01/01/2000,CLT,NC,ASO,ES,Towers with Radar,559,165,32,2,758,0,0,3,0,3,559,165,35,2,761,0,0,0,761
01/02/2000,CLT,NC,ASO,ES,Towers with Radar,656,291,85,11,1043,0,0,10,0,10,656,291,95,11,1053,0,0,0,1053
01/03/2000,CLT,NC,ASO,ES,Towers with Radar,685,357,83,3,1128,0,0,18,0,18,685,357,101,3,1146,0,0,0,1146
01/04/2000,CLT,NC,ASO,ES,Towers with Radar,712,404,101,12,1229,0,0,7,0,7,712,404,108,12,1236,0,0,0,1236
01/05/2000,CLT,NC,ASO,ES,Towers with Radar,715,410,113,15,1253,0,0,48,0,48,715,410,161,15,1301,0,0,0,1301
01/06/2000,CLT,NC,ASO,ES,Towers with Radar,720,412,155,6,1293,0,4,42,0,46,720,416,197,6,1339,0,0,0,1339
01/07/2000,CLT,NC,ASO,ES,Towers with Radar,708,422,128,3,1261,0,1,40,0,41,708,423,168,3,1302,0,0,0,1302
01/08/2000,CLT,NC,ASO,ES,Towers with Radar,667,261,58,5,991,0,0,25,0,25,667,261,83,5,1016,0,0,0,1016
01/09/2000,CLT,NC,ASO,ES,Towers with Radar,674,290,77,5,1046,0,0,1,0,1,674,290,78,5,1047,0,0,0,1047
01/10/2000,CLT,NC,ASO,ES,Towers with Radar,677,345,112,9,1143,1,3,15,0,19,678,348,127,9,1162,0,0,0,1162
01/11/2000,CLT,NC,ASO,ES,Towers with Radar,733,415,134,15,1297,0,3,46,1,50,733,418,180,16,1347,0,0,0,1347
01/12/2000,CLT,NC,ASO,ES,Towers with Radar,738,410,157,12,1317,0,4,38,0,42,738,414,195,12,1359,0,0,0,1359
01/13/2000,CLT,NC,ASO,ES,Towers with Radar,711,405,168,11,1295,0,3,27,0,30,711,408,195,11,1325,0,0,0,1325
01/14/2000,CLT,NC,ASO,ES,Towers with Radar,714,412,132,9,1267,0,3,51,1,55,714,415,183,10,1322,0,0,0,1322
01/15/2000,CLT,NC,ASO,ES,Towers with Radar,683,253,69,4,1009,0,0,21,0,21,683,253,90,4,1030,0,0,0,1030
01/16/2000,CLT,NC,ASO,ES,Towers with Radar,683,284,59,0,1026,0,0,24,0,24,683,284,83,0,1050,0,0,0,1050
01/17/2000,CLT,NC,ASO,ES,Towers with Radar,682,337,109,4,1132,0,0,30,0,30,682,337,139,4,1162,0,0,0,1162
01/18/2000,CLT,NC,ASO,ES,Towers with Radar,701,274,97,2,1074,0,1,2,0,3,701,275,99,2,1077,0,0,0,1077
01/19/2000,CLT,NC,ASO,ES,Towers with Radar,669,361,189,10,1229,0,0,17,1,18,669,361,206,11,1247,0,0,0,1247
01/20/2000,CLT,NC,ASO,ES,Towers with Radar,679,400,141,15,1235,0,0,21,0,21,679,400,162,15,1256,0,0,0,1256
01/21/2000,CLT,NC,ASO,ES,Towers with Radar,724,401,115,12,1252,0,3,35,0,38,724,404,150,12,1290,0,0,0,1290
01/22/2000,CLT,NC,ASO,ES,Towers with Radar,545,235,63,12,855,0,1,9,1,11,545,236,72,13,866,0,0,0,866
01/23/2000,CLT,NC,ASO,ES,Towers with Radar,459,177,40,2,678,0,0,0,0,0,459,177,40,2,678,0,0,0,678
01/24/2000,CLT,NC,ASO,ES,Towers with Radar,599,226,88,4,917,0,0,2,0,2,599,226,90,4,919,0,0,0,919
01/25/2000,CLT,NC,ASO,ES,Towers with Radar,526,248,66,1,841,0,1,23,0,24,526,249,89,1,865,0,0,0,865
01/26/2000,CLT,NC,ASO,ES,Towers with Radar,619,358,143,0,1120,0,5,40,0,45,619,363,183,0,1165,0,0,0,1165
01/27/2000,CLT,NC,ASO,ES,Towers with Radar,682,390,153,14,1239,0,9,38,0,47,682,399,191,14,1286,0,0,0,1286
01/28/2000,CLT,NC,ASO,ES,Towers with Radar,692,380,129,1,1202,0,2,41,0,43,692,382,170,1,1245,0,0,0,1245
01/29/2000,CLT,NC,ASO,ES,Towers with Radar,509,152,40,1,702,0,1,4,0,5,509,153,44,1,707,0,0,0,707
01/30/2000,CLT,NC,ASO,ES,Towers with Radar,377,128,39,1,545,0,0,0,0,0,377,128,39,1,545,0,0,0,545
01/31/2000,CLT,NC,ASO,ES,Towers with Radar,641,326,116,5,1088,0,3,21,0,24,641,329,137,5,1112,0,0,0,1112
02/01/2000,CLT,NC,ASO,ES,Towers with Radar,711,413,153,12,1289,0,2,48,0,50,711,415,201,12,1339,0,0,0,1339
02/02/2000,CLT,NC,ASO,ES,Towers with Radar,710,405,141,19,1275,0,2,41,0,43,710,407,182,19,1318,0,0,0,1318
02/03/2000,CLT,NC,ASO,ES,Towers with Radar,690,406,145,13,1254,0,2,37,0,39,690,408,182,13,1293,0,0,0,1293
02/04/2000,CLT,NC,ASO,ES,Towers with Radar,703,401,121,9,1234,0,1,42,0,43,703,402,163,9,1277,0,0,0,1277
02/05/2000,CLT,NC,ASO,ES,Towers with Radar,677,275,36,13,1001,0,0,34,1,35,677,275,70,14,1036,0,0,0,1036
02/06/2000,CLT,NC,ASO,ES,Towers with Radar,674,285,73,12,1044,0,0,26,1,27,674,285,99,13,1071,0,0,0,1071
02/07/2000,CLT,NC,ASO,ES,Towers with Radar,685,333,114,8,1140,0,2,45,1,48,685,335,159,9,1188,0,0,0,1188
02/08/2000,CLT,NC,ASO,ES,Towers with Radar,719,418,110,13,1260,0,4,38,1,43,719,422,148,14,1303,0,0,0,1303
02/09/2000,CLT,NC,ASO,ES,Towers with Radar,731,414,162,17,1324,0,4,43,0,47,731,418,205,17,1371,0,0,0,1371
02/10/2000,CLT,NC,ASO,ES,Towers with Radar,742,410,144,14,1310,1,4,43,2,50,743,414,187,16,1360,0,0,0,1360
02/11/2000,CLT,NC,ASO,ES,Towers with Radar,703,409,156,3,1271,0,2,47,0,49,703,411,203,3,1320,0,0,0,1320
02/12/2000,CLT,NC,ASO,ES,Towers with Radar,670,260,41,3,974,0,2,2,0,4,670,262,43,3,978,0,0,0,978
02/13/2000,CLT,NC,ASO,ES,Towers with Radar,644,252,51,1,948,0,0,0,0,0,644,252,51,1,948,0,0,0,948
02/14/2000,CLT,NC,ASO,ES,Towers with Radar,697,352,96,7,1152,0,1,8,0,9,697,353,104,7,1161,0,0,0,1161
02/15/2000,CLT,NC,ASO,ES,Towers with Radar,719,420,169,16,1324,0,4,51,2,57,719,424,220,18,1381,0,0,0,1381
02/16/2000,CLT,NC,ASO,ES,Towers with Radar,724,414,182,14,1334,0,5,52,4,61,724,419,234,18,1395,0,0,0,1395
02/17/2000,CLT,NC,ASO,ES,Towers with Radar,746,408,155,10,1319,0,5,47,0,52,746,413,202,10,1371,0,0,0,1371
02/18/2000,CLT,NC,ASO,ES,Towers with Radar,650,358,141,7,1156,0,0,0,0,0,650,358,141,7,1156,0,0,0,1156
02/19/2000,CLT,NC,ASO,ES,Towers with Radar,702,264,66,6,1038,0,0,12,0,12,702,264,78,6,1050,0,0,0,1050
02/20/2000,CLT,NC,ASO,ES,Towers with Radar,692,291,94,10,1087,0,1,28,0,29,692,292,122,10,1116,0,0,0,1116
02/21/2000,CLT,NC,ASO,ES,Towers with Radar,693,347,114,7,1161,0,0,46,0,46,693,347,160,7,1207,0,0,0,1207
02/22/2000,CLT,NC,ASO,ES,Towers with Radar,703,368,141,19,1231,0,5,46,2,53,703,373,187,21,1284,0,0,0,1284
02/23/2000,CLT,NC,ASO,ES,Towers with Radar,732,406,142,13,1293,0,0,45,1,46,732,406,187,14,1339,0,0,0,1339
02/24/2000,CLT,NC,ASO,ES,Towers with Radar,733,397,170,16,1316,0,5,30,0,35,733,402,200,16,1351,0,0,0,1351
02/25/2000,CLT,NC,ASO,ES,Towers with Radar,709,404,143,11,1267,0,0,45,0,45,709,404,188,11,1312,0,0,0,1312
02/26/2000,CLT,NC,ASO,ES,Towers with Radar,690,265,83,8,1046,0,0,19,0,19,690,265,102,8,1065,0,0,0,1065
02/27/2000,CLT,NC,ASO,ES,Towers with Radar,679,295,68,5,1047,0,0,8,0,8,679,295,76,5,1055,0,0,0,1055
02/28/2000,CLT,NC,ASO,ES,Towers with Radar,703,358,119,6,1186,0,1,38,0,39,703,359,157,6,1225,0,0,0,1225
02/29/2000,CLT,NC,ASO,ES,Towers with Radar,682,360,147,21,1210,0,0,65,0,65,682,360,212,21,1275,0,0,0,1275
03/01/2000,CLT,NC,ASO,ES,Towers with Radar,733,406,152,14,1305,0,8,41,0,49,733,414,193,14,1354,0,0,0,1354
03/02/2000,CLT,NC,ASO,ES,Towers with Radar,723,401,158,15,1297,0,4,49,2,55,723,405,207,17,1352,0,0,0,1352
03/03/2000,CLT,NC,ASO,ES,Towers with Radar,738,408,146,12,1304,0,3,42,0,45,738,411,188,12,1349,0,0,0,1349
03/04/2000,CLT,NC,ASO,ES,Towers with Radar,685,264,44,10,1003,0,2,26,0,28,685,266,70,10,1031,0,0,0,1031
03/05/2000,CLT,NC,ASO,ES,Towers with Radar,707,295,74,20,1096,0,2,37,0,39,707,297,111,20,1135,0,0,0,1135
03/06/2000,CLT,NC,ASO,ES,Towers with Radar,714,368,83,3,1168,0,5,30,0,35,714,373,113,3,1203,0,0,0,1203
03/07/2000,CLT,NC,ASO,ES,Towers with Radar,747,418,145,12,1322,0,3,37,0,40,747,421,182,12,1362,0,0,0,1362
03/08/2000,CLT,NC,ASO,ES,Towers with Radar,746,426,152,17,1341,0,5,45,0,50,746,431,197,17,1391,0,0,0,1391
03/09/2000,CLT,NC,ASO,ES,Towers with Radar,747,422,184,16,1369,0,2,47,0,49,747,424,231,16,1418,0,0,0,1418
03/10/2000,CLT,NC,ASO,ES,Towers with Radar,753,424,170,8,1355,0,6,41,1,48,753,430,211,9,1403,0,0,0,1403
03/11/2000,CLT,NC,ASO,ES,Towers with Radar,713,279,57,3,1052,0,2,16,0,18,713,281,73,3,1070,0,0,0,1070
03/12/2000,CLT,NC,ASO,ES,Towers with Radar,722,310,127,2,1161,0,1,24,0,25,722,311,151,2,1186,0,0,0,1186
03/13/2000,CLT,NC,ASO,ES,Towers with Radar,726,373,126,1,1226,0,5,34,0,39,726,378,160,1,1265,0,0,0,1265
03/14/2000,CLT,NC,ASO,ES,Towers with Radar,764,423,152,18,1357,0,2,57,0,59,764,425,209,18,1416,0,0,0,1416
03/15/2000,CLT,NC,ASO,ES,Towers with Radar,739,420,179,8,1346,0,4,46,1,51,739,424,225,9,1397,0,0,0,1397
03/16/2000,CLT,NC,ASO,ES,Towers with Radar,737,406,195,6,1344,0,0,15,0,15,737,406,210,6,1359,0,0,0,1359
03/17/2000,CLT,NC,ASO,ES,Towers with Radar,769,434,155,12,1370,0,2,40,0,42,769,436,195,12,1412,0,0,0,1412
03/18/2000,CLT,NC,ASO,ES,Towers with Radar,733,280,58,3,1074,0,0,36,0,36,733,280,94,3,1110,0,0,0,1110
03/19/2000,CLT,NC,ASO,ES,Towers with Radar,711,301,99,5,1116,0,1,14,0,15,711,302,113,5,1131,0,0,0,1131
03/20/2000,CLT,NC,ASO,ES,Towers with Radar,728,363,118,17,1226,0,0,6,0,6,728,363,124,17,1232,0,0,0,1232
03/21/2000,CLT,NC,ASO,ES,Towers with Radar,733,420,135,14,1302,0,2,24,1,27,733,422,159,15,1329,0,0,0,1329
03/22/2000,CLT,NC,ASO,ES,Towers with Radar,756,431,187,22,1396,0,2,36,3,41,756,433,223,25,1437,0,0,0,1437
03/23/2000,CLT,NC,ASO,ES,Towers with Radar,749,415,165,26,1355,0,5,24,0,29,749,420,189,26,1384,0,0,0,1384
03/24/2000,CLT,NC,ASO,ES,Towers with Radar,762,417,144,16,1339,0,4,57,0,61,762,421,201,16,1400,0,0,0,1400
03/25/2000,CLT,NC,ASO,ES,Towers with Radar,716,285,65,9,1075,0,1,36,0,37,716,286,101,9,1112,0,0,0,1112
03/26/2000,CLT,NC,ASO,ES,Towers with Radar,641,316,109,8,1074,96,0,0,0,96,737,316,109,8,1170,0,0,0,1170
03/27/2000,CLT,NC,ASO,ES,Towers with Radar,712,354,182,4,1252,0,0,11,0,11,712,354,193,4,1263,0,0,0,1263
03/28/2000,CLT,NC,ASO,ES,Towers with Radar,705,378,194,17,1294,0,2,49,0,51,705,380,243,17,1345,0,0,0,1345
03/29/2000,CLT,NC,ASO,ES,Towers with Radar,746,428,168,7,1349,0,4,52,1,57,746,432,220,8,1406,0,0,0,1406
03/30/2000,CLT,NC,ASO,ES,Towers with Radar,747,420,142,17,1326,0,3,22,0,25,747,423,164,17,1351,0,0,0,1351
03/31/2000,CLT,NC,ASO,ES,Towers with Radar,760,441,147,6,1354,0,2,26,0,28,760,443,173,6,1382,0,0,0,1382
04/01/2000,CLT,NC,ASO,ES,Towers with Radar,727,282,75,6,1090,0,0,29,0,29,727,282,104,6,1119,0,0,0,1119
04/02/2000,CLT,NC,ASO,ES,Towers with Radar,713,269,85,2,1069,0,0,11,0,11,713,269,96,2,1080,0,0,0,1080
04/03/2000,CLT,NC,ASO,ES,Towers with Radar,792,362,153,7,1314,0,1,46,0,47,792,363,199,7,1361,0,0,0,1361
04/04/2000,CLT,NC,ASO,ES,Towers with Radar,767,422,145,10,1344,0,1,13,0,14,767,423,158,10,1358,0,0,0,1358
04/05/2000,CLT,NC,ASO,ES,Towers with Radar,779,436,180,16,1411,0,3,45,0,48,779,439,225,16,1459,0,0,0,1459
04/06/2000,CLT,NC,ASO,ES,Towers with Radar,775,418,153,23,1369,0,3,42,1,46,775,421,195,24,1415,0,0,0,1415
04/07/2000,CLT,NC,ASO,ES,Towers with Radar,759,429,155,18,1361,0,5,52,2,59,759,434,207,20,1420,0,0,0,1420
04/08/2000,CLT,NC,ASO,ES,Towers with Radar,720,244,63,17,1044,0,0,7,2,9,720,244,70,19,1053,0,0,0,1053
04/09/2000,CLT,NC,ASO,ES,Towers with Radar,722,276,123,4,1125,0,0,0,0,0,722,276,123,4,1125,0,0,0,1125
04/10/2000,CLT,NC,ASO,ES,Towers with Radar,750,368,171,14,1303,0,4,52,1,57,750,372,223,15,1360,0,0,0,1360
04/11/2000,CLT,NC,ASO,ES,Towers with Radar,701,381,164,15,1261,0,3,31,0,34,701,384,195,15,1295,0,0,0,1295
04/12/2000,CLT,NC,ASO,ES,Towers with Radar,756,420,152,13,1341,0,2,26,0,28,756,422,178,13,1369,0,0,0,1369
04/13/2000,CLT,NC,ASO,ES,Towers with Radar,767,427,171,11,1376,0,2,10,1,13,767,429,181,12,1389,0,0,0,1389
04/14/2000,CLT,NC,ASO,ES,Towers with Radar,760,422,155,13,1350,0,0,0,0,0,760,422,155,13,1350,0,0,0,1350
04/15/2000,CLT,NC,ASO,ES,Towers with Radar,734,254,85,9,1082,0,0,0,0,0,734,254,85,9,1082,0,0,0,1082
04/16/2000,CLT,NC,ASO,ES,Towers with Radar,726,268,91,10,1095,0,1,24,0,25,726,269,115,10,1120,0,0,0,1120
04/17/2000,CLT,NC,ASO,ES,Towers with Radar,709,327,133,6,1175,0,2,26,0,28,709,329,159,6,1203,0,0,0,1203
04/18/2000,CLT,NC,ASO,ES,Towers with Radar,771,414,154,32,1371,0,1,20,0,21,771,415,174,32,1392,0,0,0,1392
04/19/2000,CLT,NC,ASO,ES,Towers with Radar,764,411,166,17,1358,0,1,57,2,60,764,412,223,19,1418,0,0,0,1418
04/20/2000,CLT,NC,ASO,ES,Towers with Radar,738,379,193,21,1331,0,3,38,0,41,738,382,231,21,1372,0,0,0,1372
04/21/2000,CLT,NC,ASO,ES,Towers with Radar,731,387,106,10,1234,0,2,27,0,29,731,389,133,10,1263,0,0,0,1263
04/22/2000,CLT,NC,ASO,ES,Towers with Radar,726,240,51,6,1023,0,0,0,0,0,726,240,51,6,1023,0,0,0,1023
04/23/2000,CLT,NC,ASO,ES,Towers with Radar,729,265,57,6,1057,0,0,22,0,22,729,265,79,6,1079,0,0,0,1079
04/24/2000,CLT,NC,ASO,ES,Towers with Radar,715,358,140,6,1219,0,0,8,0,8,715,358,148,6,1227,0,0,0,1227
04/25/2000,CLT,NC,ASO,ES,Towers with Radar,781,426,178,21,1406,0,0,1,0,1,781,426,179,21,1407,0,0,0,1407
04/26/2000,CLT,NC,ASO,ES,Towers with Radar,761,402,147,15,1325,0,2,35,0,37,761,404,182,15,1362,0,0,0,1362
04/27/2000,CLT,NC,ASO,ES,Towers with Radar,768,399,164,13,1344,0,2,29,1,32,768,401,193,14,1376,0,0,0,1376
04/28/2000,CLT,NC,ASO,ES,Towers with Radar,760,410,142,8,1320,0,1,9,0,10,760,411,151,8,1330,0,0,0,1330
04/29/2000,CLT,NC,ASO,ES,Towers with Radar,783,267,81,2,1133,0,1,12,0,13,783,268,93,2,1146,0,0,0,1146
04/30/2000,CLT,NC,ASO,ES,Towers with Radar,735,263,76,6,1080,0,0,27,1,28,735,263,103,7,1108,0,0,0,1108
05/01/2000,CLT,NC,ASO,ES,Towers with Radar,746,352,111,6,1215,0,7,34,0,41,746,359,145,6,1256,0,0,0,1256
05/02/2000,CLT,NC,ASO,ES,Towers with Radar,764,410,168,6,1348,0,6,39,0,45,764,416,207,6,1393,0,0,0,1393
05/03/2000,CLT,NC,ASO,ES,Towers with Radar,786,422,175,8,1391,0,1,17,0,18,786,423,192,8,1409,0,0,0,1409
05/04/2000,CLT,NC,ASO,ES,Towers with Radar,779,433,232,8,1452,0,4,36,0,40,779,437,268,8,1492,0,0,0,1492
05/05/2000,CLT,NC,ASO,ES,Towers with Radar,763,416,138,16,1333,0,5,51,1,57,763,421,189,17,1390,0,0,0,1390
05/06/2000,CLT,NC,ASO,ES,Towers with Radar,741,236,51,14,1042,0,1,30,0,31,741,237,81,14,1073,0,0,0,1073
05/07/2000,CLT,NC,ASO,ES,Towers with Radar,750,271,104,11,1136,0,0,22,6,28,750,271,126,17,1164,0,0,0,1164
05/08/2000,CLT,NC,ASO,ES,Towers with Radar,755,352,111,9,1227,0,5,39,1,45,755,357,150,10,1272,0,0,0,1272
05/09/2000,CLT,NC,ASO,ES,Towers with Radar,769,416,148,13,1346,0,4,41,0,45,769,420,189,13,1391,0,0,0,1391
05/10/2000,CLT,NC,ASO,ES,Towers with Radar,721,413,171,19,1324,0,5,36,4,45,721,418,207,23,1369,0,0,0,1369
05/11/2000,CLT,NC,ASO,ES,Towers with Radar,777,416,173,12,1378,0,8,39,4,51,777,424,212,16,1429,0,0,0,1429
05/12/2000,CLT,NC,ASO,ES,Towers with Radar,771,427,126,8,1332,0,7,45,0,52,771,434,171,8,1384,0,0,0,1384
05/13/2000,CLT,NC,ASO,ES,Towers with Radar,749,239,59,5,1052,0,0,17,0,17,749,239,76,5,1069,0,0,0,1069
05/14/2000,CLT,NC,ASO,ES,Towers with Radar,749,275,98,1,1123,0,0,18,0,18,749,275,116,1,1141,0,0,0,1141
05/15/2000,CLT,NC,ASO,ES,Towers with Radar,742,347,142,4,1235,0,5,39,0,44,742,352,181,4,1279,0,0,0,1279
05/16/2000,CLT,NC,ASO,ES,Towers with Radar,775,413,137,16,1341,0,11,38,0,49,775,424,175,16,1390,0,0,0,1390
05/17/2000,CLT,NC,ASO,ES,Towers with Radar,777,420,183,13,1393,0,5,38,0,43,777,425,221,13,1436,0,0,0,1436
05/18/2000,CLT,NC,ASO,ES,Towers with Radar,751,419,164,12,1346,0,5,47,0,52,751,424,211,12,1398,0,0,0,1398
05/19/2000,CLT,NC,ASO,ES,Towers with Radar,761,399,142,7,1309,0,10,52,0,62,761,409,194,7,1371,0,0,0,1371
05/20/2000,CLT,NC,ASO,ES,Towers with Radar,788,255,70,3,1116,0,1,30,2,33,788,256,100,5,1149,0,0,0,1149
05/21/2000,CLT,NC,ASO,ES,Towers with Radar,742,259,79,4,1084,0,3,25,0,28,742,262,104,4,1112,0,0,0,1112
05/22/2000,CLT,NC,ASO,ES,Towers with Radar,763,365,159,8,1295,0,3,19,0,22,763,368,178,8,1317,0,0,0,1317
05/23/2000,CLT,NC,ASO,ES,Towers with Radar,787,415,174,20,1396,0,6,33,0,39,787,421,207,20,1435,0,0,0,1435
05/24/2000,CLT,NC,ASO,ES,Towers with Radar,745,405,153,10,1313,0,7,28,1,36,745,412,181,11,1349,0,0,0,1349
05/25/2000,CLT,NC,ASO,ES,Towers with Radar,781,407,154,12,1354,0,5,34,0,39,781,412,188,12,1393,0,0,0,1393
05/26/2000,CLT,NC,ASO,ES,Towers with Radar,806,425,163,6,1400,0,7,44,0,51,806,432,207,6,1451,0,0,0,1451
05/27/2000,CLT,NC,ASO,ES,Towers with Radar,749,242,58,10,1059,0,3,36,0,39,749,245,94,10,1098,0,0,0,1098
05/28/2000,CLT,NC,ASO,ES,Towers with Radar,740,229,59,5,1033,0,1,40,0,41,740,230,99,5,1074,0,0,0,1074
05/29/2000,CLT,NC,ASO,ES,Towers with Radar,772,291,86,8,1157,0,2,29,0,31,772,293,115,8,1188,0,0,0,1188
05/30/2000,CLT,NC,ASO,ES,Towers with Radar,773,371,128,19,1291,0,5,41,0,46,773,376,169,19,1337,0,0,0,1337
05/31/2000,CLT,NC,ASO,ES,Towers with Radar,803,402,171,15,1391,0,4,49,0,53,803,406,220,15,1444,0,0,0,1444
06/01/2000,CLT,NC,ASO,ES,Towers with Radar,799,403,143,11,1356,0,13,24,1,38,799,416,167,12,1394,0,0,0,1394
06/02/2000,CLT,NC,ASO,ES,Towers with Radar,745,403,142,7,1297,0,0,33,0,33,745,403,175,7,1330,0,0,0,1330
06/03/2000,CLT,NC,ASO,ES,Towers with Radar,783,252,74,9,1118,0,0,0,0,0,783,252,74,9,1118,0,0,0,1118
06/04/2000,CLT,NC,ASO,ES,Towers with Radar,761,273,67,10,1111,0,0,0,7,7,761,273,67,17,1118,0,0,0,1118
06/05/2000,CLT,NC,ASO,ES,Towers with Radar,751,355,125,7,1238,5,3,24,0,32,756,358,149,7,1270,0,0,0,1270
06/06/2000,CLT,NC,ASO,ES,Towers with Radar,636,301,106,8,1051,134,123,63,2,322,770,424,169,10,1373,0,0,0,1373
06/07/2000,CLT,NC,ASO,ES,Towers with Radar,639,302,106,8,1055,155,123,103,1,382,794,425,209,9,1437,0,0,0,1437
06/08/2000,CLT,NC,ASO,ES,Towers with Radar,801,381,134,10,1326,0,37,87,3,127,801,418,221,13,1453,0,0,0,1453
06/09/2000,CLT,NC,ASO,ES,Towers with Radar,793,404,142,11,1350,0,19,22,0,41,793,423,164,11,1391,0,0,0,1391
06/10/2000,CLT,NC,ASO,ES,Towers with Radar,776,251,110,4,1141,0,0,0,0,0,776,251,110,4,1141,0,0,0,1141
06/11/2000,CLT,NC,ASO,ES,Towers with Radar,745,267,110,5,1127,0,0,0,0,0,745,267,110,5,1127,0,0,0,1127
06/12/2000,CLT,NC,ASO,ES,Towers with Radar,742,351,129,3,1225,0,0,6,0,6,742,351,135,3,1231,0,0,0,1231
06/13/2000,CLT,NC,ASO,ES,Towers with Radar,642,304,107,8,1061,121,110,81,9,321,763,414,188,17,1382,0,0,0,1382
06/14/2000,CLT,NC,ASO,ES,Towers with Radar,602,283,100,8,993,110,131,54,3,298,712,414,154,11,1291,0,0,0,1291
06/15/2000,CLT,NC,ASO,ES,Towers with Radar,714,391,138,5,1248,0,1,72,0,73,714,392,210,5,1321,0,0,0,1321
06/16/2000,CLT,NC,ASO,ES,Towers with Radar,782,382,135,5,1304,0,44,38,0,82,782,426,173,5,1386,0,0,0,1386
06/17/2000,CLT,NC,ASO,ES,Towers with Radar,747,241,66,3,1057,0,0,0,0,0,747,241,66,3,1057,0,0,0,1057
06/18/2000,CLT,NC,ASO,ES,Towers with Radar,743,251,80,3,1077,0,0,0,0,0,743,251,80,3,1077,0,0,0,1077
06/19/2000,CLT,NC,ASO,ES,Towers with Radar,719,338,120,8,1185,35,17,16,1,69,754,355,136,9,1254,0,0,0,1254
06/20/2000,CLT,NC,ASO,ES,Towers with Radar,648,305,108,7,1068,138,117,88,14,357,786,422,196,21,1425,0,0,0,1425
06/21/2000,CLT,NC,ASO,ES,Towers with Radar,628,296,105,7,1036,164,115,62,4,345,792,411,167,11,1381,0,0,0,1381
06/22/2000,CLT,NC,ASO,ES,Towers with Radar,800,381,135,9,1325,0,44,47,12,103,800,425,182,21,1428,0,0,0,1428
06/23/2000,CLT,NC,ASO,ES,Towers with Radar,789,407,144,10,1350,0,2,29,0,31,789,409,173,10,1381,0,0,0,1381
06/24/2000,CLT,NC,ASO,ES,Towers with Radar,785,249,118,7,1159,0,0,0,0,0,785,249,118,7,1159,0,0,0,1159
06/25/2000,CLT,NC,ASO,ES,Towers with Radar,726,252,105,5,1088,0,0,0,0,0,726,252,105,5,1088,0,0,0,1088
06/26/2000,CLT,NC,ASO,ES,Towers with Radar,756,342,126,6,1230,15,0,29,0,44,771,342,155,6,1274,0,0,0,1274
06/27/2000,CLT,NC,ASO,ES,Towers with Radar,712,335,119,8,1174,55,92,63,2,212,767,427,182,10,1386,0,0,0,1386
06/28/2000,CLT,NC,ASO,ES,Towers with Radar,632,297,106,7,1042,130,117,82,7,336,762,414,188,14,1378,0,0,0,1378
06/29/2000,CLT,NC,ASO,ES,Towers with Radar,775,365,130,9,1279,22,57,45,7,131,797,422,175,16,1410,0,0,0,1410
06/30/2000,CLT,NC,ASO,ES,Towers with Radar,822,399,142,3,1366,0,36,61,0,97,822,435,203,3,1463,0,0,0,1463
07/01/2000,CLT,NC,ASO,ES,Towers with Radar,793,245,55,1,1094,4,0,14,0,18,797,245,69,1,1112,0,0,0,1112
07/02/2000,CLT,NC,ASO,ES,Towers with Radar,747,248,43,5,1043,4,0,11,0,15,751,248,54,5,1058,0,0,0,1058
07/03/2000,CLT,NC,ASO,ES,Towers with Radar,742,224,41,1,1008,4,2,31,0,37,746,226,72,1,1045,0,0,0,1045
07/04/2000,CLT,NC,ASO,ES,Towers with Radar,765,318,30,4,1117,4,0,11,1,16,769,318,41,5,1133,0,0,0,1133
07/05/2000,CLT,NC,ASO,ES,Towers with Radar,773,351,102,15,1241,4,2,19,0,25,777,353,121,15,1266,0,0,0,1266
07/06/2000,CLT,NC,ASO,ES,Towers with Radar,796,421,129,23,1369,4,4,15,0,23,800,425,144,23,1392,0,0,0,1392
07/07/2000,CLT,NC,ASO,ES,Towers with Radar,745,376,121,6,1248,3,0,12,0,15,748,376,133,6,1263,0,0,0,1263
07/08/2000,CLT,NC,ASO,ES,Towers with Radar,776,249,81,6,1112,3,0,23,0,26,779,249,104,6,1138,0,0,0,1138
07/09/2000,CLT,NC,ASO,ES,Towers with Radar,762,273,54,6,1095,3,0,11,0,14,765,273,65,6,1109,0,0,0,1109
07/10/2000,CLT,NC,ASO,ES,Towers with Radar,754,356,113,7,1230,3,4,18,0,25,757,360,131,7,1255,0,0,0,1255
07/11/2000,CLT,NC,ASO,ES,Towers with Radar,776,403,119,12,1310,3,4,14,0,21,779,407,133,12,1331,0,0,0,1331
07/12/2000,CLT,NC,ASO,ES,Towers with Radar,807,426,156,10,1399,3,0,0,0,3,810,426,156,10,1402,0,0,0,1402
07/13/2000,CLT,NC,ASO,ES,Towers with Radar,823,450,173,9,1455,3,0,0,0,3,826,450,173,9,1458,0,0,0,1458
07/14/2000,CLT,NC,ASO,ES,Towers with Radar,745,404,169,5,1323,3,0,14,0,17,748,404,183,5,1340,0,0,0,1340
07/15/2000,CLT,NC,ASO,ES,Towers with Radar,799,248,61,2,1110,3,0,12,0,15,802,248,73,2,1125,0,0,0,1125
07/16/2000,CLT,NC,ASO,ES,Towers with Radar,720,261,89,3,1073,3,0,18,1,22,723,261,107,4,1095,0,0,0,1095
07/17/2000,CLT,NC,ASO,ES,Towers with Radar,787,371,117,7,1282,3,2,27,0,32,790,373,144,7,1314,0,0,0,1314
07/18/2000,CLT,NC,ASO,ES,Towers with Radar,797,415,142,18,1372,3,4,32,0,39,800,419,174,18,1411,0,0,0,1411
07/19/2000,CLT,NC,ASO,ES,Towers with Radar,777,422,138,14,1351,3,4,20,0,27,780,426,158,14,1378,0,0,0,1378
07/20/2000,CLT,NC,ASO,ES,Towers with Radar,797,415,143,22,1377,3,4,27,0,34,800,419,170,22,1411,0,0,0,1411
07/21/2000,CLT,NC,ASO,ES,Towers with Radar,811,415,150,1,1377,3,0,7,0,10,814,415,157,1,1387,0,0,0,1387
07/22/2000,CLT,NC,ASO,ES,Towers with Radar,776,252,70,3,1101,3,0,17,0,20,779,252,87,3,1121,0,0,0,1121
07/23/2000,CLT,NC,ASO,ES,Towers with Radar,744,269,71,5,1089,3,0,10,0,13,747,269,81,5,1102,0,0,0,1102
07/24/2000,CLT,NC,ASO,ES,Towers with Radar,785,366,127,11,1289,3,0,6,0,9,788,366,133,11,1298,0,0,0,1298
07/25/2000,CLT,NC,ASO,ES,Towers with Radar,793,415,129,16,1353,3,0,0,0,3,796,415,129,16,1356,0,0,0,1356
07/26/2000,CLT,NC,ASO,ES,Towers with Radar,778,428,148,8,1362,3,0,0,0,3,781,428,148,8,1365,0,0,0,1365
07/27/2000,CLT,NC,ASO,ES,Towers with Radar,808,404,125,9,1346,0,22,55,3,80,808,426,180,12,1426,0,0,0,1426
07/28/2000,CLT,NC,ASO,ES,Towers with Radar,748,401,115,7,1271,3,2,13,0,18,751,403,128,7,1289,0,0,0,1289
07/29/2000,CLT,NC,ASO,ES,Towers with Radar,777,252,60,2,1091,3,0,8,0,11,780,252,68,2,1102,0,0,0,1102
07/30/2000,CLT,NC,ASO,ES,Towers with Radar,726,268,89,3,1086,3,0,8,0,11,729,268,97,3,1097,0,0,0,1097
07/31/2000,CLT,NC,ASO,ES,Towers with Radar,759,363,117,12,1251,3,3,11,0,17,762,366,128,12,1268,0,0,0,1268
08/01/2000,CLT,NC,ASO,ES,Towers with Radar,760,393,132,4,1289,0,2,10,0,12,760,395,142,4,1301,0,0,0,1301
08/02/2000,CLT,NC,ASO,ES,Towers with Radar,807,431,143,10,1391,0,2,6,0,8,807,433,149,10,1399,0,0,0,1399
08/03/2000,CLT,NC,ASO,ES,Towers with Radar,784,416,141,7,1348,0,1,6,0,7,784,417,147,7,1355,0,0,0,1355
08/04/2000,CLT,NC,ASO,ES,Towers with Radar,787,428,143,22,1380,0,0,8,0,8,787,428,151,22,1388,0,0,0,1388
08/05/2000,CLT,NC,ASO,ES,Towers with Radar,804,253,96,8,1161,0,0,12,0,12,804,253,108,8,1173,0,0,0,1173
08/06/2000,CLT,NC,ASO,ES,Towers with Radar,736,267,60,5,1068,0,0,19,1,20,736,267,79,6,1088,0,0,0,1088
08/07/2000,CLT,NC,ASO,ES,Towers with Radar,773,352,96,4,1225,0,3,17,0,20,773,355,113,4,1245,0,0,0,1245
08/08/2000,CLT,NC,ASO,ES,Towers with Radar,768,389,132,21,1310,0,2,33,5,40,768,391,165,26,1350,0,0,0,1350
08/09/2000,CLT,NC,ASO,ES,Towers with Radar,816,433,154,19,1422,0,4,27,0,31,816,437,181,19,1453,0,0,0,1453
08/10/2000,CLT,NC,ASO,ES,Towers with Radar,825,412,149,14,1400,0,1,21,1,23,825,413,170,15,1423,0,0,0,1423
08/11/2000,CLT,NC,ASO,ES,Towers with Radar,712,339,125,7,1183,0,3,27,0,30,712,342,152,7,1213,0,0,0,1213
08/12/2000,CLT,NC,ASO,ES,Towers with Radar,777,232,59,7,1075,0,0,20,2,22,777,232,79,9,1097,0,0,0,1097
08/13/2000,CLT,NC,ASO,ES,Towers with Radar,768,262,71,0,1101,0,0,21,0,21,768,262,92,0,1122,0,0,0,1122
08/14/2000,CLT,NC,ASO,ES,Towers with Radar,772,352,135,7,1266,0,4,32,0,36,772,356,167,7,1302,0,0,0,1302
08/15/2000,CLT,NC,ASO,ES,Towers with Radar,807,421,145,8,1381,0,5,52,0,57,807,426,197,8,1438,0,0,0,1438
08/16/2000,CLT,NC,ASO,ES,Towers with Radar,809,415,157,16,1397,0,4,53,2,59,809,419,210,18,1456,0,0,0,1456
08/17/2000,CLT,NC,ASO,ES,Towers with Radar,785,416,162,8,1371,0,4,43,2,49,785,420,205,10,1420,0,0,0,1420
08/18/2000,CLT,NC,ASO,ES,Towers with Radar,798,401,153,4,1356,0,3,17,0,20,798,404,170,4,1376,0,0,0,1376
08/19/2000,CLT,NC,ASO,ES,Towers with Radar,797,257,60,6,1120,0,1,20,0,21,797,258,80,6,1141,0,0,0,1141
08/20/2000,CLT,NC,ASO,ES,Towers with Radar,766,262,64,3,1095,0,0,27,0,27,766,262,91,3,1122,0,0,0,1122
08/21/2000,CLT,NC,ASO,ES,Towers with Radar,778,350,110,6,1244,0,4,23,0,27,778,354,133,6,1271,0,0,0,1271
08/22/2000,CLT,NC,ASO,ES,Towers with Radar,814,421,152,13,1400,0,6,36,0,42,814,427,188,13,1442,0,0,0,1442
08/23/2000,CLT,NC,ASO,ES,Towers with Radar,794,409,152,7,1362,0,2,46,0,48,794,411,198,7,1410,0,0,0,1410
08/24/2000,CLT,NC,ASO,ES,Towers with Radar,796,397,159,7,1359,0,1,25,0,26,796,398,184,7,1385,0,0,0,1385
08/25/2000,CLT,NC,ASO,ES,Towers with Radar,831,426,147,7,1411,0,5,45,0,50,831,431,192,7,1461,0,0,0,1461
08/26/2000,CLT,NC,ASO,ES,Towers with Radar,772,248,74,5,1099,0,0,16,0,16,772,248,90,5,1115,0,0,0,1115
08/27/2000,CLT,NC,ASO,ES,Towers with Radar,738,263,50,4,1055,0,0,0,0,0,738,263,50,4,1055,0,0,0,1055
08/28/2000,CLT,NC,ASO,ES,Towers with Radar,783,357,111,4,1255,0,0,0,0,0,783,357,111,4,1255,0,0,0,1255
08/29/2000,CLT,NC,ASO,ES,Towers with Radar,807,416,154,18,1395,0,0,0,0,0,807,416,154,18,1395,0,0,0,1395
08/30/2000,CLT,NC,ASO,ES,Towers with Radar,798,415,168,14,1395,0,1,10,0,11,798,416,178,14,1406,0,0,0,1406
08/31/2000,CLT,NC,ASO,ES,Towers with Radar,807,417,175,7,1406,0,1,16,0,17,807,418,191,7,1423,0,0,0,1423
09/01/2000,CLT,NC,ASO,ES,Towers with Radar,798,416,134,7,1355,0,1,17,0,18,798,417,151,7,1373,0,0,0,1373
09/02/2000,CLT,NC,ASO,ES,Towers with Radar,771,240,47,5,1063,0,0,1,0,1,771,240,48,5,1064,0,0,0,1064
09/03/2000,CLT,NC,ASO,ES,Towers with Radar,723,174,44,3,944,0,0,4,0,4,723,174,48,3,948,0,0,0,948
09/04/2000,CLT,NC,ASO,ES,Towers with Radar,761,267,55,4,1087,0,0,9,0,9,761,267,64,4,1096,0,0,0,1096
09/05/2000,CLT,NC,ASO,ES,Towers with Radar,796,369,118,13,1296,0,5,13,0,18,796,374,131,13,1314,0,0,0,1314
09/06/2000,CLT,NC,ASO,ES,Towers with Radar,803,428,141,10,1382,0,0,11,0,11,803,428,152,10,1393,0,0,0,1393
09/07/2000,CLT,NC,ASO,ES,Towers with Radar,803,412,140,12,1367,0,3,15,0,18,803,415,155,12,1385,0,0,0,1385
09/08/2000,CLT,NC,ASO,ES,Towers with Radar,809,411,152,14,1386,0,0,0,0,0,809,411,152,14,1386,0,0,0,1386
09/09/2000,CLT,NC,ASO,ES,Towers with Radar,773,231,44,7,1055,0,0,0,0,0,773,231,44,7,1055,0,0,0,1055
09/10/2000,CLT,NC,ASO,ES,Towers with Radar,733,268,85,10,1096,0,0,0,0,0,733,268,85,10,1096,0,0,0,1096
09/11/2000,CLT,NC,ASO,ES,Towers with Radar,784,357,104,0,1245,0,0,0,0,0,784,357,104,0,1245,0,0,0,1245
09/12/2000,CLT,NC,ASO,ES,Towers with Radar,784,0,0,0,784,0,0,0,0,0,784,0,0,0,784,0,0,0,784
09/13/2000,CLT,NC,ASO,ES,Towers with Radar,828,406,146,11,1391,0,1,37,0,38,828,407,183,11,1429,0,0,0,1429
09/14/2000,CLT,NC,ASO,ES,Towers with Radar,812,413,147,17,1389,0,4,21,0,25,812,417,168,17,1414,0,0,0,1414
09/15/2000,CLT,NC,ASO,ES,Towers with Radar,825,405,160,5,1395,0,0,0,0,0,825,405,160,5,1395,0,0,0,1395
09/16/2000,CLT,NC,ASO,ES,Towers with Radar,772,240,56,2,1070,0,1,28,0,29,772,241,84,2,1099,0,0,0,1099
09/17/2000,CLT,NC,ASO,ES,Towers with Radar,749,251,85,3,1088,0,0,23,2,25,749,251,108,5,1113,0,0,0,1113
09/18/2000,CLT,NC,ASO,ES,Towers with Radar,765,349,122,3,1239,0,0,5,0,5,765,349,127,3,1244,0,0,0,1244
09/19/2000,CLT,NC,ASO,ES,Towers with Radar,783,411,120,12,1326,0,4,34,0,38,783,415,154,12,1364,0,0,0,1364
09/20/2000,CLT,NC,ASO,ES,Towers with Radar,816,398,140,13,1367,0,5,50,1,56,816,403,190,14,1423,0,0,0,1423
09/21/2000,CLT,NC,ASO,ES,Towers with Radar,811,421,163,17,1412,0,4,16,0,20,811,425,179,17,1432,0,0,0,1432
09/22/2000,CLT,NC,ASO,ES,Towers with Radar,793,387,140,7,1327,0,0,0,0,0,793,387,140,7,1327,0,0,0,1327
09/23/2000,CLT,NC,ASO,ES,Towers with Radar,767,243,54,3,1067,0,0,0,0,0,767,243,54,3,1067,0,0,0,1067
09/24/2000,CLT,NC,ASO,ES,Towers with Radar,767,254,71,4,1096,0,0,0,0,0,767,254,71,4,1096,0,0,0,1096
09/25/2000,CLT,NC,ASO,ES,Towers with Radar,765,318,115,9,1207,0,0,15,0,15,765,318,130,9,1222,0,0,0,1222
09/26/2000,CLT,NC,ASO,ES,Towers with Radar,810,405,149,19,1383,0,1,22,0,23,810,406,171,19,1406,0,0,0,1406
09/27/2000,CLT,NC,ASO,ES,Towers with Radar,804,413,143,10,1370,0,7,48,0,55,804,420,191,10,1425,0,0,0,1425
09/28/2000,CLT,NC,ASO,ES,Towers with Radar,822,404,146,12,1384,0,6,66,0,72,822,410,212,12,1456,0,0,0,1456
09/29/2000,CLT,NC,ASO,ES,Towers with Radar,811,412,157,9,1389,0,0,0,0,0,811,412,157,9,1389,0,0,0,1389
09/30/2000,CLT,NC,ASO,ES,Towers with Radar,767,239,70,3,1079,0,2,25,2,29,767,241,95,5,1108,0,0,0,1108
10/01/2000,CLT,NC,ASO,ES,Towers with Radar,753,268,95,1,1117,0,3,38,0,41,753,271,133,1,1158,0,0,0,1158
10/02/2000,CLT,NC,ASO,ES,Towers with Radar,785,361,117,9,1272,0,9,35,2,46,785,370,152,11,1318,0,0,0,1318
10/03/2000,CLT,NC,ASO,ES,Towers with Radar,810,400,129,14,1353,0,7,46,0,53,810,407,175,14,1406,0,0,0,1406
10/04/2000,CLT,NC,ASO,ES,Towers with Radar,809,403,149,11,1372,0,5,46,0,51,809,408,195,11,1423,0,0,0,1423
10/05/2000,CLT,NC,ASO,ES,Towers with Radar,808,399,152,13,1372,0,6,48,1,55,808,405,200,14,1427,0,0,0,1427
10/06/2000,CLT,NC,ASO,ES,Towers with Radar,742,363,131,5,1241,0,2,0,0,2,742,365,131,5,1243,0,0,0,1243
10/07/2000,CLT,NC,ASO,ES,Towers with Radar,684,243,86,8,1021,105,0,0,3,108,789,243,86,11,1129,0,0,0,1129
10/08/2000,CLT,NC,ASO,ES,Towers with Radar,756,264,86,8,1114,0,2,0,0,2,756,266,86,8,1116,0,0,0,1116
10/09/2000,CLT,NC,ASO,ES,Towers with Radar,768,346,113,7,1234,0,4,27,1,32,768,350,140,8,1266,0,0,0,1266
10/10/2000,CLT,NC,ASO,ES,Towers with Radar,804,354,126,10,1294,0,0,23,3,26,804,354,149,13,1320,0,0,0,1320
10/11/2000,CLT,NC,ASO,ES,Towers with Radar,805,413,130,17,1365,0,5,50,0,55,805,418,180,17,1420,0,0,0,1420
10/12/2000,CLT,NC,ASO,ES,Towers with Radar,810,418,146,19,1393,0,3,58,3,64,810,421,204,22,1457,0,0,0,1457
10/13/2000,CLT,NC,ASO,ES,Towers with Radar,820,406,123,7,1356,0,5,52,0,57,820,411,175,7,1413,0,0,0,1413
10/14/2000,CLT,NC,ASO,ES,Towers with Radar,765,232,63,5,1065,0,2,43,4,49,765,234,106,9,1114,0,0,0,1114
10/15/2000,CLT,NC,ASO,ES,Towers with Radar,769,255,100,4,1128,0,4,36,0,40,769,259,136,4,1168,0,0,0,1168
10/16/2000,CLT,NC,ASO,ES,Towers with Radar,774,354,110,13,1251,0,9,41,1,51,774,363,151,14,1302,0,0,0,1302
10/17/2000,CLT,NC,ASO,ES,Towers with Radar,817,421,143,12,1393,0,4,25,0,29,817,425,168,12,1422,0,0,0,1422
10/18/2000,CLT,NC,ASO,ES,Towers with Radar,814,406,161,12,1393,0,6,27,0,33,814,412,188,12,1426,0,0,0,1426
10/19/2000,CLT,NC,ASO,ES,Towers with Radar,818,416,151,6,1391,0,7,45,0,52,818,423,196,6,1443,0,0,0,1443
10/20/2000,CLT,NC,ASO,ES,Towers with Radar,824,416,173,6,1419,0,2,0,0,2,824,418,173,6,1421,0,0,0,1421
10/21/2000,CLT,NC,ASO,ES,Towers with Radar,776,239,79,6,1100,0,2,0,0,2,776,241,79,6,1102,0,0,0,1102
10/22/2000,CLT,NC,ASO,ES,Towers with Radar,682,321,127,10,1140,0,2,19,0,21,682,323,146,10,1161,0,0,0,1161
10/23/2000,CLT,NC,ASO,ES,Towers with Radar,789,358,119,10,1276,0,7,35,0,42,789,365,154,10,1318,0,0,0,1318
10/24/2000,CLT,NC,ASO,ES,Towers with Radar,823,414,138,13,1388,0,4,31,0,35,823,418,169,13,1423,0,0,0,1423
10/25/2000,CLT,NC,ASO,ES,Towers with Radar,806,410,166,15,1397,0,6,35,0,41,806,416,201,15,1438,0,0,0,1438
10/26/2000,CLT,NC,ASO,ES,Towers with Radar,815,421,161,16,1413,0,10,45,0,55,815,431,206,16,1468,0,0,0,1468
10/27/2000,CLT,NC,ASO,ES,Towers with Radar,824,390,136,11,1361,0,31,58,0,89,824,421,194,11,1450,0,0,0,1450
10/28/2000,CLT,NC,ASO,ES,Towers with Radar,766,233,72,7,1078,0,1,32,0,33,766,234,104,7,1111,0,0,0,1111
10/29/2000,CLT,NC,ASO,ES,Towers with Radar,767,255,50,10,1082,0,1,21,0,22,767,256,71,10,1104,0,0,0,1104
10/30/2000,CLT,NC,ASO,ES,Towers with Radar,786,352,106,10,1254,0,5,41,0,46,786,357,147,10,1300,0,0,0,1300
10/31/2000,CLT,NC,ASO,ES,Towers with Radar,796,399,123,14,1332,0,4,46,0,50,796,403,169,14,1382,0,0,0,1382
11/01/2000,CLT,NC,ASO,ES,Towers with Radar,808,410,125,13,1356,4,4,59,0,67,812,414,184,13,1423,0,0,0,1423
11/02/2000,CLT,NC,ASO,ES,Towers with Radar,802,421,156,7,1386,4,4,46,0,54,806,425,202,7,1440,0,0,0,1440
11/03/2000,CLT,NC,ASO,ES,Towers with Radar,809,412,163,0,1384,4,1,25,0,30,813,413,188,0,1414,0,0,0,1414
11/04/2000,CLT,NC,ASO,ES,Towers with Radar,647,242,76,8,973,118,0,0,3,121,765,242,76,11,1094,0,0,0,1094
11/05/2000,CLT,NC,ASO,ES,Towers with Radar,736,259,83,11,1089,4,2,37,0,43,740,261,120,11,1132,0,0,0,1132
11/06/2000,CLT,NC,ASO,ES,Towers with Radar,777,377,124,10,1288,4,5,39,0,48,781,382,163,10,1336,0,0,0,1336
11/07/2000,CLT,NC,ASO,ES,Towers with Radar,804,420,142,22,1388,3,1,1,0,5,807,421,143,22,1393,0,0,0,1393
11/08/2000,CLT,NC,ASO,ES,Towers with Radar,784,396,130,11,1321,0,26,43,4,73,784,422,173,15,1394,0,0,0,1394
11/09/2000,CLT,NC,ASO,ES,Towers with Radar,371,180,80,11,642,0,0,0,0,0,371,180,80,11,642,0,0,0,642
11/10/2000,CLT,NC,ASO,ES,Towers with Radar,811,411,158,12,1392,2,6,32,0,40,813,417,190,12,1432,0,0,0,1432
11/11/2000,CLT,NC,ASO,ES,Towers with Radar,777,232,63,3,1075,2,3,38,1,44,779,235,101,4,1119,0,0,0,1119
11/12/2000,CLT,NC,ASO,ES,Towers with Radar,702,276,94,7,1079,45,0,0,0,45,747,276,94,7,1124,0,0,0,1124
11/13/2000,CLT,NC,ASO,ES,Towers with Radar,769,360,119,10,1258,0,20,30,1,51,769,380,149,11,1309,0,0,0,1309
11/14/2000,CLT,NC,ASO,ES,Towers with Radar,803,386,127,11,1327,0,40,34,5,79,803,426,161,16,1406,0,0,0,1406
11/15/2000,CLT,NC,ASO,ES,Towers with Radar,809,397,131,11,1348,0,45,26,1,72,809,442,157,12,1420,0,0,0,1420
11/16/2000,CLT,NC,ASO,ES,Towers with Radar,786,416,137,10,1349,0,21,46,0,67,786,437,183,10,1416,0,0,0,1416
11/17/2000,CLT,NC,ASO,ES,Towers with Radar,722,356,155,2,1235,2,4,16,0,22,724,360,171,2,1257,0,0,0,1257
11/18/2000,CLT,NC,ASO,ES,Towers with Radar,779,248,76,11,1114,2,1,22,1,26,781,249,98,12,1140,0,0,0,1140
11/19/2000,CLT,NC,ASO,ES,Towers with Radar,573,248,52,1,874,148,0,0,0,148,721,248,52,1,1022,0,0,0,1022
11/20/2000,CLT,NC,ASO,ES,Towers with Radar,785,380,127,10,1302,0,0,34,5,39,785,380,161,15,1341,0,0,0,1341
11/21/2000,CLT,NC,ASO,ES,Towers with Radar,717,354,117,9,1197,0,12,60,2,74,717,366,177,11,1271,0,0,0,1271
11/22/2000,CLT,NC,ASO,ES,Towers with Radar,836,431,128,5,1400,2,1,1,0,4,838,432,129,5,1404,0,0,0,1404
11/23/2000,CLT,NC,ASO,ES,Towers with Radar,630,276,38,4,948,141,0,0,0,141,771,276,38,4,1089,0,0,0,1089
11/24/2000,CLT,NC,ASO,ES,Towers with Radar,605,194,92,1,892,117,0,8,0,125,722,194,100,1,1017,0,0,0,1017
11/25/2000,CLT,NC,ASO,ES,Towers with Radar,737,273,36,2,1048,2,1,2,0,5,739,274,38,2,1053,0,0,0,1053
11/26/2000,CLT,NC,ASO,ES,Towers with Radar,747,345,97,2,1191,0,10,0,0,10,747,355,97,2,1201,0,0,0,1201
11/27/2000,CLT,NC,ASO,ES,Towers with Radar,797,364,126,10,1297,0,0,53,2,55,797,364,179,12,1352,0,0,0,1352
11/28/2000,CLT,NC,ASO,ES,Towers with Radar,791,384,126,10,1311,0,64,69,11,144,791,448,195,21,1455,0,0,0,1455
11/29/2000,CLT,NC,ASO,ES,Towers with Radar,282,437,142,10,871,0,3,28,0,31,282,440,170,10,902,0,0,0,902
11/30/2000,CLT,NC,ASO,ES,Towers with Radar,793,399,131,10,1333,0,37,83,0,120,793,436,214,10,1453,0,0,0,1453
12/01/2000,CLT,NC,ASO,ES,Towers with Radar,794,407,98,7,1306,0,14,42,0,56,794,421,140,7,1362,0,0,0,1362
12/02/2000,CLT,NC,ASO,ES,Towers with Radar,663,257,67,6,993,96,0,0,3,99,759,257,67,9,1092,0,0,0,1092
12/03/2000,CLT,NC,ASO,ES,Towers with Radar,575,260,55,0,890,76,4,0,0,80,651,264,55,0,970,0,0,0,970
12/04/2000,CLT,NC,ASO,ES,Towers with Radar,748,364,107,7,1226,0,9,14,0,23,748,373,121,7,1249,0,0,0,1249
12/05/2000,CLT,NC,ASO,ES,Towers with Radar,789,405,99,8,1301,0,30,70,10,110,789,435,169,18,1411,0,0,0,1411
12/06/2000,CLT,NC,ASO,ES,Towers with Radar,780,420,154,11,1365,0,10,34,0,44,780,430,188,11,1409,0,0,0,1409
12/07/2000,CLT,NC,ASO,ES,Towers with Radar,805,409,100,9,1323,0,24,74,7,105,805,433,174,16,1428,0,0,0,1428
12/08/2000,CLT,NC,ASO,ES,Towers with Radar,740,360,88,6,1194,0,9,39,0,48,740,369,127,6,1242,0,0,0,1242
12/09/2000,CLT,NC,ASO,ES,Towers with Radar,657,299,52,7,1015,103,54,0,3,160,760,353,52,10,1175,0,0,0,1175
12/10/2000,CLT,NC,ASO,ES,Towers with Radar,721,276,56,5,1058,0,5,6,0,11,721,281,62,5,1069,0,0,0,1069
12/11/2000,CLT,NC,ASO,ES,Towers with Radar,736,390,126,11,1263,0,34,56,2,92,736,424,182,13,1355,0,0,0,1355
12/12/2000,CLT,NC,ASO,ES,Towers with Radar,758,441,143,10,1352,0,10,32,0,42,758,451,175,10,1394,0,0,0,1394
12/13/2000,CLT,NC,ASO,ES,Towers with Radar,745,384,94,8,1231,0,31,43,28,102,745,415,137,36,1333,0,0,0,1333
12/14/2000,CLT,NC,ASO,ES,Towers with Radar,735,366,132,10,1243,0,6,3,0,9,735,372,135,10,1252,0,0,0,1252
12/15/2000,CLT,NC,ASO,ES,Towers with Radar,825,434,106,9,1374,0,7,48,2,57,825,441,154,11,1431,0,0,0,1431
12/16/2000,CLT,NC,ASO,ES,Towers with Radar,616,212,42,2,872,151,0,0,0,151,767,212,42,2,1023,0,0,0,1023
12/17/2000,CLT,NC,ASO,ES,Towers with Radar,716,263,51,3,1033,0,5,10,0,15,716,268,61,3,1048,0,0,0,1048
12/18/2000,CLT,NC,ASO,ES,Towers with Radar,767,405,113,13,1298,0,18,42,2,62,767,423,155,15,1360,0,0,0,1360
12/19/2000,CLT,NC,ASO,ES,Towers with Radar,744,399,110,3,1256,0,5,3,0,8,744,404,113,3,1264,0,0,0,1264
12/20/2000,CLT,NC,ASO,ES,Towers with Radar,836,434,129,18,1417,0,11,46,0,57,836,445,175,18,1474,0,0,0,1474
12/21/2000,CLT,NC,ASO,ES,Towers with Radar,721,362,92,7,1182,0,5,26,0,31,721,367,118,7,1213,0,0,0,1213
12/22/2000,CLT,NC,ASO,ES,Towers with Radar,819,391,76,2,1288,0,38,0,0,38,819,429,76,2,1326,0,0,0,1326
12/23/2000,CLT,NC,ASO,ES,Towers with Radar,721,232,48,4,1005,0,4,35,0,39,721,236,83,4,1044,0,0,0,1044
12/24/2000,CLT,NC,ASO,ES,Towers with Radar,593,240,31,2,866,151,0,0,0,151,744,240,31,2,1017,0,0,0,1017
12/25/2000,CLT,NC,ASO,ES,Towers with Radar,567,229,21,5,822,129,0,0,0,129,696,229,21,5,951,0,0,0,951
12/26/2000,CLT,NC,ASO,ES,Towers with Radar,743,347,83,7,1180,0,1,5,1,7,743,348,88,8,1187,0,0,0,1187
12/27/2000,CLT,NC,ASO,ES,Towers with Radar,780,417,84,4,1285,0,4,13,0,17,780,421,97,4,1302,0,0,0,1302
12/28/2000,CLT,NC,ASO,ES,Towers with Radar,784,427,54,3,1268,0,8,32,1,41,784,435,86,4,1309,0,0,0,1309
12/29/2000,CLT,NC,ASO,ES,Towers with Radar,777,438,59,5,1279,0,4,29,1,34,777,442,88,6,1313,0,0,0,1313
12/30/2000,CLT,NC,ASO,ES,Towers with Radar,720,261,32,2,1015,0,4,21,1,26,720,265,53,3,1041,0,0,0,1041
12/31/2000,CLT,NC,ASO,ES,Towers with Radar,703,245,29,5,982,0,4,11,0,15,703,249,40,5,997,0,0,0,997
01/01/2001,CLT,NC,ASO,ES,Towers with Radar,734,261,54,1,1050,0,4,16,1,21,734,265,70,2,1071,0,0,0,1071
01/02/2001,CLT,NC,ASO,ES,Towers with Radar,757,392,84,8,1241,0,8,28,1,37,757,400,112,9,1278,0,0,0,1278
01/03/2001,CLT,NC,ASO,ES,Towers with Radar,778,466,81,11,1336,0,11,29,0,40,778,477,110,11,1376,0,0,0,1376
01/04/2001,CLT,NC,ASO,ES,Towers with Radar,781,456,94,6,1337,0,9,37,0,46,781,465,131,6,1383,0,0,0,1383
01/05/2001,CLT,NC,ASO,ES,Towers with Radar,769,408,96,6,1279,0,59,22,0,81,769,467,118,6,1360,0,0,0,1360
01/06/2001,CLT,NC,ASO,ES,Towers with Radar,637,287,76,5,1005,130,0,4,0,134,767,287,80,5,1139,0,0,0,1139
01/07/2001,CLT,NC,ASO,ES,Towers with Radar,658,297,79,7,1041,66,0,8,0,74,724,297,87,7,1115,0,0,0,1115
01/08/2001,CLT,NC,ASO,ES,Towers with Radar,754,404,79,11,1248,0,4,5,0,9,754,408,84,11,1257,0,0,0,1257
01/09/2001,CLT,NC,ASO,ES,Towers with Radar,792,458,99,11,1360,0,8,23,0,31,792,466,122,11,1391,0,0,0,1391
01/10/2001,CLT,NC,ASO,ES,Towers with Radar,782,473,109,9,1373,0,9,33,0,42,782,482,142,9,1415,0,0,0,1415
01/11/2001,CLT,NC,ASO,ES,Towers with Radar,788,456,127,10,1381,0,8,37,0,45,788,464,164,10,1426,0,0,0,1426
01/12/2001,CLT,NC,ASO,ES,Towers with Radar,781,460,103,8,1352,0,4,8,0,12,781,464,111,8,1364,0,0,0,1364
01/13/2001,CLT,NC,ASO,ES,Towers with Radar,648,288,63,7,1006,106,0,0,1,107,754,288,63,8,1113,0,0,0,1113
01/14/2001,CLT,NC,ASO,ES,Towers with Radar,728,293,68,7,1096,0,4,11,0,15,728,297,79,7,1111,0,0,0,1111
01/15/2001,CLT,NC,ASO,ES,Towers with Radar,746,383,92,3,1224,0,4,17,0,21,746,387,109,3,1245,0,0,0,1245
01/16/2001,CLT,NC,ASO,ES,Towers with Radar,784,413,138,11,1346,0,9,28,0,37,784,422,166,11,1383,0,0,0,1383
01/17/2001,CLT,NC,ASO,ES,Towers with Radar,779,478,137,17,1411,0,8,23,0,31,779,486,160,17,1442,0,0,0,1442
01/18/2001,CLT,NC,ASO,ES,Towers with Radar,760,468,144,11,1383,0,4,5,0,9,760,472,149,11,1392,0,0,0,1392
01/19/2001,CLT,NC,ASO,ES,Towers with Radar,711,329,86,8,1134,48,0,5,1,54,759,329,91,9,1188,0,0,0,1188
01/20/2001,CLT,NC,ASO,ES,Towers with Radar,758,283,33,3,1077,0,0,4,0,4,758,283,37,3,1081,0,0,0,1081
01/21/2001,CLT,NC,ASO,ES,Towers with Radar,699,303,77,8,1087,0,4,25,0,29,699,307,102,8,1116,0,0,0,1116
01/22/2001,CLT,NC,ASO,ES,Towers with Radar,758,408,89,11,1266,0,4,28,0,32,758,412,117,11,1298,0,0,0,1298
01/23/2001,CLT,NC,ASO,ES,Towers with Radar,779,459,134,20,1392,0,16,28,0,44,779,475,162,20,1436,0,0,0,1436
01/24/2001,CLT,NC,ASO,ES,Towers with Radar,781,464,139,16,1400,0,5,19,0,24,781,469,158,16,1424,0,0,0,1424
01/25/2001,CLT,NC,ASO,ES,Towers with Radar,787,458,107,10,1362,0,22,59,12,93,787,480,166,22,1455,0,0,0,1455
01/26/2001,CLT,NC,ASO,ES,Towers with Radar,781,475,121,9,1386,0,9,47,0,56,781,484,168,9,1442,0,0,0,1442
01/27/2001,CLT,NC,ASO,ES,Towers with Radar,747,301,44,3,1095,0,4,27,2,33,747,305,71,5,1128,0,0,0,1128
01/28/2001,CLT,NC,ASO,ES,Towers with Radar,730,292,52,4,1078,0,3,30,0,33,730,295,82,4,1111,0,0,0,1111
01/29/2001,CLT,NC,ASO,ES,Towers with Radar,730,397,100,10,1237,0,6,29,2,37,730,403,129,12,1274,0,0,0,1274
01/30/2001,CLT,NC,ASO,ES,Towers with Radar,775,463,92,0,1330,0,6,25,0,31,775,469,117,0,1361,0,0,0,1361
01/31/2001,CLT,NC,ASO,ES,Towers with Radar,784,460,117,8,1369,0,8,50,0,58,784,468,167,8,1427,0,0,0,1427
02/01/2001,CLT,NC,ASO,ES,Towers with Radar,791,458,128,14,1391,1,7,31,0,39,792,465,159,14,1430,0,0,0,1430
02/02/2001,CLT,NC,ASO,ES,Towers with Radar,787,458,116,8,1369,1,3,32,0,36,788,461,148,8,1405,0,0,0,1405
02/03/2001,CLT,NC,ASO,ES,Towers with Radar,739,295,41,4,1079,1,0,27,0,28,740,295,68,4,1107,0,0,0,1107
02/04/2001,CLT,NC,ASO,ES,Towers with Radar,749,306,70,7,1132,0,2,20,0,22,749,308,90,7,1154,0,0,0,1154
02/05/2001,CLT,NC,ASO,ES,Towers with Radar,704,403,95,9,1211,1,5,25,1,32,705,408,120,10,1243,0,0,0,1243
02/06/2001,CLT,NC,ASO,ES,Towers with Radar,771,460,124,18,1373,0,0,41,1,42,771,460,165,19,1415,0,0,0,1415
02/07/2001,CLT,NC,ASO,ES,Towers with Radar,773,463,148,17,1401,0,3,55,0,58,773,466,203,17,1459,0,0,0,1459
02/08/2001,CLT,NC,ASO,ES,Towers with Radar,772,466,140,20,1398,0,3,51,0,54,772,469,191,20,1452,0,0,0,1452
02/09/2001,CLT,NC,ASO,ES,Towers with Radar,775,455,116,15,1361,0,7,27,0,34,775,462,143,15,1395,0,0,0,1395
02/10/2001,CLT,NC,ASO,ES,Towers with Radar,754,291,52,4,1101,0,1,22,1,24,754,292,74,5,1125,0,0,0,1125
02/11/2001,CLT,NC,ASO,ES,Towers with Radar,735,307,80,8,1130,0,0,14,0,14,735,307,94,8,1144,0,0,0,1144
02/12/2001,CLT,NC,ASO,ES,Towers with Radar,733,392,79,6,1210,0,0,0,0,0,733,392,79,6,1210,0,0,0,1210
02/13/2001,CLT,NC,ASO,ES,Towers with Radar,785,459,131,10,1385,1,2,7,0,10,786,461,138,10,1395,0,0,0,1395
02/14/2001,CLT,NC,ASO,ES,Towers with Radar,778,433,134,13,1358,0,0,1,0,1,778,433,135,13,1359,0,0,0,1359
02/15/2001,CLT,NC,ASO,ES,Towers with Radar,802,475,174,18,1469,0,0,9,0,9,802,475,183,18,1478,0,0,0,1478
02/16/2001,CLT,NC,ASO,ES,Towers with Radar,761,459,113,4,1337,0,1,16,2,19,761,460,129,6,1356,0,0,0,1356
02/17/2001,CLT,NC,ASO,ES,Towers with Radar,782,303,58,11,1154,0,1,21,0,22,782,304,79,11,1176,0,0,0,1176
02/18/2001,CLT,NC,ASO,ES,Towers with Radar,735,313,76,4,1128,0,0,29,0,29,735,313,105,4,1157,0,0,0,1157
02/19/2001,CLT,NC,ASO,ES,Towers with Radar,752,390,106,4,1252,0,0,42,0,42,752,390,148,4,1294,0,0,0,1294
02/20/2001,CLT,NC,ASO,ES,Towers with Radar,773,415,144,13,1345,0,3,33,0,36,773,418,177,13,1381,0,0,0,1381
02/21/2001,CLT,NC,ASO,ES,Towers with Radar,788,455,128,8,1379,0,3,22,0,25,788,458,150,8,1404,0,0,0,1404
02/22/2001,CLT,NC,ASO,ES,Towers with Radar,722,463,159,4,1348,0,0,9,0,9,722,463,168,4,1357,0,0,0,1357
02/23/2001,CLT,NC,ASO,ES,Towers with Radar,734,457,127,15,1333,0,2,31,0,33,734,459,158,15,1366,0,0,0,1366
02/24/2001,CLT,NC,ASO,ES,Towers with Radar,690,354,62,4,1110,0,0,25,0,25,690,354,87,4,1135,0,0,0,1135
02/25/2001,CLT,NC,ASO,ES,Towers with Radar,653,335,50,0,1038,0,1,10,0,11,653,336,60,0,1049,0,0,0,1049
02/26/2001,CLT,NC,ASO,ES,Towers with Radar,709,476,109,14,1308,0,2,48,0,50,709,478,157,14,1358,0,0,0,1358
02/27/2001,CLT,NC,ASO,ES,Towers with Radar,737,521,164,17,1439,0,3,61,0,64,737,524,225,17,1503,0,0,0,1503
02/28/2001,CLT,NC,ASO,ES,Towers with Radar,710,522,148,11,1391,0,3,28,0,31,710,525,176,11,1422,0,0,0,1422
03/01/2001,CLT,NC,ASO,ES,Towers with Radar,732,517,135,19,1403,1,6,39,0,46,733,523,174,19,1449,0,0,0,1449
03/02/2001,CLT,NC,ASO,ES,Towers with Radar,725,529,128,14,1396,0,0,0,0,0,725,529,128,14,1396,28,1,29,1425
03/03/2001,CLT,NC,ASO,ES,Towers with Radar,696,377,54,1,1128,0,0,0,0,0,696,377,54,1,1128,0,0,0,1128
03/04/2001,CLT,NC,ASO,ES,Towers with Radar,657,348,60,15,1080,0,0,0,0,0,657,348,60,15,1080,0,0,0,1080
03/05/2001,CLT,NC,ASO,ES,Towers with Radar,663,456,74,8,1201,0,0,0,0,0,663,456,74,8,1201,0,0,0,1201
03/06/2001,CLT,NC,ASO,ES,Towers with Radar,701,499,90,4,1294,0,0,0,0,0,701,499,90,4,1294,0,0,0,1294
03/07/2001,CLT,NC,ASO,ES,Towers with Radar,727,534,122,10,1393,0,3,32,0,35,727,537,154,10,1428,0,0,0,1428
03/08/2001,CLT,NC,ASO,ES,Towers with Radar,742,534,128,5,1409,0,4,61,0,65,742,538,189,5,1474,0,0,0,1474
03/09/2001,CLT,NC,ASO,ES,Towers with Radar,722,513,120,11,1366,0,5,45,0,50,722,518,165,11,1416,0,0,0,1416
03/10/2001,CLT,NC,ASO,ES,Towers with Radar,705,346,75,9,1135,0,2,46,1,49,705,348,121,10,1184,0,0,0,1184
03/11/2001,CLT,NC,ASO,ES,Towers with Radar,693,368,77,3,1141,0,0,0,0,0,693,368,77,3,1141,0,0,0,1141
03/12/2001,CLT,NC,ASO,ES,Towers with Radar,672,448,104,14,1238,0,3,12,1,16,672,451,116,15,1254,0,0,0,1254
03/13/2001,CLT,NC,ASO,ES,Towers with Radar,755,521,143,15,1434,0,3,28,0,31,755,524,171,15,1465,0,0,0,1465
03/14/2001,CLT,NC,ASO,ES,Towers with Radar,725,516,148,16,1405,0,5,42,0,47,725,521,190,16,1452,0,0,0,1452
03/15/2001,CLT,NC,ASO,ES,Towers with Radar,731,501,127,6,1365,0,0,4,0,4,731,501,131,6,1369,0,0,0,1369
03/16/2001,CLT,NC,ASO,ES,Towers with Radar,712,522,144,10,1388,0,0,0,0,0,712,522,144,10,1388,0,0,0,1388
03/17/2001,CLT,NC,ASO,ES,Towers with Radar,721,367,72,7,1167,0,0,0,0,0,721,367,72,7,1167,0,0,0,1167
03/18/2001,CLT,NC,ASO,ES,Towers with Radar,675,383,59,5,1122,0,0,0,0,0,675,383,59,5,1122,0,0,0,1122
03/19/2001,CLT,NC,ASO,ES,Towers with Radar,693,467,112,15,1287,0,0,0,0,0,693,467,112,15,1287,0,0,0,1287
03/20/2001,CLT,NC,ASO,ES,Towers with Radar,599,366,104,11,1080,0,0,0,0,0,599,366,104,11,1080,0,0,0,1080
03/21/2001,CLT,NC,ASO,ES,Towers with Radar,765,530,132,12,1439,0,0,4,0,4,765,530,136,12,1443,0,0,0,1443
03/22/2001,CLT,NC,ASO,ES,Towers with Radar,723,519,158,18,1418,0,3,48,0,51,723,522,206,18,1469,0,0,0,1469
03/23/2001,CLT,NC,ASO,ES,Towers with Radar,713,504,130,6,1353,0,7,60,0,67,713,511,190,6,1420,0,0,0,1420
03/24/2001,CLT,NC,ASO,ES,Towers with Radar,694,361,63,5,1123,0,1,29,0,30,694,362,92,5,1153,0,0,0,1153
03/25/2001,CLT,NC,ASO,ES,Towers with Radar,676,377,65,6,1124,0,0,16,0,16,676,377,81,6,1140,0,0,0,1140
03/26/2001,CLT,NC,ASO,ES,Towers with Radar,695,437,101,13,1246,0,0,47,0,47,695,437,148,13,1293,0,0,0,1293
03/27/2001,CLT,NC,ASO,ES,Towers with Radar,725,501,128,16,1370,0,0,26,0,26,725,501,154,16,1396,0,0,0,1396
03/28/2001,CLT,NC,ASO,ES,Towers with Radar,721,498,117,11,1347,0,2,50,0,52,721,500,167,11,1399,0,0,0,1399
03/29/2001,CLT,NC,ASO,ES,Towers with Radar,687,492,152,16,1347,0,0,0,0,0,687,492,152,16,1347,0,0,0,1347
03/30/2001,CLT,NC,ASO,ES,Towers with Radar,729,496,137,11,1373,0,2,32,2,36,729,498,169,13,1409,0,0,0,1409
03/31/2001,CLT,NC,ASO,ES,Towers with Radar,682,345,40,20,1087,0,0,39,1,40,682,345,79,21,1127,0,0,0,1127
04/01/2001,CLT,NC,ASO,ES,Towers with Radar,590,348,75,10,1023,94,0,0,1,95,684,348,75,11,1118,0,0,0,1118
04/02/2001,CLT,NC,ASO,ES,Towers with Radar,554,357,94,8,1013,159,117,50,0,326,713,474,144,8,1339,0,0,0,1339
04/03/2001,CLT,NC,ASO,ES,Towers with Radar,698,449,118,11,1276,29,58,51,4,142,727,507,169,15,1418,0,0,0,1418
04/04/2001,CLT,NC,ASO,ES,Towers with Radar,739,499,131,13,1382,0,31,113,1,145,739,530,244,14,1527,0,0,0,1527
04/05/2001,CLT,NC,ASO,ES,Towers with Radar,742,526,139,13,1420,0,0,62,10,72,742,526,201,23,1492,0,0,0,1492
04/06/2001,CLT,NC,ASO,ES,Towers with Radar,727,512,137,13,1389,0,0,79,3,82,727,512,216,16,1471,0,0,0,1471
04/07/2001,CLT,NC,ASO,ES,Towers with Radar,716,355,112,4,1187,0,0,0,0,0,716,355,112,4,1187,0,0,0,1187
04/08/2001,CLT,NC,ASO,ES,Towers with Radar,701,365,83,9,1158,4,0,35,0,39,705,365,118,9,1197,0,0,0,1197
04/09/2001,CLT,NC,ASO,ES,Towers with Radar,611,393,104,10,1118,83,64,11,8,166,694,457,115,18,1284,0,0,0,1284
04/10/2001,CLT,NC,ASO,ES,Towers with Radar,680,437,115,10,1242,54,65,71,5,195,734,502,186,15,1437,0,0,0,1437
04/11/2001,CLT,NC,ASO,ES,Towers with Radar,756,486,128,11,1381,30,22,76,8,136,786,508,204,19,1517,0,0,0,1517
04/12/2001,CLT,NC,ASO,ES,Towers with Radar,723,517,138,12,1390,0,0,102,2,104,723,517,240,14,1494,0,0,0,1494
04/13/2001,CLT,NC,ASO,ES,Towers with Radar,757,498,128,6,1389,0,0,0,0,0,757,498,128,6,1389,0,0,0,1389
04/14/2001,CLT,NC,ASO,ES,Towers with Radar,688,351,45,11,1095,0,0,0,1,1,688,351,45,12,1096,0,0,0,1096
04/15/2001,CLT,NC,ASO,ES,Towers with Radar,619,381,79,1,1080,31,0,0,0,31,650,381,79,1,1111,0,0,0,1111
04/16/2001,CLT,NC,ASO,ES,Towers with Radar,603,386,103,9,1101,60,84,15,9,168,663,470,118,18,1269,0,0,0,1269
04/17/2001,CLT,NC,ASO,ES,Towers with Radar,710,463,123,3,1299,0,47,37,0,84,710,510,160,3,1383,0,0,0,1383
04/18/2001,CLT,NC,ASO,ES,Towers with Radar,737,474,111,11,1333,0,31,0,4,35,737,505,111,15,1368,0,0,0,1368
04/19/2001,CLT,NC,ASO,ES,Towers with Radar,738,490,130,11,1369,0,30,0,5,35,738,520,130,16,1404,0,0,0,1404
04/20/2001,CLT,NC,ASO,ES,Towers with Radar,738,497,132,9,1376,0,16,59,0,75,738,513,191,9,1451,0,0,0,1451
04/21/2001,CLT,NC,ASO,ES,Towers with Radar,716,353,62,6,1137,0,0,0,0,0,716,353,62,6,1137,0,0,0,1137
04/22/2001,CLT,NC,ASO,ES,Towers with Radar,599,384,103,8,1094,104,4,11,0,119,703,388,114,8,1213,0,0,0,1213
04/23/2001,CLT,NC,ASO,ES,Towers with Radar,659,422,112,11,1204,57,43,40,4,144,716,465,152,15,1348,0,0,0,1348
04/24/2001,CLT,NC,ASO,ES,Towers with Radar,709,454,120,7,1290,33,71,102,0,206,742,525,222,7,1496,0,0,0,1496
04/25/2001,CLT,NC,ASO,ES,Towers with Radar,743,518,137,13,1411,0,0,43,5,48,743,518,180,18,1459,0,0,0,1459
04/26/2001,CLT,NC,ASO,ES,Towers with Radar,738,516,138,13,1405,0,0,67,7,74,738,516,205,20,1479,0,0,0,1479
04/27/2001,CLT,NC,ASO,ES,Towers with Radar,747,498,132,3,1380,0,18,38,0,56,747,516,170,3,1436,0,0,0,1436
04/28/2001,CLT,NC,ASO,ES,Towers with Radar,707,354,67,1,1129,0,0,0,0,0,707,354,67,1,1129,0,0,0,1129
04/29/2001,CLT,NC,ASO,ES,Towers with Radar,584,374,99,3,1060,114,12,5,0,131,698,386,104,3,1191,0,0,0,1191
04/30/2001,CLT,NC,ASO,ES,Towers with Radar,630,404,107,10,1151,81,84,56,1,222,711,488,163,11,1373,0,0,0,1373
05/01/2001,CLT,NC,ASO,ES,Towers with Radar,685,446,117,8,1256,43,75,85,0,203,728,521,202,8,1459,0,0,0,1459
05/02/2001,CLT,NC,ASO,ES,Towers with Radar,679,464,122,10,1275,0,22,82,1,105,679,486,204,11,1380,0,0,0,1380
05/03/2001,CLT,NC,ASO,ES,Towers with Radar,737,515,169,3,1424,0,0,51,0,51,737,515,220,3,1475,0,0,0,1475
05/04/2001,CLT,NC,ASO,ES,Towers with Radar,728,490,126,11,1355,0,30,0,5,35,728,520,126,16,1390,0,0,0,1390
05/05/2001,CLT,NC,ASO,ES,Towers with Radar,587,349,54,8,998,123,0,0,6,129,710,349,54,14,1127,0,0,0,1127
05/06/2001,CLT,NC,ASO,ES,Towers with Radar,694,385,84,11,1174,0,0,11,0,11,694,385,95,11,1185,0,0,0,1185
05/07/2001,CLT,NC,ASO,ES,Towers with Radar,662,428,112,9,1211,38,43,12,2,95,700,471,124,11,1306,0,0,0,1306
05/08/2001,CLT,NC,ASO,ES,Towers with Radar,747,516,164,22,1449,0,0,21,0,21,747,516,185,22,1470,0,0,0,1470
05/09/2001,CLT,NC,ASO,ES,Towers with Radar,737,511,135,12,1395,0,6,87,1,94,737,517,222,13,1489,0,0,0,1489
05/10/2001,CLT,NC,ASO,ES,Towers with Radar,743,488,128,10,1369,0,21,40,0,61,743,509,168,10,1430,0,0,0,1430
05/11/2001,CLT,NC,ASO,ES,Towers with Radar,752,494,130,8,1384,0,23,59,0,82,752,517,189,8,1466,0,0,0,1466
05/12/2001,CLT,NC,ASO,ES,Towers with Radar,589,343,64,1,997,130,0,0,0,130,719,343,64,1,1127,0,0,0,1127
05/13/2001,CLT,NC,ASO,ES,Towers with Radar,589,381,82,1,1053,111,0,0,0,111,700,381,82,1,1164,0,0,0,1164
05/14/2001,CLT,NC,ASO,ES,Towers with Radar,694,447,118,11,1270,2,31,46,1,80,696,478,164,12,1350,0,0,0,1350
05/15/2001,CLT,NC,ASO,ES,Towers with Radar,736,492,130,12,1370,0,28,53,2,83,736,520,183,14,1453,0,0,0,1453
05/16/2001,CLT,NC,ASO,ES,Towers with Radar,746,495,132,12,1385,0,0,23,0,23,746,495,155,12,1408,0,0,0,1408
05/17/2001,CLT,NC,ASO,ES,Towers with Radar,739,509,137,13,1398,0,0,54,12,66,739,509,191,25,1464,0,0,0,1464
05/18/2001,CLT,NC,ASO,ES,Towers with Radar,743,518,136,13,1410,0,10,9,1,20,743,528,145,14,1430,0,0,0,1430
05/19/2001,CLT,NC,ASO,ES,Towers with Radar,580,334,67,7,988,117,0,0,0,117,697,334,67,7,1105,0,0,0,1105
05/20/2001,CLT,NC,ASO,ES,Towers with Radar,640,369,99,6,1114,75,0,0,0,75,715,369,99,6,1189,0,0,0,1189
05/21/2001,CLT,NC,ASO,ES,Towers with Radar,694,470,141,10,1315,0,0,10,0,10,694,470,151,10,1325,0,0,0,1325
05/22/2001,CLT,NC,ASO,ES,Towers with Radar,697,454,119,3,1273,0,3,41,0,44,697,457,160,3,1317,0,0,0,1317
05/23/2001,CLT,NC,ASO,ES,Towers with Radar,764,502,132,9,1407,0,26,63,0,89,764,528,195,9,1496,0,0,0,1496
05/24/2001,CLT,NC,ASO,ES,Towers with Radar,737,490,129,9,1365,0,7,61,0,68,737,497,190,9,1433,0,0,0,1433
05/25/2001,CLT,NC,ASO,ES,Towers with Radar,738,495,130,11,1374,0,4,68,4,76,738,499,198,15,1450,0,0,0,1450
05/26/2001,CLT,NC,ASO,ES,Towers with Radar,611,350,94,9,1064,125,0,0,3,128,736,350,94,12,1192,0,0,0,1192
05/27/2001,CLT,NC,ASO,ES,Towers with Radar,687,296,32,10,1025,0,0,45,2,47,687,296,77,12,1072,0,0,0,1072
05/28/2001,CLT,NC,ASO,ES,Towers with Radar,701,401,95,2,1199,0,10,9,0,19,701,411,104,2,1218,0,0,0,1218
05/29/2001,CLT,NC,ASO,ES,Towers with Radar,713,459,121,10,1303,0,0,32,7,39,713,459,153,17,1342,0,0,0,1342
05/30/2001,CLT,NC,ASO,ES,Towers with Radar,724,508,134,11,1377,0,12,65,5,82,724,520,199,16,1459,0,0,0,1459
05/31/2001,CLT,NC,ASO,ES,Towers with Radar,745,494,162,16,1417,0,0,41,1,42,745,494,203,17,1459,0,0,0,1459
06/01/2001,CLT,NC,ASO,ES,Towers with Radar,739,447,117,5,1308,7,34,11,0,52,746,481,128,5,1360,0,0,0,1360
06/02/2001,CLT,NC,ASO,ES,Towers with Radar,705,360,59,8,1132,14,0,18,3,35,719,360,77,11,1167,0,0,0,1167
06/03/2001,CLT,NC,ASO,ES,Towers with Radar,710,345,78,15,1148,14,0,24,1,39,724,345,102,16,1187,0,0,0,1187
06/04/2001,CLT,NC,ASO,ES,Towers with Radar,726,442,115,7,1290,0,32,17,0,49,726,474,132,7,1339,0,0,0,1339
06/05/2001,CLT,NC,ASO,ES,Towers with Radar,745,489,104,14,1352,14,0,30,0,44,759,489,134,14,1396,0,0,0,1396
06/06/2001,CLT,NC,ASO,ES,Towers with Radar,766,465,122,12,1365,0,0,53,0,53,766,465,175,12,1418,0,0,0,1418
06/07/2001,CLT,NC,ASO,ES,Towers with Radar,770,488,128,14,1400,0,0,55,0,55,770,488,183,14,1455,0,0,0,1455
06/08/2001,CLT,NC,ASO,ES,Towers with Radar,784,480,125,14,1403,0,0,26,3,29,784,480,151,17,1432,0,0,0,1432
06/09/2001,CLT,NC,ASO,ES,Towers with Radar,734,321,59,1,1115,14,0,14,0,28,748,321,73,1,1143,0,0,0,1143
06/10/2001,CLT,NC,ASO,ES,Towers with Radar,658,359,87,5,1109,69,0,0,0,69,727,359,87,5,1178,0,0,0,1178
06/11/2001,CLT,NC,ASO,ES,Towers with Radar,727,432,114,3,1276,8,0,31,0,39,735,432,145,3,1315,0,0,0,1315
06/12/2001,CLT,NC,ASO,ES,Towers with Radar,750,453,118,12,1333,1,65,111,7,184,751,518,229,19,1517,0,0,0,1517
06/13/2001,CLT,NC,ASO,ES,Towers with Radar,713,473,123,13,1322,0,0,43,49,92,713,473,166,62,1414,0,0,0,1414
06/14/2001,CLT,NC,ASO,ES,Towers with Radar,771,474,127,12,1384,0,0,58,0,58,771,474,185,12,1442,0,0,0,1442
06/15/2001,CLT,NC,ASO,ES,Towers with Radar,723,453,118,6,1300,0,30,30,0,60,723,483,148,6,1360,0,0,0,1360
06/16/2001,CLT,NC,ASO,ES,Towers with Radar,629,353,70,10,1062,140,0,0,2,142,769,353,70,12,1204,0,0,0,1204
06/17/2001,CLT,NC,ASO,ES,Towers with Radar,724,375,57,1,1157,13,0,170,0,183,737,375,227,1,1340,0,0,0,1340
06/18/2001,CLT,NC,ASO,ES,Towers with Radar,727,461,112,7,1307,13,0,42,0,55,740,461,154,7,1362,0,0,0,1362
06/19/2001,CLT,NC,ASO,ES,Towers with Radar,752,497,142,14,1405,13,0,35,0,48,765,497,177,14,1453,0,0,0,1453
06/20/2001,CLT,NC,ASO,ES,Towers with Radar,735,497,142,17,1391,13,0,157,0,170,748,497,299,17,1561,0,0,0,1561
06/21/2001,CLT,NC,ASO,ES,Towers with Radar,756,490,128,13,1387,0,9,80,9,98,756,499,208,22,1485,0,0,0,1485
06/22/2001,CLT,NC,ASO,ES,Towers with Radar,707,431,128,8,1274,13,0,10,0,23,720,431,138,8,1297,0,0,0,1297
06/23/2001,CLT,NC,ASO,ES,Towers with Radar,744,360,77,8,1189,13,0,21,0,34,757,360,98,8,1223,0,0,0,1223
06/24/2001,CLT,NC,ASO,ES,Towers with Radar,715,366,65,4,1150,13,0,15,0,28,728,366,80,4,1178,0,0,0,1178
06/25/2001,CLT,NC,ASO,ES,Towers with Radar,721,435,114,6,1276,14,9,27,0,50,735,444,141,6,1326,0,0,0,1326
06/26/2001,CLT,NC,ASO,ES,Towers with Radar,777,499,130,10,1416,0,7,21,0,28,777,506,151,10,1444,0,0,0,1444
06/27/2001,CLT,NC,ASO,ES,Towers with Radar,752,500,157,17,1426,13,0,0,0,13,765,500,157,17,1439,0,0,0,1439
06/28/2001,CLT,NC,ASO,ES,Towers with Radar,714,451,120,12,1297,0,0,14,4,18,714,451,134,16,1315,0,0,0,1315
06/29/2001,CLT,NC,ASO,ES,Towers with Radar,774,480,126,7,1387,0,13,7,0,20,774,493,133,7,1407,0,0,0,1407
06/30/2001,CLT,NC,ASO,ES,Towers with Radar,739,349,71,3,1162,13,0,0,0,13,752,349,71,3,1175,0,0,0,1175
07/01/2001,CLT,NC,ASO,ES,Towers with Radar,662,348,35,1,1046,9,0,8,0,17,671,348,43,1,1063,0,0,0,1063
07/02/2001,CLT,NC,ASO,ES,Towers with Radar,733,431,98,4,1266,9,1,30,0,40,742,432,128,4,1306,0,0,0,1306
07/03/2001,CLT,NC,ASO,ES,Towers with Radar,747,476,113,2,1338,0,5,10,0,15,747,481,123,2,1353,0,0,0,1353
07/04/2001,CLT,NC,ASO,ES,Towers with Radar,646,373,41,4,1064,9,0,7,0,16,655,373,48,4,1080,0,0,0,1080
07/05/2001,CLT,NC,ASO,ES,Towers with Radar,723,432,108,7,1270,35,0,8,0,43,758,432,116,7,1313,0,0,0,1313
07/06/2001,CLT,NC,ASO,ES,Towers with Radar,730,449,109,9,1297,30,0,23,0,53,760,449,132,9,1350,0,0,0,1350
07/07/2001,CLT,NC,ASO,ES,Towers with Radar,731,361,63,5,1160,9,0,24,0,33,740,361,87,5,1193,0,0,0,1193
07/08/2001,CLT,NC,ASO,ES,Towers with Radar,712,418,92,4,1226,11,0,0,0,11,723,418,92,4,1237,0,0,0,1237
07/09/2001,CLT,NC,ASO,ES,Towers with Radar,741,472,129,9,1351,8,1,28,0,37,749,473,157,9,1388,0,0,0,1388
07/10/2001,CLT,NC,ASO,ES,Towers with Radar,757,494,118,10,1379,0,16,35,1,52,757,510,153,11,1431,0,0,0,1431
07/11/2001,CLT,NC,ASO,ES,Towers with Radar,772,518,153,21,1464,8,0,0,0,8,780,518,153,21,1472,0,0,0,1472
07/12/2001,CLT,NC,ASO,ES,Towers with Radar,767,535,134,23,1459,8,0,0,0,8,775,535,134,23,1467,0,0,0,1467
07/13/2001,CLT,NC,ASO,ES,Towers with Radar,767,536,132,7,1442,8,0,0,0,8,775,536,132,7,1450,0,0,0,1450
07/14/2001,CLT,NC,ASO,ES,Towers with Radar,623,376,90,8,1097,131,0,0,6,137,754,376,90,14,1234,0,0,0,1234
07/15/2001,CLT,NC,ASO,ES,Towers with Radar,719,401,84,15,1219,8,0,21,0,29,727,401,105,15,1248,0,0,0,1248
07/16/2001,CLT,NC,ASO,ES,Towers with Radar,743,480,122,3,1348,8,2,55,0,65,751,482,177,3,1413,0,0,0,1413
07/17/2001,CLT,NC,ASO,ES,Towers with Radar,759,497,118,11,1385,0,28,55,4,87,759,525,173,15,1472,0,0,0,1472
07/18/2001,CLT,NC,ASO,ES,Towers with Radar,759,520,123,12,1414,0,8,75,7,90,759,528,198,19,1504,0,0,0,1504
07/19/2001,CLT,NC,ASO,ES,Towers with Radar,773,520,126,12,1431,0,0,40,1,41,773,520,166,13,1472,0,0,0,1472
07/20/2001,CLT,NC,ASO,ES,Towers with Radar,715,469,118,9,1311,8,1,23,0,32,723,470,141,9,1343,0,0,0,1343
07/21/2001,CLT,NC,ASO,ES,Towers with Radar,741,372,58,4,1175,8,0,21,0,29,749,372,79,4,1204,0,0,0,1204
07/22/2001,CLT,NC,ASO,ES,Towers with Radar,638,390,54,6,1088,91,0,0,0,91,729,390,54,6,1179,0,0,0,1179
07/23/2001,CLT,NC,ASO,ES,Towers with Radar,726,185,113,11,1035,0,0,35,2,37,726,185,148,13,1072,0,0,0,1072
07/24/2001,CLT,NC,ASO,ES,Towers with Radar,756,500,118,11,1385,0,34,25,0,59,756,534,143,11,1444,0,0,0,1444
07/25/2001,CLT,NC,ASO,ES,Towers with Radar,743,526,14,8,1291,9,1,0,0,10,752,527,14,8,1301,0,0,0,1301
07/26/2001,CLT,NC,ASO,ES,Towers with Radar,727,522,147,24,1420,8,4,9,0,21,735,526,156,24,1441,0,0,0,1441
07/27/2001,CLT,NC,ASO,ES,Towers with Radar,795,528,125,12,1460,0,9,14,7,30,795,537,139,19,1490,0,0,0,1490
07/28/2001,CLT,NC,ASO,ES,Towers with Radar,736,377,61,9,1183,8,0,0,0,8,744,377,61,9,1191,0,0,0,1191
07/29/2001,CLT,NC,ASO,ES,Towers with Radar,688,375,59,6,1128,8,0,14,0,22,696,375,73,6,1150,0,0,0,1150
07/30/2001,CLT,NC,ASO,ES,Towers with Radar,746,470,111,3,1330,0,21,9,0,30,746,491,120,3,1360,0,0,0,1360
07/31/2001,CLT,NC,ASO,ES,Towers with Radar,767,506,120,10,1403,0,26,33,8,67,767,532,153,18,1470,0,0,0,1470
08/01/2001,CLT,NC,ASO,ES,Towers with Radar,769,532,137,10,1448,0,0,8,6,14,769,532,145,16,1462,0,0,0,1462
08/02/2001,CLT,NC,ASO,ES,Towers with Radar,758,522,171,19,1470,4,0,33,0,37,762,522,204,19,1507,0,0,0,1507
08/03/2001,CLT,NC,ASO,ES,Towers with Radar,759,533,118,16,1426,5,0,0,0,5,764,533,118,16,1431,0,0,0,1431
08/04/2001,CLT,NC,ASO,ES,Towers with Radar,728,372,70,9,1179,5,0,5,1,11,733,372,75,10,1190,0,0,0,1190
08/05/2001,CLT,NC,ASO,ES,Towers with Radar,655,389,74,9,1127,83,0,0,5,88,738,389,74,14,1215,0,0,0,1215
08/06/2001,CLT,NC,ASO,ES,Towers with Radar,706,460,113,2,1281,26,25,0,0,51,732,485,113,2,1332,0,0,0,1332
08/07/2001,CLT,NC,ASO,ES,Towers with Radar,767,516,130,11,1424,0,29,52,5,86,767,545,182,16,1510,0,0,0,1510
08/08/2001,CLT,NC,ASO,ES,Towers with Radar,766,517,131,11,1425,0,3,24,3,30,766,520,155,14,1455,0,0,0,1455
08/09/2001,CLT,NC,ASO,ES,Towers with Radar,767,522,134,11,1434,0,0,29,3,32,767,522,163,14,1466,0,0,0,1466
08/10/2001,CLT,NC,ASO,ES,Towers with Radar,709,511,130,8,1358,5,0,22,0,27,714,511,152,8,1385,0,0,0,1385
08/11/2001,CLT,NC,ASO,ES,Towers with Radar,617,380,82,5,1084,139,0,0,0,139,756,380,82,5,1223,0,0,0,1223
08/12/2001,CLT,NC,ASO,ES,Towers with Radar,716,386,76,6,1184,5,0,10,0,15,721,386,86,6,1199,0,0,0,1199
08/13/2001,CLT,NC,ASO,ES,Towers with Radar,694,452,111,6,1263,17,20,0,0,37,711,472,111,6,1300,0,0,0,1300
08/14/2001,CLT,NC,ASO,ES,Towers with Radar,662,432,110,8,1212,0,0,39,8,47,662,432,149,16,1259,0,0,0,1259
08/15/2001,CLT,NC,ASO,ES,Towers with Radar,769,543,137,9,1458,0,2,85,0,87,769,545,222,9,1545,0,0,0,1545
08/16/2001,CLT,NC,ASO,ES,Towers with Radar,762,538,166,12,1478,4,0,20,0,24,766,538,186,12,1502,0,0,0,1502
08/17/2001,CLT,NC,ASO,ES,Towers with Radar,697,473,120,9,1299,0,6,9,0,15,697,479,129,9,1314,0,0,0,1314
08/18/2001,CLT,NC,ASO,ES,Towers with Radar,615,358,68,0,1041,110,0,0,0,110,725,358,68,0,1151,0,0,0,1151
08/19/2001,CLT,NC,ASO,ES,Towers with Radar,0,0,0,0,0,725,403,61,4,1193,725,403,61,4,1193,0,0,0,1193
08/20/2001,CLT,NC,ASO,ES,Towers with Radar,743,484,125,5,1357,0,0,18,0,18,743,484,143,5,1375,0,0,0,1375
08/21/2001,CLT,NC,ASO,ES,Towers with Radar,770,522,132,10,1434,0,21,37,3,61,770,543,169,13,1495,0,0,0,1495
08/22/2001,CLT,NC,ASO,ES,Towers with Radar,707,480,123,9,1319,0,4,65,7,76,707,484,188,16,1395,0,0,0,1395
08/23/2001,CLT,NC,ASO,ES,Towers with Radar,756,510,130,5,1401,0,30,41,0,71,756,540,171,5,1472,0,0,0,1472
08/24/2001,CLT,NC,ASO,ES,Towers with Radar,773,514,131,1,1419,0,6,4,0,10,773,520,135,1,1429,0,0,0,1429
08/25/2001,CLT,NC,ASO,ES,Towers with Radar,728,368,48,5,1149,4,0,14,0,18,732,368,62,5,1167,0,0,0,1167
08/26/2001,CLT,NC,ASO,ES,Towers with Radar,717,395,60,5,1177,4,0,16,0,20,721,395,76,5,1197,0,0,0,1197
08/27/2001,CLT,NC,ASO,ES,Towers with Radar,716,465,119,4,1304,21,18,28,0,67,737,483,147,4,1371,0,0,0,1371
08/28/2001,CLT,NC,ASO,ES,Towers with Radar,755,544,153,5,1457,4,0,23,1,28,759,544,176,6,1485,0,0,0,1485
08/29/2001,CLT,NC,ASO,ES,Towers with Radar,0,0,0,0,0,781,557,171,12,1521,781,557,171,12,1521,0,0,0,1521
08/30/2001,CLT,NC,ASO,ES,Towers with Radar,755,524,135,4,1418,0,0,44,0,44,755,524,179,4,1462,0,0,0,1462
08/31/2001,CLT,NC,ASO,ES,Towers with Radar,748,505,129,6,1388,0,7,32,0,39,748,512,161,6,1427,0,0,0,1427
09/01/2001,CLT,NC,ASO,ES,Towers with Radar,731,384,63,5,1183,11,0,7,0,18,742,384,70,5,1201,0,0,0,1201
09/02/2001,CLT,NC,ASO,ES,Towers with Radar,665,340,47,5,1057,11,0,8,0,19,676,340,55,5,1076,0,0,0,1076
09/03/2001,CLT,NC,ASO,ES,Towers with Radar,699,416,58,6,1179,11,0,0,0,11,710,416,58,6,1190,0,0,0,1190
09/04/2001,CLT,NC,ASO,ES,Towers with Radar,715,480,113,15,1323,10,0,0,0,10,725,480,113,15,1333,0,0,0,1333
09/05/2001,CLT,NC,ASO,ES,Towers with Radar,769,532,128,12,1441,10,0,0,0,10,779,532,128,12,1451,0,0,0,1451
09/06/2001,CLT,NC,ASO,ES,Towers with Radar,762,545,140,15,1462,0,0,45,2,47,762,545,185,17,1509,0,0,0,1509
09/07/2001,CLT,NC,ASO,ES,Towers with Radar,685,452,118,12,1267,10,0,0,0,10,695,452,118,12,1277,0,0,0,1277
09/08/2001,CLT,NC,ASO,ES,Towers with Radar,558,370,78,10,1016,165,0,0,4,169,723,370,78,14,1185,0,0,0,1185
09/09/2001,CLT,NC,ASO,ES,Towers with Radar,602,390,84,6,1082,106,0,0,0,106,708,390,84,6,1188,0,0,0,1188
09/10/2001,CLT,NC,ASO,ES,Towers with Radar,652,464,118,6,1240,56,0,23,0,79,708,464,141,6,1319,0,0,0,1319
09/11/2001,CLT,NC,ASO,ES,Towers with Radar,206,137,56,6,405,10,0,19,1,30,216,137,75,7,435,0,0,0,435
09/12/2001,CLT,NC,ASO,ES,Towers with Radar,0,2,7,3,12,0,0,0,1,1,0,2,7,4,13,0,0,0,13
09/13/2001,CLT,NC,ASO,ES,Towers with Radar,72,89,12,2,175,10,0,7,2,19,82,89,19,4,194,0,0,0,194
09/14/2001,CLT,NC,ASO,ES,Towers with Radar,363,293,39,7,702,0,139,0,6,145,363,432,39,13,847,0,0,0,847
09/15/2001,CLT,NC,ASO,ES,Towers with Radar,425,354,70,15,864,10,0,3,2,15,435,354,73,17,879,0,0,0,879
09/16/2001,CLT,NC,ASO,ES,Towers with Radar,487,386,67,7,947,10,0,0,1,11,497,386,67,8,958,0,0,0,958
09/17/2001,CLT,NC,ASO,ES,Towers with Radar,603,455,115,11,1184,10,0,1,3,14,613,455,116,14,1198,0,0,0,1198
09/18/2001,CLT,NC,ASO,ES,Towers with Radar,624,512,142,39,1317,10,0,0,0,10,634,512,142,39,1327,0,0,0,1327
09/19/2001,CLT,NC,ASO,ES,Towers with Radar,632,512,125,13,1282,0,4,23,1,28,632,516,148,14,1310,0,0,0,1310
09/20/2001,CLT,NC,ASO,ES,Towers with Radar,626,526,140,24,1316,10,0,4,1,15,636,526,144,25,1331,0,0,0,1331
09/21/2001,CLT,NC,ASO,ES,Towers with Radar,588,501,123,7,1219,0,16,28,0,44,588,517,151,7,1263,0,0,0,1263
09/22/2001,CLT,NC,ASO,ES,Towers with Radar,498,363,91,9,961,0,0,19,3,22,498,363,110,12,983,0,0,0,983
09/23/2001,CLT,NC,ASO,ES,Towers with Radar,519,378,93,8,998,10,0,0,1,11,529,378,93,9,1009,0,0,0,1009
09/24/2001,CLT,NC,ASO,ES,Towers with Radar,535,392,75,4,1006,29,36,0,0,65,564,428,75,4,1071,0,0,0,1071
09/25/2001,CLT,NC,ASO,ES,Towers with Radar,587,492,122,13,1214,0,0,83,15,98,587,492,205,28,1312,0,0,0,1312
09/26/2001,CLT,NC,ASO,ES,Towers with Radar,593,500,128,13,1234,0,0,30,5,35,593,500,158,18,1269,0,0,0,1269
09/27/2001,CLT,NC,ASO,ES,Towers with Radar,608,514,126,13,1261,0,0,27,0,27,608,514,153,13,1288,0,0,0,1288
09/28/2001,CLT,NC,ASO,ES,Towers with Radar,616,503,146,7,1272,10,2,6,0,18,626,505,152,7,1290,0,0,0,1290
09/29/2001,CLT,NC,ASO,ES,Towers with Radar,515,367,88,6,976,10,0,5,1,16,525,367,93,7,992,0,0,0,992
09/30/2001,CLT,NC,ASO,ES,Towers with Radar,547,386,110,2,1045,10,0,5,0,15,557,386,115,2,1060,0,0,0,1060
10/01/2001,CLT,NC,ASO,ES,Towers with Radar,558,457,178,4,1197,6,3,8,0,17,564,460,186,4,1214,0,0,0,1214
10/02/2001,CLT,NC,ASO,ES,Towers with Radar,602,505,174,19,1300,0,5,7,0,12,602,510,181,19,1312,0,0,0,1312
10/03/2001,CLT,NC,ASO,ES,Towers with Radar,608,522,146,9,1285,0,0,32,0,32,608,522,178,9,1317,0,0,0,1317
10/04/2001,CLT,NC,ASO,ES,Towers with Radar,568,487,142,10,1207,0,0,31,8,39,568,487,173,18,1246,0,0,0,1246
10/05/2001,CLT,NC,ASO,ES,Towers with Radar,608,527,148,10,1293,0,0,44,3,47,608,527,192,13,1340,0,0,0,1340
10/06/2001,CLT,NC,ASO,ES,Towers with Radar,563,371,78,5,1017,0,5,4,0,9,563,376,82,5,1026,0,0,0,1026
10/07/2001,CLT,NC,ASO,ES,Towers with Radar,383,311,85,6,785,185,106,3,4,298,568,417,88,10,1083,0,0,0,1083
10/08/2001,CLT,NC,ASO,ES,Towers with Radar,587,480,122,2,1191,0,17,0,0,17,587,497,122,2,1208,0,0,0,1208
10/09/2001,CLT,NC,ASO,ES,Towers with Radar,590,523,143,10,1266,0,0,20,5,25,590,523,163,15,1291,0,0,0,1291
10/10/2001,CLT,NC,ASO,ES,Towers with Radar,586,555,149,10,1300,0,6,42,1,49,586,561,191,11,1349,0,0,0,1349
10/11/2001,CLT,NC,ASO,ES,Towers with Radar,598,557,150,10,1315,0,0,18,11,29,598,557,168,21,1344,0,0,0,1344
10/12/2001,CLT,NC,ASO,ES,Towers with Radar,596,548,156,14,1314,0,2,0,0,2,596,550,156,14,1316,0,0,0,1316
10/13/2001,CLT,NC,ASO,ES,Towers with Radar,563,392,85,7,1047,0,2,0,0,2,563,394,85,7,1049,0,0,0,1049
10/14/2001,CLT,NC,ASO,ES,Towers with Radar,516,417,96,8,1037,44,10,0,1,55,560,427,96,9,1092,0,0,0,1092
10/15/2001,CLT,NC,ASO,ES,Towers with Radar,572,512,132,8,1224,0,5,0,0,5,572,517,132,8,1229,0,0,0,1229
10/16/2001,CLT,NC,ASO,ES,Towers with Radar,586,568,167,16,1337,0,4,2,0,6,586,572,169,16,1343,0,0,0,1343
10/17/2001,CLT,NC,ASO,ES,Towers with Radar,586,541,145,2,1274,0,24,44,0,68,586,565,189,2,1342,0,0,0,1342
10/18/2001,CLT,NC,ASO,ES,Towers with Radar,569,513,141,10,1233,0,0,40,1,41,569,513,181,11,1274,0,0,0,1274
10/19/2001,CLT,NC,ASO,ES,Towers with Radar,591,538,144,10,1283,0,19,32,0,51,591,557,176,10,1334,0,0,0,1334
10/20/2001,CLT,NC,ASO,ES,Towers with Radar,482,390,67,3,942,94,11,0,0,105,576,401,67,3,1047,0,0,0,1047
10/21/2001,CLT,NC,ASO,ES,Towers with Radar,540,427,88,2,1057,19,0,0,0,19,559,427,88,2,1076,0,0,0,1076
10/22/2001,CLT,NC,ASO,ES,Towers with Radar,580,494,132,1,1207,0,13,18,0,31,580,507,150,1,1238,0,0,0,1238
10/23/2001,CLT,NC,ASO,ES,Towers with Radar,579,526,140,11,1256,0,12,30,9,51,579,538,170,20,1307,0,0,0,1307
10/24/2001,CLT,NC,ASO,ES,Towers with Radar,579,524,140,11,1254,0,28,59,1,88,579,552,199,12,1342,0,0,0,1342
10/25/2001,CLT,NC,ASO,ES,Towers with Radar,600,520,139,10,1269,0,21,19,6,46,600,541,158,16,1315,0,0,0,1315
10/26/2001,CLT,NC,ASO,ES,Towers with Radar,604,496,132,4,1236,0,34,3,0,37,604,530,135,4,1273,0,0,0,1273
10/27/2001,CLT,NC,ASO,ES,Towers with Radar,479,388,55,2,924,97,10,0,0,107,576,398,55,2,1031,0,0,0,1031
10/28/2001,CLT,NC,ASO,ES,Towers with Radar,552,414,102,5,1073,0,2,24,0,26,552,416,126,5,1099,0,0,0,1099
10/29/2001,CLT,NC,ASO,ES,Towers with Radar,576,478,128,8,1190,0,23,30,0,53,576,501,158,8,1243,0,0,0,1243
10/30/2001,CLT,NC,ASO,ES,Towers with Radar,590,558,101,15,1264,0,2,0,1,3,590,560,101,16,1267,0,0,0,1267
10/31/2001,CLT,NC,ASO,ES,Towers with Radar,592,558,47,6,1203,0,4,21,0,25,592,562,68,6,1228,0,0,0,1228
11/01/2001,CLT,NC,ASO,ES,Towers with Radar,597,536,116,10,1259,0,33,0,3,36,597,569,116,13,1295,0,0,0,1295
11/02/2001,CLT,NC,ASO,ES,Towers with Radar,598,533,116,9,1256,0,30,27,5,62,598,563,143,14,1318,0,0,0,1318
11/03/2001,CLT,NC,ASO,ES,Towers with Radar,528,408,74,7,1017,66,0,0,2,68,594,408,74,9,1085,0,0,0,1085
11/04/2001,CLT,NC,ASO,ES,Towers with Radar,571,434,69,8,1082,48,0,0,2,50,619,434,69,10,1132,0,0,0,1132
11/05/2001,CLT,NC,ASO,ES,Towers with Radar,627,507,111,1,1246,0,6,15,0,21,627,513,126,1,1267,0,0,0,1267
11/06/2001,CLT,NC,ASO,ES,Towers with Radar,663,563,122,10,1358,0,15,58,1,74,663,578,180,11,1432,0,0,0,1432
11/07/2001,CLT,NC,ASO,ES,Towers with Radar,661,568,122,10,1361,0,38,65,7,110,661,606,187,17,1471,0,0,0,1471
11/08/2001,CLT,NC,ASO,ES,Towers with Radar,620,506,138,19,1283,0,4,13,0,17,620,510,151,19,1300,0,0,0,1300
11/09/2001,CLT,NC,ASO,ES,Towers with Radar,659,583,123,9,1374,0,0,4,0,4,659,583,127,9,1378,0,0,0,1378
11/10/2001,CLT,NC,ASO,ES,Towers with Radar,542,406,55,3,1006,88,0,0,0,88,630,406,55,3,1094,0,0,0,1094
11/11/2001,CLT,NC,ASO,ES,Towers with Radar,587,415,95,2,1099,43,0,0,0,43,630,415,95,2,1142,0,0,0,1142
11/12/2001,CLT,NC,ASO,ES,Towers with Radar,628,482,100,2,1212,0,2,12,0,14,628,484,112,2,1226,0,0,0,1226
11/13/2001,CLT,NC,ASO,ES,Towers with Radar,660,542,153,8,1363,0,4,27,0,31,660,546,180,8,1394,0,0,0,1394
11/14/2001,CLT,NC,ASO,ES,Towers with Radar,663,585,167,12,1427,0,5,36,0,41,663,590,203,12,1468,0,0,0,1468
11/15/2001,CLT,NC,ASO,ES,Towers with Radar,665,581,183,15,1444,0,1,23,0,24,665,582,206,15,1468,0,0,0,1468
11/16/2001,CLT,NC,ASO,ES,Towers with Radar,660,578,144,8,1390,0,1,31,0,32,660,579,175,8,1422,0,0,0,1422
11/17/2001,CLT,NC,ASO,ES,Towers with Radar,522,395,73,6,996,124,0,0,0,124,646,395,73,6,1120,0,0,0,1120
11/18/2001,CLT,NC,ASO,ES,Towers with Radar,566,414,94,8,1082,55,0,15,2,72,621,414,109,10,1154,0,0,0,1154
11/19/2001,CLT,NC,ASO,ES,Towers with Radar,639,499,107,8,1253,0,19,30,3,52,639,518,137,11,1305,0,0,0,1305
11/20/2001,CLT,NC,ASO,ES,Towers with Radar,661,556,119,8,1344,0,20,34,2,56,661,576,153,10,1400,0,0,0,1400
11/21/2001,CLT,NC,ASO,ES,Towers with Radar,672,562,118,6,1358,0,1,37,0,38,672,563,155,6,1396,0,0,0,1396
11/22/2001,CLT,NC,ASO,ES,Towers with Radar,611,430,36,1,1078,0,1,18,0,19,611,431,54,1,1097,0,0,0,1097
11/23/2001,CLT,NC,ASO,ES,Towers with Radar,594,375,57,5,1031,0,1,15,0,16,594,376,72,5,1047,0,0,0,1047
11/24/2001,CLT,NC,ASO,ES,Towers with Radar,612,428,36,4,1080,0,0,5,0,5,612,428,41,4,1085,0,0,0,1085
11/25/2001,CLT,NC,ASO,ES,Towers with Radar,624,483,96,5,1208,0,0,11,0,11,624,483,107,5,1219,0,0,0,1219
11/26/2001,CLT,NC,ASO,ES,Towers with Radar,630,412,105,7,1154,33,0,24,5,62,663,412,129,12,1216,0,0,0,1216
11/27/2001,CLT,NC,ASO,ES,Towers with Radar,677,448,119,6,1250,0,5,25,0,30,677,453,144,6,1280,0,0,0,1280
11/28/2001,CLT,NC,ASO,ES,Towers with Radar,651,523,112,6,1292,0,45,15,0,60,651,568,127,6,1352,0,0,0,1352
11/29/2001,CLT,NC,ASO,ES,Towers with Radar,653,547,155,7,1362,0,4,21,0,25,653,551,176,7,1387,0,0,0,1387
11/30/2001,CLT,NC,ASO,ES,Towers with Radar,661,529,114,5,1309,0,18,34,0,52,661,547,148,5,1361,0,0,0,1361
12/01/2001,CLT,NC,ASO,ES,Towers with Radar,544,399,62,9,1014,19,12,8,1,40,563,411,70,10,1054,0,0,0,1054
12/02/2001,CLT,NC,ASO,ES,Towers with Radar,601,424,79,7,1111,4,0,0,0,4,605,424,79,7,1115,0,0,0,1115
12/03/2001,CLT,NC,ASO,ES,Towers with Radar,653,503,107,4,1267,0,13,50,0,63,653,516,157,4,1330,0,0,0,1330
12/04/2001,CLT,NC,ASO,ES,Towers with Radar,677,563,152,23,1415,4,1,32,0,37,681,564,184,23,1452,0,0,0,1452
12/05/2001,CLT,NC,ASO,ES,Towers with Radar,673,566,119,8,1366,0,1,65,6,72,673,567,184,14,1438,0,0,0,1438
12/06/2001,CLT,NC,ASO,ES,Towers with Radar,679,543,114,8,1344,0,12,46,3,61,679,555,160,11,1405,0,0,0,1405
12/07/2001,CLT,NC,ASO,ES,Towers with Radar,684,557,128,9,1378,3,0,19,0,22,687,557,147,9,1400,0,0,0,1400
12/08/2001,CLT,NC,ASO,ES,Towers with Radar,653,389,49,0,1091,3,0,0,0,3,656,389,49,0,1094,0,0,0,1094
12/09/2001,CLT,NC,ASO,ES,Towers with Radar,644,410,65,3,1122,3,0,8,0,11,647,410,73,3,1133,0,0,0,1133
12/10/2001,CLT,NC,ASO,ES,Towers with Radar,634,489,104,7,1234,0,43,22,2,67,634,532,126,9,1301,0,0,0,1301
12/11/2001,CLT,NC,ASO,ES,Towers with Radar,678,550,119,8,1355,0,0,58,4,62,678,550,177,12,1417,0,0,0,1417
12/12/2001,CLT,NC,ASO,ES,Towers with Radar,677,531,112,8,1328,0,20,25,3,48,677,551,137,11,1376,0,0,0,1376
12/13/2001,CLT,NC,ASO,ES,Towers with Radar,687,513,114,5,1319,3,0,0,0,3,690,513,114,5,1322,0,0,0,1322
12/14/2001,CLT,NC,ASO,ES,Towers with Radar,613,437,96,5,1151,501,0,27,0,528,1114,437,123,5,1679,0,0,0,1679
12/15/2001,CLT,NC,ASO,ES,Towers with Radar,578,421,83,6,1088,90,0,0,0,90,668,421,83,6,1178,0,0,0,1178
12/16/2001,CLT,NC,ASO,ES,Towers with Radar,637,394,46,3,1080,3,0,0,0,3,640,394,46,3,1083,0,0,0,1083
12/17/2001,CLT,NC,ASO,ES,Towers with Radar,686,492,109,5,1292,0,0,61,0,61,686,492,170,5,1353,0,0,0,1353
12/18/2001,CLT,NC,ASO,ES,Towers with Radar,568,422,144,15,1149,3,0,13,3,19,571,422,157,18,1168,0,0,0,1168
12/19/2001,CLT,NC,ASO,ES,Towers with Radar,711,586,178,22,1497,3,0,23,1,27,714,586,201,23,1524,0,0,0,1524
12/20/2001,CLT,NC,ASO,ES,Towers with Radar,698,558,144,7,1407,4,0,19,4,27,702,558,163,11,1434,0,0,0,1434
12/21/2001,CLT,NC,ASO,ES,Towers with Radar,679,558,93,1,1331,4,0,28,1,33,683,558,121,2,1364,0,0,0,1364
12/22/2001,CLT,NC,ASO,ES,Towers with Radar,673,402,52,5,1132,4,0,14,1,19,677,402,66,6,1151,0,0,0,1151
12/23/2001,CLT,NC,ASO,ES,Towers with Radar,642,377,63,1,1083,4,0,0,1,5,646,377,63,2,1088,0,0,0,1088
12/24/2001,CLT,NC,ASO,ES,Towers with Radar,617,427,31,4,1079,4,0,9,0,13,621,427,40,4,1092,0,0,0,1092
12/25/2001,CLT,NC,ASO,ES,Towers with Radar,586,385,19,2,992,4,3,0,0,7,590,388,19,2,999,0,0,0,999
12/26/2001,CLT,NC,ASO,ES,Towers with Radar,627,488,56,7,1178,4,0,0,0,4,631,488,56,7,1182,0,0,0,1182
12/27/2001,CLT,NC,ASO,ES,Towers with Radar,681,553,85,7,1326,4,0,0,0,4,685,553,85,7,1330,0,0,0,1330
12/28/2001,CLT,NC,ASO,ES,Towers with Radar,671,539,49,5,1264,4,0,0,0,4,675,539,49,5,1268,0,0,0,1268
12/29/2001,CLT,NC,ASO,ES,Towers with Radar,552,397,32,3,984,110,0,0,0,110,662,397,32,3,1094,0,0,0,1094
12/30/2001,CLT,NC,ASO,ES,Towers with Radar,550,403,74,4,1031,91,20,0,0,111,641,423,74,4,1142,0,0,0,1142
12/31/2001,CLT,NC,ASO,ES,Towers with Radar,554,405,41,1,1001,70,42,0,0,112,624,447,41,1,1113,0,0,0,1113
01/01/2002,CLT,NC,ASO,ES,Towers with Radar,567,439,62,1,1069,100,0,0,0,100,667,439,62,1,1169,0,0,0,1169
01/02/2002,CLT,NC,ASO,ES,Towers with Radar,610,461,93,5,1169,58,0,2,0,60,668,461,95,5,1229,0,0,0,1229
01/03/2002,CLT,NC,ASO,ES,Towers with Radar,620,350,50,2,1022,14,0,0,0,14,634,350,50,2,1036,0,0,0,1036
01/04/2002,CLT,NC,ASO,ES,Towers with Radar,671,534,73,5,1283,14,2,22,0,38,685,536,95,5,1321,0,0,0,1321
01/05/2002,CLT,NC,ASO,ES,Towers with Radar,592,398,50,6,1046,14,2,15,0,31,606,400,65,6,1077,0,0,0,1077
01/06/2002,CLT,NC,ASO,ES,Towers with Radar,580,381,50,5,1016,14,0,0,0,14,594,381,50,5,1030,0,0,0,1030
01/07/2002,CLT,NC,ASO,ES,Towers with Radar,634,495,97,4,1230,28,15,8,0,51,662,510,105,4,1281,0,0,0,1281
01/08/2002,CLT,NC,ASO,ES,Towers with Radar,669,552,108,9,1338,0,19,28,13,60,669,571,136,22,1398,0,0,0,1398
01/09/2002,CLT,NC,ASO,ES,Towers with Radar,674,555,108,9,1346,0,1,51,7,59,674,556,159,16,1405,0,0,0,1405
01/10/2002,CLT,NC,ASO,ES,Towers with Radar,674,551,108,9,1342,0,10,40,3,53,674,561,148,12,1395,0,0,0,1395
01/11/2002,CLT,NC,ASO,ES,Towers with Radar,672,551,108,6,1337,0,8,58,0,66,672,559,166,6,1403,0,0,0,1403
01/12/2002,CLT,NC,ASO,ES,Towers with Radar,598,390,58,5,1051,14,0,18,0,32,612,390,76,5,1083,0,0,0,1083
01/13/2002,CLT,NC,ASO,ES,Towers with Radar,608,414,56,4,1082,14,0,4,0,18,622,414,60,4,1100,0,0,0,1100
01/14/2002,CLT,NC,ASO,ES,Towers with Radar,617,483,94,4,1198,26,36,19,0,81,643,519,113,4,1279,0,0,0,1279
01/15/2002,CLT,NC,ASO,ES,Towers with Radar,671,554,107,10,1342,0,1,42,13,56,671,555,149,23,1398,0,0,0,1398
01/16/2002,CLT,NC,ASO,ES,Towers with Radar,663,555,107,10,1335,0,22,52,0,74,663,577,159,10,1409,0,0,0,1409
01/17/2002,CLT,NC,ASO,ES,Towers with Radar,682,570,113,11,1376,0,0,70,3,73,682,570,183,14,1449,0,0,0,1449
01/18/2002,CLT,NC,ASO,ES,Towers with Radar,665,568,143,2,1378,14,0,29,0,43,679,568,172,2,1421,0,0,0,1421
01/19/2002,CLT,NC,ASO,ES,Towers with Radar,584,379,18,4,985,14,0,0,0,14,598,379,18,4,999,0,0,0,999
01/20/2002,CLT,NC,ASO,ES,Towers with Radar,612,417,55,6,1090,14,0,8,0,22,626,417,63,6,1112,0,0,0,1112
01/21/2002,CLT,NC,ASO,ES,Towers with Radar,637,492,72,1,1202,14,0,5,0,19,651,492,77,1,1221,0,0,0,1221
01/22/2002,CLT,NC,ASO,ES,Towers with Radar,672,528,107,10,1317,0,0,53,7,60,672,528,160,17,1377,0,0,0,1377
01/23/2002,CLT,NC,ASO,ES,Towers with Radar,651,559,109,11,1330,0,0,44,5,49,651,559,153,16,1379,0,0,0,1379
01/24/2002,CLT,NC,ASO,ES,Towers with Radar,677,552,132,10,1371,14,1,1,0,16,691,553,133,10,1387,0,0,0,1387
01/25/2002,CLT,NC,ASO,ES,Towers with Radar,658,573,130,5,1366,14,4,14,0,32,672,577,144,5,1398,0,0,0,1398
01/26/2002,CLT,NC,ASO,ES,Towers with Radar,523,402,72,0,997,82,0,0,0,82,605,402,72,0,1079,0,0,0,1079
01/27/2002,CLT,NC,ASO,ES,Towers with Radar,606,418,71,0,1095,13,0,11,0,24,619,418,82,0,1119,0,0,0,1119
01/28/2002,CLT,NC,ASO,ES,Towers with Radar,644,514,100,7,1265,0,6,35,0,41,644,520,135,7,1306,0,0,0,1306
01/29/2002,CLT,NC,ASO,ES,Towers with Radar,644,565,140,17,1366,14,4,26,0,44,658,569,166,17,1410,0,0,0,1410
01/30/2002,CLT,NC,ASO,ES,Towers with Radar,660,570,110,10,1350,0,14,53,6,73,660,584,163,16,1423,0,0,0,1423
01/31/2002,CLT,NC,ASO,ES,Towers with Radar,653,542,146,14,1355,13,5,15,0,33,666,547,161,14,1388,0,0,0,1388
02/01/2002,CLT,NC,ASO,ES,Towers with Radar,639,509,106,8,1262,0,23,0,6,29,639,532,106,14,1291,0,0,0,1291
02/02/2002,CLT,NC,ASO,ES,Towers with Radar,609,395,42,6,1052,8,0,29,0,37,617,395,71,6,1089,0,0,0,1089
02/03/2002,CLT,NC,ASO,ES,Towers with Radar,549,405,61,7,1022,69,0,0,1,70,618,405,61,8,1092,0,0,0,1092
02/04/2002,CLT,NC,ASO,ES,Towers with Radar,643,509,94,0,1246,8,0,0,0,8,651,509,94,0,1254,0,0,0,1254
02/05/2002,CLT,NC,ASO,ES,Towers with Radar,672,541,116,9,1338,0,23,34,4,61,672,564,150,13,1399,0,0,0,1399
02/06/2002,CLT,NC,ASO,ES,Towers with Radar,662,531,119,8,1320,8,0,0,0,8,670,531,119,8,1328,0,0,0,1328
02/07/2002,CLT,NC,ASO,ES,Towers with Radar,677,554,135,4,1370,8,0,0,0,8,685,554,135,4,1378,0,0,0,1378
02/08/2002,CLT,NC,ASO,ES,Towers with Radar,687,552,122,8,1369,0,0,28,13,41,687,552,150,21,1410,0,0,0,1410
02/09/2002,CLT,NC,ASO,ES,Towers with Radar,616,385,57,5,1063,8,2,36,0,46,624,387,93,5,1109,0,0,0,1109
02/10/2002,CLT,NC,ASO,ES,Towers with Radar,596,412,77,5,1090,8,0,2,0,10,604,412,79,5,1100,0,0,0,1100
02/11/2002,CLT,NC,ASO,ES,Towers with Radar,668,511,110,2,1291,12,0,43,0,55,680,511,153,2,1346,0,0,0,1346
02/12/2002,CLT,NC,ASO,ES,Towers with Radar,688,559,119,9,1375,0,0,57,0,57,688,559,176,9,1432,0,0,0,1432
02/13/2002,CLT,NC,ASO,ES,Towers with Radar,666,558,130,9,1363,8,0,0,0,8,674,558,130,9,1371,0,0,0,1371
02/14/2002,CLT,NC,ASO,ES,Towers with Radar,685,551,117,9,1362,0,3,3,3,9,685,554,120,12,1371,0,0,0,1371
02/15/2002,CLT,NC,ASO,ES,Towers with Radar,679,547,108,13,1347,8,0,0,0,8,687,547,108,13,1355,0,0,0,1355
02/16/2002,CLT,NC,ASO,ES,Towers with Radar,613,391,44,5,1053,8,0,0,0,8,621,391,44,5,1061,0,0,0,1061
02/17/2002,CLT,NC,ASO,ES,Towers with Radar,607,415,82,4,1108,8,0,19,0,27,615,415,101,4,1135,0,0,0,1135
02/18/2002,CLT,NC,ASO,ES,Towers with Radar,636,491,105,5,1237,18,6,39,0,63,654,497,144,5,1300,0,0,0,1300
02/19/2002,CLT,NC,ASO,ES,Towers with Radar,673,523,172,11,1379,8,5,52,2,67,681,528,224,13,1446,0,0,0,1446
02/20/2002,CLT,NC,ASO,ES,Towers with Radar,670,547,134,7,1358,8,8,18,0,34,678,555,152,7,1392,0,0,0,1392
02/21/2002,CLT,NC,ASO,ES,Towers with Radar,682,569,121,10,1382,0,10,89,7,106,682,579,210,17,1488,0,0,0,1488
02/22/2002,CLT,NC,ASO,ES,Towers with Radar,677,557,122,9,1365,8,8,42,0,58,685,565,164,9,1423,0,0,0,1423
02/23/2002,CLT,NC,ASO,ES,Towers with Radar,618,391,54,9,1072,8,2,29,1,40,626,393,83,10,1112,0,0,0,1112
02/24/2002,CLT,NC,ASO,ES,Towers with Radar,606,423,71,5,1105,8,1,19,0,28,614,424,90,5,1133,0,0,0,1133
02/25/2002,CLT,NC,ASO,ES,Towers with Radar,637,490,105,8,1240,14,25,39,0,78,651,515,144,8,1318,0,0,0,1318
02/26/2002,CLT,NC,ASO,ES,Towers with Radar,683,551,109,5,1348,7,12,10,1,30,690,563,119,6,1378,0,0,0,1378
02/27/2002,CLT,NC,ASO,ES,Towers with Radar,670,559,133,9,1371,7,4,27,4,42,677,563,160,13,1413,0,0,0,1413
02/28/2002,CLT,NC,ASO,ES,Towers with Radar,683,536,114,9,1342,0,27,27,2,56,683,563,141,11,1398,0,0,0,1398
03/01/2002,CLT,NC,ASO,ES,Towers with Radar,672,527,124,6,1329,0,51,46,0,97,672,578,170,6,1426,0,0,0,1426
03/02/2002,CLT,NC,ASO,ES,Towers with Radar,613,396,45,1,1055,8,4,0,0,12,621,400,45,1,1067,0,0,0,1067
03/03/2002,CLT,NC,ASO,ES,Towers with Radar,606,431,59,8,1104,8,2,0,0,10,614,433,59,8,1114,0,0,0,1114
03/04/2002,CLT,NC,ASO,ES,Towers with Radar,660,489,116,5,1270,3,22,9,0,34,663,511,125,5,1304,0,0,0,1304
03/05/2002,CLT,NC,ASO,ES,Towers with Radar,680,540,123,9,1352,8,1,0,0,9,688,541,123,9,1361,0,0,0,1361
03/06/2002,CLT,NC,ASO,ES,Towers with Radar,688,539,127,7,1361,0,10,10,5,25,688,549,137,12,1386,0,0,0,1386
03/07/2002,CLT,NC,ASO,ES,Towers with Radar,691,558,134,7,1390,0,0,56,0,56,691,558,190,7,1446,0,0,0,1446
03/08/2002,CLT,NC,ASO,ES,Towers with Radar,688,549,129,6,1372,0,34,89,0,123,688,583,218,6,1495,0,0,0,1495
03/09/2002,CLT,NC,ASO,ES,Towers with Radar,554,402,98,1,1055,71,0,8,0,79,625,402,106,1,1134,0,0,0,1134
03/10/2002,CLT,NC,ASO,ES,Towers with Radar,617,449,116,9,1191,8,2,28,3,41,625,451,144,12,1232,0,0,0,1232
03/11/2002,CLT,NC,ASO,ES,Towers with Radar,636,480,114,7,1237,0,8,35,1,44,636,488,149,8,1281,0,0,0,1281
03/12/2002,CLT,NC,ASO,ES,Towers with Radar,667,565,127,13,1372,8,4,0,0,12,675,569,127,13,1384,0,0,0,1384
03/13/2002,CLT,NC,ASO,ES,Towers with Radar,694,570,134,7,1405,0,2,26,0,28,694,572,160,7,1433,0,0,0,1433
03/14/2002,CLT,NC,ASO,ES,Towers with Radar,683,500,142,10,1335,8,5,26,0,39,691,505,168,10,1374,0,0,0,1374
03/15/2002,CLT,NC,ASO,ES,Towers with Radar,675,557,113,13,1358,8,0,33,0,41,683,557,146,13,1399,0,0,0,1399
03/16/2002,CLT,NC,ASO,ES,Towers with Radar,625,395,43,1,1064,8,2,13,2,25,633,397,56,3,1089,0,0,0,1089
03/17/2002,CLT,NC,ASO,ES,Towers with Radar,625,404,61,3,1093,8,1,0,0,9,633,405,61,3,1102,0,0,0,1102
03/18/2002,CLT,NC,ASO,ES,Towers with Radar,660,490,116,7,1273,9,5,23,1,38,669,495,139,8,1311,0,0,0,1311
03/19/2002,CLT,NC,ASO,ES,Towers with Radar,623,439,110,7,1179,0,0,21,0,21,623,439,131,7,1200,0,0,0,1200
03/20/2002,CLT,NC,ASO,ES,Towers with Radar,693,536,129,9,1367,0,0,27,11,38,693,536,156,20,1405,0,0,0,1405
03/21/2002,CLT,NC,ASO,ES,Towers with Radar,705,551,182,11,1449,8,2,17,0,27,713,553,199,11,1476,0,0,0,1476
03/22/2002,CLT,NC,ASO,ES,Towers with Radar,662,488,115,8,1273,8,8,39,3,58,670,496,154,11,1331,0,0,0,1331
03/23/2002,CLT,NC,ASO,ES,Towers with Radar,636,381,77,5,1099,8,4,24,4,40,644,385,101,9,1139,0,0,0,1139
03/24/2002,CLT,NC,ASO,ES,Towers with Radar,564,414,75,6,1059,90,0,0,0,90,654,414,75,6,1149,0,0,0,1149
03/25/2002,CLT,NC,ASO,ES,Towers with Radar,661,479,115,7,1262,11,0,26,0,37,672,479,141,7,1299,0,0,0,1299
03/26/2002,CLT,NC,ASO,ES,Towers with Radar,682,522,115,12,1331,8,5,12,0,25,690,527,127,12,1356,0,0,0,1356
03/27/2002,CLT,NC,ASO,ES,Towers with Radar,706,546,170,3,1425,8,4,44,0,56,714,550,214,3,1481,0,0,0,1481
03/28/2002,CLT,NC,ASO,ES,Towers with Radar,705,531,129,8,1373,0,0,27,5,32,705,531,156,13,1405,0,0,0,1405
03/29/2002,CLT,NC,ASO,ES,Towers with Radar,712,526,106,5,1349,1,4,0,0,5,713,530,106,5,1354,0,0,0,1354
03/30/2002,CLT,NC,ASO,ES,Towers with Radar,534,387,52,5,978,95,0,0,1,96,629,387,52,6,1074,0,0,0,1074
03/31/2002,CLT,NC,ASO,ES,Towers with Radar,562,356,32,4,954,7,2,0,0,9,569,358,32,4,963,0,0,0,963
04/01/2002,CLT,NC,ASO,ES,Towers with Radar,687,507,127,7,1328,0,5,18,2,25,687,512,145,9,1353,0,0,0,1353
04/02/2002,CLT,NC,ASO,ES,Towers with Radar,686,531,118,1,1336,10,0,0,0,10,696,531,118,1,1346,0,0,0,1346
04/03/2002,CLT,NC,ASO,ES,Towers with Radar,688,510,127,1,1326,0,31,60,0,91,688,541,187,1,1417,0,0,0,1417
04/04/2002,CLT,NC,ASO,ES,Towers with Radar,691,528,138,6,1363,10,4,37,0,51,701,532,175,6,1414,0,0,0,1414
04/05/2002,CLT,NC,ASO,ES,Towers with Radar,699,512,115,8,1334,0,13,0,4,17,699,525,115,12,1351,0,0,0,1351
04/06/2002,CLT,NC,ASO,ES,Towers with Radar,635,371,67,9,1082,10,0,0,0,10,645,371,67,9,1092,0,0,0,1092
04/07/2002,CLT,NC,ASO,ES,Towers with Radar,606,400,88,9,1103,10,0,18,1,29,616,400,106,10,1132,0,0,0,1132
04/08/2002,CLT,NC,ASO,ES,Towers with Radar,679,490,127,5,1301,0,0,22,0,22,679,490,149,5,1323,0,0,0,1323
04/09/2002,CLT,NC,ASO,ES,Towers with Radar,700,534,114,5,1353,10,0,0,0,10,710,534,114,5,1363,0,0,0,1363
04/10/2002,CLT,NC,ASO,ES,Towers with Radar,707,559,140,8,1414,0,15,20,0,35,707,574,160,8,1449,0,0,0,1449
04/11/2002,CLT,NC,ASO,ES,Towers with Radar,688,544,151,16,1399,10,0,0,0,10,698,544,151,16,1409,0,0,0,1409
04/12/2002,CLT,NC,ASO,ES,Towers with Radar,678,551,153,12,1394,10,3,2,0,15,688,554,155,12,1409,0,0,0,1409
04/13/2002,CLT,NC,ASO,ES,Towers with Radar,644,390,56,0,1090,10,0,4,0,14,654,390,60,0,1104,0,0,0,1104
04/14/2002,CLT,NC,ASO,ES,Towers with Radar,602,408,67,5,1082,10,0,8,0,18,612,408,75,5,1100,0,0,0,1100
04/15/2002,CLT,NC,ASO,ES,Towers with Radar,680,497,125,7,1309,0,24,32,1,57,680,521,157,8,1366,0,0,0,1366
04/16/2002,CLT,NC,ASO,ES,Towers with Radar,694,530,144,9,1377,10,7,39,0,56,704,537,183,9,1433,0,0,0,1433
04/17/2002,CLT,NC,ASO,ES,Towers with Radar,691,523,134,7,1355,0,0,70,2,72,691,523,204,9,1427,0,0,0,1427
04/18/2002,CLT,NC,ASO,ES,Towers with Radar,671,499,187,10,1367,10,6,38,1,55,681,505,225,11,1422,0,0,0,1422
04/19/2002,CLT,NC,ASO,ES,Towers with Radar,681,504,130,7,1322,0,0,70,6,76,681,504,200,13,1398,0,0,0,1398
04/20/2002,CLT,NC,ASO,ES,Towers with Radar,662,386,74,11,1133,10,3,26,0,39,672,389,100,11,1172,0,0,0,1172
04/21/2002,CLT,NC,ASO,ES,Towers with Radar,615,391,77,5,1088,10,0,0,0,10,625,391,77,5,1098,0,0,0,1098
04/22/2002,CLT,NC,ASO,ES,Towers with Radar,668,468,85,1,1222,10,5,23,0,38,678,473,108,1,1260,0,0,0,1260
04/23/2002,CLT,NC,ASO,ES,Towers with Radar,698,522,131,7,1358,0,17,42,4,63,698,539,173,11,1421,0,0,0,1421
04/24/2002,CLT,NC,ASO,ES,Towers with Radar,678,526,124,9,1337,10,2,43,0,55,688,528,167,9,1392,0,0,0,1392
04/25/2002,CLT,NC,ASO,ES,Towers with Radar,698,527,171,7,1403,10,5,29,0,44,708,532,200,7,1447,0,0,0,1447
04/26/2002,CLT,NC,ASO,ES,Towers with Radar,708,524,131,7,1370,0,15,36,1,52,708,539,167,8,1422,0,0,0,1422
04/27/2002,CLT,NC,ASO,ES,Towers with Radar,641,381,70,3,1095,11,2,22,1,36,652,383,92,4,1131,0,0,0,1131
04/28/2002,CLT,NC,ASO,ES,Towers with Radar,588,390,87,2,1067,9,0,8,0,17,597,390,95,2,1084,0,0,0,1084
04/29/2002,CLT,NC,ASO,ES,Towers with Radar,659,471,121,6,1257,47,0,46,1,94,706,471,167,7,1351,0,0,0,1351
04/30/2002,CLT,NC,ASO,ES,Towers with Radar,698,510,128,7,1343,0,23,42,0,65,698,533,170,7,1408,0,0,0,1408
05/01/2002,CLT,NC,ASO,ES,Towers with Radar,695,526,138,8,1367,2,3,28,0,33,697,529,166,8,1400,0,0,0,1400
05/02/2002,CLT,NC,ASO,ES,Towers with Radar,636,493,135,0,1264,2,3,22,0,27,638,496,157,0,1291,0,0,0,1291
05/03/2002,CLT,NC,ASO,ES,Towers with Radar,726,526,137,5,1394,2,3,10,1,16,728,529,147,6,1410,0,0,0,1410
05/04/2002,CLT,NC,ASO,ES,Towers with Radar,646,379,70,9,1104,2,1,2,0,5,648,380,72,9,1109,0,0,0,1109
05/05/2002,CLT,NC,ASO,ES,Towers with Radar,617,393,78,5,1093,2,2,20,2,26,619,395,98,7,1119,0,0,0,1119
05/06/2002,CLT,NC,ASO,ES,Towers with Radar,666,470,113,2,1251,2,4,37,1,44,668,474,150,3,1295,0,0,0,1295
05/07/2002,CLT,NC,ASO,ES,Towers with Radar,679,485,124,5,1293,0,34,44,0,78,679,519,168,5,1371,0,0,0,1371
05/08/2002,CLT,NC,ASO,ES,Towers with Radar,691,538,138,7,1374,0,0,69,0,69,691,538,207,7,1443,0,0,0,1443
05/09/2002,CLT,NC,ASO,ES,Towers with Radar,682,517,167,8,1374,2,2,30,0,34,684,519,197,8,1408,0,0,0,1408
05/10/2002,CLT,NC,ASO,ES,Towers with Radar,702,501,129,1,1333,0,0,44,0,44,702,501,173,1,1377,0,0,0,1377
05/11/2002,CLT,NC,ASO,ES,Towers with Radar,559,388,95,1,1043,76,0,0,0,76,635,388,95,1,1119,0,0,0,1119
05/12/2002,CLT,NC,ASO,ES,Towers with Radar,598,389,69,1,1057,2,1,14,0,17,600,390,83,1,1074,0,0,0,1074
05/13/2002,CLT,NC,ASO,ES,Towers with Radar,627,418,113,5,1163,8,0,11,0,19,635,418,124,5,1182,0,0,0,1182
05/14/2002,CLT,NC,ASO,ES,Towers with Radar,644,453,128,5,1230,2,5,35,0,42,646,458,163,5,1272,0,0,0,1272
05/15/2002,CLT,NC,ASO,ES,Towers with Radar,690,522,134,6,1352,0,1,52,0,53,690,523,186,6,1405,0,0,0,1405
05/16/2002,CLT,NC,ASO,ES,Towers with Radar,687,513,144,6,1350,2,8,45,2,57,689,521,189,8,1407,0,0,0,1407
05/17/2002,CLT,NC,ASO,ES,Towers with Radar,683,515,142,9,1349,2,7,45,0,54,685,522,187,9,1403,0,0,0,1403
05/18/2002,CLT,NC,ASO,ES,Towers with Radar,631,379,47,7,1064,2,3,20,0,25,633,382,67,7,1089,0,0,0,1089
05/19/2002,CLT,NC,ASO,ES,Towers with Radar,615,393,75,2,1085,2,5,26,0,33,617,398,101,2,1118,0,0,0,1118
05/20/2002,CLT,NC,ASO,ES,Towers with Radar,654,460,118,2,1234,16,2,12,0,30,670,462,130,2,1264,0,0,0,1264
05/21/2002,CLT,NC,ASO,ES,Towers with Radar,693,521,121,10,1345,2,5,44,2,53,695,526,165,12,1398,0,0,0,1398
05/22/2002,CLT,NC,ASO,ES,Towers with Radar,681,505,130,6,1322,0,12,65,5,82,681,517,195,11,1404,0,0,0,1404
05/23/2002,CLT,NC,ASO,ES,Towers with Radar,706,523,167,7,1403,2,2,33,0,37,708,525,200,7,1440,0,0,0,1440
05/24/2002,CLT,NC,ASO,ES,Towers with Radar,682,510,131,6,1329,0,18,50,4,72,682,528,181,10,1401,0,0,0,1401
05/25/2002,CLT,NC,ASO,ES,Towers with Radar,528,364,78,4,974,106,0,0,4,110,634,364,78,8,1084,0,0,0,1084
05/26/2002,CLT,NC,ASO,ES,Towers with Radar,579,343,44,9,975,1,3,48,1,53,580,346,92,10,1028,0,0,0,1028
05/27/2002,CLT,NC,ASO,ES,Towers with Radar,597,397,95,5,1094,15,0,0,1,16,612,397,95,6,1110,0,0,0,1110
05/28/2002,CLT,NC,ASO,ES,Towers with Radar,672,466,121,6,1265,11,0,43,3,57,683,466,164,9,1322,0,0,0,1322
05/29/2002,CLT,NC,ASO,ES,Towers with Radar,692,513,132,6,1343,0,5,45,3,53,692,518,177,9,1396,0,0,0,1396
05/30/2002,CLT,NC,ASO,ES,Towers with Radar,635,478,186,15,1314,1,1,14,0,16,636,479,200,15,1330,0,0,0,1330
05/31/2002,CLT,NC,ASO,ES,Towers with Radar,716,525,159,7,1407,1,2,19,0,22,717,527,178,7,1429,0,0,0,1429
06/01/2002,CLT,NC,ASO,ES,Towers with Radar,648,379,52,13,1092,0,2,20,0,22,648,381,72,13,1114,0,0,0,1114
06/02/2002,CLT,NC,ASO,ES,Towers with Radar,579,390,102,5,1076,54,0,7,0,61,633,390,109,5,1137,0,0,0,1137
06/03/2002,CLT,NC,ASO,ES,Towers with Radar,668,460,124,7,1259,0,6,33,0,39,668,466,157,7,1298,0,0,0,1298
06/04/2002,CLT,NC,ASO,ES,Towers with Radar,674,506,138,10,1328,0,4,32,0,36,674,510,170,10,1364,0,0,0,1364
06/05/2002,CLT,NC,ASO,ES,Towers with Radar,669,503,181,19,1372,0,7,43,1,51,669,510,224,20,1423,0,0,0,1423
06/06/2002,CLT,NC,ASO,ES,Towers with Radar,627,452,120,6,1205,0,0,52,2,54,627,452,172,8,1259,0,0,0,1259
06/07/2002,CLT,NC,ASO,ES,Towers with Radar,748,519,138,5,1410,0,0,51,0,51,748,519,189,5,1461,0,0,0,1461
06/08/2002,CLT,NC,ASO,ES,Towers with Radar,577,382,84,4,1047,67,0,0,0,67,644,382,84,4,1114,0,0,0,1114
06/09/2002,CLT,NC,ASO,ES,Towers with Radar,601,396,105,5,1107,41,0,22,0,63,642,396,127,5,1170,0,0,0,1170
06/10/2002,CLT,NC,ASO,ES,Towers with Radar,668,468,111,7,1254,0,5,42,0,47,668,473,153,7,1301,0,0,0,1301
06/11/2002,CLT,NC,ASO,ES,Towers with Radar,689,519,105,4,1317,0,8,0,0,8,689,527,105,4,1325,0,0,0,1325
06/12/2002,CLT,NC,ASO,ES,Towers with Radar,689,501,129,1,1320,0,5,36,0,41,689,506,165,1,1361,0,0,0,1361
06/13/2002,CLT,NC,ASO,ES,Towers with Radar,652,442,126,17,1237,0,1,2,0,3,652,443,128,17,1240,0,0,0,1240
06/14/2002,CLT,NC,ASO,ES,Towers with Radar,690,487,126,4,1307,0,9,48,0,57,690,496,174,4,1364,0,0,0,1364
06/15/2002,CLT,NC,ASO,ES,Towers with Radar,558,372,67,4,1001,86,0,0,1,87,644,372,67,5,1088,0,0,0,1088
06/16/2002,CLT,NC,ASO,ES,Towers with Radar,629,385,70,0,1084,0,2,23,1,26,629,387,93,1,1110,0,0,0,1110
06/17/2002,CLT,NC,ASO,ES,Towers with Radar,670,467,122,8,1267,0,5,26,1,32,670,472,148,9,1299,0,0,0,1299
06/18/2002,CLT,NC,ASO,ES,Towers with Radar,669,485,126,7,1287,0,16,36,2,54,669,501,162,9,1341,0,0,0,1341
06/19/2002,CLT,NC,ASO,ES,Towers with Radar,687,512,128,4,1331,0,9,34,1,44,687,521,162,5,1375,0,0,0,1375
06/20/2002,CLT,NC,ASO,ES,Towers with Radar,693,516,134,6,1349,0,5,63,2,70,693,521,197,8,1419,0,0,0,1419
06/21/2002,CLT,NC,ASO,ES,Towers with Radar,695,500,130,6,1331,0,10,50,14,74,695,510,180,20,1405,0,0,0,1405
06/22/2002,CLT,NC,ASO,ES,Towers with Radar,562,372,69,3,1006,111,0,0,0,111,673,372,69,3,1117,0,0,0,1117
06/23/2002,CLT,NC,ASO,ES,Towers with Radar,587,394,73,3,1057,73,0,0,0,73,660,394,73,3,1130,0,0,0,1130
06/24/2002,CLT,NC,ASO,ES,Towers with Radar,641,445,133,4,1223,0,1,1,0,2,641,446,134,4,1225,0,0,0,1225
06/25/2002,CLT,NC,ASO,ES,Towers with Radar,674,485,126,8,1293,0,21,2,8,31,674,506,128,16,1324,0,0,0,1324
06/26/2002,CLT,NC,ASO,ES,Towers with Radar,670,520,135,6,1331,0,4,41,0,45,670,524,176,6,1376,0,0,0,1376
06/27/2002,CLT,NC,ASO,ES,Towers with Radar,654,516,175,5,1350,0,1,1,0,2,654,517,176,5,1352,0,0,0,1352
06/28/2002,CLT,NC,ASO,ES,Towers with Radar,725,509,160,9,1403,0,7,39,0,46,725,516,199,9,1449,0,0,0,1449
06/29/2002,CLT,NC,ASO,ES,Towers with Radar,678,371,66,0,1115,0,1,1,0,2,678,372,67,0,1117,0,0,0,1117
06/30/2002,CLT,NC,ASO,ES,Towers with Radar,593,403,87,3,1086,65,12,0,0,77,658,415,87,3,1163,0,0,0,1163
07/01/2002,CLT,NC,ASO,ES,Towers with Radar,661,445,83,0,1189,0,0,39,0,39,661,445,122,0,1228,0,0,0,1228
07/02/2002,CLT,NC,ASO,ES,Towers with Radar,653,488,80,5,1226,0,11,46,0,57,653,499,126,5,1283,0,0,0,1283
07/03/2002,CLT,NC,ASO,ES,Towers with Radar,686,500,88,1,1275,0,5,28,0,33,686,505,116,1,1308,0,0,0,1308
07/04/2002,CLT,NC,ASO,ES,Towers with Radar,572,387,49,0,1008,64,39,0,0,103,636,426,49,0,1111,0,0,0,1111
07/05/2002,CLT,NC,ASO,ES,Towers with Radar,579,380,15,0,974,0,10,32,0,42,579,390,47,0,1016,0,0,0,1016
07/06/2002,CLT,NC,ASO,ES,Towers with Radar,556,345,60,0,961,80,0,0,0,80,636,345,60,0,1041,0,0,0,1041
07/07/2002,CLT,NC,ASO,ES,Towers with Radar,642,419,75,0,1136,20,0,9,0,29,662,419,84,0,1165,0,0,0,1165
07/08/2002,CLT,NC,ASO,ES,Towers with Radar,674,458,79,2,1213,0,22,56,4,82,674,480,135,6,1295,0,0,0,1295
07/09/2002,CLT,NC,ASO,ES,Towers with Radar,687,505,94,4,1290,0,7,59,0,66,687,512,153,4,1356,0,0,0,1356
07/10/2002,CLT,NC,ASO,ES,Towers with Radar,686,517,110,4,1317,0,6,53,0,59,686,523,163,4,1376,0,0,0,1376
07/11/2002,CLT,NC,ASO,ES,Towers with Radar,696,522,108,0,1326,0,3,25,0,28,696,525,133,0,1354,0,0,0,1354
07/12/2002,CLT,NC,ASO,ES,Towers with Radar,696,522,107,5,1330,0,5,32,0,37,696,527,139,5,1367,0,0,0,1367
07/13/2002,CLT,NC,ASO,ES,Towers with Radar,669,378,31,6,1084,0,1,24,0,25,669,379,55,6,1109,0,0,0,1109
07/14/2002,CLT,NC,ASO,ES,Towers with Radar,665,406,44,9,1124,0,1,15,0,16,665,407,59,9,1140,0,0,0,1140
07/15/2002,CLT,NC,ASO,ES,Towers with Radar,664,455,71,5,1195,0,3,23,0,26,664,458,94,5,1221,0,0,0,1221
07/16/2002,CLT,NC,ASO,ES,Towers with Radar,695,542,129,1,1367,0,2,53,0,55,695,544,182,1,1422,0,0,0,1422
07/17/2002,CLT,NC,ASO,ES,Towers with Radar,688,525,121,0,1334,0,1,33,0,34,688,526,154,0,1368,0,0,0,1368
07/18/2002,CLT,NC,ASO,ES,Towers with Radar,682,489,85,3,1259,0,46,63,0,109,682,535,148,3,1368,0,0,0,1368
07/19/2002,CLT,NC,ASO,ES,Towers with Radar,677,507,99,6,1289,0,1,36,0,37,677,508,135,6,1326,0,0,0,1326
07/20/2002,CLT,NC,ASO,ES,Towers with Radar,536,342,61,2,941,93,0,0,0,93,629,342,61,2,1034,0,0,0,1034
07/21/2002,CLT,NC,ASO,ES,Towers with Radar,622,412,74,1,1109,33,0,16,0,49,655,412,90,1,1158,0,0,0,1158
07/22/2002,CLT,NC,ASO,ES,Towers with Radar,666,459,101,3,1229,0,1,30,2,33,666,460,131,5,1262,0,0,0,1262
07/23/2002,CLT,NC,ASO,ES,Towers with Radar,681,515,107,0,1303,0,2,39,0,41,681,517,146,0,1344,0,0,0,1344
07/24/2002,CLT,NC,ASO,ES,Towers with Radar,689,512,142,4,1347,0,1,27,0,28,689,513,169,4,1375,0,0,0,1375
07/25/2002,CLT,NC,ASO,ES,Towers with Radar,703,530,117,2,1352,0,2,9,0,11,703,532,126,2,1363,0,0,0,1363
07/26/2002,CLT,NC,ASO,ES,Towers with Radar,693,512,99,4,1308,0,1,26,0,27,693,513,125,4,1335,0,0,0,1335
07/27/2002,CLT,NC,ASO,ES,Towers with Radar,672,373,31,3,1079,0,1,29,0,30,672,374,60,3,1109,0,0,0,1109
07/28/2002,CLT,NC,ASO,ES,Towers with Radar,582,394,64,2,1042,73,10,0,7,90,655,404,64,9,1132,0,0,0,1132
07/29/2002,CLT,NC,ASO,ES,Towers with Radar,640,435,102,3,1180,0,1,41,0,42,640,436,143,3,1222,0,0,0,1222
07/30/2002,CLT,NC,ASO,ES,Towers with Radar,696,525,109,2,1332,0,2,52,2,56,696,527,161,4,1388,0,0,0,1388
07/31/2002,CLT,NC,ASO,ES,Towers with Radar,690,517,107,2,1316,0,4,49,2,55,690,521,156,4,1371,0,0,0,1371
08/01/2002,CLT,NC,ASO,ES,Towers with Radar,706,528,95,4,1333,0,0,84,0,84,706,528,179,4,1417,0,0,0,1417
08/02/2002,CLT,NC,ASO,ES,Towers with Radar,634,466,85,4,1189,0,0,39,12,51,634,466,124,16,1240,0,0,0,1240
08/03/2002,CLT,NC,ASO,ES,Towers with Radar,559,388,70,3,1020,135,0,7,6,148,694,388,77,9,1168,0,0,0,1168
08/04/2002,CLT,NC,ASO,ES,Towers with Radar,590,397,73,4,1064,66,0,3,3,72,656,397,76,7,1136,0,0,0,1136
08/05/2002,CLT,NC,ASO,ES,Towers with Radar,609,439,82,0,1130,0,0,27,0,27,609,439,109,0,1157,0,0,0,1157
08/06/2002,CLT,NC,ASO,ES,Towers with Radar,692,527,88,4,1311,3,1,55,0,59,695,528,143,4,1370,0,0,0,1370
08/07/2002,CLT,NC,ASO,ES,Towers with Radar,690,527,102,6,1325,3,4,48,0,55,693,531,150,6,1380,0,0,0,1380
08/08/2002,CLT,NC,ASO,ES,Towers with Radar,693,523,94,6,1316,3,1,62,0,66,696,524,156,6,1382,0,0,0,1382
08/09/2002,CLT,NC,ASO,ES,Towers with Radar,696,523,83,9,1311,3,1,38,0,42,699,524,121,9,1353,0,0,0,1353
08/10/2002,CLT,NC,ASO,ES,Towers with Radar,671,383,39,3,1096,3,1,40,0,44,674,384,79,3,1140,0,0,0,1140
08/11/2002,CLT,NC,ASO,ES,Towers with Radar,651,404,41,6,1102,3,0,36,0,39,654,404,77,6,1141,0,0,0,1141
08/12/2002,CLT,NC,ASO,ES,Towers with Radar,662,486,84,6,1238,3,2,28,0,33,665,488,112,6,1271,0,0,0,1271
08/13/2002,CLT,NC,ASO,ES,Towers with Radar,688,522,113,2,1325,3,3,37,0,43,691,525,150,2,1368,0,0,0,1368
08/14/2002,CLT,NC,ASO,ES,Towers with Radar,685,540,155,4,1384,3,2,31,0,36,688,542,186,4,1420,0,0,0,1420
08/15/2002,CLT,NC,ASO,ES,Towers with Radar,696,532,137,1,1366,4,0,28,0,32,700,532,165,1,1398,0,0,0,1398
08/16/2002,CLT,NC,ASO,ES,Towers with Radar,690,528,90,1,1309,3,0,21,0,24,693,528,111,1,1333,0,0,0,1333
08/17/2002,CLT,NC,ASO,ES,Towers with Radar,679,378,49,1,1107,3,0,23,0,26,682,378,72,1,1133,0,0,0,1133
08/18/2002,CLT,NC,ASO,ES,Towers with Radar,657,409,41,2,1109,3,0,33,0,36,660,409,74,2,1145,0,0,0,1145
08/19/2002,CLT,NC,ASO,ES,Towers with Radar,667,465,77,0,1209,3,0,21,0,24,670,465,98,0,1233,0,0,0,1233
08/20/2002,CLT,NC,ASO,ES,Towers with Radar,698,532,132,0,1362,3,6,31,0,40,701,538,163,0,1402,0,0,0,1402
08/21/2002,CLT,NC,ASO,ES,Towers with Radar,694,537,101,0,1332,3,3,39,0,45,697,540,140,0,1377,0,0,0,1377
08/22/2002,CLT,NC,ASO,ES,Towers with Radar,686,531,122,5,1344,3,2,40,2,47,689,533,162,7,1391,0,0,0,1391
08/23/2002,CLT,NC,ASO,ES,Towers with Radar,682,527,92,2,1303,3,3,36,0,42,685,530,128,2,1345,0,0,0,1345
08/24/2002,CLT,NC,ASO,ES,Towers with Radar,658,378,33,1,1070,2,2,35,0,39,660,380,68,1,1109,0,0,0,1109
08/25/2002,CLT,NC,ASO,ES,Towers with Radar,663,390,29,1,1083,2,3,22,0,27,665,393,51,1,1110,0,0,0,1110
08/26/2002,CLT,NC,ASO,ES,Towers with Radar,655,487,67,4,1213,2,1,21,0,24,657,488,88,4,1237,0,0,0,1237
08/27/2002,CLT,NC,ASO,ES,Towers with Radar,661,521,83,3,1268,0,16,0,13,29,661,537,83,16,1297,0,0,0,1297
08/28/2002,CLT,NC,ASO,ES,Towers with Radar,698,547,115,6,1366,2,1,5,1,9,700,548,120,7,1375,0,0,0,1375
08/29/2002,CLT,NC,ASO,ES,Towers with Radar,691,550,97,4,1342,0,0,35,4,39,691,550,132,8,1381,0,0,0,1381
08/30/2002,CLT,NC,ASO,ES,Towers with Radar,678,498,87,0,1263,0,10,0,0,10,678,508,87,0,1273,0,0,0,1273
08/31/2002,CLT,NC,ASO,ES,Towers with Radar,666,375,32,1,1074,2,1,0,0,3,668,376,32,1,1077,0,0,0,1077
09/01/2002,CLT,NC,ASO,ES,Towers with Radar,640,334,25,0,999,1,0,4,0,5,641,334,29,0,1004,0,0,0,1004
09/02/2002,CLT,NC,ASO,ES,Towers with Radar,653,401,30,0,1084,0,0,21,1,22,653,401,51,1,1106,0,0,0,1106
09/03/2002,CLT,NC,ASO,ES,Towers with Radar,677,499,81,7,1264,0,2,50,4,56,677,501,131,11,1320,0,0,0,1320
09/04/2002,CLT,NC,ASO,ES,Towers with Radar,695,556,96,3,1350,0,1,40,1,42,695,557,136,4,1392,0,0,0,1392
09/05/2002,CLT,NC,ASO,ES,Towers with Radar,686,543,127,10,1366,0,4,34,1,39,686,547,161,11,1405,0,0,0,1405
09/06/2002,CLT,NC,ASO,ES,Towers with Radar,698,550,78,11,1337,0,0,45,3,48,698,550,123,14,1385,0,0,0,1385
09/07/2002,CLT,NC,ASO,ES,Towers with Radar,669,390,45,2,1106,0,1,31,1,33,669,391,76,3,1139,0,0,0,1139
09/08/2002,CLT,NC,ASO,ES,Towers with Radar,625,427,85,4,1141,0,8,42,1,51,625,435,127,5,1192,0,0,0,1192
09/09/2002,CLT,NC,ASO,ES,Towers with Radar,646,499,93,7,1245,0,2,65,0,67,646,501,158,7,1312,0,0,0,1312
09/10/2002,CLT,NC,ASO,ES,Towers with Radar,655,557,117,14,1343,0,9,43,0,52,655,566,160,14,1395,0,0,0,1395
09/11/2002,CLT,NC,ASO,ES,Towers with Radar,627,544,76,7,1254,0,0,41,2,43,627,544,117,9,1297,0,0,0,1297
09/12/2002,CLT,NC,ASO,ES,Towers with Radar,661,557,107,11,1336,0,2,68,1,71,661,559,175,12,1407,0,0,0,1407
09/13/2002,CLT,NC,ASO,ES,Towers with Radar,653,546,98,6,1303,0,2,49,1,52,653,548,147,7,1355,0,0,0,1355
09/14/2002,CLT,NC,ASO,ES,Towers with Radar,525,387,52,2,966,111,0,0,0,111,636,387,52,2,1077,0,0,0,1077
09/15/2002,CLT,NC,ASO,ES,Towers with Radar,632,412,69,6,1119,0,1,0,0,1,632,413,69,6,1120,0,0,0,1120
09/16/2002,CLT,NC,ASO,ES,Towers with Radar,641,488,108,5,1242,0,3,24,0,27,641,491,132,5,1269,0,0,0,1269
09/17/2002,CLT,NC,ASO,ES,Towers with Radar,664,555,96,13,1328,0,4,31,1,36,664,559,127,14,1364,0,0,0,1364
09/18/2002,CLT,NC,ASO,ES,Towers with Radar,660,548,100,4,1312,0,0,58,0,58,660,548,158,4,1370,0,0,0,1370
09/19/2002,CLT,NC,ASO,ES,Towers with Radar,647,537,141,12,1337,0,4,10,3,17,647,541,151,15,1354,0,0,0,1354
09/20/2002,CLT,NC,ASO,ES,Towers with Radar,674,546,127,9,1356,0,1,30,5,36,674,547,157,14,1392,0,0,0,1392
09/21/2002,CLT,NC,ASO,ES,Towers with Radar,649,389,52,0,1090,0,0,26,0,26,649,389,78,0,1116,0,0,0,1116
09/22/2002,CLT,NC,ASO,ES,Towers with Radar,592,420,59,0,1071,0,0,15,2,17,592,420,74,2,1088,0,0,0,1088
09/23/2002,CLT,NC,ASO,ES,Towers with Radar,594,488,90,9,1181,0,1,43,3,47,594,489,133,12,1228,0,0,0,1228
09/24/2002,CLT,NC,ASO,ES,Towers with Radar,618,563,110,12,1303,0,1,42,3,46,618,564,152,15,1349,0,0,0,1349
09/25/2002,CLT,NC,ASO,ES,Towers with Radar,622,562,128,7,1319,0,1,37,3,41,622,563,165,10,1360,0,0,0,1360
09/26/2002,CLT,NC,ASO,ES,Towers with Radar,615,523,131,6,1275,0,0,2,0,2,615,523,133,6,1277,0,0,0,1277
09/27/2002,CLT,NC,ASO,ES,Towers with Radar,634,553,94,0,1281,0,2,18,1,21,634,555,112,1,1302,0,0,0,1302
09/28/2002,CLT,NC,ASO,ES,Towers with Radar,612,384,35,0,1031,0,0,30,0,30,612,384,65,0,1061,0,0,0,1061
09/29/2002,CLT,NC,ASO,ES,Towers with Radar,592,415,58,0,1065,0,2,31,0,33,592,417,89,0,1098,0,0,0,1098
09/30/2002,CLT,NC,ASO,ES,Towers with Radar,605,512,83,12,1212,0,0,43,0,43,605,512,126,12,1255,0,0,0,1255
10/01/2002,CLT,NC,ASO,ES,Towers with Radar,621,535,99,8,1263,0,0,46,0,46,621,535,145,8,1309,0,0,0,1309
10/02/2002,CLT,NC,ASO,ES,Towers with Radar,626,565,100,11,1302,0,1,42,0,43,626,566,142,11,1345,0,0,0,1345
10/03/2002,CLT,NC,ASO,ES,Towers with Radar,622,546,104,11,1283,0,0,36,1,37,622,546,140,12,1320,0,0,0,1320
10/04/2002,CLT,NC,ASO,ES,Towers with Radar,630,527,94,6,1257,0,1,32,2,35,630,528,126,8,1292,0,0,0,1292
10/05/2002,CLT,NC,ASO,ES,Towers with Radar,601,395,26,0,1022,0,1,39,2,42,601,396,65,2,1064,0,0,0,1064
10/06/2002,CLT,NC,ASO,ES,Towers with Radar,559,432,80,3,1074,0,1,29,0,30,559,433,109,3,1104,0,0,0,1104
10/07/2002,CLT,NC,ASO,ES,Towers with Radar,594,530,91,4,1219,0,2,30,0,32,594,532,121,4,1251,0,0,0,1251
10/08/2002,CLT,NC,ASO,ES,Towers with Radar,605,569,104,13,1291,0,0,33,1,34,605,569,137,14,1325,0,0,0,1325
10/09/2002,CLT,NC,ASO,ES,Towers with Radar,610,582,131,11,1334,0,0,18,0,18,610,582,149,11,1352,0,0,0,1352
10/10/2002,CLT,NC,ASO,ES,Towers with Radar,610,560,124,7,1301,0,2,16,0,18,610,562,140,7,1319,0,0,0,1319
10/11/2002,CLT,NC,ASO,ES,Towers with Radar,620,551,128,2,1301,0,1,19,0,20,620,552,147,2,1321,0,0,0,1321
10/12/2002,CLT,NC,ASO,ES,Towers with Radar,600,434,72,2,1108,0,2,31,0,33,600,436,103,2,1141,0,0,0,1141
10/13/2002,CLT,NC,ASO,ES,Towers with Radar,541,416,61,3,1021,0,0,28,0,28,541,416,89,3,1049,0,0,0,1049
10/14/2002,CLT,NC,ASO,ES,Towers with Radar,592,487,108,1,1188,0,1,53,0,54,592,488,161,1,1242,0,0,0,1242
10/15/2002,CLT,NC,ASO,ES,Towers with Radar,604,517,102,3,1226,0,0,18,0,18,604,517,120,3,1244,0,0,0,1244
10/16/2002,CLT,NC,ASO,ES,Towers with Radar,606,560,128,4,1298,0,3,30,0,33,606,563,158,4,1331,0,0,0,1331
10/17/2002,CLT,NC,ASO,ES,Towers with Radar,614,552,125,12,1303,0,4,73,0,77,614,556,198,12,1380,0,0,0,1380
10/18/2002,CLT,NC,ASO,ES,Towers with Radar,607,567,85,5,1264,0,0,46,0,46,607,567,131,5,1310,0,0,0,1310
10/19/2002,CLT,NC,ASO,ES,Towers with Radar,593,442,60,5,1100,0,2,46,0,48,593,444,106,5,1148,0,0,0,1148
10/20/2002,CLT,NC,ASO,ES,Towers with Radar,569,436,65,7,1077,0,0,30,0,30,569,436,95,7,1107,0,0,0,1107
10/21/2002,CLT,NC,ASO,ES,Towers with Radar,579,504,101,1,1185,0,0,5,0,5,579,504,106,1,1190,0,0,0,1190
10/22/2002,CLT,NC,ASO,ES,Towers with Radar,616,564,112,10,1302,0,2,4,0,6,616,566,116,10,1308,0,0,0,1308
10/23/2002,CLT,NC,ASO,ES,Towers with Radar,608,567,141,10,1326,0,0,44,3,47,608,567,185,13,1373,0,0,0,1373
10/24/2002,CLT,NC,ASO,ES,Towers with Radar,612,554,113,12,1291,0,3,15,0,18,612,557,128,12,1309,0,0,0,1309
10/25/2002,CLT,NC,ASO,ES,Towers with Radar,607,576,94,1,1278,0,0,0,0,0,607,576,94,1,1278,0,0,0,1278
10/26/2002,CLT,NC,ASO,ES,Towers with Radar,599,437,53,2,1091,0,0,15,0,15,599,437,68,2,1106,0,0,0,1106
10/27/2002,CLT,NC,ASO,ES,Towers with Radar,560,444,100,4,1108,0,0,21,0,21,560,444,121,4,1129,0,0,0,1129
10/28/2002,CLT,NC,ASO,ES,Towers with Radar,586,513,85,2,1186,0,0,1,0,1,586,513,86,2,1187,0,0,0,1187
10/29/2002,CLT,NC,ASO,ES,Towers with Radar,606,566,98,4,1274,0,0,0,0,0,606,566,98,4,1274,0,0,0,1274
10/30/2002,CLT,NC,ASO,ES,Towers with Radar,609,579,109,8,1305,0,0,4,0,4,609,579,113,8,1309,0,0,0,1309
10/31/2002,CLT,NC,ASO,ES,Towers with Radar,607,560,74,3,1244,0,5,28,0,33,607,565,102,3,1277,0,0,0,1277
11/01/2002,CLT,NC,ASO,ES,Towers with Radar,595,567,85,6,1253,0,4,55,0,59,595,571,140,6,1312,0,0,0,1312
11/02/2002,CLT,NC,ASO,ES,Towers with Radar,579,452,23,3,1057,0,1,53,0,54,579,453,76,3,1111,0,0,0,1111
11/03/2002,CLT,NC,ASO,ES,Towers with Radar,556,435,39,6,1036,0,1,28,1,30,556,436,67,7,1066,0,0,0,1066
11/04/2002,CLT,NC,ASO,ES,Towers with Radar,581,520,86,2,1189,0,3,21,0,24,581,523,107,2,1213,0,0,0,1213
11/05/2002,CLT,NC,ASO,ES,Towers with Radar,588,576,107,3,1274,0,2,8,0,10,588,578,115,3,1284,0,0,0,1284
11/06/2002,CLT,NC,ASO,ES,Towers with Radar,588,583,109,5,1285,0,1,21,3,25,588,584,130,8,1310,0,0,0,1310
11/07/2002,CLT,NC,ASO,ES,Towers with Radar,601,573,107,15,1296,0,3,33,3,39,601,576,140,18,1335,0,0,0,1335
11/08/2002,CLT,NC,ASO,ES,Towers with Radar,615,579,109,0,1303,0,4,72,0,76,615,583,181,0,1379,0,0,0,1379
11/09/2002,CLT,NC,ASO,ES,Towers with Radar,591,450,46,5,1092,0,1,41,3,45,591,451,87,8,1137,0,0,0,1137
11/10/2002,CLT,NC,ASO,ES,Towers with Radar,566,429,77,5,1077,0,1,13,12,26,566,430,90,17,1103,0,0,0,1103
11/11/2002,CLT,NC,ASO,ES,Towers with Radar,590,470,62,5,1127,0,3,12,0,15,590,473,74,5,1142,0,0,0,1142
11/12/2002,CLT,NC,ASO,ES,Towers with Radar,596,527,91,1,1215,0,1,3,0,4,596,528,94,1,1219,0,0,0,1219
11/13/2002,CLT,NC,ASO,ES,Towers with Radar,590,589,120,13,1312,0,2,61,1,64,590,591,181,14,1376,0,0,0,1376
11/14/2002,CLT,NC,ASO,ES,Towers with Radar,596,571,85,4,1256,0,11,61,7,79,596,582,146,11,1335,0,0,0,1335
11/15/2002,CLT,NC,ASO,ES,Towers with Radar,601,551,82,4,1238,0,19,32,10,61,601,570,114,14,1299,0,0,0,1299
11/16/2002,CLT,NC,ASO,ES,Towers with Radar,454,395,29,0,878,140,48,0,0,188,594,443,29,0,1066,0,0,0,1066
11/17/2002,CLT,NC,ASO,ES,Towers with Radar,502,425,65,1,993,68,0,6,0,74,570,425,71,1,1067,0,0,0,1067
11/18/2002,CLT,NC,ASO,ES,Towers with Radar,564,492,73,4,1133,18,19,38,2,77,582,511,111,6,1210,0,0,0,1210
11/19/2002,CLT,NC,ASO,ES,Towers with Radar,593,543,81,4,1221,0,9,68,8,85,593,552,149,12,1306,0,0,0,1306
11/20/2002,CLT,NC,ASO,ES,Towers with Radar,583,559,83,4,1229,0,8,85,4,97,583,567,168,8,1326,0,0,0,1326
11/21/2002,CLT,NC,ASO,ES,Towers with Radar,596,571,87,4,1258,0,0,65,4,69,596,571,152,8,1327,0,0,0,1327
11/22/2002,CLT,NC,ASO,ES,Towers with Radar,612,574,94,3,1283,0,0,49,0,49,612,574,143,3,1332,0,0,0,1332
11/23/2002,CLT,NC,ASO,ES,Towers with Radar,507,439,67,2,1015,87,0,2,0,89,594,439,69,2,1104,0,0,0,1104
11/24/2002,CLT,NC,ASO,ES,Towers with Radar,522,437,68,0,1027,48,0,29,0,77,570,437,97,0,1104,0,0,0,1104
11/25/2002,CLT,NC,ASO,ES,Towers with Radar,569,498,74,4,1145,19,1,27,4,51,588,499,101,8,1196,0,0,0,1196
11/26/2002,CLT,NC,ASO,ES,Towers with Radar,602,544,81,4,1231,0,28,72,5,105,602,572,153,9,1336,0,0,0,1336
11/27/2002,CLT,NC,ASO,ES,Towers with Radar,618,559,70,1,1248,0,4,38,1,43,618,563,108,2,1291,0,0,0,1291
11/28/2002,CLT,NC,ASO,ES,Towers with Radar,465,406,37,0,908,61,45,0,0,106,526,451,37,0,1014,0,0,0,1014
11/29/2002,CLT,NC,ASO,ES,Towers with Radar,435,364,56,0,855,17,0,22,0,39,452,364,78,0,894,0,0,0,894
11/30/2002,CLT,NC,ASO,ES,Towers with Radar,492,430,61,0,983,79,14,0,0,93,571,444,61,0,1076,0,0,0,1076
12/01/2002,CLT,NC,ASO,ES,Towers with Radar,582,150,70,3,805,0,330,23,0,353,582,480,93,3,1158,0,0,0,1158
12/02/2002,CLT,NC,ASO,ES,Towers with Radar,571,0,74,4,649,0,503,44,0,547,571,503,118,4,1196,0,0,0,1196
12/03/2002,CLT,NC,ASO,ES,Towers with Radar,570,242,96,6,914,0,312,29,4,345,570,554,125,10,1259,0,0,0,1259
12/04/2002,CLT,NC,ASO,ES,Towers with Radar,455,61,76,0,592,0,311,3,0,314,455,372,79,0,906,0,0,0,906
12/05/2002,CLT,NC,ASO,ES,Towers with Radar,414,16,60,0,490,0,310,0,0,310,414,326,60,0,800,0,0,0,800
12/06/2002,CLT,NC,ASO,ES,Towers with Radar,606,239,97,6,948,0,316,23,0,339,606,555,120,6,1287,0,0,0,1287
12/07/2002,CLT,NC,ASO,ES,Towers with Radar,552,104,42,1,699,0,311,22,0,333,552,415,64,1,1032,0,0,0,1032
12/08/2002,CLT,NC,ASO,ES,Towers with Radar,506,56,86,2,650,0,310,16,0,326,506,366,102,2,976,0,0,0,976
12/09/2002,CLT,NC,ASO,ES,Towers with Radar,589,217,80,0,886,0,311,31,0,342,589,528,111,0,1228,0,0,0,1228
12/10/2002,CLT,NC,ASO,ES,Towers with Radar,577,249,123,7,956,0,313,24,0,337,577,562,147,7,1293,0,0,0,1293
12/11/2002,CLT,NC,ASO,ES,Towers with Radar,526,0,77,3,606,0,526,37,2,565,526,526,114,5,1171,0,0,0,1171
12/12/2002,CLT,NC,ASO,ES,Towers with Radar,589,216,104,14,923,0,312,7,0,319,589,528,111,14,1242,0,0,0,1242
12/13/2002,CLT,NC,ASO,ES,Towers with Radar,576,219,98,2,895,0,310,0,0,310,576,529,98,2,1205,0,0,0,1205
12/14/2002,CLT,NC,ASO,ES,Towers with Radar,563,115,37,1,716,0,309,13,0,322,563,424,50,1,1038,0,0,0,1038
12/15/2002,CLT,NC,ASO,ES,Towers with Radar,540,112,28,1,681,0,309,26,0,335,540,421,54,1,1016,0,0,0,1016
12/16/2002,CLT,NC,ASO,ES,Towers with Radar,576,182,86,7,851,0,309,50,4,363,576,491,136,11,1214,0,0,0,1214
12/17/2002,CLT,NC,ASO,ES,Towers with Radar,575,239,109,12,935,0,310,33,0,343,575,549,142,12,1278,0,0,0,1278
12/18/2002,CLT,NC,ASO,ES,Towers with Radar,538,231,84,17,870,0,309,40,0,349,538,540,124,17,1219,0,0,0,1219
12/19/2002,CLT,NC,ASO,ES,Towers with Radar,590,223,88,13,914,0,309,5,0,314,590,532,93,13,1228,0,0,0,1228
12/20/2002,CLT,NC,ASO,ES,Towers with Radar,620,242,91,0,953,0,310,23,0,333,620,552,114,0,1286,0,0,0,1286
12/21/2002,CLT,NC,ASO,ES,Towers with Radar,564,103,40,2,709,0,310,43,1,354,564,413,83,3,1063,0,0,0,1063
12/22/2002,CLT,NC,ASO,ES,Towers with Radar,545,109,29,0,683,0,310,27,0,337,545,419,56,0,1020,0,0,0,1020
12/23/2002,CLT,NC,ASO,ES,Towers with Radar,545,189,49,4,787,0,309,36,0,345,545,498,85,4,1132,0,0,0,1132
12/24/2002,CLT,NC,ASO,ES,Towers with Radar,527,207,34,0,768,0,309,7,0,316,527,516,41,0,1084,0,0,0,1084
12/25/2002,CLT,NC,ASO,ES,Towers with Radar,494,126,14,0,634,0,308,1,0,309,494,434,15,0,943,0,0,0,943
12/26/2002,CLT,NC,ASO,ES,Towers with Radar,548,155,50,0,753,0,309,22,1,332,548,464,72,1,1085,0,0,0,1085
12/27/2002,CLT,NC,ASO,ES,Towers with Radar,605,202,66,3,876,0,314,34,0,348,605,516,100,3,1224,0,0,0,1224
12/28/2002,CLT,NC,ASO,ES,Towers with Radar,548,83,71,0,702,0,312,45,0,357,548,395,116,0,1059,0,0,0,1059
12/29/2002,CLT,NC,ASO,ES,Towers with Radar,539,107,40,0,686,0,310,24,0,334,539,417,64,0,1020,0,0,0,1020
12/30/2002,CLT,NC,ASO,ES,Towers with Radar,540,163,33,1,737,0,308,44,0,352,540,471,77,1,1089,0,0,0,1089
12/31/2002,CLT,NC,ASO,ES,Towers with Radar,530,196,27,0,753,0,309,30,0,339,530,505,57,0,1092,0,0,0,1092
01/01/2003,CLT,NC,ASO,ES,Towers with Radar,457,391,54,0,902,40,26,0,0,66,497,417,54,0,968,0,0,0,968
01/02/2003,CLT,NC,ASO,ES,Towers with Radar,558,463,68,0,1089,0,0,23,0,23,558,463,91,0,1112,0,0,0,1112
01/03/2003,CLT,NC,ASO,ES,Towers with Radar,587,514,67,3,1171,0,10,0,0,10,587,524,67,3,1181,0,0,0,1181
01/04/2003,CLT,NC,ASO,ES,Towers with Radar,486,411,59,0,956,58,0,24,0,82,544,411,83,0,1038,0,0,0,1038
01/05/2003,CLT,NC,ASO,ES,Towers with Radar,500,384,44,2,930,0,0,14,1,15,500,384,58,3,945,0,0,0,945
01/06/2003,CLT,NC,ASO,ES,Towers with Radar,521,456,54,2,1033,0,0,32,2,34,521,456,86,4,1067,0,0,0,1067
01/07/2003,CLT,NC,ASO,ES,Towers with Radar,547,521,82,18,1168,0,0,38,2,40,547,521,120,20,1208,0,0,0,1208
01/08/2003,CLT,NC,ASO,ES,Towers with Radar,543,492,100,0,1135,0,7,55,0,62,543,499,155,0,1197,0,0,0,1197
01/09/2003,CLT,NC,ASO,ES,Towers with Radar,545,517,86,9,1157,0,1,56,2,59,545,518,142,11,1216,0,0,0,1216
01/10/2003,CLT,NC,ASO,ES,Towers with Radar,551,494,72,0,1117,0,0,46,1,47,551,494,118,1,1164,0,0,0,1164
01/11/2003,CLT,NC,ASO,ES,Towers with Radar,519,367,26,0,912,0,0,39,0,39,519,367,65,0,951,0,0,0,951
01/12/2003,CLT,NC,ASO,ES,Towers with Radar,506,385,42,1,934,0,0,31,0,31,506,385,73,1,965,0,0,0,965
01/13/2003,CLT,NC,ASO,ES,Towers with Radar,521,463,70,0,1054,0,0,32,2,34,521,463,102,2,1088,0,0,0,1088
01/14/2003,CLT,NC,ASO,ES,Towers with Radar,544,513,98,4,1159,0,0,30,5,35,544,513,128,9,1194,0,0,0,1194
01/15/2003,CLT,NC,ASO,ES,Towers with Radar,543,518,79,7,1147,0,3,43,0,46,543,521,122,7,1193,0,0,0,1193
01/16/2003,CLT,NC,ASO,ES,Towers with Radar,528,504,78,16,1126,0,1,29,0,30,528,505,107,16,1156,0,0,0,1156
01/17/2003,CLT,NC,ASO,ES,Towers with Radar,562,508,65,1,1136,0,0,28,0,28,562,508,93,1,1164,0,0,0,1164
01/18/2003,CLT,NC,ASO,ES,Towers with Radar,522,357,41,1,921,0,0,27,0,27,522,357,68,1,948,0,0,0,948
01/19/2003,CLT,NC,ASO,ES,Towers with Radar,506,372,30,0,908,0,0,25,0,25,506,372,55,0,933,0,0,0,933
01/20/2003,CLT,NC,ASO,ES,Towers with Radar,524,448,55,0,1027,0,0,21,0,21,524,448,76,0,1048,0,0,0,1048
01/21/2003,CLT,NC,ASO,ES,Towers with Radar,545,466,76,6,1093,0,0,12,1,13,545,466,88,7,1106,0,0,0,1106
01/22/2003,CLT,NC,ASO,ES,Towers with Radar,542,516,87,6,1151,0,0,28,1,29,542,516,115,7,1180,0,0,0,1180
01/23/2003,CLT,NC,ASO,ES,Towers with Radar,510,450,80,0,1040,0,1,9,1,11,510,451,89,1,1051,0,0,0,1051
01/24/2003,CLT,NC,ASO,ES,Towers with Radar,542,513,70,4,1129,0,2,23,2,27,542,515,93,6,1156,0,0,0,1156
01/25/2003,CLT,NC,ASO,ES,Towers with Radar,527,367,24,3,921,0,0,39,0,39,527,367,63,3,960,0,0,0,960
01/26/2003,CLT,NC,ASO,ES,Towers with Radar,499,376,36,5,916,0,0,23,0,23,499,376,59,5,939,0,0,0,939
01/27/2003,CLT,NC,ASO,ES,Towers with Radar,523,450,79,1,1053,0,1,38,0,39,523,451,117,1,1092,0,0,0,1092
01/28/2003,CLT,NC,ASO,ES,Towers with Radar,548,494,79,6,1127,0,3,40,4,47,548,497,119,10,1174,0,0,0,1174
01/29/2003,CLT,NC,ASO,ES,Towers with Radar,541,497,74,4,1116,0,0,16,4,20,541,497,90,8,1136,0,0,0,1136
01/30/2003,CLT,NC,ASO,ES,Towers with Radar,551,528,100,18,1197,0,0,2,0,2,551,528,102,18,1199,0,0,0,1199
01/31/2003,CLT,NC,ASO,ES,Towers with Radar,546,515,90,11,1162,0,0,10,0,10,546,515,100,11,1172,0,0,0,1172
02/01/2003,CLT,NC,ASO,ES,Towers with Radar,514,369,34,10,927,7,0,21,0,28,521,369,55,10,955,0,0,0,955
02/02/2003,CLT,NC,ASO,ES,Towers with Radar,498,380,33,10,921,7,0,23,0,30,505,380,56,10,951,0,0,0,951
02/03/2003,CLT,NC,ASO,ES,Towers with Radar,460,411,75,2,948,0,0,22,0,22,460,411,97,2,970,0,0,0,970
02/04/2003,CLT,NC,ASO,ES,Towers with Radar,541,507,81,5,1134,0,16,35,1,52,541,523,116,6,1186,0,0,0,1186
02/05/2003,CLT,NC,ASO,ES,Towers with Radar,537,521,85,5,1148,0,0,76,3,79,537,521,161,8,1227,0,0,0,1227
02/06/2003,CLT,NC,ASO,ES,Towers with Radar,521,468,75,5,1069,17,66,20,1,104,538,534,95,6,1173,0,0,0,1173
02/07/2003,CLT,NC,ASO,ES,Towers with Radar,532,518,78,0,1128,7,2,24,0,33,539,520,102,0,1161,0,0,0,1161
02/08/2003,CLT,NC,ASO,ES,Towers with Radar,510,363,36,2,911,7,0,37,0,44,517,363,73,2,955,0,0,0,955
02/09/2003,CLT,NC,ASO,ES,Towers with Radar,452,391,55,0,898,43,0,0,0,43,495,391,55,0,941,0,0,0,941
02/10/2003,CLT,NC,ASO,ES,Towers with Radar,545,499,74,14,1132,7,0,18,0,25,552,499,92,14,1157,0,0,0,1157
02/11/2003,CLT,NC,ASO,ES,Towers with Radar,572,545,90,7,1214,7,5,26,5,43,579,550,116,12,1257,0,0,0,1257
02/12/2003,CLT,NC,ASO,ES,Towers with Radar,571,547,88,2,1208,0,14,50,0,64,571,561,138,2,1272,0,0,0,1272
02/13/2003,CLT,NC,ASO,ES,Towers with Radar,574,578,111,7,1270,7,3,47,2,59,581,581,158,9,1329,0,0,0,1329
02/14/2003,CLT,NC,ASO,ES,Towers with Radar,581,557,68,1,1207,7,1,16,0,24,588,558,84,1,1231,0,0,0,1231
02/15/2003,CLT,NC,ASO,ES,Towers with Radar,512,409,34,0,955,7,0,11,0,18,519,409,45,0,973,0,0,0,973
02/16/2003,CLT,NC,ASO,ES,Towers with Radar,303,120,23,0,446,6,0,0,0,6,309,120,23,0,452,0,0,0,452
02/17/2003,CLT,NC,ASO,ES,Towers with Radar,350,316,52,1,719,34,19,5,0,58,384,335,57,1,777,0,0,0,777
02/18/2003,CLT,NC,ASO,ES,Towers with Radar,485,513,105,11,1114,6,0,10,1,17,491,513,115,12,1131,0,0,0,1131
02/19/2003,CLT,NC,ASO,ES,Towers with Radar,589,502,116,8,1215,6,3,18,2,29,595,505,134,10,1244,0,0,0,1244
02/20/2003,CLT,NC,ASO,ES,Towers with Radar,581,565,92,5,1243,0,0,59,7,66,581,565,151,12,1309,0,0,0,1309
02/21/2003,CLT,NC,ASO,ES,Towers with Radar,581,552,99,2,1234,6,1,21,1,29,587,553,120,3,1263,0,0,0,1263
02/22/2003,CLT,NC,ASO,ES,Towers with Radar,510,322,39,0,871,6,0,1,0,7,516,322,40,0,878,0,0,0,878
02/23/2003,CLT,NC,ASO,ES,Towers with Radar,484,372,46,1,903,6,0,21,0,27,490,372,67,1,930,0,0,0,930
02/24/2003,CLT,NC,ASO,ES,Towers with Radar,548,506,88,7,1149,6,4,32,1,43,554,510,120,8,1192,0,0,0,1192
02/25/2003,CLT,NC,ASO,ES,Towers with Radar,566,582,75,13,1236,6,1,33,1,41,572,583,108,14,1277,0,0,0,1277
02/26/2003,CLT,NC,ASO,ES,Towers with Radar,558,549,88,2,1197,6,0,4,0,10,564,549,92,2,1207,0,0,0,1207
02/27/2003,CLT,NC,ASO,ES,Towers with Radar,572,538,84,0,1194,6,0,0,0,6,578,538,84,0,1200,0,0,0,1200
02/28/2003,CLT,NC,ASO,ES,Towers with Radar,579,567,119,12,1277,6,0,11,0,17,585,567,130,12,1294,0,0,0,1294
03/01/2003,CLT,NC,ASO,ES,Towers with Radar,516,410,47,9,982,2,2,0,0,4,518,412,47,9,986,0,0,0,986
03/02/2003,CLT,NC,ASO,ES,Towers with Radar,506,407,34,3,950,0,2,3,0,5,506,409,37,3,955,0,0,0,955
03/03/2003,CLT,NC,ASO,ES,Towers with Radar,573,529,66,4,1172,0,4,31,0,35,573,533,97,4,1207,0,0,0,1207
03/04/2003,CLT,NC,ASO,ES,Towers with Radar,572,551,97,6,1226,0,5,56,0,61,572,556,153,6,1287,0,0,0,1287
03/05/2003,CLT,NC,ASO,ES,Towers with Radar,573,565,101,18,1257,0,4,15,0,19,573,569,116,18,1276,0,0,0,1276
03/06/2003,CLT,NC,ASO,ES,Towers with Radar,577,575,84,5,1241,0,0,37,5,42,577,575,121,10,1283,0,0,0,1283
03/07/2003,CLT,NC,ASO,ES,Towers with Radar,590,569,105,10,1274,0,5,28,0,33,590,574,133,10,1307,0,0,0,1307
03/08/2003,CLT,NC,ASO,ES,Towers with Radar,461,363,61,1,886,94,0,17,0,111,555,363,78,1,997,0,0,0,997
03/09/2003,CLT,NC,ASO,ES,Towers with Radar,485,435,64,3,987,67,0,30,0,97,552,435,94,3,1084,0,0,0,1084
03/10/2003,CLT,NC,ASO,ES,Towers with Radar,573,538,77,6,1194,0,0,56,6,62,573,538,133,12,1256,0,0,0,1256
03/11/2003,CLT,NC,ASO,ES,Towers with Radar,542,578,87,6,1213,0,0,68,9,77,542,578,155,15,1290,0,0,0,1290
03/12/2003,CLT,NC,ASO,ES,Towers with Radar,579,594,85,6,1264,0,10,75,8,93,579,604,160,14,1357,0,0,0,1357
03/13/2003,CLT,NC,ASO,ES,Towers with Radar,573,559,80,6,1218,0,15,36,5,56,573,574,116,11,1274,0,0,0,1274
03/14/2003,CLT,NC,ASO,ES,Towers with Radar,588,589,86,2,1265,0,0,49,0,49,588,589,135,2,1314,0,0,0,1314
03/15/2003,CLT,NC,ASO,ES,Towers with Radar,468,429,40,2,939,77,0,0,0,77,545,429,40,2,1016,0,0,0,1016
03/16/2003,CLT,NC,ASO,ES,Towers with Radar,484,427,47,1,959,67,0,0,0,67,551,427,47,1,1026,0,0,0,1026
03/17/2003,CLT,NC,ASO,ES,Towers with Radar,552,532,76,5,1165,0,16,13,2,31,552,548,89,7,1196,0,0,0,1196
03/18/2003,CLT,NC,ASO,ES,Towers with Radar,572,542,77,5,1196,0,46,12,3,61,572,588,89,8,1257,0,0,0,1257
03/19/2003,CLT,NC,ASO,ES,Towers with Radar,566,571,81,5,1223,0,19,16,10,45,566,590,97,15,1268,0,0,0,1268
03/20/2003,CLT,NC,ASO,ES,Towers with Radar,571,529,75,1,1176,0,38,13,0,51,571,567,88,1,1227,0,0,0,1227
03/21/2003,CLT,NC,ASO,ES,Towers with Radar,592,589,66,6,1253,1,6,19,0,26,593,595,85,6,1279,0,0,0,1279
03/22/2003,CLT,NC,ASO,ES,Towers with Radar,473,435,63,3,974,85,0,9,0,94,558,435,72,3,1068,0,0,0,1068
03/23/2003,CLT,NC,ASO,ES,Towers with Radar,488,433,65,0,986,50,0,14,0,64,538,433,79,0,1050,0,0,0,1050
03/24/2003,CLT,NC,ASO,ES,Towers with Radar,558,543,90,0,1191,1,2,42,3,48,559,545,132,3,1239,0,0,0,1239
03/25/2003,CLT,NC,ASO,ES,Towers with Radar,575,591,85,0,1251,1,3,49,0,53,576,594,134,0,1304,0,0,0,1304
03/26/2003,CLT,NC,ASO,ES,Towers with Radar,573,570,81,3,1227,0,37,42,0,79,573,607,123,3,1306,0,0,0,1306
03/27/2003,CLT,NC,ASO,ES,Towers with Radar,583,604,104,0,1291,1,2,32,0,35,584,606,136,0,1326,0,0,0,1326
03/28/2003,CLT,NC,ASO,ES,Towers with Radar,582,596,76,1,1255,1,4,56,0,61,583,600,132,1,1316,0,0,0,1316
03/29/2003,CLT,NC,ASO,ES,Towers with Radar,552,416,39,2,1009,1,2,19,0,22,553,418,58,2,1031,0,0,0,1031
03/30/2003,CLT,NC,ASO,ES,Towers with Radar,538,429,33,1,1001,1,2,5,0,8,539,431,38,1,1009,0,0,0,1009
03/31/2003,CLT,NC,ASO,ES,Towers with Radar,562,554,80,10,1206,1,5,48,3,57,563,559,128,13,1263,0,0,0,1263
04/01/2003,CLT,NC,ASO,ES,Towers with Radar,581,584,75,6,1246,2,2,35,6,45,583,586,110,12,1291,0,0,0,1291
04/02/2003,CLT,NC,ASO,ES,Towers with Radar,526,535,77,15,1153,2,2,38,1,43,528,537,115,16,1196,0,0,0,1196
04/03/2003,CLT,NC,ASO,ES,Towers with Radar,561,564,109,5,1239,2,7,53,0,62,563,571,162,5,1301,0,0,0,1301
04/04/2003,CLT,NC,ASO,ES,Towers with Radar,577,573,96,12,1258,2,5,45,0,52,579,578,141,12,1310,0,0,0,1310
04/05/2003,CLT,NC,ASO,ES,Towers with Radar,529,409,32,2,972,2,3,11,0,16,531,412,43,2,988,0,0,0,988
04/06/2003,CLT,NC,ASO,ES,Towers with Radar,512,438,49,3,1002,2,1,26,0,29,514,439,75,3,1031,0,0,0,1031
04/07/2003,CLT,NC,ASO,ES,Towers with Radar,556,529,53,0,1138,2,1,0,0,3,558,530,53,0,1141,0,0,0,1141
04/08/2003,CLT,NC,ASO,ES,Towers with Radar,533,563,87,2,1185,2,1,0,0,3,535,564,87,2,1188,0,0,0,1188
04/09/2003,CLT,NC,ASO,ES,Towers with Radar,511,515,108,6,1140,2,1,1,0,4,513,516,109,6,1144,0,0,0,1144
04/10/2003,CLT,NC,ASO,ES,Towers with Radar,577,552,92,0,1221,2,1,0,0,3,579,553,92,0,1224,0,0,0,1224
04/11/2003,CLT,NC,ASO,ES,Towers with Radar,595,580,81,3,1259,2,2,17,1,22,597,582,98,4,1281,0,0,0,1281
04/12/2003,CLT,NC,ASO,ES,Towers with Radar,532,448,53,0,1033,2,1,33,0,36,534,449,86,0,1069,0,0,0,1069
04/13/2003,CLT,NC,ASO,ES,Towers with Radar,533,445,53,2,1033,2,2,39,0,43,535,447,92,2,1076,0,0,0,1076
04/14/2003,CLT,NC,ASO,ES,Towers with Radar,571,538,89,10,1208,2,3,49,1,55,573,541,138,11,1263,0,0,0,1263
04/15/2003,CLT,NC,ASO,ES,Towers with Radar,533,547,106,9,1195,2,1,49,1,53,535,548,155,10,1248,0,0,0,1248
04/16/2003,CLT,NC,ASO,ES,Towers with Radar,582,550,91,12,1235,2,5,35,0,42,584,555,126,12,1277,0,0,0,1277
04/17/2003,CLT,NC,ASO,ES,Towers with Radar,606,605,91,2,1304,2,1,48,2,53,608,606,139,4,1357,0,0,0,1357
04/18/2003,CLT,NC,ASO,ES,Towers with Radar,591,574,54,5,1224,2,0,7,0,9,593,574,61,5,1233,0,0,0,1233
04/19/2003,CLT,NC,ASO,ES,Towers with Radar,515,426,38,0,979,2,0,1,0,3,517,426,39,0,982,0,0,0,982
04/20/2003,CLT,NC,ASO,ES,Towers with Radar,529,430,40,0,999,2,0,6,0,8,531,430,46,0,1007,0,0,0,1007
04/21/2003,CLT,NC,ASO,ES,Towers with Radar,569,549,93,10,1221,2,0,5,0,7,571,549,98,10,1228,0,0,0,1228
04/22/2003,CLT,NC,ASO,ES,Towers with Radar,597,617,141,4,1359,2,3,41,6,52,599,620,182,10,1411,0,0,0,1411
04/23/2003,CLT,NC,ASO,ES,Towers with Radar,544,558,136,9,1247,2,4,56,0,62,546,562,192,9,1309,0,0,0,1309
04/24/2003,CLT,NC,ASO,ES,Towers with Radar,580,544,103,5,1232,2,9,72,1,84,582,553,175,6,1316,0,0,0,1316
04/25/2003,CLT,NC,ASO,ES,Towers with Radar,597,584,84,1,1266,2,0,4,0,6,599,584,88,1,1272,0,0,0,1272
04/26/2003,CLT,NC,ASO,ES,Towers with Radar,532,426,39,0,997,2,0,21,0,23,534,426,60,0,1020,0,0,0,1020
04/27/2003,CLT,NC,ASO,ES,Towers with Radar,537,440,58,0,1035,2,1,36,0,39,539,441,94,0,1074,0,0,0,1074
04/28/2003,CLT,NC,ASO,ES,Towers with Radar,574,547,83,8,1212,1,5,65,0,71,575,552,148,8,1283,0,0,0,1283
04/29/2003,CLT,NC,ASO,ES,Towers with Radar,542,551,89,8,1190,1,5,44,0,50,543,556,133,8,1240,0,0,0,1240
04/30/2003,CLT,NC,ASO,ES,Towers with Radar,479,490,83,5,1057,0,0,48,7,55,479,490,131,12,1112,0,0,0,1112
05/01/2003,CLT,NC,ASO,ES,Towers with Radar,575,558,121,0,1254,0,2,30,2,34,575,560,151,2,1288,0,0,0,1288
05/02/2003,CLT,NC,ASO,ES,Towers with Radar,594,577,102,8,1281,0,1,29,1,31,594,578,131,9,1312,0,0,0,1312
05/03/2003,CLT,NC,ASO,ES,Towers with Radar,548,432,43,1,1024,0,0,21,1,22,548,432,64,2,1046,0,0,0,1046
05/04/2003,CLT,NC,ASO,ES,Towers with Radar,539,453,65,9,1066,0,0,19,4,23,539,453,84,13,1089,0,0,0,1089
05/05/2003,CLT,NC,ASO,ES,Towers with Radar,559,531,82,1,1173,13,21,22,0,56,572,552,104,1,1229,0,0,0,1229
05/06/2003,CLT,NC,ASO,ES,Towers with Radar,591,626,120,0,1337,0,1,7,0,8,591,627,127,0,1345,0,0,0,1345
05/07/2003,CLT,NC,ASO,ES,Towers with Radar,594,622,98,0,1314,0,2,25,0,27,594,624,123,0,1341,0,0,0,1341
05/08/2003,CLT,NC,ASO,ES,Towers with Radar,592,622,118,2,1334,0,2,38,0,40,592,624,156,2,1374,0,0,0,1374
05/09/2003,CLT,NC,ASO,ES,Towers with Radar,594,630,104,0,1328,0,1,35,0,36,594,631,139,0,1364,0,0,0,1364
05/10/2003,CLT,NC,ASO,ES,Towers with Radar,560,463,51,0,1074,0,0,27,0,27,560,463,78,0,1101,0,0,0,1101
05/11/2003,CLT,NC,ASO,ES,Towers with Radar,561,461,56,4,1082,0,0,26,0,26,561,461,82,4,1108,0,0,0,1108
05/12/2003,CLT,NC,ASO,ES,Towers with Radar,581,564,101,1,1247,0,1,22,0,23,581,565,123,1,1270,0,0,0,1270
05/13/2003,CLT,NC,ASO,ES,Towers with Radar,595,603,92,5,1295,0,0,53,2,55,595,603,145,7,1350,0,0,0,1350
05/14/2003,CLT,NC,ASO,ES,Towers with Radar,591,590,115,12,1308,0,3,44,1,48,591,593,159,13,1356,0,0,0,1356
05/15/2003,CLT,NC,ASO,ES,Towers with Radar,551,571,94,6,1222,0,4,14,0,18,551,575,108,6,1240,0,0,0,1240
05/16/2003,CLT,NC,ASO,ES,Towers with Radar,650,619,98,2,1369,0,0,7,0,7,650,619,105,2,1376,0,0,0,1376
05/17/2003,CLT,NC,ASO,ES,Towers with Radar,573,452,47,10,1082,0,0,20,0,20,573,452,67,10,1102,0,0,0,1102
05/18/2003,CLT,NC,ASO,ES,Towers with Radar,559,454,64,8,1085,0,0,12,0,12,559,454,76,8,1097,0,0,0,1097
05/19/2003,CLT,NC,ASO,ES,Towers with Radar,584,562,72,11,1229,0,0,2,0,2,584,562,74,11,1231,0,0,0,1231
05/20/2003,CLT,NC,ASO,ES,Towers with Radar,602,620,96,4,1322,0,0,17,1,18,602,620,113,5,1340,0,0,0,1340
05/21/2003,CLT,NC,ASO,ES,Towers with Radar,591,603,97,12,1303,0,1,8,0,9,591,604,105,12,1312,0,0,0,1312
05/22/2003,CLT,NC,ASO,ES,Towers with Radar,602,603,91,6,1302,0,0,0,0,0,602,603,91,6,1302,0,0,0,1302
05/23/2003,CLT,NC,ASO,ES,Towers with Radar,592,600,91,2,1285,0,0,11,0,11,592,600,102,2,1296,0,0,0,1296
05/24/2003,CLT,NC,ASO,ES,Towers with Radar,520,448,40,7,1015,0,0,25,0,25,520,448,65,7,1040,0,0,0,1040
05/25/2003,CLT,NC,ASO,ES,Towers with Radar,485,408,29,0,922,0,0,47,0,47,485,408,76,0,969,0,0,0,969
05/26/2003,CLT,NC,ASO,ES,Towers with Radar,535,483,53,7,1078,0,0,40,0,40,535,483,93,7,1118,0,0,0,1118
05/27/2003,CLT,NC,ASO,ES,Towers with Radar,572,566,92,1,1231,0,1,28,0,29,572,567,120,1,1260,0,0,0,1260
05/28/2003,CLT,NC,ASO,ES,Towers with Radar,599,608,126,8,1341,0,6,49,0,55,599,614,175,8,1396,0,0,0,1396
05/29/2003,CLT,NC,ASO,ES,Towers with Radar,609,617,109,11,1346,0,0,35,1,36,609,617,144,12,1382,0,0,0,1382
05/30/2003,CLT,NC,ASO,ES,Towers with Radar,597,604,86,1,1288,0,0,57,1,58,597,604,143,2,1346,0,0,0,1346
05/31/2003,CLT,NC,ASO,ES,Towers with Radar,571,449,41,3,1064,0,0,26,2,28,571,449,67,5,1092,0,0,0,1092
06/01/2003,CLT,NC,ASO,ES,Towers with Radar,500,454,66,0,1020,61,0,9,0,70,561,454,75,0,1090,0,0,0,1090
06/02/2003,CLT,NC,ASO,ES,Towers with Radar,577,549,69,2,1197,0,0,28,3,31,577,549,97,5,1228,0,0,0,1228
06/03/2003,CLT,NC,ASO,ES,Towers with Radar,596,585,88,2,1271,0,0,10,0,10,596,585,98,2,1281,0,0,0,1281
06/04/2003,CLT,NC,ASO,ES,Towers with Radar,597,604,100,5,1306,0,0,26,0,26,597,604,126,5,1332,0,0,0,1332
06/05/2003,CLT,NC,ASO,ES,Towers with Radar,602,603,75,14,1294,0,1,64,0,65,602,604,139,14,1359,0,0,0,1359
06/06/2003,CLT,NC,ASO,ES,Towers with Radar,603,604,94,9,1310,0,0,62,0,62,603,604,156,9,1372,0,0,0,1372
06/07/2003,CLT,NC,ASO,ES,Towers with Radar,542,437,32,6,1017,0,0,2,0,2,542,437,34,6,1019,0,0,0,1019
06/08/2003,CLT,NC,ASO,ES,Towers with Radar,548,459,46,5,1058,0,0,12,1,13,548,459,58,6,1071,0,0,0,1071
06/09/2003,CLT,NC,ASO,ES,Towers with Radar,598,559,85,7,1249,0,2,34,6,42,598,561,119,13,1291,0,0,0,1291
06/10/2003,CLT,NC,ASO,ES,Towers with Radar,595,614,112,5,1326,0,1,46,2,49,595,615,158,7,1375,0,0,0,1375
06/11/2003,CLT,NC,ASO,ES,Towers with Radar,588,607,93,11,1299,0,6,39,2,47,588,613,132,13,1346,0,0,0,1346
06/12/2003,CLT,NC,ASO,ES,Towers with Radar,595,623,91,7,1316,0,1,25,2,28,595,624,116,9,1344,0,0,0,1344
06/13/2003,CLT,NC,ASO,ES,Towers with Radar,594,607,73,2,1276,0,1,16,0,17,594,608,89,2,1293,0,0,0,1293
06/14/2003,CLT,NC,ASO,ES,Towers with Radar,496,482,65,4,1047,66,18,24,0,108,562,500,89,4,1155,0,0,0,1155
06/15/2003,CLT,NC,ASO,ES,Towers with Radar,560,471,40,1,1072,0,2,19,0,21,560,473,59,1,1093,0,0,0,1093
06/16/2003,CLT,NC,ASO,ES,Towers with Radar,567,565,78,4,1214,0,0,12,0,12,567,565,90,4,1226,0,0,0,1226
06/17/2003,CLT,NC,ASO,ES,Towers with Radar,613,658,106,5,1382,0,0,5,0,5,613,658,111,5,1387,0,0,0,1387
06/18/2003,CLT,NC,ASO,ES,Towers with Radar,553,568,78,4,1203,0,8,27,3,38,553,576,105,7,1241,0,0,0,1241
06/19/2003,CLT,NC,ASO,ES,Towers with Radar,596,621,110,8,1335,0,4,17,0,21,596,625,127,8,1356,0,0,0,1356
06/20/2003,CLT,NC,ASO,ES,Towers with Radar,619,605,89,3,1316,0,3,27,1,31,619,608,116,4,1347,0,0,0,1347
06/21/2003,CLT,NC,ASO,ES,Towers with Radar,569,520,40,0,1129,0,1,22,0,23,569,521,62,0,1152,0,0,0,1152
06/22/2003,CLT,NC,ASO,ES,Towers with Radar,559,489,57,1,1106,0,0,30,0,30,559,489,87,1,1136,0,0,0,1136
06/23/2003,CLT,NC,ASO,ES,Towers with Radar,584,586,106,6,1282,0,1,29,0,30,584,587,135,6,1312,0,0,0,1312
06/24/2003,CLT,NC,ASO,ES,Towers with Radar,608,664,117,5,1394,0,2,38,1,41,608,666,155,6,1435,0,0,0,1435
06/25/2003,CLT,NC,ASO,ES,Towers with Radar,586,624,86,3,1299,0,37,27,0,64,586,661,113,3,1363,0,0,0,1363
06/26/2003,CLT,NC,ASO,ES,Towers with Radar,610,622,107,8,1347,0,0,36,0,36,610,622,143,8,1383,0,0,0,1383
06/27/2003,CLT,NC,ASO,ES,Towers with Radar,574,631,80,1,1286,0,2,39,0,41,574,633,119,1,1327,0,0,0,1327
06/28/2003,CLT,NC,ASO,ES,Towers with Radar,571,503,50,1,1125,0,0,13,0,13,571,503,63,1,1138,0,0,0,1138
06/29/2003,CLT,NC,ASO,ES,Towers with Radar,553,467,41,0,1061,0,0,25,0,25,553,467,66,0,1086,0,0,0,1086
06/30/2003,CLT,NC,ASO,ES,Towers with Radar,569,557,81,6,1213,0,0,23,1,24,569,557,104,7,1237,0,0,0,1237
07/01/2003,CLT,NC,ASO,ES,Towers with Radar,614,626,63,5,1308,0,1,7,0,8,614,627,70,5,1316,0,0,0,1316
07/02/2003,CLT,NC,ASO,ES,Towers with Radar,602,619,65,4,1290,0,0,5,0,5,602,619,70,4,1295,0,0,0,1295
07/03/2003,CLT,NC,ASO,ES,Towers with Radar,603,617,45,0,1265,0,0,33,0,33,603,617,78,0,1298,0,0,0,1298
07/04/2003,CLT,NC,ASO,ES,Towers with Radar,484,439,17,0,940,0,0,31,0,31,484,439,48,0,971,0,0,0,971
07/05/2003,CLT,NC,ASO,ES,Towers with Radar,468,414,25,1,908,0,0,21,0,21,468,414,46,1,929,0,0,0,929
07/06/2003,CLT,NC,ASO,ES,Towers with Radar,530,473,59,0,1062,0,0,22,0,22,530,473,81,0,1084,0,0,0,1084
07/07/2003,CLT,NC,ASO,ES,Towers with Radar,570,581,65,0,1216,0,2,14,0,16,570,583,79,0,1232,0,0,0,1232
07/08/2003,CLT,NC,ASO,ES,Towers with Radar,614,655,85,1,1355,0,2,28,0,30,614,657,113,1,1385,0,0,0,1385
07/09/2003,CLT,NC,ASO,ES,Towers with Radar,570,587,84,4,1245,0,2,28,4,34,570,589,112,8,1279,0,0,0,1279
07/10/2003,CLT,NC,ASO,ES,Towers with Radar,611,618,86,6,1321,0,4,38,0,42,611,622,124,6,1363,0,0,0,1363
07/11/2003,CLT,NC,ASO,ES,Towers with Radar,594,644,78,2,1318,0,0,32,0,32,594,644,110,2,1350,0,0,0,1350
07/12/2003,CLT,NC,ASO,ES,Towers with Radar,578,532,45,2,1157,0,0,29,2,31,578,532,74,4,1188,0,0,0,1188
07/13/2003,CLT,NC,ASO,ES,Towers with Radar,558,504,46,7,1115,0,0,5,0,5,558,504,51,7,1120,0,0,0,1120
07/14/2003,CLT,NC,ASO,ES,Towers with Radar,574,614,71,1,1260,0,2,11,1,14,574,616,82,2,1274,0,0,0,1274
07/15/2003,CLT,NC,ASO,ES,Towers with Radar,608,653,84,8,1353,0,0,23,2,25,608,653,107,10,1378,0,0,0,1378
07/16/2003,CLT,NC,ASO,ES,Towers with Radar,591,606,120,7,1324,0,4,21,0,25,591,610,141,7,1349,0,0,0,1349
07/17/2003,CLT,NC,ASO,ES,Towers with Radar,622,668,92,7,1389,0,0,33,2,35,622,668,125,9,1424,0,0,0,1424
07/18/2003,CLT,NC,ASO,ES,Towers with Radar,552,615,61,7,1235,0,1,13,0,14,552,616,74,7,1249,0,0,0,1249
07/19/2003,CLT,NC,ASO,ES,Towers with Radar,581,527,31,0,1139,0,1,18,0,19,581,528,49,0,1158,0,0,0,1158
07/20/2003,CLT,NC,ASO,ES,Towers with Radar,568,522,46,5,1141,0,0,9,0,9,568,522,55,5,1150,0,0,0,1150
07/21/2003,CLT,NC,ASO,ES,Towers with Radar,569,562,87,3,1221,0,0,23,0,23,569,562,110,3,1244,0,0,0,1244
07/22/2003,CLT,NC,ASO,ES,Towers with Radar,590,642,73,5,1310,0,3,26,0,29,590,645,99,5,1339,0,0,0,1339
07/23/2003,CLT,NC,ASO,ES,Towers with Radar,605,654,124,6,1389,0,1,21,0,22,605,655,145,6,1411,0,0,0,1411
07/24/2003,CLT,NC,ASO,ES,Towers with Radar,617,649,99,11,1376,0,0,22,0,22,617,649,121,11,1398,0,0,0,1398
07/25/2003,CLT,NC,ASO,ES,Towers with Radar,591,659,63,0,1313,0,2,32,0,34,591,661,95,0,1347,0,0,0,1347
07/26/2003,CLT,NC,ASO,ES,Towers with Radar,572,525,32,0,1129,0,0,26,0,26,572,525,58,0,1155,0,0,0,1155
07/27/2003,CLT,NC,ASO,ES,Towers with Radar,564,506,40,2,1112,0,0,22,0,22,564,506,62,2,1134,0,0,0,1134
07/28/2003,CLT,NC,ASO,ES,Towers with Radar,577,604,69,0,1250,0,0,15,0,15,577,604,84,0,1265,0,0,0,1265
07/29/2003,CLT,NC,ASO,ES,Towers with Radar,562,589,83,6,1240,0,3,31,0,34,562,592,114,6,1274,0,0,0,1274
07/30/2003,CLT,NC,ASO,ES,Towers with Radar,614,673,80,3,1370,0,1,26,0,27,614,674,106,3,1397,0,0,0,1397
07/31/2003,CLT,NC,ASO,ES,Towers with Radar,572,663,78,4,1317,0,1,7,0,8,572,664,85,4,1325,0,0,0,1325
08/01/2003,CLT,NC,ASO,ES,Towers with Radar,582,652,78,4,1316,0,3,17,1,21,582,655,95,5,1337,0,0,0,1337
08/02/2003,CLT,NC,ASO,ES,Towers with Radar,574,530,32,7,1143,0,3,17,0,20,574,533,49,7,1163,0,0,0,1163
08/03/2003,CLT,NC,ASO,ES,Towers with Radar,549,498,52,8,1107,0,1,14,0,15,549,499,66,8,1122,0,0,0,1122
08/04/2003,CLT,NC,ASO,ES,Towers with Radar,561,577,69,4,1211,0,0,10,0,10,561,577,79,4,1221,0,0,0,1221
08/05/2003,CLT,NC,ASO,ES,Towers with Radar,613,639,84,8,1344,0,1,16,0,17,613,640,100,8,1361,0,0,0,1361
08/06/2003,CLT,NC,ASO,ES,Towers with Radar,605,650,84,4,1343,0,2,26,0,28,605,652,110,4,1371,0,0,0,1371
08/07/2003,CLT,NC,ASO,ES,Towers with Radar,602,653,99,12,1366,0,3,22,0,25,602,656,121,12,1391,0,0,0,1391
08/08/2003,CLT,NC,ASO,ES,Towers with Radar,603,652,74,2,1331,0,1,17,0,18,603,653,91,2,1349,0,0,0,1349
08/09/2003,CLT,NC,ASO,ES,Towers with Radar,568,531,46,4,1149,0,1,28,2,31,568,532,74,6,1180,0,0,0,1180
08/10/2003,CLT,NC,ASO,ES,Towers with Radar,525,476,43,2,1046,0,1,5,0,6,525,477,48,2,1052,0,0,0,1052
08/11/2003,CLT,NC,ASO,ES,Towers with Radar,611,619,72,4,1306,0,0,29,5,34,611,619,101,9,1340,0,0,0,1340
08/12/2003,CLT,NC,ASO,ES,Towers with Radar,585,604,94,3,1286,0,2,17,0,19,585,606,111,3,1305,0,0,0,1305
08/13/2003,CLT,NC,ASO,ES,Towers with Radar,624,669,82,4,1379,0,0,37,0,37,624,669,119,4,1416,0,0,0,1416
08/14/2003,CLT,NC,ASO,ES,Towers with Radar,506,547,80,5,1138,0,0,16,1,17,506,547,96,6,1155,0,0,0,1155
08/15/2003,CLT,NC,ASO,ES,Towers with Radar,522,532,60,2,1116,21,4,13,0,38,543,536,73,2,1154,0,0,0,1154
08/16/2003,CLT,NC,ASO,ES,Towers with Radar,546,518,50,1,1115,0,0,0,0,0,546,518,50,1,1115,0,0,0,1115
08/17/2003,CLT,NC,ASO,ES,Towers with Radar,504,506,46,3,1059,54,0,0,1,55,558,506,46,4,1114,0,0,0,1114
08/18/2003,CLT,NC,ASO,ES,Towers with Radar,587,606,76,3,1272,0,1,32,0,33,587,607,108,3,1305,0,0,0,1305
08/19/2003,CLT,NC,ASO,ES,Towers with Radar,600,642,96,6,1344,0,1,25,1,27,600,643,121,7,1371,0,0,0,1371
08/20/2003,CLT,NC,ASO,ES,Towers with Radar,591,658,91,2,1342,0,2,22,1,25,591,660,113,3,1367,0,0,0,1367
08/21/2003,CLT,NC,ASO,ES,Towers with Radar,594,672,91,12,1369,0,3,35,6,44,594,675,126,18,1413,0,0,0,1413
08/22/2003,CLT,NC,ASO,ES,Towers with Radar,581,628,86,3,1298,0,2,26,4,32,581,630,112,7,1330,0,0,0,1330
08/23/2003,CLT,NC,ASO,ES,Towers with Radar,581,534,38,0,1153,0,1,26,0,27,581,535,64,0,1180,0,0,0,1180
08/24/2003,CLT,NC,ASO,ES,Towers with Radar,555,526,57,1,1139,0,1,23,0,24,555,527,80,1,1163,0,0,0,1163
08/25/2003,CLT,NC,ASO,ES,Towers with Radar,569,612,66,10,1257,0,2,32,0,34,569,614,98,10,1291,0,0,0,1291
08/26/2003,CLT,NC,ASO,ES,Towers with Radar,584,654,79,10,1327,0,4,37,0,41,584,658,116,10,1368,0,0,0,1368
08/27/2003,CLT,NC,ASO,ES,Towers with Radar,600,646,87,4,1337,0,4,51,1,56,600,650,138,5,1393,0,0,0,1393
08/28/2003,CLT,NC,ASO,ES,Towers with Radar,595,660,91,4,1350,0,1,24,2,27,595,661,115,6,1377,0,0,0,1377
08/29/2003,CLT,NC,ASO,ES,Towers with Radar,603,657,80,1,1341,0,1,30,2,33,603,658,110,3,1374,0,0,0,1374
08/30/2003,CLT,NC,ASO,ES,Towers with Radar,541,500,38,1,1080,0,2,23,1,26,541,502,61,2,1106,0,0,0,1106
08/31/2003,CLT,NC,ASO,ES,Towers with Radar,457,381,20,0,858,0,1,12,0,13,457,382,32,0,871,0,0,0,871
09/01/2003,CLT,NC,ASO,ES,Towers with Radar,535,506,37,3,1081,3,4,26,0,33,538,510,63,3,1114,0,0,0,1114
09/02/2003,CLT,NC,ASO,ES,Towers with Radar,528,575,76,8,1187,3,8,14,0,25,531,583,90,8,1212,0,0,0,1212
09/03/2003,CLT,NC,ASO,ES,Towers with Radar,530,615,99,5,1249,3,4,25,0,32,533,619,124,5,1281,0,0,0,1281
09/04/2003,CLT,NC,ASO,ES,Towers with Radar,557,607,105,7,1276,3,5,10,0,18,560,612,115,7,1294,0,0,0,1294
09/05/2003,CLT,NC,ASO,ES,Towers with Radar,623,658,71,4,1356,3,7,33,2,45,626,665,104,6,1401,0,0,0,1401
09/06/2003,CLT,NC,ASO,ES,Towers with Radar,533,510,33,0,1076,3,3,29,0,35,536,513,62,0,1111,0,0,0,1111
09/07/2003,CLT,NC,ASO,ES,Towers with Radar,554,477,62,1,1094,3,3,8,1,15,557,480,70,2,1109,0,0,0,1109
09/08/2003,CLT,NC,ASO,ES,Towers with Radar,559,607,62,11,1239,3,5,21,1,30,562,612,83,12,1269,0,0,0,1269
09/09/2003,CLT,NC,ASO,ES,Towers with Radar,543,609,85,4,1241,3,4,25,2,34,546,613,110,6,1275,0,0,0,1275
09/10/2003,CLT,NC,ASO,ES,Towers with Radar,528,562,71,7,1168,3,4,34,0,41,531,566,105,7,1209,0,0,0,1209
09/11/2003,CLT,NC,ASO,ES,Towers with Radar,531,511,77,6,1125,0,0,47,10,57,531,511,124,16,1182,0,0,0,1182
09/12/2003,CLT,NC,ASO,ES,Towers with Radar,579,602,88,6,1275,0,0,39,2,41,579,602,127,8,1316,8,0,8,1324
09/13/2003,CLT,NC,ASO,ES,Towers with Radar,532,474,54,0,1060,3,3,46,0,52,535,477,100,0,1112,0,0,0,1112
09/14/2003,CLT,NC,ASO,ES,Towers with Radar,545,467,58,6,1076,3,3,34,0,40,548,470,92,6,1116,0,0,0,1116
09/15/2003,CLT,NC,ASO,ES,Towers with Radar,561,596,80,9,1246,3,5,14,0,22,564,601,94,9,1268,0,0,0,1268
09/16/2003,CLT,NC,ASO,ES,Towers with Radar,551,614,129,10,1304,3,5,29,0,37,554,619,158,10,1341,0,0,0,1341
09/17/2003,CLT,NC,ASO,ES,Towers with Radar,574,595,99,10,1278,3,4,22,2,31,577,599,121,12,1309,0,0,0,1309
09/18/2003,CLT,NC,ASO,ES,Towers with Radar,532,502,65,9,1108,3,4,16,0,23,535,506,81,9,1131,0,0,0,1131
09/19/2003,CLT,NC,ASO,ES,Towers with Radar,567,565,70,15,1217,3,4,38,0,45,570,569,108,15,1262,0,0,0,1262
09/20/2003,CLT,NC,ASO,ES,Towers with Radar,535,453,25,1,1014,3,3,41,0,47,538,456,66,1,1061,0,0,0,1061
09/21/2003,CLT,NC,ASO,ES,Towers with Radar,544,463,42,2,1051,3,3,26,3,35,547,466,68,5,1086,0,0,0,1086
09/22/2003,CLT,NC,ASO,ES,Towers with Radar,565,567,68,5,1205,3,3,3,0,9,568,570,71,5,1214,0,0,0,1214
09/23/2003,CLT,NC,ASO,ES,Towers with Radar,540,592,102,12,1246,3,3,40,0,46,543,595,142,12,1292,0,0,0,1292
09/24/2003,CLT,NC,ASO,ES,Towers with Radar,567,594,87,13,1261,3,3,36,0,42,570,597,123,13,1303,0,0,0,1303
09/25/2003,CLT,NC,ASO,ES,Towers with Radar,592,623,116,4,1335,3,7,36,1,47,595,630,152,5,1382,0,0,0,1382
09/26/2003,CLT,NC,ASO,ES,Towers with Radar,592,631,78,0,1301,3,5,43,0,51,595,636,121,0,1352,0,0,0,1352
09/27/2003,CLT,NC,ASO,ES,Towers with Radar,537,457,41,0,1035,3,3,21,0,27,540,460,62,0,1062,0,0,0,1062
09/28/2003,CLT,NC,ASO,ES,Towers with Radar,543,464,77,1,1085,3,3,13,1,20,546,467,90,2,1105,0,0,0,1105
09/29/2003,CLT,NC,ASO,ES,Towers with Radar,571,553,91,9,1224,3,4,23,0,30,574,557,114,9,1254,0,0,0,1254
09/30/2003,CLT,NC,ASO,ES,Towers with Radar,585,634,111,3,1333,2,9,45,1,57,587,643,156,4,1390,0,0,0,1390
10/01/2003,CLT,NC,ASO,ES,Towers with Radar,599,610,90,6,1305,0,16,35,8,59,599,626,125,14,1364,0,0,0,1364
10/02/2003,CLT,NC,ASO,ES,Towers with Radar,590,620,91,6,1307,0,16,49,5,70,590,636,140,11,1377,0,0,0,1377
10/03/2003,CLT,NC,ASO,ES,Towers with Radar,599,615,91,2,1307,0,19,46,0,65,599,634,137,2,1372,0,0,0,1372
10/04/2003,CLT,NC,ASO,ES,Towers with Radar,472,466,68,3,1009,106,18,3,0,127,578,484,71,3,1136,0,0,0,1136
10/05/2003,CLT,NC,ASO,ES,Towers with Radar,527,482,77,3,1089,47,0,48,0,95,574,482,125,3,1184,0,0,0,1184
10/06/2003,CLT,NC,ASO,ES,Towers with Radar,571,563,83,6,1223,6,16,16,2,40,577,579,99,8,1263,0,0,0,1263
10/07/2003,CLT,NC,ASO,ES,Towers with Radar,592,621,92,6,1311,0,13,35,0,48,592,634,127,6,1359,0,0,0,1359
10/08/2003,CLT,NC,ASO,ES,Towers with Radar,587,645,95,6,1333,0,7,18,2,27,587,652,113,8,1360,0,0,0,1360
10/09/2003,CLT,NC,ASO,ES,Towers with Radar,594,640,96,6,1336,0,0,53,0,53,594,640,149,6,1389,0,0,0,1389
10/10/2003,CLT,NC,ASO,ES,Towers with Radar,595,638,96,7,1336,0,0,38,1,39,595,638,134,8,1375,0,0,0,1375
10/11/2003,CLT,NC,ASO,ES,Towers with Radar,497,475,73,2,1047,71,0,16,0,87,568,475,89,2,1134,0,0,0,1134
10/12/2003,CLT,NC,ASO,ES,Towers with Radar,520,459,77,2,1058,41,0,46,0,87,561,459,123,2,1145,0,0,0,1145
10/13/2003,CLT,NC,ASO,ES,Towers with Radar,561,553,82,2,1198,14,39,26,0,79,575,592,108,2,1277,0,0,0,1277
10/14/2003,CLT,NC,ASO,ES,Towers with Radar,588,578,87,6,1259,0,0,18,0,18,588,578,105,6,1277,0,0,0,1277
10/15/2003,CLT,NC,ASO,ES,Towers with Radar,585,610,91,6,1292,0,19,33,0,52,585,629,124,6,1344,0,0,0,1344
10/16/2003,CLT,NC,ASO,ES,Towers with Radar,600,625,93,6,1324,0,16,72,3,91,600,641,165,9,1415,0,0,0,1415
10/17/2003,CLT,NC,ASO,ES,Towers with Radar,596,600,89,5,1290,0,13,18,1,32,596,613,107,6,1322,0,0,0,1322
10/18/2003,CLT,NC,ASO,ES,Towers with Radar,498,477,64,4,1043,85,0,0,0,85,583,477,64,4,1128,0,0,0,1128
10/19/2003,CLT,NC,ASO,ES,Towers with Radar,520,478,76,3,1077,47,0,51,0,98,567,478,127,3,1175,0,0,0,1175
10/20/2003,CLT,NC,ASO,ES,Towers with Radar,570,560,83,0,1213,4,19,35,0,58,574,579,118,0,1271,0,0,0,1271
10/21/2003,CLT,NC,ASO,ES,Towers with Radar,590,622,93,5,1310,0,35,52,6,93,590,657,145,11,1403,0,0,0,1403
10/22/2003,CLT,NC,ASO,ES,Towers with Radar,589,618,92,5,1304,0,16,35,3,54,589,634,127,8,1358,0,0,0,1358
10/23/2003,CLT,NC,ASO,ES,Towers with Radar,602,627,94,5,1328,0,0,50,12,62,602,627,144,17,1390,0,0,0,1390
10/24/2003,CLT,NC,ASO,ES,Towers with Radar,594,607,91,5,1297,0,11,45,1,57,594,618,136,6,1354,0,0,0,1354
10/25/2003,CLT,NC,ASO,ES,Towers with Radar,499,472,73,1,1045,71,0,6,0,77,570,472,79,1,1122,0,0,0,1122
10/26/2003,CLT,NC,ASO,ES,Towers with Radar,485,444,67,4,1000,54,0,0,0,54,539,444,67,4,1054,0,0,0,1054
10/27/2003,CLT,NC,ASO,ES,Towers with Radar,573,547,84,5,1209,5,0,12,7,24,578,547,96,12,1233,0,0,0,1233
10/28/2003,CLT,NC,ASO,ES,Towers with Radar,607,613,91,0,1311,0,2,16,0,18,607,615,107,0,1329,0,0,0,1329
10/29/2003,CLT,NC,ASO,ES,Towers with Radar,600,596,89,5,1290,0,2,39,0,41,600,598,128,5,1331,0,0,0,1331
10/30/2003,CLT,NC,ASO,ES,Towers with Radar,602,592,88,5,1287,11,8,44,0,63,613,600,132,5,1350,0,0,0,1350
10/31/2003,CLT,NC,ASO,ES,Towers with Radar,587,578,85,2,1252,24,7,33,0,64,611,585,118,2,1316,0,0,0,1316
11/01/2003,CLT,NC,ASO,ES,Towers with Radar,501,437,68,5,1011,68,16,7,1,92,569,453,75,6,1103,0,0,0,1103
11/02/2003,CLT,NC,ASO,ES,Towers with Radar,518,452,58,5,1033,51,2,0,6,59,569,454,58,11,1092,0,0,0,1092
11/03/2003,CLT,NC,ASO,ES,Towers with Radar,583,510,78,0,1171,7,9,31,0,47,590,519,109,0,1218,0,0,0,1218
11/04/2003,CLT,NC,ASO,ES,Towers with Radar,595,554,85,6,1240,0,11,52,0,63,595,565,137,6,1303,0,0,0,1303
11/05/2003,CLT,NC,ASO,ES,Towers with Radar,595,569,87,5,1256,0,7,42,0,49,595,576,129,5,1305,0,0,0,1305
11/06/2003,CLT,NC,ASO,ES,Towers with Radar,602,566,87,7,1262,0,0,43,9,52,602,566,130,16,1314,0,0,0,1314
11/07/2003,CLT,NC,ASO,ES,Towers with Radar,606,568,87,6,1267,0,0,33,0,33,606,568,120,6,1300,0,0,0,1300
11/08/2003,CLT,NC,ASO,ES,Towers with Radar,523,432,70,6,1031,54,0,18,1,73,577,432,88,7,1104,0,0,0,1104
11/09/2003,CLT,NC,ASO,ES,Towers with Radar,516,435,69,4,1024,46,0,54,0,100,562,435,123,4,1124,0,0,0,1124
11/10/2003,CLT,NC,ASO,ES,Towers with Radar,592,517,82,2,1193,0,0,41,0,41,592,517,123,2,1234,0,0,0,1234
11/11/2003,CLT,NC,ASO,ES,Towers with Radar,604,549,84,1,1238,0,10,73,0,83,604,559,157,1,1321,0,0,0,1321
11/12/2003,CLT,NC,ASO,ES,Towers with Radar,587,527,81,6,1201,0,0,46,4,50,587,527,127,10,1251,0,0,0,1251
11/13/2003,CLT,NC,ASO,ES,Towers with Radar,605,542,83,2,1232,0,19,32,0,51,605,561,115,2,1283,0,0,0,1283
11/14/2003,CLT,NC,ASO,ES,Towers with Radar,606,562,87,4,1259,0,0,91,0,91,606,562,178,4,1350,0,0,0,1350
11/15/2003,CLT,NC,ASO,ES,Towers with Radar,504,431,67,2,1004,82,0,4,0,86,586,431,71,2,1090,0,0,0,1090
11/16/2003,CLT,NC,ASO,ES,Towers with Radar,547,438,73,5,1063,18,0,40,2,60,565,438,113,7,1123,0,0,0,1123
11/17/2003,CLT,NC,ASO,ES,Towers with Radar,578,532,83,5,1198,0,0,51,2,53,578,532,134,7,1251,0,0,0,1251
11/18/2003,CLT,NC,ASO,ES,Towers with Radar,605,552,85,6,1248,0,8,38,10,56,605,560,123,16,1304,0,0,0,1304
11/19/2003,CLT,NC,ASO,ES,Towers with Radar,566,493,72,5,1136,20,53,0,5,78,586,546,72,10,1214,0,0,0,1214
11/20/2003,CLT,NC,ASO,ES,Towers with Radar,612,574,91,6,1283,0,0,96,6,102,612,574,187,12,1385,0,0,0,1385
11/21/2003,CLT,NC,ASO,ES,Towers with Radar,603,572,88,1,1264,0,5,74,0,79,603,577,162,1,1343,0,0,0,1343
11/22/2003,CLT,NC,ASO,ES,Towers with Radar,495,428,67,2,992,77,0,10,0,87,572,428,77,2,1079,0,0,0,1079
11/23/2003,CLT,NC,ASO,ES,Towers with Radar,507,428,68,4,1007,48,0,5,1,54,555,428,73,5,1061,0,0,0,1061
11/24/2003,CLT,NC,ASO,ES,Towers with Radar,582,493,79,5,1159,0,0,9,7,16,582,493,88,12,1175,0,0,0,1175
11/25/2003,CLT,NC,ASO,ES,Towers with Radar,604,586,91,6,1287,0,12,66,8,86,604,598,157,14,1373,0,0,0,1373
11/26/2003,CLT,NC,ASO,ES,Towers with Radar,612,565,90,2,1269,0,0,42,0,42,612,565,132,2,1311,0,0,0,1311
11/27/2003,CLT,NC,ASO,ES,Towers with Radar,453,394,20,1,868,74,56,0,0,130,527,450,20,1,998,0,0,0,998
11/28/2003,CLT,NC,ASO,ES,Towers with Radar,425,370,50,3,848,52,8,0,0,60,477,378,50,3,908,0,0,0,908
11/29/2003,CLT,NC,ASO,ES,Towers with Radar,484,422,65,2,973,61,19,3,0,83,545,441,68,2,1056,0,0,0,1056
11/30/2003,CLT,NC,ASO,ES,Towers with Radar,582,518,81,1,1182,0,0,32,0,32,582,518,113,1,1214,0,0,0,1214
12/01/2003,CLT,NC,ASO,ES,Towers with Radar,583,535,74,6,1198,0,0,60,4,64,583,535,134,10,1262,0,0,0,1262
12/02/2003,CLT,NC,ASO,ES,Towers with Radar,606,598,81,6,1291,0,2,74,3,79,606,600,155,9,1370,0,0,0,1370
12/03/2003,CLT,NC,ASO,ES,Towers with Radar,590,567,82,6,1245,0,0,85,7,92,590,567,167,13,1337,0,0,0,1337
12/04/2003,CLT,NC,ASO,ES,Towers with Radar,593,529,72,1,1195,8,40,12,0,60,601,569,84,1,1255,0,0,0,1255
12/05/2003,CLT,NC,ASO,ES,Towers with Radar,573,535,73,3,1184,0,0,41,0,41,573,535,114,3,1225,0,0,0,1225
12/06/2003,CLT,NC,ASO,ES,Towers with Radar,477,418,58,5,958,64,0,33,2,99,541,418,91,7,1057,0,0,0,1057
12/07/2003,CLT,NC,ASO,ES,Towers with Radar,491,431,59,5,986,50,0,3,0,53,541,431,62,5,1039,0,0,0,1039
12/08/2003,CLT,NC,ASO,ES,Towers with Radar,570,533,71,6,1180,0,7,51,0,58,570,540,122,6,1238,0,0,0,1238
12/09/2003,CLT,NC,ASO,ES,Towers with Radar,600,569,77,6,1252,0,0,60,4,64,600,569,137,10,1316,0,0,0,1316
12/10/2003,CLT,NC,ASO,ES,Towers with Radar,594,564,76,6,1240,0,6,17,9,32,594,570,93,15,1272,0,0,0,1272
12/11/2003,CLT,NC,ASO,ES,Towers with Radar,593,580,78,6,1257,0,5,62,1,68,593,585,140,7,1325,0,0,0,1325
12/12/2003,CLT,NC,ASO,ES,Towers with Radar,610,576,79,6,1271,0,0,67,0,67,610,576,146,6,1338,0,0,0,1338
12/13/2003,CLT,NC,ASO,ES,Towers with Radar,477,427,57,0,961,85,4,6,0,95,562,431,63,0,1056,0,0,0,1056
12/14/2003,CLT,NC,ASO,ES,Towers with Radar,444,397,34,3,878,99,6,0,0,105,543,403,34,3,983,0,0,0,983
12/15/2003,CLT,NC,ASO,ES,Towers with Radar,593,535,75,5,1208,0,0,68,1,69,593,535,143,6,1277,0,0,0,1277
12/16/2003,CLT,NC,ASO,ES,Towers with Radar,611,568,82,5,1266,0,0,93,7,100,611,568,175,12,1366,0,0,0,1366
12/17/2003,CLT,NC,ASO,ES,Towers with Radar,597,575,78,5,1255,0,0,40,1,41,597,575,118,6,1296,0,0,0,1296
12/18/2003,CLT,NC,ASO,ES,Towers with Radar,614,572,80,5,1271,0,0,60,7,67,614,572,140,12,1338,0,0,0,1338
12/19/2003,CLT,NC,ASO,ES,Towers with Radar,610,563,78,0,1251,0,0,54,0,54,610,563,132,0,1305,0,0,0,1305
12/20/2003,CLT,NC,ASO,ES,Towers with Radar,521,450,62,1,1034,63,0,4,0,67,584,450,66,1,1101,0,0,0,1101
12/21/2003,CLT,NC,ASO,ES,Towers with Radar,507,444,61,2,1014,60,0,37,0,97,567,444,98,2,1111,0,0,0,1111
12/22/2003,CLT,NC,ASO,ES,Towers with Radar,574,499,70,4,1147,9,0,55,8,72,583,499,125,12,1219,0,0,0,1219
12/23/2003,CLT,NC,ASO,ES,Towers with Radar,605,553,75,1,1234,0,16,7,0,23,605,569,82,1,1257,0,0,0,1257
12/24/2003,CLT,NC,ASO,ES,Towers with Radar,517,460,40,0,1017,22,42,0,0,64,539,502,40,0,1081,0,0,0,1081
12/25/2003,CLT,NC,ASO,ES,Towers with Radar,445,396,18,0,859,59,76,0,0,135,504,472,18,0,994,0,0,0,994
12/26/2003,CLT,NC,ASO,ES,Towers with Radar,568,506,66,0,1140,21,2,0,0,23,589,508,66,0,1163,0,0,0,1163
12/27/2003,CLT,NC,ASO,ES,Towers with Radar,519,448,63,0,1030,47,0,46,0,93,566,448,109,0,1123,0,0,0,1123
12/28/2003,CLT,NC,ASO,ES,Towers with Radar,515,458,62,0,1035,51,2,4,0,57,566,460,66,0,1092,0,0,0,1092
12/29/2003,CLT,NC,ASO,ES,Towers with Radar,570,508,69,4,1151,16,17,10,4,47,586,525,79,8,1198,0,0,0,1198
12/30/2003,CLT,NC,ASO,ES,Towers with Radar,585,521,65,5,1176,14,39,0,0,53,599,560,65,5,1229,0,0,0,1229
12/31/2003,CLT,NC,ASO,ES,Towers with Radar,535,477,65,0,1077,22,37,12,0,71,557,514,77,0,1148,0,0,0,1148
01/01/2004,CLT,NC,ASO,ES,Towers with Radar,472,416,58,0,946,50,54,11,0,115,522,470,69,0,1061,0,0,0,1061
01/02/2004,CLT,NC,ASO,ES,Towers with Radar,538,475,66,0,1079,39,19,3,0,61,577,494,69,0,1140,0,0,0,1140
01/03/2004,CLT,NC,ASO,ES,Towers with Radar,530,444,65,0,1039,38,0,36,0,74,568,444,101,0,1113,0,0,0,1113
01/04/2004,CLT,NC,ASO,ES,Towers with Radar,533,464,64,1,1062,2,0,19,0,21,535,464,83,1,1083,0,0,0,1083
01/05/2004,CLT,NC,ASO,ES,Towers with Radar,587,525,73,3,1188,0,0,5,6,11,587,525,78,9,1199,0,0,0,1199
01/06/2004,CLT,NC,ASO,ES,Towers with Radar,602,572,78,4,1256,0,22,41,2,65,602,594,119,6,1321,0,0,0,1321
01/07/2004,CLT,NC,ASO,ES,Towers with Radar,609,583,79,4,1275,0,21,53,6,80,609,604,132,10,1355,0,0,0,1355
01/08/2004,CLT,NC,ASO,ES,Towers with Radar,553,539,73,0,1165,0,11,35,0,46,553,550,108,0,1211,0,0,0,1211
01/09/2004,CLT,NC,ASO,ES,Towers with Radar,636,574,76,0,1286,0,53,0,0,53,636,627,76,0,1339,0,0,0,1339
01/10/2004,CLT,NC,ASO,ES,Towers with Radar,500,442,54,3,999,56,12,0,1,69,556,454,54,4,1068,0,0,0,1068
01/11/2004,CLT,NC,ASO,ES,Towers with Radar,506,448,61,2,1017,45,13,11,0,69,551,461,72,2,1086,0,0,0,1086
01/12/2004,CLT,NC,ASO,ES,Towers with Radar,584,547,75,2,1208,0,0,67,5,72,584,547,142,7,1280,0,0,0,1280
01/13/2004,CLT,NC,ASO,ES,Towers with Radar,607,592,81,3,1283,0,16,64,6,86,607,608,145,9,1369,0,0,0,1369
01/14/2004,CLT,NC,ASO,ES,Towers with Radar,612,596,81,3,1292,0,16,49,5,70,612,612,130,8,1362,0,0,0,1362
01/15/2004,CLT,NC,ASO,ES,Towers with Radar,595,573,78,3,1249,0,18,54,4,76,595,591,132,7,1325,0,0,0,1325
01/16/2004,CLT,NC,ASO,ES,Towers with Radar,598,572,78,2,1250,0,21,72,0,93,598,593,150,2,1343,0,0,0,1343
01/17/2004,CLT,NC,ASO,ES,Towers with Radar,491,435,59,2,987,61,16,3,2,82,552,451,62,4,1069,0,0,0,1069
01/18/2004,CLT,NC,ASO,ES,Towers with Radar,474,419,50,0,943,63,17,0,0,80,537,436,50,0,1023,0,0,0,1023
01/19/2004,CLT,NC,ASO,ES,Towers with Radar,590,532,73,1,1196,0,0,30,0,30,590,532,103,1,1226,0,0,0,1226
01/20/2004,CLT,NC,ASO,ES,Towers with Radar,606,554,78,3,1241,0,0,69,3,72,606,554,147,6,1313,0,0,0,1313
01/21/2004,CLT,NC,ASO,ES,Towers with Radar,606,590,82,3,1281,0,8,49,0,57,606,598,131,3,1338,0,0,0,1338
01/22/2004,CLT,NC,ASO,ES,Towers with Radar,602,585,81,3,1271,0,4,47,3,54,602,589,128,6,1325,0,0,0,1325
01/23/2004,CLT,NC,ASO,ES,Towers with Radar,601,571,79,3,1254,0,18,52,0,70,601,589,131,3,1324,0,0,0,1324
01/24/2004,CLT,NC,ASO,ES,Towers with Radar,509,448,62,0,1019,42,9,8,0,59,551,457,70,0,1078,0,0,0,1078
01/25/2004,CLT,NC,ASO,ES,Towers with Radar,337,265,27,0,629,121,0,0,0,121,458,265,27,0,750,0,0,0,750
01/26/2004,CLT,NC,ASO,ES,Towers with Radar,329,187,40,0,556,184,0,5,0,189,513,187,45,0,745,0,0,0,745
01/27/2004,CLT,NC,ASO,ES,Towers with Radar,437,334,53,1,825,125,0,12,0,137,562,334,65,1,962,0,0,0,962
01/28/2004,CLT,NC,ASO,ES,Towers with Radar,594,562,78,1,1235,0,7,84,0,91,594,569,162,1,1326,0,0,0,1326
01/29/2004,CLT,NC,ASO,ES,Towers with Radar,607,590,82,3,1282,0,0,57,5,62,607,590,139,8,1344,0,0,0,1344
01/30/2004,CLT,NC,ASO,ES,Towers with Radar,633,578,85,3,1299,0,0,71,0,71,633,578,156,3,1370,0,0,0,1370
01/31/2004,CLT,NC,ASO,ES,Towers with Radar,524,446,64,1,1035,32,0,40,0,72,556,446,104,1,1107,0,0,0,1107
02/01/2004,CLT,NC,ASO,ES,Towers with Radar,493,448,65,0,1006,55,0,8,0,63,548,448,73,0,1069,0,0,0,1069
02/02/2004,CLT,NC,ASO,ES,Towers with Radar,610,539,81,2,1232,14,0,76,0,90,624,539,157,2,1322,0,0,0,1322
02/03/2004,CLT,NC,ASO,ES,Towers with Radar,612,567,82,6,1267,0,4,5,0,9,612,571,87,6,1276,0,0,0,1276
02/04/2004,CLT,NC,ASO,ES,Towers with Radar,598,604,87,6,1295,0,0,53,2,55,598,604,140,8,1350,0,0,0,1350
02/05/2004,CLT,NC,ASO,ES,Towers with Radar,594,582,84,6,1266,0,1,30,7,38,594,583,114,13,1304,0,0,0,1304
02/06/2004,CLT,NC,ASO,ES,Towers with Radar,574,524,71,5,1174,21,40,0,0,61,595,564,71,5,1235,0,0,0,1235
02/07/2004,CLT,NC,ASO,ES,Towers with Radar,492,451,56,5,1004,62,2,0,5,69,554,453,56,10,1073,0,0,0,1073
02/08/2004,CLT,NC,ASO,ES,Towers with Radar,484,443,63,4,994,36,3,18,5,62,520,446,81,9,1056,0,0,0,1056
02/09/2004,CLT,NC,ASO,ES,Towers with Radar,579,532,79,0,1190,0,0,52,0,52,579,532,131,0,1242,0,0,0,1242
02/10/2004,CLT,NC,ASO,ES,Towers with Radar,594,570,81,5,1250,0,7,56,5,68,594,577,137,10,1318,0,0,0,1318
02/11/2004,CLT,NC,ASO,ES,Towers with Radar,597,584,85,5,1271,0,0,49,3,52,597,584,134,8,1323,0,0,0,1323
02/12/2004,CLT,NC,ASO,ES,Towers with Radar,603,568,81,1,1253,0,35,5,0,40,603,603,86,1,1293,0,0,0,1293
02/13/2004,CLT,NC,ASO,ES,Towers with Radar,616,580,84,5,1285,0,0,47,3,50,616,580,131,8,1335,0,0,0,1335
02/14/2004,CLT,NC,ASO,ES,Towers with Radar,511,468,59,2,1040,29,46,0,0,75,540,514,59,2,1115,0,0,0,1115
02/15/2004,CLT,NC,ASO,ES,Towers with Radar,515,471,55,1,1042,32,0,0,0,32,547,471,55,1,1074,0,0,0,1074
02/16/2004,CLT,NC,ASO,ES,Towers with Radar,589,521,77,0,1187,0,0,66,0,66,589,521,143,0,1253,0,0,0,1253
02/17/2004,CLT,NC,ASO,ES,Towers with Radar,599,553,79,4,1235,0,5,57,4,66,599,558,136,8,1301,0,0,0,1301
02/18/2004,CLT,NC,ASO,ES,Towers with Radar,595,592,87,5,1279,0,0,96,6,102,595,592,183,11,1381,0,0,0,1381
02/19/2004,CLT,NC,ASO,ES,Towers with Radar,603,595,87,5,1290,0,0,72,6,78,603,595,159,11,1368,0,0,0,1368
02/20/2004,CLT,NC,ASO,ES,Towers with Radar,609,575,84,4,1272,0,0,26,0,26,609,575,110,4,1298,0,0,0,1298
02/21/2004,CLT,NC,ASO,ES,Towers with Radar,514,469,68,4,1055,32,58,3,3,96,546,527,71,7,1151,0,0,0,1151
02/22/2004,CLT,NC,ASO,ES,Towers with Radar,519,473,68,2,1062,47,0,12,0,59,566,473,80,2,1121,0,0,0,1121
02/23/2004,CLT,NC,ASO,ES,Towers with Radar,582,543,82,5,1212,0,0,54,6,60,582,543,136,11,1272,0,0,0,1272
02/24/2004,CLT,NC,ASO,ES,Towers with Radar,606,579,84,5,1274,0,13,43,3,59,606,592,127,8,1333,0,0,0,1333
02/25/2004,CLT,NC,ASO,ES,Towers with Radar,597,591,85,5,1278,0,0,47,3,50,597,591,132,8,1328,0,0,0,1328
02/26/2004,CLT,NC,ASO,ES,Towers with Radar,418,343,53,3,817,86,0,0,0,86,504,343,53,3,903,0,0,0,903
02/27/2004,CLT,NC,ASO,ES,Towers with Radar,494,419,65,3,981,74,0,0,0,74,568,419,65,3,1055,0,0,0,1055
02/28/2004,CLT,NC,ASO,ES,Towers with Radar,508,463,67,0,1038,39,44,10,0,93,547,507,77,0,1131,0,0,0,1131
02/29/2004,CLT,NC,ASO,ES,Towers with Radar,526,475,69,1,1071,38,0,6,0,44,564,475,75,1,1115,0,0,0,1115
03/01/2004,CLT,NC,ASO,ES,Towers with Radar,565,530,76,1,1172,16,0,46,0,62,581,530,122,1,1234,0,0,0,1234
03/02/2004,CLT,NC,ASO,ES,Towers with Radar,619,579,84,7,1289,0,0,47,1,48,619,579,131,8,1337,0,0,0,1337
03/03/2004,CLT,NC,ASO,ES,Towers with Radar,601,570,85,5,1261,0,0,54,0,54,601,570,139,5,1315,0,0,0,1315
03/04/2004,CLT,NC,ASO,ES,Towers with Radar,600,594,84,6,1284,0,4,51,4,59,600,598,135,10,1343,0,0,0,1343
03/05/2004,CLT,NC,ASO,ES,Towers with Radar,587,571,80,5,1243,0,3,40,0,43,587,574,120,5,1286,0,0,0,1286
03/06/2004,CLT,NC,ASO,ES,Towers with Radar,476,454,64,5,999,54,81,12,0,147,530,535,76,5,1146,0,0,0,1146
03/07/2004,CLT,NC,ASO,ES,Towers with Radar,495,470,66,5,1036,63,0,2,3,68,558,470,68,8,1104,0,0,0,1104
03/08/2004,CLT,NC,ASO,ES,Towers with Radar,582,550,78,6,1216,13,0,36,1,50,595,550,114,7,1266,0,0,0,1266
03/09/2004,CLT,NC,ASO,ES,Towers with Radar,608,580,82,3,1273,0,3,39,0,42,608,583,121,3,1315,0,0,0,1315
03/10/2004,CLT,NC,ASO,ES,Towers with Radar,601,589,84,5,1279,0,0,63,0,63,601,589,147,5,1342,0,0,0,1342
03/11/2004,CLT,NC,ASO,ES,Towers with Radar,604,591,88,5,1288,0,0,71,6,77,604,591,159,11,1365,0,0,0,1365
03/12/2004,CLT,NC,ASO,ES,Towers with Radar,609,591,84,4,1288,0,0,48,0,48,609,591,132,4,1336,0,0,0,1336
03/13/2004,CLT,NC,ASO,ES,Towers with Radar,502,479,67,0,1048,38,62,14,0,114,540,541,81,0,1162,0,0,0,1162
03/14/2004,CLT,NC,ASO,ES,Towers with Radar,528,477,57,4,1066,38,0,0,2,40,566,477,57,6,1106,0,0,0,1106
03/15/2004,CLT,NC,ASO,ES,Towers with Radar,588,545,80,5,1218,0,0,1,1,2,588,545,81,6,1220,0,0,0,1220
03/16/2004,CLT,NC,ASO,ES,Towers with Radar,588,565,81,5,1239,0,13,25,1,39,588,578,106,6,1278,0,0,0,1278
03/17/2004,CLT,NC,ASO,ES,Towers with Radar,611,599,89,5,1304,0,0,31,0,31,611,599,120,5,1335,0,0,0,1335
03/18/2004,CLT,NC,ASO,ES,Towers with Radar,596,587,87,5,1275,0,0,62,4,66,596,587,149,9,1341,0,0,0,1341
03/19/2004,CLT,NC,ASO,ES,Towers with Radar,619,591,84,3,1297,0,10,50,0,60,619,601,134,3,1357,0,0,0,1357
03/20/2004,CLT,NC,ASO,ES,Towers with Radar,504,478,68,2,1052,37,57,5,0,99,541,535,73,2,1151,0,0,0,1151
03/21/2004,CLT,NC,ASO,ES,Towers with Radar,509,483,69,2,1063,57,7,29,0,93,566,490,98,2,1156,0,0,0,1156
03/22/2004,CLT,NC,ASO,ES,Towers with Radar,578,541,78,5,1202,9,0,26,6,41,587,541,104,11,1243,0,0,0,1243
03/23/2004,CLT,NC,ASO,ES,Towers with Radar,605,583,83,6,1277,0,18,49,4,71,605,601,132,10,1348,0,0,0,1348
03/24/2004,CLT,NC,ASO,ES,Towers with Radar,584,583,83,5,1255,0,10,79,5,94,584,593,162,10,1349,0,0,0,1349
03/25/2004,CLT,NC,ASO,ES,Towers with Radar,610,600,86,5,1301,0,0,74,4,78,610,600,160,9,1379,0,0,0,1379
03/26/2004,CLT,NC,ASO,ES,Towers with Radar,603,592,85,4,1284,0,0,51,0,51,603,592,136,4,1335,0,0,0,1335
03/27/2004,CLT,NC,ASO,ES,Towers with Radar,514,488,70,2,1074,39,53,20,0,112,553,541,90,2,1186,0,0,0,1186
03/28/2004,CLT,NC,ASO,ES,Towers with Radar,516,486,68,4,1074,49,0,0,0,49,565,486,68,4,1123,0,0,0,1123
03/29/2004,CLT,NC,ASO,ES,Towers with Radar,589,559,80,5,1233,7,3,28,0,38,596,562,108,5,1271,0,0,0,1271
03/30/2004,CLT,NC,ASO,ES,Towers with Radar,607,596,85,5,1293,0,0,11,0,11,607,596,96,5,1304,0,0,0,1304
03/31/2004,CLT,NC,ASO,ES,Towers with Radar,607,606,90,5,1308,0,0,44,1,45,607,606,134,6,1353,0,0,0,1353
04/01/2004,CLT,NC,ASO,ES,Towers with Radar,606,597,86,6,1295,0,0,63,5,68,606,597,149,11,1363,0,0,0,1363
04/02/2004,CLT,NC,ASO,ES,Towers with Radar,615,599,85,6,1305,0,0,38,4,42,615,599,123,10,1347,0,0,0,1347
04/03/2004,CLT,NC,ASO,ES,Towers with Radar,490,480,62,5,1037,49,67,0,5,121,539,547,62,10,1158,0,0,0,1158
04/04/2004,CLT,NC,ASO,ES,Towers with Radar,517,506,70,5,1098,42,2,19,9,72,559,508,89,14,1170,0,0,0,1170
04/05/2004,CLT,NC,ASO,ES,Towers with Radar,579,548,79,5,1211,13,0,11,1,25,592,548,90,6,1236,0,0,0,1236
04/06/2004,CLT,NC,ASO,ES,Towers with Radar,616,610,87,6,1319,0,0,72,5,77,616,610,159,11,1396,0,0,0,1396
04/07/2004,CLT,NC,ASO,ES,Towers with Radar,600,614,88,6,1308,0,0,89,6,95,600,614,177,12,1403,0,0,0,1403
04/08/2004,CLT,NC,ASO,ES,Towers with Radar,616,618,88,6,1328,0,0,53,5,58,616,618,141,11,1386,0,0,0,1386
04/09/2004,CLT,NC,ASO,ES,Towers with Radar,608,596,83,2,1289,0,7,27,0,34,608,603,110,2,1323,0,0,0,1323
04/10/2004,CLT,NC,ASO,ES,Towers with Radar,515,505,60,0,1080,36,36,0,0,72,551,541,60,0,1152,0,0,0,1152
04/11/2004,CLT,NC,ASO,ES,Towers with Radar,500,490,51,1,1042,57,26,0,0,83,557,516,51,1,1125,0,0,0,1125
04/12/2004,CLT,NC,ASO,ES,Towers with Radar,562,551,74,0,1187,19,7,0,0,26,581,558,74,0,1213,0,0,0,1213
04/13/2004,CLT,NC,ASO,ES,Towers with Radar,573,561,69,4,1207,31,42,0,1,74,604,603,69,5,1281,0,0,0,1281
04/14/2004,CLT,NC,ASO,ES,Towers with Radar,610,606,89,5,1310,0,0,29,5,34,610,606,118,10,1344,0,0,0,1344
04/15/2004,CLT,NC,ASO,ES,Towers with Radar,615,607,88,5,1315,0,0,74,6,80,615,607,162,11,1395,0,0,0,1395
04/16/2004,CLT,NC,ASO,ES,Towers with Radar,609,600,85,1,1295,0,0,78,0,78,609,600,163,1,1373,0,0,0,1373
04/17/2004,CLT,NC,ASO,ES,Towers with Radar,507,495,69,2,1073,45,52,1,0,98,552,547,70,2,1171,0,0,0,1171
04/18/2004,CLT,NC,ASO,ES,Towers with Radar,528,511,72,1,1112,32,0,7,0,39,560,511,79,1,1151,0,0,0,1151
04/19/2004,CLT,NC,ASO,ES,Towers with Radar,586,572,80,4,1242,2,2,68,6,78,588,574,148,10,1320,0,0,0,1320
04/20/2004,CLT,NC,ASO,ES,Towers with Radar,606,615,85,5,1311,0,10,77,0,87,606,625,162,5,1398,0,0,0,1398
04/21/2004,CLT,NC,ASO,ES,Towers with Radar,617,619,86,5,1327,0,0,92,7,99,617,619,178,12,1426,0,0,0,1426
04/22/2004,CLT,NC,ASO,ES,Towers with Radar,614,622,90,0,1326,0,0,78,0,78,614,622,168,0,1404,0,0,0,1404
04/23/2004,CLT,NC,ASO,ES,Towers with Radar,609,609,86,0,1304,0,10,32,0,42,609,619,118,0,1346,0,0,0,1346
04/24/2004,CLT,NC,ASO,ES,Towers with Radar,506,494,70,0,1070,50,54,13,0,117,556,548,83,0,1187,0,0,0,1187
04/25/2004,CLT,NC,ASO,ES,Towers with Radar,536,491,74,4,1105,24,0,0,2,26,560,491,74,6,1131,0,0,0,1131
04/26/2004,CLT,NC,ASO,ES,Towers with Radar,586,566,84,0,1236,0,0,36,0,36,586,566,120,0,1272,0,0,0,1272
04/27/2004,CLT,NC,ASO,ES,Towers with Radar,614,601,86,1,1302,0,0,60,0,60,614,601,146,1,1362,0,0,0,1362
04/28/2004,CLT,NC,ASO,ES,Towers with Radar,610,617,87,5,1319,0,2,66,7,75,610,619,153,12,1394,0,0,0,1394
04/29/2004,CLT,NC,ASO,ES,Towers with Radar,618,620,88,3,1329,0,0,82,0,82,618,620,170,3,1411,0,0,0,1411
04/30/2004,CLT,NC,ASO,ES,Towers with Radar,622,604,86,5,1317,0,0,30,0,30,622,604,116,5,1347,0,0,0,1347
05/01/2004,CLT,NC,ASO,ES,Towers with Radar,500,481,61,0,1042,79,31,0,0,110,579,512,61,0,1152,0,0,0,1152
05/02/2004,CLT,NC,ASO,ES,Towers with Radar,492,464,68,6,1030,61,0,7,0,68,553,464,75,6,1098,0,0,0,1098
05/03/2004,CLT,NC,ASO,ES,Towers with Radar,600,583,84,3,1270,0,3,36,0,39,600,586,120,3,1309,0,0,0,1309
05/04/2004,CLT,NC,ASO,ES,Towers with Radar,605,619,89,7,1320,0,0,69,0,69,605,619,158,7,1389,0,0,0,1389
05/05/2004,CLT,NC,ASO,ES,Towers with Radar,602,616,91,7,1316,0,0,74,0,74,602,616,165,7,1390,0,0,0,1390
05/06/2004,CLT,NC,ASO,ES,Towers with Radar,601,617,90,8,1316,0,0,87,1,88,601,617,177,9,1404,0,0,0,1404
05/07/2004,CLT,NC,ASO,ES,Towers with Radar,612,609,88,5,1314,0,18,60,0,78,612,627,148,5,1392,0,0,0,1392
05/08/2004,CLT,NC,ASO,ES,Towers with Radar,500,481,70,1,1052,72,43,9,0,124,572,524,79,1,1176,0,0,0,1176
05/09/2004,CLT,NC,ASO,ES,Towers with Radar,523,503,73,5,1104,23,27,11,0,61,546,530,84,5,1165,0,0,0,1165
05/10/2004,CLT,NC,ASO,ES,Towers with Radar,588,573,84,7,1252,0,0,45,2,47,588,573,129,9,1299,0,0,0,1299
05/11/2004,CLT,NC,ASO,ES,Towers with Radar,603,604,89,6,1302,0,0,52,8,60,603,604,141,14,1362,0,0,0,1362
05/12/2004,CLT,NC,ASO,ES,Towers with Radar,602,594,89,6,1291,0,0,40,1,41,602,594,129,7,1332,0,0,0,1332
05/13/2004,CLT,NC,ASO,ES,Towers with Radar,613,609,94,0,1316,0,0,55,0,55,613,609,149,0,1371,0,0,0,1371
05/14/2004,CLT,NC,ASO,ES,Towers with Radar,599,592,87,6,1284,0,8,26,1,35,599,600,113,7,1319,0,0,0,1319
05/15/2004,CLT,NC,ASO,ES,Towers with Radar,510,488,69,4,1071,60,27,0,0,87,570,515,69,4,1158,0,0,0,1158
05/16/2004,CLT,NC,ASO,ES,Towers with Radar,523,495,73,2,1093,30,0,26,0,56,553,495,99,2,1149,0,0,0,1149
05/17/2004,CLT,NC,ASO,ES,Towers with Radar,568,549,80,5,1202,0,0,23,1,24,568,549,103,6,1226,0,0,0,1226
05/18/2004,CLT,NC,ASO,ES,Towers with Radar,608,588,88,6,1290,0,0,32,2,34,608,588,120,8,1324,0,0,0,1324
05/19/2004,CLT,NC,ASO,ES,Towers with Radar,608,611,89,7,1315,0,6,45,2,53,608,617,134,9,1368,0,0,0,1368
05/20/2004,CLT,NC,ASO,ES,Towers with Radar,613,610,89,7,1319,0,0,72,10,82,613,610,161,17,1401,0,0,0,1401
05/21/2004,CLT,NC,ASO,ES,Towers with Radar,599,609,89,6,1303,0,5,42,2,49,599,614,131,8,1352,0,0,0,1352
05/22/2004,CLT,NC,ASO,ES,Towers with Radar,506,484,71,3,1064,63,26,26,0,115,569,510,97,3,1179,0,0,0,1179
05/23/2004,CLT,NC,ASO,ES,Towers with Radar,514,482,72,5,1073,43,0,22,3,68,557,482,94,8,1141,0,0,0,1141
05/24/2004,CLT,NC,ASO,ES,Towers with Radar,587,557,82,6,1232,0,0,41,3,44,587,557,123,9,1276,0,0,0,1276
05/25/2004,CLT,NC,ASO,ES,Towers with Radar,607,593,85,6,1291,0,11,62,2,75,607,604,147,8,1366,0,0,0,1366
05/26/2004,CLT,NC,ASO,ES,Towers with Radar,597,606,87,6,1296,0,2,45,3,50,597,608,132,9,1346,0,0,0,1346
05/27/2004,CLT,NC,ASO,ES,Towers with Radar,611,642,94,6,1353,0,0,63,7,70,611,642,157,13,1423,0,0,0,1423
05/28/2004,CLT,NC,ASO,ES,Towers with Radar,613,605,90,5,1313,0,0,31,0,31,613,605,121,5,1344,0,0,0,1344
05/29/2004,CLT,NC,ASO,ES,Towers with Radar,485,465,67,4,1021,63,25,13,3,104,548,490,80,7,1125,0,0,0,1125
05/30/2004,CLT,NC,ASO,ES,Towers with Radar,424,404,59,3,890,47,0,52,0,99,471,404,111,3,989,0,0,0,989
05/31/2004,CLT,NC,ASO,ES,Towers with Radar,515,494,71,3,1083,61,1,58,0,120,576,495,129,3,1203,0,0,0,1203
06/01/2004,CLT,NC,ASO,ES,Towers with Radar,537,539,77,4,1157,46,0,12,0,58,583,539,89,4,1215,0,0,0,1215
06/02/2004,CLT,NC,ASO,ES,Towers with Radar,590,596,84,5,1275,20,0,50,0,70,610,596,134,5,1345,0,0,0,1345
06/03/2004,CLT,NC,ASO,ES,Towers with Radar,592,584,93,6,1275,0,0,53,4,57,592,584,146,10,1332,0,0,0,1332
06/04/2004,CLT,NC,ASO,ES,Towers with Radar,609,590,83,3,1285,0,0,0,0,0,609,590,83,3,1285,0,0,0,1285
06/05/2004,CLT,NC,ASO,ES,Towers with Radar,496,503,65,4,1068,71,0,0,0,71,567,503,65,4,1139,0,0,0,1139
06/06/2004,CLT,NC,ASO,ES,Towers with Radar,506,501,72,5,1084,0,0,0,5,5,506,501,72,10,1089,0,0,0,1089
06/07/2004,CLT,NC,ASO,ES,Towers with Radar,531,539,81,3,1154,0,0,24,0,24,531,539,105,3,1178,0,0,0,1178
06/08/2004,CLT,NC,ASO,ES,Towers with Radar,580,610,85,5,1280,0,0,30,0,30,580,610,115,5,1310,0,0,0,1310
06/09/2004,CLT,NC,ASO,ES,Towers with Radar,597,639,89,6,1331,0,2,43,0,45,597,641,132,6,1376,0,0,0,1376
06/10/2004,CLT,NC,ASO,ES,Towers with Radar,594,629,88,5,1316,0,0,28,1,29,594,629,116,6,1345,0,0,0,1345
06/11/2004,CLT,NC,ASO,ES,Towers with Radar,602,593,87,5,1287,0,0,29,1,30,602,593,116,6,1317,0,0,0,1317
06/12/2004,CLT,NC,ASO,ES,Towers with Radar,496,509,58,3,1066,33,49,0,0,82,529,558,58,3,1148,0,0,0,1148
06/13/2004,CLT,NC,ASO,ES,Towers with Radar,512,524,56,2,1094,31,1,0,0,32,543,525,56,2,1126,0,0,0,1126
06/14/2004,CLT,NC,ASO,ES,Towers with Radar,570,522,82,4,1178,5,0,6,1,12,575,522,88,5,1190,0,0,0,1190
06/15/2004,CLT,NC,ASO,ES,Towers with Radar,603,624,88,0,1315,0,0,42,0,42,603,624,130,0,1357,0,0,0,1357
06/16/2004,CLT,NC,ASO,ES,Towers with Radar,574,619,87,4,1284,0,11,37,7,55,574,630,124,11,1339,0,0,0,1339
06/17/2004,CLT,NC,ASO,ES,Towers with Radar,534,544,90,5,1173,0,0,30,1,31,534,544,120,6,1204,0,0,0,1204
06/18/2004,CLT,NC,ASO,ES,Towers with Radar,614,628,90,5,1337,0,0,42,2,44,614,628,132,7,1381,0,0,0,1381
06/19/2004,CLT,NC,ASO,ES,Towers with Radar,501,512,63,0,1076,24,90,0,0,114,525,602,63,0,1190,0,0,0,1190
06/20/2004,CLT,NC,ASO,ES,Towers with Radar,517,529,44,1,1091,29,4,0,0,33,546,533,44,1,1124,0,0,0,1124
06/21/2004,CLT,NC,ASO,ES,Towers with Radar,559,571,81,4,1215,16,0,8,1,25,575,571,89,5,1240,0,0,0,1240
06/22/2004,CLT,NC,ASO,ES,Towers with Radar,600,630,89,4,1323,0,11,24,2,37,600,641,113,6,1360,0,0,0,1360
06/23/2004,CLT,NC,ASO,ES,Towers with Radar,580,617,88,4,1289,0,0,32,2,34,580,617,120,6,1323,0,0,0,1323
06/24/2004,CLT,NC,ASO,ES,Towers with Radar,616,637,92,5,1350,0,0,41,0,41,616,637,133,5,1391,0,0,0,1391
06/25/2004,CLT,NC,ASO,ES,Towers with Radar,569,571,82,4,1226,6,0,32,2,40,575,571,114,6,1266,0,0,0,1266
06/26/2004,CLT,NC,ASO,ES,Towers with Radar,501,512,55,1,1069,47,73,0,0,120,548,585,55,1,1189,0,0,0,1189
06/27/2004,CLT,NC,ASO,ES,Towers with Radar,490,501,62,0,1053,48,40,0,0,88,538,541,62,0,1141,0,0,0,1141
06/28/2004,CLT,NC,ASO,ES,Towers with Radar,583,587,86,4,1260,0,0,9,7,16,583,587,95,11,1276,0,0,0,1276
06/29/2004,CLT,NC,ASO,ES,Towers with Radar,603,624,89,4,1320,0,0,33,3,36,603,624,122,7,1356,0,0,0,1356
06/30/2004,CLT,NC,ASO,ES,Towers with Radar,598,632,92,5,1327,0,0,23,1,24,598,632,115,6,1351,0,0,0,1351
07/01/2004,CLT,NC,ASO,ES,Towers with Radar,608,626,79,5,1318,0,0,32,2,34,608,626,111,7,1352,0,0,0,1352
07/02/2004,CLT,NC,ASO,ES,Towers with Radar,601,607,76,4,1288,0,0,18,0,18,601,607,94,4,1306,0,0,0,1306
07/03/2004,CLT,NC,ASO,ES,Towers with Radar,488,496,41,1,1026,23,40,0,0,63,511,536,41,1,1089,0,0,0,1089
07/04/2004,CLT,NC,ASO,ES,Towers with Radar,447,445,23,4,919,87,0,0,0,87,534,445,23,4,1006,0,0,0,1006
07/05/2004,CLT,NC,ASO,ES,Towers with Radar,485,464,59,4,1012,77,0,0,0,77,562,464,59,4,1089,0,0,0,1089
07/06/2004,CLT,NC,ASO,ES,Towers with Radar,558,568,69,3,1198,14,7,1,0,22,572,575,70,3,1220,0,0,0,1220
07/07/2004,CLT,NC,ASO,ES,Towers with Radar,581,607,73,5,1266,0,3,52,5,60,581,610,125,10,1326,0,0,0,1326
07/08/2004,CLT,NC,ASO,ES,Towers with Radar,610,628,77,5,1320,0,0,34,0,34,610,628,111,5,1354,0,0,0,1354
07/09/2004,CLT,NC,ASO,ES,Towers with Radar,597,617,75,5,1294,0,7,12,0,19,597,624,87,5,1313,0,0,0,1313
07/10/2004,CLT,NC,ASO,ES,Towers with Radar,502,511,62,2,1077,17,63,8,0,88,519,574,70,2,1165,0,0,0,1165
07/11/2004,CLT,NC,ASO,ES,Towers with Radar,499,508,46,0,1053,32,13,0,0,45,531,521,46,0,1098,0,0,0,1098
07/12/2004,CLT,NC,ASO,ES,Towers with Radar,551,534,68,5,1158,4,0,6,4,14,555,534,74,9,1172,0,0,0,1172
07/13/2004,CLT,NC,ASO,ES,Towers with Radar,615,613,77,5,1310,0,0,50,0,50,615,613,127,5,1360,0,0,0,1360
07/14/2004,CLT,NC,ASO,ES,Towers with Radar,578,602,73,5,1258,0,1,48,4,53,578,603,121,9,1311,0,0,0,1311
07/15/2004,CLT,NC,ASO,ES,Towers with Radar,612,646,78,5,1341,0,0,61,1,62,612,646,139,6,1403,0,0,0,1403
07/16/2004,CLT,NC,ASO,ES,Towers with Radar,595,629,76,5,1305,0,2,56,0,58,595,631,132,5,1363,0,0,0,1363
07/17/2004,CLT,NC,ASO,ES,Towers with Radar,484,493,57,3,1037,26,73,0,2,101,510,566,57,5,1138,0,0,0,1138
07/18/2004,CLT,NC,ASO,ES,Towers with Radar,502,505,61,3,1071,37,0,0,2,39,539,505,61,5,1110,0,0,0,1110
07/19/2004,CLT,NC,ASO,ES,Towers with Radar,578,575,71,4,1228,7,0,23,3,33,585,575,94,7,1261,0,0,0,1261
07/20/2004,CLT,NC,ASO,ES,Towers with Radar,601,623,77,4,1305,0,0,37,1,38,601,623,114,5,1343,0,0,0,1343
07/21/2004,CLT,NC,ASO,ES,Towers with Radar,595,635,77,4,1311,0,2,62,5,69,595,637,139,9,1380,0,0,0,1380
07/22/2004,CLT,NC,ASO,ES,Towers with Radar,602,648,82,5,1337,0,0,81,4,85,602,648,163,9,1422,0,0,0,1422
07/23/2004,CLT,NC,ASO,ES,Towers with Radar,597,629,76,3,1305,0,0,65,0,65,597,629,141,3,1370,0,0,0,1370
07/24/2004,CLT,NC,ASO,ES,Towers with Radar,512,520,61,0,1093,12,73,0,0,85,524,593,61,0,1178,0,0,0,1178
07/25/2004,CLT,NC,ASO,ES,Towers with Radar,511,512,64,3,1090,33,0,8,0,41,544,512,72,3,1131,0,0,0,1131
07/26/2004,CLT,NC,ASO,ES,Towers with Radar,574,559,72,4,1209,2,0,4,2,8,576,559,76,6,1217,0,0,0,1217
07/27/2004,CLT,NC,ASO,ES,Towers with Radar,579,600,74,1,1254,0,0,28,0,28,579,600,102,1,1282,0,0,0,1282
07/28/2004,CLT,NC,ASO,ES,Towers with Radar,590,624,79,4,1297,0,0,72,4,76,590,624,151,8,1373,0,0,0,1373
07/29/2004,CLT,NC,ASO,ES,Towers with Radar,602,624,80,4,1310,0,0,46,0,46,602,624,126,4,1356,0,0,0,1356
07/30/2004,CLT,NC,ASO,ES,Towers with Radar,603,614,75,5,1297,0,17,43,0,60,603,631,118,5,1357,0,0,0,1357
07/31/2004,CLT,NC,ASO,ES,Towers with Radar,491,498,61,3,1053,18,77,1,1,97,509,575,62,4,1150,0,0,0,1150
08/01/2004,CLT,NC,ASO,ES,Towers with Radar,470,493,56,0,1019,3,17,0,0,20,473,510,56,0,1039,0,0,0,1039
08/02/2004,CLT,NC,ASO,ES,Towers with Radar,551,548,71,0,1170,46,0,11,0,57,597,548,82,0,1227,0,0,0,1227
08/03/2004,CLT,NC,ASO,ES,Towers with Radar,595,623,78,4,1300,0,0,51,0,51,595,623,129,4,1351,0,0,0,1351
08/04/2004,CLT,NC,ASO,ES,Towers with Radar,601,623,78,5,1307,0,0,36,0,36,601,623,114,5,1343,0,0,0,1343
08/05/2004,CLT,NC,ASO,ES,Towers with Radar,629,627,81,6,1343,0,0,23,0,23,629,627,104,6,1366,0,0,0,1366
08/06/2004,CLT,NC,ASO,ES,Towers with Radar,641,655,82,6,1384,10,0,41,0,51,651,655,123,6,1435,0,0,0,1435
08/07/2004,CLT,NC,ASO,ES,Towers with Radar,479,504,61,3,1047,37,83,0,0,120,516,587,61,3,1167,0,0,0,1167
08/08/2004,CLT,NC,ASO,ES,Towers with Radar,504,530,52,5,1091,36,20,0,6,62,540,550,52,11,1153,0,0,0,1153
08/09/2004,CLT,NC,ASO,ES,Towers with Radar,567,596,73,6,1242,12,9,16,1,38,579,605,89,7,1280,0,0,0,1280
08/10/2004,CLT,NC,ASO,ES,Towers with Radar,589,629,77,6,1301,0,11,25,0,36,589,640,102,6,1337,0,0,0,1337
08/11/2004,CLT,NC,ASO,ES,Towers with Radar,580,625,78,3,1286,0,0,19,0,19,580,625,97,3,1305,0,0,0,1305
08/12/2004,CLT,NC,ASO,ES,Towers with Radar,595,627,78,3,1303,0,6,26,0,32,595,633,104,3,1335,0,0,0,1335
08/13/2004,CLT,NC,ASO,ES,Towers with Radar,570,599,74,0,1243,15,33,4,0,52,585,632,78,0,1295,0,0,0,1295
08/14/2004,CLT,NC,ASO,ES,Towers with Radar,438,461,28,4,931,52,67,0,2,121,490,528,28,6,1052,0,0,0,1052
08/15/2004,CLT,NC,ASO,ES,Towers with Radar,519,545,47,5,1116,9,6,0,1,16,528,551,47,6,1132,0,0,0,1132
08/16/2004,CLT,NC,ASO,ES,Towers with Radar,579,600,77,5,1261,0,0,47,3,50,579,600,124,8,1311,0,0,0,1311
08/17/2004,CLT,NC,ASO,ES,Towers with Radar,604,655,84,6,1349,0,0,65,0,65,604,655,149,6,1414,0,0,0,1414
08/18/2004,CLT,NC,ASO,ES,Towers with Radar,606,661,83,6,1356,0,0,62,2,64,606,661,145,8,1420,0,0,0,1420
08/19/2004,CLT,NC,ASO,ES,Towers with Radar,605,642,82,6,1335,0,0,51,2,53,605,642,133,8,1388,0,0,0,1388
08/20/2004,CLT,NC,ASO,ES,Towers with Radar,606,639,80,4,1329,0,0,36,0,36,606,639,116,4,1365,0,0,0,1365
08/21/2004,CLT,NC,ASO,ES,Towers with Radar,474,496,51,3,1024,40,69,0,0,109,514,565,51,3,1133,0,0,0,1133
08/22/2004,CLT,NC,ASO,ES,Towers with Radar,534,559,60,3,1156,13,3,0,0,16,547,562,60,3,1172,0,0,0,1172
08/23/2004,CLT,NC,ASO,ES,Towers with Radar,570,587,74,5,1236,5,0,11,4,20,575,587,85,9,1256,0,0,0,1256
08/24/2004,CLT,NC,ASO,ES,Towers with Radar,598,639,82,6,1325,0,0,46,1,47,598,639,128,7,1372,0,0,0,1372
08/25/2004,CLT,NC,ASO,ES,Towers with Radar,594,623,81,6,1304,0,0,51,7,58,594,623,132,13,1362,0,0,0,1362
08/26/2004,CLT,NC,ASO,ES,Towers with Radar,619,646,83,6,1354,0,0,27,0,27,619,646,110,6,1381,0,0,0,1381
08/27/2004,CLT,NC,ASO,ES,Towers with Radar,598,646,80,5,1329,0,2,21,1,24,598,648,101,6,1353,0,0,0,1353
08/28/2004,CLT,NC,ASO,ES,Towers with Radar,500,523,56,1,1080,10,67,0,0,77,510,590,56,1,1157,0,0,0,1157
08/29/2004,CLT,NC,ASO,ES,Towers with Radar,492,515,63,4,1074,32,7,15,9,63,524,522,78,13,1137,0,0,0,1137
08/30/2004,CLT,NC,ASO,ES,Towers with Radar,564,591,72,5,1232,3,7,9,3,22,567,598,81,8,1254,0,0,0,1254
08/31/2004,CLT,NC,ASO,ES,Towers with Radar,615,654,80,5,1354,0,5,44,5,54,615,659,124,10,1408,0,0,0,1408
09/01/2004,CLT,NC,ASO,ES,Towers with Radar,601,661,114,9,1385,0,3,11,0,14,601,664,125,9,1399,0,0,0,1399
09/02/2004,CLT,NC,ASO,ES,Towers with Radar,620,690,93,3,1406,0,5,27,0,32,620,695,120,3,1438,0,0,0,1438
09/03/2004,CLT,NC,ASO,ES,Towers with Radar,568,639,64,3,1274,0,8,23,1,32,568,647,87,4,1306,0,0,0,1306
09/04/2004,CLT,NC,ASO,ES,Towers with Radar,413,525,23,0,961,0,2,12,0,14,413,527,35,0,975,0,0,0,975
09/05/2004,CLT,NC,ASO,ES,Towers with Radar,399,384,22,0,805,0,3,14,0,17,399,387,36,0,822,0,0,0,822
09/06/2004,CLT,NC,ASO,ES,Towers with Radar,501,468,40,2,1011,0,1,11,1,13,501,469,51,3,1024,0,0,0,1024
09/07/2004,CLT,NC,ASO,ES,Towers with Radar,565,582,75,0,1222,0,0,4,0,4,565,582,79,0,1226,0,0,0,1226
09/08/2004,CLT,NC,ASO,ES,Towers with Radar,604,649,53,0,1306,0,8,15,0,23,604,657,68,0,1329,0,0,0,1329
09/09/2004,CLT,NC,ASO,ES,Towers with Radar,595,644,124,7,1370,0,3,27,1,31,595,647,151,8,1401,0,0,0,1401
09/10/2004,CLT,NC,ASO,ES,Towers with Radar,630,682,95,3,1410,0,9,35,0,44,630,691,130,3,1454,0,0,0,1454
09/11/2004,CLT,NC,ASO,ES,Towers with Radar,516,545,44,2,1107,0,1,24,0,25,516,546,68,2,1132,0,0,0,1132
09/12/2004,CLT,NC,ASO,ES,Towers with Radar,549,544,48,7,1148,0,0,13,0,13,549,544,61,7,1161,0,0,0,1161
09/13/2004,CLT,NC,ASO,ES,Towers with Radar,574,602,117,0,1293,0,9,43,0,52,574,611,160,0,1345,0,0,0,1345
09/14/2004,CLT,NC,ASO,ES,Towers with Radar,609,661,142,6,1418,0,2,21,0,23,609,663,163,6,1441,0,0,0,1441
09/15/2004,CLT,NC,ASO,ES,Towers with Radar,579,654,107,14,1354,0,0,8,2,10,579,654,115,16,1364,0,0,0,1364
09/16/2004,CLT,NC,ASO,ES,Towers with Radar,600,646,68,10,1324,0,1,10,0,11,600,647,78,10,1335,0,0,0,1335
09/17/2004,CLT,NC,ASO,ES,Towers with Radar,579,599,38,4,1220,0,0,2,0,2,579,599,40,4,1222,0,0,0,1222
09/18/2004,CLT,NC,ASO,ES,Towers with Radar,506,550,30,6,1092,0,3,24,1,28,506,553,54,7,1120,0,0,0,1120
09/19/2004,CLT,NC,ASO,ES,Towers with Radar,544,550,61,2,1157,0,0,16,0,16,544,550,77,2,1173,0,0,0,1173
09/20/2004,CLT,NC,ASO,ES,Towers with Radar,569,607,83,6,1265,0,4,17,0,21,569,611,100,6,1286,0,0,0,1286
09/21/2004,CLT,NC,ASO,ES,Towers with Radar,605,666,114,6,1391,0,5,24,0,29,605,671,138,6,1420,0,0,0,1420
09/22/2004,CLT,NC,ASO,ES,Towers with Radar,590,662,127,6,1385,0,5,29,0,34,590,667,156,6,1419,0,0,0,1419
09/23/2004,CLT,NC,ASO,ES,Towers with Radar,607,680,84,9,1380,0,5,36,0,41,607,685,120,9,1421,0,0,0,1421
09/24/2004,CLT,NC,ASO,ES,Towers with Radar,599,649,90,4,1342,0,6,33,0,39,599,655,123,4,1381,0,0,0,1381
09/25/2004,CLT,NC,ASO,ES,Towers with Radar,488,546,27,0,1061,0,1,28,1,30,488,547,55,1,1091,0,0,0,1091
09/26/2004,CLT,NC,ASO,ES,Towers with Radar,484,528,51,1,1064,0,0,16,0,16,484,528,67,1,1080,0,0,0,1080
09/27/2004,CLT,NC,ASO,ES,Towers with Radar,552,590,79,4,1225,0,0,1,0,1,552,590,80,4,1226,0,0,0,1226
09/28/2004,CLT,NC,ASO,ES,Towers with Radar,593,639,74,4,1310,0,10,11,0,21,593,649,85,4,1331,0,0,0,1331
09/29/2004,CLT,NC,ASO,ES,Towers with Radar,600,652,123,8,1383,0,6,29,1,36,600,658,152,9,1419,0,0,0,1419
09/30/2004,CLT,NC,ASO,ES,Towers with Radar,608,662,104,5,1379,0,3,27,2,32,608,665,131,7,1411,0,0,0,1411
10/01/2004,CLT,NC,ASO,ES,Towers with Radar,606,663,82,5,1356,0,3,13,2,18,606,666,95,7,1374,0,0,0,1374
10/02/2004,CLT,NC,ASO,ES,Towers with Radar,519,520,31,5,1075,0,1,13,1,15,519,521,44,6,1090,0,0,0,1090
10/03/2004,CLT,NC,ASO,ES,Towers with Radar,558,554,79,1,1192,0,1,4,0,5,558,555,83,1,1197,0,0,0,1197
10/04/2004,CLT,NC,ASO,ES,Towers with Radar,586,610,110,0,1306,0,12,17,0,29,586,622,127,0,1335,0,0,0,1335
10/05/2004,CLT,NC,ASO,ES,Towers with Radar,596,661,86,0,1343,0,4,29,0,33,596,665,115,0,1376,0,0,0,1376
10/06/2004,CLT,NC,ASO,ES,Towers with Radar,604,659,122,0,1385,0,5,25,0,30,604,664,147,0,1415,0,0,0,1415
10/07/2004,CLT,NC,ASO,ES,Towers with Radar,616,697,146,4,1463,0,3,33,0,36,616,700,179,4,1499,0,0,0,1499
10/08/2004,CLT,NC,ASO,ES,Towers with Radar,599,694,89,0,1382,0,4,27,0,31,599,698,116,0,1413,0,0,0,1413
10/09/2004,CLT,NC,ASO,ES,Towers with Radar,536,564,45,2,1147,0,9,23,1,33,536,573,68,3,1180,0,0,0,1180
10/10/2004,CLT,NC,ASO,ES,Towers with Radar,554,559,51,1,1165,0,0,16,0,16,554,559,67,1,1181,0,0,0,1181
10/11/2004,CLT,NC,ASO,ES,Towers with Radar,585,588,75,0,1248,0,4,22,0,26,585,592,97,0,1274,0,0,0,1274
10/12/2004,CLT,NC,ASO,ES,Towers with Radar,607,628,106,4,1345,0,7,20,0,27,607,635,126,4,1372,0,0,0,1372
10/13/2004,CLT,NC,ASO,ES,Towers with Radar,603,667,65,11,1346,0,6,7,0,13,603,673,72,11,1359,0,0,0,1359
10/14/2004,CLT,NC,ASO,ES,Towers with Radar,615,684,93,4,1396,0,7,26,1,34,615,691,119,5,1430,0,0,0,1430
10/15/2004,CLT,NC,ASO,ES,Towers with Radar,606,663,101,0,1370,0,6,54,0,60,606,669,155,0,1430,0,0,0,1430
10/16/2004,CLT,NC,ASO,ES,Towers with Radar,526,569,48,2,1145,0,5,92,0,97,526,574,140,2,1242,28,0,28,1270
10/17/2004,CLT,NC,ASO,ES,Towers with Radar,551,576,67,4,1198,0,7,53,0,60,551,583,120,4,1258,0,0,0,1258
10/18/2004,CLT,NC,ASO,ES,Towers with Radar,582,602,88,8,1280,0,4,31,1,36,582,606,119,9,1316,0,0,0,1316
10/19/2004,CLT,NC,ASO,ES,Towers with Radar,595,671,94,2,1362,0,3,13,0,16,595,674,107,2,1378,0,0,0,1378
10/20/2004,CLT,NC,ASO,ES,Towers with Radar,606,680,122,9,1417,0,6,12,0,18,606,686,134,9,1435,0,0,0,1435
10/21/2004,CLT,NC,ASO,ES,Towers with Radar,616,710,138,11,1475,0,1,13,0,14,616,711,151,11,1489,0,0,0,1489
10/22/2004,CLT,NC,ASO,ES,Towers with Radar,624,712,105,8,1449,0,1,4,2,7,624,713,109,10,1456,0,0,0,1456
10/23/2004,CLT,NC,ASO,ES,Towers with Radar,530,565,46,10,1151,0,1,11,0,12,530,566,57,10,1163,0,0,0,1163
10/24/2004,CLT,NC,ASO,ES,Towers with Radar,553,565,84,2,1204,0,1,9,0,10,553,566,93,2,1214,0,0,0,1214
10/25/2004,CLT,NC,ASO,ES,Towers with Radar,585,638,70,6,1299,0,2,20,1,23,585,640,90,7,1322,0,0,0,1322
10/26/2004,CLT,NC,ASO,ES,Towers with Radar,611,688,92,14,1405,0,2,3,0,5,611,690,95,14,1410,0,0,0,1410
10/27/2004,CLT,NC,ASO,ES,Towers with Radar,597,702,124,3,1426,0,0,4,0,4,597,702,128,3,1430,0,0,0,1430
10/28/2004,CLT,NC,ASO,ES,Towers with Radar,611,714,165,2,1492,0,0,0,0,0,611,714,165,2,1492,0,0,0,1492
10/29/2004,CLT,NC,ASO,ES,Towers with Radar,603,668,91,5,1367,0,0,0,0,0,603,668,91,5,1367,0,0,0,1367
10/30/2004,CLT,NC,ASO,ES,Towers with Radar,532,552,27,22,1133,0,4,9,1,14,532,556,36,23,1147,0,0,0,1147
10/31/2004,CLT,NC,ASO,ES,Towers with Radar,548,554,46,4,1152,0,4,13,0,17,548,558,59,4,1169,0,0,0,1169
11/01/2004,CLT,NC,ASO,ES,Combined TRACON& Tower with Radar,568,587,94,5,1254,0,2,19,0,21,568,589,113,5,1275,0,0,0,1275
11/02/2004,CLT,NC,ASO,ES,Combined TRACON& Tower with Radar,605,658,55,10,1328,0,7,16,0,23,605,665,71,10,1351,0,0,0,1351
11/03/2004,CLT,NC,ASO,ES,Combined TRACON& Tower with Radar,599,655,100,8,1362,0,2,11,2,15,599,657,111,10,1377,0,0,0,1377
11/04/2004,CLT,NC,ASO,ES,Combined TRACON& Tower with Radar,608,671,136,6,1421,0,0,0,0,0,608,671,136,6,1421,0,0,0,1421
11/05/2004,CLT,NC,ASO,ES,Combined TRACON& Tower with Radar,610,691,98,4,1403,0,8,39,0,47,610,699,137,4,1450,0,0,0,1450
11/06/2004,CLT,NC,ASO,ES,Combined TRACON& Tower with Radar,537,562,40,7,1146,0,6,21,1,28,537,568,61,8,1174,0,0,0,1174
11/07/2004,CLT,NC,ASO,ES,Combined TRACON& Tower with Radar,569,564,70,4,1207,0,1,31,2,34,569,565,101,6,1241,0,0,0,1241
11/08/2004,CLT,NC,ASO,ES,Combined TRACON& Tower with Radar,607,649,83,1,1340,0,7,29,0,36,607,656,112,1,1376,0,0,0,1376
11/09/2004,CLT,NC,ASO,ES,Combined TRACON& Tower with Radar,616,692,113,1,1422,0,11,48,0,59,616,703,161,1,1481,0,0,0,1481
11/10/2004,CLT,NC,ASO,ES,Combined TRACON& Tower with Radar,613,719,130,4,1466,0,6,33,4,43,613,725,163,8,1509,0,0,0,1509
11/11/2004,CLT,NC,ASO,ES,Combined TRACON& Tower with Radar,629,673,95,1,1398,0,8,22,2,32,629,681,117,3,1430,3,3,6,1436
11/12/2004,CLT,NC,ASO,ES,Combined TRACON& Tower with Radar,619,648,69,1,1337,0,0,1,0,1,619,648,70,1,1338,0,0,0,1338
11/13/2004,CLT,NC,ASO,ES,Combined TRACON& Tower with Radar,555,578,27,1,1161,0,1,20,0,21,555,579,47,1,1182,0,0,0,1182
11/14/2004,CLT,NC,ASO,ES,Combined TRACON& Tower with Radar,598,552,50,0,1200,0,1,25,0,26,598,553,75,0,1226,0,0,0,1226
11/15/2004,CLT,NC,ASO,ES,Combined TRACON& Tower with Radar,598,649,99,8,1354,0,3,29,1,33,598,652,128,9,1387,0,0,0,1387
11/16/2004,CLT,NC,ASO,ES,Combined TRACON& Tower with Radar,629,704,137,10,1480,0,11,36,0,47,629,715,173,10,1527,0,0,0,1527
11/17/2004,CLT,NC,ASO,ES,Combined TRACON& Tower with Radar,626,696,130,6,1458,0,14,35,1,50,626,710,165,7,1508,0,0,0,1508
11/18/2004,CLT,NC,ASO,ES,Combined TRACON& Tower with Radar,641,711,121,11,1484,0,10,39,0,49,641,721,160,11,1533,0,0,0,1533
11/19/2004,CLT,NC,ASO,ES,Combined TRACON& Tower with Radar,635,710,83,2,1430,0,10,42,1,53,635,720,125,3,1483,0,0,0,1483
11/20/2004,CLT,NC,ASO,ES,Combined TRACON& Tower with Radar,555,578,41,0,1174,0,2,17,0,19,555,580,58,0,1193,0,0,0,1193
11/21/2004,CLT,NC,ASO,ES,Combined TRACON& Tower with Radar,589,549,74,5,1217,0,0,19,2,21,589,549,93,7,1238,0,0,0,1238
11/22/2004,CLT,NC,ASO,ES,Combined TRACON& Tower with Radar,622,651,74,5,1352,0,1,12,0,13,622,652,86,5,1365,0,0,0,1365
11/23/2004,CLT,NC,ASO,ES,Combined TRACON& Tower with Radar,634,694,89,6,1423,0,0,5,0,5,634,694,94,6,1428,0,0,0,1428
11/24/2004,CLT,NC,ASO,ES,Combined TRACON& Tower with Radar,616,680,65,3,1364,0,1,5,0,6,616,681,70,3,1370,0,0,0,1370
11/25/2004,CLT,NC,ASO,ES,Combined TRACON& Tower with Radar,548,579,19,0,1146,0,7,15,0,22,548,586,34,0,1168,0,0,0,1168
11/26/2004,CLT,NC,ASO,ES,Combined TRACON& Tower with Radar,513,478,26,1,1018,0,0,0,0,0,513,478,26,1,1018,0,0,0,1018
11/27/2004,CLT,NC,ASO,ES,Combined TRACON& Tower with Radar,540,572,42,0,1154,0,8,14,0,22,540,580,56,0,1176,0,0,0,1176
11/28/2004,CLT,NC,ASO,ES,Combined TRACON& Tower with Radar,600,596,65,0,1261,0,0,20,0,20,600,596,85,0,1281,0,0,0,1281
11/29/2004,CLT,NC,ASO,ES,Combined TRACON& Tower with Radar,624,635,116,10,1385,0,5,30,0,35,624,640,146,10,1420,0,0,0,1420
11/30/2004,CLT,NC,ASO,ES,Combined TRACON& Tower with Radar,628,675,107,11,1421,0,5,24,0,29,628,680,131,11,1450,0,0,0,1450
12/01/2004,CLT,NC,ASO,ES,Combined TRACON& Tower with Radar,643,684,105,8,1440,0,6,29,0,35,643,690,134,8,1475,0,0,0,1475
12/02/2004,CLT,NC,ASO,ES,Combined TRACON& Tower with Radar,675,666,96,4,1441,0,7,22,0,29,675,673,118,4,1470,0,0,0,1470
12/03/2004,CLT,NC,ASO,ES,Combined TRACON& Tower with Radar,659,674,83,10,1426,0,14,37,3,54,659,688,120,13,1480,0,0,0,1480
12/04/2004,CLT,NC,ASO,ES,Combined TRACON& Tower with Radar,586,550,23,1,1160,0,6,26,0,32,586,556,49,1,1192,0,0,0,1192
12/05/2004,CLT,NC,ASO,ES,Combined TRACON& Tower with Radar,618,543,44,9,1214,0,6,15,0,21,618,549,59,9,1235,0,0,0,1235
12/06/2004,CLT,NC,ASO,ES,Combined TRACON& Tower with Radar,619,602,70,0,1291,0,3,6,0,9,619,605,76,0,1300,0,0,0,1300
12/07/2004,CLT,NC,ASO,ES,Combined TRACON& Tower with Radar,634,633,108,12,1387,0,3,3,1,7,634,636,111,13,1394,0,0,0,1394
12/08/2004,CLT,NC,ASO,ES,Combined TRACON& Tower with Radar,648,662,94,5,1409,0,10,43,2,55,648,672,137,7,1464,0,0,0,1464
12/09/2004,CLT,NC,ASO,ES,Combined TRACON& Tower with Radar,632,599,88,2,1321,0,5,4,0,9,632,604,92,2,1330,0,0,0,1330
12/10/2004,CLT,NC,ASO,ES,Combined TRACON& Tower with Radar,665,662,86,4,1417,0,8,15,0,23,665,670,101,4,1440,0,0,0,1440
12/11/2004,CLT,NC,ASO,ES,Combined TRACON& Tower with Radar,584,553,31,1,1169,0,16,25,0,41,584,569,56,1,1210,0,0,0,1210
12/12/2004,CLT,NC,ASO,ES,Combined TRACON& Tower with Radar,614,541,55,0,1210,0,0,19,0,19,614,541,74,0,1229,0,0,0,1229
12/13/2004,CLT,NC,ASO,ES,Combined TRACON& Tower with Radar,628,629,86,5,1348,0,8,21,0,29,628,637,107,5,1377,0,0,0,1377
12/14/2004,CLT,NC,ASO,ES,Combined TRACON& Tower with Radar,647,663,119,8,1437,0,8,27,0,35,647,671,146,8,1472,0,0,0,1472
12/15/2004,CLT,NC,ASO,ES,Combined TRACON& Tower with Radar,640,649,109,8,1406,0,7,43,2,52,640,656,152,10,1458,0,0,0,1458
12/16/2004,CLT,NC,ASO,ES,Combined TRACON& Tower with Radar,656,656,91,8,1411,0,8,37,0,45,656,664,128,8,1456,0,0,0,1456
12/17/2004,CLT,NC,ASO,ES,Combined TRACON& Tower with Radar,651,659,103,3,1416,0,10,31,0,41,651,669,134,3,1457,0,0,0,1457
12/18/2004,CLT,NC,ASO,ES,Combined TRACON& Tower with Radar,581,563,38,1,1183,0,4,32,0,36,581,567,70,1,1219,0,0,0,1219
12/19/2004,CLT,NC,ASO,ES,Combined TRACON& Tower with Radar,622,510,32,3,1167,0,1,14,0,15,622,511,46,3,1182,0,0,0,1182
12/20/2004,CLT,NC,ASO,ES,Combined TRACON& Tower with Radar,616,608,52,11,1287,0,3,15,0,18,616,611,67,11,1305,0,0,0,1305
12/21/2004,CLT,NC,ASO,ES,Combined TRACON& Tower with Radar,649,655,46,8,1358,0,2,30,0,32,649,657,76,8,1390,0,0,0,1390
12/22/2004,CLT,NC,ASO,ES,Combined TRACON& Tower with Radar,641,634,44,6,1325,0,8,50,0,58,641,642,94,6,1383,0,0,0,1383
12/23/2004,CLT,NC,ASO,ES,Combined TRACON& Tower with Radar,602,584,36,1,1223,0,4,15,0,19,602,588,51,1,1242,0,0,0,1242
12/24/2004,CLT,NC,ASO,ES,Combined TRACON& Tower with Radar,580,590,31,0,1201,0,1,16,0,17,580,591,47,0,1218,0,0,0,1218
12/25/2004,CLT,NC,ASO,ES,Combined TRACON& Tower with Radar,473,474,12,0,959,0,1,8,0,9,473,475,20,0,968,0,0,0,968
12/26/2004,CLT,NC,ASO,ES,Combined TRACON& Tower with Radar,589,446,40,0,1075,0,2,7,0,9,589,448,47,0,1084,0,0,0,1084
12/27/2004,CLT,NC,ASO,ES,Combined TRACON& Tower with Radar,636,593,46,1,1276,0,3,26,0,29,636,596,72,1,1305,0,0,0,1305
12/28/2004,CLT,NC,ASO,ES,Combined TRACON& Tower with Radar,664,632,39,3,1338,0,8,17,0,25,664,640,56,3,1363,0,0,0,1363
12/29/2004,CLT,NC,ASO,ES,Combined TRACON& Tower with Radar,664,629,36,4,1333,0,7,33,0,40,664,636,69,4,1373,0,0,0,1373
12/30/2004,CLT,NC,ASO,ES,Combined TRACON& Tower with Radar,663,629,69,0,1361,0,2,33,0,35,663,631,102,0,1396,0,0,0,1396
12/31/2004,CLT,NC,ASO,ES,Combined TRACON& Tower with Radar,606,560,18,1,1185,0,5,17,0,22,606,565,35,1,1207,0,0,0,1207
01/01/2005,CLT,NC,ASO,ES,Combined TRACON& Tower with Radar,509,468,26,0,1003,0,4,17,0,21,509,472,43,0,1024,0,0,0,1024
01/02/2005,CLT,NC,ASO,ES,Combined TRACON& Tower with Radar,606,520,62,3,1191,0,3,13,0,16,606,523,75,3,1207,0,0,0,1207
01/03/2005,CLT,NC,ASO,ES,Combined TRACON& Tower with Radar,633,592,54,3,1282,0,2,17,0,19,633,594,71,3,1301,0,0,0,1301
01/04/2005,CLT,NC,ASO,ES,Combined TRACON& Tower with Radar,652,656,47,7,1362,0,2,32,0,34,652,658,79,7,1396,0,0,0,1396
01/05/2005,CLT,NC,ASO,ES,Combined TRACON& Tower with Radar,647,641,53,6,1347,0,1,24,0,25,647,642,77,6,1372,0,0,0,1372
01/06/2005,CLT,NC,ASO,ES,Combined TRACON& Tower with Radar,642,637,60,1,1340,0,6,15,0,21,642,643,75,1,1361,0,0,0,1361
01/07/2005,CLT,NC,ASO,ES,Combined TRACON& Tower with Radar,646,655,71,3,1375,0,0,30,0,30,646,655,101,3,1405,0,0,0,1405
01/08/2005,CLT,NC,ASO,ES,Combined TRACON& Tower with Radar,578,547,40,0,1165,0,2,5,0,7,578,549,45,0,1172,0,0,0,1172
01/09/2005,CLT,NC,ASO,ES,Combined TRACON& Tower with Radar,601,517,32,3,1153,0,1,11,0,12,601,518,43,3,1165,0,0,0,1165
01/10/2005,CLT,NC,ASO,ES,Combined TRACON& Tower with Radar,627,603,89,3,1322,0,2,23,1,26,627,605,112,4,1348,0,0,0,1348
01/11/2005,CLT,NC,ASO,ES,Combined TRACON& Tower with Radar,647,671,76,9,1403,0,4,16,2,22,647,675,92,11,1425,0,0,0,1425
01/12/2005,CLT,NC,ASO,ES,Combined TRACON& Tower with Radar,638,646,84,5,1373,0,2,25,2,29,638,648,109,7,1402,0,0,0,1402
01/13/2005,CLT,NC,ASO,ES,Combined TRACON& Tower with Radar,647,657,129,8,1441,0,1,12,0,13,647,658,141,8,1454,0,0,0,1454
01/14/2005,CLT,NC,ASO,ES,Combined TRACON& Tower with Radar,637,674,91,0,1402,0,2,21,0,23,637,676,112,0,1425,0,0,0,1425
01/15/2005,CLT,NC,ASO,ES,Combined TRACON& Tower with Radar,575,543,27,0,1145,0,1,21,0,22,575,544,48,0,1167,0,0,0,1167
01/16/2005,CLT,NC,ASO,ES,Combined TRACON& Tower with Radar,612,503,42,0,1157,0,4,12,0,16,612,507,54,0,1173,0,0,0,1173
01/17/2005,CLT,NC,ASO,ES,Combined TRACON& Tower with Radar,625,599,64,4,1292,0,4,24,0,28,625,603,88,4,1320,0,0,0,1320
01/18/2005,CLT,NC,ASO,ES,Combined TRACON& Tower with Radar,627,627,74,8,1336,0,9,24,0,33,627,636,98,8,1369,0,0,0,1369
01/19/2005,CLT,NC,ASO,ES,Combined TRACON& Tower with Radar,638,655,77,9,1379,0,14,26,0,40,638,669,103,9,1419,0,0,0,1419
01/20/2005,CLT,NC,ASO,ES,Combined TRACON& Tower with Radar,656,672,94,9,1431,0,12,27,0,39,656,684,121,9,1470,0,0,0,1470
01/21/2005,CLT,NC,ASO,ES,Combined TRACON& Tower with Radar,648,668,93,4,1413,0,17,27,0,44,648,685,120,4,1457,0,0,0,1457
01/22/2005,CLT,NC,ASO,ES,Combined TRACON& Tower with Radar,529,450,25,0,1004,0,2,1,0,3,529,452,26,0,1007,0,0,0,1007
01/23/2005,CLT,NC,ASO,ES,Combined TRACON& Tower with Radar,544,481,26,2,1053,0,1,13,0,14,544,482,39,2,1067,0,0,0,1067
01/24/2005,CLT,NC,ASO,ES,Combined TRACON& Tower with Radar,601,611,54,5,1271,0,8,25,0,33,601,619,79,5,1304,0,0,0,1304
01/25/2005,CLT,NC,ASO,ES,Combined TRACON& Tower with Radar,641,702,104,9,1456,0,13,45,2,60,641,715,149,11,1516,0,0,0,1516
01/26/2005,CLT,NC,ASO,ES,Combined TRACON& Tower with Radar,631,665,101,7,1404,0,8,28,0,36,631,673,129,7,1440,0,0,0,1440
01/27/2005,CLT,NC,ASO,ES,Combined TRACON& Tower with Radar,654,672,90,4,1420,0,8,26,0,34,654,680,116,4,1454,0,0,0,1454
01/28/2005,CLT,NC,ASO,ES,Combined TRACON& Tower with Radar,654,660,69,1,1384,0,20,20,0,40,654,680,89,1,1424,0,0,0,1424
01/29/2005,CLT,NC,ASO,ES,Combined TRACON& Tower with Radar,448,272,13,0,733,0,3,4,0,7,448,275,17,0,740,0,0,0,740
01/30/2005,CLT,NC,ASO,ES,Combined TRACON& Tower with Radar,596,396,28,0,1020,0,0,3,0,3,596,396,31,0,1023,0,0,0,1023
01/31/2005,CLT,NC,ASO,ES,Combined TRACON& Tower with Radar,631,598,82,1,1312,0,13,42,0,55,631,611,124,1,1367,0,0,0,1367
02/01/2005,CLT,NC,ASO,ES,Combined TRACON& Tower with Radar,647,643,77,5,1372,0,13,26,0,39,647,656,103,5,1411,0,0,0,1411
02/02/2005,CLT,NC,ASO,ES,Combined TRACON& Tower with Radar,640,669,80,4,1393,0,6,27,0,33,640,675,107,4,1426,0,0,0,1426
02/03/2005,CLT,NC,ASO,ES,Combined TRACON& Tower with Radar,651,651,73,4,1379,0,3,3,0,6,651,654,76,4,1385,0,0,0,1385
02/04/2005,CLT,NC,ASO,ES,Combined TRACON& Tower with Radar,657,657,67,2,1383,0,7,50,0,57,657,664,117,2,1440,0,0,0,1440
02/05/2005,CLT,NC,ASO,ES,Combined TRACON& Tower with Radar,582,534,36,1,1153,0,8,36,0,44,582,542,72,1,1197,0,0,0,1197
02/06/2005,CLT,NC,ASO,ES,Combined TRACON& Tower with Radar,660,500,38,1,1199,0,2,19,0,21,660,502,57,1,1220,0,0,0,1220
02/07/2005,CLT,NC,ASO,ES,Combined TRACON& Tower with Radar,738,630,80,0,1448,0,11,26,0,37,738,641,106,0,1485,0,0,0,1485
02/08/2005,CLT,NC,ASO,ES,Combined TRACON& Tower with Radar,754,670,78,8,1510,0,13,30,0,43,754,683,108,8,1553,0,0,0,1553
02/09/2005,CLT,NC,ASO,ES,Combined TRACON& Tower with Radar,736,685,101,2,1524,0,9,9,0,18,736,694,110,2,1542,0,0,0,1542
02/10/2005,CLT,NC,ASO,ES,Combined TRACON& Tower with Radar,749,704,104,4,1561,0,9,33,0,42,749,713,137,4,1603,0,0,0,1603
02/11/2005,CLT,NC,ASO,ES,Combined TRACON& Tower with Radar,760,688,86,4,1538,0,11,28,1,40,760,699,114,5,1578,0,0,0,1578
02/12/2005,CLT,NC,ASO,ES,Combined TRACON& Tower with Radar,659,527,23,3,1212,0,6,22,0,28,659,533,45,3,1240,0,0,0,1240
02/13/2005,CLT,NC,ASO,ES,Combined TRACON& Tower with Radar,661,500,48,4,1213,0,4,13,0,17,661,504,61,4,1230,0,0,0,1230
02/14/2005,CLT,NC,ASO,ES,Combined TRACON& Tower with Radar,740,609,56,2,1407,0,0,5,0,5,740,609,61,2,1412,0,0,0,1412
02/15/2005,CLT,NC,ASO,ES,Combined TRACON& Tower with Radar,740,661,94,8,1503,0,3,17,0,20,740,664,111,8,1523,0,0,0,1523
02/16/2005,CLT,NC,ASO,ES,Combined TRACON& Tower with Radar,761,661,111,5,1538,0,4,12,0,16,761,665,123,5,1554,0,0,0,1554
02/17/2005,CLT,NC,ASO,ES,Combined TRACON& Tower with Radar,750,688,93,12,1543,0,14,29,1,44,750,702,122,13,1587,0,0,0,1587
02/18/2005,CLT,NC,ASO,ES,Combined TRACON& Tower with Radar,756,672,101,2,1531,0,16,28,0,44,756,688,129,2,1575,0,0,0,1575
02/19/2005,CLT,NC,ASO,ES,Combined TRACON& Tower with Radar,668,533,25,2,1228,0,6,16,0,22,668,539,41,2,1250,0,0,0,1250
02/20/2005,CLT,NC,ASO,ES,Combined TRACON& Tower with Radar,654,479,48,0,1181,0,1,7,0,8,654,480,55,0,1189,0,0,0,1189
02/21/2005,CLT,NC,ASO,ES,Combined TRACON& Tower with Radar,701,568,78,0,1347,0,3,3,0,6,701,571,81,0,1353,0,0,0,1353
02/22/2005,CLT,NC,ASO,ES,Combined TRACON& Tower with Radar,802,645,96,7,1550,0,5,31,0,36,802,650,127,7,1586,0,0,0,1586
02/23/2005,CLT,NC,ASO,ES,Combined TRACON& Tower with Radar,742,696,70,4,1512,0,9,42,0,51,742,705,112,4,1563,0,0,0,1563
02/24/2005,CLT,NC,ASO,ES,Combined TRACON& Tower with Radar,728,631,88,0,1447,0,3,6,0,9,728,634,94,0,1456,0,0,0,1456
02/25/2005,CLT,NC,ASO,ES,Combined TRACON& Tower with Radar,773,673,96,2,1544,0,6,24,0,30,773,679,120,2,1574,0,0,0,1574
02/26/2005,CLT,NC,ASO,ES,Combined TRACON& Tower with Radar,665,536,42,0,1243,0,5,31,0,36,665,541,73,0,1279,0,0,0,1279
02/27/2005,CLT,NC,ASO,ES,Combined TRACON& Tower with Radar,640,499,42,1,1182,0,2,15,1,18,640,501,57,2,1200,0,0,0,1200
02/28/2005,CLT,NC,ASO,ES,Combined TRACON& Tower with Radar,747,584,70,3,1404,0,0,3,0,3,747,584,73,3,1407,0,0,0,1407
03/01/2005,CLT,NC,ASO,ES,Combined TRACON& Tower with Radar,747,681,85,9,1522,0,3,23,3,29,747,684,108,12,1551,0,0,0,1551
03/02/2005,CLT,NC,ASO,ES,Combined TRACON& Tower with Radar,760,689,90,4,1543,0,13,31,1,45,760,702,121,5,1588,0,0,0,1588
03/03/2005,CLT,NC,ASO,ES,Combined TRACON& Tower with Radar,756,683,85,6,1530,0,8,36,0,44,756,691,121,6,1574,0,0,0,1574
03/04/2005,CLT,NC,ASO,ES,Combined TRACON& Tower with Radar,751,661,78,4,1494,0,10,27,2,39,751,671,105,6,1533,0,0,0,1533
03/05/2005,CLT,NC,ASO,ES,Combined TRACON& Tower with Radar,657,533,36,3,1229,0,5,16,0,21,657,538,52,3,1250,0,0,0,1250
03/06/2005,CLT,NC,ASO,ES,Combined TRACON& Tower with Radar,670,504,48,2,1224,0,3,17,0,20,670,507,65,2,1244,0,0,0,1244
03/07/2005,CLT,NC,ASO,ES,Combined TRACON& Tower with Radar,771,623,75,1,1470,0,6,23,0,29,771,629,98,1,1499,0,0,0,1499
03/08/2005,CLT,NC,ASO,ES,Combined TRACON& Tower with Radar,728,651,103,7,1489,0,4,7,0,11,728,655,110,7,1500,0,0,0,1500
03/09/2005,CLT,NC,ASO,ES,Combined TRACON& Tower with Radar,767,674,83,8,1532,0,7,20,0,27,767,681,103,8,1559,0,0,0,1559
03/10/2005,CLT,NC,ASO,ES,Combined TRACON& Tower with Radar,773,681,92,9,1555,0,4,25,2,31,773,685,117,11,1586,0,0,0,1586
03/11/2005,CLT,NC,ASO,ES,Combined TRACON& Tower with Radar,766,664,99,5,1534,0,10,29,0,39,766,674,128,5,1573,0,0,0,1573
03/12/2005,CLT,NC,ASO,ES,Combined TRACON& Tower with Radar,685,562,40,2,1289,0,1,18,0,19,685,563,58,2,1308,0,0,0,1308
03/13/2005,CLT,NC,ASO,ES,Combined TRACON& Tower with Radar,689,505,53,3,1250,0,2,17,0,19,689,507,70,3,1269,0,0,0,1269
03/14/2005,CLT,NC,ASO,ES,Combined TRACON& Tower with Radar,783,623,71,1,1478,0,8,24,0,32,783,631,95,1,1510,0,0,0,1510
03/15/2005,CLT,NC,ASO,ES,Combined TRACON& Tower with Radar,790,687,94,6,1577,0,12,36,1,49,790,699,130,7,1626,0,0,0,1626
03/16/2005,CLT,NC,ASO,ES,Combined TRACON& Tower with Radar,748,633,99,0,1480,0,0,1,0,1,748,633,100,0,1481,0,0,0,1481
03/17/2005,CLT,NC,ASO,ES,Combined TRACON& Tower with Radar,791,665,78,0,1534,0,0,7,0,7,791,665,85,0,1541,0,0,0,1541
03/18/2005,CLT,NC,ASO,ES,Combined TRACON& Tower with Radar,810,680,122,3,1615,0,16,56,0,72,810,696,178,3,1687,0,0,0,1687
03/19/2005,CLT,NC,ASO,ES,Combined TRACON& Tower with Radar,688,536,60,1,1285,0,2,32,0,34,688,538,92,1,1319,0,0,0,1319
03/20/2005,CLT,NC,ASO,ES,Combined TRACON& Tower with Radar,699,506,59,2,1266,0,1,22,0,23,699,507,81,2,1289,0,0,0,1289
03/21/2005,CLT,NC,ASO,ES,Combined TRACON& Tower with Radar,784,633,98,7,1522,0,7,37,0,44,784,640,135,7,1566,0,0,0,1566
03/22/2005,CLT,NC,ASO,ES,Combined TRACON& Tower with Radar,761,631,82,4,1478,0,2,26,0,28,761,633,108,4,1506,0,0,0,1506
03/23/2005,CLT,NC,ASO,ES,Combined TRACON& Tower with Radar,774,657,76,7,1514,0,2,11,0,13,774,659,87,7,1527,0,0,0,1527
03/24/2005,CLT,NC,ASO,ES,Combined TRACON& Tower with Radar,805,653,99,6,1563,0,5,51,1,57,805,658,150,7,1620,0,0,0,1620
03/25/2005,CLT,NC,ASO,ES,Combined TRACON& Tower with Radar,757,670,60,2,1489,0,1,20,0,21,757,671,80,2,1510,0,0,0,1510
03/26/2005,CLT,NC,ASO,ES,Combined TRACON& Tower with Radar,671,529,32,1,1233,0,8,19,2,29,671,537,51,3,1262,0,0,0,1262
03/27/2005,CLT,NC,ASO,ES,Combined TRACON& Tower with Radar,684,462,30,0,1176,0,0,1,0,1,684,462,31,0,1177,0,0,0,1177
03/28/2005,CLT,NC,ASO,ES,Combined TRACON& Tower with Radar,760,621,69,0,1450,0,1,16,0,17,760,622,85,0,1467,0,0,0,1467
03/29/2005,CLT,NC,ASO,ES,Combined TRACON& Tower with Radar,801,677,79,8,1565,0,6,35,2,43,801,683,114,10,1608,0,0,0,1608
03/30/2005,CLT,NC,ASO,ES,Combined TRACON& Tower with Radar,778,682,89,11,1560,0,7,45,0,52,778,689,134,11,1612,0,0,0,1612
03/31/2005,CLT,NC,ASO,ES,Combined TRACON& Tower with Radar,777,661,77,5,1520,0,5,14,0,19,777,666,91,5,1539,0,0,0,1539
04/01/2005,CLT,NC,ASO,ES,Combined TRACON& Tower with Radar,748,600,80,12,1440,0,2,8,1,11,748,602,88,13,1451,0,0,0,1451
04/02/2005,CLT,NC,ASO,ES,Combined TRACON& Tower with Radar,642,503,32,2,1179,1,7,12,0,20,643,510,44,2,1199,0,0,0,1199
04/03/2005,CLT,NC,ASO,ES,Combined TRACON& Tower with Radar,695,509,53,9,1266,0,2,24,1,27,695,511,77,10,1293,0,0,0,1293
04/04/2005,CLT,NC,ASO,ES,Combined TRACON& Tower with Radar,781,647,50,1,1479,0,7,26,2,35,781,654,76,3,1514,0,0,0,1514
04/05/2005,CLT,NC,ASO,ES,Combined TRACON& Tower with Radar,784,693,103,6,1586,0,2,39,0,41,784,695,142,6,1627,0,0,0,1627
04/06/2005,CLT,NC,ASO,ES,Combined TRACON& Tower with Radar,786,680,125,5,1596,0,8,41,1,50,786,688,166,6,1646,0,0,0,1646
04/07/2005,CLT,NC,ASO,ES,Combined TRACON& Tower with Radar,793,654,91,3,1541,0,8,17,0,25,793,662,108,3,1566,0,0,0,1566
04/08/2005,CLT,NC,ASO,ES,Combined TRACON& Tower with Radar,765,677,90,4,1536,0,6,18,0,24,765,683,108,4,1560,0,0,0,1560
04/09/2005,CLT,NC,ASO,ES,Combined TRACON& Tower with Radar,668,584,38,0,1290,1,3,39,0,43,669,587,77,0,1333,0,0,0,1333
04/10/2005,CLT,NC,ASO,ES,Combined TRACON& Tower with Radar,684,525,51,3,1263,0,3,25,0,28,684,528,76,3,1291,0,0,0,1291
04/11/2005,CLT,NC,ASO,ES,Combined TRACON& Tower with Radar,759,637,88,1,1485,0,12,50,0,62,759,649,138,1,1547,0,0,0,1547
04/12/2005,CLT,NC,ASO,ES,Combined TRACON& Tower with Radar,735,642,95,6,1478,0,6,18,1,25,735,648,113,7,1503,0,0,0,1503
04/13/2005,CLT,NC,ASO,ES,Combined TRACON& Tower with Radar,816,713,99,5,1633,0,0,0,0,0,816,713,99,5,1633,0,0,0,1633
04/14/2005,CLT,NC,ASO,ES,Combined TRACON& Tower with Radar,805,693,130,7,1635,0,5,24,0,29,805,698,154,7,1664,0,0,0,1664
04/15/2005,CLT,NC,ASO,ES,Combined TRACON& Tower with Radar,788,699,103,8,1598,0,5,46,1,52,788,704,149,9,1650,0,0,0,1650
04/16/2005,CLT,NC,ASO,ES,Combined TRACON& Tower with Radar,685,551,41,0,1277,0,4,33,2,39,685,555,74,2,1316,0,0,0,1316
04/17/2005,CLT,NC,ASO,ES,Combined TRACON& Tower with Radar,709,526,64,2,1301,0,0,19,0,19,709,526,83,2,1320,0,0,0,1320
04/18/2005,CLT,NC,ASO,ES,Combined TRACON& Tower with Radar,775,636,91,2,1504,0,3,28,0,31,775,639,119,2,1535,0,0,0,1535
04/19/2005,CLT,NC,ASO,ES,Combined TRACON& Tower with Radar,787,687,138,4,1616,0,7,41,0,48,787,694,179,4,1664,0,0,0,1664
04/20/2005,CLT,NC,ASO,ES,Combined TRACON& Tower with Radar,781,685,112,6,1584,0,11,46,0,57,781,696,158,6,1641,0,0,0,1641
04/21/2005,CLT,NC,ASO,ES,Combined TRACON& Tower with Radar,775,690,138,14,1617,0,3,34,0,37,775,693,172,14,1654,0,0,0,1654
04/22/2005,CLT,NC,ASO,ES,Combined TRACON& Tower with Radar,765,662,85,1,1513,0,5,25,0,30,765,667,110,1,1543,0,0,0,1543
04/23/2005,CLT,NC,ASO,ES,Combined TRACON& Tower with Radar,697,573,38,3,1311,0,0,8,0,8,697,573,46,3,1319,0,0,0,1319
04/24/2005,CLT,NC,ASO,ES,Combined TRACON& Tower with Radar,708,524,42,0,1274,0,1,21,0,22,708,525,63,0,1296,0,0,0,1296
04/25/2005,CLT,NC,ASO,ES,Combined TRACON& Tower with Radar,768,632,72,0,1472,0,10,40,0,50,768,642,112,0,1522,0,0,0,1522
04/26/2005,CLT,NC,ASO,ES,Combined TRACON& Tower with Radar,775,683,93,11,1562,0,10,20,0,30,775,693,113,11,1592,0,0,0,1592
04/27/2005,CLT,NC,ASO,ES,Combined TRACON& Tower with Radar,779,691,98,10,1578,0,2,36,0,38,779,693,134,10,1616,0,0,0,1616
04/28/2005,CLT,NC,ASO,ES,Combined TRACON& Tower with Radar,792,689,106,7,1594,0,12,41,0,53,792,701,147,7,1647,0,0,0,1647
04/29/2005,CLT,NC,ASO,ES,Combined TRACON& Tower with Radar,789,689,73,2,1553,0,10,26,2,38,789,699,99,4,1591,0,0,0,1591
04/30/2005,CLT,NC,ASO,ES,Combined TRACON& Tower with Radar,647,534,28,2,1211,0,5,8,0,13,647,539,36,2,1224,0,0,0,1224
05/01/2005,CLT,NC,ASO,ES,Combined TRACON& Tower with Radar,712,565,68,3,1348,0,3,22,0,25,712,568,90,3,1373,0,0,0,1373
05/02/2005,CLT,NC,ASO,ES,Combined TRACON& Tower with Radar,752,673,86,5,1516,0,16,37,0,53,752,689,123,5,1569,0,0,0,1569
05/03/2005,CLT,NC,ASO,ES,Combined TRACON& Tower with Radar,779,723,104,3,1609,0,10,30,0,40,779,733,134,3,1649,0,0,0,1649
05/04/2005,CLT,NC,ASO,ES,Combined TRACON& Tower with Radar,771,704,121,4,1600,0,8,28,1,37,771,712,149,5,1637,0,0,0,1637
05/05/2005,CLT,NC,ASO,ES,Combined TRACON& Tower with Radar,785,715,103,4,1607,0,7,28,0,35,785,722,131,4,1642,0,0,0,1642
05/06/2005,CLT,NC,ASO,ES,Combined TRACON& Tower with Radar,807,713,117,8,1645,0,7,35,0,42,807,720,152,8,1687,0,0,0,1687
05/07/2005,CLT,NC,ASO,ES,Combined TRACON& Tower with Radar,669,575,53,7,1304,0,8,28,2,38,669,583,81,9,1342,0,0,0,1342
05/08/2005,CLT,NC,ASO,ES,Combined TRACON& Tower with Radar,695,585,65,0,1345,0,8,29,0,37,695,593,94,0,1382,0,0,0,1382
05/09/2005,CLT,NC,ASO,ES,Combined TRACON& Tower with Radar,755,647,81,1,1484,0,11,32,0,43,755,658,113,1,1527,0,0,0,1527
05/10/2005,CLT,NC,ASO,ES,Combined TRACON& Tower with Radar,657,589,93,4,1343,0,3,18,0,21,657,592,111,4,1364,0,0,0,1364
05/11/2005,CLT,NC,ASO,ES,Combined TRACON& Tower with Radar,686,637,102,6,1431,0,5,23,1,29,686,642,125,7,1460,0,0,0,1460
05/12/2005,CLT,NC,ASO,ES,Combined TRACON& Tower with Radar,709,655,82,11,1457,0,7,26,0,33,709,662,108,11,1490,0,0,0,1490
05/13/2005,CLT,NC,ASO,ES,Combined TRACON& Tower with Radar,848,753,88,10,1699,0,5,18,0,23,848,758,106,10,1722,0,0,0,1722
05/14/2005,CLT,NC,ASO,ES,Combined TRACON& Tower with Radar,673,539,54,7,1273,1,3,26,1,31,674,542,80,8,1304,0,0,0,1304
05/15/2005,CLT,NC,ASO,ES,Combined TRACON& Tower with Radar,710,551,55,2,1318,0,3,16,0,19,710,554,71,2,1337,0,0,0,1337
05/16/2005,CLT,NC,ASO,ES,Combined TRACON& Tower with Radar,755,667,80,2,1504,0,3,24,2,29,755,670,104,4,1533,0,0,0,1533
05/17/2005,CLT,NC,ASO,ES,Combined TRACON& Tower with Radar,752,703,118,10,1583,0,10,29,0,39,752,713,147,10,1622,0,0,0,1622
05/18/2005,CLT,NC,ASO,ES,Combined TRACON& Tower with Radar,716,675,141,6,1538,0,8,36,0,44,716,683,177,6,1582,0,0,0,1582
05/19/2005,CLT,NC,ASO,ES,Combined TRACON& Tower with Radar,737,680,110,7,1534,0,14,23,0,37,737,694,133,7,1571,0,0,0,1571
05/20/2005,CLT,NC,ASO,ES,Combined TRACON& Tower with Radar,782,705,84,1,1572,0,5,25,0,30,782,710,109,1,1602,0,0,0,1602
05/21/2005,CLT,NC,ASO,ES,Combined TRACON& Tower with Radar,687,555,46,2,1290,0,6,55,0,61,687,561,101,2,1351,0,0,0,1351
05/22/2005,CLT,NC,ASO,ES,Combined TRACON& Tower with Radar,703,547,58,2,1310,0,3,42,0,45,703,550,100,2,1355,0,0,0,1355
05/23/2005,CLT,NC,ASO,ES,Combined TRACON& Tower with Radar,746,654,81,8,1489,0,5,25,0,30,746,659,106,8,1519,0,0,0,1519
05/24/2005,CLT,NC,ASO,ES,Combined TRACON& Tower with Radar,763,703,104,3,1573,0,16,40,0,56,763,719,144,3,1629,0,0,0,1629
05/25/2005,CLT,NC,ASO,ES,Combined TRACON& Tower with Radar,702,670,91,10,1473,0,8,43,0,51,702,678,134,10,1524,0,0,0,1524
05/26/2005,CLT,NC,ASO,ES,Combined TRACON& Tower with Radar,766,678,82,11,1537,0,6,32,2,40,766,684,114,13,1577,0,0,0,1577
05/27/2005,CLT,NC,ASO,ES,Combined TRACON& Tower with Radar,776,716,96,4,1592,0,9,38,1,48,776,725,134,5,1640,0,0,0,1640
05/28/2005,CLT,NC,ASO,ES,Combined TRACON& Tower with Radar,665,546,32,0,1243,0,4,29,0,33,665,550,61,0,1276,0,0,0,1276
05/29/2005,CLT,NC,ASO,ES,Combined TRACON& Tower with Radar,651,516,34,2,1203,0,3,85,5,93,651,519,119,7,1296,0,0,0,1296
05/30/2005,CLT,NC,ASO,ES,Combined TRACON& Tower with Radar,702,610,58,0,1370,0,4,54,0,58,702,614,112,0,1428,0,0,0,1428
05/31/2005,CLT,NC,ASO,ES,Combined TRACON& Tower with Radar,715,651,69,3,1438,0,1,14,0,15,715,652,83,3,1453,0,0,0,1453
06/01/2005,CLT,NC,ASO,ES,Combined TRACON& Tower with Radar,713,662,102,6,1483,0,0,5,1,6,713,662,107,7,1489,0,0,0,1489
06/02/2005,CLT,NC,ASO,ES,Combined TRACON& Tower with Radar,757,701,80,6,1544,0,0,0,0,0,757,701,80,6,1544,0,0,0,1544
06/03/2005,CLT,NC,ASO,ES,Combined TRACON& Tower with Radar,782,700,75,0,1557,0,3,2,0,5,782,703,77,0,1562,0,0,0,1562
06/04/2005,CLT,NC,ASO,ES,Combined TRACON& Tower with Radar,672,546,24,3,1245,0,7,23,1,31,672,553,47,4,1276,0,0,0,1276
06/05/2005,CLT,NC,ASO,ES,Combined TRACON& Tower with Radar,693,538,36,3,1270,0,6,25,0,31,693,544,61,3,1301,0,0,0,1301
06/06/2005,CLT,NC,ASO,ES,Combined TRACON& Tower with Radar,731,608,79,0,1418,0,4,24,0,28,731,612,103,0,1446,0,0,0,1446
06/07/2005,CLT,NC,ASO,ES,Combined TRACON& Tower with Radar,768,661,91,5,1525,0,4,19,0,23,768,665,110,5,1548,0,0,0,1548
06/08/2005,CLT,NC,ASO,ES,Combined TRACON& Tower with Radar,811,704,98,7,1620,0,1,23,0,24,811,705,121,7,1644,0,0,0,1644
06/09/2005,CLT,NC,ASO,ES,Combined TRACON& Tower with Radar,756,655,106,4,1521,0,5,23,0,28,756,660,129,4,1549,0,0,0,1549
06/10/2005,CLT,NC,ASO,ES,Combined TRACON& Tower with Radar,807,679,88,3,1577,0,5,15,0,20,807,684,103,3,1597,0,0,0,1597
06/11/2005,CLT,NC,ASO,ES,Combined TRACON& Tower with Radar,694,552,41,1,1288,0,6,30,0,36,694,558,71,1,1324,0,0,0,1324
06/12/2005,CLT,NC,ASO,ES,Combined TRACON& Tower with Radar,703,532,45,1,1281,0,7,14,0,21,703,539,59,1,1302,0,0,0,1302
06/13/2005,CLT,NC,ASO,ES,Combined TRACON& Tower with Radar,778,648,62,1,1489,0,5,16,0,21,778,653,78,1,1510,0,0,0,1510
06/14/2005,CLT,NC,ASO,ES,Combined TRACON& Tower with Radar,801,685,89,9,1584,0,13,31,1,45,801,698,120,10,1629,0,0,0,1629
06/15/2005,CLT,NC,ASO,ES,Combined TRACON& Tower with Radar,796,703,113,10,1622,0,6,40,0,46,796,709,153,10,1668,0,0,0,1668
06/16/2005,CLT,NC,ASO,ES,Combined TRACON& Tower with Radar,776,688,120,8,1592,0,5,34,0,39,776,693,154,8,1631,0,0,0,1631
06/17/2005,CLT,NC,ASO,ES,Combined TRACON& Tower with Radar,807,708,94,2,1611,0,12,51,0,63,807,720,145,2,1674,0,0,0,1674
06/18/2005,CLT,NC,ASO,ES,Combined TRACON& Tower with Radar,678,555,48,0,1281,0,3,20,0,23,678,558,68,0,1304,0,0,0,1304
06/19/2005,CLT,NC,ASO,ES,Combined TRACON& Tower with Radar,661,479,42,0,1182,0,5,15,0,20,661,484,57,0,1202,0,0,0,1202
06/20/2005,CLT,NC,ASO,ES,Combined TRACON& Tower with Radar,784,677,83,0,1544,0,7,23,0,30,784,684,106,0,1574,0,0,0,1574
06/21/2005,CLT,NC,ASO,ES,Combined TRACON& Tower with Radar,819,720,113,7,1659,0,3,23,0,26,819,723,136,7,1685,0,0,0,1685
06/22/2005,CLT,NC,ASO,ES,Combined TRACON& Tower with Radar,771,680,88,9,1548,0,10,21,0,31,771,690,109,9,1579,0,0,0,1579
06/23/2005,CLT,NC,ASO,ES,Combined TRACON& Tower with Radar,805,696,73,10,1584,0,6,30,0,36,805,702,103,10,1620,0,0,0,1620
06/24/2005,CLT,NC,ASO,ES,Combined TRACON& Tower with Radar,794,698,83,5,1580,0,7,30,0,37,794,705,113,5,1617,0,0,0,1617
06/25/2005,CLT,NC,ASO,ES,Combined TRACON& Tower with Radar,696,551,49,0,1296,0,3,21,0,24,696,554,70,0,1320,0,0,0,1320
06/26/2005,CLT,NC,ASO,ES,Combined TRACON& Tower with Radar,706,518,41,0,1265,0,1,17,0,18,706,519,58,0,1283,0,0,0,1283
06/27/2005,CLT,NC,ASO,ES,Combined TRACON& Tower with Radar,714,590,91,2,1397,0,1,18,0,19,714,591,109,2,1416,0,0,0,1416
06/28/2005,CLT,NC,ASO,ES,Combined TRACON& Tower with Radar,834,726,104,8,1672,0,1,8,0,9,834,727,112,8,1681,0,0,0,1681
06/29/2005,CLT,NC,ASO,ES,Combined TRACON& Tower with Radar,770,701,102,9,1582,0,1,12,2,15,770,702,114,11,1597,0,0,0,1597
06/30/2005,CLT,NC,ASO,ES,Combined TRACON& Tower with Radar,804,682,108,5,1599,0,6,30,0,36,804,688,138,5,1635,0,0,0,1635
07/01/2005,CLT,NC,ASO,ES,Combined TRACON& Tower with Radar,768,655,69,1,1493,0,8,26,1,35,768,663,95,2,1528,0,0,0,1528
07/02/2005,CLT,NC,ASO,ES,Combined TRACON& Tower with Radar,743,584,26,0,1353,0,1,25,0,26,743,585,51,0,1379,0,0,0,1379
07/03/2005,CLT,NC,ASO,ES,Combined TRACON& Tower with Radar,646,488,26,0,1160,0,4,9,1,14,646,492,35,1,1174,0,0,0,1174
07/04/2005,CLT,NC,ASO,ES,Combined TRACON& Tower with Radar,697,551,15,0,1263,0,2,9,0,11,697,553,24,0,1274,0,0,0,1274
07/05/2005,CLT,NC,ASO,ES,Combined TRACON& Tower with Radar,744,606,61,9,1420,0,7,22,2,31,744,613,83,11,1451,0,0,0,1451
07/06/2005,CLT,NC,ASO,ES,Combined TRACON& Tower with Radar,810,672,52,6,1540,0,3,24,0,27,810,675,76,6,1567,0,0,0,1567
07/07/2005,CLT,NC,ASO,ES,Combined TRACON& Tower with Radar,747,634,44,4,1429,0,5,11,1,17,747,639,55,5,1446,0,0,0,1446
07/08/2005,CLT,NC,ASO,ES,Combined TRACON& Tower with Radar,809,683,59,8,1559,0,6,44,0,50,809,689,103,8,1609,0,0,0,1609
07/09/2005,CLT,NC,ASO,ES,Combined TRACON& Tower with Radar,678,554,34,5,1271,0,2,23,0,25,678,556,57,5,1296,0,0,0,1296
07/10/2005,CLT,NC,ASO,ES,Combined TRACON& Tower with Radar,725,516,36,2,1279,0,3,14,0,17,725,519,50,2,1296,0,0,0,1296
07/11/2005,CLT,NC,ASO,ES,Combined TRACON& Tower with Radar,759,612,59,1,1431,0,5,16,0,21,759,617,75,1,1452,0,0,0,1452
07/12/2005,CLT,NC,ASO,ES,Combined TRACON& Tower with Radar,777,672,69,8,1526,0,8,33,2,43,777,680,102,10,1569,0,0,0,1569
07/13/2005,CLT,NC,ASO,ES,Combined TRACON& Tower with Radar,755,648,75,6,1484,0,6,18,0,24,755,654,93,6,1508,0,0,0,1508
07/14/2005,CLT,NC,ASO,ES,Combined TRACON& Tower with Radar,802,690,96,9,1597,0,4,11,0,15,802,694,107,9,1612,0,0,0,1612
07/15/2005,CLT,NC,ASO,ES,Combined TRACON& Tower with Radar,775,669,62,6,1512,0,1,24,4,29,775,670,86,10,1541,0,0,0,1541
07/16/2005,CLT,NC,ASO,ES,Combined TRACON& Tower with Radar,713,553,30,0,1296,0,5,28,0,33,713,558,58,0,1329,0,0,0,1329
07/17/2005,CLT,NC,ASO,ES,Combined TRACON& Tower with Radar,690,511,44,4,1249,0,3,16,0,19,690,514,60,4,1268,0,0,0,1268
07/18/2005,CLT,NC,ASO,ES,Combined TRACON& Tower with Radar,770,621,90,2,1483,0,5,23,0,28,770,626,113,2,1511,0,0,0,1511
07/19/2005,CLT,NC,ASO,ES,Combined TRACON& Tower with Radar,802,659,91,5,1557,0,7,25,0,32,802,666,116,5,1589,0,0,0,1589
07/20/2005,CLT,NC,ASO,ES,Combined TRACON& Tower with Radar,803,668,102,6,1579,0,12,36,0,48,803,680,138,6,1627,0,0,0,1627
07/21/2005,CLT,NC,ASO,ES,Combined TRACON& Tower with Radar,795,655,96,5,1551,0,11,25,0,36,795,666,121,5,1587,0,0,0,1587
07/22/2005,CLT,NC,ASO,ES,Combined TRACON& Tower with Radar,811,681,77,0,1569,0,6,25,0,31,811,687,102,0,1600,0,0,0,1600
07/23/2005,CLT,NC,ASO,ES,Combined TRACON& Tower with Radar,689,566,22,1,1278,0,8,18,1,27,689,574,40,2,1305,0,0,0,1305
07/24/2005,CLT,NC,ASO,ES,Combined TRACON& Tower with Radar,722,557,57,1,1337,0,4,17,0,21,722,561,74,1,1358,0,0,0,1358
07/25/2005,CLT,NC,ASO,ES,Combined TRACON& Tower with Radar,740,637,85,2,1464,0,4,25,0,29,740,641,110,2,1493,0,0,0,1493
07/26/2005,CLT,NC,ASO,ES,Combined TRACON& Tower with Radar,783,696,69,5,1553,0,7,27,0,34,783,703,96,5,1587,0,0,0,1587
07/27/2005,CLT,NC,ASO,ES,Combined TRACON& Tower with Radar,751,647,103,4,1505,0,5,22,0,27,751,652,125,4,1532,0,0,0,1532
07/28/2005,CLT,NC,ASO,ES,Combined TRACON& Tower with Radar,778,636,81,3,1498,0,7,23,0,30,778,643,104,3,1528,0,0,0,1528
07/29/2005,CLT,NC,ASO,ES,Combined TRACON& Tower with Radar,839,668,72,0,1579,0,0,10,0,10,839,668,82,0,1589,0,0,0,1589
07/30/2005,CLT,NC,ASO,ES,Combined TRACON& Tower with Radar,688,559,31,0,1278,0,0,0,0,0,688,559,31,0,1278,35,0,35,1313
07/31/2005,CLT,NC,ASO,ES,Combined TRACON& Tower with Radar,716,526,52,2,1296,0,0,8,0,8,716,526,60,2,1304,0,0,0,1304
08/01/2005,CLT,NC,ASO,ES,Combined TRACON& Tower with Radar,781,626,71,2,1480,0,4,30,0,34,781,630,101,2,1514,0,0,0,1514
08/02/2005,CLT,NC,ASO,ES,Combined TRACON& Tower with Radar,796,660,81,4,1541,0,8,48,0,56,796,668,129,4,1597,0,0,0,1597
08/03/2005,CLT,NC,ASO,ES,Combined TRACON& Tower with Radar,775,682,95,5,1557,0,6,23,0,29,775,688,118,5,1586,0,0,0,1586
08/04/2005,CLT,NC,ASO,ES,Combined TRACON& Tower with Radar,758,670,95,7,1530,0,4,18,0,22,758,674,113,7,1552,0,0,0,1552
08/05/2005,CLT,NC,ASO,ES,Combined TRACON& Tower with Radar,753,650,70,2,1475,0,8,20,0,28,753,658,90,2,1503,0,0,0,1503
08/06/2005,CLT,NC,ASO,ES,Combined TRACON& Tower with Radar,694,561,47,4,1306,0,2,21,0,23,694,563,68,4,1329,0,0,0,1329
08/07/2005,CLT,NC,ASO,ES,Combined TRACON& Tower with Radar,728,528,49,2,1307,0,3,19,1,23,728,531,68,3,1330,0,0,0,1330
08/08/2005,CLT,NC,ASO,ES,Combined TRACON& Tower with Radar,703,559,75,1,1338,0,8,16,0,24,703,567,91,1,1362,0,0,0,1362
08/09/2005,CLT,NC,ASO,ES,Combined TRACON& Tower with Radar,833,698,99,7,1637,0,3,13,0,16,833,701,112,7,1653,0,0,0,1653
08/10/2005,CLT,NC,ASO,ES,Combined TRACON& Tower with Radar,783,666,114,11,1574,0,1,17,0,18,783,667,131,11,1592,0,0,0,1592
08/11/2005,CLT,NC,ASO,ES,Combined TRACON& Tower with Radar,811,677,88,9,1585,0,6,33,2,41,811,683,121,11,1626,0,0,0,1626
08/12/2005,CLT,NC,ASO,ES,Combined TRACON& Tower with Radar,777,664,68,2,1511,0,2,31,0,33,777,666,99,2,1544,0,0,0,1544
08/13/2005,CLT,NC,ASO,ES,Combined TRACON& Tower with Radar,707,559,30,0,1296,0,5,20,0,25,707,564,50,0,1321,0,0,0,1321
08/14/2005,CLT,NC,ASO,ES,Combined TRACON& Tower with Radar,682,520,57,0,1259,0,3,20,0,23,682,523,77,0,1282,0,0,0,1282
08/15/2005,CLT,NC,ASO,ES,Combined TRACON& Tower with Radar,788,650,80,3,1521,0,6,29,0,35,788,656,109,3,1556,0,0,0,1556
08/16/2005,CLT,NC,ASO,ES,Combined TRACON& Tower with Radar,775,670,88,6,1539,0,3,27,0,30,775,673,115,6,1569,0,0,0,1569
08/17/2005,CLT,NC,ASO,ES,Combined TRACON& Tower with Radar,800,703,102,6,1611,0,4,17,2,23,800,707,119,8,1634,0,0,0,1634
08/18/2005,CLT,NC,ASO,ES,Combined TRACON& Tower with Radar,794,689,121,8,1612,0,2,13,0,15,794,691,134,8,1627,0,0,0,1627
08/19/2005,CLT,NC,ASO,ES,Combined TRACON& Tower with Radar,803,666,74,0,1543,0,5,17,0,22,803,671,91,0,1565,0,0,0,1565
08/20/2005,CLT,NC,ASO,ES,Combined TRACON& Tower with Radar,669,551,22,0,1242,0,2,18,0,20,669,553,40,0,1262,0,0,0,1262
08/21/2005,CLT,NC,ASO,ES,Combined TRACON& Tower with Radar,688,544,46,0,1278,0,3,11,0,14,688,547,57,0,1292,0,0,0,1292
08/22/2005,CLT,NC,ASO,ES,Combined TRACON& Tower with Radar,717,625,80,1,1423,0,10,30,0,40,717,635,110,1,1463,0,0,0,1463
08/23/2005,CLT,NC,ASO,ES,Combined TRACON& Tower with Radar,728,665,93,7,1493,0,7,24,0,31,728,672,117,7,1524,0,0,0,1524
08/24/2005,CLT,NC,ASO,ES,Combined TRACON& Tower with Radar,751,683,94,7,1535,0,5,20,1,26,751,688,114,8,1561,0,0,0,1561
08/25/2005,CLT,NC,ASO,ES,Combined TRACON& Tower with Radar,722,674,92,10,1498,0,6,21,0,27,722,680,113,10,1525,0,0,0,1525
08/26/2005,CLT,NC,ASO,ES,Combined TRACON& Tower with Radar,727,653,76,4,1460,0,5,25,1,31,727,658,101,5,1491,0,0,0,1491
08/27/2005,CLT,NC,ASO,ES,Combined TRACON& Tower with Radar,638,538,21,0,1197,0,2,37,0,39,638,540,58,0,1236,0,0,0,1236
08/28/2005,CLT,NC,ASO,ES,Combined TRACON& Tower with Radar,651,552,34,1,1238,0,6,23,0,29,651,558,57,1,1267,0,0,0,1267
08/29/2005,CLT,NC,ASO,ES,Combined TRACON& Tower with Radar,701,590,70,6,1367,0,2,21,0,23,701,592,91,6,1390,0,0,0,1390
08/30/2005,CLT,NC,ASO,ES,Combined TRACON& Tower with Radar,714,646,64,8,1432,0,1,7,1,9,714,647,71,9,1441,0,0,0,1441
08/31/2005,CLT,NC,ASO,ES,Combined TRACON& Tower with Radar,725,656,69,6,1456,0,7,28,0,35,725,663,97,6,1491,0,0,0,1491
09/01/2005,CLT,NC,ASO,ES,Combined TRACON& Tower with Radar,728,679,106,8,1521,0,3,23,0,26,728,682,129,8,1547,0,0,0,1547
09/02/2005,CLT,NC,ASO,ES,Combined TRACON& Tower with Radar,723,654,64,6,1447,0,0,23,0,23,723,654,87,6,1470,0,0,0,1470
09/03/2005,CLT,NC,ASO,ES,Combined TRACON& Tower with Radar,624,528,28,4,1184,0,3,31,0,34,624,531,59,4,1218,0,0,0,1218
09/04/2005,CLT,NC,ASO,ES,Combined TRACON& Tower with Radar,644,492,20,3,1159,0,1,18,2,21,644,493,38,5,1180,0,0,0,1180
09/05/2005,CLT,NC,ASO,ES,Combined TRACON& Tower with Radar,683,581,34,9,1307,0,2,25,0,27,683,583,59,9,1334,0,0,0,1334
09/06/2005,CLT,NC,ASO,ES,Combined TRACON& Tower with Radar,700,598,69,9,1376,0,3,27,0,30,700,601,96,9,1406,0,0,0,1406
09/07/2005,CLT,NC,ASO,ES,Combined TRACON& Tower with Radar,707,668,82,10,1467,0,1,15,0,16,707,669,97,10,1483,0,0,0,1483
09/08/2005,CLT,NC,ASO,ES,Combined TRACON& Tower with Radar,702,648,129,10,1489,0,3,25,0,28,702,651,154,10,1517,0,0,0,1517
09/09/2005,CLT,NC,ASO,ES,Combined TRACON& Tower with Radar,700,679,92,4,1475,0,3,43,2,48,700,682,135,6,1523,0,0,0,1523
09/10/2005,CLT,NC,ASO,ES,Combined TRACON& Tower with Radar,624,527,36,2,1189,0,2,35,4,41,624,529,71,6,1230,0,0,0,1230
09/11/2005,CLT,NC,ASO,ES,Combined TRACON& Tower with Radar,658,544,66,5,1273,0,3,26,0,29,658,547,92,5,1302,0,0,0,1302
09/12/2005,CLT,NC,ASO,ES,Combined TRACON& Tower with Radar,667,634,78,3,1382,0,4,24,0,28,667,638,102,3,1410,0,0,0,1410
09/13/2005,CLT,NC,ASO,ES,Combined TRACON& Tower with Radar,703,651,99,6,1459,0,4,20,0,24,703,655,119,6,1483,0,0,0,1483
09/14/2005,CLT,NC,ASO,ES,Combined TRACON& Tower with Radar,671,645,99,7,1422,0,4,25,0,29,671,649,124,7,1451,0,0,0,1451
09/15/2005,CLT,NC,ASO,ES,Combined TRACON& Tower with Radar,691,625,91,5,1412,0,7,35,0,42,691,632,126,5,1454,0,0,0,1454
09/16/2005,CLT,NC,ASO,ES,Combined TRACON& Tower with Radar,700,659,76,6,1441,0,3,40,4,47,700,662,116,10,1488,0,0,0,1488
09/17/2005,CLT,NC,ASO,ES,Combined TRACON& Tower with Radar,619,544,26,3,1192,0,2,29,1,32,619,546,55,4,1224,0,0,0,1224
09/18/2005,CLT,NC,ASO,ES,Combined TRACON& Tower with Radar,661,568,63,4,1296,0,3,29,1,33,661,571,92,5,1329,0,0,0,1329
09/19/2005,CLT,NC,ASO,ES,Combined TRACON& Tower with Radar,667,638,79,4,1388,0,1,17,0,18,667,639,96,4,1406,0,0,0,1406
09/20/2005,CLT,NC,ASO,ES,Combined TRACON& Tower with Radar,683,648,80,5,1416,0,2,14,0,16,683,650,94,5,1432,0,0,0,1432
09/21/2005,CLT,NC,ASO,ES,Combined TRACON& Tower with Radar,698,642,105,5,1450,0,0,14,0,14,698,642,119,5,1464,0,0,0,1464
09/22/2005,CLT,NC,ASO,ES,Combined TRACON& Tower with Radar,694,661,132,6,1493,0,6,18,1,25,694,667,150,7,1518,0,0,0,1518
09/23/2005,CLT,NC,ASO,ES,Combined TRACON& Tower with Radar,687,645,100,5,1437,1,2,22,2,27,688,647,122,7,1464,0,0,0,1464
09/24/2005,CLT,NC,ASO,ES,Combined TRACON& Tower with Radar,598,517,37,3,1155,0,3,14,1,18,598,520,51,4,1173,0,0,0,1173
09/25/2005,CLT,NC,ASO,ES,Combined TRACON& Tower with Radar,656,536,64,1,1257,0,0,6,0,6,656,536,70,1,1263,0,0,0,1263
09/26/2005,CLT,NC,ASO,ES,Combined TRACON& Tower with Radar,681,612,79,4,1376,0,1,12,0,13,681,613,91,4,1389,0,0,0,1389
09/27/2005,CLT,NC,ASO,ES,Combined TRACON& Tower with Radar,699,670,111,8,1488,0,0,20,2,22,699,670,131,10,1510,0,0,0,1510
09/28/2005,CLT,NC,ASO,ES,Combined TRACON& Tower with Radar,692,664,121,5,1482,0,3,22,2,27,692,667,143,7,1509,0,0,0,1509
09/29/2005,CLT,NC,ASO,ES,Combined TRACON& Tower with Radar,675,658,115,10,1458,0,1,36,1,38,675,659,151,11,1496,0,0,0,1496
09/30/2005,CLT,NC,ASO,ES,Combined TRACON& Tower with Radar,713,655,104,2,1474,0,3,44,0,47,713,658,148,2,1521,0,0,0,1521
10/01/2005,CLT,NC,ASO,ES,Combined TRACON& Tower with Radar,611,523,40,10,1184,0,2,42,5,49,611,525,82,15,1233,0,0,0,1233
10/02/2005,CLT,NC,ASO,ES,Combined TRACON& Tower with Radar,647,549,43,4,1243,0,0,32,8,40,647,549,75,12,1283,0,0,0,1283
10/03/2005,CLT,NC,ASO,ES,Combined TRACON& Tower with Radar,686,635,97,0,1418,0,0,42,0,42,686,635,139,0,1460,0,0,0,1460
10/04/2005,CLT,NC,ASO,ES,Combined TRACON& Tower with Radar,685,668,120,12,1485,0,2,27,0,29,685,670,147,12,1514,0,0,0,1514
10/05/2005,CLT,NC,ASO,ES,Combined TRACON& Tower with Radar,689,640,109,7,1445,0,6,23,0,29,689,646,132,7,1474,0,0,0,1474
10/06/2005,CLT,NC,ASO,ES,Combined TRACON& Tower with Radar,689,648,87,4,1428,0,1,2,0,3,689,649,89,4,1431,0,0,0,1431
10/07/2005,CLT,NC,ASO,ES,Combined TRACON& Tower with Radar,698,646,92,1,1437,0,0,0,0,0,698,646,92,1,1437,0,0,0,1437
10/08/2005,CLT,NC,ASO,ES,Combined TRACON& Tower with Radar,634,528,34,1,1197,0,2,10,0,12,634,530,44,1,1209,0,0,0,1209
10/09/2005,CLT,NC,ASO,ES,Combined TRACON& Tower with Radar,659,548,58,0,1265,0,3,16,0,19,659,551,74,0,1284,0,0,0,1284
10/10/2005,CLT,NC,ASO,ES,Combined TRACON& Tower with Radar,678,584,77,2,1341,0,0,1,0,1,678,584,78,2,1342,0,0,0,1342
10/11/2005,CLT,NC,ASO,ES,Combined TRACON& Tower with Radar,701,631,105,8,1445,0,0,2,0,2,701,631,107,8,1447,0,0,0,1447
10/12/2005,CLT,NC,ASO,ES,Combined TRACON& Tower with Radar,690,659,102,10,1461,0,5,6,0,11,690,664,108,10,1472,0,0,0,1472
10/13/2005,CLT,NC,ASO,ES,Combined TRACON& Tower with Radar,690,676,131,8,1505,0,3,31,0,34,690,679,162,8,1539,0,0,0,1539
10/14/2005,CLT,NC,ASO,ES,Combined TRACON& Tower with Radar,685,671,119,6,1481,0,5,53,0,58,685,676,172,6,1539,0,0,0,1539
10/15/2005,CLT,NC,ASO,ES,Combined TRACON& Tower with Radar,612,542,41,0,1195,0,26,39,0,65,612,568,80,0,1260,0,0,0,1260
10/16/2005,CLT,NC,ASO,ES,Combined TRACON& Tower with Radar,643,563,76,3,1285,0,27,21,0,48,643,590,97,3,1333,0,0,0,1333
10/17/2005,CLT,NC,ASO,ES,Combined TRACON& Tower with Radar,691,639,82,0,1412,0,2,37,0,39,691,641,119,0,1451,0,0,0,1451
10/18/2005,CLT,NC,ASO,ES,Combined TRACON& Tower with Radar,699,691,108,6,1504,0,9,37,2,48,699,700,145,8,1552,0,0,0,1552
10/19/2005,CLT,NC,ASO,ES,Combined TRACON& Tower with Radar,698,670,114,2,1484,0,1,32,0,33,698,671,146,2,1517,0,0,0,1517
10/20/2005,CLT,NC,ASO,ES,Combined TRACON& Tower with Radar,690,684,124,9,1507,0,3,39,0,42,690,687,163,9,1549,0,0,0,1549
10/21/2005,CLT,NC,ASO,ES,Combined TRACON& Tower with Radar,688,658,106,4,1456,0,4,38,2,44,688,662,144,6,1500,0,0,0,1500
10/22/2005,CLT,NC,ASO,ES,Combined TRACON& Tower with Radar,616,542,58,4,1220,0,0,20,0,20,616,542,78,4,1240,0,0,0,1240
10/23/2005,CLT,NC,ASO,ES,Combined TRACON& Tower with Radar,650,561,40,4,1255,0,0,16,0,16,650,561,56,4,1271,0,0,0,1271
10/24/2005,CLT,NC,ASO,ES,Combined TRACON& Tower with Radar,635,590,85,4,1314,0,3,18,0,21,635,593,103,4,1335,0,0,0,1335
10/25/2005,CLT,NC,ASO,ES,Combined TRACON& Tower with Radar,657,643,123,8,1431,0,1,28,0,29,657,644,151,8,1460,0,0,0,1460
10/26/2005,CLT,NC,ASO,ES,Combined TRACON& Tower with Radar,675,664,125,6,1470,0,2,35,0,37,675,666,160,6,1507,0,0,0,1507
10/27/2005,CLT,NC,ASO,ES,Combined TRACON& Tower with Radar,703,696,109,4,1512,0,2,24,0,26,703,698,133,4,1538,0,0,0,1538
10/28/2005,CLT,NC,ASO,ES,Combined TRACON& Tower with Radar,696,668,77,5,1446,0,2,29,0,31,696,670,106,5,1477,0,0,0,1477
10/29/2005,CLT,NC,ASO,ES,Combined TRACON& Tower with Radar,610,517,49,0,1176,0,1,37,0,38,610,518,86,0,1214,0,0,0,1214
10/30/2005,CLT,NC,ASO,ES,Combined TRACON& Tower with Radar,644,567,62,2,1275,0,0,21,0,21,644,567,83,2,1296,0,0,0,1296
10/31/2005,CLT,NC,ASO,ES,Combined TRACON& Tower with Radar,668,619,53,3,1343,0,1,24,2,27,668,620,77,5,1370,0,0,0,1370
11/01/2005,CLT,NC,ASO,ES,Combined TRACON& Tower with Radar,698,652,84,8,1442,0,1,22,0,23,698,653,106,8,1465,0,0,0,1465
11/02/2005,CLT,NC,ASO,ES,Combined TRACON& Tower with Radar,692,665,94,8,1459,0,2,40,0,42,692,667,134,8,1501,0,0,0,1501
11/03/2005,CLT,NC,ASO,ES,Combined TRACON& Tower with Radar,686,675,116,8,1485,0,2,40,0,42,686,677,156,8,1527,0,0,0,1527
11/04/2005,CLT,NC,ASO,ES,Combined TRACON& Tower with Radar,688,659,88,4,1439,0,1,23,1,25,688,660,111,5,1464,0,0,0,1464
11/05/2005,CLT,NC,ASO,ES,Combined TRACON& Tower with Radar,596,528,39,1,1164,0,4,33,0,37,596,532,72,1,1201,0,0,0,1201
11/06/2005,CLT,NC,ASO,ES,Combined TRACON& Tower with Radar,631,548,53,2,1234,0,1,21,0,22,631,549,74,2,1256,0,0,0,1256
11/07/2005,CLT,NC,ASO,ES,Combined TRACON& Tower with Radar,675,599,91,4,1369,0,1,29,0,30,675,600,120,4,1399,0,0,0,1399
11/08/2005,CLT,NC,ASO,ES,Combined TRACON& Tower with Radar,678,667,90,6,1441,0,2,43,0,45,678,669,133,6,1486,0,0,0,1486
11/09/2005,CLT,NC,ASO,ES,Combined TRACON& Tower with Radar,698,646,100,8,1452,0,2,39,3,44,698,648,139,11,1496,0,0,0,1496
11/10/2005,CLT,NC,ASO,ES,Combined TRACON& Tower with Radar,716,659,114,0,1489,0,2,44,1,47,716,661,158,1,1536,0,0,0,1536
11/11/2005,CLT,NC,ASO,ES,Combined TRACON& Tower with Radar,718,608,84,6,1416,0,2,39,2,43,718,610,123,8,1459,0,0,0,1459
11/12/2005,CLT,NC,ASO,ES,Combined TRACON& Tower with Radar,610,522,26,0,1158,0,4,27,0,31,610,526,53,0,1189,0,0,0,1189
11/13/2005,CLT,NC,ASO,ES,Combined TRACON& Tower with Radar,645,568,70,2,1285,0,4,21,4,29,645,572,91,6,1314,0,0,0,1314
11/14/2005,CLT,NC,ASO,ES,Combined TRACON& Tower with Radar,702,623,72,8,1405,0,2,25,0,27,702,625,97,8,1432,0,0,0,1432
11/15/2005,CLT,NC,ASO,ES,Combined TRACON& Tower with Radar,690,638,133,2,1463,1,6,20,0,27,691,644,153,2,1490,0,0,0,1490
11/16/2005,CLT,NC,ASO,ES,Combined TRACON& Tower with Radar,713,649,112,8,1482,1,1,33,0,35,714,650,145,8,1517,0,0,0,1517
11/17/2005,CLT,NC,ASO,ES,Combined TRACON& Tower with Radar,721,646,105,15,1487,0,5,32,0,37,721,651,137,15,1524,0,0,0,1524
11/18/2005,CLT,NC,ASO,ES,Combined TRACON& Tower with Radar,704,644,99,4,1451,0,0,40,0,40,704,644,139,4,1491,0,0,0,1491
11/19/2005,CLT,NC,ASO,ES,Combined TRACON& Tower with Radar,611,533,49,3,1196,0,2,30,0,32,611,535,79,3,1228,0,0,0,1228
11/20/2005,CLT,NC,ASO,ES,Combined TRACON& Tower with Radar,651,562,42,1,1256,0,0,9,0,9,651,562,51,1,1265,0,0,0,1265
11/21/2005,CLT,NC,ASO,ES,Combined TRACON& Tower with Radar,674,599,85,0,1358,0,0,0,0,0,674,599,85,0,1358,0,0,0,1358
11/22/2005,CLT,NC,ASO,ES,Combined TRACON& Tower with Radar,722,655,97,9,1483,0,0,18,0,18,722,655,115,9,1501,0,0,0,1501
11/23/2005,CLT,NC,ASO,ES,Combined TRACON& Tower with Radar,731,636,87,5,1459,0,4,22,0,26,731,640,109,5,1485,0,0,0,1485
11/24/2005,CLT,NC,ASO,ES,Combined TRACON& Tower with Radar,621,534,17,0,1172,0,2,28,0,30,621,536,45,0,1202,0,0,0,1202
11/25/2005,CLT,NC,ASO,ES,Combined TRACON& Tower with Radar,594,497,46,0,1137,0,0,16,0,16,594,497,62,0,1153,0,0,0,1153
11/26/2005,CLT,NC,ASO,ES,Combined TRACON& Tower with Radar,610,534,34,0,1178,0,3,23,0,26,610,537,57,0,1204,0,0,0,1204
11/27/2005,CLT,NC,ASO,ES,Combined TRACON& Tower with Radar,646,595,98,0,1339,0,0,5,0,5,646,595,103,0,1344,0,0,0,1344
11/28/2005,CLT,NC,ASO,ES,Combined TRACON& Tower with Radar,679,554,67,0,1300,0,0,1,0,1,679,554,68,0,1301,0,0,0,1301
11/29/2005,CLT,NC,ASO,ES,Combined TRACON& Tower with Radar,735,659,90,8,1492,0,1,15,0,16,735,660,105,8,1508,0,0,0,1508
11/30/2005,CLT,NC,ASO,ES,Combined TRACON& Tower with Radar,735,656,83,12,1486,0,3,35,4,42,735,659,118,16,1528,0,0,0,1528
12/01/2005,CLT,NC,ASO,ES,Combined TRACON& Tower with Radar,707,629,108,4,1448,0,1,34,6,41,707,630,142,10,1489,0,0,0,1489
12/02/2005,CLT,NC,ASO,ES,Combined TRACON& Tower with Radar,710,627,82,8,1427,0,0,45,2,47,710,627,127,10,1474,0,0,0,1474
12/03/2005,CLT,NC,ASO,ES,Combined TRACON& Tower with Radar,621,521,44,2,1188,0,3,22,1,26,621,524,66,3,1214,0,0,0,1214
12/04/2005,CLT,NC,ASO,ES,Combined TRACON& Tower with Radar,654,550,99,6,1309,0,0,21,0,21,654,550,120,6,1330,0,0,0,1330
12/05/2005,CLT,NC,ASO,ES,Combined TRACON& Tower with Radar,684,588,76,2,1350,0,0,0,0,0,684,588,76,2,1350,0,0,0,1350
12/06/2005,CLT,NC,ASO,ES,Combined TRACON& Tower with Radar,726,620,72,11,1429,0,1,28,5,34,726,621,100,16,1463,0,0,0,1463
12/07/2005,CLT,NC,ASO,ES,Combined TRACON& Tower with Radar,698,624,88,9,1419,0,1,35,5,41,698,625,123,14,1460,0,0,0,1460
12/08/2005,CLT,NC,ASO,ES,Combined TRACON& Tower with Radar,692,623,105,3,1423,0,1,8,1,10,692,624,113,4,1433,0,0,0,1433
12/09/2005,CLT,NC,ASO,ES,Combined TRACON& Tower with Radar,699,605,74,6,1384,0,0,29,0,29,699,605,103,6,1413,0,0,0,1413
12/10/2005,CLT,NC,ASO,ES,Combined TRACON& Tower with Radar,650,507,44,1,1202,0,3,48,0,51,650,510,92,1,1253,0,0,0,1253
12/11/2005,CLT,NC,ASO,ES,Combined TRACON& Tower with Radar,656,528,80,5,1269,0,1,24,2,27,656,529,104,7,1296,0,0,0,1296
12/12/2005,CLT,NC,ASO,ES,Combined TRACON& Tower with Radar,693,611,113,4,1421,0,1,37,0,38,693,612,150,4,1459,0,0,0,1459
12/13/2005,CLT,NC,ASO,ES,Combined TRACON& Tower with Radar,705,633,126,8,1472,1,4,26,2,33,706,637,152,10,1505,0,0,0,1505
12/14/2005,CLT,NC,ASO,ES,Combined TRACON& Tower with Radar,681,620,105,11,1417,0,0,20,4,24,681,620,125,15,1441,0,0,0,1441
12/15/2005,CLT,NC,ASO,ES,Combined TRACON& Tower with Radar,621,474,73,0,1168,0,1,7,0,8,621,475,80,0,1176,0,0,0,1176
12/16/2005,CLT,NC,ASO,ES,Combined TRACON& Tower with Radar,728,598,77,8,1411,0,1,33,0,34,728,599,110,8,1445,0,0,0,1445
12/17/2005,CLT,NC,ASO,ES,Combined TRACON& Tower with Radar,633,522,30,1,1186,0,1,34,0,35,633,523,64,1,1221,0,0,0,1221
12/18/2005,CLT,NC,ASO,ES,Combined TRACON& Tower with Radar,650,562,39,0,1251,0,2,18,0,20,650,564,57,0,1271,0,0,0,1271
12/19/2005,CLT,NC,ASO,ES,Combined TRACON& Tower with Radar,704,590,76,5,1375,0,1,17,0,18,704,591,93,5,1393,0,0,0,1393
12/20/2005,CLT,NC,ASO,ES,Combined TRACON& Tower with Radar,712,636,84,8,1440,0,5,40,0,45,712,641,124,8,1485,0,0,0,1485
12/21/2005,CLT,NC,ASO,ES,Combined TRACON& Tower with Radar,716,634,85,6,1441,0,1,26,0,27,716,635,111,6,1468,0,0,0,1468
12/22/2005,CLT,NC,ASO,ES,Combined TRACON& Tower with Radar,723,609,71,2,1405,0,1,30,0,31,723,610,101,2,1436,0,0,0,1436
12/23/2005,CLT,NC,ASO,ES,Combined TRACON& Tower with Radar,730,619,39,0,1388,0,3,29,1,33,730,622,68,1,1421,0,0,0,1421
12/24/2005,CLT,NC,ASO,ES,Combined TRACON& Tower with Radar,646,516,25,0,1187,0,2,26,0,28,646,518,51,0,1215,0,0,0,1215
12/25/2005,CLT,NC,ASO,ES,Combined TRACON& Tower with Radar,628,520,8,0,1156,0,1,4,0,5,628,521,12,0,1161,0,0,0,1161
12/26/2005,CLT,NC,ASO,ES,Combined TRACON& Tower with Radar,708,556,38,0,1302,0,1,17,0,18,708,557,55,0,1320,0,0,0,1320
12/27/2005,CLT,NC,ASO,ES,Combined TRACON& Tower with Radar,724,576,45,0,1345,0,2,35,0,37,724,578,80,0,1382,0,0,0,1382
12/28/2005,CLT,NC,ASO,ES,Combined TRACON& Tower with Radar,717,602,40,8,1367,0,5,15,0,20,717,607,55,8,1387,0,0,0,1387
12/29/2005,CLT,NC,ASO,ES,Combined TRACON& Tower with Radar,730,607,47,8,1392,0,6,16,0,22,730,613,63,8,1414,0,0,0,1414
12/30/2005,CLT,NC,ASO,ES,Combined TRACON& Tower with Radar,729,585,40,0,1354,0,5,23,0,28,729,590,63,0,1382,0,0,0,1382
12/31/2005,CLT,NC,ASO,ES,Combined TRACON& Tower with Radar,629,483,28,0,1140,0,5,29,0,34,629,488,57,0,1174,0,0,0,1174
01/01/2006,CLT,NC,ASO,ES,Combined TRACON& Tower with Radar,657,489,35,1,1182,0,4,13,4,21,657,493,48,5,1203,0,0,0,1203
01/02/2006,CLT,NC,ASO,ES,Combined TRACON& Tower with Radar,677,516,28,0,1221,0,0,0,0,0,677,516,28,0,1221,0,0,0,1221
01/03/2006,CLT,NC,ASO,ES,Combined TRACON& Tower with Radar,716,541,31,0,1288,0,1,21,0,22,716,542,52,0,1310,0,0,0,1310
01/04/2006,CLT,NC,ASO,ES,Combined TRACON& Tower with Radar,713,577,65,11,1366,0,1,17,0,18,713,578,82,11,1384,0,0,0,1384
01/05/2006,CLT,NC,ASO,ES,Combined TRACON& Tower with Radar,700,602,70,10,1382,0,7,19,0,26,700,609,89,10,1408,0,0,0,1408
01/06/2006,CLT,NC,ASO,ES,Combined TRACON& Tower with Radar,721,626,47,5,1399,0,2,10,0,12,721,628,57,5,1411,0,0,0,1411
01/07/2006,CLT,NC,ASO,ES,Combined TRACON& Tower with Radar,609,503,50,4,1166,0,9,20,0,29,609,512,70,4,1195,0,0,0,1195
01/08/2006,CLT,NC,ASO,ES,Combined TRACON& Tower with Radar,679,516,55,3,1253,0,3,17,1,21,679,519,72,4,1274,0,0,0,1274
01/09/2006,CLT,NC,ASO,ES,Combined TRACON& Tower with Radar,713,558,45,0,1316,0,5,17,0,22,713,563,62,0,1338,0,0,0,1338
01/10/2006,CLT,NC,ASO,ES,Combined TRACON& Tower with Radar,694,610,88,9,1401,0,5,26,0,31,694,615,114,9,1432,0,0,0,1432
01/11/2006,CLT,NC,ASO,ES,Combined TRACON& Tower with Radar,682,588,94,10,1374,0,11,10,0,21,682,599,104,10,1395,0,0,0,1395
01/12/2006,CLT,NC,ASO,ES,Combined TRACON& Tower with Radar,677,568,97,14,1356,0,5,26,0,31,677,573,123,14,1387,0,0,0,1387
01/13/2006,CLT,NC,ASO,ES,Combined TRACON& Tower with Radar,652,585,82,5,1324,0,1,3,0,4,652,586,85,5,1328,0,0,0,1328
01/14/2006,CLT,NC,ASO,ES,Combined TRACON& Tower with Radar,636,553,18,1,1208,0,2,10,0,12,636,555,28,1,1220,0,0,0,1220
01/15/2006,CLT,NC,ASO,ES,Combined TRACON& Tower with Radar,655,509,28,1,1193,0,2,12,0,14,655,511,40,1,1207,0,0,0,1207
01/16/2006,CLT,NC,ASO,ES,Combined TRACON& Tower with Radar,689,571,64,1,1325,0,4,24,0,28,689,575,88,1,1353,0,0,0,1353
01/17/2006,CLT,NC,ASO,ES,Combined TRACON& Tower with Radar,688,585,75,4,1352,0,3,14,0,17,688,588,89,4,1369,0,0,0,1369
01/18/2006,CLT,NC,ASO,ES,Combined TRACON& Tower with Radar,694,613,85,9,1401,0,4,14,0,18,694,617,99,9,1419,0,0,0,1419
01/19/2006,CLT,NC,ASO,ES,Combined TRACON& Tower with Radar,699,628,95,11,1433,0,6,21,0,27,699,634,116,11,1460,0,0,0,1460
01/20/2006,CLT,NC,ASO,ES,Combined TRACON& Tower with Radar,700,615,69,4,1388,0,6,16,0,22,700,621,85,4,1410,0,0,0,1410
01/21/2006,CLT,NC,ASO,ES,Combined TRACON& Tower with Radar,595,520,28,1,1144,0,1,2,0,3,595,521,30,1,1147,0,0,0,1147
01/22/2006,CLT,NC,ASO,ES,Combined TRACON& Tower with Radar,639,514,21,3,1177,0,1,1,0,2,639,515,22,3,1179,0,0,0,1179
01/23/2006,CLT,NC,ASO,ES,Combined TRACON& Tower with Radar,661,575,63,5,1304,0,0,0,0,0,661,575,63,5,1304,0,0,0,1304
01/24/2006,CLT,NC,ASO,ES,Combined TRACON& Tower with Radar,725,627,102,8,1462,0,2,19,0,21,725,629,121,8,1483,0,0,0,1483
01/25/2006,CLT,NC,ASO,ES,Combined TRACON& Tower with Radar,687,620,103,3,1413,0,8,23,0,31,687,628,126,3,1444,0,0,0,1444
01/26/2006,CLT,NC,ASO,ES,Combined TRACON& Tower with Radar,692,623,127,6,1448,0,4,34,0,38,692,627,161,6,1486,0,0,0,1486
01/27/2006,CLT,NC,ASO,ES,Combined TRACON& Tower with Radar,701,635,77,6,1419,0,6,30,1,37,701,641,107,7,1456,0,0,0,1456
01/28/2006,CLT,NC,ASO,ES,Combined TRACON& Tower with Radar,607,525,22,0,1154,0,5,23,1,29,607,530,45,1,1183,0,0,0,1183
01/29/2006,CLT,NC,ASO,ES,Combined TRACON& Tower with Radar,640,512,48,2,1202,0,1,5,0,6,640,513,53,2,1208,0,0,0,1208
01/30/2006,CLT,NC,ASO,ES,Combined TRACON& Tower with Radar,681,589,71,7,1348,0,2,13,0,15,681,591,84,7,1363,0,0,0,1363
01/31/2006,CLT,NC,ASO,ES,Combined TRACON& Tower with Radar,707,607,79,6,1399,0,3,25,0,28,707,610,104,6,1427,0,0,0,1427
02/01/2006,CLT,NC,ASO,ES,Combined TRACON& Tower with Radar,709,623,69,9,1410,0,3,16,1,20,709,626,85,10,1430,0,0,0,1430
02/02/2006,CLT,NC,ASO,ES,Combined TRACON& Tower with Radar,688,607,74,8,1377,1,8,12,1,22,689,615,86,9,1399,0,0,0,1399
02/03/2006,CLT,NC,ASO,ES,Combined TRACON& Tower with Radar,703,623,66,12,1404,0,4,13,1,18,703,627,79,13,1422,0,0,0,1422
02/04/2006,CLT,NC,ASO,ES,Combined TRACON& Tower with Radar,596,536,18,10,1160,0,1,5,0,6,596,537,23,10,1166,0,0,0,1166
02/05/2006,CLT,NC,ASO,ES,Combined TRACON& Tower with Radar,649,528,31,6,1214,0,4,21,1,26,649,532,52,7,1240,0,0,0,1240
02/06/2006,CLT,NC,ASO,ES,Combined TRACON& Tower with Radar,678,580,98,1,1357,0,11,17,0,28,678,591,115,1,1385,0,0,0,1385
02/07/2006,CLT,NC,ASO,ES,Combined TRACON& Tower with Radar,692,620,105,14,1431,0,3,16,0,19,692,623,121,14,1450,0,0,0,1450
02/08/2006,CLT,NC,ASO,ES,Combined TRACON& Tower with Radar,692,594,89,5,1380,0,0,26,1,27,692,594,115,6,1407,0,0,0,1407
02/09/2006,CLT,NC,ASO,ES,Combined TRACON& Tower with Radar,705,616,156,10,1487,0,9,24,0,33,705,625,180,10,1520,0,0,0,1520
02/10/2006,CLT,NC,ASO,ES,Combined TRACON& Tower with Radar,698,612,64,6,1380,0,2,23,1,26,698,614,87,7,1406,0,0,0,1406
02/11/2006,CLT,NC,ASO,ES,Combined TRACON& Tower with Radar,575,512,38,2,1127,0,1,3,0,4,575,513,41,2,1131,0,0,0,1131
02/12/2006,CLT,NC,ASO,ES,Combined TRACON& Tower with Radar,594,482,47,3,1126,0,4,19,0,23,594,486,66,3,1149,0,0,0,1149
02/13/2006,CLT,NC,ASO,ES,Combined TRACON& Tower with Radar,691,577,56,2,1326,0,3,11,0,14,691,580,67,2,1340,0,0,0,1340
02/14/2006,CLT,NC,ASO,ES,Combined TRACON& Tower with Radar,744,585,80,6,1415,0,7,35,0,42,744,592,115,6,1457,0,0,0,1457
02/15/2006,CLT,NC,ASO,ES,Combined TRACON& Tower with Radar,726,584,110,20,1440,0,5,22,0,27,726,589,132,20,1467,0,0,0,1467
02/16/2006,CLT,NC,ASO,ES,Combined TRACON& Tower with Radar,707,616,120,9,1452,0,2,41,0,43,707,618,161,9,1495,0,0,0,1495
02/17/2006,CLT,NC,ASO,ES,Combined TRACON& Tower with Radar,720,624,94,7,1445,0,8,23,0,31,720,632,117,7,1476,0,0,0,1476
02/18/2006,CLT,NC,ASO,ES,Combined TRACON& Tower with Radar,609,531,30,1,1171,0,1,12,0,13,609,532,42,1,1184,0,0,0,1184
02/19/2006,CLT,NC,ASO,ES,Combined TRACON& Tower with Radar,674,502,46,0,1222,0,2,13,0,15,674,504,59,0,1237,0,0,0,1237
02/20/2006,CLT,NC,ASO,ES,Combined TRACON& Tower with Radar,706,571,73,1,1351,0,5,22,0,27,706,576,95,1,1378,0,0,0,1378
02/21/2006,CLT,NC,ASO,ES,Combined TRACON& Tower with Radar,726,592,95,6,1419,0,2,13,1,16,726,594,108,7,1435,0,0,0,1435
02/22/2006,CLT,NC,ASO,ES,Combined TRACON& Tower with Radar,713,608,92,7,1420,0,1,10,0,11,713,609,102,7,1431,0,0,0,1431
02/23/2006,CLT,NC,ASO,ES,Combined TRACON& Tower with Radar,730,635,108,7,1480,0,1,20,0,21,730,636,128,7,1501,0,0,0,1501
02/24/2006,CLT,NC,ASO,ES,Combined TRACON& Tower with Radar,730,630,65,4,1429,0,4,24,0,28,730,634,89,4,1457,0,0,0,1457
02/25/2006,CLT,NC,ASO,ES,Combined TRACON& Tower with Radar,610,543,32,1,1186,0,4,14,0,18,610,547,46,1,1204,0,0,0,1204
02/26/2006,CLT,NC,ASO,ES,Combined TRACON& Tower with Radar,671,510,43,0,1224,0,2,14,0,16,671,512,57,0,1240,0,0,0,1240
02/27/2006,CLT,NC,ASO,ES,Combined TRACON& Tower with Radar,712,582,92,0,1386,0,4,31,0,35,712,586,123,0,1421,0,0,0,1421
02/28/2006,CLT,NC,ASO,ES,Combined TRACON& Tower with Radar,729,594,90,7,1420,0,5,34,0,39,729,599,124,7,1459,0,0,0,1459
03/01/2006,CLT,NC,ASO,ES,Combined TRACON& Tower with Radar,714,602,80,2,1398,0,6,25,0,31,714,608,105,2,1429,0,0,0,1429
03/02/2006,CLT,NC,ASO,ES,Combined TRACON& Tower with Radar,700,610,101,2,1413,0,2,30,0,32,700,612,131,2,1445,0,0,0,1445
03/03/2006,CLT,NC,ASO,ES,Combined TRACON& Tower with Radar,719,641,64,3,1427,0,2,19,0,21,719,643,83,3,1448,0,0,0,1448
03/04/2006,CLT,NC,ASO,ES,Combined TRACON& Tower with Radar,610,557,31,2,1200,0,12,29,0,41,610,569,60,2,1241,0,0,0,1241
03/05/2006,CLT,NC,ASO,ES,Combined TRACON& Tower with Radar,671,511,46,2,1230,0,2,16,0,18,671,513,62,2,1248,0,0,0,1248
03/06/2006,CLT,NC,ASO,ES,Combined TRACON& Tower with Radar,725,574,81,5,1385,0,3,9,0,12,725,577,90,5,1397,0,0,0,1397
03/07/2006,CLT,NC,ASO,ES,Combined TRACON& Tower with Radar,712,626,98,9,1445,0,4,26,0,30,712,630,124,9,1475,0,0,0,1475
03/08/2006,CLT,NC,ASO,ES,Combined TRACON& Tower with Radar,710,616,95,12,1433,0,7,24,1,32,710,623,119,13,1465,0,0,0,1465
03/09/2006,CLT,NC,ASO,ES,Combined TRACON& Tower with Radar,725,640,105,8,1478,0,6,18,1,25,725,646,123,9,1503,0,0,0,1503
03/10/2006,CLT,NC,ASO,ES,Combined TRACON& Tower with Radar,727,638,80,5,1450,0,4,26,0,30,727,642,106,5,1480,0,0,0,1480
03/11/2006,CLT,NC,ASO,ES,Combined TRACON& Tower with Radar,600,505,49,4,1158,0,8,16,2,26,600,513,65,6,1184,0,0,0,1184
03/12/2006,CLT,NC,ASO,ES,Combined TRACON& Tower with Radar,672,502,49,6,1229,0,4,25,1,30,672,506,74,7,1259,0,0,0,1259
03/13/2006,CLT,NC,ASO,ES,Combined TRACON& Tower with Radar,713,570,86,1,1370,0,2,11,0,13,713,572,97,1,1383,0,0,0,1383
03/14/2006,CLT,NC,ASO,ES,Combined TRACON& Tower with Radar,729,600,103,7,1439,0,5,12,3,20,729,605,115,10,1459,0,0,0,1459
03/15/2006,CLT,NC,ASO,ES,Combined TRACON& Tower with Radar,725,617,94,2,1438,0,5,27,0,32,725,622,121,2,1470,0,0,0,1470
03/16/2006,CLT,NC,ASO,ES,Combined TRACON& Tower with Radar,733,615,123,7,1478,0,6,46,0,52,733,621,169,7,1530,0,0,0,1530
03/17/2006,CLT,NC,ASO,ES,Combined TRACON& Tower with Radar,717,628,103,5,1453,0,4,44,5,53,717,632,147,10,1506,0,0,0,1506
03/18/2006,CLT,NC,ASO,ES,Combined TRACON& Tower with Radar,612,541,38,2,1193,0,5,23,1,29,612,546,61,3,1222,0,0,0,1222
03/19/2006,CLT,NC,ASO,ES,Combined TRACON& Tower with Radar,696,508,58,9,1271,0,5,15,0,20,696,513,73,9,1291,0,0,0,1291
03/20/2006,CLT,NC,ASO,ES,Combined TRACON& Tower with Radar,694,577,52,2,1325,0,0,15,0,15,694,577,67,2,1340,0,0,0,1340
03/21/2006,CLT,NC,ASO,ES,Combined TRACON& Tower with Radar,725,628,81,4,1438,0,0,0,0,0,725,628,81,4,1438,0,0,0,1438
03/22/2006,CLT,NC,ASO,ES,Combined TRACON& Tower with Radar,720,618,96,7,1441,0,4,26,0,30,720,622,122,7,1471,0,0,0,1471
03/23/2006,CLT,NC,ASO,ES,Combined TRACON& Tower with Radar,724,616,105,5,1450,0,2,33,0,35,724,618,138,5,1485,0,0,0,1485
03/24/2006,CLT,NC,ASO,ES,Combined TRACON& Tower with Radar,728,617,64,5,1414,0,1,14,0,15,728,618,78,5,1429,0,0,0,1429
03/25/2006,CLT,NC,ASO,ES,Combined TRACON& Tower with Radar,621,559,42,8,1230,0,7,27,2,36,621,566,69,10,1266,0,0,0,1266
03/26/2006,CLT,NC,ASO,ES,Combined TRACON& Tower with Radar,667,514,44,1,1226,0,3,21,0,24,667,517,65,1,1250,0,0,0,1250
03/27/2006,CLT,NC,ASO,ES,Combined TRACON& Tower with Radar,715,595,67,4,1381,0,3,29,0,32,715,598,96,4,1413,0,0,0,1413
03/28/2006,CLT,NC,ASO,ES,Combined TRACON& Tower with Radar,714,635,82,5,1436,0,3,12,1,16,714,638,94,6,1452,0,0,0,1452
03/29/2006,CLT,NC,ASO,ES,Combined TRACON& Tower with Radar,725,602,88,11,1426,0,5,16,2,23,725,607,104,13,1449,0,0,0,1449
03/30/2006,CLT,NC,ASO,ES,Combined TRACON& Tower with Radar,732,633,83,10,1458,0,4,41,0,45,732,637,124,10,1503,0,0,0,1503
03/31/2006,CLT,NC,ASO,ES,Combined TRACON& Tower with Radar,713,628,91,6,1438,0,3,28,0,31,713,631,119,6,1469,0,0,0,1469
04/01/2006,CLT,NC,ASO,ES,Combined TRACON& Tower with Radar,614,542,36,2,1194,0,0,24,0,24,614,542,60,2,1218,0,0,0,1218
04/02/2006,CLT,NC,ASO,ES,Combined TRACON& Tower with Radar,648,524,50,1,1223,1,4,25,1,31,649,528,75,2,1254,0,0,0,1254
04/03/2006,CLT,NC,ASO,ES,Combined TRACON& Tower with Radar,675,607,69,5,1356,0,12,14,0,26,675,619,83,5,1382,0,0,0,1382
04/04/2006,CLT,NC,ASO,ES,Combined TRACON& Tower with Radar,745,651,84,10,1490,0,7,29,3,39,745,658,113,13,1529,0,0,0,1529
04/05/2006,CLT,NC,ASO,ES,Combined TRACON& Tower with Radar,708,646,131,7,1492,0,5,34,0,39,708,651,165,7,1531,0,0,0,1531
04/06/2006,CLT,NC,ASO,ES,Combined TRACON& Tower with Radar,724,631,101,8,1464,0,2,20,0,22,724,633,121,8,1486,0,0,0,1486
04/07/2006,CLT,NC,ASO,ES,Combined TRACON& Tower with Radar,716,638,84,14,1452,0,1,26,0,27,716,639,110,14,1479,0,0,0,1479
04/08/2006,CLT,NC,ASO,ES,Combined TRACON& Tower with Radar,642,555,39,0,1236,0,3,9,0,12,642,558,48,0,1248,0,0,0,1248
04/09/2006,CLT,NC,ASO,ES,Combined TRACON& Tower with Radar,678,545,56,5,1284,0,3,19,0,22,678,548,75,5,1306,0,0,0,1306
04/10/2006,CLT,NC,ASO,ES,Combined TRACON& Tower with Radar,718,609,94,0,1421,0,2,23,1,26,718,611,117,1,1447,0,0,0,1447
04/11/2006,CLT,NC,ASO,ES,Combined TRACON& Tower with Radar,723,629,86,9,1447,0,7,31,0,38,723,636,117,9,1485,0,0,0,1485
04/12/2006,CLT,NC,ASO,ES,Combined TRACON& Tower with Radar,714,626,112,14,1466,0,7,15,0,22,714,633,127,14,1488,0,0,0,1488
04/13/2006,CLT,NC,ASO,ES,Combined TRACON& Tower with Radar,708,652,96,9,1465,0,8,36,3,47,708,660,132,12,1512,0,0,0,1512
04/14/2006,CLT,NC,ASO,ES,Combined TRACON& Tower with Radar,727,620,52,7,1406,0,3,28,1,32,727,623,80,8,1438,0,0,0,1438
04/15/2006,CLT,NC,ASO,ES,Combined TRACON& Tower with Radar,614,549,18,0,1181,0,3,21,0,24,614,552,39,0,1205,0,0,0,1205
04/16/2006,CLT,NC,ASO,ES,Combined TRACON& Tower with Radar,676,519,22,0,1217,0,11,23,0,34,676,530,45,0,1251,0,0,0,1251
04/17/2006,CLT,NC,ASO,ES,Combined TRACON& Tower with Radar,672,588,78,6,1344,0,5,19,1,25,672,593,97,7,1369,0,0,0,1369
04/18/2006,CLT,NC,ASO,ES,Combined TRACON& Tower with Radar,747,658,92,9,1506,0,2,28,1,31,747,660,120,10,1537,0,0,0,1537
04/19/2006,CLT,NC,ASO,ES,Combined TRACON& Tower with Radar,723,605,106,9,1443,0,8,14,1,23,723,613,120,10,1466,0,0,0,1466
04/20/2006,CLT,NC,ASO,ES,Combined TRACON& Tower with Radar,728,623,126,11,1488,0,1,23,0,24,728,624,149,11,1512,0,0,0,1512
04/21/2006,CLT,NC,ASO,ES,Combined TRACON& Tower with Radar,714,610,91,8,1423,0,5,27,0,32,714,615,118,8,1455,0,0,0,1455
04/22/2006,CLT,NC,ASO,ES,Combined TRACON& Tower with Radar,619,543,42,3,1207,0,5,13,0,18,619,548,55,3,1225,0,0,0,1225
04/23/2006,CLT,NC,ASO,ES,Combined TRACON& Tower with Radar,681,534,73,1,1289,0,4,12,0,16,681,538,85,1,1305,0,0,0,1305
04/24/2006,CLT,NC,ASO,ES,Combined TRACON& Tower with Radar,704,596,97,6,1403,0,5,23,0,28,704,601,120,6,1431,0,0,0,1431
04/25/2006,CLT,NC,ASO,ES,Combined TRACON& Tower with Radar,708,626,113,9,1456,0,4,22,2,28,708,630,135,11,1484,0,0,0,1484
04/26/2006,CLT,NC,ASO,ES,Combined TRACON& Tower with Radar,716,629,101,6,1452,0,1,13,0,14,716,630,114,6,1466,0,0,0,1466
04/27/2006,CLT,NC,ASO,ES,Combined TRACON& Tower with Radar,744,638,90,9,1481,0,0,20,0,20,744,638,110,9,1501,0,0,0,1501
04/28/2006,CLT,NC,ASO,ES,Combined TRACON& Tower with Radar,719,633,91,6,1449,0,10,49,5,64,719,643,140,11,1513,0,0,0,1513
04/29/2006,CLT,NC,ASO,ES,Combined TRACON& Tower with Radar,627,553,50,1,1231,0,1,29,0,30,627,554,79,1,1261,0,0,0,1261
04/30/2006,CLT,NC,ASO,ES,Combined TRACON& Tower with Radar,656,537,61,3,1257,0,0,18,0,18,656,537,79,3,1275,0,0,0,1275
05/01/2006,CLT,NC,ASO,ES,Combined TRACON& Tower with Radar,715,617,89,1,1422,0,6,32,1,39,715,623,121,2,1461,0,0,0,1461
05/02/2006,CLT,NC,ASO,ES,Combined TRACON& Tower with Radar,729,662,92,5,1488,0,1,32,0,33,729,663,124,5,1521,0,0,0,1521
05/03/2006,CLT,NC,ASO,ES,Combined TRACON& Tower with Radar,720,640,131,7,1498,0,3,30,0,33,720,643,161,7,1531,0,0,0,1531
05/04/2006,CLT,NC,ASO,ES,Combined TRACON& Tower with Radar,742,665,126,10,1543,0,3,30,0,33,742,668,156,10,1576,0,0,0,1576
05/05/2006,CLT,NC,ASO,ES,Combined TRACON& Tower with Radar,691,603,107,6,1407,0,0,14,0,14,691,603,121,6,1421,0,0,0,1421
05/06/2006,CLT,NC,ASO,ES,Combined TRACON& Tower with Radar,623,579,52,5,1259,0,2,15,1,18,623,581,67,6,1277,0,0,0,1277
05/07/2006,CLT,NC,ASO,ES,Combined TRACON& Tower with Radar,676,554,82,10,1322,0,1,1,0,2,676,555,83,10,1324,0,0,0,1324
05/08/2006,CLT,NC,ASO,ES,Combined TRACON& Tower with Radar,701,587,71,5,1364,0,1,8,0,9,701,588,79,5,1373,0,0,0,1373
05/09/2006,CLT,NC,ASO,ES,Combined TRACON& Tower with Radar,718,657,85,10,1470,0,1,17,0,18,718,658,102,10,1488,0,0,0,1488
05/10/2006,CLT,NC,ASO,ES,Combined TRACON& Tower with Radar,713,627,103,7,1450,0,2,13,0,15,713,629,116,7,1465,0,0,0,1465
05/11/2006,CLT,NC,ASO,ES,Combined TRACON& Tower with Radar,687,622,110,9,1428,0,0,17,1,18,687,622,127,10,1446,0,0,0,1446
05/12/2006,CLT,NC,ASO,ES,Combined TRACON& Tower with Radar,730,630,87,4,1451,1,3,43,1,48,731,633,130,5,1499,0,0,0,1499
05/13/2006,CLT,NC,ASO,ES,Combined TRACON& Tower with Radar,650,559,41,4,1254,0,1,32,2,35,650,560,73,6,1289,0,0,0,1289
05/14/2006,CLT,NC,ASO,ES,Combined TRACON& Tower with Radar,673,515,45,2,1235,0,0,10,0,10,673,515,55,2,1245,0,0,0,1245
05/15/2006,CLT,NC,ASO,ES,Combined TRACON& Tower with Radar,694,608,75,5,1382,0,0,22,0,22,694,608,97,5,1404,0,0,0,1404
05/16/2006,CLT,NC,ASO,ES,Combined TRACON& Tower with Radar,724,644,81,5,1454,0,5,37,0,42,724,649,118,5,1496,0,0,0,1496
05/17/2006,CLT,NC,ASO,ES,Combined TRACON& Tower with Radar,713,627,101,11,1452,0,8,33,0,41,713,635,134,11,1493,0,0,0,1493
05/18/2006,CLT,NC,ASO,ES,Combined TRACON& Tower with Radar,697,637,90,12,1436,0,2,32,1,35,697,639,122,13,1471,0,0,0,1471
05/19/2006,CLT,NC,ASO,ES,Combined TRACON& Tower with Radar,743,632,87,10,1472,0,4,29,0,33,743,636,116,10,1505,0,0,0,1505
05/20/2006,CLT,NC,ASO,ES,Combined TRACON& Tower with Radar,657,556,26,6,1245,0,19,17,2,38,657,575,43,8,1283,0,0,0,1283
05/21/2006,CLT,NC,ASO,ES,Combined TRACON& Tower with Radar,679,536,44,8,1267,0,29,13,0,42,679,565,57,8,1309,0,0,0,1309
05/22/2006,CLT,NC,ASO,ES,Combined TRACON& Tower with Radar,700,594,71,6,1371,0,0,10,1,11,700,594,81,7,1382,0,0,0,1382
05/23/2006,CLT,NC,ASO,ES,Combined TRACON& Tower with Radar,722,626,83,11,1442,0,4,18,0,22,722,630,101,11,1464,0,0,0,1464
05/24/2006,CLT,NC,ASO,ES,Combined TRACON& Tower with Radar,702,636,102,7,1447,0,3,40,1,44,702,639,142,8,1491,0,0,0,1491
05/25/2006,CLT,NC,ASO,ES,Combined TRACON& Tower with Radar,708,617,106,7,1438,0,6,31,0,37,708,623,137,7,1475,0,0,0,1475
05/26/2006,CLT,NC,ASO,ES,Combined TRACON& Tower with Radar,718,608,73,0,1399,0,2,32,2,36,718,610,105,2,1435,0,0,0,1435
05/27/2006,CLT,NC,ASO,ES,Combined TRACON& Tower with Radar,682,564,31,0,1277,0,29,24,0,53,682,593,55,0,1330,0,0,0,1330
05/28/2006,CLT,NC,ASO,ES,Combined TRACON& Tower with Radar,659,497,24,2,1182,0,82,11,0,93,659,579,35,2,1275,0,0,0,1275
05/29/2006,CLT,NC,ASO,ES,Combined TRACON& Tower with Radar,659,533,49,0,1241,0,54,29,2,85,659,587,78,2,1326,0,0,0,1326
05/30/2006,CLT,NC,ASO,ES,Combined TRACON& Tower with Radar,707,592,62,1,1362,0,4,26,0,30,707,596,88,1,1392,0,0,0,1392
05/31/2006,CLT,NC,ASO,ES,Combined TRACON& Tower with Radar,722,635,75,5,1437,0,3,26,0,29,722,638,101,5,1466,0,0,0,1466
06/01/2006,CLT,NC,ASO,ES,Combined TRACON& Tower with Radar,724,609,87,3,1423,0,1,20,0,21,724,610,107,3,1444,0,0,0,1444
06/02/2006,CLT,NC,ASO,ES,Combined TRACON& Tower with Radar,706,606,83,1,1396,0,1,19,0,20,706,607,102,1,1416,0,0,0,1416
06/03/2006,CLT,NC,ASO,ES,Combined TRACON& Tower with Radar,700,553,28,1,1282,0,1,12,0,13,700,554,40,1,1295,0,0,0,1295
06/04/2006,CLT,NC,ASO,ES,Combined TRACON& Tower with Radar,675,520,41,0,1236,0,0,16,0,16,675,520,57,0,1252,0,0,0,1252
06/05/2006,CLT,NC,ASO,ES,Combined TRACON& Tower with Radar,718,585,96,4,1403,0,3,24,0,27,718,588,120,4,1430,0,0,0,1430
06/06/2006,CLT,NC,ASO,ES,Combined TRACON& Tower with Radar,729,613,90,5,1437,0,1,30,0,31,729,614,120,5,1468,0,0,0,1468
06/07/2006,CLT,NC,ASO,ES,Combined TRACON& Tower with Radar,716,623,85,10,1434,0,0,21,0,21,716,623,106,10,1455,0,0,0,1455
06/08/2006,CLT,NC,ASO,ES,Combined TRACON& Tower with Radar,741,643,96,6,1486,0,3,27,0,30,741,646,123,6,1516,0,0,0,1516
06/09/2006,CLT,NC,ASO,ES,Combined TRACON& Tower with Radar,723,593,76,6,1398,0,0,26,0,26,723,593,102,6,1424,0,0,0,1424
06/10/2006,CLT,NC,ASO,ES,Combined TRACON& Tower with Radar,651,548,35,4,1238,0,2,27,0,29,651,550,62,4,1267,0,0,0,1267
06/11/2006,CLT,NC,ASO,ES,Combined TRACON& Tower with Radar,662,504,45,0,1211,0,0,13,0,13,662,504,58,0,1224,0,0,0,1224
06/12/2006,CLT,NC,ASO,ES,Combined TRACON& Tower with Radar,688,581,67,6,1342,0,0,16,0,16,688,581,83,6,1358,0,0,0,1358
06/13/2006,CLT,NC,ASO,ES,Combined TRACON& Tower with Radar,745,650,87,7,1489,0,0,14,0,14,745,650,101,7,1503,0,0,0,1503
06/14/2006,CLT,NC,ASO,ES,Combined TRACON& Tower with Radar,728,626,104,8,1466,0,1,9,0,10,728,627,113,8,1476,0,0,0,1476
06/15/2006,CLT,NC,ASO,ES,Combined TRACON& Tower with Radar,726,662,89,7,1484,0,2,35,0,37,726,664,124,7,1521,0,0,0,1521
06/16/2006,CLT,NC,ASO,ES,Combined TRACON& Tower with Radar,722,645,91,0,1458,0,5,33,0,38,722,650,124,0,1496,0,0,0,1496
06/17/2006,CLT,NC,ASO,ES,Combined TRACON& Tower with Radar,653,546,30,0,1229,0,2,31,0,33,653,548,61,0,1262,0,0,0,1262
06/18/2006,CLT,NC,ASO,ES,Combined TRACON& Tower with Radar,684,526,37,0,1247,0,1,24,2,27,684,527,61,2,1274,0,0,0,1274
06/19/2006,CLT,NC,ASO,ES,Combined TRACON& Tower with Radar,695,587,90,6,1378,0,2,18,4,24,695,589,108,10,1402,0,0,0,1402
06/20/2006,CLT,NC,ASO,ES,Combined TRACON& Tower with Radar,740,630,97,12,1479,0,5,28,0,33,740,635,125,12,1512,0,0,0,1512
06/21/2006,CLT,NC,ASO,ES,Combined TRACON& Tower with Radar,730,631,94,12,1467,0,4,26,0,30,730,635,120,12,1497,0,0,0,1497
06/22/2006,CLT,NC,ASO,ES,Combined TRACON& Tower with Radar,736,619,106,7,1468,0,0,26,0,26,736,619,132,7,1494,0,0,0,1494
06/23/2006,CLT,NC,ASO,ES,Combined TRACON& Tower with Radar,637,561,66,4,1268,0,1,25,0,26,637,562,91,4,1294,0,0,0,1294
06/24/2006,CLT,NC,ASO,ES,Combined TRACON& Tower with Radar,681,574,41,5,1301,0,0,17,0,17,681,574,58,5,1318,0,0,0,1318
06/25/2006,CLT,NC,ASO,ES,Combined TRACON& Tower with Radar,665,512,32,5,1214,0,0,3,0,3,665,512,35,5,1217,0,0,0,1217
06/26/2006,CLT,NC,ASO,ES,Combined TRACON& Tower with Radar,689,562,64,3,1318,0,1,6,0,7,689,563,70,3,1325,0,0,0,1325
06/27/2006,CLT,NC,ASO,ES,Combined TRACON& Tower with Radar,717,603,70,6,1396,0,1,5,2,8,717,604,75,8,1404,0,0,0,1404
06/28/2006,CLT,NC,ASO,ES,Combined TRACON& Tower with Radar,750,632,117,6,1505,0,2,33,0,35,750,634,150,6,1540,0,0,0,1540
06/29/2006,CLT,NC,ASO,ES,Combined TRACON& Tower with Radar,736,624,94,6,1460,0,10,30,0,40,736,634,124,6,1500,0,0,0,1500
06/30/2006,CLT,NC,ASO,ES,Combined TRACON& Tower with Radar,725,619,66,1,1411,0,3,20,0,23,725,622,86,1,1434,0,0,0,1434
07/01/2006,CLT,NC,ASO,ES,Combined TRACON& Tower with Radar,668,561,32,5,1266,0,1,16,1,18,668,562,48,6,1284,0,0,0,1284
07/02/2006,CLT,NC,ASO,ES,Combined TRACON& Tower with Radar,682,503,24,1,1210,0,7,12,0,19,682,510,36,1,1229,0,0,0,1229
07/03/2006,CLT,NC,ASO,ES,Combined TRACON& Tower with Radar,712,535,28,1,1276,0,0,22,0,22,712,535,50,1,1298,0,0,0,1298
07/04/2006,CLT,NC,ASO,ES,Combined TRACON& Tower with Radar,680,535,11,0,1226,0,2,18,2,22,680,537,29,2,1248,0,0,0,1248
07/05/2006,CLT,NC,ASO,ES,Combined TRACON& Tower with Radar,694,561,45,1,1301,0,1,20,0,21,694,562,65,1,1322,0,0,0,1322
07/06/2006,CLT,NC,ASO,ES,Combined TRACON& Tower with Radar,742,623,60,3,1428,0,1,9,0,10,742,624,69,3,1438,0,0,0,1438
07/07/2006,CLT,NC,ASO,ES,Combined TRACON& Tower with Radar,753,620,59,6,1438,0,4,22,0,26,753,624,81,6,1464,0,0,0,1464
07/08/2006,CLT,NC,ASO,ES,Combined TRACON& Tower with Radar,655,550,27,4,1236,0,1,24,2,27,655,551,51,6,1263,0,0,0,1263
07/09/2006,CLT,NC,ASO,ES,Combined TRACON& Tower with Radar,692,531,48,1,1272,0,0,15,0,15,692,531,63,1,1287,0,0,0,1287
07/10/2006,CLT,NC,ASO,ES,Combined TRACON& Tower with Radar,717,576,63,4,1360,0,0,29,1,30,717,576,92,5,1390,0,0,0,1390
07/11/2006,CLT,NC,ASO,ES,Combined TRACON& Tower with Radar,713,625,74,8,1420,0,6,29,0,35,713,631,103,8,1455,0,0,0,1455
07/12/2006,CLT,NC,ASO,ES,Combined TRACON& Tower with Radar,736,610,94,10,1450,0,3,23,0,26,736,613,117,10,1476,0,0,0,1476
07/13/2006,CLT,NC,ASO,ES,Combined TRACON& Tower with Radar,714,602,79,6,1401,0,5,23,0,28,714,607,102,6,1429,0,0,0,1429
07/14/2006,CLT,NC,ASO,ES,Combined TRACON& Tower with Radar,776,663,77,0,1516,0,4,29,0,33,776,667,106,0,1549,0,0,0,1549
07/15/2006,CLT,NC,ASO,ES,Combined TRACON& Tower with Radar,657,547,31,3,1238,0,2,17,0,19,657,549,48,3,1257,0,0,0,1257
07/16/2006,CLT,NC,ASO,ES,Combined TRACON& Tower with Radar,710,532,46,1,1289,0,4,24,0,28,710,536,70,1,1317,0,0,0,1317
07/17/2006,CLT,NC,ASO,ES,Combined TRACON& Tower with Radar,739,566,75,5,1385,0,7,25,0,32,739,573,100,5,1417,0,0,0,1417
07/18/2006,CLT,NC,ASO,ES,Combined TRACON& Tower with Radar,725,613,67,13,1418,0,3,25,1,29,725,616,92,14,1447,0,0,0,1447
07/19/2006,CLT,NC,ASO,ES,Combined TRACON& Tower with Radar,731,622,91,4,1448,0,0,16,0,16,731,622,107,4,1464,0,0,0,1464
07/20/2006,CLT,NC,ASO,ES,Combined TRACON& Tower with Radar,710,634,86,4,1434,0,3,30,0,33,710,637,116,4,1467,0,0,0,1467
07/21/2006,CLT,NC,ASO,ES,Combined TRACON& Tower with Radar,737,603,62,3,1405,0,4,21,0,25,737,607,83,3,1430,0,0,0,1430
07/22/2006,CLT,NC,ASO,ES,Combined TRACON& Tower with Radar,636,539,14,1,1190,0,1,22,0,23,636,540,36,1,1213,0,0,0,1213
07/23/2006,CLT,NC,ASO,ES,Combined TRACON& Tower with Radar,694,536,44,1,1275,0,0,4,0,4,694,536,48,1,1279,0,0,0,1279
07/24/2006,CLT,NC,ASO,ES,Combined TRACON& Tower with Radar,734,590,67,2,1393,0,2,20,1,23,734,592,87,3,1416,0,0,0,1416
07/25/2006,CLT,NC,ASO,ES,Combined TRACON& Tower with Radar,730,626,84,7,1447,0,3,16,1,20,730,629,100,8,1467,0,0,0,1467
07/26/2006,CLT,NC,ASO,ES,Combined TRACON& Tower with Radar,752,629,100,9,1490,0,1,23,1,25,752,630,123,10,1515,0,0,0,1515
07/27/2006,CLT,NC,ASO,ES,Combined TRACON& Tower with Radar,716,585,91,6,1398,0,6,22,0,28,716,591,113,6,1426,0,0,0,1426
07/28/2006,CLT,NC,ASO,ES,Combined TRACON& Tower with Radar,728,596,69,5,1398,0,1,34,1,36,728,597,103,6,1434,0,0,0,1434
07/29/2006,CLT,NC,ASO,ES,Combined TRACON& Tower with Radar,678,559,24,0,1261,0,0,12,0,12,678,559,36,0,1273,0,0,0,1273
07/30/2006,CLT,NC,ASO,ES,Combined TRACON& Tower with Radar,678,559,24,0,1261,0,0,12,0,12,678,559,36,0,1273,0,0,0,1273
07/31/2006,CLT,NC,ASO,ES,Combined TRACON& Tower with Radar,726,587,67,10,1390,0,4,35,0,39,726,591,102,10,1429,0,0,0,1429
08/01/2006,CLT,NC,ASO,ES,Combined TRACON& Tower with Radar,733,608,100,6,1447,0,3,24,0,27,733,611,124,6,1474,0,0,0,1474
08/02/2006,CLT,NC,ASO,ES,Combined TRACON& Tower with Radar,724,623,64,6,1417,0,2,11,0,13,724,625,75,6,1430,0,0,0,1430
08/03/2006,CLT,NC,ASO,ES,Combined TRACON& Tower with Radar,728,601,97,4,1430,0,6,23,0,29,728,607,120,4,1459,0,0,0,1459
08/04/2006,CLT,NC,ASO,ES,Combined TRACON& Tower with Radar,749,621,64,5,1439,0,9,25,0,34,749,630,89,5,1473,0,0,0,1473
08/05/2006,CLT,NC,ASO,ES,Combined TRACON& Tower with Radar,657,550,32,6,1245,0,3,12,0,15,657,553,44,6,1260,0,0,0,1260
08/06/2006,CLT,NC,ASO,ES,Combined TRACON& Tower with Radar,718,526,44,5,1293,0,0,8,0,8,718,526,52,5,1301,0,0,0,1301
08/07/2006,CLT,NC,ASO,ES,Combined TRACON& Tower with Radar,695,572,66,1,1334,0,1,19,0,20,695,573,85,1,1354,0,0,0,1354
08/08/2006,CLT,NC,ASO,ES,Combined TRACON& Tower with Radar,753,637,60,4,1454,0,3,27,0,30,753,640,87,4,1484,0,0,0,1484
08/09/2006,CLT,NC,ASO,ES,Combined TRACON& Tower with Radar,734,632,102,8,1476,0,2,23,0,25,734,634,125,8,1501,0,0,0,1501
08/10/2006,CLT,NC,ASO,ES,Combined TRACON& Tower with Radar,656,579,84,13,1332,0,2,20,0,22,656,581,104,13,1354,0,0,0,1354
08/11/2006,CLT,NC,ASO,ES,Combined TRACON& Tower with Radar,803,660,59,5,1527,0,1,14,0,15,803,661,73,5,1542,0,0,0,1542
08/12/2006,CLT,NC,ASO,ES,Combined TRACON& Tower with Radar,663,568,35,0,1266,0,2,8,0,10,663,570,43,0,1276,0,0,0,1276
08/13/2006,CLT,NC,ASO,ES,Combined TRACON& Tower with Radar,706,533,55,1,1295,0,1,9,0,10,706,534,64,1,1305,0,0,0,1305
08/14/2006,CLT,NC,ASO,ES,Combined TRACON& Tower with Radar,723,579,66,4,1372,0,1,26,1,28,723,580,92,5,1400,0,0,0,1400
08/15/2006,CLT,NC,ASO,ES,Combined TRACON& Tower with Radar,725,610,85,12,1432,0,2,30,0,32,725,612,115,12,1464,0,0,0,1464
08/16/2006,CLT,NC,ASO,ES,Combined TRACON& Tower with Radar,752,648,114,6,1520,0,3,7,0,10,752,651,121,6,1530,0,0,0,1530
08/17/2006,CLT,NC,ASO,ES,Combined TRACON& Tower with Radar,746,625,92,8,1471,0,8,14,0,22,746,633,106,8,1493,0,0,0,1493
08/18/2006,CLT,NC,ASO,ES,Combined TRACON& Tower with Radar,733,617,71,4,1425,0,4,20,0,24,733,621,91,4,1449,0,0,0,1449
08/19/2006,CLT,NC,ASO,ES,Combined TRACON& Tower with Radar,665,558,42,0,1265,0,3,15,0,18,665,561,57,0,1283,0,0,0,1283
08/20/2006,CLT,NC,ASO,ES,Combined TRACON& Tower with Radar,691,534,34,2,1261,0,5,18,1,24,691,539,52,3,1285,0,0,0,1285
08/21/2006,CLT,NC,ASO,ES,Combined TRACON& Tower with Radar,716,589,95,9,1409,0,1,14,0,15,716,590,109,9,1424,0,0,0,1424
08/22/2006,CLT,NC,ASO,ES,Combined TRACON& Tower with Radar,698,606,88,5,1397,0,1,19,1,21,698,607,107,6,1418,0,0,0,1418
08/23/2006,CLT,NC,ASO,ES,Combined TRACON& Tower with Radar,745,585,133,14,1477,0,0,12,0,12,745,585,145,14,1489,0,0,0,1489
08/24/2006,CLT,NC,ASO,ES,Combined TRACON& Tower with Radar,715,606,118,16,1455,0,4,26,0,30,715,610,144,16,1485,0,0,0,1485
08/25/2006,CLT,NC,ASO,ES,Combined TRACON& Tower with Radar,737,631,99,3,1470,0,1,30,1,32,737,632,129,4,1502,0,0,0,1502
08/26/2006,CLT,NC,ASO,ES,Combined TRACON& Tower with Radar,680,542,38,1,1261,0,0,18,0,18,680,542,56,1,1279,0,0,0,1279
08/27/2006,CLT,NC,ASO,ES,Combined TRACON& Tower with Radar,686,530,52,1,1269,0,1,18,0,19,686,531,70,1,1288,0,0,0,1288
08/28/2006,CLT,NC,ASO,ES,Combined TRACON& Tower with Radar,711,581,64,10,1366,0,4,23,0,27,711,585,87,10,1393,0,0,0,1393
08/29/2006,CLT,NC,ASO,ES,Combined TRACON& Tower with Radar,692,607,91,12,1402,0,0,27,0,27,692,607,118,12,1429,0,0,0,1429
08/30/2006,CLT,NC,ASO,ES,Combined TRACON& Tower with Radar,655,538,63,5,1261,0,3,14,0,17,655,541,77,5,1278,0,0,0,1278
08/31/2006,CLT,NC,ASO,ES,Combined TRACON& Tower with Radar,723,619,92,3,1437,0,0,2,0,2,723,619,94,3,1439,0,0,0,1439
09/01/2006,CLT,NC,ASO,ES,Combined TRACON& Tower with Radar,730,604,66,4,1404,0,5,14,0,19,730,609,80,4,1423,0,0,0,1423
09/02/2006,CLT,NC,ASO,ES,Combined TRACON& Tower with Radar,665,542,34,3,1244,0,5,12,1,18,665,547,46,4,1262,0,0,0,1262
09/03/2006,CLT,NC,ASO,ES,Combined TRACON& Tower with Radar,644,477,15,1,1137,0,0,10,3,13,644,477,25,4,1150,0,0,0,1150
09/04/2006,CLT,NC,ASO,ES,Combined TRACON& Tower with Radar,671,516,49,0,1236,0,0,16,0,16,671,516,65,0,1252,0,0,0,1252
09/05/2006,CLT,NC,ASO,ES,Combined TRACON& Tower with Radar,719,583,80,7,1389,0,0,11,0,11,719,583,91,7,1400,0,0,0,1400
09/06/2006,CLT,NC,ASO,ES,Combined TRACON& Tower with Radar,720,603,97,10,1430,0,1,18,0,19,720,604,115,10,1449,0,0,0,1449
09/07/2006,CLT,NC,ASO,ES,Combined TRACON& Tower with Radar,754,641,89,14,1498,0,0,21,0,21,754,641,110,14,1519,0,0,0,1519
09/08/2006,CLT,NC,ASO,ES,Combined TRACON& Tower with Radar,757,610,79,4,1450,0,1,30,2,33,757,611,109,6,1483,0,0,0,1483
09/09/2006,CLT,NC,ASO,ES,Combined TRACON& Tower with Radar,710,546,31,3,1290,0,2,25,0,27,710,548,56,3,1317,0,0,0,1317
09/10/2006,CLT,NC,ASO,ES,Combined TRACON& Tower with Radar,692,528,86,3,1309,0,2,26,0,28,692,530,112,3,1337,0,0,0,1337
09/11/2006,CLT,NC,ASO,ES,Combined TRACON& Tower with Radar,739,593,90,4,1426,0,1,19,0,20,739,594,109,4,1446,0,0,0,1446
09/12/2006,CLT,NC,ASO,ES,Combined TRACON& Tower with Radar,750,642,85,8,1485,0,0,16,0,16,750,642,101,8,1501,0,0,0,1501
09/13/2006,CLT,NC,ASO,ES,Combined TRACON& Tower with Radar,708,639,88,4,1439,0,0,0,0,0,708,639,88,4,1439,0,0,0,1439
09/14/2006,CLT,NC,ASO,ES,Combined TRACON& Tower with Radar,764,647,108,8,1527,0,0,9,0,9,764,647,117,8,1536,0,0,0,1536
09/15/2006,CLT,NC,ASO,ES,Combined TRACON& Tower with Radar,747,625,100,0,1472,0,2,19,0,21,747,627,119,0,1493,0,0,0,1493
09/16/2006,CLT,NC,ASO,ES,Combined TRACON& Tower with Radar,706,533,46,2,1287,0,3,36,0,39,706,536,82,2,1326,0,0,0,1326
09/17/2006,CLT,NC,ASO,ES,Combined TRACON& Tower with Radar,698,519,51,0,1268,0,2,15,0,17,698,521,66,0,1285,0,0,0,1285
09/18/2006,CLT,NC,ASO,ES,Combined TRACON& Tower with Radar,734,610,72,6,1422,0,1,26,0,27,734,611,98,6,1449,0,0,0,1449
09/19/2006,CLT,NC,ASO,ES,Combined TRACON& Tower with Radar,739,610,72,2,1423,0,2,15,0,17,739,612,87,2,1440,0,0,0,1440
09/20/2006,CLT,NC,ASO,ES,Combined TRACON& Tower with Radar,753,649,105,9,1516,0,4,27,3,34,753,653,132,12,1550,0,0,0,1550
09/21/2006,CLT,NC,ASO,ES,Combined TRACON& Tower with Radar,760,638,118,7,1523,0,5,36,4,45,760,643,154,11,1568,0,0,0,1568
09/22/2006,CLT,NC,ASO,ES,Combined TRACON& Tower with Radar,751,602,60,1,1414,0,1,16,0,17,751,603,76,1,1431,0,0,0,1431
09/23/2006,CLT,NC,ASO,ES,Combined TRACON& Tower with Radar,681,536,36,5,1258,0,2,9,0,11,681,538,45,5,1269,0,0,0,1269
09/24/2006,CLT,NC,ASO,ES,Combined TRACON& Tower with Radar,705,522,48,2,1277,0,0,4,0,4,705,522,52,2,1281,0,0,0,1281
09/25/2006,CLT,NC,ASO,ES,Combined TRACON& Tower with Radar,741,594,61,5,1401,0,2,21,0,23,741,596,82,5,1424,0,0,0,1424
09/26/2006,CLT,NC,ASO,ES,Combined TRACON& Tower with Radar,741,629,88,12,1470,0,4,56,0,60,741,633,144,12,1530,0,0,0,1530
09/27/2006,CLT,NC,ASO,ES,Combined TRACON& Tower with Radar,744,626,117,4,1491,0,4,27,2,33,744,630,144,6,1524,0,0,0,1524
09/28/2006,CLT,NC,ASO,ES,Combined TRACON& Tower with Radar,723,626,101,10,1460,0,2,14,0,16,723,628,115,10,1476,0,0,0,1476
09/29/2006,CLT,NC,ASO,ES,Combined TRACON& Tower with Radar,775,625,88,2,1490,0,3,36,0,39,775,628,124,2,1529,0,0,0,1529
09/30/2006,CLT,NC,ASO,ES,Combined TRACON& Tower with Radar,703,541,43,2,1289,0,1,26,0,27,703,542,69,2,1316,0,0,0,1316
10/01/2006,CLT,NC,ASO,ES,Combined TRACON& Tower with Radar,711,532,90,1,1334,0,3,23,0,26,711,535,113,1,1360,0,0,0,1360
10/02/2006,CLT,NC,ASO,ES,Combined TRACON& Tower with Radar,733,585,72,3,1393,0,7,28,0,35,733,592,100,3,1428,0,0,0,1428
10/03/2006,CLT,NC,ASO,ES,Combined TRACON& Tower with Radar,742,610,80,13,1445,0,0,27,1,28,742,610,107,14,1473,0,0,0,1473
10/04/2006,CLT,NC,ASO,ES,Combined TRACON& Tower with Radar,730,625,84,6,1445,0,2,37,3,42,730,627,121,9,1487,0,0,0,1487
10/05/2006,CLT,NC,ASO,ES,Combined TRACON& Tower with Radar,769,616,126,12,1523,0,2,33,0,35,769,618,159,12,1558,0,0,0,1558
10/06/2006,CLT,NC,ASO,ES,Combined TRACON& Tower with Radar,743,614,91,1,1449,0,2,33,0,35,743,616,124,1,1484,0,0,0,1484
10/07/2006,CLT,NC,ASO,ES,Combined TRACON& Tower with Radar,711,533,39,1,1284,0,0,10,0,10,711,533,49,1,1294,0,0,0,1294
10/08/2006,CLT,NC,ASO,ES,Combined TRACON& Tower with Radar,709,531,76,2,1318,0,0,2,0,2,709,531,78,2,1320,0,0,0,1320
10/09/2006,CLT,NC,ASO,ES,Combined TRACON& Tower with Radar,757,569,64,2,1392,0,0,21,0,21,757,569,85,2,1413,0,0,0,1413
10/10/2006,CLT,NC,ASO,ES,Combined TRACON& Tower with Radar,747,584,99,5,1435,0,2,24,2,28,747,586,123,7,1463,0,0,0,1463
10/11/2006,CLT,NC,ASO,ES,Combined TRACON& Tower with Radar,741,644,113,10,1508,0,1,25,0,26,741,645,138,10,1534,0,0,0,1534
10/12/2006,CLT,NC,ASO,ES,Combined TRACON& Tower with Radar,755,645,119,14,1533,0,4,30,0,34,755,649,149,14,1567,0,0,0,1567
10/13/2006,CLT,NC,ASO,ES,Combined TRACON& Tower with Radar,759,622,82,4,1467,0,19,27,0,46,759,641,109,4,1513,0,0,0,1513
10/14/2006,CLT,NC,ASO,ES,Combined TRACON& Tower with Radar,705,554,39,0,1298,0,58,24,0,82,705,612,63,0,1380,0,0,0,1380
10/15/2006,CLT,NC,ASO,ES,Combined TRACON& Tower with Radar,703,528,69,4,1304,0,39,22,0,61,703,567,91,4,1365,0,0,0,1365
10/16/2006,CLT,NC,ASO,ES,Combined TRACON& Tower with Radar,738,592,88,8,1426,0,3,19,0,22,738,595,107,8,1448,0,0,0,1448
10/17/2006,CLT,NC,ASO,ES,Combined TRACON& Tower with Radar,727,597,102,4,1430,0,0,7,0,7,727,597,109,4,1437,0,0,0,1437
10/18/2006,CLT,NC,ASO,ES,Combined TRACON& Tower with Radar,756,644,107,5,1512,1,1,12,0,14,757,645,119,5,1526,0,0,0,1526
10/19/2006,CLT,NC,ASO,ES,Combined TRACON& Tower with Radar,732,558,95,3,1388,0,0,1,0,1,732,558,96,3,1389,0,0,0,1389
10/20/2006,CLT,NC,ASO,ES,Combined TRACON& Tower with Radar,774,618,59,6,1457,0,3,16,1,20,774,621,75,7,1477,0,0,0,1477
10/21/2006,CLT,NC,ASO,ES,Combined TRACON& Tower with Radar,709,542,29,6,1286,0,2,33,1,36,709,544,62,7,1322,0,0,0,1322
10/22/2006,CLT,NC,ASO,ES,Combined TRACON& Tower with Radar,696,505,59,5,1265,0,1,2,0,3,696,506,61,5,1268,0,0,0,1268
10/23/2006,CLT,NC,ASO,ES,Combined TRACON& Tower with Radar,755,593,64,0,1412,0,0,18,0,18,755,593,82,0,1430,0,0,0,1430
10/24/2006,CLT,NC,ASO,ES,Combined TRACON& Tower with Radar,767,617,112,5,1501,0,2,31,0,33,767,619,143,5,1534,0,0,0,1534
10/25/2006,CLT,NC,ASO,ES,Combined TRACON& Tower with Radar,758,624,123,10,1515,0,1,20,0,21,758,625,143,10,1536,0,0,0,1536
10/26/2006,CLT,NC,ASO,ES,Combined TRACON& Tower with Radar,761,609,92,11,1473,0,0,20,0,20,761,609,112,11,1493,0,0,0,1493
10/27/2006,CLT,NC,ASO,ES,Combined TRACON& Tower with Radar,739,620,85,0,1444,0,1,6,0,7,739,621,91,0,1451,0,0,0,1451
10/28/2006,CLT,NC,ASO,ES,Combined TRACON& Tower with Radar,712,540,22,0,1274,0,0,11,0,11,712,540,33,0,1285,0,0,0,1285
10/29/2006,CLT,NC,ASO,ES,Combined TRACON& Tower with Radar,713,541,62,2,1318,0,1,25,1,27,713,542,87,3,1345,0,0,0,1345
10/30/2006,CLT,NC,ASO,ES,Combined TRACON& Tower with Radar,762,596,78,9,1445,0,2,30,0,32,762,598,108,9,1477,0,0,0,1477
10/31/2006,CLT,NC,ASO,ES,Combined TRACON& Tower with Radar,774,604,72,6,1456,0,1,19,0,20,774,605,91,6,1476,0,0,0,1476
11/01/2006,CLT,NC,ASO,ES,Combined TRACON& Tower with Radar,773,621,81,8,1483,1,2,16,0,19,774,623,97,8,1502,0,0,0,1502
11/02/2006,CLT,NC,ASO,ES,Combined TRACON& Tower with Radar,770,625,102,16,1513,0,4,26,0,30,770,629,128,16,1543,0,0,0,1543
11/03/2006,CLT,NC,ASO,ES,Combined TRACON& Tower with Radar,777,620,85,11,1493,0,4,22,0,26,777,624,107,11,1519,0,0,0,1519
11/04/2006,CLT,NC,ASO,ES,Combined TRACON& Tower with Radar,711,558,37,0,1306,0,1,21,4,26,711,559,58,4,1332,0,0,0,1332
11/05/2006,CLT,NC,ASO,ES,Combined TRACON& Tower with Radar,716,531,55,0,1302,0,0,25,2,27,716,531,80,2,1329,0,0,0,1329
11/06/2006,CLT,NC,ASO,ES,Combined TRACON& Tower with Radar,763,592,90,10,1455,0,1,16,0,17,763,593,106,10,1472,0,0,0,1472
11/07/2006,CLT,NC,ASO,ES,Combined TRACON& Tower with Radar,763,605,80,0,1448,0,2,8,0,10,763,607,88,0,1458,0,0,0,1458
11/08/2006,CLT,NC,ASO,ES,Combined TRACON& Tower with Radar,779,631,98,12,1520,0,0,11,0,11,779,631,109,12,1531,0,0,0,1531
11/09/2006,CLT,NC,ASO,ES,Combined TRACON& Tower with Radar,774,627,111,8,1520,0,4,29,0,33,774,631,140,8,1553,0,0,0,1553
11/10/2006,CLT,NC,ASO,ES,Combined TRACON& Tower with Radar,783,627,105,3,1518,0,5,45,3,53,783,632,150,6,1571,0,0,0,1571
11/11/2006,CLT,NC,ASO,ES,Combined TRACON& Tower with Radar,676,553,41,0,1270,0,4,25,0,29,676,557,66,0,1299,0,0,0,1299
11/12/2006,CLT,NC,ASO,ES,Combined TRACON& Tower with Radar,702,529,69,0,1300,0,3,22,0,25,702,532,91,0,1325,0,0,0,1325
11/13/2006,CLT,NC,ASO,ES,Combined TRACON& Tower with Radar,751,604,121,13,1489,0,3,36,3,42,751,607,157,16,1531,0,0,0,1531
11/14/2006,CLT,NC,ASO,ES,Combined TRACON& Tower with Radar,781,641,132,4,1558,0,4,32,0,36,781,645,164,4,1594,0,0,0,1594
11/15/2006,CLT,NC,ASO,ES,Combined TRACON& Tower with Radar,739,605,103,12,1459,0,4,28,0,32,739,609,131,12,1491,0,0,0,1491
11/16/2006,CLT,NC,ASO,ES,Combined TRACON& Tower with Radar,759,630,93,14,1496,0,2,12,0,14,759,632,105,14,1510,0,0,0,1510
11/17/2006,CLT,NC,ASO,ES,Combined TRACON& Tower with Radar,785,638,89,3,1515,0,5,29,0,34,785,643,118,3,1549,0,0,0,1549
11/18/2006,CLT,NC,ASO,ES,Combined TRACON& Tower with Radar,708,571,37,0,1316,0,8,16,0,24,708,579,53,0,1340,0,0,0,1340
11/19/2006,CLT,NC,ASO,ES,Combined TRACON& Tower with Radar,718,540,89,1,1348,0,7,11,0,18,718,547,100,1,1366,0,0,0,1366
11/20/2006,CLT,NC,ASO,ES,Combined TRACON& Tower with Radar,766,594,79,13,1452,0,10,36,0,46,766,604,115,13,1498,0,0,0,1498
11/21/2006,CLT,NC,ASO,ES,Combined TRACON& Tower with Radar,745,593,93,9,1440,0,0,4,3,7,745,593,97,12,1447,0,0,0,1447
11/22/2006,CLT,NC,ASO,ES,Combined TRACON& Tower with Radar,792,626,62,0,1480,0,2,7,0,9,792,628,69,0,1489,0,0,0,1489
11/23/2006,CLT,NC,ASO,ES,Combined TRACON& Tower with Radar,696,497,14,0,1207,0,3,4,0,7,696,500,18,0,1214,0,0,0,1214
11/24/2006,CLT,NC,ASO,ES,Combined TRACON& Tower with Radar,672,441,38,0,1151,0,8,17,0,25,672,449,55,0,1176,0,0,0,1176
11/25/2006,CLT,NC,ASO,ES,Combined TRACON& Tower with Radar,684,575,17,0,1276,0,6,18,0,24,684,581,35,0,1300,0,0,0,1300
11/26/2006,CLT,NC,ASO,ES,Combined TRACON& Tower with Radar,716,587,52,0,1355,0,5,13,0,18,716,592,65,0,1373,0,0,0,1373
11/27/2006,CLT,NC,ASO,ES,Combined TRACON& Tower with Radar,778,585,73,11,1447,0,5,20,0,25,778,590,93,11,1472,0,0,0,1472
11/28/2006,CLT,NC,ASO,ES,Combined TRACON& Tower with Radar,772,593,90,12,1467,0,4,24,0,28,772,597,114,12,1495,0,0,0,1495
11/29/2006,CLT,NC,ASO,ES,Combined TRACON& Tower with Radar,768,602,100,8,1478,0,7,21,0,28,768,609,121,8,1506,0,0,0,1506
11/30/2006,CLT,NC,ASO,ES,Combined TRACON& Tower with Radar,754,605,75,10,1444,0,5,19,0,24,754,610,94,10,1468,0,0,0,1468
12/01/2006,CLT,NC,ASO,ES,Combined TRACON& Tower with Radar,729,583,61,8,1381,0,5,13,0,18,729,588,74,8,1399,0,0,0,1399
12/02/2006,CLT,NC,ASO,ES,Combined TRACON& Tower with Radar,688,559,39,1,1287,0,9,21,0,30,688,568,60,1,1317,0,0,0,1317
12/03/2006,CLT,NC,ASO,ES,Combined TRACON& Tower with Radar,703,531,49,6,1289,0,6,14,5,25,703,537,63,11,1314,0,0,0,1314
12/04/2006,CLT,NC,ASO,ES,Combined TRACON& Tower with Radar,767,579,101,6,1453,0,13,21,0,34,767,592,122,6,1487,0,0,0,1487
12/05/2006,CLT,NC,ASO,ES,Combined TRACON& Tower with Radar,774,617,108,15,1514,0,4,23,0,27,774,621,131,15,1541,0,0,0,1541
12/06/2006,CLT,NC,ASO,ES,Combined TRACON& Tower with Radar,755,602,96,17,1470,0,3,38,0,41,755,605,134,17,1511,0,0,0,1511
12/07/2006,CLT,NC,ASO,ES,Combined TRACON& Tower with Radar,759,621,105,10,1495,0,5,18,0,23,759,626,123,10,1518,0,0,0,1518
12/08/2006,CLT,NC,ASO,ES,Combined TRACON& Tower with Radar,771,624,96,1,1492,0,6,22,0,28,771,630,118,1,1520,0,0,0,1520
12/09/2006,CLT,NC,ASO,ES,Combined TRACON& Tower with Radar,693,540,38,1,1272,0,1,18,0,19,693,541,56,1,1291,0,0,0,1291
12/10/2006,CLT,NC,ASO,ES,Combined TRACON& Tower with Radar,699,568,67,3,1337,0,3,15,1,19,699,571,82,4,1356,0,0,0,1356
12/11/2006,CLT,NC,ASO,ES,Combined TRACON& Tower with Radar,753,575,82,7,1417,0,4,18,0,22,753,579,100,7,1439,0,0,0,1439
12/12/2006,CLT,NC,ASO,ES,Combined TRACON& Tower with Radar,765,612,124,11,1512,0,3,18,0,21,765,615,142,11,1533,0,0,0,1533
12/13/2006,CLT,NC,ASO,ES,Combined TRACON& Tower with Radar,779,609,107,8,1503,0,2,13,0,15,779,611,120,8,1518,0,0,0,1518
12/14/2006,CLT,NC,ASO,ES,Combined TRACON& Tower with Radar,677,463,86,12,1238,0,3,16,0,19,677,466,102,12,1257,0,0,0,1257
12/15/2006,CLT,NC,ASO,ES,Combined TRACON& Tower with Radar,716,530,68,2,1316,0,5,22,0,27,716,535,90,2,1343,0,0,0,1343
12/16/2006,CLT,NC,ASO,ES,Combined TRACON& Tower with Radar,691,578,51,0,1320,0,6,22,0,28,691,584,73,0,1348,0,0,0,1348
12/17/2006,CLT,NC,ASO,ES,Combined TRACON& Tower with Radar,726,554,73,1,1354,0,3,22,0,25,726,557,95,1,1379,0,0,0,1379
12/18/2006,CLT,NC,ASO,ES,Combined TRACON& Tower with Radar,764,616,76,13,1469,0,2,15,2,19,764,618,91,15,1488,0,0,0,1488
12/19/2006,CLT,NC,ASO,ES,Combined TRACON& Tower with Radar,759,652,108,9,1528,0,2,27,2,31,759,654,135,11,1559,0,0,0,1559
12/20/2006,CLT,NC,ASO,ES,Combined TRACON& Tower with Radar,762,646,86,7,1501,0,7,18,2,27,762,653,104,9,1528,0,0,0,1528
12/21/2006,CLT,NC,ASO,ES,Combined TRACON& Tower with Radar,751,637,63,0,1451,0,4,13,0,17,751,641,76,0,1468,0,0,0,1468
12/22/2006,CLT,NC,ASO,ES,Combined TRACON& Tower with Radar,738,608,47,0,1393,0,0,1,0,1,738,608,48,0,1394,0,0,0,1394
12/23/2006,CLT,NC,ASO,ES,Combined TRACON& Tower with Radar,736,602,42,0,1380,0,6,8,0,14,736,608,50,0,1394,0,0,0,1394
12/24/2006,CLT,NC,ASO,ES,Combined TRACON& Tower with Radar,669,475,19,0,1163,0,7,4,0,11,669,482,23,0,1174,0,0,0,1174
12/25/2006,CLT,NC,ASO,ES,Combined TRACON& Tower with Radar,668,465,1,0,1134,0,0,0,0,0,668,465,1,0,1134,0,0,0,1134
12/26/2006,CLT,NC,ASO,ES,Combined TRACON& Tower with Radar,746,600,38,0,1384,0,2,11,2,15,746,602,49,2,1399,0,0,0,1399
12/27/2006,CLT,NC,ASO,ES,Combined TRACON& Tower with Radar,776,636,52,6,1470,0,7,26,0,33,776,643,78,6,1503,0,0,0,1503
12/28/2006,CLT,NC,ASO,ES,Combined TRACON& Tower with Radar,775,625,37,7,1444,0,4,20,1,25,775,629,57,8,1469,0,0,0,1469
12/29/2006,CLT,NC,ASO,ES,Combined TRACON& Tower with Radar,747,625,49,3,1424,0,6,19,0,25,747,631,68,3,1449,0,0,0,1449
12/30/2006,CLT,NC,ASO,ES,Combined TRACON& Tower with Radar,678,546,54,0,1278,0,6,8,1,15,678,552,62,1,1293,0,0,0,1293
12/31/2006,CLT,NC,ASO,ES,Combined TRACON& Tower with Radar,662,434,29,1,1126,0,0,0,0,0,662,434,29,1,1126,0,0,0,1126
01/01/2007,CLT,NC,ASO,ES,Combined TRACON& Tower with Radar,744,542,26,0,1312,0,0,9,0,9,744,542,35,0,1321,0,0,0,1321
01/02/2007,CLT,NC,ASO,ES,Combined TRACON& Tower with Radar,768,601,61,0,1430,0,8,17,1,26,768,609,78,1,1456,0,0,0,1456
01/03/2007,CLT,NC,ASO,ES,Combined TRACON& Tower with Radar,766,625,66,0,1457,0,3,22,0,25,766,628,88,0,1482,0,0,0,1482
01/04/2007,CLT,NC,ASO,ES,Combined TRACON& Tower with Radar,749,612,56,9,1426,0,3,8,0,11,749,615,64,9,1437,0,0,0,1437
01/05/2007,CLT,NC,ASO,ES,Combined TRACON& Tower with Radar,741,610,59,0,1410,0,3,3,0,6,741,613,62,0,1416,0,0,0,1416
01/06/2007,CLT,NC,ASO,ES,Combined TRACON& Tower with Radar,676,550,26,1,1253,0,4,16,1,21,676,554,42,2,1274,0,0,0,1274
01/07/2007,CLT,NC,ASO,ES,Combined TRACON& Tower with Radar,655,498,30,0,1183,0,1,5,0,6,655,499,35,0,1189,0,0,0,1189
01/08/2007,CLT,NC,ASO,ES,Combined TRACON& Tower with Radar,787,607,63,1,1458,0,4,16,0,20,787,611,79,1,1478,0,0,0,1478
01/09/2007,CLT,NC,ASO,ES,Combined TRACON& Tower with Radar,767,619,88,8,1482,0,2,21,0,23,767,621,109,8,1505,0,0,0,1505
01/10/2007,CLT,NC,ASO,ES,Combined TRACON& Tower with Radar,771,606,82,12,1471,0,5,26,0,31,771,611,108,12,1502,0,0,0,1502
01/11/2007,CLT,NC,ASO,ES,Combined TRACON& Tower with Radar,754,631,101,7,1493,0,3,23,0,26,754,634,124,7,1519,0,0,0,1519
01/12/2007,CLT,NC,ASO,ES,Combined TRACON& Tower with Radar,758,613,74,0,1445,0,10,24,0,34,758,623,98,0,1479,0,0,0,1479
01/13/2007,CLT,NC,ASO,ES,Combined TRACON& Tower with Radar,674,556,32,2,1264,0,10,14,2,26,674,566,46,4,1290,0,0,0,1290
01/14/2007,CLT,NC,ASO,ES,Combined TRACON& Tower with Radar,678,514,38,1,1231,0,1,8,0,9,678,515,46,1,1240,0,0,0,1240
01/15/2007,CLT,NC,ASO,ES,Combined TRACON& Tower with Radar,728,563,56,2,1349,0,10,12,0,22,728,573,68,2,1371,0,0,0,1371
01/16/2007,CLT,NC,ASO,ES,Combined TRACON& Tower with Radar,771,576,73,16,1436,0,2,9,0,11,771,578,82,16,1447,0,0,0,1447
01/17/2007,CLT,NC,ASO,ES,Combined TRACON& Tower with Radar,759,637,111,12,1519,0,7,18,0,25,759,644,129,12,1544,0,0,0,1544
01/18/2007,CLT,NC,ASO,ES,Combined TRACON& Tower with Radar,644,472,65,0,1181,0,2,1,0,3,644,474,66,0,1184,0,0,0,1184
01/19/2007,CLT,NC,ASO,ES,Combined TRACON& Tower with Radar,794,631,86,0,1511,1,2,16,0,19,795,633,102,0,1530,0,0,0,1530
01/20/2007,CLT,NC,ASO,ES,Combined TRACON& Tower with Radar,678,560,26,3,1267,0,6,22,1,29,678,566,48,4,1296,0,0,0,1296
01/21/2007,CLT,NC,ASO,ES,Combined TRACON& Tower with Radar,659,505,26,2,1192,0,1,6,0,7,659,506,32,2,1199,0,0,0,1199
01/22/2007,CLT,NC,ASO,ES,Combined TRACON& Tower with Radar,747,583,58,8,1396,0,0,0,0,0,747,583,58,8,1396,0,0,0,1396
01/23/2007,CLT,NC,ASO,ES,Combined TRACON& Tower with Radar,772,613,87,7,1479,0,1,15,0,16,772,614,102,7,1495,0,0,0,1495
01/24/2007,CLT,NC,ASO,ES,Combined TRACON& Tower with Radar,754,611,90,7,1462,0,7,26,1,34,754,618,116,8,1496,0,0,0,1496
01/25/2007,CLT,NC,ASO,ES,Combined TRACON& Tower with Radar,748,607,81,16,1452,0,7,18,1,26,748,614,99,17,1478,0,0,0,1478
01/26/2007,CLT,NC,ASO,ES,Combined TRACON& Tower with Radar,740,593,87,3,1423,0,3,23,0,26,740,596,110,3,1449,0,0,0,1449
01/27/2007,CLT,NC,ASO,ES,Combined TRACON& Tower with Radar,675,557,33,3,1268,0,7,15,0,22,675,564,48,3,1290,0,0,0,1290
01/28/2007,CLT,NC,ASO,ES,Combined TRACON& Tower with Radar,676,531,44,1,1252,0,3,5,0,8,676,534,49,1,1260,0,0,0,1260
01/29/2007,CLT,NC,ASO,ES,Combined TRACON& Tower with Radar,757,588,77,12,1434,0,0,20,0,20,757,588,97,12,1454,0,0,0,1454
01/30/2007,CLT,NC,ASO,ES,Combined TRACON& Tower with Radar,761,600,95,15,1471,0,6,18,0,24,761,606,113,15,1495,0,0,0,1495
01/31/2007,CLT,NC,ASO,ES,Combined TRACON& Tower with Radar,753,645,91,12,1501,0,6,27,0,33,753,651,118,12,1534,0,0,0,1534
02/01/2007,CLT,NC,ASO,ES,Combined TRACON& Tower with Radar,644,439,60,0,1143,0,1,0,0,1,644,440,60,0,1144,0,0,0,1144
02/02/2007,CLT,NC,ASO,ES,Combined TRACON& Tower with Radar,774,621,71,9,1475,0,0,1,0,1,774,621,72,9,1476,0,0,0,1476
02/03/2007,CLT,NC,ASO,ES,Combined TRACON& Tower with Radar,679,566,33,0,1278,0,6,18,0,24,679,572,51,0,1302,0,0,0,1302
02/04/2007,CLT,NC,ASO,ES,Combined TRACON& Tower with Radar,678,525,22,0,1225,0,11,16,0,27,678,536,38,0,1252,0,0,0,1252
02/05/2007,CLT,NC,ASO,ES,Combined TRACON& Tower with Radar,735,582,74,6,1397,0,7,23,2,32,735,589,97,8,1429,0,0,0,1429
02/06/2007,CLT,NC,ASO,ES,Combined TRACON& Tower with Radar,745,599,76,11,1431,0,5,25,0,30,745,604,101,11,1461,0,0,0,1461
02/07/2007,CLT,NC,ASO,ES,Combined TRACON& Tower with Radar,746,605,88,1,1440,0,5,18,0,23,746,610,106,1,1463,0,0,0,1463
02/08/2007,CLT,NC,ASO,ES,Combined TRACON& Tower with Radar,759,626,100,8,1493,0,9,29,1,39,759,635,129,9,1532,0,0,0,1532
02/09/2007,CLT,NC,ASO,ES,Combined TRACON& Tower with Radar,746,618,81,6,1451,0,7,18,0,25,746,625,99,6,1476,0,0,0,1476
02/10/2007,CLT,NC,ASO,ES,Combined TRACON& Tower with Radar,685,558,35,3,1281,0,9,18,0,27,685,567,53,3,1308,0,0,0,1308
02/11/2007,CLT,NC,ASO,ES,Combined TRACON& Tower with Radar,689,525,70,0,1284,0,4,15,0,19,689,529,85,0,1303,0,0,0,1303
02/12/2007,CLT,NC,ASO,ES,Combined TRACON& Tower with Radar,748,597,85,3,1433,0,9,18,1,28,748,606,103,4,1461,0,0,0,1461
02/13/2007,CLT,NC,ASO,ES,Combined TRACON& Tower with Radar,680,597,73,0,1350,0,3,6,0,9,680,600,79,0,1359,0,0,0,1359
02/14/2007,CLT,NC,ASO,ES,Combined TRACON& Tower with Radar,625,547,70,3,1245,0,5,18,0,23,625,552,88,3,1268,0,0,0,1268
02/15/2007,CLT,NC,ASO,ES,Combined TRACON& Tower with Radar,728,609,141,2,1480,0,9,33,0,42,728,618,174,2,1522,0,0,0,1522
02/16/2007,CLT,NC,ASO,ES,Combined TRACON& Tower with Radar,762,614,74,2,1452,0,4,27,0,31,762,618,101,2,1483,0,0,0,1483
02/17/2007,CLT,NC,ASO,ES,Combined TRACON& Tower with Radar,685,554,34,0,1273,0,11,19,0,30,685,565,53,0,1303,0,0,0,1303
02/18/2007,CLT,NC,ASO,ES,Combined TRACON& Tower with Radar,685,516,41,0,1242,0,3,7,0,10,685,519,48,0,1252,0,0,0,1252
02/19/2007,CLT,NC,ASO,ES,Combined TRACON& Tower with Radar,731,567,73,1,1372,0,11,14,0,25,731,578,87,1,1397,0,0,0,1397
02/20/2007,CLT,NC,ASO,ES,Combined TRACON& Tower with Radar,781,590,102,5,1478,0,5,21,0,26,781,595,123,5,1504,0,0,0,1504
02/21/2007,CLT,NC,ASO,ES,Combined TRACON& Tower with Radar,759,612,82,5,1458,0,4,15,1,20,759,616,97,6,1478,0,0,0,1478
02/22/2007,CLT,NC,ASO,ES,Combined TRACON& Tower with Radar,761,592,93,0,1446,0,6,24,0,30,761,598,117,0,1476,0,0,0,1476
02/23/2007,CLT,NC,ASO,ES,Combined TRACON& Tower with Radar,774,607,91,2,1474,0,4,18,0,22,774,611,109,2,1496,0,0,0,1496
02/24/2007,CLT,NC,ASO,ES,Combined TRACON& Tower with Radar,681,557,25,0,1263,0,8,19,0,27,681,565,44,0,1290,0,0,0,1290
02/25/2007,CLT,NC,ASO,ES,Combined TRACON& Tower with Radar,674,478,37,0,1189,0,3,5,0,8,674,481,42,0,1197,0,0,0,1197
02/26/2007,CLT,NC,ASO,ES,Combined TRACON& Tower with Radar,771,570,88,0,1429,0,3,19,0,22,771,573,107,0,1451,0,0,0,1451
02/27/2007,CLT,NC,ASO,ES,Combined TRACON& Tower with Radar,784,620,89,4,1497,0,7,18,0,25,784,627,107,4,1522,0,0,0,1522
02/28/2007,CLT,NC,ASO,ES,Combined TRACON& Tower with Radar,781,633,101,4,1519,0,6,26,0,32,781,639,127,4,1551,0,0,0,1551
03/01/2007,CLT,NC,ASO,ES,Combined TRACON& Tower with Radar,743,570,73,4,1390,0,1,7,0,8,743,571,80,4,1398,0,0,0,1398
03/02/2007,CLT,NC,ASO,ES,Combined TRACON& Tower with Radar,795,626,188,6,1615,0,9,47,0,56,795,635,235,6,1671,0,0,0,1671
03/03/2007,CLT,NC,ASO,ES,Combined TRACON& Tower with Radar,709,565,52,0,1326,0,2,10,0,12,709,567,62,0,1338,0,0,0,1338
03/04/2007,CLT,NC,ASO,ES,Combined TRACON& Tower with Radar,703,514,40,2,1259,0,3,11,0,14,703,517,51,2,1273,0,0,0,1273
03/05/2007,CLT,NC,ASO,ES,Combined TRACON& Tower with Radar,779,566,64,1,1410,0,6,24,0,30,779,572,88,1,1440,0,0,0,1440
03/06/2007,CLT,NC,ASO,ES,Combined TRACON& Tower with Radar,807,615,82,0,1504,0,6,18,0,24,807,621,100,0,1528,0,0,0,1528
03/07/2007,CLT,NC,ASO,ES,Combined TRACON& Tower with Radar,786,593,109,9,1497,0,5,18,0,23,786,598,127,9,1520,0,0,0,1520
03/08/2007,CLT,NC,ASO,ES,Combined TRACON& Tower with Radar,808,629,102,4,1543,0,1,26,0,27,808,630,128,4,1570,0,0,0,1570
03/09/2007,CLT,NC,ASO,ES,Combined TRACON& Tower with Radar,795,627,79,6,1507,0,6,34,0,40,795,633,113,6,1547,0,0,0,1547
03/10/2007,CLT,NC,ASO,ES,Combined TRACON& Tower with Radar,698,565,25,4,1292,0,5,21,0,26,698,570,46,4,1318,0,0,0,1318
03/11/2007,CLT,NC,ASO,ES,Combined TRACON& Tower with Radar,717,518,40,1,1276,0,4,24,0,28,717,522,64,1,1304,0,0,0,1304
03/12/2007,CLT,NC,ASO,ES,Combined TRACON& Tower with Radar,745,568,88,0,1401,0,1,13,0,14,745,569,101,0,1415,0,0,0,1415
03/13/2007,CLT,NC,ASO,ES,Combined TRACON& Tower with Radar,797,628,107,6,1538,0,6,26,2,34,797,634,133,8,1572,0,0,0,1572
03/14/2007,CLT,NC,ASO,ES,Combined TRACON& Tower with Radar,793,613,95,7,1508,0,4,21,0,25,793,617,116,7,1533,0,0,0,1533
03/15/2007,CLT,NC,ASO,ES,Combined TRACON& Tower with Radar,794,634,97,7,1532,0,10,29,5,44,794,644,126,12,1576,0,0,0,1576
03/16/2007,CLT,NC,ASO,ES,Combined TRACON& Tower with Radar,695,554,61,1,1311,0,4,7,0,11,695,558,68,1,1322,0,0,0,1322
03/17/2007,CLT,NC,ASO,ES,Combined TRACON& Tower with Radar,621,480,57,3,1161,0,5,19,0,24,621,485,76,3,1185,0,0,0,1185
03/18/2007,CLT,NC,ASO,ES,Combined TRACON& Tower with Radar,718,511,66,2,1297,0,5,35,0,40,718,516,101,2,1337,0,0,0,1337
03/19/2007,CLT,NC,ASO,ES,Combined TRACON& Tower with Radar,787,588,71,0,1446,0,4,24,0,28,787,592,95,0,1474,0,0,0,1474
03/20/2007,CLT,NC,ASO,ES,Combined TRACON& Tower with Radar,819,612,75,8,1514,0,4,17,0,21,819,616,92,8,1535,0,0,0,1535
03/21/2007,CLT,NC,ASO,ES,Combined TRACON& Tower with Radar,799,626,84,4,1513,0,8,22,0,30,799,634,106,4,1543,0,0,0,1543
03/22/2007,CLT,NC,ASO,ES,Combined TRACON& Tower with Radar,783,606,86,6,1481,0,4,31,0,35,783,610,117,6,1516,0,0,0,1516
03/23/2007,CLT,NC,ASO,ES,Combined TRACON& Tower with Radar,794,600,82,3,1479,0,11,44,0,55,794,611,126,3,1534,0,0,0,1534
03/24/2007,CLT,NC,ASO,ES,Combined TRACON& Tower with Radar,693,566,32,8,1299,0,10,33,0,43,693,576,65,8,1342,0,0,0,1342
03/25/2007,CLT,NC,ASO,ES,Combined TRACON& Tower with Radar,732,522,41,1,1296,0,9,25,0,34,732,531,66,1,1330,0,0,0,1330
03/26/2007,CLT,NC,ASO,ES,Combined TRACON& Tower with Radar,777,564,68,0,1409,0,4,40,3,47,777,568,108,3,1456,0,0,0,1456
03/27/2007,CLT,NC,ASO,ES,Combined TRACON& Tower with Radar,793,634,100,7,1534,0,2,27,0,29,793,636,127,7,1563,0,0,0,1563
03/28/2007,CLT,NC,ASO,ES,Combined TRACON& Tower with Radar,782,618,100,6,1506,0,3,27,1,31,782,621,127,7,1537,0,0,0,1537
03/29/2007,CLT,NC,ASO,ES,Combined TRACON& Tower with Radar,804,611,80,7,1502,0,2,15,0,17,804,613,95,7,1519,0,0,0,1519
03/30/2007,CLT,NC,ASO,ES,Combined TRACON& Tower with Radar,814,617,92,2,1525,0,4,22,0,26,814,621,114,2,1551,0,0,0,1551
03/31/2007,CLT,NC,ASO,ES,Combined TRACON& Tower with Radar,701,549,24,1,1275,0,7,21,0,28,701,556,45,1,1303,0,0,0,1303
04/01/2007,CLT,NC,ASO,ES,Combined TRACON& Tower with Radar,720,529,53,4,1306,0,5,17,0,22,720,534,70,4,1328,0,0,0,1328
04/02/2007,CLT,NC,ASO,ES,Combined TRACON& Tower with Radar,805,573,39,3,1420,0,10,18,0,28,805,583,57,3,1448,0,0,0,1448
04/03/2007,CLT,NC,ASO,ES,Combined TRACON& Tower with Radar,792,611,88,2,1493,0,5,24,1,30,792,616,112,3,1523,0,0,0,1523
04/04/2007,CLT,NC,ASO,ES,Combined TRACON& Tower with Radar,795,614,93,6,1508,0,5,11,0,16,795,619,104,6,1524,0,0,0,1524
04/05/2007,CLT,NC,ASO,ES,Combined TRACON& Tower with Radar,820,621,113,6,1560,0,6,33,0,39,820,627,146,6,1599,0,0,0,1599
04/06/2007,CLT,NC,ASO,ES,Combined TRACON& Tower with Radar,820,605,47,1,1473,0,7,32,0,39,820,612,79,1,1512,0,0,0,1512
04/07/2007,CLT,NC,ASO,ES,Combined TRACON& Tower with Radar,716,545,36,0,1297,0,4,18,0,22,716,549,54,0,1319,0,0,0,1319
04/08/2007,CLT,NC,ASO,ES,Combined TRACON& Tower with Radar,744,518,36,0,1298,0,7,10,0,17,744,525,46,0,1315,0,0,0,1315
04/09/2007,CLT,NC,ASO,ES,Combined TRACON& Tower with Radar,791,559,94,3,1447,0,1,22,0,23,791,560,116,3,1470,0,0,0,1470
04/10/2007,CLT,NC,ASO,ES,Combined TRACON& Tower with Radar,800,618,95,10,1523,0,3,32,0,35,800,621,127,10,1558,0,0,0,1558
04/11/2007,CLT,NC,ASO,ES,Combined TRACON& Tower with Radar,788,601,97,1,1487,0,2,5,0,7,788,603,102,1,1494,0,0,0,1494
04/12/2007,CLT,NC,ASO,ES,Combined TRACON& Tower with Radar,807,596,125,14,1542,0,5,22,0,27,807,601,147,14,1569,0,0,0,1569
04/13/2007,CLT,NC,ASO,ES,Combined TRACON& Tower with Radar,813,599,101,3,1516,0,0,22,0,22,813,599,123,3,1538,0,0,0,1538
04/14/2007,CLT,NC,ASO,ES,Combined TRACON& Tower with Radar,717,541,51,5,1314,0,6,13,0,19,717,547,64,5,1333,0,0,0,1333
04/15/2007,CLT,NC,ASO,ES,Combined TRACON& Tower with Radar,725,485,57,0,1267,0,1,0,0,1,725,486,57,0,1268,0,0,0,1268
04/16/2007,CLT,NC,ASO,ES,Combined TRACON& Tower with Radar,794,555,83,0,1432,0,5,7,1,13,794,560,90,1,1445,0,0,0,1445
04/17/2007,CLT,NC,ASO,ES,Combined TRACON& Tower with Radar,824,585,114,8,1531,0,3,22,0,25,824,588,136,8,1556,0,0,0,1556
04/18/2007,CLT,NC,ASO,ES,Combined TRACON& Tower with Radar,812,584,98,10,1504,0,2,30,1,33,812,586,128,11,1537,0,0,0,1537
04/19/2007,CLT,NC,ASO,ES,Combined TRACON& Tower with Radar,811,593,98,5,1507,0,0,22,0,22,811,593,120,5,1529,0,0,0,1529
04/20/2007,CLT,NC,ASO,ES,Combined TRACON& Tower with Radar,816,589,90,0,1495,0,1,32,0,33,816,590,122,0,1528,0,0,0,1528
04/21/2007,CLT,NC,ASO,ES,Combined TRACON& Tower with Radar,695,535,42,0,1272,0,1,21,0,22,695,536,63,0,1294,0,0,0,1294
04/22/2007,CLT,NC,ASO,ES,Combined TRACON& Tower with Radar,748,495,57,4,1304,0,5,11,0,16,748,500,68,4,1320,0,0,0,1320
04/23/2007,CLT,NC,ASO,ES,Combined TRACON& Tower with Radar,797,570,90,7,1464,0,2,28,0,30,797,572,118,7,1494,0,0,0,1494
04/24/2007,CLT,NC,ASO,ES,Combined TRACON& Tower with Radar,808,606,105,4,1523,0,3,30,0,33,808,609,135,4,1556,0,0,0,1556
04/25/2007,CLT,NC,ASO,ES,Combined TRACON& Tower with Radar,811,591,121,9,1532,0,3,25,0,28,811,594,146,9,1560,0,0,0,1560
04/26/2007,CLT,NC,ASO,ES,Combined TRACON& Tower with Radar,809,602,111,7,1529,0,5,23,0,28,809,607,134,7,1557,0,0,0,1557
04/27/2007,CLT,NC,ASO,ES,Combined TRACON& Tower with Radar,810,588,82,8,1488,0,2,19,7,28,810,590,101,15,1516,0,0,0,1516
04/28/2007,CLT,NC,ASO,ES,Combined TRACON& Tower with Radar,714,536,40,7,1297,0,4,27,0,31,714,540,67,7,1328,0,0,0,1328
04/29/2007,CLT,NC,ASO,ES,Combined TRACON& Tower with Radar,740,515,50,5,1310,0,5,24,2,31,740,520,74,7,1341,0,0,0,1341
04/30/2007,CLT,NC,ASO,ES,Combined TRACON& Tower with Radar,800,562,85,0,1447,0,3,21,0,24,800,565,106,0,1471,0,0,0,1471
05/01/2007,CLT,NC,ASO,ES,Combined TRACON& Tower with Radar,831,608,129,0,1568,0,7,40,0,47,831,615,169,0,1615,0,0,0,1615
05/02/2007,CLT,NC,ASO,ES,Combined TRACON& Tower with Radar,798,624,128,1,1551,0,4,22,0,26,798,628,150,1,1577,0,0,0,1577
05/03/2007,CLT,NC,ASO,ES,Combined TRACON& Tower with Radar,817,608,100,1,1526,0,4,27,0,31,817,612,127,1,1557,0,0,0,1557
05/04/2007,CLT,NC,ASO,ES,Combined TRACON& Tower with Radar,805,593,85,4,1487,0,0,2,0,2,805,593,87,4,1489,0,0,0,1489
05/05/2007,CLT,NC,ASO,ES,Combined TRACON& Tower with Radar,693,532,39,4,1268,0,0,5,0,5,693,532,44,4,1273,0,0,0,1273
05/06/2007,CLT,NC,ASO,ES,Combined TRACON& Tower with Radar,740,513,71,1,1325,0,5,10,0,15,740,518,81,1,1340,0,0,0,1340
05/07/2007,CLT,NC,ASO,ES,Combined TRACON& Tower with Radar,810,537,82,1,1430,0,7,38,0,45,810,544,120,1,1475,0,0,0,1475
05/08/2007,CLT,NC,ASO,ES,Combined TRACON& Tower with Radar,828,591,78,15,1512,0,3,26,0,29,828,594,104,15,1541,0,0,0,1541
05/09/2007,CLT,NC,ASO,ES,Combined TRACON& Tower with Radar,821,580,122,0,1523,0,0,21,0,21,821,580,143,0,1544,0,0,0,1544
05/10/2007,CLT,NC,ASO,ES,Combined TRACON& Tower with Radar,836,574,100,9,1519,0,4,26,0,30,836,578,126,9,1549,0,0,0,1549
05/11/2007,CLT,NC,ASO,ES,Combined TRACON& Tower with Radar,844,572,95,2,1513,0,3,32,1,36,844,575,127,3,1549,0,0,0,1549
05/12/2007,CLT,NC,ASO,ES,Combined TRACON& Tower with Radar,729,527,31,3,1290,0,5,16,0,21,729,532,47,3,1311,0,0,0,1311
05/13/2007,CLT,NC,ASO,ES,Combined TRACON& Tower with Radar,772,488,32,2,1294,0,4,15,0,19,772,492,47,2,1313,0,0,0,1313
05/14/2007,CLT,NC,ASO,ES,Combined TRACON& Tower with Radar,816,551,109,4,1480,0,5,22,0,27,816,556,131,4,1507,0,0,0,1507
05/15/2007,CLT,NC,ASO,ES,Combined TRACON& Tower with Radar,821,562,85,15,1483,0,3,33,0,36,821,565,118,15,1519,0,0,0,1519
05/16/2007,CLT,NC,ASO,ES,Combined TRACON& Tower with Radar,804,579,121,12,1516,0,4,23,0,27,804,583,144,12,1543,0,0,0,1543
05/17/2007,CLT,NC,ASO,ES,Combined TRACON& Tower with Radar,834,579,99,7,1519,0,4,29,1,34,834,583,128,8,1553,0,0,0,1553
05/18/2007,CLT,NC,ASO,ES,Combined TRACON& Tower with Radar,833,580,102,3,1518,0,6,34,3,43,833,586,136,6,1561,0,0,0,1561
05/19/2007,CLT,NC,ASO,ES,Combined TRACON& Tower with Radar,748,540,40,3,1331,2,38,31,0,71,750,578,71,3,1402,0,0,0,1402
05/20/2007,CLT,NC,ASO,ES,Combined TRACON& Tower with Radar,733,487,56,3,1279,0,30,26,0,56,733,517,82,3,1335,0,0,0,1335
05/21/2007,CLT,NC,ASO,ES,Combined TRACON& Tower with Radar,809,544,79,6,1438,0,1,27,1,29,809,545,106,7,1467,0,0,0,1467
05/22/2007,CLT,NC,ASO,ES,Combined TRACON& Tower with Radar,828,573,91,6,1498,0,2,27,0,29,828,575,118,6,1527,0,0,0,1527
05/23/2007,CLT,NC,ASO,ES,Combined TRACON& Tower with Radar,821,575,116,11,1523,0,4,31,1,36,821,579,147,12,1559,0,0,0,1559
05/24/2007,CLT,NC,ASO,ES,Combined TRACON& Tower with Radar,829,578,96,12,1515,0,4,33,0,37,829,582,129,12,1552,0,0,0,1552
05/25/2007,CLT,NC,ASO,ES,Combined TRACON& Tower with Radar,836,563,81,2,1482,0,3,32,0,35,836,566,113,2,1517,0,0,0,1517
05/26/2007,CLT,NC,ASO,ES,Combined TRACON& Tower with Radar,736,498,20,3,1257,0,20,26,0,46,736,518,46,3,1303,0,0,0,1303
05/27/2007,CLT,NC,ASO,ES,Combined TRACON& Tower with Radar,707,420,22,0,1149,0,54,10,2,66,707,474,32,2,1215,0,0,0,1215
05/28/2007,CLT,NC,ASO,ES,Combined TRACON& Tower with Radar,807,479,63,2,1351,0,21,24,2,47,807,500,87,4,1398,0,0,0,1398
05/29/2007,CLT,NC,ASO,ES,Combined TRACON& Tower with Radar,824,552,87,7,1470,0,4,30,2,36,824,556,117,9,1506,0,0,0,1506
05/30/2007,CLT,NC,ASO,ES,Combined TRACON& Tower with Radar,832,573,116,3,1524,0,1,23,0,24,832,574,139,3,1548,0,0,0,1548
05/31/2007,CLT,NC,ASO,ES,Combined TRACON& Tower with Radar,848,573,137,5,1563,0,2,27,1,30,848,575,164,6,1593,0,0,0,1593
06/01/2007,CLT,NC,ASO,ES,Combined TRACON& Tower with Radar,836,536,74,5,1451,0,6,33,2,41,836,542,107,7,1492,0,0,0,1492
06/02/2007,CLT,NC,ASO,ES,Combined TRACON& Tower with Radar,740,489,22,3,1254,0,2,23,4,29,740,491,45,7,1283,0,0,0,1283
06/03/2007,CLT,NC,ASO,ES,Combined TRACON& Tower with Radar,764,444,31,3,1242,0,0,2,0,2,764,444,33,3,1244,0,0,0,1244
06/04/2007,CLT,NC,ASO,ES,Combined TRACON& Tower with Radar,805,501,71,2,1379,0,2,30,1,33,805,503,101,3,1412,0,0,0,1412
06/05/2007,CLT,NC,ASO,ES,Combined TRACON& Tower with Radar,836,543,78,8,1465,0,0,24,0,24,836,543,102,8,1489,0,0,0,1489
06/06/2007,CLT,NC,ASO,ES,Combined TRACON& Tower with Radar,841,563,115,8,1527,0,1,38,1,40,841,564,153,9,1567,0,0,0,1567
06/07/2007,CLT,NC,ASO,ES,Combined TRACON& Tower with Radar,841,552,109,7,1509,0,1,33,0,34,841,553,142,7,1543,0,0,0,1543
06/08/2007,CLT,NC,ASO,ES,Combined TRACON& Tower with Radar,798,504,72,5,1379,0,6,34,0,40,798,510,106,5,1419,0,0,0,1419
06/09/2007,CLT,NC,ASO,ES,Combined TRACON& Tower with Radar,766,496,34,0,1296,0,3,14,1,18,766,499,48,1,1314,0,0,0,1314
06/10/2007,CLT,NC,ASO,ES,Combined TRACON& Tower with Radar,811,455,58,1,1325,0,2,18,1,21,811,457,76,2,1346,0,0,0,1346
06/11/2007,CLT,NC,ASO,ES,Combined TRACON& Tower with Radar,787,505,81,2,1375,0,2,3,0,5,787,507,84,2,1380,0,0,0,1380
06/12/2007,CLT,NC,ASO,ES,Combined TRACON& Tower with Radar,798,531,108,3,1440,0,2,12,0,14,798,533,120,3,1454,0,0,0,1454
06/13/2007,CLT,NC,ASO,ES,Combined TRACON& Tower with Radar,803,531,73,2,1409,0,1,18,0,19,803,532,91,2,1428,0,0,0,1428
06/14/2007,CLT,NC,ASO,ES,Combined TRACON& Tower with Radar,822,565,93,0,1480,0,1,18,0,19,822,566,111,0,1499,0,0,0,1499
06/15/2007,CLT,NC,ASO,ES,Combined TRACON& Tower with Radar,862,543,102,10,1517,0,0,4,0,4,862,543,106,10,1521,0,0,0,1521
06/16/2007,CLT,NC,ASO,ES,Combined TRACON& Tower with Radar,742,518,37,2,1299,0,3,17,0,20,742,521,54,2,1319,0,0,0,1319
06/17/2007,CLT,NC,ASO,ES,Combined TRACON& Tower with Radar,781,465,43,0,1289,0,2,26,0,28,781,467,69,0,1317,0,0,0,1317
06/18/2007,CLT,NC,ASO,ES,Combined TRACON& Tower with Radar,832,533,61,4,1430,0,1,32,0,33,832,534,93,4,1463,0,0,0,1463
06/19/2007,CLT,NC,ASO,ES,Combined TRACON& Tower with Radar,811,565,99,12,1487,0,5,27,0,32,811,570,126,12,1519,0,0,0,1519
06/20/2007,CLT,NC,ASO,ES,Combined TRACON& Tower with Radar,834,575,128,11,1548,0,1,35,1,37,834,576,163,12,1585,0,0,0,1585
06/21/2007,CLT,NC,ASO,ES,Combined TRACON& Tower with Radar,850,539,96,8,1493,0,8,31,0,39,850,547,127,8,1532,0,0,0,1532
06/22/2007,CLT,NC,ASO,ES,Combined TRACON& Tower with Radar,859,558,87,0,1504,0,7,29,0,36,859,565,116,0,1540,0,0,0,1540
06/23/2007,CLT,NC,ASO,ES,Combined TRACON& Tower with Radar,782,510,22,2,1316,0,3,22,0,25,782,513,44,2,1341,0,0,0,1341
06/24/2007,CLT,NC,ASO,ES,Combined TRACON& Tower with Radar,772,441,44,4,1261,0,2,13,0,15,772,443,57,4,1276,0,0,0,1276
06/25/2007,CLT,NC,ASO,ES,Combined TRACON& Tower with Radar,805,520,82,4,1411,0,1,14,1,16,805,521,96,5,1427,0,0,0,1427
06/26/2007,CLT,NC,ASO,ES,Combined TRACON& Tower with Radar,846,549,93,7,1495,0,3,20,4,27,846,552,113,11,1522,0,0,0,1522
06/27/2007,CLT,NC,ASO,ES,Combined TRACON& Tower with Radar,803,548,81,6,1438,0,4,18,1,23,803,552,99,7,1461,0,0,0,1461
06/28/2007,CLT,NC,ASO,ES,Combined TRACON& Tower with Radar,791,527,124,7,1449,0,3,21,0,24,791,530,145,7,1473,0,0,0,1473
06/29/2007,CLT,NC,ASO,ES,Combined TRACON& Tower with Radar,846,555,79,7,1487,0,3,22,0,25,846,558,101,7,1512,0,0,0,1512
06/30/2007,CLT,NC,ASO,ES,Combined TRACON& Tower with Radar,767,498,38,2,1305,0,0,10,0,10,767,498,48,2,1315,0,0,0,1315
07/01/2007,CLT,NC,ASO,ES,Combined TRACON& Tower with Radar,813,464,43,1,1321,0,4,14,0,18,813,468,57,1,1339,0,0,0,1339
07/02/2007,CLT,NC,ASO,ES,Combined TRACON& Tower with Radar,840,492,49,4,1385,0,0,8,0,8,840,492,57,4,1393,0,0,0,1393
07/03/2007,CLT,NC,ASO,ES,Combined TRACON& Tower with Radar,846,466,30,4,1346,0,3,33,0,36,846,469,63,4,1382,0,0,0,1382
07/04/2007,CLT,NC,ASO,ES,Combined TRACON& Tower with Radar,779,370,8,0,1157,0,2,22,4,28,779,372,30,4,1185,0,0,0,1185
07/05/2007,CLT,NC,ASO,ES,Combined TRACON& Tower with Radar,816,459,48,7,1330,0,2,21,0,23,816,461,69,7,1353,0,0,0,1353
07/06/2007,CLT,NC,ASO,ES,Combined TRACON& Tower with Radar,839,499,38,0,1376,0,3,27,2,32,839,502,65,2,1408,0,0,0,1408
07/07/2007,CLT,NC,ASO,ES,Combined TRACON& Tower with Radar,768,483,26,1,1278,0,1,24,0,25,768,484,50,1,1303,0,0,0,1303
07/08/2007,CLT,NC,ASO,ES,Combined TRACON& Tower with Radar,789,455,41,1,1286,0,0,20,1,21,789,455,61,2,1307,0,0,0,1307
07/09/2007,CLT,NC,ASO,ES,Combined TRACON& Tower with Radar,777,501,61,1,1340,0,1,10,0,11,777,502,71,1,1351,0,0,0,1351
07/10/2007,CLT,NC,ASO,ES,Combined TRACON& Tower with Radar,825,531,88,12,1456,0,1,22,0,23,825,532,110,12,1479,0,0,0,1479
07/11/2007,CLT,NC,ASO,ES,Combined TRACON& Tower with Radar,838,553,88,6,1485,0,2,19,0,21,838,555,107,6,1506,0,0,0,1506
07/12/2007,CLT,NC,ASO,ES,Combined TRACON& Tower with Radar,850,546,89,11,1496,0,4,26,0,30,850,550,115,11,1526,0,0,0,1526
07/13/2007,CLT,NC,ASO,ES,Combined TRACON& Tower with Radar,830,553,68,1,1452,0,7,41,0,48,830,560,109,1,1500,0,0,0,1500
07/14/2007,CLT,NC,ASO,ES,Combined TRACON& Tower with Radar,763,504,25,1,1293,0,9,10,0,19,763,513,35,1,1312,0,0,0,1312
07/15/2007,CLT,NC,ASO,ES,Combined TRACON& Tower with Radar,799,449,46,2,1296,0,2,8,0,10,799,451,54,2,1306,0,0,0,1306
07/16/2007,CLT,NC,ASO,ES,Combined TRACON& Tower with Radar,825,516,81,5,1427,0,5,13,0,18,825,521,94,5,1445,0,0,0,1445
07/17/2007,CLT,NC,ASO,ES,Combined TRACON& Tower with Radar,848,541,70,7,1466,3,9,35,0,47,851,550,105,7,1513,0,0,0,1513
07/18/2007,CLT,NC,ASO,ES,Combined TRACON& Tower with Radar,833,552,88,8,1481,4,3,16,0,23,837,555,104,8,1504,0,0,0,1504
07/19/2007,CLT,NC,ASO,ES,Combined TRACON& Tower with Radar,812,520,96,11,1439,1,8,28,0,37,813,528,124,11,1476,0,0,0,1476
07/20/2007,CLT,NC,ASO,ES,Combined TRACON& Tower with Radar,864,543,86,0,1493,1,4,29,0,34,865,547,115,0,1527,0,0,0,1527
07/21/2007,CLT,NC,ASO,ES,Combined TRACON& Tower with Radar,765,502,25,2,1294,0,7,32,0,39,765,509,57,2,1333,0,0,0,1333
07/22/2007,CLT,NC,ASO,ES,Combined TRACON& Tower with Radar,802,451,43,1,1297,1,2,27,2,32,803,453,70,3,1329,0,0,0,1329
07/23/2007,CLT,NC,ASO,ES,Combined TRACON& Tower with Radar,822,506,72,4,1404,0,2,21,0,23,822,508,93,4,1427,0,0,0,1427
07/24/2007,CLT,NC,ASO,ES,Combined TRACON& Tower with Radar,847,556,109,15,1527,1,3,16,0,20,848,559,125,15,1547,0,0,0,1547
07/25/2007,CLT,NC,ASO,ES,Combined TRACON& Tower with Radar,853,562,114,8,1537,0,2,19,0,21,853,564,133,8,1558,0,0,0,1558
07/26/2007,CLT,NC,ASO,ES,Combined TRACON& Tower with Radar,842,554,85,8,1489,0,2,22,0,24,842,556,107,8,1513,0,0,0,1513
07/27/2007,CLT,NC,ASO,ES,Combined TRACON& Tower with Radar,800,509,71,4,1384,0,3,25,0,28,800,512,96,4,1412,0,0,0,1412
07/28/2007,CLT,NC,ASO,ES,Combined TRACON& Tower with Radar,784,515,34,1,1334,1,2,20,0,23,785,517,54,1,1357,0,0,0,1357
07/29/2007,CLT,NC,ASO,ES,Combined TRACON& Tower with Radar,765,440,41,2,1248,2,5,9,0,16,767,445,50,2,1264,0,0,0,1264
07/30/2007,CLT,NC,ASO,ES,Combined TRACON& Tower with Radar,812,500,64,1,1377,1,3,18,1,23,813,503,82,2,1400,0,0,0,1400
07/31/2007,CLT,NC,ASO,ES,Combined TRACON& Tower with Radar,851,563,85,12,1511,0,2,31,1,34,851,565,116,13,1545,0,0,0,1545
08/01/2007,CLT,NC,ASO,ES,Combined TRACON& Tower with Radar,833,556,93,11,1493,1,4,29,0,34,834,560,122,11,1527,0,0,0,1527
08/02/2007,CLT,NC,ASO,ES,Combined TRACON& Tower with Radar,858,546,101,4,1509,1,5,36,0,42,859,551,137,4,1551,0,0,0,1551
08/03/2007,CLT,NC,ASO,ES,Combined TRACON& Tower with Radar,841,521,53,9,1424,0,6,31,0,37,841,527,84,9,1461,0,0,0,1461
08/04/2007,CLT,NC,ASO,ES,Combined TRACON& Tower with Radar,779,491,38,6,1314,2,2,24,3,31,781,493,62,9,1345,0,0,0,1345
08/05/2007,CLT,NC,ASO,ES,Combined TRACON& Tower with Radar,788,427,65,2,1282,1,4,19,0,24,789,431,84,2,1306,0,0,0,1306
08/06/2007,CLT,NC,ASO,ES,Combined TRACON& Tower with Radar,814,501,66,0,1381,3,5,32,0,40,817,506,98,0,1421,0,0,0,1421
08/07/2007,CLT,NC,ASO,ES,Combined TRACON& Tower with Radar,856,550,65,8,1479,0,3,20,0,23,856,553,85,8,1502,0,0,0,1502
08/08/2007,CLT,NC,ASO,ES,Combined TRACON& Tower with Radar,832,555,107,8,1502,0,3,29,0,32,832,558,136,8,1534,0,0,0,1534
08/09/2007,CLT,NC,ASO,ES,Combined TRACON& Tower with Radar,803,503,108,6,1420,3,10,21,0,34,806,513,129,6,1454,0,0,0,1454
08/10/2007,CLT,NC,ASO,ES,Combined TRACON& Tower with Radar,835,492,77,0,1404,0,6,27,0,33,835,498,104,0,1437,0,0,0,1437
08/11/2007,CLT,NC,ASO,ES,Combined TRACON& Tower with Radar,778,507,35,1,1321,1,8,25,0,34,779,515,60,1,1355,0,0,0,1355
08/12/2007,CLT,NC,ASO,ES,Combined TRACON& Tower with Radar,799,442,39,3,1283,0,1,9,0,10,799,443,48,3,1293,0,0,0,1293
08/13/2007,CLT,NC,ASO,ES,Combined TRACON& Tower with Radar,829,509,75,7,1420,1,1,30,0,32,830,510,105,7,1452,0,0,0,1452
08/14/2007,CLT,NC,ASO,ES,Combined TRACON& Tower with Radar,829,546,102,12,1489,2,8,25,0,35,831,554,127,12,1524,0,0,0,1524
08/15/2007,CLT,NC,ASO,ES,Combined TRACON& Tower with Radar,839,564,91,6,1500,0,2,34,0,36,839,566,125,6,1536,0,0,0,1536
08/16/2007,CLT,NC,ASO,ES,Combined TRACON& Tower with Radar,835,524,95,7,1461,0,4,24,0,28,835,528,119,7,1489,0,0,0,1489
08/17/2007,CLT,NC,ASO,ES,Combined TRACON& Tower with Radar,831,552,85,1,1469,0,5,32,0,37,831,557,117,1,1506,0,0,0,1506
08/18/2007,CLT,NC,ASO,ES,Combined TRACON& Tower with Radar,773,489,53,1,1316,1,6,30,0,37,774,495,83,1,1353,0,0,0,1353
08/19/2007,CLT,NC,ASO,ES,Combined TRACON& Tower with Radar,799,461,46,1,1307,2,2,14,0,18,801,463,60,1,1325,0,0,0,1325
08/20/2007,CLT,NC,ASO,ES,Combined TRACON& Tower with Radar,809,515,90,7,1421,0,5,19,0,24,809,520,109,7,1445,0,0,0,1445
08/21/2007,CLT,NC,ASO,ES,Combined TRACON& Tower with Radar,828,526,101,12,1467,0,7,26,0,33,828,533,127,12,1500,0,0,0,1500
08/22/2007,CLT,NC,ASO,ES,Combined TRACON& Tower with Radar,855,534,92,12,1493,2,8,26,0,36,857,542,118,12,1529,0,0,0,1529
08/23/2007,CLT,NC,ASO,ES,Combined TRACON& Tower with Radar,826,540,99,5,1470,0,2,22,0,24,826,542,121,5,1494,0,0,0,1494
08/24/2007,CLT,NC,ASO,ES,Combined TRACON& Tower with Radar,840,533,79,7,1459,0,1,16,0,17,840,534,95,7,1476,0,0,0,1476
08/25/2007,CLT,NC,ASO,ES,Combined TRACON& Tower with Radar,754,494,29,1,1278,0,11,29,0,40,754,505,58,1,1318,0,0,0,1318
08/26/2007,CLT,NC,ASO,ES,Combined TRACON& Tower with Radar,791,449,33,2,1275,0,6,21,0,27,791,455,54,2,1302,0,0,0,1302
08/27/2007,CLT,NC,ASO,ES,Combined TRACON& Tower with Radar,824,508,61,4,1397,0,2,13,0,15,824,510,74,4,1412,0,0,0,1412
08/28/2007,CLT,NC,ASO,ES,Combined TRACON& Tower with Radar,831,544,83,6,1464,2,3,19,0,24,833,547,102,6,1488,0,0,0,1488
08/29/2007,CLT,NC,ASO,ES,Combined TRACON& Tower with Radar,835,553,97,8,1493,0,2,12,0,14,835,555,109,8,1507,0,0,0,1507
08/30/2007,CLT,NC,ASO,ES,Combined TRACON& Tower with Radar,806,529,88,6,1429,0,1,16,0,17,806,530,104,6,1446,0,0,0,1446
08/31/2007,CLT,NC,ASO,ES,Combined TRACON& Tower with Radar,840,552,72,0,1464,0,5,23,0,28,840,557,95,0,1492,0,0,0,1492
09/01/2007,CLT,NC,ASO,ES,Combined TRACON& Tower with Radar,699,470,34,0,1203,0,4,17,0,21,699,474,51,0,1224,0,0,0,1224
09/02/2007,CLT,NC,ASO,ES,Combined TRACON& Tower with Radar,678,380,31,0,1089,0,3,19,0,22,678,383,50,0,1111,0,0,0,1111
09/03/2007,CLT,NC,ASO,ES,Combined TRACON& Tower with Radar,790,482,28,0,1300,0,1,20,0,21,790,483,48,0,1321,0,0,0,1321
09/04/2007,CLT,NC,ASO,ES,Combined TRACON& Tower with Radar,814,515,65,13,1407,2,1,38,0,41,816,516,103,13,1448,0,0,0,1448
09/05/2007,CLT,NC,ASO,ES,Combined TRACON& Tower with Radar,819,556,81,12,1468,0,5,23,0,28,819,561,104,12,1496,0,0,0,1496
09/06/2007,CLT,NC,ASO,ES,Combined TRACON& Tower with Radar,821,557,94,5,1477,1,5,21,1,28,822,562,115,6,1505,0,0,0,1505
09/07/2007,CLT,NC,ASO,ES,Combined TRACON& Tower with Radar,830,581,72,4,1487,1,2,22,0,25,831,583,94,4,1512,0,0,0,1512
09/08/2007,CLT,NC,ASO,ES,Combined TRACON& Tower with Radar,717,485,31,4,1237,1,4,27,0,32,718,489,58,4,1269,0,0,0,1269
09/09/2007,CLT,NC,ASO,ES,Combined TRACON& Tower with Radar,771,467,59,2,1299,0,3,20,0,23,771,470,79,2,1322,0,0,0,1322
09/10/2007,CLT,NC,ASO,ES,Combined TRACON& Tower with Radar,802,536,73,0,1411,0,4,15,0,19,802,540,88,0,1430,0,0,0,1430
09/11/2007,CLT,NC,ASO,ES,Combined TRACON& Tower with Radar,809,568,98,9,1484,2,6,15,0,23,811,574,113,9,1507,0,0,0,1507
09/12/2007,CLT,NC,ASO,ES,Combined TRACON& Tower with Radar,821,593,110,12,1536,0,5,23,0,28,821,598,133,12,1564,0,0,0,1564
09/13/2007,CLT,NC,ASO,ES,Combined TRACON& Tower with Radar,805,590,130,16,1541,0,3,30,0,33,805,593,160,16,1574,0,0,0,1574
09/14/2007,CLT,NC,ASO,ES,Combined TRACON& Tower with Radar,823,554,94,0,1471,1,4,4,0,9,824,558,98,0,1480,0,0,0,1480
09/15/2007,CLT,NC,ASO,ES,Combined TRACON& Tower with Radar,727,487,37,4,1255,2,0,9,2,13,729,487,46,6,1268,0,0,0,1268
09/16/2007,CLT,NC,ASO,ES,Combined TRACON& Tower with Radar,776,470,83,8,1337,1,8,19,1,29,777,478,102,9,1366,0,0,0,1366
09/17/2007,CLT,NC,ASO,ES,Combined TRACON& Tower with Radar,812,536,88,8,1444,0,2,22,1,25,812,538,110,9,1469,0,0,0,1469
09/18/2007,CLT,NC,ASO,ES,Combined TRACON& Tower with Radar,816,553,129,10,1508,6,1,30,0,37,822,554,159,10,1545,0,0,0,1545
09/19/2007,CLT,NC,ASO,ES,Combined TRACON& Tower with Radar,833,543,97,6,1479,0,4,32,0,36,833,547,129,6,1515,0,0,0,1515
09/20/2007,CLT,NC,ASO,ES,Combined TRACON& Tower with Radar,832,566,113,4,1515,0,3,27,0,30,832,569,140,4,1545,0,0,0,1545
09/21/2007,CLT,NC,ASO,ES,Combined TRACON& Tower with Radar,830,548,74,4,1456,0,2,20,2,24,830,550,94,6,1480,0,0,0,1480
09/22/2007,CLT,NC,ASO,ES,Combined TRACON& Tower with Radar,742,474,23,2,1241,0,0,21,0,21,742,474,44,2,1262,0,0,0,1262
09/23/2007,CLT,NC,ASO,ES,Combined TRACON& Tower with Radar,772,485,62,1,1320,2,4,23,0,29,774,489,85,1,1349,0,0,0,1349
09/24/2007,CLT,NC,ASO,ES,Combined TRACON& Tower with Radar,812,546,64,4,1426,1,5,26,0,32,813,551,90,4,1458,0,0,0,1458
09/25/2007,CLT,NC,ASO,ES,Combined TRACON& Tower with Radar,808,531,92,9,1440,1,2,17,0,20,809,533,109,9,1460,0,0,0,1460
09/26/2007,CLT,NC,ASO,ES,Combined TRACON& Tower with Radar,827,565,99,7,1498,0,3,30,1,34,827,568,129,8,1532,0,0,0,1532
09/27/2007,CLT,NC,ASO,ES,Combined TRACON& Tower with Radar,830,586,102,5,1523,2,3,26,0,31,832,589,128,5,1554,0,0,0,1554
09/28/2007,CLT,NC,ASO,ES,Combined TRACON& Tower with Radar,837,550,80,4,1471,0,6,36,0,42,837,556,116,4,1513,0,0,0,1513
09/29/2007,CLT,NC,ASO,ES,Combined TRACON& Tower with Radar,736,462,34,3,1235,1,9,14,0,24,737,471,48,3,1259,0,0,0,1259
09/30/2007,CLT,NC,ASO,ES,Combined TRACON& Tower with Radar,794,481,66,1,1342,1,2,16,0,19,795,483,82,1,1361,0,0,0,1361
10/01/2007,CLT,NC,ASO,ES,Combined TRACON& Tower with Radar,827,527,79,4,1437,1,2,19,0,22,828,529,98,4,1459,0,0,0,1459
10/02/2007,CLT,NC,ASO,ES,Combined TRACON& Tower with Radar,817,552,101,8,1478,0,7,24,0,31,817,559,125,8,1509,0,0,0,1509
10/03/2007,CLT,NC,ASO,ES,Combined TRACON& Tower with Radar,828,548,101,4,1481,0,2,20,1,23,828,550,121,5,1504,0,0,0,1504
10/04/2007,CLT,NC,ASO,ES,Combined TRACON& Tower with Radar,826,578,125,4,1533,2,4,11,10,27,828,582,136,14,1560,0,0,0,1560
10/05/2007,CLT,NC,ASO,ES,Combined TRACON& Tower with Radar,832,555,88,2,1477,0,8,21,0,29,832,563,109,2,1506,0,0,0,1506
10/06/2007,CLT,NC,ASO,ES,Combined TRACON& Tower with Radar,736,478,48,2,1264,0,7,19,0,26,736,485,67,2,1290,0,0,0,1290
10/07/2007,CLT,NC,ASO,ES,Combined TRACON& Tower with Radar,811,477,59,3,1350,3,4,9,0,16,814,481,68,3,1366,0,0,0,1366
10/08/2007,CLT,NC,ASO,ES,Combined TRACON& Tower with Radar,827,511,71,0,1409,0,2,21,0,23,827,513,92,0,1432,0,0,0,1432
10/09/2007,CLT,NC,ASO,ES,Combined TRACON& Tower with Radar,836,530,96,11,1473,0,6,21,0,27,836,536,117,11,1500,0,0,0,1500
10/10/2007,CLT,NC,ASO,ES,Combined TRACON& Tower with Radar,864,580,108,7,1559,0,5,40,0,45,864,585,148,7,1604,0,0,0,1604
10/11/2007,CLT,NC,ASO,ES,Combined TRACON& Tower with Radar,852,575,124,12,1563,4,6,34,4,48,856,581,158,16,1611,0,0,0,1611
10/12/2007,CLT,NC,ASO,ES,Combined TRACON& Tower with Radar,857,550,114,1,1522,9,19,40,3,71,866,569,154,4,1593,0,0,0,1593
10/13/2007,CLT,NC,ASO,ES,Combined TRACON& Tower with Radar,756,477,46,5,1284,1,65,23,0,89,757,542,69,5,1373,0,0,0,1373
10/14/2007,CLT,NC,ASO,ES,Combined TRACON& Tower with Radar,792,486,52,3,1333,1,27,38,0,66,793,513,90,3,1399,0,0,0,1399
10/15/2007,CLT,NC,ASO,ES,Combined TRACON& Tower with Radar,835,547,67,7,1456,0,3,20,0,23,835,550,87,7,1479,0,0,0,1479
10/16/2007,CLT,NC,ASO,ES,Combined TRACON& Tower with Radar,845,586,87,12,1530,0,3,16,0,19,845,589,103,12,1549,0,0,0,1549
10/17/2007,CLT,NC,ASO,ES,Combined TRACON& Tower with Radar,852,585,85,9,1531,0,6,25,2,33,852,591,110,11,1564,0,0,0,1564
10/18/2007,CLT,NC,ASO,ES,Combined TRACON& Tower with Radar,855,564,119,5,1543,1,2,20,0,23,856,566,139,5,1566,0,0,0,1566
10/19/2007,CLT,NC,ASO,ES,Combined TRACON& Tower with Radar,836,561,70,3,1470,0,5,16,0,21,836,566,86,3,1491,0,0,0,1491
10/20/2007,CLT,NC,ASO,ES,Combined TRACON& Tower with Radar,766,494,42,5,1307,1,3,22,0,26,767,497,64,5,1333,0,0,0,1333
10/21/2007,CLT,NC,ASO,ES,Combined TRACON& Tower with Radar,784,475,52,4,1315,1,8,31,0,40,785,483,83,4,1355,0,0,0,1355
10/22/2007,CLT,NC,ASO,ES,Combined TRACON& Tower with Radar,829,550,76,0,1455,0,1,14,0,15,829,551,90,0,1470,0,0,0,1470
10/23/2007,CLT,NC,ASO,ES,Combined TRACON& Tower with Radar,847,563,156,7,1573,0,2,8,2,12,847,565,164,9,1585,0,0,0,1585
10/24/2007,CLT,NC,ASO,ES,Combined TRACON& Tower with Radar,812,571,129,4,1516,2,3,4,0,9,814,574,133,4,1525,0,0,0,1525
10/25/2007,CLT,NC,ASO,ES,Combined TRACON& Tower with Radar,862,566,106,6,1540,0,3,0,0,3,862,569,106,6,1543,0,0,0,1543
10/26/2007,CLT,NC,ASO,ES,Combined TRACON& Tower with Radar,864,572,99,2,1537,2,1,0,0,3,866,573,99,2,1540,0,0,0,1540
10/27/2007,CLT,NC,ASO,ES,Combined TRACON& Tower with Radar,770,487,37,0,1294,0,2,26,0,28,770,489,63,0,1322,0,0,0,1322
10/28/2007,CLT,NC,ASO,ES,Combined TRACON& Tower with Radar,785,488,99,2,1374,2,3,36,1,42,787,491,135,3,1416,0,0,0,1416
10/29/2007,CLT,NC,ASO,ES,Combined TRACON& Tower with Radar,828,537,61,5,1431,1,1,11,0,13,829,538,72,5,1444,0,0,0,1444
10/30/2007,CLT,NC,ASO,ES,Combined TRACON& Tower with Radar,837,584,107,6,1534,0,3,30,0,33,837,587,137,6,1567,0,0,0,1567
10/31/2007,CLT,NC,ASO,ES,Combined TRACON& Tower with Radar,829,557,76,6,1468,0,3,20,0,23,829,560,96,6,1491,0,0,0,1491
11/01/2007,CLT,NC,ASO,ES,Combined TRACON& Tower with Radar,847,556,90,6,1499,0,11,41,0,52,847,567,131,6,1551,0,0,0,1551
11/02/2007,CLT,NC,ASO,ES,Combined TRACON& Tower with Radar,848,554,104,9,1515,1,5,32,0,38,849,559,136,9,1553,0,0,0,1553
11/03/2007,CLT,NC,ASO,ES,Combined TRACON& Tower with Radar,772,477,42,5,1296,6,3,39,2,50,778,480,81,7,1346,0,0,0,1346
11/04/2007,CLT,NC,ASO,ES,Combined TRACON& Tower with Radar,803,483,47,0,1333,3,6,22,2,33,806,489,69,2,1366,0,0,0,1366
11/05/2007,CLT,NC,ASO,ES,Combined TRACON& Tower with Radar,846,553,86,5,1490,2,3,27,0,32,848,556,113,5,1522,0,0,0,1522
11/06/2007,CLT,NC,ASO,ES,Combined TRACON& Tower with Radar,861,573,89,11,1534,2,5,17,0,24,863,578,106,11,1558,0,0,0,1558
11/07/2007,CLT,NC,ASO,ES,Combined TRACON& Tower with Radar,864,581,100,12,1557,0,8,31,0,39,864,589,131,12,1596,0,0,0,1596
11/08/2007,CLT,NC,ASO,ES,Combined TRACON& Tower with Radar,884,576,126,6,1592,0,6,27,0,33,884,582,153,6,1625,0,0,0,1625
11/09/2007,CLT,NC,ASO,ES,Combined TRACON& Tower with Radar,869,573,106,0,1548,1,7,24,0,32,870,580,130,0,1580,0,0,0,1580
11/10/2007,CLT,NC,ASO,ES,Combined TRACON& Tower with Radar,793,495,34,1,1323,1,7,20,0,28,794,502,54,1,1351,0,0,0,1351
11/11/2007,CLT,NC,ASO,ES,Combined TRACON& Tower with Radar,823,471,76,0,1370,1,6,11,0,18,824,477,87,0,1388,0,0,0,1388
11/12/2007,CLT,NC,ASO,ES,Combined TRACON& Tower with Radar,860,521,78,1,1460,1,4,21,0,26,861,525,99,1,1486,0,0,0,1486
11/13/2007,CLT,NC,ASO,ES,Combined TRACON& Tower with Radar,857,548,125,10,1540,1,3,45,0,49,858,551,170,10,1589,0,0,0,1589
11/14/2007,CLT,NC,ASO,ES,Combined TRACON& Tower with Radar,862,579,102,10,1553,0,8,30,2,40,862,587,132,12,1593,0,0,0,1593
11/15/2007,CLT,NC,ASO,ES,Combined TRACON& Tower with Radar,865,566,106,13,1550,1,0,12,0,13,866,566,118,13,1563,0,0,0,1563
11/16/2007,CLT,NC,ASO,ES,Combined TRACON& Tower with Radar,853,596,88,5,1542,1,5,43,0,49,854,601,131,5,1591,0,0,0,1591
11/17/2007,CLT,NC,ASO,ES,Combined TRACON& Tower with Radar,786,484,45,0,1315,0,3,30,2,35,786,487,75,2,1350,0,0,0,1350
11/18/2007,CLT,NC,ASO,ES,Combined TRACON& Tower with Radar,819,475,46,0,1340,0,2,14,2,18,819,477,60,2,1358,0,0,0,1358
11/19/2007,CLT,NC,ASO,ES,Combined TRACON& Tower with Radar,847,539,69,2,1457,2,2,30,0,34,849,541,99,2,1491,0,0,0,1491
11/20/2007,CLT,NC,ASO,ES,Combined TRACON& Tower with Radar,873,565,96,12,1546,0,3,41,0,44,873,568,137,12,1590,0,0,0,1590
11/21/2007,CLT,NC,ASO,ES,Combined TRACON& Tower with Radar,879,569,79,4,1531,0,1,32,0,33,879,570,111,4,1564,0,0,0,1564
11/22/2007,CLT,NC,ASO,ES,Combined TRACON& Tower with Radar,737,393,13,0,1143,0,2,4,0,6,737,395,17,0,1149,0,0,0,1149
11/23/2007,CLT,NC,ASO,ES,Combined TRACON& Tower with Radar,742,370,30,0,1142,0,1,33,0,34,742,371,63,0,1176,0,0,0,1176
11/24/2007,CLT,NC,ASO,ES,Combined TRACON& Tower with Radar,786,491,37,0,1314,0,3,26,0,29,786,494,63,0,1343,0,0,0,1343
11/25/2007,CLT,NC,ASO,ES,Combined TRACON& Tower with Radar,825,495,82,3,1405,4,0,8,0,12,829,495,90,3,1417,0,0,0,1417
11/26/2007,CLT,NC,ASO,ES,Combined TRACON& Tower with Radar,817,474,51,0,1342,2,2,0,0,4,819,476,51,0,1346,0,0,0,1346
11/27/2007,CLT,NC,ASO,ES,Combined TRACON& Tower with Radar,894,598,114,7,1613,2,0,14,0,16,896,598,128,7,1629,0,0,0,1629
11/28/2007,CLT,NC,ASO,ES,Combined TRACON& Tower with Radar,866,570,121,6,1563,2,6,20,0,28,868,576,141,6,1591,0,0,0,1591
11/29/2007,CLT,NC,ASO,ES,Combined TRACON& Tower with Radar,863,571,104,9,1547,1,5,15,5,26,864,576,119,14,1573,0,0,0,1573
11/30/2007,CLT,NC,ASO,ES,Combined TRACON& Tower with Radar,861,564,102,5,1532,1,6,33,2,42,862,570,135,7,1574,0,0,0,1574
12/01/2007,CLT,NC,ASO,ES,Combined TRACON& Tower with Radar,761,474,32,0,1267,1,4,34,0,39,762,478,66,0,1306,0,0,0,1306
12/02/2007,CLT,NC,ASO,ES,Combined TRACON& Tower with Radar,806,449,63,2,1320,0,12,11,0,23,806,461,74,2,1343,0,0,0,1343
12/03/2007,CLT,NC,ASO,ES,Combined TRACON& Tower with Radar,838,509,86,1,1434,4,5,22,3,34,842,514,108,4,1468,0,0,0,1468
12/04/2007,CLT,NC,ASO,ES,Combined TRACON& Tower with Radar,862,546,93,10,1511,0,7,26,1,34,862,553,119,11,1545,0,0,0,1545
12/05/2007,CLT,NC,ASO,ES,Combined TRACON& Tower with Radar,846,546,85,10,1487,1,6,25,0,32,847,552,110,10,1519,0,0,0,1519
12/06/2007,CLT,NC,ASO,ES,Combined TRACON& Tower with Radar,861,558,88,14,1521,0,8,39,0,47,861,566,127,14,1568,0,0,0,1568
12/07/2007,CLT,NC,ASO,ES,Combined TRACON& Tower with Radar,858,543,81,0,1482,0,2,31,2,35,858,545,112,2,1517,0,0,0,1517
12/08/2007,CLT,NC,ASO,ES,Combined TRACON& Tower with Radar,776,444,33,0,1253,0,6,25,0,31,776,450,58,0,1284,0,0,0,1284
12/09/2007,CLT,NC,ASO,ES,Combined TRACON& Tower with Radar,763,383,52,0,1198,0,0,13,1,14,763,383,65,1,1212,0,0,0,1212
12/10/2007,CLT,NC,ASO,ES,Combined TRACON& Tower with Radar,834,524,76,7,1441,0,6,23,1,30,834,530,99,8,1471,0,0,0,1471
12/11/2007,CLT,NC,ASO,ES,Combined TRACON& Tower with Radar,837,532,97,10,1476,1,3,25,0,29,838,535,122,10,1505,0,0,0,1505
12/12/2007,CLT,NC,ASO,ES,Combined TRACON& Tower with Radar,860,567,98,6,1531,0,7,44,0,51,860,574,142,6,1582,0,0,0,1582
12/13/2007,CLT,NC,ASO,ES,Combined TRACON& Tower with Radar,835,535,76,10,1456,3,5,36,0,44,838,540,112,10,1500,0,0,0,1500
12/14/2007,CLT,NC,ASO,ES,Combined TRACON& Tower with Radar,863,547,84,1,1495,3,3,32,0,38,866,550,116,1,1533,0,0,0,1533
12/15/2007,CLT,NC,ASO,ES,Combined TRACON& Tower with Radar,782,459,42,0,1283,0,5,8,0,13,782,464,50,0,1296,0,0,0,1296
12/16/2007,CLT,NC,ASO,ES,Combined TRACON& Tower with Radar,760,425,38,1,1224,0,0,11,0,11,760,425,49,1,1235,0,0,0,1235
12/17/2007,CLT,NC,ASO,ES,Combined TRACON& Tower with Radar,835,551,78,4,1468,0,7,11,0,18,835,558,89,4,1486,0,0,0,1486
12/18/2007,CLT,NC,ASO,ES,Combined TRACON& Tower with Radar,849,564,92,6,1511,3,6,30,1,40,852,570,122,7,1551,0,0,0,1551
12/19/2007,CLT,NC,ASO,ES,Combined TRACON& Tower with Radar,844,543,78,7,1472,1,8,26,4,39,845,551,104,11,1511,0,0,0,1511
12/20/2007,CLT,NC,ASO,ES,Combined TRACON& Tower with Radar,866,564,90,5,1525,3,6,19,0,28,869,570,109,5,1553,0,0,0,1553
12/21/2007,CLT,NC,ASO,ES,Combined TRACON& Tower with Radar,868,546,60,0,1474,4,6,20,0,30,872,552,80,0,1504,0,0,0,1504
12/22/2007,CLT,NC,ASO,ES,Combined TRACON& Tower with Radar,804,506,52,0,1362,2,4,19,0,25,806,510,71,0,1387,0,0,0,1387
12/23/2007,CLT,NC,ASO,ES,Combined TRACON& Tower with Radar,792,451,38,0,1281,0,3,2,0,5,792,454,40,0,1286,0,0,0,1286
12/24/2007,CLT,NC,ASO,ES,Combined TRACON& Tower with Radar,789,449,12,0,1250,0,4,18,0,22,789,453,30,0,1272,0,0,0,1272
12/25/2007,CLT,NC,ASO,ES,Combined TRACON& Tower with Radar,743,408,11,0,1162,0,7,11,0,18,743,415,22,0,1180,0,0,0,1180
12/26/2007,CLT,NC,ASO,ES,Combined TRACON& Tower with Radar,852,504,33,0,1389,5,5,13,0,23,857,509,46,0,1412,0,0,0,1412
12/27/2007,CLT,NC,ASO,ES,Combined TRACON& Tower with Radar,878,538,54,0,1470,0,5,28,0,33,878,543,82,0,1503,0,0,0,1503
12/28/2007,CLT,NC,ASO,ES,Combined TRACON& Tower with Radar,841,535,37,0,1413,0,2,14,0,16,841,537,51,0,1429,0,0,0,1429
12/29/2007,CLT,NC,ASO,ES,Combined TRACON& Tower with Radar,838,510,55,0,1403,2,0,9,0,11,840,510,64,0,1414,0,0,0,1414
12/30/2007,CLT,NC,ASO,ES,Combined TRACON& Tower with Radar,811,466,27,0,1304,0,4,4,0,8,811,470,31,0,1312,0,0,0,1312
12/31/2007,CLT,NC,ASO,ES,Combined TRACON& Tower with Radar,827,471,26,0,1324,0,9,19,0,28,827,480,45,0,1352,0,0,0,1352
01/01/2008,CLT,NC,ASO,ES,Combined TRACON& Tower with Radar,832,439,27,0,1298,2,3,12,0,17,834,442,39,0,1315,0,0,0,1315
01/02/2008,CLT,NC,ASO,ES,Combined TRACON& Tower with Radar,857,499,44,0,1400,3,4,5,0,12,860,503,49,0,1412,0,0,0,1412
01/03/2008,CLT,NC,ASO,ES,Combined TRACON& Tower with Radar,880,552,72,0,1504,0,9,21,0,30,880,561,93,0,1534,0,0,0,1534
01/04/2008,CLT,NC,ASO,ES,Combined TRACON& Tower with Radar,895,537,54,0,1486,0,7,21,0,28,895,544,75,0,1514,0,0,0,1514
01/05/2008,CLT,NC,ASO,ES,Combined TRACON& Tower with Radar,802,461,35,0,1298,2,8,21,0,31,804,469,56,0,1329,0,0,0,1329
01/06/2008,CLT,NC,ASO,ES,Combined TRACON& Tower with Radar,822,462,25,1,1310,0,2,13,0,15,822,464,38,1,1325,0,0,0,1325
01/07/2008,CLT,NC,ASO,ES,Combined TRACON& Tower with Radar,833,509,47,4,1393,2,3,13,0,18,835,512,60,4,1411,0,0,0,1411
01/08/2008,CLT,NC,ASO,ES,Combined TRACON& Tower with Radar,816,488,74,8,1386,1,14,10,0,25,817,502,84,8,1411,0,0,0,1411
01/09/2008,CLT,NC,ASO,ES,Combined TRACON& Tower with Radar,864,550,79,9,1502,0,2,22,0,24,864,552,101,9,1526,0,0,0,1526
01/10/2008,CLT,NC,ASO,ES,Combined TRACON& Tower with Radar,859,541,83,0,1483,0,0,0,0,0,859,541,83,0,1483,0,0,0,1483
01/11/2008,CLT,NC,ASO,ES,Combined TRACON& Tower with Radar,867,555,77,7,1506,1,2,14,2,19,868,557,91,9,1525,0,0,0,1525
01/12/2008,CLT,NC,ASO,ES,Combined TRACON& Tower with Radar,760,469,37,2,1268,0,5,34,0,39,760,474,71,2,1307,0,0,0,1307
01/13/2008,CLT,NC,ASO,ES,Combined TRACON& Tower with Radar,808,480,40,5,1333,1,3,21,0,25,809,483,61,5,1358,0,0,0,1358
01/14/2008,CLT,NC,ASO,ES,Combined TRACON& Tower with Radar,845,537,81,0,1463,2,1,28,0,31,847,538,109,0,1494,0,0,0,1494
01/15/2008,CLT,NC,ASO,ES,Combined TRACON& Tower with Radar,861,538,93,13,1505,1,1,36,0,38,862,539,129,13,1543,0,0,0,1543
01/16/2008,CLT,NC,ASO,ES,Combined TRACON& Tower with Radar,840,553,105,8,1506,0,6,36,0,42,840,559,141,8,1548,0,0,0,1548
01/17/2008,CLT,NC,ASO,ES,Combined TRACON& Tower with Radar,851,503,64,0,1418,3,1,2,0,6,854,504,66,0,1424,0,0,0,1424
01/18/2008,CLT,NC,ASO,ES,Combined TRACON& Tower with Radar,855,564,73,2,1494,3,0,0,0,3,858,564,73,2,1497,0,0,0,1497
01/19/2008,CLT,NC,ASO,ES,Combined TRACON& Tower with Radar,724,424,11,1,1160,0,4,0,0,4,724,428,11,1,1164,0,0,0,1164
01/20/2008,CLT,NC,ASO,ES,Combined TRACON& Tower with Radar,809,462,36,0,1307,0,6,18,0,24,809,468,54,0,1331,0,0,0,1331
01/21/2008,CLT,NC,ASO,ES,Combined TRACON& Tower with Radar,829,496,73,3,1401,0,4,7,0,11,829,500,80,3,1412,0,0,0,1412
01/22/2008,CLT,NC,ASO,ES,Combined TRACON& Tower with Radar,842,508,62,2,1414,0,1,8,0,9,842,509,70,2,1423,0,0,0,1423
01/23/2008,CLT,NC,ASO,ES,Combined TRACON& Tower with Radar,789,452,92,13,1346,0,1,3,0,4,789,453,95,13,1350,0,0,0,1350
01/24/2008,CLT,NC,ASO,ES,Combined TRACON& Tower with Radar,856,559,85,9,1509,0,6,15,0,21,856,565,100,9,1530,0,0,0,1530
01/25/2008,CLT,NC,ASO,ES,Combined TRACON& Tower with Radar,842,546,71,0,1459,1,6,21,0,28,843,552,92,0,1487,0,0,0,1487
01/26/2008,CLT,NC,ASO,ES,Combined TRACON& Tower with Radar,748,474,17,0,1239,1,5,13,0,19,749,479,30,0,1258,0,0,0,1258
01/27/2008,CLT,NC,ASO,ES,Combined TRACON& Tower with Radar,791,464,45,2,1302,1,4,13,0,18,792,468,58,2,1320,0,0,0,1320
01/28/2008,CLT,NC,ASO,ES,Combined TRACON& Tower with Radar,837,526,78,6,1447,0,3,23,0,26,837,529,101,6,1473,0,0,0,1473
01/29/2008,CLT,NC,ASO,ES,Combined TRACON& Tower with Radar,842,542,72,8,1464,0,2,23,0,25,842,544,95,8,1489,0,0,0,1489
01/30/2008,CLT,NC,ASO,ES,Combined TRACON& Tower with Radar,849,534,73,11,1467,2,5,17,0,24,851,539,90,11,1491,0,0,0,1491
01/31/2008,CLT,NC,ASO,ES,Combined TRACON& Tower with Radar,837,551,88,7,1483,3,6,36,0,45,840,557,124,7,1528,0,0,0,1528
02/01/2008,CLT,NC,ASO,ES,Combined TRACON& Tower with Radar,851,510,65,4,1430,1,3,7,0,11,852,513,72,4,1441,0,0,0,1441
02/02/2008,CLT,NC,ASO,ES,Combined TRACON& Tower with Radar,778,443,41,0,1262,0,7,19,0,26,778,450,60,0,1288,0,0,0,1288
02/03/2008,CLT,NC,ASO,ES,Combined TRACON& Tower with Radar,798,452,19,4,1273,1,0,14,0,15,799,452,33,4,1288,0,0,0,1288
02/04/2008,CLT,NC,ASO,ES,Combined TRACON& Tower with Radar,818,506,79,4,1407,0,10,12,1,23,818,516,91,5,1430,0,0,0,1430
02/05/2008,CLT,NC,ASO,ES,Combined TRACON& Tower with Radar,840,524,79,14,1457,0,5,21,1,27,840,529,100,15,1484,0,0,0,1484
02/06/2008,CLT,NC,ASO,ES,Combined TRACON& Tower with Radar,831,532,87,10,1460,0,4,11,0,15,831,536,98,10,1475,0,0,0,1475
02/07/2008,CLT,NC,ASO,ES,Combined TRACON& Tower with Radar,862,564,108,9,1543,3,1,29,0,33,865,565,137,9,1576,0,0,0,1576
02/08/2008,CLT,NC,ASO,ES,Combined TRACON& Tower with Radar,838,542,75,8,1463,1,6,34,0,41,839,548,109,8,1504,0,0,0,1504
02/09/2008,CLT,NC,ASO,ES,Combined TRACON& Tower with Radar,767,437,20,5,1229,1,4,34,0,39,768,441,54,5,1268,0,0,0,1268
02/10/2008,CLT,NC,ASO,ES,Combined TRACON& Tower with Radar,793,477,50,2,1322,0,6,18,0,24,793,483,68,2,1346,0,0,0,1346
02/11/2008,CLT,NC,ASO,ES,Combined TRACON& Tower with Radar,839,531,70,3,1443,0,5,27,2,34,839,536,97,5,1477,0,0,0,1477
02/12/2008,CLT,NC,ASO,ES,Combined TRACON& Tower with Radar,810,498,85,15,1408,0,4,10,0,14,810,502,95,15,1422,0,0,0,1422
02/13/2008,CLT,NC,ASO,ES,Combined TRACON& Tower with Radar,826,518,79,8,1431,1,5,0,0,6,827,523,79,8,1437,0,0,0,1437
02/14/2008,CLT,NC,ASO,ES,Combined TRACON& Tower with Radar,867,558,114,6,1545,1,5,24,0,30,868,563,138,6,1575,0,0,0,1575
02/15/2008,CLT,NC,ASO,ES,Combined TRACON& Tower with Radar,854,533,80,4,1471,0,5,20,2,27,854,538,100,6,1498,0,0,0,1498
02/16/2008,CLT,NC,ASO,ES,Combined TRACON& Tower with Radar,791,467,43,1,1302,0,1,22,0,23,791,468,65,1,1325,0,0,0,1325
02/17/2008,CLT,NC,ASO,ES,Combined TRACON& Tower with Radar,790,425,41,1,1257,5,0,5,0,10,795,425,46,1,1267,0,0,0,1267
02/18/2008,CLT,NC,ASO,ES,Combined TRACON& Tower with Radar,843,494,72,0,1409,0,8,17,0,25,843,502,89,0,1434,0,0,0,1434
02/19/2008,CLT,NC,ASO,ES,Combined TRACON& Tower with Radar,873,547,112,6,1538,2,1,17,0,20,875,548,129,6,1558,0,0,0,1558
02/20/2008,CLT,NC,ASO,ES,Combined TRACON& Tower with Radar,853,558,104,3,1518,0,8,28,0,36,853,566,132,3,1554,0,0,0,1554
02/21/2008,CLT,NC,ASO,ES,Combined TRACON& Tower with Radar,857,543,98,6,1504,0,6,21,0,27,857,549,119,6,1531,0,0,0,1531
02/22/2008,CLT,NC,ASO,ES,Combined TRACON& Tower with Radar,843,528,50,4,1425,0,4,0,0,4,843,532,50,4,1429,0,0,0,1429
02/23/2008,CLT,NC,ASO,ES,Combined TRACON& Tower with Radar,781,461,29,1,1272,3,1,22,1,27,784,462,51,2,1299,0,0,0,1299
02/24/2008,CLT,NC,ASO,ES,Combined TRACON& Tower with Radar,809,466,36,0,1311,2,0,11,2,15,811,466,47,2,1326,0,0,0,1326
02/25/2008,CLT,NC,ASO,ES,Combined TRACON& Tower with Radar,846,528,94,4,1472,0,8,25,1,34,846,536,119,5,1506,0,0,0,1506
02/26/2008,CLT,NC,ASO,ES,Combined TRACON& Tower with Radar,840,540,83,5,1468,1,5,10,0,16,841,545,93,5,1484,0,0,0,1484
02/27/2008,CLT,NC,ASO,ES,Combined TRACON& Tower with Radar,863,568,99,9,1539,3,2,11,0,16,866,570,110,9,1555,0,0,0,1555
02/28/2008,CLT,NC,ASO,ES,Combined TRACON& Tower with Radar,872,540,106,11,1529,0,7,34,0,41,872,547,140,11,1570,0,0,0,1570
02/29/2008,CLT,NC,ASO,ES,Combined TRACON& Tower with Radar,866,542,57,3,1468,0,8,23,0,31,866,550,80,3,1499,0,0,0,1499
03/01/2008,CLT,NC,ASO,ES,Combined TRACON& Tower with Radar,806,459,23,1,1289,4,4,20,0,28,810,463,43,1,1317,0,0,0,1317
03/02/2008,CLT,NC,ASO,ES,Combined TRACON& Tower with Radar,826,465,40,0,1331,0,3,27,0,30,826,468,67,0,1361,0,0,0,1361
03/03/2008,CLT,NC,ASO,ES,Combined TRACON& Tower with Radar,847,520,61,4,1432,1,6,19,0,26,848,526,80,4,1458,0,0,0,1458
03/04/2008,CLT,NC,ASO,ES,Combined TRACON& Tower with Radar,809,492,54,1,1356,1,1,1,1,4,810,493,55,2,1360,0,0,0,1360
03/05/2008,CLT,NC,ASO,ES,Combined TRACON& Tower with Radar,915,580,76,9,1580,2,7,36,1,46,917,587,112,10,1626,0,0,0,1626
03/06/2008,CLT,NC,ASO,ES,Combined TRACON& Tower with Radar,859,553,121,5,1538,3,1,53,0,57,862,554,174,5,1595,0,0,0,1595
03/07/2008,CLT,NC,ASO,ES,Combined TRACON& Tower with Radar,835,520,88,0,1443,2,3,1,0,6,837,523,89,0,1449,0,0,0,1449
03/08/2008,CLT,NC,ASO,ES,Combined TRACON& Tower with Radar,782,476,42,0,1300,0,1,3,0,4,782,477,45,0,1304,0,0,0,1304
03/09/2008,CLT,NC,ASO,ES,Combined TRACON& Tower with Radar,823,452,46,4,1325,4,0,10,0,14,827,452,56,4,1339,0,0,0,1339
03/10/2008,CLT,NC,ASO,ES,Combined TRACON& Tower with Radar,867,503,50,0,1420,0,3,23,0,26,867,506,73,0,1446,0,0,0,1446
03/11/2008,CLT,NC,ASO,ES,Combined TRACON& Tower with Radar,885,552,89,10,1536,0,3,37,0,40,885,555,126,10,1576,0,0,0,1576
03/12/2008,CLT,NC,ASO,ES,Combined TRACON& Tower with Radar,867,564,99,8,1538,0,7,32,0,39,867,571,131,8,1577,0,0,0,1577
03/13/2008,CLT,NC,ASO,ES,Combined TRACON& Tower with Radar,880,561,160,9,1610,1,6,30,0,37,881,567,190,9,1647,0,0,0,1647
03/14/2008,CLT,NC,ASO,ES,Combined TRACON& Tower with Radar,869,553,123,8,1553,0,3,27,0,30,869,556,150,8,1583,0,0,0,1583
03/15/2008,CLT,NC,ASO,ES,Combined TRACON& Tower with Radar,724,433,48,1,1206,4,5,14,0,23,728,438,62,1,1229,0,0,0,1229
03/16/2008,CLT,NC,ASO,ES,Combined TRACON& Tower with Radar,848,502,111,2,1463,0,3,19,0,22,848,505,130,2,1485,0,0,0,1485
03/17/2008,CLT,NC,ASO,ES,Combined TRACON& Tower with Radar,847,536,72,4,1459,1,1,16,0,18,848,537,88,4,1477,0,0,0,1477
03/18/2008,CLT,NC,ASO,ES,Combined TRACON& Tower with Radar,863,548,98,6,1515,1,2,29,0,32,864,550,127,6,1547,0,0,0,1547
03/19/2008,CLT,NC,ASO,ES,Combined TRACON& Tower with Radar,860,532,89,3,1484,1,0,10,0,11,861,532,99,3,1495,0,0,0,1495
03/20/2008,CLT,NC,ASO,ES,Combined TRACON& Tower with Radar,881,572,122,2,1577,1,4,30,0,35,882,576,152,2,1612,0,0,0,1612
03/21/2008,CLT,NC,ASO,ES,Combined TRACON& Tower with Radar,867,508,56,1,1432,3,6,27,0,36,870,514,83,1,1468,0,0,0,1468
03/22/2008,CLT,NC,ASO,ES,Combined TRACON& Tower with Radar,792,452,37,3,1284,1,11,26,0,38,793,463,63,3,1322,0,0,0,1322
03/23/2008,CLT,NC,ASO,ES,Combined TRACON& Tower with Radar,823,453,37,1,1314,3,1,16,0,20,826,454,53,1,1334,0,0,0,1334
03/24/2008,CLT,NC,ASO,ES,Combined TRACON& Tower with Radar,850,518,60,3,1431,1,1,26,0,28,851,519,86,3,1459,0,0,0,1459
03/25/2008,CLT,NC,ASO,ES,Combined TRACON& Tower with Radar,871,550,79,6,1506,1,4,29,0,34,872,554,108,6,1540,0,0,0,1540
03/26/2008,CLT,NC,ASO,ES,Combined TRACON& Tower with Radar,873,548,79,6,1506,0,4,38,0,42,873,552,117,6,1548,0,0,0,1548
03/27/2008,CLT,NC,ASO,ES,Combined TRACON& Tower with Radar,862,575,148,5,1590,0,7,32,0,39,862,582,180,5,1629,0,0,0,1629
03/28/2008,CLT,NC,ASO,ES,Combined TRACON& Tower with Radar,889,570,104,5,1568,0,1,30,0,31,889,571,134,5,1599,0,0,0,1599
03/29/2008,CLT,NC,ASO,ES,Combined TRACON& Tower with Radar,781,487,66,0,1334,0,1,10,0,11,781,488,76,0,1345,0,0,0,1345
03/30/2008,CLT,NC,ASO,ES,Combined TRACON& Tower with Radar,839,468,88,0,1395,4,2,8,0,14,843,470,96,0,1409,0,0,0,1409
03/31/2008,CLT,NC,ASO,ES,Combined TRACON& Tower with Radar,836,533,105,4,1478,1,0,0,0,1,837,533,105,4,1479,0,0,0,1479
04/01/2008,CLT,NC,ASO,ES,Combined TRACON& Tower with Radar,844,537,85,10,1476,4,10,12,0,26,848,547,97,10,1502,0,0,0,1502
04/02/2008,CLT,NC,ASO,ES,Combined TRACON& Tower with Radar,881,564,82,8,1535,0,6,33,0,39,881,570,115,8,1574,0,0,0,1574
04/03/2008,CLT,NC,ASO,ES,Combined TRACON& Tower with Radar,860,564,102,2,1528,2,5,8,0,15,862,569,110,2,1543,0,0,0,1543
04/04/2008,CLT,NC,ASO,ES,Combined TRACON& Tower with Radar,847,558,73,4,1482,8,0,2,0,10,855,558,75,4,1492,0,0,0,1492
04/05/2008,CLT,NC,ASO,ES,Combined TRACON& Tower with Radar,821,480,40,2,1343,1,2,0,0,3,822,482,40,2,1346,0,0,0,1346
04/06/2008,CLT,NC,ASO,ES,Combined TRACON& Tower with Radar,837,483,56,6,1382,2,5,25,0,32,839,488,81,6,1414,0,0,0,1414
04/07/2008,CLT,NC,ASO,ES,Combined TRACON& Tower with Radar,886,545,71,0,1502,0,2,18,0,20,886,547,89,0,1522,0,0,0,1522
04/08/2008,CLT,NC,ASO,ES,Combined TRACON& Tower with Radar,879,553,89,10,1531,2,4,36,1,43,881,557,125,11,1574,0,0,0,1574
04/09/2008,CLT,NC,ASO,ES,Combined TRACON& Tower with Radar,892,562,119,8,1581,1,2,34,0,37,893,564,153,8,1618,0,0,0,1618
04/10/2008,CLT,NC,ASO,ES,Combined TRACON& Tower with Radar,881,573,101,8,1563,1,9,31,0,41,882,582,132,8,1604,0,0,0,1604
04/11/2008,CLT,NC,ASO,ES,Combined TRACON& Tower with Radar,870,552,83,4,1509,1,1,26,0,28,871,553,109,4,1537,0,0,0,1537
04/12/2008,CLT,NC,ASO,ES,Combined TRACON& Tower with Radar,804,480,31,3,1318,3,1,11,0,15,807,481,42,3,1333,0,0,0,1333
04/13/2008,CLT,NC,ASO,ES,Combined TRACON& Tower with Radar,849,482,49,4,1384,0,5,27,0,32,849,487,76,4,1416,0,0,0,1416
04/14/2008,CLT,NC,ASO,ES,Combined TRACON& Tower with Radar,880,520,77,5,1482,0,1,18,0,19,880,521,95,5,1501,0,0,0,1501
04/15/2008,CLT,NC,ASO,ES,Combined TRACON& Tower with Radar,886,574,81,6,1547,0,2,37,0,39,886,576,118,6,1586,0,0,0,1586
04/16/2008,CLT,NC,ASO,ES,Combined TRACON& Tower with Radar,887,554,78,7,1526,1,4,46,0,51,888,558,124,7,1577,0,0,0,1577
04/17/2008,CLT,NC,ASO,ES,Combined TRACON& Tower with Radar,900,561,90,12,1563,1,8,49,0,58,901,569,139,12,1621,0,0,0,1621
04/18/2008,CLT,NC,ASO,ES,Combined TRACON& Tower with Radar,895,565,64,1,1525,0,2,39,2,43,895,567,103,3,1568,0,0,0,1568
04/19/2008,CLT,NC,ASO,ES,Combined TRACON& Tower with Radar,821,483,34,9,1347,0,1,21,0,22,821,484,55,9,1369,0,0,0,1369
04/20/2008,CLT,NC,ASO,ES,Combined TRACON& Tower with Radar,844,474,45,1,1364,0,3,18,0,21,844,477,63,1,1385,0,0,0,1385
04/21/2008,CLT,NC,ASO,ES,Combined TRACON& Tower with Radar,880,553,102,4,1539,0,0,16,0,16,880,553,118,4,1555,0,0,0,1555
04/22/2008,CLT,NC,ASO,ES,Combined TRACON& Tower with Radar,916,587,85,10,1598,0,5,14,0,19,916,592,99,10,1617,0,0,0,1617
04/23/2008,CLT,NC,ASO,ES,Combined TRACON& Tower with Radar,909,585,100,6,1600,1,8,33,0,42,910,593,133,6,1642,0,0,0,1642
04/24/2008,CLT,NC,ASO,ES,Combined TRACON& Tower with Radar,889,551,63,11,1514,0,0,26,1,27,889,551,89,12,1541,0,0,0,1541
04/25/2008,CLT,NC,ASO,ES,Combined TRACON& Tower with Radar,874,553,66,2,1495,0,7,25,0,32,874,560,91,2,1527,0,0,0,1527
04/26/2008,CLT,NC,ASO,ES,Combined TRACON& Tower with Radar,784,454,30,1,1269,0,2,13,0,15,784,456,43,1,1284,0,0,0,1284
04/27/2008,CLT,NC,ASO,ES,Combined TRACON& Tower with Radar,848,480,59,1,1388,5,3,10,0,18,853,483,69,1,1406,0,0,0,1406
04/28/2008,CLT,NC,ASO,ES,Combined TRACON& Tower with Radar,859,531,83,7,1480,1,7,14,0,22,860,538,97,7,1502,0,0,0,1502
04/29/2008,CLT,NC,ASO,ES,Combined TRACON& Tower with Radar,917,602,116,16,1651,0,8,27,0,35,917,610,143,16,1686,0,0,0,1686
04/30/2008,CLT,NC,ASO,ES,Combined TRACON& Tower with Radar,891,583,118,6,1598,2,0,34,2,38,893,583,152,8,1636,0,0,0,1636
05/01/2008,CLT,NC,ASO,ES,Combined TRACON& Tower with Radar,895,601,114,7,1617,1,5,35,5,46,896,606,149,12,1663,0,0,0,1663
05/02/2008,CLT,NC,ASO,ES,Combined TRACON& Tower with Radar,887,574,87,4,1552,0,4,30,0,34,887,578,117,4,1586,0,0,0,1586
05/03/2008,CLT,NC,ASO,ES,Combined TRACON& Tower with Radar,810,496,52,2,1360,0,5,21,0,26,810,501,73,2,1386,0,0,0,1386
05/04/2008,CLT,NC,ASO,ES,Combined TRACON& Tower with Radar,853,516,59,4,1432,1,4,22,0,27,854,520,81,4,1459,0,0,0,1459
05/05/2008,CLT,NC,ASO,ES,Combined TRACON& Tower with Radar,880,545,75,1,1501,2,5,33,0,40,882,550,108,1,1541,0,0,0,1541
05/06/2008,CLT,NC,ASO,ES,Combined TRACON& Tower with Radar,908,578,81,1,1568,1,1,37,0,39,909,579,118,1,1607,0,0,0,1607
05/07/2008,CLT,NC,ASO,ES,Combined TRACON& Tower with Radar,899,579,107,1,1586,0,3,47,0,50,899,582,154,1,1636,0,0,0,1636
05/08/2008,CLT,NC,ASO,ES,Combined TRACON& Tower with Radar,928,611,136,0,1675,1,2,25,0,28,929,613,161,0,1703,0,0,0,1703
05/09/2008,CLT,NC,ASO,ES,Combined TRACON& Tower with Radar,911,574,93,7,1585,0,3,26,0,29,911,577,119,7,1614,0,0,0,1614
05/10/2008,CLT,NC,ASO,ES,Combined TRACON& Tower with Radar,835,480,41,1,1357,1,6,17,0,24,836,486,58,1,1381,0,0,0,1381
05/11/2008,CLT,NC,ASO,ES,Combined TRACON& Tower with Radar,868,497,31,1,1397,3,3,5,0,11,871,500,36,1,1408,0,0,0,1408
05/12/2008,CLT,NC,ASO,ES,Combined TRACON& Tower with Radar,898,554,85,4,1541,1,4,25,0,30,899,558,110,4,1571,0,0,0,1571
05/13/2008,CLT,NC,ASO,ES,Combined TRACON& Tower with Radar,909,575,104,11,1599,0,2,52,0,54,909,577,156,11,1653,0,0,0,1653
05/14/2008,CLT,NC,ASO,ES,Combined TRACON& Tower with Radar,895,583,87,10,1575,0,2,27,4,33,895,585,114,14,1608,0,0,0,1608
05/15/2008,CLT,NC,ASO,ES,Combined TRACON& Tower with Radar,897,581,74,13,1565,0,1,29,2,32,897,582,103,15,1597,0,0,0,1597
05/16/2008,CLT,NC,ASO,ES,Combined TRACON& Tower with Radar,898,562,82,0,1542,1,9,29,3,42,899,571,111,3,1584,0,0,0,1584
05/17/2008,CLT,NC,ASO,ES,Combined TRACON& Tower with Radar,842,494,26,8,1370,2,33,19,5,59,844,527,45,13,1429,0,0,0,1429
05/18/2008,CLT,NC,ASO,ES,Combined TRACON& Tower with Radar,874,503,49,9,1435,4,21,23,3,51,878,524,72,12,1486,0,0,0,1486
05/19/2008,CLT,NC,ASO,ES,Combined TRACON& Tower with Radar,912,554,87,5,1558,2,8,42,0,52,914,562,129,5,1610,0,0,0,1610
05/20/2008,CLT,NC,ASO,ES,Combined TRACON& Tower with Radar,821,504,83,3,1411,4,7,22,0,33,825,511,105,3,1444,0,0,0,1444
05/21/2008,CLT,NC,ASO,ES,Combined TRACON& Tower with Radar,951,591,93,7,1642,3,5,25,2,35,954,596,118,9,1677,0,0,0,1677
05/22/2008,CLT,NC,ASO,ES,Combined TRACON& Tower with Radar,912,598,85,7,1602,0,8,47,4,59,912,606,132,11,1661,0,0,0,1661
05/23/2008,CLT,NC,ASO,ES,Combined TRACON& Tower with Radar,910,562,59,5,1536,0,8,34,0,42,910,570,93,5,1578,0,0,0,1578
05/24/2008,CLT,NC,ASO,ES,Combined TRACON& Tower with Radar,819,477,24,2,1322,0,18,22,1,41,819,495,46,3,1363,0,0,0,1363
05/25/2008,CLT,NC,ASO,ES,Combined TRACON& Tower with Radar,843,394,25,2,1264,0,58,23,0,81,843,452,48,2,1345,0,0,0,1345
05/26/2008,CLT,NC,ASO,ES,Combined TRACON& Tower with Radar,878,468,45,2,1393,2,23,20,0,45,880,491,65,2,1438,0,0,0,1438
05/27/2008,CLT,NC,ASO,ES,Combined TRACON& Tower with Radar,897,539,59,8,1503,1,11,37,1,50,898,550,96,9,1553,0,0,0,1553
05/28/2008,CLT,NC,ASO,ES,Combined TRACON& Tower with Radar,905,578,115,10,1608,0,2,12,0,14,905,580,127,10,1622,0,0,0,1622
05/29/2008,CLT,NC,ASO,ES,Combined TRACON& Tower with Radar,908,585,114,13,1620,3,1,21,0,25,911,586,135,13,1645,0,0,0,1645
05/30/2008,CLT,NC,ASO,ES,Combined TRACON& Tower with Radar,912,555,69,4,1540,4,1,40,0,45,916,556,109,4,1585,0,0,0,1585
05/31/2008,CLT,NC,ASO,ES,Combined TRACON& Tower with Radar,814,503,34,0,1351,0,1,22,0,23,814,504,56,0,1374,0,0,0,1374
06/01/2008,CLT,NC,ASO,ES,Combined TRACON& Tower with Radar,866,483,30,0,1379,0,0,12,0,12,866,483,42,0,1391,0,0,0,1391
06/02/2008,CLT,NC,ASO,ES,Combined TRACON& Tower with Radar,894,550,77,4,1525,0,10,32,5,47,894,560,109,9,1572,0,0,0,1572
06/03/2008,CLT,NC,ASO,ES,Combined TRACON& Tower with Radar,871,586,69,10,1536,1,1,23,1,26,872,587,92,11,1562,0,0,0,1562
06/04/2008,CLT,NC,ASO,ES,Combined TRACON& Tower with Radar,885,583,90,12,1570,0,1,31,2,34,885,584,121,14,1604,0,0,0,1604
06/05/2008,CLT,NC,ASO,ES,Combined TRACON& Tower with Radar,902,584,77,10,1573,0,4,38,0,42,902,588,115,10,1615,0,0,0,1615
06/06/2008,CLT,NC,ASO,ES,Combined TRACON& Tower with Radar,887,572,52,7,1518,1,5,33,0,39,888,577,85,7,1557,0,0,0,1557
06/07/2008,CLT,NC,ASO,ES,Combined TRACON& Tower with Radar,837,500,31,9,1377,0,9,22,2,33,837,509,53,11,1410,0,0,0,1410
06/08/2008,CLT,NC,ASO,ES,Combined TRACON& Tower with Radar,837,483,59,3,1382,0,5,24,5,34,837,488,83,8,1416,0,0,0,1416
06/09/2008,CLT,NC,ASO,ES,Combined TRACON& Tower with Radar,875,562,54,3,1494,1,3,28,2,34,876,565,82,5,1528,0,0,0,1528
06/10/2008,CLT,NC,ASO,ES,Combined TRACON& Tower with Radar,870,570,61,4,1505,1,4,33,1,39,871,574,94,5,1544,0,0,0,1544
06/11/2008,CLT,NC,ASO,ES,Combined TRACON& Tower with Radar,822,532,75,4,1433,1,4,23,0,28,823,536,98,4,1461,0,0,0,1461
06/12/2008,CLT,NC,ASO,ES,Combined TRACON& Tower with Radar,944,609,95,7,1655,1,1,33,1,36,945,610,128,8,1691,0,0,0,1691
06/13/2008,CLT,NC,ASO,ES,Combined TRACON& Tower with Radar,879,573,68,1,1521,0,4,15,1,20,879,577,83,2,1541,0,0,0,1541
06/14/2008,CLT,NC,ASO,ES,Combined TRACON& Tower with Radar,821,493,36,0,1350,0,3,24,0,27,821,496,60,0,1377,0,0,0,1377
06/15/2008,CLT,NC,ASO,ES,Combined TRACON& Tower with Radar,848,503,35,1,1387,0,6,10,0,16,848,509,45,1,1403,0,0,0,1403
06/16/2008,CLT,NC,ASO,ES,Combined TRACON& Tower with Radar,864,560,81,5,1510,0,8,24,0,32,864,568,105,5,1542,0,0,0,1542
06/17/2008,CLT,NC,ASO,ES,Combined TRACON& Tower with Radar,898,570,91,12,1571,0,7,27,0,34,898,577,118,12,1605,0,0,0,1605
06/18/2008,CLT,NC,ASO,ES,Combined TRACON& Tower with Radar,888,589,70,11,1558,0,4,26,0,30,888,593,96,11,1588,0,0,0,1588
06/19/2008,CLT,NC,ASO,ES,Combined TRACON& Tower with Radar,900,583,91,11,1585,2,2,25,0,29,902,585,116,11,1614,0,0,0,1614
06/20/2008,CLT,NC,ASO,ES,Combined TRACON& Tower with Radar,896,595,65,3,1559,0,7,25,0,32,896,602,90,3,1591,0,0,0,1591
06/21/2008,CLT,NC,ASO,ES,Combined TRACON& Tower with Radar,836,504,21,1,1362,1,5,11,0,17,837,509,32,1,1379,0,0,0,1379
06/22/2008,CLT,NC,ASO,ES,Combined TRACON& Tower with Radar,788,456,54,0,1298,1,2,9,0,12,789,458,63,0,1310,0,0,0,1310
06/23/2008,CLT,NC,ASO,ES,Combined TRACON& Tower with Radar,930,580,68,5,1583,1,4,13,4,22,931,584,81,9,1605,0,0,0,1605
06/24/2008,CLT,NC,ASO,ES,Combined TRACON& Tower with Radar,900,583,112,1,1596,0,9,27,0,36,900,592,139,1,1632,0,0,0,1632
06/25/2008,CLT,NC,ASO,ES,Combined TRACON& Tower with Radar,880,556,112,8,1556,2,5,36,0,43,882,561,148,8,1599,0,0,0,1599
06/26/2008,CLT,NC,ASO,ES,Combined TRACON& Tower with Radar,854,539,70,4,1467,0,6,16,0,22,854,545,86,4,1489,0,0,0,1489
06/27/2008,CLT,NC,ASO,ES,Combined TRACON& Tower with Radar,922,594,71,1,1588,0,7,13,1,21,922,601,84,2,1609,0,0,0,1609
06/28/2008,CLT,NC,ASO,ES,Combined TRACON& Tower with Radar,843,496,27,6,1372,0,3,12,2,17,843,499,39,8,1389,0,0,0,1389
06/29/2008,CLT,NC,ASO,ES,Combined TRACON& Tower with Radar,813,493,35,0,1341,1,3,11,1,16,814,496,46,1,1357,0,0,0,1357
06/30/2008,CLT,NC,ASO,ES,Combined TRACON& Tower with Radar,894,539,52,7,1492,0,6,18,1,25,894,545,70,8,1517,0,0,0,1517
07/01/2008,CLT,NC,ASO,ES,Combined TRACON& Tower with Radar,888,576,60,6,1530,0,4,28,1,33,888,580,88,7,1563,0,0,0,1563
07/02/2008,CLT,NC,ASO,ES,Combined TRACON& Tower with Radar,883,581,71,4,1539,0,4,27,0,31,883,585,98,4,1570,0,0,0,1570
07/03/2008,CLT,NC,ASO,ES,Combined TRACON& Tower with Radar,936,556,57,0,1549,0,0,20,0,20,936,556,77,0,1569,0,0,0,1569
07/04/2008,CLT,NC,ASO,ES,Combined TRACON& Tower with Radar,806,425,14,2,1247,0,2,13,0,15,806,427,27,2,1262,0,0,0,1262
07/05/2008,CLT,NC,ASO,ES,Combined TRACON& Tower with Radar,802,464,16,0,1282,0,3,4,0,7,802,467,20,0,1289,0,0,0,1289
07/06/2008,CLT,NC,ASO,ES,Combined TRACON& Tower with Radar,815,466,44,2,1327,0,0,7,0,7,815,466,51,2,1334,0,0,0,1334
07/07/2008,CLT,NC,ASO,ES,Combined TRACON& Tower with Radar,922,553,56,3,1534,0,1,8,0,9,922,554,64,3,1543,0,0,0,1543
07/08/2008,CLT,NC,ASO,ES,Combined TRACON& Tower with Radar,807,526,80,10,1423,0,2,19,0,21,807,528,99,10,1444,0,0,0,1444
07/09/2008,CLT,NC,ASO,ES,Combined TRACON& Tower with Radar,916,566,69,1,1552,0,5,20,0,25,916,571,89,1,1577,0,0,0,1577
07/10/2008,CLT,NC,ASO,ES,Combined TRACON& Tower with Radar,931,604,64,8,1607,0,5,26,0,31,931,609,90,8,1638,0,0,0,1638
07/11/2008,CLT,NC,ASO,ES,Combined TRACON& Tower with Radar,907,578,68,6,1559,0,2,25,0,27,907,580,93,6,1586,0,0,0,1586
07/12/2008,CLT,NC,ASO,ES,Combined TRACON& Tower with Radar,848,521,29,1,1399,0,5,20,0,25,848,526,49,1,1424,0,0,0,1424
07/13/2008,CLT,NC,ASO,ES,Combined TRACON& Tower with Radar,818,507,34,1,1360,0,0,8,0,8,818,507,42,1,1368,0,0,0,1368
07/14/2008,CLT,NC,ASO,ES,Combined TRACON& Tower with Radar,904,556,51,1,1512,0,7,22,0,29,904,563,73,1,1541,0,0,0,1541
07/15/2008,CLT,NC,ASO,ES,Combined TRACON& Tower with Radar,894,592,63,11,1560,0,7,30,0,37,894,599,93,11,1597,0,0,0,1597
07/16/2008,CLT,NC,ASO,ES,Combined TRACON& Tower with Radar,903,583,81,10,1577,0,2,16,1,19,903,585,97,11,1596,0,0,0,1596
07/17/2008,CLT,NC,ASO,ES,Combined TRACON& Tower with Radar,908,569,81,6,1564,0,2,20,3,25,908,571,101,9,1589,0,0,0,1589
07/18/2008,CLT,NC,ASO,ES,Combined TRACON& Tower with Radar,903,574,58,0,1535,0,2,16,1,19,903,576,74,1,1554,0,0,0,1554
07/19/2008,CLT,NC,ASO,ES,Combined TRACON& Tower with Radar,844,501,21,1,1367,1,4,20,0,25,845,505,41,1,1392,0,0,0,1392
07/20/2008,CLT,NC,ASO,ES,Combined TRACON& Tower with Radar,844,499,42,3,1388,0,2,9,0,11,844,501,51,3,1399,0,0,0,1399
07/21/2008,CLT,NC,ASO,ES,Combined TRACON& Tower with Radar,889,550,75,4,1518,0,0,26,0,26,889,550,101,4,1544,0,0,0,1544
07/22/2008,CLT,NC,ASO,ES,Combined TRACON& Tower with Radar,831,531,70,11,1443,0,0,19,1,20,831,531,89,12,1463,0,0,0,1463
07/23/2008,CLT,NC,ASO,ES,Combined TRACON& Tower with Radar,910,591,81,6,1588,0,1,14,2,17,910,592,95,8,1605,0,0,0,1605
07/24/2008,CLT,NC,ASO,ES,Combined TRACON& Tower with Radar,928,574,69,8,1579,0,0,30,0,30,928,574,99,8,1609,0,0,0,1609
07/25/2008,CLT,NC,ASO,ES,Combined TRACON& Tower with Radar,909,579,67,2,1557,0,3,23,0,26,909,582,90,2,1583,0,0,0,1583
07/26/2008,CLT,NC,ASO,ES,Combined TRACON& Tower with Radar,859,501,27,1,1388,0,0,20,0,20,859,501,47,1,1408,0,0,0,1408
07/27/2008,CLT,NC,ASO,ES,Combined TRACON& Tower with Radar,834,497,35,0,1366,0,3,15,0,18,834,500,50,0,1384,0,0,0,1384
07/28/2008,CLT,NC,ASO,ES,Combined TRACON& Tower with Radar,914,550,61,1,1526,0,0,12,2,14,914,550,73,3,1540,0,0,0,1540
07/29/2008,CLT,NC,ASO,ES,Combined TRACON& Tower with Radar,897,591,77,7,1572,0,0,27,0,27,897,591,104,7,1599,0,0,0,1599
07/30/2008,CLT,NC,ASO,ES,Combined TRACON& Tower with Radar,898,592,80,6,1576,0,1,18,0,19,898,593,98,6,1595,0,0,0,1595
07/31/2008,CLT,NC,ASO,ES,Combined TRACON& Tower with Radar,854,541,78,3,1476,0,7,18,0,25,854,548,96,3,1501,0,0,0,1501
08/01/2008,CLT,NC,ASO,ES,Combined TRACON& Tower with Radar,938,580,58,5,1581,0,4,35,0,39,938,584,93,5,1620,0,0,0,1620
08/02/2008,CLT,NC,ASO,ES,Combined TRACON& Tower with Radar,836,507,27,0,1370,0,1,19,0,20,836,508,46,0,1390,0,0,0,1390
08/03/2008,CLT,NC,ASO,ES,Combined TRACON& Tower with Radar,876,503,35,0,1414,0,0,16,0,16,876,503,51,0,1430,0,0,0,1430
08/04/2008,CLT,NC,ASO,ES,Combined TRACON& Tower with Radar,881,545,56,4,1486,0,2,26,2,30,881,547,82,6,1516,0,0,0,1516
08/05/2008,CLT,NC,ASO,ES,Combined TRACON& Tower with Radar,890,561,71,6,1528,0,0,27,0,27,890,561,98,6,1555,0,0,0,1555
08/06/2008,CLT,NC,ASO,ES,Combined TRACON& Tower with Radar,896,569,116,12,1593,0,4,22,0,26,896,573,138,12,1619,0,0,0,1619
08/07/2008,CLT,NC,ASO,ES,Combined TRACON& Tower with Radar,862,574,87,13,1536,0,2,28,2,32,862,576,115,15,1568,0,0,0,1568
08/08/2008,CLT,NC,ASO,ES,Combined TRACON& Tower with Radar,919,584,52,3,1558,0,5,31,0,36,919,589,83,3,1594,0,0,0,1594
08/09/2008,CLT,NC,ASO,ES,Combined TRACON& Tower with Radar,862,498,32,0,1392,0,2,20,0,22,862,500,52,0,1414,0,0,0,1414
08/10/2008,CLT,NC,ASO,ES,Combined TRACON& Tower with Radar,816,482,34,3,1335,0,1,33,1,35,816,483,67,4,1370,0,0,0,1370
08/11/2008,CLT,NC,ASO,ES,Combined TRACON& Tower with Radar,866,546,59,0,1471,0,4,13,0,17,866,550,72,0,1488,0,0,0,1488
08/12/2008,CLT,NC,ASO,ES,Combined TRACON& Tower with Radar,911,593,69,16,1589,0,5,30,1,36,911,598,99,17,1625,0,0,0,1625
08/13/2008,CLT,NC,ASO,ES,Combined TRACON& Tower with Radar,913,582,69,13,1577,0,2,10,0,12,913,584,79,13,1589,0,0,0,1589
08/14/2008,CLT,NC,ASO,ES,Combined TRACON& Tower with Radar,887,561,76,4,1528,0,4,18,0,22,887,565,94,4,1550,0,0,0,1550
08/15/2008,CLT,NC,ASO,ES,Combined TRACON& Tower with Radar,888,555,49,0,1492,0,3,21,0,24,888,558,70,0,1516,0,0,0,1516
08/16/2008,CLT,NC,ASO,ES,Combined TRACON& Tower with Radar,866,504,22,1,1393,0,0,19,0,19,866,504,41,1,1412,0,0,0,1412
08/17/2008,CLT,NC,ASO,ES,Combined TRACON& Tower with Radar,865,523,33,4,1425,0,0,20,1,21,865,523,53,5,1446,0,0,0,1446
08/18/2008,CLT,NC,ASO,ES,Combined TRACON& Tower with Radar,869,560,57,13,1499,0,1,7,0,8,869,561,64,13,1507,0,0,0,1507
08/19/2008,CLT,NC,ASO,ES,Combined TRACON& Tower with Radar,864,554,66,8,1492,0,4,39,0,43,864,558,105,8,1535,0,0,0,1535
08/20/2008,CLT,NC,ASO,ES,Combined TRACON& Tower with Radar,880,573,74,8,1535,0,1,32,5,38,880,574,106,13,1573,0,0,0,1573
08/21/2008,CLT,NC,ASO,ES,Combined TRACON& Tower with Radar,899,570,80,13,1562,0,4,32,1,37,899,574,112,14,1599,0,0,0,1599
08/22/2008,CLT,NC,ASO,ES,Combined TRACON& Tower with Radar,884,550,51,10,1495,0,0,17,2,19,884,550,68,12,1514,0,0,0,1514
08/23/2008,CLT,NC,ASO,ES,Combined TRACON& Tower with Radar,792,458,29,5,1284,0,4,14,0,18,792,462,43,5,1302,0,0,0,1302
08/24/2008,CLT,NC,ASO,ES,Combined TRACON& Tower with Radar,827,470,34,0,1331,0,2,15,0,17,827,472,49,0,1348,0,0,0,1348
08/25/2008,CLT,NC,ASO,ES,Combined TRACON& Tower with Radar,870,550,42,2,1464,0,1,12,0,13,870,551,54,2,1477,0,0,0,1477
08/26/2008,CLT,NC,ASO,ES,Combined TRACON& Tower with Radar,851,564,62,3,1480,0,0,0,0,0,851,564,62,3,1480,0,0,0,1480
08/27/2008,CLT,NC,ASO,ES,Combined TRACON& Tower with Radar,887,594,85,9,1575,0,0,8,0,8,887,594,93,9,1583,0,0,0,1583
08/28/2008,CLT,NC,ASO,ES,Combined TRACON& Tower with Radar,922,580,71,7,1580,0,1,12,0,13,922,581,83,7,1593,0,0,0,1593
08/29/2008,CLT,NC,ASO,ES,Combined TRACON& Tower with Radar,892,573,56,4,1525,0,4,13,0,17,892,577,69,4,1542,0,0,0,1542
08/30/2008,CLT,NC,ASO,ES,Combined TRACON& Tower with Radar,717,431,45,1,1194,0,3,12,1,16,717,434,57,2,1210,0,0,0,1210
08/31/2008,CLT,NC,ASO,ES,Combined TRACON& Tower with Radar,657,361,26,1,1045,0,0,8,0,8,657,361,34,1,1053,0,0,0,1053
09/01/2008,CLT,NC,ASO,ES,Combined TRACON& Tower with Radar,827,466,26,6,1325,0,0,13,0,13,827,466,39,6,1338,0,0,0,1338
09/02/2008,CLT,NC,ASO,ES,Combined TRACON& Tower with Radar,870,543,54,1,1468,0,2,26,0,28,870,545,80,1,1496,0,0,0,1496
09/03/2008,CLT,NC,ASO,ES,Combined TRACON& Tower with Radar,855,507,71,8,1441,0,6,28,1,35,855,513,99,9,1476,0,0,0,1476
09/04/2008,CLT,NC,ASO,ES,Combined TRACON& Tower with Radar,887,531,65,5,1488,0,4,45,0,49,887,535,110,5,1537,0,0,0,1537
09/05/2008,CLT,NC,ASO,ES,Combined TRACON& Tower with Radar,878,526,53,5,1462,0,0,16,1,17,878,526,69,6,1479,0,0,0,1479
09/06/2008,CLT,NC,ASO,ES,Combined TRACON& Tower with Radar,732,374,17,3,1126,0,2,17,2,21,732,376,34,5,1147,0,0,0,1147
09/07/2008,CLT,NC,ASO,ES,Combined TRACON& Tower with Radar,825,455,31,4,1315,0,0,19,0,19,825,455,50,4,1334,0,0,0,1334
09/08/2008,CLT,NC,ASO,ES,Combined TRACON& Tower with Radar,867,516,61,1,1445,0,1,19,0,20,867,517,80,1,1465,0,0,0,1465
09/09/2008,CLT,NC,ASO,ES,Combined TRACON& Tower with Radar,847,489,67,12,1415,0,2,14,0,16,847,491,81,12,1431,0,0,0,1431
09/10/2008,CLT,NC,ASO,ES,Combined TRACON& Tower with Radar,848,495,66,4,1413,0,0,8,0,8,848,495,74,4,1421,0,0,0,1421
09/11/2008,CLT,NC,ASO,ES,Combined TRACON& Tower with Radar,908,552,110,8,1578,0,0,0,0,0,908,552,110,8,1578,0,0,0,1578
09/12/2008,CLT,NC,ASO,ES,Combined TRACON& Tower with Radar,877,534,63,0,1474,0,0,21,0,21,877,534,84,0,1495,0,0,0,1495
09/13/2008,CLT,NC,ASO,ES,Combined TRACON& Tower with Radar,771,382,37,1,1191,0,2,24,0,26,771,384,61,1,1217,0,0,0,1217
09/14/2008,CLT,NC,ASO,ES,Combined TRACON& Tower with Radar,821,452,77,5,1355,0,2,25,0,27,821,454,102,5,1382,0,0,0,1382
09/15/2008,CLT,NC,ASO,ES,Combined TRACON& Tower with Radar,870,501,65,6,1442,0,0,25,0,25,870,501,90,6,1467,0,0,0,1467
09/16/2008,CLT,NC,ASO,ES,Combined TRACON& Tower with Radar,875,500,68,15,1458,0,1,5,1,7,875,501,73,16,1465,0,0,0,1465
09/17/2008,CLT,NC,ASO,ES,Combined TRACON& Tower with Radar,870,518,75,6,1469,0,3,14,1,18,870,521,89,7,1487,0,0,0,1487
09/18/2008,CLT,NC,ASO,ES,Combined TRACON& Tower with Radar,886,528,88,14,1516,0,1,31,1,33,886,529,119,15,1549,0,0,0,1549
09/19/2008,CLT,NC,ASO,ES,Combined TRACON& Tower with Radar,881,539,70,0,1490,0,4,27,1,32,881,543,97,1,1522,0,0,0,1522
09/20/2008,CLT,NC,ASO,ES,Combined TRACON& Tower with Radar,769,391,25,1,1186,0,0,9,2,11,769,391,34,3,1197,0,0,0,1197
09/21/2008,CLT,NC,ASO,ES,Combined TRACON& Tower with Radar,829,449,55,1,1334,0,0,13,1,14,829,449,68,2,1348,0,0,0,1348
09/22/2008,CLT,NC,ASO,ES,Combined TRACON& Tower with Radar,867,502,71,4,1444,0,1,18,0,19,867,503,89,4,1463,0,0,0,1463
09/23/2008,CLT,NC,ASO,ES,Combined TRACON& Tower with Radar,858,511,102,10,1481,0,3,26,0,29,858,514,128,10,1510,0,0,0,1510
09/24/2008,CLT,NC,ASO,ES,Combined TRACON& Tower with Radar,866,512,99,8,1485,0,4,27,2,33,866,516,126,10,1518,0,0,0,1518
09/25/2008,CLT,NC,ASO,ES,Combined TRACON& Tower with Radar,931,606,88,5,1630,0,0,11,2,13,931,606,99,7,1643,0,0,0,1643
09/26/2008,CLT,NC,ASO,ES,Combined TRACON& Tower with Radar,893,566,63,0,1522,0,0,0,0,0,893,566,63,0,1522,0,0,0,1522
09/27/2008,CLT,NC,ASO,ES,Combined TRACON& Tower with Radar,784,398,24,0,1206,0,0,14,0,14,784,398,38,0,1220,0,0,0,1220
09/28/2008,CLT,NC,ASO,ES,Combined TRACON& Tower with Radar,829,460,53,4,1346,0,1,12,0,13,829,461,65,4,1359,0,0,0,1359
09/29/2008,CLT,NC,ASO,ES,Combined TRACON& Tower with Radar,872,514,58,6,1450,0,2,32,0,34,872,516,90,6,1484,0,0,0,1484
09/30/2008,CLT,NC,ASO,ES,Combined TRACON& Tower with Radar,844,499,88,10,1441,0,3,32,0,35,844,502,120,10,1476,0,0,0,1476
10/01/2008,CLT,NC,ASO,ES,Combined TRACON& Tower with Radar,852,529,77,12,1470,0,2,25,0,27,852,531,102,12,1497,0,0,0,1497
10/02/2008,CLT,NC,ASO,ES,Combined TRACON& Tower with Radar,882,548,89,7,1526,0,2,33,0,35,882,550,122,7,1561,0,0,0,1561
10/03/2008,CLT,NC,ASO,ES,Combined TRACON& Tower with Radar,889,555,44,4,1492,0,0,27,0,27,889,555,71,4,1519,0,0,0,1519
10/04/2008,CLT,NC,ASO,ES,Combined TRACON& Tower with Radar,765,420,33,8,1226,0,0,19,3,22,765,420,52,11,1248,0,0,0,1248
10/05/2008,CLT,NC,ASO,ES,Combined TRACON& Tower with Radar,832,467,78,0,1377,0,3,19,4,26,832,470,97,4,1403,0,0,0,1403
10/06/2008,CLT,NC,ASO,ES,Combined TRACON& Tower with Radar,875,506,61,0,1442,0,0,14,2,16,875,506,75,2,1458,0,0,0,1458
10/07/2008,CLT,NC,ASO,ES,Combined TRACON& Tower with Radar,854,523,68,10,1455,0,2,19,0,21,854,525,87,10,1476,0,0,0,1476
10/08/2008,CLT,NC,ASO,ES,Combined TRACON& Tower with Radar,858,517,97,7,1479,0,2,14,1,17,858,519,111,8,1496,0,0,0,1496
10/09/2008,CLT,NC,ASO,ES,Combined TRACON& Tower with Radar,894,552,91,6,1543,0,2,6,0,8,894,554,97,6,1551,0,0,0,1551
10/10/2008,CLT,NC,ASO,ES,Combined TRACON& Tower with Radar,883,539,73,6,1501,0,12,14,0,26,883,551,87,6,1527,0,0,0,1527
10/11/2008,CLT,NC,ASO,ES,Combined TRACON& Tower with Radar,771,407,37,1,1216,0,47,15,0,62,771,454,52,1,1278,0,0,0,1278
10/12/2008,CLT,NC,ASO,ES,Combined TRACON& Tower with Radar,831,470,49,0,1350,0,21,17,0,38,831,491,66,0,1388,0,0,0,1388
10/13/2008,CLT,NC,ASO,ES,Combined TRACON& Tower with Radar,888,487,74,0,1449,0,1,17,0,18,888,488,91,0,1467,0,0,0,1467
10/14/2008,CLT,NC,ASO,ES,Combined TRACON& Tower with Radar,869,494,58,7,1428,0,2,17,0,19,869,496,75,7,1447,0,0,0,1447
10/15/2008,CLT,NC,ASO,ES,Combined TRACON& Tower with Radar,867,519,76,2,1464,0,1,26,0,27,867,520,102,2,1491,0,0,0,1491
10/16/2008,CLT,NC,ASO,ES,Combined TRACON& Tower with Radar,889,527,63,6,1485,0,4,35,0,39,889,531,98,6,1524,0,0,0,1524
10/17/2008,CLT,NC,ASO,ES,Combined TRACON& Tower with Radar,903,536,86,1,1526,0,1,12,0,13,903,537,98,1,1539,0,0,0,1539
10/18/2008,CLT,NC,ASO,ES,Combined TRACON& Tower with Radar,783,416,31,3,1233,0,0,15,0,15,783,416,46,3,1248,0,0,0,1248
10/19/2008,CLT,NC,ASO,ES,Combined TRACON& Tower with Radar,834,481,56,0,1371,0,0,15,0,15,834,481,71,0,1386,0,0,0,1386
10/20/2008,CLT,NC,ASO,ES,Combined TRACON& Tower with Radar,886,512,66,6,1470,0,2,18,0,20,886,514,84,6,1490,0,0,0,1490
10/21/2008,CLT,NC,ASO,ES,Combined TRACON& Tower with Radar,869,530,103,9,1511,0,2,28,1,31,869,532,131,10,1542,0,0,0,1542
10/22/2008,CLT,NC,ASO,ES,Combined TRACON& Tower with Radar,855,517,91,6,1469,0,4,23,0,27,855,521,114,6,1496,0,0,0,1496
10/23/2008,CLT,NC,ASO,ES,Combined TRACON& Tower with Radar,892,537,82,10,1521,0,2,22,0,24,892,539,104,10,1545,0,0,0,1545
10/24/2008,CLT,NC,ASO,ES,Combined TRACON& Tower with Radar,908,539,74,9,1530,0,1,8,2,11,908,540,82,11,1541,0,0,0,1541
10/25/2008,CLT,NC,ASO,ES,Combined TRACON& Tower with Radar,768,399,31,0,1198,0,0,22,0,22,768,399,53,0,1220,0,0,0,1220
10/26/2008,CLT,NC,ASO,ES,Combined TRACON& Tower with Radar,836,467,78,2,1383,0,0,22,0,22,836,467,100,2,1405,0,0,0,1405
10/27/2008,CLT,NC,ASO,ES,Combined TRACON& Tower with Radar,888,504,66,7,1465,0,2,42,0,44,888,506,108,7,1509,0,0,0,1509
10/28/2008,CLT,NC,ASO,ES,Combined TRACON& Tower with Radar,863,506,81,8,1458,0,4,26,0,30,863,510,107,8,1488,0,0,0,1488
10/29/2008,CLT,NC,ASO,ES,Combined TRACON& Tower with Radar,873,512,81,5,1471,0,1,24,0,25,873,513,105,5,1496,0,0,0,1496
10/30/2008,CLT,NC,ASO,ES,Combined TRACON& Tower with Radar,886,510,76,7,1479,0,3,41,0,44,886,513,117,7,1523,0,0,0,1523
10/31/2008,CLT,NC,ASO,ES,Combined TRACON& Tower with Radar,901,530,55,5,1491,0,5,29,0,34,901,535,84,5,1525,0,0,0,1525
11/01/2008,CLT,NC,ASO,ES,Combined TRACON& Tower with Radar,782,401,33,3,1219,0,2,16,2,20,782,403,49,5,1239,0,0,0,1239
11/02/2008,CLT,NC,ASO,ES,Combined TRACON& Tower with Radar,860,445,48,3,1356,0,0,14,0,14,860,445,62,3,1370,0,0,0,1370
11/03/2008,CLT,NC,ASO,ES,Combined TRACON& Tower with Radar,899,505,58,4,1466,0,2,13,0,15,899,507,71,4,1481,0,0,0,1481
11/04/2008,CLT,NC,ASO,ES,Combined TRACON& Tower with Radar,923,499,63,9,1494,0,2,12,2,16,923,501,75,11,1510,0,0,0,1510
11/05/2008,CLT,NC,ASO,ES,Combined TRACON& Tower with Radar,913,514,100,6,1533,0,2,21,0,23,913,516,121,6,1556,0,0,0,1556
11/06/2008,CLT,NC,ASO,ES,Combined TRACON& Tower with Radar,908,505,94,12,1519,0,2,41,1,44,908,507,135,13,1563,0,0,0,1563
11/07/2008,CLT,NC,ASO,ES,Combined TRACON& Tower with Radar,924,508,62,5,1499,0,5,29,0,34,924,513,91,5,1533,0,0,0,1533
11/08/2008,CLT,NC,ASO,ES,Combined TRACON& Tower with Radar,806,424,38,4,1272,0,1,15,0,16,806,425,53,4,1288,0,0,0,1288
11/09/2008,CLT,NC,ASO,ES,Combined TRACON& Tower with Radar,865,450,30,3,1348,0,0,10,0,10,865,450,40,3,1358,0,0,0,1358
11/10/2008,CLT,NC,ASO,ES,Combined TRACON& Tower with Radar,887,489,71,0,1447,0,1,25,0,26,887,490,96,0,1473,0,0,0,1473
11/11/2008,CLT,NC,ASO,ES,Combined TRACON& Tower with Radar,889,476,77,0,1442,0,1,32,0,33,889,477,109,0,1475,0,0,0,1475
11/12/2008,CLT,NC,ASO,ES,Combined TRACON& Tower with Radar,902,475,62,8,1447,0,3,32,0,35,902,478,94,8,1482,0,0,0,1482
11/13/2008,CLT,NC,ASO,ES,Combined TRACON& Tower with Radar,927,502,81,4,1514,0,0,2,0,2,927,502,83,4,1516,0,0,0,1516
11/14/2008,CLT,NC,ASO,ES,Combined TRACON& Tower with Radar,919,500,55,2,1476,0,0,0,0,0,919,500,55,2,1476,0,0,0,1476
11/15/2008,CLT,NC,ASO,ES,Combined TRACON& Tower with Radar,878,459,27,0,1364,0,0,7,0,7,878,459,34,0,1371,0,0,0,1371
11/16/2008,CLT,NC,ASO,ES,Combined TRACON& Tower with Radar,863,443,45,1,1352,0,4,26,3,33,863,447,71,4,1385,0,0,0,1385
11/17/2008,CLT,NC,ASO,ES,Combined TRACON& Tower with Radar,890,497,66,4,1457,0,1,22,1,24,890,498,88,5,1481,0,0,0,1481
11/18/2008,CLT,NC,ASO,ES,Combined TRACON& Tower with Radar,913,508,87,10,1518,0,3,22,1,26,913,511,109,11,1544,0,0,0,1544
11/19/2008,CLT,NC,ASO,ES,Combined TRACON& Tower with Radar,910,510,72,8,1500,0,1,30,0,31,910,511,102,8,1531,0,0,0,1531
11/20/2008,CLT,NC,ASO,ES,Combined TRACON& Tower with Radar,902,505,94,9,1510,0,2,25,3,30,902,507,119,12,1540,0,0,0,1540
11/21/2008,CLT,NC,ASO,ES,Combined TRACON& Tower with Radar,924,497,47,0,1468,0,6,24,0,30,924,503,71,0,1498,0,0,0,1498
11/22/2008,CLT,NC,ASO,ES,Combined TRACON& Tower with Radar,799,425,37,1,1262,0,2,22,0,24,799,427,59,1,1286,0,0,0,1286
11/23/2008,CLT,NC,ASO,ES,Combined TRACON& Tower with Radar,854,446,28,0,1328,0,2,21,0,23,854,448,49,0,1351,0,0,0,1351
11/24/2008,CLT,NC,ASO,ES,Combined TRACON& Tower with Radar,1001,544,50,6,1601,0,0,12,0,12,1001,544,62,6,1613,0,0,0,1613
11/25/2008,CLT,NC,ASO,ES,Combined TRACON& Tower with Radar,932,526,61,9,1528,0,2,27,0,29,932,528,88,9,1557,0,0,0,1557
11/26/2008,CLT,NC,ASO,ES,Combined TRACON& Tower with Radar,926,515,62,2,1505,0,2,26,0,28,926,517,88,2,1533,0,0,0,1533
11/27/2008,CLT,NC,ASO,ES,Combined TRACON& Tower with Radar,545,308,22,0,875,0,2,15,0,17,545,310,37,0,892,0,0,0,892
11/28/2008,CLT,NC,ASO,ES,Combined TRACON& Tower with Radar,762,388,14,0,1164,0,0,19,0,19,762,388,33,0,1183,0,0,0,1183
11/29/2008,CLT,NC,ASO,ES,Combined TRACON& Tower with Radar,837,457,32,1,1327,0,0,6,0,6,837,457,38,1,1333,0,0,0,1333
11/30/2008,CLT,NC,ASO,ES,Combined TRACON& Tower with Radar,877,474,62,0,1413,0,0,0,0,0,877,474,62,0,1413,0,0,0,1413
12/01/2008,CLT,NC,ASO,ES,Combined TRACON& Tower with Radar,956,516,53,0,1525,0,0,23,0,23,956,516,76,0,1548,0,0,0,1548
12/02/2008,CLT,NC,ASO,ES,Combined TRACON& Tower with Radar,904,468,71,10,1453,0,2,30,0,32,904,470,101,10,1485,0,0,0,1485
12/03/2008,CLT,NC,ASO,ES,Combined TRACON& Tower with Radar,896,465,62,6,1429,0,1,31,0,32,896,466,93,6,1461,0,0,0,1461
12/04/2008,CLT,NC,ASO,ES,Combined TRACON& Tower with Radar,930,507,73,8,1518,0,2,24,1,27,930,509,97,9,1545,0,0,0,1545
12/05/2008,CLT,NC,ASO,ES,Combined TRACON& Tower with Radar,897,493,41,5,1436,0,0,27,0,27,897,493,68,5,1463,0,0,0,1463
12/06/2008,CLT,NC,ASO,ES,Combined TRACON& Tower with Radar,772,394,18,2,1186,0,3,8,0,11,772,397,26,2,1197,0,0,0,1197
12/07/2008,CLT,NC,ASO,ES,Combined TRACON& Tower with Radar,837,392,35,2,1266,0,1,13,1,15,837,393,48,3,1281,0,0,0,1281
12/08/2008,CLT,NC,ASO,ES,Combined TRACON& Tower with Radar,869,474,108,1,1452,0,4,26,2,32,869,478,134,3,1484,0,0,0,1484
12/09/2008,CLT,NC,ASO,ES,Combined TRACON& Tower with Radar,875,466,96,11,1448,0,4,20,0,24,875,470,116,11,1472,0,0,0,1472
12/10/2008,CLT,NC,ASO,ES,Combined TRACON& Tower with Radar,895,488,62,7,1452,0,0,4,1,5,895,488,66,8,1457,0,0,0,1457
12/11/2008,CLT,NC,ASO,ES,Combined TRACON& Tower with Radar,923,512,57,9,1501,0,0,1,0,1,923,512,58,9,1502,0,0,0,1502
12/12/2008,CLT,NC,ASO,ES,Combined TRACON& Tower with Radar,902,498,69,6,1475,0,7,17,4,28,902,505,86,10,1503,0,0,0,1503
12/13/2008,CLT,NC,ASO,ES,Combined TRACON& Tower with Radar,788,420,31,2,1241,0,2,14,0,16,788,422,45,2,1257,0,0,0,1257
12/14/2008,CLT,NC,ASO,ES,Combined TRACON& Tower with Radar,832,417,58,1,1308,0,1,16,1,18,832,418,74,2,1326,0,0,0,1326
12/15/2008,CLT,NC,ASO,ES,Combined TRACON& Tower with Radar,881,495,69,5,1450,0,0,12,1,13,881,495,81,6,1463,0,0,0,1463
12/16/2008,CLT,NC,ASO,ES,Combined TRACON& Tower with Radar,873,440,53,2,1368,0,0,0,0,0,873,440,53,2,1368,0,0,0,1368
12/17/2008,CLT,NC,ASO,ES,Combined TRACON& Tower with Radar,869,455,61,4,1389,0,1,0,0,1,869,456,61,4,1390,0,0,0,1390
12/18/2008,CLT,NC,ASO,ES,Combined TRACON& Tower with Radar,899,436,69,0,1404,0,0,0,0,0,899,436,69,0,1404,0,0,0,1404
12/19/2008,CLT,NC,ASO,ES,Combined TRACON& Tower with Radar,883,432,49,2,1366,0,0,12,0,12,883,432,61,2,1378,0,0,0,1378
12/20/2008,CLT,NC,ASO,ES,Combined TRACON& Tower with Radar,809,431,27,0,1267,0,0,8,0,8,809,431,35,0,1275,0,0,0,1275
12/21/2008,CLT,NC,ASO,ES,Combined TRACON& Tower with Radar,829,426,31,1,1287,0,0,8,0,8,829,426,39,1,1295,0,0,0,1295
12/22/2008,CLT,NC,ASO,ES,Combined TRACON& Tower with Radar,882,465,52,0,1399,0,4,32,0,36,882,469,84,0,1435,0,0,0,1435
12/23/2008,CLT,NC,ASO,ES,Combined TRACON& Tower with Radar,804,440,37,0,1281,0,1,24,0,25,804,441,61,0,1306,0,0,0,1306
12/24/2008,CLT,NC,ASO,ES,Combined TRACON& Tower with Radar,882,480,35,0,1397,0,0,13,0,13,882,480,48,0,1410,0,0,0,1410
12/25/2008,CLT,NC,ASO,ES,Combined TRACON& Tower with Radar,799,420,16,0,1235,0,0,6,0,6,799,420,22,0,1241,0,0,0,1241
12/26/2008,CLT,NC,ASO,ES,Combined TRACON& Tower with Radar,884,471,35,0,1390,0,4,14,0,18,884,475,49,0,1408,0,0,0,1408
12/27/2008,CLT,NC,ASO,ES,Combined TRACON& Tower with Radar,812,417,66,0,1295,0,0,0,0,0,812,417,66,0,1295,0,0,0,1295
12/28/2008,CLT,NC,ASO,ES,Combined TRACON& Tower with Radar,907,462,41,0,1410,0,0,3,0,3,907,462,44,0,1413,0,0,0,1413
12/29/2008,CLT,NC,ASO,ES,Combined TRACON& Tower with Radar,906,475,29,0,1410,0,2,17,0,19,906,477,46,0,1429,0,0,0,1429
12/30/2008,CLT,NC,ASO,ES,Combined TRACON& Tower with Radar,942,482,27,0,1451,0,3,17,0,20,942,485,44,0,1471,0,0,0,1471
12/31/2008,CLT,NC,ASO,ES,Combined TRACON& Tower with Radar,867,455,15,0,1337,0,2,16,0,18,867,457,31,0,1355,0,0,0,1355
01/01/2009,CLT,NC,ASO,ES,Combined TRACON& Tower with Radar,867,438,13,0,1318,0,4,11,0,15,867,442,24,0,1333,0,0,0,1333
01/02/2009,CLT,NC,ASO,ES,Combined TRACON& Tower with Radar,954,496,31,0,1481,0,4,11,1,16,954,500,42,1,1497,0,0,0,1497
01/03/2009,CLT,NC,ASO,ES,Combined TRACON& Tower with Radar,824,425,26,0,1275,0,2,1,2,5,824,427,27,2,1280,0,0,0,1280
01/04/2009,CLT,NC,ASO,ES,Combined TRACON& Tower with Radar,866,426,37,0,1329,0,0,0,0,0,866,426,37,0,1329,0,0,0,1329
01/05/2009,CLT,NC,ASO,ES,Combined TRACON& Tower with Radar,879,452,29,2,1362,0,0,12,0,12,879,452,41,2,1374,0,0,0,1374
01/06/2009,CLT,NC,ASO,ES,Combined TRACON& Tower with Radar,897,463,39,9,1408,0,0,2,0,2,897,463,41,9,1410,0,0,0,1410
01/07/2009,CLT,NC,ASO,ES,Combined TRACON& Tower with Radar,864,457,58,2,1381,0,1,4,0,5,864,458,62,2,1386,0,0,0,1386
01/08/2009,CLT,NC,ASO,ES,Combined TRACON& Tower with Radar,920,487,73,4,1484,0,3,13,0,16,920,490,86,4,1500,0,0,0,1500
01/09/2009,CLT,NC,ASO,ES,Combined TRACON& Tower with Radar,898,477,33,7,1415,0,4,25,0,29,898,481,58,7,1444,0,0,0,1444
01/10/2009,CLT,NC,ASO,ES,Combined TRACON& Tower with Radar,819,406,54,7,1286,0,2,18,0,20,819,408,72,7,1306,0,0,0,1306
01/11/2009,CLT,NC,ASO,ES,Combined TRACON& Tower with Radar,818,424,54,2,1298,0,3,14,0,17,818,427,68,2,1315,0,0,0,1315
01/12/2009,CLT,NC,ASO,ES,Combined TRACON& Tower with Radar,871,461,63,0,1395,0,5,25,0,30,871,466,88,0,1425,0,0,0,1425
01/13/2009,CLT,NC,ASO,ES,Combined TRACON& Tower with Radar,881,473,60,8,1422,0,1,23,0,24,881,474,83,8,1446,0,0,0,1446
01/14/2009,CLT,NC,ASO,ES,Combined TRACON& Tower with Radar,898,474,45,5,1422,0,3,21,0,24,898,477,66,5,1446,0,0,0,1446
01/15/2009,CLT,NC,ASO,ES,Combined TRACON& Tower with Radar,887,459,59,11,1416,0,3,20,0,23,887,462,79,11,1439,0,0,0,1439
01/16/2009,CLT,NC,ASO,ES,Combined TRACON& Tower with Radar,898,482,62,4,1446,0,2,16,0,18,898,484,78,4,1464,0,0,0,1464
01/17/2009,CLT,NC,ASO,ES,Combined TRACON& Tower with Radar,778,407,12,0,1197,0,2,12,0,14,778,409,24,0,1211,0,0,0,1211
01/18/2009,CLT,NC,ASO,ES,Combined TRACON& Tower with Radar,833,415,27,1,1276,0,3,10,0,13,833,418,37,1,1289,0,0,0,1289
01/19/2009,CLT,NC,ASO,ES,Combined TRACON& Tower with Radar,885,437,34,0,1356,0,2,13,0,15,885,439,47,0,1371,0,0,0,1371
01/20/2009,CLT,NC,ASO,ES,Combined TRACON& Tower with Radar,879,436,52,1,1368,0,2,4,0,6,879,438,56,1,1374,0,0,0,1374
01/21/2009,CLT,NC,ASO,ES,Combined TRACON& Tower with Radar,899,461,45,10,1415,0,2,20,0,22,899,463,65,10,1437,0,0,0,1437
01/22/2009,CLT,NC,ASO,ES,Combined TRACON& Tower with Radar,886,478,71,7,1442,0,1,25,6,32,886,479,96,13,1474,0,0,0,1474
01/23/2009,CLT,NC,ASO,ES,Combined TRACON& Tower with Radar,932,488,42,7,1469,0,4,19,1,24,932,492,61,8,1493,0,0,0,1493
01/24/2009,CLT,NC,ASO,ES,Combined TRACON& Tower with Radar,757,407,21,1,1186,0,4,20,0,24,757,411,41,1,1210,0,0,0,1210
01/25/2009,CLT,NC,ASO,ES,Combined TRACON& Tower with Radar,822,425,30,4,1281,0,3,7,0,10,822,428,37,4,1291,0,0,0,1291
01/26/2009,CLT,NC,ASO,ES,Combined TRACON& Tower with Radar,876,461,53,4,1394,0,5,12,0,17,876,466,65,4,1411,0,0,0,1411
01/27/2009,CLT,NC,ASO,ES,Combined TRACON& Tower with Radar,877,450,63,10,1400,0,3,11,0,14,877,453,74,10,1414,0,0,0,1414
01/28/2009,CLT,NC,ASO,ES,Combined TRACON& Tower with Radar,824,395,57,5,1281,0,0,0,0,0,824,395,57,5,1281,0,0,0,1281
01/29/2009,CLT,NC,ASO,ES,Combined TRACON& Tower with Radar,896,475,75,14,1460,0,1,23,2,26,896,476,98,16,1486,0,0,0,1486
01/30/2009,CLT,NC,ASO,ES,Combined TRACON& Tower with Radar,895,501,43,0,1439,0,5,24,0,29,895,506,67,0,1468,0,0,0,1468
01/31/2009,CLT,NC,ASO,ES,Combined TRACON& Tower with Radar,762,416,21,0,1199,1,3,16,1,21,763,419,37,1,1220,0,0,0,1220
02/01/2009,CLT,NC,ASO,ES,Combined TRACON& Tower with Radar,834,429,21,1,1285,0,3,11,3,17,834,432,32,4,1302,0,0,0,1302
02/02/2009,CLT,NC,ASO,ES,Combined TRACON& Tower with Radar,888,462,60,5,1415,0,2,13,0,15,888,464,73,5,1430,0,0,0,1430
02/03/2009,CLT,NC,ASO,ES,Combined TRACON& Tower with Radar,876,456,56,6,1394,0,2,12,0,14,876,458,68,6,1408,0,0,0,1408
02/04/2009,CLT,NC,ASO,ES,Combined TRACON& Tower with Radar,913,468,44,10,1435,0,5,19,0,24,913,473,63,10,1459,0,0,0,1459
02/05/2009,CLT,NC,ASO,ES,Combined TRACON& Tower with Radar,893,480,61,0,1434,0,3,16,0,19,893,483,77,0,1453,0,0,0,1453
02/06/2009,CLT,NC,ASO,ES,Combined TRACON& Tower with Radar,899,481,43,6,1429,0,9,18,0,27,899,490,61,6,1456,0,0,0,1456
02/07/2009,CLT,NC,ASO,ES,Combined TRACON& Tower with Radar,781,404,36,12,1233,0,6,18,0,24,781,410,54,12,1257,0,0,0,1257
02/08/2009,CLT,NC,ASO,ES,Combined TRACON& Tower with Radar,834,417,34,0,1285,0,5,8,0,13,834,422,42,0,1298,0,0,0,1298
02/09/2009,CLT,NC,ASO,ES,Combined TRACON& Tower with Radar,883,456,48,0,1387,0,2,22,2,26,883,458,70,2,1413,0,0,0,1413
02/10/2009,CLT,NC,ASO,ES,Combined TRACON& Tower with Radar,882,454,67,13,1416,0,7,24,0,31,882,461,91,13,1447,0,0,0,1447
02/11/2009,CLT,NC,ASO,ES,Combined TRACON& Tower with Radar,921,495,65,5,1486,0,1,20,0,21,921,496,85,5,1507,0,0,0,1507
02/12/2009,CLT,NC,ASO,ES,Combined TRACON& Tower with Radar,902,500,64,6,1472,0,6,9,0,15,902,506,73,6,1487,0,0,0,1487
02/13/2009,CLT,NC,ASO,ES,Combined TRACON& Tower with Radar,910,493,62,1,1466,0,10,37,0,47,910,503,99,1,1513,0,0,0,1513
02/14/2009,CLT,NC,ASO,ES,Combined TRACON& Tower with Radar,790,428,12,5,1235,0,3,17,0,20,790,431,29,5,1255,0,0,0,1255
02/15/2009,CLT,NC,ASO,ES,Combined TRACON& Tower with Radar,819,447,26,0,1292,0,1,13,1,15,819,448,39,1,1307,0,0,0,1307
02/16/2009,CLT,NC,ASO,ES,Combined TRACON& Tower with Radar,901,486,53,0,1440,0,2,13,0,15,901,488,66,0,1455,0,0,0,1455
02/17/2009,CLT,NC,ASO,ES,Combined TRACON& Tower with Radar,893,476,58,12,1439,0,4,21,0,25,893,480,79,12,1464,0,0,0,1464
02/18/2009,CLT,NC,ASO,ES,Combined TRACON& Tower with Radar,872,504,52,8,1436,0,3,2,0,5,872,507,54,8,1441,0,0,0,1441
02/19/2009,CLT,NC,ASO,ES,Combined TRACON& Tower with Radar,939,510,65,10,1524,0,3,18,2,23,939,513,83,12,1547,0,0,0,1547
02/20/2009,CLT,NC,ASO,ES,Combined TRACON& Tower with Radar,894,490,52,3,1439,0,1,15,0,16,894,491,67,3,1455,0,0,0,1455
02/21/2009,CLT,NC,ASO,ES,Combined TRACON& Tower with Radar,794,422,19,0,1235,0,4,20,0,24,794,426,39,0,1259,0,0,0,1259
02/22/2009,CLT,NC,ASO,ES,Combined TRACON& Tower with Radar,834,450,31,9,1324,0,1,7,0,8,834,451,38,9,1332,0,0,0,1332
02/23/2009,CLT,NC,ASO,ES,Combined TRACON& Tower with Radar,879,487,54,5,1425,0,3,17,0,20,879,490,71,5,1445,0,0,0,1445
02/24/2009,CLT,NC,ASO,ES,Combined TRACON& Tower with Radar,890,474,60,9,1433,0,2,11,0,13,890,476,71,9,1446,0,0,0,1446
02/25/2009,CLT,NC,ASO,ES,Combined TRACON& Tower with Radar,890,477,66,6,1439,0,4,23,0,27,890,481,89,6,1466,0,0,0,1466
02/26/2009,CLT,NC,ASO,ES,Combined TRACON& Tower with Radar,882,473,83,6,1444,0,3,15,0,18,882,476,98,6,1462,0,0,0,1462
02/27/2009,CLT,NC,ASO,ES,Combined TRACON& Tower with Radar,899,483,51,0,1433,0,4,13,0,17,899,487,64,0,1450,0,0,0,1450
02/28/2009,CLT,NC,ASO,ES,Combined TRACON& Tower with Radar,794,431,24,0,1249,0,0,2,0,2,794,431,26,0,1251,0,0,0,1251
03/01/2009,CLT,NC,ASO,ES,Combined TRACON& Tower with Radar,678,351,18,4,1051,0,0,0,0,0,678,351,18,4,1051,0,0,0,1051
03/02/2009,CLT,NC,ASO,ES,Combined TRACON& Tower with Radar,719,318,73,2,1112,0,1,12,2,15,719,319,85,4,1127,0,0,0,1127
03/03/2009,CLT,NC,ASO,ES,Combined TRACON& Tower with Radar,915,493,71,2,1481,0,3,11,1,15,915,496,82,3,1496,0,0,0,1496
03/04/2009,CLT,NC,ASO,ES,Combined TRACON& Tower with Radar,902,510,59,0,1471,0,5,17,0,22,902,515,76,0,1493,0,0,0,1493
03/05/2009,CLT,NC,ASO,ES,Combined TRACON& Tower with Radar,913,507,78,2,1500,0,2,21,0,23,913,509,99,2,1523,0,0,0,1523
03/06/2009,CLT,NC,ASO,ES,Combined TRACON& Tower with Radar,901,508,48,3,1460,0,2,25,2,29,901,510,73,5,1489,0,0,0,1489
03/07/2009,CLT,NC,ASO,ES,Combined TRACON& Tower with Radar,817,427,14,2,1260,0,3,17,0,20,817,430,31,2,1280,0,0,0,1280
03/08/2009,CLT,NC,ASO,ES,Combined TRACON& Tower with Radar,845,449,41,6,1341,0,2,13,0,15,845,451,54,6,1356,0,0,0,1356
03/09/2009,CLT,NC,ASO,ES,Combined TRACON& Tower with Radar,897,476,63,9,1445,0,4,15,0,19,897,480,78,9,1464,0,0,0,1464
03/10/2009,CLT,NC,ASO,ES,Combined TRACON& Tower with Radar,908,490,45,4,1447,0,4,14,0,18,908,494,59,4,1465,0,0,0,1465
03/11/2009,CLT,NC,ASO,ES,Combined TRACON& Tower with Radar,915,477,38,0,1430,0,3,17,0,20,915,480,55,0,1450,0,0,0,1450
03/12/2009,CLT,NC,ASO,ES,Combined TRACON& Tower with Radar,904,493,56,0,1453,0,6,13,0,19,904,499,69,0,1472,0,0,0,1472
03/13/2009,CLT,NC,ASO,ES,Combined TRACON& Tower with Radar,910,486,35,6,1437,0,1,6,0,7,910,487,41,6,1444,0,0,0,1444
03/14/2009,CLT,NC,ASO,ES,Combined TRACON& Tower with Radar,815,421,12,11,1259,0,0,0,0,0,815,421,12,11,1259,0,0,0,1259
03/15/2009,CLT,NC,ASO,ES,Combined TRACON& Tower with Radar,854,452,40,3,1349,0,0,0,0,0,854,452,40,3,1349,0,0,0,1349
03/16/2009,CLT,NC,ASO,ES,Combined TRACON& Tower with Radar,892,469,31,0,1392,0,0,0,0,0,892,469,31,0,1392,0,0,0,1392
03/17/2009,CLT,NC,ASO,ES,Combined TRACON& Tower with Radar,915,484,77,7,1483,0,4,13,2,19,915,488,90,9,1502,0,0,0,1502
03/18/2009,CLT,NC,ASO,ES,Combined TRACON& Tower with Radar,870,460,66,8,1404,0,3,10,0,13,870,463,76,8,1417,0,0,0,1417
03/19/2009,CLT,NC,ASO,ES,Combined TRACON& Tower with Radar,907,500,58,3,1468,0,6,22,0,28,907,506,80,3,1496,0,0,0,1496
03/20/2009,CLT,NC,ASO,ES,Combined TRACON& Tower with Radar,907,505,53,1,1466,0,3,17,0,20,907,508,70,1,1486,0,0,0,1486
03/21/2009,CLT,NC,ASO,ES,Combined TRACON& Tower with Radar,814,439,36,1,1290,0,2,14,0,16,814,441,50,1,1306,0,0,0,1306
03/22/2009,CLT,NC,ASO,ES,Combined TRACON& Tower with Radar,866,457,31,4,1358,0,7,7,0,14,866,464,38,4,1372,0,0,0,1372
03/23/2009,CLT,NC,ASO,ES,Combined TRACON& Tower with Radar,896,500,59,4,1459,0,5,25,0,30,896,505,84,4,1489,0,0,0,1489
03/24/2009,CLT,NC,ASO,ES,Combined TRACON& Tower with Radar,910,483,69,7,1469,0,2,23,0,25,910,485,92,7,1494,0,0,0,1494
03/25/2009,CLT,NC,ASO,ES,Combined TRACON& Tower with Radar,893,484,47,0,1424,0,3,11,0,14,893,487,58,0,1438,0,0,0,1438
03/26/2009,CLT,NC,ASO,ES,Combined TRACON& Tower with Radar,886,496,56,4,1442,0,1,1,0,2,886,497,57,4,1444,0,0,0,1444
03/27/2009,CLT,NC,ASO,ES,Combined TRACON& Tower with Radar,891,492,43,5,1431,0,0,3,0,3,891,492,46,5,1434,0,0,0,1434
03/28/2009,CLT,NC,ASO,ES,Combined TRACON& Tower with Radar,815,429,19,0,1263,0,0,1,0,1,815,429,20,0,1264,0,0,0,1264
03/29/2009,CLT,NC,ASO,ES,Combined TRACON& Tower with Radar,847,446,37,7,1337,0,4,5,2,11,847,450,42,9,1348,0,0,0,1348
03/30/2009,CLT,NC,ASO,ES,Combined TRACON& Tower with Radar,890,496,47,7,1440,0,5,19,0,24,890,501,66,7,1464,0,0,0,1464
03/31/2009,CLT,NC,ASO,ES,Combined TRACON& Tower with Radar,905,506,54,10,1475,0,3,18,0,21,905,509,72,10,1496,0,0,0,1496
04/01/2009,CLT,NC,ASO,ES,Combined TRACON& Tower with Radar,899,504,63,7,1473,0,1,9,0,10,899,505,72,7,1483,0,0,0,1483
04/02/2009,CLT,NC,ASO,ES,Combined TRACON& Tower with Radar,892,494,53,5,1444,1,0,6,1,8,893,494,59,6,1452,0,0,0,1452
04/03/2009,CLT,NC,ASO,ES,Combined TRACON& Tower with Radar,896,502,62,5,1465,0,6,13,0,19,896,508,75,5,1484,0,0,0,1484
04/04/2009,CLT,NC,ASO,ES,Combined TRACON& Tower with Radar,832,429,35,2,1298,0,8,23,0,31,832,437,58,2,1329,0,0,0,1329
04/05/2009,CLT,NC,ASO,ES,Combined TRACON& Tower with Radar,863,436,33,0,1332,0,8,11,0,19,863,444,44,0,1351,0,0,0,1351
04/06/2009,CLT,NC,ASO,ES,Combined TRACON& Tower with Radar,895,467,48,1,1411,0,2,10,0,12,895,469,58,1,1423,0,0,0,1423
04/07/2009,CLT,NC,ASO,ES,Combined TRACON& Tower with Radar,942,464,60,8,1474,0,4,22,0,26,942,468,82,8,1500,0,0,0,1500
04/08/2009,CLT,NC,ASO,ES,Combined TRACON& Tower with Radar,926,469,76,10,1481,0,2,17,0,19,926,471,93,10,1500,0,0,0,1500
04/09/2009,CLT,NC,ASO,ES,Combined TRACON& Tower with Radar,916,471,61,11,1459,0,5,20,1,26,916,476,81,12,1485,0,0,0,1485
04/10/2009,CLT,NC,ASO,ES,Combined TRACON& Tower with Radar,859,422,36,0,1317,0,0,7,0,7,859,422,43,0,1324,0,0,0,1324
04/11/2009,CLT,NC,ASO,ES,Combined TRACON& Tower with Radar,878,445,21,0,1344,0,6,16,0,22,878,451,37,0,1366,0,0,0,1366
04/12/2009,CLT,NC,ASO,ES,Combined TRACON& Tower with Radar,875,428,24,2,1329,0,6,11,0,17,875,434,35,2,1346,0,0,0,1346
04/13/2009,CLT,NC,ASO,ES,Combined TRACON& Tower with Radar,891,450,62,1,1404,0,3,13,0,16,891,453,75,1,1420,0,0,0,1420
04/14/2009,CLT,NC,ASO,ES,Combined TRACON& Tower with Radar,925,461,43,11,1440,0,0,4,0,4,925,461,47,11,1444,0,0,0,1444
04/15/2009,CLT,NC,ASO,ES,Combined TRACON& Tower with Radar,922,477,95,8,1502,0,5,15,2,22,922,482,110,10,1524,0,0,0,1524
04/16/2009,CLT,NC,ASO,ES,Combined TRACON& Tower with Radar,932,463,69,9,1473,0,5,12,0,17,932,468,81,9,1490,0,0,0,1490
04/17/2009,CLT,NC,ASO,ES,Combined TRACON& Tower with Radar,916,479,47,1,1443,0,6,12,0,18,916,485,59,1,1461,0,0,0,1461
04/18/2009,CLT,NC,ASO,ES,Combined TRACON& Tower with Radar,838,419,30,1,1288,0,7,27,0,34,838,426,57,1,1322,0,0,0,1322
04/19/2009,CLT,NC,ASO,ES,Combined TRACON& Tower with Radar,861,432,22,5,1320,0,5,10,0,15,861,437,32,5,1335,0,0,0,1335
04/20/2009,CLT,NC,ASO,ES,Combined TRACON& Tower with Radar,899,458,47,11,1415,0,4,12,1,17,899,462,59,12,1432,0,0,0,1432
04/21/2009,CLT,NC,ASO,ES,Combined TRACON& Tower with Radar,932,457,52,7,1448,0,0,21,0,21,932,457,73,7,1469,0,0,0,1469
04/22/2009,CLT,NC,ASO,ES,Combined TRACON& Tower with Radar,925,473,83,12,1493,0,2,17,0,19,925,475,100,12,1512,0,0,0,1512
04/23/2009,CLT,NC,ASO,ES,Combined TRACON& Tower with Radar,917,466,78,8,1469,0,2,21,0,23,917,468,99,8,1492,0,0,0,1492
04/24/2009,CLT,NC,ASO,ES,Combined TRACON& Tower with Radar,928,470,65,4,1467,0,4,23,1,28,928,474,88,5,1495,0,0,0,1495
04/25/2009,CLT,NC,ASO,ES,Combined TRACON& Tower with Radar,822,415,46,2,1285,0,6,21,0,27,822,421,67,2,1312,0,0,0,1312
04/26/2009,CLT,NC,ASO,ES,Combined TRACON& Tower with Radar,873,437,54,0,1364,0,2,11,1,14,873,439,65,1,1378,0,0,0,1378
04/27/2009,CLT,NC,ASO,ES,Combined TRACON& Tower with Radar,904,468,58,6,1436,0,0,18,0,18,904,468,76,6,1454,0,0,0,1454
04/28/2009,CLT,NC,ASO,ES,Combined TRACON& Tower with Radar,922,476,82,9,1489,0,6,18,0,24,922,482,100,9,1513,0,0,0,1513
04/29/2009,CLT,NC,ASO,ES,Combined TRACON& Tower with Radar,914,481,102,11,1508,0,6,27,0,33,914,487,129,11,1541,0,0,0,1541
04/30/2009,CLT,NC,ASO,ES,Combined TRACON& Tower with Radar,918,481,64,9,1472,0,0,13,0,13,918,481,77,9,1485,0,0,0,1485
05/01/2009,CLT,NC,ASO,ES,Combined TRACON& Tower with Radar,917,467,61,3,1448,0,3,17,0,20,917,470,78,3,1468,0,0,0,1468
05/02/2009,CLT,NC,ASO,ES,Combined TRACON& Tower with Radar,815,422,33,1,1271,0,2,16,0,18,815,424,49,1,1289,0,0,0,1289
05/03/2009,CLT,NC,ASO,ES,Combined TRACON& Tower with Radar,872,439,44,5,1360,0,5,18,0,23,872,444,62,5,1383,0,0,0,1383
05/04/2009,CLT,NC,ASO,ES,Combined TRACON& Tower with Radar,913,443,66,5,1427,0,4,11,0,15,913,447,77,5,1442,0,0,0,1442
05/05/2009,CLT,NC,ASO,ES,Combined TRACON& Tower with Radar,873,450,49,6,1378,0,0,10,0,10,873,450,59,6,1388,0,0,0,1388
05/06/2009,CLT,NC,ASO,ES,Combined TRACON& Tower with Radar,969,472,52,2,1495,0,0,1,0,1,969,472,53,2,1496,0,0,0,1496
05/07/2009,CLT,NC,ASO,ES,Combined TRACON& Tower with Radar,913,480,77,4,1474,0,2,12,0,14,913,482,89,4,1488,0,0,0,1488
05/08/2009,CLT,NC,ASO,ES,Combined TRACON& Tower with Radar,873,420,50,5,1348,0,3,8,0,11,873,423,58,5,1359,0,0,0,1359
05/09/2009,CLT,NC,ASO,ES,Combined TRACON& Tower with Radar,837,410,25,2,1274,0,3,16,0,19,837,413,41,2,1293,0,0,0,1293
05/10/2009,CLT,NC,ASO,ES,Combined TRACON& Tower with Radar,873,434,22,0,1329,0,2,10,0,12,873,436,32,0,1341,0,0,0,1341
05/11/2009,CLT,NC,ASO,ES,Combined TRACON& Tower with Radar,839,424,56,7,1326,0,3,7,0,10,839,427,63,7,1336,0,0,0,1336
05/12/2009,CLT,NC,ASO,ES,Combined TRACON& Tower with Radar,936,493,76,12,1517,0,2,20,0,22,936,495,96,12,1539,0,0,0,1539
05/13/2009,CLT,NC,ASO,ES,Combined TRACON& Tower with Radar,899,461,76,6,1442,0,8,16,1,25,899,469,92,7,1467,0,0,0,1467
05/14/2009,CLT,NC,ASO,ES,Combined TRACON& Tower with Radar,905,494,77,13,1489,0,2,24,0,26,905,496,101,13,1515,0,0,0,1515
05/15/2009,CLT,NC,ASO,ES,Combined TRACON& Tower with Radar,910,473,51,4,1438,0,2,20,0,22,910,475,71,4,1460,0,0,0,1460
05/16/2009,CLT,NC,ASO,ES,Combined TRACON& Tower with Radar,808,410,23,6,1247,0,14,8,0,22,808,424,31,6,1269,0,0,0,1269
05/17/2009,CLT,NC,ASO,ES,Combined TRACON& Tower with Radar,860,437,40,0,1337,0,10,6,0,16,860,447,46,0,1353,0,0,0,1353
05/18/2009,CLT,NC,ASO,ES,Combined TRACON& Tower with Radar,894,461,65,12,1432,0,1,10,0,11,894,462,75,12,1443,0,0,0,1443
05/19/2009,CLT,NC,ASO,ES,Combined TRACON& Tower with Radar,911,483,67,8,1469,0,5,17,0,22,911,488,84,8,1491,0,0,0,1491
05/20/2009,CLT,NC,ASO,ES,Combined TRACON& Tower with Radar,902,455,74,11,1442,0,6,25,0,31,902,461,99,11,1473,0,0,0,1473
05/21/2009,CLT,NC,ASO,ES,Combined TRACON& Tower with Radar,906,494,90,8,1498,0,3,21,1,25,906,497,111,9,1523,0,0,0,1523
05/22/2009,CLT,NC,ASO,ES,Combined TRACON& Tower with Radar,913,483,51,7,1454,0,5,28,0,33,913,488,79,7,1487,0,0,0,1487
05/23/2009,CLT,NC,ASO,ES,Combined TRACON& Tower with Radar,807,418,19,2,1246,0,6,13,0,19,807,424,32,2,1265,0,0,0,1265
05/24/2009,CLT,NC,ASO,ES,Combined TRACON& Tower with Radar,811,385,20,4,1220,0,42,4,0,46,811,427,24,4,1266,0,0,0,1266
05/25/2009,CLT,NC,ASO,ES,Combined TRACON& Tower with Radar,880,425,26,5,1336,0,6,5,0,11,880,431,31,5,1347,0,0,0,1347
05/26/2009,CLT,NC,ASO,ES,Combined TRACON& Tower with Radar,889,463,48,5,1405,0,0,10,0,10,889,463,58,5,1415,0,0,0,1415
05/27/2009,CLT,NC,ASO,ES,Combined TRACON& Tower with Radar,905,479,60,7,1451,0,0,14,0,14,905,479,74,7,1465,0,0,0,1465
05/28/2009,CLT,NC,ASO,ES,Combined TRACON& Tower with Radar,887,463,64,6,1420,0,6,14,0,20,887,469,78,6,1440,0,0,0,1440
05/29/2009,CLT,NC,ASO,ES,Combined TRACON& Tower with Radar,918,483,50,0,1451,0,3,16,0,19,918,486,66,0,1470,0,0,0,1470
05/30/2009,CLT,NC,ASO,ES,Combined TRACON& Tower with Radar,821,416,20,0,1257,0,5,11,0,16,821,421,31,0,1273,0,0,0,1273
05/31/2009,CLT,NC,ASO,ES,Combined TRACON& Tower with Radar,872,432,29,0,1333,0,2,3,0,5,872,434,32,0,1338,0,0,0,1338
06/01/2009,CLT,NC,ASO,ES,Combined TRACON& Tower with Radar,904,460,49,1,1414,0,4,25,0,29,904,464,74,1,1443,0,0,0,1443
06/02/2009,CLT,NC,ASO,ES,Combined TRACON& Tower with Radar,910,469,52,4,1435,0,5,20,1,26,910,474,72,5,1461,0,0,0,1461
06/03/2009,CLT,NC,ASO,ES,Combined TRACON& Tower with Radar,902,468,47,2,1419,0,1,20,0,21,902,469,67,2,1440,0,0,0,1440
06/04/2009,CLT,NC,ASO,ES,Combined TRACON& Tower with Radar,922,468,65,0,1455,0,3,12,0,15,922,471,77,0,1470,0,0,0,1470
06/05/2009,CLT,NC,ASO,ES,Combined TRACON& Tower with Radar,923,477,50,1,1451,0,0,3,0,3,923,477,53,1,1454,0,0,0,1454
06/06/2009,CLT,NC,ASO,ES,Combined TRACON& Tower with Radar,839,421,26,4,1290,0,5,10,2,17,839,426,36,6,1307,0,0,0,1307
06/07/2009,CLT,NC,ASO,ES,Combined TRACON& Tower with Radar,891,413,37,4,1345,0,3,7,0,10,891,416,44,4,1355,0,0,0,1355
06/08/2009,CLT,NC,ASO,ES,Combined TRACON& Tower with Radar,920,448,46,11,1425,0,1,11,0,12,920,449,57,11,1437,0,0,0,1437
06/09/2009,CLT,NC,ASO,ES,Combined TRACON& Tower with Radar,883,447,66,0,1396,0,5,19,0,24,883,452,85,0,1420,0,0,0,1420
06/10/2009,CLT,NC,ASO,ES,Combined TRACON& Tower with Radar,923,447,67,0,1437,0,2,23,0,25,923,449,90,0,1462,0,0,0,1462
06/11/2009,CLT,NC,ASO,ES,Combined TRACON& Tower with Radar,912,468,69,2,1451,0,2,23,1,26,912,470,92,3,1477,0,0,0,1477
06/12/2009,CLT,NC,ASO,ES,Combined TRACON& Tower with Radar,941,474,57,12,1484,0,1,23,0,24,941,475,80,12,1508,0,0,0,1508
06/13/2009,CLT,NC,ASO,ES,Combined TRACON& Tower with Radar,850,419,25,7,1301,0,7,11,2,20,850,426,36,9,1321,0,0,0,1321
06/14/2009,CLT,NC,ASO,ES,Combined TRACON& Tower with Radar,895,419,42,3,1359,0,3,6,0,9,895,422,48,3,1368,0,0,0,1368
06/15/2009,CLT,NC,ASO,ES,Combined TRACON& Tower with Radar,918,453,32,0,1403,0,2,10,0,12,918,455,42,0,1415,0,0,0,1415
06/16/2009,CLT,NC,ASO,ES,Combined TRACON& Tower with Radar,918,470,59,4,1451,0,2,11,0,13,918,472,70,4,1464,0,0,0,1464
06/17/2009,CLT,NC,ASO,ES,Combined TRACON& Tower with Radar,925,475,73,7,1480,0,0,6,0,6,925,475,79,7,1486,0,0,0,1486
06/18/2009,CLT,NC,ASO,ES,Combined TRACON& Tower with Radar,903,470,86,5,1464,0,0,15,0,15,903,470,101,5,1479,0,0,0,1479
06/19/2009,CLT,NC,ASO,ES,Combined TRACON& Tower with Radar,913,488,51,4,1456,0,3,16,0,19,913,491,67,4,1475,0,0,0,1475
06/20/2009,CLT,NC,ASO,ES,Combined TRACON& Tower with Radar,850,434,25,1,1310,0,4,18,0,22,850,438,43,1,1332,0,0,0,1332
06/21/2009,CLT,NC,ASO,ES,Combined TRACON& Tower with Radar,884,426,36,1,1347,0,6,10,0,16,884,432,46,1,1363,0,0,0,1363
06/22/2009,CLT,NC,ASO,ES,Combined TRACON& Tower with Radar,907,444,66,3,1420,0,3,11,0,14,907,447,77,3,1434,0,0,0,1434
06/23/2009,CLT,NC,ASO,ES,Combined TRACON& Tower with Radar,925,474,66,11,1476,0,3,14,0,17,925,477,80,11,1493,0,0,0,1493
06/24/2009,CLT,NC,ASO,ES,Combined TRACON& Tower with Radar,929,475,73,12,1489,0,4,26,0,30,929,479,99,12,1519,0,0,0,1519
06/25/2009,CLT,NC,ASO,ES,Combined TRACON& Tower with Radar,920,464,74,6,1464,0,9,26,0,35,920,473,100,6,1499,0,0,0,1499
06/26/2009,CLT,NC,ASO,ES,Combined TRACON& Tower with Radar,905,474,48,6,1433,0,10,19,0,29,905,484,67,6,1462,0,0,0,1462
06/27/2009,CLT,NC,ASO,ES,Combined TRACON& Tower with Radar,856,415,19,5,1295,0,2,9,0,11,856,417,28,5,1306,0,0,0,1306
06/28/2009,CLT,NC,ASO,ES,Combined TRACON& Tower with Radar,898,422,20,3,1343,0,0,5,0,5,898,422,25,3,1348,0,0,0,1348
06/29/2009,CLT,NC,ASO,ES,Combined TRACON& Tower with Radar,910,456,65,8,1439,0,7,15,0,22,910,463,80,8,1461,0,0,0,1461
06/30/2009,CLT,NC,ASO,ES,Combined TRACON& Tower with Radar,904,469,50,3,1426,0,2,9,0,11,904,471,59,3,1437,0,0,0,1437
07/01/2009,CLT,NC,ASO,ES,Combined TRACON& Tower with Radar,934,472,43,10,1459,0,3,12,0,15,934,475,55,10,1474,0,0,0,1474
07/02/2009,CLT,NC,ASO,ES,Combined TRACON& Tower with Radar,926,455,45,0,1426,0,1,13,0,14,926,456,58,0,1440,0,0,0,1440
07/03/2009,CLT,NC,ASO,ES,Combined TRACON& Tower with Radar,875,449,31,2,1357,0,2,15,0,17,875,451,46,2,1374,0,0,0,1374
07/04/2009,CLT,NC,ASO,ES,Combined TRACON& Tower with Radar,767,397,13,2,1179,0,6,20,0,26,767,403,33,2,1205,0,0,0,1205
07/05/2009,CLT,NC,ASO,ES,Combined TRACON& Tower with Radar,874,421,31,0,1326,0,6,18,0,24,874,427,49,0,1350,0,0,0,1350
07/06/2009,CLT,NC,ASO,ES,Combined TRACON& Tower with Radar,913,437,25,12,1387,0,2,12,0,14,913,439,37,12,1401,0,0,0,1401
07/07/2009,CLT,NC,ASO,ES,Combined TRACON& Tower with Radar,921,464,52,6,1443,0,2,20,0,22,921,466,72,6,1465,0,0,0,1465
07/08/2009,CLT,NC,ASO,ES,Combined TRACON& Tower with Radar,931,464,58,8,1461,0,5,16,0,21,931,469,74,8,1482,0,0,0,1482
07/09/2009,CLT,NC,ASO,ES,Combined TRACON& Tower with Radar,919,462,53,12,1446,0,1,3,0,4,919,463,56,12,1450,0,0,0,1450
07/10/2009,CLT,NC,ASO,ES,Combined TRACON& Tower with Radar,928,468,47,0,1443,0,5,20,0,25,928,473,67,0,1468,0,0,0,1468
07/11/2009,CLT,NC,ASO,ES,Combined TRACON& Tower with Radar,849,424,23,1,1297,0,5,23,0,28,849,429,46,1,1325,0,0,0,1325
07/12/2009,CLT,NC,ASO,ES,Combined TRACON& Tower with Radar,890,426,28,8,1352,0,1,10,0,11,890,427,38,8,1363,0,0,0,1363
07/13/2009,CLT,NC,ASO,ES,Combined TRACON& Tower with Radar,919,447,34,8,1408,0,5,5,0,10,919,452,39,8,1418,0,0,0,1418
07/14/2009,CLT,NC,ASO,ES,Combined TRACON& Tower with Radar,922,460,64,13,1459,0,5,12,0,17,922,465,76,13,1476,0,0,0,1476
07/15/2009,CLT,NC,ASO,ES,Combined TRACON& Tower with Radar,925,475,56,4,1460,0,6,24,0,30,925,481,80,4,1490,0,0,0,1490
07/16/2009,CLT,NC,ASO,ES,Combined TRACON& Tower with Radar,926,466,58,6,1456,0,5,20,0,25,926,471,78,6,1481,0,0,0,1481
07/17/2009,CLT,NC,ASO,ES,Combined TRACON& Tower with Radar,928,470,48,0,1446,0,2,16,0,18,928,472,64,0,1464,0,0,0,1464
07/18/2009,CLT,NC,ASO,ES,Combined TRACON& Tower with Radar,853,440,24,2,1319,0,10,14,0,24,853,450,38,2,1343,0,0,0,1343
07/19/2009,CLT,NC,ASO,ES,Combined TRACON& Tower with Radar,887,422,49,3,1361,0,5,9,0,14,887,427,58,3,1375,0,0,0,1375
07/20/2009,CLT,NC,ASO,ES,Combined TRACON& Tower with Radar,920,451,97,9,1477,0,4,11,0,15,920,455,108,9,1492,0,0,0,1492
07/21/2009,CLT,NC,ASO,ES,Combined TRACON& Tower with Radar,919,468,92,6,1485,0,3,11,0,14,919,471,103,6,1499,0,0,0,1499
07/22/2009,CLT,NC,ASO,ES,Combined TRACON& Tower with Radar,927,471,68,15,1481,0,6,17,0,23,927,477,85,15,1504,0,0,0,1504
07/23/2009,CLT,NC,ASO,ES,Combined TRACON& Tower with Radar,909,472,66,12,1459,0,3,11,0,14,909,475,77,12,1473,0,0,0,1473
07/24/2009,CLT,NC,ASO,ES,Combined TRACON& Tower with Radar,928,474,45,4,1451,0,1,15,0,16,928,475,60,4,1467,0,0,0,1467
07/25/2009,CLT,NC,ASO,ES,Combined TRACON& Tower with Radar,847,432,19,0,1298,0,5,12,0,17,847,437,31,0,1315,0,0,0,1315
07/26/2009,CLT,NC,ASO,ES,Combined TRACON& Tower with Radar,871,401,44,1,1317,0,10,7,1,18,871,411,51,2,1335,0,0,0,1335
07/27/2009,CLT,NC,ASO,ES,Combined TRACON& Tower with Radar,907,443,28,8,1386,0,2,11,0,13,907,445,39,8,1399,0,0,0,1399
07/28/2009,CLT,NC,ASO,ES,Combined TRACON& Tower with Radar,885,454,48,6,1393,0,5,7,0,12,885,459,55,6,1405,0,0,0,1405
07/29/2009,CLT,NC,ASO,ES,Combined TRACON& Tower with Radar,926,498,43,7,1474,0,4,17,0,21,926,502,60,7,1495,0,0,0,1495
07/30/2009,CLT,NC,ASO,ES,Combined TRACON& Tower with Radar,935,478,71,8,1492,0,1,11,1,13,935,479,82,9,1505,0,0,0,1505
07/31/2009,CLT,NC,ASO,ES,Combined TRACON& Tower with Radar,908,464,51,7,1430,0,2,15,0,17,908,466,66,7,1447,0,0,0,1447
08/01/2009,CLT,NC,ASO,ES,Combined TRACON& Tower with Radar,853,442,18,5,1318,0,5,7,0,12,853,447,25,5,1330,0,0,0,1330
08/02/2009,CLT,NC,ASO,ES,Combined TRACON& Tower with Radar,866,418,30,9,1323,0,3,8,0,11,866,421,38,9,1334,0,0,0,1334
08/03/2009,CLT,NC,ASO,ES,Combined TRACON& Tower with Radar,932,454,43,1,1430,0,1,7,0,8,932,455,50,1,1438,0,0,0,1438
08/04/2009,CLT,NC,ASO,ES,Combined TRACON& Tower with Radar,914,479,49,12,1454,0,1,14,0,15,914,480,63,12,1469,0,0,0,1469
08/05/2009,CLT,NC,ASO,ES,Combined TRACON& Tower with Radar,870,447,65,7,1389,0,0,19,0,19,870,447,84,7,1408,0,0,0,1408
08/06/2009,CLT,NC,ASO,ES,Combined TRACON& Tower with Radar,962,495,63,9,1529,0,5,22,0,27,962,500,85,9,1556,0,0,0,1556
08/07/2009,CLT,NC,ASO,ES,Combined TRACON& Tower with Radar,931,465,51,2,1449,0,5,19,0,24,931,470,70,2,1473,0,0,0,1473
08/08/2009,CLT,NC,ASO,ES,Combined TRACON& Tower with Radar,851,433,20,0,1304,0,6,10,0,16,851,439,30,0,1320,0,0,0,1320
08/09/2009,CLT,NC,ASO,ES,Combined TRACON& Tower with Radar,887,414,24,3,1328,0,3,6,0,9,887,417,30,3,1337,0,0,0,1337
08/10/2009,CLT,NC,ASO,ES,Combined TRACON& Tower with Radar,919,435,66,9,1429,0,4,26,0,30,919,439,92,9,1459,0,0,0,1459
08/11/2009,CLT,NC,ASO,ES,Combined TRACON& Tower with Radar,819,343,44,7,1213,0,4,8,0,12,819,347,52,7,1225,0,0,0,1225
08/12/2009,CLT,NC,ASO,ES,Combined TRACON& Tower with Radar,869,369,70,7,1315,0,2,10,0,12,869,371,80,7,1327,0,0,0,1327
08/13/2009,CLT,NC,ASO,ES,Combined TRACON& Tower with Radar,962,471,56,10,1499,0,7,31,0,38,962,478,87,10,1537,0,0,0,1537
08/14/2009,CLT,NC,ASO,ES,Combined TRACON& Tower with Radar,926,470,33,2,1431,0,5,21,0,26,926,475,54,2,1457,0,0,0,1457
08/15/2009,CLT,NC,ASO,ES,Combined TRACON& Tower with Radar,857,442,18,3,1320,0,2,16,0,18,857,444,34,3,1338,0,0,0,1338
08/16/2009,CLT,NC,ASO,ES,Combined TRACON& Tower with Radar,873,414,19,2,1308,0,5,13,0,18,873,419,32,2,1326,0,0,0,1326
08/17/2009,CLT,NC,ASO,ES,Combined TRACON& Tower with Radar,916,455,42,10,1423,0,0,6,0,6,916,455,48,10,1429,0,0,0,1429
08/18/2009,CLT,NC,ASO,ES,Combined TRACON& Tower with Radar,907,468,78,6,1459,0,3,14,0,17,907,471,92,6,1476,0,0,0,1476
08/19/2009,CLT,NC,ASO,ES,Combined TRACON& Tower with Radar,890,467,44,14,1415,0,2,18,0,20,890,469,62,14,1435,0,0,0,1435
08/20/2009,CLT,NC,ASO,ES,Combined TRACON& Tower with Radar,912,466,67,6,1451,0,3,16,0,19,912,469,83,6,1470,0,0,0,1470
08/21/2009,CLT,NC,ASO,ES,Combined TRACON& Tower with Radar,890,463,51,0,1404,0,3,19,0,22,890,466,70,0,1426,0,0,0,1426
08/22/2009,CLT,NC,ASO,ES,Combined TRACON& Tower with Radar,810,410,21,0,1241,0,5,14,0,19,810,415,35,0,1260,0,0,0,1260
08/23/2009,CLT,NC,ASO,ES,Combined TRACON& Tower with Radar,869,408,28,0,1305,0,2,7,0,9,869,410,35,0,1314,0,0,0,1314
08/24/2009,CLT,NC,ASO,ES,Combined TRACON& Tower with Radar,903,450,50,10,1413,0,3,10,0,13,903,453,60,10,1426,0,0,0,1426
08/25/2009,CLT,NC,ASO,ES,Combined TRACON& Tower with Radar,901,467,86,18,1472,0,1,20,0,21,901,468,106,18,1493,0,0,0,1493
08/26/2009,CLT,NC,ASO,ES,Combined TRACON& Tower with Radar,915,451,71,8,1445,0,4,14,0,18,915,455,85,8,1463,0,0,0,1463
08/27/2009,CLT,NC,ASO,ES,Combined TRACON& Tower with Radar,901,467,84,9,1461,0,2,14,0,16,901,469,98,9,1477,0,0,0,1477
08/28/2009,CLT,NC,ASO,ES,Combined TRACON& Tower with Radar,897,463,57,2,1419,0,4,15,0,19,897,467,72,2,1438,0,0,0,1438
08/29/2009,CLT,NC,ASO,ES,Combined TRACON& Tower with Radar,824,426,21,1,1272,0,4,15,0,19,824,430,36,1,1291,0,0,0,1291
08/30/2009,CLT,NC,ASO,ES,Combined TRACON& Tower with Radar,855,402,25,1,1283,0,3,14,0,17,855,405,39,1,1300,0,0,0,1300
08/31/2009,CLT,NC,ASO,ES,Combined TRACON& Tower with Radar,912,457,37,8,1414,0,7,17,0,24,912,464,54,8,1438,0,0,0,1438
09/01/2009,CLT,NC,ASO,ES,Combined TRACON& Tower with Radar,909,454,75,9,1447,0,3,16,0,19,909,457,91,9,1466,0,0,0,1466
09/02/2009,CLT,NC,ASO,ES,Combined TRACON& Tower with Radar,915,461,57,6,1439,0,5,19,1,25,915,466,76,7,1464,0,0,0,1464
09/03/2009,CLT,NC,ASO,ES,Combined TRACON& Tower with Radar,925,463,72,14,1474,0,4,19,0,23,925,467,91,14,1497,0,0,0,1497
09/04/2009,CLT,NC,ASO,ES,Combined TRACON& Tower with Radar,922,469,51,0,1442,0,5,24,0,29,922,474,75,0,1471,0,0,0,1471
09/05/2009,CLT,NC,ASO,ES,Combined TRACON& Tower with Radar,739,418,23,4,1184,0,9,23,0,32,739,427,46,4,1216,0,0,0,1216
09/06/2009,CLT,NC,ASO,ES,Combined TRACON& Tower with Radar,716,324,20,0,1060,0,3,12,1,16,716,327,32,1,1076,0,0,0,1076
09/07/2009,CLT,NC,ASO,ES,Combined TRACON& Tower with Radar,850,401,39,0,1290,0,3,24,0,27,850,404,63,0,1317,0,0,0,1317
09/08/2009,CLT,NC,ASO,ES,Combined TRACON& Tower with Radar,911,447,70,13,1441,0,5,28,2,35,911,452,98,15,1476,0,0,0,1476
09/09/2009,CLT,NC,ASO,ES,Combined TRACON& Tower with Radar,875,470,73,13,1431,0,1,10,0,11,875,471,83,13,1442,0,0,0,1442
09/10/2009,CLT,NC,ASO,ES,Combined TRACON& Tower with Radar,880,480,79,6,1445,0,1,12,0,13,880,481,91,6,1458,0,0,0,1458
09/11/2009,CLT,NC,ASO,ES,Combined TRACON& Tower with Radar,894,481,80,10,1465,0,6,23,0,29,894,487,103,10,1494,0,0,0,1494
09/12/2009,CLT,NC,ASO,ES,Combined TRACON& Tower with Radar,756,430,32,1,1219,0,3,17,0,20,756,433,49,1,1239,0,0,0,1239
09/13/2009,CLT,NC,ASO,ES,Combined TRACON& Tower with Radar,850,433,61,0,1344,0,1,16,0,17,850,434,77,0,1361,0,0,0,1361
09/14/2009,CLT,NC,ASO,ES,Combined TRACON& Tower with Radar,838,438,75,0,1351,0,3,17,0,20,838,441,92,0,1371,0,0,0,1371
09/15/2009,CLT,NC,ASO,ES,Combined TRACON& Tower with Radar,782,424,76,9,1291,0,1,16,1,18,782,425,92,10,1309,0,0,0,1309
09/16/2009,CLT,NC,ASO,ES,Combined TRACON& Tower with Radar,816,447,61,7,1331,0,0,13,0,13,816,447,74,7,1344,0,0,0,1344
09/17/2009,CLT,NC,ASO,ES,Combined TRACON& Tower with Radar,897,467,65,8,1437,0,1,9,0,10,897,468,74,8,1447,0,0,0,1447
09/18/2009,CLT,NC,ASO,ES,Combined TRACON& Tower with Radar,911,473,64,4,1452,0,1,11,0,12,911,474,75,4,1464,0,0,0,1464
09/19/2009,CLT,NC,ASO,ES,Combined TRACON& Tower with Radar,750,426,21,0,1197,0,2,10,0,12,750,428,31,0,1209,0,0,0,1209
09/20/2009,CLT,NC,ASO,ES,Combined TRACON& Tower with Radar,843,422,38,0,1303,0,1,4,0,5,843,423,42,0,1308,0,0,0,1308
09/21/2009,CLT,NC,ASO,ES,Combined TRACON& Tower with Radar,851,428,55,11,1345,0,1,16,0,17,851,429,71,11,1362,0,0,0,1362
09/22/2009,CLT,NC,ASO,ES,Combined TRACON& Tower with Radar,784,430,56,8,1278,0,3,15,0,18,784,433,71,8,1296,0,0,0,1296
09/23/2009,CLT,NC,ASO,ES,Combined TRACON& Tower with Radar,822,452,72,7,1353,0,3,12,2,17,822,455,84,9,1370,0,0,0,1370
09/24/2009,CLT,NC,ASO,ES,Combined TRACON& Tower with Radar,901,474,81,9,1465,0,3,12,0,15,901,477,93,9,1480,0,0,0,1480
09/25/2009,CLT,NC,ASO,ES,Combined TRACON& Tower with Radar,895,465,49,1,1410,0,2,19,0,21,895,467,68,1,1431,0,0,0,1431
09/26/2009,CLT,NC,ASO,ES,Combined TRACON& Tower with Radar,773,426,29,0,1228,0,0,0,0,0,773,426,29,0,1228,0,0,0,1228
09/27/2009,CLT,NC,ASO,ES,Combined TRACON& Tower with Radar,861,423,31,0,1315,0,4,4,0,8,861,427,35,0,1323,0,0,0,1323
09/28/2009,CLT,NC,ASO,ES,Combined TRACON& Tower with Radar,840,432,45,9,1326,0,3,19,0,22,840,435,64,9,1348,0,0,0,1348
09/29/2009,CLT,NC,ASO,ES,Combined TRACON& Tower with Radar,780,424,89,9,1302,0,2,11,0,13,780,426,100,9,1315,0,0,0,1315
09/30/2009,CLT,NC,ASO,ES,Combined TRACON& Tower with Radar,826,445,78,10,1359,0,3,16,0,19,826,448,94,10,1378,0,0,0,1378
10/01/2009,CLT,NC,ASO,ES,Combined TRACON& Tower with Radar,899,474,73,10,1456,0,6,19,0,25,899,480,92,10,1481,0,0,0,1481
10/02/2009,CLT,NC,ASO,ES,Combined TRACON& Tower with Radar,914,463,47,7,1431,0,1,18,0,19,914,464,65,7,1450,0,0,0,1450
10/03/2009,CLT,NC,ASO,ES,Combined TRACON& Tower with Radar,777,438,37,4,1256,0,4,16,0,20,777,442,53,4,1276,0,0,0,1276
10/04/2009,CLT,NC,ASO,ES,Combined TRACON& Tower with Radar,876,433,39,2,1350,0,2,8,0,10,876,435,47,2,1360,0,0,0,1360
10/05/2009,CLT,NC,ASO,ES,Combined TRACON& Tower with Radar,860,419,50,0,1329,0,0,1,0,1,860,419,51,0,1330,0,0,0,1330
10/06/2009,CLT,NC,ASO,ES,Combined TRACON& Tower with Radar,808,418,42,14,1282,0,4,4,0,8,808,422,46,14,1290,0,0,0,1290
10/07/2009,CLT,NC,ASO,ES,Combined TRACON& Tower with Radar,854,446,50,5,1355,0,3,12,0,15,854,449,62,5,1370,0,0,0,1370
10/08/2009,CLT,NC,ASO,ES,Combined TRACON& Tower with Radar,909,454,76,8,1447,0,3,26,4,33,909,457,102,12,1480,0,0,0,1480
10/09/2009,CLT,NC,ASO,ES,Combined TRACON& Tower with Radar,910,477,50,2,1439,0,3,16,0,19,910,480,66,2,1458,0,0,0,1458
10/10/2009,CLT,NC,ASO,ES,Combined TRACON& Tower with Radar,777,441,23,4,1245,0,2,12,0,14,777,443,35,4,1259,0,0,0,1259
10/11/2009,CLT,NC,ASO,ES,Combined TRACON& Tower with Radar,877,421,71,0,1369,0,3,11,0,14,877,424,82,0,1383,0,0,0,1383
10/12/2009,CLT,NC,ASO,ES,Combined TRACON& Tower with Radar,841,425,76,1,1343,0,0,6,0,6,841,425,82,1,1349,0,0,0,1349
10/13/2009,CLT,NC,ASO,ES,Combined TRACON& Tower with Radar,796,397,63,8,1264,0,3,15,0,18,796,400,78,8,1282,0,0,0,1282
10/14/2009,CLT,NC,ASO,ES,Combined TRACON& Tower with Radar,853,429,55,4,1341,0,0,3,0,3,853,429,58,4,1344,0,0,0,1344
10/15/2009,CLT,NC,ASO,ES,Combined TRACON& Tower with Radar,912,456,61,6,1435,0,0,0,0,0,912,456,61,6,1435,0,0,0,1435
10/16/2009,CLT,NC,ASO,ES,Combined TRACON& Tower with Radar,923,473,52,7,1455,0,5,19,0,24,923,478,71,7,1479,0,0,0,1479
10/17/2009,CLT,NC,ASO,ES,Combined TRACON& Tower with Radar,789,424,32,4,1249,0,31,8,0,39,789,455,40,4,1288,0,0,0,1288
10/18/2009,CLT,NC,ASO,ES,Combined TRACON& Tower with Radar,883,428,42,1,1354,0,23,4,1,28,883,451,46,2,1382,0,0,0,1382
10/19/2009,CLT,NC,ASO,ES,Combined TRACON& Tower with Radar,848,435,63,10,1356,0,5,15,0,20,848,440,78,10,1376,0,0,0,1376
10/20/2009,CLT,NC,ASO,ES,Combined TRACON& Tower with Radar,814,422,81,14,1331,0,3,12,2,17,814,425,93,16,1348,0,0,0,1348
10/21/2009,CLT,NC,ASO,ES,Combined TRACON& Tower with Radar,860,439,75,12,1386,0,6,25,5,36,860,445,100,17,1422,0,0,0,1422
10/22/2009,CLT,NC,ASO,ES,Combined TRACON& Tower with Radar,923,468,91,10,1492,0,1,25,0,26,923,469,116,10,1518,0,0,0,1518
10/23/2009,CLT,NC,ASO,ES,Combined TRACON& Tower with Radar,917,464,61,6,1448,0,7,19,0,26,917,471,80,6,1474,0,0,0,1474
10/24/2009,CLT,NC,ASO,ES,Combined TRACON& Tower with Radar,786,427,24,3,1240,0,8,13,0,21,786,435,37,3,1261,0,0,0,1261
10/25/2009,CLT,NC,ASO,ES,Combined TRACON& Tower with Radar,877,432,44,2,1355,0,7,16,0,23,877,439,60,2,1378,0,0,0,1378
10/26/2009,CLT,NC,ASO,ES,Combined TRACON& Tower with Radar,866,428,76,0,1370,0,2,18,0,20,866,430,94,0,1390,0,0,0,1390
10/27/2009,CLT,NC,ASO,ES,Combined TRACON& Tower with Radar,822,413,71,2,1308,0,1,0,0,1,822,414,71,2,1309,0,0,0,1309
10/28/2009,CLT,NC,ASO,ES,Combined TRACON& Tower with Radar,855,436,75,5,1371,1,2,18,0,21,856,438,93,5,1392,0,0,0,1392
10/29/2009,CLT,NC,ASO,ES,Combined TRACON& Tower with Radar,912,474,97,8,1491,0,0,22,0,22,912,474,119,8,1513,0,0,0,1513
10/30/2009,CLT,NC,ASO,ES,Combined TRACON& Tower with Radar,922,486,62,0,1470,0,2,12,0,14,922,488,74,0,1484,0,0,0,1484
10/31/2009,CLT,NC,ASO,ES,Combined TRACON& Tower with Radar,789,420,19,2,1230,0,1,4,0,5,789,421,23,2,1235,0,0,0,1235
11/01/2009,CLT,NC,ASO,ES,Combined TRACON& Tower with Radar,867,415,38,2,1322,0,0,1,0,1,867,415,39,2,1323,0,0,0,1323
11/02/2009,CLT,NC,ASO,ES,Combined TRACON& Tower with Radar,852,434,46,6,1338,0,3,16,0,19,852,437,62,6,1357,0,0,0,1357
11/03/2009,CLT,NC,ASO,ES,Combined TRACON& Tower with Radar,819,416,59,6,1300,0,5,24,1,30,819,421,83,7,1330,0,0,0,1330
11/04/2009,CLT,NC,ASO,ES,Combined TRACON& Tower with Radar,859,440,83,6,1388,0,0,18,0,18,859,440,101,6,1406,0,0,0,1406
11/05/2009,CLT,NC,ASO,ES,Combined TRACON& Tower with Radar,924,463,91,5,1483,0,2,29,0,31,924,465,120,5,1514,0,0,0,1514
11/06/2009,CLT,NC,ASO,ES,Combined TRACON& Tower with Radar,925,451,88,7,1471,0,7,18,1,26,925,458,106,8,1497,0,0,0,1497
11/07/2009,CLT,NC,ASO,ES,Combined TRACON& Tower with Radar,819,418,36,2,1275,0,8,19,0,27,819,426,55,2,1302,0,0,0,1302
11/08/2009,CLT,NC,ASO,ES,Combined TRACON& Tower with Radar,879,408,34,1,1322,0,6,6,0,12,879,414,40,1,1334,0,0,0,1334
11/09/2009,CLT,NC,ASO,ES,Combined TRACON& Tower with Radar,860,417,53,1,1331,0,4,16,1,21,860,421,69,2,1352,0,0,0,1352
11/10/2009,CLT,NC,ASO,ES,Combined TRACON& Tower with Radar,814,428,61,0,1303,0,1,2,0,3,814,429,63,0,1306,0,0,0,1306
11/11/2009,CLT,NC,ASO,ES,Combined TRACON& Tower with Radar,865,418,46,0,1329,0,0,0,0,0,865,418,46,0,1329,0,0,0,1329
11/12/2009,CLT,NC,ASO,ES,Combined TRACON& Tower with Radar,911,447,64,8,1430,0,2,10,0,12,911,449,74,8,1442,0,0,0,1442
11/13/2009,CLT,NC,ASO,ES,Combined TRACON& Tower with Radar,928,458,60,5,1451,0,2,22,0,24,928,460,82,5,1475,0,0,0,1475
11/14/2009,CLT,NC,ASO,ES,Combined TRACON& Tower with Radar,816,427,26,3,1272,0,5,25,3,33,816,432,51,6,1305,0,0,0,1305
11/15/2009,CLT,NC,ASO,ES,Combined TRACON& Tower with Radar,865,421,50,4,1340,0,4,24,3,31,865,425,74,7,1371,0,0,0,1371
11/16/2009,CLT,NC,ASO,ES,Combined TRACON& Tower with Radar,860,424,61,9,1354,0,4,13,0,17,860,428,74,9,1371,0,0,0,1371
11/17/2009,CLT,NC,ASO,ES,Combined TRACON& Tower with Radar,809,434,55,11,1309,0,3,25,0,28,809,437,80,11,1337,0,0,0,1337
11/18/2009,CLT,NC,ASO,ES,Combined TRACON& Tower with Radar,865,435,59,8,1367,0,3,3,0,6,865,438,62,8,1373,0,0,0,1373
11/19/2009,CLT,NC,ASO,ES,Combined TRACON& Tower with Radar,908,476,95,8,1487,0,0,8,0,8,908,476,103,8,1495,0,0,0,1495
11/20/2009,CLT,NC,ASO,ES,Combined TRACON& Tower with Radar,932,466,83,6,1487,0,2,29,0,31,932,468,112,6,1518,0,0,0,1518
11/21/2009,CLT,NC,ASO,ES,Combined TRACON& Tower with Radar,824,419,33,1,1277,0,5,13,0,18,824,424,46,1,1295,0,0,0,1295
11/22/2009,CLT,NC,ASO,ES,Combined TRACON& Tower with Radar,866,418,34,2,1320,0,1,3,0,4,866,419,37,2,1324,0,0,0,1324
11/23/2009,CLT,NC,ASO,ES,Combined TRACON& Tower with Radar,838,411,50,8,1307,0,0,0,0,0,838,411,50,8,1307,0,0,0,1307
11/24/2009,CLT,NC,ASO,ES,Combined TRACON& Tower with Radar,867,440,46,10,1363,0,2,9,0,11,867,442,55,10,1374,0,0,0,1374
11/25/2009,CLT,NC,ASO,ES,Combined TRACON& Tower with Radar,927,469,57,2,1455,0,7,21,0,28,927,476,78,2,1483,0,0,0,1483
11/26/2009,CLT,NC,ASO,ES,Combined TRACON& Tower with Radar,508,229,8,0,745,0,1,8,0,9,508,230,16,0,754,0,0,0,754
11/27/2009,CLT,NC,ASO,ES,Combined TRACON& Tower with Radar,820,422,15,0,1257,0,11,32,0,43,820,433,47,0,1300,0,0,0,1300
11/28/2009,CLT,NC,ASO,ES,Combined TRACON& Tower with Radar,831,448,19,0,1298,0,13,20,0,33,831,461,39,0,1331,0,0,0,1331
11/29/2009,CLT,NC,ASO,ES,Combined TRACON& Tower with Radar,907,442,43,0,1392,0,6,15,0,21,907,448,58,0,1413,0,0,0,1413
11/30/2009,CLT,NC,ASO,ES,Combined TRACON& Tower with Radar,937,447,56,9,1449,0,3,15,0,18,937,450,71,9,1467,0,0,0,1467
12/01/2009,CLT,NC,ASO,ES,Combined TRACON& Tower with Radar,820,423,48,12,1303,0,6,31,1,38,820,429,79,13,1341,0,0,0,1341
12/02/2009,CLT,NC,ASO,ES,Combined TRACON& Tower with Radar,896,456,48,6,1406,0,0,2,0,2,896,456,50,6,1408,0,0,0,1408
12/03/2009,CLT,NC,ASO,ES,Combined TRACON& Tower with Radar,918,473,72,9,1472,0,5,22,2,29,918,478,94,11,1501,0,0,0,1501
12/04/2009,CLT,NC,ASO,ES,Combined TRACON& Tower with Radar,909,450,51,4,1414,0,2,27,1,30,909,452,78,5,1444,0,0,0,1444
12/05/2009,CLT,NC,ASO,ES,Combined TRACON& Tower with Radar,776,409,18,5,1208,0,3,5,0,8,776,412,23,5,1216,0,0,0,1216
12/06/2009,CLT,NC,ASO,ES,Combined TRACON& Tower with Radar,878,424,59,4,1365,0,1,14,0,15,878,425,73,4,1380,0,0,0,1380
12/07/2009,CLT,NC,ASO,ES,Combined TRACON& Tower with Radar,799,413,75,0,1287,0,1,14,0,15,799,414,89,0,1302,0,0,0,1302
12/08/2009,CLT,NC,ASO,ES,Combined TRACON& Tower with Radar,768,422,93,5,1288,0,3,13,2,18,768,425,106,7,1306,0,0,0,1306
12/09/2009,CLT,NC,ASO,ES,Combined TRACON& Tower with Radar,896,435,79,7,1417,0,1,9,0,10,896,436,88,7,1427,0,0,0,1427
12/10/2009,CLT,NC,ASO,ES,Combined TRACON& Tower with Radar,930,449,67,14,1460,0,1,25,2,28,930,450,92,16,1488,0,0,0,1488
12/11/2009,CLT,NC,ASO,ES,Combined TRACON& Tower with Radar,916,460,54,1,1431,0,4,18,0,22,916,464,72,1,1453,0,0,0,1453
12/12/2009,CLT,NC,ASO,ES,Combined TRACON& Tower with Radar,772,414,15,0,1201,0,5,15,0,20,772,419,30,0,1221,0,0,0,1221
12/13/2009,CLT,NC,ASO,ES,Combined TRACON& Tower with Radar,849,364,27,0,1240,0,0,0,0,0,849,364,27,0,1240,0,0,0,1240
12/14/2009,CLT,NC,ASO,ES,Combined TRACON& Tower with Radar,715,302,47,0,1064,0,0,0,0,0,715,302,47,0,1064,0,0,0,1064
12/15/2009,CLT,NC,ASO,ES,Combined TRACON& Tower with Radar,791,418,54,15,1278,0,0,12,0,12,791,418,66,15,1290,0,0,0,1290
12/16/2009,CLT,NC,ASO,ES,Combined TRACON& Tower with Radar,908,472,74,6,1460,0,2,25,0,27,908,474,99,6,1487,0,0,0,1487
12/17/2009,CLT,NC,ASO,ES,Combined TRACON& Tower with Radar,925,466,77,3,1471,0,1,39,2,42,925,467,116,5,1513,0,0,0,1513
12/18/2009,CLT,NC,ASO,ES,Combined TRACON& Tower with Radar,884,381,51,0,1316,0,0,3,0,3,884,381,54,0,1319,0,0,0,1319
12/19/2009,CLT,NC,ASO,ES,Combined TRACON& Tower with Radar,766,374,18,0,1158,0,1,11,0,12,766,375,29,0,1170,0,0,0,1170
12/20/2009,CLT,NC,ASO,ES,Combined TRACON& Tower with Radar,830,404,36,0,1270,0,3,13,0,16,830,407,49,0,1286,0,0,0,1286
12/21/2009,CLT,NC,ASO,ES,Combined TRACON& Tower with Radar,928,437,56,0,1421,0,2,25,0,27,928,439,81,0,1448,0,0,0,1448
12/22/2009,CLT,NC,ASO,ES,Combined TRACON& Tower with Radar,934,463,43,6,1446,0,7,25,1,33,934,470,68,7,1479,0,0,0,1479
12/23/2009,CLT,NC,ASO,ES,Combined TRACON& Tower with Radar,929,474,32,2,1437,0,6,24,0,30,929,480,56,2,1467,0,0,0,1467
12/24/2009,CLT,NC,ASO,ES,Combined TRACON& Tower with Radar,796,399,20,0,1215,0,3,13,0,16,796,402,33,0,1231,0,0,0,1231
12/25/2009,CLT,NC,ASO,ES,Combined TRACON& Tower with Radar,726,359,15,0,1100,0,0,0,0,0,726,359,15,0,1100,0,0,0,1100
12/26/2009,CLT,NC,ASO,ES,Combined TRACON& Tower with Radar,752,472,38,0,1262,0,2,7,0,9,752,474,45,0,1271,0,0,0,1271
12/27/2009,CLT,NC,ASO,ES,Combined TRACON& Tower with Radar,896,457,45,0,1398,0,1,10,0,11,896,458,55,0,1409,0,0,0,1409
12/28/2009,CLT,NC,ASO,ES,Combined TRACON& Tower with Radar,938,456,30,7,1431,0,3,17,2,22,938,459,47,9,1453,0,0,0,1453
12/29/2009,CLT,NC,ASO,ES,Combined TRACON& Tower with Radar,931,474,21,8,1434,0,3,18,0,21,931,477,39,8,1455,0,0,0,1455
12/30/2009,CLT,NC,ASO,ES,Combined TRACON& Tower with Radar,932,461,17,8,1418,0,2,14,0,16,932,463,31,8,1434,0,0,0,1434
12/31/2009,CLT,NC,ASO,ES,Combined TRACON& Tower with Radar,794,405,22,0,1221,0,0,0,0,0,794,405,22,0,1221,0,0,0,1221
01/01/2010,CLT,NC,ASO,ES,Combined TRACON& Tower with Radar,751,378,13,0,1142,0,3,15,0,18,751,381,28,0,1160,0,0,0,1160
01/02/2010,CLT,NC,ASO,ES,Combined TRACON& Tower with Radar,756,469,22,0,1247,0,2,7,0,9,756,471,29,0,1256,0,0,0,1256
01/03/2010,CLT,NC,ASO,ES,Combined TRACON& Tower with Radar,839,424,40,0,1303,0,4,19,0,23,839,428,59,0,1326,0,0,0,1326
01/04/2010,CLT,NC,ASO,ES,Combined TRACON& Tower with Radar,916,443,49,0,1408,0,2,19,0,21,916,445,68,0,1429,0,0,0,1429
01/05/2010,CLT,NC,ASO,ES,Combined TRACON& Tower with Radar,817,408,49,3,1277,0,1,28,0,29,817,409,77,3,1306,0,0,0,1306
01/06/2010,CLT,NC,ASO,ES,Combined TRACON& Tower with Radar,929,449,39,0,1417,0,2,26,0,28,929,451,65,0,1445,0,0,0,1445
01/07/2010,CLT,NC,ASO,ES,Combined TRACON& Tower with Radar,919,435,44,0,1398,0,4,31,0,35,919,439,75,0,1433,0,0,0,1433
01/08/2010,CLT,NC,ASO,ES,Combined TRACON& Tower with Radar,923,443,42,0,1408,0,6,20,0,26,923,449,62,0,1434,0,0,0,1434
01/09/2010,CLT,NC,ASO,ES,Combined TRACON& Tower with Radar,786,389,14,5,1194,0,5,4,0,9,786,394,18,5,1203,0,0,0,1203
01/10/2010,CLT,NC,ASO,ES,Combined TRACON& Tower with Radar,855,388,19,0,1262,0,1,4,0,5,855,389,23,0,1267,0,0,0,1267
01/11/2010,CLT,NC,ASO,ES,Combined TRACON& Tower with Radar,808,405,36,2,1251,0,3,25,0,28,808,408,61,2,1279,0,0,0,1279
01/12/2010,CLT,NC,ASO,ES,Combined TRACON& Tower with Radar,801,403,48,6,1258,0,2,18,0,20,801,405,66,6,1278,0,0,0,1278
01/13/2010,CLT,NC,ASO,ES,Combined TRACON& Tower with Radar,926,440,71,9,1446,0,5,25,0,30,926,445,96,9,1476,0,0,0,1476
01/14/2010,CLT,NC,ASO,ES,Combined TRACON& Tower with Radar,928,449,52,1,1430,0,4,27,0,31,928,453,79,1,1461,0,0,0,1461
01/15/2010,CLT,NC,ASO,ES,Combined TRACON& Tower with Radar,927,450,53,1,1431,0,5,31,0,36,927,455,84,1,1467,0,0,0,1467
01/16/2010,CLT,NC,ASO,ES,Combined TRACON& Tower with Radar,782,374,15,0,1171,0,3,6,0,9,782,377,21,0,1180,0,0,0,1180
01/17/2010,CLT,NC,ASO,ES,Combined TRACON& Tower with Radar,852,377,22,0,1251,0,0,0,0,0,852,377,22,0,1251,0,0,0,1251
01/18/2010,CLT,NC,ASO,ES,Combined TRACON& Tower with Radar,809,384,42,2,1237,0,5,17,0,22,809,389,59,2,1259,0,0,0,1259
01/19/2010,CLT,NC,ASO,ES,Combined TRACON& Tower with Radar,805,387,53,15,1260,0,7,21,0,28,805,394,74,15,1288,0,0,0,1288
01/20/2010,CLT,NC,ASO,ES,Combined TRACON& Tower with Radar,926,448,56,10,1440,0,8,23,0,31,926,456,79,10,1471,0,0,0,1471
01/21/2010,CLT,NC,ASO,ES,Combined TRACON& Tower with Radar,915,441,49,8,1413,0,0,0,0,0,915,441,49,8,1413,0,0,0,1413
01/22/2010,CLT,NC,ASO,ES,Combined TRACON& Tower with Radar,912,442,50,3,1407,0,5,10,0,15,912,447,60,3,1422,0,0,0,1422
01/23/2010,CLT,NC,ASO,ES,Combined TRACON& Tower with Radar,790,386,19,2,1197,0,4,8,0,12,790,390,27,2,1209,0,0,0,1209
01/24/2010,CLT,NC,ASO,ES,Combined TRACON& Tower with Radar,861,381,32,0,1274,0,0,0,0,0,861,381,32,0,1274,0,0,0,1274
01/25/2010,CLT,NC,ASO,ES,Combined TRACON& Tower with Radar,815,399,64,9,1287,0,2,17,0,19,815,401,81,9,1306,0,0,0,1306
01/26/2010,CLT,NC,ASO,ES,Combined TRACON& Tower with Radar,814,399,87,7,1307,0,4,24,1,29,814,403,111,8,1336,0,0,0,1336
01/27/2010,CLT,NC,ASO,ES,Combined TRACON& Tower with Radar,914,461,72,8,1455,0,4,38,0,42,914,465,110,8,1497,0,0,0,1497
01/28/2010,CLT,NC,ASO,ES,Combined TRACON& Tower with Radar,919,462,70,10,1461,0,4,23,2,29,919,466,93,12,1490,0,0,0,1490
01/29/2010,CLT,NC,ASO,ES,Combined TRACON& Tower with Radar,829,398,58,1,1286,0,3,12,0,15,829,401,70,1,1301,0,0,0,1301
01/30/2010,CLT,NC,ASO,ES,Combined TRACON& Tower with Radar,563,161,7,3,734,0,0,0,0,0,563,161,7,3,734,0,0,0,734
01/31/2010,CLT,NC,ASO,ES,Combined TRACON& Tower with Radar,850,373,30,0,1253,0,2,12,0,14,850,375,42,0,1267,0,0,0,1267
02/01/2010,CLT,NC,ASO,ES,Combined TRACON& Tower with Radar,811,413,41,6,1271,0,4,21,0,25,811,417,62,6,1296,0,0,0,1296
02/02/2010,CLT,NC,ASO,ES,Combined TRACON& Tower with Radar,798,385,39,4,1226,0,1,0,0,1,798,386,39,4,1227,0,0,0,1227
02/03/2010,CLT,NC,ASO,ES,Combined TRACON& Tower with Radar,866,396,52,5,1319,0,4,22,0,26,866,400,74,5,1345,0,0,0,1345
02/04/2010,CLT,NC,ASO,ES,Combined TRACON& Tower with Radar,935,442,69,0,1446,0,2,27,0,29,935,444,96,0,1475,0,0,0,1475
02/05/2010,CLT,NC,ASO,ES,Combined TRACON& Tower with Radar,888,415,39,2,1344,0,0,1,0,1,888,415,40,2,1345,0,0,0,1345
02/06/2010,CLT,NC,ASO,ES,Combined TRACON& Tower with Radar,705,320,28,0,1053,0,3,13,0,16,705,323,41,0,1069,0,0,0,1069
02/07/2010,CLT,NC,ASO,ES,Combined TRACON& Tower with Radar,755,379,22,0,1156,0,4,22,2,28,755,383,44,2,1184,0,0,0,1184
02/08/2010,CLT,NC,ASO,ES,Combined TRACON& Tower with Radar,786,398,55,2,1241,0,6,16,0,22,786,404,71,2,1263,0,0,0,1263
02/09/2010,CLT,NC,ASO,ES,Combined TRACON& Tower with Radar,752,396,51,2,1201,0,1,3,0,4,752,397,54,2,1205,0,0,0,1205
02/10/2010,CLT,NC,ASO,ES,Combined TRACON& Tower with Radar,788,411,51,5,1255,0,2,9,0,11,788,413,60,5,1266,0,0,0,1266
02/11/2010,CLT,NC,ASO,ES,Combined TRACON& Tower with Radar,865,467,74,6,1412,0,1,31,0,32,865,468,105,6,1444,0,0,0,1444
02/12/2010,CLT,NC,ASO,ES,Combined TRACON& Tower with Radar,806,371,63,4,1244,0,0,26,0,26,806,371,89,4,1270,0,0,0,1270
02/13/2010,CLT,NC,ASO,ES,Combined TRACON& Tower with Radar,833,395,24,3,1255,0,5,9,0,14,833,400,33,3,1269,0,0,0,1269
02/14/2010,CLT,NC,ASO,ES,Combined TRACON& Tower with Radar,857,414,24,2,1297,0,1,12,0,13,857,415,36,2,1310,0,0,0,1310
02/15/2010,CLT,NC,ASO,ES,Combined TRACON& Tower with Radar,797,394,51,2,1244,0,5,17,0,22,797,399,68,2,1266,0,0,0,1266
02/16/2010,CLT,NC,ASO,ES,Combined TRACON& Tower with Radar,825,394,47,7,1273,0,4,28,3,35,825,398,75,10,1308,0,0,0,1308
02/17/2010,CLT,NC,ASO,ES,Combined TRACON& Tower with Radar,934,455,59,8,1456,0,1,26,4,31,934,456,85,12,1487,0,0,0,1487
02/18/2010,CLT,NC,ASO,ES,Combined TRACON& Tower with Radar,934,469,63,8,1474,0,3,24,0,27,934,472,87,8,1501,0,0,0,1501
02/19/2010,CLT,NC,ASO,ES,Combined TRACON& Tower with Radar,916,475,70,0,1461,0,3,35,0,38,916,478,105,0,1499,0,0,0,1499
02/20/2010,CLT,NC,ASO,ES,Combined TRACON& Tower with Radar,798,418,22,1,1239,0,2,18,0,20,798,420,40,1,1259,0,0,0,1259
02/21/2010,CLT,NC,ASO,ES,Combined TRACON& Tower with Radar,854,431,52,0,1337,0,6,11,0,17,854,437,63,0,1354,0,0,0,1354
02/22/2010,CLT,NC,ASO,ES,Combined TRACON& Tower with Radar,809,415,59,8,1291,0,2,3,0,5,809,417,62,8,1296,0,0,0,1296
02/23/2010,CLT,NC,ASO,ES,Combined TRACON& Tower with Radar,815,391,66,8,1280,0,1,17,0,18,815,392,83,8,1298,0,0,0,1298
02/24/2010,CLT,NC,ASO,ES,Combined TRACON& Tower with Radar,921,453,82,8,1464,0,1,9,0,10,921,454,91,8,1474,0,0,0,1474
02/25/2010,CLT,NC,ASO,ES,Combined TRACON& Tower with Radar,928,451,70,12,1461,0,5,23,0,28,928,456,93,12,1489,0,0,0,1489
02/26/2010,CLT,NC,ASO,ES,Combined TRACON& Tower with Radar,899,442,74,0,1415,0,3,40,0,43,899,445,114,0,1458,0,0,0,1458
02/27/2010,CLT,NC,ASO,ES,Combined TRACON& Tower with Radar,811,394,23,1,1229,0,1,21,2,24,811,395,44,3,1253,0,0,0,1253
02/28/2010,CLT,NC,ASO,ES,Combined TRACON& Tower with Radar,870,418,37,0,1325,0,0,15,1,16,870,418,52,1,1341,0,0,0,1341
03/01/2010,CLT,NC,ASO,ES,Combined TRACON& Tower with Radar,825,405,52,8,1290,0,12,23,0,35,825,417,75,8,1325,0,0,0,1325
03/02/2010,CLT,NC,ASO,ES,Combined TRACON& Tower with Radar,756,375,55,2,1188,0,0,1,0,1,756,375,56,2,1189,0,0,0,1189
03/03/2010,CLT,NC,ASO,ES,Combined TRACON& Tower with Radar,940,460,64,8,1472,0,4,21,0,25,940,464,85,8,1497,0,0,0,1497
03/04/2010,CLT,NC,ASO,ES,Combined TRACON& Tower with Radar,933,473,73,9,1488,0,2,25,0,27,933,475,98,9,1515,0,0,0,1515
03/05/2010,CLT,NC,ASO,ES,Combined TRACON& Tower with Radar,944,473,41,9,1467,0,2,21,0,23,944,475,62,9,1490,0,0,0,1490
03/06/2010,CLT,NC,ASO,ES,Combined TRACON& Tower with Radar,818,436,21,7,1282,0,1,12,0,13,818,437,33,7,1295,0,0,0,1295
03/07/2010,CLT,NC,ASO,ES,Combined TRACON& Tower with Radar,882,455,33,1,1371,0,6,9,0,15,882,461,42,1,1386,0,0,0,1386
03/08/2010,CLT,NC,ASO,ES,Combined TRACON& Tower with Radar,827,404,52,0,1283,0,5,22,0,27,827,409,74,0,1310,0,0,0,1310
03/09/2010,CLT,NC,ASO,ES,Combined TRACON& Tower with Radar,824,412,67,12,1315,0,1,18,1,20,824,413,85,13,1335,0,0,0,1335
03/10/2010,CLT,NC,ASO,ES,Combined TRACON& Tower with Radar,932,465,79,7,1483,0,5,13,4,22,932,470,92,11,1505,0,0,0,1505
03/11/2010,CLT,NC,ASO,ES,Combined TRACON& Tower with Radar,931,459,57,12,1459,0,0,2,0,2,931,459,59,12,1461,0,0,0,1461
03/12/2010,CLT,NC,ASO,ES,Combined TRACON& Tower with Radar,909,440,48,1,1398,0,0,6,0,6,909,440,54,1,1404,0,0,0,1404
03/13/2010,CLT,NC,ASO,ES,Combined TRACON& Tower with Radar,834,439,19,1,1293,0,3,9,0,12,834,442,28,1,1305,0,0,0,1305
03/14/2010,CLT,NC,ASO,ES,Combined TRACON& Tower with Radar,871,443,29,1,1344,0,0,4,0,4,871,443,33,1,1348,0,0,0,1348
03/15/2010,CLT,NC,ASO,ES,Combined TRACON& Tower with Radar,832,402,37,10,1281,0,4,20,0,24,832,406,57,10,1305,0,0,0,1305
03/16/2010,CLT,NC,ASO,ES,Combined TRACON& Tower with Radar,829,421,70,10,1330,0,2,29,0,31,829,423,99,10,1361,0,0,0,1361
03/17/2010,CLT,NC,ASO,ES,Combined TRACON& Tower with Radar,936,472,79,7,1494,0,1,25,0,26,936,473,104,7,1520,0,0,0,1520
03/18/2010,CLT,NC,ASO,ES,Combined TRACON& Tower with Radar,936,478,74,9,1497,0,0,31,0,31,936,478,105,9,1528,0,0,0,1528
03/19/2010,CLT,NC,ASO,ES,Combined TRACON& Tower with Radar,937,456,44,5,1442,0,5,34,0,39,937,461,78,5,1481,0,0,0,1481
03/20/2010,CLT,NC,ASO,ES,Combined TRACON& Tower with Radar,813,443,14,3,1273,0,3,19,0,22,813,446,33,3,1295,0,0,0,1295
03/21/2010,CLT,NC,ASO,ES,Combined TRACON& Tower with Radar,872,452,45,1,1370,0,2,6,0,8,872,454,51,1,1378,0,0,0,1378
03/22/2010,CLT,NC,ASO,ES,Combined TRACON& Tower with Radar,831,416,78,2,1327,0,3,21,0,24,831,419,99,2,1351,0,0,0,1351
03/23/2010,CLT,NC,ASO,ES,Combined TRACON& Tower with Radar,827,427,53,2,1309,0,4,25,0,29,827,431,78,2,1338,0,0,0,1338
03/24/2010,CLT,NC,ASO,ES,Combined TRACON& Tower with Radar,938,463,63,8,1472,0,1,30,0,31,938,464,93,8,1503,0,0,0,1503
03/25/2010,CLT,NC,ASO,ES,Combined TRACON& Tower with Radar,942,474,54,8,1478,0,6,25,0,31,942,480,79,8,1509,0,0,0,1509
03/26/2010,CLT,NC,ASO,ES,Combined TRACON& Tower with Radar,949,467,50,2,1468,0,3,15,0,18,949,470,65,2,1486,0,0,0,1486
03/27/2010,CLT,NC,ASO,ES,Combined TRACON& Tower with Radar,820,434,19,0,1273,0,9,15,0,24,820,443,34,0,1297,0,0,0,1297
03/28/2010,CLT,NC,ASO,ES,Combined TRACON& Tower with Radar,827,414,33,1,1275,0,2,5,0,7,827,416,38,1,1282,0,0,0,1282
03/29/2010,CLT,NC,ASO,ES,Combined TRACON& Tower with Radar,867,441,49,13,1370,0,4,17,0,21,867,445,66,13,1391,0,0,0,1391
03/30/2010,CLT,NC,ASO,ES,Combined TRACON& Tower with Radar,830,417,58,7,1312,0,1,30,0,31,830,418,88,7,1343,0,0,0,1343
03/31/2010,CLT,NC,ASO,ES,Combined TRACON& Tower with Radar,942,471,61,13,1487,0,7,23,1,31,942,478,84,14,1518,0,0,0,1518
04/01/2010,CLT,NC,ASO,ES,Combined TRACON& Tower with Radar,948,484,63,15,1510,0,3,30,1,34,948,487,93,16,1544,0,0,0,1544
04/02/2010,CLT,NC,ASO,ES,Combined TRACON& Tower with Radar,948,470,30,3,1451,0,5,31,0,36,948,475,61,3,1487,0,0,0,1487
04/03/2010,CLT,NC,ASO,ES,Combined TRACON& Tower with Radar,817,441,13,2,1273,0,7,15,2,24,817,448,28,4,1297,0,0,0,1297
04/04/2010,CLT,NC,ASO,ES,Combined TRACON& Tower with Radar,894,441,16,1,1352,0,4,6,0,10,894,445,22,1,1362,0,0,0,1362
04/05/2010,CLT,NC,ASO,ES,Combined TRACON& Tower with Radar,827,413,56,11,1307,0,2,28,0,30,827,415,84,11,1337,0,0,0,1337
04/06/2010,CLT,NC,ASO,ES,Combined TRACON& Tower with Radar,848,415,57,8,1328,0,3,27,1,31,848,418,84,9,1359,0,0,0,1359
04/07/2010,CLT,NC,ASO,ES,Combined TRACON& Tower with Radar,943,462,61,4,1470,0,2,23,1,26,943,464,84,5,1496,0,0,0,1496
04/08/2010,CLT,NC,ASO,ES,Combined TRACON& Tower with Radar,952,473,67,14,1506,0,4,19,1,24,952,477,86,15,1530,0,0,0,1530
04/09/2010,CLT,NC,ASO,ES,Combined TRACON& Tower with Radar,958,465,59,4,1486,0,4,41,1,46,958,469,100,5,1532,0,0,0,1532
04/10/2010,CLT,NC,ASO,ES,Combined TRACON& Tower with Radar,827,458,21,6,1312,0,6,14,0,20,827,464,35,6,1332,0,0,0,1332
04/11/2010,CLT,NC,ASO,ES,Combined TRACON& Tower with Radar,900,467,36,2,1405,0,3,14,0,17,900,470,50,2,1422,0,0,0,1422
04/12/2010,CLT,NC,ASO,ES,Combined TRACON& Tower with Radar,839,426,62,7,1334,0,6,18,0,24,839,432,80,7,1358,0,0,0,1358
04/13/2010,CLT,NC,ASO,ES,Combined TRACON& Tower with Radar,836,431,62,12,1341,0,4,22,0,26,836,435,84,12,1367,0,0,0,1367
04/14/2010,CLT,NC,ASO,ES,Combined TRACON& Tower with Radar,941,477,71,12,1501,0,2,20,0,22,941,479,91,12,1523,0,0,0,1523
04/15/2010,CLT,NC,ASO,ES,Combined TRACON& Tower with Radar,940,487,68,10,1505,0,3,24,0,27,940,490,92,10,1532,0,0,0,1532
04/16/2010,CLT,NC,ASO,ES,Combined TRACON& Tower with Radar,938,469,61,8,1476,0,6,21,2,29,938,475,82,10,1505,0,0,0,1505
04/17/2010,CLT,NC,ASO,ES,Combined TRACON& Tower with Radar,808,450,25,5,1288,0,3,19,0,22,808,453,44,5,1310,0,0,0,1310
04/18/2010,CLT,NC,ASO,ES,Combined TRACON& Tower with Radar,883,456,32,0,1371,0,3,11,3,17,883,459,43,3,1388,0,0,0,1388
04/19/2010,CLT,NC,ASO,ES,Combined TRACON& Tower with Radar,825,421,60,0,1306,0,6,30,2,38,825,427,90,2,1344,0,0,0,1344
04/20/2010,CLT,NC,ASO,ES,Combined TRACON& Tower with Radar,824,428,74,10,1336,0,5,20,2,27,824,433,94,12,1363,0,0,0,1363
04/21/2010,CLT,NC,ASO,ES,Combined TRACON& Tower with Radar,945,464,80,12,1501,0,1,13,2,16,945,465,93,14,1517,0,0,0,1517
04/22/2010,CLT,NC,ASO,ES,Combined TRACON& Tower with Radar,944,467,60,12,1483,0,3,22,0,25,944,470,82,12,1508,0,0,0,1508
04/23/2010,CLT,NC,ASO,ES,Combined TRACON& Tower with Radar,939,476,43,0,1458,0,8,19,0,27,939,484,62,0,1485,0,0,0,1485
04/24/2010,CLT,NC,ASO,ES,Combined TRACON& Tower with Radar,820,444,22,0,1286,0,5,6,0,11,820,449,28,0,1297,0,0,0,1297
04/25/2010,CLT,NC,ASO,ES,Combined TRACON& Tower with Radar,889,425,51,6,1371,0,2,3,0,5,889,427,54,6,1376,0,0,0,1376
04/26/2010,CLT,NC,ASO,ES,Combined TRACON& Tower with Radar,827,429,59,2,1317,0,4,18,2,24,827,433,77,4,1341,0,0,0,1341
04/27/2010,CLT,NC,ASO,ES,Combined TRACON& Tower with Radar,834,427,99,4,1364,0,4,10,1,15,834,431,109,5,1379,0,0,0,1379
04/28/2010,CLT,NC,ASO,ES,Combined TRACON& Tower with Radar,941,477,92,2,1512,0,2,22,0,24,941,479,114,2,1536,0,0,0,1536
04/29/2010,CLT,NC,ASO,ES,Combined TRACON& Tower with Radar,941,486,88,3,1518,0,4,33,0,37,941,490,121,3,1555,0,0,0,1555
04/30/2010,CLT,NC,ASO,ES,Combined TRACON& Tower with Radar,940,464,70,8,1482,0,3,39,0,42,940,467,109,8,1524,0,0,0,1524
05/01/2010,CLT,NC,ASO,ES,Combined TRACON& Tower with Radar,814,436,29,2,1281,0,7,7,1,15,814,443,36,3,1296,0,0,0,1296
05/02/2010,CLT,NC,ASO,ES,Combined TRACON& Tower with Radar,891,456,38,3,1388,0,5,5,2,12,891,461,43,5,1400,0,0,0,1400
05/03/2010,CLT,NC,ASO,ES,Combined TRACON& Tower with Radar,819,412,52,4,1287,0,2,2,0,4,819,414,54,4,1291,0,0,0,1291
05/04/2010,CLT,NC,ASO,ES,Combined TRACON& Tower with Radar,828,436,62,4,1330,0,3,27,0,30,828,439,89,4,1360,0,0,0,1360
05/05/2010,CLT,NC,ASO,ES,Combined TRACON& Tower with Radar,940,481,63,6,1490,0,6,28,0,34,940,487,91,6,1524,0,0,0,1524
05/06/2010,CLT,NC,ASO,ES,Combined TRACON& Tower with Radar,942,477,74,10,1503,0,4,30,0,34,942,481,104,10,1537,0,0,0,1537
05/07/2010,CLT,NC,ASO,ES,Combined TRACON& Tower with Radar,939,475,57,2,1473,0,5,36,0,41,939,480,93,2,1514,0,0,0,1514
05/08/2010,CLT,NC,ASO,ES,Combined TRACON& Tower with Radar,814,445,22,0,1281,0,6,18,0,24,814,451,40,0,1305,0,0,0,1305
05/09/2010,CLT,NC,ASO,ES,Combined TRACON& Tower with Radar,893,450,33,2,1378,0,3,22,2,27,893,453,55,4,1405,0,0,0,1405
05/10/2010,CLT,NC,ASO,ES,Combined TRACON& Tower with Radar,943,479,68,4,1494,0,5,20,1,26,943,484,88,5,1520,0,0,0,1520
05/11/2010,CLT,NC,ASO,ES,Combined TRACON& Tower with Radar,945,488,65,4,1502,0,4,22,1,27,945,492,87,5,1529,0,0,0,1529
05/12/2010,CLT,NC,ASO,ES,Combined TRACON& Tower with Radar,948,470,79,9,1506,0,4,14,0,18,948,474,93,9,1524,0,0,0,1524
05/13/2010,CLT,NC,ASO,ES,Combined TRACON& Tower with Radar,953,492,87,6,1538,0,5,20,2,27,953,497,107,8,1565,0,0,0,1565
05/14/2010,CLT,NC,ASO,ES,Combined TRACON& Tower with Radar,935,480,77,1,1493,0,3,25,0,28,935,483,102,1,1521,0,0,0,1521
05/15/2010,CLT,NC,ASO,ES,Combined TRACON& Tower with Radar,816,461,32,2,1311,0,3,18,0,21,816,464,50,2,1332,0,0,0,1332
05/16/2010,CLT,NC,ASO,ES,Combined TRACON& Tower with Radar,895,466,70,4,1435,0,2,10,2,14,895,468,80,6,1449,0,0,0,1449
05/17/2010,CLT,NC,ASO,ES,Combined TRACON& Tower with Radar,941,466,60,4,1471,0,1,2,1,4,941,467,62,5,1475,0,0,0,1475
05/18/2010,CLT,NC,ASO,ES,Combined TRACON& Tower with Radar,943,474,60,7,1484,0,1,19,0,20,943,475,79,7,1504,0,0,0,1504
05/19/2010,CLT,NC,ASO,ES,Combined TRACON& Tower with Radar,958,488,78,8,1532,0,1,17,0,18,958,489,95,8,1550,0,0,0,1550
05/20/2010,CLT,NC,ASO,ES,Combined TRACON& Tower with Radar,958,482,67,4,1511,0,4,30,0,34,958,486,97,4,1545,0,0,0,1545
05/21/2010,CLT,NC,ASO,ES,Combined TRACON& Tower with Radar,953,485,55,6,1499,0,3,16,0,19,953,488,71,6,1518,0,0,0,1518
05/22/2010,CLT,NC,ASO,ES,Combined TRACON& Tower with Radar,827,459,23,7,1316,0,22,17,0,39,827,481,40,7,1355,0,0,0,1355
05/23/2010,CLT,NC,ASO,ES,Combined TRACON& Tower with Radar,898,451,52,3,1404,0,8,14,0,22,898,459,66,3,1426,0,0,0,1426
05/24/2010,CLT,NC,ASO,ES,Combined TRACON& Tower with Radar,945,475,48,0,1468,0,3,12,0,15,945,478,60,0,1483,0,0,0,1483
05/25/2010,CLT,NC,ASO,ES,Combined TRACON& Tower with Radar,949,500,54,6,1509,0,5,21,0,26,949,505,75,6,1535,0,0,0,1535
05/26/2010,CLT,NC,ASO,ES,Combined TRACON& Tower with Radar,946,480,63,7,1496,0,3,25,1,29,946,483,88,8,1525,0,0,0,1525
05/27/2010,CLT,NC,ASO,ES,Combined TRACON& Tower with Radar,964,492,77,14,1547,0,6,19,0,25,964,498,96,14,1572,0,0,0,1572
05/28/2010,CLT,NC,ASO,ES,Combined TRACON& Tower with Radar,901,426,48,3,1378,0,7,13,0,20,901,433,61,3,1398,0,0,0,1398
05/29/2010,CLT,NC,ASO,ES,Combined TRACON& Tower with Radar,845,475,20,1,1341,0,7,5,0,12,845,482,25,1,1353,0,0,0,1353
05/30/2010,CLT,NC,ASO,ES,Combined TRACON& Tower with Radar,822,404,22,2,1250,0,37,11,1,49,822,441,33,3,1299,0,0,0,1299
05/31/2010,CLT,NC,ASO,ES,Combined TRACON& Tower with Radar,911,422,29,1,1363,0,4,1,0,5,911,426,30,1,1368,0,0,0,1368
06/01/2010,CLT,NC,ASO,ES,Combined TRACON& Tower with Radar,946,489,42,6,1483,0,2,8,0,10,946,491,50,6,1493,0,0,0,1493
06/02/2010,CLT,NC,ASO,ES,Combined TRACON& Tower with Radar,933,485,49,4,1471,0,1,18,0,19,933,486,67,4,1490,0,0,0,1490
06/03/2010,CLT,NC,ASO,ES,Combined TRACON& Tower with Radar,950,531,53,6,1540,0,3,15,0,18,950,534,68,6,1558,0,0,0,1558
06/04/2010,CLT,NC,ASO,ES,Combined TRACON& Tower with Radar,948,527,63,13,1551,0,0,19,0,19,948,527,82,13,1570,0,0,0,1570
06/05/2010,CLT,NC,ASO,ES,Combined TRACON& Tower with Radar,853,512,23,5,1393,0,8,7,1,16,853,520,30,6,1409,0,0,0,1409
06/06/2010,CLT,NC,ASO,ES,Combined TRACON& Tower with Radar,912,476,29,0,1417,0,3,8,0,11,912,479,37,0,1428,0,0,0,1428
06/07/2010,CLT,NC,ASO,ES,Combined TRACON& Tower with Radar,952,481,49,8,1490,0,2,22,0,24,952,483,71,8,1514,0,0,0,1514
06/08/2010,CLT,NC,ASO,ES,Combined TRACON& Tower with Radar,943,513,58,8,1522,0,7,23,2,32,943,520,81,10,1554,0,0,0,1554
06/09/2010,CLT,NC,ASO,ES,Combined TRACON& Tower with Radar,952,500,74,8,1534,0,4,14,0,18,952,504,88,8,1552,0,0,0,1552
06/10/2010,CLT,NC,ASO,ES,Combined TRACON& Tower with Radar,954,489,69,8,1520,0,3,17,1,21,954,492,86,9,1541,0,0,0,1541
06/11/2010,CLT,NC,ASO,ES,Combined TRACON& Tower with Radar,1003,524,52,3,1582,0,3,24,0,27,1003,527,76,3,1609,0,0,0,1609
06/12/2010,CLT,NC,ASO,ES,Combined TRACON& Tower with Radar,866,499,12,2,1379,0,4,8,0,12,866,503,20,2,1391,0,0,0,1391
06/13/2010,CLT,NC,ASO,ES,Combined TRACON& Tower with Radar,914,447,41,1,1403,0,0,5,0,5,914,447,46,1,1408,0,0,0,1408
06/14/2010,CLT,NC,ASO,ES,Combined TRACON& Tower with Radar,961,494,54,2,1511,0,5,19,0,24,961,499,73,2,1535,0,0,0,1535
06/15/2010,CLT,NC,ASO,ES,Combined TRACON& Tower with Radar,959,491,56,2,1508,0,6,18,0,24,959,497,74,2,1532,0,0,0,1532
06/16/2010,CLT,NC,ASO,ES,Combined TRACON& Tower with Radar,970,494,47,6,1517,0,2,16,2,20,970,496,63,8,1537,0,0,0,1537
06/17/2010,CLT,NC,ASO,ES,Combined TRACON& Tower with Radar,963,502,35,8,1508,0,5,33,0,38,963,507,68,8,1546,0,0,0,1546
06/18/2010,CLT,NC,ASO,ES,Combined TRACON& Tower with Radar,950,490,51,0,1491,0,5,23,0,28,950,495,74,0,1519,0,0,0,1519
06/19/2010,CLT,NC,ASO,ES,Combined TRACON& Tower with Radar,867,501,18,3,1389,0,5,13,1,19,867,506,31,4,1408,0,0,0,1408
06/20/2010,CLT,NC,ASO,ES,Combined TRACON& Tower with Radar,914,478,27,3,1422,0,7,16,0,23,914,485,43,3,1445,0,0,0,1445
06/21/2010,CLT,NC,ASO,ES,Combined TRACON& Tower with Radar,961,493,56,0,1510,0,2,28,0,30,961,495,84,0,1540,0,0,0,1540
06/22/2010,CLT,NC,ASO,ES,Combined TRACON& Tower with Radar,955,499,64,6,1524,0,0,28,0,28,955,499,92,6,1552,0,0,0,1552
06/23/2010,CLT,NC,ASO,ES,Combined TRACON& Tower with Radar,957,498,68,7,1530,0,1,16,0,17,957,499,84,7,1547,0,0,0,1547
06/24/2010,CLT,NC,ASO,ES,Combined TRACON& Tower with Radar,951,502,71,7,1531,0,5,19,0,24,951,507,90,7,1555,0,0,0,1555
06/25/2010,CLT,NC,ASO,ES,Combined TRACON& Tower with Radar,961,503,56,2,1522,0,6,14,0,20,961,509,70,2,1542,0,0,0,1542
06/26/2010,CLT,NC,ASO,ES,Combined TRACON& Tower with Radar,870,494,23,0,1387,0,3,8,0,11,870,497,31,0,1398,0,0,0,1398
06/27/2010,CLT,NC,ASO,ES,Combined TRACON& Tower with Radar,909,454,36,0,1399,0,5,21,0,26,909,459,57,0,1425,0,0,0,1425
06/28/2010,CLT,NC,ASO,ES,Combined TRACON& Tower with Radar,958,477,61,0,1496,0,3,18,0,21,958,480,79,0,1517,0,0,0,1517
06/29/2010,CLT,NC,ASO,ES,Combined TRACON& Tower with Radar,958,518,54,5,1535,0,7,12,0,19,958,525,66,5,1554,0,0,0,1554
06/30/2010,CLT,NC,ASO,ES,Combined TRACON& Tower with Radar,962,491,76,5,1534,0,1,15,0,16,962,492,91,5,1550,0,0,0,1550
07/01/2010,CLT,NC,ASO,ES,Combined TRACON& Tower with Radar,960,478,75,5,1518,0,4,25,0,29,960,482,100,5,1547,0,0,0,1547
07/02/2010,CLT,NC,ASO,ES,Combined TRACON& Tower with Radar,957,487,34,1,1479,0,5,30,0,35,957,492,64,1,1514,0,0,0,1514
07/03/2010,CLT,NC,ASO,ES,Combined TRACON& Tower with Radar,836,475,13,0,1324,0,6,18,0,24,836,481,31,0,1348,0,0,0,1348
07/04/2010,CLT,NC,ASO,ES,Combined TRACON& Tower with Radar,787,401,9,0,1197,0,5,23,0,28,787,406,32,0,1225,0,0,0,1225
07/05/2010,CLT,NC,ASO,ES,Combined TRACON& Tower with Radar,909,455,25,3,1392,0,5,19,7,31,909,460,44,10,1423,0,0,0,1423
07/06/2010,CLT,NC,ASO,ES,Combined TRACON& Tower with Radar,954,480,25,6,1465,0,4,23,0,27,954,484,48,6,1492,0,0,0,1492
07/07/2010,CLT,NC,ASO,ES,Combined TRACON& Tower with Radar,966,480,36,5,1487,0,1,27,0,28,966,481,63,5,1515,0,0,0,1515
07/08/2010,CLT,NC,ASO,ES,Combined TRACON& Tower with Radar,964,484,53,5,1506,0,7,26,0,33,964,491,79,5,1539,0,0,0,1539
07/09/2010,CLT,NC,ASO,ES,Combined TRACON& Tower with Radar,927,480,43,3,1453,0,4,18,0,22,927,484,61,3,1475,0,0,0,1475
07/10/2010,CLT,NC,ASO,ES,Combined TRACON& Tower with Radar,898,499,23,1,1421,0,2,16,2,20,898,501,39,3,1441,0,0,0,1441
07/11/2010,CLT,NC,ASO,ES,Combined TRACON& Tower with Radar,900,469,32,1,1402,0,1,11,0,12,900,470,43,1,1414,0,0,0,1414
07/12/2010,CLT,NC,ASO,ES,Combined TRACON& Tower with Radar,908,439,34,7,1388,0,0,11,0,11,908,439,45,7,1399,0,0,0,1399
07/13/2010,CLT,NC,ASO,ES,Combined TRACON& Tower with Radar,956,482,65,5,1508,0,1,9,0,10,956,483,74,5,1518,0,0,0,1518
07/14/2010,CLT,NC,ASO,ES,Combined TRACON& Tower with Radar,973,497,48,2,1520,0,5,33,1,39,973,502,81,3,1559,0,0,0,1559
07/15/2010,CLT,NC,ASO,ES,Combined TRACON& Tower with Radar,968,509,74,4,1555,0,2,18,0,20,968,511,92,4,1575,0,0,0,1575
07/16/2010,CLT,NC,ASO,ES,Combined TRACON& Tower with Radar,954,492,47,10,1503,0,4,19,0,23,954,496,66,10,1526,0,0,0,1526
07/17/2010,CLT,NC,ASO,ES,Combined TRACON& Tower with Radar,875,472,9,6,1362,0,3,9,0,12,875,475,18,6,1374,0,0,0,1374
07/18/2010,CLT,NC,ASO,ES,Combined TRACON& Tower with Radar,917,458,26,0,1401,0,2,6,0,8,917,460,32,0,1409,0,0,0,1409
07/19/2010,CLT,NC,ASO,ES,Combined TRACON& Tower with Radar,954,466,64,0,1484,0,1,21,0,22,954,467,85,0,1506,0,0,0,1506
07/20/2010,CLT,NC,ASO,ES,Combined TRACON& Tower with Radar,969,499,60,6,1534,0,4,22,0,26,969,503,82,6,1560,0,0,0,1560
07/21/2010,CLT,NC,ASO,ES,Combined TRACON& Tower with Radar,960,484,37,5,1486,0,6,9,1,16,960,490,46,6,1502,0,0,0,1502
07/22/2010,CLT,NC,ASO,ES,Combined TRACON& Tower with Radar,963,489,60,4,1516,0,2,16,0,18,963,491,76,4,1534,0,0,0,1534
07/23/2010,CLT,NC,ASO,ES,Combined TRACON& Tower with Radar,947,475,52,0,1474,0,4,23,0,27,947,479,75,0,1501,0,0,0,1501
07/24/2010,CLT,NC,ASO,ES,Combined TRACON& Tower with Radar,865,494,14,2,1375,0,3,12,0,15,865,497,26,2,1390,0,0,0,1390
07/25/2010,CLT,NC,ASO,ES,Combined TRACON& Tower with Radar,920,453,46,0,1419,0,5,9,0,14,920,458,55,0,1433,0,0,0,1433
07/26/2010,CLT,NC,ASO,ES,Combined TRACON& Tower with Radar,948,465,48,0,1461,0,4,14,0,18,948,469,62,0,1479,0,0,0,1479
07/27/2010,CLT,NC,ASO,ES,Combined TRACON& Tower with Radar,961,485,34,2,1482,0,1,10,0,11,961,486,44,2,1493,0,0,0,1493
07/28/2010,CLT,NC,ASO,ES,Combined TRACON& Tower with Radar,959,515,45,5,1524,0,3,9,0,12,959,518,54,5,1536,0,0,0,1536
07/29/2010,CLT,NC,ASO,ES,Combined TRACON& Tower with Radar,942,471,67,4,1484,0,2,21,0,23,942,473,88,4,1507,0,0,0,1507
07/30/2010,CLT,NC,ASO,ES,Combined TRACON& Tower with Radar,955,500,58,0,1513,0,4,24,0,28,955,504,82,0,1541,0,0,0,1541
07/31/2010,CLT,NC,ASO,ES,Combined TRACON& Tower with Radar,872,502,15,0,1389,0,8,6,0,14,872,510,21,0,1403,0,0,0,1403
08/01/2010,CLT,NC,ASO,ES,Combined TRACON& Tower with Radar,894,474,31,0,1399,0,4,1,0,5,894,478,32,0,1404,0,0,0,1404
08/02/2010,CLT,NC,ASO,ES,Combined TRACON& Tower with Radar,953,477,39,4,1473,0,8,16,0,24,953,485,55,4,1497,0,0,0,1497
08/03/2010,CLT,NC,ASO,ES,Combined TRACON& Tower with Radar,965,490,46,4,1505,0,2,17,5,24,965,492,63,9,1529,0,0,0,1529
08/04/2010,CLT,NC,ASO,ES,Combined TRACON& Tower with Radar,957,488,61,4,1510,0,4,17,3,24,957,492,78,7,1534,0,0,0,1534
08/05/2010,CLT,NC,ASO,ES,Combined TRACON& Tower with Radar,877,439,75,3,1394,0,0,28,2,30,877,439,103,5,1424,0,0,0,1424
08/06/2010,CLT,NC,ASO,ES,Combined TRACON& Tower with Radar,953,489,38,9,1489,0,0,15,0,15,953,489,53,9,1504,0,0,0,1504
08/07/2010,CLT,NC,ASO,ES,Combined TRACON& Tower with Radar,880,495,31,4,1410,0,4,18,0,22,880,499,49,4,1432,0,0,0,1432
08/08/2010,CLT,NC,ASO,ES,Combined TRACON& Tower with Radar,903,479,18,0,1400,0,5,9,0,14,903,484,27,0,1414,0,0,0,1414
08/09/2010,CLT,NC,ASO,ES,Combined TRACON& Tower with Radar,937,490,42,2,1471,0,5,12,0,17,937,495,54,2,1488,0,0,0,1488
08/10/2010,CLT,NC,ASO,ES,Combined TRACON& Tower with Radar,957,491,57,9,1514,0,7,27,0,34,957,498,84,9,1548,0,0,0,1548
08/11/2010,CLT,NC,ASO,ES,Combined TRACON& Tower with Radar,951,493,77,6,1527,0,4,17,0,21,951,497,94,6,1548,0,0,0,1548
08/12/2010,CLT,NC,ASO,ES,Combined TRACON& Tower with Radar,944,472,63,6,1485,0,0,19,0,19,944,472,82,6,1504,0,0,0,1504
08/13/2010,CLT,NC,ASO,ES,Combined TRACON& Tower with Radar,967,486,36,0,1489,0,2,19,1,22,967,488,55,1,1511,0,0,0,1511
08/14/2010,CLT,NC,ASO,ES,Combined TRACON& Tower with Radar,865,486,22,0,1373,0,2,6,2,10,865,488,28,2,1383,0,0,0,1383
08/15/2010,CLT,NC,ASO,ES,Combined TRACON& Tower with Radar,926,482,34,1,1443,0,1,6,0,7,926,483,40,1,1450,0,0,0,1450
08/16/2010,CLT,NC,ASO,ES,Combined TRACON& Tower with Radar,958,477,55,7,1497,0,2,15,0,17,958,479,70,7,1514,0,0,0,1514
08/17/2010,CLT,NC,ASO,ES,Combined TRACON& Tower with Radar,958,505,50,12,1525,0,2,15,1,18,958,507,65,13,1543,0,0,0,1543
08/18/2010,CLT,NC,ASO,ES,Combined TRACON& Tower with Radar,962,487,57,3,1509,0,5,16,1,22,962,492,73,4,1531,0,0,0,1531
08/19/2010,CLT,NC,ASO,ES,Combined TRACON& Tower with Radar,932,464,80,8,1484,0,3,6,0,9,932,467,86,8,1493,0,0,0,1493
08/20/2010,CLT,NC,ASO,ES,Combined TRACON& Tower with Radar,989,492,45,3,1529,0,1,22,0,23,989,493,67,3,1552,0,0,0,1552
08/21/2010,CLT,NC,ASO,ES,Combined TRACON& Tower with Radar,832,475,23,1,1331,0,4,18,0,22,832,479,41,1,1353,0,0,0,1353
08/22/2010,CLT,NC,ASO,ES,Combined TRACON& Tower with Radar,924,449,25,2,1400,0,4,10,0,14,924,453,35,2,1414,0,0,0,1414
08/23/2010,CLT,NC,ASO,ES,Combined TRACON& Tower with Radar,970,481,41,4,1496,0,3,13,0,16,970,484,54,4,1512,0,0,0,1512
08/24/2010,CLT,NC,ASO,ES,Combined TRACON& Tower with Radar,967,487,54,5,1513,0,4,19,1,24,967,491,73,6,1537,0,0,0,1537
08/25/2010,CLT,NC,ASO,ES,Combined TRACON& Tower with Radar,956,489,56,8,1509,0,4,7,1,12,956,493,63,9,1521,0,0,0,1521
08/26/2010,CLT,NC,ASO,ES,Combined TRACON& Tower with Radar,965,523,57,5,1550,0,1,13,0,14,965,524,70,5,1564,0,0,0,1564
08/27/2010,CLT,NC,ASO,ES,Combined TRACON& Tower with Radar,972,491,54,4,1521,0,6,18,0,24,972,497,72,4,1545,0,0,0,1545
08/28/2010,CLT,NC,ASO,ES,Combined TRACON& Tower with Radar,829,492,21,2,1344,0,3,14,0,17,829,495,35,2,1361,0,0,0,1361
08/29/2010,CLT,NC,ASO,ES,Combined TRACON& Tower with Radar,932,470,24,3,1429,0,7,5,0,12,932,477,29,3,1441,0,0,0,1441
08/30/2010,CLT,NC,ASO,ES,Combined TRACON& Tower with Radar,962,493,53,4,1512,0,1,19,0,20,962,494,72,4,1532,0,0,0,1532
08/31/2010,CLT,NC,ASO,ES,Combined TRACON& Tower with Radar,968,499,47,8,1522,0,4,29,0,33,968,503,76,8,1555,0,0,0,1555
09/01/2010,CLT,NC,ASO,ES,Combined TRACON& Tower with Radar,960,497,68,5,1530,0,2,24,0,26,960,499,92,5,1556,0,0,0,1556
09/02/2010,CLT,NC,ASO,ES,Combined TRACON& Tower with Radar,961,511,60,6,1538,0,1,14,1,16,961,512,74,7,1554,0,0,0,1554
09/03/2010,CLT,NC,ASO,ES,Combined TRACON& Tower with Radar,973,509,40,2,1524,0,2,33,1,36,973,511,73,3,1560,0,0,0,1560
09/04/2010,CLT,NC,ASO,ES,Combined TRACON& Tower with Radar,769,470,20,0,1259,0,5,10,0,15,769,475,30,0,1274,0,0,0,1274
09/05/2010,CLT,NC,ASO,ES,Combined TRACON& Tower with Radar,811,411,6,0,1228,0,5,7,0,12,811,416,13,0,1240,0,0,0,1240
09/06/2010,CLT,NC,ASO,ES,Combined TRACON& Tower with Radar,945,473,25,0,1443,0,4,19,0,23,945,477,44,0,1466,0,0,0,1466
09/07/2010,CLT,NC,ASO,ES,Combined TRACON& Tower with Radar,971,509,50,4,1534,0,3,20,0,23,971,512,70,4,1557,0,0,0,1557
09/08/2010,CLT,NC,ASO,ES,Combined TRACON& Tower with Radar,954,512,58,0,1524,0,3,22,0,25,954,515,80,0,1549,0,0,0,1549
09/09/2010,CLT,NC,ASO,ES,Combined TRACON& Tower with Radar,969,524,54,6,1553,0,4,20,0,24,969,528,74,6,1577,0,0,0,1577
09/10/2010,CLT,NC,ASO,ES,Combined TRACON& Tower with Radar,961,510,49,2,1522,0,5,25,2,32,961,515,74,4,1554,0,0,0,1554
09/11/2010,CLT,NC,ASO,ES,Combined TRACON& Tower with Radar,787,461,12,0,1260,0,3,3,0,6,787,464,15,0,1266,0,0,0,1266
09/12/2010,CLT,NC,ASO,ES,Combined TRACON& Tower with Radar,915,470,52,3,1440,0,2,5,0,7,915,472,57,3,1447,0,0,0,1447
09/13/2010,CLT,NC,ASO,ES,Combined TRACON& Tower with Radar,966,508,46,2,1522,0,4,25,0,29,966,512,71,2,1551,0,0,0,1551
09/14/2010,CLT,NC,ASO,ES,Combined TRACON& Tower with Radar,945,502,74,6,1527,0,6,27,0,33,945,508,101,6,1560,0,0,0,1560
09/15/2010,CLT,NC,ASO,ES,Combined TRACON& Tower with Radar,953,496,88,4,1541,0,11,38,0,49,953,507,126,4,1590,0,0,0,1590
09/16/2010,CLT,NC,ASO,ES,Combined TRACON& Tower with Radar,960,511,77,8,1556,0,5,28,0,33,960,516,105,8,1589,0,0,0,1589
09/17/2010,CLT,NC,ASO,ES,Combined TRACON& Tower with Radar,963,511,68,4,1546,0,3,36,0,39,963,514,104,4,1585,0,0,0,1585
09/18/2010,CLT,NC,ASO,ES,Combined TRACON& Tower with Radar,804,458,27,0,1289,0,6,12,0,18,804,464,39,0,1307,0,0,0,1307
09/19/2010,CLT,NC,ASO,ES,Combined TRACON& Tower with Radar,918,479,55,0,1452,0,3,15,2,20,918,482,70,2,1472,0,0,0,1472
09/20/2010,CLT,NC,ASO,ES,Combined TRACON& Tower with Radar,957,495,63,9,1524,0,2,15,4,21,957,497,78,13,1545,0,0,0,1545
09/21/2010,CLT,NC,ASO,ES,Combined TRACON& Tower with Radar,947,493,52,8,1500,0,6,18,0,24,947,499,70,8,1524,0,0,0,1524
09/22/2010,CLT,NC,ASO,ES,Combined TRACON& Tower with Radar,954,496,58,3,1511,0,3,17,0,20,954,499,75,3,1531,0,0,0,1531
09/23/2010,CLT,NC,ASO,ES,Combined TRACON& Tower with Radar,963,516,65,10,1554,0,6,18,2,26,963,522,83,12,1580,0,0,0,1580
09/24/2010,CLT,NC,ASO,ES,Combined TRACON& Tower with Radar,965,505,48,3,1521,0,7,26,2,35,965,512,74,5,1556,0,0,0,1556
09/25/2010,CLT,NC,ASO,ES,Combined TRACON& Tower with Radar,799,459,16,0,1274,0,2,16,0,18,799,461,32,0,1292,0,0,0,1292
09/26/2010,CLT,NC,ASO,ES,Combined TRACON& Tower with Radar,911,474,35,3,1423,0,1,4,0,5,911,475,39,3,1428,0,0,0,1428
09/27/2010,CLT,NC,ASO,ES,Combined TRACON& Tower with Radar,960,489,68,0,1517,0,0,0,0,0,960,489,68,0,1517,0,0,0,1517
09/28/2010,CLT,NC,ASO,ES,Combined TRACON& Tower with Radar,941,490,66,8,1505,0,2,18,1,21,941,492,84,9,1526,0,0,0,1526
09/29/2010,CLT,NC,ASO,ES,Combined TRACON& Tower with Radar,966,519,64,6,1555,0,1,0,1,2,966,520,64,7,1557,0,0,0,1557
09/30/2010,CLT,NC,ASO,ES,Combined TRACON& Tower with Radar,951,500,54,7,1512,0,2,12,1,15,951,502,66,8,1527,0,0,0,1527
10/01/2010,CLT,NC,ASO,ES,Combined TRACON& Tower with Radar,957,510,39,2,1508,0,2,27,0,29,957,512,66,2,1537,0,0,0,1537
10/02/2010,CLT,NC,ASO,ES,Combined TRACON& Tower with Radar,790,477,16,1,1284,0,6,16,6,28,790,483,32,7,1312,0,0,0,1312
10/03/2010,CLT,NC,ASO,ES,Combined TRACON& Tower with Radar,921,473,40,0,1434,0,7,20,2,29,921,480,60,2,1463,0,0,0,1463
10/04/2010,CLT,NC,ASO,ES,Combined TRACON& Tower with Radar,963,498,48,2,1511,0,3,26,2,31,963,501,74,4,1542,0,0,0,1542
10/05/2010,CLT,NC,ASO,ES,Combined TRACON& Tower with Radar,955,517,64,7,1543,0,0,30,4,34,955,517,94,11,1577,0,0,0,1577
10/06/2010,CLT,NC,ASO,ES,Combined TRACON& Tower with Radar,961,531,58,8,1558,0,7,25,2,34,961,538,83,10,1592,0,0,0,1592
10/07/2010,CLT,NC,ASO,ES,Combined TRACON& Tower with Radar,977,517,66,7,1567,0,0,30,0,30,977,517,96,7,1597,0,0,0,1597
10/08/2010,CLT,NC,ASO,ES,Combined TRACON& Tower with Radar,982,509,47,2,1540,0,4,35,0,39,982,513,82,2,1579,0,0,0,1579
10/09/2010,CLT,NC,ASO,ES,Combined TRACON& Tower with Radar,815,459,24,1,1299,0,8,25,0,33,815,467,49,1,1332,0,0,0,1332
10/10/2010,CLT,NC,ASO,ES,Combined TRACON& Tower with Radar,929,486,41,0,1456,0,6,17,0,23,929,492,58,0,1479,0,0,0,1479
10/11/2010,CLT,NC,ASO,ES,Combined TRACON& Tower with Radar,975,500,54,2,1531,0,8,21,0,29,975,508,75,2,1560,0,0,0,1560
10/12/2010,CLT,NC,ASO,ES,Combined TRACON& Tower with Radar,954,526,86,10,1576,0,3,32,0,35,954,529,118,10,1611,0,0,0,1611
10/13/2010,CLT,NC,ASO,ES,Combined TRACON& Tower with Radar,970,506,55,7,1538,0,2,23,1,26,970,508,78,8,1564,0,0,0,1564
10/14/2010,CLT,NC,ASO,ES,Combined TRACON& Tower with Radar,975,520,81,5,1581,0,2,28,0,30,975,522,109,5,1611,0,0,0,1611
10/15/2010,CLT,NC,ASO,ES,Combined TRACON& Tower with Radar,975,516,74,7,1572,0,5,34,1,40,975,521,108,8,1612,0,0,0,1612
10/16/2010,CLT,NC,ASO,ES,Combined TRACON& Tower with Radar,820,461,37,0,1318,0,25,19,2,46,820,486,56,2,1364,0,0,0,1364
10/17/2010,CLT,NC,ASO,ES,Combined TRACON& Tower with Radar,918,481,51,8,1458,0,11,20,0,31,918,492,71,8,1489,0,0,0,1489
10/18/2010,CLT,NC,ASO,ES,Combined TRACON& Tower with Radar,969,504,49,0,1522,0,5,20,0,25,969,509,69,0,1547,0,0,0,1547
10/19/2010,CLT,NC,ASO,ES,Combined TRACON& Tower with Radar,965,521,76,11,1573,0,1,18,0,19,965,522,94,11,1592,0,0,0,1592
10/20/2010,CLT,NC,ASO,ES,Combined TRACON& Tower with Radar,967,511,93,6,1577,0,2,17,0,19,967,513,110,6,1596,0,0,0,1596
10/21/2010,CLT,NC,ASO,ES,Combined TRACON& Tower with Radar,984,523,71,7,1585,0,6,24,0,30,984,529,95,7,1615,0,0,0,1615
10/22/2010,CLT,NC,ASO,ES,Combined TRACON& Tower with Radar,985,502,67,1,1555,0,8,16,0,24,985,510,83,1,1579,0,0,0,1579
10/23/2010,CLT,NC,ASO,ES,Combined TRACON& Tower with Radar,810,465,16,1,1292,0,2,28,0,30,810,467,44,1,1322,0,0,0,1322
10/24/2010,CLT,NC,ASO,ES,Combined TRACON& Tower with Radar,922,474,53,1,1450,0,2,13,0,15,922,476,66,1,1465,0,0,0,1465
10/25/2010,CLT,NC,ASO,ES,Combined TRACON& Tower with Radar,963,512,59,8,1542,0,0,5,0,5,963,512,64,8,1547,0,0,0,1547
10/26/2010,CLT,NC,ASO,ES,Combined TRACON& Tower with Radar,966,499,62,8,1535,0,2,9,0,11,966,501,71,8,1546,0,0,0,1546
10/27/2010,CLT,NC,ASO,ES,Combined TRACON& Tower with Radar,951,465,68,2,1486,0,2,11,0,13,951,467,79,2,1499,0,0,0,1499
10/28/2010,CLT,NC,ASO,ES,Combined TRACON& Tower with Radar,998,510,60,7,1575,0,5,16,0,21,998,515,76,7,1596,0,0,0,1596
10/29/2010,CLT,NC,ASO,ES,Combined TRACON& Tower with Radar,985,504,48,2,1539,0,2,23,0,25,985,506,71,2,1564,0,0,0,1564
10/30/2010,CLT,NC,ASO,ES,Combined TRACON& Tower with Radar,824,455,19,1,1299,0,9,15,0,24,824,464,34,1,1323,0,0,0,1323
10/31/2010,CLT,NC,ASO,ES,Combined TRACON& Tower with Radar,942,468,30,2,1442,0,10,11,0,21,942,478,41,2,1463,0,0,0,1463
11/01/2010,CLT,NC,ASO,ES,Combined TRACON& Tower with Radar,985,496,55,7,1543,0,2,10,0,12,985,498,65,7,1555,0,0,0,1555
11/02/2010,CLT,NC,ASO,ES,Combined TRACON& Tower with Radar,984,494,71,6,1555,0,1,15,2,18,984,495,86,8,1573,0,0,0,1573
11/03/2010,CLT,NC,ASO,ES,Combined TRACON& Tower with Radar,984,484,73,7,1548,0,7,17,0,24,984,491,90,7,1572,0,0,0,1572
11/04/2010,CLT,NC,ASO,ES,Combined TRACON& Tower with Radar,999,483,80,11,1573,0,3,9,0,12,999,486,89,11,1585,0,0,0,1585
11/05/2010,CLT,NC,ASO,ES,Combined TRACON& Tower with Radar,1009,499,49,5,1562,0,2,14,2,18,1009,501,63,7,1580,0,0,0,1580
11/06/2010,CLT,NC,ASO,ES,Combined TRACON& Tower with Radar,831,465,20,9,1325,0,3,21,2,26,831,468,41,11,1351,0,0,0,1351
11/07/2010,CLT,NC,ASO,ES,Combined TRACON& Tower with Radar,931,462,49,1,1443,0,2,11,3,16,931,464,60,4,1459,0,0,0,1459
11/08/2010,CLT,NC,ASO,ES,Combined TRACON& Tower with Radar,989,493,72,4,1558,0,3,16,0,19,989,496,88,4,1577,0,0,0,1577
11/09/2010,CLT,NC,ASO,ES,Combined TRACON& Tower with Radar,992,501,90,8,1591,0,4,17,0,21,992,505,107,8,1612,0,0,0,1612
11/10/2010,CLT,NC,ASO,ES,Combined TRACON& Tower with Radar,975,485,63,4,1527,0,1,24,2,27,975,486,87,6,1554,0,0,0,1554
11/11/2010,CLT,NC,ASO,ES,Combined TRACON& Tower with Radar,997,475,76,0,1548,0,3,19,0,22,997,478,95,0,1570,0,0,0,1570
11/12/2010,CLT,NC,ASO,ES,Combined TRACON& Tower with Radar,977,491,62,1,1531,0,6,23,2,31,977,497,85,3,1562,0,0,0,1562
11/13/2010,CLT,NC,ASO,ES,Combined TRACON& Tower with Radar,852,459,35,0,1346,0,9,25,2,36,852,468,60,2,1382,0,0,0,1382
11/14/2010,CLT,NC,ASO,ES,Combined TRACON& Tower with Radar,940,463,30,6,1439,0,8,9,1,18,940,471,39,7,1457,0,0,0,1457
11/15/2010,CLT,NC,ASO,ES,Combined TRACON& Tower with Radar,982,490,55,4,1531,0,2,22,0,24,982,492,77,4,1555,0,0,0,1555
11/16/2010,CLT,NC,ASO,ES,Combined TRACON& Tower with Radar,981,488,71,6,1546,0,3,8,0,11,981,491,79,6,1557,0,0,0,1557
11/17/2010,CLT,NC,ASO,ES,Combined TRACON& Tower with Radar,969,488,57,8,1522,0,6,14,2,22,969,494,71,10,1544,0,0,0,1544
11/18/2010,CLT,NC,ASO,ES,Combined TRACON& Tower with Radar,985,511,88,4,1588,0,0,24,2,26,985,511,112,6,1614,0,0,0,1614
11/19/2010,CLT,NC,ASO,ES,Combined TRACON& Tower with Radar,996,486,74,7,1563,0,5,27,0,32,996,491,101,7,1595,0,0,0,1595
11/20/2010,CLT,NC,ASO,ES,Combined TRACON& Tower with Radar,866,455,28,4,1353,0,4,16,1,21,866,459,44,5,1374,0,0,0,1374
11/21/2010,CLT,NC,ASO,ES,Combined TRACON& Tower with Radar,935,463,53,0,1451,0,5,21,0,26,935,468,74,0,1477,0,0,0,1477
11/22/2010,CLT,NC,ASO,ES,Combined TRACON& Tower with Radar,957,477,59,12,1505,0,3,26,4,33,957,480,85,16,1538,0,0,0,1538
11/23/2010,CLT,NC,ASO,ES,Combined TRACON& Tower with Radar,1013,513,72,7,1605,0,2,11,0,13,1013,515,83,7,1618,0,0,0,1618
11/24/2010,CLT,NC,ASO,ES,Combined TRACON& Tower with Radar,1024,503,50,2,1579,0,1,23,0,24,1024,504,73,2,1603,0,0,0,1603
11/25/2010,CLT,NC,ASO,ES,Combined TRACON& Tower with Radar,549,268,19,1,837,0,1,1,0,2,549,269,20,1,839,0,0,0,839
11/26/2010,CLT,NC,ASO,ES,Combined TRACON& Tower with Radar,891,430,31,3,1355,0,2,11,0,13,891,432,42,3,1368,0,0,0,1368
11/27/2010,CLT,NC,ASO,ES,Combined TRACON& Tower with Radar,918,502,15,0,1435,0,6,24,0,30,918,508,39,0,1465,0,0,0,1465
11/28/2010,CLT,NC,ASO,ES,Combined TRACON& Tower with Radar,972,488,51,0,1511,0,4,4,0,8,972,492,55,0,1519,0,0,0,1519
11/29/2010,CLT,NC,ASO,ES,Combined TRACON& Tower with Radar,988,503,64,3,1558,0,3,15,1,19,988,506,79,4,1577,0,0,0,1577
11/30/2010,CLT,NC,ASO,ES,Combined TRACON& Tower with Radar,993,497,50,3,1543,0,0,0,0,0,993,497,50,3,1543,0,0,0,1543
12/01/2010,CLT,NC,ASO,ES,Combined TRACON& Tower with Radar,947,488,71,7,1513,0,5,14,1,20,947,493,85,8,1533,0,0,0,1533
12/02/2010,CLT,NC,ASO,ES,Combined TRACON& Tower with Radar,980,502,75,5,1562,0,3,32,2,37,980,505,107,7,1599,0,0,0,1599
12/03/2010,CLT,NC,ASO,ES,Combined TRACON& Tower with Radar,983,505,66,6,1560,0,3,38,0,41,983,508,104,6,1601,0,0,0,1601
12/04/2010,CLT,NC,ASO,ES,Combined TRACON& Tower with Radar,769,456,45,0,1270,0,0,7,0,7,769,456,52,0,1277,0,0,0,1277
12/05/2010,CLT,NC,ASO,ES,Combined TRACON& Tower with Radar,899,485,59,3,1446,0,1,7,0,8,899,486,66,3,1454,0,0,0,1454
12/06/2010,CLT,NC,ASO,ES,Combined TRACON& Tower with Radar,841,459,66,2,1368,0,3,15,5,23,841,462,81,7,1391,0,0,0,1391
12/07/2010,CLT,NC,ASO,ES,Combined TRACON& Tower with Radar,832,466,79,7,1384,0,8,35,2,45,832,474,114,9,1429,0,0,0,1429
12/08/2010,CLT,NC,ASO,ES,Combined TRACON& Tower with Radar,971,499,91,6,1567,0,1,25,1,27,971,500,116,7,1594,0,0,0,1594
12/09/2010,CLT,NC,ASO,ES,Combined TRACON& Tower with Radar,969,506,50,9,1534,0,5,22,0,27,969,511,72,9,1561,0,0,0,1561
12/10/2010,CLT,NC,ASO,ES,Combined TRACON& Tower with Radar,963,489,72,1,1525,0,2,33,10,45,963,491,105,11,1570,0,0,0,1570
12/11/2010,CLT,NC,ASO,ES,Combined TRACON& Tower with Radar,775,470,19,2,1266,0,2,17,0,19,775,472,36,2,1285,0,0,0,1285
12/12/2010,CLT,NC,ASO,ES,Combined TRACON& Tower with Radar,836,432,44,0,1312,0,2,6,0,8,836,434,50,0,1320,0,0,0,1320
12/13/2010,CLT,NC,ASO,ES,Combined TRACON& Tower with Radar,871,463,60,11,1405,0,4,14,0,18,871,467,74,11,1423,0,0,0,1423
12/14/2010,CLT,NC,ASO,ES,Combined TRACON& Tower with Radar,844,486,63,12,1405,0,3,24,2,29,844,489,87,14,1434,0,0,0,1434
12/15/2010,CLT,NC,ASO,ES,Combined TRACON& Tower with Radar,959,512,61,9,1541,0,6,22,1,29,959,518,83,10,1570,0,0,0,1570
12/16/2010,CLT,NC,ASO,ES,Combined TRACON& Tower with Radar,969,463,66,8,1506,0,0,0,0,0,969,463,66,8,1506,0,0,0,1506
12/17/2010,CLT,NC,ASO,ES,Combined TRACON& Tower with Radar,993,547,54,1,1595,0,2,18,0,20,993,549,72,1,1615,0,0,0,1615
12/18/2010,CLT,NC,ASO,ES,Combined TRACON& Tower with Radar,833,475,31,0,1339,0,0,0,0,0,833,475,31,0,1339,0,0,0,1339
12/19/2010,CLT,NC,ASO,ES,Combined TRACON& Tower with Radar,916,500,31,1,1448,3,7,17,0,27,919,507,48,1,1475,0,0,0,1475
12/20/2010,CLT,NC,ASO,ES,Combined TRACON& Tower with Radar,962,522,44,11,1539,0,4,33,1,38,962,526,77,12,1577,0,0,0,1577
12/21/2010,CLT,NC,ASO,ES,Combined TRACON& Tower with Radar,986,519,46,13,1564,0,1,13,0,14,986,520,59,13,1578,0,0,0,1578
12/22/2010,CLT,NC,ASO,ES,Combined TRACON& Tower with Radar,982,533,34,1,1550,0,2,17,0,19,982,535,51,1,1569,0,0,0,1569
12/23/2010,CLT,NC,ASO,ES,Combined TRACON& Tower with Radar,980,528,24,0,1532,0,2,19,0,21,980,530,43,0,1553,0,0,0,1553
12/24/2010,CLT,NC,ASO,ES,Combined TRACON& Tower with Radar,827,462,12,1,1302,0,3,9,0,12,827,465,21,1,1314,0,0,0,1314
12/25/2010,CLT,NC,ASO,ES,Combined TRACON& Tower with Radar,787,461,3,0,1251,0,2,3,0,5,787,463,6,0,1256,0,0,0,1256
12/26/2010,CLT,NC,ASO,ES,Combined TRACON& Tower with Radar,816,432,25,1,1274,0,0,0,0,0,816,432,25,1,1274,0,0,0,1274
12/27/2010,CLT,NC,ASO,ES,Combined TRACON& Tower with Radar,853,490,36,1,1380,0,2,16,0,18,853,492,52,1,1398,0,0,0,1398
12/28/2010,CLT,NC,ASO,ES,Combined TRACON& Tower with Radar,931,580,32,11,1554,0,3,12,0,15,931,583,44,11,1569,0,0,0,1569
12/29/2010,CLT,NC,ASO,ES,Combined TRACON& Tower with Radar,978,592,19,3,1592,0,3,18,0,21,978,595,37,3,1613,0,0,0,1613
12/30/2010,CLT,NC,ASO,ES,Combined TRACON& Tower with Radar,965,602,29,4,1600,0,3,20,0,23,965,605,49,4,1623,0,0,0,1623
12/31/2010,CLT,NC,ASO,ES,Combined TRACON& Tower with Radar,845,505,18,0,1368,0,4,9,0,13,845,509,27,0,1381,0,0,0,1381
01/01/2011,CLT,NC,ASO,ES,Combined TRACON& Tower with Radar,733,421,24,0,1178,0,1,4,0,5,733,422,28,0,1183,0,0,0,1183
01/02/2011,CLT,NC,ASO,ES,Combined TRACON& Tower with Radar,904,506,28,2,1440,0,0,4,0,4,904,506,32,2,1444,0,0,0,1444
01/03/2011,CLT,NC,ASO,ES,Combined TRACON& Tower with Radar,971,521,28,0,1520,0,4,14,0,18,971,525,42,0,1538,0,0,0,1538
01/04/2011,CLT,NC,ASO,ES,Combined TRACON& Tower with Radar,960,520,32,3,1515,0,1,20,1,22,960,521,52,4,1537,0,0,0,1537
01/05/2011,CLT,NC,ASO,ES,Combined TRACON& Tower with Radar,933,455,46,3,1437,0,3,17,1,21,933,458,63,4,1458,0,0,0,1458
01/06/2011,CLT,NC,ASO,ES,Combined TRACON& Tower with Radar,955,511,52,0,1518,0,5,15,0,20,955,516,67,0,1538,0,0,0,1538
01/07/2011,CLT,NC,ASO,ES,Combined TRACON& Tower with Radar,956,495,33,1,1485,0,4,13,0,17,956,499,46,1,1502,0,0,0,1502
01/08/2011,CLT,NC,ASO,ES,Combined TRACON& Tower with Radar,803,471,12,0,1286,0,5,10,0,15,803,476,22,0,1301,0,0,0,1301
01/09/2011,CLT,NC,ASO,ES,Combined TRACON& Tower with Radar,883,463,42,0,1388,0,4,10,0,14,883,467,52,0,1402,0,0,0,1402
01/10/2011,CLT,NC,ASO,ES,Combined TRACON& Tower with Radar,532,190,16,1,739,0,0,2,0,2,532,190,18,1,741,0,0,0,741
01/11/2011,CLT,NC,ASO,ES,Combined TRACON& Tower with Radar,133,71,28,1,233,0,0,0,0,0,133,71,28,1,233,0,0,0,233
01/12/2011,CLT,NC,ASO,ES,Combined TRACON& Tower with Radar,816,452,66,13,1347,0,2,15,1,18,816,454,81,14,1365,0,0,0,1365
01/13/2011,CLT,NC,ASO,ES,Combined TRACON& Tower with Radar,959,507,62,11,1539,0,3,23,1,27,959,510,85,12,1566,0,0,0,1566
01/14/2011,CLT,NC,ASO,ES,Combined TRACON& Tower with Radar,969,502,50,1,1522,0,5,19,0,24,969,507,69,1,1546,0,0,0,1546
01/15/2011,CLT,NC,ASO,ES,Combined TRACON& Tower with Radar,809,467,15,0,1291,0,2,16,0,18,809,469,31,0,1309,0,0,0,1309
01/16/2011,CLT,NC,ASO,ES,Combined TRACON& Tower with Radar,913,448,15,1,1377,0,2,11,0,13,913,450,26,1,1390,0,0,0,1390
01/17/2011,CLT,NC,ASO,ES,Combined TRACON& Tower with Radar,949,479,40,1,1469,0,0,12,0,12,949,479,52,1,1481,0,0,0,1481
01/18/2011,CLT,NC,ASO,ES,Combined TRACON& Tower with Radar,940,464,49,5,1458,0,0,1,0,1,940,464,50,5,1459,0,0,0,1459
01/19/2011,CLT,NC,ASO,ES,Combined TRACON& Tower with Radar,961,468,57,9,1495,0,4,16,1,21,961,472,73,10,1516,0,0,0,1516
01/20/2011,CLT,NC,ASO,ES,Combined TRACON& Tower with Radar,962,493,59,8,1522,0,1,17,0,18,962,494,76,8,1540,0,0,0,1540
01/21/2011,CLT,NC,ASO,ES,Combined TRACON& Tower with Radar,968,485,50,1,1504,0,6,20,1,27,968,491,70,2,1531,0,0,0,1531
01/22/2011,CLT,NC,ASO,ES,Combined TRACON& Tower with Radar,806,467,17,2,1292,0,3,22,0,25,806,470,39,2,1317,0,0,0,1317
01/23/2011,CLT,NC,ASO,ES,Combined TRACON& Tower with Radar,905,446,23,1,1375,0,3,4,0,7,905,449,27,1,1382,0,0,0,1382
01/24/2011,CLT,NC,ASO,ES,Combined TRACON& Tower with Radar,963,475,47,2,1487,0,4,14,0,18,963,479,61,2,1505,0,0,0,1505
01/25/2011,CLT,NC,ASO,ES,Combined TRACON& Tower with Radar,952,475,58,12,1497,0,1,7,0,8,952,476,65,12,1505,0,0,0,1505
01/26/2011,CLT,NC,ASO,ES,Combined TRACON& Tower with Radar,879,439,43,8,1369,0,3,4,0,7,879,442,47,8,1376,0,0,0,1376
01/27/2011,CLT,NC,ASO,ES,Combined TRACON& Tower with Radar,913,480,62,11,1466,0,3,10,1,14,913,483,72,12,1480,0,0,0,1480
01/28/2011,CLT,NC,ASO,ES,Combined TRACON& Tower with Radar,975,499,57,3,1534,0,3,12,2,17,975,502,69,5,1551,0,0,0,1551
01/29/2011,CLT,NC,ASO,ES,Combined TRACON& Tower with Radar,805,468,22,0,1295,0,5,7,0,12,805,473,29,0,1307,0,0,0,1307
01/30/2011,CLT,NC,ASO,ES,Combined TRACON& Tower with Radar,904,460,25,0,1389,0,3,8,0,11,904,463,33,0,1400,0,0,0,1400
01/31/2011,CLT,NC,ASO,ES,Combined TRACON& Tower with Radar,972,492,70,1,1535,0,1,5,0,6,972,493,75,1,1541,0,0,0,1541
02/01/2011,CLT,NC,ASO,ES,Combined TRACON& Tower with Radar,845,449,49,7,1350,0,2,10,0,12,845,451,59,7,1362,0,0,0,1362
02/02/2011,CLT,NC,ASO,ES,Combined TRACON& Tower with Radar,872,460,62,9,1403,0,3,19,1,23,872,463,81,10,1426,0,0,0,1426
02/03/2011,CLT,NC,ASO,ES,Combined TRACON& Tower with Radar,959,475,55,0,1489,0,3,20,0,23,959,478,75,0,1512,0,0,0,1512
02/04/2011,CLT,NC,ASO,ES,Combined TRACON& Tower with Radar,957,470,56,2,1485,0,1,1,0,2,957,471,57,2,1487,0,0,0,1487
02/05/2011,CLT,NC,ASO,ES,Combined TRACON& Tower with Radar,806,436,37,3,1282,0,0,5,0,5,806,436,42,3,1287,0,0,0,1287
02/06/2011,CLT,NC,ASO,ES,Combined TRACON& Tower with Radar,901,449,35,0,1385,0,2,8,0,10,901,451,43,0,1395,0,0,0,1395
02/07/2011,CLT,NC,ASO,ES,Combined TRACON& Tower with Radar,955,480,64,4,1503,0,3,24,2,29,955,483,88,6,1532,0,0,0,1532
02/08/2011,CLT,NC,ASO,ES,Combined TRACON& Tower with Radar,952,497,79,8,1536,0,2,28,2,32,952,499,107,10,1568,0,0,0,1568
02/09/2011,CLT,NC,ASO,ES,Combined TRACON& Tower with Radar,944,491,82,12,1529,0,3,20,2,25,944,494,102,14,1554,0,0,0,1554
02/10/2011,CLT,NC,ASO,ES,Combined TRACON& Tower with Radar,961,484,71,13,1529,0,2,27,0,29,961,486,98,13,1558,0,0,0,1558
02/11/2011,CLT,NC,ASO,ES,Combined TRACON& Tower with Radar,966,489,53,2,1510,0,2,36,0,38,966,491,89,2,1548,0,0,0,1548
02/12/2011,CLT,NC,ASO,ES,Combined TRACON& Tower with Radar,806,473,16,2,1297,0,1,15,2,18,806,474,31,4,1315,0,0,0,1315
02/13/2011,CLT,NC,ASO,ES,Combined TRACON& Tower with Radar,906,465,36,0,1407,0,4,15,0,19,906,469,51,0,1426,0,0,0,1426
02/14/2011,CLT,NC,ASO,ES,Combined TRACON& Tower with Radar,965,484,35,5,1489,0,0,21,0,21,965,484,56,5,1510,0,0,0,1510
02/15/2011,CLT,NC,ASO,ES,Combined TRACON& Tower with Radar,958,499,62,9,1528,0,1,34,1,36,958,500,96,10,1564,0,0,0,1564
02/16/2011,CLT,NC,ASO,ES,Combined TRACON& Tower with Radar,955,480,68,10,1513,0,0,19,1,20,955,480,87,11,1533,0,0,0,1533
02/17/2011,CLT,NC,ASO,ES,Combined TRACON& Tower with Radar,963,513,80,11,1567,0,1,21,0,22,963,514,101,11,1589,0,0,0,1589
02/18/2011,CLT,NC,ASO,ES,Combined TRACON& Tower with Radar,967,507,71,2,1547,0,2,24,0,26,967,509,95,2,1573,0,0,0,1573
02/19/2011,CLT,NC,ASO,ES,Combined TRACON& Tower with Radar,817,479,14,0,1310,0,1,10,0,11,817,480,24,0,1321,0,0,0,1321
02/20/2011,CLT,NC,ASO,ES,Combined TRACON& Tower with Radar,888,463,49,2,1402,0,0,16,0,16,888,463,65,2,1418,0,0,0,1418
02/21/2011,CLT,NC,ASO,ES,Combined TRACON& Tower with Radar,947,480,44,1,1472,0,0,15,0,15,947,480,59,1,1487,0,0,0,1487
02/22/2011,CLT,NC,ASO,ES,Combined TRACON& Tower with Radar,960,501,53,9,1523,0,2,28,2,32,960,503,81,11,1555,0,0,0,1555
02/23/2011,CLT,NC,ASO,ES,Combined TRACON& Tower with Radar,954,513,70,6,1543,0,2,21,0,23,954,515,91,6,1566,0,0,0,1566
02/24/2011,CLT,NC,ASO,ES,Combined TRACON& Tower with Radar,967,504,69,12,1552,0,3,10,1,14,967,507,79,13,1566,0,0,0,1566
02/25/2011,CLT,NC,ASO,ES,Combined TRACON& Tower with Radar,942,487,58,3,1490,0,0,19,0,19,942,487,77,3,1509,0,0,0,1509
02/26/2011,CLT,NC,ASO,ES,Combined TRACON& Tower with Radar,829,487,16,0,1332,0,0,16,0,16,829,487,32,0,1348,0,0,0,1348
02/27/2011,CLT,NC,ASO,ES,Combined TRACON& Tower with Radar,915,472,27,0,1414,0,0,15,0,15,915,472,42,0,1429,0,0,0,1429
02/28/2011,CLT,NC,ASO,ES,Combined TRACON& Tower with Radar,933,464,45,0,1442,0,0,12,0,12,933,464,57,0,1454,0,0,0,1454
03/01/2011,CLT,NC,ASO,ES,Combined TRACON& Tower with Radar,986,512,53,6,1557,0,1,21,0,22,986,513,74,6,1579,0,0,0,1579
03/02/2011,CLT,NC,ASO,ES,Combined TRACON& Tower with Radar,954,497,67,12,1530,0,2,16,0,18,954,499,83,12,1548,0,0,0,1548
03/03/2011,CLT,NC,ASO,ES,Combined TRACON& Tower with Radar,961,530,68,11,1570,0,0,18,2,20,961,530,86,13,1590,0,0,0,1590
03/04/2011,CLT,NC,ASO,ES,Combined TRACON& Tower with Radar,965,532,60,3,1560,0,1,16,0,17,965,533,76,3,1577,0,0,0,1577
03/05/2011,CLT,NC,ASO,ES,Combined TRACON& Tower with Radar,811,506,22,1,1340,0,1,3,0,4,811,507,25,1,1344,0,0,0,1344
03/06/2011,CLT,NC,ASO,ES,Combined TRACON& Tower with Radar,904,465,41,1,1411,0,0,2,0,2,904,465,43,1,1413,0,0,0,1413
03/07/2011,CLT,NC,ASO,ES,Combined TRACON& Tower with Radar,955,528,54,1,1538,0,0,10,0,10,955,528,64,1,1548,0,0,0,1548
03/08/2011,CLT,NC,ASO,ES,Combined TRACON& Tower with Radar,949,543,65,8,1565,0,0,17,0,17,949,543,82,8,1582,0,0,0,1582
03/09/2011,CLT,NC,ASO,ES,Combined TRACON& Tower with Radar,939,524,72,6,1541,0,1,10,0,11,939,525,82,6,1552,0,0,0,1552
03/10/2011,CLT,NC,ASO,ES,Combined TRACON& Tower with Radar,952,542,73,7,1574,0,1,12,0,13,952,543,85,7,1587,0,0,0,1587
03/11/2011,CLT,NC,ASO,ES,Combined TRACON& Tower with Radar,958,540,44,5,1547,0,0,29,0,29,958,540,73,5,1576,0,0,0,1576
03/12/2011,CLT,NC,ASO,ES,Combined TRACON& Tower with Radar,827,510,29,5,1371,0,0,9,2,11,827,510,38,7,1382,0,0,0,1382
03/13/2011,CLT,NC,ASO,ES,Combined TRACON& Tower with Radar,915,494,22,1,1432,0,0,3,0,3,915,494,25,1,1435,0,0,0,1435
03/14/2011,CLT,NC,ASO,ES,Combined TRACON& Tower with Radar,946,530,56,2,1534,0,3,30,0,33,946,533,86,2,1567,0,0,0,1567
03/15/2011,CLT,NC,ASO,ES,Combined TRACON& Tower with Radar,953,548,43,8,1552,0,1,8,0,9,953,549,51,8,1561,0,0,0,1561
03/16/2011,CLT,NC,ASO,ES,Combined TRACON& Tower with Radar,949,555,63,5,1572,0,0,11,0,11,949,555,74,5,1583,0,0,0,1583
03/17/2011,CLT,NC,ASO,ES,Combined TRACON& Tower with Radar,955,544,69,11,1579,0,0,23,0,23,955,544,92,11,1602,0,0,0,1602
03/18/2011,CLT,NC,ASO,ES,Combined TRACON& Tower with Radar,965,541,69,1,1576,0,0,29,0,29,965,541,98,1,1605,0,0,0,1605
03/19/2011,CLT,NC,ASO,ES,Combined TRACON& Tower with Radar,814,531,36,2,1383,0,1,12,0,13,814,532,48,2,1396,0,0,0,1396
03/20/2011,CLT,NC,ASO,ES,Combined TRACON& Tower with Radar,909,527,44,0,1480,0,0,5,0,5,909,527,49,0,1485,0,0,0,1485
03/21/2011,CLT,NC,ASO,ES,Combined TRACON& Tower with Radar,956,531,52,0,1539,0,0,18,0,18,956,531,70,0,1557,0,0,0,1557
03/22/2011,CLT,NC,ASO,ES,Combined TRACON& Tower with Radar,957,549,62,13,1581,0,1,16,0,17,957,550,78,13,1598,0,0,0,1598
03/23/2011,CLT,NC,ASO,ES,Combined TRACON& Tower with Radar,943,514,45,6,1508,0,2,17,0,19,943,516,62,6,1527,0,0,0,1527
03/24/2011,CLT,NC,ASO,ES,Combined TRACON& Tower with Radar,972,550,79,13,1614,0,1,23,0,24,972,551,102,13,1638,0,0,0,1638
03/25/2011,CLT,NC,ASO,ES,Combined TRACON& Tower with Radar,971,534,40,6,1551,0,0,37,0,37,971,534,77,6,1588,0,0,0,1588
03/26/2011,CLT,NC,ASO,ES,Combined TRACON& Tower with Radar,825,510,21,2,1358,0,0,3,0,3,825,510,24,2,1361,0,0,0,1361
03/27/2011,CLT,NC,ASO,ES,Combined TRACON& Tower with Radar,919,515,32,3,1469,0,0,0,0,0,919,515,32,3,1469,0,0,0,1469
03/28/2011,CLT,NC,ASO,ES,Combined TRACON& Tower with Radar,951,538,45,4,1538,0,2,8,0,10,951,540,53,4,1548,0,0,0,1548
03/29/2011,CLT,NC,ASO,ES,Combined TRACON& Tower with Radar,944,557,92,5,1598,0,1,37,0,38,944,558,129,5,1636,0,0,0,1636
03/30/2011,CLT,NC,ASO,ES,Combined TRACON& Tower with Radar,938,527,59,0,1524,0,1,4,0,5,938,528,63,0,1529,0,0,0,1529
03/31/2011,CLT,NC,ASO,ES,Combined TRACON& Tower with Radar,942,545,65,4,1556,0,0,4,0,4,942,545,69,4,1560,0,0,0,1560
04/01/2011,CLT,NC,ASO,ES,Combined TRACON& Tower with Radar,960,544,58,7,1569,0,3,28,0,31,960,547,86,7,1600,0,0,0,1600
04/02/2011,CLT,NC,ASO,ES,Combined TRACON& Tower with Radar,842,555,19,2,1418,0,1,9,0,10,842,556,28,2,1428,0,0,0,1428
04/03/2011,CLT,NC,ASO,ES,Combined TRACON& Tower with Radar,908,511,33,2,1454,0,3,15,0,18,908,514,48,2,1472,0,0,0,1472
04/04/2011,CLT,NC,ASO,ES,Combined TRACON& Tower with Radar,942,552,49,2,1545,0,0,11,0,11,942,552,60,2,1556,0,0,0,1556
04/05/2011,CLT,NC,ASO,ES,Combined TRACON& Tower with Radar,955,534,60,12,1561,0,1,22,1,24,955,535,82,13,1585,0,0,0,1585
04/06/2011,CLT,NC,ASO,ES,Combined TRACON& Tower with Radar,959,556,72,11,1598,0,0,28,1,29,959,556,100,12,1627,0,0,0,1627
04/07/2011,CLT,NC,ASO,ES,Combined TRACON& Tower with Radar,948,563,61,7,1579,0,3,29,2,34,948,566,90,9,1613,0,0,0,1613
04/08/2011,CLT,NC,ASO,ES,Combined TRACON& Tower with Radar,948,552,52,0,1552,0,0,32,0,32,948,552,84,0,1584,0,0,0,1584
04/09/2011,CLT,NC,ASO,ES,Combined TRACON& Tower with Radar,721,484,24,1,1230,0,0,7,0,7,721,484,31,1,1237,0,0,0,1237
04/10/2011,CLT,NC,ASO,ES,Combined TRACON& Tower with Radar,937,510,56,1,1504,0,0,4,0,4,937,510,60,1,1508,0,0,0,1508
04/11/2011,CLT,NC,ASO,ES,Combined TRACON& Tower with Radar,945,540,59,3,1547,0,0,19,2,21,945,540,78,5,1568,0,0,0,1568
04/12/2011,CLT,NC,ASO,ES,Combined TRACON& Tower with Radar,937,558,81,8,1584,0,0,9,1,10,937,558,90,9,1594,0,0,0,1594
04/13/2011,CLT,NC,ASO,ES,Combined TRACON& Tower with Radar,948,540,67,11,1566,0,3,30,0,33,948,543,97,11,1599,0,0,0,1599
04/14/2011,CLT,NC,ASO,ES,Combined TRACON& Tower with Radar,951,559,83,14,1607,0,1,23,0,24,951,560,106,14,1631,0,0,0,1631
04/15/2011,CLT,NC,ASO,ES,Combined TRACON& Tower with Radar,933,546,43,4,1526,0,1,27,0,28,933,547,70,4,1554,0,0,0,1554
04/16/2011,CLT,NC,ASO,ES,Combined TRACON& Tower with Radar,794,536,23,0,1353,0,1,7,0,8,794,537,30,0,1361,0,0,0,1361
04/17/2011,CLT,NC,ASO,ES,Combined TRACON& Tower with Radar,898,540,38,3,1479,0,0,12,0,12,898,540,50,3,1491,0,0,0,1491
04/18/2011,CLT,NC,ASO,ES,Combined TRACON& Tower with Radar,933,557,58,3,1551,0,2,28,0,30,933,559,86,3,1581,0,0,0,1581
04/19/2011,CLT,NC,ASO,ES,Combined TRACON& Tower with Radar,925,563,78,6,1572,0,0,21,1,22,925,563,99,7,1594,0,0,0,1594
04/20/2011,CLT,NC,ASO,ES,Combined TRACON& Tower with Radar,941,563,44,13,1561,0,3,33,1,37,941,566,77,14,1598,0,0,0,1598
04/21/2011,CLT,NC,ASO,ES,Combined TRACON& Tower with Radar,961,580,58,10,1609,0,0,13,0,13,961,580,71,10,1622,0,0,0,1622
04/22/2011,CLT,NC,ASO,ES,Combined TRACON& Tower with Radar,945,553,28,2,1528,0,0,7,0,7,945,553,35,2,1535,0,0,0,1535
04/23/2011,CLT,NC,ASO,ES,Combined TRACON& Tower with Radar,815,540,20,0,1375,0,2,19,0,21,815,542,39,0,1396,0,0,0,1396
04/24/2011,CLT,NC,ASO,ES,Combined TRACON& Tower with Radar,904,525,24,0,1453,0,2,17,0,19,904,527,41,0,1472,0,0,0,1472
04/25/2011,CLT,NC,ASO,ES,Combined TRACON& Tower with Radar,936,547,64,1,1548,0,2,26,1,29,936,549,90,2,1577,0,0,0,1577
04/26/2011,CLT,NC,ASO,ES,Combined TRACON& Tower with Radar,950,557,60,7,1574,0,1,13,1,15,950,558,73,8,1589,0,0,0,1589
04/27/2011,CLT,NC,ASO,ES,Combined TRACON& Tower with Radar,943,518,67,5,1533,0,3,12,0,15,943,521,79,5,1548,0,0,0,1548
04/28/2011,CLT,NC,ASO,ES,Combined TRACON& Tower with Radar,955,554,85,9,1603,0,0,15,1,16,955,554,100,10,1619,0,0,0,1619
04/29/2011,CLT,NC,ASO,ES,Combined TRACON& Tower with Radar,963,558,66,6,1593,0,2,34,6,42,963,560,100,12,1635,0,0,0,1635
04/30/2011,CLT,NC,ASO,ES,Combined TRACON& Tower with Radar,819,541,29,6,1395,0,1,13,2,16,819,542,42,8,1411,0,0,0,1411
05/01/2011,CLT,NC,ASO,ES,Combined TRACON& Tower with Radar,903,523,55,1,1482,0,1,9,0,10,903,524,64,1,1492,0,0,0,1492
05/02/2011,CLT,NC,ASO,ES,Combined TRACON& Tower with Radar,946,554,73,0,1573,0,0,25,3,28,946,554,98,3,1601,0,0,0,1601
05/03/2011,CLT,NC,ASO,ES,Combined TRACON& Tower with Radar,898,538,45,1,1482,0,0,16,0,16,898,538,61,1,1498,0,0,0,1498
05/04/2011,CLT,NC,ASO,ES,Combined TRACON& Tower with Radar,972,571,91,3,1637,0,1,28,0,29,972,572,119,3,1666,0,0,0,1666
05/05/2011,CLT,NC,ASO,ES,Combined TRACON& Tower with Radar,941,558,92,2,1593,0,1,6,0,7,941,559,98,2,1600,0,0,0,1600
05/06/2011,CLT,NC,ASO,ES,Combined TRACON& Tower with Radar,950,548,74,5,1577,0,2,16,1,19,950,550,90,6,1596,0,0,0,1596
05/07/2011,CLT,NC,ASO,ES,Combined TRACON& Tower with Radar,835,487,30,6,1358,0,3,14,0,17,835,490,44,6,1375,0,0,0,1375
05/08/2011,CLT,NC,ASO,ES,Combined TRACON& Tower with Radar,915,532,35,0,1482,0,1,16,0,17,915,533,51,0,1499,0,0,0,1499
05/09/2011,CLT,NC,ASO,ES,Combined TRACON& Tower with Radar,937,547,56,1,1541,0,0,27,0,27,937,547,83,1,1568,0,0,0,1568
05/10/2011,CLT,NC,ASO,ES,Combined TRACON& Tower with Radar,948,553,83,3,1587,0,3,13,2,18,948,556,96,5,1605,0,0,0,1605
05/11/2011,CLT,NC,ASO,ES,Combined TRACON& Tower with Radar,949,557,79,13,1598,0,1,23,0,24,949,558,102,13,1622,0,0,0,1622
05/12/2011,CLT,NC,ASO,ES,Combined TRACON& Tower with Radar,946,544,81,14,1585,0,3,23,0,26,946,547,104,14,1611,0,0,0,1611
05/13/2011,CLT,NC,ASO,ES,Combined TRACON& Tower with Radar,943,556,57,6,1562,0,1,15,0,16,943,557,72,6,1578,0,0,0,1578
05/14/2011,CLT,NC,ASO,ES,Combined TRACON& Tower with Radar,823,491,38,4,1356,0,0,6,0,6,823,491,44,4,1362,0,0,0,1362
05/15/2011,CLT,NC,ASO,ES,Combined TRACON& Tower with Radar,910,512,37,2,1461,0,0,9,0,9,910,512,46,2,1470,0,0,0,1470
05/16/2011,CLT,NC,ASO,ES,Combined TRACON& Tower with Radar,944,544,76,9,1573,0,2,33,0,35,944,546,109,9,1608,0,0,0,1608
05/17/2011,CLT,NC,ASO,ES,Combined TRACON& Tower with Radar,928,557,75,13,1573,0,1,3,0,4,928,558,78,13,1577,0,0,0,1577
05/18/2011,CLT,NC,ASO,ES,Combined TRACON& Tower with Radar,950,565,84,8,1607,0,1,27,0,28,950,566,111,8,1635,0,0,0,1635
05/19/2011,CLT,NC,ASO,ES,Combined TRACON& Tower with Radar,954,574,74,7,1609,0,0,36,0,36,954,574,110,7,1645,0,0,0,1645
05/20/2011,CLT,NC,ASO,ES,Combined TRACON& Tower with Radar,940,554,58,6,1558,0,1,24,0,25,940,555,82,6,1583,0,0,0,1583
05/21/2011,CLT,NC,ASO,ES,Combined TRACON& Tower with Radar,853,494,23,16,1386,0,22,14,0,36,853,516,37,16,1422,0,0,0,1422
05/22/2011,CLT,NC,ASO,ES,Combined TRACON& Tower with Radar,916,514,40,4,1474,0,4,10,4,18,916,518,50,8,1492,0,0,0,1492
05/23/2011,CLT,NC,ASO,ES,Combined TRACON& Tower with Radar,932,541,58,0,1531,0,1,23,0,24,932,542,81,0,1555,0,0,0,1555
05/24/2011,CLT,NC,ASO,ES,Combined TRACON& Tower with Radar,945,549,68,14,1576,0,1,18,0,19,945,550,86,14,1595,0,0,0,1595
05/25/2011,CLT,NC,ASO,ES,Combined TRACON& Tower with Radar,907,544,95,12,1558,0,1,30,1,32,907,545,125,13,1590,0,0,0,1590
05/26/2011,CLT,NC,ASO,ES,Combined TRACON& Tower with Radar,936,523,70,13,1542,0,5,29,1,35,936,528,99,14,1577,0,0,0,1577
05/27/2011,CLT,NC,ASO,ES,Combined TRACON& Tower with Radar,937,488,62,5,1492,0,0,17,0,17,937,488,79,5,1509,0,0,0,1509
05/28/2011,CLT,NC,ASO,ES,Combined TRACON& Tower with Radar,862,500,34,3,1399,0,22,18,0,40,862,522,52,3,1439,0,0,0,1439
05/29/2011,CLT,NC,ASO,ES,Combined TRACON& Tower with Radar,888,444,13,2,1347,0,30,11,0,41,888,474,24,2,1388,0,0,0,1388
05/30/2011,CLT,NC,ASO,ES,Combined TRACON& Tower with Radar,942,510,41,3,1496,0,1,15,1,17,942,511,56,4,1513,0,0,0,1513
05/31/2011,CLT,NC,ASO,ES,Combined TRACON& Tower with Radar,959,520,52,4,1535,0,0,16,0,16,959,520,68,4,1551,0,0,0,1551
06/01/2011,CLT,NC,ASO,ES,Combined TRACON& Tower with Radar,957,539,57,11,1564,0,2,17,0,19,957,541,74,11,1583,0,0,0,1583
06/02/2011,CLT,NC,ASO,ES,Combined TRACON& Tower with Radar,961,555,87,9,1612,0,0,13,0,13,961,555,100,9,1625,0,0,0,1625
06/03/2011,CLT,NC,ASO,ES,Combined TRACON& Tower with Radar,954,539,63,5,1561,0,2,32,0,34,954,541,95,5,1595,0,0,0,1595
06/04/2011,CLT,NC,ASO,ES,Combined TRACON& Tower with Radar,832,523,29,9,1393,0,1,10,0,11,832,524,39,9,1404,0,0,0,1404
06/05/2011,CLT,NC,ASO,ES,Combined TRACON& Tower with Radar,894,501,37,1,1433,0,0,3,0,3,894,501,40,1,1436,0,0,0,1436
06/06/2011,CLT,NC,ASO,ES,Combined TRACON& Tower with Radar,979,520,73,1,1573,0,1,16,0,17,979,521,89,1,1590,0,0,0,1590
06/07/2011,CLT,NC,ASO,ES,Combined TRACON& Tower with Radar,966,542,59,8,1575,0,2,23,0,25,966,544,82,8,1600,0,0,0,1600
06/08/2011,CLT,NC,ASO,ES,Combined TRACON& Tower with Radar,971,531,76,8,1586,0,2,18,0,20,971,533,94,8,1606,0,0,0,1606
06/09/2011,CLT,NC,ASO,ES,Combined TRACON& Tower with Radar,937,512,81,5,1535,0,2,20,0,22,937,514,101,5,1557,0,0,0,1557
06/10/2011,CLT,NC,ASO,ES,Combined TRACON& Tower with Radar,974,524,47,2,1547,0,1,25,0,26,974,525,72,2,1573,0,0,0,1573
06/11/2011,CLT,NC,ASO,ES,Combined TRACON& Tower with Radar,814,469,16,3,1302,0,1,8,0,9,814,470,24,3,1311,0,0,0,1311
06/12/2011,CLT,NC,ASO,ES,Combined TRACON& Tower with Radar,936,518,34,1,1489,0,3,7,0,10,936,521,41,1,1499,0,0,0,1499
06/13/2011,CLT,NC,ASO,ES,Combined TRACON& Tower with Radar,966,546,63,3,1578,0,0,21,0,21,966,546,84,3,1599,0,0,0,1599
06/14/2011,CLT,NC,ASO,ES,Combined TRACON& Tower with Radar,966,547,72,6,1591,0,1,14,0,15,966,548,86,6,1606,0,0,0,1606
06/15/2011,CLT,NC,ASO,ES,Combined TRACON& Tower with Radar,967,518,63,2,1550,0,1,21,0,22,967,519,84,2,1572,0,0,0,1572
06/16/2011,CLT,NC,ASO,ES,Combined TRACON& Tower with Radar,946,548,74,4,1572,0,0,20,0,20,946,548,94,4,1592,0,0,0,1592
06/17/2011,CLT,NC,ASO,ES,Combined TRACON& Tower with Radar,943,533,58,2,1536,0,1,29,0,30,943,534,87,2,1566,0,0,0,1566
06/18/2011,CLT,NC,ASO,ES,Combined TRACON& Tower with Radar,845,481,25,8,1359,0,2,11,0,13,845,483,36,8,1372,0,0,0,1372
06/19/2011,CLT,NC,ASO,ES,Combined TRACON& Tower with Radar,938,499,36,2,1475,0,1,13,0,14,938,500,49,2,1489,0,0,0,1489
06/20/2011,CLT,NC,ASO,ES,Combined TRACON& Tower with Radar,960,521,42,0,1523,0,0,19,0,19,960,521,61,0,1542,0,0,0,1542
06/21/2011,CLT,NC,ASO,ES,Combined TRACON& Tower with Radar,912,495,76,5,1488,0,2,28,0,30,912,497,104,5,1518,0,0,0,1518
06/22/2011,CLT,NC,ASO,ES,Combined TRACON& Tower with Radar,995,510,64,7,1576,0,1,17,0,18,995,511,81,7,1594,0,0,0,1594
06/23/2011,CLT,NC,ASO,ES,Combined TRACON& Tower with Radar,976,524,69,2,1571,0,1,17,0,18,976,525,86,2,1589,0,0,0,1589
06/24/2011,CLT,NC,ASO,ES,Combined TRACON& Tower with Radar,938,531,45,4,1518,0,1,30,0,31,938,532,75,4,1549,0,0,0,1549
06/25/2011,CLT,NC,ASO,ES,Combined TRACON& Tower with Radar,849,522,18,4,1393,0,1,15,0,16,849,523,33,4,1409,0,0,0,1409
06/26/2011,CLT,NC,ASO,ES,Combined TRACON& Tower with Radar,937,486,26,0,1449,0,2,15,0,17,937,488,41,0,1466,0,0,0,1466
06/27/2011,CLT,NC,ASO,ES,Combined TRACON& Tower with Radar,968,506,48,3,1525,0,1,18,0,19,968,507,66,3,1544,0,0,0,1544
06/28/2011,CLT,NC,ASO,ES,Combined TRACON& Tower with Radar,880,470,59,3,1412,0,3,23,0,26,880,473,82,3,1438,0,0,0,1438
06/29/2011,CLT,NC,ASO,ES,Combined TRACON& Tower with Radar,1056,548,68,9,1681,0,1,15,0,16,1056,549,83,9,1697,0,0,0,1697
06/30/2011,CLT,NC,ASO,ES,Combined TRACON& Tower with Radar,953,524,71,12,1560,0,0,26,0,26,953,524,97,12,1586,0,0,0,1586
07/01/2011,CLT,NC,ASO,ES,Combined TRACON& Tower with Radar,972,530,31,1,1534,0,1,33,1,35,972,531,64,2,1569,0,0,0,1569
07/02/2011,CLT,NC,ASO,ES,Combined TRACON& Tower with Radar,858,500,19,1,1378,0,1,17,2,20,858,501,36,3,1398,0,0,0,1398
07/03/2011,CLT,NC,ASO,ES,Combined TRACON& Tower with Radar,890,442,6,0,1338,0,1,6,1,8,890,443,12,1,1346,0,0,0,1346
07/04/2011,CLT,NC,ASO,ES,Combined TRACON& Tower with Radar,923,429,13,3,1368,0,0,4,0,4,923,429,17,3,1372,0,0,0,1372
07/05/2011,CLT,NC,ASO,ES,Combined TRACON& Tower with Radar,931,512,43,8,1494,0,2,24,0,26,931,514,67,8,1520,0,0,0,1520
07/06/2011,CLT,NC,ASO,ES,Combined TRACON& Tower with Radar,972,467,54,6,1499,0,0,9,0,9,972,467,63,6,1508,0,0,0,1508
07/07/2011,CLT,NC,ASO,ES,Combined TRACON& Tower with Radar,983,516,51,4,1554,0,0,12,0,12,983,516,63,4,1566,0,0,0,1566
07/08/2011,CLT,NC,ASO,ES,Combined TRACON& Tower with Radar,909,486,40,3,1438,0,0,12,0,12,909,486,52,3,1450,0,0,0,1450
07/09/2011,CLT,NC,ASO,ES,Combined TRACON& Tower with Radar,912,507,12,1,1432,0,1,9,0,10,912,508,21,1,1442,0,0,0,1442
07/10/2011,CLT,NC,ASO,ES,Combined TRACON& Tower with Radar,940,506,36,2,1484,0,0,9,0,9,940,506,45,2,1493,0,0,0,1493
07/11/2011,CLT,NC,ASO,ES,Combined TRACON& Tower with Radar,958,489,69,2,1518,0,0,28,0,28,958,489,97,2,1546,0,0,0,1546
07/12/2011,CLT,NC,ASO,ES,Combined TRACON& Tower with Radar,973,529,59,8,1569,0,2,15,0,17,973,531,74,8,1586,0,0,0,1586
07/13/2011,CLT,NC,ASO,ES,Combined TRACON& Tower with Radar,934,468,46,8,1456,0,1,19,2,22,934,469,65,10,1478,0,0,0,1478
07/14/2011,CLT,NC,ASO,ES,Combined TRACON& Tower with Radar,988,526,68,9,1591,0,0,24,0,24,988,526,92,9,1615,0,0,0,1615
07/15/2011,CLT,NC,ASO,ES,Combined TRACON& Tower with Radar,977,511,47,1,1536,0,1,15,3,19,977,512,62,4,1555,0,0,0,1555
07/16/2011,CLT,NC,ASO,ES,Combined TRACON& Tower with Radar,866,498,18,2,1384,0,0,4,0,4,866,498,22,2,1388,0,0,0,1388
07/17/2011,CLT,NC,ASO,ES,Combined TRACON& Tower with Radar,938,503,35,0,1476,0,0,13,4,17,938,503,48,4,1493,0,0,0,1493
07/18/2011,CLT,NC,ASO,ES,Combined TRACON& Tower with Radar,965,510,56,3,1534,0,1,13,0,14,965,511,69,3,1548,0,0,0,1548
07/19/2011,CLT,NC,ASO,ES,Combined TRACON& Tower with Radar,964,525,59,9,1557,0,1,25,0,26,964,526,84,9,1583,0,0,0,1583
07/20/2011,CLT,NC,ASO,ES,Combined TRACON& Tower with Radar,962,514,66,10,1552,0,4,23,0,27,962,518,89,10,1579,0,0,0,1579
07/21/2011,CLT,NC,ASO,ES,Combined TRACON& Tower with Radar,957,510,58,5,1530,0,3,16,0,19,957,513,74,5,1549,0,0,0,1549
07/22/2011,CLT,NC,ASO,ES,Combined TRACON& Tower with Radar,968,511,64,2,1545,0,0,24,0,24,968,511,88,2,1569,0,0,0,1569
07/23/2011,CLT,NC,ASO,ES,Combined TRACON& Tower with Radar,880,493,22,1,1396,0,1,8,0,9,880,494,30,1,1405,0,0,0,1405
07/24/2011,CLT,NC,ASO,ES,Combined TRACON& Tower with Radar,935,458,51,2,1446,0,0,8,0,8,935,458,59,2,1454,0,0,0,1454
07/25/2011,CLT,NC,ASO,ES,Combined TRACON& Tower with Radar,911,461,52,4,1428,0,0,13,1,14,911,461,65,5,1442,0,0,0,1442
07/26/2011,CLT,NC,ASO,ES,Combined TRACON& Tower with Radar,990,533,60,5,1588,0,0,12,0,12,990,533,72,5,1600,0,0,0,1600
07/27/2011,CLT,NC,ASO,ES,Combined TRACON& Tower with Radar,975,521,51,10,1557,0,2,16,0,18,975,523,67,10,1575,0,0,0,1575
07/28/2011,CLT,NC,ASO,ES,Combined TRACON& Tower with Radar,963,522,59,6,1550,0,1,11,1,13,963,523,70,7,1563,0,0,0,1563
07/29/2011,CLT,NC,ASO,ES,Combined TRACON& Tower with Radar,965,520,53,0,1538,0,1,11,0,12,965,521,64,0,1550,0,0,0,1550
07/30/2011,CLT,NC,ASO,ES,Combined TRACON& Tower with Radar,871,523,19,4,1417,0,0,10,0,10,871,523,29,4,1427,0,0,0,1427
07/31/2011,CLT,NC,ASO,ES,Combined TRACON& Tower with Radar,929,467,22,1,1419,0,1,7,0,8,929,468,29,1,1427,0,0,0,1427
08/01/2011,CLT,NC,ASO,ES,Combined TRACON& Tower with Radar,964,526,46,3,1539,0,2,18,0,20,964,528,64,3,1559,0,0,0,1559
08/02/2011,CLT,NC,ASO,ES,Combined TRACON& Tower with Radar,980,534,49,14,1577,0,0,11,1,12,980,534,60,15,1589,0,0,0,1589
08/03/2011,CLT,NC,ASO,ES,Combined TRACON& Tower with Radar,979,517,76,14,1586,0,0,26,0,26,979,517,102,14,1612,0,0,0,1612
08/04/2011,CLT,NC,ASO,ES,Combined TRACON& Tower with Radar,983,533,63,6,1585,0,3,22,0,25,983,536,85,6,1610,0,0,0,1610
08/05/2011,CLT,NC,ASO,ES,Combined TRACON& Tower with Radar,930,475,54,0,1459,0,0,6,1,7,930,475,60,1,1466,0,0,0,1466
08/06/2011,CLT,NC,ASO,ES,Combined TRACON& Tower with Radar,866,506,23,6,1401,0,0,15,2,17,866,506,38,8,1418,0,0,0,1418
08/07/2011,CLT,NC,ASO,ES,Combined TRACON& Tower with Radar,934,492,34,3,1463,0,3,16,0,19,934,495,50,3,1482,0,0,0,1482
08/08/2011,CLT,NC,ASO,ES,Combined TRACON& Tower with Radar,969,524,37,0,1530,0,0,14,0,14,969,524,51,0,1544,0,0,0,1544
08/09/2011,CLT,NC,ASO,ES,Combined TRACON& Tower with Radar,973,502,44,12,1531,0,2,14,0,16,973,504,58,12,1547,0,0,0,1547
08/10/2011,CLT,NC,ASO,ES,Combined TRACON& Tower with Radar,974,551,66,11,1602,0,1,16,0,17,974,552,82,11,1619,0,0,0,1619
08/11/2011,CLT,NC,ASO,ES,Combined TRACON& Tower with Radar,951,520,67,10,1548,0,0,17,0,17,951,520,84,10,1565,0,0,0,1565
08/12/2011,CLT,NC,ASO,ES,Combined TRACON& Tower with Radar,978,526,57,3,1564,0,0,16,3,19,978,526,73,6,1583,0,0,0,1583
08/13/2011,CLT,NC,ASO,ES,Combined TRACON& Tower with Radar,872,491,23,0,1386,0,3,9,0,12,872,494,32,0,1398,0,0,0,1398
08/14/2011,CLT,NC,ASO,ES,Combined TRACON& Tower with Radar,940,482,26,1,1449,0,0,5,1,6,940,482,31,2,1455,0,0,0,1455
08/15/2011,CLT,NC,ASO,ES,Combined TRACON& Tower with Radar,857,455,47,1,1360,0,2,11,0,13,857,457,58,1,1373,0,0,0,1373
08/16/2011,CLT,NC,ASO,ES,Combined TRACON& Tower with Radar,857,458,58,12,1385,0,1,24,0,25,857,459,82,12,1410,0,0,0,1410
08/17/2011,CLT,NC,ASO,ES,Combined TRACON& Tower with Radar,959,496,34,9,1498,0,1,12,0,13,959,497,46,9,1511,0,0,0,1511
08/18/2011,CLT,NC,ASO,ES,Combined TRACON& Tower with Radar,956,497,61,5,1519,0,1,18,0,19,956,498,79,5,1538,0,0,0,1538
08/19/2011,CLT,NC,ASO,ES,Combined TRACON& Tower with Radar,959,506,46,4,1515,0,0,21,0,21,959,506,67,4,1536,0,0,0,1536
08/20/2011,CLT,NC,ASO,ES,Combined TRACON& Tower with Radar,842,484,33,3,1362,0,0,2,0,2,842,484,35,3,1364,0,0,0,1364
08/21/2011,CLT,NC,ASO,ES,Combined TRACON& Tower with Radar,902,464,40,1,1407,0,1,7,0,8,902,465,47,1,1415,0,0,0,1415
08/22/2011,CLT,NC,ASO,ES,Combined TRACON& Tower with Radar,834,460,32,0,1326,0,1,25,0,26,834,461,57,0,1352,0,0,0,1352
08/23/2011,CLT,NC,ASO,ES,Combined TRACON& Tower with Radar,848,457,56,12,1373,0,1,16,0,17,848,458,72,12,1390,0,0,0,1390
08/24/2011,CLT,NC,ASO,ES,Combined TRACON& Tower with Radar,958,505,72,9,1544,0,0,11,0,11,958,505,83,9,1555,0,0,0,1555
08/25/2011,CLT,NC,ASO,ES,Combined TRACON& Tower with Radar,945,508,62,11,1526,0,1,16,8,25,945,509,78,19,1551,0,0,0,1551
08/26/2011,CLT,NC,ASO,ES,Combined TRACON& Tower with Radar,959,508,46,6,1519,0,2,19,5,26,959,510,65,11,1545,0,0,0,1545
08/27/2011,CLT,NC,ASO,ES,Combined TRACON& Tower with Radar,726,375,13,4,1118,0,0,6,1,7,726,375,19,5,1125,0,0,0,1125
08/28/2011,CLT,NC,ASO,ES,Combined TRACON& Tower with Radar,745,400,20,5,1170,0,2,15,9,26,745,402,35,14,1196,0,0,0,1196
08/29/2011,CLT,NC,ASO,ES,Combined TRACON& Tower with Radar,803,439,47,7,1296,0,0,19,0,19,803,439,66,7,1315,0,0,0,1315
08/30/2011,CLT,NC,ASO,ES,Combined TRACON& Tower with Radar,836,460,43,7,1346,0,0,23,0,23,836,460,66,7,1369,0,0,0,1369
08/31/2011,CLT,NC,ASO,ES,Combined TRACON& Tower with Radar,966,501,60,16,1543,0,1,18,0,19,966,502,78,16,1562,0,0,0,1562
09/01/2011,CLT,NC,ASO,ES,Combined TRACON& Tower with Radar,970,507,45,14,1536,0,1,22,1,24,970,508,67,15,1560,0,0,0,1560
09/02/2011,CLT,NC,ASO,ES,Combined TRACON& Tower with Radar,948,481,41,1,1471,0,0,18,0,18,948,481,59,1,1489,0,0,0,1489
09/03/2011,CLT,NC,ASO,ES,Combined TRACON& Tower with Radar,743,456,26,1,1226,0,1,5,0,6,743,457,31,1,1232,0,0,0,1232
09/04/2011,CLT,NC,ASO,ES,Combined TRACON& Tower with Radar,819,394,19,0,1232,0,1,7,0,8,819,395,26,0,1240,0,0,0,1240
09/05/2011,CLT,NC,ASO,ES,Combined TRACON& Tower with Radar,832,424,35,0,1291,0,0,2,0,2,832,424,37,0,1293,0,0,0,1293
09/06/2011,CLT,NC,ASO,ES,Combined TRACON& Tower with Radar,844,479,44,6,1373,0,0,12,0,12,844,479,56,6,1385,0,0,0,1385
09/07/2011,CLT,NC,ASO,ES,Combined TRACON& Tower with Radar,798,473,70,10,1351,0,1,16,0,17,798,474,86,10,1368,0,0,0,1368
09/08/2011,CLT,NC,ASO,ES,Combined TRACON& Tower with Radar,924,517,56,8,1505,0,0,17,3,20,924,517,73,11,1525,0,0,0,1525
09/09/2011,CLT,NC,ASO,ES,Combined TRACON& Tower with Radar,942,521,68,5,1536,0,0,18,0,18,942,521,86,5,1554,0,0,0,1554
09/10/2011,CLT,NC,ASO,ES,Combined TRACON& Tower with Radar,727,463,15,5,1210,0,0,15,0,15,727,463,30,5,1225,0,0,0,1225
09/11/2011,CLT,NC,ASO,ES,Combined TRACON& Tower with Radar,851,447,39,0,1337,0,1,12,1,14,851,448,51,1,1351,0,0,0,1351
09/12/2011,CLT,NC,ASO,ES,Combined TRACON& Tower with Radar,817,475,54,2,1348,0,3,19,0,22,817,478,73,2,1370,0,0,0,1370
09/13/2011,CLT,NC,ASO,ES,Combined TRACON& Tower with Radar,802,478,63,8,1351,0,0,16,0,16,802,478,79,8,1367,0,0,0,1367
09/14/2011,CLT,NC,ASO,ES,Combined TRACON& Tower with Radar,803,470,69,7,1349,0,0,28,1,29,803,470,97,8,1378,0,0,0,1378
09/15/2011,CLT,NC,ASO,ES,Combined TRACON& Tower with Radar,940,523,62,7,1532,0,1,16,0,17,940,524,78,7,1549,0,0,0,1549
09/16/2011,CLT,NC,ASO,ES,Combined TRACON& Tower with Radar,939,518,45,9,1511,0,2,15,0,17,939,520,60,9,1528,0,0,0,1528
09/17/2011,CLT,NC,ASO,ES,Combined TRACON& Tower with Radar,726,461,25,0,1212,0,1,5,0,6,726,462,30,0,1218,0,0,0,1218
09/18/2011,CLT,NC,ASO,ES,Combined TRACON& Tower with Radar,848,451,57,6,1362,0,2,11,11,24,848,453,68,17,1386,0,0,0,1386
09/19/2011,CLT,NC,ASO,ES,Combined TRACON& Tower with Radar,822,468,63,3,1356,0,3,18,0,21,822,471,81,3,1377,0,0,0,1377
09/20/2011,CLT,NC,ASO,ES,Combined TRACON& Tower with Radar,809,463,74,10,1356,0,0,18,2,20,809,463,92,12,1376,0,0,0,1376
09/21/2011,CLT,NC,ASO,ES,Combined TRACON& Tower with Radar,805,463,91,7,1366,0,0,1,1,2,805,463,92,8,1368,0,0,0,1368
09/22/2011,CLT,NC,ASO,ES,Combined TRACON& Tower with Radar,934,530,64,9,1537,0,0,10,0,10,934,530,74,9,1547,0,0,0,1547
09/23/2011,CLT,NC,ASO,ES,Combined TRACON& Tower with Radar,949,524,51,2,1526,0,2,8,0,10,949,526,59,2,1536,0,0,0,1536
09/24/2011,CLT,NC,ASO,ES,Combined TRACON& Tower with Radar,749,467,25,4,1245,0,0,5,0,5,749,467,30,4,1250,0,0,0,1250
09/25/2011,CLT,NC,ASO,ES,Combined TRACON& Tower with Radar,834,414,53,2,1303,0,0,4,0,4,834,414,57,2,1307,0,0,0,1307
09/26/2011,CLT,NC,ASO,ES,Combined TRACON& Tower with Radar,836,464,64,0,1364,0,0,14,0,14,836,464,78,0,1378,0,0,0,1378
09/27/2011,CLT,NC,ASO,ES,Combined TRACON& Tower with Radar,798,478,69,9,1354,0,0,6,0,6,798,478,75,9,1360,0,0,0,1360
09/28/2011,CLT,NC,ASO,ES,Combined TRACON& Tower with Radar,804,481,61,12,1358,0,0,27,0,27,804,481,88,12,1385,0,0,0,1385
09/29/2011,CLT,NC,ASO,ES,Combined TRACON& Tower with Radar,935,509,56,10,1510,0,4,21,0,25,935,513,77,10,1535,0,0,0,1535
09/30/2011,CLT,NC,ASO,ES,Combined TRACON& Tower with Radar,938,512,44,4,1498,0,3,24,0,27,938,515,68,4,1525,0,0,0,1525
10/01/2011,CLT,NC,ASO,ES,Combined TRACON& Tower with Radar,727,461,14,0,1202,0,0,9,2,11,727,461,23,2,1213,0,0,0,1213
10/02/2011,CLT,NC,ASO,ES,Combined TRACON& Tower with Radar,825,465,35,2,1327,0,1,5,1,7,825,466,40,3,1334,0,0,0,1334
10/03/2011,CLT,NC,ASO,ES,Combined TRACON& Tower with Radar,822,474,66,0,1362,0,3,17,0,20,822,477,83,0,1382,0,0,0,1382
10/04/2011,CLT,NC,ASO,ES,Combined TRACON& Tower with Radar,793,473,64,10,1340,0,3,19,0,22,793,476,83,10,1362,0,0,0,1362
10/05/2011,CLT,NC,ASO,ES,Combined TRACON& Tower with Radar,918,540,54,10,1522,0,2,31,0,33,918,542,85,10,1555,0,0,0,1555
10/06/2011,CLT,NC,ASO,ES,Combined TRACON& Tower with Radar,919,532,68,12,1531,0,1,25,0,26,919,533,93,12,1557,0,0,0,1557
10/07/2011,CLT,NC,ASO,ES,Combined TRACON& Tower with Radar,949,530,52,2,1533,0,2,38,0,40,949,532,90,2,1573,0,0,0,1573
10/08/2011,CLT,NC,ASO,ES,Combined TRACON& Tower with Radar,729,454,16,0,1199,0,2,15,0,17,729,456,31,0,1216,0,0,0,1216
10/09/2011,CLT,NC,ASO,ES,Combined TRACON& Tower with Radar,853,465,55,1,1374,0,2,16,0,18,853,467,71,1,1392,0,0,0,1392
10/10/2011,CLT,NC,ASO,ES,Combined TRACON& Tower with Radar,832,458,51,0,1341,0,0,25,0,25,832,458,76,0,1366,0,0,0,1366
10/11/2011,CLT,NC,ASO,ES,Combined TRACON& Tower with Radar,800,475,69,8,1352,0,0,2,0,2,800,475,71,8,1354,0,0,0,1354
10/12/2011,CLT,NC,ASO,ES,Combined TRACON& Tower with Radar,921,530,80,12,1543,0,0,15,0,15,921,530,95,12,1558,0,0,0,1558
10/13/2011,CLT,NC,ASO,ES,Combined TRACON& Tower with Radar,937,513,57,10,1517,0,0,11,1,12,937,513,68,11,1529,0,0,0,1529
10/14/2011,CLT,NC,ASO,ES,Combined TRACON& Tower with Radar,949,517,59,3,1528,0,1,21,0,22,949,518,80,3,1550,0,0,0,1550
10/15/2011,CLT,NC,ASO,ES,Combined TRACON& Tower with Radar,739,455,14,4,1212,0,25,14,0,39,739,480,28,4,1251,0,0,0,1251
10/16/2011,CLT,NC,ASO,ES,Combined TRACON& Tower with Radar,845,447,36,5,1333,1,2,9,0,12,846,449,45,5,1345,0,0,0,1345
10/17/2011,CLT,NC,ASO,ES,Combined TRACON& Tower with Radar,825,463,49,0,1337,0,2,26,0,28,825,465,75,0,1365,0,0,0,1365
10/18/2011,CLT,NC,ASO,ES,Combined TRACON& Tower with Radar,799,468,66,7,1340,0,0,18,0,18,799,468,84,7,1358,0,0,0,1358
10/19/2011,CLT,NC,ASO,ES,Combined TRACON& Tower with Radar,911,533,90,8,1542,0,0,1,0,1,911,533,91,8,1543,0,0,0,1543
10/20/2011,CLT,NC,ASO,ES,Combined TRACON& Tower with Radar,944,549,89,13,1595,0,1,20,0,21,944,550,109,13,1616,0,0,0,1616
10/21/2011,CLT,NC,ASO,ES,Combined TRACON& Tower with Radar,938,541,66,3,1548,0,0,28,0,28,938,541,94,3,1576,0,0,0,1576
10/22/2011,CLT,NC,ASO,ES,Combined TRACON& Tower with Radar,736,456,30,0,1222,0,0,16,0,16,736,456,46,0,1238,0,0,0,1238
10/23/2011,CLT,NC,ASO,ES,Combined TRACON& Tower with Radar,851,462,72,1,1386,0,2,23,0,25,851,464,95,1,1411,0,0,0,1411
10/24/2011,CLT,NC,ASO,ES,Combined TRACON& Tower with Radar,829,461,73,0,1363,0,1,25,0,26,829,462,98,0,1389,0,0,0,1389
10/25/2011,CLT,NC,ASO,ES,Combined TRACON& Tower with Radar,793,484,86,14,1377,0,2,26,2,30,793,486,112,16,1407,0,0,0,1407
10/26/2011,CLT,NC,ASO,ES,Combined TRACON& Tower with Radar,922,537,80,13,1552,0,0,22,1,23,922,537,102,14,1575,0,0,0,1575
10/27/2011,CLT,NC,ASO,ES,Combined TRACON& Tower with Radar,945,530,69,13,1557,0,0,23,0,23,945,530,92,13,1580,0,0,0,1580
10/28/2011,CLT,NC,ASO,ES,Combined TRACON& Tower with Radar,941,528,57,3,1529,0,0,16,2,18,941,528,73,5,1547,0,0,0,1547
10/29/2011,CLT,NC,ASO,ES,Combined TRACON& Tower with Radar,707,444,17,1,1169,0,0,9,0,9,707,444,26,1,1178,0,0,0,1178
10/30/2011,CLT,NC,ASO,ES,Combined TRACON& Tower with Radar,855,476,64,1,1396,0,1,29,2,32,855,477,93,3,1428,0,0,0,1428
10/31/2011,CLT,NC,ASO,ES,Combined TRACON& Tower with Radar,833,468,35,3,1339,0,0,18,0,18,833,468,53,3,1357,0,0,0,1357
11/01/2011,CLT,NC,ASO,ES,Combined TRACON& Tower with Radar,928,549,70,19,1566,0,2,27,0,29,928,551,97,19,1595,0,0,0,1595
11/02/2011,CLT,NC,ASO,ES,Combined TRACON& Tower with Radar,935,538,59,12,1544,0,2,28,0,30,935,540,87,12,1574,0,0,0,1574
11/03/2011,CLT,NC,ASO,ES,Combined TRACON& Tower with Radar,952,537,62,17,1568,0,0,6,0,6,952,537,68,17,1574,0,0,0,1574
11/04/2011,CLT,NC,ASO,ES,Combined TRACON& Tower with Radar,956,532,58,6,1552,0,1,9,0,10,956,533,67,6,1562,0,0,0,1562
11/05/2011,CLT,NC,ASO,ES,Combined TRACON& Tower with Radar,854,479,24,9,1366,0,1,9,0,10,854,480,33,9,1376,0,0,0,1376
11/06/2011,CLT,NC,ASO,ES,Combined TRACON& Tower with Radar,858,466,47,5,1376,0,0,5,0,5,858,466,52,5,1381,0,0,0,1381
11/07/2011,CLT,NC,ASO,ES,Combined TRACON& Tower with Radar,830,464,61,3,1358,0,1,22,0,23,830,465,83,3,1381,0,0,0,1381
11/08/2011,CLT,NC,ASO,ES,Combined TRACON& Tower with Radar,927,547,50,8,1532,0,0,23,0,23,927,547,73,8,1555,0,0,0,1555
11/09/2011,CLT,NC,ASO,ES,Combined TRACON& Tower with Radar,939,528,84,10,1561,0,1,31,0,32,939,529,115,10,1593,0,0,0,1593
11/10/2011,CLT,NC,ASO,ES,Combined TRACON& Tower with Radar,950,525,70,6,1551,0,2,8,0,10,950,527,78,6,1561,0,0,0,1561
11/11/2011,CLT,NC,ASO,ES,Combined TRACON& Tower with Radar,955,502,49,2,1508,0,1,15,0,16,955,503,64,2,1524,0,0,0,1524
11/12/2011,CLT,NC,ASO,ES,Combined TRACON& Tower with Radar,849,494,21,1,1365,0,1,21,1,23,849,495,42,2,1388,0,0,0,1388
11/13/2011,CLT,NC,ASO,ES,Combined TRACON& Tower with Radar,845,487,59,3,1394,0,1,9,0,10,845,488,68,3,1404,0,0,0,1404
11/14/2011,CLT,NC,ASO,ES,Combined TRACON& Tower with Radar,837,486,63,2,1388,0,1,14,0,15,837,487,77,2,1403,0,0,0,1403
11/15/2011,CLT,NC,ASO,ES,Combined TRACON& Tower with Radar,924,536,74,11,1545,0,0,26,0,26,924,536,100,11,1571,0,0,0,1571
11/16/2011,CLT,NC,ASO,ES,Combined TRACON& Tower with Radar,933,539,85,5,1562,0,0,14,0,14,933,539,99,5,1576,0,0,0,1576
11/17/2011,CLT,NC,ASO,ES,Combined TRACON& Tower with Radar,951,548,70,8,1577,0,2,21,2,25,951,550,91,10,1602,0,0,0,1602
11/18/2011,CLT,NC,ASO,ES,Combined TRACON& Tower with Radar,957,539,63,4,1563,0,0,31,0,31,957,539,94,4,1594,0,0,0,1594
11/19/2011,CLT,NC,ASO,ES,Combined TRACON& Tower with Radar,844,508,28,1,1381,0,0,12,0,12,844,508,40,1,1393,0,0,0,1393
11/20/2011,CLT,NC,ASO,ES,Combined TRACON& Tower with Radar,847,475,39,0,1361,0,1,4,0,5,847,476,43,0,1366,0,0,0,1366
11/21/2011,CLT,NC,ASO,ES,Combined TRACON& Tower with Radar,818,478,57,10,1363,0,1,7,0,8,818,479,64,10,1371,0,0,0,1371
11/22/2011,CLT,NC,ASO,ES,Combined TRACON& Tower with Radar,939,537,78,8,1562,0,0,14,0,14,939,537,92,8,1576,0,0,0,1576
11/23/2011,CLT,NC,ASO,ES,Combined TRACON& Tower with Radar,965,561,43,0,1569,0,1,14,0,15,965,562,57,0,1584,0,0,0,1584
11/24/2011,CLT,NC,ASO,ES,Combined TRACON& Tower with Radar,522,269,16,0,807,0,0,5,0,5,522,269,21,0,812,0,0,0,812
11/25/2011,CLT,NC,ASO,ES,Combined TRACON& Tower with Radar,848,466,19,0,1333,0,0,15,0,15,848,466,34,0,1348,0,0,0,1348
11/26/2011,CLT,NC,ASO,ES,Combined TRACON& Tower with Radar,872,517,23,0,1412,0,1,11,0,12,872,518,34,0,1424,0,0,0,1424
11/27/2011,CLT,NC,ASO,ES,Combined TRACON& Tower with Radar,926,526,36,0,1488,0,1,7,0,8,926,527,43,0,1496,0,0,0,1496
11/28/2011,CLT,NC,ASO,ES,Combined TRACON& Tower with Radar,969,528,47,1,1545,0,0,6,0,6,969,528,53,1,1551,0,0,0,1551
11/29/2011,CLT,NC,ASO,ES,Combined TRACON& Tower with Radar,831,461,52,4,1348,0,1,8,0,9,831,462,60,4,1357,0,0,0,1357
11/30/2011,CLT,NC,ASO,ES,Combined TRACON& Tower with Radar,818,490,71,6,1385,0,2,27,0,29,818,492,98,6,1414,0,0,0,1414
12/01/2011,CLT,NC,ASO,ES,Combined TRACON& Tower with Radar,941,542,65,5,1553,0,1,17,0,18,941,543,82,5,1571,0,0,0,1571
12/02/2011,CLT,NC,ASO,ES,Combined TRACON& Tower with Radar,936,535,58,5,1534,0,1,24,4,29,936,536,82,9,1563,0,0,0,1563
12/03/2011,CLT,NC,ASO,ES,Combined TRACON& Tower with Radar,709,463,40,5,1217,0,1,7,0,8,709,464,47,5,1225,0,0,0,1225
12/04/2011,CLT,NC,ASO,ES,Combined TRACON& Tower with Radar,832,472,56,7,1367,0,3,8,2,13,832,475,64,9,1380,0,0,0,1380
12/05/2011,CLT,NC,ASO,ES,Combined TRACON& Tower with Radar,808,466,67,3,1344,0,0,7,0,7,808,466,74,3,1351,0,0,0,1351
12/06/2011,CLT,NC,ASO,ES,Combined TRACON& Tower with Radar,796,488,57,4,1345,0,1,19,0,20,796,489,76,4,1365,0,0,0,1365
12/07/2011,CLT,NC,ASO,ES,Combined TRACON& Tower with Radar,809,493,60,10,1372,0,1,4,0,5,809,494,64,10,1377,0,0,0,1377
12/08/2011,CLT,NC,ASO,ES,Combined TRACON& Tower with Radar,945,538,62,4,1549,0,2,27,0,29,945,540,89,4,1578,0,0,0,1578
12/09/2011,CLT,NC,ASO,ES,Combined TRACON& Tower with Radar,931,528,64,0,1523,0,3,14,0,17,931,531,78,0,1540,0,0,0,1540
12/10/2011,CLT,NC,ASO,ES,Combined TRACON& Tower with Radar,727,461,26,3,1217,0,0,6,0,6,727,461,32,3,1223,0,0,0,1223
12/11/2011,CLT,NC,ASO,ES,Combined TRACON& Tower with Radar,838,463,48,5,1354,0,1,15,2,18,838,464,63,7,1372,0,0,0,1372
12/12/2011,CLT,NC,ASO,ES,Combined TRACON& Tower with Radar,823,473,49,2,1347,0,0,6,0,6,823,473,55,2,1353,0,0,0,1353
12/13/2011,CLT,NC,ASO,ES,Combined TRACON& Tower with Radar,800,491,59,5,1355,0,0,21,0,21,800,491,80,5,1376,0,0,0,1376
12/14/2011,CLT,NC,ASO,ES,Combined TRACON& Tower with Radar,807,482,62,4,1355,0,0,14,2,16,807,482,76,6,1371,0,0,0,1371
12/15/2011,CLT,NC,ASO,ES,Combined TRACON& Tower with Radar,946,531,71,6,1554,0,0,18,0,18,946,531,89,6,1572,0,0,0,1572
12/16/2011,CLT,NC,ASO,ES,Combined TRACON& Tower with Radar,973,542,68,0,1583,0,2,6,0,8,973,544,74,0,1591,0,0,0,1591
12/17/2011,CLT,NC,ASO,ES,Combined TRACON& Tower with Radar,893,490,23,2,1408,0,1,11,1,13,893,491,34,3,1421,0,0,0,1421
12/18/2011,CLT,NC,ASO,ES,Combined TRACON& Tower with Radar,937,514,32,1,1484,0,3,9,2,14,937,517,41,3,1498,0,0,0,1498
12/19/2011,CLT,NC,ASO,ES,Combined TRACON& Tower with Radar,967,540,59,8,1574,0,1,18,2,21,967,541,77,10,1595,0,0,0,1595
12/20/2011,CLT,NC,ASO,ES,Combined TRACON& Tower with Radar,980,541,60,12,1593,0,2,25,0,27,980,543,85,12,1620,0,0,0,1620
12/21/2011,CLT,NC,ASO,ES,Combined TRACON& Tower with Radar,984,527,42,3,1556,0,0,0,0,0,984,527,42,3,1556,0,0,0,1556
12/22/2011,CLT,NC,ASO,ES,Combined TRACON& Tower with Radar,991,525,41,3,1560,0,0,0,0,0,991,525,41,3,1560,0,0,0,1560
12/23/2011,CLT,NC,ASO,ES,Combined TRACON& Tower with Radar,985,541,37,0,1563,0,0,21,0,21,985,541,58,0,1584,0,0,0,1584
12/24/2011,CLT,NC,ASO,ES,Combined TRACON& Tower with Radar,880,488,14,0,1382,0,2,8,0,10,880,490,22,0,1392,0,0,0,1392
12/25/2011,CLT,NC,ASO,ES,Combined TRACON& Tower with Radar,798,438,9,0,1245,0,1,5,0,6,798,439,14,0,1251,0,0,0,1251
12/26/2011,CLT,NC,ASO,ES,Combined TRACON& Tower with Radar,955,589,29,0,1573,0,1,5,0,6,955,590,34,0,1579,0,0,0,1579
12/27/2011,CLT,NC,ASO,ES,Combined TRACON& Tower with Radar,966,589,32,0,1587,0,0,3,0,3,966,589,35,0,1590,0,0,0,1590
12/28/2011,CLT,NC,ASO,ES,Combined TRACON& Tower with Radar,984,618,50,0,1652,0,0,13,0,13,984,618,63,0,1665,0,0,0,1665
12/29/2011,CLT,NC,ASO,ES,Combined TRACON& Tower with Radar,982,590,30,0,1602,0,1,19,0,20,982,591,49,0,1622,0,0,0,1622
12/30/2011,CLT,NC,ASO,ES,Combined TRACON& Tower with Radar,972,590,21,0,1583,0,0,15,0,15,972,590,36,0,1598,0,0,0,1598
12/31/2011,CLT,NC,ASO,ES,Combined TRACON& Tower with Radar,875,495,14,0,1384,0,3,20,0,23,875,498,34,0,1407,0,0,0,1407
01/01/2012,CLT,NC,ASO,ES,Combined TRACON& Tower with Radar,844,474,33,0,1351,0,1,8,0,9,844,475,41,0,1360,0,0,0,1360
01/02/2012,CLT,NC,ASO,ES,Combined TRACON& Tower with Radar,962,527,28,0,1517,0,1,8,0,9,962,528,36,0,1526,0,0,0,1526
01/03/2012,CLT,NC,ASO,ES,Combined TRACON& Tower with Radar,955,560,42,2,1559,0,0,14,0,14,955,560,56,2,1573,0,0,0,1573
01/04/2012,CLT,NC,ASO,ES,Combined TRACON& Tower with Radar,990,500,32,6,1528,0,3,13,0,16,990,503,45,6,1544,0,0,0,1544
01/05/2012,CLT,NC,ASO,ES,Combined TRACON& Tower with Radar,995,486,39,6,1526,0,0,19,0,19,995,486,58,6,1545,0,0,0,1545
01/06/2012,CLT,NC,ASO,ES,Combined TRACON& Tower with Radar,995,486,60,7,1548,0,1,18,0,19,995,487,78,7,1567,0,0,0,1567
01/07/2012,CLT,NC,ASO,ES,Combined TRACON& Tower with Radar,874,450,18,0,1342,0,0,7,0,7,874,450,25,0,1349,0,0,0,1349
01/08/2012,CLT,NC,ASO,ES,Combined TRACON& Tower with Radar,954,441,19,6,1420,0,1,7,1,9,954,442,26,7,1429,0,0,0,1429
01/09/2012,CLT,NC,ASO,ES,Combined TRACON& Tower with Radar,862,424,44,0,1330,0,0,0,0,0,862,424,44,0,1330,0,0,0,1330
01/10/2012,CLT,NC,ASO,ES,Combined TRACON& Tower with Radar,855,440,48,3,1346,0,0,15,0,15,855,440,63,3,1361,0,0,0,1361
01/11/2012,CLT,NC,ASO,ES,Combined TRACON& Tower with Radar,977,487,66,2,1532,0,0,5,0,5,977,487,71,2,1537,0,0,0,1537
01/12/2012,CLT,NC,ASO,ES,Combined TRACON& Tower with Radar,980,481,52,6,1519,0,0,13,0,13,980,481,65,6,1532,0,0,0,1532
01/13/2012,CLT,NC,ASO,ES,Combined TRACON& Tower with Radar,991,483,50,0,1524,0,0,12,1,13,991,483,62,1,1537,0,0,0,1537
01/14/2012,CLT,NC,ASO,ES,Combined TRACON& Tower with Radar,876,448,19,0,1343,0,1,15,0,16,876,449,34,0,1359,0,0,0,1359
01/15/2012,CLT,NC,ASO,ES,Combined TRACON& Tower with Radar,952,437,24,0,1413,0,0,9,0,9,952,437,33,0,1422,0,0,0,1422
01/16/2012,CLT,NC,ASO,ES,Combined TRACON& Tower with Radar,859,407,31,0,1297,0,0,9,0,9,859,407,40,0,1306,0,0,0,1306
01/17/2012,CLT,NC,ASO,ES,Combined TRACON& Tower with Radar,855,416,71,1,1343,0,0,8,0,8,855,416,79,1,1351,0,0,0,1351
01/18/2012,CLT,NC,ASO,ES,Combined TRACON& Tower with Radar,982,481,82,6,1551,0,1,24,1,26,982,482,106,7,1577,0,0,0,1577
01/19/2012,CLT,NC,ASO,ES,Combined TRACON& Tower with Radar,995,483,71,4,1553,0,2,24,0,26,995,485,95,4,1579,0,0,0,1579
01/20/2012,CLT,NC,ASO,ES,Combined TRACON& Tower with Radar,977,486,71,1,1535,0,0,17,0,17,977,486,88,1,1552,0,0,0,1552
01/21/2012,CLT,NC,ASO,ES,Combined TRACON& Tower with Radar,865,449,14,0,1328,0,0,0,0,0,865,449,14,0,1328,0,0,0,1328
01/22/2012,CLT,NC,ASO,ES,Combined TRACON& Tower with Radar,941,444,31,5,1421,0,0,0,0,0,941,444,31,5,1421,0,0,0,1421
01/23/2012,CLT,NC,ASO,ES,Combined TRACON& Tower with Radar,848,364,47,1,1260,0,0,0,0,0,848,364,47,1,1260,0,0,0,1260
01/24/2012,CLT,NC,ASO,ES,Combined TRACON& Tower with Radar,856,430,80,4,1370,0,1,14,0,15,856,431,94,4,1385,0,0,0,1385
01/25/2012,CLT,NC,ASO,ES,Combined TRACON& Tower with Radar,982,490,62,6,1540,0,1,20,1,22,982,491,82,7,1562,0,0,0,1562
01/26/2012,CLT,NC,ASO,ES,Combined TRACON& Tower with Radar,989,499,78,4,1570,0,1,3,0,4,989,500,81,4,1574,0,0,0,1574
01/27/2012,CLT,NC,ASO,ES,Combined TRACON& Tower with Radar,979,493,48,1,1521,0,0,15,2,17,979,493,63,3,1538,0,0,0,1538
01/28/2012,CLT,NC,ASO,ES,Combined TRACON& Tower with Radar,889,440,23,0,1352,0,2,19,0,21,889,442,42,0,1373,0,0,0,1373
01/29/2012,CLT,NC,ASO,ES,Combined TRACON& Tower with Radar,952,453,33,1,1439,0,0,14,0,14,952,453,47,1,1453,0,0,0,1453
01/30/2012,CLT,NC,ASO,ES,Combined TRACON& Tower with Radar,870,428,62,2,1362,0,0,24,0,24,870,428,86,2,1386,0,0,0,1386
01/31/2012,CLT,NC,ASO,ES,Combined TRACON& Tower with Radar,856,439,50,5,1350,0,0,18,0,18,856,439,68,5,1368,0,0,0,1368
02/01/2012,CLT,NC,ASO,ES,Combined TRACON& Tower with Radar,974,486,48,4,1512,0,1,20,0,21,974,487,68,4,1533,0,0,0,1533
02/02/2012,CLT,NC,ASO,ES,Combined TRACON& Tower with Radar,987,482,51,5,1525,0,1,21,0,22,987,483,72,5,1547,0,0,0,1547
02/03/2012,CLT,NC,ASO,ES,Combined TRACON& Tower with Radar,978,486,64,2,1530,0,2,31,0,33,978,488,95,2,1563,0,0,0,1563
02/04/2012,CLT,NC,ASO,ES,Combined TRACON& Tower with Radar,878,438,19,2,1337,0,1,4,0,5,878,439,23,2,1342,0,0,0,1342
02/05/2012,CLT,NC,ASO,ES,Combined TRACON& Tower with Radar,952,453,17,2,1424,0,0,3,0,3,952,453,20,2,1427,0,0,0,1427
02/06/2012,CLT,NC,ASO,ES,Combined TRACON& Tower with Radar,863,438,62,0,1363,0,2,20,0,22,863,440,82,0,1385,0,0,0,1385
02/07/2012,CLT,NC,ASO,ES,Combined TRACON& Tower with Radar,865,445,79,9,1398,0,2,22,1,25,865,447,101,10,1423,0,0,0,1423
02/08/2012,CLT,NC,ASO,ES,Combined TRACON& Tower with Radar,978,475,64,13,1530,0,0,15,2,17,978,475,79,15,1547,0,0,0,1547
02/09/2012,CLT,NC,ASO,ES,Combined TRACON& Tower with Radar,982,482,70,10,1544,0,1,22,1,24,982,483,92,11,1568,0,0,0,1568
02/10/2012,CLT,NC,ASO,ES,Combined TRACON& Tower with Radar,975,482,51,4,1512,0,2,16,0,18,975,484,67,4,1530,0,0,0,1530
02/11/2012,CLT,NC,ASO,ES,Combined TRACON& Tower with Radar,872,457,14,0,1343,0,2,11,0,13,872,459,25,0,1356,0,0,0,1356
02/12/2012,CLT,NC,ASO,ES,Combined TRACON& Tower with Radar,945,455,24,4,1428,0,0,19,0,19,945,455,43,4,1447,0,0,0,1447
02/13/2012,CLT,NC,ASO,ES,Combined TRACON& Tower with Radar,858,430,42,3,1333,0,1,25,0,26,858,431,67,3,1359,0,0,0,1359
02/14/2012,CLT,NC,ASO,ES,Combined TRACON& Tower with Radar,855,450,51,8,1364,0,0,13,0,13,855,450,64,8,1377,0,0,0,1377
02/15/2012,CLT,NC,ASO,ES,Combined TRACON& Tower with Radar,969,499,63,6,1537,0,0,17,3,20,969,499,80,9,1557,0,0,0,1557
02/16/2012,CLT,NC,ASO,ES,Combined TRACON& Tower with Radar,978,502,56,7,1543,0,0,2,0,2,978,502,58,7,1545,0,0,0,1545
02/17/2012,CLT,NC,ASO,ES,Combined TRACON& Tower with Radar,970,514,60,1,1545,0,0,18,0,18,970,514,78,1,1563,0,0,0,1563
02/18/2012,CLT,NC,ASO,ES,Combined TRACON& Tower with Radar,868,483,19,2,1372,0,1,14,0,15,868,484,33,2,1387,0,0,0,1387
02/19/2012,CLT,NC,ASO,ES,Combined TRACON& Tower with Radar,936,459,31,1,1427,0,0,0,0,0,936,459,31,1,1427,0,0,0,1427
02/20/2012,CLT,NC,ASO,ES,Combined TRACON& Tower with Radar,969,505,51,2,1527,0,0,20,0,20,969,505,71,2,1547,0,0,0,1547
02/21/2012,CLT,NC,ASO,ES,Combined TRACON& Tower with Radar,973,529,55,0,1557,0,1,24,2,27,973,530,79,2,1584,0,0,0,1584
02/22/2012,CLT,NC,ASO,ES,Combined TRACON& Tower with Radar,974,524,78,5,1581,0,3,18,0,21,974,527,96,5,1602,0,0,0,1602
02/23/2012,CLT,NC,ASO,ES,Combined TRACON& Tower with Radar,990,530,66,9,1595,0,0,30,0,30,990,530,96,9,1625,0,0,0,1625
02/24/2012,CLT,NC,ASO,ES,Combined TRACON& Tower with Radar,969,493,48,4,1514,0,1,3,0,4,969,494,51,4,1518,0,0,0,1518
02/25/2012,CLT,NC,ASO,ES,Combined TRACON& Tower with Radar,882,476,18,3,1379,1,0,9,0,10,883,476,27,3,1389,0,0,0,1389
02/26/2012,CLT,NC,ASO,ES,Combined TRACON& Tower with Radar,949,481,37,0,1467,0,1,12,0,13,949,482,49,0,1480,0,0,0,1480
02/27/2012,CLT,NC,ASO,ES,Combined TRACON& Tower with Radar,982,498,63,0,1543,0,0,8,0,8,982,498,71,0,1551,0,0,0,1551
02/28/2012,CLT,NC,ASO,ES,Combined TRACON& Tower with Radar,964,480,63,3,1510,0,1,27,0,28,964,481,90,3,1538,0,0,0,1538
02/29/2012,CLT,NC,ASO,ES,Combined TRACON& Tower with Radar,966,521,64,6,1557,0,0,8,0,8,966,521,72,6,1565,0,0,0,1565
03/01/2012,CLT,NC,ASO,ES,Combined TRACON& Tower with Radar,980,509,58,2,1549,0,0,19,0,19,980,509,77,2,1568,0,0,0,1568
03/02/2012,CLT,NC,ASO,ES,Combined TRACON& Tower with Radar,965,515,50,2,1532,0,0,10,0,10,965,515,60,2,1542,0,0,0,1542
03/03/2012,CLT,NC,ASO,ES,Combined TRACON& Tower with Radar,876,489,16,0,1381,0,0,17,0,17,876,489,33,0,1398,0,0,0,1398
03/04/2012,CLT,NC,ASO,ES,Combined TRACON& Tower with Radar,960,477,36,1,1474,0,0,9,4,13,960,477,45,5,1487,0,0,0,1487
03/05/2012,CLT,NC,ASO,ES,Combined TRACON& Tower with Radar,994,502,45,4,1545,0,0,6,0,6,994,502,51,4,1551,0,0,0,1551
03/06/2012,CLT,NC,ASO,ES,Combined TRACON& Tower with Radar,982,503,60,8,1553,0,0,15,0,15,982,503,75,8,1568,0,0,0,1568
03/07/2012,CLT,NC,ASO,ES,Combined TRACON& Tower with Radar,987,492,50,6,1535,0,2,16,3,21,987,494,66,9,1556,0,0,0,1556
03/08/2012,CLT,NC,ASO,ES,Combined TRACON& Tower with Radar,1002,497,73,4,1576,0,2,27,0,29,1002,499,100,4,1605,0,0,0,1605
03/09/2012,CLT,NC,ASO,ES,Combined TRACON& Tower with Radar,1006,505,59,2,1572,0,0,20,0,20,1006,505,79,2,1592,0,0,0,1592
03/10/2012,CLT,NC,ASO,ES,Combined TRACON& Tower with Radar,891,482,22,0,1395,0,1,16,0,17,891,483,38,0,1412,0,0,0,1412
03/11/2012,CLT,NC,ASO,ES,Combined TRACON& Tower with Radar,966,476,32,0,1474,0,1,5,0,6,966,477,37,0,1480,0,0,0,1480
03/12/2012,CLT,NC,ASO,ES,Combined TRACON& Tower with Radar,1000,493,49,0,1542,0,0,21,0,21,1000,493,70,0,1563,0,0,0,1563
03/13/2012,CLT,NC,ASO,ES,Combined TRACON& Tower with Radar,977,507,65,8,1557,0,2,32,0,34,977,509,97,8,1591,0,0,0,1591
03/14/2012,CLT,NC,ASO,ES,Combined TRACON& Tower with Radar,1004,493,71,5,1573,0,0,26,0,26,1004,493,97,5,1599,0,0,0,1599
03/15/2012,CLT,NC,ASO,ES,Combined TRACON& Tower with Radar,1001,502,59,6,1568,0,3,23,0,26,1001,505,82,6,1594,0,0,0,1594
03/16/2012,CLT,NC,ASO,ES,Combined TRACON& Tower with Radar,1014,497,49,4,1564,0,1,37,0,38,1014,498,86,4,1602,0,0,0,1602
03/17/2012,CLT,NC,ASO,ES,Combined TRACON& Tower with Radar,901,478,14,1,1394,0,4,5,0,9,901,482,19,1,1403,0,0,0,1403
03/18/2012,CLT,NC,ASO,ES,Combined TRACON& Tower with Radar,956,472,40,1,1469,0,0,4,0,4,956,472,44,1,1473,0,0,0,1473
03/19/2012,CLT,NC,ASO,ES,Combined TRACON& Tower with Radar,962,438,76,0,1476,0,0,10,2,12,962,438,86,2,1488,0,0,0,1488
03/20/2012,CLT,NC,ASO,ES,Combined TRACON& Tower with Radar,972,506,52,2,1532,0,0,13,4,17,972,506,65,6,1549,0,0,0,1549
03/21/2012,CLT,NC,ASO,ES,Combined TRACON& Tower with Radar,984,512,65,6,1567,0,1,20,2,23,984,513,85,8,1590,0,0,0,1590
03/22/2012,CLT,NC,ASO,ES,Combined TRACON& Tower with Radar,1003,501,53,7,1564,0,1,38,9,48,1003,502,91,16,1612,0,0,0,1612
03/23/2012,CLT,NC,ASO,ES,Combined TRACON& Tower with Radar,1003,490,51,2,1546,0,4,16,1,21,1003,494,67,3,1567,0,0,0,1567
03/24/2012,CLT,NC,ASO,ES,Combined TRACON& Tower with Radar,885,465,26,0,1376,0,0,4,0,4,885,465,30,0,1380,0,0,0,1380
03/25/2012,CLT,NC,ASO,ES,Combined TRACON& Tower with Radar,945,520,38,1,1504,0,1,7,0,8,945,521,45,1,1512,0,0,0,1512
03/26/2012,CLT,NC,ASO,ES,Combined TRACON& Tower with Radar,993,496,37,3,1529,0,0,16,0,16,993,496,53,3,1545,0,0,0,1545
03/27/2012,CLT,NC,ASO,ES,Combined TRACON& Tower with Radar,977,527,61,8,1573,0,4,16,0,20,977,531,77,8,1593,0,0,0,1593
03/28/2012,CLT,NC,ASO,ES,Combined TRACON& Tower with Radar,982,522,73,6,1583,0,1,15,0,16,982,523,88,6,1599,0,0,0,1599
03/29/2012,CLT,NC,ASO,ES,Combined TRACON& Tower with Radar,1006,511,70,2,1589,0,1,31,0,32,1006,512,101,2,1621,0,0,0,1621
03/30/2012,CLT,NC,ASO,ES,Combined TRACON& Tower with Radar,1010,499,48,5,1562,0,0,24,0,24,1010,499,72,5,1586,0,0,0,1586
03/31/2012,CLT,NC,ASO,ES,Combined TRACON& Tower with Radar,881,473,15,2,1371,0,0,15,0,15,881,473,30,2,1386,0,0,0,1386
04/01/2012,CLT,NC,ASO,ES,Combined TRACON& Tower with Radar,954,502,19,1,1476,0,0,10,0,10,954,502,29,1,1486,0,0,0,1486
04/02/2012,CLT,NC,ASO,ES,Combined TRACON& Tower with Radar,994,516,40,4,1554,0,1,19,0,20,994,517,59,4,1574,0,0,0,1574
04/03/2012,CLT,NC,ASO,ES,Combined TRACON& Tower with Radar,963,511,53,2,1529,0,0,22,0,22,963,511,75,2,1551,0,0,0,1551
04/04/2012,CLT,NC,ASO,ES,Combined TRACON& Tower with Radar,982,522,60,0,1564,0,0,13,2,15,982,522,73,2,1579,0,0,0,1579
04/05/2012,CLT,NC,ASO,ES,Combined TRACON& Tower with Radar,998,505,58,3,1564,0,0,20,0,20,998,505,78,3,1584,0,0,0,1584
04/06/2012,CLT,NC,ASO,ES,Combined TRACON& Tower with Radar,992,513,34,2,1541,0,1,16,0,17,992,514,50,2,1558,0,0,0,1558
04/07/2012,CLT,NC,ASO,ES,Combined TRACON& Tower with Radar,881,481,18,0,1380,0,0,14,0,14,881,481,32,0,1394,0,0,0,1394
04/08/2012,CLT,NC,ASO,ES,Combined TRACON& Tower with Radar,957,487,19,1,1464,0,1,11,0,12,957,488,30,1,1476,0,0,0,1476
04/09/2012,CLT,NC,ASO,ES,Combined TRACON& Tower with Radar,993,526,34,1,1554,0,0,32,0,32,993,526,66,1,1586,0,0,0,1586
04/10/2012,CLT,NC,ASO,ES,Combined TRACON& Tower with Radar,986,544,50,0,1580,0,0,24,0,24,986,544,74,0,1604,0,0,0,1604
04/11/2012,CLT,NC,ASO,ES,Combined TRACON& Tower with Radar,970,511,52,8,1541,0,1,23,0,24,970,512,75,8,1565,0,0,0,1565
04/12/2012,CLT,NC,ASO,ES,Combined TRACON& Tower with Radar,1018,512,80,6,1616,0,0,22,0,22,1018,512,102,6,1638,0,0,0,1638
04/13/2012,CLT,NC,ASO,ES,Combined TRACON& Tower with Radar,1000,503,42,7,1552,0,1,31,0,32,1000,504,73,7,1584,0,0,0,1584
04/14/2012,CLT,NC,ASO,ES,Combined TRACON& Tower with Radar,892,493,24,4,1413,0,3,25,0,28,892,496,49,4,1441,0,0,0,1441
04/15/2012,CLT,NC,ASO,ES,Combined TRACON& Tower with Radar,960,502,23,5,1490,0,4,4,0,8,960,506,27,5,1498,0,0,0,1498
04/16/2012,CLT,NC,ASO,ES,Combined TRACON& Tower with Radar,1001,497,49,3,1550,0,1,19,0,20,1001,498,68,3,1570,0,0,0,1570
04/17/2012,CLT,NC,ASO,ES,Combined TRACON& Tower with Radar,981,530,58,6,1575,0,0,29,0,29,981,530,87,6,1604,0,0,0,1604
04/18/2012,CLT,NC,ASO,ES,Combined TRACON& Tower with Radar,986,512,63,8,1569,0,0,10,0,10,986,512,73,8,1579,0,0,0,1579
04/19/2012,CLT,NC,ASO,ES,Combined TRACON& Tower with Radar,995,511,80,10,1596,0,0,19,0,19,995,511,99,10,1615,0,0,0,1615
04/20/2012,CLT,NC,ASO,ES,Combined TRACON& Tower with Radar,1000,516,54,1,1571,0,3,22,0,25,1000,519,76,1,1596,0,0,0,1596
04/21/2012,CLT,NC,ASO,ES,Combined TRACON& Tower with Radar,881,490,20,1,1392,0,0,8,0,8,881,490,28,1,1400,0,0,0,1400
04/22/2012,CLT,NC,ASO,ES,Combined TRACON& Tower with Radar,961,498,37,1,1497,0,0,2,0,2,961,498,39,1,1499,0,0,0,1499
04/23/2012,CLT,NC,ASO,ES,Combined TRACON& Tower with Radar,993,515,75,3,1586,0,2,10,1,13,993,517,85,4,1599,0,0,0,1599
04/24/2012,CLT,NC,ASO,ES,Combined TRACON& Tower with Radar,981,527,78,4,1590,0,1,26,6,33,981,528,104,10,1623,0,0,0,1623
04/25/2012,CLT,NC,ASO,ES,Combined TRACON& Tower with Radar,975,533,87,11,1606,0,0,27,0,27,975,533,114,11,1633,0,0,0,1633
04/26/2012,CLT,NC,ASO,ES,Combined TRACON& Tower with Radar,999,525,70,12,1606,0,0,20,0,20,999,525,90,12,1626,0,0,0,1626
04/27/2012,CLT,NC,ASO,ES,Combined TRACON& Tower with Radar,1014,507,52,5,1578,0,0,22,0,22,1014,507,74,5,1600,0,0,0,1600
04/28/2012,CLT,NC,ASO,ES,Combined TRACON& Tower with Radar,882,486,23,1,1392,0,0,16,0,16,882,486,39,1,1408,0,0,0,1408
04/29/2012,CLT,NC,ASO,ES,Combined TRACON& Tower with Radar,962,496,56,0,1514,0,0,4,0,4,962,496,60,0,1518,0,0,0,1518
04/30/2012,CLT,NC,ASO,ES,Combined TRACON& Tower with Radar,992,515,54,2,1563,0,1,22,0,23,992,516,76,2,1586,0,0,0,1586
05/01/2012,CLT,NC,ASO,ES,Combined TRACON& Tower with Radar,984,521,61,5,1571,0,1,35,2,38,984,522,96,7,1609,0,0,0,1609
05/02/2012,CLT,NC,ASO,ES,Combined TRACON& Tower with Radar,981,533,56,6,1576,0,1,10,0,11,981,534,66,6,1587,0,0,0,1587
05/03/2012,CLT,NC,ASO,ES,Combined TRACON& Tower with Radar,995,514,66,13,1588,0,1,27,0,28,995,515,93,13,1616,0,0,0,1616
05/04/2012,CLT,NC,ASO,ES,Combined TRACON& Tower with Radar,1001,525,56,5,1587,0,0,19,0,19,1001,525,75,5,1606,0,0,0,1606
05/05/2012,CLT,NC,ASO,ES,Combined TRACON& Tower with Radar,874,491,30,4,1399,0,0,11,0,11,874,491,41,4,1410,0,0,0,1410
05/06/2012,CLT,NC,ASO,ES,Combined TRACON& Tower with Radar,948,507,49,6,1510,0,1,10,0,11,948,508,59,6,1521,0,0,0,1521
05/07/2012,CLT,NC,ASO,ES,Combined TRACON& Tower with Radar,999,525,73,7,1604,0,0,12,1,13,999,525,85,8,1617,0,0,0,1617
05/08/2012,CLT,NC,ASO,ES,Combined TRACON& Tower with Radar,959,508,88,3,1558,0,0,9,0,9,959,508,97,3,1567,0,0,0,1567
05/09/2012,CLT,NC,ASO,ES,Combined TRACON& Tower with Radar,1038,542,99,4,1683,0,1,8,2,11,1038,543,107,6,1694,0,0,0,1694
05/10/2012,CLT,NC,ASO,ES,Combined TRACON& Tower with Radar,1014,526,86,8,1634,0,2,28,2,32,1014,528,114,10,1666,0,0,0,1666
05/11/2012,CLT,NC,ASO,ES,Combined TRACON& Tower with Radar,1005,512,31,0,1548,0,2,17,2,21,1005,514,48,2,1569,0,0,0,1569
05/12/2012,CLT,NC,ASO,ES,Combined TRACON& Tower with Radar,882,477,20,0,1379,0,0,15,0,15,882,477,35,0,1394,0,0,0,1394
05/13/2012,CLT,NC,ASO,ES,Combined TRACON& Tower with Radar,962,505,38,0,1505,0,1,4,0,5,962,506,42,0,1510,0,0,0,1510
05/14/2012,CLT,NC,ASO,ES,Combined TRACON& Tower with Radar,978,489,62,4,1533,0,0,5,0,5,978,489,67,4,1538,0,0,0,1538
05/15/2012,CLT,NC,ASO,ES,Combined TRACON& Tower with Radar,992,527,57,10,1586,0,0,14,1,15,992,527,71,11,1601,0,0,0,1601
05/16/2012,CLT,NC,ASO,ES,Combined TRACON& Tower with Radar,1005,518,56,12,1591,0,0,15,0,15,1005,518,71,12,1606,0,0,0,1606
05/17/2012,CLT,NC,ASO,ES,Combined TRACON& Tower with Radar,1007,511,88,10,1616,0,1,14,1,16,1007,512,102,11,1632,0,0,0,1632
05/18/2012,CLT,NC,ASO,ES,Combined TRACON& Tower with Radar,1004,515,71,0,1590,0,0,19,2,21,1004,515,90,2,1611,0,0,0,1611
05/19/2012,CLT,NC,ASO,ES,Combined TRACON& Tower with Radar,885,476,44,0,1405,0,5,19,4,28,885,481,63,4,1433,0,0,0,1433
05/20/2012,CLT,NC,ASO,ES,Combined TRACON& Tower with Radar,959,494,46,1,1500,0,6,9,0,15,959,500,55,1,1515,0,0,0,1515
05/21/2012,CLT,NC,ASO,ES,Combined TRACON& Tower with Radar,984,514,56,4,1558,0,2,9,0,11,984,516,65,4,1569,0,0,0,1569
05/22/2012,CLT,NC,ASO,ES,Combined TRACON& Tower with Radar,981,508,70,14,1573,0,1,10,0,11,981,509,80,14,1584,0,0,0,1584
05/23/2012,CLT,NC,ASO,ES,Combined TRACON& Tower with Radar,1017,521,77,10,1625,0,2,20,0,22,1017,523,97,10,1647,0,0,0,1647
05/24/2012,CLT,NC,ASO,ES,Combined TRACON& Tower with Radar,1004,513,71,10,1598,0,2,29,1,32,1004,515,100,11,1630,0,0,0,1630
05/25/2012,CLT,NC,ASO,ES,Combined TRACON& Tower with Radar,994,508,67,1,1570,0,2,30,0,32,994,510,97,1,1602,0,0,0,1602
05/26/2012,CLT,NC,ASO,ES,Combined TRACON& Tower with Radar,881,473,15,4,1373,0,13,25,3,41,881,486,40,7,1414,0,0,0,1414
05/27/2012,CLT,NC,ASO,ES,Combined TRACON& Tower with Radar,931,474,28,0,1433,0,31,13,2,46,931,505,41,2,1479,0,0,0,1479
05/28/2012,CLT,NC,ASO,ES,Combined TRACON& Tower with Radar,987,489,22,3,1501,0,5,31,2,38,987,494,53,5,1539,0,0,0,1539
05/29/2012,CLT,NC,ASO,ES,Combined TRACON& Tower with Radar,962,494,27,5,1488,0,0,8,0,8,962,494,35,5,1496,0,0,0,1496
05/30/2012,CLT,NC,ASO,ES,Combined TRACON& Tower with Radar,989,526,68,4,1587,0,0,22,0,22,989,526,90,4,1609,0,0,0,1609
05/31/2012,CLT,NC,ASO,ES,Combined TRACON& Tower with Radar,987,533,71,6,1597,0,0,13,0,13,987,533,84,6,1610,0,0,0,1610
06/01/2012,CLT,NC,ASO,ES,Combined TRACON& Tower with Radar,975,489,54,8,1526,0,0,8,0,8,975,489,62,8,1534,0,0,0,1534
06/02/2012,CLT,NC,ASO,ES,Combined TRACON& Tower with Radar,890,491,22,6,1409,0,3,10,1,14,890,494,32,7,1423,0,0,0,1423
06/03/2012,CLT,NC,ASO,ES,Combined TRACON& Tower with Radar,950,493,31,2,1476,0,2,10,0,12,950,495,41,2,1488,0,0,0,1488
06/04/2012,CLT,NC,ASO,ES,Combined TRACON& Tower with Radar,989,517,44,1,1551,0,2,6,0,8,989,519,50,1,1559,0,0,0,1559
06/05/2012,CLT,NC,ASO,ES,Combined TRACON& Tower with Radar,990,511,58,14,1573,0,3,19,0,22,990,514,77,14,1595,0,0,0,1595
06/06/2012,CLT,NC,ASO,ES,Combined TRACON& Tower with Radar,991,522,93,10,1616,0,0,17,0,17,991,522,110,10,1633,0,0,0,1633
06/07/2012,CLT,NC,ASO,ES,Combined TRACON& Tower with Radar,998,526,53,13,1590,0,1,24,1,26,998,527,77,14,1616,0,0,0,1616
06/08/2012,CLT,NC,ASO,ES,Combined TRACON& Tower with Radar,992,508,41,3,1544,0,0,14,0,14,992,508,55,3,1558,0,0,0,1558
06/09/2012,CLT,NC,ASO,ES,Combined TRACON& Tower with Radar,905,472,20,2,1399,0,1,12,0,13,905,473,32,2,1412,0,0,0,1412
06/10/2012,CLT,NC,ASO,ES,Combined TRACON& Tower with Radar,956,496,30,2,1484,0,0,1,0,1,956,496,31,2,1485,0,0,0,1485
06/11/2012,CLT,NC,ASO,ES,Combined TRACON& Tower with Radar,987,512,49,4,1552,0,0,5,0,5,987,512,54,4,1557,0,0,0,1557
06/12/2012,CLT,NC,ASO,ES,Combined TRACON& Tower with Radar,991,524,65,6,1586,0,1,8,0,9,991,525,73,6,1595,0,0,0,1595
06/13/2012,CLT,NC,ASO,ES,Combined TRACON& Tower with Radar,998,522,72,14,1606,0,3,19,1,23,998,525,91,15,1629,0,0,0,1629
06/14/2012,CLT,NC,ASO,ES,Combined TRACON& Tower with Radar,998,530,46,7,1581,0,1,16,4,21,998,531,62,11,1602,0,0,0,1602
06/15/2012,CLT,NC,ASO,ES,Combined TRACON& Tower with Radar,999,525,56,5,1585,0,0,15,0,15,999,525,71,5,1600,0,0,0,1600
06/16/2012,CLT,NC,ASO,ES,Combined TRACON& Tower with Radar,906,477,14,2,1399,0,1,5,0,6,906,478,19,2,1405,0,0,0,1405
06/17/2012,CLT,NC,ASO,ES,Combined TRACON& Tower with Radar,966,497,18,2,1483,0,0,6,0,6,966,497,24,2,1489,0,0,0,1489
06/18/2012,CLT,NC,ASO,ES,Combined TRACON& Tower with Radar,989,505,59,2,1555,0,1,18,0,19,989,506,77,2,1574,0,0,0,1574
06/19/2012,CLT,NC,ASO,ES,Combined TRACON& Tower with Radar,989,528,67,13,1597,0,1,29,0,30,989,529,96,13,1627,0,0,0,1627
06/20/2012,CLT,NC,ASO,ES,Combined TRACON& Tower with Radar,1004,530,70,4,1608,0,0,19,0,19,1004,530,89,4,1627,0,0,0,1627
06/21/2012,CLT,NC,ASO,ES,Combined TRACON& Tower with Radar,1005,534,54,10,1603,0,0,18,0,18,1005,534,72,10,1621,0,0,0,1621
06/22/2012,CLT,NC,ASO,ES,Combined TRACON& Tower with Radar,958,488,44,6,1496,0,0,11,0,11,958,488,55,6,1507,0,0,0,1507
06/23/2012,CLT,NC,ASO,ES,Combined TRACON& Tower with Radar,916,487,26,2,1431,0,0,11,0,11,916,487,37,2,1442,0,0,0,1442
06/24/2012,CLT,NC,ASO,ES,Combined TRACON& Tower with Radar,964,494,28,0,1486,0,0,0,0,0,964,494,28,0,1486,0,0,0,1486
06/25/2012,CLT,NC,ASO,ES,Combined TRACON& Tower with Radar,984,493,50,2,1529,0,1,11,0,12,984,494,61,2,1541,0,0,0,1541
06/26/2012,CLT,NC,ASO,ES,Combined TRACON& Tower with Radar,988,544,71,10,1613,0,1,27,2,30,988,545,98,12,1643,0,0,0,1643
06/27/2012,CLT,NC,ASO,ES,Combined TRACON& Tower with Radar,991,519,64,9,1583,0,1,26,2,29,991,520,90,11,1612,0,0,0,1612
06/28/2012,CLT,NC,ASO,ES,Combined TRACON& Tower with Radar,1003,518,63,9,1593,0,1,23,0,24,1003,519,86,9,1617,0,0,0,1617
06/29/2012,CLT,NC,ASO,ES,Combined TRACON& Tower with Radar,996,512,59,0,1567,0,2,16,0,18,996,514,75,0,1585,0,0,0,1585
06/30/2012,CLT,NC,ASO,ES,Combined TRACON& Tower with Radar,910,477,30,4,1421,0,0,13,0,13,910,477,43,4,1434,0,0,0,1434
07/01/2012,CLT,NC,ASO,ES,Combined TRACON& Tower with Radar,910,472,26,0,1408,0,1,11,3,15,910,473,37,3,1423,0,0,0,1423
07/02/2012,CLT,NC,ASO,ES,Combined TRACON& Tower with Radar,976,524,26,0,1526,0,0,19,2,21,976,524,45,2,1547,0,0,0,1547
07/03/2012,CLT,NC,ASO,ES,Combined TRACON& Tower with Radar,943,521,41,2,1507,0,0,18,1,19,943,521,59,3,1526,0,0,0,1526
07/04/2012,CLT,NC,ASO,ES,Combined TRACON& Tower with Radar,792,436,18,0,1246,0,0,14,0,14,792,436,32,0,1260,0,0,0,1260
07/05/2012,CLT,NC,ASO,ES,Combined TRACON& Tower with Radar,950,508,32,2,1492,0,0,20,0,20,950,508,52,2,1512,0,0,0,1512
07/06/2012,CLT,NC,ASO,ES,Combined TRACON& Tower with Radar,961,524,29,2,1516,0,1,16,0,17,961,525,45,2,1533,0,0,0,1533
07/07/2012,CLT,NC,ASO,ES,Combined TRACON& Tower with Radar,881,514,15,2,1412,0,0,12,0,12,881,514,27,2,1424,0,0,0,1424
07/08/2012,CLT,NC,ASO,ES,Combined TRACON& Tower with Radar,931,505,30,0,1466,0,2,8,0,10,931,507,38,0,1476,0,0,0,1476
07/09/2012,CLT,NC,ASO,ES,Combined TRACON& Tower with Radar,963,526,37,5,1531,0,0,14,0,14,963,526,51,5,1545,0,0,0,1545
07/10/2012,CLT,NC,ASO,ES,Combined TRACON& Tower with Radar,944,546,75,20,1585,0,0,15,1,16,944,546,90,21,1601,0,0,0,1601
07/11/2012,CLT,NC,ASO,ES,Combined TRACON& Tower with Radar,979,558,58,6,1601,0,2,4,1,7,979,560,62,7,1608,0,0,0,1608
07/12/2012,CLT,NC,ASO,ES,Combined TRACON& Tower with Radar,975,559,70,0,1604,0,0,6,0,6,975,559,76,0,1610,0,0,0,1610
07/13/2012,CLT,NC,ASO,ES,Combined TRACON& Tower with Radar,954,531,41,3,1529,0,1,7,1,9,954,532,48,4,1538,0,0,0,1538
07/14/2012,CLT,NC,ASO,ES,Combined TRACON& Tower with Radar,909,480,16,11,1416,0,0,5,2,7,909,480,21,13,1423,0,0,0,1423
07/15/2012,CLT,NC,ASO,ES,Combined TRACON& Tower with Radar,947,537,34,1,1519,0,0,6,2,8,947,537,40,3,1527,0,0,0,1527
07/16/2012,CLT,NC,ASO,ES,Combined TRACON& Tower with Radar,965,531,38,2,1536,0,0,14,0,14,965,531,52,2,1550,0,0,0,1550
07/17/2012,CLT,NC,ASO,ES,Combined TRACON& Tower with Radar,974,562,58,4,1598,0,2,15,2,19,974,564,73,6,1617,0,0,0,1617
07/18/2012,CLT,NC,ASO,ES,Combined TRACON& Tower with Radar,927,530,67,8,1532,0,4,27,0,31,927,534,94,8,1563,0,0,0,1563
07/19/2012,CLT,NC,ASO,ES,Combined TRACON& Tower with Radar,974,535,52,6,1567,0,2,30,0,32,974,537,82,6,1599,0,0,0,1599
07/20/2012,CLT,NC,ASO,ES,Combined TRACON& Tower with Radar,959,502,52,2,1515,0,1,10,0,11,959,503,62,2,1526,0,0,0,1526
07/21/2012,CLT,NC,ASO,ES,Combined TRACON& Tower with Radar,921,523,20,4,1468,0,0,8,0,8,921,523,28,4,1476,0,0,0,1476
07/22/2012,CLT,NC,ASO,ES,Combined TRACON& Tower with Radar,929,543,28,5,1505,0,1,7,1,9,929,544,35,6,1514,0,0,0,1514
07/23/2012,CLT,NC,ASO,ES,Combined TRACON& Tower with Radar,963,551,47,0,1561,0,1,16,0,17,963,552,63,0,1578,0,0,0,1578
07/24/2012,CLT,NC,ASO,ES,Combined TRACON& Tower with Radar,951,559,56,9,1575,0,0,22,0,22,951,559,78,9,1597,0,0,0,1597
07/25/2012,CLT,NC,ASO,ES,Combined TRACON& Tower with Radar,968,571,71,9,1619,0,0,31,0,31,968,571,102,9,1650,0,0,0,1650
07/26/2012,CLT,NC,ASO,ES,Combined TRACON& Tower with Radar,950,540,63,6,1559,0,0,10,2,12,950,540,73,8,1571,0,0,0,1571
07/27/2012,CLT,NC,ASO,ES,Combined TRACON& Tower with Radar,986,540,52,2,1580,0,0,22,0,22,986,540,74,2,1602,0,0,0,1602
07/28/2012,CLT,NC,ASO,ES,Combined TRACON& Tower with Radar,905,490,15,1,1411,0,0,16,0,16,905,490,31,1,1427,0,0,0,1427
07/29/2012,CLT,NC,ASO,ES,Combined TRACON& Tower with Radar,952,533,16,3,1504,0,2,5,1,8,952,535,21,4,1512,0,0,0,1512
07/30/2012,CLT,NC,ASO,ES,Combined TRACON& Tower with Radar,975,531,52,2,1560,0,4,26,0,30,975,535,78,2,1590,0,0,0,1590
07/31/2012,CLT,NC,ASO,ES,Combined TRACON& Tower with Radar,951,550,47,8,1556,0,0,15,2,17,951,550,62,10,1573,0,0,0,1573
08/01/2012,CLT,NC,ASO,ES,Combined TRACON& Tower with Radar,971,546,53,5,1575,0,0,14,0,14,971,546,67,5,1589,0,0,0,1589
08/02/2012,CLT,NC,ASO,ES,Combined TRACON& Tower with Radar,979,538,54,6,1577,0,1,23,1,25,979,539,77,7,1602,0,0,0,1602
08/03/2012,CLT,NC,ASO,ES,Combined TRACON& Tower with Radar,972,525,51,3,1551,0,0,16,0,16,972,525,67,3,1567,0,0,0,1567
08/04/2012,CLT,NC,ASO,ES,Combined TRACON& Tower with Radar,915,511,21,0,1447,0,0,7,0,7,915,511,28,0,1454,0,0,0,1454
08/05/2012,CLT,NC,ASO,ES,Combined TRACON& Tower with Radar,933,509,40,0,1482,0,0,2,0,2,933,509,42,0,1484,0,0,0,1484
08/06/2012,CLT,NC,ASO,ES,Combined TRACON& Tower with Radar,963,524,64,0,1551,0,2,19,1,22,963,526,83,1,1573,0,0,0,1573
08/07/2012,CLT,NC,ASO,ES,Combined TRACON& Tower with Radar,951,556,67,9,1583,0,4,11,0,15,951,560,78,9,1598,0,0,0,1598
08/08/2012,CLT,NC,ASO,ES,Combined TRACON& Tower with Radar,957,555,56,9,1577,0,2,19,0,21,957,557,75,9,1598,0,0,0,1598
08/09/2012,CLT,NC,ASO,ES,Combined TRACON& Tower with Radar,948,507,69,6,1530,0,0,27,0,27,948,507,96,6,1557,0,0,0,1557
08/10/2012,CLT,NC,ASO,ES,Combined TRACON& Tower with Radar,972,547,62,4,1585,0,0,15,0,15,972,547,77,4,1600,0,0,0,1600
08/11/2012,CLT,NC,ASO,ES,Combined TRACON& Tower with Radar,912,498,16,0,1426,0,0,4,0,4,912,498,20,0,1430,0,0,0,1430
08/12/2012,CLT,NC,ASO,ES,Combined TRACON& Tower with Radar,936,541,31,0,1508,0,2,7,0,9,936,543,38,0,1517,0,0,0,1517
08/13/2012,CLT,NC,ASO,ES,Combined TRACON& Tower with Radar,955,538,48,7,1548,0,1,23,1,25,955,539,71,8,1573,0,0,0,1573
08/14/2012,CLT,NC,ASO,ES,Combined TRACON& Tower with Radar,961,550,52,6,1569,0,1,22,1,24,961,551,74,7,1593,0,0,0,1593
08/15/2012,CLT,NC,ASO,ES,Combined TRACON& Tower with Radar,962,550,64,12,1588,0,0,18,0,18,962,550,82,12,1606,0,0,0,1606
08/16/2012,CLT,NC,ASO,ES,Combined TRACON& Tower with Radar,972,560,56,10,1598,0,0,20,1,21,972,560,76,11,1619,0,0,0,1619
08/17/2012,CLT,NC,ASO,ES,Combined TRACON& Tower with Radar,948,536,35,4,1523,0,2,19,0,21,948,538,54,4,1544,0,0,0,1544
08/18/2012,CLT,NC,ASO,ES,Combined TRACON& Tower with Radar,904,510,30,2,1446,0,1,7,0,8,904,511,37,2,1454,0,0,0,1454
08/19/2012,CLT,NC,ASO,ES,Combined TRACON& Tower with Radar,940,528,26,1,1495,0,0,4,0,4,940,528,30,1,1499,0,0,0,1499
08/20/2012,CLT,NC,ASO,ES,Combined TRACON& Tower with Radar,960,542,65,3,1570,0,1,8,0,9,960,543,73,3,1579,0,0,0,1579
08/21/2012,CLT,NC,ASO,ES,Combined TRACON& Tower with Radar,963,547,75,8,1593,0,1,13,0,14,963,548,88,8,1607,0,0,0,1607
08/22/2012,CLT,NC,ASO,ES,Combined TRACON& Tower with Radar,961,555,61,7,1584,0,3,15,0,18,961,558,76,7,1602,0,0,0,1602
08/23/2012,CLT,NC,ASO,ES,Combined TRACON& Tower with Radar,953,556,63,10,1582,0,2,27,2,31,953,558,90,12,1613,0,0,0,1613
08/24/2012,CLT,NC,ASO,ES,Combined TRACON& Tower with Radar,953,563,50,3,1569,0,2,19,2,23,953,565,69,5,1592,0,0,0,1592
08/25/2012,CLT,NC,ASO,ES,Combined TRACON& Tower with Radar,855,494,21,2,1372,0,3,12,0,15,855,497,33,2,1387,0,0,0,1387
08/26/2012,CLT,NC,ASO,ES,Combined TRACON& Tower with Radar,851,497,36,0,1384,0,1,16,6,23,851,498,52,6,1407,0,0,0,1407
08/27/2012,CLT,NC,ASO,ES,Combined TRACON& Tower with Radar,840,484,31,5,1360,0,1,29,1,31,840,485,60,6,1391,0,0,0,1391
08/28/2012,CLT,NC,ASO,ES,Combined TRACON& Tower with Radar,931,538,64,6,1539,0,1,8,0,9,931,539,72,6,1548,0,0,0,1548
08/29/2012,CLT,NC,ASO,ES,Combined TRACON& Tower with Radar,934,538,56,3,1531,0,1,16,1,18,934,539,72,4,1549,0,0,0,1549
08/30/2012,CLT,NC,ASO,ES,Combined TRACON& Tower with Radar,942,539,70,3,1554,0,1,19,0,20,942,540,89,3,1574,0,0,0,1574
08/31/2012,CLT,NC,ASO,ES,Combined TRACON& Tower with Radar,961,552,62,1,1576,0,5,19,7,31,961,557,81,8,1607,0,0,0,1607
09/01/2012,CLT,NC,ASO,ES,Combined TRACON& Tower with Radar,770,460,23,0,1253,0,1,15,3,19,770,461,38,3,1272,0,0,0,1272
09/02/2012,CLT,NC,ASO,ES,Combined TRACON& Tower with Radar,710,411,42,8,1171,0,0,32,3,35,710,411,74,11,1206,0,0,0,1206
09/03/2012,CLT,NC,ASO,ES,Combined TRACON& Tower with Radar,846,496,49,9,1400,0,0,20,0,20,846,496,69,9,1420,0,0,0,1420
09/04/2012,CLT,NC,ASO,ES,Combined TRACON& Tower with Radar,941,540,65,11,1557,0,2,10,2,14,941,542,75,13,1571,0,0,0,1571
09/05/2012,CLT,NC,ASO,ES,Combined TRACON& Tower with Radar,959,510,43,3,1515,0,4,22,2,28,959,514,65,5,1543,0,0,0,1543
09/06/2012,CLT,NC,ASO,ES,Combined TRACON& Tower with Radar,960,516,33,7,1516,0,0,21,2,23,960,516,54,9,1539,0,0,0,1539
09/07/2012,CLT,NC,ASO,ES,Combined TRACON& Tower with Radar,970,530,56,17,1573,0,3,23,5,31,970,533,79,22,1604,0,0,0,1604
09/08/2012,CLT,NC,ASO,ES,Combined TRACON& Tower with Radar,792,430,18,1,1241,0,0,0,0,0,792,430,18,1,1241,0,0,0,1241
09/09/2012,CLT,NC,ASO,ES,Combined TRACON& Tower with Radar,855,489,33,0,1377,0,1,6,0,7,855,490,39,0,1384,0,0,0,1384
09/10/2012,CLT,NC,ASO,ES,Combined TRACON& Tower with Radar,838,465,51,2,1356,0,1,19,0,20,838,466,70,2,1376,0,0,0,1376
09/11/2012,CLT,NC,ASO,ES,Combined TRACON& Tower with Radar,836,474,66,11,1387,0,6,14,1,21,836,480,80,12,1408,0,0,0,1408
09/12/2012,CLT,NC,ASO,ES,Combined TRACON& Tower with Radar,952,539,68,7,1566,0,0,15,0,15,952,539,83,7,1581,0,0,0,1581
09/13/2012,CLT,NC,ASO,ES,Combined TRACON& Tower with Radar,956,523,65,11,1555,0,0,18,1,19,956,523,83,12,1574,0,0,0,1574
09/14/2012,CLT,NC,ASO,ES,Combined TRACON& Tower with Radar,962,519,49,5,1535,0,0,25,0,25,962,519,74,5,1560,0,0,0,1560
09/15/2012,CLT,NC,ASO,ES,Combined TRACON& Tower with Radar,780,445,24,4,1253,0,2,13,0,15,780,447,37,4,1268,0,0,0,1268
09/16/2012,CLT,NC,ASO,ES,Combined TRACON& Tower with Radar,858,486,72,6,1422,0,0,2,0,2,858,486,74,6,1424,0,0,0,1424
09/17/2012,CLT,NC,ASO,ES,Combined TRACON& Tower with Radar,840,472,70,1,1383,0,0,1,0,1,840,472,71,1,1384,0,0,0,1384
09/18/2012,CLT,NC,ASO,ES,Combined TRACON& Tower with Radar,814,469,86,0,1369,0,4,13,0,17,814,473,99,0,1386,0,0,0,1386
09/19/2012,CLT,NC,ASO,ES,Combined TRACON& Tower with Radar,943,543,79,9,1574,0,0,22,2,24,943,543,101,11,1598,0,0,0,1598
09/20/2012,CLT,NC,ASO,ES,Combined TRACON& Tower with Radar,955,547,109,6,1617,0,1,16,2,19,955,548,125,8,1636,0,0,0,1636
09/21/2012,CLT,NC,ASO,ES,Combined TRACON& Tower with Radar,961,524,80,1,1566,0,0,16,0,16,961,524,96,1,1582,0,0,0,1582
09/22/2012,CLT,NC,ASO,ES,Combined TRACON& Tower with Radar,776,442,28,3,1249,0,1,13,2,16,776,443,41,5,1265,0,0,0,1265
09/23/2012,CLT,NC,ASO,ES,Combined TRACON& Tower with Radar,869,470,34,1,1374,0,1,15,0,16,869,471,49,1,1390,0,0,0,1390
09/24/2012,CLT,NC,ASO,ES,Combined TRACON& Tower with Radar,827,464,72,0,1363,0,0,18,0,18,827,464,90,0,1381,0,0,0,1381
09/25/2012,CLT,NC,ASO,ES,Combined TRACON& Tower with Radar,820,482,67,8,1377,0,2,26,1,29,820,484,93,9,1406,0,0,0,1406
09/26/2012,CLT,NC,ASO,ES,Combined TRACON& Tower with Radar,943,549,56,6,1554,0,0,11,3,14,943,549,67,9,1568,0,0,0,1568
09/27/2012,CLT,NC,ASO,ES,Combined TRACON& Tower with Radar,943,518,75,9,1545,0,1,22,0,23,943,519,97,9,1568,0,0,0,1568
09/28/2012,CLT,NC,ASO,ES,Combined TRACON& Tower with Radar,963,531,49,2,1545,0,2,24,0,26,963,533,73,2,1571,0,0,0,1571
09/29/2012,CLT,NC,ASO,ES,Combined TRACON& Tower with Radar,775,448,29,1,1253,0,0,1,0,1,775,448,30,1,1254,0,0,0,1254
09/30/2012,CLT,NC,ASO,ES,Combined TRACON& Tower with Radar,876,467,32,0,1375,0,0,1,0,1,876,467,33,0,1376,0,0,0,1376
10/01/2012,CLT,NC,ASO,ES,Combined TRACON& Tower with Radar,841,459,46,3,1349,0,0,0,0,0,841,459,46,3,1349,0,0,0,1349
10/02/2012,CLT,NC,ASO,ES,Combined TRACON& Tower with Radar,830,472,47,7,1356,0,0,11,0,11,830,472,58,7,1367,0,0,0,1367
10/03/2012,CLT,NC,ASO,ES,Combined TRACON& Tower with Radar,934,546,94,10,1584,0,0,17,0,17,934,546,111,10,1601,0,0,0,1601
10/04/2012,CLT,NC,ASO,ES,Combined TRACON& Tower with Radar,978,531,56,9,1574,0,1,19,0,20,978,532,75,9,1594,0,0,0,1594
10/05/2012,CLT,NC,ASO,ES,Combined TRACON& Tower with Radar,978,517,58,3,1556,0,0,23,0,23,978,517,81,3,1579,0,0,0,1579
10/06/2012,CLT,NC,ASO,ES,Combined TRACON& Tower with Radar,782,452,29,1,1264,0,0,10,0,10,782,452,39,1,1274,0,0,0,1274
10/07/2012,CLT,NC,ASO,ES,Combined TRACON& Tower with Radar,878,491,51,0,1420,0,0,3,0,3,878,491,54,0,1423,0,0,0,1423
10/08/2012,CLT,NC,ASO,ES,Combined TRACON& Tower with Radar,972,524,50,0,1546,0,0,10,0,10,972,524,60,0,1556,0,0,0,1556
10/09/2012,CLT,NC,ASO,ES,Combined TRACON& Tower with Radar,910,526,60,8,1504,0,1,18,0,19,910,527,78,8,1523,0,0,0,1523
10/10/2012,CLT,NC,ASO,ES,Combined TRACON& Tower with Radar,975,557,84,7,1623,0,0,22,0,22,975,557,106,7,1645,0,0,0,1645
10/11/2012,CLT,NC,ASO,ES,Combined TRACON& Tower with Radar,977,537,67,2,1583,0,1,15,0,16,977,538,82,2,1599,0,0,0,1599
10/12/2012,CLT,NC,ASO,ES,Combined TRACON& Tower with Radar,979,533,62,3,1577,0,2,22,1,25,979,535,84,4,1602,0,0,0,1602
10/13/2012,CLT,NC,ASO,ES,Combined TRACON& Tower with Radar,784,444,29,1,1258,0,30,9,3,42,784,474,38,4,1300,0,0,0,1300
10/14/2012,CLT,NC,ASO,ES,Combined TRACON& Tower with Radar,868,471,41,4,1384,0,5,9,0,14,868,476,50,4,1398,0,0,0,1398
10/15/2012,CLT,NC,ASO,ES,Combined TRACON& Tower with Radar,976,518,87,0,1581,0,2,14,0,16,976,520,101,0,1597,0,0,0,1597
10/16/2012,CLT,NC,ASO,ES,Combined TRACON& Tower with Radar,955,543,77,6,1581,0,5,26,0,31,955,548,103,6,1612,0,0,0,1612
10/17/2012,CLT,NC,ASO,ES,Combined TRACON& Tower with Radar,962,528,86,9,1585,0,1,14,0,15,962,529,100,9,1600,0,0,0,1600
10/18/2012,CLT,NC,ASO,ES,Combined TRACON& Tower with Radar,980,544,83,6,1613,0,0,12,0,12,980,544,95,6,1625,0,0,0,1625
10/19/2012,CLT,NC,ASO,ES,Combined TRACON& Tower with Radar,963,489,72,5,1529,0,1,12,1,14,963,490,84,6,1543,0,0,0,1543
10/20/2012,CLT,NC,ASO,ES,Combined TRACON& Tower with Radar,788,466,21,0,1275,0,1,13,0,14,788,467,34,0,1289,0,0,0,1289
10/21/2012,CLT,NC,ASO,ES,Combined TRACON& Tower with Radar,879,494,79,1,1453,0,1,21,4,26,879,495,100,5,1479,0,0,0,1479
10/22/2012,CLT,NC,ASO,ES,Combined TRACON& Tower with Radar,973,528,42,2,1545,0,0,25,0,25,973,528,67,2,1570,0,0,0,1570
10/23/2012,CLT,NC,ASO,ES,Combined TRACON& Tower with Radar,949,535,59,8,1551,0,3,28,0,31,949,538,87,8,1582,0,0,0,1582
10/24/2012,CLT,NC,ASO,ES,Combined TRACON& Tower with Radar,955,540,69,10,1574,0,0,23,0,23,955,540,92,10,1597,0,0,0,1597
10/25/2012,CLT,NC,ASO,ES,Combined TRACON& Tower with Radar,974,540,74,8,1596,0,0,16,0,16,974,540,90,8,1612,0,0,0,1612
10/26/2012,CLT,NC,ASO,ES,Combined TRACON& Tower with Radar,966,524,84,2,1576,0,0,21,0,21,966,524,105,2,1597,0,0,0,1597
10/27/2012,CLT,NC,ASO,ES,Combined TRACON& Tower with Radar,779,467,20,1,1267,0,2,9,0,11,779,469,29,1,1278,0,0,0,1278
10/28/2012,CLT,NC,ASO,ES,Combined TRACON& Tower with Radar,850,483,47,0,1380,0,0,4,0,4,850,483,51,0,1384,0,0,0,1384
10/29/2012,CLT,NC,ASO,ES,Combined TRACON& Tower with Radar,651,385,44,8,1088,0,0,6,0,6,651,385,50,8,1094,0,0,0,1094
10/30/2012,CLT,NC,ASO,ES,Combined TRACON& Tower with Radar,730,472,69,17,1288,0,0,17,2,19,730,472,86,19,1307,0,0,0,1307
10/31/2012,CLT,NC,ASO,ES,Combined TRACON& Tower with Radar,734,453,31,2,1220,0,1,11,0,12,734,454,42,2,1232,0,0,0,1232
11/01/2012,CLT,NC,ASO,ES,Combined TRACON& Tower with Radar,938,536,60,3,1537,0,4,11,0,15,938,540,71,3,1552,0,0,0,1552
11/02/2012,CLT,NC,ASO,ES,Combined TRACON& Tower with Radar,985,532,70,6,1593,0,0,26,1,27,985,532,96,7,1620,0,0,0,1620
11/03/2012,CLT,NC,ASO,ES,Combined TRACON& Tower with Radar,918,499,27,1,1445,0,3,22,2,27,918,502,49,3,1472,0,0,0,1472
11/04/2012,CLT,NC,ASO,ES,Combined TRACON& Tower with Radar,874,480,40,7,1401,0,3,9,0,12,874,483,49,7,1413,0,0,0,1413
11/05/2012,CLT,NC,ASO,ES,Combined TRACON& Tower with Radar,863,460,40,2,1365,0,1,20,0,21,863,461,60,2,1386,0,0,0,1386
11/06/2012,CLT,NC,ASO,ES,Combined TRACON& Tower with Radar,956,510,73,10,1549,0,2,9,2,13,956,512,82,12,1562,0,0,0,1562
11/07/2012,CLT,NC,ASO,ES,Combined TRACON& Tower with Radar,927,514,62,11,1514,0,1,24,0,25,927,515,86,11,1539,0,0,0,1539
11/08/2012,CLT,NC,ASO,ES,Combined TRACON& Tower with Radar,983,527,81,14,1605,0,2,25,0,27,983,529,106,14,1632,0,0,0,1632
11/09/2012,CLT,NC,ASO,ES,Combined TRACON& Tower with Radar,993,508,51,0,1552,0,2,20,2,24,993,510,71,2,1576,0,0,0,1576
11/10/2012,CLT,NC,ASO,ES,Combined TRACON& Tower with Radar,894,492,30,2,1418,0,2,17,3,22,894,494,47,5,1440,0,0,0,1440
11/11/2012,CLT,NC,ASO,ES,Combined TRACON& Tower with Radar,889,473,69,1,1432,0,0,12,2,14,889,473,81,3,1446,0,0,0,1446
11/12/2012,CLT,NC,ASO,ES,Combined TRACON& Tower with Radar,962,518,45,3,1528,0,0,13,0,13,962,518,58,3,1541,0,0,0,1541
11/13/2012,CLT,NC,ASO,ES,Combined TRACON& Tower with Radar,962,531,69,6,1568,0,0,15,0,15,962,531,84,6,1583,0,0,0,1583
11/14/2012,CLT,NC,ASO,ES,Combined TRACON& Tower with Radar,961,531,64,6,1562,0,2,22,2,26,961,533,86,8,1588,0,0,0,1588
11/15/2012,CLT,NC,ASO,ES,Combined TRACON& Tower with Radar,982,535,74,14,1605,0,1,17,0,18,982,536,91,14,1623,0,0,0,1623
11/16/2012,CLT,NC,ASO,ES,Combined TRACON& Tower with Radar,983,532,76,3,1594,0,3,18,3,24,983,535,94,6,1618,0,0,0,1618
11/17/2012,CLT,NC,ASO,ES,Combined TRACON& Tower with Radar,897,518,30,0,1445,0,0,8,0,8,897,518,38,0,1453,0,0,0,1453
11/18/2012,CLT,NC,ASO,ES,Combined TRACON& Tower with Radar,872,492,51,3,1418,0,4,10,3,17,872,496,61,6,1435,0,0,0,1435
11/19/2012,CLT,NC,ASO,ES,Combined TRACON& Tower with Radar,847,462,59,8,1376,0,0,7,0,7,847,462,66,8,1383,0,0,0,1383
11/20/2012,CLT,NC,ASO,ES,Combined TRACON& Tower with Radar,979,551,90,14,1634,0,2,21,0,23,979,553,111,14,1657,0,0,0,1657
11/21/2012,CLT,NC,ASO,ES,Combined TRACON& Tower with Radar,1000,558,48,0,1606,0,0,29,0,29,1000,558,77,0,1635,0,0,0,1635
11/22/2012,CLT,NC,ASO,ES,Combined TRACON& Tower with Radar,531,279,10,0,820,0,7,12,0,19,531,286,22,0,839,0,0,0,839
11/23/2012,CLT,NC,ASO,ES,Combined TRACON& Tower with Radar,872,451,17,0,1340,0,7,12,0,19,872,458,29,0,1359,0,0,0,1359
11/24/2012,CLT,NC,ASO,ES,Combined TRACON& Tower with Radar,953,528,19,0,1500,0,1,3,0,4,953,529,22,0,1504,0,0,0,1504
11/25/2012,CLT,NC,ASO,ES,Combined TRACON& Tower with Radar,969,527,53,0,1549,0,2,5,0,7,969,529,58,0,1556,0,0,0,1556
11/26/2012,CLT,NC,ASO,ES,Combined TRACON& Tower with Radar,1004,523,52,0,1579,0,0,15,0,15,1004,523,67,0,1594,0,0,0,1594
11/27/2012,CLT,NC,ASO,ES,Combined TRACON& Tower with Radar,842,476,56,6,1380,0,1,9,0,10,842,477,65,6,1390,0,0,0,1390
11/28/2012,CLT,NC,ASO,ES,Combined TRACON& Tower with Radar,960,528,82,8,1578,0,1,15,1,17,960,529,97,9,1595,0,0,0,1595
11/29/2012,CLT,NC,ASO,ES,Combined TRACON& Tower with Radar,982,512,70,8,1572,0,1,12,3,16,982,513,82,11,1588,0,0,0,1588
11/30/2012,CLT,NC,ASO,ES,Combined TRACON& Tower with Radar,966,487,62,2,1517,0,0,18,0,18,966,487,80,2,1535,0,0,0,1535
12/01/2012,CLT,NC,ASO,ES,Combined TRACON& Tower with Radar,793,462,24,6,1285,0,0,8,0,8,793,462,32,6,1293,0,0,0,1293
12/02/2012,CLT,NC,ASO,ES,Combined TRACON& Tower with Radar,877,466,38,0,1381,0,1,7,0,8,877,467,45,0,1389,0,0,0,1389
12/03/2012,CLT,NC,ASO,ES,Combined TRACON& Tower with Radar,862,446,69,2,1379,0,2,12,0,14,862,448,81,2,1393,0,0,0,1393
12/04/2012,CLT,NC,ASO,ES,Combined TRACON& Tower with Radar,851,470,78,5,1404,0,1,17,2,20,851,471,95,7,1424,0,0,0,1424
12/05/2012,CLT,NC,ASO,ES,Combined TRACON& Tower with Radar,964,514,84,6,1568,0,0,18,0,18,964,514,102,6,1586,0,0,0,1586
12/06/2012,CLT,NC,ASO,ES,Combined TRACON& Tower with Radar,980,524,71,9,1584,0,0,9,1,10,980,524,80,10,1594,0,0,0,1594
12/07/2012,CLT,NC,ASO,ES,Combined TRACON& Tower with Radar,971,507,52,3,1533,0,0,9,0,9,971,507,61,3,1542,0,0,0,1542
12/08/2012,CLT,NC,ASO,ES,Combined TRACON& Tower with Radar,779,463,35,4,1281,0,4,12,0,16,779,467,47,4,1297,0,0,0,1297
12/09/2012,CLT,NC,ASO,ES,Combined TRACON& Tower with Radar,868,472,51,1,1392,0,2,4,0,6,868,474,55,1,1398,0,0,0,1398
12/10/2012,CLT,NC,ASO,ES,Combined TRACON& Tower with Radar,842,451,66,0,1359,0,0,16,0,16,842,451,82,0,1375,0,0,0,1375
12/11/2012,CLT,NC,ASO,ES,Combined TRACON& Tower with Radar,860,461,76,12,1409,0,2,18,0,20,860,463,94,12,1429,0,0,0,1429
12/12/2012,CLT,NC,ASO,ES,Combined TRACON& Tower with Radar,966,514,99,4,1583,0,1,16,0,17,966,515,115,4,1600,0,0,0,1600
12/13/2012,CLT,NC,ASO,ES,Combined TRACON& Tower with Radar,983,520,54,7,1564,0,0,14,0,14,983,520,68,7,1578,0,0,0,1578
12/14/2012,CLT,NC,ASO,ES,Combined TRACON& Tower with Radar,994,501,72,2,1569,0,0,17,0,17,994,501,89,2,1586,0,0,0,1586
12/15/2012,CLT,NC,ASO,ES,Combined TRACON& Tower with Radar,799,448,17,0,1264,0,0,16,0,16,799,448,33,0,1280,0,0,0,1280
12/16/2012,CLT,NC,ASO,ES,Combined TRACON& Tower with Radar,865,467,31,0,1363,0,0,1,0,1,865,467,32,0,1364,0,0,0,1364
12/17/2012,CLT,NC,ASO,ES,Combined TRACON& Tower with Radar,850,462,42,6,1360,0,0,1,0,1,850,462,43,6,1361,0,0,0,1361
12/18/2012,CLT,NC,ASO,ES,Combined TRACON& Tower with Radar,860,478,54,6,1398,1,1,15,0,17,861,479,69,6,1415,0,0,0,1415
12/19/2012,CLT,NC,ASO,ES,Combined TRACON& Tower with Radar,998,533,65,12,1608,0,3,22,0,25,998,536,87,12,1633,0,0,0,1633
12/20/2012,CLT,NC,ASO,ES,Combined TRACON& Tower with Radar,1002,527,54,0,1583,0,3,11,0,14,1002,530,65,0,1597,0,0,0,1597
12/21/2012,CLT,NC,ASO,ES,Combined TRACON& Tower with Radar,1004,522,50,0,1576,0,1,5,0,6,1004,523,55,0,1582,0,0,0,1582
12/22/2012,CLT,NC,ASO,ES,Combined TRACON& Tower with Radar,925,515,21,0,1461,0,4,13,0,17,925,519,34,0,1478,0,0,0,1478
12/23/2012,CLT,NC,ASO,ES,Combined TRACON& Tower with Radar,945,497,20,0,1462,0,1,13,0,14,945,498,33,0,1476,0,0,0,1476
12/24/2012,CLT,NC,ASO,ES,Combined TRACON& Tower with Radar,822,440,10,0,1272,0,0,6,0,6,822,440,16,0,1278,0,0,0,1278
12/25/2012,CLT,NC,ASO,ES,Combined TRACON& Tower with Radar,926,507,6,0,1439,0,0,2,0,2,926,507,8,0,1441,0,0,0,1441
12/26/2012,CLT,NC,ASO,ES,Combined TRACON& Tower with Radar,925,505,29,1,1460,0,0,0,0,0,925,505,29,1,1460,0,0,0,1460
12/27/2012,CLT,NC,ASO,ES,Combined TRACON& Tower with Radar,979,536,38,0,1553,0,0,12,0,12,979,536,50,0,1565,0,0,0,1565
12/28/2012,CLT,NC,ASO,ES,Combined TRACON& Tower with Radar,988,545,26,0,1559,0,5,5,0,10,988,550,31,0,1569,0,0,0,1569
12/29/2012,CLT,NC,ASO,ES,Combined TRACON& Tower with Radar,908,502,12,0,1422,0,0,5,0,5,908,502,17,0,1427,0,0,0,1427
12/30/2012,CLT,NC,ASO,ES,Combined TRACON& Tower with Radar,956,506,20,1,1483,0,2,13,0,15,956,508,33,1,1498,0,0,0,1498
12/31/2012,CLT,NC,ASO,ES,Combined TRACON& Tower with Radar,951,517,27,0,1495,0,1,13,0,14,951,518,40,0,1509,0,0,0,1509
01/01/2013,CLT,NC,ASO,ES,Combined TRACON& Tower with Radar,871,492,11,0,1374,0,2,2,0,4,871,494,13,0,1378,0,0,0,1378
01/02/2013,CLT,NC,ASO,ES,Combined TRACON& Tower with Radar,984,542,27,0,1553,0,0,6,0,6,984,542,33,0,1559,0,0,0,1559
01/03/2013,CLT,NC,ASO,ES,Combined TRACON& Tower with Radar,994,543,32,0,1569,0,0,15,0,15,994,543,47,0,1584,0,0,0,1584
01/04/2013,CLT,NC,ASO,ES,Combined TRACON& Tower with Radar,977,555,48,0,1580,0,1,14,0,15,977,556,62,0,1595,0,0,0,1595
01/05/2013,CLT,NC,ASO,ES,Combined TRACON& Tower with Radar,907,515,16,0,1438,0,5,9,0,14,907,520,25,0,1452,0,0,0,1452
01/06/2013,CLT,NC,ASO,ES,Combined TRACON& Tower with Radar,951,521,33,0,1505,0,1,3,1,5,951,522,36,1,1510,0,0,0,1510
01/07/2013,CLT,NC,ASO,ES,Combined TRACON& Tower with Radar,877,450,47,0,1374,0,0,16,2,18,877,450,63,2,1392,0,0,0,1392
01/08/2013,CLT,NC,ASO,ES,Combined TRACON& Tower with Radar,851,460,48,0,1359,0,0,12,0,12,851,460,60,0,1371,0,0,0,1371
01/09/2013,CLT,NC,ASO,ES,Combined TRACON& Tower with Radar,967,521,58,7,1553,0,1,15,0,16,967,522,73,7,1569,0,0,0,1569
01/10/2013,CLT,NC,ASO,ES,Combined TRACON& Tower with Radar,988,520,66,2,1576,0,2,17,0,19,988,522,83,2,1595,0,0,0,1595
01/11/2013,CLT,NC,ASO,ES,Combined TRACON& Tower with Radar,980,487,41,0,1508,0,0,0,0,0,980,487,41,0,1508,0,0,0,1508
01/12/2013,CLT,NC,ASO,ES,Combined TRACON& Tower with Radar,849,405,14,2,1270,0,0,5,0,5,849,405,19,2,1275,0,0,0,1275
01/13/2013,CLT,NC,ASO,ES,Combined TRACON& Tower with Radar,848,452,20,2,1322,0,2,4,0,6,848,454,24,2,1328,0,0,0,1328
01/14/2013,CLT,NC,ASO,ES,Combined TRACON& Tower with Radar,848,458,65,0,1371,0,0,4,0,4,848,458,69,0,1375,0,0,0,1375
01/15/2013,CLT,NC,ASO,ES,Combined TRACON& Tower with Radar,849,473,89,0,1411,0,0,0,0,0,849,473,89,0,1411,0,0,0,1411
01/16/2013,CLT,NC,ASO,ES,Combined TRACON& Tower with Radar,969,508,73,6,1556,0,0,0,0,0,969,508,73,6,1556,0,0,0,1556
01/17/2013,CLT,NC,ASO,ES,Combined TRACON& Tower with Radar,975,489,64,2,1530,0,0,0,0,0,975,489,64,2,1530,0,0,0,1530
01/18/2013,CLT,NC,ASO,ES,Combined TRACON& Tower with Radar,980,506,58,0,1544,0,0,28,0,28,980,506,86,0,1572,0,0,0,1572
01/19/2013,CLT,NC,ASO,ES,Combined TRACON& Tower with Radar,887,486,14,0,1387,0,0,5,0,5,887,486,19,0,1392,0,0,0,1392
01/20/2013,CLT,NC,ASO,ES,Combined TRACON& Tower with Radar,859,453,27,0,1339,0,5,10,0,15,859,458,37,0,1354,0,0,0,1354
01/21/2013,CLT,NC,ASO,ES,Combined TRACON& Tower with Radar,849,450,45,0,1344,0,2,12,0,14,849,452,57,0,1358,0,0,0,1358
01/22/2013,CLT,NC,ASO,ES,Combined TRACON& Tower with Radar,844,468,59,15,1386,0,1,25,1,27,844,469,84,16,1413,0,0,0,1413
01/23/2013,CLT,NC,ASO,ES,Combined TRACON& Tower with Radar,978,513,70,10,1571,0,0,18,2,20,978,513,88,12,1591,0,0,0,1591
01/24/2013,CLT,NC,ASO,ES,Combined TRACON& Tower with Radar,973,517,59,4,1553,0,0,19,0,19,973,517,78,4,1572,0,0,0,1572
01/25/2013,CLT,NC,ASO,ES,Combined TRACON& Tower with Radar,881,363,47,1,1292,0,1,2,0,3,881,364,49,1,1295,0,0,0,1295
01/26/2013,CLT,NC,ASO,ES,Combined TRACON& Tower with Radar,887,474,27,4,1392,0,5,7,0,12,887,479,34,4,1404,0,0,0,1404
01/27/2013,CLT,NC,ASO,ES,Combined TRACON& Tower with Radar,864,459,42,3,1368,0,0,13,0,13,864,459,55,3,1381,0,0,0,1381
01/28/2013,CLT,NC,ASO,ES,Combined TRACON& Tower with Radar,842,445,75,15,1377,0,1,8,0,9,842,446,83,15,1386,0,0,0,1386
01/29/2013,CLT,NC,ASO,ES,Combined TRACON& Tower with Radar,834,465,74,0,1373,0,2,17,0,19,834,467,91,0,1392,0,0,0,1392
01/30/2013,CLT,NC,ASO,ES,Combined TRACON& Tower with Radar,944,484,43,0,1471,0,0,3,0,3,944,484,46,0,1474,0,0,0,1474
01/31/2013,CLT,NC,ASO,ES,Combined TRACON& Tower with Radar,980,537,77,16,1610,0,1,13,2,16,980,538,90,18,1626,0,0,0,1626
02/01/2013,CLT,NC,ASO,ES,Combined TRACON& Tower with Radar,979,509,64,7,1559,0,0,26,0,26,979,509,90,7,1585,0,0,0,1585
02/02/2013,CLT,NC,ASO,ES,Combined TRACON& Tower with Radar,892,491,29,2,1414,0,1,2,0,3,892,492,31,2,1417,0,0,0,1417
02/03/2013,CLT,NC,ASO,ES,Combined TRACON& Tower with Radar,864,466,30,1,1361,0,0,6,0,6,864,466,36,1,1367,0,0,0,1367
02/04/2013,CLT,NC,ASO,ES,Combined TRACON& Tower with Radar,851,452,51,2,1356,0,1,10,0,11,851,453,61,2,1367,0,0,0,1367
02/05/2013,CLT,NC,ASO,ES,Combined TRACON& Tower with Radar,839,472,46,9,1366,0,1,16,0,17,839,473,62,9,1383,0,0,0,1383
02/06/2013,CLT,NC,ASO,ES,Combined TRACON& Tower with Radar,970,513,68,10,1561,0,0,23,1,24,970,513,91,11,1585,0,0,0,1585
02/07/2013,CLT,NC,ASO,ES,Combined TRACON& Tower with Radar,976,505,67,8,1556,0,0,6,0,6,976,505,73,8,1562,0,0,0,1562
02/08/2013,CLT,NC,ASO,ES,Combined TRACON& Tower with Radar,919,510,71,2,1502,0,1,18,0,19,919,511,89,2,1521,0,0,0,1521
02/09/2013,CLT,NC,ASO,ES,Combined TRACON& Tower with Radar,811,481,28,1,1321,0,1,11,0,12,811,482,39,1,1333,0,0,0,1333
02/10/2013,CLT,NC,ASO,ES,Combined TRACON& Tower with Radar,927,498,26,1,1452,0,0,9,0,9,927,498,35,1,1461,0,0,0,1461
02/11/2013,CLT,NC,ASO,ES,Combined TRACON& Tower with Radar,836,432,74,2,1344,0,0,2,0,2,836,432,76,2,1346,0,0,0,1346
02/12/2013,CLT,NC,ASO,ES,Combined TRACON& Tower with Radar,851,472,67,9,1399,0,1,9,0,10,851,473,76,9,1409,0,0,0,1409
02/13/2013,CLT,NC,ASO,ES,Combined TRACON& Tower with Radar,978,525,69,8,1580,0,0,0,0,0,978,525,69,8,1580,0,0,0,1580
02/14/2013,CLT,NC,ASO,ES,Combined TRACON& Tower with Radar,979,543,77,9,1608,0,3,13,0,16,979,546,90,9,1624,0,0,0,1624
02/15/2013,CLT,NC,ASO,ES,Combined TRACON& Tower with Radar,982,539,68,4,1593,0,1,18,0,19,982,540,86,4,1612,0,0,0,1612
02/16/2013,CLT,NC,ASO,ES,Combined TRACON& Tower with Radar,769,407,21,3,1200,0,0,0,0,0,769,407,21,3,1200,0,0,0,1200
02/17/2013,CLT,NC,ASO,ES,Combined TRACON& Tower with Radar,949,498,30,5,1482,0,4,6,0,10,949,502,36,5,1492,0,0,0,1492
02/18/2013,CLT,NC,ASO,ES,Combined TRACON& Tower with Radar,979,537,42,1,1559,0,0,11,1,12,979,537,53,2,1571,0,0,0,1571
02/19/2013,CLT,NC,ASO,ES,Combined TRACON& Tower with Radar,961,540,57,12,1570,0,0,6,0,6,961,540,63,12,1576,0,0,0,1576
02/20/2013,CLT,NC,ASO,ES,Combined TRACON& Tower with Radar,966,561,67,4,1598,0,0,16,0,16,966,561,83,4,1614,0,0,0,1614
02/21/2013,CLT,NC,ASO,ES,Combined TRACON& Tower with Radar,956,536,61,6,1559,0,0,20,4,24,956,536,81,10,1583,0,0,0,1583
02/22/2013,CLT,NC,ASO,ES,Combined TRACON& Tower with Radar,970,513,49,2,1534,0,0,0,0,0,970,513,49,2,1534,0,0,0,1534
02/23/2013,CLT,NC,ASO,ES,Combined TRACON& Tower with Radar,902,519,31,0,1452,0,0,0,0,0,902,519,31,0,1452,0,0,0,1452
02/24/2013,CLT,NC,ASO,ES,Combined TRACON& Tower with Radar,933,507,51,2,1493,0,0,13,1,14,933,507,64,3,1507,0,0,0,1507
02/25/2013,CLT,NC,ASO,ES,Combined TRACON& Tower with Radar,970,533,52,2,1557,0,0,12,0,12,970,533,64,2,1569,0,0,0,1569
02/26/2013,CLT,NC,ASO,ES,Combined TRACON& Tower with Radar,951,549,59,12,1571,0,0,0,0,0,951,549,59,12,1571,0,0,0,1571
02/27/2013,CLT,NC,ASO,ES,Combined TRACON& Tower with Radar,963,550,74,2,1589,0,1,20,0,21,963,551,94,2,1610,0,0,0,1610
02/28/2013,CLT,NC,ASO,ES,Combined TRACON& Tower with Radar,969,549,63,4,1585,0,1,19,0,20,969,550,82,4,1605,0,0,0,1605
03/01/2013,CLT,NC,ASO,ES,Combined TRACON& Tower with Radar,970,532,41,0,1543,0,2,18,0,20,970,534,59,0,1563,0,0,0,1563
03/02/2013,CLT,NC,ASO,ES,Combined TRACON& Tower with Radar,862,456,32,0,1350,0,1,4,0,5,862,457,36,0,1355,0,0,0,1355
03/03/2013,CLT,NC,ASO,ES,Combined TRACON& Tower with Radar,937,524,21,0,1482,0,1,4,0,5,937,525,25,0,1487,0,0,0,1487
03/04/2013,CLT,NC,ASO,ES,Combined TRACON& Tower with Radar,982,531,45,0,1558,0,0,16,0,16,982,531,61,0,1574,0,0,0,1574
03/05/2013,CLT,NC,ASO,ES,Combined TRACON& Tower with Radar,975,527,50,0,1552,0,0,4,0,4,975,527,54,0,1556,0,0,0,1556
03/06/2013,CLT,NC,ASO,ES,Combined TRACON& Tower with Radar,952,493,70,4,1519,0,2,4,0,6,952,495,74,4,1525,0,0,0,1525
03/07/2013,CLT,NC,ASO,ES,Combined TRACON& Tower with Radar,988,541,59,3,1591,0,1,27,0,28,988,542,86,3,1619,0,0,0,1619
03/08/2013,CLT,NC,ASO,ES,Combined TRACON& Tower with Radar,974,535,70,4,1583,0,1,24,0,25,974,536,94,4,1608,0,0,0,1608
03/09/2013,CLT,NC,ASO,ES,Combined TRACON& Tower with Radar,900,516,32,2,1450,0,2,21,0,23,900,518,53,2,1473,0,0,0,1473
03/10/2013,CLT,NC,ASO,ES,Combined TRACON& Tower with Radar,949,514,47,3,1513,0,1,10,0,11,949,515,57,3,1524,0,0,0,1524
03/11/2013,CLT,NC,ASO,ES,Combined TRACON& Tower with Radar,984,530,57,0,1571,0,1,16,0,17,984,531,73,0,1588,0,0,0,1588
03/12/2013,CLT,NC,ASO,ES,Combined TRACON& Tower with Radar,973,529,86,6,1594,0,3,23,0,26,973,532,109,6,1620,0,0,0,1620
03/13/2013,CLT,NC,ASO,ES,Combined TRACON& Tower with Radar,986,537,87,5,1615,0,1,20,0,21,986,538,107,5,1636,0,0,0,1636
03/14/2013,CLT,NC,ASO,ES,Combined TRACON& Tower with Radar,990,554,70,11,1625,0,1,13,0,14,990,555,83,11,1639,0,0,0,1639
03/15/2013,CLT,NC,ASO,ES,Combined TRACON& Tower with Radar,997,534,61,2,1594,0,1,13,0,14,997,535,74,2,1608,0,0,0,1608
03/16/2013,CLT,NC,ASO,ES,Combined TRACON& Tower with Radar,901,517,23,2,1443,0,1,15,0,16,901,518,38,2,1459,0,0,0,1459
03/17/2013,CLT,NC,ASO,ES,Combined TRACON& Tower with Radar,944,519,40,0,1503,0,3,6,0,9,944,522,46,0,1512,0,0,0,1512
03/18/2013,CLT,NC,ASO,ES,Combined TRACON& Tower with Radar,944,504,80,0,1528,0,0,0,0,0,944,504,80,0,1528,0,0,0,1528
03/19/2013,CLT,NC,ASO,ES,Combined TRACON& Tower with Radar,979,561,79,10,1629,0,1,16,2,19,979,562,95,12,1648,0,0,0,1648
03/20/2013,CLT,NC,ASO,ES,Combined TRACON& Tower with Radar,976,549,61,6,1592,0,1,19,2,22,976,550,80,8,1614,0,0,0,1614
03/21/2013,CLT,NC,ASO,ES,Combined TRACON& Tower with Radar,992,540,92,2,1626,0,0,11,1,12,992,540,103,3,1638,0,0,0,1638
03/22/2013,CLT,NC,ASO,ES,Combined TRACON& Tower with Radar,988,524,53,2,1567,0,0,16,0,16,988,524,69,2,1583,0,0,0,1583
03/23/2013,CLT,NC,ASO,ES,Combined TRACON& Tower with Radar,898,517,37,0,1452,0,0,8,0,8,898,517,45,0,1460,0,0,0,1460
03/24/2013,CLT,NC,ASO,ES,Combined TRACON& Tower with Radar,934,502,30,1,1467,0,0,0,0,0,934,502,30,1,1467,0,0,0,1467
03/25/2013,CLT,NC,ASO,ES,Combined TRACON& Tower with Radar,975,545,67,0,1587,0,1,10,0,11,975,546,77,0,1598,0,0,0,1598
03/26/2013,CLT,NC,ASO,ES,Combined TRACON& Tower with Radar,968,559,54,7,1588,0,0,10,0,10,968,559,64,7,1598,0,0,0,1598
03/27/2013,CLT,NC,ASO,ES,Combined TRACON& Tower with Radar,978,548,63,6,1595,0,2,21,0,23,978,550,84,6,1618,0,0,0,1618
03/28/2013,CLT,NC,ASO,ES,Combined TRACON& Tower with Radar,986,552,76,0,1614,0,0,14,0,14,986,552,90,0,1628,0,0,0,1628
03/29/2013,CLT,NC,ASO,ES,Combined TRACON& Tower with Radar,991,538,51,0,1580,0,1,20,0,21,991,539,71,0,1601,0,0,0,1601
03/30/2013,CLT,NC,ASO,ES,Combined TRACON& Tower with Radar,901,516,25,0,1442,0,0,9,0,9,901,516,34,0,1451,0,0,0,1451
03/31/2013,CLT,NC,ASO,ES,Combined TRACON& Tower with Radar,948,511,28,0,1487,0,0,3,0,3,948,511,31,0,1490,0,0,0,1490
04/01/2013,CLT,NC,ASO,ES,Combined TRACON& Tower with Radar,1001,525,47,0,1573,0,2,20,2,24,1001,527,67,2,1597,0,0,0,1597
04/02/2013,CLT,NC,ASO,ES,Combined TRACON& Tower with Radar,993,526,61,7,1587,0,2,10,2,14,993,528,71,9,1601,0,0,0,1601
04/03/2013,CLT,NC,ASO,ES,Combined TRACON& Tower with Radar,995,543,55,0,1593,0,0,14,0,14,995,543,69,0,1607,0,0,0,1607
04/04/2013,CLT,NC,ASO,ES,Combined TRACON& Tower with Radar,1000,507,60,0,1567,0,0,2,0,2,1000,507,62,0,1569,0,0,0,1569
04/05/2013,CLT,NC,ASO,ES,Combined TRACON& Tower with Radar,1018,531,53,7,1609,0,0,15,1,16,1018,531,68,8,1625,0,0,0,1625
04/06/2013,CLT,NC,ASO,ES,Combined TRACON& Tower with Radar,924,512,30,5,1471,0,0,16,0,16,924,512,46,5,1487,0,0,0,1487
04/07/2013,CLT,NC,ASO,ES,Combined TRACON& Tower with Radar,959,506,35,2,1502,0,1,17,0,18,959,507,52,2,1520,0,0,0,1520
04/08/2013,CLT,NC,ASO,ES,Combined TRACON& Tower with Radar,1008,523,47,0,1578,0,2,27,2,31,1008,525,74,2,1609,0,0,0,1609
04/09/2013,CLT,NC,ASO,ES,Combined TRACON& Tower with Radar,985,529,82,4,1600,0,1,20,0,21,985,530,102,4,1621,0,0,0,1621
04/10/2013,CLT,NC,ASO,ES,Combined TRACON& Tower with Radar,965,518,87,4,1574,0,1,15,0,16,965,519,102,4,1590,0,0,0,1590
04/11/2013,CLT,NC,ASO,ES,Combined TRACON& Tower with Radar,1001,524,64,4,1593,0,1,21,1,23,1001,525,85,5,1616,0,0,0,1616
04/12/2013,CLT,NC,ASO,ES,Combined TRACON& Tower with Radar,1004,531,71,3,1609,0,0,21,0,21,1004,531,92,3,1630,0,0,0,1630
04/13/2013,CLT,NC,ASO,ES,Combined TRACON& Tower with Radar,918,501,22,8,1449,0,0,7,0,7,918,501,29,8,1456,0,0,0,1456
04/14/2013,CLT,NC,ASO,ES,Combined TRACON& Tower with Radar,964,518,41,1,1524,0,0,13,0,13,964,518,54,1,1537,0,0,0,1537
04/15/2013,CLT,NC,ASO,ES,Combined TRACON& Tower with Radar,992,531,60,2,1585,0,0,13,2,15,992,531,73,4,1600,0,0,0,1600
04/16/2013,CLT,NC,ASO,ES,Combined TRACON& Tower with Radar,967,536,73,10,1586,0,1,14,0,15,967,537,87,10,1601,0,0,0,1601
04/17/2013,CLT,NC,ASO,ES,Combined TRACON& Tower with Radar,984,523,70,7,1584,0,2,22,0,24,984,525,92,7,1608,0,0,0,1608
04/18/2013,CLT,NC,ASO,ES,Combined TRACON& Tower with Radar,989,531,75,8,1603,0,1,14,0,15,989,532,89,8,1618,0,0,0,1618
04/19/2013,CLT,NC,ASO,ES,Combined TRACON& Tower with Radar,947,463,42,7,1459,0,1,9,0,10,947,464,51,7,1469,0,0,0,1469
04/20/2013,CLT,NC,ASO,ES,Combined TRACON& Tower with Radar,924,522,28,0,1474,0,0,12,0,12,924,522,40,0,1486,0,0,0,1486
04/21/2013,CLT,NC,ASO,ES,Combined TRACON& Tower with Radar,948,515,35,2,1500,0,0,9,0,9,948,515,44,2,1509,0,0,0,1509
04/22/2013,CLT,NC,ASO,ES,Combined TRACON& Tower with Radar,1000,525,68,0,1593,0,2,10,2,14,1000,527,78,2,1607,0,0,0,1607
04/23/2013,CLT,NC,ASO,ES,Combined TRACON& Tower with Radar,982,540,76,13,1611,0,2,24,0,26,982,542,100,13,1637,0,0,0,1637
04/24/2013,CLT,NC,ASO,ES,Combined TRACON& Tower with Radar,998,528,84,1,1611,0,0,13,0,13,998,528,97,1,1624,0,0,0,1624
04/25/2013,CLT,NC,ASO,ES,Combined TRACON& Tower with Radar,1002,545,83,8,1638,0,1,21,2,24,1002,546,104,10,1662,0,0,0,1662
04/26/2013,CLT,NC,ASO,ES,Combined TRACON& Tower with Radar,1011,539,63,0,1613,0,0,27,0,27,1011,539,90,0,1640,0,0,0,1640
04/27/2013,CLT,NC,ASO,ES,Combined TRACON& Tower with Radar,907,503,30,1,1441,0,1,6,0,7,907,504,36,1,1448,0,0,0,1448
04/28/2013,CLT,NC,ASO,ES,Combined TRACON& Tower with Radar,957,523,50,0,1530,0,0,0,0,0,957,523,50,0,1530,0,0,0,1530
04/29/2013,CLT,NC,ASO,ES,Combined TRACON& Tower with Radar,985,545,61,0,1591,0,0,18,0,18,985,545,79,0,1609,0,0,0,1609
04/30/2013,CLT,NC,ASO,ES,Combined TRACON& Tower with Radar,982,517,81,5,1585,0,2,18,0,20,982,519,99,5,1605,0,0,0,1605
05/01/2013,CLT,NC,ASO,ES,Combined TRACON& Tower with Radar,1013,512,115,6,1646,0,0,20,2,22,1013,512,135,8,1668,0,0,0,1668
05/02/2013,CLT,NC,ASO,ES,Combined TRACON& Tower with Radar,1003,543,101,11,1658,0,0,5,0,5,1003,543,106,11,1663,0,0,0,1663
05/03/2013,CLT,NC,ASO,ES,Combined TRACON& Tower with Radar,1023,523,69,3,1618,0,0,13,0,13,1023,523,82,3,1631,0,0,0,1631
05/04/2013,CLT,NC,ASO,ES,Combined TRACON& Tower with Radar,921,485,34,0,1440,0,0,3,0,3,921,485,37,0,1443,0,0,0,1443
05/05/2013,CLT,NC,ASO,ES,Combined TRACON& Tower with Radar,975,526,42,3,1546,0,0,0,0,0,975,526,42,3,1546,0,0,0,1546
05/06/2013,CLT,NC,ASO,ES,Combined TRACON& Tower with Radar,1008,505,78,3,1594,0,1,22,1,24,1008,506,100,4,1618,0,0,0,1618
05/07/2013,CLT,NC,ASO,ES,Combined TRACON& Tower with Radar,998,506,75,1,1580,0,1,20,1,22,998,507,95,2,1602,0,0,0,1602
05/08/2013,CLT,NC,ASO,ES,Combined TRACON& Tower with Radar,1010,501,89,5,1605,0,0,19,2,21,1010,501,108,7,1626,0,0,0,1626
05/09/2013,CLT,NC,ASO,ES,Combined TRACON& Tower with Radar,1019,508,68,3,1598,0,0,34,2,36,1019,508,102,5,1634,0,0,0,1634
05/10/2013,CLT,NC,ASO,ES,Combined TRACON& Tower with Radar,1010,504,75,3,1592,0,0,24,0,24,1010,504,99,3,1616,0,0,0,1616
05/11/2013,CLT,NC,ASO,ES,Combined TRACON& Tower with Radar,925,475,33,0,1433,0,0,10,0,10,925,475,43,0,1443,0,0,0,1443
05/12/2013,CLT,NC,ASO,ES,Combined TRACON& Tower with Radar,984,501,39,0,1524,0,0,4,0,4,984,501,43,0,1528,0,0,0,1528
05/13/2013,CLT,NC,ASO,ES,Combined TRACON& Tower with Radar,1007,509,62,2,1580,0,2,24,0,26,1007,511,86,2,1606,0,0,0,1606
05/14/2013,CLT,NC,ASO,ES,Combined TRACON& Tower with Radar,1012,513,77,12,1614,0,1,16,0,17,1012,514,93,12,1631,0,0,0,1631
05/15/2013,CLT,NC,ASO,ES,Combined TRACON& Tower with Radar,1023,499,65,9,1596,0,1,26,1,28,1023,500,91,10,1624,0,0,0,1624
05/16/2013,CLT,NC,ASO,ES,Combined TRACON& Tower with Radar,1021,524,65,8,1618,0,0,19,0,19,1021,524,84,8,1637,0,0,0,1637
05/17/2013,CLT,NC,ASO,ES,Combined TRACON& Tower with Radar,1019,517,71,3,1610,0,0,32,0,32,1019,517,103,3,1642,0,0,0,1642
05/18/2013,CLT,NC,ASO,ES,Combined TRACON& Tower with Radar,914,480,25,2,1421,0,17,8,0,25,914,497,33,2,1446,0,0,0,1446
05/19/2013,CLT,NC,ASO,ES,Combined TRACON& Tower with Radar,962,490,43,1,1496,0,0,0,0,0,962,490,43,1,1496,0,0,0,1496
05/20/2013,CLT,NC,ASO,ES,Combined TRACON& Tower with Radar,999,499,58,0,1556,0,0,14,0,14,999,499,72,0,1570,0,0,0,1570
05/21/2013,CLT,NC,ASO,ES,Combined TRACON& Tower with Radar,992,510,78,7,1587,0,1,11,1,13,992,511,89,8,1600,0,0,0,1600
05/22/2013,CLT,NC,ASO,ES,Combined TRACON& Tower with Radar,1011,500,95,5,1611,0,0,15,0,15,1011,500,110,5,1626,0,0,0,1626
05/23/2013,CLT,NC,ASO,ES,Combined TRACON& Tower with Radar,1013,513,73,6,1605,0,0,31,0,31,1013,513,104,6,1636,0,0,0,1636
05/24/2013,CLT,NC,ASO,ES,Combined TRACON& Tower with Radar,1022,506,46,0,1574,0,1,27,0,28,1022,507,73,0,1602,0,0,0,1602
05/25/2013,CLT,NC,ASO,ES,Combined TRACON& Tower with Radar,943,480,26,3,1452,0,11,16,0,27,943,491,42,3,1479,0,0,0,1479
05/26/2013,CLT,NC,ASO,ES,Combined TRACON& Tower with Radar,946,461,20,0,1427,0,31,13,0,44,946,492,33,0,1471,0,0,0,1471
05/27/2013,CLT,NC,ASO,ES,Combined TRACON& Tower with Radar,1017,483,37,0,1537,0,3,16,0,19,1017,486,53,0,1556,0,0,0,1556
05/28/2013,CLT,NC,ASO,ES,Combined TRACON& Tower with Radar,1015,497,55,0,1567,0,0,13,2,15,1015,497,68,2,1582,0,0,0,1582
05/29/2013,CLT,NC,ASO,ES,Combined TRACON& Tower with Radar,1020,528,86,8,1642,0,0,21,0,21,1020,528,107,8,1663,0,0,0,1663
05/30/2013,CLT,NC,ASO,ES,Combined TRACON& Tower with Radar,1017,521,74,7,1619,0,0,17,0,17,1017,521,91,7,1636,0,0,0,1636
05/31/2013,CLT,NC,ASO,ES,Combined TRACON& Tower with Radar,1033,512,77,4,1626,0,1,16,0,17,1033,513,93,4,1643,0,0,0,1643
06/01/2013,CLT,NC,ASO,ES,Combined TRACON& Tower with Radar,941,479,27,7,1454,0,2,21,0,23,941,481,48,7,1477,0,0,0,1477
06/02/2013,CLT,NC,ASO,ES,Combined TRACON& Tower with Radar,977,479,39,5,1500,0,0,4,0,4,977,479,43,5,1504,0,0,0,1504
06/03/2013,CLT,NC,ASO,ES,Combined TRACON& Tower with Radar,1036,507,60,4,1607,0,0,8,1,9,1036,507,68,5,1616,0,0,0,1616
06/04/2013,CLT,NC,ASO,ES,Combined TRACON& Tower with Radar,1040,498,73,7,1618,0,1,25,4,30,1040,499,98,11,1648,0,0,0,1648
06/05/2013,CLT,NC,ASO,ES,Combined TRACON& Tower with Radar,1037,504,85,6,1632,0,0,7,0,7,1037,504,92,6,1639,0,0,0,1639
06/06/2013,CLT,NC,ASO,ES,Combined TRACON& Tower with Radar,1035,505,98,5,1643,0,0,1,1,2,1035,505,99,6,1645,0,0,0,1645
06/07/2013,CLT,NC,ASO,ES,Combined TRACON& Tower with Radar,989,462,47,6,1504,0,0,8,1,9,989,462,55,7,1513,0,0,0,1513
06/08/2013,CLT,NC,ASO,ES,Combined TRACON& Tower with Radar,980,504,27,3,1514,0,0,8,2,10,980,504,35,5,1524,0,0,0,1524
06/09/2013,CLT,NC,ASO,ES,Combined TRACON& Tower with Radar,991,479,41,0,1511,0,0,3,6,9,991,479,44,6,1520,0,0,0,1520
06/10/2013,CLT,NC,ASO,ES,Combined TRACON& Tower with Radar,1010,502,53,0,1565,0,0,7,6,13,1010,502,60,6,1578,0,0,0,1578
06/11/2013,CLT,NC,ASO,ES,Combined TRACON& Tower with Radar,1033,518,77,9,1637,0,0,24,1,25,1033,518,101,10,1662,0,0,0,1662
06/12/2013,CLT,NC,ASO,ES,Combined TRACON& Tower with Radar,1027,519,88,8,1642,0,1,22,5,28,1027,520,110,13,1670,0,0,0,1670
06/13/2013,CLT,NC,ASO,ES,Combined TRACON& Tower with Radar,963,465,57,0,1485,0,4,19,2,25,963,469,76,2,1510,0,0,0,1510
06/14/2013,CLT,NC,ASO,ES,Combined TRACON& Tower with Radar,1056,519,72,9,1656,0,4,22,0,26,1056,523,94,9,1682,0,0,0,1682
06/15/2013,CLT,NC,ASO,ES,Combined TRACON& Tower with Radar,942,493,24,1,1460,0,0,11,0,11,942,493,35,1,1471,0,0,0,1471
06/16/2013,CLT,NC,ASO,ES,Combined TRACON& Tower with Radar,981,501,30,0,1512,0,0,9,0,9,981,501,39,0,1521,0,0,0,1521
06/17/2013,CLT,NC,ASO,ES,Combined TRACON& Tower with Radar,1006,474,64,0,1544,0,0,6,0,6,1006,474,70,0,1550,0,0,0,1550
06/18/2013,CLT,NC,ASO,ES,Combined TRACON& Tower with Radar,993,479,57,9,1538,0,0,11,0,11,993,479,68,9,1549,0,0,0,1549
06/19/2013,CLT,NC,ASO,ES,Combined TRACON& Tower with Radar,1045,534,75,9,1663,0,1,11,3,15,1045,535,86,12,1678,0,0,0,1678
06/20/2013,CLT,NC,ASO,ES,Combined TRACON& Tower with Radar,1043,514,65,6,1628,0,1,19,1,21,1043,515,84,7,1649,0,0,0,1649
06/21/2013,CLT,NC,ASO,ES,Combined TRACON& Tower with Radar,1039,507,74,4,1624,0,1,26,0,27,1039,508,100,4,1651,0,0,0,1651
06/22/2013,CLT,NC,ASO,ES,Combined TRACON& Tower with Radar,950,490,22,5,1467,0,1,6,0,7,950,491,28,5,1474,0,0,0,1474
06/23/2013,CLT,NC,ASO,ES,Combined TRACON& Tower with Radar,984,496,43,3,1526,0,1,7,0,8,984,497,50,3,1534,0,0,0,1534
06/24/2013,CLT,NC,ASO,ES,Combined TRACON& Tower with Radar,1001,495,56,2,1554,0,0,6,0,6,1001,495,62,2,1560,0,0,0,1560
06/25/2013,CLT,NC,ASO,ES,Combined TRACON& Tower with Radar,1034,504,80,8,1626,0,1,9,0,10,1034,505,89,8,1636,0,0,0,1636
06/26/2013,CLT,NC,ASO,ES,Combined TRACON& Tower with Radar,1015,484,66,3,1568,0,0,9,0,9,1015,484,75,3,1577,0,0,0,1577
06/27/2013,CLT,NC,ASO,ES,Combined TRACON& Tower with Radar,990,482,60,6,1538,0,0,16,0,16,990,482,76,6,1554,0,0,0,1554
06/28/2013,CLT,NC,ASO,ES,Combined TRACON& Tower with Radar,962,428,63,2,1455,0,0,22,0,22,962,428,85,2,1477,0,0,0,1477
06/29/2013,CLT,NC,ASO,ES,Combined TRACON& Tower with Radar,986,526,25,2,1539,0,3,9,0,12,986,529,34,2,1551,0,0,0,1551
06/30/2013,CLT,NC,ASO,ES,Combined TRACON& Tower with Radar,974,483,32,2,1491,0,0,4,0,4,974,483,36,2,1495,0,0,0,1495
07/01/2013,CLT,NC,ASO,ES,Combined TRACON& Tower with Radar,1021,454,46,2,1523,0,0,15,1,16,1021,454,61,3,1539,0,0,0,1539
07/02/2013,CLT,NC,ASO,ES,Combined TRACON& Tower with Radar,1045,470,49,4,1568,0,0,4,0,4,1045,470,53,4,1572,0,0,0,1572
07/03/2013,CLT,NC,ASO,ES,Combined TRACON& Tower with Radar,1048,455,40,0,1543,0,0,11,0,11,1048,455,51,0,1554,0,0,0,1554
07/04/2013,CLT,NC,ASO,ES,Combined TRACON& Tower with Radar,867,381,17,0,1265,0,0,4,0,4,867,381,21,0,1269,0,0,0,1269
07/05/2013,CLT,NC,ASO,ES,Combined TRACON& Tower with Radar,1018,421,20,1,1460,0,1,13,0,14,1018,422,33,1,1474,0,0,0,1474
07/06/2013,CLT,NC,ASO,ES,Combined TRACON& Tower with Radar,958,471,16,0,1445,0,0,8,0,8,958,471,24,0,1453,0,0,0,1453
07/07/2013,CLT,NC,ASO,ES,Combined TRACON& Tower with Radar,984,478,27,3,1492,0,0,0,0,0,984,478,27,3,1492,0,0,0,1492
07/08/2013,CLT,NC,ASO,ES,Combined TRACON& Tower with Radar,1052,485,79,2,1618,0,1,12,0,13,1052,486,91,2,1631,0,0,0,1631
07/09/2013,CLT,NC,ASO,ES,Combined TRACON& Tower with Radar,1028,495,57,4,1584,0,2,13,0,15,1028,497,70,4,1599,0,0,0,1599
07/10/2013,CLT,NC,ASO,ES,Combined TRACON& Tower with Radar,1005,479,70,3,1557,0,2,15,0,17,1005,481,85,3,1574,0,0,0,1574
07/11/2013,CLT,NC,ASO,ES,Combined TRACON& Tower with Radar,1017,463,66,4,1550,0,0,2,0,2,1017,463,68,4,1552,0,0,0,1552
07/12/2013,CLT,NC,ASO,ES,Combined TRACON& Tower with Radar,1057,495,71,2,1625,0,0,21,0,21,1057,495,92,2,1646,0,0,0,1646
07/13/2013,CLT,NC,ASO,ES,Combined TRACON& Tower with Radar,974,467,12,5,1458,0,6,3,0,9,974,473,15,5,1467,0,0,0,1467
07/14/2013,CLT,NC,ASO,ES,Combined TRACON& Tower with Radar,1008,483,40,2,1533,0,0,1,0,1,1008,483,41,2,1534,0,0,0,1534
07/15/2013,CLT,NC,ASO,ES,Combined TRACON& Tower with Radar,1054,492,37,2,1585,0,2,9,0,11,1054,494,46,2,1596,0,0,0,1596
07/16/2013,CLT,NC,ASO,ES,Combined TRACON& Tower with Radar,1051,494,73,2,1620,0,2,18,0,20,1051,496,91,2,1640,0,0,0,1640
07/17/2013,CLT,NC,ASO,ES,Combined TRACON& Tower with Radar,1018,431,54,8,1511,0,0,14,0,14,1018,431,68,8,1525,0,0,0,1525
07/18/2013,CLT,NC,ASO,ES,Combined TRACON& Tower with Radar,1067,490,83,2,1642,0,1,18,0,19,1067,491,101,2,1661,0,0,0,1661
07/19/2013,CLT,NC,ASO,ES,Combined TRACON& Tower with Radar,1051,473,81,2,1607,0,0,23,0,23,1051,473,104,2,1630,0,0,0,1630
07/20/2013,CLT,NC,ASO,ES,Combined TRACON& Tower with Radar,973,458,21,1,1453,0,0,5,0,5,973,458,26,1,1458,0,0,0,1458
07/21/2013,CLT,NC,ASO,ES,Combined TRACON& Tower with Radar,1009,463,35,1,1508,0,0,2,0,2,1009,463,37,1,1510,0,0,0,1510
07/22/2013,CLT,NC,ASO,ES,Combined TRACON& Tower with Radar,1023,482,63,0,1568,0,2,16,0,18,1023,484,79,0,1586,0,0,0,1586
07/23/2013,CLT,NC,ASO,ES,Combined TRACON& Tower with Radar,1050,490,77,8,1625,0,0,20,0,20,1050,490,97,8,1645,0,0,0,1645
07/24/2013,CLT,NC,ASO,ES,Combined TRACON& Tower with Radar,988,426,108,4,1526,0,0,14,0,14,988,426,122,4,1540,0,0,0,1540
07/25/2013,CLT,NC,ASO,ES,Combined TRACON& Tower with Radar,1057,500,62,3,1622,0,1,18,0,19,1057,501,80,3,1641,0,0,0,1641
07/26/2013,CLT,NC,ASO,ES,Combined TRACON& Tower with Radar,1044,474,54,4,1576,0,0,15,0,15,1044,474,69,4,1591,0,0,0,1591
07/27/2013,CLT,NC,ASO,ES,Combined TRACON& Tower with Radar,920,397,14,4,1335,0,0,4,0,4,920,397,18,4,1339,0,0,0,1339
07/28/2013,CLT,NC,ASO,ES,Combined TRACON& Tower with Radar,1002,477,42,5,1526,0,0,3,0,3,1002,477,45,5,1529,0,0,0,1529
07/29/2013,CLT,NC,ASO,ES,Combined TRACON& Tower with Radar,1043,487,53,5,1588,0,1,18,0,19,1043,488,71,5,1607,0,0,0,1607
07/30/2013,CLT,NC,ASO,ES,Combined TRACON& Tower with Radar,1048,494,92,4,1638,0,1,16,1,18,1048,495,108,5,1656,0,0,0,1656
07/31/2013,CLT,NC,ASO,ES,Combined TRACON& Tower with Radar,1042,465,72,7,1586,0,0,17,0,17,1042,465,89,7,1603,0,0,0,1603
08/01/2013,CLT,NC,ASO,ES,Combined TRACON& Tower with Radar,1040,474,79,6,1599,0,1,17,0,18,1040,475,96,6,1617,0,0,0,1617
08/02/2013,CLT,NC,ASO,ES,Combined TRACON& Tower with Radar,1043,482,77,1,1603,0,2,16,0,18,1043,484,93,1,1621,0,0,0,1621
08/03/2013,CLT,NC,ASO,ES,Combined TRACON& Tower with Radar,983,474,15,0,1472,0,2,13,0,15,983,476,28,0,1487,0,0,0,1487
08/04/2013,CLT,NC,ASO,ES,Combined TRACON& Tower with Radar,1011,471,43,0,1525,0,0,4,0,4,1011,471,47,0,1529,0,0,0,1529
08/05/2013,CLT,NC,ASO,ES,Combined TRACON& Tower with Radar,1038,486,47,3,1574,0,0,19,0,19,1038,486,66,3,1593,0,0,0,1593
08/06/2013,CLT,NC,ASO,ES,Combined TRACON& Tower with Radar,1035,503,61,8,1607,0,0,5,0,5,1035,503,66,8,1612,0,0,0,1612
08/07/2013,CLT,NC,ASO,ES,Combined TRACON& Tower with Radar,1033,484,64,9,1590,0,2,11,0,13,1033,486,75,9,1603,0,0,0,1603
08/08/2013,CLT,NC,ASO,ES,Combined TRACON& Tower with Radar,1041,489,55,8,1593,0,3,16,0,19,1041,492,71,8,1612,0,0,0,1612
08/09/2013,CLT,NC,ASO,ES,Combined TRACON& Tower with Radar,1044,475,48,2,1569,0,1,10,2,13,1044,476,58,4,1582,0,0,0,1582
08/10/2013,CLT,NC,ASO,ES,Combined TRACON& Tower with Radar,984,458,25,2,1469,0,0,8,0,8,984,458,33,2,1477,0,0,0,1477
08/11/2013,CLT,NC,ASO,ES,Combined TRACON& Tower with Radar,1000,483,34,0,1517,0,0,6,0,6,1000,483,40,0,1523,0,0,0,1523
08/12/2013,CLT,NC,ASO,ES,Combined TRACON& Tower with Radar,1030,474,41,0,1545,0,3,18,0,21,1030,477,59,0,1566,0,0,0,1566
08/13/2013,CLT,NC,ASO,ES,Combined TRACON& Tower with Radar,1038,485,69,5,1597,0,2,14,0,16,1038,487,83,5,1613,0,0,0,1613
08/14/2013,CLT,NC,ASO,ES,Combined TRACON& Tower with Radar,1049,480,56,12,1597,0,0,15,0,15,1049,480,71,12,1612,0,0,0,1612
08/15/2013,CLT,NC,ASO,ES,Combined TRACON& Tower with Radar,1057,495,66,8,1626,0,2,19,0,21,1057,497,85,8,1647,0,0,0,1647
08/16/2013,CLT,NC,ASO,ES,Combined TRACON& Tower with Radar,1056,504,51,2,1613,0,0,8,0,8,1056,504,59,2,1621,0,0,0,1621
08/17/2013,CLT,NC,ASO,ES,Combined TRACON& Tower with Radar,977,466,25,1,1469,0,0,1,0,1,977,466,26,1,1470,0,0,0,1470
08/18/2013,CLT,NC,ASO,ES,Combined TRACON& Tower with Radar,1004,484,44,1,1533,0,1,2,0,3,1004,485,46,1,1536,0,0,0,1536
08/19/2013,CLT,NC,ASO,ES,Combined TRACON& Tower with Radar,1042,479,49,3,1573,0,1,4,0,5,1042,480,53,3,1578,0,0,0,1578
08/20/2013,CLT,NC,ASO,ES,Combined TRACON& Tower with Radar,1029,473,78,13,1593,0,0,12,0,12,1029,473,90,13,1605,0,0,0,1605
08/21/2013,CLT,NC,ASO,ES,Combined TRACON& Tower with Radar,1030,477,76,6,1589,0,0,10,0,10,1030,477,86,6,1599,0,0,0,1599
08/22/2013,CLT,NC,ASO,ES,Combined TRACON& Tower with Radar,1039,479,93,6,1617,0,0,14,0,14,1039,479,107,6,1631,0,0,0,1631
08/23/2013,CLT,NC,ASO,ES,Combined TRACON& Tower with Radar,1055,477,69,1,1602,0,3,12,0,15,1055,480,81,1,1617,0,0,0,1617
08/24/2013,CLT,NC,ASO,ES,Combined TRACON& Tower with Radar,934,445,12,0,1391,0,1,10,0,11,934,446,22,0,1402,0,0,0,1402
08/25/2013,CLT,NC,ASO,ES,Combined TRACON& Tower with Radar,925,426,39,1,1391,0,1,7,0,8,925,427,46,1,1399,0,0,0,1399
08/26/2013,CLT,NC,ASO,ES,Combined TRACON& Tower with Radar,919,410,60,0,1389,0,2,28,0,30,919,412,88,0,1419,0,0,0,1419
08/27/2013,CLT,NC,ASO,ES,Combined TRACON& Tower with Radar,1029,470,54,5,1558,0,2,18,0,20,1029,472,72,5,1578,0,0,0,1578
08/28/2013,CLT,NC,ASO,ES,Combined TRACON& Tower with Radar,1026,465,64,7,1562,0,2,18,0,20,1026,467,82,7,1582,0,0,0,1582
08/29/2013,CLT,NC,ASO,ES,Combined TRACON& Tower with Radar,1049,473,76,5,1603,0,1,18,0,19,1049,474,94,5,1622,0,0,0,1622
08/30/2013,CLT,NC,ASO,ES,Combined TRACON& Tower with Radar,1038,462,52,1,1553,0,0,15,0,15,1038,462,67,1,1568,0,0,0,1568
08/31/2013,CLT,NC,ASO,ES,Combined TRACON& Tower with Radar,849,399,19,0,1267,0,1,5,0,6,849,400,24,0,1273,0,0,0,1273
09/01/2013,CLT,NC,ASO,ES,Combined TRACON& Tower with Radar,789,338,14,1,1142,0,0,4,0,4,789,338,18,1,1146,0,0,0,1146
09/02/2013,CLT,NC,ASO,ES,Combined TRACON& Tower with Radar,939,415,29,1,1384,0,0,9,0,9,939,415,38,1,1393,0,0,0,1393
09/03/2013,CLT,NC,ASO,ES,Combined TRACON& Tower with Radar,1023,455,54,7,1539,0,0,10,1,11,1023,455,64,8,1550,0,0,0,1550
09/04/2013,CLT,NC,ASO,ES,Combined TRACON& Tower with Radar,1016,463,53,4,1536,0,0,20,0,20,1016,463,73,4,1556,0,0,0,1556
09/05/2013,CLT,NC,ASO,ES,Combined TRACON& Tower with Radar,1022,457,70,5,1554,0,1,22,0,23,1022,458,92,5,1577,0,0,0,1577
09/06/2013,CLT,NC,ASO,ES,Combined TRACON& Tower with Radar,1044,459,79,2,1584,0,1,22,1,24,1044,460,101,3,1608,0,0,0,1608
09/07/2013,CLT,NC,ASO,ES,Combined TRACON& Tower with Radar,827,404,40,7,1278,0,0,16,1,17,827,404,56,8,1295,0,0,0,1295
09/08/2013,CLT,NC,ASO,ES,Combined TRACON& Tower with Radar,940,425,62,3,1430,0,0,17,0,17,940,425,79,3,1447,0,0,0,1447
09/09/2013,CLT,NC,ASO,ES,Combined TRACON& Tower with Radar,917,403,65,4,1389,0,1,17,0,18,917,404,82,4,1407,0,0,0,1407
09/10/2013,CLT,NC,ASO,ES,Combined TRACON& Tower with Radar,894,419,77,8,1398,0,2,19,0,21,894,421,96,8,1419,0,0,0,1419
09/11/2013,CLT,NC,ASO,ES,Combined TRACON& Tower with Radar,998,471,64,9,1542,0,1,33,0,34,998,472,97,9,1576,0,0,0,1576
09/12/2013,CLT,NC,ASO,ES,Combined TRACON& Tower with Radar,991,466,62,4,1523,0,1,17,0,18,991,467,79,4,1541,0,0,0,1541
09/13/2013,CLT,NC,ASO,ES,Combined TRACON& Tower with Radar,1029,480,58,0,1567,0,0,18,0,18,1029,480,76,0,1585,0,0,0,1585
09/14/2013,CLT,NC,ASO,ES,Combined TRACON& Tower with Radar,805,408,22,0,1235,0,1,16,0,17,805,409,38,0,1252,0,0,0,1252
09/15/2013,CLT,NC,ASO,ES,Combined TRACON& Tower with Radar,935,421,34,0,1390,0,1,11,0,12,935,422,45,0,1402,0,0,0,1402
09/16/2013,CLT,NC,ASO,ES,Combined TRACON& Tower with Radar,919,420,74,1,1414,0,1,20,0,21,919,421,94,1,1435,0,0,0,1435
09/17/2013,CLT,NC,ASO,ES,Combined TRACON& Tower with Radar,897,413,86,8,1404,0,1,4,0,5,897,414,90,8,1409,0,0,0,1409
09/18/2013,CLT,NC,ASO,ES,Combined TRACON& Tower with Radar,1002,465,85,10,1562,0,0,23,0,23,1002,465,108,10,1585,0,0,0,1585
09/19/2013,CLT,NC,ASO,ES,Combined TRACON& Tower with Radar,1010,477,87,14,1588,0,1,27,0,28,1010,478,114,14,1616,0,0,0,1616
09/20/2013,CLT,NC,ASO,ES,Combined TRACON& Tower with Radar,1032,466,71,1,1570,0,0,19,0,19,1032,466,90,1,1589,0,0,0,1589
09/21/2013,CLT,NC,ASO,ES,Combined TRACON& Tower with Radar,820,398,22,1,1241,0,1,6,0,7,820,399,28,1,1248,0,0,0,1248
09/22/2013,CLT,NC,ASO,ES,Combined TRACON& Tower with Radar,932,440,56,1,1429,0,2,15,0,17,932,442,71,1,1446,0,0,0,1446
09/23/2013,CLT,NC,ASO,ES,Combined TRACON& Tower with Radar,907,404,75,1,1387,0,1,21,0,22,907,405,96,1,1409,0,0,0,1409
09/24/2013,CLT,NC,ASO,ES,Combined TRACON& Tower with Radar,900,419,63,13,1395,0,3,14,0,17,900,422,77,13,1412,0,0,0,1412
09/25/2013,CLT,NC,ASO,ES,Combined TRACON& Tower with Radar,1006,465,94,15,1580,0,0,8,0,8,1006,465,102,15,1588,0,0,0,1588
09/26/2013,CLT,NC,ASO,ES,Combined TRACON& Tower with Radar,1017,465,80,10,1572,0,3,13,0,16,1017,468,93,10,1588,0,0,0,1588
09/27/2013,CLT,NC,ASO,ES,Combined TRACON& Tower with Radar,1017,457,61,2,1537,0,1,20,2,23,1017,458,81,4,1560,0,0,0,1560
09/28/2013,CLT,NC,ASO,ES,Combined TRACON& Tower with Radar,819,406,25,0,1250,0,0,15,0,15,819,406,40,0,1265,0,0,0,1265
09/29/2013,CLT,NC,ASO,ES,Combined TRACON& Tower with Radar,934,436,43,2,1415,0,1,8,1,10,934,437,51,3,1425,0,0,0,1425
09/30/2013,CLT,NC,ASO,ES,Combined TRACON& Tower with Radar,899,430,69,4,1402,0,2,13,0,15,899,432,82,4,1417,0,0,0,1417
10/01/2013,CLT,NC,ASO,ES,Combined TRACON& Tower with Radar,894,417,67,0,1378,0,1,32,0,33,894,418,99,0,1411,0,0,0,1411
10/02/2013,CLT,NC,ASO,ES,Combined TRACON& Tower with Radar,1010,481,78,0,1569,0,2,27,0,29,1010,483,105,0,1598,0,0,0,1598
10/03/2013,CLT,NC,ASO,ES,Combined TRACON& Tower with Radar,1025,472,69,0,1566,0,2,25,0,27,1025,474,94,0,1593,0,0,0,1593
10/04/2013,CLT,NC,ASO,ES,Combined TRACON& Tower with Radar,1043,454,58,0,1555,0,2,19,0,21,1043,456,77,0,1576,0,0,0,1576
10/05/2013,CLT,NC,ASO,ES,Combined TRACON& Tower with Radar,861,377,31,4,1273,0,0,16,0,16,861,377,47,4,1289,0,0,0,1289
10/06/2013,CLT,NC,ASO,ES,Combined TRACON& Tower with Radar,932,413,50,0,1395,0,1,10,0,11,932,414,60,0,1406,0,0,0,1406
10/07/2013,CLT,NC,ASO,ES,Combined TRACON& Tower with Radar,1006,459,57,0,1522,0,0,11,0,11,1006,459,68,0,1533,0,0,0,1533
10/08/2013,CLT,NC,ASO,ES,Combined TRACON& Tower with Radar,1017,461,64,3,1545,0,0,23,0,23,1017,461,87,3,1568,0,0,0,1568
10/09/2013,CLT,NC,ASO,ES,Combined TRACON& Tower with Radar,1022,473,79,2,1576,0,0,24,0,24,1022,473,103,2,1600,0,0,0,1600
10/10/2013,CLT,NC,ASO,ES,Combined TRACON& Tower with Radar,1034,468,72,4,1578,0,0,15,1,16,1034,468,87,5,1594,0,0,0,1594
10/11/2013,CLT,NC,ASO,ES,Combined TRACON& Tower with Radar,1041,466,71,0,1578,0,6,16,0,22,1041,472,87,0,1600,0,0,0,1600
10/12/2013,CLT,NC,ASO,ES,Combined TRACON& Tower with Radar,862,391,30,0,1283,0,29,10,0,39,862,420,40,0,1322,0,0,0,1322
10/13/2013,CLT,NC,ASO,ES,Combined TRACON& Tower with Radar,931,429,59,0,1419,0,5,5,0,10,931,434,64,0,1429,0,0,0,1429
10/14/2013,CLT,NC,ASO,ES,Combined TRACON& Tower with Radar,1033,474,77,0,1584,0,0,11,0,11,1033,474,88,0,1595,0,0,0,1595
10/15/2013,CLT,NC,ASO,ES,Combined TRACON& Tower with Radar,1022,464,96,2,1584,0,0,20,0,20,1022,464,116,2,1604,0,0,0,1604
10/16/2013,CLT,NC,ASO,ES,Combined TRACON& Tower with Radar,1020,488,74,3,1585,0,0,22,0,22,1020,488,96,3,1607,0,0,0,1607
10/17/2013,CLT,NC,ASO,ES,Combined TRACON& Tower with Radar,1045,474,78,3,1600,0,0,26,0,26,1045,474,104,3,1626,0,0,0,1626
10/18/2013,CLT,NC,ASO,ES,Combined TRACON& Tower with Radar,1036,469,93,0,1598,0,0,21,0,21,1036,469,114,0,1619,0,0,0,1619
10/19/2013,CLT,NC,ASO,ES,Combined TRACON& Tower with Radar,852,392,34,0,1278,0,0,6,0,6,852,392,40,0,1284,0,0,0,1284
10/20/2013,CLT,NC,ASO,ES,Combined TRACON& Tower with Radar,946,439,74,0,1459,0,0,13,0,13,946,439,87,0,1472,0,0,0,1472
10/21/2013,CLT,NC,ASO,ES,Combined TRACON& Tower with Radar,1037,463,57,0,1557,0,2,15,0,17,1037,465,72,0,1574,0,0,0,1574
10/22/2013,CLT,NC,ASO,ES,Combined TRACON& Tower with Radar,1024,465,81,8,1578,0,1,29,0,30,1024,466,110,8,1608,0,0,0,1608
10/23/2013,CLT,NC,ASO,ES,Combined TRACON& Tower with Radar,1032,473,69,8,1582,0,1,19,1,21,1032,474,88,9,1603,0,0,0,1603
10/24/2013,CLT,NC,ASO,ES,Combined TRACON& Tower with Radar,1053,475,96,10,1634,0,3,28,0,31,1053,478,124,10,1665,0,0,0,1665
10/25/2013,CLT,NC,ASO,ES,Combined TRACON& Tower with Radar,1038,461,67,2,1568,0,0,37,0,37,1038,461,104,2,1605,0,0,0,1605
10/26/2013,CLT,NC,ASO,ES,Combined TRACON& Tower with Radar,849,401,19,3,1272,0,1,12,0,13,849,402,31,3,1285,0,0,0,1285
10/27/2013,CLT,NC,ASO,ES,Combined TRACON& Tower with Radar,937,420,25,0,1382,0,2,18,0,20,937,422,43,0,1402,0,0,0,1402
10/28/2013,CLT,NC,ASO,ES,Combined TRACON& Tower with Radar,928,405,54,4,1391,0,1,15,0,16,928,406,69,4,1407,0,0,0,1407
10/29/2013,CLT,NC,ASO,ES,Combined TRACON& Tower with Radar,1041,478,72,7,1598,0,3,20,0,23,1041,481,92,7,1621,0,0,0,1621
10/30/2013,CLT,NC,ASO,ES,Combined TRACON& Tower with Radar,1048,467,90,12,1617,0,0,19,0,19,1048,467,109,12,1636,0,0,0,1636
10/31/2013,CLT,NC,ASO,ES,Combined TRACON& Tower with Radar,1037,458,70,0,1565,0,0,16,0,16,1037,458,86,0,1581,0,0,0,1581
11/01/2013,CLT,NC,ASO,ES,Combined TRACON& Tower with Radar,1054,476,55,2,1587,0,2,13,1,16,1054,478,68,3,1603,0,0,0,1603
11/02/2013,CLT,NC,ASO,ES,Combined TRACON& Tower with Radar,935,357,38,15,1345,0,0,9,0,9,935,357,47,15,1354,0,0,0,1354
11/03/2013,CLT,NC,ASO,ES,Combined TRACON& Tower with Radar,946,432,58,2,1438,0,0,22,0,22,946,432,80,2,1460,0,0,0,1460
11/04/2013,CLT,NC,ASO,ES,Combined TRACON& Tower with Radar,922,407,68,0,1397,0,1,16,0,17,922,408,84,0,1414,0,0,0,1414
11/05/2013,CLT,NC,ASO,ES,Combined TRACON& Tower with Radar,1034,472,88,16,1610,0,1,26,0,27,1034,473,114,16,1637,0,0,0,1637
11/06/2013,CLT,NC,ASO,ES,Combined TRACON& Tower with Radar,1059,458,66,8,1591,0,1,23,0,24,1059,459,89,8,1615,0,0,0,1615
11/07/2013,CLT,NC,ASO,ES,Combined TRACON& Tower with Radar,1065,459,78,10,1612,0,1,23,0,24,1065,460,101,10,1636,0,0,0,1636
11/08/2013,CLT,NC,ASO,ES,Combined TRACON& Tower with Radar,1072,442,67,0,1581,0,1,27,0,28,1072,443,94,0,1609,0,0,0,1609
11/09/2013,CLT,NC,ASO,ES,Combined TRACON& Tower with Radar,961,408,25,0,1394,0,1,24,0,25,961,409,49,0,1419,0,0,0,1419
11/10/2013,CLT,NC,ASO,ES,Combined TRACON& Tower with Radar,939,405,38,0,1382,0,2,16,0,18,939,407,54,0,1400,0,0,0,1400
11/11/2013,CLT,NC,ASO,ES,Combined TRACON& Tower with Radar,936,393,58,0,1387,0,3,25,0,28,936,396,83,0,1415,0,0,0,1415
11/12/2013,CLT,NC,ASO,ES,Combined TRACON& Tower with Radar,1034,450,67,6,1557,0,0,11,0,11,1034,450,78,6,1568,0,0,0,1568
11/13/2013,CLT,NC,ASO,ES,Combined TRACON& Tower with Radar,1043,466,75,8,1592,0,0,25,0,25,1043,466,100,8,1617,0,0,0,1617
11/14/2013,CLT,NC,ASO,ES,Combined TRACON& Tower with Radar,1069,474,107,11,1661,0,2,33,0,35,1069,476,140,11,1696,0,0,0,1696
11/15/2013,CLT,NC,ASO,ES,Combined TRACON& Tower with Radar,1058,458,74,5,1595,0,4,22,0,26,1058,462,96,5,1621,0,0,0,1621
11/16/2013,CLT,NC,ASO,ES,Combined TRACON& Tower with Radar,956,411,36,0,1403,0,3,4,0,7,956,414,40,0,1410,0,0,0,1410
11/17/2013,CLT,NC,ASO,ES,Combined TRACON& Tower with Radar,924,367,36,1,1328,0,0,2,0,2,924,367,38,1,1330,0,0,0,1330
11/18/2013,CLT,NC,ASO,ES,Combined TRACON& Tower with Radar,938,412,94,2,1446,0,1,22,0,23,938,413,116,2,1469,0,0,0,1469
11/19/2013,CLT,NC,ASO,ES,Combined TRACON& Tower with Radar,1052,462,95,10,1619,0,1,22,0,23,1052,463,117,10,1642,0,0,0,1642
11/20/2013,CLT,NC,ASO,ES,Combined TRACON& Tower with Radar,1059,465,75,8,1607,0,0,27,0,27,1059,465,102,8,1634,0,0,0,1634
11/21/2013,CLT,NC,ASO,ES,Combined TRACON& Tower with Radar,1049,469,95,15,1628,0,1,27,1,29,1049,470,122,16,1657,0,0,0,1657
11/22/2013,CLT,NC,ASO,ES,Combined TRACON& Tower with Radar,1055,455,76,2,1588,0,0,12,0,12,1055,455,88,2,1600,0,0,0,1600
11/23/2013,CLT,NC,ASO,ES,Combined TRACON& Tower with Radar,943,395,36,0,1374,0,2,11,0,13,943,397,47,0,1387,0,0,0,1387
11/24/2013,CLT,NC,ASO,ES,Combined TRACON& Tower with Radar,941,410,39,1,1391,0,0,10,0,10,941,410,49,1,1401,0,0,0,1401
11/25/2013,CLT,NC,ASO,ES,Combined TRACON& Tower with Radar,910,396,65,8,1379,0,0,18,0,18,910,396,83,8,1397,0,0,0,1397
11/26/2013,CLT,NC,ASO,ES,Combined TRACON& Tower with Radar,1091,454,42,0,1587,0,1,0,0,1,1091,455,42,0,1588,0,0,0,1588
11/27/2013,CLT,NC,ASO,ES,Combined TRACON& Tower with Radar,1141,498,37,0,1676,0,2,16,0,18,1141,500,53,0,1694,0,0,0,1694
11/28/2013,CLT,NC,ASO,ES,Combined TRACON& Tower with Radar,577,244,16,0,837,0,4,6,0,10,577,248,22,0,847,0,0,0,847
11/29/2013,CLT,NC,ASO,ES,Combined TRACON& Tower with Radar,797,333,14,0,1144,0,1,17,0,18,797,334,31,0,1162,0,0,0,1162
11/30/2013,CLT,NC,ASO,ES,Combined TRACON& Tower with Radar,1018,479,17,0,1514,0,3,15,0,18,1018,482,32,0,1532,0,0,0,1532
12/01/2013,CLT,NC,ASO,ES,Combined TRACON& Tower with Radar,1096,503,68,0,1667,0,0,12,0,12,1096,503,80,0,1679,0,0,0,1679
12/02/2013,CLT,NC,ASO,ES,Combined TRACON& Tower with Radar,1100,485,62,0,1647,0,1,24,0,25,1100,486,86,0,1672,0,0,0,1672
12/03/2013,CLT,NC,ASO,ES,Combined TRACON& Tower with Radar,904,423,65,7,1399,0,0,14,1,15,904,423,79,8,1414,0,0,0,1414
12/04/2013,CLT,NC,ASO,ES,Combined TRACON& Tower with Radar,1029,451,76,6,1562,0,1,5,0,6,1029,452,81,6,1568,0,0,0,1568
12/05/2013,CLT,NC,ASO,ES,Combined TRACON& Tower with Radar,1003,442,95,5,1545,0,0,0,0,0,1003,442,95,5,1545,0,0,0,1545
12/06/2013,CLT,NC,ASO,ES,Combined TRACON& Tower with Radar,997,467,68,1,1533,0,0,9,0,9,997,467,77,1,1542,0,0,0,1542
12/07/2013,CLT,NC,ASO,ES,Combined TRACON& Tower with Radar,820,374,24,4,1222,0,0,10,0,10,820,374,34,4,1232,0,0,0,1232
12/08/2013,CLT,NC,ASO,ES,Combined TRACON& Tower with Radar,872,360,30,3,1265,0,0,0,0,0,872,360,30,3,1265,0,0,0,1265
12/09/2013,CLT,NC,ASO,ES,Combined TRACON& Tower with Radar,890,366,63,0,1319,0,0,0,0,0,890,366,63,0,1319,0,0,0,1319
12/10/2013,CLT,NC,ASO,ES,Combined TRACON& Tower with Radar,859,393,92,10,1354,0,0,15,0,15,859,393,107,10,1369,0,0,0,1369
12/11/2013,CLT,NC,ASO,ES,Combined TRACON& Tower with Radar,1026,469,101,10,1606,0,1,27,0,28,1026,470,128,10,1634,0,0,0,1634
12/12/2013,CLT,NC,ASO,ES,Combined TRACON& Tower with Radar,1034,462,83,15,1594,0,2,20,0,22,1034,464,103,15,1616,0,0,0,1616
12/13/2013,CLT,NC,ASO,ES,Combined TRACON& Tower with Radar,1032,454,51,1,1538,0,1,15,0,16,1032,455,66,1,1554,0,0,0,1554
12/14/2013,CLT,NC,ASO,ES,Combined TRACON& Tower with Radar,819,361,23,1,1204,0,0,0,0,0,819,361,23,1,1204,0,0,0,1204
12/15/2013,CLT,NC,ASO,ES,Combined TRACON& Tower with Radar,922,418,51,1,1392,0,3,10,1,14,922,421,61,2,1406,0,0,0,1406
12/16/2013,CLT,NC,ASO,ES,Combined TRACON& Tower with Radar,902,406,72,1,1381,0,1,35,1,37,902,407,107,2,1418,0,0,0,1418
12/17/2013,CLT,NC,ASO,ES,Combined TRACON& Tower with Radar,901,404,85,10,1400,0,4,26,0,30,901,408,111,10,1430,0,0,0,1430
12/18/2013,CLT,NC,ASO,ES,Combined TRACON& Tower with Radar,1036,478,72,11,1597,0,0,20,0,20,1036,478,92,11,1617,0,0,0,1617
12/19/2013,CLT,NC,ASO,ES,Combined TRACON& Tower with Radar,1051,474,59,3,1587,0,3,24,0,27,1051,477,83,3,1614,0,0,0,1614
12/20/2013,CLT,NC,ASO,ES,Combined TRACON& Tower with Radar,1106,488,76,1,1671,0,4,20,0,24,1106,492,96,1,1695,0,0,0,1695
12/21/2013,CLT,NC,ASO,ES,Combined TRACON& Tower with Radar,1032,535,22,1,1590,0,2,24,0,26,1032,537,46,1,1616,0,0,0,1616
12/22/2013,CLT,NC,ASO,ES,Combined TRACON& Tower with Radar,1014,431,42,0,1487,0,0,1,0,1,1014,431,43,0,1488,0,0,0,1488
12/23/2013,CLT,NC,ASO,ES,Combined TRACON& Tower with Radar,1039,457,35,0,1531,0,0,2,0,2,1039,457,37,0,1533,0,0,0,1533
12/24/2013,CLT,NC,ASO,ES,Combined TRACON& Tower with Radar,903,405,11,1,1320,0,0,9,0,9,903,405,20,1,1329,0,0,0,1329
12/25/2013,CLT,NC,ASO,ES,Combined TRACON& Tower with Radar,983,463,8,0,1454,0,0,6,0,6,983,463,14,0,1460,0,0,0,1460
12/26/2013,CLT,NC,ASO,ES,Combined TRACON& Tower with Radar,1036,533,34,0,1603,0,1,12,0,13,1036,534,46,0,1616,0,0,0,1616
12/27/2013,CLT,NC,ASO,ES,Combined TRACON& Tower with Radar,1047,557,34,0,1638,0,0,14,0,14,1047,557,48,0,1652,0,0,0,1652
12/28/2013,CLT,NC,ASO,ES,Combined TRACON& Tower with Radar,964,488,50,0,1502,0,1,12,0,13,964,489,62,0,1515,0,0,0,1515
12/29/2013,CLT,NC,ASO,ES,Combined TRACON& Tower with Radar,1015,502,20,0,1537,0,1,2,0,3,1015,503,22,0,1540,0,0,0,1540
12/30/2013,CLT,NC,ASO,ES,Combined TRACON& Tower with Radar,1034,513,24,0,1571,0,1,12,0,13,1034,514,36,0,1584,0,0,0,1584
12/31/2013,CLT,NC,ASO,ES,Combined TRACON& Tower with Radar,1011,504,15,0,1530,0,1,18,1,20,1011,505,33,1,1550,0,0,0,1550
01/01/2014,CLT,NC,ASO,ES,Combined TRACON& Tower with Radar,922,455,12,0,1389,0,2,16,1,19,922,457,28,1,1408,0,0,0,1408
01/02/2014,CLT,NC,ASO,ES,Combined TRACON& Tower with Radar,1001,487,21,0,1509,0,0,7,0,7,1001,487,28,0,1516,0,0,0,1516
01/03/2014,CLT,NC,ASO,ES,Combined TRACON& Tower with Radar,986,493,34,0,1513,0,0,14,0,14,986,493,48,0,1527,0,0,0,1527
01/04/2014,CLT,NC,ASO,ES,Combined TRACON& Tower with Radar,953,473,34,0,1460,0,0,8,0,8,953,473,42,0,1468,0,0,0,1468
01/05/2014,CLT,NC,ASO,ES,Combined TRACON& Tower with Radar,933,381,31,0,1345,0,0,0,0,0,933,381,31,0,1345,0,0,0,1345
01/06/2014,CLT,NC,ASO,ES,Combined TRACON& Tower with Radar,973,421,44,0,1438,0,0,11,0,11,973,421,55,0,1449,0,0,0,1449
01/07/2014,CLT,NC,ASO,ES,Combined TRACON& Tower with Radar,895,349,48,2,1294,0,0,15,0,15,895,349,63,2,1309,0,0,0,1309
01/08/2014,CLT,NC,ASO,ES,Combined TRACON& Tower with Radar,1022,438,51,0,1511,0,3,20,0,23,1022,441,71,0,1534,0,0,0,1534
01/09/2014,CLT,NC,ASO,ES,Combined TRACON& Tower with Radar,1047,438,70,0,1555,0,2,19,0,21,1047,440,89,0,1576,0,0,0,1576
01/10/2014,CLT,NC,ASO,ES,Combined TRACON& Tower with Radar,1033,415,61,0,1509,0,0,0,0,0,1033,415,61,0,1509,0,0,0,1509
01/11/2014,CLT,NC,ASO,ES,Combined TRACON& Tower with Radar,908,382,21,0,1311,0,0,2,0,2,908,382,23,0,1313,0,0,0,1313
01/12/2014,CLT,NC,ASO,ES,Combined TRACON& Tower with Radar,924,414,82,0,1420,0,0,19,0,19,924,414,101,0,1439,0,0,0,1439
01/13/2014,CLT,NC,ASO,ES,Combined TRACON& Tower with Radar,919,394,41,0,1354,0,2,20,0,22,919,396,61,0,1376,0,0,0,1376
01/14/2014,CLT,NC,ASO,ES,Combined TRACON& Tower with Radar,915,389,59,9,1372,0,1,10,0,11,915,390,69,9,1383,0,0,0,1383
01/15/2014,CLT,NC,ASO,ES,Combined TRACON& Tower with Radar,1036,427,49,12,1524,0,1,10,0,11,1036,428,59,12,1535,0,0,0,1535
01/16/2014,CLT,NC,ASO,ES,Combined TRACON& Tower with Radar,1041,448,61,16,1566,0,3,22,0,25,1041,451,83,16,1591,0,0,0,1591
01/17/2014,CLT,NC,ASO,ES,Combined TRACON& Tower with Radar,1051,420,61,0,1532,0,2,21,0,23,1051,422,82,0,1555,0,0,0,1555
01/18/2014,CLT,NC,ASO,ES,Combined TRACON& Tower with Radar,951,411,24,0,1386,0,5,9,0,14,951,416,33,0,1400,0,0,0,1400
01/19/2014,CLT,NC,ASO,ES,Combined TRACON& Tower with Radar,935,393,24,0,1352,0,0,18,0,18,935,393,42,0,1370,0,0,0,1370
01/20/2014,CLT,NC,ASO,ES,Combined TRACON& Tower with Radar,915,394,49,0,1358,0,2,16,0,18,915,396,65,0,1376,0,0,0,1376
01/21/2014,CLT,NC,ASO,ES,Combined TRACON& Tower with Radar,843,352,62,10,1267,0,0,7,0,7,843,352,69,10,1274,0,0,0,1274
01/22/2014,CLT,NC,ASO,ES,Combined TRACON& Tower with Radar,992,435,64,10,1501,0,1,19,1,21,992,436,83,11,1522,0,0,0,1522
01/23/2014,CLT,NC,ASO,ES,Combined TRACON& Tower with Radar,1041,440,69,6,1556,0,1,19,1,21,1041,441,88,7,1577,0,0,0,1577
01/24/2014,CLT,NC,ASO,ES,Combined TRACON& Tower with Radar,1029,423,68,1,1521,0,1,27,1,29,1029,424,95,2,1550,0,0,0,1550
01/25/2014,CLT,NC,ASO,ES,Combined TRACON& Tower with Radar,958,402,18,0,1378,0,0,5,0,5,958,402,23,0,1383,0,0,0,1383
01/26/2014,CLT,NC,ASO,ES,Combined TRACON& Tower with Radar,923,385,34,0,1342,0,1,4,0,5,923,386,38,0,1347,0,0,0,1347
01/27/2014,CLT,NC,ASO,ES,Combined TRACON& Tower with Radar,922,387,79,0,1388,0,2,26,0,28,922,389,105,0,1416,0,0,0,1416
01/28/2014,CLT,NC,ASO,ES,Combined TRACON& Tower with Radar,746,282,53,6,1087,0,0,1,0,1,746,282,54,6,1088,0,0,0,1088
01/29/2014,CLT,NC,ASO,ES,Combined TRACON& Tower with Radar,920,331,63,1,1315,0,0,22,0,22,920,331,85,1,1337,0,0,0,1337
01/30/2014,CLT,NC,ASO,ES,Combined TRACON& Tower with Radar,1005,418,95,6,1524,0,0,14,0,14,1005,418,109,6,1538,0,0,0,1538
01/31/2014,CLT,NC,ASO,ES,Combined TRACON& Tower with Radar,1052,430,59,1,1542,0,1,29,0,30,1052,431,88,1,1572,0,0,0,1572
02/01/2014,CLT,NC,ASO,ES,Combined TRACON& Tower with Radar,945,398,24,0,1367,0,0,13,0,13,945,398,37,0,1380,0,0,0,1380
02/02/2014,CLT,NC,ASO,ES,Combined TRACON& Tower with Radar,902,380,21,0,1303,0,1,5,0,6,902,381,26,0,1309,0,0,0,1309
02/03/2014,CLT,NC,ASO,ES,Combined TRACON& Tower with Radar,885,391,62,0,1338,0,4,14,0,18,885,395,76,0,1356,0,0,0,1356
02/04/2014,CLT,NC,ASO,ES,Combined TRACON& Tower with Radar,879,381,78,6,1344,0,0,2,0,2,879,381,80,6,1346,0,0,0,1346
02/05/2014,CLT,NC,ASO,ES,Combined TRACON& Tower with Radar,969,401,63,5,1438,0,0,13,0,13,969,401,76,5,1451,0,0,0,1451
02/06/2014,CLT,NC,ASO,ES,Combined TRACON& Tower with Radar,1038,430,79,10,1557,0,3,23,2,28,1038,433,102,12,1585,0,0,0,1585
02/07/2014,CLT,NC,ASO,ES,Combined TRACON& Tower with Radar,1052,429,68,4,1553,0,2,22,1,25,1052,431,90,5,1578,0,0,0,1578
02/08/2014,CLT,NC,ASO,ES,Combined TRACON& Tower with Radar,946,400,28,0,1374,0,0,9,0,9,946,400,37,0,1383,0,0,0,1383
02/09/2014,CLT,NC,ASO,ES,Combined TRACON& Tower with Radar,929,400,46,2,1377,0,2,12,1,15,929,402,58,3,1392,0,0,0,1392
02/10/2014,CLT,NC,ASO,ES,Combined TRACON& Tower with Radar,930,395,69,0,1394,0,0,12,0,12,930,395,81,0,1406,0,0,0,1406
02/11/2014,CLT,NC,ASO,ES,Combined TRACON& Tower with Radar,703,264,77,0,1044,0,0,1,0,1,703,264,78,0,1045,0,0,0,1045
02/12/2014,CLT,NC,ASO,ES,Combined TRACON& Tower with Radar,456,41,22,0,519,0,0,1,0,1,456,41,23,0,520,0,0,0,520
02/13/2014,CLT,NC,ASO,ES,Combined TRACON& Tower with Radar,68,37,44,0,149,0,0,6,0,6,68,37,50,0,155,0,0,0,155
02/14/2014,CLT,NC,ASO,ES,Combined TRACON& Tower with Radar,783,345,84,1,1213,0,1,15,0,16,783,346,99,1,1229,0,0,0,1229
02/15/2014,CLT,NC,ASO,ES,Combined TRACON& Tower with Radar,889,404,18,1,1312,0,0,11,0,11,889,404,29,1,1323,0,0,0,1323
02/16/2014,CLT,NC,ASO,ES,Combined TRACON& Tower with Radar,985,420,42,0,1447,0,1,20,0,21,985,421,62,0,1468,0,0,0,1468
02/17/2014,CLT,NC,ASO,ES,Combined TRACON& Tower with Radar,1025,454,42,0,1521,0,2,16,0,18,1025,456,58,0,1539,0,0,0,1539
02/18/2014,CLT,NC,ASO,ES,Combined TRACON& Tower with Radar,1025,443,89,10,1567,0,1,23,0,24,1025,444,112,10,1591,0,0,0,1591
02/19/2014,CLT,NC,ASO,ES,Combined TRACON& Tower with Radar,1027,443,79,7,1556,0,0,23,0,23,1027,443,102,7,1579,0,0,0,1579
02/20/2014,CLT,NC,ASO,ES,Combined TRACON& Tower with Radar,1026,461,77,5,1569,0,3,23,0,26,1026,464,100,5,1595,0,0,0,1595
02/21/2014,CLT,NC,ASO,ES,Combined TRACON& Tower with Radar,982,411,47,1,1441,0,0,14,0,14,982,411,61,1,1455,0,0,0,1455
02/22/2014,CLT,NC,ASO,ES,Combined TRACON& Tower with Radar,944,400,28,0,1372,0,0,18,0,18,944,400,46,0,1390,0,0,0,1390
02/23/2014,CLT,NC,ASO,ES,Combined TRACON& Tower with Radar,996,431,40,3,1470,0,1,8,0,9,996,432,48,3,1479,0,0,0,1479
02/24/2014,CLT,NC,ASO,ES,Combined TRACON& Tower with Radar,1024,455,61,1,1541,0,3,32,2,37,1024,458,93,3,1578,0,0,0,1578
02/25/2014,CLT,NC,ASO,ES,Combined TRACON& Tower with Radar,1029,444,69,12,1554,0,0,20,0,20,1029,444,89,12,1574,0,0,0,1574
02/26/2014,CLT,NC,ASO,ES,Combined TRACON& Tower with Radar,1030,447,92,7,1576,0,1,31,1,33,1030,448,123,8,1609,0,0,0,1609
02/27/2014,CLT,NC,ASO,ES,Combined TRACON& Tower with Radar,1050,467,94,10,1621,0,0,27,1,28,1050,467,121,11,1649,0,0,0,1649
02/28/2014,CLT,NC,ASO,ES,Combined TRACON& Tower with Radar,1040,455,61,2,1558,0,2,26,0,28,1040,457,87,2,1586,0,0,0,1586
03/01/2014,CLT,NC,ASO,ES,Combined TRACON& Tower with Radar,946,419,33,0,1398,0,4,15,0,19,946,423,48,0,1417,0,0,0,1417
03/02/2014,CLT,NC,ASO,ES,Combined TRACON& Tower with Radar,958,418,55,2,1433,0,2,10,0,12,958,420,65,2,1445,0,0,0,1445
03/03/2014,CLT,NC,ASO,ES,Combined TRACON& Tower with Radar,943,398,34,1,1376,0,0,4,0,4,943,398,38,1,1380,0,0,0,1380
03/04/2014,CLT,NC,ASO,ES,Combined TRACON& Tower with Radar,1025,420,50,6,1501,0,0,28,0,28,1025,420,78,6,1529,0,0,0,1529
03/05/2014,CLT,NC,ASO,ES,Combined TRACON& Tower with Radar,1040,425,55,9,1529,0,0,21,1,22,1040,425,76,10,1551,0,0,0,1551
03/06/2014,CLT,NC,ASO,ES,Combined TRACON& Tower with Radar,1050,452,66,2,1570,0,0,6,0,6,1050,452,72,2,1576,0,0,0,1576
03/07/2014,CLT,NC,ASO,ES,Combined TRACON& Tower with Radar,1022,453,56,6,1537,0,0,4,2,6,1022,453,60,8,1543,0,0,0,1543
03/08/2014,CLT,NC,ASO,ES,Combined TRACON& Tower with Radar,952,431,12,6,1401,0,1,19,0,20,952,432,31,6,1421,0,0,0,1421
03/09/2014,CLT,NC,ASO,ES,Combined TRACON& Tower with Radar,996,431,36,3,1466,0,4,15,2,21,996,435,51,5,1487,0,0,0,1487
03/10/2014,CLT,NC,ASO,ES,Combined TRACON& Tower with Radar,1038,442,58,1,1539,0,1,15,0,16,1038,443,73,1,1555,0,0,0,1555
03/11/2014,CLT,NC,ASO,ES,Combined TRACON& Tower with Radar,1018,452,69,5,1544,0,2,26,0,28,1018,454,95,5,1572,0,0,0,1572
03/12/2014,CLT,NC,ASO,ES,Combined TRACON& Tower with Radar,1001,443,66,6,1516,0,2,2,0,4,1001,445,68,6,1520,0,0,0,1520
03/13/2014,CLT,NC,ASO,ES,Combined TRACON& Tower with Radar,1034,438,102,9,1583,0,2,25,0,27,1034,440,127,9,1610,0,0,0,1610
03/14/2014,CLT,NC,ASO,ES,Combined TRACON& Tower with Radar,1048,431,89,1,1569,0,0,21,0,21,1048,431,110,1,1590,0,0,0,1590
03/15/2014,CLT,NC,ASO,ES,Combined TRACON& Tower with Radar,958,421,27,1,1407,0,1,23,0,24,958,422,50,1,1431,0,0,0,1431
03/16/2014,CLT,NC,ASO,ES,Combined TRACON& Tower with Radar,1030,424,37,3,1494,0,0,1,0,1,1030,424,38,3,1495,0,0,0,1495
03/17/2014,CLT,NC,ASO,ES,Combined TRACON& Tower with Radar,1011,422,59,2,1494,0,0,0,0,0,1011,422,59,2,1494,0,0,0,1494
03/18/2014,CLT,NC,ASO,ES,Combined TRACON& Tower with Radar,1087,437,69,9,1602,0,0,0,0,0,1087,437,69,9,1602,0,0,0,1602
03/19/2014,CLT,NC,ASO,ES,Combined TRACON& Tower with Radar,1031,444,79,9,1563,0,0,4,2,6,1031,444,83,11,1569,0,0,0,1569
03/20/2014,CLT,NC,ASO,ES,Combined TRACON& Tower with Radar,1098,472,79,12,1661,0,2,25,2,29,1098,474,104,14,1690,0,0,0,1690
03/21/2014,CLT,NC,ASO,ES,Combined TRACON& Tower with Radar,1075,455,60,5,1595,0,1,33,0,34,1075,456,93,5,1629,0,0,0,1629
03/22/2014,CLT,NC,ASO,ES,Combined TRACON& Tower with Radar,956,429,24,0,1409,0,0,12,0,12,956,429,36,0,1421,0,0,0,1421
03/23/2014,CLT,NC,ASO,ES,Combined TRACON& Tower with Radar,993,435,25,0,1453,0,1,4,0,5,993,436,29,0,1458,0,0,0,1458
03/24/2014,CLT,NC,ASO,ES,Combined TRACON& Tower with Radar,1034,433,68,0,1535,0,0,20,0,20,1034,433,88,0,1555,0,0,0,1555
03/25/2014,CLT,NC,ASO,ES,Combined TRACON& Tower with Radar,1000,405,71,10,1486,0,2,7,0,9,1000,407,78,10,1495,0,0,0,1495
03/26/2014,CLT,NC,ASO,ES,Combined TRACON& Tower with Radar,1029,436,73,8,1546,0,3,22,0,25,1029,439,95,8,1571,0,0,0,1571
03/27/2014,CLT,NC,ASO,ES,Combined TRACON& Tower with Radar,1036,462,69,15,1582,0,2,24,0,26,1036,464,93,15,1608,0,0,0,1608
03/28/2014,CLT,NC,ASO,ES,Combined TRACON& Tower with Radar,1047,432,51,2,1532,0,0,15,0,15,1047,432,66,2,1547,0,0,0,1547
03/29/2014,CLT,NC,ASO,ES,Combined TRACON& Tower with Radar,950,420,18,0,1388,0,0,2,0,2,950,420,20,0,1390,0,0,0,1390
03/30/2014,CLT,NC,ASO,ES,Combined TRACON& Tower with Radar,998,447,48,2,1495,0,2,5,0,7,998,449,53,2,1502,0,0,0,1502
03/31/2014,CLT,NC,ASO,ES,Combined TRACON& Tower with Radar,1024,440,41,1,1506,0,2,21,0,23,1024,442,62,1,1529,0,0,0,1529
04/01/2014,CLT,NC,ASO,ES,Combined TRACON& Tower with Radar,988,443,67,5,1503,0,0,12,0,12,988,443,79,5,1515,0,0,0,1515
04/02/2014,CLT,NC,ASO,ES,Combined TRACON& Tower with Radar,1008,446,46,4,1504,0,1,32,0,33,1008,447,78,4,1537,0,0,0,1537
04/03/2014,CLT,NC,ASO,ES,Combined TRACON& Tower with Radar,1040,457,85,10,1592,0,0,27,0,27,1040,457,112,10,1619,0,0,0,1619
04/04/2014,CLT,NC,ASO,ES,Combined TRACON& Tower with Radar,1033,438,56,3,1530,0,0,22,0,22,1033,438,78,3,1552,0,0,0,1552
04/05/2014,CLT,NC,ASO,ES,Combined TRACON& Tower with Radar,938,446,24,1,1409,0,0,17,0,17,938,446,41,1,1426,0,0,0,1426
04/06/2014,CLT,NC,ASO,ES,Combined TRACON& Tower with Radar,986,446,39,8,1479,0,1,10,1,12,986,447,49,9,1491,0,0,0,1491
04/07/2014,CLT,NC,ASO,ES,Combined TRACON& Tower with Radar,1007,408,58,0,1473,0,0,0,0,0,1007,408,58,0,1473,0,0,0,1473
04/08/2014,CLT,NC,ASO,ES,Combined TRACON& Tower with Radar,1027,419,62,16,1524,0,0,10,0,10,1027,419,72,16,1534,0,0,0,1534
04/09/2014,CLT,NC,ASO,ES,Combined TRACON& Tower with Radar,1020,439,75,9,1543,0,2,25,1,28,1020,441,100,10,1571,0,0,0,1571
04/10/2014,CLT,NC,ASO,ES,Combined TRACON& Tower with Radar,1031,453,76,10,1570,0,1,24,0,25,1031,454,100,10,1595,0,0,0,1595
04/11/2014,CLT,NC,ASO,ES,Combined TRACON& Tower with Radar,1020,458,66,1,1545,0,1,35,0,36,1020,459,101,1,1581,0,0,0,1581
04/12/2014,CLT,NC,ASO,ES,Combined TRACON& Tower with Radar,948,436,20,0,1404,0,0,9,0,9,948,436,29,0,1413,0,0,0,1413
04/13/2014,CLT,NC,ASO,ES,Combined TRACON& Tower with Radar,984,443,49,1,1477,0,2,7,0,9,984,445,56,1,1486,0,0,0,1486
04/14/2014,CLT,NC,ASO,ES,Combined TRACON& Tower with Radar,1029,447,52,1,1529,0,0,18,0,18,1029,447,70,1,1547,0,0,0,1547
04/15/2014,CLT,NC,ASO,ES,Combined TRACON& Tower with Radar,1006,427,66,16,1515,0,0,10,0,10,1006,427,76,16,1525,0,0,0,1525
04/16/2014,CLT,NC,ASO,ES,Combined TRACON& Tower with Radar,1032,437,68,9,1546,0,0,18,1,19,1032,437,86,10,1565,0,0,0,1565
04/17/2014,CLT,NC,ASO,ES,Combined TRACON& Tower with Radar,1022,461,83,10,1576,0,1,17,0,18,1022,462,100,10,1594,0,0,0,1594
04/18/2014,CLT,NC,ASO,ES,Combined TRACON& Tower with Radar,1029,441,32,2,1504,0,1,10,0,11,1029,442,42,2,1515,0,0,0,1515
04/19/2014,CLT,NC,ASO,ES,Combined TRACON& Tower with Radar,945,438,21,0,1404,0,0,0,0,0,945,438,21,0,1404,0,0,0,1404
04/20/2014,CLT,NC,ASO,ES,Combined TRACON& Tower with Radar,992,447,35,0,1474,0,2,5,0,7,992,449,40,0,1481,0,0,0,1481
04/21/2014,CLT,NC,ASO,ES,Combined TRACON& Tower with Radar,1023,455,54,0,1532,0,0,25,0,25,1023,455,79,0,1557,0,0,0,1557
04/22/2014,CLT,NC,ASO,ES,Combined TRACON& Tower with Radar,1032,441,80,12,1565,0,1,13,0,14,1032,442,93,12,1579,0,0,0,1579
04/23/2014,CLT,NC,ASO,ES,Combined TRACON& Tower with Radar,1029,441,77,6,1553,0,1,24,0,25,1029,442,101,6,1578,0,0,0,1578
04/24/2014,CLT,NC,ASO,ES,Combined TRACON& Tower with Radar,1029,452,69,8,1558,0,0,24,0,24,1029,452,93,8,1582,0,0,0,1582
04/25/2014,CLT,NC,ASO,ES,Combined TRACON& Tower with Radar,1027,444,79,1,1551,0,0,17,0,17,1027,444,96,1,1568,0,0,0,1568
04/26/2014,CLT,NC,ASO,ES,Combined TRACON& Tower with Radar,932,443,26,2,1403,0,2,21,0,23,932,445,47,2,1426,0,0,0,1426
04/27/2014,CLT,NC,ASO,ES,Combined TRACON& Tower with Radar,977,461,53,4,1495,0,4,14,0,18,977,465,67,4,1513,0,0,0,1513
04/28/2014,CLT,NC,ASO,ES,Combined TRACON& Tower with Radar,1022,480,73,2,1577,0,1,23,0,24,1022,481,96,2,1601,0,0,0,1601
04/29/2014,CLT,NC,ASO,ES,Combined TRACON& Tower with Radar,1016,435,59,2,1512,0,0,5,0,5,1016,435,64,2,1517,0,0,0,1517
04/30/2014,CLT,NC,ASO,ES,Combined TRACON& Tower with Radar,1011,428,68,2,1509,0,1,16,0,17,1011,429,84,2,1526,0,0,0,1526
05/01/2014,CLT,NC,ASO,ES,Combined TRACON& Tower with Radar,1023,440,91,0,1554,0,3,19,2,24,1023,443,110,2,1578,0,0,0,1578
05/02/2014,CLT,NC,ASO,ES,Combined TRACON& Tower with Radar,1015,445,88,2,1550,0,0,24,3,27,1015,445,112,5,1577,0,0,0,1577
05/03/2014,CLT,NC,ASO,ES,Combined TRACON& Tower with Radar,921,430,30,3,1384,0,4,18,0,22,921,434,48,3,1406,0,0,0,1406
05/04/2014,CLT,NC,ASO,ES,Combined TRACON& Tower with Radar,985,446,59,2,1492,0,0,3,0,3,985,446,62,2,1495,0,0,0,1495
05/05/2014,CLT,NC,ASO,ES,Combined TRACON& Tower with Radar,1010,460,84,1,1555,0,0,33,0,33,1010,460,117,1,1588,0,0,0,1588
05/06/2014,CLT,NC,ASO,ES,Combined TRACON& Tower with Radar,1009,435,87,6,1537,0,1,43,1,45,1009,436,130,7,1582,0,0,0,1582
05/07/2014,CLT,NC,ASO,ES,Combined TRACON& Tower with Radar,1016,436,92,8,1552,0,3,18,0,21,1016,439,110,8,1573,0,0,0,1573
05/08/2014,CLT,NC,ASO,ES,Combined TRACON& Tower with Radar,1017,413,67,14,1511,0,0,31,0,31,1017,413,98,14,1542,0,0,0,1542
05/09/2014,CLT,NC,ASO,ES,Combined TRACON& Tower with Radar,1005,411,51,2,1469,0,0,11,0,11,1005,411,62,2,1480,0,0,0,1480
05/10/2014,CLT,NC,ASO,ES,Combined TRACON& Tower with Radar,917,394,21,0,1332,0,0,7,0,7,917,394,28,0,1339,0,0,0,1339
05/11/2014,CLT,NC,ASO,ES,Combined TRACON& Tower with Radar,992,428,31,2,1453,0,0,11,0,11,992,428,42,2,1464,0,0,0,1464
05/12/2014,CLT,NC,ASO,ES,Combined TRACON& Tower with Radar,986,451,66,2,1505,0,0,23,0,23,986,451,89,2,1528,0,0,0,1528
05/13/2014,CLT,NC,ASO,ES,Combined TRACON& Tower with Radar,985,422,64,8,1479,0,2,38,0,40,985,424,102,8,1519,0,0,0,1519
05/14/2014,CLT,NC,ASO,ES,Combined TRACON& Tower with Radar,1017,426,76,11,1530,0,1,11,0,12,1017,427,87,11,1542,0,0,0,1542
05/15/2014,CLT,NC,ASO,ES,Combined TRACON& Tower with Radar,1009,416,59,0,1484,0,0,2,1,3,1009,416,61,1,1487,0,0,0,1487
05/16/2014,CLT,NC,ASO,ES,Combined TRACON& Tower with Radar,1034,432,64,5,1535,0,0,19,0,19,1034,432,83,5,1554,0,0,0,1554
05/17/2014,CLT,NC,ASO,ES,Combined TRACON& Tower with Radar,937,430,23,4,1394,0,10,14,0,24,937,440,37,4,1418,0,0,0,1418
05/18/2014,CLT,NC,ASO,ES,Combined TRACON& Tower with Radar,990,424,37,4,1455,0,10,14,0,24,990,434,51,4,1479,0,0,0,1479
05/19/2014,CLT,NC,ASO,ES,Combined TRACON& Tower with Radar,1022,427,65,2,1516,0,2,26,0,28,1022,429,91,2,1544,0,0,0,1544
05/20/2014,CLT,NC,ASO,ES,Combined TRACON& Tower with Radar,1020,443,75,9,1547,0,2,25,0,27,1020,445,100,9,1574,0,0,0,1574
05/21/2014,CLT,NC,ASO,ES,Combined TRACON& Tower with Radar,1031,432,72,9,1544,0,2,25,1,28,1031,434,97,10,1572,0,0,0,1572
05/22/2014,CLT,NC,ASO,ES,Combined TRACON& Tower with Radar,1042,445,67,10,1564,0,1,30,0,31,1042,446,97,10,1595,0,0,0,1595
05/23/2014,CLT,NC,ASO,ES,Combined TRACON& Tower with Radar,1078,463,63,1,1605,0,3,20,0,23,1078,466,83,1,1628,0,0,0,1628
05/24/2014,CLT,NC,ASO,ES,Combined TRACON& Tower with Radar,940,410,18,2,1370,0,16,21,0,37,940,426,39,2,1407,0,0,0,1407
05/25/2014,CLT,NC,ASO,ES,Combined TRACON& Tower with Radar,949,405,10,1,1365,0,24,9,0,33,949,429,19,1,1398,0,0,0,1398
05/26/2014,CLT,NC,ASO,ES,Combined TRACON& Tower with Radar,1011,432,23,0,1466,0,4,24,0,28,1011,436,47,0,1494,0,0,0,1494
05/27/2014,CLT,NC,ASO,ES,Combined TRACON& Tower with Radar,1000,445,67,0,1512,0,1,20,0,21,1000,446,87,0,1533,0,0,0,1533
05/28/2014,CLT,NC,ASO,ES,Combined TRACON& Tower with Radar,1025,456,72,12,1565,0,3,23,0,26,1025,459,95,12,1591,0,0,0,1591
05/29/2014,CLT,NC,ASO,ES,Combined TRACON& Tower with Radar,919,409,80,4,1412,0,1,14,0,15,919,410,94,4,1427,0,0,0,1427
05/30/2014,CLT,NC,ASO,ES,Combined TRACON& Tower with Radar,1058,448,79,4,1589,0,0,20,0,20,1058,448,99,4,1609,0,0,0,1609
05/31/2014,CLT,NC,ASO,ES,Combined TRACON& Tower with Radar,937,430,19,1,1387,0,0,10,0,10,937,430,29,1,1397,0,0,0,1397
06/01/2014,CLT,NC,ASO,ES,Combined TRACON& Tower with Radar,986,413,45,1,1445,0,0,15,1,16,986,413,60,2,1461,0,0,0,1461
06/02/2014,CLT,NC,ASO,ES,Combined TRACON& Tower with Radar,1025,444,79,1,1549,0,1,28,0,29,1025,445,107,1,1578,0,0,0,1578
06/03/2014,CLT,NC,ASO,ES,Combined TRACON& Tower with Radar,997,448,63,12,1520,0,6,15,0,21,997,454,78,12,1541,0,0,0,1541
06/04/2014,CLT,NC,ASO,ES,Combined TRACON& Tower with Radar,1018,459,81,10,1568,0,0,20,0,20,1018,459,101,10,1588,0,0,0,1588
06/05/2014,CLT,NC,ASO,ES,Combined TRACON& Tower with Radar,1042,447,79,12,1580,0,5,23,0,28,1042,452,102,12,1608,0,0,0,1608
06/06/2014,CLT,NC,ASO,ES,Combined TRACON& Tower with Radar,1048,444,53,4,1549,0,0,29,0,29,1048,444,82,4,1578,0,0,0,1578
06/07/2014,CLT,NC,ASO,ES,Combined TRACON& Tower with Radar,941,423,29,11,1404,0,3,14,0,17,941,426,43,11,1421,0,0,0,1421
06/08/2014,CLT,NC,ASO,ES,Combined TRACON& Tower with Radar,967,436,55,6,1464,0,0,3,0,3,967,436,58,6,1467,0,0,0,1467
06/09/2014,CLT,NC,ASO,ES,Combined TRACON& Tower with Radar,1030,440,70,1,1541,0,0,13,0,13,1030,440,83,1,1554,0,0,0,1554
06/10/2014,CLT,NC,ASO,ES,Combined TRACON& Tower with Radar,1021,410,80,9,1520,0,0,18,0,18,1021,410,98,9,1538,0,0,0,1538
06/11/2014,CLT,NC,ASO,ES,Combined TRACON& Tower with Radar,1019,421,66,3,1509,0,0,15,0,15,1019,421,81,3,1524,0,0,0,1524
06/12/2014,CLT,NC,ASO,ES,Combined TRACON& Tower with Radar,1025,424,68,10,1527,0,0,17,0,17,1025,424,85,10,1544,0,0,0,1544
06/13/2014,CLT,NC,ASO,ES,Combined TRACON& Tower with Radar,1019,435,65,4,1523,0,2,19,0,21,1019,437,84,4,1544,0,0,0,1544
06/14/2014,CLT,NC,ASO,ES,Combined TRACON& Tower with Radar,953,432,29,6,1420,0,3,33,0,36,953,435,62,6,1456,0,0,0,1456
06/15/2014,CLT,NC,ASO,ES,Combined TRACON& Tower with Radar,982,441,42,1,1466,0,0,21,0,21,982,441,63,1,1487,0,0,0,1487
06/16/2014,CLT,NC,ASO,ES,Combined TRACON& Tower with Radar,1025,433,41,1,1500,0,0,12,0,12,1025,433,53,1,1512,0,0,0,1512
06/17/2014,CLT,NC,ASO,ES,Combined TRACON& Tower with Radar,1060,416,70,4,1550,0,1,11,0,12,1060,417,81,4,1562,0,0,0,1562
06/18/2014,CLT,NC,ASO,ES,Combined TRACON& Tower with Radar,1026,416,74,10,1526,0,0,17,0,17,1026,416,91,10,1543,0,0,0,1543
06/19/2014,CLT,NC,ASO,ES,Combined TRACON& Tower with Radar,1092,456,71,4,1623,0,2,19,0,21,1092,458,90,4,1644,0,0,0,1644
06/20/2014,CLT,NC,ASO,ES,Combined TRACON& Tower with Radar,1120,452,80,6,1658,0,0,19,0,19,1120,452,99,6,1677,0,0,0,1677
06/21/2014,CLT,NC,ASO,ES,Combined TRACON& Tower with Radar,962,409,30,8,1409,0,2,3,0,5,962,411,33,8,1414,0,0,0,1414
06/22/2014,CLT,NC,ASO,ES,Combined TRACON& Tower with Radar,1000,434,41,2,1477,0,2,8,0,10,1000,436,49,2,1487,0,0,0,1487
06/23/2014,CLT,NC,ASO,ES,Combined TRACON& Tower with Radar,1052,433,74,1,1560,0,0,15,0,15,1052,433,89,1,1575,0,0,0,1575
06/24/2014,CLT,NC,ASO,ES,Combined TRACON& Tower with Radar,1041,416,77,1,1535,0,1,13,0,14,1041,417,90,1,1549,0,0,0,1549
06/25/2014,CLT,NC,ASO,ES,Combined TRACON& Tower with Radar,1032,424,81,1,1538,0,1,15,0,16,1032,425,96,1,1554,0,0,0,1554
06/26/2014,CLT,NC,ASO,ES,Combined TRACON& Tower with Radar,1102,443,65,7,1617,0,3,20,0,23,1102,446,85,7,1640,0,0,0,1640
06/27/2014,CLT,NC,ASO,ES,Combined TRACON& Tower with Radar,1085,451,55,2,1593,0,1,11,0,12,1085,452,66,2,1605,0,0,0,1605
06/28/2014,CLT,NC,ASO,ES,Combined TRACON& Tower with Radar,966,422,26,4,1418,0,2,14,0,16,966,424,40,4,1434,0,0,0,1434
06/29/2014,CLT,NC,ASO,ES,Combined TRACON& Tower with Radar,985,427,39,0,1451,0,0,7,0,7,985,427,46,0,1458,0,0,0,1458
06/30/2014,CLT,NC,ASO,ES,Combined TRACON& Tower with Radar,1036,441,47,2,1526,0,0,10,0,10,1036,441,57,2,1536,0,0,0,1536
07/01/2014,CLT,NC,ASO,ES,Combined TRACON& Tower with Radar,1032,423,64,0,1519,0,2,24,0,26,1032,425,88,0,1545,0,0,0,1545
07/02/2014,CLT,NC,ASO,ES,Combined TRACON& Tower with Radar,1037,430,45,2,1514,0,1,22,0,23,1037,431,67,2,1537,0,0,0,1537
07/03/2014,CLT,NC,ASO,ES,Combined TRACON& Tower with Radar,948,424,45,2,1419,0,0,17,0,17,948,424,62,2,1436,0,0,0,1436
07/04/2014,CLT,NC,ASO,ES,Combined TRACON& Tower with Radar,886,367,12,3,1268,0,2,19,0,21,886,369,31,3,1289,0,0,0,1289
07/05/2014,CLT,NC,ASO,ES,Combined TRACON& Tower with Radar,962,421,27,0,1410,0,1,13,0,14,962,422,40,0,1424,0,0,0,1424
07/06/2014,CLT,NC,ASO,ES,Combined TRACON& Tower with Radar,1030,471,48,0,1549,0,0,13,0,13,1030,471,61,0,1562,0,0,0,1562
07/07/2014,CLT,NC,ASO,ES,Combined TRACON& Tower with Radar,1076,478,46,0,1600,0,1,8,0,9,1076,479,54,0,1609,0,0,0,1609
07/08/2014,CLT,NC,ASO,ES,Combined TRACON& Tower with Radar,1026,464,59,8,1557,0,0,15,0,15,1026,464,74,8,1572,0,0,0,1572
07/09/2014,CLT,NC,ASO,ES,Combined TRACON& Tower with Radar,1060,440,70,6,1576,0,1,12,2,15,1060,441,82,8,1591,0,0,0,1591
07/10/2014,CLT,NC,ASO,ES,Combined TRACON& Tower with Radar,1050,441,66,6,1563,0,0,11,0,11,1050,441,77,6,1574,0,0,0,1574
07/11/2014,CLT,NC,ASO,ES,Combined TRACON& Tower with Radar,1052,458,56,2,1568,0,0,30,0,30,1052,458,86,2,1598,0,0,0,1598
07/12/2014,CLT,NC,ASO,ES,Combined TRACON& Tower with Radar,958,421,30,0,1409,0,1,13,0,14,958,422,43,0,1423,0,0,0,1423
07/13/2014,CLT,NC,ASO,ES,Combined TRACON& Tower with Radar,994,451,41,4,1490,0,0,18,0,18,994,451,59,4,1508,0,0,0,1508
07/14/2014,CLT,NC,ASO,ES,Combined TRACON& Tower with Radar,1032,457,50,0,1539,0,1,21,0,22,1032,458,71,0,1561,0,0,0,1561
07/15/2014,CLT,NC,ASO,ES,Combined TRACON& Tower with Radar,998,425,61,8,1492,0,1,7,0,8,998,426,68,8,1500,0,0,0,1500
07/16/2014,CLT,NC,ASO,ES,Combined TRACON& Tower with Radar,1049,472,63,7,1591,0,2,21,2,25,1049,474,84,9,1616,0,0,0,1616
07/17/2014,CLT,NC,ASO,ES,Combined TRACON& Tower with Radar,1049,466,90,5,1610,0,1,30,0,31,1049,467,120,5,1641,0,0,0,1641
07/18/2014,CLT,NC,ASO,ES,Combined TRACON& Tower with Radar,1064,450,50,4,1568,0,2,17,0,19,1064,452,67,4,1587,0,0,0,1587
07/19/2014,CLT,NC,ASO,ES,Combined TRACON& Tower with Radar,955,422,22,2,1401,0,0,2,0,2,955,422,24,2,1403,0,0,0,1403
07/20/2014,CLT,NC,ASO,ES,Combined TRACON& Tower with Radar,1046,467,35,2,1550,0,1,2,0,3,1046,468,37,2,1553,0,0,0,1553
07/21/2014,CLT,NC,ASO,ES,Combined TRACON& Tower with Radar,1052,419,57,0,1528,0,0,11,0,11,1052,419,68,0,1539,0,0,0,1539
07/22/2014,CLT,NC,ASO,ES,Combined TRACON& Tower with Radar,1049,457,66,7,1579,0,1,6,1,8,1049,458,72,8,1587,0,0,0,1587
07/23/2014,CLT,NC,ASO,ES,Combined TRACON& Tower with Radar,1041,458,97,4,1600,0,1,13,2,16,1041,459,110,6,1616,0,0,0,1616
07/24/2014,CLT,NC,ASO,ES,Combined TRACON& Tower with Radar,1053,450,80,3,1586,0,0,19,3,22,1053,450,99,6,1608,0,0,0,1608
07/25/2014,CLT,NC,ASO,ES,Combined TRACON& Tower with Radar,1066,465,57,1,1589,0,1,22,0,23,1066,466,79,1,1612,0,0,0,1612
07/26/2014,CLT,NC,ASO,ES,Combined TRACON& Tower with Radar,963,420,26,2,1411,0,2,18,6,26,963,422,44,8,1437,0,0,0,1437
07/27/2014,CLT,NC,ASO,ES,Combined TRACON& Tower with Radar,994,429,46,2,1471,0,0,5,0,5,994,429,51,2,1476,0,0,0,1476
07/28/2014,CLT,NC,ASO,ES,Combined TRACON& Tower with Radar,1058,470,61,1,1590,0,1,17,0,18,1058,471,78,1,1608,0,0,0,1608
07/29/2014,CLT,NC,ASO,ES,Combined TRACON& Tower with Radar,1060,458,57,4,1579,0,0,23,0,23,1060,458,80,4,1602,0,0,0,1602
07/30/2014,CLT,NC,ASO,ES,Combined TRACON& Tower with Radar,1051,463,70,8,1592,0,1,21,0,22,1051,464,91,8,1614,0,0,0,1614
07/31/2014,CLT,NC,ASO,ES,Combined TRACON& Tower with Radar,1040,452,70,4,1566,0,0,18,0,18,1040,452,88,4,1584,0,0,0,1584
08/01/2014,CLT,NC,ASO,ES,Combined TRACON& Tower with Radar,1065,452,43,3,1563,0,0,7,0,7,1065,452,50,3,1570,0,0,0,1570
08/02/2014,CLT,NC,ASO,ES,Combined TRACON& Tower with Radar,962,425,23,9,1419,0,0,6,0,6,962,425,29,9,1425,0,0,0,1425
08/03/2014,CLT,NC,ASO,ES,Combined TRACON& Tower with Radar,986,450,43,3,1482,0,0,3,0,3,986,450,46,3,1485,0,0,0,1485
08/04/2014,CLT,NC,ASO,ES,Combined TRACON& Tower with Radar,1044,455,48,0,1547,0,0,32,0,32,1044,455,80,0,1579,0,0,0,1579
08/05/2014,CLT,NC,ASO,ES,Combined TRACON& Tower with Radar,1056,456,69,2,1583,0,1,17,2,20,1056,457,86,4,1603,0,0,0,1603
08/06/2014,CLT,NC,ASO,ES,Combined TRACON& Tower with Radar,1048,473,71,4,1596,0,2,18,0,20,1048,475,89,4,1616,0,0,0,1616
08/07/2014,CLT,NC,ASO,ES,Combined TRACON& Tower with Radar,1040,465,72,9,1586,0,2,33,0,35,1040,467,105,9,1621,0,0,0,1621
08/08/2014,CLT,NC,ASO,ES,Combined TRACON& Tower with Radar,1043,459,63,1,1566,0,0,18,0,18,1043,459,81,1,1584,0,0,0,1584
08/09/2014,CLT,NC,ASO,ES,Combined TRACON& Tower with Radar,960,419,36,1,1416,0,2,2,0,4,960,421,38,1,1420,0,0,0,1420
08/10/2014,CLT,NC,ASO,ES,Combined TRACON& Tower with Radar,1000,443,43,0,1486,0,0,0,0,0,1000,443,43,0,1486,0,0,0,1486
08/11/2014,CLT,NC,ASO,ES,Combined TRACON& Tower with Radar,1042,452,39,0,1533,0,0,10,0,10,1042,452,49,0,1543,0,0,0,1543
08/12/2014,CLT,NC,ASO,ES,Combined TRACON& Tower with Radar,1027,443,65,0,1535,0,0,14,0,14,1027,443,79,0,1549,0,0,0,1549
08/13/2014,CLT,NC,ASO,ES,Combined TRACON& Tower with Radar,1045,472,63,5,1585,0,0,25,0,25,1045,472,88,5,1610,0,0,0,1610
08/14/2014,CLT,NC,ASO,ES,Combined TRACON& Tower with Radar,1048,457,80,9,1594,0,3,37,0,40,1048,460,117,9,1634,0,0,0,1634
08/15/2014,CLT,NC,ASO,ES,Combined TRACON& Tower with Radar,1046,463,37,2,1548,0,2,18,0,20,1046,465,55,2,1568,0,0,0,1568
08/16/2014,CLT,NC,ASO,ES,Combined TRACON& Tower with Radar,950,423,25,4,1402,0,1,30,0,31,950,424,55,4,1433,0,0,0,1433
08/17/2014,CLT,NC,ASO,ES,Combined TRACON& Tower with Radar,996,460,37,2,1495,0,1,21,0,22,996,461,58,2,1517,0,0,0,1517
08/18/2014,CLT,NC,ASO,ES,Combined TRACON& Tower with Radar,1059,462,35,0,1556,0,1,15,2,18,1059,463,50,2,1574,0,0,0,1574
08/19/2014,CLT,NC,ASO,ES,Combined TRACON& Tower with Radar,1030,460,89,5,1584,0,0,10,1,11,1030,460,99,6,1595,0,0,0,1595
08/20/2014,CLT,NC,ASO,ES,Combined TRACON& Tower with Radar,1016,470,69,6,1561,0,1,18,0,19,1016,471,87,6,1580,0,0,0,1580
08/21/2014,CLT,NC,ASO,ES,Combined TRACON& Tower with Radar,1027,454,91,3,1575,0,4,30,1,35,1027,458,121,4,1610,0,0,0,1610
08/22/2014,CLT,NC,ASO,ES,Combined TRACON& Tower with Radar,1035,448,38,3,1524,0,0,17,0,17,1035,448,55,3,1541,0,0,0,1541
08/23/2014,CLT,NC,ASO,ES,Combined TRACON& Tower with Radar,906,428,12,3,1349,0,1,9,1,11,906,429,21,4,1360,0,0,0,1360
08/24/2014,CLT,NC,ASO,ES,Combined TRACON& Tower with Radar,911,411,40,3,1365,0,1,3,0,4,911,412,43,3,1369,0,0,0,1369
08/25/2014,CLT,NC,ASO,ES,Combined TRACON& Tower with Radar,1017,457,67,4,1545,0,1,29,2,32,1017,458,96,6,1577,0,0,0,1577
08/26/2014,CLT,NC,ASO,ES,Combined TRACON& Tower with Radar,1031,456,63,11,1561,0,0,23,1,24,1031,456,86,12,1585,0,0,0,1585
08/27/2014,CLT,NC,ASO,ES,Combined TRACON& Tower with Radar,1023,445,72,4,1544,0,2,42,1,45,1023,447,114,5,1589,0,0,0,1589
08/28/2014,CLT,NC,ASO,ES,Combined TRACON& Tower with Radar,1033,462,74,4,1573,0,1,31,0,32,1033,463,105,4,1605,0,0,0,1605
08/29/2014,CLT,NC,ASO,ES,Combined TRACON& Tower with Radar,1037,458,62,0,1557,0,1,25,0,26,1037,459,87,0,1583,0,0,0,1583
08/30/2014,CLT,NC,ASO,ES,Combined TRACON& Tower with Radar,825,391,33,2,1251,0,0,21,0,21,825,391,54,2,1272,0,0,0,1272
08/31/2014,CLT,NC,ASO,ES,Combined TRACON& Tower with Radar,764,325,16,1,1106,0,0,12,0,12,764,325,28,1,1118,0,0,0,1118
09/01/2014,CLT,NC,ASO,ES,Combined TRACON& Tower with Radar,922,416,31,0,1369,0,0,22,0,22,922,416,53,0,1391,0,0,0,1391
09/02/2014,CLT,NC,ASO,ES,Combined TRACON& Tower with Radar,1006,459,44,0,1509,0,0,21,0,21,1006,459,65,0,1530,0,0,0,1530
09/03/2014,CLT,NC,ASO,ES,Combined TRACON& Tower with Radar,1033,420,81,2,1536,0,0,16,0,16,1033,420,97,2,1552,0,0,0,1552
09/04/2014,CLT,NC,ASO,ES,Combined TRACON& Tower with Radar,1037,408,54,4,1503,0,0,14,0,14,1037,408,68,4,1517,0,0,0,1517
09/05/2014,CLT,NC,ASO,ES,Combined TRACON& Tower with Radar,1011,415,54,3,1483,0,0,22,0,22,1011,415,76,3,1505,0,0,0,1505
09/06/2014,CLT,NC,ASO,ES,Combined TRACON& Tower with Radar,841,369,27,5,1242,0,5,15,0,20,841,374,42,5,1262,0,0,0,1262
09/07/2014,CLT,NC,ASO,ES,Combined TRACON& Tower with Radar,935,378,40,1,1354,0,0,11,0,11,935,378,51,1,1365,0,0,0,1365
09/08/2014,CLT,NC,ASO,ES,Combined TRACON& Tower with Radar,1035,443,52,0,1530,0,1,10,0,11,1035,444,62,0,1541,0,0,0,1541
09/09/2014,CLT,NC,ASO,ES,Combined TRACON& Tower with Radar,908,380,60,8,1356,0,0,12,0,12,908,380,72,8,1368,0,0,0,1368
09/10/2014,CLT,NC,ASO,ES,Combined TRACON& Tower with Radar,1036,443,69,0,1548,0,2,11,0,13,1036,445,80,0,1561,0,0,0,1561
09/11/2014,CLT,NC,ASO,ES,Combined TRACON& Tower with Radar,1052,440,64,3,1559,0,3,15,0,18,1052,443,79,3,1577,0,0,0,1577
09/12/2014,CLT,NC,ASO,ES,Combined TRACON& Tower with Radar,1041,427,55,0,1523,0,0,16,0,16,1041,427,71,0,1539,0,0,0,1539
09/13/2014,CLT,NC,ASO,ES,Combined TRACON& Tower with Radar,861,368,19,0,1248,0,0,5,0,5,861,368,24,0,1253,0,0,0,1253
09/14/2014,CLT,NC,ASO,ES,Combined TRACON& Tower with Radar,955,393,47,1,1396,0,1,18,0,19,955,394,65,1,1415,0,0,0,1415
09/15/2014,CLT,NC,ASO,ES,Combined TRACON& Tower with Radar,1061,419,61,3,1544,0,1,13,0,14,1061,420,74,3,1558,0,0,0,1558
09/16/2014,CLT,NC,ASO,ES,Combined TRACON& Tower with Radar,910,379,74,6,1369,0,1,11,0,12,910,380,85,6,1381,0,0,0,1381
09/17/2014,CLT,NC,ASO,ES,Combined TRACON& Tower with Radar,1044,448,68,7,1567,0,1,3,2,6,1044,449,71,9,1573,0,0,0,1573
09/18/2014,CLT,NC,ASO,ES,Combined TRACON& Tower with Radar,1047,446,104,4,1601,0,0,14,2,16,1047,446,118,6,1617,0,0,0,1617
09/19/2014,CLT,NC,ASO,ES,Combined TRACON& Tower with Radar,1044,440,61,7,1552,0,0,9,0,9,1044,440,70,7,1561,0,0,0,1561
09/20/2014,CLT,NC,ASO,ES,Combined TRACON& Tower with Radar,848,368,31,3,1250,0,2,8,0,10,848,370,39,3,1260,0,0,0,1260
09/21/2014,CLT,NC,ASO,ES,Combined TRACON& Tower with Radar,949,398,71,2,1420,0,0,18,0,18,949,398,89,2,1438,0,0,0,1438
09/22/2014,CLT,NC,ASO,ES,Combined TRACON& Tower with Radar,1026,445,80,0,1551,0,2,18,0,20,1026,447,98,0,1571,0,0,0,1571
09/23/2014,CLT,NC,ASO,ES,Combined TRACON& Tower with Radar,884,404,81,6,1375,0,4,22,3,29,884,408,103,9,1404,0,0,0,1404
09/24/2014,CLT,NC,ASO,ES,Combined TRACON& Tower with Radar,1033,439,72,8,1552,0,0,9,0,9,1033,439,81,8,1561,0,0,0,1561
09/25/2014,CLT,NC,ASO,ES,Combined TRACON& Tower with Radar,1030,425,66,5,1526,0,1,10,0,11,1030,426,76,5,1537,0,0,0,1537
09/26/2014,CLT,NC,ASO,ES,Combined TRACON& Tower with Radar,1017,430,43,1,1491,0,1,17,0,18,1017,431,60,1,1509,0,0,0,1509
09/27/2014,CLT,NC,ASO,ES,Combined TRACON& Tower with Radar,848,365,35,0,1248,0,3,19,0,22,848,368,54,0,1270,0,0,0,1270
09/28/2014,CLT,NC,ASO,ES,Combined TRACON& Tower with Radar,936,401,50,2,1389,0,1,15,0,16,936,402,65,2,1405,0,0,0,1405
09/29/2014,CLT,NC,ASO,ES,Combined TRACON& Tower with Radar,1027,441,47,0,1515,0,2,6,0,8,1027,443,53,0,1523,0,0,0,1523
09/30/2014,CLT,NC,ASO,ES,Combined TRACON& Tower with Radar,880,347,67,8,1302,0,0,27,0,27,880,347,94,8,1329,0,0,0,1329
10/01/2014,CLT,NC,ASO,ES,Combined TRACON& Tower with Radar,1036,452,80,10,1578,0,1,17,0,18,1036,453,97,10,1596,0,0,0,1596
10/02/2014,CLT,NC,ASO,ES,Combined TRACON& Tower with Radar,1018,436,94,6,1554,0,0,21,0,21,1018,436,115,6,1575,0,0,0,1575
10/03/2014,CLT,NC,ASO,ES,Combined TRACON& Tower with Radar,1038,442,55,2,1537,0,0,10,2,12,1038,442,65,4,1549,0,0,0,1549
10/04/2014,CLT,NC,ASO,ES,Combined TRACON& Tower with Radar,846,381,30,0,1257,0,0,5,0,5,846,381,35,0,1262,0,0,0,1262
10/05/2014,CLT,NC,ASO,ES,Combined TRACON& Tower with Radar,938,404,55,0,1397,0,2,17,0,19,938,406,72,0,1416,0,0,0,1416
10/06/2014,CLT,NC,ASO,ES,Combined TRACON& Tower with Radar,1041,451,60,0,1552,0,0,10,0,10,1041,451,70,0,1562,0,0,0,1562
10/07/2014,CLT,NC,ASO,ES,Combined TRACON& Tower with Radar,1037,464,77,8,1586,0,0,14,0,14,1037,464,91,8,1600,0,0,0,1600
10/08/2014,CLT,NC,ASO,ES,Combined TRACON& Tower with Radar,1029,455,71,4,1559,0,0,28,0,28,1029,455,99,4,1587,0,0,0,1587
10/09/2014,CLT,NC,ASO,ES,Combined TRACON& Tower with Radar,1026,454,90,6,1576,0,2,28,0,30,1026,456,118,6,1606,0,0,0,1606
10/10/2014,CLT,NC,ASO,ES,Combined TRACON& Tower with Radar,1024,446,83,0,1553,0,4,26,0,30,1024,450,109,0,1583,0,0,0,1583
10/11/2014,CLT,NC,ASO,ES,Combined TRACON& Tower with Radar,845,369,16,0,1230,0,18,9,2,29,845,387,25,2,1259,0,0,0,1259
10/12/2014,CLT,NC,ASO,ES,Combined TRACON& Tower with Radar,937,403,63,0,1403,0,0,0,0,0,937,403,63,0,1403,0,0,0,1403
10/13/2014,CLT,NC,ASO,ES,Combined TRACON& Tower with Radar,1022,435,66,0,1523,0,0,4,1,5,1022,435,70,1,1528,0,0,0,1528
10/14/2014,CLT,NC,ASO,ES,Combined TRACON& Tower with Radar,1033,440,60,0,1533,0,0,10,1,11,1033,440,70,1,1544,0,0,0,1544
10/15/2014,CLT,NC,ASO,ES,Combined TRACON& Tower with Radar,1038,457,96,8,1599,0,5,24,1,30,1038,462,120,9,1629,0,0,0,1629
10/16/2014,CLT,NC,ASO,ES,Combined TRACON& Tower with Radar,1048,464,102,6,1620,0,2,29,7,38,1048,466,131,13,1658,0,0,0,1658
10/17/2014,CLT,NC,ASO,ES,Combined TRACON& Tower with Radar,1050,474,54,2,1580,0,0,26,0,26,1050,474,80,2,1606,0,0,0,1606
10/18/2014,CLT,NC,ASO,ES,Combined TRACON& Tower with Radar,842,394,32,1,1269,0,2,20,1,23,842,396,52,2,1292,0,0,0,1292
10/19/2014,CLT,NC,ASO,ES,Combined TRACON& Tower with Radar,968,399,75,0,1442,0,3,9,1,13,968,402,84,1,1455,0,0,0,1455
10/20/2014,CLT,NC,ASO,ES,Combined TRACON& Tower with Radar,1031,464,62,1,1558,0,2,9,0,11,1031,466,71,1,1569,0,0,0,1569
10/21/2014,CLT,NC,ASO,ES,Combined TRACON& Tower with Radar,1036,474,107,9,1626,0,0,12,0,12,1036,474,119,9,1638,0,0,0,1638
10/22/2014,CLT,NC,ASO,ES,Combined TRACON& Tower with Radar,1038,460,122,4,1624,0,0,23,0,23,1038,460,145,4,1647,0,0,0,1647
10/23/2014,CLT,NC,ASO,ES,Combined TRACON& Tower with Radar,1049,461,74,9,1593,0,0,41,0,41,1049,461,115,9,1634,0,0,0,1634
10/24/2014,CLT,NC,ASO,ES,Combined TRACON& Tower with Radar,1054,455,66,3,1578,0,0,17,0,17,1054,455,83,3,1595,0,0,0,1595
10/25/2014,CLT,NC,ASO,ES,Combined TRACON& Tower with Radar,842,389,23,2,1256,0,0,25,0,25,842,389,48,2,1281,0,0,0,1281
10/26/2014,CLT,NC,ASO,ES,Combined TRACON& Tower with Radar,939,404,46,2,1391,0,2,23,0,25,939,406,69,2,1416,0,0,0,1416
10/27/2014,CLT,NC,ASO,ES,Combined TRACON& Tower with Radar,1047,442,67,0,1556,0,1,14,0,15,1047,443,81,0,1571,0,0,0,1571
10/28/2014,CLT,NC,ASO,ES,Combined TRACON& Tower with Radar,1018,431,76,7,1532,0,0,22,2,24,1018,431,98,9,1556,0,0,0,1556
10/29/2014,CLT,NC,ASO,ES,Combined TRACON& Tower with Radar,1032,454,76,8,1570,0,0,25,0,25,1032,454,101,8,1595,0,0,0,1595
10/30/2014,CLT,NC,ASO,ES,Combined TRACON& Tower with Radar,1032,461,121,6,1620,0,3,34,2,39,1032,464,155,8,1659,0,0,0,1659
10/31/2014,CLT,NC,ASO,ES,Combined TRACON& Tower with Radar,886,399,80,2,1367,0,1,14,2,17,886,400,94,4,1384,0,0,0,1384
11/01/2014,CLT,NC,ASO,ES,Combined TRACON& Tower with Radar,784,365,26,4,1179,0,1,5,0,6,784,366,31,4,1185,0,0,0,1185
11/02/2014,CLT,NC,ASO,ES,Combined TRACON& Tower with Radar,948,376,27,1,1352,0,1,13,0,14,948,377,40,1,1366,0,0,0,1366
11/03/2014,CLT,NC,ASO,ES,Combined TRACON& Tower with Radar,1037,445,45,0,1527,0,1,15,1,17,1037,446,60,1,1544,0,0,0,1544
11/04/2014,CLT,NC,ASO,ES,Combined TRACON& Tower with Radar,1024,452,73,7,1556,0,1,13,0,14,1024,453,86,7,1570,0,0,0,1570
11/05/2014,CLT,NC,ASO,ES,Combined TRACON& Tower with Radar,1053,455,69,4,1581,0,0,19,0,19,1053,455,88,4,1600,0,0,0,1600
11/06/2014,CLT,NC,ASO,ES,Combined TRACON& Tower with Radar,1038,447,96,7,1588,0,0,22,0,22,1038,447,118,7,1610,0,0,0,1610
11/07/2014,CLT,NC,ASO,ES,Combined TRACON& Tower with Radar,1054,453,78,2,1587,0,2,36,0,38,1054,455,114,2,1625,0,0,0,1625
11/08/2014,CLT,NC,ASO,ES,Combined TRACON& Tower with Radar,939,433,28,0,1400,0,2,14,0,16,939,435,42,0,1416,0,0,0,1416
11/09/2014,CLT,NC,ASO,ES,Combined TRACON& Tower with Radar,949,408,46,2,1405,0,0,7,0,7,949,408,53,2,1412,0,0,0,1412
11/10/2014,CLT,NC,ASO,ES,Combined TRACON& Tower with Radar,924,382,59,0,1365,0,0,20,0,20,924,382,79,0,1385,0,0,0,1385
11/11/2014,CLT,NC,ASO,ES,Combined TRACON& Tower with Radar,1032,445,81,0,1558,0,0,31,0,31,1032,445,112,0,1589,0,0,0,1589
11/12/2014,CLT,NC,ASO,ES,Combined TRACON& Tower with Radar,1046,427,65,4,1542,0,0,25,0,25,1046,427,90,4,1567,0,0,0,1567
11/13/2014,CLT,NC,ASO,ES,Combined TRACON& Tower with Radar,1040,437,93,11,1581,0,0,17,0,17,1040,437,110,11,1598,0,0,0,1598
11/14/2014,CLT,NC,ASO,ES,Combined TRACON& Tower with Radar,1056,442,73,0,1571,0,1,21,0,22,1056,443,94,0,1593,0,0,0,1593
11/15/2014,CLT,NC,ASO,ES,Combined TRACON& Tower with Radar,952,422,27,0,1401,0,1,17,0,18,952,423,44,0,1419,0,0,0,1419
11/16/2014,CLT,NC,ASO,ES,Combined TRACON& Tower with Radar,959,378,68,2,1407,0,1,10,1,12,959,379,78,3,1419,0,0,0,1419
11/17/2014,CLT,NC,ASO,ES,Combined TRACON& Tower with Radar,876,359,42,0,1277,0,0,0,0,0,876,359,42,0,1277,0,0,0,1277
11/18/2014,CLT,NC,ASO,ES,Combined TRACON& Tower with Radar,1024,431,55,12,1522,0,0,15,0,15,1024,431,70,12,1537,0,0,0,1537
11/19/2014,CLT,NC,ASO,ES,Combined TRACON& Tower with Radar,1027,449,69,6,1551,0,1,24,0,25,1027,450,93,6,1576,0,0,0,1576
11/20/2014,CLT,NC,ASO,ES,Combined TRACON& Tower with Radar,1052,436,78,5,1571,0,0,22,0,22,1052,436,100,5,1593,0,0,0,1593
11/21/2014,CLT,NC,ASO,ES,Combined TRACON& Tower with Radar,1053,440,78,0,1571,0,4,22,0,26,1053,444,100,0,1597,0,0,0,1597
11/22/2014,CLT,NC,ASO,ES,Combined TRACON& Tower with Radar,947,421,33,1,1402,0,1,18,0,19,947,422,51,1,1421,0,0,0,1421
11/23/2014,CLT,NC,ASO,ES,Combined TRACON& Tower with Radar,936,376,20,0,1332,0,0,0,0,0,936,376,20,0,1332,0,0,0,1332
11/24/2014,CLT,NC,ASO,ES,Combined TRACON& Tower with Radar,900,379,72,10,1361,0,1,20,0,21,900,380,92,10,1382,0,0,0,1382
11/25/2014,CLT,NC,ASO,ES,Combined TRACON& Tower with Radar,1065,457,71,8,1601,0,1,15,2,18,1065,458,86,10,1619,0,0,0,1619
11/26/2014,CLT,NC,ASO,ES,Combined TRACON& Tower with Radar,1095,454,42,0,1591,0,1,10,0,11,1095,455,52,0,1602,0,0,0,1602
11/27/2014,CLT,NC,ASO,ES,Combined TRACON& Tower with Radar,578,237,4,0,819,0,1,6,0,7,578,238,10,0,826,0,0,0,826
11/28/2014,CLT,NC,ASO,ES,Combined TRACON& Tower with Radar,803,323,9,0,1135,0,1,18,0,19,803,324,27,0,1154,0,0,0,1154
11/29/2014,CLT,NC,ASO,ES,Combined TRACON& Tower with Radar,1038,460,34,0,1532,0,0,10,0,10,1038,460,44,0,1542,0,0,0,1542
11/30/2014,CLT,NC,ASO,ES,Combined TRACON& Tower with Radar,1125,462,63,0,1650,0,4,11,0,15,1125,466,74,0,1665,0,0,0,1665
12/01/2014,CLT,NC,ASO,ES,Combined TRACON& Tower with Radar,1081,457,51,0,1589,0,0,17,0,17,1081,457,68,0,1606,0,0,0,1606
12/02/2014,CLT,NC,ASO,ES,Combined TRACON& Tower with Radar,897,387,81,3,1368,0,0,2,0,2,897,387,83,3,1370,0,0,0,1370
12/03/2014,CLT,NC,ASO,ES,Combined TRACON& Tower with Radar,1022,416,80,6,1524,0,0,12,0,12,1022,416,92,6,1536,0,0,0,1536
12/04/2014,CLT,NC,ASO,ES,Combined TRACON& Tower with Radar,1043,444,62,10,1559,0,1,19,0,20,1043,445,81,10,1579,0,0,0,1579
12/05/2014,CLT,NC,ASO,ES,Combined TRACON& Tower with Radar,1035,448,73,5,1561,0,0,9,0,9,1035,448,82,5,1570,0,0,0,1570
12/06/2014,CLT,NC,ASO,ES,Combined TRACON& Tower with Radar,825,414,50,3,1292,0,0,0,0,0,825,414,50,3,1292,0,0,0,1292
12/07/2014,CLT,NC,ASO,ES,Combined TRACON& Tower with Radar,932,403,53,4,1392,0,1,10,0,11,932,404,63,4,1403,0,0,0,1403
12/08/2014,CLT,NC,ASO,ES,Combined TRACON& Tower with Radar,903,397,64,0,1364,0,1,12,0,13,903,398,76,0,1377,0,0,0,1377
12/09/2014,CLT,NC,ASO,ES,Combined TRACON& Tower with Radar,906,391,94,10,1401,0,1,17,0,18,906,392,111,10,1419,0,0,0,1419
12/10/2014,CLT,NC,ASO,ES,Combined TRACON& Tower with Radar,1023,432,80,6,1541,0,1,28,0,29,1023,433,108,6,1570,0,0,0,1570
12/11/2014,CLT,NC,ASO,ES,Combined TRACON& Tower with Radar,1025,435,86,12,1558,0,2,12,0,14,1025,437,98,12,1572,0,0,0,1572
12/12/2014,CLT,NC,ASO,ES,Combined TRACON& Tower with Radar,1035,442,57,0,1534,0,1,18,0,19,1035,443,75,0,1553,0,0,0,1553
12/13/2014,CLT,NC,ASO,ES,Combined TRACON& Tower with Radar,836,399,31,0,1266,0,1,29,0,30,836,400,60,0,1296,0,0,0,1296
12/14/2014,CLT,NC,ASO,ES,Combined TRACON& Tower with Radar,948,390,35,2,1375,0,0,8,0,8,948,390,43,2,1383,0,0,0,1383
12/15/2014,CLT,NC,ASO,ES,Combined TRACON& Tower with Radar,916,397,68,9,1390,0,0,19,0,19,916,397,87,9,1409,0,0,0,1409
12/16/2014,CLT,NC,ASO,ES,Combined TRACON& Tower with Radar,913,387,76,12,1388,0,0,7,0,7,913,387,83,12,1395,0,0,0,1395
12/17/2014,CLT,NC,ASO,ES,Combined TRACON& Tower with Radar,1051,443,88,7,1589,0,0,22,0,22,1051,443,110,7,1611,0,0,0,1611
12/18/2014,CLT,NC,ASO,ES,Combined TRACON& Tower with Radar,1070,472,95,4,1641,0,2,17,0,19,1070,474,112,4,1660,0,0,0,1660
12/19/2014,CLT,NC,ASO,ES,Combined TRACON& Tower with Radar,1116,491,62,1,1670,0,1,19,1,21,1116,492,81,2,1691,0,0,0,1691
12/20/2014,CLT,NC,ASO,ES,Combined TRACON& Tower with Radar,1006,462,35,1,1504,0,0,5,0,5,1006,462,40,1,1509,0,0,0,1509
12/21/2014,CLT,NC,ASO,ES,Combined TRACON& Tower with Radar,1000,437,47,0,1484,0,2,7,0,9,1000,439,54,0,1493,0,0,0,1493
12/22/2014,CLT,NC,ASO,ES,Combined TRACON& Tower with Radar,1020,444,35,0,1499,0,0,0,0,0,1020,444,35,0,1499,0,0,0,1499
12/23/2014,CLT,NC,ASO,ES,Combined TRACON& Tower with Radar,1004,395,21,2,1422,0,0,0,0,0,1004,395,21,2,1422,0,0,0,1422
12/24/2014,CLT,NC,ASO,ES,Combined TRACON& Tower with Radar,909,327,10,1,1247,0,0,0,0,0,909,327,10,1,1247,0,0,0,1247
12/25/2014,CLT,NC,ASO,ES,Combined TRACON& Tower with Radar,977,432,7,0,1416,0,1,4,0,5,977,433,11,0,1421,0,0,0,1421
12/26/2014,CLT,NC,ASO,ES,Combined TRACON& Tower with Radar,1020,453,38,1,1512,0,1,22,0,23,1020,454,60,1,1535,0,0,0,1535
12/27/2014,CLT,NC,ASO,ES,Combined TRACON& Tower with Radar,949,441,28,0,1418,0,1,12,0,13,949,442,40,0,1431,0,0,0,1431
12/28/2014,CLT,NC,ASO,ES,Combined TRACON& Tower with Radar,1039,447,22,0,1508,0,0,0,0,0,1039,447,22,0,1508,0,0,0,1508
12/29/2014,CLT,NC,ASO,ES,Combined TRACON& Tower with Radar,1069,454,25,0,1548,0,1,4,0,5,1069,455,29,0,1553,0,0,0,1553
12/30/2014,CLT,NC,ASO,ES,Combined TRACON& Tower with Radar,1024,452,52,1,1529,0,1,9,0,10,1024,453,61,1,1539,0,0,0,1539
12/31/2014,CLT,NC,ASO,ES,Combined TRACON& Tower with Radar,1010,426,31,0,1467,0,3,28,0,31,1010,429,59,0,1498,0,0,0,1498
01/01/2015,CLT,NC,ASO,ES,Combined TRACON& Tower with Radar,917,383,17,0,1317,0,2,16,0,18,917,385,33,0,1335,0,0,0,1335
01/02/2015,CLT,NC,ASO,ES,Combined TRACON& Tower with Radar,1033,435,40,0,1508,0,3,14,0,17,1033,438,54,0,1525,0,0,0,1525
01/03/2015,CLT,NC,ASO,ES,Combined TRACON& Tower with Radar,973,436,47,0,1456,0,0,0,0,0,973,436,47,0,1456,0,0,0,1456
01/04/2015,CLT,NC,ASO,ES,Combined TRACON& Tower with Radar,1045,436,34,1,1516,0,0,0,0,0,1045,436,34,1,1516,0,0,0,1516
01/05/2015,CLT,NC,ASO,ES,Combined TRACON& Tower with Radar,1037,448,38,0,1523,0,1,25,0,26,1037,449,63,0,1549,0,0,0,1549
01/06/2015,CLT,NC,ASO,ES,Combined TRACON& Tower with Radar,882,408,46,12,1348,0,0,14,0,14,882,408,60,12,1362,0,0,0,1362
01/07/2015,CLT,NC,ASO,ES,Combined TRACON& Tower with Radar,1002,458,34,5,1499,0,0,8,0,8,1002,458,42,5,1507,0,0,0,1507
01/08/2015,CLT,NC,ASO,ES,Combined TRACON& Tower with Radar,1023,446,66,7,1542,0,2,18,2,22,1023,448,84,9,1564,0,0,0,1564
01/09/2015,CLT,NC,ASO,ES,Combined TRACON& Tower with Radar,1021,456,37,10,1524,0,0,15,2,17,1021,456,52,12,1541,0,0,0,1541
01/10/2015,CLT,NC,ASO,ES,Combined TRACON& Tower with Radar,904,443,19,0,1366,0,1,6,0,7,904,444,25,0,1373,0,0,0,1373
01/11/2015,CLT,NC,ASO,ES,Combined TRACON& Tower with Radar,905,419,34,1,1359,0,0,0,1,1,905,419,34,2,1360,0,0,0,1360
01/12/2015,CLT,NC,ASO,ES,Combined TRACON& Tower with Radar,873,366,48,0,1287,0,0,0,0,0,873,366,48,0,1287,0,0,0,1287
01/13/2015,CLT,NC,ASO,ES,Combined TRACON& Tower with Radar,882,395,78,1,1356,0,0,0,0,0,882,395,78,1,1356,0,0,0,1356
01/14/2015,CLT,NC,ASO,ES,Combined TRACON& Tower with Radar,1005,442,63,8,1518,0,1,14,0,15,1005,443,77,8,1533,0,0,0,1533
01/15/2015,CLT,NC,ASO,ES,Combined TRACON& Tower with Radar,1029,461,75,8,1573,0,0,13,1,14,1029,461,88,9,1587,0,0,0,1587
01/16/2015,CLT,NC,ASO,ES,Combined TRACON& Tower with Radar,1018,413,64,3,1498,0,0,17,0,17,1018,413,81,3,1515,0,0,0,1515
01/17/2015,CLT,NC,ASO,ES,Combined TRACON& Tower with Radar,909,434,12,0,1355,0,4,16,0,20,909,438,28,0,1375,0,0,0,1375
01/18/2015,CLT,NC,ASO,ES,Combined TRACON& Tower with Radar,898,386,26,1,1311,0,1,5,0,6,898,387,31,1,1317,0,0,0,1317
01/19/2015,CLT,NC,ASO,ES,Combined TRACON& Tower with Radar,900,397,40,1,1338,0,2,16,0,18,900,399,56,1,1356,0,0,0,1356
01/20/2015,CLT,NC,ASO,ES,Combined TRACON& Tower with Radar,897,378,45,5,1325,0,6,25,0,31,897,384,70,5,1356,0,0,0,1356
01/21/2015,CLT,NC,ASO,ES,Combined TRACON& Tower with Radar,1013,452,50,5,1520,0,3,21,2,26,1013,455,71,7,1546,0,0,0,1546
01/22/2015,CLT,NC,ASO,ES,Combined TRACON& Tower with Radar,1024,467,62,7,1560,0,1,16,4,21,1024,468,78,11,1581,0,0,0,1581
01/23/2015,CLT,NC,ASO,ES,Combined TRACON& Tower with Radar,1017,438,49,2,1506,0,0,0,0,0,1017,438,49,2,1506,0,0,0,1506
01/24/2015,CLT,NC,ASO,ES,Combined TRACON& Tower with Radar,907,421,18,0,1346,0,4,10,0,14,907,425,28,0,1360,0,0,0,1360
01/25/2015,CLT,NC,ASO,ES,Combined TRACON& Tower with Radar,914,415,33,3,1365,0,2,4,0,6,914,417,37,3,1371,0,0,0,1371
01/26/2015,CLT,NC,ASO,ES,Combined TRACON& Tower with Radar,849,397,45,1,1292,0,2,20,0,22,849,399,65,1,1314,0,0,0,1314
01/27/2015,CLT,NC,ASO,ES,Combined TRACON& Tower with Radar,764,395,25,15,1199,0,1,19,0,20,764,396,44,15,1219,0,0,0,1219
01/28/2015,CLT,NC,ASO,ES,Combined TRACON& Tower with Radar,980,474,90,11,1555,0,1,25,0,26,980,475,115,11,1581,0,0,0,1581
01/29/2015,CLT,NC,ASO,ES,Combined TRACON& Tower with Radar,1021,466,68,13,1568,0,0,21,0,21,1021,466,89,13,1589,0,0,0,1589
01/30/2015,CLT,NC,ASO,ES,Combined TRACON& Tower with Radar,1029,444,57,1,1531,0,4,9,0,13,1029,448,66,1,1544,0,0,0,1544
01/31/2015,CLT,NC,ASO,ES,Combined TRACON& Tower with Radar,914,433,27,0,1374,0,2,12,0,14,914,435,39,0,1388,0,0,0,1388
02/01/2015,CLT,NC,ASO,ES,Combined TRACON& Tower with Radar,727,330,12,0,1069,0,1,2,0,3,727,331,14,0,1072,0,0,0,1072
02/02/2015,CLT,NC,ASO,ES,Combined TRACON& Tower with Radar,819,385,52,0,1256,0,0,2,0,2,819,385,54,0,1258,0,0,0,1258
02/03/2015,CLT,NC,ASO,ES,Combined TRACON& Tower with Radar,886,399,85,12,1382,0,2,33,0,35,886,401,118,12,1417,0,0,0,1417
02/04/2015,CLT,NC,ASO,ES,Combined TRACON& Tower with Radar,1024,452,65,7,1548,0,1,17,0,18,1024,453,82,7,1566,0,0,0,1566
02/05/2015,CLT,NC,ASO,ES,Combined TRACON& Tower with Radar,1033,448,89,6,1576,0,0,29,2,31,1033,448,118,8,1607,0,0,0,1607
02/06/2015,CLT,NC,ASO,ES,Combined TRACON& Tower with Radar,1038,450,70,5,1563,0,1,10,0,11,1038,451,80,5,1574,0,0,0,1574
02/07/2015,CLT,NC,ASO,ES,Combined TRACON& Tower with Radar,916,438,38,5,1397,0,1,12,0,13,916,439,50,5,1410,0,0,0,1410
02/08/2015,CLT,NC,ASO,ES,Combined TRACON& Tower with Radar,886,404,43,5,1338,0,2,6,4,12,886,406,49,9,1350,0,0,0,1350
02/09/2015,CLT,NC,ASO,ES,Combined TRACON& Tower with Radar,845,385,57,0,1287,0,0,5,0,5,845,385,62,0,1292,0,0,0,1292
02/10/2015,CLT,NC,ASO,ES,Combined TRACON& Tower with Radar,891,409,63,8,1371,0,0,16,1,17,891,409,79,9,1388,0,0,0,1388
02/11/2015,CLT,NC,ASO,ES,Combined TRACON& Tower with Radar,1021,455,64,5,1545,0,2,23,1,26,1021,457,87,6,1571,0,0,0,1571
02/12/2015,CLT,NC,ASO,ES,Combined TRACON& Tower with Radar,1007,484,55,7,1553,0,3,25,0,28,1007,487,80,7,1581,0,0,0,1581
02/13/2015,CLT,NC,ASO,ES,Combined TRACON& Tower with Radar,1012,464,55,0,1531,0,0,29,0,29,1012,464,84,0,1560,0,0,0,1560
02/14/2015,CLT,NC,ASO,ES,Combined TRACON& Tower with Radar,872,432,25,2,1331,0,2,8,0,10,872,434,33,2,1341,0,0,0,1341
02/15/2015,CLT,NC,ASO,ES,Combined TRACON& Tower with Radar,917,429,34,3,1383,0,4,8,0,12,917,433,42,3,1395,0,0,0,1395
02/16/2015,CLT,NC,ASO,ES,Combined TRACON& Tower with Radar,667,258,39,0,964,0,0,6,0,6,667,258,45,0,970,0,0,0,970
02/17/2015,CLT,NC,ASO,ES,Combined TRACON& Tower with Radar,710,280,53,2,1045,0,0,10,0,10,710,280,63,2,1055,0,0,0,1055
02/18/2015,CLT,NC,ASO,ES,Combined TRACON& Tower with Radar,990,452,74,6,1522,0,0,12,0,12,990,452,86,6,1534,0,0,0,1534
02/19/2015,CLT,NC,ASO,ES,Combined TRACON& Tower with Radar,1010,465,89,12,1576,0,1,27,0,28,1010,466,116,12,1604,0,0,0,1604
02/20/2015,CLT,NC,ASO,ES,Combined TRACON& Tower with Radar,1013,447,67,2,1529,0,3,28,0,31,1013,450,95,2,1560,0,0,0,1560
02/21/2015,CLT,NC,ASO,ES,Combined TRACON& Tower with Radar,873,375,24,0,1272,0,1,3,0,4,873,376,27,0,1276,0,0,0,1276
02/22/2015,CLT,NC,ASO,ES,Combined TRACON& Tower with Radar,958,428,32,1,1419,0,1,4,0,5,958,429,36,1,1424,0,0,0,1424
02/23/2015,CLT,NC,ASO,ES,Combined TRACON& Tower with Radar,998,458,56,0,1512,0,2,23,0,25,998,460,79,0,1537,0,0,0,1537
02/24/2015,CLT,NC,ASO,ES,Combined TRACON& Tower with Radar,966,390,72,0,1428,0,0,3,0,3,966,390,75,0,1431,0,0,0,1431
02/25/2015,CLT,NC,ASO,ES,Combined TRACON& Tower with Radar,820,364,67,2,1253,0,0,13,0,13,820,364,80,2,1266,0,0,0,1266
02/26/2015,CLT,NC,ASO,ES,Combined TRACON& Tower with Radar,670,270,56,6,1002,0,0,14,0,14,670,270,70,6,1016,0,0,0,1016
02/27/2015,CLT,NC,ASO,ES,Combined TRACON& Tower with Radar,1021,460,62,0,1543,0,1,18,0,19,1021,461,80,0,1562,0,0,0,1562
02/28/2015,CLT,NC,ASO,ES,Combined TRACON& Tower with Radar,912,443,22,0,1377,0,0,9,0,9,912,443,31,0,1386,0,0,0,1386
03/01/2015,CLT,NC,ASO,ES,Combined TRACON& Tower with Radar,913,412,38,0,1363,0,0,0,0,0,913,412,38,0,1363,0,0,0,1363
03/02/2015,CLT,NC,ASO,ES,Combined TRACON& Tower with Radar,941,387,65,1,1394,0,1,17,0,18,941,388,82,1,1412,0,0,0,1412
03/03/2015,CLT,NC,ASO,ES,Combined TRACON& Tower with Radar,952,450,75,6,1483,0,0,0,1,1,952,450,75,7,1484,0,0,0,1484
03/04/2015,CLT,NC,ASO,ES,Combined TRACON& Tower with Radar,953,429,82,6,1470,0,1,4,4,9,953,430,86,10,1479,0,0,0,1479
03/05/2015,CLT,NC,ASO,ES,Combined TRACON& Tower with Radar,896,380,46,4,1326,0,1,0,0,1,896,381,46,4,1327,0,0,0,1327
03/06/2015,CLT,NC,ASO,ES,Combined TRACON& Tower with Radar,1017,455,46,0,1518,0,3,32,6,41,1017,458,78,6,1559,0,0,0,1559
03/07/2015,CLT,NC,ASO,ES,Combined TRACON& Tower with Radar,950,431,24,0,1405,0,0,31,2,33,950,431,55,2,1438,0,0,0,1438
03/08/2015,CLT,NC,ASO,ES,Combined TRACON& Tower with Radar,996,435,48,2,1481,0,0,39,0,39,996,435,87,2,1520,0,0,0,1520
03/09/2015,CLT,NC,ASO,ES,Combined TRACON& Tower with Radar,1028,463,46,3,1540,0,0,22,0,22,1028,463,68,3,1562,0,0,0,1562
03/10/2015,CLT,NC,ASO,ES,Combined TRACON& Tower with Radar,1019,433,91,10,1553,0,0,22,5,27,1019,433,113,15,1580,0,0,0,1580
03/11/2015,CLT,NC,ASO,ES,Combined TRACON& Tower with Radar,1018,450,102,6,1576,0,0,11,2,13,1018,450,113,8,1589,0,0,0,1589
03/12/2015,CLT,NC,ASO,ES,Combined TRACON& Tower with Radar,1039,468,77,4,1588,0,1,26,2,29,1039,469,103,6,1617,0,0,0,1617
03/13/2015,CLT,NC,ASO,ES,Combined TRACON& Tower with Radar,1027,455,54,1,1537,0,0,8,6,14,1027,455,62,7,1551,0,0,0,1551
03/14/2015,CLT,NC,ASO,ES,Combined TRACON& Tower with Radar,950,398,20,0,1368,0,0,5,0,5,950,398,25,0,1373,0,0,0,1373
03/15/2015,CLT,NC,ASO,ES,Combined TRACON& Tower with Radar,994,420,33,1,1448,0,0,14,0,14,994,420,47,1,1462,0,0,0,1462
03/16/2015,CLT,NC,ASO,ES,Combined TRACON& Tower with Radar,1039,438,47,0,1524,0,0,26,9,35,1039,438,73,9,1559,0,0,0,1559
03/17/2015,CLT,NC,ASO,ES,Combined TRACON& Tower with Radar,1022,433,55,4,1514,0,0,31,4,35,1022,433,86,8,1549,0,0,0,1549
03/18/2015,CLT,NC,ASO,ES,Combined TRACON& Tower with Radar,1034,444,56,6,1540,0,0,26,3,29,1034,444,82,9,1569,0,0,0,1569
03/19/2015,CLT,NC,ASO,ES,Combined TRACON& Tower with Radar,1039,461,74,9,1583,0,0,5,4,9,1039,461,79,13,1592,0,0,0,1592
03/20/2015,CLT,NC,ASO,ES,Combined TRACON& Tower with Radar,1016,448,83,2,1549,0,0,13,4,17,1016,448,96,6,1566,0,0,0,1566
03/21/2015,CLT,NC,ASO,ES,Combined TRACON& Tower with Radar,960,442,32,2,1436,0,0,17,2,19,960,442,49,4,1455,0,0,0,1455
03/22/2015,CLT,NC,ASO,ES,Combined TRACON& Tower with Radar,1019,445,69,5,1538,0,0,4,0,4,1019,445,73,5,1542,0,0,0,1542
03/23/2015,CLT,NC,ASO,ES,Combined TRACON& Tower with Radar,1034,454,71,2,1561,0,0,17,2,19,1034,454,88,4,1580,0,0,0,1580
03/24/2015,CLT,NC,ASO,ES,Combined TRACON& Tower with Radar,1027,430,75,6,1538,0,0,25,7,32,1027,430,100,13,1570,0,0,0,1570
03/25/2015,CLT,NC,ASO,ES,Combined TRACON& Tower with Radar,1034,439,83,7,1563,0,0,23,7,30,1034,439,106,14,1593,0,0,0,1593
03/26/2015,CLT,NC,ASO,ES,Combined TRACON& Tower with Radar,1028,441,75,9,1553,0,0,13,6,19,1028,441,88,15,1572,0,0,0,1572
03/27/2015,CLT,NC,ASO,ES,Combined TRACON& Tower with Radar,1028,438,39,2,1507,0,0,18,6,24,1028,438,57,8,1531,0,0,0,1531
03/28/2015,CLT,NC,ASO,ES,Combined TRACON& Tower with Radar,956,432,27,1,1416,0,0,14,1,15,956,432,41,2,1431,0,0,0,1431
03/29/2015,CLT,NC,ASO,ES,Combined TRACON& Tower with Radar,1013,434,26,1,1474,0,1,6,3,10,1013,435,32,4,1484,0,0,0,1484
03/30/2015,CLT,NC,ASO,ES,Combined TRACON& Tower with Radar,1029,452,73,0,1554,0,0,14,2,16,1029,452,87,2,1570,0,0,0,1570
03/31/2015,CLT,NC,ASO,ES,Combined TRACON& Tower with Radar,1029,440,59,10,1538,0,0,28,6,34,1029,440,87,16,1572,0,0,0,1572
04/01/2015,CLT,NC,ASO,ES,Combined TRACON& Tower with Radar,1028,456,74,10,1568,0,2,30,8,40,1028,458,104,18,1608,0,0,0,1608
04/02/2015,CLT,NC,ASO,ES,Combined TRACON& Tower with Radar,1039,464,85,7,1595,0,0,18,2,20,1039,464,103,9,1615,0,0,0,1615
04/03/2015,CLT,NC,ASO,ES,Combined TRACON& Tower with Radar,1045,430,31,0,1506,0,0,7,2,9,1045,430,38,2,1515,0,0,0,1515
04/04/2015,CLT,NC,ASO,ES,Combined TRACON& Tower with Radar,948,430,29,0,1407,0,0,18,3,21,948,430,47,3,1428,0,0,0,1428
04/05/2015,CLT,NC,ASO,ES,Combined TRACON& Tower with Radar,992,428,43,4,1467,0,0,13,2,15,992,428,56,6,1482,0,0,0,1482
04/06/2015,CLT,NC,ASO,ES,Combined TRACON& Tower with Radar,1027,444,38,1,1510,0,0,18,3,21,1027,444,56,4,1531,0,0,0,1531
04/07/2015,CLT,NC,ASO,ES,Combined TRACON& Tower with Radar,1027,427,65,9,1528,0,0,8,2,10,1027,427,73,11,1538,0,0,0,1538
04/08/2015,CLT,NC,ASO,ES,Combined TRACON& Tower with Radar,1021,444,99,8,1572,0,0,13,3,16,1021,444,112,11,1588,0,0,0,1588
04/09/2015,CLT,NC,ASO,ES,Combined TRACON& Tower with Radar,1027,446,68,6,1547,0,0,14,3,17,1027,446,82,9,1564,0,0,0,1564
04/10/2015,CLT,NC,ASO,ES,Combined TRACON& Tower with Radar,1047,432,68,1,1548,0,0,7,6,13,1047,432,75,7,1561,0,0,0,1561
04/11/2015,CLT,NC,ASO,ES,Combined TRACON& Tower with Radar,947,432,45,2,1426,0,0,10,1,11,947,432,55,3,1437,0,0,0,1437
04/12/2015,CLT,NC,ASO,ES,Combined TRACON& Tower with Radar,1008,424,62,12,1506,0,0,7,2,9,1008,424,69,14,1515,0,0,0,1515
04/13/2015,CLT,NC,ASO,ES,Combined TRACON& Tower with Radar,1046,428,70,4,1548,0,0,7,4,11,1046,428,77,8,1559,0,0,0,1559
04/14/2015,CLT,NC,ASO,ES,Combined TRACON& Tower with Radar,1045,433,75,9,1562,0,0,7,6,13,1045,433,82,15,1575,0,0,0,1575
04/15/2015,CLT,NC,ASO,ES,Combined TRACON& Tower with Radar,1029,436,71,5,1541,0,0,0,0,0,1029,436,71,5,1541,0,0,0,1541
04/16/2015,CLT,NC,ASO,ES,Combined TRACON& Tower with Radar,1039,447,93,10,1589,0,0,0,1,1,1039,447,93,11,1590,0,0,0,1590
04/17/2015,CLT,NC,ASO,ES,Combined TRACON& Tower with Radar,1042,456,69,8,1575,0,0,11,2,13,1042,456,80,10,1588,0,0,0,1588
04/18/2015,CLT,NC,ASO,ES,Combined TRACON& Tower with Radar,947,429,47,3,1426,0,0,10,1,11,947,429,57,4,1437,0,0,0,1437
04/19/2015,CLT,NC,ASO,ES,Combined TRACON& Tower with Radar,1008,416,23,2,1449,0,0,0,0,0,1008,416,23,2,1449,0,0,0,1449
04/20/2015,CLT,NC,ASO,ES,Combined TRACON& Tower with Radar,965,377,59,3,1404,0,0,8,2,10,965,377,67,5,1414,0,0,0,1414
04/21/2015,CLT,NC,ASO,ES,Combined TRACON& Tower with Radar,1053,432,71,10,1566,0,0,13,7,20,1053,432,84,17,1586,0,0,0,1586
04/22/2015,CLT,NC,ASO,ES,Combined TRACON& Tower with Radar,1033,430,74,8,1545,0,0,25,5,30,1033,430,99,13,1575,0,0,0,1575
04/23/2015,CLT,NC,ASO,ES,Combined TRACON& Tower with Radar,1043,453,75,12,1583,0,0,21,4,25,1043,453,96,16,1608,0,0,0,1608
04/24/2015,CLT,NC,ASO,ES,Combined TRACON& Tower with Radar,1044,438,53,0,1535,0,0,22,7,29,1044,438,75,7,1564,0,0,0,1564
04/25/2015,CLT,NC,ASO,ES,Combined TRACON& Tower with Radar,937,425,12,0,1374,0,0,1,2,3,937,425,13,2,1377,0,0,0,1377
04/26/2015,CLT,NC,ASO,ES,Combined TRACON& Tower with Radar,989,426,32,0,1447,0,0,5,2,7,989,426,37,2,1454,0,0,0,1454
04/27/2015,CLT,NC,ASO,ES,Combined TRACON& Tower with Radar,1031,431,58,4,1524,0,1,21,2,24,1031,432,79,6,1548,0,0,0,1548
04/28/2015,CLT,NC,ASO,ES,Combined TRACON& Tower with Radar,1022,437,59,7,1525,0,0,25,3,28,1022,437,84,10,1553,0,0,0,1553
04/29/2015,CLT,NC,ASO,ES,Combined TRACON& Tower with Radar,1023,443,63,11,1540,0,0,25,8,33,1023,443,88,19,1573,0,0,0,1573
04/30/2015,CLT,NC,ASO,ES,Combined TRACON& Tower with Radar,1027,457,96,10,1590,0,0,14,4,18,1027,457,110,14,1608,0,0,0,1608
05/01/2015,CLT,NC,ASO,ES,Combined TRACON& Tower with Radar,1023,447,81,8,1559,0,0,18,8,26,1023,447,99,16,1585,0,0,0,1585
05/02/2015,CLT,NC,ASO,ES,Combined TRACON& Tower with Radar,938,423,28,2,1391,0,0,27,1,28,938,423,55,3,1419,0,0,0,1419
05/03/2015,CLT,NC,ASO,ES,Combined TRACON& Tower with Radar,999,442,37,3,1481,0,1,6,0,7,999,443,43,3,1488,0,0,0,1488
05/04/2015,CLT,NC,ASO,ES,Combined TRACON& Tower with Radar,1021,438,56,0,1515,0,0,15,5,20,1021,438,71,5,1535,0,0,0,1535
05/05/2015,CLT,NC,ASO,ES,Combined TRACON& Tower with Radar,1030,451,70,0,1551,0,2,21,2,25,1030,453,91,2,1576,0,0,0,1576
05/06/2015,CLT,NC,ASO,ES,Combined TRACON& Tower with Radar,1034,447,82,0,1563,0,0,20,2,22,1034,447,102,2,1585,0,0,0,1585
05/07/2015,CLT,NC,ASO,ES,Combined TRACON& Tower with Radar,1027,456,97,7,1587,0,0,14,2,16,1027,456,111,9,1603,0,0,0,1603
05/08/2015,CLT,NC,ASO,ES,Combined TRACON& Tower with Radar,1038,451,86,5,1580,0,0,18,5,23,1038,451,104,10,1603,0,0,0,1603
05/09/2015,CLT,NC,ASO,ES,Combined TRACON& Tower with Radar,921,414,16,0,1351,0,0,17,1,18,921,414,33,1,1369,0,0,0,1369
05/10/2015,CLT,NC,ASO,ES,Combined TRACON& Tower with Radar,984,440,38,0,1462,0,0,4,1,5,984,440,42,1,1467,0,0,0,1467
05/11/2015,CLT,NC,ASO,ES,Combined TRACON& Tower with Radar,1025,446,73,0,1544,0,0,9,2,11,1025,446,82,2,1555,0,0,0,1555
05/12/2015,CLT,NC,ASO,ES,Combined TRACON& Tower with Radar,1037,449,73,7,1566,0,0,27,2,29,1037,449,100,9,1595,0,0,0,1595
05/13/2015,CLT,NC,ASO,ES,Combined TRACON& Tower with Radar,1031,453,86,8,1578,0,0,16,4,20,1031,453,102,12,1598,0,0,0,1598
05/14/2015,CLT,NC,ASO,ES,Combined TRACON& Tower with Radar,1040,454,83,13,1590,0,0,19,6,25,1040,454,102,19,1615,0,0,0,1615
05/15/2015,CLT,NC,ASO,ES,Combined TRACON& Tower with Radar,1042,452,62,0,1556,0,0,14,11,25,1042,452,76,11,1581,0,0,0,1581
05/16/2015,CLT,NC,ASO,ES,Combined TRACON& Tower with Radar,927,415,26,8,1376,0,16,22,3,41,927,431,48,11,1417,0,0,0,1417
05/17/2015,CLT,NC,ASO,ES,Combined TRACON& Tower with Radar,999,435,59,4,1497,0,4,13,4,21,999,439,72,8,1518,0,0,0,1518
05/18/2015,CLT,NC,ASO,ES,Combined TRACON& Tower with Radar,1015,436,63,0,1514,0,0,20,1,21,1015,436,83,1,1535,0,0,0,1535
05/19/2015,CLT,NC,ASO,ES,Combined TRACON& Tower with Radar,1033,423,83,12,1551,0,0,23,2,25,1033,423,106,14,1576,0,0,0,1576
05/20/2015,CLT,NC,ASO,ES,Combined TRACON& Tower with Radar,1041,454,81,8,1584,0,0,30,2,32,1041,454,111,10,1616,0,0,0,1616
05/21/2015,CLT,NC,ASO,ES,Combined TRACON& Tower with Radar,1069,446,77,7,1599,0,0,22,2,24,1069,446,99,9,1623,0,0,0,1623
05/22/2015,CLT,NC,ASO,ES,Combined TRACON& Tower with Radar,1077,429,47,2,1555,0,0,31,8,39,1077,429,78,10,1594,0,0,0,1594
05/23/2015,CLT,NC,ASO,ES,Combined TRACON& Tower with Radar,934,404,22,1,1361,0,8,21,2,31,934,412,43,3,1392,0,0,0,1392
05/24/2015,CLT,NC,ASO,ES,Combined TRACON& Tower with Radar,966,388,22,1,1377,0,35,11,2,48,966,423,33,3,1425,0,0,0,1425
05/25/2015,CLT,NC,ASO,ES,Combined TRACON& Tower with Radar,1015,417,27,3,1462,0,2,18,0,20,1015,419,45,3,1482,0,0,0,1482
05/26/2015,CLT,NC,ASO,ES,Combined TRACON& Tower with Radar,1025,425,65,13,1528,0,0,19,5,24,1025,425,84,18,1552,0,0,0,1552
05/27/2015,CLT,NC,ASO,ES,Combined TRACON& Tower with Radar,1023,439,85,9,1556,0,0,22,2,24,1023,439,107,11,1580,0,0,0,1580
05/28/2015,CLT,NC,ASO,ES,Combined TRACON& Tower with Radar,1033,446,58,9,1546,0,0,16,4,20,1033,446,74,13,1566,0,0,0,1566
05/29/2015,CLT,NC,ASO,ES,Combined TRACON& Tower with Radar,1035,445,61,0,1541,0,0,17,0,17,1035,445,78,0,1558,0,0,0,1558
05/30/2015,CLT,NC,ASO,ES,Combined TRACON& Tower with Radar,928,415,12,1,1356,0,0,18,0,18,928,415,30,1,1374,0,0,0,1374
05/31/2015,CLT,NC,ASO,ES,Combined TRACON& Tower with Radar,970,425,29,1,1425,0,0,7,4,11,970,425,36,5,1436,0,0,0,1436
06/01/2015,CLT,NC,ASO,ES,Combined TRACON& Tower with Radar,1005,428,62,1,1496,0,0,23,5,28,1005,428,85,6,1524,0,0,0,1524
06/02/2015,CLT,NC,ASO,ES,Combined TRACON& Tower with Radar,1021,444,71,5,1541,0,0,8,3,11,1021,444,79,8,1552,0,0,0,1552
06/03/2015,CLT,NC,ASO,ES,Combined TRACON& Tower with Radar,1031,465,75,10,1581,0,0,2,0,2,1031,465,77,10,1583,0,0,0,1583
06/04/2015,CLT,NC,ASO,ES,Combined TRACON& Tower with Radar,1032,454,74,9,1569,0,0,9,3,12,1032,454,83,12,1581,0,0,0,1581
06/05/2015,CLT,NC,ASO,ES,Combined TRACON& Tower with Radar,1034,459,72,2,1567,0,0,36,0,36,1034,459,108,2,1603,0,0,0,1603
06/06/2015,CLT,NC,ASO,ES,Combined TRACON& Tower with Radar,934,418,18,2,1372,0,0,13,1,14,934,418,31,3,1386,0,0,0,1386
06/07/2015,CLT,NC,ASO,ES,Combined TRACON& Tower with Radar,996,440,51,3,1490,0,0,12,1,13,996,440,63,4,1503,0,0,0,1503
06/08/2015,CLT,NC,ASO,ES,Combined TRACON& Tower with Radar,1020,442,59,3,1524,0,0,11,3,14,1020,442,70,6,1538,0,0,0,1538
06/09/2015,CLT,NC,ASO,ES,Combined TRACON& Tower with Radar,1016,438,79,11,1544,0,0,16,1,17,1016,438,95,12,1561,0,0,0,1561
06/10/2015,CLT,NC,ASO,ES,Combined TRACON& Tower with Radar,1034,456,84,5,1579,0,0,11,1,12,1034,456,95,6,1591,0,0,0,1591
06/11/2015,CLT,NC,ASO,ES,Combined TRACON& Tower with Radar,1038,463,76,12,1589,0,0,25,8,33,1038,463,101,20,1622,0,0,0,1622
06/12/2015,CLT,NC,ASO,ES,Combined TRACON& Tower with Radar,1029,455,50,6,1540,0,0,19,2,21,1029,455,69,8,1561,0,0,0,1561
06/13/2015,CLT,NC,ASO,ES,Combined TRACON& Tower with Radar,952,414,23,9,1398,0,0,12,0,12,952,414,35,9,1410,0,0,0,1410
06/14/2015,CLT,NC,ASO,ES,Combined TRACON& Tower with Radar,987,444,29,1,1461,0,0,7,0,7,987,444,36,1,1468,0,0,0,1468
06/15/2015,CLT,NC,ASO,ES,Combined TRACON& Tower with Radar,1016,443,47,4,1510,0,0,19,0,19,1016,443,66,4,1529,0,0,0,1529
06/16/2015,CLT,NC,ASO,ES,Combined TRACON& Tower with Radar,1028,432,51,5,1516,0,0,38,9,47,1028,432,89,14,1563,0,0,0,1563
06/17/2015,CLT,NC,ASO,ES,Combined TRACON& Tower with Radar,1034,441,67,7,1549,0,0,46,2,48,1034,441,113,9,1597,0,0,0,1597
06/18/2015,CLT,NC,ASO,ES,Combined TRACON& Tower with Radar,1022,434,76,9,1541,0,1,22,0,23,1022,435,98,9,1564,0,0,0,1564
06/19/2015,CLT,NC,ASO,ES,Combined TRACON& Tower with Radar,1059,432,72,2,1565,0,0,16,5,21,1059,432,88,7,1586,0,0,0,1586
06/20/2015,CLT,NC,ASO,ES,Combined TRACON& Tower with Radar,938,409,23,0,1370,0,0,13,0,13,938,409,36,0,1383,0,0,0,1383
06/21/2015,CLT,NC,ASO,ES,Combined TRACON& Tower with Radar,1003,460,28,0,1491,0,0,11,0,11,1003,460,39,0,1502,0,0,0,1502
06/22/2015,CLT,NC,ASO,ES,Combined TRACON& Tower with Radar,1037,475,70,0,1582,0,0,10,2,12,1037,475,80,2,1594,0,0,0,1594
06/23/2015,CLT,NC,ASO,ES,Combined TRACON& Tower with Radar,1004,452,69,12,1537,0,0,19,5,24,1004,452,88,17,1561,0,0,0,1561
06/24/2015,CLT,NC,ASO,ES,Combined TRACON& Tower with Radar,1054,456,62,6,1578,0,0,28,5,33,1054,456,90,11,1611,0,0,0,1611
06/25/2015,CLT,NC,ASO,ES,Combined TRACON& Tower with Radar,1036,448,96,10,1590,0,0,30,5,35,1036,448,126,15,1625,0,0,0,1625
06/26/2015,CLT,NC,ASO,ES,Combined TRACON& Tower with Radar,992,424,44,3,1463,0,0,18,0,18,992,424,62,3,1481,0,0,0,1481
06/27/2015,CLT,NC,ASO,ES,Combined TRACON& Tower with Radar,988,435,25,3,1451,0,0,3,0,3,988,435,28,3,1454,0,0,0,1454
06/28/2015,CLT,NC,ASO,ES,Combined TRACON& Tower with Radar,980,447,40,3,1470,0,0,9,1,10,980,447,49,4,1480,0,0,0,1480
06/29/2015,CLT,NC,ASO,ES,Combined TRACON& Tower with Radar,1055,438,59,1,1553,0,0,20,3,23,1055,438,79,4,1576,0,0,0,1576
06/30/2015,CLT,NC,ASO,ES,Combined TRACON& Tower with Radar,1013,443,57,9,1522,0,0,11,3,14,1013,443,68,12,1536,0,0,0,1536
07/01/2015,CLT,NC,ASO,ES,Combined TRACON& Tower with Radar,1033,456,65,0,1554,0,0,15,3,18,1033,456,80,3,1572,0,0,0,1572
07/02/2015,CLT,NC,ASO,ES,Combined TRACON& Tower with Radar,1042,437,44,0,1523,0,0,18,2,20,1042,437,62,2,1543,0,0,0,1543
07/03/2015,CLT,NC,ASO,ES,Combined TRACON& Tower with Radar,986,392,25,0,1403,0,0,16,1,17,986,392,41,1,1420,0,0,0,1420
07/04/2015,CLT,NC,ASO,ES,Combined TRACON& Tower with Radar,916,363,7,0,1286,0,0,8,2,10,916,363,15,2,1296,0,0,0,1296
07/05/2015,CLT,NC,ASO,ES,Combined TRACON& Tower with Radar,1023,434,39,0,1496,0,0,3,0,3,1023,434,42,0,1499,0,0,0,1499
07/06/2015,CLT,NC,ASO,ES,Combined TRACON& Tower with Radar,1082,458,42,0,1582,0,0,24,1,25,1082,458,66,1,1607,0,0,0,1607
07/07/2015,CLT,NC,ASO,ES,Combined TRACON& Tower with Radar,1022,444,62,4,1532,0,2,10,9,21,1022,446,72,13,1553,0,0,0,1553
07/08/2015,CLT,NC,ASO,ES,Combined TRACON& Tower with Radar,1001,419,59,7,1486,0,0,14,4,18,1001,419,73,11,1504,0,0,0,1504
07/09/2015,CLT,NC,ASO,ES,Combined TRACON& Tower with Radar,1037,445,86,10,1578,0,0,23,2,25,1037,445,109,12,1603,0,0,0,1603
07/10/2015,CLT,NC,ASO,ES,Combined TRACON& Tower with Radar,1037,457,53,3,1550,0,1,20,2,23,1037,458,73,5,1573,0,0,0,1573
07/11/2015,CLT,NC,ASO,ES,Combined TRACON& Tower with Radar,947,420,11,2,1380,0,0,18,8,26,947,420,29,10,1406,0,0,0,1406
07/12/2015,CLT,NC,ASO,ES,Combined TRACON& Tower with Radar,998,443,44,1,1486,0,1,8,4,13,998,444,52,5,1499,0,0,0,1499
07/13/2015,CLT,NC,ASO,ES,Combined TRACON& Tower with Radar,990,423,64,1,1478,0,0,11,4,15,990,423,75,5,1493,0,0,0,1493
07/14/2015,CLT,NC,ASO,ES,Combined TRACON& Tower with Radar,1026,419,69,14,1528,0,0,21,2,23,1026,419,90,16,1551,0,0,0,1551
07/15/2015,CLT,NC,ASO,ES,Combined TRACON& Tower with Radar,1027,440,99,11,1577,0,0,16,5,21,1027,440,115,16,1598,0,0,0,1598
07/16/2015,CLT,NC,ASO,ES,Combined TRACON& Tower with Radar,1031,449,72,10,1562,0,0,32,9,41,1031,449,104,19,1603,0,0,0,1603
07/17/2015,CLT,NC,ASO,ES,Combined TRACON& Tower with Radar,1029,453,58,4,1544,0,0,30,3,33,1029,453,88,7,1577,0,0,0,1577
07/18/2015,CLT,NC,ASO,ES,Combined TRACON& Tower with Radar,884,374,31,4,1293,0,3,14,2,19,884,377,45,6,1312,0,0,0,1312
07/19/2015,CLT,NC,ASO,ES,Combined TRACON& Tower with Radar,994,455,34,1,1484,0,0,5,0,5,994,455,39,1,1489,0,0,0,1489
07/20/2015,CLT,NC,ASO,ES,Combined TRACON& Tower with Radar,1029,453,58,0,1540,0,0,28,2,30,1029,453,86,2,1570,0,0,0,1570
07/21/2015,CLT,NC,ASO,ES,Combined TRACON& Tower with Radar,1017,436,83,14,1550,0,0,23,6,29,1017,436,106,20,1579,0,0,0,1579
07/22/2015,CLT,NC,ASO,ES,Combined TRACON& Tower with Radar,1033,447,59,4,1543,0,0,27,3,30,1033,447,86,7,1573,0,0,0,1573
07/23/2015,CLT,NC,ASO,ES,Combined TRACON& Tower with Radar,1035,453,86,4,1578,0,0,20,2,22,1035,453,106,6,1600,0,0,0,1600
07/24/2015,CLT,NC,ASO,ES,Combined TRACON& Tower with Radar,1020,472,68,5,1565,0,0,20,4,24,1020,472,88,9,1589,0,0,0,1589
07/25/2015,CLT,NC,ASO,ES,Combined TRACON& Tower with Radar,952,423,35,2,1412,0,0,31,2,33,952,423,66,4,1445,0,0,0,1445
07/26/2015,CLT,NC,ASO,ES,Combined TRACON& Tower with Radar,1037,456,38,1,1532,0,0,11,0,11,1037,456,49,1,1543,0,0,0,1543
07/27/2015,CLT,NC,ASO,ES,Combined TRACON& Tower with Radar,1069,460,50,0,1579,0,0,15,3,18,1069,460,65,3,1597,0,0,0,1597
07/28/2015,CLT,NC,ASO,ES,Combined TRACON& Tower with Radar,1026,443,71,11,1551,0,0,17,2,19,1026,443,88,13,1570,0,0,0,1570
07/29/2015,CLT,NC,ASO,ES,Combined TRACON& Tower with Radar,1036,445,61,8,1550,0,0,16,5,21,1036,445,77,13,1571,0,0,0,1571
07/30/2015,CLT,NC,ASO,ES,Combined TRACON& Tower with Radar,1015,426,76,7,1524,0,2,44,7,53,1015,428,120,14,1577,0,0,0,1577
07/31/2015,CLT,NC,ASO,ES,Combined TRACON& Tower with Radar,1044,450,37,4,1535,0,0,18,2,20,1044,450,55,6,1555,0,0,0,1555
08/01/2015,CLT,NC,ASO,ES,Combined TRACON& Tower with Radar,942,422,26,0,1390,0,0,18,1,19,942,422,44,1,1409,0,0,0,1409
08/02/2015,CLT,NC,ASO,ES,Combined TRACON& Tower with Radar,999,417,37,5,1458,0,0,5,3,8,999,417,42,8,1466,0,0,0,1466
08/03/2015,CLT,NC,ASO,ES,Combined TRACON& Tower with Radar,1026,454,54,6,1540,0,0,12,0,12,1026,454,66,6,1552,0,0,0,1552
08/04/2015,CLT,NC,ASO,ES,Combined TRACON& Tower with Radar,1021,442,57,3,1523,0,0,12,7,19,1021,442,69,10,1542,0,0,0,1542
08/05/2015,CLT,NC,ASO,ES,Combined TRACON& Tower with Radar,1046,438,76,6,1566,0,0,18,7,25,1046,438,94,13,1591,0,0,0,1591
08/06/2015,CLT,NC,ASO,ES,Combined TRACON& Tower with Radar,1014,427,55,4,1500,0,0,10,2,12,1014,427,65,6,1512,0,0,0,1512
08/07/2015,CLT,NC,ASO,ES,Combined TRACON& Tower with Radar,1044,459,66,6,1575,0,0,12,0,12,1044,459,78,6,1587,0,0,0,1587
08/08/2015,CLT,NC,ASO,ES,Combined TRACON& Tower with Radar,928,434,25,0,1387,0,0,9,3,12,928,434,34,3,1399,0,0,0,1399
08/09/2015,CLT,NC,ASO,ES,Combined TRACON& Tower with Radar,1003,444,34,0,1481,0,0,5,1,6,1003,444,39,1,1487,0,0,0,1487
08/10/2015,CLT,NC,ASO,ES,Combined TRACON& Tower with Radar,1026,453,57,0,1536,0,0,15,4,19,1026,453,72,4,1555,0,0,0,1555
08/11/2015,CLT,NC,ASO,ES,Combined TRACON& Tower with Radar,1006,445,63,11,1525,0,0,9,5,14,1006,445,72,16,1539,0,0,0,1539
08/12/2015,CLT,NC,ASO,ES,Combined TRACON& Tower with Radar,1054,470,65,8,1597,0,0,16,9,25,1054,470,81,17,1622,0,0,0,1622
08/13/2015,CLT,NC,ASO,ES,Combined TRACON& Tower with Radar,1039,470,56,8,1573,0,0,23,5,28,1039,470,79,13,1601,0,0,0,1601
08/14/2015,CLT,NC,ASO,ES,Combined TRACON& Tower with Radar,1029,456,62,1,1548,0,0,22,2,24,1029,456,84,3,1572,0,0,0,1572
08/15/2015,CLT,NC,ASO,ES,Combined TRACON& Tower with Radar,919,416,12,0,1347,0,0,15,2,17,919,416,27,2,1364,0,0,0,1364
08/16/2015,CLT,NC,ASO,ES,Combined TRACON& Tower with Radar,1006,453,41,0,1500,0,0,10,2,12,1006,453,51,2,1512,0,0,0,1512
08/17/2015,CLT,NC,ASO,ES,Combined TRACON& Tower with Radar,1034,480,62,1,1577,0,0,9,1,10,1034,480,71,2,1587,0,0,0,1587
08/18/2015,CLT,NC,ASO,ES,Combined TRACON& Tower with Radar,1008,443,77,8,1536,0,0,5,3,8,1008,443,82,11,1544,0,0,0,1544
08/19/2015,CLT,NC,ASO,ES,Combined TRACON& Tower with Radar,852,392,76,3,1323,0,0,10,3,13,852,392,86,6,1336,0,0,0,1336
08/20/2015,CLT,NC,ASO,ES,Combined TRACON& Tower with Radar,975,442,72,9,1498,0,0,16,12,28,975,442,88,21,1526,0,0,0,1526
08/21/2015,CLT,NC,ASO,ES,Combined TRACON& Tower with Radar,1027,458,64,1,1550,0,0,23,6,29,1027,458,87,7,1579,0,0,0,1579
08/22/2015,CLT,NC,ASO,ES,Combined TRACON& Tower with Radar,901,421,26,0,1348,0,0,16,5,21,901,421,42,5,1369,0,0,0,1369
08/23/2015,CLT,NC,ASO,ES,Combined TRACON& Tower with Radar,911,409,31,1,1352,0,0,8,2,10,911,409,39,3,1362,0,0,0,1362
08/24/2015,CLT,NC,ASO,ES,Combined TRACON& Tower with Radar,1015,449,77,3,1544,0,0,26,5,31,1015,449,103,8,1575,0,0,0,1575
08/25/2015,CLT,NC,ASO,ES,Combined TRACON& Tower with Radar,1002,455,62,12,1531,0,0,19,7,26,1002,455,81,19,1557,0,0,0,1557
08/26/2015,CLT,NC,ASO,ES,Combined TRACON& Tower with Radar,1009,457,63,4,1533,0,0,21,3,24,1009,457,84,7,1557,0,0,0,1557
08/27/2015,CLT,NC,ASO,ES,Combined TRACON& Tower with Radar,1015,464,89,8,1576,0,0,24,3,27,1015,464,113,11,1603,0,0,0,1603
08/28/2015,CLT,NC,ASO,ES,Combined TRACON& Tower with Radar,1029,446,58,1,1534,0,0,19,8,27,1029,446,77,9,1561,0,0,0,1561
08/29/2015,CLT,NC,ASO,ES,Combined TRACON& Tower with Radar,908,410,31,0,1349,0,0,15,0,15,908,410,46,0,1364,0,0,0,1364
08/30/2015,CLT,NC,ASO,ES,Combined TRACON& Tower with Radar,914,407,32,2,1355,0,0,10,1,11,914,407,42,3,1366,0,0,0,1366
08/31/2015,CLT,NC,ASO,ES,Combined TRACON& Tower with Radar,1007,459,64,0,1530,0,0,17,5,22,1007,459,81,5,1552,0,0,0,1552
09/01/2015,CLT,NC,ASO,ES,Combined TRACON& Tower with Radar,1003,444,72,6,1525,0,0,21,6,27,1003,444,93,12,1552,0,0,0,1552
09/02/2015,CLT,NC,ASO,ES,Combined TRACON& Tower with Radar,1005,459,56,5,1525,0,0,21,11,32,1005,459,77,16,1557,0,0,0,1557
09/03/2015,CLT,NC,ASO,ES,Combined TRACON& Tower with Radar,1033,457,109,5,1604,0,0,22,6,28,1033,457,131,11,1632,0,0,0,1632
09/04/2015,CLT,NC,ASO,ES,Combined TRACON& Tower with Radar,1019,448,73,0,1540,0,0,18,1,19,1019,448,91,1,1559,0,0,0,1559
09/05/2015,CLT,NC,ASO,ES,Combined TRACON& Tower with Radar,845,375,21,0,1241,0,0,18,0,18,845,375,39,0,1259,0,0,0,1259
09/06/2015,CLT,NC,ASO,ES,Combined TRACON& Tower with Radar,780,315,17,0,1112,0,0,24,0,24,780,315,41,0,1136,0,0,0,1136
09/07/2015,CLT,NC,ASO,ES,Combined TRACON& Tower with Radar,931,389,44,0,1364,0,0,15,0,15,931,389,59,0,1379,0,0,0,1379
09/08/2015,CLT,NC,ASO,ES,Combined TRACON& Tower with Radar,986,432,52,6,1476,0,0,8,2,10,986,432,60,8,1486,0,0,0,1486
09/09/2015,CLT,NC,ASO,ES,Combined TRACON& Tower with Radar,1003,415,89,2,1509,0,0,11,2,13,1003,415,100,4,1522,0,0,0,1522
09/10/2015,CLT,NC,ASO,ES,Combined TRACON& Tower with Radar,960,386,79,5,1430,0,0,9,2,11,960,386,88,7,1441,0,0,0,1441
09/11/2015,CLT,NC,ASO,ES,Combined TRACON& Tower with Radar,1056,435,72,5,1568,0,0,15,5,20,1056,435,87,10,1588,0,0,0,1588
09/12/2015,CLT,NC,ASO,ES,Combined TRACON& Tower with Radar,866,351,34,4,1255,0,0,10,1,11,866,351,44,5,1266,0,0,0,1266
09/13/2015,CLT,NC,ASO,ES,Combined TRACON& Tower with Radar,926,380,57,3,1366,0,0,11,1,12,926,380,68,4,1378,0,0,0,1378
09/14/2015,CLT,NC,ASO,ES,Combined TRACON& Tower with Radar,1022,431,55,3,1511,0,0,22,6,28,1022,431,77,9,1539,0,0,0,1539
09/15/2015,CLT,NC,ASO,ES,Combined TRACON& Tower with Radar,909,383,87,13,1392,0,0,27,4,31,909,383,114,17,1423,0,0,0,1423
09/16/2015,CLT,NC,ASO,ES,Combined TRACON& Tower with Radar,1025,450,71,8,1554,0,0,25,3,28,1025,450,96,11,1582,0,0,0,1582
09/17/2015,CLT,NC,ASO,ES,Combined TRACON& Tower with Radar,1037,446,80,6,1569,0,0,17,2,19,1037,446,97,8,1588,0,0,0,1588
09/18/2015,CLT,NC,ASO,ES,Combined TRACON& Tower with Radar,1041,432,64,3,1540,0,0,25,4,29,1041,432,89,7,1569,0,0,0,1569
09/19/2015,CLT,NC,ASO,ES,Combined TRACON& Tower with Radar,855,354,24,3,1236,0,0,34,0,34,855,354,58,3,1270,0,0,0,1270
09/20/2015,CLT,NC,ASO,ES,Combined TRACON& Tower with Radar,921,406,54,2,1383,0,0,20,3,23,921,406,74,5,1406,0,0,0,1406
09/21/2015,CLT,NC,ASO,ES,Combined TRACON& Tower with Radar,1019,448,77,1,1545,0,0,17,7,24,1019,448,94,8,1569,0,0,0,1569
09/22/2015,CLT,NC,ASO,ES,Combined TRACON& Tower with Radar,908,379,55,8,1350,0,0,8,2,10,908,379,63,10,1360,0,0,0,1360
09/23/2015,CLT,NC,ASO,ES,Combined TRACON& Tower with Radar,1024,432,63,8,1527,0,0,16,2,18,1024,432,79,10,1545,0,0,0,1545
09/24/2015,CLT,NC,ASO,ES,Combined TRACON& Tower with Radar,1051,427,75,7,1560,0,0,7,3,10,1051,427,82,10,1570,0,0,0,1570
09/25/2015,CLT,NC,ASO,ES,Combined TRACON& Tower with Radar,1047,410,69,0,1526,0,0,0,0,0,1047,410,69,0,1526,0,0,0,1526
09/26/2015,CLT,NC,ASO,ES,Combined TRACON& Tower with Radar,865,349,21,0,1235,0,0,0,0,0,865,349,21,0,1235,0,0,0,1235
09/27/2015,CLT,NC,ASO,ES,Combined TRACON& Tower with Radar,943,392,55,0,1390,0,0,2,0,2,943,392,57,0,1392,0,0,0,1392
09/28/2015,CLT,NC,ASO,ES,Combined TRACON& Tower with Radar,1040,443,61,0,1544,0,0,1,3,4,1040,443,62,3,1548,0,0,0,1548
09/29/2015,CLT,NC,ASO,ES,Combined TRACON& Tower with Radar,911,379,84,12,1386,0,0,3,2,5,911,379,87,14,1391,0,0,0,1391
09/30/2015,CLT,NC,ASO,ES,Combined TRACON& Tower with Radar,1035,428,66,5,1534,0,0,14,1,15,1035,428,80,6,1549,0,0,0,1549
10/01/2015,CLT,NC,ASO,ES,Combined TRACON& Tower with Radar,1049,438,57,6,1550,0,0,9,2,11,1049,438,66,8,1561,0,0,0,1561
10/02/2015,CLT,NC,ASO,ES,Combined TRACON& Tower with Radar,1030,415,39,2,1486,0,0,0,0,0,1030,415,39,2,1486,0,0,0,1486
10/03/2015,CLT,NC,ASO,ES,Combined TRACON& Tower with Radar,859,324,23,0,1206,0,0,0,0,0,859,324,23,0,1206,0,0,0,1206
10/04/2015,CLT,NC,ASO,ES,Combined TRACON& Tower with Radar,941,374,25,2,1342,0,0,1,0,1,941,374,26,2,1343,0,0,0,1343
10/05/2015,CLT,NC,ASO,ES,Combined TRACON& Tower with Radar,1058,408,54,0,1520,0,0,10,3,13,1058,408,64,3,1533,0,0,0,1533
10/06/2015,CLT,NC,ASO,ES,Combined TRACON& Tower with Radar,1035,409,87,8,1539,0,0,19,3,22,1035,409,106,11,1561,0,0,0,1561
10/07/2015,CLT,NC,ASO,ES,Combined TRACON& Tower with Radar,1068,412,70,7,1557,0,0,20,2,22,1068,412,90,9,1579,0,0,0,1579
10/08/2015,CLT,NC,ASO,ES,Combined TRACON& Tower with Radar,1071,416,68,10,1565,0,1,30,5,36,1071,417,98,15,1601,0,0,0,1601
10/09/2015,CLT,NC,ASO,ES,Combined TRACON& Tower with Radar,1055,404,80,0,1539,0,9,28,4,41,1055,413,108,4,1580,0,0,0,1580
10/10/2015,CLT,NC,ASO,ES,Combined TRACON& Tower with Radar,885,329,24,1,1239,0,0,0,0,0,885,329,24,1,1239,0,0,0,1239
10/11/2015,CLT,NC,ASO,ES,Combined TRACON& Tower with Radar,949,377,44,0,1370,0,14,26,6,46,949,391,70,6,1416,0,0,0,1416
10/12/2015,CLT,NC,ASO,ES,Combined TRACON& Tower with Radar,1065,411,60,1,1537,0,0,17,5,22,1065,411,77,6,1559,0,0,0,1559
10/13/2015,CLT,NC,ASO,ES,Combined TRACON& Tower with Radar,1045,412,62,11,1530,0,0,19,4,23,1045,412,81,15,1553,0,0,0,1553
10/14/2015,CLT,NC,ASO,ES,Combined TRACON& Tower with Radar,1066,410,87,11,1574,0,0,26,7,33,1066,410,113,18,1607,0,0,0,1607
10/15/2015,CLT,NC,ASO,ES,Combined TRACON& Tower with Radar,1073,398,63,11,1545,0,0,13,3,16,1073,398,76,14,1561,0,0,0,1561
10/16/2015,CLT,NC,ASO,ES,Combined TRACON& Tower with Radar,1070,422,40,1,1533,0,0,30,6,36,1070,422,70,7,1569,0,0,0,1569
10/17/2015,CLT,NC,ASO,ES,Combined TRACON& Tower with Radar,860,322,33,7,1222,0,0,19,3,22,860,322,52,10,1244,0,0,0,1244
10/18/2015,CLT,NC,ASO,ES,Combined TRACON& Tower with Radar,951,373,43,5,1372,0,0,11,1,12,951,373,54,6,1384,0,0,0,1384
10/19/2015,CLT,NC,ASO,ES,Combined TRACON& Tower with Radar,1073,412,48,0,1533,0,0,18,10,28,1073,412,66,10,1561,0,0,0,1561
10/20/2015,CLT,NC,ASO,ES,Combined TRACON& Tower with Radar,1051,406,85,8,1550,0,0,13,8,21,1051,406,98,16,1571,0,0,0,1571
10/21/2015,CLT,NC,ASO,ES,Combined TRACON& Tower with Radar,1062,418,106,13,1599,0,0,18,8,26,1062,418,124,21,1625,0,0,0,1625
10/22/2015,CLT,NC,ASO,ES,Combined TRACON& Tower with Radar,1093,406,117,5,1621,0,0,17,5,22,1093,406,134,10,1643,0,0,0,1643
10/23/2015,CLT,NC,ASO,ES,Combined TRACON& Tower with Radar,1065,418,75,3,1561,0,0,17,5,22,1065,418,92,8,1583,0,0,0,1583
10/24/2015,CLT,NC,ASO,ES,Combined TRACON& Tower with Radar,868,342,22,4,1236,0,0,14,0,14,868,342,36,4,1250,0,0,0,1250
10/25/2015,CLT,NC,ASO,ES,Combined TRACON& Tower with Radar,959,366,61,4,1390,0,0,15,5,20,959,366,76,9,1410,0,0,0,1410
10/26/2015,CLT,NC,ASO,ES,Combined TRACON& Tower with Radar,1073,392,75,0,1540,0,0,16,5,21,1073,392,91,5,1561,0,0,0,1561
10/27/2015,CLT,NC,ASO,ES,Combined TRACON& Tower with Radar,1051,381,86,7,1525,0,0,1,0,1,1051,381,87,7,1526,0,0,0,1526
10/28/2015,CLT,NC,ASO,ES,Combined TRACON& Tower with Radar,1065,376,54,8,1503,0,0,2,0,2,1065,376,56,8,1505,0,0,0,1505
10/29/2015,CLT,NC,ASO,ES,Combined TRACON& Tower with Radar,1091,401,87,11,1590,0,0,13,6,19,1091,401,100,17,1609,0,0,0,1609
10/30/2015,CLT,NC,ASO,ES,Combined TRACON& Tower with Radar,1078,387,67,0,1532,0,0,36,5,41,1078,387,103,5,1573,0,0,0,1573
10/31/2015,CLT,NC,ASO,ES,Combined TRACON& Tower with Radar,797,278,16,0,1091,0,0,10,0,10,797,278,26,0,1101,0,0,0,1101
11/01/2015,CLT,NC,ASO,ES,Combined TRACON& Tower with Radar,975,363,34,0,1372,0,0,1,0,1,975,363,35,0,1373,0,0,0,1373
11/02/2015,CLT,NC,ASO,ES,Combined TRACON& Tower with Radar,1075,386,54,2,1517,0,0,0,0,0,1075,386,54,2,1517,0,0,0,1517
11/03/2015,CLT,NC,ASO,ES,Combined TRACON& Tower with Radar,1056,393,83,2,1534,0,0,0,0,0,1056,393,83,2,1534,0,0,0,1534
11/04/2015,CLT,NC,ASO,ES,Combined TRACON& Tower with Radar,1087,390,80,8,1565,0,0,0,0,0,1087,390,80,8,1565,0,0,0,1565
11/05/2015,CLT,NC,ASO,ES,Combined TRACON& Tower with Radar,1112,398,89,6,1605,0,0,8,2,10,1112,398,97,8,1615,0,0,0,1615
11/06/2015,CLT,NC,ASO,ES,Combined TRACON& Tower with Radar,1108,381,44,3,1536,0,0,0,0,0,1108,381,44,3,1536,0,0,0,1536
11/07/2015,CLT,NC,ASO,ES,Combined TRACON& Tower with Radar,964,373,28,0,1365,0,0,8,0,8,964,373,36,0,1373,0,0,0,1373
11/08/2015,CLT,NC,ASO,ES,Combined TRACON& Tower with Radar,1002,352,73,3,1430,0,0,12,1,13,1002,352,85,4,1443,0,0,0,1443
11/09/2015,CLT,NC,ASO,ES,Combined TRACON& Tower with Radar,956,338,70,4,1368,0,0,0,0,0,956,338,70,4,1368,0,0,0,1368
11/10/2015,CLT,NC,ASO,ES,Combined TRACON& Tower with Radar,1065,352,84,9,1510,0,0,14,7,21,1065,352,98,16,1531,0,0,0,1531
11/11/2015,CLT,NC,ASO,ES,Combined TRACON& Tower with Radar,1102,385,72,0,1559,0,0,12,4,16,1102,385,84,4,1575,0,0,0,1575
11/12/2015,CLT,NC,ASO,ES,Combined TRACON& Tower with Radar,1118,402,63,15,1598,0,0,23,8,31,1118,402,86,23,1629,0,0,0,1629
11/13/2015,CLT,NC,ASO,ES,Combined TRACON& Tower with Radar,1106,397,55,2,1560,0,0,25,4,29,1106,397,80,6,1589,0,0,0,1589
11/14/2015,CLT,NC,ASO,ES,Combined TRACON& Tower with Radar,966,364,31,1,1362,0,0,19,2,21,966,364,50,3,1383,0,0,0,1383
11/15/2015,CLT,NC,ASO,ES,Combined TRACON& Tower with Radar,992,352,39,0,1383,0,0,4,2,6,992,352,43,2,1389,0,0,0,1389
11/16/2015,CLT,NC,ASO,ES,Combined TRACON& Tower with Radar,963,336,62,4,1365,0,0,21,7,28,963,336,83,11,1393,0,0,0,1393
11/17/2015,CLT,NC,ASO,ES,Combined TRACON& Tower with Radar,1065,378,79,7,1529,0,0,20,2,22,1065,378,99,9,1551,0,0,0,1551
11/18/2015,CLT,NC,ASO,ES,Combined TRACON& Tower with Radar,1096,384,62,7,1549,0,0,13,7,20,1096,384,75,14,1569,0,0,0,1569
11/19/2015,CLT,NC,ASO,ES,Combined TRACON& Tower with Radar,1109,394,86,11,1600,0,0,8,5,13,1109,394,94,16,1613,0,0,0,1613
11/20/2015,CLT,NC,ASO,ES,Combined TRACON& Tower with Radar,1111,400,85,2,1598,0,0,28,7,35,1111,400,113,9,1633,0,0,0,1633
11/21/2015,CLT,NC,ASO,ES,Combined TRACON& Tower with Radar,960,371,42,0,1373,0,0,5,0,5,960,371,47,0,1378,0,0,0,1378
11/22/2015,CLT,NC,ASO,ES,Combined TRACON& Tower with Radar,989,345,64,1,1399,0,0,14,1,15,989,345,78,2,1414,0,0,0,1414
11/23/2015,CLT,NC,ASO,ES,Combined TRACON& Tower with Radar,929,354,62,2,1347,0,0,23,8,31,929,354,85,10,1378,0,0,0,1378
11/24/2015,CLT,NC,ASO,ES,Combined TRACON& Tower with Radar,1114,384,59,11,1568,0,0,10,4,14,1114,384,69,15,1582,0,0,0,1582
11/25/2015,CLT,NC,ASO,ES,Combined TRACON& Tower with Radar,1131,396,36,0,1563,0,0,20,6,26,1131,396,56,6,1589,0,0,0,1589
11/26/2015,CLT,NC,ASO,ES,Combined TRACON& Tower with Radar,595,204,19,2,820,0,0,3,1,4,595,204,22,3,824,0,0,0,824
11/27/2015,CLT,NC,ASO,ES,Combined TRACON& Tower with Radar,953,342,12,0,1307,0,0,15,1,16,953,342,27,1,1323,0,0,0,1323
11/28/2015,CLT,NC,ASO,ES,Combined TRACON& Tower with Radar,1064,417,26,0,1507,0,1,19,1,21,1064,418,45,1,1528,0,0,0,1528
11/29/2015,CLT,NC,ASO,ES,Combined TRACON& Tower with Radar,1133,416,49,0,1598,0,0,10,1,11,1133,416,59,1,1609,0,0,0,1609
11/30/2015,CLT,NC,ASO,ES,Combined TRACON& Tower with Radar,1132,389,67,1,1589,0,0,0,0,0,1132,389,67,1,1589,0,0,0,1589
12/01/2015,CLT,NC,ASO,ES,Combined TRACON& Tower with Radar,935,297,70,2,1304,0,0,0,0,0,935,297,70,2,1304,0,0,0,1304
12/02/2015,CLT,NC,ASO,ES,Combined TRACON& Tower with Radar,1085,359,78,11,1533,0,0,4,2,6,1085,359,82,13,1539,0,0,0,1539
12/03/2015,CLT,NC,ASO,ES,Combined TRACON& Tower with Radar,1106,381,52,10,1549,0,0,16,4,20,1106,381,68,14,1569,0,0,0,1569
12/04/2015,CLT,NC,ASO,ES,Combined TRACON& Tower with Radar,1096,374,73,6,1549,0,0,31,6,37,1096,374,104,12,1586,0,0,0,1586
12/05/2015,CLT,NC,ASO,ES,Combined TRACON& Tower with Radar,876,337,41,5,1259,0,0,31,2,33,876,337,72,7,1292,0,0,0,1292
12/06/2015,CLT,NC,ASO,ES,Combined TRACON& Tower with Radar,958,361,65,3,1387,0,0,12,4,16,958,361,77,7,1403,0,0,0,1403
12/07/2015,CLT,NC,ASO,ES,Combined TRACON& Tower with Radar,965,320,63,4,1352,0,0,11,5,16,965,320,74,9,1368,0,0,0,1368
12/08/2015,CLT,NC,ASO,ES,Combined TRACON& Tower with Radar,956,328,79,15,1378,0,0,26,5,31,956,328,105,20,1409,0,0,0,1409
12/09/2015,CLT,NC,ASO,ES,Combined TRACON& Tower with Radar,1081,360,61,10,1512,0,1,18,2,21,1081,361,79,12,1533,0,0,0,1533
12/10/2015,CLT,NC,ASO,ES,Combined TRACON& Tower with Radar,1091,399,83,8,1581,0,0,22,0,22,1091,399,105,8,1603,0,0,0,1603
12/11/2015,CLT,NC,ASO,ES,Combined TRACON& Tower with Radar,1100,385,65,2,1552,0,0,15,0,15,1100,385,80,2,1567,0,0,0,1567
12/12/2015,CLT,NC,ASO,ES,Combined TRACON& Tower with Radar,869,306,42,1,1218,0,0,2,2,4,869,306,44,3,1222,0,0,0,1222
12/13/2015,CLT,NC,ASO,ES,Combined TRACON& Tower with Radar,948,317,73,2,1340,0,0,13,1,14,948,317,86,3,1354,0,0,0,1354
12/14/2015,CLT,NC,ASO,ES,Combined TRACON& Tower with Radar,961,335,81,1,1378,0,0,2,3,5,961,335,83,4,1383,0,0,0,1383
12/15/2015,CLT,NC,ASO,ES,Combined TRACON& Tower with Radar,955,334,76,11,1376,0,0,19,1,20,955,334,95,12,1396,0,0,0,1396
12/16/2015,CLT,NC,ASO,ES,Combined TRACON& Tower with Radar,1096,373,85,12,1566,0,0,19,1,20,1096,373,104,13,1586,0,0,0,1586
12/17/2015,CLT,NC,ASO,ES,Combined TRACON& Tower with Radar,1125,386,61,0,1572,0,0,0,0,0,1125,386,61,0,1572,0,0,0,1572
12/18/2015,CLT,NC,ASO,ES,Combined TRACON& Tower with Radar,1130,420,61,1,1612,0,0,12,2,14,1130,420,73,3,1626,0,0,0,1626
12/19/2015,CLT,NC,ASO,ES,Combined TRACON& Tower with Radar,1024,411,28,0,1463,0,0,17,0,17,1024,411,45,0,1480,0,0,0,1480
12/20/2015,CLT,NC,ASO,ES,Combined TRACON& Tower with Radar,1038,408,21,0,1467,0,0,7,1,8,1038,408,28,1,1475,0,0,0,1475
12/21/2015,CLT,NC,ASO,ES,Combined TRACON& Tower with Radar,1089,407,39,12,1547,0,0,11,4,15,1089,407,50,16,1562,0,0,0,1562
12/22/2015,CLT,NC,ASO,ES,Combined TRACON& Tower with Radar,1095,353,35,3,1486,0,0,0,0,0,1095,353,35,3,1486,0,0,0,1486
12/23/2015,CLT,NC,ASO,ES,Combined TRACON& Tower with Radar,1065,303,36,2,1406,0,0,0,0,0,1065,303,36,2,1406,0,0,0,1406
12/24/2015,CLT,NC,ASO,ES,Combined TRACON& Tower with Radar,949,342,14,1,1306,0,0,0,2,2,949,342,14,3,1308,0,0,0,1308
12/25/2015,CLT,NC,ASO,ES,Combined TRACON& Tower with Radar,1035,387,8,0,1430,0,0,3,0,3,1035,387,11,0,1433,0,0,0,1433
12/26/2015,CLT,NC,ASO,ES,Combined TRACON& Tower with Radar,968,387,36,2,1393,0,0,3,0,3,968,387,39,2,1396,0,0,0,1396
12/27/2015,CLT,NC,ASO,ES,Combined TRACON& Tower with Radar,1041,426,31,0,1498,0,0,0,0,0,1041,426,31,0,1498,0,0,0,1498
12/28/2015,CLT,NC,ASO,ES,Combined TRACON& Tower with Radar,1046,394,28,0,1468,0,0,0,0,0,1046,394,28,0,1468,0,0,0,1468
12/29/2015,CLT,NC,ASO,ES,Combined TRACON& Tower with Radar,1075,382,27,0,1484,0,0,14,1,15,1075,382,41,1,1499,0,0,0,1499
12/30/2015,CLT,NC,ASO,ES,Combined TRACON& Tower with Radar,1064,340,25,0,1429,0,0,0,0,0,1064,340,25,0,1429,0,0,0,1429
12/31/2015,CLT,NC,ASO,ES,Combined TRACON& Tower with Radar,934,354,26,0,1314,0,0,6,0,6,934,354,32,0,1320,0,0,0,1320
01/01/2016,CLT,NC,ASO,ES,Combined TRACON& Tower with Radar,967,350,23,0,1340,0,0,11,1,12,967,350,34,1,1352,0,0,0,1352
01/02/2016,CLT,NC,ASO,ES,Combined TRACON& Tower with Radar,1017,424,37,0,1478,0,0,10,2,12,1017,424,47,2,1490,0,0,0,1490
01/03/2016,CLT,NC,ASO,ES,Combined TRACON& Tower with Radar,1075,427,59,0,1561,0,0,10,0,10,1075,427,69,0,1571,0,0,0,1571
01/04/2016,CLT,NC,ASO,ES,Combined TRACON& Tower with Radar,1093,403,29,1,1526,0,0,13,5,18,1093,403,42,6,1544,0,0,0,1544
01/05/2016,CLT,NC,ASO,ES,Combined TRACON& Tower with Radar,977,324,22,1,1324,0,0,9,0,9,977,324,31,1,1333,0,0,0,1333
01/06/2016,CLT,NC,ASO,ES,Combined TRACON& Tower with Radar,1106,374,54,6,1540,0,0,15,4,19,1106,374,69,10,1559,0,0,0,1559
01/07/2016,CLT,NC,ASO,ES,Combined TRACON& Tower with Radar,1112,372,42,6,1532,0,1,13,1,15,1112,373,55,7,1547,0,0,0,1547
01/08/2016,CLT,NC,ASO,ES,Combined TRACON& Tower with Radar,1110,353,54,2,1519,0,0,0,0,0,1110,353,54,2,1519,0,0,0,1519
01/09/2016,CLT,NC,ASO,ES,Combined TRACON& Tower with Radar,971,336,21,2,1330,0,0,0,0,0,971,336,21,2,1330,0,0,0,1330
01/10/2016,CLT,NC,ASO,ES,Combined TRACON& Tower with Radar,977,331,26,0,1334,0,0,0,0,0,977,331,26,0,1334,0,0,0,1334
01/11/2016,CLT,NC,ASO,ES,Combined TRACON& Tower with Radar,979,330,53,0,1362,0,0,18,2,20,979,330,71,2,1382,0,0,0,1382
01/12/2016,CLT,NC,ASO,ES,Combined TRACON& Tower with Radar,950,333,57,0,1340,0,0,12,3,15,950,333,69,3,1355,0,0,0,1355
01/13/2016,CLT,NC,ASO,ES,Combined TRACON& Tower with Radar,1086,377,87,7,1557,0,0,19,5,24,1086,377,106,12,1581,0,0,0,1581
01/14/2016,CLT,NC,ASO,ES,Combined TRACON& Tower with Radar,1101,383,65,14,1563,0,0,26,7,33,1101,383,91,21,1596,0,0,0,1596
01/15/2016,CLT,NC,ASO,ES,Combined TRACON& Tower with Radar,1110,373,45,1,1529,0,0,1,1,2,1110,373,46,2,1531,0,0,0,1531
01/16/2016,CLT,NC,ASO,ES,Combined TRACON& Tower with Radar,966,344,20,0,1330,0,0,5,0,5,966,344,25,0,1335,0,0,0,1335
01/17/2016,CLT,NC,ASO,ES,Combined TRACON& Tower with Radar,957,321,71,2,1351,0,0,9,0,9,957,321,80,2,1360,0,0,0,1360
01/18/2016,CLT,NC,ASO,ES,Combined TRACON& Tower with Radar,967,325,43,0,1335,0,0,4,0,4,967,325,47,0,1339,0,0,0,1339
01/19/2016,CLT,NC,ASO,ES,Combined TRACON& Tower with Radar,962,311,79,10,1362,0,0,21,2,23,962,311,100,12,1385,0,0,0,1385
01/20/2016,CLT,NC,ASO,ES,Combined TRACON& Tower with Radar,1081,363,78,4,1526,0,0,12,4,16,1081,363,90,8,1542,0,0,0,1542
01/21/2016,CLT,NC,ASO,ES,Combined TRACON& Tower with Radar,1088,395,88,9,1580,0,0,18,7,25,1088,395,106,16,1605,0,0,0,1605
01/22/2016,CLT,NC,ASO,ES,Combined TRACON& Tower with Radar,10,4,8,0,22,0,0,0,0,0,10,4,8,0,22,0,0,0,22
01/23/2016,CLT,NC,ASO,ES,Combined TRACON& Tower with Radar,363,120,25,1,509,0,0,6,0,6,363,120,31,1,515,0,0,0,515
01/24/2016,CLT,NC,ASO,ES,Combined TRACON& Tower with Radar,801,327,79,0,1207,0,0,14,0,14,801,327,93,0,1221,0,0,0,1221
01/25/2016,CLT,NC,ASO,ES,Combined TRACON& Tower with Radar,910,309,73,3,1295,0,0,21,9,30,910,309,94,12,1325,0,0,0,1325
01/26/2016,CLT,NC,ASO,ES,Combined TRACON& Tower with Radar,938,330,69,12,1349,0,0,10,3,13,938,330,79,15,1362,0,0,0,1362
01/27/2016,CLT,NC,ASO,ES,Combined TRACON& Tower with Radar,1102,372,66,7,1547,0,0,14,7,21,1102,372,80,14,1568,0,0,0,1568
01/28/2016,CLT,NC,ASO,ES,Combined TRACON& Tower with Radar,1103,379,77,13,1572,0,0,9,3,12,1103,379,86,16,1584,0,0,0,1584
01/29/2016,CLT,NC,ASO,ES,Combined TRACON& Tower with Radar,1104,374,66,2,1546,0,0,21,4,25,1104,374,87,6,1571,0,0,0,1571
01/30/2016,CLT,NC,ASO,ES,Combined TRACON& Tower with Radar,964,349,15,0,1328,0,0,11,1,12,964,349,26,1,1340,0,0,0,1340
01/31/2016,CLT,NC,ASO,ES,Combined TRACON& Tower with Radar,983,334,32,1,1350,0,0,6,1,7,983,334,38,2,1357,0,0,0,1357
02/01/2016,CLT,NC,ASO,ES,Combined TRACON& Tower with Radar,961,354,50,0,1365,0,0,7,3,10,961,354,57,3,1375,0,0,0,1375
02/02/2016,CLT,NC,ASO,ES,Combined TRACON& Tower with Radar,948,321,80,6,1355,0,0,10,2,12,948,321,90,8,1367,0,0,0,1367
02/03/2016,CLT,NC,ASO,ES,Combined TRACON& Tower with Radar,1075,343,71,0,1489,0,0,0,0,0,1075,343,71,0,1489,0,0,0,1489
02/04/2016,CLT,NC,ASO,ES,Combined TRACON& Tower with Radar,1107,361,70,14,1552,0,0,14,2,16,1107,361,84,16,1568,0,0,0,1568
02/05/2016,CLT,NC,ASO,ES,Combined TRACON& Tower with Radar,1110,379,74,1,1564,0,0,30,8,38,1110,379,104,9,1602,0,0,0,1602
02/06/2016,CLT,NC,ASO,ES,Combined TRACON& Tower with Radar,966,343,33,0,1342,0,0,12,0,12,966,343,45,0,1354,0,0,0,1354
02/07/2016,CLT,NC,ASO,ES,Combined TRACON& Tower with Radar,839,287,21,1,1148,0,0,7,2,9,839,287,28,3,1157,0,0,0,1157
02/08/2016,CLT,NC,ASO,ES,Combined TRACON& Tower with Radar,990,336,93,2,1421,0,0,13,2,15,990,336,106,4,1436,0,0,0,1436
02/09/2016,CLT,NC,ASO,ES,Combined TRACON& Tower with Radar,953,340,52,3,1348,0,0,6,4,10,953,340,58,7,1358,0,0,0,1358
02/10/2016,CLT,NC,ASO,ES,Combined TRACON& Tower with Radar,1092,378,75,7,1552,0,0,14,12,26,1092,378,89,19,1578,0,0,0,1578
02/11/2016,CLT,NC,ASO,ES,Combined TRACON& Tower with Radar,1105,368,76,13,1562,0,0,18,2,20,1105,368,94,15,1582,0,0,0,1582
02/12/2016,CLT,NC,ASO,ES,Combined TRACON& Tower with Radar,1094,343,55,0,1492,0,0,9,4,13,1094,343,64,4,1505,0,0,0,1505
02/13/2016,CLT,NC,ASO,ES,Combined TRACON& Tower with Radar,976,343,23,2,1344,0,0,6,1,7,976,343,29,3,1351,0,0,0,1351
02/14/2016,CLT,NC,ASO,ES,Combined TRACON& Tower with Radar,1000,343,28,1,1372,0,0,4,0,4,1000,343,32,1,1376,0,0,0,1376
02/15/2016,CLT,NC,ASO,ES,Combined TRACON& Tower with Radar,776,118,30,0,924,0,0,2,0,2,776,118,32,0,926,0,0,0,926
02/16/2016,CLT,NC,ASO,ES,Combined TRACON& Tower with Radar,1019,293,56,13,1381,0,0,12,0,12,1019,293,68,13,1393,0,0,0,1393
02/17/2016,CLT,NC,ASO,ES,Combined TRACON& Tower with Radar,1085,362,95,6,1548,0,0,8,3,11,1085,362,103,9,1559,0,0,0,1559
02/18/2016,CLT,NC,ASO,ES,Combined TRACON& Tower with Radar,1099,366,59,7,1531,0,0,20,8,28,1099,366,79,15,1559,0,0,0,1559
02/19/2016,CLT,NC,ASO,ES,Combined TRACON& Tower with Radar,1098,353,65,2,1518,0,0,19,7,26,1098,353,84,9,1544,0,0,0,1544
02/20/2016,CLT,NC,ASO,ES,Combined TRACON& Tower with Radar,991,344,12,3,1350,0,0,9,1,10,991,344,21,4,1360,0,0,0,1360
02/21/2016,CLT,NC,ASO,ES,Combined TRACON& Tower with Radar,1032,346,33,2,1413,0,0,10,4,14,1032,346,43,6,1427,0,0,0,1427
02/22/2016,CLT,NC,ASO,ES,Combined TRACON& Tower with Radar,1106,344,57,3,1510,0,0,2,1,3,1106,344,59,4,1513,0,0,0,1513
02/23/2016,CLT,NC,ASO,ES,Combined TRACON& Tower with Radar,1098,346,64,6,1514,0,0,0,0,0,1098,346,64,6,1514,0,0,0,1514
02/24/2016,CLT,NC,ASO,ES,Combined TRACON& Tower with Radar,1017,282,48,0,1347,0,0,0,0,0,1017,282,48,0,1347,0,0,0,1347
02/25/2016,CLT,NC,ASO,ES,Combined TRACON& Tower with Radar,1120,378,59,9,1566,0,0,17,8,25,1120,378,76,17,1591,0,0,0,1591
02/26/2016,CLT,NC,ASO,ES,Combined TRACON& Tower with Radar,1105,366,42,1,1514,0,0,23,8,31,1105,366,65,9,1545,0,0,0,1545
02/27/2016,CLT,NC,ASO,ES,Combined TRACON& Tower with Radar,986,346,24,0,1356,0,0,13,1,14,986,346,37,1,1370,0,0,0,1370
02/28/2016,CLT,NC,ASO,ES,Combined TRACON& Tower with Radar,1033,350,33,1,1417,0,0,5,1,6,1033,350,38,2,1423,0,0,0,1423
02/29/2016,CLT,NC,ASO,ES,Combined TRACON& Tower with Radar,1093,351,64,1,1509,0,1,10,4,15,1093,352,74,5,1524,0,0,0,1524
03/01/2016,CLT,NC,ASO,ES,Combined TRACON& Tower with Radar,1082,371,75,8,1536,0,1,13,6,20,1082,372,88,14,1556,0,0,0,1556
03/02/2016,CLT,NC,ASO,ES,Combined TRACON& Tower with Radar,1102,369,78,9,1558,0,0,10,7,17,1102,369,88,16,1575,0,0,0,1575
03/03/2016,CLT,NC,ASO,ES,Combined TRACON& Tower with Radar,1136,358,61,8,1563,0,0,11,0,11,1136,358,72,8,1574,0,0,0,1574
03/04/2016,CLT,NC,ASO,ES,Combined TRACON& Tower with Radar,1131,355,52,5,1543,0,0,29,4,33,1131,355,81,9,1576,0,0,0,1576
03/05/2016,CLT,NC,ASO,ES,Combined TRACON& Tower with Radar,1012,359,20,4,1395,0,0,10,2,12,1012,359,30,6,1407,0,0,0,1407
03/06/2016,CLT,NC,ASO,ES,Combined TRACON& Tower with Radar,1058,364,34,1,1457,0,0,4,5,9,1058,364,38,6,1466,0,0,0,1466
03/07/2016,CLT,NC,ASO,ES,Combined TRACON& Tower with Radar,1131,369,70,1,1571,0,0,17,7,24,1131,369,87,8,1595,0,0,0,1595
03/08/2016,CLT,NC,ASO,ES,Combined TRACON& Tower with Radar,1133,357,78,7,1575,0,0,21,11,32,1133,357,99,18,1607,0,0,0,1607
03/09/2016,CLT,NC,ASO,ES,Combined TRACON& Tower with Radar,1129,354,66,9,1558,0,0,14,7,21,1129,354,80,16,1579,0,0,0,1579
03/10/2016,CLT,NC,ASO,ES,Combined TRACON& Tower with Radar,1142,349,60,14,1565,0,1,13,2,16,1142,350,73,16,1581,0,0,0,1581
03/11/2016,CLT,NC,ASO,ES,Combined TRACON& Tower with Radar,1140,341,47,2,1530,0,0,26,1,27,1140,341,73,3,1557,0,0,0,1557
03/12/2016,CLT,NC,ASO,ES,Combined TRACON& Tower with Radar,1022,347,26,0,1395,0,1,11,5,17,1022,348,37,5,1412,0,0,0,1412
03/13/2016,CLT,NC,ASO,ES,Combined TRACON& Tower with Radar,1070,350,33,4,1457,0,0,1,4,5,1070,350,34,8,1462,0,0,0,1462
03/14/2016,CLT,NC,ASO,ES,Combined TRACON& Tower with Radar,1125,358,64,2,1549,0,0,11,10,21,1125,358,75,12,1570,0,0,0,1570
03/15/2016,CLT,NC,ASO,ES,Combined TRACON& Tower with Radar,1139,348,74,9,1570,0,0,13,6,19,1139,348,87,15,1589,0,0,0,1589
03/16/2016,CLT,NC,ASO,ES,Combined TRACON& Tower with Radar,1144,351,56,9,1560,0,0,25,7,32,1144,351,81,16,1592,0,0,0,1592
03/17/2016,CLT,NC,ASO,ES,Combined TRACON& Tower with Radar,1137,354,45,9,1545,0,0,28,5,33,1137,354,73,14,1578,0,0,0,1578
03/18/2016,CLT,NC,ASO,ES,Combined TRACON& Tower with Radar,1136,371,65,1,1573,0,0,20,7,27,1136,371,85,8,1600,0,0,0,1600
03/19/2016,CLT,NC,ASO,ES,Combined TRACON& Tower with Radar,1017,357,21,0,1395,0,0,9,1,10,1017,357,30,1,1405,0,0,0,1405
03/20/2016,CLT,NC,ASO,ES,Combined TRACON& Tower with Radar,1078,351,19,1,1449,0,0,2,0,2,1078,351,21,1,1451,0,0,0,1451
03/21/2016,CLT,NC,ASO,ES,Combined TRACON& Tower with Radar,1143,363,57,3,1566,0,0,6,2,8,1143,363,63,5,1574,0,0,0,1574
03/22/2016,CLT,NC,ASO,ES,Combined TRACON& Tower with Radar,1134,356,55,9,1554,0,0,28,3,31,1134,356,83,12,1585,0,0,0,1585
03/23/2016,CLT,NC,ASO,ES,Combined TRACON& Tower with Radar,1117,351,72,11,1551,0,0,33,6,39,1117,351,105,17,1590,0,0,0,1590
03/24/2016,CLT,NC,ASO,ES,Combined TRACON& Tower with Radar,1145,370,65,7,1587,0,0,31,5,36,1145,370,96,12,1623,0,0,0,1623
03/25/2016,CLT,NC,ASO,ES,Combined TRACON& Tower with Radar,1135,363,41,0,1539,0,0,11,4,15,1135,363,52,4,1554,0,0,0,1554
03/26/2016,CLT,NC,ASO,ES,Combined TRACON& Tower with Radar,1025,348,11,1,1385,0,1,9,1,11,1025,349,20,2,1396,0,0,0,1396
03/27/2016,CLT,NC,ASO,ES,Combined TRACON& Tower with Radar,1078,340,13,0,1431,0,0,0,0,0,1078,340,13,0,1431,0,0,0,1431
03/28/2016,CLT,NC,ASO,ES,Combined TRACON& Tower with Radar,1137,341,55,4,1537,0,0,15,5,20,1137,341,70,9,1557,0,0,0,1557
03/29/2016,CLT,NC,ASO,ES,Combined TRACON& Tower with Radar,1127,365,46,12,1550,0,0,16,5,21,1127,365,62,17,1571,0,0,0,1571
03/30/2016,CLT,NC,ASO,ES,Combined TRACON& Tower with Radar,1132,360,46,4,1542,0,0,23,4,27,1132,360,69,8,1569,0,0,0,1569
03/31/2016,CLT,NC,ASO,ES,Combined TRACON& Tower with Radar,1138,362,69,4,1573,0,0,14,2,16,1138,362,83,6,1589,0,0,0,1589
04/01/2016,CLT,NC,ASO,ES,Combined TRACON& Tower with Radar,1133,360,46,4,1543,0,0,11,8,19,1133,360,57,12,1562,0,0,0,1562
04/02/2016,CLT,NC,ASO,ES,Combined TRACON& Tower with Radar,1017,350,32,3,1402,0,0,9,2,11,1017,350,41,5,1413,0,0,0,1413
04/03/2016,CLT,NC,ASO,ES,Combined TRACON& Tower with Radar,1084,351,39,0,1474,0,0,4,1,5,1084,351,43,1,1479,0,0,0,1479
04/04/2016,CLT,NC,ASO,ES,Combined TRACON& Tower with Radar,1122,364,56,1,1543,0,1,13,8,22,1122,365,69,9,1565,0,0,0,1565
04/05/2016,CLT,NC,ASO,ES,Combined TRACON& Tower with Radar,1201,382,95,4,1682,0,0,25,7,32,1201,382,120,11,1714,0,0,0,1714
04/06/2016,CLT,NC,ASO,ES,Combined TRACON& Tower with Radar,1127,370,57,7,1561,0,0,17,6,23,1127,370,74,13,1584,0,0,0,1584
04/07/2016,CLT,NC,ASO,ES,Combined TRACON& Tower with Radar,1127,386,68,8,1589,0,0,17,3,20,1127,386,85,11,1609,0,0,0,1609
04/08/2016,CLT,NC,ASO,ES,Combined TRACON& Tower with Radar,1140,371,68,5,1584,0,0,5,7,12,1140,371,73,12,1596,0,0,0,1596
04/09/2016,CLT,NC,ASO,ES,Combined TRACON& Tower with Radar,1030,356,27,0,1413,0,0,4,2,6,1030,356,31,2,1419,0,0,0,1419
04/10/2016,CLT,NC,ASO,ES,Combined TRACON& Tower with Radar,1083,367,49,4,1503,0,0,9,1,10,1083,367,58,5,1513,0,0,0,1513
04/11/2016,CLT,NC,ASO,ES,Combined TRACON& Tower with Radar,1134,345,56,0,1535,0,0,12,7,19,1134,345,68,7,1554,0,0,0,1554
04/12/2016,CLT,NC,ASO,ES,Combined TRACON& Tower with Radar,1134,339,60,8,1541,0,0,5,2,7,1134,339,65,10,1548,0,0,0,1548
04/13/2016,CLT,NC,ASO,ES,Combined TRACON& Tower with Radar,1132,384,68,8,1592,0,1,27,2,30,1132,385,95,10,1622,0,0,0,1622
04/14/2016,CLT,NC,ASO,ES,Combined TRACON& Tower with Radar,1136,359,86,9,1590,0,0,26,8,34,1136,359,112,17,1624,0,0,0,1624
04/15/2016,CLT,NC,ASO,ES,Combined TRACON& Tower with Radar,1147,356,56,0,1559,1,0,21,5,27,1148,356,77,5,1586,0,0,0,1586
04/16/2016,CLT,NC,ASO,ES,Combined TRACON& Tower with Radar,1024,352,15,2,1393,0,0,12,3,15,1024,352,27,5,1408,0,0,0,1408
04/17/2016,CLT,NC,ASO,ES,Combined TRACON& Tower with Radar,1077,362,38,2,1479,0,0,7,1,8,1077,362,45,3,1487,0,0,0,1487
04/18/2016,CLT,NC,ASO,ES,Combined TRACON& Tower with Radar,1135,365,47,2,1549,0,0,19,2,21,1135,365,66,4,1570,0,0,0,1570
04/19/2016,CLT,NC,ASO,ES,Combined TRACON& Tower with Radar,1130,342,76,12,1560,0,0,17,2,19,1130,342,93,14,1579,0,0,0,1579
04/20/2016,CLT,NC,ASO,ES,Combined TRACON& Tower with Radar,1136,363,70,8,1577,0,0,19,7,26,1136,363,89,15,1603,0,0,0,1603
04/21/2016,CLT,NC,ASO,ES,Combined TRACON& Tower with Radar,1144,363,75,5,1587,0,0,14,7,21,1144,363,89,12,1608,0,0,0,1608
04/22/2016,CLT,NC,ASO,ES,Combined TRACON& Tower with Radar,1144,355,56,1,1556,0,0,6,0,6,1144,355,62,1,1562,0,0,0,1562
04/23/2016,CLT,NC,ASO,ES,Combined TRACON& Tower with Radar,1026,357,29,0,1412,0,0,6,1,7,1026,357,35,1,1419,0,0,0,1419
04/24/2016,CLT,NC,ASO,ES,Combined TRACON& Tower with Radar,1083,363,44,1,1491,0,0,9,3,12,1083,363,53,4,1503,0,0,0,1503
04/25/2016,CLT,NC,ASO,ES,Combined TRACON& Tower with Radar,1142,369,73,3,1587,0,0,18,3,21,1142,369,91,6,1608,0,0,0,1608
04/26/2016,CLT,NC,ASO,ES,Combined TRACON& Tower with Radar,1119,378,61,12,1570,0,0,20,10,30,1119,378,81,22,1600,0,0,0,1600
04/27/2016,CLT,NC,ASO,ES,Combined TRACON& Tower with Radar,1123,371,93,5,1592,0,0,23,6,29,1123,371,116,11,1621,0,0,0,1621
04/28/2016,CLT,NC,ASO,ES,Combined TRACON& Tower with Radar,1128,376,68,11,1583,0,1,8,2,11,1128,377,76,13,1594,0,0,0,1594
04/29/2016,CLT,NC,ASO,ES,Combined TRACON& Tower with Radar,1131,363,60,4,1558,0,1,19,3,23,1131,364,79,7,1581,0,0,0,1581
04/30/2016,CLT,NC,ASO,ES,Combined TRACON& Tower with Radar,930,324,24,1,1279,0,0,1,2,3,930,324,25,3,1282,0,0,0,1282
05/01/2016,CLT,NC,ASO,ES,Combined TRACON& Tower with Radar,1059,343,50,4,1456,0,0,2,1,3,1059,343,52,5,1459,0,0,0,1459
05/02/2016,CLT,NC,ASO,ES,Combined TRACON& Tower with Radar,1090,313,67,0,1470,0,0,5,2,7,1090,313,72,2,1477,0,0,0,1477
05/03/2016,CLT,NC,ASO,ES,Combined TRACON& Tower with Radar,1175,364,69,0,1608,0,1,5,5,11,1175,365,74,5,1619,0,0,0,1619
05/04/2016,CLT,NC,ASO,ES,Combined TRACON& Tower with Radar,1124,370,85,0,1579,0,0,21,2,23,1124,370,106,2,1602,0,0,0,1602
05/05/2016,CLT,NC,ASO,ES,Combined TRACON& Tower with Radar,1140,379,97,3,1619,1,0,18,2,21,1141,379,115,5,1640,0,0,0,1640
05/06/2016,CLT,NC,ASO,ES,Combined TRACON& Tower with Radar,1153,368,86,4,1611,0,0,15,9,24,1153,368,101,13,1635,0,0,0,1635
05/07/2016,CLT,NC,ASO,ES,Combined TRACON& Tower with Radar,1035,325,21,0,1381,0,0,41,3,44,1035,325,62,3,1425,0,0,0,1425
05/08/2016,CLT,NC,ASO,ES,Combined TRACON& Tower with Radar,1088,378,32,1,1499,0,1,6,1,8,1088,379,38,2,1507,0,0,0,1507
05/09/2016,CLT,NC,ASO,ES,Combined TRACON& Tower with Radar,1138,368,66,3,1575,0,0,15,4,19,1138,368,81,7,1594,0,0,0,1594
05/10/2016,CLT,NC,ASO,ES,Combined TRACON& Tower with Radar,1124,372,63,8,1567,0,0,18,5,23,1124,372,81,13,1590,0,0,0,1590
05/11/2016,CLT,NC,ASO,ES,Combined TRACON& Tower with Radar,1140,366,72,5,1583,0,0,16,3,19,1140,366,88,8,1602,0,0,0,1602
05/12/2016,CLT,NC,ASO,ES,Combined TRACON& Tower with Radar,1120,364,73,5,1562,0,0,16,2,18,1120,364,89,7,1580,0,0,0,1580
05/13/2016,CLT,NC,ASO,ES,Combined TRACON& Tower with Radar,1166,360,53,0,1579,0,0,19,5,24,1166,360,72,5,1603,0,0,0,1603
05/14/2016,CLT,NC,ASO,ES,Combined TRACON& Tower with Radar,1044,353,31,1,1429,0,1,28,3,32,1044,354,59,4,1461,0,0,0,1461
05/15/2016,CLT,NC,ASO,ES,Combined TRACON& Tower with Radar,1090,374,31,2,1497,0,0,4,3,7,1090,374,35,5,1504,0,0,0,1504
05/16/2016,CLT,NC,ASO,ES,Combined TRACON& Tower with Radar,1140,363,67,6,1576,0,0,17,5,22,1140,363,84,11,1598,0,0,0,1598
05/17/2016,CLT,NC,ASO,ES,Combined TRACON& Tower with Radar,1132,357,74,11,1574,0,0,10,2,12,1132,357,84,13,1586,0,0,0,1586
05/18/2016,CLT,NC,ASO,ES,Combined TRACON& Tower with Radar,1140,358,67,5,1570,0,0,9,0,9,1140,358,76,5,1579,0,0,0,1579
05/19/2016,CLT,NC,ASO,ES,Combined TRACON& Tower with Radar,1139,369,55,2,1565,0,0,0,0,0,1139,369,55,2,1565,0,0,0,1565
05/20/2016,CLT,NC,ASO,ES,Combined TRACON& Tower with Radar,1138,368,44,2,1552,0,0,0,0,0,1138,368,44,2,1552,0,0,0,1552
05/21/2016,CLT,NC,ASO,ES,Combined TRACON& Tower with Radar,1027,328,23,2,1380,0,10,1,0,11,1027,338,24,2,1391,0,0,0,1391
05/22/2016,CLT,NC,ASO,ES,Combined TRACON& Tower with Radar,1101,348,39,2,1490,0,4,2,0,6,1101,352,41,2,1496,0,0,0,1496
05/23/2016,CLT,NC,ASO,ES,Combined TRACON& Tower with Radar,1148,361,69,3,1581,0,0,15,1,16,1148,361,84,4,1597,0,0,0,1597
05/24/2016,CLT,NC,ASO,ES,Combined TRACON& Tower with Radar,1128,385,111,7,1631,0,0,6,10,16,1128,385,117,17,1647,0,0,0,1647
05/25/2016,CLT,NC,ASO,ES,Combined TRACON& Tower with Radar,1143,383,78,6,1610,0,0,14,6,20,1143,383,92,12,1630,0,0,0,1630
05/26/2016,CLT,NC,ASO,ES,Combined TRACON& Tower with Radar,1159,383,79,7,1628,0,1,16,8,25,1159,384,95,15,1653,0,0,0,1653
05/27/2016,CLT,NC,ASO,ES,Combined TRACON& Tower with Radar,1172,381,51,5,1609,0,0,21,8,29,1172,381,72,13,1638,0,0,0,1638
05/28/2016,CLT,NC,ASO,ES,Combined TRACON& Tower with Radar,1043,344,20,0,1407,0,8,14,0,22,1043,352,34,0,1429,0,0,0,1429
05/29/2016,CLT,NC,ASO,ES,Combined TRACON& Tower with Radar,1050,328,7,0,1385,0,31,4,5,40,1050,359,11,5,1425,0,0,0,1425
05/30/2016,CLT,NC,ASO,ES,Combined TRACON& Tower with Radar,1127,359,33,3,1522,0,0,17,2,19,1127,359,50,5,1541,0,0,0,1541
05/31/2016,CLT,NC,ASO,ES,Combined TRACON& Tower with Radar,1082,331,66,7,1486,0,0,9,7,16,1082,331,75,14,1502,0,0,0,1502
06/01/2016,CLT,NC,ASO,ES,Combined TRACON& Tower with Radar,1176,361,77,8,1622,0,2,15,6,23,1176,363,92,14,1645,0,0,0,1645
06/02/2016,CLT,NC,ASO,ES,Combined TRACON& Tower with Radar,1120,342,67,10,1539,0,0,20,6,26,1120,342,87,16,1565,0,0,0,1565
06/03/2016,CLT,NC,ASO,ES,Combined TRACON& Tower with Radar,1161,344,51,3,1559,0,0,29,8,37,1161,344,80,11,1596,0,0,0,1596
06/04/2016,CLT,NC,ASO,ES,Combined TRACON& Tower with Radar,1041,332,30,1,1404,0,0,10,0,10,1041,332,40,1,1414,0,0,0,1414
06/05/2016,CLT,NC,ASO,ES,Combined TRACON& Tower with Radar,1089,338,28,1,1456,0,0,1,2,3,1089,338,29,3,1459,0,0,0,1459
06/06/2016,CLT,NC,ASO,ES,Combined TRACON& Tower with Radar,1156,339,64,2,1561,0,0,16,5,21,1156,339,80,7,1582,0,0,0,1582
06/07/2016,CLT,NC,ASO,ES,Combined TRACON& Tower with Radar,1144,328,69,7,1548,0,0,22,7,29,1144,328,91,14,1577,0,0,0,1577
06/08/2016,CLT,NC,ASO,ES,Combined TRACON& Tower with Radar,1140,331,93,7,1571,0,0,25,2,27,1140,331,118,9,1598,0,0,0,1598
06/09/2016,CLT,NC,ASO,ES,Combined TRACON& Tower with Radar,1160,349,65,11,1585,0,0,15,6,21,1160,349,80,17,1606,0,0,0,1606
06/10/2016,CLT,NC,ASO,ES,Combined TRACON& Tower with Radar,1156,361,57,0,1574,0,0,22,3,25,1156,361,79,3,1599,0,0,0,1599
06/11/2016,CLT,NC,ASO,ES,Combined TRACON& Tower with Radar,1041,329,23,1,1394,0,1,19,1,21,1041,330,42,2,1415,0,0,0,1415
06/12/2016,CLT,NC,ASO,ES,Combined TRACON& Tower with Radar,1095,345,33,1,1474,0,0,7,2,9,1095,345,40,3,1483,0,0,0,1483
06/13/2016,CLT,NC,ASO,ES,Combined TRACON& Tower with Radar,1159,346,56,5,1566,0,0,17,5,22,1159,346,73,10,1588,0,0,0,1588
06/14/2016,CLT,NC,ASO,ES,Combined TRACON& Tower with Radar,1119,327,64,7,1517,0,1,18,2,21,1119,328,82,9,1538,0,0,0,1538
06/15/2016,CLT,NC,ASO,ES,Combined TRACON& Tower with Radar,1159,331,75,7,1572,0,0,9,2,11,1159,331,84,9,1583,0,0,0,1583
06/16/2016,CLT,NC,ASO,ES,Combined TRACON& Tower with Radar,1146,335,54,9,1544,0,0,26,7,33,1146,335,80,16,1577,0,0,0,1577
06/17/2016,CLT,NC,ASO,ES,Combined TRACON& Tower with Radar,1176,337,37,1,1551,0,0,13,3,16,1176,337,50,4,1567,0,0,0,1567
06/18/2016,CLT,NC,ASO,ES,Combined TRACON& Tower with Radar,1038,337,19,1,1395,0,0,23,0,23,1038,337,42,1,1418,0,0,0,1418
06/19/2016,CLT,NC,ASO,ES,Combined TRACON& Tower with Radar,1094,347,27,2,1470,0,0,8,0,8,1094,347,35,2,1478,0,0,0,1478
06/20/2016,CLT,NC,ASO,ES,Combined TRACON& Tower with Radar,1158,344,67,0,1569,0,0,18,0,18,1158,344,85,0,1587,0,0,0,1587
06/21/2016,CLT,NC,ASO,ES,Combined TRACON& Tower with Radar,1135,318,63,8,1524,0,0,21,8,29,1135,318,84,16,1553,0,0,0,1553
06/22/2016,CLT,NC,ASO,ES,Combined TRACON& Tower with Radar,1162,323,44,5,1534,0,0,18,0,18,1162,323,62,5,1552,0,0,0,1552
06/23/2016,CLT,NC,ASO,ES,Combined TRACON& Tower with Radar,1109,338,66,7,1520,0,0,27,2,29,1109,338,93,9,1549,0,0,0,1549
06/24/2016,CLT,NC,ASO,ES,Combined TRACON& Tower with Radar,1175,331,77,0,1583,0,0,19,6,25,1175,331,96,6,1608,0,0,0,1608
06/25/2016,CLT,NC,ASO,ES,Combined TRACON& Tower with Radar,1051,328,17,2,1398,0,0,17,3,20,1051,328,34,5,1418,0,0,0,1418
06/26/2016,CLT,NC,ASO,ES,Combined TRACON& Tower with Radar,1106,335,31,0,1472,0,1,7,1,9,1106,336,38,1,1481,0,0,0,1481
06/27/2016,CLT,NC,ASO,ES,Combined TRACON& Tower with Radar,1091,309,45,4,1449,0,0,11,2,13,1091,309,56,6,1462,0,0,0,1462
06/28/2016,CLT,NC,ASO,ES,Combined TRACON& Tower with Radar,1164,349,73,7,1593,0,0,13,4,17,1164,349,86,11,1610,0,0,0,1610
06/29/2016,CLT,NC,ASO,ES,Combined TRACON& Tower with Radar,1149,335,90,0,1574,0,0,25,5,30,1149,335,115,5,1604,0,0,0,1604
06/30/2016,CLT,NC,ASO,ES,Combined TRACON& Tower with Radar,1187,354,60,7,1608,0,0,15,7,22,1187,354,75,14,1630,0,0,0,1630
07/01/2016,CLT,NC,ASO,ES,Combined TRACON& Tower with Radar,1157,346,49,0,1552,0,1,28,5,34,1157,347,77,5,1586,0,0,0,1586
07/02/2016,CLT,NC,ASO,ES,Combined TRACON& Tower with Radar,1047,316,18,3,1384,0,0,10,3,13,1047,316,28,6,1397,0,0,0,1397
07/03/2016,CLT,NC,ASO,ES,Combined TRACON& Tower with Radar,1030,303,10,0,1343,0,0,2,0,2,1030,303,12,0,1345,0,0,0,1345
07/04/2016,CLT,NC,ASO,ES,Combined TRACON& Tower with Radar,981,271,6,3,1261,0,0,11,2,13,981,271,17,5,1274,0,0,0,1274
07/05/2016,CLT,NC,ASO,ES,Combined TRACON& Tower with Radar,1048,298,46,5,1397,0,0,12,3,15,1048,298,58,8,1412,0,0,0,1412
07/06/2016,CLT,NC,ASO,ES,Combined TRACON& Tower with Radar,1200,346,68,8,1622,0,0,17,6,23,1200,346,85,14,1645,0,0,0,1645
07/07/2016,CLT,NC,ASO,ES,Combined TRACON& Tower with Radar,1158,343,76,5,1582,0,0,22,12,34,1158,343,98,17,1616,0,0,0,1616
07/08/2016,CLT,NC,ASO,ES,Combined TRACON& Tower with Radar,1112,309,50,3,1474,0,0,18,1,19,1112,309,68,4,1493,0,0,0,1493
07/09/2016,CLT,NC,ASO,ES,Combined TRACON& Tower with Radar,1048,325,35,6,1414,0,0,12,1,13,1048,325,47,7,1427,0,0,0,1427
07/10/2016,CLT,NC,ASO,ES,Combined TRACON& Tower with Radar,1112,345,42,6,1505,0,1,12,0,13,1112,346,54,6,1518,0,0,0,1518
07/11/2016,CLT,NC,ASO,ES,Combined TRACON& Tower with Radar,1137,340,65,5,1547,0,1,13,2,16,1137,341,78,7,1563,0,0,0,1563
07/12/2016,CLT,NC,ASO,ES,Combined TRACON& Tower with Radar,1160,331,58,5,1554,0,0,14,5,19,1160,331,72,10,1573,0,0,0,1573
07/13/2016,CLT,NC,ASO,ES,Combined TRACON& Tower with Radar,1128,320,49,9,1506,0,0,19,5,24,1128,320,68,14,1530,0,0,0,1530
07/14/2016,CLT,NC,ASO,ES,Combined TRACON& Tower with Radar,1169,325,70,8,1572,0,0,24,4,28,1169,325,94,12,1600,0,0,0,1600
07/15/2016,CLT,NC,ASO,ES,Combined TRACON& Tower with Radar,1180,316,47,4,1547,0,0,14,5,19,1180,316,61,9,1566,0,0,0,1566
07/16/2016,CLT,NC,ASO,ES,Combined TRACON& Tower with Radar,1047,279,15,1,1342,0,0,0,0,0,1047,279,15,1,1342,0,0,0,1342
07/17/2016,CLT,NC,ASO,ES,Combined TRACON& Tower with Radar,1153,338,40,2,1533,0,0,4,0,4,1153,338,44,2,1537,0,0,0,1537
07/18/2016,CLT,NC,ASO,ES,Combined TRACON& Tower with Radar,1155,330,50,2,1537,0,0,15,3,18,1155,330,65,5,1555,0,0,0,1555
07/19/2016,CLT,NC,ASO,ES,Combined TRACON& Tower with Radar,1171,317,72,9,1569,0,0,21,1,22,1171,317,93,10,1591,0,0,0,1591
07/20/2016,CLT,NC,ASO,ES,Combined TRACON& Tower with Radar,1178,321,71,4,1574,0,0,28,4,32,1178,321,99,8,1606,0,0,0,1606
07/21/2016,CLT,NC,ASO,ES,Combined TRACON& Tower with Radar,1130,316,62,3,1511,0,0,21,3,24,1130,316,83,6,1535,0,0,0,1535
07/22/2016,CLT,NC,ASO,ES,Combined TRACON& Tower with Radar,1181,346,57,14,1598,0,1,26,6,33,1181,347,83,20,1631,0,0,0,1631
07/23/2016,CLT,NC,ASO,ES,Combined TRACON& Tower with Radar,1068,301,24,8,1401,0,0,13,3,16,1068,301,37,11,1417,0,0,0,1417
07/24/2016,CLT,NC,ASO,ES,Combined TRACON& Tower with Radar,1110,334,21,2,1467,0,0,8,5,13,1110,334,29,7,1480,0,0,0,1480
07/25/2016,CLT,NC,ASO,ES,Combined TRACON& Tower with Radar,1127,331,51,2,1511,0,0,15,2,17,1127,331,66,4,1528,0,0,0,1528
07/26/2016,CLT,NC,ASO,ES,Combined TRACON& Tower with Radar,1147,337,66,8,1558,0,0,14,2,16,1147,337,80,10,1574,0,0,0,1574
07/27/2016,CLT,NC,ASO,ES,Combined TRACON& Tower with Radar,1150,348,65,8,1571,0,0,29,3,32,1150,348,94,11,1603,0,0,0,1603
07/28/2016,CLT,NC,ASO,ES,Combined TRACON& Tower with Radar,1115,332,65,8,1520,0,0,20,4,24,1115,332,85,12,1544,0,0,0,1544
07/29/2016,CLT,NC,ASO,ES,Combined TRACON& Tower with Radar,1161,329,54,1,1545,0,1,18,1,20,1161,330,72,2,1565,0,0,0,1565
07/30/2016,CLT,NC,ASO,ES,Combined TRACON& Tower with Radar,1030,306,32,1,1369,0,0,10,1,11,1030,306,42,2,1380,0,0,0,1380
07/31/2016,CLT,NC,ASO,ES,Combined TRACON& Tower with Radar,1128,347,31,1,1507,0,0,11,1,12,1128,347,42,2,1519,0,0,0,1519
08/01/2016,CLT,NC,ASO,ES,Combined TRACON& Tower with Radar,1194,355,54,3,1606,0,0,24,4,28,1194,355,78,7,1634,0,0,0,1634
08/02/2016,CLT,NC,ASO,ES,Combined TRACON& Tower with Radar,1121,306,69,8,1504,0,0,11,3,14,1121,306,80,11,1518,0,0,0,1518
08/03/2016,CLT,NC,ASO,ES,Combined TRACON& Tower with Radar,1167,352,67,5,1591,0,0,13,4,17,1167,352,80,9,1608,0,0,0,1608
08/04/2016,CLT,NC,ASO,ES,Combined TRACON& Tower with Radar,1161,340,70,12,1583,0,0,8,3,11,1161,340,78,15,1594,0,0,0,1594
08/05/2016,CLT,NC,ASO,ES,Combined TRACON& Tower with Radar,1184,326,49,0,1559,0,0,8,4,12,1184,326,57,4,1571,0,0,0,1571
08/06/2016,CLT,NC,ASO,ES,Combined TRACON& Tower with Radar,1077,313,20,0,1410,0,0,14,2,16,1077,313,34,2,1426,0,0,0,1426
08/07/2016,CLT,NC,ASO,ES,Combined TRACON& Tower with Radar,1086,301,28,2,1417,0,0,7,2,9,1086,301,35,4,1426,0,0,0,1426
08/08/2016,CLT,NC,ASO,ES,Combined TRACON& Tower with Radar,1171,329,35,5,1540,0,0,4,5,9,1171,329,39,10,1549,0,0,0,1549
08/09/2016,CLT,NC,ASO,ES,Combined TRACON& Tower with Radar,1168,299,72,2,1541,0,0,4,0,4,1168,299,76,2,1545,0,0,0,1545
08/10/2016,CLT,NC,ASO,ES,Combined TRACON& Tower with Radar,1171,314,70,2,1557,0,1,20,2,23,1171,315,90,4,1580,0,0,0,1580
08/11/2016,CLT,NC,ASO,ES,Combined TRACON& Tower with Radar,1176,319,68,6,1569,0,0,24,1,25,1176,319,92,7,1594,0,0,0,1594
08/12/2016,CLT,NC,ASO,ES,Combined TRACON& Tower with Radar,1160,307,43,3,1513,0,0,29,10,39,1160,307,72,13,1552,0,0,0,1552
08/13/2016,CLT,NC,ASO,ES,Combined TRACON& Tower with Radar,1070,309,18,3,1400,0,1,8,1,10,1070,310,26,4,1410,0,0,0,1410
08/14/2016,CLT,NC,ASO,ES,Combined TRACON& Tower with Radar,1126,307,46,2,1481,0,0,11,4,15,1126,307,57,6,1496,0,0,0,1496
08/15/2016,CLT,NC,ASO,ES,Combined TRACON& Tower with Radar,1145,304,47,1,1497,0,0,11,4,15,1145,304,58,5,1512,0,0,0,1512
08/16/2016,CLT,NC,ASO,ES,Combined TRACON& Tower with Radar,1176,312,66,8,1562,0,0,15,1,16,1176,312,81,9,1578,0,0,0,1578
08/17/2016,CLT,NC,ASO,ES,Combined TRACON& Tower with Radar,1169,310,67,9,1555,0,0,21,7,28,1169,310,88,16,1583,0,0,0,1583
08/18/2016,CLT,NC,ASO,ES,Combined TRACON& Tower with Radar,1192,319,80,7,1598,0,0,14,4,18,1192,319,94,11,1616,0,0,0,1616
08/19/2016,CLT,NC,ASO,ES,Combined TRACON& Tower with Radar,1159,343,54,2,1558,0,0,18,8,26,1159,343,72,10,1584,0,0,0,1584
08/20/2016,CLT,NC,ASO,ES,Combined TRACON& Tower with Radar,1063,315,8,1,1387,0,0,11,1,12,1063,315,19,2,1399,0,0,0,1399
08/21/2016,CLT,NC,ASO,ES,Combined TRACON& Tower with Radar,1112,335,37,1,1485,0,0,4,0,4,1112,335,41,1,1489,0,0,0,1489
08/22/2016,CLT,NC,ASO,ES,Combined TRACON& Tower with Radar,1175,317,49,2,1543,0,0,19,0,19,1175,317,68,2,1562,0,0,0,1562
08/23/2016,CLT,NC,ASO,ES,Combined TRACON& Tower with Radar,1028,275,56,10,1369,0,0,17,3,20,1028,275,73,13,1389,0,0,0,1389
08/24/2016,CLT,NC,ASO,ES,Combined TRACON& Tower with Radar,1149,302,59,6,1516,0,0,22,3,25,1149,302,81,9,1541,0,0,0,1541
08/25/2016,CLT,NC,ASO,ES,Combined TRACON& Tower with Radar,1167,295,76,8,1546,0,0,27,10,37,1167,295,103,18,1583,0,0,0,1583
08/26/2016,CLT,NC,ASO,ES,Combined TRACON& Tower with Radar,1182,315,50,4,1551,0,1,21,5,27,1182,316,71,9,1578,0,0,0,1578
08/27/2016,CLT,NC,ASO,ES,Combined TRACON& Tower with Radar,947,247,14,0,1208,0,1,14,0,15,947,248,28,0,1223,0,0,0,1223
08/28/2016,CLT,NC,ASO,ES,Combined TRACON& Tower with Radar,1054,272,36,1,1363,0,0,7,2,9,1054,272,43,3,1372,0,0,0,1372
08/29/2016,CLT,NC,ASO,ES,Combined TRACON& Tower with Radar,1163,307,43,0,1513,0,1,13,6,20,1163,308,56,6,1533,0,0,0,1533
08/30/2016,CLT,NC,ASO,ES,Combined TRACON& Tower with Radar,1027,272,67,12,1378,0,0,15,2,17,1027,272,82,14,1395,0,0,0,1395
08/31/2016,CLT,NC,ASO,ES,Combined TRACON& Tower with Radar,1144,321,66,9,1540,0,0,16,5,21,1144,321,82,14,1561,0,0,0,1561
09/01/2016,CLT,NC,ASO,ES,Combined TRACON& Tower with Radar,1124,310,55,6,1495,0,1,19,0,20,1124,311,74,6,1515,0,0,0,1515
09/02/2016,CLT,NC,ASO,ES,Combined TRACON& Tower with Radar,1120,294,25,0,1439,0,0,2,0,2,1120,294,27,0,1441,0,0,0,1441
09/03/2016,CLT,NC,ASO,ES,Combined TRACON& Tower with Radar,937,233,33,1,1204,0,0,18,2,20,937,233,51,3,1224,0,0,0,1224
09/04/2016,CLT,NC,ASO,ES,Combined TRACON& Tower with Radar,879,229,19,0,1127,0,0,11,2,13,879,229,30,2,1140,0,0,0,1140
09/05/2016,CLT,NC,ASO,ES,Combined TRACON& Tower with Radar,1041,269,28,1,1339,0,0,14,3,17,1041,269,42,4,1356,0,0,0,1356
09/06/2016,CLT,NC,ASO,ES,Combined TRACON& Tower with Radar,1010,273,46,8,1337,0,0,21,7,28,1010,273,67,15,1365,0,0,0,1365
09/07/2016,CLT,NC,ASO,ES,Combined TRACON& Tower with Radar,1139,305,75,7,1526,0,0,20,5,25,1139,305,95,12,1551,0,0,0,1551
09/08/2016,CLT,NC,ASO,ES,Combined TRACON& Tower with Radar,1146,315,92,9,1562,0,0,26,0,26,1146,315,118,9,1588,0,0,0,1588
09/09/2016,CLT,NC,ASO,ES,Combined TRACON& Tower with Radar,1167,310,76,14,1567,0,0,12,4,16,1167,310,88,18,1583,0,0,0,1583
09/10/2016,CLT,NC,ASO,ES,Combined TRACON& Tower with Radar,943,243,33,12,1231,0,1,8,1,10,943,244,41,13,1241,0,0,0,1241
09/11/2016,CLT,NC,ASO,ES,Combined TRACON& Tower with Radar,1055,279,50,13,1397,0,0,9,3,12,1055,279,59,16,1409,0,0,0,1409
09/12/2016,CLT,NC,ASO,ES,Combined TRACON& Tower with Radar,1145,319,49,5,1518,0,0,11,4,15,1145,319,60,9,1533,0,0,0,1533
09/13/2016,CLT,NC,ASO,ES,Combined TRACON& Tower with Radar,995,286,89,9,1379,0,0,8,1,9,995,286,97,10,1388,0,0,0,1388
09/14/2016,CLT,NC,ASO,ES,Combined TRACON& Tower with Radar,1140,307,88,4,1539,0,0,20,4,24,1140,307,108,8,1563,0,0,0,1563
09/15/2016,CLT,NC,ASO,ES,Combined TRACON& Tower with Radar,1174,315,61,14,1564,0,0,16,0,16,1174,315,77,14,1580,0,0,0,1580
09/16/2016,CLT,NC,ASO,ES,Combined TRACON& Tower with Radar,1199,278,69,4,1550,0,0,17,1,18,1199,278,86,5,1568,0,0,0,1568
09/17/2016,CLT,NC,ASO,ES,Combined TRACON& Tower with Radar,967,227,38,2,1234,0,1,7,1,9,967,228,45,3,1243,0,0,0,1243
09/18/2016,CLT,NC,ASO,ES,Combined TRACON& Tower with Radar,1074,266,47,1,1388,0,0,7,4,11,1074,266,54,5,1399,0,0,0,1399
09/19/2016,CLT,NC,ASO,ES,Combined TRACON& Tower with Radar,1188,273,41,2,1504,0,0,12,2,14,1188,273,53,4,1518,0,0,0,1518
09/20/2016,CLT,NC,ASO,ES,Combined TRACON& Tower with Radar,1024,262,78,8,1372,0,1,21,1,23,1024,263,99,9,1395,0,0,0,1395
09/21/2016,CLT,NC,ASO,ES,Combined TRACON& Tower with Radar,1170,291,86,7,1554,0,0,27,7,34,1170,291,113,14,1588,0,0,0,1588
09/22/2016,CLT,NC,ASO,ES,Combined TRACON& Tower with Radar,1177,291,77,9,1554,0,0,15,5,20,1177,291,92,14,1574,0,0,0,1574
09/23/2016,CLT,NC,ASO,ES,Combined TRACON& Tower with Radar,1190,287,53,5,1535,0,1,31,7,39,1190,288,84,12,1574,0,0,0,1574
09/24/2016,CLT,NC,ASO,ES,Combined TRACON& Tower with Radar,957,226,25,2,1210,0,0,28,6,34,957,226,53,8,1244,0,0,0,1244
09/25/2016,CLT,NC,ASO,ES,Combined TRACON& Tower with Radar,1058,273,62,3,1396,0,0,20,9,29,1058,273,82,12,1425,0,0,0,1425
09/26/2016,CLT,NC,ASO,ES,Combined TRACON& Tower with Radar,1067,260,54,4,1385,0,0,18,2,20,1067,260,72,6,1405,0,0,0,1405
09/27/2016,CLT,NC,ASO,ES,Combined TRACON& Tower with Radar,1082,273,62,9,1426,0,0,7,4,11,1082,273,69,13,1437,0,0,0,1437
09/28/2016,CLT,NC,ASO,ES,Combined TRACON& Tower with Radar,1167,290,82,3,1542,0,2,17,4,23,1167,292,99,7,1565,0,0,0,1565
09/29/2016,CLT,NC,ASO,ES,Combined TRACON& Tower with Radar,1181,311,80,5,1577,0,0,18,1,19,1181,311,98,6,1596,0,0,0,1596
09/30/2016,CLT,NC,ASO,ES,Combined TRACON& Tower with Radar,1172,294,78,3,1547,0,0,16,4,20,1172,294,94,7,1567,0,0,0,1567
10/01/2016,CLT,NC,ASO,ES,Combined TRACON& Tower with Radar,938,239,12,0,1189,0,0,14,0,14,938,239,26,0,1203,0,0,0,1203
10/02/2016,CLT,NC,ASO,ES,Combined TRACON& Tower with Radar,1086,267,39,1,1393,0,0,9,1,10,1086,267,48,2,1403,0,0,0,1403
10/03/2016,CLT,NC,ASO,ES,Combined TRACON& Tower with Radar,1184,297,47,2,1530,0,0,22,3,25,1184,297,69,5,1555,0,0,0,1555
10/04/2016,CLT,NC,ASO,ES,Combined TRACON& Tower with Radar,1027,277,64,12,1380,0,0,10,2,12,1027,277,74,14,1392,0,0,0,1392
10/05/2016,CLT,NC,ASO,ES,Combined TRACON& Tower with Radar,1169,305,58,9,1541,0,0,14,2,16,1169,305,72,11,1557,0,0,0,1557
10/06/2016,CLT,NC,ASO,ES,Combined TRACON& Tower with Radar,1133,290,62,8,1493,0,0,21,2,23,1133,290,83,10,1516,0,0,0,1516
10/07/2016,CLT,NC,ASO,ES,Combined TRACON& Tower with Radar,1099,280,46,1,1426,0,0,0,0,0,1099,280,46,1,1426,0,0,0,1426
10/08/2016,CLT,NC,ASO,ES,Combined TRACON& Tower with Radar,881,188,16,0,1085,0,0,0,0,0,881,188,16,0,1085,0,0,0,1085
10/09/2016,CLT,NC,ASO,ES,Combined TRACON& Tower with Radar,1017,238,33,4,1292,0,10,10,2,22,1017,248,43,6,1314,0,0,0,1314
10/10/2016,CLT,NC,ASO,ES,Combined TRACON& Tower with Radar,1186,295,72,0,1553,0,0,17,2,19,1186,295,89,2,1572,0,0,0,1572
10/11/2016,CLT,NC,ASO,ES,Combined TRACON& Tower with Radar,1154,272,64,7,1497,0,0,21,3,24,1154,272,85,10,1521,0,0,0,1521
10/12/2016,CLT,NC,ASO,ES,Combined TRACON& Tower with Radar,1178,278,85,9,1550,0,0,11,2,13,1178,278,96,11,1563,0,0,0,1563
10/13/2016,CLT,NC,ASO,ES,Combined TRACON& Tower with Radar,1187,293,87,4,1571,0,0,32,1,33,1187,293,119,5,1604,0,0,0,1604
10/14/2016,CLT,NC,ASO,ES,Combined TRACON& Tower with Radar,1193,294,66,3,1556,0,0,24,5,29,1193,294,90,8,1585,0,0,0,1585
10/15/2016,CLT,NC,ASO,ES,Combined TRACON& Tower with Radar,957,235,36,0,1228,0,0,19,1,20,957,235,55,1,1248,0,0,0,1248
10/16/2016,CLT,NC,ASO,ES,Combined TRACON& Tower with Radar,1059,267,44,3,1373,0,0,10,1,11,1059,267,54,4,1384,0,0,0,1384
10/17/2016,CLT,NC,ASO,ES,Combined TRACON& Tower with Radar,1198,282,56,5,1541,0,0,15,0,15,1198,282,71,5,1556,0,0,0,1556
10/18/2016,CLT,NC,ASO,ES,Combined TRACON& Tower with Radar,1163,289,67,10,1529,0,1,23,8,32,1163,290,90,18,1561,0,0,0,1561
10/19/2016,CLT,NC,ASO,ES,Combined TRACON& Tower with Radar,1182,275,68,7,1532,0,0,31,2,33,1182,275,99,9,1565,0,0,0,1565
10/20/2016,CLT,NC,ASO,ES,Combined TRACON& Tower with Radar,1193,285,63,12,1553,0,0,33,2,35,1193,285,96,14,1588,0,0,0,1588
10/21/2016,CLT,NC,ASO,ES,Combined TRACON& Tower with Radar,1199,289,66,5,1559,0,0,26,10,36,1199,289,92,15,1595,0,0,0,1595
10/22/2016,CLT,NC,ASO,ES,Combined TRACON& Tower with Radar,966,234,23,2,1225,0,0,19,0,19,966,234,42,2,1244,0,0,0,1244
10/23/2016,CLT,NC,ASO,ES,Combined TRACON& Tower with Radar,1066,267,49,4,1386,0,0,12,1,13,1066,267,61,5,1399,0,0,0,1399
10/24/2016,CLT,NC,ASO,ES,Combined TRACON& Tower with Radar,1197,310,65,1,1573,0,0,29,3,32,1197,310,94,4,1605,0,0,0,1605
10/25/2016,CLT,NC,ASO,ES,Combined TRACON& Tower with Radar,1154,297,81,10,1542,0,0,22,2,24,1154,297,103,12,1566,0,0,0,1566
10/26/2016,CLT,NC,ASO,ES,Combined TRACON& Tower with Radar,1171,296,83,8,1558,0,0,12,1,13,1171,296,95,9,1571,0,0,0,1571
10/27/2016,CLT,NC,ASO,ES,Combined TRACON& Tower with Radar,1193,299,73,12,1577,0,0,17,5,22,1193,299,90,17,1599,0,0,0,1599
10/28/2016,CLT,NC,ASO,ES,Combined TRACON& Tower with Radar,1204,297,63,9,1573,0,1,30,4,35,1204,298,93,13,1608,0,0,0,1608
10/29/2016,CLT,NC,ASO,ES,Combined TRACON& Tower with Radar,970,228,32,4,1234,0,0,9,5,14,970,228,41,9,1248,0,0,0,1248
10/30/2016,CLT,NC,ASO,ES,Combined TRACON& Tower with Radar,1047,272,53,4,1376,0,0,13,4,17,1047,272,66,8,1393,0,0,0,1393
10/31/2016,CLT,NC,ASO,ES,Combined TRACON& Tower with Radar,1012,235,62,1,1310,0,0,26,2,28,1012,235,88,3,1338,0,0,0,1338
11/01/2016,CLT,NC,ASO,ES,Combined TRACON& Tower with Radar,1150,284,66,15,1515,0,0,7,1,8,1150,284,73,16,1523,0,0,0,1523
11/02/2016,CLT,NC,ASO,ES,Combined TRACON& Tower with Radar,1175,294,83,8,1560,0,0,17,3,20,1175,294,100,11,1580,0,0,0,1580
11/03/2016,CLT,NC,ASO,ES,Combined TRACON& Tower with Radar,1194,310,92,10,1606,0,0,33,5,38,1194,310,125,15,1644,0,0,0,1644
11/04/2016,CLT,NC,ASO,ES,Combined TRACON& Tower with Radar,1181,315,75,2,1573,0,0,28,1,29,1181,315,103,3,1602,0,0,0,1602
11/05/2016,CLT,NC,ASO,ES,Combined TRACON& Tower with Radar,1041,259,24,5,1329,0,1,16,2,19,1041,260,40,7,1348,0,0,0,1348
11/06/2016,CLT,NC,ASO,ES,Combined TRACON& Tower with Radar,1071,282,48,5,1406,0,0,13,4,17,1071,282,61,9,1423,0,0,0,1423
11/07/2016,CLT,NC,ASO,ES,Combined TRACON& Tower with Radar,1045,274,77,4,1400,0,0,16,6,22,1045,274,93,10,1422,0,0,0,1422
11/08/2016,CLT,NC,ASO,ES,Combined TRACON& Tower with Radar,1138,264,49,4,1455,0,0,16,3,19,1138,264,65,7,1474,0,0,0,1474
11/09/2016,CLT,NC,ASO,ES,Combined TRACON& Tower with Radar,1162,300,75,5,1542,0,0,20,6,26,1162,300,95,11,1568,0,0,0,1568
11/10/2016,CLT,NC,ASO,ES,Combined TRACON& Tower with Radar,1175,313,78,9,1575,0,0,21,5,26,1175,313,99,14,1601,0,0,0,1601
11/11/2016,CLT,NC,ASO,ES,Combined TRACON& Tower with Radar,1185,308,58,0,1551,0,0,25,0,25,1185,308,83,0,1576,0,0,0,1576
11/12/2016,CLT,NC,ASO,ES,Combined TRACON& Tower with Radar,1045,264,43,1,1353,0,0,25,4,29,1045,264,68,5,1382,0,0,0,1382
11/13/2016,CLT,NC,ASO,ES,Combined TRACON& Tower with Radar,1063,289,68,0,1420,0,0,7,0,7,1063,289,75,0,1427,0,0,0,1427
11/14/2016,CLT,NC,ASO,ES,Combined TRACON& Tower with Radar,1051,278,77,2,1408,0,0,16,4,20,1051,278,93,6,1428,0,0,0,1428
11/15/2016,CLT,NC,ASO,ES,Combined TRACON& Tower with Radar,1146,290,93,9,1538,0,0,27,0,27,1146,290,120,9,1565,0,0,0,1565
11/16/2016,CLT,NC,ASO,ES,Combined TRACON& Tower with Radar,1166,297,106,7,1576,0,0,23,5,28,1166,297,129,12,1604,0,0,0,1604
11/17/2016,CLT,NC,ASO,ES,Combined TRACON& Tower with Radar,1177,315,105,5,1602,0,0,19,2,21,1177,315,124,7,1623,0,0,0,1623
11/18/2016,CLT,NC,ASO,ES,Combined TRACON& Tower with Radar,1182,312,90,3,1587,0,0,22,7,29,1182,312,112,10,1616,0,0,0,1616
11/19/2016,CLT,NC,ASO,ES,Combined TRACON& Tower with Radar,1054,267,18,0,1339,0,0,5,1,6,1054,267,23,1,1345,0,0,0,1345
11/20/2016,CLT,NC,ASO,ES,Combined TRACON& Tower with Radar,1058,273,34,0,1365,0,0,1,1,2,1058,273,35,1,1367,0,0,0,1367
11/21/2016,CLT,NC,ASO,ES,Combined TRACON& Tower with Radar,1155,308,38,2,1503,0,0,15,4,19,1155,308,53,6,1522,0,0,0,1522
11/22/2016,CLT,NC,ASO,ES,Combined TRACON& Tower with Radar,1149,307,63,4,1523,0,0,12,6,18,1149,307,75,10,1541,0,0,0,1541
11/23/2016,CLT,NC,ASO,ES,Combined TRACON& Tower with Radar,1180,308,39,0,1527,0,0,20,2,22,1180,308,59,2,1549,0,0,0,1549
11/24/2016,CLT,NC,ASO,ES,Combined TRACON& Tower with Radar,645,167,10,0,822,0,0,2,2,4,645,167,12,2,826,0,0,0,826
11/25/2016,CLT,NC,ASO,ES,Combined TRACON& Tower with Radar,1037,253,15,0,1305,0,0,13,0,13,1037,253,28,0,1318,0,0,0,1318
11/26/2016,CLT,NC,ASO,ES,Combined TRACON& Tower with Radar,1122,316,31,0,1469,0,0,3,0,3,1122,316,34,0,1472,0,0,0,1472
11/27/2016,CLT,NC,ASO,ES,Combined TRACON& Tower with Radar,1216,339,39,0,1594,0,0,4,1,5,1216,339,43,1,1599,0,0,0,1599
11/28/2016,CLT,NC,ASO,ES,Combined TRACON& Tower with Radar,1201,319,61,3,1584,0,0,24,8,32,1201,319,85,11,1616,0,0,0,1616
11/29/2016,CLT,NC,ASO,ES,Combined TRACON& Tower with Radar,1143,290,60,4,1497,0,0,1,3,4,1143,290,61,7,1501,0,0,0,1501
11/30/2016,CLT,NC,ASO,ES,Combined TRACON& Tower with Radar,1145,300,60,6,1511,0,0,7,3,10,1145,300,67,9,1521,0,0,0,1521
12/01/2016,CLT,NC,ASO,ES,Combined TRACON& Tower with Radar,1177,296,105,11,1589,0,0,26,4,30,1177,296,131,15,1619,0,0,0,1619
12/02/2016,CLT,NC,ASO,ES,Combined TRACON& Tower with Radar,1175,291,59,4,1529,0,0,18,8,26,1175,291,77,12,1555,0,0,0,1555
12/03/2016,CLT,NC,ASO,ES,Combined TRACON& Tower with Radar,949,227,25,2,1203,0,0,15,2,17,949,227,40,4,1220,0,0,0,1220
12/04/2016,CLT,NC,ASO,ES,Combined TRACON& Tower with Radar,1052,265,33,1,1351,0,0,0,0,0,1052,265,33,1,1351,0,0,0,1351
12/05/2016,CLT,NC,ASO,ES,Combined TRACON& Tower with Radar,1047,282,65,2,1396,0,0,5,0,5,1047,282,70,2,1401,0,0,0,1401
12/06/2016,CLT,NC,ASO,ES,Combined TRACON& Tower with Radar,1009,254,65,11,1339,0,0,4,0,4,1009,254,69,11,1343,0,0,0,1343
12/07/2016,CLT,NC,ASO,ES,Combined TRACON& Tower with Radar,1163,295,90,9,1557,0,0,16,2,18,1163,295,106,11,1575,0,0,0,1575
12/08/2016,CLT,NC,ASO,ES,Combined TRACON& Tower with Radar,1171,305,80,8,1564,0,0,16,3,19,1171,305,96,11,1583,0,0,0,1583
12/09/2016,CLT,NC,ASO,ES,Combined TRACON& Tower with Radar,1171,295,64,2,1532,0,0,19,2,21,1171,295,83,4,1553,0,0,0,1553
12/10/2016,CLT,NC,ASO,ES,Combined TRACON& Tower with Radar,942,219,20,0,1181,0,0,29,2,31,942,219,49,2,1212,0,0,0,1212
12/11/2016,CLT,NC,ASO,ES,Combined TRACON& Tower with Radar,1010,274,50,2,1336,0,0,4,0,4,1010,274,54,2,1340,0,0,0,1340
12/12/2016,CLT,NC,ASO,ES,Combined TRACON& Tower with Radar,1048,270,54,0,1372,0,0,12,0,12,1048,270,66,0,1384,0,0,0,1384
12/13/2016,CLT,NC,ASO,ES,Combined TRACON& Tower with Radar,1009,256,92,6,1363,0,0,6,0,6,1009,256,98,6,1369,0,0,0,1369
12/14/2016,CLT,NC,ASO,ES,Combined TRACON& Tower with Radar,1164,288,79,5,1536,0,0,20,0,20,1164,288,99,5,1556,0,0,0,1556
12/15/2016,CLT,NC,ASO,ES,Combined TRACON& Tower with Radar,1185,325,106,1,1617,0,0,43,2,45,1185,325,149,3,1662,0,0,0,1662
12/16/2016,CLT,NC,ASO,ES,Combined TRACON& Tower with Radar,1192,315,71,0,1578,0,0,23,7,30,1192,315,94,7,1608,0,0,0,1608
12/17/2016,CLT,NC,ASO,ES,Combined TRACON& Tower with Radar,1041,257,21,1,1320,0,0,3,0,3,1041,257,24,1,1323,0,0,0,1323
12/18/2016,CLT,NC,ASO,ES,Combined TRACON& Tower with Radar,1123,289,31,1,1444,0,0,2,0,2,1123,289,33,1,1446,0,0,0,1446
12/19/2016,CLT,NC,ASO,ES,Combined TRACON& Tower with Radar,1186,298,46,1,1531,0,0,9,2,11,1186,298,55,3,1542,0,0,0,1542
12/20/2016,CLT,NC,ASO,ES,Combined TRACON& Tower with Radar,1196,294,55,6,1551,0,0,19,5,24,1196,294,74,11,1575,0,0,0,1575
12/21/2016,CLT,NC,ASO,ES,Combined TRACON& Tower with Radar,1202,294,48,5,1549,0,0,12,4,16,1202,294,60,9,1565,0,0,0,1565
12/22/2016,CLT,NC,ASO,ES,Combined TRACON& Tower with Radar,1226,320,46,0,1592,0,0,12,2,14,1226,320,58,2,1606,0,0,0,1606
12/23/2016,CLT,NC,ASO,ES,Combined TRACON& Tower with Radar,1263,331,21,2,1617,0,0,11,1,12,1263,331,32,3,1629,0,0,0,1629
12/24/2016,CLT,NC,ASO,ES,Combined TRACON& Tower with Radar,981,231,17,0,1229,0,0,2,0,2,981,231,19,0,1231,0,0,0,1231
12/25/2016,CLT,NC,ASO,ES,Combined TRACON& Tower with Radar,958,259,10,0,1227,0,0,2,0,2,958,259,12,0,1229,0,0,0,1229
12/26/2016,CLT,NC,ASO,ES,Combined TRACON& Tower with Radar,1222,289,36,2,1549,0,0,18,1,19,1222,289,54,3,1568,0,0,0,1568
12/27/2016,CLT,NC,ASO,ES,Combined TRACON& Tower with Radar,1223,279,43,1,1546,0,0,12,0,12,1223,279,55,1,1558,0,0,0,1558
12/28/2016,CLT,NC,ASO,ES,Combined TRACON& Tower with Radar,1221,265,31,0,1517,0,0,13,5,18,1221,265,44,5,1535,0,0,0,1535
12/29/2016,CLT,NC,ASO,ES,Combined TRACON& Tower with Radar,1209,289,55,2,1555,0,0,16,7,23,1209,289,71,9,1578,0,0,0,1578
12/30/2016,CLT,NC,ASO,ES,Combined TRACON& Tower with Radar,1218,283,26,2,1529,0,0,11,5,16,1218,283,37,7,1545,0,0,0,1545
12/31/2016,CLT,NC,ASO,ES,Combined TRACON& Tower with Radar,969,211,18,0,1198,0,0,6,1,7,969,211,24,1,1205,0,0,0,1205
01/01/2017,CLT,NC,ASO,ES,Combined TRACON& Tower with Radar,1046,262,13,0,1321,0,0,0,0,0,1046,262,13,0,1321,0,0,0,1321
01/02/2017,CLT,NC,ASO,ES,Combined TRACON& Tower with Radar,1193,280,27,0,1500,0,0,0,0,0,1193,280,27,0,1500,0,0,0,1500
01/03/2017,CLT,NC,ASO,ES,Combined TRACON& Tower with Radar,1201,242,35,0,1478,0,0,0,0,0,1201,242,35,0,1478,0,0,0,1478
01/04/2017,CLT,NC,ASO,ES,Combined TRACON& Tower with Radar,1195,280,44,0,1519,0,0,9,1,10,1195,280,53,1,1529,0,0,0,1529
01/05/2017,CLT,NC,ASO,ES,Combined TRACON& Tower with Radar,1170,310,44,0,1524,0,0,19,4,23,1170,310,63,4,1547,0,0,0,1547
01/06/2017,CLT,NC,ASO,ES,Combined TRACON& Tower with Radar,1043,251,55,0,1349,0,0,6,1,7,1043,251,61,1,1356,0,0,0,1356
01/07/2017,CLT,NC,ASO,ES,Combined TRACON& Tower with Radar,681,120,16,3,820,0,0,13,1,14,681,120,29,4,834,0,0,0,834
01/08/2017,CLT,NC,ASO,ES,Combined TRACON& Tower with Radar,1052,254,44,0,1350,0,0,1,2,3,1052,254,45,2,1353,0,0,0,1353
01/09/2017,CLT,NC,ASO,ES,Combined TRACON& Tower with Radar,1052,243,44,0,1339,0,0,12,6,18,1052,243,56,6,1357,0,0,0,1357
01/10/2017,CLT,NC,ASO,ES,Combined TRACON& Tower with Radar,1047,231,52,1,1331,0,0,20,5,25,1047,231,72,6,1356,0,0,0,1356
01/11/2017,CLT,NC,ASO,ES,Combined TRACON& Tower with Radar,1172,268,58,11,1509,0,0,5,3,8,1172,268,63,14,1517,0,0,0,1517
01/12/2017,CLT,NC,ASO,ES,Combined TRACON& Tower with Radar,1198,260,62,8,1528,0,0,11,5,16,1198,260,73,13,1544,0,0,0,1544
01/13/2017,CLT,NC,ASO,ES,Combined TRACON& Tower with Radar,1200,266,69,5,1540,0,0,24,4,28,1200,266,93,9,1568,0,0,0,1568
01/14/2017,CLT,NC,ASO,ES,Combined TRACON& Tower with Radar,1016,232,29,0,1277,0,0,8,0,8,1016,232,37,0,1285,0,0,0,1285
01/15/2017,CLT,NC,ASO,ES,Combined TRACON& Tower with Radar,1016,218,27,1,1262,0,0,2,1,3,1016,218,29,2,1265,0,0,0,1265
01/16/2017,CLT,NC,ASO,ES,Combined TRACON& Tower with Radar,1063,238,39,0,1340,0,0,4,0,4,1063,238,43,0,1344,0,0,0,1344
01/17/2017,CLT,NC,ASO,ES,Combined TRACON& Tower with Radar,1050,243,63,12,1368,0,0,12,0,12,1050,243,75,12,1380,0,0,0,1380
01/18/2017,CLT,NC,ASO,ES,Combined TRACON& Tower with Radar,1179,261,44,12,1496,0,1,14,5,20,1179,262,58,17,1516,0,0,0,1516
01/19/2017,CLT,NC,ASO,ES,Combined TRACON& Tower with Radar,1296,294,78,11,1679,0,0,20,3,23,1296,294,98,14,1702,0,0,0,1702
01/20/2017,CLT,NC,ASO,ES,Combined TRACON& Tower with Radar,1255,277,69,3,1604,0,0,2,3,5,1255,277,71,6,1609,0,0,0,1609
01/21/2017,CLT,NC,ASO,ES,Combined TRACON& Tower with Radar,1080,251,33,3,1367,0,0,0,0,0,1080,251,33,3,1367,0,0,0,1367
01/22/2017,CLT,NC,ASO,ES,Combined TRACON& Tower with Radar,1066,210,25,1,1302,0,0,0,0,0,1066,210,25,1,1302,0,0,0,1302
01/23/2017,CLT,NC,ASO,ES,Combined TRACON& Tower with Radar,1125,255,81,1,1462,0,0,9,0,9,1125,255,90,1,1471,0,0,0,1471
01/24/2017,CLT,NC,ASO,ES,Combined TRACON& Tower with Radar,1052,235,89,8,1384,0,0,23,4,27,1052,235,112,12,1411,0,0,0,1411
01/25/2017,CLT,NC,ASO,ES,Combined TRACON& Tower with Radar,1185,272,69,10,1536,0,0,18,7,25,1185,272,87,17,1561,0,0,0,1561
01/26/2017,CLT,NC,ASO,ES,Combined TRACON& Tower with Radar,1200,282,73,6,1561,0,0,18,7,25,1200,282,91,13,1586,0,0,0,1586
01/27/2017,CLT,NC,ASO,ES,Combined TRACON& Tower with Radar,1204,263,49,3,1519,0,0,21,4,25,1204,263,70,7,1544,0,0,0,1544
01/28/2017,CLT,NC,ASO,ES,Combined TRACON& Tower with Radar,1038,239,24,2,1303,0,0,16,1,17,1038,239,40,3,1320,0,0,0,1320
01/29/2017,CLT,NC,ASO,ES,Combined TRACON& Tower with Radar,1070,250,31,3,1354,0,0,1,0,1,1070,250,32,3,1355,0,0,0,1355
01/30/2017,CLT,NC,ASO,ES,Combined TRACON& Tower with Radar,1075,245,47,3,1370,0,0,19,0,19,1075,245,66,3,1389,0,0,0,1389
01/31/2017,CLT,NC,ASO,ES,Combined TRACON& Tower with Radar,1048,227,50,8,1333,0,0,12,2,14,1048,227,62,10,1347,0,0,0,1347
02/01/2017,CLT,NC,ASO,ES,Combined TRACON& Tower with Radar,1179,257,56,6,1498,0,0,21,3,24,1179,257,77,9,1522,0,0,0,1522
02/02/2017,CLT,NC,ASO,ES,Combined TRACON& Tower with Radar,1198,269,71,0,1538,0,0,27,3,30,1198,269,98,3,1568,0,0,0,1568
02/03/2017,CLT,NC,ASO,ES,Combined TRACON& Tower with Radar,1205,258,58,2,1523,0,0,19,2,21,1205,258,77,4,1544,0,0,0,1544
02/04/2017,CLT,NC,ASO,ES,Combined TRACON& Tower with Radar,1031,238,21,1,1291,0,0,16,5,21,1031,238,37,6,1312,0,0,0,1312
02/05/2017,CLT,NC,ASO,ES,Combined TRACON& Tower with Radar,1001,226,24,1,1252,0,0,4,1,5,1001,226,28,2,1257,0,0,0,1257
02/06/2017,CLT,NC,ASO,ES,Combined TRACON& Tower with Radar,1060,254,71,2,1387,0,0,9,6,15,1060,254,80,8,1402,0,0,0,1402
02/07/2017,CLT,NC,ASO,ES,Combined TRACON& Tower with Radar,1053,237,79,12,1381,0,0,18,4,22,1053,237,97,16,1403,0,0,0,1403
02/08/2017,CLT,NC,ASO,ES,Combined TRACON& Tower with Radar,1192,283,84,6,1565,0,0,15,5,20,1192,283,99,11,1585,0,0,0,1585
02/09/2017,CLT,NC,ASO,ES,Combined TRACON& Tower with Radar,1104,272,65,4,1445,0,0,4,1,5,1104,272,69,5,1450,0,0,0,1450
02/10/2017,CLT,NC,ASO,ES,Combined TRACON& Tower with Radar,1191,282,63,1,1537,0,1,22,3,26,1191,283,85,4,1563,0,0,0,1563
02/11/2017,CLT,NC,ASO,ES,Combined TRACON& Tower with Radar,1029,244,30,0,1303,0,0,10,3,13,1029,244,40,3,1316,0,0,0,1316
02/12/2017,CLT,NC,ASO,ES,Combined TRACON& Tower with Radar,1038,245,27,0,1310,0,0,8,3,11,1038,245,35,3,1321,0,0,0,1321
02/13/2017,CLT,NC,ASO,ES,Combined TRACON& Tower with Radar,1031,240,49,0,1320,0,0,19,4,23,1031,240,68,4,1343,0,0,0,1343
02/14/2017,CLT,NC,ASO,ES,Combined TRACON& Tower with Radar,1059,249,54,5,1367,0,1,13,5,19,1059,250,67,10,1386,0,0,0,1386
02/15/2017,CLT,NC,ASO,ES,Combined TRACON& Tower with Radar,1174,278,61,7,1520,0,0,12,4,16,1174,278,73,11,1536,0,0,0,1536
02/16/2017,CLT,NC,ASO,ES,Combined TRACON& Tower with Radar,1205,276,85,2,1568,0,0,24,4,28,1205,276,109,6,1596,0,0,0,1596
02/17/2017,CLT,NC,ASO,ES,Combined TRACON& Tower with Radar,1210,260,62,4,1536,0,0,21,3,24,1210,260,83,7,1560,0,0,0,1560
02/18/2017,CLT,NC,ASO,ES,Combined TRACON& Tower with Radar,1069,230,13,2,1314,0,0,10,1,11,1069,230,23,3,1325,0,0,0,1325
02/19/2017,CLT,NC,ASO,ES,Combined TRACON& Tower with Radar,1124,271,28,0,1423,0,0,6,0,6,1124,271,34,0,1429,0,0,0,1429
02/20/2017,CLT,NC,ASO,ES,Combined TRACON& Tower with Radar,1202,260,64,0,1526,0,0,22,3,25,1202,260,86,3,1551,0,0,0,1551
02/21/2017,CLT,NC,ASO,ES,Combined TRACON& Tower with Radar,1210,271,72,4,1557,0,0,25,8,33,1210,271,97,12,1590,0,0,0,1590
02/22/2017,CLT,NC,ASO,ES,Combined TRACON& Tower with Radar,1206,264,69,6,1545,0,0,17,3,20,1206,264,86,9,1565,0,0,0,1565
02/23/2017,CLT,NC,ASO,ES,Combined TRACON& Tower with Radar,1211,265,66,1,1543,0,0,21,8,29,1211,265,87,9,1572,0,0,0,1572
02/24/2017,CLT,NC,ASO,ES,Combined TRACON& Tower with Radar,1203,262,64,2,1531,0,0,37,3,40,1203,262,101,5,1571,0,0,0,1571
02/25/2017,CLT,NC,ASO,ES,Combined TRACON& Tower with Radar,1069,235,24,1,1329,0,0,7,2,9,1069,235,31,3,1338,0,0,0,1338
02/26/2017,CLT,NC,ASO,ES,Combined TRACON& Tower with Radar,1151,288,36,1,1476,0,0,11,2,13,1151,288,47,3,1489,0,0,0,1489
02/27/2017,CLT,NC,ASO,ES,Combined TRACON& Tower with Radar,1206,266,52,0,1524,0,0,12,5,17,1206,266,64,5,1541,0,0,0,1541
02/28/2017,CLT,NC,ASO,ES,Combined TRACON& Tower with Radar,1182,261,56,0,1499,0,0,16,4,20,1182,261,72,4,1519,0,0,0,1519
03/01/2017,CLT,NC,ASO,ES,Combined TRACON& Tower with Radar,1131,249,52,0,1432,0,0,5,1,6,1131,249,57,1,1438,0,0,0,1438
03/02/2017,CLT,NC,ASO,ES,Combined TRACON& Tower with Radar,1234,269,64,5,1572,0,0,18,3,21,1234,269,82,8,1593,0,0,0,1593
03/03/2017,CLT,NC,ASO,ES,Combined TRACON& Tower with Radar,1209,265,42,1,1517,0,0,27,5,32,1209,265,69,6,1549,0,0,0,1549
03/04/2017,CLT,NC,ASO,ES,Combined TRACON& Tower with Radar,1072,220,30,0,1322,0,0,5,0,5,1072,220,35,0,1327,0,0,0,1327
03/05/2017,CLT,NC,ASO,ES,Combined TRACON& Tower with Radar,1159,265,51,1,1476,0,0,4,3,7,1159,265,55,4,1483,0,0,0,1483
03/06/2017,CLT,NC,ASO,ES,Combined TRACON& Tower with Radar,1220,261,44,2,1527,0,0,10,5,15,1220,261,54,7,1542,0,0,0,1542
03/07/2017,CLT,NC,ASO,ES,Combined TRACON& Tower with Radar,1214,251,64,0,1529,0,0,13,12,25,1214,251,77,12,1554,0,0,0,1554
03/08/2017,CLT,NC,ASO,ES,Combined TRACON& Tower with Radar,1221,277,80,9,1587,0,0,26,7,33,1221,277,106,16,1620,0,0,0,1620
03/09/2017,CLT,NC,ASO,ES,Combined TRACON& Tower with Radar,1221,269,81,3,1574,0,0,26,8,34,1221,269,107,11,1608,0,0,0,1608
03/10/2017,CLT,NC,ASO,ES,Combined TRACON& Tower with Radar,1216,262,64,1,1543,0,0,19,8,27,1216,262,83,9,1570,0,0,0,1570
03/11/2017,CLT,NC,ASO,ES,Combined TRACON& Tower with Radar,1103,210,25,0,1338,0,0,13,1,14,1103,210,38,1,1352,0,0,0,1352
03/12/2017,CLT,NC,ASO,ES,Combined TRACON& Tower with Radar,1116,229,29,1,1375,0,0,3,1,4,1116,229,32,2,1379,0,0,0,1379
03/13/2017,CLT,NC,ASO,ES,Combined TRACON& Tower with Radar,1235,272,63,0,1570,0,0,8,0,8,1235,272,71,0,1578,0,0,0,1578
03/14/2017,CLT,NC,ASO,ES,Combined TRACON& Tower with Radar,1022,250,56,4,1332,0,0,9,3,12,1022,250,65,7,1344,0,0,0,1344
03/15/2017,CLT,NC,ASO,ES,Combined TRACON& Tower with Radar,1189,269,59,2,1519,0,1,13,8,22,1189,270,72,10,1541,0,0,0,1541
03/16/2017,CLT,NC,ASO,ES,Combined TRACON& Tower with Radar,1288,293,61,2,1644,0,0,17,6,23,1288,293,78,8,1667,0,0,0,1667
03/17/2017,CLT,NC,ASO,ES,Combined TRACON& Tower with Radar,1229,254,49,6,1538,0,0,23,1,24,1229,254,72,7,1562,0,0,0,1562
03/18/2017,CLT,NC,ASO,ES,Combined TRACON& Tower with Radar,1099,212,24,1,1336,0,0,6,1,7,1099,212,30,2,1343,0,0,0,1343
03/19/2017,CLT,NC,ASO,ES,Combined TRACON& Tower with Radar,1167,262,25,1,1455,0,0,7,0,7,1167,262,32,1,1462,0,0,0,1462
03/20/2017,CLT,NC,ASO,ES,Combined TRACON& Tower with Radar,1220,258,67,1,1546,0,0,14,5,19,1220,258,81,6,1565,0,0,0,1565
03/21/2017,CLT,NC,ASO,ES,Combined TRACON& Tower with Radar,1194,248,54,5,1501,0,0,11,8,19,1194,248,65,13,1520,0,0,0,1520
03/22/2017,CLT,NC,ASO,ES,Combined TRACON& Tower with Radar,1226,256,77,4,1563,0,0,26,3,29,1226,256,103,7,1592,0,0,0,1592
03/23/2017,CLT,NC,ASO,ES,Combined TRACON& Tower with Radar,1235,261,60,6,1562,0,0,27,2,29,1235,261,87,8,1591,0,0,0,1591
03/24/2017,CLT,NC,ASO,ES,Combined TRACON& Tower with Radar,1229,260,56,5,1550,0,0,18,3,21,1229,260,74,8,1571,0,0,0,1571
03/25/2017,CLT,NC,ASO,ES,Combined TRACON& Tower with Radar,1100,216,31,3,1350,0,0,16,2,18,1100,216,47,5,1368,0,0,0,1368
03/26/2017,CLT,NC,ASO,ES,Combined TRACON& Tower with Radar,1168,248,44,2,1462,0,0,3,0,3,1168,248,47,2,1465,0,0,0,1465
03/27/2017,CLT,NC,ASO,ES,Combined TRACON& Tower with Radar,1227,262,38,0,1527,0,0,10,3,13,1227,262,48,3,1540,0,0,0,1540
03/28/2017,CLT,NC,ASO,ES,Combined TRACON& Tower with Radar,1207,258,64,5,1534,0,0,7,5,12,1207,258,71,10,1546,0,0,0,1546
03/29/2017,CLT,NC,ASO,ES,Combined TRACON& Tower with Radar,1224,257,71,8,1560,0,0,25,1,26,1224,257,96,9,1586,0,0,0,1586
03/30/2017,CLT,NC,ASO,ES,Combined TRACON& Tower with Radar,1215,281,75,4,1575,0,0,4,0,4,1215,281,79,4,1579,0,0,0,1579
03/31/2017,CLT,NC,ASO,ES,Combined TRACON& Tower with Radar,1199,269,59,0,1527,0,0,6,3,9,1199,269,65,3,1536,0,0,0,1536
04/01/2017,CLT,NC,ASO,ES,Combined TRACON& Tower with Radar,1092,223,23,0,1338,0,0,13,4,17,1092,223,36,4,1355,0,0,0,1355
04/02/2017,CLT,NC,ASO,ES,Combined TRACON& Tower with Radar,1162,265,31,0,1458,0,0,7,0,7,1162,265,38,0,1465,0,0,0,1465
04/03/2017,CLT,NC,ASO,ES,Combined TRACON& Tower with Radar,1148,235,51,3,1437,0,0,1,0,1,1148,235,52,3,1438,0,0,0,1438
04/04/2017,CLT,NC,ASO,ES,Combined TRACON& Tower with Radar,1220,308,77,9,1614,0,0,10,6,16,1220,308,87,15,1630,0,0,0,1630
04/05/2017,CLT,NC,ASO,ES,Combined TRACON& Tower with Radar,1086,274,56,0,1416,0,0,8,1,9,1086,274,64,1,1425,0,0,0,1425
04/06/2017,CLT,NC,ASO,ES,Combined TRACON& Tower with Radar,1201,320,95,1,1617,0,0,9,2,11,1201,320,104,3,1628,0,0,0,1628
04/07/2017,CLT,NC,ASO,ES,Combined TRACON& Tower with Radar,1210,324,71,2,1607,1,0,12,6,19,1211,324,83,8,1626,0,0,0,1626
04/08/2017,CLT,NC,ASO,ES,Combined TRACON& Tower with Radar,1119,266,35,0,1420,0,0,22,4,26,1119,266,57,4,1446,0,0,0,1446
04/09/2017,CLT,NC,ASO,ES,Combined TRACON& Tower with Radar,1175,292,38,1,1506,0,0,8,4,12,1175,292,46,5,1518,0,0,0,1518
04/10/2017,CLT,NC,ASO,ES,Combined TRACON& Tower with Radar,1224,294,63,0,1581,2,0,30,2,34,1226,294,93,2,1615,0,0,0,1615
04/11/2017,CLT,NC,ASO,ES,Combined TRACON& Tower with Radar,1217,305,60,0,1582,0,0,34,3,37,1217,305,94,3,1619,0,0,0,1619
04/12/2017,CLT,NC,ASO,ES,Combined TRACON& Tower with Radar,1223,306,56,4,1589,0,0,21,6,27,1223,306,77,10,1616,0,0,0,1616
04/13/2017,CLT,NC,ASO,ES,Combined TRACON& Tower with Radar,1277,307,75,8,1667,0,0,21,5,26,1277,307,96,13,1693,0,0,0,1693
04/14/2017,CLT,NC,ASO,ES,Combined TRACON& Tower with Radar,1359,329,33,0,1721,0,0,20,6,26,1359,329,53,6,1747,0,0,0,1747
04/15/2017,CLT,NC,ASO,ES,Combined TRACON& Tower with Radar,1308,284,16,0,1608,0,0,6,4,10,1308,284,22,4,1618,0,0,0,1618
04/16/2017,CLT,NC,ASO,ES,Combined TRACON& Tower with Radar,1165,285,27,0,1477,0,1,0,2,3,1165,286,27,2,1480,0,0,0,1480
04/17/2017,CLT,NC,ASO,ES,Combined TRACON& Tower with Radar,1232,296,67,0,1595,0,0,9,3,12,1232,296,76,3,1607,0,0,0,1607
04/18/2017,CLT,NC,ASO,ES,Combined TRACON& Tower with Radar,1227,296,77,5,1605,0,0,18,4,22,1227,296,95,9,1627,0,0,0,1627
04/19/2017,CLT,NC,ASO,ES,Combined TRACON& Tower with Radar,1259,322,67,8,1656,0,0,2,0,2,1259,322,69,8,1658,0,0,0,1658
04/20/2017,CLT,NC,ASO,ES,Combined TRACON& Tower with Radar,1258,300,76,0,1634,0,0,16,1,17,1258,300,92,1,1651,0,0,0,1651
04/21/2017,CLT,NC,ASO,ES,Combined TRACON& Tower with Radar,1228,310,58,1,1597,0,0,18,5,23,1228,310,76,6,1620,0,0,0,1620
04/22/2017,CLT,NC,ASO,ES,Combined TRACON& Tower with Radar,1140,258,23,0,1421,0,0,8,1,9,1140,258,31,1,1430,0,0,0,1430
04/23/2017,CLT,NC,ASO,ES,Combined TRACON& Tower with Radar,1178,304,41,1,1524,0,0,1,0,1,1178,304,42,1,1525,0,0,0,1525
04/24/2017,CLT,NC,ASO,ES,Combined TRACON& Tower with Radar,1234,303,72,1,1610,0,0,0,0,0,1234,303,72,1,1610,0,0,0,1610
04/25/2017,CLT,NC,ASO,ES,Combined TRACON& Tower with Radar,1210,314,73,2,1599,0,0,12,3,15,1210,314,85,5,1614,0,0,0,1614
04/26/2017,CLT,NC,ASO,ES,Combined TRACON& Tower with Radar,1227,315,86,1,1629,0,0,17,3,20,1227,315,103,4,1649,0,0,0,1649
04/27/2017,CLT,NC,ASO,ES,Combined TRACON& Tower with Radar,1227,320,71,1,1619,0,0,14,5,19,1227,320,85,6,1638,0,0,0,1638
04/28/2017,CLT,NC,ASO,ES,Combined TRACON& Tower with Radar,1238,302,73,3,1616,0,0,18,6,24,1238,302,91,9,1640,0,0,0,1640
04/29/2017,CLT,NC,ASO,ES,Combined TRACON& Tower with Radar,1118,264,26,0,1408,0,0,10,0,10,1118,264,36,0,1418,0,0,0,1418
04/30/2017,CLT,NC,ASO,ES,Combined TRACON& Tower with Radar,1165,309,35,0,1509,0,0,4,1,5,1165,309,39,1,1514,0,0,0,1514
05/01/2017,CLT,NC,ASO,ES,Combined TRACON& Tower with Radar,1214,296,37,0,1547,0,0,5,0,5,1214,296,42,0,1552,0,0,0,1552
05/02/2017,CLT,NC,ASO,ES,Combined TRACON& Tower with Radar,1223,284,74,0,1581,0,0,18,6,24,1223,284,92,6,1605,0,0,0,1605
05/03/2017,CLT,NC,ASO,ES,Combined TRACON& Tower with Radar,1225,309,88,2,1624,0,0,18,6,24,1225,309,106,8,1648,0,0,0,1648
05/04/2017,CLT,NC,ASO,ES,Combined TRACON& Tower with Radar,1212,315,83,0,1610,0,0,15,5,20,1212,315,98,5,1630,0,0,0,1630
05/05/2017,CLT,NC,ASO,ES,Combined TRACON& Tower with Radar,1190,293,60,1,1544,0,0,12,2,14,1190,293,72,3,1558,0,0,0,1558
05/06/2017,CLT,NC,ASO,ES,Combined TRACON& Tower with Radar,1125,267,23,0,1415,0,0,9,1,10,1125,267,32,1,1425,0,0,0,1425
05/07/2017,CLT,NC,ASO,ES,Combined TRACON& Tower with Radar,1187,308,54,0,1549,0,0,7,0,7,1187,308,61,0,1556,0,0,0,1556
05/08/2017,CLT,NC,ASO,ES,Combined TRACON& Tower with Radar,1224,328,75,2,1629,0,1,29,6,36,1224,329,104,8,1665,0,0,0,1665
05/09/2017,CLT,NC,ASO,ES,Combined TRACON& Tower with Radar,1218,297,57,4,1576,0,0,19,2,21,1218,297,76,6,1597,0,0,0,1597
05/10/2017,CLT,NC,ASO,ES,Combined TRACON& Tower with Radar,1215,305,77,3,1600,0,0,20,4,24,1215,305,97,7,1624,0,0,0,1624
05/11/2017,CLT,NC,ASO,ES,Combined TRACON& Tower with Radar,1219,311,83,0,1613,0,0,24,6,30,1219,311,107,6,1643,0,0,0,1643
05/12/2017,CLT,NC,ASO,ES,Combined TRACON& Tower with Radar,1217,316,60,0,1593,0,0,0,0,0,1217,316,60,0,1593,0,0,0,1593
05/13/2017,CLT,NC,ASO,ES,Combined TRACON& Tower with Radar,1114,267,23,0,1404,0,0,3,0,3,1114,267,26,0,1407,0,0,0,1407
05/14/2017,CLT,NC,ASO,ES,Combined TRACON& Tower with Radar,1172,299,28,0,1499,0,0,5,4,9,1172,299,33,4,1508,0,0,0,1508
05/15/2017,CLT,NC,ASO,ES,Combined TRACON& Tower with Radar,1210,315,61,0,1586,0,0,18,6,24,1210,315,79,6,1610,0,0,0,1610
05/16/2017,CLT,NC,ASO,ES,Combined TRACON& Tower with Radar,1207,318,66,7,1598,0,0,27,9,36,1207,318,93,16,1634,0,0,0,1634
05/17/2017,CLT,NC,ASO,ES,Combined TRACON& Tower with Radar,1225,313,76,7,1621,0,4,14,4,22,1225,317,90,11,1643,0,0,0,1643
05/18/2017,CLT,NC,ASO,ES,Combined TRACON& Tower with Radar,1217,315,110,3,1645,0,0,22,3,25,1217,315,132,6,1670,0,0,0,1670
05/19/2017,CLT,NC,ASO,ES,Combined TRACON& Tower with Radar,1221,313,64,1,1599,0,0,23,6,29,1221,313,87,7,1628,0,0,0,1628
05/20/2017,CLT,NC,ASO,ES,Combined TRACON& Tower with Radar,1138,274,20,3,1435,0,16,19,1,36,1138,290,39,4,1471,0,0,0,1471
05/21/2017,CLT,NC,ASO,ES,Combined TRACON& Tower with Radar,1184,302,33,2,1521,0,0,4,0,4,1184,302,37,2,1525,0,0,0,1525
05/22/2017,CLT,NC,ASO,ES,Combined TRACON& Tower with Radar,1209,304,54,2,1569,0,0,8,4,12,1209,304,62,6,1581,0,0,0,1581
05/23/2017,CLT,NC,ASO,ES,Combined TRACON& Tower with Radar,1218,300,64,4,1586,0,0,3,0,3,1218,300,67,4,1589,0,0,0,1589
05/24/2017,CLT,NC,ASO,ES,Combined TRACON& Tower with Radar,1189,289,68,0,1546,0,0,9,0,9,1189,289,77,0,1555,0,0,0,1555
05/25/2017,CLT,NC,ASO,ES,Combined TRACON& Tower with Radar,1234,316,72,7,1629,0,0,27,3,30,1234,316,99,10,1659,0,0,0,1659
05/26/2017,CLT,NC,ASO,ES,Combined TRACON& Tower with Radar,1260,316,43,2,1621,0,0,32,6,38,1260,316,75,8,1659,0,0,0,1659
05/27/2017,CLT,NC,ASO,ES,Combined TRACON& Tower with Radar,1120,260,13,1,1394,0,7,18,0,25,1120,267,31,1,1419,0,0,0,1419
05/28/2017,CLT,NC,ASO,ES,Combined TRACON& Tower with Radar,1137,286,22,2,1447,0,10,8,3,21,1137,296,30,5,1468,0,0,0,1468
05/29/2017,CLT,NC,ASO,ES,Combined TRACON& Tower with Radar,1202,284,28,0,1514,0,10,23,1,34,1202,294,51,1,1548,0,0,0,1548
05/30/2017,CLT,NC,ASO,ES,Combined TRACON& Tower with Radar,1205,316,50,2,1573,0,0,8,6,14,1205,316,58,8,1587,0,0,0,1587
05/31/2017,CLT,NC,ASO,ES,Combined TRACON& Tower with Radar,1206,303,74,5,1588,0,0,19,1,20,1206,303,93,6,1608,0,0,0,1608
06/01/2017,CLT,NC,ASO,ES,Combined TRACON& Tower with Radar,1240,322,79,6,1647,0,0,33,8,41,1240,322,112,14,1688,0,0,0,1688
06/02/2017,CLT,NC,ASO,ES,Combined TRACON& Tower with Radar,1212,322,68,5,1607,0,0,22,3,25,1212,322,90,8,1632,0,0,0,1632
06/03/2017,CLT,NC,ASO,ES,Combined TRACON& Tower with Radar,1128,261,14,3,1406,0,0,21,2,23,1128,261,35,5,1429,0,0,0,1429
06/04/2017,CLT,NC,ASO,ES,Combined TRACON& Tower with Radar,1163,303,39,9,1514,0,0,7,0,7,1163,303,46,9,1521,0,0,0,1521
06/05/2017,CLT,NC,ASO,ES,Combined TRACON& Tower with Radar,1208,319,52,3,1582,0,0,11,0,11,1208,319,63,3,1593,0,0,0,1593
06/06/2017,CLT,NC,ASO,ES,Combined TRACON& Tower with Radar,1215,318,53,0,1586,0,0,20,0,20,1215,318,73,0,1606,0,0,0,1606
06/07/2017,CLT,NC,ASO,ES,Combined TRACON& Tower with Radar,1228,323,82,4,1637,0,0,26,4,30,1228,323,108,8,1667,0,0,0,1667
06/08/2017,CLT,NC,ASO,ES,Combined TRACON& Tower with Radar,1236,317,69,2,1624,0,0,21,2,23,1236,317,90,4,1647,0,0,0,1647
06/09/2017,CLT,NC,ASO,ES,Combined TRACON& Tower with Radar,1232,325,51,1,1609,0,0,21,1,22,1232,325,72,2,1631,0,0,0,1631
06/10/2017,CLT,NC,ASO,ES,Combined TRACON& Tower with Radar,1129,257,23,3,1412,0,2,13,0,15,1129,259,36,3,1427,0,0,0,1427
06/11/2017,CLT,NC,ASO,ES,Combined TRACON& Tower with Radar,1189,315,29,0,1533,0,0,14,0,14,1189,315,43,0,1547,0,0,0,1547
06/12/2017,CLT,NC,ASO,ES,Combined TRACON& Tower with Radar,1229,312,67,0,1608,0,0,12,3,15,1229,312,79,3,1623,0,0,0,1623
06/13/2017,CLT,NC,ASO,ES,Combined TRACON& Tower with Radar,1211,291,79,1,1582,0,0,14,0,14,1211,291,93,1,1596,0,0,0,1596
06/14/2017,CLT,NC,ASO,ES,Combined TRACON& Tower with Radar,1213,314,69,5,1601,0,0,18,3,21,1213,314,87,8,1622,0,0,0,1622
06/15/2017,CLT,NC,ASO,ES,Combined TRACON& Tower with Radar,1164,288,77,1,1530,0,0,15,1,16,1164,288,92,2,1546,0,0,0,1546
06/16/2017,CLT,NC,ASO,ES,Combined TRACON& Tower with Radar,1249,317,56,2,1624,0,2,15,0,17,1249,319,71,2,1641,0,0,0,1641
06/17/2017,CLT,NC,ASO,ES,Combined TRACON& Tower with Radar,1143,267,19,3,1432,0,0,8,1,9,1143,267,27,4,1441,0,0,0,1441
06/18/2017,CLT,NC,ASO,ES,Combined TRACON& Tower with Radar,1179,297,24,2,1502,0,0,3,0,3,1179,297,27,2,1505,0,0,0,1505
06/19/2017,CLT,NC,ASO,ES,Combined TRACON& Tower with Radar,1149,296,51,0,1496,0,0,14,4,18,1149,296,65,4,1514,0,0,0,1514
06/20/2017,CLT,NC,ASO,ES,Combined TRACON& Tower with Radar,1250,316,67,6,1639,0,0,10,7,17,1250,316,77,13,1656,0,0,0,1656
06/21/2017,CLT,NC,ASO,ES,Combined TRACON& Tower with Radar,1221,311,67,4,1603,0,0,8,2,10,1221,311,75,6,1613,0,0,0,1613
06/22/2017,CLT,NC,ASO,ES,Combined TRACON& Tower with Radar,1223,322,97,1,1643,0,0,10,1,11,1223,322,107,2,1654,0,0,0,1654
06/23/2017,CLT,NC,ASO,ES,Combined TRACON& Tower with Radar,1211,303,61,1,1576,0,0,11,4,15,1211,303,72,5,1591,0,0,0,1591
06/24/2017,CLT,NC,ASO,ES,Combined TRACON& Tower with Radar,1135,270,20,4,1429,0,0,13,2,15,1135,270,33,6,1444,0,0,0,1444
06/25/2017,CLT,NC,ASO,ES,Combined TRACON& Tower with Radar,1176,296,31,3,1506,0,0,14,6,20,1176,296,45,9,1526,0,0,0,1526
06/26/2017,CLT,NC,ASO,ES,Combined TRACON& Tower with Radar,1226,325,64,1,1616,0,0,23,4,27,1226,325,87,5,1643,0,0,0,1643
06/27/2017,CLT,NC,ASO,ES,Combined TRACON& Tower with Radar,1208,299,57,5,1569,0,0,23,1,24,1208,299,80,6,1593,0,0,0,1593
06/28/2017,CLT,NC,ASO,ES,Combined TRACON& Tower with Radar,1236,316,85,7,1644,0,0,26,4,30,1236,316,111,11,1674,0,0,0,1674
06/29/2017,CLT,NC,ASO,ES,Combined TRACON& Tower with Radar,1260,330,75,2,1667,0,0,16,9,25,1260,330,91,11,1692,0,0,0,1692
06/30/2017,CLT,NC,ASO,ES,Combined TRACON& Tower with Radar,1292,347,52,2,1693,0,0,12,3,15,1292,347,64,5,1708,0,0,0,1708
07/01/2017,CLT,NC,ASO,ES,Combined TRACON& Tower with Radar,1104,289,35,0,1428,0,0,8,0,8,1104,289,43,0,1436,0,0,0,1436
07/02/2017,CLT,NC,ASO,ES,Combined TRACON& Tower with Radar,1146,272,15,1,1434,0,0,6,0,6,1146,272,21,1,1440,0,0,0,1440
07/03/2017,CLT,NC,ASO,ES,Combined TRACON& Tower with Radar,1123,274,13,2,1412,0,0,7,1,8,1123,274,20,3,1420,0,0,0,1420
07/04/2017,CLT,NC,ASO,ES,Combined TRACON& Tower with Radar,1130,249,11,1,1391,0,0,18,0,18,1130,249,29,1,1409,0,0,0,1409
07/05/2017,CLT,NC,ASO,ES,Combined TRACON& Tower with Radar,1240,284,35,1,1560,0,0,22,3,25,1240,284,57,4,1585,0,0,0,1585
07/06/2017,CLT,NC,ASO,ES,Combined TRACON& Tower with Radar,1245,278,50,6,1579,0,0,15,3,18,1245,278,65,9,1597,0,0,0,1597
07/07/2017,CLT,NC,ASO,ES,Combined TRACON& Tower with Radar,1227,311,27,5,1570,0,0,15,4,19,1227,311,42,9,1589,0,0,0,1589
07/08/2017,CLT,NC,ASO,ES,Combined TRACON& Tower with Radar,1116,260,29,3,1408,0,0,9,0,9,1116,260,38,3,1417,0,0,0,1417
07/09/2017,CLT,NC,ASO,ES,Combined TRACON& Tower with Radar,1233,289,45,5,1572,0,0,4,0,4,1233,289,49,5,1576,0,0,0,1576
07/10/2017,CLT,NC,ASO,ES,Combined TRACON& Tower with Radar,1213,311,44,0,1568,0,0,13,7,20,1213,311,57,7,1588,0,0,0,1588
07/11/2017,CLT,NC,ASO,ES,Combined TRACON& Tower with Radar,1260,292,69,4,1625,0,0,25,4,29,1260,292,94,8,1654,0,0,0,1654
07/12/2017,CLT,NC,ASO,ES,Combined TRACON& Tower with Radar,1229,303,69,6,1607,0,0,22,4,26,1229,303,91,10,1633,0,0,0,1633
07/13/2017,CLT,NC,ASO,ES,Combined TRACON& Tower with Radar,1226,324,77,6,1633,0,0,25,5,30,1226,324,102,11,1663,0,0,0,1663
07/14/2017,CLT,NC,ASO,ES,Combined TRACON& Tower with Radar,1213,293,45,0,1551,0,0,21,6,27,1213,293,66,6,1578,0,0,0,1578
07/15/2017,CLT,NC,ASO,ES,Combined TRACON& Tower with Radar,1053,236,27,1,1317,0,0,9,0,9,1053,236,36,1,1326,0,0,0,1326
07/16/2017,CLT,NC,ASO,ES,Combined TRACON& Tower with Radar,1193,291,54,3,1541,0,0,16,1,17,1193,291,70,4,1558,0,0,0,1558
07/17/2017,CLT,NC,ASO,ES,Combined TRACON& Tower with Radar,1134,272,54,3,1463,0,0,12,0,12,1134,272,66,3,1475,0,0,0,1475
07/18/2017,CLT,NC,ASO,ES,Combined TRACON& Tower with Radar,1211,289,61,6,1567,0,0,27,2,29,1211,289,88,8,1596,0,0,0,1596
07/19/2017,CLT,NC,ASO,ES,Combined TRACON& Tower with Radar,1269,314,73,4,1660,0,0,18,0,18,1269,314,91,4,1678,0,0,0,1678
07/20/2017,CLT,NC,ASO,ES,Combined TRACON& Tower with Radar,1253,293,69,3,1618,0,0,28,6,34,1253,293,97,9,1652,0,0,0,1652
07/21/2017,CLT,NC,ASO,ES,Combined TRACON& Tower with Radar,1247,295,43,3,1588,0,0,30,4,34,1247,295,73,7,1622,0,0,0,1622
07/22/2017,CLT,NC,ASO,ES,Combined TRACON& Tower with Radar,1166,257,30,4,1457,0,0,15,2,17,1166,257,45,6,1474,0,0,0,1474
07/23/2017,CLT,NC,ASO,ES,Combined TRACON& Tower with Radar,1085,239,29,2,1355,0,0,4,1,5,1085,239,33,3,1360,0,0,0,1360
07/24/2017,CLT,NC,ASO,ES,Combined TRACON& Tower with Radar,1242,305,64,0,1611,0,0,13,8,21,1242,305,77,8,1632,0,0,0,1632
07/25/2017,CLT,NC,ASO,ES,Combined TRACON& Tower with Radar,1243,302,63,6,1614,0,0,16,6,22,1243,302,79,12,1636,0,0,0,1636
07/26/2017,CLT,NC,ASO,ES,Combined TRACON& Tower with Radar,1236,300,54,7,1597,0,0,19,5,24,1236,300,73,12,1621,0,0,0,1621
07/27/2017,CLT,NC,ASO,ES,Combined TRACON& Tower with Radar,1251,313,66,2,1632,0,1,13,1,15,1251,314,79,3,1647,0,0,0,1647
07/28/2017,CLT,NC,ASO,ES,Combined TRACON& Tower with Radar,1236,299,61,0,1596,0,3,16,9,28,1236,302,77,9,1624,0,0,0,1624
07/29/2017,CLT,NC,ASO,ES,Combined TRACON& Tower with Radar,1173,253,28,2,1456,0,0,16,0,16,1173,253,44,2,1472,0,0,0,1472
07/30/2017,CLT,NC,ASO,ES,Combined TRACON& Tower with Radar,1204,301,29,2,1536,0,2,8,1,11,1204,303,37,3,1547,0,0,0,1547
07/31/2017,CLT,NC,ASO,ES,Combined TRACON& Tower with Radar,1249,319,53,2,1623,0,8,15,0,23,1249,327,68,2,1646,0,0,0,1646
08/01/2017,CLT,NC,ASO,ES,Combined TRACON& Tower with Radar,1252,294,57,0,1603,0,4,23,0,27,1252,298,80,0,1630,0,0,0,1630
08/02/2017,CLT,NC,ASO,ES,Combined TRACON& Tower with Radar,1193,297,49,2,1541,0,2,10,0,12,1193,299,59,2,1553,0,0,0,1553
08/03/2017,CLT,NC,ASO,ES,Combined TRACON& Tower with Radar,1231,291,66,2,1590,0,0,21,0,21,1231,291,87,2,1611,0,0,0,1611
08/04/2017,CLT,NC,ASO,ES,Combined TRACON& Tower with Radar,1217,307,44,1,1569,0,8,21,2,31,1217,315,65,3,1600,0,0,0,1600
08/05/2017,CLT,NC,ASO,ES,Combined TRACON& Tower with Radar,1193,260,8,4,1465,0,1,11,1,13,1193,261,19,5,1478,0,0,0,1478
08/06/2017,CLT,NC,ASO,ES,Combined TRACON& Tower with Radar,1216,326,35,0,1577,0,0,11,0,11,1216,326,46,0,1588,0,0,0,1588
08/07/2017,CLT,NC,ASO,ES,Combined TRACON& Tower with Radar,1236,340,61,3,1640,0,11,11,0,22,1236,351,72,3,1662,0,0,0,1662
08/08/2017,CLT,NC,ASO,ES,Combined TRACON& Tower with Radar,1253,314,78,0,1645,0,6,14,0,20,1253,320,92,0,1665,0,0,0,1665
08/09/2017,CLT,NC,ASO,ES,Combined TRACON& Tower with Radar,1247,326,79,7,1659,0,3,11,0,14,1247,329,90,7,1673,0,0,0,1673
08/10/2017,CLT,NC,ASO,ES,Combined TRACON& Tower with Radar,1250,315,99,7,1671,0,10,15,1,26,1250,325,114,8,1697,0,0,0,1697
08/11/2017,CLT,NC,ASO,ES,Combined TRACON& Tower with Radar,1249,299,71,3,1622,0,5,15,1,21,1249,304,86,4,1643,0,0,0,1643
08/12/2017,CLT,NC,ASO,ES,Combined TRACON& Tower with Radar,1172,263,26,0,1461,0,0,4,0,4,1172,263,30,0,1465,0,0,0,1465
08/13/2017,CLT,NC,ASO,ES,Combined TRACON& Tower with Radar,1222,321,53,1,1597,0,1,9,0,10,1222,322,62,1,1607,0,0,0,1607
08/14/2017,CLT,NC,ASO,ES,Combined TRACON& Tower with Radar,1180,288,55,0,1523,0,6,4,0,10,1180,294,59,0,1533,0,0,0,1533
08/15/2017,CLT,NC,ASO,ES,Combined TRACON& Tower with Radar,1289,290,58,6,1643,0,11,6,0,17,1289,301,64,6,1660,0,0,0,1660
08/16/2017,CLT,NC,ASO,ES,Combined TRACON& Tower with Radar,1266,290,74,2,1632,0,4,22,3,29,1266,294,96,5,1661,0,0,0,1661
08/17/2017,CLT,NC,ASO,ES,Combined TRACON& Tower with Radar,1254,317,59,6,1636,0,11,15,1,27,1254,328,74,7,1663,0,0,0,1663
08/18/2017,CLT,NC,ASO,ES,Combined TRACON& Tower with Radar,1234,300,52,0,1586,0,6,18,0,24,1234,306,70,0,1610,0,0,0,1610
08/19/2017,CLT,NC,ASO,ES,Combined TRACON& Tower with Radar,1161,264,15,0,1440,0,1,18,0,19,1161,265,33,0,1459,0,0,0,1459
08/20/2017,CLT,NC,ASO,ES,Combined TRACON& Tower with Radar,1204,298,27,0,1529,0,0,8,0,8,1204,298,35,0,1537,0,0,0,1537
08/21/2017,CLT,NC,ASO,ES,Combined TRACON& Tower with Radar,1231,292,48,0,1571,0,4,28,0,32,1231,296,76,0,1603,0,0,0,1603
08/22/2017,CLT,NC,ASO,ES,Combined TRACON& Tower with Radar,1117,256,69,6,1448,0,4,16,0,20,1117,260,85,6,1468,0,0,0,1468
08/23/2017,CLT,NC,ASO,ES,Combined TRACON& Tower with Radar,1242,300,74,7,1623,0,2,18,0,20,1242,302,92,7,1643,0,0,0,1643
08/24/2017,CLT,NC,ASO,ES,Combined TRACON& Tower with Radar,1260,281,78,4,1623,0,7,27,0,34,1260,288,105,4,1657,0,0,0,1657
08/25/2017,CLT,NC,ASO,ES,Combined TRACON& Tower with Radar,1266,289,45,0,1600,0,6,21,0,27,1266,295,66,0,1627,0,0,0,1627
08/26/2017,CLT,NC,ASO,ES,Combined TRACON& Tower with Radar,1026,191,19,5,1241,0,0,13,1,14,1026,191,32,6,1255,0,0,0,1255
08/27/2017,CLT,NC,ASO,ES,Combined TRACON& Tower with Radar,1125,261,24,7,1417,0,0,6,0,6,1125,261,30,7,1423,0,0,0,1423
08/28/2017,CLT,NC,ASO,ES,Combined TRACON& Tower with Radar,1233,283,48,1,1565,0,8,11,0,19,1233,291,59,1,1584,0,0,0,1584
08/29/2017,CLT,NC,ASO,ES,Combined TRACON& Tower with Radar,1091,235,49,6,1381,0,0,18,0,18,1091,235,67,6,1399,0,0,0,1399
08/30/2017,CLT,NC,ASO,ES,Combined TRACON& Tower with Radar,1218,283,72,3,1576,0,6,21,0,27,1218,289,93,3,1603,0,0,0,1603
08/31/2017,CLT,NC,ASO,ES,Combined TRACON& Tower with Radar,1226,292,63,1,1582,0,2,5,0,7,1226,294,68,1,1589,0,0,0,1589
09/01/2017,CLT,NC,ASO,ES,Combined TRACON& Tower with Radar,1227,273,49,0,1549,0,0,10,0,10,1227,273,59,0,1559,0,0,0,1559
09/02/2017,CLT,NC,ASO,ES,Combined TRACON& Tower with Radar,1038,190,41,0,1269,0,0,4,0,4,1038,190,45,0,1273,0,0,0,1273
09/03/2017,CLT,NC,ASO,ES,Combined TRACON& Tower with Radar,933,213,20,0,1166,0,2,9,0,11,933,215,29,0,1177,0,0,0,1177
09/04/2017,CLT,NC,ASO,ES,Combined TRACON& Tower with Radar,1223,281,30,0,1534,0,0,19,5,24,1223,281,49,5,1558,0,0,0,1558
09/05/2017,CLT,NC,ASO,ES,Combined TRACON& Tower with Radar,1095,237,55,3,1390,0,4,13,2,19,1095,241,68,5,1409,0,0,0,1409
09/06/2017,CLT,NC,ASO,ES,Combined TRACON& Tower with Radar,1108,243,68,2,1421,0,0,5,0,5,1108,243,73,2,1426,0,0,0,1426
09/07/2017,CLT,NC,ASO,ES,Combined TRACON& Tower with Radar,1228,314,81,1,1624,0,0,22,0,22,1228,314,103,1,1646,0,0,0,1646
09/08/2017,CLT,NC,ASO,ES,Combined TRACON& Tower with Radar,1210,297,81,3,1591,0,1,19,8,28,1210,298,100,11,1619,0,0,0,1619
09/09/2017,CLT,NC,ASO,ES,Combined TRACON& Tower with Radar,924,197,35,2,1158,0,0,22,0,22,924,197,57,2,1180,0,0,0,1180
09/10/2017,CLT,NC,ASO,ES,Combined TRACON& Tower with Radar,1001,245,33,0,1279,0,0,2,0,2,1001,245,35,0,1281,0,0,0,1281
09/11/2017,CLT,NC,ASO,ES,Combined TRACON& Tower with Radar,727,103,14,3,847,0,0,2,0,2,727,103,16,3,849,0,0,0,849
09/12/2017,CLT,NC,ASO,ES,Combined TRACON& Tower with Radar,973,232,55,1,1261,0,2,8,0,10,973,234,63,1,1271,0,0,0,1271
09/13/2017,CLT,NC,ASO,ES,Combined TRACON& Tower with Radar,1197,291,92,4,1584,0,2,9,2,13,1197,293,101,6,1597,0,0,0,1597
09/14/2017,CLT,NC,ASO,ES,Combined TRACON& Tower with Radar,1223,282,73,5,1583,0,5,13,2,20,1223,287,86,7,1603,0,0,0,1603
09/15/2017,CLT,NC,ASO,ES,Combined TRACON& Tower with Radar,1236,266,67,4,1573,0,11,14,0,25,1236,277,81,4,1598,0,0,0,1598
09/16/2017,CLT,NC,ASO,ES,Combined TRACON& Tower with Radar,1013,186,24,7,1230,0,2,16,0,18,1013,188,40,7,1248,0,0,0,1248
09/17/2017,CLT,NC,ASO,ES,Combined TRACON& Tower with Radar,1133,251,41,1,1426,0,0,11,0,11,1133,251,52,1,1437,0,0,0,1437
09/18/2017,CLT,NC,ASO,ES,Combined TRACON& Tower with Radar,1248,280,73,1,1602,0,7,16,0,23,1248,287,89,1,1625,0,0,0,1625
09/19/2017,CLT,NC,ASO,ES,Combined TRACON& Tower with Radar,1121,255,92,5,1473,0,3,27,0,30,1121,258,119,5,1503,0,0,0,1503
09/20/2017,CLT,NC,ASO,ES,Combined TRACON& Tower with Radar,1238,287,82,4,1611,0,4,16,0,20,1238,291,98,4,1631,0,0,0,1631
09/21/2017,CLT,NC,ASO,ES,Combined TRACON& Tower with Radar,1257,279,103,8,1647,0,2,24,0,26,1257,281,127,8,1673,0,0,0,1673
09/22/2017,CLT,NC,ASO,ES,Combined TRACON& Tower with Radar,1256,264,73,5,1598,0,0,25,0,25,1256,264,98,5,1623,0,0,0,1623
09/23/2017,CLT,NC,ASO,ES,Combined TRACON& Tower with Radar,1035,189,30,1,1255,0,3,14,0,17,1035,192,44,1,1272,0,0,0,1272
09/24/2017,CLT,NC,ASO,ES,Combined TRACON& Tower with Radar,1157,218,62,2,1439,0,1,12,3,16,1157,219,74,5,1455,0,0,0,1455
09/25/2017,CLT,NC,ASO,ES,Combined TRACON& Tower with Radar,1266,254,46,6,1572,0,0,8,0,8,1266,254,54,6,1580,0,0,0,1580
09/26/2017,CLT,NC,ASO,ES,Combined TRACON& Tower with Radar,1122,238,90,9,1459,0,4,8,1,13,1122,242,98,10,1472,0,0,0,1472
09/27/2017,CLT,NC,ASO,ES,Combined TRACON& Tower with Radar,1245,306,78,7,1636,0,2,26,0,28,1245,308,104,7,1664,0,0,0,1664
09/28/2017,CLT,NC,ASO,ES,Combined TRACON& Tower with Radar,1329,310,79,7,1725,0,4,23,0,27,1329,314,102,7,1752,0,0,0,1752
09/29/2017,CLT,NC,ASO,ES,Combined TRACON& Tower with Radar,1262,268,54,2,1586,0,7,21,0,28,1262,275,75,2,1614,0,0,0,1614
09/30/2017,CLT,NC,ASO,ES,Combined TRACON& Tower with Radar,1035,188,19,0,1242,0,0,14,0,14,1035,188,33,0,1256,0,0,0,1256
10/01/2017,CLT,NC,ASO,ES,Combined TRACON& Tower with Radar,1144,241,50,0,1435,0,5,4,0,9,1144,246,54,0,1444,0,0,0,1444
10/02/2017,CLT,NC,ASO,ES,Combined TRACON& Tower with Radar,1252,274,53,1,1580,0,6,16,2,24,1252,280,69,3,1604,0,0,0,1604
10/03/2017,CLT,NC,ASO,ES,Combined TRACON& Tower with Radar,1105,231,86,3,1425,0,4,22,0,26,1105,235,108,3,1451,0,0,0,1451
10/04/2017,CLT,NC,ASO,ES,Combined TRACON& Tower with Radar,1254,277,84,4,1619,0,3,23,0,26,1254,280,107,4,1645,0,0,0,1645
10/05/2017,CLT,NC,ASO,ES,Combined TRACON& Tower with Radar,1250,274,81,1,1606,0,9,21,0,30,1250,283,102,1,1636,0,0,0,1636
10/06/2017,CLT,NC,ASO,ES,Combined TRACON& Tower with Radar,1261,255,57,3,1576,0,3,18,0,21,1261,258,75,3,1597,0,0,0,1597
10/07/2017,CLT,NC,ASO,ES,Combined TRACON& Tower with Radar,1011,198,30,2,1241,0,0,1,0,1,1011,198,31,2,1242,0,0,0,1242
10/08/2017,CLT,NC,ASO,ES,Combined TRACON& Tower with Radar,1125,225,30,3,1383,0,8,4,0,12,1125,233,34,3,1395,0,0,0,1395
10/09/2017,CLT,NC,ASO,ES,Combined TRACON& Tower with Radar,1244,245,56,1,1546,0,5,8,0,13,1244,250,64,1,1559,0,0,0,1559
10/10/2017,CLT,NC,ASO,ES,Combined TRACON& Tower with Radar,1246,270,52,3,1571,0,1,8,0,9,1246,271,60,3,1580,0,0,0,1580
10/11/2017,CLT,NC,ASO,ES,Combined TRACON& Tower with Radar,1242,269,76,3,1590,0,5,19,0,24,1242,274,95,3,1614,0,0,0,1614
10/12/2017,CLT,NC,ASO,ES,Combined TRACON& Tower with Radar,1253,266,82,4,1605,0,2,17,0,19,1253,268,99,4,1624,0,0,0,1624
10/13/2017,CLT,NC,ASO,ES,Combined TRACON& Tower with Radar,1251,269,92,4,1616,0,11,4,1,16,1251,280,96,5,1632,0,0,0,1632
10/14/2017,CLT,NC,ASO,ES,Combined TRACON& Tower with Radar,1009,196,17,4,1226,0,1,6,0,7,1009,197,23,4,1233,0,0,0,1233
10/15/2017,CLT,NC,ASO,ES,Combined TRACON& Tower with Radar,1150,231,48,5,1434,0,1,4,0,5,1150,232,52,5,1439,0,0,0,1439
10/16/2017,CLT,NC,ASO,ES,Combined TRACON& Tower with Radar,1260,262,39,3,1564,0,0,10,0,10,1260,262,49,3,1574,0,0,0,1574
10/17/2017,CLT,NC,ASO,ES,Combined TRACON& Tower with Radar,1245,261,59,7,1572,0,3,27,0,30,1245,264,86,7,1602,0,0,0,1602
10/18/2017,CLT,NC,ASO,ES,Combined TRACON& Tower with Radar,1244,272,76,2,1594,0,6,20,1,27,1244,278,96,3,1621,0,0,0,1621
10/19/2017,CLT,NC,ASO,ES,Combined TRACON& Tower with Radar,1267,264,83,6,1620,0,9,30,0,39,1267,273,113,6,1659,0,0,0,1659
10/20/2017,CLT,NC,ASO,ES,Combined TRACON& Tower with Radar,1261,258,55,2,1576,0,3,21,0,24,1261,261,76,2,1600,0,0,0,1600
10/21/2017,CLT,NC,ASO,ES,Combined TRACON& Tower with Radar,1014,189,23,0,1226,0,2,6,0,8,1014,191,29,0,1234,0,0,0,1234
10/22/2017,CLT,NC,ASO,ES,Combined TRACON& Tower with Radar,1150,229,49,0,1428,0,1,2,0,3,1150,230,51,0,1431,0,0,0,1431
10/23/2017,CLT,NC,ASO,ES,Combined TRACON& Tower with Radar,1203,231,48,0,1482,0,0,0,0,0,1203,231,48,0,1482,0,0,0,1482
10/24/2017,CLT,NC,ASO,ES,Combined TRACON& Tower with Radar,1247,270,88,0,1605,0,7,19,0,26,1247,277,107,0,1631,0,0,0,1631
10/25/2017,CLT,NC,ASO,ES,Combined TRACON& Tower with Radar,1243,287,97,1,1628,0,1,20,0,21,1243,288,117,1,1649,0,0,0,1649
10/26/2017,CLT,NC,ASO,ES,Combined TRACON& Tower with Radar,1250,273,98,4,1625,0,4,31,0,35,1250,277,129,4,1660,0,0,0,1660
10/27/2017,CLT,NC,ASO,ES,Combined TRACON& Tower with Radar,1264,289,74,1,1628,0,5,10,0,15,1264,294,84,1,1643,0,0,0,1643
10/28/2017,CLT,NC,ASO,ES,Combined TRACON& Tower with Radar,1010,191,15,0,1216,0,0,15,0,15,1010,191,30,0,1231,0,0,0,1231
10/29/2017,CLT,NC,ASO,ES,Combined TRACON& Tower with Radar,1126,240,34,2,1402,0,0,2,0,2,1126,240,36,2,1404,0,0,0,1404
10/30/2017,CLT,NC,ASO,ES,Combined TRACON& Tower with Radar,1091,227,68,0,1386,0,4,12,1,17,1091,231,80,1,1403,0,0,0,1403
10/31/2017,CLT,NC,ASO,ES,Combined TRACON& Tower with Radar,1043,221,56,1,1321,0,3,21,0,24,1043,224,77,1,1345,0,0,0,1345
11/01/2017,CLT,NC,ASO,ES,Combined TRACON& Tower with Radar,1236,272,73,4,1585,0,1,27,1,29,1236,273,100,5,1614,0,0,0,1614
11/02/2017,CLT,NC,ASO,ES,Combined TRACON& Tower with Radar,1238,262,69,5,1574,0,10,20,1,31,1238,272,89,6,1605,0,0,0,1605
11/03/2017,CLT,NC,ASO,ES,Combined TRACON& Tower with Radar,1239,266,63,4,1572,0,9,20,0,29,1239,275,83,4,1601,0,0,0,1601
11/04/2017,CLT,NC,ASO,ES,Combined TRACON& Tower with Radar,998,193,20,3,1214,0,1,1,0,2,998,194,21,3,1216,0,0,0,1216
11/05/2017,CLT,NC,ASO,ES,Combined TRACON& Tower with Radar,1106,254,64,7,1431,0,0,2,0,2,1106,254,66,7,1433,0,0,0,1433
11/06/2017,CLT,NC,ASO,ES,Combined TRACON& Tower with Radar,1100,235,61,5,1401,0,3,9,0,12,1100,238,70,5,1413,0,0,0,1413
11/07/2017,CLT,NC,ASO,ES,Combined TRACON& Tower with Radar,1089,256,71,1,1417,0,2,4,0,6,1089,258,75,1,1423,0,0,0,1423
11/08/2017,CLT,NC,ASO,ES,Combined TRACON& Tower with Radar,1203,265,81,3,1552,0,0,1,0,1,1203,265,82,3,1553,0,0,0,1553
11/09/2017,CLT,NC,ASO,ES,Combined TRACON& Tower with Radar,1214,275,73,0,1562,0,4,14,0,18,1214,279,87,0,1580,0,0,0,1580
11/10/2017,CLT,NC,ASO,ES,Combined TRACON& Tower with Radar,1218,283,67,0,1568,0,6,18,0,24,1218,289,85,0,1592,0,0,0,1592
11/11/2017,CLT,NC,ASO,ES,Combined TRACON& Tower with Radar,1047,204,22,0,1273,0,0,0,0,0,1047,204,22,0,1273,0,0,0,1273
11/12/2017,CLT,NC,ASO,ES,Combined TRACON& Tower with Radar,1121,248,41,0,1410,0,2,11,0,13,1121,250,52,0,1423,0,0,0,1423
11/13/2017,CLT,NC,ASO,ES,Combined TRACON& Tower with Radar,1093,240,84,4,1421,0,2,11,0,13,1093,242,95,4,1434,0,0,0,1434
11/14/2017,CLT,NC,ASO,ES,Combined TRACON& Tower with Radar,1103,256,106,3,1468,0,5,28,0,33,1103,261,134,3,1501,0,0,0,1501
11/15/2017,CLT,NC,ASO,ES,Combined TRACON& Tower with Radar,1206,296,82,5,1589,0,8,21,1,30,1206,304,103,6,1619,0,0,0,1619
11/16/2017,CLT,NC,ASO,ES,Combined TRACON& Tower with Radar,1219,299,82,5,1605,0,6,22,0,28,1219,305,104,5,1633,0,0,0,1633
11/17/2017,CLT,NC,ASO,ES,Combined TRACON& Tower with Radar,1214,286,91,3,1594,0,6,23,0,29,1214,292,114,3,1623,0,0,0,1623
11/18/2017,CLT,NC,ASO,ES,Combined TRACON& Tower with Radar,1046,213,25,2,1286,0,2,4,0,6,1046,215,29,2,1292,0,0,0,1292
11/19/2017,CLT,NC,ASO,ES,Combined TRACON& Tower with Radar,1119,246,42,4,1411,0,0,4,0,4,1119,246,46,4,1415,0,0,0,1415
11/20/2017,CLT,NC,ASO,ES,Combined TRACON& Tower with Radar,1197,282,57,3,1539,0,0,8,0,8,1197,282,65,3,1547,0,0,0,1547
11/21/2017,CLT,NC,ASO,ES,Combined TRACON& Tower with Radar,1204,269,67,6,1546,0,3,15,0,18,1204,272,82,6,1564,0,0,0,1564
11/22/2017,CLT,NC,ASO,ES,Combined TRACON& Tower with Radar,1208,290,47,0,1545,0,5,9,0,14,1208,295,56,0,1559,0,0,0,1559
11/23/2017,CLT,NC,ASO,ES,Combined TRACON& Tower with Radar,546,138,4,0,688,0,1,4,0,5,546,139,8,0,693,0,0,0,693
11/24/2017,CLT,NC,ASO,ES,Combined TRACON& Tower with Radar,1024,242,16,0,1282,0,1,17,0,18,1024,243,33,0,1300,0,0,0,1300
11/25/2017,CLT,NC,ASO,ES,Combined TRACON& Tower with Radar,1228,270,47,0,1545,0,0,6,0,6,1228,270,53,0,1551,0,0,0,1551
11/26/2017,CLT,NC,ASO,ES,Combined TRACON& Tower with Radar,1290,302,51,0,1643,0,0,8,0,8,1290,302,59,0,1651,0,0,0,1651
11/27/2017,CLT,NC,ASO,ES,Combined TRACON& Tower with Radar,1270,312,54,0,1636,0,12,11,0,23,1270,324,65,0,1659,0,0,0,1659
11/28/2017,CLT,NC,ASO,ES,Combined TRACON& Tower with Radar,1095,246,75,1,1417,0,5,16,2,23,1095,251,91,3,1440,0,0,0,1440
11/29/2017,CLT,NC,ASO,ES,Combined TRACON& Tower with Radar,1179,285,61,3,1528,0,6,17,1,24,1179,291,78,4,1552,0,0,0,1552
11/30/2017,CLT,NC,ASO,ES,Combined TRACON& Tower with Radar,1199,287,82,4,1572,0,6,11,0,17,1199,293,93,4,1589,0,0,0,1589
12/01/2017,CLT,NC,ASO,ES,Combined TRACON& Tower with Radar,1210,289,76,4,1579,0,4,15,2,21,1210,293,91,6,1600,0,0,0,1600
12/02/2017,CLT,NC,ASO,ES,Combined TRACON& Tower with Radar,1028,217,92,6,1343,0,0,16,0,16,1028,217,108,6,1359,0,0,0,1359
12/03/2017,CLT,NC,ASO,ES,Combined TRACON& Tower with Radar,1115,276,79,5,1475,0,1,1,0,2,1115,277,80,5,1477,0,0,0,1477
12/04/2017,CLT,NC,ASO,ES,Combined TRACON& Tower with Radar,1081,265,68,3,1417,0,8,16,1,25,1081,273,84,4,1442,0,0,0,1442
12/05/2017,CLT,NC,ASO,ES,Combined TRACON& Tower with Radar,1078,253,63,7,1401,0,0,4,1,5,1078,253,67,8,1406,0,0,0,1406
12/06/2017,CLT,NC,ASO,ES,Combined TRACON& Tower with Radar,1181,304,86,0,1571,0,2,10,2,14,1181,306,96,2,1585,0,0,0,1585
12/07/2017,CLT,NC,ASO,ES,Combined TRACON& Tower with Radar,1194,301,75,0,1570,0,5,11,0,16,1194,306,86,0,1586,0,0,0,1586
12/08/2017,CLT,NC,ASO,ES,Combined TRACON& Tower with Radar,1034,228,50,0,1312,1,0,0,0,1,1035,228,50,0,1313,0,0,0,1313
12/09/2017,CLT,NC,ASO,ES,Combined TRACON& Tower with Radar,980,186,17,4,1187,0,0,0,0,0,980,186,17,4,1187,0,0,0,1187
12/10/2017,CLT,NC,ASO,ES,Combined TRACON& Tower with Radar,1116,246,67,0,1429,0,4,9,0,13,1116,250,76,0,1442,0,0,0,1442
12/11/2017,CLT,NC,ASO,ES,Combined TRACON& Tower with Radar,1076,255,93,0,1424,0,3,11,0,14,1076,258,104,0,1438,0,0,0,1438
12/12/2017,CLT,NC,ASO,ES,Combined TRACON& Tower with Radar,1081,247,86,0,1414,0,8,14,0,22,1081,255,100,0,1436,0,0,0,1436
12/13/2017,CLT,NC,ASO,ES,Combined TRACON& Tower with Radar,1190,292,89,3,1574,0,7,20,0,27,1190,299,109,3,1601,0,0,0,1601
12/14/2017,CLT,NC,ASO,ES,Combined TRACON& Tower with Radar,1212,283,107,3,1605,0,8,16,0,24,1212,291,123,3,1629,0,0,0,1629
12/15/2017,CLT,NC,ASO,ES,Combined TRACON& Tower with Radar,1229,261,62,4,1556,1,8,17,0,26,1230,269,79,4,1582,0,0,0,1582
12/16/2017,CLT,NC,ASO,ES,Combined TRACON& Tower with Radar,1121,245,26,5,1397,0,0,14,0,14,1121,245,40,5,1411,0,0,0,1411
12/17/2017,CLT,NC,ASO,ES,Combined TRACON& Tower with Radar,1178,256,63,2,1499,0,3,5,0,8,1178,259,68,2,1507,0,0,0,1507
12/18/2017,CLT,NC,ASO,ES,Combined TRACON& Tower with Radar,1220,288,59,3,1570,0,5,3,5,13,1220,293,62,8,1583,0,0,0,1583
12/19/2017,CLT,NC,ASO,ES,Combined TRACON& Tower with Radar,1229,254,94,1,1578,0,7,5,0,12,1229,261,99,1,1590,0,0,0,1590
12/20/2017,CLT,NC,ASO,ES,Combined TRACON& Tower with Radar,1249,254,48,2,1553,0,0,0,0,0,1249,254,48,2,1553,0,0,0,1553
12/21/2017,CLT,NC,ASO,ES,Combined TRACON& Tower with Radar,1293,271,53,0,1617,0,7,17,0,24,1293,278,70,0,1641,0,0,0,1641
12/22/2017,CLT,NC,ASO,ES,Combined TRACON& Tower with Radar,1310,268,41,0,1619,0,8,9,0,17,1310,276,50,0,1636,0,0,0,1636
12/23/2017,CLT,NC,ASO,ES,Combined TRACON& Tower with Radar,1166,232,32,0,1430,0,1,3,0,4,1166,233,35,0,1434,0,0,0,1434
12/24/2017,CLT,NC,ASO,ES,Combined TRACON& Tower with Radar,1036,212,26,0,1274,0,1,8,0,9,1036,213,34,0,1283,0,0,0,1283
12/25/2017,CLT,NC,ASO,ES,Combined TRACON& Tower with Radar,1036,205,6,0,1247,0,0,0,0,0,1036,205,6,0,1247,0,0,0,1247
12/26/2017,CLT,NC,ASO,ES,Combined TRACON& Tower with Radar,1259,256,49,0,1564,0,7,16,0,23,1259,263,65,0,1587,0,0,0,1587
12/27/2017,CLT,NC,ASO,ES,Combined TRACON& Tower with Radar,1282,278,40,0,1600,0,8,26,0,34,1282,286,66,0,1634,0,0,0,1634
12/28/2017,CLT,NC,ASO,ES,Combined TRACON& Tower with Radar,1240,245,44,0,1529,0,3,21,0,24,1240,248,65,0,1553,0,0,0,1553
12/29/2017,CLT,NC,ASO,ES,Combined TRACON& Tower with Radar,1239,251,46,1,1537,0,4,12,1,17,1239,255,58,2,1554,0,0,0,1554
12/30/2017,CLT,NC,ASO,ES,Combined TRACON& Tower with Radar,1139,226,25,0,1390,0,1,6,0,7,1139,227,31,0,1397,0,0,0,1397
12/31/2017,CLT,NC,ASO,ES,Combined TRACON& Tower with Radar,1033,194,29,0,1256,0,0,14,0,14,1033,194,43,0,1270,0,0,0,1270
01/01/2018,CLT,NC,ASO,ES,Combined TRACON& Tower with Radar,1125,226,23,0,1374,0,0,8,0,8,1125,226,31,0,1382,0,0,0,1382
01/02/2018,CLT,NC,ASO,ES,Combined TRACON& Tower with Radar,1267,256,36,0,1559,0,2,18,0,20,1267,258,54,0,1579,0,0,0,1579
01/03/2018,CLT,NC,ASO,ES,Combined TRACON& Tower with Radar,1152,216,44,6,1418,0,9,11,0,20,1152,225,55,6,1438,0,0,0,1438
01/04/2018,CLT,NC,ASO,ES,Combined TRACON& Tower with Radar,1014,187,41,1,1243,0,3,2,0,5,1014,190,43,1,1248,0,0,0,1248
01/05/2018,CLT,NC,ASO,ES,Combined TRACON& Tower with Radar,1143,215,30,1,1389,0,1,11,0,12,1143,216,41,1,1401,0,0,0,1401
01/06/2018,CLT,NC,ASO,ES,Combined TRACON& Tower with Radar,1100,214,11,2,1327,0,0,5,0,5,1100,214,16,2,1332,0,0,0,1332
01/07/2018,CLT,NC,ASO,ES,Combined TRACON& Tower with Radar,1191,232,28,5,1456,0,1,2,0,3,1191,233,30,5,1459,0,0,0,1459
01/08/2018,CLT,NC,ASO,ES,Combined TRACON& Tower with Radar,1096,194,50,1,1341,0,1,9,0,10,1096,195,59,1,1351,0,0,0,1351
01/09/2018,CLT,NC,ASO,ES,Combined TRACON& Tower with Radar,1110,192,62,0,1364,0,6,16,0,22,1110,198,78,0,1386,0,0,0,1386
01/10/2018,CLT,NC,ASO,ES,Combined TRACON& Tower with Radar,1224,221,61,1,1507,0,6,21,0,27,1224,227,82,1,1534,0,0,0,1534
01/11/2018,CLT,NC,ASO,ES,Combined TRACON& Tower with Radar,1251,211,69,1,1532,0,0,1,0,1,1251,211,70,1,1533,0,0,0,1533
01/12/2018,CLT,NC,ASO,ES,Combined TRACON& Tower with Radar,1197,188,56,0,1441,0,0,0,0,0,1197,188,56,0,1441,0,0,0,1441
01/13/2018,CLT,NC,ASO,ES,Combined TRACON& Tower with Radar,1091,169,16,1,1277,0,1,4,1,6,1091,170,20,2,1283,0,0,0,1283
01/14/2018,CLT,NC,ASO,ES,Combined TRACON& Tower with Radar,1057,178,30,0,1265,0,1,6,0,7,1057,179,36,0,1272,0,0,0,1272
01/15/2018,CLT,NC,ASO,ES,Combined TRACON& Tower with Radar,1116,182,55,0,1353,0,2,13,0,15,1116,184,68,0,1368,0,0,0,1368
01/16/2018,CLT,NC,ASO,ES,Combined TRACON& Tower with Radar,1090,173,90,0,1353,0,10,21,6,37,1090,183,111,6,1390,0,0,0,1390
01/17/2018,CLT,NC,ASO,ES,Combined TRACON& Tower with Radar,711,84,51,1,847,0,0,0,0,0,711,84,51,1,847,0,0,0,847
01/18/2018,CLT,NC,ASO,ES,Combined TRACON& Tower with Radar,951,159,80,2,1192,0,5,15,0,20,951,164,95,2,1212,0,0,0,1212
01/19/2018,CLT,NC,ASO,ES,Combined TRACON& Tower with Radar,1233,225,62,4,1524,0,4,16,1,21,1233,229,78,5,1545,0,0,0,1545
01/20/2018,CLT,NC,ASO,ES,Combined TRACON& Tower with Radar,1087,183,16,2,1288,0,0,16,1,17,1087,183,32,3,1305,0,0,0,1305
01/21/2018,CLT,NC,ASO,ES,Combined TRACON& Tower with Radar,1107,191,43,0,1341,0,2,7,0,9,1107,193,50,0,1350,0,0,0,1350
01/22/2018,CLT,NC,ASO,ES,Combined TRACON& Tower with Radar,1096,195,42,3,1336,0,6,10,0,16,1096,201,52,3,1352,0,0,0,1352
01/23/2018,CLT,NC,ASO,ES,Combined TRACON& Tower with Radar,1100,199,68,0,1367,0,5,5,0,10,1100,204,73,0,1377,0,0,0,1377
01/24/2018,CLT,NC,ASO,ES,Combined TRACON& Tower with Radar,1227,217,75,2,1521,0,8,18,0,26,1227,225,93,2,1547,0,0,0,1547
01/25/2018,CLT,NC,ASO,ES,Combined TRACON& Tower with Radar,1241,220,92,2,1555,0,2,10,0,12,1241,222,102,2,1567,0,0,0,1567
01/26/2018,CLT,NC,ASO,ES,Combined TRACON& Tower with Radar,1244,217,57,4,1522,0,8,14,0,22,1244,225,71,4,1544,0,0,0,1544
01/27/2018,CLT,NC,ASO,ES,Combined TRACON& Tower with Radar,1092,180,12,0,1284,0,1,8,0,9,1092,181,20,0,1293,0,0,0,1293
01/28/2018,CLT,NC,ASO,ES,Combined TRACON& Tower with Radar,1117,174,33,3,1327,0,0,0,0,0,1117,174,33,3,1327,0,0,0,1327
01/29/2018,CLT,NC,ASO,ES,Combined TRACON& Tower with Radar,1120,189,47,1,1357,0,1,9,0,10,1120,190,56,1,1367,0,0,0,1367
01/30/2018,CLT,NC,ASO,ES,Combined TRACON& Tower with Radar,1102,187,73,0,1362,0,0,8,0,8,1102,187,81,0,1370,0,0,0,1370
01/31/2018,CLT,NC,ASO,ES,Combined TRACON& Tower with Radar,1234,235,84,7,1560,0,9,19,0,28,1234,244,103,7,1588,0,0,0,1588
02/01/2018,CLT,NC,ASO,ES,Combined TRACON& Tower with Radar,1247,203,61,4,1515,0,2,15,0,17,1247,205,76,4,1532,0,0,0,1532
02/02/2018,CLT,NC,ASO,ES,Combined TRACON& Tower with Radar,1246,188,46,0,1480,0,5,20,0,25,1246,193,66,0,1505,0,0,0,1505
02/03/2018,CLT,NC,ASO,ES,Combined TRACON& Tower with Radar,1079,162,24,0,1265,0,4,8,0,12,1079,166,32,0,1277,0,0,0,1277
02/04/2018,CLT,NC,ASO,ES,Combined TRACON& Tower with Radar,935,129,18,0,1082,0,0,2,0,2,935,129,20,0,1084,0,0,0,1084
02/05/2018,CLT,NC,ASO,ES,Combined TRACON& Tower with Radar,1120,187,57,0,1364,0,6,17,0,23,1120,193,74,0,1387,0,0,0,1387
02/06/2018,CLT,NC,ASO,ES,Combined TRACON& Tower with Radar,1101,182,61,0,1344,0,8,21,0,29,1101,190,82,0,1373,0,0,0,1373
02/07/2018,CLT,NC,ASO,ES,Combined TRACON& Tower with Radar,1225,199,53,0,1477,0,0,5,0,5,1225,199,58,0,1482,0,0,0,1482
02/08/2018,CLT,NC,ASO,ES,Combined TRACON& Tower with Radar,1239,200,72,0,1511,0,3,16,3,22,1239,203,88,3,1533,0,0,0,1533
02/09/2018,CLT,NC,ASO,ES,Combined TRACON& Tower with Radar,1219,199,57,0,1475,0,6,16,1,23,1219,205,73,1,1498,0,0,0,1498
02/10/2018,CLT,NC,ASO,ES,Combined TRACON& Tower with Radar,1089,162,21,3,1275,0,0,0,0,0,1089,162,21,3,1275,0,0,0,1275
02/11/2018,CLT,NC,ASO,ES,Combined TRACON& Tower with Radar,1074,187,41,3,1305,0,0,0,0,0,1074,187,41,3,1305,0,0,0,1305
02/12/2018,CLT,NC,ASO,ES,Combined TRACON& Tower with Radar,1114,189,74,0,1377,0,0,6,0,6,1114,189,80,0,1383,0,0,0,1383
02/13/2018,CLT,NC,ASO,ES,Combined TRACON& Tower with Radar,1124,173,76,0,1373,0,4,21,0,25,1124,177,97,0,1398,0,0,0,1398
02/14/2018,CLT,NC,ASO,ES,Combined TRACON& Tower with Radar,1217,199,61,2,1479,0,2,12,2,16,1217,201,73,4,1495,0,0,0,1495
02/15/2018,CLT,NC,ASO,ES,Combined TRACON& Tower with Radar,1274,203,73,6,1556,0,1,27,0,28,1274,204,100,6,1584,0,0,0,1584
02/16/2018,CLT,NC,ASO,ES,Combined TRACON& Tower with Radar,1285,206,44,1,1536,0,2,23,0,25,1285,208,67,1,1561,0,0,0,1561
02/17/2018,CLT,NC,ASO,ES,Combined TRACON& Tower with Radar,1145,180,13,2,1340,0,0,2,0,2,1145,180,15,2,1342,0,0,0,1342
02/18/2018,CLT,NC,ASO,ES,Combined TRACON& Tower with Radar,1203,190,18,2,1413,0,0,6,2,8,1203,190,24,4,1421,0,0,0,1421
02/19/2018,CLT,NC,ASO,ES,Combined TRACON& Tower with Radar,1273,206,49,1,1529,0,0,1,0,1,1273,206,50,1,1530,0,0,0,1530
02/20/2018,CLT,NC,ASO,ES,Combined TRACON& Tower with Radar,1266,191,71,0,1528,0,0,8,0,8,1266,191,79,0,1536,0,0,0,1536
02/21/2018,CLT,NC,ASO,ES,Combined TRACON& Tower with Radar,1276,209,53,2,1540,0,3,12,0,15,1276,212,65,2,1555,0,0,0,1555
02/22/2018,CLT,NC,ASO,ES,Combined TRACON& Tower with Radar,1271,222,84,0,1577,0,0,12,0,12,1271,222,96,0,1589,0,0,0,1589
02/23/2018,CLT,NC,ASO,ES,Combined TRACON& Tower with Radar,1268,234,72,2,1576,0,2,14,0,16,1268,236,86,2,1592,0,0,0,1592
02/24/2018,CLT,NC,ASO,ES,Combined TRACON& Tower with Radar,1126,207,32,0,1365,0,4,15,0,19,1126,211,47,0,1384,0,0,0,1384
02/25/2018,CLT,NC,ASO,ES,Combined TRACON& Tower with Radar,1229,209,43,0,1481,0,0,2,0,2,1229,209,45,0,1483,0,0,0,1483
02/26/2018,CLT,NC,ASO,ES,Combined TRACON& Tower with Radar,1271,211,71,2,1555,0,7,9,1,17,1271,218,80,3,1572,0,0,0,1572
02/27/2018,CLT,NC,ASO,ES,Combined TRACON& Tower with Radar,1287,211,63,10,1571,0,5,9,1,15,1287,216,72,11,1586,0,0,0,1586
02/28/2018,CLT,NC,ASO,ES,Combined TRACON& Tower with Radar,1276,212,57,0,1545,0,2,4,0,6,1276,214,61,0,1551,0,0,0,1551
03/01/2018,CLT,NC,ASO,ES,Combined TRACON& Tower with Radar,1269,218,77,4,1568,0,0,0,0,0,1269,218,77,4,1568,0,0,0,1568
03/02/2018,CLT,NC,ASO,ES,Combined TRACON& Tower with Radar,1090,179,75,8,1352,0,0,12,0,12,1090,179,87,8,1364,0,0,0,1364
03/03/2018,CLT,NC,ASO,ES,Combined TRACON& Tower with Radar,1100,187,43,2,1332,0,0,7,0,7,1100,187,50,2,1339,0,0,0,1339
03/04/2018,CLT,NC,ASO,ES,Combined TRACON& Tower with Radar,1211,202,27,0,1440,0,2,16,0,18,1211,204,43,0,1458,0,0,0,1458
03/05/2018,CLT,NC,ASO,ES,Combined TRACON& Tower with Radar,1284,208,52,2,1546,0,8,16,0,24,1284,216,68,2,1570,0,0,0,1570
03/06/2018,CLT,NC,ASO,ES,Combined TRACON& Tower with Radar,1277,200,67,0,1544,0,0,2,0,2,1277,200,69,0,1546,0,0,0,1546
03/07/2018,CLT,NC,ASO,ES,Combined TRACON& Tower with Radar,1185,188,71,0,1444,0,5,11,0,16,1185,193,82,0,1460,0,0,0,1460
03/08/2018,CLT,NC,ASO,ES,Combined TRACON& Tower with Radar,1265,207,69,4,1545,0,2,17,0,19,1265,209,86,4,1564,0,0,0,1564
03/09/2018,CLT,NC,ASO,ES,Combined TRACON& Tower with Radar,1279,202,48,0,1529,0,3,8,4,15,1279,205,56,4,1544,0,0,0,1544
03/10/2018,CLT,NC,ASO,ES,Combined TRACON& Tower with Radar,1140,183,19,0,1342,0,0,3,0,3,1140,183,22,0,1345,0,0,0,1345
03/11/2018,CLT,NC,ASO,ES,Combined TRACON& Tower with Radar,1220,197,36,0,1453,0,0,0,0,0,1220,197,36,0,1453,0,0,0,1453
03/12/2018,CLT,NC,ASO,ES,Combined TRACON& Tower with Radar,1273,198,52,0,1523,0,0,6,0,6,1273,198,58,0,1529,0,0,0,1529
03/13/2018,CLT,NC,ASO,ES,Combined TRACON& Tower with Radar,1226,185,66,0,1477,0,5,17,0,22,1226,190,83,0,1499,0,0,0,1499
03/14/2018,CLT,NC,ASO,ES,Combined TRACON& Tower with Radar,1281,211,67,2,1561,0,5,13,0,18,1281,216,80,2,1579,0,0,0,1579
03/15/2018,CLT,NC,ASO,ES,Combined TRACON& Tower with Radar,1286,202,72,0,1560,0,2,10,0,12,1286,204,82,0,1572,0,0,0,1572
03/16/2018,CLT,NC,ASO,ES,Combined TRACON& Tower with Radar,1385,212,77,6,1680,0,4,18,3,25,1385,216,95,9,1705,0,0,0,1705
03/17/2018,CLT,NC,ASO,ES,Combined TRACON& Tower with Radar,1158,176,38,0,1372,0,1,13,0,14,1158,177,51,0,1386,0,0,0,1386
03/18/2018,CLT,NC,ASO,ES,Combined TRACON& Tower with Radar,1226,196,43,1,1466,0,1,4,2,7,1226,197,47,3,1473,0,0,0,1473
03/19/2018,CLT,NC,ASO,ES,Combined TRACON& Tower with Radar,1268,222,54,0,1544,0,3,12,0,15,1268,225,66,0,1559,0,0,0,1559
03/20/2018,CLT,NC,ASO,ES,Combined TRACON& Tower with Radar,1237,203,56,0,1496,0,2,3,0,5,1237,205,59,0,1501,0,0,0,1501
03/21/2018,CLT,NC,ASO,ES,Combined TRACON& Tower with Radar,1147,197,60,1,1405,0,2,2,0,4,1147,199,62,1,1409,0,0,0,1409
03/22/2018,CLT,NC,ASO,ES,Combined TRACON& Tower with Radar,1269,205,74,1,1549,0,2,16,0,18,1269,207,90,1,1567,0,0,0,1567
03/23/2018,CLT,NC,ASO,ES,Combined TRACON& Tower with Radar,1309,208,66,0,1583,0,7,32,0,39,1309,215,98,0,1622,0,0,0,1622
03/24/2018,CLT,NC,ASO,ES,Combined TRACON& Tower with Radar,1154,178,19,0,1351,0,0,2,0,2,1154,178,21,0,1353,0,0,0,1353
03/25/2018,CLT,NC,ASO,ES,Combined TRACON& Tower with Radar,1252,183,28,0,1463,0,0,2,0,2,1252,183,30,0,1465,0,0,0,1465
03/26/2018,CLT,NC,ASO,ES,Combined TRACON& Tower with Radar,1282,194,36,0,1512,0,2,14,0,16,1282,196,50,0,1528,0,0,0,1528
03/27/2018,CLT,NC,ASO,ES,Combined TRACON& Tower with Radar,1272,187,67,0,1526,0,3,14,1,18,1272,190,81,1,1544,0,0,0,1544
03/28/2018,CLT,NC,ASO,ES,Combined TRACON& Tower with Radar,1279,202,72,0,1553,0,0,19,0,19,1279,202,91,0,1572,0,0,0,1572
03/29/2018,CLT,NC,ASO,ES,Combined TRACON& Tower with Radar,1287,191,49,2,1529,0,6,11,0,17,1287,197,60,2,1546,0,0,0,1546
03/30/2018,CLT,NC,ASO,ES,Combined TRACON& Tower with Radar,1277,208,43,0,1528,0,5,16,0,21,1277,213,59,0,1549,0,0,0,1549
03/31/2018,CLT,NC,ASO,ES,Combined TRACON& Tower with Radar,1127,174,24,0,1325,0,2,8,0,10,1127,176,32,0,1335,0,0,0,1335
04/01/2018,CLT,NC,ASO,ES,Combined TRACON& Tower with Radar,1211,178,36,0,1425,0,0,3,0,3,1211,178,39,0,1428,0,0,0,1428
04/02/2018,CLT,NC,ASO,ES,Combined TRACON& Tower with Radar,1272,210,51,0,1533,0,6,15,0,21,1272,216,66,0,1554,0,0,0,1554
04/03/2018,CLT,NC,ASO,ES,Combined TRACON& Tower with Radar,1242,208,61,2,1513,0,3,19,0,22,1242,211,80,2,1535,0,0,0,1535
04/04/2018,CLT,NC,ASO,ES,Combined TRACON& Tower with Radar,1252,211,55,1,1519,0,7,14,0,21,1252,218,69,1,1540,0,0,0,1540
04/05/2018,CLT,NC,ASO,ES,Combined TRACON& Tower with Radar,1290,217,70,2,1579,0,4,24,2,30,1290,221,94,4,1609,0,0,0,1609
04/06/2018,CLT,NC,ASO,ES,Combined TRACON& Tower with Radar,1287,227,60,1,1575,0,5,13,1,19,1287,232,73,2,1594,0,0,0,1594
04/07/2018,CLT,NC,ASO,ES,Combined TRACON& Tower with Radar,1191,192,14,5,1402,0,0,0,0,0,1191,192,14,5,1402,0,0,0,1402
04/08/2018,CLT,NC,ASO,ES,Combined TRACON& Tower with Radar,1253,215,40,1,1509,0,1,3,0,4,1253,216,43,1,1513,0,0,0,1513
04/09/2018,CLT,NC,ASO,ES,Combined TRACON& Tower with Radar,1294,211,65,10,1580,0,5,9,0,14,1294,216,74,10,1594,0,0,0,1594
04/10/2018,CLT,NC,ASO,ES,Combined TRACON& Tower with Radar,1256,227,62,4,1549,0,1,19,0,20,1256,228,81,4,1569,0,0,0,1569
04/11/2018,CLT,NC,ASO,ES,Combined TRACON& Tower with Radar,1277,226,69,1,1573,0,7,18,0,25,1277,233,87,1,1598,0,0,0,1598
04/12/2018,CLT,NC,ASO,ES,Combined TRACON& Tower with Radar,1289,231,91,4,1615,0,5,18,0,23,1289,236,109,4,1638,0,0,0,1638
04/13/2018,CLT,NC,ASO,ES,Combined TRACON& Tower with Radar,1299,224,61,0,1584,0,5,18,0,23,1299,229,79,0,1607,0,0,0,1607
04/14/2018,CLT,NC,ASO,ES,Combined TRACON& Tower with Radar,1164,186,14,4,1368,0,0,7,1,8,1164,186,21,5,1376,0,0,0,1376
04/15/2018,CLT,NC,ASO,ES,Combined TRACON& Tower with Radar,1042,140,25,2,1209,0,0,0,0,0,1042,140,25,2,1209,0,0,0,1209
04/16/2018,CLT,NC,ASO,ES,Combined TRACON& Tower with Radar,1265,204,67,1,1537,0,2,20,0,22,1265,206,87,1,1559,0,0,0,1559
04/17/2018,CLT,NC,ASO,ES,Combined TRACON& Tower with Radar,1253,218,82,2,1555,0,4,14,0,18,1253,222,96,2,1573,0,0,0,1573
04/18/2018,CLT,NC,ASO,ES,Combined TRACON& Tower with Radar,1283,207,70,3,1563,0,10,10,0,20,1283,217,80,3,1583,0,0,0,1583
04/19/2018,CLT,NC,ASO,ES,Combined TRACON& Tower with Radar,1301,216,74,4,1595,0,7,15,1,23,1301,223,89,5,1618,0,0,0,1618
04/20/2018,CLT,NC,ASO,ES,Combined TRACON& Tower with Radar,1287,230,61,8,1586,0,2,18,0,20,1287,232,79,8,1606,0,0,0,1606
04/21/2018,CLT,NC,ASO,ES,Combined TRACON& Tower with Radar,1182,187,22,1,1392,0,2,13,1,16,1182,189,35,2,1408,0,0,0,1408
04/22/2018,CLT,NC,ASO,ES,Combined TRACON& Tower with Radar,1260,218,24,5,1507,0,1,9,0,10,1260,219,33,5,1517,0,0,0,1517
04/23/2018,CLT,NC,ASO,ES,Combined TRACON& Tower with Radar,1298,212,56,2,1568,0,0,0,0,0,1298,212,56,2,1568,0,0,0,1568
04/24/2018,CLT,NC,ASO,ES,Combined TRACON& Tower with Radar,1266,211,71,0,1548,0,1,2,0,3,1266,212,73,0,1551,0,0,0,1551
04/25/2018,CLT,NC,ASO,ES,Combined TRACON& Tower with Radar,1272,227,81,2,1582,0,7,5,0,12,1272,234,86,2,1594,0,0,0,1594
04/26/2018,CLT,NC,ASO,ES,Combined TRACON& Tower with Radar,1297,215,79,2,1593,0,3,16,0,19,1297,218,95,2,1612,0,0,0,1612
04/27/2018,CLT,NC,ASO,ES,Combined TRACON& Tower with Radar,1280,216,57,0,1553,0,7,12,0,19,1280,223,69,0,1572,0,0,0,1572
04/28/2018,CLT,NC,ASO,ES,Combined TRACON& Tower with Radar,1170,193,22,2,1387,0,0,13,0,13,1170,193,35,2,1400,0,0,0,1400
04/29/2018,CLT,NC,ASO,ES,Combined TRACON& Tower with Radar,1251,219,46,2,1518,0,0,8,0,8,1251,219,54,2,1526,0,0,0,1526
04/30/2018,CLT,NC,ASO,ES,Combined TRACON& Tower with Radar,1284,236,57,0,1577,0,0,8,0,8,1284,236,65,0,1585,0,0,0,1585
05/01/2018,CLT,NC,ASO,ES,Combined TRACON& Tower with Radar,1255,221,89,0,1565,0,0,23,0,23,1255,221,112,0,1588,0,0,0,1588
05/02/2018,CLT,NC,ASO,ES,Combined TRACON& Tower with Radar,1269,219,91,0,1579,0,4,22,2,28,1269,223,113,2,1607,0,0,0,1607
05/03/2018,CLT,NC,ASO,ES,Combined TRACON& Tower with Radar,1301,218,86,1,1606,0,8,24,0,32,1301,226,110,1,1638,0,0,0,1638
05/04/2018,CLT,NC,ASO,ES,Combined TRACON& Tower with Radar,1266,215,52,1,1534,0,9,16,0,25,1266,224,68,1,1559,0,0,0,1559
05/05/2018,CLT,NC,ASO,ES,Combined TRACON& Tower with Radar,1156,209,26,3,1394,0,0,10,0,10,1156,209,36,3,1404,0,0,0,1404
05/06/2018,CLT,NC,ASO,ES,Combined TRACON& Tower with Radar,1243,239,53,1,1536,0,0,6,0,6,1243,239,59,1,1542,0,0,0,1542
05/07/2018,CLT,NC,ASO,ES,Combined TRACON& Tower with Radar,1283,249,60,2,1594,0,3,22,0,25,1283,252,82,2,1619,0,0,0,1619
05/08/2018,CLT,NC,ASO,ES,Combined TRACON& Tower with Radar,1287,224,72,2,1585,0,4,15,0,19,1287,228,87,2,1604,0,0,0,1604
05/09/2018,CLT,NC,ASO,ES,Combined TRACON& Tower with Radar,1280,222,84,4,1590,0,2,22,0,24,1280,224,106,4,1614,0,0,0,1614
05/10/2018,CLT,NC,ASO,ES,Combined TRACON& Tower with Radar,1263,239,68,0,1570,0,6,12,0,18,1263,245,80,0,1588,0,0,0,1588
05/11/2018,CLT,NC,ASO,ES,Combined TRACON& Tower with Radar,1311,215,48,1,1575,0,7,24,0,31,1311,222,72,1,1606,0,0,0,1606
05/12/2018,CLT,NC,ASO,ES,Combined TRACON& Tower with Radar,1171,202,34,1,1408,0,3,11,0,14,1171,205,45,1,1422,0,0,0,1422
05/13/2018,CLT,NC,ASO,ES,Combined TRACON& Tower with Radar,1230,203,34,3,1470,0,2,7,0,9,1230,205,41,3,1479,0,0,0,1479
05/14/2018,CLT,NC,ASO,ES,Combined TRACON& Tower with Radar,1285,221,69,2,1577,0,4,8,0,12,1285,225,77,2,1589,0,0,0,1589
05/15/2018,CLT,NC,ASO,ES,Combined TRACON& Tower with Radar,1224,197,60,0,1481,0,0,12,0,12,1224,197,72,0,1493,0,0,0,1493
05/16/2018,CLT,NC,ASO,ES,Combined TRACON& Tower with Radar,1272,195,78,1,1546,0,0,2,0,2,1272,195,80,1,1548,0,0,0,1548
05/17/2018,CLT,NC,ASO,ES,Combined TRACON& Tower with Radar,1307,215,81,1,1604,0,3,19,0,22,1307,218,100,1,1626,0,0,0,1626
05/18/2018,CLT,NC,ASO,ES,Combined TRACON& Tower with Radar,1292,218,44,0,1554,0,0,7,0,7,1292,218,51,0,1561,0,0,0,1561
05/19/2018,CLT,NC,ASO,ES,Combined TRACON& Tower with Radar,1173,200,16,2,1391,0,12,12,0,24,1173,212,28,2,1415,0,0,0,1415
05/20/2018,CLT,NC,ASO,ES,Combined TRACON& Tower with Radar,1180,206,38,1,1425,0,0,2,0,2,1180,206,40,1,1427,0,0,0,1427
05/21/2018,CLT,NC,ASO,ES,Combined TRACON& Tower with Radar,1312,232,82,0,1626,0,6,8,0,14,1312,238,90,0,1640,0,0,0,1640
05/22/2018,CLT,NC,ASO,ES,Combined TRACON& Tower with Radar,1284,227,65,0,1576,0,1,13,0,14,1284,228,78,0,1590,0,0,0,1590
05/23/2018,CLT,NC,ASO,ES,Combined TRACON& Tower with Radar,1296,240,87,2,1625,0,10,10,0,20,1296,250,97,2,1645,0,0,0,1645
05/24/2018,CLT,NC,ASO,ES,Combined TRACON& Tower with Radar,1292,224,71,2,1589,0,3,10,0,13,1292,227,81,2,1602,0,0,0,1602
05/25/2018,CLT,NC,ASO,ES,Combined TRACON& Tower with Radar,1288,221,44,0,1553,0,9,13,0,22,1288,230,57,0,1575,0,0,0,1575
05/26/2018,CLT,NC,ASO,ES,Combined TRACON& Tower with Radar,1147,200,20,1,1368,0,4,4,0,8,1147,204,24,1,1376,0,0,0,1376
05/27/2018,CLT,NC,ASO,ES,Combined TRACON& Tower with Radar,1177,210,27,1,1415,0,8,2,3,13,1177,218,29,4,1428,0,0,0,1428
05/28/2018,CLT,NC,ASO,ES,Combined TRACON& Tower with Radar,1246,220,20,1,1487,0,0,3,0,3,1246,220,23,1,1490,0,0,0,1490
05/29/2018,CLT,NC,ASO,ES,Combined TRACON& Tower with Radar,1248,218,51,1,1518,0,5,3,0,8,1248,223,54,1,1526,0,0,0,1526
05/30/2018,CLT,NC,ASO,ES,Combined TRACON& Tower with Radar,1285,238,93,0,1616,0,4,20,0,24,1285,242,113,0,1640,0,0,0,1640
05/31/2018,CLT,NC,ASO,ES,Combined TRACON& Tower with Radar,1162,194,58,0,1414,0,3,7,0,10,1162,197,65,0,1424,0,0,0,1424
06/01/2018,CLT,NC,ASO,ES,Combined TRACON& Tower with Radar,1284,214,53,2,1553,0,6,19,0,25,1284,220,72,2,1578,0,0,0,1578
06/02/2018,CLT,NC,ASO,ES,Combined TRACON& Tower with Radar,1151,192,21,1,1365,0,2,10,0,12,1151,194,31,1,1377,0,0,0,1377
06/03/2018,CLT,NC,ASO,ES,Combined TRACON& Tower with Radar,1221,223,43,2,1489,0,0,4,0,4,1221,223,47,2,1493,0,0,0,1493
06/04/2018,CLT,NC,ASO,ES,Combined TRACON& Tower with Radar,1299,221,77,0,1597,0,4,13,0,17,1299,225,90,0,1614,0,0,0,1614
06/05/2018,CLT,NC,ASO,ES,Combined TRACON& Tower with Radar,1276,226,67,0,1569,0,2,26,0,28,1276,228,93,0,1597,0,0,0,1597
06/06/2018,CLT,NC,ASO,ES,Combined TRACON& Tower with Radar,1289,229,74,0,1592,0,6,27,0,33,1289,235,101,0,1625,0,0,0,1625
06/07/2018,CLT,NC,ASO,ES,Combined TRACON& Tower with Radar,1300,241,88,2,1631,0,3,30,0,33,1300,244,118,2,1664,0,0,0,1664
06/08/2018,CLT,NC,ASO,ES,Combined TRACON& Tower with Radar,1323,239,34,3,1599,0,1,16,0,17,1323,240,50,3,1616,0,0,0,1616
06/09/2018,CLT,NC,ASO,ES,Combined TRACON& Tower with Radar,1179,217,26,2,1424,0,0,5,0,5,1179,217,31,2,1429,0,0,0,1429
06/10/2018,CLT,NC,ASO,ES,Combined TRACON& Tower with Radar,1245,245,36,1,1527,0,6,10,0,16,1245,251,46,1,1543,0,0,0,1543
06/11/2018,CLT,NC,ASO,ES,Combined TRACON& Tower with Radar,1293,220,48,4,1565,0,11,9,0,20,1293,231,57,4,1585,0,0,0,1585
06/12/2018,CLT,NC,ASO,ES,Combined TRACON& Tower with Radar,1316,237,63,2,1618,0,1,7,0,8,1316,238,70,2,1626,0,0,0,1626
06/13/2018,CLT,NC,ASO,ES,Combined TRACON& Tower with Radar,1302,256,76,1,1635,0,8,18,2,28,1302,264,94,3,1663,0,0,0,1663
06/14/2018,CLT,NC,ASO,ES,Combined TRACON& Tower with Radar,1150,213,83,0,1446,0,6,11,0,17,1150,219,94,0,1463,0,0,0,1463
06/15/2018,CLT,NC,ASO,ES,Combined TRACON& Tower with Radar,947,159,67,1,1174,0,7,14,0,21,947,166,81,1,1195,0,0,0,1195
06/16/2018,CLT,NC,ASO,ES,Combined TRACON& Tower with Radar,1125,182,22,0,1329,0,1,3,1,5,1125,183,25,1,1334,0,0,0,1334
06/17/2018,CLT,NC,ASO,ES,Combined TRACON& Tower with Radar,969,168,34,0,1171,0,0,3,0,3,969,168,37,0,1174,0,0,0,1174
06/18/2018,CLT,NC,ASO,ES,Combined TRACON& Tower with Radar,845,153,61,0,1059,0,3,9,0,12,845,156,70,0,1071,0,0,0,1071
06/19/2018,CLT,NC,ASO,ES,Combined TRACON& Tower with Radar,930,158,82,2,1172,0,10,12,0,22,930,168,94,2,1194,0,0,0,1194
06/20/2018,CLT,NC,ASO,ES,Combined TRACON& Tower with Radar,1094,209,88,0,1391,0,6,21,0,27,1094,215,109,0,1418,0,0,0,1418
06/21/2018,CLT,NC,ASO,ES,Combined TRACON& Tower with Radar,1319,235,66,5,1625,0,8,14,0,22,1319,243,80,5,1647,0,0,0,1647
06/22/2018,CLT,NC,ASO,ES,Combined TRACON& Tower with Radar,1300,245,55,0,1600,0,7,15,0,22,1300,252,70,0,1622,0,0,0,1622
06/23/2018,CLT,NC,ASO,ES,Combined TRACON& Tower with Radar,1193,205,31,2,1431,0,0,18,0,18,1193,205,49,2,1449,0,0,0,1449
06/24/2018,CLT,NC,ASO,ES,Combined TRACON& Tower with Radar,1235,234,25,0,1494,0,0,5,0,5,1235,234,30,0,1499,0,0,0,1499
06/25/2018,CLT,NC,ASO,ES,Combined TRACON& Tower with Radar,1297,218,55,0,1570,0,4,14,0,18,1297,222,69,0,1588,0,0,0,1588
06/26/2018,CLT,NC,ASO,ES,Combined TRACON& Tower with Radar,1268,232,71,0,1571,0,1,5,0,6,1268,233,76,0,1577,0,0,0,1577
06/27/2018,CLT,NC,ASO,ES,Combined TRACON& Tower with Radar,1294,251,98,0,1643,0,1,16,0,17,1294,252,114,0,1660,0,0,0,1660
06/28/2018,CLT,NC,ASO,ES,Combined TRACON& Tower with Radar,1314,250,87,3,1654,0,6,19,0,25,1314,256,106,3,1679,0,0,0,1679
06/29/2018,CLT,NC,ASO,ES,Combined TRACON& Tower with Radar,1317,240,61,1,1619,0,2,26,0,28,1317,242,87,1,1647,0,0,0,1647
06/30/2018,CLT,NC,ASO,ES,Combined TRACON& Tower with Radar,1175,207,18,0,1400,0,4,9,0,13,1175,211,27,0,1413,0,0,0,1413
07/01/2018,CLT,NC,ASO,ES,Combined TRACON& Tower with Radar,1227,226,21,1,1475,0,0,6,0,6,1227,226,27,1,1481,0,0,0,1481
07/02/2018,CLT,NC,ASO,ES,Combined TRACON& Tower with Radar,1278,231,25,1,1535,0,7,15,2,24,1278,238,40,3,1559,0,0,0,1559
07/03/2018,CLT,NC,ASO,ES,Combined TRACON& Tower with Radar,1005,166,28,0,1199,0,2,10,0,12,1005,168,38,0,1211,0,0,0,1211
07/04/2018,CLT,NC,ASO,ES,Combined TRACON& Tower with Radar,998,163,14,0,1175,0,0,10,0,10,998,163,24,0,1185,0,0,0,1185
07/05/2018,CLT,NC,ASO,ES,Combined TRACON& Tower with Radar,1282,227,29,0,1538,0,4,15,0,19,1282,231,44,0,1557,0,0,0,1557
07/06/2018,CLT,NC,ASO,ES,Combined TRACON& Tower with Radar,1182,214,40,0,1436,0,1,19,0,20,1182,215,59,0,1456,0,0,0,1456
07/07/2018,CLT,NC,ASO,ES,Combined TRACON& Tower with Radar,1220,219,18,0,1457,0,1,2,0,3,1220,220,20,0,1460,0,0,0,1460
07/08/2018,CLT,NC,ASO,ES,Combined TRACON& Tower with Radar,1258,220,36,1,1515,0,4,5,0,9,1258,224,41,1,1524,0,0,0,1524
07/09/2018,CLT,NC,ASO,ES,Combined TRACON& Tower with Radar,1302,233,53,2,1590,0,6,16,0,22,1302,239,69,2,1612,0,0,0,1612
07/10/2018,CLT,NC,ASO,ES,Combined TRACON& Tower with Radar,1313,235,65,2,1615,0,7,19,0,26,1313,242,84,2,1641,0,0,0,1641
07/11/2018,CLT,NC,ASO,ES,Combined TRACON& Tower with Radar,1323,230,72,2,1627,0,13,23,0,36,1323,243,95,2,1663,0,0,0,1663
07/12/2018,CLT,NC,ASO,ES,Combined TRACON& Tower with Radar,1308,238,56,0,1602,0,2,19,0,21,1308,240,75,0,1623,0,0,0,1623
07/13/2018,CLT,NC,ASO,ES,Combined TRACON& Tower with Radar,1327,239,50,1,1617,0,6,11,0,17,1327,245,61,1,1634,0,0,0,1634
07/14/2018,CLT,NC,ASO,ES,Combined TRACON& Tower with Radar,1198,209,17,0,1424,0,0,5,0,5,1198,209,22,0,1429,0,0,0,1429
07/15/2018,CLT,NC,ASO,ES,Combined TRACON& Tower with Radar,1213,231,29,0,1473,0,0,3,0,3,1213,231,32,0,1476,0,0,0,1476
07/16/2018,CLT,NC,ASO,ES,Combined TRACON& Tower with Radar,1305,227,45,1,1578,0,4,10,0,14,1305,231,55,1,1592,0,0,0,1592
07/17/2018,CLT,NC,ASO,ES,Combined TRACON& Tower with Radar,1284,233,57,1,1575,0,3,22,2,27,1284,236,79,3,1602,0,0,0,1602
07/18/2018,CLT,NC,ASO,ES,Combined TRACON& Tower with Radar,1327,247,81,2,1657,0,6,18,0,24,1327,253,99,2,1681,0,0,0,1681
07/19/2018,CLT,NC,ASO,ES,Combined TRACON& Tower with Radar,1321,249,62,4,1636,0,8,22,0,30,1321,257,84,4,1666,0,0,0,1666
07/20/2018,CLT,NC,ASO,ES,Combined TRACON& Tower with Radar,1311,219,51,4,1585,0,8,14,0,22,1311,227,65,4,1607,0,0,0,1607
07/21/2018,CLT,NC,ASO,ES,Combined TRACON& Tower with Radar,1196,203,24,2,1425,0,0,14,0,14,1196,203,38,2,1439,0,0,0,1439
07/22/2018,CLT,NC,ASO,ES,Combined TRACON& Tower with Radar,1186,211,57,2,1456,0,1,7,0,8,1186,212,64,2,1464,0,0,0,1464
07/23/2018,CLT,NC,ASO,ES,Combined TRACON& Tower with Radar,1208,215,52,0,1475,0,4,6,0,10,1208,219,58,0,1485,0,0,0,1485
07/24/2018,CLT,NC,ASO,ES,Combined TRACON& Tower with Radar,1261,232,77,4,1574,0,10,7,0,17,1261,242,84,4,1591,0,0,0,1591
07/25/2018,CLT,NC,ASO,ES,Combined TRACON& Tower with Radar,1283,219,66,4,1572,0,0,6,0,6,1283,219,72,4,1578,0,0,0,1578
07/26/2018,CLT,NC,ASO,ES,Combined TRACON& Tower with Radar,1297,236,77,3,1613,0,6,33,0,39,1297,242,110,3,1652,0,0,0,1652
07/27/2018,CLT,NC,ASO,ES,Combined TRACON& Tower with Radar,1261,213,46,0,1520,0,8,36,0,44,1261,221,82,0,1564,0,0,0,1564
07/28/2018,CLT,NC,ASO,ES,Combined TRACON& Tower with Radar,1186,204,24,1,1415,0,1,10,0,11,1186,205,34,1,1426,0,0,0,1426
07/29/2018,CLT,NC,ASO,ES,Combined TRACON& Tower with Radar,1237,213,45,0,1495,0,0,9,0,9,1237,213,54,0,1504,0,0,0,1504
07/30/2018,CLT,NC,ASO,ES,Combined TRACON& Tower with Radar,1314,244,42,3,1603,0,7,20,0,27,1314,251,62,3,1630,0,0,0,1630
07/31/2018,CLT,NC,ASO,ES,Combined TRACON& Tower with Radar,1285,232,55,0,1572,0,0,10,0,10,1285,232,65,0,1582,0,0,0,1582
08/01/2018,CLT,NC,ASO,ES,Combined TRACON& Tower with Radar,1270,226,59,2,1557,0,0,4,2,6,1270,226,63,4,1563,0,0,0,1563
08/02/2018,CLT,NC,ASO,ES,Combined TRACON& Tower with Radar,1186,228,33,0,1447,0,3,10,0,13,1186,231,43,0,1460,0,0,0,1460
08/03/2018,CLT,NC,ASO,ES,Combined TRACON& Tower with Radar,1276,230,62,1,1569,0,3,10,0,13,1276,233,72,1,1582,0,0,0,1582
08/04/2018,CLT,NC,ASO,ES,Combined TRACON& Tower with Radar,1172,195,27,3,1397,0,2,5,0,7,1172,197,32,3,1404,0,0,0,1404
08/05/2018,CLT,NC,ASO,ES,Combined TRACON& Tower with Radar,1263,229,35,1,1528,0,1,9,0,10,1263,230,44,1,1538,0,0,0,1538
08/06/2018,CLT,NC,ASO,ES,Combined TRACON& Tower with Radar,1314,225,47,0,1586,0,3,11,0,14,1314,228,58,0,1600,0,0,0,1600
08/07/2018,CLT,NC,ASO,ES,Combined TRACON& Tower with Radar,1285,218,58,2,1563,0,5,21,0,26,1285,223,79,2,1589,0,0,0,1589
08/08/2018,CLT,NC,ASO,ES,Combined TRACON& Tower with Radar,1265,254,58,0,1577,0,4,21,0,25,1265,258,79,0,1602,0,0,0,1602
08/09/2018,CLT,NC,ASO,ES,Combined TRACON& Tower with Radar,1316,252,111,2,1681,0,3,19,3,25,1316,255,130,5,1706,0,0,0,1706
08/10/2018,CLT,NC,ASO,ES,Combined TRACON& Tower with Radar,1303,254,58,1,1616,0,4,7,0,11,1303,258,65,1,1627,0,0,0,1627
08/11/2018,CLT,NC,ASO,ES,Combined TRACON& Tower with Radar,1162,199,24,0,1385,0,0,7,0,7,1162,199,31,0,1392,0,0,0,1392
08/12/2018,CLT,NC,ASO,ES,Combined TRACON& Tower with Radar,1242,236,44,2,1524,0,2,8,0,10,1242,238,52,2,1534,0,0,0,1534
08/13/2018,CLT,NC,ASO,ES,Combined TRACON& Tower with Radar,1284,219,38,0,1541,0,3,7,0,10,1284,222,45,0,1551,0,0,0,1551
08/14/2018,CLT,NC,ASO,ES,Combined TRACON& Tower with Radar,1275,229,69,2,1575,0,6,11,0,17,1275,235,80,2,1592,0,0,0,1592
08/15/2018,CLT,NC,ASO,ES,Combined TRACON& Tower with Radar,1320,246,77,2,1645,0,9,12,0,21,1320,255,89,2,1666,0,0,0,1666
08/16/2018,CLT,NC,ASO,ES,Combined TRACON& Tower with Radar,1319,232,52,4,1607,0,4,26,0,30,1319,236,78,4,1637,0,0,0,1637
08/17/2018,CLT,NC,ASO,ES,Combined TRACON& Tower with Radar,1308,236,52,2,1598,0,7,20,0,27,1308,243,72,2,1625,0,0,0,1625
08/18/2018,CLT,NC,ASO,ES,Combined TRACON& Tower with Radar,1184,200,17,1,1402,0,0,6,0,6,1184,200,23,1,1408,0,0,0,1408
08/19/2018,CLT,NC,ASO,ES,Combined TRACON& Tower with Radar,1258,232,42,2,1534,0,0,7,0,7,1258,232,49,2,1541,0,0,0,1541
08/20/2018,CLT,NC,ASO,ES,Combined TRACON& Tower with Radar,1314,229,38,6,1587,0,1,10,1,12,1314,230,48,7,1599,0,0,0,1599
08/21/2018,CLT,NC,ASO,ES,Combined TRACON& Tower with Radar,1267,230,58,2,1557,0,2,8,0,10,1267,232,66,2,1567,0,0,0,1567
08/22/2018,CLT,NC,ASO,ES,Combined TRACON& Tower with Radar,1311,252,83,2,1648,0,8,19,0,27,1311,260,102,2,1675,0,0,0,1675
08/23/2018,CLT,NC,ASO,ES,Combined TRACON& Tower with Radar,1322,239,86,2,1649,0,6,26,0,32,1322,245,112,2,1681,0,0,0,1681
08/24/2018,CLT,NC,ASO,ES,Combined TRACON& Tower with Radar,1337,234,50,2,1623,0,4,23,0,27,1337,238,73,2,1650,0,0,0,1650
08/25/2018,CLT,NC,ASO,ES,Combined TRACON& Tower with Radar,1120,185,22,1,1328,0,3,12,0,15,1120,188,34,1,1343,0,0,0,1343
08/26/2018,CLT,NC,ASO,ES,Combined TRACON& Tower with Radar,1260,215,28,2,1505,0,1,11,0,12,1260,216,39,2,1517,0,0,0,1517
08/27/2018,CLT,NC,ASO,ES,Combined TRACON& Tower with Radar,1319,238,37,5,1599,0,12,17,1,30,1319,250,54,6,1629,0,0,0,1629
08/28/2018,CLT,NC,ASO,ES,Combined TRACON& Tower with Radar,1275,219,56,5,1555,0,4,21,1,26,1275,223,77,6,1581,0,0,0,1581
08/29/2018,CLT,NC,ASO,ES,Combined TRACON& Tower with Radar,1293,243,51,5,1592,0,5,16,4,25,1293,248,67,9,1617,0,0,0,1617
08/30/2018,CLT,NC,ASO,ES,Combined TRACON& Tower with Radar,1311,216,49,3,1579,0,4,13,0,17,1311,220,62,3,1596,0,0,0,1596
08/31/2018,CLT,NC,ASO,ES,Combined TRACON& Tower with Radar,1291,207,48,3,1549,0,0,15,0,15,1291,207,63,3,1564,0,0,0,1564
09/01/2018,CLT,NC,ASO,ES,Combined TRACON& Tower with Radar,1061,173,69,2,1305,0,1,9,2,12,1061,174,78,4,1317,0,0,0,1317
09/02/2018,CLT,NC,ASO,ES,Combined TRACON& Tower with Radar,954,169,21,0,1144,0,0,10,0,10,954,169,31,0,1154,0,0,0,1154
09/03/2018,CLT,NC,ASO,ES,Combined TRACON& Tower with Radar,1281,220,28,0,1529,0,1,9,0,10,1281,221,37,0,1539,0,0,0,1539
09/04/2018,CLT,NC,ASO,ES,Combined TRACON& Tower with Radar,1260,225,60,1,1546,0,5,9,3,17,1260,230,69,4,1563,0,0,0,1563
09/05/2018,CLT,NC,ASO,ES,Combined TRACON& Tower with Radar,1289,234,61,3,1587,0,5,10,10,25,1289,239,71,13,1612,0,0,0,1612
09/06/2018,CLT,NC,ASO,ES,Combined TRACON& Tower with Radar,1322,241,67,0,1630,0,8,27,0,35,1322,249,94,0,1665,0,0,0,1665
09/07/2018,CLT,NC,ASO,ES,Combined TRACON& Tower with Radar,1329,216,65,5,1615,0,6,24,2,32,1329,222,89,7,1647,0,0,0,1647
09/08/2018,CLT,NC,ASO,ES,Combined TRACON& Tower with Radar,1145,193,30,4,1372,0,0,8,0,8,1145,193,38,4,1380,0,0,0,1380
09/09/2018,CLT,NC,ASO,ES,Combined TRACON& Tower with Radar,1264,216,92,1,1573,0,1,12,0,13,1264,217,104,1,1586,0,0,0,1586
09/10/2018,CLT,NC,ASO,ES,Combined TRACON& Tower with Radar,1342,228,71,1,1642,0,2,1,1,4,1342,230,72,2,1646,0,0,0,1646
09/11/2018,CLT,NC,ASO,ES,Combined TRACON& Tower with Radar,1291,237,62,0,1590,0,2,13,1,16,1291,239,75,1,1606,0,0,0,1606
09/12/2018,CLT,NC,ASO,ES,Combined TRACON& Tower with Radar,1302,230,81,2,1615,0,5,6,1,12,1302,235,87,3,1627,0,0,0,1627
09/13/2018,CLT,NC,ASO,ES,Combined TRACON& Tower with Radar,1232,186,42,0,1460,0,3,9,0,12,1232,189,51,0,1472,0,0,0,1472
09/14/2018,CLT,NC,ASO,ES,Combined TRACON& Tower with Radar,1199,147,12,0,1358,0,0,2,0,2,1199,147,14,0,1360,0,0,0,1360
09/15/2018,CLT,NC,ASO,ES,Combined TRACON& Tower with Radar,747,52,3,0,802,0,0,0,0,0,747,52,3,0,802,0,0,0,802
09/16/2018,CLT,NC,ASO,ES,Combined TRACON& Tower with Radar,909,83,6,0,998,0,0,0,0,0,909,83,6,0,998,0,0,0,998
09/17/2018,CLT,NC,ASO,ES,Combined TRACON& Tower with Radar,1306,212,58,1,1577,0,9,6,6,21,1306,221,64,7,1598,0,0,0,1598
09/18/2018,CLT,NC,ASO,ES,Combined TRACON& Tower with Radar,1253,221,49,2,1525,0,4,23,0,27,1253,225,72,2,1552,0,0,0,1552
09/19/2018,CLT,NC,ASO,ES,Combined TRACON& Tower with Radar,1309,212,72,3,1596,0,9,29,0,38,1309,221,101,3,1634,0,0,0,1634
09/20/2018,CLT,NC,ASO,ES,Combined TRACON& Tower with Radar,1330,216,95,7,1648,0,3,23,4,30,1330,219,118,11,1678,0,0,0,1678
09/21/2018,CLT,NC,ASO,ES,Combined TRACON& Tower with Radar,1331,237,61,4,1633,0,0,12,8,20,1331,237,73,12,1653,0,0,0,1653
09/22/2018,CLT,NC,ASO,ES,Combined TRACON& Tower with Radar,1134,179,41,0,1354,0,3,16,0,19,1134,182,57,0,1373,0,0,0,1373
09/23/2018,CLT,NC,ASO,ES,Combined TRACON& Tower with Radar,1274,214,58,1,1547,0,1,13,0,14,1274,215,71,1,1561,0,0,0,1561
09/24/2018,CLT,NC,ASO,ES,Combined TRACON& Tower with Radar,1338,206,57,0,1601,0,0,4,0,4,1338,206,61,0,1605,0,0,0,1605
09/25/2018,CLT,NC,ASO,ES,Combined TRACON& Tower with Radar,1290,213,59,1,1563,0,6,9,0,15,1290,219,68,1,1578,0,0,0,1578
09/26/2018,CLT,NC,ASO,ES,Combined TRACON& Tower with Radar,1297,216,62,2,1577,0,4,9,0,13,1297,220,71,2,1590,0,0,0,1590
09/27/2018,CLT,NC,ASO,ES,Combined TRACON& Tower with Radar,1324,206,82,0,1612,0,7,10,0,17,1324,213,92,0,1629,0,0,0,1629
09/28/2018,CLT,NC,ASO,ES,Combined TRACON& Tower with Radar,1386,234,56,4,1680,0,5,18,0,23,1386,239,74,4,1703,0,0,0,1703
09/29/2018,CLT,NC,ASO,ES,Combined TRACON& Tower with Radar,1138,186,26,2,1352,0,5,9,0,14,1138,191,35,2,1366,0,0,0,1366
09/30/2018,CLT,NC,ASO,ES,Combined TRACON& Tower with Radar,1276,221,37,5,1539,0,32,7,0,39,1276,253,44,5,1578,0,0,0,1578
10/01/2018,CLT,NC,ASO,ES,Combined TRACON& Tower with Radar,1335,231,48,0,1614,0,4,12,0,16,1335,235,60,0,1630,0,0,0,1630
10/02/2018,CLT,NC,ASO,ES,Combined TRACON& Tower with Radar,1292,211,81,3,1587,0,1,21,0,22,1292,212,102,3,1609,0,0,0,1609
10/03/2018,CLT,NC,ASO,ES,Combined TRACON& Tower with Radar,1315,239,100,2,1656,0,3,31,0,34,1315,242,131,2,1690,0,0,0,1690
10/04/2018,CLT,NC,ASO,ES,Combined TRACON& Tower with Radar,1350,222,108,4,1684,0,5,31,0,36,1350,227,139,4,1720,0,0,0,1720
10/05/2018,CLT,NC,ASO,ES,Combined TRACON& Tower with Radar,1355,237,74,2,1668,0,2,20,0,22,1355,239,94,2,1690,0,0,0,1690
10/06/2018,CLT,NC,ASO,ES,Combined TRACON& Tower with Radar,1137,176,28,1,1342,0,0,12,0,12,1137,176,40,1,1354,0,0,0,1354
10/07/2018,CLT,NC,ASO,ES,Combined TRACON& Tower with Radar,1294,216,60,0,1570,0,1,13,0,14,1294,217,73,0,1584,0,0,0,1584
10/08/2018,CLT,NC,ASO,ES,Combined TRACON& Tower with Radar,1339,221,63,0,1623,0,4,9,0,13,1339,225,72,0,1636,0,0,0,1636
10/09/2018,CLT,NC,ASO,ES,Combined TRACON& Tower with Radar,1283,223,99,2,1607,0,2,4,0,6,1283,225,103,2,1613,0,0,0,1613
10/10/2018,CLT,NC,ASO,ES,Combined TRACON& Tower with Radar,1293,226,85,2,1606,0,0,0,0,0,1293,226,85,2,1606,0,0,0,1606
10/11/2018,CLT,NC,ASO,ES,Combined TRACON& Tower with Radar,1032,121,32,2,1187,0,2,5,0,7,1032,123,37,2,1194,0,0,0,1194
10/12/2018,CLT,NC,ASO,ES,Combined TRACON& Tower with Radar,1329,226,81,1,1637,0,7,23,2,32,1329,233,104,3,1669,0,0,0,1669
10/13/2018,CLT,NC,ASO,ES,Combined TRACON& Tower with Radar,1145,164,34,2,1345,0,0,17,0,17,1145,164,51,2,1362,0,0,0,1362
10/14/2018,CLT,NC,ASO,ES,Combined TRACON& Tower with Radar,1286,205,47,1,1539,0,1,3,0,4,1286,206,50,1,1543,0,0,0,1543
10/15/2018,CLT,NC,ASO,ES,Combined TRACON& Tower with Radar,1350,222,69,4,1645,0,4,1,0,5,1350,226,70,4,1650,0,0,0,1650
10/16/2018,CLT,NC,ASO,ES,Combined TRACON& Tower with Radar,1312,218,75,0,1605,0,6,8,0,14,1312,224,83,0,1619,0,0,0,1619
10/17/2018,CLT,NC,ASO,ES,Combined TRACON& Tower with Radar,1329,237,70,1,1637,0,3,9,0,12,1329,240,79,1,1649,0,0,0,1649
10/18/2018,CLT,NC,ASO,ES,Combined TRACON& Tower with Radar,1344,239,89,5,1677,0,4,19,0,23,1344,243,108,5,1700,0,0,0,1700
10/19/2018,CLT,NC,ASO,ES,Combined TRACON& Tower with Radar,1353,233,71,0,1657,0,3,21,2,26,1353,236,92,2,1683,0,0,0,1683
10/20/2018,CLT,NC,ASO,ES,Combined TRACON& Tower with Radar,1134,158,23,0,1315,0,1,2,0,3,1134,159,25,0,1318,0,0,0,1318
10/21/2018,CLT,NC,ASO,ES,Combined TRACON& Tower with Radar,1279,206,54,0,1539,0,0,6,0,6,1279,206,60,0,1545,0,0,0,1545
10/22/2018,CLT,NC,ASO,ES,Combined TRACON& Tower with Radar,1341,216,69,1,1627,0,0,17,2,19,1341,216,86,3,1646,0,0,0,1646
10/23/2018,CLT,NC,ASO,ES,Combined TRACON& Tower with Radar,1297,215,93,7,1612,0,1,23,1,25,1297,216,116,8,1637,0,0,0,1637
10/24/2018,CLT,NC,ASO,ES,Combined TRACON& Tower with Radar,1327,223,102,7,1659,0,1,15,1,17,1327,224,117,8,1676,0,0,0,1676
10/25/2018,CLT,NC,ASO,ES,Combined TRACON& Tower with Radar,1341,212,73,2,1628,0,7,15,0,22,1341,219,88,2,1650,0,0,0,1650
10/26/2018,CLT,NC,ASO,ES,Combined TRACON& Tower with Radar,1350,208,57,3,1618,0,0,0,0,0,1350,208,57,3,1618,0,0,0,1618
10/27/2018,CLT,NC,ASO,ES,Combined TRACON& Tower with Radar,1152,156,29,5,1342,0,0,7,0,7,1152,156,36,5,1349,0,0,0,1349
10/28/2018,CLT,NC,ASO,ES,Combined TRACON& Tower with Radar,1284,201,67,1,1553,0,1,14,0,15,1284,202,81,1,1568,0,0,0,1568
10/29/2018,CLT,NC,ASO,ES,Combined TRACON& Tower with Radar,1310,238,78,0,1626,0,8,12,0,20,1310,246,90,0,1646,0,0,0,1646
10/30/2018,CLT,NC,ASO,ES,Combined TRACON& Tower with Radar,1285,218,88,6,1597,0,1,17,1,19,1285,219,105,7,1616,0,0,0,1616
10/31/2018,CLT,NC,ASO,ES,Combined TRACON& Tower with Radar,1124,194,55,3,1376,0,2,11,0,13,1124,196,66,3,1389,0,0,0,1389
11/01/2018,CLT,NC,ASO,ES,Combined TRACON& Tower with Radar,1194,192,67,3,1456,0,5,6,0,11,1194,197,73,3,1467,0,0,0,1467
11/02/2018,CLT,NC,ASO,ES,Combined TRACON& Tower with Radar,1323,228,48,6,1605,0,0,4,0,4,1323,228,52,6,1609,0,0,0,1609
11/03/2018,CLT,NC,ASO,ES,Combined TRACON& Tower with Radar,1132,155,24,2,1313,0,1,14,0,15,1132,156,38,2,1328,0,0,0,1328
11/04/2018,CLT,NC,ASO,ES,Combined TRACON& Tower with Radar,1281,219,68,0,1568,0,2,15,1,18,1281,221,83,1,1586,0,0,0,1586
11/05/2018,CLT,NC,ASO,ES,Combined TRACON& Tower with Radar,1336,207,64,5,1612,0,0,0,0,0,1336,207,64,5,1612,0,0,0,1612
11/06/2018,CLT,NC,ASO,ES,Combined TRACON& Tower with Radar,1291,186,61,3,1541,0,8,12,2,22,1291,194,73,5,1563,0,0,0,1563
11/07/2018,CLT,NC,ASO,ES,Combined TRACON& Tower with Radar,1328,220,70,5,1623,0,3,17,1,21,1328,223,87,6,1644,0,0,0,1644
11/08/2018,CLT,NC,ASO,ES,Combined TRACON& Tower with Radar,1344,215,94,4,1657,0,6,20,0,26,1344,221,114,4,1683,0,0,0,1683
11/09/2018,CLT,NC,ASO,ES,Combined TRACON& Tower with Radar,1341,217,65,3,1626,0,0,0,0,0,1341,217,65,3,1626,0,0,0,1626
11/10/2018,CLT,NC,ASO,ES,Combined TRACON& Tower with Radar,1138,178,40,0,1356,0,1,11,0,12,1138,179,51,0,1368,0,0,0,1368
11/11/2018,CLT,NC,ASO,ES,Combined TRACON& Tower with Radar,1275,221,38,0,1534,0,1,9,0,10,1275,222,47,0,1544,0,0,0,1544
11/12/2018,CLT,NC,ASO,ES,Combined TRACON& Tower with Radar,1328,215,49,0,1592,0,0,2,0,2,1328,215,51,0,1594,0,0,0,1594
11/13/2018,CLT,NC,ASO,ES,Combined TRACON& Tower with Radar,1306,220,48,3,1577,0,0,0,0,0,1306,220,48,3,1577,0,0,0,1577
11/14/2018,CLT,NC,ASO,ES,Combined TRACON& Tower with Radar,1317,209,71,2,1599,0,1,9,0,10,1317,210,80,2,1609,0,0,0,1609
11/15/2018,CLT,NC,ASO,ES,Combined TRACON& Tower with Radar,1250,197,57,2,1506,0,0,2,0,2,1250,197,59,2,1508,0,0,0,1508
11/16/2018,CLT,NC,ASO,ES,Combined TRACON& Tower with Radar,1396,222,75,2,1695,0,7,16,0,23,1396,229,91,2,1718,0,0,0,1718
11/17/2018,CLT,NC,ASO,ES,Combined TRACON& Tower with Radar,1204,175,26,5,1410,0,1,5,0,6,1204,176,31,5,1416,0,0,0,1416
11/18/2018,CLT,NC,ASO,ES,Combined TRACON& Tower with Radar,1286,217,31,1,1535,0,1,8,0,9,1286,218,39,1,1544,0,0,0,1544
11/19/2018,CLT,NC,ASO,ES,Combined TRACON& Tower with Radar,1315,226,47,1,1589,0,8,10,0,18,1315,234,57,1,1607,0,0,0,1607
11/20/2018,CLT,NC,ASO,ES,Combined TRACON& Tower with Radar,1275,227,71,4,1577,0,3,15,0,18,1275,230,86,4,1595,0,0,0,1595
11/21/2018,CLT,NC,ASO,ES,Combined TRACON& Tower with Radar,1329,219,54,0,1602,0,8,26,0,34,1329,227,80,0,1636,0,0,0,1636
11/22/2018,CLT,NC,ASO,ES,Combined TRACON& Tower with Radar,604,85,10,0,699,0,0,4,0,4,604,85,14,0,703,0,0,0,703
11/23/2018,CLT,NC,ASO,ES,Combined TRACON& Tower with Radar,1151,186,17,0,1354,0,0,9,0,9,1151,186,26,0,1363,0,0,0,1363
11/24/2018,CLT,NC,ASO,ES,Combined TRACON& Tower with Radar,1270,208,24,0,1502,0,0,0,0,0,1270,208,24,0,1502,0,0,0,1502
11/25/2018,CLT,NC,ASO,ES,Combined TRACON& Tower with Radar,1404,226,62,0,1692,0,0,9,0,9,1404,226,71,0,1701,0,0,0,1701
11/26/2018,CLT,NC,ASO,ES,Combined TRACON& Tower with Radar,1378,227,53,2,1660,0,2,5,1,8,1378,229,58,3,1668,0,0,0,1668
11/27/2018,CLT,NC,ASO,ES,Combined TRACON& Tower with Radar,1333,231,87,0,1651,0,4,14,2,20,1333,235,101,2,1671,0,0,0,1671
11/28/2018,CLT,NC,ASO,ES,Combined TRACON& Tower with Radar,1053,169,74,2,1298,0,6,18,0,24,1053,175,92,2,1322,0,0,0,1322
11/29/2018,CLT,NC,ASO,ES,Combined TRACON& Tower with Radar,1335,226,83,0,1644,0,2,15,0,17,1335,228,98,0,1661,0,0,0,1661
11/30/2018,CLT,NC,ASO,ES,Combined TRACON& Tower with Radar,1333,225,78,2,1638,0,1,16,0,17,1333,226,94,2,1655,0,0,0,1655
12/01/2018,CLT,NC,ASO,ES,Combined TRACON& Tower with Radar,1143,158,24,2,1327,0,0,5,2,7,1143,158,29,4,1334,0,0,0,1334
12/02/2018,CLT,NC,ASO,ES,Combined TRACON& Tower with Radar,1288,218,42,1,1549,0,0,0,0,0,1288,218,42,1,1549,0,0,0,1549
12/03/2018,CLT,NC,ASO,ES,Combined TRACON& Tower with Radar,1169,185,68,2,1424,0,0,7,2,9,1169,185,75,4,1433,0,0,0,1433
12/04/2018,CLT,NC,ASO,ES,Combined TRACON& Tower with Radar,1141,193,73,2,1409,0,2,21,2,25,1141,195,94,4,1434,0,0,0,1434
12/05/2018,CLT,NC,ASO,ES,Combined TRACON& Tower with Radar,1316,217,70,0,1603,0,10,16,0,26,1316,227,86,0,1629,0,0,0,1629
12/06/2018,CLT,NC,ASO,ES,Combined TRACON& Tower with Radar,1341,229,74,2,1646,0,1,13,0,14,1341,230,87,2,1660,0,0,0,1660
12/07/2018,CLT,NC,ASO,ES,Combined TRACON& Tower with Radar,1328,230,75,4,1637,0,6,15,0,21,1328,236,90,4,1658,0,0,0,1658
12/08/2018,CLT,NC,ASO,ES,Combined TRACON& Tower with Radar,944,116,45,3,1108,0,1,1,0,2,944,117,46,3,1110,0,0,0,1110
12/09/2018,CLT,NC,ASO,ES,Combined TRACON& Tower with Radar,206,11,12,0,229,0,0,0,0,0,206,11,12,0,229,0,0,0,229
12/10/2018,CLT,NC,ASO,ES,Combined TRACON& Tower with Radar,870,137,34,2,1043,0,0,11,0,11,870,137,45,2,1054,0,0,0,1054
12/11/2018,CLT,NC,ASO,ES,Combined TRACON& Tower with Radar,1159,187,70,0,1416,0,3,17,0,20,1159,190,87,0,1436,0,0,0,1436
12/12/2018,CLT,NC,ASO,ES,Combined TRACON& Tower with Radar,1335,242,87,2,1666,0,7,28,0,35,1335,249,115,2,1701,0,0,0,1701
12/13/2018,CLT,NC,ASO,ES,Combined TRACON& Tower with Radar,1351,234,98,2,1685,0,4,22,2,28,1351,238,120,4,1713,0,0,0,1713
12/14/2018,CLT,NC,ASO,ES,Combined TRACON& Tower with Radar,1336,208,57,2,1603,0,0,2,0,2,1336,208,59,2,1605,0,0,0,1605
12/15/2018,CLT,NC,ASO,ES,Combined TRACON& Tower with Radar,1077,152,34,1,1264,0,0,3,0,3,1077,152,37,1,1267,0,0,0,1267
12/16/2018,CLT,NC,ASO,ES,Combined TRACON& Tower with Radar,1179,179,29,1,1388,0,0,3,0,3,1179,179,32,1,1391,0,0,0,1391
12/17/2018,CLT,NC,ASO,ES,Combined TRACON& Tower with Radar,1165,203,71,4,1443,0,7,21,0,28,1165,210,92,4,1471,0,0,0,1471
12/18/2018,CLT,NC,ASO,ES,Combined TRACON& Tower with Radar,1165,211,79,7,1462,0,4,15,0,19,1165,215,94,7,1481,0,0,0,1481
12/19/2018,CLT,NC,ASO,ES,Combined TRACON& Tower with Radar,1349,239,54,2,1644,0,7,17,0,24,1349,246,71,2,1668,0,0,0,1668
12/20/2018,CLT,NC,ASO,ES,Combined TRACON& Tower with Radar,1363,223,41,2,1629,0,0,0,0,0,1363,223,41,2,1629,0,0,0,1629
12/21/2018,CLT,NC,ASO,ES,Combined TRACON& Tower with Radar,1344,216,51,5,1616,0,0,0,0,0,1344,216,51,5,1616,0,0,0,1616
12/22/2018,CLT,NC,ASO,ES,Combined TRACON& Tower with Radar,1252,225,35,0,1512,0,0,10,0,10,1252,225,45,0,1522,0,0,0,1522
12/23/2018,CLT,NC,ASO,ES,Combined TRACON& Tower with Radar,1313,237,43,0,1593,0,4,10,0,14,1313,241,53,0,1607,0,0,0,1607
12/24/2018,CLT,NC,ASO,ES,Combined TRACON& Tower with Radar,952,169,10,0,1131,0,1,7,0,8,952,170,17,0,1139,0,0,0,1139
12/25/2018,CLT,NC,ASO,ES,Combined TRACON& Tower with Radar,973,142,12,0,1127,0,1,2,0,3,973,143,14,0,1130,0,0,0,1130
12/26/2018,CLT,NC,ASO,ES,Combined TRACON& Tower with Radar,1311,231,39,0,1581,0,5,16,0,21,1311,236,55,0,1602,0,0,0,1602
12/27/2018,CLT,NC,ASO,ES,Combined TRACON& Tower with Radar,1318,215,29,1,1563,0,1,13,0,14,1318,216,42,1,1577,0,0,0,1577
12/28/2018,CLT,NC,ASO,ES,Combined TRACON& Tower with Radar,1298,198,33,1,1530,0,0,0,0,0,1298,198,33,1,1530,0,0,0,1530
12/29/2018,CLT,NC,ASO,ES,Combined TRACON& Tower with Radar,1270,230,31,1,1532,0,0,9,0,9,1270,230,40,1,1541,0,0,0,1541
12/30/2018,CLT,NC,ASO,ES,Combined TRACON& Tower with Radar,1297,219,16,0,1532,0,0,1,0,1,1297,219,17,0,1533,0,0,0,1533
12/31/2018,CLT,NC,ASO,ES,Combined TRACON& Tower with Radar,1123,156,16,0,1295,0,0,0,0,0,1123,156,16,0,1295,0,0,0,1295
01/01/2019,CLT,NC,ASO,ES,Combined TRACON& Tower with Radar,1200,208,17,0,1425,0,0,12,0,12,1200,208,29,0,1437,0,0,0,1437
01/02/2019,CLT,NC,ASO,ES,Combined TRACON& Tower with Radar,1362,227,45,2,1636,0,1,15,0,16,1362,228,60,2,1652,0,0,0,1652
01/03/2019,CLT,NC,ASO,ES,Combined TRACON& Tower with Radar,1324,216,57,4,1601,0,0,2,0,2,1324,216,59,4,1603,0,0,0,1603
01/04/2019,CLT,NC,ASO,ES,Combined TRACON& Tower with Radar,1325,233,58,1,1617,0,0,2,0,2,1325,233,60,1,1619,0,0,0,1619
01/05/2019,CLT,NC,ASO,ES,Combined TRACON& Tower with Radar,1214,213,14,0,1441,0,0,5,0,5,1214,213,19,0,1446,0,0,0,1446
01/06/2019,CLT,NC,ASO,ES,Combined TRACON& Tower with Radar,1261,194,22,0,1477,0,0,4,0,4,1261,194,26,0,1481,0,0,0,1481
01/07/2019,CLT,NC,ASO,ES,Combined TRACON& Tower with Radar,1298,186,54,1,1539,0,9,7,0,16,1298,195,61,1,1555,0,0,0,1555
01/08/2019,CLT,NC,ASO,ES,Combined TRACON& Tower with Radar,1170,174,62,3,1409,0,2,23,1,26,1170,176,85,4,1435,0,0,0,1435
01/09/2019,CLT,NC,ASO,ES,Combined TRACON& Tower with Radar,1329,205,54,3,1591,0,4,16,0,20,1329,209,70,3,1611,0,0,0,1611
01/10/2019,CLT,NC,ASO,ES,Combined TRACON& Tower with Radar,1339,197,68,0,1604,0,5,14,0,19,1339,202,82,0,1623,0,0,0,1623
01/11/2019,CLT,NC,ASO,ES,Combined TRACON& Tower with Radar,1335,196,43,5,1579,0,6,12,0,18,1335,202,55,5,1597,0,0,0,1597
01/12/2019,CLT,NC,ASO,ES,Combined TRACON& Tower with Radar,1114,164,18,3,1299,0,0,2,0,2,1114,164,20,3,1301,0,0,0,1301
01/13/2019,CLT,NC,ASO,ES,Combined TRACON& Tower with Radar,1166,168,19,2,1355,0,0,0,0,0,1166,168,19,2,1355,0,0,0,1355
01/14/2019,CLT,NC,ASO,ES,Combined TRACON& Tower with Radar,1292,200,38,1,1531,0,4,9,0,13,1292,204,47,1,1544,0,0,0,1544
01/15/2019,CLT,NC,ASO,ES,Combined TRACON& Tower with Radar,1172,176,43,4,1395,0,1,10,0,11,1172,177,53,4,1406,0,0,0,1406
01/16/2019,CLT,NC,ASO,ES,Combined TRACON& Tower with Radar,1339,210,54,4,1607,0,7,31,0,38,1339,217,85,4,1645,0,0,0,1645
01/17/2019,CLT,NC,ASO,ES,Combined TRACON& Tower with Radar,1338,209,51,3,1601,0,4,16,0,20,1338,213,67,3,1621,0,0,0,1621
01/18/2019,CLT,NC,ASO,ES,Combined TRACON& Tower with Radar,1321,200,52,0,1573,0,2,4,0,6,1321,202,56,0,1579,0,0,0,1579
01/19/2019,CLT,NC,ASO,ES,Combined TRACON& Tower with Radar,1078,168,31,0,1277,0,0,0,0,0,1078,168,31,0,1277,0,0,0,1277
01/20/2019,CLT,NC,ASO,ES,Combined TRACON& Tower with Radar,1017,157,25,0,1199,0,0,1,0,1,1017,157,26,0,1200,0,0,0,1200
01/21/2019,CLT,NC,ASO,ES,Combined TRACON& Tower with Radar,1176,174,43,0,1393,0,1,16,0,17,1176,175,59,0,1410,0,0,0,1410
01/22/2019,CLT,NC,ASO,ES,Combined TRACON& Tower with Radar,1167,184,72,3,1426,0,4,19,0,23,1167,188,91,3,1449,0,0,0,1449
01/23/2019,CLT,NC,ASO,ES,Combined TRACON& Tower with Radar,1284,193,75,2,1554,0,5,14,0,19,1284,198,89,2,1573,0,0,0,1573
01/24/2019,CLT,NC,ASO,ES,Combined TRACON& Tower with Radar,1329,219,61,0,1609,0,8,13,3,24,1329,227,74,3,1633,0,0,0,1633
01/25/2019,CLT,NC,ASO,ES,Combined TRACON& Tower with Radar,1313,199,58,0,1570,0,5,18,0,23,1313,204,76,0,1593,0,0,0,1593
01/26/2019,CLT,NC,ASO,ES,Combined TRACON& Tower with Radar,1128,174,21,1,1324,0,0,8,0,8,1128,174,29,1,1332,0,0,0,1332
01/27/2019,CLT,NC,ASO,ES,Combined TRACON& Tower with Radar,1190,196,26,1,1413,0,0,9,0,9,1190,196,35,1,1422,0,0,0,1422
01/28/2019,CLT,NC,ASO,ES,Combined TRACON& Tower with Radar,1275,201,38,2,1516,0,7,9,0,16,1275,208,47,2,1532,0,0,0,1532
01/29/2019,CLT,NC,ASO,ES,Combined TRACON& Tower with Radar,1165,174,46,2,1387,0,2,14,0,16,1165,176,60,2,1403,0,0,0,1403
01/30/2019,CLT,NC,ASO,ES,Combined TRACON& Tower with Radar,1279,224,57,4,1564,0,3,25,0,28,1279,227,82,4,1592,0,0,0,1592
01/31/2019,CLT,NC,ASO,ES,Combined TRACON& Tower with Radar,1306,218,70,3,1597,0,6,25,0,31,1306,224,95,3,1628,0,0,0,1628
02/01/2019,CLT,NC,ASO,ES,Combined TRACON& Tower with Radar,1335,205,68,1,1609,0,10,15,0,25,1335,215,83,1,1634,0,0,0,1634
02/02/2019,CLT,NC,ASO,ES,Combined TRACON& Tower with Radar,1120,172,24,0,1316,0,0,15,0,15,1120,172,39,0,1331,0,0,0,1331
02/03/2019,CLT,NC,ASO,ES,Combined TRACON& Tower with Radar,1165,178,15,3,1361,0,2,5,0,7,1165,180,20,3,1368,0,0,0,1368
02/04/2019,CLT,NC,ASO,ES,Combined TRACON& Tower with Radar,1289,202,48,1,1540,0,9,7,0,16,1289,211,55,1,1556,0,0,0,1556
02/05/2019,CLT,NC,ASO,ES,Combined TRACON& Tower with Radar,1159,183,84,3,1429,0,8,24,0,32,1159,191,108,3,1461,0,0,0,1461
02/06/2019,CLT,NC,ASO,ES,Combined TRACON& Tower with Radar,1304,204,84,3,1595,0,2,12,1,15,1304,206,96,4,1610,0,0,0,1610
02/07/2019,CLT,NC,ASO,ES,Combined TRACON& Tower with Radar,1325,194,61,2,1582,0,6,16,0,22,1325,200,77,2,1604,0,0,0,1604
02/08/2019,CLT,NC,ASO,ES,Combined TRACON& Tower with Radar,1324,207,59,1,1591,0,7,15,0,22,1324,214,74,1,1613,0,0,0,1613
02/09/2019,CLT,NC,ASO,ES,Combined TRACON& Tower with Radar,1127,173,21,0,1321,0,2,8,0,10,1127,175,29,0,1331,0,0,0,1331
02/10/2019,CLT,NC,ASO,ES,Combined TRACON& Tower with Radar,1185,188,33,5,1411,0,0,2,0,2,1185,188,35,5,1413,0,0,0,1413
02/11/2019,CLT,NC,ASO,ES,Combined TRACON& Tower with Radar,1291,195,40,2,1528,0,0,0,0,0,1291,195,40,2,1528,0,0,0,1528
02/12/2019,CLT,NC,ASO,ES,Combined TRACON& Tower with Radar,1130,162,52,0,1344,0,0,0,0,0,1130,162,52,0,1344,0,0,0,1344
02/13/2019,CLT,NC,ASO,ES,Combined TRACON& Tower with Radar,1319,202,79,3,1603,0,2,15,0,17,1319,204,94,3,1620,0,0,0,1620
02/14/2019,CLT,NC,ASO,ES,Combined TRACON& Tower with Radar,1351,242,100,0,1693,0,5,24,0,29,1351,247,124,0,1722,0,0,0,1722
02/15/2019,CLT,NC,ASO,ES,Combined TRACON& Tower with Radar,1343,252,81,2,1678,0,7,20,0,27,1343,259,101,2,1705,0,0,0,1705
02/16/2019,CLT,NC,ASO,ES,Combined TRACON& Tower with Radar,1182,225,36,1,1444,0,1,15,0,16,1182,226,51,1,1460,0,0,0,1460
02/17/2019,CLT,NC,ASO,ES,Combined TRACON& Tower with Radar,1226,248,50,1,1525,0,1,9,0,10,1226,249,59,1,1535,0,0,0,1535
02/18/2019,CLT,NC,ASO,ES,Combined TRACON& Tower with Radar,1319,253,100,1,1673,0,2,6,0,8,1319,255,106,1,1681,0,0,0,1681
02/19/2019,CLT,NC,ASO,ES,Combined TRACON& Tower with Radar,1280,197,67,3,1547,0,0,5,0,5,1280,197,72,3,1552,0,0,0,1552
02/20/2019,CLT,NC,ASO,ES,Combined TRACON& Tower with Radar,1275,202,56,0,1533,0,0,0,0,0,1275,202,56,0,1533,0,0,0,1533
02/21/2019,CLT,NC,ASO,ES,Combined TRACON& Tower with Radar,1301,187,98,0,1586,0,0,6,0,6,1301,187,104,0,1592,0,0,0,1592
02/22/2019,CLT,NC,ASO,ES,Combined TRACON& Tower with Radar,1314,203,68,4,1589,0,0,0,0,0,1314,203,68,4,1589,0,0,0,1589
02/23/2019,CLT,NC,ASO,ES,Combined TRACON& Tower with Radar,1166,196,20,0,1382,0,0,0,0,0,1166,196,20,0,1382,0,0,0,1382
02/24/2019,CLT,NC,ASO,ES,Combined TRACON& Tower with Radar,1248,173,34,1,1456,0,2,6,0,8,1248,175,40,1,1464,0,0,0,1464
02/25/2019,CLT,NC,ASO,ES,Combined TRACON& Tower with Radar,1285,203,54,1,1543,0,4,15,0,19,1285,207,69,1,1562,0,0,0,1562
02/26/2019,CLT,NC,ASO,ES,Combined TRACON& Tower with Radar,1325,216,81,5,1627,0,4,19,0,23,1325,220,100,5,1650,0,0,0,1650
02/27/2019,CLT,NC,ASO,ES,Combined TRACON& Tower with Radar,1337,234,73,4,1648,0,5,12,0,17,1337,239,85,4,1665,0,0,0,1665
02/28/2019,CLT,NC,ASO,ES,Combined TRACON& Tower with Radar,1355,207,102,2,1666,0,5,3,0,8,1355,212,105,2,1674,0,0,0,1674
03/01/2019,CLT,NC,ASO,ES,Combined TRACON& Tower with Radar,1326,200,49,1,1576,0,0,0,0,0,1326,200,49,1,1576,0,0,0,1576
03/02/2019,CLT,NC,ASO,ES,Combined TRACON& Tower with Radar,1204,192,41,0,1437,0,0,9,0,9,1204,192,50,0,1446,0,0,0,1446
03/03/2019,CLT,NC,ASO,ES,Combined TRACON& Tower with Radar,1265,182,42,0,1489,0,0,2,0,2,1265,182,44,0,1491,0,0,0,1491
03/04/2019,CLT,NC,ASO,ES,Combined TRACON& Tower with Radar,1315,209,61,4,1589,0,0,24,0,24,1315,209,85,4,1613,0,0,0,1613
03/05/2019,CLT,NC,ASO,ES,Combined TRACON& Tower with Radar,1328,195,68,4,1595,0,4,23,0,27,1328,199,91,4,1622,0,0,0,1622
03/06/2019,CLT,NC,ASO,ES,Combined TRACON& Tower with Radar,1346,208,86,3,1643,0,8,14,0,22,1346,216,100,3,1665,0,0,0,1665
03/07/2019,CLT,NC,ASO,ES,Combined TRACON& Tower with Radar,1347,206,94,2,1649,0,5,21,1,27,1347,211,115,3,1676,0,0,0,1676
03/08/2019,CLT,NC,ASO,ES,Combined TRACON& Tower with Radar,1353,189,60,8,1610,0,2,5,2,9,1353,191,65,10,1619,0,0,0,1619
03/09/2019,CLT,NC,ASO,ES,Combined TRACON& Tower with Radar,1209,181,26,1,1417,0,0,0,0,0,1209,181,26,1,1417,0,0,0,1417
03/10/2019,CLT,NC,ASO,ES,Combined TRACON& Tower with Radar,1296,201,40,4,1541,0,0,1,3,4,1296,201,41,7,1545,0,0,0,1545
03/11/2019,CLT,NC,ASO,ES,Combined TRACON& Tower with Radar,1333,223,76,0,1632,0,6,7,0,13,1333,229,83,0,1645,0,0,0,1645
03/12/2019,CLT,NC,ASO,ES,Combined TRACON& Tower with Radar,1308,221,83,5,1617,0,8,16,0,24,1308,229,99,5,1641,0,0,0,1641
03/13/2019,CLT,NC,ASO,ES,Combined TRACON& Tower with Radar,1319,223,91,3,1636,0,7,22,0,29,1319,230,113,3,1665,0,0,0,1665
03/14/2019,CLT,NC,ASO,ES,Combined TRACON& Tower with Radar,1335,247,89,2,1673,0,6,19,0,25,1335,253,108,2,1698,0,0,0,1698
03/15/2019,CLT,NC,ASO,ES,Combined TRACON& Tower with Radar,1344,235,57,2,1638,0,1,12,0,13,1344,236,69,2,1651,0,0,0,1651
03/16/2019,CLT,NC,ASO,ES,Combined TRACON& Tower with Radar,1206,206,55,0,1467,0,2,21,0,23,1206,208,76,0,1490,0,0,0,1490
03/17/2019,CLT,NC,ASO,ES,Combined TRACON& Tower with Radar,1310,212,47,1,1570,0,1,5,0,6,1310,213,52,1,1576,0,0,0,1576
03/18/2019,CLT,NC,ASO,ES,Combined TRACON& Tower with Radar,1331,216,55,2,1604,0,5,22,0,27,1331,221,77,2,1631,0,0,0,1631
03/19/2019,CLT,NC,ASO,ES,Combined TRACON& Tower with Radar,1306,211,68,2,1587,0,7,27,0,34,1306,218,95,2,1621,0,0,0,1621
03/20/2019,CLT,NC,ASO,ES,Combined TRACON& Tower with Radar,1353,206,89,3,1651,0,4,26,0,30,1353,210,115,3,1681,0,0,0,1681
03/21/2019,CLT,NC,ASO,ES,Combined TRACON& Tower with Radar,1352,208,96,2,1658,0,2,13,0,15,1352,210,109,2,1673,0,0,0,1673
03/22/2019,CLT,NC,ASO,ES,Combined TRACON& Tower with Radar,1351,195,68,4,1618,0,8,10,0,18,1351,203,78,4,1636,0,0,0,1636
03/23/2019,CLT,NC,ASO,ES,Combined TRACON& Tower with Radar,1216,203,40,0,1459,0,0,10,1,11,1216,203,50,1,1470,0,0,0,1470
03/24/2019,CLT,NC,ASO,ES,Combined TRACON& Tower with Radar,1299,205,34,3,1541,0,0,1,0,1,1299,205,35,3,1542,0,0,0,1542
03/25/2019,CLT,NC,ASO,ES,Combined TRACON& Tower with Radar,1339,207,71,3,1620,0,9,9,0,18,1339,216,80,3,1638,0,0,0,1638
03/26/2019,CLT,NC,ASO,ES,Combined TRACON& Tower with Radar,1312,212,82,2,1608,0,5,11,0,16,1312,217,93,2,1624,0,0,0,1624
03/27/2019,CLT,NC,ASO,ES,Combined TRACON& Tower with Radar,1330,228,88,2,1648,0,5,15,0,20,1330,233,103,2,1668,0,0,0,1668
03/28/2019,CLT,NC,ASO,ES,Combined TRACON& Tower with Radar,1345,212,66,4,1627,0,3,14,2,19,1345,215,80,6,1646,0,0,0,1646
03/29/2019,CLT,NC,ASO,ES,Combined TRACON& Tower with Radar,1352,194,65,3,1614,0,7,14,0,21,1352,201,79,3,1635,0,0,0,1635
03/30/2019,CLT,NC,ASO,ES,Combined TRACON& Tower with Radar,1201,190,38,1,1430,0,0,5,0,5,1201,190,43,1,1435,0,0,0,1435
03/31/2019,CLT,NC,ASO,ES,Combined TRACON& Tower with Radar,1314,207,36,2,1559,0,2,9,0,11,1314,209,45,2,1570,0,0,0,1570
04/01/2019,CLT,NC,ASO,ES,Combined TRACON& Tower with Radar,1341,204,57,1,1603,0,6,17,1,24,1341,210,74,2,1627,0,0,0,1627
04/02/2019,CLT,NC,ASO,ES,Combined TRACON& Tower with Radar,1334,208,62,4,1608,0,4,12,0,16,1334,212,74,4,1624,0,0,0,1624
04/03/2019,CLT,NC,ASO,ES,Combined TRACON& Tower with Radar,1356,219,67,2,1644,0,0,18,0,18,1356,219,85,2,1662,0,0,0,1662
04/04/2019,CLT,NC,ASO,ES,Combined TRACON& Tower with Radar,1372,220,76,3,1671,0,5,27,0,32,1372,225,103,3,1703,0,0,0,1703
04/05/2019,CLT,NC,ASO,ES,Combined TRACON& Tower with Radar,1387,208,70,1,1666,0,1,0,0,1,1387,209,70,1,1667,0,0,0,1667
04/06/2019,CLT,NC,ASO,ES,Combined TRACON& Tower with Radar,1240,179,30,2,1451,0,0,17,0,17,1240,179,47,2,1468,0,0,0,1468
04/07/2019,CLT,NC,ASO,ES,Combined TRACON& Tower with Radar,1305,202,38,3,1548,0,1,11,0,12,1305,203,49,3,1560,0,0,0,1560
04/08/2019,CLT,NC,ASO,ES,Combined TRACON& Tower with Radar,1167,164,57,3,1391,0,0,2,0,2,1167,164,59,3,1393,0,0,0,1393
04/09/2019,CLT,NC,ASO,ES,Combined TRACON& Tower with Radar,1335,193,72,3,1603,0,1,9,0,10,1335,194,81,3,1613,0,0,0,1613
04/10/2019,CLT,NC,ASO,ES,Combined TRACON& Tower with Radar,1365,217,71,4,1657,0,3,20,0,23,1365,220,91,4,1680,0,0,0,1680
04/11/2019,CLT,NC,ASO,ES,Combined TRACON& Tower with Radar,1370,211,76,2,1659,0,6,15,0,21,1370,217,91,2,1680,0,0,0,1680
04/12/2019,CLT,NC,ASO,ES,Combined TRACON& Tower with Radar,1325,201,50,2,1578,0,0,6,0,6,1325,201,56,2,1584,0,0,0,1584
04/13/2019,CLT,NC,ASO,ES,Combined TRACON& Tower with Radar,1192,177,38,0,1407,0,0,6,0,6,1192,177,44,0,1413,0,0,0,1413
04/14/2019,CLT,NC,ASO,ES,Combined TRACON& Tower with Radar,1192,186,33,1,1412,0,0,0,0,0,1192,186,33,1,1412,0,0,0,1412
04/15/2019,CLT,NC,ASO,ES,Combined TRACON& Tower with Radar,1338,198,52,3,1591,0,10,10,0,20,1338,208,62,3,1611,0,0,0,1611
04/16/2019,CLT,NC,ASO,ES,Combined TRACON& Tower with Radar,1341,203,75,4,1623,0,4,23,0,27,1341,207,98,4,1650,0,0,0,1650
04/17/2019,CLT,NC,ASO,ES,Combined TRACON& Tower with Radar,1354,203,81,2,1640,0,3,17,1,21,1354,206,98,3,1661,0,0,0,1661
04/18/2019,CLT,NC,ASO,ES,Combined TRACON& Tower with Radar,1385,198,64,3,1650,0,5,22,0,27,1385,203,86,3,1677,0,0,0,1677
04/19/2019,CLT,NC,ASO,ES,Combined TRACON& Tower with Radar,1094,116,24,0,1234,0,0,5,0,5,1094,116,29,0,1239,0,0,0,1239
04/20/2019,CLT,NC,ASO,ES,Combined TRACON& Tower with Radar,1249,194,18,0,1461,0,2,10,0,12,1249,196,28,0,1473,0,0,0,1473
04/21/2019,CLT,NC,ASO,ES,Combined TRACON& Tower with Radar,1315,187,17,0,1519,0,4,11,0,15,1315,191,28,0,1534,0,0,0,1534
04/22/2019,CLT,NC,ASO,ES,Combined TRACON& Tower with Radar,1365,214,80,0,1659,0,2,16,0,18,1365,216,96,0,1677,0,0,0,1677
04/23/2019,CLT,NC,ASO,ES,Combined TRACON& Tower with Radar,1341,208,48,3,1600,0,6,16,0,22,1341,214,64,3,1622,0,0,0,1622
04/24/2019,CLT,NC,ASO,ES,Combined TRACON& Tower with Radar,1343,221,93,2,1659,0,5,20,0,25,1343,226,113,2,1684,0,0,0,1684
04/25/2019,CLT,NC,ASO,ES,Combined TRACON& Tower with Radar,1360,203,102,2,1667,0,7,12,2,21,1360,210,114,4,1688,0,0,0,1688
04/26/2019,CLT,NC,ASO,ES,Combined TRACON& Tower with Radar,1336,183,64,5,1588,0,2,12,0,14,1336,185,76,5,1602,0,0,0,1602
04/27/2019,CLT,NC,ASO,ES,Combined TRACON& Tower with Radar,1242,191,23,0,1456,0,0,10,0,10,1242,191,33,0,1466,0,0,0,1466
04/28/2019,CLT,NC,ASO,ES,Combined TRACON& Tower with Radar,1311,199,49,1,1560,0,1,11,0,12,1311,200,60,1,1572,0,0,0,1572
04/29/2019,CLT,NC,ASO,ES,Combined TRACON& Tower with Radar,1366,218,89,1,1674,0,2,11,0,13,1366,220,100,1,1687,0,0,0,1687
04/30/2019,CLT,NC,ASO,ES,Combined TRACON& Tower with Radar,1333,218,103,5,1659,0,6,19,0,25,1333,224,122,5,1684,0,0,0,1684
05/01/2019,CLT,NC,ASO,ES,Combined TRACON& Tower with Radar,1356,205,101,2,1664,0,4,7,0,11,1356,209,108,2,1675,0,0,0,1675
05/02/2019,CLT,NC,ASO,ES,Combined TRACON& Tower with Radar,1348,226,98,4,1676,0,5,19,0,24,1348,231,117,4,1700,0,0,0,1700
05/03/2019,CLT,NC,ASO,ES,Combined TRACON& Tower with Radar,1330,233,66,0,1629,0,4,11,0,15,1330,237,77,0,1644,0,0,0,1644
05/04/2019,CLT,NC,ASO,ES,Combined TRACON& Tower with Radar,1073,171,33,2,1279,0,0,1,0,1,1073,171,34,2,1280,0,0,0,1280
05/05/2019,CLT,NC,ASO,ES,Combined TRACON& Tower with Radar,1285,227,49,0,1561,0,1,2,0,3,1285,228,51,0,1564,0,0,0,1564
05/06/2019,CLT,NC,ASO,ES,Combined TRACON& Tower with Radar,1347,226,54,3,1630,0,3,17,0,20,1347,229,71,3,1650,0,0,0,1650
05/07/2019,CLT,NC,ASO,ES,Combined TRACON& Tower with Radar,1340,236,62,2,1640,0,5,15,0,20,1340,241,77,2,1660,0,0,0,1660
05/08/2019,CLT,NC,ASO,ES,Combined TRACON& Tower with Radar,1332,247,83,4,1666,0,3,10,0,13,1332,250,93,4,1679,0,0,0,1679
05/09/2019,CLT,NC,ASO,ES,Combined TRACON& Tower with Radar,1332,224,79,6,1641,0,6,14,1,21,1332,230,93,7,1662,0,0,0,1662
05/10/2019,CLT,NC,ASO,ES,Combined TRACON& Tower with Radar,1346,222,75,1,1644,0,0,5,0,5,1346,222,80,1,1649,0,0,0,1649
05/11/2019,CLT,NC,ASO,ES,Combined TRACON& Tower with Radar,997,175,19,1,1192,0,0,0,0,0,997,175,19,1,1192,0,0,0,1192
05/12/2019,CLT,NC,ASO,ES,Combined TRACON& Tower with Radar,1239,224,30,1,1494,0,0,0,0,0,1239,224,30,1,1494,0,0,0,1494
05/13/2019,CLT,NC,ASO,ES,Combined TRACON& Tower with Radar,1305,235,66,1,1607,0,5,12,0,17,1305,240,78,1,1624,0,0,0,1624
05/14/2019,CLT,NC,ASO,ES,Combined TRACON& Tower with Radar,1329,235,52,5,1621,0,10,17,0,27,1329,245,69,5,1648,0,0,0,1648
05/15/2019,CLT,NC,ASO,ES,Combined TRACON& Tower with Radar,1344,234,99,2,1679,0,2,17,1,20,1344,236,116,3,1699,0,0,0,1699
05/16/2019,CLT,NC,ASO,ES,Combined TRACON& Tower with Radar,1335,237,74,2,1648,0,4,10,0,14,1335,241,84,2,1662,0,0,0,1662
05/17/2019,CLT,NC,ASO,ES,Combined TRACON& Tower with Radar,1344,225,61,1,1631,0,2,21,0,23,1344,227,82,1,1654,0,0,0,1654
05/18/2019,CLT,NC,ASO,ES,Combined TRACON& Tower with Radar,1208,218,18,2,1446,0,23,14,0,37,1208,241,32,2,1483,0,0,0,1483
05/19/2019,CLT,NC,ASO,ES,Combined TRACON& Tower with Radar,1289,224,36,0,1549,0,2,7,0,9,1289,226,43,0,1558,0,0,0,1558
05/20/2019,CLT,NC,ASO,ES,Combined TRACON& Tower with Radar,1347,236,83,3,1669,0,5,2,0,7,1347,241,85,3,1676,0,0,0,1676
05/21/2019,CLT,NC,ASO,ES,Combined TRACON& Tower with Radar,1327,256,79,4,1666,0,6,17,0,23,1327,262,96,4,1689,0,0,0,1689
05/22/2019,CLT,NC,ASO,ES,Combined TRACON& Tower with Radar,1336,241,78,7,1662,0,1,10,0,11,1336,242,88,7,1673,0,0,0,1673
05/23/2019,CLT,NC,ASO,ES,Combined TRACON& Tower with Radar,1316,233,95,3,1647,0,9,16,0,25,1316,242,111,3,1672,0,0,0,1672
05/24/2019,CLT,NC,ASO,ES,Combined TRACON& Tower with Radar,1363,233,59,3,1658,0,6,25,0,31,1363,239,84,3,1689,0,0,0,1689
05/25/2019,CLT,NC,ASO,ES,Combined TRACON& Tower with Radar,1218,218,23,1,1460,0,1,6,0,7,1218,219,29,1,1467,0,0,0,1467
05/26/2019,CLT,NC,ASO,ES,Combined TRACON& Tower with Radar,1254,204,13,1,1472,0,11,8,1,20,1254,215,21,2,1492,0,0,0,1492
05/27/2019,CLT,NC,ASO,ES,Combined TRACON& Tower with Radar,1318,229,29,2,1578,0,2,18,0,20,1318,231,47,2,1598,0,0,0,1598
05/28/2019,CLT,NC,ASO,ES,Combined TRACON& Tower with Radar,1306,233,58,4,1601,0,3,27,0,30,1306,236,85,4,1631,0,0,0,1631
05/29/2019,CLT,NC,ASO,ES,Combined TRACON& Tower with Radar,1298,220,57,2,1577,0,10,4,0,14,1298,230,61,2,1591,0,0,0,1591
05/30/2019,CLT,NC,ASO,ES,Combined TRACON& Tower with Radar,1326,238,62,0,1626,0,1,12,0,13,1326,239,74,0,1639,0,0,0,1639
05/31/2019,CLT,NC,ASO,ES,Combined TRACON& Tower with Radar,1360,225,65,2,1652,0,1,17,0,18,1360,226,82,2,1670,0,0,0,1670
06/01/2019,CLT,NC,ASO,ES,Combined TRACON& Tower with Radar,1223,221,20,2,1466,0,2,10,0,12,1223,223,30,2,1478,0,0,0,1478
06/02/2019,CLT,NC,ASO,ES,Combined TRACON& Tower with Radar,1272,213,20,0,1505,0,0,11,0,11,1272,213,31,0,1516,0,0,0,1516
06/03/2019,CLT,NC,ASO,ES,Combined TRACON& Tower with Radar,1345,235,66,3,1649,0,2,7,0,9,1345,237,73,3,1658,0,0,0,1658
06/04/2019,CLT,NC,ASO,ES,Combined TRACON& Tower with Radar,1323,226,72,7,1628,0,9,12,0,21,1323,235,84,7,1649,0,0,0,1649
06/05/2019,CLT,NC,ASO,ES,Combined TRACON& Tower with Radar,1340,247,68,4,1659,0,0,9,3,12,1340,247,77,7,1671,0,0,0,1671
06/06/2019,CLT,NC,ASO,ES,Combined TRACON& Tower with Radar,1328,230,78,1,1637,0,5,15,2,22,1328,235,93,3,1659,0,0,0,1659
06/07/2019,CLT,NC,ASO,ES,Combined TRACON& Tower with Radar,1337,224,58,1,1620,0,1,0,0,1,1337,225,58,1,1621,0,0,0,1621
06/08/2019,CLT,NC,ASO,ES,Combined TRACON& Tower with Radar,1175,205,28,3,1411,0,0,4,0,4,1175,205,32,3,1415,0,0,0,1415
06/09/2019,CLT,NC,ASO,ES,Combined TRACON& Tower with Radar,1294,231,42,0,1567,0,0,0,0,0,1294,231,42,0,1567,0,0,0,1567
06/10/2019,CLT,NC,ASO,ES,Combined TRACON& Tower with Radar,1295,259,43,1,1598,0,4,4,0,8,1295,263,47,1,1606,0,0,0,1606
06/11/2019,CLT,NC,ASO,ES,Combined TRACON& Tower with Radar,1342,259,65,11,1677,0,8,20,0,28,1342,267,85,11,1705,0,0,0,1705
06/12/2019,CLT,NC,ASO,ES,Combined TRACON& Tower with Radar,1327,235,73,5,1640,0,0,6,0,6,1327,235,79,5,1646,0,0,0,1646
06/13/2019,CLT,NC,ASO,ES,Combined TRACON& Tower with Radar,1351,234,84,3,1672,0,4,15,0,19,1351,238,99,3,1691,0,0,0,1691
06/14/2019,CLT,NC,ASO,ES,Combined TRACON& Tower with Radar,1351,233,50,0,1634,0,8,12,0,20,1351,241,62,0,1654,0,0,0,1654
06/15/2019,CLT,NC,ASO,ES,Combined TRACON& Tower with Radar,1219,219,30,3,1471,0,0,16,1,17,1219,219,46,4,1488,0,0,0,1488
06/16/2019,CLT,NC,ASO,ES,Combined TRACON& Tower with Radar,1282,221,29,1,1533,0,1,5,0,6,1282,222,34,1,1539,0,0,0,1539
06/17/2019,CLT,NC,ASO,ES,Combined TRACON& Tower with Radar,1307,249,64,3,1623,0,7,7,0,14,1307,256,71,3,1637,0,0,0,1637
06/18/2019,CLT,NC,ASO,ES,Combined TRACON& Tower with Radar,1321,228,84,1,1634,0,2,2,0,4,1321,230,86,1,1638,0,0,0,1638
06/19/2019,CLT,NC,ASO,ES,Combined TRACON& Tower with Radar,1337,237,97,4,1675,1,1,14,0,16,1338,238,111,4,1691,0,0,0,1691
06/20/2019,CLT,NC,ASO,ES,Combined TRACON& Tower with Radar,1282,229,73,0,1584,0,4,9,0,13,1282,233,82,0,1597,0,0,0,1597
06/21/2019,CLT,NC,ASO,ES,Combined TRACON& Tower with Radar,1355,231,53,2,1641,0,4,23,0,27,1355,235,76,2,1668,0,0,0,1668
06/22/2019,CLT,NC,ASO,ES,Combined TRACON& Tower with Radar,1178,195,18,1,1392,0,0,11,0,11,1178,195,29,1,1403,0,0,0,1403
06/23/2019,CLT,NC,ASO,ES,Combined TRACON& Tower with Radar,1304,231,34,1,1570,0,1,9,1,11,1304,232,43,2,1581,0,0,0,1581
06/24/2019,CLT,NC,ASO,ES,Combined TRACON& Tower with Radar,1295,236,51,0,1582,0,2,1,0,3,1295,238,52,0,1585,0,0,0,1585
06/25/2019,CLT,NC,ASO,ES,Combined TRACON& Tower with Radar,1355,256,65,5,1681,0,6,16,0,22,1355,262,81,5,1703,0,0,0,1703
06/26/2019,CLT,NC,ASO,ES,Combined TRACON& Tower with Radar,1344,246,69,3,1662,0,3,26,0,29,1344,249,95,3,1691,0,0,0,1691
06/27/2019,CLT,NC,ASO,ES,Combined TRACON& Tower with Radar,1340,238,87,2,1667,0,12,26,0,38,1340,250,113,2,1705,0,0,0,1705
06/28/2019,CLT,NC,ASO,ES,Combined TRACON& Tower with Radar,1338,235,67,2,1642,0,8,15,0,23,1338,243,82,2,1665,0,0,0,1665
06/29/2019,CLT,NC,ASO,ES,Combined TRACON& Tower with Radar,1238,228,31,0,1497,0,1,6,0,7,1238,229,37,0,1504,0,0,0,1504
06/30/2019,CLT,NC,ASO,ES,Combined TRACON& Tower with Radar,1278,228,42,0,1548,0,2,3,0,5,1278,230,45,0,1553,0,0,0,1553
07/01/2019,CLT,NC,ASO,ES,Combined TRACON& Tower with Radar,1331,224,33,0,1588,0,5,13,0,18,1331,229,46,0,1606,0,0,0,1606
07/02/2019,CLT,NC,ASO,ES,Combined TRACON& Tower with Radar,1309,216,42,4,1571,0,8,20,0,28,1309,224,62,4,1599,0,0,0,1599
07/03/2019,CLT,NC,ASO,ES,Combined TRACON& Tower with Radar,1308,218,33,2,1561,0,11,13,0,24,1308,229,46,2,1585,0,0,0,1585
07/04/2019,CLT,NC,ASO,ES,Combined TRACON& Tower with Radar,983,149,5,0,1137,0,0,16,0,16,983,149,21,0,1153,0,0,0,1153
07/05/2019,CLT,NC,ASO,ES,Combined TRACON& Tower with Radar,1234,209,24,0,1467,0,0,12,1,13,1234,209,36,1,1480,0,0,0,1480
07/06/2019,CLT,NC,ASO,ES,Combined TRACON& Tower with Radar,1213,229,26,1,1469,0,0,8,0,8,1213,229,34,1,1477,0,0,0,1477
07/07/2019,CLT,NC,ASO,ES,Combined TRACON& Tower with Radar,1289,217,50,1,1557,0,2,6,0,8,1289,219,56,1,1565,0,0,0,1565
07/08/2019,CLT,NC,ASO,ES,Combined TRACON& Tower with Radar,1361,210,54,1,1626,0,6,18,0,24,1361,216,72,1,1650,0,0,0,1650
07/09/2019,CLT,NC,ASO,ES,Combined TRACON& Tower with Radar,1331,232,67,1,1631,0,8,12,0,20,1331,240,79,1,1651,0,0,0,1651
07/10/2019,CLT,NC,ASO,ES,Combined TRACON& Tower with Radar,1333,235,46,5,1619,0,2,21,1,24,1333,237,67,6,1643,0,0,0,1643
07/11/2019,CLT,NC,ASO,ES,Combined TRACON& Tower with Radar,1282,216,65,1,1564,0,4,15,4,23,1282,220,80,5,1587,0,0,0,1587
07/12/2019,CLT,NC,ASO,ES,Combined TRACON& Tower with Radar,1315,202,52,4,1573,0,5,12,1,18,1315,207,64,5,1591,0,0,0,1591
07/13/2019,CLT,NC,ASO,ES,Combined TRACON& Tower with Radar,1218,200,18,1,1437,0,1,17,0,18,1218,201,35,1,1455,0,0,0,1455
07/14/2019,CLT,NC,ASO,ES,Combined TRACON& Tower with Radar,1310,217,33,0,1560,0,4,4,0,8,1310,221,37,0,1568,0,0,0,1568
07/15/2019,CLT,NC,ASO,ES,Combined TRACON& Tower with Radar,1353,229,54,0,1636,0,8,21,0,29,1353,237,75,0,1665,0,0,0,1665
07/16/2019,CLT,NC,ASO,ES,Combined TRACON& Tower with Radar,1335,233,78,2,1648,0,3,12,0,15,1335,236,90,2,1663,0,0,0,1663
07/17/2019,CLT,NC,ASO,ES,Combined TRACON& Tower with Radar,1326,223,69,3,1621,0,12,25,0,37,1326,235,94,3,1658,0,0,0,1658
07/18/2019,CLT,NC,ASO,ES,Combined TRACON& Tower with Radar,1327,227,69,0,1623,0,3,5,0,8,1327,230,74,0,1631,0,0,0,1631
07/19/2019,CLT,NC,ASO,ES,Combined TRACON& Tower with Radar,1304,221,71,1,1597,0,8,17,1,26,1304,229,88,2,1623,0,0,0,1623
07/20/2019,CLT,NC,ASO,ES,Combined TRACON& Tower with Radar,1278,224,31,1,1534,0,0,8,1,9,1278,224,39,2,1543,0,0,0,1543
07/21/2019,CLT,NC,ASO,ES,Combined TRACON& Tower with Radar,1312,213,36,1,1562,0,2,4,0,6,1312,215,40,1,1568,0,0,0,1568
07/22/2019,CLT,NC,ASO,ES,Combined TRACON& Tower with Radar,1323,228,40,2,1593,0,10,13,0,23,1323,238,53,2,1616,0,0,0,1616
07/23/2019,CLT,NC,ASO,ES,Combined TRACON& Tower with Radar,1182,185,64,3,1434,0,2,8,2,12,1182,187,72,5,1446,0,0,0,1446
07/24/2019,CLT,NC,ASO,ES,Combined TRACON& Tower with Radar,1361,252,70,5,1688,0,7,18,1,26,1361,259,88,6,1714,0,0,0,1714
07/25/2019,CLT,NC,ASO,ES,Combined TRACON& Tower with Radar,1356,246,61,2,1665,0,2,17,0,19,1356,248,78,2,1684,0,0,0,1684
07/26/2019,CLT,NC,ASO,ES,Combined TRACON& Tower with Radar,1366,223,47,0,1636,0,7,17,0,24,1366,230,64,0,1660,0,0,0,1660
07/27/2019,CLT,NC,ASO,ES,Combined TRACON& Tower with Radar,1225,209,24,1,1459,0,3,13,0,16,1225,212,37,1,1475,0,0,0,1475
07/28/2019,CLT,NC,ASO,ES,Combined TRACON& Tower with Radar,1327,212,34,0,1573,0,3,3,0,6,1327,215,37,0,1579,0,0,0,1579
07/29/2019,CLT,NC,ASO,ES,Combined TRACON& Tower with Radar,1356,241,53,0,1650,0,7,7,0,14,1356,248,60,0,1664,0,0,0,1664
07/30/2019,CLT,NC,ASO,ES,Combined TRACON& Tower with Radar,1330,233,74,0,1637,0,5,18,0,23,1330,238,92,0,1660,0,0,0,1660
07/31/2019,CLT,NC,ASO,ES,Combined TRACON& Tower with Radar,1311,211,78,3,1603,0,2,20,0,22,1311,213,98,3,1625,0,0,0,1625
08/01/2019,CLT,NC,ASO,ES,Combined TRACON& Tower with Radar,1117,180,61,2,1360,0,1,16,0,17,1117,181,77,2,1377,0,0,0,1377
08/02/2019,CLT,NC,ASO,ES,Combined TRACON& Tower with Radar,1322,242,47,1,1612,0,7,22,0,29,1322,249,69,1,1641,0,0,0,1641
08/03/2019,CLT,NC,ASO,ES,Combined TRACON& Tower with Radar,1251,225,15,0,1491,0,0,8,0,8,1251,225,23,0,1499,0,0,0,1499
08/04/2019,CLT,NC,ASO,ES,Combined TRACON& Tower with Radar,1299,220,40,3,1562,0,1,6,0,7,1299,221,46,3,1569,0,0,0,1569
08/05/2019,CLT,NC,ASO,ES,Combined TRACON& Tower with Radar,1367,232,66,3,1668,0,5,3,0,8,1367,237,69,3,1676,0,0,0,1676
08/06/2019,CLT,NC,ASO,ES,Combined TRACON& Tower with Radar,1339,241,59,7,1646,0,5,25,0,30,1339,246,84,7,1676,0,0,0,1676
08/07/2019,CLT,NC,ASO,ES,Combined TRACON& Tower with Radar,1302,234,68,3,1607,0,6,13,0,19,1302,240,81,3,1626,0,0,0,1626
08/08/2019,CLT,NC,ASO,ES,Combined TRACON& Tower with Radar,1354,234,61,2,1651,0,7,19,0,26,1354,241,80,2,1677,0,0,0,1677
08/09/2019,CLT,NC,ASO,ES,Combined TRACON& Tower with Radar,1368,213,53,2,1636,0,8,18,0,26,1368,221,71,2,1662,0,0,0,1662
08/10/2019,CLT,NC,ASO,ES,Combined TRACON& Tower with Radar,1275,217,17,5,1514,0,0,10,0,10,1275,217,27,5,1524,0,0,0,1524
08/11/2019,CLT,NC,ASO,ES,Combined TRACON& Tower with Radar,1320,211,41,1,1573,0,2,6,0,8,1320,213,47,1,1581,0,0,0,1581
08/12/2019,CLT,NC,ASO,ES,Combined TRACON& Tower with Radar,1345,218,54,1,1618,0,7,13,0,20,1345,225,67,1,1638,0,0,0,1638
08/13/2019,CLT,NC,ASO,ES,Combined TRACON& Tower with Radar,1301,209,65,4,1579,0,0,12,0,12,1301,209,77,4,1591,0,0,0,1591
08/14/2019,CLT,NC,ASO,ES,Combined TRACON& Tower with Radar,1343,238,80,5,1666,0,4,12,0,16,1343,242,92,5,1682,0,0,0,1682
08/15/2019,CLT,NC,ASO,ES,Combined TRACON& Tower with Radar,1334,221,91,2,1648,0,5,11,0,16,1334,226,102,2,1664,0,0,0,1664
08/16/2019,CLT,NC,ASO,ES,Combined TRACON& Tower with Radar,1386,216,39,0,1641,0,8,19,0,27,1386,224,58,0,1668,0,0,0,1668
08/17/2019,CLT,NC,ASO,ES,Combined TRACON& Tower with Radar,1240,213,23,0,1476,0,1,13,0,14,1240,214,36,0,1490,0,0,0,1490
08/18/2019,CLT,NC,ASO,ES,Combined TRACON& Tower with Radar,1268,220,26,0,1514,0,3,13,0,16,1268,223,39,0,1530,0,0,0,1530
08/19/2019,CLT,NC,ASO,ES,Combined TRACON& Tower with Radar,1256,192,40,2,1490,0,4,8,0,12,1256,196,48,2,1502,0,0,0,1502
08/20/2019,CLT,NC,ASO,ES,Combined TRACON& Tower with Radar,1272,229,59,6,1566,0,3,16,0,19,1272,232,75,6,1585,0,0,0,1585
08/21/2019,CLT,NC,ASO,ES,Combined TRACON& Tower with Radar,1335,219,83,4,1641,0,2,15,0,17,1335,221,98,4,1658,0,0,0,1658
08/22/2019,CLT,NC,ASO,ES,Combined TRACON& Tower with Radar,1222,212,69,2,1505,0,2,5,0,7,1222,214,74,2,1512,0,0,0,1512
08/23/2019,CLT,NC,ASO,ES,Combined TRACON& Tower with Radar,1335,194,61,1,1591,0,5,11,0,16,1335,199,72,1,1607,0,0,0,1607
08/24/2019,CLT,NC,ASO,ES,Combined TRACON& Tower with Radar,1248,206,24,1,1479,0,0,5,0,5,1248,206,29,1,1484,0,0,0,1484
08/25/2019,CLT,NC,ASO,ES,Combined TRACON& Tower with Radar,1304,225,35,1,1565,0,1,8,0,9,1304,226,43,1,1574,0,0,0,1574
08/26/2019,CLT,NC,ASO,ES,Combined TRACON& Tower with Radar,1366,221,62,2,1651,0,13,10,0,23,1366,234,72,2,1674,0,0,0,1674
08/27/2019,CLT,NC,ASO,ES,Combined TRACON& Tower with Radar,1325,227,65,4,1621,0,9,19,0,28,1325,236,84,4,1649,0,0,0,1649
08/28/2019,CLT,NC,ASO,ES,Combined TRACON& Tower with Radar,1339,232,65,3,1639,0,2,23,0,25,1339,234,88,3,1664,0,0,0,1664
08/29/2019,CLT,NC,ASO,ES,Combined TRACON& Tower with Radar,1358,243,79,0,1680,0,4,35,0,39,1358,247,114,0,1719,0,0,0,1719
08/30/2019,CLT,NC,ASO,ES,Combined TRACON& Tower with Radar,1371,228,59,4,1662,0,3,27,0,30,1371,231,86,4,1692,0,0,0,1692
08/31/2019,CLT,NC,ASO,ES,Combined TRACON& Tower with Radar,1093,195,40,1,1329,0,2,11,0,13,1093,197,51,1,1342,0,0,0,1342
09/01/2019,CLT,NC,ASO,ES,Combined TRACON& Tower with Radar,1007,164,27,0,1198,0,1,12,0,13,1007,165,39,0,1211,0,0,0,1211
09/02/2019,CLT,NC,ASO,ES,Combined TRACON& Tower with Radar,1265,223,38,0,1526,0,0,5,0,5,1265,223,43,0,1531,0,0,0,1531
09/03/2019,CLT,NC,ASO,ES,Combined TRACON& Tower with Radar,1245,229,62,2,1538,0,5,23,4,32,1245,234,85,6,1570,0,0,0,1570
09/04/2019,CLT,NC,ASO,ES,Combined TRACON& Tower with Radar,1252,225,73,1,1551,0,5,32,0,37,1252,230,105,1,1588,0,0,0,1588
09/05/2019,CLT,NC,ASO,ES,Combined TRACON& Tower with Radar,1257,206,43,3,1509,0,4,19,0,23,1257,210,62,3,1532,0,0,0,1532
09/06/2019,CLT,NC,ASO,ES,Combined TRACON& Tower with Radar,1295,195,65,2,1557,0,2,15,0,17,1295,197,80,2,1574,0,0,0,1574
09/07/2019,CLT,NC,ASO,ES,Combined TRACON& Tower with Radar,1190,196,29,1,1416,0,1,8,2,11,1190,197,37,3,1427,0,0,0,1427
09/08/2019,CLT,NC,ASO,ES,Combined TRACON& Tower with Radar,1334,228,48,1,1611,0,2,19,0,21,1334,230,67,1,1632,0,0,0,1632
09/09/2019,CLT,NC,ASO,ES,Combined TRACON& Tower with Radar,1366,240,68,3,1677,0,10,12,0,22,1366,250,80,3,1699,0,0,0,1699
09/10/2019,CLT,NC,ASO,ES,Combined TRACON& Tower with Radar,1320,241,74,2,1637,0,5,18,0,23,1320,246,92,2,1660,0,0,0,1660
09/11/2019,CLT,NC,ASO,ES,Combined TRACON& Tower with Radar,1364,242,73,0,1679,0,4,29,0,33,1364,246,102,0,1712,0,0,0,1712
09/12/2019,CLT,NC,ASO,ES,Combined TRACON& Tower with Radar,1352,247,85,4,1688,0,4,27,0,31,1352,251,112,4,1719,0,0,0,1719
09/13/2019,CLT,NC,ASO,ES,Combined TRACON& Tower with Radar,1317,222,76,2,1617,0,3,24,0,27,1317,225,100,2,1644,0,0,0,1644
09/14/2019,CLT,NC,ASO,ES,Combined TRACON& Tower with Radar,1228,198,27,1,1454,0,0,4,0,4,1228,198,31,1,1458,0,0,0,1458
09/15/2019,CLT,NC,ASO,ES,Combined TRACON& Tower with Radar,1321,222,39,2,1584,0,1,10,0,11,1321,223,49,2,1595,0,0,0,1595
09/16/2019,CLT,NC,ASO,ES,Combined TRACON& Tower with Radar,1371,226,56,2,1655,0,5,8,0,13,1371,231,64,2,1668,0,0,0,1668
09/17/2019,CLT,NC,ASO,ES,Combined TRACON& Tower with Radar,1313,224,80,2,1619,0,5,10,0,15,1313,229,90,2,1634,0,0,0,1634
09/18/2019,CLT,NC,ASO,ES,Combined TRACON& Tower with Radar,1361,230,65,4,1660,0,4,16,0,20,1361,234,81,4,1680,0,0,0,1680
09/19/2019,CLT,NC,ASO,ES,Combined TRACON& Tower with Radar,1346,236,63,5,1650,0,6,22,0,28,1346,242,85,5,1678,0,0,0,1678
09/20/2019,CLT,NC,ASO,ES,Combined TRACON& Tower with Radar,1370,221,65,0,1656,0,4,14,0,18,1370,225,79,0,1674,0,0,0,1674
09/21/2019,CLT,NC,ASO,ES,Combined TRACON& Tower with Radar,1196,189,27,2,1414,0,3,5,0,8,1196,192,32,2,1422,0,0,0,1422
09/22/2019,CLT,NC,ASO,ES,Combined TRACON& Tower with Radar,1326,226,51,0,1603,0,5,10,0,15,1326,231,61,0,1618,0,0,0,1618
09/23/2019,CLT,NC,ASO,ES,Combined TRACON& Tower with Radar,1369,174,65,1,1609,0,5,8,0,13,1369,179,73,1,1622,0,0,0,1622
09/24/2019,CLT,NC,ASO,ES,Combined TRACON& Tower with Radar,1326,231,63,9,1629,0,6,21,0,27,1326,237,84,9,1656,0,0,0,1656
09/25/2019,CLT,NC,ASO,ES,Combined TRACON& Tower with Radar,1367,229,73,3,1672,0,5,15,0,20,1367,234,88,3,1692,0,0,0,1692
09/26/2019,CLT,NC,ASO,ES,Combined TRACON& Tower with Radar,1374,230,85,9,1698,0,7,24,0,31,1374,237,109,9,1729,0,0,0,1729
09/27/2019,CLT,NC,ASO,ES,Combined TRACON& Tower with Radar,1361,222,81,4,1668,0,1,31,0,32,1361,223,112,4,1700,0,0,0,1700
09/28/2019,CLT,NC,ASO,ES,Combined TRACON& Tower with Radar,1203,187,14,0,1404,0,2,13,0,15,1203,189,27,0,1419,0,0,0,1419
09/29/2019,CLT,NC,ASO,ES,Combined TRACON& Tower with Radar,1336,220,31,1,1588,0,22,11,1,34,1336,242,42,2,1622,0,0,0,1622
09/30/2019,CLT,NC,ASO,ES,Combined TRACON& Tower with Radar,1379,228,53,2,1662,0,6,15,2,23,1379,234,68,4,1685,0,0,0,1685
10/01/2019,CLT,NC,ASO,ES,Combined TRACON& Tower with Radar,1314,231,67,4,1616,0,4,13,0,17,1314,235,80,4,1633,0,0,0,1633
10/02/2019,CLT,NC,ASO,ES,Combined TRACON& Tower with Radar,1373,244,63,1,1681,0,1,18,2,21,1373,245,81,3,1702,0,0,0,1702
10/03/2019,CLT,NC,ASO,ES,Combined TRACON& Tower with Radar,1380,227,90,5,1702,0,4,16,0,20,1380,231,106,5,1722,0,0,0,1722
10/04/2019,CLT,NC,ASO,ES,Combined TRACON& Tower with Radar,1402,204,71,2,1679,0,8,24,0,32,1402,212,95,2,1711,0,0,0,1711
10/05/2019,CLT,NC,ASO,ES,Combined TRACON& Tower with Radar,1251,176,25,0,1452,0,0,8,0,8,1251,176,33,0,1460,0,0,0,1460
10/06/2019,CLT,NC,ASO,ES,Combined TRACON& Tower with Radar,1334,214,52,0,1600,0,2,11,0,13,1334,216,63,0,1613,0,0,0,1613
10/07/2019,CLT,NC,ASO,ES,Combined TRACON& Tower with Radar,1389,218,63,2,1672,0,3,11,0,14,1389,221,74,2,1686,0,0,0,1686
10/08/2019,CLT,NC,ASO,ES,Combined TRACON& Tower with Radar,1355,222,77,6,1660,0,1,11,0,12,1355,223,88,6,1672,0,0,0,1672
10/09/2019,CLT,NC,ASO,ES,Combined TRACON& Tower with Radar,1381,232,59,1,1673,0,5,24,0,29,1381,237,83,1,1702,0,0,0,1702
10/10/2019,CLT,NC,ASO,ES,Combined TRACON& Tower with Radar,1383,223,96,5,1707,0,8,20,0,28,1383,231,116,5,1735,0,0,0,1735
10/11/2019,CLT,NC,ASO,ES,Combined TRACON& Tower with Radar,1381,213,58,0,1652,0,10,12,0,22,1381,223,70,0,1674,0,0,0,1674
10/12/2019,CLT,NC,ASO,ES,Combined TRACON& Tower with Radar,1266,174,27,0,1467,0,1,14,0,15,1266,175,41,0,1482,0,0,0,1482
10/13/2019,CLT,NC,ASO,ES,Combined TRACON& Tower with Radar,1339,206,42,0,1587,0,0,0,0,0,1339,206,42,0,1587,0,0,0,1587
10/14/2019,CLT,NC,ASO,ES,Combined TRACON& Tower with Radar,1388,218,55,2,1663,0,2,13,0,15,1388,220,68,2,1678,0,0,0,1678
10/15/2019,CLT,NC,ASO,ES,Combined TRACON& Tower with Radar,1357,211,92,4,1664,0,2,12,0,14,1357,213,104,4,1678,0,0,0,1678
10/16/2019,CLT,NC,ASO,ES,Combined TRACON& Tower with Radar,1388,212,69,1,1670,0,3,4,0,7,1388,215,73,1,1677,0,0,0,1677
10/17/2019,CLT,NC,ASO,ES,Combined TRACON& Tower with Radar,1365,220,105,6,1696,0,8,22,0,30,1365,228,127,6,1726,0,0,0,1726
10/18/2019,CLT,NC,ASO,ES,Combined TRACON& Tower with Radar,1387,212,69,1,1669,0,8,13,0,21,1387,220,82,1,1690,0,0,0,1690
10/19/2019,CLT,NC,ASO,ES,Combined TRACON& Tower with Radar,1253,174,16,2,1445,0,2,5,1,8,1253,176,21,3,1453,0,0,0,1453
10/20/2019,CLT,NC,ASO,ES,Combined TRACON& Tower with Radar,1333,238,55,1,1627,0,1,6,0,7,1333,239,61,1,1634,0,0,0,1634
10/21/2019,CLT,NC,ASO,ES,Combined TRACON& Tower with Radar,1366,223,53,1,1643,0,6,15,0,21,1366,229,68,1,1664,0,0,0,1664
10/22/2019,CLT,NC,ASO,ES,Combined TRACON& Tower with Radar,1361,206,71,2,1640,0,5,5,0,10,1361,211,76,2,1650,0,0,0,1650
10/23/2019,CLT,NC,ASO,ES,Combined TRACON& Tower with Radar,1383,221,97,2,1703,0,2,12,0,14,1383,223,109,2,1717,0,0,0,1717
10/24/2019,CLT,NC,ASO,ES,Combined TRACON& Tower with Radar,1371,229,68,4,1672,0,6,16,0,22,1371,235,84,4,1694,0,0,0,1694
10/25/2019,CLT,NC,ASO,ES,Combined TRACON& Tower with Radar,1374,208,59,1,1642,0,10,11,0,21,1374,218,70,1,1663,0,0,0,1663
10/26/2019,CLT,NC,ASO,ES,Combined TRACON& Tower with Radar,1228,176,17,1,1422,0,3,4,0,7,1228,179,21,1,1429,0,0,0,1429
10/27/2019,CLT,NC,ASO,ES,Combined TRACON& Tower with Radar,1342,210,32,0,1584,0,1,3,0,4,1342,211,35,0,1588,0,0,0,1588
10/28/2019,CLT,NC,ASO,ES,Combined TRACON& Tower with Radar,1353,215,87,0,1655,0,3,15,0,18,1353,218,102,0,1673,0,0,0,1673
10/29/2019,CLT,NC,ASO,ES,Combined TRACON& Tower with Radar,1332,224,76,8,1640,0,5,12,0,17,1332,229,88,8,1657,0,0,0,1657
10/30/2019,CLT,NC,ASO,ES,Combined TRACON& Tower with Radar,1369,215,75,1,1660,0,0,0,0,0,1369,215,75,1,1660,0,0,0,1660
10/31/2019,CLT,NC,ASO,ES,Combined TRACON& Tower with Radar,1179,145,31,0,1355,0,0,1,0,1,1179,145,32,0,1356,0,0,0,1356
11/01/2019,CLT,NC,ASO,ES,Combined TRACON& Tower with Radar,1343,205,60,4,1612,0,8,12,2,22,1343,213,72,6,1634,0,0,0,1634
11/02/2019,CLT,NC,ASO,ES,Combined TRACON& Tower with Radar,1231,179,32,0,1442,0,0,6,0,6,1231,179,38,0,1448,0,0,0,1448
11/03/2019,CLT,NC,ASO,ES,Combined TRACON& Tower with Radar,1335,204,70,4,1613,0,1,15,2,18,1335,205,85,6,1631,0,0,0,1631
11/04/2019,CLT,NC,ASO,ES,Combined TRACON& Tower with Radar,1376,207,39,0,1622,0,5,10,0,15,1376,212,49,0,1637,0,0,0,1637
11/05/2019,CLT,NC,ASO,ES,Combined TRACON& Tower with Radar,1334,218,82,8,1642,0,1,15,0,16,1334,219,97,8,1658,0,0,0,1658
11/06/2019,CLT,NC,ASO,ES,Combined TRACON& Tower with Radar,1380,221,77,3,1681,0,7,22,0,29,1380,228,99,3,1710,0,0,0,1710
11/07/2019,CLT,NC,ASO,ES,Combined TRACON& Tower with Radar,1370,223,81,6,1680,0,9,6,0,15,1370,232,87,6,1695,0,0,0,1695
11/08/2019,CLT,NC,ASO,ES,Combined TRACON& Tower with Radar,1387,213,63,0,1663,0,7,9,0,16,1387,220,72,0,1679,0,0,0,1679
11/09/2019,CLT,NC,ASO,ES,Combined TRACON& Tower with Radar,1227,179,33,0,1439,0,1,2,0,3,1227,180,35,0,1442,0,0,0,1442
11/10/2019,CLT,NC,ASO,ES,Combined TRACON& Tower with Radar,1335,202,39,0,1576,0,1,9,0,10,1335,203,48,0,1586,0,0,0,1586
11/11/2019,CLT,NC,ASO,ES,Combined TRACON& Tower with Radar,1342,227,83,1,1653,0,10,14,0,24,1342,237,97,1,1677,0,0,0,1677
11/12/2019,CLT,NC,ASO,ES,Combined TRACON& Tower with Radar,1357,223,71,3,1654,0,0,7,1,8,1357,223,78,4,1662,0,0,0,1662
11/13/2019,CLT,NC,ASO,ES,Combined TRACON& Tower with Radar,1356,223,86,8,1673,0,7,16,2,25,1356,230,102,10,1698,0,0,0,1698
11/14/2019,CLT,NC,ASO,ES,Combined TRACON& Tower with Radar,1361,220,73,3,1657,0,2,11,0,13,1361,222,84,3,1670,0,0,0,1670
11/15/2019,CLT,NC,ASO,ES,Combined TRACON& Tower with Radar,1377,218,60,2,1657,0,2,8,0,10,1377,220,68,2,1667,0,0,0,1667
11/16/2019,CLT,NC,ASO,ES,Combined TRACON& Tower with Radar,1220,172,26,0,1418,0,0,6,0,6,1220,172,32,0,1424,0,0,0,1424
11/17/2019,CLT,NC,ASO,ES,Combined TRACON& Tower with Radar,1334,214,74,0,1622,0,2,8,2,12,1334,216,82,2,1634,0,0,0,1634
11/18/2019,CLT,NC,ASO,ES,Combined TRACON& Tower with Radar,1355,209,63,0,1627,0,0,0,0,0,1355,209,63,0,1627,0,0,0,1627
11/19/2019,CLT,NC,ASO,ES,Combined TRACON& Tower with Radar,1343,200,72,4,1619,0,4,7,0,11,1343,204,79,4,1630,0,0,0,1630
11/20/2019,CLT,NC,ASO,ES,Combined TRACON& Tower with Radar,1374,214,68,2,1658,0,2,27,1,30,1374,216,95,3,1688,0,0,0,1688
11/21/2019,CLT,NC,ASO,ES,Combined TRACON& Tower with Radar,1374,229,80,5,1688,0,0,19,0,19,1374,229,99,5,1707,0,0,0,1707
11/22/2019,CLT,NC,ASO,ES,Combined TRACON& Tower with Radar,1421,225,68,6,1720,0,8,22,0,30,1421,233,90,6,1750,0,0,0,1750
11/23/2019,CLT,NC,ASO,ES,Combined TRACON& Tower with Radar,1384,211,24,0,1619,0,0,0,0,0,1384,211,24,0,1619,0,0,0,1619
11/24/2019,CLT,NC,ASO,ES,Combined TRACON& Tower with Radar,1374,223,36,2,1635,0,3,5,1,9,1374,226,41,3,1644,0,0,0,1644
11/25/2019,CLT,NC,ASO,ES,Combined TRACON& Tower with Radar,1370,211,51,0,1632,0,7,12,0,19,1370,218,63,0,1651,0,0,0,1651
11/26/2019,CLT,NC,ASO,ES,Combined TRACON& Tower with Radar,1414,234,72,0,1720,0,3,7,0,10,1414,237,79,0,1730,0,0,0,1730
11/27/2019,CLT,NC,ASO,ES,Combined TRACON& Tower with Radar,1459,226,27,3,1715,0,2,2,0,4,1459,228,29,3,1719,0,0,0,1719
11/28/2019,CLT,NC,ASO,ES,Combined TRACON& Tower with Radar,752,102,6,1,861,0,2,8,0,10,752,104,14,1,871,0,0,0,871
11/29/2019,CLT,NC,ASO,ES,Combined TRACON& Tower with Radar,1164,177,30,0,1371,0,0,12,0,12,1164,177,42,0,1383,0,0,0,1383
11/30/2019,CLT,NC,ASO,ES,Combined TRACON& Tower with Radar,1378,220,24,0,1622,0,1,5,0,6,1378,221,29,0,1628,0,0,0,1628
12/01/2019,CLT,NC,ASO,ES,Combined TRACON& Tower with Radar,1437,232,69,0,1738,0,0,7,0,7,1437,232,76,0,1745,0,0,0,1745
12/02/2019,CLT,NC,ASO,ES,Combined TRACON& Tower with Radar,1410,221,59,0,1690,0,6,6,0,12,1410,227,65,0,1702,0,0,0,1702
12/03/2019,CLT,NC,ASO,ES,Combined TRACON& Tower with Radar,1398,222,63,7,1690,0,1,9,0,10,1398,223,72,7,1700,0,0,0,1700
12/04/2019,CLT,NC,ASO,ES,Combined TRACON& Tower with Radar,1374,222,68,1,1665,0,4,7,0,11,1374,226,75,1,1676,0,0,0,1676
12/05/2019,CLT,NC,ASO,ES,Combined TRACON& Tower with Radar,1366,230,70,3,1669,0,5,11,2,18,1366,235,81,5,1687,0,0,0,1687
12/06/2019,CLT,NC,ASO,ES,Combined TRACON& Tower with Radar,1373,212,68,2,1655,0,4,10,0,14,1373,216,78,2,1669,0,0,0,1669
12/07/2019,CLT,NC,ASO,ES,Combined TRACON& Tower with Radar,1113,168,57,3,1341,0,0,17,0,17,1113,168,74,3,1358,0,0,0,1358
12/08/2019,CLT,NC,ASO,ES,Combined TRACON& Tower with Radar,1226,192,57,0,1475,0,1,11,0,12,1226,193,68,0,1487,0,0,0,1487
12/09/2019,CLT,NC,ASO,ES,Combined TRACON& Tower with Radar,1321,191,79,4,1595,0,0,0,0,0,1321,191,79,4,1595,0,0,0,1595
12/10/2019,CLT,NC,ASO,ES,Combined TRACON& Tower with Radar,1193,194,85,0,1472,0,0,3,0,3,1193,194,88,0,1475,0,0,0,1475
12/11/2019,CLT,NC,ASO,ES,Combined TRACON& Tower with Radar,1348,235,102,3,1688,0,5,14,0,19,1348,240,116,3,1707,0,0,0,1707
12/12/2019,CLT,NC,ASO,ES,Combined TRACON& Tower with Radar,1385,219,96,5,1705,0,5,9,0,14,1385,224,105,5,1719,0,0,0,1719
12/13/2019,CLT,NC,ASO,ES,Combined TRACON& Tower with Radar,1366,189,61,0,1616,0,0,0,0,0,1366,189,61,0,1616,0,0,0,1616
12/14/2019,CLT,NC,ASO,ES,Combined TRACON& Tower with Radar,1135,158,25,1,1319,0,1,3,0,4,1135,159,28,1,1323,0,0,0,1323
12/15/2019,CLT,NC,ASO,ES,Combined TRACON& Tower with Radar,1212,169,52,1,1434,0,0,7,1,8,1212,169,59,2,1442,0,0,0,1442
12/16/2019,CLT,NC,ASO,ES,Combined TRACON& Tower with Radar,1324,181,53,2,1560,0,5,11,0,16,1324,186,64,2,1576,0,0,0,1576
12/17/2019,CLT,NC,ASO,ES,Combined TRACON& Tower with Radar,1177,186,68,4,1435,0,1,4,0,5,1177,187,72,4,1440,0,0,0,1440
12/18/2019,CLT,NC,ASO,ES,Combined TRACON& Tower with Radar,1407,220,71,2,1700,0,3,21,0,24,1407,223,92,2,1724,0,0,0,1724
12/19/2019,CLT,NC,ASO,ES,Combined TRACON& Tower with Radar,1418,236,86,6,1746,0,4,24,0,28,1418,240,110,6,1774,0,0,0,1774
12/20/2019,CLT,NC,ASO,ES,Combined TRACON& Tower with Radar,1429,231,57,0,1717,0,7,14,0,21,1429,238,71,0,1738,0,0,0,1738
12/21/2019,CLT,NC,ASO,ES,Combined TRACON& Tower with Radar,1353,229,22,0,1604,0,1,5,0,6,1353,230,27,0,1610,0,0,0,1610
12/22/2019,CLT,NC,ASO,ES,Combined TRACON& Tower with Radar,1384,224,27,0,1635,0,0,2,0,2,1384,224,29,0,1637,0,0,0,1637
12/23/2019,CLT,NC,ASO,ES,Combined TRACON& Tower with Radar,1386,222,40,0,1648,0,0,0,0,0,1386,222,40,0,1648,0,0,0,1648
12/24/2019,CLT,NC,ASO,ES,Combined TRACON& Tower with Radar,1043,167,7,0,1217,0,1,4,0,5,1043,168,11,0,1222,0,0,0,1222
12/25/2019,CLT,NC,ASO,ES,Combined TRACON& Tower with Radar,1028,143,4,0,1175,0,1,1,0,2,1028,144,5,0,1177,0,0,0,1177
12/26/2019,CLT,NC,ASO,ES,Combined TRACON& Tower with Radar,1385,224,42,1,1652,0,2,7,0,9,1385,226,49,1,1661,0,0,0,1661
12/27/2019,CLT,NC,ASO,ES,Combined TRACON& Tower with Radar,1403,221,37,0,1661,0,5,4,0,9,1403,226,41,0,1670,0,0,0,1670
12/28/2019,CLT,NC,ASO,ES,Combined TRACON& Tower with Radar,1325,214,30,0,1569,0,0,3,0,3,1325,214,33,0,1572,0,0,0,1572
12/29/2019,CLT,NC,ASO,ES,Combined TRACON& Tower with Radar,1379,206,22,0,1607,0,0,0,0,0,1379,206,22,0,1607,0,0,0,1607
12/30/2019,CLT,NC,ASO,ES,Combined TRACON& Tower with Radar,1393,208,28,0,1629,0,9,10,0,19,1393,217,38,0,1648,0,0,0,1648
12/31/2019,CLT,NC,ASO,ES,Combined TRACON& Tower with Radar,1182,190,27,0,1399,0,2,8,0,10,1182,192,35,0,1409,0,0,0,1409
01/01/2020,CLT,NC,ASO,ES,Combined TRACON& Tower with Radar,1220,186,20,0,1426,0,0,10,0,10,1220,186,30,0,1436,0,0,0,1436
01/02/2020,CLT,NC,ASO,ES,Combined TRACON& Tower with Radar,1376,202,33,2,1613,0,2,5,0,7,1376,204,38,2,1620,0,0,0,1620
01/03/2020,CLT,NC,ASO,ES,Combined TRACON& Tower with Radar,1408,212,28,2,1650,0,0,0,0,0,1408,212,28,2,1650,0,0,0,1650
01/04/2020,CLT,NC,ASO,ES,Combined TRACON& Tower with Radar,1345,221,25,0,1591,0,1,5,0,6,1345,222,30,0,1597,0,0,0,1597
01/05/2020,CLT,NC,ASO,ES,Combined TRACON& Tower with Radar,1386,215,31,1,1633,0,0,8,0,8,1386,215,39,1,1641,0,0,0,1641
01/06/2020,CLT,NC,ASO,ES,Combined TRACON& Tower with Radar,1414,216,42,0,1672,0,8,8,0,16,1414,224,50,0,1688,0,0,0,1688
01/07/2020,CLT,NC,ASO,ES,Combined TRACON& Tower with Radar,1197,206,53,9,1465,0,0,8,0,8,1197,206,61,9,1473,0,0,0,1473
01/08/2020,CLT,NC,ASO,ES,Combined TRACON& Tower with Radar,1378,241,70,4,1693,0,5,11,0,16,1378,246,81,4,1709,0,0,0,1709
01/09/2020,CLT,NC,ASO,ES,Combined TRACON& Tower with Radar,1387,243,70,1,1701,0,6,12,2,20,1387,249,82,3,1721,0,0,0,1721
01/10/2020,CLT,NC,ASO,ES,Combined TRACON& Tower with Radar,1380,229,46,0,1655,0,7,4,0,11,1380,236,50,0,1666,0,0,0,1666
01/11/2020,CLT,NC,ASO,ES,Combined TRACON& Tower with Radar,1167,163,7,0,1337,0,0,2,0,2,1167,163,9,0,1339,0,0,0,1339
01/12/2020,CLT,NC,ASO,ES,Combined TRACON& Tower with Radar,1328,222,34,0,1584,0,0,5,0,5,1328,222,39,0,1589,0,0,0,1589
01/13/2020,CLT,NC,ASO,ES,Combined TRACON& Tower with Radar,1372,228,41,2,1643,0,0,0,0,0,1372,228,41,2,1643,0,0,0,1643
01/14/2020,CLT,NC,ASO,ES,Combined TRACON& Tower with Radar,1209,186,59,3,1457,0,1,4,0,5,1209,187,63,3,1462,0,0,0,1462
01/15/2020,CLT,NC,ASO,ES,Combined TRACON& Tower with Radar,1370,233,55,0,1658,0,0,4,0,4,1370,233,59,0,1662,0,0,0,1662
01/16/2020,CLT,NC,ASO,ES,Combined TRACON& Tower with Radar,1387,231,62,1,1681,0,1,11,3,15,1387,232,73,4,1696,0,0,0,1696
01/17/2020,CLT,NC,ASO,ES,Combined TRACON& Tower with Radar,1357,236,56,1,1650,0,6,12,0,18,1357,242,68,1,1668,0,0,0,1668
01/18/2020,CLT,NC,ASO,ES,Combined TRACON& Tower with Radar,1169,183,24,1,1377,0,0,4,0,4,1169,183,28,1,1381,0,0,0,1381
01/19/2020,CLT,NC,ASO,ES,Combined TRACON& Tower with Radar,1193,189,31,0,1413,0,0,4,0,4,1193,189,35,0,1417,0,0,0,1417
01/20/2020,CLT,NC,ASO,ES,Combined TRACON& Tower with Radar,1369,225,54,1,1649,0,1,9,0,10,1369,226,63,1,1659,0,0,0,1659
01/21/2020,CLT,NC,ASO,ES,Combined TRACON& Tower with Radar,1195,223,65,4,1487,1,3,13,0,17,1196,226,78,4,1504,0,0,0,1504
01/22/2020,CLT,NC,ASO,ES,Combined TRACON& Tower with Radar,1363,238,84,5,1690,0,5,15,1,21,1363,243,99,6,1711,0,0,0,1711
01/23/2020,CLT,NC,ASO,ES,Combined TRACON& Tower with Radar,1379,235,81,2,1697,0,5,15,0,20,1379,240,96,2,1717,0,0,0,1717
01/24/2020,CLT,NC,ASO,ES,Combined TRACON& Tower with Radar,1390,224,55,2,1671,0,0,0,0,0,1390,224,55,2,1671,0,0,0,1671
01/25/2020,CLT,NC,ASO,ES,Combined TRACON& Tower with Radar,1218,177,23,0,1418,0,1,5,0,6,1218,178,28,0,1424,0,0,0,1424
01/26/2020,CLT,NC,ASO,ES,Combined TRACON& Tower with Radar,1355,218,52,0,1625,0,2,5,0,7,1355,220,57,0,1632,0,0,0,1632
01/27/2020,CLT,NC,ASO,ES,Combined TRACON& Tower with Radar,1365,236,74,0,1675,0,0,14,0,14,1365,236,88,0,1689,0,0,0,1689
01/28/2020,CLT,NC,ASO,ES,Combined TRACON& Tower with Radar,1199,220,66,1,1486,0,5,13,0,18,1199,225,79,1,1504,0,0,0,1504
01/29/2020,CLT,NC,ASO,ES,Combined TRACON& Tower with Radar,1373,250,71,6,1700,0,3,18,0,21,1373,253,89,6,1721,0,0,0,1721
01/30/2020,CLT,NC,ASO,ES,Combined TRACON& Tower with Radar,1379,250,66,4,1699,0,0,12,0,12,1379,250,78,4,1711,0,0,0,1711
01/31/2020,CLT,NC,ASO,ES,Combined TRACON& Tower with Radar,1382,234,69,0,1685,0,1,5,0,6,1382,235,74,0,1691,0,0,0,1691
02/01/2020,CLT,NC,ASO,ES,Combined TRACON& Tower with Radar,1205,182,34,0,1421,0,0,3,0,3,1205,182,37,0,1424,0,0,0,1424
02/02/2020,CLT,NC,ASO,ES,Combined TRACON& Tower with Radar,1331,225,18,3,1577,0,0,2,0,2,1331,225,20,3,1579,0,0,0,1579
02/03/2020,CLT,NC,ASO,ES,Combined TRACON& Tower with Radar,1378,244,72,2,1696,0,3,9,0,12,1378,247,81,2,1708,0,0,0,1708
02/04/2020,CLT,NC,ASO,ES,Combined TRACON& Tower with Radar,1195,213,56,4,1468,0,3,14,0,17,1195,216,70,4,1485,0,0,0,1485
02/05/2020,CLT,NC,ASO,ES,Combined TRACON& Tower with Radar,1363,240,63,7,1673,0,0,1,0,1,1363,240,64,7,1674,0,0,0,1674
02/06/2020,CLT,NC,ASO,ES,Combined TRACON& Tower with Radar,871,124,32,5,1032,0,0,0,0,0,871,124,32,5,1032,0,0,0,1032
02/07/2020,CLT,NC,ASO,ES,Combined TRACON& Tower with Radar,1242,190,41,4,1477,0,3,21,0,24,1242,193,62,4,1501,0,0,0,1501
02/08/2020,CLT,NC,ASO,ES,Combined TRACON& Tower with Radar,1193,177,21,3,1394,0,1,6,0,7,1193,178,27,3,1401,0,0,0,1401
02/09/2020,CLT,NC,ASO,ES,Combined TRACON& Tower with Radar,1331,233,38,0,1602,0,4,6,0,10,1331,237,44,0,1612,0,0,0,1612
02/10/2020,CLT,NC,ASO,ES,Combined TRACON& Tower with Radar,1370,227,62,3,1662,0,0,7,0,7,1370,227,69,3,1669,0,0,0,1669
02/11/2020,CLT,NC,ASO,ES,Combined TRACON& Tower with Radar,1196,202,76,3,1477,0,2,7,0,9,1196,204,83,3,1486,0,0,0,1486
02/12/2020,CLT,NC,ASO,ES,Combined TRACON& Tower with Radar,1367,230,73,3,1673,0,6,25,0,31,1367,236,98,3,1704,0,0,0,1704
02/13/2020,CLT,NC,ASO,ES,Combined TRACON& Tower with Radar,1280,204,93,5,1582,0,0,15,0,15,1280,204,108,5,1597,0,0,0,1597
02/14/2020,CLT,NC,ASO,ES,Combined TRACON& Tower with Radar,1419,235,59,2,1715,0,4,32,0,36,1419,239,91,2,1751,0,0,0,1751
02/15/2020,CLT,NC,ASO,ES,Combined TRACON& Tower with Radar,1265,199,37,1,1502,0,0,15,0,15,1265,199,52,1,1517,0,0,0,1517
02/16/2020,CLT,NC,ASO,ES,Combined TRACON& Tower with Radar,1330,213,37,2,1582,0,0,5,0,5,1330,213,42,2,1587,0,0,0,1587
02/17/2020,CLT,NC,ASO,ES,Combined TRACON& Tower with Radar,1387,244,58,0,1689,0,1,12,0,13,1387,245,70,0,1702,0,0,0,1702
02/18/2020,CLT,NC,ASO,ES,Combined TRACON& Tower with Radar,1342,204,65,6,1617,0,3,7,0,10,1342,207,72,6,1627,0,0,0,1627
02/19/2020,CLT,NC,ASO,ES,Combined TRACON& Tower with Radar,1369,225,70,5,1669,0,4,12,0,16,1369,229,82,5,1685,0,0,0,1685
02/20/2020,CLT,NC,ASO,ES,Combined TRACON& Tower with Radar,1185,182,75,2,1444,0,2,2,0,4,1185,184,77,2,1448,0,0,0,1448
02/21/2020,CLT,NC,ASO,ES,Combined TRACON& Tower with Radar,1400,219,64,3,1686,0,6,16,0,22,1400,225,80,3,1708,0,0,0,1708
02/22/2020,CLT,NC,ASO,ES,Combined TRACON& Tower with Radar,1264,206,17,2,1489,0,1,8,0,9,1264,207,25,2,1498,0,0,0,1498
02/23/2020,CLT,NC,ASO,ES,Combined TRACON& Tower with Radar,1351,229,38,2,1620,0,2,4,0,6,1351,231,42,2,1626,0,0,0,1626
02/24/2020,CLT,NC,ASO,ES,Combined TRACON& Tower with Radar,1401,217,67,1,1686,0,0,7,0,7,1401,217,74,1,1693,0,0,0,1693
02/25/2020,CLT,NC,ASO,ES,Combined TRACON& Tower with Radar,1350,201,79,4,1634,0,2,5,0,7,1350,203,84,4,1641,0,0,0,1641
02/26/2020,CLT,NC,ASO,ES,Combined TRACON& Tower with Radar,1373,217,77,3,1670,0,4,13,0,17,1373,221,90,3,1687,0,0,0,1687
02/27/2020,CLT,NC,ASO,ES,Combined TRACON& Tower with Radar,1405,230,77,10,1722,0,2,15,0,17,1405,232,92,10,1739,0,0,0,1739
02/28/2020,CLT,NC,ASO,ES,Combined TRACON& Tower with Radar,1401,225,68,0,1694,0,2,21,0,23,1401,227,89,0,1717,0,0,0,1717
02/29/2020,CLT,NC,ASO,ES,Combined TRACON& Tower with Radar,1278,194,12,1,1485,0,2,12,3,17,1278,196,24,4,1502,0,0,0,1502
03/01/2020,CLT,NC,ASO,ES,Combined TRACON& Tower with Radar,1362,215,40,4,1621,0,3,1,0,4,1362,218,41,4,1625,0,0,0,1625
03/02/2020,CLT,NC,ASO,ES,Combined TRACON& Tower with Radar,1389,210,50,3,1652,0,1,17,0,18,1389,211,67,3,1670,0,0,0,1670
03/03/2020,CLT,NC,ASO,ES,Combined TRACON& Tower with Radar,1345,197,60,12,1614,0,1,5,1,7,1345,198,65,13,1621,0,0,0,1621
03/04/2020,CLT,NC,ASO,ES,Combined TRACON& Tower with Radar,1374,223,102,5,1704,0,3,20,0,23,1374,226,122,5,1727,0,0,0,1727
03/05/2020,CLT,NC,ASO,ES,Combined TRACON& Tower with Radar,1379,209,75,4,1667,0,2,9,2,13,1379,211,84,6,1680,0,0,0,1680
03/06/2020,CLT,NC,ASO,ES,Combined TRACON& Tower with Radar,1447,201,43,1,1692,0,5,10,0,15,1447,206,53,1,1707,0,0,0,1707
03/07/2020,CLT,NC,ASO,ES,Combined TRACON& Tower with Radar,1311,182,24,0,1517,0,1,10,0,11,1311,183,34,0,1528,0,0,0,1528
03/08/2020,CLT,NC,ASO,ES,Combined TRACON& Tower with Radar,1368,222,37,1,1628,0,0,1,0,1,1368,222,38,1,1629,0,0,0,1629
03/09/2020,CLT,NC,ASO,ES,Combined TRACON& Tower with Radar,1389,213,69,3,1674,0,7,13,0,20,1389,220,82,3,1694,0,0,0,1694
03/10/2020,CLT,NC,ASO,ES,Combined TRACON& Tower with Radar,1353,201,76,6,1636,0,6,12,0,18,1353,207,88,6,1654,0,0,0,1654
03/11/2020,CLT,NC,ASO,ES,Combined TRACON& Tower with Radar,1386,208,66,3,1663,0,4,16,0,20,1386,212,82,3,1683,0,0,0,1683
03/12/2020,CLT,NC,ASO,ES,Combined TRACON& Tower with Radar,1403,224,65,6,1698,0,3,17,0,20,1403,227,82,6,1718,0,0,0,1718
03/13/2020,CLT,NC,ASO,ES,Combined TRACON& Tower with Radar,1398,212,60,1,1671,0,3,11,0,14,1398,215,71,1,1685,0,0,0,1685
03/14/2020,CLT,NC,ASO,ES,Combined TRACON& Tower with Radar,1317,195,34,0,1546,0,1,10,0,11,1317,196,44,0,1557,0,0,0,1557
03/15/2020,CLT,NC,ASO,ES,Combined TRACON& Tower with Radar,1353,207,39,0,1599,0,1,5,0,6,1353,208,44,0,1605,0,0,0,1605
03/16/2020,CLT,NC,ASO,ES,Combined TRACON& Tower with Radar,1353,199,42,2,1596,0,2,22,0,24,1353,201,64,2,1620,0,0,0,1620
03/17/2020,CLT,NC,ASO,ES,Combined TRACON& Tower with Radar,1271,179,30,6,1486,0,0,8,0,8,1271,179,38,6,1494,0,0,0,1494
03/18/2020,CLT,NC,ASO,ES,Combined TRACON& Tower with Radar,1217,165,28,0,1410,0,0,13,0,13,1217,165,41,0,1423,0,0,0,1423
03/19/2020,CLT,NC,ASO,ES,Combined TRACON& Tower with Radar,1311,201,34,4,1550,0,1,13,0,14,1311,202,47,4,1564,0,0,0,1564
03/20/2020,CLT,NC,ASO,ES,Combined TRACON& Tower with Radar,1283,200,45,0,1528,0,3,11,0,14,1283,203,56,0,1542,0,0,0,1542
03/21/2020,CLT,NC,ASO,ES,Combined TRACON& Tower with Radar,1146,182,22,0,1350,0,5,8,0,13,1146,187,30,0,1363,0,0,0,1363
03/22/2020,CLT,NC,ASO,ES,Combined TRACON& Tower with Radar,1191,169,19,0,1379,0,1,5,0,6,1191,170,24,0,1385,0,0,0,1385
03/23/2020,CLT,NC,ASO,ES,Combined TRACON& Tower with Radar,887,129,16,0,1032,0,0,0,0,0,887,129,16,0,1032,0,0,0,1032
03/24/2020,CLT,NC,ASO,ES,Combined TRACON& Tower with Radar,717,131,23,0,871,0,3,4,0,7,717,134,27,0,878,0,0,0,878
03/25/2020,CLT,NC,ASO,ES,Combined TRACON& Tower with Radar,557,104,14,0,675,0,2,12,0,14,557,106,26,0,689,0,0,0,689
03/26/2020,CLT,NC,ASO,ES,Combined TRACON& Tower with Radar,691,111,12,4,818,0,3,7,0,10,691,114,19,4,828,0,0,0,828
03/27/2020,CLT,NC,ASO,ES,Combined TRACON& Tower with Radar,621,95,17,0,733,0,1,9,0,10,621,96,26,0,743,0,0,0,743
03/28/2020,CLT,NC,ASO,ES,Combined TRACON& Tower with Radar,572,94,10,0,676,0,1,12,0,13,572,95,22,0,689,0,0,0,689
03/29/2020,CLT,NC,ASO,ES,Combined TRACON& Tower with Radar,624,123,9,0,756,0,0,1,0,1,624,123,10,0,757,0,0,0,757
03/30/2020,CLT,NC,ASO,ES,Combined TRACON& Tower with Radar,566,83,13,0,662,0,6,16,0,22,566,89,29,0,684,0,0,0,684
03/31/2020,CLT,NC,ASO,ES,Combined TRACON& Tower with Radar,547,88,6,0,641,0,0,14,0,14,547,88,20,0,655,0,0,0,655
04/01/2020,CLT,NC,ASO,ES,Combined TRACON& Tower with Radar,713,70,10,0,793,0,4,13,0,17,713,74,23,0,810,0,0,0,810
04/02/2020,CLT,NC,ASO,ES,Combined TRACON& Tower with Radar,634,91,18,4,747,0,3,13,1,17,634,94,31,5,764,0,0,0,764
04/03/2020,CLT,NC,ASO,ES,Combined TRACON& Tower with Radar,899,95,10,0,1004,0,0,16,0,16,899,95,26,0,1020,0,0,0,1020
04/04/2020,CLT,NC,ASO,ES,Combined TRACON& Tower with Radar,566,87,2,0,655,0,0,9,0,9,566,87,11,0,664,0,0,0,664
04/05/2020,CLT,NC,ASO,ES,Combined TRACON& Tower with Radar,671,85,11,0,767,0,0,1,0,1,671,85,12,0,768,0,0,0,768
04/06/2020,CLT,NC,ASO,ES,Combined TRACON& Tower with Radar,646,86,19,0,751,0,0,9,0,9,646,86,28,0,760,0,0,0,760
04/07/2020,CLT,NC,ASO,ES,Combined TRACON& Tower with Radar,520,57,11,0,588,0,5,12,3,20,520,62,23,3,608,0,0,0,608
04/08/2020,CLT,NC,ASO,ES,Combined TRACON& Tower with Radar,584,72,17,0,673,0,3,10,3,16,584,75,27,3,689,0,0,0,689
04/09/2020,CLT,NC,ASO,ES,Combined TRACON& Tower with Radar,642,84,13,0,739,0,4,14,0,18,642,88,27,0,757,0,0,0,757
04/10/2020,CLT,NC,ASO,ES,Combined TRACON& Tower with Radar,608,73,12,0,693,0,0,15,0,15,608,73,27,0,708,0,0,0,708
04/11/2020,CLT,NC,ASO,ES,Combined TRACON& Tower with Radar,541,45,2,0,588,0,0,3,0,3,541,45,5,0,591,0,0,0,591
04/12/2020,CLT,NC,ASO,ES,Combined TRACON& Tower with Radar,575,56,4,0,635,0,0,1,0,1,575,56,5,0,636,0,0,0,636
04/13/2020,CLT,NC,ASO,ES,Combined TRACON& Tower with Radar,665,62,12,0,739,0,4,8,0,12,665,66,20,0,751,0,0,0,751
04/14/2020,CLT,NC,ASO,ES,Combined TRACON& Tower with Radar,580,60,19,0,659,0,2,13,0,15,580,62,32,0,674,0,0,0,674
04/15/2020,CLT,NC,ASO,ES,Combined TRACON& Tower with Radar,566,53,9,11,639,0,3,10,1,14,566,56,19,12,653,0,0,0,653
04/16/2020,CLT,NC,ASO,ES,Combined TRACON& Tower with Radar,509,59,17,2,587,0,2,23,0,25,509,61,40,2,612,0,0,0,612
04/17/2020,CLT,NC,ASO,ES,Combined TRACON& Tower with Radar,542,48,16,0,606,0,4,12,0,16,542,52,28,0,622,0,0,0,622
04/18/2020,CLT,NC,ASO,ES,Combined TRACON& Tower with Radar,463,41,4,0,508,0,2,8,0,10,463,43,12,0,518,0,0,0,518
04/19/2020,CLT,NC,ASO,ES,Combined TRACON& Tower with Radar,446,68,17,0,531,0,2,6,1,9,446,70,23,1,540,0,0,0,540
04/20/2020,CLT,NC,ASO,ES,Combined TRACON& Tower with Radar,497,57,21,0,575,0,3,9,0,12,497,60,30,0,587,0,0,0,587
04/21/2020,CLT,NC,ASO,ES,Combined TRACON& Tower with Radar,499,60,20,1,580,0,0,13,0,13,499,60,33,1,593,0,0,0,593
04/22/2020,CLT,NC,ASO,ES,Combined TRACON& Tower with Radar,484,54,25,7,570,0,4,22,0,26,484,58,47,7,596,0,0,0,596
04/23/2020,CLT,NC,ASO,ES,Combined TRACON& Tower with Radar,460,50,15,3,528,0,3,5,1,9,460,53,20,4,537,0,0,0,537
04/24/2020,CLT,NC,ASO,ES,Combined TRACON& Tower with Radar,478,69,26,0,573,0,3,17,0,20,478,72,43,0,593,0,0,0,593
04/25/2020,CLT,NC,ASO,ES,Combined TRACON& Tower with Radar,418,49,6,0,473,0,0,8,0,8,418,49,14,0,481,0,0,0,481
04/26/2020,CLT,NC,ASO,ES,Combined TRACON& Tower with Radar,446,54,14,0,514,0,0,1,0,1,446,54,15,0,515,0,0,0,515
04/27/2020,CLT,NC,ASO,ES,Combined TRACON& Tower with Radar,425,68,25,0,518,0,1,14,0,15,425,69,39,0,533,0,0,0,533
04/28/2020,CLT,NC,ASO,ES,Combined TRACON& Tower with Radar,411,46,17,4,478,0,5,12,0,17,411,51,29,4,495,0,0,0,495
04/29/2020,CLT,NC,ASO,ES,Combined TRACON& Tower with Radar,437,56,25,2,520,0,4,7,0,11,437,60,32,2,531,0,0,0,531
04/30/2020,CLT,NC,ASO,ES,Combined TRACON& Tower with Radar,474,61,29,2,566,0,4,13,0,17,474,65,42,2,583,0,0,0,583
05/01/2020,CLT,NC,ASO,ES,Combined TRACON& Tower with Radar,594,105,24,2,725,0,2,21,1,24,594,107,45,3,749,0,0,0,749
05/02/2020,CLT,NC,ASO,ES,Combined TRACON& Tower with Radar,494,63,16,0,573,0,0,13,0,13,494,63,29,0,586,0,0,0,586
05/03/2020,CLT,NC,ASO,ES,Combined TRACON& Tower with Radar,630,75,20,0,725,0,0,9,0,9,630,75,29,0,734,0,0,0,734
05/04/2020,CLT,NC,ASO,ES,Combined TRACON& Tower with Radar,632,78,24,0,734,0,4,34,0,38,632,82,58,0,772,0,0,0,772
05/05/2020,CLT,NC,ASO,ES,Combined TRACON& Tower with Radar,618,67,22,2,709,0,1,3,0,4,618,68,25,2,713,0,0,0,713
05/06/2020,CLT,NC,ASO,ES,Combined TRACON& Tower with Radar,682,85,28,2,797,0,3,10,0,13,682,88,38,2,810,0,0,0,810
05/07/2020,CLT,NC,ASO,ES,Combined TRACON& Tower with Radar,526,78,19,1,624,0,0,21,1,22,526,78,40,2,646,0,0,0,646
05/08/2020,CLT,NC,ASO,ES,Combined TRACON& Tower with Radar,527,93,13,0,633,0,2,9,0,11,527,95,22,0,644,0,0,0,644
05/09/2020,CLT,NC,ASO,ES,Combined TRACON& Tower with Radar,518,86,9,2,615,0,1,17,0,18,518,87,26,2,633,0,0,0,633
05/10/2020,CLT,NC,ASO,ES,Combined TRACON& Tower with Radar,520,89,16,0,625,0,0,7,0,7,520,89,23,0,632,0,0,0,632
05/11/2020,CLT,NC,ASO,ES,Combined TRACON& Tower with Radar,527,94,21,2,644,0,3,9,1,13,527,97,30,3,657,0,0,0,657
05/12/2020,CLT,NC,ASO,ES,Combined TRACON& Tower with Radar,526,94,24,2,646,0,7,40,0,47,526,101,64,2,693,0,0,0,693
05/13/2020,CLT,NC,ASO,ES,Combined TRACON& Tower with Radar,520,85,28,4,637,0,4,24,0,28,520,89,52,4,665,0,0,0,665
05/14/2020,CLT,NC,ASO,ES,Combined TRACON& Tower with Radar,538,84,24,2,648,0,0,16,0,16,538,84,40,2,664,0,0,0,664
05/15/2020,CLT,NC,ASO,ES,Combined TRACON& Tower with Radar,534,88,23,2,647,0,5,14,0,19,534,93,37,2,666,0,0,0,666
05/16/2020,CLT,NC,ASO,ES,Combined TRACON& Tower with Radar,522,90,13,6,631,0,1,12,0,13,522,91,25,6,644,0,0,0,644
05/17/2020,CLT,NC,ASO,ES,Combined TRACON& Tower with Radar,515,89,29,0,633,0,2,12,0,14,515,91,41,0,647,0,0,0,647
05/18/2020,CLT,NC,ASO,ES,Combined TRACON& Tower with Radar,528,93,27,0,648,0,0,18,0,18,528,93,45,0,666,0,0,0,666
05/19/2020,CLT,NC,ASO,ES,Combined TRACON& Tower with Radar,532,93,23,2,650,0,0,1,0,1,532,93,24,2,651,0,0,0,651
05/20/2020,CLT,NC,ASO,ES,Combined TRACON& Tower with Radar,519,92,39,2,652,0,0,0,0,0,519,92,39,2,652,0,0,0,652
05/21/2020,CLT,NC,ASO,ES,Combined TRACON& Tower with Radar,528,95,44,2,669,0,0,0,0,0,528,95,44,2,669,0,0,0,669
05/22/2020,CLT,NC,ASO,ES,Combined TRACON& Tower with Radar,525,97,14,0,636,0,1,11,3,15,525,98,25,3,651,0,0,0,651
05/23/2020,CLT,NC,ASO,ES,Combined TRACON& Tower with Radar,522,93,6,0,621,0,0,6,0,6,522,93,12,0,627,0,0,0,627
05/24/2020,CLT,NC,ASO,ES,Combined TRACON& Tower with Radar,530,83,15,0,628,0,0,6,0,6,530,83,21,0,634,0,0,0,634
05/25/2020,CLT,NC,ASO,ES,Combined TRACON& Tower with Radar,521,89,23,0,633,0,1,4,0,5,521,90,27,0,638,0,0,0,638
05/26/2020,CLT,NC,ASO,ES,Combined TRACON& Tower with Radar,525,90,36,4,655,0,5,19,2,26,525,95,55,6,681,0,0,0,681
05/27/2020,CLT,NC,ASO,ES,Combined TRACON& Tower with Radar,532,94,24,2,652,0,0,3,0,3,532,94,27,2,655,0,0,0,655
05/28/2020,CLT,NC,ASO,ES,Combined TRACON& Tower with Radar,531,96,43,11,681,0,0,11,0,11,531,96,54,11,692,0,0,0,692
05/29/2020,CLT,NC,ASO,ES,Combined TRACON& Tower with Radar,518,86,25,1,630,0,1,9,0,10,518,87,34,1,640,0,0,0,640
05/30/2020,CLT,NC,ASO,ES,Combined TRACON& Tower with Radar,512,86,18,0,616,0,0,14,0,14,512,86,32,0,630,0,0,0,630
05/31/2020,CLT,NC,ASO,ES,Combined TRACON& Tower with Radar,514,87,32,0,633,0,9,16,2,27,514,96,48,2,660,0,0,0,660
06/01/2020,CLT,NC,ASO,ES,Combined TRACON& Tower with Radar,526,94,31,3,654,0,8,27,0,35,526,102,58,3,689,0,0,0,689
06/02/2020,CLT,NC,ASO,ES,Combined TRACON& Tower with Radar,532,91,28,0,651,0,5,18,0,23,532,96,46,0,674,0,0,0,674
06/03/2020,CLT,NC,ASO,ES,Combined TRACON& Tower with Radar,542,86,34,11,673,0,5,23,0,28,542,91,57,11,701,0,0,0,701
06/04/2020,CLT,NC,ASO,ES,Combined TRACON& Tower with Radar,614,86,51,1,752,0,6,23,0,29,614,92,74,1,781,0,0,0,781
06/05/2020,CLT,NC,ASO,ES,Combined TRACON& Tower with Radar,611,99,38,3,751,0,2,13,0,15,611,101,51,3,766,0,0,0,766
06/06/2020,CLT,NC,ASO,ES,Combined TRACON& Tower with Radar,612,81,13,0,706,0,1,12,0,13,612,82,25,0,719,0,0,0,719
06/07/2020,CLT,NC,ASO,ES,Combined TRACON& Tower with Radar,608,91,20,4,723,0,0,12,0,12,608,91,32,4,735,0,0,0,735
06/08/2020,CLT,NC,ASO,ES,Combined TRACON& Tower with Radar,605,93,40,1,739,0,1,33,0,34,605,94,73,1,773,0,0,0,773
06/09/2020,CLT,NC,ASO,ES,Combined TRACON& Tower with Radar,610,87,37,2,736,0,8,12,2,22,610,95,49,4,758,0,0,0,758
06/10/2020,CLT,NC,ASO,ES,Combined TRACON& Tower with Radar,623,92,40,6,761,0,9,14,0,23,623,101,54,6,784,0,0,0,784
06/11/2020,CLT,NC,ASO,ES,Combined TRACON& Tower with Radar,619,97,60,3,779,0,7,11,0,18,619,104,71,3,797,0,0,0,797
06/12/2020,CLT,NC,ASO,ES,Combined TRACON& Tower with Radar,621,98,50,0,769,0,2,18,2,22,621,100,68,2,791,0,0,0,791
06/13/2020,CLT,NC,ASO,ES,Combined TRACON& Tower with Radar,615,86,12,0,713,0,2,14,0,16,615,88,26,0,729,0,0,0,729
06/14/2020,CLT,NC,ASO,ES,Combined TRACON& Tower with Radar,607,104,25,0,736,0,0,9,0,9,607,104,34,0,745,0,0,0,745
06/15/2020,CLT,NC,ASO,ES,Combined TRACON& Tower with Radar,608,106,33,3,750,0,2,8,0,10,608,108,41,3,760,0,0,0,760
06/16/2020,CLT,NC,ASO,ES,Combined TRACON& Tower with Radar,611,90,31,4,736,0,0,0,0,0,611,90,31,4,736,0,0,0,736
06/17/2020,CLT,NC,ASO,ES,Combined TRACON& Tower with Radar,617,92,37,3,749,0,7,3,0,10,617,99,40,3,759,0,0,0,759
06/18/2020,CLT,NC,ASO,ES,Combined TRACON& Tower with Radar,629,91,48,3,771,0,2,7,0,9,629,93,55,3,780,0,0,0,780
06/19/2020,CLT,NC,ASO,ES,Combined TRACON& Tower with Radar,625,91,38,2,756,0,4,15,0,19,625,95,53,2,775,0,0,0,775
06/20/2020,CLT,NC,ASO,ES,Combined TRACON& Tower with Radar,631,92,15,0,738,0,0,14,0,14,631,92,29,0,752,0,0,0,752
06/21/2020,CLT,NC,ASO,ES,Combined TRACON& Tower with Radar,616,104,20,0,740,0,0,16,1,17,616,104,36,1,757,0,0,0,757
06/22/2020,CLT,NC,ASO,ES,Combined TRACON& Tower with Radar,619,101,38,3,761,0,6,8,1,15,619,107,46,4,776,0,0,0,776
06/23/2020,CLT,NC,ASO,ES,Combined TRACON& Tower with Radar,638,97,46,3,784,0,0,13,0,13,638,97,59,3,797,0,0,0,797
06/24/2020,CLT,NC,ASO,ES,Combined TRACON& Tower with Radar,638,110,29,4,781,0,2,14,0,16,638,112,43,4,797,0,0,0,797
06/25/2020,CLT,NC,ASO,ES,Combined TRACON& Tower with Radar,636,96,55,2,789,0,7,15,0,22,636,103,70,2,811,0,0,0,811
06/26/2020,CLT,NC,ASO,ES,Combined TRACON& Tower with Radar,636,92,40,1,769,0,4,11,2,17,636,96,51,3,786,0,0,0,786
06/27/2020,CLT,NC,ASO,ES,Combined TRACON& Tower with Radar,637,86,20,0,743,0,0,7,0,7,637,86,27,0,750,0,0,0,750
06/28/2020,CLT,NC,ASO,ES,Combined TRACON& Tower with Radar,627,85,21,0,733,0,0,6,0,6,627,85,27,0,739,0,0,0,739
06/29/2020,CLT,NC,ASO,ES,Combined TRACON& Tower with Radar,622,113,30,0,765,0,4,10,0,14,622,117,40,0,779,0,0,0,779
06/30/2020,CLT,NC,ASO,ES,Combined TRACON& Tower with Radar,622,112,42,2,778,0,4,11,0,15,622,116,53,2,793,0,0,0,793
07/01/2020,CLT,NC,ASO,ES,Combined TRACON& Tower with Radar,638,97,45,2,782,0,1,7,0,8,638,98,52,2,790,0,0,0,790
07/02/2020,CLT,NC,ASO,ES,Combined TRACON& Tower with Radar,662,96,31,2,791,0,0,28,0,28,662,96,59,2,819,0,0,0,819
07/03/2020,CLT,NC,ASO,ES,Combined TRACON& Tower with Radar,647,94,17,0,758,0,2,13,0,15,647,96,30,0,773,0,0,0,773
07/04/2020,CLT,NC,ASO,ES,Combined TRACON& Tower with Radar,641,80,7,0,728,0,0,7,0,7,641,80,14,0,735,0,0,0,735
07/05/2020,CLT,NC,ASO,ES,Combined TRACON& Tower with Radar,651,98,27,0,776,0,3,8,0,11,651,101,35,0,787,0,0,0,787
07/06/2020,CLT,NC,ASO,ES,Combined TRACON& Tower with Radar,641,93,24,0,758,0,3,14,0,17,641,96,38,0,775,0,0,0,775
07/07/2020,CLT,NC,ASO,ES,Combined TRACON& Tower with Radar,646,96,27,14,783,0,1,6,0,7,646,97,33,14,790,0,0,0,790
07/08/2020,CLT,NC,ASO,ES,Combined TRACON& Tower with Radar,692,97,48,13,850,0,4,8,0,12,692,101,56,13,862,0,0,0,862
07/09/2020,CLT,NC,ASO,ES,Combined TRACON& Tower with Radar,970,103,34,15,1122,0,6,23,0,29,970,109,57,15,1151,0,0,0,1151
07/10/2020,CLT,NC,ASO,ES,Combined TRACON& Tower with Radar,976,111,25,0,1112,0,1,18,0,19,976,112,43,0,1131,0,0,0,1131
07/11/2020,CLT,NC,ASO,ES,Combined TRACON& Tower with Radar,968,109,10,2,1089,0,0,8,0,8,968,109,18,2,1097,0,0,0,1097
07/12/2020,CLT,NC,ASO,ES,Combined TRACON& Tower with Radar,965,121,29,0,1115,0,3,6,0,9,965,124,35,0,1124,0,0,0,1124
07/13/2020,CLT,NC,ASO,ES,Combined TRACON& Tower with Radar,964,109,30,5,1108,0,2,9,0,11,964,111,39,5,1119,0,0,0,1119
07/14/2020,CLT,NC,ASO,ES,Combined TRACON& Tower with Radar,675,96,33,7,811,0,3,18,0,21,675,99,51,7,832,0,0,0,832
07/15/2020,CLT,NC,ASO,ES,Combined TRACON& Tower with Radar,690,95,38,2,825,0,7,8,0,15,690,102,46,2,840,0,0,0,840
07/16/2020,CLT,NC,ASO,ES,Combined TRACON& Tower with Radar,976,119,45,4,1144,0,5,8,0,13,976,124,53,4,1157,0,0,0,1157
07/17/2020,CLT,NC,ASO,ES,Combined TRACON& Tower with Radar,972,110,38,5,1125,0,4,22,0,26,972,114,60,5,1151,0,0,0,1151
07/18/2020,CLT,NC,ASO,ES,Combined TRACON& Tower with Radar,964,107,9,2,1082,0,1,6,0,7,964,108,15,2,1089,0,0,0,1089
07/19/2020,CLT,NC,ASO,ES,Combined TRACON& Tower with Radar,966,119,20,0,1105,0,1,7,0,8,966,120,27,0,1113,0,0,0,1113
07/20/2020,CLT,NC,ASO,ES,Combined TRACON& Tower with Radar,960,114,19,0,1093,0,2,10,0,12,960,116,29,0,1105,0,0,0,1105
07/21/2020,CLT,NC,ASO,ES,Combined TRACON& Tower with Radar,637,78,30,2,747,0,5,12,0,17,637,83,42,2,764,0,0,0,764
07/22/2020,CLT,NC,ASO,ES,Combined TRACON& Tower with Radar,663,95,45,2,805,0,9,10,0,19,663,104,55,2,824,0,0,0,824
07/23/2020,CLT,NC,ASO,ES,Combined TRACON& Tower with Radar,980,118,35,5,1138,0,5,8,0,13,980,123,43,5,1151,0,0,0,1151
07/24/2020,CLT,NC,ASO,ES,Combined TRACON& Tower with Radar,972,114,33,0,1119,0,2,9,0,11,972,116,42,0,1130,0,0,0,1130
07/25/2020,CLT,NC,ASO,ES,Combined TRACON& Tower with Radar,961,101,15,0,1077,0,1,7,0,8,961,102,22,0,1085,0,0,0,1085
07/26/2020,CLT,NC,ASO,ES,Combined TRACON& Tower with Radar,963,113,20,0,1096,0,0,1,0,1,963,113,21,0,1097,0,0,0,1097
07/27/2020,CLT,NC,ASO,ES,Combined TRACON& Tower with Radar,958,116,38,1,1113,0,2,9,0,11,958,118,47,1,1124,0,0,0,1124
07/28/2020,CLT,NC,ASO,ES,Combined TRACON& Tower with Radar,674,98,47,4,823,0,4,10,0,14,674,102,57,4,837,0,0,0,837
07/29/2020,CLT,NC,ASO,ES,Combined TRACON& Tower with Radar,683,82,40,2,807,0,0,9,0,9,683,82,49,2,816,0,0,0,816
07/30/2020,CLT,NC,ASO,ES,Combined TRACON& Tower with Radar,961,112,42,5,1120,0,8,26,1,35,961,120,68,6,1155,0,0,0,1155
07/31/2020,CLT,NC,ASO,ES,Combined TRACON& Tower with Radar,969,118,38,1,1126,0,11,14,0,25,969,129,52,1,1151,0,0,0,1151
08/01/2020,CLT,NC,ASO,ES,Combined TRACON& Tower with Radar,949,98,26,2,1075,0,2,14,0,16,949,100,40,2,1091,0,0,0,1091
08/02/2020,CLT,NC,ASO,ES,Combined TRACON& Tower with Radar,951,113,39,0,1103,0,0,10,0,10,951,113,49,0,1113,0,0,0,1113
08/03/2020,CLT,NC,ASO,ES,Combined TRACON& Tower with Radar,921,103,29,3,1056,0,0,5,0,5,921,103,34,3,1061,0,0,0,1061
08/04/2020,CLT,NC,ASO,ES,Combined TRACON& Tower with Radar,629,85,36,5,755,0,2,18,0,20,629,87,54,5,775,0,0,0,775
08/05/2020,CLT,NC,ASO,ES,Combined TRACON& Tower with Radar,680,95,46,2,823,0,3,20,0,23,680,98,66,2,846,0,0,0,846
08/06/2020,CLT,NC,ASO,ES,Combined TRACON& Tower with Radar,973,112,23,16,1124,0,0,15,0,15,973,112,38,16,1139,0,0,0,1139
08/07/2020,CLT,NC,ASO,ES,Combined TRACON& Tower with Radar,976,107,29,1,1113,0,3,11,0,14,976,110,40,1,1127,0,0,0,1127
08/08/2020,CLT,NC,ASO,ES,Combined TRACON& Tower with Radar,942,112,32,0,1086,0,1,11,0,12,942,113,43,0,1098,0,0,0,1098
08/09/2020,CLT,NC,ASO,ES,Combined TRACON& Tower with Radar,954,106,29,0,1089,0,0,3,0,3,954,106,32,0,1092,0,0,0,1092
08/10/2020,CLT,NC,ASO,ES,Combined TRACON& Tower with Radar,958,109,23,6,1096,0,2,13,2,17,958,111,36,8,1113,0,0,0,1113
08/11/2020,CLT,NC,ASO,ES,Combined TRACON& Tower with Radar,674,91,54,8,827,0,3,8,0,11,674,94,62,8,838,0,0,0,838
08/12/2020,CLT,NC,ASO,ES,Combined TRACON& Tower with Radar,682,86,54,2,824,0,2,15,0,17,682,88,69,2,841,0,0,0,841
08/13/2020,CLT,NC,ASO,ES,Combined TRACON& Tower with Radar,973,113,55,4,1145,0,0,12,0,12,973,113,67,4,1157,0,0,0,1157
08/14/2020,CLT,NC,ASO,ES,Combined TRACON& Tower with Radar,971,117,44,3,1135,0,3,17,0,20,971,120,61,3,1155,0,0,0,1155
08/15/2020,CLT,NC,ASO,ES,Combined TRACON& Tower with Radar,958,118,21,2,1099,0,0,0,0,0,958,118,21,2,1099,0,0,0,1099
08/16/2020,CLT,NC,ASO,ES,Combined TRACON& Tower with Radar,960,108,25,1,1094,0,0,0,0,0,960,108,25,1,1094,0,0,0,1094
08/17/2020,CLT,NC,ASO,ES,Combined TRACON& Tower with Radar,960,111,35,1,1107,0,3,10,0,13,960,114,45,1,1120,0,0,0,1120
08/18/2020,CLT,NC,ASO,ES,Combined TRACON& Tower with Radar,701,88,48,8,845,0,10,13,0,23,701,98,61,8,868,0,0,0,868
08/19/2020,CLT,NC,ASO,ES,Combined TRACON& Tower with Radar,724,102,33,0,859,0,1,12,0,13,724,103,45,0,872,0,0,0,872
08/20/2020,CLT,NC,ASO,ES,Combined TRACON& Tower with Radar,1006,129,53,6,1194,0,0,9,0,9,1006,129,62,6,1203,0,0,0,1203
08/21/2020,CLT,NC,ASO,ES,Combined TRACON& Tower with Radar,1011,111,32,0,1154,0,0,11,0,11,1011,111,43,0,1165,0,0,0,1165
08/22/2020,CLT,NC,ASO,ES,Combined TRACON& Tower with Radar,987,106,23,0,1116,0,3,9,2,14,987,109,32,2,1130,0,0,0,1130
08/23/2020,CLT,NC,ASO,ES,Combined TRACON& Tower with Radar,994,116,42,7,1159,0,0,24,0,24,994,116,66,7,1183,0,0,0,1183
08/24/2020,CLT,NC,ASO,ES,Combined TRACON& Tower with Radar,999,110,26,10,1145,0,6,13,2,21,999,116,39,12,1166,0,0,0,1166
08/25/2020,CLT,NC,ASO,ES,Combined TRACON& Tower with Radar,708,93,48,1,850,0,2,16,0,18,708,95,64,1,868,0,0,0,868
08/26/2020,CLT,NC,ASO,ES,Combined TRACON& Tower with Radar,716,96,64,4,880,0,6,18,2,26,716,102,82,6,906,0,0,0,906
08/27/2020,CLT,NC,ASO,ES,Combined TRACON& Tower with Radar,1002,118,53,3,1176,0,5,13,0,18,1002,123,66,3,1194,0,0,0,1194
08/28/2020,CLT,NC,ASO,ES,Combined TRACON& Tower with Radar,1000,109,48,3,1160,0,0,17,0,17,1000,109,65,3,1177,0,0,0,1177
08/29/2020,CLT,NC,ASO,ES,Combined TRACON& Tower with Radar,989,102,8,1,1100,0,2,4,0,6,989,104,12,1,1106,0,0,0,1106
08/30/2020,CLT,NC,ASO,ES,Combined TRACON& Tower with Radar,1004,125,22,2,1153,0,0,2,0,2,1004,125,24,2,1155,0,0,0,1155
08/31/2020,CLT,NC,ASO,ES,Combined TRACON& Tower with Radar,1006,121,37,6,1170,0,4,1,0,5,1006,125,38,6,1175,0,0,0,1175
09/01/2020,CLT,NC,ASO,ES,Combined TRACON& Tower with Radar,703,104,55,5,867,0,2,9,0,11,703,106,64,5,878,0,0,0,878
09/02/2020,CLT,NC,ASO,ES,Combined TRACON& Tower with Radar,716,99,62,3,880,0,5,18,0,23,716,104,80,3,903,0,0,0,903
09/03/2020,CLT,NC,ASO,ES,Combined TRACON& Tower with Radar,1010,115,54,5,1184,0,2,25,0,27,1010,117,79,5,1211,0,0,0,1211
09/04/2020,CLT,NC,ASO,ES,Combined TRACON& Tower with Radar,1006,126,48,2,1182,0,0,15,0,15,1006,126,63,2,1197,0,0,0,1197
09/05/2020,CLT,NC,ASO,ES,Combined TRACON& Tower with Radar,970,112,12,1,1095,0,1,6,0,7,970,113,18,1,1102,0,0,0,1102
09/06/2020,CLT,NC,ASO,ES,Combined TRACON& Tower with Radar,822,100,18,1,941,0,3,4,0,7,822,103,22,1,948,0,0,0,948
09/07/2020,CLT,NC,ASO,ES,Combined TRACON& Tower with Radar,835,111,29,1,976,0,2,2,0,4,835,113,31,1,980,0,0,0,980
09/08/2020,CLT,NC,ASO,ES,Combined TRACON& Tower with Radar,687,97,62,8,854,0,1,19,0,20,687,98,81,8,874,0,0,0,874
09/09/2020,CLT,NC,ASO,ES,Combined TRACON& Tower with Radar,914,104,45,3,1066,0,4,0,0,4,914,108,45,3,1070,0,0,0,1070
09/10/2020,CLT,NC,ASO,ES,Combined TRACON& Tower with Radar,956,113,54,4,1127,0,2,8,0,10,956,115,62,4,1137,0,0,0,1137
09/11/2020,CLT,NC,ASO,ES,Combined TRACON& Tower with Radar,947,113,41,0,1101,0,4,14,0,18,947,117,55,0,1119,0,0,0,1119
09/12/2020,CLT,NC,ASO,ES,Combined TRACON& Tower with Radar,931,100,15,1,1047,0,0,3,0,3,931,100,18,1,1050,0,0,0,1050
09/13/2020,CLT,NC,ASO,ES,Combined TRACON& Tower with Radar,937,108,26,3,1074,0,0,5,0,5,937,108,31,3,1079,0,0,0,1079
09/14/2020,CLT,NC,ASO,ES,Combined TRACON& Tower with Radar,935,112,24,0,1071,0,4,16,0,20,935,116,40,0,1091,0,0,0,1091
09/15/2020,CLT,NC,ASO,ES,Combined TRACON& Tower with Radar,898,114,44,8,1064,0,0,22,2,24,898,114,66,10,1088,0,0,0,1088
09/16/2020,CLT,NC,ASO,ES,Combined TRACON& Tower with Radar,904,102,44,3,1053,0,6,19,0,25,904,108,63,3,1078,0,0,0,1078
09/17/2020,CLT,NC,ASO,ES,Combined TRACON& Tower with Radar,939,111,27,3,1080,0,0,0,0,0,939,111,27,3,1080,0,0,0,1080
09/18/2020,CLT,NC,ASO,ES,Combined TRACON& Tower with Radar,942,119,28,5,1094,0,0,16,0,16,942,119,44,5,1110,0,0,0,1110
09/19/2020,CLT,NC,ASO,ES,Combined TRACON& Tower with Radar,934,117,20,3,1074,0,1,7,0,8,934,118,27,3,1082,0,0,0,1082
09/20/2020,CLT,NC,ASO,ES,Combined TRACON& Tower with Radar,935,110,23,2,1070,0,0,3,0,3,935,110,26,2,1073,0,0,0,1073
09/21/2020,CLT,NC,ASO,ES,Combined TRACON& Tower with Radar,939,116,35,2,1092,0,5,15,0,20,939,121,50,2,1112,0,0,0,1112
09/22/2020,CLT,NC,ASO,ES,Combined TRACON& Tower with Radar,928,116,62,7,1113,0,0,19,1,20,928,116,81,8,1133,0,0,0,1133
09/23/2020,CLT,NC,ASO,ES,Combined TRACON& Tower with Radar,938,129,48,3,1118,0,4,15,0,19,938,133,63,3,1137,0,0,0,1137
09/24/2020,CLT,NC,ASO,ES,Combined TRACON& Tower with Radar,951,103,46,7,1107,0,2,13,0,15,951,105,59,7,1122,0,0,0,1122
09/25/2020,CLT,NC,ASO,ES,Combined TRACON& Tower with Radar,949,123,49,2,1123,0,0,0,0,0,949,123,49,2,1123,0,0,0,1123
09/26/2020,CLT,NC,ASO,ES,Combined TRACON& Tower with Radar,929,108,17,1,1055,0,1,8,0,9,929,109,25,1,1064,0,0,0,1064
09/27/2020,CLT,NC,ASO,ES,Combined TRACON& Tower with Radar,935,122,32,0,1089,0,0,5,0,5,935,122,37,0,1094,0,0,0,1094
09/28/2020,CLT,NC,ASO,ES,Combined TRACON& Tower with Radar,937,118,41,0,1096,0,2,5,0,7,937,120,46,0,1103,0,0,0,1103
09/29/2020,CLT,NC,ASO,ES,Combined TRACON& Tower with Radar,928,112,39,5,1084,0,0,6,0,6,928,112,45,5,1090,0,0,0,1090
09/30/2020,CLT,NC,ASO,ES,Combined TRACON& Tower with Radar,936,119,49,3,1107,0,1,16,1,18,936,120,65,4,1125,0,0,0,1125
10/01/2020,CLT,NC,ASO,ES,Combined TRACON& Tower with Radar,961,110,57,7,1135,0,1,17,1,19,961,111,74,8,1154,0,0,0,1154
10/02/2020,CLT,NC,ASO,ES,Combined TRACON& Tower with Radar,949,122,48,6,1125,0,1,24,1,26,949,123,72,7,1151,0,0,0,1151
10/03/2020,CLT,NC,ASO,ES,Combined TRACON& Tower with Radar,939,104,23,0,1066,0,2,9,0,11,939,106,32,0,1077,0,0,0,1077
10/04/2020,CLT,NC,ASO,ES,Combined TRACON& Tower with Radar,940,117,40,1,1098,0,0,12,1,13,940,117,52,2,1111,0,0,0,1111
10/05/2020,CLT,NC,ASO,ES,Combined TRACON& Tower with Radar,943,119,39,2,1103,0,5,13,0,18,943,124,52,2,1121,0,0,0,1121
10/06/2020,CLT,NC,ASO,ES,Combined TRACON& Tower with Radar,932,116,35,5,1088,0,5,20,2,27,932,121,55,7,1115,0,0,0,1115
10/07/2020,CLT,NC,ASO,ES,Combined TRACON& Tower with Radar,842,83,40,3,968,0,2,15,0,17,842,85,55,3,985,0,0,0,985
10/08/2020,CLT,NC,ASO,ES,Combined TRACON& Tower with Radar,1035,94,64,7,1200,0,3,28,2,33,1035,97,92,9,1233,0,0,0,1233
10/09/2020,CLT,NC,ASO,ES,Combined TRACON& Tower with Radar,1040,94,58,0,1192,0,5,10,0,15,1040,99,68,0,1207,0,0,0,1207
10/10/2020,CLT,NC,ASO,ES,Combined TRACON& Tower with Radar,1030,68,8,1,1107,0,0,0,0,0,1030,68,8,1,1107,0,0,0,1107
10/11/2020,CLT,NC,ASO,ES,Combined TRACON& Tower with Radar,1044,82,28,0,1154,0,0,3,0,3,1044,82,31,0,1157,0,0,0,1157
10/12/2020,CLT,NC,ASO,ES,Combined TRACON& Tower with Radar,1032,85,37,0,1154,0,0,1,0,1,1032,85,38,0,1155,0,0,0,1155
10/13/2020,CLT,NC,ASO,ES,Combined TRACON& Tower with Radar,860,77,60,6,1003,0,4,13,0,17,860,81,73,6,1020,0,0,0,1020
10/14/2020,CLT,NC,ASO,ES,Combined TRACON& Tower with Radar,874,84,51,3,1012,0,2,21,0,23,874,86,72,3,1035,0,0,0,1035
10/15/2020,CLT,NC,ASO,ES,Combined TRACON& Tower with Radar,1041,102,45,5,1193,0,2,23,1,26,1041,104,68,6,1219,0,0,0,1219
10/16/2020,CLT,NC,ASO,ES,Combined TRACON& Tower with Radar,1039,76,67,1,1183,0,5,25,0,30,1039,81,92,1,1213,0,0,0,1213
10/17/2020,CLT,NC,ASO,ES,Combined TRACON& Tower with Radar,1016,65,27,0,1108,0,1,18,0,19,1016,66,45,0,1127,0,0,0,1127
10/18/2020,CLT,NC,ASO,ES,Combined TRACON& Tower with Radar,1030,84,32,0,1146,0,1,13,1,15,1030,85,45,1,1161,0,0,0,1161
10/19/2020,CLT,NC,ASO,ES,Combined TRACON& Tower with Radar,1028,87,44,3,1162,0,4,10,5,19,1028,91,54,8,1181,0,0,0,1181
10/20/2020,CLT,NC,ASO,ES,Combined TRACON& Tower with Radar,852,72,32,15,971,0,6,24,4,34,852,78,56,19,1005,0,0,0,1005
10/21/2020,CLT,NC,ASO,ES,Combined TRACON& Tower with Radar,871,79,47,3,1000,0,9,27,2,38,871,88,74,5,1038,0,0,0,1038
10/22/2020,CLT,NC,ASO,ES,Combined TRACON& Tower with Radar,1030,95,63,14,1202,0,2,35,0,37,1030,97,98,14,1239,0,0,0,1239
10/23/2020,CLT,NC,ASO,ES,Combined TRACON& Tower with Radar,1030,87,52,2,1171,0,0,19,0,19,1030,87,71,2,1190,0,0,0,1190
10/24/2020,CLT,NC,ASO,ES,Combined TRACON& Tower with Radar,1014,64,20,0,1098,0,1,3,0,4,1014,65,23,0,1102,0,0,0,1102
10/25/2020,CLT,NC,ASO,ES,Combined TRACON& Tower with Radar,1017,83,24,0,1124,0,0,1,0,1,1017,83,25,0,1125,0,0,0,1125
10/26/2020,CLT,NC,ASO,ES,Combined TRACON& Tower with Radar,1013,74,41,2,1130,0,1,14,0,15,1013,75,55,2,1145,0,0,0,1145
10/27/2020,CLT,NC,ASO,ES,Combined TRACON& Tower with Radar,845,67,62,1,975,0,3,8,0,11,845,70,70,1,986,0,0,0,986
10/28/2020,CLT,NC,ASO,ES,Combined TRACON& Tower with Radar,852,75,54,4,985,0,2,3,0,5,852,77,57,4,990,0,0,0,990
10/29/2020,CLT,NC,ASO,ES,Combined TRACON& Tower with Radar,1068,97,41,5,1211,0,0,6,2,8,1068,97,47,7,1219,0,0,0,1219
10/30/2020,CLT,NC,ASO,ES,Combined TRACON& Tower with Radar,1027,89,53,5,1174,0,4,13,2,19,1027,93,66,7,1193,0,0,0,1193
10/31/2020,CLT,NC,ASO,ES,Combined TRACON& Tower with Radar,680,62,27,5,774,0,1,13,10,24,680,63,40,15,798,0,0,0,798
11/01/2020,CLT,NC,ASO,ES,Combined TRACON& Tower with Radar,702,88,40,7,837,0,1,2,2,5,702,89,42,9,842,0,0,0,842
11/02/2020,CLT,NC,ASO,ES,Combined TRACON& Tower with Radar,1015,81,32,5,1133,0,7,15,4,26,1015,88,47,9,1159,0,0,0,1159
11/03/2020,CLT,NC,ASO,ES,Combined TRACON& Tower with Radar,838,71,32,5,946,0,6,25,0,31,838,77,57,5,977,0,0,0,977
11/04/2020,CLT,NC,ASO,ES,Combined TRACON& Tower with Radar,741,85,39,3,868,0,0,34,2,36,741,85,73,5,904,0,0,0,904
11/05/2020,CLT,NC,ASO,ES,Combined TRACON& Tower with Radar,1029,128,61,5,1223,0,0,23,0,23,1029,128,84,5,1246,0,0,0,1246
11/06/2020,CLT,NC,ASO,ES,Combined TRACON& Tower with Radar,1035,122,45,2,1204,0,0,22,0,22,1035,122,67,2,1226,0,0,0,1226
11/07/2020,CLT,NC,ASO,ES,Combined TRACON& Tower with Radar,997,111,23,5,1136,0,0,9,0,9,997,111,32,5,1145,0,0,0,1145
11/08/2020,CLT,NC,ASO,ES,Combined TRACON& Tower with Radar,1022,118,38,2,1180,0,0,2,0,2,1022,118,40,2,1182,0,0,0,1182
11/09/2020,CLT,NC,ASO,ES,Combined TRACON& Tower with Radar,1027,126,41,0,1194,0,3,12,3,18,1027,129,53,3,1212,0,0,0,1212
11/10/2020,CLT,NC,ASO,ES,Combined TRACON& Tower with Radar,761,104,32,4,901,0,2,10,0,12,761,106,42,4,913,0,0,0,913
11/11/2020,CLT,NC,ASO,ES,Combined TRACON& Tower with Radar,764,95,40,0,899,0,0,0,1,1,764,95,40,1,900,0,0,0,900
11/12/2020,CLT,NC,ASO,ES,Combined TRACON& Tower with Radar,1032,131,51,0,1214,0,0,0,0,0,1032,131,51,0,1214,0,0,0,1214
11/13/2020,CLT,NC,ASO,ES,Combined TRACON& Tower with Radar,1048,118,50,1,1217,0,0,11,0,11,1048,118,61,1,1228,0,0,0,1228
11/14/2020,CLT,NC,ASO,ES,Combined TRACON& Tower with Radar,1008,120,33,0,1161,0,0,9,0,9,1008,120,42,0,1170,0,0,0,1170
11/15/2020,CLT,NC,ASO,ES,Combined TRACON& Tower with Radar,1031,135,37,0,1203,0,0,5,0,5,1031,135,42,0,1208,0,0,0,1208
11/16/2020,CLT,NC,ASO,ES,Combined TRACON& Tower with Radar,1030,126,31,3,1190,0,2,7,2,11,1030,128,38,5,1201,0,0,0,1201
11/17/2020,CLT,NC,ASO,ES,Combined TRACON& Tower with Radar,764,93,31,5,893,0,0,21,1,22,764,93,52,6,915,0,0,0,915
11/18/2020,CLT,NC,ASO,ES,Combined TRACON& Tower with Radar,774,110,55,5,944,0,2,23,2,27,774,112,78,7,971,0,0,0,971
11/19/2020,CLT,NC,ASO,ES,Combined TRACON& Tower with Radar,1042,127,31,4,1204,0,3,19,1,23,1042,130,50,5,1227,0,0,0,1227
11/20/2020,CLT,NC,ASO,ES,Combined TRACON& Tower with Radar,1040,136,32,4,1212,0,6,17,1,24,1040,142,49,5,1236,0,0,0,1236
11/21/2020,CLT,NC,ASO,ES,Combined TRACON& Tower with Radar,1022,125,32,0,1179,0,1,16,2,19,1022,126,48,2,1198,0,0,0,1198
11/22/2020,CLT,NC,ASO,ES,Combined TRACON& Tower with Radar,1042,125,34,0,1201,0,0,5,0,5,1042,125,39,0,1206,0,0,0,1206
11/23/2020,CLT,NC,ASO,ES,Combined TRACON& Tower with Radar,637,93,22,0,752,0,3,11,0,14,637,96,33,0,766,0,0,0,766
11/24/2020,CLT,NC,ASO,ES,Combined TRACON& Tower with Radar,1037,132,43,5,1217,0,1,16,0,17,1037,133,59,5,1234,0,0,0,1234
11/25/2020,CLT,NC,ASO,ES,Combined TRACON& Tower with Radar,1056,135,42,1,1234,0,0,8,0,8,1056,135,50,1,1242,0,0,0,1242
11/26/2020,CLT,NC,ASO,ES,Combined TRACON& Tower with Radar,236,28,9,0,273,0,0,2,0,2,236,28,11,0,275,0,0,0,275
11/27/2020,CLT,NC,ASO,ES,Combined TRACON& Tower with Radar,853,100,14,0,967,0,1,4,0,5,853,101,18,0,972,0,0,0,972
11/28/2020,CLT,NC,ASO,ES,Combined TRACON& Tower with Radar,1036,136,43,1,1216,0,0,15,0,15,1036,136,58,1,1231,0,0,0,1231
11/29/2020,CLT,NC,ASO,ES,Combined TRACON& Tower with Radar,1054,126,30,0,1210,0,2,2,0,4,1054,128,32,0,1214,0,0,0,1214
11/30/2020,CLT,NC,ASO,ES,Combined TRACON& Tower with Radar,1049,128,44,7,1228,0,3,0,0,3,1049,131,44,7,1231,0,0,0,1231
12/01/2020,CLT,NC,ASO,ES,Combined TRACON& Tower with Radar,1028,114,52,4,1198,0,7,14,2,23,1028,121,66,6,1221,0,0,0,1221
12/02/2020,CLT,NC,ASO,ES,Combined TRACON& Tower with Radar,754,85,54,5,898,0,3,11,0,14,754,88,65,5,912,0,0,0,912
12/03/2020,CLT,NC,ASO,ES,Combined TRACON& Tower with Radar,1028,128,55,5,1216,0,3,17,0,20,1028,131,72,5,1236,0,0,0,1236
12/04/2020,CLT,NC,ASO,ES,Combined TRACON& Tower with Radar,1020,129,49,3,1201,0,0,11,0,11,1020,129,60,3,1212,0,0,0,1212
12/05/2020,CLT,NC,ASO,ES,Combined TRACON& Tower with Radar,747,93,14,3,857,0,1,5,0,6,747,94,19,3,863,0,0,0,863
12/06/2020,CLT,NC,ASO,ES,Combined TRACON& Tower with Radar,1017,130,26,3,1176,0,1,7,0,8,1017,131,33,3,1184,0,0,0,1184
12/07/2020,CLT,NC,ASO,ES,Combined TRACON& Tower with Radar,1017,139,25,5,1186,0,5,14,0,19,1017,144,39,5,1205,0,0,0,1205
12/08/2020,CLT,NC,ASO,ES,Combined TRACON& Tower with Radar,735,88,42,4,869,0,3,16,0,19,735,91,58,4,888,0,0,0,888
12/09/2020,CLT,NC,ASO,ES,Combined TRACON& Tower with Radar,757,85,45,3,890,0,6,18,0,24,757,91,63,3,914,0,0,0,914
12/10/2020,CLT,NC,ASO,ES,Combined TRACON& Tower with Radar,1026,118,49,3,1196,0,0,17,0,17,1026,118,66,3,1213,0,0,0,1213
12/11/2020,CLT,NC,ASO,ES,Combined TRACON& Tower with Radar,1028,124,38,2,1192,0,7,21,0,28,1028,131,59,2,1220,0,0,0,1220
12/12/2020,CLT,NC,ASO,ES,Combined TRACON& Tower with Radar,756,90,24,2,872,0,0,11,0,11,756,90,35,2,883,0,0,0,883
12/13/2020,CLT,NC,ASO,ES,Combined TRACON& Tower with Radar,1015,129,33,1,1178,0,1,1,0,2,1015,130,34,1,1180,0,0,0,1180
12/14/2020,CLT,NC,ASO,ES,Combined TRACON& Tower with Radar,1015,128,44,4,1191,0,1,5,1,7,1015,129,49,5,1198,0,0,0,1198
12/15/2020,CLT,NC,ASO,ES,Combined TRACON& Tower with Radar,752,84,72,5,913,0,3,19,0,22,752,87,91,5,935,0,0,0,935
12/16/2020,CLT,NC,ASO,ES,Combined TRACON& Tower with Radar,717,95,41,0,853,0,0,0,0,0,717,95,41,0,853,0,0,0,853
12/17/2020,CLT,NC,ASO,ES,Combined TRACON& Tower with Radar,983,137,57,4,1181,0,2,7,0,9,983,139,64,4,1190,0,0,0,1190
12/18/2020,CLT,NC,ASO,ES,Combined TRACON& Tower with Radar,1046,152,57,2,1257,0,2,19,0,21,1046,154,76,2,1278,0,0,0,1278
12/19/2020,CLT,NC,ASO,ES,Combined TRACON& Tower with Radar,1082,200,57,0,1339,0,0,15,0,15,1082,200,72,0,1354,0,0,0,1354
12/20/2020,CLT,NC,ASO,ES,Combined TRACON& Tower with Radar,1052,153,24,0,1229,0,0,1,0,1,1052,153,25,0,1230,0,0,0,1230
12/21/2020,CLT,NC,ASO,ES,Combined TRACON& Tower with Radar,1042,147,27,0,1216,0,3,7,0,10,1042,150,34,0,1226,0,0,0,1226
12/22/2020,CLT,NC,ASO,ES,Combined TRACON& Tower with Radar,1046,142,32,4,1224,1,5,26,2,34,1047,147,58,6,1258,0,0,0,1258
12/23/2020,CLT,NC,ASO,ES,Combined TRACON& Tower with Radar,1042,159,48,1,1250,0,2,19,0,21,1042,161,67,1,1271,0,0,0,1271
12/24/2020,CLT,NC,ASO,ES,Combined TRACON& Tower with Radar,828,119,12,1,960,0,0,0,0,0,828,119,12,1,960,0,0,0,960
12/25/2020,CLT,NC,ASO,ES,Combined TRACON& Tower with Radar,649,92,10,0,751,0,0,1,0,1,649,92,11,0,752,0,0,0,752
12/26/2020,CLT,NC,ASO,ES,Combined TRACON& Tower with Radar,1038,145,32,0,1215,0,3,12,0,15,1038,148,44,0,1230,0,0,0,1230
12/27/2020,CLT,NC,ASO,ES,Combined TRACON& Tower with Radar,1035,146,43,0,1224,0,2,13,0,15,1035,148,56,0,1239,0,0,0,1239
12/28/2020,CLT,NC,ASO,ES,Combined TRACON& Tower with Radar,1035,139,30,0,1204,0,3,8,0,11,1035,142,38,0,1215,0,0,0,1215
12/29/2020,CLT,NC,ASO,ES,Combined TRACON& Tower with Radar,1033,131,34,4,1202,0,0,13,0,13,1033,131,47,4,1215,0,0,0,1215
12/30/2020,CLT,NC,ASO,ES,Combined TRACON& Tower with Radar,1042,141,29,2,1214,0,2,9,0,11,1042,143,38,2,1225,0,0,0,1225
12/31/2020,CLT,NC,ASO,ES,Combined TRACON& Tower with Radar,836,121,8,0,965,0,0,0,0,0,836,121,8,0,965,0,0,0,965
01/01/2021,CLT,NC,ASO,ES,Combined TRACON& Tower with Radar,650,98,14,0,762,0,0,0,0,0,650,98,14,0,762,0,0,0,762
01/02/2021,CLT,NC,ASO,ES,Combined TRACON& Tower with Radar,1058,146,58,0,1262,0,0,4,0,4,1058,146,62,0,1266,0,0,0,1266
01/03/2021,CLT,NC,ASO,ES,Combined TRACON& Tower with Radar,1054,150,42,1,1247,0,0,0,0,0,1054,150,42,1,1247,0,0,0,1247
01/04/2021,CLT,NC,ASO,ES,Combined TRACON& Tower with Radar,1016,133,35,0,1184,0,0,11,0,11,1016,133,46,0,1195,0,0,0,1195
01/05/2021,CLT,NC,ASO,ES,Combined TRACON& Tower with Radar,796,104,34,6,940,0,5,30,0,35,796,109,64,6,975,0,0,0,975
01/06/2021,CLT,NC,ASO,ES,Combined TRACON& Tower with Radar,803,122,35,6,966,0,3,38,0,41,803,125,73,6,1007,0,0,0,1007
01/07/2021,CLT,NC,ASO,ES,Combined TRACON& Tower with Radar,1029,167,45,0,1241,0,0,12,0,12,1029,167,57,0,1253,0,0,0,1253
01/08/2021,CLT,NC,ASO,ES,Combined TRACON& Tower with Radar,966,130,32,1,1129,0,0,0,0,0,966,130,32,1,1129,0,0,0,1129
01/09/2021,CLT,NC,ASO,ES,Combined TRACON& Tower with Radar,795,106,16,0,917,0,0,8,0,8,795,106,24,0,925,0,0,0,925
01/10/2021,CLT,NC,ASO,ES,Combined TRACON& Tower with Radar,1018,153,22,2,1195,0,0,7,0,7,1018,153,29,2,1202,0,0,0,1202
01/11/2021,CLT,NC,ASO,ES,Combined TRACON& Tower with Radar,1021,157,32,5,1215,0,0,9,0,9,1021,157,41,5,1224,0,0,0,1224
01/12/2021,CLT,NC,ASO,ES,Combined TRACON& Tower with Radar,791,113,32,0,936,0,2,8,0,10,791,115,40,0,946,0,0,0,946
01/13/2021,CLT,NC,ASO,ES,Combined TRACON& Tower with Radar,811,119,48,2,980,0,2,17,0,19,811,121,65,2,999,0,0,0,999
01/14/2021,CLT,NC,ASO,ES,Combined TRACON& Tower with Radar,1031,156,42,5,1234,0,0,24,1,25,1031,156,66,6,1259,0,0,0,1259
01/15/2021,CLT,NC,ASO,ES,Combined TRACON& Tower with Radar,1030,148,31,4,1213,0,0,17,0,17,1030,148,48,4,1230,0,0,0,1230
01/16/2021,CLT,NC,ASO,ES,Combined TRACON& Tower with Radar,799,113,8,0,920,0,0,16,2,18,799,113,24,2,938,0,0,0,938
01/17/2021,CLT,NC,ASO,ES,Combined TRACON& Tower with Radar,1017,160,22,1,1200,0,0,0,2,2,1017,160,22,3,1202,0,0,0,1202
01/18/2021,CLT,NC,ASO,ES,Combined TRACON& Tower with Radar,1020,162,38,1,1221,0,2,4,2,8,1020,164,42,3,1229,0,0,0,1229
01/19/2021,CLT,NC,ASO,ES,Combined TRACON& Tower with Radar,803,112,30,7,952,0,1,44,2,47,803,113,74,9,999,0,0,0,999
01/20/2021,CLT,NC,ASO,ES,Combined TRACON& Tower with Radar,799,108,38,2,947,0,7,40,2,49,799,115,78,4,996,0,0,0,996
01/21/2021,CLT,NC,ASO,ES,Combined TRACON& Tower with Radar,1034,150,40,4,1228,0,5,37,2,44,1034,155,77,6,1272,0,0,0,1272
01/22/2021,CLT,NC,ASO,ES,Combined TRACON& Tower with Radar,1028,156,54,0,1238,0,3,42,0,45,1028,159,96,0,1283,0,0,0,1283
01/23/2021,CLT,NC,ASO,ES,Combined TRACON& Tower with Radar,790,109,26,0,925,0,1,9,0,10,790,110,35,0,935,0,0,0,935
01/24/2021,CLT,NC,ASO,ES,Combined TRACON& Tower with Radar,1023,156,31,3,1213,0,0,6,3,9,1023,156,37,6,1222,0,0,0,1222
01/25/2021,CLT,NC,ASO,ES,Combined TRACON& Tower with Radar,1012,160,20,6,1198,0,0,0,0,0,1012,160,20,6,1198,0,0,0,1198
01/26/2021,CLT,NC,ASO,ES,Combined TRACON& Tower with Radar,808,113,38,4,963,0,0,0,0,0,808,113,38,4,963,0,0,0,963
01/27/2021,CLT,NC,ASO,ES,Combined TRACON& Tower with Radar,798,123,43,3,967,0,0,9,2,11,798,123,52,5,978,0,0,0,978
01/28/2021,CLT,NC,ASO,ES,Combined TRACON& Tower with Radar,806,162,40,4,1012,0,10,29,3,42,806,172,69,7,1054,0,0,0,1054
01/29/2021,CLT,NC,ASO,ES,Combined TRACON& Tower with Radar,1018,144,28,4,1194,0,6,10,2,18,1018,150,38,6,1212,0,0,0,1212
01/30/2021,CLT,NC,ASO,ES,Combined TRACON& Tower with Radar,785,105,8,0,898,0,1,8,1,10,785,106,16,1,908,0,0,0,908
01/31/2021,CLT,NC,ASO,ES,Combined TRACON& Tower with Radar,1002,156,29,0,1187,0,0,1,0,1,1002,156,30,0,1188,0,0,0,1188
02/01/2021,CLT,NC,ASO,ES,Combined TRACON& Tower with Radar,942,141,23,4,1110,0,2,6,4,12,942,143,29,8,1122,0,0,0,1122
02/02/2021,CLT,NC,ASO,ES,Combined TRACON& Tower with Radar,767,118,46,5,936,0,4,15,3,22,767,122,61,8,958,0,0,0,958
02/03/2021,CLT,NC,ASO,ES,Combined TRACON& Tower with Radar,795,121,46,2,964,0,5,26,4,35,795,126,72,6,999,0,0,0,999
02/04/2021,CLT,NC,ASO,ES,Combined TRACON& Tower with Radar,1021,180,58,5,1264,0,1,14,3,18,1021,181,72,8,1282,0,0,0,1282
02/05/2021,CLT,NC,ASO,ES,Combined TRACON& Tower with Radar,1022,162,26,0,1210,0,0,9,0,9,1022,162,35,0,1219,0,0,0,1219
02/06/2021,CLT,NC,ASO,ES,Combined TRACON& Tower with Radar,788,120,33,0,941,0,2,5,0,7,788,122,38,0,948,0,0,0,948
02/07/2021,CLT,NC,ASO,ES,Combined TRACON& Tower with Radar,1005,164,27,0,1196,0,0,3,0,3,1005,164,30,0,1199,0,0,0,1199
02/08/2021,CLT,NC,ASO,ES,Combined TRACON& Tower with Radar,1012,158,49,3,1222,0,5,13,1,19,1012,163,62,4,1241,0,0,0,1241
02/09/2021,CLT,NC,ASO,ES,Combined TRACON& Tower with Radar,792,108,41,9,950,0,3,9,0,12,792,111,50,9,962,0,0,0,962
02/10/2021,CLT,NC,ASO,ES,Combined TRACON& Tower with Radar,791,110,51,3,955,0,3,6,1,10,791,113,57,4,965,0,0,0,965
02/11/2021,CLT,NC,ASO,ES,Combined TRACON& Tower with Radar,1034,157,40,0,1231,0,0,1,0,1,1034,157,41,0,1232,0,0,0,1232
02/12/2021,CLT,NC,ASO,ES,Combined TRACON& Tower with Radar,1049,149,34,0,1232,0,0,0,0,0,1049,149,34,0,1232,0,0,0,1232
02/13/2021,CLT,NC,ASO,ES,Combined TRACON& Tower with Radar,793,111,7,0,911,0,0,0,0,0,793,111,7,0,911,0,0,0,911
02/14/2021,CLT,NC,ASO,ES,Combined TRACON& Tower with Radar,984,155,18,0,1157,0,0,0,0,0,984,155,18,0,1157,0,0,0,1157
02/15/2021,CLT,NC,ASO,ES,Combined TRACON& Tower with Radar,916,139,36,1,1092,0,0,0,0,0,916,139,36,1,1092,0,0,0,1092
02/16/2021,CLT,NC,ASO,ES,Combined TRACON& Tower with Radar,731,100,39,6,876,0,0,11,2,13,731,100,50,8,889,0,0,0,889
02/17/2021,CLT,NC,ASO,ES,Combined TRACON& Tower with Radar,755,110,61,5,931,0,7,23,0,30,755,117,84,5,961,0,0,0,961
02/18/2021,CLT,NC,ASO,ES,Combined TRACON& Tower with Radar,944,116,36,4,1100,0,0,1,0,1,944,116,37,4,1101,0,0,0,1101
02/19/2021,CLT,NC,ASO,ES,Combined TRACON& Tower with Radar,1007,143,53,3,1206,0,3,8,2,13,1007,146,61,5,1219,0,0,0,1219
02/20/2021,CLT,NC,ASO,ES,Combined TRACON& Tower with Radar,804,103,21,0,928,0,1,17,0,18,804,104,38,0,946,0,0,0,946
02/21/2021,CLT,NC,ASO,ES,Combined TRACON& Tower with Radar,1035,151,40,2,1228,0,4,8,0,12,1035,155,48,2,1240,0,0,0,1240
02/22/2021,CLT,NC,ASO,ES,Combined TRACON& Tower with Radar,1039,148,32,0,1219,0,2,5,0,7,1039,150,37,0,1226,0,0,0,1226
02/23/2021,CLT,NC,ASO,ES,Combined TRACON& Tower with Radar,817,112,37,6,972,0,4,24,2,30,817,116,61,8,1002,0,0,0,1002
02/24/2021,CLT,NC,ASO,ES,Combined TRACON& Tower with Radar,814,116,43,5,978,0,4,23,2,29,814,120,66,7,1007,0,0,0,1007
02/25/2021,CLT,NC,ASO,ES,Combined TRACON& Tower with Radar,1051,151,87,4,1293,0,2,19,6,27,1051,153,106,10,1320,0,0,0,1320
02/26/2021,CLT,NC,ASO,ES,Combined TRACON& Tower with Radar,1055,147,41,2,1245,0,3,3,0,6,1055,150,44,2,1251,0,0,0,1251
02/27/2021,CLT,NC,ASO,ES,Combined TRACON& Tower with Radar,808,113,23,2,946,0,0,2,0,2,808,113,25,2,948,0,0,0,948
02/28/2021,CLT,NC,ASO,ES,Combined TRACON& Tower with Radar,1051,126,37,0,1214,0,2,3,1,6,1051,128,40,1,1220,0,0,0,1220
03/01/2021,CLT,NC,ASO,ES,Combined TRACON& Tower with Radar,1034,145,37,3,1219,0,0,5,0,5,1034,145,42,3,1224,0,0,0,1224
03/02/2021,CLT,NC,ASO,ES,Combined TRACON& Tower with Radar,810,107,50,12,979,0,3,12,0,15,810,110,62,12,994,0,0,0,994
03/03/2021,CLT,NC,ASO,ES,Combined TRACON& Tower with Radar,813,120,50,4,987,0,4,14,0,18,813,124,64,4,1005,0,0,0,1005
03/04/2021,CLT,NC,ASO,ES,Combined TRACON& Tower with Radar,1189,180,58,4,1431,0,3,17,0,20,1189,183,75,4,1451,0,0,0,1451
03/05/2021,CLT,NC,ASO,ES,Combined TRACON& Tower with Radar,1251,177,44,2,1474,0,4,14,2,20,1251,181,58,4,1494,0,0,0,1494
03/06/2021,CLT,NC,ASO,ES,Combined TRACON& Tower with Radar,1192,163,24,0,1379,0,1,15,2,18,1192,164,39,2,1397,0,0,0,1397
03/07/2021,CLT,NC,ASO,ES,Combined TRACON& Tower with Radar,1170,168,33,5,1376,0,3,5,1,9,1170,171,38,6,1385,0,0,0,1385
03/08/2021,CLT,NC,ASO,ES,Combined TRACON& Tower with Radar,1242,172,34,1,1449,0,6,15,0,21,1242,178,49,1,1470,0,0,0,1470
03/09/2021,CLT,NC,ASO,ES,Combined TRACON& Tower with Radar,1130,172,39,4,1345,0,7,16,0,23,1130,179,55,4,1368,0,0,0,1368
03/10/2021,CLT,NC,ASO,ES,Combined TRACON& Tower with Radar,1147,167,34,2,1350,0,5,13,0,18,1147,172,47,2,1368,0,0,0,1368
03/11/2021,CLT,NC,ASO,ES,Combined TRACON& Tower with Radar,1255,182,69,5,1511,0,7,18,0,25,1255,189,87,5,1536,0,0,0,1536
03/12/2021,CLT,NC,ASO,ES,Combined TRACON& Tower with Radar,1257,190,62,0,1509,0,6,13,1,20,1257,196,75,1,1529,0,0,0,1529
03/13/2021,CLT,NC,ASO,ES,Combined TRACON& Tower with Radar,1189,181,30,2,1402,0,1,10,0,11,1189,182,40,2,1413,0,0,0,1413
03/14/2021,CLT,NC,ASO,ES,Combined TRACON& Tower with Radar,1146,174,28,1,1349,0,2,6,0,8,1146,176,34,1,1357,0,0,0,1357
03/15/2021,CLT,NC,ASO,ES,Combined TRACON& Tower with Radar,1228,186,41,3,1458,0,2,18,2,22,1228,188,59,5,1480,0,0,0,1480
03/16/2021,CLT,NC,ASO,ES,Combined TRACON& Tower with Radar,1144,160,33,4,1341,0,0,0,0,0,1144,160,33,4,1341,0,0,0,1341
03/17/2021,CLT,NC,ASO,ES,Combined TRACON& Tower with Radar,1145,169,62,2,1378,0,0,4,2,6,1145,169,66,4,1384,0,0,0,1384
03/18/2021,CLT,NC,ASO,ES,Combined TRACON& Tower with Radar,1230,179,48,1,1458,0,0,6,0,6,1230,179,54,1,1464,0,0,0,1464
03/19/2021,CLT,NC,ASO,ES,Combined TRACON& Tower with Radar,1260,187,47,4,1498,0,3,9,2,14,1260,190,56,6,1512,0,0,0,1512
03/20/2021,CLT,NC,ASO,ES,Combined TRACON& Tower with Radar,1201,171,37,0,1409,0,3,18,1,22,1201,174,55,1,1431,0,0,0,1431
03/21/2021,CLT,NC,ASO,ES,Combined TRACON& Tower with Radar,1157,185,52,1,1395,0,4,3,0,7,1157,189,55,1,1402,0,0,0,1402
03/22/2021,CLT,NC,ASO,ES,Combined TRACON& Tower with Radar,1235,190,43,1,1469,0,2,13,3,18,1235,192,56,4,1487,0,0,0,1487
03/23/2021,CLT,NC,ASO,ES,Combined TRACON& Tower with Radar,1145,170,37,2,1354,0,4,7,2,13,1145,174,44,4,1367,0,0,0,1367
03/24/2021,CLT,NC,ASO,ES,Combined TRACON& Tower with Radar,1156,177,46,3,1382,0,2,6,0,8,1156,179,52,3,1390,0,0,0,1390
03/25/2021,CLT,NC,ASO,ES,Combined TRACON& Tower with Radar,1252,189,55,2,1498,0,1,8,2,11,1252,190,63,4,1509,0,0,0,1509
03/26/2021,CLT,NC,ASO,ES,Combined TRACON& Tower with Radar,1263,187,43,0,1493,0,0,12,1,13,1263,187,55,1,1506,0,0,0,1506
03/27/2021,CLT,NC,ASO,ES,Combined TRACON& Tower with Radar,1196,173,34,0,1403,0,0,9,0,9,1196,173,43,0,1412,0,0,0,1412
03/28/2021,CLT,NC,ASO,ES,Combined TRACON& Tower with Radar,1168,168,38,0,1374,0,0,2,4,6,1168,168,40,4,1380,0,0,0,1380
03/29/2021,CLT,NC,ASO,ES,Combined TRACON& Tower with Radar,1250,168,54,0,1472,0,5,11,2,18,1250,173,65,2,1490,0,0,0,1490
03/30/2021,CLT,NC,ASO,ES,Combined TRACON& Tower with Radar,1153,148,58,5,1364,0,0,24,5,29,1153,148,82,10,1393,0,0,0,1393
03/31/2021,CLT,NC,ASO,ES,Combined TRACON& Tower with Radar,1159,162,65,1,1387,0,0,3,0,3,1159,162,68,1,1390,0,0,0,1390
04/01/2021,CLT,NC,ASO,ES,Combined TRACON& Tower with Radar,1255,202,51,4,1512,0,4,9,0,13,1255,206,60,4,1525,0,0,0,1525
04/02/2021,CLT,NC,ASO,ES,Combined TRACON& Tower with Radar,1255,197,29,1,1482,0,2,14,0,16,1255,199,43,1,1498,0,0,0,1498
04/03/2021,CLT,NC,ASO,ES,Combined TRACON& Tower with Radar,1243,189,16,0,1448,0,2,3,0,5,1243,191,19,0,1453,0,0,0,1453
04/04/2021,CLT,NC,ASO,ES,Combined TRACON& Tower with Radar,1199,190,31,0,1420,0,2,4,0,6,1199,192,35,0,1426,0,0,0,1426
04/05/2021,CLT,NC,ASO,ES,Combined TRACON& Tower with Radar,1266,206,51,1,1524,0,7,17,2,26,1266,213,68,3,1550,0,0,0,1550
04/06/2021,CLT,NC,ASO,ES,Combined TRACON& Tower with Radar,1179,165,52,7,1403,0,5,15,0,20,1179,170,67,7,1423,0,0,0,1423
04/07/2021,CLT,NC,ASO,ES,Combined TRACON& Tower with Radar,1259,206,52,3,1520,0,2,21,2,25,1259,208,73,5,1545,0,0,0,1545
04/08/2021,CLT,NC,ASO,ES,Combined TRACON& Tower with Radar,1272,203,46,6,1527,0,6,18,5,29,1272,209,64,11,1556,0,0,0,1556
04/09/2021,CLT,NC,ASO,ES,Combined TRACON& Tower with Radar,1274,214,47,1,1536,0,5,17,3,25,1274,219,64,4,1561,0,0,0,1561
04/10/2021,CLT,NC,ASO,ES,Combined TRACON& Tower with Radar,1215,197,21,4,1437,0,0,5,0,5,1215,197,26,4,1442,0,0,0,1442
04/11/2021,CLT,NC,ASO,ES,Combined TRACON& Tower with Radar,1126,183,42,2,1353,0,0,5,0,5,1126,183,47,2,1358,0,0,0,1358
04/12/2021,CLT,NC,ASO,ES,Combined TRACON& Tower with Radar,1255,208,69,3,1535,0,2,11,0,13,1255,210,80,3,1548,0,0,0,1548
04/13/2021,CLT,NC,ASO,ES,Combined TRACON& Tower with Radar,1184,187,51,5,1427,0,10,17,4,31,1184,197,68,9,1458,0,0,0,1458
04/14/2021,CLT,NC,ASO,ES,Combined TRACON& Tower with Radar,1252,212,51,3,1518,0,1,14,2,17,1252,213,65,5,1535,0,0,0,1535
04/15/2021,CLT,NC,ASO,ES,Combined TRACON& Tower with Radar,1275,215,58,6,1554,0,4,19,2,25,1275,219,77,8,1579,0,0,0,1579
04/16/2021,CLT,NC,ASO,ES,Combined TRACON& Tower with Radar,1275,203,60,3,1541,0,6,20,0,26,1275,209,80,3,1567,0,0,0,1567
04/17/2021,CLT,NC,ASO,ES,Combined TRACON& Tower with Radar,1228,183,18,3,1432,0,1,6,0,7,1228,184,24,3,1439,0,0,0,1439
04/18/2021,CLT,NC,ASO,ES,Combined TRACON& Tower with Radar,1189,195,46,2,1432,0,1,1,0,2,1189,196,47,2,1434,0,0,0,1434
04/19/2021,CLT,NC,ASO,ES,Combined TRACON& Tower with Radar,1264,195,54,0,1513,0,3,15,0,18,1264,198,69,0,1531,0,0,0,1531
04/20/2021,CLT,NC,ASO,ES,Combined TRACON& Tower with Radar,1181,177,47,3,1408,0,5,11,0,16,1181,182,58,3,1424,0,0,0,1424
04/21/2021,CLT,NC,ASO,ES,Combined TRACON& Tower with Radar,1255,200,64,3,1522,0,3,9,0,12,1255,203,73,3,1534,0,0,0,1534
04/22/2021,CLT,NC,ASO,ES,Combined TRACON& Tower with Radar,1280,204,71,5,1560,0,7,13,3,23,1280,211,84,8,1583,0,0,0,1583
04/23/2021,CLT,NC,ASO,ES,Combined TRACON& Tower with Radar,1266,206,62,2,1536,0,0,13,4,17,1266,206,75,6,1553,0,0,0,1553
04/24/2021,CLT,NC,ASO,ES,Combined TRACON& Tower with Radar,1221,190,21,2,1434,0,0,0,0,0,1221,190,21,2,1434,0,0,0,1434
04/25/2021,CLT,NC,ASO,ES,Combined TRACON& Tower with Radar,1197,186,39,2,1424,0,1,7,0,8,1197,187,46,2,1432,0,0,0,1432
04/26/2021,CLT,NC,ASO,ES,Combined TRACON& Tower with Radar,1262,210,55,0,1527,0,2,4,0,6,1262,212,59,0,1533,0,0,0,1533
04/27/2021,CLT,NC,ASO,ES,Combined TRACON& Tower with Radar,1172,174,85,4,1435,0,0,4,0,4,1172,174,89,4,1439,0,0,0,1439
04/28/2021,CLT,NC,ASO,ES,Combined TRACON& Tower with Radar,1259,190,74,4,1527,0,9,12,0,21,1259,199,86,4,1548,0,0,0,1548
04/29/2021,CLT,NC,ASO,ES,Combined TRACON& Tower with Radar,1269,212,73,5,1559,0,4,9,0,13,1269,216,82,5,1572,0,0,0,1572
04/30/2021,CLT,NC,ASO,ES,Combined TRACON& Tower with Radar,1272,197,75,8,1552,0,3,19,0,22,1272,200,94,8,1574,0,0,0,1574
05/01/2021,CLT,NC,ASO,ES,Combined TRACON& Tower with Radar,1217,213,36,12,1478,0,3,12,0,15,1217,216,48,12,1493,0,0,0,1493
05/02/2021,CLT,NC,ASO,ES,Combined TRACON& Tower with Radar,1197,188,59,7,1451,0,2,3,0,5,1197,190,62,7,1456,0,0,0,1456
05/03/2021,CLT,NC,ASO,ES,Combined TRACON& Tower with Radar,1256,205,52,1,1514,0,0,2,0,2,1256,205,54,1,1516,0,0,0,1516
05/04/2021,CLT,NC,ASO,ES,Combined TRACON& Tower with Radar,1094,159,77,6,1336,0,0,4,0,4,1094,159,81,6,1340,0,0,0,1340
05/05/2021,CLT,NC,ASO,ES,Combined TRACON& Tower with Radar,1291,225,84,2,1602,0,3,17,0,20,1291,228,101,2,1622,0,0,0,1622
05/06/2021,CLT,NC,ASO,ES,Combined TRACON& Tower with Radar,1288,187,82,6,1563,0,2,16,0,18,1288,189,98,6,1581,0,0,0,1581
05/07/2021,CLT,NC,ASO,ES,Combined TRACON& Tower with Radar,1317,180,62,1,1560,0,7,13,0,20,1317,187,75,1,1580,0,0,0,1580
05/08/2021,CLT,NC,ASO,ES,Combined TRACON& Tower with Radar,1274,185,42,2,1503,0,2,10,0,12,1274,187,52,2,1515,0,0,0,1515
05/09/2021,CLT,NC,ASO,ES,Combined TRACON& Tower with Radar,1218,196,26,4,1444,0,7,6,0,13,1218,203,32,4,1457,0,0,0,1457
05/10/2021,CLT,NC,ASO,ES,Combined TRACON& Tower with Radar,1290,176,51,7,1524,0,7,11,0,18,1290,183,62,7,1542,0,0,0,1542
05/11/2021,CLT,NC,ASO,ES,Combined TRACON& Tower with Radar,1214,165,68,2,1449,0,2,10,0,12,1214,167,78,2,1461,0,0,0,1461
05/12/2021,CLT,NC,ASO,ES,Combined TRACON& Tower with Radar,1304,184,75,4,1567,0,1,13,0,14,1304,185,88,4,1581,0,0,0,1581
05/13/2021,CLT,NC,ASO,ES,Combined TRACON& Tower with Radar,1311,194,85,5,1595,0,3,11,0,14,1311,197,96,5,1609,0,0,0,1609
05/14/2021,CLT,NC,ASO,ES,Combined TRACON& Tower with Radar,1308,190,74,3,1575,0,6,24,0,30,1308,196,98,3,1605,0,0,0,1605
05/15/2021,CLT,NC,ASO,ES,Combined TRACON& Tower with Radar,1257,167,14,0,1438,2,7,14,0,23,1259,174,28,0,1461,0,0,0,1461
05/16/2021,CLT,NC,ASO,ES,Combined TRACON& Tower with Radar,1216,172,41,1,1430,0,0,7,0,7,1216,172,48,1,1437,0,0,0,1437
05/17/2021,CLT,NC,ASO,ES,Combined TRACON& Tower with Radar,1293,178,52,1,1524,0,7,15,0,22,1293,185,67,1,1546,0,0,0,1546
05/18/2021,CLT,NC,ASO,ES,Combined TRACON& Tower with Radar,1220,166,62,3,1451,0,4,13,2,19,1220,170,75,5,1470,0,0,0,1470
05/19/2021,CLT,NC,ASO,ES,Combined TRACON& Tower with Radar,1316,184,80,2,1582,0,2,7,0,9,1316,186,87,2,1591,0,0,0,1591
05/20/2021,CLT,NC,ASO,ES,Combined TRACON& Tower with Radar,1306,171,84,9,1570,0,13,19,0,32,1306,184,103,9,1602,0,0,0,1602
05/21/2021,CLT,NC,ASO,ES,Combined TRACON& Tower with Radar,1301,186,66,0,1553,0,12,15,0,27,1301,198,81,0,1580,0,0,0,1580
05/22/2021,CLT,NC,ASO,ES,Combined TRACON& Tower with Radar,1263,173,29,0,1465,0,1,11,0,12,1263,174,40,0,1477,0,0,0,1477
05/23/2021,CLT,NC,ASO,ES,Combined TRACON& Tower with Radar,1220,178,46,0,1444,0,3,7,0,10,1220,181,53,0,1454,0,0,0,1454
05/24/2021,CLT,NC,ASO,ES,Combined TRACON& Tower with Radar,1293,185,49,1,1528,0,7,23,0,30,1293,192,72,1,1558,0,0,0,1558
05/25/2021,CLT,NC,ASO,ES,Combined TRACON& Tower with Radar,1212,178,47,5,1442,0,5,15,0,20,1212,183,62,5,1462,0,0,0,1462
05/26/2021,CLT,NC,ASO,ES,Combined TRACON& Tower with Radar,1306,188,67,4,1565,0,6,13,0,19,1306,194,80,4,1584,0,0,0,1584
05/27/2021,CLT,NC,ASO,ES,Combined TRACON& Tower with Radar,1318,180,95,6,1599,0,8,23,1,32,1318,188,118,7,1631,0,0,0,1631
05/28/2021,CLT,NC,ASO,ES,Combined TRACON& Tower with Radar,1310,176,62,0,1548,0,3,8,1,12,1310,179,70,1,1560,0,0,0,1560
05/29/2021,CLT,NC,ASO,ES,Combined TRACON& Tower with Radar,1266,165,14,0,1445,0,1,14,1,16,1266,166,28,1,1461,0,0,0,1461
05/30/2021,CLT,NC,ASO,ES,Combined TRACON& Tower with Radar,1199,153,25,1,1378,0,2,5,1,8,1199,155,30,2,1386,0,0,0,1386
05/31/2021,CLT,NC,ASO,ES,Combined TRACON& Tower with Radar,1287,176,34,0,1497,0,0,7,0,7,1287,176,41,0,1504,0,0,0,1504
06/01/2021,CLT,NC,ASO,ES,Combined TRACON& Tower with Radar,1206,173,74,3,1456,0,0,16,2,18,1206,173,90,5,1474,0,0,0,1474
06/02/2021,CLT,NC,ASO,ES,Combined TRACON& Tower with Radar,1299,185,78,1,1563,0,8,6,0,14,1299,193,84,1,1577,0,0,0,1577
06/03/2021,CLT,NC,ASO,ES,Combined TRACON& Tower with Radar,1267,177,65,1,1510,0,0,9,0,9,1267,177,74,1,1519,0,0,0,1519
06/04/2021,CLT,NC,ASO,ES,Combined TRACON& Tower with Radar,1327,175,49,2,1553,0,0,9,1,10,1327,175,58,3,1563,0,0,0,1563
06/05/2021,CLT,NC,ASO,ES,Combined TRACON& Tower with Radar,1248,153,28,2,1431,0,1,6,0,7,1248,154,34,2,1438,0,0,0,1438
06/06/2021,CLT,NC,ASO,ES,Combined TRACON& Tower with Radar,1280,166,45,0,1491,0,2,7,0,9,1280,168,52,0,1500,0,0,0,1500
06/07/2021,CLT,NC,ASO,ES,Combined TRACON& Tower with Radar,1190,145,53,1,1389,0,0,4,0,4,1190,145,57,1,1393,0,0,0,1393
06/08/2021,CLT,NC,ASO,ES,Combined TRACON& Tower with Radar,1316,170,74,5,1565,0,0,13,0,13,1316,170,87,5,1578,0,0,0,1578
06/09/2021,CLT,NC,ASO,ES,Combined TRACON& Tower with Radar,1294,173,73,6,1546,0,0,13,0,13,1294,173,86,6,1559,0,0,0,1559
06/10/2021,CLT,NC,ASO,ES,Combined TRACON& Tower with Radar,1330,170,73,5,1578,0,1,11,0,12,1330,171,84,5,1590,0,0,0,1590
06/11/2021,CLT,NC,ASO,ES,Combined TRACON& Tower with Radar,1308,162,45,3,1518,0,2,13,0,15,1308,164,58,3,1533,0,0,0,1533
06/12/2021,CLT,NC,ASO,ES,Combined TRACON& Tower with Radar,1195,155,29,1,1380,0,0,4,0,4,1195,155,33,1,1384,0,0,0,1384
06/13/2021,CLT,NC,ASO,ES,Combined TRACON& Tower with Radar,1303,161,50,0,1514,0,2,3,0,5,1303,163,53,0,1519,0,0,0,1519
06/14/2021,CLT,NC,ASO,ES,Combined TRACON& Tower with Radar,1329,174,45,1,1549,0,5,9,0,14,1329,179,54,1,1563,0,0,0,1563
06/15/2021,CLT,NC,ASO,ES,Combined TRACON& Tower with Radar,1297,173,56,7,1533,0,1,12,5,18,1297,174,68,12,1551,0,0,0,1551
06/16/2021,CLT,NC,ASO,ES,Combined TRACON& Tower with Radar,1310,175,80,5,1570,0,4,18,2,24,1310,179,98,7,1594,0,0,0,1594
06/17/2021,CLT,NC,ASO,ES,Combined TRACON& Tower with Radar,1319,176,102,5,1602,0,6,14,0,20,1319,182,116,5,1622,0,0,0,1622
06/18/2021,CLT,NC,ASO,ES,Combined TRACON& Tower with Radar,1303,162,45,0,1510,0,5,10,0,15,1303,167,55,0,1525,0,0,0,1525
06/19/2021,CLT,NC,ASO,ES,Combined TRACON& Tower with Radar,1215,151,32,1,1399,0,2,9,0,11,1215,153,41,1,1410,0,0,0,1410
06/20/2021,CLT,NC,ASO,ES,Combined TRACON& Tower with Radar,1264,169,53,1,1487,0,0,1,0,1,1264,169,54,1,1488,0,0,0,1488
06/21/2021,CLT,NC,ASO,ES,Combined TRACON& Tower with Radar,1284,173,52,3,1512,0,1,12,2,15,1284,174,64,5,1527,0,0,0,1527
06/22/2021,CLT,NC,ASO,ES,Combined TRACON& Tower with Radar,1290,187,89,7,1573,0,1,4,0,5,1290,188,93,7,1578,0,0,0,1578
06/23/2021,CLT,NC,ASO,ES,Combined TRACON& Tower with Radar,1326,181,78,6,1591,0,3,17,0,20,1326,184,95,6,1611,0,0,0,1611
06/24/2021,CLT,NC,ASO,ES,Combined TRACON& Tower with Radar,1321,177,82,2,1582,0,11,14,3,28,1321,188,96,5,1610,0,0,0,1610
06/25/2021,CLT,NC,ASO,ES,Combined TRACON& Tower with Radar,1310,166,60,10,1546,0,5,17,0,22,1310,171,77,10,1568,0,0,0,1568
06/26/2021,CLT,NC,ASO,ES,Combined TRACON& Tower with Radar,1220,163,28,2,1413,0,3,12,1,16,1220,166,40,3,1429,0,0,0,1429
06/27/2021,CLT,NC,ASO,ES,Combined TRACON& Tower with Radar,1294,165,37,9,1505,0,3,6,0,9,1294,168,43,9,1514,0,0,0,1514
06/28/2021,CLT,NC,ASO,ES,Combined TRACON& Tower with Radar,1327,167,66,3,1563,0,5,10,0,15,1327,172,76,3,1578,0,0,0,1578
06/29/2021,CLT,NC,ASO,ES,Combined TRACON& Tower with Radar,1316,169,50,4,1539,0,0,16,0,16,1316,169,66,4,1555,0,0,0,1555
06/30/2021,CLT,NC,ASO,ES,Combined TRACON& Tower with Radar,1281,165,67,3,1516,0,1,7,0,8,1281,166,74,3,1524,0,0,0,1524
07/01/2021,CLT,NC,ASO,ES,Combined TRACON& Tower with Radar,1298,167,67,3,1535,0,9,7,0,16,1298,176,74,3,1551,0,0,0,1551
07/02/2021,CLT,NC,ASO,ES,Combined TRACON& Tower with Radar,1297,159,47,0,1503,0,0,7,0,7,1297,159,54,0,1510,0,0,0,1510
07/03/2021,CLT,NC,ASO,ES,Combined TRACON& Tower with Radar,1237,159,26,0,1422,0,0,9,0,9,1237,159,35,0,1431,0,0,0,1431
07/04/2021,CLT,NC,ASO,ES,Combined TRACON& Tower with Radar,1023,99,18,2,1142,0,1,4,2,7,1023,100,22,4,1149,0,0,0,1149
07/05/2021,CLT,NC,ASO,ES,Combined TRACON& Tower with Radar,1300,164,44,0,1508,0,0,6,0,6,1300,164,50,0,1514,0,0,0,1514
07/06/2021,CLT,NC,ASO,ES,Combined TRACON& Tower with Radar,1244,163,42,3,1452,0,5,11,0,16,1244,168,53,3,1468,0,0,0,1468
07/07/2021,CLT,NC,ASO,ES,Combined TRACON& Tower with Radar,1321,162,50,4,1537,0,3,24,2,29,1321,165,74,6,1566,0,0,0,1566
07/08/2021,CLT,NC,ASO,ES,Combined TRACON& Tower with Radar,1325,155,43,3,1526,0,1,14,0,15,1325,156,57,3,1541,0,0,0,1541
07/09/2021,CLT,NC,ASO,ES,Combined TRACON& Tower with Radar,1293,153,61,0,1507,0,4,14,2,20,1293,157,75,2,1527,0,0,0,1527
07/10/2021,CLT,NC,ASO,ES,Combined TRACON& Tower with Radar,1260,171,33,0,1464,0,0,6,0,6,1260,171,39,0,1470,0,0,0,1470
07/11/2021,CLT,NC,ASO,ES,Combined TRACON& Tower with Radar,1313,162,59,2,1536,0,2,2,0,4,1313,164,61,2,1540,0,0,0,1540
07/12/2021,CLT,NC,ASO,ES,Combined TRACON& Tower with Radar,1300,165,60,2,1527,0,3,13,0,16,1300,168,73,2,1543,0,0,0,1543
07/13/2021,CLT,NC,ASO,ES,Combined TRACON& Tower with Radar,1329,170,80,2,1581,0,6,12,5,23,1329,176,92,7,1604,0,0,0,1604
07/14/2021,CLT,NC,ASO,ES,Combined TRACON& Tower with Radar,1288,166,82,6,1542,0,4,7,2,13,1288,170,89,8,1555,0,0,0,1555
07/15/2021,CLT,NC,ASO,ES,Combined TRACON& Tower with Radar,1365,179,76,7,1627,0,5,10,1,16,1365,184,86,8,1643,0,0,0,1643
07/16/2021,CLT,NC,ASO,ES,Combined TRACON& Tower with Radar,1334,158,63,3,1558,0,0,18,0,18,1334,158,81,3,1576,0,0,0,1576
07/17/2021,CLT,NC,ASO,ES,Combined TRACON& Tower with Radar,1221,138,21,0,1380,0,0,4,0,4,1221,138,25,0,1384,0,0,0,1384
07/18/2021,CLT,NC,ASO,ES,Combined TRACON& Tower with Radar,1307,156,63,1,1527,0,0,1,0,1,1307,156,64,1,1528,0,0,0,1528
07/19/2021,CLT,NC,ASO,ES,Combined TRACON& Tower with Radar,1337,160,43,2,1542,0,0,1,0,1,1337,160,44,2,1543,0,0,0,1543
07/20/2021,CLT,NC,ASO,ES,Combined TRACON& Tower with Radar,1318,175,68,4,1565,0,6,8,2,16,1318,181,76,6,1581,0,0,0,1581
07/21/2021,CLT,NC,ASO,ES,Combined TRACON& Tower with Radar,1334,170,82,6,1592,0,0,20,3,23,1334,170,102,9,1615,0,0,0,1615
07/22/2021,CLT,NC,ASO,ES,Combined TRACON& Tower with Radar,1328,179,66,5,1578,0,3,27,1,31,1328,182,93,6,1609,0,0,0,1609
07/23/2021,CLT,NC,ASO,ES,Combined TRACON& Tower with Radar,1322,161,61,2,1546,0,1,14,0,15,1322,162,75,2,1561,0,0,0,1561
07/24/2021,CLT,NC,ASO,ES,Combined TRACON& Tower with Radar,1254,153,33,1,1441,0,2,7,0,9,1254,155,40,1,1450,0,0,0,1450
07/25/2021,CLT,NC,ASO,ES,Combined TRACON& Tower with Radar,1311,164,55,1,1531,0,0,6,0,6,1311,164,61,1,1537,0,0,0,1537
07/26/2021,CLT,NC,ASO,ES,Combined TRACON& Tower with Radar,1107,130,60,3,1300,0,1,5,0,6,1107,131,65,3,1306,0,0,0,1306
07/27/2021,CLT,NC,ASO,ES,Combined TRACON& Tower with Radar,1299,168,59,6,1532,0,1,13,0,14,1299,169,72,6,1546,0,0,0,1546
07/28/2021,CLT,NC,ASO,ES,Combined TRACON& Tower with Radar,1328,164,92,3,1587,0,6,22,0,28,1328,170,114,3,1615,0,0,0,1615
07/29/2021,CLT,NC,ASO,ES,Combined TRACON& Tower with Radar,1328,169,93,9,1599,0,4,28,0,32,1328,173,121,9,1631,0,0,0,1631
07/30/2021,CLT,NC,ASO,ES,Combined TRACON& Tower with Radar,1325,157,61,2,1545,0,4,13,1,18,1325,161,74,3,1563,0,0,0,1563
07/31/2021,CLT,NC,ASO,ES,Combined TRACON& Tower with Radar,1201,148,33,0,1382,0,1,13,0,14,1201,149,46,0,1396,0,0,0,1396
08/01/2021,CLT,NC,ASO,ES,Combined TRACON& Tower with Radar,1278,168,61,4,1511,0,1,1,0,2,1278,169,62,4,1513,0,0,0,1513
08/02/2021,CLT,NC,ASO,ES,Combined TRACON& Tower with Radar,1253,161,68,2,1484,0,6,8,4,18,1253,167,76,6,1502,0,0,0,1502
08/03/2021,CLT,NC,ASO,ES,Combined TRACON& Tower with Radar,1263,174,61,3,1501,0,0,11,0,11,1263,174,72,3,1512,0,0,0,1512
08/04/2021,CLT,NC,ASO,ES,Combined TRACON& Tower with Radar,1318,171,55,3,1547,0,4,19,1,24,1318,175,74,4,1571,0,0,0,1571
08/05/2021,CLT,NC,ASO,ES,Combined TRACON& Tower with Radar,1333,173,72,5,1583,0,1,26,0,27,1333,174,98,5,1610,0,0,0,1610
08/06/2021,CLT,NC,ASO,ES,Combined TRACON& Tower with Radar,1321,168,58,0,1547,0,5,14,0,19,1321,173,72,0,1566,0,0,0,1566
08/07/2021,CLT,NC,ASO,ES,Combined TRACON& Tower with Radar,1231,153,29,4,1417,0,1,11,0,12,1231,154,40,4,1429,0,0,0,1429
08/08/2021,CLT,NC,ASO,ES,Combined TRACON& Tower with Radar,1313,161,36,0,1510,0,3,4,2,9,1313,164,40,2,1519,0,0,0,1519
08/09/2021,CLT,NC,ASO,ES,Combined TRACON& Tower with Radar,1302,161,45,1,1509,0,1,6,0,7,1302,162,51,1,1516,0,0,0,1516
08/10/2021,CLT,NC,ASO,ES,Combined TRACON& Tower with Radar,1280,161,59,2,1502,0,3,17,0,20,1280,164,76,2,1522,0,0,0,1522
08/11/2021,CLT,NC,ASO,ES,Combined TRACON& Tower with Radar,1270,166,65,5,1506,0,0,13,0,13,1270,166,78,5,1519,0,0,0,1519
08/12/2021,CLT,NC,ASO,ES,Combined TRACON& Tower with Radar,1348,172,68,4,1592,0,2,13,1,16,1348,174,81,5,1608,0,0,0,1608
08/13/2021,CLT,NC,ASO,ES,Combined TRACON& Tower with Radar,1257,147,50,7,1461,0,3,13,5,21,1257,150,63,12,1482,0,0,0,1482
08/14/2021,CLT,NC,ASO,ES,Combined TRACON& Tower with Radar,1084,130,38,12,1264,0,0,3,0,3,1084,130,41,12,1267,0,0,0,1267
08/15/2021,CLT,NC,ASO,ES,Combined TRACON& Tower with Radar,1192,161,67,2,1422,0,0,4,0,4,1192,161,71,2,1426,0,0,0,1426
08/16/2021,CLT,NC,ASO,ES,Combined TRACON& Tower with Radar,1304,161,63,2,1530,0,1,3,0,4,1304,162,66,2,1534,0,0,0,1534
08/17/2021,CLT,NC,ASO,ES,Combined TRACON& Tower with Radar,1131,136,57,2,1326,0,0,0,0,0,1131,136,57,2,1326,0,0,0,1326
08/18/2021,CLT,NC,ASO,ES,Combined TRACON& Tower with Radar,1223,141,80,0,1444,0,6,6,5,17,1223,147,86,5,1461,0,0,0,1461
08/19/2021,CLT,NC,ASO,ES,Combined TRACON& Tower with Radar,1292,151,70,4,1517,0,7,8,2,17,1292,158,78,6,1534,0,0,0,1534
08/20/2021,CLT,NC,ASO,ES,Combined TRACON& Tower with Radar,1358,149,64,2,1573,0,3,8,0,11,1358,152,72,2,1584,0,0,0,1584
08/21/2021,CLT,NC,ASO,ES,Combined TRACON& Tower with Radar,1139,140,39,1,1319,0,0,13,1,14,1139,140,52,2,1333,0,0,0,1333
08/22/2021,CLT,NC,ASO,ES,Combined TRACON& Tower with Radar,1318,149,36,0,1503,0,0,5,0,5,1318,149,41,0,1508,0,0,0,1508
08/23/2021,CLT,NC,ASO,ES,Combined TRACON& Tower with Radar,1166,133,45,3,1347,0,4,10,1,15,1166,137,55,4,1362,0,0,0,1362
08/24/2021,CLT,NC,ASO,ES,Combined TRACON& Tower with Radar,1154,134,83,5,1376,0,5,18,1,24,1154,139,101,6,1400,0,0,0,1400
08/25/2021,CLT,NC,ASO,ES,Combined TRACON& Tower with Radar,1190,131,66,4,1391,0,7,16,2,25,1190,138,82,6,1416,0,0,0,1416
08/26/2021,CLT,NC,ASO,ES,Combined TRACON& Tower with Radar,1331,157,74,7,1569,0,4,12,2,18,1331,161,86,9,1587,0,0,0,1587
08/27/2021,CLT,NC,ASO,ES,Combined TRACON& Tower with Radar,1340,160,73,0,1573,0,6,16,3,25,1340,166,89,3,1598,0,0,0,1598
08/28/2021,CLT,NC,ASO,ES,Combined TRACON& Tower with Radar,1145,130,24,0,1299,0,1,12,0,13,1145,131,36,0,1312,0,0,0,1312
08/29/2021,CLT,NC,ASO,ES,Combined TRACON& Tower with Radar,1301,154,47,0,1502,0,0,5,0,5,1301,154,52,0,1507,0,0,0,1507
08/30/2021,CLT,NC,ASO,ES,Combined TRACON& Tower with Radar,1138,132,55,0,1325,0,5,12,0,17,1138,137,67,0,1342,0,0,0,1342
08/31/2021,CLT,NC,ASO,ES,Combined TRACON& Tower with Radar,1133,147,63,0,1343,0,0,8,1,9,1133,147,71,1,1352,0,0,0,1352
09/01/2021,CLT,NC,ASO,ES,Combined TRACON& Tower with Radar,1104,129,42,0,1275,0,0,11,0,11,1104,129,53,0,1286,0,0,0,1286
09/02/2021,CLT,NC,ASO,ES,Combined TRACON& Tower with Radar,1322,146,84,4,1556,0,11,20,0,31,1322,157,104,4,1587,0,0,0,1587
09/03/2021,CLT,NC,ASO,ES,Combined TRACON& Tower with Radar,1328,170,104,1,1603,0,8,25,1,34,1328,178,129,2,1637,0,0,0,1637
09/04/2021,CLT,NC,ASO,ES,Combined TRACON& Tower with Radar,1155,170,91,0,1416,0,1,15,0,16,1155,171,106,0,1432,0,0,0,1432
09/05/2021,CLT,NC,ASO,ES,Combined TRACON& Tower with Radar,838,141,118,0,1097,0,1,9,0,10,838,142,127,0,1107,0,0,0,1107
09/06/2021,CLT,NC,ASO,ES,Combined TRACON& Tower with Radar,1068,114,36,1,1219,0,0,6,0,6,1068,114,42,1,1225,0,0,0,1225
09/07/2021,CLT,NC,ASO,ES,Combined TRACON& Tower with Radar,1121,128,70,5,1324,0,4,18,2,24,1121,132,88,7,1348,0,0,0,1348
09/08/2021,CLT,NC,ASO,ES,Combined TRACON& Tower with Radar,1055,101,60,3,1219,0,4,15,0,19,1055,105,75,3,1238,0,0,0,1238
09/09/2021,CLT,NC,ASO,ES,Combined TRACON& Tower with Radar,1355,144,71,2,1572,0,0,13,0,13,1355,144,84,2,1585,0,0,0,1585
09/10/2021,CLT,NC,ASO,ES,Combined TRACON& Tower with Radar,1364,150,64,0,1578,0,4,17,0,21,1364,154,81,0,1599,0,0,0,1599
09/11/2021,CLT,NC,ASO,ES,Combined TRACON& Tower with Radar,1154,135,27,5,1321,0,1,15,0,16,1154,136,42,5,1337,0,0,0,1337
09/12/2021,CLT,NC,ASO,ES,Combined TRACON& Tower with Radar,1353,158,71,5,1587,0,0,5,1,6,1353,158,76,6,1593,0,0,0,1593
09/13/2021,CLT,NC,ASO,ES,Combined TRACON& Tower with Radar,1189,140,73,1,1403,0,6,11,1,18,1189,146,84,2,1421,0,0,0,1421
09/14/2021,CLT,NC,ASO,ES,Combined TRACON& Tower with Radar,1065,110,47,7,1229,0,1,18,1,20,1065,111,65,8,1249,0,0,0,1249
09/15/2021,CLT,NC,ASO,ES,Combined TRACON& Tower with Radar,1087,106,78,3,1274,0,0,10,0,10,1087,106,88,3,1284,0,0,0,1284
09/16/2021,CLT,NC,ASO,ES,Combined TRACON& Tower with Radar,1369,154,69,5,1597,0,3,16,1,20,1369,157,85,6,1617,0,0,0,1617
09/17/2021,CLT,NC,ASO,ES,Combined TRACON& Tower with Radar,1357,154,55,0,1566,0,1,12,0,13,1357,155,67,0,1579,0,0,0,1579
09/18/2021,CLT,NC,ASO,ES,Combined TRACON& Tower with Radar,1167,116,32,4,1319,0,3,15,0,18,1167,119,47,4,1337,0,0,0,1337
09/19/2021,CLT,NC,ASO,ES,Combined TRACON& Tower with Radar,1346,152,79,0,1577,0,3,6,2,11,1346,155,85,2,1588,0,0,0,1588
09/20/2021,CLT,NC,ASO,ES,Combined TRACON& Tower with Radar,1179,134,77,0,1390,0,0,9,0,9,1179,134,86,0,1399,0,0,0,1399
09/21/2021,CLT,NC,ASO,ES,Combined TRACON& Tower with Radar,1070,115,60,5,1250,0,0,0,0,0,1070,115,60,5,1250,0,0,0,1250
09/22/2021,CLT,NC,ASO,ES,Combined TRACON& Tower with Radar,1079,106,80,1,1266,0,1,0,0,1,1079,107,80,1,1267,0,0,0,1267
09/23/2021,CLT,NC,ASO,ES,Combined TRACON& Tower with Radar,1323,158,76,3,1560,0,5,29,3,37,1323,163,105,6,1597,0,0,0,1597
09/24/2021,CLT,NC,ASO,ES,Combined TRACON& Tower with Radar,1365,152,64,5,1586,0,5,28,0,33,1365,157,92,5,1619,0,0,0,1619
09/25/2021,CLT,NC,ASO,ES,Combined TRACON& Tower with Radar,1178,117,29,5,1329,0,0,12,0,12,1178,117,41,5,1341,0,0,0,1341
09/26/2021,CLT,NC,ASO,ES,Combined TRACON& Tower with Radar,1334,152,51,5,1542,0,2,10,0,12,1334,154,61,5,1554,0,0,0,1554
09/27/2021,CLT,NC,ASO,ES,Combined TRACON& Tower with Radar,1201,137,70,0,1408,0,6,6,0,12,1201,143,76,0,1420,0,0,0,1420
09/28/2021,CLT,NC,ASO,ES,Combined TRACON& Tower with Radar,1068,109,87,1,1265,0,0,20,0,20,1068,109,107,1,1285,0,0,0,1285
09/29/2021,CLT,NC,ASO,ES,Combined TRACON& Tower with Radar,1080,114,57,2,1253,0,4,23,0,27,1080,118,80,2,1280,0,0,0,1280
09/30/2021,CLT,NC,ASO,ES,Combined TRACON& Tower with Radar,1354,174,76,2,1606,0,2,18,0,20,1354,176,94,2,1626,0,0,0,1626
10/01/2021,CLT,NC,ASO,ES,Combined TRACON& Tower with Radar,1359,172,72,0,1603,0,2,29,1,32,1359,174,101,1,1635,0,0,0,1635
10/02/2021,CLT,NC,ASO,ES,Combined TRACON& Tower with Radar,1159,130,34,1,1324,0,1,14,0,15,1159,131,48,1,1339,0,0,0,1339
10/03/2021,CLT,NC,ASO,ES,Combined TRACON& Tower with Radar,1341,150,72,0,1563,0,1,9,0,10,1341,151,81,0,1573,0,0,0,1573
10/04/2021,CLT,NC,ASO,ES,Combined TRACON& Tower with Radar,1183,147,50,3,1383,0,2,13,3,18,1183,149,63,6,1401,0,0,0,1401
10/05/2021,CLT,NC,ASO,ES,Combined TRACON& Tower with Radar,1074,118,81,6,1279,0,3,14,0,17,1074,121,95,6,1296,0,0,0,1296
10/06/2021,CLT,NC,ASO,ES,Combined TRACON& Tower with Radar,1100,121,90,2,1313,0,4,10,4,18,1100,125,100,6,1331,0,0,0,1331
10/07/2021,CLT,NC,ASO,ES,Combined TRACON& Tower with Radar,1336,171,72,5,1584,0,1,6,0,7,1336,172,78,5,1591,0,0,0,1591
10/08/2021,CLT,NC,ASO,ES,Combined TRACON& Tower with Radar,1296,167,70,0,1533,0,0,0,1,1,1296,167,70,1,1534,0,0,0,1534
10/09/2021,CLT,NC,ASO,ES,Combined TRACON& Tower with Radar,1126,148,40,0,1314,0,2,4,0,6,1126,150,44,0,1320,0,0,0,1320
10/10/2021,CLT,NC,ASO,ES,Combined TRACON& Tower with Radar,1292,182,91,1,1566,0,2,8,1,11,1292,184,99,2,1577,0,0,0,1577
10/11/2021,CLT,NC,ASO,ES,Combined TRACON& Tower with Radar,1319,183,66,0,1568,0,1,6,2,9,1319,184,72,2,1577,0,0,0,1577
10/12/2021,CLT,NC,ASO,ES,Combined TRACON& Tower with Radar,1171,171,86,5,1433,0,7,17,1,25,1171,178,103,6,1458,0,0,0,1458
10/13/2021,CLT,NC,ASO,ES,Combined TRACON& Tower with Radar,1320,193,93,3,1609,0,4,17,2,23,1320,197,110,5,1632,0,0,0,1632
10/14/2021,CLT,NC,ASO,ES,Combined TRACON& Tower with Radar,1320,176,63,2,1561,0,2,19,0,21,1320,178,82,2,1582,0,0,0,1582
10/15/2021,CLT,NC,ASO,ES,Combined TRACON& Tower with Radar,1335,175,71,0,1581,0,4,19,0,23,1335,179,90,0,1604,0,0,0,1604
10/16/2021,CLT,NC,ASO,ES,Combined TRACON& Tower with Radar,1136,127,28,0,1291,0,3,7,0,10,1136,130,35,0,1301,0,0,0,1301
10/17/2021,CLT,NC,ASO,ES,Combined TRACON& Tower with Radar,1314,179,78,0,1571,0,4,7,0,11,1314,183,85,0,1582,0,0,0,1582
10/18/2021,CLT,NC,ASO,ES,Combined TRACON& Tower with Radar,1307,175,71,2,1555,0,8,13,0,21,1307,183,84,2,1576,0,0,0,1576
10/19/2021,CLT,NC,ASO,ES,Combined TRACON& Tower with Radar,1185,149,75,6,1415,0,4,14,0,18,1185,153,89,6,1433,0,0,0,1433
10/20/2021,CLT,NC,ASO,ES,Combined TRACON& Tower with Radar,1341,188,92,2,1623,0,1,18,2,21,1341,189,110,4,1644,0,0,0,1644
10/21/2021,CLT,NC,ASO,ES,Combined TRACON& Tower with Radar,1344,177,82,6,1609,0,4,15,0,19,1344,181,97,6,1628,0,0,0,1628
10/22/2021,CLT,NC,ASO,ES,Combined TRACON& Tower with Radar,1334,171,71,1,1577,0,2,14,0,16,1334,173,85,1,1593,0,0,0,1593
10/23/2021,CLT,NC,ASO,ES,Combined TRACON& Tower with Radar,1134,139,43,0,1316,0,5,7,0,12,1134,144,50,0,1328,0,0,0,1328
10/24/2021,CLT,NC,ASO,ES,Combined TRACON& Tower with Radar,1330,172,70,1,1573,0,0,2,0,2,1330,172,72,1,1575,0,0,0,1575
10/25/2021,CLT,NC,ASO,ES,Combined TRACON& Tower with Radar,1328,172,59,3,1562,0,0,6,4,10,1328,172,65,7,1572,0,0,0,1572
10/26/2021,CLT,NC,ASO,ES,Combined TRACON& Tower with Radar,1178,154,84,6,1422,0,8,14,2,24,1178,162,98,8,1446,0,0,0,1446
10/27/2021,CLT,NC,ASO,ES,Combined TRACON& Tower with Radar,1339,175,76,6,1596,0,7,13,4,24,1339,182,89,10,1620,0,0,0,1620
10/28/2021,CLT,NC,ASO,ES,Combined TRACON& Tower with Radar,1316,177,102,2,1597,0,0,6,2,8,1316,177,108,4,1605,0,0,0,1605
10/29/2021,CLT,NC,ASO,ES,Combined TRACON& Tower with Radar,1272,158,81,1,1512,0,2,10,0,12,1272,160,91,1,1524,0,0,0,1524
10/30/2021,CLT,NC,ASO,ES,Combined TRACON& Tower with Radar,981,138,50,0,1169,0,0,2,0,2,981,138,52,0,1171,0,0,0,1171
10/31/2021,CLT,NC,ASO,ES,Combined TRACON& Tower with Radar,867,160,64,1,1092,0,1,6,0,7,867,161,70,1,1099,0,0,0,1099
11/01/2021,CLT,NC,ASO,ES,Combined TRACON& Tower with Radar,1170,173,94,1,1438,0,4,8,2,14,1170,177,102,3,1452,0,0,0,1452
11/02/2021,CLT,NC,ASO,ES,Combined TRACON& Tower with Radar,958,145,79,4,1186,0,5,12,1,18,958,150,91,5,1204,0,0,0,1204
11/03/2021,CLT,NC,ASO,ES,Combined TRACON& Tower with Radar,1155,180,97,2,1434,0,3,22,0,25,1155,183,119,2,1459,0,0,0,1459
11/04/2021,CLT,NC,ASO,ES,Combined TRACON& Tower with Radar,1253,195,88,4,1540,0,0,7,0,7,1253,195,95,4,1547,0,0,0,1547
11/05/2021,CLT,NC,ASO,ES,Combined TRACON& Tower with Radar,1259,190,87,0,1536,0,8,23,0,31,1259,198,110,0,1567,0,0,0,1567
11/06/2021,CLT,NC,ASO,ES,Combined TRACON& Tower with Radar,1053,163,42,0,1258,0,0,7,0,7,1053,163,49,0,1265,0,0,0,1265
11/07/2021,CLT,NC,ASO,ES,Combined TRACON& Tower with Radar,1126,193,72,3,1394,0,4,12,0,16,1126,197,84,3,1410,0,0,0,1410
11/08/2021,CLT,NC,ASO,ES,Combined TRACON& Tower with Radar,1240,204,78,0,1522,0,1,10,2,13,1240,205,88,2,1535,0,0,0,1535
11/09/2021,CLT,NC,ASO,ES,Combined TRACON& Tower with Radar,983,156,82,4,1225,0,5,14,3,22,983,161,96,7,1247,0,0,0,1247
11/10/2021,CLT,NC,ASO,ES,Combined TRACON& Tower with Radar,1163,181,90,2,1436,0,3,19,2,24,1163,184,109,4,1460,0,0,0,1460
11/11/2021,CLT,NC,ASO,ES,Combined TRACON& Tower with Radar,1254,200,85,1,1540,0,5,15,2,22,1254,205,100,3,1562,0,0,0,1562
11/12/2021,CLT,NC,ASO,ES,Combined TRACON& Tower with Radar,1250,187,85,2,1524,0,2,16,1,19,1250,189,101,3,1543,0,0,0,1543
11/13/2021,CLT,NC,ASO,ES,Combined TRACON& Tower with Radar,1054,156,47,0,1257,0,0,8,0,8,1054,156,55,0,1265,0,0,0,1265
11/14/2021,CLT,NC,ASO,ES,Combined TRACON& Tower with Radar,1146,187,63,1,1397,0,1,6,0,7,1146,188,69,1,1404,0,0,0,1404
11/15/2021,CLT,NC,ASO,ES,Combined TRACON& Tower with Radar,1256,209,71,1,1537,0,6,12,1,19,1256,215,83,2,1556,0,0,0,1556
11/16/2021,CLT,NC,ASO,ES,Combined TRACON& Tower with Radar,994,154,89,4,1241,0,2,12,0,14,994,156,101,4,1255,0,0,0,1255
11/17/2021,CLT,NC,ASO,ES,Combined TRACON& Tower with Radar,1160,180,92,2,1434,0,5,11,2,18,1160,185,103,4,1452,0,0,0,1452
11/18/2021,CLT,NC,ASO,ES,Combined TRACON& Tower with Radar,1291,192,83,4,1570,0,5,14,0,19,1291,197,97,4,1589,0,0,0,1589
11/19/2021,CLT,NC,ASO,ES,Combined TRACON& Tower with Radar,1328,188,84,4,1604,0,4,13,1,18,1328,192,97,5,1622,0,0,0,1622
11/20/2021,CLT,NC,ASO,ES,Combined TRACON& Tower with Radar,1080,158,43,1,1282,0,0,7,0,7,1080,158,50,1,1289,0,0,0,1289
11/21/2021,CLT,NC,ASO,ES,Combined TRACON& Tower with Radar,1176,184,63,1,1424,0,0,4,3,7,1176,184,67,4,1431,0,0,0,1431
11/22/2021,CLT,NC,ASO,ES,Combined TRACON& Tower with Radar,1222,179,54,1,1456,0,1,8,1,10,1222,180,62,2,1466,0,0,0,1466
11/23/2021,CLT,NC,ASO,ES,Combined TRACON& Tower with Radar,1313,178,75,6,1572,0,5,10,0,15,1313,183,85,6,1587,0,0,0,1587
11/24/2021,CLT,NC,ASO,ES,Combined TRACON& Tower with Radar,1323,181,60,1,1565,0,7,9,0,16,1323,188,69,1,1581,0,0,0,1581
11/25/2021,CLT,NC,ASO,ES,Combined TRACON& Tower with Radar,548,65,20,0,633,0,3,4,0,7,548,68,24,0,640,0,0,0,640
11/26/2021,CLT,NC,ASO,ES,Combined TRACON& Tower with Radar,1102,151,39,0,1292,0,2,14,0,16,1102,153,53,0,1308,0,0,0,1308
11/27/2021,CLT,NC,ASO,ES,Combined TRACON& Tower with Radar,1336,188,37,0,1561,0,2,5,0,7,1336,190,42,0,1568,0,0,0,1568
11/28/2021,CLT,NC,ASO,ES,Combined TRACON& Tower with Radar,1417,210,65,2,1694,0,0,0,0,0,1417,210,65,2,1694,0,0,0,1694
11/29/2021,CLT,NC,ASO,ES,Combined TRACON& Tower with Radar,1369,188,61,4,1622,0,4,6,0,10,1369,192,67,4,1632,0,0,0,1632
11/30/2021,CLT,NC,ASO,ES,Combined TRACON& Tower with Radar,1314,186,93,6,1599,0,2,11,0,13,1314,188,104,6,1612,0,0,0,1612
12/01/2021,CLT,NC,ASO,ES,Combined TRACON& Tower with Radar,1173,178,100,5,1456,0,1,16,0,17,1173,179,116,5,1473,0,0,0,1473
12/02/2021,CLT,NC,ASO,ES,Combined TRACON& Tower with Radar,1281,216,90,4,1591,0,0,14,0,14,1281,216,104,4,1605,0,0,0,1605
12/03/2021,CLT,NC,ASO,ES,Combined TRACON& Tower with Radar,1279,208,63,0,1550,0,3,16,0,19,1279,211,79,0,1569,0,0,0,1569
12/04/2021,CLT,NC,ASO,ES,Combined TRACON& Tower with Radar,1067,180,47,5,1299,0,5,12,0,17,1067,185,59,5,1316,0,0,0,1316
12/05/2021,CLT,NC,ASO,ES,Combined TRACON& Tower with Radar,1175,208,65,4,1452,0,0,4,0,4,1175,208,69,4,1456,0,0,0,1456
12/06/2021,CLT,NC,ASO,ES,Combined TRACON& Tower with Radar,1099,191,66,0,1356,0,3,13,0,16,1099,194,79,0,1372,0,0,0,1372
12/07/2021,CLT,NC,ASO,ES,Combined TRACON& Tower with Radar,984,178,96,5,1263,0,3,9,0,12,984,181,105,5,1275,0,0,0,1275
12/08/2021,CLT,NC,ASO,ES,Combined TRACON& Tower with Radar,1152,210,96,4,1462,0,1,14,1,16,1152,211,110,5,1478,0,0,0,1478
12/09/2021,CLT,NC,ASO,ES,Combined TRACON& Tower with Radar,1263,228,76,5,1572,0,4,21,0,25,1263,232,97,5,1597,0,0,0,1597
12/10/2021,CLT,NC,ASO,ES,Combined TRACON& Tower with Radar,1266,190,76,1,1533,0,0,2,2,4,1266,190,78,3,1537,0,0,0,1537
12/11/2021,CLT,NC,ASO,ES,Combined TRACON& Tower with Radar,1039,162,18,1,1220,0,1,3,0,4,1039,163,21,1,1224,0,0,0,1224
12/12/2021,CLT,NC,ASO,ES,Combined TRACON& Tower with Radar,1142,188,64,0,1394,0,0,6,1,7,1142,188,70,1,1401,0,0,0,1401
12/13/2021,CLT,NC,ASO,ES,Combined TRACON& Tower with Radar,1116,186,61,2,1365,0,3,23,2,28,1116,189,84,4,1393,0,0,0,1393
12/14/2021,CLT,NC,ASO,ES,Combined TRACON& Tower with Radar,994,170,101,5,1270,0,7,13,1,21,994,177,114,6,1291,0,0,0,1291
12/15/2021,CLT,NC,ASO,ES,Combined TRACON& Tower with Radar,1151,198,91,5,1445,0,4,20,4,28,1151,202,111,9,1473,0,0,0,1473
12/16/2021,CLT,NC,ASO,ES,Combined TRACON& Tower with Radar,1217,198,91,5,1511,0,4,18,5,27,1217,202,109,10,1538,0,0,0,1538
12/17/2021,CLT,NC,ASO,ES,Combined TRACON& Tower with Radar,1222,198,83,4,1507,0,5,15,0,20,1222,203,98,4,1527,0,0,0,1527
12/18/2021,CLT,NC,ASO,ES,Combined TRACON& Tower with Radar,1129,172,48,0,1349,0,0,1,0,1,1129,172,49,0,1350,0,0,0,1350
12/19/2021,CLT,NC,ASO,ES,Combined TRACON& Tower with Radar,1211,193,34,0,1438,0,0,2,0,2,1211,193,36,0,1440,0,0,0,1440
12/20/2021,CLT,NC,ASO,ES,Combined TRACON& Tower with Radar,1219,193,48,4,1464,0,1,9,0,10,1219,194,57,4,1474,0,0,0,1474
12/21/2021,CLT,NC,ASO,ES,Combined TRACON& Tower with Radar,1214,185,62,4,1465,0,1,8,0,9,1214,186,70,4,1474,0,0,0,1474
12/22/2021,CLT,NC,ASO,ES,Combined TRACON& Tower with Radar,1225,192,37,0,1454,0,7,22,2,31,1225,199,59,2,1485,0,0,0,1485
12/23/2021,CLT,NC,ASO,ES,Combined TRACON& Tower with Radar,1214,188,42,0,1444,0,3,17,0,20,1214,191,59,0,1464,0,0,0,1464
12/24/2021,CLT,NC,ASO,ES,Combined TRACON& Tower with Radar,879,138,15,0,1032,0,0,3,0,3,879,138,18,0,1035,0,0,0,1035
12/25/2021,CLT,NC,ASO,ES,Combined TRACON& Tower with Radar,983,150,14,0,1147,0,0,3,0,3,983,150,17,0,1150,0,0,0,1150
12/26/2021,CLT,NC,ASO,ES,Combined TRACON& Tower with Radar,1152,203,62,0,1417,0,0,6,0,6,1152,203,68,0,1423,0,0,0,1423
12/27/2021,CLT,NC,ASO,ES,Combined TRACON& Tower with Radar,1162,199,55,0,1416,0,0,8,2,10,1162,199,63,2,1426,0,0,0,1426
12/28/2021,CLT,NC,ASO,ES,Combined TRACON& Tower with Radar,1180,180,40,4,1404,0,1,6,0,7,1180,181,46,4,1411,0,0,0,1411
12/29/2021,CLT,NC,ASO,ES,Combined TRACON& Tower with Radar,1186,191,45,1,1423,0,3,4,1,8,1186,194,49,2,1431,0,0,0,1431
12/30/2021,CLT,NC,ASO,ES,Combined TRACON& Tower with Radar,1184,198,44,2,1428,0,0,2,0,2,1184,198,46,2,1430,0,0,0,1430
12/31/2021,CLT,NC,ASO,ES,Combined TRACON& Tower with Radar,874,130,21,0,1025,0,0,8,0,8,874,130,29,0,1033,0,0,0,1033
01/01/2022,CLT,NC,ASO,ES,Combined TRACON& Tower with Radar,948,156,20,0,1124,0,2,2,0,4,948,158,22,0,1128,0,0,0,1128
01/02/2022,CLT,NC,ASO,ES,Combined TRACON& Tower with Radar,1154,190,49,0,1393,0,0,0,0,0,1154,190,49,0,1393,0,0,0,1393
01/03/2022,CLT,NC,ASO,ES,Combined TRACON& Tower with Radar,1154,152,42,1,1349,0,2,2,0,4,1154,154,44,1,1353,0,0,0,1353
01/04/2022,CLT,NC,ASO,ES,Combined TRACON& Tower with Radar,1010,138,43,4,1195,0,0,8,0,8,1010,138,51,4,1203,0,0,0,1203
01/05/2022,CLT,NC,ASO,ES,Combined TRACON& Tower with Radar,1146,159,50,3,1358,0,3,16,6,25,1146,162,66,9,1383,0,0,0,1383
01/06/2022,CLT,NC,ASO,ES,Combined TRACON& Tower with Radar,1199,164,50,4,1417,0,1,11,4,16,1199,165,61,8,1433,0,0,0,1433
01/07/2022,CLT,NC,ASO,ES,Combined TRACON& Tower with Radar,1174,169,37,1,1381,0,3,6,0,9,1174,172,43,1,1390,0,0,0,1390
01/08/2022,CLT,NC,ASO,ES,Combined TRACON& Tower with Radar,976,139,38,0,1153,0,0,6,0,6,976,139,44,0,1159,0,0,0,1159
01/09/2022,CLT,NC,ASO,ES,Combined TRACON& Tower with Radar,1117,165,45,1,1328,0,0,0,0,0,1117,165,45,1,1328,0,0,0,1328
01/10/2022,CLT,NC,ASO,ES,Combined TRACON& Tower with Radar,1062,151,51,1,1265,0,2,7,4,13,1062,153,58,5,1278,0,0,0,1278
01/11/2022,CLT,NC,ASO,ES,Combined TRACON& Tower with Radar,1016,130,67,4,1217,0,5,20,2,27,1016,135,87,6,1244,0,0,0,1244
01/12/2022,CLT,NC,ASO,ES,Combined TRACON& Tower with Radar,1154,170,53,3,1380,0,7,8,2,17,1154,177,61,5,1397,0,0,0,1397
01/13/2022,CLT,NC,ASO,ES,Combined TRACON& Tower with Radar,1235,183,75,8,1501,0,0,12,0,12,1235,183,87,8,1513,0,0,0,1513
01/14/2022,CLT,NC,ASO,ES,Combined TRACON& Tower with Radar,1225,174,51,1,1451,0,1,10,8,19,1225,175,61,9,1470,0,0,0,1470
01/15/2022,CLT,NC,ASO,ES,Combined TRACON& Tower with Radar,935,152,34,2,1123,0,0,2,0,2,935,152,36,2,1125,0,0,0,1125
01/16/2022,CLT,NC,ASO,ES,Combined TRACON& Tower with Radar,40,8,6,0,54,0,0,0,0,0,40,8,6,0,54,0,0,0,54
01/17/2022,CLT,NC,ASO,ES,Combined TRACON& Tower with Radar,713,109,57,0,879,0,6,9,2,17,713,115,66,2,896,0,0,0,896
01/18/2022,CLT,NC,ASO,ES,Combined TRACON& Tower with Radar,1012,138,59,4,1213,0,1,12,9,22,1012,139,71,13,1235,0,0,0,1235
01/19/2022,CLT,NC,ASO,ES,Combined TRACON& Tower with Radar,1141,159,70,6,1376,0,2,11,6,19,1141,161,81,12,1395,0,0,0,1395
01/20/2022,CLT,NC,ASO,ES,Combined TRACON& Tower with Radar,1213,170,72,2,1457,0,0,4,2,6,1213,170,76,4,1463,0,0,0,1463
01/21/2022,CLT,NC,ASO,ES,Combined TRACON& Tower with Radar,1090,150,37,0,1277,0,1,6,0,7,1090,151,43,0,1284,0,0,0,1284
01/22/2022,CLT,NC,ASO,ES,Combined TRACON& Tower with Radar,858,123,24,0,1005,0,3,3,1,7,858,126,27,1,1012,0,0,0,1012
01/23/2022,CLT,NC,ASO,ES,Combined TRACON& Tower with Radar,1136,163,58,0,1357,0,0,4,1,5,1136,163,62,1,1362,0,0,0,1362
01/24/2022,CLT,NC,ASO,ES,Combined TRACON& Tower with Radar,1097,162,31,1,1291,0,1,13,2,16,1097,163,44,3,1307,0,0,0,1307
01/25/2022,CLT,NC,ASO,ES,Combined TRACON& Tower with Radar,1021,137,34,5,1197,0,0,14,2,16,1021,137,48,7,1213,0,0,0,1213
01/26/2022,CLT,NC,ASO,ES,Combined TRACON& Tower with Radar,1157,180,60,6,1403,0,3,20,4,27,1157,183,80,10,1430,0,0,0,1430
01/27/2022,CLT,NC,ASO,ES,Combined TRACON& Tower with Radar,1243,177,73,5,1498,0,3,17,5,25,1243,180,90,10,1523,0,0,0,1523
01/28/2022,CLT,NC,ASO,ES,Combined TRACON& Tower with Radar,1185,162,50,0,1397,0,0,14,1,15,1185,162,64,1,1412,0,0,0,1412
01/29/2022,CLT,NC,ASO,ES,Combined TRACON& Tower with Radar,872,131,9,0,1012,0,2,5,0,7,872,133,14,0,1019,0,0,0,1019
01/30/2022,CLT,NC,ASO,ES,Combined TRACON& Tower with Radar,1073,168,40,1,1282,0,3,1,0,4,1073,171,41,1,1286,0,0,0,1286
01/31/2022,CLT,NC,ASO,ES,Combined TRACON& Tower with Radar,1090,153,49,0,1292,0,5,12,1,18,1090,158,61,1,1310,0,0,0,1310
02/01/2022,CLT,NC,ASO,ES,Combined TRACON& Tower with Radar,1015,137,67,5,1224,0,3,15,0,18,1015,140,82,5,1242,0,0,0,1242
02/02/2022,CLT,NC,ASO,ES,Combined TRACON& Tower with Radar,1088,161,80,4,1333,0,7,10,0,17,1088,168,90,4,1350,0,0,0,1350
02/03/2022,CLT,NC,ASO,ES,Combined TRACON& Tower with Radar,1037,143,52,4,1236,0,0,0,1,1,1037,143,52,5,1237,0,0,0,1237
02/04/2022,CLT,NC,ASO,ES,Combined TRACON& Tower with Radar,976,193,56,0,1225,0,0,9,0,9,976,193,65,0,1234,0,0,0,1234
02/05/2022,CLT,NC,ASO,ES,Combined TRACON& Tower with Radar,884,164,41,5,1094,0,0,10,0,10,884,164,51,5,1104,0,0,0,1104
02/06/2022,CLT,NC,ASO,ES,Combined TRACON& Tower with Radar,997,189,43,4,1233,0,3,4,0,7,997,192,47,4,1240,0,0,0,1240
02/07/2022,CLT,NC,ASO,ES,Combined TRACON& Tower with Radar,1162,206,69,1,1438,0,0,1,0,1,1162,206,70,1,1439,0,0,0,1439
02/08/2022,CLT,NC,ASO,ES,Combined TRACON& Tower with Radar,1086,163,83,5,1337,0,6,13,3,22,1086,169,96,8,1359,0,0,0,1359
02/09/2022,CLT,NC,ASO,ES,Combined TRACON& Tower with Radar,1124,190,58,4,1376,0,4,15,0,19,1124,194,73,4,1395,0,0,0,1395
02/10/2022,CLT,NC,ASO,ES,Combined TRACON& Tower with Radar,1196,196,82,4,1478,0,2,12,0,14,1196,198,94,4,1492,0,0,0,1492
02/11/2022,CLT,NC,ASO,ES,Combined TRACON& Tower with Radar,1216,202,66,1,1485,0,7,10,0,17,1216,209,76,1,1502,0,0,0,1502
02/12/2022,CLT,NC,ASO,ES,Combined TRACON& Tower with Radar,1036,174,34,0,1244,0,0,10,0,10,1036,174,44,0,1254,0,0,0,1254
02/13/2022,CLT,NC,ASO,ES,Combined TRACON& Tower with Radar,1073,187,39,2,1301,0,0,0,0,0,1073,187,39,2,1301,0,0,0,1301
02/14/2022,CLT,NC,ASO,ES,Combined TRACON& Tower with Radar,1203,210,69,1,1483,0,2,12,0,14,1203,212,81,1,1497,0,0,0,1497
02/15/2022,CLT,NC,ASO,ES,Combined TRACON& Tower with Radar,1078,165,68,4,1315,0,5,17,0,22,1078,170,85,4,1337,0,0,0,1337
02/16/2022,CLT,NC,ASO,ES,Combined TRACON& Tower with Radar,1127,192,66,4,1389,0,2,14,0,16,1127,194,80,4,1405,0,0,0,1405
02/17/2022,CLT,NC,ASO,ES,Combined TRACON& Tower with Radar,1180,190,88,5,1463,0,0,10,0,10,1180,190,98,5,1473,0,0,0,1473
02/18/2022,CLT,NC,ASO,ES,Combined TRACON& Tower with Radar,1184,194,84,1,1463,0,10,13,1,24,1184,204,97,2,1487,0,0,0,1487
02/19/2022,CLT,NC,ASO,ES,Combined TRACON& Tower with Radar,1035,169,34,0,1238,0,0,9,0,9,1035,169,43,0,1247,0,0,0,1247
02/20/2022,CLT,NC,ASO,ES,Combined TRACON& Tower with Radar,1098,188,42,0,1328,0,0,2,0,2,1098,188,44,0,1330,0,0,0,1330
02/21/2022,CLT,NC,ASO,ES,Combined TRACON& Tower with Radar,1204,205,68,0,1477,0,3,8,0,11,1204,208,76,0,1488,0,0,0,1488
02/22/2022,CLT,NC,ASO,ES,Combined TRACON& Tower with Radar,1079,161,63,6,1309,0,0,9,0,9,1079,161,72,6,1318,0,0,0,1318
02/23/2022,CLT,NC,ASO,ES,Combined TRACON& Tower with Radar,1111,200,82,5,1398,0,4,6,0,10,1111,204,88,5,1408,0,0,0,1408
02/24/2022,CLT,NC,ASO,ES,Combined TRACON& Tower with Radar,1162,197,71,4,1434,0,0,0,0,0,1162,197,71,4,1434,0,0,0,1434
02/25/2022,CLT,NC,ASO,ES,Combined TRACON& Tower with Radar,1162,191,78,1,1432,0,2,11,0,13,1162,193,89,1,1445,0,0,0,1445
02/26/2022,CLT,NC,ASO,ES,Combined TRACON& Tower with Radar,1039,166,41,2,1248,0,0,10,0,10,1039,166,51,2,1258,0,0,0,1258
02/27/2022,CLT,NC,ASO,ES,Combined TRACON& Tower with Radar,1116,184,43,1,1344,0,0,1,0,1,1116,184,44,1,1345,0,0,0,1345
02/28/2022,CLT,NC,ASO,ES,Combined TRACON& Tower with Radar,1221,196,49,1,1467,0,8,10,0,18,1221,204,59,1,1485,0,0,0,1485
03/01/2022,CLT,NC,ASO,ES,Combined TRACON& Tower with Radar,1086,176,68,5,1335,0,2,21,0,23,1086,178,89,5,1358,0,0,0,1358
03/02/2022,CLT,NC,ASO,ES,Combined TRACON& Tower with Radar,1137,192,75,5,1409,0,10,17,1,28,1137,202,92,6,1437,0,0,0,1437
03/03/2022,CLT,NC,ASO,ES,Combined TRACON& Tower with Radar,1205,168,82,4,1459,0,2,22,0,24,1205,170,104,4,1483,0,0,0,1483
03/04/2022,CLT,NC,ASO,ES,Combined TRACON& Tower with Radar,1213,178,79,0,1470,0,4,15,0,19,1213,182,94,0,1489,0,0,0,1489
03/05/2022,CLT,NC,ASO,ES,Combined TRACON& Tower with Radar,1142,166,36,0,1344,0,2,9,0,11,1142,168,45,0,1355,0,0,0,1355
03/06/2022,CLT,NC,ASO,ES,Combined TRACON& Tower with Radar,1189,163,66,1,1419,0,1,10,0,11,1189,164,76,1,1430,0,0,0,1430
03/07/2022,CLT,NC,ASO,ES,Combined TRACON& Tower with Radar,1217,185,84,2,1488,0,1,5,0,6,1217,186,89,2,1494,0,0,0,1494
03/08/2022,CLT,NC,ASO,ES,Combined TRACON& Tower with Radar,999,143,81,4,1227,0,5,13,0,18,999,148,94,4,1245,0,0,0,1245
03/09/2022,CLT,NC,ASO,ES,Combined TRACON& Tower with Radar,1010,157,82,3,1252,0,0,3,0,3,1010,157,85,3,1255,0,0,0,1255
03/10/2022,CLT,NC,ASO,ES,Combined TRACON& Tower with Radar,1204,181,68,4,1457,0,2,0,0,2,1204,183,68,4,1459,0,0,0,1459
03/11/2022,CLT,NC,ASO,ES,Combined TRACON& Tower with Radar,1148,175,57,1,1381,0,2,9,0,11,1148,177,66,1,1392,0,0,0,1392
03/12/2022,CLT,NC,ASO,ES,Combined TRACON& Tower with Radar,1063,169,46,0,1278,0,0,5,0,5,1063,169,51,0,1283,0,0,0,1283
03/13/2022,CLT,NC,ASO,ES,Combined TRACON& Tower with Radar,1192,177,69,1,1439,0,0,2,0,2,1192,177,71,1,1441,0,0,0,1441
03/14/2022,CLT,NC,ASO,ES,Combined TRACON& Tower with Radar,1198,171,62,0,1431,0,4,10,0,14,1198,175,72,0,1445,0,0,0,1445
03/15/2022,CLT,NC,ASO,ES,Combined TRACON& Tower with Radar,996,131,70,4,1201,0,2,9,0,11,996,133,79,4,1212,0,0,0,1212
03/16/2022,CLT,NC,ASO,ES,Combined TRACON& Tower with Radar,1025,140,60,2,1227,0,0,2,0,2,1025,140,62,2,1229,0,0,0,1229
03/17/2022,CLT,NC,ASO,ES,Combined TRACON& Tower with Radar,1191,169,75,6,1441,0,2,12,0,14,1191,171,87,6,1455,0,0,0,1455
03/18/2022,CLT,NC,ASO,ES,Combined TRACON& Tower with Radar,1197,155,54,0,1406,0,10,13,2,25,1197,165,67,2,1431,0,0,0,1431
03/19/2022,CLT,NC,ASO,ES,Combined TRACON& Tower with Radar,1165,169,42,0,1376,0,2,11,1,14,1165,171,53,1,1390,0,0,0,1390
03/20/2022,CLT,NC,ASO,ES,Combined TRACON& Tower with Radar,1177,164,68,0,1409,0,0,2,1,3,1177,164,70,1,1412,0,0,0,1412
03/21/2022,CLT,NC,ASO,ES,Combined TRACON& Tower with Radar,1189,169,71,1,1430,0,10,9,0,19,1189,179,80,1,1449,0,0,0,1449
03/22/2022,CLT,NC,ASO,ES,Combined TRACON& Tower with Radar,1000,137,98,5,1240,0,9,19,3,31,1000,146,117,8,1271,0,0,0,1271
03/23/2022,CLT,NC,ASO,ES,Combined TRACON& Tower with Radar,1019,136,95,5,1255,0,0,0,0,0,1019,136,95,5,1255,0,0,0,1255
03/24/2022,CLT,NC,ASO,ES,Combined TRACON& Tower with Radar,1205,173,84,5,1467,0,7,11,0,18,1205,180,95,5,1485,0,0,0,1485
03/25/2022,CLT,NC,ASO,ES,Combined TRACON& Tower with Radar,1231,171,78,1,1481,0,2,12,0,14,1231,173,90,1,1495,0,0,0,1495
03/26/2022,CLT,NC,ASO,ES,Combined TRACON& Tower with Radar,1171,161,23,1,1356,0,1,14,0,15,1171,162,37,1,1371,0,0,0,1371
03/27/2022,CLT,NC,ASO,ES,Combined TRACON& Tower with Radar,1208,179,63,2,1452,0,1,2,0,3,1208,180,65,2,1455,0,0,0,1455
03/28/2022,CLT,NC,ASO,ES,Combined TRACON& Tower with Radar,1211,185,52,1,1449,0,8,6,0,14,1211,193,58,1,1463,0,0,0,1463
03/29/2022,CLT,NC,ASO,ES,Combined TRACON& Tower with Radar,1021,156,68,5,1250,0,6,19,0,25,1021,162,87,5,1275,0,0,0,1275
03/30/2022,CLT,NC,ASO,ES,Combined TRACON& Tower with Radar,1016,148,91,4,1259,0,7,9,1,17,1016,155,100,5,1276,0,0,0,1276
03/31/2022,CLT,NC,ASO,ES,Combined TRACON& Tower with Radar,1183,177,78,5,1443,1,1,7,0,9,1184,178,85,5,1452,0,0,0,1452
04/01/2022,CLT,NC,ASO,ES,Combined TRACON& Tower with Radar,1208,184,85,2,1479,0,4,19,0,23,1208,188,104,2,1502,0,0,0,1502
04/02/2022,CLT,NC,ASO,ES,Combined TRACON& Tower with Radar,1012,162,67,2,1243,0,1,11,0,12,1012,163,78,2,1255,0,0,0,1255
04/03/2022,CLT,NC,ASO,ES,Combined TRACON& Tower with Radar,1128,185,84,2,1399,0,0,11,0,11,1128,185,95,2,1410,0,0,0,1410
04/04/2022,CLT,NC,ASO,ES,Combined TRACON& Tower with Radar,1180,192,83,0,1455,0,10,13,2,25,1180,202,96,2,1480,0,0,0,1480
04/05/2022,CLT,NC,ASO,ES,Combined TRACON& Tower with Radar,1047,163,115,3,1328,0,4,4,0,8,1047,167,119,3,1336,0,0,0,1336
04/06/2022,CLT,NC,ASO,ES,Combined TRACON& Tower with Radar,1082,169,101,4,1356,0,10,14,0,24,1082,179,115,4,1380,0,0,0,1380
04/07/2022,CLT,NC,ASO,ES,Combined TRACON& Tower with Radar,1071,163,79,4,1317,0,3,14,0,17,1071,166,93,4,1334,0,0,0,1334
04/08/2022,CLT,NC,ASO,ES,Combined TRACON& Tower with Radar,1082,174,88,1,1345,0,8,13,0,21,1082,182,101,1,1366,0,0,0,1366
04/09/2022,CLT,NC,ASO,ES,Combined TRACON& Tower with Radar,1026,148,29,0,1203,0,1,12,0,13,1026,149,41,0,1216,0,0,0,1216
04/10/2022,CLT,NC,ASO,ES,Combined TRACON& Tower with Radar,1071,163,57,0,1291,0,0,11,0,11,1071,163,68,0,1302,0,0,0,1302
04/11/2022,CLT,NC,ASO,ES,Combined TRACON& Tower with Radar,1071,148,96,2,1317,0,11,12,2,25,1071,159,108,4,1342,0,0,0,1342
04/12/2022,CLT,NC,ASO,ES,Combined TRACON& Tower with Radar,1065,152,82,2,1301,0,1,14,0,15,1065,153,96,2,1316,0,0,0,1316
04/13/2022,CLT,NC,ASO,ES,Combined TRACON& Tower with Radar,1071,160,116,2,1349,0,5,11,0,16,1071,165,127,2,1365,0,0,0,1365
04/14/2022,CLT,NC,ASO,ES,Combined TRACON& Tower with Radar,1090,168,96,3,1357,0,5,12,0,17,1090,173,108,3,1374,0,0,0,1374
04/15/2022,CLT,NC,ASO,ES,Combined TRACON& Tower with Radar,1076,147,60,0,1283,0,3,15,0,18,1076,150,75,0,1301,0,0,0,1301
04/16/2022,CLT,NC,ASO,ES,Combined TRACON& Tower with Radar,1007,140,23,0,1170,0,0,11,0,11,1007,140,34,0,1181,0,0,0,1181
04/17/2022,CLT,NC,ASO,ES,Combined TRACON& Tower with Radar,1049,153,42,0,1244,0,1,12,0,13,1049,154,54,0,1257,0,0,0,1257
04/18/2022,CLT,NC,ASO,ES,Combined TRACON& Tower with Radar,1059,162,105,2,1328,0,2,4,0,6,1059,164,109,2,1334,0,0,0,1334
04/19/2022,CLT,NC,ASO,ES,Combined TRACON& Tower with Radar,1068,156,86,8,1318,0,5,10,0,15,1068,161,96,8,1333,0,0,0,1333
04/20/2022,CLT,NC,ASO,ES,Combined TRACON& Tower with Radar,1082,169,91,4,1346,0,8,31,0,39,1082,177,122,4,1385,0,0,0,1385
04/21/2022,CLT,NC,ASO,ES,Combined TRACON& Tower with Radar,1093,161,90,5,1349,0,2,12,0,14,1093,163,102,5,1363,0,0,0,1363
04/22/2022,CLT,NC,ASO,ES,Combined TRACON& Tower with Radar,1080,155,91,2,1328,0,6,18,1,25,1080,161,109,3,1353,0,0,0,1353
04/23/2022,CLT,NC,ASO,ES,Combined TRACON& Tower with Radar,1014,151,33,1,1199,0,1,6,0,7,1014,152,39,1,1206,0,0,0,1206
04/24/2022,CLT,NC,ASO,ES,Combined TRACON& Tower with Radar,1046,161,79,1,1287,0,1,15,0,16,1046,162,94,1,1303,0,0,0,1303
04/25/2022,CLT,NC,ASO,ES,Combined TRACON& Tower with Radar,1060,160,69,2,1291,0,0,7,0,7,1060,160,76,2,1298,0,0,0,1298
04/26/2022,CLT,NC,ASO,ES,Combined TRACON& Tower with Radar,1076,152,69,4,1301,0,0,18,0,18,1076,152,87,4,1319,0,0,0,1319
04/27/2022,CLT,NC,ASO,ES,Combined TRACON& Tower with Radar,1085,157,80,1,1323,0,4,22,0,26,1085,161,102,1,1349,0,0,0,1349
04/28/2022,CLT,NC,ASO,ES,Combined TRACON& Tower with Radar,1089,156,101,9,1355,0,3,16,0,19,1089,159,117,9,1374,0,0,0,1374
04/29/2022,CLT,NC,ASO,ES,Combined TRACON& Tower with Radar,1087,167,74,2,1330,0,2,14,0,16,1087,169,88,2,1346,0,0,0,1346
04/30/2022,CLT,NC,ASO,ES,Combined TRACON& Tower with Radar,1015,152,50,1,1218,0,1,14,0,15,1015,153,64,1,1233,0,0,0,1233
05/01/2022,CLT,NC,ASO,ES,Combined TRACON& Tower with Radar,1047,173,60,0,1280,0,0,5,0,5,1047,173,65,0,1285,0,0,0,1285
05/02/2022,CLT,NC,ASO,ES,Combined TRACON& Tower with Radar,1065,175,77,5,1322,0,5,7,0,12,1065,180,84,5,1334,0,0,0,1334
05/03/2022,CLT,NC,ASO,ES,Combined TRACON& Tower with Radar,1058,194,87,4,1343,0,3,11,0,14,1058,197,98,4,1357,0,0,0,1357
05/04/2022,CLT,NC,ASO,ES,Combined TRACON& Tower with Radar,1061,180,92,5,1338,0,4,14,0,18,1061,184,106,5,1356,0,0,0,1356
05/05/2022,CLT,NC,ASO,ES,Combined TRACON& Tower with Radar,1232,163,107,7,1509,0,6,12,2,20,1232,169,119,9,1529,0,0,0,1529
05/06/2022,CLT,NC,ASO,ES,Combined TRACON& Tower with Radar,1171,151,61,6,1389,0,0,8,0,8,1171,151,69,6,1397,0,0,0,1397
05/07/2022,CLT,NC,ASO,ES,Combined TRACON& Tower with Radar,1014,126,45,4,1189,0,0,9,0,9,1014,126,54,4,1198,0,0,0,1198
05/08/2022,CLT,NC,ASO,ES,Combined TRACON& Tower with Radar,1245,161,57,0,1463,0,2,2,0,4,1245,163,59,0,1467,0,0,0,1467
05/09/2022,CLT,NC,ASO,ES,Combined TRACON& Tower with Radar,1235,158,97,3,1493,0,5,16,0,21,1235,163,113,3,1514,0,0,0,1514
05/10/2022,CLT,NC,ASO,ES,Combined TRACON& Tower with Radar,1043,133,82,7,1265,0,4,15,3,22,1043,137,97,10,1287,0,0,0,1287
05/11/2022,CLT,NC,ASO,ES,Combined TRACON& Tower with Radar,1055,129,92,5,1281,0,1,14,0,15,1055,130,106,5,1296,0,0,0,1296
05/12/2022,CLT,NC,ASO,ES,Combined TRACON& Tower with Radar,1280,159,83,5,1527,0,1,15,0,16,1280,160,98,5,1543,0,0,0,1543
05/13/2022,CLT,NC,ASO,ES,Combined TRACON& Tower with Radar,1253,151,72,1,1477,0,0,4,0,4,1253,151,76,1,1481,0,0,0,1481
05/14/2022,CLT,NC,ASO,ES,Combined TRACON& Tower with Radar,1004,110,36,6,1156,0,1,3,1,5,1004,111,39,7,1161,0,0,0,1161
05/15/2022,CLT,NC,ASO,ES,Combined TRACON& Tower with Radar,1218,158,61,0,1437,0,1,2,1,4,1218,159,63,1,1441,0,0,0,1441
05/16/2022,CLT,NC,ASO,ES,Combined TRACON& Tower with Radar,1211,154,65,1,1431,0,3,8,0,11,1211,157,73,1,1442,0,0,0,1442
05/17/2022,CLT,NC,ASO,ES,Combined TRACON& Tower with Radar,1047,138,72,5,1262,0,11,16,0,27,1047,149,88,5,1289,0,0,0,1289
05/18/2022,CLT,NC,ASO,ES,Combined TRACON& Tower with Radar,1053,138,84,6,1281,0,5,16,0,21,1053,143,100,6,1302,0,0,0,1302
05/19/2022,CLT,NC,ASO,ES,Combined TRACON& Tower with Radar,1256,163,81,2,1502,0,6,11,0,17,1256,169,92,2,1519,0,0,0,1519
05/20/2022,CLT,NC,ASO,ES,Combined TRACON& Tower with Radar,1231,148,88,4,1471,0,4,16,0,20,1231,152,104,4,1491,0,0,0,1491
05/21/2022,CLT,NC,ASO,ES,Combined TRACON& Tower with Radar,971,111,35,4,1121,0,0,8,0,8,971,111,43,4,1129,0,0,0,1129
05/22/2022,CLT,NC,ASO,ES,Combined TRACON& Tower with Radar,1192,156,55,0,1403,0,0,2,0,2,1192,156,57,0,1405,0,0,0,1405
05/23/2022,CLT,NC,ASO,ES,Combined TRACON& Tower with Radar,1172,138,53,0,1363,0,1,0,0,1,1172,139,53,0,1364,0,0,0,1364
05/24/2022,CLT,NC,ASO,ES,Combined TRACON& Tower with Radar,1068,132,75,5,1280,0,5,17,0,22,1068,137,92,5,1302,0,0,0,1302
05/25/2022,CLT,NC,ASO,ES,Combined TRACON& Tower with Radar,1043,134,66,4,1247,0,9,12,0,21,1043,143,78,4,1268,0,0,0,1268
05/26/2022,CLT,NC,ASO,ES,Combined TRACON& Tower with Radar,1179,154,111,2,1446,0,0,9,0,9,1179,154,120,2,1455,0,0,0,1455
05/27/2022,CLT,NC,ASO,ES,Combined TRACON& Tower with Radar,1278,159,59,1,1497,0,4,13,0,17,1278,163,72,1,1514,0,0,0,1514
05/28/2022,CLT,NC,ASO,ES,Combined TRACON& Tower with Radar,991,102,29,0,1122,0,3,17,0,20,991,105,46,0,1142,0,0,0,1142
05/29/2022,CLT,NC,ASO,ES,Combined TRACON& Tower with Radar,1153,130,24,0,1307,0,10,2,2,14,1153,140,26,2,1321,0,0,0,1321
05/30/2022,CLT,NC,ASO,ES,Combined TRACON& Tower with Radar,1236,149,48,0,1433,0,0,5,0,5,1236,149,53,0,1438,0,0,0,1438
05/31/2022,CLT,NC,ASO,ES,Combined TRACON& Tower with Radar,1035,122,55,4,1216,0,8,16,0,24,1035,130,71,4,1240,0,0,0,1240
06/01/2022,CLT,NC,ASO,ES,Combined TRACON& Tower with Radar,1024,136,57,2,1219,0,3,15,0,18,1024,139,72,2,1237,0,0,0,1237
06/02/2022,CLT,NC,ASO,ES,Combined TRACON& Tower with Radar,1173,177,88,4,1442,0,4,18,0,22,1173,181,106,4,1464,0,0,0,1464
06/03/2022,CLT,NC,ASO,ES,Combined TRACON& Tower with Radar,1174,153,66,0,1393,0,4,11,0,15,1174,157,77,0,1408,0,0,0,1408
06/04/2022,CLT,NC,ASO,ES,Combined TRACON& Tower with Radar,1165,156,32,2,1355,0,0,8,0,8,1165,156,40,2,1363,0,0,0,1363
06/05/2022,CLT,NC,ASO,ES,Combined TRACON& Tower with Radar,1244,176,53,1,1474,0,1,13,0,14,1244,177,66,1,1488,0,0,0,1488
06/06/2022,CLT,NC,ASO,ES,Combined TRACON& Tower with Radar,1265,172,58,3,1498,0,3,11,0,14,1265,175,69,3,1512,0,0,0,1512
06/07/2022,CLT,NC,ASO,ES,Combined TRACON& Tower with Radar,1260,166,74,5,1505,0,3,13,0,16,1260,169,87,5,1521,0,0,0,1521
06/08/2022,CLT,NC,ASO,ES,Combined TRACON& Tower with Radar,1236,171,69,2,1478,0,4,17,0,21,1236,175,86,2,1499,0,0,0,1499
06/09/2022,CLT,NC,ASO,ES,Combined TRACON& Tower with Radar,1258,170,83,9,1520,0,3,16,0,19,1258,173,99,9,1539,0,0,0,1539
06/10/2022,CLT,NC,ASO,ES,Combined TRACON& Tower with Radar,1236,169,55,1,1461,0,4,19,0,23,1236,173,74,1,1484,0,0,0,1484
06/11/2022,CLT,NC,ASO,ES,Combined TRACON& Tower with Radar,1170,158,9,1,1338,0,1,0,0,1,1170,159,9,1,1339,0,0,0,1339
06/12/2022,CLT,NC,ASO,ES,Combined TRACON& Tower with Radar,1211,185,52,0,1448,0,0,6,0,6,1211,185,58,0,1454,0,0,0,1454
06/13/2022,CLT,NC,ASO,ES,Combined TRACON& Tower with Radar,1243,164,67,2,1476,0,6,12,0,18,1243,170,79,2,1494,0,0,0,1494
06/14/2022,CLT,NC,ASO,ES,Combined TRACON& Tower with Radar,1172,158,67,4,1401,0,7,16,2,25,1172,165,83,6,1426,0,0,0,1426
06/15/2022,CLT,NC,ASO,ES,Combined TRACON& Tower with Radar,1252,166,87,2,1507,0,4,20,0,24,1252,170,107,2,1531,0,0,0,1531
06/16/2022,CLT,NC,ASO,ES,Combined TRACON& Tower with Radar,1014,136,83,2,1235,0,4,22,0,26,1014,140,105,2,1261,0,0,0,1261
06/17/2022,CLT,NC,ASO,ES,Combined TRACON& Tower with Radar,1009,153,90,1,1253,0,4,20,0,24,1009,157,110,1,1277,0,0,0,1277
06/18/2022,CLT,NC,ASO,ES,Combined TRACON& Tower with Radar,1130,165,34,0,1329,0,2,12,0,14,1130,167,46,0,1343,0,0,0,1343
06/19/2022,CLT,NC,ASO,ES,Combined TRACON& Tower with Radar,1243,157,40,1,1441,0,1,2,0,3,1243,158,42,1,1444,0,0,0,1444
06/20/2022,CLT,NC,ASO,ES,Combined TRACON& Tower with Radar,1248,187,64,0,1499,0,5,8,0,13,1248,192,72,0,1512,0,0,0,1512
06/21/2022,CLT,NC,ASO,ES,Combined TRACON& Tower with Radar,1258,176,73,5,1512,0,11,16,0,27,1258,187,89,5,1539,0,0,0,1539
06/22/2022,CLT,NC,ASO,ES,Combined TRACON& Tower with Radar,1201,185,106,2,1494,0,5,15,2,22,1201,190,121,4,1516,0,0,0,1516
06/23/2022,CLT,NC,ASO,ES,Combined TRACON& Tower with Radar,1231,188,110,5,1534,0,4,16,0,20,1231,192,126,5,1554,0,0,0,1554
06/24/2022,CLT,NC,ASO,ES,Combined TRACON& Tower with Radar,1222,162,71,2,1457,0,2,10,0,12,1222,164,81,2,1469,0,0,0,1469
06/25/2022,CLT,NC,ASO,ES,Combined TRACON& Tower with Radar,1186,170,32,0,1388,0,2,7,0,9,1186,172,39,0,1397,0,0,0,1397
06/26/2022,CLT,NC,ASO,ES,Combined TRACON& Tower with Radar,1228,172,49,1,1450,0,0,6,0,6,1228,172,55,1,1456,0,0,0,1456
06/27/2022,CLT,NC,ASO,ES,Combined TRACON& Tower with Radar,1183,156,67,1,1407,0,4,15,0,19,1183,160,82,1,1426,0,0,0,1426
06/28/2022,CLT,NC,ASO,ES,Combined TRACON& Tower with Radar,1171,165,78,5,1419,0,1,14,0,15,1171,166,92,5,1434,0,0,0,1434
06/29/2022,CLT,NC,ASO,ES,Combined TRACON& Tower with Radar,1209,178,74,2,1463,0,3,8,0,11,1209,181,82,2,1474,0,0,0,1474
06/30/2022,CLT,NC,ASO,ES,Combined TRACON& Tower with Radar,1252,172,92,4,1520,0,0,15,0,15,1252,172,107,4,1535,0,0,0,1535
07/01/2022,CLT,NC,ASO,ES,Combined TRACON& Tower with Radar,1222,148,44,1,1415,0,8,18,0,26,1222,156,62,1,1441,0,0,0,1441
07/02/2022,CLT,NC,ASO,ES,Combined TRACON& Tower with Radar,1159,161,29,0,1349,0,2,8,0,10,1159,163,37,0,1359,0,0,0,1359
07/03/2022,CLT,NC,ASO,ES,Combined TRACON& Tower with Radar,1044,117,14,0,1175,0,0,5,0,5,1044,117,19,0,1180,0,0,0,1180
07/04/2022,CLT,NC,ASO,ES,Combined TRACON& Tower with Radar,1219,139,12,0,1370,0,0,0,0,0,1219,139,12,0,1370,0,0,0,1370
07/05/2022,CLT,NC,ASO,ES,Combined TRACON& Tower with Radar,1079,128,52,5,1264,0,0,7,0,7,1079,128,59,5,1271,0,0,0,1271
07/06/2022,CLT,NC,ASO,ES,Combined TRACON& Tower with Radar,1069,145,56,4,1274,0,6,10,0,16,1069,151,66,4,1290,0,0,0,1290
07/07/2022,CLT,NC,ASO,ES,Combined TRACON& Tower with Radar,1209,168,59,4,1440,0,1,7,0,8,1209,169,66,4,1448,0,0,0,1448
07/08/2022,CLT,NC,ASO,ES,Combined TRACON& Tower with Radar,1225,148,50,2,1425,0,0,8,0,8,1225,148,58,2,1433,0,0,0,1433
07/09/2022,CLT,NC,ASO,ES,Combined TRACON& Tower with Radar,1176,162,36,0,1374,0,0,6,0,6,1176,162,42,0,1380,0,0,0,1380
07/10/2022,CLT,NC,ASO,ES,Combined TRACON& Tower with Radar,1239,158,42,0,1439,0,0,1,0,1,1239,158,43,0,1440,0,0,0,1440
07/11/2022,CLT,NC,ASO,ES,Combined TRACON& Tower with Radar,1248,164,64,1,1477,0,6,13,0,19,1248,170,77,1,1496,0,0,0,1496
07/12/2022,CLT,NC,ASO,ES,Combined TRACON& Tower with Radar,1102,141,62,6,1311,0,3,15,0,18,1102,144,77,6,1329,0,0,0,1329
07/13/2022,CLT,NC,ASO,ES,Combined TRACON& Tower with Radar,1087,158,53,0,1298,0,4,15,0,19,1087,162,68,0,1317,0,0,0,1317
07/14/2022,CLT,NC,ASO,ES,Combined TRACON& Tower with Radar,1253,177,68,0,1498,0,0,9,0,9,1253,177,77,0,1507,0,0,0,1507
07/15/2022,CLT,NC,ASO,ES,Combined TRACON& Tower with Radar,1249,175,59,1,1484,0,4,7,0,11,1249,179,66,1,1495,0,0,0,1495
07/16/2022,CLT,NC,ASO,ES,Combined TRACON& Tower with Radar,1047,141,25,0,1213,0,1,8,0,9,1047,142,33,0,1222,0,0,0,1222
07/17/2022,CLT,NC,ASO,ES,Combined TRACON& Tower with Radar,1219,163,34,2,1418,0,0,7,0,7,1219,163,41,2,1425,0,0,0,1425
07/18/2022,CLT,NC,ASO,ES,Combined TRACON& Tower with Radar,1250,155,75,2,1482,0,7,7,1,15,1250,162,82,3,1497,0,0,0,1497
07/19/2022,CLT,NC,ASO,ES,Combined TRACON& Tower with Radar,1131,158,68,5,1362,0,4,12,3,19,1131,162,80,8,1381,0,0,0,1381
07/20/2022,CLT,NC,ASO,ES,Combined TRACON& Tower with Radar,1114,160,84,6,1364,0,12,19,0,31,1114,172,103,6,1395,0,0,0,1395
07/21/2022,CLT,NC,ASO,ES,Combined TRACON& Tower with Radar,1235,177,92,11,1515,0,0,9,0,9,1235,177,101,11,1524,0,0,0,1524
07/22/2022,CLT,NC,ASO,ES,Combined TRACON& Tower with Radar,1259,174,63,2,1498,0,5,10,0,15,1259,179,73,2,1513,0,0,0,1513
07/23/2022,CLT,NC,ASO,ES,Combined TRACON& Tower with Radar,1168,156,23,3,1350,0,1,10,0,11,1168,157,33,3,1361,0,0,0,1361
07/24/2022,CLT,NC,ASO,ES,Combined TRACON& Tower with Radar,1247,159,51,1,1458,0,0,4,0,4,1247,159,55,1,1462,0,0,0,1462
07/25/2022,CLT,NC,ASO,ES,Combined TRACON& Tower with Radar,1113,162,75,2,1352,0,3,6,0,9,1113,165,81,2,1361,0,0,0,1361
07/26/2022,CLT,NC,ASO,ES,Combined TRACON& Tower with Radar,1105,154,85,0,1344,0,3,12,0,15,1105,157,97,0,1359,0,0,0,1359
07/27/2022,CLT,NC,ASO,ES,Combined TRACON& Tower with Radar,1108,152,74,4,1338,0,3,14,2,19,1108,155,88,6,1357,0,0,0,1357
07/28/2022,CLT,NC,ASO,ES,Combined TRACON& Tower with Radar,1227,162,100,2,1491,0,4,25,0,29,1227,166,125,2,1520,0,0,0,1520
07/29/2022,CLT,NC,ASO,ES,Combined TRACON& Tower with Radar,1258,156,61,2,1477,0,3,13,0,16,1258,159,74,2,1493,0,0,0,1493
07/30/2022,CLT,NC,ASO,ES,Combined TRACON& Tower with Radar,1095,142,34,0,1271,0,0,8,0,8,1095,142,42,0,1279,0,0,0,1279
07/31/2022,CLT,NC,ASO,ES,Combined TRACON& Tower with Radar,1206,183,45,1,1435,0,1,8,0,9,1206,184,53,1,1444,0,0,0,1444
08/01/2022,CLT,NC,ASO,ES,Combined TRACON& Tower with Radar,1242,160,66,0,1468,0,1,7,0,8,1242,161,73,0,1476,0,0,0,1476
08/02/2022,CLT,NC,ASO,ES,Combined TRACON& Tower with Radar,1118,154,70,5,1347,0,4,18,0,22,1118,158,88,5,1369,0,0,0,1369
08/03/2022,CLT,NC,ASO,ES,Combined TRACON& Tower with Radar,1106,145,72,2,1325,0,3,18,0,21,1106,148,90,2,1346,0,0,0,1346
08/04/2022,CLT,NC,ASO,ES,Combined TRACON& Tower with Radar,1114,168,76,4,1362,0,3,11,0,14,1114,171,87,4,1376,0,0,0,1376
08/05/2022,CLT,NC,ASO,ES,Combined TRACON& Tower with Radar,1085,170,71,0,1326,0,6,15,0,21,1085,176,86,0,1347,0,0,0,1347
08/06/2022,CLT,NC,ASO,ES,Combined TRACON& Tower with Radar,1098,150,30,0,1278,0,0,5,0,5,1098,150,35,0,1283,0,0,0,1283
08/07/2022,CLT,NC,ASO,ES,Combined TRACON& Tower with Radar,1147,165,32,1,1345,0,1,2,0,3,1147,166,34,1,1348,0,0,0,1348
08/08/2022,CLT,NC,ASO,ES,Combined TRACON& Tower with Radar,1191,166,68,0,1425,0,8,12,0,20,1191,174,80,0,1445,0,0,0,1445
08/09/2022,CLT,NC,ASO,ES,Combined TRACON& Tower with Radar,1163,173,66,5,1407,0,10,14,0,24,1163,183,80,5,1431,0,0,0,1431
08/10/2022,CLT,NC,ASO,ES,Combined TRACON& Tower with Radar,1142,166,87,0,1395,0,5,14,0,19,1142,171,101,0,1414,0,0,0,1414
08/11/2022,CLT,NC,ASO,ES,Combined TRACON& Tower with Radar,1151,177,74,1,1403,0,3,8,0,11,1151,180,82,1,1414,0,0,0,1414
08/12/2022,CLT,NC,ASO,ES,Combined TRACON& Tower with Radar,1201,177,62,5,1445,0,3,21,0,24,1201,180,83,5,1469,0,0,0,1469
08/13/2022,CLT,NC,ASO,ES,Combined TRACON& Tower with Radar,1153,160,31,1,1345,0,0,8,0,8,1153,160,39,1,1353,0,0,0,1353
08/14/2022,CLT,NC,ASO,ES,Combined TRACON& Tower with Radar,1206,163,46,0,1415,0,0,5,0,5,1206,163,51,0,1420,0,0,0,1420
08/15/2022,CLT,NC,ASO,ES,Combined TRACON& Tower with Radar,1176,168,60,1,1405,0,3,3,0,6,1176,171,63,1,1411,0,0,0,1411
08/16/2022,CLT,NC,ASO,ES,Combined TRACON& Tower with Radar,1177,165,69,4,1415,0,6,6,0,12,1177,171,75,4,1427,0,0,0,1427
08/17/2022,CLT,NC,ASO,ES,Combined TRACON& Tower with Radar,1168,164,78,5,1415,0,0,12,0,12,1168,164,90,5,1427,0,0,0,1427
08/18/2022,CLT,NC,ASO,ES,Combined TRACON& Tower with Radar,1153,174,77,4,1408,0,2,19,0,21,1153,176,96,4,1429,0,0,0,1429
08/19/2022,CLT,NC,ASO,ES,Combined TRACON& Tower with Radar,1184,154,54,4,1396,0,7,15,0,22,1184,161,69,4,1418,0,0,0,1418
08/20/2022,CLT,NC,ASO,ES,Combined TRACON& Tower with Radar,1145,153,30,2,1330,0,2,12,0,14,1145,155,42,2,1344,0,0,0,1344
08/21/2022,CLT,NC,ASO,ES,Combined TRACON& Tower with Radar,1131,158,39,0,1328,0,1,8,0,9,1131,159,47,0,1337,0,0,0,1337
08/22/2022,CLT,NC,ASO,ES,Combined TRACON& Tower with Radar,1134,174,59,0,1367,0,1,10,0,11,1134,175,69,0,1378,0,0,0,1378
08/23/2022,CLT,NC,ASO,ES,Combined TRACON& Tower with Radar,1121,178,97,4,1400,0,7,11,0,18,1121,185,108,4,1418,0,0,0,1418
08/24/2022,CLT,NC,ASO,ES,Combined TRACON& Tower with Radar,1174,179,83,4,1440,0,6,30,1,37,1174,185,113,5,1477,0,0,0,1477
08/25/2022,CLT,NC,ASO,ES,Combined TRACON& Tower with Radar,1185,184,84,2,1455,0,5,18,0,23,1185,189,102,2,1478,0,0,0,1478
08/26/2022,CLT,NC,ASO,ES,Combined TRACON& Tower with Radar,1167,173,76,2,1418,0,8,13,0,21,1167,181,89,2,1439,0,0,0,1439
08/27/2022,CLT,NC,ASO,ES,Combined TRACON& Tower with Radar,1148,154,33,2,1337,0,1,9,0,10,1148,155,42,2,1347,0,0,0,1347
08/28/2022,CLT,NC,ASO,ES,Combined TRACON& Tower with Radar,1159,171,42,2,1374,1,0,7,0,8,1160,171,49,2,1382,0,0,0,1382
08/29/2022,CLT,NC,ASO,ES,Combined TRACON& Tower with Radar,1157,176,64,4,1401,0,7,12,0,19,1157,183,76,4,1420,0,0,0,1420
08/30/2022,CLT,NC,ASO,ES,Combined TRACON& Tower with Radar,1135,159,81,6,1381,0,4,6,0,10,1135,163,87,6,1391,0,0,0,1391
08/31/2022,CLT,NC,ASO,ES,Combined TRACON& Tower with Radar,1171,194,71,2,1438,0,3,19,0,22,1171,197,90,2,1460,0,0,0,1460
09/01/2022,CLT,NC,ASO,ES,Combined TRACON& Tower with Radar,1183,186,103,7,1479,0,4,32,0,36,1183,190,135,7,1515,0,0,0,1515
09/02/2022,CLT,NC,ASO,ES,Combined TRACON& Tower with Radar,1186,164,63,0,1413,0,6,19,0,25,1186,170,82,0,1438,0,0,0,1438
09/03/2022,CLT,NC,ASO,ES,Combined TRACON& Tower with Radar,917,127,16,1,1061,0,2,12,0,14,917,129,28,1,1075,0,0,0,1075
09/04/2022,CLT,NC,ASO,ES,Combined TRACON& Tower with Radar,939,140,26,0,1105,0,0,1,0,1,939,140,27,0,1106,0,0,0,1106
09/05/2022,CLT,NC,ASO,ES,Combined TRACON& Tower with Radar,1177,165,42,0,1384,0,1,0,0,1,1177,166,42,0,1385,0,0,0,1385
09/06/2022,CLT,NC,ASO,ES,Combined TRACON& Tower with Radar,1151,167,52,5,1375,0,3,13,0,16,1151,170,65,5,1391,0,0,0,1391
09/07/2022,CLT,NC,ASO,ES,Combined TRACON& Tower with Radar,1001,173,59,4,1237,0,5,12,0,17,1001,178,71,4,1254,0,0,0,1254
09/08/2022,CLT,NC,ASO,ES,Combined TRACON& Tower with Radar,1177,190,72,7,1446,0,4,18,0,22,1177,194,90,7,1468,0,0,0,1468
09/09/2022,CLT,NC,ASO,ES,Combined TRACON& Tower with Radar,1188,208,71,1,1468,0,9,21,0,30,1188,217,92,1,1498,0,0,0,1498
09/10/2022,CLT,NC,ASO,ES,Combined TRACON& Tower with Radar,980,148,30,0,1158,0,0,0,0,0,980,148,30,0,1158,0,0,0,1158
09/11/2022,CLT,NC,ASO,ES,Combined TRACON& Tower with Radar,1165,216,80,3,1464,0,0,0,1,1,1165,216,80,4,1465,0,0,0,1465
09/12/2022,CLT,NC,ASO,ES,Combined TRACON& Tower with Radar,1161,218,67,2,1448,0,2,12,0,14,1161,220,79,2,1462,0,0,0,1462
09/13/2022,CLT,NC,ASO,ES,Combined TRACON& Tower with Radar,996,171,86,6,1259,0,5,19,0,24,996,176,105,6,1283,0,0,0,1283
09/14/2022,CLT,NC,ASO,ES,Combined TRACON& Tower with Radar,1003,174,94,3,1274,0,3,31,0,34,1003,177,125,3,1308,0,0,0,1308
09/15/2022,CLT,NC,ASO,ES,Combined TRACON& Tower with Radar,1208,205,92,6,1511,0,2,30,0,32,1208,207,122,6,1543,0,0,0,1543
09/16/2022,CLT,NC,ASO,ES,Combined TRACON& Tower with Radar,1211,196,70,2,1479,0,5,32,0,37,1211,201,102,2,1516,0,0,0,1516
09/17/2022,CLT,NC,ASO,ES,Combined TRACON& Tower with Radar,965,135,19,3,1122,0,1,18,0,19,965,136,37,3,1141,0,0,0,1141
09/18/2022,CLT,NC,ASO,ES,Combined TRACON& Tower with Radar,1175,200,68,3,1446,0,0,7,0,7,1175,200,75,3,1453,0,0,0,1453
09/19/2022,CLT,NC,ASO,ES,Combined TRACON& Tower with Radar,1175,208,60,4,1447,0,8,15,0,23,1175,216,75,4,1470,0,0,0,1470
09/20/2022,CLT,NC,ASO,ES,Combined TRACON& Tower with Radar,1000,167,98,4,1269,0,12,24,0,36,1000,179,122,4,1305,0,0,0,1305
09/21/2022,CLT,NC,ASO,ES,Combined TRACON& Tower with Radar,1009,202,81,4,1296,0,5,19,0,24,1009,207,100,4,1320,0,0,0,1320
09/22/2022,CLT,NC,ASO,ES,Combined TRACON& Tower with Radar,1181,234,122,7,1544,0,9,17,1,27,1181,243,139,8,1571,0,0,0,1571
09/23/2022,CLT,NC,ASO,ES,Combined TRACON& Tower with Radar,1190,230,114,5,1539,0,4,22,0,26,1190,234,136,5,1565,0,0,0,1565
09/24/2022,CLT,NC,ASO,ES,Combined TRACON& Tower with Radar,983,166,55,0,1204,0,4,11,0,15,983,170,66,0,1219,0,0,0,1219
09/25/2022,CLT,NC,ASO,ES,Combined TRACON& Tower with Radar,1171,240,85,0,1496,0,2,9,0,11,1171,242,94,0,1507,0,0,0,1507
09/26/2022,CLT,NC,ASO,ES,Combined TRACON& Tower with Radar,1203,243,83,1,1530,0,0,13,0,13,1203,243,96,1,1543,0,0,0,1543
09/27/2022,CLT,NC,ASO,ES,Combined TRACON& Tower with Radar,1003,178,76,6,1263,0,3,17,0,20,1003,181,93,6,1283,0,0,0,1283
09/28/2022,CLT,NC,ASO,ES,Combined TRACON& Tower with Radar,923,180,81,6,1190,0,5,25,0,30,923,185,106,6,1220,0,0,0,1220
09/29/2022,CLT,NC,ASO,ES,Combined TRACON& Tower with Radar,1073,206,76,4,1359,0,0,19,0,19,1073,206,95,4,1378,0,0,0,1378
09/30/2022,CLT,NC,ASO,ES,Combined TRACON& Tower with Radar,935,144,24,0,1103,0,0,2,0,2,935,144,26,0,1105,0,0,0,1105
10/01/2022,CLT,NC,ASO,ES,Combined TRACON& Tower with Radar,954,143,28,0,1125,0,1,5,0,6,954,144,33,0,1131,0,0,0,1131
10/02/2022,CLT,NC,ASO,ES,Combined TRACON& Tower with Radar,1164,178,50,0,1392,0,0,7,0,7,1164,178,57,0,1399,0,0,0,1399
10/03/2022,CLT,NC,ASO,ES,Combined TRACON& Tower with Radar,1183,197,56,1,1437,0,3,8,0,11,1183,200,64,1,1448,0,0,0,1448
10/04/2022,CLT,NC,ASO,ES,Combined TRACON& Tower with Radar,998,167,79,4,1248,0,7,18,0,25,998,174,97,4,1273,0,0,0,1273
10/05/2022,CLT,NC,ASO,ES,Combined TRACON& Tower with Radar,1007,166,72,2,1247,0,5,28,0,33,1007,171,100,2,1280,0,0,0,1280
10/06/2022,CLT,NC,ASO,ES,Combined TRACON& Tower with Radar,1190,209,76,5,1480,0,4,17,0,21,1190,213,93,5,1501,0,0,0,1501
10/07/2022,CLT,NC,ASO,ES,Combined TRACON& Tower with Radar,1201,209,61,0,1471,0,7,14,0,21,1201,216,75,0,1492,0,0,0,1492
10/08/2022,CLT,NC,ASO,ES,Combined TRACON& Tower with Radar,1064,184,26,0,1274,0,2,10,0,12,1064,186,36,0,1286,0,0,0,1286
10/09/2022,CLT,NC,ASO,ES,Combined TRACON& Tower with Radar,1198,223,43,0,1464,0,13,8,0,21,1198,236,51,0,1485,0,0,0,1485
10/10/2022,CLT,NC,ASO,ES,Combined TRACON& Tower with Radar,1198,219,85,0,1502,0,6,6,0,12,1198,225,91,0,1514,0,0,0,1514
10/11/2022,CLT,NC,ASO,ES,Combined TRACON& Tower with Radar,1043,178,97,4,1322,0,7,5,0,12,1043,185,102,4,1334,0,0,0,1334
10/12/2022,CLT,NC,ASO,ES,Combined TRACON& Tower with Radar,1040,191,91,2,1324,0,2,7,0,9,1040,193,98,2,1333,0,0,0,1333
10/13/2022,CLT,NC,ASO,ES,Combined TRACON& Tower with Radar,1210,216,99,5,1530,0,4,12,0,16,1210,220,111,5,1546,0,0,0,1546
10/14/2022,CLT,NC,ASO,ES,Combined TRACON& Tower with Radar,1207,212,78,5,1502,0,3,24,0,27,1207,215,102,5,1529,0,0,0,1529
10/15/2022,CLT,NC,ASO,ES,Combined TRACON& Tower with Radar,1069,174,41,1,1285,0,1,11,0,12,1069,175,52,1,1297,0,0,0,1297
10/16/2022,CLT,NC,ASO,ES,Combined TRACON& Tower with Radar,1192,202,54,4,1452,0,3,2,1,6,1192,205,56,5,1458,0,0,0,1458
10/17/2022,CLT,NC,ASO,ES,Combined TRACON& Tower with Radar,1200,229,67,5,1501,0,4,11,0,15,1200,233,78,5,1516,0,0,0,1516
10/18/2022,CLT,NC,ASO,ES,Combined TRACON& Tower with Radar,1053,182,84,4,1323,0,1,25,0,26,1053,183,109,4,1349,0,0,0,1349
10/19/2022,CLT,NC,ASO,ES,Combined TRACON& Tower with Radar,1055,194,85,4,1338,0,2,16,0,18,1055,196,101,4,1356,0,0,0,1356
10/20/2022,CLT,NC,ASO,ES,Combined TRACON& Tower with Radar,1216,215,84,5,1520,0,5,17,1,23,1216,220,101,6,1543,0,0,0,1543
10/21/2022,CLT,NC,ASO,ES,Combined TRACON& Tower with Radar,1220,218,56,2,1496,0,2,14,0,16,1220,220,70,2,1512,0,0,0,1512
10/22/2022,CLT,NC,ASO,ES,Combined TRACON& Tower with Radar,1066,184,38,0,1288,0,2,16,0,18,1066,186,54,0,1306,0,0,0,1306
10/23/2022,CLT,NC,ASO,ES,Combined TRACON& Tower with Radar,1197,228,72,0,1497,0,1,3,0,4,1197,229,75,0,1501,0,0,0,1501
10/24/2022,CLT,NC,ASO,ES,Combined TRACON& Tower with Radar,1198,203,97,0,1498,0,8,0,0,8,1198,211,97,0,1506,0,0,0,1506
10/25/2022,CLT,NC,ASO,ES,Combined TRACON& Tower with Radar,1033,176,83,4,1296,0,8,10,2,20,1033,184,93,6,1316,0,0,0,1316
10/26/2022,CLT,NC,ASO,ES,Combined TRACON& Tower with Radar,1045,177,80,2,1304,0,1,16,0,17,1045,178,96,2,1321,0,0,0,1321
10/27/2022,CLT,NC,ASO,ES,Combined TRACON& Tower with Radar,1213,211,77,4,1505,0,4,16,0,20,1213,215,93,4,1525,0,0,0,1525
10/28/2022,CLT,NC,ASO,ES,Combined TRACON& Tower with Radar,1211,214,64,1,1490,0,3,18,2,23,1211,217,82,3,1513,0,0,0,1513
10/29/2022,CLT,NC,ASO,ES,Combined TRACON& Tower with Radar,934,144,23,0,1101,0,0,8,0,8,934,144,31,0,1109,0,0,0,1109
10/30/2022,CLT,NC,ASO,ES,Combined TRACON& Tower with Radar,1195,208,48,0,1451,0,0,2,0,2,1195,208,50,0,1453,0,0,0,1453
10/31/2022,CLT,NC,ASO,ES,Combined TRACON& Tower with Radar,895,134,58,0,1087,0,0,2,0,2,895,134,60,0,1089,0,0,0,1089
11/01/2022,CLT,NC,ASO,ES,Combined TRACON& Tower with Radar,1029,200,86,9,1324,0,5,18,0,23,1029,205,104,9,1347,0,0,0,1347
11/02/2022,CLT,NC,ASO,ES,Combined TRACON& Tower with Radar,1037,200,81,3,1321,0,11,13,0,24,1037,211,94,3,1345,0,0,0,1345
11/03/2022,CLT,NC,ASO,ES,Combined TRACON& Tower with Radar,1152,172,108,9,1441,0,9,21,0,30,1152,181,129,9,1471,0,0,0,1471
11/04/2022,CLT,NC,ASO,ES,Combined TRACON& Tower with Radar,1149,170,93,1,1413,0,3,12,0,15,1149,173,105,1,1428,0,0,0,1428
11/05/2022,CLT,NC,ASO,ES,Combined TRACON& Tower with Radar,1084,155,37,0,1276,0,0,5,0,5,1084,155,42,0,1281,0,0,0,1281
11/06/2022,CLT,NC,ASO,ES,Combined TRACON& Tower with Radar,1138,179,54,4,1375,0,0,2,0,2,1138,179,56,4,1377,0,0,0,1377
11/07/2022,CLT,NC,ASO,ES,Combined TRACON& Tower with Radar,1156,187,65,1,1409,0,3,1,0,4,1156,190,66,1,1413,0,0,0,1413
11/08/2022,CLT,NC,ASO,ES,Combined TRACON& Tower with Radar,1136,181,65,5,1387,0,3,14,0,17,1136,184,79,5,1404,0,0,0,1404
11/09/2022,CLT,NC,ASO,ES,Combined TRACON& Tower with Radar,1116,181,91,3,1391,0,7,13,0,20,1116,188,104,3,1411,0,0,0,1411
11/10/2022,CLT,NC,ASO,ES,Combined TRACON& Tower with Radar,1093,188,99,3,1383,0,3,4,0,7,1093,191,103,3,1390,0,0,0,1390
11/11/2022,CLT,NC,ASO,ES,Combined TRACON& Tower with Radar,1122,166,51,0,1339,0,0,0,0,0,1122,166,51,0,1339,0,0,0,1339
11/12/2022,CLT,NC,ASO,ES,Combined TRACON& Tower with Radar,1105,160,50,0,1315,0,2,5,0,7,1105,162,55,0,1322,0,0,0,1322
11/13/2022,CLT,NC,ASO,ES,Combined TRACON& Tower with Radar,1137,191,45,0,1373,0,0,9,0,9,1137,191,54,0,1382,0,0,0,1382
11/14/2022,CLT,NC,ASO,ES,Combined TRACON& Tower with Radar,1152,185,65,2,1404,0,6,9,0,15,1152,191,74,2,1419,0,0,0,1419
11/15/2022,CLT,NC,ASO,ES,Combined TRACON& Tower with Radar,1156,176,88,3,1423,0,0,2,0,2,1156,176,90,3,1425,0,0,0,1425
11/16/2022,CLT,NC,ASO,ES,Combined TRACON& Tower with Radar,1170,175,87,5,1437,0,7,15,0,22,1170,182,102,5,1459,0,0,0,1459
11/17/2022,CLT,NC,ASO,ES,Combined TRACON& Tower with Radar,1160,191,91,7,1449,0,8,22,0,30,1160,199,113,7,1479,0,0,0,1479
11/18/2022,CLT,NC,ASO,ES,Combined TRACON& Tower with Radar,1152,173,71,0,1396,0,6,10,0,16,1152,179,81,0,1412,0,0,0,1412
11/19/2022,CLT,NC,ASO,ES,Combined TRACON& Tower with Radar,1092,157,32,5,1286,0,1,7,0,8,1092,158,39,5,1294,0,0,0,1294
11/20/2022,CLT,NC,ASO,ES,Combined TRACON& Tower with Radar,1155,179,47,1,1382,0,0,5,0,5,1155,179,52,1,1387,0,0,0,1387
11/21/2022,CLT,NC,ASO,ES,Combined TRACON& Tower with Radar,1167,165,59,0,1391,0,7,8,0,15,1167,172,67,0,1406,0,0,0,1406
11/22/2022,CLT,NC,ASO,ES,Combined TRACON& Tower with Radar,1152,182,68,4,1406,0,3,18,1,22,1152,185,86,5,1428,0,0,0,1428
11/23/2022,CLT,NC,ASO,ES,Combined TRACON& Tower with Radar,1166,180,49,0,1395,0,5,15,2,22,1166,185,64,2,1417,0,0,0,1417
11/24/2022,CLT,NC,ASO,ES,Combined TRACON& Tower with Radar,545,70,12,0,627,0,0,5,0,5,545,70,17,0,632,0,0,0,632
11/25/2022,CLT,NC,ASO,ES,Combined TRACON& Tower with Radar,1109,180,40,0,1329,0,0,7,0,7,1109,180,47,0,1336,0,0,0,1336
11/26/2022,CLT,NC,ASO,ES,Combined TRACON& Tower with Radar,1116,175,47,0,1338,0,1,8,0,9,1116,176,55,0,1347,0,0,0,1347
11/27/2022,CLT,NC,ASO,ES,Combined TRACON& Tower with Radar,1169,177,57,0,1403,0,0,0,0,0,1169,177,57,0,1403,0,0,0,1403
11/28/2022,CLT,NC,ASO,ES,Combined TRACON& Tower with Radar,1153,164,51,1,1369,0,3,6,1,10,1153,167,57,2,1379,0,0,0,1379
11/29/2022,CLT,NC,ASO,ES,Combined TRACON& Tower with Radar,1152,190,66,4,1412,0,1,10,2,13,1152,191,76,6,1425,0,0,0,1425
11/30/2022,CLT,NC,ASO,ES,Combined TRACON& Tower with Radar,1134,161,60,2,1357,0,2,3,0,5,1134,163,63,2,1362,0,0,0,1362
12/01/2022,CLT,NC,ASO,ES,Combined TRACON& Tower with Radar,1155,176,79,3,1413,0,0,15,0,15,1155,176,94,3,1428,0,0,0,1428
12/02/2022,CLT,NC,ASO,ES,Combined TRACON& Tower with Radar,1148,169,74,2,1393,0,5,8,0,13,1148,174,82,2,1406,0,0,0,1406
12/03/2022,CLT,NC,ASO,ES,Combined TRACON& Tower with Radar,1082,161,46,4,1293,0,0,2,0,2,1082,161,48,4,1295,0,0,0,1295
12/04/2022,CLT,NC,ASO,ES,Combined TRACON& Tower with Radar,1147,176,50,1,1374,0,2,2,0,4,1147,178,52,1,1378,0,0,0,1378
12/05/2022,CLT,NC,ASO,ES,Combined TRACON& Tower with Radar,1144,174,80,0,1398,0,5,5,0,10,1144,179,85,0,1408,0,0,0,1408
12/06/2022,CLT,NC,ASO,ES,Combined TRACON& Tower with Radar,1162,175,110,3,1450,0,0,0,0,0,1162,175,110,3,1450,0,0,0,1450
12/07/2022,CLT,NC,ASO,ES,Combined TRACON& Tower with Radar,1157,165,75,3,1400,0,0,0,0,0,1157,165,75,3,1400,0,0,0,1400
12/08/2022,CLT,NC,ASO,ES,Combined TRACON& Tower with Radar,1162,192,104,4,1462,0,5,16,0,21,1162,197,120,4,1483,0,0,0,1483
12/09/2022,CLT,NC,ASO,ES,Combined TRACON& Tower with Radar,1152,165,60,0,1377,0,4,6,0,10,1152,169,66,0,1387,0,0,0,1387
12/10/2022,CLT,NC,ASO,ES,Combined TRACON& Tower with Radar,1091,152,30,0,1273,0,2,6,0,8,1091,154,36,0,1281,0,0,0,1281
12/11/2022,CLT,NC,ASO,ES,Combined TRACON& Tower with Radar,1136,166,36,0,1338,0,0,0,0,0,1136,166,36,0,1338,0,0,0,1338
12/12/2022,CLT,NC,ASO,ES,Combined TRACON& Tower with Radar,1156,187,77,0,1420,0,6,12,0,18,1156,193,89,0,1438,0,0,0,1438
12/13/2022,CLT,NC,ASO,ES,Combined TRACON& Tower with Radar,1147,188,89,4,1428,0,8,14,0,22,1147,196,103,4,1450,0,0,0,1450
12/14/2022,CLT,NC,ASO,ES,Combined TRACON& Tower with Radar,1171,182,62,3,1418,0,8,6,0,14,1171,190,68,3,1432,0,0,0,1432
12/15/2022,CLT,NC,ASO,ES,Combined TRACON& Tower with Radar,1160,190,97,4,1451,0,0,2,0,2,1160,190,99,4,1453,0,0,0,1453
12/16/2022,CLT,NC,ASO,ES,Combined TRACON& Tower with Radar,1133,207,83,1,1424,0,4,14,0,18,1133,211,97,1,1442,0,0,0,1442
12/17/2022,CLT,NC,ASO,ES,Combined TRACON& Tower with Radar,1110,168,39,0,1317,0,0,9,2,11,1110,168,48,2,1328,0,0,0,1328
12/18/2022,CLT,NC,ASO,ES,Combined TRACON& Tower with Radar,1117,186,49,0,1352,0,0,5,0,5,1117,186,54,0,1357,0,0,0,1357
12/19/2022,CLT,NC,ASO,ES,Combined TRACON& Tower with Radar,1097,192,46,0,1335,0,3,6,0,9,1097,195,52,0,1344,0,0,0,1344
12/20/2022,CLT,NC,ASO,ES,Combined TRACON& Tower with Radar,1119,187,40,4,1350,0,1,17,0,18,1119,188,57,4,1368,0,0,0,1368
12/21/2022,CLT,NC,ASO,ES,Combined TRACON& Tower with Radar,1132,201,56,5,1394,0,1,11,2,14,1132,202,67,7,1408,0,0,0,1408
12/22/2022,CLT,NC,ASO,ES,Combined TRACON& Tower with Radar,1076,191,34,5,1306,0,0,0,0,0,1076,191,34,5,1306,0,0,0,1306
12/23/2022,CLT,NC,ASO,ES,Combined TRACON& Tower with Radar,978,148,30,0,1156,0,1,5,0,6,978,149,35,0,1162,0,0,0,1162
12/24/2022,CLT,NC,ASO,ES,Combined TRACON& Tower with Radar,768,143,27,0,938,0,0,4,0,4,768,143,31,0,942,0,0,0,942
12/25/2022,CLT,NC,ASO,ES,Combined TRACON& Tower with Radar,886,157,3,0,1046,0,1,5,2,8,886,158,8,2,1054,0,0,0,1054
12/26/2022,CLT,NC,ASO,ES,Combined TRACON& Tower with Radar,1054,204,46,0,1304,0,0,4,0,4,1054,204,50,0,1308,0,0,0,1308
12/27/2022,CLT,NC,ASO,ES,Combined TRACON& Tower with Radar,1094,197,58,2,1351,0,4,17,0,21,1094,201,75,2,1372,0,0,0,1372
12/28/2022,CLT,NC,ASO,ES,Combined TRACON& Tower with Radar,1106,183,44,3,1336,0,0,15,0,15,1106,183,59,3,1351,0,0,0,1351
12/29/2022,CLT,NC,ASO,ES,Combined TRACON& Tower with Radar,1110,197,29,2,1338,0,0,21,0,21,1110,197,50,2,1359,0,0,0,1359
12/30/2022,CLT,NC,ASO,ES,Combined TRACON& Tower with Radar,1123,212,46,0,1381,0,0,14,0,14,1123,212,60,0,1395,0,0,0,1395
12/31/2022,CLT,NC,ASO,ES,Combined TRACON& Tower with Radar,821,138,23,0,982,0,0,1,0,1,821,138,24,0,983,0,0,0,983
01/01/2023,CLT,NC,ASO,ES,Combined TRACON& Tower with Radar,923,155,25,2,1105,0,0,0,0,0,923,155,25,2,1105,0,0,0,1105
01/02/2023,CLT,NC,ASO,ES,Combined TRACON& Tower with Radar,1081,212,52,1,1346,0,0,4,0,4,1081,212,56,1,1350,0,0,0,1350
01/03/2023,CLT,NC,ASO,ES,Combined TRACON& Tower with Radar,1109,177,44,5,1335,0,1,2,0,3,1109,178,46,5,1338,0,0,0,1338
01/04/2023,CLT,NC,ASO,ES,Combined TRACON& Tower with Radar,1015,193,45,1,1254,0,0,2,0,2,1015,193,47,1,1256,0,0,0,1256
01/05/2023,CLT,NC,ASO,ES,Combined TRACON& Tower with Radar,955,161,42,5,1163,0,4,18,0,22,955,165,60,5,1185,0,0,0,1185
01/06/2023,CLT,NC,ASO,ES,Combined TRACON& Tower with Radar,973,174,48,0,1195,0,2,14,0,16,973,176,62,0,1211,0,0,0,1211
01/07/2023,CLT,NC,ASO,ES,Combined TRACON& Tower with Radar,1050,173,26,1,1250,0,1,16,2,19,1050,174,42,3,1269,0,0,0,1269
01/08/2023,CLT,NC,ASO,ES,Combined TRACON& Tower with Radar,1110,185,35,2,1332,0,0,1,0,1,1110,185,36,2,1333,0,0,0,1333
01/09/2023,CLT,NC,ASO,ES,Combined TRACON& Tower with Radar,1105,192,55,0,1352,0,0,13,0,13,1105,192,68,0,1365,0,0,0,1365
01/10/2023,CLT,NC,ASO,ES,Combined TRACON& Tower with Radar,1040,169,92,5,1306,0,1,19,2,22,1040,170,111,7,1328,0,0,0,1328
01/11/2023,CLT,NC,ASO,ES,Combined TRACON& Tower with Radar,921,158,80,3,1162,0,0,14,0,14,921,158,94,3,1176,0,0,0,1176
01/12/2023,CLT,NC,ASO,ES,Combined TRACON& Tower with Radar,1132,176,66,4,1378,0,0,6,0,6,1132,176,72,4,1384,0,0,0,1384
01/13/2023,CLT,NC,ASO,ES,Combined TRACON& Tower with Radar,1225,185,63,1,1474,0,3,17,0,20,1225,188,80,1,1494,0,0,0,1494
01/14/2023,CLT,NC,ASO,ES,Combined TRACON& Tower with Radar,868,127,34,0,1029,0,1,8,0,9,868,128,42,0,1038,0,0,0,1038
01/15/2023,CLT,NC,ASO,ES,Combined TRACON& Tower with Radar,1027,168,31,1,1227,0,1,1,0,2,1027,169,32,1,1229,0,0,0,1229
01/16/2023,CLT,NC,ASO,ES,Combined TRACON& Tower with Radar,1059,162,56,0,1277,0,0,4,0,4,1059,162,60,0,1281,0,0,0,1281
01/17/2023,CLT,NC,ASO,ES,Combined TRACON& Tower with Radar,1053,164,68,4,1289,0,0,2,0,2,1053,164,70,4,1291,0,0,0,1291
01/18/2023,CLT,NC,ASO,ES,Combined TRACON& Tower with Radar,1078,161,60,5,1304,0,3,11,0,14,1078,164,71,5,1318,0,0,0,1318
01/19/2023,CLT,NC,ASO,ES,Combined TRACON& Tower with Radar,1198,174,64,6,1442,0,2,7,2,11,1198,176,71,8,1453,0,0,0,1453
01/20/2023,CLT,NC,ASO,ES,Combined TRACON& Tower with Radar,1172,176,62,0,1410,0,8,27,1,36,1172,184,89,1,1446,0,0,0,1446
01/21/2023,CLT,NC,ASO,ES,Combined TRACON& Tower with Radar,1021,135,25,0,1181,0,0,15,0,15,1021,135,40,0,1196,0,0,0,1196
01/22/2023,CLT,NC,ASO,ES,Combined TRACON& Tower with Radar,1148,170,40,0,1358,0,0,0,0,0,1148,170,40,0,1358,0,0,0,1358
01/23/2023,CLT,NC,ASO,ES,Combined TRACON& Tower with Radar,1094,176,65,0,1335,0,3,9,0,12,1094,179,74,0,1347,0,0,0,1347
01/24/2023,CLT,NC,ASO,ES,Combined TRACON& Tower with Radar,1045,182,74,2,1303,0,5,24,0,29,1045,187,98,2,1332,0,0,0,1332
01/25/2023,CLT,NC,ASO,ES,Combined TRACON& Tower with Radar,1093,173,57,1,1324,0,0,0,0,0,1093,173,57,1,1324,0,0,0,1324
01/26/2023,CLT,NC,ASO,ES,Combined TRACON& Tower with Radar,1195,174,73,4,1446,0,3,12,0,15,1195,177,85,4,1461,0,0,0,1461
01/27/2023,CLT,NC,ASO,ES,Combined TRACON& Tower with Radar,1179,174,71,1,1425,0,3,16,0,19,1179,177,87,1,1444,0,0,0,1444
01/28/2023,CLT,NC,ASO,ES,Combined TRACON& Tower with Radar,1028,143,40,0,1211,0,1,9,0,10,1028,144,49,0,1221,0,0,0,1221
01/29/2023,CLT,NC,ASO,ES,Combined TRACON& Tower with Radar,1162,172,49,2,1385,0,0,0,0,0,1162,172,49,2,1385,0,0,0,1385
01/30/2023,CLT,NC,ASO,ES,Combined TRACON& Tower with Radar,1049,177,74,1,1301,0,2,7,0,9,1049,179,81,1,1310,0,0,0,1310
01/31/2023,CLT,NC,ASO,ES,Combined TRACON& Tower with Radar,1021,150,51,4,1226,0,0,2,0,2,1021,150,53,4,1228,0,0,0,1228
02/01/2023,CLT,NC,ASO,ES,Combined TRACON& Tower with Radar,1028,188,68,4,1288,0,0,2,0,2,1028,188,70,4,1290,0,0,0,1290
02/02/2023,CLT,NC,ASO,ES,Combined TRACON& Tower with Radar,1138,185,81,0,1404,0,0,0,0,0,1138,185,81,0,1404,0,0,0,1404
02/03/2023,CLT,NC,ASO,ES,Combined TRACON& Tower with Radar,1150,151,42,2,1345,0,8,19,0,27,1150,159,61,2,1372,0,0,0,1372
02/04/2023,CLT,NC,ASO,ES,Combined TRACON& Tower with Radar,1082,153,16,0,1251,0,0,16,0,16,1082,153,32,0,1267,0,0,0,1267
02/05/2023,CLT,NC,ASO,ES,Combined TRACON& Tower with Radar,1152,152,42,0,1346,0,2,8,0,10,1152,154,50,0,1356,0,0,0,1356
02/06/2023,CLT,NC,ASO,ES,Combined TRACON& Tower with Radar,1162,177,67,3,1409,0,5,8,0,13,1162,182,75,3,1422,0,0,0,1422
02/07/2023,CLT,NC,ASO,ES,Combined TRACON& Tower with Radar,1019,159,60,4,1242,0,2,20,0,22,1019,161,80,4,1264,0,0,0,1264
02/08/2023,CLT,NC,ASO,ES,Combined TRACON& Tower with Radar,1020,183,73,5,1281,0,10,18,0,28,1020,193,91,5,1309,0,0,0,1309
02/09/2023,CLT,NC,ASO,ES,Combined TRACON& Tower with Radar,1179,172,92,4,1447,0,0,16,0,16,1179,172,108,4,1463,0,0,0,1463
02/10/2023,CLT,NC,ASO,ES,Combined TRACON& Tower with Radar,1165,159,66,2,1392,0,1,14,0,15,1165,160,80,2,1407,0,0,0,1407
02/11/2023,CLT,NC,ASO,ES,Combined TRACON& Tower with Radar,1086,148,29,3,1266,0,0,10,0,10,1086,148,39,3,1276,0,0,0,1276
02/12/2023,CLT,NC,ASO,ES,Combined TRACON& Tower with Radar,1145,160,35,0,1340,0,0,0,0,0,1145,160,35,0,1340,0,0,0,1340
02/13/2023,CLT,NC,ASO,ES,Combined TRACON& Tower with Radar,1157,165,70,2,1394,0,4,9,0,13,1157,169,79,2,1407,0,0,0,1407
02/14/2023,CLT,NC,ASO,ES,Combined TRACON& Tower with Radar,1012,159,57,4,1232,0,2,11,0,13,1012,161,68,4,1245,0,0,0,1245
02/15/2023,CLT,NC,ASO,ES,Combined TRACON& Tower with Radar,1037,148,77,5,1267,0,2,15,0,17,1037,150,92,5,1284,0,0,0,1284
02/16/2023,CLT,NC,ASO,ES,Combined TRACON& Tower with Radar,1159,167,65,5,1396,0,1,14,0,15,1159,168,79,5,1411,0,0,0,1411
02/17/2023,CLT,NC,ASO,ES,Combined TRACON& Tower with Radar,1171,158,71,3,1403,0,1,8,0,9,1171,159,79,3,1412,0,0,0,1412
02/18/2023,CLT,NC,ASO,ES,Combined TRACON& Tower with Radar,982,126,28,0,1136,0,1,26,0,27,982,127,54,0,1163,0,0,0,1163
02/19/2023,CLT,NC,ASO,ES,Combined TRACON& Tower with Radar,1144,164,34,0,1342,0,3,2,0,5,1144,167,36,0,1347,0,0,0,1347
02/20/2023,CLT,NC,ASO,ES,Combined TRACON& Tower with Radar,1163,175,71,1,1410,0,1,8,0,9,1163,176,79,1,1419,0,0,0,1419
02/21/2023,CLT,NC,ASO,ES,Combined TRACON& Tower with Radar,1145,162,83,5,1395,0,0,17,0,17,1145,162,100,5,1412,0,0,0,1412
02/22/2023,CLT,NC,ASO,ES,Combined TRACON& Tower with Radar,1125,161,92,3,1381,0,2,17,0,19,1125,163,109,3,1400,0,0,0,1400
02/23/2023,CLT,NC,ASO,ES,Combined TRACON& Tower with Radar,1163,179,91,2,1435,0,2,16,0,18,1163,181,107,2,1453,0,0,0,1453
02/24/2023,CLT,NC,ASO,ES,Combined TRACON& Tower with Radar,1172,157,63,3,1395,0,0,24,0,24,1172,157,87,3,1419,0,0,0,1419
02/25/2023,CLT,NC,ASO,ES,Combined TRACON& Tower with Radar,1105,142,23,0,1270,0,0,1,0,1,1105,142,24,0,1271,0,0,0,1271
02/26/2023,CLT,NC,ASO,ES,Combined TRACON& Tower with Radar,1154,166,44,1,1365,0,0,1,0,1,1154,166,45,1,1366,0,0,0,1366
02/27/2023,CLT,NC,ASO,ES,Combined TRACON& Tower with Radar,1160,166,60,1,1387,0,3,14,0,17,1160,169,74,1,1404,0,0,0,1404
02/28/2023,CLT,NC,ASO,ES,Combined TRACON& Tower with Radar,1154,161,67,4,1386,0,0,16,0,16,1154,161,83,4,1402,0,0,0,1402
03/01/2023,CLT,NC,ASO,ES,Combined TRACON& Tower with Radar,1171,176,88,2,1437,0,1,11,0,12,1171,177,99,2,1449,0,0,0,1449
03/02/2023,CLT,NC,ASO,ES,Combined TRACON& Tower with Radar,1194,187,81,4,1466,0,0,17,0,17,1194,187,98,4,1483,0,0,0,1483
03/03/2023,CLT,NC,ASO,ES,Combined TRACON& Tower with Radar,1160,161,69,0,1390,0,0,4,0,4,1160,161,73,0,1394,0,0,0,1394
03/04/2023,CLT,NC,ASO,ES,Combined TRACON& Tower with Radar,1120,170,36,8,1334,0,1,7,0,8,1120,171,43,8,1342,0,0,0,1342
03/05/2023,CLT,NC,ASO,ES,Combined TRACON& Tower with Radar,1186,176,37,2,1401,0,1,2,0,3,1186,177,39,2,1404,0,0,0,1404
03/06/2023,CLT,NC,ASO,ES,Combined TRACON& Tower with Radar,1202,164,71,2,1439,0,1,8,0,9,1202,165,79,2,1448,0,0,0,1448
03/07/2023,CLT,NC,ASO,ES,Combined TRACON& Tower with Radar,1051,164,58,6,1279,0,1,23,0,24,1051,165,81,6,1303,0,0,0,1303
03/08/2023,CLT,NC,ASO,ES,Combined TRACON& Tower with Radar,1191,175,86,3,1455,0,0,14,0,14,1191,175,100,3,1469,0,0,0,1469
03/09/2023,CLT,NC,ASO,ES,Combined TRACON& Tower with Radar,1189,176,91,4,1460,0,1,19,0,20,1189,177,110,4,1480,0,0,0,1480
03/10/2023,CLT,NC,ASO,ES,Combined TRACON& Tower with Radar,1214,185,69,1,1469,0,2,6,0,8,1214,187,75,1,1477,0,0,0,1477
03/11/2023,CLT,NC,ASO,ES,Combined TRACON& Tower with Radar,1128,173,56,0,1357,0,0,15,0,15,1128,173,71,0,1372,0,0,0,1372
03/12/2023,CLT,NC,ASO,ES,Combined TRACON& Tower with Radar,1176,157,49,0,1382,0,0,0,0,0,1176,157,49,0,1382,0,0,0,1382
03/13/2023,CLT,NC,ASO,ES,Combined TRACON& Tower with Radar,1202,180,65,2,1449,0,1,5,2,8,1202,181,70,4,1457,0,0,0,1457
03/14/2023,CLT,NC,ASO,ES,Combined TRACON& Tower with Radar,1032,167,48,5,1252,0,3,18,0,21,1032,170,66,5,1273,0,0,0,1273
03/15/2023,CLT,NC,ASO,ES,Combined TRACON& Tower with Radar,1178,158,59,2,1397,0,1,12,0,13,1178,159,71,2,1410,0,0,0,1410
03/16/2023,CLT,NC,ASO,ES,Combined TRACON& Tower with Radar,1200,179,75,6,1460,0,2,12,0,14,1200,181,87,6,1474,0,0,0,1474
03/17/2023,CLT,NC,ASO,ES,Combined TRACON& Tower with Radar,1194,163,41,1,1399,0,0,2,0,2,1194,163,43,1,1401,0,0,0,1401
03/18/2023,CLT,NC,ASO,ES,Combined TRACON& Tower with Radar,1134,174,41,0,1349,0,1,5,0,6,1134,175,46,0,1355,0,0,0,1355
03/19/2023,CLT,NC,ASO,ES,Combined TRACON& Tower with Radar,1187,171,73,4,1435,0,0,9,0,9,1187,171,82,4,1444,0,0,0,1444
03/20/2023,CLT,NC,ASO,ES,Combined TRACON& Tower with Radar,1193,167,64,0,1424,0,1,13,0,14,1193,168,77,0,1438,0,0,0,1438
03/21/2023,CLT,NC,ASO,ES,Combined TRACON& Tower with Radar,1063,159,83,7,1312,0,2,21,0,23,1063,161,104,7,1335,0,0,0,1335
03/22/2023,CLT,NC,ASO,ES,Combined TRACON& Tower with Radar,1192,175,89,0,1456,0,6,9,0,15,1192,181,98,0,1471,0,0,0,1471
03/23/2023,CLT,NC,ASO,ES,Combined TRACON& Tower with Radar,1219,189,88,2,1498,0,4,12,0,16,1219,193,100,2,1514,0,0,0,1514
03/24/2023,CLT,NC,ASO,ES,Combined TRACON& Tower with Radar,1211,174,57,2,1444,0,2,15,0,17,1211,176,72,2,1461,0,0,0,1461
03/25/2023,CLT,NC,ASO,ES,Combined TRACON& Tower with Radar,1116,161,32,1,1310,0,1,17,0,18,1116,162,49,1,1328,0,0,0,1328
03/26/2023,CLT,NC,ASO,ES,Combined TRACON& Tower with Radar,1138,168,41,1,1348,0,0,2,0,2,1138,168,43,1,1350,0,0,0,1350
03/27/2023,CLT,NC,ASO,ES,Combined TRACON& Tower with Radar,1183,193,71,2,1449,0,5,11,0,16,1183,198,82,2,1465,0,0,0,1465
03/28/2023,CLT,NC,ASO,ES,Combined TRACON& Tower with Radar,1078,192,55,7,1332,0,2,10,0,12,1078,194,65,7,1344,0,0,0,1344
03/29/2023,CLT,NC,ASO,ES,Combined TRACON& Tower with Radar,1183,194,85,3,1465,0,6,5,0,11,1183,200,90,3,1476,0,0,0,1476
03/30/2023,CLT,NC,ASO,ES,Combined TRACON& Tower with Radar,1201,186,79,2,1468,0,2,15,0,17,1201,188,94,2,1485,0,0,0,1485
03/31/2023,CLT,NC,ASO,ES,Combined TRACON& Tower with Radar,1174,162,83,2,1421,0,0,10,0,10,1174,162,93,2,1431,0,0,0,1431
04/01/2023,CLT,NC,ASO,ES,Combined TRACON& Tower with Radar,1103,152,24,0,1279,0,1,5,0,6,1103,153,29,0,1285,0,0,0,1285
04/02/2023,CLT,NC,ASO,ES,Combined TRACON& Tower with Radar,1181,184,42,0,1407,0,2,3,0,5,1181,186,45,0,1412,0,0,0,1412
04/03/2023,CLT,NC,ASO,ES,Combined TRACON& Tower with Radar,1194,173,44,3,1414,0,2,12,0,14,1194,175,56,3,1428,0,0,0,1428
04/04/2023,CLT,NC,ASO,ES,Combined TRACON& Tower with Radar,1042,190,86,6,1324,0,5,18,0,23,1042,195,104,6,1347,0,0,0,1347
04/05/2023,CLT,NC,ASO,ES,Combined TRACON& Tower with Radar,1140,218,62,2,1422,0,2,15,0,17,1140,220,77,2,1439,0,0,0,1439
04/06/2023,CLT,NC,ASO,ES,Combined TRACON& Tower with Radar,1185,221,86,5,1497,0,3,12,0,15,1185,224,98,5,1512,0,0,0,1512
04/07/2023,CLT,NC,ASO,ES,Combined TRACON& Tower with Radar,1177,222,46,0,1445,0,0,2,0,2,1177,222,48,0,1447,0,0,0,1447
04/08/2023,CLT,NC,ASO,ES,Combined TRACON& Tower with Radar,1106,195,24,0,1325,0,0,0,0,0,1106,195,24,0,1325,0,0,0,1325
04/09/2023,CLT,NC,ASO,ES,Combined TRACON& Tower with Radar,1153,217,30,0,1400,0,1,2,0,3,1153,218,32,0,1403,0,0,0,1403
04/10/2023,CLT,NC,ASO,ES,Combined TRACON& Tower with Radar,1174,233,80,3,1490,0,1,12,0,13,1174,234,92,3,1503,0,0,0,1503
04/11/2023,CLT,NC,ASO,ES,Combined TRACON& Tower with Radar,1056,200,78,4,1338,0,2,25,0,27,1056,202,103,4,1365,0,0,0,1365
04/12/2023,CLT,NC,ASO,ES,Combined TRACON& Tower with Radar,1155,226,90,2,1473,0,2,13,0,15,1155,228,103,2,1488,0,0,0,1488
04/13/2023,CLT,NC,ASO,ES,Combined TRACON& Tower with Radar,1183,226,109,6,1524,0,1,16,0,17,1183,227,125,6,1541,0,0,0,1541
04/14/2023,CLT,NC,ASO,ES,Combined TRACON& Tower with Radar,1179,222,64,1,1466,0,0,10,0,10,1179,222,74,1,1476,0,0,0,1476
04/15/2023,CLT,NC,ASO,ES,Combined TRACON& Tower with Radar,1103,211,42,1,1357,0,2,6,0,8,1103,213,48,1,1365,0,0,0,1365
04/16/2023,CLT,NC,ASO,ES,Combined TRACON& Tower with Radar,1179,215,47,0,1441,0,1,6,0,7,1179,216,53,0,1448,0,0,0,1448
04/17/2023,CLT,NC,ASO,ES,Combined TRACON& Tower with Radar,1183,207,74,0,1464,0,1,8,0,9,1183,208,82,0,1473,0,0,0,1473
04/18/2023,CLT,NC,ASO,ES,Combined TRACON& Tower with Radar,1063,203,82,8,1356,0,1,25,1,27,1063,204,107,9,1383,0,0,0,1383
04/19/2023,CLT,NC,ASO,ES,Combined TRACON& Tower with Radar,1160,209,76,4,1449,0,0,18,0,18,1160,209,94,4,1467,0,0,0,1467
04/20/2023,CLT,NC,ASO,ES,Combined TRACON& Tower with Radar,1179,226,73,10,1488,0,3,17,0,20,1179,229,90,10,1508,0,0,0,1508
04/21/2023,CLT,NC,ASO,ES,Combined TRACON& Tower with Radar,1183,212,64,1,1460,0,0,16,0,16,1183,212,80,1,1476,0,0,0,1476
04/22/2023,CLT,NC,ASO,ES,Combined TRACON& Tower with Radar,1085,207,25,0,1317,0,0,17,0,17,1085,207,42,0,1334,0,0,0,1334
04/23/2023,CLT,NC,ASO,ES,Combined TRACON& Tower with Radar,1206,213,48,0,1467,0,0,6,0,6,1206,213,54,0,1473,0,0,0,1473
04/24/2023,CLT,NC,ASO,ES,Combined TRACON& Tower with Radar,1183,229,59,1,1472,0,0,6,0,6,1183,229,65,1,1478,0,0,0,1478
04/25/2023,CLT,NC,ASO,ES,Combined TRACON& Tower with Radar,1066,214,93,4,1377,0,0,16,0,16,1066,214,109,4,1393,0,0,0,1393
04/26/2023,CLT,NC,ASO,ES,Combined TRACON& Tower with Radar,1157,218,87,2,1464,0,0,8,0,8,1157,218,95,2,1472,0,0,0,1472
04/27/2023,CLT,NC,ASO,ES,Combined TRACON& Tower with Radar,1171,219,73,4,1467,0,0,0,0,0,1171,219,73,4,1467,0,0,0,1467
04/28/2023,CLT,NC,ASO,ES,Combined TRACON& Tower with Radar,1233,227,60,0,1520,0,1,12,0,13,1233,228,72,0,1533,0,0,0,1533
04/29/2023,CLT,NC,ASO,ES,Combined TRACON& Tower with Radar,1095,195,27,0,1317,0,0,4,0,4,1095,195,31,0,1321,0,0,0,1321
04/30/2023,CLT,NC,ASO,ES,Combined TRACON& Tower with Radar,1158,232,57,3,1450,0,0,1,0,1,1158,232,58,3,1451,0,0,0,1451
05/01/2023,CLT,NC,ASO,ES,Combined TRACON& Tower with Radar,1176,242,62,2,1482,0,2,10,0,12,1176,244,72,2,1494,0,0,0,1494
05/02/2023,CLT,NC,ASO,ES,Combined TRACON& Tower with Radar,1072,254,80,2,1408,0,2,9,0,11,1072,256,89,2,1419,0,0,0,1419
05/03/2023,CLT,NC,ASO,ES,Combined TRACON& Tower with Radar,1157,233,87,1,1478,0,2,18,0,20,1157,235,105,1,1498,0,0,0,1498
05/04/2023,CLT,NC,ASO,ES,Combined TRACON& Tower with Radar,1203,242,102,5,1552,0,1,22,0,23,1203,243,124,5,1575,0,0,0,1575
05/05/2023,CLT,NC,ASO,ES,Combined TRACON& Tower with Radar,1190,231,84,0,1505,0,1,17,0,18,1190,232,101,0,1523,0,0,0,1523
05/06/2023,CLT,NC,ASO,ES,Combined TRACON& Tower with Radar,1120,208,26,2,1356,0,1,6,0,7,1120,209,32,2,1363,0,0,0,1363
05/07/2023,CLT,NC,ASO,ES,Combined TRACON& Tower with Radar,1160,236,62,2,1460,0,1,7,0,8,1160,237,69,2,1468,0,0,0,1468
05/08/2023,CLT,NC,ASO,ES,Combined TRACON& Tower with Radar,1194,224,59,6,1483,0,1,9,0,10,1194,225,68,6,1493,0,0,0,1493
05/09/2023,CLT,NC,ASO,ES,Combined TRACON& Tower with Radar,1067,182,78,4,1331,0,3,13,1,17,1067,185,91,5,1348,0,0,0,1348
05/10/2023,CLT,NC,ASO,ES,Combined TRACON& Tower with Radar,1187,233,93,2,1515,0,0,8,0,8,1187,233,101,2,1523,0,0,0,1523
05/11/2023,CLT,NC,ASO,ES,Combined TRACON& Tower with Radar,1196,227,92,4,1519,0,3,19,0,22,1196,230,111,4,1541,0,0,0,1541
05/12/2023,CLT,NC,ASO,ES,Combined TRACON& Tower with Radar,1199,219,64,0,1482,0,1,13,0,14,1199,220,77,0,1496,0,0,0,1496
05/13/2023,CLT,NC,ASO,ES,Combined TRACON& Tower with Radar,1103,214,29,0,1346,0,0,6,0,6,1103,214,35,0,1352,0,0,0,1352
05/14/2023,CLT,NC,ASO,ES,Combined TRACON& Tower with Radar,1162,215,37,3,1417,0,0,7,0,7,1162,215,44,3,1424,0,0,0,1424
05/15/2023,CLT,NC,ASO,ES,Combined TRACON& Tower with Radar,1171,239,65,2,1477,0,4,18,0,22,1171,243,83,2,1499,0,0,0,1499
05/16/2023,CLT,NC,ASO,ES,Combined TRACON& Tower with Radar,1055,193,78,6,1332,0,7,14,0,21,1055,200,92,6,1353,0,0,0,1353
05/17/2023,CLT,NC,ASO,ES,Combined TRACON& Tower with Radar,1205,217,103,3,1528,0,2,16,0,18,1205,219,119,3,1546,0,0,0,1546
05/18/2023,CLT,NC,ASO,ES,Combined TRACON& Tower with Radar,1199,224,93,4,1520,0,3,13,0,16,1199,227,106,4,1536,0,0,0,1536
05/19/2023,CLT,NC,ASO,ES,Combined TRACON& Tower with Radar,1183,219,65,4,1471,0,0,12,0,12,1183,219,77,4,1483,0,0,0,1483
05/20/2023,CLT,NC,ASO,ES,Combined TRACON& Tower with Radar,1104,204,30,2,1340,0,0,7,0,7,1104,204,37,2,1347,0,0,0,1347
05/21/2023,CLT,NC,ASO,ES,Combined TRACON& Tower with Radar,1187,217,52,0,1456,0,0,5,0,5,1187,217,57,0,1461,0,0,0,1461
05/22/2023,CLT,NC,ASO,ES,Combined TRACON& Tower with Radar,1177,231,57,0,1465,0,4,47,0,51,1177,235,104,0,1516,0,0,0,1516
05/23/2023,CLT,NC,ASO,ES,Combined TRACON& Tower with Radar,1086,203,77,7,1373,0,1,16,0,17,1086,204,93,7,1390,0,0,0,1390
05/24/2023,CLT,NC,ASO,ES,Combined TRACON& Tower with Radar,1180,215,82,3,1480,0,0,12,3,15,1180,215,94,6,1495,0,0,0,1495
05/25/2023,CLT,NC,ASO,ES,Combined TRACON& Tower with Radar,1191,254,86,7,1538,0,3,29,3,35,1191,257,115,10,1573,0,0,0,1573
05/26/2023,CLT,NC,ASO,ES,Combined TRACON& Tower with Radar,1194,226,58,2,1480,0,0,35,0,35,1194,226,93,2,1515,0,0,0,1515
05/27/2023,CLT,NC,ASO,ES,Combined TRACON& Tower with Radar,1000,184,22,1,1207,0,0,3,0,3,1000,184,25,1,1210,0,0,0,1210
05/28/2023,CLT,NC,ASO,ES,Combined TRACON& Tower with Radar,1095,201,26,1,1323,0,0,0,0,0,1095,201,26,1,1323,0,0,0,1323
05/29/2023,CLT,NC,ASO,ES,Combined TRACON& Tower with Radar,1188,211,46,1,1446,0,0,2,0,2,1188,211,48,1,1448,0,0,0,1448
05/30/2023,CLT,NC,ASO,ES,Combined TRACON& Tower with Radar,1072,202,67,0,1341,0,2,10,0,12,1072,204,77,0,1353,0,0,0,1353
05/31/2023,CLT,NC,ASO,ES,Combined TRACON& Tower with Radar,1184,224,84,5,1497,0,0,17,0,17,1184,224,101,5,1514,0,0,0,1514
06/01/2023,CLT,NC,ASO,ES,Combined TRACON& Tower with Radar,1224,213,67,2,1506,0,2,22,0,24,1224,215,89,2,1530,0,0,0,1530
06/02/2023,CLT,NC,ASO,ES,Combined TRACON& Tower with Radar,1240,248,67,0,1555,0,1,19,0,20,1240,249,86,0,1575,0,0,0,1575
06/03/2023,CLT,NC,ASO,ES,Combined TRACON& Tower with Radar,1142,195,25,5,1367,0,0,13,0,13,1142,195,38,5,1380,0,0,0,1380
06/04/2023,CLT,NC,ASO,ES,Combined TRACON& Tower with Radar,1275,238,57,1,1571,0,0,2,0,2,1275,238,59,1,1573,0,0,0,1573
06/05/2023,CLT,NC,ASO,ES,Combined TRACON& Tower with Radar,1275,238,60,1,1574,0,1,9,0,10,1275,239,69,1,1584,0,0,0,1584
06/06/2023,CLT,NC,ASO,ES,Combined TRACON& Tower with Radar,1124,221,56,1,1402,0,4,16,0,20,1124,225,72,1,1422,0,0,0,1422
06/07/2023,CLT,NC,ASO,ES,Combined TRACON& Tower with Radar,1127,208,69,5,1409,0,0,16,0,16,1127,208,85,5,1425,0,0,0,1425
06/08/2023,CLT,NC,ASO,ES,Combined TRACON& Tower with Radar,1269,235,64,5,1573,0,2,31,0,33,1269,237,95,5,1606,0,0,0,1606
06/09/2023,CLT,NC,ASO,ES,Combined TRACON& Tower with Radar,1259,239,71,2,1571,0,5,27,0,32,1259,244,98,2,1603,0,0,0,1603
06/10/2023,CLT,NC,ASO,ES,Combined TRACON& Tower with Radar,1209,212,19,0,1440,0,3,6,0,9,1209,215,25,0,1449,0,0,0,1449
06/11/2023,CLT,NC,ASO,ES,Combined TRACON& Tower with Radar,1246,229,47,0,1522,0,0,6,0,6,1246,229,53,0,1528,0,0,0,1528
06/12/2023,CLT,NC,ASO,ES,Combined TRACON& Tower with Radar,1248,243,52,1,1544,0,3,13,0,16,1248,246,65,1,1560,0,0,0,1560
06/13/2023,CLT,NC,ASO,ES,Combined TRACON& Tower with Radar,1153,201,49,4,1407,0,2,22,0,24,1153,203,71,4,1431,0,0,0,1431
06/14/2023,CLT,NC,ASO,ES,Combined TRACON& Tower with Radar,1125,211,76,2,1414,0,2,15,0,17,1125,213,91,2,1431,0,0,0,1431
06/15/2023,CLT,NC,ASO,ES,Combined TRACON& Tower with Radar,1245,230,83,5,1563,0,2,19,0,21,1245,232,102,5,1584,0,0,0,1584
06/16/2023,CLT,NC,ASO,ES,Combined TRACON& Tower with Radar,1256,238,59,0,1553,0,0,18,0,18,1256,238,77,0,1571,0,0,0,1571
06/17/2023,CLT,NC,ASO,ES,Combined TRACON& Tower with Radar,1205,210,20,0,1435,0,1,6,0,7,1205,211,26,0,1442,0,0,0,1442
06/18/2023,CLT,NC,ASO,ES,Combined TRACON& Tower with Radar,1251,230,25,0,1506,1,0,6,0,7,1252,230,31,0,1513,0,0,0,1513
06/19/2023,CLT,NC,ASO,ES,Combined TRACON& Tower with Radar,1194,217,48,0,1459,0,0,4,0,4,1194,217,52,0,1463,0,0,0,1463
06/20/2023,CLT,NC,ASO,ES,Combined TRACON& Tower with Radar,1121,209,60,2,1392,0,0,2,0,2,1121,209,62,2,1394,0,0,0,1394
06/21/2023,CLT,NC,ASO,ES,Combined TRACON& Tower with Radar,1239,241,56,4,1540,0,0,4,0,4,1239,241,60,4,1544,0,0,0,1544
06/22/2023,CLT,NC,ASO,ES,Combined TRACON& Tower with Radar,1240,233,73,1,1547,0,0,0,0,0,1240,233,73,1,1547,0,0,0,1547
06/23/2023,CLT,NC,ASO,ES,Combined TRACON& Tower with Radar,1262,247,49,1,1559,0,1,9,0,10,1262,248,58,1,1569,0,0,0,1569
06/24/2023,CLT,NC,ASO,ES,Combined TRACON& Tower with Radar,1223,204,32,4,1463,0,0,12,0,12,1223,204,44,4,1475,0,0,0,1475
06/25/2023,CLT,NC,ASO,ES,Combined TRACON& Tower with Radar,1235,231,38,0,1504,0,1,8,0,9,1235,232,46,0,1513,0,0,0,1513
06/26/2023,CLT,NC,ASO,ES,Combined TRACON& Tower with Radar,1162,240,70,1,1473,0,1,8,0,9,1162,241,78,1,1482,0,0,0,1482
06/27/2023,CLT,NC,ASO,ES,Combined TRACON& Tower with Radar,1105,215,81,2,1403,0,0,19,0,19,1105,215,100,2,1422,0,0,0,1422
06/28/2023,CLT,NC,ASO,ES,Combined TRACON& Tower with Radar,1258,245,71,3,1577,0,0,23,0,23,1258,245,94,3,1600,0,0,0,1600
06/29/2023,CLT,NC,ASO,ES,Combined TRACON& Tower with Radar,1265,242,87,7,1601,0,0,25,0,25,1265,242,112,7,1626,0,0,0,1626
06/30/2023,CLT,NC,ASO,ES,Combined TRACON& Tower with Radar,1265,244,44,1,1554,0,1,21,0,22,1265,245,65,1,1576,0,0,0,1576
07/01/2023,CLT,NC,ASO,ES,Combined TRACON& Tower with Radar,1211,212,38,0,1461,0,0,8,0,8,1211,212,46,0,1469,0,0,0,1469
07/02/2023,CLT,NC,ASO,ES,Combined TRACON& Tower with Radar,1236,212,21,1,1470,0,0,1,0,1,1236,212,22,1,1471,0,0,0,1471
07/03/2023,CLT,NC,ASO,ES,Combined TRACON& Tower with Radar,1026,182,22,0,1230,0,0,4,0,4,1026,182,26,0,1234,0,0,0,1234
07/04/2023,CLT,NC,ASO,ES,Combined TRACON& Tower with Radar,889,149,10,1,1049,0,0,10,0,10,889,149,20,1,1059,0,0,0,1059
07/05/2023,CLT,NC,ASO,ES,Combined TRACON& Tower with Radar,1191,227,38,0,1456,0,3,17,2,22,1191,230,55,2,1478,0,0,0,1478
07/06/2023,CLT,NC,ASO,ES,Combined TRACON& Tower with Radar,1294,242,39,7,1582,0,2,16,1,19,1294,244,55,8,1601,0,0,0,1601
07/07/2023,CLT,NC,ASO,ES,Combined TRACON& Tower with Radar,1213,226,37,0,1476,0,0,22,0,22,1213,226,59,0,1498,0,0,0,1498
07/08/2023,CLT,NC,ASO,ES,Combined TRACON& Tower with Radar,1192,220,43,0,1455,0,0,14,0,14,1192,220,57,0,1469,0,0,0,1469
07/09/2023,CLT,NC,ASO,ES,Combined TRACON& Tower with Radar,1193,215,37,1,1446,0,0,0,0,0,1193,215,37,1,1446,0,0,0,1446
07/10/2023,CLT,NC,ASO,ES,Combined TRACON& Tower with Radar,1266,238,40,4,1548,0,0,14,2,16,1266,238,54,6,1564,0,0,0,1564
07/11/2023,CLT,NC,ASO,ES,Combined TRACON& Tower with Radar,1117,215,47,8,1387,0,1,27,0,28,1117,216,74,8,1415,0,0,0,1415
07/12/2023,CLT,NC,ASO,ES,Combined TRACON& Tower with Radar,1253,233,65,2,1553,0,0,22,0,22,1253,233,87,2,1575,0,0,0,1575
07/13/2023,CLT,NC,ASO,ES,Combined TRACON& Tower with Radar,1251,231,58,6,1546,0,2,17,0,19,1251,233,75,6,1565,0,0,0,1565
07/14/2023,CLT,NC,ASO,ES,Combined TRACON& Tower with Radar,1204,235,56,3,1498,0,0,12,0,12,1204,235,68,3,1510,0,0,0,1510
07/15/2023,CLT,NC,ASO,ES,Combined TRACON& Tower with Radar,1174,201,41,1,1417,0,0,2,0,2,1174,201,43,1,1419,0,0,0,1419
07/16/2023,CLT,NC,ASO,ES,Combined TRACON& Tower with Radar,1164,244,54,0,1462,0,0,7,0,7,1164,244,61,0,1469,0,0,0,1469
07/17/2023,CLT,NC,ASO,ES,Combined TRACON& Tower with Radar,1250,244,63,0,1557,0,1,12,0,13,1250,245,75,0,1570,0,0,0,1570
07/18/2023,CLT,NC,ASO,ES,Combined TRACON& Tower with Radar,1124,221,60,7,1412,0,1,21,2,24,1124,222,81,9,1436,0,0,0,1436
07/19/2023,CLT,NC,ASO,ES,Combined TRACON& Tower with Radar,1253,249,53,2,1557,0,1,16,0,17,1253,250,69,2,1574,0,0,0,1574
07/20/2023,CLT,NC,ASO,ES,Combined TRACON& Tower with Radar,1244,236,65,2,1547,0,2,21,0,23,1244,238,86,2,1570,0,0,0,1570
07/21/2023,CLT,NC,ASO,ES,Combined TRACON& Tower with Radar,1264,227,35,2,1528,0,1,11,2,14,1264,228,46,4,1542,0,0,0,1542
07/22/2023,CLT,NC,ASO,ES,Combined TRACON& Tower with Radar,1208,223,27,0,1458,0,1,17,0,18,1208,224,44,0,1476,0,0,0,1476
07/23/2023,CLT,NC,ASO,ES,Combined TRACON& Tower with Radar,1065,211,41,1,1318,0,0,3,0,3,1065,211,44,1,1321,0,0,0,1321
07/24/2023,CLT,NC,ASO,ES,Combined TRACON& Tower with Radar,1259,262,63,3,1587,0,0,20,0,20,1259,262,83,3,1607,0,0,0,1607
07/25/2023,CLT,NC,ASO,ES,Combined TRACON& Tower with Radar,1112,226,84,3,1425,0,0,10,0,10,1112,226,94,3,1435,0,0,0,1435
07/26/2023,CLT,NC,ASO,ES,Combined TRACON& Tower with Radar,1249,251,68,5,1573,0,1,13,2,16,1249,252,81,7,1589,0,0,0,1589
07/27/2023,CLT,NC,ASO,ES,Combined TRACON& Tower with Radar,1241,244,102,4,1591,0,5,17,0,22,1241,249,119,4,1613,0,0,0,1613
07/28/2023,CLT,NC,ASO,ES,Combined TRACON& Tower with Radar,1241,224,72,0,1537,0,0,9,0,9,1241,224,81,0,1546,0,0,0,1546
07/29/2023,CLT,NC,ASO,ES,Combined TRACON& Tower with Radar,1137,219,25,0,1381,0,0,8,0,8,1137,219,33,0,1389,0,0,0,1389
07/30/2023,CLT,NC,ASO,ES,Combined TRACON& Tower with Radar,1249,239,53,0,1541,0,0,9,0,9,1249,239,62,0,1550,0,0,0,1550
07/31/2023,CLT,NC,ASO,ES,Combined TRACON& Tower with Radar,1286,243,51,1,1581,0,0,17,0,17,1286,243,68,1,1598,0,0,0,1598
08/01/2023,CLT,NC,ASO,ES,Combined TRACON& Tower with Radar,1120,215,61,4,1400,0,1,16,0,17,1120,216,77,4,1417,0,0,0,1417
08/02/2023,CLT,NC,ASO,ES,Combined TRACON& Tower with Radar,1250,245,79,2,1576,0,0,10,0,10,1250,245,89,2,1586,0,0,0,1586
08/03/2023,CLT,NC,ASO,ES,Combined TRACON& Tower with Radar,1254,261,64,2,1581,0,0,1,0,1,1254,261,65,2,1582,0,0,0,1582
08/04/2023,CLT,NC,ASO,ES,Combined TRACON& Tower with Radar,1262,232,35,1,1530,0,0,14,0,14,1262,232,49,1,1544,0,0,0,1544
08/05/2023,CLT,NC,ASO,ES,Combined TRACON& Tower with Radar,1174,212,26,0,1412,0,0,6,0,6,1174,212,32,0,1418,0,0,0,1418
08/06/2023,CLT,NC,ASO,ES,Combined TRACON& Tower with Radar,1114,207,35,2,1358,0,0,3,4,7,1114,207,38,6,1365,0,0,0,1365
08/07/2023,CLT,NC,ASO,ES,Combined TRACON& Tower with Radar,1085,211,60,0,1356,0,0,5,0,5,1085,211,65,0,1361,0,0,0,1361
08/08/2023,CLT,NC,ASO,ES,Combined TRACON& Tower with Radar,1236,235,66,4,1541,0,0,13,0,13,1236,235,79,4,1554,0,0,0,1554
08/09/2023,CLT,NC,ASO,ES,Combined TRACON& Tower with Radar,1246,244,59,2,1551,0,2,14,0,16,1246,246,73,2,1567,0,0,0,1567
08/10/2023,CLT,NC,ASO,ES,Combined TRACON& Tower with Radar,1199,229,63,4,1495,0,0,10,0,10,1199,229,73,4,1505,0,0,0,1505
08/11/2023,CLT,NC,ASO,ES,Combined TRACON& Tower with Radar,1246,220,48,1,1515,0,2,12,0,14,1246,222,60,1,1529,0,0,0,1529
08/12/2023,CLT,NC,ASO,ES,Combined TRACON& Tower with Radar,1202,225,33,1,1461,0,0,10,0,10,1202,225,43,1,1471,0,0,0,1471
08/13/2023,CLT,NC,ASO,ES,Combined TRACON& Tower with Radar,1240,216,28,0,1484,0,1,8,0,9,1240,217,36,0,1493,0,0,0,1493
08/14/2023,CLT,NC,ASO,ES,Combined TRACON& Tower with Radar,1240,224,50,0,1514,0,2,13,0,15,1240,226,63,0,1529,0,0,0,1529
08/15/2023,CLT,NC,ASO,ES,Combined TRACON& Tower with Radar,1210,240,38,4,1492,0,0,14,0,14,1210,240,52,4,1506,0,0,0,1506
08/16/2023,CLT,NC,ASO,ES,Combined TRACON& Tower with Radar,1242,241,67,2,1552,0,6,21,0,27,1242,247,88,2,1579,0,0,0,1579
08/17/2023,CLT,NC,ASO,ES,Combined TRACON& Tower with Radar,1231,239,69,4,1543,0,2,13,0,15,1231,241,82,4,1558,0,0,0,1558
08/18/2023,CLT,NC,ASO,ES,Combined TRACON& Tower with Radar,1230,235,43,1,1509,0,1,9,0,10,1230,236,52,1,1519,0,0,0,1519
08/19/2023,CLT,NC,ASO,ES,Combined TRACON& Tower with Radar,1186,217,14,0,1417,0,0,12,0,12,1186,217,26,0,1429,0,0,0,1429
08/20/2023,CLT,NC,ASO,ES,Combined TRACON& Tower with Radar,1229,231,33,0,1493,0,0,11,0,11,1229,231,44,0,1504,0,0,0,1504
08/21/2023,CLT,NC,ASO,ES,Combined TRACON& Tower with Radar,1227,220,49,6,1502,0,3,14,0,17,1227,223,63,6,1519,0,0,0,1519
08/22/2023,CLT,NC,ASO,ES,Combined TRACON& Tower with Radar,1206,224,73,6,1509,0,4,18,0,22,1206,228,91,6,1531,0,0,0,1531
08/23/2023,CLT,NC,ASO,ES,Combined TRACON& Tower with Radar,1238,243,71,2,1554,0,3,13,0,16,1238,246,84,2,1570,0,0,0,1570
08/24/2023,CLT,NC,ASO,ES,Combined TRACON& Tower with Radar,1235,225,76,4,1540,0,3,11,0,14,1235,228,87,4,1554,0,0,0,1554
08/25/2023,CLT,NC,ASO,ES,Combined TRACON& Tower with Radar,1230,231,59,0,1520,0,2,14,0,16,1230,233,73,0,1536,0,0,0,1536
08/26/2023,CLT,NC,ASO,ES,Combined TRACON& Tower with Radar,1119,202,27,0,1348,0,3,8,0,11,1119,205,35,0,1359,0,0,0,1359
08/27/2023,CLT,NC,ASO,ES,Combined TRACON& Tower with Radar,1158,220,35,1,1414,0,0,4,0,4,1158,220,39,1,1418,0,0,0,1418
08/28/2023,CLT,NC,ASO,ES,Combined TRACON& Tower with Radar,1255,248,51,2,1556,0,6,6,0,12,1255,254,57,2,1568,0,0,0,1568
08/29/2023,CLT,NC,ASO,ES,Combined TRACON& Tower with Radar,1151,223,66,7,1447,0,2,4,0,6,1151,225,70,7,1453,0,0,0,1453
08/30/2023,CLT,NC,ASO,ES,Combined TRACON& Tower with Radar,1167,229,54,6,1456,0,0,3,0,3,1167,229,57,6,1459,0,0,0,1459
08/31/2023,CLT,NC,ASO,ES,Combined TRACON& Tower with Radar,1233,240,78,6,1557,0,4,24,0,28,1233,244,102,6,1585,0,0,0,1585
