01/01/2000,CMA,CA,AWP,WE,Towers with Display (VFR),0,1,11,0,12,0,1,131,0,132,0,2,142,0,144,202,0,202,346
01/02/2000,CMA,CA,AWP,WE,Towers with Display (VFR),0,1,10,0,11,0,6,328,0,334,0,7,338,0,345,272,0,272,617
01/03/2000,CMA,CA,AWP,WE,Towers with Display (VFR),0,1,24,0,25,0,10,211,0,221,0,11,235,0,246,184,0,184,430
01/04/2000,CMA,CA,AWP,WE,Towers with Display (VFR),0,2,26,0,28,0,0,240,2,242,0,2,266,2,270,392,0,392,662
01/05/2000,CMA,CA,AWP,WE,Towers with Display (VFR),0,1,14,0,15,0,1,184,2,187,0,2,198,2,202,276,6,282,484
01/06/2000,CMA,CA,AWP,WE,Towers with Display (VFR),0,1,13,0,14,0,3,134,0,137,0,4,147,0,151,166,0,166,317
01/07/2000,CMA,CA,AWP,WE,Towers with Display (VFR),0,3,34,0,37,0,8,267,0,275,0,11,301,0,312,306,0,306,618
01/08/2000,CMA,CA,AWP,WE,Towers with Display (VFR),0,1,27,0,28,0,0,444,0,444,0,1,471,0,472,242,0,242,714
01/09/2000,CMA,CA,AWP,WE,Towers with Display (VFR),0,2,28,0,30,0,4,441,0,445,0,6,469,0,475,280,0,280,755
01/10/2000,CMA,CA,AWP,WE,Towers with Display (VFR),0,1,25,0,26,0,10,238,0,248,0,11,263,0,274,292,0,292,566
01/11/2000,CMA,CA,AWP,WE,Towers with Display (VFR),0,2,34,0,36,0,6,217,0,223,0,8,251,0,259,276,0,276,535
01/12/2000,CMA,CA,AWP,WE,Towers with Display (VFR),0,2,44,0,46,0,10,135,1,146,0,12,179,1,192,314,0,314,506
01/13/2000,CMA,CA,AWP,WE,Towers with Display (VFR),0,1,32,0,33,0,5,211,0,216,0,6,243,0,249,270,0,270,519
01/14/2000,CMA,CA,AWP,WE,Towers with Display (VFR),0,1,37,0,38,0,15,241,0,256,0,16,278,0,294,332,0,332,626
01/15/2000,CMA,CA,AWP,WE,Towers with Display (VFR),0,1,31,0,32,0,2,379,0,381,0,3,410,0,413,290,0,290,703
01/16/2000,CMA,CA,AWP,WE,Towers with Display (VFR),0,2,53,0,55,0,1,217,0,218,0,3,270,0,273,416,0,416,689
01/17/2000,CMA,CA,AWP,WE,Towers with Display (VFR),0,0,41,0,41,0,0,115,0,115,0,0,156,0,156,202,0,202,358
01/18/2000,CMA,CA,AWP,WE,Towers with Display (VFR),0,1,32,0,33,0,6,230,0,236,0,7,262,0,269,366,0,366,635
01/19/2000,CMA,CA,AWP,WE,Towers with Display (VFR),0,1,29,0,30,0,2,271,2,275,0,3,300,2,305,286,64,350,655
01/20/2000,CMA,CA,AWP,WE,Towers with Display (VFR),0,1,51,0,52,0,8,98,0,106,0,9,149,0,158,228,0,228,386
01/21/2000,CMA,CA,AWP,WE,Towers with Display (VFR),0,2,73,0,75,0,11,224,0,235,0,13,297,0,310,340,0,340,650
01/22/2000,CMA,CA,AWP,WE,Towers with Display (VFR),0,1,40,0,41,0,0,200,0,200,0,1,240,0,241,284,0,284,525
01/23/2000,CMA,CA,AWP,WE,Towers with Display (VFR),0,2,62,0,64,0,1,161,0,162,0,3,223,0,226,236,0,236,462
01/24/2000,CMA,CA,AWP,WE,Towers with Display (VFR),0,1,36,0,37,0,11,157,0,168,0,12,193,0,205,182,0,182,387
01/25/2000,CMA,CA,AWP,WE,Towers with Display (VFR),0,2,53,0,55,0,1,19,0,20,0,3,72,0,75,14,0,14,89
01/26/2000,CMA,CA,AWP,WE,Towers with Display (VFR),0,1,39,0,40,0,9,245,0,254,0,10,284,0,294,238,0,238,532
01/27/2000,CMA,CA,AWP,WE,Towers with Display (VFR),0,1,34,0,35,0,6,286,0,292,0,7,320,0,327,392,0,392,719
01/28/2000,CMA,CA,AWP,WE,Towers with Display (VFR),0,1,35,0,36,0,8,246,0,254,0,9,281,0,290,302,0,302,592
01/29/2000,CMA,CA,AWP,WE,Towers with Display (VFR),0,1,51,0,52,0,7,340,0,347,0,8,391,0,399,207,0,207,606
01/30/2000,CMA,CA,AWP,WE,Towers with Display (VFR),0,2,75,0,77,0,1,17,0,18,0,3,92,0,95,28,0,28,123
01/31/2000,CMA,CA,AWP,WE,Towers with Display (VFR),0,1,40,0,41,0,7,237,0,244,0,8,277,0,285,216,0,216,501
02/01/2000,CMA,CA,AWP,WE,Towers with Display (VFR),0,2,21,0,23,0,4,295,0,299,0,6,316,0,322,304,0,304,626
02/02/2000,CMA,CA,AWP,WE,Towers with Display (VFR),0,2,21,0,23,0,3,210,0,213,0,5,231,0,236,248,0,248,484
02/03/2000,CMA,CA,AWP,WE,Towers with Display (VFR),0,2,22,0,24,0,10,238,0,248,0,12,260,0,272,248,0,248,520
02/04/2000,CMA,CA,AWP,WE,Towers with Display (VFR),0,3,44,0,47,0,5,168,0,173,0,8,212,0,220,267,0,267,487
02/05/2000,CMA,CA,AWP,WE,Towers with Display (VFR),0,3,43,0,46,0,2,325,0,327,0,5,368,0,373,244,0,244,617
02/06/2000,CMA,CA,AWP,WE,Towers with Display (VFR),0,3,46,0,49,0,0,442,0,442,0,3,488,0,491,186,0,186,677
02/07/2000,CMA,CA,AWP,WE,Towers with Display (VFR),0,2,30,0,32,0,8,165,0,173,0,10,195,0,205,246,0,246,451
02/08/2000,CMA,CA,AWP,WE,Towers with Display (VFR),0,2,22,0,24,0,0,186,0,186,0,2,208,0,210,218,0,218,428
02/09/2000,CMA,CA,AWP,WE,Towers with Display (VFR),0,4,76,0,80,0,0,95,0,95,0,4,171,0,175,202,0,202,377
02/10/2000,CMA,CA,AWP,WE,Towers with Display (VFR),0,1,53,0,54,0,0,39,0,39,0,1,92,0,93,44,0,44,137
02/11/2000,CMA,CA,AWP,WE,Towers with Display (VFR),0,4,66,0,70,0,6,119,0,125,0,10,185,0,195,310,0,310,505
02/12/2000,CMA,CA,AWP,WE,Towers with Display (VFR),0,2,37,0,39,0,0,112,0,112,0,2,149,0,151,220,0,220,371
02/13/2000,CMA,CA,AWP,WE,Towers with Display (VFR),0,1,55,0,56,0,0,16,0,16,0,1,71,0,72,0,0,0,72
02/14/2000,CMA,CA,AWP,WE,Towers with Display (VFR),0,2,49,0,51,0,0,10,0,10,0,2,59,0,61,18,0,18,79
02/15/2000,CMA,CA,AWP,WE,Towers with Display (VFR),0,2,45,0,47,0,0,237,0,237,0,2,282,0,284,182,0,182,466
02/16/2000,CMA,CA,AWP,WE,Towers with Display (VFR),0,3,67,0,70,0,4,16,0,20,0,7,83,0,90,34,0,34,124
02/17/2000,CMA,CA,AWP,WE,Towers with Display (VFR),0,2,40,0,42,0,1,296,0,297,0,3,336,0,339,256,0,256,595
02/18/2000,CMA,CA,AWP,WE,Towers with Display (VFR),0,2,36,0,38,0,6,215,0,221,0,8,251,0,259,226,0,226,485
02/19/2000,CMA,CA,AWP,WE,Towers with Display (VFR),0,0,28,0,28,0,0,234,0,234,0,0,262,0,262,178,0,178,440
02/20/2000,CMA,CA,AWP,WE,Towers with Display (VFR),0,1,22,0,23,0,1,33,0,34,0,2,55,0,57,45,0,45,102
02/21/2000,CMA,CA,AWP,WE,Towers with Display (VFR),0,1,20,0,21,0,1,32,0,33,0,2,52,0,54,74,0,74,128
02/22/2000,CMA,CA,AWP,WE,Towers with Display (VFR),0,2,38,0,40,0,8,108,0,116,0,10,146,0,156,260,0,260,416
02/23/2000,CMA,CA,AWP,WE,Towers with Display (VFR),0,1,23,0,24,0,1,26,0,27,0,2,49,0,51,32,0,32,83
02/24/2000,CMA,CA,AWP,WE,Towers with Display (VFR),0,1,44,0,45,0,0,208,0,208,0,1,252,0,253,334,0,334,587
02/25/2000,CMA,CA,AWP,WE,Towers with Display (VFR),0,3,63,0,66,0,1,89,0,90,0,4,152,0,156,278,0,278,434
02/26/2000,CMA,CA,AWP,WE,Towers with Display (VFR),0,2,52,0,54,0,9,465,0,474,0,11,517,0,528,206,0,206,734
02/27/2000,CMA,CA,AWP,WE,Towers with Display (VFR),0,0,22,0,22,0,0,29,0,29,0,0,51,0,51,26,0,26,77
02/28/2000,CMA,CA,AWP,WE,Towers with Display (VFR),0,1,27,0,28,0,4,220,0,224,0,5,247,0,252,168,0,168,420
02/29/2000,CMA,CA,AWP,WE,Towers with Display (VFR),0,2,53,0,55,0,0,171,0,171,0,2,224,0,226,338,0,338,564
03/01/2000,CMA,CA,AWP,WE,Towers with Display (VFR),0,2,22,0,24,0,4,233,0,237,0,6,255,0,261,382,0,382,643
03/02/2000,CMA,CA,AWP,WE,Towers with Display (VFR),0,3,33,0,36,0,1,176,0,177,0,4,209,0,213,178,0,178,391
03/03/2000,CMA,CA,AWP,WE,Towers with Display (VFR),0,3,43,0,46,0,9,71,0,80,0,12,114,0,126,140,0,140,266
03/04/2000,CMA,CA,AWP,WE,Towers with Display (VFR),0,3,37,0,40,0,3,236,0,239,0,6,273,0,279,240,0,240,519
03/05/2000,CMA,CA,AWP,WE,Towers with Display (VFR),0,1,9,0,10,0,1,32,0,33,0,2,41,0,43,32,0,32,75
03/06/2000,CMA,CA,AWP,WE,Towers with Display (VFR),0,2,15,0,17,0,2,79,0,81,0,4,94,0,98,240,0,240,338
03/07/2000,CMA,CA,AWP,WE,Towers with Display (VFR),0,3,30,0,33,0,3,182,0,185,0,6,212,0,218,298,0,298,516
03/08/2000,CMA,CA,AWP,WE,Towers with Display (VFR),0,3,35,0,38,0,3,66,0,69,0,6,101,0,107,98,0,98,205
03/09/2000,CMA,CA,AWP,WE,Towers with Display (VFR),0,4,54,0,58,0,2,156,0,158,0,6,210,0,216,200,0,200,416
03/10/2000,CMA,CA,AWP,WE,Towers with Display (VFR),0,3,30,0,33,0,10,351,0,361,0,13,381,0,394,276,0,276,670
03/11/2000,CMA,CA,AWP,WE,Towers with Display (VFR),0,3,34,0,37,0,4,509,19,532,0,7,543,19,569,148,26,174,743
03/12/2000,CMA,CA,AWP,WE,Towers with Display (VFR),0,3,34,0,37,0,3,414,0,417,0,6,448,0,454,128,0,128,582
03/13/2000,CMA,CA,AWP,WE,Towers with Display (VFR),0,4,56,0,60,0,1,147,0,148,0,5,203,0,208,112,0,112,320
03/14/2000,CMA,CA,AWP,WE,Towers with Display (VFR),0,3,30,0,33,0,3,180,0,183,0,6,210,0,216,246,0,246,462
03/15/2000,CMA,CA,AWP,WE,Towers with Display (VFR),0,3,45,0,48,0,4,84,0,88,0,7,129,0,136,158,0,158,294
03/16/2000,CMA,CA,AWP,WE,Towers with Display (VFR),0,0,59,0,59,0,0,142,0,142,0,0,201,0,201,250,0,250,451
03/17/2000,CMA,CA,AWP,WE,Towers with Display (VFR),0,1,28,0,29,0,9,276,0,285,0,10,304,0,314,274,0,274,588
03/18/2000,CMA,CA,AWP,WE,Towers with Display (VFR),0,1,24,0,25,0,2,431,0,433,0,3,455,0,458,352,0,352,810
03/19/2000,CMA,CA,AWP,WE,Towers with Display (VFR),0,2,40,0,42,0,4,339,0,343,0,6,379,0,385,336,0,336,721
03/20/2000,CMA,CA,AWP,WE,Towers with Display (VFR),0,0,11,0,11,0,14,70,0,84,0,14,81,0,95,18,0,18,113
03/21/2000,CMA,CA,AWP,WE,Towers with Display (VFR),0,1,27,0,28,0,6,189,0,195,0,7,216,0,223,152,0,152,375
03/22/2000,CMA,CA,AWP,WE,Towers with Display (VFR),0,3,61,0,64,0,8,285,0,293,0,11,346,0,357,236,0,236,593
03/23/2000,CMA,CA,AWP,WE,Towers with Display (VFR),0,1,31,0,32,0,7,327,0,334,0,8,358,0,366,268,0,268,634
03/24/2000,CMA,CA,AWP,WE,Towers with Display (VFR),0,2,42,0,44,0,9,236,0,245,0,11,278,0,289,186,0,186,475
03/25/2000,CMA,CA,AWP,WE,Towers with Display (VFR),0,3,48,0,51,0,2,305,0,307,0,5,353,0,358,296,0,296,654
03/26/2000,CMA,CA,AWP,WE,Towers with Display (VFR),0,2,44,0,46,0,1,315,0,316,0,3,359,0,362,192,0,192,554
03/27/2000,CMA,CA,AWP,WE,Towers with Display (VFR),0,2,40,0,42,0,6,135,0,141,0,8,175,0,183,206,0,206,389
03/28/2000,CMA,CA,AWP,WE,Towers with Display (VFR),0,2,40,0,42,0,1,176,0,177,0,3,216,0,219,286,0,286,505
03/29/2000,CMA,CA,AWP,WE,Towers with Display (VFR),0,3,58,0,61,0,3,157,0,160,0,6,215,0,221,298,0,298,519
03/30/2000,CMA,CA,AWP,WE,Towers with Display (VFR),0,1,28,0,29,0,5,247,0,252,0,6,275,0,281,354,0,354,635
03/31/2000,CMA,CA,AWP,WE,Towers with Display (VFR),0,1,23,0,24,0,10,153,0,163,0,11,176,0,187,196,0,196,383
04/01/2000,CMA,CA,AWP,WE,Towers with Display (VFR),0,3,26,0,29,0,3,363,0,366,0,6,389,0,395,244,0,244,639
04/02/2000,CMA,CA,AWP,WE,Towers with Display (VFR),0,2,33,0,35,0,0,399,0,399,0,2,432,0,434,187,0,187,621
04/03/2000,CMA,CA,AWP,WE,Towers with Display (VFR),0,2,16,0,18,0,1,254,0,255,0,3,270,0,273,208,0,208,481
04/04/2000,CMA,CA,AWP,WE,Towers with Display (VFR),0,3,29,0,32,0,9,179,0,188,0,12,208,0,220,342,0,342,562
04/05/2000,CMA,CA,AWP,WE,Towers with Display (VFR),0,2,48,0,50,0,0,143,0,143,0,2,191,0,193,220,0,220,413
04/06/2000,CMA,CA,AWP,WE,Towers with Display (VFR),0,5,86,0,91,0,0,81,0,81,0,5,167,0,172,154,0,154,326
04/07/2000,CMA,CA,AWP,WE,Towers with Display (VFR),0,7,66,0,73,0,3,96,0,99,0,10,162,0,172,248,0,248,420
04/08/2000,CMA,CA,AWP,WE,Towers with Display (VFR),0,4,40,0,44,0,9,230,0,239,0,13,270,0,283,206,0,206,489
04/09/2000,CMA,CA,AWP,WE,Towers with Display (VFR),0,4,37,0,41,0,0,308,0,308,0,4,345,0,349,166,0,166,515
04/10/2000,CMA,CA,AWP,WE,Towers with Display (VFR),0,4,33,0,37,0,1,213,0,214,0,5,246,0,251,216,0,216,467
04/11/2000,CMA,CA,AWP,WE,Towers with Display (VFR),0,2,45,0,47,0,0,243,0,243,0,2,288,0,290,232,0,232,522
04/12/2000,CMA,CA,AWP,WE,Towers with Display (VFR),0,4,37,0,41,0,3,223,0,226,0,7,260,0,267,280,0,280,547
04/13/2000,CMA,CA,AWP,WE,Towers with Display (VFR),0,3,38,0,41,0,20,220,0,240,0,23,258,0,281,228,0,228,509
04/14/2000,CMA,CA,AWP,WE,Towers with Display (VFR),0,3,37,0,40,0,14,164,0,178,0,17,201,0,218,220,0,220,438
04/15/2000,CMA,CA,AWP,WE,Towers with Display (VFR),0,3,42,0,45,0,10,264,0,274,0,13,306,0,319,252,0,252,571
04/16/2000,CMA,CA,AWP,WE,Towers with Display (VFR),0,4,49,0,53,0,6,256,0,262,0,10,305,0,315,326,0,326,641
04/17/2000,CMA,CA,AWP,WE,Towers with Display (VFR),0,3,40,0,43,0,4,31,0,35,0,7,71,0,78,46,0,46,124
04/18/2000,CMA,CA,AWP,WE,Towers with Display (VFR),0,4,55,0,59,0,5,154,0,159,0,9,209,0,218,330,0,330,548
04/19/2000,CMA,CA,AWP,WE,Towers with Display (VFR),0,3,42,0,45,0,6,278,0,284,0,9,320,0,329,362,7,369,698
04/20/2000,CMA,CA,AWP,WE,Towers with Display (VFR),0,3,35,0,38,0,2,295,0,297,0,5,330,0,335,342,0,342,677
04/21/2000,CMA,CA,AWP,WE,Towers with Display (VFR),0,5,61,0,66,0,2,148,0,150,0,7,209,0,216,302,0,302,518
04/22/2000,CMA,CA,AWP,WE,Towers with Display (VFR),0,2,61,0,63,0,0,305,0,305,0,2,366,0,368,292,0,292,660
04/23/2000,CMA,CA,AWP,WE,Towers with Display (VFR),0,2,42,0,44,0,0,118,0,118,0,2,160,0,162,164,0,164,326
04/24/2000,CMA,CA,AWP,WE,Towers with Display (VFR),0,3,36,0,39,0,0,224,0,224,0,3,260,0,263,246,0,246,509
04/25/2000,CMA,CA,AWP,WE,Towers with Display (VFR),0,3,39,0,42,0,3,321,0,324,0,6,360,0,366,208,0,208,574
04/26/2000,CMA,CA,AWP,WE,Towers with Display (VFR),0,4,46,0,50,0,5,295,0,300,0,9,341,0,350,163,0,163,513
04/27/2000,CMA,CA,AWP,WE,Towers with Display (VFR),0,4,49,0,53,0,7,184,0,191,0,11,233,0,244,300,0,300,544
04/28/2000,CMA,CA,AWP,WE,Towers with Display (VFR),0,6,72,0,78,0,2,165,0,167,0,8,237,0,245,454,0,454,699
04/29/2000,CMA,CA,AWP,WE,Towers with Display (VFR),0,2,25,0,27,0,1,454,0,455,0,3,479,0,482,378,0,378,860
04/30/2000,CMA,CA,AWP,WE,Towers with Display (VFR),0,3,40,0,43,0,9,422,0,431,0,12,462,0,474,230,0,230,704
05/01/2000,CMA,CA,AWP,WE,Towers with Display (VFR),0,4,36,0,40,0,3,240,0,243,0,7,276,0,283,156,0,156,439
05/02/2000,CMA,CA,AWP,WE,Towers with Display (VFR),0,4,41,0,45,0,11,303,0,314,0,15,344,0,359,178,0,178,537
05/03/2000,CMA,CA,AWP,WE,Towers with Display (VFR),0,5,53,0,58,0,8,318,0,326,0,13,371,0,384,236,0,236,620
05/04/2000,CMA,CA,AWP,WE,Towers with Display (VFR),0,8,85,0,93,0,9,114,0,123,0,17,199,0,216,250,0,250,466
05/05/2000,CMA,CA,AWP,WE,Towers with Display (VFR),0,5,92,0,97,0,0,105,0,105,0,5,197,0,202,150,0,150,352
05/06/2000,CMA,CA,AWP,WE,Towers with Display (VFR),0,6,60,0,66,0,6,255,0,261,0,12,315,0,327,308,0,308,635
05/07/2000,CMA,CA,AWP,WE,Towers with Display (VFR),0,5,50,0,55,0,0,414,0,414,0,5,464,0,469,276,0,276,745
05/08/2000,CMA,CA,AWP,WE,Towers with Display (VFR),0,5,54,0,59,0,3,131,0,134,0,8,185,0,193,176,0,176,369
05/09/2000,CMA,CA,AWP,WE,Towers with Display (VFR),0,6,68,0,74,0,4,217,0,221,0,10,285,0,295,230,0,230,525
05/10/2000,CMA,CA,AWP,WE,Towers with Display (VFR),0,5,58,0,63,0,3,164,0,167,0,8,222,0,230,194,0,194,424
05/11/2000,CMA,CA,AWP,WE,Towers with Display (VFR),0,3,32,0,35,0,6,220,0,226,0,9,252,0,261,114,0,114,375
05/12/2000,CMA,CA,AWP,WE,Towers with Display (VFR),0,3,35,0,38,0,7,319,0,326,0,10,354,0,364,282,0,282,646
05/13/2000,CMA,CA,AWP,WE,Towers with Display (VFR),0,3,34,0,37,0,8,454,0,462,0,11,488,0,499,228,0,228,727
05/14/2000,CMA,CA,AWP,WE,Towers with Display (VFR),0,3,34,0,37,0,2,196,0,198,0,5,230,0,235,182,0,182,417
05/15/2000,CMA,CA,AWP,WE,Towers with Display (VFR),0,5,58,0,63,0,0,187,0,187,0,5,245,0,250,188,0,188,438
05/16/2000,CMA,CA,AWP,WE,Towers with Display (VFR),0,3,32,0,35,0,3,134,0,137,0,6,166,0,172,202,0,202,374
05/17/2000,CMA,CA,AWP,WE,Towers with Display (VFR),0,4,37,0,41,0,1,272,0,273,0,5,309,0,314,210,0,210,524
05/18/2000,CMA,CA,AWP,WE,Towers with Display (VFR),0,2,26,0,28,0,9,293,0,302,0,11,319,0,330,242,0,242,572
05/19/2000,CMA,CA,AWP,WE,Towers with Display (VFR),0,2,40,0,42,0,0,270,0,270,0,2,310,0,312,176,0,176,488
05/20/2000,CMA,CA,AWP,WE,Towers with Display (VFR),0,2,36,0,38,0,3,399,0,402,0,5,435,0,440,160,0,160,600
05/21/2000,CMA,CA,AWP,WE,Towers with Display (VFR),0,2,35,0,37,0,10,379,0,389,0,12,414,0,426,210,0,210,636
05/22/2000,CMA,CA,AWP,WE,Towers with Display (VFR),0,5,65,0,70,0,2,88,0,90,0,7,153,0,160,98,0,98,258
05/23/2000,CMA,CA,AWP,WE,Towers with Display (VFR),0,3,67,0,70,0,0,81,0,81,0,3,148,0,151,96,0,96,247
05/24/2000,CMA,CA,AWP,WE,Towers with Display (VFR),0,1,60,0,61,0,0,88,0,88,0,1,148,0,149,178,0,178,327
05/25/2000,CMA,CA,AWP,WE,Towers with Display (VFR),0,6,76,0,82,0,1,129,0,130,0,7,205,0,212,128,0,128,340
05/26/2000,CMA,CA,AWP,WE,Towers with Display (VFR),0,2,32,0,34,0,6,303,0,309,0,8,335,0,343,220,0,220,563
05/27/2000,CMA,CA,AWP,WE,Towers with Display (VFR),0,1,42,0,43,0,0,308,0,308,0,1,350,0,351,226,0,226,577
05/28/2000,CMA,CA,AWP,WE,Towers with Display (VFR),0,2,31,0,33,0,1,368,0,369,0,3,399,0,402,199,0,199,601
05/29/2000,CMA,CA,AWP,WE,Towers with Display (VFR),0,4,52,0,56,0,8,290,0,298,0,12,342,0,354,175,0,175,529
05/30/2000,CMA,CA,AWP,WE,Towers with Display (VFR),0,3,41,0,44,0,7,133,0,140,0,10,174,0,184,150,0,150,334
05/31/2000,CMA,CA,AWP,WE,Towers with Display (VFR),0,3,47,0,50,0,10,163,0,173,0,13,210,0,223,144,0,144,367
06/01/2000,CMA,CA,AWP,WE,Towers with Display (VFR),0,3,39,0,42,0,6,152,0,158,0,9,191,0,200,214,0,214,414
06/02/2000,CMA,CA,AWP,WE,Towers with Display (VFR),0,4,55,0,59,0,6,190,0,196,0,10,245,0,255,218,0,218,473
06/03/2000,CMA,CA,AWP,WE,Towers with Display (VFR),0,3,38,0,41,0,7,322,0,329,0,10,360,0,370,130,0,130,500
06/04/2000,CMA,CA,AWP,WE,Towers with Display (VFR),0,3,32,0,35,0,5,318,0,323,0,8,350,0,358,214,0,214,572
06/05/2000,CMA,CA,AWP,WE,Towers with Display (VFR),0,0,0,0,0,0,0,50,0,50,0,0,50,0,50,72,0,72,122
06/06/2000,CMA,CA,AWP,WE,Towers with Display (VFR),0,3,44,0,47,0,5,274,0,279,0,8,318,0,326,323,0,323,649
06/07/2000,CMA,CA,AWP,WE,Towers with Display (VFR),0,3,36,0,39,0,5,356,0,361,0,8,392,0,400,270,0,270,670
06/08/2000,CMA,CA,AWP,WE,Towers with Display (VFR),0,3,44,0,47,0,1,176,0,177,0,4,220,0,224,188,0,188,412
06/09/2000,CMA,CA,AWP,WE,Towers with Display (VFR),0,2,21,0,23,0,10,322,0,332,0,12,343,0,355,320,0,320,675
06/10/2000,CMA,CA,AWP,WE,Towers with Display (VFR),0,2,27,0,29,0,1,397,0,398,0,3,424,0,427,310,0,310,737
06/11/2000,CMA,CA,AWP,WE,Towers with Display (VFR),0,2,26,0,28,0,0,467,0,467,0,2,493,0,495,244,0,244,739
06/12/2000,CMA,CA,AWP,WE,Towers with Display (VFR),0,3,39,0,42,0,3,358,0,361,0,6,397,0,403,284,0,284,687
06/13/2000,CMA,CA,AWP,WE,Towers with Display (VFR),0,2,26,0,28,0,10,299,0,309,0,12,325,0,337,246,0,246,583
06/14/2000,CMA,CA,AWP,WE,Towers with Display (VFR),0,3,34,0,37,0,8,224,0,232,0,11,258,0,269,288,0,288,557
06/15/2000,CMA,CA,AWP,WE,Towers with Display (VFR),0,3,43,0,46,0,0,219,0,219,0,3,262,0,265,298,0,298,563
06/16/2000,CMA,CA,AWP,WE,Towers with Display (VFR),0,6,85,0,91,0,2,207,0,209,0,8,292,0,300,258,0,258,558
06/17/2000,CMA,CA,AWP,WE,Towers with Display (VFR),0,5,73,0,78,0,1,223,0,224,0,6,296,0,302,290,0,290,592
06/18/2000,CMA,CA,AWP,WE,Towers with Display (VFR),0,5,70,0,75,0,2,248,0,250,0,7,318,0,325,268,0,268,593
06/19/2000,CMA,CA,AWP,WE,Towers with Display (VFR),0,2,28,0,30,0,0,236,0,236,0,2,264,0,266,240,0,240,506
06/20/2000,CMA,CA,AWP,WE,Towers with Display (VFR),0,4,57,0,61,0,3,216,0,219,0,7,273,0,280,150,0,150,430
06/21/2000,CMA,CA,AWP,WE,Towers with Display (VFR),0,4,103,0,107,0,0,119,0,119,0,4,222,0,226,84,0,84,310
06/22/2000,CMA,CA,AWP,WE,Towers with Display (VFR),0,3,59,0,62,0,5,213,0,218,0,8,272,0,280,284,0,284,564
06/23/2000,CMA,CA,AWP,WE,Towers with Display (VFR),0,4,63,0,67,0,2,257,0,259,0,6,320,0,326,198,0,198,524
06/24/2000,CMA,CA,AWP,WE,Towers with Display (VFR),0,2,39,0,41,0,3,276,0,279,0,5,315,0,320,362,0,362,682
06/25/2000,CMA,CA,AWP,WE,Towers with Display (VFR),0,3,49,0,52,0,2,329,0,331,0,5,378,0,383,213,0,213,596
06/26/2000,CMA,CA,AWP,WE,Towers with Display (VFR),0,1,26,0,27,0,4,240,0,244,0,5,266,0,271,276,0,276,547
06/27/2000,CMA,CA,AWP,WE,Towers with Display (VFR),0,2,41,0,43,0,9,206,0,215,0,11,247,0,258,342,0,342,600
06/28/2000,CMA,CA,AWP,WE,Towers with Display (VFR),0,3,55,0,58,0,3,171,0,174,0,6,226,0,232,202,0,202,434
06/29/2000,CMA,CA,AWP,WE,Towers with Display (VFR),0,3,52,0,55,0,1,195,0,196,0,4,247,0,251,272,0,272,523
06/30/2000,CMA,CA,AWP,WE,Towers with Display (VFR),0,3,52,0,55,0,2,197,0,199,0,5,249,0,254,230,0,230,484
07/01/2000,CMA,CA,AWP,WE,Towers with Display (VFR),0,4,61,0,65,0,2,332,0,334,0,6,393,0,399,192,0,192,591
07/02/2000,CMA,CA,AWP,WE,Towers with Display (VFR),0,3,40,0,43,0,4,214,0,218,0,7,254,0,261,212,0,212,473
07/03/2000,CMA,CA,AWP,WE,Towers with Display (VFR),0,2,20,0,22,0,0,253,0,253,0,2,273,0,275,298,0,298,573
07/04/2000,CMA,CA,AWP,WE,Towers with Display (VFR),0,2,23,0,25,0,0,251,0,251,0,2,274,0,276,320,0,320,596
07/05/2000,CMA,CA,AWP,WE,Towers with Display (VFR),0,3,41,0,44,0,12,173,0,185,0,15,214,0,229,116,0,116,345
07/06/2000,CMA,CA,AWP,WE,Towers with Display (VFR),0,2,42,0,44,0,0,270,0,270,0,2,312,0,314,324,0,324,638
07/07/2000,CMA,CA,AWP,WE,Towers with Display (VFR),0,3,35,0,38,0,6,292,0,298,0,9,327,0,336,246,0,246,582
07/08/2000,CMA,CA,AWP,WE,Towers with Display (VFR),0,2,32,0,34,0,1,454,0,455,0,3,486,0,489,348,0,348,837
07/09/2000,CMA,CA,AWP,WE,Towers with Display (VFR),0,2,30,0,32,0,5,351,0,356,0,7,381,0,388,250,0,250,638
07/10/2000,CMA,CA,AWP,WE,Towers with Display (VFR),0,2,28,0,30,0,2,196,0,198,0,4,224,0,228,238,0,238,466
07/11/2000,CMA,CA,AWP,WE,Towers with Display (VFR),0,4,51,0,55,0,2,232,0,234,0,6,283,0,289,284,0,284,573
07/12/2000,CMA,CA,AWP,WE,Towers with Display (VFR),0,4,53,0,57,0,5,178,0,183,0,9,231,0,240,192,0,192,432
07/13/2000,CMA,CA,AWP,WE,Towers with Display (VFR),0,2,27,0,29,0,5,273,0,278,0,7,300,0,307,298,0,298,605
07/14/2000,CMA,CA,AWP,WE,Towers with Display (VFR),0,2,28,0,30,0,3,300,0,303,0,5,328,0,333,250,0,250,583
07/15/2000,CMA,CA,AWP,WE,Towers with Display (VFR),0,2,39,0,41,0,1,413,0,414,0,3,452,0,455,234,0,234,689
07/16/2000,CMA,CA,AWP,WE,Towers with Display (VFR),0,3,54,0,57,0,13,252,0,265,0,16,306,0,322,310,0,310,632
07/17/2000,CMA,CA,AWP,WE,Towers with Display (VFR),0,1,23,0,24,0,1,238,26,265,0,2,261,26,289,256,0,256,545
07/18/2000,CMA,CA,AWP,WE,Towers with Display (VFR),0,2,34,0,36,0,7,245,0,252,0,9,279,0,288,280,0,280,568
07/19/2000,CMA,CA,AWP,WE,Towers with Display (VFR),0,1,29,0,30,1,0,292,0,293,1,1,321,0,323,328,0,328,651
07/20/2000,CMA,CA,AWP,WE,Towers with Display (VFR),0,1,27,0,28,0,7,304,0,311,0,8,331,0,339,270,0,270,609
07/21/2000,CMA,CA,AWP,WE,Towers with Display (VFR),0,4,68,0,72,0,1,287,0,288,0,5,355,0,360,212,0,212,572
07/22/2000,CMA,CA,AWP,WE,Towers with Display (VFR),0,2,34,0,36,0,6,360,0,366,0,8,394,0,402,258,0,258,660
07/23/2000,CMA,CA,AWP,WE,Towers with Display (VFR),0,1,38,0,39,0,0,361,0,361,0,1,399,0,400,196,0,196,596
07/24/2000,CMA,CA,AWP,WE,Towers with Display (VFR),0,1,25,0,26,0,10,205,0,215,0,11,230,0,241,388,0,388,629
07/25/2000,CMA,CA,AWP,WE,Towers with Display (VFR),0,0,0,0,0,0,10,290,0,300,0,10,290,0,300,386,0,386,686
07/26/2000,CMA,CA,AWP,WE,Towers with Display (VFR),0,2,46,0,48,0,0,226,0,226,0,2,272,0,274,242,0,242,516
07/27/2000,CMA,CA,AWP,WE,Towers with Display (VFR),0,2,36,0,38,0,11,271,0,282,0,13,307,0,320,262,0,262,582
07/28/2000,CMA,CA,AWP,WE,Towers with Display (VFR),0,2,50,0,52,0,7,328,0,335,0,9,378,0,387,316,0,316,703
07/29/2000,CMA,CA,AWP,WE,Towers with Display (VFR),0,2,45,0,47,0,1,308,0,309,0,3,353,0,356,184,0,184,540
07/30/2000,CMA,CA,AWP,WE,Towers with Display (VFR),0,2,41,0,43,0,6,307,0,313,0,8,348,0,356,270,0,270,626
07/31/2000,CMA,CA,AWP,WE,Towers with Display (VFR),0,1,29,0,30,0,8,181,0,189,0,9,210,0,219,206,0,206,425
08/01/2000,CMA,CA,AWP,WE,Towers with Display (VFR),0,2,16,0,18,0,2,227,0,229,0,4,243,0,247,350,0,350,597
08/02/2000,CMA,CA,AWP,WE,Towers with Display (VFR),0,4,52,0,56,0,4,238,0,242,0,8,290,0,298,246,0,246,544
08/03/2000,CMA,CA,AWP,WE,Towers with Display (VFR),0,2,36,0,38,0,0,313,0,313,0,2,349,0,351,402,0,402,753
08/04/2000,CMA,CA,AWP,WE,Towers with Display (VFR),0,3,38,0,41,0,5,251,2,258,0,8,289,2,299,240,0,240,539
08/05/2000,CMA,CA,AWP,WE,Towers with Display (VFR),0,3,31,0,34,0,1,409,0,410,0,4,440,0,444,198,0,198,642
08/06/2000,CMA,CA,AWP,WE,Towers with Display (VFR),0,2,34,0,36,0,0,372,0,372,0,2,406,0,408,202,0,202,610
08/07/2000,CMA,CA,AWP,WE,Towers with Display (VFR),0,2,22,0,24,0,8,153,0,161,0,10,175,0,185,256,0,256,441
08/08/2000,CMA,CA,AWP,WE,Towers with Display (VFR),0,4,54,0,58,0,4,204,0,208,0,8,258,0,266,158,0,158,424
08/09/2000,CMA,CA,AWP,WE,Towers with Display (VFR),0,3,37,0,40,0,5,231,5,241,0,8,268,5,281,260,0,260,541
08/10/2000,CMA,CA,AWP,WE,Towers with Display (VFR),0,2,27,0,29,0,5,279,0,284,0,7,306,0,313,216,0,216,529
08/11/2000,CMA,CA,AWP,WE,Towers with Display (VFR),0,3,27,0,30,0,4,350,0,354,0,7,377,0,384,214,0,214,598
08/12/2000,CMA,CA,AWP,WE,Towers with Display (VFR),0,2,20,0,22,0,1,493,0,494,0,3,513,0,516,250,0,250,766
08/13/2000,CMA,CA,AWP,WE,Towers with Display (VFR),0,2,27,0,29,0,6,389,0,395,0,8,416,0,424,234,0,234,658
08/14/2000,CMA,CA,AWP,WE,Towers with Display (VFR),0,2,21,0,23,0,7,197,0,204,0,9,218,0,227,228,0,228,455
08/15/2000,CMA,CA,AWP,WE,Towers with Display (VFR),0,2,18,0,20,0,6,314,0,320,0,8,332,0,340,279,0,279,619
08/16/2000,CMA,CA,AWP,WE,Towers with Display (VFR),0,2,26,0,28,0,11,292,0,303,0,13,318,0,331,238,0,238,569
08/17/2000,CMA,CA,AWP,WE,Towers with Display (VFR),0,2,29,0,31,0,4,301,0,305,0,6,330,0,336,292,0,292,628
08/18/2000,CMA,CA,AWP,WE,Towers with Display (VFR),0,3,44,0,47,0,8,301,32,341,0,11,345,32,388,370,0,370,758
08/19/2000,CMA,CA,AWP,WE,Towers with Display (VFR),0,1,27,0,28,0,6,394,0,400,0,7,421,0,428,230,0,230,658
08/20/2000,CMA,CA,AWP,WE,Towers with Display (VFR),0,2,31,0,33,0,12,339,0,351,0,14,370,0,384,274,0,274,658
08/21/2000,CMA,CA,AWP,WE,Towers with Display (VFR),0,1,23,0,24,0,6,233,0,239,0,7,256,0,263,216,0,216,479
08/22/2000,CMA,CA,AWP,WE,Towers with Display (VFR),0,4,69,0,73,0,3,272,0,275,0,7,341,0,348,224,0,224,572
08/23/2000,CMA,CA,AWP,WE,Towers with Display (VFR),0,4,57,0,61,0,12,197,0,209,0,16,254,0,270,198,0,198,468
08/24/2000,CMA,CA,AWP,WE,Towers with Display (VFR),0,2,33,0,35,0,6,210,0,216,0,8,243,0,251,210,0,210,461
08/25/2000,CMA,CA,AWP,WE,Towers with Display (VFR),0,3,41,0,44,0,4,218,0,222,0,7,259,0,266,256,0,256,522
08/26/2000,CMA,CA,AWP,WE,Towers with Display (VFR),0,3,41,0,44,0,14,311,0,325,0,17,352,0,369,246,0,246,615
08/27/2000,CMA,CA,AWP,WE,Towers with Display (VFR),0,3,47,0,50,0,7,354,0,361,0,10,401,0,411,190,0,190,601
08/28/2000,CMA,CA,AWP,WE,Towers with Display (VFR),0,4,57,0,61,0,4,161,0,165,0,8,218,0,226,258,0,258,484
08/29/2000,CMA,CA,AWP,WE,Towers with Display (VFR),0,8,128,0,136,0,0,105,0,105,0,8,233,0,241,130,0,130,371
08/30/2000,CMA,CA,AWP,WE,Towers with Display (VFR),0,4,69,0,73,0,12,217,0,229,0,16,286,0,302,448,0,448,750
08/31/2000,CMA,CA,AWP,WE,Towers with Display (VFR),0,4,60,0,64,0,6,205,0,211,0,10,265,0,275,238,0,238,513
09/01/2000,CMA,CA,AWP,WE,Towers with Display (VFR),0,3,41,0,44,0,8,263,30,301,0,11,304,30,345,296,0,296,641
09/02/2000,CMA,CA,AWP,WE,Towers with Display (VFR),0,2,30,0,32,0,0,555,0,555,0,2,585,0,587,80,0,80,667
09/03/2000,CMA,CA,AWP,WE,Towers with Display (VFR),0,0,24,0,24,0,0,416,0,416,0,0,440,0,440,250,0,250,690
09/04/2000,CMA,CA,AWP,WE,Towers with Display (VFR),0,3,39,0,42,0,5,440,0,445,0,8,479,0,487,314,0,314,801
09/05/2000,CMA,CA,AWP,WE,Towers with Display (VFR),0,2,26,0,28,0,5,248,0,253,0,7,274,0,281,248,0,248,529
09/06/2000,CMA,CA,AWP,WE,Towers with Display (VFR),0,2,30,0,32,0,3,273,0,276,0,5,303,0,308,228,0,228,536
09/07/2000,CMA,CA,AWP,WE,Towers with Display (VFR),0,2,34,0,36,0,13,263,0,276,0,15,297,0,312,296,0,296,608
09/08/2000,CMA,CA,AWP,WE,Towers with Display (VFR),0,3,50,0,53,0,1,231,0,232,0,4,281,0,285,208,0,208,493
09/09/2000,CMA,CA,AWP,WE,Towers with Display (VFR),0,3,42,0,45,0,3,387,0,390,0,6,429,0,435,186,0,186,621
09/10/2000,CMA,CA,AWP,WE,Towers with Display (VFR),0,0,34,0,34,0,0,392,0,392,0,0,426,0,426,232,0,232,658
09/11/2000,CMA,CA,AWP,WE,Towers with Display (VFR),0,2,25,0,27,0,10,248,0,258,0,12,273,0,285,230,0,230,515
09/12/2000,CMA,CA,AWP,WE,Towers with Display (VFR),0,2,22,0,24,0,4,256,2,262,0,6,278,2,286,222,0,222,508
09/13/2000,CMA,CA,AWP,WE,Towers with Display (VFR),0,2,22,0,24,0,3,191,0,194,0,5,213,0,218,170,0,170,388
09/14/2000,CMA,CA,AWP,WE,Towers with Display (VFR),0,3,52,0,55,0,1,246,0,247,0,4,298,0,302,196,0,196,498
09/15/2000,CMA,CA,AWP,WE,Towers with Display (VFR),0,2,42,0,44,0,2,305,0,307,0,4,347,0,351,340,0,340,691
09/16/2000,CMA,CA,AWP,WE,Towers with Display (VFR),0,2,37,0,39,0,6,411,0,417,0,8,448,0,456,254,0,254,710
09/17/2000,CMA,CA,AWP,WE,Towers with Display (VFR),0,1,21,0,22,0,5,365,0,370,0,6,386,0,392,172,0,172,564
09/18/2000,CMA,CA,AWP,WE,Towers with Display (VFR),0,1,34,0,35,0,10,115,0,125,0,11,149,0,160,150,0,150,310
09/19/2000,CMA,CA,AWP,WE,Towers with Display (VFR),0,3,56,0,59,0,1,140,0,141,0,4,196,0,200,146,0,146,346
09/20/2000,CMA,CA,AWP,WE,Towers with Display (VFR),0,3,63,0,66,0,4,172,0,176,0,7,235,0,242,242,0,242,484
09/21/2000,CMA,CA,AWP,WE,Towers with Display (VFR),0,3,73,0,76,0,2,183,0,185,0,5,256,0,261,316,0,316,577
09/22/2000,CMA,CA,AWP,WE,Towers with Display (VFR),0,4,88,0,92,0,4,173,0,177,0,8,261,0,269,264,0,264,533
09/23/2000,CMA,CA,AWP,WE,Towers with Display (VFR),0,2,45,0,47,0,2,258,0,260,0,4,303,0,307,332,0,332,639
09/24/2000,CMA,CA,AWP,WE,Towers with Display (VFR),0,1,25,0,26,0,0,354,0,354,0,1,379,0,380,188,0,188,568
09/25/2000,CMA,CA,AWP,WE,Towers with Display (VFR),0,1,36,0,37,0,17,294,0,311,0,18,330,0,348,284,0,284,632
09/26/2000,CMA,CA,AWP,WE,Towers with Display (VFR),0,1,33,0,34,0,9,280,0,289,0,10,313,0,323,286,0,286,609
09/27/2000,CMA,CA,AWP,WE,Towers with Display (VFR),0,3,61,0,64,0,3,164,0,167,0,6,225,0,231,354,0,354,585
09/28/2000,CMA,CA,AWP,WE,Towers with Display (VFR),0,3,67,0,70,0,0,160,0,160,0,3,227,0,230,192,0,192,422
09/29/2000,CMA,CA,AWP,WE,Towers with Display (VFR),0,1,31,0,32,0,2,176,0,178,0,3,207,0,210,272,0,272,482
09/30/2000,CMA,CA,AWP,WE,Towers with Display (VFR),0,2,55,0,57,0,1,228,0,229,0,3,283,0,286,260,0,260,546
10/01/2000,CMA,CA,AWP,WE,Towers with Display (VFR),0,4,54,0,58,0,1,153,0,154,0,5,207,0,212,154,0,154,366
10/02/2000,CMA,CA,AWP,WE,Towers with Display (VFR),0,4,40,0,44,0,2,115,0,117,0,6,155,0,161,96,0,96,257
10/03/2000,CMA,CA,AWP,WE,Towers with Display (VFR),0,4,48,0,52,0,7,180,0,187,0,11,228,0,239,252,0,252,491
10/04/2000,CMA,CA,AWP,WE,Towers with Display (VFR),0,6,87,0,93,0,0,157,0,157,0,6,244,0,250,228,0,228,478
10/05/2000,CMA,CA,AWP,WE,Towers with Display (VFR),0,3,40,0,43,0,3,196,0,199,0,6,236,0,242,204,0,204,446
10/06/2000,CMA,CA,AWP,WE,Towers with Display (VFR),0,4,89,0,93,0,0,134,0,134,0,4,223,0,227,236,0,236,463
10/07/2000,CMA,CA,AWP,WE,Towers with Display (VFR),0,5,95,0,100,0,0,87,0,87,0,5,182,0,187,202,0,202,389
10/08/2000,CMA,CA,AWP,WE,Towers with Display (VFR),0,6,69,0,75,0,0,142,0,142,0,6,211,0,217,238,0,238,455
10/09/2000,CMA,CA,AWP,WE,Towers with Display (VFR),0,5,74,0,79,0,0,44,0,44,0,5,118,0,123,218,0,218,341
10/10/2000,CMA,CA,AWP,WE,Towers with Display (VFR),0,3,41,0,44,0,0,124,0,124,0,3,165,0,168,178,0,178,346
10/11/2000,CMA,CA,AWP,WE,Towers with Display (VFR),0,3,60,0,63,0,0,156,0,156,0,3,216,0,219,246,0,246,465
10/12/2000,CMA,CA,AWP,WE,Towers with Display (VFR),0,3,33,0,36,0,6,225,0,231,0,9,258,0,267,194,0,194,461
10/13/2000,CMA,CA,AWP,WE,Towers with Display (VFR),0,3,37,0,40,0,8,253,0,261,0,11,290,0,301,256,0,256,557
10/14/2000,CMA,CA,AWP,WE,Towers with Display (VFR),0,3,30,0,33,0,5,406,0,411,0,8,436,0,444,274,0,274,718
10/15/2000,CMA,CA,AWP,WE,Towers with Display (VFR),0,4,42,0,46,0,5,316,0,321,0,9,358,0,367,186,0,186,553
10/16/2000,CMA,CA,AWP,WE,Towers with Display (VFR),0,3,45,0,48,0,6,198,0,204,0,9,243,0,252,148,0,148,400
10/17/2000,CMA,CA,AWP,WE,Towers with Display (VFR),0,3,42,0,45,0,8,206,0,214,0,11,248,0,259,216,0,216,475
10/18/2000,CMA,CA,AWP,WE,Towers with Display (VFR),0,5,70,0,75,0,2,58,0,60,0,7,128,0,135,102,0,102,237
10/19/2000,CMA,CA,AWP,WE,Towers with Display (VFR),0,4,66,0,70,0,2,141,0,143,0,6,207,0,213,140,0,140,353
10/20/2000,CMA,CA,AWP,WE,Towers with Display (VFR),0,3,55,0,58,0,6,42,0,48,0,9,97,0,106,50,0,50,156
10/21/2000,CMA,CA,AWP,WE,Towers with Display (VFR),0,4,56,0,60,0,5,100,0,105,0,9,156,0,165,204,0,204,369
10/22/2000,CMA,CA,AWP,WE,Towers with Display (VFR),0,1,24,0,25,0,13,161,0,174,0,14,185,0,199,90,0,90,289
10/23/2000,CMA,CA,AWP,WE,Towers with Display (VFR),0,2,34,0,36,0,11,221,0,232,0,13,255,0,268,202,0,202,470
10/24/2000,CMA,CA,AWP,WE,Towers with Display (VFR),0,3,54,0,57,0,5,300,0,305,0,8,354,0,362,298,0,298,660
10/25/2000,CMA,CA,AWP,WE,Towers with Display (VFR),0,3,48,0,51,0,1,253,0,254,0,4,301,0,305,232,0,232,537
10/26/2000,CMA,CA,AWP,WE,Towers with Display (VFR),0,3,51,0,54,0,0,150,0,150,0,3,201,0,204,248,0,248,452
10/27/2000,CMA,CA,AWP,WE,Towers with Display (VFR),0,3,50,0,53,0,7,186,0,193,0,10,236,0,246,160,0,160,406
10/28/2000,CMA,CA,AWP,WE,Towers with Display (VFR),0,3,53,0,56,0,4,291,0,295,0,7,344,0,351,270,0,270,621
10/29/2000,CMA,CA,AWP,WE,Towers with Display (VFR),0,4,64,0,68,0,6,14,0,20,0,10,78,0,88,12,0,12,100
10/30/2000,CMA,CA,AWP,WE,Towers with Display (VFR),0,3,43,0,46,0,24,170,0,194,0,27,213,0,240,162,0,162,402
10/31/2000,CMA,CA,AWP,WE,Towers with Display (VFR),0,2,35,0,37,0,19,241,0,260,0,21,276,0,297,224,0,224,521
11/01/2000,CMA,CA,AWP,WE,Towers with Display (VFR),0,4,40,0,44,0,1,255,0,256,0,5,295,0,300,214,0,214,514
11/02/2000,CMA,CA,AWP,WE,Towers with Display (VFR),0,3,49,0,52,0,0,277,0,277,0,3,326,0,329,212,0,212,541
11/03/2000,CMA,CA,AWP,WE,Towers with Display (VFR),0,2,22,0,24,0,0,169,0,169,0,2,191,0,193,72,0,72,265
11/04/2000,CMA,CA,AWP,WE,Towers with Display (VFR),0,3,35,0,38,0,1,420,0,421,0,4,455,0,459,224,0,224,683
11/05/2000,CMA,CA,AWP,WE,Towers with Display (VFR),0,4,38,0,42,0,0,407,0,407,0,4,445,0,449,168,0,168,617
11/06/2000,CMA,CA,AWP,WE,Towers with Display (VFR),0,4,38,0,42,0,0,195,0,195,0,4,233,0,237,274,0,274,511
11/07/2000,CMA,CA,AWP,WE,Towers with Display (VFR),0,3,26,0,29,0,5,148,0,153,0,8,174,0,182,210,0,210,392
11/08/2000,CMA,CA,AWP,WE,Towers with Display (VFR),0,0,38,0,38,0,0,328,0,328,0,0,366,0,366,374,0,374,740
11/09/2000,CMA,CA,AWP,WE,Towers with Display (VFR),0,4,46,0,50,0,0,274,0,274,0,4,320,0,324,346,0,346,670
11/10/2000,CMA,CA,AWP,WE,Towers with Display (VFR),0,2,25,0,27,0,4,295,0,299,0,6,320,0,326,222,0,222,548
11/11/2000,CMA,CA,AWP,WE,Towers with Display (VFR),0,3,34,0,37,0,1,418,0,419,0,4,452,0,456,154,0,154,610
11/12/2000,CMA,CA,AWP,WE,Towers with Display (VFR),0,2,35,0,37,0,4,386,0,390,0,6,421,0,427,166,0,166,593
11/13/2000,CMA,CA,AWP,WE,Towers with Display (VFR),0,2,37,0,39,0,5,258,0,263,0,7,295,0,302,316,0,316,618
11/14/2000,CMA,CA,AWP,WE,Towers with Display (VFR),0,3,39,0,42,0,7,258,0,265,0,10,297,0,307,216,0,216,523
11/15/2000,CMA,CA,AWP,WE,Towers with Display (VFR),0,3,42,0,45,0,4,270,0,274,0,7,312,0,319,324,0,324,643
11/16/2000,CMA,CA,AWP,WE,Towers with Display (VFR),0,2,31,0,33,0,6,255,0,261,0,8,286,0,294,304,0,304,598
11/17/2000,CMA,CA,AWP,WE,Towers with Display (VFR),0,3,39,0,42,0,4,197,0,201,0,7,236,0,243,109,0,109,352
11/18/2000,CMA,CA,AWP,WE,Towers with Display (VFR),0,1,21,0,22,0,8,281,0,289,0,9,302,0,311,184,0,184,495
11/19/2000,CMA,CA,AWP,WE,Towers with Display (VFR),0,2,43,0,45,0,0,427,0,427,0,2,470,0,472,238,0,238,710
11/20/2000,CMA,CA,AWP,WE,Towers with Display (VFR),0,1,23,0,24,0,12,184,0,196,0,13,207,0,220,138,0,138,358
11/21/2000,CMA,CA,AWP,WE,Towers with Display (VFR),0,3,52,0,55,0,7,284,0,291,0,10,336,0,346,358,0,358,704
11/22/2000,CMA,CA,AWP,WE,Towers with Display (VFR),0,2,39,0,41,0,12,231,0,243,0,14,270,0,284,294,0,294,578
11/23/2000,CMA,CA,AWP,WE,Towers with Display (VFR),0,0,20,0,20,0,0,135,0,135,0,0,155,0,155,114,0,114,269
11/24/2000,CMA,CA,AWP,WE,Towers with Display (VFR),0,1,23,0,24,0,3,359,0,362,0,4,382,0,386,258,0,258,644
11/25/2000,CMA,CA,AWP,WE,Towers with Display (VFR),0,3,41,0,44,0,8,385,0,393,0,11,426,0,437,222,0,222,659
11/26/2000,CMA,CA,AWP,WE,Towers with Display (VFR),0,3,50,0,53,1,64,363,0,428,1,67,413,0,481,154,0,154,635
11/27/2000,CMA,CA,AWP,WE,Towers with Display (VFR),0,2,36,0,38,0,1,200,0,201,0,3,236,0,239,246,0,246,485
11/28/2000,CMA,CA,AWP,WE,Towers with Display (VFR),0,7,97,0,104,0,9,112,0,121,0,16,209,0,225,82,0,82,307
11/29/2000,CMA,CA,AWP,WE,Towers with Display (VFR),0,5,78,0,83,0,6,137,0,143,0,11,215,0,226,144,0,144,370
11/30/2000,CMA,CA,AWP,WE,Towers with Display (VFR),0,5,78,0,83,0,2,160,0,162,0,7,238,0,245,96,0,96,341
12/01/2000,CMA,CA,AWP,WE,Towers with Display (VFR),0,4,45,0,49,0,5,152,0,157,0,9,197,0,206,204,0,204,410
12/02/2000,CMA,CA,AWP,WE,Towers with Display (VFR),0,4,68,0,72,0,0,318,0,318,0,4,386,0,390,132,0,132,522
12/03/2000,CMA,CA,AWP,WE,Towers with Display (VFR),0,4,86,0,90,0,0,195,0,195,0,4,281,0,285,138,0,138,423
12/04/2000,CMA,CA,AWP,WE,Towers with Display (VFR),0,3,41,0,44,0,4,181,0,185,0,7,222,0,229,186,0,186,415
12/05/2000,CMA,CA,AWP,WE,Towers with Display (VFR),0,3,41,0,44,0,7,254,0,261,0,10,295,0,305,228,0,228,533
12/06/2000,CMA,CA,AWP,WE,Towers with Display (VFR),0,4,50,0,54,0,0,151,0,151,0,4,201,0,205,142,0,142,347
12/07/2000,CMA,CA,AWP,WE,Towers with Display (VFR),0,4,59,0,63,0,13,231,0,244,0,17,290,0,307,210,0,210,517
12/08/2000,CMA,CA,AWP,WE,Towers with Display (VFR),0,5,73,0,78,0,3,76,0,79,0,8,149,0,157,138,0,138,295
12/09/2000,CMA,CA,AWP,WE,Towers with Display (VFR),0,3,45,0,48,0,0,190,0,190,0,3,235,0,238,290,0,290,528
12/10/2000,CMA,CA,AWP,WE,Towers with Display (VFR),0,1,64,0,65,0,0,204,0,204,0,1,268,0,269,204,0,204,473
12/11/2000,CMA,CA,AWP,WE,Towers with Display (VFR),0,3,44,0,47,0,12,259,0,271,0,15,303,0,318,332,0,332,650
12/12/2000,CMA,CA,AWP,WE,Towers with Display (VFR),0,2,29,0,31,0,2,177,0,179,0,4,206,0,210,222,0,222,432
12/13/2000,CMA,CA,AWP,WE,Towers with Display (VFR),0,4,46,0,50,0,3,224,0,227,0,7,270,0,277,230,0,230,507
12/14/2000,CMA,CA,AWP,WE,Towers with Display (VFR),0,4,45,0,49,0,21,118,0,139,0,25,163,0,188,142,0,142,330
12/15/2000,CMA,CA,AWP,WE,Towers with Display (VFR),0,3,33,0,36,0,1,260,0,261,0,4,293,0,297,232,0,232,529
12/16/2000,CMA,CA,AWP,WE,Towers with Display (VFR),0,1,22,0,23,0,3,243,0,246,0,4,265,0,269,118,0,118,387
12/17/2000,CMA,CA,AWP,WE,Towers with Display (VFR),0,2,33,0,35,0,2,434,0,436,0,4,467,0,471,194,0,194,665
12/18/2000,CMA,CA,AWP,WE,Towers with Display (VFR),0,1,19,0,20,0,4,98,0,102,0,5,117,0,122,36,0,36,158
12/19/2000,CMA,CA,AWP,WE,Towers with Display (VFR),0,1,25,0,26,0,5,190,0,195,0,6,215,0,221,110,0,110,331
12/20/2000,CMA,CA,AWP,WE,Towers with Display (VFR),0,1,31,0,32,0,2,309,0,311,0,3,340,0,343,260,0,260,603
12/21/2000,CMA,CA,AWP,WE,Towers with Display (VFR),0,2,34,0,36,0,2,247,0,249,0,4,281,0,285,230,0,230,515
12/22/2000,CMA,CA,AWP,WE,Towers with Display (VFR),0,1,31,0,32,0,3,252,0,255,0,4,283,0,287,196,0,196,483
12/23/2000,CMA,CA,AWP,WE,Towers with Display (VFR),0,2,34,0,36,0,3,250,0,253,0,5,284,0,289,226,0,226,515
12/24/2000,CMA,CA,AWP,WE,Towers with Display (VFR),0,0,16,0,16,0,0,221,0,221,0,0,237,0,237,166,0,166,403
12/25/2000,CMA,CA,AWP,WE,Towers with Display (VFR),0,0,3,0,3,0,0,45,0,45,0,0,48,0,48,11,0,11,59
12/26/2000,CMA,CA,AWP,WE,Towers with Display (VFR),0,1,18,0,19,0,2,172,0,174,0,3,190,0,193,124,0,124,317
12/27/2000,CMA,CA,AWP,WE,Towers with Display (VFR),0,1,23,0,24,0,3,272,0,275,0,4,295,0,299,372,0,372,671
12/28/2000,CMA,CA,AWP,WE,Towers with Display (VFR),0,2,38,0,40,0,5,324,0,329,0,7,362,0,369,216,0,216,585
12/29/2000,CMA,CA,AWP,WE,Towers with Display (VFR),0,1,21,0,22,0,4,309,0,313,0,5,330,0,335,176,0,176,511
12/30/2000,CMA,CA,AWP,WE,Towers with Display (VFR),0,1,23,0,24,0,5,350,0,355,0,6,373,0,379,240,0,240,619
12/31/2000,CMA,CA,AWP,WE,Towers with Display (VFR),0,1,19,0,20,0,0,336,0,336,0,1,355,0,356,250,0,250,606
01/01/2001,CMA,CA,AWP,WE,Towers with Display (VFR),0,2,13,0,15,0,1,140,0,141,0,3,153,0,156,238,0,238,394
01/02/2001,CMA,CA,AWP,WE,Towers with Display (VFR),0,3,12,0,15,0,5,101,0,106,0,8,113,0,121,124,0,124,245
01/03/2001,CMA,CA,AWP,WE,Towers with Display (VFR),0,3,16,0,19,0,2,121,0,123,0,5,137,0,142,58,0,58,200
01/04/2001,CMA,CA,AWP,WE,Towers with Display (VFR),0,4,38,0,42,0,0,256,0,256,0,4,294,0,298,222,0,222,520
01/05/2001,CMA,CA,AWP,WE,Towers with Display (VFR),0,4,40,0,44,0,3,234,0,237,0,7,274,0,281,310,0,310,591
01/06/2001,CMA,CA,AWP,WE,Towers with Display (VFR),0,3,29,0,32,0,0,383,0,383,0,3,412,0,415,160,0,160,575
01/07/2001,CMA,CA,AWP,WE,Towers with Display (VFR),0,4,36,0,40,0,0,269,0,269,0,4,305,0,309,356,0,356,665
01/08/2001,CMA,CA,AWP,WE,Towers with Display (VFR),0,2,37,0,39,0,0,56,0,56,0,2,93,0,95,78,0,78,173
01/09/2001,CMA,CA,AWP,WE,Towers with Display (VFR),0,2,24,0,26,0,3,222,0,225,0,5,246,0,251,296,0,296,547
01/10/2001,CMA,CA,AWP,WE,Towers with Display (VFR),0,4,41,0,45,0,12,86,0,98,0,16,127,0,143,162,0,162,305
01/11/2001,CMA,CA,AWP,WE,Towers with Display (VFR),0,1,16,0,17,0,0,102,0,102,0,1,118,0,119,150,0,150,269
01/12/2001,CMA,CA,AWP,WE,Towers with Display (VFR),0,2,24,0,26,0,4,92,0,96,0,6,116,0,122,130,0,130,252
01/13/2001,CMA,CA,AWP,WE,Towers with Display (VFR),0,3,24,0,27,0,2,408,0,410,0,5,432,0,437,200,4,204,641
01/14/2001,CMA,CA,AWP,WE,Towers with Display (VFR),0,0,48,0,48,0,0,344,0,344,0,0,392,0,392,208,0,208,600
01/15/2001,CMA,CA,AWP,WE,Towers with Display (VFR),0,2,29,0,31,0,18,281,0,299,0,20,310,0,330,286,0,286,616
01/16/2001,CMA,CA,AWP,WE,Towers with Display (VFR),0,1,23,0,24,0,7,234,0,241,0,8,257,0,265,302,0,302,567
01/17/2001,CMA,CA,AWP,WE,Towers with Display (VFR),0,2,33,0,35,0,4,257,0,261,0,6,290,0,296,277,0,277,573
01/18/2001,CMA,CA,AWP,WE,Towers with Display (VFR),0,2,34,0,36,0,12,226,0,238,0,14,260,0,274,248,0,248,522
01/19/2001,CMA,CA,AWP,WE,Towers with Display (VFR),0,2,36,0,38,0,10,261,0,271,0,12,297,0,309,322,0,322,631
01/20/2001,CMA,CA,AWP,WE,Towers with Display (VFR),0,1,20,0,21,0,3,368,0,371,0,4,388,0,392,260,0,260,652
01/21/2001,CMA,CA,AWP,WE,Towers with Display (VFR),0,2,33,0,35,0,6,275,0,281,0,8,308,0,316,190,0,190,506
01/22/2001,CMA,CA,AWP,WE,Towers with Display (VFR),0,2,29,0,31,0,8,248,0,256,0,10,277,0,287,336,0,336,623
01/23/2001,CMA,CA,AWP,WE,Towers with Display (VFR),0,2,26,0,28,0,6,209,0,215,0,8,235,0,243,300,0,300,543
01/24/2001,CMA,CA,AWP,WE,Towers with Display (VFR),0,3,39,0,42,0,5,117,0,122,0,8,156,0,164,165,0,165,329
01/25/2001,CMA,CA,AWP,WE,Towers with Display (VFR),0,3,47,0,50,0,11,240,0,251,0,14,287,0,301,248,0,248,549
01/26/2001,CMA,CA,AWP,WE,Towers with Display (VFR),0,2,37,0,39,0,5,46,0,51,0,7,83,0,90,50,0,50,140
01/27/2001,CMA,CA,AWP,WE,Towers with Display (VFR),0,1,34,0,35,0,0,365,0,365,0,1,399,0,400,319,0,319,719
01/28/2001,CMA,CA,AWP,WE,Towers with Display (VFR),0,3,37,0,40,0,17,266,0,283,0,20,303,0,323,172,0,172,495
01/29/2001,CMA,CA,AWP,WE,Towers with Display (VFR),0,2,37,0,39,0,2,199,0,201,0,4,236,0,240,272,0,272,512
01/30/2001,CMA,CA,AWP,WE,Towers with Display (VFR),0,0,26,0,26,0,0,190,0,190,0,0,216,0,216,153,0,153,369
01/31/2001,CMA,CA,AWP,WE,Towers with Display (VFR),0,0,13,0,13,0,3,152,0,155,0,3,165,0,168,188,0,188,356
02/01/2001,CMA,CA,AWP,WE,Towers with Display (VFR),0,3,21,0,24,0,5,242,0,247,0,8,263,0,271,232,0,232,503
02/02/2001,CMA,CA,AWP,WE,Towers with Display (VFR),0,3,28,0,31,0,12,323,0,335,0,15,351,0,366,216,0,216,582
02/03/2001,CMA,CA,AWP,WE,Towers with Display (VFR),0,3,27,0,30,0,3,468,0,471,0,6,495,0,501,304,0,304,805
02/04/2001,CMA,CA,AWP,WE,Towers with Display (VFR),0,5,46,0,51,0,5,414,0,419,0,10,460,0,470,220,0,220,690
02/05/2001,CMA,CA,AWP,WE,Towers with Display (VFR),0,3,19,0,22,0,7,282,0,289,0,10,301,0,311,250,0,250,561
02/06/2001,CMA,CA,AWP,WE,Towers with Display (VFR),0,4,32,0,36,0,9,227,0,236,0,13,259,0,272,214,0,214,486
02/07/2001,CMA,CA,AWP,WE,Towers with Display (VFR),0,2,19,0,21,0,8,151,0,159,0,10,170,0,180,156,4,160,340
02/08/2001,CMA,CA,AWP,WE,Towers with Display (VFR),0,4,31,0,35,0,1,257,0,258,0,5,288,0,293,248,0,248,541
02/09/2001,CMA,CA,AWP,WE,Towers with Display (VFR),0,4,30,0,34,0,2,154,0,156,0,6,184,0,190,250,0,250,440
02/10/2001,CMA,CA,AWP,WE,Towers with Display (VFR),0,0,20,0,20,0,0,107,0,107,0,0,127,0,127,176,0,176,303
02/11/2001,CMA,CA,AWP,WE,Towers with Display (VFR),0,3,20,0,23,0,3,56,0,59,0,6,76,0,82,96,0,96,178
02/12/2001,CMA,CA,AWP,WE,Towers with Display (VFR),0,3,35,0,38,0,1,106,0,107,0,4,141,0,145,152,0,152,297
02/13/2001,CMA,CA,AWP,WE,Towers with Display (VFR),0,1,30,0,31,0,0,68,0,68,0,1,98,0,99,104,0,104,203
02/14/2001,CMA,CA,AWP,WE,Towers with Display (VFR),0,0,22,0,22,0,0,227,0,227,0,0,249,0,249,306,0,306,555
02/15/2001,CMA,CA,AWP,WE,Towers with Display (VFR),0,4,44,0,48,0,8,304,0,312,0,12,348,0,360,312,0,312,672
02/16/2001,CMA,CA,AWP,WE,Towers with Display (VFR),0,2,22,0,24,0,10,304,0,314,0,12,326,0,338,288,0,288,626
02/17/2001,CMA,CA,AWP,WE,Towers with Display (VFR),0,4,44,0,48,0,4,393,0,397,0,8,437,0,445,198,0,198,643
02/18/2001,CMA,CA,AWP,WE,Towers with Display (VFR),0,3,36,0,39,0,1,120,0,121,0,4,156,0,160,280,0,280,440
02/19/2001,CMA,CA,AWP,WE,Towers with Display (VFR),0,6,58,0,64,0,9,75,0,84,0,15,133,0,148,68,0,68,216
02/20/2001,CMA,CA,AWP,WE,Towers with Display (VFR),0,4,41,0,45,0,2,167,0,169,0,6,208,0,214,280,0,280,494
02/21/2001,CMA,CA,AWP,WE,Towers with Display (VFR),0,3,36,0,39,0,2,299,0,301,0,5,335,0,340,282,0,282,622
02/22/2001,CMA,CA,AWP,WE,Towers with Display (VFR),0,5,54,0,59,0,8,142,0,150,0,13,196,0,209,204,0,204,413
02/23/2001,CMA,CA,AWP,WE,Towers with Display (VFR),0,3,32,0,35,0,3,199,0,202,0,6,231,0,237,180,0,180,417
02/24/2001,CMA,CA,AWP,WE,Towers with Display (VFR),0,3,33,0,36,0,0,64,0,64,0,3,97,0,100,108,0,108,208
02/25/2001,CMA,CA,AWP,WE,Towers with Display (VFR),0,3,37,0,40,0,1,83,0,84,0,4,120,0,124,196,0,196,320
02/26/2001,CMA,CA,AWP,WE,Towers with Display (VFR),0,2,29,0,31,0,0,163,0,163,0,2,192,0,194,248,0,248,442
02/27/2001,CMA,CA,AWP,WE,Towers with Display (VFR),0,4,39,0,43,0,0,167,0,167,0,4,206,0,210,220,0,220,430
02/28/2001,CMA,CA,AWP,WE,Towers with Display (VFR),0,3,42,0,45,0,0,157,0,157,0,3,199,0,202,264,0,264,466
03/01/2001,CMA,CA,AWP,WE,Towers with Display (VFR),0,3,45,0,48,0,3,282,0,285,0,6,327,0,333,256,0,256,589
03/02/2001,CMA,CA,AWP,WE,Towers with Display (VFR),0,3,51,0,54,0,7,276,0,283,0,10,327,0,337,300,0,300,637
03/03/2001,CMA,CA,AWP,WE,Towers with Display (VFR),0,4,71,0,75,0,0,331,0,331,0,4,402,0,406,384,0,384,790
03/04/2001,CMA,CA,AWP,WE,Towers with Display (VFR),0,1,29,0,30,0,0,61,0,61,0,1,90,0,91,26,0,26,117
03/05/2001,CMA,CA,AWP,WE,Towers with Display (VFR),0,0,25,0,25,0,0,19,0,19,0,0,44,0,44,38,0,38,82
03/06/2001,CMA,CA,AWP,WE,Towers with Display (VFR),0,2,35,0,37,0,0,142,0,142,0,2,177,0,179,210,0,210,389
03/07/2001,CMA,CA,AWP,WE,Towers with Display (VFR),0,2,36,0,38,0,10,297,0,307,0,12,333,0,345,236,0,236,581
03/08/2001,CMA,CA,AWP,WE,Towers with Display (VFR),0,3,76,0,79,0,0,213,0,213,0,3,289,0,292,358,0,358,650
03/09/2001,CMA,CA,AWP,WE,Towers with Display (VFR),0,3,52,0,55,0,1,155,0,156,0,4,207,0,211,234,0,234,445
03/10/2001,CMA,CA,AWP,WE,Towers with Display (VFR),0,2,27,0,29,0,2,368,0,370,0,4,395,0,399,268,0,268,667
03/11/2001,CMA,CA,AWP,WE,Towers with Display (VFR),0,3,56,0,59,0,2,194,0,196,0,5,250,0,255,264,0,264,519
03/12/2001,CMA,CA,AWP,WE,Towers with Display (VFR),0,2,32,0,34,0,15,235,0,250,0,17,267,0,284,244,0,244,528
03/13/2001,CMA,CA,AWP,WE,Towers with Display (VFR),0,3,39,0,42,0,12,379,0,391,0,15,418,0,433,296,0,296,729
03/14/2001,CMA,CA,AWP,WE,Towers with Display (VFR),0,3,40,0,43,0,7,327,0,334,0,10,367,0,377,266,0,266,643
03/15/2001,CMA,CA,AWP,WE,Towers with Display (VFR),0,4,72,0,76,0,1,141,0,142,0,5,213,0,218,198,0,198,416
03/16/2001,CMA,CA,AWP,WE,Towers with Display (VFR),0,1,44,0,45,0,0,254,0,254,0,1,298,0,299,238,0,238,537
03/17/2001,CMA,CA,AWP,WE,Towers with Display (VFR),0,2,42,0,44,0,4,394,0,398,0,6,436,0,442,218,0,218,660
03/18/2001,CMA,CA,AWP,WE,Towers with Display (VFR),0,2,40,0,42,0,4,445,0,449,0,6,485,0,491,238,0,238,729
03/19/2001,CMA,CA,AWP,WE,Towers with Display (VFR),0,1,29,0,30,0,5,293,0,298,0,6,322,0,328,212,0,212,540
03/20/2001,CMA,CA,AWP,WE,Towers with Display (VFR),0,2,55,0,57,0,24,222,1,247,0,26,277,1,304,194,0,194,498
03/21/2001,CMA,CA,AWP,WE,Towers with Display (VFR),0,3,66,0,69,0,4,81,0,85,0,7,147,0,154,82,0,82,236
03/22/2001,CMA,CA,AWP,WE,Towers with Display (VFR),0,4,83,0,87,0,3,172,0,175,0,7,255,0,262,166,0,166,428
03/23/2001,CMA,CA,AWP,WE,Towers with Display (VFR),0,5,95,0,100,0,0,184,1,185,0,5,279,1,285,222,0,222,507
03/24/2001,CMA,CA,AWP,WE,Towers with Display (VFR),0,2,55,0,57,0,2,181,0,183,0,4,236,0,240,340,0,340,580
03/25/2001,CMA,CA,AWP,WE,Towers with Display (VFR),0,3,75,0,78,0,7,288,0,295,0,10,363,0,373,286,0,286,659
03/26/2001,CMA,CA,AWP,WE,Towers with Display (VFR),0,1,23,0,24,0,6,220,0,226,0,7,243,0,250,220,0,220,470
03/27/2001,CMA,CA,AWP,WE,Towers with Display (VFR),0,1,34,0,35,0,8,285,0,293,0,9,319,0,328,280,0,280,608
03/28/2001,CMA,CA,AWP,WE,Towers with Display (VFR),0,1,31,0,32,0,2,332,0,334,0,3,363,0,366,322,0,322,688
03/29/2001,CMA,CA,AWP,WE,Towers with Display (VFR),0,1,37,0,38,0,10,339,0,349,0,11,376,0,387,358,0,358,745
03/30/2001,CMA,CA,AWP,WE,Towers with Display (VFR),0,2,45,0,47,0,6,211,0,217,0,8,256,0,264,205,0,205,469
03/31/2001,CMA,CA,AWP,WE,Towers with Display (VFR),0,1,118,0,119,0,0,168,0,168,0,1,286,0,287,262,0,262,549
04/01/2001,CMA,CA,AWP,WE,Towers with Display (VFR),0,0,62,0,62,0,0,47,0,47,0,0,109,0,109,40,0,40,149
04/02/2001,CMA,CA,AWP,WE,Towers with Display (VFR),0,5,49,0,54,0,3,200,0,203,0,8,249,0,257,194,0,194,451
04/03/2001,CMA,CA,AWP,WE,Towers with Display (VFR),0,3,36,0,39,0,7,165,0,172,0,10,201,0,211,152,0,152,363
04/04/2001,CMA,CA,AWP,WE,Towers with Display (VFR),0,1,45,0,46,0,3,151,0,154,0,4,196,0,200,200,0,200,400
04/05/2001,CMA,CA,AWP,WE,Towers with Display (VFR),0,4,34,0,38,0,10,184,0,194,0,14,218,0,232,228,2,230,462
04/06/2001,CMA,CA,AWP,WE,Towers with Display (VFR),0,8,45,0,53,0,7,189,0,196,0,15,234,0,249,172,0,172,421
04/07/2001,CMA,CA,AWP,WE,Towers with Display (VFR),0,1,19,0,20,0,7,49,0,56,0,8,68,0,76,106,0,106,182
04/08/2001,CMA,CA,AWP,WE,Towers with Display (VFR),0,0,39,0,39,0,2,346,0,348,0,2,385,0,387,166,0,166,553
04/09/2001,CMA,CA,AWP,WE,Towers with Display (VFR),0,1,16,0,17,0,6,137,0,143,0,7,153,0,160,146,0,146,306
04/10/2001,CMA,CA,AWP,WE,Towers with Display (VFR),0,3,23,0,26,0,6,290,0,296,0,9,313,0,322,202,0,202,524
04/11/2001,CMA,CA,AWP,WE,Towers with Display (VFR),0,2,58,0,60,0,3,211,0,214,0,5,269,0,274,198,0,198,472
04/12/2001,CMA,CA,AWP,WE,Towers with Display (VFR),0,2,31,0,33,0,2,248,0,250,0,4,279,0,283,300,0,300,583
04/13/2001,CMA,CA,AWP,WE,Towers with Display (VFR),0,4,25,0,29,0,2,362,0,364,0,6,387,0,393,204,0,204,597
04/14/2001,CMA,CA,AWP,WE,Towers with Display (VFR),0,0,35,0,35,0,1,471,0,472,0,1,506,0,507,176,0,176,683
04/15/2001,CMA,CA,AWP,WE,Towers with Display (VFR),0,1,24,0,25,0,0,299,0,299,0,1,323,0,324,198,0,198,522
04/16/2001,CMA,CA,AWP,WE,Towers with Display (VFR),0,3,27,0,30,0,12,222,0,234,0,15,249,0,264,140,0,140,404
04/17/2001,CMA,CA,AWP,WE,Towers with Display (VFR),0,4,21,0,25,0,12,356,0,368,0,16,377,0,393,270,0,270,663
04/18/2001,CMA,CA,AWP,WE,Towers with Display (VFR),0,0,31,0,31,0,8,276,0,284,0,8,307,0,315,210,0,210,525
04/19/2001,CMA,CA,AWP,WE,Towers with Display (VFR),0,0,53,0,53,0,2,182,0,184,0,2,235,0,237,162,0,162,399
04/20/2001,CMA,CA,AWP,WE,Towers with Display (VFR),0,2,47,0,49,0,8,203,0,211,0,10,250,0,260,166,0,166,426
04/21/2001,CMA,CA,AWP,WE,Towers with Display (VFR),0,1,31,0,32,0,0,251,0,251,0,1,282,0,283,198,0,198,481
04/22/2001,CMA,CA,AWP,WE,Towers with Display (VFR),0,6,26,0,32,0,2,365,0,367,0,8,391,0,399,232,0,232,631
04/23/2001,CMA,CA,AWP,WE,Towers with Display (VFR),0,0,17,0,17,0,8,307,0,315,0,8,324,0,332,230,0,230,562
04/24/2001,CMA,CA,AWP,WE,Towers with Display (VFR),0,1,26,0,27,0,9,297,0,306,0,10,323,0,333,276,0,276,609
04/25/2001,CMA,CA,AWP,WE,Towers with Display (VFR),0,0,43,0,43,0,12,289,0,301,0,12,332,0,344,280,0,280,624
04/26/2001,CMA,CA,AWP,WE,Towers with Display (VFR),0,2,84,0,86,0,0,100,0,100,0,2,184,0,186,50,0,50,236
04/27/2001,CMA,CA,AWP,WE,Towers with Display (VFR),0,3,104,0,107,0,0,99,0,99,0,3,203,0,206,152,0,152,358
04/28/2001,CMA,CA,AWP,WE,Towers with Display (VFR),0,4,88,0,92,0,4,87,0,91,0,8,175,0,183,174,0,174,357
04/29/2001,CMA,CA,AWP,WE,Towers with Display (VFR),0,0,80,0,80,0,3,233,0,236,0,3,313,0,316,248,0,248,564
04/30/2001,CMA,CA,AWP,WE,Towers with Display (VFR),0,0,42,0,42,0,3,240,0,243,0,3,282,0,285,186,0,186,471
05/01/2001,CMA,CA,AWP,WE,Towers with Display (VFR),0,4,58,0,62,0,11,15,0,26,0,15,73,0,88,0,0,0,88
05/02/2001,CMA,CA,AWP,WE,Towers with Display (VFR),0,2,46,0,48,0,5,160,0,165,0,7,206,0,213,192,0,192,405
05/03/2001,CMA,CA,AWP,WE,Towers with Display (VFR),0,0,29,0,29,0,4,132,0,136,0,4,161,0,165,146,0,146,311
05/04/2001,CMA,CA,AWP,WE,Towers with Display (VFR),0,3,41,0,44,0,5,274,0,279,0,8,315,0,323,210,0,210,533
05/05/2001,CMA,CA,AWP,WE,Towers with Display (VFR),0,2,34,0,36,0,4,373,0,377,0,6,407,0,413,260,0,260,673
05/06/2001,CMA,CA,AWP,WE,Towers with Display (VFR),0,2,41,0,43,0,5,416,0,421,0,7,457,0,464,234,0,234,698
05/07/2001,CMA,CA,AWP,WE,Towers with Display (VFR),0,4,27,0,31,0,7,304,0,311,0,11,331,0,342,278,0,278,620
05/08/2001,CMA,CA,AWP,WE,Towers with Display (VFR),0,6,35,0,41,0,9,283,0,292,0,15,318,0,333,352,0,352,685
05/09/2001,CMA,CA,AWP,WE,Towers with Display (VFR),0,8,47,0,55,0,12,204,0,216,0,20,251,0,271,350,0,350,621
05/10/2001,CMA,CA,AWP,WE,Towers with Display (VFR),0,3,68,0,71,0,2,102,0,104,0,5,170,0,175,112,0,112,287
05/11/2001,CMA,CA,AWP,WE,Towers with Display (VFR),0,2,83,0,85,0,2,155,0,157,0,4,238,0,242,190,0,190,432
05/12/2001,CMA,CA,AWP,WE,Towers with Display (VFR),0,1,65,0,66,0,4,91,0,95,0,5,156,0,161,110,0,110,271
05/13/2001,CMA,CA,AWP,WE,Towers with Display (VFR),0,0,58,0,58,0,2,108,0,110,0,2,166,0,168,124,0,124,292
05/14/2001,CMA,CA,AWP,WE,Towers with Display (VFR),0,2,54,0,56,0,8,186,0,194,0,10,240,0,250,260,0,260,510
05/15/2001,CMA,CA,AWP,WE,Towers with Display (VFR),0,2,69,0,71,0,4,139,0,143,0,6,208,0,214,228,0,228,442
05/16/2001,CMA,CA,AWP,WE,Towers with Display (VFR),0,6,50,0,56,0,0,135,0,135,0,6,185,0,191,168,0,168,359
05/17/2001,CMA,CA,AWP,WE,Towers with Display (VFR),0,1,46,0,47,0,0,164,0,164,0,1,210,0,211,154,0,154,365
05/18/2001,CMA,CA,AWP,WE,Towers with Display (VFR),0,2,77,0,79,0,4,133,0,137,0,6,210,0,216,244,0,244,460
05/19/2001,CMA,CA,AWP,WE,Towers with Display (VFR),0,0,62,0,62,0,3,179,0,182,0,3,241,0,244,328,0,328,572
05/20/2001,CMA,CA,AWP,WE,Towers with Display (VFR),0,2,92,0,94,0,0,121,0,121,0,2,213,0,215,228,0,228,443
05/21/2001,CMA,CA,AWP,WE,Towers with Display (VFR),0,4,64,0,68,0,7,70,0,77,0,11,134,0,145,146,0,146,291
05/22/2001,CMA,CA,AWP,WE,Towers with Display (VFR),0,4,65,0,69,0,1,142,0,143,0,5,207,0,212,140,0,140,352
05/23/2001,CMA,CA,AWP,WE,Towers with Display (VFR),0,4,35,0,39,0,6,217,0,223,0,10,252,0,262,296,0,296,558
05/24/2001,CMA,CA,AWP,WE,Towers with Display (VFR),0,2,60,0,62,0,0,102,0,102,0,2,162,0,164,110,0,110,274
05/25/2001,CMA,CA,AWP,WE,Towers with Display (VFR),0,4,121,0,125,0,0,146,0,146,0,4,267,0,271,242,0,242,513
05/26/2001,CMA,CA,AWP,WE,Towers with Display (VFR),0,3,79,0,82,0,3,100,0,103,0,6,179,0,185,242,0,242,427
05/27/2001,CMA,CA,AWP,WE,Towers with Display (VFR),0,4,71,0,75,0,3,30,0,33,0,7,101,0,108,36,0,36,144
05/28/2001,CMA,CA,AWP,WE,Towers with Display (VFR),0,3,59,0,62,0,3,286,0,289,0,6,345,0,351,228,0,228,579
05/29/2001,CMA,CA,AWP,WE,Towers with Display (VFR),0,2,25,0,27,0,9,345,0,354,0,11,370,0,381,306,0,306,687
05/30/2001,CMA,CA,AWP,WE,Towers with Display (VFR),0,3,30,0,33,0,4,268,0,272,0,7,298,0,305,354,0,354,659
05/31/2001,CMA,CA,AWP,WE,Towers with Display (VFR),0,5,64,0,69,0,3,138,0,141,0,8,202,0,210,162,0,162,372
06/01/2001,CMA,CA,AWP,WE,Towers with Display (VFR),0,10,73,0,83,0,1,125,0,126,0,11,198,0,209,228,0,228,437
06/02/2001,CMA,CA,AWP,WE,Towers with Display (VFR),0,0,103,0,103,0,2,139,0,141,0,2,242,0,244,310,0,310,554
06/03/2001,CMA,CA,AWP,WE,Towers with Display (VFR),0,1,76,0,77,0,5,231,0,236,0,6,307,0,313,290,0,290,603
06/04/2001,CMA,CA,AWP,WE,Towers with Display (VFR),0,5,32,0,37,0,6,231,0,237,0,11,263,0,274,222,0,222,496
06/05/2001,CMA,CA,AWP,WE,Towers with Display (VFR),0,7,54,0,61,0,11,259,0,270,0,18,313,0,331,318,0,318,649
06/06/2001,CMA,CA,AWP,WE,Towers with Display (VFR),0,3,39,0,42,0,17,260,0,277,0,20,299,0,319,308,0,308,627
06/07/2001,CMA,CA,AWP,WE,Towers with Display (VFR),0,5,57,0,62,0,3,152,0,155,0,8,209,0,217,168,0,168,385
06/08/2001,CMA,CA,AWP,WE,Towers with Display (VFR),0,6,63,2,71,0,0,129,0,129,0,6,192,2,200,197,0,197,397
06/09/2001,CMA,CA,AWP,WE,Towers with Display (VFR),0,7,75,0,82,0,0,199,0,199,0,7,274,0,281,226,0,226,507
06/10/2001,CMA,CA,AWP,WE,Towers with Display (VFR),0,0,36,0,36,0,10,314,0,324,0,10,350,0,360,198,0,198,558
06/11/2001,CMA,CA,AWP,WE,Towers with Display (VFR),0,0,21,0,21,0,4,248,0,252,0,4,269,0,273,156,0,156,429
06/12/2001,CMA,CA,AWP,WE,Towers with Display (VFR),0,2,60,0,62,0,9,199,0,208,0,11,259,0,270,190,0,190,460
06/13/2001,CMA,CA,AWP,WE,Towers with Display (VFR),0,5,31,0,36,0,4,205,0,209,0,9,236,0,245,258,0,258,503
06/14/2001,CMA,CA,AWP,WE,Towers with Display (VFR),0,5,22,0,27,0,8,289,0,297,0,13,311,0,324,350,0,350,674
06/15/2001,CMA,CA,AWP,WE,Towers with Display (VFR),0,3,27,0,30,0,11,288,0,299,0,14,315,0,329,332,0,332,661
06/16/2001,CMA,CA,AWP,WE,Towers with Display (VFR),0,2,48,0,50,0,6,362,0,368,0,8,410,0,418,198,0,198,616
06/17/2001,CMA,CA,AWP,WE,Towers with Display (VFR),0,4,36,0,40,0,3,322,0,325,0,7,358,0,365,214,0,214,579
06/18/2001,CMA,CA,AWP,WE,Towers with Display (VFR),0,2,29,0,31,0,9,231,0,240,0,11,260,0,271,270,0,270,541
06/19/2001,CMA,CA,AWP,WE,Towers with Display (VFR),0,2,39,0,41,0,8,291,0,299,0,10,330,0,340,240,0,240,580
06/20/2001,CMA,CA,AWP,WE,Towers with Display (VFR),0,5,38,0,43,0,1,294,0,295,0,6,332,0,338,252,0,252,590
06/21/2001,CMA,CA,AWP,WE,Towers with Display (VFR),0,6,22,0,28,0,11,250,0,261,0,17,272,0,289,274,0,274,563
06/22/2001,CMA,CA,AWP,WE,Towers with Display (VFR),0,4,43,0,47,0,2,273,0,275,0,6,316,0,322,302,0,302,624
06/23/2001,CMA,CA,AWP,WE,Towers with Display (VFR),0,2,30,0,32,0,3,339,0,342,0,5,369,0,374,276,0,276,650
06/24/2001,CMA,CA,AWP,WE,Towers with Display (VFR),0,0,28,0,28,0,4,324,0,328,0,4,352,0,356,282,0,282,638
06/25/2001,CMA,CA,AWP,WE,Towers with Display (VFR),0,2,22,0,24,0,4,279,0,283,0,6,301,0,307,276,0,276,583
06/26/2001,CMA,CA,AWP,WE,Towers with Display (VFR),0,0,30,0,30,0,4,250,0,254,0,4,280,0,284,322,0,322,606
06/27/2001,CMA,CA,AWP,WE,Towers with Display (VFR),0,0,36,0,36,0,4,290,0,294,0,4,326,0,330,312,0,312,642
06/28/2001,CMA,CA,AWP,WE,Towers with Display (VFR),0,11,35,0,46,0,0,290,0,290,0,11,325,0,336,392,0,392,728
06/29/2001,CMA,CA,AWP,WE,Towers with Display (VFR),0,0,41,0,41,0,8,270,0,278,0,8,311,0,319,306,0,306,625
06/30/2001,CMA,CA,AWP,WE,Towers with Display (VFR),0,2,37,0,39,0,0,284,0,284,0,2,321,0,323,238,0,238,561
07/01/2001,CMA,CA,AWP,WE,Towers with Display (VFR),0,1,41,0,42,0,6,345,0,351,0,7,386,0,393,212,0,212,605
07/02/2001,CMA,CA,AWP,WE,Towers with Display (VFR),0,2,28,0,30,0,7,252,0,259,0,9,280,0,289,308,0,308,597
07/03/2001,CMA,CA,AWP,WE,Towers with Display (VFR),0,2,22,0,24,0,10,256,0,266,0,12,278,0,290,326,0,326,616
07/04/2001,CMA,CA,AWP,WE,Towers with Display (VFR),0,1,23,0,24,0,4,230,0,234,0,5,253,0,258,260,0,260,518
07/05/2001,CMA,CA,AWP,WE,Towers with Display (VFR),0,2,28,0,30,0,4,190,0,194,0,6,218,0,224,232,0,232,456
07/06/2001,CMA,CA,AWP,WE,Towers with Display (VFR),0,5,37,0,42,0,2,176,0,178,0,7,213,0,220,204,0,204,424
07/07/2001,CMA,CA,AWP,WE,Towers with Display (VFR),0,0,49,0,49,0,8,304,0,312,0,8,353,0,361,256,0,256,617
07/08/2001,CMA,CA,AWP,WE,Towers with Display (VFR),0,1,54,0,55,0,6,340,0,346,0,7,394,0,401,198,0,198,599
07/09/2001,CMA,CA,AWP,WE,Towers with Display (VFR),0,0,38,0,38,0,8,209,0,217,0,8,247,0,255,180,0,180,435
07/10/2001,CMA,CA,AWP,WE,Towers with Display (VFR),0,3,44,0,47,0,9,195,0,204,0,12,239,0,251,178,0,178,429
07/11/2001,CMA,CA,AWP,WE,Towers with Display (VFR),0,2,52,0,54,0,4,301,0,305,0,6,353,0,359,326,0,326,685
07/12/2001,CMA,CA,AWP,WE,Towers with Display (VFR),0,0,43,0,43,0,3,250,0,253,0,3,293,0,296,280,0,280,576
07/13/2001,CMA,CA,AWP,WE,Towers with Display (VFR),0,6,37,0,43,0,3,276,0,279,0,9,313,0,322,180,0,180,502
07/14/2001,CMA,CA,AWP,WE,Towers with Display (VFR),0,0,37,0,37,0,0,271,0,271,0,0,308,0,308,124,0,124,432
07/15/2001,CMA,CA,AWP,WE,Towers with Display (VFR),0,4,52,0,56,0,6,229,0,235,0,10,281,0,291,178,0,178,469
07/16/2001,CMA,CA,AWP,WE,Towers with Display (VFR),0,3,29,0,32,0,6,222,0,228,0,9,251,0,260,140,0,140,400
07/17/2001,CMA,CA,AWP,WE,Towers with Display (VFR),0,1,26,0,27,0,9,233,0,242,0,10,259,0,269,266,0,266,535
07/18/2001,CMA,CA,AWP,WE,Towers with Display (VFR),0,4,38,0,42,0,6,276,0,282,0,10,314,0,324,331,0,331,655
07/19/2001,CMA,CA,AWP,WE,Towers with Display (VFR),0,2,22,0,24,0,6,234,0,240,0,8,256,0,264,284,0,284,548
07/20/2001,CMA,CA,AWP,WE,Towers with Display (VFR),0,2,45,0,47,0,5,246,0,251,0,7,291,0,298,242,0,242,540
07/21/2001,CMA,CA,AWP,WE,Towers with Display (VFR),0,4,39,0,43,0,0,415,0,415,0,4,454,0,458,200,0,200,658
07/22/2001,CMA,CA,AWP,WE,Towers with Display (VFR),0,1,37,0,38,0,3,397,0,400,0,4,434,0,438,170,0,170,608
07/23/2001,CMA,CA,AWP,WE,Towers with Display (VFR),0,4,44,0,48,0,2,168,0,170,0,6,212,0,218,182,0,182,400
07/24/2001,CMA,CA,AWP,WE,Towers with Display (VFR),0,0,52,0,52,0,8,225,0,233,0,8,277,0,285,344,0,344,629
07/25/2001,CMA,CA,AWP,WE,Towers with Display (VFR),0,3,54,0,57,0,11,245,0,256,0,14,299,0,313,226,0,226,539
07/26/2001,CMA,CA,AWP,WE,Towers with Display (VFR),0,8,70,0,78,0,9,194,0,203,0,17,264,0,281,198,0,198,479
07/27/2001,CMA,CA,AWP,WE,Towers with Display (VFR),0,12,44,0,56,0,2,179,0,181,0,14,223,0,237,238,0,238,475
07/28/2001,CMA,CA,AWP,WE,Towers with Display (VFR),0,3,55,0,58,0,4,185,0,189,0,7,240,0,247,186,0,186,433
07/29/2001,CMA,CA,AWP,WE,Towers with Display (VFR),0,4,85,0,89,0,3,173,0,176,0,7,258,0,265,144,0,144,409
07/30/2001,CMA,CA,AWP,WE,Towers with Display (VFR),0,7,60,0,67,0,11,129,0,140,0,18,189,0,207,264,0,264,471
07/31/2001,CMA,CA,AWP,WE,Towers with Display (VFR),0,1,51,0,52,0,9,232,0,241,0,10,283,0,293,314,0,314,607
08/01/2001,CMA,CA,AWP,WE,Towers with Display (VFR),0,4,55,0,59,0,7,258,0,265,0,11,313,0,324,288,0,288,612
08/02/2001,CMA,CA,AWP,WE,Towers with Display (VFR),0,3,69,0,72,0,5,125,0,130,0,8,194,0,202,108,0,108,310
08/03/2001,CMA,CA,AWP,WE,Towers with Display (VFR),0,9,75,0,84,0,1,138,0,139,0,10,213,0,223,118,0,118,341
08/04/2001,CMA,CA,AWP,WE,Towers with Display (VFR),0,5,46,0,51,0,1,369,0,370,0,6,415,0,421,148,0,148,569
08/05/2001,CMA,CA,AWP,WE,Towers with Display (VFR),0,3,30,0,33,0,4,354,0,358,0,7,384,0,391,187,0,187,578
08/06/2001,CMA,CA,AWP,WE,Towers with Display (VFR),0,2,30,0,32,0,5,232,0,237,0,7,262,0,269,290,0,290,559
08/07/2001,CMA,CA,AWP,WE,Towers with Display (VFR),0,3,49,1,53,0,4,231,3,238,0,7,280,4,291,308,0,308,599
08/08/2001,CMA,CA,AWP,WE,Towers with Display (VFR),0,5,30,0,35,0,7,232,0,239,0,12,262,0,274,232,0,232,506
08/09/2001,CMA,CA,AWP,WE,Towers with Display (VFR),0,4,66,0,70,0,0,89,0,89,0,4,155,0,159,158,0,158,317
08/10/2001,CMA,CA,AWP,WE,Towers with Display (VFR),0,3,44,0,47,0,3,195,0,198,0,6,239,0,245,258,0,258,503
08/11/2001,CMA,CA,AWP,WE,Towers with Display (VFR),0,2,32,0,34,0,6,407,0,413,0,8,439,0,447,202,0,202,649
08/12/2001,CMA,CA,AWP,WE,Towers with Display (VFR),0,3,41,0,44,0,2,388,0,390,0,5,429,0,434,320,0,320,754
08/13/2001,CMA,CA,AWP,WE,Towers with Display (VFR),0,5,35,0,40,0,6,293,0,299,0,11,328,0,339,322,0,322,661
08/14/2001,CMA,CA,AWP,WE,Towers with Display (VFR),0,2,25,0,27,0,7,281,0,288,0,9,306,0,315,326,0,326,641
08/15/2001,CMA,CA,AWP,WE,Towers with Display (VFR),0,3,31,0,34,0,0,309,0,309,0,3,340,0,343,262,0,262,605
08/16/2001,CMA,CA,AWP,WE,Towers with Display (VFR),0,0,33,0,33,0,8,196,0,204,0,8,229,0,237,188,0,188,425
08/17/2001,CMA,CA,AWP,WE,Towers with Display (VFR),0,2,41,0,43,0,5,326,0,331,0,7,367,0,374,360,0,360,734
08/18/2001,CMA,CA,AWP,WE,Towers with Display (VFR),0,1,22,0,23,0,11,344,0,355,0,12,366,0,378,336,0,336,714
08/19/2001,CMA,CA,AWP,WE,Towers with Display (VFR),0,3,28,0,31,0,4,331,0,335,0,7,359,0,366,260,0,260,626
08/20/2001,CMA,CA,AWP,WE,Towers with Display (VFR),0,3,28,0,31,0,8,205,0,213,0,11,233,0,244,248,0,248,492
08/21/2001,CMA,CA,AWP,WE,Towers with Display (VFR),0,1,55,0,56,0,6,212,0,218,0,7,267,0,274,215,0,215,489
08/22/2001,CMA,CA,AWP,WE,Towers with Display (VFR),0,2,52,0,54,0,4,291,0,295,0,6,343,0,349,340,8,348,697
08/23/2001,CMA,CA,AWP,WE,Towers with Display (VFR),0,2,25,1,28,0,3,306,1,310,0,5,331,2,338,358,0,358,696
08/24/2001,CMA,CA,AWP,WE,Towers with Display (VFR),0,2,41,0,43,0,7,478,0,485,0,9,519,0,528,192,0,192,720
08/25/2001,CMA,CA,AWP,WE,Towers with Display (VFR),0,1,13,0,14,0,4,436,8,448,0,5,449,8,462,318,2,320,782
08/26/2001,CMA,CA,AWP,WE,Towers with Display (VFR),0,3,22,0,25,0,3,392,9,404,0,6,414,9,429,358,0,358,787
08/27/2001,CMA,CA,AWP,WE,Towers with Display (VFR),0,1,34,0,35,0,2,186,0,188,0,3,220,0,223,346,0,346,569
08/28/2001,CMA,CA,AWP,WE,Towers with Display (VFR),0,0,67,0,67,0,2,214,0,216,0,2,281,0,283,226,0,226,509
08/29/2001,CMA,CA,AWP,WE,Towers with Display (VFR),0,3,41,0,44,0,19,204,0,223,0,22,245,0,267,244,0,244,511
08/30/2001,CMA,CA,AWP,WE,Towers with Display (VFR),0,3,48,0,51,0,3,229,0,232,0,6,277,0,283,238,0,238,521
08/31/2001,CMA,CA,AWP,WE,Towers with Display (VFR),0,3,44,0,47,2,7,315,0,324,2,10,359,0,371,282,0,282,653
09/01/2001,CMA,CA,AWP,WE,Towers with Display (VFR),0,6,56,0,62,0,4,325,0,329,0,10,381,0,391,184,0,184,575
09/02/2001,CMA,CA,AWP,WE,Towers with Display (VFR),0,2,44,0,46,0,2,280,0,282,0,4,324,0,328,247,0,247,575
09/03/2001,CMA,CA,AWP,WE,Towers with Display (VFR),0,3,73,0,76,0,4,182,0,186,0,7,255,0,262,242,0,242,504
09/04/2001,CMA,CA,AWP,WE,Towers with Display (VFR),0,10,62,0,72,0,1,132,0,133,0,11,194,0,205,204,0,204,409
09/05/2001,CMA,CA,AWP,WE,Towers with Display (VFR),0,2,35,0,37,0,1,231,0,232,0,3,266,0,269,282,0,282,551
09/06/2001,CMA,CA,AWP,WE,Towers with Display (VFR),0,1,55,0,56,0,4,238,0,242,0,5,293,0,298,258,0,258,556
09/07/2001,CMA,CA,AWP,WE,Towers with Display (VFR),0,1,74,0,75,0,2,204,0,206,0,3,278,0,281,354,0,354,635
09/08/2001,CMA,CA,AWP,WE,Towers with Display (VFR),0,1,73,0,74,0,2,147,0,149,0,3,220,0,223,326,0,326,549
09/09/2001,CMA,CA,AWP,WE,Towers with Display (VFR),0,0,59,0,59,0,0,156,0,156,0,0,215,0,215,188,0,188,403
09/10/2001,CMA,CA,AWP,WE,Towers with Display (VFR),0,1,24,0,25,0,9,206,2,217,0,10,230,2,242,214,0,214,456
09/11/2001,CMA,CA,AWP,WE,Towers with Display (VFR),0,0,0,0,0,0,0,0,0,0,0,0,0,0,0,0,0,0,0
09/12/2001,CMA,CA,AWP,WE,Towers with Display (VFR),0,0,0,0,0,0,0,0,0,0,0,0,0,0,0,0,0,0,0
09/13/2001,CMA,CA,AWP,WE,Towers with Display (VFR),0,2,0,0,2,0,0,1,0,1,0,2,1,0,3,0,0,0,3
09/14/2001,CMA,CA,AWP,WE,Towers with Display (VFR),0,4,14,0,18,0,0,8,0,8,0,4,22,0,26,0,0,0,26
09/15/2001,CMA,CA,AWP,WE,Towers with Display (VFR),0,3,62,0,65,0,3,9,0,12,0,6,71,0,77,0,0,0,77
09/16/2001,CMA,CA,AWP,WE,Towers with Display (VFR),0,1,80,0,81,0,0,32,0,32,0,1,112,0,113,0,0,0,113
09/17/2001,CMA,CA,AWP,WE,Towers with Display (VFR),0,5,73,0,78,0,1,12,0,13,0,6,85,0,91,0,0,0,91
09/18/2001,CMA,CA,AWP,WE,Towers with Display (VFR),0,4,85,0,89,0,6,22,0,28,0,10,107,0,117,0,0,0,117
09/19/2001,CMA,CA,AWP,WE,Towers with Display (VFR),0,10,93,0,103,0,4,11,0,15,0,14,104,0,118,0,0,0,118
09/20/2001,CMA,CA,AWP,WE,Towers with Display (VFR),0,1,76,0,77,0,4,66,0,70,0,5,142,0,147,0,0,0,147
09/21/2001,CMA,CA,AWP,WE,Towers with Display (VFR),0,4,82,0,86,0,6,140,0,146,0,10,222,0,232,30,0,30,262
09/22/2001,CMA,CA,AWP,WE,Towers with Display (VFR),0,4,73,0,77,0,16,235,0,251,0,20,308,0,328,214,0,214,542
09/23/2001,CMA,CA,AWP,WE,Towers with Display (VFR),0,0,68,0,68,0,16,201,0,217,0,16,269,0,285,216,0,216,501
09/24/2001,CMA,CA,AWP,WE,Towers with Display (VFR),0,3,38,0,41,0,10,197,0,207,0,13,235,0,248,232,0,232,480
09/25/2001,CMA,CA,AWP,WE,Towers with Display (VFR),0,1,42,0,43,0,3,246,0,249,0,4,288,0,292,300,0,300,592
09/26/2001,CMA,CA,AWP,WE,Towers with Display (VFR),0,0,43,0,43,0,4,254,0,258,0,4,297,0,301,304,0,304,605
09/27/2001,CMA,CA,AWP,WE,Towers with Display (VFR),0,7,50,0,57,0,2,272,0,274,0,9,322,0,331,286,0,286,617
09/28/2001,CMA,CA,AWP,WE,Towers with Display (VFR),0,7,43,0,50,0,7,322,29,358,0,14,365,29,408,282,0,282,690
09/29/2001,CMA,CA,AWP,WE,Towers with Display (VFR),0,4,32,0,36,0,2,331,0,333,0,6,363,0,369,270,0,270,639
09/30/2001,CMA,CA,AWP,WE,Towers with Display (VFR),0,1,42,0,43,0,8,285,0,293,0,9,327,0,336,224,0,224,560
10/01/2001,CMA,CA,AWP,WE,Towers with Display (VFR),0,2,17,0,19,0,6,157,0,163,0,8,174,0,182,198,0,198,380
10/02/2001,CMA,CA,AWP,WE,Towers with Display (VFR),0,2,31,0,33,0,15,229,0,244,0,17,260,0,277,230,0,230,507
10/03/2001,CMA,CA,AWP,WE,Towers with Display (VFR),0,2,63,0,65,0,8,253,0,261,0,10,316,0,326,302,0,302,628
10/04/2001,CMA,CA,AWP,WE,Towers with Display (VFR),0,3,72,0,75,0,3,159,0,162,0,6,231,0,237,216,0,216,453
10/05/2001,CMA,CA,AWP,WE,Towers with Display (VFR),0,4,59,0,63,0,1,122,0,123,0,5,181,0,186,214,0,214,400
10/06/2001,CMA,CA,AWP,WE,Towers with Display (VFR),0,6,79,0,85,0,7,219,0,226,0,13,298,0,311,288,0,288,599
10/07/2001,CMA,CA,AWP,WE,Towers with Display (VFR),0,9,57,0,66,0,0,209,0,209,0,9,266,0,275,204,0,204,479
10/08/2001,CMA,CA,AWP,WE,Towers with Display (VFR),0,2,73,0,75,0,4,146,0,150,0,6,219,0,225,168,0,168,393
10/09/2001,CMA,CA,AWP,WE,Towers with Display (VFR),0,2,53,0,55,0,7,189,2,198,0,9,242,2,253,224,0,224,477
10/10/2001,CMA,CA,AWP,WE,Towers with Display (VFR),0,2,61,0,63,0,7,255,0,262,0,9,316,0,325,240,0,240,565
10/11/2001,CMA,CA,AWP,WE,Towers with Display (VFR),0,6,34,0,40,0,0,223,0,223,0,6,257,0,263,332,0,332,595
10/12/2001,CMA,CA,AWP,WE,Towers with Display (VFR),0,8,36,0,44,0,6,207,0,213,0,14,243,0,257,452,0,452,709
10/13/2001,CMA,CA,AWP,WE,Towers with Display (VFR),0,3,39,0,42,0,1,397,0,398,0,4,436,0,440,264,0,264,704
10/14/2001,CMA,CA,AWP,WE,Towers with Display (VFR),0,7,36,0,43,0,3,265,0,268,0,10,301,0,311,208,0,208,519
10/15/2001,CMA,CA,AWP,WE,Towers with Display (VFR),0,7,47,0,54,0,7,141,0,148,0,14,188,0,202,190,0,190,392
10/16/2001,CMA,CA,AWP,WE,Towers with Display (VFR),0,1,68,0,69,0,5,220,2,227,0,6,288,2,296,217,14,231,527
10/17/2001,CMA,CA,AWP,WE,Towers with Display (VFR),0,4,57,0,61,0,0,180,0,180,0,4,237,0,241,230,0,230,471
10/18/2001,CMA,CA,AWP,WE,Towers with Display (VFR),0,3,51,0,54,0,3,268,0,271,0,6,319,0,325,300,0,300,625
10/19/2001,CMA,CA,AWP,WE,Towers with Display (VFR),0,1,28,0,29,0,8,242,0,250,0,9,270,0,279,176,0,176,455
10/20/2001,CMA,CA,AWP,WE,Towers with Display (VFR),0,1,83,0,84,0,1,159,0,160,0,2,242,0,244,188,0,188,432
10/21/2001,CMA,CA,AWP,WE,Towers with Display (VFR),0,5,97,0,102,0,0,94,0,94,0,5,191,0,196,126,0,126,322
10/22/2001,CMA,CA,AWP,WE,Towers with Display (VFR),0,6,74,0,80,0,7,117,0,124,0,13,191,0,204,340,0,340,544
10/23/2001,CMA,CA,AWP,WE,Towers with Display (VFR),0,3,89,0,92,0,5,105,0,110,0,8,194,0,202,222,0,222,424
10/24/2001,CMA,CA,AWP,WE,Towers with Display (VFR),0,2,74,0,76,0,1,141,0,142,0,3,215,0,218,282,0,282,500
10/25/2001,CMA,CA,AWP,WE,Towers with Display (VFR),0,3,60,0,63,0,2,207,0,209,0,5,267,0,272,320,0,320,592
10/26/2001,CMA,CA,AWP,WE,Towers with Display (VFR),0,3,65,0,68,0,3,209,0,212,0,6,274,0,280,244,0,244,524
10/27/2001,CMA,CA,AWP,WE,Towers with Display (VFR),0,0,48,0,48,0,4,348,0,352,0,4,396,0,400,338,0,338,738
10/28/2001,CMA,CA,AWP,WE,Towers with Display (VFR),0,0,42,0,42,0,6,252,0,258,0,6,294,0,300,284,0,284,584
10/29/2001,CMA,CA,AWP,WE,Towers with Display (VFR),0,4,43,0,47,0,7,212,0,219,0,11,255,0,266,230,0,230,496
10/30/2001,CMA,CA,AWP,WE,Towers with Display (VFR),0,8,54,0,62,0,2,72,0,74,0,10,126,0,136,156,0,156,292
10/31/2001,CMA,CA,AWP,WE,Towers with Display (VFR),0,2,53,0,55,0,12,234,0,246,0,14,287,0,301,249,0,249,550
11/01/2001,CMA,CA,AWP,WE,Towers with Display (VFR),0,8,75,0,83,0,3,243,0,246,0,11,318,0,329,256,0,256,585
11/02/2001,CMA,CA,AWP,WE,Towers with Display (VFR),0,15,92,0,107,0,6,129,0,135,0,21,221,0,242,156,0,156,398
11/03/2001,CMA,CA,AWP,WE,Towers with Display (VFR),0,3,53,0,56,0,0,336,0,336,0,3,389,0,392,152,0,152,544
11/04/2001,CMA,CA,AWP,WE,Towers with Display (VFR),0,1,47,0,48,0,0,141,0,141,0,1,188,0,189,220,0,220,409
11/05/2001,CMA,CA,AWP,WE,Towers with Display (VFR),0,10,42,0,52,0,1,163,0,164,0,11,205,0,216,202,0,202,418
11/06/2001,CMA,CA,AWP,WE,Towers with Display (VFR),0,10,64,0,74,0,6,125,0,131,0,16,189,0,205,216,0,216,421
11/07/2001,CMA,CA,AWP,WE,Towers with Display (VFR),0,4,66,0,70,0,6,181,0,187,0,10,247,0,257,164,0,164,421
11/08/2001,CMA,CA,AWP,WE,Towers with Display (VFR),0,2,62,0,64,0,1,367,0,368,0,3,429,0,432,240,0,240,672
11/09/2001,CMA,CA,AWP,WE,Towers with Display (VFR),0,5,50,0,55,0,7,190,0,197,0,12,240,0,252,202,0,202,454
11/10/2001,CMA,CA,AWP,WE,Towers with Display (VFR),0,4,83,0,87,0,3,208,0,211,0,7,291,0,298,304,0,304,602
11/11/2001,CMA,CA,AWP,WE,Towers with Display (VFR),0,0,43,0,43,0,6,83,0,89,0,6,126,0,132,122,0,122,254
11/12/2001,CMA,CA,AWP,WE,Towers with Display (VFR),0,7,39,0,46,0,6,43,0,49,0,13,82,0,95,140,0,140,235
11/13/2001,CMA,CA,AWP,WE,Towers with Display (VFR),0,2,39,0,41,0,7,277,0,284,0,9,316,0,325,320,0,320,645
11/14/2001,CMA,CA,AWP,WE,Towers with Display (VFR),0,7,33,0,40,0,2,346,0,348,0,9,379,0,388,336,0,336,724
11/15/2001,CMA,CA,AWP,WE,Towers with Display (VFR),0,6,65,0,71,0,7,300,0,307,0,13,365,0,378,290,0,290,668
11/16/2001,CMA,CA,AWP,WE,Towers with Display (VFR),0,7,65,0,72,0,8,331,0,339,0,15,396,0,411,280,0,280,691
11/17/2001,CMA,CA,AWP,WE,Towers with Display (VFR),0,4,46,0,50,0,10,335,0,345,0,14,381,0,395,224,0,224,619
11/18/2001,CMA,CA,AWP,WE,Towers with Display (VFR),0,10,52,0,62,0,5,324,0,329,0,15,376,0,391,274,0,274,665
11/19/2001,CMA,CA,AWP,WE,Towers with Display (VFR),0,6,33,0,39,0,5,221,0,226,0,11,254,0,265,366,0,366,631
11/20/2001,CMA,CA,AWP,WE,Towers with Display (VFR),0,7,60,0,67,0,8,329,0,337,0,15,389,0,404,176,0,176,580
11/21/2001,CMA,CA,AWP,WE,Towers with Display (VFR),0,7,45,0,52,0,6,321,0,327,0,13,366,0,379,260,0,260,639
11/22/2001,CMA,CA,AWP,WE,Towers with Display (VFR),0,0,15,0,15,0,0,147,0,147,0,0,162,0,162,154,0,154,316
11/23/2001,CMA,CA,AWP,WE,Towers with Display (VFR),0,0,38,0,38,0,5,416,0,421,0,5,454,0,459,268,0,268,727
11/24/2001,CMA,CA,AWP,WE,Towers with Display (VFR),0,5,37,0,42,0,0,16,0,16,0,5,53,0,58,10,0,10,68
11/25/2001,CMA,CA,AWP,WE,Towers with Display (VFR),0,6,53,0,59,0,4,368,0,372,0,10,421,0,431,186,0,186,617
11/26/2001,CMA,CA,AWP,WE,Towers with Display (VFR),0,5,27,0,32,0,10,152,0,162,0,15,179,0,194,242,3,245,439
11/27/2001,CMA,CA,AWP,WE,Towers with Display (VFR),0,3,27,0,30,0,8,165,0,173,0,11,192,0,203,106,0,106,309
11/28/2001,CMA,CA,AWP,WE,Towers with Display (VFR),0,2,30,0,32,0,7,311,0,318,0,9,341,0,350,300,0,300,650
11/29/2001,CMA,CA,AWP,WE,Towers with Display (VFR),0,7,35,0,42,0,7,86,0,93,0,14,121,0,135,84,0,84,219
11/30/2001,CMA,CA,AWP,WE,Towers with Display (VFR),0,0,39,0,39,0,6,263,0,269,0,6,302,0,308,296,0,296,604
12/01/2001,CMA,CA,AWP,WE,Towers with Display (VFR),0,2,30,0,32,0,5,377,0,382,0,7,407,0,414,292,0,292,706
12/02/2001,CMA,CA,AWP,WE,Towers with Display (VFR),0,4,40,0,44,0,0,132,0,132,0,4,172,0,176,276,0,276,452
12/03/2001,CMA,CA,AWP,WE,Towers with Display (VFR),0,6,35,0,41,0,4,129,0,133,0,10,164,0,174,256,0,256,430
12/04/2001,CMA,CA,AWP,WE,Towers with Display (VFR),0,6,43,0,49,0,15,252,0,267,0,21,295,0,316,188,0,188,504
12/05/2001,CMA,CA,AWP,WE,Towers with Display (VFR),0,4,12,0,16,0,7,157,0,164,0,11,169,0,180,150,0,150,330
12/06/2001,CMA,CA,AWP,WE,Towers with Display (VFR),0,4,17,0,21,0,0,216,0,216,0,4,233,0,237,218,0,218,455
12/07/2001,CMA,CA,AWP,WE,Towers with Display (VFR),0,4,12,0,16,0,6,128,0,134,0,10,140,0,150,74,0,74,224
12/08/2001,CMA,CA,AWP,WE,Towers with Display (VFR),0,0,11,0,11,0,0,235,0,235,0,0,246,0,246,98,0,98,344
12/09/2001,CMA,CA,AWP,WE,Towers with Display (VFR),0,0,21,0,21,0,0,223,0,223,0,0,244,0,244,194,0,194,438
12/10/2001,CMA,CA,AWP,WE,Towers with Display (VFR),0,2,29,0,31,0,13,176,0,189,0,15,205,0,220,228,0,228,448
12/11/2001,CMA,CA,AWP,WE,Towers with Display (VFR),0,5,28,0,33,0,5,240,0,245,0,10,268,0,278,230,0,230,508
12/12/2001,CMA,CA,AWP,WE,Towers with Display (VFR),0,4,32,0,36,0,3,288,0,291,0,7,320,0,327,224,0,224,551
12/13/2001,CMA,CA,AWP,WE,Towers with Display (VFR),0,1,27,0,28,0,5,201,0,206,0,6,228,0,234,280,0,280,514
12/14/2001,CMA,CA,AWP,WE,Towers with Display (VFR),0,4,42,0,46,0,4,76,0,80,0,8,118,0,126,110,0,110,236
12/15/2001,CMA,CA,AWP,WE,Towers with Display (VFR),0,4,26,0,30,0,3,282,0,285,0,7,308,0,315,210,0,210,525
12/16/2001,CMA,CA,AWP,WE,Towers with Display (VFR),0,12,39,0,51,0,8,345,0,353,0,20,384,0,404,202,0,202,606
12/17/2001,CMA,CA,AWP,WE,Towers with Display (VFR),0,9,22,0,31,0,4,210,0,214,0,13,232,0,245,222,0,222,467
12/18/2001,CMA,CA,AWP,WE,Towers with Display (VFR),0,0,32,0,32,0,4,258,0,262,0,4,290,0,294,256,0,256,550
12/19/2001,CMA,CA,AWP,WE,Towers with Display (VFR),0,2,50,0,52,0,0,359,0,359,0,2,409,0,411,187,0,187,598
12/20/2001,CMA,CA,AWP,WE,Towers with Display (VFR),0,2,26,0,28,0,4,128,0,132,0,6,154,0,160,170,0,170,330
12/21/2001,CMA,CA,AWP,WE,Towers with Display (VFR),0,8,45,0,53,0,0,142,0,142,0,8,187,0,195,182,0,182,377
12/22/2001,CMA,CA,AWP,WE,Towers with Display (VFR),0,4,24,0,28,0,0,324,0,324,0,4,348,0,352,248,0,248,600
12/23/2001,CMA,CA,AWP,WE,Towers with Display (VFR),0,2,18,0,20,0,1,303,0,304,0,3,321,0,324,198,0,198,522
12/24/2001,CMA,CA,AWP,WE,Towers with Display (VFR),0,4,10,0,14,0,5,113,0,118,0,9,123,0,132,32,0,32,164
12/25/2001,CMA,CA,AWP,WE,Towers with Display (VFR),0,0,3,0,3,0,0,154,0,154,0,0,157,0,157,70,0,70,227
12/26/2001,CMA,CA,AWP,WE,Towers with Display (VFR),0,2,26,0,28,0,1,265,0,266,0,3,291,0,294,89,0,89,383
12/27/2001,CMA,CA,AWP,WE,Towers with Display (VFR),0,2,26,0,28,0,1,271,0,272,0,3,297,0,300,258,0,258,558
12/28/2001,CMA,CA,AWP,WE,Towers with Display (VFR),0,4,37,0,41,0,3,183,0,186,0,7,220,0,227,265,0,265,492
12/29/2001,CMA,CA,AWP,WE,Towers with Display (VFR),0,1,38,0,39,0,0,66,8,74,0,1,104,8,113,192,0,192,305
12/30/2001,CMA,CA,AWP,WE,Towers with Display (VFR),0,1,61,0,62,0,3,87,0,90,0,4,148,0,152,128,0,128,280
12/31/2001,CMA,CA,AWP,WE,Towers with Display (VFR),0,8,28,0,36,0,1,43,0,44,0,9,71,0,80,64,0,64,144
01/01/2002,CMA,CA,AWP,WE,Towers with Display (VFR),0,0,26,0,26,0,0,166,0,166,0,0,192,0,192,162,0,162,354
01/02/2002,CMA,CA,AWP,WE,Towers with Display (VFR),0,6,46,0,52,0,0,85,0,85,0,6,131,0,137,118,0,118,255
01/03/2002,CMA,CA,AWP,WE,Towers with Display (VFR),0,4,62,0,66,0,0,138,0,138,0,4,200,0,204,148,0,148,352
01/04/2002,CMA,CA,AWP,WE,Towers with Display (VFR),0,2,37,0,39,0,4,224,0,228,0,6,261,0,267,250,0,250,517
01/05/2002,CMA,CA,AWP,WE,Towers with Display (VFR),0,4,15,0,19,0,3,463,0,466,0,7,478,0,485,222,0,222,707
01/06/2002,CMA,CA,AWP,WE,Towers with Display (VFR),0,3,39,0,42,0,2,519,0,521,0,5,558,0,563,220,0,220,783
01/07/2002,CMA,CA,AWP,WE,Towers with Display (VFR),0,4,23,0,27,0,1,161,0,162,0,5,184,0,189,240,0,240,429
01/08/2002,CMA,CA,AWP,WE,Towers with Display (VFR),0,3,33,0,36,0,3,236,0,239,0,6,269,0,275,366,0,366,641
01/09/2002,CMA,CA,AWP,WE,Towers with Display (VFR),0,2,15,0,17,0,6,204,0,210,0,8,219,0,227,252,0,252,479
01/10/2002,CMA,CA,AWP,WE,Towers with Display (VFR),0,4,12,0,16,0,1,181,0,182,0,5,193,0,198,104,0,104,302
01/11/2002,CMA,CA,AWP,WE,Towers with Display (VFR),0,1,34,0,35,0,15,259,0,274,0,16,293,0,309,178,0,178,487
01/12/2002,CMA,CA,AWP,WE,Towers with Display (VFR),0,0,28,0,28,0,3,412,0,415,0,3,440,0,443,288,0,288,731
01/13/2002,CMA,CA,AWP,WE,Towers with Display (VFR),0,0,23,0,23,0,6,451,0,457,0,6,474,0,480,164,0,164,644
01/14/2002,CMA,CA,AWP,WE,Towers with Display (VFR),0,6,30,0,36,0,4,181,0,185,0,10,211,0,221,138,0,138,359
01/15/2002,CMA,CA,AWP,WE,Towers with Display (VFR),0,5,56,0,61,0,9,191,0,200,0,14,247,0,261,284,0,284,545
01/16/2002,CMA,CA,AWP,WE,Towers with Display (VFR),0,0,18,0,18,0,2,195,0,197,0,2,213,0,215,314,0,314,529
01/17/2002,CMA,CA,AWP,WE,Towers with Display (VFR),0,7,41,0,48,0,0,267,0,267,0,7,308,0,315,306,0,306,621
01/18/2002,CMA,CA,AWP,WE,Towers with Display (VFR),0,4,23,0,27,0,11,274,0,285,0,15,297,0,312,351,0,351,663
01/19/2002,CMA,CA,AWP,WE,Towers with Display (VFR),0,0,34,0,34,0,4,330,0,334,0,4,364,0,368,292,0,292,660
01/20/2002,CMA,CA,AWP,WE,Towers with Display (VFR),0,1,33,0,34,0,2,438,0,440,0,3,471,0,474,266,0,266,740
01/21/2002,CMA,CA,AWP,WE,Towers with Display (VFR),0,8,37,0,45,0,2,313,0,315,0,10,350,0,360,292,1,293,653
01/22/2002,CMA,CA,AWP,WE,Towers with Display (VFR),0,8,27,0,35,0,0,270,0,270,0,8,297,0,305,244,0,244,549
01/23/2002,CMA,CA,AWP,WE,Towers with Display (VFR),0,6,11,0,17,0,5,213,0,218,0,11,224,0,235,242,0,242,477
01/24/2002,CMA,CA,AWP,WE,Towers with Display (VFR),0,5,23,0,28,0,2,236,0,238,0,7,259,0,266,314,0,314,580
01/25/2002,CMA,CA,AWP,WE,Towers with Display (VFR),0,6,49,0,55,0,5,290,0,295,0,11,339,0,350,304,0,304,654
01/26/2002,CMA,CA,AWP,WE,Towers with Display (VFR),0,4,27,0,31,0,3,409,0,412,0,7,436,0,443,244,0,244,687
01/27/2002,CMA,CA,AWP,WE,Towers with Display (VFR),0,3,22,0,25,0,0,13,0,13,0,3,35,0,38,42,0,42,80
01/28/2002,CMA,CA,AWP,WE,Towers with Display (VFR),0,3,11,0,14,0,3,99,4,106,0,6,110,4,120,356,0,356,476
01/29/2002,CMA,CA,AWP,WE,Towers with Display (VFR),0,4,14,0,18,0,4,249,0,253,0,8,263,0,271,398,0,398,669
01/30/2002,CMA,CA,AWP,WE,Towers with Display (VFR),0,3,19,0,22,0,0,250,20,270,0,3,269,20,292,228,0,228,520
01/31/2002,CMA,CA,AWP,WE,Towers with Display (VFR),0,2,24,0,26,0,4,306,0,310,0,6,330,0,336,358,0,358,694
02/01/2002,CMA,CA,AWP,WE,Towers with Display (VFR),0,2,37,0,39,0,0,326,0,326,0,2,363,0,365,298,0,298,663
02/02/2002,CMA,CA,AWP,WE,Towers with Display (VFR),0,4,33,0,37,0,3,438,0,441,0,7,471,0,478,270,0,270,748
02/03/2002,CMA,CA,AWP,WE,Towers with Display (VFR),0,6,20,0,26,0,2,451,0,453,0,8,471,0,479,198,0,198,677
02/04/2002,CMA,CA,AWP,WE,Towers with Display (VFR),0,2,31,0,33,0,2,219,0,221,0,4,250,0,254,112,0,112,366
02/05/2002,CMA,CA,AWP,WE,Towers with Display (VFR),0,2,31,0,33,0,6,288,0,294,0,8,319,0,327,276,0,276,603
02/06/2002,CMA,CA,AWP,WE,Towers with Display (VFR),0,9,0,0,9,0,0,279,0,279,0,9,279,0,288,362,0,362,650
02/07/2002,CMA,CA,AWP,WE,Towers with Display (VFR),0,4,31,0,35,0,2,188,0,190,0,6,219,0,225,290,0,290,515
02/08/2002,CMA,CA,AWP,WE,Towers with Display (VFR),0,4,48,1,53,0,2,248,0,250,0,6,296,1,303,344,0,344,647
02/09/2002,CMA,CA,AWP,WE,Towers with Display (VFR),0,0,1,0,1,0,1,41,0,42,0,1,42,0,43,10,0,10,53
02/10/2002,CMA,CA,AWP,WE,Towers with Display (VFR),0,1,9,0,10,0,7,75,0,82,0,8,84,0,92,2,0,2,94
02/11/2002,CMA,CA,AWP,WE,Towers with Display (VFR),0,5,9,0,14,0,6,240,0,246,0,11,249,0,260,224,0,224,484
02/12/2002,CMA,CA,AWP,WE,Towers with Display (VFR),0,8,25,0,33,0,11,225,0,236,0,19,250,0,269,286,0,286,555
02/13/2002,CMA,CA,AWP,WE,Towers with Display (VFR),0,0,46,0,46,0,14,255,0,269,0,14,301,0,315,252,0,252,567
02/14/2002,CMA,CA,AWP,WE,Towers with Display (VFR),0,7,35,0,42,0,1,176,0,177,0,8,211,0,219,242,0,242,461
02/15/2002,CMA,CA,AWP,WE,Towers with Display (VFR),0,10,71,0,81,0,6,228,0,234,0,16,299,0,315,252,0,252,567
02/16/2002,CMA,CA,AWP,WE,Towers with Display (VFR),0,5,58,0,63,0,4,142,0,146,0,9,200,0,209,332,0,332,541
02/17/2002,CMA,CA,AWP,WE,Towers with Display (VFR),0,2,59,0,61,0,1,119,0,120,0,3,178,0,181,242,0,242,423
02/18/2002,CMA,CA,AWP,WE,Towers with Display (VFR),0,5,47,0,52,0,6,322,0,328,0,11,369,0,380,260,0,260,640
02/19/2002,CMA,CA,AWP,WE,Towers with Display (VFR),0,5,31,0,36,0,7,249,0,256,0,12,280,0,292,246,0,246,538
02/20/2002,CMA,CA,AWP,WE,Towers with Display (VFR),0,9,61,0,70,0,4,213,0,217,0,13,274,0,287,362,0,362,649
02/21/2002,CMA,CA,AWP,WE,Towers with Display (VFR),0,1,26,0,27,0,20,243,0,263,0,21,269,0,290,182,0,182,472
02/22/2002,CMA,CA,AWP,WE,Towers with Display (VFR),0,2,16,0,18,0,3,296,0,299,0,5,312,0,317,203,0,203,520
02/23/2002,CMA,CA,AWP,WE,Towers with Display (VFR),0,1,41,0,42,0,1,443,0,444,0,2,484,0,486,278,0,278,764
02/24/2002,CMA,CA,AWP,WE,Towers with Display (VFR),0,2,27,0,29,0,2,373,0,375,0,4,400,0,404,234,0,234,638
02/25/2002,CMA,CA,AWP,WE,Towers with Display (VFR),0,0,28,0,28,0,6,236,0,242,0,6,264,0,270,228,0,228,498
02/26/2002,CMA,CA,AWP,WE,Towers with Display (VFR),0,6,37,0,43,0,5,238,0,243,0,11,275,0,286,168,0,168,454
02/27/2002,CMA,CA,AWP,WE,Towers with Display (VFR),0,2,40,0,42,0,7,245,0,252,0,9,285,0,294,340,0,340,634
02/28/2002,CMA,CA,AWP,WE,Towers with Display (VFR),0,5,78,0,83,0,4,157,0,161,0,9,235,0,244,196,0,196,440
03/01/2002,CMA,CA,AWP,WE,Towers with Display (VFR),0,3,29,0,32,0,3,130,0,133,0,6,159,0,165,142,0,142,307
03/02/2002,CMA,CA,AWP,WE,Towers with Display (VFR),0,1,12,0,13,0,4,148,0,152,0,5,160,0,165,28,0,28,193
03/03/2002,CMA,CA,AWP,WE,Towers with Display (VFR),0,6,27,0,33,0,3,198,0,201,0,9,225,0,234,159,0,159,393
03/04/2002,CMA,CA,AWP,WE,Towers with Display (VFR),0,4,19,0,23,0,6,213,0,219,0,10,232,0,242,246,0,246,488
03/05/2002,CMA,CA,AWP,WE,Towers with Display (VFR),0,9,37,0,46,0,4,250,0,254,0,13,287,0,300,296,0,296,596
03/06/2002,CMA,CA,AWP,WE,Towers with Display (VFR),0,8,48,0,56,0,2,145,0,147,0,10,193,0,203,190,0,190,393
03/07/2002,CMA,CA,AWP,WE,Towers with Display (VFR),0,4,60,0,64,0,0,123,0,123,0,4,183,0,187,204,0,204,391
03/08/2002,CMA,CA,AWP,WE,Towers with Display (VFR),0,3,42,0,45,0,0,248,0,248,0,3,290,0,293,222,0,222,515
03/09/2002,CMA,CA,AWP,WE,Towers with Display (VFR),0,0,28,0,28,0,1,296,0,297,0,1,324,0,325,216,0,216,541
03/10/2002,CMA,CA,AWP,WE,Towers with Display (VFR),0,5,29,0,34,0,2,368,0,370,0,7,397,0,404,216,0,216,620
03/11/2002,CMA,CA,AWP,WE,Towers with Display (VFR),0,6,34,0,40,0,3,311,0,314,0,9,345,0,354,320,0,320,674
03/12/2002,CMA,CA,AWP,WE,Towers with Display (VFR),0,1,48,0,49,0,2,284,0,286,0,3,332,0,335,364,0,364,699
03/13/2002,CMA,CA,AWP,WE,Towers with Display (VFR),0,5,21,0,26,0,0,109,0,109,0,5,130,0,135,66,0,66,201
03/14/2002,CMA,CA,AWP,WE,Towers with Display (VFR),0,0,28,0,28,0,5,256,0,261,0,5,284,0,289,260,0,260,549
03/15/2002,CMA,CA,AWP,WE,Towers with Display (VFR),0,7,32,0,39,0,4,192,0,196,0,11,224,0,235,203,0,203,438
03/16/2002,CMA,CA,AWP,WE,Towers with Display (VFR),0,4,24,0,28,0,7,198,0,205,0,11,222,0,233,243,0,243,476
03/17/2002,CMA,CA,AWP,WE,Towers with Display (VFR),0,2,42,0,44,0,0,249,0,249,0,2,291,0,293,286,0,286,579
03/18/2002,CMA,CA,AWP,WE,Towers with Display (VFR),0,1,24,0,25,0,19,164,9,192,0,20,188,9,217,184,0,184,401
03/19/2002,CMA,CA,AWP,WE,Towers with Display (VFR),0,5,44,0,49,0,13,309,18,340,0,18,353,18,389,236,0,236,625
03/20/2002,CMA,CA,AWP,WE,Towers with Display (VFR),0,0,32,0,32,0,6,316,4,326,0,6,348,4,358,300,0,300,658
03/21/2002,CMA,CA,AWP,WE,Towers with Display (VFR),0,4,34,0,38,0,4,301,0,305,0,8,335,0,343,326,0,326,669
03/22/2002,CMA,CA,AWP,WE,Towers with Display (VFR),0,2,42,0,44,0,8,358,0,366,0,10,400,0,410,354,0,354,764
03/23/2002,CMA,CA,AWP,WE,Towers with Display (VFR),0,4,46,0,50,0,8,249,0,257,0,12,295,0,307,374,0,374,681
03/24/2002,CMA,CA,AWP,WE,Towers with Display (VFR),0,0,30,0,30,0,6,293,0,299,0,6,323,0,329,366,0,366,695
03/25/2002,CMA,CA,AWP,WE,Towers with Display (VFR),0,5,34,0,39,0,8,262,0,270,0,13,296,0,309,384,0,384,693
03/26/2002,CMA,CA,AWP,WE,Towers with Display (VFR),0,4,45,0,49,0,2,368,0,370,0,6,413,0,419,388,0,388,807
03/27/2002,CMA,CA,AWP,WE,Towers with Display (VFR),0,9,45,0,54,0,5,291,0,296,0,14,336,0,350,300,0,300,650
03/28/2002,CMA,CA,AWP,WE,Towers with Display (VFR),0,4,57,0,61,0,8,315,0,323,0,12,372,0,384,340,0,340,724
03/29/2002,CMA,CA,AWP,WE,Towers with Display (VFR),0,1,67,0,68,0,7,242,0,249,0,8,309,0,317,308,0,308,625
03/30/2002,CMA,CA,AWP,WE,Towers with Display (VFR),0,4,104,0,108,0,3,226,0,229,0,7,330,0,337,360,0,360,697
03/31/2002,CMA,CA,AWP,WE,Towers with Display (VFR),0,2,75,0,77,0,4,60,0,64,0,6,135,0,141,87,0,87,228
04/01/2002,CMA,CA,AWP,WE,Towers with Display (VFR),0,1,64,0,65,0,7,73,0,80,0,8,137,0,145,70,0,70,215
04/02/2002,CMA,CA,AWP,WE,Towers with Display (VFR),0,6,60,0,66,0,5,23,0,28,0,11,83,0,94,74,0,74,168
04/03/2002,CMA,CA,AWP,WE,Towers with Display (VFR),0,1,69,0,70,0,7,148,0,155,0,8,217,0,225,240,0,240,465
04/04/2002,CMA,CA,AWP,WE,Towers with Display (VFR),0,4,62,0,66,0,4,234,0,238,0,8,296,0,304,304,0,304,608
04/05/2002,CMA,CA,AWP,WE,Towers with Display (VFR),0,4,55,0,59,0,9,187,0,196,0,13,242,0,255,228,0,228,483
04/06/2002,CMA,CA,AWP,WE,Towers with Display (VFR),0,4,50,0,54,0,10,346,0,356,0,14,396,0,410,408,0,408,818
04/07/2002,CMA,CA,AWP,WE,Towers with Display (VFR),0,6,92,0,98,0,4,135,0,139,0,10,227,0,237,216,0,216,453
04/08/2002,CMA,CA,AWP,WE,Towers with Display (VFR),0,4,51,0,55,0,11,170,0,181,0,15,221,0,236,292,0,292,528
04/09/2002,CMA,CA,AWP,WE,Towers with Display (VFR),0,5,47,0,52,0,2,133,0,135,0,7,180,0,187,170,0,170,357
04/10/2002,CMA,CA,AWP,WE,Towers with Display (VFR),0,4,47,0,51,0,7,204,0,211,0,11,251,0,262,248,2,250,512
04/11/2002,CMA,CA,AWP,WE,Towers with Display (VFR),0,5,64,0,69,0,0,133,0,133,0,5,197,0,202,200,0,200,402
04/12/2002,CMA,CA,AWP,WE,Towers with Display (VFR),0,11,100,0,111,0,0,55,0,55,0,11,155,0,166,32,0,32,198
04/13/2002,CMA,CA,AWP,WE,Towers with Display (VFR),0,2,51,0,53,0,5,238,0,243,0,7,289,0,296,210,0,210,506
04/14/2002,CMA,CA,AWP,WE,Towers with Display (VFR),0,9,97,0,106,0,0,0,0,0,0,9,97,0,106,0,0,0,106
04/15/2002,CMA,CA,AWP,WE,Towers with Display (VFR),0,0,33,0,33,0,8,186,0,194,0,8,219,0,227,166,0,166,393
04/16/2002,CMA,CA,AWP,WE,Towers with Display (VFR),0,1,53,0,54,0,3,289,0,292,0,4,342,0,346,221,0,221,567
04/17/2002,CMA,CA,AWP,WE,Towers with Display (VFR),0,4,44,0,48,0,13,257,1,271,0,17,301,1,319,384,0,384,703
04/18/2002,CMA,CA,AWP,WE,Towers with Display (VFR),0,6,45,0,51,0,0,296,0,296,0,6,341,0,347,308,0,308,655
04/19/2002,CMA,CA,AWP,WE,Towers with Display (VFR),0,6,28,0,34,0,13,262,0,275,0,19,290,0,309,158,0,158,467
04/20/2002,CMA,CA,AWP,WE,Towers with Display (VFR),0,1,27,0,28,0,2,425,0,427,0,3,452,0,455,156,0,156,611
04/21/2002,CMA,CA,AWP,WE,Towers with Display (VFR),0,7,34,0,41,0,2,367,0,369,0,9,401,0,410,238,0,238,648
04/22/2002,CMA,CA,AWP,WE,Towers with Display (VFR),0,3,30,0,33,0,4,248,0,252,0,7,278,0,285,258,0,258,543
04/23/2002,CMA,CA,AWP,WE,Towers with Display (VFR),0,1,30,0,31,0,11,245,0,256,0,12,275,0,287,178,0,178,465
04/24/2002,CMA,CA,AWP,WE,Towers with Display (VFR),0,1,51,0,52,0,11,307,0,318,0,12,358,0,370,420,0,420,790
04/25/2002,CMA,CA,AWP,WE,Towers with Display (VFR),0,1,70,0,71,0,0,185,0,185,0,1,255,0,256,242,0,242,498
04/26/2002,CMA,CA,AWP,WE,Towers with Display (VFR),0,6,66,0,72,0,5,57,0,62,0,11,123,0,134,124,0,124,258
04/27/2002,CMA,CA,AWP,WE,Towers with Display (VFR),0,2,53,0,55,0,4,233,0,237,0,6,286,0,292,249,0,249,541
04/28/2002,CMA,CA,AWP,WE,Towers with Display (VFR),0,2,59,0,61,0,5,394,0,399,0,7,453,0,460,206,0,206,666
04/29/2002,CMA,CA,AWP,WE,Towers with Display (VFR),0,0,33,0,33,0,4,271,0,275,0,4,304,0,308,316,0,316,624
04/30/2002,CMA,CA,AWP,WE,Towers with Display (VFR),0,5,21,0,26,0,4,220,0,224,0,9,241,0,250,234,0,234,484
05/01/2002,CMA,CA,AWP,WE,Towers with Display (VFR),0,8,47,0,55,0,1,300,0,301,0,9,347,0,356,346,0,346,702
05/02/2002,CMA,CA,AWP,WE,Towers with Display (VFR),0,5,38,0,43,0,6,310,0,316,0,11,348,0,359,286,0,286,645
05/03/2002,CMA,CA,AWP,WE,Towers with Display (VFR),0,5,37,0,42,0,15,343,0,358,0,20,380,0,400,300,0,300,700
05/04/2002,CMA,CA,AWP,WE,Towers with Display (VFR),0,5,45,0,50,0,3,441,0,444,0,8,486,0,494,308,0,308,802
05/05/2002,CMA,CA,AWP,WE,Towers with Display (VFR),0,6,67,0,73,0,3,232,0,235,0,9,299,0,308,310,0,310,618
05/06/2002,CMA,CA,AWP,WE,Towers with Display (VFR),0,7,78,0,85,0,0,60,0,60,0,7,138,0,145,254,0,254,399
05/07/2002,CMA,CA,AWP,WE,Towers with Display (VFR),0,3,61,0,64,0,10,84,7,101,0,13,145,7,165,176,0,176,341
05/08/2002,CMA,CA,AWP,WE,Towers with Display (VFR),0,9,43,0,52,0,10,290,0,300,0,19,333,0,352,448,0,448,800
05/09/2002,CMA,CA,AWP,WE,Towers with Display (VFR),0,1,36,0,37,0,3,223,0,226,0,4,259,0,263,258,0,258,521
05/10/2002,CMA,CA,AWP,WE,Towers with Display (VFR),0,10,41,0,51,0,3,351,0,354,0,13,392,0,405,237,0,237,642
05/11/2002,CMA,CA,AWP,WE,Towers with Display (VFR),0,3,31,0,34,0,3,429,0,432,0,6,460,0,466,318,0,318,784
05/12/2002,CMA,CA,AWP,WE,Towers with Display (VFR),0,6,20,0,26,0,3,254,0,257,0,9,274,0,283,248,0,248,531
05/13/2002,CMA,CA,AWP,WE,Towers with Display (VFR),0,2,27,0,29,0,2,235,0,237,0,4,262,0,266,247,0,247,513
05/14/2002,CMA,CA,AWP,WE,Towers with Display (VFR),0,5,43,0,48,0,6,264,0,270,0,11,307,0,318,228,0,228,546
05/15/2002,CMA,CA,AWP,WE,Towers with Display (VFR),0,6,43,0,49,0,10,257,0,267,0,16,300,0,316,436,0,436,752
05/16/2002,CMA,CA,AWP,WE,Towers with Display (VFR),0,2,73,0,75,0,9,220,0,229,0,11,293,0,304,324,0,324,628
05/17/2002,CMA,CA,AWP,WE,Towers with Display (VFR),0,5,43,0,48,0,0,237,0,237,0,5,280,0,285,234,0,234,519
05/18/2002,CMA,CA,AWP,WE,Towers with Display (VFR),0,1,75,0,76,0,8,137,0,145,0,9,212,0,221,302,0,302,523
05/19/2002,CMA,CA,AWP,WE,Towers with Display (VFR),0,2,68,0,70,0,4,172,0,176,0,6,240,0,246,196,0,196,442
05/20/2002,CMA,CA,AWP,WE,Towers with Display (VFR),0,1,38,0,39,0,0,106,0,106,0,1,144,0,145,264,0,264,409
05/21/2002,CMA,CA,AWP,WE,Towers with Display (VFR),0,3,40,0,43,0,9,249,0,258,0,12,289,0,301,184,0,184,485
05/22/2002,CMA,CA,AWP,WE,Towers with Display (VFR),0,2,39,0,41,0,3,269,0,272,0,5,308,0,313,236,0,236,549
05/23/2002,CMA,CA,AWP,WE,Towers with Display (VFR),0,7,31,0,38,0,0,335,0,335,0,7,366,0,373,332,0,332,705
05/24/2002,CMA,CA,AWP,WE,Towers with Display (VFR),0,7,46,0,53,0,1,267,0,268,0,8,313,0,321,300,0,300,621
05/25/2002,CMA,CA,AWP,WE,Towers with Display (VFR),0,4,42,0,46,0,0,228,0,228,0,4,270,0,274,190,0,190,464
05/26/2002,CMA,CA,AWP,WE,Towers with Display (VFR),0,2,48,0,50,0,5,147,3,155,0,7,195,3,205,220,0,220,425
05/27/2002,CMA,CA,AWP,WE,Towers with Display (VFR),0,0,63,0,63,0,9,261,0,270,0,9,324,0,333,216,0,216,549
05/28/2002,CMA,CA,AWP,WE,Towers with Display (VFR),0,1,71,0,72,0,2,200,0,202,0,3,271,0,274,222,0,222,496
05/29/2002,CMA,CA,AWP,WE,Towers with Display (VFR),0,2,39,0,41,0,1,245,0,246,0,3,284,0,287,396,0,396,683
05/30/2002,CMA,CA,AWP,WE,Towers with Display (VFR),0,2,43,0,45,0,0,197,2,199,0,2,240,2,244,236,0,236,480
05/31/2002,CMA,CA,AWP,WE,Towers with Display (VFR),0,8,44,0,52,0,2,184,0,186,0,10,228,0,238,202,0,202,440
06/01/2002,CMA,CA,AWP,WE,Towers with Display (VFR),0,3,59,0,62,0,0,251,0,251,0,3,310,0,313,326,0,326,639
06/02/2002,CMA,CA,AWP,WE,Towers with Display (VFR),0,5,77,0,82,0,4,185,0,189,0,9,262,0,271,278,0,278,549
06/03/2002,CMA,CA,AWP,WE,Towers with Display (VFR),0,2,37,0,39,0,0,226,0,226,0,2,263,0,265,422,0,422,687
06/04/2002,CMA,CA,AWP,WE,Towers with Display (VFR),0,1,33,0,34,0,3,226,0,229,0,4,259,0,263,360,0,360,623
06/05/2002,CMA,CA,AWP,WE,Towers with Display (VFR),0,3,47,0,50,0,1,231,0,232,0,4,278,0,282,296,0,296,578
06/06/2002,CMA,CA,AWP,WE,Towers with Display (VFR),0,6,62,0,68,0,1,183,0,184,0,7,245,0,252,230,0,230,482
06/07/2002,CMA,CA,AWP,WE,Towers with Display (VFR),0,2,84,0,86,0,0,53,0,53,0,2,137,0,139,214,0,214,353
06/08/2002,CMA,CA,AWP,WE,Towers with Display (VFR),0,7,78,0,85,0,0,119,0,119,0,7,197,0,204,254,0,254,458
06/09/2002,CMA,CA,AWP,WE,Towers with Display (VFR),0,3,27,0,30,0,8,289,0,297,0,11,316,0,327,366,0,366,693
06/10/2002,CMA,CA,AWP,WE,Towers with Display (VFR),0,5,22,0,27,0,2,352,0,354,0,7,374,0,381,286,0,286,667
06/11/2002,CMA,CA,AWP,WE,Towers with Display (VFR),0,4,68,0,72,0,10,199,0,209,0,14,267,0,281,178,0,178,459
06/12/2002,CMA,CA,AWP,WE,Towers with Display (VFR),0,5,56,0,61,0,0,229,0,229,0,5,285,0,290,222,0,222,512
06/13/2002,CMA,CA,AWP,WE,Towers with Display (VFR),0,4,49,0,53,0,9,209,0,218,0,13,258,0,271,280,0,280,551
06/14/2002,CMA,CA,AWP,WE,Towers with Display (VFR),0,5,20,0,25,0,0,235,0,235,0,5,255,0,260,306,0,306,566
06/15/2002,CMA,CA,AWP,WE,Towers with Display (VFR),0,2,46,0,48,0,0,360,0,360,0,2,406,0,408,273,0,273,681
06/16/2002,CMA,CA,AWP,WE,Towers with Display (VFR),0,2,24,0,26,0,4,338,0,342,0,6,362,0,368,176,0,176,544
06/17/2002,CMA,CA,AWP,WE,Towers with Display (VFR),0,0,51,0,51,0,4,244,0,248,0,4,295,0,299,300,0,300,599
06/18/2002,CMA,CA,AWP,WE,Towers with Display (VFR),0,2,34,0,36,0,4,260,0,264,0,6,294,0,300,278,0,278,578
06/19/2002,CMA,CA,AWP,WE,Towers with Display (VFR),0,1,40,0,41,0,3,259,0,262,0,4,299,0,303,342,0,342,645
06/20/2002,CMA,CA,AWP,WE,Towers with Display (VFR),0,4,143,1,148,0,7,129,0,136,0,11,272,1,284,197,0,197,481
06/21/2002,CMA,CA,AWP,WE,Towers with Display (VFR),0,2,56,0,58,0,5,200,0,205,0,7,256,0,263,202,0,202,465
06/22/2002,CMA,CA,AWP,WE,Towers with Display (VFR),0,1,28,0,29,0,1,375,0,376,0,2,403,0,405,280,0,280,685
06/23/2002,CMA,CA,AWP,WE,Towers with Display (VFR),0,8,31,0,39,0,5,360,0,365,0,13,391,0,404,330,0,330,734
06/24/2002,CMA,CA,AWP,WE,Towers with Display (VFR),0,2,55,0,57,0,6,191,0,197,0,8,246,0,254,210,0,210,464
06/25/2002,CMA,CA,AWP,WE,Towers with Display (VFR),0,3,74,0,77,0,4,168,0,172,0,7,242,0,249,234,0,234,483
06/26/2002,CMA,CA,AWP,WE,Towers with Display (VFR),0,4,72,0,76,0,0,165,0,165,0,4,237,0,241,198,0,198,439
06/27/2002,CMA,CA,AWP,WE,Towers with Display (VFR),0,1,65,0,66,0,4,242,0,246,0,5,307,0,312,226,0,226,538
06/28/2002,CMA,CA,AWP,WE,Towers with Display (VFR),0,4,84,0,88,0,3,247,0,250,0,7,331,0,338,206,0,206,544
06/29/2002,CMA,CA,AWP,WE,Towers with Display (VFR),0,0,33,0,33,0,1,264,0,265,0,1,297,0,298,222,0,222,520
06/30/2002,CMA,CA,AWP,WE,Towers with Display (VFR),0,5,68,0,73,0,1,194,0,195,0,6,262,0,268,196,0,196,464
07/01/2002,CMA,CA,AWP,WE,Towers with Display (VFR),0,1,47,0,48,0,5,214,0,219,0,6,261,0,267,310,0,310,577
07/02/2002,CMA,CA,AWP,WE,Towers with Display (VFR),0,1,48,0,49,0,7,285,0,292,0,8,333,0,341,336,0,336,677
07/03/2002,CMA,CA,AWP,WE,Towers with Display (VFR),0,3,71,0,74,0,3,251,0,254,0,6,322,0,328,422,0,422,750
07/04/2002,CMA,CA,AWP,WE,Towers with Display (VFR),0,1,55,0,56,0,5,156,0,161,0,6,211,0,217,172,0,172,389
07/05/2002,CMA,CA,AWP,WE,Towers with Display (VFR),0,4,63,0,67,0,6,293,0,299,0,10,356,0,366,290,7,297,663
07/06/2002,CMA,CA,AWP,WE,Towers with Display (VFR),0,3,57,0,60,0,6,302,0,308,0,9,359,0,368,268,0,268,636
07/07/2002,CMA,CA,AWP,WE,Towers with Display (VFR),0,4,49,0,53,0,8,292,0,300,0,12,341,0,353,312,0,312,665
07/08/2002,CMA,CA,AWP,WE,Towers with Display (VFR),0,5,43,0,48,0,6,143,0,149,0,11,186,0,197,276,0,276,473
07/09/2002,CMA,CA,AWP,WE,Towers with Display (VFR),0,4,30,0,34,0,10,191,0,201,0,14,221,0,235,342,0,342,577
07/10/2002,CMA,CA,AWP,WE,Towers with Display (VFR),0,5,30,0,35,0,7,268,0,275,0,12,298,0,310,409,0,409,719
07/11/2002,CMA,CA,AWP,WE,Towers with Display (VFR),0,8,28,0,36,0,0,314,0,314,0,8,342,0,350,381,0,381,731
07/12/2002,CMA,CA,AWP,WE,Towers with Display (VFR),0,1,35,0,36,0,7,287,0,294,0,8,322,0,330,304,0,304,634
07/13/2002,CMA,CA,AWP,WE,Towers with Display (VFR),0,4,50,0,54,0,6,334,0,340,0,10,384,0,394,208,0,208,602
07/14/2002,CMA,CA,AWP,WE,Towers with Display (VFR),0,8,41,0,49,0,3,346,0,349,0,11,387,0,398,314,0,314,712
07/15/2002,CMA,CA,AWP,WE,Towers with Display (VFR),0,9,24,0,33,0,4,303,0,307,0,13,327,0,340,398,0,398,738
07/16/2002,CMA,CA,AWP,WE,Towers with Display (VFR),0,3,32,0,35,0,5,308,0,313,0,8,340,0,348,408,0,408,756
07/17/2002,CMA,CA,AWP,WE,Towers with Display (VFR),0,8,55,0,63,0,3,276,0,279,0,11,331,0,342,348,0,348,690
07/18/2002,CMA,CA,AWP,WE,Towers with Display (VFR),0,5,55,0,60,0,1,280,0,281,0,6,335,0,341,277,0,277,618
07/19/2002,CMA,CA,AWP,WE,Towers with Display (VFR),0,9,59,0,68,0,0,184,0,184,0,9,243,0,252,316,0,316,568
07/20/2002,CMA,CA,AWP,WE,Towers with Display (VFR),0,5,71,0,76,0,2,243,0,245,0,7,314,0,321,306,0,306,627
07/21/2002,CMA,CA,AWP,WE,Towers with Display (VFR),0,3,39,0,42,0,0,313,0,313,0,3,352,0,355,358,0,358,713
07/22/2002,CMA,CA,AWP,WE,Towers with Display (VFR),0,5,50,0,55,0,6,222,0,228,0,11,272,0,283,256,0,256,539
07/23/2002,CMA,CA,AWP,WE,Towers with Display (VFR),0,2,44,0,46,0,8,318,0,326,0,10,362,0,372,372,0,372,744
07/24/2002,CMA,CA,AWP,WE,Towers with Display (VFR),0,7,23,0,30,0,7,326,0,333,0,14,349,0,363,320,0,320,683
07/25/2002,CMA,CA,AWP,WE,Towers with Display (VFR),0,8,45,0,53,0,0,324,0,324,0,8,369,0,377,316,0,316,693
07/26/2002,CMA,CA,AWP,WE,Towers with Display (VFR),0,2,36,0,38,0,16,327,0,343,0,18,363,0,381,342,0,342,723
07/27/2002,CMA,CA,AWP,WE,Towers with Display (VFR),0,0,42,0,42,0,2,334,0,336,0,2,376,0,378,268,0,268,646
07/28/2002,CMA,CA,AWP,WE,Towers with Display (VFR),0,5,32,0,37,0,9,338,0,347,0,14,370,0,384,278,0,278,662
07/29/2002,CMA,CA,AWP,WE,Towers with Display (VFR),0,0,40,0,40,0,11,236,0,247,0,11,276,0,287,244,0,244,531
07/30/2002,CMA,CA,AWP,WE,Towers with Display (VFR),0,3,51,0,54,0,3,214,0,217,0,6,265,0,271,378,0,378,649
07/31/2002,CMA,CA,AWP,WE,Towers with Display (VFR),0,5,61,0,66,0,1,227,0,228,0,6,288,0,294,372,0,372,666
08/01/2002,CMA,CA,AWP,WE,Towers with Display (VFR),0,12,38,0,50,0,1,283,0,284,0,13,321,0,334,368,0,368,702
08/02/2002,CMA,CA,AWP,WE,Towers with Display (VFR),0,8,79,0,87,0,1,146,0,147,0,9,225,0,234,174,0,174,408
08/03/2002,CMA,CA,AWP,WE,Towers with Display (VFR),0,4,81,0,85,0,6,219,0,225,0,10,300,0,310,244,0,244,554
08/04/2002,CMA,CA,AWP,WE,Towers with Display (VFR),0,7,60,0,67,0,4,290,0,294,0,11,350,0,361,302,0,302,663
08/05/2002,CMA,CA,AWP,WE,Towers with Display (VFR),0,1,28,0,29,0,6,228,0,234,0,7,256,0,263,304,0,304,567
08/06/2002,CMA,CA,AWP,WE,Towers with Display (VFR),0,3,33,0,36,0,2,327,0,329,0,5,360,0,365,286,0,286,651
08/07/2002,CMA,CA,AWP,WE,Towers with Display (VFR),0,3,39,0,42,0,0,310,0,310,0,3,349,0,352,354,0,354,706
08/08/2002,CMA,CA,AWP,WE,Towers with Display (VFR),0,2,49,0,51,0,6,358,0,364,0,8,407,0,415,352,0,352,767
08/09/2002,CMA,CA,AWP,WE,Towers with Display (VFR),0,2,37,0,39,0,4,370,0,374,0,6,407,0,413,368,0,368,781
08/10/2002,CMA,CA,AWP,WE,Towers with Display (VFR),0,4,23,0,27,0,0,547,0,547,0,4,570,0,574,426,0,426,1000
08/11/2002,CMA,CA,AWP,WE,Towers with Display (VFR),0,2,28,0,30,0,4,403,0,407,0,6,431,0,437,310,0,310,747
08/12/2002,CMA,CA,AWP,WE,Towers with Display (VFR),0,4,45,0,49,0,9,266,0,275,0,13,311,0,324,232,0,232,556
08/13/2002,CMA,CA,AWP,WE,Towers with Display (VFR),0,1,52,0,53,0,3,193,0,196,0,4,245,0,249,208,0,208,457
08/14/2002,CMA,CA,AWP,WE,Towers with Display (VFR),0,2,58,0,60,0,4,141,0,145,0,6,199,0,205,182,0,182,387
08/15/2002,CMA,CA,AWP,WE,Towers with Display (VFR),0,9,54,0,63,0,1,192,0,193,0,10,246,0,256,212,0,212,468
08/16/2002,CMA,CA,AWP,WE,Towers with Display (VFR),0,13,56,0,69,0,0,176,0,176,0,13,232,0,245,216,0,216,461
08/17/2002,CMA,CA,AWP,WE,Towers with Display (VFR),0,4,77,0,81,0,6,168,0,174,0,10,245,0,255,268,0,268,523
08/18/2002,CMA,CA,AWP,WE,Towers with Display (VFR),0,11,91,0,102,0,5,110,0,115,0,16,201,0,217,246,0,246,463
08/19/2002,CMA,CA,AWP,WE,Towers with Display (VFR),0,1,75,0,76,0,0,71,0,71,0,1,146,0,147,130,0,130,277
08/20/2002,CMA,CA,AWP,WE,Towers with Display (VFR),0,1,79,0,80,0,3,142,0,145,0,4,221,0,225,346,0,346,571
08/21/2002,CMA,CA,AWP,WE,Towers with Display (VFR),0,6,51,0,57,0,2,225,0,227,0,8,276,0,284,368,0,368,652
08/22/2002,CMA,CA,AWP,WE,Towers with Display (VFR),0,5,45,0,50,0,3,245,0,248,0,8,290,0,298,344,0,344,642
08/23/2002,CMA,CA,AWP,WE,Towers with Display (VFR),0,2,33,0,35,0,8,295,0,303,0,10,328,0,338,291,0,291,629
08/24/2002,CMA,CA,AWP,WE,Towers with Display (VFR),0,1,18,0,19,0,5,521,0,526,0,6,539,0,545,350,0,350,895
08/25/2002,CMA,CA,AWP,WE,Towers with Display (VFR),0,2,31,0,33,0,6,462,0,468,0,8,493,0,501,294,0,294,795
08/26/2002,CMA,CA,AWP,WE,Towers with Display (VFR),0,2,29,0,31,0,5,312,0,317,0,7,341,0,348,260,0,260,608
08/27/2002,CMA,CA,AWP,WE,Towers with Display (VFR),0,6,36,0,42,0,6,237,0,243,0,12,273,0,285,282,0,282,567
08/28/2002,CMA,CA,AWP,WE,Towers with Display (VFR),0,3,31,0,34,0,7,310,0,317,0,10,341,0,351,330,0,330,681
08/29/2002,CMA,CA,AWP,WE,Towers with Display (VFR),0,0,0,0,0,0,0,0,0,0,0,0,0,0,0,0,0,0,0
08/30/2002,CMA,CA,AWP,WE,Towers with Display (VFR),0,9,71,0,80,0,0,260,0,260,0,9,331,0,340,216,0,216,556
08/31/2002,CMA,CA,AWP,WE,Towers with Display (VFR),0,2,25,0,27,0,12,418,0,430,0,14,443,0,457,294,0,294,751
09/01/2002,CMA,CA,AWP,WE,Towers with Display (VFR),0,4,32,0,36,0,7,380,0,387,0,11,412,0,423,356,0,356,779
09/02/2002,CMA,CA,AWP,WE,Towers with Display (VFR),0,0,32,0,32,0,3,352,0,355,0,3,384,0,387,298,0,298,685
09/03/2002,CMA,CA,AWP,WE,Towers with Display (VFR),0,1,36,0,37,0,2,206,0,208,0,3,242,0,245,348,0,348,593
09/04/2002,CMA,CA,AWP,WE,Towers with Display (VFR),0,2,30,0,32,0,11,232,0,243,0,13,262,0,275,242,0,242,517
09/05/2002,CMA,CA,AWP,WE,Towers with Display (VFR),0,0,35,0,35,0,10,203,0,213,0,10,238,0,248,214,0,214,462
09/06/2002,CMA,CA,AWP,WE,Towers with Display (VFR),0,3,36,0,39,0,5,290,0,295,0,8,326,0,334,338,0,338,672
09/07/2002,CMA,CA,AWP,WE,Towers with Display (VFR),0,2,31,0,33,0,2,478,0,480,0,4,509,0,513,294,0,294,807
09/08/2002,CMA,CA,AWP,WE,Towers with Display (VFR),0,4,35,0,39,0,3,381,0,384,0,7,416,0,423,292,0,292,715
09/09/2002,CMA,CA,AWP,WE,Towers with Display (VFR),0,3,17,2,22,0,6,219,0,225,0,9,236,2,247,212,0,212,459
09/10/2002,CMA,CA,AWP,WE,Towers with Display (VFR),0,3,34,0,37,0,4,255,0,259,0,7,289,0,296,286,0,286,582
09/11/2002,CMA,CA,AWP,WE,Towers with Display (VFR),0,1,24,0,25,0,2,241,0,243,0,3,265,0,268,242,0,242,510
09/12/2002,CMA,CA,AWP,WE,Towers with Display (VFR),0,2,44,0,46,0,0,168,0,168,0,2,212,0,214,232,0,232,446
09/13/2002,CMA,CA,AWP,WE,Towers with Display (VFR),0,9,41,0,50,0,0,245,0,245,0,9,286,0,295,338,0,338,633
09/14/2002,CMA,CA,AWP,WE,Towers with Display (VFR),0,3,38,0,41,0,1,291,0,292,0,4,329,0,333,239,0,239,572
09/15/2002,CMA,CA,AWP,WE,Towers with Display (VFR),0,2,41,0,43,0,9,239,0,248,0,11,280,0,291,202,0,202,493
09/16/2002,CMA,CA,AWP,WE,Towers with Display (VFR),0,2,35,0,37,0,2,250,0,252,0,4,285,0,289,230,0,230,519
09/17/2002,CMA,CA,AWP,WE,Towers with Display (VFR),0,0,43,0,43,0,3,235,0,238,0,3,278,0,281,244,0,244,525
09/18/2002,CMA,CA,AWP,WE,Towers with Display (VFR),0,1,58,0,59,0,4,224,0,228,0,5,282,0,287,340,0,340,627
09/19/2002,CMA,CA,AWP,WE,Towers with Display (VFR),0,8,52,0,60,0,2,266,0,268,0,10,318,0,328,318,0,318,646
09/20/2002,CMA,CA,AWP,WE,Towers with Display (VFR),0,1,82,0,83,0,0,227,0,227,0,1,309,0,310,190,0,190,500
09/21/2002,CMA,CA,AWP,WE,Towers with Display (VFR),0,2,48,0,50,0,0,397,0,397,0,2,445,0,447,296,0,296,743
09/22/2002,CMA,CA,AWP,WE,Towers with Display (VFR),0,5,56,0,61,0,4,442,2,448,0,9,498,2,509,210,0,210,719
09/23/2002,CMA,CA,AWP,WE,Towers with Display (VFR),0,2,32,0,34,0,2,220,0,222,0,4,252,0,256,216,0,216,472
09/24/2002,CMA,CA,AWP,WE,Towers with Display (VFR),0,12,34,0,46,0,5,232,1,238,0,17,266,1,284,286,0,286,570
09/25/2002,CMA,CA,AWP,WE,Towers with Display (VFR),0,8,66,2,76,0,2,110,0,112,0,10,176,2,188,98,0,98,286
09/26/2002,CMA,CA,AWP,WE,Towers with Display (VFR),0,10,42,0,52,0,0,190,0,190,0,10,232,0,242,188,0,188,430
09/27/2002,CMA,CA,AWP,WE,Towers with Display (VFR),0,4,78,0,82,0,1,187,0,188,0,5,265,0,270,214,0,214,484
09/28/2002,CMA,CA,AWP,WE,Towers with Display (VFR),0,0,48,0,48,0,7,236,0,243,0,7,284,0,291,338,0,338,629
09/29/2002,CMA,CA,AWP,WE,Towers with Display (VFR),0,2,52,0,54,0,2,298,0,300,0,4,350,0,354,354,0,354,708
09/30/2002,CMA,CA,AWP,WE,Towers with Display (VFR),0,2,26,0,28,0,4,203,0,207,0,6,229,0,235,194,0,194,429
10/01/2002,CMA,CA,AWP,WE,Towers with Display (VFR),0,1,49,0,50,0,0,143,0,143,0,1,192,0,193,254,0,254,447
10/02/2002,CMA,CA,AWP,WE,Towers with Display (VFR),0,0,48,0,48,0,0,260,0,260,0,0,308,0,308,208,0,208,516
10/03/2002,CMA,CA,AWP,WE,Towers with Display (VFR),0,8,40,0,48,0,6,330,0,336,0,14,370,0,384,296,0,296,680
10/04/2002,CMA,CA,AWP,WE,Towers with Display (VFR),0,8,34,0,42,0,6,304,0,310,0,14,338,0,352,264,0,264,616
10/05/2002,CMA,CA,AWP,WE,Towers with Display (VFR),0,2,26,0,28,0,2,438,0,440,0,4,464,0,468,226,0,226,694
10/06/2002,CMA,CA,AWP,WE,Towers with Display (VFR),0,5,30,0,35,0,2,384,0,386,0,7,414,0,421,196,0,196,617
10/07/2002,CMA,CA,AWP,WE,Towers with Display (VFR),0,8,44,0,52,0,5,246,0,251,0,13,290,0,303,228,0,228,531
10/08/2002,CMA,CA,AWP,WE,Towers with Display (VFR),0,10,37,0,47,0,3,215,0,218,0,13,252,0,265,170,0,170,435
10/09/2002,CMA,CA,AWP,WE,Towers with Display (VFR),0,5,55,0,60,0,4,173,0,177,0,9,228,0,237,280,0,280,517
10/10/2002,CMA,CA,AWP,WE,Towers with Display (VFR),0,6,76,0,82,0,4,171,0,175,0,10,247,0,257,262,0,262,519
10/11/2002,CMA,CA,AWP,WE,Towers with Display (VFR),0,3,66,0,69,0,7,234,0,241,0,10,300,0,310,278,0,278,588
10/12/2002,CMA,CA,AWP,WE,Towers with Display (VFR),0,1,51,0,52,0,4,235,0,239,0,5,286,0,291,298,0,298,589
10/13/2002,CMA,CA,AWP,WE,Towers with Display (VFR),0,3,70,0,73,0,6,56,0,62,0,9,126,0,135,8,0,8,143
10/14/2002,CMA,CA,AWP,WE,Towers with Display (VFR),0,5,59,0,64,0,1,112,0,113,0,6,171,0,177,155,0,155,332
10/15/2002,CMA,CA,AWP,WE,Towers with Display (VFR),0,2,70,0,72,0,4,77,0,81,0,6,147,0,153,160,0,160,313
10/16/2002,CMA,CA,AWP,WE,Towers with Display (VFR),0,4,80,0,84,0,4,113,0,117,0,8,193,0,201,260,0,260,461
10/17/2002,CMA,CA,AWP,WE,Towers with Display (VFR),0,3,33,0,36,0,0,286,0,286,0,3,319,0,322,392,0,392,714
10/18/2002,CMA,CA,AWP,WE,Towers with Display (VFR),0,7,63,0,70,0,6,378,0,384,0,13,441,0,454,310,0,310,764
10/19/2002,CMA,CA,AWP,WE,Towers with Display (VFR),0,0,30,0,30,0,2,457,0,459,0,2,487,0,489,326,0,326,815
10/20/2002,CMA,CA,AWP,WE,Towers with Display (VFR),0,7,66,0,73,0,7,235,0,242,0,14,301,0,315,264,0,264,579
10/21/2002,CMA,CA,AWP,WE,Towers with Display (VFR),0,4,69,0,73,0,2,173,0,175,0,6,242,0,248,176,0,176,424
10/22/2002,CMA,CA,AWP,WE,Towers with Display (VFR),0,4,56,0,60,0,1,128,0,129,0,5,184,0,189,272,0,272,461
10/23/2002,CMA,CA,AWP,WE,Towers with Display (VFR),0,13,68,0,81,0,2,92,0,94,0,15,160,0,175,242,0,242,417
10/24/2002,CMA,CA,AWP,WE,Towers with Display (VFR),0,9,68,0,77,0,3,166,0,169,0,12,234,0,246,300,0,300,546
10/25/2002,CMA,CA,AWP,WE,Towers with Display (VFR),0,10,60,0,70,0,4,187,0,191,0,14,247,0,261,252,0,252,513
10/26/2002,CMA,CA,AWP,WE,Towers with Display (VFR),0,3,43,0,46,0,2,338,0,340,0,5,381,0,386,254,0,254,640
10/27/2002,CMA,CA,AWP,WE,Towers with Display (VFR),0,5,54,2,61,0,3,342,2,347,0,8,396,4,408,330,0,330,738
10/28/2002,CMA,CA,AWP,WE,Towers with Display (VFR),0,3,45,0,48,0,0,237,6,243,0,3,282,6,291,214,0,214,505
10/29/2002,CMA,CA,AWP,WE,Towers with Display (VFR),0,2,67,0,69,0,2,132,0,134,0,4,199,0,203,308,0,308,511
10/30/2002,CMA,CA,AWP,WE,Towers with Display (VFR),0,2,53,0,55,0,4,242,0,246,0,6,295,0,301,350,0,350,651
10/31/2002,CMA,CA,AWP,WE,Towers with Display (VFR),0,7,77,0,84,0,5,157,0,162,0,12,234,0,246,240,0,240,486
11/01/2002,CMA,CA,AWP,WE,Towers with Display (VFR),0,6,31,0,37,0,0,355,0,355,0,6,386,0,392,254,0,254,646
11/02/2002,CMA,CA,AWP,WE,Towers with Display (VFR),0,0,30,0,30,0,4,396,0,400,0,4,426,0,430,268,0,268,698
11/03/2002,CMA,CA,AWP,WE,Towers with Display (VFR),0,4,41,0,45,0,3,458,0,461,0,7,499,0,506,334,0,334,840
11/04/2002,CMA,CA,AWP,WE,Towers with Display (VFR),0,2,14,0,16,0,1,291,0,292,0,3,305,0,308,214,0,214,522
11/05/2002,CMA,CA,AWP,WE,Towers with Display (VFR),0,2,22,0,24,0,5,242,0,247,0,7,264,0,271,294,0,294,565
11/06/2002,CMA,CA,AWP,WE,Towers with Display (VFR),0,2,38,0,40,0,5,279,0,284,0,7,317,0,324,294,0,294,618
11/07/2002,CMA,CA,AWP,WE,Towers with Display (VFR),0,3,39,0,42,0,0,125,0,125,0,3,164,0,167,210,0,210,377
11/08/2002,CMA,CA,AWP,WE,Towers with Display (VFR),0,2,31,0,33,0,0,1,0,1,0,2,32,0,34,14,0,14,48
11/09/2002,CMA,CA,AWP,WE,Towers with Display (VFR),0,0,13,0,13,0,0,0,0,0,0,0,13,0,13,0,0,0,13
11/10/2002,CMA,CA,AWP,WE,Towers with Display (VFR),0,4,62,0,66,0,0,424,0,424,0,4,486,0,490,372,0,372,862
11/11/2002,CMA,CA,AWP,WE,Towers with Display (VFR),0,2,25,0,27,0,0,286,0,286,0,2,311,0,313,258,0,258,571
11/12/2002,CMA,CA,AWP,WE,Towers with Display (VFR),0,3,30,0,33,0,3,253,0,256,0,6,283,0,289,218,0,218,507
11/13/2002,CMA,CA,AWP,WE,Towers with Display (VFR),0,3,34,0,37,0,4,382,0,386,0,7,416,0,423,322,0,322,745
11/14/2002,CMA,CA,AWP,WE,Towers with Display (VFR),0,5,43,0,48,0,4,338,0,342,0,9,381,0,390,304,0,304,694
11/15/2002,CMA,CA,AWP,WE,Towers with Display (VFR),0,6,36,0,42,0,5,236,0,241,0,11,272,0,283,188,0,188,471
11/16/2002,CMA,CA,AWP,WE,Towers with Display (VFR),0,0,31,0,31,0,2,506,0,508,0,2,537,0,539,454,0,454,993
11/17/2002,CMA,CA,AWP,WE,Towers with Display (VFR),0,4,45,0,49,0,3,463,0,466,0,7,508,0,515,284,0,284,799
11/18/2002,CMA,CA,AWP,WE,Towers with Display (VFR),0,5,28,0,33,0,3,176,0,179,0,8,204,0,212,174,0,174,386
11/19/2002,CMA,CA,AWP,WE,Towers with Display (VFR),0,6,35,0,41,0,8,174,0,182,0,14,209,0,223,94,0,94,317
11/20/2002,CMA,CA,AWP,WE,Towers with Display (VFR),0,11,16,0,27,0,4,217,0,221,0,15,233,0,248,174,0,174,422
11/21/2002,CMA,CA,AWP,WE,Towers with Display (VFR),0,2,39,0,41,0,5,377,0,382,0,7,416,0,423,346,0,346,769
11/22/2002,CMA,CA,AWP,WE,Towers with Display (VFR),0,9,51,0,60,0,6,328,0,334,0,15,379,0,394,372,0,372,766
11/23/2002,CMA,CA,AWP,WE,Towers with Display (VFR),0,2,35,0,37,0,4,351,0,355,0,6,386,0,392,310,0,310,702
11/24/2002,CMA,CA,AWP,WE,Towers with Display (VFR),0,5,52,0,57,0,7,468,0,475,0,12,520,0,532,318,0,318,850
11/25/2002,CMA,CA,AWP,WE,Towers with Display (VFR),0,1,15,0,16,0,2,56,0,58,0,3,71,0,74,30,0,30,104
11/26/2002,CMA,CA,AWP,WE,Towers with Display (VFR),0,4,26,1,31,0,4,165,0,169,0,8,191,1,200,102,0,102,302
11/27/2002,CMA,CA,AWP,WE,Towers with Display (VFR),0,1,18,0,19,0,2,209,0,211,0,3,227,0,230,180,0,180,410
11/28/2002,CMA,CA,AWP,WE,Towers with Display (VFR),0,0,8,0,8,0,0,127,0,127,0,0,135,0,135,66,0,66,201
11/29/2002,CMA,CA,AWP,WE,Towers with Display (VFR),0,2,40,0,42,0,2,327,0,329,0,4,367,0,371,350,0,350,721
11/30/2002,CMA,CA,AWP,WE,Towers with Display (VFR),0,4,29,0,33,0,0,288,0,288,0,4,317,0,321,274,0,274,595
12/01/2002,CMA,CA,AWP,WE,Towers with Display (VFR),0,5,56,0,61,0,5,490,0,495,0,10,546,0,556,372,0,372,928
12/02/2002,CMA,CA,AWP,WE,Towers with Display (VFR),0,7,29,0,36,0,2,218,0,220,0,9,247,0,256,138,0,138,394
12/03/2002,CMA,CA,AWP,WE,Towers with Display (VFR),0,6,38,0,44,0,6,230,0,236,0,12,268,0,280,282,0,282,562
12/04/2002,CMA,CA,AWP,WE,Towers with Display (VFR),0,6,36,0,42,0,3,300,0,303,0,9,336,0,345,258,0,258,603
12/05/2002,CMA,CA,AWP,WE,Towers with Display (VFR),0,0,46,0,46,0,4,329,0,333,0,4,375,0,379,270,0,270,649
12/06/2002,CMA,CA,AWP,WE,Towers with Display (VFR),0,5,47,0,52,0,9,288,0,297,0,14,335,0,349,202,0,202,551
12/07/2002,CMA,CA,AWP,WE,Towers with Display (VFR),0,2,51,0,53,0,0,373,0,373,0,2,424,0,426,286,0,286,712
12/08/2002,CMA,CA,AWP,WE,Towers with Display (VFR),0,9,61,0,70,0,3,352,0,355,0,12,413,0,425,172,0,172,597
12/09/2002,CMA,CA,AWP,WE,Towers with Display (VFR),0,3,44,0,47,0,5,215,0,220,0,8,259,0,267,228,0,228,495
12/10/2002,CMA,CA,AWP,WE,Towers with Display (VFR),0,4,25,0,29,0,3,203,0,206,0,7,228,0,235,238,0,238,473
12/11/2002,CMA,CA,AWP,WE,Towers with Display (VFR),0,3,29,0,32,0,8,288,0,296,0,11,317,0,328,232,0,232,560
12/12/2002,CMA,CA,AWP,WE,Towers with Display (VFR),0,4,37,1,42,0,2,343,1,346,0,6,380,2,388,226,0,226,614
12/13/2002,CMA,CA,AWP,WE,Towers with Display (VFR),0,5,41,0,46,0,5,320,0,325,0,10,361,0,371,284,0,284,655
12/14/2002,CMA,CA,AWP,WE,Towers with Display (VFR),0,0,21,0,21,0,3,371,0,374,0,3,392,0,395,302,0,302,697
12/15/2002,CMA,CA,AWP,WE,Towers with Display (VFR),0,5,37,0,42,0,0,217,0,217,0,5,254,0,259,304,0,304,563
12/16/2002,CMA,CA,AWP,WE,Towers with Display (VFR),0,3,18,0,21,0,0,19,0,19,0,3,37,0,40,3,0,3,43
12/17/2002,CMA,CA,AWP,WE,Towers with Display (VFR),0,4,37,0,41,0,6,140,0,146,0,10,177,0,187,172,0,172,359
12/18/2002,CMA,CA,AWP,WE,Towers with Display (VFR),0,3,48,0,51,0,5,419,0,424,0,8,467,0,475,298,0,298,773
12/19/2002,CMA,CA,AWP,WE,Towers with Display (VFR),0,2,44,0,46,0,1,250,0,251,0,3,294,0,297,240,0,240,537
12/20/2002,CMA,CA,AWP,WE,Towers with Display (VFR),0,1,36,0,37,0,5,239,0,244,0,6,275,0,281,262,0,262,543
12/21/2002,CMA,CA,AWP,WE,Towers with Display (VFR),0,2,45,0,47,0,2,144,0,146,0,4,189,0,193,194,0,194,387
12/22/2002,CMA,CA,AWP,WE,Towers with Display (VFR),0,0,20,0,20,0,2,272,0,274,0,2,292,0,294,238,0,238,532
12/23/2002,CMA,CA,AWP,WE,Towers with Display (VFR),0,2,24,0,26,0,3,311,0,314,0,5,335,0,340,240,0,240,580
12/24/2002,CMA,CA,AWP,WE,Towers with Display (VFR),0,2,17,0,19,0,8,295,0,303,0,10,312,0,322,370,0,370,692
12/25/2002,CMA,CA,AWP,WE,Towers with Display (VFR),0,0,8,0,8,0,0,99,2,101,0,0,107,2,109,48,0,48,157
12/26/2002,CMA,CA,AWP,WE,Towers with Display (VFR),0,2,29,0,31,0,3,329,0,332,0,5,358,0,363,258,0,258,621
12/27/2002,CMA,CA,AWP,WE,Towers with Display (VFR),0,4,28,0,32,0,0,352,0,352,0,4,380,0,384,292,0,292,676
12/28/2002,CMA,CA,AWP,WE,Towers with Display (VFR),0,2,62,0,64,0,4,349,0,353,0,6,411,0,417,224,0,224,641
12/29/2002,CMA,CA,AWP,WE,Towers with Display (VFR),0,3,26,0,29,0,1,312,0,313,0,4,338,0,342,210,0,210,552
12/30/2002,CMA,CA,AWP,WE,Towers with Display (VFR),0,11,37,0,48,0,6,284,0,290,0,17,321,0,338,200,0,200,538
12/31/2002,CMA,CA,AWP,WE,Towers with Display (VFR),0,1,46,0,47,0,3,166,0,169,0,4,212,0,216,222,0,222,438
01/01/2003,CMA,CA,AWP,WE,Towers with Display (VFR),0,3,13,0,16,0,1,193,0,194,0,4,206,0,210,268,0,268,478
01/02/2003,CMA,CA,AWP,WE,Towers with Display (VFR),0,1,33,0,34,0,2,331,0,333,0,3,364,0,367,348,0,348,715
01/03/2003,CMA,CA,AWP,WE,Towers with Display (VFR),0,0,31,0,31,0,2,333,0,335,0,2,364,0,366,324,0,324,690
01/04/2003,CMA,CA,AWP,WE,Towers with Display (VFR),0,1,31,0,32,0,7,587,0,594,0,8,618,0,626,280,0,280,906
01/05/2003,CMA,CA,AWP,WE,Towers with Display (VFR),0,3,46,0,49,0,4,353,0,357,0,7,399,0,406,200,0,200,606
01/06/2003,CMA,CA,AWP,WE,Towers with Display (VFR),0,2,14,0,16,0,2,46,0,48,0,4,60,0,64,2,0,2,66
01/07/2003,CMA,CA,AWP,WE,Towers with Display (VFR),0,3,8,0,11,0,1,55,0,56,0,4,63,0,67,20,0,20,87
01/08/2003,CMA,CA,AWP,WE,Towers with Display (VFR),0,2,26,0,28,0,2,242,0,244,0,4,268,0,272,298,0,298,570
01/09/2003,CMA,CA,AWP,WE,Towers with Display (VFR),0,9,50,0,59,0,2,228,0,230,0,11,278,0,289,250,0,250,539
01/10/2003,CMA,CA,AWP,WE,Towers with Display (VFR),0,2,53,0,55,0,0,176,0,176,0,2,229,0,231,150,0,150,381
01/11/2003,CMA,CA,AWP,WE,Towers with Display (VFR),0,2,43,0,45,0,2,373,0,375,0,4,416,0,420,360,0,360,780
01/12/2003,CMA,CA,AWP,WE,Towers with Display (VFR),0,2,79,0,81,0,0,215,0,215,0,2,294,0,296,140,0,140,436
01/13/2003,CMA,CA,AWP,WE,Towers with Display (VFR),0,2,27,0,29,0,6,232,0,238,0,8,259,0,267,246,0,246,513
01/14/2003,CMA,CA,AWP,WE,Towers with Display (VFR),0,7,50,0,57,0,7,310,0,317,0,14,360,0,374,402,0,402,776
01/15/2003,CMA,CA,AWP,WE,Towers with Display (VFR),0,3,29,0,32,0,5,188,0,193,0,8,217,0,225,68,0,68,293
01/16/2003,CMA,CA,AWP,WE,Towers with Display (VFR),0,3,28,0,31,0,2,274,0,276,0,5,302,0,307,188,0,188,495
01/17/2003,CMA,CA,AWP,WE,Towers with Display (VFR),0,5,31,0,36,0,1,339,0,340,0,6,370,0,376,286,0,286,662
01/18/2003,CMA,CA,AWP,WE,Towers with Display (VFR),0,3,44,0,47,0,4,436,0,440,0,7,480,0,487,256,0,256,743
01/19/2003,CMA,CA,AWP,WE,Towers with Display (VFR),0,0,51,0,51,0,0,314,0,314,0,0,365,0,365,206,0,206,571
01/20/2003,CMA,CA,AWP,WE,Towers with Display (VFR),0,2,56,0,58,0,0,231,0,231,0,2,287,0,289,212,0,212,501
01/21/2003,CMA,CA,AWP,WE,Towers with Display (VFR),0,4,59,0,63,0,3,310,0,313,0,7,369,0,376,224,0,224,600
01/22/2003,CMA,CA,AWP,WE,Towers with Display (VFR),0,4,66,0,70,0,4,232,0,236,0,8,298,0,306,328,0,328,634
01/23/2003,CMA,CA,AWP,WE,Towers with Display (VFR),0,13,49,0,62,0,5,336,0,341,0,18,385,0,403,330,0,330,733
01/24/2003,CMA,CA,AWP,WE,Towers with Display (VFR),0,5,45,0,50,0,8,357,0,365,0,13,402,0,415,348,0,348,763
01/25/2003,CMA,CA,AWP,WE,Towers with Display (VFR),0,2,40,0,42,0,3,428,0,431,0,5,468,0,473,298,0,298,771
01/26/2003,CMA,CA,AWP,WE,Towers with Display (VFR),0,4,40,0,44,0,4,343,0,347,0,8,383,0,391,190,0,190,581
01/27/2003,CMA,CA,AWP,WE,Towers with Display (VFR),0,6,40,0,46,0,1,243,0,244,0,7,283,0,290,328,0,328,618
01/28/2003,CMA,CA,AWP,WE,Towers with Display (VFR),0,2,51,0,53,0,2,254,0,256,0,4,305,0,309,256,0,256,565
01/29/2003,CMA,CA,AWP,WE,Towers with Display (VFR),0,6,42,0,48,0,5,329,0,334,0,11,371,0,382,358,0,358,740
01/30/2003,CMA,CA,AWP,WE,Towers with Display (VFR),0,14,34,0,48,0,0,315,0,315,0,14,349,0,363,296,0,296,659
01/31/2003,CMA,CA,AWP,WE,Towers with Display (VFR),0,3,41,0,44,0,6,398,0,404,0,9,439,0,448,306,0,306,754
02/01/2003,CMA,CA,AWP,WE,Towers with Display (VFR),0,1,28,0,29,0,6,516,0,522,0,7,544,0,551,278,0,278,829
02/02/2003,CMA,CA,AWP,WE,Towers with Display (VFR),0,4,31,0,35,0,0,294,0,294,0,4,325,0,329,188,0,188,517
02/03/2003,CMA,CA,AWP,WE,Towers with Display (VFR),0,3,16,0,19,0,4,156,0,160,0,7,172,0,179,178,0,178,357
02/04/2003,CMA,CA,AWP,WE,Towers with Display (VFR),0,3,33,0,36,0,4,304,0,308,0,7,337,0,344,284,0,284,628
02/05/2003,CMA,CA,AWP,WE,Towers with Display (VFR),0,3,23,0,26,0,0,113,0,113,0,3,136,0,139,24,0,24,163
02/06/2003,CMA,CA,AWP,WE,Towers with Display (VFR),0,4,31,0,35,0,0,260,0,260,0,4,291,0,295,304,0,304,599
02/07/2003,CMA,CA,AWP,WE,Towers with Display (VFR),0,2,29,0,31,0,7,187,0,194,0,9,216,0,225,150,0,150,375
02/08/2003,CMA,CA,AWP,WE,Towers with Display (VFR),0,0,40,0,40,0,3,410,0,413,0,3,450,0,453,270,0,270,723
02/09/2003,CMA,CA,AWP,WE,Towers with Display (VFR),0,6,38,0,44,0,0,383,0,383,0,6,421,0,427,300,0,300,727
02/10/2003,CMA,CA,AWP,WE,Towers with Display (VFR),0,2,36,0,38,0,2,322,0,324,0,4,358,0,362,244,0,244,606
02/11/2003,CMA,CA,AWP,WE,Towers with Display (VFR),0,5,29,0,34,0,1,67,0,68,0,6,96,0,102,60,0,60,162
02/12/2003,CMA,CA,AWP,WE,Towers with Display (VFR),0,1,25,0,26,0,0,17,0,17,0,1,42,0,43,24,0,24,67
02/13/2003,CMA,CA,AWP,WE,Towers with Display (VFR),0,6,55,0,61,0,0,159,0,159,0,6,214,0,220,208,0,208,428
02/14/2003,CMA,CA,AWP,WE,Towers with Display (VFR),0,9,32,0,41,0,2,316,0,318,0,11,348,0,359,288,0,288,647
02/15/2003,CMA,CA,AWP,WE,Towers with Display (VFR),0,4,95,0,99,0,0,162,0,162,0,4,257,0,261,280,0,280,541
02/16/2003,CMA,CA,AWP,WE,Towers with Display (VFR),0,3,49,0,52,0,2,197,0,199,0,5,246,0,251,200,0,200,451
02/17/2003,CMA,CA,AWP,WE,Towers with Display (VFR),0,1,44,0,45,0,7,234,0,241,0,8,278,0,286,252,0,252,538
02/18/2003,CMA,CA,AWP,WE,Towers with Display (VFR),0,3,45,0,48,0,1,247,0,248,0,4,292,0,296,276,0,276,572
02/19/2003,CMA,CA,AWP,WE,Towers with Display (VFR),0,5,36,0,41,0,0,279,0,279,0,5,315,0,320,282,0,282,602
02/20/2003,CMA,CA,AWP,WE,Towers with Display (VFR),0,5,34,0,39,0,1,214,0,215,0,6,248,0,254,248,0,248,502
02/21/2003,CMA,CA,AWP,WE,Towers with Display (VFR),0,2,38,0,40,0,4,444,0,448,0,6,482,0,488,256,0,256,744
02/22/2003,CMA,CA,AWP,WE,Towers with Display (VFR),0,2,31,0,33,0,3,402,0,405,0,5,433,0,438,206,0,206,644
02/23/2003,CMA,CA,AWP,WE,Towers with Display (VFR),0,5,84,0,89,0,4,229,0,233,0,9,313,0,322,310,0,310,632
02/24/2003,CMA,CA,AWP,WE,Towers with Display (VFR),0,3,26,0,29,0,1,130,0,131,0,4,156,0,160,192,0,192,352
02/25/2003,CMA,CA,AWP,WE,Towers with Display (VFR),0,1,37,0,38,0,2,170,0,172,0,3,207,0,210,172,0,172,382
02/26/2003,CMA,CA,AWP,WE,Towers with Display (VFR),0,2,51,0,53,0,0,158,0,158,0,2,209,0,211,300,0,300,511
02/27/2003,CMA,CA,AWP,WE,Towers with Display (VFR),0,6,49,0,55,0,3,211,0,214,0,9,260,0,269,320,0,320,589
02/28/2003,CMA,CA,AWP,WE,Towers with Display (VFR),0,2,47,0,49,0,2,280,0,282,0,4,327,0,331,256,0,256,587
03/01/2003,CMA,CA,AWP,WE,Towers with Display (VFR),0,5,40,0,45,0,0,457,0,457,0,5,497,0,502,290,0,290,792
03/02/2003,CMA,CA,AWP,WE,Towers with Display (VFR),0,1,32,0,33,0,1,336,0,337,0,2,368,0,370,142,0,142,512
03/03/2003,CMA,CA,AWP,WE,Towers with Display (VFR),0,3,24,0,27,0,0,204,0,204,0,3,228,0,231,256,0,256,487
03/04/2003,CMA,CA,AWP,WE,Towers with Display (VFR),0,5,48,0,53,0,6,140,0,146,0,11,188,0,199,200,0,200,399
03/05/2003,CMA,CA,AWP,WE,Towers with Display (VFR),0,2,28,0,30,0,1,245,0,246,0,3,273,0,276,274,0,274,550
03/06/2003,CMA,CA,AWP,WE,Towers with Display (VFR),0,5,39,0,44,0,2,292,0,294,0,7,331,0,338,212,0,212,550
03/07/2003,CMA,CA,AWP,WE,Towers with Display (VFR),0,6,34,0,40,0,4,295,0,299,0,10,329,0,339,249,0,249,588
03/08/2003,CMA,CA,AWP,WE,Towers with Display (VFR),0,3,40,0,43,0,4,383,0,387,0,7,423,0,430,220,0,220,650
03/09/2003,CMA,CA,AWP,WE,Towers with Display (VFR),0,4,49,0,53,0,1,498,0,499,0,5,547,0,552,205,0,205,757
03/10/2003,CMA,CA,AWP,WE,Towers with Display (VFR),0,0,27,0,27,0,0,210,0,210,0,0,237,0,237,202,0,202,439
03/11/2003,CMA,CA,AWP,WE,Towers with Display (VFR),0,8,45,0,53,1,3,323,0,327,1,11,368,0,380,350,0,350,730
03/12/2003,CMA,CA,AWP,WE,Towers with Display (VFR),0,4,40,0,44,0,4,255,0,259,0,8,295,0,303,246,0,246,549
03/13/2003,CMA,CA,AWP,WE,Towers with Display (VFR),0,3,84,0,87,0,2,108,0,110,0,5,192,0,197,142,0,142,339
03/14/2003,CMA,CA,AWP,WE,Towers with Display (VFR),0,8,69,0,77,0,2,230,0,232,0,10,299,0,309,234,0,234,543
03/15/2003,CMA,CA,AWP,WE,Towers with Display (VFR),0,1,11,0,12,0,8,0,0,8,0,9,11,0,20,0,0,0,20
03/16/2003,CMA,CA,AWP,WE,Towers with Display (VFR),0,4,38,0,42,0,1,246,0,247,0,5,284,0,289,230,0,230,519
03/17/2003,CMA,CA,AWP,WE,Towers with Display (VFR),0,0,22,0,22,0,1,128,0,129,0,1,150,0,151,86,0,86,237
03/18/2003,CMA,CA,AWP,WE,Towers with Display (VFR),0,2,24,0,26,0,1,211,0,212,0,3,235,0,238,196,0,196,434
03/19/2003,CMA,CA,AWP,WE,Towers with Display (VFR),0,5,40,0,45,0,1,301,0,302,0,6,341,0,347,272,0,272,619
03/20/2003,CMA,CA,AWP,WE,Towers with Display (VFR),0,3,43,0,46,0,3,228,0,231,0,6,271,0,277,292,0,292,569
03/21/2003,CMA,CA,AWP,WE,Towers with Display (VFR),0,4,29,0,33,0,1,280,0,281,0,5,309,0,314,321,0,321,635
03/22/2003,CMA,CA,AWP,WE,Towers with Display (VFR),0,2,29,0,31,0,5,425,0,430,0,7,454,0,461,286,0,286,747
03/23/2003,CMA,CA,AWP,WE,Towers with Display (VFR),0,4,44,0,48,0,6,360,0,366,0,10,404,0,414,312,0,312,726
03/24/2003,CMA,CA,AWP,WE,Towers with Display (VFR),0,7,60,0,67,0,0,139,0,139,0,7,199,0,206,254,0,254,460
03/25/2003,CMA,CA,AWP,WE,Towers with Display (VFR),0,9,44,0,53,0,1,261,0,262,0,10,305,0,315,248,0,248,563
03/26/2003,CMA,CA,AWP,WE,Towers with Display (VFR),0,2,42,0,44,0,7,273,0,280,0,9,315,0,324,344,0,344,668
03/27/2003,CMA,CA,AWP,WE,Towers with Display (VFR),0,6,31,0,37,0,1,241,0,242,0,7,272,0,279,330,0,330,609
03/28/2003,CMA,CA,AWP,WE,Towers with Display (VFR),0,7,18,0,25,0,0,146,0,146,0,7,164,0,171,58,0,58,229
03/29/2003,CMA,CA,AWP,WE,Towers with Display (VFR),0,4,17,0,21,0,1,152,0,153,0,5,169,0,174,70,0,70,244
03/30/2003,CMA,CA,AWP,WE,Towers with Display (VFR),0,8,33,0,41,0,3,282,0,285,0,11,315,0,326,142,0,142,468
03/31/2003,CMA,CA,AWP,WE,Towers with Display (VFR),0,3,16,0,19,0,3,272,0,275,0,6,288,0,294,306,0,306,600
04/01/2003,CMA,CA,AWP,WE,Towers with Display (VFR),0,1,37,0,38,0,5,185,0,190,0,6,222,0,228,260,0,260,488
04/02/2003,CMA,CA,AWP,WE,Towers with Display (VFR),0,12,24,0,36,0,3,137,0,140,0,15,161,0,176,158,0,158,334
04/03/2003,CMA,CA,AWP,WE,Towers with Display (VFR),0,9,44,0,53,0,15,281,0,296,0,24,325,0,349,188,0,188,537
04/04/2003,CMA,CA,AWP,WE,Towers with Display (VFR),0,4,25,0,29,0,4,199,0,203,0,8,224,0,232,202,0,202,434
04/05/2003,CMA,CA,AWP,WE,Towers with Display (VFR),0,0,20,0,20,0,0,267,0,267,0,0,287,0,287,200,0,200,487
04/06/2003,CMA,CA,AWP,WE,Towers with Display (VFR),0,2,34,0,36,0,2,403,0,405,0,4,437,0,441,328,0,328,769
04/07/2003,CMA,CA,AWP,WE,Towers with Display (VFR),0,2,30,0,32,0,0,176,0,176,0,2,206,0,208,148,0,148,356
04/08/2003,CMA,CA,AWP,WE,Towers with Display (VFR),0,3,39,0,42,0,5,276,0,281,0,8,315,0,323,198,0,198,521
04/09/2003,CMA,CA,AWP,WE,Towers with Display (VFR),0,7,41,0,48,0,1,286,0,287,0,8,327,0,335,250,0,250,585
04/10/2003,CMA,CA,AWP,WE,Towers with Display (VFR),0,8,50,0,58,0,1,337,0,338,0,9,387,0,396,338,0,338,734
04/11/2003,CMA,CA,AWP,WE,Towers with Display (VFR),0,3,79,0,82,0,11,287,0,298,0,14,366,0,380,238,0,238,618
04/12/2003,CMA,CA,AWP,WE,Towers with Display (VFR),0,2,58,0,60,0,1,286,0,287,0,3,344,0,347,166,0,166,513
04/13/2003,CMA,CA,AWP,WE,Towers with Display (VFR),0,7,47,0,54,0,0,70,0,70,0,7,117,0,124,60,0,60,184
04/14/2003,CMA,CA,AWP,WE,Towers with Display (VFR),0,2,44,0,46,0,0,101,2,103,0,2,145,2,149,194,0,194,343
04/15/2003,CMA,CA,AWP,WE,Towers with Display (VFR),0,4,19,0,23,0,1,289,0,290,0,5,308,0,313,228,0,228,541
04/16/2003,CMA,CA,AWP,WE,Towers with Display (VFR),0,4,43,0,47,0,2,297,0,299,0,6,340,0,346,262,0,262,608
04/17/2003,CMA,CA,AWP,WE,Towers with Display (VFR),0,8,48,0,56,0,3,192,2,197,0,11,240,2,253,266,0,266,519
04/18/2003,CMA,CA,AWP,WE,Towers with Display (VFR),0,3,48,0,51,0,1,295,0,296,0,4,343,0,347,222,0,222,569
04/19/2003,CMA,CA,AWP,WE,Towers with Display (VFR),0,2,20,0,22,0,3,452,0,455,0,5,472,0,477,226,0,226,703
04/20/2003,CMA,CA,AWP,WE,Towers with Display (VFR),0,6,30,0,36,0,3,262,0,265,0,9,292,0,301,300,0,300,601
04/21/2003,CMA,CA,AWP,WE,Towers with Display (VFR),0,4,31,0,35,0,2,112,0,114,0,6,143,0,149,110,0,110,259
04/22/2003,CMA,CA,AWP,WE,Towers with Display (VFR),0,2,48,0,50,0,0,183,0,183,0,2,231,0,233,180,0,180,413
04/23/2003,CMA,CA,AWP,WE,Towers with Display (VFR),0,5,32,0,37,0,1,214,0,215,0,6,246,0,252,340,0,340,592
04/24/2003,CMA,CA,AWP,WE,Towers with Display (VFR),0,8,45,0,53,0,3,224,9,236,0,11,269,9,289,300,0,300,589
04/25/2003,CMA,CA,AWP,WE,Towers with Display (VFR),0,5,47,0,52,0,2,247,0,249,0,7,294,0,301,212,0,212,513
04/26/2003,CMA,CA,AWP,WE,Towers with Display (VFR),0,1,33,0,34,0,5,428,0,433,0,6,461,0,467,150,0,150,617
04/27/2003,CMA,CA,AWP,WE,Towers with Display (VFR),0,10,41,0,51,0,3,329,0,332,0,13,370,0,383,190,0,190,573
04/28/2003,CMA,CA,AWP,WE,Towers with Display (VFR),0,6,64,0,70,0,1,108,0,109,0,7,172,0,179,60,0,60,239
04/29/2003,CMA,CA,AWP,WE,Towers with Display (VFR),0,2,43,0,45,0,5,267,0,272,0,7,310,0,317,182,0,182,499
04/30/2003,CMA,CA,AWP,WE,Towers with Display (VFR),0,3,28,1,32,0,5,272,0,277,0,8,300,1,309,308,0,308,617
05/01/2003,CMA,CA,AWP,WE,Towers with Display (VFR),0,5,32,0,37,0,1,281,0,282,0,6,313,0,319,360,0,360,679
05/02/2003,CMA,CA,AWP,WE,Towers with Display (VFR),0,3,54,0,57,0,3,110,9,122,0,6,164,9,179,130,0,130,309
05/03/2003,CMA,CA,AWP,WE,Towers with Display (VFR),0,4,47,0,51,0,0,67,0,67,0,4,114,0,118,84,0,84,202
05/04/2003,CMA,CA,AWP,WE,Towers with Display (VFR),0,10,56,0,66,0,3,341,0,344,0,13,397,0,410,250,0,250,660
05/05/2003,CMA,CA,AWP,WE,Towers with Display (VFR),0,2,30,0,32,0,1,203,0,204,0,3,233,0,236,194,0,194,430
05/06/2003,CMA,CA,AWP,WE,Towers with Display (VFR),0,2,37,0,39,0,6,199,0,205,0,8,236,0,244,300,0,300,544
05/07/2003,CMA,CA,AWP,WE,Towers with Display (VFR),0,3,87,0,90,0,8,148,0,156,0,11,235,0,246,180,0,180,426
05/08/2003,CMA,CA,AWP,WE,Towers with Display (VFR),0,9,51,0,60,0,0,172,0,172,0,9,223,0,232,164,0,164,396
05/09/2003,CMA,CA,AWP,WE,Towers with Display (VFR),0,6,27,0,33,0,3,264,0,267,0,9,291,0,300,224,0,224,524
05/10/2003,CMA,CA,AWP,WE,Towers with Display (VFR),0,3,34,0,37,0,4,472,0,476,0,7,506,0,513,254,0,254,767
05/11/2003,CMA,CA,AWP,WE,Towers with Display (VFR),0,4,13,0,17,0,2,358,0,360,0,6,371,0,377,290,0,290,667
05/12/2003,CMA,CA,AWP,WE,Towers with Display (VFR),0,1,17,0,18,0,5,243,0,248,0,6,260,0,266,226,0,226,492
05/13/2003,CMA,CA,AWP,WE,Towers with Display (VFR),0,6,34,0,40,0,1,199,0,200,0,7,233,0,240,250,0,250,490
05/14/2003,CMA,CA,AWP,WE,Towers with Display (VFR),0,0,57,0,57,0,0,122,0,122,0,0,179,0,179,206,0,206,385
05/15/2003,CMA,CA,AWP,WE,Towers with Display (VFR),0,6,0,0,6,0,7,385,0,392,0,13,385,0,398,318,0,318,716
05/16/2003,CMA,CA,AWP,WE,Towers with Display (VFR),0,6,52,0,58,0,8,298,0,306,0,14,350,0,364,168,0,168,532
05/17/2003,CMA,CA,AWP,WE,Towers with Display (VFR),0,4,36,0,40,0,4,326,0,330,0,8,362,0,370,290,0,290,660
05/18/2003,CMA,CA,AWP,WE,Towers with Display (VFR),0,6,35,0,41,0,6,309,0,315,0,12,344,0,356,294,0,294,650
05/19/2003,CMA,CA,AWP,WE,Towers with Display (VFR),0,3,47,2,52,0,3,266,0,269,0,6,313,2,321,336,0,336,657
05/20/2003,CMA,CA,AWP,WE,Towers with Display (VFR),0,7,40,0,47,0,6,180,0,186,0,13,220,0,233,196,0,196,429
05/21/2003,CMA,CA,AWP,WE,Towers with Display (VFR),0,5,20,0,25,0,6,247,0,253,0,11,267,0,278,262,0,262,540
05/22/2003,CMA,CA,AWP,WE,Towers with Display (VFR),0,2,38,0,40,0,0,283,0,283,0,2,321,0,323,288,0,288,611
05/23/2003,CMA,CA,AWP,WE,Towers with Display (VFR),0,10,98,0,108,0,1,124,0,125,0,11,222,0,233,208,0,208,441
05/24/2003,CMA,CA,AWP,WE,Towers with Display (VFR),0,4,90,0,94,0,4,106,0,110,0,8,196,0,204,108,0,108,312
05/25/2003,CMA,CA,AWP,WE,Towers with Display (VFR),0,4,45,0,49,0,1,138,0,139,0,5,183,0,188,226,0,226,414
05/26/2003,CMA,CA,AWP,WE,Towers with Display (VFR),0,2,39,0,41,0,0,316,0,316,0,2,355,0,357,288,0,288,645
05/27/2003,CMA,CA,AWP,WE,Towers with Display (VFR),0,8,37,0,45,0,6,201,0,207,0,14,238,0,252,280,0,280,532
05/28/2003,CMA,CA,AWP,WE,Towers with Display (VFR),0,5,41,0,46,0,1,255,0,256,0,6,296,0,302,238,0,238,540
05/29/2003,CMA,CA,AWP,WE,Towers with Display (VFR),0,10,67,0,77,0,0,208,0,208,0,10,275,0,285,164,0,164,449
05/30/2003,CMA,CA,AWP,WE,Towers with Display (VFR),0,6,51,0,57,0,7,189,0,196,0,13,240,0,253,302,0,302,555
05/31/2003,CMA,CA,AWP,WE,Towers with Display (VFR),0,5,77,0,82,0,2,223,0,225,0,7,300,0,307,176,0,176,483
06/01/2003,CMA,CA,AWP,WE,Towers with Display (VFR),0,5,52,0,57,0,5,204,0,209,0,10,256,0,266,140,0,140,406
06/02/2003,CMA,CA,AWP,WE,Towers with Display (VFR),0,7,53,0,60,0,3,126,0,129,0,10,179,0,189,200,0,200,389
06/03/2003,CMA,CA,AWP,WE,Towers with Display (VFR),0,0,60,0,60,0,3,97,0,100,0,3,157,0,160,252,0,252,412
06/04/2003,CMA,CA,AWP,WE,Towers with Display (VFR),0,5,63,0,68,0,2,147,0,149,0,7,210,0,217,256,0,256,473
06/05/2003,CMA,CA,AWP,WE,Towers with Display (VFR),0,6,94,0,100,0,0,69,4,73,0,6,163,4,173,84,0,84,257
06/06/2003,CMA,CA,AWP,WE,Towers with Display (VFR),0,3,105,0,108,0,3,106,0,109,0,6,211,0,217,218,0,218,435
06/07/2003,CMA,CA,AWP,WE,Towers with Display (VFR),0,3,109,0,112,0,0,161,0,161,0,3,270,0,273,184,0,184,457
06/08/2003,CMA,CA,AWP,WE,Towers with Display (VFR),0,5,92,0,97,0,3,76,0,79,0,8,168,0,176,224,0,224,400
06/09/2003,CMA,CA,AWP,WE,Towers with Display (VFR),0,3,89,0,92,0,4,173,0,177,0,7,262,0,269,142,0,142,411
06/10/2003,CMA,CA,AWP,WE,Towers with Display (VFR),0,4,73,0,77,0,2,171,0,173,0,6,244,0,250,344,0,344,594
06/11/2003,CMA,CA,AWP,WE,Towers with Display (VFR),0,8,72,0,80,0,4,204,0,208,0,12,276,0,288,242,0,242,530
06/12/2003,CMA,CA,AWP,WE,Towers with Display (VFR),0,2,79,0,81,0,2,182,0,184,0,4,261,0,265,270,0,270,535
06/13/2003,CMA,CA,AWP,WE,Towers with Display (VFR),0,6,58,0,64,0,11,275,0,286,0,17,333,0,350,168,0,168,518
06/14/2003,CMA,CA,AWP,WE,Towers with Display (VFR),0,2,53,0,55,0,7,342,0,349,0,9,395,0,404,166,0,166,570
06/15/2003,CMA,CA,AWP,WE,Towers with Display (VFR),0,3,46,0,49,0,8,307,0,315,0,11,353,0,364,248,0,248,612
06/16/2003,CMA,CA,AWP,WE,Towers with Display (VFR),0,4,54,0,58,0,5,182,0,187,0,9,236,0,245,208,0,208,453
06/17/2003,CMA,CA,AWP,WE,Towers with Display (VFR),0,5,80,0,85,0,1,166,0,167,0,6,246,0,252,224,0,224,476
06/18/2003,CMA,CA,AWP,WE,Towers with Display (VFR),0,5,94,0,99,0,4,103,0,107,0,9,197,0,206,246,0,246,452
06/19/2003,CMA,CA,AWP,WE,Towers with Display (VFR),0,0,88,0,88,0,0,81,0,81,0,0,169,0,169,150,0,150,319
06/20/2003,CMA,CA,AWP,WE,Towers with Display (VFR),0,1,73,0,74,0,2,167,0,169,0,3,240,0,243,282,0,282,525
06/21/2003,CMA,CA,AWP,WE,Towers with Display (VFR),0,1,55,0,56,0,0,161,0,161,0,1,216,0,217,196,0,196,413
06/22/2003,CMA,CA,AWP,WE,Towers with Display (VFR),0,1,65,0,66,0,5,167,3,175,0,6,232,3,241,162,0,162,403
06/23/2003,CMA,CA,AWP,WE,Towers with Display (VFR),0,2,46,0,48,0,0,125,0,125,0,2,171,0,173,116,0,116,289
06/24/2003,CMA,CA,AWP,WE,Towers with Display (VFR),0,5,38,0,43,0,2,303,0,305,0,7,341,0,348,320,0,320,668
06/25/2003,CMA,CA,AWP,WE,Towers with Display (VFR),0,3,30,0,33,0,7,316,0,323,0,10,346,0,356,258,0,258,614
06/26/2003,CMA,CA,AWP,WE,Towers with Display (VFR),0,3,46,0,49,0,9,351,0,360,0,12,397,0,409,324,0,324,733
06/27/2003,CMA,CA,AWP,WE,Towers with Display (VFR),0,4,60,0,64,0,8,237,0,245,0,12,297,0,309,228,0,228,537
06/28/2003,CMA,CA,AWP,WE,Towers with Display (VFR),0,7,80,0,87,0,0,172,0,172,0,7,252,0,259,232,0,232,491
06/29/2003,CMA,CA,AWP,WE,Towers with Display (VFR),0,2,70,0,72,0,2,205,2,209,0,4,275,2,281,152,0,152,433
06/30/2003,CMA,CA,AWP,WE,Towers with Display (VFR),0,4,30,0,34,0,5,203,0,208,0,9,233,0,242,318,0,318,560
07/01/2003,CMA,CA,AWP,WE,Towers with Display (VFR),0,2,32,0,34,0,0,54,0,54,0,2,86,0,88,110,0,110,198
07/02/2003,CMA,CA,AWP,WE,Towers with Display (VFR),0,2,38,0,40,0,5,285,8,298,0,7,323,8,338,252,0,252,590
07/03/2003,CMA,CA,AWP,WE,Towers with Display (VFR),0,2,35,0,37,0,1,276,0,277,0,3,311,0,314,254,0,254,568
07/04/2003,CMA,CA,AWP,WE,Towers with Display (VFR),0,1,30,0,31,0,4,307,0,311,0,5,337,0,342,258,0,258,600
07/05/2003,CMA,CA,AWP,WE,Towers with Display (VFR),0,1,13,0,14,0,0,407,0,407,0,1,420,0,421,282,0,282,703
07/06/2003,CMA,CA,AWP,WE,Towers with Display (VFR),0,3,26,0,29,0,0,318,0,318,0,3,344,0,347,240,0,240,587
07/07/2003,CMA,CA,AWP,WE,Towers with Display (VFR),0,3,30,0,33,0,0,211,0,211,0,3,241,0,244,284,0,284,528
07/08/2003,CMA,CA,AWP,WE,Towers with Display (VFR),0,3,23,0,26,0,16,0,0,16,0,19,23,0,42,18,0,18,60
07/09/2003,CMA,CA,AWP,WE,Towers with Display (VFR),0,6,55,0,61,0,2,120,1,123,0,8,175,1,184,186,0,186,370
07/10/2003,CMA,CA,AWP,WE,Towers with Display (VFR),0,5,50,0,55,0,2,237,0,239,0,7,287,0,294,340,0,340,634
07/11/2003,CMA,CA,AWP,WE,Towers with Display (VFR),0,1,41,0,42,0,0,233,1,234,0,1,274,1,276,244,0,244,520
07/12/2003,CMA,CA,AWP,WE,Towers with Display (VFR),0,6,43,0,49,0,0,264,13,277,0,6,307,13,326,200,0,200,526
07/13/2003,CMA,CA,AWP,WE,Towers with Display (VFR),0,8,25,0,33,0,2,256,0,258,0,10,281,0,291,166,0,166,457
07/14/2003,CMA,CA,AWP,WE,Towers with Display (VFR),0,5,16,0,21,0,3,247,4,254,0,8,263,4,275,378,0,378,653
07/15/2003,CMA,CA,AWP,WE,Towers with Display (VFR),0,12,31,0,43,0,1,269,6,276,0,13,300,6,319,344,0,344,663
07/16/2003,CMA,CA,AWP,WE,Towers with Display (VFR),0,6,22,0,28,0,2,281,1,284,0,8,303,1,312,266,0,266,578
07/17/2003,CMA,CA,AWP,WE,Towers with Display (VFR),0,7,34,0,41,0,10,276,8,294,0,17,310,8,335,330,0,330,665
07/18/2003,CMA,CA,AWP,WE,Towers with Display (VFR),0,4,95,0,99,0,0,111,0,111,0,4,206,0,210,272,0,272,482
07/19/2003,CMA,CA,AWP,WE,Towers with Display (VFR),0,4,26,0,30,0,0,281,0,281,0,4,307,0,311,260,0,260,571
07/20/2003,CMA,CA,AWP,WE,Towers with Display (VFR),0,3,22,0,25,0,7,339,0,346,0,10,361,0,371,238,0,238,609
07/21/2003,CMA,CA,AWP,WE,Towers with Display (VFR),0,4,26,0,30,0,0,161,0,161,0,4,187,0,191,212,0,212,403
07/22/2003,CMA,CA,AWP,WE,Towers with Display (VFR),0,1,46,0,47,0,4,266,0,270,0,5,312,0,317,246,0,246,563
07/23/2003,CMA,CA,AWP,WE,Towers with Display (VFR),0,2,66,0,68,0,0,122,0,122,0,2,188,0,190,190,0,190,380
07/24/2003,CMA,CA,AWP,WE,Towers with Display (VFR),0,6,72,0,78,0,0,201,0,201,0,6,273,0,279,190,0,190,469
07/25/2003,CMA,CA,AWP,WE,Towers with Display (VFR),0,5,64,0,69,0,0,222,0,222,0,5,286,0,291,334,0,334,625
07/26/2003,CMA,CA,AWP,WE,Towers with Display (VFR),0,4,76,0,80,0,1,273,0,274,0,5,349,0,354,248,0,248,602
07/27/2003,CMA,CA,AWP,WE,Towers with Display (VFR),0,5,55,0,60,0,0,255,0,255,0,5,310,0,315,250,3,253,568
07/28/2003,CMA,CA,AWP,WE,Towers with Display (VFR),0,1,29,0,30,0,7,183,6,196,0,8,212,6,226,204,0,204,430
07/29/2003,CMA,CA,AWP,WE,Towers with Display (VFR),0,4,39,0,43,0,2,194,8,204,0,6,233,8,247,280,0,280,527
07/30/2003,CMA,CA,AWP,WE,Towers with Display (VFR),0,8,32,0,40,1,1,207,1,210,1,9,239,1,250,318,0,318,568
07/31/2003,CMA,CA,AWP,WE,Towers with Display (VFR),0,10,59,0,69,0,5,325,5,335,0,15,384,5,404,318,0,318,722
08/01/2003,CMA,CA,AWP,WE,Towers with Display (VFR),0,0,48,0,48,0,4,219,2,225,0,4,267,2,273,272,0,272,545
08/02/2003,CMA,CA,AWP,WE,Towers with Display (VFR),0,0,23,0,23,0,0,404,0,404,0,0,427,0,427,222,0,222,649
08/03/2003,CMA,CA,AWP,WE,Towers with Display (VFR),0,0,29,0,29,0,1,349,0,350,0,1,378,0,379,210,0,210,589
08/04/2003,CMA,CA,AWP,WE,Towers with Display (VFR),0,5,27,0,32,0,3,271,0,274,0,8,298,0,306,296,0,296,602
08/05/2003,CMA,CA,AWP,WE,Towers with Display (VFR),0,2,30,0,32,0,0,277,0,277,0,2,307,0,309,352,0,352,661
08/06/2003,CMA,CA,AWP,WE,Towers with Display (VFR),0,5,26,0,31,0,0,280,1,281,0,5,306,1,312,306,0,306,618
08/07/2003,CMA,CA,AWP,WE,Towers with Display (VFR),0,1,24,0,25,0,0,288,0,288,0,1,312,0,313,402,0,402,715
08/08/2003,CMA,CA,AWP,WE,Towers with Display (VFR),0,2,34,0,36,0,2,266,0,268,0,4,300,0,304,238,0,238,542
08/09/2003,CMA,CA,AWP,WE,Towers with Display (VFR),0,1,31,0,32,0,2,373,0,375,0,3,404,0,407,203,0,203,610
08/10/2003,CMA,CA,AWP,WE,Towers with Display (VFR),0,4,28,0,32,0,2,314,0,316,0,6,342,0,348,264,0,264,612
08/11/2003,CMA,CA,AWP,WE,Towers with Display (VFR),0,1,23,0,24,0,4,197,0,201,0,5,220,0,225,182,0,182,407
08/12/2003,CMA,CA,AWP,WE,Towers with Display (VFR),0,1,25,0,26,0,4,242,0,246,0,5,267,0,272,226,0,226,498
08/13/2003,CMA,CA,AWP,WE,Towers with Display (VFR),0,5,48,0,53,0,4,365,0,369,0,9,413,0,422,282,0,282,704
08/14/2003,CMA,CA,AWP,WE,Towers with Display (VFR),0,0,32,0,32,0,0,271,0,271,0,0,303,0,303,292,0,292,595
08/15/2003,CMA,CA,AWP,WE,Towers with Display (VFR),0,5,28,0,33,0,0,243,1,244,0,5,271,1,277,244,0,244,521
08/16/2003,CMA,CA,AWP,WE,Towers with Display (VFR),0,1,29,0,30,0,4,377,0,381,0,5,406,0,411,306,0,306,717
08/17/2003,CMA,CA,AWP,WE,Towers with Display (VFR),0,2,40,0,42,0,2,371,0,373,0,4,411,0,415,238,0,238,653
08/18/2003,CMA,CA,AWP,WE,Towers with Display (VFR),0,0,32,0,32,0,2,256,0,258,0,2,288,0,290,214,0,214,504
08/19/2003,CMA,CA,AWP,WE,Towers with Display (VFR),0,5,33,0,38,0,0,259,0,259,0,5,292,0,297,304,0,304,601
08/20/2003,CMA,CA,AWP,WE,Towers with Display (VFR),0,4,21,0,25,0,1,243,0,244,0,5,264,0,269,378,0,378,647
08/21/2003,CMA,CA,AWP,WE,Towers with Display (VFR),0,3,50,0,53,0,0,289,0,289,0,3,339,0,342,182,0,182,524
08/22/2003,CMA,CA,AWP,WE,Towers with Display (VFR),0,6,41,0,47,0,0,330,0,330,0,6,371,0,377,226,0,226,603
08/23/2003,CMA,CA,AWP,WE,Towers with Display (VFR),0,1,9,0,10,0,4,473,0,477,0,5,482,0,487,345,0,345,832
08/24/2003,CMA,CA,AWP,WE,Towers with Display (VFR),0,2,22,0,24,0,4,405,0,409,0,6,427,0,433,294,0,294,727
08/25/2003,CMA,CA,AWP,WE,Towers with Display (VFR),0,5,41,1,47,0,1,175,1,177,0,6,216,2,224,168,0,168,392
08/26/2003,CMA,CA,AWP,WE,Towers with Display (VFR),0,8,29,0,37,0,7,198,0,205,0,15,227,0,242,248,0,248,490
08/27/2003,CMA,CA,AWP,WE,Towers with Display (VFR),0,5,32,0,37,0,0,217,0,217,0,5,249,0,254,230,0,230,484
08/28/2003,CMA,CA,AWP,WE,Towers with Display (VFR),0,4,53,0,57,0,4,269,0,273,0,8,322,0,330,202,0,202,532
08/29/2003,CMA,CA,AWP,WE,Towers with Display (VFR),0,7,34,0,41,0,2,306,0,308,0,9,340,0,349,232,0,232,581
08/30/2003,CMA,CA,AWP,WE,Towers with Display (VFR),0,2,20,0,22,0,0,346,0,346,0,2,366,0,368,202,0,202,570
08/31/2003,CMA,CA,AWP,WE,Towers with Display (VFR),0,4,22,0,26,0,0,301,0,301,0,4,323,0,327,298,0,298,625
09/01/2003,CMA,CA,AWP,WE,Towers with Display (VFR),0,0,48,0,48,0,4,200,1,205,0,4,248,1,253,252,0,252,505
09/02/2003,CMA,CA,AWP,WE,Towers with Display (VFR),0,2,48,0,50,0,7,190,0,197,0,9,238,0,247,210,0,210,457
09/03/2003,CMA,CA,AWP,WE,Towers with Display (VFR),0,4,48,0,52,0,5,221,2,228,0,9,269,2,280,138,0,138,418
09/04/2003,CMA,CA,AWP,WE,Towers with Display (VFR),0,0,45,0,45,0,2,255,0,257,0,2,300,0,302,320,0,320,622
09/05/2003,CMA,CA,AWP,WE,Towers with Display (VFR),0,0,30,0,30,0,2,307,0,309,0,2,337,0,339,342,0,342,681
09/06/2003,CMA,CA,AWP,WE,Towers with Display (VFR),0,0,38,0,38,0,1,591,0,592,0,1,629,0,630,222,0,222,852
09/07/2003,CMA,CA,AWP,WE,Towers with Display (VFR),0,0,48,0,48,0,5,407,0,412,0,5,455,0,460,276,0,276,736
09/08/2003,CMA,CA,AWP,WE,Towers with Display (VFR),0,1,34,2,37,0,5,263,0,268,0,6,297,2,305,232,0,232,537
09/09/2003,CMA,CA,AWP,WE,Towers with Display (VFR),0,0,36,0,36,0,4,212,0,216,0,4,248,0,252,272,0,272,524
09/10/2003,CMA,CA,AWP,WE,Towers with Display (VFR),0,0,61,0,61,0,6,235,0,241,0,6,296,0,302,174,0,174,476
09/11/2003,CMA,CA,AWP,WE,Towers with Display (VFR),0,0,78,0,78,0,7,231,0,238,0,7,309,0,316,252,0,252,568
09/12/2003,CMA,CA,AWP,WE,Towers with Display (VFR),0,0,45,0,45,0,9,153,0,162,0,9,198,0,207,162,0,162,369
09/13/2003,CMA,CA,AWP,WE,Towers with Display (VFR),0,3,53,0,56,0,2,219,0,221,0,5,272,0,277,364,0,364,641
09/14/2003,CMA,CA,AWP,WE,Towers with Display (VFR),0,3,72,0,75,0,0,132,3,135,0,3,204,3,210,186,0,186,396
09/15/2003,CMA,CA,AWP,WE,Towers with Display (VFR),0,1,86,0,87,0,4,99,0,103,0,5,185,0,190,138,0,138,328
09/16/2003,CMA,CA,AWP,WE,Towers with Display (VFR),0,2,55,0,57,0,8,135,0,143,0,10,190,0,200,150,0,150,350
09/17/2003,CMA,CA,AWP,WE,Towers with Display (VFR),0,5,68,0,73,0,6,239,0,245,0,11,307,0,318,152,0,152,470
09/18/2003,CMA,CA,AWP,WE,Towers with Display (VFR),0,5,36,0,41,0,2,246,0,248,0,7,282,0,289,252,0,252,541
09/19/2003,CMA,CA,AWP,WE,Towers with Display (VFR),0,2,54,0,56,0,4,250,0,254,0,6,304,0,310,251,0,251,561
09/20/2003,CMA,CA,AWP,WE,Towers with Display (VFR),0,18,3,0,21,0,0,275,1,276,0,18,278,1,297,167,0,167,464
09/21/2003,CMA,CA,AWP,WE,Towers with Display (VFR),0,1,44,0,45,0,4,294,0,298,0,5,338,0,343,254,3,257,600
09/22/2003,CMA,CA,AWP,WE,Towers with Display (VFR),0,0,43,0,43,0,3,171,0,174,0,3,214,0,217,150,0,150,367
09/23/2003,CMA,CA,AWP,WE,Towers with Display (VFR),0,0,47,0,47,0,9,229,1,239,0,9,276,1,286,346,0,346,632
09/24/2003,CMA,CA,AWP,WE,Towers with Display (VFR),0,2,78,0,80,0,0,134,0,134,0,2,212,0,214,172,0,172,386
09/25/2003,CMA,CA,AWP,WE,Towers with Display (VFR),0,1,70,0,71,0,4,227,0,231,0,5,297,0,302,208,0,208,510
09/26/2003,CMA,CA,AWP,WE,Towers with Display (VFR),0,0,64,0,64,0,3,180,0,183,0,3,244,0,247,242,0,242,489
09/27/2003,CMA,CA,AWP,WE,Towers with Display (VFR),0,1,77,0,78,0,3,195,0,198,0,4,272,0,276,112,0,112,388
09/28/2003,CMA,CA,AWP,WE,Towers with Display (VFR),0,4,68,0,72,0,2,64,0,66,0,6,132,0,138,156,0,156,294
09/29/2003,CMA,CA,AWP,WE,Towers with Display (VFR),0,0,59,0,59,0,2,75,0,77,0,2,134,0,136,98,0,98,234
09/30/2003,CMA,CA,AWP,WE,Towers with Display (VFR),0,0,89,0,89,0,3,47,0,50,0,3,136,0,139,62,0,62,201
10/01/2003,CMA,CA,AWP,WE,Towers with Display (VFR),0,3,52,0,55,0,0,206,0,206,0,3,258,0,261,172,0,172,433
10/02/2003,CMA,CA,AWP,WE,Towers with Display (VFR),0,7,100,0,107,0,0,47,2,49,0,7,147,2,156,44,0,44,200
10/03/2003,CMA,CA,AWP,WE,Towers with Display (VFR),0,7,66,0,73,0,3,172,0,175,0,10,238,0,248,246,0,246,494
10/04/2003,CMA,CA,AWP,WE,Towers with Display (VFR),0,3,47,0,50,0,0,337,0,337,0,3,384,0,387,322,0,322,709
10/05/2003,CMA,CA,AWP,WE,Towers with Display (VFR),0,3,75,0,78,0,0,117,0,117,0,3,192,0,195,100,0,100,295
10/06/2003,CMA,CA,AWP,WE,Towers with Display (VFR),0,8,75,0,83,0,5,62,0,67,0,13,137,0,150,108,0,108,258
10/07/2003,CMA,CA,AWP,WE,Towers with Display (VFR),0,7,66,0,73,0,4,76,0,80,0,11,142,0,153,112,0,112,265
10/08/2003,CMA,CA,AWP,WE,Towers with Display (VFR),0,8,73,0,81,0,1,124,0,125,0,9,197,0,206,120,0,120,326
10/09/2003,CMA,CA,AWP,WE,Towers with Display (VFR),0,8,83,0,91,0,0,7,0,7,0,8,90,0,98,10,0,10,108
10/10/2003,CMA,CA,AWP,WE,Towers with Display (VFR),0,8,79,1,88,0,2,212,1,215,0,10,291,2,303,269,0,269,572
10/11/2003,CMA,CA,AWP,WE,Towers with Display (VFR),0,2,40,0,42,0,0,360,0,360,0,2,400,0,402,178,0,178,580
10/12/2003,CMA,CA,AWP,WE,Towers with Display (VFR),0,5,53,0,58,0,2,348,0,350,0,7,401,0,408,226,0,226,634
10/13/2003,CMA,CA,AWP,WE,Towers with Display (VFR),0,3,29,0,32,0,4,295,0,299,0,7,324,0,331,238,0,238,569
10/14/2003,CMA,CA,AWP,WE,Towers with Display (VFR),0,7,71,0,78,0,2,126,0,128,0,9,197,0,206,92,0,92,298
10/15/2003,CMA,CA,AWP,WE,Towers with Display (VFR),0,7,75,0,82,0,4,151,0,155,0,11,226,0,237,260,0,260,497
10/16/2003,CMA,CA,AWP,WE,Towers with Display (VFR),0,5,49,0,54,0,5,209,0,214,0,10,258,0,268,268,0,268,536
10/17/2003,CMA,CA,AWP,WE,Towers with Display (VFR),0,3,41,0,44,0,0,248,0,248,0,3,289,0,292,318,0,318,610
10/18/2003,CMA,CA,AWP,WE,Towers with Display (VFR),0,2,22,0,24,0,2,379,0,381,0,4,401,0,405,288,0,288,693
10/19/2003,CMA,CA,AWP,WE,Towers with Display (VFR),0,3,44,0,47,0,0,385,0,385,0,3,429,0,432,336,0,336,768
10/20/2003,CMA,CA,AWP,WE,Towers with Display (VFR),0,3,33,0,36,0,1,207,0,208,0,4,240,0,244,238,0,238,482
10/21/2003,CMA,CA,AWP,WE,Towers with Display (VFR),0,5,51,0,56,0,8,269,0,277,0,13,320,0,333,302,0,302,635
10/22/2003,CMA,CA,AWP,WE,Towers with Display (VFR),0,4,46,0,50,0,7,301,0,308,0,11,347,0,358,466,0,466,824
10/23/2003,CMA,CA,AWP,WE,Towers with Display (VFR),0,5,50,0,55,0,1,236,0,237,0,6,286,0,292,258,0,258,550
10/24/2003,CMA,CA,AWP,WE,Towers with Display (VFR),0,5,49,0,54,0,4,195,0,199,0,9,244,0,253,256,0,256,509
10/25/2003,CMA,CA,AWP,WE,Towers with Display (VFR),0,4,44,0,48,0,13,274,0,287,0,17,318,0,335,242,0,242,577
10/26/2003,CMA,CA,AWP,WE,Towers with Display (VFR),0,2,23,0,25,0,0,94,4,98,0,2,117,4,123,4,0,4,127
10/27/2003,CMA,CA,AWP,WE,Towers with Display (VFR),0,2,20,0,22,0,3,79,0,82,0,5,99,0,104,46,0,46,150
10/28/2003,CMA,CA,AWP,WE,Towers with Display (VFR),0,4,65,0,69,0,0,56,26,82,0,4,121,26,151,74,0,74,225
10/29/2003,CMA,CA,AWP,WE,Towers with Display (VFR),0,7,69,0,76,0,2,99,0,101,0,9,168,0,177,142,0,142,319
10/30/2003,CMA,CA,AWP,WE,Towers with Display (VFR),0,5,58,0,63,0,9,219,0,228,0,14,277,0,291,268,0,268,559
10/31/2003,CMA,CA,AWP,WE,Towers with Display (VFR),0,4,49,0,53,0,11,172,0,183,0,15,221,0,236,320,0,320,556
11/01/2003,CMA,CA,AWP,WE,Towers with Display (VFR),0,2,28,0,30,0,0,365,0,365,0,2,393,0,395,252,0,252,647
11/02/2003,CMA,CA,AWP,WE,Towers with Display (VFR),0,0,29,0,29,0,0,435,0,435,0,0,464,0,464,260,0,260,724
11/03/2003,CMA,CA,AWP,WE,Towers with Display (VFR),0,4,34,0,38,0,1,124,0,125,0,5,158,0,163,112,0,112,275
11/04/2003,CMA,CA,AWP,WE,Towers with Display (VFR),0,3,25,0,28,0,3,259,0,262,0,6,284,0,290,324,0,324,614
11/05/2003,CMA,CA,AWP,WE,Towers with Display (VFR),0,5,43,0,48,0,1,299,0,300,0,6,342,0,348,328,0,328,676
11/06/2003,CMA,CA,AWP,WE,Towers with Display (VFR),0,6,57,0,63,0,3,267,0,270,0,9,324,0,333,290,0,290,623
11/07/2003,CMA,CA,AWP,WE,Towers with Display (VFR),0,3,30,0,33,0,1,234,2,237,0,4,264,2,270,186,0,186,456
11/08/2003,CMA,CA,AWP,WE,Towers with Display (VFR),0,5,43,0,48,0,1,316,0,317,0,6,359,0,365,278,0,278,643
11/09/2003,CMA,CA,AWP,WE,Towers with Display (VFR),0,6,56,0,62,0,0,95,0,95,0,6,151,0,157,93,0,93,250
11/10/2003,CMA,CA,AWP,WE,Towers with Display (VFR),0,3,22,0,25,0,5,251,0,256,0,8,273,0,281,160,0,160,441
11/11/2003,CMA,CA,AWP,WE,Towers with Display (VFR),0,4,36,0,40,0,2,290,0,292,0,6,326,0,332,274,0,274,606
11/12/2003,CMA,CA,AWP,WE,Towers with Display (VFR),0,4,42,0,46,0,2,79,0,81,0,6,121,0,127,105,0,105,232
11/13/2003,CMA,CA,AWP,WE,Towers with Display (VFR),0,4,50,0,54,0,2,257,0,259,0,6,307,0,313,290,0,290,603
11/14/2003,CMA,CA,AWP,WE,Towers with Display (VFR),0,5,58,0,63,0,5,368,0,373,0,10,426,0,436,262,0,262,698
11/15/2003,CMA,CA,AWP,WE,Towers with Display (VFR),0,4,51,0,55,0,2,244,0,246,0,6,295,0,301,218,0,218,519
11/16/2003,CMA,CA,AWP,WE,Towers with Display (VFR),0,4,45,0,49,0,0,315,0,315,0,4,360,0,364,206,0,206,570
11/17/2003,CMA,CA,AWP,WE,Towers with Display (VFR),0,4,46,0,50,0,3,201,0,204,0,7,247,0,254,218,0,218,472
11/18/2003,CMA,CA,AWP,WE,Towers with Display (VFR),0,3,43,0,46,0,3,305,0,308,0,6,348,0,354,230,0,230,584
11/19/2003,CMA,CA,AWP,WE,Towers with Display (VFR),0,4,46,0,50,0,5,308,0,313,0,9,354,0,363,224,0,224,587
11/20/2003,CMA,CA,AWP,WE,Towers with Display (VFR),0,5,61,0,66,0,1,221,0,222,0,6,282,0,288,166,0,166,454
11/21/2003,CMA,CA,AWP,WE,Towers with Display (VFR),0,9,106,0,115,0,0,174,0,174,0,9,280,0,289,160,0,160,449
11/22/2003,CMA,CA,AWP,WE,Towers with Display (VFR),0,2,24,0,26,0,6,255,0,261,0,8,279,0,287,120,0,120,407
11/23/2003,CMA,CA,AWP,WE,Towers with Display (VFR),0,3,34,0,37,0,1,217,0,218,0,4,251,0,255,132,0,132,387
11/24/2003,CMA,CA,AWP,WE,Towers with Display (VFR),0,3,35,0,38,0,4,242,0,246,0,7,277,0,284,184,0,184,468
11/25/2003,CMA,CA,AWP,WE,Towers with Display (VFR),0,5,56,0,61,0,3,356,0,359,0,8,412,0,420,282,0,282,702
11/26/2003,CMA,CA,AWP,WE,Towers with Display (VFR),0,5,57,0,62,0,0,308,0,308,0,5,365,0,370,192,0,192,562
11/27/2003,CMA,CA,AWP,WE,Towers with Display (VFR),0,0,11,0,11,0,1,45,0,46,0,1,56,0,57,0,0,0,57
11/28/2003,CMA,CA,AWP,WE,Towers with Display (VFR),0,2,28,0,30,0,8,371,12,391,0,10,399,12,421,254,0,254,675
11/29/2003,CMA,CA,AWP,WE,Towers with Display (VFR),0,3,40,0,43,0,1,429,0,430,0,4,469,0,473,198,0,198,671
11/30/2003,CMA,CA,AWP,WE,Towers with Display (VFR),0,5,55,0,60,0,2,271,0,273,0,7,326,0,333,174,0,174,507
12/01/2003,CMA,CA,AWP,WE,Towers with Display (VFR),0,4,31,0,35,0,4,162,0,166,0,8,193,0,201,252,0,252,453
12/02/2003,CMA,CA,AWP,WE,Towers with Display (VFR),0,4,30,0,34,0,2,216,0,218,0,6,246,0,252,220,0,220,472
12/03/2003,CMA,CA,AWP,WE,Towers with Display (VFR),0,1,1,0,2,0,4,277,2,283,0,5,278,2,285,172,0,172,457
12/04/2003,CMA,CA,AWP,WE,Towers with Display (VFR),0,6,46,0,52,0,0,266,0,266,0,6,312,0,318,204,0,204,522
12/05/2003,CMA,CA,AWP,WE,Towers with Display (VFR),0,4,33,0,37,0,4,247,0,251,0,8,280,0,288,234,0,234,522
12/06/2003,CMA,CA,AWP,WE,Towers with Display (VFR),0,0,86,0,86,0,0,133,0,133,0,0,219,0,219,28,0,28,247
12/07/2003,CMA,CA,AWP,WE,Towers with Display (VFR),0,0,46,0,46,0,0,40,0,40,0,0,86,0,86,12,0,12,98
12/08/2003,CMA,CA,AWP,WE,Towers with Display (VFR),0,3,24,0,27,0,3,202,8,213,0,6,226,8,240,220,0,220,460
12/09/2003,CMA,CA,AWP,WE,Towers with Display (VFR),0,6,49,0,55,0,13,316,0,329,0,19,365,0,384,270,0,270,654
12/10/2003,CMA,CA,AWP,WE,Towers with Display (VFR),0,8,68,0,76,0,5,152,0,157,0,13,220,0,233,190,0,190,423
12/11/2003,CMA,CA,AWP,WE,Towers with Display (VFR),0,6,49,0,55,0,7,63,0,70,0,13,112,0,125,36,0,36,161
12/12/2003,CMA,CA,AWP,WE,Towers with Display (VFR),0,5,40,0,45,0,2,232,0,234,0,7,272,0,279,208,0,208,487
12/13/2003,CMA,CA,AWP,WE,Towers with Display (VFR),0,3,26,0,29,6,1,378,0,385,6,4,404,0,414,176,0,176,590
12/14/2003,CMA,CA,AWP,WE,Towers with Display (VFR),0,6,54,0,60,0,5,96,0,101,0,11,150,0,161,108,0,108,269
12/15/2003,CMA,CA,AWP,WE,Towers with Display (VFR),0,3,29,0,32,0,8,122,0,130,0,11,151,0,162,50,0,50,212
12/16/2003,CMA,CA,AWP,WE,Towers with Display (VFR),0,2,20,0,22,0,3,118,0,121,0,5,138,0,143,84,0,84,227
12/17/2003,CMA,CA,AWP,WE,Towers with Display (VFR),0,4,43,0,47,0,9,167,2,178,0,13,210,2,225,134,0,134,359
12/18/2003,CMA,CA,AWP,WE,Towers with Display (VFR),0,6,57,0,63,0,2,208,0,210,0,8,265,0,273,214,0,214,487
12/19/2003,CMA,CA,AWP,WE,Towers with Display (VFR),0,2,36,0,38,0,0,190,0,190,0,2,226,0,228,230,0,230,458
12/20/2003,CMA,CA,AWP,WE,Towers with Display (VFR),0,3,40,0,43,0,0,243,0,243,0,3,283,0,286,262,0,262,548
12/21/2003,CMA,CA,AWP,WE,Towers with Display (VFR),0,2,58,0,60,0,0,206,0,206,0,2,264,0,266,126,0,126,392
12/22/2003,CMA,CA,AWP,WE,Towers with Display (VFR),0,1,27,0,28,0,0,186,0,186,0,1,213,0,214,130,0,130,344
12/23/2003,CMA,CA,AWP,WE,Towers with Display (VFR),0,3,35,0,38,0,3,60,0,63,0,6,95,0,101,66,0,66,167
12/24/2003,CMA,CA,AWP,WE,Towers with Display (VFR),0,3,32,0,35,0,0,56,0,56,0,3,88,0,91,60,0,60,151
12/25/2003,CMA,CA,AWP,WE,Towers with Display (VFR),0,0,0,0,0,0,0,0,0,0,0,0,0,0,0,0,0,0,0
12/26/2003,CMA,CA,AWP,WE,Towers with Display (VFR),0,2,27,0,29,0,1,217,0,218,0,3,244,0,247,198,0,198,445
12/27/2003,CMA,CA,AWP,WE,Towers with Display (VFR),0,4,37,0,41,0,2,371,0,373,0,6,408,0,414,178,0,178,592
12/28/2003,CMA,CA,AWP,WE,Towers with Display (VFR),0,2,25,0,27,0,1,309,0,310,0,3,334,0,337,128,0,128,465
12/29/2003,CMA,CA,AWP,WE,Towers with Display (VFR),0,1,26,0,27,0,0,161,0,161,0,1,187,0,188,192,0,192,380
12/30/2003,CMA,CA,AWP,WE,Towers with Display (VFR),0,1,35,0,36,0,0,134,0,134,0,1,169,0,170,72,0,72,242
12/31/2003,CMA,CA,AWP,WE,Towers with Display (VFR),0,1,28,0,29,0,0,281,0,281,0,1,309,0,310,220,0,220,530
01/01/2004,CMA,CA,AWP,WE,Towers with Display (VFR),0,2,13,0,15,0,2,137,0,139,0,4,150,0,154,164,0,164,318
01/02/2004,CMA,CA,AWP,WE,Towers with Display (VFR),0,1,17,0,18,0,0,15,0,15,0,1,32,0,33,2,0,2,35
01/03/2004,CMA,CA,AWP,WE,Towers with Display (VFR),0,4,40,0,44,0,0,379,0,379,0,4,419,0,423,156,0,156,579
01/04/2004,CMA,CA,AWP,WE,Towers with Display (VFR),0,4,28,0,32,0,3,304,0,307,0,7,332,0,339,128,0,128,467
01/05/2004,CMA,CA,AWP,WE,Towers with Display (VFR),0,1,9,0,10,0,2,41,0,43,0,3,50,0,53,2,0,2,55
01/06/2004,CMA,CA,AWP,WE,Towers with Display (VFR),0,4,30,0,34,0,0,218,0,218,0,4,248,0,252,186,0,186,438
01/07/2004,CMA,CA,AWP,WE,Towers with Display (VFR),0,4,43,0,47,0,0,299,0,299,0,4,342,0,346,268,0,268,614
01/08/2004,CMA,CA,AWP,WE,Towers with Display (VFR),0,4,38,0,42,0,4,225,0,229,0,8,263,0,271,226,0,226,497
01/09/2004,CMA,CA,AWP,WE,Towers with Display (VFR),0,5,43,0,48,0,0,237,1,238,0,5,280,1,286,268,0,268,554
01/10/2004,CMA,CA,AWP,WE,Towers with Display (VFR),0,5,38,0,43,0,3,434,0,437,0,8,472,0,480,154,0,154,634
01/11/2004,CMA,CA,AWP,WE,Towers with Display (VFR),0,5,45,0,50,0,4,425,0,429,0,9,470,0,479,228,0,228,707
01/12/2004,CMA,CA,AWP,WE,Towers with Display (VFR),0,4,40,0,44,0,0,128,0,128,0,4,168,0,172,116,0,116,288
01/13/2004,CMA,CA,AWP,WE,Towers with Display (VFR),0,3,28,0,31,0,6,212,0,218,0,9,240,0,249,246,0,246,495
01/14/2004,CMA,CA,AWP,WE,Towers with Display (VFR),0,5,40,0,45,0,5,229,0,234,0,10,269,0,279,208,0,208,487
01/15/2004,CMA,CA,AWP,WE,Towers with Display (VFR),0,5,53,0,58,0,8,202,2,212,0,13,255,2,270,198,0,198,468
01/16/2004,CMA,CA,AWP,WE,Towers with Display (VFR),0,5,49,0,54,0,1,264,0,265,0,6,313,0,319,306,0,306,625
01/17/2004,CMA,CA,AWP,WE,Towers with Display (VFR),0,3,39,0,42,0,1,254,0,255,0,4,293,0,297,172,0,172,469
01/18/2004,CMA,CA,AWP,WE,Towers with Display (VFR),0,3,49,0,52,0,0,190,0,190,0,3,239,0,242,226,0,226,468
01/19/2004,CMA,CA,AWP,WE,Towers with Display (VFR),0,6,61,0,67,0,1,199,0,200,0,7,260,0,267,220,4,224,491
01/20/2004,CMA,CA,AWP,WE,Towers with Display (VFR),0,6,68,0,74,0,0,135,0,135,0,6,203,0,209,165,0,165,374
01/21/2004,CMA,CA,AWP,WE,Towers with Display (VFR),0,1,15,0,16,0,3,142,0,145,0,4,157,0,161,148,0,148,309
01/22/2004,CMA,CA,AWP,WE,Towers with Display (VFR),0,3,33,0,36,0,1,151,2,154,0,4,184,2,190,274,0,274,464
01/23/2004,CMA,CA,AWP,WE,Towers with Display (VFR),0,3,30,0,33,0,3,253,0,256,0,6,283,0,289,192,0,192,481
01/24/2004,CMA,CA,AWP,WE,Towers with Display (VFR),0,1,29,0,30,0,0,206,0,206,0,1,235,0,236,262,0,262,498
01/25/2004,CMA,CA,AWP,WE,Towers with Display (VFR),0,2,37,0,39,0,0,301,0,301,0,2,338,0,340,248,0,248,588
01/26/2004,CMA,CA,AWP,WE,Towers with Display (VFR),0,3,35,0,38,0,6,230,0,236,0,9,265,0,274,220,0,220,494
01/27/2004,CMA,CA,AWP,WE,Towers with Display (VFR),0,3,35,0,38,0,1,172,2,175,0,4,207,2,213,222,0,222,435
01/28/2004,CMA,CA,AWP,WE,Towers with Display (VFR),0,5,48,0,53,0,2,213,0,215,0,7,261,0,268,206,0,206,474
01/29/2004,CMA,CA,AWP,WE,Towers with Display (VFR),0,5,58,0,63,0,5,184,0,189,0,10,242,0,252,208,0,208,460
01/30/2004,CMA,CA,AWP,WE,Towers with Display (VFR),0,4,42,0,46,0,4,300,0,304,0,8,342,0,350,232,0,232,582
01/31/2004,CMA,CA,AWP,WE,Towers with Display (VFR),0,3,33,0,36,0,0,324,0,324,0,3,357,0,360,268,4,272,632
02/01/2004,CMA,CA,AWP,WE,Towers with Display (VFR),0,0,30,0,30,0,0,295,0,295,0,0,325,0,325,184,0,184,509
02/02/2004,CMA,CA,AWP,WE,Towers with Display (VFR),0,5,48,0,53,0,4,64,0,68,0,9,112,0,121,134,0,134,255
02/03/2004,CMA,CA,AWP,WE,Towers with Display (VFR),0,5,44,0,49,0,5,93,0,98,0,10,137,0,147,108,0,108,255
02/04/2004,CMA,CA,AWP,WE,Towers with Display (VFR),0,5,41,0,46,0,5,248,0,253,0,10,289,0,299,150,0,150,449
02/05/2004,CMA,CA,AWP,WE,Towers with Display (VFR),0,4,34,0,38,0,4,265,0,269,0,8,299,0,307,290,0,290,597
02/06/2004,CMA,CA,AWP,WE,Towers with Display (VFR),0,6,49,0,55,0,5,266,0,271,0,11,315,0,326,162,0,162,488
02/07/2004,CMA,CA,AWP,WE,Towers with Display (VFR),0,2,31,0,33,0,0,383,0,383,0,2,414,0,416,254,0,254,670
02/08/2004,CMA,CA,AWP,WE,Towers with Display (VFR),0,2,17,0,19,0,0,144,0,144,0,2,161,0,163,88,0,88,251
02/09/2004,CMA,CA,AWP,WE,Towers with Display (VFR),0,2,21,0,23,0,0,109,0,109,0,2,130,0,132,18,0,18,150
02/10/2004,CMA,CA,AWP,WE,Towers with Display (VFR),0,3,27,0,30,0,16,53,0,69,0,19,80,0,99,40,0,40,139
02/11/2004,CMA,CA,AWP,WE,Towers with Display (VFR),0,4,39,0,43,0,3,256,0,259,0,7,295,0,302,190,0,190,492
02/12/2004,CMA,CA,AWP,WE,Towers with Display (VFR),0,3,23,0,26,0,4,126,0,130,0,7,149,0,156,54,0,54,210
02/13/2004,CMA,CA,AWP,WE,Towers with Display (VFR),0,6,55,0,61,0,0,255,0,255,0,6,310,0,316,282,0,282,598
02/14/2004,CMA,CA,AWP,WE,Towers with Display (VFR),0,3,39,0,42,0,0,371,1,372,0,3,410,1,414,184,0,184,598
02/15/2004,CMA,CA,AWP,WE,Towers with Display (VFR),0,4,48,0,52,0,2,285,0,287,0,6,333,0,339,240,0,240,579
02/16/2004,CMA,CA,AWP,WE,Towers with Display (VFR),0,6,59,0,65,0,5,256,0,261,0,11,315,0,326,278,0,278,604
02/17/2004,CMA,CA,AWP,WE,Towers with Display (VFR),0,2,47,0,49,0,0,211,0,211,0,2,258,0,260,166,0,166,426
02/18/2004,CMA,CA,AWP,WE,Towers with Display (VFR),0,3,41,0,44,0,0,45,0,45,0,3,86,0,89,92,0,92,181
02/19/2004,CMA,CA,AWP,WE,Towers with Display (VFR),0,4,42,0,46,0,5,214,0,219,0,9,256,0,265,196,0,196,461
02/20/2004,CMA,CA,AWP,WE,Towers with Display (VFR),0,1,59,0,60,0,0,161,0,161,0,1,220,0,221,210,0,210,431
02/21/2004,CMA,CA,AWP,WE,Towers with Display (VFR),0,4,40,0,44,0,0,55,0,55,0,4,95,0,99,210,0,210,309
02/22/2004,CMA,CA,AWP,WE,Towers with Display (VFR),0,3,34,0,37,0,4,39,0,43,0,7,73,0,80,32,0,32,112
02/23/2004,CMA,CA,AWP,WE,Towers with Display (VFR),0,2,28,0,30,0,2,169,0,171,0,4,197,0,201,230,0,230,431
02/24/2004,CMA,CA,AWP,WE,Towers with Display (VFR),0,7,71,0,78,0,5,171,0,176,0,12,242,0,254,234,0,234,488
02/25/2004,CMA,CA,AWP,WE,Towers with Display (VFR),0,3,38,0,41,0,1,36,0,37,0,4,74,0,78,48,0,48,126
02/26/2004,CMA,CA,AWP,WE,Towers with Display (VFR),0,2,46,0,48,0,0,120,0,120,0,2,166,0,168,196,0,196,364
02/27/2004,CMA,CA,AWP,WE,Towers with Display (VFR),0,3,33,0,36,0,2,228,0,230,0,5,261,0,266,214,0,214,480
02/28/2004,CMA,CA,AWP,WE,Towers with Display (VFR),0,1,40,0,41,0,0,349,0,349,0,1,389,0,390,222,0,222,612
02/29/2004,CMA,CA,AWP,WE,Towers with Display (VFR),0,4,52,0,56,0,0,344,0,344,0,4,396,0,400,240,0,240,640
03/01/2004,CMA,CA,AWP,WE,Towers with Display (VFR),0,3,32,0,35,0,1,72,0,73,0,4,104,0,108,252,0,252,360
03/02/2004,CMA,CA,AWP,WE,Towers with Display (VFR),0,5,45,0,50,0,3,146,0,149,0,8,191,0,199,152,0,152,351
03/03/2004,CMA,CA,AWP,WE,Towers with Display (VFR),0,3,29,0,32,0,5,178,0,183,0,8,207,0,215,238,0,238,453
03/04/2004,CMA,CA,AWP,WE,Towers with Display (VFR),0,7,67,0,74,0,3,262,0,265,0,10,329,0,339,346,0,346,685
03/05/2004,CMA,CA,AWP,WE,Towers with Display (VFR),0,4,36,0,40,0,1,202,0,203,0,5,238,0,243,266,0,266,509
03/06/2004,CMA,CA,AWP,WE,Towers with Display (VFR),0,0,38,0,38,0,0,312,4,316,0,0,350,4,354,180,0,180,534
03/07/2004,CMA,CA,AWP,WE,Towers with Display (VFR),0,2,23,0,25,0,0,200,0,200,0,2,223,0,225,108,0,108,333
03/08/2004,CMA,CA,AWP,WE,Towers with Display (VFR),0,3,26,0,29,0,6,183,0,189,0,9,209,0,218,262,0,262,480
03/09/2004,CMA,CA,AWP,WE,Towers with Display (VFR),0,4,37,0,41,0,3,228,0,231,0,7,265,0,272,236,0,236,508
03/10/2004,CMA,CA,AWP,WE,Towers with Display (VFR),0,4,46,0,50,0,5,111,0,116,0,9,157,0,166,102,0,102,268
03/11/2004,CMA,CA,AWP,WE,Towers with Display (VFR),0,4,51,1,56,0,6,157,1,164,0,10,208,2,220,172,0,172,392
03/12/2004,CMA,CA,AWP,WE,Towers with Display (VFR),0,6,97,1,104,0,0,112,1,113,0,6,209,2,217,176,0,176,393
03/13/2004,CMA,CA,AWP,WE,Towers with Display (VFR),0,6,68,0,74,0,1,260,0,261,0,7,328,0,335,180,0,180,515
03/14/2004,CMA,CA,AWP,WE,Towers with Display (VFR),0,7,79,0,86,0,2,62,0,64,0,9,141,0,150,52,0,52,202
03/15/2004,CMA,CA,AWP,WE,Towers with Display (VFR),0,4,79,0,83,0,0,3,0,3,0,4,82,0,86,0,0,0,86
03/16/2004,CMA,CA,AWP,WE,Towers with Display (VFR),0,5,64,0,69,0,2,141,0,143,0,7,205,0,212,200,0,200,412
03/17/2004,CMA,CA,AWP,WE,Towers with Display (VFR),0,4,52,0,56,0,4,223,1,228,0,8,275,1,284,240,0,240,524
03/18/2004,CMA,CA,AWP,WE,Towers with Display (VFR),0,9,102,0,111,0,7,186,1,194,0,16,288,1,305,166,0,166,471
03/19/2004,CMA,CA,AWP,WE,Towers with Display (VFR),0,7,82,0,89,0,6,119,0,125,0,13,201,0,214,130,0,130,344
03/20/2004,CMA,CA,AWP,WE,Towers with Display (VFR),0,2,79,0,81,0,0,72,0,72,0,2,151,0,153,48,0,48,201
03/21/2004,CMA,CA,AWP,WE,Towers with Display (VFR),0,6,71,0,77,0,0,235,1,236,0,6,306,1,313,292,0,292,605
03/22/2004,CMA,CA,AWP,WE,Towers with Display (VFR),0,3,44,0,47,0,1,143,0,144,0,4,187,0,191,214,0,214,405
03/23/2004,CMA,CA,AWP,WE,Towers with Display (VFR),0,7,85,0,92,0,0,102,0,102,0,7,187,0,194,310,0,310,504
03/24/2004,CMA,CA,AWP,WE,Towers with Display (VFR),0,4,46,0,50,0,7,230,0,237,0,11,276,0,287,272,0,272,559
03/25/2004,CMA,CA,AWP,WE,Towers with Display (VFR),0,3,35,0,38,0,1,221,0,222,0,4,256,0,260,196,0,196,456
03/26/2004,CMA,CA,AWP,WE,Towers with Display (VFR),0,3,42,0,45,0,6,201,0,207,0,9,243,0,252,210,0,210,462
03/27/2004,CMA,CA,AWP,WE,Towers with Display (VFR),0,0,37,0,37,0,0,307,0,307,0,0,344,0,344,198,0,198,542
03/28/2004,CMA,CA,AWP,WE,Towers with Display (VFR),0,3,42,0,45,0,2,199,0,201,0,5,241,0,246,146,0,146,392
03/29/2004,CMA,CA,AWP,WE,Towers with Display (VFR),0,3,35,0,38,0,1,197,24,222,0,4,232,24,260,230,0,230,490
03/30/2004,CMA,CA,AWP,WE,Towers with Display (VFR),0,3,37,0,40,0,1,219,2,222,0,4,256,2,262,250,0,250,512
03/31/2004,CMA,CA,AWP,WE,Towers with Display (VFR),0,3,39,0,42,0,0,228,0,228,0,3,267,0,270,200,0,200,470
04/01/2004,CMA,CA,AWP,WE,Towers with Display (VFR),0,9,89,0,98,0,6,201,0,207,0,15,290,0,305,310,0,310,615
04/02/2004,CMA,CA,AWP,WE,Towers with Display (VFR),0,4,31,0,35,0,0,225,0,225,0,4,256,0,260,244,0,244,504
04/03/2004,CMA,CA,AWP,WE,Towers with Display (VFR),0,4,71,0,75,0,0,222,0,222,0,4,293,0,297,236,0,236,533
04/04/2004,CMA,CA,AWP,WE,Towers with Display (VFR),0,4,37,0,41,0,1,312,0,313,0,5,349,0,354,334,0,334,688
04/05/2004,CMA,CA,AWP,WE,Towers with Display (VFR),0,2,30,0,32,0,0,167,0,167,0,2,197,0,199,207,0,207,406
04/06/2004,CMA,CA,AWP,WE,Towers with Display (VFR),0,2,47,0,49,0,0,167,0,167,0,2,214,0,216,214,0,214,430
04/07/2004,CMA,CA,AWP,WE,Towers with Display (VFR),0,2,51,0,53,0,0,284,0,284,0,2,335,0,337,240,0,240,577
04/08/2004,CMA,CA,AWP,WE,Towers with Display (VFR),0,6,83,0,89,0,0,185,0,185,0,6,268,0,274,274,0,274,548
04/09/2004,CMA,CA,AWP,WE,Towers with Display (VFR),0,2,59,0,61,0,0,167,0,167,0,2,226,0,228,172,0,172,400
04/10/2004,CMA,CA,AWP,WE,Towers with Display (VFR),0,1,90,0,91,0,0,109,0,109,0,1,199,0,200,154,0,154,354
04/11/2004,CMA,CA,AWP,WE,Towers with Display (VFR),0,3,28,0,31,0,1,172,0,173,0,4,200,0,204,130,0,130,334
04/12/2004,CMA,CA,AWP,WE,Towers with Display (VFR),0,3,29,0,32,0,1,210,0,211,0,4,239,0,243,192,0,192,435
04/13/2004,CMA,CA,AWP,WE,Towers with Display (VFR),0,4,37,0,41,0,0,157,0,157,0,4,194,0,198,138,0,138,336
04/14/2004,CMA,CA,AWP,WE,Towers with Display (VFR),0,3,38,0,41,0,7,240,0,247,0,10,278,0,288,238,0,238,526
04/15/2004,CMA,CA,AWP,WE,Towers with Display (VFR),0,2,29,0,31,0,5,182,0,187,0,7,211,0,218,208,0,208,426
04/16/2004,CMA,CA,AWP,WE,Towers with Display (VFR),0,4,43,0,47,0,1,163,0,164,0,5,206,0,211,160,0,160,371
04/17/2004,CMA,CA,AWP,WE,Towers with Display (VFR),0,0,41,0,41,0,0,173,9,182,0,0,214,9,223,236,0,236,459
04/18/2004,CMA,CA,AWP,WE,Towers with Display (VFR),0,5,54,0,59,0,0,350,0,350,0,5,404,0,409,208,0,208,617
04/19/2004,CMA,CA,AWP,WE,Towers with Display (VFR),0,1,25,0,26,0,0,180,0,180,0,1,205,0,206,188,0,188,394
04/20/2004,CMA,CA,AWP,WE,Towers with Display (VFR),0,3,37,0,40,0,4,219,0,223,0,7,256,0,263,272,0,272,535
04/21/2004,CMA,CA,AWP,WE,Towers with Display (VFR),0,3,34,0,37,0,3,246,0,249,0,6,280,0,286,148,0,148,434
04/22/2004,CMA,CA,AWP,WE,Towers with Display (VFR),0,5,55,0,60,0,6,235,0,241,0,11,290,0,301,288,0,288,589
04/23/2004,CMA,CA,AWP,WE,Towers with Display (VFR),0,3,35,0,38,0,4,217,0,221,0,7,252,0,259,202,0,202,461
04/24/2004,CMA,CA,AWP,WE,Towers with Display (VFR),0,3,32,0,35,0,2,319,0,321,0,5,351,0,356,206,0,206,562
04/25/2004,CMA,CA,AWP,WE,Towers with Display (VFR),0,3,36,0,39,0,3,350,0,353,0,6,386,0,392,276,0,276,668
04/26/2004,CMA,CA,AWP,WE,Towers with Display (VFR),0,2,24,0,26,0,3,195,0,198,0,5,219,0,224,180,0,180,404
04/27/2004,CMA,CA,AWP,WE,Towers with Display (VFR),0,2,28,0,30,0,14,195,0,209,0,16,223,0,239,188,0,188,427
04/28/2004,CMA,CA,AWP,WE,Towers with Display (VFR),0,4,114,0,118,0,0,58,1,59,0,4,172,1,177,60,0,60,237
04/29/2004,CMA,CA,AWP,WE,Towers with Display (VFR),0,4,51,0,55,0,3,173,0,176,0,7,224,0,231,288,0,288,519
04/30/2004,CMA,CA,AWP,WE,Towers with Display (VFR),0,4,43,0,47,0,1,279,0,280,0,5,322,0,327,202,0,202,529
05/01/2004,CMA,CA,AWP,WE,Towers with Display (VFR),0,1,36,0,37,0,0,277,0,277,0,1,313,0,314,196,0,196,510
05/02/2004,CMA,CA,AWP,WE,Towers with Display (VFR),0,2,28,0,30,0,0,269,0,269,0,2,297,0,299,214,0,214,513
05/03/2004,CMA,CA,AWP,WE,Towers with Display (VFR),0,3,26,0,29,0,5,180,0,185,0,8,206,0,214,86,0,86,300
05/04/2004,CMA,CA,AWP,WE,Towers with Display (VFR),0,5,39,0,44,0,2,212,0,214,0,7,251,0,258,234,0,234,492
05/05/2004,CMA,CA,AWP,WE,Towers with Display (VFR),0,2,40,0,42,0,0,196,0,196,0,2,236,0,238,148,0,148,386
05/06/2004,CMA,CA,AWP,WE,Towers with Display (VFR),0,3,38,0,41,0,0,259,0,259,0,3,297,0,300,290,0,290,590
05/07/2004,CMA,CA,AWP,WE,Towers with Display (VFR),0,1,30,0,31,0,0,341,0,341,0,1,371,0,372,224,0,224,596
05/08/2004,CMA,CA,AWP,WE,Towers with Display (VFR),0,4,35,0,39,0,5,383,0,388,0,9,418,0,427,216,0,216,643
05/09/2004,CMA,CA,AWP,WE,Towers with Display (VFR),0,2,17,0,19,0,3,212,0,215,0,5,229,0,234,212,0,212,446
05/10/2004,CMA,CA,AWP,WE,Towers with Display (VFR),0,2,29,0,31,0,0,177,0,177,0,2,206,0,208,242,0,242,450
05/11/2004,CMA,CA,AWP,WE,Towers with Display (VFR),0,4,34,0,38,0,1,188,0,189,0,5,222,0,227,234,0,234,461
05/12/2004,CMA,CA,AWP,WE,Towers with Display (VFR),0,7,64,0,71,0,5,273,0,278,0,12,337,0,349,160,0,160,509
05/13/2004,CMA,CA,AWP,WE,Towers with Display (VFR),0,4,39,0,43,0,2,221,1,224,0,6,260,1,267,220,0,220,487
05/14/2004,CMA,CA,AWP,WE,Towers with Display (VFR),0,4,46,0,50,0,2,284,0,286,0,6,330,0,336,160,0,160,496
05/15/2004,CMA,CA,AWP,WE,Towers with Display (VFR),0,1,38,0,39,0,0,267,0,267,0,1,305,0,306,144,0,144,450
05/16/2004,CMA,CA,AWP,WE,Towers with Display (VFR),0,3,38,0,41,0,3,283,0,286,0,6,321,0,327,198,0,198,525
05/17/2004,CMA,CA,AWP,WE,Towers with Display (VFR),0,5,55,0,60,0,3,110,0,113,0,8,165,0,173,268,0,268,441
05/18/2004,CMA,CA,AWP,WE,Towers with Display (VFR),0,4,42,0,46,0,2,192,0,194,0,6,234,0,240,150,0,150,390
05/19/2004,CMA,CA,AWP,WE,Towers with Display (VFR),0,3,39,0,42,0,7,193,2,202,0,10,232,2,244,272,0,272,516
05/20/2004,CMA,CA,AWP,WE,Towers with Display (VFR),0,4,49,0,53,0,7,198,0,205,0,11,247,0,258,226,0,226,484
05/21/2004,CMA,CA,AWP,WE,Towers with Display (VFR),0,5,52,0,57,0,0,227,0,227,0,5,279,0,284,188,0,188,472
05/22/2004,CMA,CA,AWP,WE,Towers with Display (VFR),0,4,44,0,48,0,0,257,0,257,0,4,301,0,305,238,0,238,543
05/23/2004,CMA,CA,AWP,WE,Towers with Display (VFR),0,6,61,0,67,0,0,198,0,198,0,6,259,0,265,196,0,196,461
05/24/2004,CMA,CA,AWP,WE,Towers with Display (VFR),0,5,51,0,56,0,2,182,0,184,0,7,233,0,240,208,0,208,448
05/25/2004,CMA,CA,AWP,WE,Towers with Display (VFR),0,3,39,0,42,0,3,140,0,143,0,6,179,0,185,296,0,296,481
05/26/2004,CMA,CA,AWP,WE,Towers with Display (VFR),0,4,47,0,51,0,7,247,0,254,0,11,294,0,305,194,0,194,499
05/27/2004,CMA,CA,AWP,WE,Towers with Display (VFR),0,9,90,0,99,0,2,181,3,186,0,11,271,3,285,230,0,230,515
05/28/2004,CMA,CA,AWP,WE,Towers with Display (VFR),0,9,90,0,99,0,1,141,0,142,0,10,231,0,241,194,0,194,435
05/29/2004,CMA,CA,AWP,WE,Towers with Display (VFR),0,1,38,0,39,0,0,289,0,289,0,1,327,0,328,212,0,212,540
05/30/2004,CMA,CA,AWP,WE,Towers with Display (VFR),0,1,13,0,14,0,1,298,0,299,0,2,311,0,313,172,0,172,485
05/31/2004,CMA,CA,AWP,WE,Towers with Display (VFR),0,3,35,0,38,0,7,386,0,393,0,10,421,0,431,202,0,202,633
06/01/2004,CMA,CA,AWP,WE,Towers with Display (VFR),0,5,51,0,56,0,2,201,0,203,0,7,252,0,259,140,0,140,399
06/02/2004,CMA,CA,AWP,WE,Towers with Display (VFR),0,3,31,0,34,0,7,240,0,247,0,10,271,0,281,190,0,190,471
06/03/2004,CMA,CA,AWP,WE,Towers with Display (VFR),0,7,75,0,82,0,2,149,0,151,0,9,224,0,233,258,0,258,491
06/04/2004,CMA,CA,AWP,WE,Towers with Display (VFR),0,4,47,0,51,0,0,284,0,284,0,4,331,0,335,188,0,188,523
06/05/2004,CMA,CA,AWP,WE,Towers with Display (VFR),0,2,19,0,21,0,7,281,0,288,0,9,300,0,309,222,0,222,531
06/06/2004,CMA,CA,AWP,WE,Towers with Display (VFR),0,3,53,0,56,0,0,201,3,204,0,3,254,3,260,150,0,150,410
06/07/2004,CMA,CA,AWP,WE,Towers with Display (VFR),0,4,69,0,73,0,0,107,4,111,0,4,176,4,184,71,0,71,255
06/08/2004,CMA,CA,AWP,WE,Towers with Display (VFR),0,4,43,0,47,0,3,22,1,26,0,7,65,1,73,0,0,0,73
06/09/2004,CMA,CA,AWP,WE,Towers with Display (VFR),0,5,46,0,51,0,3,160,0,163,0,8,206,0,214,208,0,208,422
06/10/2004,CMA,CA,AWP,WE,Towers with Display (VFR),0,4,46,0,50,0,2,186,0,188,0,6,232,0,238,250,0,250,488
06/11/2004,CMA,CA,AWP,WE,Towers with Display (VFR),0,4,56,0,60,0,0,160,0,160,0,4,216,0,220,84,0,84,304
06/12/2004,CMA,CA,AWP,WE,Towers with Display (VFR),0,2,44,0,46,0,0,361,0,361,0,2,405,0,407,136,0,136,543
06/13/2004,CMA,CA,AWP,WE,Towers with Display (VFR),0,2,38,0,40,0,0,279,0,279,0,2,317,0,319,164,0,164,483
06/14/2004,CMA,CA,AWP,WE,Towers with Display (VFR),0,4,46,0,50,0,1,301,0,302,0,5,347,0,352,198,0,198,550
06/15/2004,CMA,CA,AWP,WE,Towers with Display (VFR),0,6,76,1,83,0,0,182,0,182,0,6,258,1,265,236,0,236,501
06/16/2004,CMA,CA,AWP,WE,Towers with Display (VFR),0,7,97,0,104,0,0,118,0,118,0,7,215,0,222,180,0,180,402
06/17/2004,CMA,CA,AWP,WE,Towers with Display (VFR),0,5,77,0,82,0,0,123,0,123,0,5,200,0,205,308,0,308,513
06/18/2004,CMA,CA,AWP,WE,Towers with Display (VFR),0,6,76,0,82,0,3,159,0,162,0,9,235,0,244,224,0,224,468
06/19/2004,CMA,CA,AWP,WE,Towers with Display (VFR),0,3,46,0,49,0,0,96,0,96,0,3,142,0,145,263,0,263,408
06/20/2004,CMA,CA,AWP,WE,Towers with Display (VFR),0,5,70,0,75,0,3,158,0,161,0,8,228,0,236,208,0,208,444
06/21/2004,CMA,CA,AWP,WE,Towers with Display (VFR),0,6,76,0,82,0,2,105,0,107,0,8,181,0,189,272,0,272,461
06/22/2004,CMA,CA,AWP,WE,Towers with Display (VFR),0,5,66,0,71,0,1,129,0,130,0,6,195,0,201,226,0,226,427
06/23/2004,CMA,CA,AWP,WE,Towers with Display (VFR),0,3,44,0,47,0,1,169,1,171,0,4,213,1,218,220,0,220,438
06/24/2004,CMA,CA,AWP,WE,Towers with Display (VFR),0,3,74,0,77,0,0,163,0,163,0,3,237,0,240,196,0,196,436
06/25/2004,CMA,CA,AWP,WE,Towers with Display (VFR),0,4,58,0,62,0,0,213,0,213,0,4,271,0,275,206,0,206,481
06/26/2004,CMA,CA,AWP,WE,Towers with Display (VFR),0,1,51,0,52,0,0,195,0,195,0,1,246,0,247,142,0,142,389
06/27/2004,CMA,CA,AWP,WE,Towers with Display (VFR),0,3,35,0,38,0,6,242,0,248,0,9,277,0,286,202,0,202,488
06/28/2004,CMA,CA,AWP,WE,Towers with Display (VFR),0,6,71,0,77,0,6,121,0,127,0,12,192,0,204,196,0,196,400
06/29/2004,CMA,CA,AWP,WE,Towers with Display (VFR),0,4,58,0,62,0,5,136,0,141,0,9,194,0,203,284,0,284,487
06/30/2004,CMA,CA,AWP,WE,Towers with Display (VFR),0,5,60,0,65,0,5,140,0,145,0,10,200,0,210,200,0,200,410
07/01/2004,CMA,CA,AWP,WE,Towers with Display (VFR),0,5,41,0,46,0,1,257,0,258,0,6,298,0,304,190,0,190,494
07/02/2004,CMA,CA,AWP,WE,Towers with Display (VFR),0,4,55,0,59,0,0,239,0,239,0,4,294,0,298,226,0,226,524
07/03/2004,CMA,CA,AWP,WE,Towers with Display (VFR),0,4,67,0,71,0,0,198,0,198,0,4,265,0,269,300,0,300,569
07/04/2004,CMA,CA,AWP,WE,Towers with Display (VFR),0,0,28,0,28,0,0,227,0,227,0,0,255,0,255,180,0,180,435
07/05/2004,CMA,CA,AWP,WE,Towers with Display (VFR),0,5,52,0,57,0,0,257,0,257,0,5,309,0,314,152,0,152,466
07/06/2004,CMA,CA,AWP,WE,Towers with Display (VFR),0,5,39,0,44,0,0,142,0,142,0,5,181,0,186,182,0,182,368
07/07/2004,CMA,CA,AWP,WE,Towers with Display (VFR),0,6,44,0,50,0,1,143,0,144,0,7,187,0,194,270,0,270,464
07/08/2004,CMA,CA,AWP,WE,Towers with Display (VFR),0,7,52,0,59,0,2,144,0,146,0,9,196,0,205,214,0,214,419
07/09/2004,CMA,CA,AWP,WE,Towers with Display (VFR),0,7,61,0,68,0,10,174,0,184,0,17,235,0,252,148,0,148,400
07/10/2004,CMA,CA,AWP,WE,Towers with Display (VFR),0,0,20,0,20,0,0,404,0,404,0,0,424,0,424,180,0,180,604
07/11/2004,CMA,CA,AWP,WE,Towers with Display (VFR),0,2,38,0,40,0,0,306,0,306,0,2,344,0,346,232,0,232,578
07/12/2004,CMA,CA,AWP,WE,Towers with Display (VFR),0,2,17,0,19,0,3,188,0,191,0,5,205,0,210,170,0,170,380
07/13/2004,CMA,CA,AWP,WE,Towers with Display (VFR),0,0,0,0,0,0,5,120,1,126,0,5,120,1,126,30,2,32,158
07/14/2004,CMA,CA,AWP,WE,Towers with Display (VFR),0,0,0,0,0,0,0,192,0,192,0,0,192,0,192,0,0,0,192
07/15/2004,CMA,CA,AWP,WE,Towers with Display (VFR),0,1,7,0,8,0,3,191,0,194,0,4,198,0,202,34,0,34,236
07/16/2004,CMA,CA,AWP,WE,Towers with Display (VFR),0,2,16,0,18,0,4,265,0,269,0,6,281,0,287,186,0,186,473
07/17/2004,CMA,CA,AWP,WE,Towers with Display (VFR),0,3,23,0,26,0,6,469,0,475,0,9,492,0,501,202,0,202,703
07/18/2004,CMA,CA,AWP,WE,Towers with Display (VFR),0,3,29,0,32,0,5,288,0,293,0,8,317,0,325,200,0,200,525
07/19/2004,CMA,CA,AWP,WE,Towers with Display (VFR),0,2,23,0,25,0,1,211,0,212,0,3,234,0,237,212,0,212,449
07/20/2004,CMA,CA,AWP,WE,Towers with Display (VFR),0,4,40,0,44,0,6,242,0,248,0,10,282,0,292,290,0,290,582
07/21/2004,CMA,CA,AWP,WE,Towers with Display (VFR),0,4,35,0,39,0,2,226,0,228,0,6,261,0,267,180,0,180,447
07/22/2004,CMA,CA,AWP,WE,Towers with Display (VFR),0,3,34,0,37,0,4,221,0,225,0,7,255,0,262,302,0,302,564
07/23/2004,CMA,CA,AWP,WE,Towers with Display (VFR),0,4,59,0,63,0,0,202,0,202,0,4,261,0,265,220,0,220,485
07/24/2004,CMA,CA,AWP,WE,Towers with Display (VFR),0,4,36,0,40,0,4,305,0,309,0,8,341,0,349,192,0,192,541
07/25/2004,CMA,CA,AWP,WE,Towers with Display (VFR),0,2,24,0,26,0,0,436,0,436,0,2,460,0,462,262,0,262,724
07/26/2004,CMA,CA,AWP,WE,Towers with Display (VFR),0,3,46,0,49,0,0,200,0,200,0,3,246,0,249,140,0,140,389
07/27/2004,CMA,CA,AWP,WE,Towers with Display (VFR),0,5,47,0,52,0,5,216,0,221,0,10,263,0,273,222,0,222,495
07/28/2004,CMA,CA,AWP,WE,Towers with Display (VFR),0,5,51,0,56,0,0,229,0,229,0,5,280,0,285,146,0,146,431
07/29/2004,CMA,CA,AWP,WE,Towers with Display (VFR),0,4,42,0,46,0,1,208,0,209,0,5,250,0,255,264,0,264,519
07/30/2004,CMA,CA,AWP,WE,Towers with Display (VFR),0,6,54,0,60,0,4,258,0,262,0,10,312,0,322,166,0,166,488
07/31/2004,CMA,CA,AWP,WE,Towers with Display (VFR),0,5,45,0,50,0,1,277,0,278,0,6,322,0,328,212,0,212,540
08/01/2004,CMA,CA,AWP,WE,Towers with Display (VFR),0,7,66,0,73,0,0,232,0,232,0,7,298,0,305,216,0,216,521
08/02/2004,CMA,CA,AWP,WE,Towers with Display (VFR),0,5,44,0,49,0,3,138,1,142,0,8,182,1,191,190,0,190,381
08/03/2004,CMA,CA,AWP,WE,Towers with Display (VFR),0,3,19,0,22,0,6,201,0,207,0,9,220,0,229,146,0,146,375
08/04/2004,CMA,CA,AWP,WE,Towers with Display (VFR),0,4,45,0,49,0,0,205,0,205,0,4,250,0,254,228,0,228,482
08/05/2004,CMA,CA,AWP,WE,Towers with Display (VFR),0,2,58,0,60,0,0,207,2,209,0,2,265,2,269,296,0,296,565
08/06/2004,CMA,CA,AWP,WE,Towers with Display (VFR),0,3,37,0,40,0,0,226,0,226,0,3,263,0,266,214,0,214,480
08/07/2004,CMA,CA,AWP,WE,Towers with Display (VFR),0,4,30,0,34,0,0,377,0,377,0,4,407,0,411,296,0,296,707
08/08/2004,CMA,CA,AWP,WE,Towers with Display (VFR),0,4,45,0,49,0,0,304,0,304,0,4,349,0,353,206,0,206,559
08/09/2004,CMA,CA,AWP,WE,Towers with Display (VFR),0,3,30,0,33,0,0,238,0,238,0,3,268,0,271,174,0,174,445
08/10/2004,CMA,CA,AWP,WE,Towers with Display (VFR),0,2,20,0,22,0,6,231,0,237,0,8,251,0,259,255,0,255,514
08/11/2004,CMA,CA,AWP,WE,Towers with Display (VFR),0,4,41,0,45,0,8,259,0,267,0,12,300,0,312,238,0,238,550
08/12/2004,CMA,CA,AWP,WE,Towers with Display (VFR),0,6,57,0,63,0,2,128,0,130,0,8,185,0,193,162,0,162,355
08/13/2004,CMA,CA,AWP,WE,Towers with Display (VFR),0,3,33,0,36,0,1,223,0,224,0,4,256,0,260,146,0,146,406
08/14/2004,CMA,CA,AWP,WE,Towers with Display (VFR),0,2,31,0,33,0,0,386,0,386,0,2,417,0,419,204,0,204,623
08/15/2004,CMA,CA,AWP,WE,Towers with Display (VFR),0,4,40,0,44,0,7,299,0,306,0,11,339,0,350,264,0,264,614
08/16/2004,CMA,CA,AWP,WE,Towers with Display (VFR),0,4,47,0,51,0,4,113,0,117,0,8,160,0,168,118,0,118,286
08/17/2004,CMA,CA,AWP,WE,Towers with Display (VFR),0,4,47,0,51,0,3,124,0,127,0,7,171,0,178,182,0,182,360
08/18/2004,CMA,CA,AWP,WE,Towers with Display (VFR),0,7,71,0,78,0,0,117,0,117,0,7,188,0,195,74,0,74,269
08/19/2004,CMA,CA,AWP,WE,Towers with Display (VFR),0,6,58,0,64,0,2,211,0,213,0,8,269,0,277,112,0,112,389
08/20/2004,CMA,CA,AWP,WE,Towers with Display (VFR),0,5,50,0,55,0,4,202,2,208,0,9,252,2,263,172,0,172,435
08/21/2004,CMA,CA,AWP,WE,Towers with Display (VFR),0,3,41,0,44,0,0,173,0,173,0,3,214,0,217,210,0,210,427
08/22/2004,CMA,CA,AWP,WE,Towers with Display (VFR),0,4,40,0,44,0,4,291,0,295,0,8,331,0,339,310,0,310,649
08/23/2004,CMA,CA,AWP,WE,Towers with Display (VFR),0,3,36,0,39,0,1,163,0,164,0,4,199,0,203,192,0,192,395
08/24/2004,CMA,CA,AWP,WE,Towers with Display (VFR),0,4,41,0,45,0,6,206,1,213,0,10,247,1,258,210,0,210,468
08/25/2004,CMA,CA,AWP,WE,Towers with Display (VFR),0,4,48,0,52,0,2,240,0,242,0,6,288,0,294,252,0,252,546
08/26/2004,CMA,CA,AWP,WE,Towers with Display (VFR),0,5,57,0,62,0,9,263,2,274,0,14,320,2,336,218,0,218,554
08/27/2004,CMA,CA,AWP,WE,Towers with Display (VFR),0,2,33,0,35,0,0,331,0,331,0,2,364,0,366,198,0,198,564
08/28/2004,CMA,CA,AWP,WE,Towers with Display (VFR),0,0,38,0,38,0,0,303,0,303,0,0,341,0,341,116,0,116,457
08/29/2004,CMA,CA,AWP,WE,Towers with Display (VFR),0,3,34,0,37,0,3,285,0,288,0,6,319,0,325,94,0,94,419
08/30/2004,CMA,CA,AWP,WE,Towers with Display (VFR),0,3,29,0,32,0,0,205,0,205,0,3,234,0,237,194,0,194,431
08/31/2004,CMA,CA,AWP,WE,Towers with Display (VFR),0,3,33,0,36,0,5,178,0,183,0,8,211,0,219,180,0,180,399
09/01/2004,CMA,CA,AWP,WE,Towers with Display (VFR),0,2,24,0,26,0,0,296,4,300,0,2,320,4,326,184,0,184,510
09/02/2004,CMA,CA,AWP,WE,Towers with Display (VFR),0,6,43,0,49,0,6,240,2,248,0,12,283,2,297,224,0,224,521
09/03/2004,CMA,CA,AWP,WE,Towers with Display (VFR),0,6,52,0,58,0,10,259,0,269,0,16,311,0,327,248,0,248,575
09/04/2004,CMA,CA,AWP,WE,Towers with Display (VFR),0,3,18,0,21,0,2,326,0,328,0,5,344,0,349,314,0,314,663
09/05/2004,CMA,CA,AWP,WE,Towers with Display (VFR),0,3,17,0,20,0,1,380,0,381,0,4,397,0,401,280,0,280,681
09/06/2004,CMA,CA,AWP,WE,Towers with Display (VFR),0,5,41,0,46,0,1,359,0,360,0,6,400,0,406,270,0,270,676
09/07/2004,CMA,CA,AWP,WE,Towers with Display (VFR),0,2,34,0,36,0,0,243,0,243,0,2,277,0,279,220,0,220,499
09/08/2004,CMA,CA,AWP,WE,Towers with Display (VFR),0,5,39,0,44,0,2,221,0,223,0,7,260,0,267,326,0,326,593
09/09/2004,CMA,CA,AWP,WE,Towers with Display (VFR),0,6,55,1,62,0,7,247,1,255,0,13,302,2,317,166,0,166,483
09/10/2004,CMA,CA,AWP,WE,Towers with Display (VFR),0,4,40,1,45,0,10,258,1,269,0,14,298,2,314,330,0,330,644
09/11/2004,CMA,CA,AWP,WE,Towers with Display (VFR),0,2,21,0,23,0,1,370,0,371,0,3,391,0,394,210,0,210,604
09/12/2004,CMA,CA,AWP,WE,Towers with Display (VFR),0,3,33,0,36,0,5,283,0,288,0,8,316,0,324,258,0,258,582
09/13/2004,CMA,CA,AWP,WE,Towers with Display (VFR),0,4,36,0,40,0,8,195,0,203,0,12,231,0,243,204,0,204,447
09/14/2004,CMA,CA,AWP,WE,Towers with Display (VFR),0,6,57,0,63,0,0,161,0,161,0,6,218,0,224,152,0,152,376
09/15/2004,CMA,CA,AWP,WE,Towers with Display (VFR),0,5,48,1,54,0,11,209,1,221,0,16,257,2,275,240,0,240,515
09/16/2004,CMA,CA,AWP,WE,Towers with Display (VFR),0,7,70,0,77,0,1,193,0,194,0,8,263,0,271,224,0,224,495
09/17/2004,CMA,CA,AWP,WE,Towers with Display (VFR),0,5,63,0,68,0,0,219,0,219,0,5,282,0,287,208,0,208,495
09/18/2004,CMA,CA,AWP,WE,Towers with Display (VFR),0,4,38,0,42,0,4,216,1,221,0,8,254,1,263,228,0,228,491
09/19/2004,CMA,CA,AWP,WE,Towers with Display (VFR),0,2,26,0,28,0,4,237,0,241,0,6,263,0,269,124,0,124,393
09/20/2004,CMA,CA,AWP,WE,Towers with Display (VFR),0,3,34,0,37,0,5,201,0,206,0,8,235,0,243,194,0,194,437
09/21/2004,CMA,CA,AWP,WE,Towers with Display (VFR),0,3,31,0,34,0,4,101,1,106,0,7,132,1,140,32,0,32,172
09/22/2004,CMA,CA,AWP,WE,Towers with Display (VFR),0,4,42,0,46,0,7,178,0,185,0,11,220,0,231,178,0,178,409
09/23/2004,CMA,CA,AWP,WE,Towers with Display (VFR),0,5,50,0,55,0,7,277,0,284,0,12,327,0,339,208,0,208,547
09/24/2004,CMA,CA,AWP,WE,Towers with Display (VFR),0,4,40,0,44,0,4,299,0,303,0,8,339,0,347,188,0,188,535
09/25/2004,CMA,CA,AWP,WE,Towers with Display (VFR),0,3,27,0,30,0,2,287,0,289,0,5,314,0,319,242,0,242,561
09/26/2004,CMA,CA,AWP,WE,Towers with Display (VFR),0,4,43,0,47,0,6,269,0,275,0,10,312,0,322,237,0,237,559
09/27/2004,CMA,CA,AWP,WE,Towers with Display (VFR),0,4,35,0,39,0,2,118,0,120,0,6,153,0,159,174,0,174,333
09/28/2004,CMA,CA,AWP,WE,Towers with Display (VFR),0,5,46,0,51,0,2,158,0,160,0,7,204,0,211,278,0,278,489
09/29/2004,CMA,CA,AWP,WE,Towers with Display (VFR),0,4,41,0,45,0,5,152,0,157,0,9,193,0,202,194,0,194,396
09/30/2004,CMA,CA,AWP,WE,Towers with Display (VFR),0,5,57,0,62,0,0,188,0,188,0,5,245,0,250,250,0,250,500
10/01/2004,CMA,CA,AWP,WE,Towers with Display (VFR),0,11,66,1,78,0,3,193,1,197,0,14,259,2,275,212,0,212,487
10/02/2004,CMA,CA,AWP,WE,Towers with Display (VFR),0,2,42,0,44,0,4,338,0,342,0,6,380,0,386,292,0,292,678
10/03/2004,CMA,CA,AWP,WE,Towers with Display (VFR),0,3,36,0,39,0,4,296,0,300,0,7,332,0,339,136,0,136,475
10/04/2004,CMA,CA,AWP,WE,Towers with Display (VFR),0,7,37,0,44,0,8,128,0,136,0,15,165,0,180,146,0,146,326
10/05/2004,CMA,CA,AWP,WE,Towers with Display (VFR),0,11,45,0,56,0,7,164,0,171,0,18,209,0,227,168,0,168,395
10/06/2004,CMA,CA,AWP,WE,Towers with Display (VFR),0,5,58,0,63,0,7,183,0,190,0,12,241,0,253,104,0,104,357
10/07/2004,CMA,CA,AWP,WE,Towers with Display (VFR),0,8,68,0,76,0,4,176,0,180,0,12,244,0,256,158,0,158,414
10/08/2004,CMA,CA,AWP,WE,Towers with Display (VFR),0,4,47,0,51,0,5,237,0,242,0,9,284,0,293,194,0,194,487
10/09/2004,CMA,CA,AWP,WE,Towers with Display (VFR),0,0,39,0,39,0,10,145,0,155,0,10,184,0,194,198,0,198,392
10/10/2004,CMA,CA,AWP,WE,Towers with Display (VFR),0,3,62,0,65,0,0,263,0,263,0,3,325,0,328,164,0,164,492
10/11/2004,CMA,CA,AWP,WE,Towers with Display (VFR),0,10,43,0,53,0,2,243,0,245,0,12,286,0,298,228,0,228,526
10/12/2004,CMA,CA,AWP,WE,Towers with Display (VFR),0,4,47,0,51,0,1,152,3,156,0,5,199,3,207,148,0,148,355
10/13/2004,CMA,CA,AWP,WE,Towers with Display (VFR),0,8,33,2,43,0,0,155,0,155,0,8,188,2,198,224,0,224,422
10/14/2004,CMA,CA,AWP,WE,Towers with Display (VFR),0,1,46,0,47,0,3,175,0,178,0,4,221,0,225,188,0,188,413
10/15/2004,CMA,CA,AWP,WE,Towers with Display (VFR),0,6,55,0,61,0,4,147,0,151,0,10,202,0,212,226,0,226,438
10/16/2004,CMA,CA,AWP,WE,Towers with Display (VFR),0,0,70,0,70,0,1,175,0,176,0,1,245,0,246,268,0,268,514
10/17/2004,CMA,CA,AWP,WE,Towers with Display (VFR),0,0,59,0,59,0,0,121,0,121,0,0,180,0,180,208,0,208,388
10/18/2004,CMA,CA,AWP,WE,Towers with Display (VFR),0,0,0,0,0,0,0,44,0,44,0,0,44,0,44,0,0,0,44
10/19/2004,CMA,CA,AWP,WE,Towers with Display (VFR),0,8,47,0,55,0,3,41,0,44,0,11,88,0,99,16,0,16,115
10/20/2004,CMA,CA,AWP,WE,Towers with Display (VFR),0,0,45,0,45,0,2,82,0,84,0,2,127,0,129,93,0,93,222
10/21/2004,CMA,CA,AWP,WE,Towers with Display (VFR),0,6,35,0,41,0,6,260,0,266,0,12,295,0,307,292,0,292,599
10/22/2004,CMA,CA,AWP,WE,Towers with Display (VFR),0,7,34,2,43,0,4,273,0,277,0,11,307,2,320,156,0,156,476
10/23/2004,CMA,CA,AWP,WE,Towers with Display (VFR),0,0,38,0,38,0,2,387,0,389,0,2,425,0,427,197,0,197,624
10/24/2004,CMA,CA,AWP,WE,Towers with Display (VFR),0,0,59,0,59,0,3,269,0,272,0,3,328,0,331,210,0,210,541
10/25/2004,CMA,CA,AWP,WE,Towers with Display (VFR),0,3,55,0,58,0,5,167,0,172,0,8,222,0,230,230,0,230,460
10/26/2004,CMA,CA,AWP,WE,Towers with Display (VFR),0,1,39,0,40,0,1,59,0,60,0,2,98,0,100,90,0,90,190
10/27/2004,CMA,CA,AWP,WE,Towers with Display (VFR),0,4,39,0,43,0,10,49,0,59,0,14,88,0,102,102,0,102,204
10/28/2004,CMA,CA,AWP,WE,Towers with Display (VFR),0,6,36,0,42,0,1,197,0,198,0,7,233,0,240,250,0,250,490
10/29/2004,CMA,CA,AWP,WE,Towers with Display (VFR),0,8,62,0,70,0,3,243,0,246,0,11,305,0,316,212,0,212,528
10/30/2004,CMA,CA,AWP,WE,Towers with Display (VFR),0,5,30,0,35,0,1,356,0,357,0,6,386,0,392,171,0,171,563
10/31/2004,CMA,CA,AWP,WE,Towers with Display (VFR),0,6,36,0,42,0,0,258,0,258,0,6,294,0,300,128,0,128,428
11/01/2004,CMA,CA,AWP,WE,Towers with Radar,0,0,22,0,22,0,0,59,0,59,0,0,81,0,81,14,0,14,95
11/02/2004,CMA,CA,AWP,WE,Towers with Radar,0,10,28,0,38,0,5,200,0,205,0,15,228,0,243,160,0,160,403
11/03/2004,CMA,CA,AWP,WE,Towers with Radar,0,2,43,0,45,0,4,202,0,206,0,6,245,0,251,144,0,144,395
11/04/2004,CMA,CA,AWP,WE,Towers with Radar,0,10,48,0,58,0,7,146,0,153,0,17,194,0,211,246,0,246,457
11/05/2004,CMA,CA,AWP,WE,Towers with Radar,0,9,47,0,56,0,1,220,0,221,0,10,267,0,277,200,0,200,477
11/06/2004,CMA,CA,AWP,WE,Towers with Radar,0,4,49,0,53,0,1,266,0,267,0,5,315,0,320,196,0,196,516
11/07/2004,CMA,CA,AWP,WE,Towers with Radar,0,5,57,0,62,0,1,168,0,169,0,6,225,0,231,182,0,182,413
11/08/2004,CMA,CA,AWP,WE,Towers with Radar,0,9,32,0,41,0,2,152,0,154,0,11,184,0,195,174,0,174,369
11/09/2004,CMA,CA,AWP,WE,Towers with Radar,0,7,46,0,53,0,5,196,0,201,0,12,242,0,254,330,0,330,584
11/10/2004,CMA,CA,AWP,WE,Towers with Radar,0,8,54,0,62,0,4,177,0,181,0,12,231,0,243,188,0,188,431
11/11/2004,CMA,CA,AWP,WE,Towers with Radar,0,5,76,0,81,0,5,202,0,207,0,10,278,0,288,225,0,225,513
11/12/2004,CMA,CA,AWP,WE,Towers with Radar,0,10,55,0,65,0,8,253,0,261,0,18,308,0,326,154,0,154,480
11/13/2004,CMA,CA,AWP,WE,Towers with Radar,0,6,52,0,58,0,2,258,0,260,0,8,310,0,318,206,0,206,524
11/14/2004,CMA,CA,AWP,WE,Towers with Radar,0,1,32,0,33,0,0,221,2,223,0,1,253,2,256,134,0,134,390
11/15/2004,CMA,CA,AWP,WE,Towers with Radar,0,2,20,0,22,0,0,167,0,167,0,2,187,0,189,198,0,198,387
11/16/2004,CMA,CA,AWP,WE,Towers with Radar,0,5,35,0,40,0,5,253,0,258,0,10,288,0,298,154,0,154,452
11/17/2004,CMA,CA,AWP,WE,Towers with Radar,0,5,39,0,44,0,2,220,0,222,0,7,259,0,266,186,0,186,452
11/18/2004,CMA,CA,AWP,WE,Towers with Radar,0,5,45,0,50,0,1,228,0,229,0,6,273,0,279,238,0,238,517
11/19/2004,CMA,CA,AWP,WE,Towers with Radar,0,5,57,2,64,0,12,279,0,291,0,17,336,2,355,266,0,266,621
11/20/2004,CMA,CA,AWP,WE,Towers with Radar,0,1,42,0,43,0,0,302,0,302,0,1,344,0,345,164,0,164,509
11/21/2004,CMA,CA,AWP,WE,Towers with Radar,0,1,29,0,30,0,2,109,0,111,0,3,138,0,141,118,0,118,259
11/22/2004,CMA,CA,AWP,WE,Towers with Radar,0,9,25,2,36,0,1,141,0,142,0,10,166,2,178,132,0,132,310
11/23/2004,CMA,CA,AWP,WE,Towers with Radar,0,4,49,0,53,0,3,192,0,195,0,7,241,0,248,166,0,166,414
11/24/2004,CMA,CA,AWP,WE,Towers with Radar,0,7,43,0,50,0,1,270,0,271,0,8,313,0,321,286,0,286,607
11/25/2004,CMA,CA,AWP,WE,Towers with Radar,0,2,14,0,16,0,0,85,0,85,0,2,99,0,101,74,0,74,175
11/26/2004,CMA,CA,AWP,WE,Towers with Radar,0,2,44,0,46,0,3,245,0,248,0,5,289,0,294,214,0,214,508
11/27/2004,CMA,CA,AWP,WE,Towers with Radar,0,6,66,0,72,0,1,71,0,72,0,7,137,0,144,113,0,113,257
11/28/2004,CMA,CA,AWP,WE,Towers with Radar,0,11,25,0,36,0,1,192,0,193,0,12,217,0,229,146,0,146,375
11/29/2004,CMA,CA,AWP,WE,Towers with Radar,0,4,23,0,27,0,3,116,0,119,0,7,139,0,146,60,0,60,206
11/30/2004,CMA,CA,AWP,WE,Towers with Radar,0,5,32,0,37,0,2,198,4,204,0,7,230,4,241,202,0,202,443
12/01/2004,CMA,CA,AWP,WE,Towers with Radar,0,2,27,0,29,0,1,183,0,184,0,3,210,0,213,114,0,114,327
12/02/2004,CMA,CA,AWP,WE,Towers with Radar,0,7,43,0,50,0,4,134,0,138,0,11,177,0,188,36,0,36,224
12/03/2004,CMA,CA,AWP,WE,Towers with Radar,0,3,36,0,39,0,5,133,0,138,0,8,169,0,177,132,0,132,309
12/04/2004,CMA,CA,AWP,WE,Towers with Radar,0,8,51,0,59,0,3,366,0,369,0,11,417,0,428,184,0,184,612
12/05/2004,CMA,CA,AWP,WE,Towers with Radar,0,8,35,0,43,0,3,76,0,79,0,11,111,0,122,39,0,39,161
12/06/2004,CMA,CA,AWP,WE,Towers with Radar,0,8,33,0,41,0,1,162,0,163,0,9,195,0,204,276,0,276,480
12/07/2004,CMA,CA,AWP,WE,Towers with Radar,0,14,30,0,44,0,2,46,0,48,0,16,76,0,92,80,0,80,172
12/08/2004,CMA,CA,AWP,WE,Towers with Radar,0,6,65,0,71,0,4,98,0,102,0,10,163,0,173,262,0,262,435
12/09/2004,CMA,CA,AWP,WE,Towers with Radar,0,13,50,0,63,0,7,183,54,244,0,20,233,54,307,236,0,236,543
12/10/2004,CMA,CA,AWP,WE,Towers with Radar,0,2,43,0,45,0,3,260,0,263,0,5,303,0,308,256,0,256,564
12/11/2004,CMA,CA,AWP,WE,Towers with Radar,0,0,37,0,37,0,2,442,0,444,0,2,479,0,481,140,0,140,621
12/12/2004,CMA,CA,AWP,WE,Towers with Radar,0,6,75,0,81,0,7,147,0,154,0,13,222,0,235,186,0,186,421
12/13/2004,CMA,CA,AWP,WE,Towers with Radar,0,3,50,0,53,0,0,133,2,135,0,3,183,2,188,204,0,204,392
12/14/2004,CMA,CA,AWP,WE,Towers with Radar,0,9,55,0,64,0,3,246,0,249,0,12,301,0,313,126,0,126,439
12/15/2004,CMA,CA,AWP,WE,Towers with Radar,0,2,35,0,37,0,0,168,0,168,0,2,203,0,205,54,0,54,259
12/16/2004,CMA,CA,AWP,WE,Towers with Radar,0,2,12,0,14,0,2,53,0,55,0,4,65,0,69,2,0,2,71
12/17/2004,CMA,CA,AWP,WE,Towers with Radar,0,3,18,0,21,0,2,87,0,89,0,5,105,0,110,22,0,22,132
12/18/2004,CMA,CA,AWP,WE,Towers with Radar,0,3,31,0,34,0,1,242,0,243,0,4,273,0,277,130,0,130,407
12/19/2004,CMA,CA,AWP,WE,Towers with Radar,0,2,36,0,38,0,0,343,0,343,0,2,379,0,381,204,0,204,585
12/20/2004,CMA,CA,AWP,WE,Towers with Radar,0,2,40,0,42,0,0,239,0,239,0,2,279,0,281,250,0,250,531
12/21/2004,CMA,CA,AWP,WE,Towers with Radar,0,2,40,0,42,0,0,260,0,260,0,2,300,0,302,108,0,108,410
12/22/2004,CMA,CA,AWP,WE,Towers with Radar,0,3,25,0,28,0,0,182,0,182,0,3,207,0,210,147,0,147,357
12/23/2004,CMA,CA,AWP,WE,Towers with Radar,0,4,24,0,28,0,2,136,0,138,0,6,160,0,166,72,0,72,238
12/24/2004,CMA,CA,AWP,WE,Towers with Radar,0,1,23,0,24,0,0,127,0,127,0,1,150,0,151,36,0,36,187
12/25/2004,CMA,CA,AWP,WE,Towers with Radar,0,2,12,0,14,0,0,99,0,99,0,2,111,0,113,38,0,38,151
12/26/2004,CMA,CA,AWP,WE,Towers with Radar,0,1,44,0,45,0,0,226,0,226,0,1,270,0,271,234,0,234,505
12/27/2004,CMA,CA,AWP,WE,Towers with Radar,0,1,44,0,45,0,1,55,0,56,0,2,99,0,101,12,0,12,113
12/28/2004,CMA,CA,AWP,WE,Towers with Radar,0,3,23,0,26,0,0,46,0,46,0,3,69,0,72,48,0,48,120
12/29/2004,CMA,CA,AWP,WE,Towers with Radar,0,5,35,0,40,0,3,47,7,57,0,8,82,7,97,60,6,66,163
12/30/2004,CMA,CA,AWP,WE,Towers with Radar,0,4,65,0,69,0,4,169,0,173,0,8,234,0,242,144,0,144,386
12/31/2004,CMA,CA,AWP,WE,Towers with Radar,0,6,28,0,34,0,2,62,0,64,0,8,90,0,98,32,0,32,130
01/01/2005,CMA,CA,AWP,WE,Towers with Radar,0,3,25,0,28,0,0,109,3,112,0,3,134,3,140,122,0,122,262
01/02/2005,CMA,CA,AWP,WE,Towers with Radar,0,0,69,0,69,0,0,52,0,52,0,0,121,0,121,38,0,38,159
01/03/2005,CMA,CA,AWP,WE,Towers with Radar,0,4,13,0,17,0,0,87,0,87,0,4,100,0,104,112,0,112,216
01/04/2005,CMA,CA,AWP,WE,Towers with Radar,0,2,24,0,26,0,1,108,0,109,0,3,132,0,135,132,0,132,267
01/05/2005,CMA,CA,AWP,WE,Towers with Radar,0,6,40,0,46,0,1,217,0,218,0,7,257,0,264,212,0,212,476
01/06/2005,CMA,CA,AWP,WE,Towers with Radar,0,2,52,0,54,0,2,165,0,167,0,4,217,0,221,184,0,184,405
01/07/2005,CMA,CA,AWP,WE,Towers with Radar,0,3,13,0,16,0,0,5,0,5,0,3,18,0,21,0,0,0,21
01/08/2005,CMA,CA,AWP,WE,Towers with Radar,0,3,29,0,32,0,0,67,0,67,0,3,96,0,99,58,0,58,157
01/09/2005,CMA,CA,AWP,WE,Towers with Radar,0,1,13,0,14,0,0,0,0,0,0,1,13,0,14,0,0,0,14
01/10/2005,CMA,CA,AWP,WE,Towers with Radar,0,4,19,0,23,0,0,10,0,10,0,4,29,0,33,0,0,0,33
01/11/2005,CMA,CA,AWP,WE,Towers with Radar,0,3,31,0,34,0,11,135,0,146,0,14,166,0,180,56,0,56,236
01/12/2005,CMA,CA,AWP,WE,Towers with Radar,0,5,37,0,42,0,10,318,4,332,0,15,355,4,374,154,0,154,528
01/13/2005,CMA,CA,AWP,WE,Towers with Radar,0,12,56,2,70,0,7,284,0,291,0,19,340,2,361,168,0,168,529
01/14/2005,CMA,CA,AWP,WE,Towers with Radar,0,4,37,0,41,0,3,337,0,340,0,7,374,0,381,96,0,96,477
01/15/2005,CMA,CA,AWP,WE,Towers with Radar,0,1,40,0,41,0,0,387,0,387,0,1,427,0,428,190,0,190,618
01/16/2005,CMA,CA,AWP,WE,Towers with Radar,0,1,31,0,32,0,0,409,0,409,0,1,440,0,441,170,0,170,611
01/17/2005,CMA,CA,AWP,WE,Towers with Radar,0,6,36,0,42,0,5,233,0,238,0,11,269,0,280,222,0,222,502
01/18/2005,CMA,CA,AWP,WE,Towers with Radar,0,5,35,0,40,0,1,124,0,125,0,6,159,0,165,78,0,78,243
01/19/2005,CMA,CA,AWP,WE,Towers with Radar,0,3,32,0,35,0,3,220,0,223,0,6,252,0,258,72,0,72,330
01/20/2005,CMA,CA,AWP,WE,Towers with Radar,0,9,45,0,54,0,6,273,0,279,0,15,318,0,333,275,0,275,608
01/21/2005,CMA,CA,AWP,WE,Towers with Radar,0,8,50,0,58,0,1,250,0,251,0,9,300,0,309,168,0,168,477
01/22/2005,CMA,CA,AWP,WE,Towers with Radar,0,8,51,0,59,0,2,296,0,298,0,10,347,0,357,254,0,254,611
01/23/2005,CMA,CA,AWP,WE,Towers with Radar,0,5,71,0,76,0,0,233,0,233,0,5,304,0,309,124,0,124,433
01/24/2005,CMA,CA,AWP,WE,Towers with Radar,0,4,33,0,37,0,2,206,0,208,0,6,239,0,245,196,0,196,441
01/25/2005,CMA,CA,AWP,WE,Towers with Radar,0,0,45,0,45,0,2,147,0,149,0,2,192,0,194,228,0,228,422
01/26/2005,CMA,CA,AWP,WE,Towers with Radar,0,2,62,0,64,0,1,64,0,65,0,3,126,0,129,64,0,64,193
01/27/2005,CMA,CA,AWP,WE,Towers with Radar,0,2,74,0,76,0,2,194,0,196,0,4,268,0,272,248,0,248,520
01/28/2005,CMA,CA,AWP,WE,Towers with Radar,0,7,49,0,56,0,0,111,0,111,0,7,160,0,167,134,0,134,301
01/29/2005,CMA,CA,AWP,WE,Towers with Radar,0,6,33,0,39,0,3,337,0,340,0,9,370,0,379,292,0,292,671
01/30/2005,CMA,CA,AWP,WE,Towers with Radar,0,2,43,0,45,0,1,271,0,272,0,3,314,0,317,206,0,206,523
01/31/2005,CMA,CA,AWP,WE,Towers with Radar,0,4,22,0,26,0,1,146,0,147,0,5,168,0,173,130,0,130,303
02/01/2005,CMA,CA,AWP,WE,Towers with Radar,0,6,24,0,30,0,4,160,0,164,0,10,184,0,194,124,0,124,318
02/02/2005,CMA,CA,AWP,WE,Towers with Radar,0,7,24,0,31,0,6,122,0,128,0,13,146,0,159,70,0,70,229
02/03/2005,CMA,CA,AWP,WE,Towers with Radar,0,4,44,0,48,0,1,160,0,161,0,5,204,0,209,36,0,36,245
02/04/2005,CMA,CA,AWP,WE,Towers with Radar,0,2,31,0,33,0,2,259,0,261,0,4,290,0,294,208,0,208,502
02/05/2005,CMA,CA,AWP,WE,Towers with Radar,0,5,36,0,41,0,0,462,0,462,0,5,498,0,503,264,0,264,767
02/06/2005,CMA,CA,AWP,WE,Towers with Radar,0,1,51,0,52,0,0,172,0,172,0,1,223,0,224,196,0,196,420
02/07/2005,CMA,CA,AWP,WE,Towers with Radar,0,3,55,0,58,0,2,129,0,131,0,5,184,0,189,220,0,220,409
02/08/2005,CMA,CA,AWP,WE,Towers with Radar,0,1,43,0,44,0,4,228,0,232,0,5,271,0,276,162,0,162,438
02/09/2005,CMA,CA,AWP,WE,Towers with Radar,0,1,41,0,42,0,0,208,0,208,0,1,249,0,250,138,0,138,388
02/10/2005,CMA,CA,AWP,WE,Towers with Radar,0,8,52,0,60,0,0,174,0,174,0,8,226,0,234,108,0,108,342
02/11/2005,CMA,CA,AWP,WE,Towers with Radar,0,6,36,0,42,0,9,26,0,35,0,15,62,0,77,12,0,12,89
02/12/2005,CMA,CA,AWP,WE,Towers with Radar,0,5,27,1,33,0,0,224,0,224,0,5,251,1,257,142,0,142,399
02/13/2005,CMA,CA,AWP,WE,Towers with Radar,0,4,64,0,68,0,2,156,0,158,0,6,220,0,226,146,0,146,372
02/14/2005,CMA,CA,AWP,WE,Towers with Radar,0,4,37,0,41,0,3,135,0,138,0,7,172,0,179,130,0,130,309
02/15/2005,CMA,CA,AWP,WE,Towers with Radar,0,9,39,0,48,0,1,167,2,170,0,10,206,2,218,160,0,160,378
02/16/2005,CMA,CA,AWP,WE,Towers with Radar,0,10,48,0,58,0,2,143,0,145,0,12,191,0,203,238,0,238,441
02/17/2005,CMA,CA,AWP,WE,Towers with Radar,0,12,35,0,47,0,3,108,0,111,0,15,143,0,158,112,0,112,270
02/18/2005,CMA,CA,AWP,WE,Towers with Radar,0,2,42,0,44,0,1,31,0,32,0,3,73,0,76,24,0,24,100
02/19/2005,CMA,CA,AWP,WE,Towers with Radar,0,4,22,0,26,0,1,49,0,50,0,5,71,0,76,14,0,14,90
02/20/2005,CMA,CA,AWP,WE,Towers with Radar,0,5,29,1,35,0,1,82,0,83,0,6,111,1,118,72,0,72,190
02/21/2005,CMA,CA,AWP,WE,Towers with Radar,0,5,25,0,30,0,0,27,0,27,0,5,52,0,57,4,0,4,61
02/22/2005,CMA,CA,AWP,WE,Towers with Radar,0,2,27,0,29,0,0,14,3,17,0,2,41,3,46,30,0,30,76
02/23/2005,CMA,CA,AWP,WE,Towers with Radar,0,9,27,0,36,0,9,180,0,189,0,18,207,0,225,186,0,186,411
02/24/2005,CMA,CA,AWP,WE,Towers with Radar,0,7,46,0,53,0,1,296,0,297,0,8,342,0,350,180,0,180,530
02/25/2005,CMA,CA,AWP,WE,Towers with Radar,0,8,58,0,66,0,0,218,0,218,0,8,276,0,284,340,0,340,624
02/26/2005,CMA,CA,AWP,WE,Towers with Radar,0,3,84,0,87,0,1,261,0,262,0,4,345,0,349,210,0,210,559
02/27/2005,CMA,CA,AWP,WE,Towers with Radar,0,3,61,1,65,0,0,303,1,304,0,3,364,2,369,200,0,200,569
02/28/2005,CMA,CA,AWP,WE,Towers with Radar,0,5,50,0,55,0,2,75,0,77,0,7,125,0,132,62,0,62,194
03/01/2005,CMA,CA,AWP,WE,Towers with Radar,0,5,43,0,48,0,0,154,0,154,0,5,197,0,202,100,0,100,302
03/02/2005,CMA,CA,AWP,WE,Towers with Radar,0,11,54,0,65,0,0,138,0,138,0,11,192,0,203,108,0,108,311
03/03/2005,CMA,CA,AWP,WE,Towers with Radar,0,8,62,0,70,0,3,206,0,209,0,11,268,0,279,194,0,194,473
03/04/2005,CMA,CA,AWP,WE,Towers with Radar,0,8,42,0,50,0,0,93,0,93,0,8,135,0,143,88,0,88,231
03/05/2005,CMA,CA,AWP,WE,Towers with Radar,0,2,41,0,43,0,0,300,0,300,0,2,341,0,343,276,0,276,619
03/06/2005,CMA,CA,AWP,WE,Towers with Radar,0,6,48,0,54,0,0,432,0,432,0,6,480,0,486,136,0,136,622
03/07/2005,CMA,CA,AWP,WE,Towers with Radar,0,3,39,0,42,0,3,252,0,255,0,6,291,0,297,158,0,158,455
03/08/2005,CMA,CA,AWP,WE,Towers with Radar,0,3,62,0,65,0,0,146,0,146,0,3,208,0,211,140,0,140,351
03/09/2005,CMA,CA,AWP,WE,Towers with Radar,0,4,59,0,63,0,0,130,0,130,0,4,189,0,193,196,0,196,389
03/10/2005,CMA,CA,AWP,WE,Towers with Radar,0,3,21,0,24,0,3,188,0,191,0,6,209,0,215,98,0,98,313
03/11/2005,CMA,CA,AWP,WE,Towers with Radar,0,8,81,0,89,0,0,134,0,134,0,8,215,0,223,122,0,122,345
03/12/2005,CMA,CA,AWP,WE,Towers with Radar,0,1,85,0,86,0,1,119,0,120,0,2,204,0,206,159,0,159,365
03/13/2005,CMA,CA,AWP,WE,Towers with Radar,0,6,87,0,93,0,0,87,0,87,0,6,174,0,180,166,0,166,346
03/14/2005,CMA,CA,AWP,WE,Towers with Radar,0,2,29,0,31,0,6,69,0,75,0,8,98,0,106,46,0,46,152
03/15/2005,CMA,CA,AWP,WE,Towers with Radar,0,7,37,0,44,0,1,263,0,264,0,8,300,0,308,102,0,102,410
03/16/2005,CMA,CA,AWP,WE,Towers with Radar,0,8,41,0,49,0,3,335,0,338,0,11,376,0,387,192,0,192,579
03/17/2005,CMA,CA,AWP,WE,Towers with Radar,0,4,43,0,47,0,4,278,0,282,0,8,321,0,329,160,0,160,489
03/18/2005,CMA,CA,AWP,WE,Towers with Radar,0,6,64,0,70,0,0,45,0,45,0,6,109,0,115,56,0,56,171
03/19/2005,CMA,CA,AWP,WE,Towers with Radar,0,0,26,0,26,0,0,31,0,31,0,0,57,0,57,50,0,50,107
03/20/2005,CMA,CA,AWP,WE,Towers with Radar,0,0,36,0,36,0,0,314,0,314,0,0,350,0,350,110,0,110,460
03/21/2005,CMA,CA,AWP,WE,Towers with Radar,0,8,38,4,50,0,2,170,0,172,0,10,208,4,222,200,0,200,422
03/22/2005,CMA,CA,AWP,WE,Towers with Radar,0,6,42,6,54,0,0,29,0,29,0,6,71,6,83,168,0,168,251
03/23/2005,CMA,CA,AWP,WE,Towers with Radar,0,4,51,0,55,0,1,114,0,115,0,5,165,0,170,108,0,108,278
03/24/2005,CMA,CA,AWP,WE,Towers with Radar,0,4,61,0,65,0,0,131,0,131,0,4,192,0,196,180,0,180,376
03/25/2005,CMA,CA,AWP,WE,Towers with Radar,0,7,41,0,48,0,0,374,0,374,0,7,415,0,422,192,0,192,614
03/26/2005,CMA,CA,AWP,WE,Towers with Radar,0,1,40,0,41,0,1,303,0,304,0,2,343,0,345,198,0,198,543
03/27/2005,CMA,CA,AWP,WE,Towers with Radar,0,5,19,0,24,0,0,253,0,253,0,5,272,0,277,136,0,136,413
03/28/2005,CMA,CA,AWP,WE,Towers with Radar,0,4,36,0,40,0,8,92,0,100,0,12,128,0,140,102,0,102,242
03/29/2005,CMA,CA,AWP,WE,Towers with Radar,0,3,25,0,28,0,3,170,0,173,0,6,195,0,201,152,0,152,353
03/30/2005,CMA,CA,AWP,WE,Towers with Radar,0,4,24,0,28,0,5,153,0,158,0,9,177,0,186,164,0,164,350
03/31/2005,CMA,CA,AWP,WE,Towers with Radar,0,11,23,2,36,0,1,49,0,50,0,12,72,2,86,0,0,0,86
04/01/2005,CMA,CA,AWP,WE,Towers with Radar,0,7,34,0,41,0,0,213,0,213,0,7,247,0,254,184,0,184,438
04/02/2005,CMA,CA,AWP,WE,Towers with Radar,0,2,35,0,37,0,0,479,0,479,0,2,514,0,516,172,0,172,688
04/03/2005,CMA,CA,AWP,WE,Towers with Radar,0,4,60,0,64,0,0,278,0,278,0,4,338,0,342,234,0,234,576
04/04/2005,CMA,CA,AWP,WE,Towers with Radar,0,11,30,0,41,0,1,191,0,192,0,12,221,0,233,234,0,234,467
04/05/2005,CMA,CA,AWP,WE,Towers with Radar,0,3,17,0,20,0,3,210,0,213,0,6,227,0,233,204,0,204,437
04/06/2005,CMA,CA,AWP,WE,Towers with Radar,0,0,41,0,41,0,1,214,0,215,0,1,255,0,256,216,0,216,472
04/07/2005,CMA,CA,AWP,WE,Towers with Radar,0,1,51,0,52,0,0,164,0,164,0,1,215,0,216,218,6,224,440
04/08/2005,CMA,CA,AWP,WE,Towers with Radar,0,1,38,2,41,0,1,175,0,176,0,2,213,2,217,110,0,110,327
04/09/2005,CMA,CA,AWP,WE,Towers with Radar,0,0,20,0,20,0,0,216,0,216,0,0,236,0,236,172,0,172,408
04/10/2005,CMA,CA,AWP,WE,Towers with Radar,0,6,33,0,39,0,0,355,0,355,0,6,388,0,394,144,0,144,538
04/11/2005,CMA,CA,AWP,WE,Towers with Radar,0,8,17,0,25,0,0,178,0,178,0,8,195,0,203,146,0,146,349
04/12/2005,CMA,CA,AWP,WE,Towers with Radar,0,7,28,0,35,0,4,209,0,213,0,11,237,0,248,152,0,152,400
04/13/2005,CMA,CA,AWP,WE,Towers with Radar,0,6,32,0,38,0,3,207,0,210,0,9,239,0,248,186,0,186,434
04/14/2005,CMA,CA,AWP,WE,Towers with Radar,0,5,23,0,28,0,2,222,0,224,0,7,245,0,252,234,0,234,486
04/15/2005,CMA,CA,AWP,WE,Towers with Radar,0,2,32,0,34,0,3,302,0,305,0,5,334,0,339,188,0,188,527
04/16/2005,CMA,CA,AWP,WE,Towers with Radar,0,2,32,0,34,0,2,322,0,324,0,4,354,0,358,224,0,224,582
04/17/2005,CMA,CA,AWP,WE,Towers with Radar,0,5,49,0,54,0,2,247,0,249,0,7,296,0,303,186,0,186,489
04/18/2005,CMA,CA,AWP,WE,Towers with Radar,0,6,70,0,76,0,0,41,0,41,0,6,111,0,117,82,0,82,199
04/19/2005,CMA,CA,AWP,WE,Towers with Radar,0,6,32,0,38,0,3,180,0,183,0,9,212,0,221,178,0,178,399
04/20/2005,CMA,CA,AWP,WE,Towers with Radar,0,2,24,0,26,0,1,213,0,214,0,3,237,0,240,140,0,140,380
04/21/2005,CMA,CA,AWP,WE,Towers with Radar,0,5,47,0,52,0,2,251,0,253,0,7,298,0,305,158,0,158,463
04/22/2005,CMA,CA,AWP,WE,Towers with Radar,0,8,58,0,66,3,0,176,0,179,3,8,234,0,245,190,0,190,435
04/23/2005,CMA,CA,AWP,WE,Towers with Radar,0,1,50,0,51,0,1,286,0,287,0,2,336,0,338,190,0,190,528
04/24/2005,CMA,CA,AWP,WE,Towers with Radar,0,1,49,0,50,0,0,195,0,195,0,1,244,0,245,132,0,132,377
04/25/2005,CMA,CA,AWP,WE,Towers with Radar,0,0,39,0,39,0,6,235,0,241,0,6,274,0,280,130,0,130,410
04/26/2005,CMA,CA,AWP,WE,Towers with Radar,0,6,41,0,47,0,0,240,0,240,0,6,281,0,287,230,0,230,517
04/27/2005,CMA,CA,AWP,WE,Towers with Radar,0,0,48,0,48,0,5,144,0,149,0,5,192,0,197,150,0,150,347
04/28/2005,CMA,CA,AWP,WE,Towers with Radar,0,14,45,0,59,0,1,105,0,106,0,15,150,0,165,142,0,142,307
04/29/2005,CMA,CA,AWP,WE,Towers with Radar,0,3,49,0,52,0,4,294,0,298,0,7,343,0,350,176,0,176,526
04/30/2005,CMA,CA,AWP,WE,Towers with Radar,0,4,38,0,42,0,0,292,0,292,0,4,330,0,334,198,0,198,532
05/01/2005,CMA,CA,AWP,WE,Towers with Radar,0,6,50,0,56,0,5,296,0,301,0,11,346,0,357,170,0,170,527
05/02/2005,CMA,CA,AWP,WE,Towers with Radar,0,3,36,0,39,0,3,212,0,215,0,6,248,0,254,108,0,108,362
05/03/2005,CMA,CA,AWP,WE,Towers with Radar,0,4,34,0,38,0,3,235,0,238,0,7,269,0,276,192,0,192,468
05/04/2005,CMA,CA,AWP,WE,Towers with Radar,0,6,70,0,76,0,1,69,0,70,0,7,139,0,146,142,0,142,288
05/05/2005,CMA,CA,AWP,WE,Towers with Radar,0,5,48,0,53,0,2,48,0,50,0,7,96,0,103,46,0,46,149
05/06/2005,CMA,CA,AWP,WE,Towers with Radar,0,2,35,0,37,0,1,172,0,173,0,3,207,0,210,158,0,158,368
05/07/2005,CMA,CA,AWP,WE,Towers with Radar,0,5,51,0,56,0,0,363,2,365,0,5,414,2,421,196,0,196,617
05/08/2005,CMA,CA,AWP,WE,Towers with Radar,0,5,37,0,42,0,0,208,0,208,0,5,245,0,250,236,0,236,486
05/09/2005,CMA,CA,AWP,WE,Towers with Radar,0,8,57,0,65,0,0,68,0,68,0,8,125,0,133,162,0,162,295
05/10/2005,CMA,CA,AWP,WE,Towers with Radar,0,4,35,0,39,0,0,234,0,234,0,4,269,0,273,192,0,192,465
05/11/2005,CMA,CA,AWP,WE,Towers with Radar,0,6,43,0,49,0,3,274,0,277,0,9,317,0,326,366,0,366,692
05/12/2005,CMA,CA,AWP,WE,Towers with Radar,0,5,67,0,72,0,2,279,0,281,0,7,346,0,353,290,0,290,643
05/13/2005,CMA,CA,AWP,WE,Towers with Radar,0,2,53,0,55,0,1,257,0,258,0,3,310,0,313,254,0,254,567
05/14/2005,CMA,CA,AWP,WE,Towers with Radar,0,1,35,0,36,0,1,373,0,374,0,2,408,0,410,182,0,182,592
05/15/2005,CMA,CA,AWP,WE,Towers with Radar,0,8,42,0,50,0,0,280,0,280,0,8,322,0,330,190,0,190,520
05/16/2005,CMA,CA,AWP,WE,Towers with Radar,0,6,54,0,60,0,1,60,0,61,0,7,114,0,121,78,0,78,199
05/17/2005,CMA,CA,AWP,WE,Towers with Radar,0,5,65,0,70,0,0,251,0,251,0,5,316,0,321,196,0,196,517
05/18/2005,CMA,CA,AWP,WE,Towers with Radar,0,2,72,0,74,0,1,231,0,232,0,3,303,0,306,168,0,168,474
05/19/2005,CMA,CA,AWP,WE,Towers with Radar,0,7,45,0,52,0,3,292,0,295,0,10,337,0,347,266,0,266,613
05/20/2005,CMA,CA,AWP,WE,Towers with Radar,0,6,36,0,42,0,1,277,0,278,0,7,313,0,320,180,0,180,500
05/21/2005,CMA,CA,AWP,WE,Towers with Radar,0,0,33,0,33,0,3,312,0,315,0,3,345,0,348,40,0,40,388
05/22/2005,CMA,CA,AWP,WE,Towers with Radar,0,5,30,0,35,0,0,312,2,314,0,5,342,2,349,176,0,176,525
05/23/2005,CMA,CA,AWP,WE,Towers with Radar,0,7,52,0,59,0,4,135,0,139,0,11,187,0,198,120,0,120,318
05/24/2005,CMA,CA,AWP,WE,Towers with Radar,0,5,94,0,99,0,0,93,0,93,0,5,187,0,192,129,0,129,321
05/25/2005,CMA,CA,AWP,WE,Towers with Radar,0,5,78,0,83,0,0,101,0,101,0,5,179,0,184,138,0,138,322
05/26/2005,CMA,CA,AWP,WE,Towers with Radar,0,4,83,0,87,0,0,75,0,75,0,4,158,0,162,92,0,92,254
05/27/2005,CMA,CA,AWP,WE,Towers with Radar,0,9,97,0,106,0,2,52,0,54,0,11,149,0,160,70,0,70,230
05/28/2005,CMA,CA,AWP,WE,Towers with Radar,0,6,76,0,82,0,0,118,0,118,0,6,194,0,200,274,0,274,474
05/29/2005,CMA,CA,AWP,WE,Towers with Radar,0,0,39,0,39,0,0,135,0,135,0,0,174,0,174,146,0,146,320
05/30/2005,CMA,CA,AWP,WE,Towers with Radar,0,1,43,0,44,0,0,305,0,305,0,1,348,0,349,218,0,218,567
05/31/2005,CMA,CA,AWP,WE,Towers with Radar,0,0,27,0,27,0,0,231,0,231,0,0,258,0,258,259,0,259,517
06/01/2005,CMA,CA,AWP,WE,Towers with Radar,0,2,91,0,93,0,1,62,0,63,0,3,153,0,156,14,0,14,170
06/02/2005,CMA,CA,AWP,WE,Towers with Radar,0,6,98,0,104,0,2,122,0,124,0,8,220,0,228,256,0,256,484
06/03/2005,CMA,CA,AWP,WE,Towers with Radar,0,3,42,0,45,0,5,228,0,233,0,8,270,0,278,314,0,314,592
06/04/2005,CMA,CA,AWP,WE,Towers with Radar,0,0,81,0,81,0,0,176,0,176,0,0,257,0,257,302,0,302,559
06/05/2005,CMA,CA,AWP,WE,Towers with Radar,0,4,51,0,55,0,0,209,0,209,0,4,260,0,264,214,0,214,478
06/06/2005,CMA,CA,AWP,WE,Towers with Radar,0,3,36,0,39,0,0,215,0,215,0,3,251,0,254,236,0,236,490
06/07/2005,CMA,CA,AWP,WE,Towers with Radar,0,8,36,0,44,0,3,254,0,257,0,11,290,0,301,215,0,215,516
06/08/2005,CMA,CA,AWP,WE,Towers with Radar,0,5,36,0,41,0,8,243,0,251,0,13,279,0,292,230,0,230,522
06/09/2005,CMA,CA,AWP,WE,Towers with Radar,0,7,40,0,47,0,0,232,0,232,0,7,272,0,279,252,0,252,531
06/10/2005,CMA,CA,AWP,WE,Towers with Radar,0,6,69,0,75,0,1,145,0,146,0,7,214,0,221,260,0,260,481
06/11/2005,CMA,CA,AWP,WE,Towers with Radar,0,1,49,0,50,0,3,152,0,155,0,4,201,0,205,237,0,237,442
06/12/2005,CMA,CA,AWP,WE,Towers with Radar,0,2,65,0,67,0,6,200,0,206,0,8,265,0,273,384,0,384,657
06/13/2005,CMA,CA,AWP,WE,Towers with Radar,0,3,55,0,58,0,2,197,0,199,0,5,252,0,257,214,0,214,471
06/14/2005,CMA,CA,AWP,WE,Towers with Radar,0,6,37,0,43,0,4,145,0,149,0,10,182,0,192,138,0,138,330
06/15/2005,CMA,CA,AWP,WE,Towers with Radar,0,3,73,0,76,0,6,101,0,107,0,9,174,0,183,192,0,192,375
06/16/2005,CMA,CA,AWP,WE,Towers with Radar,0,17,93,0,110,0,2,86,0,88,0,19,179,0,198,192,0,192,390
06/17/2005,CMA,CA,AWP,WE,Towers with Radar,0,2,57,0,59,0,5,156,0,161,0,7,213,0,220,217,0,217,437
06/18/2005,CMA,CA,AWP,WE,Towers with Radar,0,4,43,0,47,0,0,433,0,433,0,4,476,0,480,158,0,158,638
06/19/2005,CMA,CA,AWP,WE,Towers with Radar,0,4,33,0,37,0,6,359,0,365,0,10,392,0,402,110,0,110,512
06/20/2005,CMA,CA,AWP,WE,Towers with Radar,0,7,41,0,48,0,1,221,0,222,0,8,262,0,270,296,0,296,566
06/21/2005,CMA,CA,AWP,WE,Towers with Radar,0,8,35,0,43,0,4,263,0,267,0,12,298,0,310,248,0,248,558
06/22/2005,CMA,CA,AWP,WE,Towers with Radar,0,9,44,0,53,0,8,268,0,276,0,17,312,0,329,198,0,198,527
06/23/2005,CMA,CA,AWP,WE,Towers with Radar,0,7,69,2,78,0,13,210,0,223,0,20,279,2,301,108,0,108,409
06/24/2005,CMA,CA,AWP,WE,Towers with Radar,0,8,43,1,52,0,3,233,0,236,0,11,276,1,288,192,0,192,480
06/25/2005,CMA,CA,AWP,WE,Towers with Radar,0,8,48,0,56,0,7,324,0,331,0,15,372,0,387,186,0,186,573
06/26/2005,CMA,CA,AWP,WE,Towers with Radar,0,5,32,1,38,0,0,266,0,266,0,5,298,1,304,172,0,172,476
06/27/2005,CMA,CA,AWP,WE,Towers with Radar,0,3,41,0,44,0,0,173,2,175,0,3,214,2,219,130,0,130,349
06/28/2005,CMA,CA,AWP,WE,Towers with Radar,0,2,35,0,37,0,4,229,0,233,0,6,264,0,270,218,0,218,488
06/29/2005,CMA,CA,AWP,WE,Towers with Radar,0,9,53,2,64,0,2,243,0,245,0,11,296,2,309,188,2,190,499
06/30/2005,CMA,CA,AWP,WE,Towers with Radar,0,10,55,0,65,0,2,156,0,158,0,12,211,0,223,122,0,122,345
07/01/2005,CMA,CA,AWP,WE,Towers with Radar,0,2,70,0,72,0,0,164,0,164,0,2,234,0,236,136,0,136,372
07/02/2005,CMA,CA,AWP,WE,Towers with Radar,0,1,62,0,63,0,0,251,0,251,0,1,313,0,314,146,0,146,460
07/03/2005,CMA,CA,AWP,WE,Towers with Radar,0,0,44,0,44,0,0,171,0,171,0,0,215,0,215,72,0,72,287
07/04/2005,CMA,CA,AWP,WE,Towers with Radar,0,2,47,0,49,0,0,82,0,82,0,2,129,0,131,74,0,74,205
07/05/2005,CMA,CA,AWP,WE,Towers with Radar,0,8,64,0,72,0,1,142,0,143,0,9,206,0,215,188,0,188,403
07/06/2005,CMA,CA,AWP,WE,Towers with Radar,0,2,50,0,52,0,2,214,0,216,0,4,264,0,268,232,2,234,502
07/07/2005,CMA,CA,AWP,WE,Towers with Radar,0,9,71,0,80,0,1,204,0,205,0,10,275,0,285,190,0,190,475
07/08/2005,CMA,CA,AWP,WE,Towers with Radar,0,11,43,0,54,0,2,175,2,179,0,13,218,2,233,153,0,153,386
07/09/2005,CMA,CA,AWP,WE,Towers with Radar,0,1,60,0,61,0,0,250,0,250,0,1,310,0,311,211,0,211,522
07/10/2005,CMA,CA,AWP,WE,Towers with Radar,0,8,61,0,69,0,1,244,0,245,0,9,305,0,314,250,0,250,564
07/11/2005,CMA,CA,AWP,WE,Towers with Radar,0,7,36,2,45,0,0,147,0,147,0,7,183,2,192,204,0,204,396
07/12/2005,CMA,CA,AWP,WE,Towers with Radar,0,3,84,0,87,0,2,117,0,119,0,5,201,0,206,260,0,260,466
07/13/2005,CMA,CA,AWP,WE,Towers with Radar,0,4,38,0,42,0,5,209,0,214,0,9,247,0,256,288,0,288,544
07/14/2005,CMA,CA,AWP,WE,Towers with Radar,0,9,38,0,47,0,2,207,0,209,0,11,245,0,256,320,0,320,576
07/15/2005,CMA,CA,AWP,WE,Towers with Radar,0,7,75,0,82,0,2,179,0,181,0,9,254,0,263,136,0,136,399
07/16/2005,CMA,CA,AWP,WE,Towers with Radar,0,2,35,0,37,0,1,246,0,247,0,3,281,0,284,196,0,196,480
07/17/2005,CMA,CA,AWP,WE,Towers with Radar,0,2,54,0,56,0,4,197,0,201,0,6,251,0,257,168,0,168,425
07/18/2005,CMA,CA,AWP,WE,Towers with Radar,0,2,57,2,61,0,1,192,0,193,0,3,249,2,254,300,0,300,554
07/19/2005,CMA,CA,AWP,WE,Towers with Radar,0,4,48,2,54,0,2,202,0,204,0,6,250,2,258,268,0,268,526
07/20/2005,CMA,CA,AWP,WE,Towers with Radar,0,11,54,2,67,0,4,254,0,258,0,15,308,2,325,338,0,338,663
07/21/2005,CMA,CA,AWP,WE,Towers with Radar,0,3,60,4,67,0,2,238,0,240,0,5,298,4,307,260,0,260,567
07/22/2005,CMA,CA,AWP,WE,Towers with Radar,0,10,34,0,44,0,1,276,0,277,0,11,310,0,321,376,0,376,697
07/23/2005,CMA,CA,AWP,WE,Towers with Radar,0,6,25,2,33,0,0,344,0,344,0,6,369,2,377,224,0,224,601
07/24/2005,CMA,CA,AWP,WE,Towers with Radar,0,14,56,0,70,0,5,306,0,311,0,19,362,0,381,224,0,224,605
07/25/2005,CMA,CA,AWP,WE,Towers with Radar,0,0,39,0,39,0,3,147,0,150,0,3,186,0,189,248,0,248,437
07/26/2005,CMA,CA,AWP,WE,Towers with Radar,0,0,45,0,45,0,9,178,0,187,0,9,223,0,232,266,0,266,498
07/27/2005,CMA,CA,AWP,WE,Towers with Radar,0,1,66,0,67,0,4,208,0,212,0,5,274,0,279,258,0,258,537
07/28/2005,CMA,CA,AWP,WE,Towers with Radar,0,4,72,0,76,0,2,204,0,206,0,6,276,0,282,270,0,270,552
07/29/2005,CMA,CA,AWP,WE,Towers with Radar,0,15,51,0,66,0,2,280,0,282,0,17,331,0,348,258,0,258,606
07/30/2005,CMA,CA,AWP,WE,Towers with Radar,0,5,42,0,47,0,3,328,0,331,0,8,370,0,378,196,0,196,574
07/31/2005,CMA,CA,AWP,WE,Towers with Radar,0,4,69,0,73,0,0,286,0,286,0,4,355,0,359,106,0,106,465
08/01/2005,CMA,CA,AWP,WE,Towers with Radar,0,6,50,0,56,0,3,130,0,133,0,9,180,0,189,128,0,128,317
08/02/2005,CMA,CA,AWP,WE,Towers with Radar,0,7,78,0,85,0,2,112,0,114,0,9,190,0,199,160,0,160,359
08/03/2005,CMA,CA,AWP,WE,Towers with Radar,0,1,82,0,83,0,2,159,0,161,0,3,241,0,244,206,0,206,450
08/04/2005,CMA,CA,AWP,WE,Towers with Radar,0,6,62,0,68,0,2,220,0,222,0,8,282,0,290,244,0,244,534
08/05/2005,CMA,CA,AWP,WE,Towers with Radar,0,2,50,2,54,0,1,288,0,289,0,3,338,2,343,284,0,284,627
08/06/2005,CMA,CA,AWP,WE,Towers with Radar,0,3,30,0,33,0,0,410,0,410,0,3,440,0,443,184,0,184,627
08/07/2005,CMA,CA,AWP,WE,Towers with Radar,0,1,45,0,46,0,0,278,0,278,0,1,323,0,324,212,0,212,536
08/08/2005,CMA,CA,AWP,WE,Towers with Radar,0,2,50,0,52,0,0,235,0,235,0,2,285,0,287,238,0,238,525
08/09/2005,CMA,CA,AWP,WE,Towers with Radar,0,4,63,2,69,0,1,174,0,175,0,5,237,2,244,270,0,270,514
08/10/2005,CMA,CA,AWP,WE,Towers with Radar,0,9,80,0,89,0,3,173,0,176,0,12,253,0,265,176,0,176,441
08/11/2005,CMA,CA,AWP,WE,Towers with Radar,0,6,92,0,98,0,4,171,0,175,0,10,263,0,273,204,0,204,477
08/12/2005,CMA,CA,AWP,WE,Towers with Radar,0,5,101,0,106,0,1,98,0,99,0,6,199,0,205,162,0,162,367
08/13/2005,CMA,CA,AWP,WE,Towers with Radar,0,6,84,0,90,0,1,131,0,132,0,7,215,0,222,256,0,256,478
08/14/2005,CMA,CA,AWP,WE,Towers with Radar,0,7,65,0,72,0,1,176,0,177,0,8,241,0,249,258,0,258,507
08/15/2005,CMA,CA,AWP,WE,Towers with Radar,0,2,63,0,65,0,3,176,0,179,0,5,239,0,244,196,0,196,440
08/16/2005,CMA,CA,AWP,WE,Towers with Radar,0,2,77,0,79,0,4,152,0,156,0,6,229,0,235,190,0,190,425
08/17/2005,CMA,CA,AWP,WE,Towers with Radar,0,5,78,0,83,0,4,188,0,192,0,9,266,0,275,174,0,174,449
08/18/2005,CMA,CA,AWP,WE,Towers with Radar,0,9,62,2,73,0,0,173,0,173,0,9,235,2,246,200,0,200,446
08/19/2005,CMA,CA,AWP,WE,Towers with Radar,0,2,50,0,52,0,2,251,0,253,0,4,301,0,305,265,0,265,570
08/20/2005,CMA,CA,AWP,WE,Towers with Radar,0,2,80,0,82,0,2,296,0,298,0,4,376,0,380,136,0,136,516
08/21/2005,CMA,CA,AWP,WE,Towers with Radar,0,5,45,0,50,0,3,273,0,276,0,8,318,0,326,150,0,150,476
08/22/2005,CMA,CA,AWP,WE,Towers with Radar,0,5,31,0,36,0,12,258,0,270,0,17,289,0,306,214,0,214,520
08/23/2005,CMA,CA,AWP,WE,Towers with Radar,0,6,62,0,68,0,6,161,0,167,0,12,223,0,235,256,0,256,491
08/24/2005,CMA,CA,AWP,WE,Towers with Radar,0,1,65,0,66,0,4,180,2,186,0,5,245,2,252,226,0,226,478
08/25/2005,CMA,CA,AWP,WE,Towers with Radar,0,2,57,0,59,0,6,234,0,240,0,8,291,0,299,132,0,132,431
08/26/2005,CMA,CA,AWP,WE,Towers with Radar,0,6,50,0,56,0,2,251,0,253,0,8,301,0,309,188,0,188,497
08/27/2005,CMA,CA,AWP,WE,Towers with Radar,0,2,13,0,15,0,0,206,0,206,0,2,219,0,221,100,0,100,321
08/28/2005,CMA,CA,AWP,WE,Towers with Radar,0,6,21,0,27,0,1,292,0,293,0,7,313,0,320,164,0,164,484
08/29/2005,CMA,CA,AWP,WE,Towers with Radar,0,9,38,1,48,0,6,216,0,222,0,15,254,1,270,208,0,208,478
08/30/2005,CMA,CA,AWP,WE,Towers with Radar,0,6,61,0,67,0,8,256,0,264,0,14,317,0,331,344,0,344,675
08/31/2005,CMA,CA,AWP,WE,Towers with Radar,0,0,63,0,63,0,1,147,0,148,0,1,210,0,211,164,0,164,375
09/01/2005,CMA,CA,AWP,WE,Towers with Radar,0,4,58,0,62,0,1,167,0,168,0,5,225,0,230,142,0,142,372
09/02/2005,CMA,CA,AWP,WE,Towers with Radar,0,6,42,0,48,0,3,185,0,188,0,9,227,0,236,188,0,188,424
09/03/2005,CMA,CA,AWP,WE,Towers with Radar,0,1,43,0,44,0,1,214,0,215,0,2,257,0,259,92,0,92,351
09/04/2005,CMA,CA,AWP,WE,Towers with Radar,0,4,27,0,31,0,1,206,0,207,0,5,233,0,238,172,0,172,410
09/05/2005,CMA,CA,AWP,WE,Towers with Radar,0,2,38,0,40,0,0,286,0,286,0,2,324,0,326,196,0,196,522
09/06/2005,CMA,CA,AWP,WE,Towers with Radar,0,1,32,0,33,0,3,198,0,201,0,4,230,0,234,316,0,316,550
09/07/2005,CMA,CA,AWP,WE,Towers with Radar,0,4,43,0,47,0,2,193,0,195,0,6,236,0,242,176,0,176,418
09/08/2005,CMA,CA,AWP,WE,Towers with Radar,0,4,50,0,54,0,3,202,0,205,0,7,252,0,259,190,0,190,449
09/09/2005,CMA,CA,AWP,WE,Towers with Radar,0,15,45,0,60,0,4,126,0,130,0,19,171,0,190,232,0,232,422
09/10/2005,CMA,CA,AWP,WE,Towers with Radar,0,3,76,0,79,0,9,189,0,198,0,12,265,0,277,260,0,260,537
09/11/2005,CMA,CA,AWP,WE,Towers with Radar,0,4,41,0,45,0,9,236,0,245,0,13,277,0,290,164,0,164,454
09/12/2005,CMA,CA,AWP,WE,Towers with Radar,0,10,26,0,36,0,1,184,2,187,0,11,210,2,223,170,0,170,393
09/13/2005,CMA,CA,AWP,WE,Towers with Radar,0,8,66,0,74,0,5,161,0,166,0,13,227,0,240,134,0,134,374
09/14/2005,CMA,CA,AWP,WE,Towers with Radar,0,6,57,0,63,0,2,217,0,219,0,8,274,0,282,142,0,142,424
09/15/2005,CMA,CA,AWP,WE,Towers with Radar,0,5,61,0,66,0,3,210,0,213,0,8,271,0,279,224,0,224,503
09/16/2005,CMA,CA,AWP,WE,Towers with Radar,0,6,57,0,63,0,0,168,0,168,0,6,225,0,231,200,0,200,431
09/17/2005,CMA,CA,AWP,WE,Towers with Radar,0,0,32,0,32,0,0,327,0,327,0,0,359,0,359,236,0,236,595
09/18/2005,CMA,CA,AWP,WE,Towers with Radar,0,2,39,0,41,0,2,236,0,238,0,4,275,0,279,174,0,174,453
09/19/2005,CMA,CA,AWP,WE,Towers with Radar,0,9,48,0,57,0,4,155,0,159,0,13,203,0,216,236,0,236,452
09/20/2005,CMA,CA,AWP,WE,Towers with Radar,0,8,61,0,69,0,2,141,4,147,0,10,202,4,216,198,0,198,414
09/21/2005,CMA,CA,AWP,WE,Towers with Radar,0,11,58,0,69,0,0,229,3,232,0,11,287,3,301,300,0,300,601
09/22/2005,CMA,CA,AWP,WE,Towers with Radar,0,4,39,0,43,0,4,235,0,239,0,8,274,0,282,282,0,282,564
09/23/2005,CMA,CA,AWP,WE,Towers with Radar,0,8,68,0,76,0,2,106,0,108,0,10,174,0,184,146,0,146,330
09/24/2005,CMA,CA,AWP,WE,Towers with Radar,0,1,69,0,70,0,0,110,0,110,0,1,179,0,180,248,0,248,428
09/25/2005,CMA,CA,AWP,WE,Towers with Radar,0,11,44,0,55,0,1,236,0,237,0,12,280,0,292,190,0,190,482
09/26/2005,CMA,CA,AWP,WE,Towers with Radar,0,2,32,0,34,0,2,83,0,85,0,4,115,0,119,94,0,94,213
09/27/2005,CMA,CA,AWP,WE,Towers with Radar,0,6,51,0,57,0,3,215,0,218,0,9,266,0,275,192,0,192,467
09/28/2005,CMA,CA,AWP,WE,Towers with Radar,0,5,11,1,17,0,4,135,1,140,0,9,146,2,157,58,2,60,217
09/29/2005,CMA,CA,AWP,WE,Towers with Radar,0,11,26,0,37,0,7,200,0,207,0,18,226,0,244,290,0,290,534
09/30/2005,CMA,CA,AWP,WE,Towers with Radar,0,8,27,0,35,0,2,189,6,197,0,10,216,6,232,198,0,198,430
10/01/2005,CMA,CA,AWP,WE,Towers with Radar,0,7,34,0,41,0,0,225,0,225,0,7,259,0,266,308,0,308,574
10/02/2005,CMA,CA,AWP,WE,Towers with Radar,0,2,51,2,55,0,0,116,0,116,0,2,167,2,171,122,0,122,293
10/03/2005,CMA,CA,AWP,WE,Towers with Radar,0,6,29,0,35,0,5,183,0,188,0,11,212,0,223,192,0,192,415
10/04/2005,CMA,CA,AWP,WE,Towers with Radar,0,0,34,0,34,0,2,170,0,172,0,2,204,0,206,238,0,238,444
10/05/2005,CMA,CA,AWP,WE,Towers with Radar,0,1,15,0,16,0,1,62,0,63,0,2,77,0,79,22,0,22,101
10/06/2005,CMA,CA,AWP,WE,Towers with Radar,0,5,35,0,40,0,4,177,0,181,0,9,212,0,221,206,0,206,427
10/07/2005,CMA,CA,AWP,WE,Towers with Radar,0,7,52,0,59,0,4,263,0,267,0,11,315,0,326,248,0,248,574
10/08/2005,CMA,CA,AWP,WE,Towers with Radar,0,6,55,0,61,0,0,179,0,179,0,6,234,0,240,166,0,166,406
10/09/2005,CMA,CA,AWP,WE,Towers with Radar,0,5,37,0,42,0,0,330,0,330,0,5,367,0,372,290,0,290,662
10/10/2005,CMA,CA,AWP,WE,Towers with Radar,0,11,25,0,36,0,1,130,0,131,0,12,155,0,167,252,0,252,419
10/11/2005,CMA,CA,AWP,WE,Towers with Radar,0,5,56,0,61,0,3,174,0,177,0,8,230,0,238,276,0,276,514
10/12/2005,CMA,CA,AWP,WE,Towers with Radar,0,6,49,0,55,0,2,184,0,186,0,8,233,0,241,256,0,256,497
10/13/2005,CMA,CA,AWP,WE,Towers with Radar,0,7,44,0,51,0,7,208,0,215,0,14,252,0,266,192,0,192,458
10/14/2005,CMA,CA,AWP,WE,Towers with Radar,0,4,39,5,48,0,7,272,2,281,0,11,311,7,329,350,0,350,679
10/15/2005,CMA,CA,AWP,WE,Towers with Radar,0,3,63,0,66,0,3,269,0,272,0,6,332,0,338,222,0,222,560
10/16/2005,CMA,CA,AWP,WE,Towers with Radar,0,3,31,0,34,0,0,159,0,159,0,3,190,0,193,198,0,198,391
10/17/2005,CMA,CA,AWP,WE,Towers with Radar,0,5,19,0,24,0,0,37,0,37,0,5,56,0,61,36,0,36,97
10/18/2005,CMA,CA,AWP,WE,Towers with Radar,0,2,39,0,41,0,6,86,0,92,0,8,125,0,133,109,0,109,242
10/19/2005,CMA,CA,AWP,WE,Towers with Radar,0,12,82,0,94,0,0,117,0,117,0,12,199,0,211,176,0,176,387
10/20/2005,CMA,CA,AWP,WE,Towers with Radar,0,13,45,2,60,0,0,179,0,179,0,13,224,2,239,182,0,182,421
10/21/2005,CMA,CA,AWP,WE,Towers with Radar,0,8,71,1,80,0,0,23,0,23,0,8,94,1,103,14,0,14,117
10/22/2005,CMA,CA,AWP,WE,Towers with Radar,0,5,79,0,84,0,0,24,0,24,0,5,103,0,108,92,0,92,200
10/23/2005,CMA,CA,AWP,WE,Towers with Radar,0,7,82,0,89,0,0,38,2,40,0,7,120,2,129,120,0,120,249
10/24/2005,CMA,CA,AWP,WE,Towers with Radar,0,5,70,17,92,0,0,5,0,5,0,5,75,17,97,0,0,0,97
10/25/2005,CMA,CA,AWP,WE,Towers with Radar,0,7,80,0,87,0,7,113,0,120,0,14,193,0,207,204,0,204,411
10/26/2005,CMA,CA,AWP,WE,Towers with Radar,0,8,75,0,83,0,0,77,0,77,0,8,152,0,160,126,0,126,286
10/27/2005,CMA,CA,AWP,WE,Towers with Radar,0,8,76,2,86,0,2,92,4,98,0,10,168,6,184,146,8,154,338
10/28/2005,CMA,CA,AWP,WE,Towers with Radar,0,9,65,0,74,0,1,186,0,187,0,10,251,0,261,204,0,204,465
10/29/2005,CMA,CA,AWP,WE,Towers with Radar,0,5,44,0,49,0,2,354,0,356,0,7,398,0,405,156,0,156,561
10/30/2005,CMA,CA,AWP,WE,Towers with Radar,0,5,47,0,52,0,1,351,0,352,0,6,398,0,404,192,0,192,596
10/31/2005,CMA,CA,AWP,WE,Towers with Radar,0,7,29,0,36,0,0,143,0,143,0,7,172,0,179,200,0,200,379
11/01/2005,CMA,CA,AWP,WE,Towers with Radar,0,8,48,1,57,0,1,211,0,212,0,9,259,1,269,224,0,224,493
11/02/2005,CMA,CA,AWP,WE,Towers with Radar,0,5,57,0,62,0,0,185,0,185,0,5,242,0,247,239,0,239,486
11/03/2005,CMA,CA,AWP,WE,Towers with Radar,0,8,51,0,59,0,0,189,0,189,0,8,240,0,248,164,0,164,412
11/04/2005,CMA,CA,AWP,WE,Towers with Radar,0,10,38,0,48,0,5,207,0,212,0,15,245,0,260,260,0,260,520
11/05/2005,CMA,CA,AWP,WE,Towers with Radar,0,2,36,2,40,0,0,312,0,312,0,2,348,2,352,240,0,240,592
11/06/2005,CMA,CA,AWP,WE,Towers with Radar,0,2,57,0,59,0,4,267,0,271,0,6,324,0,330,176,0,176,506
11/07/2005,CMA,CA,AWP,WE,Towers with Radar,0,5,58,0,63,0,3,125,0,128,0,8,183,0,191,152,0,152,343
11/08/2005,CMA,CA,AWP,WE,Towers with Radar,0,1,42,0,43,0,5,114,0,119,0,6,156,0,162,194,0,194,356
11/09/2005,CMA,CA,AWP,WE,Towers with Radar,0,5,58,0,63,0,3,18,0,21,0,8,76,0,84,30,0,30,114
11/10/2005,CMA,CA,AWP,WE,Towers with Radar,0,3,55,0,58,0,6,85,0,91,0,9,140,0,149,222,0,222,371
11/11/2005,CMA,CA,AWP,WE,Towers with Radar,0,8,58,0,66,0,2,227,0,229,0,10,285,0,295,292,0,292,587
11/12/2005,CMA,CA,AWP,WE,Towers with Radar,0,5,21,0,26,0,1,304,0,305,0,6,325,0,331,106,0,106,437
11/13/2005,CMA,CA,AWP,WE,Towers with Radar,0,3,41,0,44,0,6,314,0,320,0,9,355,0,364,246,0,246,610
11/14/2005,CMA,CA,AWP,WE,Towers with Radar,0,5,45,0,50,0,0,193,0,193,0,5,238,0,243,266,0,266,509
11/15/2005,CMA,CA,AWP,WE,Towers with Radar,0,2,16,0,18,0,7,49,0,56,0,9,65,0,74,10,0,10,84
11/16/2005,CMA,CA,AWP,WE,Towers with Radar,0,1,45,0,46,0,6,134,0,140,0,7,179,0,186,218,0,218,404
11/17/2005,CMA,CA,AWP,WE,Towers with Radar,0,6,40,0,46,0,1,164,0,165,0,7,204,0,211,144,0,144,355
11/18/2005,CMA,CA,AWP,WE,Towers with Radar,0,5,21,0,26,0,11,117,0,128,0,16,138,0,154,52,0,52,206
11/19/2005,CMA,CA,AWP,WE,Towers with Radar,0,3,36,0,39,0,0,324,0,324,0,3,360,0,363,226,0,226,589
11/20/2005,CMA,CA,AWP,WE,Towers with Radar,0,0,33,0,33,0,0,229,0,229,0,0,262,0,262,182,0,182,444
11/21/2005,CMA,CA,AWP,WE,Towers with Radar,0,2,31,0,33,0,2,177,0,179,0,4,208,0,212,226,0,226,438
11/22/2005,CMA,CA,AWP,WE,Towers with Radar,0,8,41,0,49,0,6,223,0,229,0,14,264,0,278,304,0,304,582
11/23/2005,CMA,CA,AWP,WE,Towers with Radar,0,4,60,0,64,0,2,239,2,243,0,6,299,2,307,164,0,164,471
11/24/2005,CMA,CA,AWP,WE,Towers with Radar,0,0,22,0,22,0,0,106,0,106,0,0,128,0,128,42,0,42,170
11/25/2005,CMA,CA,AWP,WE,Towers with Radar,0,1,44,0,45,0,0,224,0,224,0,1,268,0,269,222,0,222,491
11/26/2005,CMA,CA,AWP,WE,Towers with Radar,0,4,28,0,32,0,0,192,0,192,0,4,220,0,224,278,0,278,502
11/27/2005,CMA,CA,AWP,WE,Towers with Radar,0,2,35,0,37,0,0,209,0,209,0,2,244,0,246,130,0,130,376
11/28/2005,CMA,CA,AWP,WE,Towers with Radar,0,7,23,0,30,0,0,159,0,159,0,7,182,0,189,162,0,162,351
11/29/2005,CMA,CA,AWP,WE,Towers with Radar,0,8,51,0,59,0,5,137,4,146,0,13,188,4,205,156,0,156,361
11/30/2005,CMA,CA,AWP,WE,Towers with Radar,0,5,55,0,60,0,4,212,0,216,0,9,267,0,276,154,0,154,430
12/01/2005,CMA,CA,AWP,WE,Towers with Radar,0,10,75,0,85,0,4,104,0,108,0,14,179,0,193,196,0,196,389
12/02/2005,CMA,CA,AWP,WE,Towers with Radar,0,7,51,0,58,0,0,35,0,35,0,7,86,0,93,46,0,46,139
12/03/2005,CMA,CA,AWP,WE,Towers with Radar,0,0,38,0,38,0,4,416,0,420,0,4,454,0,458,152,0,152,610
12/04/2005,CMA,CA,AWP,WE,Towers with Radar,0,1,11,0,12,0,0,85,0,85,0,1,96,0,97,38,0,38,135
12/05/2005,CMA,CA,AWP,WE,Towers with Radar,0,4,38,0,42,0,4,163,0,167,0,8,201,0,209,88,0,88,297
12/06/2005,CMA,CA,AWP,WE,Towers with Radar,0,6,64,0,70,0,11,196,0,207,0,17,260,0,277,198,0,198,475
12/07/2005,CMA,CA,AWP,WE,Towers with Radar,0,7,66,0,73,0,2,324,0,326,0,9,390,0,399,286,0,286,685
12/08/2005,CMA,CA,AWP,WE,Towers with Radar,0,3,55,0,58,0,4,179,0,183,0,7,234,0,241,212,0,212,453
12/09/2005,CMA,CA,AWP,WE,Towers with Radar,0,8,34,0,42,0,3,124,0,127,0,11,158,0,169,64,0,64,233
12/10/2005,CMA,CA,AWP,WE,Towers with Radar,0,0,34,0,34,0,1,346,0,347,0,1,380,0,381,160,0,160,541
12/11/2005,CMA,CA,AWP,WE,Towers with Radar,0,4,31,0,35,0,1,277,0,278,0,5,308,0,313,346,0,346,659
12/12/2005,CMA,CA,AWP,WE,Towers with Radar,0,4,49,0,53,0,2,156,0,158,0,6,205,0,211,166,0,166,377
12/13/2005,CMA,CA,AWP,WE,Towers with Radar,0,4,44,0,48,0,9,187,0,196,0,13,231,0,244,184,0,184,428
12/14/2005,CMA,CA,AWP,WE,Towers with Radar,0,3,50,0,53,0,5,176,0,181,0,8,226,0,234,198,0,198,432
12/15/2005,CMA,CA,AWP,WE,Towers with Radar,0,7,57,0,64,0,3,171,0,174,0,10,228,0,238,210,0,210,448
12/16/2005,CMA,CA,AWP,WE,Towers with Radar,0,10,41,0,51,0,1,143,0,144,0,11,184,0,195,96,0,96,291
12/17/2005,CMA,CA,AWP,WE,Towers with Radar,0,7,41,0,48,0,4,144,0,148,0,11,185,0,196,108,0,108,304
12/18/2005,CMA,CA,AWP,WE,Towers with Radar,0,3,64,0,67,0,0,93,0,93,0,3,157,0,160,198,0,198,358
12/19/2005,CMA,CA,AWP,WE,Towers with Radar,0,4,31,0,35,0,2,171,0,173,0,6,202,0,208,156,0,156,364
12/20/2005,CMA,CA,AWP,WE,Towers with Radar,0,3,51,0,54,0,5,157,0,162,0,8,208,0,216,244,0,244,460
12/21/2005,CMA,CA,AWP,WE,Towers with Radar,0,13,41,0,54,0,0,209,2,211,0,13,250,2,265,194,0,194,459
12/22/2005,CMA,CA,AWP,WE,Towers with Radar,0,9,83,0,92,0,0,97,0,97,0,9,180,0,189,106,0,106,295
12/23/2005,CMA,CA,AWP,WE,Towers with Radar,0,9,65,0,74,0,1,49,0,50,0,10,114,0,124,74,0,74,198
12/24/2005,CMA,CA,AWP,WE,Towers with Radar,0,0,25,0,25,0,3,144,0,147,0,3,169,0,172,98,0,98,270
12/25/2005,CMA,CA,AWP,WE,Towers with Radar,0,2,12,0,14,0,0,14,0,14,0,2,26,0,28,90,0,90,118
12/26/2005,CMA,CA,AWP,WE,Towers with Radar,0,2,65,0,67,0,0,25,0,25,0,2,90,0,92,14,0,14,106
12/27/2005,CMA,CA,AWP,WE,Towers with Radar,0,4,39,0,43,0,1,192,0,193,0,5,231,0,236,162,0,162,398
12/28/2005,CMA,CA,AWP,WE,Towers with Radar,0,2,39,0,41,0,0,62,0,62,0,2,101,0,103,126,0,126,229
12/29/2005,CMA,CA,AWP,WE,Towers with Radar,0,1,51,0,52,0,2,184,0,186,0,3,235,0,238,228,0,228,466
12/30/2005,CMA,CA,AWP,WE,Towers with Radar,0,2,26,0,28,0,0,228,0,228,0,2,254,0,256,208,0,208,464
12/31/2005,CMA,CA,AWP,WE,Towers with Radar,0,6,29,0,35,0,0,6,0,6,0,6,35,0,41,14,0,14,55
01/01/2006,CMA,CA,AWP,WE,Towers with Radar,0,5,17,0,22,0,1,13,0,14,0,6,30,0,36,0,0,0,36
01/02/2006,CMA,CA,AWP,WE,Towers with Radar,0,1,17,0,18,0,0,3,0,3,0,1,20,0,21,0,0,0,21
01/03/2006,CMA,CA,AWP,WE,Towers with Radar,0,3,46,0,49,0,1,143,0,144,0,4,189,0,193,154,0,154,347
01/04/2006,CMA,CA,AWP,WE,Towers with Radar,0,1,32,0,33,0,0,160,0,160,0,1,192,0,193,144,0,144,337
01/05/2006,CMA,CA,AWP,WE,Towers with Radar,0,9,22,0,31,0,3,125,0,128,0,12,147,0,159,52,0,52,211
01/06/2006,CMA,CA,AWP,WE,Towers with Radar,0,5,27,0,32,0,1,206,0,207,0,6,233,0,239,202,0,202,441
01/07/2006,CMA,CA,AWP,WE,Towers with Radar,0,1,36,0,37,0,0,399,0,399,0,1,435,0,436,240,0,240,676
01/08/2006,CMA,CA,AWP,WE,Towers with Radar,0,3,32,3,38,0,1,266,1,268,0,4,298,4,306,188,0,188,494
01/09/2006,CMA,CA,AWP,WE,Towers with Radar,0,1,20,0,21,0,2,81,0,83,0,3,101,0,104,44,0,44,148
01/10/2006,CMA,CA,AWP,WE,Towers with Radar,0,8,33,0,41,0,1,223,0,224,0,9,256,0,265,210,0,210,475
01/11/2006,CMA,CA,AWP,WE,Towers with Radar,0,11,42,0,53,0,0,235,0,235,0,11,277,0,288,202,0,202,490
01/12/2006,CMA,CA,AWP,WE,Towers with Radar,0,11,44,0,55,0,3,238,0,241,0,14,282,0,296,266,0,266,562
01/13/2006,CMA,CA,AWP,WE,Towers with Radar,0,7,65,0,72,0,4,242,0,246,0,11,307,0,318,338,0,338,656
01/14/2006,CMA,CA,AWP,WE,Towers with Radar,0,6,35,0,41,0,0,29,0,29,0,6,64,0,70,56,0,56,126
01/15/2006,CMA,CA,AWP,WE,Towers with Radar,0,2,40,0,42,0,1,323,0,324,0,3,363,0,366,218,0,218,584
01/16/2006,CMA,CA,AWP,WE,Towers with Radar,0,4,39,0,43,0,2,196,0,198,0,6,235,0,241,316,0,316,557
01/17/2006,CMA,CA,AWP,WE,Towers with Radar,0,3,55,4,62,0,0,182,0,182,0,3,237,4,244,260,0,260,504
01/18/2006,CMA,CA,AWP,WE,Towers with Radar,0,4,82,4,90,0,2,90,0,92,0,6,172,4,182,184,0,184,366
01/19/2006,CMA,CA,AWP,WE,Towers with Radar,0,12,36,3,51,0,6,235,2,243,0,18,271,5,294,156,0,156,450
01/20/2006,CMA,CA,AWP,WE,Towers with Radar,0,9,21,0,30,0,2,209,0,211,0,11,230,0,241,240,0,240,481
01/21/2006,CMA,CA,AWP,WE,Towers with Radar,0,2,34,0,36,0,0,320,0,320,0,2,354,0,356,208,0,208,564
01/22/2006,CMA,CA,AWP,WE,Towers with Radar,0,8,19,0,27,0,0,164,0,164,0,8,183,0,191,16,0,16,207
01/23/2006,CMA,CA,AWP,WE,Towers with Radar,0,4,13,0,17,0,0,36,0,36,0,4,49,0,53,48,0,48,101
01/24/2006,CMA,CA,AWP,WE,Towers with Radar,0,12,20,0,32,0,2,48,0,50,0,14,68,0,82,29,0,29,111
01/25/2006,CMA,CA,AWP,WE,Towers with Radar,0,4,36,0,40,0,2,220,0,222,0,6,256,0,262,240,0,240,502
01/26/2006,CMA,CA,AWP,WE,Towers with Radar,0,15,53,0,68,0,1,184,0,185,0,16,237,0,253,194,0,194,447
01/27/2006,CMA,CA,AWP,WE,Towers with Radar,0,10,41,0,51,0,2,200,0,202,0,12,241,0,253,186,0,186,439
01/28/2006,CMA,CA,AWP,WE,Towers with Radar,0,0,35,0,35,0,1,384,0,385,0,1,419,0,420,210,0,210,630
01/29/2006,CMA,CA,AWP,WE,Towers with Radar,0,2,39,0,41,0,1,269,0,270,0,3,308,0,311,252,0,252,563
01/30/2006,CMA,CA,AWP,WE,Towers with Radar,0,9,34,0,43,0,1,131,0,132,0,10,165,0,175,192,0,192,367
01/31/2006,CMA,CA,AWP,WE,Towers with Radar,0,6,42,0,48,0,4,150,0,154,0,10,192,0,202,148,0,148,350
02/01/2006,CMA,CA,AWP,WE,Towers with Radar,0,7,37,0,44,0,0,190,0,190,0,7,227,0,234,220,0,220,454
02/02/2006,CMA,CA,AWP,WE,Towers with Radar,0,7,64,0,71,0,2,176,0,178,0,9,240,0,249,244,0,244,493
02/03/2006,CMA,CA,AWP,WE,Towers with Radar,0,6,66,0,72,0,1,241,0,242,0,7,307,0,314,310,0,310,624
02/04/2006,CMA,CA,AWP,WE,Towers with Radar,0,1,83,0,84,0,0,221,0,221,0,1,304,0,305,116,0,116,421
02/05/2006,CMA,CA,AWP,WE,Towers with Radar,0,4,25,0,29,0,0,170,0,170,0,4,195,0,199,118,0,118,317
02/06/2006,CMA,CA,AWP,WE,Towers with Radar,0,2,29,0,31,0,0,79,0,79,0,2,108,0,110,62,0,62,172
02/07/2006,CMA,CA,AWP,WE,Towers with Radar,0,4,32,0,36,0,3,144,0,147,0,7,176,0,183,114,0,114,297
02/08/2006,CMA,CA,AWP,WE,Towers with Radar,0,2,24,0,26,0,2,103,0,105,0,4,127,0,131,46,0,46,177
02/09/2006,CMA,CA,AWP,WE,Towers with Radar,0,7,36,0,43,0,0,200,0,200,0,7,236,0,243,82,0,82,325
02/10/2006,CMA,CA,AWP,WE,Towers with Radar,0,7,47,0,54,0,5,208,0,213,0,12,255,0,267,170,0,170,437
02/11/2006,CMA,CA,AWP,WE,Towers with Radar,0,2,44,0,46,0,0,272,0,272,0,2,316,0,318,156,0,156,474
02/12/2006,CMA,CA,AWP,WE,Towers with Radar,0,7,17,0,24,0,5,275,0,280,0,12,292,0,304,234,0,234,538
02/13/2006,CMA,CA,AWP,WE,Towers with Radar,0,5,35,0,40,0,10,146,0,156,0,15,181,0,196,210,0,210,406
02/14/2006,CMA,CA,AWP,WE,Towers with Radar,0,4,62,0,66,0,1,146,0,147,0,5,208,0,213,195,0,195,408
02/15/2006,CMA,CA,AWP,WE,Towers with Radar,0,9,55,0,64,0,1,104,1,106,0,10,159,1,170,100,0,100,270
02/16/2006,CMA,CA,AWP,WE,Towers with Radar,0,14,66,0,80,0,2,244,0,246,0,16,310,0,326,170,0,170,496
02/17/2006,CMA,CA,AWP,WE,Towers with Radar,0,4,44,4,52,0,4,123,0,127,0,8,167,4,179,237,0,237,416
02/18/2006,CMA,CA,AWP,WE,Towers with Radar,0,0,33,0,33,0,0,158,0,158,0,0,191,0,191,214,0,214,405
02/19/2006,CMA,CA,AWP,WE,Towers with Radar,0,1,14,0,15,0,1,187,0,188,0,2,201,0,203,306,0,306,509
02/20/2006,CMA,CA,AWP,WE,Towers with Radar,0,10,42,0,52,0,3,298,0,301,0,13,340,0,353,238,0,238,591
02/21/2006,CMA,CA,AWP,WE,Towers with Radar,0,8,50,0,58,0,0,181,0,181,0,8,231,0,239,436,0,436,675
02/22/2006,CMA,CA,AWP,WE,Towers with Radar,0,13,45,0,58,0,6,206,0,212,0,19,251,0,270,216,0,216,486
02/23/2006,CMA,CA,AWP,WE,Towers with Radar,0,13,53,2,68,0,5,245,0,250,0,18,298,2,318,230,0,230,548
02/24/2006,CMA,CA,AWP,WE,Towers with Radar,0,3,53,0,56,0,1,259,0,260,0,4,312,0,316,262,0,262,578
02/25/2006,CMA,CA,AWP,WE,Towers with Radar,0,4,30,0,34,0,0,355,0,355,0,4,385,0,389,200,0,200,589
02/26/2006,CMA,CA,AWP,WE,Towers with Radar,0,1,66,0,67,0,0,198,0,198,0,1,264,0,265,298,0,298,563
02/27/2006,CMA,CA,AWP,WE,Towers with Radar,0,3,36,0,39,0,0,16,0,16,0,3,52,0,55,30,0,30,85
02/28/2006,CMA,CA,AWP,WE,Towers with Radar,0,3,24,0,27,0,2,161,0,163,0,5,185,0,190,200,0,200,390
03/01/2006,CMA,CA,AWP,WE,Towers with Radar,0,2,45,0,47,0,3,256,0,259,0,5,301,0,306,300,0,300,606
03/02/2006,CMA,CA,AWP,WE,Towers with Radar,0,7,42,0,49,0,4,166,0,170,0,11,208,0,219,192,0,192,411
03/03/2006,CMA,CA,AWP,WE,Towers with Radar,0,13,39,0,52,0,1,54,0,55,0,14,93,0,107,160,0,160,267
03/04/2006,CMA,CA,AWP,WE,Towers with Radar,0,1,21,0,22,0,0,367,0,367,0,1,388,0,389,270,0,270,659
03/05/2006,CMA,CA,AWP,WE,Towers with Radar,0,6,33,0,39,0,0,276,0,276,0,6,309,0,315,232,0,232,547
03/06/2006,CMA,CA,AWP,WE,Towers with Radar,0,8,39,0,47,0,0,21,0,21,0,8,60,0,68,36,0,36,104
03/07/2006,CMA,CA,AWP,WE,Towers with Radar,0,9,61,0,70,0,3,104,0,107,0,12,165,0,177,170,0,170,347
03/08/2006,CMA,CA,AWP,WE,Towers with Radar,0,0,43,0,43,0,5,254,0,259,0,5,297,0,302,130,0,130,432
03/09/2006,CMA,CA,AWP,WE,Towers with Radar,0,10,68,0,78,0,8,153,0,161,0,18,221,0,239,196,0,196,435
03/10/2006,CMA,CA,AWP,WE,Towers with Radar,0,5,37,0,42,0,0,51,0,51,0,5,88,0,93,165,0,165,258
03/11/2006,CMA,CA,AWP,WE,Towers with Radar,0,5,9,0,14,0,0,37,0,37,0,5,46,0,51,176,0,176,227
03/12/2006,CMA,CA,AWP,WE,Towers with Radar,0,4,35,0,39,0,0,148,0,148,0,4,183,0,187,152,0,152,339
03/13/2006,CMA,CA,AWP,WE,Towers with Radar,0,0,42,0,42,0,1,139,2,142,0,1,181,2,184,150,0,150,334
03/14/2006,CMA,CA,AWP,WE,Towers with Radar,0,4,51,0,55,0,4,204,0,208,0,8,255,0,263,324,0,324,587
03/15/2006,CMA,CA,AWP,WE,Towers with Radar,0,6,40,1,47,0,7,239,0,246,0,13,279,1,293,238,0,238,531
03/16/2006,CMA,CA,AWP,WE,Towers with Radar,0,11,66,0,77,0,4,232,0,236,0,15,298,0,313,152,0,152,465
03/17/2006,CMA,CA,AWP,WE,Towers with Radar,0,9,78,0,87,0,5,30,0,35,0,14,108,0,122,106,0,106,228
03/18/2006,CMA,CA,AWP,WE,Towers with Radar,0,2,30,0,32,0,0,237,0,237,0,2,267,0,269,352,0,352,621
03/19/2006,CMA,CA,AWP,WE,Towers with Radar,0,3,60,0,63,0,0,272,0,272,0,3,332,0,335,188,0,188,523
03/20/2006,CMA,CA,AWP,WE,Towers with Radar,0,1,46,0,47,0,3,83,1,87,0,4,129,1,134,136,0,136,270
03/21/2006,CMA,CA,AWP,WE,Towers with Radar,0,4,52,0,56,0,3,189,1,193,0,7,241,1,249,236,0,236,485
03/22/2006,CMA,CA,AWP,WE,Towers with Radar,0,2,38,2,42,0,1,291,0,292,0,3,329,2,334,326,0,326,660
03/23/2006,CMA,CA,AWP,WE,Towers with Radar,0,16,36,0,52,0,0,233,0,233,0,16,269,0,285,294,0,294,579
03/24/2006,CMA,CA,AWP,WE,Towers with Radar,0,9,37,0,46,0,3,270,0,273,0,12,307,0,319,274,0,274,593
03/25/2006,CMA,CA,AWP,WE,Towers with Radar,0,2,86,0,88,0,0,148,0,148,0,2,234,0,236,172,0,172,408
03/26/2006,CMA,CA,AWP,WE,Towers with Radar,0,17,44,0,61,0,2,354,0,356,0,19,398,0,417,246,0,246,663
03/27/2006,CMA,CA,AWP,WE,Towers with Radar,0,3,37,0,40,0,6,90,0,96,0,9,127,0,136,172,0,172,308
03/28/2006,CMA,CA,AWP,WE,Towers with Radar,0,4,16,0,20,0,0,15,0,15,0,4,31,0,35,0,0,0,35
03/29/2006,CMA,CA,AWP,WE,Towers with Radar,0,10,42,2,54,0,4,132,0,136,0,14,174,2,190,364,0,364,554
03/30/2006,CMA,CA,AWP,WE,Towers with Radar,0,3,63,2,68,0,8,196,0,204,0,11,259,2,272,220,0,220,492
03/31/2006,CMA,CA,AWP,WE,Towers with Radar,0,4,45,0,49,0,2,90,0,92,0,6,135,0,141,118,0,118,259
04/01/2006,CMA,CA,AWP,WE,Towers with Radar,0,0,42,0,42,0,2,208,0,210,0,2,250,0,252,300,0,300,552
04/02/2006,CMA,CA,AWP,WE,Towers with Radar,0,6,44,0,50,0,0,300,0,300,0,6,344,0,350,130,0,130,480
04/03/2006,CMA,CA,AWP,WE,Towers with Radar,0,2,37,0,39,0,0,27,0,27,0,2,64,0,66,54,0,54,120
04/04/2006,CMA,CA,AWP,WE,Towers with Radar,0,5,25,0,30,0,4,6,0,10,0,9,31,0,40,0,0,0,40
04/05/2006,CMA,CA,AWP,WE,Towers with Radar,0,10,33,0,43,0,2,35,0,37,0,12,68,0,80,118,0,118,198
04/06/2006,CMA,CA,AWP,WE,Towers with Radar,0,3,71,0,74,0,2,238,0,240,0,5,309,0,314,334,0,334,648
04/07/2006,CMA,CA,AWP,WE,Towers with Radar,0,5,40,0,45,0,6,169,0,175,0,11,209,0,220,402,0,402,622
04/08/2006,CMA,CA,AWP,WE,Towers with Radar,0,7,44,0,51,0,5,244,0,249,0,12,288,0,300,372,0,372,672
04/09/2006,CMA,CA,AWP,WE,Towers with Radar,0,8,44,0,52,0,0,199,0,199,0,8,243,0,251,186,0,186,437
04/10/2006,CMA,CA,AWP,WE,Towers with Radar,0,2,34,0,36,0,0,72,0,72,0,2,106,0,108,282,0,282,390
04/11/2006,CMA,CA,AWP,WE,Towers with Radar,0,3,53,0,56,0,2,42,0,44,0,5,95,0,100,126,0,126,226
04/12/2006,CMA,CA,AWP,WE,Towers with Radar,0,8,41,0,49,0,6,202,0,208,0,14,243,0,257,286,0,286,543
04/13/2006,CMA,CA,AWP,WE,Towers with Radar,0,3,50,0,53,0,1,242,0,243,0,4,292,0,296,230,0,230,526
04/14/2006,CMA,CA,AWP,WE,Towers with Radar,0,12,39,0,51,0,0,15,0,15,0,12,54,0,66,36,0,36,102
04/15/2006,CMA,CA,AWP,WE,Towers with Radar,0,1,71,0,72,0,0,169,0,169,0,1,240,0,241,256,0,256,497
04/16/2006,CMA,CA,AWP,WE,Towers with Radar,0,6,30,0,36,0,0,76,0,76,0,6,106,0,112,86,0,86,198
04/17/2006,CMA,CA,AWP,WE,Towers with Radar,0,1,41,0,42,0,2,156,0,158,0,3,197,0,200,100,0,100,300
04/18/2006,CMA,CA,AWP,WE,Towers with Radar,0,9,32,0,41,0,6,164,0,170,0,15,196,0,211,80,0,80,291
04/19/2006,CMA,CA,AWP,WE,Towers with Radar,0,7,67,0,74,0,6,235,0,241,0,13,302,0,315,166,0,166,481
04/20/2006,CMA,CA,AWP,WE,Towers with Radar,0,7,49,0,56,0,5,218,0,223,0,12,267,0,279,266,0,266,545
04/21/2006,CMA,CA,AWP,WE,Towers with Radar,0,4,64,2,70,0,5,162,0,167,0,9,226,2,237,150,0,150,387
04/22/2006,CMA,CA,AWP,WE,Towers with Radar,0,3,62,0,65,0,0,123,0,123,0,3,185,0,188,376,0,376,564
04/23/2006,CMA,CA,AWP,WE,Towers with Radar,0,3,88,0,91,0,2,212,0,214,0,5,300,0,305,164,0,164,469
04/24/2006,CMA,CA,AWP,WE,Towers with Radar,0,6,48,0,54,0,0,136,0,136,0,6,184,0,190,114,0,114,304
04/25/2006,CMA,CA,AWP,WE,Towers with Radar,0,8,79,0,87,0,3,41,0,44,0,11,120,0,131,216,0,216,347
04/26/2006,CMA,CA,AWP,WE,Towers with Radar,0,7,67,0,74,0,1,99,0,100,0,8,166,0,174,152,0,152,326
04/27/2006,CMA,CA,AWP,WE,Towers with Radar,0,6,62,0,68,0,3,105,0,108,0,9,167,0,176,126,0,126,302
04/28/2006,CMA,CA,AWP,WE,Towers with Radar,0,9,82,2,93,0,10,47,0,57,0,19,129,2,150,106,0,106,256
04/29/2006,CMA,CA,AWP,WE,Towers with Radar,0,5,64,0,69,0,2,83,0,85,0,7,147,0,154,328,0,328,482
04/30/2006,CMA,CA,AWP,WE,Towers with Radar,0,2,81,0,83,0,1,53,0,54,0,3,134,0,137,82,0,82,219
05/01/2006,CMA,CA,AWP,WE,Towers with Radar,0,1,72,0,73,0,1,13,0,14,0,2,85,0,87,70,0,70,157
05/02/2006,CMA,CA,AWP,WE,Towers with Radar,0,12,107,0,119,0,1,0,0,1,0,13,107,0,120,52,0,52,172
05/03/2006,CMA,CA,AWP,WE,Towers with Radar,0,7,90,0,97,0,3,48,0,51,0,10,138,0,148,158,0,158,306
05/04/2006,CMA,CA,AWP,WE,Towers with Radar,0,6,96,0,102,0,3,146,0,149,0,9,242,0,251,248,0,248,499
05/05/2006,CMA,CA,AWP,WE,Towers with Radar,0,7,63,0,70,0,4,152,0,156,0,11,215,0,226,216,0,216,442
05/06/2006,CMA,CA,AWP,WE,Towers with Radar,0,2,66,0,68,0,0,105,0,105,0,2,171,0,173,172,0,172,345
05/07/2006,CMA,CA,AWP,WE,Towers with Radar,0,0,70,0,70,0,2,191,0,193,0,2,261,0,263,190,0,190,453
05/08/2006,CMA,CA,AWP,WE,Towers with Radar,0,1,79,0,80,0,1,42,0,43,0,2,121,0,123,124,0,124,247
05/09/2006,CMA,CA,AWP,WE,Towers with Radar,0,6,69,8,83,0,3,6,1,10,0,9,75,9,93,94,0,94,187
05/10/2006,CMA,CA,AWP,WE,Towers with Radar,0,8,71,0,79,0,0,84,0,84,0,8,155,0,163,142,0,142,305
05/11/2006,CMA,CA,AWP,WE,Towers with Radar,0,6,86,0,92,0,1,69,0,70,0,7,155,0,162,32,0,32,194
05/12/2006,CMA,CA,AWP,WE,Towers with Radar,0,13,82,0,95,0,2,27,0,29,0,15,109,0,124,78,0,78,202
05/13/2006,CMA,CA,AWP,WE,Towers with Radar,0,7,72,0,79,0,0,29,0,29,0,7,101,0,108,162,0,162,270
05/14/2006,CMA,CA,AWP,WE,Towers with Radar,0,4,27,0,31,0,3,104,0,107,0,7,131,0,138,110,0,110,248
05/15/2006,CMA,CA,AWP,WE,Towers with Radar,0,2,63,0,65,0,1,88,0,89,0,3,151,0,154,190,0,190,344
05/16/2006,CMA,CA,AWP,WE,Towers with Radar,0,5,72,0,77,0,3,66,0,69,0,8,138,0,146,190,0,190,336
05/17/2006,CMA,CA,AWP,WE,Towers with Radar,0,11,97,0,108,0,15,69,0,84,0,26,166,0,192,136,0,136,328
05/18/2006,CMA,CA,AWP,WE,Towers with Radar,0,26,133,0,159,0,1,56,0,57,0,27,189,0,216,82,0,82,298
05/19/2006,CMA,CA,AWP,WE,Towers with Radar,0,6,110,0,116,0,0,66,0,66,0,6,176,0,182,66,0,66,248
05/20/2006,CMA,CA,AWP,WE,Towers with Radar,0,5,21,0,26,0,3,0,0,3,0,8,21,0,29,214,0,214,243
05/21/2006,CMA,CA,AWP,WE,Towers with Radar,0,6,64,0,70,0,0,36,0,36,0,6,100,0,106,148,0,148,254
05/22/2006,CMA,CA,AWP,WE,Towers with Radar,0,6,59,0,65,0,2,56,0,58,0,8,115,0,123,92,0,92,215
05/23/2006,CMA,CA,AWP,WE,Towers with Radar,0,5,40,2,47,0,2,310,0,312,0,7,350,2,359,220,0,220,579
05/24/2006,CMA,CA,AWP,WE,Towers with Radar,0,6,56,0,62,0,3,289,2,294,0,9,345,2,356,178,0,178,534
05/25/2006,CMA,CA,AWP,WE,Towers with Radar,0,10,48,0,58,0,4,273,1,278,0,14,321,1,336,204,0,204,540
05/26/2006,CMA,CA,AWP,WE,Towers with Radar,0,9,91,0,100,0,7,120,0,127,0,16,211,0,227,290,0,290,517
05/27/2006,CMA,CA,AWP,WE,Towers with Radar,0,1,45,0,46,0,1,189,0,190,0,2,234,0,236,224,0,224,460
05/28/2006,CMA,CA,AWP,WE,Towers with Radar,0,0,20,0,20,0,1,207,1,209,0,1,227,1,229,136,0,136,365
05/29/2006,CMA,CA,AWP,WE,Towers with Radar,0,6,47,0,53,0,5,341,0,346,0,11,388,0,399,126,0,126,525
05/30/2006,CMA,CA,AWP,WE,Towers with Radar,0,15,45,0,60,0,1,188,1,190,0,16,233,1,250,178,0,178,428
05/31/2006,CMA,CA,AWP,WE,Towers with Radar,0,4,38,0,42,0,11,277,0,288,0,15,315,0,330,260,0,260,590
06/01/2006,CMA,CA,AWP,WE,Towers with Radar,0,7,77,0,84,0,8,181,0,189,0,15,258,0,273,232,0,232,505
06/02/2006,CMA,CA,AWP,WE,Towers with Radar,0,5,42,0,47,0,0,143,0,143,0,5,185,0,190,206,0,206,396
06/03/2006,CMA,CA,AWP,WE,Towers with Radar,0,2,29,0,31,0,0,352,0,352,0,2,381,0,383,200,0,200,583
06/04/2006,CMA,CA,AWP,WE,Towers with Radar,0,5,35,0,40,0,34,243,0,277,0,39,278,0,317,218,0,218,535
06/05/2006,CMA,CA,AWP,WE,Towers with Radar,0,1,70,0,71,0,1,31,0,32,0,2,101,0,103,112,0,112,215
06/06/2006,CMA,CA,AWP,WE,Towers with Radar,0,7,75,0,82,0,2,24,0,26,0,9,99,0,108,116,0,116,224
06/07/2006,CMA,CA,AWP,WE,Towers with Radar,0,11,76,0,87,0,3,67,0,70,0,14,143,0,157,94,0,94,251
06/08/2006,CMA,CA,AWP,WE,Towers with Radar,0,3,78,4,85,0,6,61,0,67,0,9,139,4,152,186,0,186,338
06/09/2006,CMA,CA,AWP,WE,Towers with Radar,0,5,74,0,79,0,0,100,2,102,0,5,174,2,181,118,0,118,299
06/10/2006,CMA,CA,AWP,WE,Towers with Radar,0,3,70,0,73,0,3,127,0,130,0,6,197,0,203,256,0,256,459
06/11/2006,CMA,CA,AWP,WE,Towers with Radar,0,4,96,0,100,0,0,140,0,140,0,4,236,0,240,252,0,252,492
06/12/2006,CMA,CA,AWP,WE,Towers with Radar,0,6,56,2,64,0,2,157,0,159,0,8,213,2,223,134,0,134,357
06/13/2006,CMA,CA,AWP,WE,Towers with Radar,0,4,71,0,75,0,8,221,0,229,0,12,292,0,304,168,0,168,472
06/14/2006,CMA,CA,AWP,WE,Towers with Radar,0,11,44,0,55,0,3,218,2,223,0,14,262,2,278,188,0,188,466
06/15/2006,CMA,CA,AWP,WE,Towers with Radar,0,4,42,0,46,0,7,166,1,174,0,11,208,1,220,210,0,210,430
06/16/2006,CMA,CA,AWP,WE,Towers with Radar,0,1,35,0,36,0,10,227,0,237,0,11,262,0,273,228,0,228,501
06/17/2006,CMA,CA,AWP,WE,Towers with Radar,0,1,50,0,51,0,3,272,0,275,0,4,322,0,326,160,0,160,486
06/18/2006,CMA,CA,AWP,WE,Towers with Radar,0,2,61,0,63,0,1,165,0,166,0,3,226,0,229,116,0,116,345
06/19/2006,CMA,CA,AWP,WE,Towers with Radar,0,8,61,0,69,0,0,62,0,62,0,8,123,0,131,166,0,166,297
06/20/2006,CMA,CA,AWP,WE,Towers with Radar,0,4,59,0,63,0,4,119,0,123,0,8,178,0,186,220,0,220,406
06/21/2006,CMA,CA,AWP,WE,Towers with Radar,0,9,65,0,74,0,1,153,0,154,0,10,218,0,228,152,0,152,380
06/22/2006,CMA,CA,AWP,WE,Towers with Radar,0,8,47,0,55,0,4,177,0,181,0,12,224,0,236,196,0,196,432
06/23/2006,CMA,CA,AWP,WE,Towers with Radar,0,8,71,0,79,0,3,144,1,148,0,11,215,1,227,178,0,178,405
06/24/2006,CMA,CA,AWP,WE,Towers with Radar,0,2,60,0,62,0,6,174,0,180,0,8,234,0,242,168,0,168,410
06/25/2006,CMA,CA,AWP,WE,Towers with Radar,0,1,47,0,48,0,2,213,0,215,0,3,260,0,263,176,0,176,439
06/26/2006,CMA,CA,AWP,WE,Towers with Radar,0,3,43,0,46,0,1,139,0,140,0,4,182,0,186,146,0,146,332
06/27/2006,CMA,CA,AWP,WE,Towers with Radar,0,3,33,0,36,0,6,139,0,145,0,9,172,0,181,274,0,274,455
06/28/2006,CMA,CA,AWP,WE,Towers with Radar,0,10,34,0,44,0,1,202,0,203,0,11,236,0,247,216,0,216,463
06/29/2006,CMA,CA,AWP,WE,Towers with Radar,0,7,43,0,50,0,3,205,1,209,0,10,248,1,259,140,0,140,399
06/30/2006,CMA,CA,AWP,WE,Towers with Radar,0,14,38,0,52,0,0,236,0,236,0,14,274,0,288,342,0,342,630
07/01/2006,CMA,CA,AWP,WE,Towers with Radar,0,6,24,0,30,0,4,340,0,344,0,10,364,0,374,22,0,22,396
07/02/2006,CMA,CA,AWP,WE,Towers with Radar,0,4,32,0,36,0,1,287,0,288,0,5,319,0,324,168,0,168,492
07/03/2006,CMA,CA,AWP,WE,Towers with Radar,0,1,40,0,41,0,1,228,0,229,0,2,268,0,270,278,0,278,548
07/04/2006,CMA,CA,AWP,WE,Towers with Radar,0,2,19,0,21,0,0,240,0,240,0,2,259,0,261,156,0,156,417
07/05/2006,CMA,CA,AWP,WE,Towers with Radar,0,6,29,0,35,0,5,152,0,157,0,11,181,0,192,114,0,114,306
07/06/2006,CMA,CA,AWP,WE,Towers with Radar,0,7,48,2,57,0,3,176,0,179,0,10,224,2,236,174,0,174,410
07/07/2006,CMA,CA,AWP,WE,Towers with Radar,0,11,33,0,44,0,2,198,0,200,0,13,231,0,244,168,0,168,412
07/08/2006,CMA,CA,AWP,WE,Towers with Radar,0,2,34,0,36,0,0,262,0,262,0,2,296,0,298,0,194,194,492
07/09/2006,CMA,CA,AWP,WE,Towers with Radar,0,1,33,0,34,0,0,212,0,212,0,1,245,0,246,240,0,240,486
07/10/2006,CMA,CA,AWP,WE,Towers with Radar,0,4,48,0,52,0,0,104,0,104,0,4,152,0,156,112,0,112,268
07/11/2006,CMA,CA,AWP,WE,Towers with Radar,0,13,59,0,72,0,0,171,5,176,0,13,230,5,248,250,0,250,498
07/12/2006,CMA,CA,AWP,WE,Towers with Radar,0,6,38,0,44,0,2,228,0,230,0,8,266,0,274,234,0,234,508
07/13/2006,CMA,CA,AWP,WE,Towers with Radar,0,3,29,0,32,0,0,216,0,216,0,3,245,0,248,158,0,158,406
07/14/2006,CMA,CA,AWP,WE,Towers with Radar,0,10,14,0,24,0,3,286,0,289,0,13,300,0,313,160,0,160,473
07/15/2006,CMA,CA,AWP,WE,Towers with Radar,0,4,45,0,49,0,0,307,0,307,0,4,352,0,356,156,0,156,512
07/16/2006,CMA,CA,AWP,WE,Towers with Radar,0,5,32,0,37,0,1,320,0,321,0,6,352,0,358,256,0,256,614
07/17/2006,CMA,CA,AWP,WE,Towers with Radar,0,11,27,0,38,0,0,161,0,161,0,11,188,0,199,272,0,272,471
07/18/2006,CMA,CA,AWP,WE,Towers with Radar,0,4,44,0,48,0,5,214,0,219,0,9,258,0,267,212,0,212,479
07/19/2006,CMA,CA,AWP,WE,Towers with Radar,0,2,58,0,60,0,3,201,0,204,0,5,259,0,264,216,0,216,480
07/20/2006,CMA,CA,AWP,WE,Towers with Radar,0,5,83,2,90,0,0,192,3,195,0,5,275,5,285,318,0,318,603
07/21/2006,CMA,CA,AWP,WE,Towers with Radar,0,12,58,1,71,0,0,223,2,225,0,12,281,3,296,278,0,278,574
07/22/2006,CMA,CA,AWP,WE,Towers with Radar,0,2,37,1,40,0,0,356,1,357,0,2,393,2,397,214,0,214,611
07/23/2006,CMA,CA,AWP,WE,Towers with Radar,0,3,43,0,46,0,0,270,0,270,0,3,313,0,316,204,0,204,520
07/24/2006,CMA,CA,AWP,WE,Towers with Radar,0,0,27,3,30,0,2,126,0,128,0,2,153,3,158,88,0,88,246
07/25/2006,CMA,CA,AWP,WE,Towers with Radar,0,4,51,0,55,0,0,140,0,140,0,4,191,0,195,222,0,222,417
07/26/2006,CMA,CA,AWP,WE,Towers with Radar,0,7,46,0,53,0,0,189,0,189,0,7,235,0,242,204,0,204,446
07/27/2006,CMA,CA,AWP,WE,Towers with Radar,0,11,43,2,56,0,2,98,0,100,0,13,141,2,156,206,0,206,362
07/28/2006,CMA,CA,AWP,WE,Towers with Radar,0,11,61,0,72,0,2,126,0,128,0,13,187,0,200,154,0,154,354
07/29/2006,CMA,CA,AWP,WE,Towers with Radar,0,4,84,0,88,0,0,95,0,95,0,4,179,0,183,188,0,188,371
07/30/2006,CMA,CA,AWP,WE,Towers with Radar,0,1,71,0,72,0,0,101,0,101,0,1,172,0,173,144,0,144,317
07/31/2006,CMA,CA,AWP,WE,Towers with Radar,0,0,49,0,49,0,2,72,0,74,0,2,121,0,123,112,0,112,235
08/01/2006,CMA,CA,AWP,WE,Towers with Radar,0,7,49,0,56,0,1,160,0,161,0,8,209,0,217,210,0,210,427
08/02/2006,CMA,CA,AWP,WE,Towers with Radar,0,3,57,0,60,0,5,176,0,181,0,8,233,0,241,108,0,108,349
08/03/2006,CMA,CA,AWP,WE,Towers with Radar,0,9,66,0,75,0,0,144,0,144,0,9,210,0,219,264,0,264,483
08/04/2006,CMA,CA,AWP,WE,Towers with Radar,0,9,54,0,63,0,0,135,3,138,0,9,189,3,201,258,0,258,459
08/05/2006,CMA,CA,AWP,WE,Towers with Radar,0,6,36,0,42,0,12,265,0,277,0,18,301,0,319,162,0,162,481
08/06/2006,CMA,CA,AWP,WE,Towers with Radar,0,7,41,0,48,0,3,278,0,281,0,10,319,0,329,248,0,248,577
08/07/2006,CMA,CA,AWP,WE,Towers with Radar,0,4,38,0,42,0,0,147,1,148,0,4,185,1,190,144,0,144,334
08/08/2006,CMA,CA,AWP,WE,Towers with Radar,0,2,44,0,46,0,1,258,1,260,0,3,302,1,306,230,0,230,536
08/09/2006,CMA,CA,AWP,WE,Towers with Radar,0,0,49,0,49,0,0,185,0,185,0,0,234,0,234,226,0,226,460
08/10/2006,CMA,CA,AWP,WE,Towers with Radar,0,2,43,1,46,0,3,173,2,178,0,5,216,3,224,116,0,116,340
08/11/2006,CMA,CA,AWP,WE,Towers with Radar,0,6,63,0,69,0,0,166,0,166,0,6,229,0,235,170,0,170,405
08/12/2006,CMA,CA,AWP,WE,Towers with Radar,0,3,54,0,57,0,1,335,0,336,0,4,389,0,393,146,0,146,539
08/13/2006,CMA,CA,AWP,WE,Towers with Radar,0,8,51,0,59,0,4,223,0,227,0,12,274,0,286,204,0,204,490
08/14/2006,CMA,CA,AWP,WE,Towers with Radar,0,4,39,0,43,0,6,147,0,153,0,10,186,0,196,184,0,184,380
08/15/2006,CMA,CA,AWP,WE,Towers with Radar,0,8,32,0,40,0,5,158,0,163,0,13,190,0,203,228,0,228,431
08/16/2006,CMA,CA,AWP,WE,Towers with Radar,0,5,51,0,56,0,0,294,3,297,0,5,345,3,353,244,0,244,597
08/17/2006,CMA,CA,AWP,WE,Towers with Radar,0,4,55,0,59,0,7,206,2,215,0,11,261,2,274,324,0,324,598
08/18/2006,CMA,CA,AWP,WE,Towers with Radar,0,10,70,0,80,0,2,199,0,201,0,12,269,0,281,132,0,132,413
08/19/2006,CMA,CA,AWP,WE,Towers with Radar,0,2,36,0,38,0,1,224,0,225,0,3,260,0,263,94,0,94,357
08/20/2006,CMA,CA,AWP,WE,Towers with Radar,0,0,38,0,38,0,3,197,0,200,0,3,235,0,238,30,0,30,268
08/21/2006,CMA,CA,AWP,WE,Towers with Radar,0,2,31,0,33,0,5,176,0,181,0,7,207,0,214,112,0,112,326
08/22/2006,CMA,CA,AWP,WE,Towers with Radar,0,4,45,2,51,0,4,198,0,202,0,8,243,2,253,302,0,302,555
08/23/2006,CMA,CA,AWP,WE,Towers with Radar,0,5,34,0,39,0,7,267,0,274,0,12,301,0,313,182,0,182,495
08/24/2006,CMA,CA,AWP,WE,Towers with Radar,0,2,48,0,50,0,3,199,0,202,0,5,247,0,252,180,0,180,432
08/25/2006,CMA,CA,AWP,WE,Towers with Radar,0,7,69,0,76,0,0,189,0,189,0,7,258,0,265,176,0,176,441
08/26/2006,CMA,CA,AWP,WE,Towers with Radar,0,7,48,0,55,0,0,282,0,282,0,7,330,0,337,278,0,278,615
08/27/2006,CMA,CA,AWP,WE,Towers with Radar,0,13,30,0,43,0,0,313,0,313,0,13,343,0,356,162,0,162,518
08/28/2006,CMA,CA,AWP,WE,Towers with Radar,0,11,38,0,49,0,7,158,0,165,0,18,196,0,214,170,0,170,384
08/29/2006,CMA,CA,AWP,WE,Towers with Radar,0,2,39,0,41,0,8,231,0,239,0,10,270,0,280,188,0,188,468
08/30/2006,CMA,CA,AWP,WE,Towers with Radar,0,9,45,1,55,0,1,223,1,225,0,10,268,2,280,176,0,176,456
08/31/2006,CMA,CA,AWP,WE,Towers with Radar,0,11,53,0,64,0,1,254,0,255,0,12,307,0,319,264,0,264,583
09/01/2006,CMA,CA,AWP,WE,Towers with Radar,0,5,51,0,56,0,0,225,0,225,0,5,276,0,281,202,0,202,483
09/02/2006,CMA,CA,AWP,WE,Towers with Radar,0,1,19,0,20,0,2,303,0,305,0,3,322,0,325,250,0,250,575
09/03/2006,CMA,CA,AWP,WE,Towers with Radar,0,8,21,0,29,0,5,264,0,269,0,13,285,0,298,164,0,164,462
09/04/2006,CMA,CA,AWP,WE,Towers with Radar,0,1,39,0,40,0,5,299,0,304,0,6,338,0,344,202,0,202,546
09/05/2006,CMA,CA,AWP,WE,Towers with Radar,0,14,34,0,48,0,0,182,1,183,0,14,216,1,231,230,0,230,461
09/06/2006,CMA,CA,AWP,WE,Towers with Radar,0,9,37,0,46,0,1,237,0,238,0,10,274,0,284,232,0,232,516
09/07/2006,CMA,CA,AWP,WE,Towers with Radar,0,7,78,0,85,0,4,192,1,197,0,11,270,1,282,178,0,178,460
09/08/2006,CMA,CA,AWP,WE,Towers with Radar,0,8,42,0,50,0,3,146,1,150,0,11,188,1,200,220,0,220,420
09/09/2006,CMA,CA,AWP,WE,Towers with Radar,0,2,44,0,46,0,0,262,0,262,0,2,306,0,308,214,0,214,522
09/10/2006,CMA,CA,AWP,WE,Towers with Radar,0,2,41,0,43,0,0,250,0,250,0,2,291,0,293,76,0,76,369
09/11/2006,CMA,CA,AWP,WE,Towers with Radar,0,9,49,0,58,0,2,166,0,168,0,11,215,0,226,234,0,234,460
09/12/2006,CMA,CA,AWP,WE,Towers with Radar,0,10,59,0,69,0,1,138,0,139,0,11,197,0,208,184,0,184,392
09/13/2006,CMA,CA,AWP,WE,Towers with Radar,0,2,83,0,85,0,1,95,0,96,0,3,178,0,181,186,0,186,367
09/14/2006,CMA,CA,AWP,WE,Towers with Radar,0,14,82,0,96,0,1,53,0,54,0,15,135,0,150,152,0,152,302
09/15/2006,CMA,CA,AWP,WE,Towers with Radar,0,8,73,0,81,0,7,169,0,176,0,15,242,0,257,198,0,198,455
09/16/2006,CMA,CA,AWP,WE,Towers with Radar,0,7,37,0,44,0,2,273,0,275,0,9,310,0,319,186,0,186,505
09/17/2006,CMA,CA,AWP,WE,Towers with Radar,0,6,36,0,42,0,0,204,0,204,0,6,240,0,246,112,0,112,358
09/18/2006,CMA,CA,AWP,WE,Towers with Radar,0,3,28,0,31,0,4,127,0,131,0,7,155,0,162,138,0,138,300
09/19/2006,CMA,CA,AWP,WE,Towers with Radar,0,4,62,0,66,0,3,212,0,215,0,7,274,0,281,296,0,296,577
09/20/2006,CMA,CA,AWP,WE,Towers with Radar,0,5,48,2,55,0,13,220,0,233,0,18,268,2,288,214,0,214,502
09/21/2006,CMA,CA,AWP,WE,Towers with Radar,0,5,52,0,57,0,2,178,0,180,0,7,230,0,237,174,0,174,411
09/22/2006,CMA,CA,AWP,WE,Towers with Radar,0,8,6,0,14,0,2,178,0,180,0,10,184,0,194,182,0,182,376
09/23/2006,CMA,CA,AWP,WE,Towers with Radar,0,6,19,0,25,0,1,132,0,133,0,7,151,0,158,184,0,184,342
09/24/2006,CMA,CA,AWP,WE,Towers with Radar,0,4,27,0,31,0,0,236,0,236,0,4,263,0,267,282,0,282,549
09/25/2006,CMA,CA,AWP,WE,Towers with Radar,0,15,27,0,42,0,0,212,0,212,0,15,239,0,254,202,0,202,456
09/26/2006,CMA,CA,AWP,WE,Towers with Radar,0,7,48,0,55,0,3,159,0,162,0,10,207,0,217,142,0,142,359
09/27/2006,CMA,CA,AWP,WE,Towers with Radar,0,5,65,0,70,0,0,246,0,246,0,5,311,0,316,192,0,192,508
09/28/2006,CMA,CA,AWP,WE,Towers with Radar,0,12,51,2,65,0,2,267,1,270,0,14,318,3,335,220,0,220,555
09/29/2006,CMA,CA,AWP,WE,Towers with Radar,0,11,49,0,60,0,0,249,0,249,0,11,298,0,309,260,0,260,569
09/30/2006,CMA,CA,AWP,WE,Towers with Radar,0,2,38,0,40,0,1,209,0,210,0,3,247,0,250,208,0,208,458
10/01/2006,CMA,CA,AWP,WE,Towers with Radar,0,6,35,0,41,0,0,157,0,157,0,6,192,0,198,150,0,150,348
10/02/2006,CMA,CA,AWP,WE,Towers with Radar,0,5,47,0,52,0,0,158,0,158,0,5,205,0,210,168,0,168,378
10/03/2006,CMA,CA,AWP,WE,Towers with Radar,0,3,43,1,47,0,0,178,0,178,0,3,221,1,225,156,0,156,381
10/04/2006,CMA,CA,AWP,WE,Towers with Radar,0,6,49,0,55,0,7,215,0,222,0,13,264,0,277,126,0,126,403
10/05/2006,CMA,CA,AWP,WE,Towers with Radar,0,11,55,0,66,0,0,175,0,175,0,11,230,0,241,176,0,176,417
10/06/2006,CMA,CA,AWP,WE,Towers with Radar,0,9,40,0,49,0,6,165,0,171,0,15,205,0,220,186,0,186,406
10/07/2006,CMA,CA,AWP,WE,Towers with Radar,0,2,46,0,48,0,0,215,0,215,0,2,261,0,263,114,0,114,377
10/08/2006,CMA,CA,AWP,WE,Towers with Radar,0,5,45,0,50,0,3,285,0,288,0,8,330,0,338,136,0,136,474
10/09/2006,CMA,CA,AWP,WE,Towers with Radar,0,9,38,0,47,0,0,93,0,93,0,9,131,0,140,130,0,130,270
10/10/2006,CMA,CA,AWP,WE,Towers with Radar,0,4,58,0,62,0,3,137,0,140,0,7,195,0,202,458,0,458,660
10/11/2006,CMA,CA,AWP,WE,Towers with Radar,0,4,42,1,47,0,4,187,0,191,0,8,229,1,238,164,0,164,402
10/12/2006,CMA,CA,AWP,WE,Towers with Radar,0,4,44,2,50,0,2,193,0,195,0,6,237,2,245,240,0,240,485
10/13/2006,CMA,CA,AWP,WE,Towers with Radar,0,4,36,1,41,0,2,88,0,90,0,6,124,1,131,162,0,162,293
10/14/2006,CMA,CA,AWP,WE,Towers with Radar,0,2,35,0,37,0,2,156,2,160,0,4,191,2,197,246,0,246,443
10/15/2006,CMA,CA,AWP,WE,Towers with Radar,0,2,74,0,76,0,1,124,0,125,0,3,198,0,201,184,0,184,385
10/16/2006,CMA,CA,AWP,WE,Towers with Radar,0,10,48,0,58,0,1,113,0,114,0,11,161,0,172,152,0,152,324
10/17/2006,CMA,CA,AWP,WE,Towers with Radar,0,1,40,0,41,0,1,128,0,129,0,2,168,0,170,178,0,178,348
10/18/2006,CMA,CA,AWP,WE,Towers with Radar,0,5,33,0,38,0,7,148,0,155,0,12,181,0,193,96,0,96,289
10/19/2006,CMA,CA,AWP,WE,Towers with Radar,0,15,35,0,50,0,3,179,0,182,0,18,214,0,232,270,0,270,502
10/20/2006,CMA,CA,AWP,WE,Towers with Radar,0,14,39,0,53,0,5,218,0,223,0,19,257,0,276,220,0,220,496
10/21/2006,CMA,CA,AWP,WE,Towers with Radar,0,1,39,0,40,0,2,255,0,257,0,3,294,0,297,168,0,168,465
10/22/2006,CMA,CA,AWP,WE,Towers with Radar,0,9,52,0,61,0,2,312,0,314,0,11,364,0,375,132,0,132,507
10/23/2006,CMA,CA,AWP,WE,Towers with Radar,0,9,24,0,33,0,0,147,0,147,0,9,171,0,180,234,0,234,414
10/24/2006,CMA,CA,AWP,WE,Towers with Radar,0,10,25,0,35,0,0,166,0,166,0,10,191,0,201,164,0,164,365
10/25/2006,CMA,CA,AWP,WE,Towers with Radar,0,13,78,0,91,0,3,126,0,129,0,16,204,0,220,116,0,116,336
10/26/2006,CMA,CA,AWP,WE,Towers with Radar,0,8,30,0,38,0,6,74,0,80,0,14,104,0,118,46,0,46,164
10/27/2006,CMA,CA,AWP,WE,Towers with Radar,0,10,31,0,41,0,3,145,0,148,0,13,176,0,189,56,0,56,245
10/28/2006,CMA,CA,AWP,WE,Towers with Radar,0,2,31,0,33,0,2,330,0,332,0,4,361,0,365,226,0,226,591
10/29/2006,CMA,CA,AWP,WE,Towers with Radar,0,6,45,0,51,0,1,304,0,305,0,7,349,0,356,132,0,132,488
10/30/2006,CMA,CA,AWP,WE,Towers with Radar,0,3,37,0,40,0,3,100,0,103,0,6,137,0,143,162,0,162,305
10/31/2006,CMA,CA,AWP,WE,Towers with Radar,0,8,60,0,68,0,4,110,0,114,0,12,170,0,182,134,0,134,316
11/01/2006,CMA,CA,AWP,WE,Towers with Radar,0,7,50,0,57,0,3,158,0,161,0,10,208,0,218,144,0,144,362
11/02/2006,CMA,CA,AWP,WE,Towers with Radar,0,14,58,0,72,0,6,138,0,144,0,20,196,0,216,196,0,196,412
11/03/2006,CMA,CA,AWP,WE,Towers with Radar,0,4,62,0,66,0,7,101,0,108,0,11,163,0,174,172,0,172,346
11/04/2006,CMA,CA,AWP,WE,Towers with Radar,0,5,38,0,43,0,3,276,0,279,0,8,314,0,322,200,0,200,522
11/05/2006,CMA,CA,AWP,WE,Towers with Radar,0,6,53,0,59,0,5,232,0,237,0,11,285,0,296,106,0,106,402
11/06/2006,CMA,CA,AWP,WE,Towers with Radar,0,4,26,0,30,0,6,80,0,86,0,10,106,0,116,124,2,126,242
11/07/2006,CMA,CA,AWP,WE,Towers with Radar,0,14,55,0,69,0,1,241,0,242,0,15,296,0,311,218,0,218,529
11/08/2006,CMA,CA,AWP,WE,Towers with Radar,0,13,53,0,66,0,6,193,0,199,0,19,246,0,265,140,0,140,405
11/09/2006,CMA,CA,AWP,WE,Towers with Radar,0,4,56,0,60,0,7,209,0,216,0,11,265,0,276,166,0,166,442
11/10/2006,CMA,CA,AWP,WE,Towers with Radar,0,4,27,0,31,0,1,215,0,216,0,5,242,0,247,134,0,134,381
11/11/2006,CMA,CA,AWP,WE,Towers with Radar,0,1,49,0,50,0,0,222,0,222,0,1,271,0,272,136,0,136,408
11/12/2006,CMA,CA,AWP,WE,Towers with Radar,0,2,30,0,32,0,4,145,0,149,0,6,175,0,181,108,0,108,289
11/13/2006,CMA,CA,AWP,WE,Towers with Radar,0,9,51,0,60,0,5,225,0,230,0,14,276,0,290,150,0,150,440
11/14/2006,CMA,CA,AWP,WE,Towers with Radar,0,5,1,0,6,0,0,196,1,197,0,5,197,1,203,258,0,258,461
11/15/2006,CMA,CA,AWP,WE,Towers with Radar,0,6,40,0,46,0,2,193,0,195,0,8,233,0,241,176,0,176,417
11/16/2006,CMA,CA,AWP,WE,Towers with Radar,0,8,44,2,54,0,9,206,0,215,0,17,250,2,269,168,0,168,437
11/17/2006,CMA,CA,AWP,WE,Towers with Radar,0,2,51,0,53,0,7,231,0,238,0,9,282,0,291,220,0,220,511
11/18/2006,CMA,CA,AWP,WE,Towers with Radar,0,3,26,0,29,0,1,317,0,318,0,4,343,0,347,260,0,260,607
11/19/2006,CMA,CA,AWP,WE,Towers with Radar,0,3,34,0,37,0,4,317,0,321,0,7,351,0,358,150,0,150,508
11/20/2006,CMA,CA,AWP,WE,Towers with Radar,0,4,54,0,58,0,0,141,0,141,0,4,195,0,199,68,0,68,267
11/21/2006,CMA,CA,AWP,WE,Towers with Radar,0,4,58,3,65,0,6,151,0,157,0,10,209,3,222,248,0,248,470
11/22/2006,CMA,CA,AWP,WE,Towers with Radar,0,7,84,2,93,0,1,161,0,162,0,8,245,2,255,176,0,176,431
11/23/2006,CMA,CA,AWP,WE,Towers with Radar,0,0,12,0,12,0,0,95,0,95,0,0,107,0,107,24,0,24,131
11/24/2006,CMA,CA,AWP,WE,Towers with Radar,0,2,43,0,45,0,1,206,0,207,0,3,249,0,252,198,0,198,450
11/25/2006,CMA,CA,AWP,WE,Towers with Radar,0,4,35,0,39,0,0,235,3,238,0,4,270,3,277,200,0,200,477
11/26/2006,CMA,CA,AWP,WE,Towers with Radar,0,5,55,0,60,0,0,317,0,317,0,5,372,0,377,244,0,244,621
11/27/2006,CMA,CA,AWP,WE,Towers with Radar,0,9,50,0,59,0,1,66,0,67,0,10,116,0,126,114,0,114,240
11/28/2006,CMA,CA,AWP,WE,Towers with Radar,0,12,30,0,42,0,4,168,0,172,0,16,198,0,214,0,318,318,532
11/29/2006,CMA,CA,AWP,WE,Towers with Radar,0,1,38,0,39,0,4,93,2,99,0,5,131,2,138,80,0,80,218
11/30/2006,CMA,CA,AWP,WE,Towers with Radar,0,5,44,0,49,0,5,118,2,125,0,10,162,2,174,140,0,140,314
12/01/2006,CMA,CA,AWP,WE,Towers with Radar,0,2,40,0,42,0,8,202,0,210,0,10,242,0,252,180,0,180,432
12/02/2006,CMA,CA,AWP,WE,Towers with Radar,0,4,14,0,18,0,5,75,0,80,0,9,89,0,98,20,0,20,118
12/03/2006,CMA,CA,AWP,WE,Towers with Radar,0,1,15,0,16,0,0,49,0,49,0,1,64,0,65,4,0,4,69
12/04/2006,CMA,CA,AWP,WE,Towers with Radar,0,4,27,0,31,0,1,118,0,119,0,5,145,0,150,112,0,112,262
12/05/2006,CMA,CA,AWP,WE,Towers with Radar,0,9,39,0,48,0,7,205,0,212,0,16,244,0,260,218,0,218,478
12/06/2006,CMA,CA,AWP,WE,Towers with Radar,0,4,32,0,36,0,4,248,0,252,0,8,280,0,288,234,0,234,522
12/07/2006,CMA,CA,AWP,WE,Towers with Radar,0,5,42,0,47,0,5,230,0,235,0,10,272,0,282,246,0,246,528
12/08/2006,CMA,CA,AWP,WE,Towers with Radar,0,9,51,0,60,0,0,230,2,232,0,9,281,2,292,104,0,104,396
12/09/2006,CMA,CA,AWP,WE,Towers with Radar,0,5,60,0,65,0,4,177,0,181,0,9,237,0,246,144,0,144,390
12/10/2006,CMA,CA,AWP,WE,Towers with Radar,0,2,42,0,44,0,1,139,0,140,0,3,181,0,184,78,0,78,262
12/11/2006,CMA,CA,AWP,WE,Towers with Radar,0,11,31,0,42,0,0,150,0,150,0,11,181,0,192,136,0,136,328
12/12/2006,CMA,CA,AWP,WE,Towers with Radar,0,8,38,0,46,0,6,237,2,245,0,14,275,2,291,208,0,208,499
12/13/2006,CMA,CA,AWP,WE,Towers with Radar,0,4,39,0,43,0,7,192,0,199,0,11,231,0,242,144,0,144,386
12/14/2006,CMA,CA,AWP,WE,Towers with Radar,0,10,43,2,55,0,4,198,0,202,0,14,241,2,257,204,0,204,461
12/15/2006,CMA,CA,AWP,WE,Towers with Radar,0,12,58,0,70,0,3,216,0,219,0,15,274,0,289,194,0,194,483
12/16/2006,CMA,CA,AWP,WE,Towers with Radar,0,6,52,0,58,0,1,69,0,70,0,7,121,0,128,150,0,150,278
12/17/2006,CMA,CA,AWP,WE,Towers with Radar,0,9,31,0,40,0,0,258,0,258,0,9,289,0,298,102,0,102,400
12/18/2006,CMA,CA,AWP,WE,Towers with Radar,0,2,26,0,28,0,0,69,0,69,0,2,95,0,97,50,0,50,147
12/19/2006,CMA,CA,AWP,WE,Towers with Radar,0,4,40,0,44,0,2,208,2,212,0,6,248,2,256,234,0,234,490
12/20/2006,CMA,CA,AWP,WE,Towers with Radar,0,8,54,0,62,0,2,240,0,242,0,10,294,0,304,292,0,292,596
12/21/2006,CMA,CA,AWP,WE,Towers with Radar,0,7,57,0,64,0,3,241,0,244,0,10,298,0,308,150,0,150,458
12/22/2006,CMA,CA,AWP,WE,Towers with Radar,0,4,30,0,34,0,1,131,0,132,0,5,161,0,166,218,0,218,384
12/23/2006,CMA,CA,AWP,WE,Towers with Radar,0,6,35,0,41,0,0,190,2,192,0,6,225,2,233,132,0,132,365
12/24/2006,CMA,CA,AWP,WE,Towers with Radar,0,0,25,0,25,0,1,159,0,160,0,1,184,0,185,80,0,80,265
12/25/2006,CMA,CA,AWP,WE,Towers with Radar,0,2,8,0,10,0,0,96,0,96,0,2,104,0,106,30,0,30,136
12/26/2006,CMA,CA,AWP,WE,Towers with Radar,0,6,70,0,76,0,5,224,0,229,0,11,294,0,305,192,0,192,497
12/27/2006,CMA,CA,AWP,WE,Towers with Radar,0,1,25,0,26,0,2,38,0,40,0,3,63,0,66,48,0,48,114
12/28/2006,CMA,CA,AWP,WE,Towers with Radar,0,4,14,0,18,0,1,87,0,88,0,5,101,0,106,80,0,80,186
12/29/2006,CMA,CA,AWP,WE,Towers with Radar,0,2,36,0,38,0,1,154,0,155,0,3,190,0,193,270,0,270,463
12/30/2006,CMA,CA,AWP,WE,Towers with Radar,0,9,52,0,61,0,3,344,0,347,0,12,396,0,408,186,0,186,594
12/31/2006,CMA,CA,AWP,WE,Towers with Radar,0,7,18,0,25,0,0,227,0,227,0,7,245,0,252,130,0,130,382
01/01/2007,CMA,CA,AWP,WE,Towers with Radar,0,5,11,0,16,0,0,96,0,96,0,5,107,0,112,104,0,104,216
01/02/2007,CMA,CA,AWP,WE,Towers with Radar,0,2,23,0,25,0,3,104,0,107,0,5,127,0,132,128,0,128,260
01/03/2007,CMA,CA,AWP,WE,Towers with Radar,0,3,39,0,42,0,1,266,0,267,0,4,305,0,309,252,0,252,561
01/04/2007,CMA,CA,AWP,WE,Towers with Radar,0,6,60,0,66,0,1,69,0,70,0,7,129,0,136,246,0,246,382
01/05/2007,CMA,CA,AWP,WE,Towers with Radar,0,6,38,1,45,0,1,130,0,131,0,7,168,1,176,240,0,240,416
01/06/2007,CMA,CA,AWP,WE,Towers with Radar,0,5,18,0,23,0,1,291,2,294,0,6,309,2,317,260,0,260,577
01/07/2007,CMA,CA,AWP,WE,Towers with Radar,0,6,20,0,26,0,6,52,0,58,0,12,72,0,84,14,0,14,98
01/08/2007,CMA,CA,AWP,WE,Towers with Radar,0,6,14,0,20,0,0,59,0,59,0,6,73,0,79,8,0,8,87
01/09/2007,CMA,CA,AWP,WE,Towers with Radar,0,4,33,0,37,0,0,168,0,168,0,4,201,0,205,162,0,162,367
01/10/2007,CMA,CA,AWP,WE,Towers with Radar,0,8,79,3,90,0,7,240,0,247,0,15,319,3,337,294,0,294,631
01/11/2007,CMA,CA,AWP,WE,Towers with Radar,0,14,71,0,85,0,0,97,0,97,0,14,168,0,182,242,0,242,424
01/12/2007,CMA,CA,AWP,WE,Towers with Radar,0,4,40,0,44,0,2,177,0,179,0,6,217,0,223,254,0,254,477
01/13/2007,CMA,CA,AWP,WE,Towers with Radar,0,0,19,0,19,0,0,92,0,92,0,0,111,0,111,18,0,18,129
01/14/2007,CMA,CA,AWP,WE,Towers with Radar,0,4,42,0,46,0,0,332,0,332,0,4,374,0,378,190,3,193,571
01/15/2007,CMA,CA,AWP,WE,Towers with Radar,0,4,27,0,31,0,0,71,0,71,0,4,98,0,102,10,0,10,112
01/16/2007,CMA,CA,AWP,WE,Towers with Radar,0,7,24,0,31,0,4,148,0,152,0,11,172,0,183,218,0,218,401
01/17/2007,CMA,CA,AWP,WE,Towers with Radar,0,8,35,0,43,0,1,92,0,93,0,9,127,0,136,288,0,288,424
01/18/2007,CMA,CA,AWP,WE,Towers with Radar,0,9,22,0,31,0,0,166,0,166,0,9,188,0,197,330,0,330,527
01/19/2007,CMA,CA,AWP,WE,Towers with Radar,0,7,38,4,49,0,3,216,0,219,0,10,254,4,268,172,0,172,440
01/20/2007,CMA,CA,AWP,WE,Towers with Radar,0,7,37,0,44,0,2,314,0,316,0,9,351,0,360,174,0,174,534
01/21/2007,CMA,CA,AWP,WE,Towers with Radar,0,5,16,0,21,0,0,104,0,104,0,5,120,0,125,48,0,48,173
01/22/2007,CMA,CA,AWP,WE,Towers with Radar,0,6,31,0,37,0,1,107,0,108,0,7,138,0,145,116,0,116,261
01/23/2007,CMA,CA,AWP,WE,Towers with Radar,0,9,60,0,69,0,3,281,0,284,0,12,341,0,353,170,0,170,523
01/24/2007,CMA,CA,AWP,WE,Towers with Radar,0,8,49,0,57,0,4,250,0,254,0,12,299,0,311,0,390,390,701
01/25/2007,CMA,CA,AWP,WE,Towers with Radar,0,10,58,0,68,0,1,224,0,225,0,11,282,0,293,184,0,184,477
01/26/2007,CMA,CA,AWP,WE,Towers with Radar,0,8,63,0,71,0,0,230,0,230,0,8,293,0,301,332,0,332,633
01/27/2007,CMA,CA,AWP,WE,Towers with Radar,0,0,62,0,62,0,0,15,0,15,0,0,77,0,77,36,0,36,113
01/28/2007,CMA,CA,AWP,WE,Towers with Radar,0,3,60,0,63,0,3,68,0,71,0,6,128,0,134,112,0,112,246
01/29/2007,CMA,CA,AWP,WE,Towers with Radar,0,4,41,4,49,0,0,100,0,100,0,4,141,4,149,174,0,174,323
01/30/2007,CMA,CA,AWP,WE,Towers with Radar,0,7,34,0,41,0,2,42,0,44,0,9,76,0,85,86,0,86,171
01/31/2007,CMA,CA,AWP,WE,Towers with Radar,0,3,83,0,86,0,11,158,2,171,0,14,241,2,257,222,0,222,479
02/01/2007,CMA,CA,AWP,WE,Towers with Radar,0,7,54,0,61,0,5,165,0,170,0,12,219,0,231,148,0,148,379
02/02/2007,CMA,CA,AWP,WE,Towers with Radar,0,14,44,0,58,0,6,194,0,200,0,20,238,0,258,173,3,176,434
02/03/2007,CMA,CA,AWP,WE,Towers with Radar,0,10,40,0,50,0,1,355,0,356,0,11,395,0,406,112,0,112,518
02/04/2007,CMA,CA,AWP,WE,Towers with Radar,0,4,21,0,25,0,0,295,0,295,0,4,316,0,320,150,0,150,470
02/05/2007,CMA,CA,AWP,WE,Towers with Radar,0,6,26,0,32,0,0,148,0,148,0,6,174,0,180,168,0,168,348
02/06/2007,CMA,CA,AWP,WE,Towers with Radar,0,4,30,0,34,0,12,149,0,161,0,16,179,0,195,256,0,256,451
02/07/2007,CMA,CA,AWP,WE,Towers with Radar,0,2,31,0,33,0,1,108,0,109,0,3,139,0,142,222,0,222,364
02/08/2007,CMA,CA,AWP,WE,Towers with Radar,0,4,39,0,43,0,1,172,0,173,0,5,211,0,216,198,0,198,414
02/09/2007,CMA,CA,AWP,WE,Towers with Radar,0,5,39,0,44,0,1,112,0,113,0,6,151,0,157,158,0,158,315
02/10/2007,CMA,CA,AWP,WE,Towers with Radar,0,0,50,0,50,0,0,156,0,156,0,0,206,0,206,236,0,236,442
02/11/2007,CMA,CA,AWP,WE,Towers with Radar,0,1,62,0,63,0,0,100,0,100,0,1,162,0,163,116,0,116,279
02/12/2007,CMA,CA,AWP,WE,Towers with Radar,0,7,34,0,41,0,0,75,0,75,0,7,109,0,116,242,0,242,358
02/13/2007,CMA,CA,AWP,WE,Towers with Radar,0,12,40,0,52,0,2,138,0,140,0,14,178,0,192,214,0,214,406
02/14/2007,CMA,CA,AWP,WE,Towers with Radar,0,3,43,0,46,0,5,193,0,198,0,8,236,0,244,140,0,140,384
02/15/2007,CMA,CA,AWP,WE,Towers with Radar,0,6,41,0,47,0,8,233,0,241,0,14,274,0,288,206,0,206,494
02/16/2007,CMA,CA,AWP,WE,Towers with Radar,0,8,55,0,63,0,2,234,0,236,0,10,289,0,299,194,0,194,493
02/17/2007,CMA,CA,AWP,WE,Towers with Radar,0,0,23,0,23,0,0,137,0,137,0,0,160,0,160,84,0,84,244
02/18/2007,CMA,CA,AWP,WE,Towers with Radar,0,4,49,0,53,0,0,190,0,190,0,4,239,0,243,114,0,114,357
02/19/2007,CMA,CA,AWP,WE,Towers with Radar,0,2,32,0,34,0,2,124,0,126,0,4,156,0,160,184,0,184,344
02/20/2007,CMA,CA,AWP,WE,Towers with Radar,0,7,74,0,81,0,10,185,0,195,0,17,259,0,276,250,0,250,526
02/21/2007,CMA,CA,AWP,WE,Towers with Radar,0,1,78,0,79,0,8,176,0,184,0,9,254,0,263,276,0,276,539
02/22/2007,CMA,CA,AWP,WE,Towers with Radar,0,6,32,2,40,0,0,39,0,39,0,6,71,2,79,36,0,36,115
02/23/2007,CMA,CA,AWP,WE,Towers with Radar,0,13,39,2,54,0,2,181,0,183,0,15,220,2,237,186,0,186,423
02/24/2007,CMA,CA,AWP,WE,Towers with Radar,0,4,39,0,43,0,0,311,0,311,0,4,350,0,354,168,0,168,522
02/25/2007,CMA,CA,AWP,WE,Towers with Radar,0,2,60,0,62,0,0,144,0,144,0,2,204,0,206,98,0,98,304
02/26/2007,CMA,CA,AWP,WE,Towers with Radar,0,5,47,2,54,0,13,78,0,91,0,18,125,2,145,248,0,248,393
02/27/2007,CMA,CA,AWP,WE,Towers with Radar,0,9,31,0,40,0,6,52,0,58,0,15,83,0,98,64,0,64,162
02/28/2007,CMA,CA,AWP,WE,Towers with Radar,0,4,27,0,31,0,10,162,0,172,0,14,189,0,203,146,0,146,349
03/01/2007,CMA,CA,AWP,WE,Towers with Radar,0,8,42,0,50,0,0,151,0,151,0,8,193,0,201,140,0,140,341
03/02/2007,CMA,CA,AWP,WE,Towers with Radar,0,8,25,0,33,0,0,175,0,175,0,8,200,0,208,166,0,166,374
03/03/2007,CMA,CA,AWP,WE,Towers with Radar,0,3,16,0,19,0,3,61,0,64,0,6,77,0,83,28,0,28,111
03/04/2007,CMA,CA,AWP,WE,Towers with Radar,0,6,29,0,35,0,1,138,0,139,0,7,167,0,174,102,0,102,276
03/05/2007,CMA,CA,AWP,WE,Towers with Radar,0,5,47,0,52,0,2,242,0,244,0,7,289,0,296,154,0,154,450
03/06/2007,CMA,CA,AWP,WE,Towers with Radar,0,8,47,0,55,0,5,202,0,207,0,13,249,0,262,200,0,200,462
03/07/2007,CMA,CA,AWP,WE,Towers with Radar,0,7,63,1,71,0,7,223,0,230,0,14,286,1,301,250,0,250,551
03/08/2007,CMA,CA,AWP,WE,Towers with Radar,0,3,71,0,74,0,5,215,0,220,0,8,286,0,294,312,0,312,606
03/09/2007,CMA,CA,AWP,WE,Towers with Radar,0,7,81,0,88,0,1,167,2,170,0,8,248,2,258,182,0,182,440
03/10/2007,CMA,CA,AWP,WE,Towers with Radar,0,2,57,0,59,0,2,364,0,366,0,4,421,0,425,160,0,160,585
03/11/2007,CMA,CA,AWP,WE,Towers with Radar,0,4,15,0,19,0,0,152,0,152,0,4,167,0,171,44,0,44,215
03/12/2007,CMA,CA,AWP,WE,Towers with Radar,0,7,42,0,49,0,1,179,0,180,0,8,221,0,229,288,0,288,517
03/13/2007,CMA,CA,AWP,WE,Towers with Radar,0,11,40,0,51,0,1,142,0,143,0,12,182,0,194,152,0,152,346
03/14/2007,CMA,CA,AWP,WE,Towers with Radar,0,10,74,0,84,0,3,90,0,93,0,13,164,0,177,178,0,178,355
03/15/2007,CMA,CA,AWP,WE,Towers with Radar,0,10,84,0,94,0,1,57,0,58,0,11,141,0,152,100,0,100,252
03/16/2007,CMA,CA,AWP,WE,Towers with Radar,0,4,45,0,49,0,4,127,0,131,0,8,172,0,180,156,0,156,336
03/17/2007,CMA,CA,AWP,WE,Towers with Radar,0,2,73,0,75,0,0,160,0,160,0,2,233,0,235,54,0,54,289
03/18/2007,CMA,CA,AWP,WE,Towers with Radar,0,6,89,0,95,0,0,14,0,14,0,6,103,0,109,132,0,132,241
03/19/2007,CMA,CA,AWP,WE,Towers with Radar,0,0,90,0,90,0,2,45,0,47,0,2,135,0,137,180,6,186,323
03/20/2007,CMA,CA,AWP,WE,Towers with Radar,0,3,85,0,88,0,5,34,0,39,0,8,119,0,127,118,0,118,245
03/21/2007,CMA,CA,AWP,WE,Towers with Radar,0,14,73,0,87,0,1,134,0,135,0,15,207,0,222,242,0,242,464
03/22/2007,CMA,CA,AWP,WE,Towers with Radar,0,16,47,0,63,0,6,191,0,197,0,22,238,0,260,100,0,100,360
03/23/2007,CMA,CA,AWP,WE,Towers with Radar,0,13,50,0,63,0,0,317,0,317,0,13,367,0,380,232,0,232,612
03/24/2007,CMA,CA,AWP,WE,Towers with Radar,0,5,70,0,75,0,1,230,0,231,0,6,300,0,306,188,0,188,494
03/25/2007,CMA,CA,AWP,WE,Towers with Radar,0,2,78,0,80,0,2,192,0,194,0,4,270,0,274,114,0,114,388
03/26/2007,CMA,CA,AWP,WE,Towers with Radar,0,2,74,0,76,0,0,17,0,17,0,2,91,0,93,60,0,60,153
03/27/2007,CMA,CA,AWP,WE,Towers with Radar,0,1,29,0,30,0,7,30,0,37,0,8,59,0,67,125,0,125,192
03/28/2007,CMA,CA,AWP,WE,Towers with Radar,0,6,28,0,34,0,3,187,0,190,0,9,215,0,224,226,0,226,450
03/29/2007,CMA,CA,AWP,WE,Towers with Radar,0,9,54,2,65,0,3,246,0,249,0,12,300,2,314,242,0,242,556
03/30/2007,CMA,CA,AWP,WE,Towers with Radar,0,5,41,0,46,0,7,239,0,246,0,12,280,0,292,244,0,244,536
03/31/2007,CMA,CA,AWP,WE,Towers with Radar,0,1,32,0,33,0,7,265,0,272,0,8,297,0,305,118,0,118,423
04/01/2007,CMA,CA,AWP,WE,Towers with Radar,0,2,56,0,58,0,0,208,0,208,0,2,264,0,266,44,0,44,310
04/02/2007,CMA,CA,AWP,WE,Towers with Radar,0,3,54,0,57,0,0,129,0,129,0,3,183,0,186,224,0,224,410
04/03/2007,CMA,CA,AWP,WE,Towers with Radar,0,4,63,0,67,0,1,159,0,160,0,5,222,0,227,148,0,148,375
04/04/2007,CMA,CA,AWP,WE,Towers with Radar,0,8,75,0,83,0,0,88,0,88,0,8,163,0,171,104,0,104,275
04/05/2007,CMA,CA,AWP,WE,Towers with Radar,0,9,81,0,90,0,0,76,0,76,0,9,157,0,166,126,0,126,292
04/06/2007,CMA,CA,AWP,WE,Towers with Radar,0,5,92,0,97,0,2,50,0,52,0,7,142,0,149,250,0,250,399
04/07/2007,CMA,CA,AWP,WE,Towers with Radar,0,4,115,0,119,0,0,62,0,62,0,4,177,0,181,240,0,240,421
04/08/2007,CMA,CA,AWP,WE,Towers with Radar,0,1,67,0,68,0,0,46,0,46,0,1,113,0,114,94,0,94,208
04/09/2007,CMA,CA,AWP,WE,Towers with Radar,0,0,75,0,75,0,0,182,0,182,0,0,257,0,257,174,0,174,431
04/10/2007,CMA,CA,AWP,WE,Towers with Radar,0,7,39,0,46,0,6,207,0,213,0,13,246,0,259,130,0,130,389
04/11/2007,CMA,CA,AWP,WE,Towers with Radar,0,6,50,0,56,0,0,140,0,140,0,6,190,0,196,128,0,128,324
04/12/2007,CMA,CA,AWP,WE,Towers with Radar,0,7,30,0,37,0,0,80,0,80,0,7,110,0,117,116,0,116,233
04/13/2007,CMA,CA,AWP,WE,Towers with Radar,0,7,31,0,38,0,3,214,0,217,0,10,245,0,255,166,0,166,421
04/14/2007,CMA,CA,AWP,WE,Towers with Radar,0,4,59,0,63,0,0,280,3,283,0,4,339,3,346,172,0,172,518
04/15/2007,CMA,CA,AWP,WE,Towers with Radar,0,2,31,0,33,0,2,107,0,109,0,4,138,0,142,104,0,104,246
04/16/2007,CMA,CA,AWP,WE,Towers with Radar,0,3,54,0,57,0,1,155,0,156,0,4,209,0,213,298,0,298,511
04/17/2007,CMA,CA,AWP,WE,Towers with Radar,0,6,56,0,62,0,1,79,0,80,0,7,135,0,142,284,0,284,426
04/18/2007,CMA,CA,AWP,WE,Towers with Radar,0,3,35,0,38,0,3,171,0,174,0,6,206,0,212,308,0,308,520
04/19/2007,CMA,CA,AWP,WE,Towers with Radar,0,5,51,0,56,0,1,210,0,211,0,6,261,0,267,332,0,332,599
04/20/2007,CMA,CA,AWP,WE,Towers with Radar,0,11,52,0,63,0,0,28,0,28,0,11,80,0,91,172,0,172,263
04/21/2007,CMA,CA,AWP,WE,Towers with Radar,0,5,54,0,59,0,4,356,0,360,0,9,410,0,419,212,0,212,631
04/22/2007,CMA,CA,AWP,WE,Towers with Radar,0,2,64,0,66,0,0,54,0,54,0,2,118,0,120,78,0,78,198
04/23/2007,CMA,CA,AWP,WE,Towers with Radar,0,4,46,0,50,0,1,154,0,155,0,5,200,0,205,242,0,242,447
04/24/2007,CMA,CA,AWP,WE,Towers with Radar,0,9,41,2,52,0,6,191,0,197,0,15,232,2,249,248,0,248,497
04/25/2007,CMA,CA,AWP,WE,Towers with Radar,0,2,63,0,65,0,1,259,1,261,0,3,322,1,326,394,0,394,720
04/26/2007,CMA,CA,AWP,WE,Towers with Radar,0,5,51,0,56,0,3,295,0,298,0,8,346,0,354,336,0,336,690
04/27/2007,CMA,CA,AWP,WE,Towers with Radar,0,6,49,0,55,0,0,281,1,282,0,6,330,1,337,148,0,148,485
04/28/2007,CMA,CA,AWP,WE,Towers with Radar,0,0,60,0,60,0,0,261,0,261,0,0,321,0,321,126,0,126,447
04/29/2007,CMA,CA,AWP,WE,Towers with Radar,0,2,87,0,89,0,0,66,1,67,0,2,153,1,156,68,0,68,224
04/30/2007,CMA,CA,AWP,WE,Towers with Radar,0,0,44,0,44,0,0,53,0,53,0,0,97,0,97,124,0,124,221
05/01/2007,CMA,CA,AWP,WE,Towers with Radar,0,9,78,0,87,0,3,99,0,102,0,12,177,0,189,142,0,142,331
05/02/2007,CMA,CA,AWP,WE,Towers with Radar,0,2,59,0,61,0,2,149,0,151,0,4,208,0,212,232,0,232,444
05/03/2007,CMA,CA,AWP,WE,Towers with Radar,0,13,44,0,57,0,4,205,0,209,0,17,249,0,266,222,0,222,488
05/04/2007,CMA,CA,AWP,WE,Towers with Radar,0,11,54,1,66,0,0,79,5,84,0,11,133,6,150,90,0,90,240
05/05/2007,CMA,CA,AWP,WE,Towers with Radar,0,4,49,0,53,0,1,323,0,324,0,5,372,0,377,226,0,226,603
05/06/2007,CMA,CA,AWP,WE,Towers with Radar,0,6,35,0,41,0,0,238,0,238,0,6,273,0,279,84,0,84,363
05/07/2007,CMA,CA,AWP,WE,Towers with Radar,0,3,29,0,32,0,0,121,0,121,0,3,150,0,153,96,0,96,249
05/08/2007,CMA,CA,AWP,WE,Towers with Radar,0,8,43,0,51,0,9,188,0,197,0,17,231,0,248,284,0,284,532
05/09/2007,CMA,CA,AWP,WE,Towers with Radar,0,5,63,0,68,0,0,210,0,210,0,5,273,0,278,136,0,136,414
05/10/2007,CMA,CA,AWP,WE,Towers with Radar,0,7,66,0,73,0,0,197,0,197,0,7,263,0,270,258,0,258,528
05/11/2007,CMA,CA,AWP,WE,Towers with Radar,0,4,55,0,59,0,5,235,0,240,0,9,290,0,299,348,0,348,647
05/12/2007,CMA,CA,AWP,WE,Towers with Radar,0,4,75,0,79,0,1,295,0,296,0,5,370,0,375,210,0,210,585
05/13/2007,CMA,CA,AWP,WE,Towers with Radar,0,2,36,0,38,0,1,162,0,163,0,3,198,0,201,184,0,184,385
05/14/2007,CMA,CA,AWP,WE,Towers with Radar,0,0,56,0,56,0,0,149,0,149,0,0,205,0,205,156,0,156,361
05/15/2007,CMA,CA,AWP,WE,Towers with Radar,0,3,84,0,87,0,1,70,0,71,0,4,154,0,158,170,0,170,328
05/16/2007,CMA,CA,AWP,WE,Towers with Radar,0,7,99,0,106,0,0,88,0,88,0,7,187,0,194,274,0,274,468
05/17/2007,CMA,CA,AWP,WE,Towers with Radar,0,11,86,0,97,0,3,129,0,132,0,14,215,0,229,150,0,150,379
05/18/2007,CMA,CA,AWP,WE,Towers with Radar,0,6,68,0,74,0,0,98,0,98,0,6,166,0,172,232,0,232,404
05/19/2007,CMA,CA,AWP,WE,Towers with Radar,0,2,62,0,64,0,0,175,0,175,0,2,237,0,239,146,0,146,385
05/20/2007,CMA,CA,AWP,WE,Towers with Radar,0,1,88,0,89,0,0,96,0,96,0,1,184,0,185,158,0,158,343
05/21/2007,CMA,CA,AWP,WE,Towers with Radar,0,7,103,0,110,0,0,46,0,46,0,7,149,0,156,176,0,176,332
05/22/2007,CMA,CA,AWP,WE,Towers with Radar,0,9,50,2,61,0,14,148,2,164,0,23,198,4,225,242,0,242,467
05/23/2007,CMA,CA,AWP,WE,Towers with Radar,0,9,71,0,80,0,3,172,0,175,0,12,243,0,255,0,218,218,473
05/24/2007,CMA,CA,AWP,WE,Towers with Radar,0,8,67,0,75,0,7,169,1,177,0,15,236,1,252,196,0,196,448
05/25/2007,CMA,CA,AWP,WE,Towers with Radar,0,9,59,0,68,0,2,205,0,207,0,11,264,0,275,204,0,204,479
05/26/2007,CMA,CA,AWP,WE,Towers with Radar,0,6,76,0,82,0,0,167,0,167,0,6,243,0,249,190,0,190,439
05/27/2007,CMA,CA,AWP,WE,Towers with Radar,0,1,55,0,56,0,1,145,0,146,0,2,200,0,202,130,0,130,332
05/28/2007,CMA,CA,AWP,WE,Towers with Radar,0,7,87,0,94,0,2,162,0,164,0,9,249,0,258,164,0,164,422
05/29/2007,CMA,CA,AWP,WE,Towers with Radar,0,4,64,0,68,0,1,120,0,121,0,5,184,0,189,220,0,220,409
05/30/2007,CMA,CA,AWP,WE,Towers with Radar,0,15,83,0,98,0,2,129,0,131,0,17,212,0,229,188,0,188,417
05/31/2007,CMA,CA,AWP,WE,Towers with Radar,0,6,67,0,73,0,3,167,0,170,0,9,234,0,243,228,0,228,471
06/01/2007,CMA,CA,AWP,WE,Towers with Radar,0,7,63,0,70,0,0,141,0,141,0,7,204,0,211,222,0,222,433
06/02/2007,CMA,CA,AWP,WE,Towers with Radar,0,2,58,0,60,0,0,179,0,179,0,2,237,0,239,238,0,238,477
06/03/2007,CMA,CA,AWP,WE,Towers with Radar,0,6,99,0,105,0,0,137,1,138,0,6,236,1,243,152,0,152,395
06/04/2007,CMA,CA,AWP,WE,Towers with Radar,0,12,55,0,67,0,1,117,0,118,0,13,172,0,185,156,0,156,341
06/05/2007,CMA,CA,AWP,WE,Towers with Radar,0,10,68,0,78,0,0,82,0,82,0,10,150,0,160,230,0,230,390
06/06/2007,CMA,CA,AWP,WE,Towers with Radar,0,11,44,0,55,0,2,197,0,199,0,13,241,0,254,156,0,156,410
06/07/2007,CMA,CA,AWP,WE,Towers with Radar,0,10,37,0,47,0,1,178,0,179,0,11,215,0,226,268,0,268,494
06/08/2007,CMA,CA,AWP,WE,Towers with Radar,0,6,64,0,70,0,2,223,0,225,0,8,287,0,295,146,0,146,441
06/09/2007,CMA,CA,AWP,WE,Towers with Radar,0,3,48,0,51,0,2,277,0,279,0,5,325,0,330,150,0,150,480
06/10/2007,CMA,CA,AWP,WE,Towers with Radar,0,4,61,0,65,0,1,209,0,210,0,5,270,0,275,108,0,108,383
06/11/2007,CMA,CA,AWP,WE,Towers with Radar,0,1,103,0,104,0,0,118,0,118,0,1,221,0,222,145,0,145,367
06/12/2007,CMA,CA,AWP,WE,Towers with Radar,0,5,54,0,59,0,8,191,0,199,0,13,245,0,258,240,0,240,498
06/13/2007,CMA,CA,AWP,WE,Towers with Radar,0,7,63,0,70,0,3,179,0,182,0,10,242,0,252,92,0,92,344
06/14/2007,CMA,CA,AWP,WE,Towers with Radar,0,9,65,0,74,0,0,199,0,199,0,9,264,0,273,154,0,154,427
06/15/2007,CMA,CA,AWP,WE,Towers with Radar,0,12,61,0,73,0,3,216,0,219,0,15,277,0,292,176,0,176,468
06/16/2007,CMA,CA,AWP,WE,Towers with Radar,0,5,62,0,67,0,3,160,0,163,0,8,222,0,230,234,0,234,464
06/17/2007,CMA,CA,AWP,WE,Towers with Radar,0,12,59,0,71,0,1,104,1,106,0,13,163,1,177,84,0,84,261
06/18/2007,CMA,CA,AWP,WE,Towers with Radar,0,7,47,0,54,0,0,102,0,102,0,7,149,0,156,160,0,160,316
06/19/2007,CMA,CA,AWP,WE,Towers with Radar,0,4,47,0,51,0,2,193,0,195,0,6,240,0,246,220,0,220,466
06/20/2007,CMA,CA,AWP,WE,Towers with Radar,0,8,58,0,66,0,1,197,0,198,0,9,255,0,264,228,0,228,492
06/21/2007,CMA,CA,AWP,WE,Towers with Radar,0,9,57,0,66,0,2,231,0,233,0,11,288,0,299,194,0,194,493
06/22/2007,CMA,CA,AWP,WE,Towers with Radar,0,4,42,0,46,0,1,232,0,233,0,5,274,0,279,250,0,250,529
06/23/2007,CMA,CA,AWP,WE,Towers with Radar,0,6,40,0,46,0,1,278,2,281,0,7,318,2,327,86,0,86,413
06/24/2007,CMA,CA,AWP,WE,Towers with Radar,0,8,95,0,103,0,0,143,0,143,0,8,238,0,246,156,0,156,402
06/25/2007,CMA,CA,AWP,WE,Towers with Radar,0,5,51,0,56,0,3,165,0,168,0,8,216,0,224,162,0,162,386
06/26/2007,CMA,CA,AWP,WE,Towers with Radar,0,9,239,0,248,0,1,0,0,1,0,10,239,0,249,258,0,258,507
06/27/2007,CMA,CA,AWP,WE,Towers with Radar,0,6,75,0,81,0,9,185,0,194,0,15,260,0,275,206,0,206,481
06/28/2007,CMA,CA,AWP,WE,Towers with Radar,0,13,55,0,68,0,5,207,0,212,0,18,262,0,280,296,0,296,576
06/29/2007,CMA,CA,AWP,WE,Towers with Radar,0,13,41,0,54,0,0,204,0,204,0,13,245,0,258,228,0,228,486
06/30/2007,CMA,CA,AWP,WE,Towers with Radar,0,5,46,0,51,0,2,358,0,360,0,7,404,0,411,146,0,146,557
07/01/2007,CMA,CA,AWP,WE,Towers with Radar,0,12,36,0,48,0,0,291,0,291,0,12,327,0,339,164,0,164,503
07/02/2007,CMA,CA,AWP,WE,Towers with Radar,0,6,22,0,28,0,1,215,1,217,0,7,237,1,245,288,0,288,533
07/03/2007,CMA,CA,AWP,WE,Towers with Radar,0,6,37,0,43,0,3,245,0,248,0,9,282,0,291,276,0,276,567
07/04/2007,CMA,CA,AWP,WE,Towers with Radar,0,2,25,0,27,0,0,240,0,240,0,2,265,0,267,170,0,170,437
07/05/2007,CMA,CA,AWP,WE,Towers with Radar,0,7,44,0,51,0,0,145,0,145,0,7,189,0,196,186,0,186,382
07/06/2007,CMA,CA,AWP,WE,Towers with Radar,0,5,50,0,55,0,2,170,0,172,0,7,220,0,227,222,0,222,449
07/07/2007,CMA,CA,AWP,WE,Towers with Radar,0,4,47,0,51,0,0,238,0,238,0,4,285,0,289,108,0,108,397
07/08/2007,CMA,CA,AWP,WE,Towers with Radar,0,7,73,0,80,0,1,162,0,163,0,8,235,0,243,192,0,192,435
07/09/2007,CMA,CA,AWP,WE,Towers with Radar,0,15,37,0,52,0,0,119,0,119,0,15,156,0,171,226,0,226,397
07/10/2007,CMA,CA,AWP,WE,Towers with Radar,0,5,74,0,79,0,6,95,0,101,0,11,169,0,180,240,0,240,420
07/11/2007,CMA,CA,AWP,WE,Towers with Radar,0,7,76,0,83,0,2,172,0,174,0,9,248,0,257,176,0,176,433
07/12/2007,CMA,CA,AWP,WE,Towers with Radar,0,3,57,0,60,0,3,196,0,199,0,6,253,0,259,138,0,138,397
07/13/2007,CMA,CA,AWP,WE,Towers with Radar,0,5,53,0,58,0,2,206,1,209,0,7,259,1,267,184,0,184,451
07/14/2007,CMA,CA,AWP,WE,Towers with Radar,0,5,56,0,61,0,0,290,0,290,0,5,346,0,351,196,0,196,547
07/15/2007,CMA,CA,AWP,WE,Towers with Radar,0,8,18,0,26,0,0,137,0,137,0,8,155,0,163,58,0,58,221
07/16/2007,CMA,CA,AWP,WE,Towers with Radar,0,4,67,0,71,0,1,60,2,63,0,5,127,2,134,148,0,148,282
07/17/2007,CMA,CA,AWP,WE,Towers with Radar,0,5,33,2,40,0,3,166,1,170,0,8,199,3,210,282,0,282,492
07/18/2007,CMA,CA,AWP,WE,Towers with Radar,0,7,46,0,53,0,6,140,0,146,0,13,186,0,199,144,0,144,343
07/19/2007,CMA,CA,AWP,WE,Towers with Radar,0,14,44,0,58,0,0,190,0,190,0,14,234,0,248,154,0,154,402
07/20/2007,CMA,CA,AWP,WE,Towers with Radar,0,6,32,0,38,0,0,235,0,235,0,6,267,0,273,206,0,206,479
07/21/2007,CMA,CA,AWP,WE,Towers with Radar,0,0,43,0,43,0,0,246,0,246,0,0,289,0,289,148,0,148,437
07/22/2007,CMA,CA,AWP,WE,Towers with Radar,0,3,70,0,73,0,0,207,0,207,0,3,277,0,280,366,0,366,646
07/23/2007,CMA,CA,AWP,WE,Towers with Radar,0,10,23,0,33,0,0,81,0,81,0,10,104,0,114,236,0,236,350
07/24/2007,CMA,CA,AWP,WE,Towers with Radar,0,7,31,0,38,0,1,161,0,162,0,8,192,0,200,212,0,212,412
07/25/2007,CMA,CA,AWP,WE,Towers with Radar,0,15,42,0,57,0,4,145,0,149,0,19,187,0,206,238,0,238,444
07/26/2007,CMA,CA,AWP,WE,Towers with Radar,0,17,50,0,67,0,1,214,2,217,0,18,264,2,284,262,0,262,546
07/27/2007,CMA,CA,AWP,WE,Towers with Radar,0,0,33,0,33,0,0,217,0,217,0,0,250,0,250,194,0,194,444
07/28/2007,CMA,CA,AWP,WE,Towers with Radar,0,7,34,0,41,0,3,227,0,230,0,10,261,0,271,200,0,200,471
07/29/2007,CMA,CA,AWP,WE,Towers with Radar,0,5,65,0,70,0,5,237,0,242,0,10,302,0,312,120,0,120,432
07/30/2007,CMA,CA,AWP,WE,Towers with Radar,0,4,33,0,37,0,0,160,0,160,0,4,193,0,197,288,0,288,485
07/31/2007,CMA,CA,AWP,WE,Towers with Radar,0,0,55,0,55,0,0,163,0,163,0,0,218,0,218,198,0,198,416
08/01/2007,CMA,CA,AWP,WE,Towers with Radar,0,9,65,0,74,0,0,120,0,120,0,9,185,0,194,156,0,156,350
08/02/2007,CMA,CA,AWP,WE,Towers with Radar,0,9,71,0,80,0,0,97,0,97,0,9,168,0,177,135,0,135,312
08/03/2007,CMA,CA,AWP,WE,Towers with Radar,0,9,58,0,67,0,0,146,0,146,0,9,204,0,213,218,0,218,431
08/04/2007,CMA,CA,AWP,WE,Towers with Radar,0,1,47,0,48,0,0,209,0,209,0,1,256,0,257,149,0,149,406
08/05/2007,CMA,CA,AWP,WE,Towers with Radar,0,5,69,0,74,0,0,495,0,495,0,5,564,0,569,216,0,216,785
08/06/2007,CMA,CA,AWP,WE,Towers with Radar,0,8,50,0,58,0,2,151,0,153,0,10,201,0,211,194,0,194,405
08/07/2007,CMA,CA,AWP,WE,Towers with Radar,0,11,48,0,59,0,1,273,0,274,0,12,321,0,333,240,0,240,573
08/08/2007,CMA,CA,AWP,WE,Towers with Radar,0,9,52,0,61,0,0,196,0,196,0,9,248,0,257,178,0,178,435
08/09/2007,CMA,CA,AWP,WE,Towers with Radar,0,11,31,0,42,0,11,247,0,258,0,22,278,0,300,180,0,180,480
08/10/2007,CMA,CA,AWP,WE,Towers with Radar,0,8,93,0,101,0,0,207,0,207,0,8,300,0,308,160,0,160,468
08/11/2007,CMA,CA,AWP,WE,Towers with Radar,0,3,67,0,70,0,0,198,0,198,0,3,265,0,268,230,0,230,498
08/12/2007,CMA,CA,AWP,WE,Towers with Radar,0,9,37,0,46,0,1,289,0,290,0,10,326,0,336,210,0,210,546
08/13/2007,CMA,CA,AWP,WE,Towers with Radar,0,3,27,0,30,0,2,188,0,190,0,5,215,0,220,228,0,228,448
08/14/2007,CMA,CA,AWP,WE,Towers with Radar,0,8,30,0,38,0,3,182,0,185,0,11,212,0,223,244,0,244,467
08/15/2007,CMA,CA,AWP,WE,Towers with Radar,0,7,54,0,61,0,3,169,1,173,0,10,223,1,234,188,0,188,422
08/16/2007,CMA,CA,AWP,WE,Towers with Radar,0,9,51,0,60,0,2,196,0,198,0,11,247,0,258,200,0,200,458
08/17/2007,CMA,CA,AWP,WE,Towers with Radar,0,10,59,0,69,0,1,239,0,240,0,11,298,0,309,192,0,192,501
08/18/2007,CMA,CA,AWP,WE,Towers with Radar,0,8,19,0,27,0,0,264,0,264,0,8,283,0,291,182,0,182,473
08/19/2007,CMA,CA,AWP,WE,Towers with Radar,0,5,29,0,34,0,5,280,0,285,0,10,309,0,319,98,0,98,417
08/20/2007,CMA,CA,AWP,WE,Towers with Radar,0,11,47,0,58,0,11,227,0,238,0,22,274,0,296,158,0,158,454
08/21/2007,CMA,CA,AWP,WE,Towers with Radar,0,8,44,0,52,0,1,220,0,221,0,9,264,0,273,208,0,208,481
08/22/2007,CMA,CA,AWP,WE,Towers with Radar,0,6,53,0,59,0,3,166,0,169,0,9,219,0,228,190,0,190,418
08/23/2007,CMA,CA,AWP,WE,Towers with Radar,0,10,57,0,67,0,10,158,0,168,0,20,215,0,235,162,0,162,397
08/24/2007,CMA,CA,AWP,WE,Towers with Radar,0,7,63,0,70,0,0,127,0,127,0,7,190,0,197,162,0,162,359
08/25/2007,CMA,CA,AWP,WE,Towers with Radar,0,5,50,0,55,0,0,236,0,236,0,5,286,0,291,206,0,206,497
08/26/2007,CMA,CA,AWP,WE,Towers with Radar,0,13,38,0,51,0,13,227,0,240,0,26,265,0,291,152,0,152,443
08/27/2007,CMA,CA,AWP,WE,Towers with Radar,0,7,32,0,39,0,7,162,11,180,0,14,194,11,219,130,0,130,349
08/28/2007,CMA,CA,AWP,WE,Towers with Radar,0,5,51,0,56,0,3,230,0,233,0,8,281,0,289,188,0,188,477
08/29/2007,CMA,CA,AWP,WE,Towers with Radar,0,8,52,0,60,0,2,208,0,210,0,10,260,0,270,186,0,186,456
08/30/2007,CMA,CA,AWP,WE,Towers with Radar,0,9,60,0,69,0,9,175,0,184,0,18,235,0,253,278,0,278,531
08/31/2007,CMA,CA,AWP,WE,Towers with Radar,0,14,35,0,49,0,14,217,1,232,0,28,252,1,281,186,0,186,467
09/01/2007,CMA,CA,AWP,WE,Towers with Radar,0,7,40,0,47,0,2,356,0,358,0,9,396,0,405,182,0,182,587
09/02/2007,CMA,CA,AWP,WE,Towers with Radar,0,7,30,0,37,0,7,176,0,183,0,14,206,0,220,148,0,148,368
09/03/2007,CMA,CA,AWP,WE,Towers with Radar,0,7,33,0,40,0,2,244,0,246,0,9,277,0,286,224,0,224,510
09/04/2007,CMA,CA,AWP,WE,Towers with Radar,0,7,31,0,38,0,5,119,0,124,0,12,150,0,162,200,0,200,362
09/05/2007,CMA,CA,AWP,WE,Towers with Radar,0,7,43,0,50,0,1,149,0,150,0,8,192,0,200,194,0,194,394
09/06/2007,CMA,CA,AWP,WE,Towers with Radar,0,5,56,0,61,0,5,196,0,201,0,10,252,0,262,228,0,228,490
09/07/2007,CMA,CA,AWP,WE,Towers with Radar,0,6,37,0,43,0,0,138,0,138,0,6,175,0,181,158,0,158,339
09/08/2007,CMA,CA,AWP,WE,Towers with Radar,0,4,33,0,37,0,1,246,0,247,0,5,279,0,284,168,0,168,452
09/09/2007,CMA,CA,AWP,WE,Towers with Radar,0,8,49,2,59,0,1,218,0,219,0,9,267,2,278,181,0,181,459
09/10/2007,CMA,CA,AWP,WE,Towers with Radar,0,2,42,0,44,0,0,199,0,199,0,2,241,0,243,184,0,184,427
09/11/2007,CMA,CA,AWP,WE,Towers with Radar,0,6,47,0,53,0,4,194,0,198,0,10,241,0,251,190,0,190,441
09/12/2007,CMA,CA,AWP,WE,Towers with Radar,0,4,41,0,45,0,4,186,0,190,0,8,227,0,235,100,0,100,335
09/13/2007,CMA,CA,AWP,WE,Towers with Radar,0,6,44,0,50,0,6,44,0,50,0,12,88,0,100,270,0,270,370
09/14/2007,CMA,CA,AWP,WE,Towers with Radar,0,7,30,0,37,0,7,232,0,239,0,14,262,0,276,266,0,266,542
09/15/2007,CMA,CA,AWP,WE,Towers with Radar,0,1,29,0,30,0,0,215,0,215,0,1,244,0,245,170,0,170,415
09/16/2007,CMA,CA,AWP,WE,Towers with Radar,0,7,53,0,60,0,0,203,0,203,0,7,256,0,263,66,0,66,329
09/17/2007,CMA,CA,AWP,WE,Towers with Radar,0,3,42,0,45,0,3,153,0,156,0,6,195,0,201,146,0,146,347
09/18/2007,CMA,CA,AWP,WE,Towers with Radar,0,7,45,0,52,0,7,152,0,159,0,14,197,0,211,176,0,176,387
09/19/2007,CMA,CA,AWP,WE,Towers with Radar,0,12,88,2,102,0,4,115,0,119,0,16,203,2,221,162,0,162,383
09/20/2007,CMA,CA,AWP,WE,Towers with Radar,0,18,62,0,80,0,4,155,0,159,0,22,217,0,239,290,0,290,529
09/21/2007,CMA,CA,AWP,WE,Towers with Radar,0,11,34,0,45,0,0,105,0,105,0,11,139,0,150,120,0,120,270
09/22/2007,CMA,CA,AWP,WE,Towers with Radar,0,6,29,0,35,0,2,72,0,74,0,8,101,0,109,292,0,292,401
09/23/2007,CMA,CA,AWP,WE,Towers with Radar,0,9,41,0,50,0,0,284,0,284,0,9,325,0,334,104,0,104,438
09/24/2007,CMA,CA,AWP,WE,Towers with Radar,0,8,44,0,52,0,3,146,0,149,0,11,190,0,201,260,0,260,461
09/25/2007,CMA,CA,AWP,WE,Towers with Radar,0,6,52,0,58,0,0,117,0,117,0,6,169,0,175,166,0,166,341
09/26/2007,CMA,CA,AWP,WE,Towers with Radar,0,8,55,2,65,0,3,202,0,205,0,11,257,2,270,242,0,242,512
09/27/2007,CMA,CA,AWP,WE,Towers with Radar,0,5,77,0,82,0,5,77,0,82,0,10,154,0,164,230,0,230,394
09/28/2007,CMA,CA,AWP,WE,Towers with Radar,0,10,80,0,90,0,0,106,0,106,0,10,186,0,196,244,0,244,440
09/29/2007,CMA,CA,AWP,WE,Towers with Radar,0,2,45,0,47,0,0,155,0,155,0,2,200,0,202,262,0,262,464
09/30/2007,CMA,CA,AWP,WE,Towers with Radar,0,5,51,0,56,0,1,256,0,257,0,6,307,0,313,230,0,230,543
10/01/2007,CMA,CA,AWP,WE,Towers with Radar,0,15,30,0,45,0,1,144,0,145,0,16,174,0,190,162,0,162,352
10/02/2007,CMA,CA,AWP,WE,Towers with Radar,0,12,40,0,52,0,6,195,0,201,0,18,235,0,253,190,0,190,443
10/03/2007,CMA,CA,AWP,WE,Towers with Radar,0,10,41,0,51,0,6,186,0,192,0,16,227,0,243,266,0,266,509
10/04/2007,CMA,CA,AWP,WE,Towers with Radar,0,3,48,0,51,0,0,152,0,152,0,3,200,0,203,202,0,202,405
10/05/2007,CMA,CA,AWP,WE,Towers with Radar,0,13,27,0,40,0,4,88,0,92,0,17,115,0,132,98,0,98,230
10/06/2007,CMA,CA,AWP,WE,Towers with Radar,0,6,43,0,49,0,3,213,0,216,0,9,256,0,265,202,0,202,467
10/07/2007,CMA,CA,AWP,WE,Towers with Radar,0,9,29,0,38,0,3,77,0,80,0,12,106,0,118,18,0,18,136
10/08/2007,CMA,CA,AWP,WE,Towers with Radar,0,10,44,0,54,0,36,106,0,142,0,46,150,0,196,164,0,164,360
10/09/2007,CMA,CA,AWP,WE,Towers with Radar,0,7,60,0,67,0,3,186,0,189,0,10,246,0,256,310,0,310,566
10/10/2007,CMA,CA,AWP,WE,Towers with Radar,0,12,40,0,52,0,5,206,0,211,0,17,246,0,263,240,0,240,503
10/11/2007,CMA,CA,AWP,WE,Towers with Radar,0,15,37,2,54,0,3,169,0,172,0,18,206,2,226,186,0,186,412
10/12/2007,CMA,CA,AWP,WE,Towers with Radar,0,17,62,0,79,0,11,147,0,158,0,28,209,0,237,302,0,302,539
10/13/2007,CMA,CA,AWP,WE,Towers with Radar,0,7,69,0,76,0,1,108,0,109,0,8,177,0,185,194,0,194,379
10/14/2007,CMA,CA,AWP,WE,Towers with Radar,0,13,50,0,63,0,1,215,0,216,0,14,265,0,279,146,0,146,425
10/15/2007,CMA,CA,AWP,WE,Towers with Radar,0,12,80,0,92,0,0,7,0,7,0,12,87,0,99,84,0,84,183
10/16/2007,CMA,CA,AWP,WE,Towers with Radar,0,13,36,0,49,0,0,177,5,182,0,13,213,5,231,206,0,206,437
10/17/2007,CMA,CA,AWP,WE,Towers with Radar,0,6,59,0,65,0,2,101,0,103,0,8,160,0,168,278,0,278,446
10/18/2007,CMA,CA,AWP,WE,Towers with Radar,0,4,37,0,41,0,1,117,0,118,0,5,154,0,159,216,0,216,375
10/19/2007,CMA,CA,AWP,WE,Towers with Radar,0,9,41,0,50,0,3,202,0,205,0,12,243,0,255,202,0,202,457
10/20/2007,CMA,CA,AWP,WE,Towers with Radar,0,3,42,0,45,0,0,241,0,241,0,3,283,0,286,246,0,246,532
10/21/2007,CMA,CA,AWP,WE,Towers with Radar,0,6,17,0,23,0,1,18,0,19,0,7,35,0,42,4,0,4,46
10/22/2007,CMA,CA,AWP,WE,Towers with Radar,0,3,12,0,15,0,2,25,0,27,0,5,37,0,42,0,0,0,42
10/23/2007,CMA,CA,AWP,WE,Towers with Radar,0,5,18,0,23,0,4,37,18,59,0,9,55,18,82,18,0,18,100
10/24/2007,CMA,CA,AWP,WE,Towers with Radar,0,7,30,0,37,0,4,146,0,150,0,11,176,0,187,254,0,254,441
10/25/2007,CMA,CA,AWP,WE,Towers with Radar,0,9,61,0,70,0,4,149,0,153,0,13,210,0,223,192,0,192,415
10/26/2007,CMA,CA,AWP,WE,Towers with Radar,0,26,42,0,68,0,0,27,0,27,0,26,69,0,95,42,0,42,137
10/27/2007,CMA,CA,AWP,WE,Towers with Radar,0,11,54,0,65,0,0,136,0,136,0,11,190,0,201,278,0,278,479
10/28/2007,CMA,CA,AWP,WE,Towers with Radar,0,15,47,0,62,0,0,236,0,236,0,15,283,0,298,184,0,184,482
10/29/2007,CMA,CA,AWP,WE,Towers with Radar,0,7,29,0,36,0,2,123,0,125,0,9,152,0,161,190,0,190,351
10/30/2007,CMA,CA,AWP,WE,Towers with Radar,0,14,56,0,70,0,6,174,0,180,0,20,230,0,250,242,0,242,492
10/31/2007,CMA,CA,AWP,WE,Towers with Radar,0,8,80,0,88,0,5,187,0,192,0,13,267,0,280,298,0,298,578
11/01/2007,CMA,CA,AWP,WE,Towers with Radar,0,6,79,0,85,0,2,20,0,22,0,8,99,0,107,62,0,62,169
11/02/2007,CMA,CA,AWP,WE,Towers with Radar,0,11,67,0,78,0,2,108,0,110,0,13,175,0,188,164,0,164,352
11/03/2007,CMA,CA,AWP,WE,Towers with Radar,0,3,41,0,44,0,0,200,0,200,0,3,241,0,244,164,0,164,408
11/04/2007,CMA,CA,AWP,WE,Towers with Radar,0,1,63,0,64,0,0,74,0,74,0,1,137,0,138,166,0,166,304
11/05/2007,CMA,CA,AWP,WE,Towers with Radar,0,10,50,0,60,0,0,61,0,61,0,10,111,0,121,178,0,178,299
11/06/2007,CMA,CA,AWP,WE,Towers with Radar,0,7,56,1,64,0,0,118,1,119,0,7,174,2,183,324,0,324,507
11/07/2007,CMA,CA,AWP,WE,Towers with Radar,0,12,65,0,77,0,1,77,0,78,0,13,142,0,155,140,0,140,295
11/08/2007,CMA,CA,AWP,WE,Towers with Radar,0,18,87,0,105,0,2,58,0,60,0,20,145,0,165,304,0,304,469
11/09/2007,CMA,CA,AWP,WE,Towers with Radar,0,9,84,0,93,0,2,138,0,140,0,11,222,0,233,252,0,252,485
11/10/2007,CMA,CA,AWP,WE,Towers with Radar,0,4,41,0,45,0,1,310,2,313,0,5,351,2,358,276,0,276,634
11/11/2007,CMA,CA,AWP,WE,Towers with Radar,0,23,68,0,91,0,0,18,0,18,0,23,86,0,109,104,0,104,213
11/12/2007,CMA,CA,AWP,WE,Towers with Radar,0,4,43,0,47,0,4,164,0,168,0,8,207,0,215,200,0,200,415
11/13/2007,CMA,CA,AWP,WE,Towers with Radar,0,10,44,0,54,0,1,124,0,125,0,11,168,0,179,208,0,208,387
11/14/2007,CMA,CA,AWP,WE,Towers with Radar,0,6,44,0,50,0,5,215,0,220,0,11,259,0,270,290,0,290,560
11/15/2007,CMA,CA,AWP,WE,Towers with Radar,0,10,65,0,75,0,4,218,0,222,0,14,283,0,297,246,0,246,543
11/16/2007,CMA,CA,AWP,WE,Towers with Radar,0,2,77,1,80,0,0,59,3,62,0,2,136,4,142,178,0,178,320
11/17/2007,CMA,CA,AWP,WE,Towers with Radar,0,4,104,1,109,0,2,166,0,168,0,6,270,1,277,156,0,156,433
11/18/2007,CMA,CA,AWP,WE,Towers with Radar,0,0,68,0,68,0,0,18,0,18,0,0,86,0,86,62,0,62,148
11/19/2007,CMA,CA,AWP,WE,Towers with Radar,0,14,33,0,47,0,2,87,0,89,0,16,120,0,136,176,0,176,312
11/20/2007,CMA,CA,AWP,WE,Towers with Radar,0,20,68,0,88,0,2,113,0,115,0,22,181,0,203,250,0,250,453
11/21/2007,CMA,CA,AWP,WE,Towers with Radar,0,11,64,0,75,0,1,144,0,145,0,12,208,0,220,284,0,284,504
11/22/2007,CMA,CA,AWP,WE,Towers with Radar,0,6,24,0,30,0,0,64,0,64,0,6,88,0,94,84,0,84,178
11/23/2007,CMA,CA,AWP,WE,Towers with Radar,0,10,21,0,31,0,2,175,0,177,0,12,196,0,208,166,0,166,374
11/24/2007,CMA,CA,AWP,WE,Towers with Radar,0,12,17,0,29,0,1,188,0,189,0,13,205,0,218,228,0,228,446
11/25/2007,CMA,CA,AWP,WE,Towers with Radar,0,16,71,0,87,0,2,184,0,186,0,18,255,0,273,178,0,178,451
11/26/2007,CMA,CA,AWP,WE,Towers with Radar,0,8,30,0,38,0,0,182,0,182,0,8,212,0,220,176,0,176,396
11/27/2007,CMA,CA,AWP,WE,Towers with Radar,0,8,47,0,55,0,13,173,0,186,0,21,220,0,241,256,0,256,497
11/28/2007,CMA,CA,AWP,WE,Towers with Radar,0,7,26,0,33,0,5,83,0,88,0,12,109,0,121,100,0,100,221
11/29/2007,CMA,CA,AWP,WE,Towers with Radar,0,22,45,0,67,0,3,212,0,215,0,25,257,0,282,308,0,308,590
11/30/2007,CMA,CA,AWP,WE,Towers with Radar,0,11,69,0,80,0,4,76,0,80,0,15,145,0,160,190,0,190,350
12/01/2007,CMA,CA,AWP,WE,Towers with Radar,0,12,43,0,55,0,3,149,0,152,0,15,192,0,207,242,0,242,449
12/02/2007,CMA,CA,AWP,WE,Towers with Radar,0,7,37,0,44,0,0,258,0,258,0,7,295,0,302,168,0,168,470
12/03/2007,CMA,CA,AWP,WE,Towers with Radar,0,11,31,0,42,0,2,175,0,177,0,13,206,0,219,206,0,206,425
12/04/2007,CMA,CA,AWP,WE,Towers with Radar,0,6,37,0,43,0,6,152,0,158,0,12,189,0,201,254,0,254,455
12/05/2007,CMA,CA,AWP,WE,Towers with Radar,0,8,59,0,67,0,3,185,0,188,0,11,244,0,255,296,0,296,551
12/06/2007,CMA,CA,AWP,WE,Towers with Radar,0,15,58,0,73,0,4,128,0,132,0,19,186,0,205,302,0,302,507
12/07/2007,CMA,CA,AWP,WE,Towers with Radar,0,8,21,0,29,0,3,22,0,25,0,11,43,0,54,98,0,98,152
12/08/2007,CMA,CA,AWP,WE,Towers with Radar,0,5,37,0,42,0,5,134,0,139,0,10,171,0,181,182,0,182,363
12/09/2007,CMA,CA,AWP,WE,Towers with Radar,0,6,25,0,31,0,2,83,0,85,0,8,108,0,116,44,0,44,160
12/10/2007,CMA,CA,AWP,WE,Towers with Radar,0,16,41,0,57,0,0,139,0,139,0,16,180,0,196,196,0,196,392
12/11/2007,CMA,CA,AWP,WE,Towers with Radar,0,13,19,0,32,0,8,74,0,82,0,21,93,0,114,90,0,90,204
12/12/2007,CMA,CA,AWP,WE,Towers with Radar,0,6,51,0,57,0,9,194,0,203,0,15,245,0,260,296,0,296,556
12/13/2007,CMA,CA,AWP,WE,Towers with Radar,0,15,40,0,55,0,3,230,0,233,0,18,270,0,288,192,0,192,480
12/14/2007,CMA,CA,AWP,WE,Towers with Radar,0,18,47,0,65,0,3,169,0,172,0,21,216,0,237,326,0,326,563
12/15/2007,CMA,CA,AWP,WE,Towers with Radar,0,7,51,0,58,0,5,316,0,321,0,12,367,0,379,242,0,242,621
12/16/2007,CMA,CA,AWP,WE,Towers with Radar,0,9,48,0,57,0,0,226,0,226,0,9,274,0,283,208,0,208,491
12/17/2007,CMA,CA,AWP,WE,Towers with Radar,0,15,33,0,48,0,0,110,0,110,0,15,143,0,158,218,0,218,376
12/18/2007,CMA,CA,AWP,WE,Towers with Radar,0,11,45,0,56,0,1,5,0,6,0,12,50,0,62,82,0,82,144
12/19/2007,CMA,CA,AWP,WE,Towers with Radar,0,11,55,0,66,0,2,28,0,30,0,13,83,0,96,242,0,242,338
12/20/2007,CMA,CA,AWP,WE,Towers with Radar,0,8,69,0,77,0,0,35,0,35,0,8,104,0,112,118,0,118,230
12/21/2007,CMA,CA,AWP,WE,Towers with Radar,0,4,17,0,21,0,0,136,0,136,0,4,153,0,157,130,0,130,287
12/22/2007,CMA,CA,AWP,WE,Towers with Radar,0,9,32,0,41,0,0,156,0,156,0,9,188,0,197,122,0,122,319
12/23/2007,CMA,CA,AWP,WE,Towers with Radar,0,5,22,0,27,0,0,152,0,152,0,5,174,0,179,124,0,124,303
12/24/2007,CMA,CA,AWP,WE,Towers with Radar,0,8,17,0,25,0,1,158,0,159,0,9,175,0,184,142,0,142,326
12/25/2007,CMA,CA,AWP,WE,Towers with Radar,0,7,9,0,16,0,0,24,0,24,0,7,33,0,40,10,0,10,50
12/26/2007,CMA,CA,AWP,WE,Towers with Radar,0,16,29,0,45,0,2,166,0,168,0,18,195,0,213,282,0,282,495
12/27/2007,CMA,CA,AWP,WE,Towers with Radar,0,15,31,0,46,0,4,121,0,125,0,19,152,0,171,228,0,228,399
12/28/2007,CMA,CA,AWP,WE,Towers with Radar,0,13,54,0,67,0,0,124,0,124,0,13,178,0,191,222,0,222,413
12/29/2007,CMA,CA,AWP,WE,Towers with Radar,0,9,62,0,71,0,0,188,0,188,0,9,250,0,259,258,0,258,517
12/30/2007,CMA,CA,AWP,WE,Towers with Radar,0,7,37,0,44,0,1,177,0,178,0,8,214,0,222,168,0,168,390
12/31/2007,CMA,CA,AWP,WE,Towers with Radar,0,11,19,0,30,0,3,51,0,54,0,14,70,0,84,14,0,14,98
01/01/2008,CMA,CA,AWP,WE,Towers with Radar,0,6,17,0,23,0,0,35,0,35,0,6,52,0,58,6,0,6,64
01/02/2008,CMA,CA,AWP,WE,Towers with Radar,0,6,27,0,33,0,4,163,0,167,0,10,190,0,200,164,0,164,364
01/03/2008,CMA,CA,AWP,WE,Towers with Radar,0,13,33,0,46,0,2,122,0,124,0,15,155,0,170,210,8,218,388
01/04/2008,CMA,CA,AWP,WE,Towers with Radar,0,7,27,0,34,0,0,21,0,21,0,7,48,0,55,54,0,54,109
01/05/2008,CMA,CA,AWP,WE,Towers with Radar,0,4,49,0,53,0,0,12,0,12,0,4,61,0,65,114,0,114,179
01/06/2008,CMA,CA,AWP,WE,Towers with Radar,0,4,21,0,25,0,0,40,0,40,0,4,61,0,65,146,0,146,211
01/07/2008,CMA,CA,AWP,WE,Towers with Radar,0,9,34,0,43,0,0,135,0,135,0,9,169,0,178,138,0,138,316
01/08/2008,CMA,CA,AWP,WE,Towers with Radar,0,6,48,0,54,0,3,121,0,124,0,9,169,0,178,336,0,336,514
01/09/2008,CMA,CA,AWP,WE,Towers with Radar,0,1,54,0,55,0,0,86,0,86,0,1,140,0,141,250,0,250,391
01/10/2008,CMA,CA,AWP,WE,Towers with Radar,0,12,70,0,82,0,2,189,0,191,0,14,259,0,273,298,0,298,571
01/11/2008,CMA,CA,AWP,WE,Towers with Radar,0,11,61,0,72,0,4,257,0,261,0,15,318,0,333,224,0,224,557
01/12/2008,CMA,CA,AWP,WE,Towers with Radar,0,6,37,0,43,0,4,338,0,342,0,10,375,0,385,142,0,142,527
01/13/2008,CMA,CA,AWP,WE,Towers with Radar,0,8,14,0,22,0,0,196,0,196,0,8,210,0,218,188,0,188,406
01/14/2008,CMA,CA,AWP,WE,Towers with Radar,0,10,26,0,36,0,0,57,0,57,0,10,83,0,93,108,0,108,201
01/15/2008,CMA,CA,AWP,WE,Towers with Radar,0,4,36,0,40,0,1,198,0,199,0,5,234,0,239,334,0,334,573
01/16/2008,CMA,CA,AWP,WE,Towers with Radar,0,11,33,0,44,0,1,101,0,102,0,12,134,0,146,78,0,78,224
01/17/2008,CMA,CA,AWP,WE,Towers with Radar,0,9,34,0,43,0,4,117,0,121,0,13,151,0,164,118,0,118,282
01/18/2008,CMA,CA,AWP,WE,Towers with Radar,0,14,34,0,48,0,2,164,0,166,0,16,198,0,214,176,0,176,390
01/19/2008,CMA,CA,AWP,WE,Towers with Radar,0,4,36,0,40,0,0,303,0,303,0,4,339,0,343,186,0,186,529
01/20/2008,CMA,CA,AWP,WE,Towers with Radar,0,8,48,0,56,0,2,265,0,267,0,10,313,0,323,192,0,192,515
01/21/2008,CMA,CA,AWP,WE,Towers with Radar,0,2,29,1,32,0,0,114,0,114,0,2,143,1,146,274,0,274,420
01/22/2008,CMA,CA,AWP,WE,Towers with Radar,0,6,48,0,54,0,3,140,0,143,0,9,188,0,197,336,0,336,533
01/23/2008,CMA,CA,AWP,WE,Towers with Radar,0,11,51,0,62,0,1,15,0,16,0,12,66,0,78,58,0,58,136
01/24/2008,CMA,CA,AWP,WE,Towers with Radar,0,5,19,3,27,0,0,30,0,30,0,5,49,3,57,100,0,100,157
01/25/2008,CMA,CA,AWP,WE,Towers with Radar,0,10,25,0,35,0,0,32,0,32,0,10,57,0,67,148,0,148,215
01/26/2008,CMA,CA,AWP,WE,Towers with Radar,0,6,20,0,26,0,5,148,1,154,0,11,168,1,180,162,0,162,342
01/27/2008,CMA,CA,AWP,WE,Towers with Radar,0,5,17,0,22,0,1,25,0,26,0,6,42,0,48,38,0,38,86
01/28/2008,CMA,CA,AWP,WE,Towers with Radar,0,13,20,0,33,0,0,53,0,53,0,13,73,0,86,178,0,178,264
01/29/2008,CMA,CA,AWP,WE,Towers with Radar,0,11,49,0,60,0,2,208,0,210,0,13,257,0,270,218,0,218,488
01/30/2008,CMA,CA,AWP,WE,Towers with Radar,0,12,65,0,77,0,1,149,0,150,0,13,214,0,227,242,0,242,469
01/31/2008,CMA,CA,AWP,WE,Towers with Radar,0,16,67,0,83,0,2,207,0,209,0,18,274,0,292,178,2,180,472
02/01/2008,CMA,CA,AWP,WE,Towers with Radar,0,14,64,0,78,0,2,148,0,150,0,16,212,0,228,276,0,276,504
02/02/2008,CMA,CA,AWP,WE,Towers with Radar,0,13,54,0,67,0,0,317,1,318,0,13,371,1,385,168,0,168,553
02/03/2008,CMA,CA,AWP,WE,Towers with Radar,0,11,12,0,23,0,1,4,0,5,0,12,16,0,28,8,0,8,36
02/04/2008,CMA,CA,AWP,WE,Towers with Radar,0,9,24,0,33,0,3,125,0,128,0,12,149,0,161,122,0,122,283
02/05/2008,CMA,CA,AWP,WE,Towers with Radar,0,10,37,0,47,0,1,154,0,155,0,11,191,0,202,150,0,150,352
02/06/2008,CMA,CA,AWP,WE,Towers with Radar,0,7,41,0,48,0,4,198,8,210,0,11,239,8,258,180,0,180,438
02/07/2008,CMA,CA,AWP,WE,Towers with Radar,0,10,39,0,49,0,5,201,0,206,0,15,240,0,255,182,0,182,437
02/08/2008,CMA,CA,AWP,WE,Towers with Radar,0,10,54,0,64,0,7,191,0,198,0,17,245,0,262,189,0,189,451
02/09/2008,CMA,CA,AWP,WE,Towers with Radar,0,5,45,0,50,0,5,351,1,357,0,10,396,1,407,88,0,88,495
02/10/2008,CMA,CA,AWP,WE,Towers with Radar,0,14,49,0,63,0,8,278,1,287,0,22,327,1,350,134,0,134,484
02/11/2008,CMA,CA,AWP,WE,Towers with Radar,0,14,18,0,32,0,0,157,0,157,0,14,175,0,189,164,0,164,353
02/12/2008,CMA,CA,AWP,WE,Towers with Radar,0,7,34,0,41,0,6,158,1,165,0,13,192,1,206,166,0,166,372
02/13/2008,CMA,CA,AWP,WE,Towers with Radar,0,7,60,0,67,0,1,25,0,26,0,8,85,0,93,8,0,8,101
02/14/2008,CMA,CA,AWP,WE,Towers with Radar,0,9,16,0,25,0,2,56,0,58,0,11,72,0,83,84,0,84,167
02/15/2008,CMA,CA,AWP,WE,Towers with Radar,0,7,35,0,42,0,3,180,36,219,0,10,215,36,261,134,0,134,395
02/16/2008,CMA,CA,AWP,WE,Towers with Radar,0,6,40,0,46,0,0,303,0,303,0,6,343,0,349,136,0,136,485
02/17/2008,CMA,CA,AWP,WE,Towers with Radar,0,9,51,0,60,0,0,156,0,156,0,9,207,0,216,206,0,206,422
02/18/2008,CMA,CA,AWP,WE,Towers with Radar,0,16,62,0,78,0,1,113,0,114,0,17,175,0,192,172,0,172,364
02/19/2008,CMA,CA,AWP,WE,Towers with Radar,0,11,58,0,69,0,3,54,0,57,0,14,112,0,126,156,0,156,282
02/20/2008,CMA,CA,AWP,WE,Towers with Radar,0,15,41,1,57,0,0,46,0,46,0,15,87,1,103,67,0,67,170
02/21/2008,CMA,CA,AWP,WE,Towers with Radar,0,10,67,0,77,0,1,63,0,64,0,11,130,0,141,196,0,196,337
02/22/2008,CMA,CA,AWP,WE,Towers with Radar,0,21,39,0,60,0,2,57,0,59,0,23,96,0,119,158,0,158,277
02/23/2008,CMA,CA,AWP,WE,Towers with Radar,0,9,30,0,39,0,0,204,0,204,0,9,234,0,243,124,0,124,367
02/24/2008,CMA,CA,AWP,WE,Towers with Radar,0,8,32,0,40,0,0,29,0,29,0,8,61,0,69,44,0,44,113
02/25/2008,CMA,CA,AWP,WE,Towers with Radar,0,7,34,0,41,0,2,185,1,188,0,9,219,1,229,126,0,126,355
02/26/2008,CMA,CA,AWP,WE,Towers with Radar,0,6,30,0,36,0,1,127,0,128,0,7,157,0,164,108,0,108,272
02/27/2008,CMA,CA,AWP,WE,Towers with Radar,0,11,68,0,79,0,3,251,0,254,0,14,319,0,333,132,0,132,465
02/28/2008,CMA,CA,AWP,WE,Towers with Radar,0,18,61,0,79,0,2,163,0,165,0,20,224,0,244,166,0,166,410
02/29/2008,CMA,CA,AWP,WE,Towers with Radar,0,7,118,0,125,0,2,77,0,79,0,9,195,0,204,110,0,110,314
03/01/2008,CMA,CA,AWP,WE,Towers with Radar,0,14,105,0,119,0,0,63,0,63,0,14,168,0,182,176,0,176,358
03/02/2008,CMA,CA,AWP,WE,Towers with Radar,0,11,11,0,22,0,0,60,0,60,0,11,71,0,82,22,0,22,104
03/03/2008,CMA,CA,AWP,WE,Towers with Radar,0,8,28,0,36,0,3,94,0,97,0,11,122,0,133,68,0,68,201
03/04/2008,CMA,CA,AWP,WE,Towers with Radar,0,15,27,0,42,0,3,166,0,169,0,18,193,0,211,224,0,224,435
03/05/2008,CMA,CA,AWP,WE,Towers with Radar,0,14,35,0,49,0,2,181,0,183,0,16,216,0,232,194,0,194,426
03/06/2008,CMA,CA,AWP,WE,Towers with Radar,0,13,78,0,91,0,4,205,2,211,0,17,283,2,302,182,0,182,484
03/07/2008,CMA,CA,AWP,WE,Towers with Radar,0,19,48,0,67,0,0,185,0,185,0,19,233,0,252,246,0,246,498
03/08/2008,CMA,CA,AWP,WE,Towers with Radar,0,5,35,0,40,0,0,284,0,284,0,5,319,0,324,280,0,280,604
03/09/2008,CMA,CA,AWP,WE,Towers with Radar,0,7,23,0,30,0,1,110,0,111,0,8,133,0,141,24,0,24,165
03/10/2008,CMA,CA,AWP,WE,Towers with Radar,0,5,25,0,30,0,2,198,0,200,0,7,223,0,230,220,0,220,450
03/11/2008,CMA,CA,AWP,WE,Towers with Radar,0,12,45,0,57,0,4,160,0,164,0,16,205,0,221,200,0,200,421
03/12/2008,CMA,CA,AWP,WE,Towers with Radar,0,16,42,0,58,0,5,177,0,182,0,21,219,0,240,148,0,148,388
03/13/2008,CMA,CA,AWP,WE,Towers with Radar,0,12,45,0,57,0,2,201,0,203,0,14,246,0,260,202,0,202,462
03/14/2008,CMA,CA,AWP,WE,Towers with Radar,0,17,55,0,72,0,2,144,0,146,0,19,199,0,218,310,0,310,528
03/15/2008,CMA,CA,AWP,WE,Towers with Radar,0,8,29,0,37,0,0,170,0,170,0,8,199,0,207,134,0,134,341
03/16/2008,CMA,CA,AWP,WE,Towers with Radar,0,3,37,0,40,0,0,146,0,146,0,3,183,0,186,140,0,140,326
03/17/2008,CMA,CA,AWP,WE,Towers with Radar,0,8,40,2,50,0,0,171,0,171,0,8,211,2,221,192,0,192,413
03/18/2008,CMA,CA,AWP,WE,Towers with Radar,0,3,59,0,62,0,2,198,0,200,0,5,257,0,262,240,0,240,502
03/19/2008,CMA,CA,AWP,WE,Towers with Radar,0,14,73,1,88,0,1,138,0,139,0,15,211,1,227,206,0,206,433
03/20/2008,CMA,CA,AWP,WE,Towers with Radar,0,10,64,0,74,0,1,197,0,198,0,11,261,0,272,220,0,220,492
03/21/2008,CMA,CA,AWP,WE,Towers with Radar,0,5,57,0,62,0,1,226,0,227,0,6,283,0,289,208,0,208,497
03/22/2008,CMA,CA,AWP,WE,Towers with Radar,0,3,25,0,28,0,3,286,0,289,0,6,311,0,317,196,0,196,513
03/23/2008,CMA,CA,AWP,WE,Towers with Radar,0,15,25,0,40,0,2,127,0,129,0,17,152,0,169,100,0,100,269
03/24/2008,CMA,CA,AWP,WE,Towers with Radar,0,7,36,0,43,0,2,215,0,217,0,9,251,0,260,280,0,280,540
03/25/2008,CMA,CA,AWP,WE,Towers with Radar,0,11,35,0,46,0,4,175,0,179,0,15,210,0,225,216,0,216,441
03/26/2008,CMA,CA,AWP,WE,Towers with Radar,0,15,47,0,62,0,1,139,0,140,0,16,186,0,202,240,0,240,442
03/27/2008,CMA,CA,AWP,WE,Towers with Radar,0,12,47,0,59,0,1,178,0,179,0,13,225,0,238,218,0,218,456
03/28/2008,CMA,CA,AWP,WE,Towers with Radar,0,6,64,0,70,0,1,217,0,218,0,7,281,0,288,204,0,204,492
03/29/2008,CMA,CA,AWP,WE,Towers with Radar,0,11,77,0,88,0,1,117,0,118,0,12,194,0,206,182,0,182,388
03/30/2008,CMA,CA,AWP,WE,Towers with Radar,0,7,43,0,50,0,0,135,0,135,0,7,178,0,185,166,0,166,351
03/31/2008,CMA,CA,AWP,WE,Towers with Radar,0,4,57,0,61,0,3,171,0,174,0,7,228,0,235,256,0,256,491
04/01/2008,CMA,CA,AWP,WE,Towers with Radar,0,5,36,0,41,0,3,158,0,161,0,8,194,0,202,206,0,206,408
04/02/2008,CMA,CA,AWP,WE,Towers with Radar,0,10,57,0,67,0,0,94,0,94,0,10,151,0,161,138,0,138,299
04/03/2008,CMA,CA,AWP,WE,Towers with Radar,0,9,64,0,73,0,1,117,0,118,0,10,181,0,191,156,0,156,347
04/04/2008,CMA,CA,AWP,WE,Towers with Radar,0,2,110,0,112,0,1,33,0,34,0,3,143,0,146,20,0,20,166
04/05/2008,CMA,CA,AWP,WE,Towers with Radar,0,1,75,0,76,0,0,124,0,124,0,1,199,0,200,338,0,338,538
04/06/2008,CMA,CA,AWP,WE,Towers with Radar,0,8,70,0,78,0,0,130,0,130,0,8,200,0,208,184,0,184,392
04/07/2008,CMA,CA,AWP,WE,Towers with Radar,0,3,41,0,44,0,0,137,0,137,0,3,178,0,181,190,0,190,371
04/08/2008,CMA,CA,AWP,WE,Towers with Radar,0,18,57,0,75,0,0,96,0,96,0,18,153,0,171,144,0,144,315
04/09/2008,CMA,CA,AWP,WE,Towers with Radar,0,10,53,0,63,0,2,176,0,178,0,12,229,0,241,94,0,94,335
04/10/2008,CMA,CA,AWP,WE,Towers with Radar,0,9,51,0,60,0,0,219,0,219,0,9,270,0,279,190,0,190,469
04/11/2008,CMA,CA,AWP,WE,Towers with Radar,0,7,37,0,44,0,6,195,0,201,0,13,232,0,245,142,0,142,387
04/12/2008,CMA,CA,AWP,WE,Towers with Radar,0,7,27,0,34,0,0,167,0,167,0,7,194,0,201,26,0,26,227
04/13/2008,CMA,CA,AWP,WE,Towers with Radar,0,2,25,0,27,0,0,207,0,207,0,2,232,0,234,164,0,164,398
04/14/2008,CMA,CA,AWP,WE,Towers with Radar,0,2,18,0,20,0,0,184,0,184,0,2,202,0,204,240,0,240,444
04/15/2008,CMA,CA,AWP,WE,Towers with Radar,0,11,44,0,55,0,2,160,0,162,0,13,204,0,217,264,0,264,481
04/16/2008,CMA,CA,AWP,WE,Towers with Radar,0,17,65,1,83,0,6,179,5,190,0,23,244,6,273,258,0,258,531
04/17/2008,CMA,CA,AWP,WE,Towers with Radar,0,6,53,0,59,0,1,236,0,237,0,7,289,0,296,318,0,318,614
04/18/2008,CMA,CA,AWP,WE,Towers with Radar,0,8,59,0,67,0,5,234,0,239,0,13,293,0,306,312,0,312,618
04/19/2008,CMA,CA,AWP,WE,Towers with Radar,0,7,80,0,87,0,0,140,0,140,0,7,220,0,227,244,0,244,471
04/20/2008,CMA,CA,AWP,WE,Towers with Radar,0,10,34,0,44,0,0,208,0,208,0,10,242,0,252,214,0,214,466
04/21/2008,CMA,CA,AWP,WE,Towers with Radar,0,17,42,0,59,0,0,190,0,190,0,17,232,0,249,266,0,266,515
04/22/2008,CMA,CA,AWP,WE,Towers with Radar,0,5,26,0,31,0,2,173,0,175,0,7,199,0,206,212,0,212,418
04/23/2008,CMA,CA,AWP,WE,Towers with Radar,0,7,51,0,58,0,1,158,0,159,0,8,209,0,217,161,0,161,378
04/24/2008,CMA,CA,AWP,WE,Towers with Radar,0,8,43,0,51,0,0,236,0,236,0,8,279,0,287,254,0,254,541
04/25/2008,CMA,CA,AWP,WE,Towers with Radar,0,8,50,0,58,0,1,253,0,254,0,9,303,0,312,292,0,292,604
04/26/2008,CMA,CA,AWP,WE,Towers with Radar,0,7,30,0,37,0,1,208,0,209,0,8,238,0,246,0,134,134,380
04/27/2008,CMA,CA,AWP,WE,Towers with Radar,0,8,36,0,44,0,0,147,0,147,0,8,183,0,191,148,0,148,339
04/28/2008,CMA,CA,AWP,WE,Towers with Radar,0,7,29,0,36,0,1,127,0,128,0,8,156,0,164,262,0,262,426
04/29/2008,CMA,CA,AWP,WE,Towers with Radar,0,13,46,0,59,0,6,164,0,170,0,19,210,0,229,204,0,204,433
04/30/2008,CMA,CA,AWP,WE,Towers with Radar,0,7,78,0,85,0,3,145,0,148,0,10,223,0,233,156,0,156,389
05/01/2008,CMA,CA,AWP,WE,Towers with Radar,0,3,47,0,50,0,0,155,0,155,0,3,202,0,205,192,0,192,397
05/02/2008,CMA,CA,AWP,WE,Towers with Radar,0,15,40,0,55,0,3,203,0,206,0,18,243,0,261,164,0,164,425
05/03/2008,CMA,CA,AWP,WE,Towers with Radar,0,7,62,0,69,0,0,277,0,277,0,7,339,0,346,116,0,116,462
05/04/2008,CMA,CA,AWP,WE,Towers with Radar,0,13,65,0,78,0,1,129,0,130,0,14,194,0,208,128,0,128,336
05/05/2008,CMA,CA,AWP,WE,Towers with Radar,0,5,48,0,53,0,1,77,0,78,0,6,125,0,131,230,0,230,361
05/06/2008,CMA,CA,AWP,WE,Towers with Radar,0,12,49,0,61,0,2,113,0,115,0,14,162,0,176,256,0,256,432
05/07/2008,CMA,CA,AWP,WE,Towers with Radar,0,13,85,0,98,0,2,78,0,80,0,15,163,0,178,192,0,192,370
05/08/2008,CMA,CA,AWP,WE,Towers with Radar,0,11,69,0,80,0,1,151,0,152,0,12,220,0,232,184,0,184,416
05/09/2008,CMA,CA,AWP,WE,Towers with Radar,0,1,51,0,52,0,0,0,0,0,0,1,51,0,52,196,0,196,248
05/10/2008,CMA,CA,AWP,WE,Towers with Radar,0,6,72,0,78,0,2,191,0,193,0,8,263,0,271,172,0,172,443
05/11/2008,CMA,CA,AWP,WE,Towers with Radar,0,10,75,0,85,0,2,53,0,55,0,12,128,0,140,158,0,158,298
05/12/2008,CMA,CA,AWP,WE,Towers with Radar,0,5,75,0,80,0,2,52,0,54,0,7,127,0,134,118,0,118,252
05/13/2008,CMA,CA,AWP,WE,Towers with Radar,0,4,37,0,41,0,6,229,0,235,0,10,266,0,276,284,0,284,560
05/14/2008,CMA,CA,AWP,WE,Towers with Radar,0,9,37,0,46,0,1,235,0,236,0,10,272,0,282,220,0,220,502
05/16/2008,CMA,CA,AWP,WE,Towers with Radar,0,9,43,0,52,0,1,178,0,179,0,10,221,0,231,268,0,268,499
05/17/2008,CMA,CA,AWP,WE,Towers with Radar,0,2,45,0,47,0,4,267,1,272,0,6,312,1,319,170,0,170,489
05/18/2008,CMA,CA,AWP,WE,Towers with Radar,0,11,41,0,52,0,0,279,0,279,0,11,320,0,331,144,0,144,475
05/19/2008,CMA,CA,AWP,WE,Towers with Radar,0,11,25,4,40,0,2,156,0,158,0,13,181,4,198,144,0,144,342
05/20/2008,CMA,CA,AWP,WE,Towers with Radar,0,12,93,1,106,0,7,123,0,130,0,19,216,1,236,186,0,186,422
05/21/2008,CMA,CA,AWP,WE,Towers with Radar,0,6,28,0,34,0,0,98,0,98,0,6,126,0,132,176,0,176,308
05/22/2008,CMA,CA,AWP,WE,Towers with Radar,0,6,54,0,60,0,1,148,0,149,0,7,202,0,209,114,0,114,323
05/23/2008,CMA,CA,AWP,WE,Towers with Radar,0,16,50,0,66,0,5,48,8,61,0,21,98,8,127,152,0,152,279
05/24/2008,CMA,CA,AWP,WE,Towers with Radar,0,3,51,0,54,0,0,115,0,115,0,3,166,0,169,224,0,224,393
05/25/2008,CMA,CA,AWP,WE,Towers with Radar,0,5,30,0,35,0,0,177,0,177,0,5,207,0,212,230,0,230,442
05/26/2008,CMA,CA,AWP,WE,Towers with Radar,0,12,54,0,66,0,6,238,0,244,0,18,292,0,310,220,0,220,530
05/27/2008,CMA,CA,AWP,WE,Towers with Radar,0,15,55,0,70,0,2,149,2,153,0,17,204,2,223,94,0,94,317
05/28/2008,CMA,CA,AWP,WE,Towers with Radar,0,10,41,0,51,0,4,194,0,198,0,14,235,0,249,245,0,245,494
05/29/2008,CMA,CA,AWP,WE,Towers with Radar,0,7,53,0,60,0,1,238,0,239,0,8,291,0,299,160,0,160,459
05/30/2008,CMA,CA,AWP,WE,Towers with Radar,0,7,36,0,43,0,3,229,0,232,0,10,265,0,275,266,0,266,541
05/31/2008,CMA,CA,AWP,WE,Towers with Radar,0,3,31,0,34,0,0,256,0,256,0,3,287,0,290,280,0,280,570
06/01/2008,CMA,CA,AWP,WE,Towers with Radar,0,5,38,0,43,0,0,296,0,296,0,5,334,0,339,188,0,188,527
06/02/2008,CMA,CA,AWP,WE,Towers with Radar,0,5,28,0,33,0,0,167,0,167,0,5,195,0,200,240,0,240,440
06/03/2008,CMA,CA,AWP,WE,Towers with Radar,0,9,40,0,49,0,1,192,0,193,0,10,232,0,242,246,0,246,488
06/04/2008,CMA,CA,AWP,WE,Towers with Radar,0,14,36,0,50,0,4,137,0,141,0,18,173,0,191,156,0,156,347
06/05/2008,CMA,CA,AWP,WE,Towers with Radar,0,2,50,0,52,0,3,283,0,286,0,5,333,0,338,366,0,366,704
06/06/2008,CMA,CA,AWP,WE,Towers with Radar,0,15,63,0,78,0,1,238,0,239,0,16,301,0,317,270,0,270,587
06/07/2008,CMA,CA,AWP,WE,Towers with Radar,0,5,42,0,47,0,0,322,0,322,0,5,364,0,369,196,0,196,565
06/08/2008,CMA,CA,AWP,WE,Towers with Radar,0,5,44,0,49,0,0,230,0,230,0,5,274,0,279,154,0,154,433
06/09/2008,CMA,CA,AWP,WE,Towers with Radar,0,5,65,0,70,0,1,143,0,144,0,6,208,0,214,80,0,80,294
06/10/2008,CMA,CA,AWP,WE,Towers with Radar,0,5,100,0,105,0,0,88,0,88,0,5,188,0,193,173,0,173,366
06/11/2008,CMA,CA,AWP,WE,Towers with Radar,0,10,61,0,71,0,0,157,0,157,0,10,218,0,228,220,0,220,448
06/12/2008,CMA,CA,AWP,WE,Towers with Radar,0,8,63,0,71,0,2,226,0,228,0,10,289,0,299,232,0,232,531
06/13/2008,CMA,CA,AWP,WE,Towers with Radar,0,13,76,0,89,0,0,126,0,126,0,13,202,0,215,148,0,148,363
06/14/2008,CMA,CA,AWP,WE,Towers with Radar,0,6,63,0,69,0,0,189,0,189,0,6,252,0,258,180,0,180,438
06/15/2008,CMA,CA,AWP,WE,Towers with Radar,0,9,28,0,37,0,0,198,0,198,0,9,226,0,235,162,0,162,397
06/16/2008,CMA,CA,AWP,WE,Towers with Radar,0,10,47,0,57,0,1,100,0,101,0,11,147,0,158,116,0,116,274
06/17/2008,CMA,CA,AWP,WE,Towers with Radar,0,7,26,0,33,0,2,173,0,175,0,9,199,0,208,230,0,230,438
06/18/2008,CMA,CA,AWP,WE,Towers with Radar,0,16,41,0,57,0,1,194,0,195,0,17,235,0,252,140,0,140,441
06/19/2008,CMA,CA,AWP,WE,Towers with Radar,0,6,36,0,42,0,3,168,0,171,0,9,204,0,213,206,0,206,495
06/20/2008,CMA,CA,AWP,WE,Towers with Radar,0,6,51,0,57,0,4,220,0,224,0,10,271,0,281,166,0,166,515
06/21/2008,CMA,CA,AWP,WE,Towers with Radar,0,7,20,0,27,0,0,288,0,288,0,7,308,0,315,214,0,214,584
06/22/2008,CMA,CA,AWP,WE,Towers with Radar,0,8,37,0,45,0,3,253,0,256,0,11,290,0,301,154,0,154,494
06/23/2008,CMA,CA,AWP,WE,Towers with Radar,0,7,29,0,36,0,2,193,0,195,0,9,222,0,231,176,0,176,453
06/24/2008,CMA,CA,AWP,WE,Towers with Radar,0,5,49,0,54,0,8,202,0,210,0,13,251,0,264,224,0,224,542
06/25/2008,CMA,CA,AWP,WE,Towers with Radar,0,16,36,0,52,0,2,148,0,150,0,18,184,0,202,274,0,274,535
06/26/2008,CMA,CA,AWP,WE,Towers with Radar,0,15,42,0,57,0,1,209,0,210,0,16,251,0,267,226,0,226,568
06/27/2008,CMA,CA,AWP,WE,Towers with Radar,0,19,53,0,72,0,0,192,0,192,0,19,245,0,264,308,0,308,630
06/28/2008,CMA,CA,AWP,WE,Towers with Radar,0,8,45,0,53,0,0,216,0,216,0,8,261,0,269,136,0,136,457
06/29/2008,CMA,CA,AWP,WE,Towers with Radar,0,0,45,0,45,0,0,171,0,171,0,0,216,0,216,136,0,136,352
06/30/2008,CMA,CA,AWP,WE,Towers with Radar,0,12,31,0,43,0,1,154,0,155,0,13,185,0,198,234,0,234,505
07/01/2008,CMA,CA,AWP,WE,Towers with Radar,0,8,47,0,55,0,3,200,0,203,0,11,247,0,258,0,0,0,258
07/02/2008,CMA,CA,AWP,WE,Towers with Radar,0,10,39,0,49,0,2,233,0,235,0,12,272,0,284,440,0,440,724
07/03/2008,CMA,CA,AWP,WE,Towers with Radar,0,9,55,0,64,0,4,286,0,290,0,13,341,0,354,328,0,328,682
07/04/2008,CMA,CA,AWP,WE,Towers with Radar,0,3,14,0,17,0,0,153,0,153,0,3,167,0,170,160,0,160,330
07/05/2008,CMA,CA,AWP,WE,Towers with Radar,0,13,28,0,41,0,5,257,0,262,0,18,285,0,303,218,0,218,521
07/06/2008,CMA,CA,AWP,WE,Towers with Radar,0,12,47,0,59,0,0,184,0,184,0,12,231,0,243,208,0,208,451
07/07/2008,CMA,CA,AWP,WE,Towers with Radar,0,13,64,0,77,0,3,139,0,142,0,16,203,0,219,144,0,144,363
07/08/2008,CMA,CA,AWP,WE,Towers with Radar,0,15,84,0,99,0,2,139,0,141,0,17,223,0,240,238,0,238,478
07/09/2008,CMA,CA,AWP,WE,Towers with Radar,0,4,60,0,64,0,4,83,0,87,0,8,143,0,151,174,0,174,325
07/10/2008,CMA,CA,AWP,WE,Towers with Radar,0,12,57,0,69,0,2,143,0,145,0,14,200,0,214,144,0,144,358
07/11/2008,CMA,CA,AWP,WE,Towers with Radar,0,13,56,0,69,0,1,188,0,189,0,14,244,0,258,192,0,192,450
07/12/2008,CMA,CA,AWP,WE,Towers with Radar,0,9,45,0,54,0,1,263,0,264,0,10,308,0,318,228,0,228,546
07/13/2008,CMA,CA,AWP,WE,Towers with Radar,7,46,0,0,53,0,0,234,0,234,7,46,234,0,287,239,0,239,526
07/14/2008,CMA,CA,AWP,WE,Towers with Radar,0,10,45,0,55,0,0,218,0,218,0,10,263,0,273,294,0,294,567
07/15/2008,CMA,CA,AWP,WE,Towers with Radar,0,14,55,0,69,0,4,238,0,242,0,18,293,0,311,318,0,318,629
07/16/2008,CMA,CA,AWP,WE,Towers with Radar,0,6,46,0,52,0,1,265,0,266,0,7,311,0,318,213,0,213,531
07/17/2008,CMA,CA,AWP,WE,Towers with Radar,0,1,35,0,36,0,4,190,0,194,0,5,225,0,230,246,0,246,476
07/18/2008,CMA,CA,AWP,WE,Towers with Radar,0,11,66,0,77,0,3,191,0,194,0,14,257,0,271,284,0,284,555
07/19/2008,CMA,CA,AWP,WE,Towers with Radar,0,12,77,0,89,0,1,157,0,158,0,13,234,0,247,140,0,140,387
07/20/2008,CMA,CA,AWP,WE,Towers with Radar,0,4,73,0,77,0,1,175,0,176,0,5,248,0,253,230,0,230,483
07/21/2008,CMA,CA,AWP,WE,Towers with Radar,0,5,37,0,42,0,0,155,0,155,0,5,192,0,197,340,0,340,537
07/22/2008,CMA,CA,AWP,WE,Towers with Radar,0,8,59,0,67,0,3,218,0,221,0,11,277,0,288,242,0,242,530
07/23/2008,CMA,CA,AWP,WE,Towers with Radar,0,7,56,2,65,0,0,211,0,211,0,7,267,2,276,324,0,324,600
07/24/2008,CMA,CA,AWP,WE,Towers with Radar,0,9,57,3,69,0,0,235,0,235,0,9,292,3,304,308,0,308,612
07/25/2008,CMA,CA,AWP,WE,Towers with Radar,0,4,49,0,53,0,2,213,0,215,0,6,262,0,268,326,0,326,594
07/26/2008,CMA,CA,AWP,WE,Towers with Radar,0,3,39,0,42,0,1,309,0,310,0,4,348,0,352,236,0,236,588
07/27/2008,CMA,CA,AWP,WE,Towers with Radar,0,10,57,0,67,0,4,278,0,282,0,14,335,0,349,254,0,254,603
07/28/2008,CMA,CA,AWP,WE,Towers with Radar,0,5,56,0,61,0,0,156,0,156,0,5,212,0,217,350,0,350,567
07/29/2008,CMA,CA,AWP,WE,Towers with Radar,0,0,15,73,88,0,3,111,0,114,0,3,126,73,202,326,0,326,528
07/30/2008,CMA,CA,AWP,WE,Towers with Radar,0,9,51,0,60,0,0,171,0,171,0,9,222,0,231,166,0,166,397
07/31/2008,CMA,CA,AWP,WE,Towers with Radar,0,15,86,0,101,0,1,174,0,175,0,16,260,0,276,164,0,164,440
08/01/2008,CMA,CA,AWP,WE,Towers with Radar,0,8,61,0,69,0,0,131,0,131,0,8,192,0,200,218,0,218,418
08/02/2008,CMA,CA,AWP,WE,Towers with Radar,0,5,65,0,70,0,0,222,0,222,0,5,287,0,292,114,0,114,406
08/03/2008,CMA,CA,AWP,WE,Towers with Radar,0,9,43,0,52,0,2,206,0,208,0,11,249,0,260,162,0,162,422
08/04/2008,CMA,CA,AWP,WE,Towers with Radar,0,5,35,0,40,0,1,160,0,161,0,6,195,0,201,368,0,368,569
08/05/2008,CMA,CA,AWP,WE,Towers with Radar,0,11,43,0,54,0,4,209,0,213,0,15,252,0,267,262,0,262,529
08/06/2008,CMA,CA,AWP,WE,Towers with Radar,0,9,61,0,70,0,0,177,0,177,0,9,238,0,247,242,0,242,489
08/07/2008,CMA,CA,AWP,WE,Towers with Radar,0,11,50,0,61,0,3,262,0,265,0,14,312,0,326,398,0,398,724
08/08/2008,CMA,CA,AWP,WE,Towers with Radar,0,9,67,0,76,0,0,245,0,245,0,9,312,0,321,308,0,308,629
08/09/2008,CMA,CA,AWP,WE,Towers with Radar,0,5,37,0,42,0,5,284,0,289,0,10,321,0,331,262,0,262,593
08/10/2008,CMA,CA,AWP,WE,Towers with Radar,0,16,33,0,49,0,2,239,0,241,0,18,272,0,290,198,0,198,488
08/11/2008,CMA,CA,AWP,WE,Towers with Radar,0,16,43,0,59,0,1,195,0,196,0,17,238,0,255,248,0,248,503
08/12/2008,CMA,CA,AWP,WE,Towers with Radar,0,14,48,0,62,0,6,163,2,171,0,20,211,2,233,310,0,310,543
08/13/2008,CMA,CA,AWP,WE,Towers with Radar,0,11,67,0,78,0,15,156,0,171,0,26,223,0,249,270,0,270,519
08/14/2008,CMA,CA,AWP,WE,Towers with Radar,0,7,55,0,62,0,4,226,0,230,0,11,281,0,292,260,0,260,552
08/15/2008,CMA,CA,AWP,WE,Towers with Radar,0,5,50,0,55,0,4,198,0,202,0,9,248,0,257,240,0,240,497
08/16/2008,CMA,CA,AWP,WE,Towers with Radar,0,5,31,0,36,0,5,314,0,319,0,10,345,0,355,68,0,68,423
08/17/2008,CMA,CA,AWP,WE,Towers with Radar,0,8,37,1,46,0,2,184,0,186,0,10,221,1,232,76,4,80,312
08/18/2008,CMA,CA,AWP,WE,Towers with Radar,0,10,41,0,51,0,0,198,0,198,0,10,239,0,249,276,0,276,525
08/19/2008,CMA,CA,AWP,WE,Towers with Radar,0,4,43,0,47,0,5,198,0,203,0,9,241,0,250,392,0,392,642
08/20/2008,CMA,CA,AWP,WE,Towers with Radar,0,9,57,0,66,0,3,185,0,188,0,12,242,0,254,252,0,252,506
08/21/2008,CMA,CA,AWP,WE,Towers with Radar,0,18,53,0,71,0,5,243,0,248,0,23,296,0,319,306,0,306,625
08/22/2008,CMA,CA,AWP,WE,Towers with Radar,0,5,67,0,72,0,0,203,0,203,0,5,270,0,275,250,0,250,525
08/23/2008,CMA,CA,AWP,WE,Towers with Radar,0,5,59,0,64,0,0,172,0,172,0,5,231,0,236,192,0,192,428
08/24/2008,CMA,CA,AWP,WE,Towers with Radar,0,13,23,0,36,0,0,208,0,208,0,13,231,0,244,194,0,194,438
08/25/2008,CMA,CA,AWP,WE,Towers with Radar,0,8,30,0,38,0,0,164,0,164,0,8,194,0,202,204,0,204,406
08/26/2008,CMA,CA,AWP,WE,Towers with Radar,0,12,49,0,61,0,12,152,0,164,0,24,201,0,225,168,0,168,393
08/27/2008,CMA,CA,AWP,WE,Towers with Radar,0,15,55,0,70,0,0,127,0,127,0,15,182,0,197,180,0,180,377
08/28/2008,CMA,CA,AWP,WE,Towers with Radar,0,11,58,0,69,0,4,127,0,131,0,15,185,0,200,214,0,214,414
08/29/2008,CMA,CA,AWP,WE,Towers with Radar,0,14,52,0,66,0,2,238,0,240,0,16,290,0,306,284,0,284,590
08/30/2008,CMA,CA,AWP,WE,Towers with Radar,0,2,26,0,28,0,0,231,0,231,0,2,257,0,259,322,0,322,581
08/31/2008,CMA,CA,AWP,WE,Towers with Radar,0,9,63,0,72,0,0,105,0,105,0,9,168,0,177,188,0,188,365
09/01/2008,CMA,CA,AWP,WE,Towers with Radar,0,10,53,1,64,0,0,180,0,180,0,10,233,1,244,134,0,134,378
09/02/2008,CMA,CA,AWP,WE,Towers with Radar,0,8,35,1,44,0,12,158,0,170,0,20,193,1,214,268,0,268,482
09/03/2008,CMA,CA,AWP,WE,Towers with Radar,0,12,60,0,72,0,0,182,0,182,0,12,242,0,254,345,0,345,599
09/04/2008,CMA,CA,AWP,WE,Towers with Radar,0,9,52,0,61,0,2,206,0,208,0,11,258,0,269,354,0,354,623
09/05/2008,CMA,CA,AWP,WE,Towers with Radar,0,5,42,0,47,0,0,202,1,203,0,5,244,1,250,210,0,210,460
09/06/2008,CMA,CA,AWP,WE,Towers with Radar,0,2,51,0,53,0,0,182,0,182,0,2,233,0,235,194,0,194,429
09/07/2008,CMA,CA,AWP,WE,Towers with Radar,0,5,45,0,50,0,0,78,0,78,0,5,123,0,128,102,0,102,230
09/08/2008,CMA,CA,AWP,WE,Towers with Radar,0,16,61,0,77,0,3,89,0,92,0,19,150,0,169,304,0,304,473
09/09/2008,CMA,CA,AWP,WE,Towers with Radar,0,12,44,0,56,0,7,137,0,144,0,19,181,0,200,396,0,396,596
09/10/2008,CMA,CA,AWP,WE,Towers with Radar,0,13,72,0,85,0,3,133,0,136,0,16,205,0,221,199,0,199,420
09/11/2008,CMA,CA,AWP,WE,Towers with Radar,0,12,80,0,92,0,2,125,0,127,0,14,205,0,219,202,0,202,421
09/12/2008,CMA,CA,AWP,WE,Towers with Radar,0,24,93,0,117,0,0,85,0,85,0,24,178,0,202,238,0,238,440
09/13/2008,CMA,CA,AWP,WE,Towers with Radar,0,4,58,0,62,0,0,105,1,106,0,4,163,1,168,228,0,228,396
09/14/2008,CMA,CA,AWP,WE,Towers with Radar,0,14,59,0,73,0,1,146,0,147,0,15,205,0,220,232,0,232,452
09/15/2008,CMA,CA,AWP,WE,Towers with Radar,0,10,48,0,58,0,6,145,0,151,0,16,193,0,209,202,0,202,411
09/16/2008,CMA,CA,AWP,WE,Towers with Radar,0,16,36,0,52,0,4,176,0,180,0,20,212,0,232,290,0,290,522
09/17/2008,CMA,CA,AWP,WE,Towers with Radar,0,10,53,0,63,0,1,196,0,197,0,11,249,0,260,230,0,230,490
09/18/2008,CMA,CA,AWP,WE,Towers with Radar,0,10,44,2,56,0,4,225,0,229,0,14,269,2,285,272,0,272,557
09/19/2008,CMA,CA,AWP,WE,Towers with Radar,0,13,55,0,68,0,6,263,0,269,0,19,318,0,337,282,0,282,619
09/20/2008,CMA,CA,AWP,WE,Towers with Radar,0,8,43,0,51,0,0,237,0,237,0,8,280,0,288,294,0,294,582
09/21/2008,CMA,CA,AWP,WE,Towers with Radar,0,6,55,0,61,0,0,160,0,160,0,6,215,0,221,246,0,246,467
09/22/2008,CMA,CA,AWP,WE,Towers with Radar,0,12,51,0,63,0,2,148,0,150,0,14,199,0,213,422,0,422,635
09/23/2008,CMA,CA,AWP,WE,Towers with Radar,0,10,62,0,72,0,3,226,0,229,0,13,288,0,301,358,0,358,659
09/24/2008,CMA,CA,AWP,WE,Towers with Radar,0,10,46,0,56,0,8,195,0,203,0,18,241,0,259,260,0,260,519
09/25/2008,CMA,CA,AWP,WE,Towers with Radar,0,13,52,0,65,0,2,316,0,318,0,15,368,0,383,400,0,400,783
09/26/2008,CMA,CA,AWP,WE,Towers with Radar,0,6,35,0,41,0,3,258,0,261,0,9,293,0,302,320,0,320,622
09/27/2008,CMA,CA,AWP,WE,Towers with Radar,0,4,40,0,44,0,1,323,0,324,0,5,363,0,368,334,0,334,702
09/28/2008,CMA,CA,AWP,WE,Towers with Radar,0,7,50,0,57,0,5,132,0,137,0,12,182,0,194,136,0,136,330
09/29/2008,CMA,CA,AWP,WE,Towers with Radar,0,3,45,0,48,0,0,185,0,185,0,3,230,0,233,364,0,364,597
09/30/2008,CMA,CA,AWP,WE,Towers with Radar,0,9,33,0,42,0,1,186,0,187,0,10,219,0,229,282,0,282,511
10/01/2008,CMA,CA,AWP,WE,Towers with Radar,0,7,48,0,55,0,5,216,0,221,0,12,264,0,276,406,0,406,682
10/02/2008,CMA,CA,AWP,WE,Towers with Radar,0,9,63,0,72,0,6,226,0,232,0,15,289,0,304,320,0,320,624
10/03/2008,CMA,CA,AWP,WE,Towers with Radar,0,19,62,0,81,0,0,130,0,130,0,19,192,0,211,390,0,390,601
10/04/2008,CMA,CA,AWP,WE,Towers with Radar,0,3,63,0,66,0,0,32,0,32,0,3,95,0,98,136,0,136,234
10/05/2008,CMA,CA,AWP,WE,Towers with Radar,0,6,43,0,49,0,6,240,0,246,0,12,283,0,295,280,0,280,575
10/06/2008,CMA,CA,AWP,WE,Towers with Radar,0,7,30,0,37,0,0,149,0,149,0,7,179,0,186,334,0,334,520
10/07/2008,CMA,CA,AWP,WE,Towers with Radar,0,4,28,0,32,0,4,187,0,191,0,8,215,0,223,208,0,208,431
10/08/2008,CMA,CA,AWP,WE,Towers with Radar,0,9,36,0,45,0,9,177,0,186,0,18,213,0,231,336,0,336,567
10/09/2008,CMA,CA,AWP,WE,Towers with Radar,0,7,49,0,56,0,2,196,0,198,0,9,245,0,254,304,0,304,558
10/10/2008,CMA,CA,AWP,WE,Towers with Radar,0,6,45,0,51,0,2,163,0,165,0,8,208,0,216,312,0,312,528
10/11/2008,CMA,CA,AWP,WE,Towers with Radar,0,3,26,0,29,0,0,180,0,180,0,3,206,0,209,256,0,256,465
10/12/2008,CMA,CA,AWP,WE,Towers with Radar,0,10,12,0,22,0,3,160,0,163,0,13,172,0,185,164,0,164,349
10/13/2008,CMA,CA,AWP,WE,Towers with Radar,0,9,18,0,27,0,6,38,0,44,0,15,56,0,71,34,0,34,105
10/14/2008,CMA,CA,AWP,WE,Towers with Radar,0,14,27,0,41,0,4,178,0,182,0,18,205,0,223,412,0,412,635
10/15/2008,CMA,CA,AWP,WE,Towers with Radar,0,7,31,1,39,0,2,177,1,180,0,9,208,2,219,398,0,398,617
10/16/2008,CMA,CA,AWP,WE,Towers with Radar,0,12,52,0,64,0,7,214,0,221,0,19,266,0,285,424,0,424,709
10/17/2008,CMA,CA,AWP,WE,Towers with Radar,0,12,50,0,62,0,9,303,2,314,0,21,353,2,376,298,0,298,674
10/18/2008,CMA,CA,AWP,WE,Towers with Radar,0,1,27,0,28,0,4,281,2,287,0,5,308,2,315,236,0,236,551
10/19/2008,CMA,CA,AWP,WE,Towers with Radar,0,10,45,0,55,0,0,211,0,211,0,10,256,0,266,144,0,144,410
10/20/2008,CMA,CA,AWP,WE,Towers with Radar,0,10,49,0,59,0,0,183,0,183,0,10,232,0,242,260,0,260,502
10/21/2008,CMA,CA,AWP,WE,Towers with Radar,0,0,50,0,50,0,5,227,0,232,0,5,277,0,282,235,0,235,517
10/22/2008,CMA,CA,AWP,WE,Towers with Radar,0,7,12,0,19,0,3,81,0,84,0,10,93,0,103,96,0,96,199
10/23/2008,CMA,CA,AWP,WE,Towers with Radar,0,4,30,0,34,0,7,171,0,178,0,11,201,0,212,250,0,250,462
10/24/2008,CMA,CA,AWP,WE,Towers with Radar,0,6,47,0,53,0,10,232,0,242,0,16,279,0,295,170,0,170,465
10/25/2008,CMA,CA,AWP,WE,Towers with Radar,0,2,20,0,22,0,0,250,0,250,0,2,270,0,272,258,0,258,530
10/26/2008,CMA,CA,AWP,WE,Towers with Radar,0,5,52,0,57,0,0,236,0,236,0,5,288,0,293,274,0,274,567
10/27/2008,CMA,CA,AWP,WE,Towers with Radar,0,10,32,0,42,0,2,202,0,204,0,12,234,0,246,264,0,264,510
10/28/2008,CMA,CA,AWP,WE,Towers with Radar,0,32,23,0,55,0,6,198,0,204,0,38,221,0,259,384,0,384,643
10/29/2008,CMA,CA,AWP,WE,Towers with Radar,0,8,22,0,30,0,5,191,0,196,0,13,213,0,226,281,0,281,507
10/30/2008,CMA,CA,AWP,WE,Towers with Radar,0,6,52,0,58,0,0,137,0,137,0,6,189,0,195,239,0,239,434
10/31/2008,CMA,CA,AWP,WE,Towers with Radar,0,11,27,0,38,0,6,146,1,153,0,17,173,1,191,148,2,150,341
11/01/2008,CMA,CA,AWP,WE,Towers with Radar,0,3,15,0,18,0,0,35,0,35,0,3,50,0,53,112,0,112,165
11/02/2008,CMA,CA,AWP,WE,Towers with Radar,0,5,43,0,48,0,3,124,0,127,0,8,167,0,175,282,0,282,457
11/03/2008,CMA,CA,AWP,WE,Towers with Radar,0,2,50,2,54,0,6,83,0,89,0,8,133,2,143,234,0,234,377
11/04/2008,CMA,CA,AWP,WE,Towers with Radar,0,9,48,0,57,0,3,129,0,132,0,12,177,0,189,380,0,380,569
11/05/2008,CMA,CA,AWP,WE,Towers with Radar,0,3,38,0,41,0,2,189,0,191,0,5,227,0,232,234,0,234,466
11/06/2008,CMA,CA,AWP,WE,Towers with Radar,0,9,40,0,49,0,0,139,0,139,0,9,179,0,188,176,0,176,364
11/07/2008,CMA,CA,AWP,WE,Towers with Radar,0,5,37,0,42,0,7,107,0,114,0,12,144,0,156,162,0,162,318
11/08/2008,CMA,CA,AWP,WE,Towers with Radar,0,5,34,0,39,0,1,266,0,267,0,6,300,0,306,252,0,252,558
11/09/2008,CMA,CA,AWP,WE,Towers with Radar,0,5,30,0,35,0,0,53,0,53,0,5,83,0,88,50,0,50,138
11/10/2008,CMA,CA,AWP,WE,Towers with Radar,0,1,41,0,42,0,2,163,0,165,0,3,204,0,207,366,0,366,573
11/11/2008,CMA,CA,AWP,WE,Towers with Radar,0,12,53,0,65,0,4,222,0,226,0,16,275,0,291,222,0,222,513
11/12/2008,CMA,CA,AWP,WE,Towers with Radar,0,7,55,1,63,0,2,175,1,178,0,9,230,2,241,306,0,306,547
11/13/2008,CMA,CA,AWP,WE,Towers with Radar,0,13,40,0,53,0,4,197,0,201,0,17,237,0,254,338,0,338,592
11/14/2008,CMA,CA,AWP,WE,Towers with Radar,0,5,27,0,32,0,9,44,0,53,0,14,71,0,85,24,0,24,109
11/15/2008,CMA,CA,AWP,WE,Towers with Radar,0,1,17,0,18,0,0,41,0,41,0,1,58,0,59,84,0,84,143
11/16/2008,CMA,CA,AWP,WE,Towers with Radar,0,6,36,0,42,0,0,123,0,123,0,6,159,0,165,156,0,156,321
11/17/2008,CMA,CA,AWP,WE,Towers with Radar,0,9,16,0,25,0,4,175,0,179,0,13,191,0,204,342,0,342,546
11/18/2008,CMA,CA,AWP,WE,Towers with Radar,0,10,49,0,59,0,5,210,0,215,0,15,259,0,274,318,0,318,592
11/19/2008,CMA,CA,AWP,WE,Towers with Radar,0,5,43,0,48,0,3,214,0,217,0,8,257,0,265,340,0,340,605
11/20/2008,CMA,CA,AWP,WE,Towers with Radar,0,3,35,2,40,0,2,268,0,270,0,5,303,2,310,350,4,354,664
11/21/2008,CMA,CA,AWP,WE,Towers with Radar,0,8,40,0,48,0,8,261,0,269,0,16,301,0,317,306,0,306,623
11/22/2008,CMA,CA,AWP,WE,Towers with Radar,0,3,41,0,44,0,0,298,0,298,0,3,339,0,342,166,0,166,508
11/23/2008,CMA,CA,AWP,WE,Towers with Radar,0,10,74,0,84,0,0,204,0,204,0,10,278,0,288,246,0,246,534
11/24/2008,CMA,CA,AWP,WE,Towers with Radar,0,6,38,0,44,0,0,192,0,192,0,6,230,0,236,228,0,228,464
11/25/2008,CMA,CA,AWP,WE,Towers with Radar,0,14,47,0,61,0,4,123,0,127,0,18,170,0,188,214,0,214,402
11/26/2008,CMA,CA,AWP,WE,Towers with Radar,0,11,50,0,61,0,2,40,0,42,0,13,90,0,103,122,0,122,225
11/27/2008,CMA,CA,AWP,WE,Towers with Radar,0,0,18,0,18,0,0,74,0,74,0,0,92,0,92,350,0,350,442
11/28/2008,CMA,CA,AWP,WE,Towers with Radar,0,10,51,0,61,0,1,183,0,184,0,11,234,0,245,210,0,210,455
11/29/2008,CMA,CA,AWP,WE,Towers with Radar,0,4,35,0,39,0,2,211,0,213,0,6,246,0,252,0,174,174,426
11/30/2008,CMA,CA,AWP,WE,Towers with Radar,0,14,42,0,56,0,2,210,0,212,0,16,252,0,268,176,0,176,444
12/01/2008,CMA,CA,AWP,WE,Towers with Radar,0,3,44,0,47,0,0,159,0,159,0,3,203,0,206,204,0,204,410
12/02/2008,CMA,CA,AWP,WE,Towers with Radar,0,7,69,0,76,0,4,44,0,48,0,11,113,0,124,208,0,208,332
12/03/2008,CMA,CA,AWP,WE,Towers with Radar,0,4,48,0,52,0,6,125,0,131,0,10,173,0,183,168,0,168,351
12/04/2008,CMA,CA,AWP,WE,Towers with Radar,0,4,68,0,72,0,2,130,0,132,0,6,198,0,204,294,0,294,498
12/05/2008,CMA,CA,AWP,WE,Towers with Radar,0,6,36,0,42,0,1,116,2,119,0,7,152,2,161,108,0,108,269
12/06/2008,CMA,CA,AWP,WE,Towers with Radar,0,2,33,0,35,0,0,305,0,305,0,2,338,0,340,164,0,164,504
12/07/2008,CMA,CA,AWP,WE,Towers with Radar,0,6,54,0,60,0,5,185,0,190,0,11,239,0,250,190,0,190,440
12/08/2008,CMA,CA,AWP,WE,Towers with Radar,0,9,49,0,58,0,4,115,0,119,0,13,164,0,177,258,0,258,435
12/09/2008,CMA,CA,AWP,WE,Towers with Radar,0,5,12,0,17,0,6,63,0,69,0,11,75,0,86,34,0,34,120
12/10/2008,CMA,CA,AWP,WE,Towers with Radar,0,4,49,0,53,0,6,213,0,219,0,10,262,0,272,330,0,330,602
12/11/2008,CMA,CA,AWP,WE,Towers with Radar,0,12,48,0,60,0,7,189,0,196,0,19,237,0,256,220,0,220,476
12/12/2008,CMA,CA,AWP,WE,Towers with Radar,0,9,40,0,49,0,2,171,0,173,0,11,211,0,222,172,0,172,394
12/13/2008,CMA,CA,AWP,WE,Towers with Radar,0,4,36,0,40,0,0,85,0,85,0,4,121,0,125,153,0,153,278
12/14/2008,CMA,CA,AWP,WE,Towers with Radar,0,4,36,0,40,0,0,206,0,206,0,4,242,0,246,190,0,190,436
12/15/2008,CMA,CA,AWP,WE,Towers with Radar,0,7,25,0,32,0,0,17,0,17,0,7,42,0,49,64,0,64,113
12/16/2008,CMA,CA,AWP,WE,Towers with Radar,0,7,40,0,47,0,4,109,0,113,0,11,149,0,160,214,0,214,374
12/17/2008,CMA,CA,AWP,WE,Towers with Radar,0,6,22,0,28,0,0,7,0,7,0,6,29,0,35,22,0,22,57
12/18/2008,CMA,CA,AWP,WE,Towers with Radar,0,4,65,0,69,0,1,226,0,227,0,5,291,0,296,280,0,280,576
12/19/2008,CMA,CA,AWP,WE,Towers with Radar,0,7,41,0,48,0,0,169,0,169,0,7,210,0,217,208,0,208,425
12/20/2008,CMA,CA,AWP,WE,Towers with Radar,0,5,29,0,34,0,0,250,0,250,0,5,279,0,284,160,0,160,444
12/21/2008,CMA,CA,AWP,WE,Towers with Radar,0,18,28,0,46,0,3,176,0,179,0,21,204,0,225,64,0,64,289
12/22/2008,CMA,CA,AWP,WE,Towers with Radar,0,6,25,0,31,0,0,4,0,4,0,6,29,0,35,4,0,4,39
12/23/2008,CMA,CA,AWP,WE,Towers with Radar,0,8,44,0,52,0,4,163,0,167,0,12,207,0,219,150,0,150,369
12/24/2008,CMA,CA,AWP,WE,Towers with Radar,0,2,20,0,22,0,1,21,0,22,0,3,41,0,44,16,0,16,60
12/25/2008,CMA,CA,AWP,WE,Towers with Radar,0,2,5,0,7,0,0,3,0,3,0,2,8,0,10,6,0,6,16
12/26/2008,CMA,CA,AWP,WE,Towers with Radar,0,4,24,0,28,0,0,132,0,132,0,4,156,0,160,208,0,208,368
12/27/2008,CMA,CA,AWP,WE,Towers with Radar,0,5,36,0,41,0,0,192,0,192,0,5,228,0,233,130,0,130,363
12/28/2008,CMA,CA,AWP,WE,Towers with Radar,0,8,22,0,30,0,0,244,0,244,0,8,266,0,274,134,0,134,408
12/29/2008,CMA,CA,AWP,WE,Towers with Radar,0,3,37,0,40,0,4,176,0,180,0,7,213,0,220,306,0,306,526
12/30/2008,CMA,CA,AWP,WE,Towers with Radar,0,17,43,0,60,0,0,189,0,189,0,17,232,0,249,119,0,119,368
12/31/2008,CMA,CA,AWP,WE,Towers with Radar,0,11,36,0,47,0,1,139,0,140,0,12,175,0,187,144,0,144,331
01/01/2009,CMA,CA,AWP,WE,Towers with Radar,0,3,10,0,13,0,1,61,0,62,0,4,71,0,75,78,0,78,153
01/02/2009,CMA,CA,AWP,WE,Towers with Radar,0,7,55,0,62,0,0,11,0,11,0,7,66,0,73,62,0,62,135
01/03/2009,CMA,CA,AWP,WE,Towers with Radar,0,10,62,0,72,0,0,105,0,105,0,10,167,0,177,242,0,242,419
01/04/2009,CMA,CA,AWP,WE,Towers with Radar,0,5,28,0,33,0,0,114,0,114,0,5,142,0,147,56,0,56,203
01/05/2009,CMA,CA,AWP,WE,Towers with Radar,0,7,25,0,32,0,0,131,0,131,0,7,156,0,163,174,0,174,337
01/06/2009,CMA,CA,AWP,WE,Towers with Radar,0,8,41,0,49,0,5,135,0,140,0,13,176,0,189,224,0,224,413
01/07/2009,CMA,CA,AWP,WE,Towers with Radar,0,6,40,0,46,0,5,216,0,221,0,11,256,0,267,248,0,248,515
01/08/2009,CMA,CA,AWP,WE,Towers with Radar,0,15,63,0,78,0,1,136,1,138,0,16,199,1,216,252,0,252,468
01/09/2009,CMA,CA,AWP,WE,Towers with Radar,0,15,15,0,30,0,2,48,0,50,0,17,63,0,80,52,0,52,132
01/10/2009,CMA,CA,AWP,WE,Towers with Radar,0,3,10,0,13,0,1,60,0,61,0,4,70,0,74,8,0,8,82
01/11/2009,CMA,CA,AWP,WE,Towers with Radar,0,5,20,0,25,0,0,171,0,171,0,5,191,0,196,170,0,170,366
01/12/2009,CMA,CA,AWP,WE,Towers with Radar,0,1,15,0,16,0,0,63,0,63,0,1,78,0,79,36,0,36,115
01/13/2009,CMA,CA,AWP,WE,Towers with Radar,0,5,11,0,16,0,4,128,0,132,0,9,139,0,148,82,0,82,230
01/14/2009,CMA,CA,AWP,WE,Towers with Radar,0,6,42,0,48,0,1,219,0,220,0,7,261,0,268,312,0,312,580
01/15/2009,CMA,CA,AWP,WE,Towers with Radar,0,8,22,0,30,0,3,154,0,157,0,11,176,0,187,360,0,360,547
01/16/2009,CMA,CA,AWP,WE,Towers with Radar,0,13,28,0,41,0,4,137,0,141,0,17,165,0,182,192,0,192,374
01/17/2009,CMA,CA,AWP,WE,Towers with Radar,0,6,27,0,33,0,1,237,0,238,0,7,264,0,271,214,0,214,485
01/18/2009,CMA,CA,AWP,WE,Towers with Radar,0,3,23,0,26,0,1,152,0,153,0,4,175,0,179,162,0,162,341
01/19/2009,CMA,CA,AWP,WE,Towers with Radar,0,9,25,1,35,0,2,216,1,219,0,11,241,2,254,276,0,276,530
01/20/2009,CMA,CA,AWP,WE,Towers with Radar,0,7,39,0,46,0,2,209,0,211,0,9,248,0,257,304,0,304,561
01/21/2009,CMA,CA,AWP,WE,Towers with Radar,0,9,61,0,70,0,1,180,0,181,0,10,241,0,251,338,0,338,589
01/22/2009,CMA,CA,AWP,WE,Towers with Radar,0,5,45,0,50,0,3,60,0,63,0,8,105,0,113,276,0,276,389
01/23/2009,CMA,CA,AWP,WE,Towers with Radar,0,17,58,0,75,0,5,29,0,34,0,22,87,0,109,196,0,196,305
01/24/2009,CMA,CA,AWP,WE,Towers with Radar,0,2,58,0,60,0,2,34,0,36,0,4,92,0,96,208,0,208,304
01/25/2009,CMA,CA,AWP,WE,Towers with Radar,0,5,36,0,41,0,0,122,0,122,0,5,158,0,163,256,0,256,419
01/26/2009,CMA,CA,AWP,WE,Towers with Radar,0,7,36,0,43,0,5,157,0,162,0,12,193,0,205,226,0,226,431
01/27/2009,CMA,CA,AWP,WE,Towers with Radar,0,8,24,0,32,0,6,156,0,162,0,14,180,0,194,219,0,219,413
01/28/2009,CMA,CA,AWP,WE,Towers with Radar,0,4,33,0,37,0,1,202,0,203,0,5,235,0,240,328,0,328,568
01/29/2009,CMA,CA,AWP,WE,Towers with Radar,0,11,11,0,22,0,2,71,0,73,0,13,82,0,95,60,0,60,155
01/30/2009,CMA,CA,AWP,WE,Towers with Radar,0,1,19,0,20,0,4,128,0,132,0,5,147,0,152,102,0,102,254
01/31/2009,CMA,CA,AWP,WE,Towers with Radar,0,0,44,0,44,0,1,435,0,436,0,1,479,0,480,144,0,144,624
02/01/2009,CMA,CA,AWP,WE,Towers with Radar,0,6,31,0,37,0,0,238,0,238,0,6,269,0,275,184,0,184,459
02/02/2009,CMA,CA,AWP,WE,Towers with Radar,0,2,24,0,26,0,0,142,0,142,0,2,166,0,168,176,0,176,344
02/03/2009,CMA,CA,AWP,WE,Towers with Radar,0,4,32,0,36,0,4,293,0,297,0,8,325,0,333,316,0,316,649
02/04/2009,CMA,CA,AWP,WE,Towers with Radar,0,7,36,0,43,0,4,216,0,220,0,11,252,0,263,372,0,372,635
02/05/2009,CMA,CA,AWP,WE,Towers with Radar,0,11,43,0,54,0,1,31,0,32,0,12,74,0,86,60,0,60,146
02/06/2009,CMA,CA,AWP,WE,Towers with Radar,0,9,50,0,59,0,0,9,0,9,0,9,59,0,68,48,0,48,116
02/07/2009,CMA,CA,AWP,WE,Towers with Radar,0,1,31,0,32,0,0,44,0,44,0,1,75,0,76,176,0,176,252
02/08/2009,CMA,CA,AWP,WE,Towers with Radar,0,7,49,0,56,0,1,92,0,93,0,8,141,0,149,198,0,198,347
02/09/2009,CMA,CA,AWP,WE,Towers with Radar,0,6,28,0,34,0,0,23,0,23,0,6,51,0,57,132,0,132,189
02/10/2009,CMA,CA,AWP,WE,Towers with Radar,0,6,55,0,61,0,6,229,0,235,0,12,284,0,296,226,0,226,522
02/11/2009,CMA,CA,AWP,WE,Towers with Radar,0,4,68,0,72,0,1,167,0,168,0,5,235,0,240,418,0,418,658
02/12/2009,CMA,CA,AWP,WE,Towers with Radar,0,12,53,5,70,0,1,202,0,203,0,13,255,5,273,256,0,256,529
02/13/2009,CMA,CA,AWP,WE,Towers with Radar,0,10,32,0,42,0,0,39,0,39,0,10,71,0,81,180,0,180,261
02/14/2009,CMA,CA,AWP,WE,Towers with Radar,0,5,44,0,49,0,0,224,0,224,0,5,268,0,273,124,0,124,397
02/15/2009,CMA,CA,AWP,WE,Towers with Radar,0,6,31,0,37,0,0,129,0,129,0,6,160,0,166,108,0,108,274
02/16/2009,CMA,CA,AWP,WE,Towers with Radar,0,8,14,0,22,0,0,6,0,6,0,8,20,0,28,18,0,18,46
02/17/2009,CMA,CA,AWP,WE,Towers with Radar,0,6,35,0,41,0,1,52,0,53,0,7,87,0,94,114,0,114,208
02/18/2009,CMA,CA,AWP,WE,Towers with Radar,0,11,34,1,46,0,1,267,0,268,0,12,301,1,314,186,0,186,500
02/19/2009,CMA,CA,AWP,WE,Towers with Radar,0,9,39,0,48,0,0,144,0,144,0,9,183,0,192,108,0,108,300
02/20/2009,CMA,CA,AWP,WE,Towers with Radar,0,9,63,0,72,0,0,189,0,189,0,9,252,0,261,212,0,212,473
02/21/2009,CMA,CA,AWP,WE,Towers with Radar,0,3,57,0,60,0,0,326,0,326,0,3,383,0,386,252,0,252,638
02/22/2009,CMA,CA,AWP,WE,Towers with Radar,0,14,32,0,46,0,2,107,0,109,0,16,139,0,155,174,0,174,329
02/23/2009,CMA,CA,AWP,WE,Towers with Radar,0,7,30,0,37,0,1,126,0,127,0,8,156,0,164,258,0,258,422
02/24/2009,CMA,CA,AWP,WE,Towers with Radar,0,11,31,0,42,0,9,203,0,212,0,20,234,0,254,332,0,332,586
02/25/2009,CMA,CA,AWP,WE,Towers with Radar,0,9,56,0,65,0,3,150,0,153,0,12,206,0,218,454,0,454,672
02/26/2009,CMA,CA,AWP,WE,Towers with Radar,0,15,43,0,58,0,2,201,0,203,0,17,244,0,261,252,0,252,513
02/27/2009,CMA,CA,AWP,WE,Towers with Radar,0,8,53,0,61,0,0,206,0,206,0,8,259,0,267,326,0,326,593
02/28/2009,CMA,CA,AWP,WE,Towers with Radar,0,6,42,0,48,0,1,238,0,239,0,7,280,0,287,198,0,198,485
03/01/2009,CMA,CA,AWP,WE,Towers with Radar,0,5,27,0,32,0,0,178,0,178,0,5,205,0,210,166,0,166,376
03/02/2009,CMA,CA,AWP,WE,Towers with Radar,0,10,31,0,41,0,0,101,0,101,0,10,132,0,142,364,0,364,506
03/03/2009,CMA,CA,AWP,WE,Towers with Radar,0,13,50,0,63,0,1,183,0,184,0,14,233,0,247,404,0,404,651
03/04/2009,CMA,CA,AWP,WE,Towers with Radar,0,10,64,0,74,0,0,31,2,33,0,10,95,2,107,266,0,266,373
03/05/2009,CMA,CA,AWP,WE,Towers with Radar,0,7,45,0,52,0,2,181,0,183,0,9,226,0,235,294,0,294,529
03/06/2009,CMA,CA,AWP,WE,Towers with Radar,0,12,54,0,66,0,0,164,0,164,0,12,218,0,230,264,0,264,494
03/07/2009,CMA,CA,AWP,WE,Towers with Radar,0,3,24,0,27,0,1,277,0,278,0,4,301,0,305,248,0,248,553
03/08/2009,CMA,CA,AWP,WE,Towers with Radar,0,11,50,0,61,0,1,220,0,221,0,12,270,0,282,236,0,236,518
03/09/2009,CMA,CA,AWP,WE,Towers with Radar,0,7,37,0,44,0,0,112,0,112,0,7,149,0,156,210,0,210,366
03/10/2009,CMA,CA,AWP,WE,Towers with Radar,0,3,54,0,57,0,0,206,0,206,0,3,260,0,263,280,0,280,543
03/11/2009,CMA,CA,AWP,WE,Towers with Radar,0,14,75,0,89,0,2,124,0,126,0,16,199,0,215,354,0,354,569
03/12/2009,CMA,CA,AWP,WE,Towers with Radar,0,16,27,2,45,0,2,212,0,214,0,18,239,2,259,388,0,388,647
03/13/2009,CMA,CA,AWP,WE,Towers with Radar,0,14,46,0,60,0,0,236,0,236,0,14,282,0,296,292,0,292,588
03/14/2009,CMA,CA,AWP,WE,Towers with Radar,0,6,89,0,95,0,0,109,0,109,0,6,198,0,204,278,0,278,482
03/15/2009,CMA,CA,AWP,WE,Towers with Radar,0,7,66,0,73,0,0,189,0,189,0,7,255,0,262,242,0,242,504
03/16/2009,CMA,CA,AWP,WE,Towers with Radar,0,6,28,0,34,0,0,165,0,165,0,6,193,0,199,246,0,246,445
03/17/2009,CMA,CA,AWP,WE,Towers with Radar,0,9,25,0,34,0,3,250,0,253,0,12,275,0,287,336,0,336,623
03/18/2009,CMA,CA,AWP,WE,Towers with Radar,0,9,32,0,41,0,4,157,0,161,0,13,189,0,202,226,0,226,428
03/19/2009,CMA,CA,AWP,WE,Towers with Radar,0,14,65,0,79,0,0,122,0,122,0,14,187,0,201,250,0,250,451
03/20/2009,CMA,CA,AWP,WE,Towers with Radar,0,6,86,0,92,0,0,50,0,50,0,6,136,0,142,110,0,110,252
03/21/2009,CMA,CA,AWP,WE,Towers with Radar,0,6,76,0,82,0,1,74,0,75,0,7,150,0,157,244,0,244,401
03/22/2009,CMA,CA,AWP,WE,Towers with Radar,0,5,20,0,25,0,0,20,0,20,0,5,40,0,45,0,0,0,45
03/23/2009,CMA,CA,AWP,WE,Towers with Radar,0,11,37,0,48,0,0,125,0,125,0,11,162,0,173,143,0,143,316
03/24/2009,CMA,CA,AWP,WE,Towers with Radar,0,12,45,0,57,0,5,190,0,195,0,17,235,0,252,218,0,218,470
03/25/2009,CMA,CA,AWP,WE,Towers with Radar,0,6,35,0,41,0,2,165,0,167,0,8,200,0,208,234,0,234,442
03/26/2009,CMA,CA,AWP,WE,Towers with Radar,0,6,49,0,55,0,2,215,0,217,0,8,264,0,272,314,0,314,586
03/27/2009,CMA,CA,AWP,WE,Towers with Radar,0,10,31,0,41,0,0,161,0,161,0,10,192,0,202,154,0,154,356
03/28/2009,CMA,CA,AWP,WE,Towers with Radar,0,7,26,0,33,0,2,343,0,345,0,9,369,0,378,170,0,170,548
03/29/2009,CMA,CA,AWP,WE,Towers with Radar,0,7,58,0,65,0,0,126,0,126,0,7,184,0,191,170,0,170,361
03/30/2009,CMA,CA,AWP,WE,Towers with Radar,0,2,13,0,15,0,1,109,0,110,0,3,122,0,125,182,0,182,307
03/31/2009,CMA,CA,AWP,WE,Towers with Radar,0,9,50,0,59,0,3,236,0,239,0,12,286,0,298,272,0,272,570
04/01/2009,CMA,CA,AWP,WE,Towers with Radar,0,7,45,0,52,0,3,150,0,153,0,10,195,0,205,212,0,212,417
04/02/2009,CMA,CA,AWP,WE,Towers with Radar,0,5,84,2,91,0,0,78,0,78,0,5,162,2,169,282,0,282,451
04/03/2009,CMA,CA,AWP,WE,Towers with Radar,0,12,39,0,51,0,2,117,0,119,0,14,156,0,170,122,0,122,292
04/04/2009,CMA,CA,AWP,WE,Towers with Radar,0,7,25,0,32,0,3,295,0,298,0,10,320,0,330,228,0,228,558
04/05/2009,CMA,CA,AWP,WE,Towers with Radar,0,4,22,0,26,0,2,211,0,213,0,6,233,0,239,138,0,138,377
04/06/2009,CMA,CA,AWP,WE,Towers with Radar,0,5,31,0,36,0,3,150,0,153,0,8,181,0,189,108,0,108,297
04/07/2009,CMA,CA,AWP,WE,Towers with Radar,0,7,39,0,46,0,1,102,0,103,0,8,141,0,149,154,0,154,303
04/08/2009,CMA,CA,AWP,WE,Towers with Radar,0,11,32,0,43,0,0,95,0,95,0,11,127,0,138,228,0,228,366
04/09/2009,CMA,CA,AWP,WE,Towers with Radar,0,9,66,0,75,0,0,156,0,156,0,9,222,0,231,234,0,234,465
04/10/2009,CMA,CA,AWP,WE,Towers with Radar,0,5,29,0,34,0,0,106,0,106,0,5,135,0,140,150,0,150,290
04/11/2009,CMA,CA,AWP,WE,Towers with Radar,0,4,37,0,41,0,0,283,0,283,0,4,320,0,324,146,0,146,470
04/12/2009,CMA,CA,AWP,WE,Towers with Radar,0,3,25,0,28,0,1,154,0,155,0,4,179,0,183,152,0,152,335
04/13/2009,CMA,CA,AWP,WE,Towers with Radar,0,4,44,0,48,0,2,190,0,192,0,6,234,0,240,152,0,152,392
04/14/2009,CMA,CA,AWP,WE,Towers with Radar,0,4,28,2,34,0,1,85,0,86,0,5,113,2,120,134,0,134,254
04/15/2009,CMA,CA,AWP,WE,Towers with Radar,0,7,19,0,26,0,6,79,0,85,0,13,98,0,111,78,0,78,189
04/16/2009,CMA,CA,AWP,WE,Towers with Radar,0,13,50,0,63,0,1,196,0,197,0,14,246,0,260,328,0,328,588
04/17/2009,CMA,CA,AWP,WE,Towers with Radar,0,10,46,0,56,0,0,336,0,336,0,10,382,0,392,330,0,330,722
04/18/2009,CMA,CA,AWP,WE,Towers with Radar,0,7,42,0,49,0,3,372,0,375,0,10,414,0,424,308,0,308,732
04/19/2009,CMA,CA,AWP,WE,Towers with Radar,0,3,21,0,24,0,1,251,0,252,0,4,272,0,276,176,0,176,452
04/20/2009,CMA,CA,AWP,WE,Towers with Radar,0,4,12,0,16,0,6,178,0,184,0,10,190,0,200,234,0,234,434
04/21/2009,CMA,CA,AWP,WE,Towers with Radar,0,9,33,0,42,0,3,231,0,234,0,12,264,0,276,316,2,318,594
04/22/2009,CMA,CA,AWP,WE,Towers with Radar,0,7,73,0,80,0,2,148,0,150,0,9,221,0,230,218,0,218,448
04/23/2009,CMA,CA,AWP,WE,Towers with Radar,0,2,70,0,72,0,3,44,0,47,0,5,114,0,119,264,0,264,383
04/24/2009,CMA,CA,AWP,WE,Towers with Radar,0,6,67,0,73,0,1,62,0,63,0,7,129,0,136,232,0,232,368
04/25/2009,CMA,CA,AWP,WE,Towers with Radar,0,1,31,0,32,0,2,244,0,246,0,3,275,0,278,220,0,220,498
04/26/2009,CMA,CA,AWP,WE,Towers with Radar,0,6,35,0,41,0,5,248,0,253,0,11,283,0,294,138,0,138,432
04/27/2009,CMA,CA,AWP,WE,Towers with Radar,0,4,40,0,44,0,9,73,0,82,0,13,113,0,126,154,0,154,280
04/28/2009,CMA,CA,AWP,WE,Towers with Radar,0,12,50,0,62,0,4,181,0,185,0,16,231,0,247,262,0,262,509
04/29/2009,CMA,CA,AWP,WE,Towers with Radar,0,9,55,0,64,0,4,206,0,210,0,13,261,0,274,262,0,262,536
04/30/2009,CMA,CA,AWP,WE,Towers with Radar,0,8,51,0,59,0,2,237,0,239,0,10,288,0,298,266,0,266,564
05/01/2009,CMA,CA,AWP,WE,Towers with Radar,0,11,37,0,48,0,2,235,0,237,0,13,272,0,285,260,0,260,545
05/02/2009,CMA,CA,AWP,WE,Towers with Radar,0,5,39,0,44,0,0,68,0,68,0,5,107,0,112,136,0,136,248
05/03/2009,CMA,CA,AWP,WE,Towers with Radar,0,5,31,0,36,0,0,219,0,219,0,5,250,0,255,190,0,190,445
05/04/2009,CMA,CA,AWP,WE,Towers with Radar,0,6,22,0,28,0,4,137,0,141,0,10,159,0,169,186,0,186,355
05/05/2009,CMA,CA,AWP,WE,Towers with Radar,0,9,35,0,44,0,8,207,0,215,0,17,242,0,259,322,0,322,581
05/06/2009,CMA,CA,AWP,WE,Towers with Radar,0,7,32,0,39,0,4,198,0,202,0,11,230,0,241,354,0,354,595
05/07/2009,CMA,CA,AWP,WE,Towers with Radar,0,9,44,0,53,0,2,202,0,204,0,11,246,0,257,306,0,306,563
05/08/2009,CMA,CA,AWP,WE,Towers with Radar,0,11,48,0,59,0,4,250,0,254,0,15,298,0,313,314,0,314,627
05/09/2009,CMA,CA,AWP,WE,Towers with Radar,0,9,70,0,79,0,5,123,0,128,0,14,193,0,207,198,0,198,405
05/10/2009,CMA,CA,AWP,WE,Towers with Radar,0,9,41,0,50,0,0,47,0,47,0,9,88,0,97,58,0,58,155
05/11/2009,CMA,CA,AWP,WE,Towers with Radar,0,2,55,0,57,0,0,52,0,52,0,2,107,0,109,246,0,246,355
05/12/2009,CMA,CA,AWP,WE,Towers with Radar,0,17,51,0,68,0,6,142,0,148,0,23,193,0,216,248,0,248,464
05/13/2009,CMA,CA,AWP,WE,Towers with Radar,0,5,40,0,45,0,4,211,0,215,0,9,251,0,260,350,0,350,610
05/14/2009,CMA,CA,AWP,WE,Towers with Radar,0,6,42,0,48,0,1,229,0,230,0,7,271,0,278,204,0,204,482
05/15/2009,CMA,CA,AWP,WE,Towers with Radar,0,3,39,0,42,0,8,223,0,231,0,11,262,0,273,296,0,296,569
05/16/2009,CMA,CA,AWP,WE,Towers with Radar,0,7,62,1,70,0,1,147,1,149,0,8,209,2,219,80,0,80,299
05/17/2009,CMA,CA,AWP,WE,Towers with Radar,0,27,40,0,67,0,4,111,0,115,0,31,151,0,182,130,0,130,312
05/18/2009,CMA,CA,AWP,WE,Towers with Radar,0,6,62,0,68,0,2,54,0,56,0,8,116,0,124,112,0,112,236
05/19/2009,CMA,CA,AWP,WE,Towers with Radar,0,10,65,0,75,0,6,158,0,164,0,16,223,0,239,328,0,328,567
05/20/2009,CMA,CA,AWP,WE,Towers with Radar,0,6,44,0,50,0,11,232,0,243,0,17,276,0,293,308,0,308,601
05/21/2009,CMA,CA,AWP,WE,Towers with Radar,0,12,51,0,63,0,5,308,0,313,0,17,359,0,376,222,0,222,598
05/22/2009,CMA,CA,AWP,WE,Towers with Radar,0,8,77,0,85,0,3,157,0,160,0,11,234,0,245,236,0,236,481
05/23/2009,CMA,CA,AWP,WE,Towers with Radar,0,4,62,0,66,0,1,217,0,218,0,5,279,0,284,156,0,156,440
05/24/2009,CMA,CA,AWP,WE,Towers with Radar,0,4,39,1,44,0,8,168,0,176,0,12,207,1,220,166,0,166,386
05/25/2009,CMA,CA,AWP,WE,Towers with Radar,0,12,53,0,65,0,3,190,0,193,0,15,243,0,258,258,0,258,516
05/26/2009,CMA,CA,AWP,WE,Towers with Radar,0,11,60,0,71,0,12,142,0,154,0,23,202,0,225,382,0,382,607
05/27/2009,CMA,CA,AWP,WE,Towers with Radar,0,11,73,0,84,0,0,108,0,108,0,11,181,0,192,282,0,282,474
05/28/2009,CMA,CA,AWP,WE,Towers with Radar,0,11,79,0,90,0,2,155,0,157,0,13,234,0,247,290,0,290,537
05/29/2009,CMA,CA,AWP,WE,Towers with Radar,0,8,108,0,116,0,2,53,0,55,0,10,161,0,171,268,0,268,439
05/30/2009,CMA,CA,AWP,WE,Towers with Radar,0,5,52,0,57,0,0,75,0,75,0,5,127,0,132,242,0,242,374
05/31/2009,CMA,CA,AWP,WE,Towers with Radar,0,3,67,0,70,0,4,68,0,72,0,7,135,0,142,141,0,141,283
06/01/2009,CMA,CA,AWP,WE,Towers with Radar,0,6,63,0,69,0,1,58,0,59,0,7,121,0,128,148,0,148,276
06/02/2009,CMA,CA,AWP,WE,Towers with Radar,0,4,71,0,75,0,10,148,0,158,0,14,219,0,233,446,0,446,679
06/03/2009,CMA,CA,AWP,WE,Towers with Radar,0,3,71,0,74,0,1,72,0,73,0,4,143,0,147,203,0,203,350
06/04/2009,CMA,CA,AWP,WE,Towers with Radar,0,3,62,2,67,0,5,160,0,165,0,8,222,2,232,188,0,188,420
06/05/2009,CMA,CA,AWP,WE,Towers with Radar,0,3,63,0,66,0,3,57,0,60,0,6,120,0,126,153,0,153,279
06/06/2009,CMA,CA,AWP,WE,Towers with Radar,0,2,61,0,63,0,2,111,0,113,0,4,172,0,176,144,0,144,320
06/07/2009,CMA,CA,AWP,WE,Towers with Radar,0,9,43,0,52,0,1,189,0,190,0,10,232,0,242,168,0,168,410
06/08/2009,CMA,CA,AWP,WE,Towers with Radar,0,5,85,0,90,0,1,170,1,172,0,6,255,1,262,240,0,240,502
06/09/2009,CMA,CA,AWP,WE,Towers with Radar,0,7,94,0,101,0,8,135,0,143,0,15,229,0,244,200,0,200,444
06/10/2009,CMA,CA,AWP,WE,Towers with Radar,0,11,69,0,80,0,4,122,0,126,0,15,191,0,206,336,0,336,542
06/11/2009,CMA,CA,AWP,WE,Towers with Radar,0,5,67,0,72,0,4,157,0,161,0,9,224,0,233,284,0,284,517
06/12/2009,CMA,CA,AWP,WE,Towers with Radar,0,11,72,0,83,0,2,108,0,110,0,13,180,0,193,330,0,330,523
06/13/2009,CMA,CA,AWP,WE,Towers with Radar,0,3,56,0,59,0,2,171,0,173,0,5,227,0,232,314,0,314,546
06/14/2009,CMA,CA,AWP,WE,Towers with Radar,0,5,41,0,46,0,3,263,0,266,0,8,304,0,312,240,0,240,552
06/15/2009,CMA,CA,AWP,WE,Towers with Radar,0,6,35,0,41,0,6,156,0,162,0,12,191,0,203,182,0,182,385
06/16/2009,CMA,CA,AWP,WE,Towers with Radar,0,5,33,0,38,0,4,216,0,220,0,9,249,0,258,310,0,310,568
06/17/2009,CMA,CA,AWP,WE,Towers with Radar,0,2,56,0,58,0,5,165,0,170,0,7,221,0,228,289,0,289,517
06/18/2009,CMA,CA,AWP,WE,Towers with Radar,0,9,84,0,93,0,10,192,0,202,0,19,276,0,295,276,0,276,571
06/19/2009,CMA,CA,AWP,WE,Towers with Radar,0,14,77,0,91,0,7,122,0,129,0,21,199,0,220,182,0,182,402
06/20/2009,CMA,CA,AWP,WE,Towers with Radar,0,6,70,0,76,0,1,116,0,117,0,7,186,0,193,242,0,242,435
06/21/2009,CMA,CA,AWP,WE,Towers with Radar,0,8,37,0,45,0,0,208,0,208,0,8,245,0,253,198,0,198,451
06/22/2009,CMA,CA,AWP,WE,Towers with Radar,0,7,37,0,44,0,5,209,0,214,0,12,246,0,258,298,0,298,556
06/23/2009,CMA,CA,AWP,WE,Towers with Radar,0,4,63,0,67,0,12,157,0,169,0,16,220,0,236,386,0,386,622
06/24/2009,CMA,CA,AWP,WE,Towers with Radar,0,14,67,0,81,0,2,190,0,192,0,16,257,0,273,384,0,384,657
06/25/2009,CMA,CA,AWP,WE,Towers with Radar,0,9,57,0,66,0,5,106,0,111,0,14,163,0,177,280,0,280,457
06/26/2009,CMA,CA,AWP,WE,Towers with Radar,0,7,56,0,63,0,0,207,0,207,0,7,263,0,270,256,0,256,526
06/27/2009,CMA,CA,AWP,WE,Towers with Radar,0,8,31,0,39,0,1,292,0,293,0,9,323,0,332,200,0,200,532
06/28/2009,CMA,CA,AWP,WE,Towers with Radar,0,5,40,0,45,0,4,289,0,293,0,9,329,0,338,160,0,160,498
06/29/2009,CMA,CA,AWP,WE,Towers with Radar,0,7,44,1,52,0,0,182,0,182,0,7,226,1,234,290,0,290,524
06/30/2009,CMA,CA,AWP,WE,Towers with Radar,0,13,57,0,70,0,7,241,0,248,0,20,298,0,318,226,0,226,544
07/01/2009,CMA,CA,AWP,WE,Towers with Radar,0,12,53,0,65,0,5,169,0,174,0,17,222,0,239,216,0,216,455
07/02/2009,CMA,CA,AWP,WE,Towers with Radar,0,9,62,0,71,0,1,214,0,215,0,10,276,0,286,232,0,232,518
07/03/2009,CMA,CA,AWP,WE,Towers with Radar,0,8,43,0,51,0,2,204,0,206,0,10,247,0,257,196,0,196,453
07/04/2009,CMA,CA,AWP,WE,Towers with Radar,0,5,28,0,33,0,0,169,0,169,0,5,197,0,202,158,0,158,360
07/05/2009,CMA,CA,AWP,WE,Towers with Radar,0,6,29,0,35,0,4,221,0,225,0,10,250,0,260,58,0,58,318
07/06/2009,CMA,CA,AWP,WE,Towers with Radar,0,11,36,0,47,0,5,192,0,197,0,16,228,0,244,216,0,216,460
07/07/2009,CMA,CA,AWP,WE,Towers with Radar,0,7,32,1,40,0,2,199,1,202,0,9,231,2,242,207,0,207,449
07/08/2009,CMA,CA,AWP,WE,Towers with Radar,0,8,72,0,80,0,2,190,0,192,0,10,262,0,272,214,0,214,486
07/09/2009,CMA,CA,AWP,WE,Towers with Radar,0,11,53,0,64,0,3,239,0,242,0,14,292,0,306,287,0,287,593
07/10/2009,CMA,CA,AWP,WE,Towers with Radar,0,13,53,0,66,0,1,235,0,236,0,14,288,0,302,176,0,176,478
07/11/2009,CMA,CA,AWP,WE,Towers with Radar,0,5,29,0,34,0,1,319,0,320,0,6,348,0,354,128,0,128,482
07/12/2009,CMA,CA,AWP,WE,Towers with Radar,0,3,34,0,37,0,1,231,0,232,0,4,265,0,269,154,0,154,423
07/13/2009,CMA,CA,AWP,WE,Towers with Radar,0,5,33,0,38,0,6,207,0,213,0,11,240,0,251,324,0,324,575
07/14/2009,CMA,CA,AWP,WE,Towers with Radar,0,7,43,0,50,0,1,209,0,210,0,8,252,0,260,254,0,254,514
07/15/2009,CMA,CA,AWP,WE,Towers with Radar,0,9,50,0,59,0,0,196,0,196,0,9,246,0,255,294,0,294,549
07/16/2009,CMA,CA,AWP,WE,Towers with Radar,0,7,41,0,48,0,2,250,0,252,0,9,291,0,300,409,0,409,709
07/17/2009,CMA,CA,AWP,WE,Towers with Radar,0,10,40,0,50,0,0,198,1,199,0,10,238,1,249,252,0,252,501
07/18/2009,CMA,CA,AWP,WE,Towers with Radar,0,9,46,0,55,0,4,283,0,287,0,13,329,0,342,216,0,216,558
07/19/2009,CMA,CA,AWP,WE,Towers with Radar,0,3,26,0,29,0,2,219,0,221,0,5,245,0,250,162,0,162,412
07/20/2009,CMA,CA,AWP,WE,Towers with Radar,0,3,15,0,18,0,3,169,1,173,0,6,184,1,191,274,0,274,465
07/21/2009,CMA,CA,AWP,WE,Towers with Radar,0,4,29,0,33,0,11,265,0,276,0,15,294,0,309,354,0,354,663
07/22/2009,CMA,CA,AWP,WE,Towers with Radar,0,12,24,0,36,0,14,200,0,214,0,26,224,0,250,294,0,294,544
07/23/2009,CMA,CA,AWP,WE,Towers with Radar,0,6,64,0,70,0,1,227,0,228,0,7,291,0,298,342,0,342,640
07/24/2009,CMA,CA,AWP,WE,Towers with Radar,0,13,55,0,68,0,4,225,0,229,0,17,280,0,297,280,0,280,577
07/25/2009,CMA,CA,AWP,WE,Towers with Radar,0,7,27,0,34,0,4,272,0,276,0,11,299,0,310,176,0,176,486
07/26/2009,CMA,CA,AWP,WE,Towers with Radar,0,9,29,0,38,0,4,224,0,228,0,13,253,0,266,230,0,230,496
07/27/2009,CMA,CA,AWP,WE,Towers with Radar,0,5,45,0,50,0,4,178,0,182,0,9,223,0,232,316,0,316,548
07/28/2009,CMA,CA,AWP,WE,Towers with Radar,0,9,54,0,63,0,5,149,0,154,0,14,203,0,217,278,0,278,495
07/29/2009,CMA,CA,AWP,WE,Towers with Radar,0,13,63,0,76,0,11,139,0,150,0,24,202,0,226,224,0,224,450
07/30/2009,CMA,CA,AWP,WE,Towers with Radar,0,5,43,0,48,0,0,153,0,153,0,5,196,0,201,308,0,308,509
07/31/2009,CMA,CA,AWP,WE,Towers with Radar,0,7,53,0,60,0,1,164,0,165,0,8,217,0,225,168,0,168,393
08/01/2009,CMA,CA,AWP,WE,Towers with Radar,0,8,48,0,56,0,1,169,0,170,0,9,217,0,226,176,0,176,402
08/02/2009,CMA,CA,AWP,WE,Towers with Radar,0,9,51,0,60,0,1,175,0,176,0,10,226,0,236,126,0,126,362
08/03/2009,CMA,CA,AWP,WE,Towers with Radar,0,6,21,1,28,0,4,151,0,155,0,10,172,1,183,204,0,204,387
08/04/2009,CMA,CA,AWP,WE,Towers with Radar,0,4,32,0,36,0,11,212,0,223,0,15,244,0,259,224,0,224,483
08/05/2009,CMA,CA,AWP,WE,Towers with Radar,0,9,25,0,34,0,2,197,0,199,0,11,222,0,233,254,0,254,487
08/06/2009,CMA,CA,AWP,WE,Towers with Radar,0,6,44,0,50,0,3,204,0,207,0,9,248,0,257,243,0,243,500
08/07/2009,CMA,CA,AWP,WE,Towers with Radar,0,7,49,0,56,0,6,184,0,190,0,13,233,0,246,239,0,239,485
08/08/2009,CMA,CA,AWP,WE,Towers with Radar,0,3,29,0,32,0,2,265,0,267,0,5,294,0,299,190,0,190,489
08/09/2009,CMA,CA,AWP,WE,Towers with Radar,0,5,24,0,29,0,1,193,0,194,0,6,217,0,223,82,0,82,305
08/10/2009,CMA,CA,AWP,WE,Towers with Radar,0,4,44,0,48,0,3,123,0,126,0,7,167,0,174,210,0,210,384
08/11/2009,CMA,CA,AWP,WE,Towers with Radar,0,8,67,0,75,0,4,101,0,105,0,12,168,0,180,218,0,218,398
08/12/2009,CMA,CA,AWP,WE,Towers with Radar,0,11,49,0,60,0,8,152,0,160,0,19,201,0,220,164,0,164,384
08/13/2009,CMA,CA,AWP,WE,Towers with Radar,0,3,63,0,66,0,3,131,0,134,0,6,194,0,200,237,0,237,437
08/14/2009,CMA,CA,AWP,WE,Towers with Radar,0,7,67,0,74,0,4,160,0,164,0,11,227,0,238,246,0,246,484
08/15/2009,CMA,CA,AWP,WE,Towers with Radar,0,5,44,0,49,0,2,170,0,172,0,7,214,0,221,186,0,186,407
08/16/2009,CMA,CA,AWP,WE,Towers with Radar,0,8,70,0,78,0,1,131,0,132,0,9,201,0,210,85,0,85,295
08/17/2009,CMA,CA,AWP,WE,Towers with Radar,0,7,61,0,68,0,2,54,0,56,0,9,115,0,124,98,0,98,222
08/18/2009,CMA,CA,AWP,WE,Towers with Radar,0,8,37,0,45,0,2,110,2,114,0,10,147,2,159,202,0,202,361
08/19/2009,CMA,CA,AWP,WE,Towers with Radar,0,4,56,0,60,0,1,100,0,101,0,5,156,0,161,168,0,168,329
08/20/2009,CMA,CA,AWP,WE,Towers with Radar,0,14,50,0,64,0,0,145,0,145,0,14,195,0,209,153,0,153,362
08/21/2009,CMA,CA,AWP,WE,Towers with Radar,0,15,32,5,52,0,3,208,0,211,0,18,240,5,263,240,0,240,503
08/22/2009,CMA,CA,AWP,WE,Towers with Radar,0,5,25,0,30,0,1,180,0,181,0,6,205,0,211,70,0,70,281
08/23/2009,CMA,CA,AWP,WE,Towers with Radar,0,11,30,0,41,0,6,195,0,201,0,17,225,0,242,132,0,132,374
08/24/2009,CMA,CA,AWP,WE,Towers with Radar,0,3,37,1,41,0,4,157,0,161,0,7,194,1,202,202,0,202,404
08/25/2009,CMA,CA,AWP,WE,Towers with Radar,0,8,25,0,33,0,9,196,0,205,0,17,221,0,238,238,0,238,476
08/26/2009,CMA,CA,AWP,WE,Towers with Radar,0,8,31,0,39,0,3,300,0,303,0,11,331,0,342,284,0,284,626
08/27/2009,CMA,CA,AWP,WE,Towers with Radar,0,4,41,0,45,0,3,191,0,194,0,7,232,0,239,327,0,327,566
08/28/2009,CMA,CA,AWP,WE,Towers with Radar,0,11,19,0,30,0,10,205,0,215,0,21,224,0,245,306,0,306,551
08/29/2009,CMA,CA,AWP,WE,Towers with Radar,0,6,29,0,35,0,4,263,0,267,0,10,292,0,302,250,0,250,552
08/30/2009,CMA,CA,AWP,WE,Towers with Radar,0,14,26,0,40,0,1,262,0,263,0,15,288,0,303,247,0,247,550
08/31/2009,CMA,CA,AWP,WE,Towers with Radar,0,17,34,0,51,0,6,183,1,190,0,23,217,1,241,291,2,293,534
09/01/2009,CMA,CA,AWP,WE,Towers with Radar,0,8,26,0,34,0,8,155,0,163,0,16,181,0,197,248,0,248,445
09/02/2009,CMA,CA,AWP,WE,Towers with Radar,0,10,18,0,28,0,4,172,0,176,0,14,190,0,204,266,0,266,470
09/03/2009,CMA,CA,AWP,WE,Towers with Radar,0,5,24,0,29,0,5,194,0,199,0,10,218,0,228,280,0,280,508
09/04/2009,CMA,CA,AWP,WE,Towers with Radar,0,1,43,0,44,0,2,240,0,242,0,3,283,0,286,267,0,267,553
09/05/2009,CMA,CA,AWP,WE,Towers with Radar,0,7,28,0,35,0,0,209,0,209,0,7,237,0,244,291,0,291,535
09/06/2009,CMA,CA,AWP,WE,Towers with Radar,0,5,15,0,20,0,2,210,0,212,0,7,225,0,232,204,0,204,436
09/07/2009,CMA,CA,AWP,WE,Towers with Radar,0,13,35,0,48,0,2,294,0,296,0,15,329,0,344,132,0,132,476
09/08/2009,CMA,CA,AWP,WE,Towers with Radar,0,2,37,0,39,0,14,162,0,176,0,16,199,0,215,194,0,194,409
09/09/2009,CMA,CA,AWP,WE,Towers with Radar,0,9,50,0,59,0,7,183,0,190,0,16,233,0,249,310,1,311,560
09/10/2009,CMA,CA,AWP,WE,Towers with Radar,0,15,30,0,45,0,5,206,0,211,0,20,236,0,256,370,0,370,626
09/11/2009,CMA,CA,AWP,WE,Towers with Radar,0,7,49,0,56,0,4,237,0,241,0,11,286,0,297,437,0,437,734
09/12/2009,CMA,CA,AWP,WE,Towers with Radar,0,7,74,0,81,0,0,170,0,170,0,7,244,0,251,270,0,270,521
09/13/2009,CMA,CA,AWP,WE,Towers with Radar,0,18,49,0,67,0,5,125,0,130,0,23,174,0,197,97,0,97,294
09/14/2009,CMA,CA,AWP,WE,Towers with Radar,0,7,34,0,41,0,4,59,0,63,0,11,93,0,104,219,0,219,323
09/15/2009,CMA,CA,AWP,WE,Towers with Radar,0,3,32,0,35,0,5,199,0,204,0,8,231,0,239,375,0,375,614
09/16/2009,CMA,CA,AWP,WE,Towers with Radar,0,7,50,0,57,0,4,237,0,241,0,11,287,0,298,254,0,254,552
09/17/2009,CMA,CA,AWP,WE,Towers with Radar,0,8,28,0,36,0,4,210,0,214,0,12,238,0,250,321,0,321,571
09/18/2009,CMA,CA,AWP,WE,Towers with Radar,0,13,45,0,58,0,2,189,0,191,0,15,234,0,249,208,0,208,457
09/19/2009,CMA,CA,AWP,WE,Towers with Radar,0,3,54,0,57,0,0,140,0,140,0,3,194,0,197,139,0,139,336
09/20/2009,CMA,CA,AWP,WE,Towers with Radar,0,8,54,0,62,0,5,158,0,163,0,13,212,0,225,164,0,164,389
09/21/2009,CMA,CA,AWP,WE,Towers with Radar,0,8,44,0,52,0,1,80,0,81,0,9,124,0,133,181,0,181,314
09/22/2009,CMA,CA,AWP,WE,Towers with Radar,0,5,34,0,39,0,1,145,0,146,0,6,179,0,185,347,0,347,532
09/23/2009,CMA,CA,AWP,WE,Towers with Radar,0,12,23,0,35,0,10,190,0,200,0,22,213,0,235,247,0,247,482
09/24/2009,CMA,CA,AWP,WE,Towers with Radar,0,11,37,0,48,0,5,234,0,239,0,16,271,0,287,390,0,390,677
09/25/2009,CMA,CA,AWP,WE,Towers with Radar,0,17,43,0,60,0,3,211,0,214,0,20,254,0,274,188,0,188,462
09/26/2009,CMA,CA,AWP,WE,Towers with Radar,0,7,40,0,47,0,0,256,0,256,0,7,296,0,303,297,0,297,600
09/27/2009,CMA,CA,AWP,WE,Towers with Radar,0,4,29,0,33,0,0,131,0,131,0,4,160,0,164,184,0,184,348
09/28/2009,CMA,CA,AWP,WE,Towers with Radar,0,13,53,0,66,0,6,94,1,101,0,19,147,1,167,272,0,272,439
09/29/2009,CMA,CA,AWP,WE,Towers with Radar,0,8,48,0,56,0,7,152,0,159,0,15,200,0,215,439,0,439,654
09/30/2009,CMA,CA,AWP,WE,Towers with Radar,0,7,38,0,45,0,4,203,0,207,0,11,241,0,252,281,0,281,533
10/01/2009,CMA,CA,AWP,WE,Towers with Radar,0,11,35,0,46,0,6,103,0,109,0,17,138,0,155,162,0,162,317
10/02/2009,CMA,CA,AWP,WE,Towers with Radar,0,10,47,0,57,0,7,280,0,287,0,17,327,0,344,347,0,347,691
10/03/2009,CMA,CA,AWP,WE,Towers with Radar,0,6,43,0,49,0,0,287,0,287,0,6,330,0,336,236,0,236,572
10/04/2009,CMA,CA,AWP,WE,Towers with Radar,0,5,35,0,40,0,5,155,0,160,0,10,190,0,200,93,0,93,293
10/05/2009,CMA,CA,AWP,WE,Towers with Radar,0,7,30,0,37,0,8,136,0,144,0,15,166,0,181,238,0,238,419
10/06/2009,CMA,CA,AWP,WE,Towers with Radar,0,9,36,0,45,0,4,191,0,195,0,13,227,0,240,362,0,362,602
10/07/2009,CMA,CA,AWP,WE,Towers with Radar,0,9,32,0,41,0,1,130,0,131,0,10,162,0,172,254,0,254,426
10/08/2009,CMA,CA,AWP,WE,Towers with Radar,0,6,49,0,55,0,5,142,0,147,0,11,191,0,202,251,0,251,453
10/09/2009,CMA,CA,AWP,WE,Towers with Radar,0,11,42,0,53,0,4,164,0,168,0,15,206,0,221,251,0,251,472
10/10/2009,CMA,CA,AWP,WE,Towers with Radar,0,10,44,0,54,0,2,133,0,135,0,12,177,0,189,189,0,189,378
10/11/2009,CMA,CA,AWP,WE,Towers with Radar,0,8,65,0,73,0,2,98,0,100,0,10,163,0,173,232,0,232,405
10/12/2009,CMA,CA,AWP,WE,Towers with Radar,0,7,55,0,62,0,9,58,0,67,0,16,113,0,129,306,0,306,435
10/13/2009,CMA,CA,AWP,WE,Towers with Radar,0,6,33,0,39,0,2,17,0,19,0,8,50,0,58,80,0,80,138
10/14/2009,CMA,CA,AWP,WE,Towers with Radar,0,9,38,0,47,0,0,6,0,6,0,9,44,0,53,34,0,34,87
10/15/2009,CMA,CA,AWP,WE,Towers with Radar,0,19,44,1,64,0,4,153,0,157,0,23,197,1,221,275,0,275,496
10/16/2009,CMA,CA,AWP,WE,Towers with Radar,0,9,21,0,30,0,11,207,0,218,0,20,228,0,248,182,0,182,430
10/17/2009,CMA,CA,AWP,WE,Towers with Radar,0,2,20,0,22,0,3,271,0,274,0,5,291,0,296,287,0,287,583
10/18/2009,CMA,CA,AWP,WE,Towers with Radar,0,7,86,0,93,0,26,31,0,57,0,33,117,0,150,15,0,15,165
10/19/2009,CMA,CA,AWP,WE,Towers with Radar,0,13,37,1,51,0,6,55,0,61,0,19,92,1,112,335,0,335,447
10/20/2009,CMA,CA,AWP,WE,Towers with Radar,0,7,29,1,37,0,6,155,0,161,0,13,184,1,198,301,0,301,499
10/21/2009,CMA,CA,AWP,WE,Towers with Radar,0,8,30,0,38,0,12,214,1,227,0,20,244,1,265,298,0,298,563
10/22/2009,CMA,CA,AWP,WE,Towers with Radar,0,11,45,0,56,0,10,215,0,225,0,21,260,0,281,347,0,347,628
10/23/2009,CMA,CA,AWP,WE,Towers with Radar,0,9,39,1,49,0,4,232,0,236,0,13,271,1,285,320,0,320,605
10/24/2009,CMA,CA,AWP,WE,Towers with Radar,0,6,45,0,51,0,0,273,0,273,0,6,318,0,324,148,0,148,472
10/25/2009,CMA,CA,AWP,WE,Towers with Radar,0,9,26,0,35,0,1,133,0,134,0,10,159,0,169,124,0,124,293
10/26/2009,CMA,CA,AWP,WE,Towers with Radar,0,5,47,0,52,0,2,118,0,120,0,7,165,0,172,229,0,229,401
10/27/2009,CMA,CA,AWP,WE,Towers with Radar,0,5,31,0,36,0,6,98,0,104,0,11,129,0,140,241,0,241,381
10/28/2009,CMA,CA,AWP,WE,Towers with Radar,0,4,15,0,19,0,10,118,0,128,0,14,133,0,147,223,0,223,370
10/29/2009,CMA,CA,AWP,WE,Towers with Radar,0,3,42,0,45,0,4,191,0,195,0,7,233,0,240,341,0,341,581
10/30/2009,CMA,CA,AWP,WE,Towers with Radar,0,7,44,0,51,0,6,214,0,220,0,13,258,0,271,301,0,301,572
10/31/2009,CMA,CA,AWP,WE,Towers with Radar,0,2,37,0,39,0,2,283,0,285,0,4,320,0,324,223,0,223,547
11/01/2009,CMA,CA,AWP,WE,Towers with Radar,0,5,34,0,39,0,4,256,0,260,0,9,290,0,299,220,0,220,519
11/02/2009,CMA,CA,AWP,WE,Towers with Radar,0,8,35,0,43,0,4,154,0,158,0,12,189,0,201,262,0,262,463
11/03/2009,CMA,CA,AWP,WE,Towers with Radar,0,5,43,0,48,0,4,168,0,172,0,9,211,0,220,268,0,268,488
11/04/2009,CMA,CA,AWP,WE,Towers with Radar,0,17,47,0,64,0,2,180,0,182,0,19,227,0,246,396,0,396,642
11/05/2009,CMA,CA,AWP,WE,Towers with Radar,0,6,48,0,54,0,5,159,0,164,0,11,207,0,218,329,0,329,547
11/06/2009,CMA,CA,AWP,WE,Towers with Radar,0,8,55,1,64,0,5,180,0,185,0,13,235,1,249,293,0,293,542
11/07/2009,CMA,CA,AWP,WE,Towers with Radar,0,2,47,0,49,0,4,232,0,236,0,6,279,0,285,300,0,300,585
11/08/2009,CMA,CA,AWP,WE,Towers with Radar,0,3,40,0,43,0,3,238,0,241,0,6,278,0,284,224,0,224,508
11/09/2009,CMA,CA,AWP,WE,Towers with Radar,0,4,25,0,29,0,1,163,0,164,0,5,188,0,193,344,0,344,537
11/10/2009,CMA,CA,AWP,WE,Towers with Radar,0,8,25,0,33,0,9,185,0,194,0,17,210,0,227,291,0,291,518
11/11/2009,CMA,CA,AWP,WE,Towers with Radar,0,10,34,0,44,0,2,216,0,218,0,12,250,0,262,304,0,304,566
11/12/2009,CMA,CA,AWP,WE,Towers with Radar,0,6,47,0,53,0,4,155,0,159,0,10,202,0,212,393,0,393,605
11/13/2009,CMA,CA,AWP,WE,Towers with Radar,0,14,39,0,53,0,9,166,0,175,0,23,205,0,228,354,0,354,582
11/14/2009,CMA,CA,AWP,WE,Towers with Radar,0,5,24,0,29,0,3,278,0,281,0,8,302,0,310,203,0,203,513
11/15/2009,CMA,CA,AWP,WE,Towers with Radar,0,6,17,0,23,0,0,140,0,140,0,6,157,0,163,23,0,23,186
11/16/2009,CMA,CA,AWP,WE,Towers with Radar,0,17,28,0,45,0,4,143,0,147,0,21,171,0,192,326,0,326,518
11/17/2009,CMA,CA,AWP,WE,Towers with Radar,0,9,46,0,55,0,7,216,0,223,0,16,262,0,278,293,0,293,571
11/18/2009,CMA,CA,AWP,WE,Towers with Radar,0,7,38,0,45,0,3,188,0,191,0,10,226,0,236,287,0,287,523
11/19/2009,CMA,CA,AWP,WE,Towers with Radar,0,8,30,0,38,0,3,180,0,183,0,11,210,0,221,254,0,254,475
11/20/2009,CMA,CA,AWP,WE,Towers with Radar,0,13,69,0,82,0,6,203,0,209,0,19,272,0,291,223,0,223,514
11/21/2009,CMA,CA,AWP,WE,Towers with Radar,0,5,34,0,39,0,3,213,0,216,0,8,247,0,255,288,0,288,543
11/22/2009,CMA,CA,AWP,WE,Towers with Radar,0,5,22,0,27,0,3,236,0,239,0,8,258,0,266,184,0,184,450
11/23/2009,CMA,CA,AWP,WE,Towers with Radar,0,7,19,0,26,0,5,109,0,114,0,12,128,0,140,221,0,221,361
11/24/2009,CMA,CA,AWP,WE,Towers with Radar,0,9,33,0,42,0,8,67,0,75,0,17,100,0,117,77,0,77,194
11/25/2009,CMA,CA,AWP,WE,Towers with Radar,0,7,23,0,30,0,2,123,0,125,0,9,146,0,155,33,0,33,188
11/26/2009,CMA,CA,AWP,WE,Towers with Radar,0,3,13,0,16,0,1,81,0,82,0,4,94,0,98,57,0,57,155
11/27/2009,CMA,CA,AWP,WE,Towers with Radar,0,3,40,0,43,0,4,252,0,256,0,7,292,0,299,280,0,280,579
11/28/2009,CMA,CA,AWP,WE,Towers with Radar,0,9,30,0,39,0,6,153,0,159,0,15,183,0,198,240,0,240,438
11/29/2009,CMA,CA,AWP,WE,Towers with Radar,0,4,27,0,31,0,7,165,0,172,0,11,192,0,203,280,0,280,483
11/30/2009,CMA,CA,AWP,WE,Towers with Radar,0,10,30,0,40,0,2,110,0,112,0,12,140,0,152,247,0,247,399
12/01/2009,CMA,CA,AWP,WE,Towers with Radar,0,12,43,0,55,0,5,133,0,138,0,17,176,0,193,208,0,208,401
12/02/2009,CMA,CA,AWP,WE,Towers with Radar,0,10,51,0,61,0,4,104,0,108,0,14,155,0,169,205,0,205,374
12/03/2009,CMA,CA,AWP,WE,Towers with Radar,0,12,48,0,60,0,9,177,0,186,0,21,225,0,246,184,0,184,430
12/04/2009,CMA,CA,AWP,WE,Towers with Radar,0,8,45,0,53,0,1,198,0,199,0,9,243,0,252,286,0,286,538
12/05/2009,CMA,CA,AWP,WE,Towers with Radar,0,3,74,0,77,0,1,150,0,151,0,4,224,0,228,323,0,323,551
12/06/2009,CMA,CA,AWP,WE,Towers with Radar,0,7,40,0,47,0,12,137,0,149,0,19,177,0,196,244,0,244,440
12/07/2009,CMA,CA,AWP,WE,Towers with Radar,0,5,13,0,18,0,0,1,0,1,0,5,14,0,19,0,0,0,19
12/08/2009,CMA,CA,AWP,WE,Towers with Radar,0,8,36,0,44,0,12,149,0,161,0,20,185,0,205,243,0,243,448
12/09/2009,CMA,CA,AWP,WE,Towers with Radar,0,17,27,0,44,0,7,200,0,207,0,24,227,0,251,238,0,238,489
12/10/2009,CMA,CA,AWP,WE,Towers with Radar,0,5,41,1,47,0,4,116,1,121,0,9,157,2,168,207,0,207,375
12/11/2009,CMA,CA,AWP,WE,Towers with Radar,0,7,28,0,35,0,1,20,0,21,0,8,48,0,56,65,0,65,121
12/12/2009,CMA,CA,AWP,WE,Towers with Radar,0,3,24,0,27,0,0,0,0,0,0,3,24,0,27,0,0,0,27
12/13/2009,CMA,CA,AWP,WE,Towers with Radar,0,6,41,0,47,0,7,88,0,95,0,13,129,0,142,181,0,181,323
12/14/2009,CMA,CA,AWP,WE,Towers with Radar,0,7,40,0,47,0,1,136,0,137,0,8,176,0,184,220,0,220,404
12/15/2009,CMA,CA,AWP,WE,Towers with Radar,0,5,35,0,40,0,6,168,0,174,0,11,203,0,214,163,0,163,377
12/16/2009,CMA,CA,AWP,WE,Towers with Radar,0,5,44,0,49,0,5,182,0,187,0,10,226,0,236,216,0,216,452
12/17/2009,CMA,CA,AWP,WE,Towers with Radar,0,6,46,0,52,0,5,134,0,139,0,11,180,0,191,267,0,267,458
12/18/2009,CMA,CA,AWP,WE,Towers with Radar,0,9,35,0,44,0,4,170,0,174,0,13,205,0,218,236,0,236,454
12/19/2009,CMA,CA,AWP,WE,Towers with Radar,0,7,23,0,30,0,0,144,0,144,0,7,167,0,174,92,0,92,266
12/20/2009,CMA,CA,AWP,WE,Towers with Radar,0,3,42,0,45,0,8,218,0,226,0,11,260,0,271,164,0,164,435
12/21/2009,CMA,CA,AWP,WE,Towers with Radar,0,8,30,0,38,0,4,123,0,127,0,12,153,0,165,270,0,270,435
12/22/2009,CMA,CA,AWP,WE,Towers with Radar,0,10,30,0,40,0,7,58,0,65,0,17,88,0,105,246,0,246,351
12/23/2009,CMA,CA,AWP,WE,Towers with Radar,0,5,23,0,28,0,7,192,0,199,0,12,215,0,227,277,0,277,504
12/24/2009,CMA,CA,AWP,WE,Towers with Radar,0,6,34,0,40,0,4,158,0,162,0,10,192,0,202,250,0,250,452
12/25/2009,CMA,CA,AWP,WE,Towers with Radar,0,6,10,0,16,0,1,61,0,62,0,7,71,0,78,88,0,88,166
12/26/2009,CMA,CA,AWP,WE,Towers with Radar,0,2,39,0,41,0,1,186,0,187,0,3,225,0,228,245,0,245,473
12/27/2009,CMA,CA,AWP,WE,Towers with Radar,0,4,19,0,23,0,1,163,0,164,0,5,182,0,187,142,0,142,329
12/28/2009,CMA,CA,AWP,WE,Towers with Radar,0,4,28,0,32,0,1,116,0,117,0,5,144,0,149,234,0,234,383
12/29/2009,CMA,CA,AWP,WE,Towers with Radar,0,6,28,0,34,0,5,208,0,213,0,11,236,0,247,305,0,305,552
12/30/2009,CMA,CA,AWP,WE,Towers with Radar,0,9,35,0,44,0,1,8,0,9,0,10,43,0,53,53,0,53,106
12/31/2009,CMA,CA,AWP,WE,Towers with Radar,0,4,34,0,38,0,4,161,0,165,0,8,195,0,203,102,0,102,305
01/01/2010,CMA,CA,AWP,WE,Towers with Radar,0,9,12,0,21,0,1,112,0,113,0,10,124,0,134,151,0,151,285
01/02/2010,CMA,CA,AWP,WE,Towers with Radar,0,10,34,0,44,0,1,207,0,208,0,11,241,0,252,146,0,146,398
01/03/2010,CMA,CA,AWP,WE,Towers with Radar,0,12,23,0,35,0,0,238,0,238,0,12,261,0,273,95,0,95,368
01/04/2010,CMA,CA,AWP,WE,Towers with Radar,0,2,15,0,17,0,3,97,0,100,0,5,112,0,117,157,0,157,274
01/05/2010,CMA,CA,AWP,WE,Towers with Radar,0,4,24,0,28,0,4,169,0,173,0,8,193,0,201,264,0,264,465
01/06/2010,CMA,CA,AWP,WE,Towers with Radar,0,13,39,0,52,0,4,198,0,202,0,17,237,0,254,317,0,317,571
01/07/2010,CMA,CA,AWP,WE,Towers with Radar,0,8,53,0,61,0,2,158,0,160,0,10,211,0,221,244,0,244,465
01/08/2010,CMA,CA,AWP,WE,Towers with Radar,0,5,42,0,47,0,3,261,0,264,0,8,303,0,311,206,0,206,517
01/09/2010,CMA,CA,AWP,WE,Towers with Radar,0,17,29,0,46,0,1,231,0,232,0,18,260,0,278,143,0,143,421
01/10/2010,CMA,CA,AWP,WE,Towers with Radar,0,7,41,0,48,0,3,273,0,276,0,10,314,0,324,148,0,148,472
01/11/2010,CMA,CA,AWP,WE,Towers with Radar,0,5,29,0,34,0,4,140,0,144,0,9,169,0,178,359,0,359,537
01/12/2010,CMA,CA,AWP,WE,Towers with Radar,0,4,47,0,51,0,3,125,0,128,0,7,172,0,179,278,0,278,457
01/13/2010,CMA,CA,AWP,WE,Towers with Radar,0,5,27,0,32,0,3,76,0,79,0,8,103,0,111,155,0,155,266
01/14/2010,CMA,CA,AWP,WE,Towers with Radar,0,0,37,0,37,0,4,145,0,149,0,4,182,0,186,183,0,183,369
01/15/2010,CMA,CA,AWP,WE,Towers with Radar,0,7,31,0,38,0,7,160,0,167,0,14,191,0,205,303,0,303,508
01/16/2010,CMA,CA,AWP,WE,Towers with Radar,0,1,41,0,42,0,6,331,0,337,0,7,372,0,379,136,0,136,515
01/17/2010,CMA,CA,AWP,WE,Towers with Radar,0,6,49,0,55,0,3,63,0,66,0,9,112,0,121,174,0,174,295
01/18/2010,CMA,CA,AWP,WE,Towers with Radar,0,6,14,0,20,0,0,21,0,21,0,6,35,0,41,73,0,73,114
01/19/2010,CMA,CA,AWP,WE,Towers with Radar,0,5,24,0,29,0,1,8,0,9,0,6,32,0,38,84,0,84,122
01/20/2010,CMA,CA,AWP,WE,Towers with Radar,0,5,15,0,20,0,0,4,0,4,0,5,19,0,24,10,0,10,34
01/21/2010,CMA,CA,AWP,WE,Towers with Radar,0,1,20,0,21,0,0,8,0,8,0,1,28,0,29,8,0,8,37
01/22/2010,CMA,CA,AWP,WE,Towers with Radar,0,7,23,0,30,0,1,12,0,13,0,8,35,0,43,52,0,52,95
01/23/2010,CMA,CA,AWP,WE,Towers with Radar,0,4,58,0,62,0,1,305,0,306,0,5,363,0,368,279,0,279,647
01/24/2010,CMA,CA,AWP,WE,Towers with Radar,0,4,31,0,35,0,0,316,0,316,0,4,347,0,351,237,0,237,588
01/25/2010,CMA,CA,AWP,WE,Towers with Radar,0,4,28,0,32,0,3,129,0,132,0,7,157,0,164,205,0,205,369
01/26/2010,CMA,CA,AWP,WE,Towers with Radar,0,5,42,0,47,0,1,32,0,33,0,6,74,0,80,210,0,210,290
01/27/2010,CMA,CA,AWP,WE,Towers with Radar,0,4,33,0,37,0,5,137,0,142,0,9,170,0,179,269,0,269,448
01/28/2010,CMA,CA,AWP,WE,Towers with Radar,0,6,42,0,48,0,0,182,0,182,0,6,224,0,230,310,0,310,540
01/29/2010,CMA,CA,AWP,WE,Towers with Radar,0,11,59,0,70,0,2,231,0,233,0,13,290,0,303,245,0,245,548
01/30/2010,CMA,CA,AWP,WE,Towers with Radar,0,5,54,0,59,0,0,210,0,210,0,5,264,0,269,331,0,331,600
01/31/2010,CMA,CA,AWP,WE,Towers with Radar,0,7,24,0,31,0,8,230,0,238,0,15,254,0,269,178,0,178,447
02/01/2010,CMA,CA,AWP,WE,Towers with Radar,0,8,25,0,33,0,1,153,0,154,0,9,178,0,187,266,0,266,453
02/02/2010,CMA,CA,AWP,WE,Towers with Radar,0,7,45,0,52,0,5,132,0,137,0,12,177,0,189,155,0,155,344
02/03/2010,CMA,CA,AWP,WE,Towers with Radar,0,13,38,0,51,0,1,132,0,133,0,14,170,0,184,233,0,233,417
02/04/2010,CMA,CA,AWP,WE,Towers with Radar,0,13,70,1,84,0,1,77,0,78,0,14,147,1,162,246,0,246,408
02/05/2010,CMA,CA,AWP,WE,Towers with Radar,0,5,26,0,31,0,0,3,0,3,0,5,29,0,34,20,0,20,54
02/06/2010,CMA,CA,AWP,WE,Towers with Radar,0,4,33,0,37,0,0,22,0,22,0,4,55,0,59,152,0,152,211
02/07/2010,CMA,CA,AWP,WE,Towers with Radar,0,6,31,0,37,0,3,173,0,176,0,9,204,0,213,105,0,105,318
02/08/2010,CMA,CA,AWP,WE,Towers with Radar,0,10,45,0,55,0,4,180,0,184,0,14,225,0,239,334,0,334,573
02/09/2010,CMA,CA,AWP,WE,Towers with Radar,0,3,26,0,29,0,3,41,0,44,0,6,67,0,73,112,0,112,185
02/10/2010,CMA,CA,AWP,WE,Towers with Radar,0,10,31,0,41,0,8,129,0,137,0,18,160,0,178,322,0,322,500
02/11/2010,CMA,CA,AWP,WE,Towers with Radar,0,11,47,0,58,0,2,168,1,171,0,13,215,1,229,244,0,244,473
02/12/2010,CMA,CA,AWP,WE,Towers with Radar,0,11,41,1,53,0,3,224,1,228,0,14,265,2,281,363,0,363,644
02/13/2010,CMA,CA,AWP,WE,Towers with Radar,0,2,24,0,26,0,3,354,0,357,0,5,378,0,383,216,0,216,599
02/14/2010,CMA,CA,AWP,WE,Towers with Radar,0,0,18,0,18,0,4,232,0,236,0,4,250,0,254,138,0,138,392
02/15/2010,CMA,CA,AWP,WE,Towers with Radar,0,15,23,0,38,0,4,263,0,267,0,19,286,0,305,217,0,217,522
02/16/2010,CMA,CA,AWP,WE,Towers with Radar,0,9,30,0,39,0,6,174,0,180,0,15,204,0,219,339,0,339,558
02/17/2010,CMA,CA,AWP,WE,Towers with Radar,0,8,34,0,42,0,5,239,0,244,0,13,273,0,286,318,0,318,604
02/18/2010,CMA,CA,AWP,WE,Towers with Radar,0,10,53,0,63,0,4,85,0,89,0,14,138,0,152,205,0,205,357
02/19/2010,CMA,CA,AWP,WE,Towers with Radar,0,9,47,0,56,0,4,91,0,95,0,13,138,0,151,328,0,328,479
02/20/2010,CMA,CA,AWP,WE,Towers with Radar,0,6,59,0,65,0,3,174,0,177,0,9,233,0,242,225,0,225,467
02/21/2010,CMA,CA,AWP,WE,Towers with Radar,0,15,43,0,58,0,0,50,0,50,0,15,93,0,108,149,0,149,257
02/22/2010,CMA,CA,AWP,WE,Towers with Radar,0,3,34,1,38,0,6,99,0,105,0,9,133,1,143,234,0,234,377
02/23/2010,CMA,CA,AWP,WE,Towers with Radar,0,4,49,0,53,0,7,223,0,230,0,11,272,0,283,225,0,225,508
02/24/2010,CMA,CA,AWP,WE,Towers with Radar,0,8,53,0,61,0,0,9,0,9,0,8,62,0,70,86,0,86,156
02/25/2010,CMA,CA,AWP,WE,Towers with Radar,0,12,50,0,62,0,8,192,0,200,0,20,242,0,262,323,0,323,585
02/26/2010,CMA,CA,AWP,WE,Towers with Radar,0,8,29,0,37,0,4,224,0,228,0,12,253,0,265,274,0,274,539
02/27/2010,CMA,CA,AWP,WE,Towers with Radar,0,1,22,0,23,0,0,6,0,6,0,1,28,0,29,54,0,54,83
02/28/2010,CMA,CA,AWP,WE,Towers with Radar,0,8,43,0,51,0,4,336,0,340,0,12,379,0,391,244,0,244,635
03/01/2010,CMA,CA,AWP,WE,Towers with Radar,0,13,28,1,42,0,4,158,0,162,0,17,186,1,204,364,0,364,568
03/02/2010,CMA,CA,AWP,WE,Towers with Radar,0,10,43,0,53,0,4,69,0,73,0,14,112,0,126,327,0,327,453
03/03/2010,CMA,CA,AWP,WE,Towers with Radar,0,6,48,0,54,0,0,117,1,118,0,6,165,1,172,292,0,292,464
03/04/2010,CMA,CA,AWP,WE,Towers with Radar,0,6,65,0,71,0,0,203,0,203,0,6,268,0,274,244,0,244,518
03/05/2010,CMA,CA,AWP,WE,Towers with Radar,0,7,38,0,45,0,0,220,0,220,0,7,258,0,265,252,0,252,517
03/06/2010,CMA,CA,AWP,WE,Towers with Radar,0,11,44,0,55,0,0,82,0,82,0,11,126,0,137,234,0,234,371
03/07/2010,CMA,CA,AWP,WE,Towers with Radar,0,6,37,0,43,0,5,159,0,164,0,11,196,0,207,154,0,154,361
03/08/2010,CMA,CA,AWP,WE,Towers with Radar,0,6,36,0,42,0,0,65,0,65,0,6,101,0,107,377,0,377,484
03/09/2010,CMA,CA,AWP,WE,Towers with Radar,0,3,9,0,12,0,2,96,0,98,0,5,105,0,110,149,0,149,259
03/10/2010,CMA,CA,AWP,WE,Towers with Radar,0,6,24,0,30,0,1,119,0,120,0,7,143,0,150,320,0,320,470
03/11/2010,CMA,CA,AWP,WE,Towers with Radar,0,9,32,0,41,0,2,200,0,202,0,11,232,0,243,365,0,365,608
03/12/2010,CMA,CA,AWP,WE,Towers with Radar,0,7,48,0,55,0,3,287,0,290,0,10,335,0,345,345,0,345,690
03/13/2010,CMA,CA,AWP,WE,Towers with Radar,0,8,46,0,54,0,3,240,0,243,0,11,286,0,297,289,0,289,586
03/14/2010,CMA,CA,AWP,WE,Towers with Radar,0,3,36,0,39,0,4,218,0,222,0,7,254,0,261,213,0,213,474
03/15/2010,CMA,CA,AWP,WE,Towers with Radar,0,11,22,0,33,0,2,127,0,129,0,13,149,0,162,118,0,118,280
03/16/2010,CMA,CA,AWP,WE,Towers with Radar,0,5,27,0,32,0,6,139,0,145,0,11,166,0,177,191,0,191,368
03/17/2010,CMA,CA,AWP,WE,Towers with Radar,0,7,39,0,46,0,0,185,0,185,0,7,224,0,231,195,0,195,426
03/18/2010,CMA,CA,AWP,WE,Towers with Radar,0,12,41,0,53,0,2,172,0,174,0,14,213,0,227,271,0,271,498
03/19/2010,CMA,CA,AWP,WE,Towers with Radar,0,9,50,0,59,0,1,227,0,228,0,10,277,0,287,220,0,220,507
03/20/2010,CMA,CA,AWP,WE,Towers with Radar,0,6,55,0,61,0,6,260,0,266,0,12,315,0,327,252,0,252,579
03/21/2010,CMA,CA,AWP,WE,Towers with Radar,0,7,43,0,50,0,2,238,0,240,0,9,281,0,290,336,0,336,626
03/22/2010,CMA,CA,AWP,WE,Towers with Radar,0,5,27,0,32,0,3,129,0,132,0,8,156,0,164,265,0,265,429
03/23/2010,CMA,CA,AWP,WE,Towers with Radar,0,6,29,0,35,0,5,168,0,173,0,11,197,0,208,284,0,284,492
03/24/2010,CMA,CA,AWP,WE,Towers with Radar,0,9,40,0,49,0,2,166,0,168,0,11,206,0,217,177,0,177,394
03/25/2010,CMA,CA,AWP,WE,Towers with Radar,0,11,88,0,99,0,0,56,0,56,0,11,144,0,155,343,0,343,498
03/26/2010,CMA,CA,AWP,WE,Towers with Radar,0,15,29,0,44,0,4,251,0,255,0,19,280,0,299,269,0,269,568
03/27/2010,CMA,CA,AWP,WE,Towers with Radar,0,6,14,0,20,0,2,91,0,93,0,8,105,0,113,52,0,52,165
03/28/2010,CMA,CA,AWP,WE,Towers with Radar,0,9,22,0,31,0,5,291,0,296,0,14,313,0,327,361,0,361,688
03/29/2010,CMA,CA,AWP,WE,Towers with Radar,0,4,26,0,30,0,3,166,0,169,0,7,192,0,199,250,0,250,449
03/30/2010,CMA,CA,AWP,WE,Towers with Radar,0,10,60,0,70,0,3,80,0,83,0,13,140,0,153,249,0,249,402
03/31/2010,CMA,CA,AWP,WE,Towers with Radar,0,3,44,2,49,0,4,48,0,52,0,7,92,2,101,104,0,104,205
04/01/2010,CMA,CA,AWP,WE,Towers with Radar,0,6,21,0,27,0,1,130,0,131,0,7,151,0,158,228,0,228,386
04/02/2010,CMA,CA,AWP,WE,Towers with Radar,0,12,30,0,42,0,5,181,0,186,0,17,211,0,228,237,0,237,465
04/03/2010,CMA,CA,AWP,WE,Towers with Radar,0,7,33,0,40,0,5,292,0,297,0,12,325,0,337,140,0,140,477
04/04/2010,CMA,CA,AWP,WE,Towers with Radar,0,1,32,0,33,0,2,66,0,68,0,3,98,0,101,172,0,172,273
04/05/2010,CMA,CA,AWP,WE,Towers with Radar,0,3,11,0,14,0,5,36,0,41,0,8,47,0,55,156,24,180,235
04/06/2010,CMA,CA,AWP,WE,Towers with Radar,0,4,26,0,30,0,9,162,0,171,0,13,188,0,201,232,0,232,433
04/07/2010,CMA,CA,AWP,WE,Towers with Radar,0,5,30,0,35,0,3,84,0,87,0,8,114,0,122,184,0,184,306
04/08/2010,CMA,CA,AWP,WE,Towers with Radar,0,6,37,0,43,0,1,214,0,215,0,7,251,0,258,265,0,265,523
04/09/2010,CMA,CA,AWP,WE,Towers with Radar,0,5,43,0,48,0,0,232,0,232,0,5,275,0,280,244,0,244,524
04/10/2010,CMA,CA,AWP,WE,Towers with Radar,0,1,63,0,64,0,4,127,0,131,0,5,190,0,195,245,0,245,440
04/11/2010,CMA,CA,AWP,WE,Towers with Radar,0,17,32,0,49,0,1,56,0,57,0,18,88,0,106,259,0,259,365
04/12/2010,CMA,CA,AWP,WE,Towers with Radar,0,5,30,0,35,0,54,0,0,54,0,59,30,0,89,184,0,184,273
04/13/2010,CMA,CA,AWP,WE,Towers with Radar,0,2,53,0,55,0,3,153,0,156,0,5,206,0,211,329,0,329,540
04/14/2010,CMA,CA,AWP,WE,Towers with Radar,0,3,51,0,54,0,4,222,0,226,0,7,273,0,280,254,0,254,534
04/15/2010,CMA,CA,AWP,WE,Towers with Radar,0,11,43,0,54,0,3,221,0,224,0,14,264,0,278,361,0,361,639
04/16/2010,CMA,CA,AWP,WE,Towers with Radar,0,7,48,0,55,0,10,259,0,269,0,17,307,0,324,335,0,335,659
04/17/2010,CMA,CA,AWP,WE,Towers with Radar,0,3,30,0,33,0,7,274,0,281,0,10,304,0,314,352,0,352,666
04/18/2010,CMA,CA,AWP,WE,Towers with Radar,0,2,43,0,45,0,4,200,0,204,0,6,243,0,249,149,0,149,398
04/19/2010,CMA,CA,AWP,WE,Towers with Radar,0,4,30,0,34,0,6,104,0,110,0,10,134,0,144,227,0,227,371
04/20/2010,CMA,CA,AWP,WE,Towers with Radar,0,4,46,0,50,0,4,29,0,33,0,8,75,0,83,110,0,110,193
04/21/2010,CMA,CA,AWP,WE,Towers with Radar,0,9,28,0,37,0,4,42,0,46,0,13,70,0,83,131,0,131,214
04/22/2010,CMA,CA,AWP,WE,Towers with Radar,0,1,58,0,59,0,3,108,0,111,0,4,166,0,170,447,0,447,617
04/23/2010,CMA,CA,AWP,WE,Towers with Radar,0,3,43,0,46,0,4,238,0,242,0,7,281,0,288,237,0,237,525
04/24/2010,CMA,CA,AWP,WE,Towers with Radar,0,5,46,0,51,0,5,194,0,199,0,10,240,0,250,310,0,310,560
04/25/2010,CMA,CA,AWP,WE,Towers with Radar,0,10,46,0,56,0,0,150,0,150,0,10,196,0,206,131,0,131,337
04/26/2010,CMA,CA,AWP,WE,Towers with Radar,0,8,46,0,54,0,3,58,0,61,0,11,104,0,115,138,0,138,253
04/27/2010,CMA,CA,AWP,WE,Towers with Radar,0,15,66,0,81,0,0,16,0,16,0,15,82,0,97,184,0,184,281
04/28/2010,CMA,CA,AWP,WE,Towers with Radar,0,8,30,0,38,0,5,107,0,112,0,13,137,0,150,156,0,156,306
04/29/2010,CMA,CA,AWP,WE,Towers with Radar,0,10,22,0,32,0,5,79,0,84,0,15,101,0,116,229,0,229,345
04/30/2010,CMA,CA,AWP,WE,Towers with Radar,0,6,42,0,48,0,9,133,0,142,0,15,175,0,190,308,0,308,498
05/01/2010,CMA,CA,AWP,WE,Towers with Radar,0,6,19,0,25,0,4,304,0,308,0,10,323,0,333,238,0,238,571
05/02/2010,CMA,CA,AWP,WE,Towers with Radar,0,2,26,0,28,0,2,265,0,267,0,4,291,0,295,102,0,102,397
05/03/2010,CMA,CA,AWP,WE,Towers with Radar,0,5,23,0,28,0,5,194,0,199,0,10,217,0,227,340,0,340,567
05/04/2010,CMA,CA,AWP,WE,Towers with Radar,0,8,22,0,30,0,7,176,0,183,0,15,198,0,213,328,0,328,541
05/05/2010,CMA,CA,AWP,WE,Towers with Radar,0,9,21,0,30,0,9,151,0,160,0,18,172,0,190,185,0,185,375
05/06/2010,CMA,CA,AWP,WE,Towers with Radar,0,6,38,0,44,0,8,191,0,199,0,14,229,0,243,369,0,369,612
05/07/2010,CMA,CA,AWP,WE,Towers with Radar,0,2,32,0,34,0,4,235,0,239,0,6,267,0,273,155,0,155,428
05/08/2010,CMA,CA,AWP,WE,Towers with Radar,0,1,23,0,24,0,2,346,0,348,0,3,369,0,372,177,0,177,549
05/09/2010,CMA,CA,AWP,WE,Towers with Radar,0,9,33,0,42,0,7,88,0,95,0,16,121,0,137,39,0,39,176
05/10/2010,CMA,CA,AWP,WE,Towers with Radar,0,9,33,0,42,0,7,99,0,106,0,16,132,0,148,382,0,382,530
05/11/2010,CMA,CA,AWP,WE,Towers with Radar,0,6,14,0,20,0,6,102,0,108,0,12,116,0,128,255,0,255,383
05/12/2010,CMA,CA,AWP,WE,Towers with Radar,0,6,33,0,39,0,5,201,0,206,0,11,234,0,245,350,0,350,595
05/13/2010,CMA,CA,AWP,WE,Towers with Radar,0,2,31,0,33,0,3,220,0,223,0,5,251,0,256,307,0,307,563
05/14/2010,CMA,CA,AWP,WE,Towers with Radar,0,6,41,0,47,0,7,168,0,175,0,13,209,0,222,262,0,262,484
05/15/2010,CMA,CA,AWP,WE,Towers with Radar,0,6,49,0,55,0,4,131,0,135,0,10,180,0,190,213,0,213,403
05/16/2010,CMA,CA,AWP,WE,Towers with Radar,0,10,59,0,69,0,1,51,0,52,0,11,110,0,121,163,0,163,284
05/17/2010,CMA,CA,AWP,WE,Towers with Radar,0,2,35,0,37,0,5,11,0,16,0,7,46,0,53,336,0,336,389
05/18/2010,CMA,CA,AWP,WE,Towers with Radar,0,1,50,0,51,0,3,40,0,43,0,4,90,0,94,264,0,264,358
05/19/2010,CMA,CA,AWP,WE,Towers with Radar,0,8,39,0,47,0,0,179,0,179,0,8,218,0,226,461,0,461,687
05/20/2010,CMA,CA,AWP,WE,Towers with Radar,0,12,26,0,38,0,4,204,0,208,0,16,230,0,246,303,0,303,549
05/21/2010,CMA,CA,AWP,WE,Towers with Radar,0,7,31,0,38,0,6,243,0,249,0,13,274,0,287,364,0,364,651
05/22/2010,CMA,CA,AWP,WE,Towers with Radar,0,4,19,0,23,0,1,248,0,249,0,5,267,0,272,235,0,235,507
05/23/2010,CMA,CA,AWP,WE,Towers with Radar,0,3,26,0,29,0,5,87,0,92,0,8,113,0,121,126,0,126,247
05/24/2010,CMA,CA,AWP,WE,Towers with Radar,0,4,25,0,29,0,6,132,0,138,0,10,157,0,167,103,0,103,270
05/25/2010,CMA,CA,AWP,WE,Towers with Radar,0,9,35,0,44,0,9,153,0,162,0,18,188,0,206,313,0,313,519
05/26/2010,CMA,CA,AWP,WE,Towers with Radar,0,5,32,0,37,0,3,74,0,77,0,8,106,0,114,261,0,261,375
05/27/2010,CMA,CA,AWP,WE,Towers with Radar,0,6,64,0,70,0,6,61,0,67,0,12,125,0,137,297,0,297,434
05/28/2010,CMA,CA,AWP,WE,Towers with Radar,0,4,15,0,19,0,8,233,0,241,0,12,248,0,260,337,0,337,597
05/29/2010,CMA,CA,AWP,WE,Towers with Radar,0,2,17,0,19,0,6,155,0,161,0,8,172,0,180,156,0,156,336
05/30/2010,CMA,CA,AWP,WE,Towers with Radar,0,5,21,0,26,0,2,264,0,266,0,7,285,0,292,273,0,273,565
05/31/2010,CMA,CA,AWP,WE,Towers with Radar,0,4,31,0,35,0,3,284,0,287,0,7,315,0,322,300,0,300,622
06/01/2010,CMA,CA,AWP,WE,Towers with Radar,0,4,27,0,31,0,3,74,0,77,0,7,101,0,108,338,0,338,446
06/02/2010,CMA,CA,AWP,WE,Towers with Radar,0,7,47,0,54,0,5,122,0,127,0,12,169,0,181,175,0,175,356
06/03/2010,CMA,CA,AWP,WE,Towers with Radar,0,7,58,0,65,0,0,66,0,66,0,7,124,0,131,168,0,168,299
06/04/2010,CMA,CA,AWP,WE,Towers with Radar,0,8,50,0,58,0,6,128,0,134,0,14,178,0,192,285,0,285,477
06/05/2010,CMA,CA,AWP,WE,Towers with Radar,0,0,71,0,71,0,5,149,0,154,0,5,220,0,225,194,0,194,419
06/06/2010,CMA,CA,AWP,WE,Towers with Radar,0,10,59,0,69,0,0,121,0,121,0,10,180,0,190,123,0,123,313
06/07/2010,CMA,CA,AWP,WE,Towers with Radar,0,1,56,0,57,0,6,66,0,72,0,7,122,0,129,172,0,172,301
06/08/2010,CMA,CA,AWP,WE,Towers with Radar,0,7,70,0,77,0,2,74,0,76,0,9,144,0,153,230,0,230,383
06/09/2010,CMA,CA,AWP,WE,Towers with Radar,0,6,68,0,74,0,5,91,0,96,0,11,159,0,170,227,0,227,397
06/10/2010,CMA,CA,AWP,WE,Towers with Radar,0,8,53,0,61,0,2,118,0,120,0,10,171,0,181,302,0,302,483
06/11/2010,CMA,CA,AWP,WE,Towers with Radar,0,7,52,0,59,0,3,137,0,140,0,10,189,0,199,181,0,181,380
06/12/2010,CMA,CA,AWP,WE,Towers with Radar,0,6,51,0,57,0,0,140,0,140,0,6,191,0,197,205,0,205,402
06/13/2010,CMA,CA,AWP,WE,Towers with Radar,0,7,59,0,66,0,4,173,0,177,0,11,232,0,243,208,0,208,451
06/14/2010,CMA,CA,AWP,WE,Towers with Radar,0,7,31,0,38,0,4,185,0,189,0,11,216,0,227,113,0,113,340
06/15/2010,CMA,CA,AWP,WE,Towers with Radar,0,3,55,0,58,0,4,102,0,106,0,7,157,0,164,241,0,241,405
06/16/2010,CMA,CA,AWP,WE,Towers with Radar,0,6,44,0,50,0,6,150,0,156,0,12,194,0,206,239,0,239,445
06/17/2010,CMA,CA,AWP,WE,Towers with Radar,0,12,48,0,60,0,4,162,0,166,0,16,210,0,226,259,0,259,485
06/18/2010,CMA,CA,AWP,WE,Towers with Radar,0,3,69,0,72,0,11,170,0,181,0,14,239,0,253,287,0,287,540
06/19/2010,CMA,CA,AWP,WE,Towers with Radar,0,3,45,0,48,0,3,266,0,269,0,6,311,0,317,217,0,217,534
06/20/2010,CMA,CA,AWP,WE,Towers with Radar,0,5,18,0,23,0,5,218,0,223,0,10,236,0,246,150,0,150,396
06/21/2010,CMA,CA,AWP,WE,Towers with Radar,0,8,44,0,52,0,8,134,0,142,0,16,178,0,194,232,0,232,426
06/22/2010,CMA,CA,AWP,WE,Towers with Radar,0,9,43,0,52,0,7,113,0,120,0,16,156,0,172,314,0,314,486
06/23/2010,CMA,CA,AWP,WE,Towers with Radar,0,10,42,0,52,0,2,122,0,124,0,12,164,0,176,345,0,345,521
06/24/2010,CMA,CA,AWP,WE,Towers with Radar,0,7,51,0,58,0,8,146,0,154,0,15,197,0,212,336,0,336,548
06/25/2010,CMA,CA,AWP,WE,Towers with Radar,0,5,46,0,51,0,3,175,0,178,0,8,221,0,229,291,0,291,520
06/26/2010,CMA,CA,AWP,WE,Towers with Radar,0,2,75,0,77,0,6,220,0,226,0,8,295,0,303,225,0,225,528
06/27/2010,CMA,CA,AWP,WE,Towers with Radar,0,5,46,0,51,0,5,165,0,170,0,10,211,0,221,165,0,165,386
06/28/2010,CMA,CA,AWP,WE,Towers with Radar,0,4,48,0,52,0,2,50,0,52,0,6,98,0,104,187,0,187,291
06/29/2010,CMA,CA,AWP,WE,Towers with Radar,0,8,80,0,88,0,0,15,0,15,0,8,95,0,103,214,0,214,317
06/30/2010,CMA,CA,AWP,WE,Towers with Radar,0,11,42,0,53,0,5,85,0,90,0,16,127,0,143,318,0,318,461
07/01/2010,CMA,CA,AWP,WE,Towers with Radar,0,13,59,0,72,0,1,190,0,191,0,14,249,0,263,348,0,348,611
07/02/2010,CMA,CA,AWP,WE,Towers with Radar,0,9,35,0,44,0,3,205,0,208,0,12,240,0,252,258,0,258,510
07/03/2010,CMA,CA,AWP,WE,Towers with Radar,0,1,71,0,72,0,1,139,0,140,0,2,210,0,212,284,0,284,496
07/04/2010,CMA,CA,AWP,WE,Towers with Radar,0,3,26,0,29,0,0,72,0,72,0,3,98,0,101,92,0,92,193
07/05/2010,CMA,CA,AWP,WE,Towers with Radar,0,5,65,0,70,0,0,83,0,83,0,5,148,0,153,288,0,288,441
07/06/2010,CMA,CA,AWP,WE,Towers with Radar,0,4,37,0,41,0,3,39,0,42,0,7,76,0,83,198,0,198,281
07/07/2010,CMA,CA,AWP,WE,Towers with Radar,0,3,64,0,67,0,0,44,0,44,0,3,108,0,111,313,0,313,424
07/08/2010,CMA,CA,AWP,WE,Towers with Radar,0,3,57,0,60,0,3,64,0,67,0,6,121,0,127,195,0,195,322
07/09/2010,CMA,CA,AWP,WE,Towers with Radar,0,7,62,0,69,0,1,97,0,98,0,8,159,0,167,296,0,296,463
07/10/2010,CMA,CA,AWP,WE,Towers with Radar,0,8,63,0,71,0,2,148,0,150,0,10,211,0,221,155,0,155,376
07/11/2010,CMA,CA,AWP,WE,Towers with Radar,0,7,43,0,50,0,3,115,0,118,0,10,158,0,168,157,0,157,325
07/12/2010,CMA,CA,AWP,WE,Towers with Radar,0,3,51,0,54,0,0,103,0,103,0,3,154,0,157,287,0,287,444
07/13/2010,CMA,CA,AWP,WE,Towers with Radar,0,9,37,0,46,0,7,231,0,238,0,16,268,0,284,371,0,371,655
07/14/2010,CMA,CA,AWP,WE,Towers with Radar,0,13,25,0,38,0,2,196,0,198,0,15,221,0,236,257,0,257,493
07/15/2010,CMA,CA,AWP,WE,Towers with Radar,0,18,42,0,60,0,2,179,0,181,0,20,221,0,241,327,0,327,568
07/16/2010,CMA,CA,AWP,WE,Towers with Radar,0,8,30,0,38,0,1,198,0,199,0,9,228,0,237,300,0,300,537
07/17/2010,CMA,CA,AWP,WE,Towers with Radar,0,5,34,0,39,0,1,224,0,225,0,6,258,0,264,265,0,265,529
07/18/2010,CMA,CA,AWP,WE,Towers with Radar,0,9,36,0,45,0,4,261,0,265,0,13,297,0,310,199,0,199,509
07/19/2010,CMA,CA,AWP,WE,Towers with Radar,0,11,34,0,45,0,3,115,0,118,0,14,149,0,163,187,0,187,350
07/20/2010,CMA,CA,AWP,WE,Towers with Radar,0,6,65,0,71,0,4,107,0,111,0,10,172,0,182,314,20,334,516
07/21/2010,CMA,CA,AWP,WE,Towers with Radar,0,8,48,0,56,0,2,112,0,114,0,10,160,0,170,210,0,210,380
07/22/2010,CMA,CA,AWP,WE,Towers with Radar,0,5,87,0,92,0,9,119,0,128,0,14,206,0,220,234,0,234,454
07/23/2010,CMA,CA,AWP,WE,Towers with Radar,0,10,41,0,51,0,2,103,0,105,0,12,144,0,156,241,0,241,397
07/24/2010,CMA,CA,AWP,WE,Towers with Radar,0,10,47,0,57,0,14,255,0,269,0,24,302,0,326,184,0,184,510
07/25/2010,CMA,CA,AWP,WE,Towers with Radar,0,8,36,0,44,0,3,165,0,168,0,11,201,0,212,206,0,206,418
07/26/2010,CMA,CA,AWP,WE,Towers with Radar,0,5,52,0,57,0,4,52,0,56,0,9,104,0,113,243,0,243,356
07/27/2010,CMA,CA,AWP,WE,Towers with Radar,0,10,52,0,62,0,2,86,0,88,0,12,138,0,150,199,0,199,349
07/28/2010,CMA,CA,AWP,WE,Towers with Radar,0,7,29,0,36,0,0,191,0,191,0,7,220,0,227,229,0,229,456
07/29/2010,CMA,CA,AWP,WE,Towers with Radar,0,8,43,0,51,0,7,198,0,205,0,15,241,0,256,335,0,335,591
07/30/2010,CMA,CA,AWP,WE,Towers with Radar,0,9,42,0,51,0,12,184,0,196,0,21,226,0,247,218,0,218,465
07/31/2010,CMA,CA,AWP,WE,Towers with Radar,0,6,42,0,48,0,0,134,0,134,0,6,176,0,182,150,0,150,332
08/01/2010,CMA,CA,AWP,WE,Towers with Radar,0,0,42,0,42,0,3,174,0,177,0,3,216,0,219,179,0,179,398
08/02/2010,CMA,CA,AWP,WE,Towers with Radar,0,7,29,0,36,0,1,123,0,124,0,8,152,0,160,319,0,319,479
08/03/2010,CMA,CA,AWP,WE,Towers with Radar,0,5,40,0,45,0,17,147,0,164,0,22,187,0,209,178,0,178,387
08/04/2010,CMA,CA,AWP,WE,Towers with Radar,0,4,39,0,43,0,3,137,0,140,0,7,176,0,183,273,0,273,456
08/05/2010,CMA,CA,AWP,WE,Towers with Radar,0,17,44,2,63,0,6,87,0,93,0,23,131,2,156,154,0,154,310
08/06/2010,CMA,CA,AWP,WE,Towers with Radar,0,6,49,7,62,0,1,135,0,136,0,7,184,7,198,169,0,169,367
08/07/2010,CMA,CA,AWP,WE,Towers with Radar,0,13,46,3,62,0,13,147,0,160,0,26,193,3,222,108,0,108,330
08/08/2010,CMA,CA,AWP,WE,Towers with Radar,0,7,53,0,60,0,0,104,0,104,0,7,157,0,164,154,0,154,318
08/09/2010,CMA,CA,AWP,WE,Towers with Radar,0,4,28,0,32,0,9,142,0,151,0,13,170,0,183,165,0,165,348
08/10/2010,CMA,CA,AWP,WE,Towers with Radar,0,8,30,0,38,0,2,146,0,148,0,10,176,0,186,334,0,334,520
08/11/2010,CMA,CA,AWP,WE,Towers with Radar,0,4,41,0,45,0,1,151,0,152,0,5,192,0,197,213,0,213,410
08/12/2010,CMA,CA,AWP,WE,Towers with Radar,0,6,44,0,50,0,1,199,0,200,0,7,243,0,250,217,0,217,467
08/13/2010,CMA,CA,AWP,WE,Towers with Radar,0,3,47,0,50,0,7,209,0,216,0,10,256,0,266,324,0,324,590
08/14/2010,CMA,CA,AWP,WE,Towers with Radar,0,3,61,0,64,0,6,237,0,243,0,9,298,0,307,161,0,161,468
08/15/2010,CMA,CA,AWP,WE,Towers with Radar,0,7,32,0,39,0,10,286,0,296,0,17,318,0,335,240,0,240,575
08/16/2010,CMA,CA,AWP,WE,Towers with Radar,0,3,28,0,31,0,3,128,0,131,0,6,156,0,162,195,0,195,357
08/17/2010,CMA,CA,AWP,WE,Towers with Radar,0,4,39,0,43,0,5,179,0,184,0,9,218,0,227,340,0,340,567
08/18/2010,CMA,CA,AWP,WE,Towers with Radar,0,7,23,0,30,0,4,223,0,227,0,11,246,0,257,352,0,352,609
08/19/2010,CMA,CA,AWP,WE,Towers with Radar,0,7,34,0,41,0,5,194,0,199,0,12,228,0,240,286,0,286,526
08/20/2010,CMA,CA,AWP,WE,Towers with Radar,0,7,43,1,51,0,1,233,2,236,0,8,276,3,287,335,0,335,622
08/21/2010,CMA,CA,AWP,WE,Towers with Radar,0,4,19,0,23,0,1,181,0,182,0,5,200,0,205,76,0,76,281
08/22/2010,CMA,CA,AWP,WE,Towers with Radar,0,4,12,0,16,0,2,240,0,242,0,6,252,0,258,104,0,104,362
08/23/2010,CMA,CA,AWP,WE,Towers with Radar,0,4,22,1,27,0,7,178,1,186,0,11,200,2,213,198,0,198,411
08/24/2010,CMA,CA,AWP,WE,Towers with Radar,0,1,17,0,18,0,8,176,0,184,0,9,193,0,202,260,0,260,462
08/25/2010,CMA,CA,AWP,WE,Towers with Radar,0,2,73,0,75,0,4,172,0,176,0,6,245,0,251,273,0,273,524
08/26/2010,CMA,CA,AWP,WE,Towers with Radar,0,1,41,0,42,0,0,147,1,148,0,1,188,1,190,291,0,291,481
08/27/2010,CMA,CA,AWP,WE,Towers with Radar,0,6,28,0,34,0,5,145,0,150,0,11,173,0,184,187,0,187,371
08/28/2010,CMA,CA,AWP,WE,Towers with Radar,0,2,42,0,44,0,3,177,0,180,0,5,219,0,224,179,0,179,403
08/29/2010,CMA,CA,AWP,WE,Towers with Radar,0,2,37,1,40,0,2,226,1,229,0,4,263,2,269,155,0,155,424
08/30/2010,CMA,CA,AWP,WE,Towers with Radar,0,5,34,0,39,0,4,216,1,221,0,9,250,1,260,212,0,212,472
08/31/2010,CMA,CA,AWP,WE,Towers with Radar,0,3,42,0,45,0,5,154,0,159,0,8,196,0,204,272,0,272,476
09/01/2010,CMA,CA,AWP,WE,Towers with Radar,0,10,33,0,43,0,7,172,0,179,0,17,205,0,222,190,0,190,412
09/02/2010,CMA,CA,AWP,WE,Towers with Radar,0,7,40,0,47,0,3,136,0,139,0,10,176,0,186,335,0,335,521
09/03/2010,CMA,CA,AWP,WE,Towers with Radar,0,6,34,0,40,0,3,219,0,222,0,9,253,0,262,265,0,265,527
09/04/2010,CMA,CA,AWP,WE,Towers with Radar,0,4,28,0,32,0,2,245,0,247,0,6,273,0,279,219,0,219,498
09/05/2010,CMA,CA,AWP,WE,Towers with Radar,0,3,30,0,33,0,1,169,0,170,0,4,199,0,203,105,0,105,308
09/06/2010,CMA,CA,AWP,WE,Towers with Radar,0,10,30,0,40,0,7,212,0,219,0,17,242,0,259,248,0,248,507
09/07/2010,CMA,CA,AWP,WE,Towers with Radar,0,11,43,1,55,0,4,33,0,37,0,15,76,1,92,147,0,147,239
09/08/2010,CMA,CA,AWP,WE,Towers with Radar,0,9,64,0,73,0,5,47,0,52,0,14,111,0,125,176,0,176,301
09/09/2010,CMA,CA,AWP,WE,Towers with Radar,0,2,39,0,41,0,6,118,0,124,0,8,157,0,165,241,0,241,406
09/10/2010,CMA,CA,AWP,WE,Towers with Radar,0,5,41,0,46,0,3,191,0,194,0,8,232,0,240,164,0,164,404
09/11/2010,CMA,CA,AWP,WE,Towers with Radar,0,4,41,0,45,0,2,180,0,182,0,6,221,0,227,161,0,161,388
09/12/2010,CMA,CA,AWP,WE,Towers with Radar,0,6,33,0,39,0,2,160,0,162,0,8,193,0,201,168,0,168,369
09/13/2010,CMA,CA,AWP,WE,Towers with Radar,0,7,38,0,45,0,11,114,0,125,0,18,152,0,170,186,0,186,356
09/14/2010,CMA,CA,AWP,WE,Towers with Radar,0,7,36,0,43,0,4,164,0,168,0,11,200,0,211,157,0,157,368
09/15/2010,CMA,CA,AWP,WE,Towers with Radar,0,4,26,0,30,0,1,160,0,161,0,5,186,0,191,261,0,261,452
09/16/2010,CMA,CA,AWP,WE,Towers with Radar,0,4,42,0,46,0,3,217,0,220,0,7,259,0,266,287,0,287,553
09/17/2010,CMA,CA,AWP,WE,Towers with Radar,0,5,56,0,61,0,3,113,0,116,0,8,169,0,177,169,0,169,346
09/18/2010,CMA,CA,AWP,WE,Towers with Radar,0,2,34,0,36,0,5,182,0,187,0,7,216,0,223,239,0,239,462
09/19/2010,CMA,CA,AWP,WE,Towers with Radar,0,7,43,0,50,0,3,189,0,192,0,10,232,0,242,204,0,204,446
09/20/2010,CMA,CA,AWP,WE,Towers with Radar,0,6,22,0,28,0,1,153,0,154,0,7,175,0,182,254,0,254,436
09/21/2010,CMA,CA,AWP,WE,Towers with Radar,0,12,35,0,47,0,2,29,0,31,0,14,64,0,78,218,0,218,296
09/22/2010,CMA,CA,AWP,WE,Towers with Radar,0,2,33,0,35,0,8,91,0,99,0,10,124,0,134,226,0,226,360
09/23/2010,CMA,CA,AWP,WE,Towers with Radar,0,8,12,0,20,0,1,187,0,188,0,9,199,0,208,296,0,296,504
09/24/2010,CMA,CA,AWP,WE,Towers with Radar,0,5,33,0,38,0,9,213,0,222,0,14,246,0,260,143,0,143,403
09/25/2010,CMA,CA,AWP,WE,Towers with Radar,0,5,33,0,38,0,8,255,0,263,0,13,288,0,301,194,0,194,495
09/26/2010,CMA,CA,AWP,WE,Towers with Radar,0,4,31,0,35,0,2,295,0,297,0,6,326,0,332,235,0,235,567
09/27/2010,CMA,CA,AWP,WE,Towers with Radar,0,9,21,0,30,0,7,110,0,117,0,16,131,0,147,134,0,134,281
09/28/2010,CMA,CA,AWP,WE,Towers with Radar,0,6,27,0,33,0,9,144,0,153,0,15,171,0,186,317,0,317,503
09/29/2010,CMA,CA,AWP,WE,Towers with Radar,0,5,27,1,33,0,2,130,0,132,0,7,157,1,165,219,0,219,384
09/30/2010,CMA,CA,AWP,WE,Towers with Radar,0,8,28,2,38,0,7,126,0,133,0,15,154,2,171,289,0,289,460
10/01/2010,CMA,CA,AWP,WE,Towers with Radar,0,5,34,0,39,0,5,155,0,160,0,10,189,0,199,203,0,203,402
10/02/2010,CMA,CA,AWP,WE,Towers with Radar,0,4,25,0,29,0,5,151,0,156,0,9,176,0,185,211,0,211,396
10/03/2010,CMA,CA,AWP,WE,Towers with Radar,0,10,76,0,86,0,0,0,0,0,0,10,76,0,86,0,0,0,86
10/04/2010,CMA,CA,AWP,WE,Towers with Radar,0,12,56,0,68,0,0,20,0,20,0,12,76,0,88,114,0,114,202
10/05/2010,CMA,CA,AWP,WE,Towers with Radar,0,7,40,0,47,0,9,49,0,58,0,16,89,0,105,115,0,115,220
10/06/2010,CMA,CA,AWP,WE,Towers with Radar,0,5,36,0,41,0,5,19,0,24,0,10,55,0,65,40,0,40,105
10/07/2010,CMA,CA,AWP,WE,Towers with Radar,0,3,54,0,57,0,13,137,0,150,0,16,191,0,207,181,0,181,388
10/08/2010,CMA,CA,AWP,WE,Towers with Radar,0,11,47,0,58,0,4,228,0,232,0,15,275,0,290,80,0,80,370
10/09/2010,CMA,CA,AWP,WE,Towers with Radar,0,2,39,0,41,0,3,278,0,281,0,5,317,0,322,160,0,160,482
10/10/2010,CMA,CA,AWP,WE,Towers with Radar,0,5,21,0,26,0,6,227,0,233,0,11,248,0,259,158,0,158,417
10/11/2010,CMA,CA,AWP,WE,Towers with Radar,0,5,35,0,40,0,10,110,0,120,0,15,145,0,160,94,0,94,254
10/12/2010,CMA,CA,AWP,WE,Towers with Radar,0,7,50,0,57,0,10,78,0,88,0,17,128,0,145,180,0,180,325
10/13/2010,CMA,CA,AWP,WE,Towers with Radar,0,0,42,0,42,0,5,102,0,107,0,5,144,0,149,115,0,115,264
10/14/2010,CMA,CA,AWP,WE,Towers with Radar,0,22,74,0,96,0,0,29,0,29,0,22,103,0,125,73,0,73,198
10/15/2010,CMA,CA,AWP,WE,Towers with Radar,0,9,84,0,93,0,5,10,0,15,0,14,94,0,108,54,0,54,162
10/16/2010,CMA,CA,AWP,WE,Towers with Radar,0,7,99,0,106,0,0,6,0,6,0,7,105,0,112,16,0,16,128
10/17/2010,CMA,CA,AWP,WE,Towers with Radar,0,3,58,0,61,0,0,2,0,2,0,3,60,0,63,6,0,6,69
10/18/2010,CMA,CA,AWP,WE,Towers with Radar,0,3,42,0,45,0,2,11,0,13,0,5,53,0,58,151,0,151,209
10/19/2010,CMA,CA,AWP,WE,Towers with Radar,0,9,27,0,36,0,5,16,0,21,0,14,43,0,57,73,0,73,130
10/20/2010,CMA,CA,AWP,WE,Towers with Radar,0,4,42,0,46,2,14,0,0,16,2,18,42,0,62,59,0,59,121
10/21/2010,CMA,CA,AWP,WE,Towers with Radar,0,8,74,0,82,0,1,7,0,8,0,9,81,0,90,218,0,218,308
10/22/2010,CMA,CA,AWP,WE,Towers with Radar,0,9,56,0,65,0,11,58,0,69,0,20,114,0,134,199,0,199,333
10/23/2010,CMA,CA,AWP,WE,Towers with Radar,0,4,92,0,96,0,0,89,0,89,0,4,181,0,185,222,0,222,407
10/24/2010,CMA,CA,AWP,WE,Towers with Radar,0,13,71,0,84,0,1,193,0,194,0,14,264,0,278,144,0,144,422
10/25/2010,CMA,CA,AWP,WE,Towers with Radar,0,4,39,0,43,0,5,88,0,93,0,9,127,0,136,176,0,176,312
10/26/2010,CMA,CA,AWP,WE,Towers with Radar,0,9,42,0,51,0,0,163,0,163,0,9,205,0,214,279,0,279,493
10/27/2010,CMA,CA,AWP,WE,Towers with Radar,0,8,24,0,32,0,4,62,0,66,0,12,86,0,98,66,0,66,164
10/28/2010,CMA,CA,AWP,WE,Towers with Radar,0,12,33,0,45,0,7,186,0,193,0,19,219,0,238,311,0,311,549
10/29/2010,CMA,CA,AWP,WE,Towers with Radar,0,5,43,0,48,0,12,224,0,236,0,17,267,0,284,382,0,382,666
10/30/2010,CMA,CA,AWP,WE,Towers with Radar,0,1,37,0,38,0,1,174,0,175,0,2,211,0,213,260,0,260,473
10/31/2010,CMA,CA,AWP,WE,Towers with Radar,0,9,36,1,46,0,11,236,0,247,0,20,272,1,293,209,0,209,502
11/01/2010,CMA,CA,AWP,WE,Towers with Radar,0,6,22,0,28,0,6,119,0,125,0,12,141,0,153,234,0,234,387
11/02/2010,CMA,CA,AWP,WE,Towers with Radar,0,6,24,0,30,0,4,113,0,117,0,10,137,0,147,133,0,133,280
11/03/2010,CMA,CA,AWP,WE,Towers with Radar,0,4,42,0,46,0,6,170,0,176,0,10,212,0,222,91,0,91,313
11/04/2010,CMA,CA,AWP,WE,Towers with Radar,0,2,37,0,39,0,4,172,0,176,0,6,209,0,215,174,0,174,389
11/05/2010,CMA,CA,AWP,WE,Towers with Radar,0,6,36,0,42,0,11,234,2,247,0,17,270,2,289,100,0,100,389
11/06/2010,CMA,CA,AWP,WE,Towers with Radar,0,2,45,0,47,0,1,108,0,109,0,3,153,0,156,120,0,120,276
11/07/2010,CMA,CA,AWP,WE,Towers with Radar,0,4,47,0,51,0,8,155,0,163,0,12,202,0,214,97,0,97,311
11/08/2010,CMA,CA,AWP,WE,Towers with Radar,0,2,25,0,27,0,1,107,0,108,0,3,132,0,135,125,0,125,260
11/09/2010,CMA,CA,AWP,WE,Towers with Radar,0,9,41,0,50,0,0,170,0,170,0,9,211,0,220,229,0,229,449
11/10/2010,CMA,CA,AWP,WE,Towers with Radar,0,8,33,0,41,0,4,164,0,168,0,12,197,0,209,214,0,214,423
11/11/2010,CMA,CA,AWP,WE,Towers with Radar,0,4,26,0,30,0,9,90,0,99,0,13,116,0,129,107,0,107,236
11/12/2010,CMA,CA,AWP,WE,Towers with Radar,0,3,36,0,39,0,6,150,0,156,0,9,186,0,195,209,0,209,404
11/13/2010,CMA,CA,AWP,WE,Towers with Radar,0,4,22,0,26,0,4,154,0,158,0,8,176,0,184,65,0,65,249
11/14/2010,CMA,CA,AWP,WE,Towers with Radar,0,3,22,1,26,0,0,248,0,248,0,3,270,1,274,96,0,96,370
11/15/2010,CMA,CA,AWP,WE,Towers with Radar,0,4,21,0,25,0,8,204,0,212,0,12,225,0,237,231,0,231,468
11/16/2010,CMA,CA,AWP,WE,Towers with Radar,0,5,47,0,52,0,11,139,0,150,0,16,186,0,202,154,0,154,356
11/17/2010,CMA,CA,AWP,WE,Towers with Radar,0,7,29,0,36,0,11,224,0,235,0,18,253,0,271,261,0,261,532
11/18/2010,CMA,CA,AWP,WE,Towers with Radar,0,9,51,0,60,0,1,128,0,129,0,10,179,0,189,98,0,98,287
11/19/2010,CMA,CA,AWP,WE,Towers with Radar,0,10,70,0,80,0,11,53,0,64,0,21,123,0,144,142,0,142,286
11/20/2010,CMA,CA,AWP,WE,Towers with Radar,0,10,29,0,39,0,3,19,0,22,0,13,48,0,61,74,0,74,135
11/21/2010,CMA,CA,AWP,WE,Towers with Radar,0,4,20,0,24,0,7,69,0,76,0,11,89,0,100,68,0,68,168
11/22/2010,CMA,CA,AWP,WE,Towers with Radar,0,5,27,0,32,0,1,142,0,143,0,6,169,0,175,250,0,250,425
11/23/2010,CMA,CA,AWP,WE,Towers with Radar,0,5,60,0,65,0,2,91,0,93,0,7,151,0,158,284,0,284,442
11/24/2010,CMA,CA,AWP,WE,Towers with Radar,0,3,40,0,43,0,9,183,0,192,0,12,223,0,235,168,0,168,403
11/25/2010,CMA,CA,AWP,WE,Towers with Radar,0,5,6,0,11,0,0,33,0,33,0,5,39,0,44,5,0,5,49
11/26/2010,CMA,CA,AWP,WE,Towers with Radar,0,3,35,0,38,0,1,274,0,275,0,4,309,0,313,108,0,108,421
11/27/2010,CMA,CA,AWP,WE,Towers with Radar,0,4,26,0,30,0,2,251,0,253,0,6,277,0,283,155,0,155,438
11/28/2010,CMA,CA,AWP,WE,Towers with Radar,0,11,44,0,55,0,11,116,0,127,0,22,160,0,182,119,0,119,301
11/29/2010,CMA,CA,AWP,WE,Towers with Radar,0,13,28,0,41,0,9,68,0,77,0,22,96,0,118,77,0,77,195
11/30/2010,CMA,CA,AWP,WE,Towers with Radar,0,4,32,0,36,0,5,141,0,146,0,9,173,0,182,146,0,146,328
12/01/2010,CMA,CA,AWP,WE,Towers with Radar,0,12,33,0,45,0,4,191,2,197,0,16,224,2,242,152,0,152,394
12/02/2010,CMA,CA,AWP,WE,Towers with Radar,0,3,60,0,63,0,9,174,0,183,0,12,234,0,246,143,0,143,389
12/03/2010,CMA,CA,AWP,WE,Towers with Radar,0,5,34,0,39,0,5,149,0,154,0,10,183,0,193,270,0,270,463
12/04/2010,CMA,CA,AWP,WE,Towers with Radar,0,4,47,0,51,0,6,224,0,230,0,10,271,0,281,166,0,166,447
12/05/2010,CMA,CA,AWP,WE,Towers with Radar,0,17,40,0,57,0,2,155,0,157,0,19,195,0,214,193,0,193,407
12/06/2010,CMA,CA,AWP,WE,Towers with Radar,0,3,24,0,27,0,8,137,0,145,0,11,161,0,172,214,0,214,386
12/07/2010,CMA,CA,AWP,WE,Towers with Radar,0,6,33,0,39,0,8,169,0,177,0,14,202,0,216,233,0,233,449
12/08/2010,CMA,CA,AWP,WE,Towers with Radar,0,7,38,0,45,0,8,184,0,192,0,15,222,0,237,186,0,186,423
12/09/2010,CMA,CA,AWP,WE,Towers with Radar,0,7,36,0,43,0,5,128,0,133,0,12,164,0,176,85,0,85,261
12/10/2010,CMA,CA,AWP,WE,Towers with Radar,0,6,43,0,49,0,3,210,0,213,0,9,253,0,262,214,0,214,476
12/11/2010,CMA,CA,AWP,WE,Towers with Radar,0,5,27,0,32,0,9,244,0,253,0,14,271,0,285,202,0,202,487
12/12/2010,CMA,CA,AWP,WE,Towers with Radar,0,4,35,0,39,0,3,257,0,260,0,7,292,0,299,84,0,84,383
12/13/2010,CMA,CA,AWP,WE,Towers with Radar,0,8,21,0,29,0,4,175,0,179,0,12,196,0,208,215,0,215,423
12/14/2010,CMA,CA,AWP,WE,Towers with Radar,0,19,67,0,86,0,2,4,0,6,0,21,71,0,92,12,0,12,104
12/15/2010,CMA,CA,AWP,WE,Towers with Radar,0,12,73,0,85,0,0,5,0,5,0,12,78,0,90,36,0,36,126
12/16/2010,CMA,CA,AWP,WE,Towers with Radar,0,2,59,0,61,0,0,147,0,147,0,2,206,0,208,213,0,213,421
12/17/2010,CMA,CA,AWP,WE,Towers with Radar,0,4,46,0,50,0,0,2,0,2,0,4,48,0,52,30,0,30,82
12/18/2010,CMA,CA,AWP,WE,Towers with Radar,0,7,31,0,38,0,0,0,0,0,0,7,31,0,38,30,0,30,68
12/19/2010,CMA,CA,AWP,WE,Towers with Radar,0,1,13,0,14,0,0,2,0,2,0,1,15,0,16,0,0,0,16
12/20/2010,CMA,CA,AWP,WE,Towers with Radar,0,7,28,0,35,0,0,1,0,1,0,7,29,0,36,0,0,0,36
12/21/2010,CMA,CA,AWP,WE,Towers with Radar,0,0,41,0,41,0,0,6,0,6,0,0,47,0,47,46,0,46,93
12/22/2010,CMA,CA,AWP,WE,Towers with Radar,0,6,24,0,30,0,0,17,0,17,0,6,41,0,47,57,0,57,104
12/23/2010,CMA,CA,AWP,WE,Towers with Radar,0,5,54,0,59,0,0,155,0,155,0,5,209,0,214,245,0,245,459
12/24/2010,CMA,CA,AWP,WE,Towers with Radar,0,4,19,0,23,0,1,234,0,235,0,5,253,0,258,96,0,96,354
12/25/2010,CMA,CA,AWP,WE,Towers with Radar,0,3,8,0,11,0,0,23,0,23,0,3,31,0,34,3,0,3,37
12/26/2010,CMA,CA,AWP,WE,Towers with Radar,0,3,37,0,40,0,2,132,0,134,0,5,169,0,174,70,0,70,244
12/27/2010,CMA,CA,AWP,WE,Towers with Radar,0,8,20,0,28,0,3,137,0,140,0,11,157,0,168,156,0,156,324
12/28/2010,CMA,CA,AWP,WE,Towers with Radar,0,6,32,0,38,0,10,233,0,243,0,16,265,0,281,225,0,225,506
12/29/2010,CMA,CA,AWP,WE,Towers with Radar,0,9,17,0,26,0,0,8,0,8,0,9,25,0,34,15,0,15,49
12/30/2010,CMA,CA,AWP,WE,Towers with Radar,0,7,22,0,29,0,0,171,0,171,0,7,193,0,200,194,0,194,394
12/31/2010,CMA,CA,AWP,WE,Towers with Radar,0,4,22,0,26,0,2,254,0,256,0,6,276,0,282,82,0,82,364
01/01/2011,CMA,CA,AWP,WE,Towers with Radar,0,6,8,0,14,0,3,113,0,116,0,9,121,0,130,101,0,101,231
01/02/2011,CMA,CA,AWP,WE,Towers with Radar,0,8,27,0,35,0,1,4,0,5,0,9,31,0,40,0,0,0,40
01/03/2011,CMA,CA,AWP,WE,Towers with Radar,0,10,19,0,29,0,1,36,0,37,0,11,55,0,66,56,0,56,122
01/04/2011,CMA,CA,AWP,WE,Towers with Radar,0,7,24,0,31,0,1,106,0,107,0,8,130,0,138,132,0,132,270
01/05/2011,CMA,CA,AWP,WE,Towers with Radar,0,6,22,0,28,0,1,140,0,141,0,7,162,0,169,120,0,120,289
01/06/2011,CMA,CA,AWP,WE,Towers with Radar,0,3,29,0,32,0,7,146,0,153,0,10,175,0,185,78,0,78,263
01/07/2011,CMA,CA,AWP,WE,Towers with Radar,0,3,36,0,39,0,2,135,0,137,0,5,171,0,176,183,0,183,359
01/08/2011,CMA,CA,AWP,WE,Towers with Radar,0,4,60,0,64,0,1,100,0,101,0,5,160,0,165,163,0,163,328
01/09/2011,CMA,CA,AWP,WE,Towers with Radar,0,4,66,0,70,0,1,120,0,121,0,5,186,0,191,89,0,89,280
01/10/2011,CMA,CA,AWP,WE,Towers with Radar,0,3,20,0,23,0,2,86,2,90,0,5,106,2,113,153,24,177,290
01/11/2011,CMA,CA,AWP,WE,Towers with Radar,0,8,31,0,39,0,1,94,0,95,0,9,125,0,134,126,0,126,260
01/12/2011,CMA,CA,AWP,WE,Towers with Radar,0,4,20,0,24,0,3,192,0,195,0,7,212,0,219,172,0,172,391
01/13/2011,CMA,CA,AWP,WE,Towers with Radar,0,6,39,0,45,0,4,178,0,182,0,10,217,0,227,128,0,128,355
01/14/2011,CMA,CA,AWP,WE,Towers with Radar,0,7,33,0,40,0,1,75,0,76,0,8,108,0,116,67,0,67,183
01/15/2011,CMA,CA,AWP,WE,Towers with Radar,0,3,17,0,20,0,0,148,0,148,0,3,165,0,168,70,0,70,238
01/16/2011,CMA,CA,AWP,WE,Towers with Radar,0,5,27,0,32,0,2,281,0,283,0,7,308,0,315,167,0,167,482
01/17/2011,CMA,CA,AWP,WE,Towers with Radar,0,6,34,0,40,0,7,232,0,239,0,13,266,0,279,152,0,152,431
01/18/2011,CMA,CA,AWP,WE,Towers with Radar,0,1,21,0,22,0,3,167,0,170,0,4,188,0,192,178,0,178,370
01/19/2011,CMA,CA,AWP,WE,Towers with Radar,0,2,22,0,24,0,2,141,0,143,0,4,163,0,167,250,0,250,417
01/20/2011,CMA,CA,AWP,WE,Towers with Radar,0,3,16,0,19,0,0,75,0,75,0,3,91,0,94,36,0,36,130
01/21/2011,CMA,CA,AWP,WE,Towers with Radar,0,8,28,0,36,0,7,227,0,234,0,15,255,0,270,216,0,216,486
01/22/2011,CMA,CA,AWP,WE,Towers with Radar,0,3,34,0,37,0,2,381,0,383,0,5,415,0,420,124,0,124,544
01/23/2011,CMA,CA,AWP,WE,Towers with Radar,0,4,11,0,15,0,5,58,0,63,0,9,69,0,78,12,0,12,90
01/24/2011,CMA,CA,AWP,WE,Towers with Radar,0,2,24,0,26,0,3,175,0,178,0,5,199,0,204,220,0,220,424
01/25/2011,CMA,CA,AWP,WE,Towers with Radar,0,3,31,0,34,0,12,161,0,173,0,15,192,0,207,183,0,183,390
01/26/2011,CMA,CA,AWP,WE,Towers with Radar,0,7,13,0,20,0,4,88,0,92,0,11,101,0,112,62,0,62,174
01/27/2011,CMA,CA,AWP,WE,Towers with Radar,0,5,33,0,38,0,3,156,0,159,0,8,189,0,197,193,0,193,390
01/28/2011,CMA,CA,AWP,WE,Towers with Radar,0,9,32,0,41,0,3,240,0,243,0,12,272,0,284,246,0,246,530
01/29/2011,CMA,CA,AWP,WE,Towers with Radar,0,3,52,0,55,0,4,327,0,331,0,7,379,0,386,158,0,158,544
01/30/2011,CMA,CA,AWP,WE,Towers with Radar,0,7,49,0,56,0,0,20,0,20,0,7,69,0,76,57,0,57,133
01/31/2011,CMA,CA,AWP,WE,Towers with Radar,0,6,35,0,41,0,5,145,0,150,0,11,180,0,191,251,0,251,442
02/01/2011,CMA,CA,AWP,WE,Towers with Radar,0,4,18,0,22,0,17,153,0,170,0,21,171,0,192,140,0,140,332
02/02/2011,CMA,CA,AWP,WE,Towers with Radar,0,4,13,0,17,0,6,32,0,38,0,10,45,0,55,0,0,0,55
02/03/2011,CMA,CA,AWP,WE,Towers with Radar,0,10,22,0,32,0,2,144,0,146,0,12,166,0,178,196,0,196,374
02/04/2011,CMA,CA,AWP,WE,Towers with Radar,0,6,58,0,64,0,3,299,0,302,0,9,357,0,366,130,0,130,496
02/05/2011,CMA,CA,AWP,WE,Towers with Radar,0,7,41,0,48,0,0,378,0,378,0,7,419,0,426,44,0,44,470
02/06/2011,CMA,CA,AWP,WE,Towers with Radar,0,11,32,0,43,0,7,126,0,133,0,18,158,0,176,80,0,80,256
02/07/2011,CMA,CA,AWP,WE,Towers with Radar,0,4,36,0,40,0,1,165,0,166,0,5,201,0,206,181,0,181,387
02/08/2011,CMA,CA,AWP,WE,Towers with Radar,0,5,21,0,26,0,6,106,0,112,0,11,127,0,138,196,0,196,334
02/09/2011,CMA,CA,AWP,WE,Towers with Radar,0,6,18,0,24,0,2,67,0,69,0,8,85,0,93,49,0,49,142
02/10/2011,CMA,CA,AWP,WE,Towers with Radar,0,9,26,0,35,0,4,89,2,95,0,13,115,2,130,58,0,58,188
02/11/2011,CMA,CA,AWP,WE,Towers with Radar,0,11,37,0,48,0,2,185,0,187,0,13,222,0,235,177,0,177,412
02/12/2011,CMA,CA,AWP,WE,Towers with Radar,0,2,24,0,26,0,3,362,0,365,0,5,386,0,391,209,0,209,600
02/13/2011,CMA,CA,AWP,WE,Towers with Radar,0,7,20,0,27,0,3,258,0,261,0,10,278,0,288,126,0,126,414
02/14/2011,CMA,CA,AWP,WE,Towers with Radar,0,5,26,0,31,0,7,144,0,151,0,12,170,0,182,118,0,118,300
02/15/2011,CMA,CA,AWP,WE,Towers with Radar,0,8,67,0,75,0,7,28,0,35,0,15,95,0,110,198,0,198,308
02/16/2011,CMA,CA,AWP,WE,Towers with Radar,0,8,35,0,43,0,0,7,0,7,0,8,42,0,50,30,0,30,80
02/17/2011,CMA,CA,AWP,WE,Towers with Radar,0,5,46,0,51,0,7,131,0,138,0,12,177,0,189,213,0,213,402
02/18/2011,CMA,CA,AWP,WE,Towers with Radar,0,5,33,0,38,0,1,36,0,37,0,6,69,0,75,113,0,113,188
02/19/2011,CMA,CA,AWP,WE,Towers with Radar,0,3,24,0,27,0,2,74,0,76,0,5,98,0,103,105,0,105,208
02/20/2011,CMA,CA,AWP,WE,Towers with Radar,0,1,26,0,27,0,2,239,0,241,0,3,265,0,268,233,0,233,501
02/21/2011,CMA,CA,AWP,WE,Towers with Radar,0,4,44,0,48,0,2,194,0,196,0,6,238,0,244,219,0,219,463
02/22/2011,CMA,CA,AWP,WE,Towers with Radar,0,4,39,0,43,0,10,194,0,204,0,14,233,0,247,144,0,144,391
02/23/2011,CMA,CA,AWP,WE,Towers with Radar,0,4,52,0,56,0,1,158,0,159,0,5,210,0,215,212,0,212,427
02/24/2011,CMA,CA,AWP,WE,Towers with Radar,0,6,35,0,41,0,7,148,0,155,0,13,183,0,196,170,0,170,366
02/25/2011,CMA,CA,AWP,WE,Towers with Radar,0,9,18,0,27,0,0,8,0,8,0,9,26,0,35,50,0,50,85
02/26/2011,CMA,CA,AWP,WE,Towers with Radar,0,8,11,0,19,0,0,99,0,99,0,8,110,0,118,142,0,142,260
02/27/2011,CMA,CA,AWP,WE,Towers with Radar,0,6,45,0,51,0,2,273,0,275,0,8,318,0,326,178,0,178,504
02/28/2011,CMA,CA,AWP,WE,Towers with Radar,0,5,32,0,37,0,10,153,0,163,0,15,185,0,200,161,0,161,361
03/01/2011,CMA,CA,AWP,WE,Towers with Radar,0,6,35,0,41,0,9,152,0,161,0,15,187,0,202,184,0,184,386
03/02/2011,CMA,CA,AWP,WE,Towers with Radar,0,6,47,0,53,0,0,56,0,56,0,6,103,0,109,175,0,175,284
03/03/2011,CMA,CA,AWP,WE,Towers with Radar,0,12,57,0,69,0,0,73,0,73,0,12,130,0,142,221,0,221,363
03/04/2011,CMA,CA,AWP,WE,Towers with Radar,0,2,37,0,39,0,8,203,0,211,0,10,240,0,250,116,0,116,366
03/05/2011,CMA,CA,AWP,WE,Towers with Radar,0,3,38,0,41,0,9,428,0,437,0,12,466,0,478,105,0,105,583
03/06/2011,CMA,CA,AWP,WE,Towers with Radar,0,9,53,0,62,0,2,114,0,116,0,11,167,0,178,95,0,95,273
03/07/2011,CMA,CA,AWP,WE,Towers with Radar,0,1,17,0,18,0,2,44,0,46,0,3,61,0,64,132,0,132,196
03/08/2011,CMA,CA,AWP,WE,Towers with Radar,0,5,27,0,32,0,14,165,0,179,0,19,192,0,211,276,0,276,487
03/09/2011,CMA,CA,AWP,WE,Towers with Radar,0,5,26,0,31,0,0,165,0,165,0,5,191,0,196,207,0,207,403
03/10/2011,CMA,CA,AWP,WE,Towers with Radar,0,11,48,0,59,0,2,238,0,240,0,13,286,0,299,180,0,180,479
03/11/2011,CMA,CA,AWP,WE,Towers with Radar,0,6,41,0,47,0,3,258,0,261,0,9,299,0,308,233,0,233,541
03/12/2011,CMA,CA,AWP,WE,Towers with Radar,0,5,38,0,43,0,9,230,0,239,0,14,268,0,282,229,0,229,511
03/13/2011,CMA,CA,AWP,WE,Towers with Radar,0,12,28,0,40,0,4,229,0,233,0,16,257,0,273,134,0,134,407
03/14/2011,CMA,CA,AWP,WE,Towers with Radar,0,4,18,0,22,0,6,178,0,184,0,10,196,0,206,167,0,167,373
03/15/2011,CMA,CA,AWP,WE,Towers with Radar,0,2,17,0,19,0,8,145,0,153,0,10,162,0,172,307,0,307,479
03/16/2011,CMA,CA,AWP,WE,Towers with Radar,0,3,34,0,37,0,15,149,0,164,0,18,183,0,201,240,0,240,441
03/17/2011,CMA,CA,AWP,WE,Towers with Radar,0,1,45,0,46,0,1,154,0,155,0,2,199,0,201,250,0,250,451
03/18/2011,CMA,CA,AWP,WE,Towers with Radar,0,6,38,0,44,0,8,223,0,231,0,14,261,0,275,219,0,219,494
03/19/2011,CMA,CA,AWP,WE,Towers with Radar,0,5,41,0,46,0,7,90,0,97,0,12,131,0,143,147,0,147,290
03/20/2011,CMA,CA,AWP,WE,Towers with Radar,0,5,17,0,22,0,0,0,0,0,0,5,17,0,22,0,0,0,22
03/21/2011,CMA,CA,AWP,WE,Towers with Radar,0,4,37,0,41,0,4,64,0,68,0,8,101,0,109,71,0,71,180
03/22/2011,CMA,CA,AWP,WE,Towers with Radar,0,4,37,0,41,0,4,151,0,155,0,8,188,0,196,251,0,251,447
03/23/2011,CMA,CA,AWP,WE,Towers with Radar,0,8,32,0,40,0,0,26,0,26,0,8,58,0,66,54,0,54,120
03/24/2011,CMA,CA,AWP,WE,Towers with Radar,0,1,39,0,40,0,0,52,0,52,0,1,91,0,92,175,0,175,267
03/25/2011,CMA,CA,AWP,WE,Towers with Radar,0,7,34,0,41,0,1,81,0,82,0,8,115,0,123,196,0,196,319
03/26/2011,CMA,CA,AWP,WE,Towers with Radar,0,4,59,0,63,0,2,85,0,87,0,6,144,0,150,231,0,231,381
03/27/2011,CMA,CA,AWP,WE,Towers with Radar,0,7,58,0,65,0,2,133,0,135,0,9,191,0,200,101,0,101,301
03/28/2011,CMA,CA,AWP,WE,Towers with Radar,0,4,29,0,33,0,5,206,0,211,0,9,235,0,244,255,0,255,499
03/29/2011,CMA,CA,AWP,WE,Towers with Radar,0,4,30,0,34,0,14,188,0,202,0,18,218,0,236,351,0,351,587
03/30/2011,CMA,CA,AWP,WE,Towers with Radar,0,5,31,0,36,0,2,199,0,201,0,7,230,0,237,167,0,167,404
03/31/2011,CMA,CA,AWP,WE,Towers with Radar,0,7,21,0,28,0,1,269,0,270,0,8,290,0,298,186,0,186,484
04/01/2011,CMA,CA,AWP,WE,Towers with Radar,0,4,26,0,30,0,1,278,0,279,0,5,304,0,309,288,0,288,597
04/02/2011,CMA,CA,AWP,WE,Towers with Radar,0,4,101,0,105,0,0,23,0,23,0,4,124,0,128,167,0,167,295
04/03/2011,CMA,CA,AWP,WE,Towers with Radar,0,8,56,0,64,0,5,146,0,151,0,13,202,0,215,210,0,210,425
04/04/2011,CMA,CA,AWP,WE,Towers with Radar,0,8,23,0,31,0,3,154,0,157,0,11,177,0,188,313,0,313,501
04/05/2011,CMA,CA,AWP,WE,Towers with Radar,0,2,21,0,23,0,7,184,0,191,0,9,205,0,214,323,0,323,537
04/06/2011,CMA,CA,AWP,WE,Towers with Radar,0,3,42,0,45,0,10,129,0,139,0,13,171,0,184,288,0,288,472
04/07/2011,CMA,CA,AWP,WE,Towers with Radar,0,0,38,0,38,0,1,36,0,37,0,1,74,0,75,121,0,121,196
04/08/2011,CMA,CA,AWP,WE,Towers with Radar,0,4,50,0,54,0,0,106,0,106,0,4,156,0,160,218,0,218,378
04/09/2011,CMA,CA,AWP,WE,Towers with Radar,0,2,31,0,33,0,0,257,0,257,0,2,288,0,290,128,0,128,418
04/10/2011,CMA,CA,AWP,WE,Towers with Radar,0,6,28,0,34,0,6,284,0,290,0,12,312,0,324,191,0,191,515
04/11/2011,CMA,CA,AWP,WE,Towers with Radar,0,4,29,0,33,0,6,164,0,170,0,10,193,0,203,224,0,224,427
04/12/2011,CMA,CA,AWP,WE,Towers with Radar,0,4,43,0,47,0,10,167,0,177,0,14,210,0,224,202,0,202,426
04/13/2011,CMA,CA,AWP,WE,Towers with Radar,0,9,46,0,55,0,1,92,0,93,0,10,138,0,148,237,0,237,385
04/14/2011,CMA,CA,AWP,WE,Towers with Radar,0,10,30,0,40,0,14,195,0,209,0,24,225,0,249,291,0,291,540
04/15/2011,CMA,CA,AWP,WE,Towers with Radar,0,7,37,0,44,0,7,194,0,201,0,14,231,0,245,147,0,147,392
04/16/2011,CMA,CA,AWP,WE,Towers with Radar,0,2,23,0,25,0,0,305,0,305,0,2,328,0,330,171,0,171,501
04/17/2011,CMA,CA,AWP,WE,Towers with Radar,0,6,33,0,39,0,7,276,0,283,0,13,309,0,322,158,0,158,480
04/18/2011,CMA,CA,AWP,WE,Towers with Radar,0,8,33,0,41,0,9,38,0,47,0,17,71,0,88,192,0,192,280
04/19/2011,CMA,CA,AWP,WE,Towers with Radar,0,6,61,0,67,0,2,45,0,47,0,8,106,0,114,163,0,163,277
04/20/2011,CMA,CA,AWP,WE,Towers with Radar,0,5,73,0,78,0,4,77,0,81,0,9,150,0,159,186,0,186,345
04/21/2011,CMA,CA,AWP,WE,Towers with Radar,0,12,36,0,48,0,3,59,0,62,0,15,95,0,110,165,0,165,275
04/22/2011,CMA,CA,AWP,WE,Towers with Radar,0,3,54,0,57,0,10,181,0,191,0,13,235,0,248,290,0,290,538
04/23/2011,CMA,CA,AWP,WE,Towers with Radar,0,7,40,0,47,0,0,269,0,269,0,7,309,0,316,242,0,242,558
04/24/2011,CMA,CA,AWP,WE,Towers with Radar,0,11,37,0,48,0,3,45,0,48,0,14,82,0,96,127,4,131,227
04/25/2011,CMA,CA,AWP,WE,Towers with Radar,0,9,36,0,45,0,11,167,0,178,0,20,203,0,223,233,0,233,456
04/26/2011,CMA,CA,AWP,WE,Towers with Radar,0,6,17,0,23,0,3,144,0,147,0,9,161,0,170,286,0,286,456
04/27/2011,CMA,CA,AWP,WE,Towers with Radar,0,12,24,0,36,0,7,196,0,203,0,19,220,0,239,148,0,148,387
04/28/2011,CMA,CA,AWP,WE,Towers with Radar,0,6,35,0,41,0,0,213,0,213,0,6,248,0,254,203,0,203,457
04/29/2011,CMA,CA,AWP,WE,Towers with Radar,0,3,45,0,48,0,2,228,0,230,0,5,273,0,278,244,0,244,522
04/30/2011,CMA,CA,AWP,WE,Towers with Radar,0,2,26,0,28,0,14,68,0,82,0,16,94,0,110,20,0,20,130
05/01/2011,CMA,CA,AWP,WE,Towers with Radar,0,1,12,0,13,0,1,125,0,126,0,2,137,0,139,110,0,110,249
05/02/2011,CMA,CA,AWP,WE,Towers with Radar,0,4,18,1,23,0,8,136,0,144,0,12,154,1,167,276,0,276,443
05/03/2011,CMA,CA,AWP,WE,Towers with Radar,0,8,21,0,29,0,20,180,0,200,0,28,201,0,229,309,0,309,538
05/04/2011,CMA,CA,AWP,WE,Towers with Radar,0,9,23,0,32,0,1,197,0,198,0,10,220,0,230,243,0,243,473
05/05/2011,CMA,CA,AWP,WE,Towers with Radar,0,4,36,0,40,0,3,176,0,179,0,7,212,0,219,277,0,277,496
05/06/2011,CMA,CA,AWP,WE,Towers with Radar,0,6,34,0,40,0,0,169,0,169,0,6,203,0,209,252,0,252,461
05/07/2011,CMA,CA,AWP,WE,Towers with Radar,0,4,67,0,71,0,8,100,0,108,0,12,167,0,179,228,0,228,407
05/08/2011,CMA,CA,AWP,WE,Towers with Radar,0,5,37,0,42,0,4,56,0,60,0,9,93,0,102,214,0,214,316
05/09/2011,CMA,CA,AWP,WE,Towers with Radar,0,7,33,0,40,0,11,119,0,130,0,18,152,0,170,172,0,172,342
05/10/2011,CMA,CA,AWP,WE,Towers with Radar,0,4,22,0,26,0,12,204,0,216,0,16,226,0,242,238,0,238,480
05/11/2011,CMA,CA,AWP,WE,Towers with Radar,0,11,32,0,43,0,3,211,0,214,0,14,243,0,257,238,0,238,495
05/12/2011,CMA,CA,AWP,WE,Towers with Radar,0,4,30,0,34,0,2,242,0,244,0,6,272,0,278,229,0,229,507
05/13/2011,CMA,CA,AWP,WE,Towers with Radar,0,6,32,0,38,0,4,226,0,230,0,10,258,0,268,222,0,222,490
05/14/2011,CMA,CA,AWP,WE,Towers with Radar,0,4,67,0,71,0,5,75,0,80,0,9,142,0,151,232,0,232,383
05/15/2011,CMA,CA,AWP,WE,Towers with Radar,0,7,16,0,23,0,8,80,0,88,0,15,96,0,111,90,0,90,201
05/16/2011,CMA,CA,AWP,WE,Towers with Radar,0,3,29,0,32,0,3,98,0,101,0,6,127,0,133,165,0,165,298
05/17/2011,CMA,CA,AWP,WE,Towers with Radar,0,5,33,0,38,0,8,42,0,50,0,13,75,0,88,79,0,79,167
05/18/2011,CMA,CA,AWP,WE,Towers with Radar,0,2,30,0,32,0,4,49,0,53,0,6,79,0,85,52,0,52,137
05/19/2011,CMA,CA,AWP,WE,Towers with Radar,0,4,38,0,42,0,6,207,0,213,0,10,245,0,255,232,0,232,487
05/20/2011,CMA,CA,AWP,WE,Towers with Radar,0,15,53,0,68,0,3,215,0,218,0,18,268,0,286,196,0,196,482
05/21/2011,CMA,CA,AWP,WE,Towers with Radar,0,3,48,0,51,0,5,148,0,153,0,8,196,0,204,98,0,98,302
05/22/2011,CMA,CA,AWP,WE,Towers with Radar,0,6,73,0,79,0,8,49,0,57,0,14,122,0,136,155,0,155,291
05/23/2011,CMA,CA,AWP,WE,Towers with Radar,0,10,34,0,44,0,9,86,0,95,0,19,120,0,139,186,0,186,325
05/24/2011,CMA,CA,AWP,WE,Towers with Radar,0,9,27,0,36,0,6,181,0,187,0,15,208,0,223,133,0,133,356
05/25/2011,CMA,CA,AWP,WE,Towers with Radar,0,6,38,0,44,0,9,198,0,207,0,15,236,0,251,280,0,280,531
05/26/2011,CMA,CA,AWP,WE,Towers with Radar,0,6,36,0,42,0,0,251,0,251,0,6,287,0,293,366,0,366,659
05/27/2011,CMA,CA,AWP,WE,Towers with Radar,0,6,34,0,40,0,4,198,0,202,0,10,232,0,242,190,0,190,432
05/28/2011,CMA,CA,AWP,WE,Towers with Radar,0,0,23,0,23,0,2,186,0,188,0,2,209,0,211,115,0,115,326
05/29/2011,CMA,CA,AWP,WE,Towers with Radar,0,4,14,0,18,0,1,75,0,76,0,5,89,0,94,91,0,91,185
05/30/2011,CMA,CA,AWP,WE,Towers with Radar,0,7,33,0,40,0,15,348,0,363,0,22,381,0,403,189,0,189,592
05/31/2011,CMA,CA,AWP,WE,Towers with Radar,0,1,14,0,15,0,9,138,0,147,0,10,152,0,162,225,0,225,387
06/01/2011,CMA,CA,AWP,WE,Towers with Radar,0,4,31,0,35,0,3,129,0,132,0,7,160,0,167,112,0,112,279
06/02/2011,CMA,CA,AWP,WE,Towers with Radar,0,11,35,0,46,0,5,197,0,202,0,16,232,0,248,269,0,269,517
06/03/2011,CMA,CA,AWP,WE,Towers with Radar,0,6,37,0,43,0,15,223,0,238,0,21,260,0,281,240,0,240,521
06/04/2011,CMA,CA,AWP,WE,Towers with Radar,0,6,40,0,46,0,1,144,0,145,0,7,184,0,191,256,0,256,447
06/05/2011,CMA,CA,AWP,WE,Towers with Radar,0,8,43,0,51,0,4,83,0,87,0,12,126,0,138,93,0,93,231
06/06/2011,CMA,CA,AWP,WE,Towers with Radar,0,10,47,0,57,0,2,82,0,84,0,12,129,0,141,197,0,197,338
06/07/2011,CMA,CA,AWP,WE,Towers with Radar,0,5,18,0,23,0,6,149,0,155,0,11,167,0,178,166,0,166,344
06/08/2011,CMA,CA,AWP,WE,Towers with Radar,0,8,68,0,76,0,3,52,0,55,0,11,120,0,131,176,0,176,307
06/09/2011,CMA,CA,AWP,WE,Towers with Radar,0,5,84,0,89,0,0,49,0,49,0,5,133,0,138,168,0,168,306
06/10/2011,CMA,CA,AWP,WE,Towers with Radar,0,18,91,0,109,0,0,33,0,33,0,18,124,0,142,121,0,121,263
06/11/2011,CMA,CA,AWP,WE,Towers with Radar,0,3,86,0,89,0,6,27,0,33,0,9,113,0,122,227,0,227,349
06/12/2011,CMA,CA,AWP,WE,Towers with Radar,0,7,75,0,82,0,0,71,0,71,0,7,146,0,153,147,0,147,300
06/13/2011,CMA,CA,AWP,WE,Towers with Radar,0,2,34,0,36,0,6,136,0,142,0,8,170,0,178,330,0,330,508
06/14/2011,CMA,CA,AWP,WE,Towers with Radar,0,6,35,0,41,0,4,98,0,102,0,10,133,0,143,127,0,127,270
06/15/2011,CMA,CA,AWP,WE,Towers with Radar,0,10,70,0,80,0,1,60,0,61,0,11,130,0,141,75,0,75,216
06/16/2011,CMA,CA,AWP,WE,Towers with Radar,0,0,82,0,82,0,0,22,0,22,0,0,104,0,104,122,2,124,228
06/17/2011,CMA,CA,AWP,WE,Towers with Radar,0,9,45,0,54,0,4,96,0,100,0,13,141,0,154,180,0,180,334
06/18/2011,CMA,CA,AWP,WE,Towers with Radar,0,6,74,0,80,0,2,170,0,172,0,8,244,0,252,148,0,148,400
06/19/2011,CMA,CA,AWP,WE,Towers with Radar,0,5,57,0,62,0,6,83,0,89,0,11,140,0,151,211,0,211,362
06/20/2011,CMA,CA,AWP,WE,Towers with Radar,0,6,51,0,57,0,6,163,0,169,0,12,214,0,226,130,0,130,356
06/21/2011,CMA,CA,AWP,WE,Towers with Radar,0,6,40,0,46,0,1,99,0,100,0,7,139,0,146,133,0,133,279
06/22/2011,CMA,CA,AWP,WE,Towers with Radar,0,9,47,0,56,0,0,95,0,95,0,9,142,0,151,177,0,177,328
06/23/2011,CMA,CA,AWP,WE,Towers with Radar,0,9,61,0,70,0,8,88,0,96,0,17,149,0,166,108,0,108,274
06/24/2011,CMA,CA,AWP,WE,Towers with Radar,0,8,87,0,95,0,1,80,0,81,0,9,167,0,176,108,0,108,284
06/25/2011,CMA,CA,AWP,WE,Towers with Radar,0,3,60,0,63,0,0,198,0,198,0,3,258,0,261,88,0,88,349
06/26/2011,CMA,CA,AWP,WE,Towers with Radar,0,4,33,1,38,0,7,223,0,230,0,11,256,1,268,259,0,259,527
06/27/2011,CMA,CA,AWP,WE,Towers with Radar,0,6,25,0,31,0,7,183,0,190,0,13,208,0,221,151,0,151,372
06/28/2011,CMA,CA,AWP,WE,Towers with Radar,0,8,40,0,48,0,5,108,0,113,0,13,148,0,161,258,0,258,419
06/29/2011,CMA,CA,AWP,WE,Towers with Radar,0,7,35,0,42,0,1,153,0,154,0,8,188,0,196,249,0,249,445
06/30/2011,CMA,CA,AWP,WE,Towers with Radar,0,4,40,0,44,0,3,238,0,241,0,7,278,0,285,193,0,193,478
07/01/2011,CMA,CA,AWP,WE,Towers with Radar,0,8,26,0,34,0,7,271,0,278,0,15,297,0,312,130,0,130,442
07/02/2011,CMA,CA,AWP,WE,Towers with Radar,0,3,22,0,25,0,3,316,0,319,0,6,338,0,344,131,0,131,475
07/03/2011,CMA,CA,AWP,WE,Towers with Radar,0,4,20,0,24,0,2,187,0,189,0,6,207,0,213,112,0,112,325
07/04/2011,CMA,CA,AWP,WE,Towers with Radar,0,0,5,0,5,0,0,122,0,122,0,0,127,0,127,135,0,135,262
07/05/2011,CMA,CA,AWP,WE,Towers with Radar,0,12,24,0,36,0,15,159,0,174,0,27,183,0,210,247,0,247,457
07/06/2011,CMA,CA,AWP,WE,Towers with Radar,0,5,25,0,30,0,0,174,0,174,0,5,199,0,204,167,0,167,371
07/07/2011,CMA,CA,AWP,WE,Towers with Radar,0,3,34,3,40,0,4,183,0,187,0,7,217,3,227,133,0,133,360
07/08/2011,CMA,CA,AWP,WE,Towers with Radar,0,5,39,0,44,0,6,233,0,239,0,11,272,0,283,208,0,208,491
07/09/2011,CMA,CA,AWP,WE,Towers with Radar,0,5,49,0,54,0,1,226,0,227,0,6,275,0,281,138,0,138,419
07/10/2011,CMA,CA,AWP,WE,Towers with Radar,0,8,35,0,43,0,2,170,0,172,0,10,205,0,215,149,0,149,364
07/11/2011,CMA,CA,AWP,WE,Towers with Radar,0,10,47,5,62,0,3,90,0,93,0,13,137,5,155,143,0,143,298
07/12/2011,CMA,CA,AWP,WE,Towers with Radar,0,10,47,0,57,0,12,101,0,113,0,22,148,0,170,225,0,225,395
07/13/2011,CMA,CA,AWP,WE,Towers with Radar,0,4,37,0,41,0,3,93,0,96,0,7,130,0,137,199,0,199,336
07/14/2011,CMA,CA,AWP,WE,Towers with Radar,0,16,83,0,99,0,3,62,0,65,0,19,145,0,164,297,0,297,461
07/15/2011,CMA,CA,AWP,WE,Towers with Radar,0,9,58,0,67,0,2,158,0,160,0,11,216,0,227,228,0,228,455
07/16/2011,CMA,CA,AWP,WE,Towers with Radar,0,3,31,0,34,0,5,263,0,268,0,8,294,0,302,180,0,180,482
07/17/2011,CMA,CA,AWP,WE,Towers with Radar,0,11,25,0,36,0,3,254,0,257,0,14,279,0,293,107,0,107,400
07/18/2011,CMA,CA,AWP,WE,Towers with Radar,0,6,22,0,28,0,1,134,0,135,0,7,156,0,163,124,0,124,287
07/19/2011,CMA,CA,AWP,WE,Towers with Radar,0,4,25,0,29,0,10,196,0,206,0,14,221,0,235,222,0,222,457
07/20/2011,CMA,CA,AWP,WE,Towers with Radar,0,14,73,2,89,0,4,113,0,117,0,18,186,2,206,137,0,137,343
07/21/2011,CMA,CA,AWP,WE,Towers with Radar,0,13,62,0,75,0,5,104,0,109,0,18,166,0,184,236,0,236,420
07/22/2011,CMA,CA,AWP,WE,Towers with Radar,0,12,68,0,80,0,2,156,0,158,0,14,224,0,238,173,0,173,411
07/23/2011,CMA,CA,AWP,WE,Towers with Radar,0,5,48,0,53,0,4,215,0,219,0,9,263,0,272,157,0,157,429
07/24/2011,CMA,CA,AWP,WE,Towers with Radar,0,12,45,0,57,0,10,230,0,240,0,22,275,0,297,205,0,205,502
07/25/2011,CMA,CA,AWP,WE,Towers with Radar,0,4,19,0,23,0,8,164,0,172,0,12,183,0,195,274,0,274,469
07/26/2011,CMA,CA,AWP,WE,Towers with Radar,0,4,39,0,43,0,5,154,0,159,0,9,193,0,202,295,0,295,497
07/27/2011,CMA,CA,AWP,WE,Towers with Radar,0,13,36,0,49,0,4,114,0,118,0,17,150,0,167,264,0,264,431
07/28/2011,CMA,CA,AWP,WE,Towers with Radar,0,8,44,0,52,0,9,150,0,159,0,17,194,0,211,200,0,200,411
07/29/2011,CMA,CA,AWP,WE,Towers with Radar,0,7,77,0,84,0,0,69,0,69,0,7,146,0,153,164,0,164,317
07/30/2011,CMA,CA,AWP,WE,Towers with Radar,0,10,58,0,68,0,0,152,0,152,0,10,210,0,220,180,0,180,400
07/31/2011,CMA,CA,AWP,WE,Towers with Radar,0,7,24,0,31,0,6,152,0,158,0,13,176,0,189,126,0,126,315
08/01/2011,CMA,CA,AWP,WE,Towers with Radar,0,5,29,0,34,0,6,182,0,188,0,11,211,0,222,152,0,152,374
08/02/2011,CMA,CA,AWP,WE,Towers with Radar,0,3,26,0,29,0,8,185,0,193,0,11,211,0,222,236,0,236,458
08/03/2011,CMA,CA,AWP,WE,Towers with Radar,0,10,35,1,46,0,2,156,0,158,0,12,191,1,204,185,0,185,389
08/04/2011,CMA,CA,AWP,WE,Towers with Radar,0,8,34,0,42,0,2,183,0,185,0,10,217,0,227,244,0,244,471
08/05/2011,CMA,CA,AWP,WE,Towers with Radar,0,4,42,0,46,0,6,193,0,199,0,10,235,0,245,222,0,222,467
08/06/2011,CMA,CA,AWP,WE,Towers with Radar,0,8,54,0,62,0,0,212,0,212,0,8,266,0,274,136,0,136,410
08/07/2011,CMA,CA,AWP,WE,Towers with Radar,0,7,42,0,49,0,4,183,0,187,0,11,225,0,236,90,0,90,326
08/08/2011,CMA,CA,AWP,WE,Towers with Radar,0,2,40,0,42,0,0,100,0,100,0,2,140,0,142,159,0,159,301
08/09/2011,CMA,CA,AWP,WE,Towers with Radar,0,6,58,0,64,0,8,79,0,87,0,14,137,0,151,215,2,217,368
08/10/2011,CMA,CA,AWP,WE,Towers with Radar,0,9,46,0,55,0,0,71,0,71,0,9,117,0,126,141,0,141,267
08/11/2011,CMA,CA,AWP,WE,Towers with Radar,0,8,40,0,48,0,4,113,0,117,0,12,153,0,165,172,0,172,337
08/12/2011,CMA,CA,AWP,WE,Towers with Radar,0,8,50,0,58,0,3,137,0,140,0,11,187,0,198,177,0,177,375
08/13/2011,CMA,CA,AWP,WE,Towers with Radar,0,4,57,0,61,0,8,210,0,218,0,12,267,0,279,145,0,145,424
08/14/2011,CMA,CA,AWP,WE,Towers with Radar,0,12,43,0,55,0,8,184,0,192,0,20,227,0,247,67,0,67,314
08/15/2011,CMA,CA,AWP,WE,Towers with Radar,0,5,39,0,44,0,3,122,0,125,0,8,161,0,169,205,0,205,374
08/16/2011,CMA,CA,AWP,WE,Towers with Radar,0,8,48,0,56,0,1,122,0,123,0,9,170,0,179,238,0,238,417
08/17/2011,CMA,CA,AWP,WE,Towers with Radar,0,5,25,0,30,0,4,163,0,167,0,9,188,0,197,355,0,355,552
08/18/2011,CMA,CA,AWP,WE,Towers with Radar,0,8,38,0,46,0,1,225,0,226,0,9,263,0,272,164,0,164,436
08/19/2011,CMA,CA,AWP,WE,Towers with Radar,0,5,41,1,47,0,0,156,0,156,0,5,197,1,203,111,0,111,314
08/20/2011,CMA,CA,AWP,WE,Towers with Radar,0,6,26,0,32,0,1,132,0,133,0,7,158,0,165,48,0,48,213
08/21/2011,CMA,CA,AWP,WE,Towers with Radar,0,12,37,3,52,0,1,117,0,118,0,13,154,3,170,53,0,53,223
08/22/2011,CMA,CA,AWP,WE,Towers with Radar,0,13,19,1,33,0,3,112,0,115,0,16,131,1,148,187,0,187,335
08/23/2011,CMA,CA,AWP,WE,Towers with Radar,0,7,38,0,45,0,4,184,0,188,0,11,222,0,233,284,0,284,517
08/24/2011,CMA,CA,AWP,WE,Towers with Radar,0,10,32,0,42,0,2,218,0,220,0,12,250,0,262,244,0,244,506
08/25/2011,CMA,CA,AWP,WE,Towers with Radar,0,68,36,0,104,0,3,243,0,246,0,71,279,0,350,223,0,223,573
08/26/2011,CMA,CA,AWP,WE,Towers with Radar,0,8,34,0,42,0,2,245,0,247,0,10,279,0,289,256,0,256,545
08/27/2011,CMA,CA,AWP,WE,Towers with Radar,0,2,17,0,19,0,3,317,0,320,0,5,334,0,339,167,0,167,506
08/28/2011,CMA,CA,AWP,WE,Towers with Radar,0,8,27,0,35,0,8,220,0,228,0,16,247,0,263,61,0,61,324
08/29/2011,CMA,CA,AWP,WE,Towers with Radar,0,12,22,0,34,0,4,161,0,165,0,16,183,0,199,135,0,135,334
08/30/2011,CMA,CA,AWP,WE,Towers with Radar,0,3,30,0,33,0,4,173,0,177,0,7,203,0,210,281,0,281,491
08/31/2011,CMA,CA,AWP,WE,Towers with Radar,0,12,37,0,49,0,6,122,0,128,0,18,159,0,177,221,0,221,398
09/01/2011,CMA,CA,AWP,WE,Towers with Radar,0,12,53,0,65,0,3,111,0,114,0,15,164,0,179,169,0,169,348
09/02/2011,CMA,CA,AWP,WE,Towers with Radar,0,13,43,0,56,0,15,152,0,167,0,28,195,0,223,149,0,149,372
09/03/2011,CMA,CA,AWP,WE,Towers with Radar,0,6,28,0,34,0,1,237,0,238,0,7,265,0,272,165,0,165,437
09/04/2011,CMA,CA,AWP,WE,Towers with Radar,0,5,28,0,33,0,5,183,0,188,0,10,211,0,221,170,0,170,391
09/05/2011,CMA,CA,AWP,WE,Towers with Radar,0,5,23,0,28,0,8,208,0,216,0,13,231,0,244,243,0,243,487
09/06/2011,CMA,CA,AWP,WE,Towers with Radar,0,11,20,0,31,0,21,149,0,170,0,32,169,0,201,198,0,198,399
09/07/2011,CMA,CA,AWP,WE,Towers with Radar,0,14,24,0,38,0,6,164,0,170,0,20,188,0,208,273,0,273,481
09/08/2011,CMA,CA,AWP,WE,Towers with Radar,0,7,28,0,35,0,6,178,0,184,0,13,206,0,219,219,6,225,444
09/09/2011,CMA,CA,AWP,WE,Towers with Radar,0,10,30,0,40,0,2,222,0,224,0,12,252,0,264,158,0,158,422
09/10/2011,CMA,CA,AWP,WE,Towers with Radar,0,6,31,0,37,0,9,103,0,112,0,15,134,0,149,188,1,189,338
09/11/2011,CMA,CA,AWP,WE,Towers with Radar,0,8,57,0,65,0,5,201,0,206,0,13,258,0,271,138,0,138,409
09/12/2011,CMA,CA,AWP,WE,Towers with Radar,0,9,11,0,20,0,3,138,0,141,0,12,149,0,161,154,0,154,315
09/13/2011,CMA,CA,AWP,WE,Towers with Radar,0,6,46,0,52,0,8,177,0,185,0,14,223,0,237,262,0,262,499
09/14/2011,CMA,CA,AWP,WE,Towers with Radar,0,8,41,0,49,0,1,104,0,105,0,9,145,0,154,134,0,134,288
09/15/2011,CMA,CA,AWP,WE,Towers with Radar,0,10,55,0,65,0,3,78,0,81,0,13,133,0,146,125,0,125,271
09/16/2011,CMA,CA,AWP,WE,Towers with Radar,0,18,92,0,110,0,0,32,0,32,0,18,124,0,142,161,0,161,303
09/17/2011,CMA,CA,AWP,WE,Towers with Radar,0,2,53,0,55,0,3,118,0,121,0,5,171,0,176,125,0,125,301
09/18/2011,CMA,CA,AWP,WE,Towers with Radar,0,8,31,0,39,0,5,244,0,249,0,13,275,0,288,140,0,140,428
09/19/2011,CMA,CA,AWP,WE,Towers with Radar,0,13,28,0,41,0,4,123,0,127,0,17,151,0,168,223,16,239,407
09/20/2011,CMA,CA,AWP,WE,Towers with Radar,0,11,36,0,47,0,0,96,0,96,0,11,132,0,143,171,0,171,314
09/21/2011,CMA,CA,AWP,WE,Towers with Radar,0,9,73,0,82,0,7,91,0,98,0,16,164,0,180,199,0,199,379
09/22/2011,CMA,CA,AWP,WE,Towers with Radar,0,6,54,1,61,0,5,124,0,129,0,11,178,1,190,196,0,196,386
09/23/2011,CMA,CA,AWP,WE,Towers with Radar,0,6,47,0,53,0,6,185,1,192,0,12,232,1,245,128,0,128,373
09/24/2011,CMA,CA,AWP,WE,Towers with Radar,0,9,80,0,89,0,0,27,0,27,0,9,107,0,116,184,0,184,300
09/25/2011,CMA,CA,AWP,WE,Towers with Radar,0,4,59,0,63,0,2,29,0,31,0,6,88,0,94,135,0,135,229
09/26/2011,CMA,CA,AWP,WE,Towers with Radar,0,10,42,0,52,0,4,76,1,81,0,14,118,1,133,187,16,203,336
09/27/2011,CMA,CA,AWP,WE,Towers with Radar,0,0,5,31,36,0,8,179,0,187,0,8,184,31,223,208,0,208,431
09/28/2011,CMA,CA,AWP,WE,Towers with Radar,0,10,93,0,103,0,0,14,0,14,0,10,107,0,117,7,0,7,124
09/29/2011,CMA,CA,AWP,WE,Towers with Radar,0,11,44,0,55,0,5,126,0,131,0,16,170,0,186,137,0,137,323
09/30/2011,CMA,CA,AWP,WE,Towers with Radar,0,10,52,0,62,0,3,197,0,200,0,13,249,0,262,203,0,203,465
10/01/2011,CMA,CA,AWP,WE,Towers with Radar,0,2,24,0,26,0,3,276,0,279,0,5,300,0,305,152,0,152,457
10/02/2011,CMA,CA,AWP,WE,Towers with Radar,0,4,28,0,32,0,6,232,0,238,0,10,260,0,270,166,0,166,436
10/03/2011,CMA,CA,AWP,WE,Towers with Radar,0,9,17,0,26,0,7,188,0,195,0,16,205,0,221,181,0,181,402
10/04/2011,CMA,CA,AWP,WE,Towers with Radar,0,13,48,0,61,0,9,80,0,89,0,22,128,0,150,232,0,232,382
10/05/2011,CMA,CA,AWP,WE,Towers with Radar,0,10,26,1,37,0,4,14,0,18,0,14,40,1,55,39,0,39,94
10/06/2011,CMA,CA,AWP,WE,Towers with Radar,0,6,29,0,35,0,4,158,0,162,0,10,187,0,197,190,0,190,387
10/07/2011,CMA,CA,AWP,WE,Towers with Radar,0,9,32,0,41,0,1,207,0,208,0,10,239,0,249,203,0,203,452
10/08/2011,CMA,CA,AWP,WE,Towers with Radar,0,5,6,0,11,0,7,269,0,276,0,12,275,0,287,170,0,170,457
10/09/2011,CMA,CA,AWP,WE,Towers with Radar,0,8,37,0,45,0,5,240,0,245,0,13,277,0,290,63,0,63,353
10/10/2011,CMA,CA,AWP,WE,Towers with Radar,0,5,27,0,32,0,1,167,0,168,0,6,194,0,200,227,0,227,427
10/11/2011,CMA,CA,AWP,WE,Towers with Radar,0,11,29,1,41,0,5,152,0,157,0,16,181,1,198,223,0,223,421
10/12/2011,CMA,CA,AWP,WE,Towers with Radar,0,5,36,0,41,0,4,194,0,198,0,9,230,0,239,212,0,212,451
10/13/2011,CMA,CA,AWP,WE,Towers with Radar,0,9,41,0,50,0,3,195,0,198,0,12,236,0,248,154,0,154,402
10/14/2011,CMA,CA,AWP,WE,Towers with Radar,0,5,33,0,38,0,2,139,0,141,0,7,172,0,179,269,0,269,448
10/15/2011,CMA,CA,AWP,WE,Towers with Radar,0,7,60,0,67,0,1,125,0,126,0,8,185,0,193,214,0,214,407
10/16/2011,CMA,CA,AWP,WE,Towers with Radar,0,4,35,0,39,0,5,236,0,241,0,9,271,0,280,111,0,111,391
10/17/2011,CMA,CA,AWP,WE,Towers with Radar,0,8,14,1,23,0,2,132,0,134,0,10,146,1,157,185,0,185,342
10/18/2011,CMA,CA,AWP,WE,Towers with Radar,0,7,60,0,67,0,0,6,0,6,0,7,66,0,73,30,0,30,103
10/19/2011,CMA,CA,AWP,WE,Towers with Radar,0,9,47,0,56,0,0,57,0,57,0,9,104,0,113,221,0,221,334
10/20/2011,CMA,CA,AWP,WE,Towers with Radar,0,5,84,0,89,0,0,32,0,32,0,5,116,0,121,139,0,139,260
10/21/2011,CMA,CA,AWP,WE,Towers with Radar,0,4,57,0,61,0,0,99,0,99,0,4,156,0,160,152,0,152,312
10/22/2011,CMA,CA,AWP,WE,Towers with Radar,0,4,23,0,27,0,0,160,0,160,0,4,183,0,187,136,0,136,323
10/23/2011,CMA,CA,AWP,WE,Towers with Radar,0,6,70,0,76,0,1,81,0,82,0,7,151,0,158,43,0,43,201
10/24/2011,CMA,CA,AWP,WE,Towers with Radar,0,15,66,0,81,0,1,14,0,15,0,16,80,0,96,111,0,111,207
10/25/2011,CMA,CA,AWP,WE,Towers with Radar,0,24,77,0,101,0,3,32,0,35,0,27,109,0,136,283,0,283,419
10/26/2011,CMA,CA,AWP,WE,Towers with Radar,0,10,29,0,39,0,5,165,2,172,0,15,194,2,211,261,0,261,472
10/27/2011,CMA,CA,AWP,WE,Towers with Radar,0,6,24,0,30,0,3,123,0,126,0,9,147,0,156,107,0,107,263
10/28/2011,CMA,CA,AWP,WE,Towers with Radar,0,6,48,0,54,0,0,270,0,270,0,6,318,0,324,240,0,240,564
10/29/2011,CMA,CA,AWP,WE,Towers with Radar,0,5,31,0,36,0,0,250,0,250,0,5,281,0,286,137,0,137,423
10/30/2011,CMA,CA,AWP,WE,Towers with Radar,0,4,24,0,28,0,3,227,0,230,0,7,251,0,258,158,0,158,416
10/31/2011,CMA,CA,AWP,WE,Towers with Radar,0,5,20,0,25,0,4,141,0,145,0,9,161,0,170,172,0,172,342
11/01/2011,CMA,CA,AWP,WE,Towers with Radar,0,9,36,0,45,0,4,100,0,104,0,13,136,0,149,118,0,118,267
11/02/2011,CMA,CA,AWP,WE,Towers with Radar,0,8,13,0,21,0,4,25,0,29,0,12,38,0,50,6,0,6,56
11/03/2011,CMA,CA,AWP,WE,Towers with Radar,0,11,46,0,57,0,9,175,0,184,0,20,221,0,241,185,0,185,426
11/04/2011,CMA,CA,AWP,WE,Towers with Radar,0,12,27,0,39,0,4,60,0,64,0,16,87,0,103,190,0,190,293
11/05/2011,CMA,CA,AWP,WE,Towers with Radar,0,7,14,0,21,0,4,299,0,303,0,11,313,0,324,202,0,202,526
11/06/2011,CMA,CA,AWP,WE,Towers with Radar,0,4,17,0,21,0,4,60,0,64,0,8,77,0,85,127,0,127,212
11/07/2011,CMA,CA,AWP,WE,Towers with Radar,0,5,19,0,24,0,2,155,0,157,0,7,174,0,181,156,0,156,337
11/08/2011,CMA,CA,AWP,WE,Towers with Radar,0,5,28,0,33,0,4,210,0,214,0,9,238,0,247,252,0,252,499
11/09/2011,CMA,CA,AWP,WE,Towers with Radar,0,7,20,0,27,0,0,113,1,114,0,7,133,1,141,92,0,92,233
11/10/2011,CMA,CA,AWP,WE,Towers with Radar,0,7,25,0,32,0,0,115,0,115,0,7,140,0,147,188,0,188,335
11/11/2011,CMA,CA,AWP,WE,Towers with Radar,0,10,41,0,51,0,0,122,0,122,0,10,163,0,173,181,0,181,354
11/12/2011,CMA,CA,AWP,WE,Towers with Radar,0,7,18,0,25,0,0,64,0,64,0,7,82,0,89,142,0,142,231
11/13/2011,CMA,CA,AWP,WE,Towers with Radar,0,9,34,0,43,0,2,224,0,226,0,11,258,0,269,203,0,203,472
11/14/2011,CMA,CA,AWP,WE,Towers with Radar,0,6,34,1,41,0,4,107,0,111,0,10,141,1,152,253,0,253,405
11/15/2011,CMA,CA,AWP,WE,Towers with Radar,0,13,53,0,66,0,4,103,0,107,0,17,156,0,173,186,1,187,360
11/16/2011,CMA,CA,AWP,WE,Towers with Radar,0,9,30,0,39,0,3,151,0,154,0,12,181,0,193,228,0,228,421
11/17/2011,CMA,CA,AWP,WE,Towers with Radar,0,9,48,0,57,0,6,227,0,233,0,15,275,0,290,145,0,145,435
11/18/2011,CMA,CA,AWP,WE,Towers with Radar,0,9,65,0,74,0,5,58,0,63,0,14,123,0,137,179,0,179,316
11/19/2011,CMA,CA,AWP,WE,Towers with Radar,0,2,42,0,44,0,1,197,0,198,0,3,239,0,242,259,0,259,501
11/20/2011,CMA,CA,AWP,WE,Towers with Radar,0,5,19,0,24,0,0,5,0,5,0,5,24,0,29,0,0,0,29
11/21/2011,CMA,CA,AWP,WE,Towers with Radar,0,6,22,0,28,0,6,160,0,166,0,12,182,0,194,161,0,161,355
11/22/2011,CMA,CA,AWP,WE,Towers with Radar,0,13,28,0,41,0,5,221,0,226,0,18,249,0,267,186,0,186,453
11/23/2011,CMA,CA,AWP,WE,Towers with Radar,0,10,39,0,49,0,4,178,0,182,0,14,217,0,231,155,0,155,386
11/24/2011,CMA,CA,AWP,WE,Towers with Radar,0,7,12,0,19,0,0,39,0,39,0,7,51,0,58,66,0,66,124
11/25/2011,CMA,CA,AWP,WE,Towers with Radar,0,7,28,0,35,0,1,219,0,220,0,8,247,0,255,80,0,80,335
11/26/2011,CMA,CA,AWP,WE,Towers with Radar,0,8,14,0,22,0,6,193,0,199,0,14,207,0,221,62,0,62,283
11/27/2011,CMA,CA,AWP,WE,Towers with Radar,0,2,25,0,27,0,4,242,0,246,0,6,267,0,273,134,0,134,407
11/28/2011,CMA,CA,AWP,WE,Towers with Radar,0,8,27,0,35,0,1,169,0,170,0,9,196,0,205,236,0,236,441
11/29/2011,CMA,CA,AWP,WE,Towers with Radar,0,7,25,4,36,0,8,174,2,184,0,15,199,6,220,196,0,196,416
11/30/2011,CMA,CA,AWP,WE,Towers with Radar,0,9,28,0,37,0,1,169,0,170,0,10,197,0,207,270,0,270,477
12/01/2011,CMA,CA,AWP,WE,Towers with Radar,0,4,21,0,25,0,1,40,0,41,0,5,61,0,66,128,0,128,194
12/02/2011,CMA,CA,AWP,WE,Towers with Radar,0,7,31,0,38,0,5,137,0,142,0,12,168,0,180,237,0,237,417
12/03/2011,CMA,CA,AWP,WE,Towers with Radar,0,6,7,0,13,0,6,52,0,58,0,12,59,0,71,11,0,11,82
12/04/2011,CMA,CA,AWP,WE,Towers with Radar,0,16,42,0,58,0,1,199,1,201,0,17,241,1,259,136,2,138,397
12/05/2011,CMA,CA,AWP,WE,Towers with Radar,0,7,11,0,18,0,2,48,0,50,0,9,59,0,68,21,0,21,89
12/06/2011,CMA,CA,AWP,WE,Towers with Radar,0,7,19,0,26,0,5,102,0,107,0,12,121,0,133,109,0,109,242
12/07/2011,CMA,CA,AWP,WE,Towers with Radar,0,3,22,1,26,0,2,148,0,150,0,5,170,1,176,152,0,152,328
12/08/2011,CMA,CA,AWP,WE,Towers with Radar,0,8,34,0,42,0,5,199,0,204,0,13,233,0,246,214,0,214,460
12/09/2011,CMA,CA,AWP,WE,Towers with Radar,0,12,30,0,42,0,1,183,0,184,0,13,213,0,226,233,0,233,459
12/10/2011,CMA,CA,AWP,WE,Towers with Radar,0,5,33,0,38,0,5,240,0,245,0,10,273,0,283,215,0,215,498
12/11/2011,CMA,CA,AWP,WE,Towers with Radar,0,5,53,0,58,0,2,76,0,78,0,7,129,0,136,136,0,136,272
12/12/2011,CMA,CA,AWP,WE,Towers with Radar,0,10,28,0,38,0,2,6,0,8,0,12,34,0,46,34,0,34,80
12/13/2011,CMA,CA,AWP,WE,Towers with Radar,0,14,36,0,50,0,3,101,0,104,0,17,137,0,154,123,0,123,277
12/14/2011,CMA,CA,AWP,WE,Towers with Radar,0,7,45,0,52,0,0,183,0,183,0,7,228,0,235,140,0,140,375
12/15/2011,CMA,CA,AWP,WE,Towers with Radar,0,6,50,0,56,0,4,118,0,122,0,10,168,0,178,126,0,126,304
12/16/2011,CMA,CA,AWP,WE,Towers with Radar,0,1,22,0,23,0,5,59,0,64,0,6,81,0,87,55,0,55,142
12/17/2011,CMA,CA,AWP,WE,Towers with Radar,0,12,19,0,31,0,5,71,0,76,0,17,90,0,107,43,0,43,150
12/18/2011,CMA,CA,AWP,WE,Towers with Radar,0,6,39,0,45,0,2,197,0,199,0,8,236,0,244,175,0,175,419
12/19/2011,CMA,CA,AWP,WE,Towers with Radar,0,9,50,0,59,0,5,78,0,83,0,14,128,0,142,144,0,144,286
12/20/2011,CMA,CA,AWP,WE,Towers with Radar,0,7,24,0,31,0,3,195,0,198,0,10,219,0,229,88,0,88,317
12/21/2011,CMA,CA,AWP,WE,Towers with Radar,0,7,23,0,30,0,1,218,0,219,0,8,241,0,249,247,0,247,496
12/22/2011,CMA,CA,AWP,WE,Towers with Radar,0,5,10,0,15,0,0,26,0,26,0,5,36,0,41,6,0,6,47
12/23/2011,CMA,CA,AWP,WE,Towers with Radar,0,4,20,0,24,0,5,176,0,181,0,9,196,0,205,192,0,192,397
12/24/2011,CMA,CA,AWP,WE,Towers with Radar,0,2,12,0,14,0,1,124,0,125,0,3,136,0,139,31,0,31,170
12/25/2011,CMA,CA,AWP,WE,Towers with Radar,0,2,3,0,5,0,1,43,0,44,0,3,46,0,49,29,0,29,78
12/26/2011,CMA,CA,AWP,WE,Towers with Radar,0,2,22,0,24,0,2,229,0,231,0,4,251,0,255,142,0,142,397
12/27/2011,CMA,CA,AWP,WE,Towers with Radar,0,8,34,0,42,0,5,204,0,209,0,13,238,0,251,245,0,245,496
12/28/2011,CMA,CA,AWP,WE,Towers with Radar,0,8,28,0,36,0,2,264,0,266,0,10,292,0,302,172,0,172,474
12/29/2011,CMA,CA,AWP,WE,Towers with Radar,0,12,41,0,53,0,1,198,0,199,0,13,239,0,252,144,0,144,396
12/30/2011,CMA,CA,AWP,WE,Towers with Radar,0,3,30,0,33,0,3,212,0,215,0,6,242,0,248,210,0,210,458
12/31/2011,CMA,CA,AWP,WE,Towers with Radar,0,3,18,0,21,0,2,263,0,265,0,5,281,0,286,106,0,106,392
01/01/2012,CMA,CA,AWP,WE,Towers with Radar,0,6,17,0,23,0,1,90,0,91,0,7,107,0,114,57,0,57,171
01/02/2012,CMA,CA,AWP,WE,Towers with Radar,0,11,30,0,41,0,2,221,0,223,0,13,251,0,264,190,0,190,454
01/03/2012,CMA,CA,AWP,WE,Towers with Radar,0,11,26,0,37,0,1,98,0,99,0,12,124,0,136,146,0,146,282
01/04/2012,CMA,CA,AWP,WE,Towers with Radar,0,7,27,0,34,0,0,144,0,144,0,7,171,0,178,194,0,194,372
01/05/2012,CMA,CA,AWP,WE,Towers with Radar,0,5,29,0,34,0,0,196,0,196,0,5,225,0,230,253,0,253,483
01/06/2012,CMA,CA,AWP,WE,Towers with Radar,0,8,36,0,44,0,1,232,0,233,0,9,268,0,277,174,0,174,451
01/07/2012,CMA,CA,AWP,WE,Towers with Radar,0,3,35,0,38,0,4,210,0,214,0,7,245,0,252,88,0,88,340
01/08/2012,CMA,CA,AWP,WE,Towers with Radar,0,2,9,0,11,0,4,59,0,63,0,6,68,0,74,54,0,54,128
01/09/2012,CMA,CA,AWP,WE,Towers with Radar,0,5,28,0,33,0,2,106,0,108,0,7,134,0,141,80,0,80,221
01/10/2012,CMA,CA,AWP,WE,Towers with Radar,0,4,25,0,29,0,3,137,0,140,0,7,162,0,169,136,0,136,305
01/11/2012,CMA,CA,AWP,WE,Towers with Radar,0,9,31,0,40,0,1,138,0,139,0,10,169,0,179,153,0,153,332
01/12/2012,CMA,CA,AWP,WE,Towers with Radar,0,10,27,0,37,0,2,144,0,146,0,12,171,0,183,107,0,107,290
01/13/2012,CMA,CA,AWP,WE,Towers with Radar,0,7,27,0,34,0,1,96,0,97,0,8,123,0,131,64,0,64,195
01/14/2012,CMA,CA,AWP,WE,Towers with Radar,0,2,27,0,29,0,5,267,0,272,0,7,294,0,301,142,0,142,443
01/15/2012,CMA,CA,AWP,WE,Towers with Radar,0,4,36,0,40,0,6,136,0,142,0,10,172,0,182,123,0,123,305
01/16/2012,CMA,CA,AWP,WE,Towers with Radar,0,5,29,0,34,0,8,118,0,126,0,13,147,0,160,215,0,215,375
01/17/2012,CMA,CA,AWP,WE,Towers with Radar,0,7,28,0,35,0,2,129,0,131,0,9,157,0,166,167,0,167,333
01/18/2012,CMA,CA,AWP,WE,Towers with Radar,0,6,35,2,43,0,2,182,0,184,0,8,217,2,227,265,0,265,492
01/19/2012,CMA,CA,AWP,WE,Towers with Radar,0,5,44,0,49,0,3,168,0,171,0,8,212,0,220,229,0,229,449
01/20/2012,CMA,CA,AWP,WE,Towers with Radar,0,14,51,0,65,0,4,124,0,128,0,18,175,0,193,299,0,299,492
01/21/2012,CMA,CA,AWP,WE,Towers with Radar,0,2,19,0,21,0,3,22,0,25,0,5,41,0,46,32,0,32,78
01/22/2012,CMA,CA,AWP,WE,Towers with Radar,0,2,30,0,32,0,3,164,0,167,0,5,194,0,199,196,0,196,395
01/23/2012,CMA,CA,AWP,WE,Towers with Radar,0,9,36,0,45,0,0,9,0,9,0,9,45,0,54,34,0,34,88
01/24/2012,CMA,CA,AWP,WE,Towers with Radar,0,3,22,0,25,0,2,142,0,144,0,5,164,0,169,207,0,207,376
01/25/2012,CMA,CA,AWP,WE,Towers with Radar,0,3,25,0,28,0,0,136,0,136,0,3,161,0,164,168,0,168,332
01/26/2012,CMA,CA,AWP,WE,Towers with Radar,0,11,29,0,40,0,1,206,0,207,0,12,235,0,247,209,0,209,456
01/27/2012,CMA,CA,AWP,WE,Towers with Radar,0,7,21,0,28,0,0,64,0,64,0,7,85,0,92,23,0,23,115
01/28/2012,CMA,CA,AWP,WE,Towers with Radar,0,1,11,0,12,0,6,41,0,47,0,7,52,0,59,21,0,21,80
01/29/2012,CMA,CA,AWP,WE,Towers with Radar,0,3,22,0,25,0,0,332,0,332,0,3,354,0,357,181,0,181,538
01/30/2012,CMA,CA,AWP,WE,Towers with Radar,0,12,25,0,37,0,7,172,0,179,0,19,197,0,216,213,0,213,429
01/31/2012,CMA,CA,AWP,WE,Towers with Radar,0,12,32,0,44,0,1,207,0,208,0,13,239,0,252,285,0,285,537
02/01/2012,CMA,CA,AWP,WE,Towers with Radar,0,6,23,0,29,0,2,170,0,172,0,8,193,0,201,225,0,225,426
02/02/2012,CMA,CA,AWP,WE,Towers with Radar,0,12,26,1,39,0,4,149,0,153,0,16,175,1,192,232,0,232,424
02/03/2012,CMA,CA,AWP,WE,Towers with Radar,0,7,17,0,24,0,3,91,0,94,0,10,108,0,118,11,0,11,129
02/04/2012,CMA,CA,AWP,WE,Towers with Radar,0,4,13,0,17,0,3,202,0,205,0,7,215,0,222,129,0,129,351
02/05/2012,CMA,CA,AWP,WE,Towers with Radar,0,8,17,0,25,0,6,180,0,186,0,14,197,0,211,130,0,130,341
02/06/2012,CMA,CA,AWP,WE,Towers with Radar,0,7,29,0,36,0,2,147,0,149,0,9,176,0,185,153,0,153,338
02/07/2012,CMA,CA,AWP,WE,Towers with Radar,0,6,13,0,19,0,0,32,0,32,0,6,45,0,51,117,0,117,168
02/08/2012,CMA,CA,AWP,WE,Towers with Radar,0,11,19,0,30,0,5,124,0,129,0,16,143,0,159,202,0,202,361
02/09/2012,CMA,CA,AWP,WE,Towers with Radar,0,5,30,0,35,0,1,193,0,194,0,6,223,0,229,221,0,221,450
02/10/2012,CMA,CA,AWP,WE,Towers with Radar,0,7,49,0,56,0,5,242,0,247,0,12,291,0,303,128,0,128,431
02/11/2012,CMA,CA,AWP,WE,Towers with Radar,0,4,46,0,50,0,5,157,0,162,0,9,203,0,212,144,0,144,356
02/12/2012,CMA,CA,AWP,WE,Towers with Radar,0,2,53,0,55,0,3,221,0,224,0,5,274,0,279,181,0,181,460
02/13/2012,CMA,CA,AWP,WE,Towers with Radar,0,9,31,0,40,0,3,32,0,35,0,12,63,0,75,160,0,160,235
02/14/2012,CMA,CA,AWP,WE,Towers with Radar,0,9,28,0,37,0,6,150,0,156,0,15,178,0,193,257,0,257,450
02/15/2012,CMA,CA,AWP,WE,Towers with Radar,0,10,37,0,47,0,3,38,0,41,0,13,75,0,88,122,0,122,210
02/16/2012,CMA,CA,AWP,WE,Towers with Radar,0,13,40,0,53,0,5,83,0,88,0,18,123,0,141,217,0,217,358
02/17/2012,CMA,CA,AWP,WE,Towers with Radar,0,10,42,0,52,0,5,229,0,234,0,15,271,0,286,180,0,180,466
02/18/2012,CMA,CA,AWP,WE,Towers with Radar,0,8,31,0,39,0,0,282,0,282,0,8,313,0,321,160,0,160,481
02/19/2012,CMA,CA,AWP,WE,Towers with Radar,0,7,26,0,33,0,5,160,0,165,0,12,186,0,198,163,0,163,361
02/20/2012,CMA,CA,AWP,WE,Towers with Radar,0,7,49,0,56,0,10,146,0,156,0,17,195,0,212,253,0,253,465
02/21/2012,CMA,CA,AWP,WE,Towers with Radar,0,10,27,0,37,0,7,135,0,142,0,17,162,0,179,163,0,163,342
02/22/2012,CMA,CA,AWP,WE,Towers with Radar,0,7,10,0,17,0,1,158,0,159,0,8,168,0,176,122,0,122,298
02/23/2012,CMA,CA,AWP,WE,Towers with Radar,0,7,45,2,54,0,2,147,0,149,0,9,192,2,203,235,0,235,438
02/24/2012,CMA,CA,AWP,WE,Towers with Radar,0,10,42,1,53,0,2,117,0,119,0,12,159,1,172,92,0,92,264
02/25/2012,CMA,CA,AWP,WE,Towers with Radar,0,6,49,0,55,0,7,178,0,185,0,13,227,0,240,187,0,187,427
02/26/2012,CMA,CA,AWP,WE,Towers with Radar,0,7,35,0,42,0,2,143,0,145,0,9,178,0,187,113,0,113,300
02/27/2012,CMA,CA,AWP,WE,Towers with Radar,0,7,21,0,28,0,2,17,0,19,0,9,38,0,47,38,0,38,85
02/28/2012,CMA,CA,AWP,WE,Towers with Radar,0,5,21,0,26,0,4,119,0,123,0,9,140,0,149,258,0,258,407
02/29/2012,CMA,CA,AWP,WE,Towers with Radar,0,10,40,0,50,0,2,92,0,94,0,12,132,0,144,169,0,169,313
03/01/2012,CMA,CA,AWP,WE,Towers with Radar,0,10,23,0,33,0,2,125,0,127,0,12,148,0,160,203,0,203,363
03/02/2012,CMA,CA,AWP,WE,Towers with Radar,0,9,9,0,18,0,0,48,0,48,0,9,57,0,66,57,0,57,123
03/03/2012,CMA,CA,AWP,WE,Towers with Radar,0,11,17,0,28,0,3,196,0,199,0,14,213,0,227,215,0,215,442
03/04/2012,CMA,CA,AWP,WE,Towers with Radar,0,5,35,0,40,0,10,269,0,279,0,15,304,0,319,48,0,48,367
03/05/2012,CMA,CA,AWP,WE,Towers with Radar,0,6,21,0,27,0,4,142,0,146,0,10,163,0,173,72,0,72,245
03/06/2012,CMA,CA,AWP,WE,Towers with Radar,0,7,45,0,52,0,5,38,0,43,0,12,83,0,95,100,0,100,195
03/07/2012,CMA,CA,AWP,WE,Towers with Radar,0,5,26,0,31,0,3,137,0,140,0,8,163,0,171,180,0,180,351
03/08/2012,CMA,CA,AWP,WE,Towers with Radar,0,6,31,0,37,0,1,182,0,183,0,7,213,0,220,193,0,193,413
03/09/2012,CMA,CA,AWP,WE,Towers with Radar,0,10,26,0,36,0,6,149,0,155,0,16,175,0,191,102,0,102,293
03/10/2012,CMA,CA,AWP,WE,Towers with Radar,0,11,23,0,34,0,7,278,0,285,0,18,301,0,319,158,0,158,477
03/11/2012,CMA,CA,AWP,WE,Towers with Radar,0,5,65,0,70,0,6,144,0,150,0,11,209,0,220,153,0,153,373
03/12/2012,CMA,CA,AWP,WE,Towers with Radar,0,4,26,0,30,0,10,101,0,111,0,14,127,0,141,237,0,237,378
03/13/2012,CMA,CA,AWP,WE,Towers with Radar,0,6,31,0,37,0,3,62,0,65,0,9,93,0,102,216,0,216,318
03/14/2012,CMA,CA,AWP,WE,Towers with Radar,0,6,24,0,30,0,5,145,0,150,0,11,169,0,180,327,0,327,507
03/15/2012,CMA,CA,AWP,WE,Towers with Radar,0,8,58,0,66,0,0,84,0,84,0,8,142,0,150,130,0,130,280
03/16/2012,CMA,CA,AWP,WE,Towers with Radar,0,9,77,0,86,0,2,14,0,16,0,11,91,0,102,118,0,118,220
03/17/2012,CMA,CA,AWP,WE,Towers with Radar,0,1,6,0,7,0,0,0,0,0,0,1,6,0,7,9,0,9,16
03/18/2012,CMA,CA,AWP,WE,Towers with Radar,0,6,12,0,18,0,3,22,0,25,0,9,34,0,43,13,0,13,56
03/19/2012,CMA,CA,AWP,WE,Towers with Radar,0,10,12,0,22,0,2,98,0,100,0,12,110,0,122,234,0,234,356
03/20/2012,CMA,CA,AWP,WE,Towers with Radar,0,15,25,0,40,0,6,186,0,192,0,21,211,0,232,272,0,272,504
03/21/2012,CMA,CA,AWP,WE,Towers with Radar,0,11,28,0,39,0,4,263,0,267,0,15,291,0,306,307,0,307,613
03/22/2012,CMA,CA,AWP,WE,Towers with Radar,0,10,33,0,43,0,2,191,0,193,0,12,224,0,236,219,0,219,455
03/23/2012,CMA,CA,AWP,WE,Towers with Radar,0,10,59,0,69,0,1,58,0,59,0,11,117,0,128,294,0,294,422
03/24/2012,CMA,CA,AWP,WE,Towers with Radar,0,7,61,0,68,0,5,171,0,176,0,12,232,0,244,190,0,190,434
03/25/2012,CMA,CA,AWP,WE,Towers with Radar,0,10,28,0,38,0,0,2,0,2,0,10,30,0,40,6,0,6,46
03/26/2012,CMA,CA,AWP,WE,Towers with Radar,0,8,37,0,45,0,4,81,0,85,0,12,118,0,130,109,36,145,275
03/27/2012,CMA,CA,AWP,WE,Towers with Radar,0,5,24,0,29,0,8,147,0,155,0,13,171,0,184,244,0,244,428
03/28/2012,CMA,CA,AWP,WE,Towers with Radar,0,7,53,0,60,0,1,115,1,117,0,8,168,1,177,280,0,280,457
03/29/2012,CMA,CA,AWP,WE,Towers with Radar,0,9,73,0,82,0,0,57,0,57,0,9,130,0,139,78,0,78,217
03/30/2012,CMA,CA,AWP,WE,Towers with Radar,0,9,70,1,80,0,2,49,0,51,0,11,119,1,131,76,0,76,207
03/31/2012,CMA,CA,AWP,WE,Towers with Radar,0,8,64,0,72,0,0,21,0,21,0,8,85,0,93,154,0,154,247
04/01/2012,CMA,CA,AWP,WE,Towers with Radar,0,4,22,0,26,0,6,136,0,142,0,10,158,0,168,113,0,113,281
04/02/2012,CMA,CA,AWP,WE,Towers with Radar,0,8,27,0,35,0,3,116,0,119,0,11,143,0,154,237,0,237,391
04/03/2012,CMA,CA,AWP,WE,Towers with Radar,0,16,27,0,43,0,9,221,0,230,0,25,248,0,273,278,0,278,551
04/04/2012,CMA,CA,AWP,WE,Towers with Radar,0,12,30,0,42,0,2,223,0,225,0,14,253,0,267,167,0,167,434
04/05/2012,CMA,CA,AWP,WE,Towers with Radar,0,11,26,1,38,0,0,111,0,111,0,11,137,1,149,205,0,205,354
04/06/2012,CMA,CA,AWP,WE,Towers with Radar,0,15,26,0,41,0,3,159,0,162,0,18,185,0,203,107,0,107,310
04/07/2012,CMA,CA,AWP,WE,Towers with Radar,0,3,20,0,23,0,2,327,0,329,0,5,347,0,352,199,0,199,551
04/08/2012,CMA,CA,AWP,WE,Towers with Radar,0,7,17,0,24,0,4,194,0,198,0,11,211,0,222,142,0,142,364
04/09/2012,CMA,CA,AWP,WE,Towers with Radar,0,10,35,0,45,0,3,169,0,172,0,13,204,0,217,232,0,232,449
04/10/2012,CMA,CA,AWP,WE,Towers with Radar,0,5,22,0,27,0,0,113,0,113,0,5,135,0,140,181,0,181,321
04/11/2012,CMA,CA,AWP,WE,Towers with Radar,0,10,32,0,42,0,3,26,0,29,0,13,58,0,71,103,0,103,174
04/12/2012,CMA,CA,AWP,WE,Towers with Radar,0,6,64,0,70,0,3,66,2,71,0,9,130,2,141,228,0,228,369
04/13/2012,CMA,CA,AWP,WE,Towers with Radar,0,8,22,0,30,0,0,7,0,7,0,8,29,0,37,23,0,23,60
04/14/2012,CMA,CA,AWP,WE,Towers with Radar,0,6,22,0,28,0,1,91,0,92,0,7,113,0,120,146,0,146,266
04/15/2012,CMA,CA,AWP,WE,Towers with Radar,0,2,29,0,31,0,2,256,0,258,0,4,285,0,289,146,0,146,435
04/16/2012,CMA,CA,AWP,WE,Towers with Radar,0,9,34,0,43,0,0,166,0,166,0,9,200,0,209,175,0,175,384
04/17/2012,CMA,CA,AWP,WE,Towers with Radar,0,12,30,0,42,0,4,186,0,190,0,16,216,0,232,210,0,210,442
04/18/2012,CMA,CA,AWP,WE,Towers with Radar,0,12,23,0,35,0,2,193,0,195,0,14,216,0,230,188,0,188,418
04/19/2012,CMA,CA,AWP,WE,Towers with Radar,0,12,30,0,42,0,3,173,0,176,0,15,203,0,218,257,0,257,475
04/20/2012,CMA,CA,AWP,WE,Towers with Radar,0,5,40,0,45,0,0,164,0,164,0,5,204,0,209,275,0,275,484
04/21/2012,CMA,CA,AWP,WE,Towers with Radar,0,7,35,0,42,0,5,167,0,172,0,12,202,0,214,269,0,269,483
04/22/2012,CMA,CA,AWP,WE,Towers with Radar,0,14,62,0,76,0,1,8,0,9,0,15,70,0,85,21,0,21,106
04/23/2012,CMA,CA,AWP,WE,Towers with Radar,0,7,46,0,53,0,0,26,0,26,0,7,72,0,79,95,0,95,174
04/24/2012,CMA,CA,AWP,WE,Towers with Radar,0,8,31,0,39,0,5,161,0,166,0,13,192,0,205,161,0,161,366
04/25/2012,CMA,CA,AWP,WE,Towers with Radar,0,7,18,1,26,0,4,71,0,75,0,11,89,1,101,71,0,71,172
04/26/2012,CMA,CA,AWP,WE,Towers with Radar,0,8,53,0,61,0,0,36,0,36,0,8,89,0,97,102,0,102,199
04/27/2012,CMA,CA,AWP,WE,Towers with Radar,0,6,32,0,38,0,5,236,0,241,0,11,268,0,279,187,0,187,466
04/28/2012,CMA,CA,AWP,WE,Towers with Radar,0,3,22,0,25,0,14,288,0,302,0,17,310,0,327,170,0,170,497
04/29/2012,CMA,CA,AWP,WE,Towers with Radar,0,6,36,0,42,0,4,223,0,227,0,10,259,0,269,158,0,158,427
04/30/2012,CMA,CA,AWP,WE,Towers with Radar,0,11,60,0,71,0,2,33,0,35,0,13,93,0,106,94,0,94,200
05/01/2012,CMA,CA,AWP,WE,Towers with Radar,0,14,65,0,79,0,1,15,0,16,0,15,80,0,95,133,0,133,228
05/02/2012,CMA,CA,AWP,WE,Towers with Radar,0,12,66,0,78,0,3,84,0,87,0,15,150,0,165,238,0,238,403
05/03/2012,CMA,CA,AWP,WE,Towers with Radar,0,9,61,0,70,0,8,114,0,122,0,17,175,0,192,242,0,242,434
05/04/2012,CMA,CA,AWP,WE,Towers with Radar,0,7,28,0,35,0,3,192,0,195,0,10,220,0,230,178,0,178,408
05/05/2012,CMA,CA,AWP,WE,Towers with Radar,0,5,25,0,30,0,3,246,0,249,0,8,271,0,279,187,0,187,466
05/06/2012,CMA,CA,AWP,WE,Towers with Radar,0,6,23,0,29,0,8,224,0,232,0,14,247,0,261,89,0,89,350
05/07/2012,CMA,CA,AWP,WE,Towers with Radar,0,5,34,0,39,0,0,107,0,107,0,5,141,0,146,133,0,133,279
05/08/2012,CMA,CA,AWP,WE,Towers with Radar,0,4,23,0,27,0,5,132,0,137,0,9,155,0,164,250,0,250,414
05/09/2012,CMA,CA,AWP,WE,Towers with Radar,0,4,28,0,32,0,3,177,0,180,0,7,205,0,212,304,0,304,516
05/10/2012,CMA,CA,AWP,WE,Towers with Radar,0,9,51,0,60,0,4,88,0,92,0,13,139,0,152,78,0,78,230
05/11/2012,CMA,CA,AWP,WE,Towers with Radar,0,9,46,0,55,0,4,112,0,116,0,13,158,0,171,135,0,135,306
05/12/2012,CMA,CA,AWP,WE,Towers with Radar,0,12,61,0,73,0,1,100,0,101,0,13,161,0,174,135,0,135,309
05/13/2012,CMA,CA,AWP,WE,Towers with Radar,0,6,39,0,45,0,4,79,0,83,0,10,118,0,128,96,0,96,224
05/14/2012,CMA,CA,AWP,WE,Towers with Radar,0,5,20,0,25,0,1,132,0,133,0,6,152,0,158,204,0,204,362
05/15/2012,CMA,CA,AWP,WE,Towers with Radar,0,7,22,0,29,0,4,189,0,193,0,11,211,0,222,167,0,167,389
05/16/2012,CMA,CA,AWP,WE,Towers with Radar,0,5,22,0,27,0,4,191,0,195,0,9,213,0,222,243,0,243,465
05/17/2012,CMA,CA,AWP,WE,Towers with Radar,0,7,43,0,50,0,6,221,0,227,0,13,264,0,277,183,0,183,460
05/18/2012,CMA,CA,AWP,WE,Towers with Radar,0,9,52,1,62,0,2,200,0,202,0,11,252,1,264,147,0,147,411
05/19/2012,CMA,CA,AWP,WE,Towers with Radar,0,3,40,0,43,0,5,307,0,312,0,8,347,0,355,157,0,157,512
05/20/2012,CMA,CA,AWP,WE,Towers with Radar,0,8,39,0,47,0,2,226,0,228,0,10,265,0,275,172,0,172,447
05/21/2012,CMA,CA,AWP,WE,Towers with Radar,0,4,31,0,35,0,1,129,0,130,0,5,160,0,165,282,0,282,447
05/22/2012,CMA,CA,AWP,WE,Towers with Radar,0,6,45,0,51,0,11,158,0,169,0,17,203,0,220,259,0,259,479
05/23/2012,CMA,CA,AWP,WE,Towers with Radar,0,11,36,0,47,0,7,138,0,145,0,18,174,0,192,255,0,255,447
05/24/2012,CMA,CA,AWP,WE,Towers with Radar,0,11,30,0,41,0,1,143,0,144,0,12,173,0,185,205,0,205,390
05/25/2012,CMA,CA,AWP,WE,Towers with Radar,0,8,39,1,48,0,4,82,0,86,0,12,121,1,134,210,0,210,344
05/26/2012,CMA,CA,AWP,WE,Towers with Radar,0,4,16,0,20,0,11,200,0,211,0,15,216,0,231,171,0,171,402
05/27/2012,CMA,CA,AWP,WE,Towers with Radar,0,5,22,0,27,0,9,214,0,223,0,14,236,0,250,169,0,169,419
05/28/2012,CMA,CA,AWP,WE,Towers with Radar,0,7,28,0,35,0,8,284,0,292,0,15,312,0,327,170,0,170,497
05/29/2012,CMA,CA,AWP,WE,Towers with Radar,0,10,26,0,36,0,3,180,0,183,0,13,206,0,219,280,0,280,499
05/30/2012,CMA,CA,AWP,WE,Towers with Radar,0,6,46,0,52,0,4,189,0,193,0,10,235,0,245,297,0,297,542
05/31/2012,CMA,CA,AWP,WE,Towers with Radar,0,6,33,0,39,0,3,166,0,169,0,9,199,0,208,312,0,312,520
06/01/2012,CMA,CA,AWP,WE,Towers with Radar,0,11,55,0,66,0,0,100,0,100,0,11,155,0,166,127,0,127,293
06/02/2012,CMA,CA,AWP,WE,Towers with Radar,0,10,75,0,85,0,1,79,0,80,0,11,154,0,165,158,0,158,323
06/03/2012,CMA,CA,AWP,WE,Towers with Radar,0,5,64,0,69,0,0,89,4,93,0,5,153,4,162,94,0,94,256
06/04/2012,CMA,CA,AWP,WE,Towers with Radar,0,6,69,0,75,0,0,40,0,40,0,6,109,0,115,231,0,231,346
06/05/2012,CMA,CA,AWP,WE,Towers with Radar,0,7,29,0,36,0,2,123,0,125,0,9,152,0,161,104,0,104,265
06/06/2012,CMA,CA,AWP,WE,Towers with Radar,0,7,32,0,39,0,4,138,0,142,0,11,170,0,181,266,0,266,447
06/07/2012,CMA,CA,AWP,WE,Towers with Radar,0,11,28,0,39,0,0,183,2,185,0,11,211,2,224,257,0,257,481
06/08/2012,CMA,CA,AWP,WE,Towers with Radar,0,10,30,0,40,0,2,196,0,198,0,12,226,0,238,185,0,185,423
06/09/2012,CMA,CA,AWP,WE,Towers with Radar,0,2,50,0,52,0,10,133,0,143,0,12,183,0,195,309,0,309,504
06/10/2012,CMA,CA,AWP,WE,Towers with Radar,0,9,54,0,63,0,3,168,0,171,0,12,222,0,234,105,0,105,339
06/11/2012,CMA,CA,AWP,WE,Towers with Radar,0,6,56,0,62,0,2,115,0,117,0,8,171,0,179,188,0,188,367
06/12/2012,CMA,CA,AWP,WE,Towers with Radar,0,8,75,0,83,0,1,53,0,54,0,9,128,0,137,89,0,89,226
06/13/2012,CMA,CA,AWP,WE,Towers with Radar,0,11,56,0,67,0,2,54,0,56,0,13,110,0,123,137,0,137,260
06/14/2012,CMA,CA,AWP,WE,Towers with Radar,0,6,57,0,63,0,10,108,1,119,0,16,165,1,182,250,0,250,432
06/15/2012,CMA,CA,AWP,WE,Towers with Radar,0,5,78,0,83,0,1,63,0,64,0,6,141,0,147,137,0,137,284
06/16/2012,CMA,CA,AWP,WE,Towers with Radar,0,3,56,0,59,0,1,177,0,178,0,4,233,0,237,147,0,147,384
06/17/2012,CMA,CA,AWP,WE,Towers with Radar,0,3,45,0,48,0,0,161,0,161,0,3,206,0,209,116,0,116,325
06/18/2012,CMA,CA,AWP,WE,Towers with Radar,0,10,55,0,65,0,0,50,0,50,0,10,105,0,115,104,0,104,219
06/19/2012,CMA,CA,AWP,WE,Towers with Radar,0,7,54,0,61,0,4,76,0,80,0,11,130,0,141,215,0,215,356
06/20/2012,CMA,CA,AWP,WE,Towers with Radar,0,5,39,0,44,0,3,96,0,99,0,8,135,0,143,192,42,234,377
06/21/2012,CMA,CA,AWP,WE,Towers with Radar,0,7,81,0,88,0,1,85,0,86,0,8,166,0,174,281,0,281,455
06/22/2012,CMA,CA,AWP,WE,Towers with Radar,0,9,47,0,56,0,4,171,2,177,0,13,218,2,233,267,0,267,500
06/23/2012,CMA,CA,AWP,WE,Towers with Radar,0,4,32,0,36,0,3,230,0,233,0,7,262,0,269,196,0,196,465
06/24/2012,CMA,CA,AWP,WE,Towers with Radar,0,4,33,0,37,0,5,258,0,263,0,9,291,0,300,140,0,140,440
06/25/2012,CMA,CA,AWP,WE,Towers with Radar,0,8,29,0,37,0,2,161,4,167,0,10,190,4,204,126,0,126,330
06/26/2012,CMA,CA,AWP,WE,Towers with Radar,0,4,27,0,31,0,6,207,0,213,0,10,234,0,244,178,0,178,422
06/27/2012,CMA,CA,AWP,WE,Towers with Radar,0,5,27,0,32,0,5,174,0,179,0,10,201,0,211,231,0,231,442
06/28/2012,CMA,CA,AWP,WE,Towers with Radar,0,8,29,1,38,0,10,175,0,185,0,18,204,1,223,291,0,291,514
06/29/2012,CMA,CA,AWP,WE,Towers with Radar,0,10,31,0,41,0,3,244,0,247,0,13,275,0,288,177,0,177,465
06/30/2012,CMA,CA,AWP,WE,Towers with Radar,0,4,24,0,28,0,6,289,0,295,0,10,313,0,323,120,0,120,443
07/01/2012,CMA,CA,AWP,WE,Towers with Radar,0,4,33,0,37,0,2,157,0,159,0,6,190,0,196,57,0,57,253
07/02/2012,CMA,CA,AWP,WE,Towers with Radar,0,7,26,0,33,0,2,124,0,126,0,9,150,0,159,258,0,258,417
07/03/2012,CMA,CA,AWP,WE,Towers with Radar,0,9,59,1,69,0,1,89,0,90,0,10,148,1,159,211,0,211,370
07/04/2012,CMA,CA,AWP,WE,Towers with Radar,0,9,50,0,59,0,3,35,0,38,0,12,85,0,97,88,0,88,185
07/05/2012,CMA,CA,AWP,WE,Towers with Radar,0,4,44,0,48,0,0,68,0,68,0,4,112,0,116,100,0,100,216
07/06/2012,CMA,CA,AWP,WE,Towers with Radar,0,5,56,0,61,0,6,93,0,99,0,11,149,0,160,180,0,180,340
07/07/2012,CMA,CA,AWP,WE,Towers with Radar,0,6,45,0,51,0,4,148,0,152,0,10,193,0,203,206,0,206,409
07/08/2012,CMA,CA,AWP,WE,Towers with Radar,0,9,32,0,41,0,7,198,0,205,0,16,230,0,246,202,0,202,448
07/09/2012,CMA,CA,AWP,WE,Towers with Radar,0,4,20,0,24,0,5,132,0,137,0,9,152,0,161,186,0,186,347
07/10/2012,CMA,CA,AWP,WE,Towers with Radar,0,2,27,0,29,0,11,193,0,204,0,13,220,0,233,244,0,244,477
07/11/2012,CMA,CA,AWP,WE,Towers with Radar,0,11,24,0,35,0,3,176,0,179,0,14,200,0,214,262,0,262,476
07/12/2012,CMA,CA,AWP,WE,Towers with Radar,0,3,34,0,37,0,7,132,0,139,0,10,166,0,176,201,0,201,377
07/13/2012,CMA,CA,AWP,WE,Towers with Radar,0,14,23,0,37,0,5,180,0,185,0,19,203,0,222,217,0,217,439
07/14/2012,CMA,CA,AWP,WE,Towers with Radar,0,5,29,0,34,0,7,220,0,227,0,12,249,0,261,163,0,163,424
07/15/2012,CMA,CA,AWP,WE,Towers with Radar,0,5,41,0,46,0,3,221,0,224,0,8,262,0,270,103,0,103,373
07/16/2012,CMA,CA,AWP,WE,Towers with Radar,0,3,31,2,36,0,7,139,0,146,0,10,170,2,182,174,0,174,356
07/17/2012,CMA,CA,AWP,WE,Towers with Radar,0,5,33,0,38,0,4,122,1,127,0,9,155,1,165,216,0,216,381
07/18/2012,CMA,CA,AWP,WE,Towers with Radar,0,7,32,0,39,0,3,181,0,184,0,10,213,0,223,227,0,227,450
07/19/2012,CMA,CA,AWP,WE,Towers with Radar,0,9,37,0,46,0,7,148,0,155,0,16,185,0,201,261,0,261,462
07/20/2012,CMA,CA,AWP,WE,Towers with Radar,0,11,40,0,51,0,5,195,0,200,0,16,235,0,251,147,0,147,398
07/21/2012,CMA,CA,AWP,WE,Towers with Radar,0,0,37,0,37,0,7,237,0,244,0,7,274,0,281,173,0,173,454
07/22/2012,CMA,CA,AWP,WE,Towers with Radar,0,10,35,0,45,0,2,172,0,174,0,12,207,0,219,112,0,112,331
07/23/2012,CMA,CA,AWP,WE,Towers with Radar,0,10,36,0,46,0,3,109,2,114,0,13,145,2,160,185,0,185,345
07/24/2012,CMA,CA,AWP,WE,Towers with Radar,0,14,20,0,34,0,4,112,0,116,0,18,132,0,150,187,0,187,337
07/25/2012,CMA,CA,AWP,WE,Towers with Radar,0,14,34,0,48,0,5,119,0,124,0,19,153,0,172,123,0,123,295
07/26/2012,CMA,CA,AWP,WE,Towers with Radar,0,13,53,0,66,0,2,140,0,142,0,15,193,0,208,184,0,184,392
07/27/2012,CMA,CA,AWP,WE,Towers with Radar,0,13,33,0,46,0,4,155,0,159,0,17,188,0,205,144,0,144,349
07/28/2012,CMA,CA,AWP,WE,Towers with Radar,0,4,21,0,25,0,4,272,0,276,0,8,293,0,301,166,0,166,467
07/29/2012,CMA,CA,AWP,WE,Towers with Radar,0,9,29,0,38,0,6,247,0,253,0,15,276,0,291,237,0,237,528
07/30/2012,CMA,CA,AWP,WE,Towers with Radar,0,6,23,0,29,0,5,102,0,107,0,11,125,0,136,214,0,214,350
07/31/2012,CMA,CA,AWP,WE,Towers with Radar,0,9,36,0,45,0,4,135,0,139,0,13,171,0,184,198,0,198,382
08/01/2012,CMA,CA,AWP,WE,Towers with Radar,0,9,35,0,44,0,1,127,0,128,0,10,162,0,172,190,0,190,362
08/02/2012,CMA,CA,AWP,WE,Towers with Radar,0,2,36,1,39,0,0,162,0,162,0,2,198,1,201,321,0,321,522
08/03/2012,CMA,CA,AWP,WE,Towers with Radar,0,6,44,0,50,0,1,153,0,154,0,7,197,0,204,111,0,111,315
08/04/2012,CMA,CA,AWP,WE,Towers with Radar,0,7,38,0,45,0,7,215,0,222,0,14,253,0,267,262,0,262,529
08/05/2012,CMA,CA,AWP,WE,Towers with Radar,0,6,25,0,31,0,8,216,0,224,0,14,241,0,255,171,0,171,426
08/06/2012,CMA,CA,AWP,WE,Towers with Radar,0,3,25,0,28,0,1,137,0,138,0,4,162,0,166,247,0,247,413
08/07/2012,CMA,CA,AWP,WE,Towers with Radar,0,2,20,0,22,0,4,190,0,194,0,6,210,0,216,205,0,205,421
08/08/2012,CMA,CA,AWP,WE,Towers with Radar,0,2,15,0,17,0,3,186,0,189,0,5,201,0,206,200,0,200,406
08/09/2012,CMA,CA,AWP,WE,Towers with Radar,0,7,29,0,36,0,4,195,0,199,0,11,224,0,235,252,0,252,487
08/10/2012,CMA,CA,AWP,WE,Towers with Radar,0,2,29,0,31,0,2,189,0,191,0,4,218,0,222,150,0,150,372
08/11/2012,CMA,CA,AWP,WE,Towers with Radar,0,4,20,0,24,0,12,274,0,286,0,16,294,0,310,178,0,178,488
08/12/2012,CMA,CA,AWP,WE,Towers with Radar,0,6,22,0,28,0,7,210,0,217,0,13,232,0,245,183,0,183,428
08/13/2012,CMA,CA,AWP,WE,Towers with Radar,0,5,12,0,17,0,4,171,0,175,0,9,183,0,192,166,0,166,358
08/14/2012,CMA,CA,AWP,WE,Towers with Radar,0,2,20,0,22,0,8,191,0,199,0,10,211,0,221,156,0,156,377
08/15/2012,CMA,CA,AWP,WE,Towers with Radar,0,3,36,2,41,0,4,147,0,151,0,7,183,2,192,209,0,209,401
08/16/2012,CMA,CA,AWP,WE,Towers with Radar,0,5,41,0,46,0,4,243,1,248,0,9,284,1,294,200,0,200,494
08/17/2012,CMA,CA,AWP,WE,Towers with Radar,0,11,22,0,33,0,1,226,1,228,0,12,248,1,261,196,0,196,457
08/18/2012,CMA,CA,AWP,WE,Towers with Radar,0,3,10,0,13,0,1,234,0,235,0,4,244,0,248,28,0,28,276
08/19/2012,CMA,CA,AWP,WE,Towers with Radar,0,3,11,0,14,0,3,246,0,249,0,6,257,0,263,74,0,74,337
08/20/2012,CMA,CA,AWP,WE,Towers with Radar,0,4,31,0,35,0,3,174,2,179,0,7,205,2,214,84,0,84,298
08/21/2012,CMA,CA,AWP,WE,Towers with Radar,0,9,25,1,35,0,6,164,1,171,0,15,189,2,206,164,0,164,370
08/22/2012,CMA,CA,AWP,WE,Towers with Radar,0,4,31,0,35,0,3,157,0,160,0,7,188,0,195,240,0,240,435
08/23/2012,CMA,CA,AWP,WE,Towers with Radar,0,7,58,0,65,0,0,95,0,95,0,7,153,0,160,156,0,156,316
08/24/2012,CMA,CA,AWP,WE,Towers with Radar,0,5,53,0,58,0,3,138,0,141,0,8,191,0,199,167,0,167,366
08/25/2012,CMA,CA,AWP,WE,Towers with Radar,0,2,39,0,41,0,6,133,0,139,0,8,172,0,180,96,0,96,276
08/26/2012,CMA,CA,AWP,WE,Towers with Radar,0,7,46,0,53,0,5,238,0,243,0,12,284,0,296,142,0,142,438
08/27/2012,CMA,CA,AWP,WE,Towers with Radar,0,4,27,0,31,0,3,176,0,179,0,7,203,0,210,216,0,216,426
08/28/2012,CMA,CA,AWP,WE,Towers with Radar,0,2,10,0,12,0,4,166,0,170,0,6,176,0,182,172,0,172,354
08/29/2012,CMA,CA,AWP,WE,Towers with Radar,0,1,33,0,34,0,1,172,0,173,0,2,205,0,207,195,0,195,402
08/30/2012,CMA,CA,AWP,WE,Towers with Radar,0,3,24,0,27,0,0,138,0,138,0,3,162,0,165,203,0,203,368
08/31/2012,CMA,CA,AWP,WE,Towers with Radar,0,3,33,0,36,0,6,190,0,196,0,9,223,0,232,188,0,188,420
09/01/2012,CMA,CA,AWP,WE,Towers with Radar,0,3,15,0,18,0,3,304,0,307,0,6,319,0,325,155,0,155,480
09/02/2012,CMA,CA,AWP,WE,Towers with Radar,0,1,10,0,11,0,9,224,3,236,0,10,234,3,247,92,0,92,339
09/03/2012,CMA,CA,AWP,WE,Towers with Radar,0,5,24,0,29,0,1,181,0,182,0,6,205,0,211,113,0,113,324
09/04/2012,CMA,CA,AWP,WE,Towers with Radar,0,11,18,0,29,0,3,136,0,139,0,14,154,0,168,155,0,155,323
09/05/2012,CMA,CA,AWP,WE,Towers with Radar,0,4,25,0,29,0,8,129,0,137,0,12,154,0,166,202,0,202,368
09/06/2012,CMA,CA,AWP,WE,Towers with Radar,0,5,27,0,32,0,8,182,0,190,0,13,209,0,222,235,0,235,457
09/07/2012,CMA,CA,AWP,WE,Towers with Radar,0,6,33,2,41,0,8,183,1,192,0,14,216,3,233,178,0,178,411
09/08/2012,CMA,CA,AWP,WE,Towers with Radar,0,2,20,0,22,0,5,210,0,215,0,7,230,0,237,174,0,174,411
09/09/2012,CMA,CA,AWP,WE,Towers with Radar,0,5,15,0,20,0,2,234,3,239,0,7,249,3,259,64,0,64,323
09/10/2012,CMA,CA,AWP,WE,Towers with Radar,0,4,25,0,29,0,5,136,1,142,0,9,161,1,171,194,0,194,365
09/11/2012,CMA,CA,AWP,WE,Towers with Radar,0,9,45,0,54,0,2,83,0,85,0,11,128,0,139,192,0,192,331
09/12/2012,CMA,CA,AWP,WE,Towers with Radar,0,3,58,0,61,0,2,54,0,56,0,5,112,0,117,92,0,92,209
09/13/2012,CMA,CA,AWP,WE,Towers with Radar,0,3,33,0,36,0,3,112,1,116,0,6,145,1,152,174,0,174,326
09/14/2012,CMA,CA,AWP,WE,Towers with Radar,0,3,19,0,22,0,3,184,0,187,0,6,203,0,209,135,0,135,344
09/15/2012,CMA,CA,AWP,WE,Towers with Radar,0,0,24,0,24,0,7,199,0,206,0,7,223,0,230,218,0,218,448
09/16/2012,CMA,CA,AWP,WE,Towers with Radar,0,4,20,0,24,0,3,205,0,208,0,7,225,0,232,112,0,112,344
09/17/2012,CMA,CA,AWP,WE,Towers with Radar,0,5,46,0,51,0,3,73,0,76,0,8,119,0,127,116,0,116,243
09/18/2012,CMA,CA,AWP,WE,Towers with Radar,0,1,22,2,25,0,4,138,0,142,0,5,160,2,167,208,0,208,375
09/19/2012,CMA,CA,AWP,WE,Towers with Radar,0,3,27,0,30,0,0,142,0,142,0,3,169,0,172,212,0,212,384
09/20/2012,CMA,CA,AWP,WE,Towers with Radar,0,3,22,0,25,0,0,152,0,152,0,3,174,0,177,200,0,200,377
09/21/2012,CMA,CA,AWP,WE,Towers with Radar,0,3,37,1,41,0,9,153,0,162,0,12,190,1,203,192,0,192,395
09/22/2012,CMA,CA,AWP,WE,Towers with Radar,0,1,13,0,14,0,5,230,0,235,0,6,243,0,249,197,0,197,446
09/23/2012,CMA,CA,AWP,WE,Towers with Radar,0,3,18,1,22,0,4,160,0,164,0,7,178,1,186,93,2,95,281
09/24/2012,CMA,CA,AWP,WE,Towers with Radar,0,2,17,0,19,0,6,179,0,185,0,8,196,0,204,136,0,136,340
09/25/2012,CMA,CA,AWP,WE,Towers with Radar,0,1,35,0,36,0,4,127,0,131,0,5,162,0,167,227,0,227,394
09/26/2012,CMA,CA,AWP,WE,Towers with Radar,0,2,43,0,45,0,2,88,0,90,0,4,131,0,135,194,0,194,329
09/27/2012,CMA,CA,AWP,WE,Towers with Radar,0,7,41,0,48,0,0,134,0,134,0,7,175,0,182,144,0,144,326
09/28/2012,CMA,CA,AWP,WE,Towers with Radar,0,8,42,0,50,0,1,143,0,144,0,9,185,0,194,165,0,165,359
09/29/2012,CMA,CA,AWP,WE,Towers with Radar,0,4,28,0,32,0,12,243,0,255,0,16,271,0,287,142,0,142,429
09/30/2012,CMA,CA,AWP,WE,Towers with Radar,0,4,27,0,31,0,7,202,0,209,0,11,229,0,240,87,0,87,327
10/01/2012,CMA,CA,AWP,WE,Towers with Radar,0,2,29,1,32,0,0,146,0,146,0,2,175,1,178,123,0,123,301
10/02/2012,CMA,CA,AWP,WE,Towers with Radar,0,3,23,0,26,0,4,194,0,198,0,7,217,0,224,283,0,283,507
10/03/2012,CMA,CA,AWP,WE,Towers with Radar,0,6,27,0,33,0,2,111,0,113,0,8,138,0,146,162,0,162,308
10/04/2012,CMA,CA,AWP,WE,Towers with Radar,0,1,51,0,52,0,2,102,0,104,0,3,153,0,156,296,0,296,452
10/05/2012,CMA,CA,AWP,WE,Towers with Radar,0,8,33,0,41,0,9,158,0,167,0,17,191,0,208,212,0,212,420
10/06/2012,CMA,CA,AWP,WE,Towers with Radar,0,3,28,0,31,0,3,216,0,219,0,6,244,0,250,158,0,158,408
10/07/2012,CMA,CA,AWP,WE,Towers with Radar,0,5,21,0,26,0,2,138,0,140,0,7,159,0,166,150,0,150,316
10/08/2012,CMA,CA,AWP,WE,Towers with Radar,0,3,26,0,29,0,5,152,0,157,0,8,178,0,186,312,0,312,498
10/09/2012,CMA,CA,AWP,WE,Towers with Radar,0,6,53,0,59,0,5,188,0,193,0,11,241,0,252,414,0,414,666
10/10/2012,CMA,CA,AWP,WE,Towers with Radar,0,8,41,0,49,0,2,83,0,85,0,10,124,0,134,147,0,147,281
10/11/2012,CMA,CA,AWP,WE,Towers with Radar,0,3,33,0,36,0,1,45,0,46,0,4,78,0,82,232,0,232,314
10/12/2012,CMA,CA,AWP,WE,Towers with Radar,0,0,34,0,34,0,2,143,1,146,0,2,177,1,180,308,1,309,489
10/13/2012,CMA,CA,AWP,WE,Towers with Radar,0,4,26,0,30,0,2,242,0,244,0,6,268,0,274,121,0,121,395
10/14/2012,CMA,CA,AWP,WE,Towers with Radar,0,8,35,0,43,0,1,232,0,233,0,9,267,0,276,151,0,151,427
10/15/2012,CMA,CA,AWP,WE,Towers with Radar,0,2,24,0,26,0,5,147,0,152,0,7,171,0,178,157,13,170,348
10/16/2012,CMA,CA,AWP,WE,Towers with Radar,0,10,19,0,29,0,3,188,0,191,0,13,207,0,220,237,0,237,457
10/17/2012,CMA,CA,AWP,WE,Towers with Radar,0,1,37,0,38,0,3,157,0,160,0,4,194,0,198,229,0,229,427
10/18/2012,CMA,CA,AWP,WE,Towers with Radar,0,8,52,1,61,0,4,127,0,131,0,12,179,1,192,132,0,132,324
10/19/2012,CMA,CA,AWP,WE,Towers with Radar,0,10,66,0,76,0,0,80,0,80,0,10,146,0,156,186,0,186,342
10/20/2012,CMA,CA,AWP,WE,Towers with Radar,0,1,68,0,69,0,2,37,0,39,0,3,105,0,108,115,0,115,223
10/21/2012,CMA,CA,AWP,WE,Towers with Radar,0,1,57,0,58,0,2,104,0,106,0,3,161,0,164,164,0,164,328
10/22/2012,CMA,CA,AWP,WE,Towers with Radar,0,4,51,0,55,0,0,59,0,59,0,4,110,0,114,232,0,232,346
10/23/2012,CMA,CA,AWP,WE,Towers with Radar,0,5,25,2,32,0,3,124,0,127,0,8,149,2,159,213,0,213,372
10/24/2012,CMA,CA,AWP,WE,Towers with Radar,0,5,39,0,44,0,2,138,3,143,0,7,177,3,187,279,0,279,466
10/25/2012,CMA,CA,AWP,WE,Towers with Radar,0,1,26,0,27,0,2,165,0,167,0,3,191,0,194,265,0,265,459
10/26/2012,CMA,CA,AWP,WE,Towers with Radar,0,3,10,0,13,0,3,68,0,71,0,6,78,0,84,9,0,9,93
10/27/2012,CMA,CA,AWP,WE,Towers with Radar,0,1,21,0,22,0,5,213,0,218,0,6,234,0,240,178,0,178,418
10/28/2012,CMA,CA,AWP,WE,Towers with Radar,0,4,16,0,20,0,0,303,0,303,0,4,319,0,323,166,0,166,489
10/29/2012,CMA,CA,AWP,WE,Towers with Radar,0,0,35,0,35,0,1,151,2,154,0,1,186,2,189,255,0,255,444
10/30/2012,CMA,CA,AWP,WE,Towers with Radar,0,6,26,0,32,0,4,162,0,166,0,10,188,0,198,151,0,151,349
10/31/2012,CMA,CA,AWP,WE,Towers with Radar,0,5,43,0,48,0,0,107,4,111,0,5,150,4,159,210,0,210,369
11/01/2012,CMA,CA,AWP,WE,Towers with Radar,0,3,53,0,56,0,3,122,0,125,0,6,175,0,181,201,0,201,382
11/02/2012,CMA,CA,AWP,WE,Towers with Radar,0,1,41,0,42,0,5,145,0,150,0,6,186,0,192,265,0,265,457
11/03/2012,CMA,CA,AWP,WE,Towers with Radar,0,0,27,0,27,0,4,266,0,270,0,4,293,0,297,175,0,175,472
11/04/2012,CMA,CA,AWP,WE,Towers with Radar,0,2,35,0,37,0,3,324,0,327,0,5,359,0,364,115,0,115,479
11/05/2012,CMA,CA,AWP,WE,Towers with Radar,0,4,28,0,32,0,1,134,4,139,0,5,162,4,171,212,0,212,383
11/06/2012,CMA,CA,AWP,WE,Towers with Radar,0,2,31,0,33,0,6,176,5,187,0,8,207,5,220,150,0,150,370
11/07/2012,CMA,CA,AWP,WE,Towers with Radar,0,1,59,0,60,0,0,109,1,110,0,1,168,1,170,126,0,126,296
11/08/2012,CMA,CA,AWP,WE,Towers with Radar,0,3,60,0,63,0,1,22,0,23,0,4,82,0,86,111,0,111,197
11/09/2012,CMA,CA,AWP,WE,Towers with Radar,0,3,34,0,37,0,1,89,0,90,0,4,123,0,127,84,0,84,211
11/10/2012,CMA,CA,AWP,WE,Towers with Radar,0,0,31,0,31,0,2,143,0,145,0,2,174,0,176,157,0,157,333
11/11/2012,CMA,CA,AWP,WE,Towers with Radar,0,3,30,1,34,0,3,267,0,270,0,6,297,1,304,165,0,165,469
11/12/2012,CMA,CA,AWP,WE,Towers with Radar,0,4,23,0,27,0,2,154,0,156,0,6,177,0,183,148,0,148,331
11/13/2012,CMA,CA,AWP,WE,Towers with Radar,0,13,26,3,42,0,7,198,0,205,0,20,224,3,247,215,11,226,473
11/14/2012,CMA,CA,AWP,WE,Towers with Radar,0,0,35,0,35,0,8,178,0,186,0,8,213,0,221,277,0,277,498
11/15/2012,CMA,CA,AWP,WE,Towers with Radar,0,6,36,2,44,0,1,122,0,123,0,7,158,2,167,292,0,292,459
11/16/2012,CMA,CA,AWP,WE,Towers with Radar,0,3,54,0,57,0,2,57,0,59,0,5,111,0,116,185,0,185,301
11/17/2012,CMA,CA,AWP,WE,Towers with Radar,0,2,45,0,47,0,0,5,0,5,0,2,50,0,52,21,0,21,73
11/18/2012,CMA,CA,AWP,WE,Towers with Radar,0,1,41,0,42,0,4,146,0,150,0,5,187,0,192,177,0,177,369
11/19/2012,CMA,CA,AWP,WE,Towers with Radar,0,2,38,0,40,0,1,130,0,131,0,3,168,0,171,214,0,214,385
11/20/2012,CMA,CA,AWP,WE,Towers with Radar,0,2,33,2,37,0,5,199,0,204,0,7,232,2,241,208,0,208,449
11/21/2012,CMA,CA,AWP,WE,Towers with Radar,0,4,32,0,36,0,3,195,0,198,0,7,227,0,234,213,0,213,447
11/22/2012,CMA,CA,AWP,WE,Towers with Radar,0,0,9,0,9,0,0,50,0,50,0,0,59,0,59,27,0,27,86
11/23/2012,CMA,CA,AWP,WE,Towers with Radar,0,7,38,0,45,0,2,160,0,162,0,9,198,0,207,138,0,138,345
11/24/2012,CMA,CA,AWP,WE,Towers with Radar,0,2,20,0,22,0,8,233,0,241,0,10,253,0,263,179,0,179,442
11/25/2012,CMA,CA,AWP,WE,Towers with Radar,0,1,58,0,59,0,3,167,0,170,0,4,225,0,229,64,0,64,293
11/26/2012,CMA,CA,AWP,WE,Towers with Radar,0,1,62,0,63,0,2,87,0,89,0,3,149,0,152,232,0,232,384
11/27/2012,CMA,CA,AWP,WE,Towers with Radar,0,3,36,0,39,0,4,107,0,111,0,7,143,0,150,190,0,190,340
11/28/2012,CMA,CA,AWP,WE,Towers with Radar,0,1,60,0,61,0,5,53,0,58,0,6,113,0,119,181,0,181,300
11/29/2012,CMA,CA,AWP,WE,Towers with Radar,0,1,53,0,54,0,0,8,1,9,0,1,61,1,63,295,0,295,358
11/30/2012,CMA,CA,AWP,WE,Towers with Radar,0,1,50,0,51,0,0,10,0,10,0,1,60,0,61,38,0,38,99
12/01/2012,CMA,CA,AWP,WE,Towers with Radar,0,0,70,0,70,0,0,8,0,8,0,0,78,0,78,50,0,50,128
12/02/2012,CMA,CA,AWP,WE,Towers with Radar,0,5,54,0,59,0,0,13,0,13,0,5,67,0,72,31,0,31,103
12/03/2012,CMA,CA,AWP,WE,Towers with Radar,0,0,35,0,35,0,0,70,0,70,0,0,105,0,105,127,0,127,232
12/04/2012,CMA,CA,AWP,WE,Towers with Radar,0,1,49,0,50,0,3,100,1,104,0,4,149,1,154,201,0,201,355
12/05/2012,CMA,CA,AWP,WE,Towers with Radar,0,0,45,0,45,0,1,182,0,183,0,1,227,0,228,153,0,153,381
12/06/2012,CMA,CA,AWP,WE,Towers with Radar,0,0,67,1,68,0,1,113,0,114,0,1,180,1,182,196,0,196,378
12/07/2012,CMA,CA,AWP,WE,Towers with Radar,0,0,55,0,55,0,2,149,2,153,0,2,204,2,208,230,4,234,442
12/08/2012,CMA,CA,AWP,WE,Towers with Radar,0,0,51,0,51,0,3,164,0,167,0,3,215,0,218,209,0,209,427
12/09/2012,CMA,CA,AWP,WE,Towers with Radar,0,2,45,0,47,0,0,175,0,175,0,2,220,0,222,116,0,116,338
12/10/2012,CMA,CA,AWP,WE,Towers with Radar,0,3,19,3,25,0,4,155,1,160,0,7,174,4,185,261,0,261,446
12/11/2012,CMA,CA,AWP,WE,Towers with Radar,0,0,42,0,42,0,3,176,0,179,0,3,218,0,221,225,0,225,446
12/12/2012,CMA,CA,AWP,WE,Towers with Radar,0,1,63,0,64,0,2,52,0,54,0,3,115,0,118,228,0,228,346
12/13/2012,CMA,CA,AWP,WE,Towers with Radar,0,0,49,1,50,0,0,108,0,108,0,0,157,1,158,264,0,264,422
12/14/2012,CMA,CA,AWP,WE,Towers with Radar,0,0,48,2,50,0,3,136,3,142,0,3,184,5,192,83,0,83,275
12/15/2012,CMA,CA,AWP,WE,Towers with Radar,0,0,32,0,32,0,1,190,0,191,0,1,222,0,223,239,0,239,462
12/16/2012,CMA,CA,AWP,WE,Towers with Radar,0,0,59,0,59,0,0,13,0,13,0,0,72,0,72,118,0,118,190
12/17/2012,CMA,CA,AWP,WE,Towers with Radar,0,1,47,4,52,0,1,64,0,65,0,2,111,4,117,186,0,186,303
12/18/2012,CMA,CA,AWP,WE,Towers with Radar,0,5,33,3,41,0,4,60,0,64,0,9,93,3,105,99,0,99,204
12/19/2012,CMA,CA,AWP,WE,Towers with Radar,0,0,17,1,18,0,6,155,1,162,0,6,172,2,180,86,0,86,266
12/20/2012,CMA,CA,AWP,WE,Towers with Radar,0,1,26,0,27,0,4,178,0,182,0,5,204,0,209,216,0,216,425
12/21/2012,CMA,CA,AWP,WE,Towers with Radar,0,7,44,0,51,0,4,196,0,200,0,11,240,0,251,165,0,165,416
12/22/2012,CMA,CA,AWP,WE,Towers with Radar,0,2,76,0,78,0,1,74,0,75,0,3,150,0,153,107,0,107,260
12/23/2012,CMA,CA,AWP,WE,Towers with Radar,0,4,49,0,53,0,0,41,0,41,0,4,90,0,94,175,0,175,269
12/24/2012,CMA,CA,AWP,WE,Towers with Radar,0,0,21,0,21,0,0,47,0,47,0,0,68,0,68,135,0,135,203
12/25/2012,CMA,CA,AWP,WE,Towers with Radar,0,1,5,0,6,0,2,62,0,64,0,3,67,0,70,37,0,37,107
12/26/2012,CMA,CA,AWP,WE,Towers with Radar,0,5,30,0,35,0,7,59,0,66,0,12,89,0,101,130,0,130,231
12/27/2012,CMA,CA,AWP,WE,Towers with Radar,0,1,36,0,37,0,4,188,0,192,0,5,224,0,229,285,0,285,514
12/28/2012,CMA,CA,AWP,WE,Towers with Radar,0,1,38,0,39,0,5,238,0,243,0,6,276,0,282,196,0,196,478
12/29/2012,CMA,CA,AWP,WE,Towers with Radar,0,1,29,0,30,0,1,39,0,40,0,2,68,0,70,132,0,132,202
12/30/2012,CMA,CA,AWP,WE,Towers with Radar,0,0,22,0,22,0,5,182,0,187,0,5,204,0,209,231,0,231,440
12/31/2012,CMA,CA,AWP,WE,Towers with Radar,0,1,27,0,28,0,0,190,0,190,0,1,217,0,218,146,0,146,364
01/01/2013,CMA,CA,AWP,WE,Towers with Radar,0,1,14,0,15,0,1,82,0,83,0,2,96,0,98,99,0,99,197
01/02/2013,CMA,CA,AWP,WE,Towers with Radar,0,5,26,0,31,0,4,85,1,90,0,9,111,1,121,38,0,38,159
01/03/2013,CMA,CA,AWP,WE,Towers with Radar,0,3,15,2,20,0,3,73,0,76,0,6,88,2,96,107,0,107,203
01/04/2013,CMA,CA,AWP,WE,Towers with Radar,0,3,38,2,43,0,1,180,0,181,0,4,218,2,224,247,0,247,471
01/05/2013,CMA,CA,AWP,WE,Towers with Radar,0,0,34,0,34,0,3,277,0,280,0,3,311,0,314,201,0,201,515
01/06/2013,CMA,CA,AWP,WE,Towers with Radar,0,3,41,0,44,0,0,52,0,52,0,3,93,0,96,78,0,78,174
01/07/2013,CMA,CA,AWP,WE,Towers with Radar,0,3,22,0,25,0,0,125,0,125,0,3,147,0,150,208,2,210,360
01/08/2013,CMA,CA,AWP,WE,Towers with Radar,0,2,41,0,43,0,3,175,0,178,0,5,216,0,221,196,0,196,417
01/09/2013,CMA,CA,AWP,WE,Towers with Radar,0,3,57,0,60,0,2,90,0,92,0,5,147,0,152,107,0,107,259
01/10/2013,CMA,CA,AWP,WE,Towers with Radar,0,10,29,0,39,0,0,53,0,53,0,10,82,0,92,209,0,209,301
01/11/2013,CMA,CA,AWP,WE,Towers with Radar,0,4,21,0,25,0,1,149,0,150,0,5,170,0,175,188,0,188,363
01/12/2013,CMA,CA,AWP,WE,Towers with Radar,0,1,30,0,31,0,3,259,0,262,0,4,289,0,293,143,0,143,436
01/13/2013,CMA,CA,AWP,WE,Towers with Radar,0,3,21,0,24,0,2,163,0,165,0,5,184,0,189,161,0,161,350
01/14/2013,CMA,CA,AWP,WE,Towers with Radar,0,2,17,1,20,0,0,77,0,77,0,2,94,1,97,73,0,73,170
01/15/2013,CMA,CA,AWP,WE,Towers with Radar,0,2,24,0,26,0,12,121,1,134,0,14,145,1,160,98,0,98,258
01/16/2013,CMA,CA,AWP,WE,Towers with Radar,0,3,25,0,28,0,2,108,0,110,0,5,133,0,138,36,0,36,174
01/17/2013,CMA,CA,AWP,WE,Towers with Radar,0,5,20,1,26,0,0,53,1,54,0,5,73,2,80,30,0,30,110
01/18/2013,CMA,CA,AWP,WE,Towers with Radar,0,5,27,1,33,0,0,114,0,114,0,5,141,1,147,74,0,74,221
01/19/2013,CMA,CA,AWP,WE,Towers with Radar,0,0,23,0,23,0,6,170,0,176,0,6,193,0,199,180,0,180,379
01/20/2013,CMA,CA,AWP,WE,Towers with Radar,0,0,20,0,20,0,1,175,0,176,0,1,195,0,196,82,0,82,278
01/21/2013,CMA,CA,AWP,WE,Towers with Radar,0,5,18,0,23,0,2,128,0,130,0,7,146,0,153,117,0,117,270
01/22/2013,CMA,CA,AWP,WE,Towers with Radar,0,11,34,0,45,0,5,166,3,174,0,16,200,3,219,123,0,123,342
01/23/2013,CMA,CA,AWP,WE,Towers with Radar,0,4,25,0,29,0,2,132,0,134,0,6,157,0,163,227,0,227,390
01/24/2013,CMA,CA,AWP,WE,Towers with Radar,0,3,55,0,58,0,0,31,0,31,0,3,86,0,89,143,0,143,232
01/25/2013,CMA,CA,AWP,WE,Towers with Radar,0,0,50,0,50,0,0,12,0,12,0,0,62,0,62,128,0,128,190
01/26/2013,CMA,CA,AWP,WE,Towers with Radar,0,5,65,0,70,0,1,152,2,155,0,6,217,2,225,178,0,178,403
01/27/2013,CMA,CA,AWP,WE,Towers with Radar,0,3,35,0,38,0,0,76,1,77,0,3,111,1,115,198,0,198,313
01/28/2013,CMA,CA,AWP,WE,Towers with Radar,0,2,24,0,26,0,1,126,0,127,0,3,150,0,153,208,0,208,361
01/29/2013,CMA,CA,AWP,WE,Towers with Radar,0,7,27,0,34,0,3,125,0,128,0,10,152,0,162,173,0,173,335
01/30/2013,CMA,CA,AWP,WE,Towers with Radar,0,3,37,2,42,0,3,241,1,245,0,6,278,3,287,188,0,188,475
01/31/2013,CMA,CA,AWP,WE,Towers with Radar,0,7,65,0,72,0,3,236,1,240,0,10,301,1,312,219,0,219,531
02/01/2013,CMA,CA,AWP,WE,Towers with Radar,0,14,36,0,50,0,3,214,0,217,0,17,250,0,267,152,0,152,419
02/02/2013,CMA,CA,AWP,WE,Towers with Radar,0,2,27,0,29,0,8,258,0,266,0,10,285,0,295,122,0,122,417
02/03/2013,CMA,CA,AWP,WE,Towers with Radar,0,2,28,0,30,0,5,217,0,222,0,7,245,0,252,160,0,160,412
02/04/2013,CMA,CA,AWP,WE,Towers with Radar,0,2,31,0,33,0,0,142,0,142,0,2,173,0,175,115,0,115,290
02/05/2013,CMA,CA,AWP,WE,Towers with Radar,0,1,64,0,65,0,2,33,0,35,0,3,97,0,100,174,0,174,274
02/06/2013,CMA,CA,AWP,WE,Towers with Radar,0,1,46,0,47,0,0,112,0,112,0,1,158,0,159,233,0,233,392
02/07/2013,CMA,CA,AWP,WE,Towers with Radar,0,4,76,0,80,0,4,80,0,84,0,8,156,0,164,136,0,136,300
02/08/2013,CMA,CA,AWP,WE,Towers with Radar,0,0,45,4,49,0,0,35,0,35,0,0,80,4,84,130,0,130,214
02/09/2013,CMA,CA,AWP,WE,Towers with Radar,0,6,28,0,34,0,1,240,0,241,0,7,268,0,275,189,0,189,464
02/10/2013,CMA,CA,AWP,WE,Towers with Radar,0,1,34,0,35,0,4,196,0,200,0,5,230,0,235,76,0,76,311
02/11/2013,CMA,CA,AWP,WE,Towers with Radar,0,0,30,0,30,0,2,141,0,143,0,2,171,0,173,140,0,140,313
02/12/2013,CMA,CA,AWP,WE,Towers with Radar,0,0,32,0,32,0,7,190,0,197,0,7,222,0,229,182,0,182,411
02/13/2013,CMA,CA,AWP,WE,Towers with Radar,0,0,22,0,22,0,3,158,0,161,0,3,180,0,183,123,0,123,306
02/14/2013,CMA,CA,AWP,WE,Towers with Radar,0,1,30,0,31,0,2,161,0,163,0,3,191,0,194,187,0,187,381
02/15/2013,CMA,CA,AWP,WE,Towers with Radar,0,4,20,0,24,0,2,83,0,85,0,6,103,0,109,40,0,40,149
02/16/2013,CMA,CA,AWP,WE,Towers with Radar,0,4,30,0,34,0,3,225,0,228,0,7,255,0,262,202,0,202,464
02/17/2013,CMA,CA,AWP,WE,Towers with Radar,0,6,32,0,38,0,1,226,0,227,0,7,258,0,265,248,0,248,513
02/18/2013,CMA,CA,AWP,WE,Towers with Radar,0,12,37,0,49,0,2,143,0,145,0,14,180,0,194,277,0,277,471
02/19/2013,CMA,CA,AWP,WE,Towers with Radar,0,2,26,0,28,0,6,34,0,40,0,8,60,0,68,136,0,136,204
02/20/2013,CMA,CA,AWP,WE,Towers with Radar,0,5,15,0,20,0,1,78,0,79,0,6,93,0,99,172,0,172,271
02/21/2013,CMA,CA,AWP,WE,Towers with Radar,0,6,34,0,40,0,2,146,2,150,0,8,180,2,190,170,0,170,360
02/22/2013,CMA,CA,AWP,WE,Towers with Radar,0,3,35,1,39,0,2,209,1,212,0,5,244,2,251,271,0,271,522
02/23/2013,CMA,CA,AWP,WE,Towers with Radar,0,5,26,0,31,0,0,273,0,273,0,5,299,0,304,180,0,180,484
02/24/2013,CMA,CA,AWP,WE,Towers with Radar,0,2,19,0,21,0,4,43,0,47,0,6,62,0,68,27,0,27,95
02/25/2013,CMA,CA,AWP,WE,Towers with Radar,0,1,26,2,29,0,0,207,0,207,0,1,233,2,236,190,0,190,426
02/26/2013,CMA,CA,AWP,WE,Towers with Radar,0,7,23,0,30,0,5,125,0,130,0,12,148,0,160,208,0,208,368
02/27/2013,CMA,CA,AWP,WE,Towers with Radar,0,7,30,0,37,0,1,129,0,130,0,8,159,0,167,154,0,154,321
02/28/2013,CMA,CA,AWP,WE,Towers with Radar,0,4,37,0,41,0,4,186,0,190,0,8,223,0,231,173,0,173,404
03/01/2013,CMA,CA,AWP,WE,Towers with Radar,0,8,31,0,39,0,5,177,0,182,0,13,208,0,221,269,0,269,490
03/02/2013,CMA,CA,AWP,WE,Towers with Radar,0,6,25,0,31,0,2,294,0,296,0,8,319,0,327,241,0,241,568
03/03/2013,CMA,CA,AWP,WE,Towers with Radar,0,5,35,0,40,0,0,210,0,210,0,5,245,0,250,176,0,176,426
03/04/2013,CMA,CA,AWP,WE,Towers with Radar,0,3,31,0,34,0,0,108,0,108,0,3,139,0,142,238,0,238,380
03/05/2013,CMA,CA,AWP,WE,Towers with Radar,0,3,69,0,72,0,3,47,0,50,0,6,116,0,122,228,0,228,350
03/06/2013,CMA,CA,AWP,WE,Towers with Radar,0,4,62,4,70,0,1,48,0,49,0,5,110,4,119,225,0,225,344
03/07/2013,CMA,CA,AWP,WE,Towers with Radar,0,2,61,0,63,0,1,80,0,81,0,3,141,0,144,242,0,242,386
03/08/2013,CMA,CA,AWP,WE,Towers with Radar,0,4,54,0,58,0,3,47,0,50,0,7,101,0,108,189,0,189,297
03/09/2013,CMA,CA,AWP,WE,Towers with Radar,0,1,33,0,34,0,1,229,0,230,0,2,262,0,264,278,0,278,542
03/10/2013,CMA,CA,AWP,WE,Towers with Radar,0,3,27,0,30,0,4,184,0,188,0,7,211,0,218,170,0,170,388
03/11/2013,CMA,CA,AWP,WE,Towers with Radar,0,3,29,0,32,0,2,146,0,148,0,5,175,0,180,259,0,259,439
03/12/2013,CMA,CA,AWP,WE,Towers with Radar,0,11,21,1,33,0,9,180,0,189,0,20,201,1,222,221,0,221,443
03/13/2013,CMA,CA,AWP,WE,Towers with Radar,0,7,50,0,57,0,1,139,0,140,0,8,189,0,197,238,0,238,435
03/14/2013,CMA,CA,AWP,WE,Towers with Radar,0,4,45,0,49,0,3,134,0,137,0,7,179,0,186,259,0,259,445
03/15/2013,CMA,CA,AWP,WE,Towers with Radar,0,9,56,0,65,0,1,69,0,70,0,10,125,0,135,52,0,52,187
03/16/2013,CMA,CA,AWP,WE,Towers with Radar,0,1,73,0,74,0,1,45,0,46,0,2,118,0,120,68,0,68,188
03/17/2013,CMA,CA,AWP,WE,Towers with Radar,0,2,23,0,25,0,1,124,0,125,0,3,147,0,150,127,0,127,277
03/18/2013,CMA,CA,AWP,WE,Towers with Radar,0,2,51,0,53,0,0,102,0,102,0,2,153,0,155,178,0,178,333
03/19/2013,CMA,CA,AWP,WE,Towers with Radar,0,1,44,0,45,0,3,101,0,104,0,4,145,0,149,252,0,252,401
03/20/2013,CMA,CA,AWP,WE,Towers with Radar,0,1,45,2,48,0,1,100,0,101,0,2,145,2,149,71,0,71,220
03/21/2013,CMA,CA,AWP,WE,Towers with Radar,0,7,50,0,57,0,2,178,0,180,0,9,228,0,237,105,0,105,342
03/22/2013,CMA,CA,AWP,WE,Towers with Radar,0,1,34,0,35,0,1,160,0,161,0,2,194,0,196,224,0,224,420
03/23/2013,CMA,CA,AWP,WE,Towers with Radar,0,5,31,0,36,0,2,235,0,237,0,7,266,0,273,161,0,161,434
03/24/2013,CMA,CA,AWP,WE,Towers with Radar,0,5,33,0,38,0,2,218,0,220,0,7,251,0,258,121,0,121,379
03/25/2013,CMA,CA,AWP,WE,Towers with Radar,0,4,14,1,19,0,1,123,6,130,0,5,137,7,149,150,0,150,299
03/26/2013,CMA,CA,AWP,WE,Towers with Radar,0,3,26,2,31,0,5,101,0,106,0,8,127,2,137,116,0,116,253
03/27/2013,CMA,CA,AWP,WE,Towers with Radar,0,2,34,4,40,0,1,140,0,141,0,3,174,4,181,200,0,200,381
03/28/2013,CMA,CA,AWP,WE,Towers with Radar,0,3,51,0,54,0,2,92,0,94,0,5,143,0,148,184,9,193,341
03/29/2013,CMA,CA,AWP,WE,Towers with Radar,0,2,84,0,86,0,0,109,0,109,0,2,193,0,195,128,0,128,323
03/30/2013,CMA,CA,AWP,WE,Towers with Radar,0,2,64,0,66,0,3,158,0,161,0,5,222,0,227,153,0,153,380
03/31/2013,CMA,CA,AWP,WE,Towers with Radar,0,2,35,0,37,0,0,34,0,34,0,2,69,0,71,131,0,131,202
04/01/2013,CMA,CA,AWP,WE,Towers with Radar,0,3,47,0,50,0,0,61,1,62,0,3,108,1,112,280,0,280,392
04/02/2013,CMA,CA,AWP,WE,Towers with Radar,0,2,28,0,30,0,3,162,0,165,0,5,190,0,195,238,0,238,433
04/03/2013,CMA,CA,AWP,WE,Towers with Radar,0,3,44,0,47,0,3,111,1,115,0,6,155,1,162,238,0,238,400
04/04/2013,CMA,CA,AWP,WE,Towers with Radar,0,7,45,0,52,0,1,69,1,71,0,8,114,1,123,146,0,146,269
04/05/2013,CMA,CA,AWP,WE,Towers with Radar,0,3,63,0,66,0,3,109,0,112,0,6,172,0,178,270,0,270,448
04/06/2013,CMA,CA,AWP,WE,Towers with Radar,0,1,41,0,42,0,3,179,0,182,0,4,220,0,224,211,0,211,435
04/07/2013,CMA,CA,AWP,WE,Towers with Radar,0,1,32,0,33,0,1,194,2,197,0,2,226,2,230,141,0,141,371
04/08/2013,CMA,CA,AWP,WE,Towers with Radar,0,2,12,0,14,0,0,22,0,22,0,2,34,0,36,55,0,55,91
04/09/2013,CMA,CA,AWP,WE,Towers with Radar,0,4,19,0,23,0,8,117,0,125,0,12,136,0,148,120,0,120,268
04/10/2013,CMA,CA,AWP,WE,Towers with Radar,0,1,27,0,28,0,4,158,0,162,0,5,185,0,190,200,0,200,390
04/11/2013,CMA,CA,AWP,WE,Towers with Radar,0,3,24,1,28,0,1,163,0,164,0,4,187,1,192,284,0,284,476
04/12/2013,CMA,CA,AWP,WE,Towers with Radar,0,5,58,1,64,0,3,157,0,160,0,8,215,1,224,259,0,259,483
04/13/2013,CMA,CA,AWP,WE,Towers with Radar,0,1,89,2,92,0,1,6,0,7,0,2,95,2,99,108,0,108,207
04/14/2013,CMA,CA,AWP,WE,Towers with Radar,0,0,76,0,76,0,2,39,0,41,0,2,115,0,117,167,0,167,284
04/15/2013,CMA,CA,AWP,WE,Towers with Radar,0,0,65,0,65,0,0,31,0,31,0,0,96,0,96,153,0,153,249
04/16/2013,CMA,CA,AWP,WE,Towers with Radar,0,2,14,0,16,0,8,110,0,118,0,10,124,0,134,272,0,272,406
04/17/2013,CMA,CA,AWP,WE,Towers with Radar,0,0,41,0,41,0,3,153,1,157,0,3,194,1,198,302,0,302,500
04/18/2013,CMA,CA,AWP,WE,Towers with Radar,0,3,21,0,24,0,0,84,0,84,0,3,105,0,108,112,0,112,220
04/19/2013,CMA,CA,AWP,WE,Towers with Radar,0,0,26,0,26,0,1,235,0,236,0,1,261,0,262,175,0,175,437
04/20/2013,CMA,CA,AWP,WE,Towers with Radar,0,0,50,0,50,0,6,335,0,341,0,6,385,0,391,161,0,161,552
04/21/2013,CMA,CA,AWP,WE,Towers with Radar,0,3,28,0,31,0,4,239,0,243,0,7,267,0,274,177,0,177,451
04/22/2013,CMA,CA,AWP,WE,Towers with Radar,0,4,37,0,41,0,2,85,0,87,0,6,122,0,128,135,0,135,263
04/23/2013,CMA,CA,AWP,WE,Towers with Radar,0,1,35,2,38,0,1,97,0,98,0,2,132,2,136,238,0,238,374
04/24/2013,CMA,CA,AWP,WE,Towers with Radar,0,2,92,1,95,0,0,62,0,62,0,2,154,1,157,166,0,166,323
04/25/2013,CMA,CA,AWP,WE,Towers with Radar,0,6,36,0,42,0,0,182,0,182,0,6,218,0,224,238,0,238,462
04/26/2013,CMA,CA,AWP,WE,Towers with Radar,0,2,26,0,28,0,0,239,0,239,0,2,265,0,267,210,0,210,477
04/27/2013,CMA,CA,AWP,WE,Towers with Radar,0,5,42,0,47,0,2,218,0,220,0,7,260,0,267,271,0,271,538
04/28/2013,CMA,CA,AWP,WE,Towers with Radar,0,2,51,0,53,0,4,151,0,155,0,6,202,0,208,129,0,129,337
04/29/2013,CMA,CA,AWP,WE,Towers with Radar,0,4,43,0,47,0,1,40,0,41,0,5,83,0,88,184,0,184,272
04/30/2013,CMA,CA,AWP,WE,Towers with Radar,0,12,65,1,78,0,2,43,0,45,0,14,108,1,123,300,0,300,423
05/01/2013,CMA,CA,AWP,WE,Towers with Radar,0,6,42,0,48,0,4,141,1,146,0,10,183,1,194,343,0,343,537
05/02/2013,CMA,CA,AWP,WE,Towers with Radar,0,2,18,0,20,0,4,114,0,118,0,6,132,0,138,2,0,2,140
05/03/2013,CMA,CA,AWP,WE,Towers with Radar,0,1,19,0,20,0,4,199,0,203,0,5,218,0,223,62,0,62,285
05/04/2013,CMA,CA,AWP,WE,Towers with Radar,0,1,15,0,16,0,4,212,0,216,0,5,227,0,232,127,0,127,359
05/05/2013,CMA,CA,AWP,WE,Towers with Radar,0,0,41,0,41,0,1,62,0,63,0,1,103,0,104,129,0,129,233
05/06/2013,CMA,CA,AWP,WE,Towers with Radar,0,0,30,0,30,0,1,44,0,45,0,1,74,0,75,144,0,144,219
05/07/2013,CMA,CA,AWP,WE,Towers with Radar,0,1,38,0,39,0,1,91,0,92,0,2,129,0,131,194,0,194,325
05/08/2013,CMA,CA,AWP,WE,Towers with Radar,0,6,49,0,55,0,2,135,0,137,0,8,184,0,192,232,0,232,424
05/09/2013,CMA,CA,AWP,WE,Towers with Radar,0,3,36,3,42,0,1,198,0,199,0,4,234,3,241,359,0,359,600
05/10/2013,CMA,CA,AWP,WE,Towers with Radar,0,1,38,0,39,0,2,178,0,180,0,3,216,0,219,177,0,177,396
05/11/2013,CMA,CA,AWP,WE,Towers with Radar,0,0,46,0,46,0,3,271,0,274,0,3,317,0,320,213,0,213,533
05/12/2013,CMA,CA,AWP,WE,Towers with Radar,0,4,16,0,20,0,1,156,0,157,0,5,172,0,177,66,0,66,243
05/13/2013,CMA,CA,AWP,WE,Towers with Radar,0,0,20,2,22,0,4,148,0,152,0,4,168,2,174,181,0,181,355
05/14/2013,CMA,CA,AWP,WE,Towers with Radar,0,3,34,0,37,0,6,155,0,161,0,9,189,0,198,116,0,116,314
05/15/2013,CMA,CA,AWP,WE,Towers with Radar,0,2,36,2,40,0,0,129,0,129,0,2,165,2,169,316,0,316,485
05/16/2013,CMA,CA,AWP,WE,Towers with Radar,0,5,65,0,70,0,1,73,0,74,0,6,138,0,144,245,0,245,389
05/17/2013,CMA,CA,AWP,WE,Towers with Radar,0,1,44,0,45,0,0,127,0,127,0,1,171,0,172,180,0,180,352
05/18/2013,CMA,CA,AWP,WE,Towers with Radar,0,0,22,0,22,0,2,230,0,232,0,2,252,0,254,228,0,228,482
05/19/2013,CMA,CA,AWP,WE,Towers with Radar,0,3,24,0,27,0,2,190,0,192,0,5,214,0,219,194,0,194,413
05/20/2013,CMA,CA,AWP,WE,Towers with Radar,0,0,30,0,30,0,0,131,0,131,0,0,161,0,161,172,0,172,333
05/21/2013,CMA,CA,AWP,WE,Towers with Radar,0,2,42,0,44,0,2,134,0,136,0,4,176,0,180,182,0,182,362
05/22/2013,CMA,CA,AWP,WE,Towers with Radar,0,2,41,0,43,0,3,150,0,153,0,5,191,0,196,193,0,193,389
05/23/2013,CMA,CA,AWP,WE,Towers with Radar,0,2,43,0,45,0,0,193,0,193,0,2,236,0,238,253,0,253,491
05/24/2013,CMA,CA,AWP,WE,Towers with Radar,0,10,44,0,54,0,8,197,0,205,0,18,241,0,259,174,0,174,433
05/25/2013,CMA,CA,AWP,WE,Towers with Radar,0,1,30,0,31,0,1,211,0,212,0,2,241,0,243,202,0,202,445
05/26/2013,CMA,CA,AWP,WE,Towers with Radar,0,0,24,0,24,0,2,170,0,172,0,2,194,0,196,158,0,158,354
05/27/2013,CMA,CA,AWP,WE,Towers with Radar,0,9,38,0,47,0,3,229,0,232,0,12,267,0,279,122,2,124,403
05/28/2013,CMA,CA,AWP,WE,Towers with Radar,0,6,25,0,31,0,6,103,0,109,0,12,128,0,140,132,0,132,272
05/29/2013,CMA,CA,AWP,WE,Towers with Radar,0,5,17,0,22,0,5,160,0,165,0,10,177,0,187,200,0,200,387
05/30/2013,CMA,CA,AWP,WE,Towers with Radar,0,5,38,0,43,0,3,138,1,142,0,8,176,1,185,338,0,338,523
05/31/2013,CMA,CA,AWP,WE,Towers with Radar,0,5,49,1,55,0,1,185,0,186,0,6,234,1,241,251,0,251,492
06/01/2013,CMA,CA,AWP,WE,Towers with Radar,0,5,35,1,41,0,3,259,0,262,0,8,294,1,303,191,0,191,494
06/02/2013,CMA,CA,AWP,WE,Towers with Radar,0,3,93,0,96,0,1,43,0,44,0,4,136,0,140,35,0,35,175
06/03/2013,CMA,CA,AWP,WE,Towers with Radar,0,4,42,0,46,0,2,71,4,77,0,6,113,4,123,284,0,284,407
06/04/2013,CMA,CA,AWP,WE,Towers with Radar,0,7,41,0,48,0,2,101,0,103,0,9,142,0,151,265,0,265,416
06/05/2013,CMA,CA,AWP,WE,Towers with Radar,0,6,62,6,74,0,7,90,1,98,0,13,152,7,172,287,1,288,460
06/06/2013,CMA,CA,AWP,WE,Towers with Radar,0,7,66,3,76,0,0,80,0,80,0,7,146,3,156,149,0,149,305
06/07/2013,CMA,CA,AWP,WE,Towers with Radar,0,6,91,4,101,0,2,86,0,88,0,8,177,4,189,104,0,104,293
06/08/2013,CMA,CA,AWP,WE,Towers with Radar,0,1,85,2,88,0,2,77,2,81,0,3,162,4,169,162,0,162,331
06/09/2013,CMA,CA,AWP,WE,Towers with Radar,0,3,111,0,114,0,1,62,0,63,0,4,173,0,177,134,0,134,311
06/10/2013,CMA,CA,AWP,WE,Towers with Radar,0,8,29,1,38,0,4,127,1,132,0,12,156,2,170,183,0,183,353
06/11/2013,CMA,CA,AWP,WE,Towers with Radar,0,4,29,0,33,0,1,164,0,165,0,5,193,0,198,282,0,282,480
06/12/2013,CMA,CA,AWP,WE,Towers with Radar,0,2,75,0,77,0,0,40,2,42,0,2,115,2,119,161,0,161,280
06/13/2013,CMA,CA,AWP,WE,Towers with Radar,0,5,53,0,58,0,1,89,2,92,0,6,142,2,150,205,4,209,359
06/14/2013,CMA,CA,AWP,WE,Towers with Radar,0,5,64,0,69,0,0,158,0,158,0,5,222,0,227,165,0,165,392
06/15/2013,CMA,CA,AWP,WE,Towers with Radar,0,11,68,1,80,0,4,231,0,235,0,15,299,1,315,301,0,301,616
06/16/2013,CMA,CA,AWP,WE,Towers with Radar,0,7,41,0,48,0,5,251,0,256,0,12,292,0,304,163,0,163,467
06/17/2013,CMA,CA,AWP,WE,Towers with Radar,0,1,33,0,34,0,0,116,0,116,0,1,149,0,150,219,0,219,369
06/18/2013,CMA,CA,AWP,WE,Towers with Radar,0,0,10,0,10,0,8,158,0,166,0,8,168,0,176,199,0,199,375
06/19/2013,CMA,CA,AWP,WE,Towers with Radar,0,4,36,0,40,0,4,141,0,145,0,8,177,0,185,124,0,124,309
06/20/2013,CMA,CA,AWP,WE,Towers with Radar,0,0,32,0,32,0,0,171,2,173,0,0,203,2,205,278,0,278,483
06/21/2013,CMA,CA,AWP,WE,Towers with Radar,0,1,24,0,25,0,0,235,0,235,0,1,259,0,260,210,0,210,470
06/22/2013,CMA,CA,AWP,WE,Towers with Radar,0,2,33,0,35,0,5,289,0,294,0,7,322,0,329,171,1,172,501
06/23/2013,CMA,CA,AWP,WE,Towers with Radar,0,7,49,0,56,0,1,74,0,75,0,8,123,0,131,288,0,288,419
06/24/2013,CMA,CA,AWP,WE,Towers with Radar,0,2,38,0,40,0,0,46,0,46,0,2,84,0,86,205,0,205,291
06/25/2013,CMA,CA,AWP,WE,Towers with Radar,0,3,23,0,26,0,5,78,0,83,0,8,101,0,109,301,0,301,410
06/26/2013,CMA,CA,AWP,WE,Towers with Radar,0,3,25,1,29,0,3,204,0,207,0,6,229,1,236,257,0,257,493
06/27/2013,CMA,CA,AWP,WE,Towers with Radar,0,1,31,4,36,0,2,225,1,228,0,3,256,5,264,238,0,238,502
06/28/2013,CMA,CA,AWP,WE,Towers with Radar,0,1,35,0,36,0,1,180,0,181,0,2,215,0,217,207,0,207,424
06/29/2013,CMA,CA,AWP,WE,Towers with Radar,0,5,31,0,36,0,2,249,0,251,0,7,280,0,287,229,0,229,516
06/30/2013,CMA,CA,AWP,WE,Towers with Radar,0,5,34,1,40,0,6,230,0,236,0,11,264,1,276,124,0,124,400
07/01/2013,CMA,CA,AWP,WE,Towers with Radar,0,4,38,0,42,0,3,102,0,105,0,7,140,0,147,110,0,110,257
07/02/2013,CMA,CA,AWP,WE,Towers with Radar,0,4,26,0,30,0,1,88,0,89,0,5,114,0,119,146,0,146,265
07/03/2013,CMA,CA,AWP,WE,Towers with Radar,0,6,50,1,57,0,0,103,0,103,0,6,153,1,160,241,0,241,401
07/04/2013,CMA,CA,AWP,WE,Towers with Radar,0,1,31,0,32,0,0,90,0,90,0,1,121,0,122,62,0,62,184
07/05/2013,CMA,CA,AWP,WE,Towers with Radar,0,3,55,0,58,0,3,87,0,90,0,6,142,0,148,269,0,269,417
07/06/2013,CMA,CA,AWP,WE,Towers with Radar,0,4,61,0,65,0,4,134,0,138,0,8,195,0,203,232,0,232,435
07/07/2013,CMA,CA,AWP,WE,Towers with Radar,0,4,51,0,55,0,2,161,0,163,0,6,212,0,218,191,0,191,409
07/08/2013,CMA,CA,AWP,WE,Towers with Radar,0,0,14,0,14,0,0,114,1,115,0,0,128,1,129,260,0,260,389
07/09/2013,CMA,CA,AWP,WE,Towers with Radar,0,4,46,0,50,0,3,123,0,126,0,7,169,0,176,297,0,297,473
07/10/2013,CMA,CA,AWP,WE,Towers with Radar,0,8,29,0,37,0,6,150,1,157,0,14,179,1,194,239,0,239,433
07/11/2013,CMA,CA,AWP,WE,Towers with Radar,0,4,39,0,43,0,2,123,0,125,0,6,162,0,168,279,0,279,447
07/12/2013,CMA,CA,AWP,WE,Towers with Radar,0,11,57,0,68,0,4,170,3,177,0,15,227,3,245,149,0,149,394
07/13/2013,CMA,CA,AWP,WE,Towers with Radar,0,0,31,0,31,0,4,172,0,176,0,4,203,0,207,159,0,159,366
07/14/2013,CMA,CA,AWP,WE,Towers with Radar,0,8,33,0,41,0,2,248,0,250,0,10,281,0,291,227,0,227,518
07/15/2013,CMA,CA,AWP,WE,Towers with Radar,0,8,33,1,42,0,1,155,2,158,0,9,188,3,200,128,0,128,328
07/16/2013,CMA,CA,AWP,WE,Towers with Radar,0,5,36,0,41,0,3,160,0,163,0,8,196,0,204,178,0,178,382
07/17/2013,CMA,CA,AWP,WE,Towers with Radar,0,14,24,0,38,0,0,167,0,167,0,14,191,0,205,261,0,261,466
07/18/2013,CMA,CA,AWP,WE,Towers with Radar,0,8,37,0,45,0,2,239,1,242,0,10,276,1,287,155,0,155,442
07/19/2013,CMA,CA,AWP,WE,Towers with Radar,0,4,37,1,42,0,1,217,0,218,0,5,254,1,260,201,0,201,461
07/20/2013,CMA,CA,AWP,WE,Towers with Radar,0,7,31,0,38,0,2,165,0,167,0,9,196,0,205,204,0,204,409
07/21/2013,CMA,CA,AWP,WE,Towers with Radar,0,13,90,0,103,0,0,30,0,30,0,13,120,0,133,32,0,32,165
07/22/2013,CMA,CA,AWP,WE,Towers with Radar,0,8,52,1,61,0,2,171,0,173,0,10,223,1,234,232,0,232,466
07/23/2013,CMA,CA,AWP,WE,Towers with Radar,0,4,34,0,38,0,6,137,0,143,0,10,171,0,181,257,0,257,438
07/24/2013,CMA,CA,AWP,WE,Towers with Radar,0,7,58,0,65,0,2,138,0,140,0,9,196,0,205,237,0,237,442
07/25/2013,CMA,CA,AWP,WE,Towers with Radar,0,16,59,0,75,0,8,148,0,156,0,24,207,0,231,218,0,218,449
07/26/2013,CMA,CA,AWP,WE,Towers with Radar,0,16,40,0,56,0,1,145,0,146,0,17,185,0,202,162,0,162,364
07/27/2013,CMA,CA,AWP,WE,Towers with Radar,0,8,43,0,51,0,2,227,0,229,0,10,270,0,280,147,0,147,427
07/28/2013,CMA,CA,AWP,WE,Towers with Radar,0,13,94,0,107,0,2,53,0,55,0,15,147,0,162,149,0,149,311
07/29/2013,CMA,CA,AWP,WE,Towers with Radar,0,3,31,2,36,0,1,113,0,114,0,4,144,2,150,278,16,294,444
07/30/2013,CMA,CA,AWP,WE,Towers with Radar,0,6,44,0,50,0,1,113,1,115,0,7,157,1,165,227,0,227,392
07/31/2013,CMA,CA,AWP,WE,Towers with Radar,0,6,59,0,65,0,0,66,7,73,0,6,125,7,138,225,14,239,377
08/01/2013,CMA,CA,AWP,WE,Towers with Radar,0,8,56,0,64,0,1,96,0,97,0,9,152,0,161,215,0,215,376
08/02/2013,CMA,CA,AWP,WE,Towers with Radar,0,1,35,0,36,0,2,200,1,203,0,3,235,1,239,143,0,143,382
08/03/2013,CMA,CA,AWP,WE,Towers with Radar,0,4,42,0,46,0,2,130,0,132,0,6,172,0,178,175,0,175,353
08/04/2013,CMA,CA,AWP,WE,Towers with Radar,0,4,44,0,48,0,4,154,0,158,0,8,198,0,206,169,0,169,375
08/05/2013,CMA,CA,AWP,WE,Towers with Radar,0,5,27,1,33,0,0,134,2,136,0,5,161,3,169,178,0,178,347
08/06/2013,CMA,CA,AWP,WE,Towers with Radar,0,6,43,0,49,0,0,42,0,42,0,6,85,0,91,96,0,96,187
08/07/2013,CMA,CA,AWP,WE,Towers with Radar,0,6,34,1,41,0,2,99,0,101,0,8,133,1,142,224,0,224,366
08/08/2013,CMA,CA,AWP,WE,Towers with Radar,0,7,38,0,45,0,1,196,0,197,0,8,234,0,242,290,0,290,532
08/09/2013,CMA,CA,AWP,WE,Towers with Radar,0,8,46,0,54,0,1,159,0,160,0,9,205,0,214,213,0,213,427
08/10/2013,CMA,CA,AWP,WE,Towers with Radar,0,4,43,0,47,0,3,247,0,250,0,7,290,0,297,205,0,205,502
08/11/2013,CMA,CA,AWP,WE,Towers with Radar,0,5,38,0,43,0,3,214,0,217,0,8,252,0,260,152,0,152,412
08/12/2013,CMA,CA,AWP,WE,Towers with Radar,0,8,23,0,31,0,0,157,0,157,0,8,180,0,188,150,0,150,338
08/13/2013,CMA,CA,AWP,WE,Towers with Radar,0,2,60,2,64,0,1,127,0,128,0,3,187,2,192,195,0,195,387
08/14/2013,CMA,CA,AWP,WE,Towers with Radar,0,6,46,4,56,0,2,97,0,99,0,8,143,4,155,232,0,232,387
08/15/2013,CMA,CA,AWP,WE,Towers with Radar,0,4,56,0,60,0,0,107,2,109,0,4,163,2,169,266,0,266,435
08/16/2013,CMA,CA,AWP,WE,Towers with Radar,0,10,41,2,53,0,0,221,0,221,0,10,262,2,274,168,0,168,442
08/17/2013,CMA,CA,AWP,WE,Towers with Radar,0,3,19,0,22,0,3,107,0,110,0,6,126,0,132,91,0,91,223
08/18/2013,CMA,CA,AWP,WE,Towers with Radar,0,10,29,0,39,0,4,138,0,142,0,14,167,0,181,159,0,159,340
08/19/2013,CMA,CA,AWP,WE,Towers with Radar,0,11,45,0,56,0,1,88,0,89,0,12,133,0,145,184,0,184,329
08/20/2013,CMA,CA,AWP,WE,Towers with Radar,0,4,47,2,53,0,2,106,0,108,0,6,153,2,161,142,0,142,303
08/21/2013,CMA,CA,AWP,WE,Towers with Radar,0,6,44,0,50,0,0,171,0,171,0,6,215,0,221,217,0,217,438
08/22/2013,CMA,CA,AWP,WE,Towers with Radar,0,8,44,0,52,0,1,202,0,203,0,9,246,0,255,291,0,291,546
08/23/2013,CMA,CA,AWP,WE,Towers with Radar,0,4,28,0,32,0,1,239,0,240,0,5,267,0,272,199,0,199,471
08/24/2013,CMA,CA,AWP,WE,Towers with Radar,0,3,37,0,40,0,3,257,0,260,0,6,294,0,300,228,0,228,528
08/25/2013,CMA,CA,AWP,WE,Towers with Radar,0,8,54,0,62,0,4,237,0,241,0,12,291,0,303,310,0,310,613
08/26/2013,CMA,CA,AWP,WE,Towers with Radar,0,2,25,0,27,0,0,150,0,150,0,2,175,0,177,238,0,238,415
08/27/2013,CMA,CA,AWP,WE,Towers with Radar,0,3,27,0,30,0,0,148,1,149,0,3,175,1,179,252,0,252,431
08/28/2013,CMA,CA,AWP,WE,Towers with Radar,0,0,30,0,30,0,0,190,2,192,0,0,220,2,222,227,0,227,449
08/29/2013,CMA,CA,AWP,WE,Towers with Radar,0,3,36,3,42,0,0,201,2,203,0,3,237,5,245,141,0,141,386
08/30/2013,CMA,CA,AWP,WE,Towers with Radar,0,5,34,0,39,0,0,212,0,212,0,5,246,0,251,278,0,278,529
08/31/2013,CMA,CA,AWP,WE,Towers with Radar,0,4,21,0,25,0,2,243,0,245,0,6,264,0,270,176,0,176,446
09/01/2013,CMA,CA,AWP,WE,Towers with Radar,0,4,29,0,33,0,2,261,0,263,0,6,290,0,296,223,0,223,519
09/02/2013,CMA,CA,AWP,WE,Towers with Radar,0,11,18,0,29,0,1,240,0,241,0,12,258,0,270,223,0,223,493
09/03/2013,CMA,CA,AWP,WE,Towers with Radar,0,2,8,0,10,0,2,147,0,149,0,4,155,0,159,130,0,130,289
09/04/2013,CMA,CA,AWP,WE,Towers with Radar,0,9,8,0,17,0,2,153,0,155,0,11,161,0,172,250,0,250,422
09/05/2013,CMA,CA,AWP,WE,Towers with Radar,0,0,23,0,23,0,0,182,0,182,0,0,205,0,205,265,0,265,470
09/06/2013,CMA,CA,AWP,WE,Towers with Radar,0,5,21,0,26,0,2,214,0,216,0,7,235,0,242,391,0,391,633
09/07/2013,CMA,CA,AWP,WE,Towers with Radar,0,5,41,0,46,0,1,321,0,322,0,6,362,0,368,288,0,288,656
09/08/2013,CMA,CA,AWP,WE,Towers with Radar,0,4,41,0,45,0,2,220,0,222,0,6,261,0,267,252,0,252,519
09/09/2013,CMA,CA,AWP,WE,Towers with Radar,0,0,30,3,33,0,2,90,1,93,0,2,120,4,126,198,0,198,324
09/10/2013,CMA,CA,AWP,WE,Towers with Radar,0,8,31,1,40,0,3,120,1,124,0,11,151,2,164,226,0,226,390
09/11/2013,CMA,CA,AWP,WE,Towers with Radar,0,4,34,0,38,0,3,149,2,154,0,7,183,2,192,200,0,200,392
09/12/2013,CMA,CA,AWP,WE,Towers with Radar,0,6,40,0,46,0,0,179,0,179,0,6,219,0,225,361,0,361,586
09/13/2013,CMA,CA,AWP,WE,Towers with Radar,0,12,32,0,44,0,0,204,0,204,0,12,236,0,248,286,0,286,534
09/14/2013,CMA,CA,AWP,WE,Towers with Radar,0,8,13,0,21,0,2,221,0,223,0,10,234,0,244,261,0,261,505
09/15/2013,CMA,CA,AWP,WE,Towers with Radar,0,5,24,0,29,0,3,260,0,263,0,8,284,0,292,99,0,99,391
09/16/2013,CMA,CA,AWP,WE,Towers with Radar,0,5,28,3,36,0,0,148,4,152,0,5,176,7,188,218,0,218,406
09/17/2013,CMA,CA,AWP,WE,Towers with Radar,0,4,23,0,27,0,2,103,0,105,0,6,126,0,132,269,0,269,401
09/18/2013,CMA,CA,AWP,WE,Towers with Radar,0,7,38,0,45,0,2,129,0,131,0,9,167,0,176,276,0,276,452
09/19/2013,CMA,CA,AWP,WE,Towers with Radar,0,8,45,0,53,0,2,91,0,93,0,10,136,0,146,119,0,119,265
09/20/2013,CMA,CA,AWP,WE,Towers with Radar,0,19,90,0,109,0,2,45,0,47,0,21,135,0,156,357,0,357,513
09/21/2013,CMA,CA,AWP,WE,Towers with Radar,0,5,57,0,62,0,3,78,0,81,0,8,135,0,143,183,0,183,326
09/22/2013,CMA,CA,AWP,WE,Towers with Radar,0,7,18,0,25,0,3,271,0,274,0,10,289,0,299,236,0,236,535
09/23/2013,CMA,CA,AWP,WE,Towers with Radar,0,6,29,0,35,0,3,193,0,196,0,9,222,0,231,398,0,398,629
09/24/2013,CMA,CA,AWP,WE,Towers with Radar,0,7,24,0,31,0,0,163,0,163,0,7,187,0,194,410,0,410,604
09/25/2013,CMA,CA,AWP,WE,Towers with Radar,0,1,20,0,21,0,0,144,1,145,0,1,164,1,166,386,0,386,552
09/26/2013,CMA,CA,AWP,WE,Towers with Radar,0,1,25,1,27,0,0,132,0,132,0,1,157,1,159,220,10,230,389
09/27/2013,CMA,CA,AWP,WE,Towers with Radar,0,8,31,1,40,0,0,140,0,140,0,8,171,1,180,92,0,92,272
09/28/2013,CMA,CA,AWP,WE,Towers with Radar,0,0,25,0,25,0,8,262,0,270,0,8,287,0,295,157,0,157,452
09/29/2013,CMA,CA,AWP,WE,Towers with Radar,0,5,29,0,34,0,3,278,0,281,0,8,307,0,315,185,0,185,500
09/30/2013,CMA,CA,AWP,WE,Towers with Radar,0,2,27,0,29,0,0,121,0,121,0,2,148,0,150,154,0,154,304
10/01/2013,CMA,CA,AWP,WE,Towers with Radar,0,2,21,0,23,0,2,158,0,160,0,4,179,0,183,158,0,158,341
10/02/2013,CMA,CA,AWP,WE,Towers with Radar,0,5,40,2,47,0,1,105,0,106,0,6,145,2,153,229,0,229,382
10/03/2013,CMA,CA,AWP,WE,Towers with Radar,0,8,51,0,59,0,0,129,0,129,0,8,180,0,188,212,0,212,400
10/04/2013,CMA,CA,AWP,WE,Towers with Radar,0,4,15,0,19,0,0,37,0,37,0,4,52,0,56,2,0,2,58
10/05/2013,CMA,CA,AWP,WE,Towers with Radar,0,7,8,0,15,0,0,29,0,29,0,7,37,0,44,12,0,12,56
10/06/2013,CMA,CA,AWP,WE,Towers with Radar,0,1,22,0,23,0,0,219,0,219,0,1,241,0,242,231,0,231,473
10/07/2013,CMA,CA,AWP,WE,Towers with Radar,0,9,14,0,23,0,2,185,2,189,0,11,199,2,212,214,0,214,426
10/08/2013,CMA,CA,AWP,WE,Towers with Radar,0,4,32,0,36,0,1,146,0,147,0,5,178,0,183,283,0,283,466
10/09/2013,CMA,CA,AWP,WE,Towers with Radar,0,2,46,0,48,0,0,14,0,14,0,2,60,0,62,123,0,123,185
10/10/2013,CMA,CA,AWP,WE,Towers with Radar,0,3,28,1,32,0,0,149,2,151,0,3,177,3,183,203,0,203,386
10/11/2013,CMA,CA,AWP,WE,Towers with Radar,0,10,27,0,37,0,3,209,0,212,0,13,236,0,249,232,1,233,482
10/12/2013,CMA,CA,AWP,WE,Towers with Radar,0,3,32,0,35,0,1,253,2,256,0,4,285,2,291,168,0,168,459
10/13/2013,CMA,CA,AWP,WE,Towers with Radar,0,13,35,0,48,0,0,137,0,137,0,13,172,0,185,142,0,142,327
10/14/2013,CMA,CA,AWP,WE,Towers with Radar,0,4,33,0,37,0,0,146,2,148,0,4,179,2,185,136,0,136,321
10/15/2013,CMA,CA,AWP,WE,Towers with Radar,0,6,32,0,38,0,2,157,2,161,0,8,189,2,199,104,0,104,303
10/16/2013,CMA,CA,AWP,WE,Towers with Radar,0,4,37,0,41,0,0,123,0,123,0,4,160,0,164,156,0,156,320
10/17/2013,CMA,CA,AWP,WE,Towers with Radar,0,4,23,0,27,0,0,187,0,187,0,4,210,0,214,272,0,272,486
10/18/2013,CMA,CA,AWP,WE,Towers with Radar,0,7,27,0,34,0,0,244,0,244,0,7,271,0,278,198,0,198,476
10/19/2013,CMA,CA,AWP,WE,Towers with Radar,0,10,27,0,37,0,2,342,0,344,0,12,369,0,381,141,0,141,522
10/20/2013,CMA,CA,AWP,WE,Towers with Radar,0,9,35,0,44,0,1,238,0,239,0,10,273,0,283,161,0,161,444
10/21/2013,CMA,CA,AWP,WE,Towers with Radar,0,6,38,0,44,0,1,102,0,103,0,7,140,0,147,85,0,85,232
10/22/2013,CMA,CA,AWP,WE,Towers with Radar,0,3,44,0,47,0,4,86,0,90,0,7,130,0,137,133,0,133,270
10/23/2013,CMA,CA,AWP,WE,Towers with Radar,0,5,58,3,66,0,0,46,0,46,0,5,104,3,112,112,0,112,224
10/24/2013,CMA,CA,AWP,WE,Towers with Radar,0,10,93,3,106,0,0,81,0,81,0,10,174,3,187,169,0,169,356
10/25/2013,CMA,CA,AWP,WE,Towers with Radar,0,7,58,0,65,0,0,116,0,116,0,7,174,0,181,201,0,201,382
10/26/2013,CMA,CA,AWP,WE,Towers with Radar,0,5,35,0,40,0,1,221,0,222,0,6,256,0,262,194,0,194,456
10/27/2013,CMA,CA,AWP,WE,Towers with Radar,0,6,48,0,54,0,0,172,0,172,0,6,220,0,226,151,0,151,377
10/28/2013,CMA,CA,AWP,WE,Towers with Radar,0,3,18,0,21,0,0,42,0,42,0,3,60,0,63,138,0,138,201
10/29/2013,CMA,CA,AWP,WE,Towers with Radar,0,7,32,0,39,0,1,100,0,101,0,8,132,0,140,241,0,241,381
10/30/2013,CMA,CA,AWP,WE,Towers with Radar,0,5,28,0,33,0,3,182,0,185,0,8,210,0,218,153,0,153,371
10/31/2013,CMA,CA,AWP,WE,Towers with Radar,0,7,38,0,45,0,0,175,0,175,0,7,213,0,220,183,0,183,403
11/01/2013,CMA,CA,AWP,WE,Towers with Radar,0,9,38,0,47,0,2,233,0,235,0,11,271,0,282,177,0,177,459
11/02/2013,CMA,CA,AWP,WE,Towers with Radar,0,7,17,0,24,0,4,263,0,267,0,11,280,0,291,184,0,184,475
11/03/2013,CMA,CA,AWP,WE,Towers with Radar,0,6,38,0,44,0,2,233,0,235,0,8,271,0,279,191,0,191,470
11/04/2013,CMA,CA,AWP,WE,Towers with Radar,0,8,43,0,51,0,0,106,0,106,0,8,149,0,157,255,0,255,412
11/05/2013,CMA,CA,AWP,WE,Towers with Radar,0,3,12,0,15,0,0,74,0,74,0,3,86,0,89,96,0,96,185
11/06/2013,CMA,CA,AWP,WE,Towers with Radar,0,4,22,2,28,0,0,114,0,114,0,4,136,2,142,186,0,186,328
11/07/2013,CMA,CA,AWP,WE,Towers with Radar,0,6,26,1,33,0,1,229,0,230,0,7,255,1,263,178,0,178,441
11/08/2013,CMA,CA,AWP,WE,Towers with Radar,0,3,30,4,37,0,3,250,0,253,0,6,280,4,290,288,0,288,578
11/09/2013,CMA,CA,AWP,WE,Towers with Radar,0,4,31,2,37,0,1,266,1,268,0,5,297,3,305,258,0,258,563
11/10/2013,CMA,CA,AWP,WE,Towers with Radar,0,4,22,6,32,0,1,246,5,252,0,5,268,11,284,143,0,143,427
11/11/2013,CMA,CA,AWP,WE,Towers with Radar,0,0,22,11,33,0,2,202,2,206,0,2,224,13,239,272,0,272,511
11/12/2013,CMA,CA,AWP,WE,Towers with Radar,0,6,22,1,29,0,7,147,2,156,0,13,169,3,185,219,0,219,404
11/13/2013,CMA,CA,AWP,WE,Towers with Radar,0,2,35,0,37,0,0,151,2,153,0,2,186,2,190,263,14,277,467
11/14/2013,CMA,CA,AWP,WE,Towers with Radar,0,1,29,0,30,0,1,183,0,184,0,2,212,0,214,229,0,229,443
11/15/2013,CMA,CA,AWP,WE,Towers with Radar,0,6,41,1,48,0,2,110,0,112,0,8,151,1,160,160,0,160,320
11/16/2013,CMA,CA,AWP,WE,Towers with Radar,0,3,26,0,29,0,5,137,0,142,0,8,163,0,171,268,0,268,439
11/17/2013,CMA,CA,AWP,WE,Towers with Radar,0,2,25,0,27,0,4,205,2,211,0,6,230,2,238,169,10,179,417
11/18/2013,CMA,CA,AWP,WE,Towers with Radar,0,3,20,0,23,0,2,131,0,133,0,5,151,0,156,259,0,259,415
11/19/2013,CMA,CA,AWP,WE,Towers with Radar,0,7,46,0,53,0,5,97,1,103,0,12,143,1,156,124,0,124,280
11/20/2013,CMA,CA,AWP,WE,Towers with Radar,0,3,59,0,62,0,1,82,0,83,0,4,141,0,145,150,0,150,295
11/21/2013,CMA,CA,AWP,WE,Towers with Radar,0,5,48,1,54,0,2,38,1,41,0,7,86,2,95,119,0,119,214
11/22/2013,CMA,CA,AWP,WE,Towers with Radar,0,8,17,0,25,0,3,37,0,40,0,11,54,0,65,0,0,0,65
11/23/2013,CMA,CA,AWP,WE,Towers with Radar,0,3,14,1,18,0,5,121,0,126,0,8,135,1,144,54,0,54,198
11/24/2013,CMA,CA,AWP,WE,Towers with Radar,0,2,44,0,46,0,3,278,0,281,0,5,322,0,327,83,0,83,410
11/25/2013,CMA,CA,AWP,WE,Towers with Radar,0,3,21,0,24,0,0,134,0,134,0,3,155,0,158,144,0,144,302
11/26/2013,CMA,CA,AWP,WE,Towers with Radar,0,5,21,2,28,0,8,126,2,136,0,13,147,4,164,121,0,121,285
11/27/2013,CMA,CA,AWP,WE,Towers with Radar,0,11,21,1,33,0,3,177,0,180,0,14,198,1,213,67,0,67,280
11/28/2013,CMA,CA,AWP,WE,Towers with Radar,0,1,8,0,9,0,0,66,0,66,0,1,74,0,75,24,0,24,99
11/29/2013,CMA,CA,AWP,WE,Towers with Radar,0,4,23,0,27,0,0,99,0,99,0,4,122,0,126,142,0,142,268
11/30/2013,CMA,CA,AWP,WE,Towers with Radar,0,6,21,0,27,0,4,245,0,249,0,10,266,0,276,147,0,147,423
12/01/2013,CMA,CA,AWP,WE,Towers with Radar,0,7,23,0,30,0,1,204,0,205,0,8,227,0,235,72,0,72,307
12/02/2013,CMA,CA,AWP,WE,Towers with Radar,0,4,21,0,25,0,0,145,0,145,0,4,166,0,170,174,6,180,350
12/03/2013,CMA,CA,AWP,WE,Towers with Radar,0,1,32,2,35,0,6,82,0,88,0,7,114,2,123,207,34,241,364
12/04/2013,CMA,CA,AWP,WE,Towers with Radar,0,3,40,0,43,0,1,135,0,136,0,4,175,0,179,166,0,166,345
12/05/2013,CMA,CA,AWP,WE,Towers with Radar,0,5,29,0,34,0,4,198,0,202,0,9,227,0,236,84,0,84,320
12/06/2013,CMA,CA,AWP,WE,Towers with Radar,0,1,35,0,36,0,3,226,0,229,0,4,261,0,265,148,0,148,413
12/07/2013,CMA,CA,AWP,WE,Towers with Radar,0,1,19,0,20,0,0,19,0,19,0,1,38,0,39,11,0,11,50
12/08/2013,CMA,CA,AWP,WE,Towers with Radar,0,8,28,0,36,0,0,221,0,221,0,8,249,0,257,87,0,87,344
12/09/2013,CMA,CA,AWP,WE,Towers with Radar,0,4,13,0,17,0,4,25,2,31,0,8,38,2,48,0,0,0,48
12/10/2013,CMA,CA,AWP,WE,Towers with Radar,0,4,19,0,23,0,2,90,0,92,0,6,109,0,115,95,0,95,210
12/11/2013,CMA,CA,AWP,WE,Towers with Radar,0,2,24,1,27,0,0,135,0,135,0,2,159,1,162,162,0,162,324
12/12/2013,CMA,CA,AWP,WE,Towers with Radar,0,5,44,0,49,0,5,198,0,203,0,10,242,0,252,214,0,214,466
12/13/2013,CMA,CA,AWP,WE,Towers with Radar,0,7,46,0,53,0,2,216,0,218,0,9,262,0,271,157,0,157,428
12/14/2013,CMA,CA,AWP,WE,Towers with Radar,0,4,15,0,19,0,1,78,0,79,0,5,93,0,98,45,0,45,143
12/15/2013,CMA,CA,AWP,WE,Towers with Radar,0,9,15,0,24,0,0,109,0,109,0,9,124,0,133,114,0,114,247
12/16/2013,CMA,CA,AWP,WE,Towers with Radar,0,3,25,0,28,0,0,164,0,164,0,3,189,0,192,215,0,215,407
12/17/2013,CMA,CA,AWP,WE,Towers with Radar,0,3,25,0,28,0,7,168,0,175,0,10,193,0,203,235,0,235,438
12/18/2013,CMA,CA,AWP,WE,Towers with Radar,0,3,39,0,42,0,1,113,0,114,0,4,152,0,156,106,0,106,262
12/19/2013,CMA,CA,AWP,WE,Towers with Radar,0,3,44,0,47,0,0,47,0,47,0,3,91,0,94,131,0,131,225
12/20/2013,CMA,CA,AWP,WE,Towers with Radar,0,8,44,2,54,0,0,237,0,237,0,8,281,2,291,217,0,217,508
12/21/2013,CMA,CA,AWP,WE,Towers with Radar,0,4,31,0,35,0,1,221,0,222,0,5,252,0,257,170,0,170,427
12/22/2013,CMA,CA,AWP,WE,Towers with Radar,0,8,26,0,34,0,1,200,0,201,0,9,226,0,235,132,0,132,367
12/23/2013,CMA,CA,AWP,WE,Towers with Radar,0,7,12,0,19,0,0,208,0,208,0,7,220,0,227,366,0,366,593
12/24/2013,CMA,CA,AWP,WE,Towers with Radar,0,1,7,0,8,0,3,103,0,106,0,4,110,0,114,140,0,140,254
12/25/2013,CMA,CA,AWP,WE,Towers with Radar,0,1,5,0,6,0,0,25,0,25,0,1,30,0,31,26,0,26,57
12/26/2013,CMA,CA,AWP,WE,Towers with Radar,0,4,12,0,16,0,1,103,0,104,0,5,115,0,120,16,0,16,136
12/27/2013,CMA,CA,AWP,WE,Towers with Radar,0,5,31,0,36,0,1,227,2,230,0,6,258,2,266,192,0,192,458
12/28/2013,CMA,CA,AWP,WE,Towers with Radar,0,6,44,0,50,0,2,276,0,278,0,8,320,0,328,149,0,149,477
12/29/2013,CMA,CA,AWP,WE,Towers with Radar,0,4,7,0,11,0,0,65,0,65,0,4,72,0,76,36,0,36,112
12/30/2013,CMA,CA,AWP,WE,Towers with Radar,0,7,26,0,33,0,2,246,0,248,0,9,272,0,281,166,0,166,447
12/31/2013,CMA,CA,AWP,WE,Towers with Radar,0,5,16,0,21,0,1,150,0,151,0,6,166,0,172,217,0,217,389
01/01/2014,CMA,CA,AWP,WE,Towers with Radar,0,5,21,0,26,0,2,145,0,147,0,7,166,0,173,86,0,86,259
01/02/2014,CMA,CA,AWP,WE,Towers with Radar,0,7,34,2,43,0,1,198,0,199,0,8,232,2,242,156,0,156,398
01/03/2014,CMA,CA,AWP,WE,Towers with Radar,0,11,17,0,28,0,0,204,0,204,0,11,221,0,232,191,0,191,423
01/04/2014,CMA,CA,AWP,WE,Towers with Radar,0,9,33,0,42,0,1,264,0,265,0,10,297,0,307,153,0,153,460
01/05/2014,CMA,CA,AWP,WE,Towers with Radar,0,9,19,0,28,0,5,87,0,92,0,14,106,0,120,14,0,14,134
01/06/2014,CMA,CA,AWP,WE,Towers with Radar,0,9,20,0,29,0,1,94,0,95,0,10,114,0,124,67,0,67,191
01/07/2014,CMA,CA,AWP,WE,Towers with Radar,0,15,21,2,38,0,3,124,0,127,0,18,145,2,165,161,4,165,330
01/08/2014,CMA,CA,AWP,WE,Towers with Radar,0,5,33,0,38,0,3,118,0,121,0,8,151,0,159,77,0,77,236
01/09/2014,CMA,CA,AWP,WE,Towers with Radar,0,10,55,0,65,0,2,78,0,80,0,12,133,0,145,145,0,145,290
01/10/2014,CMA,CA,AWP,WE,Towers with Radar,0,5,35,0,40,0,0,214,0,214,0,5,249,0,254,167,0,167,421
01/11/2014,CMA,CA,AWP,WE,Towers with Radar,0,6,50,0,56,0,1,249,0,250,0,7,299,0,306,156,0,156,462
01/12/2014,CMA,CA,AWP,WE,Towers with Radar,0,2,36,0,38,0,0,186,0,186,0,2,222,0,224,100,0,100,324
01/13/2014,CMA,CA,AWP,WE,Towers with Radar,0,3,13,0,16,0,2,45,0,47,0,5,58,0,63,31,0,31,94
01/14/2014,CMA,CA,AWP,WE,Towers with Radar,0,6,12,2,20,0,1,61,0,62,0,7,73,2,82,32,0,32,114
01/15/2014,CMA,CA,AWP,WE,Towers with Radar,0,3,17,0,20,0,2,68,2,72,0,5,85,2,92,8,0,8,100
01/16/2014,CMA,CA,AWP,WE,Towers with Radar,0,8,26,0,34,0,1,73,4,78,0,9,99,4,112,18,0,18,130
01/17/2014,CMA,CA,AWP,WE,Towers with Radar,0,9,35,1,45,0,2,146,0,148,0,11,181,1,193,145,0,145,338
01/18/2014,CMA,CA,AWP,WE,Towers with Radar,0,4,36,0,40,0,2,253,0,255,0,6,289,0,295,174,0,174,469
01/19/2014,CMA,CA,AWP,WE,Towers with Radar,0,7,20,0,27,0,0,272,0,272,0,7,292,0,299,111,0,111,410
01/20/2014,CMA,CA,AWP,WE,Towers with Radar,0,10,46,0,56,0,2,205,0,207,0,12,251,0,263,245,0,245,508
01/21/2014,CMA,CA,AWP,WE,Towers with Radar,0,7,26,0,33,0,3,121,1,125,0,10,147,1,158,153,0,153,311
01/22/2014,CMA,CA,AWP,WE,Towers with Radar,0,11,35,3,49,0,1,161,3,165,0,12,196,6,214,189,0,189,403
01/23/2014,CMA,CA,AWP,WE,Towers with Radar,0,5,16,0,21,0,2,129,0,131,0,7,145,0,152,139,0,139,291
01/24/2014,CMA,CA,AWP,WE,Towers with Radar,0,3,19,0,22,0,0,148,0,148,0,3,167,0,170,192,0,192,362
01/25/2014,CMA,CA,AWP,WE,Towers with Radar,0,2,19,0,21,0,4,275,0,279,0,6,294,0,300,192,0,192,492
01/26/2014,CMA,CA,AWP,WE,Towers with Radar,0,3,34,0,37,0,1,233,0,234,0,4,267,0,271,66,0,66,337
01/27/2014,CMA,CA,AWP,WE,Towers with Radar,0,1,24,0,25,0,0,175,1,176,0,1,199,1,201,209,0,209,410
01/28/2014,CMA,CA,AWP,WE,Towers with Radar,0,0,24,0,24,0,7,136,0,143,0,7,160,0,167,130,0,130,297
01/29/2014,CMA,CA,AWP,WE,Towers with Radar,0,5,30,0,35,0,4,128,0,132,0,9,158,0,167,158,0,158,325
01/30/2014,CMA,CA,AWP,WE,Towers with Radar,0,13,69,0,82,0,1,16,0,17,0,14,85,0,99,164,0,164,263
01/31/2014,CMA,CA,AWP,WE,Towers with Radar,0,9,29,0,38,0,5,160,0,165,0,14,189,0,203,252,0,252,455
02/01/2014,CMA,CA,AWP,WE,Towers with Radar,0,2,32,0,34,0,6,252,0,258,0,8,284,0,292,271,0,271,563
02/02/2014,CMA,CA,AWP,WE,Towers with Radar,0,4,22,0,26,0,2,143,1,146,0,6,165,1,172,180,0,180,352
02/03/2014,CMA,CA,AWP,WE,Towers with Radar,0,4,26,4,34,0,1,158,0,159,0,5,184,4,193,101,0,101,294
02/04/2014,CMA,CA,AWP,WE,Towers with Radar,0,3,25,0,28,0,5,129,0,134,0,8,154,0,162,198,0,198,360
02/05/2014,CMA,CA,AWP,WE,Towers with Radar,0,5,45,1,51,0,0,208,1,209,0,5,253,2,260,282,0,282,542
02/06/2014,CMA,CA,AWP,WE,Towers with Radar,0,12,40,0,52,0,1,26,1,28,0,13,66,1,80,61,2,63,143
02/07/2014,CMA,CA,AWP,WE,Towers with Radar,0,3,46,0,49,0,1,66,0,67,0,4,112,0,116,278,0,278,394
02/08/2014,CMA,CA,AWP,WE,Towers with Radar,0,3,72,0,75,0,0,58,0,58,0,3,130,0,133,185,0,185,318
02/09/2014,CMA,CA,AWP,WE,Towers with Radar,0,10,46,0,56,0,0,122,0,122,0,10,168,0,178,222,0,222,400
02/10/2014,CMA,CA,AWP,WE,Towers with Radar,0,2,36,0,38,0,1,167,0,168,0,3,203,0,206,192,0,192,398
02/11/2014,CMA,CA,AWP,WE,Towers with Radar,0,3,33,0,36,0,2,141,1,144,0,5,174,1,180,174,4,178,358
02/12/2014,CMA,CA,AWP,WE,Towers with Radar,0,6,22,0,28,0,0,224,0,224,0,6,246,0,252,205,0,205,457
02/13/2014,CMA,CA,AWP,WE,Towers with Radar,0,5,53,0,58,0,1,205,0,206,0,6,258,0,264,132,0,132,396
02/14/2014,CMA,CA,AWP,WE,Towers with Radar,0,8,52,0,60,0,4,255,0,259,0,12,307,0,319,83,0,83,402
02/15/2014,CMA,CA,AWP,WE,Towers with Radar,0,7,45,0,52,0,5,300,0,305,0,12,345,0,357,116,0,116,473
02/16/2014,CMA,CA,AWP,WE,Towers with Radar,0,6,27,0,33,0,2,293,0,295,0,8,320,0,328,162,0,162,490
02/17/2014,CMA,CA,AWP,WE,Towers with Radar,0,16,39,0,55,0,0,223,0,223,0,16,262,0,278,323,0,323,601
02/18/2014,CMA,CA,AWP,WE,Towers with Radar,0,11,50,2,63,0,4,94,0,98,0,15,144,2,161,163,0,163,324
02/19/2014,CMA,CA,AWP,WE,Towers with Radar,0,4,59,0,63,0,2,94,0,96,0,6,153,0,159,138,0,138,297
02/20/2014,CMA,CA,AWP,WE,Towers with Radar,0,7,29,4,40,0,1,89,0,90,0,8,118,4,130,80,0,80,210
02/21/2014,CMA,CA,AWP,WE,Towers with Radar,0,4,29,0,33,0,0,218,0,218,0,4,247,0,251,211,0,211,462
02/22/2014,CMA,CA,AWP,WE,Towers with Radar,0,3,41,0,44,0,3,262,0,265,0,6,303,0,309,253,0,253,562
02/23/2014,CMA,CA,AWP,WE,Towers with Radar,0,4,46,0,50,0,3,289,0,292,0,7,335,0,342,212,0,212,554
02/24/2014,CMA,CA,AWP,WE,Towers with Radar,0,8,37,0,45,0,0,166,0,166,0,8,203,0,211,155,0,155,366
02/25/2014,CMA,CA,AWP,WE,Towers with Radar,0,8,49,0,57,0,2,106,0,108,0,10,155,0,165,192,0,192,357
02/26/2014,CMA,CA,AWP,WE,Towers with Radar,0,5,69,2,76,0,1,83,0,84,0,6,152,2,160,236,0,236,396
02/27/2014,CMA,CA,AWP,WE,Towers with Radar,0,5,47,2,54,0,0,78,0,78,0,5,125,2,132,154,0,154,286
02/28/2014,CMA,CA,AWP,WE,Towers with Radar,0,10,13,0,23,0,0,7,0,7,0,10,20,0,30,33,0,33,63
03/01/2014,CMA,CA,AWP,WE,Towers with Radar,0,3,9,0,12,0,0,5,0,5,0,3,14,0,17,24,0,24,41
03/02/2014,CMA,CA,AWP,WE,Towers with Radar,0,2,45,0,47,0,0,60,0,60,0,2,105,0,107,203,0,203,310
03/03/2014,CMA,CA,AWP,WE,Towers with Radar,0,12,30,0,42,0,1,154,0,155,0,13,184,0,197,172,0,172,369
03/04/2014,CMA,CA,AWP,WE,Towers with Radar,0,4,46,0,50,0,2,118,0,120,0,6,164,0,170,148,0,148,318
03/05/2014,CMA,CA,AWP,WE,Towers with Radar,0,5,70,0,75,0,0,59,1,60,0,5,129,1,135,130,8,138,273
03/06/2014,CMA,CA,AWP,WE,Towers with Radar,0,4,34,0,38,0,3,124,0,127,0,7,158,0,165,116,0,116,281
03/07/2014,CMA,CA,AWP,WE,Towers with Radar,0,8,29,2,39,0,0,163,0,163,0,8,192,2,202,125,0,125,327
03/08/2014,CMA,CA,AWP,WE,Towers with Radar,0,1,21,0,22,0,2,166,0,168,0,3,187,0,190,126,0,126,316
03/09/2014,CMA,CA,AWP,WE,Towers with Radar,0,4,29,0,33,0,1,240,0,241,0,5,269,0,274,101,0,101,375
03/10/2014,CMA,CA,AWP,WE,Towers with Radar,0,4,21,0,25,0,2,193,0,195,0,6,214,0,220,179,0,179,399
03/11/2014,CMA,CA,AWP,WE,Towers with Radar,0,7,24,1,32,0,5,125,0,130,0,12,149,1,162,145,0,145,307
03/12/2014,CMA,CA,AWP,WE,Towers with Radar,0,7,23,0,30,0,1,42,2,45,0,8,65,2,75,95,0,95,170
03/13/2014,CMA,CA,AWP,WE,Towers with Radar,0,7,37,0,44,0,1,166,1,168,0,8,203,1,212,190,0,190,402
03/14/2014,CMA,CA,AWP,WE,Towers with Radar,0,10,51,0,61,0,5,244,0,249,0,15,295,0,310,165,2,167,477
03/15/2014,CMA,CA,AWP,WE,Towers with Radar,0,1,29,0,30,0,5,265,0,270,0,6,294,0,300,125,0,125,425
03/16/2014,CMA,CA,AWP,WE,Towers with Radar,0,12,35,0,47,0,4,235,0,239,0,16,270,0,286,119,0,119,405
03/17/2014,CMA,CA,AWP,WE,Towers with Radar,0,4,24,6,34,0,2,164,4,170,0,6,188,10,204,68,8,76,280
03/18/2014,CMA,CA,AWP,WE,Towers with Radar,0,4,32,2,38,0,2,98,0,100,0,6,130,2,138,107,0,107,245
03/19/2014,CMA,CA,AWP,WE,Towers with Radar,0,9,32,0,41,0,3,189,0,192,0,12,221,0,233,190,0,190,423
03/20/2014,CMA,CA,AWP,WE,Towers with Radar,0,11,36,0,47,0,0,177,0,177,0,11,213,0,224,106,0,106,330
03/21/2014,CMA,CA,AWP,WE,Towers with Radar,0,5,58,0,63,0,6,136,0,142,0,11,194,0,205,128,0,128,333
03/22/2014,CMA,CA,AWP,WE,Towers with Radar,0,6,60,0,66,0,6,208,0,214,0,12,268,0,280,282,0,282,562
03/23/2014,CMA,CA,AWP,WE,Towers with Radar,0,8,39,0,47,0,1,216,0,217,0,9,255,0,264,196,0,196,460
03/24/2014,CMA,CA,AWP,WE,Towers with Radar,0,4,41,0,45,0,0,104,2,106,0,4,145,2,151,161,0,161,312
03/25/2014,CMA,CA,AWP,WE,Towers with Radar,0,14,68,3,85,0,6,62,0,68,0,20,130,3,153,169,0,169,322
03/26/2014,CMA,CA,AWP,WE,Towers with Radar,0,7,19,0,26,0,0,47,0,47,0,7,66,0,73,74,0,74,147
03/27/2014,CMA,CA,AWP,WE,Towers with Radar,0,7,35,2,44,0,2,190,0,192,0,9,225,2,236,139,0,139,375
03/28/2014,CMA,CA,AWP,WE,Towers with Radar,0,8,27,6,41,0,3,190,1,194,0,11,217,7,235,123,0,123,358
03/29/2014,CMA,CA,AWP,WE,Towers with Radar,0,3,26,0,29,0,9,304,0,313,0,12,330,0,342,161,0,161,503
03/30/2014,CMA,CA,AWP,WE,Towers with Radar,0,4,29,0,33,0,2,224,0,226,0,6,253,0,259,133,0,133,392
03/31/2014,CMA,CA,AWP,WE,Towers with Radar,0,6,29,0,35,0,1,128,2,131,0,7,157,2,166,204,0,204,370
04/01/2014,CMA,CA,AWP,WE,Towers with Radar,0,3,26,1,30,0,5,76,2,83,0,8,102,3,113,115,0,115,228
04/02/2014,CMA,CA,AWP,WE,Towers with Radar,0,5,41,0,46,0,3,80,0,83,0,8,121,0,129,134,0,134,263
04/03/2014,CMA,CA,AWP,WE,Towers with Radar,0,11,27,1,39,0,2,210,0,212,0,13,237,1,251,298,0,298,549
04/04/2014,CMA,CA,AWP,WE,Towers with Radar,0,12,45,0,57,0,5,196,2,203,0,17,241,2,260,186,0,186,446
04/05/2014,CMA,CA,AWP,WE,Towers with Radar,0,5,41,0,46,0,2,330,0,332,0,7,371,0,378,173,0,173,551
04/06/2014,CMA,CA,AWP,WE,Towers with Radar,0,9,22,1,32,0,3,307,0,310,0,12,329,1,342,79,0,79,421
04/07/2014,CMA,CA,AWP,WE,Towers with Radar,0,2,16,0,18,0,0,156,0,156,0,2,172,0,174,154,0,154,328
04/08/2014,CMA,CA,AWP,WE,Towers with Radar,0,4,24,0,28,0,6,184,1,191,0,10,208,1,219,176,20,196,415
04/09/2014,CMA,CA,AWP,WE,Towers with Radar,0,5,41,1,47,0,0,194,0,194,0,5,235,1,241,251,0,251,492
04/10/2014,CMA,CA,AWP,WE,Towers with Radar,0,13,38,0,51,0,1,160,0,161,0,14,198,0,212,271,10,281,493
04/11/2014,CMA,CA,AWP,WE,Towers with Radar,0,2,25,0,27,0,8,230,0,238,0,10,255,0,265,199,0,199,464
04/12/2014,CMA,CA,AWP,WE,Towers with Radar,0,4,57,0,61,0,2,162,0,164,0,6,219,0,225,249,0,249,474
04/13/2014,CMA,CA,AWP,WE,Towers with Radar,0,9,35,0,44,0,0,212,0,212,0,9,247,0,256,98,0,98,354
04/14/2014,CMA,CA,AWP,WE,Towers with Radar,0,11,25,0,36,0,1,175,1,177,0,12,200,1,213,204,0,204,417
04/15/2014,CMA,CA,AWP,WE,Towers with Radar,0,0,1,0,1,0,0,13,0,13,0,0,14,0,14,85,0,85,99
04/16/2014,CMA,CA,AWP,WE,Towers with Radar,0,0,2,2,4,0,0,15,0,15,0,0,17,2,19,0,0,0,19
04/17/2014,CMA,CA,AWP,WE,Towers with Radar,0,0,0,0,0,0,0,20,0,20,0,0,20,0,20,0,0,0,20
04/18/2014,CMA,CA,AWP,WE,Towers with Radar,0,0,0,0,0,0,0,39,0,39,0,0,39,0,39,0,0,0,39
04/19/2014,CMA,CA,AWP,WE,Towers with Radar,0,5,29,0,34,0,2,339,0,341,0,7,368,0,375,161,0,161,536
04/20/2014,CMA,CA,AWP,WE,Towers with Radar,0,5,22,0,27,0,0,156,0,156,0,5,178,0,183,116,0,116,299
04/21/2014,CMA,CA,AWP,WE,Towers with Radar,0,7,31,0,38,0,0,216,0,216,0,7,247,0,254,229,0,229,483
04/22/2014,CMA,CA,AWP,WE,Towers with Radar,0,8,29,0,37,0,5,89,0,94,0,13,118,0,131,219,0,219,350
04/23/2014,CMA,CA,AWP,WE,Towers with Radar,0,6,43,2,51,0,1,164,0,165,0,7,207,2,216,208,0,208,424
04/24/2014,CMA,CA,AWP,WE,Towers with Radar,0,3,32,1,36,0,2,210,0,212,0,5,242,1,248,225,0,225,473
04/25/2014,CMA,CA,AWP,WE,Towers with Radar,0,11,54,0,65,0,1,91,0,92,0,12,145,0,157,361,0,361,518
04/26/2014,CMA,CA,AWP,WE,Towers with Radar,0,3,19,0,22,0,0,89,0,89,0,3,108,0,111,90,0,90,201
04/27/2014,CMA,CA,AWP,WE,Towers with Radar,0,5,38,0,43,0,1,236,0,237,0,6,274,0,280,136,0,136,416
04/28/2014,CMA,CA,AWP,WE,Towers with Radar,0,5,27,0,32,0,0,180,0,180,0,5,207,0,212,226,0,226,438
04/29/2014,CMA,CA,AWP,WE,Towers with Radar,0,4,10,0,14,0,2,54,0,56,0,6,64,0,70,46,32,78,148
04/30/2014,CMA,CA,AWP,WE,Towers with Radar,0,5,12,0,17,0,1,56,0,57,0,6,68,0,74,44,0,44,118
05/01/2014,CMA,CA,AWP,WE,Towers with Radar,0,7,12,0,19,0,2,99,1,102,0,9,111,1,121,160,0,160,281
05/02/2014,CMA,CA,AWP,WE,Towers with Radar,0,7,31,1,39,0,1,256,2,259,0,8,287,3,298,172,0,172,470
05/03/2014,CMA,CA,AWP,WE,Towers with Radar,0,6,28,0,34,0,5,272,0,277,0,11,300,0,311,170,0,170,481
05/04/2014,CMA,CA,AWP,WE,Towers with Radar,0,6,32,0,38,0,2,265,0,267,0,8,297,0,305,118,0,118,423
05/05/2014,CMA,CA,AWP,WE,Towers with Radar,0,10,30,2,42,0,2,183,0,185,0,12,213,2,227,149,0,149,376
05/06/2014,CMA,CA,AWP,WE,Towers with Radar,0,12,42,0,54,0,1,80,0,81,0,13,122,0,135,123,0,123,258
05/07/2014,CMA,CA,AWP,WE,Towers with Radar,0,9,34,0,43,0,1,163,2,166,0,10,197,2,209,167,0,167,376
05/08/2014,CMA,CA,AWP,WE,Towers with Radar,0,8,23,0,31,0,1,138,2,141,0,9,161,2,172,177,13,190,362
05/09/2014,CMA,CA,AWP,WE,Towers with Radar,0,5,29,1,35,0,3,175,0,178,0,8,204,1,213,364,0,364,577
05/10/2014,CMA,CA,AWP,WE,Towers with Radar,0,4,22,0,26,0,0,271,0,271,0,4,293,0,297,200,0,200,497
05/11/2014,CMA,CA,AWP,WE,Towers with Radar,0,10,15,0,25,0,4,121,0,125,0,14,136,0,150,158,0,158,308
05/12/2014,CMA,CA,AWP,WE,Towers with Radar,0,2,16,0,18,0,0,113,0,113,0,2,129,0,131,173,0,173,304
05/13/2014,CMA,CA,AWP,WE,Towers with Radar,0,6,26,0,32,0,1,57,0,58,0,7,83,0,90,18,0,18,108
05/14/2014,CMA,CA,AWP,WE,Towers with Radar,0,2,22,1,25,0,2,88,2,92,0,4,110,3,117,92,24,116,233
05/15/2014,CMA,CA,AWP,WE,Towers with Radar,0,5,29,1,35,0,1,210,0,211,0,6,239,1,246,206,0,206,452
05/16/2014,CMA,CA,AWP,WE,Towers with Radar,0,9,29,0,38,0,2,255,0,257,0,11,284,0,295,194,0,194,489
05/17/2014,CMA,CA,AWP,WE,Towers with Radar,0,3,34,0,37,0,3,291,0,294,0,6,325,0,331,197,0,197,528
05/18/2014,CMA,CA,AWP,WE,Towers with Radar,0,7,41,0,48,0,2,265,0,267,0,9,306,0,315,113,0,113,428
05/19/2014,CMA,CA,AWP,WE,Towers with Radar,0,7,22,0,29,0,1,142,0,143,0,8,164,0,172,184,0,184,356
05/20/2014,CMA,CA,AWP,WE,Towers with Radar,0,0,42,1,43,0,4,122,0,126,0,4,164,1,169,129,0,129,298
05/21/2014,CMA,CA,AWP,WE,Towers with Radar,0,10,48,0,58,0,4,151,0,155,0,14,199,0,213,268,0,268,481
05/22/2014,CMA,CA,AWP,WE,Towers with Radar,0,7,71,1,79,0,4,99,0,103,0,11,170,1,182,237,0,237,419
05/23/2014,CMA,CA,AWP,WE,Towers with Radar,0,16,44,0,60,0,2,236,0,238,0,18,280,0,298,213,0,213,511
05/24/2014,CMA,CA,AWP,WE,Towers with Radar,0,3,58,0,61,0,2,64,0,66,0,5,122,0,127,238,0,238,365
05/25/2014,CMA,CA,AWP,WE,Towers with Radar,0,3,24,0,27,0,1,233,0,234,0,4,257,0,261,176,0,176,437
05/26/2014,CMA,CA,AWP,WE,Towers with Radar,0,10,26,0,36,0,2,254,0,256,0,12,280,0,292,216,0,216,508
05/27/2014,CMA,CA,AWP,WE,Towers with Radar,0,7,40,0,47,0,2,117,0,119,0,9,157,0,166,226,0,226,392
05/28/2014,CMA,CA,AWP,WE,Towers with Radar,0,5,42,0,47,0,2,111,0,113,0,7,153,0,160,237,0,237,397
05/29/2014,CMA,CA,AWP,WE,Towers with Radar,0,11,53,1,65,0,3,211,6,220,0,14,264,7,285,292,14,306,591
05/30/2014,CMA,CA,AWP,WE,Towers with Radar,0,9,48,0,57,0,1,255,1,257,0,10,303,1,314,209,0,209,523
05/31/2014,CMA,CA,AWP,WE,Towers with Radar,0,4,28,0,32,0,3,312,0,315,0,7,340,0,347,243,0,243,590
06/01/2014,CMA,CA,AWP,WE,Towers with Radar,0,4,47,1,52,0,2,295,2,299,0,6,342,3,351,170,10,180,531
06/02/2014,CMA,CA,AWP,WE,Towers with Radar,0,3,29,1,33,0,2,156,0,158,0,5,185,1,191,225,0,225,416
06/03/2014,CMA,CA,AWP,WE,Towers with Radar,0,4,45,2,51,0,1,209,2,212,0,5,254,4,263,257,0,257,520
06/04/2014,CMA,CA,AWP,WE,Towers with Radar,0,5,25,0,30,0,1,180,0,181,0,6,205,0,211,226,1,227,438
06/05/2014,CMA,CA,AWP,WE,Towers with Radar,0,6,39,0,45,0,3,208,0,211,0,9,247,0,256,293,0,293,549
06/06/2014,CMA,CA,AWP,WE,Towers with Radar,0,11,48,0,59,0,1,174,0,175,0,12,222,0,234,183,0,183,417
06/07/2014,CMA,CA,AWP,WE,Towers with Radar,0,8,72,0,80,0,0,135,0,135,0,8,207,0,215,200,0,200,415
06/08/2014,CMA,CA,AWP,WE,Towers with Radar,0,5,57,0,62,0,1,201,0,202,0,6,258,0,264,104,0,104,368
06/09/2014,CMA,CA,AWP,WE,Towers with Radar,0,12,34,0,46,0,1,123,0,124,0,13,157,0,170,218,0,218,388
06/10/2014,CMA,CA,AWP,WE,Towers with Radar,0,14,52,0,66,0,1,32,0,33,0,15,84,0,99,137,0,137,236
06/11/2014,CMA,CA,AWP,WE,Towers with Radar,0,7,41,1,49,0,0,100,0,100,0,7,141,1,149,206,0,206,355
06/12/2014,CMA,CA,AWP,WE,Towers with Radar,0,12,56,0,68,0,3,131,0,134,0,15,187,0,202,189,0,189,391
06/13/2014,CMA,CA,AWP,WE,Towers with Radar,0,11,46,3,60,0,0,171,0,171,0,11,217,3,231,281,0,281,512
06/14/2014,CMA,CA,AWP,WE,Towers with Radar,0,5,35,0,40,0,4,246,0,250,0,9,281,0,290,130,0,130,420
06/15/2014,CMA,CA,AWP,WE,Towers with Radar,0,4,42,0,46,0,1,177,0,178,0,5,219,0,224,168,0,168,392
06/16/2014,CMA,CA,AWP,WE,Towers with Radar,0,3,39,2,44,0,7,143,2,152,0,10,182,4,196,309,8,317,513
06/17/2014,CMA,CA,AWP,WE,Towers with Radar,0,4,32,0,36,0,2,206,0,208,0,6,238,0,244,317,0,317,561
06/18/2014,CMA,CA,AWP,WE,Towers with Radar,0,4,33,0,37,0,0,176,2,178,0,4,209,2,215,231,0,231,446
06/19/2014,CMA,CA,AWP,WE,Towers with Radar,0,4,39,0,43,0,1,237,0,238,0,5,276,0,281,301,0,301,582
06/20/2014,CMA,CA,AWP,WE,Towers with Radar,0,7,28,0,35,0,1,270,0,271,0,8,298,0,306,250,0,250,556
06/21/2014,CMA,CA,AWP,WE,Towers with Radar,0,4,30,0,34,0,4,251,0,255,0,8,281,0,289,166,0,166,455
06/22/2014,CMA,CA,AWP,WE,Towers with Radar,0,5,38,0,43,0,4,221,0,225,0,9,259,0,268,225,0,225,493
06/23/2014,CMA,CA,AWP,WE,Towers with Radar,0,6,38,2,46,0,0,159,2,161,0,6,197,4,207,256,0,256,463
06/24/2014,CMA,CA,AWP,WE,Towers with Radar,0,9,25,0,34,0,4,166,0,170,0,13,191,0,204,235,0,235,439
06/25/2014,CMA,CA,AWP,WE,Towers with Radar,0,5,73,0,78,0,2,142,0,144,0,7,215,0,222,286,0,286,508
06/26/2014,CMA,CA,AWP,WE,Towers with Radar,0,1,40,0,41,0,0,210,0,210,0,1,250,0,251,229,0,229,480
06/27/2014,CMA,CA,AWP,WE,Towers with Radar,0,4,24,0,28,0,3,238,0,241,0,7,262,0,269,191,0,191,460
06/28/2014,CMA,CA,AWP,WE,Towers with Radar,0,6,40,0,46,0,3,247,0,250,0,9,287,0,296,261,0,261,557
06/29/2014,CMA,CA,AWP,WE,Towers with Radar,0,3,41,0,44,0,5,238,0,243,0,8,279,0,287,116,0,116,403
06/30/2014,CMA,CA,AWP,WE,Towers with Radar,0,6,50,1,57,0,0,147,0,147,0,6,197,1,204,313,6,319,523
07/01/2014,CMA,CA,AWP,WE,Towers with Radar,0,5,76,0,81,0,0,39,0,39,0,5,115,0,120,263,0,263,383
07/02/2014,CMA,CA,AWP,WE,Towers with Radar,0,5,63,0,68,0,3,106,1,110,0,8,169,1,178,148,0,148,326
07/03/2014,CMA,CA,AWP,WE,Towers with Radar,0,6,36,0,42,0,5,226,0,231,0,11,262,0,273,258,0,258,531
07/04/2014,CMA,CA,AWP,WE,Towers with Radar,0,2,25,0,27,0,0,186,0,186,0,2,211,0,213,192,0,192,405
07/05/2014,CMA,CA,AWP,WE,Towers with Radar,0,5,17,0,22,0,2,218,0,220,0,7,235,0,242,112,0,112,354
07/06/2014,CMA,CA,AWP,WE,Towers with Radar,0,4,28,0,32,0,5,252,0,257,0,9,280,0,289,103,0,103,392
07/07/2014,CMA,CA,AWP,WE,Towers with Radar,0,2,15,0,17,0,1,196,0,197,0,3,211,0,214,284,0,284,498
07/08/2014,CMA,CA,AWP,WE,Towers with Radar,0,10,44,12,66,0,1,165,0,166,0,11,209,12,232,264,0,264,496
07/09/2014,CMA,CA,AWP,WE,Towers with Radar,0,6,40,0,46,0,1,164,1,166,0,7,204,1,212,314,0,314,526
07/10/2014,CMA,CA,AWP,WE,Towers with Radar,0,8,49,0,57,0,0,159,0,159,0,8,208,0,216,357,0,357,573
07/11/2014,CMA,CA,AWP,WE,Towers with Radar,0,7,49,0,56,0,24,177,1,202,0,31,226,1,258,327,6,333,591
07/12/2014,CMA,CA,AWP,WE,Towers with Radar,0,10,29,0,39,0,2,266,1,269,0,12,295,1,308,136,0,136,444
07/13/2014,CMA,CA,AWP,WE,Towers with Radar,0,7,29,0,36,0,2,228,0,230,0,9,257,0,266,196,0,196,462
07/14/2014,CMA,CA,AWP,WE,Towers with Radar,0,0,43,2,45,0,0,146,0,146,0,0,189,2,191,262,0,262,453
07/15/2014,CMA,CA,AWP,WE,Towers with Radar,0,5,64,0,69,0,0,103,0,103,0,5,167,0,172,286,0,286,458
07/16/2014,CMA,CA,AWP,WE,Towers with Radar,0,3,62,1,66,0,0,81,2,83,0,3,143,3,149,250,0,250,399
07/17/2014,CMA,CA,AWP,WE,Towers with Radar,0,7,37,0,44,0,1,152,2,155,0,8,189,2,199,228,0,228,427
07/18/2014,CMA,CA,AWP,WE,Towers with Radar,0,7,17,0,24,0,3,184,1,188,0,10,201,1,212,225,0,225,437
07/19/2014,CMA,CA,AWP,WE,Towers with Radar,0,7,47,0,54,0,9,276,0,285,0,16,323,0,339,113,0,113,452
07/20/2014,CMA,CA,AWP,WE,Towers with Radar,0,2,39,0,41,0,2,197,0,199,0,4,236,0,240,184,0,184,424
07/21/2014,CMA,CA,AWP,WE,Towers with Radar,0,4,23,0,27,0,2,184,0,186,0,6,207,0,213,319,0,319,532
07/22/2014,CMA,CA,AWP,WE,Towers with Radar,0,11,35,0,46,0,2,209,0,211,0,13,244,0,257,297,0,297,554
07/23/2014,CMA,CA,AWP,WE,Towers with Radar,0,7,27,0,34,0,0,138,0,138,0,7,165,0,172,284,0,284,456
07/24/2014,CMA,CA,AWP,WE,Towers with Radar,0,9,33,0,42,0,0,142,0,142,0,9,175,0,184,353,10,363,547
07/25/2014,CMA,CA,AWP,WE,Towers with Radar,0,8,36,0,44,0,1,217,0,218,0,9,253,0,262,246,0,246,508
07/26/2014,CMA,CA,AWP,WE,Towers with Radar,0,5,53,0,58,0,5,203,0,208,0,10,256,0,266,177,0,177,443
07/27/2014,CMA,CA,AWP,WE,Towers with Radar,0,4,27,0,31,0,6,238,0,244,0,10,265,0,275,129,0,129,404
07/28/2014,CMA,CA,AWP,WE,Towers with Radar,0,4,32,0,36,0,3,183,0,186,0,7,215,0,222,199,0,199,421
07/29/2014,CMA,CA,AWP,WE,Towers with Radar,0,1,22,0,23,0,2,205,0,207,0,3,227,0,230,224,0,224,454
07/30/2014,CMA,CA,AWP,WE,Towers with Radar,0,6,27,0,33,0,5,212,2,219,0,11,239,2,252,209,4,213,465
07/31/2014,CMA,CA,AWP,WE,Towers with Radar,0,8,28,0,36,0,1,225,0,226,0,9,253,0,262,289,0,289,551
08/01/2014,CMA,CA,AWP,WE,Towers with Radar,0,8,44,0,52,0,5,175,0,180,0,13,219,0,232,234,0,234,466
08/02/2014,CMA,CA,AWP,WE,Towers with Radar,0,3,53,0,56,0,2,151,0,153,0,5,204,0,209,118,0,118,327
08/03/2014,CMA,CA,AWP,WE,Towers with Radar,0,5,36,0,41,0,2,141,0,143,0,7,177,0,184,187,0,187,371
08/04/2014,CMA,CA,AWP,WE,Towers with Radar,0,3,33,0,36,0,1,227,0,228,0,4,260,0,264,240,0,240,504
08/05/2014,CMA,CA,AWP,WE,Towers with Radar,0,2,46,0,48,0,4,217,0,221,0,6,263,0,269,284,0,284,553
08/06/2014,CMA,CA,AWP,WE,Towers with Radar,0,5,43,0,48,0,3,171,2,176,0,8,214,2,224,363,0,363,587
08/07/2014,CMA,CA,AWP,WE,Towers with Radar,0,4,48,0,52,0,2,178,2,182,0,6,226,2,234,320,2,322,556
08/08/2014,CMA,CA,AWP,WE,Towers with Radar,0,9,38,0,47,0,4,198,0,202,0,13,236,0,249,195,0,195,444
08/09/2014,CMA,CA,AWP,WE,Towers with Radar,0,0,73,1,74,0,0,143,0,143,0,0,216,1,217,302,0,302,519
08/10/2014,CMA,CA,AWP,WE,Towers with Radar,0,2,34,0,36,0,0,224,0,224,0,2,258,0,260,277,0,277,537
08/11/2014,CMA,CA,AWP,WE,Towers with Radar,0,9,39,0,48,0,3,233,0,236,0,12,272,0,284,365,0,365,649
08/12/2014,CMA,CA,AWP,WE,Towers with Radar,0,5,44,0,49,0,5,209,0,214,0,10,253,0,263,327,0,327,590
08/13/2014,CMA,CA,AWP,WE,Towers with Radar,0,5,30,0,35,0,2,171,0,173,0,7,201,0,208,381,0,381,589
08/14/2014,CMA,CA,AWP,WE,Towers with Radar,0,4,58,5,67,0,1,222,0,223,0,5,280,5,290,225,6,231,521
08/15/2014,CMA,CA,AWP,WE,Towers with Radar,0,6,30,0,36,0,1,246,1,248,0,7,276,1,284,190,0,190,474
08/16/2014,CMA,CA,AWP,WE,Towers with Radar,0,8,28,0,36,0,2,300,0,302,0,10,328,0,338,286,0,286,624
08/17/2014,CMA,CA,AWP,WE,Towers with Radar,0,6,28,0,34,0,6,271,0,277,0,12,299,0,311,203,0,203,514
08/18/2014,CMA,CA,AWP,WE,Towers with Radar,0,12,14,0,26,0,2,228,0,230,0,14,242,0,256,222,0,222,478
08/19/2014,CMA,CA,AWP,WE,Towers with Radar,0,9,30,0,39,0,2,187,0,189,0,11,217,0,228,302,0,302,530
08/20/2014,CMA,CA,AWP,WE,Towers with Radar,0,7,44,0,51,0,1,189,0,190,0,8,233,0,241,236,0,236,477
08/21/2014,CMA,CA,AWP,WE,Towers with Radar,0,3,39,1,43,0,0,241,1,242,0,3,280,2,285,175,0,175,460
08/22/2014,CMA,CA,AWP,WE,Towers with Radar,0,11,40,1,52,0,0,240,0,240,0,11,280,1,292,247,0,247,539
08/23/2014,CMA,CA,AWP,WE,Towers with Radar,0,1,16,0,17,0,2,139,0,141,0,3,155,0,158,5,0,5,163
08/24/2014,CMA,CA,AWP,WE,Towers with Radar,0,6,16,0,22,0,1,117,0,118,0,7,133,0,140,100,0,100,240
08/25/2014,CMA,CA,AWP,WE,Towers with Radar,0,6,25,0,31,0,5,166,2,173,0,11,191,2,204,174,0,174,378
08/26/2014,CMA,CA,AWP,WE,Towers with Radar,0,6,36,3,45,0,7,219,2,228,0,13,255,5,273,254,0,254,527
08/27/2014,CMA,CA,AWP,WE,Towers with Radar,0,6,28,2,36,0,7,207,0,214,0,13,235,2,250,268,0,268,518
08/28/2014,CMA,CA,AWP,WE,Towers with Radar,0,8,26,0,34,0,1,198,3,202,0,9,224,3,236,298,0,298,534
08/29/2014,CMA,CA,AWP,WE,Towers with Radar,0,9,44,0,53,0,4,248,0,252,0,13,292,0,305,180,0,180,485
08/30/2014,CMA,CA,AWP,WE,Towers with Radar,0,4,31,0,35,0,5,226,0,231,0,9,257,0,266,158,0,158,424
08/31/2014,CMA,CA,AWP,WE,Towers with Radar,0,4,37,0,41,0,4,234,0,238,0,8,271,0,279,75,0,75,354
09/01/2014,CMA,CA,AWP,WE,Towers with Radar,0,6,29,0,35,0,0,266,0,266,0,6,295,0,301,164,0,164,465
09/02/2014,CMA,CA,AWP,WE,Towers with Radar,0,3,16,0,19,0,2,137,4,143,0,5,153,4,162,158,0,158,320
09/03/2014,CMA,CA,AWP,WE,Towers with Radar,0,7,46,0,53,0,0,129,4,133,0,7,175,4,186,234,0,234,420
09/04/2014,CMA,CA,AWP,WE,Towers with Radar,0,7,50,0,57,0,3,128,0,131,0,10,178,0,188,150,0,150,338
09/05/2014,CMA,CA,AWP,WE,Towers with Radar,0,5,43,6,54,0,5,170,1,176,0,10,213,7,230,134,2,136,366
09/06/2014,CMA,CA,AWP,WE,Towers with Radar,0,2,41,0,43,0,5,239,1,245,0,7,280,1,288,87,0,87,375
09/07/2014,CMA,CA,AWP,WE,Towers with Radar,0,2,20,0,22,0,2,232,0,234,0,4,252,0,256,68,0,68,324
09/08/2014,CMA,CA,AWP,WE,Towers with Radar,0,5,22,0,27,0,1,99,0,100,0,6,121,0,127,146,0,146,273
09/09/2014,CMA,CA,AWP,WE,Towers with Radar,0,11,20,4,35,0,4,190,1,195,0,15,210,5,230,287,0,287,517
09/10/2014,CMA,CA,AWP,WE,Towers with Radar,0,8,32,2,42,0,0,179,0,179,0,8,211,2,221,184,2,186,407
09/11/2014,CMA,CA,AWP,WE,Towers with Radar,0,7,36,0,43,0,0,202,0,202,0,7,238,0,245,289,0,289,534
09/12/2014,CMA,CA,AWP,WE,Towers with Radar,0,7,37,4,48,0,2,216,0,218,0,9,253,4,266,208,0,208,474
09/13/2014,CMA,CA,AWP,WE,Towers with Radar,0,2,25,0,27,0,3,239,0,242,0,5,264,0,269,246,0,246,515
09/14/2014,CMA,CA,AWP,WE,Towers with Radar,0,11,23,0,34,0,0,267,0,267,0,11,290,0,301,240,0,240,541
09/15/2014,CMA,CA,AWP,WE,Towers with Radar,0,7,21,0,28,0,1,178,3,182,0,8,199,3,210,236,0,236,446
09/16/2014,CMA,CA,AWP,WE,Towers with Radar,0,2,21,1,24,0,5,163,3,171,0,7,184,4,195,174,0,174,369
09/17/2014,CMA,CA,AWP,WE,Towers with Radar,0,9,19,0,28,0,1,149,2,152,0,10,168,2,180,141,0,141,321
09/18/2014,CMA,CA,AWP,WE,Towers with Radar,0,9,39,0,48,0,0,159,0,159,0,9,198,0,207,60,0,60,267
09/19/2014,CMA,CA,AWP,WE,Towers with Radar,0,23,37,0,60,0,4,174,0,178,0,27,211,0,238,206,0,206,444
09/20/2014,CMA,CA,AWP,WE,Towers with Radar,0,11,47,0,58,0,2,163,0,165,0,13,210,0,223,116,0,116,339
09/21/2014,CMA,CA,AWP,WE,Towers with Radar,0,9,40,0,49,0,2,159,0,161,0,11,199,0,210,94,0,94,304
09/22/2014,CMA,CA,AWP,WE,Towers with Radar,0,1,23,0,24,0,3,190,0,193,0,4,213,0,217,121,0,121,338
09/23/2014,CMA,CA,AWP,WE,Towers with Radar,0,1,43,1,45,0,3,215,0,218,0,4,258,1,263,225,3,228,491
09/24/2014,CMA,CA,AWP,WE,Towers with Radar,0,8,36,3,47,0,0,229,0,229,0,8,265,3,276,192,0,192,468
09/25/2014,CMA,CA,AWP,WE,Towers with Radar,0,7,36,0,43,0,3,201,3,207,0,10,237,3,250,247,16,263,513
09/26/2014,CMA,CA,AWP,WE,Towers with Radar,0,8,28,0,36,0,1,188,0,189,0,9,216,0,225,187,0,187,412
09/27/2014,CMA,CA,AWP,WE,Towers with Radar,0,6,24,0,30,0,6,226,0,232,0,12,250,0,262,185,0,185,447
09/28/2014,CMA,CA,AWP,WE,Towers with Radar,0,16,30,0,46,0,0,207,0,207,0,16,237,0,253,118,0,118,371
09/29/2014,CMA,CA,AWP,WE,Towers with Radar,0,5,37,0,42,0,4,178,0,182,0,9,215,0,224,109,0,109,333
09/30/2014,CMA,CA,AWP,WE,Towers with Radar,0,3,31,3,37,0,5,159,0,164,0,8,190,3,201,125,0,125,326
10/01/2014,CMA,CA,AWP,WE,Towers with Radar,0,7,46,0,53,0,0,198,0,198,0,7,244,0,251,218,25,243,494
10/02/2014,CMA,CA,AWP,WE,Towers with Radar,0,5,20,2,27,0,2,114,0,116,0,7,134,2,143,92,0,92,235
10/03/2014,CMA,CA,AWP,WE,Towers with Radar,0,7,23,0,30,0,2,174,0,176,0,9,197,0,206,135,0,135,341
10/04/2014,CMA,CA,AWP,WE,Towers with Radar,0,3,30,0,33,0,3,248,0,251,0,6,278,0,284,161,0,161,445
10/05/2014,CMA,CA,AWP,WE,Towers with Radar,0,9,28,0,37,0,3,265,0,268,0,12,293,0,305,127,0,127,432
10/06/2014,CMA,CA,AWP,WE,Towers with Radar,0,4,26,0,30,0,0,183,0,183,0,4,209,0,213,216,0,216,429
10/07/2014,CMA,CA,AWP,WE,Towers with Radar,0,4,18,0,22,0,0,166,0,166,0,4,184,0,188,153,0,153,341
10/08/2014,CMA,CA,AWP,WE,Towers with Radar,0,0,34,6,40,0,0,177,0,177,0,0,211,6,217,247,4,251,468
10/09/2014,CMA,CA,AWP,WE,Towers with Radar,0,8,39,1,48,0,0,116,3,119,0,8,155,4,167,168,2,170,337
10/10/2014,CMA,CA,AWP,WE,Towers with Radar,0,9,52,0,61,0,3,98,0,101,0,12,150,0,162,174,0,174,336
10/11/2014,CMA,CA,AWP,WE,Towers with Radar,0,2,42,0,44,0,1,207,0,208,0,3,249,0,252,254,0,254,506
10/12/2014,CMA,CA,AWP,WE,Towers with Radar,0,14,22,1,37,0,11,189,0,200,0,25,211,1,237,130,0,130,367
10/13/2014,CMA,CA,AWP,WE,Towers with Radar,0,11,40,0,51,0,0,153,0,153,0,11,193,0,204,127,0,127,331
10/14/2014,CMA,CA,AWP,WE,Towers with Radar,0,7,38,0,45,0,0,94,0,94,0,7,132,0,139,154,6,160,299
10/15/2014,CMA,CA,AWP,WE,Towers with Radar,0,4,45,0,49,0,0,104,0,104,0,4,149,0,153,238,0,238,391
10/16/2014,CMA,CA,AWP,WE,Towers with Radar,0,16,46,0,62,0,0,213,0,213,0,16,259,0,275,224,0,224,499
10/17/2014,CMA,CA,AWP,WE,Towers with Radar,0,10,44,0,54,0,5,156,0,161,0,15,200,0,215,216,0,216,431
10/18/2014,CMA,CA,AWP,WE,Towers with Radar,0,11,29,0,40,0,0,241,0,241,0,11,270,0,281,132,0,132,413
10/19/2014,CMA,CA,AWP,WE,Towers with Radar,0,8,36,0,44,0,2,209,0,211,0,10,245,0,255,133,0,133,388
10/20/2014,CMA,CA,AWP,WE,Towers with Radar,0,2,40,0,42,0,0,127,0,127,0,2,167,0,169,160,0,160,329
10/21/2014,CMA,CA,AWP,WE,Towers with Radar,0,5,30,0,35,0,6,167,0,173,0,11,197,0,208,190,0,190,398
10/22/2014,CMA,CA,AWP,WE,Towers with Radar,0,2,36,0,38,0,2,201,0,203,0,4,237,0,241,258,0,258,499
10/23/2014,CMA,CA,AWP,WE,Towers with Radar,0,7,28,0,35,0,0,204,0,204,0,7,232,0,239,214,0,214,453
10/24/2014,CMA,CA,AWP,WE,Towers with Radar,0,7,38,0,45,0,3,220,0,223,0,10,258,0,268,215,0,215,483
10/25/2014,CMA,CA,AWP,WE,Towers with Radar,0,5,41,0,46,0,3,199,0,202,0,8,240,0,248,149,0,149,397
10/26/2014,CMA,CA,AWP,WE,Towers with Radar,0,11,22,0,33,0,3,205,0,208,0,14,227,0,241,137,0,137,378
10/27/2014,CMA,CA,AWP,WE,Towers with Radar,0,5,18,0,23,0,1,182,0,183,0,6,200,0,206,220,0,220,426
10/28/2014,CMA,CA,AWP,WE,Towers with Radar,0,3,21,0,24,0,4,196,0,200,0,7,217,0,224,276,0,276,500
10/29/2014,CMA,CA,AWP,WE,Towers with Radar,0,1,28,0,29,0,0,217,1,218,0,1,245,1,247,173,0,173,420
10/30/2014,CMA,CA,AWP,WE,Towers with Radar,0,6,33,0,39,0,4,185,0,189,0,10,218,0,228,110,0,110,338
10/31/2014,CMA,CA,AWP,WE,Towers with Radar,0,2,45,0,47,0,0,53,0,53,0,2,98,0,100,216,8,224,324
11/01/2014,CMA,CA,AWP,WE,Towers with Radar,0,2,29,0,31,0,0,98,0,98,0,2,127,0,129,103,0,103,232
11/02/2014,CMA,CA,AWP,WE,Towers with Radar,0,9,31,0,40,0,0,247,0,247,0,9,278,0,287,113,0,113,400
11/03/2014,CMA,CA,AWP,WE,Towers with Radar,0,3,13,0,16,0,2,124,0,126,0,5,137,0,142,89,0,89,231
11/04/2014,CMA,CA,AWP,WE,Towers with Radar,0,8,18,0,26,0,1,123,0,124,0,9,141,0,150,160,0,160,310
11/05/2014,CMA,CA,AWP,WE,Towers with Radar,0,2,13,2,17,0,3,84,5,92,0,5,97,7,109,185,0,185,294
11/06/2014,CMA,CA,AWP,WE,Towers with Radar,0,2,21,0,23,0,2,182,0,184,0,4,203,0,207,191,0,191,398
11/07/2014,CMA,CA,AWP,WE,Towers with Radar,0,9,33,0,42,0,3,247,0,250,0,12,280,0,292,190,0,190,482
11/08/2014,CMA,CA,AWP,WE,Towers with Radar,0,11,29,0,40,0,1,280,2,283,0,12,309,2,323,151,0,151,474
11/09/2014,CMA,CA,AWP,WE,Towers with Radar,0,13,42,0,55,0,2,216,0,218,0,15,258,0,273,75,0,75,348
11/10/2014,CMA,CA,AWP,WE,Towers with Radar,0,8,42,0,50,0,0,89,0,89,0,8,131,0,139,278,0,278,417
11/11/2014,CMA,CA,AWP,WE,Towers with Radar,0,4,76,0,80,0,2,114,0,116,0,6,190,0,196,244,0,244,440
11/12/2014,CMA,CA,AWP,WE,Towers with Radar,0,6,41,0,47,0,0,123,0,123,0,6,164,0,170,370,0,370,540
11/13/2014,CMA,CA,AWP,WE,Towers with Radar,0,6,60,0,66,0,0,78,0,78,0,6,138,0,144,223,0,223,367
11/14/2014,CMA,CA,AWP,WE,Towers with Radar,0,7,54,0,61,0,2,150,0,152,0,9,204,0,213,240,0,240,453
11/15/2014,CMA,CA,AWP,WE,Towers with Radar,0,6,45,0,51,0,4,254,0,258,0,10,299,0,309,205,0,205,514
11/16/2014,CMA,CA,AWP,WE,Towers with Radar,0,7,16,0,23,0,1,66,0,67,0,8,82,0,90,54,0,54,144
11/17/2014,CMA,CA,AWP,WE,Towers with Radar,0,14,12,0,26,0,0,117,0,117,0,14,129,0,143,129,0,129,272
11/18/2014,CMA,CA,AWP,WE,Towers with Radar,0,5,17,0,22,0,2,150,0,152,0,7,167,0,174,324,0,324,498
11/19/2014,CMA,CA,AWP,WE,Towers with Radar,0,6,38,1,45,0,0,167,0,167,0,6,205,1,212,308,0,308,520
11/20/2014,CMA,CA,AWP,WE,Towers with Radar,0,8,55,0,63,0,0,80,0,80,0,8,135,0,143,291,0,291,434
11/21/2014,CMA,CA,AWP,WE,Towers with Radar,0,9,40,0,49,0,0,243,0,243,0,9,283,0,292,228,0,228,520
11/22/2014,CMA,CA,AWP,WE,Towers with Radar,0,8,24,0,32,0,0,322,0,322,0,8,346,0,354,201,0,201,555
11/23/2014,CMA,CA,AWP,WE,Towers with Radar,0,12,31,0,43,0,0,136,0,136,0,12,167,0,179,132,0,132,311
11/24/2014,CMA,CA,AWP,WE,Towers with Radar,0,6,13,0,19,0,1,73,0,74,0,7,86,0,93,34,0,34,127
11/25/2014,CMA,CA,AWP,WE,Towers with Radar,0,4,21,0,25,0,4,202,0,206,0,8,223,0,231,287,0,287,518
11/26/2014,CMA,CA,AWP,WE,Towers with Radar,0,10,21,2,33,0,0,211,1,212,0,10,232,3,245,150,0,150,395
11/27/2014,CMA,CA,AWP,WE,Towers with Radar,0,2,9,0,11,0,0,49,0,49,0,2,58,0,60,35,0,35,95
11/28/2014,CMA,CA,AWP,WE,Towers with Radar,0,7,16,0,23,0,1,249,0,250,0,8,265,0,273,141,0,141,414
11/29/2014,CMA,CA,AWP,WE,Towers with Radar,0,8,32,0,40,0,1,254,0,255,0,9,286,0,295,110,0,110,405
11/30/2014,CMA,CA,AWP,WE,Towers with Radar,0,15,50,0,65,0,0,25,0,25,0,15,75,0,90,98,0,98,188
12/01/2014,CMA,CA,AWP,WE,Towers with Radar,0,5,22,0,27,0,3,155,0,158,0,8,177,0,185,188,0,188,373
12/02/2014,CMA,CA,AWP,WE,Towers with Radar,0,0,21,1,22,0,0,4,0,4,0,0,25,1,26,22,0,22,48
12/03/2014,CMA,CA,AWP,WE,Towers with Radar,0,3,33,0,36,0,0,18,0,18,0,3,51,0,54,38,0,38,92
12/04/2014,CMA,CA,AWP,WE,Towers with Radar,0,6,63,0,69,0,0,90,0,90,0,6,153,0,159,236,0,236,395
12/05/2014,CMA,CA,AWP,WE,Towers with Radar,0,6,33,0,39,0,0,158,0,158,0,6,191,0,197,202,0,202,399
12/06/2014,CMA,CA,AWP,WE,Towers with Radar,0,1,35,0,36,0,1,243,0,244,0,2,278,0,280,183,0,183,463
12/07/2014,CMA,CA,AWP,WE,Towers with Radar,0,8,33,0,41,0,0,309,0,309,0,8,342,0,350,133,0,133,483
12/08/2014,CMA,CA,AWP,WE,Towers with Radar,0,2,29,0,31,0,9,161,0,170,0,11,190,0,201,172,0,172,373
12/09/2014,CMA,CA,AWP,WE,Towers with Radar,0,6,29,3,38,0,1,237,1,239,0,7,266,4,277,246,0,246,523
12/10/2014,CMA,CA,AWP,WE,Towers with Radar,0,10,23,1,34,0,2,159,0,161,0,12,182,1,195,218,0,218,413
12/11/2014,CMA,CA,AWP,WE,Towers with Radar,0,3,32,0,35,0,0,33,0,33,0,3,65,0,68,267,0,267,335
12/12/2014,CMA,CA,AWP,WE,Towers with Radar,0,7,19,0,26,0,1,28,0,29,0,8,47,0,55,138,0,138,193
12/13/2014,CMA,CA,AWP,WE,Towers with Radar,0,3,24,0,27,0,0,254,0,254,0,3,278,0,281,177,0,177,458
12/14/2014,CMA,CA,AWP,WE,Towers with Radar,0,2,37,0,39,0,2,207,0,209,0,4,244,0,248,122,0,122,370
12/15/2014,CMA,CA,AWP,WE,Towers with Radar,0,3,26,0,29,0,0,137,0,137,0,3,163,0,166,314,0,314,480
12/16/2014,CMA,CA,AWP,WE,Towers with Radar,0,5,33,0,38,0,0,32,0,32,0,5,65,0,70,156,0,156,226
12/17/2014,CMA,CA,AWP,WE,Towers with Radar,0,7,34,0,41,0,0,130,0,130,0,7,164,0,171,264,0,264,435
12/18/2014,CMA,CA,AWP,WE,Towers with Radar,0,4,68,0,72,0,0,72,1,73,0,4,140,1,145,282,0,282,427
12/19/2014,CMA,CA,AWP,WE,Towers with Radar,0,7,69,0,76,0,2,188,0,190,0,9,257,0,266,230,0,230,496
12/20/2014,CMA,CA,AWP,WE,Towers with Radar,0,4,68,0,72,0,0,142,0,142,0,4,210,0,214,188,0,188,402
12/21/2014,CMA,CA,AWP,WE,Towers with Radar,0,10,21,0,31,0,0,218,0,218,0,10,239,0,249,188,0,188,437
12/22/2014,CMA,CA,AWP,WE,Towers with Radar,0,3,24,4,31,0,0,227,1,228,0,3,251,5,259,247,0,247,506
12/23/2014,CMA,CA,AWP,WE,Towers with Radar,0,4,14,0,18,0,2,124,0,126,0,6,138,0,144,275,0,275,419
12/24/2014,CMA,CA,AWP,WE,Towers with Radar,0,6,9,0,15,0,0,152,4,156,0,6,161,4,171,234,0,234,405
12/25/2014,CMA,CA,AWP,WE,Towers with Radar,0,3,0,0,3,0,0,35,0,35,0,3,35,0,38,79,0,79,117
12/26/2014,CMA,CA,AWP,WE,Towers with Radar,0,6,10,0,16,0,0,94,0,94,0,6,104,0,110,92,0,92,202
12/27/2014,CMA,CA,AWP,WE,Towers with Radar,0,10,18,0,28,0,0,73,0,73,0,10,91,0,101,85,0,85,186
12/28/2014,CMA,CA,AWP,WE,Towers with Radar,0,13,16,1,30,0,0,269,1,270,0,13,285,2,300,168,15,183,483
12/29/2014,CMA,CA,AWP,WE,Towers with Radar,0,10,32,0,42,0,0,189,0,189,0,10,221,0,231,208,0,208,439
12/30/2014,CMA,CA,AWP,WE,Towers with Radar,0,5,33,0,38,0,4,77,0,81,0,9,110,0,119,196,0,196,315
12/31/2014,CMA,CA,AWP,WE,Towers with Radar,0,6,13,0,19,0,4,73,4,81,0,10,86,4,100,20,0,20,120
01/01/2015,CMA,CA,AWP,WE,Towers with Radar,0,5,14,0,19,0,1,103,0,104,0,6,117,0,123,54,0,54,177
01/02/2015,CMA,CA,AWP,WE,Towers with Radar,0,14,22,0,36,0,3,275,0,278,0,17,297,0,314,136,0,136,450
01/03/2015,CMA,CA,AWP,WE,Towers with Radar,0,7,26,0,33,0,0,278,0,278,0,7,304,0,311,185,0,185,496
01/04/2015,CMA,CA,AWP,WE,Towers with Radar,0,9,19,0,28,0,0,232,0,232,0,9,251,0,260,145,0,145,405
01/05/2015,CMA,CA,AWP,WE,Towers with Radar,0,6,13,0,19,0,1,92,0,93,0,7,105,0,112,106,0,106,218
01/06/2015,CMA,CA,AWP,WE,Towers with Radar,0,12,26,0,38,0,4,140,0,144,0,16,166,0,182,184,0,184,366
01/07/2015,CMA,CA,AWP,WE,Towers with Radar,0,6,35,0,41,0,1,140,0,141,0,7,175,0,182,188,0,188,370
01/08/2015,CMA,CA,AWP,WE,Towers with Radar,0,9,23,0,32,0,1,199,0,200,0,10,222,0,232,170,0,170,402
01/09/2015,CMA,CA,AWP,WE,Towers with Radar,0,7,45,0,52,0,1,143,0,144,0,8,188,0,196,209,0,209,405
01/10/2015,CMA,CA,AWP,WE,Towers with Radar,0,5,48,0,53,0,0,25,0,25,0,5,73,0,78,47,0,47,125
01/11/2015,CMA,CA,AWP,WE,Towers with Radar,0,7,41,4,52,0,1,46,0,47,0,8,87,4,99,130,0,130,229
01/12/2015,CMA,CA,AWP,WE,Towers with Radar,0,8,32,0,40,0,0,161,0,161,0,8,193,0,201,174,0,174,375
01/13/2015,CMA,CA,AWP,WE,Towers with Radar,0,6,30,1,37,0,0,138,3,141,0,6,168,4,178,238,0,238,416
01/14/2015,CMA,CA,AWP,WE,Towers with Radar,0,1,37,0,38,0,3,181,0,184,0,4,218,0,222,128,0,128,350
01/15/2015,CMA,CA,AWP,WE,Towers with Radar,0,8,23,1,32,0,2,160,0,162,0,10,183,1,194,291,0,291,485
01/16/2015,CMA,CA,AWP,WE,Towers with Radar,4,8,25,2,39,0,0,253,0,253,4,8,278,2,292,171,0,171,463
01/17/2015,CMA,CA,AWP,WE,Towers with Radar,0,5,22,0,27,0,0,325,1,326,0,5,347,1,353,226,0,226,579
01/18/2015,CMA,CA,AWP,WE,Towers with Radar,0,6,35,0,41,0,0,266,0,266,0,6,301,0,307,145,0,145,452
01/19/2015,CMA,CA,AWP,WE,Towers with Radar,0,11,36,0,47,0,0,219,0,219,0,11,255,0,266,294,0,294,560
01/20/2015,CMA,CA,AWP,WE,Towers with Radar,0,6,65,1,72,0,1,66,1,68,0,7,131,2,140,196,0,196,336
01/21/2015,CMA,CA,AWP,WE,Towers with Radar,0,1,30,0,31,0,0,120,0,120,0,1,150,0,151,163,0,163,314
01/22/2015,CMA,CA,AWP,WE,Towers with Radar,0,8,23,2,33,0,2,137,0,139,0,10,160,2,172,168,8,176,348
01/23/2015,CMA,CA,AWP,WE,Towers with Radar,0,7,43,0,50,0,1,150,0,151,0,8,193,0,201,146,0,146,347
01/24/2015,CMA,CA,AWP,WE,Towers with Radar,0,3,9,0,12,0,0,34,0,34,0,3,43,0,46,11,0,11,57
01/25/2015,CMA,CA,AWP,WE,Towers with Radar,0,6,14,0,20,0,2,101,0,103,0,8,115,0,123,64,0,64,187
01/26/2015,CMA,CA,AWP,WE,Towers with Radar,0,6,24,0,30,0,4,100,0,104,0,10,124,0,134,104,0,104,238
01/27/2015,CMA,CA,AWP,WE,Towers with Radar,0,13,40,0,53,0,0,145,2,147,0,13,185,2,200,222,4,226,426
01/28/2015,CMA,CA,AWP,WE,Towers with Radar,0,5,25,2,32,0,0,173,4,177,0,5,198,6,209,246,0,246,455
01/29/2015,CMA,CA,AWP,WE,Towers with Radar,0,4,31,0,35,0,0,146,0,146,0,4,177,0,181,240,0,240,421
01/30/2015,CMA,CA,AWP,WE,Towers with Radar,0,11,54,0,65,0,0,147,0,147,0,11,201,0,212,214,0,214,426
01/31/2015,CMA,CA,AWP,WE,Towers with Radar,0,3,26,0,29,0,2,266,0,268,0,5,292,0,297,226,0,226,523
02/01/2015,CMA,CA,AWP,WE,Towers with Radar,0,3,22,0,25,0,0,262,0,262,0,3,284,0,287,105,0,105,392
02/02/2015,CMA,CA,AWP,WE,Towers with Radar,0,14,42,0,56,0,1,180,0,181,0,15,222,0,237,335,0,335,572
02/03/2015,CMA,CA,AWP,WE,Towers with Radar,0,6,39,0,45,0,2,166,0,168,0,8,205,0,213,276,0,276,489
02/04/2015,CMA,CA,AWP,WE,Towers with Radar,0,3,49,1,53,0,0,103,3,106,0,3,152,4,159,295,0,295,454
02/05/2015,CMA,CA,AWP,WE,Towers with Radar,0,8,23,0,31,0,0,155,0,155,0,8,178,0,186,198,0,198,384
02/06/2015,CMA,CA,AWP,WE,Towers with Radar,0,7,43,0,50,0,1,151,0,152,0,8,194,0,202,182,0,182,384
02/07/2015,CMA,CA,AWP,WE,Towers with Radar,0,2,64,0,66,0,0,4,0,4,0,2,68,0,70,26,0,26,96
02/08/2015,CMA,CA,AWP,WE,Towers with Radar,0,6,30,0,36,0,0,158,0,158,0,6,188,0,194,140,0,140,334
02/09/2015,CMA,CA,AWP,WE,Towers with Radar,0,5,32,0,37,0,0,143,0,143,0,5,175,0,180,217,0,217,397
02/10/2015,CMA,CA,AWP,WE,Towers with Radar,0,7,21,3,31,0,3,156,0,159,0,10,177,3,190,251,0,251,441
02/11/2015,CMA,CA,AWP,WE,Towers with Radar,0,8,9,1,18,0,4,60,2,66,0,12,69,3,84,62,0,62,146
02/12/2015,CMA,CA,AWP,WE,Towers with Radar,0,10,31,0,41,0,0,118,1,119,0,10,149,1,160,108,0,108,268
02/13/2015,CMA,CA,AWP,WE,Towers with Radar,0,9,19,0,28,0,0,206,0,206,0,9,225,0,234,225,0,225,459
02/14/2015,CMA,CA,AWP,WE,Towers with Radar,0,2,25,0,27,0,0,346,0,346,0,2,371,0,373,179,0,179,552
02/15/2015,CMA,CA,AWP,WE,Towers with Radar,0,2,26,0,28,0,2,306,0,308,0,4,332,0,336,174,0,174,510
02/16/2015,CMA,CA,AWP,WE,Towers with Radar,0,10,61,0,71,0,2,132,0,134,0,12,193,0,205,190,0,190,395
02/17/2015,CMA,CA,AWP,WE,Towers with Radar,0,10,53,0,63,0,2,114,0,116,0,12,167,0,179,376,0,376,555
02/18/2015,CMA,CA,AWP,WE,Towers with Radar,0,10,75,2,87,0,0,137,0,137,0,10,212,2,224,211,0,211,435
02/19/2015,CMA,CA,AWP,WE,Towers with Radar,0,4,50,0,54,0,0,115,0,115,0,4,165,0,169,295,0,295,464
02/20/2015,CMA,CA,AWP,WE,Towers with Radar,0,12,42,0,54,0,0,172,0,172,0,12,214,0,226,179,0,179,405
02/21/2015,CMA,CA,AWP,WE,Towers with Radar,0,0,81,0,81,0,4,138,0,142,0,4,219,0,223,302,0,302,525
02/22/2015,CMA,CA,AWP,WE,Towers with Radar,0,10,37,0,47,0,0,20,0,20,0,10,57,0,67,162,0,162,229
02/23/2015,CMA,CA,AWP,WE,Towers with Radar,0,9,33,0,42,0,0,124,0,124,0,9,157,0,166,234,0,234,400
02/24/2015,CMA,CA,AWP,WE,Towers with Radar,0,5,22,1,28,0,0,246,1,247,0,5,268,2,275,196,0,196,471
02/25/2015,CMA,CA,AWP,WE,Towers with Radar,0,6,28,0,34,0,3,253,4,260,0,9,281,4,294,244,0,244,538
02/26/2015,CMA,CA,AWP,WE,Towers with Radar,0,5,33,0,38,0,1,257,0,258,0,6,290,0,296,357,0,357,653
02/27/2015,CMA,CA,AWP,WE,Towers with Radar,0,14,85,0,99,0,3,92,0,95,0,17,177,0,194,392,0,392,586
02/28/2015,CMA,CA,AWP,WE,Towers with Radar,0,3,49,0,52,0,0,125,0,125,0,3,174,0,177,181,0,181,358
03/01/2015,CMA,CA,AWP,WE,Towers with Radar,0,7,32,1,40,0,0,92,0,92,0,7,124,1,132,147,0,147,279
03/02/2015,CMA,CA,AWP,WE,Towers with Radar,0,8,28,0,36,0,1,53,0,54,0,9,81,0,90,167,0,167,257
03/03/2015,CMA,CA,AWP,WE,Towers with Radar,0,11,45,0,56,0,0,257,0,257,0,11,302,0,313,132,0,132,445
03/04/2015,CMA,CA,AWP,WE,Towers with Radar,0,8,24,3,35,0,0,147,0,147,0,8,171,3,182,152,0,152,334
03/05/2015,CMA,CA,AWP,WE,Towers with Radar,0,2,33,0,35,0,0,180,0,180,0,2,213,0,215,144,0,144,359
03/06/2015,CMA,CA,AWP,WE,Towers with Radar,0,11,27,0,38,0,0,155,0,155,0,11,182,0,193,45,0,45,238
03/07/2015,CMA,CA,AWP,WE,Towers with Radar,0,0,31,0,31,0,0,352,0,352,0,0,383,0,383,89,0,89,472
03/08/2015,CMA,CA,AWP,WE,Towers with Radar,0,4,30,0,34,0,0,393,0,393,0,4,423,0,427,154,0,154,581
03/09/2015,CMA,CA,AWP,WE,Towers with Radar,0,4,34,1,39,0,3,207,1,211,0,7,241,2,250,244,0,244,494
03/10/2015,CMA,CA,AWP,WE,Towers with Radar,0,6,44,0,50,0,2,125,0,127,0,8,169,0,177,158,0,158,335
03/11/2015,CMA,CA,AWP,WE,Towers with Radar,0,4,29,0,33,0,0,98,2,100,0,4,127,2,133,176,0,176,309
03/12/2015,CMA,CA,AWP,WE,Towers with Radar,0,6,40,0,46,0,0,134,1,135,0,6,174,1,181,136,0,136,317
03/13/2015,CMA,CA,AWP,WE,Towers with Radar,0,4,27,0,31,0,3,81,0,84,0,7,108,0,115,74,0,74,189
03/14/2015,CMA,CA,AWP,WE,Towers with Radar,0,4,22,0,26,0,0,273,0,273,0,4,295,0,299,149,0,149,448
03/15/2015,CMA,CA,AWP,WE,Towers with Radar,0,10,52,0,62,0,0,242,0,242,0,10,294,0,304,112,0,112,416
03/16/2015,CMA,CA,AWP,WE,Towers with Radar,0,8,25,0,33,0,3,171,0,174,0,11,196,0,207,216,0,216,423
03/17/2015,CMA,CA,AWP,WE,Towers with Radar,0,3,30,0,33,0,5,220,0,225,0,8,250,0,258,266,0,266,524
03/18/2015,CMA,CA,AWP,WE,Towers with Radar,0,7,51,2,60,0,0,144,0,144,0,7,195,2,204,242,0,242,446
03/19/2015,CMA,CA,AWP,WE,Towers with Radar,0,3,62,0,65,0,0,207,0,207,0,3,269,0,272,341,0,341,613
03/20/2015,CMA,CA,AWP,WE,Towers with Radar,0,9,36,2,47,0,3,227,4,234,0,12,263,6,281,275,1,276,557
03/21/2015,CMA,CA,AWP,WE,Towers with Radar,0,10,37,0,47,0,2,244,0,246,0,12,281,0,293,241,0,241,534
03/22/2015,CMA,CA,AWP,WE,Towers with Radar,0,9,57,0,66,0,2,140,0,142,0,11,197,0,208,144,0,144,352
03/23/2015,CMA,CA,AWP,WE,Towers with Radar,0,7,23,2,32,0,1,204,2,207,0,8,227,4,239,225,6,231,470
03/24/2015,CMA,CA,AWP,WE,Towers with Radar,0,7,36,1,44,0,5,226,4,235,0,12,262,5,279,402,0,402,681
03/25/2015,CMA,CA,AWP,WE,Towers with Radar,0,5,31,0,36,0,2,176,0,178,0,7,207,0,214,232,12,244,458
03/26/2015,CMA,CA,AWP,WE,Towers with Radar,0,11,29,0,40,0,0,222,0,222,0,11,251,0,262,228,10,238,500
03/27/2015,CMA,CA,AWP,WE,Towers with Radar,0,8,45,1,54,0,1,286,0,287,0,9,331,1,341,298,0,298,639
03/28/2015,CMA,CA,AWP,WE,Towers with Radar,0,10,33,0,43,0,0,286,0,286,0,10,319,0,329,206,0,206,535
03/29/2015,CMA,CA,AWP,WE,Towers with Radar,0,6,39,1,46,0,0,239,0,239,0,6,278,1,285,189,0,189,474
03/30/2015,CMA,CA,AWP,WE,Towers with Radar,0,6,30,0,36,0,0,180,0,180,0,6,210,0,216,202,0,202,418
03/31/2015,CMA,CA,AWP,WE,Towers with Radar,0,2,46,0,48,0,2,131,1,134,0,4,177,1,182,320,0,320,502
04/01/2015,CMA,CA,AWP,WE,Towers with Radar,0,5,31,0,36,0,1,157,0,158,0,6,188,0,194,222,0,222,416
04/02/2015,CMA,CA,AWP,WE,Towers with Radar,0,15,31,0,46,0,0,237,1,238,0,15,268,1,284,196,0,196,480
04/03/2015,CMA,CA,AWP,WE,Towers with Radar,0,16,24,0,40,0,3,214,0,217,0,19,238,0,257,189,0,189,446
04/04/2015,CMA,CA,AWP,WE,Towers with Radar,0,7,31,0,38,0,0,271,0,271,0,7,302,0,309,143,0,143,452
04/05/2015,CMA,CA,AWP,WE,Towers with Radar,0,6,13,0,19,0,0,137,0,137,0,6,150,0,156,184,0,184,340
04/06/2015,CMA,CA,AWP,WE,Towers with Radar,0,3,37,0,40,0,2,203,0,205,0,5,240,0,245,274,0,274,519
04/07/2015,CMA,CA,AWP,WE,Towers with Radar,0,3,34,2,39,0,2,54,0,56,0,5,88,2,95,196,0,196,291
04/08/2015,CMA,CA,AWP,WE,Towers with Radar,0,12,25,0,37,0,2,158,0,160,0,14,183,0,197,228,0,228,425
04/09/2015,CMA,CA,AWP,WE,Towers with Radar,0,11,45,0,56,0,2,232,0,234,0,13,277,0,290,281,0,281,571
04/10/2015,CMA,CA,AWP,WE,Towers with Radar,0,14,29,0,43,0,2,235,0,237,0,16,264,0,280,220,0,220,500
04/11/2015,CMA,CA,AWP,WE,Towers with Radar,0,5,30,0,35,0,0,260,2,262,0,5,290,2,297,277,0,277,574
04/12/2015,CMA,CA,AWP,WE,Towers with Radar,0,7,37,1,45,0,1,239,0,240,0,8,276,1,285,156,0,156,441
04/13/2015,CMA,CA,AWP,WE,Towers with Radar,0,6,40,0,46,0,0,172,0,172,0,6,212,0,218,288,0,288,506
04/14/2015,CMA,CA,AWP,WE,Towers with Radar,0,2,37,1,40,0,3,158,0,161,0,5,195,1,201,326,0,326,527
04/15/2015,CMA,CA,AWP,WE,Towers with Radar,0,2,28,0,30,0,0,65,1,66,0,2,93,1,96,116,0,116,212
04/16/2015,CMA,CA,AWP,WE,Towers with Radar,0,11,21,0,32,0,1,75,0,76,0,12,96,0,108,139,0,139,247
04/17/2015,CMA,CA,AWP,WE,Towers with Radar,0,8,31,0,39,0,4,266,0,270,0,12,297,0,309,265,0,265,574
04/18/2015,CMA,CA,AWP,WE,Towers with Radar,0,10,24,0,34,0,2,335,0,337,0,12,359,0,371,148,0,148,519
04/19/2015,CMA,CA,AWP,WE,Towers with Radar,0,10,23,0,33,0,2,231,0,233,0,12,254,0,266,118,0,118,384
04/20/2015,CMA,CA,AWP,WE,Towers with Radar,0,7,34,1,42,0,0,171,0,171,0,7,205,1,213,292,0,292,505
04/21/2015,CMA,CA,AWP,WE,Towers with Radar,0,7,58,0,65,0,1,93,4,98,0,8,151,4,163,334,0,334,497
04/22/2015,CMA,CA,AWP,WE,Towers with Radar,0,5,45,1,51,0,0,108,0,108,0,5,153,1,159,132,0,132,291
04/23/2015,CMA,CA,AWP,WE,Towers with Radar,0,10,42,0,52,0,0,121,0,121,0,10,163,0,173,316,0,316,489
04/24/2015,CMA,CA,AWP,WE,Towers with Radar,0,18,75,0,93,0,3,83,0,86,0,21,158,0,179,260,0,260,439
04/25/2015,CMA,CA,AWP,WE,Towers with Radar,0,3,38,0,41,0,0,61,0,61,0,3,99,0,102,108,0,108,210
04/26/2015,CMA,CA,AWP,WE,Towers with Radar,0,7,21,0,28,0,0,282,0,282,0,7,303,0,310,160,0,160,470
04/27/2015,CMA,CA,AWP,WE,Towers with Radar,0,4,31,0,35,0,0,102,0,102,0,4,133,0,137,98,0,98,235
04/28/2015,CMA,CA,AWP,WE,Towers with Radar,0,5,51,2,58,0,8,193,0,201,0,13,244,2,259,319,0,319,578
04/29/2015,CMA,CA,AWP,WE,Towers with Radar,0,7,39,2,48,0,1,182,1,184,0,8,221,3,232,241,0,241,473
04/30/2015,CMA,CA,AWP,WE,Towers with Radar,0,5,46,0,51,0,1,264,0,265,0,6,310,0,316,202,0,202,518
05/01/2015,CMA,CA,AWP,WE,Towers with Radar,0,18,34,0,52,0,2,237,0,239,0,20,271,0,291,234,0,234,525
05/02/2015,CMA,CA,AWP,WE,Towers with Radar,0,2,32,0,34,0,11,364,0,375,0,13,396,0,409,190,0,190,599
05/03/2015,CMA,CA,AWP,WE,Towers with Radar,0,16,59,0,75,0,6,239,0,245,0,22,298,0,320,136,0,136,456
05/04/2015,CMA,CA,AWP,WE,Towers with Radar,0,5,62,0,67,0,4,138,0,142,0,9,200,0,209,304,0,304,513
05/05/2015,CMA,CA,AWP,WE,Towers with Radar,0,5,99,0,104,0,2,86,0,88,0,7,185,0,192,226,0,226,418
05/06/2015,CMA,CA,AWP,WE,Towers with Radar,0,4,73,2,79,0,2,80,1,83,0,6,153,3,162,190,0,190,352
05/07/2015,CMA,CA,AWP,WE,Towers with Radar,0,10,73,3,86,0,1,90,0,91,0,11,163,3,177,167,0,167,344
05/08/2015,CMA,CA,AWP,WE,Towers with Radar,0,8,63,0,71,0,0,59,0,59,0,8,122,0,130,217,2,219,349
05/09/2015,CMA,CA,AWP,WE,Towers with Radar,0,5,67,0,72,0,0,169,0,169,0,5,236,0,241,145,0,145,386
05/10/2015,CMA,CA,AWP,WE,Towers with Radar,0,10,30,0,40,0,4,242,0,246,0,14,272,0,286,115,0,115,401
05/11/2015,CMA,CA,AWP,WE,Towers with Radar,0,4,28,0,32,0,2,203,0,205,0,6,231,0,237,212,0,212,449
05/12/2015,CMA,CA,AWP,WE,Towers with Radar,0,6,44,1,51,0,2,177,0,179,0,8,221,1,230,284,2,286,516
05/13/2015,CMA,CA,AWP,WE,Towers with Radar,0,6,72,0,78,0,4,115,1,120,0,10,187,1,198,231,0,231,429
05/14/2015,CMA,CA,AWP,WE,Towers with Radar,0,4,49,0,53,0,0,41,0,41,0,4,90,0,94,232,0,232,326
05/15/2015,CMA,CA,AWP,WE,Towers with Radar,0,10,43,0,53,0,13,88,0,101,0,23,131,0,154,205,0,205,359
05/16/2015,CMA,CA,AWP,WE,Towers with Radar,0,2,31,0,33,0,0,166,0,166,0,2,197,0,199,147,0,147,346
05/17/2015,CMA,CA,AWP,WE,Towers with Radar,0,9,50,0,59,0,0,165,0,165,0,9,215,0,224,325,0,325,549
05/18/2015,CMA,CA,AWP,WE,Towers with Radar,0,2,39,0,41,0,0,120,2,122,0,2,159,2,163,363,0,363,526
05/19/2015,CMA,CA,AWP,WE,Towers with Radar,0,4,36,0,40,0,2,161,0,163,0,6,197,0,203,256,0,256,459
05/20/2015,CMA,CA,AWP,WE,Towers with Radar,0,4,39,0,43,0,2,153,1,156,0,6,192,1,199,320,0,320,519
05/21/2015,CMA,CA,AWP,WE,Towers with Radar,0,2,57,0,59,0,2,96,1,99,0,4,153,1,158,238,0,238,396
05/22/2015,CMA,CA,AWP,WE,Towers with Radar,0,11,51,0,62,0,4,102,0,106,0,15,153,0,168,216,0,216,384
05/23/2015,CMA,CA,AWP,WE,Towers with Radar,0,5,45,0,50,0,1,255,0,256,0,6,300,0,306,214,0,214,520
05/24/2015,CMA,CA,AWP,WE,Towers with Radar,0,5,49,0,54,0,2,211,0,213,0,7,260,0,267,130,0,130,397
05/25/2015,CMA,CA,AWP,WE,Towers with Radar,0,13,63,0,76,0,2,141,0,143,0,15,204,0,219,123,0,123,342
05/26/2015,CMA,CA,AWP,WE,Towers with Radar,0,7,50,0,57,0,1,63,0,64,0,8,113,0,121,280,0,280,401
05/27/2015,CMA,CA,AWP,WE,Towers with Radar,0,13,58,0,71,0,2,123,0,125,0,15,181,0,196,221,0,221,417
05/28/2015,CMA,CA,AWP,WE,Towers with Radar,0,8,43,2,53,0,2,116,3,121,0,10,159,5,174,144,0,144,318
05/29/2015,CMA,CA,AWP,WE,Towers with Radar,0,9,53,0,62,0,0,222,0,222,0,9,275,0,284,186,0,186,470
05/30/2015,CMA,CA,AWP,WE,Towers with Radar,0,8,38,0,46,0,1,215,0,216,0,9,253,0,262,152,0,152,414
05/31/2015,CMA,CA,AWP,WE,Towers with Radar,0,16,65,0,81,0,2,95,0,97,0,18,160,0,178,112,0,112,290
06/01/2015,CMA,CA,AWP,WE,Towers with Radar,0,3,48,0,51,0,0,102,0,102,0,3,150,0,153,291,0,291,444
06/02/2015,CMA,CA,AWP,WE,Towers with Radar,0,7,24,0,31,0,2,225,0,227,0,9,249,0,258,206,0,206,464
06/03/2015,CMA,CA,AWP,WE,Towers with Radar,0,6,97,0,103,0,0,54,0,54,0,6,151,0,157,217,0,217,374
06/04/2015,CMA,CA,AWP,WE,Towers with Radar,0,5,53,0,58,0,1,73,0,74,0,6,126,0,132,301,0,301,433
06/05/2015,CMA,CA,AWP,WE,Towers with Radar,0,8,59,0,67,0,2,185,0,187,0,10,244,0,254,182,0,182,436
06/06/2015,CMA,CA,AWP,WE,Towers with Radar,0,5,33,0,38,0,0,244,0,244,0,5,277,0,282,180,0,180,462
06/07/2015,CMA,CA,AWP,WE,Towers with Radar,0,8,28,0,36,0,3,197,0,200,0,11,225,0,236,199,0,199,435
06/08/2015,CMA,CA,AWP,WE,Towers with Radar,0,8,32,0,40,0,1,307,0,308,0,9,339,0,348,124,0,124,472
06/09/2015,CMA,CA,AWP,WE,Towers with Radar,0,9,52,1,62,0,0,47,2,49,0,9,99,3,111,198,0,198,309
06/10/2015,CMA,CA,AWP,WE,Towers with Radar,0,8,61,0,69,0,0,50,0,50,0,8,111,0,119,112,0,112,231
06/11/2015,CMA,CA,AWP,WE,Towers with Radar,0,6,78,0,84,0,0,46,0,46,0,6,124,0,130,94,0,94,224
06/12/2015,CMA,CA,AWP,WE,Towers with Radar,0,5,75,34,114,0,0,2,0,2,0,5,77,34,116,302,0,302,418
06/13/2015,CMA,CA,AWP,WE,Towers with Radar,0,0,119,8,127,0,0,31,16,47,0,0,150,24,174,108,2,110,284
06/14/2015,CMA,CA,AWP,WE,Towers with Radar,0,4,78,0,82,0,1,113,0,114,0,5,191,0,196,178,0,178,374
06/15/2015,CMA,CA,AWP,WE,Towers with Radar,0,7,47,0,54,0,2,120,0,122,0,9,167,0,176,245,0,245,421
06/16/2015,CMA,CA,AWP,WE,Towers with Radar,0,5,33,0,38,0,0,235,0,235,0,5,268,0,273,299,0,299,572
06/17/2015,CMA,CA,AWP,WE,Towers with Radar,0,2,47,0,49,0,0,141,0,141,0,2,188,0,190,334,0,334,524
06/18/2015,CMA,CA,AWP,WE,Towers with Radar,0,4,38,0,42,0,2,121,0,123,0,6,159,0,165,354,0,354,519
06/19/2015,CMA,CA,AWP,WE,Towers with Radar,0,7,33,0,40,0,2,218,0,220,0,9,251,0,260,344,0,344,604
06/20/2015,CMA,CA,AWP,WE,Towers with Radar,0,8,31,0,39,0,0,386,0,386,0,8,417,0,425,334,0,334,759
06/21/2015,CMA,CA,AWP,WE,Towers with Radar,0,9,21,0,30,0,1,178,0,179,0,10,199,0,209,166,0,166,375
06/22/2015,CMA,CA,AWP,WE,Towers with Radar,0,6,26,0,32,0,3,209,4,216,0,9,235,4,248,186,0,186,434
06/23/2015,CMA,CA,AWP,WE,Towers with Radar,0,10,32,0,42,0,1,214,0,215,0,11,246,0,257,230,0,230,487
06/24/2015,CMA,CA,AWP,WE,Towers with Radar,0,9,41,0,50,0,3,179,0,182,0,12,220,0,232,175,0,175,407
06/25/2015,CMA,CA,AWP,WE,Towers with Radar,0,7,31,0,38,0,2,184,4,190,0,9,215,4,228,226,0,226,454
06/26/2015,CMA,CA,AWP,WE,Towers with Radar,0,16,52,0,68,0,2,160,0,162,0,18,212,0,230,148,0,148,378
06/27/2015,CMA,CA,AWP,WE,Towers with Radar,0,3,40,1,44,0,1,209,2,212,0,4,249,3,256,176,0,176,432
06/28/2015,CMA,CA,AWP,WE,Towers with Radar,0,8,31,0,39,0,3,236,0,239,0,11,267,0,278,101,0,101,379
06/29/2015,CMA,CA,AWP,WE,Towers with Radar,0,20,24,0,44,0,1,188,2,191,0,21,212,2,235,355,0,355,590
06/30/2015,CMA,CA,AWP,WE,Towers with Radar,0,2,21,0,23,0,2,191,0,193,0,4,212,0,216,232,0,232,448
07/01/2015,CMA,CA,AWP,WE,Towers with Radar,0,4,23,0,27,0,0,159,2,161,0,4,182,2,188,257,0,257,445
07/02/2015,CMA,CA,AWP,WE,Towers with Radar,0,10,19,0,29,0,3,209,2,214,0,13,228,2,243,282,0,282,525
07/03/2015,CMA,CA,AWP,WE,Towers with Radar,0,5,42,0,47,0,0,157,0,157,0,5,199,0,204,140,0,140,344
07/04/2015,CMA,CA,AWP,WE,Towers with Radar,0,1,26,0,27,0,0,164,0,164,0,1,190,0,191,16,0,16,207
07/05/2015,CMA,CA,AWP,WE,Towers with Radar,0,14,60,0,74,0,3,134,0,137,0,17,194,0,211,123,0,123,334
07/06/2015,CMA,CA,AWP,WE,Towers with Radar,0,10,63,0,73,0,0,98,0,98,0,10,161,0,171,216,0,216,387
07/07/2015,CMA,CA,AWP,WE,Towers with Radar,0,5,56,2,63,0,2,100,0,102,0,7,156,2,165,219,0,219,384
07/08/2015,CMA,CA,AWP,WE,Towers with Radar,0,9,61,0,70,0,0,101,2,103,0,9,162,2,173,242,0,242,415
07/09/2015,CMA,CA,AWP,WE,Towers with Radar,0,5,54,0,59,0,2,93,0,95,0,7,147,0,154,253,0,253,407
07/10/2015,CMA,CA,AWP,WE,Towers with Radar,0,6,30,0,36,0,2,245,0,247,0,8,275,0,283,236,0,236,519
07/11/2015,CMA,CA,AWP,WE,Towers with Radar,0,17,25,0,42,0,1,308,0,309,0,18,333,0,351,145,0,145,496
07/12/2015,CMA,CA,AWP,WE,Towers with Radar,0,9,22,0,31,0,1,273,0,274,0,10,295,0,305,98,0,98,403
07/13/2015,CMA,CA,AWP,WE,Towers with Radar,0,6,23,0,29,0,2,207,0,209,0,8,230,0,238,342,0,342,580
07/14/2015,CMA,CA,AWP,WE,Towers with Radar,0,11,28,0,39,0,0,169,0,169,0,11,197,0,208,276,0,276,484
07/15/2015,CMA,CA,AWP,WE,Towers with Radar,0,4,38,0,42,0,0,150,0,150,0,4,188,0,192,200,0,200,392
07/16/2015,CMA,CA,AWP,WE,Towers with Radar,0,4,34,1,39,0,0,198,0,198,0,4,232,1,237,268,2,270,507
07/17/2015,CMA,CA,AWP,WE,Towers with Radar,0,6,63,0,69,0,1,235,0,236,0,7,298,0,305,114,0,114,419
07/18/2015,CMA,CA,AWP,WE,Towers with Radar,0,7,22,0,29,0,0,118,0,118,0,7,140,0,147,145,0,145,292
07/19/2015,CMA,CA,AWP,WE,Towers with Radar,0,8,28,0,36,0,0,201,0,201,0,8,229,0,237,89,0,89,326
07/20/2015,CMA,CA,AWP,WE,Towers with Radar,0,5,34,0,39,0,0,102,0,102,0,5,136,0,141,253,0,253,394
07/21/2015,CMA,CA,AWP,WE,Towers with Radar,0,3,81,0,84,0,0,40,0,40,0,3,121,0,124,248,0,248,372
07/22/2015,CMA,CA,AWP,WE,Towers with Radar,0,7,65,0,72,0,4,61,0,65,0,11,126,0,137,178,0,178,315
07/23/2015,CMA,CA,AWP,WE,Towers with Radar,0,15,42,1,58,0,1,100,0,101,0,16,142,1,159,322,0,322,481
07/24/2015,CMA,CA,AWP,WE,Towers with Radar,0,4,26,0,30,0,0,269,0,269,0,4,295,0,299,187,0,187,486
07/25/2015,CMA,CA,AWP,WE,Towers with Radar,0,4,15,0,19,0,0,344,0,344,0,4,359,0,363,156,0,156,519
07/26/2015,CMA,CA,AWP,WE,Towers with Radar,0,8,40,0,48,0,3,273,0,276,0,11,313,0,324,142,0,142,466
07/27/2015,CMA,CA,AWP,WE,Towers with Radar,0,8,37,1,46,0,2,187,1,190,0,10,224,2,236,189,0,189,425
07/28/2015,CMA,CA,AWP,WE,Towers with Radar,0,12,35,0,47,0,2,168,0,170,0,14,203,0,217,206,0,206,423
07/29/2015,CMA,CA,AWP,WE,Towers with Radar,0,5,53,0,58,0,0,139,0,139,0,5,192,0,197,194,0,194,391
07/30/2015,CMA,CA,AWP,WE,Towers with Radar,0,14,34,0,48,0,0,202,0,202,0,14,236,0,250,228,0,228,478
07/31/2015,CMA,CA,AWP,WE,Towers with Radar,0,6,51,0,57,0,0,255,6,261,0,6,306,6,318,160,0,160,478
08/01/2015,CMA,CA,AWP,WE,Towers with Radar,0,9,34,0,43,0,0,288,0,288,0,9,322,0,331,142,0,142,473
08/02/2015,CMA,CA,AWP,WE,Towers with Radar,0,15,29,0,44,0,1,266,0,267,0,16,295,0,311,83,0,83,394
08/03/2015,CMA,CA,AWP,WE,Towers with Radar,0,9,39,0,48,0,0,173,0,173,0,9,212,0,221,165,0,165,386
08/04/2015,CMA,CA,AWP,WE,Towers with Radar,0,4,30,0,34,0,3,235,0,238,0,7,265,0,272,167,0,167,439
08/05/2015,CMA,CA,AWP,WE,Towers with Radar,0,6,34,0,40,0,1,185,0,186,0,7,219,0,226,178,0,178,404
08/06/2015,CMA,CA,AWP,WE,Towers with Radar,0,4,34,2,40,0,1,212,0,213,0,5,246,2,253,313,0,313,566
08/07/2015,CMA,CA,AWP,WE,Towers with Radar,0,8,43,0,51,0,1,195,0,196,0,9,238,0,247,148,0,148,395
08/08/2015,CMA,CA,AWP,WE,Towers with Radar,0,7,50,0,57,0,0,234,2,236,0,7,284,2,293,234,6,240,533
08/09/2015,CMA,CA,AWP,WE,Towers with Radar,0,14,34,0,48,0,4,264,6,274,0,18,298,6,322,124,0,124,446
08/10/2015,CMA,CA,AWP,WE,Towers with Radar,0,7,55,0,62,0,0,131,0,131,0,7,186,0,193,193,30,223,416
08/11/2015,CMA,CA,AWP,WE,Towers with Radar,0,0,55,0,55,0,2,165,0,167,0,2,220,0,222,299,0,299,521
08/12/2015,CMA,CA,AWP,WE,Towers with Radar,0,4,33,2,39,0,3,180,0,183,0,7,213,2,222,209,0,209,431
08/13/2015,CMA,CA,AWP,WE,Towers with Radar,0,7,20,0,27,0,5,188,0,193,0,12,208,0,220,281,0,281,501
08/14/2015,CMA,CA,AWP,WE,Towers with Radar,0,8,26,0,34,0,2,279,0,281,0,10,305,0,315,252,2,254,569
08/15/2015,CMA,CA,AWP,WE,Towers with Radar,0,6,26,0,32,0,3,278,0,281,0,9,304,0,313,239,0,239,552
08/16/2015,CMA,CA,AWP,WE,Towers with Radar,0,12,19,0,31,0,1,251,0,252,0,13,270,0,283,138,0,138,421
08/17/2015,CMA,CA,AWP,WE,Towers with Radar,0,12,40,0,52,0,0,120,0,120,0,12,160,0,172,404,0,404,576
08/18/2015,CMA,CA,AWP,WE,Towers with Radar,0,10,45,0,55,0,2,129,0,131,0,12,174,0,186,328,0,328,514
08/19/2015,CMA,CA,AWP,WE,Towers with Radar,0,10,63,0,73,0,0,73,0,73,0,10,136,0,146,124,0,124,270
08/20/2015,CMA,CA,AWP,WE,Towers with Radar,0,12,61,0,73,0,2,122,1,125,0,14,183,1,198,164,6,170,368
08/21/2015,CMA,CA,AWP,WE,Towers with Radar,0,7,65,4,76,0,0,141,0,141,0,7,206,4,217,259,0,259,476
08/22/2015,CMA,CA,AWP,WE,Towers with Radar,0,2,44,0,46,0,0,95,0,95,0,2,139,0,141,64,0,64,205
08/23/2015,CMA,CA,AWP,WE,Towers with Radar,0,10,24,0,34,0,0,105,0,105,0,10,129,0,139,56,0,56,195
08/24/2015,CMA,CA,AWP,WE,Towers with Radar,0,4,26,0,30,0,0,211,4,215,0,4,237,4,245,384,0,384,629
08/25/2015,CMA,CA,AWP,WE,Towers with Radar,0,12,39,0,51,0,3,196,0,199,0,15,235,0,250,246,0,246,496
08/26/2015,CMA,CA,AWP,WE,Towers with Radar,0,11,36,0,47,0,3,191,0,194,0,14,227,0,241,244,0,244,485
08/27/2015,CMA,CA,AWP,WE,Towers with Radar,0,8,32,0,40,0,1,203,2,206,0,9,235,2,246,152,0,152,398
08/28/2015,CMA,CA,AWP,WE,Towers with Radar,0,19,27,0,46,0,1,232,3,236,0,20,259,3,282,210,0,210,492
08/29/2015,CMA,CA,AWP,WE,Towers with Radar,0,7,27,0,34,0,0,281,2,283,0,7,308,2,317,143,0,143,460
08/30/2015,CMA,CA,AWP,WE,Towers with Radar,0,16,37,0,53,0,0,268,0,268,0,16,305,0,321,91,0,91,412
08/31/2015,CMA,CA,AWP,WE,Towers with Radar,0,3,26,1,30,0,0,209,0,209,0,3,235,1,239,303,0,303,542
09/01/2015,CMA,CA,AWP,WE,Towers with Radar,0,5,33,0,38,0,0,157,0,157,0,5,190,0,195,138,0,138,333
09/02/2015,CMA,CA,AWP,WE,Towers with Radar,0,3,40,3,46,0,0,130,2,132,0,3,170,5,178,177,0,177,355
09/03/2015,CMA,CA,AWP,WE,Towers with Radar,0,5,54,0,59,0,0,164,0,164,0,5,218,0,223,83,0,83,306
09/04/2015,CMA,CA,AWP,WE,Towers with Radar,0,12,33,0,45,0,4,195,0,199,0,16,228,0,244,172,0,172,416
09/05/2015,CMA,CA,AWP,WE,Towers with Radar,0,10,16,0,26,0,0,257,0,257,0,10,273,0,283,96,0,96,379
09/06/2015,CMA,CA,AWP,WE,Towers with Radar,0,4,18,0,22,0,0,305,1,306,0,4,323,1,328,119,0,119,447
09/07/2015,CMA,CA,AWP,WE,Towers with Radar,0,15,19,0,34,0,2,226,0,228,0,17,245,0,262,97,0,97,359
09/08/2015,CMA,CA,AWP,WE,Towers with Radar,0,15,25,2,42,0,2,158,0,160,0,17,183,2,202,140,0,140,342
09/09/2015,CMA,CA,AWP,WE,Towers with Radar,0,10,22,0,32,0,2,140,0,142,0,12,162,0,174,132,0,132,306
09/10/2015,CMA,CA,AWP,WE,Towers with Radar,0,10,32,0,42,0,0,165,3,168,0,10,197,3,210,215,0,215,425
09/11/2015,CMA,CA,AWP,WE,Towers with Radar,0,16,27,2,45,0,0,243,0,243,0,16,270,2,288,268,0,268,556
09/12/2015,CMA,CA,AWP,WE,Towers with Radar,0,8,17,0,25,0,0,306,0,306,0,8,323,0,331,116,0,116,447
09/13/2015,CMA,CA,AWP,WE,Towers with Radar,0,10,22,0,32,0,5,241,0,246,0,15,263,0,278,120,0,120,398
09/14/2015,CMA,CA,AWP,WE,Towers with Radar,0,7,37,0,44,0,0,96,0,96,0,7,133,0,140,224,0,224,364
09/15/2015,CMA,CA,AWP,WE,Towers with Radar,0,5,44,5,54,0,1,33,14,48,0,6,77,19,102,117,0,117,219
09/16/2015,CMA,CA,AWP,WE,Towers with Radar,0,19,63,0,82,0,2,141,0,143,0,21,204,0,225,200,0,200,425
09/17/2015,CMA,CA,AWP,WE,Towers with Radar,0,14,38,0,52,0,0,209,0,209,0,14,247,0,261,204,0,204,465
09/18/2015,CMA,CA,AWP,WE,Towers with Radar,0,14,28,0,42,0,2,282,2,286,0,16,310,2,328,186,0,186,514
09/19/2015,CMA,CA,AWP,WE,Towers with Radar,0,7,16,0,23,0,1,301,0,302,0,8,317,0,325,110,0,110,435
09/20/2015,CMA,CA,AWP,WE,Towers with Radar,0,8,18,1,27,0,1,163,2,166,0,9,181,3,193,70,0,70,263
09/21/2015,CMA,CA,AWP,WE,Towers with Radar,0,7,28,1,36,0,1,96,0,97,0,8,124,1,133,245,2,247,380
09/22/2015,CMA,CA,AWP,WE,Towers with Radar,0,5,27,0,32,0,2,136,0,138,0,7,163,0,170,183,0,183,353
09/23/2015,CMA,CA,AWP,WE,Towers with Radar,0,7,25,0,32,0,0,152,0,152,0,7,177,0,184,201,0,201,385
09/24/2015,CMA,CA,AWP,WE,Towers with Radar,0,11,26,0,37,0,2,196,0,198,0,13,222,0,235,255,0,255,490
09/25/2015,CMA,CA,AWP,WE,Towers with Radar,0,9,27,0,36,0,0,224,0,224,0,9,251,0,260,183,0,183,443
09/26/2015,CMA,CA,AWP,WE,Towers with Radar,0,11,13,3,27,0,1,175,0,176,0,12,188,3,203,86,0,86,289
09/27/2015,CMA,CA,AWP,WE,Towers with Radar,0,9,12,1,22,0,0,238,0,238,0,9,250,1,260,100,0,100,360
09/28/2015,CMA,CA,AWP,WE,Towers with Radar,0,6,39,4,49,0,0,169,1,170,0,6,208,5,219,183,2,185,404
09/29/2015,CMA,CA,AWP,WE,Towers with Radar,0,4,43,0,47,0,1,196,0,197,0,5,239,0,244,276,0,276,520
09/30/2015,CMA,CA,AWP,WE,Towers with Radar,0,9,28,0,37,0,0,204,0,204,0,9,232,0,241,186,0,186,427
10/01/2015,CMA,CA,AWP,WE,Towers with Radar,0,7,43,0,50,0,0,168,0,168,0,7,211,0,218,165,0,165,383
10/02/2015,CMA,CA,AWP,WE,Towers with Radar,0,15,43,0,58,0,0,236,0,236,0,15,279,0,294,172,0,172,466
10/03/2015,CMA,CA,AWP,WE,Towers with Radar,0,4,21,0,25,0,1,300,0,301,0,5,321,0,326,129,0,129,455
10/04/2015,CMA,CA,AWP,WE,Towers with Radar,0,7,47,0,54,0,0,73,0,73,0,7,120,0,127,99,0,99,226
10/05/2015,CMA,CA,AWP,WE,Towers with Radar,0,9,21,0,30,0,2,157,2,161,0,11,178,2,191,194,40,234,425
10/06/2015,CMA,CA,AWP,WE,Towers with Radar,0,9,29,0,38,0,2,179,1,182,0,11,208,1,220,226,0,226,446
10/07/2015,CMA,CA,AWP,WE,Towers with Radar,0,9,25,0,34,0,0,176,1,177,0,9,201,1,211,203,0,203,414
10/08/2015,CMA,CA,AWP,WE,Towers with Radar,0,16,28,0,44,0,0,176,0,176,0,16,204,0,220,262,0,262,482
10/09/2015,CMA,CA,AWP,WE,Towers with Radar,0,12,12,0,24,0,0,159,0,159,0,12,171,0,183,193,0,193,376
10/10/2015,CMA,CA,AWP,WE,Towers with Radar,0,3,14,0,17,0,3,171,0,174,0,6,185,0,191,144,0,144,335
10/11/2015,CMA,CA,AWP,WE,Towers with Radar,0,11,12,0,23,0,0,256,0,256,0,11,268,0,279,62,0,62,341
10/12/2015,CMA,CA,AWP,WE,Towers with Radar,0,7,22,0,29,0,2,171,0,173,0,9,193,0,202,228,0,228,430
10/13/2015,CMA,CA,AWP,WE,Towers with Radar,0,10,21,0,31,0,1,172,0,173,0,11,193,0,204,176,0,176,380
10/14/2015,CMA,CA,AWP,WE,Towers with Radar,0,12,51,0,63,0,0,136,0,136,0,12,187,0,199,197,0,197,396
10/15/2015,CMA,CA,AWP,WE,Towers with Radar,0,9,51,0,60,0,0,52,0,52,0,9,103,0,112,174,0,174,286
10/16/2015,CMA,CA,AWP,WE,Towers with Radar,0,13,62,3,78,0,2,66,2,70,0,15,128,5,148,105,5,110,258
10/17/2015,CMA,CA,AWP,WE,Towers with Radar,0,5,34,0,39,0,3,157,0,160,0,8,191,0,199,133,0,133,332
10/18/2015,CMA,CA,AWP,WE,Towers with Radar,0,5,57,0,62,0,2,82,2,86,0,7,139,2,148,195,0,195,343
10/19/2015,CMA,CA,AWP,WE,Towers with Radar,0,7,34,0,41,0,1,100,0,101,0,8,134,0,142,91,0,91,233
10/20/2015,CMA,CA,AWP,WE,Towers with Radar,0,3,22,2,27,0,2,189,0,191,0,5,211,2,218,178,0,178,396
10/21/2015,CMA,CA,AWP,WE,Towers with Radar,0,2,23,0,25,0,0,186,2,188,0,2,209,2,213,278,0,278,491
10/22/2015,CMA,CA,AWP,WE,Towers with Radar,0,7,42,2,51,0,4,137,0,141,0,11,179,2,192,156,21,177,369
10/23/2015,CMA,CA,AWP,WE,Towers with Radar,0,14,38,0,52,0,3,188,0,191,0,17,226,0,243,154,0,154,397
10/24/2015,CMA,CA,AWP,WE,Towers with Radar,0,3,14,0,17,0,0,203,1,204,0,3,217,1,221,185,0,185,406
10/25/2015,CMA,CA,AWP,WE,Towers with Radar,0,8,36,0,44,0,0,226,0,226,0,8,262,0,270,96,0,96,366
10/26/2015,CMA,CA,AWP,WE,Towers with Radar,0,9,27,0,36,0,7,163,0,170,0,16,190,0,206,124,0,124,330
10/27/2015,CMA,CA,AWP,WE,Towers with Radar,0,9,33,0,42,0,2,157,0,159,0,11,190,0,201,146,0,146,347
10/28/2015,CMA,CA,AWP,WE,Towers with Radar,0,4,25,2,31,0,0,126,3,129,0,4,151,5,160,117,10,127,287
10/29/2015,CMA,CA,AWP,WE,Towers with Radar,0,12,33,1,46,0,2,142,1,145,0,14,175,2,191,66,23,89,280
10/30/2015,CMA,CA,AWP,WE,Towers with Radar,0,13,11,1,25,0,0,139,0,139,0,13,150,1,164,112,0,112,276
10/31/2015,CMA,CA,AWP,WE,Towers with Radar,0,2,15,0,17,0,5,254,0,259,0,7,269,0,276,123,0,123,399
11/01/2015,CMA,CA,AWP,WE,Towers with Radar,0,6,31,2,39,0,1,280,0,281,0,7,311,2,320,152,0,152,472
11/02/2015,CMA,CA,AWP,WE,Towers with Radar,0,7,44,0,51,0,3,35,2,40,0,10,79,2,91,122,1,123,214
11/03/2015,CMA,CA,AWP,WE,Towers with Radar,0,7,24,0,31,0,4,122,0,126,0,11,146,0,157,94,0,94,251
11/04/2015,CMA,CA,AWP,WE,Towers with Radar,0,6,29,0,35,0,3,146,0,149,0,9,175,0,184,133,0,133,317
11/05/2015,CMA,CA,AWP,WE,Towers with Radar,0,3,37,0,40,0,0,182,0,182,0,3,219,0,222,145,0,145,367
11/06/2015,CMA,CA,AWP,WE,Towers with Radar,0,8,18,1,27,0,0,104,0,104,0,8,122,1,131,20,0,20,151
11/07/2015,CMA,CA,AWP,WE,Towers with Radar,0,7,21,1,29,0,3,161,0,164,0,10,182,1,193,125,0,125,318
11/08/2015,CMA,CA,AWP,WE,Towers with Radar,0,18,25,0,43,0,3,315,0,318,0,21,340,0,361,118,0,118,479
11/09/2015,CMA,CA,AWP,WE,Towers with Radar,0,8,30,2,40,0,0,108,0,108,0,8,138,2,148,156,2,158,306
11/10/2015,CMA,CA,AWP,WE,Towers with Radar,0,5,13,0,18,0,2,111,0,113,0,7,124,0,131,237,2,239,370
11/11/2015,CMA,CA,AWP,WE,Towers with Radar,0,5,27,0,32,0,0,170,0,170,0,5,197,0,202,185,0,185,387
11/12/2015,CMA,CA,AWP,WE,Towers with Radar,0,2,24,0,26,0,1,120,5,126,0,3,144,5,152,102,0,102,254
11/13/2015,CMA,CA,AWP,WE,Towers with Radar,0,11,23,0,34,0,0,147,0,147,0,11,170,0,181,186,0,186,367
11/14/2015,CMA,CA,AWP,WE,Towers with Radar,0,7,13,0,20,0,0,302,0,302,0,7,315,0,322,155,0,155,477
11/15/2015,CMA,CA,AWP,WE,Towers with Radar,0,8,37,2,47,0,0,64,1,65,0,8,101,3,112,116,0,116,228
11/16/2015,CMA,CA,AWP,WE,Towers with Radar,0,5,19,0,24,0,0,44,0,44,0,5,63,0,68,134,0,134,202
11/17/2015,CMA,CA,AWP,WE,Towers with Radar,0,4,26,2,32,0,2,125,0,127,0,6,151,2,159,227,0,227,386
11/18/2015,CMA,CA,AWP,WE,Towers with Radar,0,2,25,1,28,0,8,169,0,177,0,10,194,1,205,188,0,188,393
11/19/2015,CMA,CA,AWP,WE,Towers with Radar,0,5,20,0,25,0,0,210,0,210,0,5,230,0,235,202,0,202,437
11/20/2015,CMA,CA,AWP,WE,Towers with Radar,0,11,23,2,36,0,2,278,1,281,0,13,301,3,317,226,8,234,551
11/21/2015,CMA,CA,AWP,WE,Towers with Radar,0,12,17,0,29,0,2,150,0,152,0,14,167,0,181,56,0,56,237
11/22/2015,CMA,CA,AWP,WE,Towers with Radar,0,7,22,0,29,0,0,183,0,183,0,7,205,0,212,92,0,92,304
11/23/2015,CMA,CA,AWP,WE,Towers with Radar,1,4,41,0,46,0,5,182,6,193,1,9,223,6,239,251,0,251,490
11/24/2015,CMA,CA,AWP,WE,Towers with Radar,0,10,44,0,54,0,1,158,0,159,0,11,202,0,213,165,0,165,378
11/25/2015,CMA,CA,AWP,WE,Towers with Radar,0,6,24,0,30,0,0,99,0,99,0,6,123,0,129,105,0,105,234
11/26/2015,CMA,CA,AWP,WE,Towers with Radar,0,0,13,0,13,0,0,66,0,66,0,0,79,0,79,58,0,58,137
11/27/2015,CMA,CA,AWP,WE,Towers with Radar,0,2,31,0,33,0,0,143,0,143,0,2,174,0,176,83,0,83,259
11/28/2015,CMA,CA,AWP,WE,Towers with Radar,0,10,16,0,26,0,0,163,0,163,0,10,179,0,189,94,0,94,283
11/29/2015,CMA,CA,AWP,WE,Towers with Radar,0,14,23,0,37,0,0,245,0,245,0,14,268,0,282,124,0,124,406
11/30/2015,CMA,CA,AWP,WE,Towers with Radar,0,5,22,0,27,0,0,149,0,149,0,5,171,0,176,178,2,180,356
12/01/2015,CMA,CA,AWP,WE,Towers with Radar,0,7,15,0,22,0,0,146,1,147,0,7,161,1,169,163,0,163,332
12/02/2015,CMA,CA,AWP,WE,Towers with Radar,0,5,30,0,35,0,2,168,0,170,0,7,198,0,205,196,0,196,401
12/03/2015,CMA,CA,AWP,WE,Towers with Radar,0,4,36,0,40,0,1,181,0,182,0,5,217,0,222,190,0,190,412
12/04/2015,CMA,CA,AWP,WE,Towers with Radar,0,13,24,2,39,0,0,186,0,186,0,13,210,2,225,213,0,213,438
12/05/2015,CMA,CA,AWP,WE,Towers with Radar,0,3,18,0,21,0,0,222,0,222,0,3,240,0,243,218,0,218,461
12/06/2015,CMA,CA,AWP,WE,Towers with Radar,0,6,16,1,23,0,1,199,1,201,0,7,215,2,224,149,0,149,373
12/07/2015,CMA,CA,AWP,WE,Towers with Radar,0,3,18,0,21,0,0,179,0,179,0,3,197,0,200,254,0,254,454
12/08/2015,CMA,CA,AWP,WE,Towers with Radar,0,5,27,0,32,0,5,176,2,183,0,10,203,2,215,240,0,240,455
12/09/2015,CMA,CA,AWP,WE,Towers with Radar,0,5,48,0,53,0,0,141,0,141,0,5,189,0,194,181,0,181,375
12/10/2015,CMA,CA,AWP,WE,Towers with Radar,0,12,60,0,72,0,0,84,0,84,0,12,144,0,156,188,12,200,356
12/11/2015,CMA,CA,AWP,WE,Towers with Radar,0,6,25,0,31,0,0,56,0,56,0,6,81,0,87,2,0,2,89
12/12/2015,CMA,CA,AWP,WE,Towers with Radar,0,6,15,0,21,0,1,188,0,189,0,7,203,0,210,170,0,170,380
12/13/2015,CMA,CA,AWP,WE,Towers with Radar,0,12,40,0,52,0,0,158,0,158,0,12,198,0,210,114,0,114,324
12/14/2015,CMA,CA,AWP,WE,Towers with Radar,0,8,28,1,37,0,0,76,7,83,0,8,104,8,120,87,38,125,245
12/15/2015,CMA,CA,AWP,WE,Towers with Radar,0,2,26,1,29,0,5,147,0,152,0,7,173,1,181,283,7,290,471
12/16/2015,CMA,CA,AWP,WE,Towers with Radar,0,6,30,0,36,0,1,168,8,177,0,7,198,8,213,194,0,194,407
12/17/2015,CMA,CA,AWP,WE,Towers with Radar,0,7,35,0,42,0,0,157,2,159,0,7,192,2,201,171,0,171,372
12/18/2015,CMA,CA,AWP,WE,Towers with Radar,0,8,33,0,41,0,3,187,1,191,0,11,220,1,232,207,0,207,439
12/19/2015,CMA,CA,AWP,WE,Towers with Radar,0,6,33,0,39,0,1,89,0,90,0,7,122,0,129,172,0,172,301
12/20/2015,CMA,CA,AWP,WE,Towers with Radar,0,6,24,0,30,0,0,155,0,155,0,6,179,0,185,126,0,126,311
12/21/2015,CMA,CA,AWP,WE,Towers with Radar,0,7,41,1,49,0,0,117,1,118,0,7,158,2,167,268,0,268,435
12/22/2015,CMA,CA,AWP,WE,Towers with Radar,0,5,20,3,28,0,0,7,3,10,0,5,27,6,38,10,2,12,50
12/23/2015,CMA,CA,AWP,WE,Towers with Radar,0,6,30,0,36,0,2,107,0,109,0,8,137,0,145,234,0,234,379
12/24/2015,CMA,CA,AWP,WE,Towers with Radar,0,2,21,0,23,0,0,95,0,95,0,2,116,0,118,125,0,125,243
12/25/2015,CMA,CA,AWP,WE,Towers with Radar,0,0,3,0,3,0,0,40,0,40,0,0,43,0,43,26,0,26,69
12/26/2015,CMA,CA,AWP,WE,Towers with Radar,0,7,15,0,22,0,0,106,0,106,0,7,121,0,128,80,0,80,208
12/27/2015,CMA,CA,AWP,WE,Towers with Radar,0,13,20,0,33,0,1,183,0,184,0,14,203,0,217,110,0,110,327
12/28/2015,CMA,CA,AWP,WE,Towers with Radar,0,7,25,0,32,0,0,150,0,150,0,7,175,0,182,192,0,192,374
12/29/2015,CMA,CA,AWP,WE,Towers with Radar,0,5,43,0,48,0,2,221,0,223,0,7,264,0,271,200,0,200,471
12/30/2015,CMA,CA,AWP,WE,Towers with Radar,0,8,31,0,39,0,1,190,4,195,0,9,221,4,234,147,12,159,393
12/31/2015,CMA,CA,AWP,WE,Towers with Radar,0,2,14,0,16,0,0,79,2,81,0,2,93,2,97,18,0,18,115
01/01/2016,CMA,CA,AWP,WE,Towers with Radar,0,1,1,0,2,0,0,58,0,58,0,1,59,0,60,48,0,48,108
01/02/2016,CMA,CA,AWP,WE,Towers with Radar,0,4,24,0,28,0,0,245,0,245,0,4,269,0,273,124,0,124,397
01/03/2016,CMA,CA,AWP,WE,Towers with Radar,0,13,29,0,42,0,1,186,0,187,0,14,215,0,229,76,0,76,305
01/04/2016,CMA,CA,AWP,WE,Towers with Radar,0,5,17,0,22,0,2,83,0,85,0,7,100,0,107,150,0,150,257
01/05/2016,CMA,CA,AWP,WE,Towers with Radar,0,7,16,0,23,0,0,6,0,6,0,7,22,0,29,80,0,80,109
01/06/2016,CMA,CA,AWP,WE,Towers with Radar,0,6,13,0,19,0,3,4,1,8,0,9,17,1,27,14,0,14,41
01/07/2016,CMA,CA,AWP,WE,Towers with Radar,0,11,19,0,30,0,0,71,1,72,0,11,90,1,102,162,26,188,290
01/08/2016,CMA,CA,AWP,WE,Towers with Radar,0,10,24,0,34,0,0,223,2,225,0,10,247,2,259,209,0,209,468
01/09/2016,CMA,CA,AWP,WE,Towers with Radar,0,2,37,0,39,0,0,81,0,81,0,2,118,0,120,170,0,170,290
01/10/2016,CMA,CA,AWP,WE,Towers with Radar,0,7,27,0,34,0,0,72,0,72,0,7,99,0,106,218,0,218,324
01/11/2016,CMA,CA,AWP,WE,Towers with Radar,0,4,27,0,31,0,0,122,0,122,0,4,149,0,153,160,0,160,313
01/12/2016,CMA,CA,AWP,WE,Towers with Radar,0,6,27,0,33,0,0,147,0,147,0,6,174,0,180,115,0,115,295
01/13/2016,CMA,CA,AWP,WE,Towers with Radar,0,11,51,0,62,0,0,51,1,52,0,11,102,1,114,130,0,130,244
01/14/2016,CMA,CA,AWP,WE,Towers with Radar,0,10,48,0,58,0,0,134,0,134,0,10,182,0,192,157,6,163,355
01/15/2016,CMA,CA,AWP,WE,Towers with Radar,0,9,58,0,67,0,1,94,0,95,0,10,152,0,162,148,0,148,310
01/16/2016,CMA,CA,AWP,WE,Towers with Radar,0,4,24,0,28,0,0,151,0,151,0,4,175,0,179,282,0,282,461
01/17/2016,CMA,CA,AWP,WE,Towers with Radar,0,4,36,0,40,0,1,219,0,220,0,5,255,0,260,185,0,185,445
01/18/2016,CMA,CA,AWP,WE,Towers with Radar,0,10,56,0,66,0,0,5,0,5,0,10,61,0,71,14,0,14,85
01/19/2016,CMA,CA,AWP,WE,Towers with Radar,0,4,54,0,58,0,0,11,2,13,0,4,65,2,71,56,0,56,127
01/20/2016,CMA,CA,AWP,WE,Towers with Radar,0,6,61,0,67,0,2,118,0,120,0,8,179,0,187,125,0,125,312
01/21/2016,CMA,CA,AWP,WE,Towers with Radar,0,8,22,0,30,0,1,161,0,162,0,9,183,0,192,136,0,136,328
01/22/2016,CMA,CA,AWP,WE,Towers with Radar,0,8,64,0,72,0,0,87,0,87,0,8,151,0,159,193,0,193,352
01/23/2016,CMA,CA,AWP,WE,Towers with Radar,0,12,21,0,33,0,2,179,0,181,0,14,200,0,214,180,0,180,394
01/24/2016,CMA,CA,AWP,WE,Towers with Radar,0,3,24,0,27,0,2,251,3,256,0,5,275,3,283,128,0,128,411
01/25/2016,CMA,CA,AWP,WE,Towers with Radar,0,3,17,0,20,0,0,153,0,153,0,3,170,0,173,226,0,226,399
01/26/2016,CMA,CA,AWP,WE,Towers with Radar,0,8,19,0,27,0,1,84,0,85,0,9,103,0,112,101,0,101,213
01/27/2016,CMA,CA,AWP,WE,Towers with Radar,0,1,40,0,41,0,0,165,0,165,0,1,205,0,206,201,0,201,407
01/28/2016,CMA,CA,AWP,WE,Towers with Radar,0,7,36,0,43,0,0,136,1,137,0,7,172,1,180,195,0,195,375
01/29/2016,CMA,CA,AWP,WE,Towers with Radar,0,2,30,2,34,0,0,251,0,251,0,2,281,2,285,143,0,143,428
01/30/2016,CMA,CA,AWP,WE,Towers with Radar,0,7,56,0,63,0,0,51,0,51,0,7,107,0,114,368,0,368,482
01/31/2016,CMA,CA,AWP,WE,Towers with Radar,0,6,15,0,21,0,0,0,0,0,0,6,15,0,21,8,0,8,29
02/01/2016,CMA,CA,AWP,WE,Towers with Radar,0,11,25,0,36,0,5,57,1,63,0,16,82,1,99,116,0,116,215
02/02/2016,CMA,CA,AWP,WE,Towers with Radar,0,2,27,3,32,0,2,168,8,178,0,4,195,11,210,262,0,262,472
02/03/2016,CMA,CA,AWP,WE,Towers with Radar,0,9,31,0,40,0,0,158,5,163,0,9,189,5,203,194,0,194,397
02/04/2016,CMA,CA,AWP,WE,Towers with Radar,0,5,17,0,22,0,0,129,5,134,0,5,146,5,156,146,0,146,302
02/05/2016,CMA,CA,AWP,WE,Towers with Radar,0,0,31,0,31,0,1,116,0,117,0,1,147,0,148,88,0,88,236
02/06/2016,CMA,CA,AWP,WE,Towers with Radar,0,5,22,1,28,0,9,163,0,172,0,14,185,1,200,143,0,143,343
02/07/2016,CMA,CA,AWP,WE,Towers with Radar,0,2,17,0,19,0,1,47,0,48,0,3,64,0,67,14,0,14,81
02/08/2016,CMA,CA,AWP,WE,Towers with Radar,0,19,12,0,31,0,0,36,0,36,0,19,48,0,67,0,0,0,67
02/09/2016,CMA,CA,AWP,WE,Towers with Radar,0,14,17,0,31,0,3,161,0,164,0,17,178,0,195,234,0,234,429
02/10/2016,CMA,CA,AWP,WE,Towers with Radar,0,6,39,0,45,0,0,195,0,195,0,6,234,0,240,227,0,227,467
02/11/2016,CMA,CA,AWP,WE,Towers with Radar,0,4,27,0,31,0,0,122,0,122,0,4,149,0,153,160,0,160,313
02/12/2016,CMA,CA,AWP,WE,Towers with Radar,0,10,48,0,58,0,0,251,0,251,0,10,299,0,309,177,0,177,486
02/13/2016,CMA,CA,AWP,WE,Towers with Radar,0,8,25,0,33,0,0,264,0,264,0,8,289,0,297,117,2,119,416
02/14/2016,CMA,CA,AWP,WE,Towers with Radar,0,7,23,0,30,0,0,196,0,196,0,7,219,0,226,110,0,110,336
02/15/2016,CMA,CA,AWP,WE,Towers with Radar,0,12,18,0,30,0,3,132,0,135,0,15,150,0,165,61,0,61,226
02/16/2016,CMA,CA,AWP,WE,Towers with Radar,0,10,27,0,37,0,1,185,0,186,0,11,212,0,223,226,0,226,449
02/17/2016,CMA,CA,AWP,WE,Towers with Radar,0,4,20,0,24,0,0,71,0,71,0,4,91,0,95,217,0,217,312
02/18/2016,CMA,CA,AWP,WE,Towers with Radar,0,8,25,0,33,0,0,114,0,114,0,8,139,0,147,235,0,235,382
02/19/2016,CMA,CA,AWP,WE,Towers with Radar,0,6,34,0,40,0,3,235,0,238,0,9,269,0,278,195,0,195,473
02/20/2016,CMA,CA,AWP,WE,Towers with Radar,0,6,29,0,35,0,0,283,2,285,0,6,312,2,320,197,0,197,517
02/21/2016,CMA,CA,AWP,WE,Towers with Radar,0,15,26,0,41,0,0,278,0,278,0,15,304,0,319,39,0,39,358
02/22/2016,CMA,CA,AWP,WE,Towers with Radar,0,8,22,0,30,0,1,105,1,107,0,9,127,1,137,185,0,185,322
02/23/2016,CMA,CA,AWP,WE,Towers with Radar,0,13,23,2,38,0,2,121,0,123,0,15,144,2,161,302,0,302,463
02/24/2016,CMA,CA,AWP,WE,Towers with Radar,0,4,13,0,17,0,0,129,2,131,0,4,142,2,148,67,0,67,215
02/25/2016,CMA,CA,AWP,WE,Towers with Radar,0,17,29,0,46,0,0,224,2,226,0,17,253,2,272,224,0,224,496
02/26/2016,CMA,CA,AWP,WE,Towers with Radar,0,8,40,0,48,0,0,216,0,216,0,8,256,0,264,141,0,141,405
02/27/2016,CMA,CA,AWP,WE,Towers with Radar,0,3,27,0,30,0,0,319,0,319,0,3,346,0,349,214,0,214,563
02/28/2016,CMA,CA,AWP,WE,Towers with Radar,0,12,41,1,54,0,1,245,3,249,0,13,286,4,303,96,0,96,399
02/29/2016,CMA,CA,AWP,WE,Towers with Radar,0,5,33,0,38,0,2,130,0,132,0,7,163,0,170,178,0,178,348
03/01/2016,CMA,CA,AWP,WE,Towers with Radar,0,2,23,0,25,0,1,98,0,99,0,3,121,0,124,273,0,273,397
03/02/2016,CMA,CA,AWP,WE,Towers with Radar,0,7,69,0,76,0,0,88,1,89,0,7,157,1,165,106,0,106,271
03/03/2016,CMA,CA,AWP,WE,Towers with Radar,0,7,38,0,45,0,0,102,2,104,0,7,140,2,149,134,0,134,283
03/04/2016,CMA,CA,AWP,WE,Towers with Radar,0,7,43,0,50,0,0,161,0,161,0,7,204,0,211,265,0,265,476
03/05/2016,CMA,CA,AWP,WE,Towers with Radar,0,3,52,0,55,0,0,27,0,27,0,3,79,0,82,194,0,194,276
03/06/2016,CMA,CA,AWP,WE,Towers with Radar,0,3,9,0,12,0,0,64,0,64,0,3,73,0,76,46,0,46,122
03/07/2016,CMA,CA,AWP,WE,Towers with Radar,0,4,24,1,29,0,0,10,2,12,0,4,34,3,41,29,0,29,70
03/08/2016,CMA,CA,AWP,WE,Towers with Radar,0,9,27,0,36,0,2,178,0,180,0,11,205,0,216,130,2,132,348
03/09/2016,CMA,CA,AWP,WE,Towers with Radar,0,10,52,0,62,0,2,205,5,212,0,12,257,5,274,213,1,214,488
03/10/2016,CMA,CA,AWP,WE,Towers with Radar,0,13,30,0,43,0,0,257,0,257,0,13,287,0,300,184,0,184,484
03/11/2016,CMA,CA,AWP,WE,Towers with Radar,0,9,38,0,47,0,0,14,0,14,0,9,52,0,61,136,0,136,197
03/12/2016,CMA,CA,AWP,WE,Towers with Radar,0,7,19,1,27,0,0,288,0,288,0,7,307,1,315,86,0,86,401
03/13/2016,CMA,CA,AWP,WE,Towers with Radar,0,5,54,2,61,0,0,134,0,134,0,5,188,2,195,80,0,80,275
03/14/2016,CMA,CA,AWP,WE,Towers with Radar,0,7,39,0,46,0,2,91,0,93,0,9,130,0,139,234,0,234,373
03/15/2016,CMA,CA,AWP,WE,Towers with Radar,0,5,33,0,38,0,0,222,0,222,0,5,255,0,260,143,0,143,403
03/16/2016,CMA,CA,AWP,WE,Towers with Radar,0,4,32,0,36,0,1,151,2,154,0,5,183,2,190,171,0,171,361
03/17/2016,CMA,CA,AWP,WE,Towers with Radar,0,9,28,2,39,0,12,229,0,241,0,21,257,2,280,178,0,178,458
03/18/2016,CMA,CA,AWP,WE,Towers with Radar,0,11,50,0,61,0,4,189,0,193,0,15,239,0,254,166,0,166,420
03/19/2016,CMA,CA,AWP,WE,Towers with Radar,0,6,84,2,92,0,0,95,2,97,0,6,179,4,189,182,0,182,371
03/20/2016,CMA,CA,AWP,WE,Towers with Radar,0,8,70,2,80,0,0,41,0,41,0,8,111,2,121,44,0,44,165
03/21/2016,CMA,CA,AWP,WE,Towers with Radar,0,9,43,0,52,0,2,88,0,90,0,11,131,0,142,171,0,171,313
03/22/2016,CMA,CA,AWP,WE,Towers with Radar,0,5,13,1,19,0,1,176,1,178,0,6,189,2,197,223,0,223,420
03/23/2016,CMA,CA,AWP,WE,Towers with Radar,0,10,18,0,28,0,0,105,2,107,0,10,123,2,135,135,0,135,270
03/24/2016,CMA,CA,AWP,WE,Towers with Radar,0,5,18,2,25,0,0,217,0,217,0,5,235,2,242,250,0,250,492
03/25/2016,CMA,CA,AWP,WE,Towers with Radar,0,17,30,0,47,0,2,254,0,256,0,19,284,0,303,236,1,237,540
03/26/2016,CMA,CA,AWP,WE,Towers with Radar,0,13,29,0,42,0,0,356,0,356,0,13,385,0,398,196,0,196,594
03/27/2016,CMA,CA,AWP,WE,Towers with Radar,0,10,29,0,39,0,0,142,0,142,0,10,171,0,181,136,0,136,317
03/28/2016,CMA,CA,AWP,WE,Towers with Radar,0,10,42,0,52,0,0,47,0,47,0,10,89,0,99,116,0,116,215
03/29/2016,CMA,CA,AWP,WE,Towers with Radar,0,5,30,0,35,0,1,96,0,97,0,6,126,0,132,114,0,114,246
03/30/2016,CMA,CA,AWP,WE,Towers with Radar,0,4,34,1,39,0,3,191,0,194,0,7,225,1,233,244,0,244,477
03/31/2016,CMA,CA,AWP,WE,Towers with Radar,0,1,22,1,24,0,0,192,1,193,0,1,214,2,217,218,0,218,435
04/01/2016,CMA,CA,AWP,WE,Towers with Radar,0,8,29,1,38,0,0,217,0,217,0,8,246,1,255,107,0,107,362
04/02/2016,CMA,CA,AWP,WE,Towers with Radar,0,7,19,0,26,0,0,303,0,303,0,7,322,0,329,134,0,134,463
04/03/2016,CMA,CA,AWP,WE,Towers with Radar,0,6,21,0,27,0,0,222,0,222,0,6,243,0,249,118,0,118,367
04/04/2016,CMA,CA,AWP,WE,Towers with Radar,0,4,20,1,25,0,0,150,3,153,0,4,170,4,178,156,0,156,334
04/05/2016,CMA,CA,AWP,WE,Towers with Radar,0,10,23,1,34,0,1,223,0,224,0,11,246,1,258,236,0,236,494
04/06/2016,CMA,CA,AWP,WE,Towers with Radar,0,13,21,0,34,0,1,144,0,145,0,14,165,0,179,107,0,107,286
04/07/2016,CMA,CA,AWP,WE,Towers with Radar,0,3,43,3,49,0,1,105,1,107,0,4,148,4,156,231,0,231,387
04/08/2016,CMA,CA,AWP,WE,Towers with Radar,0,9,56,1,66,0,0,2,0,2,0,9,58,1,68,46,0,46,114
04/09/2016,CMA,CA,AWP,WE,Towers with Radar,0,7,39,2,48,0,0,7,0,7,0,7,46,2,55,80,0,80,135
04/10/2016,CMA,CA,AWP,WE,Towers with Radar,0,11,21,0,32,0,0,134,0,134,0,11,155,0,166,160,0,160,326
04/11/2016,CMA,CA,AWP,WE,Towers with Radar,0,11,38,0,49,0,0,104,0,104,0,11,142,0,153,328,0,328,481
04/12/2016,CMA,CA,AWP,WE,Towers with Radar,0,10,32,0,42,0,1,166,1,168,0,11,198,1,210,276,0,276,486
04/13/2016,CMA,CA,AWP,WE,Towers with Radar,0,11,36,0,47,0,0,128,0,128,0,11,164,0,175,223,3,226,401
04/14/2016,CMA,CA,AWP,WE,Towers with Radar,0,11,36,0,47,0,0,128,0,128,0,11,164,0,175,223,3,226,401
04/15/2016,CMA,CA,AWP,WE,Towers with Radar,0,8,50,0,58,0,0,91,0,91,0,8,141,0,149,146,3,149,298
04/16/2016,CMA,CA,AWP,WE,Towers with Radar,0,5,29,0,34,0,0,232,0,232,0,5,261,0,266,186,0,186,452
04/17/2016,CMA,CA,AWP,WE,Towers with Radar,0,14,38,1,53,0,0,158,0,158,0,14,196,1,211,58,0,58,269
04/18/2016,CMA,CA,AWP,WE,Towers with Radar,0,6,35,0,41,0,0,147,0,147,0,6,182,0,188,149,0,149,337
04/19/2016,CMA,CA,AWP,WE,Towers with Radar,0,5,27,5,37,0,1,161,0,162,0,6,188,5,199,232,0,232,431
04/20/2016,CMA,CA,AWP,WE,Towers with Radar,0,9,37,0,46,0,0,192,0,192,0,9,229,0,238,109,0,109,347
04/21/2016,CMA,CA,AWP,WE,Towers with Radar,0,8,25,0,33,0,0,195,0,195,0,8,220,0,228,169,0,169,397
04/22/2016,CMA,CA,AWP,WE,Towers with Radar,0,10,27,0,37,0,0,135,0,135,0,10,162,0,172,93,0,93,265
04/23/2016,CMA,CA,AWP,WE,Towers with Radar,0,5,24,0,29,0,0,239,0,239,0,5,263,0,268,165,0,165,433
04/24/2016,CMA,CA,AWP,WE,Towers with Radar,0,5,36,0,41,0,1,248,1,250,0,6,284,1,291,115,0,115,406
04/25/2016,CMA,CA,AWP,WE,Towers with Radar,0,3,19,0,22,0,0,66,0,66,0,3,85,0,88,62,0,62,150
04/26/2016,CMA,CA,AWP,WE,Towers with Radar,0,3,24,2,29,0,2,159,0,161,0,5,183,2,190,214,0,214,404
04/27/2016,CMA,CA,AWP,WE,Towers with Radar,0,6,33,0,39,0,0,112,0,112,0,6,145,0,151,140,0,140,291
04/28/2016,CMA,CA,AWP,WE,Towers with Radar,0,5,25,0,30,0,2,141,0,143,0,7,166,0,173,178,4,182,355
04/29/2016,CMA,CA,AWP,WE,Towers with Radar,0,9,55,1,65,0,0,154,2,156,0,9,209,3,221,108,0,108,329
04/30/2016,CMA,CA,AWP,WE,Towers with Radar,0,8,30,0,38,0,1,185,0,186,0,9,215,0,224,209,0,209,433
05/01/2016,CMA,CA,AWP,WE,Towers with Radar,0,8,34,1,43,0,0,215,0,215,0,8,249,1,258,32,0,32,290
05/02/2016,CMA,CA,AWP,WE,Towers with Radar,0,8,50,0,58,0,1,103,0,104,0,9,153,0,162,229,0,229,391
05/03/2016,CMA,CA,AWP,WE,Towers with Radar,0,3,35,0,38,0,3,179,1,183,0,6,214,1,221,272,0,272,493
05/04/2016,CMA,CA,AWP,WE,Towers with Radar,0,15,94,2,111,0,3,70,0,73,0,18,164,2,184,128,8,136,320
05/05/2016,CMA,CA,AWP,WE,Towers with Radar,0,11,58,1,70,0,0,71,1,72,0,11,129,2,142,237,0,237,379
05/06/2016,CMA,CA,AWP,WE,Towers with Radar,0,21,43,1,65,0,0,74,0,74,0,21,117,1,139,210,0,210,349
05/07/2016,CMA,CA,AWP,WE,Towers with Radar,0,13,39,1,53,0,1,140,2,143,0,14,179,3,196,207,0,207,403
05/08/2016,CMA,CA,AWP,WE,Towers with Radar,0,18,26,0,44,0,0,154,3,157,0,18,180,3,201,105,0,105,306
05/09/2016,CMA,CA,AWP,WE,Towers with Radar,0,6,48,0,54,0,0,99,2,101,0,6,147,2,155,177,0,177,332
05/10/2016,CMA,CA,AWP,WE,Towers with Radar,0,5,64,0,69,0,0,71,0,71,0,5,135,0,140,255,0,255,395
05/11/2016,CMA,CA,AWP,WE,Towers with Radar,0,13,60,0,73,0,0,84,0,84,0,13,144,0,157,93,0,93,250
05/12/2016,CMA,CA,AWP,WE,Towers with Radar,0,7,44,0,51,0,0,174,0,174,0,7,218,0,225,92,0,92,317
05/13/2016,CMA,CA,AWP,WE,Towers with Radar,0,12,55,0,67,0,2,139,0,141,0,14,194,0,208,154,0,154,362
05/14/2016,CMA,CA,AWP,WE,Towers with Radar,0,3,49,0,52,0,2,147,0,149,0,5,196,0,201,350,0,350,551
05/15/2016,CMA,CA,AWP,WE,Towers with Radar,0,11,49,0,60,0,0,137,0,137,0,11,186,0,197,151,0,151,348
05/16/2016,CMA,CA,AWP,WE,Towers with Radar,0,17,34,0,51,0,0,100,0,100,0,17,134,0,151,81,0,81,232
05/17/2016,CMA,CA,AWP,WE,Towers with Radar,0,4,68,0,72,0,2,123,0,125,0,6,191,0,197,132,0,132,329
05/18/2016,CMA,CA,AWP,WE,Towers with Radar,0,9,85,4,98,0,0,77,0,77,0,9,162,4,175,46,0,46,221
05/19/2016,CMA,CA,AWP,WE,Towers with Radar,0,10,99,0,109,0,0,80,0,80,0,10,179,0,189,225,0,225,414
05/20/2016,CMA,CA,AWP,WE,Towers with Radar,0,12,43,0,55,0,0,142,0,142,0,12,185,0,197,213,7,220,417
05/21/2016,CMA,CA,AWP,WE,Towers with Radar,0,6,51,0,57,0,0,219,3,222,0,6,270,3,279,102,0,102,381
05/22/2016,CMA,CA,AWP,WE,Towers with Radar,0,13,22,0,35,0,2,234,0,236,0,15,256,0,271,179,2,181,452
05/23/2016,CMA,CA,AWP,WE,Towers with Radar,0,7,22,0,29,0,2,145,1,148,0,9,167,1,177,120,2,122,299
05/24/2016,CMA,CA,AWP,WE,Towers with Radar,0,8,50,0,58,0,1,105,4,110,0,9,155,4,168,224,0,224,392
05/25/2016,CMA,CA,AWP,WE,Towers with Radar,0,8,45,1,54,0,1,127,0,128,0,9,172,1,182,144,0,144,326
05/26/2016,CMA,CA,AWP,WE,Towers with Radar,0,15,25,0,40,0,1,178,0,179,0,16,203,0,219,257,0,257,476
05/27/2016,CMA,CA,AWP,WE,Towers with Radar,0,9,46,0,55,0,1,260,0,261,0,10,306,0,316,226,0,226,542
05/28/2016,CMA,CA,AWP,WE,Towers with Radar,0,12,87,0,99,0,1,125,5,131,0,13,212,5,230,185,38,223,453
05/29/2016,CMA,CA,AWP,WE,Towers with Radar,0,6,31,0,37,0,3,94,2,99,0,9,125,2,136,100,0,100,236
05/30/2016,CMA,CA,AWP,WE,Towers with Radar,0,19,54,0,73,0,2,172,1,175,0,21,226,1,248,215,0,215,463
05/31/2016,CMA,CA,AWP,WE,Towers with Radar,0,14,62,0,76,0,1,80,2,83,0,15,142,2,159,228,0,228,387
06/01/2016,CMA,CA,AWP,WE,Towers with Radar,0,8,92,1,101,0,0,65,1,66,0,8,157,2,167,215,0,215,382
06/02/2016,CMA,CA,AWP,WE,Towers with Radar,0,15,43,1,59,0,0,142,1,143,0,15,185,2,202,252,0,252,454
06/03/2016,CMA,CA,AWP,WE,Towers with Radar,0,1,54,0,55,0,1,194,0,195,0,2,248,0,250,182,0,182,432
06/04/2016,CMA,CA,AWP,WE,Towers with Radar,0,4,29,0,33,0,0,131,2,133,0,4,160,2,166,140,0,140,306
06/05/2016,CMA,CA,AWP,WE,Towers with Radar,0,15,78,0,93,0,1,105,0,106,0,16,183,0,199,164,0,164,363
06/06/2016,CMA,CA,AWP,WE,Towers with Radar,0,10,69,0,79,0,2,126,5,133,0,12,195,5,212,146,0,146,358
06/07/2016,CMA,CA,AWP,WE,Towers with Radar,0,9,61,0,70,0,0,80,2,82,0,9,141,2,152,234,0,234,386
06/08/2016,CMA,CA,AWP,WE,Towers with Radar,0,17,71,3,91,0,1,86,0,87,0,18,157,3,178,128,0,128,306
06/09/2016,CMA,CA,AWP,WE,Towers with Radar,0,4,54,0,58,0,1,77,1,79,0,5,131,1,137,258,0,258,395
06/10/2016,CMA,CA,AWP,WE,Towers with Radar,0,7,37,0,44,0,0,135,0,135,0,7,172,0,179,188,0,188,367
06/11/2016,CMA,CA,AWP,WE,Towers with Radar,0,4,97,2,103,0,0,78,1,79,0,4,175,3,182,223,0,223,405
06/12/2016,CMA,CA,AWP,WE,Towers with Radar,0,14,73,0,87,0,2,98,0,100,0,16,171,0,187,154,0,154,341
06/13/2016,CMA,CA,AWP,WE,Towers with Radar,0,12,46,0,58,0,3,115,2,120,0,15,161,2,178,244,0,244,422
06/14/2016,CMA,CA,AWP,WE,Towers with Radar,0,10,82,1,93,0,0,59,0,59,0,10,141,1,152,271,0,271,423
06/15/2016,CMA,CA,AWP,WE,Towers with Radar,0,5,65,0,70,0,1,99,0,100,0,6,164,0,170,160,0,160,330
06/16/2016,CMA,CA,AWP,WE,Towers with Radar,0,14,39,0,53,0,1,221,2,224,0,15,260,2,277,197,6,203,480
06/17/2016,CMA,CA,AWP,WE,Towers with Radar,0,11,41,3,55,0,0,217,0,217,0,11,258,3,272,130,0,130,402
06/18/2016,CMA,CA,AWP,WE,Towers with Radar,0,3,21,1,25,0,1,296,1,298,0,4,317,2,323,118,0,118,441
06/19/2016,CMA,CA,AWP,WE,Towers with Radar,0,6,27,0,33,0,0,247,0,247,0,6,274,0,280,125,0,125,405
06/20/2016,CMA,CA,AWP,WE,Towers with Radar,0,8,9,0,17,0,1,144,1,146,0,9,153,1,163,205,0,205,368
06/21/2016,CMA,CA,AWP,WE,Towers with Radar,0,6,45,0,51,0,3,129,5,137,0,9,174,5,188,118,0,118,306
06/22/2016,CMA,CA,AWP,WE,Towers with Radar,0,6,47,0,53,0,0,137,0,137,0,6,184,0,190,147,0,147,337
06/23/2016,CMA,CA,AWP,WE,Towers with Radar,0,9,62,1,72,0,1,181,0,182,0,10,243,1,254,256,22,278,532
06/24/2016,CMA,CA,AWP,WE,Towers with Radar,0,9,44,1,54,0,0,121,0,121,0,9,165,1,175,178,0,178,353
06/25/2016,CMA,CA,AWP,WE,Towers with Radar,0,14,59,0,73,0,0,227,0,227,0,14,286,0,300,118,0,118,418
06/26/2016,CMA,CA,AWP,WE,Towers with Radar,0,10,35,0,45,0,2,203,0,205,0,12,238,0,250,140,0,140,390
06/27/2016,CMA,CA,AWP,WE,Towers with Radar,0,6,36,0,42,0,1,139,0,140,0,7,175,0,182,351,0,351,533
06/28/2016,CMA,CA,AWP,WE,Towers with Radar,0,6,46,0,52,0,2,105,0,107,0,8,151,0,159,146,0,146,305
06/29/2016,CMA,CA,AWP,WE,Towers with Radar,0,13,43,0,56,0,0,187,0,187,0,13,230,0,243,236,0,236,479
06/30/2016,CMA,CA,AWP,WE,Towers with Radar,0,11,66,2,79,0,0,166,0,166,0,11,232,2,245,290,0,290,535
07/01/2016,CMA,CA,AWP,WE,Towers with Radar,0,13,57,2,72,0,2,174,3,179,0,15,231,5,251,287,0,287,538
07/02/2016,CMA,CA,AWP,WE,Towers with Radar,0,5,51,1,57,0,0,216,1,217,0,5,267,2,274,256,0,256,530
07/03/2016,CMA,CA,AWP,WE,Towers with Radar,0,3,26,0,29,0,0,233,0,233,0,3,259,0,262,128,0,128,390
07/04/2016,CMA,CA,AWP,WE,Towers with Radar,0,6,21,0,27,0,0,139,0,139,0,6,160,0,166,136,0,136,302
07/05/2016,CMA,CA,AWP,WE,Towers with Radar,0,13,41,0,54,0,2,106,1,109,0,15,147,1,163,229,0,229,392
07/06/2016,CMA,CA,AWP,WE,Towers with Radar,0,11,56,0,67,0,2,108,0,110,0,13,164,0,177,258,0,258,435
07/07/2016,CMA,CA,AWP,WE,Towers with Radar,0,11,49,4,64,0,0,154,0,154,0,11,203,4,218,231,0,231,449
07/08/2016,CMA,CA,AWP,WE,Towers with Radar,0,13,44,0,57,0,0,162,0,162,0,13,206,0,219,302,0,302,521
07/09/2016,CMA,CA,AWP,WE,Towers with Radar,0,10,24,0,34,0,2,225,0,227,0,12,249,0,261,243,0,243,504
07/10/2016,CMA,CA,AWP,WE,Towers with Radar,0,10,34,0,44,0,4,222,0,226,0,14,256,0,270,125,0,125,395
07/11/2016,CMA,CA,AWP,WE,Towers with Radar,0,6,20,1,27,0,0,160,0,160,0,6,180,1,187,180,0,180,367
07/12/2016,CMA,CA,AWP,WE,Towers with Radar,0,5,47,0,52,0,5,153,0,158,0,10,200,0,210,302,0,302,512
07/13/2016,CMA,CA,AWP,WE,Towers with Radar,0,7,31,0,38,0,4,163,0,167,0,11,194,0,205,242,0,242,447
07/14/2016,CMA,CA,AWP,WE,Towers with Radar,0,11,58,0,69,0,0,171,2,173,0,11,229,2,242,234,0,234,476
07/15/2016,CMA,CA,AWP,WE,Towers with Radar,0,12,43,0,55,0,0,200,0,200,0,12,243,0,255,248,0,248,503
07/16/2016,CMA,CA,AWP,WE,Towers with Radar,0,8,42,0,50,0,2,210,0,212,0,10,252,0,262,185,0,185,447
07/17/2016,CMA,CA,AWP,WE,Towers with Radar,0,12,43,0,55,0,3,243,0,246,0,15,286,0,301,84,0,84,385
07/18/2016,CMA,CA,AWP,WE,Towers with Radar,0,9,34,4,47,0,0,128,2,130,0,9,162,6,177,180,0,180,357
07/19/2016,CMA,CA,AWP,WE,Towers with Radar,0,6,29,3,38,0,2,159,0,161,0,8,188,3,199,156,0,156,355
07/20/2016,CMA,CA,AWP,WE,Towers with Radar,0,10,22,0,32,0,6,192,2,200,0,16,214,2,232,206,0,206,438
07/21/2016,CMA,CA,AWP,WE,Towers with Radar,0,13,45,3,61,0,2,224,2,228,0,15,269,5,289,144,0,144,433
07/22/2016,CMA,CA,AWP,WE,Towers with Radar,0,17,38,0,55,0,2,225,0,227,0,19,263,0,282,203,0,203,485
07/23/2016,CMA,CA,AWP,WE,Towers with Radar,0,6,29,0,35,0,0,214,3,217,0,6,243,3,252,144,0,144,396
07/24/2016,CMA,CA,AWP,WE,Towers with Radar,0,7,21,0,28,0,2,163,1,166,0,9,184,1,194,120,0,120,314
07/25/2016,CMA,CA,AWP,WE,Towers with Radar,0,9,31,1,41,0,0,142,1,143,0,9,173,2,184,168,0,168,352
07/26/2016,CMA,CA,AWP,WE,Towers with Radar,0,10,37,0,47,0,2,151,3,156,0,12,188,3,203,187,0,187,390
07/27/2016,CMA,CA,AWP,WE,Towers with Radar,0,5,22,1,28,0,0,158,2,160,0,5,180,3,188,208,0,208,396
07/28/2016,CMA,CA,AWP,WE,Towers with Radar,0,6,28,0,34,0,2,161,5,168,0,8,189,5,202,234,0,234,436
07/29/2016,CMA,CA,AWP,WE,Towers with Radar,0,6,29,0,35,0,0,218,3,221,0,6,247,3,256,325,0,325,581
07/30/2016,CMA,CA,AWP,WE,Towers with Radar,0,3,33,3,39,0,0,216,3,219,0,3,249,6,258,241,0,241,499
07/31/2016,CMA,CA,AWP,WE,Towers with Radar,0,10,37,0,47,0,0,202,0,202,0,10,239,0,249,161,0,161,410
08/01/2016,CMA,CA,AWP,WE,Towers with Radar,0,7,38,0,45,0,0,128,1,129,0,7,166,1,174,232,0,232,406
08/02/2016,CMA,CA,AWP,WE,Towers with Radar,0,4,39,0,43,0,2,149,0,151,0,6,188,0,194,156,0,156,350
08/03/2016,CMA,CA,AWP,WE,Towers with Radar,0,10,44,0,54,0,2,184,1,187,0,12,228,1,241,172,0,172,413
08/04/2016,CMA,CA,AWP,WE,Towers with Radar,0,12,43,0,55,0,2,153,0,155,0,14,196,0,210,264,0,264,474
08/05/2016,CMA,CA,AWP,WE,Towers with Radar,0,8,39,4,51,0,2,225,1,228,0,10,264,5,279,168,0,168,447
08/06/2016,CMA,CA,AWP,WE,Towers with Radar,0,8,45,0,53,0,1,259,0,260,0,9,304,0,313,220,0,220,533
08/07/2016,CMA,CA,AWP,WE,Towers with Radar,0,11,51,0,62,0,1,196,0,197,0,12,247,0,259,120,0,120,379
08/08/2016,CMA,CA,AWP,WE,Towers with Radar,0,5,47,0,52,0,0,130,6,136,0,5,177,6,188,181,6,187,375
08/09/2016,CMA,CA,AWP,WE,Towers with Radar,0,9,48,0,57,0,0,99,0,99,0,9,147,0,156,177,0,177,333
08/10/2016,CMA,CA,AWP,WE,Towers with Radar,0,0,26,0,26,0,0,131,0,131,0,0,157,0,157,242,0,242,399
08/11/2016,CMA,CA,AWP,WE,Towers with Radar,0,8,37,3,48,0,9,240,0,249,0,17,277,3,297,217,0,217,514
08/12/2016,CMA,CA,AWP,WE,Towers with Radar,0,6,41,0,47,0,3,207,2,212,0,9,248,2,259,178,0,178,437
08/13/2016,CMA,CA,AWP,WE,Towers with Radar,0,5,38,0,43,0,2,261,0,263,0,7,299,0,306,146,0,146,452
08/14/2016,CMA,CA,AWP,WE,Towers with Radar,0,10,26,1,37,0,2,262,0,264,0,12,288,1,301,110,0,110,411
08/15/2016,CMA,CA,AWP,WE,Towers with Radar,0,19,29,0,48,0,3,137,0,140,0,22,166,0,188,214,0,214,402
08/16/2016,CMA,CA,AWP,WE,Towers with Radar,0,4,27,2,33,0,3,145,0,148,0,7,172,2,181,343,0,343,524
08/17/2016,CMA,CA,AWP,WE,Towers with Radar,0,6,42,0,48,0,1,162,2,165,0,7,204,2,213,183,0,183,396
08/18/2016,CMA,CA,AWP,WE,Towers with Radar,0,11,43,2,56,0,0,206,1,207,0,11,249,3,263,262,0,262,525
08/19/2016,CMA,CA,AWP,WE,Towers with Radar,0,11,48,1,60,0,2,232,0,234,0,13,280,1,294,144,0,144,438
08/20/2016,CMA,CA,AWP,WE,Towers with Radar,0,1,20,0,21,0,0,117,0,117,0,1,137,0,138,51,0,51,189
08/21/2016,CMA,CA,AWP,WE,Towers with Radar,0,6,19,0,25,0,0,125,0,125,0,6,144,0,150,44,0,44,194
08/22/2016,CMA,CA,AWP,WE,Towers with Radar,0,10,31,4,45,0,0,212,0,212,0,10,243,4,257,231,0,231,488
08/23/2016,CMA,CA,AWP,WE,Towers with Radar,0,9,31,0,40,0,1,202,1,204,0,10,233,1,244,218,0,218,462
08/24/2016,CMA,CA,AWP,WE,Towers with Radar,0,6,43,0,49,0,1,202,1,204,0,7,245,1,253,202,11,213,466
08/25/2016,CMA,CA,AWP,WE,Towers with Radar,0,4,37,0,41,0,0,187,0,187,0,4,224,0,228,266,1,267,495
08/26/2016,CMA,CA,AWP,WE,Towers with Radar,0,15,46,0,61,0,0,208,0,208,0,15,254,0,269,286,0,286,555
08/27/2016,CMA,CA,AWP,WE,Towers with Radar,0,8,73,0,81,0,2,175,0,177,0,10,248,0,258,164,0,164,422
08/28/2016,CMA,CA,AWP,WE,Towers with Radar,0,6,30,0,36,0,4,254,2,260,0,10,284,2,296,151,0,151,447
08/29/2016,CMA,CA,AWP,WE,Towers with Radar,0,7,31,0,38,0,0,124,0,124,0,7,155,0,162,202,0,202,364
08/30/2016,CMA,CA,AWP,WE,Towers with Radar,0,7,40,0,47,0,4,206,0,210,0,11,246,0,257,250,12,262,519
08/31/2016,CMA,CA,AWP,WE,Towers with Radar,0,8,33,0,41,0,0,202,0,202,0,8,235,0,243,210,6,216,459
09/01/2016,CMA,CA,AWP,WE,Towers with Radar,0,17,40,2,59,0,0,168,1,169,0,17,208,3,228,224,0,224,452
09/02/2016,CMA,CA,AWP,WE,Towers with Radar,0,11,68,0,79,0,0,241,1,242,0,11,309,1,321,312,0,312,633
09/03/2016,CMA,CA,AWP,WE,Towers with Radar,0,6,52,0,58,0,0,194,0,194,0,6,246,0,252,175,0,175,427
09/04/2016,CMA,CA,AWP,WE,Towers with Radar,0,4,28,0,32,0,3,176,0,179,0,7,204,0,211,64,0,64,275
09/05/2016,CMA,CA,AWP,WE,Towers with Radar,0,19,36,0,55,0,0,183,2,185,0,19,219,2,240,104,16,120,360
09/06/2016,CMA,CA,AWP,WE,Towers with Radar,0,4,29,1,34,0,2,165,0,167,0,6,194,1,201,152,0,152,353
09/07/2016,CMA,CA,AWP,WE,Towers with Radar,0,7,50,0,57,0,1,81,0,82,0,8,131,0,139,204,2,206,345
09/08/2016,CMA,CA,AWP,WE,Towers with Radar,0,14,44,0,58,0,1,197,0,198,0,15,241,0,256,276,0,276,532
09/09/2016,CMA,CA,AWP,WE,Towers with Radar,0,4,56,0,60,0,0,184,0,184,0,4,240,0,244,312,0,312,556
09/10/2016,CMA,CA,AWP,WE,Towers with Radar,0,4,43,0,47,0,0,188,0,188,0,4,231,0,235,136,0,136,371
09/11/2016,CMA,CA,AWP,WE,Towers with Radar,0,12,68,0,80,0,1,167,0,168,0,13,235,0,248,139,0,139,387
09/12/2016,CMA,CA,AWP,WE,Towers with Radar,0,7,67,0,74,0,0,73,0,73,0,7,140,0,147,258,0,258,405
09/13/2016,CMA,CA,AWP,WE,Towers with Radar,0,11,68,0,79,0,0,70,0,70,0,11,138,0,149,220,0,220,369
09/14/2016,CMA,CA,AWP,WE,Towers with Radar,0,6,28,0,34,0,4,191,0,195,0,10,219,0,229,76,0,76,305
09/15/2016,CMA,CA,AWP,WE,Towers with Radar,0,16,33,0,49,0,2,236,0,238,0,18,269,0,287,136,15,151,438
09/16/2016,CMA,CA,AWP,WE,Towers with Radar,0,12,36,0,48,0,0,212,0,212,0,12,248,0,260,166,0,166,426
09/17/2016,CMA,CA,AWP,WE,Towers with Radar,0,3,30,0,33,0,0,253,1,254,0,3,283,1,287,133,0,133,420
09/18/2016,CMA,CA,AWP,WE,Towers with Radar,0,12,43,0,55,0,0,154,0,154,0,12,197,0,209,115,0,115,324
09/19/2016,CMA,CA,AWP,WE,Towers with Radar,0,2,15,2,19,0,2,142,0,144,0,4,157,2,163,233,0,233,396
09/20/2016,CMA,CA,AWP,WE,Towers with Radar,0,4,39,0,43,0,2,193,0,195,0,6,232,0,238,198,0,198,436
09/21/2016,CMA,CA,AWP,WE,Towers with Radar,0,9,30,0,39,0,0,179,2,181,0,9,209,2,220,155,0,155,375
09/22/2016,CMA,CA,AWP,WE,Towers with Radar,0,6,40,0,46,0,5,154,0,159,0,11,194,0,205,218,0,218,423
09/23/2016,CMA,CA,AWP,WE,Towers with Radar,0,17,24,0,41,0,1,216,0,217,0,18,240,0,258,322,0,322,580
09/24/2016,CMA,CA,AWP,WE,Towers with Radar,0,5,28,0,33,0,3,252,1,256,0,8,280,1,289,191,0,191,480
09/25/2016,CMA,CA,AWP,WE,Towers with Radar,0,5,25,0,30,0,0,128,0,128,0,5,153,0,158,43,0,43,201
09/26/2016,CMA,CA,AWP,WE,Towers with Radar,0,2,22,0,24,0,0,96,0,96,0,2,118,0,120,194,0,194,314
09/27/2016,CMA,CA,AWP,WE,Towers with Radar,0,5,29,2,36,0,1,143,0,144,0,6,172,2,180,208,6,214,394
09/28/2016,CMA,CA,AWP,WE,Towers with Radar,0,2,30,0,32,0,1,172,0,173,0,3,202,0,205,312,0,312,517
09/29/2016,CMA,CA,AWP,WE,Towers with Radar,0,8,45,1,54,0,0,194,2,196,0,8,239,3,250,212,30,242,492
09/30/2016,CMA,CA,AWP,WE,Towers with Radar,0,13,32,0,45,0,7,254,0,261,0,20,286,0,306,250,0,250,556
10/01/2016,CMA,CA,AWP,WE,Towers with Radar,0,7,18,0,25,0,0,236,0,236,0,7,254,0,261,229,0,229,490
10/02/2016,CMA,CA,AWP,WE,Towers with Radar,0,14,26,0,40,0,0,218,0,218,0,14,244,0,258,98,0,98,356
10/03/2016,CMA,CA,AWP,WE,Towers with Radar,0,4,18,0,22,0,2,150,2,154,0,6,168,2,176,196,0,196,372
10/04/2016,CMA,CA,AWP,WE,Towers with Radar,0,5,28,0,33,0,2,144,0,146,0,7,172,0,179,198,0,198,377
10/05/2016,CMA,CA,AWP,WE,Towers with Radar,0,5,29,0,34,0,1,212,2,215,0,6,241,2,249,106,0,106,355
10/06/2016,CMA,CA,AWP,WE,Towers with Radar,0,9,28,4,41,0,1,172,0,173,0,10,200,4,214,143,0,143,357
10/07/2016,CMA,CA,AWP,WE,Towers with Radar,0,8,28,0,36,0,1,199,0,200,0,9,227,0,236,222,0,222,458
10/08/2016,CMA,CA,AWP,WE,Towers with Radar,0,3,25,1,29,0,2,244,2,248,0,5,269,3,277,183,0,183,460
10/09/2016,CMA,CA,AWP,WE,Towers with Radar,0,3,37,0,40,0,0,241,0,241,0,3,278,0,281,94,0,94,375
10/10/2016,CMA,CA,AWP,WE,Towers with Radar,0,4,24,0,28,0,0,164,0,164,0,4,188,0,192,149,0,149,341
10/11/2016,CMA,CA,AWP,WE,Towers with Radar,0,2,51,1,54,0,2,109,0,111,0,4,160,1,165,146,0,146,311
10/12/2016,CMA,CA,AWP,WE,Towers with Radar,0,5,56,0,61,0,0,94,0,94,0,5,150,0,155,165,0,165,320
10/13/2016,CMA,CA,AWP,WE,Towers with Radar,0,3,32,3,38,0,2,190,3,195,0,5,222,6,233,196,0,196,429
10/14/2016,CMA,CA,AWP,WE,Towers with Radar,0,9,58,0,67,0,0,149,0,149,0,9,207,0,216,186,0,186,402
10/15/2016,CMA,CA,AWP,WE,Towers with Radar,0,10,38,0,48,0,0,121,0,121,0,10,159,0,169,118,0,118,287
10/16/2016,CMA,CA,AWP,WE,Towers with Radar,0,6,48,0,54,0,0,63,0,63,0,6,111,0,117,170,0,170,287
10/17/2016,CMA,CA,AWP,WE,Towers with Radar,0,6,42,0,48,0,3,90,0,93,0,9,132,0,141,102,0,102,243
10/18/2016,CMA,CA,AWP,WE,Towers with Radar,0,5,35,0,40,0,2,190,0,192,0,7,225,0,232,278,0,278,510
10/19/2016,CMA,CA,AWP,WE,Towers with Radar,0,4,24,0,28,0,0,72,2,74,0,4,96,2,102,36,0,36,138
10/20/2016,CMA,CA,AWP,WE,Towers with Radar,0,7,19,0,26,0,0,88,3,91,0,7,107,3,117,113,0,113,230
10/21/2016,CMA,CA,AWP,WE,Towers with Radar,0,8,24,0,32,0,0,271,0,271,0,8,295,0,303,258,0,258,561
10/22/2016,CMA,CA,AWP,WE,Towers with Radar,0,9,31,0,40,0,0,239,2,241,0,9,270,2,281,230,0,230,511
10/23/2016,CMA,CA,AWP,WE,Towers with Radar,1,10,33,0,44,0,1,160,2,163,1,11,193,2,207,82,2,84,291
10/24/2016,CMA,CA,AWP,WE,Towers with Radar,0,6,31,0,37,0,0,111,0,111,0,6,142,0,148,230,0,230,378
10/25/2016,CMA,CA,AWP,WE,Towers with Radar,0,2,40,0,42,0,1,136,0,137,0,3,176,0,179,162,0,162,341
10/26/2016,CMA,CA,AWP,WE,Towers with Radar,0,4,33,1,38,0,0,184,3,187,0,4,217,4,225,276,0,276,501
10/27/2016,CMA,CA,AWP,WE,Towers with Radar,0,8,39,0,47,0,1,150,0,151,0,9,189,0,198,218,0,218,416
10/28/2016,CMA,CA,AWP,WE,Towers with Radar,0,9,58,0,67,0,1,107,0,108,0,10,165,0,175,162,0,162,337
10/29/2016,CMA,CA,AWP,WE,Towers with Radar,0,8,29,0,37,0,0,222,0,222,0,8,251,0,259,215,0,215,474
10/30/2016,CMA,CA,AWP,WE,Towers with Radar,0,3,65,0,68,0,1,22,0,23,0,4,87,0,91,50,0,50,141
10/31/2016,CMA,CA,AWP,WE,Towers with Radar,0,5,32,2,39,0,0,144,0,144,0,5,176,2,183,196,0,196,379
11/01/2016,CMA,CA,AWP,WE,Towers with Radar,0,6,35,1,42,0,1,107,0,108,0,7,142,1,150,130,0,130,280
11/02/2016,CMA,CA,AWP,WE,Towers with Radar,0,4,30,2,36,0,8,129,0,137,0,12,159,2,173,68,0,68,241
11/03/2016,CMA,CA,AWP,WE,Towers with Radar,0,12,39,0,51,0,4,147,0,151,0,16,186,0,202,104,0,104,306
11/04/2016,CMA,CA,AWP,WE,Towers with Radar,0,12,50,0,62,0,0,263,4,267,0,12,313,4,329,181,0,181,510
11/05/2016,CMA,CA,AWP,WE,Towers with Radar,0,0,0,0,0,0,0,0,0,0,0,0,0,0,0,0,0,0,0
11/06/2016,CMA,CA,AWP,WE,Towers with Radar,0,8,32,0,40,0,1,258,4,263,0,9,290,4,303,110,3,113,416
11/07/2016,CMA,CA,AWP,WE,Towers with Radar,0,8,27,0,35,0,1,168,0,169,0,9,195,0,204,202,0,202,406
11/08/2016,CMA,CA,AWP,WE,Towers with Radar,0,3,29,1,33,0,4,139,0,143,0,7,168,1,176,220,0,220,396
11/09/2016,CMA,CA,AWP,WE,Towers with Radar,0,8,30,0,38,0,2,154,1,157,0,10,184,1,195,116,0,116,311
11/10/2016,CMA,CA,AWP,WE,Towers with Radar,0,19,41,0,60,0,0,231,0,231,0,19,272,0,291,229,0,229,520
11/11/2016,CMA,CA,AWP,WE,Towers with Radar,0,9,38,0,47,0,3,223,0,226,0,12,261,0,273,194,0,194,467
11/12/2016,CMA,CA,AWP,WE,Towers with Radar,0,0,38,0,38,0,0,299,1,300,0,0,337,1,338,276,0,276,614
11/13/2016,CMA,CA,AWP,WE,Towers with Radar,0,9,32,0,41,0,3,231,0,234,0,12,263,0,275,209,0,209,484
11/14/2016,CMA,CA,AWP,WE,Towers with Radar,0,4,19,0,23,0,1,177,0,178,0,5,196,0,201,178,0,178,379
11/15/2016,CMA,CA,AWP,WE,Towers with Radar,0,6,26,0,32,0,2,165,0,167,0,8,191,0,199,134,2,136,335
11/16/2016,CMA,CA,AWP,WE,Towers with Radar,0,9,41,0,50,0,0,165,5,170,0,9,206,5,220,258,0,258,478
11/17/2016,CMA,CA,AWP,WE,Towers with Radar,0,8,26,2,36,0,3,101,2,106,0,11,127,4,142,72,0,72,214
11/18/2016,CMA,CA,AWP,WE,Towers with Radar,0,10,33,0,43,0,1,174,4,179,0,11,207,4,222,240,0,240,462
11/19/2016,CMA,CA,AWP,WE,Towers with Radar,0,2,40,0,42,0,3,276,0,279,0,5,316,0,321,189,0,189,510
11/20/2016,CMA,CA,AWP,WE,Towers with Radar,0,3,32,0,35,0,1,95,0,96,0,4,127,0,131,136,0,136,267
11/21/2016,CMA,CA,AWP,WE,Towers with Radar,0,6,41,0,47,0,0,140,1,141,0,6,181,1,188,316,0,316,504
11/22/2016,CMA,CA,AWP,WE,Towers with Radar,0,7,44,0,51,0,3,193,2,198,0,10,237,2,249,216,0,216,465
11/23/2016,CMA,CA,AWP,WE,Towers with Radar,0,13,31,0,44,0,0,190,0,190,0,13,221,0,234,202,6,208,442
11/24/2016,CMA,CA,AWP,WE,Towers with Radar,0,2,4,0,6,0,0,46,0,46,0,2,50,0,52,3,0,3,55
11/25/2016,CMA,CA,AWP,WE,Towers with Radar,0,2,9,0,11,0,0,283,0,283,0,2,292,0,294,226,0,226,520
11/26/2016,CMA,CA,AWP,WE,Towers with Radar,0,4,45,0,49,0,0,32,0,32,0,4,77,0,81,134,0,134,215
11/27/2016,CMA,CA,AWP,WE,Towers with Radar,0,6,30,0,36,0,0,43,1,44,0,6,73,1,80,14,0,14,94
11/28/2016,CMA,CA,AWP,WE,Towers with Radar,0,14,44,0,58,0,0,123,0,123,0,14,167,0,181,159,0,159,340
11/29/2016,CMA,CA,AWP,WE,Towers with Radar,0,7,13,0,20,0,0,93,2,95,0,7,106,2,115,70,0,70,185
11/30/2016,CMA,CA,AWP,WE,Towers with Radar,0,4,34,0,38,0,0,214,0,214,0,4,248,0,252,138,0,138,390
12/01/2016,CMA,CA,AWP,WE,Towers with Radar,0,4,36,0,40,0,0,171,9,180,0,4,207,9,220,126,4,130,350
12/02/2016,CMA,CA,AWP,WE,Towers with Radar,0,11,35,4,50,0,0,58,0,58,0,11,93,4,108,32,0,32,140
12/03/2016,CMA,CA,AWP,WE,Towers with Radar,0,4,20,0,24,0,0,149,1,150,0,4,169,1,174,308,0,308,482
12/04/2016,CMA,CA,AWP,WE,Towers with Radar,0,13,34,1,48,0,0,260,0,260,0,13,294,1,308,111,0,111,419
12/05/2016,CMA,CA,AWP,WE,Towers with Radar,0,15,31,0,46,0,0,134,0,134,0,15,165,0,180,178,0,178,358
12/06/2016,CMA,CA,AWP,WE,Towers with Radar,0,15,43,0,58,0,1,97,3,101,0,16,140,3,159,196,0,196,355
12/07/2016,CMA,CA,AWP,WE,Towers with Radar,0,12,49,1,62,0,2,144,5,151,0,14,193,6,213,90,0,90,303
12/08/2016,CMA,CA,AWP,WE,Towers with Radar,0,11,49,0,60,0,0,130,1,131,0,11,179,1,191,214,0,214,405
12/09/2016,CMA,CA,AWP,WE,Towers with Radar,0,15,71,0,86,0,4,63,0,67,0,19,134,0,153,104,0,104,257
12/10/2016,CMA,CA,AWP,WE,Towers with Radar,0,2,89,0,91,0,0,10,0,10,0,2,99,0,101,58,0,58,159
12/11/2016,CMA,CA,AWP,WE,Towers with Radar,0,8,61,0,69,0,0,73,2,75,0,8,134,2,144,108,6,114,258
12/12/2016,CMA,CA,AWP,WE,Towers with Radar,0,11,80,2,93,0,0,17,4,21,0,11,97,6,114,46,0,46,160
12/13/2016,CMA,CA,AWP,WE,Towers with Radar,0,2,42,1,45,0,4,57,2,63,0,6,99,3,108,160,0,160,268
12/14/2016,CMA,CA,AWP,WE,Towers with Radar,0,7,33,0,40,0,1,128,1,130,0,8,161,1,170,234,0,234,404
12/15/2016,CMA,CA,AWP,WE,Towers with Radar,0,13,34,0,47,0,0,32,0,32,0,13,66,0,79,112,18,130,209
12/16/2016,CMA,CA,AWP,WE,Towers with Radar,0,6,30,0,36,0,0,22,0,22,0,6,52,0,58,28,0,28,86
12/17/2016,CMA,CA,AWP,WE,Towers with Radar,0,3,27,0,30,0,0,267,2,269,0,3,294,2,299,216,20,236,535
12/18/2016,CMA,CA,AWP,WE,Towers with Radar,0,5,20,0,25,0,0,89,2,91,0,5,109,2,116,30,0,30,146
12/19/2016,CMA,CA,AWP,WE,Towers with Radar,0,5,27,3,35,0,0,48,1,49,0,5,75,4,84,10,0,10,94
12/20/2016,CMA,CA,AWP,WE,Towers with Radar,0,13,18,5,36,0,0,164,3,167,0,13,182,8,203,260,10,270,473
12/21/2016,CMA,CA,AWP,WE,Towers with Radar,0,6,56,0,62,0,0,121,1,122,0,6,177,1,184,161,0,161,345
12/22/2016,CMA,CA,AWP,WE,Towers with Radar,0,9,42,0,51,0,0,152,1,153,0,9,194,1,204,214,0,214,418
12/23/2016,CMA,CA,AWP,WE,Towers with Radar,0,5,37,0,42,0,0,33,0,33,0,5,70,0,75,262,2,264,339
12/24/2016,CMA,CA,AWP,WE,Towers with Radar,0,4,9,0,13,0,0,73,3,76,0,4,82,3,89,74,0,74,163
12/25/2016,CMA,CA,AWP,WE,Towers with Radar,0,3,6,0,9,0,0,56,0,56,0,3,62,0,65,17,0,17,82
12/26/2016,CMA,CA,AWP,WE,Towers with Radar,0,16,25,0,41,0,0,64,0,64,0,16,89,0,105,66,0,66,171
12/27/2016,CMA,CA,AWP,WE,Towers with Radar,0,3,17,0,20,0,0,178,0,178,0,3,195,0,198,262,0,262,460
12/28/2016,CMA,CA,AWP,WE,Towers with Radar,0,5,20,0,25,0,2,208,0,210,0,7,228,0,235,244,0,244,479
12/29/2016,CMA,CA,AWP,WE,Towers with Radar,0,10,16,0,26,0,0,168,7,175,0,10,184,7,201,291,0,291,492
12/30/2016,CMA,CA,AWP,WE,Towers with Radar,0,0,45,0,45,0,0,35,0,35,0,0,80,0,80,98,24,122,202
12/31/2016,CMA,CA,AWP,WE,Towers with Radar,0,5,32,0,37,0,1,22,0,23,0,6,54,0,60,72,0,72,132
01/01/2017,CMA,CA,AWP,WE,Towers with Radar,0,10,14,0,24,0,0,159,1,160,0,10,173,1,184,85,0,85,269
01/02/2017,CMA,CA,AWP,WE,Towers with Radar,0,14,39,0,53,0,3,94,0,97,0,17,133,0,150,235,0,235,385
01/03/2017,CMA,CA,AWP,WE,Towers with Radar,0,14,45,0,59,0,2,101,0,103,0,16,146,0,162,204,0,204,366
01/04/2017,CMA,CA,AWP,WE,Towers with Radar,0,14,30,5,49,0,0,1,0,1,0,14,31,5,50,0,0,0,50
01/05/2017,CMA,CA,AWP,WE,Towers with Radar,0,8,34,0,42,0,0,10,2,12,0,8,44,2,54,56,8,64,118
01/06/2017,CMA,CA,AWP,WE,Towers with Radar,0,10,30,1,41,0,0,230,4,234,0,10,260,5,275,328,0,328,603
01/07/2017,CMA,CA,AWP,WE,Towers with Radar,0,2,26,0,28,0,0,82,0,82,0,2,108,0,110,118,0,118,228
01/08/2017,CMA,CA,AWP,WE,Towers with Radar,0,6,30,0,36,0,0,262,1,263,0,6,292,1,299,160,0,160,459
01/09/2017,CMA,CA,AWP,WE,Towers with Radar,0,1,30,0,31,0,0,15,0,15,0,1,45,0,46,74,0,74,120
01/10/2017,CMA,CA,AWP,WE,Towers with Radar,0,6,53,0,59,0,0,32,0,32,0,6,85,0,91,212,0,212,303
01/11/2017,CMA,CA,AWP,WE,Towers with Radar,0,10,44,9,63,0,0,71,1,72,0,10,115,10,135,254,0,254,389
01/12/2017,CMA,CA,AWP,WE,Towers with Radar,0,4,55,0,59,0,0,5,1,6,0,4,60,1,65,54,0,54,119
01/13/2017,CMA,CA,AWP,WE,Towers with Radar,0,11,48,0,59,0,1,168,1,170,0,12,216,1,229,126,0,126,355
01/14/2017,CMA,CA,AWP,WE,Towers with Radar,0,4,35,0,39,0,2,248,0,250,0,6,283,0,289,147,0,147,436
01/15/2017,CMA,CA,AWP,WE,Towers with Radar,0,8,27,0,35,0,2,153,3,158,0,10,180,3,193,203,0,203,396
01/16/2017,CMA,CA,AWP,WE,Towers with Radar,0,8,52,0,60,0,0,233,0,233,0,8,285,0,293,132,0,132,425
01/17/2017,CMA,CA,AWP,WE,Towers with Radar,0,5,24,1,30,0,3,210,4,217,0,8,234,5,247,206,0,206,453
01/18/2017,CMA,CA,AWP,WE,Towers with Radar,0,10,46,2,58,0,1,61,1,63,0,11,107,3,121,156,0,156,277
01/19/2017,CMA,CA,AWP,WE,Towers with Radar,0,11,40,0,51,0,0,46,2,48,0,11,86,2,99,158,13,171,270
01/20/2017,CMA,CA,AWP,WE,Towers with Radar,0,5,12,0,17,0,0,7,0,7,0,5,19,0,24,0,0,0,24
01/21/2017,CMA,CA,AWP,WE,Towers with Radar,0,6,45,0,51,0,1,208,2,211,0,7,253,2,262,157,0,157,419
01/22/2017,CMA,CA,AWP,WE,Towers with Radar,0,5,10,0,15,0,0,2,0,2,0,5,12,0,17,0,0,0,17
01/23/2017,CMA,CA,AWP,WE,Towers with Radar,0,3,22,0,25,0,0,20,2,22,0,3,42,2,47,60,4,64,111
01/24/2017,CMA,CA,AWP,WE,Towers with Radar,0,5,44,0,49,0,4,148,2,154,0,9,192,2,203,216,10,226,429
01/25/2017,CMA,CA,AWP,WE,Towers with Radar,0,7,43,0,50,0,3,216,3,222,0,10,259,3,272,254,0,254,526
01/26/2017,CMA,CA,AWP,WE,Towers with Radar,0,10,20,0,30,0,2,206,2,210,0,12,226,2,240,206,0,206,446
01/27/2017,CMA,CA,AWP,WE,Towers with Radar,0,8,19,0,27,0,0,39,7,46,0,8,58,7,73,34,6,40,113
01/28/2017,CMA,CA,AWP,WE,Towers with Radar,0,6,36,0,42,0,0,136,1,137,0,6,172,1,179,195,0,195,374
01/29/2017,CMA,CA,AWP,WE,Towers with Radar,0,7,24,0,31,0,0,107,1,108,0,7,131,1,139,26,0,26,165
01/30/2017,CMA,CA,AWP,WE,Towers with Radar,0,6,28,0,34,0,1,202,4,207,0,7,230,4,241,156,0,156,397
01/31/2017,CMA,CA,AWP,WE,Towers with Radar,0,7,34,0,41,0,2,186,4,192,0,9,220,4,233,272,10,282,515
02/01/2017,CMA,CA,AWP,WE,Towers with Radar,0,5,55,1,61,0,1,167,1,169,0,6,222,2,230,157,0,157,387
02/02/2017,CMA,CA,AWP,WE,Towers with Radar,0,10,52,0,62,0,1,108,0,109,0,11,160,0,171,356,0,356,527
02/03/2017,CMA,CA,AWP,WE,Towers with Radar,0,11,66,0,77,0,0,20,0,20,0,11,86,0,97,87,0,87,184
02/04/2017,CMA,CA,AWP,WE,Towers with Radar,0,6,76,0,82,0,2,169,0,171,0,8,245,0,253,233,0,233,486
02/05/2017,CMA,CA,AWP,WE,Towers with Radar,0,10,49,0,59,0,2,31,0,33,0,12,80,0,92,106,0,106,198
02/06/2017,CMA,CA,AWP,WE,Towers with Radar,0,5,34,0,39,0,0,13,0,13,0,5,47,0,52,34,0,34,86
02/07/2017,CMA,CA,AWP,WE,Towers with Radar,0,6,38,1,45,0,0,0,1,1,0,6,38,2,46,4,0,4,50
02/08/2017,CMA,CA,AWP,WE,Towers with Radar,0,18,70,1,89,0,0,36,0,36,0,18,106,1,125,161,0,161,286
02/09/2017,CMA,CA,AWP,WE,Towers with Radar,0,15,69,0,84,0,0,63,0,63,0,15,132,0,147,80,0,80,227
02/10/2017,CMA,CA,AWP,WE,Towers with Radar,0,5,50,5,60,0,0,2,0,2,0,5,52,5,62,14,0,14,76
02/11/2017,CMA,CA,AWP,WE,Towers with Radar,0,5,46,1,52,0,0,155,0,155,0,5,201,1,207,332,0,332,539
02/12/2017,CMA,CA,AWP,WE,Towers with Radar,0,6,21,1,28,0,1,216,0,217,0,7,237,1,245,198,0,198,443
02/13/2017,CMA,CA,AWP,WE,Towers with Radar,0,10,39,1,50,0,0,178,0,178,0,10,217,1,228,212,0,212,440
02/14/2017,CMA,CA,AWP,WE,Towers with Radar,0,19,42,0,61,0,2,228,0,230,0,21,270,0,291,302,0,302,593
02/15/2017,CMA,CA,AWP,WE,Towers with Radar,0,5,43,0,48,0,0,201,2,203,0,5,244,2,251,212,0,212,463
02/16/2017,CMA,CA,AWP,WE,Towers with Radar,0,9,56,0,65,0,0,123,0,123,0,9,179,0,188,254,0,254,442
02/17/2017,CMA,CA,AWP,WE,Towers with Radar,0,15,19,0,34,0,0,5,0,5,0,15,24,0,39,0,0,0,39
02/18/2017,CMA,CA,AWP,WE,Towers with Radar,0,9,49,0,58,0,0,15,0,15,0,9,64,0,73,24,0,24,97
02/19/2017,CMA,CA,AWP,WE,Towers with Radar,0,3,46,0,49,0,0,119,0,119,0,3,165,0,168,139,0,139,307
02/20/2017,CMA,CA,AWP,WE,Towers with Radar,0,10,32,0,42,0,1,0,0,1,0,11,32,0,43,0,0,0,43
02/21/2017,CMA,CA,AWP,WE,Towers with Radar,0,7,46,0,53,0,0,19,0,19,0,7,65,0,72,34,0,34,106
02/22/2017,CMA,CA,AWP,WE,Towers with Radar,0,7,46,0,53,0,0,156,0,156,0,7,202,0,209,192,0,192,401
02/23/2017,CMA,CA,AWP,WE,Towers with Radar,0,11,39,0,50,0,3,183,1,187,0,14,222,1,237,272,0,272,509
02/24/2017,CMA,CA,AWP,WE,Towers with Radar,0,8,41,0,49,0,2,264,1,267,0,10,305,1,316,264,0,264,580
02/25/2017,CMA,CA,AWP,WE,Towers with Radar,0,7,42,0,49,0,1,283,1,285,0,8,325,1,334,285,0,285,619
02/26/2017,CMA,CA,AWP,WE,Towers with Radar,0,4,38,0,42,0,1,112,0,113,0,5,150,0,155,116,0,116,271
02/27/2017,CMA,CA,AWP,WE,Towers with Radar,0,8,33,1,42,0,1,82,1,84,0,9,115,2,126,198,0,198,324
02/28/2017,CMA,CA,AWP,WE,Towers with Radar,0,8,32,0,40,0,1,201,6,208,0,9,233,6,248,234,0,234,482
03/01/2017,CMA,CA,AWP,WE,Towers with Radar,0,7,35,0,42,0,2,153,3,158,0,9,188,3,200,196,0,196,396
03/02/2017,CMA,CA,AWP,WE,Towers with Radar,0,10,21,2,33,0,0,127,2,129,0,10,148,4,162,102,0,102,264
03/03/2017,CMA,CA,AWP,WE,Towers with Radar,0,8,33,0,41,0,2,232,0,234,0,10,265,0,275,244,0,244,519
03/04/2017,CMA,CA,AWP,WE,Towers with Radar,0,12,31,0,43,0,1,304,0,305,0,13,335,0,348,287,0,287,635
03/05/2017,CMA,CA,AWP,WE,Towers with Radar,0,10,35,0,45,0,0,42,2,44,0,10,77,2,89,10,0,10,99
03/06/2017,CMA,CA,AWP,WE,Towers with Radar,0,23,24,2,49,0,1,166,0,167,0,24,190,2,216,214,0,214,430
03/07/2017,CMA,CA,AWP,WE,Towers with Radar,0,5,22,0,27,0,4,190,2,196,0,9,212,2,223,206,0,206,429
03/08/2017,CMA,CA,AWP,WE,Towers with Radar,0,5,24,0,29,0,0,243,2,245,0,5,267,2,274,190,0,190,464
03/09/2017,CMA,CA,AWP,WE,Towers with Radar,0,12,43,2,57,0,0,196,0,196,0,12,239,2,253,145,0,145,398
03/10/2017,CMA,CA,AWP,WE,Towers with Radar,0,8,24,0,32,0,6,182,0,188,0,14,206,0,220,220,0,220,440
03/11/2017,CMA,CA,AWP,WE,Towers with Radar,0,3,22,0,25,0,2,287,0,289,0,5,309,0,314,258,0,258,572
03/12/2017,CMA,CA,AWP,WE,Towers with Radar,0,8,26,0,34,0,0,224,0,224,0,8,250,0,258,96,0,96,354
03/13/2017,CMA,CA,AWP,WE,Towers with Radar,0,3,23,1,27,0,1,144,0,145,0,4,167,1,172,272,0,272,444
03/14/2017,CMA,CA,AWP,WE,Towers with Radar,0,7,38,0,45,0,5,158,0,163,0,12,196,0,208,260,0,260,468
03/15/2017,CMA,CA,AWP,WE,Towers with Radar,0,5,39,0,44,0,0,172,2,174,0,5,211,2,218,186,0,186,404
03/16/2017,CMA,CA,AWP,WE,Towers with Radar,0,15,32,0,47,0,2,187,0,189,0,17,219,0,236,228,2,230,466
03/17/2017,CMA,CA,AWP,WE,Towers with Radar,0,9,67,0,76,0,1,205,0,206,0,10,272,0,282,251,0,251,533
03/18/2017,CMA,CA,AWP,WE,Towers with Radar,0,6,73,0,79,0,0,115,0,115,0,6,188,0,194,292,0,292,486
03/19/2017,CMA,CA,AWP,WE,Towers with Radar,0,11,65,1,77,0,3,146,0,149,0,14,211,1,226,93,12,105,331
03/20/2017,CMA,CA,AWP,WE,Towers with Radar,0,8,54,0,62,0,4,113,0,117,0,12,167,0,179,228,0,228,407
03/21/2017,CMA,CA,AWP,WE,Towers with Radar,0,10,56,0,66,0,0,24,0,24,0,10,80,0,90,148,0,148,238
03/22/2017,CMA,CA,AWP,WE,Towers with Radar,0,3,36,0,39,0,0,44,0,44,0,3,80,0,83,162,0,162,245
03/23/2017,CMA,CA,AWP,WE,Towers with Radar,0,16,30,0,46,0,0,180,4,184,0,16,210,4,230,212,0,212,442
03/24/2017,CMA,CA,AWP,WE,Towers with Radar,0,10,35,0,45,0,0,203,1,204,0,10,238,1,249,148,0,148,397
03/25/2017,CMA,CA,AWP,WE,Towers with Radar,0,6,71,0,77,0,0,123,2,125,0,6,194,2,202,324,0,324,526
03/26/2017,CMA,CA,AWP,WE,Towers with Radar,0,10,33,0,43,0,1,246,4,251,0,11,279,4,294,149,0,149,443
03/27/2017,CMA,CA,AWP,WE,Towers with Radar,0,6,30,0,36,0,0,126,0,126,0,6,156,0,162,248,0,248,410
03/28/2017,CMA,CA,AWP,WE,Towers with Radar,0,7,25,0,32,0,2,167,5,174,0,9,192,5,206,242,0,242,448
03/29/2017,CMA,CA,AWP,WE,Towers with Radar,0,12,36,0,48,0,0,209,0,209,0,12,245,0,257,242,0,242,499
03/30/2017,CMA,CA,AWP,WE,Towers with Radar,0,5,38,0,43,0,0,161,5,166,0,5,199,5,209,202,0,202,411
03/31/2017,CMA,CA,AWP,WE,Towers with Radar,0,9,27,0,36,0,0,181,0,181,0,9,208,0,217,238,0,238,455
04/01/2017,CMA,CA,AWP,WE,Towers with Radar,0,2,14,0,16,0,1,316,0,317,0,3,330,0,333,210,0,210,543
04/02/2017,CMA,CA,AWP,WE,Towers with Radar,0,15,34,0,49,0,0,245,2,247,0,15,279,2,296,104,0,104,400
04/03/2017,CMA,CA,AWP,WE,Towers with Radar,0,10,52,0,62,0,0,46,0,46,0,10,98,0,108,370,0,370,478
04/04/2017,CMA,CA,AWP,WE,Towers with Radar,0,10,28,0,38,0,7,145,4,156,0,17,173,4,194,378,8,386,580
04/05/2017,CMA,CA,AWP,WE,Towers with Radar,0,9,25,2,36,0,5,203,0,208,0,14,228,2,244,216,0,216,460
04/06/2017,CMA,CA,AWP,WE,Towers with Radar,0,13,48,0,61,0,2,155,3,160,0,15,203,3,221,288,6,294,515
04/07/2017,CMA,CA,AWP,WE,Towers with Radar,0,7,46,0,53,0,3,141,1,145,0,10,187,1,198,145,0,145,343
04/08/2017,CMA,CA,AWP,WE,Towers with Radar,0,9,26,0,35,0,0,128,0,128,0,9,154,0,163,164,0,164,327
04/09/2017,CMA,CA,AWP,WE,Towers with Radar,0,12,30,0,42,0,7,223,0,230,0,19,253,0,272,144,0,144,416
04/10/2017,CMA,CA,AWP,WE,Towers with Radar,0,9,25,2,36,0,0,178,0,178,0,9,203,2,214,222,0,222,436
04/11/2017,CMA,CA,AWP,WE,Towers with Radar,0,4,21,0,25,0,3,154,0,157,0,7,175,0,182,202,0,202,384
04/12/2017,CMA,CA,AWP,WE,Towers with Radar,0,12,37,1,50,0,1,132,0,133,0,13,169,1,183,182,0,182,365
04/13/2017,CMA,CA,AWP,WE,Towers with Radar,0,20,53,3,76,0,0,98,0,98,0,20,151,3,174,202,0,202,376
04/14/2017,CMA,CA,AWP,WE,Towers with Radar,0,14,33,0,47,0,0,239,0,239,0,14,272,0,286,158,0,158,444
04/15/2017,CMA,CA,AWP,WE,Towers with Radar,0,5,43,0,48,0,1,270,0,271,0,6,313,0,319,300,0,300,619
04/16/2017,CMA,CA,AWP,WE,Towers with Radar,0,8,17,0,25,0,0,188,0,188,0,8,205,0,213,126,0,126,339
04/17/2017,CMA,CA,AWP,WE,Towers with Radar,0,20,56,0,76,0,0,64,0,64,0,20,120,0,140,264,26,290,430
04/18/2017,CMA,CA,AWP,WE,Towers with Radar,0,9,45,1,55,0,0,48,4,52,0,9,93,5,107,134,0,134,241
04/19/2017,CMA,CA,AWP,WE,Towers with Radar,0,4,34,5,43,0,5,160,1,166,0,9,194,6,209,208,0,208,417
04/20/2017,CMA,CA,AWP,WE,Towers with Radar,0,10,37,2,49,0,1,172,0,173,0,11,209,2,222,176,0,176,398
04/21/2017,CMA,CA,AWP,WE,Towers with Radar,0,10,26,1,37,0,3,165,0,168,0,13,191,1,205,90,0,90,295
04/22/2017,CMA,CA,AWP,WE,Towers with Radar,0,5,33,4,42,0,0,324,1,325,0,5,357,5,367,192,0,192,559
04/23/2017,CMA,CA,AWP,WE,Towers with Radar,0,11,30,0,41,0,2,283,0,285,0,13,313,0,326,90,0,90,416
04/24/2017,CMA,CA,AWP,WE,Towers with Radar,0,7,32,1,40,0,0,156,2,158,0,7,188,3,198,193,16,209,407
04/25/2017,CMA,CA,AWP,WE,Towers with Radar,0,3,30,1,34,0,3,124,0,127,0,6,154,1,161,222,0,222,383
04/26/2017,CMA,CA,AWP,WE,Towers with Radar,0,6,33,0,39,0,0,164,0,164,0,6,197,0,203,184,0,184,387
04/27/2017,CMA,CA,AWP,WE,Towers with Radar,0,15,49,0,64,0,2,255,0,257,0,17,304,0,321,100,0,100,421
04/28/2017,CMA,CA,AWP,WE,Towers with Radar,0,4,32,0,36,0,0,242,0,242,0,4,274,0,278,58,0,58,336
04/29/2017,CMA,CA,AWP,WE,Towers with Radar,0,4,26,0,30,0,0,451,0,451,0,4,477,0,481,18,0,18,499
04/30/2017,CMA,CA,AWP,WE,Towers with Radar,0,10,42,2,54,0,1,292,0,293,0,11,334,2,347,114,0,114,461
05/01/2017,CMA,CA,AWP,WE,Towers with Radar,0,15,24,0,39,0,2,192,1,195,0,17,216,1,234,148,0,148,382
05/02/2017,CMA,CA,AWP,WE,Towers with Radar,0,7,28,0,35,0,3,226,3,232,0,10,254,3,267,200,0,200,467
05/03/2017,CMA,CA,AWP,WE,Towers with Radar,0,14,40,0,54,0,5,152,0,157,0,19,192,0,211,135,0,135,346
05/04/2017,CMA,CA,AWP,WE,Towers with Radar,0,11,58,1,70,0,3,131,1,135,0,14,189,2,205,204,0,204,409
05/05/2017,CMA,CA,AWP,WE,Towers with Radar,0,10,74,2,86,0,0,54,0,54,0,10,128,2,140,208,0,208,348
05/06/2017,CMA,CA,AWP,WE,Towers with Radar,0,10,43,1,54,0,0,32,0,32,0,10,75,1,86,140,0,140,226
05/07/2017,CMA,CA,AWP,WE,Towers with Radar,0,2,23,0,25,0,0,65,2,67,0,2,88,2,92,147,0,147,239
05/08/2017,CMA,CA,AWP,WE,Towers with Radar,0,8,36,2,46,0,3,155,2,160,0,11,191,4,206,226,0,226,432
05/09/2017,CMA,CA,AWP,WE,Towers with Radar,0,5,36,0,41,0,3,76,0,79,0,8,112,0,120,186,0,186,306
05/10/2017,CMA,CA,AWP,WE,Towers with Radar,0,7,53,0,60,0,0,60,0,60,0,7,113,0,120,106,0,106,226
05/11/2017,CMA,CA,AWP,WE,Towers with Radar,0,11,46,1,58,0,1,203,1,205,0,12,249,2,263,286,0,286,549
05/12/2017,CMA,CA,AWP,WE,Towers with Radar,0,11,64,1,76,0,0,187,3,190,0,11,251,4,266,124,0,124,390
05/13/2017,CMA,CA,AWP,WE,Towers with Radar,0,7,29,0,36,0,0,285,0,285,0,7,314,0,321,202,0,202,523
05/14/2017,CMA,CA,AWP,WE,Towers with Radar,0,7,24,0,31,0,1,175,0,176,0,8,199,0,207,154,0,154,361
05/15/2017,CMA,CA,AWP,WE,Towers with Radar,0,3,33,0,36,0,4,97,0,101,0,7,130,0,137,109,0,109,246
05/16/2017,CMA,CA,AWP,WE,Towers with Radar,0,6,38,0,44,0,2,148,0,150,0,8,186,0,194,184,0,184,378
05/17/2017,CMA,CA,AWP,WE,Towers with Radar,0,5,49,1,55,0,0,150,2,152,0,5,199,3,207,185,8,193,400
05/18/2017,CMA,CA,AWP,WE,Towers with Radar,0,14,26,2,42,0,0,225,0,225,0,14,251,2,267,162,0,162,429
05/19/2017,CMA,CA,AWP,WE,Towers with Radar,0,15,26,2,43,0,2,232,2,236,0,17,258,4,279,216,0,216,495
05/20/2017,CMA,CA,AWP,WE,Towers with Radar,0,5,14,1,20,0,2,316,0,318,0,7,330,1,338,199,0,199,537
05/21/2017,CMA,CA,AWP,WE,Towers with Radar,0,12,27,0,39,0,0,253,0,253,0,12,280,0,292,180,0,180,472
05/22/2017,CMA,CA,AWP,WE,Towers with Radar,0,7,27,0,34,0,0,154,0,154,0,7,181,0,188,340,0,340,528
05/23/2017,CMA,CA,AWP,WE,Towers with Radar,0,2,48,0,50,0,2,112,0,114,0,4,160,0,164,206,0,206,370
05/24/2017,CMA,CA,AWP,WE,Towers with Radar,0,10,74,0,84,0,0,103,0,103,0,10,177,0,187,362,0,362,549
05/25/2017,CMA,CA,AWP,WE,Towers with Radar,0,20,85,0,105,0,0,97,0,97,0,20,182,0,202,250,0,250,452
05/26/2017,CMA,CA,AWP,WE,Towers with Radar,0,8,77,0,85,0,4,122,0,126,0,12,199,0,211,325,0,325,536
05/27/2017,CMA,CA,AWP,WE,Towers with Radar,0,4,41,0,45,0,10,307,0,317,0,14,348,0,362,218,0,218,580
05/28/2017,CMA,CA,AWP,WE,Towers with Radar,0,5,26,2,33,0,0,246,0,246,0,5,272,2,279,122,0,122,401
05/29/2017,CMA,CA,AWP,WE,Towers with Radar,0,8,72,2,82,0,0,149,0,149,0,8,221,2,231,302,0,302,533
05/30/2017,CMA,CA,AWP,WE,Towers with Radar,0,5,80,4,89,0,0,44,0,44,0,5,124,4,133,128,0,128,261
05/31/2017,CMA,CA,AWP,WE,Towers with Radar,0,7,64,1,72,0,0,36,0,36,0,7,100,1,108,214,0,214,322
06/01/2017,CMA,CA,AWP,WE,Towers with Radar,0,10,66,3,79,0,0,118,5,123,0,10,184,8,202,256,0,256,458
06/02/2017,CMA,CA,AWP,WE,Towers with Radar,0,18,30,0,48,0,6,205,0,211,0,24,235,0,259,262,0,262,521
06/03/2017,CMA,CA,AWP,WE,Towers with Radar,0,8,46,0,54,0,1,168,0,169,0,9,214,0,223,209,0,209,432
06/04/2017,CMA,CA,AWP,WE,Towers with Radar,0,14,54,0,68,0,0,149,0,149,0,14,203,0,217,142,0,142,359
06/05/2017,CMA,CA,AWP,WE,Towers with Radar,0,9,66,0,75,0,0,27,0,27,0,9,93,0,102,82,0,82,184
06/06/2017,CMA,CA,AWP,WE,Towers with Radar,0,12,89,0,101,0,1,26,0,27,0,13,115,0,128,160,0,160,288
06/07/2017,CMA,CA,AWP,WE,Towers with Radar,0,13,66,0,79,0,0,29,0,29,0,13,95,0,108,190,0,190,298
06/08/2017,CMA,CA,AWP,WE,Towers with Radar,0,16,55,0,71,0,2,47,4,53,0,18,102,4,124,142,0,142,266
06/09/2017,CMA,CA,AWP,WE,Towers with Radar,0,14,77,1,92,0,1,160,3,164,0,15,237,4,256,104,0,104,360
06/10/2017,CMA,CA,AWP,WE,Towers with Radar,0,7,70,0,77,0,2,84,0,86,0,9,154,0,163,246,0,246,409
06/11/2017,CMA,CA,AWP,WE,Towers with Radar,0,7,49,0,56,0,0,83,0,83,0,7,132,0,139,215,0,215,354
06/12/2017,CMA,CA,AWP,WE,Towers with Radar,0,4,17,3,24,0,1,204,0,205,0,5,221,3,229,216,0,216,445
06/13/2017,CMA,CA,AWP,WE,Towers with Radar,0,4,39,2,45,0,0,206,0,206,0,4,245,2,251,248,0,248,499
06/14/2017,CMA,CA,AWP,WE,Towers with Radar,0,5,31,1,37,0,7,198,0,205,0,12,229,1,242,208,9,217,459
06/15/2017,CMA,CA,AWP,WE,Towers with Radar,0,11,41,0,52,0,3,254,2,259,0,14,295,2,311,200,0,200,511
06/16/2017,CMA,CA,AWP,WE,Towers with Radar,0,6,40,0,46,0,15,262,1,278,0,21,302,1,324,268,3,271,595
06/17/2017,CMA,CA,AWP,WE,Towers with Radar,0,5,27,0,32,0,0,288,2,290,0,5,315,2,322,296,0,296,618
06/18/2017,CMA,CA,AWP,WE,Towers with Radar,0,5,37,1,43,0,1,236,1,238,0,6,273,2,281,218,0,218,499
06/19/2017,CMA,CA,AWP,WE,Towers with Radar,0,6,35,4,45,0,2,108,2,112,0,8,143,6,157,388,0,388,545
06/20/2017,CMA,CA,AWP,WE,Towers with Radar,0,8,41,0,49,0,3,124,0,127,0,11,165,0,176,240,0,240,416
06/21/2017,CMA,CA,AWP,WE,Towers with Radar,0,4,28,0,32,0,1,160,0,161,0,5,188,0,193,224,0,224,417
06/22/2017,CMA,CA,AWP,WE,Towers with Radar,0,14,89,2,105,0,2,86,0,88,0,16,175,2,193,132,0,132,325
06/23/2017,CMA,CA,AWP,WE,Towers with Radar,0,13,88,0,101,0,1,51,3,55,0,14,139,3,156,96,0,96,252
06/24/2017,CMA,CA,AWP,WE,Towers with Radar,0,7,38,0,45,0,0,202,0,202,0,7,240,0,247,164,0,164,411
06/25/2017,CMA,CA,AWP,WE,Towers with Radar,0,16,28,0,44,0,1,259,2,262,0,17,287,2,306,140,0,140,446
06/26/2017,CMA,CA,AWP,WE,Towers with Radar,0,6,23,0,29,0,2,179,0,181,0,8,202,0,210,124,0,124,334
06/27/2017,CMA,CA,AWP,WE,Towers with Radar,0,5,44,0,49,0,2,168,3,173,0,7,212,3,222,152,0,152,374
06/28/2017,CMA,CA,AWP,WE,Towers with Radar,0,12,44,1,57,0,3,170,6,179,0,15,214,7,236,154,3,157,393
06/29/2017,CMA,CA,AWP,WE,Towers with Radar,0,8,68,3,79,0,0,133,3,136,0,8,201,6,215,193,4,197,412
06/30/2017,CMA,CA,AWP,WE,Towers with Radar,0,9,53,4,66,0,0,127,2,129,0,9,180,6,195,176,0,176,371
07/01/2017,CMA,CA,AWP,WE,Towers with Radar,0,8,63,0,71,0,0,137,0,137,0,8,200,0,208,208,0,208,416
07/02/2017,CMA,CA,AWP,WE,Towers with Radar,0,13,36,6,55,0,0,132,0,132,0,13,168,6,187,172,0,172,359
07/03/2017,CMA,CA,AWP,WE,Towers with Radar,0,4,42,4,50,0,0,182,3,185,0,4,224,7,235,164,0,164,399
07/04/2017,CMA,CA,AWP,WE,Towers with Radar,0,5,23,0,28,0,0,109,0,109,0,5,132,0,137,100,0,100,237
07/05/2017,CMA,CA,AWP,WE,Towers with Radar,0,7,43,0,50,0,0,148,0,148,0,7,191,0,198,206,0,206,404
07/06/2017,CMA,CA,AWP,WE,Towers with Radar,0,10,47,0,57,0,3,181,0,184,0,13,228,0,241,282,0,282,523
07/07/2017,CMA,CA,AWP,WE,Towers with Radar,0,6,46,0,52,0,0,192,1,193,0,6,238,1,245,269,14,283,528
07/08/2017,CMA,CA,AWP,WE,Towers with Radar,0,2,30,0,32,0,1,299,0,300,0,3,329,0,332,168,0,168,500
07/09/2017,CMA,CA,AWP,WE,Towers with Radar,0,10,39,0,49,0,3,208,0,211,0,13,247,0,260,174,0,174,434
07/10/2017,CMA,CA,AWP,WE,Towers with Radar,0,10,38,1,49,0,0,159,0,159,0,10,197,1,208,154,0,154,362
07/11/2017,CMA,CA,AWP,WE,Towers with Radar,0,10,51,3,64,0,2,147,0,149,0,12,198,3,213,312,0,312,525
07/12/2017,CMA,CA,AWP,WE,Towers with Radar,0,4,45,0,49,0,1,155,0,156,0,5,200,0,205,224,2,226,431
07/13/2017,CMA,CA,AWP,WE,Towers with Radar,0,8,66,1,75,0,2,184,3,189,0,10,250,4,264,228,0,228,492
07/14/2017,CMA,CA,AWP,WE,Towers with Radar,0,8,60,2,70,0,5,175,3,183,0,13,235,5,253,296,0,296,549
07/15/2017,CMA,CA,AWP,WE,Towers with Radar,0,5,34,0,39,0,4,325,1,330,0,9,359,1,369,208,0,208,577
07/16/2017,CMA,CA,AWP,WE,Towers with Radar,0,5,36,1,42,0,0,258,1,259,0,5,294,2,301,186,2,188,489
07/17/2017,CMA,CA,AWP,WE,Towers with Radar,0,8,41,3,52,0,0,215,2,217,0,8,256,5,269,266,0,266,535
07/18/2017,CMA,CA,AWP,WE,Towers with Radar,0,5,34,0,39,0,4,325,1,330,0,9,359,1,369,208,0,208,577
07/19/2017,CMA,CA,AWP,WE,Towers with Radar,0,10,53,0,63,0,0,175,3,178,0,10,228,3,241,246,0,246,487
07/20/2017,CMA,CA,AWP,WE,Towers with Radar,0,11,41,0,52,0,2,214,1,217,0,13,255,1,269,269,0,269,538
07/21/2017,CMA,CA,AWP,WE,Towers with Radar,0,15,40,1,56,0,0,243,2,245,0,15,283,3,301,210,0,210,511
07/22/2017,CMA,CA,AWP,WE,Towers with Radar,0,5,38,0,43,0,1,321,0,322,0,6,359,0,365,322,0,322,687
07/23/2017,CMA,CA,AWP,WE,Towers with Radar,0,11,43,1,55,0,1,187,2,190,0,12,230,3,245,224,0,224,469
07/24/2017,CMA,CA,AWP,WE,Towers with Radar,0,8,29,0,37,0,2,142,0,144,0,10,171,0,181,226,0,226,407
07/25/2017,CMA,CA,AWP,WE,Towers with Radar,0,7,38,0,45,0,2,144,0,146,0,9,182,0,191,352,0,352,543
07/26/2017,CMA,CA,AWP,WE,Towers with Radar,0,6,53,3,62,0,1,153,0,154,0,7,206,3,216,228,0,228,444
07/27/2017,CMA,CA,AWP,WE,Towers with Radar,0,9,40,0,49,0,0,198,0,198,0,9,238,0,247,249,0,249,496
07/28/2017,CMA,CA,AWP,WE,Towers with Radar,0,15,45,0,60,0,1,192,0,193,0,16,237,0,253,236,0,236,489
07/29/2017,CMA,CA,AWP,WE,Towers with Radar,0,9,47,0,56,0,3,209,2,214,0,12,256,2,270,174,0,174,444
07/30/2017,CMA,CA,AWP,WE,Towers with Radar,0,15,61,1,77,0,0,161,1,162,0,15,222,2,239,148,0,148,387
07/31/2017,CMA,CA,AWP,WE,Towers with Radar,0,5,46,0,51,0,4,128,0,132,0,9,174,0,183,236,0,236,419
08/01/2017,CMA,CA,AWP,WE,Towers with Radar,0,10,27,1,38,0,2,151,2,155,0,12,178,3,193,254,0,254,447
08/02/2017,CMA,CA,AWP,WE,Towers with Radar,0,12,41,2,55,0,0,129,0,129,0,12,170,2,184,296,0,296,480
08/03/2017,CMA,CA,AWP,WE,Towers with Radar,0,5,32,2,39,0,6,190,4,200,0,11,222,6,239,225,2,227,466
08/04/2017,CMA,CA,AWP,WE,Towers with Radar,0,7,57,0,64,0,2,198,2,202,0,9,255,2,266,328,0,328,594
08/05/2017,CMA,CA,AWP,WE,Towers with Radar,0,3,32,0,35,0,1,269,3,273,0,4,301,3,308,260,0,260,568
08/06/2017,CMA,CA,AWP,WE,Towers with Radar,0,8,54,0,62,0,3,184,1,188,0,11,238,1,250,280,0,280,530
08/07/2017,CMA,CA,AWP,WE,Towers with Radar,0,14,28,1,43,0,1,187,0,188,0,15,215,1,231,276,0,276,507
08/08/2017,CMA,CA,AWP,WE,Towers with Radar,0,3,44,2,49,0,0,180,0,180,0,3,224,2,229,306,0,306,535
08/09/2017,CMA,CA,AWP,WE,Towers with Radar,0,4,33,1,38,0,0,179,0,179,0,4,212,1,217,240,0,240,457
08/10/2017,CMA,CA,AWP,WE,Towers with Radar,0,11,54,2,67,0,0,227,1,228,0,11,281,3,295,296,0,296,591
08/11/2017,CMA,CA,AWP,WE,Towers with Radar,0,6,56,0,62,0,2,198,1,201,0,8,254,1,263,250,0,250,513
08/12/2017,CMA,CA,AWP,WE,Towers with Radar,0,12,52,0,64,0,1,170,0,171,0,13,222,0,235,216,0,216,451
08/13/2017,CMA,CA,AWP,WE,Towers with Radar,0,10,67,0,77,0,0,137,0,137,0,10,204,0,214,172,0,172,386
08/14/2017,CMA,CA,AWP,WE,Towers with Radar,0,7,60,1,68,0,0,121,0,121,0,7,181,1,189,310,0,310,499
08/15/2017,CMA,CA,AWP,WE,Towers with Radar,0,11,52,3,66,0,2,92,0,94,0,13,144,3,160,226,0,226,386
08/16/2017,CMA,CA,AWP,WE,Towers with Radar,0,7,70,0,77,0,0,183,0,183,0,7,253,0,260,390,0,390,650
08/17/2017,CMA,CA,AWP,WE,Towers with Radar,0,12,32,0,44,0,2,218,1,221,0,14,250,1,265,300,0,300,565
08/18/2017,CMA,CA,AWP,WE,Towers with Radar,0,19,39,2,60,0,3,235,6,244,0,22,274,8,304,184,8,192,496
08/19/2017,CMA,CA,AWP,WE,Towers with Radar,0,8,24,0,32,0,0,79,0,79,0,8,103,0,111,84,0,84,195
08/20/2017,CMA,CA,AWP,WE,Towers with Radar,0,5,35,0,40,0,0,79,2,81,0,5,114,2,121,110,0,110,231
08/21/2017,CMA,CA,AWP,WE,Towers with Radar,0,16,26,1,43,0,0,176,0,176,0,16,202,1,219,184,0,184,403
08/22/2017,CMA,CA,AWP,WE,Towers with Radar,0,8,46,0,54,0,4,191,0,195,0,12,237,0,249,270,0,270,519
08/23/2017,CMA,CA,AWP,WE,Towers with Radar,0,11,86,0,97,0,1,66,2,69,0,12,152,2,166,164,0,164,330
08/24/2017,CMA,CA,AWP,WE,Towers with Radar,0,17,64,1,82,0,0,92,0,92,0,17,156,1,174,274,0,274,448
08/25/2017,CMA,CA,AWP,WE,Towers with Radar,0,14,75,2,91,0,0,134,2,136,0,14,209,4,227,296,0,296,523
08/26/2017,CMA,CA,AWP,WE,Towers with Radar,0,4,68,0,72,0,1,199,4,204,0,5,267,4,276,164,0,164,440
08/27/2017,CMA,CA,AWP,WE,Towers with Radar,0,8,47,1,56,0,0,187,2,189,0,8,234,3,245,164,0,164,409
08/28/2017,CMA,CA,AWP,WE,Towers with Radar,0,7,39,0,46,0,0,117,0,117,0,7,156,0,163,176,0,176,339
08/29/2017,CMA,CA,AWP,WE,Towers with Radar,0,5,53,0,58,0,4,174,3,181,0,9,227,3,239,276,0,276,515
08/30/2017,CMA,CA,AWP,WE,Towers with Radar,0,3,37,3,43,0,0,125,5,130,0,3,162,8,173,162,8,170,343
08/31/2017,CMA,CA,AWP,WE,Towers with Radar,0,9,38,0,47,0,3,156,0,159,0,12,194,0,206,204,0,204,410
09/01/2017,CMA,CA,AWP,WE,Towers with Radar,0,13,29,0,42,0,0,196,0,196,0,13,225,0,238,332,4,336,574
09/02/2017,CMA,CA,AWP,WE,Towers with Radar,0,2,34,0,36,0,0,292,0,292,0,2,326,0,328,268,0,268,596
09/03/2017,CMA,CA,AWP,WE,Towers with Radar,0,9,31,0,40,0,0,105,0,105,0,9,136,0,145,164,0,164,309
09/04/2017,CMA,CA,AWP,WE,Towers with Radar,0,14,74,0,88,0,0,79,0,79,0,14,153,0,167,156,0,156,323
09/05/2017,CMA,CA,AWP,WE,Towers with Radar,0,7,61,1,69,0,5,133,0,138,0,12,194,1,207,294,0,294,501
09/06/2017,CMA,CA,AWP,WE,Towers with Radar,0,6,57,0,63,0,1,166,2,169,0,7,223,2,232,288,0,288,520
09/07/2017,CMA,CA,AWP,WE,Towers with Radar,0,10,80,0,90,0,0,183,0,183,0,10,263,0,273,244,0,244,517
09/08/2017,CMA,CA,AWP,WE,Towers with Radar,0,16,60,0,76,0,0,178,0,178,0,16,238,0,254,168,0,168,422
09/09/2017,CMA,CA,AWP,WE,Towers with Radar,0,6,69,0,75,0,0,276,1,277,0,6,345,1,352,242,1,243,595
09/10/2017,CMA,CA,AWP,WE,Towers with Radar,0,13,48,0,61,0,0,198,0,198,0,13,246,0,259,216,0,216,475
09/11/2017,CMA,CA,AWP,WE,Towers with Radar,0,13,39,0,52,0,1,135,2,138,0,14,174,2,190,200,0,200,390
09/12/2017,CMA,CA,AWP,WE,Towers with Radar,0,3,54,0,57,0,0,107,2,109,0,3,161,2,166,197,0,197,363
09/13/2017,CMA,CA,AWP,WE,Towers with Radar,0,5,68,0,73,0,1,162,2,165,0,6,230,2,238,130,0,130,368
09/14/2017,CMA,CA,AWP,WE,Towers with Radar,0,10,63,0,73,0,1,75,2,78,0,11,138,2,151,288,0,288,439
09/15/2017,CMA,CA,AWP,WE,Towers with Radar,0,6,53,0,59,0,2,140,3,145,0,8,193,3,204,242,0,242,446
09/16/2017,CMA,CA,AWP,WE,Towers with Radar,0,3,40,1,44,0,0,282,2,284,0,3,322,3,328,162,14,176,504
09/17/2017,CMA,CA,AWP,WE,Towers with Radar,0,9,65,0,74,0,1,98,0,99,0,10,163,0,173,182,0,182,355
09/18/2017,CMA,CA,AWP,WE,Towers with Radar,0,12,28,1,41,0,1,114,2,117,0,13,142,3,158,340,0,340,498
09/19/2017,CMA,CA,AWP,WE,Towers with Radar,0,6,67,6,79,0,2,70,4,76,0,8,137,10,155,342,0,342,497
09/20/2017,CMA,CA,AWP,WE,Towers with Radar,0,9,46,2,57,0,0,129,3,132,0,9,175,5,189,229,16,245,434
09/21/2017,CMA,CA,AWP,WE,Towers with Radar,0,15,68,0,83,0,4,99,3,106,0,19,167,3,189,168,10,178,367
09/22/2017,CMA,CA,AWP,WE,Towers with Radar,0,21,44,0,65,0,0,238,1,239,0,21,282,1,304,280,0,280,584
09/23/2017,CMA,CA,AWP,WE,Towers with Radar,0,14,32,0,46,0,7,276,0,283,0,21,308,0,329,166,0,166,495
09/24/2017,CMA,CA,AWP,WE,Towers with Radar,0,10,35,0,45,0,5,264,0,269,0,15,299,0,314,200,0,200,514
09/25/2017,CMA,CA,AWP,WE,Towers with Radar,0,7,42,0,49,0,2,130,0,132,0,9,172,0,181,252,0,252,433
09/26/2017,CMA,CA,AWP,WE,Towers with Radar,0,6,33,2,41,0,5,195,2,202,0,11,228,4,243,282,0,282,525
09/27/2017,CMA,CA,AWP,WE,Towers with Radar,0,5,50,4,59,0,0,177,4,181,0,5,227,8,240,208,20,228,468
09/28/2017,CMA,CA,AWP,WE,Towers with Radar,0,8,63,0,71,0,0,200,0,200,0,8,263,0,271,175,0,175,446
09/29/2017,CMA,CA,AWP,WE,Towers with Radar,0,11,49,0,60,0,2,271,0,273,0,13,320,0,333,256,0,256,589
09/30/2017,CMA,CA,AWP,WE,Towers with Radar,0,8,27,2,37,0,2,280,1,283,0,10,307,3,320,198,0,198,518
10/01/2017,CMA,CA,AWP,WE,Towers with Radar,0,18,44,2,64,0,1,160,0,161,0,19,204,2,225,146,18,164,389
10/02/2017,CMA,CA,AWP,WE,Towers with Radar,0,12,34,0,46,0,2,156,0,158,0,14,190,0,204,225,0,225,429
10/03/2017,CMA,CA,AWP,WE,Towers with Radar,0,7,35,6,48,0,0,109,3,112,0,7,144,9,160,172,0,172,332
10/04/2017,CMA,CA,AWP,WE,Towers with Radar,0,10,39,0,49,0,1,148,3,152,0,11,187,3,201,285,0,285,486
10/05/2017,CMA,CA,AWP,WE,Towers with Radar,0,16,49,1,66,0,3,217,2,222,0,19,266,3,288,172,8,180,468
10/06/2017,CMA,CA,AWP,WE,Towers with Radar,0,13,48,0,61,0,1,176,2,179,0,14,224,2,240,302,0,302,542
10/07/2017,CMA,CA,AWP,WE,Towers with Radar,0,5,27,0,32,0,2,323,0,325,0,7,350,0,357,260,0,260,617
10/08/2017,CMA,CA,AWP,WE,Towers with Radar,0,13,40,0,53,0,1,208,1,210,0,14,248,1,263,246,0,246,509
10/09/2017,CMA,CA,AWP,WE,Towers with Radar,0,12,19,0,31,0,0,23,0,23,0,12,42,0,54,8,0,8,62
10/10/2017,CMA,CA,AWP,WE,Towers with Radar,0,7,37,1,45,0,3,155,4,162,0,10,192,5,207,350,0,350,557
10/11/2017,CMA,CA,AWP,WE,Towers with Radar,0,11,53,1,65,0,1,193,3,197,0,12,246,4,262,216,0,216,478
10/12/2017,CMA,CA,AWP,WE,Towers with Radar,0,7,54,8,69,0,2,173,1,176,0,9,227,9,245,300,0,300,545
10/13/2017,CMA,CA,AWP,WE,Towers with Radar,0,9,35,0,44,0,0,238,2,240,0,9,273,2,284,336,6,342,626
10/14/2017,CMA,CA,AWP,WE,Towers with Radar,0,9,23,0,32,0,1,106,3,110,0,10,129,3,142,206,0,206,348
10/15/2017,CMA,CA,AWP,WE,Towers with Radar,0,8,33,0,41,0,2,100,0,102,0,10,133,0,143,107,0,107,250
10/16/2017,CMA,CA,AWP,WE,Towers with Radar,0,14,29,3,46,0,2,149,0,151,0,16,178,3,197,392,1,393,590
10/17/2017,CMA,CA,AWP,WE,Towers with Radar,0,10,42,8,60,0,4,140,2,146,0,14,182,10,206,484,0,484,690
10/18/2017,CMA,CA,AWP,WE,Towers with Radar,0,11,49,2,62,0,0,175,0,175,0,11,224,2,237,290,0,290,527
10/19/2017,CMA,CA,AWP,WE,Towers with Radar,0,10,58,0,68,0,1,242,5,248,0,11,300,5,316,270,4,274,590
10/20/2017,CMA,CA,AWP,WE,Towers with Radar,0,10,31,3,44,0,0,149,0,149,0,10,180,3,193,298,2,300,493
10/21/2017,CMA,CA,AWP,WE,Towers with Radar,0,7,30,0,37,0,2,239,0,241,0,9,269,0,278,182,0,182,460
10/22/2017,CMA,CA,AWP,WE,Towers with Radar,0,13,46,0,59,0,0,185,0,185,0,13,231,0,244,98,0,98,342
10/23/2017,CMA,CA,AWP,WE,Towers with Radar,0,21,23,0,44,0,2,57,1,60,0,23,80,1,104,96,10,106,210
10/24/2017,CMA,CA,AWP,WE,Towers with Radar,0,15,26,3,44,0,2,36,3,41,0,17,62,6,85,62,6,68,153
10/25/2017,CMA,CA,AWP,WE,Towers with Radar,0,6,27,0,33,0,1,160,4,165,0,7,187,4,198,120,2,122,320
10/26/2017,CMA,CA,AWP,WE,Towers with Radar,0,11,31,2,44,0,0,223,1,224,0,11,254,3,268,322,0,322,590
10/27/2017,CMA,CA,AWP,WE,Towers with Radar,0,6,42,1,49,0,1,266,0,267,0,7,308,1,316,338,0,338,654
10/28/2017,CMA,CA,AWP,WE,Towers with Radar,0,6,65,1,72,0,2,168,1,171,0,8,233,2,243,176,0,176,419
10/29/2017,CMA,CA,AWP,WE,Towers with Radar,0,6,91,2,99,0,2,31,1,34,0,8,122,3,133,134,0,134,267
10/30/2017,CMA,CA,AWP,WE,Towers with Radar,0,4,92,0,96,0,0,76,0,76,0,4,168,0,172,290,0,290,462
10/31/2017,CMA,CA,AWP,WE,Towers with Radar,0,1,63,0,64,0,2,59,0,61,0,3,122,0,125,202,0,202,327
11/01/2017,CMA,CA,AWP,WE,Towers with Radar,0,8,57,0,65,0,0,104,0,104,0,8,161,0,169,206,0,206,375
11/02/2017,CMA,CA,AWP,WE,Towers with Radar,0,10,76,0,86,0,0,104,0,104,0,10,180,0,190,234,0,234,424
11/03/2017,CMA,CA,AWP,WE,Towers with Radar,0,11,47,0,58,0,0,199,0,199,0,11,246,0,257,260,0,260,517
11/04/2017,CMA,CA,AWP,WE,Towers with Radar,0,10,42,0,52,0,0,213,1,214,0,10,255,1,266,234,0,234,500
11/05/2017,CMA,CA,AWP,WE,Towers with Radar,0,12,39,0,51,0,1,149,2,152,0,13,188,2,203,176,0,176,379
11/06/2017,CMA,CA,AWP,WE,Towers with Radar,0,5,37,0,42,0,0,149,0,149,0,5,186,0,191,233,0,233,424
11/07/2017,CMA,CA,AWP,WE,Towers with Radar,0,3,45,0,48,0,3,166,0,169,0,6,211,0,217,160,0,160,377
11/08/2017,CMA,CA,AWP,WE,Towers with Radar,0,4,55,0,59,0,0,166,1,167,0,4,221,1,226,286,0,286,512
11/09/2017,CMA,CA,AWP,WE,Towers with Radar,0,15,65,0,80,0,0,158,1,159,0,15,223,1,239,264,0,264,503
11/10/2017,CMA,CA,AWP,WE,Towers with Radar,0,7,61,0,68,0,1,208,0,209,0,8,269,0,277,262,0,262,539
11/11/2017,CMA,CA,AWP,WE,Towers with Radar,0,10,48,0,58,0,1,318,1,320,0,11,366,1,378,180,0,180,558
11/12/2017,CMA,CA,AWP,WE,Towers with Radar,0,10,47,0,57,0,0,324,1,325,0,10,371,1,382,153,0,153,535
11/13/2017,CMA,CA,AWP,WE,Towers with Radar,0,5,40,0,45,0,0,138,5,143,0,5,178,5,188,168,0,168,356
11/14/2017,CMA,CA,AWP,WE,Towers with Radar,0,5,35,2,42,0,2,182,4,188,0,7,217,6,230,322,0,322,552
11/15/2017,CMA,CA,AWP,WE,Towers with Radar,0,4,47,0,51,0,2,189,1,192,0,6,236,1,243,172,0,172,415
11/16/2017,CMA,CA,AWP,WE,Towers with Radar,0,16,63,0,79,0,2,194,0,196,0,18,257,0,275,352,0,352,627
11/17/2017,CMA,CA,AWP,WE,Towers with Radar,0,10,68,0,78,0,0,147,0,147,0,10,215,0,225,289,0,289,514
11/18/2017,CMA,CA,AWP,WE,Towers with Radar,0,2,38,0,40,0,0,240,0,240,0,2,278,0,280,340,0,340,620
11/19/2017,CMA,CA,AWP,WE,Towers with Radar,0,11,47,0,58,0,1,246,0,247,0,12,293,0,305,146,0,146,451
11/20/2017,CMA,CA,AWP,WE,Towers with Radar,0,12,47,0,59,0,1,198,4,203,0,13,245,4,262,298,6,304,566
11/21/2017,CMA,CA,AWP,WE,Towers with Radar,0,7,45,0,52,0,1,196,1,198,0,8,241,1,250,304,0,304,554
11/22/2017,CMA,CA,AWP,WE,Towers with Radar,0,13,45,2,60,0,2,181,1,184,0,15,226,3,244,145,0,145,389
11/23/2017,CMA,CA,AWP,WE,Towers with Radar,0,2,15,0,17,0,0,69,0,69,0,2,84,0,86,106,0,106,192
11/24/2017,CMA,CA,AWP,WE,Towers with Radar,0,7,28,0,35,0,0,218,0,218,0,7,246,0,253,165,0,165,418
11/25/2017,CMA,CA,AWP,WE,Towers with Radar,0,10,34,0,44,0,0,213,3,216,0,10,247,3,260,102,0,102,362
11/26/2017,CMA,CA,AWP,WE,Towers with Radar,0,16,95,0,111,0,1,84,5,90,0,17,179,5,201,112,14,126,327
11/27/2017,CMA,CA,AWP,WE,Towers with Radar,0,11,47,0,58,0,2,101,1,104,0,13,148,1,162,176,0,176,338
11/28/2017,CMA,CA,AWP,WE,Towers with Radar,0,2,40,0,42,0,4,127,0,131,0,6,167,0,173,183,12,195,368
11/29/2017,CMA,CA,AWP,WE,Towers with Radar,0,8,30,0,38,0,0,165,0,165,0,8,195,0,203,159,0,159,362
11/30/2017,CMA,CA,AWP,WE,Towers with Radar,0,5,32,0,37,0,1,216,3,220,0,6,248,3,257,356,0,356,613
12/01/2017,CMA,CA,AWP,WE,Towers with Radar,0,11,63,2,76,0,0,209,0,209,0,11,272,2,285,332,0,332,617
12/02/2017,CMA,CA,AWP,WE,Towers with Radar,0,8,45,0,53,0,0,290,0,290,0,8,335,0,343,260,0,260,603
12/03/2017,CMA,CA,AWP,WE,Towers with Radar,0,10,45,0,55,0,1,264,2,267,0,11,309,2,322,346,0,346,668
12/04/2017,CMA,CA,AWP,WE,Towers with Radar,0,6,26,0,32,0,1,50,4,55,0,7,76,4,87,16,10,26,113
12/05/2017,CMA,CA,AWP,WE,Towers with Radar,0,5,16,0,21,0,5,48,0,53,0,10,64,0,74,0,0,0,74
12/06/2017,CMA,CA,AWP,WE,Towers with Radar,0,9,21,1,31,0,25,52,1,78,0,34,73,2,109,43,0,43,152
12/07/2017,CMA,CA,AWP,WE,Towers with Radar,0,9,14,1,24,0,2,43,0,45,0,11,57,1,69,14,0,14,83
12/08/2017,CMA,CA,AWP,WE,Towers with Radar,0,5,47,1,53,0,3,65,7,75,0,8,112,8,128,54,0,54,182
12/09/2017,CMA,CA,AWP,WE,Towers with Radar,0,10,18,0,28,0,0,83,10,93,0,10,101,10,121,42,14,56,177
12/10/2017,CMA,CA,AWP,WE,Towers with Radar,0,9,20,0,29,0,0,86,5,91,0,9,106,5,120,42,0,42,162
12/11/2017,CMA,CA,AWP,WE,Towers with Radar,0,19,30,0,49,0,0,136,11,147,0,19,166,11,196,196,16,212,408
12/12/2017,CMA,CA,AWP,WE,Towers with Radar,0,14,28,0,42,0,2,114,0,116,0,16,142,0,158,218,0,218,376
12/13/2017,CMA,CA,AWP,WE,Towers with Radar,0,7,74,1,82,0,0,113,14,127,0,7,187,15,209,138,0,138,347
12/14/2017,CMA,CA,AWP,WE,Towers with Radar,0,7,16,0,23,0,1,65,4,70,0,8,81,4,93,71,0,71,164
12/15/2017,CMA,CA,AWP,WE,Towers with Radar,0,6,43,0,49,0,0,169,0,169,0,6,212,0,218,358,10,368,586
12/16/2017,CMA,CA,AWP,WE,Towers with Radar,0,7,23,3,33,0,1,169,2,172,0,8,192,5,205,402,0,402,607
12/17/2017,CMA,CA,AWP,WE,Towers with Radar,0,5,15,1,21,0,0,38,0,38,0,5,53,1,59,46,0,46,105
12/18/2017,CMA,CA,AWP,WE,Towers with Radar,0,3,23,0,26,0,0,134,3,137,0,3,157,3,163,160,10,170,333
12/19/2017,CMA,CA,AWP,WE,Towers with Radar,0,4,50,0,54,0,2,145,3,150,0,6,195,3,204,192,0,192,396
12/20/2017,CMA,CA,AWP,WE,Towers with Radar,0,7,73,0,80,0,1,33,0,34,0,8,106,0,114,224,0,224,338
12/21/2017,CMA,CA,AWP,WE,Towers with Radar,0,3,22,0,25,0,1,82,0,83,0,4,104,0,108,112,0,112,220
12/22/2017,CMA,CA,AWP,WE,Towers with Radar,0,8,31,0,39,0,2,169,0,171,0,10,200,0,210,174,0,174,384
12/23/2017,CMA,CA,AWP,WE,Towers with Radar,0,8,39,0,47,0,0,198,0,198,0,8,237,0,245,164,0,164,409
12/24/2017,CMA,CA,AWP,WE,Towers with Radar,0,4,32,0,36,0,0,141,0,141,0,4,173,0,177,130,0,130,307
12/25/2017,CMA,CA,AWP,WE,Towers with Radar,0,0,9,0,9,0,1,47,0,48,0,1,56,0,57,26,0,26,83
12/26/2017,CMA,CA,AWP,WE,Towers with Radar,0,15,30,5,50,0,1,119,0,120,0,16,149,5,170,252,0,252,422
12/27/2017,CMA,CA,AWP,WE,Towers with Radar,0,5,45,0,50,0,2,185,0,187,0,7,230,0,237,206,0,206,443
12/28/2017,CMA,CA,AWP,WE,Towers with Radar,0,9,36,0,45,0,3,153,0,156,0,12,189,0,201,134,0,134,335
12/29/2017,CMA,CA,AWP,WE,Towers with Radar,0,7,34,0,41,0,0,198,0,198,0,7,232,0,239,186,0,186,425
12/30/2017,CMA,CA,AWP,WE,Towers with Radar,0,9,60,0,69,0,2,215,0,217,0,11,275,0,286,132,0,132,418
12/31/2017,CMA,CA,AWP,WE,Towers with Radar,0,8,22,0,30,0,0,81,0,81,0,8,103,0,111,72,0,72,183
01/01/2018,CMA,CA,AWP,WE,Towers with Radar,0,6,11,0,17,0,0,84,0,84,0,6,95,0,101,58,0,58,159
01/02/2018,CMA,CA,AWP,WE,Towers with Radar,0,14,29,0,43,0,1,111,0,112,0,15,140,0,155,236,0,236,391
01/03/2018,CMA,CA,AWP,WE,Towers with Radar,0,8,28,3,39,0,0,132,0,132,0,8,160,3,171,236,0,236,407
01/04/2018,CMA,CA,AWP,WE,Towers with Radar,0,9,47,3,59,0,0,144,3,147,0,9,191,6,206,250,0,250,456
01/05/2018,CMA,CA,AWP,WE,Towers with Radar,0,9,53,2,64,0,0,112,2,114,0,9,165,4,178,144,0,144,322
01/06/2018,CMA,CA,AWP,WE,Towers with Radar,0,12,76,0,88,0,1,134,0,135,0,13,210,0,223,234,0,234,457
01/07/2018,CMA,CA,AWP,WE,Towers with Radar,0,8,96,3,107,0,0,42,0,42,0,8,138,3,149,30,0,30,179
01/08/2018,CMA,CA,AWP,WE,Towers with Radar,0,17,20,0,37,0,0,29,0,29,0,17,49,0,66,16,0,16,82
01/09/2018,CMA,CA,AWP,WE,Towers with Radar,0,12,32,2,46,0,0,13,0,13,0,12,45,2,59,0,0,0,59
01/10/2018,CMA,CA,AWP,WE,Towers with Radar,0,16,45,0,61,0,3,203,1,207,0,19,248,1,268,132,0,132,400
01/11/2018,CMA,CA,AWP,WE,Towers with Radar,0,6,58,7,71,0,2,193,2,197,0,8,251,9,268,152,0,152,420
01/12/2018,CMA,CA,AWP,WE,Towers with Radar,0,16,53,0,69,0,2,207,0,209,0,18,260,0,278,188,0,188,466
01/13/2018,CMA,CA,AWP,WE,Towers with Radar,0,9,17,0,26,0,4,133,1,138,0,13,150,1,164,22,0,22,186
01/14/2018,CMA,CA,AWP,WE,Towers with Radar,0,2,35,0,37,0,3,226,1,230,0,5,261,1,267,66,0,66,333
01/15/2018,CMA,CA,AWP,WE,Towers with Radar,0,9,35,0,44,0,0,241,17,258,0,9,276,17,302,152,18,170,472
01/16/2018,CMA,CA,AWP,WE,Towers with Radar,0,12,38,0,50,0,0,140,0,140,0,12,178,0,190,174,0,174,364
01/17/2018,CMA,CA,AWP,WE,Towers with Radar,0,12,59,2,73,0,8,233,0,241,0,20,292,2,314,152,0,152,466
01/18/2018,CMA,CA,AWP,WE,Towers with Radar,0,5,49,0,54,0,2,163,0,165,0,7,212,0,219,204,0,204,423
01/19/2018,CMA,CA,AWP,WE,Towers with Radar,0,20,81,0,101,0,2,82,0,84,0,22,163,0,185,202,0,202,387
01/20/2018,CMA,CA,AWP,WE,Towers with Radar,0,17,56,0,73,0,1,155,0,156,0,18,211,0,229,136,0,136,365
01/21/2018,CMA,CA,AWP,WE,Towers with Radar,0,10,49,0,59,0,0,238,0,238,0,10,287,0,297,152,0,152,449
01/22/2018,CMA,CA,AWP,WE,Towers with Radar,0,18,53,0,71,0,0,131,0,131,0,18,184,0,202,214,0,214,416
01/23/2018,CMA,CA,AWP,WE,Towers with Radar,0,5,33,0,38,0,1,144,2,147,0,6,177,2,185,164,0,164,349
01/24/2018,CMA,CA,AWP,WE,Towers with Radar,0,5,40,2,47,0,0,180,0,180,0,5,220,2,227,138,0,138,365
01/25/2018,CMA,CA,AWP,WE,Towers with Radar,0,10,75,1,86,0,0,96,0,96,0,10,171,1,182,186,0,186,368
01/26/2018,CMA,CA,AWP,WE,Towers with Radar,0,8,45,3,56,0,3,205,0,208,0,11,250,3,264,230,0,230,494
01/27/2018,CMA,CA,AWP,WE,Towers with Radar,0,6,25,0,31,0,1,185,0,186,0,7,210,0,217,142,0,142,359
01/28/2018,CMA,CA,AWP,WE,Towers with Radar,0,8,11,0,19,0,2,36,1,39,0,10,47,1,58,4,0,4,62
01/29/2018,CMA,CA,AWP,WE,Towers with Radar,0,16,23,2,41,0,0,55,0,55,0,16,78,2,96,76,0,76,172
01/30/2018,CMA,CA,AWP,WE,Towers with Radar,0,2,25,0,27,0,2,150,3,155,0,4,175,3,182,220,0,220,402
01/31/2018,CMA,CA,AWP,WE,Towers with Radar,0,3,44,0,47,0,1,211,1,213,0,4,255,1,260,250,0,250,510
02/01/2018,CMA,CA,AWP,WE,Towers with Radar,0,5,42,0,47,0,0,168,0,168,0,5,210,0,215,226,0,226,441
02/02/2018,CMA,CA,AWP,WE,Towers with Radar,0,11,29,0,40,0,0,179,4,183,0,11,208,4,223,290,0,290,513
02/03/2018,CMA,CA,AWP,WE,Towers with Radar,0,6,20,0,26,0,0,250,2,252,0,6,270,2,278,200,0,200,478
02/04/2018,CMA,CA,AWP,WE,Towers with Radar,0,4,20,0,24,0,1,202,1,204,0,5,222,1,228,216,0,216,444
02/05/2018,CMA,CA,AWP,WE,Towers with Radar,0,7,56,5,68,0,3,89,1,93,0,10,145,6,161,134,0,134,295
02/06/2018,CMA,CA,AWP,WE,Towers with Radar,0,3,38,1,42,0,1,61,1,63,0,4,99,2,105,202,0,202,307
02/07/2018,CMA,CA,AWP,WE,Towers with Radar,0,9,31,6,46,0,2,97,1,100,0,11,128,7,146,136,0,136,282
02/08/2018,CMA,CA,AWP,WE,Towers with Radar,0,7,49,6,62,0,1,164,0,165,0,8,213,6,227,192,0,192,419
02/09/2018,CMA,CA,AWP,WE,Towers with Radar,0,13,48,0,61,0,2,207,2,211,0,15,255,2,272,198,0,198,470
02/10/2018,CMA,CA,AWP,WE,Towers with Radar,0,8,66,1,75,0,0,69,0,69,0,8,135,1,144,166,0,166,310
02/11/2018,CMA,CA,AWP,WE,Towers with Radar,0,9,23,0,32,0,0,98,2,100,0,9,121,2,132,66,0,66,198
02/12/2018,CMA,CA,AWP,WE,Towers with Radar,0,4,39,1,44,0,1,97,0,98,0,5,136,1,142,142,0,142,284
02/13/2018,CMA,CA,AWP,WE,Towers with Radar,0,8,32,3,43,0,2,73,1,76,0,10,105,4,119,186,0,186,305
02/14/2018,CMA,CA,AWP,WE,Towers with Radar,0,2,31,1,34,0,2,96,9,107,0,4,127,10,141,226,0,226,367
02/15/2018,CMA,CA,AWP,WE,Towers with Radar,0,13,45,0,58,0,2,108,0,110,0,15,153,0,168,94,0,94,262
02/16/2018,CMA,CA,AWP,WE,Towers with Radar,0,14,55,2,71,0,4,182,0,186,0,18,237,2,257,170,0,170,427
02/17/2018,CMA,CA,AWP,WE,Towers with Radar,0,3,35,0,38,0,2,353,0,355,0,5,388,0,393,202,0,202,595
02/18/2018,CMA,CA,AWP,WE,Towers with Radar,0,7,39,1,47,0,0,197,0,197,0,7,236,1,244,88,0,88,332
02/19/2018,CMA,CA,AWP,WE,Towers with Radar,0,14,29,0,43,0,0,46,0,46,0,14,75,0,89,110,0,110,199
02/20/2018,CMA,CA,AWP,WE,Towers with Radar,0,6,27,0,33,0,5,121,0,126,0,11,148,0,159,214,0,214,373
02/21/2018,CMA,CA,AWP,WE,Towers with Radar,0,7,40,2,49,0,0,151,3,154,0,7,191,5,203,192,0,192,395
02/22/2018,CMA,CA,AWP,WE,Towers with Radar,0,16,47,0,63,0,0,126,0,126,0,16,173,0,189,190,0,190,379
02/23/2018,CMA,CA,AWP,WE,Towers with Radar,0,16,42,0,58,0,0,132,0,132,0,16,174,0,190,234,0,234,424
02/24/2018,CMA,CA,AWP,WE,Towers with Radar,0,3,43,1,47,0,0,228,0,228,0,3,271,1,275,190,0,190,465
02/25/2018,CMA,CA,AWP,WE,Towers with Radar,0,9,31,0,40,0,1,193,0,194,0,10,224,0,234,100,0,100,334
02/26/2018,CMA,CA,AWP,WE,Towers with Radar,0,17,33,0,50,0,0,113,1,114,0,17,146,1,164,254,0,254,418
02/27/2018,CMA,CA,AWP,WE,Towers with Radar,0,12,29,2,43,0,0,67,0,67,0,12,96,2,110,154,0,154,264
02/28/2018,CMA,CA,AWP,WE,Towers with Radar,0,10,44,0,54,0,0,166,0,166,0,10,210,0,220,200,0,200,420
03/01/2018,CMA,CA,AWP,WE,Towers with Radar,0,7,42,0,49,0,0,71,0,71,0,7,113,0,120,150,0,150,270
03/02/2018,CMA,CA,AWP,WE,Towers with Radar,0,11,27,0,38,0,0,3,0,3,0,11,30,0,41,74,0,74,115
03/03/2018,CMA,CA,AWP,WE,Towers with Radar,0,6,44,0,50,0,0,49,0,49,0,6,93,0,99,190,0,190,289
03/04/2018,CMA,CA,AWP,WE,Towers with Radar,0,11,23,0,34,0,0,163,1,164,0,11,186,1,198,135,0,135,333
03/05/2018,CMA,CA,AWP,WE,Towers with Radar,0,4,36,0,40,0,0,88,0,88,0,4,124,0,128,102,0,102,230
03/06/2018,CMA,CA,AWP,WE,Towers with Radar,0,5,30,1,36,0,1,120,1,122,0,6,150,2,158,124,2,126,284
03/07/2018,CMA,CA,AWP,WE,Towers with Radar,0,10,37,0,47,0,0,168,1,169,0,10,205,1,216,240,0,240,456
03/08/2018,CMA,CA,AWP,WE,Towers with Radar,0,11,35,0,46,0,0,193,0,193,0,11,228,0,239,174,0,174,413
03/09/2018,CMA,CA,AWP,WE,Towers with Radar,0,10,67,0,77,0,1,205,0,206,0,11,272,0,283,252,0,252,535
03/10/2018,CMA,CA,AWP,WE,Towers with Radar,0,3,49,0,52,0,0,4,0,4,0,3,53,0,56,48,0,48,104
03/11/2018,CMA,CA,AWP,WE,Towers with Radar,0,7,69,0,76,0,0,41,0,41,0,7,110,0,117,202,0,202,319
03/12/2018,CMA,CA,AWP,WE,Towers with Radar,0,16,97,0,113,0,0,10,0,10,0,16,107,0,123,42,0,42,165
03/13/2018,CMA,CA,AWP,WE,Towers with Radar,0,18,42,0,60,0,0,0,0,0,0,18,42,0,60,24,0,24,84
03/14/2018,CMA,CA,AWP,WE,Towers with Radar,0,5,48,2,55,0,0,53,2,55,0,5,101,4,110,303,0,303,413
03/15/2018,CMA,CA,AWP,WE,Towers with Radar,0,9,37,0,46,0,0,193,0,193,0,9,230,0,239,180,0,180,419
03/16/2018,CMA,CA,AWP,WE,Towers with Radar,0,8,44,0,52,0,0,42,0,42,0,8,86,0,94,176,0,176,270
03/17/2018,CMA,CA,AWP,WE,Towers with Radar,0,9,40,0,49,0,0,189,0,189,0,9,229,0,238,216,0,216,454
03/18/2018,CMA,CA,AWP,WE,Towers with Radar,0,11,51,0,62,0,0,202,0,202,0,11,253,0,264,176,0,176,440
03/19/2018,CMA,CA,AWP,WE,Towers with Radar,0,11,46,0,57,0,2,241,0,243,0,13,287,0,300,202,0,202,502
03/20/2018,CMA,CA,AWP,WE,Towers with Radar,0,10,51,0,61,0,2,122,0,124,0,12,173,0,185,190,0,190,375
03/21/2018,CMA,CA,AWP,WE,Towers with Radar,0,14,25,1,40,0,0,5,0,5,0,14,30,1,45,6,0,6,51
03/22/2018,CMA,CA,AWP,WE,Towers with Radar,0,5,15,0,20,0,0,0,0,0,0,5,15,0,20,2,0,2,22
03/23/2018,CMA,CA,AWP,WE,Towers with Radar,0,8,57,3,68,0,0,134,2,136,0,8,191,5,204,329,0,329,533
03/24/2018,CMA,CA,AWP,WE,Towers with Radar,0,3,45,0,48,0,1,200,0,201,0,4,245,0,249,312,0,312,561
03/25/2018,CMA,CA,AWP,WE,Towers with Radar,0,11,43,0,54,0,0,189,0,189,0,11,232,0,243,192,0,192,435
03/26/2018,CMA,CA,AWP,WE,Towers with Radar,0,9,29,0,38,0,0,151,3,154,0,9,180,3,192,312,0,312,504
03/27/2018,CMA,CA,AWP,WE,Towers with Radar,0,3,25,0,28,0,1,103,3,107,0,4,128,3,135,176,0,176,311
03/28/2018,CMA,CA,AWP,WE,Towers with Radar,0,11,28,0,39,0,1,206,4,211,0,12,234,4,250,271,0,271,521
03/29/2018,CMA,CA,AWP,WE,Towers with Radar,0,15,53,2,70,0,0,197,2,199,0,15,250,4,269,208,20,228,497
03/30/2018,CMA,CA,AWP,WE,Towers with Radar,0,5,36,0,41,0,1,176,2,179,0,6,212,2,220,212,0,212,432
03/31/2018,CMA,CA,AWP,WE,Towers with Radar,0,8,48,0,56,0,0,146,0,146,0,8,194,0,202,226,0,226,428
04/01/2018,CMA,CA,AWP,WE,Towers with Radar,0,9,57,0,66,0,0,81,0,81,0,9,138,0,147,186,0,186,333
04/02/2018,CMA,CA,AWP,WE,Towers with Radar,0,10,87,1,98,0,2,52,0,54,0,12,139,1,152,203,0,203,355
04/03/2018,CMA,CA,AWP,WE,Towers with Radar,0,7,37,2,46,0,0,112,0,112,0,7,149,2,158,150,0,150,308
04/04/2018,CMA,CA,AWP,WE,Towers with Radar,0,10,82,3,95,0,0,33,1,34,0,10,115,4,129,136,0,136,265
04/05/2018,CMA,CA,AWP,WE,Towers with Radar,0,5,70,2,77,0,0,106,1,107,0,5,176,3,184,240,0,240,424
04/06/2018,CMA,CA,AWP,WE,Towers with Radar,0,7,56,1,64,0,0,144,0,144,0,7,200,1,208,248,0,248,456
04/07/2018,CMA,CA,AWP,WE,Towers with Radar,0,6,37,0,43,0,0,45,0,45,0,6,82,0,88,184,0,184,272
04/08/2018,CMA,CA,AWP,WE,Towers with Radar,0,12,30,0,42,0,0,250,0,250,0,12,280,0,292,176,0,176,468
04/09/2018,CMA,CA,AWP,WE,Towers with Radar,0,2,30,0,32,0,0,102,0,102,0,2,132,0,134,186,0,186,320
04/10/2018,CMA,CA,AWP,WE,Towers with Radar,0,6,46,0,52,0,1,141,0,142,0,7,187,0,194,224,0,224,418
04/11/2018,CMA,CA,AWP,WE,Towers with Radar,0,4,56,0,60,0,0,152,1,153,0,4,208,1,213,136,0,136,349
04/12/2018,CMA,CA,AWP,WE,Towers with Radar,0,9,19,0,28,0,2,79,2,83,0,11,98,2,111,90,0,90,201
04/13/2018,CMA,CA,AWP,WE,Towers with Radar,0,10,28,0,38,0,0,96,0,96,0,10,124,0,134,150,0,150,284
04/14/2018,CMA,CA,AWP,WE,Towers with Radar,0,4,35,0,39,0,0,260,0,260,0,4,295,0,299,212,0,212,511
04/15/2018,CMA,CA,AWP,WE,Towers with Radar,0,18,34,1,53,0,0,191,2,193,0,18,225,3,246,144,0,144,390
04/16/2018,CMA,CA,AWP,WE,Towers with Radar,0,9,19,1,29,0,0,66,0,66,0,9,85,1,95,95,0,95,190
04/17/2018,CMA,CA,AWP,WE,Towers with Radar,0,10,26,0,36,0,2,154,6,162,0,12,180,6,198,252,0,252,450
04/18/2018,CMA,CA,AWP,WE,Towers with Radar,0,6,43,4,53,0,0,167,5,172,0,6,210,9,225,306,0,306,531
04/19/2018,CMA,CA,AWP,WE,Towers with Radar,0,9,61,0,70,0,0,110,0,110,0,9,171,0,180,189,0,189,369
04/20/2018,CMA,CA,AWP,WE,Towers with Radar,0,13,44,3,60,0,0,220,2,222,0,13,264,5,282,292,0,292,574
04/21/2018,CMA,CA,AWP,WE,Towers with Radar,0,9,29,3,41,0,0,233,1,234,0,9,262,4,275,213,0,213,488
04/22/2018,CMA,CA,AWP,WE,Towers with Radar,0,17,32,3,52,0,0,230,1,231,0,17,262,4,283,190,0,190,473
04/23/2018,CMA,CA,AWP,WE,Towers with Radar,0,8,45,0,53,0,0,128,3,131,0,8,173,3,184,138,0,138,322
04/24/2018,CMA,CA,AWP,WE,Towers with Radar,0,8,62,2,72,0,3,69,4,76,0,11,131,6,148,296,0,296,444
04/25/2018,CMA,CA,AWP,WE,Towers with Radar,0,7,66,0,73,0,1,165,0,166,0,8,231,0,239,204,0,204,443
04/26/2018,CMA,CA,AWP,WE,Towers with Radar,0,10,63,0,73,0,1,130,0,131,0,11,193,0,204,244,0,244,448
04/27/2018,CMA,CA,AWP,WE,Towers with Radar,0,8,45,4,57,0,0,88,1,89,0,8,133,5,146,188,0,188,334
04/28/2018,CMA,CA,AWP,WE,Towers with Radar,0,3,23,0,26,0,3,189,2,194,0,6,212,2,220,202,0,202,422
04/29/2018,CMA,CA,AWP,WE,Towers with Radar,0,8,51,0,59,0,0,182,1,183,0,8,233,1,242,118,0,118,360
04/30/2018,CMA,CA,AWP,WE,Towers with Radar,0,10,57,5,72,0,0,93,1,94,0,10,150,6,166,245,0,245,411
05/01/2018,CMA,CA,AWP,WE,Towers with Radar,0,3,41,0,44,0,6,51,0,57,0,9,92,0,101,234,0,234,335
05/02/2018,CMA,CA,AWP,WE,Towers with Radar,0,9,81,1,91,0,0,97,2,99,0,9,178,3,190,224,0,224,414
05/03/2018,CMA,CA,AWP,WE,Towers with Radar,0,7,49,0,56,0,2,231,2,235,0,9,280,2,291,227,0,227,518
05/04/2018,CMA,CA,AWP,WE,Towers with Radar,0,15,35,0,50,0,1,237,0,238,0,16,272,0,288,326,0,326,614
05/05/2018,CMA,CA,AWP,WE,Towers with Radar,0,5,19,0,24,0,2,273,0,275,0,7,292,0,299,272,0,272,571
05/06/2018,CMA,CA,AWP,WE,Towers with Radar,0,9,36,1,46,0,0,233,2,235,0,9,269,3,281,106,10,116,397
05/07/2018,CMA,CA,AWP,WE,Towers with Radar,0,13,42,3,58,0,2,194,1,197,0,15,236,4,255,224,0,224,479
05/08/2018,CMA,CA,AWP,WE,Towers with Radar,0,6,64,0,70,0,1,124,0,125,0,7,188,0,195,190,0,190,385
05/09/2018,CMA,CA,AWP,WE,Towers with Radar,0,7,47,0,54,0,0,131,1,132,0,7,178,1,186,238,0,238,424
05/10/2018,CMA,CA,AWP,WE,Towers with Radar,0,14,33,1,48,0,0,169,0,169,0,14,202,1,217,249,0,249,466
05/11/2018,CMA,CA,AWP,WE,Towers with Radar,0,8,85,1,94,0,0,24,1,25,0,8,109,2,119,174,26,200,319
05/12/2018,CMA,CA,AWP,WE,Towers with Radar,0,6,69,0,75,0,0,92,1,93,0,6,161,1,168,290,18,308,476
05/13/2018,CMA,CA,AWP,WE,Towers with Radar,0,3,57,1,61,0,0,58,2,60,0,3,115,3,121,162,0,162,283
05/14/2018,CMA,CA,AWP,WE,Towers with Radar,0,9,30,0,39,0,3,185,5,193,0,12,215,5,232,282,0,282,514
05/15/2018,CMA,CA,AWP,WE,Towers with Radar,0,9,55,0,64,0,2,141,3,146,0,11,196,3,210,214,0,214,424
05/16/2018,CMA,CA,AWP,WE,Towers with Radar,0,3,33,10,46,0,3,182,2,187,0,6,215,12,233,183,2,185,418
05/17/2018,CMA,CA,AWP,WE,Towers with Radar,0,17,35,0,52,0,6,218,7,231,0,23,253,7,283,181,0,181,464
05/18/2018,CMA,CA,AWP,WE,Towers with Radar,0,17,54,0,71,0,0,154,2,156,0,17,208,2,227,186,0,186,413
05/19/2018,CMA,CA,AWP,WE,Towers with Radar,0,5,60,0,65,0,0,101,0,101,0,5,161,0,166,218,0,218,384
05/20/2018,CMA,CA,AWP,WE,Towers with Radar,0,12,77,0,89,0,0,71,0,71,0,12,148,0,160,294,0,294,454
05/21/2018,CMA,CA,AWP,WE,Towers with Radar,0,8,60,2,70,0,0,67,1,68,0,8,127,3,138,198,26,224,362
05/22/2018,CMA,CA,AWP,WE,Towers with Radar,0,4,48,2,54,0,4,119,0,123,0,8,167,2,177,256,0,256,433
05/23/2018,CMA,CA,AWP,WE,Towers with Radar,0,10,78,1,89,0,1,101,0,102,0,11,179,1,191,290,0,290,481
05/24/2018,CMA,CA,AWP,WE,Towers with Radar,0,13,86,0,99,0,1,72,4,77,0,14,158,4,176,270,18,288,464
05/25/2018,CMA,CA,AWP,WE,Towers with Radar,0,8,43,0,51,0,0,171,0,171,0,8,214,0,222,184,0,184,406
05/26/2018,CMA,CA,AWP,WE,Towers with Radar,0,7,26,0,33,0,4,246,3,253,0,11,272,3,286,170,0,170,456
05/27/2018,CMA,CA,AWP,WE,Towers with Radar,0,3,25,0,28,0,1,204,2,207,0,4,229,2,235,122,0,122,357
05/28/2018,CMA,CA,AWP,WE,Towers with Radar,0,7,32,0,39,0,1,218,0,219,0,8,250,0,258,216,0,216,474
05/29/2018,CMA,CA,AWP,WE,Towers with Radar,0,11,57,1,69,0,0,48,0,48,0,11,105,1,117,151,0,151,268
05/30/2018,CMA,CA,AWP,WE,Towers with Radar,0,14,58,0,72,0,1,47,0,48,0,15,105,0,120,184,0,184,304
05/31/2018,CMA,CA,AWP,WE,Towers with Radar,0,9,53,1,63,0,0,131,0,131,0,9,184,1,194,206,0,206,400
06/01/2018,CMA,CA,AWP,WE,Towers with Radar,0,13,31,4,48,0,1,234,1,236,0,14,265,5,284,244,0,244,528
06/02/2018,CMA,CA,AWP,WE,Towers with Radar,0,5,42,1,48,0,2,284,4,290,0,7,326,5,338,236,6,242,580
06/03/2018,CMA,CA,AWP,WE,Towers with Radar,0,12,23,0,35,0,0,275,0,275,0,12,298,0,310,166,0,166,476
06/04/2018,CMA,CA,AWP,WE,Towers with Radar,0,7,43,1,51,0,1,147,3,151,0,8,190,4,202,252,0,252,454
06/05/2018,CMA,CA,AWP,WE,Towers with Radar,0,11,70,0,81,0,1,28,0,29,0,12,98,0,110,146,0,146,256
06/06/2018,CMA,CA,AWP,WE,Towers with Radar,0,13,42,3,58,0,0,103,3,106,0,13,145,6,164,182,0,182,346
06/07/2018,CMA,CA,AWP,WE,Towers with Radar,0,13,45,0,58,0,0,168,0,168,0,13,213,0,226,190,1,191,417
06/08/2018,CMA,CA,AWP,WE,Towers with Radar,0,6,34,0,40,0,0,238,0,238,0,6,272,0,278,254,0,254,532
06/09/2018,CMA,CA,AWP,WE,Towers with Radar,0,7,23,2,32,0,1,241,2,244,0,8,264,4,276,169,0,169,445
06/10/2018,CMA,CA,AWP,WE,Towers with Radar,0,7,18,0,25,0,0,281,0,281,0,7,299,0,306,218,0,218,524
06/11/2018,CMA,CA,AWP,WE,Towers with Radar,0,9,27,0,36,0,3,177,0,180,0,12,204,0,216,218,0,218,434
06/12/2018,CMA,CA,AWP,WE,Towers with Radar,0,3,26,0,29,0,2,182,0,184,0,5,208,0,213,348,0,348,561
06/13/2018,CMA,CA,AWP,WE,Towers with Radar,0,13,31,1,45,0,1,160,2,163,0,14,191,3,208,266,2,268,476
06/14/2018,CMA,CA,AWP,WE,Towers with Radar,0,15,50,7,72,0,0,152,2,154,0,15,202,9,226,234,14,248,474
06/15/2018,CMA,CA,AWP,WE,Towers with Radar,0,17,36,1,54,0,0,172,0,172,0,17,208,1,226,214,0,214,440
06/16/2018,CMA,CA,AWP,WE,Towers with Radar,0,8,46,0,54,0,1,95,0,96,0,9,141,0,150,210,0,210,360
06/17/2018,CMA,CA,AWP,WE,Towers with Radar,0,13,66,0,79,0,0,62,4,66,0,13,128,4,145,135,14,149,294
06/18/2018,CMA,CA,AWP,WE,Towers with Radar,0,7,35,0,42,0,0,129,0,129,0,7,164,0,171,242,0,242,413
06/19/2018,CMA,CA,AWP,WE,Towers with Radar,0,11,42,0,53,0,2,167,1,170,0,13,209,1,223,250,0,250,473
06/20/2018,CMA,CA,AWP,WE,Towers with Radar,0,10,52,2,64,0,0,121,0,121,0,10,173,2,185,233,0,233,418
06/21/2018,CMA,CA,AWP,WE,Towers with Radar,0,12,74,3,89,0,1,124,0,125,0,13,198,3,214,240,0,240,454
06/22/2018,CMA,CA,AWP,WE,Towers with Radar,0,12,72,0,84,0,0,100,0,100,0,12,172,0,184,226,0,226,410
06/23/2018,CMA,CA,AWP,WE,Towers with Radar,0,7,44,0,51,0,2,132,0,134,0,9,176,0,185,172,0,172,357
06/24/2018,CMA,CA,AWP,WE,Towers with Radar,0,6,45,0,51,0,0,128,0,128,0,6,173,0,179,258,0,258,437
06/25/2018,CMA,CA,AWP,WE,Towers with Radar,0,9,32,5,46,0,3,146,0,149,0,12,178,5,195,232,0,232,427
06/26/2018,CMA,CA,AWP,WE,Towers with Radar,0,6,34,1,41,0,2,143,0,145,0,8,177,1,186,250,0,250,436
06/27/2018,CMA,CA,AWP,WE,Towers with Radar,0,15,49,0,64,0,4,161,2,167,0,19,210,2,231,264,0,264,495
06/28/2018,CMA,CA,AWP,WE,Towers with Radar,0,13,45,0,58,0,1,180,0,181,0,14,225,0,239,174,0,174,413
06/29/2018,CMA,CA,AWP,WE,Towers with Radar,0,8,53,0,61,0,2,148,2,152,0,10,201,2,213,244,0,244,457
06/30/2018,CMA,CA,AWP,WE,Towers with Radar,0,2,50,1,53,0,4,173,0,177,0,6,223,1,230,166,0,166,396
07/01/2018,CMA,CA,AWP,WE,Towers with Radar,0,9,34,0,43,0,0,155,1,156,0,9,189,1,199,160,24,184,383
07/02/2018,CMA,CA,AWP,WE,Towers with Radar,0,7,59,2,68,0,0,135,6,141,0,7,194,8,209,316,12,328,537
07/03/2018,CMA,CA,AWP,WE,Towers with Radar,0,3,40,1,44,0,2,165,1,168,0,5,205,2,212,218,0,218,430
07/04/2018,CMA,CA,AWP,WE,Towers with Radar,0,1,19,0,20,0,1,136,0,137,0,2,155,0,157,172,0,172,329
07/05/2018,CMA,CA,AWP,WE,Towers with Radar,0,8,32,0,40,0,1,196,0,197,0,9,228,0,237,296,0,296,533
07/06/2018,CMA,CA,AWP,WE,Towers with Radar,0,5,22,0,27,0,0,191,0,191,0,5,213,0,218,221,0,221,439
07/07/2018,CMA,CA,AWP,WE,Towers with Radar,0,2,14,0,16,0,3,172,0,175,0,5,186,0,191,93,0,93,284
07/08/2018,CMA,CA,AWP,WE,Towers with Radar,0,7,37,0,44,0,1,187,0,188,0,8,224,0,232,156,0,156,388
07/09/2018,CMA,CA,AWP,WE,Towers with Radar,0,4,35,1,40,0,2,142,6,150,0,6,177,7,190,154,6,160,350
07/10/2018,CMA,CA,AWP,WE,Towers with Radar,0,5,25,0,30,0,2,141,0,143,0,7,166,0,173,288,0,288,461
07/11/2018,CMA,CA,AWP,WE,Towers with Radar,0,11,41,0,52,0,1,146,0,147,0,12,187,0,199,152,0,152,351
07/12/2018,CMA,CA,AWP,WE,Towers with Radar,0,9,40,0,49,0,0,196,0,196,0,9,236,0,245,241,0,241,486
07/13/2018,CMA,CA,AWP,WE,Towers with Radar,0,9,55,0,64,0,2,212,1,215,0,11,267,1,279,242,22,264,543
07/14/2018,CMA,CA,AWP,WE,Towers with Radar,0,9,29,0,38,0,3,247,0,250,0,12,276,0,288,170,0,170,458
07/15/2018,CMA,CA,AWP,WE,Towers with Radar,0,6,37,0,43,0,1,230,1,232,0,7,267,1,275,244,0,244,519
07/16/2018,CMA,CA,AWP,WE,Towers with Radar,0,6,31,0,37,0,2,139,2,143,0,8,170,2,180,330,0,330,510
07/17/2018,CMA,CA,AWP,WE,Towers with Radar,0,7,55,2,64,0,1,164,0,165,0,8,219,2,229,338,0,338,567
07/18/2018,CMA,CA,AWP,WE,Towers with Radar,0,12,39,0,51,0,1,111,0,112,0,13,150,0,163,242,0,242,405
07/19/2018,CMA,CA,AWP,WE,Towers with Radar,0,6,50,0,56,0,0,212,1,213,0,6,262,1,269,184,0,184,453
07/20/2018,CMA,CA,AWP,WE,Towers with Radar,0,6,38,0,44,0,2,191,0,193,0,8,229,0,237,206,0,206,443
07/21/2018,CMA,CA,AWP,WE,Towers with Radar,0,9,51,0,60,0,3,184,2,189,0,12,235,2,249,192,0,192,441
07/22/2018,CMA,CA,AWP,WE,Towers with Radar,0,8,32,0,40,0,3,248,0,251,0,11,280,0,291,222,0,222,513
07/23/2018,CMA,CA,AWP,WE,Towers with Radar,0,4,21,4,29,0,0,156,1,157,0,4,177,5,186,232,2,234,420
07/24/2018,CMA,CA,AWP,WE,Towers with Radar,0,9,24,2,35,0,0,143,2,145,0,9,167,4,180,154,0,154,334
07/25/2018,CMA,CA,AWP,WE,Towers with Radar,0,8,21,0,29,0,2,154,1,157,0,10,175,1,186,230,0,230,416
07/26/2018,CMA,CA,AWP,WE,Towers with Radar,0,3,43,0,46,0,0,122,1,123,0,3,165,1,169,212,0,212,381
07/27/2018,CMA,CA,AWP,WE,Towers with Radar,0,11,50,1,62,0,0,185,1,186,0,11,235,2,248,232,0,232,480
07/28/2018,CMA,CA,AWP,WE,Towers with Radar,0,6,41,0,47,0,1,161,0,162,0,7,202,0,209,152,0,152,361
07/29/2018,CMA,CA,AWP,WE,Towers with Radar,0,15,38,0,53,0,0,216,0,216,0,15,254,0,269,222,0,222,491
07/30/2018,CMA,CA,AWP,WE,Towers with Radar,0,14,32,2,48,0,0,176,2,178,0,14,208,4,226,256,0,256,482
07/31/2018,CMA,CA,AWP,WE,Towers with Radar,0,12,31,0,43,0,0,184,0,184,0,12,215,0,227,252,0,252,479
08/01/2018,CMA,CA,AWP,WE,Towers with Radar,0,6,31,0,37,0,0,199,1,200,0,6,230,1,237,384,0,384,621
08/02/2018,CMA,CA,AWP,WE,Towers with Radar,0,8,25,1,34,0,0,200,2,202,0,8,225,3,236,219,0,219,455
08/03/2018,CMA,CA,AWP,WE,Towers with Radar,0,3,37,0,40,0,2,179,1,182,0,5,216,1,222,258,0,258,480
08/04/2018,CMA,CA,AWP,WE,Towers with Radar,0,7,25,0,32,0,0,186,0,186,0,7,211,0,218,188,1,189,407
08/05/2018,CMA,CA,AWP,WE,Towers with Radar,0,7,52,0,59,0,0,190,0,190,0,7,242,0,249,107,0,107,356
08/06/2018,CMA,CA,AWP,WE,Towers with Radar,0,5,34,1,40,0,0,168,1,169,0,5,202,2,209,350,0,350,559
08/07/2018,CMA,CA,AWP,WE,Towers with Radar,0,13,31,0,44,0,0,152,1,153,0,13,183,1,197,188,0,188,385
08/08/2018,CMA,CA,AWP,WE,Towers with Radar,0,7,28,2,37,0,1,169,0,170,0,8,197,2,207,232,0,232,439
08/09/2018,CMA,CA,AWP,WE,Towers with Radar,0,10,24,1,35,0,4,175,5,184,0,14,199,6,219,269,0,269,488
08/10/2018,CMA,CA,AWP,WE,Towers with Radar,0,0,0,0,0,0,0,0,0,0,0,0,0,0,0,0,0,0,0
08/11/2018,CMA,CA,AWP,WE,Towers with Radar,0,15,23,0,38,0,2,185,2,189,0,17,208,2,227,196,0,196,423
08/12/2018,CMA,CA,AWP,WE,Towers with Radar,0,12,31,0,43,0,3,179,0,182,0,15,210,0,225,118,0,118,343
08/13/2018,CMA,CA,AWP,WE,Towers with Radar,0,7,26,0,33,0,0,161,4,165,0,7,187,4,198,184,0,184,382
08/14/2018,CMA,CA,AWP,WE,Towers with Radar,0,11,36,0,47,0,1,188,1,190,0,12,224,1,237,145,0,145,382
08/15/2018,CMA,CA,AWP,WE,Towers with Radar,0,13,19,0,32,0,1,181,0,182,0,14,200,0,214,201,2,203,417
08/16/2018,CMA,CA,AWP,WE,Towers with Radar,0,11,38,0,49,0,6,226,2,234,0,17,264,2,283,194,0,194,477
08/17/2018,CMA,CA,AWP,WE,Towers with Radar,0,16,38,2,56,0,11,190,2,203,0,27,228,4,259,208,18,226,485
08/18/2018,CMA,CA,AWP,WE,Towers with Radar,0,5,21,0,26,0,0,55,0,55,0,5,76,0,81,75,0,75,156
08/19/2018,CMA,CA,AWP,WE,Towers with Radar,0,6,25,1,32,0,0,59,0,59,0,6,84,1,91,82,0,82,173
08/20/2018,CMA,CA,AWP,WE,Towers with Radar,0,14,44,4,62,0,0,111,4,115,0,14,155,8,177,316,0,316,493
08/21/2018,CMA,CA,AWP,WE,Towers with Radar,0,4,50,2,56,0,0,116,1,117,0,4,166,3,173,213,0,213,386
08/22/2018,CMA,CA,AWP,WE,Towers with Radar,0,3,56,0,59,0,0,158,0,158,0,3,214,0,217,181,0,181,398
08/23/2018,CMA,CA,AWP,WE,Towers with Radar,0,10,41,0,51,0,0,217,1,218,0,10,258,1,269,218,0,218,487
08/24/2018,CMA,CA,AWP,WE,Towers with Radar,0,28,40,0,68,0,1,161,0,162,0,29,201,0,230,122,0,122,352
08/25/2018,CMA,CA,AWP,WE,Towers with Radar,0,12,36,0,48,0,2,180,0,182,0,14,216,0,230,258,0,258,488
08/26/2018,CMA,CA,AWP,WE,Towers with Radar,0,22,58,0,80,0,0,120,4,124,0,22,178,4,204,144,0,144,348
08/27/2018,CMA,CA,AWP,WE,Towers with Radar,0,15,36,0,51,0,0,107,0,107,0,15,143,0,158,253,0,253,411
08/28/2018,CMA,CA,AWP,WE,Towers with Radar,0,11,45,1,57,0,1,150,2,153,0,12,195,3,210,222,0,222,432
08/29/2018,CMA,CA,AWP,WE,Towers with Radar,0,8,38,0,46,0,1,189,4,194,0,9,227,4,240,199,0,199,439
08/30/2018,CMA,CA,AWP,WE,Towers with Radar,0,16,33,1,50,0,1,207,4,212,0,17,240,5,262,198,0,198,460
08/31/2018,CMA,CA,AWP,WE,Towers with Radar,0,24,45,0,69,0,2,246,0,248,0,26,291,0,317,192,0,192,509
09/01/2018,CMA,CA,AWP,WE,Towers with Radar,0,12,32,0,44,0,0,222,4,226,0,12,254,4,270,233,0,233,503
09/02/2018,CMA,CA,AWP,WE,Towers with Radar,0,7,33,1,41,0,0,148,1,149,0,7,181,2,190,83,14,97,287
09/03/2018,CMA,CA,AWP,WE,Towers with Radar,0,15,60,0,75,0,0,138,1,139,0,15,198,1,214,107,0,107,321
09/04/2018,CMA,CA,AWP,WE,Towers with Radar,0,9,60,0,69,0,0,35,1,36,0,9,95,1,105,192,0,192,297
09/05/2018,CMA,CA,AWP,WE,Towers with Radar,0,10,100,0,110,0,0,41,0,41,0,10,141,0,151,162,0,162,313
09/06/2018,CMA,CA,AWP,WE,Towers with Radar,0,6,98,0,104,0,2,57,0,59,0,8,155,0,163,154,0,154,317
09/07/2018,CMA,CA,AWP,WE,Towers with Radar,0,12,42,0,54,0,0,181,1,182,0,12,223,1,236,103,0,103,339
09/08/2018,CMA,CA,AWP,WE,Towers with Radar,0,6,35,0,41,0,1,165,0,166,0,7,200,0,207,162,0,162,369
09/09/2018,CMA,CA,AWP,WE,Towers with Radar,0,3,49,0,52,0,0,155,0,155,0,3,204,0,207,94,0,94,301
09/10/2018,CMA,CA,AWP,WE,Towers with Radar,0,7,41,0,48,0,0,108,1,109,0,7,149,1,157,86,0,86,243
09/11/2018,CMA,CA,AWP,WE,Towers with Radar,0,6,47,0,53,0,1,109,2,112,0,7,156,2,165,164,1,165,330
09/12/2018,CMA,CA,AWP,WE,Towers with Radar,0,10,55,2,67,0,0,144,1,145,0,10,199,3,212,257,0,257,469
09/13/2018,CMA,CA,AWP,WE,Towers with Radar,0,8,30,0,38,0,1,180,0,181,0,9,210,0,219,348,0,348,567
09/14/2018,CMA,CA,AWP,WE,Towers with Radar,0,11,24,1,36,0,0,217,0,217,0,11,241,1,253,353,0,353,606
09/15/2018,CMA,CA,AWP,WE,Towers with Radar,0,8,27,0,35,0,1,238,2,241,0,9,265,2,276,142,0,142,418
09/16/2018,CMA,CA,AWP,WE,Towers with Radar,0,9,19,2,30,0,0,191,0,191,0,9,210,2,221,101,0,101,322
09/17/2018,CMA,CA,AWP,WE,Towers with Radar,0,11,21,4,36,0,2,158,2,162,0,13,179,6,198,195,0,195,393
09/18/2018,CMA,CA,AWP,WE,Towers with Radar,0,6,27,5,38,0,2,152,0,154,0,8,179,5,192,259,0,259,451
09/19/2018,CMA,CA,AWP,WE,Towers with Radar,0,10,18,2,30,0,3,186,2,191,0,13,204,4,221,350,0,350,571
09/20/2018,CMA,CA,AWP,WE,Towers with Radar,0,8,41,0,49,0,0,211,0,211,0,8,252,0,260,308,0,308,568
09/21/2018,CMA,CA,AWP,WE,Towers with Radar,0,15,54,0,69,0,0,170,3,173,0,15,224,3,242,286,0,286,528
09/22/2018,CMA,CA,AWP,WE,Towers with Radar,0,10,36,0,46,0,0,188,3,191,0,10,224,3,237,134,12,146,383
09/23/2018,CMA,CA,AWP,WE,Towers with Radar,0,9,33,0,42,0,0,157,2,159,0,9,190,2,201,122,0,122,323
09/24/2018,CMA,CA,AWP,WE,Towers with Radar,0,11,45,1,57,0,2,113,3,118,0,13,158,4,175,176,0,176,351
09/25/2018,CMA,CA,AWP,WE,Towers with Radar,0,13,46,0,59,0,1,97,1,99,0,14,143,1,158,210,0,210,368
09/26/2018,CMA,CA,AWP,WE,Towers with Radar,0,17,39,4,60,0,0,127,0,127,0,17,166,4,187,195,2,197,384
09/27/2018,CMA,CA,AWP,WE,Towers with Radar,0,15,32,0,47,0,0,122,1,123,0,15,154,1,170,238,0,238,408
09/28/2018,CMA,CA,AWP,WE,Towers with Radar,0,14,88,1,103,0,0,41,1,42,0,14,129,2,145,32,0,32,177
09/29/2018,CMA,CA,AWP,WE,Towers with Radar,0,4,25,0,29,0,2,139,2,143,0,6,164,2,172,181,0,181,353
09/30/2018,CMA,CA,AWP,WE,Towers with Radar,0,12,34,0,46,0,0,236,0,236,0,12,270,0,282,140,0,140,422
10/01/2018,CMA,CA,AWP,WE,Towers with Radar,0,10,31,0,41,0,2,142,0,144,0,12,173,0,185,234,0,234,419
10/02/2018,CMA,CA,AWP,WE,Towers with Radar,0,15,40,1,56,0,4,106,0,110,0,19,146,1,166,124,0,124,290
10/03/2018,CMA,CA,AWP,WE,Towers with Radar,0,10,28,0,38,0,0,45,0,45,0,10,73,0,83,164,0,164,247
10/04/2018,CMA,CA,AWP,WE,Towers with Radar,0,6,69,0,75,0,0,81,2,83,0,6,150,2,158,264,12,276,434
10/05/2018,CMA,CA,AWP,WE,Towers with Radar,0,12,24,0,36,0,1,191,0,192,0,13,215,0,228,191,4,195,423
10/06/2018,CMA,CA,AWP,WE,Towers with Radar,0,2,45,0,47,0,0,162,0,162,0,2,207,0,209,116,0,116,325
10/07/2018,CMA,CA,AWP,WE,Towers with Radar,0,8,24,0,32,0,1,187,0,188,0,9,211,0,220,126,0,126,346
10/08/2018,CMA,CA,AWP,WE,Towers with Radar,0,13,44,1,58,0,5,142,1,148,0,18,186,2,206,125,18,143,349
10/09/2018,CMA,CA,AWP,WE,Towers with Radar,0,2,30,2,34,0,2,125,0,127,0,4,155,2,161,170,0,170,331
10/10/2018,CMA,CA,AWP,WE,Towers with Radar,0,15,53,1,69,0,0,170,2,172,0,15,223,3,241,125,0,125,366
10/11/2018,CMA,CA,AWP,WE,Towers with Radar,0,8,73,3,84,0,0,110,2,112,0,8,183,5,196,292,0,292,488
10/12/2018,CMA,CA,AWP,WE,Towers with Radar,0,10,37,0,47,0,2,163,3,168,0,12,200,3,215,231,0,231,446
10/13/2018,CMA,CA,AWP,WE,Towers with Radar,0,14,31,0,45,0,1,80,2,83,0,15,111,2,128,175,0,175,303
10/14/2018,CMA,CA,AWP,WE,Towers with Radar,0,6,55,0,61,0,1,118,0,119,0,7,173,0,180,208,0,208,388
10/15/2018,CMA,CA,AWP,WE,Towers with Radar,0,9,15,2,26,0,4,34,0,38,0,13,49,2,64,18,0,18,82
10/16/2018,CMA,CA,AWP,WE,Towers with Radar,0,8,35,2,45,0,3,126,1,130,0,11,161,3,175,152,6,158,333
10/17/2018,CMA,CA,AWP,WE,Towers with Radar,0,8,28,1,37,0,0,131,0,131,0,8,159,1,168,220,0,220,388
10/18/2018,CMA,CA,AWP,WE,Towers with Radar,0,8,34,0,42,0,3,147,0,150,0,11,181,0,192,230,0,230,422
10/19/2018,CMA,CA,AWP,WE,Towers with Radar,0,9,25,0,34,0,1,54,0,55,0,10,79,0,89,82,0,82,171
10/20/2018,CMA,CA,AWP,WE,Towers with Radar,0,2,17,0,19,0,1,137,0,138,0,3,154,0,157,106,0,106,263
10/21/2018,CMA,CA,AWP,WE,Towers with Radar,0,16,31,0,47,0,0,211,0,211,0,16,242,0,258,114,0,114,372
10/22/2018,CMA,CA,AWP,WE,Towers with Radar,0,13,32,0,45,0,0,116,0,116,0,13,148,0,161,246,0,246,407
10/23/2018,CMA,CA,AWP,WE,Towers with Radar,0,10,37,0,47,0,2,103,0,105,0,12,140,0,152,212,0,212,364
10/24/2018,CMA,CA,AWP,WE,Towers with Radar,0,11,42,0,53,0,1,170,0,171,0,12,212,0,224,246,0,246,470
10/25/2018,CMA,CA,AWP,WE,Towers with Radar,0,9,48,0,57,0,0,157,0,157,0,9,205,0,214,344,0,344,558
10/26/2018,CMA,CA,AWP,WE,Towers with Radar,0,8,37,0,45,0,2,182,0,184,0,10,219,0,229,220,0,220,449
10/27/2018,CMA,CA,AWP,WE,Towers with Radar,0,11,46,0,57,0,1,188,2,191,0,12,234,2,248,172,0,172,420
10/28/2018,CMA,CA,AWP,WE,Towers with Radar,0,9,44,0,53,0,2,126,0,128,0,11,170,0,181,114,0,114,295
10/29/2018,CMA,CA,AWP,WE,Towers with Radar,0,6,29,0,35,0,3,113,0,116,0,9,142,0,151,110,0,110,261
10/30/2018,CMA,CA,AWP,WE,Towers with Radar,0,4,34,1,39,0,0,111,0,111,0,4,145,1,150,236,0,236,386
10/31/2018,CMA,CA,AWP,WE,Towers with Radar,0,6,26,0,32,0,0,60,0,60,0,6,86,0,92,78,0,78,170
11/01/2018,CMA,CA,AWP,WE,Towers with Radar,0,16,36,0,52,0,0,136,0,136,0,16,172,0,188,184,0,184,372
11/02/2018,CMA,CA,AWP,WE,Towers with Radar,0,7,39,0,46,0,0,165,3,168,0,7,204,3,214,300,0,300,514
11/03/2018,CMA,CA,AWP,WE,Towers with Radar,0,9,47,0,56,0,1,257,1,259,0,10,304,1,315,196,0,196,511
11/04/2018,CMA,CA,AWP,WE,Towers with Radar,0,6,30,0,36,0,0,222,0,222,0,6,252,0,258,108,0,108,366
11/05/2018,CMA,CA,AWP,WE,Towers with Radar,0,10,30,0,40,0,1,181,2,184,0,11,211,2,224,187,0,187,411
11/06/2018,CMA,CA,AWP,WE,Towers with Radar,0,8,33,0,41,0,2,157,7,166,0,10,190,7,207,308,0,308,515
11/07/2018,CMA,CA,AWP,WE,Towers with Radar,0,7,79,1,87,0,0,90,1,91,0,7,169,2,178,280,0,280,458
11/08/2018,CMA,CA,AWP,WE,Towers with Radar,0,7,22,0,29,0,0,80,0,80,0,7,102,0,109,75,0,75,184
11/09/2018,CMA,CA,AWP,WE,Towers with Radar,0,0,3,0,3,0,1,81,0,82,0,1,84,0,85,0,0,0,85
11/10/2018,CMA,CA,AWP,WE,Towers with Radar,0,3,18,0,21,0,0,160,0,160,0,3,178,0,181,30,12,42,223
11/11/2018,CMA,CA,AWP,WE,Towers with Radar,0,7,6,1,14,0,4,121,0,125,0,11,127,1,139,4,0,4,143
11/12/2018,CMA,CA,AWP,WE,Towers with Radar,0,2,10,2,14,0,3,152,1,156,0,5,162,3,170,2,0,2,172
11/13/2018,CMA,CA,AWP,WE,Towers with Radar,0,8,15,1,24,0,1,137,0,138,0,9,152,1,162,0,0,0,162
11/14/2018,CMA,CA,AWP,WE,Towers with Radar,0,6,14,1,21,0,0,123,0,123,0,6,137,1,144,175,0,175,319
11/15/2018,CMA,CA,AWP,WE,Towers with Radar,0,8,24,2,34,0,0,178,0,178,0,8,202,2,212,208,0,208,420
11/16/2018,CMA,CA,AWP,WE,Towers with Radar,0,10,20,0,30,0,0,198,0,198,0,10,218,0,228,232,0,232,460
11/17/2018,CMA,CA,AWP,WE,Towers with Radar,0,7,19,1,27,0,0,133,0,133,0,7,152,1,160,150,0,150,310
11/18/2018,CMA,CA,AWP,WE,Towers with Radar,0,5,16,0,21,0,0,167,1,168,0,5,183,1,189,260,12,272,461
11/19/2018,CMA,CA,AWP,WE,Towers with Radar,0,4,27,0,31,0,1,131,1,133,0,5,158,1,164,306,0,306,470
11/20/2018,CMA,CA,AWP,WE,Towers with Radar,0,8,23,0,31,0,0,167,0,167,0,8,190,0,198,258,0,258,456
11/21/2018,CMA,CA,AWP,WE,Towers with Radar,0,10,35,0,45,0,0,126,0,126,0,10,161,0,171,158,0,158,329
11/22/2018,CMA,CA,AWP,WE,Towers with Radar,0,0,7,0,7,0,0,34,0,34,0,0,41,0,41,21,0,21,62
11/23/2018,CMA,CA,AWP,WE,Towers with Radar,0,10,23,0,33,0,1,146,0,147,0,11,169,0,180,146,0,146,326
11/24/2018,CMA,CA,AWP,WE,Towers with Radar,0,6,28,0,34,0,0,205,0,205,0,6,233,0,239,170,0,170,409
11/25/2018,CMA,CA,AWP,WE,Towers with Radar,0,15,25,0,40,0,0,181,0,181,0,15,206,0,221,170,0,170,391
11/26/2018,CMA,CA,AWP,WE,Towers with Radar,0,7,25,0,32,0,1,119,1,121,0,8,144,1,153,222,0,222,375
11/27/2018,CMA,CA,AWP,WE,Towers with Radar,0,10,23,1,34,0,2,191,0,193,0,12,214,1,227,358,0,358,585
11/28/2018,CMA,CA,AWP,WE,Towers with Radar,0,11,61,0,72,0,1,74,1,76,0,12,135,1,148,194,0,194,342
11/29/2018,CMA,CA,AWP,WE,Towers with Radar,0,10,26,0,36,0,0,4,0,4,0,10,30,0,40,28,0,28,68
11/30/2018,CMA,CA,AWP,WE,Towers with Radar,0,26,46,0,72,0,0,116,0,116,0,26,162,0,188,101,12,113,301
12/01/2018,CMA,CA,AWP,WE,Towers with Radar,0,11,25,1,37,0,2,165,0,167,0,13,190,1,204,146,0,146,350
12/02/2018,CMA,CA,AWP,WE,Towers with Radar,0,17,41,0,58,0,0,181,0,181,0,17,222,0,239,176,0,176,415
12/03/2018,CMA,CA,AWP,WE,Towers with Radar,0,11,27,0,38,0,0,170,2,172,0,11,197,2,210,266,0,266,476
12/04/2018,CMA,CA,AWP,WE,Towers with Radar,0,6,17,0,23,0,2,84,1,87,0,8,101,1,110,172,0,172,282
12/05/2018,CMA,CA,AWP,WE,Towers with Radar,0,6,29,1,36,0,0,6,1,7,0,6,35,2,43,44,0,44,87
12/06/2018,CMA,CA,AWP,WE,Towers with Radar,0,16,34,0,50,0,0,18,0,18,0,16,52,0,68,20,0,20,88
12/07/2018,CMA,CA,AWP,WE,Towers with Radar,0,13,39,0,52,0,0,147,4,151,0,13,186,4,203,286,0,286,489
12/08/2018,CMA,CA,AWP,WE,Towers with Radar,0,5,35,0,40,0,0,243,0,243,0,5,278,0,283,216,0,216,499
12/09/2018,CMA,CA,AWP,WE,Towers with Radar,0,12,26,0,38,0,0,180,0,180,0,12,206,0,218,244,0,244,462
12/10/2018,CMA,CA,AWP,WE,Towers with Radar,0,11,40,2,53,0,1,146,0,147,0,12,186,2,200,312,0,312,512
12/11/2018,CMA,CA,AWP,WE,Towers with Radar,0,6,23,0,29,0,3,128,2,133,0,9,151,2,162,222,0,222,384
12/12/2018,CMA,CA,AWP,WE,Towers with Radar,0,9,38,2,49,0,1,145,0,146,0,10,183,2,195,295,0,295,490
12/13/2018,CMA,CA,AWP,WE,Towers with Radar,0,21,39,1,61,0,0,169,0,169,0,21,208,1,230,258,0,258,488
12/14/2018,CMA,CA,AWP,WE,Towers with Radar,0,8,51,0,59,0,3,169,0,172,0,11,220,0,231,250,0,250,481
12/15/2018,CMA,CA,AWP,WE,Towers with Radar,0,4,33,0,37,0,3,245,0,248,0,7,278,0,285,244,0,244,529
12/16/2018,CMA,CA,AWP,WE,Towers with Radar,0,3,37,0,40,0,1,227,0,228,0,4,264,0,268,202,0,202,470
12/17/2018,CMA,CA,AWP,WE,Towers with Radar,0,5,57,0,62,0,0,20,0,20,0,5,77,0,82,110,0,110,192
12/18/2018,CMA,CA,AWP,WE,Towers with Radar,0,6,40,1,47,0,2,164,2,168,0,8,204,3,215,302,0,302,517
12/19/2018,CMA,CA,AWP,WE,Towers with Radar,0,8,28,0,36,0,0,172,0,172,0,8,200,0,208,298,0,298,506
12/20/2018,CMA,CA,AWP,WE,Towers with Radar,0,9,38,0,47,0,0,158,0,158,0,9,196,0,205,198,0,198,403
12/21/2018,CMA,CA,AWP,WE,Towers with Radar,0,18,43,0,61,0,0,217,0,217,0,18,260,0,278,214,0,214,492
12/22/2018,CMA,CA,AWP,WE,Towers with Radar,0,9,41,0,50,0,0,185,0,185,0,9,226,0,235,164,0,164,399
12/23/2018,CMA,CA,AWP,WE,Towers with Radar,0,9,22,0,31,0,1,159,2,162,0,10,181,2,193,96,14,110,303
12/24/2018,CMA,CA,AWP,WE,Towers with Radar,0,2,15,1,18,0,1,127,0,128,0,3,142,1,146,131,0,131,277
12/25/2018,CMA,CA,AWP,WE,Towers with Radar,0,7,3,0,10,0,0,32,0,32,0,7,35,0,42,54,0,54,96
12/26/2018,CMA,CA,AWP,WE,Towers with Radar,0,8,35,0,43,0,0,171,0,171,0,8,206,0,214,134,0,134,348
12/27/2018,CMA,CA,AWP,WE,Towers with Radar,0,8,24,0,32,0,0,218,2,220,0,8,242,2,252,242,2,244,496
12/28/2018,CMA,CA,AWP,WE,Towers with Radar,0,3,14,0,17,0,1,69,0,70,0,4,83,0,87,42,0,42,129
12/29/2018,CMA,CA,AWP,WE,Towers with Radar,0,7,14,0,21,0,0,142,0,142,0,7,156,0,163,130,0,130,293
12/30/2018,CMA,CA,AWP,WE,Towers with Radar,0,17,13,2,32,0,0,219,0,219,0,17,232,2,251,132,0,132,383
12/31/2018,CMA,CA,AWP,WE,Towers with Radar,0,3,13,2,18,0,1,75,0,76,0,4,88,2,94,164,0,164,258
01/01/2019,CMA,CA,AWP,WE,Towers with Radar,0,6,8,0,14,0,1,33,0,34,0,7,41,0,48,20,0,20,68
01/02/2019,CMA,CA,AWP,WE,Towers with Radar,0,11,27,0,38,0,2,94,0,96,0,13,121,0,134,130,0,130,264
01/03/2019,CMA,CA,AWP,WE,Towers with Radar,0,13,32,0,45,0,0,221,0,221,0,13,253,0,266,238,0,238,504
01/04/2019,CMA,CA,AWP,WE,Towers with Radar,0,12,26,0,38,0,0,220,2,222,0,12,246,2,260,226,0,226,486
01/05/2019,CMA,CA,AWP,WE,Towers with Radar,0,8,38,0,46,0,0,39,0,39,0,8,77,0,85,126,12,138,223
01/06/2019,CMA,CA,AWP,WE,Towers with Radar,0,7,47,0,54,0,1,125,0,126,0,8,172,0,180,197,0,197,377
01/07/2019,CMA,CA,AWP,WE,Towers with Radar,0,6,42,0,48,0,0,12,2,14,0,6,54,2,62,44,0,44,106
01/08/2019,CMA,CA,AWP,WE,Towers with Radar,0,8,32,0,40,0,0,122,0,122,0,8,154,0,162,198,14,212,374
01/09/2019,CMA,CA,AWP,WE,Towers with Radar,0,5,32,0,37,0,0,142,3,145,0,5,174,3,182,418,0,418,600
01/10/2019,CMA,CA,AWP,WE,Towers with Radar,0,11,40,2,53,0,0,225,0,225,0,11,265,2,278,224,0,224,502
01/11/2019,CMA,CA,AWP,WE,Towers with Radar,0,6,42,0,48,0,1,76,2,79,0,7,118,2,127,224,0,224,351
01/12/2019,CMA,CA,AWP,WE,Towers with Radar,0,7,26,1,34,0,0,68,0,68,0,7,94,1,102,254,0,254,356
01/13/2019,CMA,CA,AWP,WE,Towers with Radar,0,11,35,0,46,0,0,169,0,169,0,11,204,0,215,172,0,172,387
01/14/2019,CMA,CA,AWP,WE,Towers with Radar,0,1,20,0,21,0,0,9,0,9,0,1,29,0,30,30,0,30,60
01/15/2019,CMA,CA,AWP,WE,Towers with Radar,0,2,19,0,21,0,0,10,0,10,0,2,29,0,31,66,0,66,97
01/16/2019,CMA,CA,AWP,WE,Towers with Radar,0,6,42,0,48,0,0,17,0,17,0,6,59,0,65,126,0,126,191
01/17/2019,CMA,CA,AWP,WE,Towers with Radar,0,8,41,0,49,0,0,8,2,10,0,8,49,2,59,94,0,94,153
01/18/2019,CMA,CA,AWP,WE,Towers with Radar,0,9,34,1,44,0,0,197,0,197,0,9,231,1,241,328,0,328,569
01/19/2019,CMA,CA,AWP,WE,Towers with Radar,0,9,37,5,51,0,0,284,0,284,0,9,321,5,335,234,0,234,569
01/20/2019,CMA,CA,AWP,WE,Towers with Radar,0,2,36,2,40,0,0,197,0,197,0,2,233,2,237,184,0,184,421
01/21/2019,CMA,CA,AWP,WE,Towers with Radar,0,6,28,1,35,0,0,120,0,120,0,6,148,1,155,218,0,218,373
01/22/2019,CMA,CA,AWP,WE,Towers with Radar,0,5,11,0,16,0,0,86,0,86,0,5,97,0,102,62,0,62,164
01/23/2019,CMA,CA,AWP,WE,Towers with Radar,0,6,29,1,36,0,0,230,0,230,0,6,259,1,266,332,0,332,598
01/24/2019,CMA,CA,AWP,WE,Towers with Radar,0,8,29,0,37,0,1,105,0,106,0,9,134,0,143,95,0,95,238
01/25/2019,CMA,CA,AWP,WE,Towers with Radar,0,7,35,0,42,0,0,174,0,174,0,7,209,0,216,356,0,356,572
01/26/2019,CMA,CA,AWP,WE,Towers with Radar,0,4,10,0,14,0,0,145,0,145,0,4,155,0,159,176,0,176,335
01/27/2019,CMA,CA,AWP,WE,Towers with Radar,0,9,35,0,44,0,3,343,0,346,0,12,378,0,390,222,0,222,612
01/28/2019,CMA,CA,AWP,WE,Towers with Radar,0,5,25,1,31,0,1,196,1,198,0,6,221,2,229,262,8,270,499
01/29/2019,CMA,CA,AWP,WE,Towers with Radar,0,14,43,0,57,0,2,207,0,209,0,16,250,0,266,338,0,338,604
01/30/2019,CMA,CA,AWP,WE,Towers with Radar,0,10,39,0,49,0,1,169,0,170,0,11,208,0,219,320,0,320,539
01/31/2019,CMA,CA,AWP,WE,Towers with Radar,0,9,32,0,41,0,0,20,0,20,0,9,52,0,61,118,0,118,179
02/01/2019,CMA,CA,AWP,WE,Towers with Radar,0,8,37,0,45,0,0,131,1,132,0,8,168,1,177,196,0,196,373
02/02/2019,CMA,CA,AWP,WE,Towers with Radar,0,3,23,0,26,0,1,5,0,6,0,4,28,0,32,16,0,16,48
02/03/2019,CMA,CA,AWP,WE,Towers with Radar,0,5,19,0,24,0,0,9,2,11,0,5,28,2,35,46,8,54,89
02/04/2019,CMA,CA,AWP,WE,Towers with Radar,0,6,13,0,19,0,0,11,1,12,0,6,24,1,31,22,8,30,61
02/05/2019,CMA,CA,AWP,WE,Towers with Radar,0,4,27,0,31,0,1,55,0,56,0,5,82,0,87,202,0,202,289
02/06/2019,CMA,CA,AWP,WE,Towers with Radar,0,10,24,0,34,0,0,187,0,187,0,10,211,0,221,464,0,464,685
02/07/2019,CMA,CA,AWP,WE,Towers with Radar,0,4,35,0,39,0,0,222,0,222,0,4,257,0,261,300,0,300,561
02/08/2019,CMA,CA,AWP,WE,Towers with Radar,0,9,38,0,47,0,0,194,0,194,0,9,232,0,241,234,0,234,475
02/09/2019,CMA,CA,AWP,WE,Towers with Radar,0,5,32,1,38,0,0,141,0,141,0,5,173,1,179,258,0,258,437
02/10/2019,CMA,CA,AWP,WE,Towers with Radar,0,8,23,0,31,0,0,25,0,25,0,8,48,0,56,102,0,102,158
02/11/2019,CMA,CA,AWP,WE,Towers with Radar,0,6,32,0,38,0,0,207,0,207,0,6,239,0,245,306,0,306,551
02/12/2019,CMA,CA,AWP,WE,Towers with Radar,0,3,26,1,30,0,0,155,3,158,0,3,181,4,188,122,0,122,310
02/13/2019,CMA,CA,AWP,WE,Towers with Radar,0,8,33,0,41,0,0,6,0,6,0,8,39,0,47,10,0,10,57
02/14/2019,CMA,CA,AWP,WE,Towers with Radar,0,9,27,0,36,0,0,4,0,4,0,9,31,0,40,44,0,44,84
02/15/2019,CMA,CA,AWP,WE,Towers with Radar,0,9,38,4,51,0,0,29,0,29,0,9,67,4,80,174,0,174,254
02/16/2019,CMA,CA,AWP,WE,Towers with Radar,0,4,32,0,36,0,2,281,0,283,0,6,313,0,319,314,0,314,633
02/17/2019,CMA,CA,AWP,WE,Towers with Radar,0,2,19,0,21,0,0,68,0,68,0,2,87,0,89,212,0,212,301
02/18/2019,CMA,CA,AWP,WE,Towers with Radar,0,13,35,0,48,0,0,238,5,243,0,13,273,5,291,222,8,230,521
02/19/2019,CMA,CA,AWP,WE,Towers with Radar,0,7,34,0,41,0,2,184,0,186,0,9,218,0,227,448,0,448,675
02/20/2019,CMA,CA,AWP,WE,Towers with Radar,0,12,44,0,56,0,0,97,1,98,0,12,141,1,154,359,0,359,513
02/21/2019,CMA,CA,AWP,WE,Towers with Radar,0,6,37,0,43,0,0,110,1,111,0,6,147,1,154,214,0,214,368
02/22/2019,CMA,CA,AWP,WE,Towers with Radar,0,8,39,3,50,0,0,223,1,224,0,8,262,4,274,350,0,350,624
02/23/2019,CMA,CA,AWP,WE,Towers with Radar,0,4,20,0,24,0,6,278,0,284,0,10,298,0,308,216,0,216,524
02/24/2019,CMA,CA,AWP,WE,Towers with Radar,0,11,25,0,36,0,0,236,0,236,0,11,261,0,272,220,0,220,492
02/25/2019,CMA,CA,AWP,WE,Towers with Radar,0,14,31,4,49,0,0,175,4,179,0,14,206,8,228,180,0,180,408
02/26/2019,CMA,CA,AWP,WE,Towers with Radar,0,13,51,1,65,0,3,151,2,156,0,16,202,3,221,228,0,228,449
02/27/2019,CMA,CA,AWP,WE,Towers with Radar,0,15,34,1,50,0,0,43,0,43,0,15,77,1,93,168,0,168,261
02/28/2019,CMA,CA,AWP,WE,Towers with Radar,0,9,46,3,58,0,1,21,1,23,0,10,67,4,81,102,0,102,183
03/01/2019,CMA,CA,AWP,WE,Towers with Radar,0,11,64,0,75,0,2,85,0,87,0,13,149,0,162,366,0,366,528
03/02/2019,CMA,CA,AWP,WE,Towers with Radar,0,4,25,0,29,0,0,1,0,1,0,4,26,0,30,8,0,8,38
03/03/2019,CMA,CA,AWP,WE,Towers with Radar,0,15,60,0,75,0,0,33,0,33,0,15,93,0,108,128,0,128,236
03/04/2019,CMA,CA,AWP,WE,Towers with Radar,0,10,64,0,74,0,2,171,0,173,0,12,235,0,247,296,0,296,543
03/05/2019,CMA,CA,AWP,WE,Towers with Radar,0,9,24,0,33,0,0,52,0,52,0,9,76,0,85,288,0,288,373
03/06/2019,CMA,CA,AWP,WE,Towers with Radar,0,10,28,0,38,0,0,0,0,0,0,10,28,0,38,0,0,0,38
03/07/2019,CMA,CA,AWP,WE,Towers with Radar,0,8,50,0,58,0,0,106,0,106,0,8,156,0,164,296,0,296,460
03/08/2019,CMA,CA,AWP,WE,Towers with Radar,0,8,44,0,52,0,0,198,2,200,0,8,242,2,252,230,0,230,482
03/09/2019,CMA,CA,AWP,WE,Towers with Radar,0,4,36,0,40,0,0,255,0,255,0,4,291,0,295,314,0,314,609
03/10/2019,CMA,CA,AWP,WE,Towers with Radar,0,10,31,0,41,0,1,105,2,108,0,11,136,2,149,204,0,204,353
03/11/2019,CMA,CA,AWP,WE,Towers with Radar,0,14,35,0,49,0,1,83,2,86,0,15,118,2,135,130,1,131,266
03/12/2019,CMA,CA,AWP,WE,Towers with Radar,0,7,35,0,42,0,2,134,0,136,0,9,169,0,178,192,4,196,374
03/13/2019,CMA,CA,AWP,WE,Towers with Radar,0,12,33,3,48,0,0,202,4,206,0,12,235,7,254,268,0,268,522
03/14/2019,CMA,CA,AWP,WE,Towers with Radar,0,12,19,1,32,0,0,74,1,75,0,12,93,2,107,40,16,56,163
03/15/2019,CMA,CA,AWP,WE,Towers with Radar,0,7,22,0,29,0,0,94,2,96,0,7,116,2,125,20,8,28,153
03/16/2019,CMA,CA,AWP,WE,Towers with Radar,0,5,23,0,28,0,0,148,0,148,0,5,171,0,176,64,0,64,240
03/17/2019,CMA,CA,AWP,WE,Towers with Radar,0,3,42,0,45,0,0,257,0,257,0,3,299,0,302,192,0,192,494
03/18/2019,CMA,CA,AWP,WE,Towers with Radar,0,6,46,1,53,0,4,244,2,250,0,10,290,3,303,218,0,218,521
03/19/2019,CMA,CA,AWP,WE,Towers with Radar,0,9,43,0,52,0,0,77,2,79,0,9,120,2,131,202,6,208,339
03/20/2019,CMA,CA,AWP,WE,Towers with Radar,0,7,34,0,41,0,1,70,3,74,0,8,104,3,115,172,0,172,287
03/21/2019,CMA,CA,AWP,WE,Towers with Radar,0,11,51,1,63,0,0,118,1,119,0,11,169,2,182,322,0,322,504
03/22/2019,CMA,CA,AWP,WE,Towers with Radar,0,10,97,0,107,0,2,256,0,258,0,12,353,0,365,190,0,190,555
03/23/2019,CMA,CA,AWP,WE,Towers with Radar,0,10,68,0,78,0,0,106,0,106,0,10,174,0,184,230,0,230,414
03/24/2019,CMA,CA,AWP,WE,Towers with Radar,0,11,61,0,72,0,0,258,1,259,0,11,319,1,331,158,0,158,489
03/25/2019,CMA,CA,AWP,WE,Towers with Radar,0,17,41,1,59,0,2,176,0,178,0,19,217,1,237,252,0,252,489
03/26/2019,CMA,CA,AWP,WE,Towers with Radar,0,15,22,0,37,0,2,143,0,145,0,17,165,0,182,276,0,276,458
03/27/2019,CMA,CA,AWP,WE,Towers with Radar,0,13,66,0,79,0,3,47,0,50,0,16,113,0,129,182,0,182,311
03/28/2019,CMA,CA,AWP,WE,Towers with Radar,0,11,64,4,79,0,0,153,0,153,0,11,217,4,232,220,0,220,452
03/29/2019,CMA,CA,AWP,WE,Towers with Radar,0,11,38,3,52,0,1,222,2,225,0,12,260,5,277,330,0,330,607
03/30/2019,CMA,CA,AWP,WE,Towers with Radar,0,9,16,0,25,0,2,290,0,292,0,11,306,0,317,216,0,216,533
03/31/2019,CMA,CA,AWP,WE,Towers with Radar,0,11,27,0,38,0,0,210,7,217,0,11,237,7,255,134,0,134,389
04/01/2019,CMA,CA,AWP,WE,Towers with Radar,0,9,27,3,39,0,0,172,0,172,0,9,199,3,211,158,0,158,369
04/02/2019,CMA,CA,AWP,WE,Towers with Radar,0,6,33,0,39,0,2,94,0,96,0,8,127,0,135,282,0,282,417
04/03/2019,CMA,CA,AWP,WE,Towers with Radar,0,14,54,0,68,0,0,93,4,97,0,14,147,4,165,250,4,254,419
04/04/2019,CMA,CA,AWP,WE,Towers with Radar,0,14,54,0,68,0,0,86,0,86,0,14,140,0,154,422,0,422,576
04/05/2019,CMA,CA,AWP,WE,Towers with Radar,0,7,43,2,52,0,1,129,0,130,0,8,172,2,182,346,0,346,528
04/06/2019,CMA,CA,AWP,WE,Towers with Radar,0,4,31,0,35,0,1,306,0,307,0,5,337,0,342,261,0,261,603
04/07/2019,CMA,CA,AWP,WE,Towers with Radar,0,5,30,1,36,0,0,245,1,246,0,5,275,2,282,212,0,212,494
04/08/2019,CMA,CA,AWP,WE,Towers with Radar,0,6,31,0,37,0,0,179,0,179,0,6,210,0,216,366,0,366,582
04/09/2019,CMA,CA,AWP,WE,Towers with Radar,0,8,36,0,44,0,1,129,0,130,0,9,165,0,174,204,0,204,378
04/10/2019,CMA,CA,AWP,WE,Towers with Radar,0,11,17,0,28,0,2,126,0,128,0,13,143,0,156,146,0,146,302
04/11/2019,CMA,CA,AWP,WE,Towers with Radar,0,8,34,0,42,0,0,168,10,178,0,8,202,10,220,168,0,168,388
04/12/2019,CMA,CA,AWP,WE,Towers with Radar,0,15,29,1,45,0,2,216,1,219,0,17,245,2,264,376,0,376,640
04/13/2019,CMA,CA,AWP,WE,Towers with Radar,0,4,37,0,41,0,6,300,0,306,0,10,337,0,347,264,0,264,611
04/14/2019,CMA,CA,AWP,WE,Towers with Radar,0,13,48,0,61,0,0,235,1,236,0,13,283,1,297,192,0,192,489
04/15/2019,CMA,CA,AWP,WE,Towers with Radar,0,11,39,0,50,0,0,116,2,118,0,11,155,2,168,152,52,204,372
04/16/2019,CMA,CA,AWP,WE,Towers with Radar,0,7,45,0,52,0,0,64,0,64,0,7,109,0,116,254,0,254,370
04/17/2019,CMA,CA,AWP,WE,Towers with Radar,0,11,35,2,48,0,2,219,0,221,0,13,254,2,269,246,0,246,515
04/18/2019,CMA,CA,AWP,WE,Towers with Radar,0,12,22,0,34,0,0,212,1,213,0,12,234,1,247,184,8,192,439
04/19/2019,CMA,CA,AWP,WE,Towers with Radar,0,13,57,0,70,0,2,88,0,90,0,15,145,0,160,201,14,215,375
04/20/2019,CMA,CA,AWP,WE,Towers with Radar,0,7,114,0,121,0,0,58,0,58,0,7,172,0,179,284,0,284,463
04/21/2019,CMA,CA,AWP,WE,Towers with Radar,0,10,31,0,41,0,0,110,0,110,0,10,141,0,151,160,1,161,312
04/22/2019,CMA,CA,AWP,WE,Towers with Radar,0,3,32,3,38,0,0,188,3,191,0,3,220,6,229,214,24,238,467
04/23/2019,CMA,CA,AWP,WE,Towers with Radar,0,2,31,1,34,0,1,202,1,204,0,3,233,2,238,272,0,272,510
04/24/2019,CMA,CA,AWP,WE,Towers with Radar,0,8,52,1,61,0,0,209,0,209,0,8,261,1,270,150,0,150,420
04/25/2019,CMA,CA,AWP,WE,Towers with Radar,0,11,61,0,72,0,1,172,4,177,0,12,233,4,249,174,0,174,423
04/26/2019,CMA,CA,AWP,WE,Towers with Radar,0,7,72,1,80,0,0,67,0,67,0,7,139,1,147,263,0,263,410
04/27/2019,CMA,CA,AWP,WE,Towers with Radar,0,4,115,0,119,0,0,24,0,24,0,4,139,0,143,151,0,151,294
04/28/2019,CMA,CA,AWP,WE,Towers with Radar,0,6,73,1,80,0,0,45,1,46,0,6,118,2,126,254,0,254,380
04/29/2019,CMA,CA,AWP,WE,Towers with Radar,0,7,56,0,63,0,0,87,2,89,0,7,143,2,152,268,0,268,420
04/30/2019,CMA,CA,AWP,WE,Towers with Radar,0,8,42,2,52,0,1,73,1,75,0,9,115,3,127,272,0,272,399
05/01/2019,CMA,CA,AWP,WE,Towers with Radar,0,8,49,6,63,0,3,213,0,216,0,11,262,6,279,214,0,214,493
05/02/2019,CMA,CA,AWP,WE,Towers with Radar,0,6,47,0,53,0,2,208,0,210,0,8,255,0,263,286,0,286,549
05/03/2019,CMA,CA,AWP,WE,Towers with Radar,0,7,46,0,53,0,1,214,0,215,0,8,260,0,268,274,0,274,542
05/04/2019,CMA,CA,AWP,WE,Towers with Radar,0,9,61,0,70,0,1,149,0,150,0,10,210,0,220,182,0,182,402
05/05/2019,CMA,CA,AWP,WE,Towers with Radar,0,6,45,1,52,0,0,156,1,157,0,6,201,2,209,96,0,96,305
05/06/2019,CMA,CA,AWP,WE,Towers with Radar,0,9,36,0,45,0,4,76,0,80,0,13,112,0,125,212,0,212,337
05/07/2019,CMA,CA,AWP,WE,Towers with Radar,0,10,47,2,59,0,1,90,0,91,0,11,137,2,150,245,0,245,395
05/08/2019,CMA,CA,AWP,WE,Towers with Radar,0,3,74,5,82,0,1,69,0,70,0,4,143,5,152,224,0,224,376
05/09/2019,CMA,CA,AWP,WE,Towers with Radar,0,15,89,0,104,0,0,58,2,60,0,15,147,2,164,332,0,332,496
05/10/2019,CMA,CA,AWP,WE,Towers with Radar,0,7,46,0,53,0,0,102,0,102,0,7,148,0,155,198,0,198,353
05/11/2019,CMA,CA,AWP,WE,Towers with Radar,0,1,45,0,46,0,2,253,1,256,0,3,298,1,302,220,10,230,532
05/12/2019,CMA,CA,AWP,WE,Towers with Radar,0,9,46,0,55,0,0,168,0,168,0,9,214,0,223,196,0,196,419
05/13/2019,CMA,CA,AWP,WE,Towers with Radar,0,12,65,2,79,0,0,23,0,23,0,12,88,2,102,82,0,82,184
05/14/2019,CMA,CA,AWP,WE,Towers with Radar,0,14,59,1,74,0,4,75,1,80,0,18,134,2,154,219,0,219,373
05/15/2019,CMA,CA,AWP,WE,Towers with Radar,0,12,78,0,90,0,2,83,0,85,0,14,161,0,175,176,0,176,351
05/16/2019,CMA,CA,AWP,WE,Towers with Radar,0,14,23,0,37,0,0,31,0,31,0,14,54,0,68,64,0,64,132
05/17/2019,CMA,CA,AWP,WE,Towers with Radar,0,11,34,2,47,0,1,273,0,274,0,12,307,2,321,266,0,266,587
05/18/2019,CMA,CA,AWP,WE,Towers with Radar,0,5,31,0,36,0,1,283,0,284,0,6,314,0,320,294,0,294,614
05/19/2019,CMA,CA,AWP,WE,Towers with Radar,0,11,54,0,65,0,1,26,0,27,0,12,80,0,92,52,0,52,144
05/20/2019,CMA,CA,AWP,WE,Towers with Radar,0,10,34,0,44,0,3,153,1,157,0,13,187,1,201,220,0,220,421
05/21/2019,CMA,CA,AWP,WE,Towers with Radar,0,8,40,2,50,0,1,73,0,74,0,9,113,2,124,98,0,98,222
05/22/2019,CMA,CA,AWP,WE,Towers with Radar,0,5,29,2,36,0,2,134,2,138,0,7,163,4,174,130,0,130,304
05/23/2019,CMA,CA,AWP,WE,Towers with Radar,0,19,68,1,88,0,1,85,0,86,0,20,153,1,174,294,0,294,468
05/24/2019,CMA,CA,AWP,WE,Towers with Radar,0,8,39,0,47,0,0,341,0,341,0,8,380,0,388,242,0,242,630
05/25/2019,CMA,CA,AWP,WE,Towers with Radar,0,8,58,1,67,0,0,219,0,219,0,8,277,1,286,278,0,278,564
05/26/2019,CMA,CA,AWP,WE,Towers with Radar,0,12,28,1,41,0,0,39,0,39,0,12,67,1,80,210,0,210,290
05/27/2019,CMA,CA,AWP,WE,Towers with Radar,0,14,38,0,52,0,0,376,0,376,0,14,414,0,428,171,0,171,599
05/28/2019,CMA,CA,AWP,WE,Towers with Radar,0,14,33,1,48,0,2,191,0,193,0,16,224,1,241,192,0,192,433
05/29/2019,CMA,CA,AWP,WE,Towers with Radar,0,10,30,0,40,0,1,202,0,203,0,11,232,0,243,214,0,214,457
05/30/2019,CMA,CA,AWP,WE,Towers with Radar,0,13,50,0,63,0,0,174,2,176,0,13,224,2,239,240,0,240,479
05/31/2019,CMA,CA,AWP,WE,Towers with Radar,0,6,106,2,114,0,0,37,4,41,0,6,143,6,155,186,0,186,341
06/01/2019,CMA,CA,AWP,WE,Towers with Radar,0,8,78,0,86,0,1,6,0,7,0,9,84,0,93,48,0,48,141
06/02/2019,CMA,CA,AWP,WE,Towers with Radar,0,6,64,0,70,0,0,40,0,40,0,6,104,0,110,102,0,102,212
06/03/2019,CMA,CA,AWP,WE,Towers with Radar,0,8,50,0,58,0,0,45,0,45,0,8,95,0,103,179,0,179,282
06/04/2019,CMA,CA,AWP,WE,Towers with Radar,0,6,70,0,76,0,0,42,1,43,0,6,112,1,119,220,0,220,339
06/05/2019,CMA,CA,AWP,WE,Towers with Radar,0,4,54,0,58,0,1,47,0,48,0,5,101,0,106,96,0,96,202
06/06/2019,CMA,CA,AWP,WE,Towers with Radar,0,5,68,2,75,0,1,79,0,80,0,6,147,2,155,100,0,100,255
06/07/2019,CMA,CA,AWP,WE,Towers with Radar,0,10,97,5,112,0,0,71,0,71,0,10,168,5,183,128,0,128,311
06/08/2019,CMA,CA,AWP,WE,Towers with Radar,0,5,24,0,29,0,0,268,0,268,0,5,292,0,297,186,0,186,483
06/09/2019,CMA,CA,AWP,WE,Towers with Radar,0,7,31,1,39,0,0,171,0,171,0,7,202,1,210,127,0,127,337
06/10/2019,CMA,CA,AWP,WE,Towers with Radar,0,6,23,0,29,0,0,177,3,180,0,6,200,3,209,204,0,204,413
06/11/2019,CMA,CA,AWP,WE,Towers with Radar,0,6,32,1,39,0,0,125,0,125,0,6,157,1,164,280,0,280,444
06/12/2019,CMA,CA,AWP,WE,Towers with Radar,0,8,41,3,52,0,2,140,3,145,0,10,181,6,197,244,22,266,463
06/13/2019,CMA,CA,AWP,WE,Towers with Radar,0,17,54,0,71,0,0,86,1,87,0,17,140,1,158,162,0,162,320
06/14/2019,CMA,CA,AWP,WE,Towers with Radar,0,11,75,0,86,0,0,67,0,67,0,11,142,0,153,296,0,296,449
06/15/2019,CMA,CA,AWP,WE,Towers with Radar,0,2,75,0,77,0,0,80,0,80,0,2,155,0,157,242,0,242,399
06/16/2019,CMA,CA,AWP,WE,Towers with Radar,0,15,87,0,102,0,1,78,1,80,0,16,165,1,182,164,0,164,346
06/17/2019,CMA,CA,AWP,WE,Towers with Radar,0,8,57,0,65,0,0,78,0,78,0,8,135,0,143,240,0,240,383
06/18/2019,CMA,CA,AWP,WE,Towers with Radar,0,4,96,2,102,0,2,55,0,57,0,6,151,2,159,300,0,300,459
06/19/2019,CMA,CA,AWP,WE,Towers with Radar,0,14,68,4,86,0,0,121,0,121,0,14,189,4,207,242,0,242,449
06/20/2019,CMA,CA,AWP,WE,Towers with Radar,0,5,80,0,85,0,0,40,0,40,0,5,120,0,125,214,0,214,339
06/21/2019,CMA,CA,AWP,WE,Towers with Radar,0,4,64,5,73,0,0,79,0,79,0,4,143,5,152,230,0,230,382
06/22/2019,CMA,CA,AWP,WE,Towers with Radar,0,15,41,1,57,0,1,202,0,203,0,16,243,1,260,168,0,168,428
06/23/2019,CMA,CA,AWP,WE,Towers with Radar,0,21,73,0,94,0,0,219,0,219,0,21,292,0,313,190,0,190,503
06/24/2019,CMA,CA,AWP,WE,Towers with Radar,0,6,56,0,62,0,0,42,0,42,0,6,98,0,104,228,0,228,332
06/25/2019,CMA,CA,AWP,WE,Towers with Radar,0,11,71,0,82,0,0,26,0,26,0,11,97,0,108,132,0,132,240
06/26/2019,CMA,CA,AWP,WE,Towers with Radar,0,9,55,2,66,0,3,87,0,90,0,12,142,2,156,226,0,226,382
06/27/2019,CMA,CA,AWP,WE,Towers with Radar,0,11,44,1,56,0,1,189,3,193,0,12,233,4,249,268,8,276,525
06/28/2019,CMA,CA,AWP,WE,Towers with Radar,0,18,52,0,70,0,0,232,0,232,0,18,284,0,302,162,10,172,474
06/29/2019,CMA,CA,AWP,WE,Towers with Radar,0,6,23,0,29,0,1,235,0,236,0,7,258,0,265,170,0,170,435
06/30/2019,CMA,CA,AWP,WE,Towers with Radar,0,8,33,0,41,0,0,256,0,256,0,8,289,0,297,234,0,234,531
07/01/2019,CMA,CA,AWP,WE,Towers with Radar,0,6,18,0,24,0,0,206,2,208,0,6,224,2,232,240,2,242,474
07/02/2019,CMA,CA,AWP,WE,Towers with Radar,0,5,37,0,42,0,1,206,1,208,0,6,243,1,250,254,0,254,504
07/03/2019,CMA,CA,AWP,WE,Towers with Radar,0,9,33,0,42,0,1,202,0,203,0,10,235,0,245,206,0,206,451
07/04/2019,CMA,CA,AWP,WE,Towers with Radar,0,3,40,0,43,0,0,68,0,68,0,3,108,0,111,102,0,102,213
07/05/2019,CMA,CA,AWP,WE,Towers with Radar,0,7,35,0,42,0,1,169,0,170,0,8,204,0,212,280,0,280,492
07/06/2019,CMA,CA,AWP,WE,Towers with Radar,0,6,49,1,56,0,0,154,1,155,0,6,203,2,211,112,0,112,323
07/07/2019,CMA,CA,AWP,WE,Towers with Radar,0,17,68,0,85,0,0,116,0,116,0,17,184,0,201,156,0,156,357
07/08/2019,CMA,CA,AWP,WE,Towers with Radar,0,12,51,0,63,0,2,48,0,50,0,14,99,0,113,250,0,250,363
07/09/2019,CMA,CA,AWP,WE,Towers with Radar,0,7,40,0,47,0,1,133,0,134,0,8,173,0,181,216,0,216,397
07/10/2019,CMA,CA,AWP,WE,Towers with Radar,0,5,25,0,30,0,1,208,0,209,0,6,233,0,239,330,0,330,569
07/11/2019,CMA,CA,AWP,WE,Towers with Radar,0,8,26,0,34,0,2,183,0,185,0,10,209,0,219,270,0,270,489
07/12/2019,CMA,CA,AWP,WE,Towers with Radar,0,11,42,0,53,0,0,214,0,214,0,11,256,0,267,206,0,206,473
07/13/2019,CMA,CA,AWP,WE,Towers with Radar,0,17,44,1,62,0,1,236,0,237,0,18,280,1,299,140,0,140,439
07/14/2019,CMA,CA,AWP,WE,Towers with Radar,0,14,48,1,63,0,1,172,0,173,0,15,220,1,236,123,0,123,359
07/15/2019,CMA,CA,AWP,WE,Towers with Radar,0,11,40,1,52,0,1,153,2,156,0,12,193,3,208,311,0,311,519
07/16/2019,CMA,CA,AWP,WE,Towers with Radar,0,8,40,0,48,0,0,176,0,176,0,8,216,0,224,362,0,362,586
07/17/2019,CMA,CA,AWP,WE,Towers with Radar,0,9,40,1,50,0,0,140,0,140,0,9,180,1,190,357,0,357,547
07/18/2019,CMA,CA,AWP,WE,Towers with Radar,0,9,50,0,59,0,0,158,0,158,0,9,208,0,217,270,0,270,487
07/19/2019,CMA,CA,AWP,WE,Towers with Radar,0,13,42,2,57,0,3,162,7,172,0,16,204,9,229,232,2,234,463
07/20/2019,CMA,CA,AWP,WE,Towers with Radar,0,11,47,0,58,0,0,214,0,214,0,11,261,0,272,192,0,192,464
07/21/2019,CMA,CA,AWP,WE,Towers with Radar,0,8,41,3,52,0,0,217,2,219,0,8,258,5,271,240,0,240,511
07/22/2019,CMA,CA,AWP,WE,Towers with Radar,0,11,28,0,39,0,1,129,1,131,0,12,157,1,170,266,0,266,436
07/23/2019,CMA,CA,AWP,WE,Towers with Radar,0,8,30,1,39,0,1,174,0,175,0,9,204,1,214,234,0,234,448
07/24/2019,CMA,CA,AWP,WE,Towers with Radar,0,1,26,2,29,0,1,165,2,168,0,2,191,4,197,336,0,336,533
07/25/2019,CMA,CA,AWP,WE,Towers with Radar,0,9,37,4,50,0,0,176,5,181,0,9,213,9,231,236,4,240,471
07/26/2019,CMA,CA,AWP,WE,Towers with Radar,0,9,32,0,41,0,0,179,1,180,0,9,211,1,221,232,2,234,455
07/27/2019,CMA,CA,AWP,WE,Towers with Radar,0,5,30,1,36,0,2,245,0,247,0,7,275,1,283,250,0,250,533
07/28/2019,CMA,CA,AWP,WE,Towers with Radar,0,5,25,0,30,0,0,162,1,163,0,5,187,1,193,140,0,140,333
07/29/2019,CMA,CA,AWP,WE,Towers with Radar,0,9,51,0,60,0,0,151,2,153,0,9,202,2,213,296,6,302,515
07/30/2019,CMA,CA,AWP,WE,Towers with Radar,0,9,27,1,37,0,1,166,4,171,0,10,193,5,208,347,0,347,555
07/31/2019,CMA,CA,AWP,WE,Towers with Radar,0,9,35,2,46,0,0,195,1,196,0,9,230,3,242,348,0,348,590
08/01/2019,CMA,CA,AWP,WE,Towers with Radar,0,6,44,1,51,0,0,153,3,156,0,6,197,4,207,124,0,124,331
08/02/2019,CMA,CA,AWP,WE,Towers with Radar,0,9,41,2,52,0,0,208,0,208,0,9,249,2,260,280,0,280,540
08/03/2019,CMA,CA,AWP,WE,Towers with Radar,0,4,33,0,37,0,0,169,0,169,0,4,202,0,206,258,0,258,464
08/04/2019,CMA,CA,AWP,WE,Towers with Radar,0,12,53,0,65,0,0,184,0,184,0,12,237,0,249,112,0,112,361
08/05/2019,CMA,CA,AWP,WE,Towers with Radar,0,8,41,0,49,0,5,135,2,142,0,13,176,2,191,136,0,136,327
08/06/2019,CMA,CA,AWP,WE,Towers with Radar,0,3,37,0,40,0,1,140,0,141,0,4,177,0,181,222,0,222,403
08/07/2019,CMA,CA,AWP,WE,Towers with Radar,0,4,21,0,25,0,0,70,2,72,0,4,91,2,97,105,2,107,204
08/08/2019,CMA,CA,AWP,WE,Towers with Radar,0,3,43,0,46,0,1,158,0,159,0,4,201,0,205,200,2,202,407
08/09/2019,CMA,CA,AWP,WE,Towers with Radar,0,9,33,1,43,0,1,240,0,241,0,10,273,1,284,338,0,338,622
08/10/2019,CMA,CA,AWP,WE,Towers with Radar,0,4,24,0,28,0,2,256,0,258,0,6,280,0,286,236,0,236,522
08/11/2019,CMA,CA,AWP,WE,Towers with Radar,0,14,28,0,42,0,0,184,0,184,0,14,212,0,226,252,0,252,478
08/12/2019,CMA,CA,AWP,WE,Towers with Radar,0,7,29,0,36,0,2,156,1,159,0,9,185,1,195,248,0,248,443
08/13/2019,CMA,CA,AWP,WE,Towers with Radar,0,16,30,3,49,0,0,152,1,153,0,16,182,4,202,306,0,306,508
08/14/2019,CMA,CA,AWP,WE,Towers with Radar,0,16,33,0,49,0,1,140,0,141,0,17,173,0,190,228,0,228,418
08/15/2019,CMA,CA,AWP,WE,Towers with Radar,0,17,46,0,63,0,1,199,0,200,0,18,245,0,263,196,0,196,459
08/16/2019,CMA,CA,AWP,WE,Towers with Radar,0,19,38,1,58,0,3,179,3,185,0,22,217,4,243,154,0,154,397
08/17/2019,CMA,CA,AWP,WE,Towers with Radar,0,7,10,0,17,0,0,91,1,92,0,7,101,1,109,20,0,20,129
08/18/2019,CMA,CA,AWP,WE,Towers with Radar,0,12,14,0,26,0,0,68,5,73,0,12,82,5,99,64,0,64,163
08/19/2019,CMA,CA,AWP,WE,Towers with Radar,0,14,45,1,60,0,0,133,2,135,0,14,178,3,195,202,0,202,397
08/20/2019,CMA,CA,AWP,WE,Towers with Radar,0,9,40,0,49,0,1,148,0,149,0,10,188,0,198,428,0,428,626
08/21/2019,CMA,CA,AWP,WE,Towers with Radar,0,10,34,0,44,0,1,163,1,165,0,11,197,1,209,346,0,346,555
08/22/2019,CMA,CA,AWP,WE,Towers with Radar,0,7,24,0,31,0,0,201,3,204,0,7,225,3,235,258,0,258,493
08/23/2019,CMA,CA,AWP,WE,Towers with Radar,0,17,41,2,60,0,1,206,0,207,0,18,247,2,267,186,0,186,453
08/24/2019,CMA,CA,AWP,WE,Towers with Radar,0,4,26,0,30,0,0,286,2,288,0,4,312,2,318,294,0,294,612
08/25/2019,CMA,CA,AWP,WE,Towers with Radar,0,14,21,0,35,0,0,236,0,236,0,14,257,0,271,316,0,316,587
08/26/2019,CMA,CA,AWP,WE,Towers with Radar,0,28,29,0,57,0,0,213,0,213,0,28,242,0,270,268,0,268,538
08/27/2019,CMA,CA,AWP,WE,Towers with Radar,0,9,23,0,32,0,1,175,2,178,0,10,198,2,210,252,0,252,462
08/28/2019,CMA,CA,AWP,WE,Towers with Radar,0,14,54,0,68,0,1,144,2,147,0,15,198,2,215,156,0,156,371
08/29/2019,CMA,CA,AWP,WE,Towers with Radar,0,12,37,2,51,0,0,197,3,200,0,12,234,5,251,170,0,170,421
08/30/2019,CMA,CA,AWP,WE,Towers with Radar,0,21,31,0,52,0,1,224,0,225,0,22,255,0,277,265,0,265,542
08/31/2019,CMA,CA,AWP,WE,Towers with Radar,0,7,22,1,30,0,0,189,0,189,0,7,211,1,219,254,0,254,473
09/01/2019,CMA,CA,AWP,WE,Towers with Radar,0,5,35,0,40,0,0,169,0,169,0,5,204,0,209,94,0,94,303
09/02/2019,CMA,CA,AWP,WE,Towers with Radar,0,21,24,0,45,0,0,187,1,188,0,21,211,1,233,270,0,270,503
09/03/2019,CMA,CA,AWP,WE,Towers with Radar,0,12,28,0,40,0,4,148,0,152,0,16,176,0,192,210,0,210,402
09/04/2019,CMA,CA,AWP,WE,Towers with Radar,0,7,31,3,41,0,0,157,1,158,0,7,188,4,199,246,0,246,445
09/05/2019,CMA,CA,AWP,WE,Towers with Radar,0,4,24,0,28,0,0,152,6,158,0,4,176,6,186,248,12,260,446
09/06/2019,CMA,CA,AWP,WE,Towers with Radar,0,12,32,1,45,0,0,198,1,199,0,12,230,2,244,196,0,196,440
09/07/2019,CMA,CA,AWP,WE,Towers with Radar,0,6,20,0,26,0,0,210,2,212,0,6,230,2,238,172,0,172,410
09/08/2019,CMA,CA,AWP,WE,Towers with Radar,0,10,23,0,33,0,0,191,2,193,0,10,214,2,226,218,0,218,444
09/09/2019,CMA,CA,AWP,WE,Towers with Radar,0,3,28,1,32,0,0,174,3,177,0,3,202,4,209,210,0,210,419
09/10/2019,CMA,CA,AWP,WE,Towers with Radar,0,4,67,0,71,0,0,112,1,113,0,4,179,1,184,436,0,436,620
09/11/2019,CMA,CA,AWP,WE,Towers with Radar,0,14,23,1,38,0,0,182,2,184,0,14,205,3,222,172,0,172,394
09/12/2019,CMA,CA,AWP,WE,Towers with Radar,0,11,40,0,51,0,0,193,3,196,0,11,233,3,247,308,0,308,555
09/13/2019,CMA,CA,AWP,WE,Towers with Radar,0,13,28,0,41,0,0,191,0,191,0,13,219,0,232,262,0,262,494
09/14/2019,CMA,CA,AWP,WE,Towers with Radar,0,12,27,0,39,0,0,233,0,233,0,12,260,0,272,204,0,204,476
09/15/2019,CMA,CA,AWP,WE,Towers with Radar,0,16,44,0,60,0,1,122,0,123,0,17,166,0,183,172,0,172,355
09/16/2019,CMA,CA,AWP,WE,Towers with Radar,0,11,33,1,45,0,0,125,1,126,0,11,158,2,171,252,0,252,423
09/17/2019,CMA,CA,AWP,WE,Towers with Radar,0,10,30,0,40,0,1,149,2,152,0,11,179,2,192,248,0,248,440
09/18/2019,CMA,CA,AWP,WE,Towers with Radar,0,12,30,0,42,0,2,137,0,139,0,14,167,0,181,218,0,218,399
09/19/2019,CMA,CA,AWP,WE,Towers with Radar,0,9,33,0,42,0,0,197,0,197,0,9,230,0,239,282,0,282,521
09/20/2019,CMA,CA,AWP,WE,Towers with Radar,0,7,32,0,39,0,1,243,0,244,0,8,275,0,283,180,0,180,463
09/21/2019,CMA,CA,AWP,WE,Towers with Radar,0,7,17,0,24,0,0,275,0,275,0,7,292,0,299,248,0,248,547
09/22/2019,CMA,CA,AWP,WE,Towers with Radar,0,10,27,0,37,0,0,244,0,244,0,10,271,0,281,214,0,214,495
09/23/2019,CMA,CA,AWP,WE,Towers with Radar,0,10,33,0,43,0,0,125,9,134,0,10,158,9,177,206,0,206,383
09/24/2019,CMA,CA,AWP,WE,Towers with Radar,0,6,32,0,38,0,4,133,0,137,0,10,165,0,175,190,0,190,365
09/25/2019,CMA,CA,AWP,WE,Towers with Radar,0,17,29,0,46,0,0,196,4,200,0,17,225,4,246,216,0,216,462
09/26/2019,CMA,CA,AWP,WE,Towers with Radar,0,15,50,0,65,0,1,76,2,79,0,16,126,2,144,152,0,152,296
09/27/2019,CMA,CA,AWP,WE,Towers with Radar,0,25,73,0,98,0,1,54,2,57,0,26,127,2,155,142,0,142,297
09/28/2019,CMA,CA,AWP,WE,Towers with Radar,0,5,45,4,54,0,2,65,0,67,0,7,110,4,121,264,0,264,385
09/29/2019,CMA,CA,AWP,WE,Towers with Radar,0,7,28,0,35,0,0,212,0,212,0,7,240,0,247,194,0,194,441
09/30/2019,CMA,CA,AWP,WE,Towers with Radar,0,6,35,0,41,0,1,195,2,198,0,7,230,2,239,256,0,256,495
10/01/2019,CMA,CA,AWP,WE,Towers with Radar,0,9,29,0,38,0,0,187,0,187,0,9,216,0,225,266,0,266,491
10/02/2019,CMA,CA,AWP,WE,Towers with Radar,0,7,30,1,38,0,0,182,2,184,0,7,212,3,222,239,0,239,461
10/03/2019,CMA,CA,AWP,WE,Towers with Radar,0,15,46,0,61,0,0,238,0,238,0,15,284,0,299,274,0,274,573
10/04/2019,CMA,CA,AWP,WE,Towers with Radar,0,14,24,0,38,0,0,228,3,231,0,14,252,3,269,222,2,224,493
10/05/2019,CMA,CA,AWP,WE,Towers with Radar,0,5,31,0,36,0,0,270,2,272,0,5,301,2,308,210,0,210,518
10/06/2019,CMA,CA,AWP,WE,Towers with Radar,0,13,35,0,48,0,1,212,0,213,0,14,247,0,261,228,0,228,489
10/07/2019,CMA,CA,AWP,WE,Towers with Radar,0,8,18,0,26,0,16,142,3,161,0,24,160,3,187,190,0,190,377
10/08/2019,CMA,CA,AWP,WE,Towers with Radar,0,6,20,0,26,0,0,185,0,185,0,6,205,0,211,274,0,274,485
10/09/2019,CMA,CA,AWP,WE,Towers with Radar,0,11,50,0,61,0,0,122,0,122,0,11,172,0,183,305,0,305,488
10/10/2019,CMA,CA,AWP,WE,Towers with Radar,0,8,13,5,26,0,0,67,0,67,0,8,80,5,93,12,0,12,105
10/11/2019,CMA,CA,AWP,WE,Towers with Radar,0,16,21,0,37,0,0,59,2,61,0,16,80,2,98,42,0,42,140
10/12/2019,CMA,CA,AWP,WE,Towers with Radar,0,6,10,0,16,0,0,281,5,286,0,6,291,5,302,260,0,260,562
10/13/2019,CMA,CA,AWP,WE,Towers with Radar,0,12,15,0,27,0,0,237,0,237,0,12,252,0,264,236,0,236,500
10/14/2019,CMA,CA,AWP,WE,Towers with Radar,0,9,27,0,36,0,0,160,3,163,0,9,187,3,199,262,12,274,473
10/15/2019,CMA,CA,AWP,WE,Towers with Radar,0,6,30,0,36,0,0,225,3,228,0,6,255,3,264,350,2,352,616
10/16/2019,CMA,CA,AWP,WE,Towers with Radar,0,9,33,0,42,0,0,260,5,265,0,9,293,5,307,373,6,379,686
10/17/2019,CMA,CA,AWP,WE,Towers with Radar,0,16,43,0,59,0,0,220,1,221,0,16,263,1,280,270,0,270,550
10/18/2019,CMA,CA,AWP,WE,Towers with Radar,0,18,28,0,46,0,0,184,0,184,0,18,212,0,230,206,0,206,436
10/19/2019,CMA,CA,AWP,WE,Towers with Radar,0,9,28,0,37,0,0,225,0,225,0,9,253,0,262,264,0,264,526
10/20/2019,CMA,CA,AWP,WE,Towers with Radar,0,14,32,1,47,0,2,197,0,199,0,16,229,1,246,310,0,310,556
10/21/2019,CMA,CA,AWP,WE,Towers with Radar,0,11,29,2,42,0,0,164,0,164,0,11,193,2,206,186,0,186,392
10/22/2019,CMA,CA,AWP,WE,Towers with Radar,0,7,21,0,28,0,0,87,0,87,0,7,108,0,115,128,0,128,243
10/23/2019,CMA,CA,AWP,WE,Towers with Radar,0,8,31,0,39,0,0,201,4,205,0,8,232,4,244,268,8,276,520
10/24/2019,CMA,CA,AWP,WE,Towers with Radar,0,10,19,0,29,0,0,37,0,37,0,10,56,0,66,24,0,24,90
10/25/2019,CMA,CA,AWP,WE,Towers with Radar,0,7,32,0,39,0,0,115,5,120,0,7,147,5,159,112,0,112,271
10/26/2019,CMA,CA,AWP,WE,Towers with Radar,0,2,33,0,35,0,0,266,2,268,0,2,299,2,303,304,0,304,607
10/27/2019,CMA,CA,AWP,WE,Towers with Radar,0,11,58,0,69,0,0,112,0,112,0,11,170,0,181,208,0,208,389
10/28/2019,CMA,CA,AWP,WE,Towers with Radar,0,8,14,0,22,0,1,77,0,78,0,9,91,0,100,104,0,104,204
10/29/2019,CMA,CA,AWP,WE,Towers with Radar,0,7,52,0,59,0,0,180,0,180,0,7,232,0,239,354,0,354,593
10/30/2019,CMA,CA,AWP,WE,Towers with Radar,0,4,14,0,18,0,0,26,0,26,0,4,40,0,44,0,0,0,44
10/31/2019,CMA,CA,AWP,WE,Towers with Radar,0,8,19,0,27,0,1,93,0,94,0,9,112,0,121,20,0,20,141
11/01/2019,CMA,CA,AWP,WE,Towers with Radar,0,9,45,1,55,0,0,195,0,195,0,9,240,1,250,280,0,280,530
11/02/2019,CMA,CA,AWP,WE,Towers with Radar,0,3,28,1,32,0,0,171,0,171,0,3,199,1,203,318,0,318,521
11/03/2019,CMA,CA,AWP,WE,Towers with Radar,0,14,38,0,52,0,0,210,0,210,0,14,248,0,262,310,0,310,572
11/04/2019,CMA,CA,AWP,WE,Towers with Radar,0,9,44,2,55,0,1,188,2,191,0,10,232,4,246,298,0,298,544
11/05/2019,CMA,CA,AWP,WE,Towers with Radar,0,11,37,1,49,0,2,184,2,188,0,13,221,3,237,286,0,286,523
11/06/2019,CMA,CA,AWP,WE,Towers with Radar,0,7,50,2,59,0,0,127,0,127,0,7,177,2,186,244,0,244,430
11/07/2019,CMA,CA,AWP,WE,Towers with Radar,0,8,33,0,41,0,0,150,0,150,0,8,183,0,191,278,0,278,469
11/08/2019,CMA,CA,AWP,WE,Towers with Radar,0,9,38,0,47,0,1,268,6,275,0,10,306,6,322,284,8,292,614
11/09/2019,CMA,CA,AWP,WE,Towers with Radar,0,3,28,0,31,0,0,283,0,283,0,3,311,0,314,356,0,356,670
11/10/2019,CMA,CA,AWP,WE,Towers with Radar,0,9,29,0,38,0,0,177,1,178,0,9,206,1,216,166,0,166,382
11/11/2019,CMA,CA,AWP,WE,Towers with Radar,0,7,48,0,55,0,0,160,4,164,0,7,208,4,219,308,0,308,527
11/12/2019,CMA,CA,AWP,WE,Towers with Radar,0,5,36,0,41,0,1,120,0,121,0,6,156,0,162,162,0,162,324
11/13/2019,CMA,CA,AWP,WE,Towers with Radar,0,11,55,0,66,0,0,113,0,113,0,11,168,0,179,226,0,226,405
11/14/2019,CMA,CA,AWP,WE,Towers with Radar,0,3,56,1,60,0,1,175,0,176,0,4,231,1,236,248,0,248,484
11/15/2019,CMA,CA,AWP,WE,Towers with Radar,0,16,58,0,74,0,0,220,0,220,0,16,278,0,294,330,0,330,624
11/16/2019,CMA,CA,AWP,WE,Towers with Radar,0,2,33,1,36,0,0,175,1,176,0,2,208,2,212,160,0,160,372
11/17/2019,CMA,CA,AWP,WE,Towers with Radar,0,8,22,0,30,0,0,108,0,108,0,8,130,0,138,104,0,104,242
11/18/2019,CMA,CA,AWP,WE,Towers with Radar,0,4,27,2,33,0,1,229,3,233,0,5,256,5,266,332,28,360,626
11/19/2019,CMA,CA,AWP,WE,Towers with Radar,0,11,41,2,54,0,0,138,0,138,0,11,179,2,192,336,0,336,528
11/20/2019,CMA,CA,AWP,WE,Towers with Radar,0,4,42,1,47,0,0,30,1,31,0,4,72,2,78,168,0,168,246
11/21/2019,CMA,CA,AWP,WE,Towers with Radar,0,15,43,0,58,0,1,189,6,196,0,16,232,6,254,208,16,224,478
11/22/2019,CMA,CA,AWP,WE,Towers with Radar,0,23,44,1,68,0,0,244,0,244,0,23,288,1,312,358,0,358,670
11/23/2019,CMA,CA,AWP,WE,Towers with Radar,0,11,39,0,50,0,0,184,2,186,0,11,223,2,236,268,0,268,504
11/24/2019,CMA,CA,AWP,WE,Towers with Radar,0,14,28,0,42,0,0,279,3,282,0,14,307,3,324,228,0,228,552
11/25/2019,CMA,CA,AWP,WE,Towers with Radar,0,12,25,0,37,0,1,184,6,191,0,13,209,6,228,154,0,154,382
11/26/2019,CMA,CA,AWP,WE,Towers with Radar,0,11,23,3,37,0,1,139,0,140,0,12,162,3,177,256,0,256,433
11/27/2019,CMA,CA,AWP,WE,Towers with Radar,0,6,20,0,26,0,0,13,0,13,0,6,33,0,39,18,4,22,61
11/28/2019,CMA,CA,AWP,WE,Towers with Radar,0,0,4,0,4,0,1,4,0,5,0,1,8,0,9,12,0,12,21
11/29/2019,CMA,CA,AWP,WE,Towers with Radar,0,10,14,0,24,0,0,162,0,162,0,10,176,0,186,298,0,298,484
11/30/2019,CMA,CA,AWP,WE,Towers with Radar,0,10,22,0,32,0,0,110,3,113,0,10,132,3,145,142,22,164,309
12/01/2019,CMA,CA,AWP,WE,Towers with Radar,0,11,30,0,41,0,0,147,2,149,0,11,177,2,190,120,18,138,328
12/02/2019,CMA,CA,AWP,WE,Towers with Radar,0,6,27,0,33,0,0,165,2,167,0,6,192,2,200,278,0,278,478
12/03/2019,CMA,CA,AWP,WE,Towers with Radar,0,9,40,0,49,0,1,143,2,146,0,10,183,2,195,242,0,242,437
12/04/2019,CMA,CA,AWP,WE,Towers with Radar,0,6,30,0,36,0,0,6,0,6,0,6,36,0,42,44,0,44,86
12/05/2019,CMA,CA,AWP,WE,Towers with Radar,0,10,45,1,56,0,0,98,0,98,0,10,143,1,154,220,0,220,374
12/06/2019,CMA,CA,AWP,WE,Towers with Radar,0,14,53,1,68,0,0,111,1,112,0,14,164,2,180,102,0,102,282
12/07/2019,CMA,CA,AWP,WE,Towers with Radar,0,9,49,2,60,0,0,20,0,20,0,9,69,2,80,136,0,136,216
12/08/2019,CMA,CA,AWP,WE,Towers with Radar,0,12,48,0,60,0,0,24,0,24,0,12,72,0,84,108,0,108,192
12/09/2019,CMA,CA,AWP,WE,Towers with Radar,0,14,36,0,50,0,0,199,0,199,0,14,235,0,249,218,0,218,467
12/10/2019,CMA,CA,AWP,WE,Towers with Radar,0,7,35,0,42,0,0,229,1,230,0,7,264,1,272,280,0,280,552
12/11/2019,CMA,CA,AWP,WE,Towers with Radar,0,4,37,2,43,0,0,162,0,162,0,4,199,2,205,228,0,228,433
12/12/2019,CMA,CA,AWP,WE,Towers with Radar,0,8,28,3,39,0,0,206,2,208,0,8,234,5,247,240,0,240,487
12/13/2019,CMA,CA,AWP,WE,Towers with Radar,0,11,129,1,141,0,0,72,1,73,0,11,201,2,214,86,0,86,300
12/14/2019,CMA,CA,AWP,WE,Towers with Radar,0,3,63,0,66,0,0,117,0,117,0,3,180,0,183,312,0,312,495
12/15/2019,CMA,CA,AWP,WE,Towers with Radar,0,7,39,0,46,0,0,200,0,200,0,7,239,0,246,266,0,266,512
12/16/2019,CMA,CA,AWP,WE,Towers with Radar,0,5,17,16,38,0,0,69,2,71,0,5,86,18,109,42,0,42,151
12/17/2019,CMA,CA,AWP,WE,Towers with Radar,0,0,14,1,15,0,1,20,0,21,0,1,34,1,36,20,0,20,56
12/18/2019,CMA,CA,AWP,WE,Towers with Radar,0,7,30,0,37,0,0,179,2,181,0,7,209,2,218,248,0,248,466
12/19/2019,CMA,CA,AWP,WE,Towers with Radar,0,7,43,3,53,0,0,199,1,200,0,7,242,4,253,268,0,268,521
12/20/2019,CMA,CA,AWP,WE,Towers with Radar,0,9,30,0,39,0,0,206,0,206,0,9,236,0,245,254,0,254,499
12/21/2019,CMA,CA,AWP,WE,Towers with Radar,0,6,25,0,31,0,0,254,0,254,0,6,279,0,285,244,0,244,529
12/22/2019,CMA,CA,AWP,WE,Towers with Radar,0,8,23,0,31,0,0,56,0,56,0,8,79,0,87,218,0,218,305
12/23/2019,CMA,CA,AWP,WE,Towers with Radar,0,7,23,1,31,0,0,29,3,32,0,7,52,4,63,70,10,80,143
12/24/2019,CMA,CA,AWP,WE,Towers with Radar,0,2,7,2,11,0,0,111,0,111,0,2,118,2,122,156,0,156,278
12/25/2019,CMA,CA,AWP,WE,Towers with Radar,0,0,11,0,11,0,0,13,0,13,0,0,24,0,24,42,0,42,66
12/26/2019,CMA,CA,AWP,WE,Towers with Radar,0,8,15,0,23,0,2,72,0,74,0,10,87,0,97,80,0,80,177
12/27/2019,CMA,CA,AWP,WE,Towers with Radar,0,9,23,0,32,0,0,227,3,230,0,9,250,3,262,152,0,152,414
12/28/2019,CMA,CA,AWP,WE,Towers with Radar,0,5,19,0,24,0,1,234,0,235,0,6,253,0,259,242,0,242,501
12/29/2019,CMA,CA,AWP,WE,Towers with Radar,0,6,27,0,33,0,0,201,0,201,0,6,228,0,234,120,0,120,354
12/30/2019,CMA,CA,AWP,WE,Towers with Radar,0,6,5,3,14,0,0,40,1,41,0,6,45,4,55,14,0,14,69
12/31/2019,CMA,CA,AWP,WE,Towers with Radar,0,4,13,2,19,0,0,43,0,43,0,4,56,2,62,12,0,12,74
01/01/2020,CMA,CA,AWP,WE,Towers with Radar,0,3,9,1,13,0,3,116,1,120,0,6,125,2,133,88,0,88,221
01/02/2020,CMA,CA,AWP,WE,Towers with Radar,0,5,15,0,20,0,0,160,0,160,0,5,175,0,180,168,0,168,348
01/03/2020,CMA,CA,AWP,WE,Towers with Radar,0,6,29,1,36,0,0,185,1,186,0,6,214,2,222,276,0,276,498
01/04/2020,CMA,CA,AWP,WE,Towers with Radar,0,9,32,0,41,0,0,316,0,316,0,9,348,0,357,290,0,290,647
01/05/2020,CMA,CA,AWP,WE,Towers with Radar,0,9,27,1,37,0,0,205,0,205,0,9,232,1,242,244,0,244,486
01/06/2020,CMA,CA,AWP,WE,Towers with Radar,0,4,10,0,14,0,0,57,1,58,0,4,67,1,72,130,0,130,202
01/07/2020,CMA,CA,AWP,WE,Towers with Radar,0,6,31,1,38,0,1,203,0,204,0,7,234,1,242,272,10,282,524
01/08/2020,CMA,CA,AWP,WE,Towers with Radar,0,12,32,4,48,0,0,204,0,204,0,12,236,4,252,314,10,324,576
01/09/2020,CMA,CA,AWP,WE,Towers with Radar,0,7,29,1,37,0,0,102,5,107,0,7,131,6,144,243,18,261,405
01/10/2020,CMA,CA,AWP,WE,Towers with Radar,0,2,32,0,34,0,1,239,2,242,0,3,271,2,276,242,0,242,518
01/11/2020,CMA,CA,AWP,WE,Towers with Radar,0,4,28,0,32,0,0,224,0,224,0,4,252,0,256,264,0,264,520
01/12/2020,CMA,CA,AWP,WE,Towers with Radar,0,4,32,0,36,0,0,210,0,210,0,4,242,0,246,254,0,254,500
01/13/2020,CMA,CA,AWP,WE,Towers with Radar,0,5,26,1,32,0,0,187,3,190,0,5,213,4,222,182,0,182,404
01/14/2020,CMA,CA,AWP,WE,Towers with Radar,0,8,30,2,40,0,0,182,0,182,0,8,212,2,222,284,0,284,506
01/15/2020,CMA,CA,AWP,WE,Towers with Radar,0,12,28,3,43,0,1,184,1,186,0,13,212,4,229,314,14,328,557
01/16/2020,CMA,CA,AWP,WE,Towers with Radar,0,7,48,1,56,0,0,47,0,47,0,7,95,1,103,252,0,252,355
01/17/2020,CMA,CA,AWP,WE,Towers with Radar,0,5,36,1,42,0,1,199,1,201,0,6,235,2,243,306,0,306,549
01/18/2020,CMA,CA,AWP,WE,Towers with Radar,0,4,13,0,17,0,1,181,0,182,0,5,194,0,199,290,0,290,489
01/19/2020,CMA,CA,AWP,WE,Towers with Radar,0,4,29,0,33,0,1,179,4,184,0,5,208,4,217,216,4,220,437
01/20/2020,CMA,CA,AWP,WE,Towers with Radar,0,6,48,0,54,0,1,129,3,133,0,7,177,3,187,336,4,340,527
01/21/2020,CMA,CA,AWP,WE,Towers with Radar,0,8,40,4,52,0,1,146,0,147,0,9,186,4,199,308,0,308,507
01/22/2020,CMA,CA,AWP,WE,Towers with Radar,0,12,26,0,38,0,0,204,0,204,0,12,230,0,242,330,2,332,574
01/23/2020,CMA,CA,AWP,WE,Towers with Radar,0,6,18,0,24,0,0,230,0,230,0,6,248,0,254,246,0,246,500
01/24/2020,CMA,CA,AWP,WE,Towers with Radar,0,4,39,1,44,0,1,234,9,244,0,5,273,10,288,354,0,354,642
01/25/2020,CMA,CA,AWP,WE,Towers with Radar,0,5,32,0,37,0,1,138,0,139,0,6,170,0,176,190,0,190,366
01/26/2020,CMA,CA,AWP,WE,Towers with Radar,0,9,70,0,79,0,0,28,0,28,0,9,98,0,107,224,0,224,331
01/27/2020,CMA,CA,AWP,WE,Towers with Radar,0,5,34,0,39,0,1,158,3,162,0,6,192,3,201,276,0,276,477
01/28/2020,CMA,CA,AWP,WE,Towers with Radar,0,6,33,3,42,0,1,193,1,195,0,7,226,4,237,298,0,298,535
01/29/2020,CMA,CA,AWP,WE,Towers with Radar,0,5,23,0,28,0,0,70,0,70,0,5,93,0,98,122,0,122,220
01/30/2020,CMA,CA,AWP,WE,Towers with Radar,0,11,38,0,49,0,1,204,0,205,0,12,242,0,254,400,0,400,654
01/31/2020,CMA,CA,AWP,WE,Towers with Radar,0,12,24,0,36,0,0,179,0,179,0,12,203,0,215,316,0,316,531
02/01/2020,CMA,CA,AWP,WE,Towers with Radar,0,13,29,0,42,0,0,301,0,301,0,13,330,0,343,204,0,204,547
02/02/2020,CMA,CA,AWP,WE,Towers with Radar,0,1,23,0,24,0,0,121,0,121,0,1,144,0,145,182,0,182,327
02/03/2020,CMA,CA,AWP,WE,Towers with Radar,0,9,25,2,36,0,2,59,7,68,0,11,84,9,104,121,0,121,225
02/04/2020,CMA,CA,AWP,WE,Towers with Radar,0,8,15,2,25,0,0,55,0,55,0,8,70,2,80,50,0,50,130
02/05/2020,CMA,CA,AWP,WE,Towers with Radar,0,6,42,0,48,0,0,211,2,213,0,6,253,2,261,328,0,328,589
02/06/2020,CMA,CA,AWP,WE,Towers with Radar,0,10,32,0,42,0,0,270,2,272,0,10,302,2,314,402,0,402,716
02/07/2020,CMA,CA,AWP,WE,Towers with Radar,0,12,43,0,55,0,0,251,0,251,0,12,294,0,306,324,0,324,630
02/08/2020,CMA,CA,AWP,WE,Towers with Radar,0,3,49,0,52,0,0,255,0,255,0,3,304,0,307,224,0,224,531
02/09/2020,CMA,CA,AWP,WE,Towers with Radar,0,7,28,0,35,0,0,41,2,43,0,7,69,2,78,176,7,183,261
02/10/2020,CMA,CA,AWP,WE,Towers with Radar,0,6,14,2,22,0,1,41,1,43,0,7,55,3,65,16,0,16,81
02/11/2020,CMA,CA,AWP,WE,Towers with Radar,0,3,5,0,8,0,3,64,1,68,0,6,69,1,76,80,0,80,156
02/12/2020,CMA,CA,AWP,WE,Towers with Radar,0,5,40,0,45,0,1,255,0,256,0,6,295,0,301,424,0,424,725
02/13/2020,CMA,CA,AWP,WE,Towers with Radar,0,10,23,2,35,0,0,226,1,227,0,10,249,3,262,396,0,396,658
02/14/2020,CMA,CA,AWP,WE,Towers with Radar,0,13,39,0,52,0,0,189,0,189,0,13,228,0,241,220,0,220,461
02/15/2020,CMA,CA,AWP,WE,Towers with Radar,0,7,32,1,40,0,0,245,0,245,0,7,277,1,285,274,8,282,567
02/16/2020,CMA,CA,AWP,WE,Towers with Radar,0,11,32,0,43,0,0,256,0,256,0,11,288,0,299,330,0,330,629
02/17/2020,CMA,CA,AWP,WE,Towers with Radar,0,9,39,0,48,0,1,257,6,264,0,10,296,6,312,262,28,290,602
02/18/2020,CMA,CA,AWP,WE,Towers with Radar,0,6,39,2,47,0,0,133,1,134,0,6,172,3,181,380,0,380,561
02/19/2020,CMA,CA,AWP,WE,Towers with Radar,0,15,56,0,71,0,0,136,2,138,0,15,192,2,209,302,0,302,511
02/20/2020,CMA,CA,AWP,WE,Towers with Radar,0,19,41,0,60,0,3,239,2,244,0,22,280,2,304,240,4,244,548
02/21/2020,CMA,CA,AWP,WE,Towers with Radar,0,14,40,0,54,0,0,193,0,193,0,14,233,0,247,182,0,182,429
02/22/2020,CMA,CA,AWP,WE,Towers with Radar,0,6,25,1,32,0,1,73,0,74,0,7,98,1,106,276,0,276,382
02/23/2020,CMA,CA,AWP,WE,Towers with Radar,0,10,46,2,58,0,1,233,1,235,0,11,279,3,293,252,0,252,545
02/24/2020,CMA,CA,AWP,WE,Towers with Radar,0,11,34,0,45,0,2,176,0,178,0,13,210,0,223,306,0,306,529
02/25/2020,CMA,CA,AWP,WE,Towers with Radar,0,12,19,1,32,0,1,39,2,42,0,13,58,3,74,8,0,8,82
02/26/2020,CMA,CA,AWP,WE,Towers with Radar,0,7,33,0,40,0,0,145,0,145,0,7,178,0,185,112,0,112,297
02/27/2020,CMA,CA,AWP,WE,Towers with Radar,0,10,46,0,56,0,3,211,0,214,0,13,257,0,270,218,0,218,488
02/28/2020,CMA,CA,AWP,WE,Towers with Radar,0,13,47,0,60,0,1,223,0,224,0,14,270,0,284,364,0,364,648
02/29/2020,CMA,CA,AWP,WE,Towers with Radar,0,4,33,0,37,0,0,287,0,287,0,4,320,0,324,286,0,286,610
03/01/2020,CMA,CA,AWP,WE,Towers with Radar,0,12,26,0,38,0,1,100,0,101,0,13,126,0,139,186,0,186,325
03/02/2020,CMA,CA,AWP,WE,Towers with Radar,0,4,16,0,20,0,2,107,0,109,0,6,123,0,129,200,0,200,329
03/03/2020,CMA,CA,AWP,WE,Towers with Radar,0,10,36,0,46,0,2,206,4,212,0,12,242,4,258,368,0,368,626
03/04/2020,CMA,CA,AWP,WE,Towers with Radar,0,18,40,0,58,0,0,152,0,152,0,18,192,0,210,434,0,434,644
03/05/2020,CMA,CA,AWP,WE,Towers with Radar,0,14,35,0,49,0,0,174,0,174,0,14,209,0,223,268,0,268,491
03/06/2020,CMA,CA,AWP,WE,Towers with Radar,0,16,51,2,69,0,0,198,0,198,0,16,249,2,267,166,0,166,433
03/07/2020,CMA,CA,AWP,WE,Towers with Radar,0,2,67,0,69,0,0,75,0,75,0,2,142,0,144,296,0,296,440
03/08/2020,CMA,CA,AWP,WE,Towers with Radar,0,14,40,0,54,0,0,199,0,199,0,14,239,0,253,382,0,382,635
03/09/2020,CMA,CA,AWP,WE,Towers with Radar,0,9,33,2,44,0,3,116,1,120,0,12,149,3,164,234,0,234,398
03/10/2020,CMA,CA,AWP,WE,Towers with Radar,0,11,28,2,41,0,0,3,0,3,0,11,31,2,44,12,0,12,56
03/11/2020,CMA,CA,AWP,WE,Towers with Radar,0,6,31,0,37,0,0,63,2,65,0,6,94,2,102,250,0,250,352
03/12/2020,CMA,CA,AWP,WE,Towers with Radar,0,19,31,0,50,0,1,56,2,59,0,20,87,2,109,202,0,202,311
03/13/2020,CMA,CA,AWP,WE,Towers with Radar,0,17,56,0,73,0,0,7,0,7,0,17,63,0,80,12,0,12,92
03/14/2020,CMA,CA,AWP,WE,Towers with Radar,0,7,44,0,51,0,0,52,0,52,0,7,96,0,103,198,0,198,301
03/15/2020,CMA,CA,AWP,WE,Towers with Radar,0,14,49,0,63,0,0,79,1,80,0,14,128,1,143,302,0,302,445
03/16/2020,CMA,CA,AWP,WE,Towers with Radar,0,15,25,0,40,0,0,5,0,5,0,15,30,0,45,54,0,54,99
03/17/2020,CMA,CA,AWP,WE,Towers with Radar,0,4,25,2,31,0,0,83,0,83,0,4,108,2,114,288,0,288,402
03/18/2020,CMA,CA,AWP,WE,Towers with Radar,0,1,35,0,36,0,2,154,0,156,0,3,189,0,192,208,0,208,400
03/19/2020,CMA,CA,AWP,WE,Towers with Radar,0,0,18,1,19,0,0,82,0,82,0,0,100,1,101,260,0,260,361
03/20/2020,CMA,CA,AWP,WE,Towers with Radar,0,4,8,0,12,0,0,56,0,56,0,4,64,0,68,92,0,92,160
03/21/2020,CMA,CA,AWP,WE,Towers with Radar,0,0,20,0,20,0,0,153,0,153,0,0,173,0,173,164,0,164,337
03/22/2020,CMA,CA,AWP,WE,Towers with Radar,0,1,10,0,11,0,0,44,1,45,0,1,54,1,56,114,0,114,170
03/23/2020,CMA,CA,AWP,WE,Towers with Radar,0,1,29,0,30,0,0,62,0,62,0,1,91,0,92,234,0,234,326
03/24/2020,CMA,CA,AWP,WE,Towers with Radar,0,1,31,2,34,0,0,54,0,54,0,1,85,2,88,110,0,110,198
03/25/2020,CMA,CA,AWP,WE,Towers with Radar,0,4,23,0,27,0,0,79,0,79,0,4,102,0,106,230,0,230,336
03/26/2020,CMA,CA,AWP,WE,Towers with Radar,0,0,23,0,23,0,0,92,0,92,0,0,115,0,115,164,0,164,279
03/27/2020,CMA,CA,AWP,WE,Towers with Radar,0,2,22,0,24,0,0,139,0,139,0,2,161,0,163,266,0,266,429
03/28/2020,CMA,CA,AWP,WE,Towers with Radar,0,0,23,0,23,0,0,206,0,206,0,0,229,0,229,223,0,223,452
03/29/2020,CMA,CA,AWP,WE,Towers with Radar,0,4,24,0,28,0,0,110,0,110,0,4,134,0,138,136,0,136,274
03/30/2020,CMA,CA,AWP,WE,Towers with Radar,0,5,16,0,21,0,0,124,0,124,0,5,140,0,145,218,0,218,363
03/31/2020,CMA,CA,AWP,WE,Towers with Radar,0,3,10,0,13,0,0,124,1,125,0,3,134,1,138,288,0,288,426
04/01/2020,CMA,CA,AWP,WE,Towers with Radar,0,6,16,1,23,0,1,129,5,135,0,7,145,6,158,218,0,218,376
04/02/2020,CMA,CA,AWP,WE,Towers with Radar,0,3,25,1,29,0,0,96,1,97,0,3,121,2,126,112,0,112,238
04/03/2020,CMA,CA,AWP,WE,Towers with Radar,0,9,15,0,24,0,0,130,0,130,0,9,145,0,154,150,0,150,304
04/04/2020,CMA,CA,AWP,WE,Towers with Radar,0,0,36,0,36,0,0,78,0,78,0,0,114,0,114,156,0,156,270
04/05/2020,CMA,CA,AWP,WE,Towers with Radar,0,3,23,0,26,0,0,5,0,5,0,3,28,0,31,42,0,42,73
04/06/2020,CMA,CA,AWP,WE,Towers with Radar,0,1,11,0,12,0,0,32,0,32,0,1,43,0,44,54,0,54,98
04/07/2020,CMA,CA,AWP,WE,Towers with Radar,0,1,9,0,10,0,0,30,0,30,0,1,39,0,40,130,0,130,170
04/08/2020,CMA,CA,AWP,WE,Towers with Radar,0,1,12,0,13,0,0,38,0,38,0,1,50,0,51,96,0,96,147
04/09/2020,CMA,CA,AWP,WE,Towers with Radar,0,3,14,0,17,0,0,8,0,8,0,3,22,0,25,24,0,24,49
04/10/2020,CMA,CA,AWP,WE,Towers with Radar,0,2,16,0,18,0,0,65,0,65,0,2,81,0,83,102,0,102,185
04/11/2020,CMA,CA,AWP,WE,Towers with Radar,0,1,19,0,20,0,0,245,0,245,0,1,264,0,265,302,0,302,567
04/12/2020,CMA,CA,AWP,WE,Towers with Radar,0,3,28,0,31,0,0,10,0,10,0,3,38,0,41,74,0,74,115
04/13/2020,CMA,CA,AWP,WE,Towers with Radar,0,3,31,0,34,0,0,58,0,58,0,3,89,0,92,170,0,170,262
04/14/2020,CMA,CA,AWP,WE,Towers with Radar,0,1,10,2,13,0,0,87,3,90,0,1,97,5,103,96,0,96,199
04/15/2020,CMA,CA,AWP,WE,Towers with Radar,0,0,16,0,16,0,0,209,1,210,0,0,225,1,226,248,0,248,474
04/16/2020,CMA,CA,AWP,WE,Towers with Radar,0,0,35,0,35,0,0,171,0,171,0,0,206,0,206,246,0,246,452
04/17/2020,CMA,CA,AWP,WE,Towers with Radar,0,0,10,0,10,0,0,94,0,94,0,0,104,0,104,304,0,304,408
04/18/2020,CMA,CA,AWP,WE,Towers with Radar,0,2,21,0,23,0,0,59,0,59,0,2,80,0,82,98,0,98,180
04/19/2020,CMA,CA,AWP,WE,Towers with Radar,0,0,34,1,35,0,0,59,1,60,0,0,93,2,95,144,0,144,239
04/20/2020,CMA,CA,AWP,WE,Towers with Radar,0,3,19,0,22,0,0,45,0,45,0,3,64,0,67,102,0,102,169
04/21/2020,CMA,CA,AWP,WE,Towers with Radar,0,1,25,0,26,0,0,152,0,152,0,1,177,0,178,308,0,308,486
04/22/2020,CMA,CA,AWP,WE,Towers with Radar,0,0,25,0,25,0,0,176,0,176,0,0,201,0,201,320,0,320,521
04/23/2020,CMA,CA,AWP,WE,Towers with Radar,0,3,29,0,32,0,0,135,1,136,0,3,164,1,168,294,0,294,462
04/24/2020,CMA,CA,AWP,WE,Towers with Radar,0,3,14,0,17,0,0,146,0,146,0,3,160,0,163,242,0,242,405
04/25/2020,CMA,CA,AWP,WE,Towers with Radar,0,3,12,0,15,0,0,184,0,184,0,3,196,0,199,162,0,162,361
04/26/2020,CMA,CA,AWP,WE,Towers with Radar,0,1,12,0,13,0,0,188,0,188,0,1,200,0,201,106,0,106,307
04/27/2020,CMA,CA,AWP,WE,Towers with Radar,0,2,26,0,28,0,0,115,0,115,0,2,141,0,143,142,0,142,285
04/28/2020,CMA,CA,AWP,WE,Towers with Radar,0,0,39,0,39,0,0,137,2,139,0,0,176,2,178,274,0,274,452
04/29/2020,CMA,CA,AWP,WE,Towers with Radar,0,3,46,0,49,0,0,17,0,17,0,3,63,0,66,90,0,90,156
04/30/2020,CMA,CA,AWP,WE,Towers with Radar,0,2,40,0,42,0,0,96,4,100,0,2,136,4,142,206,0,206,348
05/01/2020,CMA,CA,AWP,WE,Towers with Radar,0,5,36,0,41,0,0,165,0,165,0,5,201,0,206,268,0,268,474
05/02/2020,CMA,CA,AWP,WE,Towers with Radar,0,4,20,0,24,0,0,167,0,167,0,4,187,0,191,194,0,194,385
05/03/2020,CMA,CA,AWP,WE,Towers with Radar,0,2,26,0,28,0,0,167,0,167,0,2,193,0,195,152,0,152,347
05/04/2020,CMA,CA,AWP,WE,Towers with Radar,0,0,22,0,22,0,0,122,0,122,0,0,144,0,144,170,0,170,314
05/05/2020,CMA,CA,AWP,WE,Towers with Radar,0,6,10,0,16,0,0,135,0,135,0,6,145,0,151,280,0,280,431
05/06/2020,CMA,CA,AWP,WE,Towers with Radar,0,2,17,2,21,0,0,118,0,118,0,2,135,2,139,224,0,224,363
05/07/2020,CMA,CA,AWP,WE,Towers with Radar,0,7,51,0,58,0,0,114,0,114,0,7,165,0,172,224,0,224,396
05/08/2020,CMA,CA,AWP,WE,Towers with Radar,0,4,32,0,36,0,0,154,0,154,0,4,186,0,190,312,0,312,502
05/09/2020,CMA,CA,AWP,WE,Towers with Radar,0,0,40,0,40,0,0,83,0,83,0,0,123,0,123,180,0,180,303
05/10/2020,CMA,CA,AWP,WE,Towers with Radar,0,2,34,0,36,0,0,6,0,6,0,2,40,0,42,14,0,14,56
05/11/2020,CMA,CA,AWP,WE,Towers with Radar,0,1,27,0,28,0,0,113,0,113,0,1,140,0,141,184,0,184,325
05/12/2020,CMA,CA,AWP,WE,Towers with Radar,0,2,34,0,36,0,0,46,2,48,0,2,80,2,84,180,0,180,264
05/13/2020,CMA,CA,AWP,WE,Towers with Radar,0,8,24,0,32,0,0,149,2,151,0,8,173,2,183,268,0,268,451
05/14/2020,CMA,CA,AWP,WE,Towers with Radar,0,0,23,0,23,0,0,144,0,144,0,0,167,0,167,222,0,222,389
05/15/2020,CMA,CA,AWP,WE,Towers with Radar,0,4,15,0,19,0,0,140,0,140,0,4,155,0,159,208,0,208,367
05/16/2020,CMA,CA,AWP,WE,Towers with Radar,0,3,14,0,17,0,0,168,0,168,0,3,182,0,185,240,0,240,425
05/17/2020,CMA,CA,AWP,WE,Towers with Radar,0,2,22,0,24,0,0,149,2,151,0,2,171,2,175,252,0,252,427
05/18/2020,CMA,CA,AWP,WE,Towers with Radar,0,3,32,4,39,0,0,27,0,27,0,3,59,4,66,58,24,82,148
05/19/2020,CMA,CA,AWP,WE,Towers with Radar,0,1,29,0,30,0,0,94,0,94,0,1,123,0,124,64,0,64,188
05/20/2020,CMA,CA,AWP,WE,Towers with Radar,0,13,21,0,34,0,0,164,0,164,0,13,185,0,198,160,0,160,358
05/21/2020,CMA,CA,AWP,WE,Towers with Radar,0,6,19,0,25,0,0,178,2,180,0,6,197,2,205,236,0,236,441
05/22/2020,CMA,CA,AWP,WE,Towers with Radar,0,8,26,0,34,0,0,154,0,154,0,8,180,0,188,250,0,250,438
05/23/2020,CMA,CA,AWP,WE,Towers with Radar,0,6,26,0,32,0,0,163,0,163,0,6,189,0,195,224,0,224,419
05/24/2020,CMA,CA,AWP,WE,Towers with Radar,0,6,12,0,18,0,0,125,0,125,0,6,137,0,143,176,0,176,319
05/25/2020,CMA,CA,AWP,WE,Towers with Radar,0,2,24,0,26,0,0,161,0,161,0,2,185,0,187,232,0,232,419
05/26/2020,CMA,CA,AWP,WE,Towers with Radar,0,2,24,0,26,0,0,107,0,107,0,2,131,0,133,220,0,220,353
05/27/2020,CMA,CA,AWP,WE,Towers with Radar,0,2,38,0,40,0,0,109,1,110,0,2,147,1,150,186,0,186,336
05/28/2020,CMA,CA,AWP,WE,Towers with Radar,0,3,45,0,48,0,0,84,0,84,0,3,129,0,132,168,0,168,300
05/29/2020,CMA,CA,AWP,WE,Towers with Radar,0,9,75,0,84,0,0,28,0,28,0,9,103,0,112,114,0,114,226
05/30/2020,CMA,CA,AWP,WE,Towers with Radar,0,2,26,0,28,0,0,131,0,131,0,2,157,0,159,320,0,320,479
05/31/2020,CMA,CA,AWP,WE,Towers with Radar,0,7,29,0,36,0,0,171,0,171,0,7,200,0,207,244,0,244,451
06/01/2020,CMA,CA,AWP,WE,Towers with Radar,0,10,23,0,33,0,0,113,0,113,0,10,136,0,146,204,0,204,350
06/02/2020,CMA,CA,AWP,WE,Towers with Radar,0,3,19,0,22,0,2,138,0,140,0,5,157,0,162,254,0,254,416
06/03/2020,CMA,CA,AWP,WE,Towers with Radar,0,3,22,1,26,0,1,165,1,167,0,4,187,2,193,266,0,266,459
06/04/2020,CMA,CA,AWP,WE,Towers with Radar,0,9,40,0,49,0,0,128,0,128,0,9,168,0,177,288,0,288,465
06/05/2020,CMA,CA,AWP,WE,Towers with Radar,0,11,70,0,81,0,0,71,0,71,0,11,141,0,152,308,0,308,460
06/06/2020,CMA,CA,AWP,WE,Towers with Radar,0,5,52,0,57,0,0,152,0,152,0,5,204,0,209,278,0,278,487
06/07/2020,CMA,CA,AWP,WE,Towers with Radar,0,6,31,0,37,0,3,273,0,276,0,9,304,0,313,230,0,230,543
06/08/2020,CMA,CA,AWP,WE,Towers with Radar,0,8,10,0,18,0,0,58,0,58,0,8,68,0,76,124,0,124,200
06/09/2020,CMA,CA,AWP,WE,Towers with Radar,0,6,22,0,28,0,1,174,1,176,0,7,196,1,204,264,0,264,468
06/10/2020,CMA,CA,AWP,WE,Towers with Radar,0,2,23,0,25,0,3,209,0,212,0,5,232,0,237,344,0,344,581
06/11/2020,CMA,CA,AWP,WE,Towers with Radar,0,1,25,0,26,0,0,212,0,212,0,1,237,0,238,312,0,312,550
06/12/2020,CMA,CA,AWP,WE,Towers with Radar,0,6,61,0,67,0,0,191,0,191,0,6,252,0,258,300,0,300,558
06/13/2020,CMA,CA,AWP,WE,Towers with Radar,0,5,34,0,39,0,0,249,0,249,0,5,283,0,288,262,0,262,550
06/14/2020,CMA,CA,AWP,WE,Towers with Radar,0,7,29,0,36,0,0,245,1,246,0,7,274,1,282,230,0,230,512
06/15/2020,CMA,CA,AWP,WE,Towers with Radar,0,9,40,0,49,0,0,187,1,188,0,9,227,1,237,236,0,236,473
06/16/2020,CMA,CA,AWP,WE,Towers with Radar,0,6,56,0,62,0,1,81,0,82,0,7,137,0,144,392,0,392,536
06/17/2020,CMA,CA,AWP,WE,Towers with Radar,0,6,59,0,65,0,0,118,1,119,0,6,177,1,184,308,0,308,492
06/18/2020,CMA,CA,AWP,WE,Towers with Radar,0,9,66,0,75,0,0,28,1,29,0,9,94,1,104,340,0,340,444
06/19/2020,CMA,CA,AWP,WE,Towers with Radar,0,3,85,0,88,0,0,92,0,92,0,3,177,0,180,444,0,444,624
06/20/2020,CMA,CA,AWP,WE,Towers with Radar,0,10,136,0,146,0,0,65,0,65,0,10,201,0,211,350,0,350,561
06/21/2020,CMA,CA,AWP,WE,Towers with Radar,0,9,66,0,75,0,0,56,0,56,0,9,122,0,131,181,0,181,312
06/22/2020,CMA,CA,AWP,WE,Towers with Radar,0,7,51,1,59,0,0,100,1,101,0,7,151,2,160,220,0,220,380
06/23/2020,CMA,CA,AWP,WE,Towers with Radar,0,6,58,0,64,0,1,131,2,134,0,7,189,2,198,240,0,240,438
06/24/2020,CMA,CA,AWP,WE,Towers with Radar,0,8,66,2,76,0,0,107,0,107,0,8,173,2,183,298,0,298,481
06/25/2020,CMA,CA,AWP,WE,Towers with Radar,0,4,56,0,60,0,0,142,0,142,0,4,198,0,202,274,0,274,476
06/26/2020,CMA,CA,AWP,WE,Towers with Radar,0,6,78,0,84,0,0,135,0,135,0,6,213,0,219,210,0,210,429
06/27/2020,CMA,CA,AWP,WE,Towers with Radar,0,2,58,1,61,0,0,153,0,153,0,2,211,1,214,254,0,254,468
06/28/2020,CMA,CA,AWP,WE,Towers with Radar,0,6,66,0,72,0,0,50,0,50,0,6,116,0,122,194,0,194,316
06/29/2020,CMA,CA,AWP,WE,Towers with Radar,0,9,22,0,31,0,0,154,0,154,0,9,176,0,185,356,0,356,541
06/30/2020,CMA,CA,AWP,WE,Towers with Radar,0,6,27,1,34,0,3,190,0,193,0,9,217,1,227,236,0,236,463
07/01/2020,CMA,CA,AWP,WE,Towers with Radar,0,14,47,0,61,0,1,124,0,125,0,15,171,0,186,330,0,330,516
07/02/2020,CMA,CA,AWP,WE,Towers with Radar,0,12,45,0,57,0,0,179,2,181,0,12,224,2,238,230,0,230,468
07/03/2020,CMA,CA,AWP,WE,Towers with Radar,0,10,37,0,47,0,0,279,0,279,0,10,316,0,326,254,0,254,580
07/04/2020,CMA,CA,AWP,WE,Towers with Radar,0,7,22,0,29,0,1,180,0,181,0,8,202,0,210,182,0,182,392
07/05/2020,CMA,CA,AWP,WE,Towers with Radar,0,11,34,0,45,0,1,210,0,211,0,12,244,0,256,146,0,146,402
07/06/2020,CMA,CA,AWP,WE,Towers with Radar,0,11,46,0,57,0,0,170,0,170,0,11,216,0,227,214,0,214,441
07/07/2020,CMA,CA,AWP,WE,Towers with Radar,0,8,21,0,29,0,2,158,0,160,0,10,179,0,189,226,0,226,415
07/08/2020,CMA,CA,AWP,WE,Towers with Radar,0,9,33,0,42,0,0,190,0,190,0,9,223,0,232,426,0,426,658
07/09/2020,CMA,CA,AWP,WE,Towers with Radar,0,6,37,0,43,0,0,228,0,228,0,6,265,0,271,218,0,218,489
07/10/2020,CMA,CA,AWP,WE,Towers with Radar,0,8,40,0,48,0,0,217,0,217,0,8,257,0,265,304,0,304,569
07/11/2020,CMA,CA,AWP,WE,Towers with Radar,0,12,33,0,45,0,0,254,0,254,0,12,287,0,299,294,0,294,593
07/12/2020,CMA,CA,AWP,WE,Towers with Radar,0,9,24,0,33,0,0,204,0,204,0,9,228,0,237,236,0,236,473
07/13/2020,CMA,CA,AWP,WE,Towers with Radar,0,3,40,0,43,0,0,156,0,156,0,3,196,0,199,296,0,296,495
07/14/2020,CMA,CA,AWP,WE,Towers with Radar,0,4,32,0,36,0,1,141,0,142,0,5,173,0,178,226,0,226,404
07/15/2020,CMA,CA,AWP,WE,Towers with Radar,0,12,66,0,78,0,0,163,0,163,0,12,229,0,241,270,0,270,511
07/16/2020,CMA,CA,AWP,WE,Towers with Radar,0,10,56,0,66,0,1,192,1,194,0,11,248,1,260,280,0,280,540
07/17/2020,CMA,CA,AWP,WE,Towers with Radar,0,6,31,0,37,0,0,245,0,245,0,6,276,0,282,296,0,296,578
07/18/2020,CMA,CA,AWP,WE,Towers with Radar,0,2,27,0,29,0,1,272,0,273,0,3,299,0,302,266,0,266,568
07/19/2020,CMA,CA,AWP,WE,Towers with Radar,0,7,52,0,59,0,1,181,0,182,0,8,233,0,241,226,0,226,467
07/20/2020,CMA,CA,AWP,WE,Towers with Radar,0,6,25,1,32,0,3,198,1,202,0,9,223,2,234,210,0,210,444
07/21/2020,CMA,CA,AWP,WE,Towers with Radar,0,6,29,0,35,0,1,195,0,196,0,7,224,0,231,324,0,324,555
07/22/2020,CMA,CA,AWP,WE,Towers with Radar,0,8,77,2,87,0,2,110,0,112,0,10,187,2,199,176,0,176,375
07/23/2020,CMA,CA,AWP,WE,Towers with Radar,0,8,47,0,55,0,1,182,0,183,0,9,229,0,238,440,0,440,678
07/24/2020,CMA,CA,AWP,WE,Towers with Radar,0,4,31,0,35,0,0,197,1,198,0,4,228,1,233,360,0,360,593
07/25/2020,CMA,CA,AWP,WE,Towers with Radar,0,8,44,0,52,0,1,202,0,203,0,9,246,0,255,258,0,258,513
07/26/2020,CMA,CA,AWP,WE,Towers with Radar,0,23,40,0,63,0,0,248,0,248,0,23,288,0,311,220,0,220,531
07/27/2020,CMA,CA,AWP,WE,Towers with Radar,0,6,40,0,46,0,0,71,0,71,0,6,111,0,117,240,0,240,357
07/28/2020,CMA,CA,AWP,WE,Towers with Radar,0,6,33,2,41,0,0,122,0,122,0,6,155,2,163,172,0,172,335
07/29/2020,CMA,CA,AWP,WE,Towers with Radar,0,8,77,0,85,0,0,120,2,122,0,8,197,2,207,272,0,272,479
07/30/2020,CMA,CA,AWP,WE,Towers with Radar,0,5,37,2,44,0,0,187,0,187,0,5,224,2,231,314,0,314,545
07/31/2020,CMA,CA,AWP,WE,Towers with Radar,0,5,27,0,32,0,0,253,0,253,0,5,280,0,285,324,0,324,609
08/01/2020,CMA,CA,AWP,WE,Towers with Radar,0,9,14,0,23,0,0,256,0,256,0,9,270,0,279,274,0,274,553
08/02/2020,CMA,CA,AWP,WE,Towers with Radar,0,11,32,0,43,0,0,240,1,241,0,11,272,1,284,244,0,244,528
08/03/2020,CMA,CA,AWP,WE,Towers with Radar,0,14,25,0,39,0,0,162,0,162,0,14,187,0,201,254,2,256,457
08/04/2020,CMA,CA,AWP,WE,Towers with Radar,0,7,48,0,55,0,0,81,0,81,0,7,129,0,136,366,0,366,502
08/05/2020,CMA,CA,AWP,WE,Towers with Radar,0,17,60,0,77,0,0,114,0,114,0,17,174,0,191,312,0,312,503
08/06/2020,CMA,CA,AWP,WE,Towers with Radar,0,5,44,0,49,0,0,154,0,154,0,5,198,0,203,314,0,314,517
08/07/2020,CMA,CA,AWP,WE,Towers with Radar,0,6,25,1,32,0,2,285,0,287,0,8,310,1,319,248,0,248,567
08/08/2020,CMA,CA,AWP,WE,Towers with Radar,0,3,23,0,26,0,0,213,0,213,0,3,236,0,239,384,0,384,623
08/09/2020,CMA,CA,AWP,WE,Towers with Radar,0,9,31,0,40,0,0,259,0,259,0,9,290,0,299,190,0,190,489
08/10/2020,CMA,CA,AWP,WE,Towers with Radar,0,10,45,1,56,0,0,181,2,183,0,10,226,3,239,318,0,318,557
08/11/2020,CMA,CA,AWP,WE,Towers with Radar,0,10,30,0,40,0,2,149,1,152,0,12,179,1,192,186,0,186,378
08/12/2020,CMA,CA,AWP,WE,Towers with Radar,0,18,24,0,42,0,1,183,0,184,0,19,207,0,226,190,0,190,416
08/13/2020,CMA,CA,AWP,WE,Towers with Radar,0,8,37,0,45,0,0,214,0,214,0,8,251,0,259,254,0,254,513
08/14/2020,CMA,CA,AWP,WE,Towers with Radar,0,12,31,0,43,0,0,235,0,235,0,12,266,0,278,408,0,408,686
08/15/2020,CMA,CA,AWP,WE,Towers with Radar,0,10,14,1,25,0,0,217,0,217,0,10,231,1,242,100,0,100,342
08/16/2020,CMA,CA,AWP,WE,Towers with Radar,0,8,24,0,32,0,0,194,1,195,0,8,218,1,227,212,0,212,439
08/17/2020,CMA,CA,AWP,WE,Towers with Radar,0,14,15,2,31,0,0,178,1,179,0,14,193,3,210,242,0,242,452
08/18/2020,CMA,CA,AWP,WE,Towers with Radar,0,6,21,0,27,0,0,164,1,165,0,6,185,1,192,374,0,374,566
08/19/2020,CMA,CA,AWP,WE,Towers with Radar,0,17,25,2,44,0,0,175,0,175,0,17,200,2,219,260,0,260,479
08/20/2020,CMA,CA,AWP,WE,Towers with Radar,0,9,40,0,49,0,4,143,0,147,0,13,183,0,196,282,0,282,478
08/21/2020,CMA,CA,AWP,WE,Towers with Radar,0,5,42,0,47,0,0,113,0,113,0,5,155,0,160,292,0,292,452
08/22/2020,CMA,CA,AWP,WE,Towers with Radar,0,5,31,0,36,0,0,139,0,139,0,5,170,0,175,182,0,182,357
08/23/2020,CMA,CA,AWP,WE,Towers with Radar,0,8,28,0,36,0,1,196,0,197,0,9,224,0,233,156,0,156,389
08/24/2020,CMA,CA,AWP,WE,Towers with Radar,0,3,37,0,40,0,0,107,0,107,0,3,144,0,147,174,0,174,321
08/25/2020,CMA,CA,AWP,WE,Towers with Radar,0,3,30,1,34,0,0,126,0,126,0,3,156,1,160,244,0,244,404
08/26/2020,CMA,CA,AWP,WE,Towers with Radar,0,7,21,0,28,0,0,170,0,170,0,7,191,0,198,270,0,270,468
08/27/2020,CMA,CA,AWP,WE,Towers with Radar,0,14,24,0,38,0,0,244,0,244,0,14,268,0,282,296,0,296,578
08/28/2020,CMA,CA,AWP,WE,Towers with Radar,0,6,32,0,38,0,0,204,0,204,0,6,236,0,242,294,0,294,536
08/29/2020,CMA,CA,AWP,WE,Towers with Radar,0,9,44,0,53,0,0,240,0,240,0,9,284,0,293,312,0,312,605
08/30/2020,CMA,CA,AWP,WE,Towers with Radar,0,8,52,0,60,0,0,234,2,236,0,8,286,2,296,258,0,258,554
08/31/2020,CMA,CA,AWP,WE,Towers with Radar,0,7,45,0,52,0,0,157,0,157,0,7,202,0,209,258,0,258,467
09/01/2020,CMA,CA,AWP,WE,Towers with Radar,0,7,46,0,53,0,0,163,0,163,0,7,209,0,216,280,0,280,496
09/02/2020,CMA,CA,AWP,WE,Towers with Radar,0,12,47,0,59,0,0,182,0,182,0,12,229,0,241,390,0,390,631
09/03/2020,CMA,CA,AWP,WE,Towers with Radar,0,6,41,0,47,0,0,199,0,199,0,6,240,0,246,320,0,320,566
09/04/2020,CMA,CA,AWP,WE,Towers with Radar,0,12,31,0,43,0,1,263,2,266,0,13,294,2,309,296,0,296,605
09/05/2020,CMA,CA,AWP,WE,Towers with Radar,0,4,27,3,34,0,0,198,0,198,0,4,225,3,232,192,0,192,424
09/06/2020,CMA,CA,AWP,WE,Towers with Radar,0,4,31,0,35,0,0,122,0,122,0,4,153,0,157,158,0,158,315
09/07/2020,CMA,CA,AWP,WE,Towers with Radar,0,5,35,2,42,0,0,105,0,105,0,5,140,2,147,138,0,138,285
09/08/2020,CMA,CA,AWP,WE,Towers with Radar,0,6,57,3,66,0,0,35,0,35,0,6,92,3,101,226,0,226,327
09/09/2020,CMA,CA,AWP,WE,Towers with Radar,0,8,33,3,44,0,0,110,3,113,0,8,143,6,157,250,0,250,407
09/10/2020,CMA,CA,AWP,WE,Towers with Radar,0,9,45,1,55,0,0,109,2,111,0,9,154,3,166,372,0,372,538
09/11/2020,CMA,CA,AWP,WE,Towers with Radar,0,8,56,1,65,0,0,132,0,132,0,8,188,1,197,272,0,272,469
09/12/2020,CMA,CA,AWP,WE,Towers with Radar,0,7,37,0,44,0,0,84,0,84,0,7,121,0,128,332,0,332,460
09/13/2020,CMA,CA,AWP,WE,Towers with Radar,0,8,61,0,69,0,0,71,0,71,0,8,132,0,140,110,0,110,250
09/14/2020,CMA,CA,AWP,WE,Towers with Radar,0,12,45,4,61,0,2,42,0,44,0,14,87,4,105,128,0,128,233
09/15/2020,CMA,CA,AWP,WE,Towers with Radar,0,6,49,0,55,0,1,73,0,74,0,7,122,0,129,130,0,130,259
09/16/2020,CMA,CA,AWP,WE,Towers with Radar,0,13,33,0,46,0,0,139,2,141,0,13,172,2,187,360,0,360,547
09/17/2020,CMA,CA,AWP,WE,Towers with Radar,0,7,31,0,38,0,2,204,0,206,0,9,235,0,244,312,0,312,556
09/18/2020,CMA,CA,AWP,WE,Towers with Radar,0,6,33,0,39,0,3,250,0,253,0,9,283,0,292,348,0,348,640
09/19/2020,CMA,CA,AWP,WE,Towers with Radar,0,9,29,0,38,0,2,274,1,277,0,11,303,1,315,182,0,182,497
09/20/2020,CMA,CA,AWP,WE,Towers with Radar,0,6,34,2,42,0,0,234,0,234,0,6,268,2,276,184,0,184,460
09/21/2020,CMA,CA,AWP,WE,Towers with Radar,0,4,33,3,40,0,0,140,0,140,0,4,173,3,180,176,2,178,358
09/22/2020,CMA,CA,AWP,WE,Towers with Radar,0,13,53,0,66,0,0,177,1,178,0,13,230,1,244,264,0,264,508
09/23/2020,CMA,CA,AWP,WE,Towers with Radar,0,5,27,1,33,0,0,192,0,192,0,5,219,1,225,238,0,238,463
09/24/2020,CMA,CA,AWP,WE,Towers with Radar,0,12,36,2,50,0,1,207,5,213,0,13,243,7,263,352,8,360,623
09/25/2020,CMA,CA,AWP,WE,Towers with Radar,0,10,66,1,77,0,1,205,13,219,0,11,271,14,296,296,12,308,604
09/26/2020,CMA,CA,AWP,WE,Towers with Radar,0,7,41,0,48,0,0,223,0,223,0,7,264,0,271,306,0,306,577
09/27/2020,CMA,CA,AWP,WE,Towers with Radar,0,7,50,0,57,0,0,172,0,172,0,7,222,0,229,268,0,268,497
09/28/2020,CMA,CA,AWP,WE,Towers with Radar,0,7,44,4,55,0,0,141,1,142,0,7,185,5,197,270,0,270,467
09/29/2020,CMA,CA,AWP,WE,Towers with Radar,0,5,44,0,49,0,2,165,0,167,0,7,209,0,216,334,0,334,550
09/30/2020,CMA,CA,AWP,WE,Towers with Radar,0,12,26,0,38,0,2,164,0,166,0,14,190,0,204,264,0,264,468
10/01/2020,CMA,CA,AWP,WE,Towers with Radar,0,10,25,0,35,0,0,172,3,175,0,10,197,3,210,232,0,232,442
10/02/2020,CMA,CA,AWP,WE,Towers with Radar,0,12,28,2,42,0,0,207,0,207,0,12,235,2,249,256,0,256,505
10/03/2020,CMA,CA,AWP,WE,Towers with Radar,0,1,27,0,28,0,0,225,3,228,0,1,252,3,256,284,0,284,540
10/04/2020,CMA,CA,AWP,WE,Towers with Radar,0,8,35,0,43,0,0,192,0,192,0,8,227,0,235,202,0,202,437
10/05/2020,CMA,CA,AWP,WE,Towers with Radar,0,6,43,0,49,0,1,142,0,143,0,7,185,0,192,328,0,328,520
10/06/2020,CMA,CA,AWP,WE,Towers with Radar,0,4,33,0,37,0,2,164,0,166,0,6,197,0,203,340,0,340,543
10/07/2020,CMA,CA,AWP,WE,Towers with Radar,0,5,51,2,58,0,0,211,0,211,0,5,262,2,269,248,4,252,521
10/08/2020,CMA,CA,AWP,WE,Towers with Radar,0,14,77,0,91,0,0,84,0,84,0,14,161,0,175,196,0,196,371
10/09/2020,CMA,CA,AWP,WE,Towers with Radar,0,12,84,0,96,0,0,75,1,76,0,12,159,1,172,208,0,208,380
10/10/2020,CMA,CA,AWP,WE,Towers with Radar,0,10,65,0,75,0,0,139,0,139,0,10,204,0,214,252,0,252,466
10/11/2020,CMA,CA,AWP,WE,Towers with Radar,0,8,44,0,52,0,1,248,0,249,0,9,292,0,301,260,0,260,561
10/12/2020,CMA,CA,AWP,WE,Towers with Radar,0,10,27,0,37,0,0,196,0,196,0,10,223,0,233,272,0,272,505
10/13/2020,CMA,CA,AWP,WE,Towers with Radar,0,7,26,0,33,0,2,207,0,209,0,9,233,0,242,324,0,324,566
10/14/2020,CMA,CA,AWP,WE,Towers with Radar,0,18,35,2,55,0,0,240,0,240,0,18,275,2,295,227,0,227,522
10/15/2020,CMA,CA,AWP,WE,Towers with Radar,0,10,36,0,46,0,0,212,1,213,0,10,248,1,259,326,0,326,585
10/16/2020,CMA,CA,AWP,WE,Towers with Radar,0,11,36,0,47,0,1,147,3,151,0,12,183,3,198,252,4,256,454
10/17/2020,CMA,CA,AWP,WE,Towers with Radar,0,13,25,0,38,0,2,266,1,269,0,15,291,1,307,276,0,276,583
10/18/2020,CMA,CA,AWP,WE,Towers with Radar,0,16,57,0,73,0,0,183,0,183,0,16,240,0,256,200,0,200,456
10/19/2020,CMA,CA,AWP,WE,Towers with Radar,0,19,49,1,69,0,0,146,0,146,0,19,195,1,215,182,0,182,397
10/20/2020,CMA,CA,AWP,WE,Towers with Radar,0,13,73,2,88,0,0,64,2,66,0,13,137,4,154,102,0,102,256
10/21/2020,CMA,CA,AWP,WE,Towers with Radar,0,16,76,0,92,0,0,42,0,42,0,16,118,0,134,222,0,222,356
10/22/2020,CMA,CA,AWP,WE,Towers with Radar,0,14,76,3,93,0,1,70,0,71,0,15,146,3,164,216,0,216,380
10/23/2020,CMA,CA,AWP,WE,Towers with Radar,0,16,79,2,97,0,0,79,1,80,0,16,158,3,177,376,0,376,553
10/24/2020,CMA,CA,AWP,WE,Towers with Radar,0,8,73,0,81,0,0,123,0,123,0,8,196,0,204,342,0,342,546
10/25/2020,CMA,CA,AWP,WE,Towers with Radar,0,14,58,1,73,0,0,81,0,81,0,14,139,1,154,230,0,230,384
10/26/2020,CMA,CA,AWP,WE,Towers with Radar,0,10,18,0,28,0,0,12,0,12,0,10,30,0,40,0,0,0,40
10/27/2020,CMA,CA,AWP,WE,Towers with Radar,0,6,28,2,36,0,2,108,3,113,0,8,136,5,149,164,0,164,313
10/28/2020,CMA,CA,AWP,WE,Towers with Radar,0,7,47,1,55,0,0,215,0,215,0,7,262,1,270,228,0,228,498
10/29/2020,CMA,CA,AWP,WE,Towers with Radar,0,13,31,0,44,0,0,212,0,212,0,13,243,0,256,318,0,318,574
10/30/2020,CMA,CA,AWP,WE,Towers with Radar,0,11,42,0,53,0,0,251,1,252,0,11,293,1,305,228,0,228,533
10/31/2020,CMA,CA,AWP,WE,Towers with Radar,0,1,28,0,29,0,1,254,0,255,0,2,282,0,284,236,0,236,520
11/01/2020,CMA,CA,AWP,WE,Towers with Radar,0,13,27,0,40,0,0,190,0,190,0,13,217,0,230,200,0,200,430
11/02/2020,CMA,CA,AWP,WE,Towers with Radar,0,15,32,2,49,0,0,108,0,108,0,15,140,2,157,228,0,228,385
11/03/2020,CMA,CA,AWP,WE,Towers with Radar,0,6,33,2,41,0,1,107,0,108,0,7,140,2,149,206,0,206,355
11/04/2020,CMA,CA,AWP,WE,Towers with Radar,0,6,29,0,35,0,0,167,0,167,0,6,196,0,202,266,0,266,468
11/05/2020,CMA,CA,AWP,WE,Towers with Radar,0,20,33,0,53,0,0,177,1,178,0,20,210,1,231,384,0,384,615
11/06/2020,CMA,CA,AWP,WE,Towers with Radar,0,7,65,0,72,0,0,115,4,119,0,7,180,4,191,266,0,266,457
11/07/2020,CMA,CA,AWP,WE,Towers with Radar,0,5,21,0,26,0,0,44,0,44,0,5,65,0,70,84,0,84,154
11/08/2020,CMA,CA,AWP,WE,Towers with Radar,0,13,19,0,32,0,0,24,0,24,0,13,43,0,56,0,0,0,56
11/09/2020,CMA,CA,AWP,WE,Towers with Radar,0,8,26,0,34,0,1,201,1,203,0,9,227,1,237,342,0,342,579
11/10/2020,CMA,CA,AWP,WE,Towers with Radar,0,9,27,2,38,0,3,184,0,187,0,12,211,2,225,348,0,348,573
11/11/2020,CMA,CA,AWP,WE,Towers with Radar,0,10,31,0,41,0,0,280,0,280,0,10,311,0,321,270,0,270,591
11/12/2020,CMA,CA,AWP,WE,Towers with Radar,0,4,27,0,31,0,0,227,0,227,0,4,254,0,258,302,0,302,560
11/13/2020,CMA,CA,AWP,WE,Towers with Radar,0,19,21,1,41,0,1,206,0,207,0,20,227,1,248,332,0,332,580
11/14/2020,CMA,CA,AWP,WE,Towers with Radar,0,5,18,0,23,0,2,256,0,258,0,7,274,0,281,280,0,280,561
11/15/2020,CMA,CA,AWP,WE,Towers with Radar,0,8,30,0,38,0,0,216,0,216,0,8,246,0,254,282,0,282,536
11/16/2020,CMA,CA,AWP,WE,Towers with Radar,0,13,32,0,45,0,0,140,0,140,0,13,172,0,185,196,0,196,381
11/17/2020,CMA,CA,AWP,WE,Towers with Radar,0,4,24,0,28,0,1,178,1,180,0,5,202,1,208,236,0,236,444
11/18/2020,CMA,CA,AWP,WE,Towers with Radar,0,12,59,0,71,0,0,90,0,90,0,12,149,0,161,186,0,186,347
11/19/2020,CMA,CA,AWP,WE,Towers with Radar,0,3,48,2,53,0,0,187,0,187,0,3,235,2,240,250,0,250,490
11/20/2020,CMA,CA,AWP,WE,Towers with Radar,0,12,31,0,43,0,1,236,0,237,0,13,267,0,280,256,0,256,536
11/21/2020,CMA,CA,AWP,WE,Towers with Radar,0,11,28,0,39,0,0,320,0,320,0,11,348,0,359,245,0,245,604
11/22/2020,CMA,CA,AWP,WE,Towers with Radar,0,8,35,0,43,0,0,243,0,243,0,8,278,0,286,232,0,232,518
11/23/2020,CMA,CA,AWP,WE,Towers with Radar,1,13,29,1,44,0,3,172,0,175,1,16,201,1,219,306,0,306,525
11/24/2020,CMA,CA,AWP,WE,Towers with Radar,0,6,41,2,49,0,3,215,2,220,0,9,256,4,269,244,0,244,513
11/25/2020,CMA,CA,AWP,WE,Towers with Radar,0,8,40,0,48,0,0,206,0,206,0,8,246,0,254,364,0,364,618
11/26/2020,CMA,CA,AWP,WE,Towers with Radar,0,2,9,0,11,0,0,33,0,33,0,2,42,0,44,60,0,60,104
11/27/2020,CMA,CA,AWP,WE,Towers with Radar,0,8,10,0,18,0,0,58,0,58,0,8,68,0,76,66,0,66,142
11/28/2020,CMA,CA,AWP,WE,Towers with Radar,0,2,24,0,26,0,0,201,1,202,0,2,225,1,228,204,0,204,432
11/29/2020,CMA,CA,AWP,WE,Towers with Radar,0,17,38,1,56,0,0,211,3,214,0,17,249,4,270,118,6,124,394
11/30/2020,CMA,CA,AWP,WE,Towers with Radar,0,8,23,0,31,0,0,173,0,173,0,8,196,0,204,299,0,299,503
12/01/2020,CMA,CA,AWP,WE,Towers with Radar,0,12,36,0,48,0,0,172,0,172,0,12,208,0,220,332,0,332,552
12/02/2020,CMA,CA,AWP,WE,Towers with Radar,0,9,22,0,31,0,0,154,0,154,0,9,176,0,185,158,0,158,343
12/03/2020,CMA,CA,AWP,WE,Towers with Radar,0,5,7,0,12,0,0,61,3,64,0,5,68,3,76,46,4,50,126
12/04/2020,CMA,CA,AWP,WE,Towers with Radar,0,12,30,0,42,0,1,177,0,178,0,13,207,0,220,338,0,338,558
12/05/2020,CMA,CA,AWP,WE,Towers with Radar,0,9,21,0,30,0,2,280,0,282,0,11,301,0,312,334,0,334,646
12/06/2020,CMA,CA,AWP,WE,Towers with Radar,0,5,42,0,47,0,0,279,1,280,0,5,321,1,327,300,0,300,627
12/07/2020,CMA,CA,AWP,WE,Towers with Radar,0,5,19,2,26,0,2,17,0,19,0,7,36,2,45,6,0,6,51
12/08/2020,CMA,CA,AWP,WE,Towers with Radar,0,9,14,2,25,0,0,54,1,55,0,9,68,3,80,98,0,98,178
12/09/2020,CMA,CA,AWP,WE,Towers with Radar,0,4,40,1,45,0,1,241,1,243,0,5,281,2,288,418,0,418,706
12/10/2020,CMA,CA,AWP,WE,Towers with Radar,0,10,32,0,42,0,0,210,1,211,0,10,242,1,253,370,0,370,623
12/11/2020,CMA,CA,AWP,WE,Towers with Radar,0,8,39,2,49,0,0,164,0,164,0,8,203,2,213,440,0,440,653
12/12/2020,CMA,CA,AWP,WE,Towers with Radar,0,7,43,0,50,0,3,113,0,116,0,10,156,0,166,350,0,350,516
12/13/2020,CMA,CA,AWP,WE,Towers with Radar,0,15,42,0,57,0,0,182,0,182,0,15,224,0,239,260,0,260,499
12/14/2020,CMA,CA,AWP,WE,Towers with Radar,0,2,20,0,22,0,0,135,0,135,0,2,155,0,157,354,0,354,511
12/15/2020,CMA,CA,AWP,WE,Towers with Radar,0,5,24,0,29,0,3,103,0,106,0,8,127,0,135,152,0,152,287
12/16/2020,CMA,CA,AWP,WE,Towers with Radar,0,12,25,1,38,0,0,221,0,221,0,12,246,1,259,386,0,386,645
12/17/2020,CMA,CA,AWP,WE,Towers with Radar,0,6,38,0,44,0,1,134,0,135,0,7,172,0,179,276,0,276,455
12/18/2020,CMA,CA,AWP,WE,Towers with Radar,0,6,34,0,40,0,0,113,0,113,0,6,147,0,153,112,0,112,265
12/19/2020,CMA,CA,AWP,WE,Towers with Radar,0,8,34,1,43,0,0,273,0,273,0,8,307,1,316,438,0,438,754
12/20/2020,CMA,CA,AWP,WE,Towers with Radar,0,8,28,2,38,0,0,211,0,211,0,8,239,2,249,274,0,274,523
12/21/2020,CMA,CA,AWP,WE,Towers with Radar,0,3,53,2,58,0,0,233,0,233,0,3,286,2,291,312,0,312,603
12/22/2020,CMA,CA,AWP,WE,Towers with Radar,0,6,50,3,59,0,1,206,0,207,0,7,256,3,266,216,0,216,482
12/23/2020,CMA,CA,AWP,WE,Towers with Radar,0,4,10,0,14,0,2,32,0,34,0,6,42,0,48,8,0,8,56
12/24/2020,CMA,CA,AWP,WE,Towers with Radar,0,3,6,0,9,0,0,41,0,41,0,3,47,0,50,62,0,62,112
12/25/2020,CMA,CA,AWP,WE,Towers with Radar,0,1,8,0,9,0,0,59,0,59,0,1,67,0,68,92,0,92,160
12/26/2020,CMA,CA,AWP,WE,Towers with Radar,0,9,28,0,37,0,0,232,0,232,0,9,260,0,269,164,0,164,433
12/27/2020,CMA,CA,AWP,WE,Towers with Radar,0,7,37,0,44,0,0,126,0,126,0,7,163,0,170,244,0,244,414
12/28/2020,CMA,CA,AWP,WE,Towers with Radar,0,8,10,0,18,0,0,3,0,3,0,8,13,0,21,34,0,34,55
12/29/2020,CMA,CA,AWP,WE,Towers with Radar,0,5,38,0,43,0,2,258,0,260,0,7,296,0,303,212,0,212,515
12/30/2020,CMA,CA,AWP,WE,Towers with Radar,0,7,20,0,27,0,1,243,0,244,0,8,263,0,271,218,0,218,489
12/31/2020,CMA,CA,AWP,WE,Towers with Radar,0,10,14,0,24,0,1,147,0,148,0,11,161,0,172,340,0,340,512
01/01/2021,CMA,CA,AWP,WE,Towers with Radar,0,5,3,0,8,0,0,66,0,66,0,5,69,0,74,114,0,114,188
01/02/2021,CMA,CA,AWP,WE,Towers with Radar,0,15,34,2,51,0,0,193,2,195,0,15,227,4,246,272,0,272,518
01/03/2021,CMA,CA,AWP,WE,Towers with Radar,0,12,41,2,55,0,0,131,0,131,0,12,172,2,186,187,0,187,373
01/04/2021,CMA,CA,AWP,WE,Towers with Radar,0,6,29,0,35,0,0,121,0,121,0,6,150,0,156,274,0,274,430
01/05/2021,CMA,CA,AWP,WE,Towers with Radar,0,11,26,2,39,0,2,140,0,142,0,13,166,2,181,266,0,266,447
01/06/2021,CMA,CA,AWP,WE,Towers with Radar,0,6,40,0,46,0,0,152,0,152,0,6,192,0,198,314,0,314,512
01/07/2021,CMA,CA,AWP,WE,Towers with Radar,0,14,26,0,40,0,0,176,1,177,0,14,202,1,217,228,8,236,453
01/08/2021,CMA,CA,AWP,WE,Towers with Radar,0,11,37,0,48,0,0,203,0,203,0,11,240,0,251,278,0,278,529
01/09/2021,CMA,CA,AWP,WE,Towers with Radar,0,6,4,0,10,0,1,84,2,87,0,7,88,2,97,192,0,192,289
01/10/2021,CMA,CA,AWP,WE,Towers with Radar,1,12,44,0,57,0,0,173,3,176,1,12,217,3,233,154,0,154,387
01/11/2021,CMA,CA,AWP,WE,Towers with Radar,0,5,31,0,36,0,1,122,0,123,0,6,153,0,159,214,0,214,373
01/12/2021,CMA,CA,AWP,WE,Towers with Radar,0,14,21,0,35,0,1,179,0,180,0,15,200,0,215,350,0,350,565
01/13/2021,CMA,CA,AWP,WE,Towers with Radar,0,2,21,0,23,0,0,165,0,165,0,2,186,0,188,340,0,340,528
01/14/2021,CMA,CA,AWP,WE,Towers with Radar,0,16,20,0,36,0,0,57,4,61,0,16,77,4,97,72,0,72,169
01/15/2021,CMA,CA,AWP,WE,Towers with Radar,0,9,35,2,46,0,3,103,0,106,0,12,138,2,152,100,0,100,252
01/16/2021,CMA,CA,AWP,WE,Towers with Radar,0,5,18,0,23,0,0,126,2,128,0,5,144,2,151,234,0,234,385
01/17/2021,CMA,CA,AWP,WE,Towers with Radar,0,11,24,0,35,0,1,176,0,177,0,12,200,0,212,160,0,160,372
01/18/2021,CMA,CA,AWP,WE,Towers with Radar,0,7,19,0,26,0,0,78,0,78,0,7,97,0,104,116,0,116,220
01/19/2021,CMA,CA,AWP,WE,Towers with Radar,0,6,4,0,10,0,0,11,0,11,0,6,15,0,21,2,0,2,23
01/20/2021,CMA,CA,AWP,WE,Towers with Radar,0,6,11,0,17,0,0,19,0,19,0,6,30,0,36,8,0,8,44
01/21/2021,CMA,CA,AWP,WE,Towers with Radar,0,9,44,0,53,0,0,222,0,222,0,9,266,0,275,326,0,326,601
01/22/2021,CMA,CA,AWP,WE,Towers with Radar,0,6,73,0,79,0,0,114,1,115,0,6,187,1,194,460,0,460,654
01/23/2021,CMA,CA,AWP,WE,Towers with Radar,0,8,43,0,51,0,0,47,2,49,0,8,90,2,100,306,0,306,406
01/24/2021,CMA,CA,AWP,WE,Towers with Radar,0,8,33,0,41,0,0,246,0,246,0,8,279,0,287,300,0,300,587
01/25/2021,CMA,CA,AWP,WE,Towers with Radar,0,7,13,0,20,0,0,4,0,4,0,7,17,0,24,0,0,0,24
01/26/2021,CMA,CA,AWP,WE,Towers with Radar,0,7,28,1,36,0,4,206,4,214,0,11,234,5,250,350,0,350,600
01/27/2021,CMA,CA,AWP,WE,Towers with Radar,0,2,11,0,13,0,0,8,0,8,0,2,19,0,21,44,0,44,65
01/28/2021,CMA,CA,AWP,WE,Towers with Radar,0,6,11,0,17,0,0,18,0,18,0,6,29,0,35,76,0,76,111
01/29/2021,CMA,CA,AWP,WE,Towers with Radar,0,10,33,0,43,0,0,32,0,32,0,10,65,0,75,222,0,222,297
01/30/2021,CMA,CA,AWP,WE,Towers with Radar,0,6,53,0,59,0,0,389,1,390,0,6,442,1,449,326,0,326,775
01/31/2021,CMA,CA,AWP,WE,Towers with Radar,0,10,20,0,30,0,0,178,0,178,0,10,198,0,208,242,0,242,450
02/01/2021,CMA,CA,AWP,WE,Towers with Radar,0,6,23,0,29,0,0,197,0,197,0,6,220,0,226,449,0,449,675
02/02/2021,CMA,CA,AWP,WE,Towers with Radar,0,5,31,0,36,0,2,199,0,201,0,7,230,0,237,362,0,362,599
02/03/2021,CMA,CA,AWP,WE,Towers with Radar,0,9,31,0,40,0,1,199,0,200,0,10,230,0,240,336,0,336,576
02/04/2021,CMA,CA,AWP,WE,Towers with Radar,0,7,59,0,66,0,1,169,0,170,0,8,228,0,236,244,0,244,480
02/05/2021,CMA,CA,AWP,WE,Towers with Radar,0,10,51,0,61,0,0,227,0,227,0,10,278,0,288,296,0,296,584
02/06/2021,CMA,CA,AWP,WE,Towers with Radar,0,10,31,0,41,0,1,236,1,238,0,11,267,1,279,216,0,216,495
02/07/2021,CMA,CA,AWP,WE,Towers with Radar,0,7,36,0,43,0,1,191,0,192,0,8,227,0,235,214,0,214,449
02/08/2021,CMA,CA,AWP,WE,Towers with Radar,0,12,40,0,52,0,0,71,0,71,0,12,111,0,123,128,0,128,251
02/09/2021,CMA,CA,AWP,WE,Towers with Radar,0,13,81,0,94,0,0,77,0,77,0,13,158,0,171,349,0,349,520
02/10/2021,CMA,CA,AWP,WE,Towers with Radar,0,18,32,0,50,0,2,211,0,213,0,20,243,0,263,286,0,286,549
02/11/2021,CMA,CA,AWP,WE,Towers with Radar,0,5,44,0,49,0,0,216,0,216,0,5,260,0,265,306,0,306,571
02/12/2021,CMA,CA,AWP,WE,Towers with Radar,0,15,36,0,51,0,0,145,0,145,0,15,181,0,196,216,0,216,412
02/13/2021,CMA,CA,AWP,WE,Towers with Radar,0,10,32,0,42,0,0,132,0,132,0,10,164,0,174,220,0,220,394
02/14/2021,CMA,CA,AWP,WE,Towers with Radar,0,10,23,0,33,0,0,153,0,153,0,10,176,0,186,252,0,252,438
02/15/2021,CMA,CA,AWP,WE,Towers with Radar,0,9,51,0,60,0,2,180,0,182,0,11,231,0,242,306,4,310,552
02/16/2021,CMA,CA,AWP,WE,Towers with Radar,0,9,30,0,39,0,1,104,0,105,0,10,134,0,144,300,0,300,444
02/17/2021,CMA,CA,AWP,WE,Towers with Radar,0,6,45,1,52,0,0,184,5,189,0,6,229,6,241,322,0,322,563
02/18/2021,CMA,CA,AWP,WE,Towers with Radar,0,18,32,0,50,0,0,134,0,134,0,18,166,0,184,200,0,200,384
02/19/2021,CMA,CA,AWP,WE,Towers with Radar,0,11,42,0,53,0,1,280,0,281,0,12,322,0,334,264,0,264,598
02/20/2021,CMA,CA,AWP,WE,Towers with Radar,0,5,16,0,21,0,0,136,1,137,0,5,152,1,158,148,0,148,306
02/21/2021,CMA,CA,AWP,WE,Towers with Radar,0,16,22,0,38,0,0,89,0,89,0,16,111,0,127,112,0,112,239
02/22/2021,CMA,CA,AWP,WE,Towers with Radar,0,10,14,0,24,0,1,54,0,55,0,11,68,0,79,94,0,94,173
02/23/2021,CMA,CA,AWP,WE,Towers with Radar,0,5,25,0,30,0,2,213,0,215,0,7,238,0,245,296,0,296,541
02/24/2021,CMA,CA,AWP,WE,Towers with Radar,0,2,36,1,39,0,0,192,2,194,0,2,228,3,233,290,0,290,523
02/25/2021,CMA,CA,AWP,WE,Towers with Radar,0,3,25,0,28,0,0,46,2,48,0,3,71,2,76,118,0,118,194
02/26/2021,CMA,CA,AWP,WE,Towers with Radar,0,5,54,1,60,0,0,293,2,295,0,5,347,3,355,300,0,300,655
02/27/2021,CMA,CA,AWP,WE,Towers with Radar,0,4,32,0,36,0,0,173,0,173,0,4,205,0,209,328,0,328,537
02/28/2021,CMA,CA,AWP,WE,Towers with Radar,0,11,11,0,22,0,0,36,0,36,0,11,47,0,58,12,0,12,70
03/01/2021,CMA,CA,AWP,WE,Towers with Radar,0,12,18,0,30,0,1,137,0,138,0,13,155,0,168,340,0,340,508
03/02/2021,CMA,CA,AWP,WE,Towers with Radar,0,0,0,0,0,0,2,210,3,215,0,2,210,3,215,344,0,344,559
03/03/2021,CMA,CA,AWP,WE,Towers with Radar,0,5,5,0,10,0,7,87,0,94,0,12,92,0,104,290,0,290,394
03/04/2021,CMA,CA,AWP,WE,Towers with Radar,0,5,8,0,13,0,3,264,2,269,0,8,272,2,282,306,0,306,588
03/05/2021,CMA,CA,AWP,WE,Towers with Radar,0,13,41,0,54,0,0,266,0,266,0,13,307,0,320,330,0,330,650
03/06/2021,CMA,CA,AWP,WE,Towers with Radar,0,5,27,0,32,0,2,290,1,293,0,7,317,1,325,252,0,252,577
03/07/2021,CMA,CA,AWP,WE,Towers with Radar,0,3,36,0,39,0,0,70,0,70,0,3,106,0,109,108,0,108,217
03/08/2021,CMA,CA,AWP,WE,Towers with Radar,0,7,36,1,44,0,0,182,0,182,0,7,218,1,226,202,0,202,428
03/09/2021,CMA,CA,AWP,WE,Towers with Radar,0,8,19,2,29,0,2,104,1,107,0,10,123,3,136,158,0,158,294
03/10/2021,CMA,CA,AWP,WE,Towers with Radar,0,6,24,0,30,0,0,39,1,40,0,6,63,1,70,146,0,146,216
03/11/2021,CMA,CA,AWP,WE,Towers with Radar,0,14,39,0,53,0,0,95,0,95,0,14,134,0,148,352,0,352,500
03/12/2021,CMA,CA,AWP,WE,Towers with Radar,0,9,38,0,47,0,0,175,2,177,0,9,213,2,224,312,0,312,536
03/13/2021,CMA,CA,AWP,WE,Towers with Radar,0,12,43,0,55,0,2,260,0,262,0,14,303,0,317,298,0,298,615
03/14/2021,CMA,CA,AWP,WE,Towers with Radar,1,15,74,0,90,0,0,130,1,131,1,15,204,1,221,292,0,292,513
03/15/2021,CMA,CA,AWP,WE,Towers with Radar,0,11,14,0,25,0,0,22,0,22,0,11,36,0,47,52,0,52,99
03/16/2021,CMA,CA,AWP,WE,Towers with Radar,0,6,33,0,39,0,3,240,0,243,0,9,273,0,282,326,0,326,608
03/17/2021,CMA,CA,AWP,WE,Towers with Radar,0,17,30,0,47,0,1,216,0,217,0,18,246,0,264,354,0,354,618
03/18/2021,CMA,CA,AWP,WE,Towers with Radar,0,25,20,0,45,0,0,199,0,199,0,25,219,0,244,297,0,297,541
03/19/2021,CMA,CA,AWP,WE,Towers with Radar,0,18,38,2,58,0,2,227,0,229,0,20,265,2,287,298,2,300,587
03/20/2021,CMA,CA,AWP,WE,Towers with Radar,0,9,42,0,51,0,0,224,0,224,0,9,266,0,275,310,0,310,585
03/21/2021,CMA,CA,AWP,WE,Towers with Radar,0,21,32,0,53,0,1,234,0,235,0,22,266,0,288,134,0,134,422
03/22/2021,CMA,CA,AWP,WE,Towers with Radar,0,6,26,0,32,0,0,195,0,195,0,6,221,0,227,362,0,362,589
03/23/2021,CMA,CA,AWP,WE,Towers with Radar,0,15,28,0,43,0,0,161,0,161,0,15,189,0,204,232,0,232,436
03/24/2021,CMA,CA,AWP,WE,Towers with Radar,0,16,23,0,39,0,0,114,2,116,0,16,137,2,155,218,0,218,373
03/25/2021,CMA,CA,AWP,WE,Towers with Radar,0,11,78,0,89,0,1,90,0,91,0,12,168,0,180,208,0,208,388
03/26/2021,CMA,CA,AWP,WE,Towers with Radar,0,12,29,0,41,0,0,217,0,217,0,12,246,0,258,250,0,250,508
03/27/2021,CMA,CA,AWP,WE,Towers with Radar,0,8,28,2,38,0,1,251,7,259,0,9,279,9,297,168,0,168,465
03/28/2021,CMA,CA,AWP,WE,Towers with Radar,0,17,37,0,54,0,0,266,0,266,0,17,303,0,320,210,0,210,530
03/29/2021,CMA,CA,AWP,WE,Towers with Radar,0,16,37,1,54,0,1,209,0,210,0,17,246,1,264,247,0,247,511
03/30/2021,CMA,CA,AWP,WE,Towers with Radar,0,16,36,1,53,0,2,173,0,175,0,18,209,1,228,188,0,188,416
03/31/2021,CMA,CA,AWP,WE,Towers with Radar,0,10,26,0,36,0,2,47,0,49,0,12,73,0,85,46,0,46,131
04/01/2021,CMA,CA,AWP,WE,Towers with Radar,0,22,26,0,48,0,0,199,1,200,0,22,225,1,248,244,0,244,492
04/02/2021,CMA,CA,AWP,WE,Towers with Radar,0,12,55,0,67,0,0,258,2,260,0,12,313,2,327,336,16,352,679
04/03/2021,CMA,CA,AWP,WE,Towers with Radar,0,12,42,0,54,0,0,225,0,225,0,12,267,0,279,146,0,146,425
04/04/2021,CMA,CA,AWP,WE,Towers with Radar,0,4,28,0,32,0,0,207,0,207,0,4,235,0,239,234,0,234,473
04/05/2021,CMA,CA,AWP,WE,Towers with Radar,0,11,43,0,54,0,0,137,0,137,0,11,180,0,191,186,0,186,377
04/06/2021,CMA,CA,AWP,WE,Towers with Radar,0,12,28,0,40,0,2,175,0,177,0,14,203,0,217,232,0,232,449
04/07/2021,CMA,CA,AWP,WE,Towers with Radar,0,9,35,0,44,0,1,145,0,146,0,10,180,0,190,250,0,250,440
04/08/2021,CMA,CA,AWP,WE,Towers with Radar,0,5,30,0,35,0,0,213,0,213,0,5,243,0,248,296,0,296,544
04/09/2021,CMA,CA,AWP,WE,Towers with Radar,0,7,36,2,45,0,2,209,1,212,0,9,245,3,257,317,0,317,574
04/10/2021,CMA,CA,AWP,WE,Towers with Radar,0,11,20,0,31,0,0,260,0,260,0,11,280,0,291,204,0,204,495
04/11/2021,CMA,CA,AWP,WE,Towers with Radar,0,11,50,0,61,0,1,192,0,193,0,12,242,0,254,216,0,216,470
04/12/2021,CMA,CA,AWP,WE,Towers with Radar,0,16,74,0,90,0,0,59,0,59,0,16,133,0,149,204,0,204,353
04/13/2021,CMA,CA,AWP,WE,Towers with Radar,0,8,80,0,88,0,0,56,0,56,0,8,136,0,144,368,0,368,512
04/14/2021,CMA,CA,AWP,WE,Towers with Radar,0,7,74,0,81,0,0,87,0,87,0,7,161,0,168,248,0,248,416
04/15/2021,CMA,CA,AWP,WE,Towers with Radar,0,11,42,2,55,0,0,193,0,193,0,11,235,2,248,268,0,268,516
04/16/2021,CMA,CA,AWP,WE,Towers with Radar,0,2,31,0,33,0,1,224,0,225,0,3,255,0,258,326,0,326,584
04/17/2021,CMA,CA,AWP,WE,Towers with Radar,0,3,36,0,39,0,0,233,2,235,0,3,269,2,274,224,0,224,498
04/18/2021,CMA,CA,AWP,WE,Towers with Radar,0,4,20,0,24,0,0,110,0,110,0,4,130,0,134,48,0,48,182
04/19/2021,CMA,CA,AWP,WE,Towers with Radar,0,5,29,0,34,0,0,170,0,170,0,5,199,0,204,270,0,270,474
04/20/2021,CMA,CA,AWP,WE,Towers with Radar,0,3,53,3,59,0,4,121,0,125,0,7,174,3,184,324,0,324,508
04/21/2021,CMA,CA,AWP,WE,Towers with Radar,0,13,64,0,77,0,0,89,0,89,0,13,153,0,166,238,0,238,404
04/22/2021,CMA,CA,AWP,WE,Towers with Radar,0,18,107,0,125,0,0,88,0,88,0,18,195,0,213,330,0,330,543
04/23/2021,CMA,CA,AWP,WE,Towers with Radar,0,9,101,0,110,0,1,111,0,112,0,10,212,0,222,344,0,344,566
04/24/2021,CMA,CA,AWP,WE,Towers with Radar,0,10,73,0,83,0,1,182,0,183,0,11,255,0,266,396,0,396,662
04/25/2021,CMA,CA,AWP,WE,Towers with Radar,0,8,74,0,82,0,0,107,0,107,0,8,181,0,189,202,0,202,391
04/26/2021,CMA,CA,AWP,WE,Towers with Radar,0,4,26,2,32,0,0,116,0,116,0,4,142,2,148,266,0,266,414
04/27/2021,CMA,CA,AWP,WE,Towers with Radar,0,12,42,6,60,0,2,196,0,198,0,14,238,6,258,328,0,328,586
04/28/2021,CMA,CA,AWP,WE,Towers with Radar,0,13,33,0,46,0,1,215,3,219,0,14,248,3,265,226,2,228,493
04/29/2021,CMA,CA,AWP,WE,Towers with Radar,0,14,34,0,48,0,1,266,0,267,0,15,300,0,315,252,0,252,567
04/30/2021,CMA,CA,AWP,WE,Towers with Radar,0,10,29,0,39,0,0,230,0,230,0,10,259,0,269,270,0,270,539
05/01/2021,CMA,CA,AWP,WE,Towers with Radar,0,8,19,0,27,0,0,244,2,246,0,8,263,2,273,308,0,308,581
05/02/2021,CMA,CA,AWP,WE,Towers with Radar,0,14,52,0,66,0,0,165,1,166,0,14,217,1,232,122,0,122,354
05/03/2021,CMA,CA,AWP,WE,Towers with Radar,0,8,22,0,30,0,0,187,0,187,0,8,209,0,217,260,0,260,477
05/04/2021,CMA,CA,AWP,WE,Towers with Radar,0,7,31,0,38,0,3,226,0,229,0,10,257,0,267,250,0,250,517
05/05/2021,CMA,CA,AWP,WE,Towers with Radar,0,12,40,1,53,0,0,171,5,176,0,12,211,6,229,254,0,254,483
05/06/2021,CMA,CA,AWP,WE,Towers with Radar,0,8,58,0,66,0,0,100,0,100,0,8,158,0,166,258,0,258,424
05/07/2021,CMA,CA,AWP,WE,Towers with Radar,0,14,78,0,92,0,2,112,0,114,0,16,190,0,206,298,0,298,504
05/08/2021,CMA,CA,AWP,WE,Towers with Radar,0,17,47,0,64,0,1,203,1,205,0,18,250,1,269,294,0,294,563
05/09/2021,CMA,CA,AWP,WE,Towers with Radar,0,12,64,0,76,0,0,107,0,107,0,12,171,0,183,226,0,226,409
05/10/2021,CMA,CA,AWP,WE,Towers with Radar,0,7,92,2,101,0,0,37,0,37,0,7,129,2,138,146,0,146,284
05/11/2021,CMA,CA,AWP,WE,Towers with Radar,0,14,82,0,96,0,0,122,0,122,0,14,204,0,218,278,0,278,496
05/12/2021,CMA,CA,AWP,WE,Towers with Radar,0,15,90,2,107,0,0,77,0,77,0,15,167,2,184,240,0,240,424
05/13/2021,CMA,CA,AWP,WE,Towers with Radar,0,12,87,0,99,0,0,77,0,77,0,12,164,0,176,236,0,236,412
05/14/2021,CMA,CA,AWP,WE,Towers with Radar,0,14,135,0,149,0,0,50,0,50,0,14,185,0,199,192,0,192,391
05/15/2021,CMA,CA,AWP,WE,Towers with Radar,0,7,79,0,86,0,0,107,0,107,0,7,186,0,193,310,0,310,503
05/16/2021,CMA,CA,AWP,WE,Towers with Radar,0,4,86,1,91,0,0,68,0,68,0,4,154,1,159,166,0,166,325
05/17/2021,CMA,CA,AWP,WE,Towers with Radar,0,13,57,0,70,0,0,90,0,90,0,13,147,0,160,372,0,372,532
05/18/2021,CMA,CA,AWP,WE,Towers with Radar,0,15,61,0,76,0,0,159,1,160,0,15,220,1,236,250,0,250,486
05/19/2021,CMA,CA,AWP,WE,Towers with Radar,0,6,38,2,46,0,0,202,2,204,0,6,240,4,250,356,0,356,606
05/20/2021,CMA,CA,AWP,WE,Towers with Radar,0,10,46,2,58,0,2,194,0,196,0,12,240,2,254,306,0,306,560
05/21/2021,CMA,CA,AWP,WE,Towers with Radar,0,9,26,0,35,0,2,87,0,89,0,11,113,0,124,172,0,172,296
05/22/2021,CMA,CA,AWP,WE,Towers with Radar,0,9,46,0,55,0,1,278,0,279,0,10,324,0,334,268,0,268,602
05/23/2021,CMA,CA,AWP,WE,Towers with Radar,0,9,35,0,44,0,0,321,0,321,0,9,356,0,365,252,0,252,617
05/24/2021,CMA,CA,AWP,WE,Towers with Radar,0,3,28,0,31,0,2,211,0,213,0,5,239,0,244,286,0,286,530
05/25/2021,CMA,CA,AWP,WE,Towers with Radar,0,12,34,0,46,0,0,183,0,183,0,12,217,0,229,168,0,168,397
05/26/2021,CMA,CA,AWP,WE,Towers with Radar,0,7,41,2,50,0,1,208,3,212,0,8,249,5,262,366,0,366,628
05/27/2021,CMA,CA,AWP,WE,Towers with Radar,0,16,75,1,92,0,0,170,0,170,0,16,245,1,262,248,0,248,510
05/28/2021,CMA,CA,AWP,WE,Towers with Radar,0,8,80,0,88,0,0,150,0,150,0,8,230,0,238,404,0,404,642
05/29/2021,CMA,CA,AWP,WE,Towers with Radar,0,14,54,2,70,0,0,111,1,112,0,14,165,3,182,372,0,372,554
05/30/2021,CMA,CA,AWP,WE,Towers with Radar,0,10,50,0,60,0,0,118,0,118,0,10,168,0,178,252,0,252,430
05/31/2021,CMA,CA,AWP,WE,Towers with Radar,0,14,55,0,69,0,0,130,0,130,0,14,185,0,199,272,0,272,471
06/01/2021,CMA,CA,AWP,WE,Towers with Radar,0,14,42,1,57,0,0,127,0,127,0,14,169,1,184,188,0,188,372
06/02/2021,CMA,CA,AWP,WE,Towers with Radar,0,6,51,0,57,0,0,110,3,113,0,6,161,3,170,184,0,184,354
06/03/2021,CMA,CA,AWP,WE,Towers with Radar,0,10,48,6,64,0,0,139,2,141,0,10,187,8,205,208,0,208,413
06/04/2021,CMA,CA,AWP,WE,Towers with Radar,0,19,71,0,90,0,1,150,0,151,0,20,221,0,241,297,0,297,538
06/05/2021,CMA,CA,AWP,WE,Towers with Radar,0,14,52,0,66,0,0,207,1,208,0,14,259,1,274,308,0,308,582
06/06/2021,CMA,CA,AWP,WE,Towers with Radar,0,10,45,0,55,0,0,118,0,118,0,10,163,0,173,204,0,204,377
06/07/2021,CMA,CA,AWP,WE,Towers with Radar,0,7,96,3,106,0,1,55,0,56,0,8,151,3,162,447,0,447,609
06/08/2021,CMA,CA,AWP,WE,Towers with Radar,0,13,39,1,53,0,2,177,1,180,0,15,216,2,233,320,0,320,553
06/09/2021,CMA,CA,AWP,WE,Towers with Radar,0,14,35,0,49,0,0,197,1,198,0,14,232,1,247,218,0,218,465
06/10/2021,CMA,CA,AWP,WE,Towers with Radar,0,15,22,0,37,0,1,206,0,207,0,16,228,0,244,290,0,290,534
06/11/2021,CMA,CA,AWP,WE,Towers with Radar,0,14,33,0,47,0,1,246,0,247,0,15,279,0,294,290,0,290,584
06/12/2021,CMA,CA,AWP,WE,Towers with Radar,0,9,30,0,39,0,2,258,1,261,0,11,288,1,300,390,0,390,690
06/13/2021,CMA,CA,AWP,WE,Towers with Radar,0,15,32,0,47,0,1,158,0,159,0,16,190,0,206,168,0,168,374
06/14/2021,CMA,CA,AWP,WE,Towers with Radar,0,12,33,0,45,0,0,173,0,173,0,12,206,0,218,300,0,300,518
06/15/2021,CMA,CA,AWP,WE,Towers with Radar,0,6,31,0,37,0,4,169,0,173,0,10,200,0,210,256,0,256,466
06/16/2021,CMA,CA,AWP,WE,Towers with Radar,0,14,34,1,49,0,3,177,2,182,0,17,211,3,231,292,0,292,523
06/17/2021,CMA,CA,AWP,WE,Towers with Radar,0,16,43,0,59,0,2,193,0,195,0,18,236,0,254,260,0,260,514
06/18/2021,CMA,CA,AWP,WE,Towers with Radar,0,6,119,1,126,0,0,113,0,113,0,6,232,1,239,206,0,206,445
06/19/2021,CMA,CA,AWP,WE,Towers with Radar,0,11,71,1,83,0,0,117,2,119,0,11,188,3,202,164,0,164,366
06/20/2021,CMA,CA,AWP,WE,Towers with Radar,0,10,59,0,69,0,0,107,0,107,0,10,166,0,176,112,0,112,288
06/21/2021,CMA,CA,AWP,WE,Towers with Radar,0,11,47,0,58,0,2,109,0,111,0,13,156,0,169,252,0,252,421
06/22/2021,CMA,CA,AWP,WE,Towers with Radar,0,10,80,2,92,0,1,179,1,181,0,11,259,3,273,338,0,338,611
06/23/2021,CMA,CA,AWP,WE,Towers with Radar,0,8,43,0,51,0,1,167,0,168,0,9,210,0,219,260,0,260,479
06/24/2021,CMA,CA,AWP,WE,Towers with Radar,0,10,51,2,63,0,5,220,3,228,0,15,271,5,291,308,0,308,599
06/25/2021,CMA,CA,AWP,WE,Towers with Radar,0,23,40,0,63,0,3,276,1,280,0,26,316,1,343,238,0,238,581
06/26/2021,CMA,CA,AWP,WE,Towers with Radar,0,12,38,0,50,0,2,242,1,245,0,14,280,1,295,224,0,224,519
06/27/2021,CMA,CA,AWP,WE,Towers with Radar,0,12,37,0,49,0,2,217,0,219,0,14,254,0,268,216,0,216,484
06/28/2021,CMA,CA,AWP,WE,Towers with Radar,0,5,32,0,37,0,0,193,0,193,0,5,225,0,230,404,0,404,634
06/29/2021,CMA,CA,AWP,WE,Towers with Radar,0,10,83,0,93,0,2,105,0,107,0,12,188,0,200,268,0,268,468
06/30/2021,CMA,CA,AWP,WE,Towers with Radar,0,12,61,0,73,0,0,151,2,153,0,12,212,2,226,214,0,214,440
07/01/2021,CMA,CA,AWP,WE,Towers with Radar,0,11,52,0,63,0,2,220,0,222,0,13,272,0,285,238,0,238,523
07/02/2021,CMA,CA,AWP,WE,Towers with Radar,0,10,60,0,70,0,2,233,0,235,0,12,293,0,305,252,0,252,557
07/03/2021,CMA,CA,AWP,WE,Towers with Radar,0,7,43,0,50,0,0,205,1,206,0,7,248,1,256,194,0,194,450
07/04/2021,CMA,CA,AWP,WE,Towers with Radar,0,9,23,0,32,0,1,134,0,135,0,10,157,0,167,110,0,110,277
07/05/2021,CMA,CA,AWP,WE,Towers with Radar,0,11,41,0,52,0,0,148,0,148,0,11,189,0,200,160,0,160,360
07/06/2021,CMA,CA,AWP,WE,Towers with Radar,0,13,38,2,53,0,1,201,0,202,0,14,239,2,255,396,0,396,651
07/07/2021,CMA,CA,AWP,WE,Towers with Radar,0,6,36,1,43,0,2,186,1,189,0,8,222,2,232,374,0,374,606
07/08/2021,CMA,CA,AWP,WE,Towers with Radar,0,13,27,0,40,0,1,195,1,197,0,14,222,1,237,234,0,234,471
07/09/2021,CMA,CA,AWP,WE,Towers with Radar,0,16,41,0,57,0,5,223,0,228,0,21,264,0,285,324,0,324,609
07/10/2021,CMA,CA,AWP,WE,Towers with Radar,0,19,40,0,59,0,3,303,2,308,0,22,343,2,367,336,0,336,703
07/11/2021,CMA,CA,AWP,WE,Towers with Radar,0,11,25,0,36,0,0,216,0,216,0,11,241,0,252,124,0,124,376
07/12/2021,CMA,CA,AWP,WE,Towers with Radar,0,8,61,0,69,0,2,164,0,166,0,10,225,0,235,366,0,366,601
07/13/2021,CMA,CA,AWP,WE,Towers with Radar,0,9,36,1,46,0,1,148,3,152,0,10,184,4,198,404,0,404,602
07/14/2021,CMA,CA,AWP,WE,Towers with Radar,0,19,56,0,75,0,1,160,1,162,0,20,216,1,237,358,0,358,595
07/15/2021,CMA,CA,AWP,WE,Towers with Radar,0,10,49,1,60,0,0,199,1,200,0,10,248,2,260,282,0,282,542
07/16/2021,CMA,CA,AWP,WE,Towers with Radar,0,16,52,1,69,0,1,211,3,215,0,17,263,4,284,418,0,418,702
07/17/2021,CMA,CA,AWP,WE,Towers with Radar,0,7,36,0,43,0,3,327,1,331,0,10,363,1,374,254,0,254,628
07/18/2021,CMA,CA,AWP,WE,Towers with Radar,0,16,36,0,52,0,0,171,0,171,0,16,207,0,223,164,0,164,387
07/19/2021,CMA,CA,AWP,WE,Towers with Radar,0,16,27,0,43,0,0,233,0,233,0,16,260,0,276,294,0,294,570
07/20/2021,CMA,CA,AWP,WE,Towers with Radar,0,9,33,0,42,0,0,244,0,244,0,9,277,0,286,402,0,402,688
07/21/2021,CMA,CA,AWP,WE,Towers with Radar,0,11,36,0,47,0,0,177,3,180,0,11,213,3,227,272,12,284,511
07/22/2021,CMA,CA,AWP,WE,Towers with Radar,0,14,45,2,61,0,0,247,0,247,0,14,292,2,308,330,0,330,638
07/23/2021,CMA,CA,AWP,WE,Towers with Radar,0,20,59,0,79,0,1,213,0,214,0,21,272,0,293,370,0,370,663
07/24/2021,CMA,CA,AWP,WE,Towers with Radar,0,8,67,0,75,0,0,136,0,136,0,8,203,0,211,182,0,182,393
07/25/2021,CMA,CA,AWP,WE,Towers with Radar,0,18,40,2,60,0,0,182,0,182,0,18,222,2,242,138,0,138,380
07/26/2021,CMA,CA,AWP,WE,Towers with Radar,0,7,55,0,62,0,0,104,0,104,0,7,159,0,166,318,0,318,484
07/27/2021,CMA,CA,AWP,WE,Towers with Radar,0,8,54,3,65,0,2,170,1,173,0,10,224,4,238,254,0,254,492
07/28/2021,CMA,CA,AWP,WE,Towers with Radar,0,10,35,0,45,0,3,181,2,186,0,13,216,2,231,286,0,286,517
07/29/2021,CMA,CA,AWP,WE,Towers with Radar,0,9,52,0,61,0,0,171,0,171,0,9,223,0,232,236,0,236,468
07/30/2021,CMA,CA,AWP,WE,Towers with Radar,0,13,60,0,73,0,1,200,0,201,0,14,260,0,274,274,0,274,548
07/31/2021,CMA,CA,AWP,WE,Towers with Radar,0,6,46,0,52,0,1,181,0,182,0,7,227,0,234,260,0,260,494
08/01/2021,CMA,CA,AWP,WE,Towers with Radar,0,7,36,0,43,0,0,267,0,267,0,7,303,0,310,190,0,190,500
08/02/2021,CMA,CA,AWP,WE,Towers with Radar,0,6,28,0,34,0,0,126,1,127,0,6,154,1,161,363,0,363,524
08/03/2021,CMA,CA,AWP,WE,Towers with Radar,0,10,34,0,44,0,0,228,1,229,0,10,262,1,273,408,0,408,681
08/04/2021,CMA,CA,AWP,WE,Towers with Radar,0,14,53,0,67,0,0,210,2,212,0,14,263,2,279,374,0,374,653
08/05/2021,CMA,CA,AWP,WE,Towers with Radar,0,7,38,0,45,0,1,264,1,266,0,8,302,1,311,416,0,416,727
08/06/2021,CMA,CA,AWP,WE,Towers with Radar,0,22,55,0,77,0,0,209,0,209,0,22,264,0,286,238,0,238,524
08/07/2021,CMA,CA,AWP,WE,Towers with Radar,0,14,100,0,114,0,0,179,0,179,0,14,279,0,293,194,0,194,487
08/08/2021,CMA,CA,AWP,WE,Towers with Radar,0,9,75,0,84,0,0,120,0,120,0,9,195,0,204,92,0,92,296
08/09/2021,CMA,CA,AWP,WE,Towers with Radar,0,10,68,1,79,0,0,148,0,148,0,10,216,1,227,217,0,217,444
08/10/2021,CMA,CA,AWP,WE,Towers with Radar,0,15,41,1,57,0,0,111,0,111,0,15,152,1,168,283,0,283,451
08/11/2021,CMA,CA,AWP,WE,Towers with Radar,0,11,55,0,66,0,2,208,5,215,0,13,263,5,281,350,0,350,631
08/12/2021,CMA,CA,AWP,WE,Towers with Radar,0,8,39,5,52,0,6,261,0,267,0,14,300,5,319,324,0,324,643
08/13/2021,CMA,CA,AWP,WE,Towers with Radar,0,14,31,0,45,0,0,190,0,190,0,14,221,0,235,362,0,362,597
08/14/2021,CMA,CA,AWP,WE,Towers with Radar,0,10,50,0,60,0,0,172,0,172,0,10,222,0,232,330,0,330,562
08/15/2021,CMA,CA,AWP,WE,Towers with Radar,0,20,34,0,54,0,0,196,0,196,0,20,230,0,250,296,0,296,546
08/16/2021,CMA,CA,AWP,WE,Towers with Radar,0,15,31,6,52,0,2,188,1,191,0,17,219,7,243,288,4,292,535
08/17/2021,CMA,CA,AWP,WE,Towers with Radar,0,22,62,0,84,0,0,100,0,100,0,22,162,0,184,222,0,222,406
08/18/2021,CMA,CA,AWP,WE,Towers with Radar,0,17,90,1,108,0,1,61,1,63,0,18,151,2,171,270,0,270,441
08/19/2021,CMA,CA,AWP,WE,Towers with Radar,0,12,58,0,70,0,6,154,3,163,0,18,212,3,233,238,2,240,473
08/20/2021,CMA,CA,AWP,WE,Towers with Radar,0,18,55,1,74,0,1,139,9,149,0,19,194,10,223,228,0,228,451
08/21/2021,CMA,CA,AWP,WE,Towers with Radar,0,10,32,0,42,0,0,37,2,39,0,10,69,2,81,134,0,134,215
08/22/2021,CMA,CA,AWP,WE,Towers with Radar,0,9,12,0,21,0,0,59,1,60,0,9,71,1,81,72,0,72,153
08/23/2021,CMA,CA,AWP,WE,Towers with Radar,0,29,44,3,76,0,1,137,3,141,0,30,181,6,217,300,0,300,517
08/24/2021,CMA,CA,AWP,WE,Towers with Radar,0,15,25,0,40,0,1,216,0,217,0,16,241,0,257,486,0,486,743
08/25/2021,CMA,CA,AWP,WE,Towers with Radar,0,17,44,1,62,0,5,191,5,201,0,22,235,6,263,334,0,334,597
08/26/2021,CMA,CA,AWP,WE,Towers with Radar,0,15,30,0,45,0,2,234,0,236,0,17,264,0,281,422,0,422,703
08/27/2021,CMA,CA,AWP,WE,Towers with Radar,0,22,45,0,67,0,3,253,1,257,0,25,298,1,324,464,0,464,788
08/28/2021,CMA,CA,AWP,WE,Towers with Radar,0,20,37,0,57,0,0,172,0,172,0,20,209,0,229,408,0,408,637
08/29/2021,CMA,CA,AWP,WE,Towers with Radar,0,12,54,2,68,0,0,210,0,210,0,12,264,2,278,180,0,180,458
08/30/2021,CMA,CA,AWP,WE,Towers with Radar,0,17,61,0,78,0,0,120,0,120,0,17,181,0,198,226,0,226,424
08/31/2021,CMA,CA,AWP,WE,Towers with Radar,0,22,50,0,72,0,0,99,0,99,0,22,149,0,171,325,0,325,496
09/01/2021,CMA,CA,AWP,WE,Towers with Radar,0,12,71,0,83,0,2,147,0,149,0,14,218,0,232,398,0,398,630
09/02/2021,CMA,CA,AWP,WE,Towers with Radar,0,21,68,1,90,0,0,164,0,164,0,21,232,1,254,488,0,488,742
09/03/2021,CMA,CA,AWP,WE,Towers with Radar,0,22,77,1,100,0,1,167,1,169,0,23,244,2,269,392,0,392,661
09/04/2021,CMA,CA,AWP,WE,Towers with Radar,0,6,30,0,36,0,0,220,0,220,0,6,250,0,256,229,0,229,485
09/05/2021,CMA,CA,AWP,WE,Towers with Radar,0,12,27,0,39,0,0,176,0,176,0,12,203,0,215,148,0,148,363
09/06/2021,CMA,CA,AWP,WE,Towers with Radar,0,18,55,0,73,0,1,192,0,193,0,19,247,0,266,200,0,200,466
09/07/2021,CMA,CA,AWP,WE,Towers with Radar,0,16,64,0,80,0,1,173,0,174,0,17,237,0,254,354,0,354,608
09/08/2021,CMA,CA,AWP,WE,Towers with Radar,0,9,104,0,113,0,0,135,0,135,0,9,239,0,248,206,0,206,454
09/09/2021,CMA,CA,AWP,WE,Towers with Radar,0,7,80,1,88,0,1,148,3,152,0,8,228,4,240,234,0,234,474
09/10/2021,CMA,CA,AWP,WE,Towers with Radar,0,21,53,0,74,0,1,234,0,235,0,22,287,0,309,336,0,336,645
09/11/2021,CMA,CA,AWP,WE,Towers with Radar,0,6,36,0,42,0,0,290,0,290,0,6,326,0,332,358,0,358,690
09/12/2021,CMA,CA,AWP,WE,Towers with Radar,0,9,72,0,81,0,1,195,0,196,0,10,267,0,277,170,0,170,447
09/13/2021,CMA,CA,AWP,WE,Towers with Radar,0,13,50,0,63,0,1,163,0,164,0,14,213,0,227,302,0,302,529
09/14/2021,CMA,CA,AWP,WE,Towers with Radar,0,12,34,0,46,0,1,190,0,191,0,13,224,0,237,398,0,398,635
09/15/2021,CMA,CA,AWP,WE,Towers with Radar,0,7,76,0,83,0,3,217,0,220,0,10,293,0,303,326,0,326,629
09/16/2021,CMA,CA,AWP,WE,Towers with Radar,0,15,96,0,111,0,1,144,0,145,0,16,240,0,256,362,0,362,618
09/17/2021,CMA,CA,AWP,WE,Towers with Radar,0,18,50,0,68,0,3,182,1,186,0,21,232,1,254,250,0,250,504
09/18/2021,CMA,CA,AWP,WE,Towers with Radar,0,6,51,0,57,0,0,175,0,175,0,6,226,0,232,301,0,301,533
09/19/2021,CMA,CA,AWP,WE,Towers with Radar,0,6,55,2,63,0,2,213,0,215,0,8,268,2,278,236,0,236,514
09/20/2021,CMA,CA,AWP,WE,Towers with Radar,0,17,32,0,49,0,1,146,0,147,0,18,178,0,196,377,0,377,573
09/21/2021,CMA,CA,AWP,WE,Towers with Radar,0,9,43,0,52,0,3,220,0,223,0,12,263,0,275,410,0,410,685
09/22/2021,CMA,CA,AWP,WE,Towers with Radar,0,13,38,2,53,0,2,249,0,251,0,15,287,2,304,404,0,404,708
09/23/2021,CMA,CA,AWP,WE,Towers with Radar,0,15,70,0,85,0,2,178,1,181,0,17,248,1,266,294,0,294,560
09/24/2021,CMA,CA,AWP,WE,Towers with Radar,0,14,71,0,85,0,2,141,0,143,0,16,212,0,228,312,0,312,540
09/25/2021,CMA,CA,AWP,WE,Towers with Radar,0,16,54,0,70,0,0,146,1,147,0,16,200,1,217,285,0,285,502
09/26/2021,CMA,CA,AWP,WE,Towers with Radar,0,24,92,0,116,0,0,46,0,46,0,24,138,0,162,242,0,242,404
09/27/2021,CMA,CA,AWP,WE,Towers with Radar,0,11,75,0,86,0,0,60,0,60,0,11,135,0,146,282,0,282,428
09/28/2021,CMA,CA,AWP,WE,Towers with Radar,0,16,112,0,128,0,3,88,0,91,0,19,200,0,219,364,0,364,583
09/29/2021,CMA,CA,AWP,WE,Towers with Radar,0,16,62,0,78,0,0,263,0,263,0,16,325,0,341,366,0,366,707
09/30/2021,CMA,CA,AWP,WE,Towers with Radar,0,10,52,0,62,0,4,206,2,212,0,14,258,2,274,244,0,244,518
10/01/2021,CMA,CA,AWP,WE,Towers with Radar,0,22,51,0,73,0,1,259,0,260,0,23,310,0,333,398,0,398,731
10/02/2021,CMA,CA,AWP,WE,Towers with Radar,0,9,25,0,34,0,0,290,0,290,0,9,315,0,324,298,0,298,622
10/03/2021,CMA,CA,AWP,WE,Towers with Radar,0,21,50,0,71,0,0,242,0,242,0,21,292,0,313,207,0,207,520
10/04/2021,CMA,CA,AWP,WE,Towers with Radar,0,14,37,0,51,0,0,156,0,156,0,14,193,0,207,366,0,366,573
10/05/2021,CMA,CA,AWP,WE,Towers with Radar,0,19,45,1,65,0,1,259,0,260,0,20,304,1,325,440,0,440,765
10/06/2021,CMA,CA,AWP,WE,Towers with Radar,0,9,64,3,76,0,5,160,0,165,0,14,224,3,241,270,0,270,511
10/07/2021,CMA,CA,AWP,WE,Towers with Radar,0,16,97,2,115,0,1,46,0,47,0,17,143,2,162,434,0,434,596
10/08/2021,CMA,CA,AWP,WE,Towers with Radar,0,21,97,1,119,0,1,140,0,141,0,22,237,1,260,282,0,282,542
10/09/2021,CMA,CA,AWP,WE,Towers with Radar,0,11,52,0,63,0,0,255,0,255,0,11,307,0,318,351,0,351,669
10/10/2021,CMA,CA,AWP,WE,Towers with Radar,0,15,20,0,35,0,0,190,0,190,0,15,210,0,225,252,0,252,477
10/11/2021,CMA,CA,AWP,WE,Towers with Radar,0,12,53,0,65,0,0,92,0,92,0,12,145,0,157,231,0,231,388
10/12/2021,CMA,CA,AWP,WE,Towers with Radar,0,18,33,1,52,0,0,155,0,155,0,18,188,1,207,358,0,358,565
10/13/2021,CMA,CA,AWP,WE,Towers with Radar,0,13,49,0,62,0,3,309,0,312,0,16,358,0,374,350,0,350,724
10/14/2021,CMA,CA,AWP,WE,Towers with Radar,0,19,45,2,66,0,3,212,0,215,0,22,257,2,281,354,0,354,635
10/15/2021,CMA,CA,AWP,WE,Towers with Radar,0,14,46,0,60,0,1,129,0,130,0,15,175,0,190,132,0,132,322
10/16/2021,CMA,CA,AWP,WE,Towers with Radar,0,14,26,0,40,0,0,211,0,211,0,14,237,0,251,342,0,342,593
10/17/2021,CMA,CA,AWP,WE,Towers with Radar,0,8,67,0,75,0,0,203,1,204,0,8,270,1,279,238,0,238,517
10/18/2021,CMA,CA,AWP,WE,Towers with Radar,0,5,58,1,64,0,0,135,0,135,0,5,193,1,199,212,0,212,411
10/19/2021,CMA,CA,AWP,WE,Towers with Radar,0,6,51,3,60,0,1,215,0,216,0,7,266,3,276,430,0,430,706
10/20/2021,CMA,CA,AWP,WE,Towers with Radar,0,18,57,0,75,0,2,241,0,243,0,20,298,0,318,334,0,334,652
10/21/2021,CMA,CA,AWP,WE,Towers with Radar,0,9,50,2,61,0,1,207,0,208,0,10,257,2,269,344,0,344,613
10/22/2021,CMA,CA,AWP,WE,Towers with Radar,0,20,107,2,129,0,2,49,3,54,0,22,156,5,183,138,0,138,321
10/23/2021,CMA,CA,AWP,WE,Towers with Radar,0,13,57,0,70,0,0,130,0,130,0,13,187,0,200,444,0,444,644
10/24/2021,CMA,CA,AWP,WE,Towers with Radar,0,4,52,0,56,0,0,178,0,178,0,4,230,0,234,288,0,288,522
10/25/2021,CMA,CA,AWP,WE,Towers with Radar,0,22,40,0,62,0,0,8,0,8,0,22,48,0,70,40,0,40,110
10/26/2021,CMA,CA,AWP,WE,Towers with Radar,0,18,63,0,81,0,2,237,0,239,0,20,300,0,320,352,0,352,672
10/27/2021,CMA,CA,AWP,WE,Towers with Radar,0,11,59,2,72,0,5,238,0,243,0,16,297,2,315,402,0,402,717
10/28/2021,CMA,CA,AWP,WE,Towers with Radar,0,4,46,2,52,0,2,153,0,155,0,6,199,2,207,278,0,278,485
10/29/2021,CMA,CA,AWP,WE,Towers with Radar,0,9,48,0,57,0,2,244,1,247,0,11,292,1,304,372,0,372,676
10/30/2021,CMA,CA,AWP,WE,Towers with Radar,0,7,99,1,107,0,0,9,0,9,0,7,108,1,116,30,0,30,146
10/31/2021,CMA,CA,AWP,WE,Towers with Radar,0,9,94,0,103,0,0,40,0,40,0,9,134,0,143,166,0,166,309
11/01/2021,CMA,CA,AWP,WE,Towers with Radar,0,9,50,0,59,0,1,141,0,142,0,10,191,0,201,512,0,512,713
11/02/2021,CMA,CA,AWP,WE,Towers with Radar,0,4,88,1,93,0,1,147,0,148,0,5,235,1,241,290,0,290,531
11/03/2021,CMA,CA,AWP,WE,Towers with Radar,0,6,80,0,86,0,6,96,3,105,0,12,176,3,191,240,0,240,431
11/04/2021,CMA,CA,AWP,WE,Towers with Radar,0,22,95,0,117,0,2,151,1,154,0,24,246,1,271,356,0,356,627
11/05/2021,CMA,CA,AWP,WE,Towers with Radar,0,15,92,3,110,0,1,155,2,158,0,16,247,5,268,248,0,248,516
11/06/2021,CMA,CA,AWP,WE,Towers with Radar,0,6,81,0,87,0,0,129,0,129,0,6,210,0,216,270,0,270,486
11/07/2021,CMA,CA,AWP,WE,Towers with Radar,0,9,76,0,85,0,0,63,2,65,0,9,139,2,150,76,0,76,226
11/08/2021,CMA,CA,AWP,WE,Towers with Radar,0,5,61,1,67,0,0,172,3,175,0,5,233,4,242,406,0,406,648
11/09/2021,CMA,CA,AWP,WE,Towers with Radar,0,16,78,0,94,0,2,55,1,58,0,18,133,1,152,216,0,216,368
11/10/2021,CMA,CA,AWP,WE,Towers with Radar,0,14,40,0,54,0,1,240,1,242,0,15,280,1,296,322,0,322,618
11/11/2021,CMA,CA,AWP,WE,Towers with Radar,0,17,30,0,47,0,1,157,0,158,0,18,187,0,205,346,0,346,551
11/12/2021,CMA,CA,AWP,WE,Towers with Radar,0,9,41,0,50,0,1,150,0,151,0,10,191,0,201,238,0,238,439
11/13/2021,CMA,CA,AWP,WE,Towers with Radar,0,6,36,0,42,0,0,219,1,220,0,6,255,1,262,275,0,275,537
11/14/2021,CMA,CA,AWP,WE,Towers with Radar,0,11,44,0,55,0,1,254,0,255,0,12,298,0,310,186,1,187,497
11/15/2021,CMA,CA,AWP,WE,Towers with Radar,0,9,32,3,44,0,0,174,1,175,0,9,206,4,219,280,0,280,499
11/16/2021,CMA,CA,AWP,WE,Towers with Radar,0,10,44,0,54,0,0,90,0,90,0,10,134,0,144,258,0,258,402
11/17/2021,CMA,CA,AWP,WE,Towers with Radar,0,8,71,1,80,0,0,99,3,102,0,8,170,4,182,202,0,202,384
11/18/2021,CMA,CA,AWP,WE,Towers with Radar,0,8,62,1,71,0,0,144,0,144,0,8,206,1,215,328,0,328,543
11/19/2021,CMA,CA,AWP,WE,Towers with Radar,0,7,58,2,67,0,2,156,0,158,0,9,214,2,225,298,0,298,523
11/20/2021,CMA,CA,AWP,WE,Towers with Radar,0,19,65,2,86,0,0,167,1,168,0,19,232,3,254,214,0,214,468
11/21/2021,CMA,CA,AWP,WE,Towers with Radar,0,5,17,0,22,0,5,74,0,79,0,10,91,0,101,24,0,24,125
11/22/2021,CMA,CA,AWP,WE,Towers with Radar,0,8,27,0,35,0,0,129,1,130,0,8,156,1,165,216,0,216,381
11/23/2021,CMA,CA,AWP,WE,Towers with Radar,0,21,31,2,54,0,0,191,1,192,0,21,222,3,246,270,0,270,516
11/24/2021,CMA,CA,AWP,WE,Towers with Radar,0,9,43,0,52,0,1,126,0,127,0,10,169,0,179,176,0,176,355
11/25/2021,CMA,CA,AWP,WE,Towers with Radar,0,1,6,0,7,0,0,13,0,13,0,1,19,0,20,50,0,50,70
11/26/2021,CMA,CA,AWP,WE,Towers with Radar,0,10,28,0,38,0,0,162,0,162,0,10,190,0,200,189,0,189,389
11/27/2021,CMA,CA,AWP,WE,Towers with Radar,0,8,39,0,47,0,0,268,0,268,0,8,307,0,315,188,0,188,503
11/28/2021,CMA,CA,AWP,WE,Towers with Radar,0,10,54,2,66,0,0,242,0,242,0,10,296,2,308,197,0,197,505
11/29/2021,CMA,CA,AWP,WE,Towers with Radar,0,8,46,0,54,0,0,215,3,218,0,8,261,3,272,316,0,316,588
11/30/2021,CMA,CA,AWP,WE,Towers with Radar,0,6,38,1,45,0,0,177,1,178,0,6,215,2,223,212,0,212,435
12/01/2021,CMA,CA,AWP,WE,Towers with Radar,0,11,73,1,85,0,1,54,0,55,0,12,127,1,140,90,0,90,230
12/02/2021,CMA,CA,AWP,WE,Towers with Radar,0,8,62,0,70,0,0,53,0,53,0,8,115,0,123,218,0,218,341
12/03/2021,CMA,CA,AWP,WE,Towers with Radar,0,16,87,3,106,0,0,78,0,78,0,16,165,3,184,214,0,214,398
12/04/2021,CMA,CA,AWP,WE,Towers with Radar,0,20,53,0,73,0,0,118,0,118,0,20,171,0,191,310,0,310,501
12/05/2021,CMA,CA,AWP,WE,Towers with Radar,0,11,27,0,38,0,1,200,0,201,0,12,227,0,239,262,1,263,502
12/06/2021,CMA,CA,AWP,WE,Towers with Radar,0,13,128,0,141,0,0,11,0,11,0,13,139,0,152,64,0,64,216
12/07/2021,CMA,CA,AWP,WE,Towers with Radar,0,16,56,1,73,0,0,55,0,55,0,16,111,1,128,244,0,244,372
12/08/2021,CMA,CA,AWP,WE,Towers with Radar,0,7,55,1,63,0,0,137,0,137,0,7,192,1,200,154,0,154,354
12/09/2021,CMA,CA,AWP,WE,Towers with Radar,0,17,38,0,55,0,0,43,0,43,0,17,81,0,98,162,0,162,260
12/10/2021,CMA,CA,AWP,WE,Towers with Radar,0,9,36,1,46,0,0,260,0,260,0,9,296,1,306,328,0,328,634
12/11/2021,CMA,CA,AWP,WE,Towers with Radar,0,9,18,0,27,0,2,252,0,254,0,11,270,0,281,200,0,200,481
12/12/2021,CMA,CA,AWP,WE,Towers with Radar,0,10,32,0,42,0,0,253,0,253,0,10,285,0,295,196,0,196,491
12/13/2021,CMA,CA,AWP,WE,Towers with Radar,0,7,16,2,25,0,0,47,0,47,0,7,63,2,72,288,0,288,360
12/14/2021,CMA,CA,AWP,WE,Towers with Radar,0,13,16,0,29,0,0,3,0,3,0,13,19,0,32,6,0,6,38
12/15/2021,CMA,CA,AWP,WE,Towers with Radar,0,12,38,1,51,0,1,150,0,151,0,13,188,1,202,430,0,430,632
12/16/2021,CMA,CA,AWP,WE,Towers with Radar,0,11,68,0,79,0,1,22,0,23,0,12,90,0,102,180,0,180,282
12/17/2021,CMA,CA,AWP,WE,Towers with Radar,0,11,50,0,61,0,0,195,2,197,0,11,245,2,258,204,0,204,462
12/18/2021,CMA,CA,AWP,WE,Towers with Radar,0,18,31,0,49,0,0,203,0,203,0,18,234,0,252,242,0,242,494
12/19/2021,CMA,CA,AWP,WE,Towers with Radar,0,11,34,0,45,0,0,215,0,215,0,11,249,0,260,254,0,254,514
12/20/2021,CMA,CA,AWP,WE,Towers with Radar,0,5,35,0,40,0,1,184,0,185,0,6,219,0,225,229,0,229,454
12/21/2021,CMA,CA,AWP,WE,Towers with Radar,0,6,26,0,32,0,0,155,0,155,0,6,181,0,187,303,0,303,490
12/22/2021,CMA,CA,AWP,WE,Towers with Radar,0,5,27,0,32,0,2,136,1,139,0,7,163,1,171,284,0,284,455
12/23/2021,CMA,CA,AWP,WE,Towers with Radar,0,7,30,0,37,0,0,0,0,0,0,7,30,0,37,0,0,0,37
12/24/2021,CMA,CA,AWP,WE,Towers with Radar,0,5,17,0,22,0,0,14,0,14,0,5,31,0,36,100,0,100,136
12/25/2021,CMA,CA,AWP,WE,Towers with Radar,0,6,14,0,20,0,0,9,0,9,0,6,23,0,29,22,0,22,51
12/26/2021,CMA,CA,AWP,WE,Towers with Radar,0,8,23,0,31,0,0,169,0,169,0,8,192,0,200,86,0,86,286
12/27/2021,CMA,CA,AWP,WE,Towers with Radar,0,10,18,0,28,0,0,18,0,18,0,10,36,0,46,80,0,80,126
12/28/2021,CMA,CA,AWP,WE,Towers with Radar,0,7,27,3,37,0,0,166,1,167,0,7,193,4,204,318,0,318,522
12/29/2021,CMA,CA,AWP,WE,Towers with Radar,0,4,16,1,21,0,0,0,0,0,0,4,16,1,21,0,0,0,21
12/30/2021,CMA,CA,AWP,WE,Towers with Radar,0,5,15,0,20,0,0,1,0,1,0,5,16,0,21,30,0,30,51
12/31/2021,CMA,CA,AWP,WE,Towers with Radar,0,6,44,0,50,0,0,103,0,103,0,6,147,0,153,158,0,158,311
01/01/2022,CMA,CA,AWP,WE,Towers with Radar,0,5,11,0,16,0,0,73,0,73,0,5,84,0,89,40,0,40,129
01/02/2022,CMA,CA,AWP,WE,Towers with Radar,0,6,36,0,42,0,1,200,0,201,0,7,236,0,243,172,0,172,415
01/03/2022,CMA,CA,AWP,WE,Towers with Radar,0,13,28,0,41,0,0,209,0,209,0,13,237,0,250,330,0,330,580
01/04/2022,CMA,CA,AWP,WE,Towers with Radar,0,10,47,0,57,0,0,154,0,154,0,10,201,0,211,288,0,288,499
01/05/2022,CMA,CA,AWP,WE,Towers with Radar,0,10,34,0,44,0,0,155,2,157,0,10,189,2,201,232,0,232,433
01/06/2022,CMA,CA,AWP,WE,Towers with Radar,0,7,33,2,42,0,1,179,0,180,0,8,212,2,222,296,0,296,518
01/07/2022,CMA,CA,AWP,WE,Towers with Radar,0,4,93,0,97,0,0,39,0,39,0,4,132,0,136,236,22,258,394
01/08/2022,CMA,CA,AWP,WE,Towers with Radar,0,9,31,0,40,0,1,199,3,203,0,10,230,3,243,242,0,242,485
01/09/2022,CMA,CA,AWP,WE,Towers with Radar,0,8,16,2,26,0,0,149,2,151,0,8,165,4,177,154,0,154,331
01/10/2022,CMA,CA,AWP,WE,Towers with Radar,0,5,14,1,20,0,0,58,5,63,0,5,72,6,83,52,0,52,135
01/11/2022,CMA,CA,AWP,WE,Towers with Radar,0,4,25,0,29,0,0,108,0,108,0,4,133,0,137,182,0,182,319
01/12/2022,CMA,CA,AWP,WE,Towers with Radar,0,3,31,0,34,0,0,193,3,196,0,3,224,3,230,234,0,234,464
01/13/2022,CMA,CA,AWP,WE,Towers with Radar,0,1,13,0,14,0,0,61,0,61,0,1,74,0,75,188,0,188,263
01/14/2022,CMA,CA,AWP,WE,Towers with Radar,0,5,13,1,19,0,0,61,0,61,0,5,74,1,80,100,0,100,180
01/15/2022,CMA,CA,AWP,WE,Towers with Radar,0,7,16,0,23,0,0,102,0,102,0,7,118,0,125,200,0,200,325
01/16/2022,CMA,CA,AWP,WE,Towers with Radar,0,6,40,2,48,0,0,169,0,169,0,6,209,2,217,254,0,254,471
01/17/2022,CMA,CA,AWP,WE,Towers with Radar,0,13,64,0,77,0,0,81,0,81,0,13,145,0,158,342,0,342,500
01/18/2022,CMA,CA,AWP,WE,Towers with Radar,0,5,85,2,92,0,0,83,0,83,0,5,168,2,175,220,0,220,395
01/19/2022,CMA,CA,AWP,WE,Towers with Radar,0,9,96,2,107,0,0,91,0,91,0,9,187,2,198,354,0,354,552
01/20/2022,CMA,CA,AWP,WE,Towers with Radar,0,13,26,0,39,0,0,213,2,215,0,13,239,2,254,352,0,352,606
01/21/2022,CMA,CA,AWP,WE,Towers with Radar,0,7,31,0,38,0,0,194,1,195,0,7,225,1,233,242,0,242,475
01/22/2022,CMA,CA,AWP,WE,Towers with Radar,0,3,10,0,13,0,0,32,0,32,0,3,42,0,45,16,0,16,61
01/23/2022,CMA,CA,AWP,WE,Towers with Radar,0,7,37,0,44,0,0,219,0,219,0,7,256,0,263,190,0,190,453
01/24/2022,CMA,CA,AWP,WE,Towers with Radar,0,4,21,0,25,0,0,249,1,250,0,4,270,1,275,364,0,364,639
01/25/2022,CMA,CA,AWP,WE,Towers with Radar,0,12,36,2,50,0,0,223,0,223,0,12,259,2,273,239,6,245,518
01/26/2022,CMA,CA,AWP,WE,Towers with Radar,0,6,30,3,39,0,0,131,1,132,0,6,161,4,171,190,0,190,361
01/27/2022,CMA,CA,AWP,WE,Towers with Radar,0,5,42,2,49,0,0,134,4,138,0,5,176,6,187,230,0,230,417
01/28/2022,CMA,CA,AWP,WE,Towers with Radar,0,6,16,0,22,0,0,55,4,59,0,6,71,4,81,10,2,12,93
01/29/2022,CMA,CA,AWP,WE,Towers with Radar,0,3,36,0,39,0,0,195,0,195,0,3,231,0,234,444,0,444,678
01/30/2022,CMA,CA,AWP,WE,Towers with Radar,0,6,30,0,36,0,0,265,0,265,0,6,295,0,301,193,0,193,494
01/31/2022,CMA,CA,AWP,WE,Towers with Radar,0,7,40,0,47,0,0,183,2,185,0,7,223,2,232,366,0,366,598
02/01/2022,CMA,CA,AWP,WE,Towers with Radar,0,8,28,0,36,0,0,141,0,141,0,8,169,0,177,336,0,336,513
02/02/2022,CMA,CA,AWP,WE,Towers with Radar,0,8,12,0,20,0,0,51,0,51,0,8,63,0,71,18,0,18,89
02/03/2022,CMA,CA,AWP,WE,Towers with Radar,0,10,32,0,42,0,0,183,3,186,0,10,215,3,228,336,0,336,564
02/04/2022,CMA,CA,AWP,WE,Towers with Radar,0,10,31,2,43,0,0,34,0,34,0,10,65,2,77,54,0,54,131
02/05/2022,CMA,CA,AWP,WE,Towers with Radar,0,11,22,0,33,0,0,162,1,163,0,11,184,1,196,266,0,266,462
02/06/2022,CMA,CA,AWP,WE,Towers with Radar,0,11,22,0,33,0,0,153,0,153,0,11,175,0,186,170,0,170,356
02/07/2022,CMA,CA,AWP,WE,Towers with Radar,0,5,20,0,25,0,0,150,0,150,0,5,170,0,175,194,0,194,369
02/08/2022,CMA,CA,AWP,WE,Towers with Radar,0,8,40,0,48,0,0,208,0,208,0,8,248,0,256,231,0,231,487
02/09/2022,CMA,CA,AWP,WE,Towers with Radar,0,11,41,0,52,0,0,121,1,122,0,11,162,1,174,84,0,84,258
02/10/2022,CMA,CA,AWP,WE,Towers with Radar,0,7,33,0,40,0,0,88,0,88,0,7,121,0,128,136,0,136,264
02/11/2022,CMA,CA,AWP,WE,Towers with Radar,0,34,71,0,105,0,1,289,4,294,0,35,360,4,399,374,2,376,775
02/12/2022,CMA,CA,AWP,WE,Towers with Radar,0,15,42,0,57,0,0,199,1,200,0,15,241,1,257,222,0,222,479
02/13/2022,CMA,CA,AWP,WE,Towers with Radar,0,13,29,0,42,0,0,149,0,149,0,13,178,0,191,382,1,383,574
02/14/2022,CMA,CA,AWP,WE,Towers with Radar,0,27,80,0,107,0,0,219,0,219,0,27,299,0,326,274,0,274,600
02/15/2022,CMA,CA,AWP,WE,Towers with Radar,0,10,66,0,76,0,0,63,0,63,0,10,129,0,139,332,0,332,471
02/16/2022,CMA,CA,AWP,WE,Towers with Radar,0,9,27,0,36,0,0,247,2,249,0,9,274,2,285,322,0,322,607
02/17/2022,CMA,CA,AWP,WE,Towers with Radar,0,9,35,0,44,0,0,77,1,78,0,9,112,1,122,112,0,112,234
02/18/2022,CMA,CA,AWP,WE,Towers with Radar,0,8,46,0,54,0,0,270,0,270,0,8,316,0,324,398,0,398,722
02/19/2022,CMA,CA,AWP,WE,Towers with Radar,0,10,19,0,29,0,0,294,0,294,0,10,313,0,323,380,0,380,703
02/20/2022,CMA,CA,AWP,WE,Towers with Radar,0,9,56,0,65,0,0,223,0,223,0,9,279,0,288,258,0,258,546
02/21/2022,CMA,CA,AWP,WE,Towers with Radar,0,12,58,0,70,0,2,122,0,124,0,14,180,0,194,372,0,372,566
02/22/2022,CMA,CA,AWP,WE,Towers with Radar,0,12,39,1,52,0,0,60,0,60,0,12,99,1,112,168,0,168,280
02/23/2022,CMA,CA,AWP,WE,Towers with Radar,0,6,31,0,37,0,0,112,1,113,0,6,143,1,150,170,0,170,320
02/24/2022,CMA,CA,AWP,WE,Towers with Radar,0,15,33,0,48,0,0,241,3,244,0,15,274,3,292,352,0,352,644
02/25/2022,CMA,CA,AWP,WE,Towers with Radar,0,15,62,0,77,0,0,229,2,231,0,15,291,2,308,286,0,286,594
02/26/2022,CMA,CA,AWP,WE,Towers with Radar,0,9,24,0,33,0,0,171,1,172,0,9,195,1,205,274,0,274,479
02/27/2022,CMA,CA,AWP,WE,Towers with Radar,0,3,55,0,58,0,0,191,0,191,0,3,246,0,249,178,0,178,427
02/28/2022,CMA,CA,AWP,WE,Towers with Radar,0,8,41,0,49,0,2,157,1,160,0,10,198,1,209,322,0,322,531
03/01/2022,CMA,CA,AWP,WE,Towers with Radar,0,16,45,2,63,0,1,217,2,220,0,17,262,4,283,246,0,246,529
03/02/2022,CMA,CA,AWP,WE,Towers with Radar,0,15,45,3,63,0,0,190,0,190,0,15,235,3,253,324,0,324,577
03/03/2022,CMA,CA,AWP,WE,Towers with Radar,0,14,64,0,78,0,1,110,2,113,0,15,174,2,191,350,0,350,541
03/04/2022,CMA,CA,AWP,WE,Towers with Radar,0,13,53,3,69,0,0,93,0,93,0,13,146,3,162,266,0,266,428
03/05/2022,CMA,CA,AWP,WE,Towers with Radar,0,4,24,0,28,0,0,53,2,55,0,4,77,2,83,166,0,166,249
03/06/2022,CMA,CA,AWP,WE,Towers with Radar,0,9,57,0,66,0,1,268,0,269,0,10,325,0,335,338,0,338,673
03/07/2022,CMA,CA,AWP,WE,Towers with Radar,0,13,21,0,34,0,0,105,0,105,0,13,126,0,139,196,0,196,335
03/08/2022,CMA,CA,AWP,WE,Towers with Radar,0,9,36,0,45,0,1,181,2,184,0,10,217,2,229,312,0,312,541
03/09/2022,CMA,CA,AWP,WE,Towers with Radar,0,9,56,3,68,0,0,217,1,218,0,9,273,4,286,338,0,338,624
03/10/2022,CMA,CA,AWP,WE,Towers with Radar,0,18,43,0,61,0,0,195,0,195,0,18,238,0,256,434,0,434,690
03/11/2022,CMA,CA,AWP,WE,Towers with Radar,0,15,61,1,77,0,2,184,1,187,0,17,245,2,264,281,0,281,545
03/12/2022,CMA,CA,AWP,WE,Towers with Radar,0,10,58,0,68,0,0,297,0,297,0,10,355,0,365,334,0,334,699
03/13/2022,CMA,CA,AWP,WE,Towers with Radar,0,12,79,0,91,0,1,236,1,238,0,13,315,1,329,336,0,336,665
03/14/2022,CMA,CA,AWP,WE,Towers with Radar,0,10,27,0,37,0,0,215,0,215,0,10,242,0,252,482,0,482,734
03/15/2022,CMA,CA,AWP,WE,Towers with Radar,0,7,47,0,54,0,1,248,0,249,0,8,295,0,303,580,0,580,883
03/16/2022,CMA,CA,AWP,WE,Towers with Radar,0,16,27,0,43,0,0,167,0,167,0,16,194,0,210,484,0,484,694
03/17/2022,CMA,CA,AWP,WE,Towers with Radar,0,13,29,2,44,0,0,210,0,210,0,13,239,2,254,478,0,478,732
03/18/2022,CMA,CA,AWP,WE,Towers with Radar,0,7,53,1,61,0,1,281,0,282,0,8,334,1,343,336,0,336,679
03/19/2022,CMA,CA,AWP,WE,Towers with Radar,0,4,60,0,64,0,2,128,0,130,0,6,188,0,194,418,0,418,612
03/20/2022,CMA,CA,AWP,WE,Towers with Radar,0,9,46,1,56,0,0,136,0,136,0,9,182,1,192,234,0,234,426
03/21/2022,CMA,CA,AWP,WE,Towers with Radar,0,16,37,0,53,0,0,184,0,184,0,16,221,0,237,462,0,462,699
03/22/2022,CMA,CA,AWP,WE,Towers with Radar,0,7,24,0,31,0,0,130,0,130,0,7,154,0,161,292,0,292,453
03/23/2022,CMA,CA,AWP,WE,Towers with Radar,0,12,36,0,48,0,0,197,0,197,0,12,233,0,245,409,0,409,654
03/24/2022,CMA,CA,AWP,WE,Towers with Radar,0,12,54,2,68,0,1,264,4,269,0,13,318,6,337,394,0,394,731
03/25/2022,CMA,CA,AWP,WE,Towers with Radar,0,11,40,4,55,0,0,180,3,183,0,11,220,7,238,370,1,371,609
03/26/2022,CMA,CA,AWP,WE,Towers with Radar,0,6,60,0,66,0,0,139,2,141,0,6,199,2,207,216,2,218,425
03/27/2022,CMA,CA,AWP,WE,Towers with Radar,0,14,57,0,71,0,1,107,0,108,0,15,164,0,179,230,0,230,409
03/28/2022,CMA,CA,AWP,WE,Towers with Radar,0,10,51,0,61,0,0,2,0,2,0,10,53,0,63,4,0,4,67
03/29/2022,CMA,CA,AWP,WE,Towers with Radar,0,16,40,1,57,0,4,192,1,197,0,20,232,2,254,562,0,562,816
03/30/2022,CMA,CA,AWP,WE,Towers with Radar,0,17,42,1,60,0,0,177,0,177,0,17,219,1,237,488,0,488,725
03/31/2022,CMA,CA,AWP,WE,Towers with Radar,0,9,84,1,94,0,0,76,0,76,0,9,160,1,170,620,0,620,790
04/01/2022,CMA,CA,AWP,WE,Towers with Radar,0,8,47,0,55,0,1,243,0,244,0,9,290,0,299,396,0,396,695
04/02/2022,CMA,CA,AWP,WE,Towers with Radar,0,13,130,0,143,0,0,18,0,18,0,13,148,0,161,152,0,152,313
04/03/2022,CMA,CA,AWP,WE,Towers with Radar,0,17,117,0,134,0,0,26,0,26,0,17,143,0,160,242,0,242,402
04/04/2022,CMA,CA,AWP,WE,Towers with Radar,0,13,46,0,59,0,0,110,0,110,0,13,156,0,169,328,0,328,497
04/05/2022,CMA,CA,AWP,WE,Towers with Radar,0,7,26,0,33,0,1,171,0,172,0,8,197,0,205,368,0,368,573
04/06/2022,CMA,CA,AWP,WE,Towers with Radar,0,15,49,1,65,0,0,186,0,186,0,15,235,1,251,436,0,436,687
04/07/2022,CMA,CA,AWP,WE,Towers with Radar,0,4,34,0,38,0,0,128,1,129,0,4,162,1,167,54,0,54,221
04/08/2022,CMA,CA,AWP,WE,Towers with Radar,0,12,38,0,50,0,0,226,0,226,0,12,264,0,276,436,0,436,712
04/09/2022,CMA,CA,AWP,WE,Towers with Radar,0,7,39,0,46,0,0,343,0,343,0,7,382,0,389,266,0,266,655
04/10/2022,CMA,CA,AWP,WE,Towers with Radar,0,11,67,0,78,0,0,126,0,126,0,11,193,0,204,312,0,312,516
04/11/2022,CMA,CA,AWP,WE,Towers with Radar,0,12,39,0,51,0,0,52,1,53,0,12,91,1,104,264,0,264,368
04/12/2022,CMA,CA,AWP,WE,Towers with Radar,0,9,24,0,33,0,0,89,0,89,0,9,113,0,122,362,0,362,484
04/13/2022,CMA,CA,AWP,WE,Towers with Radar,0,6,36,0,42,0,0,205,2,207,0,6,241,2,249,406,0,406,655
04/14/2022,CMA,CA,AWP,WE,Towers with Radar,0,6,34,0,40,0,0,268,1,269,0,6,302,1,309,446,0,446,755
04/15/2022,CMA,CA,AWP,WE,Towers with Radar,0,10,31,0,41,0,0,268,0,268,0,10,299,0,309,432,0,432,741
04/16/2022,CMA,CA,AWP,WE,Towers with Radar,0,3,90,1,94,0,0,152,2,154,0,3,242,3,248,254,0,254,502
04/17/2022,CMA,CA,AWP,WE,Towers with Radar,0,5,42,0,47,0,0,129,0,129,0,5,171,0,176,260,0,260,436
04/18/2022,CMA,CA,AWP,WE,Towers with Radar,0,9,40,2,51,0,0,229,0,229,0,9,269,2,280,484,0,484,764
04/19/2022,CMA,CA,AWP,WE,Towers with Radar,0,5,50,1,56,0,0,195,4,199,0,5,245,5,255,428,0,428,683
04/20/2022,CMA,CA,AWP,WE,Towers with Radar,0,15,84,1,100,0,0,216,0,216,0,15,300,1,316,378,0,378,694
04/21/2022,CMA,CA,AWP,WE,Towers with Radar,0,7,79,0,86,0,0,123,0,123,0,7,202,0,209,472,0,472,681
04/22/2022,CMA,CA,AWP,WE,Towers with Radar,0,8,40,2,50,0,0,85,2,87,0,8,125,4,137,320,1,321,458
04/23/2022,CMA,CA,AWP,WE,Towers with Radar,0,5,62,0,67,0,0,267,1,268,0,5,329,1,335,346,0,346,681
04/24/2022,CMA,CA,AWP,WE,Towers with Radar,0,13,56,0,69,0,1,152,0,153,0,14,208,0,222,182,0,182,404
04/25/2022,CMA,CA,AWP,WE,Towers with Radar,0,6,64,0,70,0,1,192,0,193,0,7,256,0,263,508,0,508,771
04/26/2022,CMA,CA,AWP,WE,Towers with Radar,0,5,81,0,86,0,0,206,1,207,0,5,287,1,293,454,0,454,747
04/27/2022,CMA,CA,AWP,WE,Towers with Radar,0,19,77,2,98,0,6,171,2,179,0,25,248,4,277,299,0,299,576
04/28/2022,CMA,CA,AWP,WE,Towers with Radar,0,6,75,1,82,0,0,151,2,153,0,6,226,3,235,514,0,514,749
04/29/2022,CMA,CA,AWP,WE,Towers with Radar,0,20,39,2,61,0,0,240,3,243,0,20,279,5,304,380,0,380,684
04/30/2022,CMA,CA,AWP,WE,Towers with Radar,0,9,75,0,84,0,0,242,1,243,0,9,317,1,327,350,0,350,677
05/01/2022,CMA,CA,AWP,WE,Towers with Radar,0,16,78,2,96,0,0,250,0,250,0,16,328,2,346,234,0,234,580
05/02/2022,CMA,CA,AWP,WE,Towers with Radar,0,12,81,0,93,0,1,103,1,105,0,13,184,1,198,294,0,294,492
05/03/2022,CMA,CA,AWP,WE,Towers with Radar,0,4,73,1,78,0,2,163,0,165,0,6,236,1,243,306,0,306,549
05/04/2022,CMA,CA,AWP,WE,Towers with Radar,0,14,59,3,76,0,1,208,2,211,0,15,267,5,287,380,0,380,667
05/05/2022,CMA,CA,AWP,WE,Towers with Radar,0,12,77,2,91,0,1,131,2,134,0,13,208,4,225,278,0,278,503
05/06/2022,CMA,CA,AWP,WE,Towers with Radar,0,11,62,0,73,0,0,268,0,268,0,11,330,0,341,284,0,284,625
05/07/2022,CMA,CA,AWP,WE,Towers with Radar,0,9,62,0,71,0,1,253,0,254,0,10,315,0,325,358,0,358,683
05/08/2022,CMA,CA,AWP,WE,Towers with Radar,0,10,64,0,74,0,0,110,0,110,0,10,174,0,184,180,0,180,364
05/09/2022,CMA,CA,AWP,WE,Towers with Radar,0,8,62,2,72,0,1,191,1,193,0,9,253,3,265,262,14,276,541
05/10/2022,CMA,CA,AWP,WE,Towers with Radar,0,5,57,0,62,0,0,144,0,144,0,5,201,0,206,244,12,256,462
05/11/2022,CMA,CA,AWP,WE,Towers with Radar,0,9,53,0,62,0,0,204,4,208,0,9,257,4,270,360,0,360,630
05/12/2022,CMA,CA,AWP,WE,Towers with Radar,0,11,54,0,65,0,0,195,1,196,0,11,249,1,261,348,0,348,609
05/13/2022,CMA,CA,AWP,WE,Towers with Radar,0,13,70,0,83,0,0,228,2,230,0,13,298,2,313,316,0,316,629
05/14/2022,CMA,CA,AWP,WE,Towers with Radar,0,6,62,4,72,0,0,222,1,223,0,6,284,5,295,224,0,224,519
05/15/2022,CMA,CA,AWP,WE,Towers with Radar,0,17,43,1,61,0,0,249,0,249,0,17,292,1,310,248,0,248,558
05/16/2022,CMA,CA,AWP,WE,Towers with Radar,0,17,59,3,79,0,0,104,1,105,0,17,163,4,184,230,0,230,414
05/17/2022,CMA,CA,AWP,WE,Towers with Radar,0,4,46,0,50,0,0,129,0,129,0,4,175,0,179,392,0,392,571
05/18/2022,CMA,CA,AWP,WE,Towers with Radar,0,10,70,0,80,0,0,152,0,152,0,10,222,0,232,354,0,354,586
05/19/2022,CMA,CA,AWP,WE,Towers with Radar,0,7,109,0,116,0,0,32,0,32,0,7,141,0,148,232,0,232,380
05/20/2022,CMA,CA,AWP,WE,Towers with Radar,0,10,88,1,99,0,5,55,0,60,0,15,143,1,159,448,0,448,607
05/21/2022,CMA,CA,AWP,WE,Towers with Radar,0,9,68,0,77,0,0,156,0,156,0,9,224,0,233,304,0,304,537
05/22/2022,CMA,CA,AWP,WE,Towers with Radar,0,15,49,1,65,0,0,178,0,178,0,15,227,1,243,272,0,272,515
05/23/2022,CMA,CA,AWP,WE,Towers with Radar,0,10,55,0,65,0,0,123,0,123,0,10,178,0,188,294,0,294,482
05/24/2022,CMA,CA,AWP,WE,Towers with Radar,0,9,71,1,81,0,0,135,1,136,0,9,206,2,217,332,0,332,549
05/25/2022,CMA,CA,AWP,WE,Towers with Radar,0,12,82,0,94,0,0,170,1,171,0,12,252,1,265,282,0,282,547
05/26/2022,CMA,CA,AWP,WE,Towers with Radar,0,6,120,1,127,0,2,108,0,110,0,8,228,1,237,300,0,300,537
05/27/2022,CMA,CA,AWP,WE,Towers with Radar,0,10,83,0,93,0,0,136,0,136,0,10,219,0,229,362,0,362,591
05/28/2022,CMA,CA,AWP,WE,Towers with Radar,0,4,75,0,79,0,0,87,1,88,0,4,162,1,167,292,0,292,459
05/29/2022,CMA,CA,AWP,WE,Towers with Radar,0,6,49,1,56,0,0,161,0,161,0,6,210,1,217,210,0,210,427
05/30/2022,CMA,CA,AWP,WE,Towers with Radar,0,16,61,0,77,0,0,213,0,213,0,16,274,0,290,290,0,290,580
05/31/2022,CMA,CA,AWP,WE,Towers with Radar,0,20,71,0,91,0,0,261,1,262,0,20,332,1,353,366,0,366,719
06/01/2022,CMA,CA,AWP,WE,Towers with Radar,0,17,65,1,83,0,0,197,0,197,0,17,262,1,280,270,0,270,550
06/02/2022,CMA,CA,AWP,WE,Towers with Radar,0,7,68,0,75,0,0,218,0,218,0,7,286,0,293,356,0,356,649
06/03/2022,CMA,CA,AWP,WE,Towers with Radar,0,15,111,0,126,0,0,69,0,69,0,15,180,0,195,212,0,212,407
06/04/2022,CMA,CA,AWP,WE,Towers with Radar,0,10,90,0,100,0,0,83,0,83,0,10,173,0,183,348,0,348,531
06/05/2022,CMA,CA,AWP,WE,Towers with Radar,0,7,56,0,63,0,0,219,0,219,0,7,275,0,282,206,0,206,488
06/06/2022,CMA,CA,AWP,WE,Towers with Radar,0,4,41,0,45,0,0,133,0,133,0,4,174,0,178,362,0,362,540
06/07/2022,CMA,CA,AWP,WE,Towers with Radar,0,4,75,1,80,0,0,108,0,108,0,4,183,1,188,274,0,274,462
06/08/2022,CMA,CA,AWP,WE,Towers with Radar,0,12,83,0,95,0,0,59,0,59,0,12,142,0,154,38,0,38,192
06/09/2022,CMA,CA,AWP,WE,Towers with Radar,0,9,44,2,55,0,0,68,0,68,0,9,112,2,123,22,0,22,145
06/10/2022,CMA,CA,AWP,WE,Towers with Radar,0,22,105,0,127,0,0,77,7,84,0,22,182,7,211,10,0,10,221
06/11/2022,CMA,CA,AWP,WE,Towers with Radar,0,6,58,0,64,0,0,182,2,184,0,6,240,2,248,292,0,292,540
06/12/2022,CMA,CA,AWP,WE,Towers with Radar,0,12,83,0,95,0,2,192,0,194,0,14,275,0,289,270,0,270,559
06/13/2022,CMA,CA,AWP,WE,Towers with Radar,0,5,73,0,78,0,0,142,0,142,0,5,215,0,220,370,0,370,590
06/14/2022,CMA,CA,AWP,WE,Towers with Radar,0,9,50,1,60,0,0,194,0,194,0,9,244,1,254,350,0,350,604
06/15/2022,CMA,CA,AWP,WE,Towers with Radar,0,4,66,0,70,0,0,220,0,220,0,4,286,0,290,350,0,350,640
06/16/2022,CMA,CA,AWP,WE,Towers with Radar,0,7,107,1,115,0,0,84,1,85,0,7,191,2,200,272,18,290,490
06/17/2022,CMA,CA,AWP,WE,Towers with Radar,0,11,65,0,76,0,0,199,0,199,0,11,264,0,275,364,0,364,639
06/18/2022,CMA,CA,AWP,WE,Towers with Radar,0,5,59,1,65,0,0,280,0,280,0,5,339,1,345,244,0,244,589
06/19/2022,CMA,CA,AWP,WE,Towers with Radar,0,10,52,1,63,0,0,225,2,227,0,10,277,3,290,208,0,208,498
06/20/2022,CMA,CA,AWP,WE,Towers with Radar,0,12,60,0,72,0,0,218,2,220,0,12,278,2,292,415,0,415,707
06/21/2022,CMA,CA,AWP,WE,Towers with Radar,0,6,55,1,62,0,0,207,0,207,0,6,262,1,269,426,0,426,695
06/22/2022,CMA,CA,AWP,WE,Towers with Radar,0,3,55,0,58,0,0,76,0,76,0,3,131,0,134,170,0,170,304
06/23/2022,CMA,CA,AWP,WE,Towers with Radar,0,9,38,0,47,0,0,227,0,227,0,9,265,0,274,300,0,300,574
06/24/2022,CMA,CA,AWP,WE,Towers with Radar,0,6,65,0,71,0,0,225,0,225,0,6,290,0,296,294,0,294,590
06/25/2022,CMA,CA,AWP,WE,Towers with Radar,0,7,42,0,49,0,0,252,1,253,0,7,294,1,302,352,0,352,654
06/26/2022,CMA,CA,AWP,WE,Towers with Radar,0,8,36,0,44,0,0,306,0,306,0,8,342,0,350,220,0,220,570
06/27/2022,CMA,CA,AWP,WE,Towers with Radar,0,9,51,2,62,0,0,231,0,231,0,9,282,2,293,402,0,402,695
06/28/2022,CMA,CA,AWP,WE,Towers with Radar,0,5,37,0,42,0,0,205,0,205,0,5,242,0,247,402,0,402,649
06/29/2022,CMA,CA,AWP,WE,Towers with Radar,0,7,56,0,63,0,0,178,0,178,0,7,234,0,241,318,0,318,559
06/30/2022,CMA,CA,AWP,WE,Towers with Radar,0,7,80,1,88,0,0,174,0,174,0,7,254,1,262,296,0,296,558
07/01/2022,CMA,CA,AWP,WE,Towers with Radar,0,13,68,0,81,0,0,199,0,199,0,13,267,0,280,268,0,268,548
07/02/2022,CMA,CA,AWP,WE,Towers with Radar,0,7,49,0,56,0,0,241,0,241,0,7,290,0,297,302,0,302,599
07/03/2022,CMA,CA,AWP,WE,Towers with Radar,0,5,54,0,59,0,0,196,1,197,0,5,250,1,256,208,0,208,464
07/04/2022,CMA,CA,AWP,WE,Towers with Radar,0,5,25,0,30,0,0,140,0,140,0,5,165,0,170,158,0,158,328
07/05/2022,CMA,CA,AWP,WE,Towers with Radar,0,14,48,1,63,0,0,160,0,160,0,14,208,1,223,348,0,348,571
07/06/2022,CMA,CA,AWP,WE,Towers with Radar,0,13,77,0,90,0,0,151,0,151,0,13,228,0,241,284,0,284,525
07/07/2022,CMA,CA,AWP,WE,Towers with Radar,0,9,58,0,67,0,0,186,0,186,0,9,244,0,253,366,0,366,619
07/08/2022,CMA,CA,AWP,WE,Towers with Radar,0,9,52,0,61,0,0,166,3,169,0,9,218,3,230,234,0,234,464
07/09/2022,CMA,CA,AWP,WE,Towers with Radar,0,2,46,0,48,0,0,155,0,155,0,2,201,0,203,306,0,306,509
07/10/2022,CMA,CA,AWP,WE,Towers with Radar,0,4,30,0,34,0,0,249,0,249,0,4,279,0,283,352,0,352,635
07/11/2022,CMA,CA,AWP,WE,Towers with Radar,0,8,78,0,86,0,0,139,0,139,0,8,217,0,225,184,0,184,409
07/12/2022,CMA,CA,AWP,WE,Towers with Radar,0,6,58,0,64,0,0,102,1,103,0,6,160,1,167,248,0,248,415
07/13/2022,CMA,CA,AWP,WE,Towers with Radar,0,2,94,0,96,0,0,141,0,141,0,2,235,0,237,298,0,298,535
07/14/2022,CMA,CA,AWP,WE,Towers with Radar,0,7,47,3,57,0,0,189,0,189,0,7,236,3,246,354,0,354,600
07/15/2022,CMA,CA,AWP,WE,Towers with Radar,0,8,64,0,72,0,0,271,0,271,0,8,335,0,343,328,0,328,671
07/16/2022,CMA,CA,AWP,WE,Towers with Radar,0,9,52,1,62,0,0,217,0,217,0,9,269,1,279,180,0,180,459
07/17/2022,CMA,CA,AWP,WE,Towers with Radar,0,12,60,0,72,0,1,204,0,205,0,13,264,0,277,258,0,258,535
07/18/2022,CMA,CA,AWP,WE,Towers with Radar,0,5,48,3,56,0,0,164,0,164,0,5,212,3,220,402,0,402,622
07/19/2022,CMA,CA,AWP,WE,Towers with Radar,0,7,44,0,51,0,0,193,0,193,0,7,237,0,244,448,0,448,692
07/20/2022,CMA,CA,AWP,WE,Towers with Radar,0,3,65,3,71,0,0,226,1,227,0,3,291,4,298,332,0,332,630
07/21/2022,CMA,CA,AWP,WE,Towers with Radar,0,5,56,1,62,0,0,168,1,169,0,5,224,2,231,292,0,292,523
07/22/2022,CMA,CA,AWP,WE,Towers with Radar,0,10,70,8,88,0,0,191,0,191,0,10,261,8,279,344,0,344,623
07/23/2022,CMA,CA,AWP,WE,Towers with Radar,0,4,73,0,77,0,0,161,0,161,0,4,234,0,238,358,0,358,596
07/24/2022,CMA,CA,AWP,WE,Towers with Radar,0,8,64,0,72,0,0,145,0,145,0,8,209,0,217,278,0,278,495
07/25/2022,CMA,CA,AWP,WE,Towers with Radar,0,12,83,0,95,0,0,123,0,123,0,12,206,0,218,202,0,202,420
07/26/2022,CMA,CA,AWP,WE,Towers with Radar,0,14,66,3,83,0,0,134,0,134,0,14,200,3,217,206,0,206,423
07/27/2022,CMA,CA,AWP,WE,Towers with Radar,0,15,77,1,93,0,0,154,1,155,0,15,231,2,248,318,0,318,566
07/28/2022,CMA,CA,AWP,WE,Towers with Radar,0,11,57,0,68,0,0,183,0,183,0,11,240,0,251,338,0,338,589
07/29/2022,CMA,CA,AWP,WE,Towers with Radar,0,4,55,2,61,0,0,187,0,187,0,4,242,2,248,384,0,384,632
07/30/2022,CMA,CA,AWP,WE,Towers with Radar,0,6,47,0,53,0,0,206,1,207,0,6,253,1,260,314,0,314,574
07/31/2022,CMA,CA,AWP,WE,Towers with Radar,0,5,53,1,59,0,0,190,0,190,0,5,243,1,249,266,0,266,515
08/01/2022,CMA,CA,AWP,WE,Towers with Radar,0,7,59,0,66,0,0,136,2,138,0,7,195,2,204,258,0,258,462
08/02/2022,CMA,CA,AWP,WE,Towers with Radar,0,15,51,0,66,0,0,196,3,199,0,15,247,3,265,374,0,374,639
08/03/2022,CMA,CA,AWP,WE,Towers with Radar,0,12,65,0,77,0,1,193,4,198,0,13,258,4,275,352,0,352,627
08/04/2022,CMA,CA,AWP,WE,Towers with Radar,0,13,58,1,72,0,0,206,1,207,0,13,264,2,279,240,0,240,519
08/05/2022,CMA,CA,AWP,WE,Towers with Radar,0,5,50,0,55,0,0,250,4,254,0,5,300,4,309,334,0,334,643
08/06/2022,CMA,CA,AWP,WE,Towers with Radar,0,6,60,1,67,0,0,248,0,248,0,6,308,1,315,207,0,207,522
08/07/2022,CMA,CA,AWP,WE,Towers with Radar,0,8,80,0,88,0,1,229,0,230,0,9,309,0,318,272,0,272,590
08/08/2022,CMA,CA,AWP,WE,Towers with Radar,0,16,56,3,75,0,0,222,1,223,0,16,278,4,298,324,0,324,622
08/09/2022,CMA,CA,AWP,WE,Towers with Radar,0,11,59,0,70,0,0,212,3,215,0,11,271,3,285,306,0,306,591
08/10/2022,CMA,CA,AWP,WE,Towers with Radar,0,4,62,1,67,0,0,211,6,217,0,4,273,7,284,306,0,306,590
08/11/2022,CMA,CA,AWP,WE,Towers with Radar,0,8,61,0,69,0,0,234,3,237,0,8,295,3,306,346,0,346,652
08/12/2022,CMA,CA,AWP,WE,Towers with Radar,0,4,67,2,73,0,0,238,0,238,0,4,305,2,311,294,0,294,605
08/13/2022,CMA,CA,AWP,WE,Towers with Radar,0,4,47,0,51,0,0,234,3,237,0,4,281,3,288,348,0,348,636
08/14/2022,CMA,CA,AWP,WE,Towers with Radar,0,10,48,0,58,0,1,230,0,231,0,11,278,0,289,318,0,318,607
08/15/2022,CMA,CA,AWP,WE,Towers with Radar,0,8,50,0,58,0,0,195,0,195,0,8,245,0,253,384,0,384,637
08/16/2022,CMA,CA,AWP,WE,Towers with Radar,0,9,56,1,66,0,2,208,1,211,0,11,264,2,277,422,0,422,699
08/17/2022,CMA,CA,AWP,WE,Towers with Radar,0,8,54,0,62,0,1,183,0,184,0,9,237,0,246,360,0,360,606
08/18/2022,CMA,CA,AWP,WE,Towers with Radar,0,9,70,3,82,0,0,174,1,175,0,9,244,4,257,224,0,224,481
08/19/2022,CMA,CA,AWP,WE,Towers with Radar,0,11,39,2,52,0,0,214,2,216,0,11,253,4,268,236,0,236,504
08/20/2022,CMA,CA,AWP,WE,Towers with Radar,0,3,25,1,29,0,0,79,0,79,0,3,104,1,108,118,2,120,228
08/21/2022,CMA,CA,AWP,WE,Towers with Radar,0,0,10,0,10,0,0,13,1,14,0,0,23,1,24,30,0,30,54
08/22/2022,CMA,CA,AWP,WE,Towers with Radar,0,7,56,3,66,0,0,122,0,122,0,7,178,3,188,300,0,300,488
08/23/2022,CMA,CA,AWP,WE,Towers with Radar,0,7,48,1,56,0,0,153,0,153,0,7,201,1,209,268,0,268,477
08/24/2022,CMA,CA,AWP,WE,Towers with Radar,0,14,81,1,96,0,0,185,4,189,0,14,266,5,285,342,0,342,627
08/25/2022,CMA,CA,AWP,WE,Towers with Radar,0,9,85,6,100,0,0,244,0,244,0,9,329,6,344,248,0,248,592
08/26/2022,CMA,CA,AWP,WE,Towers with Radar,0,8,74,0,82,0,0,214,4,218,0,8,288,4,300,292,0,292,592
08/27/2022,CMA,CA,AWP,WE,Towers with Radar,0,5,73,1,79,0,0,223,1,224,0,5,296,2,303,284,0,284,587
08/28/2022,CMA,CA,AWP,WE,Towers with Radar,0,7,57,0,64,0,0,199,0,199,0,7,256,0,263,184,0,184,447
08/29/2022,CMA,CA,AWP,WE,Towers with Radar,0,8,33,1,42,0,0,193,0,193,0,8,226,1,235,284,0,284,519
08/30/2022,CMA,CA,AWP,WE,Towers with Radar,0,5,49,1,55,0,2,200,0,202,0,7,249,1,257,370,0,370,627
08/31/2022,CMA,CA,AWP,WE,Towers with Radar,0,13,32,0,45,0,0,219,0,219,0,13,251,0,264,309,0,309,573
09/01/2022,CMA,CA,AWP,WE,Towers with Radar,0,14,69,0,83,0,0,180,2,182,0,14,249,2,265,250,0,250,515
09/02/2022,CMA,CA,AWP,WE,Towers with Radar,0,18,67,0,85,0,0,213,2,215,0,18,280,2,300,332,0,332,632
09/03/2022,CMA,CA,AWP,WE,Towers with Radar,0,12,36,1,49,0,0,223,1,224,0,12,259,2,273,222,0,222,495
09/04/2022,CMA,CA,AWP,WE,Towers with Radar,0,5,30,0,35,0,0,146,0,146,0,5,176,0,181,164,0,164,345
09/05/2022,CMA,CA,AWP,WE,Towers with Radar,0,11,46,0,57,0,0,182,0,182,0,11,228,0,239,244,0,244,483
09/06/2022,CMA,CA,AWP,WE,Towers with Radar,0,6,55,1,62,0,0,201,0,201,0,6,256,1,263,382,0,382,645
09/07/2022,CMA,CA,AWP,WE,Towers with Radar,0,12,68,1,81,0,13,165,1,179,0,25,233,2,260,330,0,330,590
09/08/2022,CMA,CA,AWP,WE,Towers with Radar,0,6,65,1,72,0,0,173,2,175,0,6,238,3,247,324,0,324,571
09/09/2022,CMA,CA,AWP,WE,Towers with Radar,0,11,46,0,57,0,0,167,0,167,0,11,213,0,224,302,0,302,526
09/10/2022,CMA,CA,AWP,WE,Towers with Radar,0,8,28,3,39,0,0,98,0,98,0,8,126,3,137,300,0,300,437
09/11/2022,CMA,CA,AWP,WE,Towers with Radar,0,9,43,0,52,0,0,124,2,126,0,9,167,2,178,256,0,256,434
09/12/2022,CMA,CA,AWP,WE,Towers with Radar,0,4,54,1,59,0,0,178,1,179,0,4,232,2,238,264,4,268,506
09/13/2022,CMA,CA,AWP,WE,Towers with Radar,0,3,76,1,80,0,0,201,2,203,0,3,277,3,283,370,0,370,653
09/14/2022,CMA,CA,AWP,WE,Towers with Radar,0,5,52,3,60,0,0,213,2,215,0,5,265,5,275,322,0,322,597
09/15/2022,CMA,CA,AWP,WE,Towers with Radar,0,8,63,1,72,0,0,200,2,202,0,8,263,3,274,204,0,204,478
09/16/2022,CMA,CA,AWP,WE,Towers with Radar,0,10,88,0,98,0,0,301,2,303,0,10,389,2,401,438,0,438,839
09/17/2022,CMA,CA,AWP,WE,Towers with Radar,0,2,71,1,74,0,0,151,0,151,0,2,222,1,225,386,0,386,611
09/18/2022,CMA,CA,AWP,WE,Towers with Radar,0,4,92,0,96,0,0,121,0,121,0,4,213,0,217,284,0,284,501
09/19/2022,CMA,CA,AWP,WE,Towers with Radar,0,5,71,0,76,0,0,151,0,151,0,5,222,0,227,332,0,332,559
09/20/2022,CMA,CA,AWP,WE,Towers with Radar,0,2,70,1,73,0,0,97,0,97,0,2,167,1,170,448,0,448,618
09/21/2022,CMA,CA,AWP,WE,Towers with Radar,0,10,60,0,70,0,0,183,0,183,0,10,243,0,253,350,0,350,603
09/22/2022,CMA,CA,AWP,WE,Towers with Radar,0,5,51,0,56,0,0,206,0,206,0,5,257,0,262,398,0,398,660
09/23/2022,CMA,CA,AWP,WE,Towers with Radar,0,5,51,0,56,0,0,234,1,235,0,5,285,1,291,502,0,502,793
09/24/2022,CMA,CA,AWP,WE,Towers with Radar,0,2,40,3,45,0,0,271,5,276,0,2,311,8,321,370,0,370,691
09/25/2022,CMA,CA,AWP,WE,Towers with Radar,0,11,65,0,76,0,0,207,1,208,0,11,272,1,284,202,0,202,486
09/26/2022,CMA,CA,AWP,WE,Towers with Radar,0,6,37,0,43,0,0,183,1,184,0,6,220,1,227,452,0,452,679
09/27/2022,CMA,CA,AWP,WE,Towers with Radar,0,7,47,0,54,0,0,207,0,207,0,7,254,0,261,524,0,524,785
09/28/2022,CMA,CA,AWP,WE,Towers with Radar,0,3,23,1,27,0,0,228,0,228,0,3,251,1,255,416,0,416,671
09/29/2022,CMA,CA,AWP,WE,Towers with Radar,0,14,70,0,84,0,0,187,1,188,0,14,257,1,272,452,0,452,724
09/30/2022,CMA,CA,AWP,WE,Towers with Radar,0,7,84,0,91,0,0,186,6,192,0,7,270,6,283,364,0,364,647
10/01/2022,CMA,CA,AWP,WE,Towers with Radar,0,6,45,0,51,0,0,187,0,187,0,6,232,0,238,314,0,314,552
10/02/2022,CMA,CA,AWP,WE,Towers with Radar,0,2,54,0,56,0,0,159,4,163,0,2,213,4,219,212,0,212,431
10/03/2022,CMA,CA,AWP,WE,Towers with Radar,0,8,34,1,43,0,0,184,0,184,0,8,218,1,227,314,0,314,541
10/04/2022,CMA,CA,AWP,WE,Towers with Radar,0,11,31,1,43,0,0,168,3,171,0,11,199,4,214,378,0,378,592
10/05/2022,CMA,CA,AWP,WE,Towers with Radar,0,9,81,0,90,0,0,133,0,133,0,9,214,0,223,187,10,197,420
10/06/2022,CMA,CA,AWP,WE,Towers with Radar,0,11,89,0,100,0,0,61,0,61,0,11,150,0,161,148,0,148,309
10/07/2022,CMA,CA,AWP,WE,Towers with Radar,0,17,70,0,87,0,0,151,0,151,0,17,221,0,238,360,0,360,598
10/08/2022,CMA,CA,AWP,WE,Towers with Radar,0,15,68,0,83,0,0,94,0,94,0,15,162,0,177,116,0,116,293
10/09/2022,CMA,CA,AWP,WE,Towers with Radar,0,8,64,0,72,0,0,113,0,113,0,8,177,0,185,126,0,126,311
10/10/2022,CMA,CA,AWP,WE,Towers with Radar,0,12,75,0,87,0,0,71,0,71,0,12,146,0,158,236,0,236,394
10/11/2022,CMA,CA,AWP,WE,Towers with Radar,0,12,101,4,117,0,0,83,0,83,0,12,184,4,200,400,0,400,600
10/12/2022,CMA,CA,AWP,WE,Towers with Radar,0,8,69,1,78,0,0,89,0,89,0,8,158,1,167,191,0,191,358
10/13/2022,CMA,CA,AWP,WE,Towers with Radar,0,12,96,4,112,0,0,43,0,43,0,12,139,4,155,0,0,0,155
10/14/2022,CMA,CA,AWP,WE,Towers with Radar,0,6,95,2,103,0,0,31,0,31,0,6,126,2,134,186,0,186,320
10/15/2022,CMA,CA,AWP,WE,Towers with Radar,0,7,63,0,70,0,0,38,0,38,0,7,101,0,108,328,0,328,436
10/16/2022,CMA,CA,AWP,WE,Towers with Radar,0,7,83,0,90,0,0,87,0,87,0,7,170,0,177,324,0,324,501
10/17/2022,CMA,CA,AWP,WE,Towers with Radar,0,4,60,1,65,0,0,194,0,194,0,4,254,1,259,386,0,386,645
10/18/2022,CMA,CA,AWP,WE,Towers with Radar,0,5,75,1,81,0,1,213,4,218,0,6,288,5,299,282,0,282,581
10/19/2022,CMA,CA,AWP,WE,Towers with Radar,0,13,40,2,55,0,1,206,0,207,0,14,246,2,262,330,0,330,592
10/20/2022,CMA,CA,AWP,WE,Towers with Radar,0,4,41,2,47,0,0,215,2,217,0,4,256,4,264,470,1,471,735
10/21/2022,CMA,CA,AWP,WE,Towers with Radar,0,20,58,3,81,0,1,233,0,234,0,21,291,3,315,250,0,250,565
10/22/2022,CMA,CA,AWP,WE,Towers with Radar,0,3,73,0,76,0,0,88,0,88,0,3,161,0,164,340,0,340,504
10/23/2022,CMA,CA,AWP,WE,Towers with Radar,0,13,45,2,60,0,0,201,0,201,0,13,246,2,261,122,0,122,383
10/24/2022,CMA,CA,AWP,WE,Towers with Radar,0,8,47,0,55,0,0,106,0,106,0,8,153,0,161,104,0,104,265
10/25/2022,CMA,CA,AWP,WE,Towers with Radar,0,4,65,0,69,0,1,160,2,163,0,5,225,2,232,246,0,246,478
10/26/2022,CMA,CA,AWP,WE,Towers with Radar,0,6,47,2,55,0,0,202,2,204,0,6,249,4,259,322,0,322,581
10/27/2022,CMA,CA,AWP,WE,Towers with Radar,0,5,52,2,59,0,0,208,2,210,0,5,260,4,269,320,0,320,589
10/28/2022,CMA,CA,AWP,WE,Towers with Radar,0,6,58,2,66,0,0,222,1,223,0,6,280,3,289,322,0,322,611
10/29/2022,CMA,CA,AWP,WE,Towers with Radar,0,6,52,0,58,0,0,233,2,235,0,6,285,2,293,198,0,198,491
10/30/2022,CMA,CA,AWP,WE,Towers with Radar,0,9,55,0,64,0,0,175,0,175,0,9,230,0,239,262,0,262,501
10/31/2022,CMA,CA,AWP,WE,Towers with Radar,0,5,44,0,49,0,0,127,0,127,0,5,171,0,176,326,0,326,502
11/01/2022,CMA,CA,AWP,WE,Towers with Radar,0,6,61,0,67,0,0,92,0,92,0,6,153,0,159,342,0,342,501
11/02/2022,CMA,CA,AWP,WE,Towers with Radar,0,2,35,0,37,0,0,76,1,77,0,2,111,1,114,261,0,261,375
11/03/2022,CMA,CA,AWP,WE,Towers with Radar,0,8,47,2,57,0,0,122,0,122,0,8,169,2,179,266,0,266,445
11/04/2022,CMA,CA,AWP,WE,Towers with Radar,0,6,80,3,89,0,0,251,0,251,0,6,331,3,340,328,0,328,668
11/05/2022,CMA,CA,AWP,WE,Towers with Radar,0,5,74,0,79,0,0,224,0,224,0,5,298,0,303,253,0,253,556
11/06/2022,CMA,CA,AWP,WE,Towers with Radar,0,4,93,0,97,0,0,133,0,133,0,4,226,0,230,130,0,130,360
11/07/2022,CMA,CA,AWP,WE,Towers with Radar,0,7,47,0,54,0,0,3,3,6,0,7,50,3,60,10,0,10,70
11/08/2022,CMA,CA,AWP,WE,Towers with Radar,0,4,34,0,38,0,0,5,2,7,0,4,39,2,45,8,0,8,53
11/09/2022,CMA,CA,AWP,WE,Towers with Radar,0,6,86,0,92,0,2,184,0,186,0,8,270,0,278,350,0,350,628
11/10/2022,CMA,CA,AWP,WE,Towers with Radar,0,1,54,3,58,0,0,233,1,234,0,1,287,4,292,252,0,252,544
11/11/2022,CMA,CA,AWP,WE,Towers with Radar,0,4,74,0,78,0,0,197,0,197,0,4,271,0,275,356,0,356,631
11/12/2022,CMA,CA,AWP,WE,Towers with Radar,0,4,61,0,65,0,0,213,0,213,0,4,274,0,278,226,0,226,504
11/13/2022,CMA,CA,AWP,WE,Towers with Radar,0,6,35,0,41,0,0,167,0,167,0,6,202,0,208,242,0,242,450
11/14/2022,CMA,CA,AWP,WE,Towers with Radar,0,9,54,2,65,0,0,181,1,182,0,9,235,3,247,409,0,409,656
11/15/2022,CMA,CA,AWP,WE,Towers with Radar,0,6,37,0,43,0,0,108,0,108,0,6,145,0,151,130,0,130,281
11/16/2022,CMA,CA,AWP,WE,Towers with Radar,0,12,28,5,45,0,0,32,0,32,0,12,60,5,77,26,0,26,103
11/17/2022,CMA,CA,AWP,WE,Towers with Radar,0,1,62,0,63,0,1,160,0,161,0,2,222,0,224,200,0,200,424
11/18/2022,CMA,CA,AWP,WE,Towers with Radar,0,6,67,2,75,0,0,214,2,216,0,6,281,4,291,234,0,234,525
11/19/2022,CMA,CA,AWP,WE,Towers with Radar,0,5,14,0,19,0,0,21,0,21,0,5,35,0,40,6,0,6,46
11/20/2022,CMA,CA,AWP,WE,Towers with Radar,0,1,31,0,32,0,0,148,0,148,0,1,179,0,180,184,0,184,364
11/21/2022,CMA,CA,AWP,WE,Towers with Radar,0,4,38,0,42,0,0,181,0,181,0,4,219,0,223,394,0,394,617
11/22/2022,CMA,CA,AWP,WE,Towers with Radar,0,19,44,1,64,0,0,202,0,202,0,19,246,1,266,332,0,332,598
11/23/2022,CMA,CA,AWP,WE,Towers with Radar,0,7,66,1,74,0,2,198,1,201,0,9,264,2,275,264,0,264,539
11/24/2022,CMA,CA,AWP,WE,Towers with Radar,0,2,4,0,6,0,0,14,0,14,0,2,18,0,20,0,0,0,20
11/25/2022,CMA,CA,AWP,WE,Towers with Radar,0,3,31,0,34,0,0,172,0,172,0,3,203,0,206,142,0,142,348
11/26/2022,CMA,CA,AWP,WE,Towers with Radar,0,10,42,0,52,0,0,233,0,233,0,10,275,0,285,236,0,236,521
11/27/2022,CMA,CA,AWP,WE,Towers with Radar,0,16,55,1,72,0,2,145,0,147,0,18,200,1,219,240,0,240,459
11/28/2022,CMA,CA,AWP,WE,Towers with Radar,0,13,71,0,84,0,0,93,0,93,0,13,164,0,177,302,0,302,479
11/29/2022,CMA,CA,AWP,WE,Towers with Radar,0,5,48,0,53,0,0,164,1,165,0,5,212,1,218,330,0,330,548
11/30/2022,CMA,CA,AWP,WE,Towers with Radar,0,10,66,1,77,0,0,86,0,86,0,10,152,1,163,300,0,300,463
12/01/2022,CMA,CA,AWP,WE,Towers with Radar,0,2,59,2,63,0,0,35,0,35,0,2,94,2,98,278,0,278,376
12/02/2022,CMA,CA,AWP,WE,Towers with Radar,0,8,61,0,69,0,4,5,0,9,0,12,66,0,78,70,0,70,148
12/03/2022,CMA,CA,AWP,WE,Towers with Radar,0,17,58,0,75,0,0,146,0,146,0,17,204,0,221,228,0,228,449
12/04/2022,CMA,CA,AWP,WE,Towers with Radar,0,2,69,1,72,0,0,3,0,3,0,2,72,1,75,12,0,12,87
12/05/2022,CMA,CA,AWP,WE,Towers with Radar,0,10,49,0,59,0,0,145,2,147,0,10,194,2,206,303,0,303,509
12/06/2022,CMA,CA,AWP,WE,Towers with Radar,0,5,58,0,63,0,0,130,0,130,0,5,188,0,193,390,0,390,583
12/07/2022,CMA,CA,AWP,WE,Towers with Radar,0,7,79,3,89,0,0,233,0,233,0,7,312,3,322,322,0,322,644
12/08/2022,CMA,CA,AWP,WE,Towers with Radar,0,5,49,0,54,0,1,261,0,262,0,6,310,0,316,296,0,296,612
12/09/2022,CMA,CA,AWP,WE,Towers with Radar,0,6,63,2,71,0,1,242,0,243,0,7,305,2,314,322,0,322,636
12/10/2022,CMA,CA,AWP,WE,Towers with Radar,0,0,33,0,33,0,0,10,0,10,0,0,43,0,43,132,0,132,175
12/11/2022,CMA,CA,AWP,WE,Towers with Radar,0,15,17,0,32,0,0,30,2,32,0,15,47,2,64,82,0,82,146
12/12/2022,CMA,CA,AWP,WE,Towers with Radar,0,9,39,1,49,0,13,88,0,101,0,22,127,1,150,364,0,364,514
12/13/2022,CMA,CA,AWP,WE,Towers with Radar,0,7,56,0,63,0,0,236,0,236,0,7,292,0,299,372,0,372,671
12/14/2022,CMA,CA,AWP,WE,Towers with Radar,0,2,75,1,78,0,0,175,0,175,0,2,250,1,253,334,0,334,587
12/15/2022,CMA,CA,AWP,WE,Towers with Radar,0,3,55,0,58,0,0,193,1,194,0,3,248,1,252,306,0,306,558
12/16/2022,CMA,CA,AWP,WE,Towers with Radar,0,11,39,0,50,0,0,153,0,153,0,11,192,0,203,230,0,230,433
12/17/2022,CMA,CA,AWP,WE,Towers with Radar,0,11,38,0,49,0,0,180,0,180,0,11,218,0,229,208,0,208,437
12/18/2022,CMA,CA,AWP,WE,Towers with Radar,0,12,55,0,67,0,0,225,0,225,0,12,280,0,292,194,0,194,486
12/19/2022,CMA,CA,AWP,WE,Towers with Radar,0,6,52,0,58,0,0,221,0,221,0,6,273,0,279,478,0,478,757
12/20/2022,CMA,CA,AWP,WE,Towers with Radar,0,7,52,0,59,0,0,228,0,228,0,7,280,0,287,430,0,430,717
12/21/2022,CMA,CA,AWP,WE,Towers with Radar,0,7,56,0,63,0,0,204,0,204,0,7,260,0,267,342,0,342,609
12/22/2022,CMA,CA,AWP,WE,Towers with Radar,0,12,71,0,83,0,0,205,0,205,0,12,276,0,288,222,0,222,510
12/23/2022,CMA,CA,AWP,WE,Towers with Radar,0,4,53,0,57,0,0,193,0,193,0,4,246,0,250,258,0,258,508
12/24/2022,CMA,CA,AWP,WE,Towers with Radar,0,3,26,0,29,0,0,130,0,130,0,3,156,0,159,132,0,132,291
12/25/2022,CMA,CA,AWP,WE,Towers with Radar,0,4,10,0,14,0,0,46,0,46,0,4,56,0,60,26,0,26,86
12/26/2022,CMA,CA,AWP,WE,Towers with Radar,0,11,80,0,91,0,0,194,2,196,0,11,274,2,287,228,20,248,535
12/27/2022,CMA,CA,AWP,WE,Towers with Radar,0,5,47,0,52,0,0,49,0,49,0,5,96,0,101,110,0,110,211
12/28/2022,CMA,CA,AWP,WE,Towers with Radar,0,0,57,0,57,0,1,132,0,133,0,1,189,0,190,303,0,303,493
12/29/2022,CMA,CA,AWP,WE,Towers with Radar,0,3,50,0,53,0,0,42,0,42,0,3,92,0,95,238,0,238,333
12/30/2022,CMA,CA,AWP,WE,Towers with Radar,0,9,87,0,96,0,0,0,0,0,0,9,87,0,96,0,0,0,96
12/31/2022,CMA,CA,AWP,WE,Towers with Radar,0,1,23,0,24,0,0,0,0,0,0,1,23,0,24,0,0,0,24
01/01/2023,CMA,CA,AWP,WE,Towers with Radar,0,11,21,0,32,0,0,27,0,27,0,11,48,0,59,40,0,40,99
01/02/2023,CMA,CA,AWP,WE,Towers with Radar,0,7,58,0,65,0,0,135,0,135,0,7,193,0,200,266,0,266,466
01/03/2023,CMA,CA,AWP,WE,Towers with Radar,0,9,58,0,67,0,0,36,0,36,0,9,94,0,103,212,0,212,315
01/04/2023,CMA,CA,AWP,WE,Towers with Radar,0,13,27,0,40,0,0,8,0,8,0,13,35,0,48,52,0,52,100
01/05/2023,CMA,CA,AWP,WE,Towers with Radar,0,0,19,0,19,0,0,25,0,25,0,0,44,0,44,48,0,48,92
01/06/2023,CMA,CA,AWP,WE,Towers with Radar,0,5,53,0,58,0,0,308,0,308,0,5,361,0,366,164,0,164,530
01/07/2023,CMA,CA,AWP,WE,Towers with Radar,0,2,42,0,44,0,0,280,0,280,0,2,322,0,324,246,1,247,571
01/08/2023,CMA,CA,AWP,WE,Towers with Radar,0,10,55,0,65,0,0,65,0,65,0,10,120,0,130,270,0,270,400
01/09/2023,CMA,CA,AWP,WE,Towers with Radar,0,1,25,0,26,0,0,3,0,3,0,1,28,0,29,0,0,0,29
01/10/2023,CMA,CA,AWP,WE,Towers with Radar,0,8,20,0,28,0,0,32,0,32,0,8,52,0,60,42,0,42,102
01/11/2023,CMA,CA,AWP,WE,Towers with Radar,0,17,42,0,59,0,0,160,0,160,0,17,202,0,219,423,0,423,642
01/12/2023,CMA,CA,AWP,WE,Towers with Radar,0,9,64,0,73,0,0,178,0,178,0,9,242,0,251,292,0,292,543
01/13/2023,CMA,CA,AWP,WE,Towers with Radar,0,5,80,0,85,0,0,210,0,210,0,5,290,0,295,372,0,372,667
01/14/2023,CMA,CA,AWP,WE,Towers with Radar,0,5,12,0,17,0,0,0,0,0,0,5,12,0,17,0,0,0,17
01/15/2023,CMA,CA,AWP,WE,Towers with Radar,0,2,55,0,57,0,0,32,0,32,0,2,87,0,89,170,0,170,259
01/16/2023,CMA,CA,AWP,WE,Towers with Radar,0,11,29,0,40,0,0,22,1,23,0,11,51,1,63,20,18,38,101
01/17/2023,CMA,CA,AWP,WE,Towers with Radar,0,7,52,0,59,0,0,200,1,201,0,7,252,1,260,230,0,230,490
01/18/2023,CMA,CA,AWP,WE,Towers with Radar,0,8,55,2,65,0,0,212,0,212,0,8,267,2,277,280,0,280,557
01/19/2023,CMA,CA,AWP,WE,Towers with Radar,0,10,80,0,90,0,0,116,0,116,0,10,196,0,206,242,0,242,448
01/20/2023,CMA,CA,AWP,WE,Towers with Radar,0,6,45,1,52,0,0,190,2,192,0,6,235,3,244,394,0,394,638
01/21/2023,CMA,CA,AWP,WE,Towers with Radar,0,4,32,0,36,0,0,277,0,277,0,4,309,0,313,268,0,268,581
01/22/2023,CMA,CA,AWP,WE,Towers with Radar,0,18,50,2,70,0,0,236,2,238,0,18,286,4,308,184,0,184,492
01/23/2023,CMA,CA,AWP,WE,Towers with Radar,0,9,25,0,34,0,0,102,1,103,0,9,127,1,137,192,0,192,329
01/24/2023,CMA,CA,AWP,WE,Towers with Radar,0,5,47,1,53,0,0,196,3,199,0,5,243,4,252,274,0,274,526
01/25/2023,CMA,CA,AWP,WE,Towers with Radar,0,10,31,3,44,0,0,157,0,157,0,10,188,3,201,92,0,92,293
01/26/2023,CMA,CA,AWP,WE,Towers with Radar,0,2,25,2,29,0,0,36,0,36,0,2,61,2,65,46,0,46,111
01/27/2023,CMA,CA,AWP,WE,Towers with Radar,0,8,70,0,78,0,0,285,0,285,0,8,355,0,363,330,0,330,693
01/28/2023,CMA,CA,AWP,WE,Towers with Radar,0,6,62,0,68,0,0,267,0,267,0,6,329,0,335,234,0,234,569
01/29/2023,CMA,CA,AWP,WE,Towers with Radar,0,8,62,1,71,0,0,44,0,44,0,8,106,1,115,270,0,270,385
01/30/2023,CMA,CA,AWP,WE,Towers with Radar,0,8,32,0,40,0,0,78,0,78,0,8,110,0,118,276,0,276,394
01/31/2023,CMA,CA,AWP,WE,Towers with Radar,0,17,21,0,38,0,0,54,0,54,0,17,75,0,92,0,0,0,92
02/01/2023,CMA,CA,AWP,WE,Towers with Radar,0,14,40,1,55,0,0,213,0,213,0,14,253,1,268,298,0,298,566
02/02/2023,CMA,CA,AWP,WE,Towers with Radar,0,8,71,0,79,0,0,185,0,185,0,8,256,0,264,299,0,299,563
02/03/2023,CMA,CA,AWP,WE,Towers with Radar,0,12,49,2,63,0,3,220,0,223,0,15,269,2,286,275,0,275,561
02/04/2023,CMA,CA,AWP,WE,Towers with Radar,0,6,50,1,57,0,1,358,0,359,0,7,408,1,416,198,0,198,614
02/05/2023,CMA,CA,AWP,WE,Towers with Radar,0,9,41,0,50,0,0,86,0,86,0,9,127,0,136,138,0,138,274
02/06/2023,CMA,CA,AWP,WE,Towers with Radar,0,11,53,0,64,0,0,151,0,151,0,11,204,0,215,404,0,404,619
02/07/2023,CMA,CA,AWP,WE,Towers with Radar,0,17,55,0,72,0,0,179,0,179,0,17,234,0,251,144,0,144,395
02/08/2023,CMA,CA,AWP,WE,Towers with Radar,0,6,43,0,49,0,0,214,3,217,0,6,257,3,266,334,0,334,600
02/09/2023,CMA,CA,AWP,WE,Towers with Radar,0,8,34,3,45,0,0,114,0,114,0,8,148,3,159,118,0,118,277
02/10/2023,CMA,CA,AWP,WE,Towers with Radar,0,11,66,0,77,0,0,229,1,230,0,11,295,1,307,262,0,262,569
02/11/2023,CMA,CA,AWP,WE,Towers with Radar,0,13,50,0,63,0,0,130,0,130,0,13,180,0,193,156,0,156,349
02/12/2023,CMA,CA,AWP,WE,Towers with Radar,0,7,39,0,46,0,0,177,0,177,0,7,216,0,223,212,0,212,435
02/13/2023,CMA,CA,AWP,WE,Towers with Radar,0,8,61,1,70,0,0,104,2,106,0,8,165,3,176,302,0,302,478
02/14/2023,CMA,CA,AWP,WE,Towers with Radar,0,7,26,0,33,0,0,85,0,85,0,7,111,0,118,150,0,150,268
02/15/2023,CMA,CA,AWP,WE,Towers with Radar,0,17,35,1,53,0,0,223,0,223,0,17,258,1,276,370,0,370,646
02/16/2023,CMA,CA,AWP,WE,Towers with Radar,0,11,41,2,54,0,0,117,1,118,0,11,158,3,172,182,0,182,354
02/17/2023,CMA,CA,AWP,WE,Towers with Radar,0,9,42,0,51,0,0,133,0,133,0,9,175,0,184,160,0,160,344
02/18/2023,CMA,CA,AWP,WE,Towers with Radar,0,3,28,1,32,0,1,255,0,256,0,4,283,1,288,306,0,306,594
02/19/2023,CMA,CA,AWP,WE,Towers with Radar,0,6,59,0,65,0,1,303,6,310,0,7,362,6,375,299,0,299,674
02/20/2023,CMA,CA,AWP,WE,Towers with Radar,0,11,74,0,85,0,0,231,0,231,0,11,305,0,316,234,0,234,550
02/21/2023,CMA,CA,AWP,WE,Towers with Radar,0,14,62,0,76,0,0,142,0,142,0,14,204,0,218,234,0,234,452
02/22/2023,CMA,CA,AWP,WE,Towers with Radar,0,17,16,0,33,0,0,30,5,35,0,17,46,5,68,40,4,44,112
02/23/2023,CMA,CA,AWP,WE,Towers with Radar,0,12,28,0,40,0,0,54,1,55,0,12,82,1,95,214,0,214,309
02/24/2023,CMA,CA,AWP,WE,Towers with Radar,0,2,3,0,5,0,0,0,0,0,0,2,3,0,5,0,0,0,5
02/25/2023,CMA,CA,AWP,WE,Towers with Radar,0,3,19,0,22,0,0,32,0,32,0,3,51,0,54,214,0,214,268
02/26/2023,CMA,CA,AWP,WE,Towers with Radar,0,6,64,0,70,0,0,204,0,204,0,6,268,0,274,326,0,326,600
02/27/2023,CMA,CA,AWP,WE,Towers with Radar,0,9,24,2,35,0,0,10,0,10,0,9,34,2,45,184,0,184,229
02/28/2023,CMA,CA,AWP,WE,Towers with Radar,0,10,49,3,62,0,0,125,1,126,0,10,174,4,188,288,0,288,476
03/01/2023,CMA,CA,AWP,WE,Towers with Radar,0,10,9,0,19,0,0,25,1,26,0,10,34,1,45,28,0,28,73
03/02/2023,CMA,CA,AWP,WE,Towers with Radar,0,8,78,0,86,0,0,325,0,325,0,8,403,0,411,200,0,200,611
03/03/2023,CMA,CA,AWP,WE,Towers with Radar,0,10,55,1,66,0,0,277,0,277,0,10,332,1,343,330,0,330,673
03/04/2023,CMA,CA,AWP,WE,Towers with Radar,0,2,66,0,68,0,0,97,0,97,0,2,163,0,165,352,0,352,517
03/05/2023,CMA,CA,AWP,WE,Towers with Radar,0,7,52,1,60,0,0,62,0,62,0,7,114,1,122,224,0,224,346
03/06/2023,CMA,CA,AWP,WE,Towers with Radar,0,4,61,0,65,0,0,152,0,152,0,4,213,0,217,312,0,312,529
03/07/2023,CMA,CA,AWP,WE,Towers with Radar,0,14,73,0,87,0,0,277,0,277,0,14,350,0,364,286,0,286,650
03/08/2023,CMA,CA,AWP,WE,Towers with Radar,0,3,76,0,79,0,0,200,0,200,0,3,276,0,279,338,0,338,617
03/09/2023,CMA,CA,AWP,WE,Towers with Radar,0,11,69,2,82,0,0,229,0,229,0,11,298,2,311,346,0,346,657
03/10/2023,CMA,CA,AWP,WE,Towers with Radar,0,8,19,0,27,0,0,0,0,0,0,8,19,0,27,0,0,0,27
03/11/2023,CMA,CA,AWP,WE,Towers with Radar,0,6,61,0,67,0,0,5,0,5,0,6,66,0,72,52,0,52,124
03/12/2023,CMA,CA,AWP,WE,Towers with Radar,0,18,113,2,133,0,0,83,0,83,0,18,196,2,216,172,0,172,388
03/13/2023,CMA,CA,AWP,WE,Towers with Radar,0,13,101,6,120,0,0,23,0,23,0,13,124,6,143,138,0,138,281
03/14/2023,CMA,CA,AWP,WE,Towers with Radar,0,6,14,0,20,0,0,0,0,0,0,6,14,0,20,0,0,0,20
03/15/2023,CMA,CA,AWP,WE,Towers with Radar,0,8,54,0,62,0,0,46,0,46,0,8,100,0,108,202,0,202,310
03/16/2023,CMA,CA,AWP,WE,Towers with Radar,0,14,89,4,107,0,0,103,0,103,0,14,192,4,210,142,0,142,352
03/17/2023,CMA,CA,AWP,WE,Towers with Radar,0,12,48,2,62,0,0,246,3,249,0,12,294,5,311,230,14,244,555
03/18/2023,CMA,CA,AWP,WE,Towers with Radar,0,6,38,2,46,0,0,219,0,219,0,6,257,2,265,186,0,186,451
03/19/2023,CMA,CA,AWP,WE,Towers with Radar,0,4,51,2,57,0,0,44,1,45,0,4,95,3,102,172,0,172,274
03/20/2023,CMA,CA,AWP,WE,Towers with Radar,0,10,70,2,82,0,0,46,0,46,0,10,116,2,128,284,0,284,412
03/21/2023,CMA,CA,AWP,WE,Towers with Radar,0,8,25,0,33,0,0,2,0,2,0,8,27,0,35,2,0,2,37
03/22/2023,CMA,CA,AWP,WE,Towers with Radar,0,5,25,0,30,0,0,14,0,14,0,5,39,0,44,178,0,178,222
03/23/2023,CMA,CA,AWP,WE,Towers with Radar,0,6,75,0,81,0,1,111,2,114,0,7,186,2,195,252,0,252,447
03/24/2023,CMA,CA,AWP,WE,Towers with Radar,0,15,109,0,124,0,0,288,0,288,0,15,397,0,412,276,0,276,688
03/25/2023,CMA,CA,AWP,WE,Towers with Radar,0,8,85,0,93,0,0,284,0,284,0,8,369,0,377,350,0,350,727
03/26/2023,CMA,CA,AWP,WE,Towers with Radar,0,14,83,0,97,0,1,161,0,162,0,15,244,0,259,198,0,198,457
03/27/2023,CMA,CA,AWP,WE,Towers with Radar,0,20,34,0,54,0,0,107,0,107,0,20,141,0,161,172,0,172,333
03/28/2023,CMA,CA,AWP,WE,Towers with Radar,0,12,46,1,59,0,0,243,1,244,0,12,289,2,303,296,0,296,599
03/29/2023,CMA,CA,AWP,WE,Towers with Radar,0,11,37,2,50,0,0,46,0,46,0,11,83,2,96,286,0,286,382
03/30/2023,CMA,CA,AWP,WE,Towers with Radar,0,9,34,3,46,0,0,109,1,110,0,9,143,4,156,330,16,346,502
03/31/2023,CMA,CA,AWP,WE,Towers with Radar,0,11,63,0,74,0,1,306,0,307,0,12,369,0,381,317,0,317,698
04/01/2023,CMA,CA,AWP,WE,Towers with Radar,0,9,54,0,63,0,0,312,1,313,0,9,366,1,376,336,0,336,712
04/02/2023,CMA,CA,AWP,WE,Towers with Radar,0,15,72,0,87,0,0,240,0,240,0,15,312,0,327,226,0,226,553
04/03/2023,CMA,CA,AWP,WE,Towers with Radar,0,4,28,0,32,0,0,63,0,63,0,4,91,0,95,182,0,182,277
04/04/2023,CMA,CA,AWP,WE,Towers with Radar,0,2,44,0,46,0,0,179,0,179,0,2,223,0,225,328,0,328,553
04/05/2023,CMA,CA,AWP,WE,Towers with Radar,0,5,45,0,50,0,0,190,0,190,0,5,235,0,240,252,0,252,492
04/06/2023,CMA,CA,AWP,WE,Towers with Radar,0,9,49,0,58,0,0,214,0,214,0,9,263,0,272,274,0,274,546
04/07/2023,CMA,CA,AWP,WE,Towers with Radar,0,11,52,1,64,0,0,283,1,284,0,11,335,2,348,308,0,308,656
04/08/2023,CMA,CA,AWP,WE,Towers with Radar,0,10,48,0,58,0,0,218,0,218,0,10,266,0,276,328,0,328,604
04/09/2023,CMA,CA,AWP,WE,Towers with Radar,0,19,50,0,69,0,10,108,0,118,0,29,158,0,187,152,0,152,339
04/10/2023,CMA,CA,AWP,WE,Towers with Radar,0,2,36,0,38,0,0,80,0,80,0,2,116,0,118,161,0,161,279
04/11/2023,CMA,CA,AWP,WE,Towers with Radar,0,10,59,1,70,0,0,62,0,62,0,10,121,1,132,266,0,266,398
04/12/2023,CMA,CA,AWP,WE,Towers with Radar,0,9,97,0,106,0,0,7,0,7,0,9,104,0,113,138,0,138,251
04/13/2023,CMA,CA,AWP,WE,Towers with Radar,0,2,104,2,108,0,0,85,1,86,0,2,189,3,194,318,0,318,512
04/14/2023,CMA,CA,AWP,WE,Towers with Radar,0,14,83,3,100,0,0,187,1,188,0,14,270,4,288,385,2,387,675
04/15/2023,CMA,CA,AWP,WE,Towers with Radar,0,12,55,1,68,0,0,288,1,289,0,12,343,2,357,268,2,270,627
04/16/2023,CMA,CA,AWP,WE,Towers with Radar,0,15,71,0,86,0,0,137,0,137,0,15,208,0,223,226,0,226,449
04/17/2023,CMA,CA,AWP,WE,Towers with Radar,0,5,102,0,107,0,0,23,0,23,0,5,125,0,130,276,0,276,406
04/18/2023,CMA,CA,AWP,WE,Towers with Radar,0,6,47,0,53,0,0,114,0,114,0,6,161,0,167,288,0,288,455
04/19/2023,CMA,CA,AWP,WE,Towers with Radar,0,8,54,1,63,0,0,172,0,172,0,8,226,1,235,388,0,388,623
04/20/2023,CMA,CA,AWP,WE,Towers with Radar,0,7,75,3,85,0,0,223,0,223,0,7,298,3,308,290,0,290,598
04/21/2023,CMA,CA,AWP,WE,Towers with Radar,0,6,31,0,37,0,0,263,0,263,0,6,294,0,300,272,0,272,572
04/22/2023,CMA,CA,AWP,WE,Towers with Radar,0,6,29,0,35,0,0,260,0,260,0,6,289,0,295,272,0,272,567
04/23/2023,CMA,CA,AWP,WE,Towers with Radar,0,11,58,0,69,0,0,182,0,182,0,11,240,0,251,187,0,187,438
04/24/2023,CMA,CA,AWP,WE,Towers with Radar,0,5,78,1,84,0,0,71,0,71,0,5,149,1,155,155,0,155,310
04/25/2023,CMA,CA,AWP,WE,Towers with Radar,0,12,79,0,91,0,0,90,0,90,0,12,169,0,181,302,0,302,483
04/26/2023,CMA,CA,AWP,WE,Towers with Radar,0,8,100,1,109,0,0,95,1,96,0,8,195,2,205,74,0,74,279
04/27/2023,CMA,CA,AWP,WE,Towers with Radar,0,15,73,0,88,0,0,110,0,110,0,15,183,0,198,236,0,236,434
04/28/2023,CMA,CA,AWP,WE,Towers with Radar,0,16,100,2,118,0,0,108,0,108,0,16,208,2,226,208,2,210,436
04/29/2023,CMA,CA,AWP,WE,Towers with Radar,0,8,83,0,91,0,0,110,0,110,0,8,193,0,201,224,0,224,425
04/30/2023,CMA,CA,AWP,WE,Towers with Radar,0,3,101,1,105,0,0,21,0,21,0,3,122,1,126,155,0,155,281
05/01/2023,CMA,CA,AWP,WE,Towers with Radar,0,3,66,0,69,0,0,111,0,111,0,3,177,0,180,357,1,358,538
05/02/2023,CMA,CA,AWP,WE,Towers with Radar,0,10,46,1,57,0,0,99,0,99,0,10,145,1,156,418,0,418,574
05/03/2023,CMA,CA,AWP,WE,Towers with Radar,0,14,60,0,74,0,0,99,0,99,0,14,159,0,173,310,0,310,483
05/04/2023,CMA,CA,AWP,WE,Towers with Radar,0,16,36,0,52,0,0,69,2,71,0,16,105,2,123,304,10,314,437
05/05/2023,CMA,CA,AWP,WE,Towers with Radar,0,9,64,0,73,0,0,169,0,169,0,9,233,0,242,418,0,418,660
05/06/2023,CMA,CA,AWP,WE,Towers with Radar,0,2,44,0,46,0,0,300,0,300,0,2,344,0,346,331,0,331,677
05/07/2023,CMA,CA,AWP,WE,Towers with Radar,0,8,64,0,72,0,0,257,0,257,0,8,321,0,329,186,0,186,515
05/08/2023,CMA,CA,AWP,WE,Towers with Radar,0,10,71,1,82,0,0,200,0,200,0,10,271,1,282,274,0,274,556
05/09/2023,CMA,CA,AWP,WE,Towers with Radar,0,9,89,0,98,0,0,81,1,82,0,9,170,1,180,378,0,378,558
05/10/2023,CMA,CA,AWP,WE,Towers with Radar,0,4,70,2,76,0,0,197,1,198,0,4,267,3,274,299,0,299,573
05/11/2023,CMA,CA,AWP,WE,Towers with Radar,0,9,55,0,64,0,0,196,1,197,0,9,251,1,261,306,0,306,567
05/12/2023,CMA,CA,AWP,WE,Towers with Radar,0,12,47,0,59,0,0,247,3,250,0,12,294,3,309,270,0,270,579
05/13/2023,CMA,CA,AWP,WE,Towers with Radar,0,4,88,0,92,0,0,154,2,156,0,4,242,2,248,124,0,124,372
05/14/2023,CMA,CA,AWP,WE,Towers with Radar,0,16,77,0,93,0,2,94,0,96,0,18,171,0,189,158,0,158,347
05/15/2023,CMA,CA,AWP,WE,Towers with Radar,0,6,84,4,94,0,0,30,0,30,0,6,114,4,124,100,2,102,226
05/16/2023,CMA,CA,AWP,WE,Towers with Radar,0,5,73,0,78,0,0,70,0,70,0,5,143,0,148,140,0,140,288
05/17/2023,CMA,CA,AWP,WE,Towers with Radar,0,11,100,0,111,0,0,54,0,54,0,11,154,0,165,130,0,130,295
05/18/2023,CMA,CA,AWP,WE,Towers with Radar,0,11,134,0,145,0,0,1,0,1,0,11,135,0,146,0,0,0,146
05/19/2023,CMA,CA,AWP,WE,Towers with Radar,0,9,121,0,130,0,0,29,0,29,0,9,150,0,159,372,0,372,531
05/20/2023,CMA,CA,AWP,WE,Towers with Radar,0,6,91,1,98,0,0,61,0,61,0,6,152,1,159,186,0,186,345
05/21/2023,CMA,CA,AWP,WE,Towers with Radar,0,5,100,0,105,0,0,35,0,35,0,5,135,0,140,70,0,70,210
05/22/2023,CMA,CA,AWP,WE,Towers with Radar,0,5,92,0,97,0,0,48,1,49,0,5,140,1,146,188,0,188,334
05/23/2023,CMA,CA,AWP,WE,Towers with Radar,0,17,127,0,144,0,0,7,0,7,0,17,134,0,151,82,0,82,233
05/24/2023,CMA,CA,AWP,WE,Towers with Radar,0,9,104,7,120,0,0,137,1,138,0,9,241,8,258,522,0,522,780
05/25/2023,CMA,CA,AWP,WE,Towers with Radar,0,14,119,4,137,0,0,108,0,108,0,14,227,4,245,310,0,310,555
05/26/2023,CMA,CA,AWP,WE,Towers with Radar,0,10,115,2,127,0,0,138,0,138,0,10,253,2,265,409,0,409,674
05/27/2023,CMA,CA,AWP,WE,Towers with Radar,0,5,68,0,73,0,0,143,0,143,0,5,211,0,216,342,0,342,558
05/28/2023,CMA,CA,AWP,WE,Towers with Radar,0,10,112,0,122,0,0,28,0,28,0,10,140,0,150,190,0,190,340
05/29/2023,CMA,CA,AWP,WE,Towers with Radar,0,13,93,1,107,0,0,72,0,72,0,13,165,1,179,366,0,366,545
05/30/2023,CMA,CA,AWP,WE,Towers with Radar,0,5,86,1,92,0,0,71,0,71,0,5,157,1,163,403,0,403,566
05/31/2023,CMA,CA,AWP,WE,Towers with Radar,0,6,111,1,118,0,0,88,0,88,0,6,199,1,206,276,0,276,482
06/01/2023,CMA,CA,AWP,WE,Towers with Radar,0,10,117,0,127,0,0,70,1,71,0,10,187,1,198,350,0,350,548
06/02/2023,CMA,CA,AWP,WE,Towers with Radar,0,4,84,2,90,0,0,221,0,221,0,4,305,2,311,372,0,372,683
06/03/2023,CMA,CA,AWP,WE,Towers with Radar,0,4,46,1,51,0,2,322,2,326,0,6,368,3,377,323,0,323,700
06/04/2023,CMA,CA,AWP,WE,Towers with Radar,0,6,98,0,104,0,0,40,0,40,0,6,138,0,144,162,0,162,306
06/05/2023,CMA,CA,AWP,WE,Towers with Radar,0,2,127,2,131,0,0,40,0,40,0,2,167,2,171,432,0,432,603
06/06/2023,CMA,CA,AWP,WE,Towers with Radar,0,12,63,3,78,0,0,95,0,95,0,12,158,3,173,264,0,264,437
06/07/2023,CMA,CA,AWP,WE,Towers with Radar,0,4,96,5,105,0,0,137,1,138,0,4,233,6,243,400,0,400,643
06/08/2023,CMA,CA,AWP,WE,Towers with Radar,0,7,54,1,62,0,0,144,4,148,0,7,198,5,210,432,0,432,642
06/09/2023,CMA,CA,AWP,WE,Towers with Radar,0,1,111,3,115,0,0,46,2,48,0,1,157,5,163,434,0,434,597
06/10/2023,CMA,CA,AWP,WE,Towers with Radar,0,9,87,1,97,0,0,33,0,33,0,9,120,1,130,282,0,282,412
06/11/2023,CMA,CA,AWP,WE,Towers with Radar,0,12,71,1,84,0,0,42,0,42,0,12,113,1,126,264,0,264,390
06/12/2023,CMA,CA,AWP,WE,Towers with Radar,0,5,87,0,92,0,0,91,0,91,0,5,178,0,183,376,0,376,559
06/13/2023,CMA,CA,AWP,WE,Towers with Radar,0,6,69,1,76,0,0,148,2,150,0,6,217,3,226,368,0,368,594
06/14/2023,CMA,CA,AWP,WE,Towers with Radar,0,6,129,1,136,0,0,78,1,79,0,6,207,2,215,400,8,408,623
06/15/2023,CMA,CA,AWP,WE,Towers with Radar,0,5,94,0,99,0,0,49,0,49,0,5,143,0,148,322,0,322,470
06/16/2023,CMA,CA,AWP,WE,Towers with Radar,0,9,90,0,99,0,0,125,0,125,0,9,215,0,224,330,0,330,554
06/17/2023,CMA,CA,AWP,WE,Towers with Radar,0,5,43,2,50,0,0,289,0,289,0,5,332,2,339,298,0,298,637
06/18/2023,CMA,CA,AWP,WE,Towers with Radar,0,8,64,1,73,0,0,5,0,5,0,8,69,1,78,53,0,53,131
06/19/2023,CMA,CA,AWP,WE,Towers with Radar,0,10,80,0,90,0,0,117,0,117,0,10,197,0,207,228,0,228,435
06/20/2023,CMA,CA,AWP,WE,Towers with Radar,0,11,47,0,58,0,0,262,2,264,0,11,309,2,322,320,0,320,642
06/21/2023,CMA,CA,AWP,WE,Towers with Radar,0,4,45,1,50,0,0,277,0,277,0,4,322,1,327,406,0,406,733
06/22/2023,CMA,CA,AWP,WE,Towers with Radar,0,2,73,0,75,0,0,207,1,208,0,2,280,1,283,297,12,309,592
06/23/2023,CMA,CA,AWP,WE,Towers with Radar,0,6,59,1,66,0,0,221,0,221,0,6,280,1,287,315,0,315,602
06/24/2023,CMA,CA,AWP,WE,Towers with Radar,0,2,40,0,42,0,0,290,0,290,0,2,330,0,332,270,0,270,602
06/25/2023,CMA,CA,AWP,WE,Towers with Radar,0,6,52,0,58,0,1,226,1,228,0,7,278,1,286,208,0,208,494
06/26/2023,CMA,CA,AWP,WE,Towers with Radar,0,7,48,0,55,0,0,185,0,185,0,7,233,0,240,312,0,312,552
06/27/2023,CMA,CA,AWP,WE,Towers with Radar,0,7,61,0,68,0,0,200,1,201,0,7,261,1,269,272,0,272,541
06/28/2023,CMA,CA,AWP,WE,Towers with Radar,0,8,48,0,56,0,0,137,0,137,0,8,185,0,193,222,0,222,415
06/29/2023,CMA,CA,AWP,WE,Towers with Radar,0,8,60,1,69,0,0,219,3,222,0,8,279,4,291,274,0,274,565
06/30/2023,CMA,CA,AWP,WE,Towers with Radar,0,11,74,0,85,0,0,164,1,165,0,11,238,1,250,318,0,318,568
07/01/2023,CMA,CA,AWP,WE,Towers with Radar,0,12,63,1,76,0,0,204,1,205,0,12,267,2,281,228,0,228,509
07/02/2023,CMA,CA,AWP,WE,Towers with Radar,0,8,80,0,88,0,0,127,0,127,0,8,207,0,215,238,0,238,453
07/03/2023,CMA,CA,AWP,WE,Towers with Radar,0,3,67,0,70,0,0,145,0,145,0,3,212,0,215,196,0,196,411
07/04/2023,CMA,CA,AWP,WE,Towers with Radar,0,7,62,1,70,0,0,125,0,125,0,7,187,1,195,136,0,136,331
07/05/2023,CMA,CA,AWP,WE,Towers with Radar,0,8,76,2,86,0,0,147,1,148,0,8,223,3,234,254,0,254,488
07/06/2023,CMA,CA,AWP,WE,Towers with Radar,0,14,82,0,96,0,0,210,0,210,0,14,292,0,306,290,0,290,596
07/07/2023,CMA,CA,AWP,WE,Towers with Radar,0,6,97,1,104,0,0,211,0,211,0,6,308,1,315,356,1,357,672
07/08/2023,CMA,CA,AWP,WE,Towers with Radar,0,5,71,0,76,0,0,225,0,225,0,5,296,0,301,228,0,228,529
07/09/2023,CMA,CA,AWP,WE,Towers with Radar,0,11,62,4,77,0,0,174,0,174,0,11,236,4,251,298,0,298,549
07/10/2023,CMA,CA,AWP,WE,Towers with Radar,0,7,56,2,65,0,0,225,1,226,0,7,281,3,291,326,0,326,617
07/11/2023,CMA,CA,AWP,WE,Towers with Radar,0,8,58,0,66,0,0,218,1,219,0,8,276,1,285,294,0,294,579
07/12/2023,CMA,CA,AWP,WE,Towers with Radar,0,1,51,3,55,0,0,227,0,227,0,1,278,3,282,374,0,374,656
07/13/2023,CMA,CA,AWP,WE,Towers with Radar,0,15,66,0,81,0,0,240,0,240,0,15,306,0,321,352,0,352,673
07/14/2023,CMA,CA,AWP,WE,Towers with Radar,0,8,62,6,76,0,0,248,2,250,0,8,310,8,326,310,0,310,636
07/15/2023,CMA,CA,AWP,WE,Towers with Radar,0,6,48,1,55,0,0,257,1,258,0,6,305,2,313,276,0,276,589
07/16/2023,CMA,CA,AWP,WE,Towers with Radar,0,5,51,2,58,0,0,202,2,204,0,5,253,4,262,263,0,263,525
07/17/2023,CMA,CA,AWP,WE,Towers with Radar,0,5,57,2,64,0,0,209,0,209,0,5,266,2,273,296,0,296,569
07/18/2023,CMA,CA,AWP,WE,Towers with Radar,0,8,85,1,94,0,0,249,2,251,0,8,334,3,345,406,0,406,751
07/19/2023,CMA,CA,AWP,WE,Towers with Radar,0,2,73,0,75,0,0,243,0,243,0,2,316,0,318,296,0,296,614
07/20/2023,CMA,CA,AWP,WE,Towers with Radar,0,5,38,0,43,0,0,226,0,226,0,5,264,0,269,404,0,404,673
07/21/2023,CMA,CA,AWP,WE,Towers with Radar,0,1,28,2,31,0,0,162,0,162,0,1,190,2,193,234,0,234,427
07/22/2023,CMA,CA,AWP,WE,Towers with Radar,0,0,0,0,0,0,0,0,0,0,0,0,0,0,0,0,0,0,0
07/23/2023,CMA,CA,AWP,WE,Towers with Radar,0,5,60,6,71,0,0,180,0,180,0,5,240,6,251,204,0,204,455
07/24/2023,CMA,CA,AWP,WE,Towers with Radar,0,11,44,1,56,0,0,162,0,162,0,11,206,1,218,310,0,310,528
07/25/2023,CMA,CA,AWP,WE,Towers with Radar,0,4,68,1,73,0,0,156,0,156,0,4,224,1,229,322,0,322,551
07/26/2023,CMA,CA,AWP,WE,Towers with Radar,0,9,71,0,80,0,1,190,5,196,0,10,261,5,276,370,0,370,646
07/27/2023,CMA,CA,AWP,WE,Towers with Radar,1,7,58,0,66,0,5,231,0,236,1,12,289,0,302,398,0,398,700
07/28/2023,CMA,CA,AWP,WE,Towers with Radar,0,6,44,0,50,0,0,268,0,268,0,6,312,0,318,540,0,540,858
07/29/2023,CMA,CA,AWP,WE,Towers with Radar,0,5,41,0,46,0,2,175,0,177,0,7,216,0,223,310,0,310,533
07/30/2023,CMA,CA,AWP,WE,Towers with Radar,0,0,85,0,85,0,1,126,1,128,0,1,211,1,213,210,0,210,423
07/31/2023,CMA,CA,AWP,WE,Towers with Radar,0,9,66,0,75,0,1,179,0,180,0,10,245,0,255,304,0,304,559
08/01/2023,CMA,CA,AWP,WE,Towers with Radar,0,12,74,0,86,0,0,188,0,188,0,12,262,0,274,348,0,348,622
08/02/2023,CMA,CA,AWP,WE,Towers with Radar,0,7,53,1,61,0,0,193,0,193,0,7,246,1,254,394,0,394,648
08/03/2023,CMA,CA,AWP,WE,Towers with Radar,0,6,62,0,68,0,0,244,0,244,0,6,306,0,312,236,0,236,548
08/04/2023,CMA,CA,AWP,WE,Towers with Radar,0,5,43,1,49,0,0,259,1,260,0,5,302,2,309,329,0,329,638
08/05/2023,CMA,CA,AWP,WE,Towers with Radar,0,9,53,0,62,0,0,259,0,259,0,9,312,0,321,258,0,258,579
08/06/2023,CMA,CA,AWP,WE,Towers with Radar,0,11,57,0,68,0,2,224,0,226,0,13,281,0,294,278,0,278,572
08/07/2023,CMA,CA,AWP,WE,Towers with Radar,0,6,51,3,60,0,1,152,0,153,0,7,203,3,213,228,0,228,441
08/08/2023,CMA,CA,AWP,WE,Towers with Radar,0,11,65,1,77,0,0,200,0,200,0,11,265,1,277,292,0,292,569
08/09/2023,CMA,CA,AWP,WE,Towers with Radar,0,6,45,0,51,0,0,90,0,90,0,6,135,0,141,204,0,204,345
08/10/2023,CMA,CA,AWP,WE,Towers with Radar,0,5,59,2,66,0,0,98,1,99,0,5,157,3,165,364,0,364,529
08/11/2023,CMA,CA,AWP,WE,Towers with Radar,0,5,95,2,102,0,0,111,0,111,0,5,206,2,213,336,0,336,549
08/12/2023,CMA,CA,AWP,WE,Towers with Radar,0,10,63,0,73,0,0,190,1,191,0,10,253,1,264,226,0,226,490
08/13/2023,CMA,CA,AWP,WE,Towers with Radar,0,6,72,1,79,0,0,205,0,205,0,6,277,1,284,124,0,124,408
08/14/2023,CMA,CA,AWP,WE,Towers with Radar,0,7,85,0,92,0,0,101,2,103,0,7,186,2,195,120,8,128,323
08/15/2023,CMA,CA,AWP,WE,Towers with Radar,0,7,78,3,88,0,0,124,3,127,0,7,202,6,215,272,0,272,487
08/16/2023,CMA,CA,AWP,WE,Towers with Radar,0,10,65,1,76,0,0,149,0,149,0,10,214,1,225,312,0,312,537
08/17/2023,CMA,CA,AWP,WE,Towers with Radar,0,6,74,1,81,0,0,122,1,123,0,6,196,2,204,188,0,188,392
08/18/2023,CMA,CA,AWP,WE,Towers with Radar,0,11,52,1,64,0,14,112,1,127,0,25,164,2,191,136,0,136,327
08/19/2023,CMA,CA,AWP,WE,Towers with Radar,0,4,27,0,31,0,0,92,0,92,0,4,119,0,123,98,0,98,221
08/20/2023,CMA,CA,AWP,WE,Towers with Radar,0,0,8,3,11,0,0,14,0,14,0,0,22,3,25,0,0,0,25
08/21/2023,CMA,CA,AWP,WE,Towers with Radar,0,4,47,0,51,0,0,69,0,69,0,4,116,0,120,208,0,208,328
08/22/2023,CMA,CA,AWP,WE,Towers with Radar,0,6,46,0,52,0,0,243,0,243,0,6,289,0,295,424,0,424,719
08/23/2023,CMA,CA,AWP,WE,Towers with Radar,0,2,61,0,63,0,0,206,1,207,0,2,267,1,270,210,0,210,480
08/24/2023,CMA,CA,AWP,WE,Towers with Radar,0,8,82,0,90,0,0,120,0,120,0,8,202,0,210,158,0,158,368
08/25/2023,CMA,CA,AWP,WE,Towers with Radar,0,7,45,0,52,0,32,162,0,194,0,39,207,0,246,250,0,250,496
08/26/2023,CMA,CA,AWP,WE,Towers with Radar,0,9,54,0,63,0,1,282,1,284,0,10,336,1,347,250,0,250,597
08/27/2023,CMA,CA,AWP,WE,Towers with Radar,0,9,62,0,71,0,0,215,0,215,0,9,277,0,286,362,0,362,648
08/28/2023,CMA,CA,AWP,WE,Towers with Radar,0,2,37,0,39,0,0,150,0,150,0,2,187,0,189,210,0,210,399
08/29/2023,CMA,CA,AWP,WE,Towers with Radar,0,9,55,1,65,0,0,198,2,200,0,9,253,3,265,222,0,222,487
08/30/2023,CMA,CA,AWP,WE,Towers with Radar,0,6,60,0,66,0,0,159,0,159,0,6,219,0,225,321,4,325,550
08/31/2023,CMA,CA,AWP,WE,Towers with Radar,0,24,76,0,100,0,1,150,0,151,0,25,226,0,251,122,0,122,373
