01/01/2000,CMH,OH,AGL,CE,Towers with Radar,88,65,25,0,178,37,0,33,0,70,125,65,58,0,248,13,0,13,261
01/02/2000,CMH,OH,AGL,CE,Towers with Radar,154,141,43,1,339,53,0,28,0,81,207,141,71,1,420,34,0,34,454
01/03/2000,CMH,OH,AGL,CE,Towers with Radar,184,203,46,3,436,47,4,0,0,51,231,207,46,3,487,0,0,0,487
01/04/2000,CMH,OH,AGL,CE,Towers with Radar,214,245,63,1,523,0,53,16,0,69,214,298,79,1,592,4,0,4,596
01/05/2000,CMH,OH,AGL,CE,Towers with Radar,159,173,47,1,380,0,0,40,0,40,159,173,87,1,420,11,0,11,431
01/06/2000,CMH,OH,AGL,CE,Towers with Radar,221,295,78,4,598,0,0,128,5,133,221,295,206,9,731,27,0,27,758
01/07/2000,CMH,OH,AGL,CE,Towers with Radar,222,271,69,1,563,0,5,54,0,59,222,276,123,1,622,10,0,10,632
01/08/2000,CMH,OH,AGL,CE,Towers with Radar,152,129,43,0,324,10,0,75,0,85,162,129,118,0,409,68,0,68,477
01/09/2000,CMH,OH,AGL,CE,Towers with Radar,129,126,36,0,291,60,0,8,0,68,189,126,44,0,359,10,0,10,369
01/10/2000,CMH,OH,AGL,CE,Towers with Radar,201,217,57,1,476,16,0,56,0,72,217,217,113,1,548,20,0,20,568
01/11/2000,CMH,OH,AGL,CE,Towers with Radar,218,280,72,4,574,0,41,64,0,105,218,321,136,4,679,27,0,27,706
01/12/2000,CMH,OH,AGL,CE,Towers with Radar,227,318,81,2,628,0,22,99,0,121,227,340,180,2,749,9,0,9,758
01/13/2000,CMH,OH,AGL,CE,Towers with Radar,224,275,70,3,572,0,34,25,0,59,224,309,95,3,631,10,0,10,641
01/14/2000,CMH,OH,AGL,CE,Towers with Radar,218,250,73,2,543,0,0,99,0,99,218,250,172,2,642,18,0,18,660
01/15/2000,CMH,OH,AGL,CE,Towers with Radar,141,108,40,0,289,30,0,54,0,84,171,108,94,0,373,23,0,23,396
01/16/2000,CMH,OH,AGL,CE,Towers with Radar,144,155,40,1,340,53,0,41,4,98,197,155,81,5,438,12,0,12,450
01/17/2000,CMH,OH,AGL,CE,Towers with Radar,176,178,50,2,406,34,0,105,0,139,210,178,155,2,545,24,0,24,569
01/18/2000,CMH,OH,AGL,CE,Towers with Radar,218,238,62,1,519,0,0,50,0,50,218,238,112,1,569,10,0,10,579
01/19/2000,CMH,OH,AGL,CE,Towers with Radar,215,287,74,0,576,0,31,92,0,123,215,318,166,0,699,0,0,0,699
01/20/2000,CMH,OH,AGL,CE,Towers with Radar,204,250,65,2,521,0,49,18,5,72,204,299,83,7,593,0,0,0,593
01/21/2000,CMH,OH,AGL,CE,Towers with Radar,218,245,64,2,529,0,7,83,3,93,218,252,147,5,622,15,0,15,637
01/22/2000,CMH,OH,AGL,CE,Towers with Radar,147,112,42,1,302,38,0,9,0,47,185,112,51,1,349,4,0,4,353
01/23/2000,CMH,OH,AGL,CE,Towers with Radar,122,133,35,1,291,67,6,3,3,79,189,139,38,4,370,2,0,2,372
01/24/2000,CMH,OH,AGL,CE,Towers with Radar,217,237,62,2,518,1,15,85,3,104,218,252,147,5,622,15,0,15,637
01/25/2000,CMH,OH,AGL,CE,Towers with Radar,170,246,64,2,482,0,38,53,4,95,170,284,117,6,577,12,0,12,589
01/26/2000,CMH,OH,AGL,CE,Towers with Radar,203,289,75,3,570,0,9,92,0,101,203,298,167,3,671,37,0,37,708
01/27/2000,CMH,OH,AGL,CE,Towers with Radar,213,305,80,3,601,0,0,130,2,132,213,305,210,5,733,18,0,18,751
01/28/2000,CMH,OH,AGL,CE,Towers with Radar,214,258,70,3,545,0,0,79,4,83,214,258,149,7,628,38,1,39,667
01/29/2000,CMH,OH,AGL,CE,Towers with Radar,128,116,37,1,282,26,0,58,0,84,154,116,95,1,366,20,0,20,386
01/30/2000,CMH,OH,AGL,CE,Towers with Radar,113,124,33,0,270,67,16,41,0,124,180,140,74,0,394,6,0,6,400
01/31/2000,CMH,OH,AGL,CE,Towers with Radar,202,217,58,1,478,15,0,55,0,70,217,217,113,1,548,20,0,20,568
02/01/2000,CMH,OH,AGL,CE,Towers with Radar,216,297,83,5,601,0,42,28,0,70,216,339,111,5,671,12,0,12,683
02/02/2000,CMH,OH,AGL,CE,Towers with Radar,213,308,87,4,612,0,16,118,0,134,213,324,205,4,746,52,0,52,798
02/03/2000,CMH,OH,AGL,CE,Towers with Radar,202,268,75,3,548,0,49,28,0,77,202,317,103,3,625,16,0,16,641
02/04/2000,CMH,OH,AGL,CE,Towers with Radar,214,265,74,4,557,0,25,24,3,52,214,290,98,7,609,0,0,0,609
02/05/2000,CMH,OH,AGL,CE,Towers with Radar,131,120,44,1,296,30,0,74,0,104,161,120,118,1,400,62,0,62,462
02/06/2000,CMH,OH,AGL,CE,Towers with Radar,133,139,45,2,319,62,0,31,0,93,195,139,76,2,412,86,0,86,498
02/07/2000,CMH,OH,AGL,CE,Towers with Radar,185,223,62,3,473,24,19,64,0,107,209,242,126,3,580,26,0,26,606
02/08/2000,CMH,OH,AGL,CE,Towers with Radar,233,311,89,0,633,0,0,105,0,105,233,311,194,0,738,46,0,46,784
02/09/2000,CMH,OH,AGL,CE,Towers with Radar,220,327,93,5,645,0,17,125,8,150,220,344,218,13,795,54,0,54,849
02/10/2000,CMH,OH,AGL,CE,Towers with Radar,217,316,90,2,625,0,5,70,0,75,217,321,160,2,700,12,0,12,712
02/11/2000,CMH,OH,AGL,CE,Towers with Radar,211,254,72,2,539,2,18,13,0,33,213,272,85,2,572,41,0,41,613
02/12/2000,CMH,OH,AGL,CE,Towers with Radar,146,127,50,1,324,22,0,101,0,123,168,127,151,1,447,33,0,33,480
02/13/2000,CMH,OH,AGL,CE,Towers with Radar,113,134,26,0,273,74,0,0,0,74,187,134,26,0,347,12,0,12,359
02/14/2000,CMH,OH,AGL,CE,Towers with Radar,179,214,61,0,454,40,1,33,0,74,219,215,94,0,528,24,0,24,552
02/15/2000,CMH,OH,AGL,CE,Towers with Radar,179,214,61,0,454,40,1,104,0,145,219,215,165,0,599,68,2,70,669
02/16/2000,CMH,OH,AGL,CE,Towers with Radar,212,292,83,4,591,0,28,60,0,88,212,320,143,4,679,29,0,29,708
02/17/2000,CMH,OH,AGL,CE,Towers with Radar,211,314,90,4,619,0,11,121,3,135,211,325,211,7,754,58,0,58,812
02/18/2000,CMH,OH,AGL,CE,Towers with Radar,174,208,60,0,442,10,49,1,0,60,184,257,61,0,502,10,0,10,512
02/19/2000,CMH,OH,AGL,CE,Towers with Radar,132,120,45,2,299,56,0,14,0,70,188,120,59,2,369,0,0,0,369
02/20/2000,CMH,OH,AGL,CE,Towers with Radar,133,155,45,2,335,60,0,44,4,108,193,155,89,6,443,36,0,36,479
02/21/2000,CMH,OH,AGL,CE,Towers with Radar,205,193,70,3,471,11,0,129,0,140,216,193,199,3,611,26,0,26,637
02/22/2000,CMH,OH,AGL,CE,Towers with Radar,217,270,82,4,573,0,0,100,2,102,217,270,182,6,675,45,0,45,720
02/23/2000,CMH,OH,AGL,CE,Towers with Radar,220,351,100,5,676,0,10,122,3,135,220,361,222,8,811,12,0,12,823
02/24/2000,CMH,OH,AGL,CE,Towers with Radar,219,324,92,4,639,0,17,71,2,90,219,341,163,6,729,42,0,42,771
02/25/2000,CMH,OH,AGL,CE,Towers with Radar,216,263,87,4,570,0,0,73,5,78,216,263,160,9,648,0,90,90,738
02/26/2000,CMH,OH,AGL,CE,Towers with Radar,138,126,47,2,313,51,0,39,2,92,189,126,86,4,405,26,0,26,431
02/27/2000,CMH,OH,AGL,CE,Towers with Radar,145,149,49,1,344,54,0,43,0,97,199,149,92,1,441,4,0,4,445
02/28/2000,CMH,OH,AGL,CE,Towers with Radar,217,258,73,2,550,5,0,66,0,71,222,258,139,2,621,5,0,5,626
02/29/2000,CMH,OH,AGL,CE,Towers with Radar,220,314,88,4,626,0,25,141,0,166,220,339,229,4,792,0,0,0,792
03/01/2000,CMH,OH,AGL,CE,Towers with Radar,219,338,65,6,628,0,1,61,0,62,219,339,126,6,690,14,0,14,704
03/02/2000,CMH,OH,AGL,CE,Towers with Radar,213,345,83,3,644,0,1,40,0,41,213,346,123,3,685,80,0,80,765
03/03/2000,CMH,OH,AGL,CE,Towers with Radar,213,284,68,5,570,0,1,101,0,102,213,285,169,5,672,41,0,41,713
03/04/2000,CMH,OH,AGL,CE,Towers with Radar,171,146,41,1,359,0,1,94,0,95,171,147,135,1,454,17,0,17,471
03/05/2000,CMH,OH,AGL,CE,Towers with Radar,152,177,53,1,383,37,0,99,0,136,189,177,152,1,519,86,0,86,605
03/06/2000,CMH,OH,AGL,CE,Towers with Radar,215,263,76,5,559,0,1,139,1,141,215,264,215,6,700,76,0,76,776
03/07/2000,CMH,OH,AGL,CE,Towers with Radar,209,359,82,3,653,0,1,143,1,145,209,360,225,4,798,63,0,63,861
03/08/2000,CMH,OH,AGL,CE,Towers with Radar,208,348,84,3,643,0,1,95,1,97,208,349,179,4,740,40,0,40,780
03/09/2000,CMH,OH,AGL,CE,Towers with Radar,206,334,97,1,638,0,1,46,1,48,206,335,143,2,686,18,0,18,704
03/10/2000,CMH,OH,AGL,CE,Towers with Radar,225,293,118,0,636,0,1,79,0,80,225,294,197,0,716,112,0,112,828
03/11/2000,CMH,OH,AGL,CE,Towers with Radar,182,119,11,0,312,0,1,10,0,11,182,120,21,0,323,0,0,0,323
03/12/2000,CMH,OH,AGL,CE,Towers with Radar,141,174,50,1,366,50,0,45,0,95,191,174,95,1,461,24,0,24,485
03/13/2000,CMH,OH,AGL,CE,Towers with Radar,206,246,79,6,537,0,1,82,0,83,206,247,161,6,620,0,0,0,620
03/14/2000,CMH,OH,AGL,CE,Towers with Radar,205,354,92,8,659,0,1,120,0,121,205,355,212,8,780,42,0,42,822
03/15/2000,CMH,OH,AGL,CE,Towers with Radar,208,355,101,1,665,0,1,58,0,59,208,356,159,1,724,26,0,26,750
03/16/2000,CMH,OH,AGL,CE,Towers with Radar,209,323,100,4,636,0,1,18,0,19,209,324,118,4,655,12,0,12,667
03/17/2000,CMH,OH,AGL,CE,Towers with Radar,222,285,80,5,592,0,1,76,0,77,222,286,156,5,669,0,0,0,669
03/18/2000,CMH,OH,AGL,CE,Towers with Radar,177,157,47,5,386,0,1,114,0,115,177,158,161,5,501,46,0,46,547
03/19/2000,CMH,OH,AGL,CE,Towers with Radar,144,161,51,0,356,52,0,7,0,59,196,161,58,0,415,11,0,11,426
03/20/2000,CMH,OH,AGL,CE,Towers with Radar,209,256,57,5,527,0,1,60,0,61,209,257,117,5,588,34,0,34,622
03/21/2000,CMH,OH,AGL,CE,Towers with Radar,208,344,99,0,651,0,1,71,0,72,208,345,170,0,723,42,0,42,765
03/22/2000,CMH,OH,AGL,CE,Towers with Radar,203,302,84,0,589,0,13,59,0,72,203,315,143,0,661,7,0,7,668
03/23/2000,CMH,OH,AGL,CE,Towers with Radar,216,331,89,10,646,0,1,112,0,113,216,332,201,10,759,15,0,15,774
03/24/2000,CMH,OH,AGL,CE,Towers with Radar,219,288,87,7,601,0,1,135,0,136,219,289,222,7,737,15,0,15,752
03/25/2000,CMH,OH,AGL,CE,Towers with Radar,276,238,62,3,579,0,1,74,0,75,276,239,136,3,654,42,0,42,696
03/26/2000,CMH,OH,AGL,CE,Towers with Radar,159,179,57,2,397,28,0,96,1,125,187,179,153,3,522,45,0,45,567
03/27/2000,CMH,OH,AGL,CE,Towers with Radar,211,264,53,0,528,0,1,67,0,68,211,265,120,0,596,18,0,18,614
03/28/2000,CMH,OH,AGL,CE,Towers with Radar,213,343,86,2,644,0,1,91,0,92,213,344,177,2,736,2,0,2,738
03/29/2000,CMH,OH,AGL,CE,Towers with Radar,212,300,84,3,599,0,32,116,2,150,212,332,200,5,749,45,0,45,794
03/30/2000,CMH,OH,AGL,CE,Towers with Radar,224,315,122,11,672,0,1,110,0,111,224,316,232,11,783,16,0,16,799
03/31/2000,CMH,OH,AGL,CE,Towers with Radar,221,268,103,6,598,0,0,145,0,145,221,268,248,6,743,22,0,22,765
04/01/2000,CMH,OH,AGL,CE,Towers with Radar,164,163,61,3,391,10,0,75,0,85,174,163,136,3,476,23,0,23,499
04/02/2000,CMH,OH,AGL,CE,Towers with Radar,156,168,43,1,368,50,0,0,0,50,206,168,43,1,418,0,0,0,418
04/03/2000,CMH,OH,AGL,CE,Towers with Radar,204,255,57,0,516,0,5,5,0,10,204,260,62,0,526,0,0,0,526
04/04/2000,CMH,OH,AGL,CE,Towers with Radar,214,263,55,3,535,0,5,41,0,46,214,268,96,3,581,10,0,10,591
04/05/2000,CMH,OH,AGL,CE,Towers with Radar,219,335,89,3,646,0,5,114,0,119,219,340,203,3,765,61,0,61,826
04/06/2000,CMH,OH,AGL,CE,Towers with Radar,204,318,73,6,601,0,5,67,0,72,204,323,140,6,673,4,0,4,677
04/07/2000,CMH,OH,AGL,CE,Towers with Radar,204,318,73,6,601,0,5,31,0,36,204,323,104,6,637,0,20,20,657
04/08/2000,CMH,OH,AGL,CE,Towers with Radar,174,145,34,2,355,0,5,15,0,20,174,150,49,2,375,0,0,0,375
04/09/2000,CMH,OH,AGL,CE,Towers with Radar,156,161,55,0,372,45,0,49,0,94,201,161,104,0,466,25,0,25,491
04/10/2000,CMH,OH,AGL,CE,Towers with Radar,226,247,82,1,556,0,5,102,0,107,226,252,184,1,663,62,0,62,725
04/11/2000,CMH,OH,AGL,CE,Towers with Radar,226,247,83,1,557,0,5,43,0,48,226,252,126,1,605,19,0,19,624
04/12/2000,CMH,OH,AGL,CE,Towers with Radar,213,330,95,6,644,0,5,103,0,108,213,335,198,6,752,78,0,78,830
04/13/2000,CMH,OH,AGL,CE,Towers with Radar,215,334,103,1,653,0,11,206,0,217,215,345,309,1,870,29,0,29,899
04/14/2000,CMH,OH,AGL,CE,Towers with Radar,213,283,78,4,578,0,5,139,0,144,213,288,217,4,722,52,0,52,774
04/15/2000,CMH,OH,AGL,CE,Towers with Radar,175,149,103,5,432,0,5,240,0,245,175,154,343,5,677,21,0,21,698
04/16/2000,CMH,OH,AGL,CE,Towers with Radar,158,164,58,2,382,29,0,125,2,156,187,164,183,4,538,38,0,38,576
04/17/2000,CMH,OH,AGL,CE,Towers with Radar,208,232,62,3,505,0,5,40,0,45,208,237,102,3,550,0,0,0,550
04/18/2000,CMH,OH,AGL,CE,Towers with Radar,208,232,62,3,505,0,5,14,0,19,208,237,76,3,524,24,0,24,548
04/19/2000,CMH,OH,AGL,CE,Towers with Radar,211,331,109,5,656,0,0,112,9,121,211,331,221,14,777,61,0,61,838
04/20/2000,CMH,OH,AGL,CE,Towers with Radar,201,306,103,6,616,0,5,37,0,42,201,311,140,6,658,33,0,33,691
04/21/2000,CMH,OH,AGL,CE,Towers with Radar,210,244,67,5,526,0,5,31,0,36,210,249,98,5,562,0,0,0,562
04/22/2000,CMH,OH,AGL,CE,Towers with Radar,152,138,81,2,373,0,5,27,0,32,152,143,108,2,405,34,0,34,439
04/23/2000,CMH,OH,AGL,CE,Towers with Radar,143,165,53,0,361,49,3,38,0,90,192,168,91,0,451,4,0,4,455
04/24/2000,CMH,OH,AGL,CE,Towers with Radar,193,163,36,0,392,0,5,25,0,30,193,168,61,0,422,30,0,30,452
04/25/2000,CMH,OH,AGL,CE,Towers with Radar,215,252,79,1,547,4,7,131,0,142,219,259,210,1,689,20,0,20,709
04/26/2000,CMH,OH,AGL,CE,Towers with Radar,216,342,99,7,664,0,5,97,0,102,216,347,196,7,766,47,0,47,813
04/27/2000,CMH,OH,AGL,CE,Towers with Radar,210,333,94,15,652,0,4,124,0,128,210,337,218,15,780,58,0,58,838
04/28/2000,CMH,OH,AGL,CE,Towers with Radar,220,274,95,8,597,0,4,101,0,105,220,278,196,8,702,70,0,70,772
04/29/2000,CMH,OH,AGL,CE,Towers with Radar,153,167,56,2,378,10,0,59,0,69,163,167,115,2,447,33,0,33,480
04/30/2000,CMH,OH,AGL,CE,Towers with Radar,161,177,59,2,399,36,0,95,0,131,197,177,154,2,530,41,0,41,571
05/01/2000,CMH,OH,AGL,CE,Towers with Radar,214,263,46,4,527,0,3,51,0,54,214,266,97,4,581,4,0,4,585
05/02/2000,CMH,OH,AGL,CE,Towers with Radar,219,339,63,11,632,0,3,90,1,94,219,342,153,12,726,53,0,53,779
05/03/2000,CMH,OH,AGL,CE,Towers with Radar,216,320,101,6,643,0,3,127,1,131,216,323,228,7,774,52,0,52,826
05/04/2000,CMH,OH,AGL,CE,Towers with Radar,210,310,89,9,618,0,3,102,1,106,210,313,191,10,724,27,0,27,751
05/05/2000,CMH,OH,AGL,CE,Towers with Radar,227,280,80,7,594,0,3,118,0,121,227,283,198,7,715,40,0,40,755
05/06/2000,CMH,OH,AGL,CE,Towers with Radar,172,138,31,1,342,0,3,62,0,65,172,141,93,1,407,36,0,36,443
05/07/2000,CMH,OH,AGL,CE,Towers with Radar,147,156,51,2,356,48,0,50,0,98,195,156,101,2,454,3,0,3,457
05/08/2000,CMH,OH,AGL,CE,Towers with Radar,211,248,76,5,540,0,3,85,0,88,211,251,161,5,628,36,0,36,664
05/09/2000,CMH,OH,AGL,CE,Towers with Radar,227,317,91,7,642,0,3,72,0,75,227,320,163,7,717,3,0,3,720
05/10/2000,CMH,OH,AGL,CE,Towers with Radar,215,301,89,4,609,0,3,64,0,67,215,304,153,4,676,68,0,68,744
05/11/2000,CMH,OH,AGL,CE,Towers with Radar,214,307,113,8,642,0,3,111,0,114,214,310,224,8,756,72,0,72,828
05/12/2000,CMH,OH,AGL,CE,Towers with Radar,213,275,78,10,576,0,3,68,0,71,213,278,146,10,647,0,0,0,647
05/13/2000,CMH,OH,AGL,CE,Towers with Radar,159,132,31,3,325,0,3,46,0,49,159,135,77,3,374,15,0,15,389
05/14/2000,CMH,OH,AGL,CE,Towers with Radar,196,152,29,2,379,0,3,61,0,64,196,155,90,2,443,38,0,38,481
05/15/2000,CMH,OH,AGL,CE,Towers with Radar,217,254,84,9,564,0,3,103,0,106,217,257,187,9,670,60,6,66,736
05/16/2000,CMH,OH,AGL,CE,Towers with Radar,219,345,98,11,673,0,3,111,0,114,219,348,209,11,787,6,0,6,793
05/17/2000,CMH,OH,AGL,CE,Towers with Radar,218,337,85,9,649,0,3,91,0,94,218,340,176,9,743,0,0,0,743
05/18/2000,CMH,OH,AGL,CE,Towers with Radar,212,290,92,15,609,0,3,63,0,66,212,293,155,15,675,3,0,3,678
05/19/2000,CMH,OH,AGL,CE,Towers with Radar,232,285,94,8,619,0,3,79,0,82,232,288,173,8,701,11,0,11,712
05/20/2000,CMH,OH,AGL,CE,Towers with Radar,182,170,50,13,415,0,3,31,0,34,182,173,81,13,449,1,0,1,450
05/21/2000,CMH,OH,AGL,CE,Towers with Radar,173,176,61,4,414,37,0,55,2,94,210,176,116,6,508,45,0,45,553
05/22/2000,CMH,OH,AGL,CE,Towers with Radar,227,245,129,4,605,0,3,84,0,87,227,248,213,4,692,7,0,7,699
05/23/2000,CMH,OH,AGL,CE,Towers with Radar,234,322,105,2,663,0,3,25,0,28,234,325,130,2,691,12,0,12,703
05/24/2000,CMH,OH,AGL,CE,Towers with Radar,227,285,88,2,602,0,18,67,0,85,227,303,155,2,687,0,0,0,687
05/25/2000,CMH,OH,AGL,CE,Towers with Radar,231,350,137,6,724,0,2,123,1,126,231,352,260,7,850,59,0,59,909
05/26/2000,CMH,OH,AGL,CE,Towers with Radar,219,290,82,3,594,0,2,106,1,109,219,292,188,4,703,38,0,38,741
05/27/2000,CMH,OH,AGL,CE,Towers with Radar,147,124,23,2,296,0,2,26,1,29,147,126,49,3,325,20,0,20,345
05/28/2000,CMH,OH,AGL,CE,Towers with Radar,120,114,34,2,270,67,0,0,0,67,187,114,34,2,337,0,0,0,337
05/29/2000,CMH,OH,AGL,CE,Towers with Radar,165,164,58,2,389,37,0,37,0,74,202,164,95,2,463,38,0,38,501
05/30/2000,CMH,OH,AGL,CE,Towers with Radar,223,259,84,5,571,0,2,80,0,82,223,261,164,5,653,0,0,0,653
05/31/2000,CMH,OH,AGL,CE,Towers with Radar,212,318,128,4,662,0,2,108,0,110,212,320,236,4,772,25,0,25,797
06/01/2000,CMH,OH,AGL,CE,Towers with Radar,232,338,89,10,669,0,2,88,0,90,232,340,177,10,759,24,0,24,783
06/02/2000,CMH,OH,AGL,CE,Towers with Radar,216,285,96,9,606,0,2,72,0,74,216,287,168,9,680,26,0,26,706
06/03/2000,CMH,OH,AGL,CE,Towers with Radar,194,160,40,2,396,0,2,82,0,84,194,162,122,2,480,5,0,5,485
06/04/2000,CMH,OH,AGL,CE,Towers with Radar,149,176,56,1,382,56,0,60,0,116,205,176,116,1,498,4,0,4,502
06/05/2000,CMH,OH,AGL,CE,Towers with Radar,222,254,93,3,572,0,1,38,0,39,222,255,131,3,611,0,0,0,611
06/06/2000,CMH,OH,AGL,CE,Towers with Radar,221,368,78,15,682,0,1,57,0,58,221,369,135,15,740,2,0,2,742
06/07/2000,CMH,OH,AGL,CE,Towers with Radar,233,346,93,11,683,0,1,142,0,143,233,347,235,11,826,8,0,8,834
06/08/2000,CMH,OH,AGL,CE,Towers with Radar,240,339,105,14,698,0,1,147,0,148,240,340,252,14,846,26,0,26,872
06/09/2000,CMH,OH,AGL,CE,Towers with Radar,235,275,98,3,611,0,1,101,0,102,235,276,199,3,713,14,0,14,727
06/10/2000,CMH,OH,AGL,CE,Towers with Radar,188,150,34,3,375,0,1,86,0,87,188,151,120,3,462,32,0,32,494
06/11/2000,CMH,OH,AGL,CE,Towers with Radar,161,175,59,5,400,39,0,38,22,99,200,175,97,27,499,0,0,0,499
06/12/2000,CMH,OH,AGL,CE,Towers with Radar,219,260,71,3,553,0,1,45,0,46,219,261,116,3,599,19,0,19,618
06/13/2000,CMH,OH,AGL,CE,Towers with Radar,220,358,98,9,685,0,1,82,0,83,220,359,180,9,768,8,0,8,776
06/14/2000,CMH,OH,AGL,CE,Towers with Radar,209,303,107,10,629,0,1,66,0,67,209,304,173,10,696,40,0,40,736
06/15/2000,CMH,OH,AGL,CE,Towers with Radar,201,310,104,5,620,0,1,81,0,82,201,311,185,5,702,21,0,21,723
06/16/2000,CMH,OH,AGL,CE,Towers with Radar,220,269,109,6,604,0,1,43,0,44,220,270,152,6,648,4,0,4,652
06/17/2000,CMH,OH,AGL,CE,Towers with Radar,194,168,40,4,406,0,1,37,0,38,194,169,77,4,444,36,0,36,480
06/18/2000,CMH,OH,AGL,CE,Towers with Radar,219,164,44,4,431,0,1,19,0,20,219,165,63,4,451,0,0,0,451
06/19/2000,CMH,OH,AGL,CE,Towers with Radar,223,253,103,1,580,0,1,117,0,118,223,254,220,1,698,0,6,6,704
06/20/2000,CMH,OH,AGL,CE,Towers with Radar,230,341,112,5,688,0,1,66,0,67,230,342,178,5,755,0,0,0,755
06/21/2000,CMH,OH,AGL,CE,Towers with Radar,217,333,80,11,641,0,1,56,0,57,217,334,136,11,698,10,0,10,708
06/22/2000,CMH,OH,AGL,CE,Towers with Radar,233,346,82,4,665,0,1,81,0,82,233,347,163,4,747,2,0,2,749
06/23/2000,CMH,OH,AGL,CE,Towers with Radar,221,293,67,6,587,0,1,126,0,127,221,294,193,6,714,16,0,16,730
06/24/2000,CMH,OH,AGL,CE,Towers with Radar,177,178,38,2,395,0,1,61,0,62,177,179,99,2,457,30,0,30,487
06/25/2000,CMH,OH,AGL,CE,Towers with Radar,196,167,46,6,415,0,1,46,0,47,196,168,92,6,462,22,0,22,484
06/26/2000,CMH,OH,AGL,CE,Towers with Radar,223,257,98,7,585,0,1,88,0,89,223,258,186,7,674,32,0,32,706
06/27/2000,CMH,OH,AGL,CE,Towers with Radar,221,370,92,10,693,0,1,104,0,105,221,371,196,10,798,2,0,2,800
06/28/2000,CMH,OH,AGL,CE,Towers with Radar,221,357,99,7,684,0,1,142,0,143,221,358,241,7,827,51,0,51,878
06/29/2000,CMH,OH,AGL,CE,Towers with Radar,238,346,140,12,736,0,1,91,0,92,238,347,231,12,828,44,0,44,872
06/30/2000,CMH,OH,AGL,CE,Towers with Radar,227,312,109,4,652,0,1,133,0,134,227,313,242,4,786,32,0,32,818
07/01/2000,CMH,OH,AGL,CE,Towers with Radar,160,166,58,2,386,31,0,56,0,87,191,166,114,2,473,3,0,3,476
07/02/2000,CMH,OH,AGL,CE,Towers with Radar,198,152,35,3,388,1,2,72,0,75,199,154,107,3,463,10,0,10,473
07/03/2000,CMH,OH,AGL,CE,Towers with Radar,185,195,15,7,402,1,2,18,0,21,186,197,33,7,423,26,0,26,449
07/04/2000,CMH,OH,AGL,CE,Towers with Radar,183,213,35,4,435,1,0,41,0,42,184,213,76,4,477,2,0,2,479
07/05/2000,CMH,OH,AGL,CE,Towers with Radar,221,258,82,9,570,1,2,58,1,62,222,260,140,10,632,68,0,68,700
07/06/2000,CMH,OH,AGL,CE,Towers with Radar,227,342,100,4,673,1,2,83,1,87,228,344,183,5,760,14,0,14,774
07/07/2000,CMH,OH,AGL,CE,Towers with Radar,232,297,77,9,615,1,2,102,1,106,233,299,179,10,721,24,0,24,745
07/08/2000,CMH,OH,AGL,CE,Towers with Radar,195,174,62,13,444,1,2,86,0,89,196,176,148,13,533,7,0,7,540
07/09/2000,CMH,OH,AGL,CE,Towers with Radar,165,191,61,4,421,44,0,65,2,111,209,191,126,6,532,21,0,21,553
07/10/2000,CMH,OH,AGL,CE,Towers with Radar,216,276,66,0,558,1,2,80,0,83,217,278,146,0,641,24,0,24,665
07/11/2000,CMH,OH,AGL,CE,Towers with Radar,220,371,135,12,738,1,2,82,0,85,221,373,217,12,823,0,0,0,823
07/12/2000,CMH,OH,AGL,CE,Towers with Radar,228,352,112,5,697,1,2,137,0,140,229,354,249,5,837,84,0,84,921
07/13/2000,CMH,OH,AGL,CE,Towers with Radar,235,349,98,14,696,1,2,86,0,89,236,351,184,14,785,60,0,60,845
07/14/2000,CMH,OH,AGL,CE,Towers with Radar,221,279,96,5,601,1,2,62,0,65,222,281,158,5,666,46,0,46,712
07/15/2000,CMH,OH,AGL,CE,Towers with Radar,196,170,48,1,415,0,3,51,0,54,196,173,99,1,469,16,0,16,485
07/16/2000,CMH,OH,AGL,CE,Towers with Radar,210,169,46,0,425,0,2,78,0,80,210,171,124,0,505,14,0,14,519
07/17/2000,CMH,OH,AGL,CE,Towers with Radar,206,274,81,6,567,0,2,114,0,116,206,276,195,6,683,6,0,6,689
07/18/2000,CMH,OH,AGL,CE,Towers with Radar,218,357,113,7,695,0,2,88,0,90,218,359,201,7,785,29,0,29,814
07/19/2000,CMH,OH,AGL,CE,Towers with Radar,220,348,95,2,665,0,2,76,0,78,220,350,171,2,743,58,0,58,801
07/20/2000,CMH,OH,AGL,CE,Towers with Radar,222,343,107,3,675,0,2,103,0,105,222,345,210,3,780,72,0,72,852
07/21/2000,CMH,OH,AGL,CE,Towers with Radar,235,298,101,6,640,0,2,103,0,105,235,300,204,6,745,24,0,24,769
07/22/2000,CMH,OH,AGL,CE,Towers with Radar,185,174,51,0,410,0,3,74,0,77,185,177,125,0,487,28,0,28,515
07/23/2000,CMH,OH,AGL,CE,Towers with Radar,198,169,62,4,433,0,2,59,0,61,198,171,121,4,494,29,0,29,523
07/24/2000,CMH,OH,AGL,CE,Towers with Radar,198,169,62,4,433,0,2,111,0,113,198,171,173,4,546,6,0,6,552
07/25/2000,CMH,OH,AGL,CE,Towers with Radar,221,348,103,5,677,0,11,92,0,103,221,359,195,5,780,54,0,54,834
07/26/2000,CMH,OH,AGL,CE,Towers with Radar,228,349,139,11,727,0,2,99,0,101,228,351,238,11,828,73,0,73,901
07/27/2000,CMH,OH,AGL,CE,Towers with Radar,226,352,94,5,677,0,2,105,0,107,226,354,199,5,784,26,0,26,810
07/28/2000,CMH,OH,AGL,CE,Towers with Radar,198,244,80,4,526,0,0,59,0,59,198,244,139,4,585,14,0,14,599
07/29/2000,CMH,OH,AGL,CE,Towers with Radar,182,161,38,10,391,0,2,27,0,29,182,163,65,10,420,4,0,4,424
07/30/2000,CMH,OH,AGL,CE,Towers with Radar,197,167,54,0,418,0,2,49,0,51,197,169,103,0,469,32,0,32,501
07/31/2000,CMH,OH,AGL,CE,Towers with Radar,220,244,74,7,545,0,2,56,0,58,220,246,130,7,603,0,0,0,603
08/01/2000,CMH,OH,AGL,CE,Towers with Radar,229,347,83,10,669,1,0,74,0,75,230,347,157,10,744,5,0,5,749
08/02/2000,CMH,OH,AGL,CE,Towers with Radar,221,341,95,5,662,1,0,85,0,86,222,341,180,5,748,50,0,50,798
08/03/2000,CMH,OH,AGL,CE,Towers with Radar,222,357,68,7,654,1,0,60,0,61,223,357,128,7,715,28,0,28,743
08/04/2000,CMH,OH,AGL,CE,Towers with Radar,226,324,91,5,646,0,0,127,1,128,226,324,218,6,774,12,0,12,786
08/05/2000,CMH,OH,AGL,CE,Towers with Radar,178,190,53,1,422,1,0,112,0,113,179,190,165,1,535,0,0,0,535
08/06/2000,CMH,OH,AGL,CE,Towers with Radar,204,183,32,1,420,1,0,71,0,72,205,183,103,1,492,14,0,14,506
08/07/2000,CMH,OH,AGL,CE,Towers with Radar,211,271,68,5,555,1,0,94,0,95,212,271,162,5,650,10,0,10,660
08/08/2000,CMH,OH,AGL,CE,Towers with Radar,223,359,67,27,676,1,0,43,0,44,224,359,110,27,720,8,0,8,728
08/09/2000,CMH,OH,AGL,CE,Towers with Radar,208,344,92,7,651,1,0,17,0,18,209,344,109,7,669,21,0,21,690
08/10/2000,CMH,OH,AGL,CE,Towers with Radar,228,340,93,2,663,1,0,119,0,120,229,340,212,2,783,133,0,133,916
08/11/2000,CMH,OH,AGL,CE,Towers with Radar,230,305,88,10,633,1,0,109,0,110,231,305,197,10,743,78,0,78,821
08/12/2000,CMH,OH,AGL,CE,Towers with Radar,188,177,35,1,401,1,0,97,0,98,189,177,132,1,499,20,0,20,519
08/13/2000,CMH,OH,AGL,CE,Towers with Radar,200,174,49,2,425,1,0,54,0,55,201,174,103,2,480,52,0,52,532
08/14/2000,CMH,OH,AGL,CE,Towers with Radar,230,249,80,0,559,1,0,132,0,133,231,249,212,0,692,38,0,38,730
08/15/2000,CMH,OH,AGL,CE,Towers with Radar,232,342,104,4,682,1,0,86,0,87,233,342,190,4,769,174,0,174,943
08/16/2000,CMH,OH,AGL,CE,Towers with Radar,226,345,96,0,667,1,0,104,0,105,227,345,200,0,772,124,0,124,896
08/17/2000,CMH,OH,AGL,CE,Towers with Radar,229,357,89,8,683,1,0,45,0,46,230,357,134,8,729,24,0,24,753
08/18/2000,CMH,OH,AGL,CE,Towers with Radar,232,298,114,4,648,1,0,60,0,61,233,298,174,4,709,64,0,64,773
08/19/2000,CMH,OH,AGL,CE,Towers with Radar,181,179,57,6,423,0,1,74,0,75,181,180,131,6,498,46,0,46,544
08/20/2000,CMH,OH,AGL,CE,Towers with Radar,202,186,60,2,450,0,1,91,0,92,202,187,151,2,542,6,0,6,548
08/21/2000,CMH,OH,AGL,CE,Towers with Radar,228,264,92,10,594,0,1,116,0,117,228,265,208,10,711,26,0,26,737
08/22/2000,CMH,OH,AGL,CE,Towers with Radar,223,373,78,7,681,0,1,76,0,77,223,374,154,7,758,50,0,50,808
08/23/2000,CMH,OH,AGL,CE,Towers with Radar,223,349,88,5,665,0,0,90,0,90,223,349,178,5,755,56,0,56,811
08/24/2000,CMH,OH,AGL,CE,Towers with Radar,228,362,92,1,683,0,0,67,0,67,228,362,159,1,750,24,0,24,774
08/25/2000,CMH,OH,AGL,CE,Towers with Radar,221,303,76,10,610,0,0,131,0,131,221,303,207,10,741,62,0,62,803
08/26/2000,CMH,OH,AGL,CE,Towers with Radar,174,163,36,4,377,0,0,58,0,58,174,163,94,4,435,22,0,22,457
08/27/2000,CMH,OH,AGL,CE,Towers with Radar,190,180,44,2,416,0,0,55,0,55,190,180,99,2,471,80,0,80,551
08/28/2000,CMH,OH,AGL,CE,Towers with Radar,226,286,116,5,633,0,2,39,3,44,226,288,155,8,677,8,0,8,685
08/29/2000,CMH,OH,AGL,CE,Towers with Radar,224,358,121,4,707,0,0,109,0,109,224,358,230,4,816,57,0,57,873
08/30/2000,CMH,OH,AGL,CE,Towers with Radar,224,372,110,1,707,0,0,117,0,117,224,372,227,1,824,33,0,33,857
08/31/2000,CMH,OH,AGL,CE,Towers with Radar,234,362,131,5,732,0,0,132,0,132,234,362,263,5,864,65,0,65,929
09/01/2000,CMH,OH,AGL,CE,Towers with Radar,221,319,79,9,628,1,0,115,0,116,222,319,194,9,744,36,0,36,780
09/02/2000,CMH,OH,AGL,CE,Towers with Radar,175,178,38,1,392,1,0,41,0,42,176,178,79,1,434,8,0,8,442
09/03/2000,CMH,OH,AGL,CE,Towers with Radar,176,132,36,9,353,1,0,17,0,18,177,132,53,9,371,18,0,18,389
09/04/2000,CMH,OH,AGL,CE,Towers with Radar,198,173,49,4,424,1,0,37,0,38,199,173,86,4,462,0,0,0,462
09/05/2000,CMH,OH,AGL,CE,Towers with Radar,225,268,80,6,579,1,0,176,0,177,226,268,256,6,756,22,0,22,778
09/06/2000,CMH,OH,AGL,CE,Towers with Radar,227,363,97,9,696,1,0,152,0,153,228,363,249,9,849,60,0,60,909
09/07/2000,CMH,OH,AGL,CE,Towers with Radar,222,357,101,10,690,1,0,127,0,128,223,357,228,10,818,26,0,26,844
09/08/2000,CMH,OH,AGL,CE,Towers with Radar,227,318,108,15,668,1,0,60,0,61,228,318,168,15,729,4,0,4,733
09/09/2000,CMH,OH,AGL,CE,Towers with Radar,181,172,49,4,406,1,0,26,0,27,182,172,75,4,433,74,0,74,507
09/10/2000,CMH,OH,AGL,CE,Towers with Radar,209,167,42,2,420,1,0,51,0,52,210,167,93,2,472,53,0,53,525
09/11/2000,CMH,OH,AGL,CE,Towers with Radar,233,240,75,4,552,1,0,100,0,101,234,240,175,4,653,50,0,50,703
09/12/2000,CMH,OH,AGL,CE,Towers with Radar,218,350,130,4,702,1,0,51,0,52,219,350,181,4,754,24,0,24,778
09/13/2000,CMH,OH,AGL,CE,Towers with Radar,230,346,91,5,672,1,0,137,0,138,231,346,228,5,810,31,0,31,841
09/14/2000,CMH,OH,AGL,CE,Towers with Radar,219,341,95,5,660,1,0,102,0,103,220,341,197,5,763,36,0,36,799
09/15/2000,CMH,OH,AGL,CE,Towers with Radar,228,314,96,3,641,0,11,90,0,101,228,325,186,3,742,26,0,26,768
09/16/2000,CMH,OH,AGL,CE,Towers with Radar,185,163,42,0,390,1,0,73,0,74,186,163,115,0,464,9,0,9,473
09/17/2000,CMH,OH,AGL,CE,Towers with Radar,198,187,55,3,443,1,0,81,0,82,199,187,136,3,525,34,0,34,559
09/18/2000,CMH,OH,AGL,CE,Towers with Radar,225,268,92,5,590,1,0,105,0,106,226,268,197,5,696,2,0,2,698
09/19/2000,CMH,OH,AGL,CE,Towers with Radar,220,375,96,3,694,1,0,133,0,134,221,375,229,3,828,112,0,112,940
09/20/2000,CMH,OH,AGL,CE,Towers with Radar,222,349,115,2,688,0,0,58,1,59,222,349,173,3,747,16,0,16,763
09/21/2000,CMH,OH,AGL,CE,Towers with Radar,227,366,117,5,715,0,0,103,1,104,227,366,220,6,819,26,0,26,845
09/22/2000,CMH,OH,AGL,CE,Towers with Radar,228,300,123,2,653,0,0,144,1,145,228,300,267,3,798,0,0,0,798
09/23/2000,CMH,OH,AGL,CE,Towers with Radar,197,144,49,4,394,0,0,12,0,12,197,144,61,4,406,4,0,4,410
09/24/2000,CMH,OH,AGL,CE,Towers with Radar,200,178,41,15,434,0,0,23,0,23,200,178,64,15,457,0,0,0,457
09/25/2000,CMH,OH,AGL,CE,Towers with Radar,229,263,89,1,582,0,0,67,0,67,229,263,156,1,649,2,0,2,651
09/26/2000,CMH,OH,AGL,CE,Towers with Radar,219,351,113,3,686,0,0,95,0,95,219,351,208,3,781,62,0,62,843
09/27/2000,CMH,OH,AGL,CE,Towers with Radar,219,342,108,9,678,0,0,118,0,118,219,342,226,9,796,56,0,56,852
09/28/2000,CMH,OH,AGL,CE,Towers with Radar,229,342,119,4,694,0,0,102,0,102,229,342,221,4,796,33,0,33,829
09/29/2000,CMH,OH,AGL,CE,Towers with Radar,229,317,86,4,636,0,0,122,0,122,229,317,208,4,758,0,0,0,758
09/30/2000,CMH,OH,AGL,CE,Towers with Radar,177,169,37,6,389,0,0,70,0,70,177,169,107,6,459,18,0,18,477
10/01/2000,CMH,OH,AGL,CE,Towers with Radar,202,186,55,4,447,0,2,91,0,93,202,188,146,4,540,68,0,68,608
10/02/2000,CMH,OH,AGL,CE,Towers with Radar,219,256,69,5,549,0,2,89,0,91,219,258,158,5,640,2,0,2,642
10/03/2000,CMH,OH,AGL,CE,Towers with Radar,215,348,81,6,650,0,2,113,0,115,215,350,194,6,765,46,0,46,811
10/04/2000,CMH,OH,AGL,CE,Towers with Radar,223,359,90,5,677,0,2,84,0,86,223,361,174,5,763,5,0,5,768
10/05/2000,CMH,OH,AGL,CE,Towers with Radar,228,341,84,4,657,0,2,1,0,3,228,343,85,4,660,0,0,0,660
10/06/2000,CMH,OH,AGL,CE,Towers with Radar,223,296,118,3,640,0,2,95,0,97,223,298,213,3,737,40,0,40,777
10/07/2000,CMH,OH,AGL,CE,Towers with Radar,180,176,59,1,416,0,2,72,0,74,180,178,131,1,490,17,0,17,507
10/08/2000,CMH,OH,AGL,CE,Towers with Radar,195,185,51,1,432,0,2,38,0,40,195,187,89,1,472,27,0,27,499
10/09/2000,CMH,OH,AGL,CE,Towers with Radar,219,218,68,2,507,0,2,81,0,83,219,220,149,2,590,6,0,6,596
10/10/2000,CMH,OH,AGL,CE,Towers with Radar,213,284,90,13,600,0,2,151,0,153,213,286,241,13,753,33,0,33,786
10/11/2000,CMH,OH,AGL,CE,Towers with Radar,220,372,111,9,712,0,2,145,0,147,220,374,256,9,859,86,0,86,945
10/12/2000,CMH,OH,AGL,CE,Towers with Radar,226,363,112,3,704,0,2,129,0,131,226,365,241,3,835,103,0,103,938
10/13/2000,CMH,OH,AGL,CE,Towers with Radar,220,302,98,3,623,0,2,117,0,119,220,304,215,3,742,24,0,24,766
10/14/2000,CMH,OH,AGL,CE,Towers with Radar,169,165,36,7,377,0,2,107,0,109,169,167,143,7,486,67,0,67,553
10/15/2000,CMH,OH,AGL,CE,Towers with Radar,193,178,56,4,431,0,2,74,0,76,193,180,130,4,507,70,0,70,577
10/16/2000,CMH,OH,AGL,CE,Towers with Radar,212,239,62,1,514,0,2,42,0,44,212,241,104,1,558,10,0,10,568
10/17/2000,CMH,OH,AGL,CE,Towers with Radar,227,352,87,4,670,0,2,14,0,16,227,354,101,4,686,18,0,18,704
10/18/2000,CMH,OH,AGL,CE,Towers with Radar,226,333,142,5,706,0,2,67,0,69,226,335,209,5,775,10,0,10,785
10/19/2000,CMH,OH,AGL,CE,Towers with Radar,214,352,114,6,686,0,2,160,0,162,214,354,274,6,848,20,0,20,868
10/20/2000,CMH,OH,AGL,CE,Towers with Radar,223,306,85,9,623,0,2,118,0,120,223,308,203,9,743,30,0,30,773
10/21/2000,CMH,OH,AGL,CE,Towers with Radar,186,170,64,2,422,0,2,73,0,75,186,172,137,2,497,14,0,14,511
10/22/2000,CMH,OH,AGL,CE,Towers with Radar,191,198,59,2,450,0,2,68,0,70,191,200,127,2,520,26,0,26,546
10/23/2000,CMH,OH,AGL,CE,Towers with Radar,222,248,89,2,561,0,2,124,0,126,222,250,213,2,687,80,0,80,767
10/24/2000,CMH,OH,AGL,CE,Towers with Radar,217,373,84,6,680,0,2,49,0,51,217,375,133,6,731,0,0,0,731
10/25/2000,CMH,OH,AGL,CE,Towers with Radar,220,379,115,10,724,0,1,67,0,68,220,380,182,10,792,56,0,56,848
10/26/2000,CMH,OH,AGL,CE,Towers with Radar,225,358,107,10,700,0,1,64,0,65,225,359,171,10,765,73,0,73,838
10/27/2000,CMH,OH,AGL,CE,Towers with Radar,226,316,89,11,642,0,1,79,0,80,226,317,168,11,722,74,0,74,796
10/28/2000,CMH,OH,AGL,CE,Towers with Radar,150,169,56,3,378,31,0,36,2,69,181,169,92,5,447,11,0,11,458
10/29/2000,CMH,OH,AGL,CE,Towers with Radar,167,196,62,2,427,45,0,98,0,143,212,196,160,2,570,46,0,46,616
10/30/2000,CMH,OH,AGL,CE,Towers with Radar,212,278,27,1,518,0,1,155,0,156,212,279,182,1,674,44,0,44,718
10/31/2000,CMH,OH,AGL,CE,Towers with Radar,193,370,70,10,643,0,1,184,0,185,193,371,254,10,828,50,0,50,878
11/01/2000,CMH,OH,AGL,CE,Towers with Radar,222,347,99,8,676,0,1,143,0,144,222,348,242,8,820,33,0,33,853
11/02/2000,CMH,OH,AGL,CE,Towers with Radar,218,372,114,7,711,0,1,119,0,120,218,373,233,7,831,90,0,90,921
11/03/2000,CMH,OH,AGL,CE,Towers with Radar,219,297,96,6,618,0,1,73,0,74,219,298,169,6,692,75,0,75,767
11/04/2000,CMH,OH,AGL,CE,Towers with Radar,165,159,36,7,367,0,1,84,0,85,165,160,120,7,452,41,0,41,493
11/05/2000,CMH,OH,AGL,CE,Towers with Radar,194,204,45,2,445,0,1,104,0,105,194,205,149,2,550,10,0,10,560
11/06/2000,CMH,OH,AGL,CE,Towers with Radar,214,268,73,4,559,0,1,81,0,82,214,269,154,4,641,0,0,0,641
11/07/2000,CMH,OH,AGL,CE,Towers with Radar,204,344,98,4,650,0,1,61,0,62,204,345,159,4,712,72,0,72,784
11/08/2000,CMH,OH,AGL,CE,Towers with Radar,212,408,87,8,715,0,1,10,0,11,212,409,97,8,726,10,0,10,736
11/09/2000,CMH,OH,AGL,CE,Towers with Radar,212,353,89,3,657,0,1,24,0,25,212,354,113,3,682,20,0,20,702
11/10/2000,CMH,OH,AGL,CE,Towers with Radar,221,290,99,6,616,0,1,46,0,47,221,291,145,6,663,6,0,6,669
11/11/2000,CMH,OH,AGL,CE,Towers with Radar,148,174,52,3,377,26,0,46,1,73,174,174,98,4,450,0,0,0,450
11/12/2000,CMH,OH,AGL,CE,Towers with Radar,196,193,57,4,450,0,1,46,0,47,196,194,103,4,497,0,0,0,497
11/13/2000,CMH,OH,AGL,CE,Towers with Radar,220,272,85,9,586,0,1,35,0,36,220,273,120,9,622,0,0,0,622
11/14/2000,CMH,OH,AGL,CE,Towers with Radar,208,362,85,2,657,0,0,64,0,64,208,362,149,2,721,54,0,54,775
11/15/2000,CMH,OH,AGL,CE,Towers with Radar,218,352,100,10,680,0,0,65,0,65,218,352,165,10,745,64,0,64,809
11/16/2000,CMH,OH,AGL,CE,Towers with Radar,212,360,104,13,689,0,0,115,0,115,212,360,219,13,804,0,18,18,822
11/17/2000,CMH,OH,AGL,CE,Towers with Radar,222,325,105,3,655,0,0,69,0,69,222,325,174,3,724,12,0,12,736
11/18/2000,CMH,OH,AGL,CE,Towers with Radar,171,170,47,3,391,0,0,41,0,41,171,170,88,3,432,28,0,28,460
11/19/2000,CMH,OH,AGL,CE,Towers with Radar,152,186,53,3,394,47,0,45,0,92,199,186,98,3,486,27,0,27,513
11/20/2000,CMH,OH,AGL,CE,Towers with Radar,205,255,51,5,516,0,0,41,0,41,205,255,92,5,557,10,0,10,567
11/21/2000,CMH,OH,AGL,CE,Towers with Radar,214,303,77,3,597,0,34,49,0,83,214,337,126,3,680,0,0,0,680
11/22/2000,CMH,OH,AGL,CE,Towers with Radar,221,338,79,5,643,0,0,129,0,129,221,338,208,5,772,36,0,36,808
11/23/2000,CMH,OH,AGL,CE,Towers with Radar,167,217,27,7,418,0,0,58,0,58,167,217,85,7,476,5,0,5,481
11/24/2000,CMH,OH,AGL,CE,Towers with Radar,146,142,21,1,310,0,0,118,0,118,146,142,139,1,428,13,0,13,441
11/25/2000,CMH,OH,AGL,CE,Towers with Radar,177,146,17,2,342,0,0,46,0,46,177,146,63,2,388,0,0,0,388
11/26/2000,CMH,OH,AGL,CE,Towers with Radar,198,180,50,0,428,0,0,25,0,25,198,180,75,0,453,26,0,26,479
11/27/2000,CMH,OH,AGL,CE,Towers with Radar,212,267,73,5,557,0,0,17,1,18,212,267,90,6,575,0,0,0,575
11/28/2000,CMH,OH,AGL,CE,Towers with Radar,224,344,79,3,650,0,0,90,0,90,224,344,169,3,740,26,0,26,766
11/29/2000,CMH,OH,AGL,CE,Towers with Radar,205,370,87,8,670,0,0,60,0,60,205,370,147,8,730,30,0,30,760
11/30/2000,CMH,OH,AGL,CE,Towers with Radar,212,355,76,8,651,0,0,78,0,78,212,355,154,8,729,34,0,34,763
12/01/2000,CMH,OH,AGL,CE,Towers with Radar,204,324,67,5,600,0,3,18,4,25,204,327,85,9,625,0,0,0,625
12/02/2000,CMH,OH,AGL,CE,Towers with Radar,157,159,47,4,367,4,1,60,0,65,161,160,107,4,432,0,0,0,432
12/03/2000,CMH,OH,AGL,CE,Towers with Radar,184,186,35,7,412,4,1,82,0,87,188,187,117,7,499,37,0,37,536
12/04/2000,CMH,OH,AGL,CE,Towers with Radar,202,297,63,1,563,0,0,131,0,131,202,297,194,1,694,42,0,42,736
12/05/2000,CMH,OH,AGL,CE,Towers with Radar,201,366,84,8,659,4,1,52,0,57,205,367,136,8,716,0,0,0,716
12/06/2000,CMH,OH,AGL,CE,Towers with Radar,189,351,78,3,621,4,1,90,0,95,193,352,168,3,716,12,0,12,728
12/07/2000,CMH,OH,AGL,CE,Towers with Radar,200,370,65,14,649,4,1,44,0,49,204,371,109,14,698,0,0,0,698
12/08/2000,CMH,OH,AGL,CE,Towers with Radar,221,296,68,5,590,4,1,36,0,41,225,297,104,5,631,25,0,25,656
12/09/2000,CMH,OH,AGL,CE,Towers with Radar,163,179,36,3,381,4,1,95,0,100,167,180,131,3,481,26,0,26,507
12/10/2000,CMH,OH,AGL,CE,Towers with Radar,176,184,27,1,388,4,1,27,0,32,180,185,54,1,420,65,0,65,485
12/11/2000,CMH,OH,AGL,CE,Towers with Radar,162,240,77,4,483,3,2,0,0,5,165,242,77,4,488,0,0,0,488
12/12/2000,CMH,OH,AGL,CE,Towers with Radar,195,342,75,4,616,3,2,37,0,42,198,344,112,4,658,18,0,18,676
12/13/2000,CMH,OH,AGL,CE,Towers with Radar,159,303,112,1,575,3,2,58,0,63,162,305,170,1,638,10,0,10,648
12/14/2000,CMH,OH,AGL,CE,Towers with Radar,193,355,78,12,638,3,2,32,0,37,196,357,110,12,675,10,0,10,685
12/15/2000,CMH,OH,AGL,CE,Towers with Radar,202,319,78,6,605,3,2,51,0,56,205,321,129,6,661,30,0,30,691
12/16/2000,CMH,OH,AGL,CE,Towers with Radar,123,147,18,2,290,3,2,3,0,8,126,149,21,2,298,0,0,0,298
12/17/2000,CMH,OH,AGL,CE,Towers with Radar,170,140,15,1,326,3,2,2,0,7,173,142,17,1,333,1,2,3,336
12/18/2000,CMH,OH,AGL,CE,Towers with Radar,186,234,86,2,508,3,2,71,0,76,189,236,157,2,584,2,10,12,596
12/19/2000,CMH,OH,AGL,CE,Towers with Radar,188,348,84,4,624,3,2,58,0,63,191,350,142,4,687,0,0,0,687
12/20/2000,CMH,OH,AGL,CE,Towers with Radar,203,342,77,0,622,0,0,75,0,75,203,342,152,0,697,0,0,0,697
12/21/2000,CMH,OH,AGL,CE,Towers with Radar,198,338,60,2,598,3,1,46,1,51,201,339,106,3,649,16,0,16,665
12/22/2000,CMH,OH,AGL,CE,Towers with Radar,208,291,46,3,548,3,1,53,1,58,211,292,99,4,606,43,0,43,649
12/23/2000,CMH,OH,AGL,CE,Towers with Radar,139,153,18,4,314,3,1,54,1,59,142,154,72,5,373,0,0,0,373
12/24/2000,CMH,OH,AGL,CE,Towers with Radar,144,134,5,4,287,3,1,25,1,30,147,135,30,5,317,0,0,0,317
12/25/2000,CMH,OH,AGL,CE,Towers with Radar,152,146,8,0,306,3,1,32,0,36,155,147,40,0,342,8,0,8,350
12/26/2000,CMH,OH,AGL,CE,Towers with Radar,192,250,45,1,488,3,1,51,0,55,195,251,96,1,543,4,0,4,547
12/27/2000,CMH,OH,AGL,CE,Towers with Radar,190,346,46,4,586,3,1,56,0,60,193,347,102,4,646,11,0,11,657
12/28/2000,CMH,OH,AGL,CE,Towers with Radar,198,329,48,7,582,3,1,127,0,131,201,330,175,7,713,18,0,18,731
12/29/2000,CMH,OH,AGL,CE,Towers with Radar,196,279,47,2,524,3,1,40,0,44,199,280,87,2,568,18,0,18,586
12/30/2000,CMH,OH,AGL,CE,Towers with Radar,145,128,13,5,291,3,1,8,0,12,148,129,21,5,303,26,0,26,329
12/31/2000,CMH,OH,AGL,CE,Towers with Radar,138,137,14,0,289,3,1,31,0,35,141,138,45,0,324,2,0,2,326
01/01/2001,CMH,OH,AGL,CE,Towers with Radar,163,169,18,0,350,1,0,32,0,33,164,169,50,0,383,0,0,0,383
01/02/2001,CMH,OH,AGL,CE,Towers with Radar,207,282,58,3,550,0,0,92,0,92,207,282,150,3,642,56,0,56,698
01/03/2001,CMH,OH,AGL,CE,Towers with Radar,195,328,65,8,596,0,0,60,0,60,195,328,125,8,656,6,0,6,662
01/04/2001,CMH,OH,AGL,CE,Towers with Radar,212,357,81,4,654,0,0,43,0,43,212,357,124,4,697,11,0,11,708
01/05/2001,CMH,OH,AGL,CE,Towers with Radar,199,327,59,2,587,0,0,45,0,45,199,327,104,2,632,2,0,2,634
01/06/2001,CMH,OH,AGL,CE,Towers with Radar,153,194,33,2,382,0,0,64,0,64,153,194,97,2,446,28,0,28,474
01/07/2001,CMH,OH,AGL,CE,Towers with Radar,173,197,39,2,411,0,0,54,0,54,173,197,93,2,465,52,0,52,517
01/08/2001,CMH,OH,AGL,CE,Towers with Radar,173,197,40,2,412,0,0,59,0,59,173,197,99,2,471,6,0,6,477
01/09/2001,CMH,OH,AGL,CE,Towers with Radar,200,383,83,0,666,0,0,108,0,108,200,383,191,0,774,54,0,54,828
01/10/2001,CMH,OH,AGL,CE,Towers with Radar,199,377,86,0,662,0,0,103,0,103,199,377,189,0,765,16,0,16,781
01/11/2001,CMH,OH,AGL,CE,Towers with Radar,202,343,76,4,625,0,0,134,0,134,202,343,210,4,759,44,0,44,803
01/12/2001,CMH,OH,AGL,CE,Towers with Radar,199,322,91,10,622,0,0,86,0,86,199,322,177,10,708,16,0,16,724
01/13/2001,CMH,OH,AGL,CE,Towers with Radar,175,178,49,6,408,0,0,63,0,63,175,178,112,6,471,2,0,2,473
01/14/2001,CMH,OH,AGL,CE,Towers with Radar,191,201,37,3,432,0,0,20,0,20,191,201,57,3,452,17,0,17,469
01/15/2001,CMH,OH,AGL,CE,Towers with Radar,207,208,69,4,488,0,0,55,0,55,207,208,124,4,543,6,0,6,549
01/16/2001,CMH,OH,AGL,CE,Towers with Radar,200,293,60,4,557,0,0,66,0,66,200,293,126,4,623,60,0,60,683
01/17/2001,CMH,OH,AGL,CE,Towers with Radar,210,403,101,3,717,0,0,40,0,40,210,403,141,3,757,0,0,0,757
01/18/2001,CMH,OH,AGL,CE,Towers with Radar,200,375,99,7,681,0,0,81,0,81,200,375,180,7,762,84,0,84,846
01/19/2001,CMH,OH,AGL,CE,Towers with Radar,200,331,79,5,615,0,0,8,0,8,200,331,87,5,623,16,0,16,639
01/20/2001,CMH,OH,AGL,CE,Towers with Radar,180,185,20,0,385,0,0,17,0,17,180,185,37,0,402,0,0,0,402
01/21/2001,CMH,OH,AGL,CE,Towers with Radar,184,186,54,2,426,0,0,41,0,41,184,186,95,2,467,17,0,17,484
01/22/2001,CMH,OH,AGL,CE,Towers with Radar,210,261,65,0,536,0,0,107,0,107,210,261,172,0,643,16,0,16,659
01/23/2001,CMH,OH,AGL,CE,Towers with Radar,205,387,79,18,689,0,0,123,0,123,205,387,202,18,812,42,0,42,854
01/24/2001,CMH,OH,AGL,CE,Towers with Radar,208,386,108,14,716,0,0,75,0,75,208,386,183,14,791,28,0,28,819
01/25/2001,CMH,OH,AGL,CE,Towers with Radar,215,366,92,5,678,0,0,100,0,100,215,366,192,5,778,4,0,4,782
01/26/2001,CMH,OH,AGL,CE,Towers with Radar,204,308,72,8,592,0,0,77,0,77,204,308,149,8,669,54,0,54,723
01/27/2001,CMH,OH,AGL,CE,Towers with Radar,150,193,19,0,362,0,0,37,0,37,150,193,56,0,399,24,0,24,423
01/28/2001,CMH,OH,AGL,CE,Towers with Radar,144,214,49,2,409,36,1,58,0,95,180,215,107,2,504,20,0,20,524
01/29/2001,CMH,OH,AGL,CE,Towers with Radar,197,287,80,5,569,0,0,63,0,63,197,287,143,5,632,0,0,0,632
01/30/2001,CMH,OH,AGL,CE,Towers with Radar,201,371,89,0,661,0,0,78,0,78,201,371,167,0,739,4,0,4,743
01/31/2001,CMH,OH,AGL,CE,Towers with Radar,198,362,93,2,655,0,0,43,0,43,198,362,136,2,698,58,0,58,756
02/01/2001,CMH,OH,AGL,CE,Towers with Radar,200,351,86,4,641,0,33,58,0,91,200,384,144,4,732,42,0,42,774
02/02/2001,CMH,OH,AGL,CE,Towers with Radar,203,309,95,3,610,0,0,37,2,39,203,309,132,5,649,13,0,13,662
02/03/2001,CMH,OH,AGL,CE,Towers with Radar,203,309,95,4,611,0,0,73,1,74,203,309,168,5,685,22,0,22,707
02/04/2001,CMH,OH,AGL,CE,Towers with Radar,88,105,18,0,211,0,0,27,1,28,88,105,45,1,239,14,0,14,253
02/05/2001,CMH,OH,AGL,CE,Towers with Radar,184,272,72,3,531,0,0,49,1,50,184,272,121,4,581,10,0,10,591
02/06/2001,CMH,OH,AGL,CE,Towers with Radar,199,392,67,5,663,0,0,79,0,79,199,392,146,5,742,12,0,12,754
02/07/2001,CMH,OH,AGL,CE,Towers with Radar,208,389,99,4,700,0,0,68,0,68,208,389,167,4,768,30,0,30,798
02/08/2001,CMH,OH,AGL,CE,Towers with Radar,200,354,86,4,644,0,0,162,0,162,200,354,248,4,806,23,0,23,829
02/09/2001,CMH,OH,AGL,CE,Towers with Radar,200,285,77,8,570,0,0,60,0,60,200,285,137,8,630,12,0,12,642
02/10/2001,CMH,OH,AGL,CE,Towers with Radar,200,285,77,8,570,0,0,60,0,60,200,285,137,8,630,12,0,12,642
02/11/2001,CMH,OH,AGL,CE,Towers with Radar,177,203,35,2,417,0,0,72,0,72,177,203,107,2,489,34,0,34,523
02/12/2001,CMH,OH,AGL,CE,Towers with Radar,200,291,83,3,577,0,2,87,0,89,200,293,170,3,666,15,0,15,681
02/13/2001,CMH,OH,AGL,CE,Towers with Radar,203,380,68,6,657,0,0,106,0,106,203,380,174,6,763,0,0,0,763
02/14/2001,CMH,OH,AGL,CE,Towers with Radar,207,370,107,4,688,0,0,2,0,2,207,370,109,4,690,12,0,12,702
02/15/2001,CMH,OH,AGL,CE,Towers with Radar,196,358,100,2,656,0,0,22,0,22,196,358,122,2,678,20,0,20,698
02/16/2001,CMH,OH,AGL,CE,Towers with Radar,189,319,78,2,588,0,15,10,0,25,189,334,88,2,613,0,0,0,613
02/17/2001,CMH,OH,AGL,CE,Towers with Radar,131,183,50,1,365,15,0,23,0,38,146,183,73,1,403,3,0,3,406
02/18/2001,CMH,OH,AGL,CE,Towers with Radar,137,201,53,1,392,43,0,56,0,99,180,201,109,1,491,12,0,12,503
02/19/2001,CMH,OH,AGL,CE,Towers with Radar,196,236,62,5,499,0,0,85,0,85,196,236,147,5,584,23,0,23,607
02/20/2001,CMH,OH,AGL,CE,Towers with Radar,203,270,82,7,562,0,0,107,0,107,203,270,189,7,669,16,0,16,685
02/21/2001,CMH,OH,AGL,CE,Towers with Radar,194,389,100,7,690,0,0,111,0,111,194,389,211,7,801,41,0,41,842
02/22/2001,CMH,OH,AGL,CE,Towers with Radar,193,360,88,8,649,0,0,46,0,46,193,360,134,8,695,6,0,6,701
02/23/2001,CMH,OH,AGL,CE,Towers with Radar,191,330,75,8,604,0,0,166,0,166,191,330,241,8,770,44,0,44,814
02/24/2001,CMH,OH,AGL,CE,Towers with Radar,191,330,75,8,604,0,0,48,0,48,191,330,123,8,652,0,0,0,652
02/25/2001,CMH,OH,AGL,CE,Towers with Radar,103,163,31,2,299,59,12,0,0,71,162,175,31,2,370,28,0,28,398
02/26/2001,CMH,OH,AGL,CE,Towers with Radar,201,277,85,3,566,0,0,126,0,126,201,277,211,3,692,51,0,51,743
02/27/2001,CMH,OH,AGL,CE,Towers with Radar,190,377,76,3,646,0,0,91,0,91,190,377,167,3,737,28,0,28,765
02/28/2001,CMH,OH,AGL,CE,Towers with Radar,194,399,117,3,713,0,0,113,0,113,194,399,230,3,826,11,0,11,837
03/01/2001,CMH,OH,AGL,CE,Towers with Radar,200,362,80,7,649,0,0,137,2,139,200,362,217,9,788,28,0,28,816
03/02/2001,CMH,OH,AGL,CE,Towers with Radar,202,327,75,8,612,0,2,90,0,92,202,329,165,8,704,44,0,44,748
03/03/2001,CMH,OH,AGL,CE,Towers with Radar,145,193,26,0,364,0,2,58,0,60,145,195,84,0,424,46,0,46,470
03/04/2001,CMH,OH,AGL,CE,Towers with Radar,127,190,44,3,364,47,0,19,0,66,174,190,63,3,430,6,0,6,436
03/05/2001,CMH,OH,AGL,CE,Towers with Radar,169,233,51,2,455,0,2,14,0,16,169,235,65,2,471,2,0,2,473
03/06/2001,CMH,OH,AGL,CE,Towers with Radar,173,350,57,7,587,0,2,27,0,29,173,352,84,7,616,0,0,0,616
03/07/2001,CMH,OH,AGL,CE,Towers with Radar,191,396,84,2,673,0,2,90,0,92,191,398,174,2,765,72,0,72,837
03/08/2001,CMH,OH,AGL,CE,Towers with Radar,197,404,70,9,680,0,2,72,0,74,197,406,142,9,754,68,0,68,822
03/09/2001,CMH,OH,AGL,CE,Towers with Radar,197,337,75,4,613,0,2,95,0,97,197,339,170,4,710,8,0,8,718
03/10/2001,CMH,OH,AGL,CE,Towers with Radar,153,197,37,0,387,0,2,90,0,92,153,199,127,0,479,40,0,40,519
03/11/2001,CMH,OH,AGL,CE,Towers with Radar,169,203,37,5,414,0,2,65,0,67,169,205,102,5,481,62,0,62,543
03/12/2001,CMH,OH,AGL,CE,Towers with Radar,205,284,63,3,555,0,2,78,0,80,205,286,141,3,635,0,0,0,635
03/13/2001,CMH,OH,AGL,CE,Towers with Radar,191,381,74,7,653,0,2,37,0,39,191,383,111,7,692,0,0,0,692
03/14/2001,CMH,OH,AGL,CE,Towers with Radar,188,375,96,2,661,0,2,111,0,113,188,377,207,2,774,24,0,24,798
03/15/2001,CMH,OH,AGL,CE,Towers with Radar,198,371,113,7,689,0,2,92,0,94,198,373,205,7,783,107,0,107,890
03/16/2001,CMH,OH,AGL,CE,Towers with Radar,202,325,87,5,619,0,2,42,0,44,202,327,129,5,663,32,0,32,695
03/17/2001,CMH,OH,AGL,CE,Towers with Radar,136,176,16,4,332,0,2,22,0,24,136,178,38,4,356,4,0,4,360
03/18/2001,CMH,OH,AGL,CE,Towers with Radar,154,212,54,5,425,26,0,86,1,113,180,212,140,6,538,28,0,28,566
03/19/2001,CMH,OH,AGL,CE,Towers with Radar,192,290,73,0,555,0,2,84,0,86,192,292,157,0,641,41,0,41,682
03/20/2001,CMH,OH,AGL,CE,Towers with Radar,183,367,68,4,622,0,2,136,0,138,183,369,204,4,760,46,0,46,806
03/21/2001,CMH,OH,AGL,CE,Towers with Radar,184,370,99,6,659,0,2,83,0,85,184,372,182,6,744,18,0,18,762
03/22/2001,CMH,OH,AGL,CE,Towers with Radar,200,357,95,4,656,0,2,101,0,103,200,359,196,4,759,31,0,31,790
03/23/2001,CMH,OH,AGL,CE,Towers with Radar,204,307,62,3,576,0,2,84,0,86,204,309,146,3,662,52,0,52,714
03/24/2001,CMH,OH,AGL,CE,Towers with Radar,204,307,62,3,576,0,2,32,0,34,204,309,94,3,610,15,0,15,625
03/25/2001,CMH,OH,AGL,CE,Towers with Radar,140,223,50,4,417,56,22,29,27,134,196,245,79,31,551,0,0,0,551
03/26/2001,CMH,OH,AGL,CE,Towers with Radar,199,293,54,1,547,0,2,48,0,50,199,295,102,1,597,25,0,25,622
03/27/2001,CMH,OH,AGL,CE,Towers with Radar,195,394,86,9,684,0,2,159,0,161,195,396,245,9,845,48,0,48,893
03/28/2001,CMH,OH,AGL,CE,Towers with Radar,197,385,92,5,679,0,2,118,0,120,197,387,210,5,799,11,0,11,810
03/29/2001,CMH,OH,AGL,CE,Towers with Radar,201,363,92,12,668,0,1,100,0,101,201,364,192,12,769,24,0,24,793
03/30/2001,CMH,OH,AGL,CE,Towers with Radar,200,307,71,4,582,0,0,73,0,73,200,307,144,4,655,20,0,20,675
03/31/2001,CMH,OH,AGL,CE,Towers with Radar,146,235,51,0,432,1,36,11,0,48,147,271,62,0,480,38,0,38,518
04/01/2001,CMH,OH,AGL,CE,Towers with Radar,175,202,42,1,420,4,0,16,0,20,179,202,58,1,440,0,0,0,440
04/02/2001,CMH,OH,AGL,CE,Towers with Radar,171,267,65,0,503,24,21,114,0,159,195,288,179,0,662,4,0,4,666
04/03/2001,CMH,OH,AGL,CE,Towers with Radar,193,396,108,7,704,2,0,104,1,107,195,396,212,8,811,32,0,32,843
04/04/2001,CMH,OH,AGL,CE,Towers with Radar,209,350,85,2,646,0,17,114,0,131,209,367,199,2,777,53,0,53,830
04/05/2001,CMH,OH,AGL,CE,Towers with Radar,202,356,81,2,641,1,0,117,1,119,203,356,198,3,760,32,0,32,792
04/06/2001,CMH,OH,AGL,CE,Towers with Radar,192,287,72,4,555,6,0,54,1,61,198,287,126,5,616,26,0,26,642
04/07/2001,CMH,OH,AGL,CE,Towers with Radar,172,188,19,4,383,1,0,30,1,32,173,188,49,5,415,21,0,21,436
04/08/2001,CMH,OH,AGL,CE,Towers with Radar,174,197,29,1,401,1,0,37,1,39,175,197,66,2,440,27,0,27,467
04/09/2001,CMH,OH,AGL,CE,Towers with Radar,205,255,81,1,542,0,0,93,1,94,205,255,174,2,636,10,0,10,646
04/10/2001,CMH,OH,AGL,CE,Towers with Radar,199,385,50,3,637,0,0,51,2,53,199,385,101,5,690,8,0,8,698
04/11/2001,CMH,OH,AGL,CE,Towers with Radar,206,351,85,5,647,0,14,70,1,85,206,365,155,6,732,14,0,14,746
04/12/2001,CMH,OH,AGL,CE,Towers with Radar,205,340,74,3,622,0,0,59,0,59,205,340,133,3,681,29,0,29,710
04/13/2001,CMH,OH,AGL,CE,Towers with Radar,202,310,58,12,582,0,0,165,0,165,202,310,223,12,747,55,0,55,802
04/14/2001,CMH,OH,AGL,CE,Towers with Radar,170,187,18,3,378,0,0,104,0,104,170,187,122,3,482,110,4,114,596
04/15/2001,CMH,OH,AGL,CE,Towers with Radar,184,195,22,0,401,0,0,17,0,17,184,195,39,0,418,0,0,0,418
04/16/2001,CMH,OH,AGL,CE,Towers with Radar,200,282,78,6,566,0,0,52,0,52,200,282,130,6,618,7,0,7,625
04/17/2001,CMH,OH,AGL,CE,Towers with Radar,204,388,61,4,657,0,0,34,0,34,204,388,95,4,691,20,0,20,711
04/18/2001,CMH,OH,AGL,CE,Towers with Radar,207,384,87,9,687,0,0,149,0,149,207,384,236,9,836,54,0,54,890
04/19/2001,CMH,OH,AGL,CE,Towers with Radar,214,365,95,12,686,0,0,130,0,130,214,365,225,12,816,26,0,26,842
04/20/2001,CMH,OH,AGL,CE,Towers with Radar,204,309,81,22,616,0,0,38,0,38,204,309,119,22,654,6,0,6,660
04/21/2001,CMH,OH,AGL,CE,Towers with Radar,204,309,81,22,616,0,0,17,0,17,204,309,98,22,633,8,0,8,641
04/22/2001,CMH,OH,AGL,CE,Towers with Radar,182,195,51,2,430,0,0,64,0,64,182,195,115,2,494,6,0,6,500
04/23/2001,CMH,OH,AGL,CE,Towers with Radar,203,265,89,5,562,0,0,73,0,73,203,265,162,5,635,10,0,10,645
04/24/2001,CMH,OH,AGL,CE,Towers with Radar,189,380,90,1,660,0,0,90,0,90,189,380,180,1,750,16,0,16,766
04/25/2001,CMH,OH,AGL,CE,Towers with Radar,194,376,116,8,694,0,0,154,0,154,194,376,270,8,848,14,0,14,862
04/26/2001,CMH,OH,AGL,CE,Towers with Radar,199,365,123,17,704,0,0,205,0,205,199,365,328,17,909,42,0,42,951
04/27/2001,CMH,OH,AGL,CE,Towers with Radar,198,317,103,5,623,0,0,171,0,171,198,317,274,5,794,23,0,23,817
04/28/2001,CMH,OH,AGL,CE,Towers with Radar,163,193,56,0,412,0,0,241,0,241,163,193,297,0,653,0,0,0,653
04/29/2001,CMH,OH,AGL,CE,Towers with Radar,177,198,85,3,463,0,0,171,0,171,177,198,256,3,634,22,0,22,656
04/30/2001,CMH,OH,AGL,CE,Towers with Radar,194,288,87,2,571,1,0,110,0,111,195,288,197,2,682,26,0,26,708
05/01/2001,CMH,OH,AGL,CE,Towers with Radar,187,384,81,4,656,0,3,132,0,135,187,387,213,4,791,40,0,40,831
05/02/2001,CMH,OH,AGL,CE,Towers with Radar,198,371,83,6,658,0,3,95,0,98,198,374,178,6,756,51,0,51,807
05/03/2001,CMH,OH,AGL,CE,Towers with Radar,197,367,86,2,652,0,3,112,0,115,197,370,198,2,767,38,0,38,805
05/04/2001,CMH,OH,AGL,CE,Towers with Radar,207,333,83,7,630,23,3,74,0,100,230,336,157,7,730,46,0,46,776
05/05/2001,CMH,OH,AGL,CE,Towers with Radar,173,161,33,1,368,0,3,46,0,49,173,164,79,1,417,20,0,20,437
05/06/2001,CMH,OH,AGL,CE,Towers with Radar,170,215,65,0,450,55,0,84,0,139,225,215,149,0,589,61,0,61,650
05/07/2001,CMH,OH,AGL,CE,Towers with Radar,203,275,80,3,561,0,3,52,0,55,203,278,132,3,616,58,0,58,674
05/08/2001,CMH,OH,AGL,CE,Towers with Radar,203,389,80,6,678,0,3,73,0,76,203,392,153,6,754,31,0,31,785
05/09/2001,CMH,OH,AGL,CE,Towers with Radar,194,389,81,4,668,0,3,78,0,81,194,392,159,4,749,14,0,14,763
05/10/2001,CMH,OH,AGL,CE,Towers with Radar,195,375,116,7,693,0,3,136,0,139,195,378,252,7,832,30,0,30,862
05/11/2001,CMH,OH,AGL,CE,Towers with Radar,201,320,70,3,594,0,3,47,0,50,201,323,117,3,644,0,4,4,648
05/12/2001,CMH,OH,AGL,CE,Towers with Radar,112,170,42,2,326,43,1,37,0,81,155,171,79,2,407,0,0,0,407
05/13/2001,CMH,OH,AGL,CE,Towers with Radar,188,206,38,1,433,0,2,104,0,106,188,208,142,1,539,20,0,20,559
05/14/2001,CMH,OH,AGL,CE,Towers with Radar,201,286,73,2,562,0,2,77,0,79,201,288,150,2,641,2,0,2,643
05/15/2001,CMH,OH,AGL,CE,Towers with Radar,195,382,65,2,644,0,2,37,0,39,195,384,102,2,683,8,0,8,691
05/16/2001,CMH,OH,AGL,CE,Towers with Radar,202,371,106,8,687,0,2,18,0,20,202,373,124,8,707,0,0,0,707
05/17/2001,CMH,OH,AGL,CE,Towers with Radar,204,371,130,7,712,0,2,24,0,26,204,373,154,7,738,26,0,26,764
05/18/2001,CMH,OH,AGL,CE,Towers with Radar,202,313,101,6,622,0,2,7,0,9,202,315,108,6,631,0,0,0,631
05/19/2001,CMH,OH,AGL,CE,Towers with Radar,86,96,41,0,223,0,2,110,0,112,86,98,151,0,335,0,0,0,335
05/20/2001,CMH,OH,AGL,CE,Towers with Radar,150,205,56,3,414,43,0,69,0,112,193,205,125,3,526,6,0,6,532
05/21/2001,CMH,OH,AGL,CE,Towers with Radar,190,277,76,2,545,0,2,25,0,27,190,279,101,2,572,20,0,20,592
05/22/2001,CMH,OH,AGL,CE,Towers with Radar,198,372,90,5,665,0,13,54,4,71,198,385,144,9,736,8,0,8,744
05/23/2001,CMH,OH,AGL,CE,Towers with Radar,206,385,107,9,707,0,2,103,0,105,206,387,210,9,812,34,0,34,846
05/24/2001,CMH,OH,AGL,CE,Towers with Radar,206,365,80,2,653,0,2,57,0,59,206,367,137,2,712,0,0,0,712
05/25/2001,CMH,OH,AGL,CE,Towers with Radar,215,327,70,7,619,0,2,52,0,54,215,329,122,7,673,22,0,22,695
05/26/2001,CMH,OH,AGL,CE,Towers with Radar,215,327,70,7,619,0,2,25,0,27,215,329,95,7,646,10,0,10,656
05/27/2001,CMH,OH,AGL,CE,Towers with Radar,163,141,16,1,321,0,2,13,0,15,163,143,29,1,336,14,0,14,350
05/28/2001,CMH,OH,AGL,CE,Towers with Radar,185,212,34,4,435,0,2,70,0,72,185,214,104,4,507,24,0,24,531
05/29/2001,CMH,OH,AGL,CE,Towers with Radar,192,288,71,8,559,0,2,132,0,134,192,290,203,8,693,20,0,20,713
05/30/2001,CMH,OH,AGL,CE,Towers with Radar,203,407,102,3,715,0,2,146,0,148,203,409,248,3,863,14,0,14,877
05/31/2001,CMH,OH,AGL,CE,Towers with Radar,205,385,92,10,692,0,2,110,0,112,205,387,202,10,804,60,0,60,864
06/01/2001,CMH,OH,AGL,CE,Towers with Radar,206,341,74,4,625,0,3,58,0,61,206,344,132,4,686,34,0,34,720
06/02/2001,CMH,OH,AGL,CE,Towers with Radar,123,186,47,2,358,52,0,3,0,55,175,186,50,2,413,0,0,0,413
06/03/2001,CMH,OH,AGL,CE,Towers with Radar,151,213,59,2,425,32,0,22,3,57,183,213,81,5,482,30,0,30,512
06/04/2001,CMH,OH,AGL,CE,Towers with Radar,201,305,81,3,590,0,3,54,0,57,201,308,135,3,647,0,0,0,647
06/05/2001,CMH,OH,AGL,CE,Towers with Radar,192,406,87,8,693,0,3,71,0,74,192,409,158,8,767,66,0,66,833
06/06/2001,CMH,OH,AGL,CE,Towers with Radar,202,412,91,1,706,0,3,171,0,174,202,415,262,1,880,4,0,4,884
06/07/2001,CMH,OH,AGL,CE,Towers with Radar,210,401,109,4,724,0,3,47,0,50,210,404,156,4,774,45,0,45,819
06/08/2001,CMH,OH,AGL,CE,Towers with Radar,208,348,85,3,644,0,3,137,0,140,208,351,222,3,784,38,0,38,822
06/09/2001,CMH,OH,AGL,CE,Towers with Radar,211,349,85,3,648,0,3,114,0,117,211,352,199,3,765,8,0,8,773
06/10/2001,CMH,OH,AGL,CE,Towers with Radar,187,205,50,3,445,0,3,102,0,105,187,208,152,3,550,34,0,34,584
06/11/2001,CMH,OH,AGL,CE,Towers with Radar,201,292,58,1,552,0,3,111,0,114,201,295,169,1,666,86,0,86,752
06/12/2001,CMH,OH,AGL,CE,Towers with Radar,192,399,83,4,678,0,3,91,0,94,192,402,174,4,772,20,0,20,792
06/13/2001,CMH,OH,AGL,CE,Towers with Radar,198,398,108,5,709,0,3,109,0,112,198,401,217,5,821,8,0,8,829
06/14/2001,CMH,OH,AGL,CE,Towers with Radar,189,395,86,9,679,0,3,100,0,103,189,398,186,9,782,50,2,52,834
06/15/2001,CMH,OH,AGL,CE,Towers with Radar,183,298,84,5,570,0,3,82,0,85,183,301,166,5,655,8,0,8,663
06/16/2001,CMH,OH,AGL,CE,Towers with Radar,183,301,78,3,565,0,0,73,2,75,183,301,151,5,640,32,0,32,672
06/17/2001,CMH,OH,AGL,CE,Towers with Radar,181,207,38,3,429,0,3,97,0,100,181,210,135,3,529,6,0,6,535
06/18/2001,CMH,OH,AGL,CE,Towers with Radar,206,301,94,3,604,0,2,124,0,126,206,303,218,3,730,28,0,28,758
06/19/2001,CMH,OH,AGL,CE,Towers with Radar,205,377,86,7,675,0,2,134,0,136,205,379,220,7,811,60,0,60,871
06/20/2001,CMH,OH,AGL,CE,Towers with Radar,198,396,92,3,689,0,2,90,0,92,198,398,182,3,781,38,0,38,819
06/21/2001,CMH,OH,AGL,CE,Towers with Radar,200,384,89,7,680,0,2,48,0,50,200,386,137,7,730,46,0,46,776
06/22/2001,CMH,OH,AGL,CE,Towers with Radar,204,328,95,7,634,0,2,72,0,74,204,330,167,7,708,26,0,26,734
06/23/2001,CMH,OH,AGL,CE,Towers with Radar,140,206,55,2,403,41,0,51,1,93,181,206,106,3,496,34,0,34,530
06/24/2001,CMH,OH,AGL,CE,Towers with Radar,181,236,43,2,462,0,2,94,0,96,181,238,137,2,558,37,0,37,595
06/25/2001,CMH,OH,AGL,CE,Towers with Radar,195,295,76,1,567,0,2,136,0,138,195,297,212,1,705,14,0,14,719
06/26/2001,CMH,OH,AGL,CE,Towers with Radar,202,398,81,4,685,0,2,136,0,138,202,400,217,4,823,33,0,33,856
06/27/2001,CMH,OH,AGL,CE,Towers with Radar,211,397,96,4,708,0,8,132,4,144,211,405,228,8,852,10,0,10,862
06/28/2001,CMH,OH,AGL,CE,Towers with Radar,209,421,122,3,755,0,2,115,0,117,209,423,237,3,872,44,0,44,916
06/29/2001,CMH,OH,AGL,CE,Towers with Radar,208,350,94,1,653,0,2,131,0,133,208,352,225,1,786,16,0,16,802
06/30/2001,CMH,OH,AGL,CE,Towers with Radar,225,352,94,1,672,0,2,52,0,54,225,354,146,1,726,28,0,28,754
07/01/2001,CMH,OH,AGL,CE,Towers with Radar,171,171,32,4,378,1,3,56,0,60,172,174,88,4,438,20,0,20,458
07/02/2001,CMH,OH,AGL,CE,Towers with Radar,186,289,46,2,523,0,4,155,1,160,186,293,201,3,683,6,0,6,689
07/03/2001,CMH,OH,AGL,CE,Towers with Radar,180,326,53,8,567,0,4,165,0,169,180,330,218,8,736,12,0,12,748
07/04/2001,CMH,OH,AGL,CE,Towers with Radar,157,279,18,9,463,0,4,48,0,52,157,283,66,9,515,14,0,14,529
07/05/2001,CMH,OH,AGL,CE,Towers with Radar,193,287,57,9,546,0,4,140,0,144,193,291,197,9,690,40,0,40,730
07/06/2001,CMH,OH,AGL,CE,Towers with Radar,199,346,79,3,627,0,1,101,0,102,199,347,180,3,729,70,0,70,799
07/07/2001,CMH,OH,AGL,CE,Towers with Radar,140,158,28,1,327,0,4,48,0,52,140,162,76,1,379,50,0,50,429
07/08/2001,CMH,OH,AGL,CE,Towers with Radar,185,223,38,2,448,0,4,55,0,59,185,227,93,2,507,0,0,0,507
07/09/2001,CMH,OH,AGL,CE,Towers with Radar,202,320,82,1,605,0,4,105,0,109,202,324,187,1,714,4,0,4,718
07/10/2001,CMH,OH,AGL,CE,Towers with Radar,204,390,98,5,697,0,4,156,0,160,204,394,254,5,857,28,0,28,885
07/11/2001,CMH,OH,AGL,CE,Towers with Radar,197,420,77,12,706,0,4,132,0,136,197,424,209,12,842,66,0,66,908
07/12/2001,CMH,OH,AGL,CE,Towers with Radar,210,404,117,10,741,0,4,187,0,191,210,408,304,10,932,45,2,47,979
07/13/2001,CMH,OH,AGL,CE,Towers with Radar,202,341,87,8,638,0,4,114,0,118,202,345,201,8,756,41,0,41,797
07/14/2001,CMH,OH,AGL,CE,Towers with Radar,169,187,35,4,395,0,4,63,0,67,169,191,98,4,462,42,0,42,504
07/15/2001,CMH,OH,AGL,CE,Towers with Radar,180,218,57,1,456,0,4,152,0,156,180,222,209,1,612,16,0,16,628
07/16/2001,CMH,OH,AGL,CE,Towers with Radar,201,302,69,6,578,0,4,118,0,122,201,306,187,6,700,10,0,10,710
07/17/2001,CMH,OH,AGL,CE,Towers with Radar,198,433,109,14,754,0,4,50,0,54,198,437,159,14,808,0,0,0,808
07/18/2001,CMH,OH,AGL,CE,Towers with Radar,206,409,94,5,714,0,20,63,0,83,206,429,157,5,797,26,0,26,823
07/19/2001,CMH,OH,AGL,CE,Towers with Radar,207,430,113,4,754,0,3,58,0,61,207,433,171,4,815,0,22,22,837
07/20/2001,CMH,OH,AGL,CE,Towers with Radar,207,372,112,2,693,0,3,54,1,58,207,375,166,3,751,4,0,4,755
07/21/2001,CMH,OH,AGL,CE,Towers with Radar,147,170,55,1,373,16,0,29,0,45,163,170,84,1,418,12,0,12,430
07/22/2001,CMH,OH,AGL,CE,Towers with Radar,156,223,59,3,441,36,0,41,2,79,192,223,100,5,520,30,0,30,550
07/23/2001,CMH,OH,AGL,CE,Towers with Radar,202,304,93,4,603,0,3,81,1,85,202,307,174,5,688,7,0,7,695
07/24/2001,CMH,OH,AGL,CE,Towers with Radar,207,414,103,2,726,0,3,70,0,73,207,417,173,2,799,38,0,38,837
07/25/2001,CMH,OH,AGL,CE,Towers with Radar,205,404,104,4,717,0,3,63,0,66,205,407,167,4,783,10,0,10,793
07/26/2001,CMH,OH,AGL,CE,Towers with Radar,201,415,94,5,715,0,3,104,0,107,201,418,198,5,822,45,0,45,867
07/27/2001,CMH,OH,AGL,CE,Towers with Radar,214,372,91,6,683,0,3,145,0,148,214,375,236,6,831,32,0,32,863
07/28/2001,CMH,OH,AGL,CE,Towers with Radar,170,193,37,3,403,0,3,48,2,53,170,196,85,5,456,53,0,53,509
07/29/2001,CMH,OH,AGL,CE,Towers with Radar,179,214,35,8,436,0,3,47,0,50,179,217,82,8,486,20,0,20,506
07/30/2001,CMH,OH,AGL,CE,Towers with Radar,200,319,75,5,599,6,0,108,0,114,206,319,183,5,713,24,0,24,737
07/31/2001,CMH,OH,AGL,CE,Towers with Radar,193,419,107,6,725,0,3,125,0,128,193,422,232,6,853,33,0,33,886
08/01/2001,CMH,OH,AGL,CE,Towers with Radar,216,413,105,8,742,1,1,147,0,149,217,414,252,8,891,6,0,6,897
08/02/2001,CMH,OH,AGL,CE,Towers with Radar,196,412,77,5,690,1,1,62,0,64,197,413,139,5,754,50,0,50,804
08/03/2001,CMH,OH,AGL,CE,Towers with Radar,204,344,85,5,638,1,1,47,0,49,205,345,132,5,687,10,0,10,697
08/04/2001,CMH,OH,AGL,CE,Towers with Radar,170,184,18,2,374,1,1,84,0,86,171,185,102,2,460,12,0,12,472
08/05/2001,CMH,OH,AGL,CE,Towers with Radar,176,211,40,5,432,1,1,95,0,97,177,212,135,5,529,6,0,6,535
08/06/2001,CMH,OH,AGL,CE,Towers with Radar,200,328,81,0,609,1,1,135,1,138,201,329,216,1,747,12,0,12,759
08/07/2001,CMH,OH,AGL,CE,Towers with Radar,207,422,90,8,727,1,1,101,1,104,208,423,191,9,831,24,0,24,855
08/08/2001,CMH,OH,AGL,CE,Towers with Radar,199,439,112,3,753,0,2,108,1,111,199,441,220,4,864,12,0,12,876
08/09/2001,CMH,OH,AGL,CE,Towers with Radar,210,403,102,3,718,0,2,68,1,71,210,405,170,4,789,3,0,3,792
08/10/2001,CMH,OH,AGL,CE,Towers with Radar,196,346,84,2,628,0,2,75,1,78,196,348,159,3,706,16,0,16,722
08/11/2001,CMH,OH,AGL,CE,Towers with Radar,166,198,60,2,426,0,2,84,1,87,166,200,144,3,513,10,0,10,523
08/12/2001,CMH,OH,AGL,CE,Towers with Radar,180,210,51,0,441,0,2,62,1,65,180,212,113,1,506,4,0,4,510
08/13/2001,CMH,OH,AGL,CE,Towers with Radar,196,318,65,7,586,0,2,70,0,72,196,320,135,7,658,8,0,8,666
08/14/2001,CMH,OH,AGL,CE,Towers with Radar,196,412,101,4,713,0,2,123,0,125,196,414,224,4,838,34,0,34,872
08/15/2001,CMH,OH,AGL,CE,Towers with Radar,201,419,105,3,728,0,0,122,0,122,201,419,227,3,850,52,0,52,902
08/16/2001,CMH,OH,AGL,CE,Towers with Radar,204,400,78,2,684,0,2,64,0,66,204,402,142,2,750,4,0,4,754
08/17/2001,CMH,OH,AGL,CE,Towers with Radar,201,358,71,3,633,0,1,104,0,105,201,359,175,3,738,0,0,0,738
08/18/2001,CMH,OH,AGL,CE,Towers with Radar,164,191,28,9,392,0,1,39,0,40,164,192,67,9,432,22,0,22,454
08/19/2001,CMH,OH,AGL,CE,Towers with Radar,185,212,37,2,436,0,1,44,0,45,185,213,81,2,481,52,0,52,533
08/20/2001,CMH,OH,AGL,CE,Towers with Radar,194,315,69,7,585,0,1,117,0,118,194,316,186,7,703,36,0,36,739
08/21/2001,CMH,OH,AGL,CE,Towers with Radar,193,417,102,7,719,0,1,126,0,127,193,418,228,7,846,6,0,6,852
08/22/2001,CMH,OH,AGL,CE,Towers with Radar,194,386,90,1,671,0,1,94,0,95,194,387,184,1,766,26,0,26,792
08/23/2001,CMH,OH,AGL,CE,Towers with Radar,211,421,107,10,749,0,1,60,0,61,211,422,167,10,810,0,0,0,810
08/24/2001,CMH,OH,AGL,CE,Towers with Radar,201,398,95,3,697,0,0,79,0,79,201,398,174,3,776,0,0,0,776
08/25/2001,CMH,OH,AGL,CE,Towers with Radar,130,225,52,2,409,32,4,19,0,55,162,229,71,2,464,35,0,35,499
08/26/2001,CMH,OH,AGL,CE,Towers with Radar,130,225,52,2,409,52,1,7,0,60,182,226,59,2,469,2,0,2,471
08/27/2001,CMH,OH,AGL,CE,Towers with Radar,206,307,68,6,587,0,1,90,0,91,206,308,158,6,678,69,0,69,747
08/28/2001,CMH,OH,AGL,CE,Towers with Radar,206,411,105,5,727,0,1,94,0,95,206,412,199,5,822,25,0,25,847
08/29/2001,CMH,OH,AGL,CE,Towers with Radar,201,410,118,8,737,0,1,131,0,132,201,411,249,8,869,32,0,32,901
08/30/2001,CMH,OH,AGL,CE,Towers with Radar,195,386,137,6,724,0,1,93,0,94,195,387,230,6,818,57,0,57,875
08/31/2001,CMH,OH,AGL,CE,Towers with Radar,188,312,50,4,554,0,1,46,0,47,188,313,96,4,601,0,0,0,601
09/01/2001,CMH,OH,AGL,CE,Towers with Radar,169,183,30,0,382,0,2,89,0,91,169,185,119,0,473,0,0,0,473
09/02/2001,CMH,OH,AGL,CE,Towers with Radar,141,158,22,2,323,0,2,61,0,63,141,160,83,2,386,40,0,40,426
09/03/2001,CMH,OH,AGL,CE,Towers with Radar,188,223,27,4,442,0,2,79,0,81,188,225,106,4,523,36,0,36,559
09/04/2001,CMH,OH,AGL,CE,Towers with Radar,167,319,74,4,564,34,14,21,8,77,201,333,95,12,641,0,0,0,641
09/05/2001,CMH,OH,AGL,CE,Towers with Radar,215,424,95,11,745,0,2,100,0,102,215,426,195,11,847,38,0,38,885
09/06/2001,CMH,OH,AGL,CE,Towers with Radar,195,433,59,12,699,0,2,159,0,161,195,435,218,12,860,26,0,26,886
09/07/2001,CMH,OH,AGL,CE,Towers with Radar,191,383,101,8,683,0,2,119,0,121,191,385,220,8,804,38,0,38,842
09/08/2001,CMH,OH,AGL,CE,Towers with Radar,160,214,36,1,411,0,2,85,0,87,160,216,121,1,498,36,0,36,534
09/09/2001,CMH,OH,AGL,CE,Towers with Radar,159,246,43,3,451,0,2,91,0,93,159,248,134,3,544,16,0,16,560
09/10/2001,CMH,OH,AGL,CE,Towers with Radar,180,337,97,3,617,0,2,93,0,95,180,339,190,3,712,4,0,4,716
09/11/2001,CMH,OH,AGL,CE,Towers with Radar,53,163,29,3,248,0,2,71,0,73,53,165,100,3,321,4,0,4,325
09/12/2001,CMH,OH,AGL,CE,Towers with Radar,1,0,14,0,15,0,1,20,0,21,1,1,34,0,36,0,0,0,36
09/13/2001,CMH,OH,AGL,CE,Towers with Radar,27,97,17,0,141,0,2,20,0,22,27,99,37,0,163,0,0,0,163
09/14/2001,CMH,OH,AGL,CE,Towers with Radar,45,83,19,0,147,8,17,22,0,47,53,100,41,0,194,0,0,0,194
09/15/2001,CMH,OH,AGL,CE,Towers with Radar,109,204,56,3,372,0,2,51,0,53,109,206,107,3,425,2,0,2,427
09/16/2001,CMH,OH,AGL,CE,Towers with Radar,129,254,54,1,438,0,2,91,0,93,129,256,145,1,531,4,0,4,535
09/17/2001,CMH,OH,AGL,CE,Towers with Radar,145,333,61,3,542,0,2,34,0,36,145,335,95,3,578,6,0,6,584
09/18/2001,CMH,OH,AGL,CE,Towers with Radar,144,428,75,4,651,0,2,19,0,21,144,430,94,4,672,4,0,4,676
09/19/2001,CMH,OH,AGL,CE,Towers with Radar,177,336,103,0,616,0,2,22,0,24,177,338,125,0,640,0,0,0,640
09/20/2001,CMH,OH,AGL,CE,Towers with Radar,152,417,91,6,666,0,2,62,0,64,152,419,153,6,730,12,0,12,742
09/21/2001,CMH,OH,AGL,CE,Towers with Radar,154,353,76,5,588,0,2,61,0,63,154,355,137,5,651,18,0,18,669
09/22/2001,CMH,OH,AGL,CE,Towers with Radar,128,196,41,1,366,0,2,48,0,50,128,198,89,1,416,4,0,4,420
09/23/2001,CMH,OH,AGL,CE,Towers with Radar,144,220,52,2,418,0,2,76,0,78,144,222,128,2,496,42,0,42,538
09/24/2001,CMH,OH,AGL,CE,Towers with Radar,163,326,105,1,595,0,2,31,0,33,163,328,136,1,628,8,0,8,636
09/25/2001,CMH,OH,AGL,CE,Towers with Radar,161,432,92,5,690,0,2,56,0,58,161,434,148,5,748,32,0,32,780
09/26/2001,CMH,OH,AGL,CE,Towers with Radar,163,416,108,4,691,0,1,62,0,63,163,417,170,4,754,50,0,50,804
09/27/2001,CMH,OH,AGL,CE,Towers with Radar,171,402,110,8,691,0,1,74,0,75,171,403,184,8,766,32,0,32,798
09/28/2001,CMH,OH,AGL,CE,Towers with Radar,163,348,85,5,601,0,0,82,2,84,163,348,167,7,685,22,0,22,707
09/29/2001,CMH,OH,AGL,CE,Towers with Radar,126,188,56,3,373,9,0,83,6,98,135,188,139,9,471,2,0,2,473
09/30/2001,CMH,OH,AGL,CE,Towers with Radar,148,212,65,0,425,0,1,120,0,121,148,213,185,0,546,8,0,8,554
10/01/2001,CMH,OH,AGL,CE,Towers with Radar,142,326,94,5,567,0,0,103,0,103,142,326,197,5,670,3,0,3,673
10/02/2001,CMH,OH,AGL,CE,Towers with Radar,141,420,96,4,661,0,0,121,0,121,141,420,217,4,782,15,0,15,797
10/03/2001,CMH,OH,AGL,CE,Towers with Radar,151,412,106,17,686,0,0,94,0,94,151,412,200,17,780,96,0,96,876
10/04/2001,CMH,OH,AGL,CE,Towers with Radar,152,409,91,4,656,0,0,129,10,139,152,409,220,14,795,13,0,13,808
10/05/2001,CMH,OH,AGL,CE,Towers with Radar,151,351,84,5,591,0,7,40,1,48,151,358,124,6,639,37,0,37,676
10/06/2001,CMH,OH,AGL,CE,Towers with Radar,99,172,52,2,325,33,0,27,0,60,132,172,79,2,385,12,0,12,397
10/07/2001,CMH,OH,AGL,CE,Towers with Radar,162,201,53,0,416,0,0,108,0,108,162,201,161,0,524,54,0,54,578
10/08/2001,CMH,OH,AGL,CE,Towers with Radar,158,286,76,3,523,0,0,119,0,119,158,286,195,3,642,14,0,14,656
10/09/2001,CMH,OH,AGL,CE,Towers with Radar,157,329,98,4,588,0,0,120,0,120,157,329,218,4,708,128,0,128,836
10/10/2001,CMH,OH,AGL,CE,Towers with Radar,162,454,88,10,714,0,0,118,0,118,162,454,206,10,832,32,0,32,864
10/11/2001,CMH,OH,AGL,CE,Towers with Radar,156,417,92,5,670,0,0,84,0,84,156,417,176,5,754,10,0,10,764
10/12/2001,CMH,OH,AGL,CE,Towers with Radar,155,379,86,6,626,0,0,30,0,30,155,379,116,6,656,34,0,34,690
10/13/2001,CMH,OH,AGL,CE,Towers with Radar,122,188,40,6,356,0,0,60,0,60,122,188,100,6,416,28,0,28,444
10/14/2001,CMH,OH,AGL,CE,Towers with Radar,148,216,51,3,418,1,0,4,0,5,149,216,55,3,423,15,0,15,438
10/15/2001,CMH,OH,AGL,CE,Towers with Radar,150,312,97,6,565,0,0,95,0,95,150,312,192,6,660,20,0,20,680
10/16/2001,CMH,OH,AGL,CE,Towers with Radar,148,391,89,4,632,0,0,21,0,21,148,391,110,4,653,21,0,21,674
10/17/2001,CMH,OH,AGL,CE,Towers with Radar,150,403,91,5,649,0,0,77,0,77,150,403,168,5,726,62,0,62,788
10/18/2001,CMH,OH,AGL,CE,Towers with Radar,158,387,109,12,666,0,0,123,0,123,158,387,232,12,789,1,0,1,790
10/19/2001,CMH,OH,AGL,CE,Towers with Radar,150,342,92,5,589,0,0,113,1,114,150,342,205,6,703,0,0,0,703
10/20/2001,CMH,OH,AGL,CE,Towers with Radar,138,198,33,3,372,0,0,110,0,110,138,198,143,3,482,14,0,14,496
10/21/2001,CMH,OH,AGL,CE,Towers with Radar,144,216,61,1,422,0,2,54,0,56,144,218,115,1,478,15,0,15,493
10/22/2001,CMH,OH,AGL,CE,Towers with Radar,145,307,87,1,540,0,0,123,0,123,145,307,210,1,663,22,0,22,685
10/23/2001,CMH,OH,AGL,CE,Towers with Radar,152,365,87,5,609,0,66,40,1,107,152,431,127,6,716,0,0,0,716
10/24/2001,CMH,OH,AGL,CE,Towers with Radar,157,401,107,2,667,0,0,48,0,48,157,401,155,2,715,0,0,0,715
10/25/2001,CMH,OH,AGL,CE,Towers with Radar,156,407,66,4,633,0,0,50,0,50,156,407,116,4,683,4,0,4,687
10/26/2001,CMH,OH,AGL,CE,Towers with Radar,142,315,75,4,536,15,32,33,2,82,157,347,108,6,618,12,0,12,630
10/27/2001,CMH,OH,AGL,CE,Towers with Radar,123,138,36,3,300,0,0,56,0,56,123,138,92,3,356,26,0,26,382
10/28/2001,CMH,OH,AGL,CE,Towers with Radar,136,226,46,7,415,1,0,28,0,29,137,226,74,7,444,43,0,43,487
10/29/2001,CMH,OH,AGL,CE,Towers with Radar,148,327,66,4,545,0,0,109,0,109,148,327,175,4,654,12,0,12,666
10/30/2001,CMH,OH,AGL,CE,Towers with Radar,149,402,104,4,659,0,0,117,0,117,149,402,221,4,776,92,0,92,868
10/31/2001,CMH,OH,AGL,CE,Towers with Radar,151,413,76,9,649,0,0,138,0,138,151,413,214,9,787,26,0,26,813
11/01/2001,CMH,OH,AGL,CE,Towers with Radar,164,410,101,8,683,2,1,73,0,76,166,411,174,8,759,16,0,16,775
11/02/2001,CMH,OH,AGL,CE,Towers with Radar,160,352,89,4,605,2,1,50,0,53,162,353,139,4,658,4,0,4,662
11/03/2001,CMH,OH,AGL,CE,Towers with Radar,128,189,55,2,374,2,1,106,0,109,130,190,161,2,483,20,0,20,503
11/04/2001,CMH,OH,AGL,CE,Towers with Radar,149,207,47,5,408,2,2,32,0,36,151,209,79,5,444,10,0,10,454
11/05/2001,CMH,OH,AGL,CE,Towers with Radar,151,295,71,6,523,1,2,130,0,133,152,297,201,6,656,21,0,21,677
11/06/2001,CMH,OH,AGL,CE,Towers with Radar,151,295,71,6,523,1,2,101,0,104,152,297,172,6,627,48,0,48,675
11/07/2001,CMH,OH,AGL,CE,Towers with Radar,162,448,94,6,710,1,2,112,0,115,163,450,206,6,825,18,0,18,843
11/08/2001,CMH,OH,AGL,CE,Towers with Radar,156,413,79,25,673,1,2,84,0,87,157,415,163,25,760,36,0,36,796
11/09/2001,CMH,OH,AGL,CE,Towers with Radar,164,348,80,7,599,0,5,132,4,141,164,353,212,11,740,14,0,14,754
11/10/2001,CMH,OH,AGL,CE,Towers with Radar,130,188,51,3,372,1,2,62,0,65,131,190,113,3,437,46,0,46,483
11/11/2001,CMH,OH,AGL,CE,Towers with Radar,149,217,44,2,412,1,2,69,0,72,150,219,113,2,484,41,0,41,525
11/12/2001,CMH,OH,AGL,CE,Towers with Radar,159,245,56,4,464,1,2,93,0,96,160,247,149,4,560,14,0,14,574
11/13/2001,CMH,OH,AGL,CE,Towers with Radar,159,312,105,2,578,1,1,103,0,105,160,313,208,2,683,0,4,4,687
11/14/2001,CMH,OH,AGL,CE,Towers with Radar,162,404,109,5,680,1,1,101,0,103,163,405,210,5,783,38,0,38,821
11/15/2001,CMH,OH,AGL,CE,Towers with Radar,164,397,120,4,685,1,1,118,0,120,165,398,238,4,805,8,4,12,817
11/16/2001,CMH,OH,AGL,CE,Towers with Radar,160,363,92,8,623,1,1,90,0,92,161,364,182,8,715,6,0,6,721
11/17/2001,CMH,OH,AGL,CE,Towers with Radar,129,229,44,1,403,1,1,40,0,42,130,230,84,1,445,46,0,46,491
11/18/2001,CMH,OH,AGL,CE,Towers with Radar,117,226,54,3,400,30,0,14,0,44,147,226,68,3,444,9,0,9,453
11/19/2001,CMH,OH,AGL,CE,Towers with Radar,164,302,72,10,548,1,1,49,0,51,165,303,121,10,599,46,0,46,645
11/20/2001,CMH,OH,AGL,CE,Towers with Radar,167,403,81,1,652,1,1,75,0,77,168,404,156,1,729,72,0,72,801
11/21/2001,CMH,OH,AGL,CE,Towers with Radar,161,383,73,11,628,1,1,116,0,118,162,384,189,11,746,21,0,21,767
11/22/2001,CMH,OH,AGL,CE,Towers with Radar,125,225,17,2,369,1,1,48,0,50,126,226,65,2,419,10,0,10,429
11/23/2001,CMH,OH,AGL,CE,Towers with Radar,106,145,23,7,281,1,1,105,0,107,107,146,128,7,388,12,0,12,400
11/24/2001,CMH,OH,AGL,CE,Towers with Radar,127,151,26,3,307,1,1,37,0,39,128,152,63,3,346,42,0,42,388
11/25/2001,CMH,OH,AGL,CE,Towers with Radar,151,209,35,0,395,1,1,39,0,41,152,210,74,0,436,12,0,12,448
11/26/2001,CMH,OH,AGL,CE,Towers with Radar,147,298,69,3,517,15,2,93,0,110,162,300,162,3,627,34,0,34,661
11/27/2001,CMH,OH,AGL,CE,Towers with Radar,163,384,73,4,624,1,1,44,0,46,164,385,117,4,670,22,0,22,692
11/28/2001,CMH,OH,AGL,CE,Towers with Radar,160,390,95,7,652,0,0,106,3,109,160,390,201,10,761,32,0,32,793
11/29/2001,CMH,OH,AGL,CE,Towers with Radar,152,404,93,1,650,1,1,10,0,12,153,405,103,1,662,0,0,0,662
11/30/2001,CMH,OH,AGL,CE,Towers with Radar,161,362,84,6,613,0,0,69,3,72,161,362,153,9,685,0,0,0,685
12/01/2001,CMH,OH,AGL,CE,Towers with Radar,138,213,49,0,400,0,0,68,0,68,138,213,117,0,468,22,0,22,490
12/02/2001,CMH,OH,AGL,CE,Towers with Radar,158,232,31,2,423,0,0,79,0,79,158,232,110,2,502,25,0,25,527
12/03/2001,CMH,OH,AGL,CE,Towers with Radar,172,308,69,7,556,0,0,108,0,108,172,308,177,7,664,32,0,32,696
12/04/2001,CMH,OH,AGL,CE,Towers with Radar,176,415,88,6,685,0,0,108,0,108,176,415,196,6,793,38,0,38,831
12/05/2001,CMH,OH,AGL,CE,Towers with Radar,166,430,102,3,701,0,0,119,0,119,166,430,221,3,820,10,0,10,830
12/06/2001,CMH,OH,AGL,CE,Towers with Radar,175,410,101,10,696,0,0,42,0,42,175,410,143,10,738,12,0,12,750
12/07/2001,CMH,OH,AGL,CE,Towers with Radar,179,369,81,4,633,0,0,66,0,66,179,369,147,4,699,3,0,3,702
12/08/2001,CMH,OH,AGL,CE,Towers with Radar,154,191,29,2,376,0,0,75,0,75,154,191,104,2,451,2,0,2,453
12/09/2001,CMH,OH,AGL,CE,Towers with Radar,132,219,45,1,397,32,0,52,0,84,164,219,97,1,481,28,14,42,523
12/10/2001,CMH,OH,AGL,CE,Towers with Radar,168,318,61,4,551,0,0,82,0,82,168,318,143,4,633,29,0,29,662
12/11/2001,CMH,OH,AGL,CE,Towers with Radar,174,412,78,5,669,0,8,126,3,137,174,420,204,8,806,15,0,15,821
12/12/2001,CMH,OH,AGL,CE,Towers with Radar,176,449,107,10,742,0,0,86,0,86,176,449,193,10,828,37,0,37,865
12/13/2001,CMH,OH,AGL,CE,Towers with Radar,185,411,93,7,696,0,0,20,0,20,185,411,113,7,716,0,0,0,716
12/14/2001,CMH,OH,AGL,CE,Towers with Radar,179,363,89,5,636,0,0,32,0,32,179,363,121,5,668,0,0,0,668
12/15/2001,CMH,OH,AGL,CE,Towers with Radar,159,193,51,2,405,0,26,0,0,26,159,219,51,2,431,9,0,9,440
12/16/2001,CMH,OH,AGL,CE,Towers with Radar,171,210,44,4,429,0,0,77,0,77,171,210,121,4,506,18,0,18,524
12/17/2001,CMH,OH,AGL,CE,Towers with Radar,176,304,82,2,564,0,0,0,0,0,176,304,82,2,564,0,0,0,564
12/18/2001,CMH,OH,AGL,CE,Towers with Radar,180,425,68,8,681,0,0,63,0,63,180,425,131,8,744,6,0,6,750
12/19/2001,CMH,OH,AGL,CE,Towers with Radar,187,431,93,3,714,0,0,64,0,64,187,431,157,3,778,20,0,20,798
12/20/2001,CMH,OH,AGL,CE,Towers with Radar,189,399,74,8,670,0,0,115,0,115,189,399,189,8,785,19,0,19,804
12/21/2001,CMH,OH,AGL,CE,Towers with Radar,184,358,75,6,623,0,0,151,0,151,184,358,226,6,774,6,0,6,780
12/22/2001,CMH,OH,AGL,CE,Towers with Radar,158,185,33,0,376,0,0,62,0,62,158,185,95,0,438,10,0,10,448
12/23/2001,CMH,OH,AGL,CE,Towers with Radar,158,188,13,1,360,0,0,5,0,5,158,188,18,1,365,0,0,0,365
12/24/2001,CMH,OH,AGL,CE,Towers with Radar,149,193,10,1,353,0,0,56,0,56,149,193,66,1,409,0,0,0,409
12/25/2001,CMH,OH,AGL,CE,Towers with Radar,150,244,10,1,405,0,0,30,0,30,150,244,40,1,435,0,0,0,435
12/26/2001,CMH,OH,AGL,CE,Towers with Radar,174,287,39,2,502,0,0,31,0,31,174,287,70,2,533,14,0,14,547
12/27/2001,CMH,OH,AGL,CE,Towers with Radar,179,362,45,4,590,0,0,62,0,62,179,362,107,4,652,2,0,2,654
12/28/2001,CMH,OH,AGL,CE,Towers with Radar,182,334,32,5,553,0,0,23,0,23,182,334,55,5,576,17,0,17,593
12/29/2001,CMH,OH,AGL,CE,Towers with Radar,160,182,22,2,366,0,0,31,0,31,160,182,53,2,397,0,0,0,397
12/30/2001,CMH,OH,AGL,CE,Towers with Radar,161,193,31,1,386,0,0,62,0,62,161,193,93,1,448,0,0,0,448
12/31/2001,CMH,OH,AGL,CE,Towers with Radar,115,207,41,1,364,48,15,18,0,81,163,222,59,1,445,18,0,18,463
01/01/2002,CMH,OH,AGL,CE,Towers with Radar,163,276,25,1,465,0,0,33,0,33,163,276,58,1,498,0,0,0,498
01/02/2002,CMH,OH,AGL,CE,Towers with Radar,175,294,35,8,512,0,0,66,0,66,175,294,101,8,578,0,0,0,578
01/03/2002,CMH,OH,AGL,CE,Towers with Radar,157,406,71,8,642,0,0,84,0,84,157,406,155,8,726,12,0,12,738
01/04/2002,CMH,OH,AGL,CE,Towers with Radar,171,332,60,3,566,0,0,131,0,131,171,332,191,3,697,0,0,0,697
01/05/2002,CMH,OH,AGL,CE,Towers with Radar,151,195,34,1,381,0,0,88,0,88,151,195,122,1,469,10,0,10,479
01/06/2002,CMH,OH,AGL,CE,Towers with Radar,155,224,15,1,395,0,0,3,0,3,155,224,18,1,398,0,4,4,402
01/07/2002,CMH,OH,AGL,CE,Towers with Radar,144,289,55,0,488,31,33,47,0,111,175,322,102,0,599,0,0,0,599
01/08/2002,CMH,OH,AGL,CE,Towers with Radar,174,423,85,9,691,0,0,94,0,94,174,423,179,9,785,2,0,2,787
01/09/2002,CMH,OH,AGL,CE,Towers with Radar,172,408,79,5,664,0,0,97,0,97,172,408,176,5,761,52,0,52,813
01/10/2002,CMH,OH,AGL,CE,Towers with Radar,170,411,93,5,679,0,0,47,0,47,170,411,140,5,726,0,0,0,726
01/11/2002,CMH,OH,AGL,CE,Towers with Radar,171,353,82,5,611,0,0,76,0,76,171,353,158,5,687,28,0,28,715
01/12/2002,CMH,OH,AGL,CE,Towers with Radar,172,172,12,0,356,0,0,58,0,58,172,172,70,0,414,22,0,22,436
01/13/2002,CMH,OH,AGL,CE,Towers with Radar,162,234,41,2,439,0,0,101,0,101,162,234,142,2,540,0,0,0,540
01/14/2002,CMH,OH,AGL,CE,Towers with Radar,164,359,72,6,601,0,0,93,0,93,164,359,165,6,694,2,0,2,696
01/15/2002,CMH,OH,AGL,CE,Towers with Radar,171,435,68,3,677,0,0,54,0,54,171,435,122,3,731,2,0,2,733
01/16/2002,CMH,OH,AGL,CE,Towers with Radar,171,436,92,2,701,0,0,96,0,96,171,436,188,2,797,10,0,10,807
01/17/2002,CMH,OH,AGL,CE,Towers with Radar,172,424,82,5,683,0,5,74,1,80,172,429,156,6,763,54,0,54,817
01/18/2002,CMH,OH,AGL,CE,Towers with Radar,176,386,84,5,651,0,0,86,0,86,176,386,170,5,737,26,0,26,763
01/19/2002,CMH,OH,AGL,CE,Towers with Radar,100,192,31,1,324,50,0,0,0,50,150,192,31,1,374,0,0,0,374
01/20/2002,CMH,OH,AGL,CE,Towers with Radar,157,232,42,3,434,0,0,33,0,33,157,232,75,3,467,12,0,12,479
01/21/2002,CMH,OH,AGL,CE,Towers with Radar,168,295,73,1,537,0,0,48,0,48,168,295,121,1,585,30,0,30,615
01/22/2002,CMH,OH,AGL,CE,Towers with Radar,171,348,80,8,607,0,0,138,0,138,171,348,218,8,745,59,0,59,804
01/23/2002,CMH,OH,AGL,CE,Towers with Radar,163,435,87,4,689,0,0,18,0,18,163,435,105,4,707,0,0,0,707
01/24/2002,CMH,OH,AGL,CE,Towers with Radar,171,439,91,5,706,0,0,11,0,11,171,439,102,5,717,22,0,22,739
01/25/2002,CMH,OH,AGL,CE,Towers with Radar,172,374,98,3,647,0,0,141,0,141,172,374,239,3,788,9,0,9,797
01/26/2002,CMH,OH,AGL,CE,Towers with Radar,147,218,37,0,402,0,0,55,0,55,147,218,92,0,457,42,0,42,499
01/27/2002,CMH,OH,AGL,CE,Towers with Radar,169,255,51,3,478,0,0,107,0,107,169,255,158,3,585,12,0,12,597
01/28/2002,CMH,OH,AGL,CE,Towers with Radar,175,345,70,4,594,0,0,126,4,130,175,345,196,8,724,38,0,38,762
01/29/2002,CMH,OH,AGL,CE,Towers with Radar,167,448,83,3,701,0,0,93,0,93,167,448,176,3,794,37,0,37,831
01/30/2002,CMH,OH,AGL,CE,Towers with Radar,167,415,89,3,674,0,0,0,0,0,167,415,89,3,674,14,0,14,688
01/31/2002,CMH,OH,AGL,CE,Towers with Radar,166,403,98,3,670,0,0,26,0,26,166,403,124,3,696,0,0,0,696
02/01/2002,CMH,OH,AGL,CE,Towers with Radar,162,365,64,5,596,2,0,23,0,25,164,365,87,5,621,12,0,12,633
02/02/2002,CMH,OH,AGL,CE,Towers with Radar,148,202,23,1,374,1,0,82,0,83,149,202,105,1,457,8,0,8,465
02/03/2002,CMH,OH,AGL,CE,Towers with Radar,147,232,29,0,408,1,0,64,1,66,148,232,93,1,474,10,12,22,496
02/04/2002,CMH,OH,AGL,CE,Towers with Radar,140,316,56,2,514,20,20,76,1,117,160,336,132,3,631,2,0,2,633
02/05/2002,CMH,OH,AGL,CE,Towers with Radar,173,449,80,3,705,0,0,145,1,146,173,449,225,4,851,11,0,11,862
02/06/2002,CMH,OH,AGL,CE,Towers with Radar,158,421,75,1,655,0,13,131,0,144,158,434,206,1,799,32,0,32,831
02/07/2002,CMH,OH,AGL,CE,Towers with Radar,167,427,76,12,682,1,0,95,0,96,168,427,171,12,778,42,0,42,820
02/08/2002,CMH,OH,AGL,CE,Towers with Radar,171,399,92,3,665,1,0,115,0,116,172,399,207,3,781,36,0,36,817
02/09/2002,CMH,OH,AGL,CE,Towers with Radar,155,222,33,3,413,1,0,75,0,76,156,222,108,3,489,0,0,0,489
02/10/2002,CMH,OH,AGL,CE,Towers with Radar,152,249,37,1,439,1,0,23,0,24,153,249,60,1,463,10,0,10,473
02/11/2002,CMH,OH,AGL,CE,Towers with Radar,154,346,61,3,564,18,1,98,0,117,172,347,159,3,681,10,0,10,691
02/12/2002,CMH,OH,AGL,CE,Towers with Radar,157,427,76,1,661,0,24,87,0,111,157,451,163,1,772,44,0,44,816
02/13/2002,CMH,OH,AGL,CE,Towers with Radar,162,445,84,5,696,1,0,129,0,130,163,445,213,5,826,24,0,24,850
02/14/2002,CMH,OH,AGL,CE,Towers with Radar,171,419,84,4,678,1,0,127,0,128,172,419,211,4,806,18,0,18,824
02/15/2002,CMH,OH,AGL,CE,Towers with Radar,161,348,67,0,576,1,0,117,0,118,162,348,184,0,694,2,0,2,696
02/16/2002,CMH,OH,AGL,CE,Towers with Radar,155,188,18,0,361,1,0,19,0,20,156,188,37,0,381,8,0,8,389
02/17/2002,CMH,OH,AGL,CE,Towers with Radar,110,232,43,2,387,42,0,3,0,45,152,232,46,2,432,0,0,0,432
02/18/2002,CMH,OH,AGL,CE,Towers with Radar,164,293,82,3,542,0,0,133,0,133,164,293,215,3,675,42,0,42,717
02/19/2002,CMH,OH,AGL,CE,Towers with Radar,162,345,64,8,579,0,0,123,0,123,162,345,187,8,702,56,0,56,758
02/20/2002,CMH,OH,AGL,CE,Towers with Radar,166,444,67,5,682,0,0,36,0,36,166,444,103,5,718,42,0,42,760
02/21/2002,CMH,OH,AGL,CE,Towers with Radar,172,445,71,7,695,0,0,52,0,52,172,445,123,7,747,0,0,0,747
02/22/2002,CMH,OH,AGL,CE,Towers with Radar,165,393,90,3,651,0,0,50,0,50,165,393,140,3,701,26,0,26,727
02/23/2002,CMH,OH,AGL,CE,Towers with Radar,142,235,41,1,419,0,0,56,0,56,142,235,97,1,475,23,0,23,498
02/24/2002,CMH,OH,AGL,CE,Towers with Radar,151,305,46,5,507,1,0,94,0,95,152,305,140,5,602,50,0,50,652
02/25/2002,CMH,OH,AGL,CE,Towers with Radar,151,340,59,3,553,6,13,88,1,108,157,353,147,4,661,7,0,7,668
02/26/2002,CMH,OH,AGL,CE,Towers with Radar,161,383,67,3,614,0,53,14,1,68,161,436,81,4,682,114,0,114,796
02/27/2002,CMH,OH,AGL,CE,Towers with Radar,163,479,86,2,730,1,0,39,0,40,164,479,125,2,770,0,0,0,770
02/28/2002,CMH,OH,AGL,CE,Towers with Radar,162,435,104,7,708,1,0,90,0,91,163,435,194,7,799,10,0,10,809
03/01/2002,CMH,OH,AGL,CE,Towers with Radar,163,396,68,2,629,0,0,152,0,152,163,396,220,2,781,14,0,14,795
03/02/2002,CMH,OH,AGL,CE,Towers with Radar,137,214,3,4,358,0,0,30,0,30,137,214,33,4,388,2,0,2,390
03/03/2002,CMH,OH,AGL,CE,Towers with Radar,108,240,25,1,374,36,41,0,1,78,144,281,25,2,452,0,0,0,452
03/04/2002,CMH,OH,AGL,CE,Towers with Radar,143,321,57,2,523,19,8,88,0,115,162,329,145,2,638,8,0,8,646
03/05/2002,CMH,OH,AGL,CE,Towers with Radar,160,458,83,1,702,0,0,89,0,89,160,458,172,1,791,56,0,56,847
03/06/2002,CMH,OH,AGL,CE,Towers with Radar,163,461,93,3,720,0,0,105,0,105,163,461,198,3,825,45,0,45,870
03/07/2002,CMH,OH,AGL,CE,Towers with Radar,168,443,86,5,702,0,0,139,0,139,168,443,225,5,841,30,0,30,871
03/08/2002,CMH,OH,AGL,CE,Towers with Radar,165,396,85,2,648,0,0,105,0,105,165,396,190,2,753,17,0,17,770
03/09/2002,CMH,OH,AGL,CE,Towers with Radar,137,208,13,0,358,0,0,7,0,7,137,208,20,0,365,2,0,2,367
03/10/2002,CMH,OH,AGL,CE,Towers with Radar,60,7,22,1,90,63,0,59,0,122,123,7,81,1,212,0,0,0,212
03/11/2002,CMH,OH,AGL,CE,Towers with Radar,159,360,78,6,603,0,0,149,0,149,159,360,227,6,752,54,0,54,806
03/12/2002,CMH,OH,AGL,CE,Towers with Radar,159,442,89,2,692,0,0,79,0,79,159,442,168,2,771,0,0,0,771
03/13/2002,CMH,OH,AGL,CE,Towers with Radar,166,452,102,10,730,0,0,102,0,102,166,452,204,10,832,6,0,6,838
03/14/2002,CMH,OH,AGL,CE,Towers with Radar,160,426,98,4,688,0,0,173,0,173,160,426,271,4,861,26,0,26,887
03/15/2002,CMH,OH,AGL,CE,Towers with Radar,163,358,86,3,610,0,0,81,0,81,163,358,167,3,691,67,0,67,758
03/16/2002,CMH,OH,AGL,CE,Towers with Radar,138,232,34,4,408,0,0,50,0,50,138,232,84,4,458,10,0,10,468
03/17/2002,CMH,OH,AGL,CE,Towers with Radar,152,295,47,2,496,0,0,32,0,32,152,295,79,2,528,0,0,0,528
03/18/2002,CMH,OH,AGL,CE,Towers with Radar,164,364,78,2,608,0,0,58,0,58,164,364,136,2,666,40,0,40,706
03/19/2002,CMH,OH,AGL,CE,Towers with Radar,155,462,86,4,707,0,0,116,0,116,155,462,202,4,823,40,0,40,863
03/20/2002,CMH,OH,AGL,CE,Towers with Radar,157,414,75,4,650,0,23,83,6,112,157,437,158,10,762,0,0,0,762
03/21/2002,CMH,OH,AGL,CE,Towers with Radar,166,435,79,2,682,0,19,60,0,79,166,454,139,2,761,26,0,26,787
03/22/2002,CMH,OH,AGL,CE,Towers with Radar,169,395,80,2,646,0,0,99,0,99,169,395,179,2,745,30,0,30,775
03/23/2002,CMH,OH,AGL,CE,Towers with Radar,123,276,49,3,451,20,13,11,0,44,143,289,60,3,495,5,0,5,500
03/24/2002,CMH,OH,AGL,CE,Towers with Radar,122,276,49,3,450,21,13,51,0,85,143,289,100,3,535,46,0,46,581
03/25/2002,CMH,OH,AGL,CE,Towers with Radar,131,297,54,3,485,25,55,1,0,81,156,352,55,3,566,0,0,0,566
03/26/2002,CMH,OH,AGL,CE,Towers with Radar,154,349,64,1,568,5,79,8,0,92,159,428,72,1,660,56,0,56,716
03/27/2002,CMH,OH,AGL,CE,Towers with Radar,169,459,103,1,732,0,0,82,0,82,169,459,185,1,814,40,0,40,854
03/28/2002,CMH,OH,AGL,CE,Towers with Radar,165,426,83,3,677,0,0,149,0,149,165,426,232,3,826,50,0,50,876
03/29/2002,CMH,OH,AGL,CE,Towers with Radar,165,426,84,3,678,0,0,122,0,122,165,426,206,3,800,36,0,36,836
03/30/2002,CMH,OH,AGL,CE,Towers with Radar,143,215,36,1,395,0,0,98,0,98,143,215,134,1,493,26,0,26,519
03/31/2002,CMH,OH,AGL,CE,Towers with Radar,143,215,36,1,395,0,0,46,0,46,143,215,82,1,441,18,0,18,459
04/01/2002,CMH,OH,AGL,CE,Towers with Radar,162,324,72,5,563,2,9,118,0,129,164,333,190,5,692,39,0,39,731
04/02/2002,CMH,OH,AGL,CE,Towers with Radar,162,425,76,6,669,2,9,48,0,59,164,434,124,6,728,56,0,56,784
04/03/2002,CMH,OH,AGL,CE,Towers with Radar,164,435,76,4,679,1,10,56,2,69,165,445,132,6,748,11,0,11,759
04/04/2002,CMH,OH,AGL,CE,Towers with Radar,164,428,87,2,681,1,10,87,0,98,165,438,174,2,779,10,0,10,789
04/05/2002,CMH,OH,AGL,CE,Towers with Radar,162,363,78,7,610,1,10,100,0,111,163,373,178,7,721,15,0,15,736
04/06/2002,CMH,OH,AGL,CE,Towers with Radar,124,226,74,1,425,18,0,87,0,105,142,226,161,1,530,20,0,20,550
04/07/2002,CMH,OH,AGL,CE,Towers with Radar,137,312,82,4,535,18,0,25,0,43,155,312,107,4,578,0,0,0,578
04/08/2002,CMH,OH,AGL,CE,Towers with Radar,153,335,73,4,565,1,10,87,0,98,154,345,160,4,663,18,0,18,681
04/09/2002,CMH,OH,AGL,CE,Towers with Radar,160,469,76,1,706,1,10,82,0,93,161,479,158,1,799,26,0,26,825
04/10/2002,CMH,OH,AGL,CE,Towers with Radar,164,461,114,5,744,1,10,133,0,144,165,471,247,5,888,45,0,45,933
04/11/2002,CMH,OH,AGL,CE,Towers with Radar,165,438,116,4,723,0,0,140,0,140,165,438,256,4,863,50,0,50,913
04/12/2002,CMH,OH,AGL,CE,Towers with Radar,160,377,96,0,633,0,10,70,0,80,160,387,166,0,713,22,0,22,735
04/13/2002,CMH,OH,AGL,CE,Towers with Radar,148,213,46,9,416,1,10,25,0,36,149,223,71,9,452,6,0,6,458
04/14/2002,CMH,OH,AGL,CE,Towers with Radar,144,293,37,0,474,1,10,53,0,64,145,303,90,0,538,0,0,0,538
04/15/2002,CMH,OH,AGL,CE,Towers with Radar,155,361,102,4,622,1,10,103,0,114,156,371,205,4,736,22,0,22,758
04/16/2002,CMH,OH,AGL,CE,Towers with Radar,159,428,110,5,702,1,10,132,0,143,160,438,242,5,845,64,0,64,909
04/17/2002,CMH,OH,AGL,CE,Towers with Radar,159,428,110,5,702,1,10,119,0,130,160,438,229,5,832,33,0,33,865
04/18/2002,CMH,OH,AGL,CE,Towers with Radar,179,417,106,5,707,0,8,116,2,126,179,425,222,7,833,46,0,46,879
04/19/2002,CMH,OH,AGL,CE,Towers with Radar,156,344,92,0,592,1,10,87,0,98,157,354,179,0,690,11,0,11,701
04/20/2002,CMH,OH,AGL,CE,Towers with Radar,136,216,50,0,402,1,10,46,0,57,137,226,96,0,459,28,0,28,487
04/21/2002,CMH,OH,AGL,CE,Towers with Radar,147,301,49,4,501,1,10,40,0,51,148,311,89,4,552,16,0,16,568
04/22/2002,CMH,OH,AGL,CE,Towers with Radar,154,355,91,7,607,1,10,52,0,63,155,365,143,7,670,50,0,50,720
04/23/2002,CMH,OH,AGL,CE,Towers with Radar,161,462,115,6,744,1,10,208,0,219,162,472,323,6,963,60,0,60,1023
04/24/2002,CMH,OH,AGL,CE,Towers with Radar,158,430,100,5,693,1,10,141,0,152,159,440,241,5,845,20,0,20,865
04/25/2002,CMH,OH,AGL,CE,Towers with Radar,163,430,113,6,712,0,0,115,6,121,163,430,228,12,833,33,0,33,866
04/26/2002,CMH,OH,AGL,CE,Towers with Radar,160,383,107,6,656,0,0,192,2,194,160,383,299,8,850,43,0,43,893
04/27/2002,CMH,OH,AGL,CE,Towers with Radar,214,405,122,7,748,43,0,361,13,417,257,405,483,20,1165,22,0,22,1187
04/28/2002,CMH,OH,AGL,CE,Towers with Radar,149,253,65,0,467,1,9,25,0,35,150,262,90,0,502,5,2,7,509
04/29/2002,CMH,OH,AGL,CE,Towers with Radar,162,350,118,12,642,1,9,63,0,73,163,359,181,12,715,42,0,42,757
04/30/2002,CMH,OH,AGL,CE,Towers with Radar,169,447,88,4,708,1,9,125,0,135,170,456,213,4,843,44,0,44,887
05/01/2002,CMH,OH,AGL,CE,Towers with Radar,168,421,100,8,697,3,6,177,0,186,171,427,277,8,883,24,0,24,907
05/02/2002,CMH,OH,AGL,CE,Towers with Radar,178,404,87,6,675,3,6,79,0,88,181,410,166,6,763,20,0,20,783
05/03/2002,CMH,OH,AGL,CE,Towers with Radar,165,384,90,2,641,0,0,133,0,133,165,384,223,2,774,32,0,32,806
05/04/2002,CMH,OH,AGL,CE,Towers with Radar,150,205,48,1,404,3,6,91,0,100,153,211,139,1,504,4,0,4,508
05/05/2002,CMH,OH,AGL,CE,Towers with Radar,154,282,33,0,469,3,6,87,0,96,157,288,120,0,565,44,0,44,609
05/06/2002,CMH,OH,AGL,CE,Towers with Radar,169,352,66,3,590,3,6,72,0,81,172,358,138,3,671,27,0,27,698
05/07/2002,CMH,OH,AGL,CE,Towers with Radar,171,454,72,1,698,3,6,53,0,62,174,460,125,1,760,10,0,10,770
05/08/2002,CMH,OH,AGL,CE,Towers with Radar,158,453,98,5,714,3,6,9,0,18,161,459,107,5,732,6,0,6,738
05/09/2002,CMH,OH,AGL,CE,Towers with Radar,171,429,89,5,694,3,6,90,0,99,174,435,179,5,793,26,0,26,819
05/10/2002,CMH,OH,AGL,CE,Towers with Radar,172,382,95,5,654,0,0,183,5,188,172,382,278,10,842,22,0,22,864
05/11/2002,CMH,OH,AGL,CE,Towers with Radar,99,203,49,0,351,39,0,46,0,85,138,203,95,0,436,2,0,2,438
05/12/2002,CMH,OH,AGL,CE,Towers with Radar,140,261,18,0,419,2,7,12,0,21,142,268,30,0,440,4,0,4,444
05/13/2002,CMH,OH,AGL,CE,Towers with Radar,157,349,69,5,580,2,7,31,0,40,159,356,100,5,620,0,0,0,620
05/14/2002,CMH,OH,AGL,CE,Towers with Radar,177,450,97,6,730,2,7,106,0,115,179,457,203,6,845,40,0,40,885
05/15/2002,CMH,OH,AGL,CE,Towers with Radar,167,445,118,11,741,2,7,172,0,181,169,452,290,11,922,61,0,61,983
05/16/2002,CMH,OH,AGL,CE,Towers with Radar,161,433,102,1,697,2,7,123,0,132,163,440,225,1,829,74,0,74,903
05/17/2002,CMH,OH,AGL,CE,Towers with Radar,233,385,117,6,741,0,0,74,18,92,233,385,191,24,833,2,0,2,835
05/18/2002,CMH,OH,AGL,CE,Towers with Radar,143,206,60,1,410,2,7,69,0,78,145,213,129,1,488,18,0,18,506
05/19/2002,CMH,OH,AGL,CE,Towers with Radar,151,277,68,2,498,2,7,108,0,117,153,284,176,2,615,44,0,44,659
05/20/2002,CMH,OH,AGL,CE,Towers with Radar,170,346,89,3,608,2,7,104,0,113,172,353,193,3,721,22,0,22,743
05/21/2002,CMH,OH,AGL,CE,Towers with Radar,164,434,112,6,716,2,7,109,0,118,166,441,221,6,834,34,0,34,868
05/22/2002,CMH,OH,AGL,CE,Towers with Radar,166,442,112,6,726,2,7,205,0,214,168,449,317,6,940,33,0,33,973
05/23/2002,CMH,OH,AGL,CE,Towers with Radar,171,434,118,6,729,2,6,141,0,149,173,440,259,6,878,20,0,20,898
05/24/2002,CMH,OH,AGL,CE,Towers with Radar,166,374,78,1,619,2,6,103,0,111,168,380,181,1,730,34,0,34,764
05/25/2002,CMH,OH,AGL,CE,Towers with Radar,146,178,29,7,360,2,6,32,0,40,148,184,61,7,400,47,0,47,447
05/26/2002,CMH,OH,AGL,CE,Towers with Radar,129,187,36,1,353,2,6,72,0,80,131,193,108,1,433,6,0,6,439
05/27/2002,CMH,OH,AGL,CE,Towers with Radar,145,224,47,3,419,2,6,113,0,121,147,230,160,3,540,36,0,36,576
05/28/2002,CMH,OH,AGL,CE,Towers with Radar,165,331,58,4,558,2,6,78,0,86,167,337,136,4,644,0,0,0,644
05/29/2002,CMH,OH,AGL,CE,Towers with Radar,168,397,88,2,655,0,49,75,0,124,168,446,163,2,779,28,0,28,807
05/30/2002,CMH,OH,AGL,CE,Towers with Radar,165,408,90,2,665,0,21,69,0,90,165,429,159,2,755,22,0,22,777
05/31/2002,CMH,OH,AGL,CE,Towers with Radar,169,357,83,1,610,0,0,7,0,7,169,357,90,1,617,53,0,53,670
06/01/2002,CMH,OH,AGL,CE,Towers with Radar,131,191,36,8,366,5,0,48,0,53,136,191,84,8,419,62,0,62,481
06/02/2002,CMH,OH,AGL,CE,Towers with Radar,144,291,41,1,477,6,0,71,0,77,150,291,112,1,554,0,0,0,554
06/03/2002,CMH,OH,AGL,CE,Towers with Radar,168,347,68,4,587,6,0,92,0,98,174,347,160,4,685,46,0,46,731
06/04/2002,CMH,OH,AGL,CE,Towers with Radar,168,395,86,4,653,0,46,49,0,95,168,441,135,4,748,28,0,28,776
06/05/2002,CMH,OH,AGL,CE,Towers with Radar,175,395,86,4,660,1,26,49,1,77,176,421,135,5,737,6,0,6,743
06/06/2002,CMH,OH,AGL,CE,Towers with Radar,170,444,97,5,716,0,24,80,5,109,170,468,177,10,825,8,0,8,833
06/07/2002,CMH,OH,AGL,CE,Towers with Radar,168,402,101,3,674,5,0,141,0,146,173,402,242,3,820,10,0,10,830
06/08/2002,CMH,OH,AGL,CE,Towers with Radar,146,215,37,5,403,5,0,94,0,99,151,215,131,5,502,20,0,20,522
06/09/2002,CMH,OH,AGL,CE,Towers with Radar,124,282,62,3,471,27,13,88,6,134,151,295,150,9,605,18,0,18,623
06/10/2002,CMH,OH,AGL,CE,Towers with Radar,157,335,79,4,575,0,0,127,5,132,157,335,206,9,707,14,0,14,721
06/11/2002,CMH,OH,AGL,CE,Towers with Radar,163,450,94,3,710,5,0,125,0,130,168,450,219,3,840,52,0,52,892
06/12/2002,CMH,OH,AGL,CE,Towers with Radar,171,424,93,4,692,0,19,112,0,131,171,443,205,4,823,42,0,42,865
06/13/2002,CMH,OH,AGL,CE,Towers with Radar,167,437,86,6,696,5,0,56,0,61,172,437,142,6,757,25,0,25,782
06/14/2002,CMH,OH,AGL,CE,Towers with Radar,172,383,84,3,642,2,0,100,0,102,174,383,184,3,744,0,0,0,744
06/15/2002,CMH,OH,AGL,CE,Towers with Radar,159,209,49,2,419,5,0,42,0,47,164,209,91,2,466,0,0,0,466
06/16/2002,CMH,OH,AGL,CE,Towers with Radar,141,273,38,3,455,5,0,70,0,75,146,273,108,3,530,20,0,20,550
06/17/2002,CMH,OH,AGL,CE,Towers with Radar,168,334,88,6,596,4,0,95,0,99,172,334,183,6,695,42,0,42,737
06/18/2002,CMH,OH,AGL,CE,Towers with Radar,178,424,94,5,701,0,21,170,0,191,178,445,264,5,892,32,0,32,924
06/19/2002,CMH,OH,AGL,CE,Towers with Radar,169,437,96,4,706,0,1,140,0,141,169,438,236,4,847,22,0,22,869
06/20/2002,CMH,OH,AGL,CE,Towers with Radar,165,448,130,3,746,4,0,150,0,154,169,448,280,3,900,40,0,40,940
06/21/2002,CMH,OH,AGL,CE,Towers with Radar,170,372,89,4,635,0,0,149,0,149,170,372,238,4,784,14,0,14,798
06/22/2002,CMH,OH,AGL,CE,Towers with Radar,114,221,58,0,393,38,0,66,0,104,152,221,124,0,497,50,0,50,547
06/23/2002,CMH,OH,AGL,CE,Towers with Radar,129,289,65,3,486,27,3,96,0,126,156,292,161,3,612,14,0,14,626
06/24/2002,CMH,OH,AGL,CE,Towers with Radar,160,342,79,4,585,7,0,125,3,135,167,342,204,7,720,32,0,32,752
06/25/2002,CMH,OH,AGL,CE,Towers with Radar,166,452,100,0,718,0,11,70,0,81,166,463,170,0,799,40,0,40,839
06/26/2002,CMH,OH,AGL,CE,Towers with Radar,172,443,107,8,730,4,0,68,0,72,176,443,175,8,802,44,0,44,846
06/27/2002,CMH,OH,AGL,CE,Towers with Radar,151,372,84,0,607,0,0,75,0,75,151,372,159,0,682,0,0,0,682
06/28/2002,CMH,OH,AGL,CE,Towers with Radar,171,390,120,12,693,4,0,78,0,82,175,390,198,12,775,0,0,0,775
06/29/2002,CMH,OH,AGL,CE,Towers with Radar,151,178,23,0,352,4,0,91,0,95,155,178,114,0,447,16,0,16,463
06/30/2002,CMH,OH,AGL,CE,Towers with Radar,154,283,38,4,479,4,0,63,0,67,158,283,101,4,546,12,0,12,558
07/01/2002,CMH,OH,AGL,CE,Towers with Radar,168,334,85,5,592,2,0,95,0,97,170,334,180,5,689,40,0,40,729
07/02/2002,CMH,OH,AGL,CE,Towers with Radar,167,417,92,6,682,1,0,146,0,147,168,417,238,6,829,6,0,6,835
07/03/2002,CMH,OH,AGL,CE,Towers with Radar,172,384,66,4,626,1,0,88,0,89,173,384,154,4,715,46,0,46,761
07/04/2002,CMH,OH,AGL,CE,Towers with Radar,135,255,25,6,421,1,0,92,0,93,136,255,117,6,514,0,0,0,514
07/05/2002,CMH,OH,AGL,CE,Towers with Radar,146,206,41,3,396,2,0,130,0,132,148,206,171,3,528,12,0,12,540
07/06/2002,CMH,OH,AGL,CE,Towers with Radar,155,186,41,1,383,1,0,115,0,116,156,186,156,1,499,50,0,50,549
07/07/2002,CMH,OH,AGL,CE,Towers with Radar,152,297,45,4,498,1,0,93,0,94,153,297,138,4,592,50,0,50,642
07/08/2002,CMH,OH,AGL,CE,Towers with Radar,162,333,67,6,568,0,0,120,0,120,162,333,187,6,688,68,0,68,756
07/09/2002,CMH,OH,AGL,CE,Towers with Radar,173,432,109,0,714,0,0,85,0,85,173,432,194,0,799,2,0,2,801
07/10/2002,CMH,OH,AGL,CE,Towers with Radar,166,447,110,9,732,1,0,145,0,146,167,447,255,9,878,33,0,33,911
07/11/2002,CMH,OH,AGL,CE,Towers with Radar,171,412,93,4,680,0,17,196,3,216,171,429,289,7,896,44,0,44,940
07/12/2002,CMH,OH,AGL,CE,Towers with Radar,61,112,29,2,204,10,0,185,0,195,71,112,214,2,399,12,0,12,411
07/13/2002,CMH,OH,AGL,CE,Towers with Radar,155,210,55,2,422,1,0,90,0,91,156,210,145,2,513,12,0,12,525
07/14/2002,CMH,OH,AGL,CE,Towers with Radar,157,291,65,3,516,1,0,56,0,57,158,291,121,3,573,30,0,30,603
07/15/2002,CMH,OH,AGL,CE,Towers with Radar,171,340,98,1,610,1,0,106,0,107,172,340,204,1,717,20,0,20,737
07/16/2002,CMH,OH,AGL,CE,Towers with Radar,161,456,123,5,745,1,0,161,0,162,162,456,284,5,907,73,0,73,980
07/17/2002,CMH,OH,AGL,CE,Towers with Radar,173,455,95,5,728,1,0,138,0,139,174,455,233,5,867,0,0,0,867
07/18/2002,CMH,OH,AGL,CE,Towers with Radar,169,442,105,8,724,1,0,155,0,156,170,442,260,8,880,28,0,28,908
07/19/2002,CMH,OH,AGL,CE,Towers with Radar,172,366,96,4,638,1,0,86,0,87,173,366,182,4,725,26,0,26,751
07/20/2002,CMH,OH,AGL,CE,Towers with Radar,151,219,46,4,420,1,0,99,0,100,152,219,145,4,520,10,0,10,530
07/21/2002,CMH,OH,AGL,CE,Towers with Radar,184,407,52,0,643,1,0,80,0,81,185,407,132,0,724,8,0,8,732
07/22/2002,CMH,OH,AGL,CE,Towers with Radar,163,340,78,5,586,9,0,58,5,72,172,340,136,10,658,36,0,36,694
07/23/2002,CMH,OH,AGL,CE,Towers with Radar,178,379,85,4,646,1,32,89,1,123,179,411,174,5,769,14,0,14,783
07/24/2002,CMH,OH,AGL,CE,Towers with Radar,172,437,113,3,725,1,0,160,0,161,173,437,273,3,886,16,0,16,902
07/25/2002,CMH,OH,AGL,CE,Towers with Radar,184,428,99,5,716,0,0,131,0,131,184,428,230,5,847,32,0,32,879
07/26/2002,CMH,OH,AGL,CE,Towers with Radar,163,387,78,3,631,1,0,72,0,73,164,387,150,3,704,0,0,0,704
07/27/2002,CMH,OH,AGL,CE,Towers with Radar,155,213,32,7,407,1,0,47,0,48,156,213,79,7,455,20,0,20,475
07/28/2002,CMH,OH,AGL,CE,Towers with Radar,167,277,48,3,495,1,0,44,0,45,168,277,92,3,540,22,0,22,562
07/29/2002,CMH,OH,AGL,CE,Towers with Radar,175,331,84,3,593,1,0,63,0,64,176,331,147,3,657,4,0,4,661
07/30/2002,CMH,OH,AGL,CE,Towers with Radar,171,449,140,5,765,1,0,75,0,76,172,449,215,5,841,0,0,0,841
07/31/2002,CMH,OH,AGL,CE,Towers with Radar,167,443,86,0,696,1,0,128,0,129,168,443,214,0,825,48,0,48,873
08/01/2002,CMH,OH,AGL,CE,Towers with Radar,78,214,33,0,325,0,1,171,0,172,78,215,204,0,497,6,0,6,503
08/02/2002,CMH,OH,AGL,CE,Towers with Radar,181,375,92,3,651,0,1,123,0,124,181,376,215,3,775,8,0,8,783
08/03/2002,CMH,OH,AGL,CE,Towers with Radar,117,223,59,3,402,46,0,75,1,122,163,223,134,4,524,33,0,33,557
08/04/2002,CMH,OH,AGL,CE,Towers with Radar,130,285,65,1,481,31,13,57,0,101,161,298,122,1,582,14,0,14,596
08/05/2002,CMH,OH,AGL,CE,Towers with Radar,166,316,79,12,573,0,1,50,0,51,166,317,129,12,624,32,0,32,656
08/06/2002,CMH,OH,AGL,CE,Towers with Radar,169,440,99,2,710,0,16,198,0,214,169,456,297,2,924,22,0,22,946
08/07/2002,CMH,OH,AGL,CE,Towers with Radar,162,464,102,6,734,0,0,145,0,145,162,464,247,6,879,12,0,12,891
08/08/2002,CMH,OH,AGL,CE,Towers with Radar,166,441,126,2,735,0,0,154,0,154,166,441,280,2,889,26,0,26,915
08/09/2002,CMH,OH,AGL,CE,Towers with Radar,166,398,115,1,680,0,0,162,0,162,166,398,277,1,842,102,0,102,944
08/10/2002,CMH,OH,AGL,CE,Towers with Radar,167,201,34,0,402,0,0,123,0,123,167,201,157,0,525,22,0,22,547
08/11/2002,CMH,OH,AGL,CE,Towers with Radar,158,305,55,7,525,0,0,87,0,87,158,305,142,7,612,36,0,36,648
08/12/2002,CMH,OH,AGL,CE,Towers with Radar,168,346,77,6,597,0,0,87,0,87,168,346,164,6,684,0,30,30,714
08/13/2002,CMH,OH,AGL,CE,Towers with Radar,162,447,88,5,702,0,0,132,0,132,162,447,220,5,834,28,0,28,862
08/14/2002,CMH,OH,AGL,CE,Towers with Radar,166,467,71,2,706,0,0,103,0,103,166,467,174,2,809,68,0,68,877
08/15/2002,CMH,OH,AGL,CE,Towers with Radar,166,448,108,1,723,0,0,50,0,50,166,448,158,1,773,14,0,14,787
08/16/2002,CMH,OH,AGL,CE,Towers with Radar,65,114,35,2,216,0,0,124,0,124,65,114,159,2,340,34,0,34,374
08/17/2002,CMH,OH,AGL,CE,Towers with Radar,100,195,50,2,347,27,0,50,3,80,127,195,100,5,427,28,0,28,455
08/18/2002,CMH,OH,AGL,CE,Towers with Radar,149,298,65,4,516,0,0,61,0,61,149,298,126,4,577,0,0,0,577
08/19/2002,CMH,OH,AGL,CE,Towers with Radar,169,355,77,3,604,0,0,61,0,61,169,355,138,3,665,8,0,8,673
08/20/2002,CMH,OH,AGL,CE,Towers with Radar,171,473,88,3,735,0,0,140,0,140,171,473,228,3,875,24,0,24,899
08/21/2002,CMH,OH,AGL,CE,Towers with Radar,172,466,110,8,756,0,0,157,0,157,172,466,267,8,913,12,0,12,925
08/22/2002,CMH,OH,AGL,CE,Towers with Radar,174,460,110,4,748,0,0,100,0,100,174,460,210,4,848,66,0,66,914
08/23/2002,CMH,OH,AGL,CE,Towers with Radar,172,406,98,5,681,0,0,105,0,105,172,406,203,5,786,46,0,46,832
08/24/2002,CMH,OH,AGL,CE,Towers with Radar,162,226,59,2,449,0,0,39,0,39,162,226,98,2,488,4,0,4,492
08/25/2002,CMH,OH,AGL,CE,Towers with Radar,159,296,57,2,514,0,0,85,0,85,159,296,142,2,599,22,0,22,621
08/26/2002,CMH,OH,AGL,CE,Towers with Radar,160,347,93,3,603,0,0,127,0,127,160,347,220,3,730,0,0,0,730
08/27/2002,CMH,OH,AGL,CE,Towers with Radar,161,453,92,3,709,0,0,152,0,152,161,453,244,3,861,22,0,22,883
08/28/2002,CMH,OH,AGL,CE,Towers with Radar,170,444,97,3,714,0,0,120,0,120,170,444,217,3,834,18,0,18,852
08/29/2002,CMH,OH,AGL,CE,Towers with Radar,172,428,95,5,700,0,27,182,6,215,172,455,277,11,915,16,0,16,931
08/30/2002,CMH,OH,AGL,CE,Towers with Radar,169,394,78,2,643,0,0,185,0,185,169,394,263,2,828,36,0,36,864
08/31/2002,CMH,OH,AGL,CE,Towers with Radar,132,200,23,3,358,0,0,104,0,104,132,200,127,3,462,26,0,26,488
09/01/2002,CMH,OH,AGL,CE,Towers with Radar,108,211,29,2,350,4,2,91,0,97,112,213,120,2,447,40,0,40,487
09/02/2002,CMH,OH,AGL,CE,Towers with Radar,141,253,43,2,439,6,0,99,0,105,147,253,142,2,544,8,0,8,552
09/03/2002,CMH,OH,AGL,CE,Towers with Radar,156,365,92,2,615,5,1,94,0,100,161,366,186,2,715,26,0,26,741
09/04/2002,CMH,OH,AGL,CE,Towers with Radar,160,423,94,3,680,0,27,134,0,161,160,450,228,3,841,26,0,26,867
09/05/2002,CMH,OH,AGL,CE,Towers with Radar,155,453,96,2,706,5,1,143,0,149,160,454,239,2,855,34,0,34,889
09/06/2002,CMH,OH,AGL,CE,Towers with Radar,153,396,105,5,659,5,1,160,0,166,158,397,265,5,825,30,0,30,855
09/07/2002,CMH,OH,AGL,CE,Towers with Radar,140,218,54,2,414,5,1,129,0,135,145,219,183,2,549,26,0,26,575
09/08/2002,CMH,OH,AGL,CE,Towers with Radar,147,290,50,3,490,5,1,108,0,114,152,291,158,3,604,33,0,33,637
09/09/2002,CMH,OH,AGL,CE,Towers with Radar,153,355,67,3,578,5,1,140,0,146,158,356,207,3,724,0,0,0,724
09/10/2002,CMH,OH,AGL,CE,Towers with Radar,146,408,91,1,646,0,4,148,0,152,146,412,239,1,798,52,0,52,850
09/11/2002,CMH,OH,AGL,CE,Towers with Radar,132,404,60,8,604,5,1,82,0,88,137,405,142,8,692,35,0,35,727
09/12/2002,CMH,OH,AGL,CE,Towers with Radar,158,422,100,3,683,0,0,146,0,146,158,422,246,3,829,0,0,0,829
09/13/2002,CMH,OH,AGL,CE,Towers with Radar,156,408,96,3,663,0,0,131,5,136,156,408,227,8,799,40,0,40,839
09/14/2002,CMH,OH,AGL,CE,Towers with Radar,144,228,67,3,442,5,1,71,3,80,149,229,138,6,522,30,0,30,552
09/15/2002,CMH,OH,AGL,CE,Towers with Radar,144,292,45,4,485,5,1,30,0,36,149,293,75,4,521,22,0,22,543
09/16/2002,CMH,OH,AGL,CE,Towers with Radar,155,344,80,2,581,5,1,59,0,65,160,345,139,2,646,42,0,42,688
09/17/2002,CMH,OH,AGL,CE,Towers with Radar,151,456,91,9,707,5,1,149,0,155,156,457,240,9,862,14,0,14,876
09/18/2002,CMH,OH,AGL,CE,Towers with Radar,152,502,99,7,760,5,1,113,0,119,157,503,212,7,879,12,0,12,891
09/19/2002,CMH,OH,AGL,CE,Towers with Radar,147,459,116,9,731,5,6,90,0,101,152,465,206,9,832,37,0,37,869
09/20/2002,CMH,OH,AGL,CE,Towers with Radar,157,396,86,2,641,5,1,123,0,129,162,397,209,2,770,10,0,10,780
09/21/2002,CMH,OH,AGL,CE,Towers with Radar,138,210,50,3,401,5,1,91,0,97,143,211,141,3,498,44,0,44,542
09/22/2002,CMH,OH,AGL,CE,Towers with Radar,152,313,64,1,530,5,1,76,0,82,157,314,140,1,612,24,0,24,636
09/23/2002,CMH,OH,AGL,CE,Towers with Radar,157,364,117,0,638,4,1,133,8,146,161,365,250,8,784,0,0,0,784
09/24/2002,CMH,OH,AGL,CE,Towers with Radar,162,446,114,1,723,4,1,170,0,175,166,447,284,1,898,4,0,4,902
09/25/2002,CMH,OH,AGL,CE,Towers with Radar,162,446,114,1,723,4,1,105,0,110,166,447,219,1,833,50,0,50,883
09/26/2002,CMH,OH,AGL,CE,Towers with Radar,167,452,101,3,723,0,0,91,0,91,167,452,192,3,814,16,0,16,830
09/27/2002,CMH,OH,AGL,CE,Towers with Radar,152,396,77,1,626,4,1,37,0,42,156,397,114,1,668,122,0,122,790
09/28/2002,CMH,OH,AGL,CE,Towers with Radar,146,217,36,0,399,4,1,96,0,101,150,218,132,0,500,44,0,44,544
09/29/2002,CMH,OH,AGL,CE,Towers with Radar,148,300,46,3,497,4,1,108,0,113,152,301,154,3,610,14,0,14,624
09/30/2002,CMH,OH,AGL,CE,Towers with Radar,157,346,86,3,592,4,1,138,0,143,161,347,224,3,735,6,0,6,741
10/01/2002,CMH,OH,AGL,CE,Towers with Radar,157,415,102,3,677,0,30,113,0,143,157,445,215,3,820,22,0,22,842
10/02/2002,CMH,OH,AGL,CE,Towers with Radar,146,428,104,6,684,9,0,104,0,113,155,428,208,6,797,36,0,36,833
10/03/2002,CMH,OH,AGL,CE,Towers with Radar,157,403,98,4,662,0,27,146,4,177,157,430,244,8,839,50,0,50,889
10/04/2002,CMH,OH,AGL,CE,Towers with Radar,147,370,89,2,608,9,0,52,0,61,156,370,141,2,669,28,0,28,697
10/05/2002,CMH,OH,AGL,CE,Towers with Radar,166,217,42,0,425,9,0,57,0,66,175,217,99,0,491,20,0,20,511
10/06/2002,CMH,OH,AGL,CE,Towers with Radar,129,258,52,1,440,9,0,113,0,122,138,258,165,1,562,12,0,12,574
10/07/2002,CMH,OH,AGL,CE,Towers with Radar,150,327,86,1,564,9,0,145,0,154,159,327,231,1,718,35,0,35,753
10/08/2002,CMH,OH,AGL,CE,Towers with Radar,155,430,106,4,695,0,15,150,0,165,155,445,256,4,860,35,0,35,895
10/09/2002,CMH,OH,AGL,CE,Towers with Radar,152,471,90,3,716,9,0,125,0,134,161,471,215,3,850,22,0,22,872
10/10/2002,CMH,OH,AGL,CE,Towers with Radar,157,440,112,5,714,0,0,145,2,147,157,440,257,7,861,40,0,40,901
10/11/2002,CMH,OH,AGL,CE,Towers with Radar,157,395,99,4,655,0,0,138,0,138,157,395,237,4,793,10,0,10,803
10/12/2002,CMH,OH,AGL,CE,Towers with Radar,137,221,57,4,419,8,0,127,0,135,145,221,184,4,554,10,0,10,564
10/13/2002,CMH,OH,AGL,CE,Towers with Radar,134,251,60,0,445,10,0,102,0,112,144,251,162,0,557,28,0,28,585
10/14/2002,CMH,OH,AGL,CE,Towers with Radar,145,310,80,2,537,8,0,134,0,142,153,310,214,2,679,18,0,18,697
10/15/2002,CMH,OH,AGL,CE,Towers with Radar,144,373,101,5,623,8,0,111,0,119,152,373,212,5,742,2,0,2,744
10/16/2002,CMH,OH,AGL,CE,Towers with Radar,151,441,118,4,714,8,0,76,0,84,159,441,194,4,798,38,0,38,836
10/17/2002,CMH,OH,AGL,CE,Towers with Radar,160,453,112,5,730,0,0,152,2,154,160,453,264,7,884,55,0,55,939
10/18/2002,CMH,OH,AGL,CE,Towers with Radar,159,372,101,4,636,0,0,155,3,158,159,372,256,7,794,66,0,66,860
10/19/2002,CMH,OH,AGL,CE,Towers with Radar,143,220,49,0,412,8,0,30,0,38,151,220,79,0,450,16,0,16,466
10/20/2002,CMH,OH,AGL,CE,Towers with Radar,144,269,69,0,482,8,0,100,0,108,152,269,169,0,590,10,0,10,600
10/21/2002,CMH,OH,AGL,CE,Towers with Radar,147,343,108,1,599,7,0,181,0,188,154,343,289,1,787,20,0,20,807
10/22/2002,CMH,OH,AGL,CE,Towers with Radar,156,458,113,5,732,0,15,132,1,148,156,473,245,6,880,38,0,38,918
10/23/2002,CMH,OH,AGL,CE,Towers with Radar,161,436,107,5,709,0,12,108,0,120,161,448,215,5,829,54,0,54,883
10/24/2002,CMH,OH,AGL,CE,Towers with Radar,152,410,101,3,666,0,25,99,0,124,152,435,200,3,790,0,0,0,790
10/25/2002,CMH,OH,AGL,CE,Towers with Radar,152,378,94,3,627,5,0,43,9,57,157,378,137,12,684,9,0,9,693
10/26/2002,CMH,OH,AGL,CE,Towers with Radar,154,202,56,0,412,7,0,37,0,44,161,202,93,0,456,16,0,16,472
10/27/2002,CMH,OH,AGL,CE,Towers with Radar,130,281,72,6,489,7,0,111,0,118,137,281,183,6,607,8,0,8,615
10/28/2002,CMH,OH,AGL,CE,Towers with Radar,146,367,81,0,594,7,0,120,0,127,153,367,201,0,721,30,0,30,751
10/29/2002,CMH,OH,AGL,CE,Towers with Radar,120,295,66,0,481,7,0,26,0,33,127,295,92,0,514,0,0,0,514
10/30/2002,CMH,OH,AGL,CE,Towers with Radar,146,454,88,1,689,7,0,58,0,65,153,454,146,1,754,31,0,31,785
10/31/2002,CMH,OH,AGL,CE,Towers with Radar,158,427,104,5,694,0,37,104,1,142,158,464,208,6,836,48,0,48,884
11/01/2002,CMH,OH,AGL,CE,Towers with Radar,145,386,82,4,617,2,1,147,0,150,147,387,229,4,767,14,0,14,781
11/02/2002,CMH,OH,AGL,CE,Towers with Radar,121,244,43,1,409,1,1,93,1,96,122,245,136,2,505,22,0,22,527
11/03/2002,CMH,OH,AGL,CE,Towers with Radar,129,269,50,2,450,2,1,61,0,64,131,270,111,2,514,8,0,8,522
11/04/2002,CMH,OH,AGL,CE,Towers with Radar,134,349,85,2,570,2,1,63,0,66,136,350,148,2,636,0,0,0,636
11/05/2002,CMH,OH,AGL,CE,Towers with Radar,144,445,102,3,694,2,1,48,0,51,146,446,150,3,745,0,0,0,745
11/06/2002,CMH,OH,AGL,CE,Towers with Radar,144,462,101,1,708,2,1,76,0,79,146,463,177,1,787,24,0,24,811
11/07/2002,CMH,OH,AGL,CE,Towers with Radar,139,444,90,3,676,0,0,98,1,99,139,444,188,4,775,35,0,35,810
11/08/2002,CMH,OH,AGL,CE,Towers with Radar,140,416,85,1,642,0,0,120,0,120,140,416,205,1,762,31,0,31,793
11/09/2002,CMH,OH,AGL,CE,Towers with Radar,109,188,29,0,326,2,1,50,0,53,111,189,79,0,379,0,0,0,379
11/10/2002,CMH,OH,AGL,CE,Towers with Radar,120,248,38,0,406,2,1,18,0,21,122,249,56,0,427,4,0,4,431
11/11/2002,CMH,OH,AGL,CE,Towers with Radar,147,293,60,0,500,2,0,76,0,78,149,293,136,0,578,32,0,32,610
11/12/2002,CMH,OH,AGL,CE,Towers with Radar,139,385,100,4,628,2,0,88,0,90,141,385,188,4,718,22,0,22,740
11/13/2002,CMH,OH,AGL,CE,Towers with Radar,144,474,95,5,718,2,0,113,0,115,146,474,208,5,833,22,0,22,855
11/14/2002,CMH,OH,AGL,CE,Towers with Radar,143,461,97,3,704,2,0,98,0,100,145,461,195,3,804,2,0,2,806
11/15/2002,CMH,OH,AGL,CE,Towers with Radar,139,401,88,4,632,1,1,73,0,75,140,402,161,4,707,30,0,30,737
11/16/2002,CMH,OH,AGL,CE,Towers with Radar,122,223,35,2,382,1,1,4,0,6,123,224,39,2,388,0,0,0,388
11/17/2002,CMH,OH,AGL,CE,Towers with Radar,128,293,29,0,450,1,1,19,0,21,129,294,48,0,471,0,0,0,471
11/18/2002,CMH,OH,AGL,CE,Towers with Radar,140,376,86,2,604,1,1,74,0,76,141,377,160,2,680,30,0,30,710
11/19/2002,CMH,OH,AGL,CE,Towers with Radar,143,474,113,2,732,1,1,85,0,87,144,475,198,2,819,14,0,14,833
11/20/2002,CMH,OH,AGL,CE,Towers with Radar,145,454,116,11,726,1,1,105,0,107,146,455,221,11,833,53,0,53,886
11/21/2002,CMH,OH,AGL,CE,Towers with Radar,140,445,88,0,673,0,5,59,0,64,140,450,147,0,737,8,0,8,745
11/22/2002,CMH,OH,AGL,CE,Towers with Radar,142,419,88,4,653,1,1,32,0,34,143,420,120,4,687,0,0,0,687
11/23/2002,CMH,OH,AGL,CE,Towers with Radar,122,282,61,6,471,1,1,74,0,76,123,283,135,6,547,32,0,32,579
11/24/2002,CMH,OH,AGL,CE,Towers with Radar,116,309,62,1,488,9,0,56,0,65,125,309,118,1,553,30,0,30,583
11/25/2002,CMH,OH,AGL,CE,Towers with Radar,140,373,64,2,579,1,1,48,0,50,141,374,112,2,629,2,0,2,631
11/26/2002,CMH,OH,AGL,CE,Towers with Radar,141,465,80,5,691,1,1,61,1,64,142,466,141,6,755,32,0,32,787
11/27/2002,CMH,OH,AGL,CE,Towers with Radar,146,432,67,0,645,1,1,102,0,104,147,433,169,0,749,22,0,22,771
11/28/2002,CMH,OH,AGL,CE,Towers with Radar,86,285,25,2,398,1,1,60,1,63,87,286,85,3,461,12,0,12,473
11/29/2002,CMH,OH,AGL,CE,Towers with Radar,72,185,33,0,290,25,0,0,0,25,97,185,33,0,315,58,0,58,373
11/30/2002,CMH,OH,AGL,CE,Towers with Radar,96,184,31,0,311,1,1,17,1,20,97,185,48,1,331,4,0,4,335
12/01/2002,CMH,OH,AGL,CE,Towers with Radar,132,296,49,1,478,2,0,54,0,56,134,296,103,1,534,0,0,0,534
12/02/2002,CMH,OH,AGL,CE,Towers with Radar,129,355,61,2,547,2,4,127,0,133,131,359,188,2,680,0,0,0,680
12/03/2002,CMH,OH,AGL,CE,Towers with Radar,146,446,97,4,693,1,0,121,0,122,147,446,218,4,815,16,0,16,831
12/04/2002,CMH,OH,AGL,CE,Towers with Radar,134,436,97,9,676,1,0,92,0,93,135,436,189,9,769,22,0,22,791
12/05/2002,CMH,OH,AGL,CE,Towers with Radar,143,411,71,2,627,0,6,117,4,127,143,417,188,6,754,26,0,26,780
12/06/2002,CMH,OH,AGL,CE,Towers with Radar,51,125,25,0,201,12,0,180,0,192,63,125,205,0,393,32,0,32,425
12/07/2002,CMH,OH,AGL,CE,Towers with Radar,109,238,29,5,381,1,0,35,0,36,110,238,64,5,417,0,0,0,417
12/08/2002,CMH,OH,AGL,CE,Towers with Radar,121,293,49,0,463,1,0,59,0,60,122,293,108,0,523,0,0,0,523
12/09/2002,CMH,OH,AGL,CE,Towers with Radar,136,368,83,1,588,1,0,112,0,113,137,368,195,1,701,10,0,10,711
12/10/2002,CMH,OH,AGL,CE,Towers with Radar,142,436,95,2,675,1,0,119,0,120,143,436,214,2,795,16,0,16,811
12/11/2002,CMH,OH,AGL,CE,Towers with Radar,129,370,64,2,565,0,39,22,0,61,129,409,86,2,626,10,0,10,636
12/12/2002,CMH,OH,AGL,CE,Towers with Radar,146,475,112,4,737,1,0,17,0,18,147,475,129,4,755,6,0,6,761
12/13/2002,CMH,OH,AGL,CE,Towers with Radar,57,129,39,1,226,1,0,20,0,21,58,129,59,1,247,17,0,17,264
12/14/2002,CMH,OH,AGL,CE,Towers with Radar,125,250,35,1,411,1,0,5,0,6,126,250,40,1,417,0,0,0,417
12/15/2002,CMH,OH,AGL,CE,Towers with Radar,105,289,51,1,446,15,11,43,4,73,120,300,94,5,519,0,0,0,519
12/16/2002,CMH,OH,AGL,CE,Towers with Radar,142,354,93,1,590,1,0,133,0,134,143,354,226,1,724,12,0,12,736
12/17/2002,CMH,OH,AGL,CE,Towers with Radar,130,463,94,4,691,1,0,61,0,62,131,463,155,4,753,0,0,0,753
12/18/2002,CMH,OH,AGL,CE,Towers with Radar,127,487,96,1,711,1,0,73,0,74,128,487,169,1,785,16,0,16,801
12/19/2002,CMH,OH,AGL,CE,Towers with Radar,136,466,90,4,696,1,0,39,0,40,137,466,129,4,736,0,0,0,736
12/20/2002,CMH,OH,AGL,CE,Towers with Radar,134,430,79,1,644,0,0,161,0,161,134,430,240,1,805,0,0,0,805
12/21/2002,CMH,OH,AGL,CE,Towers with Radar,101,262,49,2,414,17,0,20,0,37,118,262,69,2,451,12,0,12,463
12/22/2002,CMH,OH,AGL,CE,Towers with Radar,134,279,25,2,440,1,0,44,0,45,135,279,69,2,485,10,0,10,495
12/23/2002,CMH,OH,AGL,CE,Towers with Radar,118,322,56,3,499,82,21,9,6,118,200,343,65,9,617,0,0,0,617
12/24/2002,CMH,OH,AGL,CE,Towers with Radar,105,319,27,0,451,1,0,54,0,55,106,319,81,0,506,8,0,8,514
12/25/2002,CMH,OH,AGL,CE,Towers with Radar,107,272,8,0,387,1,0,11,0,12,108,272,19,0,399,0,0,0,399
12/26/2002,CMH,OH,AGL,CE,Towers with Radar,137,326,44,0,507,1,0,57,0,58,138,326,101,0,565,18,0,18,583
12/27/2002,CMH,OH,AGL,CE,Towers with Radar,144,379,43,0,566,0,0,48,0,48,144,379,91,0,614,70,0,70,684
12/28/2002,CMH,OH,AGL,CE,Towers with Radar,116,224,23,1,364,0,0,56,0,56,116,224,79,1,420,0,0,0,420
12/29/2002,CMH,OH,AGL,CE,Towers with Radar,132,271,26,0,429,0,0,70,0,70,132,271,96,0,499,20,0,20,519
12/30/2002,CMH,OH,AGL,CE,Towers with Radar,107,292,51,2,452,35,31,21,0,87,142,323,72,2,539,0,0,0,539
12/31/2002,CMH,OH,AGL,CE,Towers with Radar,158,322,30,0,510,1,0,27,0,28,159,322,57,0,538,0,0,0,538
01/01/2003,CMH,OH,AGL,CE,Towers with Radar,136,275,19,0,430,3,2,24,0,29,139,277,43,0,459,8,0,8,467
01/02/2003,CMH,OH,AGL,CE,Towers with Radar,137,275,18,0,430,2,2,0,0,4,139,277,18,0,434,0,0,0,434
01/03/2003,CMH,OH,AGL,CE,Towers with Radar,135,355,42,5,537,2,2,51,0,55,137,357,93,5,592,0,0,0,592
01/04/2003,CMH,OH,AGL,CE,Towers with Radar,155,229,60,2,446,2,2,57,0,61,157,231,117,2,507,41,0,41,548
01/05/2003,CMH,OH,AGL,CE,Towers with Radar,153,274,41,3,471,2,2,0,0,4,155,276,41,3,475,0,0,0,475
01/06/2003,CMH,OH,AGL,CE,Towers with Radar,142,355,48,3,548,2,2,45,0,49,144,357,93,3,597,0,0,0,597
01/07/2003,CMH,OH,AGL,CE,Towers with Radar,136,400,77,2,615,0,29,98,1,128,136,429,175,3,743,22,0,22,765
01/08/2003,CMH,OH,AGL,CE,Towers with Radar,141,422,75,3,641,2,2,114,0,118,143,424,189,3,759,22,0,22,781
01/09/2003,CMH,OH,AGL,CE,Towers with Radar,135,443,64,1,643,3,2,92,0,97,138,445,156,1,740,12,0,12,752
01/10/2003,CMH,OH,AGL,CE,Towers with Radar,130,335,65,2,532,21,51,79,3,154,151,386,144,5,686,24,0,24,710
01/11/2003,CMH,OH,AGL,CE,Towers with Radar,112,241,46,6,405,3,2,52,0,57,115,243,98,6,462,16,0,16,478
01/12/2003,CMH,OH,AGL,CE,Towers with Radar,131,284,42,1,458,3,2,55,0,60,134,286,97,1,518,14,0,14,532
01/13/2003,CMH,OH,AGL,CE,Towers with Radar,132,369,67,1,569,3,2,139,0,144,135,371,206,1,713,24,0,24,737
01/14/2003,CMH,OH,AGL,CE,Towers with Radar,134,436,68,6,644,3,2,107,0,112,137,438,175,6,756,4,0,4,760
01/15/2003,CMH,OH,AGL,CE,Towers with Radar,143,444,100,5,692,3,1,129,0,133,146,445,229,5,825,22,0,22,847
01/16/2003,CMH,OH,AGL,CE,Towers with Radar,137,440,83,4,664,0,6,74,0,80,137,446,157,4,744,0,0,0,744
01/17/2003,CMH,OH,AGL,CE,Towers with Radar,140,374,75,3,592,0,0,91,1,92,140,374,166,4,684,20,0,20,704
01/18/2003,CMH,OH,AGL,CE,Towers with Radar,108,208,44,1,361,3,1,41,0,45,111,209,85,1,406,16,0,16,422
01/19/2003,CMH,OH,AGL,CE,Towers with Radar,127,275,30,0,432,3,1,40,0,44,130,276,70,0,476,4,0,4,480
01/20/2003,CMH,OH,AGL,CE,Towers with Radar,143,319,68,0,530,3,1,84,0,88,146,320,152,0,618,0,0,0,618
01/21/2003,CMH,OH,AGL,CE,Towers with Radar,140,376,97,3,616,3,1,87,0,91,143,377,184,3,707,28,0,28,735
01/22/2003,CMH,OH,AGL,CE,Towers with Radar,143,457,128,6,734,3,1,93,0,97,146,458,221,6,831,12,0,12,843
01/23/2003,CMH,OH,AGL,CE,Towers with Radar,143,438,93,0,674,3,1,65,0,69,146,439,158,0,743,0,0,0,743
01/24/2003,CMH,OH,AGL,CE,Towers with Radar,143,302,70,3,518,2,0,129,1,132,145,302,199,4,650,18,0,18,668
01/25/2003,CMH,OH,AGL,CE,Towers with Radar,160,381,93,4,638,3,1,79,0,83,163,382,172,4,721,21,0,21,742
01/26/2003,CMH,OH,AGL,CE,Towers with Radar,124,261,17,1,403,2,2,23,0,27,126,263,40,1,430,0,0,0,430
01/27/2003,CMH,OH,AGL,CE,Towers with Radar,138,356,69,2,565,2,2,140,0,144,140,358,209,2,709,12,0,12,721
01/28/2003,CMH,OH,AGL,CE,Towers with Radar,143,377,78,2,600,0,0,106,1,107,143,377,184,3,707,28,0,28,735
01/29/2003,CMH,OH,AGL,CE,Towers with Radar,138,424,101,0,663,2,2,29,0,33,140,426,130,0,696,10,0,10,706
01/30/2003,CMH,OH,AGL,CE,Towers with Radar,143,436,88,2,669,2,2,95,0,99,145,438,183,2,768,20,0,20,788
01/31/2003,CMH,OH,AGL,CE,Towers with Radar,141,365,76,1,583,2,2,83,0,87,143,367,159,1,670,0,0,0,670
02/01/2003,CMH,OH,AGL,CE,Towers with Radar,105,207,38,2,352,4,4,5,0,13,109,211,43,2,365,0,0,0,365
02/02/2003,CMH,OH,AGL,CE,Towers with Radar,121,275,38,1,435,6,2,51,0,59,127,277,89,1,494,6,0,6,500
02/03/2003,CMH,OH,AGL,CE,Towers with Radar,131,333,82,6,552,6,2,85,0,93,137,335,167,6,645,10,0,10,655
02/04/2003,CMH,OH,AGL,CE,Towers with Radar,134,441,60,3,638,6,2,69,0,77,140,443,129,3,715,18,0,18,733
02/05/2003,CMH,OH,AGL,CE,Towers with Radar,146,419,90,2,657,0,0,180,0,180,146,419,270,2,837,0,0,0,837
02/06/2003,CMH,OH,AGL,CE,Towers with Radar,132,407,78,3,620,6,2,20,0,28,138,409,98,3,648,0,0,0,648
02/07/2003,CMH,OH,AGL,CE,Towers with Radar,136,374,71,8,589,5,2,91,1,99,141,376,162,9,688,14,0,14,702
02/08/2003,CMH,OH,AGL,CE,Towers with Radar,114,213,31,0,358,5,2,59,0,66,119,215,90,0,424,20,0,20,444
02/09/2003,CMH,OH,AGL,CE,Towers with Radar,120,259,39,1,419,5,2,69,0,76,125,261,108,1,495,4,0,4,499
02/10/2003,CMH,OH,AGL,CE,Towers with Radar,128,345,84,1,558,5,2,3,0,10,133,347,87,1,568,0,0,0,568
02/11/2003,CMH,OH,AGL,CE,Towers with Radar,132,446,81,1,660,5,2,125,0,132,137,448,206,1,792,0,0,0,792
02/12/2003,CMH,OH,AGL,CE,Towers with Radar,143,429,87,3,662,0,0,103,0,103,143,429,190,3,765,0,0,0,765
02/13/2003,CMH,OH,AGL,CE,Towers with Radar,132,445,112,3,692,5,2,122,0,129,137,447,234,3,821,20,0,20,841
02/14/2003,CMH,OH,AGL,CE,Towers with Radar,124,366,75,11,576,5,2,60,0,67,129,368,135,11,643,0,0,0,643
02/15/2003,CMH,OH,AGL,CE,Towers with Radar,102,209,20,0,331,5,2,5,0,12,107,211,25,0,343,0,0,0,343
02/16/2003,CMH,OH,AGL,CE,Towers with Radar,105,206,17,2,330,5,2,0,0,7,110,208,17,2,337,0,0,0,337
02/17/2003,CMH,OH,AGL,CE,Towers with Radar,112,194,47,2,355,5,2,0,0,7,117,196,47,2,362,0,0,0,362
02/18/2003,CMH,OH,AGL,CE,Towers with Radar,125,325,85,1,536,5,2,51,0,58,130,327,136,1,594,0,0,0,594
02/19/2003,CMH,OH,AGL,CE,Towers with Radar,122,460,74,5,661,5,2,12,0,19,127,462,86,5,680,0,0,0,680
02/20/2003,CMH,OH,AGL,CE,Towers with Radar,132,348,81,3,564,5,2,89,0,96,137,350,170,3,660,0,0,0,660
02/21/2003,CMH,OH,AGL,CE,Towers with Radar,132,348,81,3,564,5,2,44,0,51,137,350,125,3,615,16,0,16,631
02/22/2003,CMH,OH,AGL,CE,Towers with Radar,118,198,11,0,327,5,2,0,0,7,123,200,11,0,334,0,0,0,334
02/23/2003,CMH,OH,AGL,CE,Towers with Radar,122,267,34,0,423,5,2,26,0,33,127,269,60,0,456,0,0,0,456
02/24/2003,CMH,OH,AGL,CE,Towers with Radar,119,355,90,1,565,5,2,90,0,97,124,357,180,1,662,0,0,0,662
02/25/2003,CMH,OH,AGL,CE,Towers with Radar,124,465,86,6,681,5,2,161,0,168,129,467,247,6,849,0,0,0,849
02/26/2003,CMH,OH,AGL,CE,Towers with Radar,129,467,95,4,695,0,0,188,2,190,129,467,283,6,885,32,0,32,917
02/27/2003,CMH,OH,AGL,CE,Towers with Radar,122,442,87,1,652,0,6,114,0,120,122,448,201,1,772,20,0,20,792
02/28/2003,CMH,OH,AGL,CE,Towers with Radar,134,411,90,5,640,4,3,131,0,138,138,414,221,5,778,34,0,34,812
03/01/2003,CMH,OH,AGL,CE,Towers with Radar,104,227,35,0,366,3,0,0,0,3,107,227,35,0,369,0,0,0,369
03/02/2003,CMH,OH,AGL,CE,Towers with Radar,92,265,55,1,413,29,50,6,0,85,121,315,61,1,498,4,0,4,502
03/03/2003,CMH,OH,AGL,CE,Towers with Radar,134,361,88,3,586,2,0,116,0,118,136,361,204,3,704,12,0,12,716
03/04/2003,CMH,OH,AGL,CE,Towers with Radar,128,482,73,2,685,2,0,111,0,113,130,482,184,2,798,20,0,20,818
03/05/2003,CMH,OH,AGL,CE,Towers with Radar,131,463,70,5,669,2,0,22,0,24,133,463,92,5,693,0,0,0,693
03/06/2003,CMH,OH,AGL,CE,Towers with Radar,134,439,72,2,647,2,0,81,0,83,136,439,153,2,730,0,0,0,730
03/07/2003,CMH,OH,AGL,CE,Towers with Radar,132,404,97,1,634,2,0,12,0,14,134,404,109,1,648,0,0,0,648
03/08/2003,CMH,OH,AGL,CE,Towers with Radar,112,234,37,0,383,2,0,95,0,97,114,234,132,0,480,24,0,24,504
03/09/2003,CMH,OH,AGL,CE,Towers with Radar,119,287,36,2,444,1,1,81,0,83,120,288,117,2,527,0,0,0,527
03/10/2003,CMH,OH,AGL,CE,Towers with Radar,132,377,77,4,590,1,4,162,2,169,133,381,239,6,759,0,0,0,759
03/11/2003,CMH,OH,AGL,CE,Towers with Radar,136,427,109,3,675,1,1,122,0,124,137,428,231,3,799,28,0,28,827
03/12/2003,CMH,OH,AGL,CE,Towers with Radar,129,466,94,4,693,0,5,155,0,160,129,471,249,4,853,18,0,18,871
03/13/2003,CMH,OH,AGL,CE,Towers with Radar,134,405,82,3,624,0,20,46,0,66,134,425,128,3,690,0,0,0,690
03/14/2003,CMH,OH,AGL,CE,Towers with Radar,141,400,91,2,634,0,0,238,0,238,141,400,329,2,872,0,0,0,872
03/15/2003,CMH,OH,AGL,CE,Towers with Radar,121,227,57,0,405,1,1,101,0,103,122,228,158,0,508,24,0,24,532
03/16/2003,CMH,OH,AGL,CE,Towers with Radar,118,284,46,1,449,1,1,62,0,64,119,285,108,1,513,0,0,0,513
03/17/2003,CMH,OH,AGL,CE,Towers with Radar,131,364,76,2,573,2,0,143,0,145,133,364,219,2,718,0,0,0,718
03/18/2003,CMH,OH,AGL,CE,Towers with Radar,135,457,102,7,701,1,1,166,0,168,136,458,268,7,869,28,0,28,897
03/19/2003,CMH,OH,AGL,CE,Towers with Radar,125,452,80,2,659,2,1,119,0,122,127,453,199,2,781,12,0,12,793
03/20/2003,CMH,OH,AGL,CE,Towers with Radar,135,441,98,3,677,2,1,101,0,104,137,442,199,3,781,28,0,28,809
03/21/2003,CMH,OH,AGL,CE,Towers with Radar,135,441,98,3,677,2,1,62,0,65,137,442,160,3,742,0,0,0,742
03/22/2003,CMH,OH,AGL,CE,Towers with Radar,114,212,50,24,400,2,1,54,0,57,116,213,104,24,457,10,0,10,467
03/23/2003,CMH,OH,AGL,CE,Towers with Radar,120,270,49,1,440,2,1,78,0,81,122,271,127,1,521,12,0,12,533
03/24/2003,CMH,OH,AGL,CE,Towers with Radar,123,348,72,3,546,4,0,176,2,182,127,348,248,5,728,0,0,0,728
03/25/2003,CMH,OH,AGL,CE,Towers with Radar,131,443,85,3,662,2,0,109,0,111,133,443,194,3,773,18,0,18,791
03/26/2003,CMH,OH,AGL,CE,Towers with Radar,132,425,86,7,650,2,0,114,0,116,134,425,200,7,766,0,0,0,766
03/27/2003,CMH,OH,AGL,CE,Towers with Radar,133,414,89,4,640,0,0,154,0,154,133,414,243,4,794,32,0,32,826
03/28/2003,CMH,OH,AGL,CE,Towers with Radar,45,132,28,1,206,6,1,257,2,266,51,133,285,3,472,0,0,0,472
03/29/2003,CMH,OH,AGL,CE,Towers with Radar,114,207,30,2,353,2,0,26,0,28,116,207,56,2,381,8,0,8,389
03/30/2003,CMH,OH,AGL,CE,Towers with Radar,123,283,46,1,453,2,0,61,0,63,125,283,107,1,516,5,0,5,521
03/31/2003,CMH,OH,AGL,CE,Towers with Radar,132,364,69,0,565,2,0,170,0,172,134,364,239,0,737,0,0,0,737
04/01/2003,CMH,OH,AGL,CE,Towers with Radar,135,428,67,3,633,0,2,90,0,92,135,430,157,3,725,0,0,0,725
04/02/2003,CMH,OH,AGL,CE,Towers with Radar,139,415,99,3,656,0,11,117,1,129,139,426,216,4,785,22,0,22,807
04/03/2003,CMH,OH,AGL,CE,Towers with Radar,132,417,71,3,623,0,2,106,0,108,132,419,177,3,731,30,0,30,761
04/04/2003,CMH,OH,AGL,CE,Towers with Radar,129,359,63,4,555,0,2,102,0,104,129,361,165,4,659,0,0,0,659
04/05/2003,CMH,OH,AGL,CE,Towers with Radar,125,212,29,0,366,0,2,54,0,56,125,214,83,0,422,36,0,36,458
04/06/2003,CMH,OH,AGL,CE,Towers with Radar,220,477,75,4,776,0,1,79,1,81,220,478,154,5,857,20,0,20,877
04/07/2003,CMH,OH,AGL,CE,Towers with Radar,113,304,83,1,501,0,1,9,1,11,113,305,92,2,512,4,0,4,516
04/08/2003,CMH,OH,AGL,CE,Towers with Radar,77,220,54,1,352,0,5,35,1,41,77,225,89,2,393,0,0,0,393
04/09/2003,CMH,OH,AGL,CE,Towers with Radar,118,463,103,6,690,0,1,96,0,97,118,464,199,6,787,12,0,12,799
04/10/2003,CMH,OH,AGL,CE,Towers with Radar,123,424,107,0,654,0,1,110,0,111,123,425,217,0,765,22,0,22,787
04/11/2003,CMH,OH,AGL,CE,Towers with Radar,52,130,44,2,228,0,1,137,0,138,52,131,181,2,366,12,0,12,378
04/12/2003,CMH,OH,AGL,CE,Towers with Radar,105,208,52,1,366,0,1,92,0,93,105,209,144,1,459,22,0,22,481
04/13/2003,CMH,OH,AGL,CE,Towers with Radar,85,234,58,2,379,44,6,91,0,141,129,240,149,2,520,23,0,23,543
04/14/2003,CMH,OH,AGL,CE,Towers with Radar,127,317,82,1,527,0,1,178,0,179,127,318,260,1,706,22,0,22,728
04/15/2003,CMH,OH,AGL,CE,Towers with Radar,122,427,82,6,637,0,1,148,0,149,122,428,230,6,786,16,0,16,802
04/16/2003,CMH,OH,AGL,CE,Towers with Radar,126,416,101,0,643,0,1,148,0,149,126,417,249,0,792,30,0,30,822
04/17/2003,CMH,OH,AGL,CE,Towers with Radar,126,398,94,6,624,0,1,91,0,92,126,399,185,6,716,26,0,26,742
04/18/2003,CMH,OH,AGL,CE,Towers with Radar,125,351,86,3,565,0,1,136,0,137,125,352,222,3,702,8,0,8,710
04/19/2003,CMH,OH,AGL,CE,Towers with Radar,116,175,22,1,314,0,1,103,0,104,116,176,125,1,418,28,0,28,446
04/20/2003,CMH,OH,AGL,CE,Towers with Radar,115,239,23,2,379,0,1,48,0,49,115,240,71,2,428,10,0,10,438
04/21/2003,CMH,OH,AGL,CE,Towers with Radar,125,323,74,3,525,0,1,105,0,106,125,324,179,3,631,22,0,22,653
04/22/2003,CMH,OH,AGL,CE,Towers with Radar,118,426,113,3,660,0,1,116,0,117,118,427,229,3,777,0,0,0,777
04/23/2003,CMH,OH,AGL,CE,Towers with Radar,125,425,108,4,662,0,1,207,0,208,125,426,315,4,870,42,0,42,912
04/24/2003,CMH,OH,AGL,CE,Towers with Radar,123,417,147,10,697,0,1,141,0,142,123,418,288,10,839,0,0,0,839
04/25/2003,CMH,OH,AGL,CE,Towers with Radar,132,367,91,0,590,0,0,180,0,180,132,367,271,0,770,16,0,16,786
04/26/2003,CMH,OH,AGL,CE,Towers with Radar,91,214,61,2,368,12,0,252,0,264,103,214,313,2,632,64,0,64,696
04/27/2003,CMH,OH,AGL,CE,Towers with Radar,122,270,85,0,477,0,1,162,0,163,122,271,247,0,640,9,0,9,649
04/28/2003,CMH,OH,AGL,CE,Towers with Radar,132,341,100,4,577,0,1,178,0,179,132,342,278,4,756,0,0,0,756
04/29/2003,CMH,OH,AGL,CE,Towers with Radar,126,427,105,6,664,0,1,121,0,122,126,428,226,6,786,28,0,28,814
04/30/2003,CMH,OH,AGL,CE,Towers with Radar,118,427,113,7,665,0,1,130,0,131,118,428,243,7,796,0,0,0,796
05/01/2003,CMH,OH,AGL,CE,Towers with Radar,113,417,93,6,629,0,0,143,1,144,113,417,236,7,773,20,0,20,793
05/02/2003,CMH,OH,AGL,CE,Towers with Radar,126,392,97,2,617,0,0,156,0,156,126,392,253,2,773,51,0,51,824
05/03/2003,CMH,OH,AGL,CE,Towers with Radar,102,186,36,0,324,0,0,135,0,135,102,186,171,0,459,58,0,58,517
05/04/2003,CMH,OH,AGL,CE,Towers with Radar,107,289,58,0,454,0,0,103,0,103,107,289,161,0,557,18,0,18,575
05/05/2003,CMH,OH,AGL,CE,Towers with Radar,116,341,71,1,529,0,0,80,0,80,116,341,151,1,609,22,0,22,631
05/06/2003,CMH,OH,AGL,CE,Towers with Radar,119,437,107,3,666,0,0,148,0,148,119,437,255,3,814,18,0,18,832
05/07/2003,CMH,OH,AGL,CE,Towers with Radar,116,365,87,1,569,0,38,110,0,148,116,403,197,1,717,0,0,0,717
05/08/2003,CMH,OH,AGL,CE,Towers with Radar,119,422,117,8,666,0,0,80,0,80,119,422,197,8,746,8,0,8,754
05/09/2003,CMH,OH,AGL,CE,Towers with Radar,119,422,117,8,666,0,0,84,0,84,119,422,201,8,750,14,0,14,764
05/10/2003,CMH,OH,AGL,CE,Towers with Radar,89,223,17,0,329,0,0,34,0,34,89,223,51,0,363,0,0,0,363
05/11/2003,CMH,OH,AGL,CE,Towers with Radar,112,261,37,2,412,0,0,7,0,7,112,261,44,2,419,0,0,0,419
05/12/2003,CMH,OH,AGL,CE,Towers with Radar,97,286,68,0,451,30,25,49,0,104,127,311,117,0,555,62,0,62,617
05/13/2003,CMH,OH,AGL,CE,Towers with Radar,115,436,109,6,666,0,0,153,0,153,115,436,262,6,819,22,0,22,841
05/14/2003,CMH,OH,AGL,CE,Towers with Radar,121,428,98,6,653,0,0,131,0,131,121,428,229,6,784,28,0,28,812
05/15/2003,CMH,OH,AGL,CE,Towers with Radar,116,440,103,3,662,0,0,77,0,77,116,440,180,3,739,20,0,20,759
05/16/2003,CMH,OH,AGL,CE,Towers with Radar,115,380,102,4,601,0,0,77,0,77,115,380,179,4,678,71,0,71,749
05/17/2003,CMH,OH,AGL,CE,Towers with Radar,103,186,54,6,349,0,0,39,0,39,103,186,93,6,388,4,0,4,392
05/18/2003,CMH,OH,AGL,CE,Towers with Radar,96,260,67,3,426,14,0,36,7,57,110,260,103,10,483,4,0,4,487
05/19/2003,CMH,OH,AGL,CE,Towers with Radar,120,348,83,9,560,0,0,179,0,179,120,348,262,9,739,0,0,0,739
05/20/2003,CMH,OH,AGL,CE,Towers with Radar,117,440,77,8,642,0,0,47,0,47,117,440,124,8,689,0,0,0,689
05/21/2003,CMH,OH,AGL,CE,Towers with Radar,124,436,148,6,714,0,0,178,0,178,124,436,326,6,892,65,0,65,957
05/22/2003,CMH,OH,AGL,CE,Towers with Radar,131,412,132,13,688,0,0,203,0,203,131,412,335,13,891,76,0,76,967
05/23/2003,CMH,OH,AGL,CE,Towers with Radar,126,353,102,5,586,0,0,106,0,106,126,353,208,5,692,15,0,15,707
05/24/2003,CMH,OH,AGL,CE,Towers with Radar,101,171,34,0,306,0,0,91,0,91,101,171,125,0,397,42,0,42,439
05/25/2003,CMH,OH,AGL,CE,Towers with Radar,102,192,36,3,333,0,0,69,0,69,102,192,105,3,402,8,0,8,410
05/26/2003,CMH,OH,AGL,CE,Towers with Radar,109,247,49,3,408,0,0,77,0,77,109,247,126,3,485,0,0,0,485
05/27/2003,CMH,OH,AGL,CE,Towers with Radar,115,345,100,6,566,0,0,139,0,139,115,345,239,6,705,59,0,59,764
05/28/2003,CMH,OH,AGL,CE,Towers with Radar,122,422,102,5,651,0,0,105,0,105,122,422,207,5,756,22,0,22,778
05/29/2003,CMH,OH,AGL,CE,Towers with Radar,121,423,82,2,628,0,0,112,0,112,121,423,194,2,740,8,0,8,748
05/30/2003,CMH,OH,AGL,CE,Towers with Radar,118,357,87,3,565,0,0,141,0,141,118,357,228,3,706,44,0,44,750
05/31/2003,CMH,OH,AGL,CE,Towers with Radar,94,221,22,0,337,0,0,8,0,8,94,221,30,0,345,10,0,10,355
06/01/2003,CMH,OH,AGL,CE,Towers with Radar,110,258,42,13,423,0,0,75,0,75,110,258,117,13,498,0,0,0,498
06/02/2003,CMH,OH,AGL,CE,Towers with Radar,120,301,81,4,506,0,0,133,0,133,120,301,214,4,639,0,0,0,639
06/03/2003,CMH,OH,AGL,CE,Towers with Radar,118,363,96,1,578,0,65,35,0,100,118,428,131,1,678,0,0,0,678
06/04/2003,CMH,OH,AGL,CE,Towers with Radar,122,410,89,3,624,0,0,75,0,75,122,410,164,3,699,16,0,16,715
06/05/2003,CMH,OH,AGL,CE,Towers with Radar,127,403,98,8,636,0,0,150,0,150,127,403,248,8,786,32,0,32,818
06/06/2003,CMH,OH,AGL,CE,Towers with Radar,127,403,98,8,636,0,0,128,0,128,127,403,226,8,764,22,0,22,786
06/07/2003,CMH,OH,AGL,CE,Towers with Radar,116,176,24,0,316,0,0,30,0,30,116,176,54,0,346,0,0,0,346
06/08/2003,CMH,OH,AGL,CE,Towers with Radar,134,256,35,5,430,0,0,49,0,49,134,256,84,5,479,0,0,0,479
06/09/2003,CMH,OH,AGL,CE,Towers with Radar,129,310,66,1,506,0,0,138,0,138,129,310,204,1,644,6,0,6,650
06/10/2003,CMH,OH,AGL,CE,Towers with Radar,126,396,180,4,706,0,0,124,0,124,126,396,304,4,830,12,0,12,842
06/11/2003,CMH,OH,AGL,CE,Towers with Radar,125,363,97,4,589,0,35,105,5,145,125,398,202,9,734,14,0,14,748
06/12/2003,CMH,OH,AGL,CE,Towers with Radar,131,405,95,4,635,0,0,56,0,56,131,405,151,4,691,15,0,15,706
06/13/2003,CMH,OH,AGL,CE,Towers with Radar,58,105,27,2,192,0,0,64,0,64,58,105,91,2,256,0,0,0,256
06/14/2003,CMH,OH,AGL,CE,Towers with Radar,93,207,63,2,365,21,0,25,1,47,114,207,88,3,412,28,0,28,440
06/15/2003,CMH,OH,AGL,CE,Towers with Radar,123,241,56,4,424,0,0,83,0,83,123,241,139,4,507,14,0,14,521
06/16/2003,CMH,OH,AGL,CE,Towers with Radar,139,297,91,0,527,0,0,85,0,85,139,297,176,0,612,20,0,20,632
06/17/2003,CMH,OH,AGL,CE,Towers with Radar,136,402,183,6,727,0,0,37,0,37,136,402,220,6,764,12,0,12,776
06/18/2003,CMH,OH,AGL,CE,Towers with Radar,129,382,131,2,644,0,0,68,0,68,129,382,199,2,712,0,0,0,712
06/19/2003,CMH,OH,AGL,CE,Towers with Radar,133,398,120,0,651,0,0,97,0,97,133,398,217,0,748,24,0,24,772
06/20/2003,CMH,OH,AGL,CE,Towers with Radar,139,338,98,5,580,0,0,138,1,139,139,338,236,6,719,28,0,28,747
06/21/2003,CMH,OH,AGL,CE,Towers with Radar,91,196,62,3,352,28,0,45,0,73,119,196,107,3,425,2,0,2,427
06/22/2003,CMH,OH,AGL,CE,Towers with Radar,131,246,71,2,450,0,0,154,0,154,131,246,225,2,604,24,0,24,628
06/23/2003,CMH,OH,AGL,CE,Towers with Radar,134,289,99,9,531,0,0,151,0,151,134,289,250,9,682,0,0,0,682
06/24/2003,CMH,OH,AGL,CE,Towers with Radar,138,401,91,2,632,0,0,177,0,177,138,401,268,2,809,44,0,44,853
06/25/2003,CMH,OH,AGL,CE,Towers with Radar,128,387,103,3,621,0,0,166,0,166,128,387,269,3,787,14,0,14,801
06/26/2003,CMH,OH,AGL,CE,Towers with Radar,142,384,64,4,594,0,0,0,0,0,142,384,64,4,594,36,0,36,630
06/27/2003,CMH,OH,AGL,CE,Towers with Radar,133,329,106,2,570,0,0,146,0,146,133,329,252,2,716,12,0,12,728
06/28/2003,CMH,OH,AGL,CE,Towers with Radar,106,195,46,3,350,0,0,93,0,93,106,195,139,3,443,38,0,38,481
06/29/2003,CMH,OH,AGL,CE,Towers with Radar,125,238,42,4,409,0,0,67,0,67,125,238,109,4,476,0,0,0,476
06/30/2003,CMH,OH,AGL,CE,Towers with Radar,134,283,71,6,494,0,127,0,0,127,134,410,71,6,621,0,0,0,621
07/01/2003,CMH,OH,AGL,CE,Towers with Radar,128,388,71,5,592,4,0,120,0,124,132,388,191,5,716,28,0,28,744
07/02/2003,CMH,OH,AGL,CE,Towers with Radar,127,395,100,3,625,3,0,111,0,114,130,395,211,3,739,0,0,0,739
07/03/2003,CMH,OH,AGL,CE,Towers with Radar,129,328,58,15,530,3,0,106,0,109,132,328,164,15,639,44,0,44,683
07/04/2003,CMH,OH,AGL,CE,Towers with Radar,95,169,23,7,294,3,0,68,0,71,98,169,91,7,365,0,0,0,365
07/05/2003,CMH,OH,AGL,CE,Towers with Radar,115,164,22,2,303,3,0,48,0,51,118,164,70,2,354,4,0,4,358
07/06/2003,CMH,OH,AGL,CE,Towers with Radar,117,236,24,1,378,3,0,70,0,73,120,236,94,1,451,10,0,10,461
07/07/2003,CMH,OH,AGL,CE,Towers with Radar,122,284,90,2,498,3,0,44,0,47,125,284,134,2,545,8,0,8,553
07/08/2003,CMH,OH,AGL,CE,Towers with Radar,125,329,80,4,538,2,55,73,0,130,127,384,153,4,668,30,0,30,698
07/09/2003,CMH,OH,AGL,CE,Towers with Radar,128,397,87,7,619,3,0,60,0,63,131,397,147,7,682,22,0,22,704
07/10/2003,CMH,OH,AGL,CE,Towers with Radar,125,384,80,7,596,2,0,50,0,52,127,384,130,7,648,14,0,14,662
07/11/2003,CMH,OH,AGL,CE,Towers with Radar,125,384,80,7,596,2,0,110,0,112,127,384,190,7,708,20,0,20,728
07/12/2003,CMH,OH,AGL,CE,Towers with Radar,107,209,60,2,378,2,0,103,0,105,109,209,163,2,483,32,0,32,515
07/13/2003,CMH,OH,AGL,CE,Towers with Radar,122,244,73,3,442,2,0,107,0,109,124,244,180,3,551,14,0,14,565
07/14/2003,CMH,OH,AGL,CE,Towers with Radar,122,244,73,3,442,2,0,135,0,137,124,244,208,3,579,14,0,14,593
07/15/2003,CMH,OH,AGL,CE,Towers with Radar,133,363,89,4,589,0,28,102,0,130,133,391,191,4,719,0,0,0,719
07/16/2003,CMH,OH,AGL,CE,Towers with Radar,126,378,92,1,597,0,23,174,0,197,126,401,266,1,794,0,0,0,794
07/17/2003,CMH,OH,AGL,CE,Towers with Radar,128,373,98,5,604,0,0,142,0,142,128,373,240,5,746,0,0,0,746
07/18/2003,CMH,OH,AGL,CE,Towers with Radar,126,346,100,3,575,2,0,133,0,135,128,346,233,3,710,33,0,33,743
07/19/2003,CMH,OH,AGL,CE,Towers with Radar,112,214,34,0,360,2,0,86,0,88,114,214,120,0,448,56,0,56,504
07/20/2003,CMH,OH,AGL,CE,Towers with Radar,120,250,59,2,431,3,0,98,0,101,123,250,157,2,532,22,0,22,554
07/21/2003,CMH,OH,AGL,CE,Towers with Radar,131,300,64,1,496,3,0,84,0,87,134,300,148,1,583,84,0,84,667
07/22/2003,CMH,OH,AGL,CE,Towers with Radar,126,399,103,2,630,3,0,75,0,78,129,399,178,2,708,0,0,0,708
07/23/2003,CMH,OH,AGL,CE,Towers with Radar,130,399,97,3,629,3,0,72,0,75,133,399,169,3,704,22,0,22,726
07/24/2003,CMH,OH,AGL,CE,Towers with Radar,125,392,127,2,646,3,0,161,0,164,128,392,288,2,810,22,0,22,832
07/25/2003,CMH,OH,AGL,CE,Towers with Radar,128,332,94,5,559,0,0,167,5,172,128,332,261,10,731,32,0,32,763
07/26/2003,CMH,OH,AGL,CE,Towers with Radar,122,182,125,7,436,3,0,85,0,88,125,182,210,7,524,0,0,0,524
07/27/2003,CMH,OH,AGL,CE,Towers with Radar,116,245,34,1,396,3,0,72,0,75,119,245,106,1,471,14,0,14,485
07/28/2003,CMH,OH,AGL,CE,Towers with Radar,124,318,85,4,531,3,0,63,0,66,127,318,148,4,597,6,0,6,603
07/29/2003,CMH,OH,AGL,CE,Towers with Radar,125,402,88,6,621,3,0,119,0,122,128,402,207,6,743,0,0,0,743
07/30/2003,CMH,OH,AGL,CE,Towers with Radar,125,401,95,3,624,3,0,165,0,168,128,401,260,3,792,50,0,50,842
07/31/2003,CMH,OH,AGL,CE,Towers with Radar,119,383,95,8,605,3,0,95,0,98,122,383,190,8,703,22,0,22,725
08/01/2003,CMH,OH,AGL,CE,Towers with Radar,131,322,69,5,527,0,2,52,0,54,131,324,121,5,581,58,0,58,639
08/02/2003,CMH,OH,AGL,CE,Towers with Radar,114,206,32,0,352,0,1,53,0,54,114,207,85,0,406,48,0,48,454
08/03/2003,CMH,OH,AGL,CE,Towers with Radar,86,208,53,1,348,16,9,50,0,75,102,217,103,1,423,16,0,16,439
08/04/2003,CMH,OH,AGL,CE,Towers with Radar,131,299,65,2,497,0,1,54,0,55,131,300,119,2,552,0,0,0,552
08/05/2003,CMH,OH,AGL,CE,Towers with Radar,142,408,98,4,652,0,1,56,0,57,142,409,154,4,709,26,0,26,735
08/06/2003,CMH,OH,AGL,CE,Towers with Radar,131,406,108,2,647,0,1,118,0,119,131,407,226,2,766,0,0,0,766
08/07/2003,CMH,OH,AGL,CE,Towers with Radar,133,386,90,1,610,0,1,93,0,94,133,387,183,1,704,30,0,30,734
08/08/2003,CMH,OH,AGL,CE,Towers with Radar,140,341,107,3,591,0,1,86,0,87,140,342,193,3,678,64,0,64,742
08/09/2003,CMH,OH,AGL,CE,Towers with Radar,109,210,56,5,380,0,1,60,0,61,109,211,116,5,441,20,0,20,461
08/10/2003,CMH,OH,AGL,CE,Towers with Radar,121,248,42,0,411,0,1,54,0,55,121,249,96,0,466,30,0,30,496
08/11/2003,CMH,OH,AGL,CE,Towers with Radar,130,305,56,2,493,0,1,90,0,91,130,306,146,2,584,26,0,26,610
08/12/2003,CMH,OH,AGL,CE,Towers with Radar,136,384,103,5,628,0,1,126,0,127,136,385,229,5,755,0,0,0,755
08/13/2003,CMH,OH,AGL,CE,Towers with Radar,146,388,109,0,643,0,1,225,0,226,146,389,334,0,869,0,0,0,869
08/14/2003,CMH,OH,AGL,CE,Towers with Radar,139,360,115,1,615,0,1,131,0,132,139,361,246,1,747,8,0,8,755
08/15/2003,CMH,OH,AGL,CE,Towers with Radar,143,314,98,1,556,0,1,72,0,73,143,315,170,1,629,16,0,16,645
08/16/2003,CMH,OH,AGL,CE,Towers with Radar,175,354,110,2,641,0,1,69,0,70,175,355,179,2,711,0,0,0,711
08/17/2003,CMH,OH,AGL,CE,Towers with Radar,124,246,48,4,422,0,1,70,0,71,124,247,118,4,493,0,0,0,493
08/18/2003,CMH,OH,AGL,CE,Towers with Radar,134,285,86,4,509,0,1,171,0,172,134,286,257,4,681,0,0,0,681
08/19/2003,CMH,OH,AGL,CE,Towers with Radar,137,384,106,4,631,0,1,195,0,196,137,385,301,4,827,52,0,52,879
08/20/2003,CMH,OH,AGL,CE,Towers with Radar,134,376,112,3,625,0,1,152,0,153,134,377,264,3,778,22,0,22,800
08/21/2003,CMH,OH,AGL,CE,Towers with Radar,135,374,122,2,633,0,1,109,0,110,135,375,231,2,743,26,0,26,769
08/22/2003,CMH,OH,AGL,CE,Towers with Radar,126,346,113,7,592,0,1,151,0,152,126,347,264,7,744,38,0,38,782
08/23/2003,CMH,OH,AGL,CE,Towers with Radar,79,170,49,1,299,42,0,106,3,151,121,170,155,4,450,0,0,0,450
08/24/2003,CMH,OH,AGL,CE,Towers with Radar,105,255,55,3,418,0,1,129,0,130,105,256,184,3,548,30,0,30,578
08/25/2003,CMH,OH,AGL,CE,Towers with Radar,124,330,77,4,535,0,1,111,0,112,124,331,188,4,647,32,0,32,679
08/26/2003,CMH,OH,AGL,CE,Towers with Radar,115,404,75,2,596,0,1,174,0,175,115,405,249,2,771,22,0,22,793
08/27/2003,CMH,OH,AGL,CE,Towers with Radar,116,378,106,3,603,0,1,86,0,87,116,379,192,3,690,38,0,38,728
08/28/2003,CMH,OH,AGL,CE,Towers with Radar,118,390,125,2,635,0,1,64,0,65,118,391,189,2,700,0,0,0,700
08/29/2003,CMH,OH,AGL,CE,Towers with Radar,123,360,61,5,549,0,1,85,0,86,123,361,146,5,635,22,0,22,657
08/30/2003,CMH,OH,AGL,CE,Towers with Radar,92,210,59,1,362,9,0,48,2,59,101,210,107,3,421,0,0,0,421
08/31/2003,CMH,OH,AGL,CE,Towers with Radar,89,206,38,0,333,0,1,54,0,55,89,207,92,0,388,10,0,10,398
09/01/2003,CMH,OH,AGL,CE,Towers with Radar,110,257,30,3,400,2,1,11,0,14,112,258,41,3,414,0,0,0,414
09/02/2003,CMH,OH,AGL,CE,Towers with Radar,113,298,89,5,505,2,1,36,0,39,115,299,125,5,544,0,0,0,544
09/03/2003,CMH,OH,AGL,CE,Towers with Radar,111,396,103,2,612,2,1,73,0,76,113,397,176,2,688,12,0,12,700
09/04/2003,CMH,OH,AGL,CE,Towers with Radar,114,388,111,4,617,2,0,110,0,112,116,388,221,4,729,0,0,0,729
09/05/2003,CMH,OH,AGL,CE,Towers with Radar,116,371,92,12,591,2,0,170,0,172,118,371,262,12,763,28,0,28,791
09/06/2003,CMH,OH,AGL,CE,Towers with Radar,91,220,35,0,346,2,0,135,0,137,93,220,170,0,483,80,0,80,563
09/07/2003,CMH,OH,AGL,CE,Towers with Radar,105,265,61,8,439,2,0,107,0,109,107,265,168,8,548,28,0,28,576
09/08/2003,CMH,OH,AGL,CE,Towers with Radar,113,328,88,8,537,2,0,124,0,126,115,328,212,8,663,0,0,0,663
09/09/2003,CMH,OH,AGL,CE,Towers with Radar,116,410,119,5,650,2,0,136,0,138,118,410,255,5,788,32,0,32,820
09/10/2003,CMH,OH,AGL,CE,Towers with Radar,116,398,141,2,657,2,0,105,0,107,118,398,246,2,764,0,0,0,764
09/11/2003,CMH,OH,AGL,CE,Towers with Radar,114,385,73,9,581,2,0,109,0,111,116,385,182,9,692,28,0,28,720
09/12/2003,CMH,OH,AGL,CE,Towers with Radar,119,356,90,7,572,2,0,136,0,138,121,356,226,7,710,36,0,36,746
09/13/2003,CMH,OH,AGL,CE,Towers with Radar,121,356,97,4,578,0,0,74,3,77,121,356,171,7,655,58,0,58,713
09/14/2003,CMH,OH,AGL,CE,Towers with Radar,102,260,51,3,416,2,0,90,0,92,104,260,141,3,508,0,0,0,508
09/15/2003,CMH,OH,AGL,CE,Towers with Radar,121,312,72,4,509,1,1,123,0,125,122,313,195,4,634,0,0,0,634
09/16/2003,CMH,OH,AGL,CE,Towers with Radar,122,408,104,2,636,0,9,132,0,141,122,417,236,2,777,24,0,24,801
09/17/2003,CMH,OH,AGL,CE,Towers with Radar,112,411,126,4,653,1,1,126,0,128,113,412,252,4,781,0,0,0,781
09/18/2003,CMH,OH,AGL,CE,Towers with Radar,115,394,112,3,624,1,1,144,0,146,116,395,256,3,770,10,0,10,780
09/19/2003,CMH,OH,AGL,CE,Towers with Radar,122,337,92,2,553,1,1,70,0,72,123,338,162,2,625,37,0,37,662
09/20/2003,CMH,OH,AGL,CE,Towers with Radar,151,459,115,9,734,1,1,107,0,109,152,460,222,9,843,50,0,50,893
09/21/2003,CMH,OH,AGL,CE,Towers with Radar,142,210,49,3,404,1,1,120,0,122,143,211,169,3,526,0,0,0,526
09/22/2003,CMH,OH,AGL,CE,Towers with Radar,114,317,80,0,511,1,1,63,0,65,115,318,143,0,576,16,0,16,592
09/23/2003,CMH,OH,AGL,CE,Towers with Radar,160,364,116,0,640,1,1,134,0,136,161,365,250,0,776,96,0,96,872
09/24/2003,CMH,OH,AGL,CE,Towers with Radar,165,446,113,1,725,1,1,220,0,222,166,447,333,1,947,50,0,50,997
09/25/2003,CMH,OH,AGL,CE,Towers with Radar,155,444,101,1,701,1,1,126,0,128,156,445,227,1,829,0,0,0,829
09/26/2003,CMH,OH,AGL,CE,Towers with Radar,120,360,124,5,609,1,1,95,0,97,121,361,219,5,706,11,0,11,717
09/27/2003,CMH,OH,AGL,CE,Towers with Radar,98,205,30,2,335,1,1,94,0,96,99,206,124,2,431,0,0,0,431
09/28/2003,CMH,OH,AGL,CE,Towers with Radar,109,261,66,2,438,1,1,61,0,63,110,262,127,2,501,0,0,0,501
09/29/2003,CMH,OH,AGL,CE,Towers with Radar,151,300,46,3,500,1,1,94,0,96,152,301,140,3,596,35,0,35,631
09/30/2003,CMH,OH,AGL,CE,Towers with Radar,160,346,86,3,595,1,1,148,0,150,161,347,234,3,745,18,0,18,763
10/01/2003,CMH,OH,AGL,CE,Towers with Radar,157,413,101,3,674,0,32,135,0,167,157,445,236,3,841,24,0,24,865
10/02/2003,CMH,OH,AGL,CE,Towers with Radar,155,410,100,5,670,0,18,156,1,175,155,428,256,6,845,0,0,0,845
10/03/2003,CMH,OH,AGL,CE,Towers with Radar,119,358,88,4,569,0,0,114,3,117,119,358,202,7,686,88,0,88,774
10/04/2003,CMH,OH,AGL,CE,Towers with Radar,154,397,96,5,652,3,33,49,3,88,157,430,145,8,740,0,0,0,740
10/05/2003,CMH,OH,AGL,CE,Towers with Radar,87,226,54,3,370,9,3,103,1,116,96,229,157,4,486,22,0,22,508
10/06/2003,CMH,OH,AGL,CE,Towers with Radar,101,258,63,1,423,37,0,122,0,159,138,258,185,1,582,20,0,20,602
10/07/2003,CMH,OH,AGL,CE,Towers with Radar,124,321,77,1,523,35,6,158,0,199,159,327,235,1,722,30,0,30,752
10/08/2003,CMH,OH,AGL,CE,Towers with Radar,118,393,95,5,611,0,5,168,0,173,118,398,263,5,784,36,0,36,820
10/09/2003,CMH,OH,AGL,CE,Towers with Radar,161,471,114,3,749,0,0,110,0,110,161,471,224,3,859,22,0,22,881
10/10/2003,CMH,OH,AGL,CE,Towers with Radar,116,370,93,1,580,0,0,221,0,221,116,370,314,1,801,8,0,8,809
10/11/2003,CMH,OH,AGL,CE,Towers with Radar,89,227,55,2,373,11,0,68,0,79,100,227,123,2,452,12,0,12,464
10/12/2003,CMH,OH,AGL,CE,Towers with Radar,95,224,59,2,380,9,0,97,0,106,104,224,156,2,486,14,0,14,500
10/13/2003,CMH,OH,AGL,CE,Towers with Radar,103,251,64,0,418,39,0,135,0,174,142,251,199,0,592,78,0,78,670
10/14/2003,CMH,OH,AGL,CE,Towers with Radar,125,310,78,2,515,28,0,31,0,59,153,310,109,2,574,4,0,4,578
10/15/2003,CMH,OH,AGL,CE,Towers with Radar,152,373,96,4,625,0,0,94,1,95,152,373,190,5,720,0,0,0,720
10/16/2003,CMH,OH,AGL,CE,Towers with Radar,159,441,107,4,711,0,0,119,0,119,159,441,226,4,830,32,0,32,862
10/17/2003,CMH,OH,AGL,CE,Towers with Radar,122,359,92,3,576,0,0,110,1,111,122,359,202,4,687,52,0,52,739
10/18/2003,CMH,OH,AGL,CE,Towers with Radar,96,209,63,2,370,0,0,107,1,108,96,209,170,3,478,14,0,14,492
10/19/2003,CMH,OH,AGL,CE,Towers with Radar,95,220,60,0,375,56,0,114,0,170,151,220,174,0,545,0,0,0,545
10/20/2003,CMH,OH,AGL,CE,Towers with Radar,114,330,80,3,527,0,4,144,0,148,114,334,224,3,675,0,0,0,675
10/21/2003,CMH,OH,AGL,CE,Towers with Radar,113,383,93,2,591,0,45,166,0,211,113,428,259,2,802,32,0,32,834
10/22/2003,CMH,OH,AGL,CE,Towers with Radar,127,369,90,3,589,0,33,150,6,189,127,402,240,9,778,22,0,22,800
10/23/2003,CMH,OH,AGL,CE,Towers with Radar,122,397,98,3,620,0,0,124,0,124,122,397,222,3,744,0,0,0,744
10/24/2003,CMH,OH,AGL,CE,Towers with Radar,130,360,98,0,588,0,0,162,0,162,130,360,260,0,750,28,0,28,778
10/25/2003,CMH,OH,AGL,CE,Towers with Radar,53,134,33,0,220,3,6,52,0,61,56,140,85,0,281,1,0,1,282
10/26/2003,CMH,OH,AGL,CE,Towers with Radar,105,222,66,2,395,41,0,21,0,62,146,222,87,2,457,0,0,0,457
10/27/2003,CMH,OH,AGL,CE,Towers with Radar,113,281,70,3,467,24,0,136,3,163,137,281,206,6,630,16,0,16,646
10/28/2003,CMH,OH,AGL,CE,Towers with Radar,132,337,82,0,551,21,30,108,0,159,153,367,190,0,710,0,0,0,710
10/29/2003,CMH,OH,AGL,CE,Towers with Radar,105,269,66,0,440,22,26,126,0,174,127,295,192,0,614,46,0,46,660
10/30/2003,CMH,OH,AGL,CE,Towers with Radar,117,389,95,4,605,0,27,116,12,155,117,416,211,16,760,46,0,46,806
10/31/2003,CMH,OH,AGL,CE,Towers with Radar,158,422,103,4,687,0,42,164,2,208,158,464,267,6,895,14,0,14,909
11/01/2003,CMH,OH,AGL,CE,Towers with Radar,85,190,56,1,332,18,0,0,0,18,103,190,56,1,350,0,0,0,350
11/02/2003,CMH,OH,AGL,CE,Towers with Radar,88,239,58,2,387,34,6,55,0,95,122,245,113,2,482,14,0,14,496
11/03/2003,CMH,OH,AGL,CE,Towers with Radar,97,261,64,2,424,34,9,175,0,218,131,270,239,2,642,18,0,18,660
11/04/2003,CMH,OH,AGL,CE,Towers with Radar,115,310,76,2,503,21,40,224,0,285,136,350,300,2,788,46,0,46,834
11/05/2003,CMH,OH,AGL,CE,Towers with Radar,111,389,99,2,601,0,0,132,0,132,111,389,231,2,733,24,0,24,757
11/06/2003,CMH,OH,AGL,CE,Towers with Radar,125,395,103,0,623,0,0,88,0,88,125,395,191,0,711,4,0,4,715
11/07/2003,CMH,OH,AGL,CE,Towers with Radar,121,350,93,5,569,0,0,204,2,206,121,350,297,7,775,28,0,28,803
11/08/2003,CMH,OH,AGL,CE,Towers with Radar,90,200,49,2,341,19,0,0,0,19,109,200,49,2,360,0,0,0,360
11/09/2003,CMH,OH,AGL,CE,Towers with Radar,95,245,63,3,406,14,0,130,3,147,109,245,193,6,553,0,0,0,553
11/10/2003,CMH,OH,AGL,CE,Towers with Radar,112,294,74,2,482,8,0,163,0,171,120,294,237,2,653,20,0,20,673
11/11/2003,CMH,OH,AGL,CE,Towers with Radar,116,352,86,0,554,0,2,30,0,32,116,354,116,0,586,0,0,0,586
11/12/2003,CMH,OH,AGL,CE,Towers with Radar,112,315,85,2,514,0,0,83,0,83,112,315,168,2,597,20,0,20,617
11/13/2003,CMH,OH,AGL,CE,Towers with Radar,118,318,78,3,517,4,70,32,0,106,122,388,110,3,623,10,0,10,633
11/14/2003,CMH,OH,AGL,CE,Towers with Radar,127,357,87,4,575,0,1,148,3,152,127,358,235,7,727,46,0,46,773
11/15/2003,CMH,OH,AGL,CE,Towers with Radar,90,198,46,3,337,10,0,0,1,11,100,198,46,4,348,0,0,0,348
11/16/2003,CMH,OH,AGL,CE,Towers with Radar,92,250,61,3,406,20,13,7,7,47,112,263,68,10,453,10,0,10,463
11/17/2003,CMH,OH,AGL,CE,Towers with Radar,118,323,82,0,523,0,0,115,0,115,118,323,197,0,638,14,1,15,653
11/18/2003,CMH,OH,AGL,CE,Towers with Radar,118,351,86,3,558,0,65,97,2,164,118,416,183,5,722,48,0,48,770
11/19/2003,CMH,OH,AGL,CE,Towers with Radar,116,365,90,2,573,0,17,100,0,117,116,382,190,2,690,28,0,28,718
11/20/2003,CMH,OH,AGL,CE,Towers with Radar,121,398,101,4,624,0,0,191,3,194,121,398,292,7,818,0,0,0,818
11/21/2003,CMH,OH,AGL,CE,Towers with Radar,121,360,96,4,581,0,0,207,0,207,121,360,303,4,788,54,0,54,842
11/22/2003,CMH,OH,AGL,CE,Towers with Radar,121,360,96,4,581,0,0,100,0,100,121,360,196,4,681,17,0,17,698
11/23/2003,CMH,OH,AGL,CE,Towers with Radar,83,220,55,2,360,29,27,87,0,143,112,247,142,2,503,0,0,0,503
11/24/2003,CMH,OH,AGL,CE,Towers with Radar,100,265,66,1,432,20,24,62,0,106,120,289,128,1,538,0,0,0,538
11/25/2003,CMH,OH,AGL,CE,Towers with Radar,124,399,99,3,625,0,18,134,0,152,124,417,233,3,777,26,0,26,803
11/26/2003,CMH,OH,AGL,CE,Towers with Radar,119,374,93,3,589,0,7,109,1,117,119,381,202,4,706,34,0,34,740
11/27/2003,CMH,OH,AGL,CE,Towers with Radar,68,182,32,1,283,13,66,0,7,86,81,248,32,8,369,0,0,0,369
11/28/2003,CMH,OH,AGL,CE,Towers with Radar,44,92,13,1,150,0,0,0,1,1,44,92,13,2,151,0,0,0,151
11/29/2003,CMH,OH,AGL,CE,Towers with Radar,73,193,48,1,315,32,7,28,0,67,105,200,76,1,382,0,0,0,382
11/30/2003,CMH,OH,AGL,CE,Towers with Radar,103,266,68,2,439,28,0,61,1,90,131,266,129,3,529,0,0,0,529
12/01/2003,CMH,OH,AGL,CE,Towers with Radar,108,309,61,3,481,16,0,134,1,151,124,309,195,4,632,0,0,0,632
12/02/2003,CMH,OH,AGL,CE,Towers with Radar,119,403,84,2,608,0,0,122,0,122,119,403,206,2,730,0,0,0,730
12/03/2003,CMH,OH,AGL,CE,Towers with Radar,111,397,80,4,592,0,0,169,3,172,111,397,249,7,764,32,0,32,796
12/04/2003,CMH,OH,AGL,CE,Towers with Radar,123,399,78,4,604,0,0,110,1,111,123,399,188,5,715,0,0,0,715
12/05/2003,CMH,OH,AGL,CE,Towers with Radar,100,293,56,2,451,9,28,25,0,62,109,321,81,2,513,20,0,20,533
12/06/2003,CMH,OH,AGL,CE,Towers with Radar,100,293,56,2,451,9,28,63,0,100,109,321,119,2,551,0,0,0,551
12/07/2003,CMH,OH,AGL,CE,Towers with Radar,86,230,48,1,365,18,0,97,0,115,104,230,145,1,480,0,0,0,480
12/08/2003,CMH,OH,AGL,CE,Towers with Radar,119,313,70,2,504,0,0,142,0,142,119,313,212,2,646,0,0,0,646
12/09/2003,CMH,OH,AGL,CE,Towers with Radar,118,422,83,4,627,0,0,148,0,148,118,422,231,4,775,20,0,20,795
12/10/2003,CMH,OH,AGL,CE,Towers with Radar,115,399,77,4,595,0,0,94,3,97,115,399,171,7,692,0,0,0,692
12/11/2003,CMH,OH,AGL,CE,Towers with Radar,120,381,73,2,576,0,15,118,0,133,120,396,191,2,709,0,0,0,709
12/12/2003,CMH,OH,AGL,CE,Towers with Radar,116,366,79,3,564,0,0,209,0,209,116,366,288,3,773,26,0,26,799
12/13/2003,CMH,OH,AGL,CE,Towers with Radar,81,209,45,0,335,14,0,69,0,83,95,209,114,0,418,0,0,0,418
12/14/2003,CMH,OH,AGL,CE,Towers with Radar,71,208,40,0,319,34,24,0,0,58,105,232,40,0,377,0,0,0,377
12/15/2003,CMH,OH,AGL,CE,Towers with Radar,115,310,65,3,493,9,0,74,1,84,124,310,139,4,577,22,0,22,599
12/16/2003,CMH,OH,AGL,CE,Towers with Radar,114,396,77,3,590,0,13,122,1,136,114,409,199,4,726,40,0,40,766
12/17/2003,CMH,OH,AGL,CE,Towers with Radar,121,407,79,3,610,0,6,113,1,120,121,413,192,4,730,20,0,20,750
12/18/2003,CMH,OH,AGL,CE,Towers with Radar,113,418,82,3,616,0,0,154,2,156,113,418,236,5,772,48,0,48,820
12/19/2003,CMH,OH,AGL,CE,Towers with Radar,116,355,71,3,545,0,0,26,2,28,116,355,97,5,573,1,0,1,574
12/20/2003,CMH,OH,AGL,CE,Towers with Radar,85,224,48,1,358,10,0,59,0,69,95,224,107,1,427,0,0,0,427
12/21/2003,CMH,OH,AGL,CE,Towers with Radar,85,240,48,2,375,23,0,67,2,92,108,240,115,4,467,0,0,0,467
12/22/2003,CMH,OH,AGL,CE,Towers with Radar,114,297,64,1,476,0,0,111,0,111,114,297,175,1,587,0,0,0,587
12/23/2003,CMH,OH,AGL,CE,Towers with Radar,117,366,71,0,554,0,31,18,0,49,117,397,89,0,603,0,0,0,603
12/24/2003,CMH,OH,AGL,CE,Towers with Radar,93,268,50,0,411,11,65,0,0,76,104,333,50,0,487,10,0,10,497
12/25/2003,CMH,OH,AGL,CE,Towers with Radar,69,199,39,0,307,23,64,18,0,105,92,263,57,0,412,0,0,0,412
12/26/2003,CMH,OH,AGL,CE,Towers with Radar,95,247,54,2,398,18,0,130,0,148,113,247,184,2,546,10,0,10,556
12/27/2003,CMH,OH,AGL,CE,Towers with Radar,81,208,46,2,337,11,0,75,3,89,92,208,121,5,426,36,0,36,462
12/28/2003,CMH,OH,AGL,CE,Towers with Radar,84,242,47,1,374,27,6,87,0,120,111,248,134,1,494,0,0,0,494
12/29/2003,CMH,OH,AGL,CE,Towers with Radar,93,271,52,2,418,20,30,110,2,162,113,301,162,4,580,14,0,14,594
12/30/2003,CMH,OH,AGL,CE,Towers with Radar,118,343,65,2,528,3,50,103,0,156,121,393,168,2,684,22,0,22,706
12/31/2003,CMH,OH,AGL,CE,Towers with Radar,104,301,57,1,463,8,44,100,0,152,112,345,157,1,615,20,0,20,635
01/01/2004,CMH,OH,AGL,CE,Towers with Radar,79,240,45,0,364,21,21,94,0,136,100,261,139,0,500,42,0,42,542
01/02/2004,CMH,OH,AGL,CE,Towers with Radar,101,236,41,2,380,8,0,0,0,8,109,236,41,2,388,0,0,0,388
01/03/2004,CMH,OH,AGL,CE,Towers with Radar,83,212,47,0,342,15,0,9,0,24,98,212,56,0,366,0,0,0,366
01/04/2004,CMH,OH,AGL,CE,Towers with Radar,75,227,42,0,344,24,39,42,0,105,99,266,84,0,449,12,0,12,461
01/05/2004,CMH,OH,AGL,CE,Towers with Radar,93,282,53,1,429,12,23,50,0,85,105,305,103,1,514,0,0,0,514
01/06/2004,CMH,OH,AGL,CE,Towers with Radar,110,418,78,3,609,0,4,119,2,125,110,422,197,5,734,22,0,22,756
01/07/2004,CMH,OH,AGL,CE,Towers with Radar,114,400,79,2,595,0,0,177,0,177,114,400,256,2,772,20,0,20,792
01/08/2004,CMH,OH,AGL,CE,Towers with Radar,110,399,75,1,585,0,11,137,0,148,110,410,212,1,733,10,0,10,743
01/09/2004,CMH,OH,AGL,CE,Towers with Radar,109,368,70,3,550,0,0,175,1,176,109,368,245,4,726,10,0,10,736
01/10/2004,CMH,OH,AGL,CE,Towers with Radar,82,218,47,2,349,15,0,47,0,62,97,218,94,2,411,0,0,0,411
01/11/2004,CMH,OH,AGL,CE,Towers with Radar,81,246,46,1,374,20,10,51,0,81,101,256,97,1,455,0,0,0,455
01/12/2004,CMH,OH,AGL,CE,Towers with Radar,99,300,56,3,458,14,20,106,0,140,113,320,162,3,598,0,0,0,598
01/13/2004,CMH,OH,AGL,CE,Towers with Radar,108,398,75,0,581,0,26,164,0,190,108,424,239,0,771,26,0,26,797
01/14/2004,CMH,OH,AGL,CE,Towers with Radar,112,395,75,3,585,0,0,148,2,150,112,395,223,5,735,22,0,22,757
01/15/2004,CMH,OH,AGL,CE,Towers with Radar,117,417,83,2,619,0,0,143,0,143,117,417,226,2,762,22,0,22,784
01/16/2004,CMH,OH,AGL,CE,Towers with Radar,119,365,73,1,558,0,0,149,0,149,119,365,222,1,707,29,0,29,736
01/17/2004,CMH,OH,AGL,CE,Towers with Radar,56,165,32,0,253,46,19,1,0,66,102,184,33,0,319,2,0,2,321
01/18/2004,CMH,OH,AGL,CE,Towers with Radar,63,188,36,1,288,37,25,44,0,106,100,213,80,1,394,14,0,14,408
01/19/2004,CMH,OH,AGL,CE,Towers with Radar,95,284,54,0,433,13,21,173,0,207,108,305,227,0,640,0,0,0,640
01/20/2004,CMH,OH,AGL,CE,Towers with Radar,104,319,73,2,498,0,0,195,6,201,104,319,268,8,699,0,0,0,699
01/21/2004,CMH,OH,AGL,CE,Towers with Radar,117,400,76,2,595,0,12,114,0,126,117,412,190,2,721,0,0,0,721
01/22/2004,CMH,OH,AGL,CE,Towers with Radar,106,391,75,2,574,0,14,172,3,189,106,405,247,5,763,18,0,18,781
01/23/2004,CMH,OH,AGL,CE,Towers with Radar,53,106,32,0,191,0,0,105,0,105,53,106,137,0,296,0,0,0,296
01/24/2004,CMH,OH,AGL,CE,Towers with Radar,67,198,38,0,303,23,3,71,0,97,90,201,109,0,400,10,0,10,410
01/25/2004,CMH,OH,AGL,CE,Towers with Radar,64,190,36,1,291,20,48,30,1,99,84,238,66,2,390,0,0,0,390
01/26/2004,CMH,OH,AGL,CE,Towers with Radar,79,236,45,0,360,26,63,20,0,109,105,299,65,0,469,0,0,0,469
01/27/2004,CMH,OH,AGL,CE,Towers with Radar,107,323,54,1,485,0,56,0,0,56,107,379,54,1,541,14,0,14,555
01/28/2004,CMH,OH,AGL,CE,Towers with Radar,111,390,79,2,582,0,0,90,4,94,111,390,169,6,676,0,0,0,676
01/29/2004,CMH,OH,AGL,CE,Towers with Radar,113,384,73,2,572,0,9,115,7,131,113,393,188,9,703,0,0,0,703
01/30/2004,CMH,OH,AGL,CE,Towers with Radar,117,356,74,2,549,0,0,55,1,56,117,356,129,3,605,0,0,0,605
01/31/2004,CMH,OH,AGL,CE,Towers with Radar,76,202,42,1,321,7,0,68,0,75,83,202,110,1,396,14,0,14,410
02/01/2004,CMH,OH,AGL,CE,Towers with Radar,99,237,84,19,439,0,0,33,353,386,99,237,117,372,825,28,0,28,853
02/02/2004,CMH,OH,AGL,CE,Towers with Radar,92,296,65,1,454,16,0,100,0,116,108,296,165,1,570,16,0,16,586
02/03/2004,CMH,OH,AGL,CE,Towers with Radar,101,325,72,1,499,7,79,29,0,115,108,404,101,1,614,0,0,0,614
02/04/2004,CMH,OH,AGL,CE,Towers with Radar,109,397,88,2,596,0,0,148,0,148,109,397,236,2,744,22,0,22,766
02/05/2004,CMH,OH,AGL,CE,Towers with Radar,104,333,73,0,510,9,47,70,0,126,113,380,143,0,636,0,0,0,636
02/06/2004,CMH,OH,AGL,CE,Towers with Radar,95,307,68,2,472,13,51,42,0,106,108,358,110,2,578,4,0,4,582
02/07/2004,CMH,OH,AGL,CE,Towers with Radar,57,184,39,0,280,44,5,0,0,49,101,189,39,0,329,0,0,0,329
02/08/2004,CMH,OH,AGL,CE,Towers with Radar,76,244,54,4,378,20,7,124,0,151,96,251,178,4,529,0,0,0,529
02/09/2004,CMH,OH,AGL,CE,Towers with Radar,89,286,63,1,439,18,32,111,0,161,107,318,174,1,600,0,0,0,600
02/10/2004,CMH,OH,AGL,CE,Towers with Radar,106,390,86,2,584,0,28,122,0,150,106,418,208,2,734,0,0,0,734
02/11/2004,CMH,OH,AGL,CE,Towers with Radar,113,402,94,3,612,0,0,201,0,201,113,402,295,3,813,0,0,0,813
02/12/2004,CMH,OH,AGL,CE,Towers with Radar,116,403,95,12,626,0,0,142,0,142,116,403,237,12,768,0,0,0,768
02/13/2004,CMH,OH,AGL,CE,Towers with Radar,110,354,78,8,550,2,22,108,0,132,112,376,186,8,682,0,12,12,694
02/14/2004,CMH,OH,AGL,CE,Towers with Radar,66,211,48,4,329,10,0,117,0,127,76,211,165,4,456,42,0,42,498
02/15/2004,CMH,OH,AGL,CE,Towers with Radar,70,225,50,5,350,31,14,111,0,156,101,239,161,5,506,16,0,16,522
02/16/2004,CMH,OH,AGL,CE,Towers with Radar,100,307,71,6,484,5,0,185,0,190,105,307,256,6,674,28,0,28,702
02/17/2004,CMH,OH,AGL,CE,Towers with Radar,113,349,85,6,553,0,0,195,0,195,113,349,280,6,748,0,0,0,748
02/18/2004,CMH,OH,AGL,CE,Towers with Radar,111,419,94,8,632,0,3,155,0,158,111,422,249,8,790,14,0,14,804
02/19/2004,CMH,OH,AGL,CE,Towers with Radar,105,410,97,9,621,0,0,142,0,142,105,410,239,9,763,20,0,20,783
02/20/2004,CMH,OH,AGL,CE,Towers with Radar,107,367,83,6,563,0,0,145,0,145,107,367,228,6,708,0,0,0,708
02/21/2004,CMH,OH,AGL,CE,Towers with Radar,64,202,41,1,308,31,36,0,0,67,95,238,41,1,375,0,0,0,375
02/22/2004,CMH,OH,AGL,CE,Towers with Radar,88,261,63,5,417,4,0,76,0,80,92,261,139,5,497,0,0,0,497
02/23/2004,CMH,OH,AGL,CE,Towers with Radar,96,303,68,0,467,9,30,141,0,180,105,333,209,0,647,28,0,28,675
02/24/2004,CMH,OH,AGL,CE,Towers with Radar,112,368,82,0,562,0,50,85,0,135,112,418,167,0,697,26,0,26,723
02/25/2004,CMH,OH,AGL,CE,Towers with Radar,121,428,103,9,661,0,0,146,0,146,121,428,249,9,807,20,0,20,827
02/26/2004,CMH,OH,AGL,CE,Towers with Radar,109,407,94,4,614,0,0,117,0,117,109,407,211,4,731,12,0,12,743
02/27/2004,CMH,OH,AGL,CE,Towers with Radar,108,348,82,3,541,0,0,157,0,157,108,348,239,3,698,0,0,0,698
02/28/2004,CMH,OH,AGL,CE,Towers with Radar,76,239,64,4,383,0,0,133,0,133,76,239,197,4,516,54,0,54,570
02/29/2004,CMH,OH,AGL,CE,Towers with Radar,87,262,62,6,417,9,0,102,0,111,96,262,164,6,528,26,0,26,554
03/01/2004,CMH,OH,AGL,CE,Towers with Radar,86,293,65,2,446,19,12,100,0,131,105,305,165,2,577,16,0,16,593
03/02/2004,CMH,OH,AGL,CE,Towers with Radar,107,414,92,2,615,0,10,128,0,138,107,424,220,2,753,0,0,0,753
03/03/2004,CMH,OH,AGL,CE,Towers with Radar,105,428,95,6,634,0,5,106,1,112,105,433,201,7,746,0,0,0,746
03/04/2004,CMH,OH,AGL,CE,Towers with Radar,101,425,96,6,628,0,0,27,0,27,101,425,123,6,655,0,0,0,655
03/05/2004,CMH,OH,AGL,CE,Towers with Radar,96,328,72,4,500,14,26,51,0,91,110,354,123,4,591,0,0,0,591
03/06/2004,CMH,OH,AGL,CE,Towers with Radar,73,237,55,2,367,6,0,57,0,63,79,237,112,2,430,12,0,12,442
03/07/2004,CMH,OH,AGL,CE,Towers with Radar,70,239,52,2,363,26,27,39,0,92,96,266,91,2,455,12,0,12,467
03/08/2004,CMH,OH,AGL,CE,Towers with Radar,94,320,70,5,489,18,6,66,1,91,112,326,136,6,580,8,0,8,588
03/09/2004,CMH,OH,AGL,CE,Towers with Radar,104,418,92,6,620,0,0,143,2,145,104,418,235,8,765,26,0,26,791
03/10/2004,CMH,OH,AGL,CE,Towers with Radar,117,429,108,7,661,0,0,176,1,177,117,429,284,8,838,42,0,42,880
03/11/2004,CMH,OH,AGL,CE,Towers with Radar,108,401,88,6,603,0,8,93,0,101,108,409,181,6,704,16,0,16,720
03/12/2004,CMH,OH,AGL,CE,Towers with Radar,103,358,87,4,552,0,0,120,0,120,103,358,207,4,672,0,0,0,672
03/13/2004,CMH,OH,AGL,CE,Towers with Radar,75,227,62,3,367,0,0,128,9,137,75,227,190,12,504,22,2,24,528
03/14/2004,CMH,OH,AGL,CE,Towers with Radar,65,221,48,1,335,30,31,97,0,158,95,252,145,1,493,0,0,0,493
03/15/2004,CMH,OH,AGL,CE,Towers with Radar,109,305,81,4,499,2,0,164,4,170,111,305,245,8,669,10,0,10,679
03/16/2004,CMH,OH,AGL,CE,Towers with Radar,86,293,61,2,442,18,90,0,0,108,104,383,61,2,550,0,0,0,550
03/17/2004,CMH,OH,AGL,CE,Towers with Radar,101,344,76,4,525,13,43,100,2,158,114,387,176,6,683,10,0,10,693
03/18/2004,CMH,OH,AGL,CE,Towers with Radar,104,372,83,2,561,0,51,34,0,85,104,423,117,2,646,12,0,12,658
03/19/2004,CMH,OH,AGL,CE,Towers with Radar,104,369,93,5,571,0,0,113,3,116,104,369,206,8,687,0,0,0,687
03/20/2004,CMH,OH,AGL,CE,Towers with Radar,65,217,49,2,333,18,3,26,0,47,83,220,75,2,380,4,0,4,384
03/21/2004,CMH,OH,AGL,CE,Towers with Radar,74,249,56,3,382,21,3,42,1,67,95,252,98,4,449,0,0,0,449
03/22/2004,CMH,OH,AGL,CE,Towers with Radar,100,337,75,4,516,16,8,206,4,234,116,345,281,8,750,0,0,0,750
03/23/2004,CMH,OH,AGL,CE,Towers with Radar,116,415,92,3,626,0,1,105,0,106,116,416,197,3,732,20,0,20,752
03/24/2004,CMH,OH,AGL,CE,Towers with Radar,108,410,91,3,612,0,0,76,0,76,108,410,167,3,688,10,0,10,698
03/25/2004,CMH,OH,AGL,CE,Towers with Radar,109,397,90,5,601,0,0,88,1,89,109,397,178,6,690,0,0,0,690
03/26/2004,CMH,OH,AGL,CE,Towers with Radar,114,364,85,4,567,0,0,110,0,110,114,364,195,4,677,40,0,40,717
03/27/2004,CMH,OH,AGL,CE,Towers with Radar,72,232,54,0,358,10,0,44,0,54,82,232,98,0,412,28,0,28,440
03/28/2004,CMH,OH,AGL,CE,Towers with Radar,85,256,63,3,407,15,0,95,0,110,100,256,158,3,517,16,0,16,533
03/29/2004,CMH,OH,AGL,CE,Towers with Radar,104,324,78,0,506,11,0,94,0,105,115,324,172,0,611,0,0,0,611
03/30/2004,CMH,OH,AGL,CE,Towers with Radar,103,420,93,4,620,0,29,69,0,98,103,449,162,4,718,24,0,24,742
03/31/2004,CMH,OH,AGL,CE,Towers with Radar,105,409,91,5,610,0,25,60,0,85,105,434,151,5,695,0,0,0,695
04/01/2004,CMH,OH,AGL,CE,Towers with Radar,107,383,98,4,592,0,51,14,2,67,107,434,112,6,659,0,0,0,659
04/02/2004,CMH,OH,AGL,CE,Towers with Radar,45,124,38,2,209,0,0,19,1,20,45,124,57,3,229,0,0,0,229
04/03/2004,CMH,OH,AGL,CE,Towers with Radar,85,235,62,2,384,0,0,31,0,31,85,235,93,2,415,20,0,20,435
04/04/2004,CMH,OH,AGL,CE,Towers with Radar,76,225,56,1,358,25,35,20,0,80,101,260,76,1,438,0,0,0,438
04/05/2004,CMH,OH,AGL,CE,Towers with Radar,113,319,84,3,519,8,0,184,1,193,121,319,268,4,712,0,0,0,712
04/06/2004,CMH,OH,AGL,CE,Towers with Radar,117,398,102,4,621,0,0,156,3,159,117,398,258,7,780,30,0,30,810
04/07/2004,CMH,OH,AGL,CE,Towers with Radar,113,414,114,3,644,0,0,146,0,146,113,414,260,3,790,0,0,0,790
04/08/2004,CMH,OH,AGL,CE,Towers with Radar,113,397,101,3,614,0,0,122,0,122,113,397,223,3,736,24,0,24,760
04/09/2004,CMH,OH,AGL,CE,Towers with Radar,122,365,97,4,588,0,0,147,2,149,122,365,244,6,737,14,0,14,751
04/10/2004,CMH,OH,AGL,CE,Towers with Radar,78,210,58,2,348,11,0,140,0,151,89,210,198,2,499,10,0,10,509
04/11/2004,CMH,OH,AGL,CE,Towers with Radar,82,241,61,0,384,23,21,33,0,77,105,262,94,0,461,0,0,0,461
04/12/2004,CMH,OH,AGL,CE,Towers with Radar,102,300,75,1,478,4,17,63,0,84,106,317,138,1,562,0,0,0,562
04/13/2004,CMH,OH,AGL,CE,Towers with Radar,111,327,68,3,509,7,88,0,0,95,118,415,68,3,604,0,0,0,604
04/14/2004,CMH,OH,AGL,CE,Towers with Radar,121,408,103,3,635,0,18,131,0,149,121,426,234,3,784,32,0,32,816
04/15/2004,CMH,OH,AGL,CE,Towers with Radar,118,421,110,3,652,0,0,239,5,244,118,421,349,8,896,28,0,28,924
04/16/2004,CMH,OH,AGL,CE,Towers with Radar,52,118,43,1,214,0,0,145,3,148,52,118,188,4,362,27,0,27,389
04/17/2004,CMH,OH,AGL,CE,Towers with Radar,91,217,67,2,377,7,0,96,3,106,98,217,163,5,483,12,0,12,495
04/18/2004,CMH,OH,AGL,CE,Towers with Radar,101,277,75,1,454,8,0,56,0,64,109,277,131,1,518,20,0,20,538
04/19/2004,CMH,OH,AGL,CE,Towers with Radar,106,307,78,0,491,9,20,94,0,123,115,327,172,0,614,0,0,0,614
04/20/2004,CMH,OH,AGL,CE,Towers with Radar,115,396,101,2,614,0,51,113,0,164,115,447,214,2,778,22,0,22,800
04/21/2004,CMH,OH,AGL,CE,Towers with Radar,121,386,98,3,608,0,45,37,1,83,121,431,135,4,691,0,0,0,691
04/22/2004,CMH,OH,AGL,CE,Towers with Radar,121,369,94,3,587,0,62,3,1,66,121,431,97,4,653,4,0,4,657
04/23/2004,CMH,OH,AGL,CE,Towers with Radar,117,368,104,3,592,0,0,64,3,67,117,368,168,6,659,0,0,0,659
04/24/2004,CMH,OH,AGL,CE,Towers with Radar,83,210,62,2,357,9,0,117,1,127,92,210,179,3,484,0,0,0,484
04/25/2004,CMH,OH,AGL,CE,Towers with Radar,80,232,59,2,373,51,4,3,2,60,131,236,62,4,433,0,0,0,433
04/26/2004,CMH,OH,AGL,CE,Towers with Radar,88,208,65,0,361,21,0,126,0,147,109,208,191,0,508,0,0,0,508
04/27/2004,CMH,OH,AGL,CE,Towers with Radar,131,380,97,2,610,11,50,43,0,104,142,430,140,2,714,0,0,0,714
04/28/2004,CMH,OH,AGL,CE,Towers with Radar,125,365,93,2,585,13,0,77,0,90,138,365,170,2,675,0,0,0,675
04/29/2004,CMH,OH,AGL,CE,Towers with Radar,125,357,93,1,576,13,0,83,0,96,138,357,176,1,672,0,0,0,672
04/30/2004,CMH,OH,AGL,CE,Towers with Radar,95,232,70,0,397,19,0,98,0,117,114,232,168,0,514,0,0,0,514
05/01/2004,CMH,OH,AGL,CE,Towers with Radar,79,179,49,0,307,34,5,14,0,53,113,184,63,0,360,0,0,0,360
05/02/2004,CMH,OH,AGL,CE,Towers with Radar,100,226,54,1,381,47,5,0,0,52,147,231,54,1,433,4,0,4,437
05/03/2004,CMH,OH,AGL,CE,Towers with Radar,124,250,78,0,452,51,0,100,0,151,175,250,178,0,603,20,0,20,623
05/04/2004,CMH,OH,AGL,CE,Towers with Radar,137,368,102,1,608,0,35,118,0,153,137,403,220,1,761,10,0,10,771
05/05/2004,CMH,OH,AGL,CE,Towers with Radar,134,356,99,0,589,0,23,155,0,178,134,379,254,0,767,0,0,0,767
05/06/2004,CMH,OH,AGL,CE,Towers with Radar,104,269,87,1,461,0,0,185,1,186,104,269,272,2,647,0,0,0,647
05/07/2004,CMH,OH,AGL,CE,Towers with Radar,125,278,78,0,481,4,0,94,0,98,129,278,172,0,579,0,0,0,579
05/08/2004,CMH,OH,AGL,CE,Towers with Radar,85,186,53,0,324,30,0,69,0,99,115,186,122,0,423,0,0,0,423
05/09/2004,CMH,OH,AGL,CE,Towers with Radar,91,206,57,0,354,35,32,62,0,129,126,238,119,0,483,0,0,0,483
05/10/2004,CMH,OH,AGL,CE,Towers with Radar,117,265,73,1,456,24,35,27,1,87,141,300,100,2,543,20,0,20,563
05/11/2004,CMH,OH,AGL,CE,Towers with Radar,145,400,113,0,658,0,0,109,0,109,145,400,222,0,767,0,0,0,767
05/12/2004,CMH,OH,AGL,CE,Towers with Radar,136,342,95,1,574,0,33,31,0,64,136,375,126,1,638,30,0,30,668
05/13/2004,CMH,OH,AGL,CE,Towers with Radar,128,374,105,0,607,0,17,177,0,194,128,391,282,0,801,0,0,0,801
05/14/2004,CMH,OH,AGL,CE,Towers with Radar,142,327,92,1,562,0,7,85,2,94,142,334,177,3,656,13,0,13,669
05/15/2004,CMH,OH,AGL,CE,Towers with Radar,117,184,83,1,385,0,0,76,3,79,117,184,159,4,464,0,0,0,464
05/16/2004,CMH,OH,AGL,CE,Towers with Radar,130,236,91,0,457,0,0,130,0,130,130,236,221,0,587,20,0,20,607
05/17/2004,CMH,OH,AGL,CE,Towers with Radar,138,275,86,0,499,4,0,57,6,67,142,275,143,6,566,8,0,8,574
05/18/2004,CMH,OH,AGL,CE,Towers with Radar,131,354,99,1,585,0,39,101,1,141,131,393,200,2,726,0,0,0,726
05/19/2004,CMH,OH,AGL,CE,Towers with Radar,136,364,102,1,603,0,13,27,2,42,136,377,129,3,645,18,0,18,663
05/20/2004,CMH,OH,AGL,CE,Towers with Radar,132,396,111,1,640,0,2,74,1,77,132,398,185,2,717,30,0,30,747
05/21/2004,CMH,OH,AGL,CE,Towers with Radar,133,318,91,0,542,0,0,65,0,65,133,318,156,0,607,0,0,0,607
05/22/2004,CMH,OH,AGL,CE,Towers with Radar,87,191,55,0,333,23,0,35,0,58,110,191,90,0,391,2,0,2,393
05/23/2004,CMH,OH,AGL,CE,Towers with Radar,95,213,60,0,368,26,11,55,0,92,121,224,115,0,460,20,0,20,480
05/24/2004,CMH,OH,AGL,CE,Towers with Radar,127,284,80,0,491,27,19,77,6,129,154,303,157,6,620,24,0,24,644
05/25/2004,CMH,OH,AGL,CE,Towers with Radar,141,367,103,1,612,0,28,114,2,144,141,395,217,3,756,24,0,24,780
05/26/2004,CMH,OH,AGL,CE,Towers with Radar,138,342,96,0,576,0,40,126,0,166,138,382,222,0,742,28,0,28,770
05/27/2004,CMH,OH,AGL,CE,Towers with Radar,138,368,106,0,612,0,0,97,0,97,138,368,203,0,709,0,0,0,709
05/28/2004,CMH,OH,AGL,CE,Towers with Radar,136,330,93,0,559,0,0,41,0,41,136,330,134,0,600,0,0,0,600
05/29/2004,CMH,OH,AGL,CE,Towers with Radar,82,180,51,0,313,28,0,124,0,152,110,180,175,0,465,20,0,20,485
05/30/2004,CMH,OH,AGL,CE,Towers with Radar,68,152,30,0,250,41,8,0,0,49,109,160,30,0,299,6,0,6,305
05/31/2004,CMH,OH,AGL,CE,Towers with Radar,104,233,64,0,401,28,19,22,0,69,132,252,86,0,470,10,0,10,480
06/01/2004,CMH,OH,AGL,CE,Towers with Radar,139,306,83,1,529,0,0,99,0,99,139,306,182,1,628,0,0,0,628
06/02/2004,CMH,OH,AGL,CE,Towers with Radar,137,373,90,2,602,0,24,161,1,186,137,397,251,3,788,0,0,0,788
06/03/2004,CMH,OH,AGL,CE,Towers with Radar,134,389,96,2,621,0,0,178,0,178,134,389,274,2,799,24,0,24,823
06/04/2004,CMH,OH,AGL,CE,Towers with Radar,134,336,83,2,555,0,0,81,2,83,134,336,164,4,638,0,0,0,638
06/05/2004,CMH,OH,AGL,CE,Towers with Radar,88,182,49,1,320,22,0,61,1,84,110,182,110,2,404,2,0,2,406
06/06/2004,CMH,OH,AGL,CE,Towers with Radar,101,221,56,0,378,9,0,66,0,75,110,221,122,0,453,10,0,10,463
06/07/2004,CMH,OH,AGL,CE,Towers with Radar,123,286,69,0,478,19,6,137,0,162,142,292,206,0,640,0,0,0,640
06/08/2004,CMH,OH,AGL,CE,Towers with Radar,137,371,90,2,600,0,29,129,2,160,137,400,219,4,760,10,0,10,770
06/09/2004,CMH,OH,AGL,CE,Towers with Radar,141,348,84,2,575,0,35,79,0,114,141,383,163,2,689,16,0,16,705
06/10/2004,CMH,OH,AGL,CE,Towers with Radar,137,355,86,1,579,0,14,115,0,129,137,369,201,1,708,0,0,0,708
06/11/2004,CMH,OH,AGL,CE,Towers with Radar,125,200,70,0,395,75,0,98,0,173,200,200,168,0,568,0,0,0,568
06/12/2004,CMH,OH,AGL,CE,Towers with Radar,44,104,25,0,173,25,5,46,0,76,69,109,71,0,249,0,0,0,249
06/13/2004,CMH,OH,AGL,CE,Towers with Radar,108,251,61,1,421,19,7,9,3,38,127,258,70,4,459,6,0,6,465
06/14/2004,CMH,OH,AGL,CE,Towers with Radar,133,292,74,0,499,15,0,101,6,122,148,292,175,6,621,0,0,0,621
06/15/2004,CMH,OH,AGL,CE,Towers with Radar,136,385,94,0,615,0,0,56,0,56,136,385,150,0,671,0,0,0,671
06/16/2004,CMH,OH,AGL,CE,Towers with Radar,136,349,85,0,570,0,13,74,0,87,136,362,159,0,657,0,0,0,657
06/17/2004,CMH,OH,AGL,CE,Towers with Radar,133,355,86,1,575,0,19,138,1,158,133,374,224,2,733,0,0,0,733
06/18/2004,CMH,OH,AGL,CE,Towers with Radar,135,326,83,0,544,0,0,125,0,125,135,326,208,0,669,24,0,24,693
06/19/2004,CMH,OH,AGL,CE,Towers with Radar,89,184,50,0,323,33,0,77,0,110,122,184,127,0,433,8,0,8,441
06/20/2004,CMH,OH,AGL,CE,Towers with Radar,111,250,62,0,423,12,0,51,1,64,123,250,113,1,487,0,0,0,487
06/21/2004,CMH,OH,AGL,CE,Towers with Radar,129,296,72,0,497,7,7,121,1,136,136,303,193,1,633,0,0,0,633
06/22/2004,CMH,OH,AGL,CE,Towers with Radar,140,346,85,0,571,0,21,123,0,144,140,367,208,0,715,0,0,0,715
06/23/2004,CMH,OH,AGL,CE,Towers with Radar,139,362,89,0,590,0,15,102,0,117,139,377,191,0,707,0,0,0,707
06/24/2004,CMH,OH,AGL,CE,Towers with Radar,134,347,85,0,566,0,28,138,0,166,134,375,223,0,732,10,0,10,742
06/25/2004,CMH,OH,AGL,CE,Towers with Radar,135,326,85,1,547,0,0,42,1,43,135,326,127,2,590,0,0,0,590
06/26/2004,CMH,OH,AGL,CE,Towers with Radar,94,195,53,0,342,33,0,75,1,109,127,195,128,1,451,0,0,0,451
06/27/2004,CMH,OH,AGL,CE,Towers with Radar,101,232,57,0,390,26,5,98,0,129,127,237,155,0,519,0,0,0,519
06/28/2004,CMH,OH,AGL,CE,Towers with Radar,128,288,72,0,488,15,0,151,0,166,143,288,223,0,654,0,0,0,654
06/29/2004,CMH,OH,AGL,CE,Towers with Radar,134,348,85,0,567,0,25,191,0,216,134,373,276,0,783,0,0,0,783
06/30/2004,CMH,OH,AGL,CE,Towers with Radar,137,359,88,1,585,0,28,162,1,191,137,387,250,2,776,24,0,24,800
07/01/2004,CMH,OH,AGL,CE,Towers with Radar,134,355,83,1,573,0,0,123,0,123,134,355,206,1,696,24,0,24,720
07/02/2004,CMH,OH,AGL,CE,Towers with Radar,132,200,72,0,404,9,0,146,0,155,141,200,218,0,559,24,0,24,583
07/03/2004,CMH,OH,AGL,CE,Towers with Radar,73,170,40,0,283,42,2,56,0,100,115,172,96,0,383,0,0,0,383
07/04/2004,CMH,OH,AGL,CE,Towers with Radar,69,161,33,1,264,41,21,0,0,62,110,182,33,1,326,0,0,0,326
07/05/2004,CMH,OH,AGL,CE,Towers with Radar,102,238,55,0,395,28,16,110,0,154,130,254,165,0,549,24,0,24,573
07/06/2004,CMH,OH,AGL,CE,Towers with Radar,131,295,71,1,498,5,0,172,3,180,136,295,243,4,678,0,0,0,678
07/07/2004,CMH,OH,AGL,CE,Towers with Radar,137,336,79,2,554,0,38,102,0,140,137,374,181,2,694,18,0,18,712
07/08/2004,CMH,OH,AGL,CE,Towers with Radar,139,395,93,2,629,0,6,171,3,180,139,401,264,5,809,32,0,32,841
07/09/2004,CMH,OH,AGL,CE,Towers with Radar,133,335,80,2,550,0,0,82,2,84,133,335,162,4,634,0,0,0,634
07/10/2004,CMH,OH,AGL,CE,Towers with Radar,88,206,48,1,343,29,4,51,0,84,117,210,99,1,427,0,14,14,441
07/11/2004,CMH,OH,AGL,CE,Towers with Radar,101,236,55,0,392,22,2,40,0,64,123,238,95,0,456,14,0,14,470
07/12/2004,CMH,OH,AGL,CE,Towers with Radar,122,284,66,0,472,15,3,86,0,104,137,287,152,0,576,0,0,0,576
07/13/2004,CMH,OH,AGL,CE,Towers with Radar,134,365,85,0,584,0,40,116,0,156,134,405,201,0,740,0,0,0,740
07/14/2004,CMH,OH,AGL,CE,Towers with Radar,132,346,82,2,562,0,19,145,2,166,132,365,227,4,728,0,0,0,728
07/15/2004,CMH,OH,AGL,CE,Towers with Radar,137,382,91,1,611,0,2,121,5,128,137,384,212,6,739,0,0,0,739
07/16/2004,CMH,OH,AGL,CE,Towers with Radar,134,321,76,1,532,0,6,68,1,75,134,327,144,2,607,0,0,0,607
07/17/2004,CMH,OH,AGL,CE,Towers with Radar,88,182,49,0,319,29,0,8,4,41,117,182,57,4,360,0,0,0,360
07/18/2004,CMH,OH,AGL,CE,Towers with Radar,108,249,59,0,416,19,9,45,1,74,127,258,104,1,490,24,0,24,514
07/19/2004,CMH,OH,AGL,CE,Towers with Radar,134,295,73,0,502,9,0,91,0,100,143,295,164,0,602,0,0,0,602
07/20/2004,CMH,OH,AGL,CE,Towers with Radar,134,342,81,0,557,0,43,122,0,165,134,385,203,0,722,0,0,0,722
07/21/2004,CMH,OH,AGL,CE,Towers with Radar,134,384,91,1,610,0,10,97,1,108,134,394,188,2,718,0,0,0,718
07/22/2004,CMH,OH,AGL,CE,Towers with Radar,129,365,90,0,584,0,0,76,0,76,129,365,166,0,660,0,0,0,660
07/23/2004,CMH,OH,AGL,CE,Towers with Radar,137,313,83,1,534,0,0,60,4,64,137,313,143,5,598,0,0,0,598
07/24/2004,CMH,OH,AGL,CE,Towers with Radar,90,208,50,0,348,32,4,70,0,106,122,212,120,0,454,0,0,0,454
07/25/2004,CMH,OH,AGL,CE,Towers with Radar,106,244,58,0,408,17,7,36,2,62,123,251,94,2,470,0,0,0,470
07/26/2004,CMH,OH,AGL,CE,Towers with Radar,140,295,77,1,513,1,0,83,1,85,141,295,160,2,598,0,0,0,598
07/27/2004,CMH,OH,AGL,CE,Towers with Radar,143,364,86,0,593,0,4,29,0,33,143,368,115,0,626,0,0,0,626
07/28/2004,CMH,OH,AGL,CE,Towers with Radar,134,396,97,1,628,0,0,36,1,37,134,396,133,2,665,0,0,0,665
07/29/2004,CMH,OH,AGL,CE,Towers with Radar,133,321,76,0,530,0,43,175,0,218,133,364,251,0,748,20,0,20,768
07/30/2004,CMH,OH,AGL,CE,Towers with Radar,131,346,85,0,562,0,0,90,0,90,131,346,175,0,652,0,0,0,652
07/31/2004,CMH,OH,AGL,CE,Towers with Radar,84,192,40,0,316,34,6,0,0,40,118,198,40,0,356,0,0,0,356
08/01/2004,CMH,OH,AGL,CE,Towers with Radar,99,234,57,1,391,19,0,78,0,97,118,234,135,1,488,14,0,14,502
08/02/2004,CMH,OH,AGL,CE,Towers with Radar,119,274,69,0,462,30,0,190,0,220,149,274,259,0,682,24,0,24,706
08/03/2004,CMH,OH,AGL,CE,Towers with Radar,156,362,91,0,609,3,0,74,0,77,159,362,165,0,686,22,0,22,708
08/04/2004,CMH,OH,AGL,CE,Towers with Radar,133,377,92,1,603,0,6,86,0,92,133,383,178,1,695,16,0,16,711
08/05/2004,CMH,OH,AGL,CE,Towers with Radar,133,370,90,4,597,0,9,101,3,113,133,379,191,7,710,0,0,0,710
08/06/2004,CMH,OH,AGL,CE,Towers with Radar,135,335,90,4,564,0,0,261,4,265,135,335,351,8,829,24,0,24,853
08/07/2004,CMH,OH,AGL,CE,Towers with Radar,86,189,50,3,328,31,0,63,0,94,117,189,113,3,422,0,0,0,422
08/08/2004,CMH,OH,AGL,CE,Towers with Radar,108,258,63,0,429,16,7,70,0,93,124,265,133,0,522,14,0,14,536
08/09/2004,CMH,OH,AGL,CE,Towers with Radar,132,315,77,0,524,7,15,164,0,186,139,330,241,0,710,14,0,14,724
08/10/2004,CMH,OH,AGL,CE,Towers with Radar,131,366,89,4,590,0,25,85,4,114,131,391,174,8,704,10,0,10,714
08/11/2004,CMH,OH,AGL,CE,Towers with Radar,136,375,91,1,603,0,18,124,0,142,136,393,215,1,745,12,0,12,757
08/12/2004,CMH,OH,AGL,CE,Towers with Radar,150,383,96,2,631,0,0,75,0,75,150,383,171,2,706,28,0,28,734
08/13/2004,CMH,OH,AGL,CE,Towers with Radar,132,324,84,1,541,0,0,153,0,153,132,324,237,1,694,0,0,0,694
08/14/2004,CMH,OH,AGL,CE,Towers with Radar,81,192,40,2,315,30,0,0,68,98,111,192,40,70,413,10,0,10,423
08/15/2004,CMH,OH,AGL,CE,Towers with Radar,108,258,64,1,431,18,4,65,0,87,126,262,129,1,518,20,0,20,538
08/16/2004,CMH,OH,AGL,CE,Towers with Radar,127,304,75,1,507,10,19,90,0,119,137,323,165,1,626,0,0,0,626
08/17/2004,CMH,OH,AGL,CE,Towers with Radar,135,380,94,0,609,0,49,118,0,167,135,429,212,0,776,0,0,0,776
08/18/2004,CMH,OH,AGL,CE,Towers with Radar,133,375,93,4,605,0,36,116,2,154,133,411,209,6,759,0,0,0,759
08/19/2004,CMH,OH,AGL,CE,Towers with Radar,135,373,92,0,600,0,12,99,0,111,135,385,191,0,711,0,0,0,711
08/20/2004,CMH,OH,AGL,CE,Towers with Radar,137,328,81,0,546,0,26,70,0,96,137,354,151,0,642,10,0,10,652
08/21/2004,CMH,OH,AGL,CE,Towers with Radar,94,220,55,2,371,24,0,13,0,37,118,220,68,2,408,0,0,0,408
08/22/2004,CMH,OH,AGL,CE,Towers with Radar,104,246,61,0,411,20,17,78,0,115,124,263,139,0,526,16,0,16,542
08/23/2004,CMH,OH,AGL,CE,Towers with Radar,123,290,72,0,485,15,10,165,0,190,138,300,237,0,675,0,0,0,675
08/24/2004,CMH,OH,AGL,CE,Towers with Radar,135,378,93,0,606,0,28,86,0,114,135,406,179,0,720,14,0,14,734
08/25/2004,CMH,OH,AGL,CE,Towers with Radar,146,388,97,3,634,0,0,116,3,119,146,388,213,6,753,12,0,12,765
08/26/2004,CMH,OH,AGL,CE,Towers with Radar,140,402,99,4,645,0,70,55,4,129,140,472,154,8,774,0,0,0,774
08/27/2004,CMH,OH,AGL,CE,Towers with Radar,156,388,96,0,640,0,22,131,0,153,156,410,227,0,793,24,0,24,817
08/28/2004,CMH,OH,AGL,CE,Towers with Radar,86,203,49,2,340,28,19,0,0,47,114,222,49,2,387,0,0,0,387
08/29/2004,CMH,OH,AGL,CE,Towers with Radar,104,245,61,0,410,20,18,47,0,85,124,263,108,0,495,8,0,8,503
08/30/2004,CMH,OH,AGL,CE,Towers with Radar,132,305,82,3,522,0,0,106,1,107,132,305,188,4,629,0,0,0,629
08/31/2004,CMH,OH,AGL,CE,Towers with Radar,166,392,97,4,659,34,5,78,1,118,200,397,175,5,777,0,0,0,777
09/01/2004,CMH,OH,AGL,CE,Towers with Radar,131,349,85,2,567,0,28,128,2,158,131,377,213,4,725,0,0,0,725
09/02/2004,CMH,OH,AGL,CE,Towers with Radar,156,385,94,3,638,26,3,121,4,154,182,388,215,7,792,0,0,0,792
09/03/2004,CMH,OH,AGL,CE,Towers with Radar,131,327,82,2,542,0,0,82,0,82,131,327,164,2,624,24,0,24,648
09/04/2004,CMH,OH,AGL,CE,Towers with Radar,83,198,35,2,318,31,0,0,0,31,114,198,35,2,349,0,0,0,349
09/05/2004,CMH,OH,AGL,CE,Towers with Radar,85,197,50,0,332,34,0,45,0,79,119,197,95,0,411,12,0,12,423
09/06/2004,CMH,OH,AGL,CE,Towers with Radar,102,253,61,2,418,35,22,47,1,105,137,275,108,3,523,32,0,32,555
09/07/2004,CMH,OH,AGL,CE,Towers with Radar,133,331,79,2,545,18,169,5,2,194,151,500,84,4,739,0,0,0,739
09/08/2004,CMH,OH,AGL,CE,Towers with Radar,144,382,92,3,621,0,19,12,1,32,144,401,104,4,653,0,0,0,653
09/09/2004,CMH,OH,AGL,CE,Towers with Radar,134,395,99,3,631,0,0,56,3,59,134,395,155,6,690,16,0,16,706
09/10/2004,CMH,OH,AGL,CE,Towers with Radar,142,385,101,1,629,0,0,117,0,117,142,385,218,1,746,44,0,44,790
09/11/2004,CMH,OH,AGL,CE,Towers with Radar,98,204,58,2,362,18,0,244,6,268,116,204,302,8,630,0,0,0,630
09/12/2004,CMH,OH,AGL,CE,Towers with Radar,107,256,64,1,428,21,0,65,4,90,128,256,129,5,518,24,0,24,542
09/13/2004,CMH,OH,AGL,CE,Towers with Radar,120,298,72,1,491,21,14,102,0,137,141,312,174,1,628,0,0,0,628
09/14/2004,CMH,OH,AGL,CE,Towers with Radar,136,402,97,2,637,0,2,113,1,116,136,404,210,3,753,0,0,0,753
09/15/2004,CMH,OH,AGL,CE,Towers with Radar,140,389,94,0,623,0,17,144,0,161,140,406,238,0,784,0,0,0,784
09/16/2004,CMH,OH,AGL,CE,Towers with Radar,136,418,101,2,657,0,1,142,1,144,136,419,243,3,801,0,0,0,801
09/17/2004,CMH,OH,AGL,CE,Towers with Radar,134,332,80,1,547,3,25,28,3,59,137,357,108,4,606,0,0,0,606
09/18/2004,CMH,OH,AGL,CE,Towers with Radar,94,223,56,0,373,22,0,100,0,122,116,223,156,0,495,14,0,14,509
09/19/2004,CMH,OH,AGL,CE,Towers with Radar,112,269,66,1,448,15,0,55,1,71,127,269,121,2,519,14,0,14,533
09/20/2004,CMH,OH,AGL,CE,Towers with Radar,128,313,76,1,518,23,7,147,0,177,151,320,223,1,695,0,0,0,695
09/21/2004,CMH,OH,AGL,CE,Towers with Radar,143,401,98,2,644,0,27,112,1,140,143,428,210,3,784,0,0,0,784
09/22/2004,CMH,OH,AGL,CE,Towers with Radar,144,405,101,0,650,0,0,138,0,138,144,405,239,0,788,0,0,0,788
09/23/2004,CMH,OH,AGL,CE,Towers with Radar,144,434,107,1,686,0,0,163,0,163,144,434,270,1,849,0,0,0,849
09/24/2004,CMH,OH,AGL,CE,Towers with Radar,141,347,90,0,578,0,0,105,0,105,141,347,195,0,683,6,0,6,689
09/25/2004,CMH,OH,AGL,CE,Towers with Radar,94,218,56,1,369,25,0,56,1,82,119,218,112,2,451,0,0,0,451
09/26/2004,CMH,OH,AGL,CE,Towers with Radar,100,245,60,0,405,27,12,69,0,108,127,257,129,0,513,0,0,0,513
09/27/2004,CMH,OH,AGL,CE,Towers with Radar,129,317,77,1,524,15,0,92,1,108,144,317,169,2,632,0,0,0,632
09/28/2004,CMH,OH,AGL,CE,Towers with Radar,139,379,92,0,610,0,21,120,0,141,139,400,212,0,751,0,0,0,751
09/29/2004,CMH,OH,AGL,CE,Towers with Radar,136,406,99,0,641,0,0,114,0,114,136,406,213,0,755,0,0,0,755
09/30/2004,CMH,OH,AGL,CE,Towers with Radar,146,457,111,2,716,0,31,127,4,162,146,488,238,6,878,28,0,28,906
10/01/2004,CMH,OH,AGL,CE,Towers with Radar,148,376,93,1,618,0,0,120,0,120,148,376,213,1,738,12,0,12,750
10/02/2004,CMH,OH,AGL,CE,Towers with Radar,115,199,36,8,358,0,2,29,2,33,115,201,65,10,391,0,0,0,391
10/03/2004,CMH,OH,AGL,CE,Towers with Radar,130,257,56,0,443,0,5,104,1,110,130,262,160,1,553,28,0,28,581
10/04/2004,CMH,OH,AGL,CE,Towers with Radar,143,314,108,0,565,0,0,118,0,118,143,314,226,0,683,22,0,22,705
10/05/2004,CMH,OH,AGL,CE,Towers with Radar,144,419,95,0,658,0,2,139,1,142,144,421,234,1,800,28,0,28,828
10/06/2004,CMH,OH,AGL,CE,Towers with Radar,144,399,91,0,634,0,0,153,0,153,144,399,244,0,787,22,0,22,809
10/07/2004,CMH,OH,AGL,CE,Towers with Radar,148,470,85,0,703,0,0,193,0,193,148,470,278,0,896,22,0,22,918
10/08/2004,CMH,OH,AGL,CE,Towers with Radar,146,356,100,0,602,0,0,130,0,130,146,356,230,0,732,10,0,10,742
10/09/2004,CMH,OH,AGL,CE,Towers with Radar,116,230,47,3,396,0,4,62,3,69,116,234,109,6,465,0,0,0,465
10/10/2004,CMH,OH,AGL,CE,Towers with Radar,140,240,44,2,426,0,0,73,0,73,140,240,117,2,499,14,0,14,513
10/11/2004,CMH,OH,AGL,CE,Towers with Radar,147,300,90,0,537,0,0,188,0,188,147,300,278,0,725,20,0,20,745
10/12/2004,CMH,OH,AGL,CE,Towers with Radar,143,228,90,8,469,0,0,275,0,275,143,228,365,8,744,14,0,14,758
10/13/2004,CMH,OH,AGL,CE,Towers with Radar,144,434,122,0,700,0,0,89,0,89,144,434,211,0,789,0,0,0,789
10/14/2004,CMH,OH,AGL,CE,Towers with Radar,150,410,97,0,657,0,2,32,1,35,150,412,129,1,692,0,0,0,692
10/15/2004,CMH,OH,AGL,CE,Towers with Radar,175,388,100,0,663,0,0,32,0,32,175,388,132,0,695,6,0,6,701
10/16/2004,CMH,OH,AGL,CE,Towers with Radar,114,216,38,0,368,0,1,9,2,12,114,217,47,2,380,0,0,0,380
10/17/2004,CMH,OH,AGL,CE,Towers with Radar,139,263,71,4,477,0,1,142,1,144,139,264,213,5,621,24,0,24,645
10/18/2004,CMH,OH,AGL,CE,Towers with Radar,145,305,77,1,528,0,0,27,2,29,145,305,104,3,557,29,0,29,586
10/19/2004,CMH,OH,AGL,CE,Towers with Radar,149,429,98,0,676,0,0,0,0,0,149,429,98,0,676,0,0,0,676
10/20/2004,CMH,OH,AGL,CE,Towers with Radar,154,420,143,5,722,0,0,51,0,51,154,420,194,5,773,0,0,0,773
10/21/2004,CMH,OH,AGL,CE,Towers with Radar,148,406,134,1,689,0,0,115,0,115,148,406,249,1,804,10,0,10,814
10/22/2004,CMH,OH,AGL,CE,Towers with Radar,145,380,124,4,653,0,8,165,6,179,145,388,289,10,832,14,0,14,846
10/23/2004,CMH,OH,AGL,CE,Towers with Radar,115,227,41,0,383,0,2,40,0,42,115,229,81,0,425,0,0,0,425
10/24/2004,CMH,OH,AGL,CE,Towers with Radar,134,259,58,5,456,0,0,141,0,141,134,259,199,5,597,14,0,14,611
10/25/2004,CMH,OH,AGL,CE,Towers with Radar,150,326,88,2,566,0,0,181,0,181,150,326,269,2,747,10,0,10,757
10/26/2004,CMH,OH,AGL,CE,Towers with Radar,141,436,111,0,688,0,3,179,3,185,141,439,290,3,873,18,0,18,891
10/27/2004,CMH,OH,AGL,CE,Towers with Radar,139,420,109,1,669,0,9,53,4,66,139,429,162,5,735,0,0,0,735
10/28/2004,CMH,OH,AGL,CE,Towers with Radar,148,431,119,1,699,0,0,155,0,155,148,431,274,1,854,24,0,24,878
10/29/2004,CMH,OH,AGL,CE,Towers with Radar,153,354,76,8,591,0,0,0,0,0,153,354,76,8,591,115,2,117,708
10/30/2004,CMH,OH,AGL,CE,Towers with Radar,114,202,34,5,355,0,0,0,0,0,114,202,34,5,355,0,0,0,355
10/31/2004,CMH,OH,AGL,CE,Towers with Radar,139,267,32,0,438,0,0,131,0,131,139,267,163,0,569,12,0,12,581
11/01/2004,CMH,OH,AGL,CE,Combined TRACON& Tower with Radar,148,314,76,1,539,0,0,0,0,0,148,314,76,1,539,45,0,45,584
11/02/2004,CMH,OH,AGL,CE,Combined TRACON& Tower with Radar,152,407,79,4,642,0,2,95,0,97,152,409,174,4,739,10,0,10,749
11/03/2004,CMH,OH,AGL,CE,Combined TRACON& Tower with Radar,146,405,100,0,651,0,0,172,0,172,146,405,272,0,823,22,0,22,845
11/04/2004,CMH,OH,AGL,CE,Combined TRACON& Tower with Radar,148,405,97,3,653,0,0,31,0,31,148,405,128,3,684,37,0,37,721
11/05/2004,CMH,OH,AGL,CE,Combined TRACON& Tower with Radar,150,383,102,2,637,0,2,59,3,64,150,385,161,5,701,270,0,270,971
11/06/2004,CMH,OH,AGL,CE,Combined TRACON& Tower with Radar,114,231,58,3,406,0,2,56,5,63,114,233,114,8,469,21,0,21,490
11/07/2004,CMH,OH,AGL,CE,Combined TRACON& Tower with Radar,137,277,52,1,467,0,0,93,0,93,137,277,145,1,560,8,0,8,568
11/08/2004,CMH,OH,AGL,CE,Combined TRACON& Tower with Radar,153,295,58,2,508,0,0,68,0,68,153,295,126,2,576,22,0,22,598
11/09/2004,CMH,OH,AGL,CE,Combined TRACON& Tower with Radar,148,431,107,2,688,0,0,165,0,165,148,431,272,2,853,22,0,22,875
11/10/2004,CMH,OH,AGL,CE,Combined TRACON& Tower with Radar,146,384,95,0,625,0,0,0,0,0,146,384,95,0,625,22,0,22,647
11/11/2004,CMH,OH,AGL,CE,Combined TRACON& Tower with Radar,153,332,79,1,565,0,0,59,0,59,153,332,138,1,624,4,0,4,628
11/12/2004,CMH,OH,AGL,CE,Combined TRACON& Tower with Radar,162,260,92,2,516,0,0,0,0,0,162,260,92,2,516,0,0,0,516
11/13/2004,CMH,OH,AGL,CE,Combined TRACON& Tower with Radar,119,205,46,0,370,0,5,59,1,65,119,210,105,1,435,21,0,21,456
11/14/2004,CMH,OH,AGL,CE,Combined TRACON& Tower with Radar,142,267,36,1,446,0,4,130,3,137,142,271,166,4,583,16,0,16,599
11/15/2004,CMH,OH,AGL,CE,Combined TRACON& Tower with Radar,150,297,72,0,519,0,3,153,2,158,150,300,225,2,677,22,0,22,699
11/16/2004,CMH,OH,AGL,CE,Combined TRACON& Tower with Radar,3,426,88,0,517,0,0,0,0,0,3,426,88,0,517,22,0,22,539
11/17/2004,CMH,OH,AGL,CE,Combined TRACON& Tower with Radar,149,422,103,0,674,0,0,35,0,35,149,422,138,0,709,6,0,6,715
11/18/2004,CMH,OH,AGL,CE,Combined TRACON& Tower with Radar,148,435,113,0,696,0,0,0,0,0,148,435,113,0,696,0,0,0,696
11/19/2004,CMH,OH,AGL,CE,Combined TRACON& Tower with Radar,151,375,116,0,642,0,0,50,0,50,151,375,166,0,692,0,0,0,692
11/20/2004,CMH,OH,AGL,CE,Combined TRACON& Tower with Radar,123,243,81,1,448,0,0,0,0,0,123,243,81,1,448,180,0,180,628
11/21/2004,CMH,OH,AGL,CE,Combined TRACON& Tower with Radar,137,268,45,0,450,0,0,0,0,0,137,268,45,0,450,0,0,0,450
11/22/2004,CMH,OH,AGL,CE,Combined TRACON& Tower with Radar,152,319,81,0,552,2,2,70,0,74,154,321,151,0,626,8,0,8,634
11/23/2004,CMH,OH,AGL,CE,Combined TRACON& Tower with Radar,149,441,77,1,668,1,0,44,1,46,150,441,121,2,714,8,0,8,722
11/24/2004,CMH,OH,AGL,CE,Combined TRACON& Tower with Radar,50,383,91,0,524,100,0,8,0,108,150,383,99,0,632,12,0,12,644
11/25/2004,CMH,OH,AGL,CE,Combined TRACON& Tower with Radar,119,254,7,1,381,0,0,0,0,0,119,254,7,1,381,0,0,0,381
11/26/2004,CMH,OH,AGL,CE,Combined TRACON& Tower with Radar,120,189,16,0,325,0,4,106,0,110,120,193,122,0,435,16,0,16,451
11/27/2004,CMH,OH,AGL,CE,Combined TRACON& Tower with Radar,118,221,23,0,362,0,0,0,0,0,118,221,23,0,362,37,0,37,399
11/28/2004,CMH,OH,AGL,CE,Combined TRACON& Tower with Radar,141,264,42,0,447,0,0,115,0,115,141,264,157,0,562,16,0,16,578
11/29/2004,CMH,OH,AGL,CE,Combined TRACON& Tower with Radar,156,305,73,0,534,0,4,80,8,92,156,309,153,8,626,14,0,14,640
11/30/2004,CMH,OH,AGL,CE,Combined TRACON& Tower with Radar,154,439,82,0,675,0,1,81,0,82,154,440,163,0,757,12,0,12,769
12/01/2004,CMH,OH,AGL,CE,Combined TRACON& Tower with Radar,142,401,76,0,619,0,0,111,0,111,142,401,187,0,730,0,0,0,730
12/02/2004,CMH,OH,AGL,CE,Combined TRACON& Tower with Radar,149,418,90,0,657,0,0,244,0,244,149,418,334,0,901,12,0,12,913
12/03/2004,CMH,OH,AGL,CE,Combined TRACON& Tower with Radar,147,374,102,0,623,0,0,41,2,43,147,374,143,2,666,52,0,52,718
12/04/2004,CMH,OH,AGL,CE,Combined TRACON& Tower with Radar,126,250,129,3,508,0,0,0,0,0,126,250,129,3,508,30,0,30,538
12/05/2004,CMH,OH,AGL,CE,Combined TRACON& Tower with Radar,148,319,98,8,573,0,0,0,0,0,148,319,98,8,573,0,0,0,573
12/06/2004,CMH,OH,AGL,CE,Combined TRACON& Tower with Radar,148,319,98,8,573,0,0,0,0,0,148,319,98,8,573,22,0,22,595
12/07/2004,CMH,OH,AGL,CE,Combined TRACON& Tower with Radar,145,418,76,2,641,0,0,14,1,15,145,418,90,3,656,0,0,0,656
12/08/2004,CMH,OH,AGL,CE,Combined TRACON& Tower with Radar,144,402,111,4,661,0,0,113,0,113,144,402,224,4,774,0,0,0,774
12/09/2004,CMH,OH,AGL,CE,Combined TRACON& Tower with Radar,149,398,90,0,637,0,2,59,0,61,149,400,149,0,698,10,0,10,708
12/10/2004,CMH,OH,AGL,CE,Combined TRACON& Tower with Radar,149,355,86,5,595,0,0,0,0,0,149,355,86,5,595,0,0,0,595
12/11/2004,CMH,OH,AGL,CE,Combined TRACON& Tower with Radar,115,217,24,0,356,0,0,0,0,0,115,217,24,0,356,0,0,0,356
12/12/2004,CMH,OH,AGL,CE,Combined TRACON& Tower with Radar,135,276,42,0,453,0,0,53,0,53,135,276,95,0,506,4,0,4,510
12/13/2004,CMH,OH,AGL,CE,Combined TRACON& Tower with Radar,161,338,64,0,563,0,0,74,0,74,161,338,138,0,637,6,0,6,643
12/14/2004,CMH,OH,AGL,CE,Combined TRACON& Tower with Radar,185,529,133,4,851,0,0,0,0,0,185,529,133,4,851,22,0,22,873
12/15/2004,CMH,OH,AGL,CE,Combined TRACON& Tower with Radar,142,400,95,2,639,0,0,84,4,88,142,400,179,6,727,18,0,18,745
12/16/2004,CMH,OH,AGL,CE,Combined TRACON& Tower with Radar,147,411,82,0,640,0,0,156,1,157,147,411,238,1,797,20,0,20,817
12/17/2004,CMH,OH,AGL,CE,Combined TRACON& Tower with Radar,145,357,72,0,574,0,4,60,3,67,145,361,132,3,641,27,0,27,668
12/18/2004,CMH,OH,AGL,CE,Combined TRACON& Tower with Radar,117,230,24,0,371,0,0,79,0,79,117,230,103,0,450,20,0,20,470
12/19/2004,CMH,OH,AGL,CE,Combined TRACON& Tower with Radar,136,274,26,0,436,0,0,4,0,4,136,274,30,0,440,0,0,0,440
12/20/2004,CMH,OH,AGL,CE,Combined TRACON& Tower with Radar,148,296,69,0,513,0,0,85,3,88,148,296,154,3,601,22,0,22,623
12/21/2004,CMH,OH,AGL,CE,Combined TRACON& Tower with Radar,152,411,79,0,642,0,0,147,7,154,152,411,226,7,796,22,0,22,818
12/22/2004,CMH,OH,AGL,CE,Combined TRACON& Tower with Radar,133,365,40,0,538,0,0,12,2,14,133,365,52,2,552,0,0,0,552
12/23/2004,CMH,OH,AGL,CE,Combined TRACON& Tower with Radar,94,292,27,1,414,0,0,32,0,32,94,292,59,1,446,0,0,0,446
12/24/2004,CMH,OH,AGL,CE,Combined TRACON& Tower with Radar,134,278,35,0,447,0,1,126,2,129,134,279,161,2,576,8,0,8,584
12/25/2004,CMH,OH,AGL,CE,Combined TRACON& Tower with Radar,117,196,10,0,323,0,0,28,5,33,117,196,38,5,356,0,0,0,356
12/26/2004,CMH,OH,AGL,CE,Combined TRACON& Tower with Radar,13,233,135,0,381,0,0,0,0,0,13,233,135,0,381,14,0,14,395
12/27/2004,CMH,OH,AGL,CE,Combined TRACON& Tower with Radar,162,262,41,0,465,0,0,69,3,72,162,262,110,3,537,73,0,73,610
12/28/2004,CMH,OH,AGL,CE,Combined TRACON& Tower with Radar,153,386,33,0,572,0,0,148,0,148,153,386,181,0,720,22,0,22,742
12/29/2004,CMH,OH,AGL,CE,Combined TRACON& Tower with Radar,147,383,35,0,565,0,0,105,1,106,147,383,140,1,671,10,0,10,681
12/30/2004,CMH,OH,AGL,CE,Combined TRACON& Tower with Radar,161,365,30,0,556,0,1,13,0,14,161,366,43,0,570,27,0,27,597
12/31/2004,CMH,OH,AGL,CE,Combined TRACON& Tower with Radar,132,325,20,0,477,0,1,56,2,59,132,326,76,2,536,0,0,0,536
01/01/2005,CMH,OH,AGL,CE,Combined TRACON& Tower with Radar,122,197,24,0,343,0,0,0,0,0,122,197,24,0,343,8,0,8,351
01/02/2005,CMH,OH,AGL,CE,Combined TRACON& Tower with Radar,140,264,49,0,453,0,0,11,0,11,140,264,60,0,464,0,0,0,464
01/03/2005,CMH,OH,AGL,CE,Combined TRACON& Tower with Radar,140,299,55,0,494,0,0,0,0,0,140,299,55,0,494,0,0,0,494
01/04/2005,CMH,OH,AGL,CE,Combined TRACON& Tower with Radar,150,408,50,0,608,0,0,14,0,14,150,408,64,0,622,0,0,0,622
01/05/2005,CMH,OH,AGL,CE,Combined TRACON& Tower with Radar,135,389,48,2,574,0,0,0,0,0,135,389,48,2,574,0,0,0,574
01/06/2005,CMH,OH,AGL,CE,Combined TRACON& Tower with Radar,140,412,45,2,599,0,0,80,0,80,140,412,125,2,679,0,0,0,679
01/07/2005,CMH,OH,AGL,CE,Combined TRACON& Tower with Radar,146,379,61,0,586,0,0,201,2,203,146,379,262,2,789,38,0,38,827
01/08/2005,CMH,OH,AGL,CE,Combined TRACON& Tower with Radar,110,234,27,0,371,0,0,0,0,0,110,234,27,0,371,0,0,0,371
01/09/2005,CMH,OH,AGL,CE,Combined TRACON& Tower with Radar,129,281,22,0,432,0,0,127,0,127,129,281,149,0,559,0,0,0,559
01/10/2005,CMH,OH,AGL,CE,Combined TRACON& Tower with Radar,142,328,64,0,534,0,0,51,0,51,142,328,115,0,585,0,0,0,585
01/11/2005,CMH,OH,AGL,CE,Combined TRACON& Tower with Radar,131,414,50,0,595,0,0,17,8,25,131,414,67,8,620,14,0,14,634
01/12/2005,CMH,OH,AGL,CE,Combined TRACON& Tower with Radar,137,379,152,2,670,0,0,36,0,36,137,379,188,2,706,14,0,14,720
01/13/2005,CMH,OH,AGL,CE,Combined TRACON& Tower with Radar,139,343,66,0,548,0,0,60,0,60,139,343,126,0,608,0,0,0,608
01/14/2005,CMH,OH,AGL,CE,Combined TRACON& Tower with Radar,139,367,75,2,583,0,3,106,2,111,139,370,181,4,694,0,0,0,694
01/15/2005,CMH,OH,AGL,CE,Combined TRACON& Tower with Radar,108,216,13,0,337,0,6,69,8,83,108,222,82,8,420,66,0,66,486
01/16/2005,CMH,OH,AGL,CE,Combined TRACON& Tower with Radar,130,240,22,0,392,12,56,157,0,225,142,296,179,0,617,4,0,4,621
01/17/2005,CMH,OH,AGL,CE,Combined TRACON& Tower with Radar,142,296,50,0,488,0,0,129,0,129,142,296,179,0,617,4,0,4,621
01/18/2005,CMH,OH,AGL,CE,Combined TRACON& Tower with Radar,136,314,76,0,526,0,0,0,0,0,136,314,76,0,526,45,0,45,571
01/19/2005,CMH,OH,AGL,CE,Combined TRACON& Tower with Radar,139,401,80,0,620,0,0,8,0,8,139,401,88,0,628,0,0,0,628
01/20/2005,CMH,OH,AGL,CE,Combined TRACON& Tower with Radar,134,415,71,0,620,0,0,15,0,15,134,415,86,0,635,0,0,0,635
01/21/2005,CMH,OH,AGL,CE,Combined TRACON& Tower with Radar,140,342,91,0,573,0,0,169,1,170,140,342,260,1,743,10,0,10,753
01/22/2005,CMH,OH,AGL,CE,Combined TRACON& Tower with Radar,113,159,17,0,289,0,0,4,0,4,113,159,21,0,293,0,0,0,293
01/23/2005,CMH,OH,AGL,CE,Combined TRACON& Tower with Radar,126,207,47,0,380,0,0,88,0,88,126,207,135,0,468,10,0,10,478
01/24/2005,CMH,OH,AGL,CE,Combined TRACON& Tower with Radar,138,286,71,0,495,0,4,119,1,124,138,290,190,1,619,14,0,14,633
01/25/2005,CMH,OH,AGL,CE,Combined TRACON& Tower with Radar,138,426,90,0,654,0,1,132,1,134,138,427,222,1,788,18,0,18,806
01/26/2005,CMH,OH,AGL,CE,Combined TRACON& Tower with Radar,139,404,89,0,632,0,0,88,0,88,139,404,177,0,720,10,0,10,730
01/27/2005,CMH,OH,AGL,CE,Combined TRACON& Tower with Radar,139,404,76,0,619,0,0,209,0,209,139,404,285,0,828,0,0,0,828
01/28/2005,CMH,OH,AGL,CE,Combined TRACON& Tower with Radar,140,362,68,2,572,0,1,61,2,64,140,363,129,4,636,16,0,16,652
01/29/2005,CMH,OH,AGL,CE,Combined TRACON& Tower with Radar,93,209,19,0,321,0,0,9,0,9,93,209,28,0,330,0,0,0,330
01/30/2005,CMH,OH,AGL,CE,Combined TRACON& Tower with Radar,120,263,27,0,410,0,0,99,0,99,120,263,126,0,509,0,0,0,509
01/31/2005,CMH,OH,AGL,CE,Combined TRACON& Tower with Radar,141,325,69,1,536,0,1,112,3,116,141,326,181,4,652,18,0,18,670
02/01/2005,CMH,OH,AGL,CE,Combined TRACON& Tower with Radar,142,425,72,0,639,0,0,184,0,184,142,425,256,0,823,28,0,28,851
02/02/2005,CMH,OH,AGL,CE,Combined TRACON& Tower with Radar,135,393,90,1,619,0,0,95,0,95,135,393,185,1,714,10,0,10,724
02/03/2005,CMH,OH,AGL,CE,Combined TRACON& Tower with Radar,138,408,75,1,622,0,0,93,0,93,138,408,168,1,715,0,0,0,715
02/04/2005,CMH,OH,AGL,CE,Combined TRACON& Tower with Radar,141,358,90,0,589,0,1,58,3,62,141,359,148,3,651,0,0,0,651
02/05/2005,CMH,OH,AGL,CE,Combined TRACON& Tower with Radar,119,200,31,0,350,0,0,146,2,148,119,200,177,2,498,20,0,20,518
02/06/2005,CMH,OH,AGL,CE,Combined TRACON& Tower with Radar,132,271,21,0,424,0,2,101,3,106,132,273,122,3,530,12,0,12,542
02/07/2005,CMH,OH,AGL,CE,Combined TRACON& Tower with Radar,150,301,63,0,514,0,0,108,0,108,150,301,171,0,622,10,0,10,632
02/08/2005,CMH,OH,AGL,CE,Combined TRACON& Tower with Radar,151,415,85,1,652,0,0,1,0,1,151,415,86,1,653,0,0,0,653
02/09/2005,CMH,OH,AGL,CE,Combined TRACON& Tower with Radar,150,398,66,0,614,0,0,7,0,7,150,398,73,0,621,0,0,0,621
02/10/2005,CMH,OH,AGL,CE,Combined TRACON& Tower with Radar,148,411,74,0,633,0,0,110,0,110,148,411,184,0,743,16,0,16,759
02/11/2005,CMH,OH,AGL,CE,Combined TRACON& Tower with Radar,145,353,79,1,578,0,3,99,2,104,145,356,178,3,682,2,0,2,684
02/12/2005,CMH,OH,AGL,CE,Combined TRACON& Tower with Radar,113,211,22,0,346,0,3,132,3,138,113,214,154,3,484,18,0,18,502
02/13/2005,CMH,OH,AGL,CE,Combined TRACON& Tower with Radar,136,244,21,1,402,0,0,100,0,100,136,244,121,1,502,10,0,10,512
02/14/2005,CMH,OH,AGL,CE,Combined TRACON& Tower with Radar,149,302,92,2,545,0,0,17,0,17,149,302,109,2,562,0,0,0,562
02/15/2005,CMH,OH,AGL,CE,Combined TRACON& Tower with Radar,147,421,105,0,673,0,6,131,6,143,147,427,236,6,816,20,0,20,836
02/16/2005,CMH,OH,AGL,CE,Combined TRACON& Tower with Radar,143,389,72,0,604,0,0,94,0,94,143,389,166,0,698,14,0,14,712
02/17/2005,CMH,OH,AGL,CE,Combined TRACON& Tower with Radar,147,402,109,14,672,0,0,117,0,117,147,402,226,14,789,12,0,12,801
02/18/2005,CMH,OH,AGL,CE,Combined TRACON& Tower with Radar,142,340,84,0,566,0,1,48,5,54,142,341,132,5,620,10,0,10,630
02/19/2005,CMH,OH,AGL,CE,Combined TRACON& Tower with Radar,118,198,31,0,347,0,3,158,3,164,118,201,189,3,511,10,0,10,521
02/20/2005,CMH,OH,AGL,CE,Combined TRACON& Tower with Radar,148,235,37,0,420,0,1,33,0,34,148,236,70,0,454,8,0,8,462
02/21/2005,CMH,OH,AGL,CE,Combined TRACON& Tower with Radar,143,272,58,0,473,0,1,28,0,29,143,273,86,0,502,8,0,8,510
02/22/2005,CMH,OH,AGL,CE,Combined TRACON& Tower with Radar,143,317,92,0,552,0,1,129,2,132,143,318,221,2,684,28,0,28,712
02/23/2005,CMH,OH,AGL,CE,Combined TRACON& Tower with Radar,144,397,106,0,647,0,2,143,3,148,144,399,249,3,795,20,0,20,815
02/24/2005,CMH,OH,AGL,CE,Combined TRACON& Tower with Radar,138,379,73,0,590,0,0,39,1,40,138,379,112,1,630,6,0,6,636
02/25/2005,CMH,OH,AGL,CE,Combined TRACON& Tower with Radar,145,342,94,3,584,0,2,47,5,54,145,344,141,8,638,0,0,0,638
02/26/2005,CMH,OH,AGL,CE,Combined TRACON& Tower with Radar,115,199,29,0,343,0,0,88,1,89,115,199,117,1,432,10,0,10,442
02/27/2005,CMH,OH,AGL,CE,Combined TRACON& Tower with Radar,124,257,38,0,419,0,3,131,3,137,124,260,169,3,556,22,0,22,578
02/28/2005,CMH,OH,AGL,CE,Combined TRACON& Tower with Radar,140,285,64,0,489,0,0,52,0,52,140,285,116,0,541,12,0,12,553
03/01/2005,CMH,OH,AGL,CE,Combined TRACON& Tower with Radar,145,403,64,0,612,0,0,17,0,17,145,403,81,0,629,0,0,0,629
03/02/2005,CMH,OH,AGL,CE,Combined TRACON& Tower with Radar,140,395,88,0,623,0,0,85,0,85,140,395,173,0,708,10,0,10,718
03/03/2005,CMH,OH,AGL,CE,Combined TRACON& Tower with Radar,146,390,91,0,627,0,0,155,0,155,146,390,246,0,782,14,0,14,796
03/04/2005,CMH,OH,AGL,CE,Combined TRACON& Tower with Radar,150,354,107,0,611,0,1,87,5,93,150,355,194,5,704,20,0,20,724
03/05/2005,CMH,OH,AGL,CE,Combined TRACON& Tower with Radar,116,219,35,0,370,0,0,68,1,69,116,219,103,1,439,10,0,10,449
03/06/2005,CMH,OH,AGL,CE,Combined TRACON& Tower with Radar,134,269,30,0,433,0,4,84,1,89,134,273,114,1,522,12,0,12,534
03/07/2005,CMH,OH,AGL,CE,Combined TRACON& Tower with Radar,146,315,56,0,517,0,0,93,0,93,146,315,149,0,610,16,0,16,626
03/08/2005,CMH,OH,AGL,CE,Combined TRACON& Tower with Radar,145,380,83,1,609,0,0,66,2,68,145,380,149,3,677,16,0,16,693
03/09/2005,CMH,OH,AGL,CE,Combined TRACON& Tower with Radar,143,388,82,3,616,0,0,114,0,114,143,388,196,3,730,10,0,10,740
03/10/2005,CMH,OH,AGL,CE,Combined TRACON& Tower with Radar,146,383,76,0,605,0,0,112,0,112,146,383,188,0,717,16,0,16,733
03/11/2005,CMH,OH,AGL,CE,Combined TRACON& Tower with Radar,149,337,72,0,558,0,0,0,0,0,149,337,72,0,558,0,0,0,558
03/12/2005,CMH,OH,AGL,CE,Combined TRACON& Tower with Radar,121,207,29,0,357,0,1,78,0,79,121,208,107,0,436,10,0,10,446
03/13/2005,CMH,OH,AGL,CE,Combined TRACON& Tower with Radar,132,260,37,0,429,0,0,123,0,123,132,260,160,0,552,12,0,12,564
03/14/2005,CMH,OH,AGL,CE,Combined TRACON& Tower with Radar,153,296,68,4,521,0,0,207,3,210,153,296,275,7,731,22,0,22,753
03/15/2005,CMH,OH,AGL,CE,Combined TRACON& Tower with Radar,146,399,95,2,642,0,2,173,1,176,146,401,268,3,818,16,0,16,834
03/16/2005,CMH,OH,AGL,CE,Combined TRACON& Tower with Radar,150,398,80,0,628,0,4,151,2,157,150,402,231,2,785,18,0,18,803
03/17/2005,CMH,OH,AGL,CE,Combined TRACON& Tower with Radar,147,381,72,0,600,0,0,162,0,162,147,381,234,0,762,0,0,0,762
03/18/2005,CMH,OH,AGL,CE,Combined TRACON& Tower with Radar,150,345,73,0,568,0,3,61,4,68,150,348,134,4,636,0,0,0,636
03/19/2005,CMH,OH,AGL,CE,Combined TRACON& Tower with Radar,121,192,25,0,338,1,2,41,1,45,122,194,66,1,383,10,0,10,393
03/20/2005,CMH,OH,AGL,CE,Combined TRACON& Tower with Radar,131,268,34,0,433,0,0,68,0,68,131,268,102,0,501,8,0,8,509
03/21/2005,CMH,OH,AGL,CE,Combined TRACON& Tower with Radar,152,299,56,0,507,0,0,135,0,135,152,299,191,0,642,10,0,10,652
03/22/2005,CMH,OH,AGL,CE,Combined TRACON& Tower with Radar,149,402,81,0,632,0,3,102,3,108,149,405,183,3,740,12,0,12,752
03/23/2005,CMH,OH,AGL,CE,Combined TRACON& Tower with Radar,144,375,91,0,610,0,0,0,0,0,144,375,91,0,610,1,0,1,611
03/24/2005,CMH,OH,AGL,CE,Combined TRACON& Tower with Radar,150,398,94,0,642,0,0,57,3,60,150,398,151,3,702,8,0,8,710
03/25/2005,CMH,OH,AGL,CE,Combined TRACON& Tower with Radar,144,341,50,2,537,0,1,15,1,17,144,342,65,3,554,0,0,0,554
03/26/2005,CMH,OH,AGL,CE,Combined TRACON& Tower with Radar,125,219,53,0,397,0,2,31,1,34,125,221,84,1,431,0,0,0,431
03/27/2005,CMH,OH,AGL,CE,Combined TRACON& Tower with Radar,134,252,24,0,410,0,0,106,0,106,134,252,130,0,516,8,0,8,524
03/28/2005,CMH,OH,AGL,CE,Combined TRACON& Tower with Radar,146,301,79,0,526,0,0,46,0,46,146,301,125,0,572,4,0,4,576
03/29/2005,CMH,OH,AGL,CE,Combined TRACON& Tower with Radar,146,384,65,0,595,0,0,0,0,0,146,384,65,0,595,10,0,10,605
03/30/2005,CMH,OH,AGL,CE,Combined TRACON& Tower with Radar,143,376,62,0,581,0,0,159,0,159,143,376,221,0,740,24,0,24,764
03/31/2005,CMH,OH,AGL,CE,Combined TRACON& Tower with Radar,145,402,68,0,615,0,4,32,2,38,145,406,100,2,653,0,0,0,653
04/01/2005,CMH,OH,AGL,CE,Combined TRACON& Tower with Radar,146,357,90,4,597,0,1,43,3,47,146,358,133,7,644,14,0,14,658
04/02/2005,CMH,OH,AGL,CE,Combined TRACON& Tower with Radar,122,215,30,0,367,0,0,3,0,3,122,215,33,0,370,0,0,0,370
04/03/2005,CMH,OH,AGL,CE,Combined TRACON& Tower with Radar,135,243,32,0,410,0,0,30,0,30,135,243,62,0,440,4,0,4,444
04/04/2005,CMH,OH,AGL,CE,Combined TRACON& Tower with Radar,154,300,75,0,529,0,1,169,2,172,154,301,244,2,701,22,0,22,723
04/05/2005,CMH,OH,AGL,CE,Combined TRACON& Tower with Radar,148,411,85,1,645,0,0,156,0,156,148,411,241,1,801,16,0,16,817
04/06/2005,CMH,OH,AGL,CE,Combined TRACON& Tower with Radar,152,409,93,0,654,0,3,115,1,119,152,412,208,1,773,16,0,16,789
04/07/2005,CMH,OH,AGL,CE,Combined TRACON& Tower with Radar,146,400,100,0,646,0,0,129,0,129,146,400,229,0,775,10,0,10,785
04/08/2005,CMH,OH,AGL,CE,Combined TRACON& Tower with Radar,141,338,71,6,556,12,19,60,4,95,153,357,131,10,651,0,0,0,651
04/09/2005,CMH,OH,AGL,CE,Combined TRACON& Tower with Radar,114,220,51,0,385,0,0,150,4,154,114,220,201,4,539,10,0,10,549
04/10/2005,CMH,OH,AGL,CE,Combined TRACON& Tower with Radar,138,272,44,3,457,0,5,173,2,180,138,277,217,5,637,16,0,16,653
04/11/2005,CMH,OH,AGL,CE,Combined TRACON& Tower with Radar,151,319,73,0,543,0,1,100,4,105,151,320,173,4,648,12,0,12,660
04/12/2005,CMH,OH,AGL,CE,Combined TRACON& Tower with Radar,144,392,104,0,640,0,0,100,1,101,144,392,204,1,741,12,0,12,753
04/13/2005,CMH,OH,AGL,CE,Combined TRACON& Tower with Radar,151,388,80,0,619,0,2,133,4,139,151,390,213,4,758,18,0,18,776
04/14/2005,CMH,OH,AGL,CE,Combined TRACON& Tower with Radar,147,426,76,2,651,0,0,127,0,127,147,426,203,2,778,0,0,0,778
04/15/2005,CMH,OH,AGL,CE,Combined TRACON& Tower with Radar,150,377,86,0,613,0,2,160,7,169,150,379,246,7,782,0,0,0,782
04/16/2005,CMH,OH,AGL,CE,Combined TRACON& Tower with Radar,115,201,22,2,340,0,3,134,2,139,115,204,156,4,479,44,0,44,523
04/17/2005,CMH,OH,AGL,CE,Combined TRACON& Tower with Radar,135,273,37,2,447,0,0,131,2,133,135,273,168,4,580,22,0,22,602
04/18/2005,CMH,OH,AGL,CE,Combined TRACON& Tower with Radar,149,295,85,0,529,0,0,146,0,146,149,295,231,0,675,12,0,12,687
04/19/2005,CMH,OH,AGL,CE,Combined TRACON& Tower with Radar,146,408,91,0,645,0,4,152,4,160,146,412,243,4,805,18,0,18,823
04/20/2005,CMH,OH,AGL,CE,Combined TRACON& Tower with Radar,148,380,84,0,612,0,1,94,2,97,148,381,178,2,709,16,0,16,725
04/21/2005,CMH,OH,AGL,CE,Combined TRACON& Tower with Radar,150,404,100,0,654,0,0,86,0,86,150,404,186,0,740,0,0,0,740
04/22/2005,CMH,OH,AGL,CE,Combined TRACON& Tower with Radar,151,332,100,0,583,0,1,53,1,55,151,333,153,1,638,0,0,0,638
04/23/2005,CMH,OH,AGL,CE,Combined TRACON& Tower with Radar,114,209,25,0,348,0,0,38,0,38,114,209,63,0,386,0,0,0,386
04/24/2005,CMH,OH,AGL,CE,Combined TRACON& Tower with Radar,135,255,28,0,418,0,0,19,0,19,135,255,47,0,437,0,0,0,437
04/25/2005,CMH,OH,AGL,CE,Combined TRACON& Tower with Radar,151,310,76,2,539,0,0,111,6,117,151,310,187,8,656,18,0,18,674
04/26/2005,CMH,OH,AGL,CE,Combined TRACON& Tower with Radar,146,396,79,0,621,0,3,77,2,82,146,399,156,2,703,12,0,12,715
04/27/2005,CMH,OH,AGL,CE,Combined TRACON& Tower with Radar,151,376,108,2,637,0,3,136,3,142,151,379,244,5,779,18,0,18,797
04/28/2005,CMH,OH,AGL,CE,Combined TRACON& Tower with Radar,147,383,79,2,611,0,4,109,3,116,147,387,188,5,727,16,0,16,743
04/29/2005,CMH,OH,AGL,CE,Combined TRACON& Tower with Radar,148,355,96,0,599,0,3,25,3,31,148,358,121,3,630,0,0,0,630
04/30/2005,CMH,OH,AGL,CE,Combined TRACON& Tower with Radar,109,200,41,0,350,0,0,62,1,63,109,200,103,1,413,10,0,10,423
05/01/2005,CMH,OH,AGL,CE,Combined TRACON& Tower with Radar,137,280,25,0,442,0,1,77,3,81,137,281,102,3,523,16,0,16,539
05/02/2005,CMH,OH,AGL,CE,Combined TRACON& Tower with Radar,150,316,77,0,543,0,3,102,3,108,150,319,179,3,651,18,0,18,669
05/03/2005,CMH,OH,AGL,CE,Combined TRACON& Tower with Radar,143,419,67,0,629,0,5,132,3,140,143,424,199,3,769,12,0,12,781
05/04/2005,CMH,OH,AGL,CE,Combined TRACON& Tower with Radar,146,414,102,1,663,0,9,187,2,198,146,423,289,3,861,28,0,28,889
05/05/2005,CMH,OH,AGL,CE,Combined TRACON& Tower with Radar,143,418,83,0,644,0,3,139,2,144,143,421,222,2,788,18,0,18,806
05/06/2005,CMH,OH,AGL,CE,Combined TRACON& Tower with Radar,150,357,93,0,600,0,4,116,6,126,150,361,209,6,726,0,0,0,726
05/07/2005,CMH,OH,AGL,CE,Combined TRACON& Tower with Radar,150,357,93,0,600,0,4,164,4,172,150,361,257,4,772,10,0,10,782
05/08/2005,CMH,OH,AGL,CE,Combined TRACON& Tower with Radar,126,289,24,0,439,0,0,141,0,141,126,289,165,0,580,14,0,14,594
05/09/2005,CMH,OH,AGL,CE,Combined TRACON& Tower with Radar,143,326,72,0,541,0,0,127,0,127,143,326,199,0,668,16,0,16,684
05/10/2005,CMH,OH,AGL,CE,Combined TRACON& Tower with Radar,141,406,81,2,630,0,0,131,0,131,141,406,212,2,761,14,0,14,775
05/11/2005,CMH,OH,AGL,CE,Combined TRACON& Tower with Radar,136,404,86,4,630,0,0,162,0,162,136,404,248,4,792,18,0,18,810
05/12/2005,CMH,OH,AGL,CE,Combined TRACON& Tower with Radar,140,415,132,2,689,0,0,151,0,151,140,415,283,2,840,16,0,16,856
05/13/2005,CMH,OH,AGL,CE,Combined TRACON& Tower with Radar,139,358,95,0,592,0,26,83,0,109,139,384,178,0,701,34,0,34,735
05/14/2005,CMH,OH,AGL,CE,Combined TRACON& Tower with Radar,117,210,99,0,426,0,1,40,1,42,117,211,139,1,468,10,0,10,478
05/15/2005,CMH,OH,AGL,CE,Combined TRACON& Tower with Radar,133,230,89,2,454,0,0,170,0,170,133,230,259,2,624,32,0,32,656
05/16/2005,CMH,OH,AGL,CE,Combined TRACON& Tower with Radar,140,251,73,2,466,0,1,113,1,115,140,252,186,3,581,18,0,18,599
05/17/2005,CMH,OH,AGL,CE,Combined TRACON& Tower with Radar,138,276,60,2,476,0,0,156,0,156,138,276,216,2,632,20,0,20,652
05/18/2005,CMH,OH,AGL,CE,Combined TRACON& Tower with Radar,142,279,91,0,512,0,1,156,2,159,142,280,247,2,671,16,0,16,687
05/19/2005,CMH,OH,AGL,CE,Combined TRACON& Tower with Radar,135,269,81,0,485,0,0,0,0,0,135,269,81,0,485,106,0,106,591
05/20/2005,CMH,OH,AGL,CE,Combined TRACON& Tower with Radar,143,283,105,2,533,0,0,0,0,0,143,283,105,2,533,29,0,29,562
05/21/2005,CMH,OH,AGL,CE,Combined TRACON& Tower with Radar,119,207,52,0,378,0,0,159,3,162,119,207,211,3,540,16,0,16,556
05/22/2005,CMH,OH,AGL,CE,Combined TRACON& Tower with Radar,130,234,29,0,393,0,3,83,3,89,130,237,112,3,482,12,0,12,494
05/23/2005,CMH,OH,AGL,CE,Combined TRACON& Tower with Radar,135,257,74,0,466,0,3,86,3,92,135,260,160,3,558,10,0,10,568
05/24/2005,CMH,OH,AGL,CE,Combined TRACON& Tower with Radar,141,284,68,0,493,0,3,66,6,75,141,287,134,6,568,12,0,12,580
05/25/2005,CMH,OH,AGL,CE,Combined TRACON& Tower with Radar,138,278,117,0,533,0,0,161,0,161,138,278,278,0,694,34,0,34,728
05/26/2005,CMH,OH,AGL,CE,Combined TRACON& Tower with Radar,136,269,86,5,496,0,0,157,0,157,136,269,243,5,653,40,0,40,693
05/27/2005,CMH,OH,AGL,CE,Combined TRACON& Tower with Radar,0,0,77,0,77,0,0,3,0,3,0,0,80,0,80,113,0,113,193
05/28/2005,CMH,OH,AGL,CE,Combined TRACON& Tower with Radar,119,196,28,0,343,0,2,87,7,96,119,198,115,7,439,10,0,10,449
05/29/2005,CMH,OH,AGL,CE,Combined TRACON& Tower with Radar,122,204,30,0,356,0,0,129,0,129,122,204,159,0,485,14,0,14,499
05/30/2005,CMH,OH,AGL,CE,Combined TRACON& Tower with Radar,130,234,30,0,394,0,0,65,0,65,130,234,95,0,459,18,0,18,477
05/31/2005,CMH,OH,AGL,CE,Combined TRACON& Tower with Radar,144,268,84,0,496,0,3,123,3,129,144,271,207,3,625,18,0,18,643
06/01/2005,CMH,OH,AGL,CE,Combined TRACON& Tower with Radar,135,277,89,0,501,0,6,136,0,142,135,283,225,0,643,40,0,40,683
06/02/2005,CMH,OH,AGL,CE,Combined TRACON& Tower with Radar,138,305,82,0,525,0,4,108,1,113,138,309,190,1,638,20,0,20,658
06/03/2005,CMH,OH,AGL,CE,Combined TRACON& Tower with Radar,131,278,133,1,543,0,0,0,0,0,131,278,133,1,543,0,0,0,543
06/04/2005,CMH,OH,AGL,CE,Combined TRACON& Tower with Radar,114,221,43,0,378,0,1,90,6,97,114,222,133,6,475,22,0,22,497
06/05/2005,CMH,OH,AGL,CE,Combined TRACON& Tower with Radar,127,226,37,0,390,0,2,114,4,120,127,228,151,4,510,18,0,18,528
06/06/2005,CMH,OH,AGL,CE,Combined TRACON& Tower with Radar,139,252,80,0,471,0,1,142,0,143,139,253,222,0,614,20,0,20,634
06/07/2005,CMH,OH,AGL,CE,Combined TRACON& Tower with Radar,160,271,78,0,509,0,2,173,4,179,160,273,251,4,688,32,0,32,720
06/08/2005,CMH,OH,AGL,CE,Combined TRACON& Tower with Radar,157,282,85,1,525,0,1,132,3,136,157,283,217,4,661,22,0,22,683
06/09/2005,CMH,OH,AGL,CE,Combined TRACON& Tower with Radar,221,329,108,4,662,0,3,181,3,187,221,332,289,7,849,30,0,30,879
06/10/2005,CMH,OH,AGL,CE,Combined TRACON& Tower with Radar,155,248,86,0,489,0,1,68,1,70,155,249,154,1,559,20,0,20,579
06/11/2005,CMH,OH,AGL,CE,Combined TRACON& Tower with Radar,142,202,42,0,386,0,0,107,4,111,142,202,149,4,497,10,0,10,507
06/12/2005,CMH,OH,AGL,CE,Combined TRACON& Tower with Radar,148,216,70,2,436,0,0,0,0,0,148,216,70,2,436,10,0,10,446
06/13/2005,CMH,OH,AGL,CE,Combined TRACON& Tower with Radar,151,245,82,1,479,0,5,104,5,114,151,250,186,6,593,30,0,30,623
06/14/2005,CMH,OH,AGL,CE,Combined TRACON& Tower with Radar,162,287,64,6,519,0,0,151,0,151,162,287,215,6,670,14,0,14,684
06/15/2005,CMH,OH,AGL,CE,Combined TRACON& Tower with Radar,159,270,98,0,527,0,0,166,0,166,159,270,264,0,693,18,0,18,711
06/16/2005,CMH,OH,AGL,CE,Combined TRACON& Tower with Radar,149,250,95,0,494,0,0,115,0,115,149,250,210,0,609,22,0,22,631
06/17/2005,CMH,OH,AGL,CE,Combined TRACON& Tower with Radar,159,267,94,0,520,0,2,116,4,122,159,269,210,4,642,8,0,8,650
06/18/2005,CMH,OH,AGL,CE,Combined TRACON& Tower with Radar,139,202,35,2,378,0,3,49,2,54,139,205,84,4,432,12,0,12,444
06/19/2005,CMH,OH,AGL,CE,Combined TRACON& Tower with Radar,144,233,40,0,417,0,2,148,2,152,144,235,188,2,569,10,0,10,579
06/20/2005,CMH,OH,AGL,CE,Combined TRACON& Tower with Radar,155,264,95,0,514,0,0,138,0,138,155,264,233,0,652,12,0,12,664
06/21/2005,CMH,OH,AGL,CE,Combined TRACON& Tower with Radar,0,0,0,0,0,0,0,0,0,0,0,0,0,0,0,24,0,24,24
06/22/2005,CMH,OH,AGL,CE,Combined TRACON& Tower with Radar,153,271,90,0,514,0,0,148,0,148,153,271,238,0,662,16,0,16,678
06/23/2005,CMH,OH,AGL,CE,Combined TRACON& Tower with Radar,0,0,45,0,45,0,0,0,0,0,0,0,45,0,45,26,0,26,71
06/24/2005,CMH,OH,AGL,CE,Combined TRACON& Tower with Radar,181,436,250,18,885,0,14,69,11,94,181,450,319,29,979,10,0,10,989
06/25/2005,CMH,OH,AGL,CE,Combined TRACON& Tower with Radar,138,188,35,0,361,0,4,144,2,150,138,192,179,2,511,10,0,10,521
06/26/2005,CMH,OH,AGL,CE,Combined TRACON& Tower with Radar,148,214,29,0,391,0,0,106,3,109,148,214,135,3,500,12,0,12,512
06/27/2005,CMH,OH,AGL,CE,Combined TRACON& Tower with Radar,154,234,66,0,454,0,0,0,0,0,154,234,66,0,454,10,0,10,464
06/28/2005,CMH,OH,AGL,CE,Combined TRACON& Tower with Radar,152,265,82,0,499,0,1,32,1,34,152,266,114,1,533,24,0,24,557
06/29/2005,CMH,OH,AGL,CE,Combined TRACON& Tower with Radar,0,2,114,0,116,0,0,0,29,29,0,2,114,29,145,38,0,38,183
06/30/2005,CMH,OH,AGL,CE,Combined TRACON& Tower with Radar,151,258,93,0,502,0,1,116,3,120,151,259,209,3,622,16,0,16,638
07/01/2005,CMH,OH,AGL,CE,Combined TRACON& Tower with Radar,152,253,59,0,464,0,2,42,6,50,152,255,101,6,514,0,0,0,514
07/02/2005,CMH,OH,AGL,CE,Combined TRACON& Tower with Radar,142,183,37,0,362,0,2,46,7,55,142,185,83,7,417,10,0,10,427
07/03/2005,CMH,OH,AGL,CE,Combined TRACON& Tower with Radar,124,167,20,0,311,0,1,97,2,100,124,168,117,2,411,16,0,16,427
07/04/2005,CMH,OH,AGL,CE,Combined TRACON& Tower with Radar,140,203,26,2,371,0,1,107,7,115,140,204,133,9,486,12,0,12,498
07/05/2005,CMH,OH,AGL,CE,Combined TRACON& Tower with Radar,154,251,51,0,456,10,0,62,4,76,164,251,113,4,532,16,0,16,548
07/06/2005,CMH,OH,AGL,CE,Combined TRACON& Tower with Radar,155,239,79,0,473,0,4,174,3,181,155,243,253,3,654,20,0,20,674
07/07/2005,CMH,OH,AGL,CE,Combined TRACON& Tower with Radar,151,261,94,0,506,0,2,138,6,146,151,263,232,6,652,20,0,20,672
07/08/2005,CMH,OH,AGL,CE,Combined TRACON& Tower with Radar,152,241,76,0,469,0,1,69,5,75,152,242,145,5,544,0,0,0,544
07/09/2005,CMH,OH,AGL,CE,Combined TRACON& Tower with Radar,139,188,29,0,356,0,12,142,1,155,139,200,171,1,511,10,0,10,521
07/10/2005,CMH,OH,AGL,CE,Combined TRACON& Tower with Radar,0,0,28,0,28,0,0,0,0,0,0,0,28,0,28,24,0,24,52
07/11/2005,CMH,OH,AGL,CE,Combined TRACON& Tower with Radar,152,248,83,0,483,0,1,140,2,143,152,249,223,2,626,18,0,18,644
07/12/2005,CMH,OH,AGL,CE,Combined TRACON& Tower with Radar,0,0,0,0,0,0,0,0,0,0,0,0,0,0,0,18,0,18,18
07/13/2005,CMH,OH,AGL,CE,Combined TRACON& Tower with Radar,151,252,55,0,458,0,5,47,7,59,151,257,102,7,517,22,0,22,539
07/14/2005,CMH,OH,AGL,CE,Combined TRACON& Tower with Radar,151,269,92,0,512,0,3,87,1,91,151,272,179,1,603,22,0,22,625
07/15/2005,CMH,OH,AGL,CE,Combined TRACON& Tower with Radar,144,250,79,0,473,0,0,34,0,34,144,250,113,0,507,0,0,0,507
07/16/2005,CMH,OH,AGL,CE,Combined TRACON& Tower with Radar,137,200,35,2,374,0,1,54,1,56,137,201,89,3,430,10,0,10,440
07/17/2005,CMH,OH,AGL,CE,Combined TRACON& Tower with Radar,144,201,40,0,385,0,3,26,1,30,144,204,66,1,415,4,0,4,419
07/18/2005,CMH,OH,AGL,CE,Combined TRACON& Tower with Radar,154,240,86,1,481,0,1,36,1,38,154,241,122,2,519,12,0,12,531
07/19/2005,CMH,OH,AGL,CE,Combined TRACON& Tower with Radar,152,254,98,5,509,0,0,166,0,166,152,254,264,5,675,20,0,20,695
07/20/2005,CMH,OH,AGL,CE,Combined TRACON& Tower with Radar,166,272,97,0,535,0,0,204,0,204,166,272,301,0,739,16,0,16,755
07/21/2005,CMH,OH,AGL,CE,Combined TRACON& Tower with Radar,148,259,94,0,501,0,2,146,1,149,148,261,240,1,650,18,0,18,668
07/22/2005,CMH,OH,AGL,CE,Combined TRACON& Tower with Radar,156,251,96,0,503,0,5,115,2,122,156,256,211,2,625,10,0,10,635
07/23/2005,CMH,OH,AGL,CE,Combined TRACON& Tower with Radar,139,188,29,0,356,0,1,158,1,160,139,189,187,1,516,10,0,10,526
07/24/2005,CMH,OH,AGL,CE,Combined TRACON& Tower with Radar,140,241,54,0,435,0,4,153,2,159,140,245,207,2,594,35,0,35,629
07/25/2005,CMH,OH,AGL,CE,Combined TRACON& Tower with Radar,147,252,104,0,503,0,0,67,0,67,147,252,171,0,570,10,0,10,580
07/26/2005,CMH,OH,AGL,CE,Combined TRACON& Tower with Radar,160,253,112,4,529,0,0,93,0,93,160,253,205,4,622,0,0,0,622
07/27/2005,CMH,OH,AGL,CE,Combined TRACON& Tower with Radar,152,251,102,5,510,0,0,104,0,104,152,251,206,5,614,12,0,12,626
07/28/2005,CMH,OH,AGL,CE,Combined TRACON& Tower with Radar,158,263,99,0,520,0,0,115,0,115,158,263,214,0,635,10,0,10,645
07/29/2005,CMH,OH,AGL,CE,Combined TRACON& Tower with Radar,157,240,57,0,454,0,0,0,0,0,157,240,57,0,454,149,0,149,603
07/30/2005,CMH,OH,AGL,CE,Combined TRACON& Tower with Radar,140,198,30,0,368,0,0,0,0,0,140,198,30,0,368,108,4,112,480
07/31/2005,CMH,OH,AGL,CE,Combined TRACON& Tower with Radar,142,209,40,0,391,0,2,180,2,184,142,211,220,2,575,54,0,54,629
08/01/2005,CMH,OH,AGL,CE,Combined TRACON& Tower with Radar,153,243,90,0,486,0,2,123,0,125,153,245,213,0,611,18,0,18,629
08/02/2005,CMH,OH,AGL,CE,Combined TRACON& Tower with Radar,157,251,81,0,489,0,0,184,0,184,157,251,265,0,673,18,0,18,691
08/03/2005,CMH,OH,AGL,CE,Combined TRACON& Tower with Radar,157,273,93,3,526,0,0,141,0,141,157,273,234,3,667,16,0,16,683
08/04/2005,CMH,OH,AGL,CE,Combined TRACON& Tower with Radar,146,256,69,0,471,0,2,106,0,108,146,258,175,0,579,18,0,18,597
08/05/2005,CMH,OH,AGL,CE,Combined TRACON& Tower with Radar,153,233,80,0,466,0,0,0,0,0,153,233,80,0,466,22,0,22,488
08/06/2005,CMH,OH,AGL,CE,Combined TRACON& Tower with Radar,134,193,30,0,357,0,0,0,0,0,134,193,30,0,357,74,4,78,435
08/07/2005,CMH,OH,AGL,CE,Combined TRACON& Tower with Radar,134,206,42,4,386,0,6,205,2,213,134,212,247,6,599,35,0,35,634
08/08/2005,CMH,OH,AGL,CE,Combined TRACON& Tower with Radar,149,226,76,2,453,0,2,150,2,154,149,228,226,4,607,20,0,20,627
08/09/2005,CMH,OH,AGL,CE,Combined TRACON& Tower with Radar,156,249,92,2,499,0,0,191,0,191,156,249,283,2,690,18,0,18,708
08/10/2005,CMH,OH,AGL,CE,Combined TRACON& Tower with Radar,155,274,81,0,510,0,6,55,2,63,155,280,136,2,573,40,0,40,613
08/11/2005,CMH,OH,AGL,CE,Combined TRACON& Tower with Radar,159,279,99,0,537,0,0,0,0,0,159,279,99,0,537,30,0,30,567
08/12/2005,CMH,OH,AGL,CE,Combined TRACON& Tower with Radar,154,250,65,1,470,0,4,163,8,175,154,254,228,9,645,37,0,37,682
08/13/2005,CMH,OH,AGL,CE,Combined TRACON& Tower with Radar,12,4,30,2,48,0,0,0,0,0,12,4,30,2,48,22,2,24,72
08/14/2005,CMH,OH,AGL,CE,Combined TRACON& Tower with Radar,139,186,41,2,368,0,4,143,3,150,139,190,184,5,518,56,0,56,574
08/15/2005,CMH,OH,AGL,CE,Combined TRACON& Tower with Radar,161,244,71,2,478,0,2,92,1,95,161,246,163,3,573,16,0,16,589
08/16/2005,CMH,OH,AGL,CE,Combined TRACON& Tower with Radar,159,269,82,2,512,0,1,53,1,55,159,270,135,3,567,20,0,20,587
08/17/2005,CMH,OH,AGL,CE,Combined TRACON& Tower with Radar,156,255,110,0,521,0,8,67,3,78,156,263,177,3,599,16,0,16,615
08/18/2005,CMH,OH,AGL,CE,Combined TRACON& Tower with Radar,151,260,97,1,509,0,3,62,0,65,151,263,159,1,574,52,0,52,626
08/19/2005,CMH,OH,AGL,CE,Combined TRACON& Tower with Radar,154,277,86,0,517,0,0,0,0,0,154,277,86,0,517,18,0,18,535
08/20/2005,CMH,OH,AGL,CE,Combined TRACON& Tower with Radar,0,0,0,0,0,0,0,0,0,0,0,0,0,0,0,14,0,14,14
08/21/2005,CMH,OH,AGL,CE,Combined TRACON& Tower with Radar,139,224,42,0,405,0,103,170,6,279,139,327,212,6,684,45,0,45,729
08/22/2005,CMH,OH,AGL,CE,Combined TRACON& Tower with Radar,0,0,42,0,42,0,0,1,0,1,0,0,43,0,43,0,0,0,43
08/23/2005,CMH,OH,AGL,CE,Combined TRACON& Tower with Radar,154,252,95,2,503,0,0,201,0,201,154,252,296,2,704,24,0,24,728
08/24/2005,CMH,OH,AGL,CE,Combined TRACON& Tower with Radar,149,250,114,1,514,0,2,166,2,170,149,252,280,3,684,10,0,10,694
08/25/2005,CMH,OH,AGL,CE,Combined TRACON& Tower with Radar,151,257,88,1,497,0,3,137,5,145,151,260,225,6,642,22,0,22,664
08/26/2005,CMH,OH,AGL,CE,Combined TRACON& Tower with Radar,156,249,83,3,491,0,0,0,0,0,156,249,83,3,491,26,0,26,517
08/27/2005,CMH,OH,AGL,CE,Combined TRACON& Tower with Radar,128,197,32,4,361,0,0,0,0,0,128,197,32,4,361,10,0,10,371
08/28/2005,CMH,OH,AGL,CE,Combined TRACON& Tower with Radar,136,213,54,1,404,0,1,105,5,111,136,214,159,6,515,16,0,16,531
08/29/2005,CMH,OH,AGL,CE,Combined TRACON& Tower with Radar,150,247,80,1,478,0,1,84,3,88,150,248,164,4,566,17,0,17,583
08/30/2005,CMH,OH,AGL,CE,Combined TRACON& Tower with Radar,164,253,68,0,485,0,0,0,0,0,164,253,68,0,485,0,0,0,485
08/31/2005,CMH,OH,AGL,CE,Combined TRACON& Tower with Radar,156,273,102,1,532,0,0,118,0,118,156,273,220,1,650,10,0,10,660
09/01/2005,CMH,OH,AGL,CE,Combined TRACON& Tower with Radar,158,292,94,0,544,0,6,154,8,168,158,298,248,8,712,18,0,18,730
09/02/2005,CMH,OH,AGL,CE,Combined TRACON& Tower with Radar,151,245,84,3,483,0,0,0,0,0,151,245,84,3,483,22,0,22,505
09/03/2005,CMH,OH,AGL,CE,Combined TRACON& Tower with Radar,12,34,84,3,133,0,0,5,1,6,12,34,89,4,139,45,0,45,184
09/04/2005,CMH,OH,AGL,CE,Combined TRACON& Tower with Radar,119,183,25,0,327,0,3,157,11,171,119,186,182,11,498,47,0,47,545
09/05/2005,CMH,OH,AGL,CE,Combined TRACON& Tower with Radar,141,226,24,1,392,0,2,83,2,87,141,228,107,3,479,10,0,10,489
09/06/2005,CMH,OH,AGL,CE,Combined TRACON& Tower with Radar,154,245,67,0,466,0,0,0,0,0,154,245,67,0,466,42,0,42,508
09/07/2005,CMH,OH,AGL,CE,Combined TRACON& Tower with Radar,149,274,95,0,518,0,7,142,1,150,149,281,237,1,668,22,0,22,690
09/08/2005,CMH,OH,AGL,CE,Combined TRACON& Tower with Radar,159,280,86,2,527,0,4,154,5,163,159,284,240,7,690,18,0,18,708
09/09/2005,CMH,OH,AGL,CE,Combined TRACON& Tower with Radar,166,287,110,2,565,0,4,147,6,157,166,291,257,8,722,22,0,22,744
09/10/2005,CMH,OH,AGL,CE,Combined TRACON& Tower with Radar,0,0,38,0,38,0,0,0,0,0,0,0,38,0,38,14,2,16,54
09/11/2005,CMH,OH,AGL,CE,Combined TRACON& Tower with Radar,152,220,107,3,482,0,53,174,1,228,152,273,281,4,710,43,0,43,753
09/12/2005,CMH,OH,AGL,CE,Combined TRACON& Tower with Radar,151,250,75,0,476,0,3,142,3,148,151,253,217,3,624,16,0,16,640
09/13/2005,CMH,OH,AGL,CE,Combined TRACON& Tower with Radar,146,264,106,0,516,0,0,0,0,0,146,264,106,0,516,30,0,30,546
09/14/2005,CMH,OH,AGL,CE,Combined TRACON& Tower with Radar,147,246,95,0,488,0,0,141,0,141,147,246,236,0,629,14,0,14,643
09/15/2005,CMH,OH,AGL,CE,Combined TRACON& Tower with Radar,153,265,100,0,518,0,2,155,2,159,153,267,255,2,677,24,0,24,701
09/16/2005,CMH,OH,AGL,CE,Combined TRACON& Tower with Radar,157,261,89,0,507,0,1,112,0,113,157,262,201,0,620,10,0,10,630
09/17/2005,CMH,OH,AGL,CE,Combined TRACON& Tower with Radar,0,10,53,0,63,0,0,407,10,417,0,10,460,10,480,0,0,0,480
09/18/2005,CMH,OH,AGL,CE,Combined TRACON& Tower with Radar,143,202,52,0,397,0,1,123,3,127,143,203,175,3,524,10,0,10,534
09/19/2005,CMH,OH,AGL,CE,Combined TRACON& Tower with Radar,146,265,65,0,476,0,0,46,5,51,146,265,111,5,527,0,0,0,527
09/20/2005,CMH,OH,AGL,CE,Combined TRACON& Tower with Radar,147,276,85,1,509,0,0,95,0,95,147,276,180,1,604,16,0,16,620
09/21/2005,CMH,OH,AGL,CE,Combined TRACON& Tower with Radar,143,303,88,0,534,0,0,132,0,132,143,303,220,0,666,14,0,14,680
09/22/2005,CMH,OH,AGL,CE,Combined TRACON& Tower with Radar,141,263,96,0,500,0,0,154,0,154,141,263,250,0,654,14,0,14,668
09/23/2005,CMH,OH,AGL,CE,Combined TRACON& Tower with Radar,149,293,72,1,515,0,1,68,0,69,149,294,140,1,584,0,0,0,584
09/24/2005,CMH,OH,AGL,CE,Combined TRACON& Tower with Radar,149,293,72,1,515,0,0,0,0,0,149,293,72,1,515,0,0,0,515
09/25/2005,CMH,OH,AGL,CE,Combined TRACON& Tower with Radar,143,202,68,2,415,0,0,116,0,116,143,202,184,2,531,56,0,56,587
09/26/2005,CMH,OH,AGL,CE,Combined TRACON& Tower with Radar,148,231,79,2,460,0,0,41,0,41,148,231,120,2,501,6,0,6,507
09/27/2005,CMH,OH,AGL,CE,Combined TRACON& Tower with Radar,147,282,92,0,521,0,4,134,1,139,147,286,226,1,660,16,0,16,676
09/28/2005,CMH,OH,AGL,CE,Combined TRACON& Tower with Radar,148,268,93,0,509,0,2,136,1,139,148,270,229,1,648,20,0,20,668
09/29/2005,CMH,OH,AGL,CE,Combined TRACON& Tower with Radar,144,258,86,0,488,0,0,158,0,158,144,258,244,0,646,12,0,12,658
09/30/2005,CMH,OH,AGL,CE,Combined TRACON& Tower with Radar,146,263,70,0,479,0,0,0,0,0,146,263,70,0,479,28,0,28,507
10/01/2005,CMH,OH,AGL,CE,Combined TRACON& Tower with Radar,116,178,39,2,335,0,6,147,5,158,116,184,186,7,493,41,0,41,534
10/02/2005,CMH,OH,AGL,CE,Combined TRACON& Tower with Radar,145,208,38,0,391,0,3,113,2,118,145,211,151,2,509,42,0,42,551
10/03/2005,CMH,OH,AGL,CE,Combined TRACON& Tower with Radar,151,266,96,0,513,0,5,45,4,54,151,271,141,4,567,10,0,10,577
10/04/2005,CMH,OH,AGL,CE,Combined TRACON& Tower with Radar,146,275,60,0,481,0,2,118,1,121,146,277,178,1,602,0,0,0,602
10/05/2005,CMH,OH,AGL,CE,Combined TRACON& Tower with Radar,149,261,102,0,512,0,0,0,0,0,149,261,102,0,512,4,4,8,520
10/06/2005,CMH,OH,AGL,CE,Combined TRACON& Tower with Radar,149,273,71,0,493,0,0,196,0,196,149,273,267,0,689,18,0,18,707
10/07/2005,CMH,OH,AGL,CE,Combined TRACON& Tower with Radar,162,247,94,0,503,0,0,0,0,0,162,247,94,0,503,0,0,0,503
10/08/2005,CMH,OH,AGL,CE,Combined TRACON& Tower with Radar,123,211,42,2,378,0,0,0,0,0,123,211,42,2,378,0,0,0,378
10/09/2005,CMH,OH,AGL,CE,Combined TRACON& Tower with Radar,140,214,33,0,387,0,1,84,1,86,140,215,117,1,473,33,0,33,506
10/10/2005,CMH,OH,AGL,CE,Combined TRACON& Tower with Radar,140,214,33,0,387,0,1,33,1,35,140,215,66,1,422,0,0,0,422
10/11/2005,CMH,OH,AGL,CE,Combined TRACON& Tower with Radar,148,266,105,2,521,0,0,26,7,33,148,266,131,9,554,0,0,0,554
10/12/2005,CMH,OH,AGL,CE,Combined TRACON& Tower with Radar,146,232,111,2,491,0,0,132,0,132,146,232,243,2,623,8,0,8,631
10/13/2005,CMH,OH,AGL,CE,Combined TRACON& Tower with Radar,153,244,91,0,488,0,0,130,0,130,153,244,221,0,618,14,0,14,632
10/14/2005,CMH,OH,AGL,CE,Combined TRACON& Tower with Radar,156,247,80,0,483,0,0,0,0,0,156,247,80,0,483,0,0,0,483
10/15/2005,CMH,OH,AGL,CE,Combined TRACON& Tower with Radar,127,185,39,0,351,0,5,70,3,78,127,190,109,3,429,43,0,43,472
10/16/2005,CMH,OH,AGL,CE,Combined TRACON& Tower with Radar,150,204,58,0,412,0,0,80,0,80,150,204,138,0,492,16,0,16,508
10/17/2005,CMH,OH,AGL,CE,Combined TRACON& Tower with Radar,161,254,85,0,500,0,0,123,0,123,161,254,208,0,623,18,0,18,641
10/18/2005,CMH,OH,AGL,CE,Combined TRACON& Tower with Radar,161,254,85,0,500,0,3,129,2,134,161,257,214,2,634,0,0,0,634
10/19/2005,CMH,OH,AGL,CE,Combined TRACON& Tower with Radar,159,253,110,0,522,0,0,212,0,212,159,253,322,0,734,14,0,14,748
10/20/2005,CMH,OH,AGL,CE,Combined TRACON& Tower with Radar,156,254,81,0,491,0,2,75,0,77,156,256,156,0,568,16,0,16,584
10/21/2005,CMH,OH,AGL,CE,Combined TRACON& Tower with Radar,159,274,80,1,514,0,1,25,0,26,159,275,105,1,540,0,0,0,540
10/22/2005,CMH,OH,AGL,CE,Combined TRACON& Tower with Radar,126,200,43,5,374,0,0,0,0,0,126,200,43,5,374,0,0,0,374
10/23/2005,CMH,OH,AGL,CE,Combined TRACON& Tower with Radar,146,226,56,6,434,0,0,65,1,66,146,226,121,7,500,10,0,10,510
10/24/2005,CMH,OH,AGL,CE,Combined TRACON& Tower with Radar,159,243,63,8,473,0,0,23,1,24,159,243,86,9,497,0,0,0,497
10/25/2005,CMH,OH,AGL,CE,Combined TRACON& Tower with Radar,160,271,71,1,503,0,1,77,0,78,160,272,148,1,581,20,0,20,601
10/26/2005,CMH,OH,AGL,CE,Combined TRACON& Tower with Radar,158,265,99,8,530,0,2,169,2,173,158,267,268,10,703,14,0,14,717
10/27/2005,CMH,OH,AGL,CE,Combined TRACON& Tower with Radar,156,271,86,0,513,0,0,155,3,158,156,271,241,3,671,14,0,14,685
10/28/2005,CMH,OH,AGL,CE,Combined TRACON& Tower with Radar,159,261,76,1,497,0,0,0,0,0,159,261,76,1,497,16,0,16,513
10/29/2005,CMH,OH,AGL,CE,Combined TRACON& Tower with Radar,3,5,41,0,49,0,0,16,2,18,3,5,57,2,67,31,0,31,98
10/30/2005,CMH,OH,AGL,CE,Combined TRACON& Tower with Radar,147,199,45,2,393,0,2,181,11,194,147,201,226,13,587,14,0,14,601
10/31/2005,CMH,OH,AGL,CE,Combined TRACON& Tower with Radar,158,230,77,0,465,0,0,69,5,74,158,230,146,5,539,26,0,26,565
11/01/2005,CMH,OH,AGL,CE,Combined TRACON& Tower with Radar,163,254,76,0,493,0,0,2,0,2,163,254,78,0,495,4,0,4,499
11/02/2005,CMH,OH,AGL,CE,Combined TRACON& Tower with Radar,155,272,106,1,534,0,3,159,2,164,155,275,265,3,698,10,0,10,708
11/03/2005,CMH,OH,AGL,CE,Combined TRACON& Tower with Radar,156,287,97,3,543,0,0,67,0,67,156,287,164,3,610,20,0,20,630
11/04/2005,CMH,OH,AGL,CE,Combined TRACON& Tower with Radar,157,273,76,0,506,0,0,0,0,0,157,273,76,0,506,30,0,30,536
11/05/2005,CMH,OH,AGL,CE,Combined TRACON& Tower with Radar,126,181,26,1,334,0,2,146,8,156,126,183,172,9,490,23,0,23,513
11/06/2005,CMH,OH,AGL,CE,Combined TRACON& Tower with Radar,139,207,37,3,386,0,0,35,0,35,139,207,72,3,421,8,0,8,429
11/07/2005,CMH,OH,AGL,CE,Combined TRACON& Tower with Radar,159,271,54,0,484,0,9,133,10,152,159,280,187,10,636,16,0,16,652
11/08/2005,CMH,OH,AGL,CE,Combined TRACON& Tower with Radar,159,276,51,1,487,0,1,74,4,79,159,277,125,5,566,10,0,10,576
11/09/2005,CMH,OH,AGL,CE,Combined TRACON& Tower with Radar,148,262,95,4,509,0,2,8,7,17,148,264,103,11,526,10,0,10,536
11/10/2005,CMH,OH,AGL,CE,Combined TRACON& Tower with Radar,153,282,82,4,521,0,0,60,0,60,153,282,142,4,581,0,0,0,581
11/11/2005,CMH,OH,AGL,CE,Combined TRACON& Tower with Radar,153,275,74,0,502,0,3,94,9,106,153,278,168,9,608,0,0,0,608
11/12/2005,CMH,OH,AGL,CE,Combined TRACON& Tower with Radar,0,4,22,4,30,0,0,0,0,0,0,4,22,4,30,15,8,23,53
11/13/2005,CMH,OH,AGL,CE,Combined TRACON& Tower with Radar,136,228,31,2,397,0,0,98,0,98,136,228,129,2,495,12,0,12,507
11/14/2005,CMH,OH,AGL,CE,Combined TRACON& Tower with Radar,151,251,66,0,468,0,0,48,6,54,151,251,114,6,522,10,0,10,532
11/15/2005,CMH,OH,AGL,CE,Combined TRACON& Tower with Radar,148,249,67,0,464,0,0,17,0,17,148,249,84,0,481,4,0,4,485
11/16/2005,CMH,OH,AGL,CE,Combined TRACON& Tower with Radar,152,264,81,0,497,0,0,105,0,105,152,264,186,0,602,10,0,10,612
11/17/2005,CMH,OH,AGL,CE,Combined TRACON& Tower with Radar,153,296,95,6,550,0,0,0,0,0,153,296,95,6,550,20,0,20,570
11/18/2005,CMH,OH,AGL,CE,Combined TRACON& Tower with Radar,0,0,18,0,18,0,0,0,0,0,0,0,18,0,18,24,0,24,42
11/19/2005,CMH,OH,AGL,CE,Combined TRACON& Tower with Radar,130,201,36,0,367,0,1,68,6,75,130,202,104,6,442,52,0,52,494
11/20/2005,CMH,OH,AGL,CE,Combined TRACON& Tower with Radar,137,237,41,0,415,0,0,99,0,99,137,237,140,0,514,14,0,14,528
11/21/2005,CMH,OH,AGL,CE,Combined TRACON& Tower with Radar,159,244,71,6,480,0,0,113,3,116,159,244,184,9,596,10,0,10,606
11/22/2005,CMH,OH,AGL,CE,Combined TRACON& Tower with Radar,155,273,63,3,494,0,2,30,8,40,155,275,93,11,534,0,0,0,534
11/23/2005,CMH,OH,AGL,CE,Combined TRACON& Tower with Radar,160,258,65,0,483,0,0,0,0,0,160,258,65,0,483,60,0,60,543
11/24/2005,CMH,OH,AGL,CE,Combined TRACON& Tower with Radar,111,216,6,1,334,0,0,24,0,24,111,216,30,1,358,0,0,0,358
11/25/2005,CMH,OH,AGL,CE,Combined TRACON& Tower with Radar,110,188,22,0,320,0,1,42,6,49,110,189,64,6,369,21,0,21,390
11/26/2005,CMH,OH,AGL,CE,Combined TRACON& Tower with Radar,124,188,39,0,351,0,1,125,6,132,124,189,164,6,483,11,0,11,494
11/27/2005,CMH,OH,AGL,CE,Combined TRACON& Tower with Radar,132,252,45,1,430,0,1,45,9,55,132,253,90,10,485,24,0,24,509
11/28/2005,CMH,OH,AGL,CE,Combined TRACON& Tower with Radar,158,256,66,0,480,0,0,30,4,34,158,256,96,4,514,12,0,12,526
11/29/2005,CMH,OH,AGL,CE,Combined TRACON& Tower with Radar,162,274,71,2,509,0,0,95,0,95,162,274,166,2,604,5,0,5,609
11/30/2005,CMH,OH,AGL,CE,Combined TRACON& Tower with Radar,154,254,82,2,492,0,0,158,0,158,154,254,240,2,650,14,0,14,664
12/01/2005,CMH,OH,AGL,CE,Combined TRACON& Tower with Radar,142,257,92,0,491,0,0,99,0,99,142,257,191,0,590,6,0,6,596
12/02/2005,CMH,OH,AGL,CE,Combined TRACON& Tower with Radar,152,254,71,0,477,0,2,86,3,91,152,256,157,3,568,6,0,6,574
12/03/2005,CMH,OH,AGL,CE,Combined TRACON& Tower with Radar,116,166,27,0,309,0,2,51,5,58,116,168,78,5,367,12,0,12,379
12/04/2005,CMH,OH,AGL,CE,Combined TRACON& Tower with Radar,133,198,32,0,363,0,0,16,1,17,133,198,48,1,380,24,0,24,404
12/05/2005,CMH,OH,AGL,CE,Combined TRACON& Tower with Radar,148,243,71,1,463,0,1,95,6,102,148,244,166,7,565,24,0,24,589
12/06/2005,CMH,OH,AGL,CE,Combined TRACON& Tower with Radar,149,246,66,0,461,0,0,92,0,92,149,246,158,0,553,8,0,8,561
12/07/2005,CMH,OH,AGL,CE,Combined TRACON& Tower with Radar,143,257,83,0,483,0,0,128,4,132,143,257,211,4,615,24,0,24,639
12/08/2005,CMH,OH,AGL,CE,Combined TRACON& Tower with Radar,138,262,65,0,465,0,0,0,0,0,138,262,65,0,465,30,0,30,495
12/09/2005,CMH,OH,AGL,CE,Combined TRACON& Tower with Radar,143,222,69,0,434,0,0,0,0,0,143,222,69,0,434,10,0,10,444
12/10/2005,CMH,OH,AGL,CE,Combined TRACON& Tower with Radar,125,161,29,0,315,0,1,62,1,64,125,162,91,1,379,24,0,24,403
12/11/2005,CMH,OH,AGL,CE,Combined TRACON& Tower with Radar,139,213,37,0,389,0,0,17,0,17,139,213,54,0,406,4,0,4,410
12/12/2005,CMH,OH,AGL,CE,Combined TRACON& Tower with Radar,152,231,170,0,553,0,0,0,0,0,152,231,170,0,553,12,0,12,565
12/13/2005,CMH,OH,AGL,CE,Combined TRACON& Tower with Radar,142,277,100,0,519,0,0,133,0,133,142,277,233,0,652,16,0,16,668
12/14/2005,CMH,OH,AGL,CE,Combined TRACON& Tower with Radar,135,252,96,0,483,0,0,82,3,85,135,252,178,3,568,10,0,10,578
12/15/2005,CMH,OH,AGL,CE,Combined TRACON& Tower with Radar,129,233,77,0,439,0,1,39,0,40,129,234,116,0,479,0,0,0,479
12/16/2005,CMH,OH,AGL,CE,Combined TRACON& Tower with Radar,142,259,71,0,472,0,0,0,0,0,142,259,71,0,472,28,0,28,500
12/17/2005,CMH,OH,AGL,CE,Combined TRACON& Tower with Radar,0,0,0,0,0,0,0,0,0,0,0,0,0,0,0,0,0,0,0
12/18/2005,CMH,OH,AGL,CE,Combined TRACON& Tower with Radar,124,228,27,4,383,0,2,37,0,39,124,230,64,4,422,20,0,20,442
12/19/2005,CMH,OH,AGL,CE,Combined TRACON& Tower with Radar,124,228,27,0,379,0,2,37,4,43,124,230,64,4,422,14,0,14,436
12/20/2005,CMH,OH,AGL,CE,Combined TRACON& Tower with Radar,140,249,88,2,479,0,0,143,0,143,140,249,231,2,622,8,0,8,630
12/21/2005,CMH,OH,AGL,CE,Combined TRACON& Tower with Radar,142,271,81,2,496,0,2,162,0,164,142,273,243,2,660,10,0,10,670
12/22/2005,CMH,OH,AGL,CE,Combined TRACON& Tower with Radar,143,261,65,0,469,0,4,105,12,121,143,265,170,12,590,18,0,18,608
12/23/2005,CMH,OH,AGL,CE,Combined TRACON& Tower with Radar,140,239,44,1,424,0,0,0,0,0,140,239,44,1,424,167,0,167,591
12/24/2005,CMH,OH,AGL,CE,Combined TRACON& Tower with Radar,0,8,16,0,24,0,0,7,6,13,0,8,23,6,37,12,0,12,49
12/25/2005,CMH,OH,AGL,CE,Combined TRACON& Tower with Radar,118,195,14,0,327,0,1,11,0,12,118,196,25,0,339,0,0,0,339
12/26/2005,CMH,OH,AGL,CE,Combined TRACON& Tower with Radar,142,227,27,0,396,0,0,61,1,62,142,227,88,1,458,14,0,14,472
12/27/2005,CMH,OH,AGL,CE,Combined TRACON& Tower with Radar,139,234,51,0,424,0,2,102,11,115,139,236,153,11,539,20,0,20,559
12/28/2005,CMH,OH,AGL,CE,Combined TRACON& Tower with Radar,143,255,26,0,424,0,0,113,5,118,143,255,139,5,542,10,0,10,552
12/29/2005,CMH,OH,AGL,CE,Combined TRACON& Tower with Radar,142,231,27,0,400,0,0,61,0,61,142,231,88,0,461,14,0,14,475
12/30/2005,CMH,OH,AGL,CE,Combined TRACON& Tower with Radar,148,227,33,0,408,0,0,104,9,113,148,227,137,9,521,0,0,0,521
12/31/2005,CMH,OH,AGL,CE,Combined TRACON& Tower with Radar,135,158,10,0,303,0,0,0,0,0,135,158,10,0,303,0,0,0,303
01/01/2006,CMH,OH,AGL,CE,Combined TRACON& Tower with Radar,118,189,25,0,332,0,0,102,0,102,118,189,127,0,434,14,0,14,448
01/02/2006,CMH,OH,AGL,CE,Combined TRACON& Tower with Radar,133,217,29,0,379,0,0,86,0,86,133,217,115,0,465,6,0,6,471
01/03/2006,CMH,OH,AGL,CE,Combined TRACON& Tower with Radar,163,239,50,0,452,0,0,20,0,20,163,239,70,0,472,6,0,6,478
01/04/2006,CMH,OH,AGL,CE,Combined TRACON& Tower with Radar,148,243,58,6,455,0,0,30,1,31,148,243,88,7,486,14,0,14,500
01/05/2006,CMH,OH,AGL,CE,Combined TRACON& Tower with Radar,142,226,68,0,436,0,0,0,0,0,142,226,68,0,436,20,0,20,456
01/06/2006,CMH,OH,AGL,CE,Combined TRACON& Tower with Radar,143,230,58,0,431,0,0,0,0,0,143,230,58,0,431,22,0,22,453
01/07/2006,CMH,OH,AGL,CE,Combined TRACON& Tower with Radar,0,10,21,0,31,0,0,1,4,5,0,10,22,4,36,12,0,12,48
01/08/2006,CMH,OH,AGL,CE,Combined TRACON& Tower with Radar,137,195,27,0,359,0,1,127,4,132,137,196,154,4,491,26,0,26,517
01/09/2006,CMH,OH,AGL,CE,Combined TRACON& Tower with Radar,142,233,71,0,446,0,0,46,0,46,142,233,117,0,492,28,0,28,520
01/10/2006,CMH,OH,AGL,CE,Combined TRACON& Tower with Radar,139,232,62,10,443,0,0,130,1,131,139,232,192,11,574,20,0,20,594
01/11/2006,CMH,OH,AGL,CE,Combined TRACON& Tower with Radar,138,237,74,2,451,0,1,119,4,124,138,238,193,6,575,12,0,12,587
01/12/2006,CMH,OH,AGL,CE,Combined TRACON& Tower with Radar,141,252,90,2,485,0,0,0,0,0,141,252,90,2,485,24,0,24,509
01/13/2006,CMH,OH,AGL,CE,Combined TRACON& Tower with Radar,141,221,79,0,441,0,1,37,0,38,141,222,116,0,479,20,0,20,499
01/14/2006,CMH,OH,AGL,CE,Combined TRACON& Tower with Radar,0,8,22,0,30,0,0,16,18,34,0,8,38,18,64,0,0,0,64
01/15/2006,CMH,OH,AGL,CE,Combined TRACON& Tower with Radar,134,200,32,1,367,0,1,128,2,131,134,201,160,3,498,18,0,18,516
01/16/2006,CMH,OH,AGL,CE,Combined TRACON& Tower with Radar,14,229,62,1,306,131,0,171,0,302,145,229,233,1,608,10,0,10,618
01/17/2006,CMH,OH,AGL,CE,Combined TRACON& Tower with Radar,140,239,69,2,450,0,0,85,0,85,140,239,154,2,535,10,0,10,545
01/18/2006,CMH,OH,AGL,CE,Combined TRACON& Tower with Radar,140,242,66,2,450,0,0,51,1,52,140,242,117,3,502,6,0,6,508
01/19/2006,CMH,OH,AGL,CE,Combined TRACON& Tower with Radar,146,244,83,1,474,0,0,0,0,0,146,244,83,1,474,29,0,29,503
01/20/2006,CMH,OH,AGL,CE,Combined TRACON& Tower with Radar,144,246,89,2,481,0,0,0,0,0,144,246,89,2,481,24,2,26,507
01/21/2006,CMH,OH,AGL,CE,Combined TRACON& Tower with Radar,107,166,27,4,304,0,0,112,0,112,107,166,139,4,416,12,0,12,428
01/22/2006,CMH,OH,AGL,CE,Combined TRACON& Tower with Radar,132,194,36,0,362,0,0,97,0,97,132,194,133,0,459,14,0,14,473
01/23/2006,CMH,OH,AGL,CE,Combined TRACON& Tower with Radar,139,206,62,0,407,0,0,128,1,129,139,206,190,1,536,18,0,18,554
01/24/2006,CMH,OH,AGL,CE,Combined TRACON& Tower with Radar,141,220,67,0,428,0,2,62,2,66,141,222,129,2,494,12,0,12,506
01/25/2006,CMH,OH,AGL,CE,Combined TRACON& Tower with Radar,144,254,83,2,483,0,2,47,2,51,144,256,130,4,534,14,0,14,548
01/26/2006,CMH,OH,AGL,CE,Combined TRACON& Tower with Radar,144,254,83,2,483,0,0,0,0,0,144,254,83,2,483,60,0,60,543
01/27/2006,CMH,OH,AGL,CE,Combined TRACON& Tower with Radar,153,238,84,0,475,0,1,110,12,123,153,239,194,12,598,24,0,24,622
01/28/2006,CMH,OH,AGL,CE,Combined TRACON& Tower with Radar,0,3,10,0,13,0,0,0,0,0,0,3,10,0,13,14,1,15,28
01/29/2006,CMH,OH,AGL,CE,Combined TRACON& Tower with Radar,136,196,46,5,383,0,0,0,0,0,136,196,46,5,383,0,0,0,383
01/30/2006,CMH,OH,AGL,CE,Combined TRACON& Tower with Radar,142,233,58,0,433,0,0,125,3,128,142,233,183,3,561,14,0,14,575
01/31/2006,CMH,OH,AGL,CE,Combined TRACON& Tower with Radar,137,260,71,0,468,0,1,52,7,60,137,261,123,7,528,16,0,16,544
02/01/2006,CMH,OH,AGL,CE,Combined TRACON& Tower with Radar,136,278,100,0,514,0,0,108,2,110,136,278,208,2,624,12,0,12,636
02/02/2006,CMH,OH,AGL,CE,Combined TRACON& Tower with Radar,139,245,72,0,456,0,0,135,0,135,139,245,207,0,591,20,0,20,611
02/03/2006,CMH,OH,AGL,CE,Combined TRACON& Tower with Radar,138,242,91,0,471,0,1,32,3,36,138,243,123,3,507,34,0,34,541
02/04/2006,CMH,OH,AGL,CE,Combined TRACON& Tower with Radar,103,173,19,0,295,0,0,7,0,7,103,173,26,0,302,6,0,6,308
02/05/2006,CMH,OH,AGL,CE,Combined TRACON& Tower with Radar,128,193,19,0,340,0,0,0,0,0,128,193,19,0,340,20,0,20,360
02/06/2006,CMH,OH,AGL,CE,Combined TRACON& Tower with Radar,133,219,92,0,444,0,0,120,0,120,133,219,212,0,564,20,0,20,584
02/07/2006,CMH,OH,AGL,CE,Combined TRACON& Tower with Radar,138,263,82,0,483,0,2,158,5,165,138,265,240,5,648,18,0,18,666
02/08/2006,CMH,OH,AGL,CE,Combined TRACON& Tower with Radar,144,253,81,0,478,0,0,157,0,157,144,253,238,0,635,24,0,24,659
02/09/2006,CMH,OH,AGL,CE,Combined TRACON& Tower with Radar,139,264,77,3,483,0,2,157,5,164,139,266,234,8,647,28,0,28,675
02/10/2006,CMH,OH,AGL,CE,Combined TRACON& Tower with Radar,146,232,89,0,467,0,2,53,6,61,146,234,142,6,528,0,0,0,528
02/11/2006,CMH,OH,AGL,CE,Combined TRACON& Tower with Radar,110,185,20,0,315,0,2,124,4,130,110,187,144,4,445,16,0,16,461
02/12/2006,CMH,OH,AGL,CE,Combined TRACON& Tower with Radar,122,156,29,0,307,0,0,137,0,137,122,156,166,0,444,8,0,8,452
02/13/2006,CMH,OH,AGL,CE,Combined TRACON& Tower with Radar,141,232,72,2,447,0,0,0,0,0,141,232,72,2,447,14,0,14,461
02/14/2006,CMH,OH,AGL,CE,Combined TRACON& Tower with Radar,139,239,60,1,439,0,0,117,3,120,139,239,177,4,559,18,0,18,577
02/15/2006,CMH,OH,AGL,CE,Combined TRACON& Tower with Radar,139,257,102,3,501,0,2,61,5,68,139,259,163,8,569,12,0,12,581
02/16/2006,CMH,OH,AGL,CE,Combined TRACON& Tower with Radar,128,233,77,2,440,0,0,0,0,0,128,233,77,2,440,30,0,30,470
02/17/2006,CMH,OH,AGL,CE,Combined TRACON& Tower with Radar,144,228,88,0,460,0,0,0,0,0,144,228,88,0,460,48,4,52,512
02/18/2006,CMH,OH,AGL,CE,Combined TRACON& Tower with Radar,106,161,22,0,289,0,0,111,0,111,106,161,133,0,400,10,0,10,410
02/19/2006,CMH,OH,AGL,CE,Combined TRACON& Tower with Radar,127,183,40,0,350,0,2,94,6,102,127,185,134,6,452,12,0,12,464
02/20/2006,CMH,OH,AGL,CE,Combined TRACON& Tower with Radar,137,227,78,0,442,0,1,107,10,118,137,228,185,10,560,12,0,12,572
02/21/2006,CMH,OH,AGL,CE,Combined TRACON& Tower with Radar,137,259,81,1,478,0,0,113,3,116,137,259,194,4,594,16,0,16,610
02/22/2006,CMH,OH,AGL,CE,Combined TRACON& Tower with Radar,133,250,108,2,493,0,5,176,7,188,133,255,284,9,681,18,0,18,699
02/23/2006,CMH,OH,AGL,CE,Combined TRACON& Tower with Radar,139,260,77,0,476,0,0,63,6,69,139,260,140,6,545,0,0,0,545
02/24/2006,CMH,OH,AGL,CE,Combined TRACON& Tower with Radar,141,239,76,0,456,0,4,190,9,203,141,243,266,9,659,14,0,14,673
02/25/2006,CMH,OH,AGL,CE,Combined TRACON& Tower with Radar,107,173,18,0,298,0,0,126,3,129,107,173,144,3,427,10,0,10,437
02/26/2006,CMH,OH,AGL,CE,Combined TRACON& Tower with Radar,129,194,34,0,357,0,0,161,0,161,129,194,195,0,518,16,0,16,534
02/27/2006,CMH,OH,AGL,CE,Combined TRACON& Tower with Radar,134,240,72,1,447,0,0,31,0,31,134,240,103,1,478,6,0,6,484
02/28/2006,CMH,OH,AGL,CE,Combined TRACON& Tower with Radar,135,281,82,0,498,0,0,150,0,150,135,281,232,0,648,16,0,16,664
03/01/2006,CMH,OH,AGL,CE,Combined TRACON& Tower with Radar,137,255,75,1,468,0,5,146,9,160,137,260,221,10,628,16,0,16,644
03/02/2006,CMH,OH,AGL,CE,Combined TRACON& Tower with Radar,143,251,89,0,483,0,0,88,3,91,143,251,177,3,574,8,0,8,582
03/03/2006,CMH,OH,AGL,CE,Combined TRACON& Tower with Radar,151,246,94,2,493,0,1,51,4,56,151,247,145,6,549,0,0,0,549
03/04/2006,CMH,OH,AGL,CE,Combined TRACON& Tower with Radar,113,167,29,0,309,0,2,208,7,217,113,169,237,7,526,12,0,12,538
03/05/2006,CMH,OH,AGL,CE,Combined TRACON& Tower with Radar,126,205,34,0,365,0,1,155,1,157,126,206,189,1,522,12,0,12,534
03/06/2006,CMH,OH,AGL,CE,Combined TRACON& Tower with Radar,152,224,65,2,443,0,0,16,0,16,152,224,81,2,459,0,0,0,459
03/07/2006,CMH,OH,AGL,CE,Combined TRACON& Tower with Radar,148,256,76,5,485,0,0,187,0,187,148,256,263,5,672,20,0,20,692
03/08/2006,CMH,OH,AGL,CE,Combined TRACON& Tower with Radar,142,228,100,0,470,0,0,106,0,106,142,228,206,0,576,14,0,14,590
03/09/2006,CMH,OH,AGL,CE,Combined TRACON& Tower with Radar,144,237,65,0,446,0,0,0,0,0,144,237,65,0,446,20,0,20,466
03/10/2006,CMH,OH,AGL,CE,Combined TRACON& Tower with Radar,150,235,67,0,452,0,0,31,1,32,150,235,98,1,484,0,0,0,484
03/11/2006,CMH,OH,AGL,CE,Combined TRACON& Tower with Radar,119,170,34,0,323,0,1,102,4,107,119,171,136,4,430,8,0,8,438
03/12/2006,CMH,OH,AGL,CE,Combined TRACON& Tower with Radar,128,197,36,1,362,0,0,67,0,67,128,197,103,1,429,6,0,6,435
03/13/2006,CMH,OH,AGL,CE,Combined TRACON& Tower with Radar,151,220,52,0,423,0,0,27,0,27,151,220,79,0,450,14,0,14,464
03/14/2006,CMH,OH,AGL,CE,Combined TRACON& Tower with Radar,147,259,63,6,475,0,0,0,0,0,147,259,63,6,475,4,0,4,479
03/15/2006,CMH,OH,AGL,CE,Combined TRACON& Tower with Radar,0,0,0,0,0,147,244,255,6,652,147,244,255,6,652,14,0,14,666
03/16/2006,CMH,OH,AGL,CE,Combined TRACON& Tower with Radar,144,246,90,0,480,0,0,0,0,0,144,246,90,0,480,20,0,20,500
03/17/2006,CMH,OH,AGL,CE,Combined TRACON& Tower with Radar,153,243,79,0,475,0,2,51,8,61,153,245,130,8,536,0,0,0,536
03/18/2006,CMH,OH,AGL,CE,Combined TRACON& Tower with Radar,116,156,35,0,307,0,1,180,3,184,116,157,215,3,491,12,0,12,503
03/19/2006,CMH,OH,AGL,CE,Combined TRACON& Tower with Radar,131,189,50,0,370,0,0,201,9,210,131,189,251,9,580,20,0,20,600
03/20/2006,CMH,OH,AGL,CE,Combined TRACON& Tower with Radar,148,209,58,0,415,0,2,112,6,120,148,211,170,6,535,24,0,24,559
03/21/2006,CMH,OH,AGL,CE,Combined TRACON& Tower with Radar,151,243,58,0,452,1,0,81,0,82,152,243,139,0,534,16,0,16,550
03/22/2006,CMH,OH,AGL,CE,Combined TRACON& Tower with Radar,145,260,53,0,458,0,2,148,0,150,145,262,201,0,608,12,0,12,620
03/23/2006,CMH,OH,AGL,CE,Combined TRACON& Tower with Radar,144,261,69,0,474,0,0,136,2,138,144,261,205,2,612,16,0,16,628
03/24/2006,CMH,OH,AGL,CE,Combined TRACON& Tower with Radar,148,240,82,2,472,0,0,52,0,52,148,240,134,2,524,1,0,1,525
03/25/2006,CMH,OH,AGL,CE,Combined TRACON& Tower with Radar,121,166,38,0,325,0,0,95,1,96,121,166,133,1,421,10,0,10,431
03/26/2006,CMH,OH,AGL,CE,Combined TRACON& Tower with Radar,133,203,51,0,387,0,0,114,3,117,133,203,165,3,504,16,0,16,520
03/27/2006,CMH,OH,AGL,CE,Combined TRACON& Tower with Radar,146,240,60,1,447,0,0,161,6,167,146,240,221,7,614,10,0,10,624
03/28/2006,CMH,OH,AGL,CE,Combined TRACON& Tower with Radar,142,271,68,1,482,0,0,24,2,26,142,271,92,3,508,8,0,8,516
03/29/2006,CMH,OH,AGL,CE,Combined TRACON& Tower with Radar,146,248,81,3,478,0,0,145,3,148,146,248,226,6,626,16,0,16,642
03/30/2006,CMH,OH,AGL,CE,Combined TRACON& Tower with Radar,147,263,93,0,503,0,2,125,7,134,147,265,218,7,637,12,0,12,649
03/31/2006,CMH,OH,AGL,CE,Combined TRACON& Tower with Radar,145,247,62,0,454,0,1,20,0,21,145,248,82,0,475,0,0,0,475
04/01/2006,CMH,OH,AGL,CE,Combined TRACON& Tower with Radar,122,187,63,0,372,0,2,127,1,130,122,189,190,1,502,10,0,10,512
04/02/2006,CMH,OH,AGL,CE,Combined TRACON& Tower with Radar,142,195,53,0,390,0,0,72,0,72,142,195,125,0,462,12,0,12,474
04/03/2006,CMH,OH,AGL,CE,Combined TRACON& Tower with Radar,151,223,70,2,446,0,0,0,0,0,151,223,70,2,446,14,0,14,460
04/04/2006,CMH,OH,AGL,CE,Combined TRACON& Tower with Radar,150,171,94,13,428,0,0,67,6,73,150,171,161,19,501,12,0,12,513
04/05/2006,CMH,OH,AGL,CE,Combined TRACON& Tower with Radar,146,248,97,4,495,0,0,152,6,158,146,248,249,10,653,16,0,16,669
04/06/2006,CMH,OH,AGL,CE,Combined TRACON& Tower with Radar,146,268,69,0,483,0,1,70,3,74,146,269,139,3,557,12,0,12,569
04/07/2006,CMH,OH,AGL,CE,Combined TRACON& Tower with Radar,145,256,74,0,475,0,0,22,1,23,145,256,96,1,498,0,0,0,498
04/08/2006,CMH,OH,AGL,CE,Combined TRACON& Tower with Radar,118,185,52,0,355,0,1,30,5,36,118,186,82,5,391,10,0,10,401
04/09/2006,CMH,OH,AGL,CE,Combined TRACON& Tower with Radar,0,0,52,0,52,0,0,0,0,0,0,0,52,0,52,0,0,0,52
04/10/2006,CMH,OH,AGL,CE,Combined TRACON& Tower with Radar,150,250,66,8,474,0,0,154,10,164,150,250,220,18,638,24,0,24,662
04/11/2006,CMH,OH,AGL,CE,Combined TRACON& Tower with Radar,0,0,20,0,20,0,0,0,0,0,0,0,20,0,20,0,0,0,20
04/12/2006,CMH,OH,AGL,CE,Combined TRACON& Tower with Radar,157,273,92,0,522,0,3,50,11,64,157,276,142,11,586,16,0,16,602
04/13/2006,CMH,OH,AGL,CE,Combined TRACON& Tower with Radar,150,235,87,2,474,0,0,0,0,0,150,235,87,2,474,45,0,45,519
04/14/2006,CMH,OH,AGL,CE,Combined TRACON& Tower with Radar,147,248,38,2,435,0,2,27,2,31,147,250,65,4,466,0,0,0,466
04/15/2006,CMH,OH,AGL,CE,Combined TRACON& Tower with Radar,118,163,35,0,316,0,2,55,1,58,118,165,90,1,374,10,0,10,384
04/16/2006,CMH,OH,AGL,CE,Combined TRACON& Tower with Radar,130,203,23,0,356,0,1,96,5,102,130,204,119,5,458,14,0,14,472
04/17/2006,CMH,OH,AGL,CE,Combined TRACON& Tower with Radar,151,242,72,0,465,0,0,0,0,0,151,242,72,0,465,20,0,20,485
04/18/2006,CMH,OH,AGL,CE,Combined TRACON& Tower with Radar,145,250,84,0,479,0,4,165,14,183,145,254,249,14,662,22,0,22,684
04/19/2006,CMH,OH,AGL,CE,Combined TRACON& Tower with Radar,141,247,72,2,462,0,1,161,15,177,141,248,233,17,639,18,0,18,657
04/20/2006,CMH,OH,AGL,CE,Combined TRACON& Tower with Radar,0,0,0,0,0,143,281,218,5,647,143,281,218,5,647,16,0,16,663
04/21/2006,CMH,OH,AGL,CE,Combined TRACON& Tower with Radar,147,273,67,0,487,0,3,37,8,48,147,276,104,8,535,0,0,0,535
04/22/2006,CMH,OH,AGL,CE,Combined TRACON& Tower with Radar,115,199,30,3,347,0,0,46,12,58,115,199,76,15,405,12,3,15,420
04/23/2006,CMH,OH,AGL,CE,Combined TRACON& Tower with Radar,131,216,51,0,398,0,1,45,7,53,131,217,96,7,451,12,0,12,463
04/24/2006,CMH,OH,AGL,CE,Combined TRACON& Tower with Radar,145,231,67,3,446,0,0,0,0,0,145,231,67,3,446,22,0,22,468
04/25/2006,CMH,OH,AGL,CE,Combined TRACON& Tower with Radar,148,258,110,0,516,0,0,99,0,99,148,258,209,0,615,16,0,16,631
04/26/2006,CMH,OH,AGL,CE,Combined TRACON& Tower with Radar,141,240,85,1,467,0,1,162,6,169,141,241,247,7,636,18,0,18,654
04/27/2006,CMH,OH,AGL,CE,Combined TRACON& Tower with Radar,145,261,72,1,479,0,1,168,7,176,145,262,240,8,655,18,0,18,673
04/28/2006,CMH,OH,AGL,CE,Combined TRACON& Tower with Radar,148,258,62,1,469,0,1,112,8,121,148,259,174,9,590,0,0,0,590
04/29/2006,CMH,OH,AGL,CE,Combined TRACON& Tower with Radar,116,170,41,0,327,0,0,79,6,85,116,170,120,6,412,24,0,24,436
04/30/2006,CMH,OH,AGL,CE,Combined TRACON& Tower with Radar,127,212,52,1,392,0,0,113,7,120,127,212,165,8,512,12,0,12,524
05/01/2006,CMH,OH,AGL,CE,Combined TRACON& Tower with Radar,143,242,77,2,464,0,0,0,0,0,143,242,77,2,464,30,0,30,494
05/02/2006,CMH,OH,AGL,CE,Combined TRACON& Tower with Radar,148,255,88,2,493,0,0,128,2,130,148,255,216,4,623,16,0,16,639
05/03/2006,CMH,OH,AGL,CE,Combined TRACON& Tower with Radar,145,241,99,4,489,0,0,104,11,115,145,241,203,15,604,40,0,40,644
05/04/2006,CMH,OH,AGL,CE,Combined TRACON& Tower with Radar,149,163,87,0,399,0,0,111,5,116,149,163,198,5,515,24,0,24,539
05/05/2006,CMH,OH,AGL,CE,Combined TRACON& Tower with Radar,148,251,92,0,491,0,1,89,7,97,148,252,181,7,588,0,0,0,588
05/06/2006,CMH,OH,AGL,CE,Combined TRACON& Tower with Radar,112,182,26,0,320,0,2,69,7,78,112,184,95,7,398,10,0,10,408
05/07/2006,CMH,OH,AGL,CE,Combined TRACON& Tower with Radar,137,204,46,2,389,0,0,0,0,0,137,204,46,2,389,24,0,24,413
05/08/2006,CMH,OH,AGL,CE,Combined TRACON& Tower with Radar,149,232,80,0,461,0,1,130,8,139,149,233,210,8,600,16,0,16,616
05/09/2006,CMH,OH,AGL,CE,Combined TRACON& Tower with Radar,140,238,73,0,451,0,1,88,8,97,140,239,161,8,548,40,0,40,588
05/10/2006,CMH,OH,AGL,CE,Combined TRACON& Tower with Radar,138,274,86,2,500,0,0,126,3,129,138,274,212,5,629,16,0,16,645
05/11/2006,CMH,OH,AGL,CE,Combined TRACON& Tower with Radar,138,260,59,0,457,0,0,0,0,0,138,260,59,0,457,35,0,35,492
05/12/2006,CMH,OH,AGL,CE,Combined TRACON& Tower with Radar,149,254,86,0,489,0,0,25,3,28,149,254,111,3,517,0,0,0,517
05/13/2006,CMH,OH,AGL,CE,Combined TRACON& Tower with Radar,114,172,32,0,318,0,0,115,1,116,114,172,147,1,434,10,0,10,444
05/14/2006,CMH,OH,AGL,CE,Combined TRACON& Tower with Radar,134,214,40,1,389,0,0,96,0,96,134,214,136,1,485,12,0,12,497
05/15/2006,CMH,OH,AGL,CE,Combined TRACON& Tower with Radar,146,242,97,0,485,0,0,144,0,144,146,242,241,0,629,14,0,14,643
05/16/2006,CMH,OH,AGL,CE,Combined TRACON& Tower with Radar,140,238,91,4,473,0,0,136,5,141,140,238,227,9,614,10,0,10,624
05/17/2006,CMH,OH,AGL,CE,Combined TRACON& Tower with Radar,148,223,111,0,482,0,50,92,3,145,148,273,203,3,627,6,0,6,633
05/18/2006,CMH,OH,AGL,CE,Combined TRACON& Tower with Radar,145,244,112,0,501,0,0,96,0,96,145,244,208,0,597,10,0,10,607
05/19/2006,CMH,OH,AGL,CE,Combined TRACON& Tower with Radar,139,262,114,6,521,0,0,59,6,65,139,262,173,12,586,0,0,0,586
05/20/2006,CMH,OH,AGL,CE,Combined TRACON& Tower with Radar,117,191,152,0,460,0,1,243,10,254,117,192,395,10,714,18,0,18,732
05/21/2006,CMH,OH,AGL,CE,Combined TRACON& Tower with Radar,132,226,125,0,483,0,0,169,0,169,132,226,294,0,652,36,0,36,688
05/22/2006,CMH,OH,AGL,CE,Combined TRACON& Tower with Radar,148,234,97,0,479,0,2,182,3,187,148,236,279,3,666,10,0,10,676
05/23/2006,CMH,OH,AGL,CE,Combined TRACON& Tower with Radar,139,268,63,0,470,0,0,208,0,208,139,268,271,0,678,16,0,16,694
05/24/2006,CMH,OH,AGL,CE,Combined TRACON& Tower with Radar,141,266,118,2,527,0,1,109,9,119,141,267,227,11,646,24,0,24,670
05/25/2006,CMH,OH,AGL,CE,Combined TRACON& Tower with Radar,146,251,94,0,491,0,0,0,0,0,146,251,94,0,491,20,0,20,511
05/26/2006,CMH,OH,AGL,CE,Combined TRACON& Tower with Radar,146,244,79,0,469,0,1,39,1,41,146,245,118,1,510,0,0,0,510
05/27/2006,CMH,OH,AGL,CE,Combined TRACON& Tower with Radar,113,193,30,0,336,0,0,66,0,66,113,193,96,0,402,10,0,10,412
05/28/2006,CMH,OH,AGL,CE,Combined TRACON& Tower with Radar,112,192,27,0,331,0,0,111,10,121,112,192,138,10,452,16,0,16,468
05/29/2006,CMH,OH,AGL,CE,Combined TRACON& Tower with Radar,129,230,41,0,400,0,0,0,0,0,129,230,41,0,400,30,0,30,430
05/30/2006,CMH,OH,AGL,CE,Combined TRACON& Tower with Radar,144,243,84,0,471,0,0,172,7,179,144,243,256,7,650,24,0,24,674
05/31/2006,CMH,OH,AGL,CE,Combined TRACON& Tower with Radar,141,268,87,2,498,0,1,177,4,182,141,269,264,6,680,20,0,20,700
06/01/2006,CMH,OH,AGL,CE,Combined TRACON& Tower with Radar,144,241,60,0,445,0,0,0,0,0,144,241,60,0,445,20,0,20,465
06/02/2006,CMH,OH,AGL,CE,Combined TRACON& Tower with Radar,140,217,80,0,437,0,0,19,1,20,140,217,99,1,457,0,0,0,457
06/03/2006,CMH,OH,AGL,CE,Combined TRACON& Tower with Radar,114,184,32,2,332,0,5,71,7,83,114,189,103,9,415,10,0,10,425
06/04/2006,CMH,OH,AGL,CE,Combined TRACON& Tower with Radar,0,0,33,0,33,0,0,0,0,0,0,0,33,0,33,22,0,22,55
06/05/2006,CMH,OH,AGL,CE,Combined TRACON& Tower with Radar,147,252,99,3,501,0,0,0,0,0,147,252,99,3,501,24,0,24,525
06/06/2006,CMH,OH,AGL,CE,Combined TRACON& Tower with Radar,143,264,67,2,476,0,0,192,7,199,143,264,259,9,675,30,0,30,705
06/07/2006,CMH,OH,AGL,CE,Combined TRACON& Tower with Radar,134,271,94,0,499,0,0,29,3,32,134,271,123,3,531,14,0,14,545
06/08/2006,CMH,OH,AGL,CE,Combined TRACON& Tower with Radar,137,261,101,2,501,0,0,159,3,162,137,261,260,5,663,16,0,16,679
06/09/2006,CMH,OH,AGL,CE,Combined TRACON& Tower with Radar,138,234,82,2,456,0,1,82,7,90,138,235,164,9,546,75,0,75,621
06/10/2006,CMH,OH,AGL,CE,Combined TRACON& Tower with Radar,112,188,48,0,348,0,0,45,8,53,112,188,93,8,401,8,0,8,409
06/11/2006,CMH,OH,AGL,CE,Combined TRACON& Tower with Radar,121,204,30,1,356,0,1,76,9,86,121,205,106,10,442,16,0,16,458
06/12/2006,CMH,OH,AGL,CE,Combined TRACON& Tower with Radar,135,224,66,4,429,0,4,122,7,133,135,228,188,11,562,0,0,0,562
06/13/2006,CMH,OH,AGL,CE,Combined TRACON& Tower with Radar,136,277,68,2,483,0,2,142,7,151,136,279,210,9,634,16,0,16,650
06/14/2006,CMH,OH,AGL,CE,Combined TRACON& Tower with Radar,131,273,67,0,471,0,0,188,4,192,131,273,255,4,663,22,0,22,685
06/15/2006,CMH,OH,AGL,CE,Combined TRACON& Tower with Radar,136,266,86,0,488,0,7,176,9,192,136,273,262,9,680,24,0,24,704
06/16/2006,CMH,OH,AGL,CE,Combined TRACON& Tower with Radar,135,263,67,1,466,0,1,105,5,111,135,264,172,6,577,0,0,0,577
06/17/2006,CMH,OH,AGL,CE,Combined TRACON& Tower with Radar,118,165,40,0,323,0,2,115,3,120,118,167,155,3,443,10,0,10,453
06/18/2006,CMH,OH,AGL,CE,Combined TRACON& Tower with Radar,122,204,37,0,363,0,0,92,0,92,122,204,129,0,455,20,0,20,475
06/19/2006,CMH,OH,AGL,CE,Combined TRACON& Tower with Radar,142,241,81,0,464,0,0,156,1,157,142,241,237,1,621,0,0,0,621
06/20/2006,CMH,OH,AGL,CE,Combined TRACON& Tower with Radar,143,268,73,1,485,0,0,246,0,246,143,268,319,1,731,34,0,34,765
06/21/2006,CMH,OH,AGL,CE,Combined TRACON& Tower with Radar,130,245,88,2,465,0,0,202,0,202,130,245,290,2,667,48,0,48,715
06/22/2006,CMH,OH,AGL,CE,Combined TRACON& Tower with Radar,143,260,80,4,487,0,0,0,0,0,143,260,80,4,487,20,0,20,507
06/23/2006,CMH,OH,AGL,CE,Combined TRACON& Tower with Radar,140,246,92,0,478,0,0,22,4,26,140,246,114,4,504,0,0,0,504
06/24/2006,CMH,OH,AGL,CE,Combined TRACON& Tower with Radar,116,184,38,0,338,0,1,170,4,175,116,185,208,4,513,10,0,10,523
06/25/2006,CMH,OH,AGL,CE,Combined TRACON& Tower with Radar,135,198,40,0,373,0,1,75,8,84,135,199,115,8,457,24,0,24,481
06/26/2006,CMH,OH,AGL,CE,Combined TRACON& Tower with Radar,136,247,72,0,455,0,0,0,0,0,136,247,72,0,455,30,0,30,485
06/27/2006,CMH,OH,AGL,CE,Combined TRACON& Tower with Radar,136,256,74,4,470,0,0,179,0,179,136,256,253,4,649,30,0,30,679
06/28/2006,CMH,OH,AGL,CE,Combined TRACON& Tower with Radar,141,255,84,2,482,0,4,48,4,56,141,259,132,6,538,16,0,16,554
06/29/2006,CMH,OH,AGL,CE,Combined TRACON& Tower with Radar,135,272,106,1,514,0,9,147,3,159,135,281,253,4,673,36,0,36,709
06/30/2006,CMH,OH,AGL,CE,Combined TRACON& Tower with Radar,137,245,87,2,471,0,7,79,6,92,137,252,166,8,563,0,0,0,563
07/01/2006,CMH,OH,AGL,CE,Combined TRACON& Tower with Radar,120,180,37,24,361,0,1,63,5,69,120,181,100,29,430,10,0,10,440
07/02/2006,CMH,OH,AGL,CE,Combined TRACON& Tower with Radar,130,188,36,3,357,0,0,64,17,81,130,188,100,20,438,1,451,452,890
07/03/2006,CMH,OH,AGL,CE,Combined TRACON& Tower with Radar,117,218,23,1,359,0,0,93,1,94,117,218,116,2,453,16,2,18,471
07/04/2006,CMH,OH,AGL,CE,Combined TRACON& Tower with Radar,132,213,19,0,364,0,2,29,1,32,132,215,48,1,396,0,0,0,396
07/05/2006,CMH,OH,AGL,CE,Combined TRACON& Tower with Radar,140,240,88,1,469,0,0,142,5,147,140,240,230,6,616,43,1,44,660
07/06/2006,CMH,OH,AGL,CE,Combined TRACON& Tower with Radar,142,264,67,0,473,0,0,0,0,0,142,264,67,0,473,40,0,40,513
07/07/2006,CMH,OH,AGL,CE,Combined TRACON& Tower with Radar,144,260,58,1,463,0,0,104,5,109,144,260,162,6,572,104,3,107,679
07/08/2006,CMH,OH,AGL,CE,Combined TRACON& Tower with Radar,129,174,37,19,359,0,2,84,11,97,129,176,121,30,456,10,0,10,466
07/09/2006,CMH,OH,AGL,CE,Combined TRACON& Tower with Radar,134,213,46,0,393,0,0,126,7,133,134,213,172,7,526,20,0,20,546
07/10/2006,CMH,OH,AGL,CE,Combined TRACON& Tower with Radar,144,236,58,1,439,0,0,120,12,132,144,236,178,13,571,16,0,16,587
07/11/2006,CMH,OH,AGL,CE,Combined TRACON& Tower with Radar,145,240,70,0,455,0,0,88,0,88,145,240,158,0,543,14,0,14,557
07/12/2006,CMH,OH,AGL,CE,Combined TRACON& Tower with Radar,143,250,87,0,480,0,0,120,2,122,143,250,207,2,602,20,0,20,622
07/13/2006,CMH,OH,AGL,CE,Combined TRACON& Tower with Radar,141,256,84,1,482,0,1,84,8,93,141,257,168,9,575,8,0,8,583
07/14/2006,CMH,OH,AGL,CE,Combined TRACON& Tower with Radar,143,244,70,1,458,0,2,27,5,34,143,246,97,6,492,0,0,0,492
07/15/2006,CMH,OH,AGL,CE,Combined TRACON& Tower with Radar,126,177,39,0,342,0,0,125,6,131,126,177,164,6,473,10,0,10,483
07/16/2006,CMH,OH,AGL,CE,Combined TRACON& Tower with Radar,134,208,37,2,381,0,0,179,6,185,134,208,216,8,566,24,0,24,590
07/17/2006,CMH,OH,AGL,CE,Combined TRACON& Tower with Radar,143,240,63,0,446,0,1,159,7,167,143,241,222,7,613,10,0,10,623
07/18/2006,CMH,OH,AGL,CE,Combined TRACON& Tower with Radar,140,267,79,0,486,0,0,48,2,50,140,267,127,2,536,26,0,26,562
07/19/2006,CMH,OH,AGL,CE,Combined TRACON& Tower with Radar,141,259,121,0,521,0,1,128,8,137,141,260,249,8,658,16,0,16,674
07/20/2006,CMH,OH,AGL,CE,Combined TRACON& Tower with Radar,137,258,75,0,470,0,0,0,0,0,137,258,75,0,470,20,0,20,490
07/21/2006,CMH,OH,AGL,CE,Combined TRACON& Tower with Radar,139,231,80,0,450,0,0,64,7,71,139,231,144,7,521,0,0,0,521
07/22/2006,CMH,OH,AGL,CE,Combined TRACON& Tower with Radar,129,183,49,0,361,0,0,34,5,39,129,183,83,5,400,0,0,0,400
07/23/2006,CMH,OH,AGL,CE,Combined TRACON& Tower with Radar,130,216,36,1,383,0,0,0,0,0,130,216,36,1,383,39,0,39,422
07/24/2006,CMH,OH,AGL,CE,Combined TRACON& Tower with Radar,0,0,0,0,0,144,234,218,3,599,144,234,218,3,599,24,0,24,623
07/25/2006,CMH,OH,AGL,CE,Combined TRACON& Tower with Radar,142,240,76,7,465,0,0,241,5,246,142,240,317,12,711,24,0,24,735
07/26/2006,CMH,OH,AGL,CE,Combined TRACON& Tower with Radar,146,254,71,0,471,0,0,191,4,195,146,254,262,4,666,20,0,20,686
07/27/2006,CMH,OH,AGL,CE,Combined TRACON& Tower with Radar,137,237,73,0,447,0,0,119,1,120,137,237,192,1,567,14,0,14,581
07/28/2006,CMH,OH,AGL,CE,Combined TRACON& Tower with Radar,144,238,71,0,453,0,0,38,5,43,144,238,109,5,496,20,0,20,516
07/29/2006,CMH,OH,AGL,CE,Combined TRACON& Tower with Radar,129,173,54,0,356,0,0,78,6,84,129,173,132,6,440,14,0,14,454
07/30/2006,CMH,OH,AGL,CE,Combined TRACON& Tower with Radar,143,211,41,3,398,0,1,55,3,59,143,212,96,6,457,15,0,15,472
07/31/2006,CMH,OH,AGL,CE,Combined TRACON& Tower with Radar,144,253,78,0,475,0,0,122,5,127,144,253,200,5,602,45,0,45,647
08/01/2006,CMH,OH,AGL,CE,Combined TRACON& Tower with Radar,143,272,72,0,487,0,1,162,4,167,143,273,234,4,654,22,0,22,676
08/02/2006,CMH,OH,AGL,CE,Combined TRACON& Tower with Radar,137,231,89,0,457,0,1,142,6,149,137,232,231,6,606,14,0,14,620
08/03/2006,CMH,OH,AGL,CE,Combined TRACON& Tower with Radar,148,238,80,2,468,0,0,114,0,114,148,238,194,2,582,10,0,10,592
08/04/2006,CMH,OH,AGL,CE,Combined TRACON& Tower with Radar,146,240,85,0,471,0,0,0,0,0,146,240,85,0,471,26,0,26,497
08/05/2006,CMH,OH,AGL,CE,Combined TRACON& Tower with Radar,0,10,22,0,32,0,0,32,12,44,0,10,54,12,76,35,13,48,124
08/06/2006,CMH,OH,AGL,CE,Combined TRACON& Tower with Radar,130,202,41,0,373,0,0,93,9,102,130,202,134,9,475,24,0,24,499
08/07/2006,CMH,OH,AGL,CE,Combined TRACON& Tower with Radar,143,228,61,0,432,0,0,99,1,100,143,228,160,1,532,40,0,40,572
08/08/2006,CMH,OH,AGL,CE,Combined TRACON& Tower with Radar,148,265,76,0,489,0,3,92,5,100,148,268,168,5,589,0,0,0,589
08/09/2006,CMH,OH,AGL,CE,Combined TRACON& Tower with Radar,140,251,99,0,490,0,4,138,8,150,140,255,237,8,640,22,0,22,662
08/10/2006,CMH,OH,AGL,CE,Combined TRACON& Tower with Radar,138,259,100,0,497,0,1,99,1,101,138,260,199,1,598,10,0,10,608
08/11/2006,CMH,OH,AGL,CE,Combined TRACON& Tower with Radar,148,257,66,0,471,0,2,151,3,156,148,259,217,3,627,0,0,0,627
08/12/2006,CMH,OH,AGL,CE,Combined TRACON& Tower with Radar,123,185,37,0,345,0,0,71,11,82,123,185,108,11,427,27,0,27,454
08/13/2006,CMH,OH,AGL,CE,Combined TRACON& Tower with Radar,137,209,35,0,381,0,0,191,2,193,137,209,226,2,574,20,0,20,594
08/14/2006,CMH,OH,AGL,CE,Combined TRACON& Tower with Radar,143,264,72,0,479,0,1,37,7,45,143,265,109,7,524,0,0,0,524
08/15/2006,CMH,OH,AGL,CE,Combined TRACON& Tower with Radar,143,264,72,0,479,0,1,226,7,234,143,265,298,7,713,16,0,16,729
08/16/2006,CMH,OH,AGL,CE,Combined TRACON& Tower with Radar,141,269,78,4,492,0,4,125,9,138,141,273,203,13,630,16,0,16,646
08/17/2006,CMH,OH,AGL,CE,Combined TRACON& Tower with Radar,142,271,89,0,502,0,2,165,7,174,142,273,254,7,676,10,0,10,686
08/18/2006,CMH,OH,AGL,CE,Combined TRACON& Tower with Radar,143,245,80,0,468,0,0,0,0,0,143,245,80,0,468,22,0,22,490
08/19/2006,CMH,OH,AGL,CE,Combined TRACON& Tower with Radar,129,192,21,0,342,0,0,0,0,0,129,192,21,0,342,22,0,22,364
08/20/2006,CMH,OH,AGL,CE,Combined TRACON& Tower with Radar,135,205,32,0,372,0,0,0,0,0,135,205,32,0,372,40,0,40,412
08/21/2006,CMH,OH,AGL,CE,Combined TRACON& Tower with Radar,144,249,80,0,473,0,0,74,7,81,144,249,154,7,554,0,0,0,554
08/22/2006,CMH,OH,AGL,CE,Combined TRACON& Tower with Radar,147,240,94,0,481,0,2,157,9,168,147,242,251,9,649,22,0,22,671
08/23/2006,CMH,OH,AGL,CE,Combined TRACON& Tower with Radar,151,248,90,5,494,0,0,158,7,165,151,248,248,12,659,24,0,24,683
08/24/2006,CMH,OH,AGL,CE,Combined TRACON& Tower with Radar,146,248,89,0,483,0,1,146,1,148,146,249,235,1,631,26,0,26,657
08/25/2006,CMH,OH,AGL,CE,Combined TRACON& Tower with Radar,154,257,72,0,483,0,0,0,0,0,154,257,72,0,483,22,0,22,505
08/26/2006,CMH,OH,AGL,CE,Combined TRACON& Tower with Radar,0,0,32,0,32,0,0,0,0,0,0,0,32,0,32,26,6,32,64
08/27/2006,CMH,OH,AGL,CE,Combined TRACON& Tower with Radar,137,201,37,1,376,0,0,0,0,0,137,201,37,1,376,34,0,34,410
08/28/2006,CMH,OH,AGL,CE,Combined TRACON& Tower with Radar,151,224,66,1,442,0,0,171,1,172,151,224,237,2,614,16,0,16,630
08/29/2006,CMH,OH,AGL,CE,Combined TRACON& Tower with Radar,147,250,76,3,476,0,0,50,3,53,147,250,126,6,529,10,0,10,539
08/30/2006,CMH,OH,AGL,CE,Combined TRACON& Tower with Radar,145,248,83,2,478,0,0,42,3,45,145,248,125,5,523,10,0,10,533
08/31/2006,CMH,OH,AGL,CE,Combined TRACON& Tower with Radar,147,257,96,4,504,0,1,137,3,141,147,258,233,7,645,10,0,10,655
09/01/2006,CMH,OH,AGL,CE,Combined TRACON& Tower with Radar,151,243,70,2,466,0,0,0,0,0,151,243,70,2,466,20,0,20,486
09/02/2006,CMH,OH,AGL,CE,Combined TRACON& Tower with Radar,0,2,28,0,30,0,0,0,4,4,0,2,28,4,34,25,21,46,80
09/03/2006,CMH,OH,AGL,CE,Combined TRACON& Tower with Radar,123,177,25,0,325,0,0,40,1,41,123,177,65,1,366,10,0,10,376
09/04/2006,CMH,OH,AGL,CE,Combined TRACON& Tower with Radar,0,0,0,0,0,141,211,80,8,440,141,211,80,8,440,6,0,6,446
09/05/2006,CMH,OH,AGL,CE,Combined TRACON& Tower with Radar,145,227,100,1,473,0,0,137,1,138,145,227,237,2,611,16,0,16,627
09/06/2006,CMH,OH,AGL,CE,Combined TRACON& Tower with Radar,164,231,101,1,497,0,0,146,2,148,164,231,247,3,645,22,0,22,667
09/07/2006,CMH,OH,AGL,CE,Combined TRACON& Tower with Radar,161,244,77,0,482,0,1,111,2,114,161,245,188,2,596,16,0,16,612
09/08/2006,CMH,OH,AGL,CE,Combined TRACON& Tower with Radar,170,250,59,0,479,0,1,111,2,114,170,251,170,2,593,0,0,0,593
09/09/2006,CMH,OH,AGL,CE,Combined TRACON& Tower with Radar,0,0,32,0,32,0,0,0,21,21,0,0,32,21,53,23,5,28,81
09/10/2006,CMH,OH,AGL,CE,Combined TRACON& Tower with Radar,159,220,43,0,422,0,0,147,6,153,159,220,190,6,575,36,0,36,611
09/11/2006,CMH,OH,AGL,CE,Combined TRACON& Tower with Radar,155,232,92,0,479,0,0,66,10,76,155,232,158,10,555,16,0,16,571
09/12/2006,CMH,OH,AGL,CE,Combined TRACON& Tower with Radar,146,232,83,0,461,0,1,52,3,56,146,233,135,3,517,0,0,0,517
09/13/2006,CMH,OH,AGL,CE,Combined TRACON& Tower with Radar,156,229,89,0,474,0,17,46,0,63,156,246,135,0,537,0,0,0,537
09/14/2006,CMH,OH,AGL,CE,Combined TRACON& Tower with Radar,152,271,102,2,527,0,1,164,6,171,152,272,266,8,698,30,0,30,728
09/15/2006,CMH,OH,AGL,CE,Combined TRACON& Tower with Radar,154,250,81,1,486,0,0,0,0,0,154,250,81,1,486,22,0,22,508
09/16/2006,CMH,OH,AGL,CE,Combined TRACON& Tower with Radar,132,168,46,0,346,0,0,0,0,0,132,168,46,0,346,73,0,73,419
09/17/2006,CMH,OH,AGL,CE,Combined TRACON& Tower with Radar,148,214,50,4,416,0,1,144,4,149,148,215,194,8,565,36,2,38,603
09/18/2006,CMH,OH,AGL,CE,Combined TRACON& Tower with Radar,160,234,73,0,467,0,0,21,0,21,160,234,94,0,488,0,0,0,488
09/19/2006,CMH,OH,AGL,CE,Combined TRACON& Tower with Radar,160,234,73,0,467,0,0,82,0,82,160,234,155,0,549,14,0,14,563
09/20/2006,CMH,OH,AGL,CE,Combined TRACON& Tower with Radar,151,245,112,2,510,0,1,185,1,187,151,246,297,3,697,28,0,28,725
09/21/2006,CMH,OH,AGL,CE,Combined TRACON& Tower with Radar,162,255,100,0,517,0,0,168,7,175,162,255,268,7,692,30,0,30,722
09/22/2006,CMH,OH,AGL,CE,Combined TRACON& Tower with Radar,161,255,89,1,506,0,0,107,4,111,161,255,196,5,617,0,0,0,617
09/23/2006,CMH,OH,AGL,CE,Combined TRACON& Tower with Radar,123,186,31,0,340,0,0,50,4,54,123,186,81,4,394,74,0,74,468
09/24/2006,CMH,OH,AGL,CE,Combined TRACON& Tower with Radar,155,202,52,1,410,0,2,130,9,141,155,204,182,10,551,12,0,12,563
09/25/2006,CMH,OH,AGL,CE,Combined TRACON& Tower with Radar,164,230,82,4,480,0,0,60,9,69,164,230,142,13,549,0,0,0,549
09/26/2006,CMH,OH,AGL,CE,Combined TRACON& Tower with Radar,164,258,91,4,517,0,0,170,4,174,164,258,261,8,691,20,0,20,711
09/27/2006,CMH,OH,AGL,CE,Combined TRACON& Tower with Radar,167,230,91,1,489,0,1,155,6,162,167,231,246,7,651,14,0,14,665
09/28/2006,CMH,OH,AGL,CE,Combined TRACON& Tower with Radar,158,249,95,2,504,0,1,70,3,74,158,250,165,5,578,24,0,24,602
09/29/2006,CMH,OH,AGL,CE,Combined TRACON& Tower with Radar,173,247,89,1,510,0,0,0,0,0,173,247,89,1,510,20,0,20,530
09/30/2006,CMH,OH,AGL,CE,Combined TRACON& Tower with Radar,130,158,31,0,319,0,0,0,0,0,130,158,31,0,319,36,0,36,355
10/01/2006,CMH,OH,AGL,CE,Combined TRACON& Tower with Radar,145,189,58,0,392,0,1,128,1,130,145,190,186,1,522,10,0,10,532
10/02/2006,CMH,OH,AGL,CE,Combined TRACON& Tower with Radar,160,223,79,0,462,0,0,70,3,73,160,223,149,3,535,0,0,0,535
10/03/2006,CMH,OH,AGL,CE,Combined TRACON& Tower with Radar,168,245,108,0,521,0,0,146,5,151,168,245,254,5,672,12,0,12,684
10/04/2006,CMH,OH,AGL,CE,Combined TRACON& Tower with Radar,155,233,104,0,492,0,2,82,1,85,155,235,186,1,577,10,0,10,587
10/05/2006,CMH,OH,AGL,CE,Combined TRACON& Tower with Radar,170,275,143,0,588,0,0,0,0,0,170,275,143,0,588,6,0,6,594
10/06/2006,CMH,OH,AGL,CE,Combined TRACON& Tower with Radar,161,235,104,1,501,0,0,0,0,0,161,235,104,1,501,64,0,64,565
10/07/2006,CMH,OH,AGL,CE,Combined TRACON& Tower with Radar,134,180,48,2,364,0,1,70,4,75,134,181,118,6,439,30,0,30,469
10/08/2006,CMH,OH,AGL,CE,Combined TRACON& Tower with Radar,147,214,65,1,427,0,1,163,14,178,147,215,228,15,605,18,0,18,623
10/09/2006,CMH,OH,AGL,CE,Combined TRACON& Tower with Radar,167,235,106,1,509,0,1,80,6,87,167,236,186,7,596,16,0,16,612
10/10/2006,CMH,OH,AGL,CE,Combined TRACON& Tower with Radar,167,235,106,1,509,0,1,156,6,163,167,236,262,7,672,20,2,22,694
10/11/2006,CMH,OH,AGL,CE,Combined TRACON& Tower with Radar,158,245,70,0,473,0,0,98,4,102,158,245,168,4,575,10,0,10,585
10/12/2006,CMH,OH,AGL,CE,Combined TRACON& Tower with Radar,165,257,77,6,505,0,1,112,3,116,165,258,189,9,621,10,0,10,631
10/13/2006,CMH,OH,AGL,CE,Combined TRACON& Tower with Radar,169,213,74,0,456,0,0,0,0,0,169,213,74,0,456,14,0,14,470
10/14/2006,CMH,OH,AGL,CE,Combined TRACON& Tower with Radar,125,178,33,1,337,0,0,0,0,0,125,178,33,1,337,33,0,33,370
10/15/2006,CMH,OH,AGL,CE,Combined TRACON& Tower with Radar,143,216,61,1,421,0,0,114,4,118,143,216,175,5,539,12,0,12,551
10/16/2006,CMH,OH,AGL,CE,Combined TRACON& Tower with Radar,164,233,86,4,487,0,2,65,2,69,164,235,151,6,556,12,0,12,568
10/17/2006,CMH,OH,AGL,CE,Combined TRACON& Tower with Radar,157,224,88,0,469,0,0,108,0,108,157,224,196,0,577,8,0,8,585
10/18/2006,CMH,OH,AGL,CE,Combined TRACON& Tower with Radar,159,244,125,3,531,0,0,99,3,102,159,244,224,6,633,12,0,12,645
10/19/2006,CMH,OH,AGL,CE,Combined TRACON& Tower with Radar,167,249,92,2,510,0,1,14,0,15,167,250,106,2,525,10,0,10,535
10/20/2006,CMH,OH,AGL,CE,Combined TRACON& Tower with Radar,163,236,98,0,497,0,0,50,3,53,163,236,148,3,550,0,0,0,550
10/21/2006,CMH,OH,AGL,CE,Combined TRACON& Tower with Radar,130,184,37,0,351,0,0,71,6,77,130,184,108,6,428,0,0,0,428
10/22/2006,CMH,OH,AGL,CE,Combined TRACON& Tower with Radar,149,203,60,0,412,0,0,0,0,0,149,203,60,0,412,40,0,40,452
10/23/2006,CMH,OH,AGL,CE,Combined TRACON& Tower with Radar,162,250,84,2,498,0,0,149,1,150,162,250,233,3,648,12,0,12,660
10/24/2006,CMH,OH,AGL,CE,Combined TRACON& Tower with Radar,161,268,72,4,505,0,0,106,6,112,161,268,178,10,617,14,0,14,631
10/25/2006,CMH,OH,AGL,CE,Combined TRACON& Tower with Radar,165,275,118,3,561,0,2,216,8,226,165,277,334,11,787,26,0,26,813
10/26/2006,CMH,OH,AGL,CE,Combined TRACON& Tower with Radar,152,261,80,0,493,0,1,129,8,138,152,262,209,8,631,12,0,12,643
10/27/2006,CMH,OH,AGL,CE,Combined TRACON& Tower with Radar,165,246,86,0,497,0,0,0,0,0,165,246,86,0,497,10,0,10,507
10/28/2006,CMH,OH,AGL,CE,Combined TRACON& Tower with Radar,138,179,27,0,344,0,0,0,0,0,138,179,27,0,344,12,0,12,356
10/29/2006,CMH,OH,AGL,CE,Combined TRACON& Tower with Radar,137,221,36,0,394,0,1,104,3,108,137,222,140,3,502,10,0,10,512
10/30/2006,CMH,OH,AGL,CE,Combined TRACON& Tower with Radar,158,232,80,0,470,0,4,69,3,76,158,236,149,3,546,0,0,0,546
10/31/2006,CMH,OH,AGL,CE,Combined TRACON& Tower with Radar,159,242,69,0,470,0,4,139,2,145,159,246,208,2,615,16,0,16,631
11/01/2006,CMH,OH,AGL,CE,Combined TRACON& Tower with Radar,160,274,91,0,525,0,2,108,0,110,160,276,199,0,635,18,0,18,653
11/02/2006,CMH,OH,AGL,CE,Combined TRACON& Tower with Radar,0,0,86,0,86,0,0,0,0,0,0,0,86,0,86,0,0,0,86
11/03/2006,CMH,OH,AGL,CE,Combined TRACON& Tower with Radar,159,254,100,0,513,0,1,97,8,106,159,255,197,8,619,0,0,0,619
11/04/2006,CMH,OH,AGL,CE,Combined TRACON& Tower with Radar,129,199,27,0,355,0,0,0,0,0,129,199,27,0,355,30,0,30,385
11/05/2006,CMH,OH,AGL,CE,Combined TRACON& Tower with Radar,0,0,0,0,0,130,224,193,5,552,130,224,193,5,552,12,0,12,564
11/06/2006,CMH,OH,AGL,CE,Combined TRACON& Tower with Radar,155,260,80,4,499,0,0,53,5,58,155,260,133,9,557,0,0,0,557
11/07/2006,CMH,OH,AGL,CE,Combined TRACON& Tower with Radar,160,262,69,0,491,0,2,91,4,97,160,264,160,4,588,16,0,16,604
11/08/2006,CMH,OH,AGL,CE,Combined TRACON& Tower with Radar,155,252,93,0,500,0,2,128,4,134,155,254,221,4,634,22,0,22,656
11/09/2006,CMH,OH,AGL,CE,Combined TRACON& Tower with Radar,162,284,88,1,535,0,0,63,2,65,162,284,151,3,600,0,0,0,600
11/10/2006,CMH,OH,AGL,CE,Combined TRACON& Tower with Radar,162,278,98,0,538,0,0,0,0,0,162,278,98,0,538,27,0,27,565
11/11/2006,CMH,OH,AGL,CE,Combined TRACON& Tower with Radar,132,185,30,0,347,0,0,0,0,0,132,185,30,0,347,8,0,8,355
11/12/2006,CMH,OH,AGL,CE,Combined TRACON& Tower with Radar,135,223,45,1,404,0,1,39,7,47,135,224,84,8,451,10,0,10,461
11/13/2006,CMH,OH,AGL,CE,Combined TRACON& Tower with Radar,149,244,75,0,468,0,1,33,3,37,149,245,108,3,505,0,0,0,505
11/14/2006,CMH,OH,AGL,CE,Combined TRACON& Tower with Radar,160,241,83,1,485,0,1,130,0,131,160,242,213,1,616,24,0,24,640
11/15/2006,CMH,OH,AGL,CE,Combined TRACON& Tower with Radar,155,268,74,2,499,0,0,101,1,102,155,268,175,3,601,32,0,32,633
11/16/2006,CMH,OH,AGL,CE,Combined TRACON& Tower with Radar,154,256,86,4,500,0,1,18,3,22,154,257,104,7,522,0,0,0,522
11/17/2006,CMH,OH,AGL,CE,Combined TRACON& Tower with Radar,158,260,113,1,532,0,0,0,0,0,158,260,113,1,532,22,0,22,554
11/18/2006,CMH,OH,AGL,CE,Combined TRACON& Tower with Radar,132,234,73,1,440,0,2,51,7,60,132,236,124,8,500,0,0,0,500
11/19/2006,CMH,OH,AGL,CE,Combined TRACON& Tower with Radar,136,231,74,3,444,0,2,68,5,75,136,233,142,8,519,14,2,16,535
11/20/2006,CMH,OH,AGL,CE,Combined TRACON& Tower with Radar,159,257,91,0,507,0,1,148,4,153,159,258,239,4,660,22,0,22,682
11/21/2006,CMH,OH,AGL,CE,Combined TRACON& Tower with Radar,166,262,88,1,517,0,2,140,9,151,166,264,228,10,668,18,0,18,686
11/22/2006,CMH,OH,AGL,CE,Combined TRACON& Tower with Radar,162,262,50,0,474,0,0,138,7,145,162,262,188,7,619,28,0,28,647
11/23/2006,CMH,OH,AGL,CE,Combined TRACON& Tower with Radar,119,166,10,0,295,0,1,108,3,112,119,167,118,3,407,10,0,10,417
11/24/2006,CMH,OH,AGL,CE,Combined TRACON& Tower with Radar,131,176,20,0,327,0,2,146,6,154,131,178,166,6,481,16,0,16,497
11/25/2006,CMH,OH,AGL,CE,Combined TRACON& Tower with Radar,132,203,37,0,372,0,0,0,0,0,132,203,37,0,372,122,0,122,494
11/26/2006,CMH,OH,AGL,CE,Combined TRACON& Tower with Radar,149,253,70,0,472,0,0,121,1,122,149,253,191,1,594,20,0,20,614
11/27/2006,CMH,OH,AGL,CE,Combined TRACON& Tower with Radar,158,240,63,0,461,0,2,82,8,92,158,242,145,8,553,12,0,12,565
11/28/2006,CMH,OH,AGL,CE,Combined TRACON& Tower with Radar,167,248,83,2,500,49,197,167,96,509,216,445,250,98,1009,162,13,175,1184
11/29/2006,CMH,OH,AGL,CE,Combined TRACON& Tower with Radar,156,242,103,2,503,0,1,76,4,81,156,243,179,6,584,14,0,14,598
11/30/2006,CMH,OH,AGL,CE,Combined TRACON& Tower with Radar,156,256,89,2,503,0,1,117,2,120,156,257,206,4,623,16,0,16,639
12/01/2006,CMH,OH,AGL,CE,Combined TRACON& Tower with Radar,136,213,56,0,405,0,0,0,0,0,136,213,56,0,405,0,0,0,405
12/02/2006,CMH,OH,AGL,CE,Combined TRACON& Tower with Radar,136,197,51,5,389,0,0,0,0,0,136,197,51,5,389,20,0,20,409
12/03/2006,CMH,OH,AGL,CE,Combined TRACON& Tower with Radar,142,210,50,0,402,0,0,96,1,97,142,210,146,1,499,12,0,12,511
12/04/2006,CMH,OH,AGL,CE,Combined TRACON& Tower with Radar,161,245,66,0,472,0,0,48,8,56,161,245,114,8,528,0,0,0,528
12/05/2006,CMH,OH,AGL,CE,Combined TRACON& Tower with Radar,158,253,76,2,489,0,0,143,5,148,158,253,219,7,637,14,0,14,651
12/06/2006,CMH,OH,AGL,CE,Combined TRACON& Tower with Radar,155,267,107,0,529,0,0,41,6,47,155,267,148,6,576,10,0,10,586
12/07/2006,CMH,OH,AGL,CE,Combined TRACON& Tower with Radar,160,271,86,0,517,0,1,118,6,125,160,272,204,6,642,16,0,16,658
12/08/2006,CMH,OH,AGL,CE,Combined TRACON& Tower with Radar,157,257,88,2,504,0,1,53,2,56,157,258,141,4,560,0,0,0,560
12/09/2006,CMH,OH,AGL,CE,Combined TRACON& Tower with Radar,133,192,31,0,356,0,0,55,7,62,133,192,86,7,418,23,4,27,445
12/10/2006,CMH,OH,AGL,CE,Combined TRACON& Tower with Radar,138,233,49,0,420,0,0,130,5,135,138,233,179,5,555,22,0,22,577
12/11/2006,CMH,OH,AGL,CE,Combined TRACON& Tower with Radar,161,238,78,0,477,0,0,120,9,129,161,238,198,9,606,12,0,12,618
12/12/2006,CMH,OH,AGL,CE,Combined TRACON& Tower with Radar,162,248,70,0,480,0,1,129,4,134,162,249,199,4,614,14,0,14,628
12/13/2006,CMH,OH,AGL,CE,Combined TRACON& Tower with Radar,161,262,85,0,508,0,1,132,7,140,161,263,217,7,648,16,0,16,664
12/14/2006,CMH,OH,AGL,CE,Combined TRACON& Tower with Radar,154,244,83,0,481,0,0,116,6,122,154,244,199,6,603,16,0,16,619
12/15/2006,CMH,OH,AGL,CE,Combined TRACON& Tower with Radar,160,272,77,0,509,0,0,0,0,0,160,272,77,0,509,22,0,22,531
12/16/2006,CMH,OH,AGL,CE,Combined TRACON& Tower with Radar,127,201,30,0,358,0,0,0,0,0,127,201,30,0,358,26,0,26,384
12/17/2006,CMH,OH,AGL,CE,Combined TRACON& Tower with Radar,139,213,29,0,381,0,3,86,2,91,139,216,115,2,472,18,0,18,490
12/18/2006,CMH,OH,AGL,CE,Combined TRACON& Tower with Radar,158,279,106,2,545,0,0,143,3,146,158,279,249,5,691,22,0,22,713
12/19/2006,CMH,OH,AGL,CE,Combined TRACON& Tower with Radar,154,277,78,0,509,0,0,112,7,119,154,277,190,7,628,16,0,16,644
12/20/2006,CMH,OH,AGL,CE,Combined TRACON& Tower with Radar,147,266,76,0,489,0,2,122,8,132,147,268,198,8,621,24,0,24,645
12/21/2006,CMH,OH,AGL,CE,Combined TRACON& Tower with Radar,147,252,68,1,468,0,1,54,0,55,147,253,122,1,523,47,0,47,570
12/22/2006,CMH,OH,AGL,CE,Combined TRACON& Tower with Radar,155,233,55,0,443,0,1,3,1,5,155,234,58,1,448,10,0,10,458
12/23/2006,CMH,OH,AGL,CE,Combined TRACON& Tower with Radar,126,218,26,0,370,0,0,0,0,0,126,218,26,0,370,22,0,22,392
12/24/2006,CMH,OH,AGL,CE,Combined TRACON& Tower with Radar,125,184,16,0,325,0,3,43,3,49,125,187,59,3,374,12,0,12,386
12/25/2006,CMH,OH,AGL,CE,Combined TRACON& Tower with Radar,129,177,12,0,318,0,0,0,0,0,129,177,12,0,318,0,0,0,318
12/26/2006,CMH,OH,AGL,CE,Combined TRACON& Tower with Radar,159,218,33,0,410,0,1,14,3,18,159,219,47,3,428,10,0,10,438
12/27/2006,CMH,OH,AGL,CE,Combined TRACON& Tower with Radar,157,239,49,0,445,0,0,126,5,131,157,239,175,5,576,10,0,10,586
12/28/2006,CMH,OH,AGL,CE,Combined TRACON& Tower with Radar,156,253,46,0,455,0,1,69,9,79,156,254,115,9,534,16,0,16,550
12/29/2006,CMH,OH,AGL,CE,Combined TRACON& Tower with Radar,150,224,35,0,409,0,0,72,6,78,150,224,107,6,487,22,0,22,509
12/30/2006,CMH,OH,AGL,CE,Combined TRACON& Tower with Radar,136,202,23,0,361,0,0,0,0,0,136,202,23,0,361,25,0,25,386
12/31/2006,CMH,OH,AGL,CE,Combined TRACON& Tower with Radar,122,200,14,0,336,0,0,42,3,45,122,200,56,3,381,8,0,8,389
01/01/2007,CMH,OH,AGL,CE,Combined TRACON& Tower with Radar,134,190,17,0,341,0,0,22,3,25,134,190,39,3,366,2,0,2,368
01/02/2007,CMH,OH,AGL,CE,Combined TRACON& Tower with Radar,155,235,47,1,438,0,1,152,1,154,155,236,199,2,592,16,0,16,608
01/03/2007,CMH,OH,AGL,CE,Combined TRACON& Tower with Radar,150,243,86,0,479,0,3,100,7,110,150,246,186,7,589,16,0,16,605
01/04/2007,CMH,OH,AGL,CE,Combined TRACON& Tower with Radar,153,234,49,0,436,0,2,146,4,152,153,236,195,4,588,14,0,14,602
01/05/2007,CMH,OH,AGL,CE,Combined TRACON& Tower with Radar,0,0,0,0,0,0,0,0,0,0,0,0,0,0,0,25,35,60,60
01/06/2007,CMH,OH,AGL,CE,Combined TRACON& Tower with Radar,4,1,23,0,28,0,0,0,3,3,4,1,23,3,31,24,5,29,60
01/07/2007,CMH,OH,AGL,CE,Combined TRACON& Tower with Radar,137,216,31,0,384,0,0,57,0,57,137,216,88,0,441,4,0,4,445
01/08/2007,CMH,OH,AGL,CE,Combined TRACON& Tower with Radar,161,236,30,9,436,0,0,30,2,32,161,236,60,11,468,12,0,12,480
01/09/2007,CMH,OH,AGL,CE,Combined TRACON& Tower with Radar,184,261,58,4,507,0,2,41,4,47,184,263,99,8,554,10,4,14,568
01/10/2007,CMH,OH,AGL,CE,Combined TRACON& Tower with Radar,167,245,82,0,494,0,0,103,7,110,167,245,185,7,604,10,0,10,614
01/11/2007,CMH,OH,AGL,CE,Combined TRACON& Tower with Radar,153,250,59,2,464,0,1,168,6,175,153,251,227,8,639,16,0,16,655
01/12/2007,CMH,OH,AGL,CE,Combined TRACON& Tower with Radar,160,260,84,1,505,0,1,1,1,3,160,261,85,2,508,0,0,0,508
01/13/2007,CMH,OH,AGL,CE,Combined TRACON& Tower with Radar,5,3,5,0,13,0,0,0,3,3,5,3,5,3,16,0,0,0,16
01/14/2007,CMH,OH,AGL,CE,Combined TRACON& Tower with Radar,134,201,25,0,360,0,0,0,0,0,134,201,25,0,360,0,0,0,360
01/15/2007,CMH,OH,AGL,CE,Combined TRACON& Tower with Radar,155,226,57,0,438,0,0,54,0,54,155,226,111,0,492,2,0,2,494
01/16/2007,CMH,OH,AGL,CE,Combined TRACON& Tower with Radar,150,264,49,2,465,0,0,24,1,25,150,264,73,3,490,10,2,12,502
01/17/2007,CMH,OH,AGL,CE,Combined TRACON& Tower with Radar,150,262,49,2,463,0,2,24,1,27,150,264,73,3,490,12,0,12,502
01/18/2007,CMH,OH,AGL,CE,Combined TRACON& Tower with Radar,150,268,61,6,485,0,2,177,13,192,150,270,238,19,677,18,0,18,695
01/19/2007,CMH,OH,AGL,CE,Combined TRACON& Tower with Radar,160,248,69,0,477,0,0,20,13,33,160,248,89,13,510,28,0,28,538
01/20/2007,CMH,OH,AGL,CE,Combined TRACON& Tower with Radar,114,180,39,0,333,0,1,72,4,77,114,181,111,4,410,26,0,26,436
01/21/2007,CMH,OH,AGL,CE,Combined TRACON& Tower with Radar,0,0,0,0,0,0,0,0,0,0,0,0,0,0,0,0,0,0,0
01/22/2007,CMH,OH,AGL,CE,Combined TRACON& Tower with Radar,164,252,57,2,475,0,0,7,0,7,164,252,64,2,482,10,0,10,492
01/23/2007,CMH,OH,AGL,CE,Combined TRACON& Tower with Radar,152,249,48,8,457,0,2,86,5,93,152,251,134,13,550,4,0,4,554
01/24/2007,CMH,OH,AGL,CE,Combined TRACON& Tower with Radar,154,259,70,0,483,0,0,0,0,0,154,259,70,0,483,30,0,30,513
01/25/2007,CMH,OH,AGL,CE,Combined TRACON& Tower with Radar,151,262,68,0,481,0,0,0,0,0,151,262,68,0,481,40,0,40,521
01/26/2007,CMH,OH,AGL,CE,Combined TRACON& Tower with Radar,153,264,57,0,474,0,0,52,4,56,153,264,109,4,530,0,0,0,530
01/27/2007,CMH,OH,AGL,CE,Combined TRACON& Tower with Radar,0,3,21,0,24,0,0,0,2,2,0,3,21,2,26,24,5,29,55
01/28/2007,CMH,OH,AGL,CE,Combined TRACON& Tower with Radar,133,224,34,0,391,0,1,13,1,15,133,225,47,1,406,8,0,8,414
01/29/2007,CMH,OH,AGL,CE,Combined TRACON& Tower with Radar,156,254,54,0,464,0,0,57,5,62,156,254,111,5,526,12,0,12,538
01/30/2007,CMH,OH,AGL,CE,Combined TRACON& Tower with Radar,159,256,53,2,470,0,0,30,2,32,159,256,83,4,502,0,0,0,502
01/31/2007,CMH,OH,AGL,CE,Combined TRACON& Tower with Radar,149,257,72,0,478,0,0,136,2,138,149,257,208,2,616,10,0,10,626
02/01/2007,CMH,OH,AGL,CE,Combined TRACON& Tower with Radar,149,263,55,0,467,0,0,0,0,0,149,263,55,0,467,30,0,30,497
02/02/2007,CMH,OH,AGL,CE,Combined TRACON& Tower with Radar,0,4,23,0,27,0,0,0,2,2,0,4,23,2,29,15,4,19,48
02/03/2007,CMH,OH,AGL,CE,Combined TRACON& Tower with Radar,0,3,12,0,15,0,0,0,3,3,0,3,12,3,18,7,5,12,30
02/04/2007,CMH,OH,AGL,CE,Combined TRACON& Tower with Radar,137,199,20,0,356,0,0,0,0,0,137,199,20,0,356,0,0,0,356
02/05/2007,CMH,OH,AGL,CE,Combined TRACON& Tower with Radar,153,236,78,0,467,0,1,119,5,125,153,237,197,5,592,4,0,4,596
02/06/2007,CMH,OH,AGL,CE,Combined TRACON& Tower with Radar,147,235,81,0,463,0,0,14,1,15,147,235,95,1,478,0,0,0,478
02/07/2007,CMH,OH,AGL,CE,Combined TRACON& Tower with Radar,153,270,74,2,499,0,1,37,7,45,153,271,111,9,544,10,0,10,554
02/08/2007,CMH,OH,AGL,CE,Combined TRACON& Tower with Radar,158,248,82,0,488,0,0,0,0,0,158,248,82,0,488,40,0,40,528
02/09/2007,CMH,OH,AGL,CE,Combined TRACON& Tower with Radar,154,257,59,0,470,0,0,45,2,47,154,257,104,2,517,0,0,0,517
02/10/2007,CMH,OH,AGL,CE,Combined TRACON& Tower with Radar,0,4,27,0,31,0,0,16,13,29,0,4,43,13,60,23,3,26,86
02/11/2007,CMH,OH,AGL,CE,Combined TRACON& Tower with Radar,139,198,37,0,374,0,1,61,9,71,139,199,98,9,445,12,0,12,457
02/12/2007,CMH,OH,AGL,CE,Combined TRACON& Tower with Radar,148,239,69,2,458,0,0,101,3,104,148,239,170,5,562,16,0,16,578
02/13/2007,CMH,OH,AGL,CE,Combined TRACON& Tower with Radar,71,118,29,1,219,0,0,6,0,6,71,118,35,1,225,0,0,0,225
02/14/2007,CMH,OH,AGL,CE,Combined TRACON& Tower with Radar,121,155,53,1,330,0,2,0,0,2,121,157,53,1,332,0,0,0,332
02/15/2007,CMH,OH,AGL,CE,Combined TRACON& Tower with Radar,151,229,94,0,474,0,0,0,0,0,151,229,94,0,474,40,0,40,514
02/16/2007,CMH,OH,AGL,CE,Combined TRACON& Tower with Radar,0,0,76,0,76,0,0,20,0,20,0,0,96,0,96,4,0,4,100
02/17/2007,CMH,OH,AGL,CE,Combined TRACON& Tower with Radar,0,4,12,0,16,0,0,24,0,24,0,4,36,0,40,4,0,4,44
02/18/2007,CMH,OH,AGL,CE,Combined TRACON& Tower with Radar,129,210,27,0,366,0,0,0,0,0,129,210,27,0,366,0,0,0,366
02/19/2007,CMH,OH,AGL,CE,Combined TRACON& Tower with Radar,157,243,75,0,475,0,0,100,9,109,157,243,175,9,584,28,0,28,612
02/20/2007,CMH,OH,AGL,CE,Combined TRACON& Tower with Radar,154,279,62,3,498,0,0,28,0,28,154,279,90,3,526,12,0,12,538
02/21/2007,CMH,OH,AGL,CE,Combined TRACON& Tower with Radar,124,188,74,2,388,0,0,0,0,0,124,188,74,2,388,0,0,0,388
02/22/2007,CMH,OH,AGL,CE,Combined TRACON& Tower with Radar,154,257,72,0,483,0,0,49,0,49,154,257,121,0,532,10,0,10,542
02/23/2007,CMH,OH,AGL,CE,Combined TRACON& Tower with Radar,0,0,63,0,63,0,0,0,0,0,0,0,63,0,63,18,0,18,81
02/24/2007,CMH,OH,AGL,CE,Combined TRACON& Tower with Radar,0,0,23,0,23,0,0,0,5,5,0,0,23,5,28,45,23,68,96
02/25/2007,CMH,OH,AGL,CE,Combined TRACON& Tower with Radar,109,176,29,2,316,0,1,45,3,49,109,177,74,5,365,10,0,10,375
02/26/2007,CMH,OH,AGL,CE,Combined TRACON& Tower with Radar,160,232,89,1,482,0,1,98,2,101,160,233,187,3,583,14,0,14,597
02/27/2007,CMH,OH,AGL,CE,Combined TRACON& Tower with Radar,152,282,75,0,509,0,1,108,4,113,152,283,183,4,622,22,0,22,644
02/28/2007,CMH,OH,AGL,CE,Combined TRACON& Tower with Radar,155,246,104,3,508,0,3,71,6,80,155,249,175,9,588,16,0,16,604
03/01/2007,CMH,OH,AGL,CE,Combined TRACON& Tower with Radar,147,241,66,0,454,0,0,0,0,0,147,241,66,0,454,20,0,20,474
03/02/2007,CMH,OH,AGL,CE,Combined TRACON& Tower with Radar,0,0,21,0,21,0,0,0,4,4,0,0,21,4,25,6,4,10,35
03/03/2007,CMH,OH,AGL,CE,Combined TRACON& Tower with Radar,0,6,18,0,24,0,0,0,0,0,0,6,18,0,24,14,0,14,38
03/04/2007,CMH,OH,AGL,CE,Combined TRACON& Tower with Radar,134,217,48,0,399,0,0,0,0,0,134,217,48,0,399,0,0,0,399
03/05/2007,CMH,OH,AGL,CE,Combined TRACON& Tower with Radar,160,231,76,0,467,0,0,44,6,50,160,231,120,6,517,35,0,35,552
03/06/2007,CMH,OH,AGL,CE,Combined TRACON& Tower with Radar,159,237,75,0,471,0,0,141,3,144,159,237,216,3,615,16,0,16,631
03/07/2007,CMH,OH,AGL,CE,Combined TRACON& Tower with Radar,156,242,66,0,464,0,1,53,3,57,156,243,119,3,521,8,0,8,529
03/08/2007,CMH,OH,AGL,CE,Combined TRACON& Tower with Radar,159,239,83,2,483,0,0,0,0,0,159,239,83,2,483,20,0,20,503
03/09/2007,CMH,OH,AGL,CE,Combined TRACON& Tower with Radar,159,236,69,5,469,0,2,72,3,77,159,238,141,8,546,0,0,0,546
03/10/2007,CMH,OH,AGL,CE,Combined TRACON& Tower with Radar,0,8,36,0,44,0,0,0,0,0,0,8,36,0,44,32,0,32,76
03/11/2007,CMH,OH,AGL,CE,Combined TRACON& Tower with Radar,134,205,39,2,380,0,10,131,7,148,134,215,170,9,528,16,0,16,544
03/12/2007,CMH,OH,AGL,CE,Combined TRACON& Tower with Radar,160,248,63,2,473,0,0,101,0,101,160,248,164,2,574,22,0,22,596
03/13/2007,CMH,OH,AGL,CE,Combined TRACON& Tower with Radar,162,243,72,0,477,0,4,78,3,85,162,247,150,3,562,32,0,32,594
03/14/2007,CMH,OH,AGL,CE,Combined TRACON& Tower with Radar,166,261,87,3,517,0,0,0,0,0,166,261,87,3,517,10,0,10,527
03/15/2007,CMH,OH,AGL,CE,Combined TRACON& Tower with Radar,164,250,84,0,498,0,0,0,0,0,164,250,84,0,498,20,0,20,518
03/16/2007,CMH,OH,AGL,CE,Combined TRACON& Tower with Radar,147,176,94,3,420,0,2,21,3,26,147,178,115,6,446,0,0,0,446
03/17/2007,CMH,OH,AGL,CE,Combined TRACON& Tower with Radar,0,8,42,0,50,0,0,0,0,0,0,8,42,0,50,46,0,46,96
03/18/2007,CMH,OH,AGL,CE,Combined TRACON& Tower with Radar,131,210,73,0,414,0,0,55,5,60,131,210,128,5,474,0,0,0,474
03/19/2007,CMH,OH,AGL,CE,Combined TRACON& Tower with Radar,158,252,51,0,461,0,0,1,1,2,158,252,52,1,463,4,0,4,467
03/20/2007,CMH,OH,AGL,CE,Combined TRACON& Tower with Radar,161,248,68,2,479,0,0,90,3,93,161,248,158,5,572,16,0,16,588
03/21/2007,CMH,OH,AGL,CE,Combined TRACON& Tower with Radar,156,249,90,0,495,0,1,94,4,99,156,250,184,4,594,14,0,14,608
03/22/2007,CMH,OH,AGL,CE,Combined TRACON& Tower with Radar,153,245,77,4,479,0,0,0,0,0,153,245,77,4,479,30,0,30,509
03/23/2007,CMH,OH,AGL,CE,Combined TRACON& Tower with Radar,156,248,66,2,472,0,0,5,0,5,156,248,71,2,477,38,0,38,515
03/24/2007,CMH,OH,AGL,CE,Combined TRACON& Tower with Radar,4,8,23,0,35,0,0,0,4,4,4,8,23,4,39,32,5,37,76
03/25/2007,CMH,OH,AGL,CE,Combined TRACON& Tower with Radar,0,0,0,0,0,0,0,0,0,0,0,0,0,0,0,10,0,10,10
03/26/2007,CMH,OH,AGL,CE,Combined TRACON& Tower with Radar,157,245,56,1,459,0,0,56,2,58,157,245,112,3,517,26,0,26,543
03/27/2007,CMH,OH,AGL,CE,Combined TRACON& Tower with Radar,157,245,68,0,470,0,0,44,3,47,157,245,112,3,517,14,0,14,531
03/28/2007,CMH,OH,AGL,CE,Combined TRACON& Tower with Radar,158,252,72,6,488,0,2,13,1,16,158,254,85,7,504,10,0,10,514
03/29/2007,CMH,OH,AGL,CE,Combined TRACON& Tower with Radar,161,259,75,2,497,0,0,0,0,0,161,259,75,2,497,30,0,30,527
03/30/2007,CMH,OH,AGL,CE,Combined TRACON& Tower with Radar,156,258,84,0,498,0,5,58,6,69,156,263,142,6,567,0,0,0,567
03/31/2007,CMH,OH,AGL,CE,Combined TRACON& Tower with Radar,3,5,23,1,32,0,0,0,2,2,3,5,23,3,34,21,3,24,58
04/01/2007,CMH,OH,AGL,CE,Combined TRACON& Tower with Radar,136,222,43,2,403,0,0,54,7,61,136,222,97,9,464,23,0,23,487
04/02/2007,CMH,OH,AGL,CE,Combined TRACON& Tower with Radar,148,246,56,0,450,0,0,0,0,0,148,246,56,0,450,30,0,30,480
04/03/2007,CMH,OH,AGL,CE,Combined TRACON& Tower with Radar,156,261,81,0,498,0,0,0,0,0,156,261,81,0,498,30,0,30,528
04/04/2007,CMH,OH,AGL,CE,Combined TRACON& Tower with Radar,152,257,55,0,464,0,0,4,7,11,152,257,59,7,475,0,0,0,475
04/05/2007,CMH,OH,AGL,CE,Combined TRACON& Tower with Radar,160,244,64,3,471,0,0,5,2,7,160,244,69,5,478,0,0,0,478
04/06/2007,CMH,OH,AGL,CE,Combined TRACON& Tower with Radar,159,243,54,3,459,0,179,9,0,188,159,422,63,3,647,0,0,0,647
04/07/2007,CMH,OH,AGL,CE,Combined TRACON& Tower with Radar,0,12,20,0,32,0,0,44,0,44,0,12,64,0,76,56,0,56,132
04/09/2007,CMH,OH,AGL,CE,Combined TRACON& Tower with Radar,160,229,64,0,453,0,0,33,4,37,160,229,97,4,490,40,0,40,530
04/10/2007,CMH,OH,AGL,CE,Combined TRACON& Tower with Radar,159,251,88,3,501,0,1,48,2,51,159,252,136,5,552,20,0,20,572
04/11/2007,CMH,OH,AGL,CE,Combined TRACON& Tower with Radar,149,247,66,3,465,0,0,0,0,0,149,247,66,3,465,2,0,2,467
04/12/2007,CMH,OH,AGL,CE,Combined TRACON& Tower with Radar,155,245,77,0,477,0,0,1,3,4,155,245,78,3,481,0,0,0,481
04/13/2007,CMH,OH,AGL,CE,Combined TRACON& Tower with Radar,109,206,25,2,342,0,2,3,1,6,109,208,28,3,348,0,0,0,348
04/14/2007,CMH,OH,AGL,CE,Combined TRACON& Tower with Radar,0,12,25,2,39,0,0,9,3,12,0,12,34,5,51,6,3,9,60
04/16/2007,CMH,OH,AGL,CE,Combined TRACON& Tower with Radar,154,240,58,0,452,0,1,14,2,17,154,241,72,2,469,21,0,21,490
04/17/2007,CMH,OH,AGL,CE,Combined TRACON& Tower with Radar,156,252,82,0,490,0,1,149,12,162,156,253,231,12,652,36,6,42,694
04/18/2007,CMH,OH,AGL,CE,Combined TRACON& Tower with Radar,155,255,80,0,490,0,0,46,8,54,155,255,126,8,544,6,0,6,550
04/19/2007,CMH,OH,AGL,CE,Combined TRACON& Tower with Radar,160,248,66,0,474,0,2,31,5,38,160,250,97,5,512,0,0,0,512
04/20/2007,CMH,OH,AGL,CE,Combined TRACON& Tower with Radar,152,240,74,1,467,0,1,89,10,100,152,241,163,11,567,0,0,0,567
04/21/2007,CMH,OH,AGL,CE,Combined TRACON& Tower with Radar,4,23,31,0,58,0,0,124,14,138,4,23,155,14,196,0,0,0,196
04/22/2007,CMH,OH,AGL,CE,Combined TRACON& Tower with Radar,0,0,0,0,0,0,0,0,0,0,0,0,0,0,0,22,0,22,22
04/23/2007,CMH,OH,AGL,CE,Combined TRACON& Tower with Radar,152,231,59,0,442,0,0,77,2,79,152,231,136,2,521,24,0,24,545
04/24/2007,CMH,OH,AGL,CE,Combined TRACON& Tower with Radar,151,235,70,0,456,0,1,88,4,93,151,236,158,4,549,24,2,26,575
04/25/2007,CMH,OH,AGL,CE,Combined TRACON& Tower with Radar,150,273,99,1,523,0,0,0,0,0,150,273,99,1,523,4,0,4,527
04/26/2007,CMH,OH,AGL,CE,Combined TRACON& Tower with Radar,161,257,59,0,477,0,0,4,0,4,161,257,63,0,481,0,0,0,481
04/27/2007,CMH,OH,AGL,CE,Combined TRACON& Tower with Radar,153,238,92,0,483,0,0,0,0,0,153,238,92,0,483,0,0,0,483
04/28/2007,CMH,OH,AGL,CE,Combined TRACON& Tower with Radar,0,12,38,0,50,0,0,7,6,13,0,12,45,6,63,34,23,57,120
04/29/2007,CMH,OH,AGL,CE,Combined TRACON& Tower with Radar,140,207,31,0,378,0,0,76,4,80,140,207,107,4,458,12,0,12,470
04/30/2007,CMH,OH,AGL,CE,Combined TRACON& Tower with Radar,155,245,48,1,449,0,0,66,9,75,155,245,114,10,524,24,0,24,548
05/01/2007,CMH,OH,AGL,CE,Combined TRACON& Tower with Radar,155,245,58,0,458,0,1,24,3,28,155,246,82,3,486,20,0,20,506
05/02/2007,CMH,OH,AGL,CE,Combined TRACON& Tower with Radar,156,259,92,6,513,0,0,36,2,38,156,259,128,8,551,10,0,10,561
05/04/2007,CMH,OH,AGL,CE,Combined TRACON& Tower with Radar,158,252,68,0,478,1,0,65,4,70,159,252,133,4,548,0,0,0,548
05/05/2007,CMH,OH,AGL,CE,Combined TRACON& Tower with Radar,0,3,34,1,38,0,0,0,12,12,0,3,34,13,50,23,10,33,83
05/06/2007,CMH,OH,AGL,CE,Combined TRACON& Tower with Radar,140,207,40,1,388,0,0,0,0,0,140,207,40,1,388,28,0,28,416
05/07/2007,CMH,OH,AGL,CE,Combined TRACON& Tower with Radar,161,237,62,3,463,0,0,51,2,53,161,237,113,5,516,30,0,30,546
05/08/2007,CMH,OH,AGL,CE,Combined TRACON& Tower with Radar,158,265,63,0,486,0,3,63,5,71,158,268,126,5,557,26,0,26,583
05/09/2007,CMH,OH,AGL,CE,Combined TRACON& Tower with Radar,156,277,83,0,516,2,0,112,0,114,158,277,195,0,630,10,0,10,640
05/10/2007,CMH,OH,AGL,CE,Combined TRACON& Tower with Radar,161,260,98,1,520,0,1,120,0,121,161,261,218,1,641,22,0,22,663
05/11/2007,CMH,OH,AGL,CE,Combined TRACON& Tower with Radar,162,246,68,0,476,0,0,0,0,0,162,246,68,0,476,26,0,26,502
05/12/2007,CMH,OH,AGL,CE,Combined TRACON& Tower with Radar,4,6,29,0,39,0,0,7,2,9,4,6,36,2,48,24,0,24,72
05/13/2007,CMH,OH,AGL,CE,Combined TRACON& Tower with Radar,152,194,22,0,368,0,1,124,11,136,152,195,146,11,504,16,0,16,520
05/14/2007,CMH,OH,AGL,CE,Combined TRACON& Tower with Radar,160,228,47,0,435,0,0,71,6,77,160,228,118,6,512,16,0,16,528
05/15/2007,CMH,OH,AGL,CE,Combined TRACON& Tower with Radar,157,225,75,0,457,0,0,37,10,47,157,225,112,10,504,12,0,12,516
05/16/2007,CMH,OH,AGL,CE,Combined TRACON& Tower with Radar,163,239,92,0,494,0,0,15,3,18,163,239,107,3,512,10,0,10,522
05/17/2007,CMH,OH,AGL,CE,Combined TRACON& Tower with Radar,0,0,28,0,28,0,0,0,0,0,0,0,28,0,28,22,0,22,50
05/18/2007,CMH,OH,AGL,CE,Combined TRACON& Tower with Radar,165,250,120,2,537,0,0,69,3,72,165,250,189,5,609,0,0,0,609
05/19/2007,CMH,OH,AGL,CE,Combined TRACON& Tower with Radar,136,188,119,0,443,0,0,0,0,0,136,188,119,0,443,147,0,147,590
05/20/2007,CMH,OH,AGL,CE,Combined TRACON& Tower with Radar,152,212,102,0,466,0,1,157,9,167,152,213,259,9,633,18,0,18,651
05/21/2007,CMH,OH,AGL,CE,Combined TRACON& Tower with Radar,160,237,80,0,477,0,4,49,8,61,160,241,129,8,538,12,0,12,550
05/22/2007,CMH,OH,AGL,CE,Combined TRACON& Tower with Radar,160,248,71,0,479,0,0,63,5,68,160,248,134,5,547,40,0,40,587
05/23/2007,CMH,OH,AGL,CE,Combined TRACON& Tower with Radar,165,244,77,0,486,0,0,151,2,153,165,244,228,2,639,20,0,20,659
05/24/2007,CMH,OH,AGL,CE,Combined TRACON& Tower with Radar,167,245,69,0,481,0,0,91,5,96,167,245,160,5,577,16,0,16,593
05/25/2007,CMH,OH,AGL,CE,Combined TRACON& Tower with Radar,168,234,72,0,474,0,0,0,0,0,168,234,72,0,474,24,0,24,498
05/26/2007,CMH,OH,AGL,CE,Combined TRACON& Tower with Radar,2,4,24,0,30,0,0,30,4,34,2,4,54,4,64,30,4,34,98
05/27/2007,CMH,OH,AGL,CE,Combined TRACON& Tower with Radar,0,0,24,0,24,0,0,0,0,0,0,0,24,0,24,14,0,14,38
05/28/2007,CMH,OH,AGL,CE,Combined TRACON& Tower with Radar,157,216,48,0,421,0,0,65,5,70,157,216,113,5,491,12,0,12,503
05/29/2007,CMH,OH,AGL,CE,Combined TRACON& Tower with Radar,171,238,67,0,476,0,0,0,0,0,171,238,67,0,476,30,0,30,506
05/30/2007,CMH,OH,AGL,CE,Combined TRACON& Tower with Radar,167,251,87,0,505,0,0,43,3,46,167,251,130,3,551,10,0,10,561
06/01/2007,CMH,OH,AGL,CE,Combined TRACON& Tower with Radar,175,231,54,0,460,1,1,31,6,39,176,232,85,6,499,0,0,0,499
06/02/2007,CMH,OH,AGL,CE,Combined TRACON& Tower with Radar,145,164,25,6,340,0,0,0,0,0,145,164,25,6,340,22,0,22,362
06/03/2007,CMH,OH,AGL,CE,Combined TRACON& Tower with Radar,0,0,24,0,24,0,0,0,0,0,0,0,24,0,24,16,0,16,40
06/04/2007,CMH,OH,AGL,CE,Combined TRACON& Tower with Radar,173,251,71,0,495,0,1,27,2,30,173,252,98,2,525,8,0,8,533
06/05/2007,CMH,OH,AGL,CE,Combined TRACON& Tower with Radar,181,256,107,3,547,0,0,30,4,34,181,256,137,7,581,10,0,10,591
06/06/2007,CMH,OH,AGL,CE,Combined TRACON& Tower with Radar,174,242,99,0,515,1,2,68,3,74,175,244,167,3,589,18,0,18,607
06/07/2007,CMH,OH,AGL,CE,Combined TRACON& Tower with Radar,163,251,85,2,501,0,1,96,7,104,163,252,181,9,605,16,0,16,621
06/08/2007,CMH,OH,AGL,CE,Combined TRACON& Tower with Radar,159,217,74,5,455,36,49,39,7,131,195,266,113,12,586,0,0,0,586
06/09/2007,CMH,OH,AGL,CE,Combined TRACON& Tower with Radar,153,181,40,2,376,0,0,0,0,0,153,181,40,2,376,25,4,29,405
06/10/2007,CMH,OH,AGL,CE,Combined TRACON& Tower with Radar,162,226,43,1,432,0,0,47,5,52,162,226,90,6,484,26,0,26,510
06/11/2007,CMH,OH,AGL,CE,Combined TRACON& Tower with Radar,171,238,68,0,477,0,0,55,4,59,171,238,123,4,536,30,0,30,566
06/12/2007,CMH,OH,AGL,CE,Combined TRACON& Tower with Radar,175,232,67,3,477,0,1,38,5,44,175,233,105,8,521,40,0,40,561
06/13/2007,CMH,OH,AGL,CE,Combined TRACON& Tower with Radar,176,270,81,0,527,0,0,120,2,122,176,270,201,2,649,16,0,16,665
06/14/2007,CMH,OH,AGL,CE,Combined TRACON& Tower with Radar,0,0,44,0,44,0,0,0,0,0,0,0,44,0,44,26,0,26,70
06/15/2007,CMH,OH,AGL,CE,Combined TRACON& Tower with Radar,178,244,63,6,491,0,0,117,7,124,178,244,180,13,615,10,0,10,625
06/16/2007,CMH,OH,AGL,CE,Combined TRACON& Tower with Radar,2,4,23,4,33,0,0,0,2,2,2,4,23,6,35,23,2,25,60
06/17/2007,CMH,OH,AGL,CE,Combined TRACON& Tower with Radar,0,0,0,0,0,0,0,0,0,0,0,0,0,0,0,22,0,22,22
06/18/2007,CMH,OH,AGL,CE,Combined TRACON& Tower with Radar,174,242,72,0,488,0,2,26,3,31,174,244,98,3,519,20,0,20,539
06/19/2007,CMH,OH,AGL,CE,Combined TRACON& Tower with Radar,173,217,56,4,450,0,0,58,3,61,173,217,114,7,511,10,0,10,521
06/20/2007,CMH,OH,AGL,CE,Combined TRACON& Tower with Radar,170,262,101,0,533,0,0,129,2,131,170,262,230,2,664,10,0,10,674
06/21/2007,CMH,OH,AGL,CE,Combined TRACON& Tower with Radar,0,2,41,1,44,0,0,0,0,0,0,2,41,1,44,24,0,24,68
06/22/2007,CMH,OH,AGL,CE,Combined TRACON& Tower with Radar,0,0,24,0,24,0,0,0,0,0,0,0,24,0,24,22,0,22,46
06/23/2007,CMH,OH,AGL,CE,Combined TRACON& Tower with Radar,155,178,41,0,374,0,2,44,6,52,155,180,85,6,426,26,0,26,452
06/24/2007,CMH,OH,AGL,CE,Combined TRACON& Tower with Radar,0,0,12,0,12,0,0,0,0,0,0,0,12,0,12,10,0,10,22
06/25/2007,CMH,OH,AGL,CE,Combined TRACON& Tower with Radar,172,228,77,0,477,0,0,86,3,89,172,228,163,3,566,16,0,16,582
06/26/2007,CMH,OH,AGL,CE,Combined TRACON& Tower with Radar,178,241,98,2,519,0,1,84,3,88,178,242,182,5,607,30,6,36,643
06/27/2007,CMH,OH,AGL,CE,Combined TRACON& Tower with Radar,164,220,77,0,461,0,0,37,6,43,164,220,114,6,504,0,0,0,504
06/28/2007,CMH,OH,AGL,CE,Combined TRACON& Tower with Radar,0,0,14,0,14,0,0,0,0,0,0,0,14,0,14,0,0,0,14
06/29/2007,CMH,OH,AGL,CE,Combined TRACON& Tower with Radar,0,0,24,0,24,0,0,0,0,0,0,0,24,0,24,20,0,20,44
06/30/2007,CMH,OH,AGL,CE,Combined TRACON& Tower with Radar,158,186,38,0,382,0,0,0,0,0,158,186,38,0,382,0,0,0,382
07/01/2007,CMH,OH,AGL,CE,Combined TRACON& Tower with Radar,0,0,8,0,8,0,0,0,0,0,0,0,8,0,8,12,0,12,20
07/02/2007,CMH,OH,AGL,CE,Combined TRACON& Tower with Radar,172,240,36,0,448,0,0,92,1,93,172,240,128,1,541,16,0,16,557
07/03/2007,CMH,OH,AGL,CE,Combined TRACON& Tower with Radar,0,0,0,0,0,172,226,149,2,549,172,226,149,2,549,22,4,26,575
07/04/2007,CMH,OH,AGL,CE,Combined TRACON& Tower with Radar,145,183,22,0,350,0,2,13,7,22,145,185,35,7,372,0,0,0,372
07/05/2007,CMH,OH,AGL,CE,Combined TRACON& Tower with Radar,158,208,54,0,420,0,0,6,0,6,158,208,60,0,426,30,0,30,456
07/06/2007,CMH,OH,AGL,CE,Combined TRACON& Tower with Radar,0,0,45,0,45,0,0,0,0,0,0,0,45,0,45,26,0,26,71
07/07/2007,CMH,OH,AGL,CE,Combined TRACON& Tower with Radar,156,179,16,2,353,0,1,34,3,38,156,180,50,5,391,0,0,0,391
07/08/2007,CMH,OH,AGL,CE,Combined TRACON& Tower with Radar,0,0,37,0,37,0,0,81,0,81,0,0,118,0,118,0,0,0,118
07/09/2007,CMH,OH,AGL,CE,Combined TRACON& Tower with Radar,167,234,57,0,458,0,1,37,5,43,167,235,94,5,501,24,0,24,525
07/10/2007,CMH,OH,AGL,CE,Combined TRACON& Tower with Radar,169,249,78,0,496,0,0,0,0,0,169,249,78,0,496,0,0,0,496
07/11/2007,CMH,OH,AGL,CE,Combined TRACON& Tower with Radar,189,259,80,7,535,0,1,14,3,18,189,260,94,10,553,24,0,24,577
07/12/2007,CMH,OH,AGL,CE,Combined TRACON& Tower with Radar,184,260,82,6,532,0,0,55,2,57,184,260,137,8,589,0,0,0,589
07/13/2007,CMH,OH,AGL,CE,Combined TRACON& Tower with Radar,0,0,68,0,68,0,0,0,0,0,0,0,68,0,68,36,0,36,104
07/14/2007,CMH,OH,AGL,CE,Combined TRACON& Tower with Radar,160,172,37,0,369,0,1,37,13,51,160,173,74,13,420,22,0,22,442
07/15/2007,CMH,OH,AGL,CE,Combined TRACON& Tower with Radar,170,209,54,0,433,0,0,0,0,0,170,209,54,0,433,22,0,22,455
07/16/2007,CMH,OH,AGL,CE,Combined TRACON& Tower with Radar,184,241,63,2,490,0,0,127,5,132,184,241,190,7,622,26,0,26,648
07/17/2007,CMH,OH,AGL,CE,Combined TRACON& Tower with Radar,180,254,80,4,518,0,0,24,3,27,180,254,104,7,545,20,0,20,565
07/18/2007,CMH,OH,AGL,CE,Combined TRACON& Tower with Radar,175,239,107,2,523,0,0,18,2,20,175,239,125,4,543,0,0,0,543
07/19/2007,CMH,OH,AGL,CE,Combined TRACON& Tower with Radar,185,260,74,7,526,0,0,11,0,11,185,260,85,7,537,30,0,30,567
07/20/2007,CMH,OH,AGL,CE,Combined TRACON& Tower with Radar,186,261,93,2,542,0,0,0,0,0,186,261,93,2,542,14,0,14,556
07/21/2007,CMH,OH,AGL,CE,Combined TRACON& Tower with Radar,0,0,34,0,34,0,0,0,0,0,0,0,34,0,34,46,0,46,80
07/22/2007,CMH,OH,AGL,CE,Combined TRACON& Tower with Radar,175,206,50,1,432,0,1,54,11,66,175,207,104,12,498,15,0,15,513
07/23/2007,CMH,OH,AGL,CE,Combined TRACON& Tower with Radar,183,244,63,0,490,0,0,136,4,140,183,244,199,4,630,38,0,38,668
07/24/2007,CMH,OH,AGL,CE,Combined TRACON& Tower with Radar,185,253,81,4,523,0,4,112,2,118,185,257,193,6,641,22,0,22,663
07/25/2007,CMH,OH,AGL,CE,Combined TRACON& Tower with Radar,185,268,84,0,537,0,2,57,4,63,185,270,141,4,600,12,0,12,612
07/26/2007,CMH,OH,AGL,CE,Combined TRACON& Tower with Radar,186,254,72,0,512,0,2,18,2,22,186,256,90,2,534,30,0,30,564
07/27/2007,CMH,OH,AGL,CE,Combined TRACON& Tower with Radar,183,239,60,0,482,0,1,16,1,18,183,240,76,1,500,20,0,20,520
07/28/2007,CMH,OH,AGL,CE,Combined TRACON& Tower with Radar,173,183,39,2,397,0,0,31,12,43,173,183,70,14,440,0,0,0,440
07/29/2007,CMH,OH,AGL,CE,Combined TRACON& Tower with Radar,178,193,57,0,428,0,0,50,4,54,178,193,107,4,482,10,0,10,492
07/30/2007,CMH,OH,AGL,CE,Combined TRACON& Tower with Radar,189,237,80,0,506,0,0,68,5,73,189,237,148,5,579,32,0,32,611
07/31/2007,CMH,OH,AGL,CE,Combined TRACON& Tower with Radar,179,279,77,0,535,0,0,147,4,151,179,279,224,4,686,22,2,24,710
08/01/2007,CMH,OH,AGL,CE,Combined TRACON& Tower with Radar,185,269,77,6,537,0,0,96,0,96,185,269,173,6,633,16,0,16,649
08/02/2007,CMH,OH,AGL,CE,Combined TRACON& Tower with Radar,186,248,81,8,523,0,0,51,6,57,186,248,132,14,580,0,0,0,580
08/03/2007,CMH,OH,AGL,CE,Combined TRACON& Tower with Radar,186,243,58,4,491,0,0,45,5,50,186,243,103,9,541,20,0,20,561
08/04/2007,CMH,OH,AGL,CE,Combined TRACON& Tower with Radar,165,176,29,1,371,0,0,49,9,58,165,176,78,10,429,10,0,10,439
08/05/2007,CMH,OH,AGL,CE,Combined TRACON& Tower with Radar,174,218,38,3,433,0,2,1,1,4,174,220,39,4,437,0,0,0,437
08/06/2007,CMH,OH,AGL,CE,Combined TRACON& Tower with Radar,182,253,53,2,490,0,2,56,2,60,182,255,109,4,550,16,0,16,566
08/07/2007,CMH,OH,AGL,CE,Combined TRACON& Tower with Radar,189,253,63,5,510,0,2,46,8,56,189,255,109,13,566,10,2,12,578
08/08/2007,CMH,OH,AGL,CE,Combined TRACON& Tower with Radar,187,229,88,6,510,0,1,21,2,24,187,230,109,8,534,20,0,20,554
08/09/2007,CMH,OH,AGL,CE,Combined TRACON& Tower with Radar,179,238,74,0,491,0,0,29,2,31,179,238,103,2,522,20,0,20,542
08/10/2007,CMH,OH,AGL,CE,Combined TRACON& Tower with Radar,0,0,54,0,54,0,0,0,0,0,0,0,54,0,54,26,0,26,80
08/11/2007,CMH,OH,AGL,CE,Combined TRACON& Tower with Radar,169,190,23,1,383,0,0,0,0,0,169,190,23,1,383,18,0,18,401
08/12/2007,CMH,OH,AGL,CE,Combined TRACON& Tower with Radar,179,211,35,0,425,0,0,0,0,0,179,211,35,0,425,10,0,10,435
08/13/2007,CMH,OH,AGL,CE,Combined TRACON& Tower with Radar,186,241,69,0,496,0,0,113,1,114,186,241,182,1,610,35,0,35,645
08/14/2007,CMH,OH,AGL,CE,Combined TRACON& Tower with Radar,175,257,56,0,488,5,1,194,4,204,180,258,250,4,692,26,0,26,718
08/15/2007,CMH,OH,AGL,CE,Combined TRACON& Tower with Radar,188,253,80,0,521,0,0,58,5,63,188,253,138,5,584,30,0,30,614
08/16/2007,CMH,OH,AGL,CE,Combined TRACON& Tower with Radar,179,249,87,3,518,0,0,43,12,55,179,249,130,15,573,30,0,30,603
08/17/2007,CMH,OH,AGL,CE,Combined TRACON& Tower with Radar,178,246,66,0,490,0,0,51,3,54,178,246,117,3,544,20,0,20,564
08/18/2007,CMH,OH,AGL,CE,Combined TRACON& Tower with Radar,169,188,26,3,386,0,1,110,5,116,169,189,136,8,502,16,0,16,518
08/19/2007,CMH,OH,AGL,CE,Combined TRACON& Tower with Radar,172,196,44,4,416,0,1,117,6,124,172,197,161,10,540,16,0,16,556
08/20/2007,CMH,OH,AGL,CE,Combined TRACON& Tower with Radar,182,251,53,0,486,0,0,65,2,67,182,251,118,2,553,26,0,26,579
08/21/2007,CMH,OH,AGL,CE,Combined TRACON& Tower with Radar,183,245,82,0,510,0,0,5,2,7,183,245,87,2,517,0,0,0,517
08/22/2007,CMH,OH,AGL,CE,Combined TRACON& Tower with Radar,183,247,75,2,507,0,0,30,4,34,183,247,105,6,541,18,0,18,559
08/23/2007,CMH,OH,AGL,CE,Combined TRACON& Tower with Radar,184,235,65,2,486,0,0,112,4,116,184,235,177,6,602,16,0,16,618
08/24/2007,CMH,OH,AGL,CE,Combined TRACON& Tower with Radar,185,239,75,1,500,0,0,188,8,196,185,239,263,9,696,10,0,10,706
08/25/2007,CMH,OH,AGL,CE,Combined TRACON& Tower with Radar,162,176,23,0,361,0,1,117,7,125,162,177,140,7,486,10,0,10,496
08/26/2007,CMH,OH,AGL,CE,Combined TRACON& Tower with Radar,179,194,30,1,404,0,1,105,2,108,179,195,135,3,512,16,0,16,528
08/27/2007,CMH,OH,AGL,CE,Combined TRACON& Tower with Radar,193,245,72,0,510,0,1,188,10,199,193,246,260,10,709,10,0,10,719
08/28/2007,CMH,OH,AGL,CE,Combined TRACON& Tower with Radar,184,235,63,4,486,0,5,186,3,194,184,240,249,7,680,22,0,22,702
08/29/2007,CMH,OH,AGL,CE,Combined TRACON& Tower with Radar,193,256,80,2,531,0,2,49,7,58,193,258,129,9,589,20,0,20,609
08/30/2007,CMH,OH,AGL,CE,Combined TRACON& Tower with Radar,186,263,115,3,567,0,2,30,5,37,186,265,145,8,604,20,0,20,624
08/31/2007,CMH,OH,AGL,CE,Combined TRACON& Tower with Radar,191,259,79,1,530,0,2,49,10,61,191,261,128,11,591,20,0,20,611
09/01/2007,CMH,OH,AGL,CE,Combined TRACON& Tower with Radar,149,160,19,0,328,0,0,52,4,56,149,160,71,4,384,10,0,10,394
09/02/2007,CMH,OH,AGL,CE,Combined TRACON& Tower with Radar,164,155,20,0,339,9,25,93,5,132,173,180,113,5,471,42,6,48,519
09/03/2007,CMH,OH,AGL,CE,Combined TRACON& Tower with Radar,174,226,42,0,442,0,0,48,6,54,174,226,90,6,496,0,0,0,496
09/04/2007,CMH,OH,AGL,CE,Combined TRACON& Tower with Radar,184,235,69,0,488,0,0,123,1,124,184,235,192,1,612,22,0,22,634
09/05/2007,CMH,OH,AGL,CE,Combined TRACON& Tower with Radar,185,227,88,0,500,0,0,148,1,149,185,227,236,1,649,16,0,16,665
09/06/2007,CMH,OH,AGL,CE,Combined TRACON& Tower with Radar,187,238,63,0,488,0,0,42,12,54,187,238,105,12,542,30,0,30,572
09/07/2007,CMH,OH,AGL,CE,Combined TRACON& Tower with Radar,0,0,26,0,26,0,0,0,0,0,0,0,26,0,26,18,0,18,44
09/08/2007,CMH,OH,AGL,CE,Combined TRACON& Tower with Radar,164,150,28,0,342,0,0,119,0,119,164,150,147,0,461,28,0,28,489
09/09/2007,CMH,OH,AGL,CE,Combined TRACON& Tower with Radar,178,194,40,0,412,0,1,35,4,40,178,195,75,4,452,0,0,0,452
09/10/2007,CMH,OH,AGL,CE,Combined TRACON& Tower with Radar,184,240,81,0,505,0,0,37,5,42,184,240,118,5,547,0,0,0,547
09/11/2007,CMH,OH,AGL,CE,Combined TRACON& Tower with Radar,179,222,69,0,470,0,1,46,0,47,179,223,115,0,517,0,0,0,517
09/12/2007,CMH,OH,AGL,CE,Combined TRACON& Tower with Radar,190,226,75,0,491,0,1,64,2,67,190,227,139,2,558,89,0,89,647
09/13/2007,CMH,OH,AGL,CE,Combined TRACON& Tower with Radar,187,244,59,0,490,0,2,104,6,112,187,246,163,6,602,16,0,16,618
09/14/2007,CMH,OH,AGL,CE,Combined TRACON& Tower with Radar,190,236,72,1,499,0,0,0,0,0,190,236,72,1,499,12,0,12,511
09/15/2007,CMH,OH,AGL,CE,Combined TRACON& Tower with Radar,160,162,24,0,346,0,2,43,5,50,160,164,67,5,396,0,0,0,396
09/16/2007,CMH,OH,AGL,CE,Combined TRACON& Tower with Radar,178,204,31,2,415,0,0,42,2,44,178,204,73,4,459,25,3,28,487
09/17/2007,CMH,OH,AGL,CE,Combined TRACON& Tower with Radar,187,235,76,0,498,0,0,90,14,104,187,235,166,14,602,35,0,35,637
09/18/2007,CMH,OH,AGL,CE,Combined TRACON& Tower with Radar,186,219,84,1,490,0,1,101,5,107,186,220,185,6,597,24,0,24,621
09/19/2007,CMH,OH,AGL,CE,Combined TRACON& Tower with Radar,186,222,90,0,498,0,1,127,4,132,186,223,217,4,630,16,0,16,646
09/20/2007,CMH,OH,AGL,CE,Combined TRACON& Tower with Radar,186,244,106,2,538,0,0,210,3,213,186,244,316,5,751,16,0,16,767
09/21/2007,CMH,OH,AGL,CE,Combined TRACON& Tower with Radar,190,223,97,0,510,0,1,28,5,34,190,224,125,5,544,22,0,22,566
09/22/2007,CMH,OH,AGL,CE,Combined TRACON& Tower with Radar,158,163,44,1,366,0,0,114,12,126,158,163,158,13,492,10,0,10,502
09/23/2007,CMH,OH,AGL,CE,Combined TRACON& Tower with Radar,179,187,50,0,416,0,0,150,6,156,179,187,200,6,572,24,0,24,596
09/24/2007,CMH,OH,AGL,CE,Combined TRACON& Tower with Radar,188,227,69,0,484,0,0,65,4,69,188,227,134,4,553,0,0,0,553
09/25/2007,CMH,OH,AGL,CE,Combined TRACON& Tower with Radar,170,239,89,1,499,0,2,176,6,184,170,241,265,7,683,22,4,26,709
09/26/2007,CMH,OH,AGL,CE,Combined TRACON& Tower with Radar,184,229,90,4,507,0,1,19,6,26,184,230,109,10,533,46,4,50,583
09/27/2007,CMH,OH,AGL,CE,Combined TRACON& Tower with Radar,188,246,109,2,545,0,0,11,0,11,188,246,120,2,556,60,0,60,616
09/28/2007,CMH,OH,AGL,CE,Combined TRACON& Tower with Radar,0,0,35,0,35,0,0,0,0,0,0,0,35,0,35,26,4,30,65
09/29/2007,CMH,OH,AGL,CE,Combined TRACON& Tower with Radar,162,166,88,0,416,0,2,197,6,205,162,168,285,6,621,10,0,10,631
09/30/2007,CMH,OH,AGL,CE,Combined TRACON& Tower with Radar,183,221,89,0,493,0,2,255,14,271,183,223,344,14,764,22,0,22,786
10/01/2007,CMH,OH,AGL,CE,Combined TRACON& Tower with Radar,193,215,71,5,484,0,0,42,3,45,193,215,113,8,529,30,0,30,559
10/02/2007,CMH,OH,AGL,CE,Combined TRACON& Tower with Radar,181,261,70,4,516,0,2,36,2,40,181,263,106,6,556,30,0,30,586
10/03/2007,CMH,OH,AGL,CE,Combined TRACON& Tower with Radar,185,227,91,0,503,0,0,82,0,82,185,227,173,0,585,12,0,12,597
10/04/2007,CMH,OH,AGL,CE,Combined TRACON& Tower with Radar,190,239,60,1,490,0,13,66,3,82,190,252,126,4,572,16,0,16,588
10/05/2007,CMH,OH,AGL,CE,Combined TRACON& Tower with Radar,194,236,73,2,505,0,0,51,7,58,194,236,124,9,563,22,0,22,585
10/06/2007,CMH,OH,AGL,CE,Combined TRACON& Tower with Radar,154,157,51,1,363,0,0,132,3,135,154,157,183,4,498,10,0,10,508
10/07/2007,CMH,OH,AGL,CE,Combined TRACON& Tower with Radar,175,195,40,0,410,0,0,0,0,0,175,195,40,0,410,69,8,77,487
10/08/2007,CMH,OH,AGL,CE,Combined TRACON& Tower with Radar,185,212,53,0,450,0,0,37,4,41,185,212,90,4,491,30,0,30,521
10/09/2007,CMH,OH,AGL,CE,Combined TRACON& Tower with Radar,178,218,61,0,457,0,1,133,16,150,178,219,194,16,607,16,0,16,623
10/10/2007,CMH,OH,AGL,CE,Combined TRACON& Tower with Radar,188,215,86,6,495,0,0,33,13,46,188,215,119,19,541,0,0,0,541
10/11/2007,CMH,OH,AGL,CE,Combined TRACON& Tower with Radar,187,224,108,1,520,0,0,16,4,20,187,224,124,5,540,0,0,0,540
10/12/2007,CMH,OH,AGL,CE,Combined TRACON& Tower with Radar,194,236,68,0,498,0,1,47,2,50,194,237,115,2,548,22,0,22,570
10/13/2007,CMH,OH,AGL,CE,Combined TRACON& Tower with Radar,154,173,23,0,350,0,0,0,0,0,154,173,23,0,350,10,0,10,360
10/14/2007,CMH,OH,AGL,CE,Combined TRACON& Tower with Radar,177,183,39,0,399,0,1,146,0,147,177,184,185,0,546,12,0,12,558
10/15/2007,CMH,OH,AGL,CE,Combined TRACON& Tower with Radar,184,231,75,0,490,0,0,152,8,160,184,231,227,8,650,16,2,18,668
10/16/2007,CMH,OH,AGL,CE,Combined TRACON& Tower with Radar,188,225,75,0,488,0,0,50,4,54,188,225,125,4,542,16,0,16,558
10/17/2007,CMH,OH,AGL,CE,Combined TRACON& Tower with Radar,187,236,94,0,517,0,0,14,3,17,187,236,108,3,534,0,0,0,534
10/18/2007,CMH,OH,AGL,CE,Combined TRACON& Tower with Radar,194,246,98,0,538,0,0,17,3,20,194,246,115,3,558,12,0,12,570
10/19/2007,CMH,OH,AGL,CE,Combined TRACON& Tower with Radar,199,238,79,1,517,0,0,0,0,0,199,238,79,1,517,14,0,14,531
10/20/2007,CMH,OH,AGL,CE,Combined TRACON& Tower with Radar,164,177,26,0,367,0,0,35,4,39,164,177,61,4,406,10,0,10,416
10/21/2007,CMH,OH,AGL,CE,Combined TRACON& Tower with Radar,180,200,40,1,421,0,1,108,12,121,180,201,148,13,542,12,0,12,554
10/22/2007,CMH,OH,AGL,CE,Combined TRACON& Tower with Radar,184,228,71,2,485,0,0,57,2,59,184,228,128,4,544,28,0,28,572
10/23/2007,CMH,OH,AGL,CE,Combined TRACON& Tower with Radar,183,227,86,0,496,0,0,0,0,0,183,227,86,0,496,0,0,0,496
10/24/2007,CMH,OH,AGL,CE,Combined TRACON& Tower with Radar,182,260,83,0,525,0,0,29,0,29,182,260,112,0,554,12,0,12,566
10/25/2007,CMH,OH,AGL,CE,Combined TRACON& Tower with Radar,190,247,84,0,521,0,0,147,7,154,190,247,231,7,675,16,0,16,691
10/26/2007,CMH,OH,AGL,CE,Combined TRACON& Tower with Radar,0,0,26,0,26,0,0,0,0,0,0,0,26,0,26,22,0,22,48
10/27/2007,CMH,OH,AGL,CE,Combined TRACON& Tower with Radar,160,160,33,0,353,0,0,17,2,19,160,160,50,2,372,10,0,10,382
10/28/2007,CMH,OH,AGL,CE,Combined TRACON& Tower with Radar,0,0,52,0,52,0,0,4,0,4,0,0,56,0,56,24,0,24,80
10/29/2007,CMH,OH,AGL,CE,Combined TRACON& Tower with Radar,191,215,76,1,483,0,1,89,1,91,191,216,165,2,574,16,0,16,590
10/30/2007,CMH,OH,AGL,CE,Combined TRACON& Tower with Radar,183,212,92,0,487,0,0,19,0,19,183,212,111,0,506,40,0,40,546
10/31/2007,CMH,OH,AGL,CE,Combined TRACON& Tower with Radar,180,228,83,2,493,0,1,87,3,91,180,229,170,5,584,12,0,12,596
11/01/2007,CMH,OH,AGL,CE,Combined TRACON& Tower with Radar,190,248,92,0,530,0,3,127,6,136,190,251,219,6,666,16,0,16,682
11/02/2007,CMH,OH,AGL,CE,Combined TRACON& Tower with Radar,197,244,92,1,534,0,1,75,7,83,197,245,167,8,617,22,0,22,639
11/03/2007,CMH,OH,AGL,CE,Combined TRACON& Tower with Radar,159,165,40,0,364,0,1,69,5,75,159,166,109,5,439,10,0,10,449
11/04/2007,CMH,OH,AGL,CE,Combined TRACON& Tower with Radar,185,196,48,1,430,0,1,38,6,45,185,197,86,7,475,45,0,45,520
11/05/2007,CMH,OH,AGL,CE,Combined TRACON& Tower with Radar,191,246,45,0,482,0,0,11,0,11,191,246,56,0,493,0,0,0,493
11/06/2007,CMH,OH,AGL,CE,Combined TRACON& Tower with Radar,191,243,73,3,510,0,1,131,11,143,191,244,204,14,653,22,6,28,681
11/07/2007,CMH,OH,AGL,CE,Combined TRACON& Tower with Radar,190,247,97,0,534,0,0,0,0,0,190,247,97,0,534,33,0,33,567
11/08/2007,CMH,OH,AGL,CE,Combined TRACON& Tower with Radar,194,243,87,0,524,0,0,89,8,97,194,243,176,8,621,16,0,16,637
11/09/2007,CMH,OH,AGL,CE,Combined TRACON& Tower with Radar,192,232,86,2,512,0,0,33,12,45,192,232,119,14,557,16,0,16,573
11/10/2007,CMH,OH,AGL,CE,Combined TRACON& Tower with Radar,163,170,36,0,369,0,0,40,3,43,163,170,76,3,412,10,0,10,422
11/11/2007,CMH,OH,AGL,CE,Combined TRACON& Tower with Radar,185,186,41,0,412,0,0,0,1,1,185,186,41,1,413,0,0,0,413
11/12/2007,CMH,OH,AGL,CE,Combined TRACON& Tower with Radar,198,227,62,1,488,0,0,120,1,121,198,227,182,2,609,36,0,36,645
11/13/2007,CMH,OH,AGL,CE,Combined TRACON& Tower with Radar,187,227,87,6,507,0,0,59,6,65,187,227,146,12,572,16,4,20,592
11/14/2007,CMH,OH,AGL,CE,Combined TRACON& Tower with Radar,189,232,88,0,509,0,0,0,0,0,189,232,88,0,509,35,8,43,552
11/15/2007,CMH,OH,AGL,CE,Combined TRACON& Tower with Radar,192,245,63,4,504,0,0,42,3,45,192,245,105,7,549,12,0,12,561
11/16/2007,CMH,OH,AGL,CE,Combined TRACON& Tower with Radar,0,0,22,0,22,0,0,0,0,0,0,0,22,0,22,26,2,28,50
11/17/2007,CMH,OH,AGL,CE,Combined TRACON& Tower with Radar,160,156,37,3,356,0,0,138,3,141,160,156,175,6,497,10,0,10,507
11/18/2007,CMH,OH,AGL,CE,Combined TRACON& Tower with Radar,175,188,41,3,407,0,2,48,5,55,175,190,89,8,462,12,0,12,474
11/19/2007,CMH,OH,AGL,CE,Combined TRACON& Tower with Radar,187,212,56,0,455,0,0,44,3,47,187,212,100,3,502,40,0,40,542
11/20/2007,CMH,OH,AGL,CE,Combined TRACON& Tower with Radar,193,241,91,0,525,0,1,26,6,33,193,242,117,6,558,30,0,30,588
11/21/2007,CMH,OH,AGL,CE,Combined TRACON& Tower with Radar,198,251,48,0,497,0,1,15,4,20,198,252,63,4,517,66,4,70,587
11/22/2007,CMH,OH,AGL,CE,Combined TRACON& Tower with Radar,0,0,9,0,9,0,0,0,9,9,0,0,9,9,18,0,0,0,18
11/23/2007,CMH,OH,AGL,CE,Combined TRACON& Tower with Radar,151,127,24,0,302,0,0,32,3,35,151,127,56,3,337,0,0,0,337
11/24/2007,CMH,OH,AGL,CE,Combined TRACON& Tower with Radar,163,191,30,0,384,0,0,111,4,115,163,191,141,4,499,10,0,10,509
11/25/2007,CMH,OH,AGL,CE,Combined TRACON& Tower with Radar,179,213,67,0,459,0,1,23,6,30,179,214,90,6,489,0,0,0,489
11/26/2007,CMH,OH,AGL,CE,Combined TRACON& Tower with Radar,179,213,67,0,459,0,1,23,6,30,179,214,90,6,489,0,0,0,489
11/27/2007,CMH,OH,AGL,CE,Combined TRACON& Tower with Radar,179,213,67,0,459,0,1,46,6,53,179,214,113,6,512,22,2,24,536
11/28/2007,CMH,OH,AGL,CE,Combined TRACON& Tower with Radar,191,224,97,0,512,0,0,0,0,0,191,224,97,0,512,55,0,55,567
11/29/2007,CMH,OH,AGL,CE,Combined TRACON& Tower with Radar,196,242,73,0,511,0,1,62,6,69,196,243,135,6,580,10,0,10,590
11/30/2007,CMH,OH,AGL,CE,Combined TRACON& Tower with Radar,197,235,87,0,519,0,0,48,0,48,197,235,135,0,567,0,0,0,567
12/01/2007,CMH,OH,AGL,CE,Combined TRACON& Tower with Radar,155,154,23,0,332,0,0,92,1,93,155,154,115,1,425,10,0,10,435
12/02/2007,CMH,OH,AGL,CE,Combined TRACON& Tower with Radar,173,169,34,0,376,0,1,0,0,1,173,170,34,0,377,0,0,0,377
12/03/2007,CMH,OH,AGL,CE,Combined TRACON& Tower with Radar,195,219,78,0,492,0,0,7,4,11,195,219,85,4,503,10,0,10,513
12/04/2007,CMH,OH,AGL,CE,Combined TRACON& Tower with Radar,183,232,89,0,504,0,0,26,0,26,183,232,115,0,530,20,0,20,550
12/05/2007,CMH,OH,AGL,CE,Combined TRACON& Tower with Radar,186,229,67,0,482,0,0,0,0,0,186,229,67,0,482,33,0,33,515
12/06/2007,CMH,OH,AGL,CE,Combined TRACON& Tower with Radar,204,333,73,0,610,0,0,0,0,0,204,333,73,0,610,0,0,0,610
12/07/2007,CMH,OH,AGL,CE,Combined TRACON& Tower with Radar,206,242,72,0,520,0,2,36,0,38,206,244,108,0,558,0,0,0,558
12/08/2007,CMH,OH,AGL,CE,Combined TRACON& Tower with Radar,163,152,30,0,345,0,0,86,0,86,163,152,116,0,431,0,0,0,431
12/09/2007,CMH,OH,AGL,CE,Combined TRACON& Tower with Radar,178,179,32,0,389,0,0,0,0,0,178,179,32,0,389,0,0,0,389
12/10/2007,CMH,OH,AGL,CE,Combined TRACON& Tower with Radar,205,221,49,0,475,0,0,0,0,0,205,221,49,0,475,0,0,0,475
12/11/2007,CMH,OH,AGL,CE,Combined TRACON& Tower with Radar,186,232,85,1,504,0,0,22,2,24,186,232,107,3,528,4,0,4,532
12/12/2007,CMH,OH,AGL,CE,Combined TRACON& Tower with Radar,203,245,108,0,556,0,2,26,1,29,203,247,134,1,585,0,0,0,585
12/13/2007,CMH,OH,AGL,CE,Combined TRACON& Tower with Radar,0,0,12,0,12,0,0,0,0,0,0,0,12,0,12,4,0,4,16
12/14/2007,CMH,OH,AGL,CE,Combined TRACON& Tower with Radar,198,240,72,0,510,0,6,23,8,37,198,246,95,8,547,4,0,4,551
12/15/2007,CMH,OH,AGL,CE,Combined TRACON& Tower with Radar,160,154,20,0,334,0,0,3,1,4,160,154,23,1,338,0,0,0,338
12/16/2007,CMH,OH,AGL,CE,Combined TRACON& Tower with Radar,183,174,25,0,382,0,0,0,0,0,183,174,25,0,382,0,0,0,382
12/17/2007,CMH,OH,AGL,CE,Combined TRACON& Tower with Radar,201,222,59,0,482,0,0,25,0,25,201,222,84,0,507,0,0,0,507
12/18/2007,CMH,OH,AGL,CE,Combined TRACON& Tower with Radar,199,240,92,0,531,0,0,57,4,61,199,240,149,4,592,30,0,30,622
12/19/2007,CMH,OH,AGL,CE,Combined TRACON& Tower with Radar,195,250,71,10,526,0,1,22,9,32,195,251,93,19,558,0,0,0,558
12/20/2007,CMH,OH,AGL,CE,Combined TRACON& Tower with Radar,203,246,82,3,534,0,4,37,2,43,203,250,119,5,577,14,0,14,591
12/21/2007,CMH,OH,AGL,CE,Combined TRACON& Tower with Radar,0,0,54,0,54,0,0,0,0,0,0,0,54,0,54,26,0,26,80
12/22/2007,CMH,OH,AGL,CE,Combined TRACON& Tower with Radar,170,199,32,0,401,0,1,29,2,32,170,200,61,2,433,10,0,10,443
12/23/2007,CMH,OH,AGL,CE,Combined TRACON& Tower with Radar,173,176,20,0,369,0,0,0,0,0,173,176,20,0,369,4,0,4,373
12/24/2007,CMH,OH,AGL,CE,Combined TRACON& Tower with Radar,172,145,13,0,330,0,0,50,0,50,172,145,63,0,380,10,0,10,390
12/25/2007,CMH,OH,AGL,CE,Combined TRACON& Tower with Radar,154,154,7,0,315,0,0,28,3,31,154,154,35,3,346,4,0,4,350
12/26/2007,CMH,OH,AGL,CE,Combined TRACON& Tower with Radar,184,215,40,2,441,0,0,0,0,0,184,215,40,2,441,33,0,33,474
12/27/2007,CMH,OH,AGL,CE,Combined TRACON& Tower with Radar,196,216,46,0,458,0,0,19,4,23,196,216,65,4,481,0,0,0,481
12/28/2007,CMH,OH,AGL,CE,Combined TRACON& Tower with Radar,200,222,25,0,447,0,0,25,8,33,200,222,50,8,480,0,0,0,480
12/29/2007,CMH,OH,AGL,CE,Combined TRACON& Tower with Radar,174,188,19,0,381,0,0,18,3,21,174,188,37,3,402,0,0,0,402
12/30/2007,CMH,OH,AGL,CE,Combined TRACON& Tower with Radar,180,180,11,0,371,0,1,32,6,39,180,181,43,6,410,0,0,0,410
12/31/2007,CMH,OH,AGL,CE,Combined TRACON& Tower with Radar,159,167,15,0,341,0,2,17,4,23,159,169,32,4,364,0,0,0,364
01/01/2008,CMH,OH,AGL,CE,Combined TRACON& Tower with Radar,173,180,13,0,366,0,0,0,0,0,173,180,13,0,366,0,0,0,366
01/02/2008,CMH,OH,AGL,CE,Combined TRACON& Tower with Radar,195,214,39,0,448,0,0,0,0,0,195,214,39,0,448,0,0,0,448
01/03/2008,CMH,OH,AGL,CE,Combined TRACON& Tower with Radar,0,0,10,0,10,0,0,0,0,0,0,0,10,0,10,12,0,12,22
01/04/2008,CMH,OH,AGL,CE,Combined TRACON& Tower with Radar,198,224,42,0,464,0,2,41,7,50,198,226,83,7,514,16,0,16,530
01/05/2008,CMH,OH,AGL,CE,Combined TRACON& Tower with Radar,180,161,27,0,368,0,0,6,6,12,180,161,33,6,380,0,0,0,380
01/06/2008,CMH,OH,AGL,CE,Combined TRACON& Tower with Radar,196,196,42,1,435,0,0,0,0,0,196,196,42,1,435,22,0,22,457
01/07/2008,CMH,OH,AGL,CE,Combined TRACON& Tower with Radar,206,215,41,0,462,0,0,16,2,18,206,215,57,2,480,0,0,0,480
01/08/2008,CMH,OH,AGL,CE,Combined TRACON& Tower with Radar,225,242,83,3,553,0,0,10,4,14,225,242,93,7,567,10,0,10,577
01/09/2008,CMH,OH,AGL,CE,Combined TRACON& Tower with Radar,203,211,78,1,493,0,0,91,6,97,203,211,169,7,590,16,0,16,606
01/10/2008,CMH,OH,AGL,CE,Combined TRACON& Tower with Radar,209,210,55,0,474,0,0,26,0,26,209,210,81,0,500,0,0,0,500
01/11/2008,CMH,OH,AGL,CE,Combined TRACON& Tower with Radar,212,206,62,0,480,0,0,13,7,20,212,206,75,7,500,0,0,0,500
01/12/2008,CMH,OH,AGL,CE,Combined TRACON& Tower with Radar,157,146,44,0,347,0,0,0,0,0,157,146,44,0,347,0,0,0,347
01/13/2008,CMH,OH,AGL,CE,Combined TRACON& Tower with Radar,188,188,23,0,399,0,0,14,3,17,188,188,37,3,416,0,0,0,416
01/14/2008,CMH,OH,AGL,CE,Combined TRACON& Tower with Radar,200,216,53,4,473,0,0,3,0,3,200,216,56,4,476,0,0,0,476
01/15/2008,CMH,OH,AGL,CE,Combined TRACON& Tower with Radar,203,227,60,2,492,0,0,0,0,0,203,227,60,2,492,18,0,18,510
01/16/2008,CMH,OH,AGL,CE,Combined TRACON& Tower with Radar,206,233,83,3,525,0,0,121,4,125,206,233,204,7,650,10,0,10,660
01/17/2008,CMH,OH,AGL,CE,Combined TRACON& Tower with Radar,202,234,66,0,502,0,2,12,2,16,202,236,78,2,518,20,0,20,538
01/18/2008,CMH,OH,AGL,CE,Combined TRACON& Tower with Radar,209,227,54,4,494,0,1,33,2,36,209,228,87,6,530,0,0,0,530
01/19/2008,CMH,OH,AGL,CE,Combined TRACON& Tower with Radar,154,165,18,0,337,0,0,0,0,0,154,165,18,0,337,0,0,0,337
01/20/2008,CMH,OH,AGL,CE,Combined TRACON& Tower with Radar,0,0,6,0,6,0,0,0,0,0,0,0,6,0,6,10,0,10,16
01/21/2008,CMH,OH,AGL,CE,Combined TRACON& Tower with Radar,198,208,51,0,457,0,2,135,1,138,198,210,186,1,595,14,0,14,609
01/22/2008,CMH,OH,AGL,CE,Combined TRACON& Tower with Radar,202,200,53,0,455,0,1,4,5,10,202,201,57,5,465,35,2,37,502
01/23/2008,CMH,OH,AGL,CE,Combined TRACON& Tower with Radar,207,216,72,0,495,0,1,93,3,97,207,217,165,3,592,10,0,10,602
01/24/2008,CMH,OH,AGL,CE,Combined TRACON& Tower with Radar,198,224,62,2,486,0,0,11,0,11,198,224,73,2,497,30,0,30,527
01/25/2008,CMH,OH,AGL,CE,Combined TRACON& Tower with Radar,212,210,58,2,482,0,0,0,0,0,212,210,58,2,482,20,0,20,502
01/26/2008,CMH,OH,AGL,CE,Combined TRACON& Tower with Radar,155,157,12,0,324,0,0,0,0,0,155,157,12,0,324,0,0,0,324
01/27/2008,CMH,OH,AGL,CE,Combined TRACON& Tower with Radar,183,180,25,0,388,0,2,26,2,30,183,182,51,2,418,0,0,0,418
01/28/2008,CMH,OH,AGL,CE,Combined TRACON& Tower with Radar,206,209,44,0,459,0,0,66,9,75,206,209,110,9,534,14,2,16,550
01/29/2008,CMH,OH,AGL,CE,Combined TRACON& Tower with Radar,196,214,37,0,447,0,0,12,0,12,196,214,49,0,459,40,0,40,499
01/30/2008,CMH,OH,AGL,CE,Combined TRACON& Tower with Radar,207,222,74,8,511,0,0,0,0,0,207,222,74,8,511,10,0,10,521
01/31/2008,CMH,OH,AGL,CE,Combined TRACON& Tower with Radar,186,216,88,3,493,0,0,36,2,38,186,216,124,5,531,20,0,20,551
02/01/2008,CMH,OH,AGL,CE,Combined TRACON& Tower with Radar,0,0,10,0,10,0,0,0,0,0,0,0,10,0,10,0,0,0,10
02/02/2008,CMH,OH,AGL,CE,Combined TRACON& Tower with Radar,157,142,45,0,344,0,1,20,7,28,157,143,65,7,372,0,0,0,372
02/03/2008,CMH,OH,AGL,CE,Combined TRACON& Tower with Radar,0,1,14,0,15,0,0,0,3,3,0,1,14,3,18,0,0,0,18
02/04/2008,CMH,OH,AGL,CE,Combined TRACON& Tower with Radar,202,206,63,2,473,0,0,6,0,6,202,206,69,2,479,0,0,0,479
02/05/2008,CMH,OH,AGL,CE,Combined TRACON& Tower with Radar,188,203,47,0,438,0,0,2,0,2,188,203,49,0,440,0,0,0,440
02/06/2008,CMH,OH,AGL,CE,Combined TRACON& Tower with Radar,197,195,59,0,451,0,1,12,0,13,197,196,71,0,464,0,0,0,464
02/07/2008,CMH,OH,AGL,CE,Combined TRACON& Tower with Radar,202,248,62,0,512,0,0,24,5,29,202,248,86,5,541,0,0,0,541
02/08/2008,CMH,OH,AGL,CE,Combined TRACON& Tower with Radar,0,0,24,0,24,0,0,0,0,0,0,0,24,0,24,12,0,12,36
02/09/2008,CMH,OH,AGL,CE,Combined TRACON& Tower with Radar,156,149,16,0,321,0,0,0,0,0,156,149,16,0,321,46,0,46,367
02/10/2008,CMH,OH,AGL,CE,Combined TRACON& Tower with Radar,198,178,27,0,403,0,1,0,3,4,198,179,27,3,407,0,0,0,407
02/11/2008,CMH,OH,AGL,CE,Combined TRACON& Tower with Radar,206,232,58,2,498,0,1,35,2,38,206,233,93,4,536,0,0,0,536
02/12/2008,CMH,OH,AGL,CE,Combined TRACON& Tower with Radar,192,201,36,0,429,0,0,0,0,0,192,201,36,0,429,0,0,0,429
02/13/2008,CMH,OH,AGL,CE,Combined TRACON& Tower with Radar,202,222,76,0,500,0,1,9,2,12,202,223,85,2,512,20,0,20,532
02/14/2008,CMH,OH,AGL,CE,Combined TRACON& Tower with Radar,203,243,78,2,526,0,1,119,5,125,203,244,197,7,651,16,0,16,667
02/15/2008,CMH,OH,AGL,CE,Combined TRACON& Tower with Radar,0,0,20,0,20,0,0,0,0,0,0,0,20,0,20,16,0,16,36
02/16/2008,CMH,OH,AGL,CE,Combined TRACON& Tower with Radar,157,164,18,0,339,0,2,43,7,52,157,166,61,7,391,0,0,0,391
02/17/2008,CMH,OH,AGL,CE,Combined TRACON& Tower with Radar,169,161,18,0,348,0,0,11,4,15,169,161,29,4,363,0,0,0,363
02/18/2008,CMH,OH,AGL,CE,Combined TRACON& Tower with Radar,197,192,57,0,446,0,1,1,2,4,197,193,58,2,450,0,0,0,450
02/19/2008,CMH,OH,AGL,CE,Combined TRACON& Tower with Radar,201,211,73,2,487,0,1,20,3,24,201,212,93,5,511,10,0,10,521
02/20/2008,CMH,OH,AGL,CE,Combined TRACON& Tower with Radar,194,232,78,0,504,0,0,0,0,0,194,232,78,0,504,0,0,0,504
02/21/2008,CMH,OH,AGL,CE,Combined TRACON& Tower with Radar,186,243,77,6,512,0,1,36,2,39,186,244,113,8,551,20,0,20,571
02/22/2008,CMH,OH,AGL,CE,Combined TRACON& Tower with Radar,192,174,41,0,407,0,0,0,0,0,192,174,41,0,407,0,0,0,407
02/23/2008,CMH,OH,AGL,CE,Combined TRACON& Tower with Radar,161,183,24,0,368,0,2,40,7,49,161,185,64,7,417,0,0,0,417
02/24/2008,CMH,OH,AGL,CE,Combined TRACON& Tower with Radar,183,205,27,0,415,0,1,28,0,29,183,206,55,0,444,0,0,0,444
02/25/2008,CMH,OH,AGL,CE,Combined TRACON& Tower with Radar,195,217,54,2,468,0,0,18,3,21,195,217,72,5,489,6,4,10,499
02/26/2008,CMH,OH,AGL,CE,Combined TRACON& Tower with Radar,189,210,52,0,451,0,0,0,0,0,189,210,52,0,451,0,0,0,451
02/27/2008,CMH,OH,AGL,CE,Combined TRACON& Tower with Radar,209,241,72,5,527,0,0,17,0,17,209,241,89,5,544,10,0,10,554
02/28/2008,CMH,OH,AGL,CE,Combined TRACON& Tower with Radar,209,233,71,0,513,0,1,57,5,63,209,234,128,5,576,14,0,14,590
02/29/2008,CMH,OH,AGL,CE,Combined TRACON& Tower with Radar,197,217,55,3,472,0,0,7,0,7,197,217,62,3,479,0,0,0,479
03/01/2008,CMH,OH,AGL,CE,Combined TRACON& Tower with Radar,161,178,44,0,383,0,0,0,0,0,161,178,44,0,383,0,0,0,383
03/02/2008,CMH,OH,AGL,CE,Combined TRACON& Tower with Radar,0,0,25,0,25,0,0,0,0,0,0,0,25,0,25,26,0,26,51
03/03/2008,CMH,OH,AGL,CE,Combined TRACON& Tower with Radar,209,206,42,1,458,0,0,28,2,30,209,206,70,3,488,14,2,16,504
03/04/2008,CMH,OH,AGL,CE,Combined TRACON& Tower with Radar,198,215,54,0,467,0,0,0,0,0,198,215,54,0,467,0,0,0,467
03/05/2008,CMH,OH,AGL,CE,Combined TRACON& Tower with Radar,209,202,85,1,497,0,0,10,4,14,209,202,95,5,511,10,0,10,521
03/06/2008,CMH,OH,AGL,CE,Combined TRACON& Tower with Radar,198,251,84,8,541,0,0,38,7,45,198,251,122,15,586,10,0,10,596
03/07/2008,CMH,OH,AGL,CE,Combined TRACON& Tower with Radar,125,119,42,0,286,0,0,17,0,17,125,119,59,0,303,0,0,0,303
03/08/2008,CMH,OH,AGL,CE,Combined TRACON& Tower with Radar,52,23,5,0,80,0,0,0,0,0,52,23,5,0,80,0,0,0,80
03/09/2008,CMH,OH,AGL,CE,Combined TRACON& Tower with Radar,171,194,51,0,416,0,0,21,2,23,171,194,72,2,439,0,0,0,439
03/10/2008,CMH,OH,AGL,CE,Combined TRACON& Tower with Radar,207,211,53,0,471,0,2,18,3,23,207,213,71,3,494,0,0,0,494
03/11/2008,CMH,OH,AGL,CE,Combined TRACON& Tower with Radar,205,267,69,2,543,0,0,0,0,0,205,267,69,2,543,42,0,42,585
03/12/2008,CMH,OH,AGL,CE,Combined TRACON& Tower with Radar,204,218,78,3,503,0,2,67,2,71,204,220,145,5,574,20,0,20,594
03/13/2008,CMH,OH,AGL,CE,Combined TRACON& Tower with Radar,210,231,80,2,523,0,0,40,2,42,210,231,120,4,565,10,0,10,575
03/14/2008,CMH,OH,AGL,CE,Combined TRACON& Tower with Radar,0,1,8,0,9,0,0,0,1,1,0,1,8,1,10,0,0,0,10
03/15/2008,CMH,OH,AGL,CE,Combined TRACON& Tower with Radar,145,154,31,0,330,0,0,0,0,0,145,154,31,0,330,0,0,0,330
03/16/2008,CMH,OH,AGL,CE,Combined TRACON& Tower with Radar,0,0,10,0,10,0,0,0,0,0,0,0,10,0,10,18,0,18,28
03/17/2008,CMH,OH,AGL,CE,Combined TRACON& Tower with Radar,206,215,53,0,474,0,1,31,10,42,206,216,84,10,516,0,0,0,516
03/18/2008,CMH,OH,AGL,CE,Combined TRACON& Tower with Radar,198,203,63,0,464,0,0,4,0,4,198,203,67,0,468,0,0,0,468
03/19/2008,CMH,OH,AGL,CE,Combined TRACON& Tower with Radar,204,220,72,0,496,0,0,0,0,0,204,220,72,0,496,0,0,0,496
03/20/2008,CMH,OH,AGL,CE,Combined TRACON& Tower with Radar,214,230,72,14,530,0,7,77,1,85,214,237,149,15,615,20,0,20,635
03/21/2008,CMH,OH,AGL,CE,Combined TRACON& Tower with Radar,198,198,43,0,439,1,0,32,2,35,199,198,75,2,474,0,0,0,474
03/22/2008,CMH,OH,AGL,CE,Combined TRACON& Tower with Radar,198,198,43,0,439,0,0,0,0,0,198,198,43,0,439,0,0,0,439
03/23/2008,CMH,OH,AGL,CE,Combined TRACON& Tower with Radar,180,187,36,0,403,0,0,21,2,23,180,187,57,2,426,22,0,22,448
03/24/2008,CMH,OH,AGL,CE,Combined TRACON& Tower with Radar,211,204,52,0,467,0,0,86,3,89,211,204,138,3,556,24,2,26,582
03/25/2008,CMH,OH,AGL,CE,Combined TRACON& Tower with Radar,202,218,69,0,489,0,1,4,2,7,202,219,73,2,496,20,0,20,516
03/26/2008,CMH,OH,AGL,CE,Combined TRACON& Tower with Radar,207,218,55,0,480,0,0,0,0,0,207,218,55,0,480,28,0,28,508
03/27/2008,CMH,OH,AGL,CE,Combined TRACON& Tower with Radar,197,223,62,4,486,0,0,2,1,3,197,223,64,5,489,0,0,0,489
03/28/2008,CMH,OH,AGL,CE,Combined TRACON& Tower with Radar,0,0,12,0,12,0,0,0,0,0,0,0,12,0,12,0,0,0,12
03/29/2008,CMH,OH,AGL,CE,Combined TRACON& Tower with Radar,163,174,40,0,377,0,0,0,0,0,163,174,40,0,377,0,0,0,377
03/30/2008,CMH,OH,AGL,CE,Combined TRACON& Tower with Radar,184,199,39,1,423,0,0,8,1,9,184,199,47,2,432,0,0,0,432
03/31/2008,CMH,OH,AGL,CE,Combined TRACON& Tower with Radar,201,219,63,0,483,0,0,13,3,16,201,219,76,3,499,0,0,0,499
04/01/2008,CMH,OH,AGL,CE,Combined TRACON& Tower with Radar,128,201,68,4,401,0,0,9,0,9,128,201,77,4,410,10,0,10,420
04/02/2008,CMH,OH,AGL,CE,Combined TRACON& Tower with Radar,212,213,53,0,478,0,1,62,7,70,212,214,115,7,548,10,0,10,558
04/03/2008,CMH,OH,AGL,CE,Combined TRACON& Tower with Radar,202,216,70,0,488,0,1,33,2,36,202,217,103,2,524,0,0,0,524
04/04/2008,CMH,OH,AGL,CE,Combined TRACON& Tower with Radar,207,222,59,0,488,0,0,1,0,1,207,222,60,0,489,0,0,0,489
04/05/2008,CMH,OH,AGL,CE,Combined TRACON& Tower with Radar,207,222,59,0,488,0,0,0,0,0,207,222,59,0,488,0,0,0,488
04/06/2008,CMH,OH,AGL,CE,Combined TRACON& Tower with Radar,138,181,36,0,355,0,0,158,5,163,138,181,194,5,518,22,0,22,540
04/07/2008,CMH,OH,AGL,CE,Combined TRACON& Tower with Radar,162,208,68,0,438,0,0,44,7,51,162,208,112,7,489,25,0,25,514
04/08/2008,CMH,OH,AGL,CE,Combined TRACON& Tower with Radar,156,202,90,0,448,0,0,124,8,132,156,202,214,8,580,22,0,22,602
04/09/2008,CMH,OH,AGL,CE,Combined TRACON& Tower with Radar,164,210,80,2,456,0,3,0,5,8,164,213,80,7,464,10,0,10,474
04/10/2008,CMH,OH,AGL,CE,Combined TRACON& Tower with Radar,151,206,72,2,431,0,2,38,4,44,151,208,110,6,475,10,0,10,485
04/11/2008,CMH,OH,AGL,CE,Combined TRACON& Tower with Radar,157,204,63,0,424,0,0,8,2,10,157,204,71,2,434,0,0,0,434
04/12/2008,CMH,OH,AGL,CE,Combined TRACON& Tower with Radar,128,156,20,0,304,0,0,0,0,0,128,156,20,0,304,0,0,0,304
04/13/2008,CMH,OH,AGL,CE,Combined TRACON& Tower with Radar,0,0,16,0,16,0,0,0,0,0,0,0,16,0,16,22,0,22,38
04/14/2008,CMH,OH,AGL,CE,Combined TRACON& Tower with Radar,164,199,49,0,412,0,0,66,1,67,164,199,115,1,479,30,0,30,509
04/15/2008,CMH,OH,AGL,CE,Combined TRACON& Tower with Radar,163,220,67,0,450,0,1,152,4,157,163,221,219,4,607,18,0,18,625
04/16/2008,CMH,OH,AGL,CE,Combined TRACON& Tower with Radar,158,208,71,0,437,0,1,64,2,67,158,209,135,2,504,16,0,16,520
04/17/2008,CMH,OH,AGL,CE,Combined TRACON& Tower with Radar,0,0,52,0,52,0,0,0,0,0,0,0,52,0,52,22,0,22,74
04/18/2008,CMH,OH,AGL,CE,Combined TRACON& Tower with Radar,167,194,70,6,437,0,0,0,0,0,167,194,70,6,437,40,0,40,477
04/19/2008,CMH,OH,AGL,CE,Combined TRACON& Tower with Radar,122,149,23,0,294,0,0,0,0,0,122,149,23,0,294,0,0,0,294
04/20/2008,CMH,OH,AGL,CE,Combined TRACON& Tower with Radar,0,0,16,0,16,0,0,0,0,0,0,0,16,0,16,14,0,14,30
04/21/2008,CMH,OH,AGL,CE,Combined TRACON& Tower with Radar,171,231,93,4,499,0,1,101,4,106,171,232,194,8,605,16,0,16,621
04/22/2008,CMH,OH,AGL,CE,Combined TRACON& Tower with Radar,161,216,68,6,451,0,2,78,4,84,161,218,146,10,535,24,4,28,563
04/23/2008,CMH,OH,AGL,CE,Combined TRACON& Tower with Radar,161,208,84,0,453,0,1,49,2,52,161,209,133,2,505,10,0,10,515
04/24/2008,CMH,OH,AGL,CE,Combined TRACON& Tower with Radar,164,196,64,2,426,0,2,51,3,56,164,198,115,5,482,0,0,0,482
04/25/2008,CMH,OH,AGL,CE,Combined TRACON& Tower with Radar,0,0,52,0,52,0,0,0,0,0,0,0,52,0,52,26,0,26,78
04/26/2008,CMH,OH,AGL,CE,Combined TRACON& Tower with Radar,129,143,25,2,299,0,0,30,7,37,129,143,55,9,336,0,0,0,336
04/27/2008,CMH,OH,AGL,CE,Combined TRACON& Tower with Radar,141,169,48,0,358,0,0,142,5,147,141,169,190,5,505,12,0,12,517
04/28/2008,CMH,OH,AGL,CE,Combined TRACON& Tower with Radar,160,194,56,0,410,0,0,13,3,16,160,194,69,3,426,0,0,0,426
04/29/2008,CMH,OH,AGL,CE,Combined TRACON& Tower with Radar,167,200,68,0,435,0,0,48,0,48,167,200,116,0,483,14,0,14,497
04/30/2008,CMH,OH,AGL,CE,Combined TRACON& Tower with Radar,163,213,103,0,479,0,2,58,5,65,163,215,161,5,544,10,0,10,554
05/01/2008,CMH,OH,AGL,CE,Combined TRACON& Tower with Radar,164,210,80,2,456,0,1,36,14,51,164,211,116,16,507,14,0,14,521
05/02/2008,CMH,OH,AGL,CE,Combined TRACON& Tower with Radar,168,194,65,0,427,0,0,0,0,0,168,194,65,0,427,20,0,20,447
05/03/2008,CMH,OH,AGL,CE,Combined TRACON& Tower with Radar,168,194,65,0,427,0,0,0,0,0,168,194,65,0,427,0,0,0,427
05/04/2008,CMH,OH,AGL,CE,Combined TRACON& Tower with Radar,143,160,44,0,347,0,0,92,5,97,143,160,136,5,444,22,0,22,466
05/05/2008,CMH,OH,AGL,CE,Combined TRACON& Tower with Radar,163,189,50,4,406,0,0,0,0,0,163,189,50,4,406,26,0,26,432
05/06/2008,CMH,OH,AGL,CE,Combined TRACON& Tower with Radar,160,207,81,6,454,0,0,0,0,0,160,207,81,6,454,20,0,20,474
05/07/2008,CMH,OH,AGL,CE,Combined TRACON& Tower with Radar,160,213,78,4,455,0,1,43,4,48,160,214,121,8,503,12,0,12,515
05/08/2008,CMH,OH,AGL,CE,Combined TRACON& Tower with Radar,165,215,93,0,473,0,1,10,0,11,165,216,103,0,484,0,0,0,484
05/09/2008,CMH,OH,AGL,CE,Combined TRACON& Tower with Radar,160,190,70,0,420,0,0,8,1,9,160,190,78,1,429,0,0,0,429
05/10/2008,CMH,OH,AGL,CE,Combined TRACON& Tower with Radar,125,146,49,0,320,0,1,62,5,68,125,147,111,5,388,46,4,50,438
05/11/2008,CMH,OH,AGL,CE,Combined TRACON& Tower with Radar,0,0,12,0,12,0,0,0,0,0,0,0,12,0,12,10,0,10,22
05/12/2008,CMH,OH,AGL,CE,Combined TRACON& Tower with Radar,162,199,58,0,419,0,1,38,1,40,162,200,96,1,459,4,0,4,463
05/13/2008,CMH,OH,AGL,CE,Combined TRACON& Tower with Radar,161,204,87,0,452,0,0,0,0,0,161,204,87,0,452,22,0,22,474
05/14/2008,CMH,OH,AGL,CE,Combined TRACON& Tower with Radar,169,204,99,2,474,0,1,6,1,8,169,205,105,3,482,0,0,0,482
05/15/2008,CMH,OH,AGL,CE,Combined TRACON& Tower with Radar,168,209,135,5,517,0,0,66,1,67,168,209,201,6,584,20,0,20,604
05/16/2008,CMH,OH,AGL,CE,Combined TRACON& Tower with Radar,163,186,92,0,441,0,1,47,4,52,163,187,139,4,493,0,0,0,493
05/17/2008,CMH,OH,AGL,CE,Combined TRACON& Tower with Radar,124,146,59,0,329,0,2,90,4,96,124,148,149,4,425,0,0,0,425
05/18/2008,CMH,OH,AGL,CE,Combined TRACON& Tower with Radar,150,161,84,1,396,0,0,0,0,0,150,161,84,1,396,22,0,22,418
05/19/2008,CMH,OH,AGL,CE,Combined TRACON& Tower with Radar,168,197,81,0,446,0,2,68,4,74,168,199,149,4,520,10,0,10,530
05/20/2008,CMH,OH,AGL,CE,Combined TRACON& Tower with Radar,156,193,85,0,434,0,0,0,0,0,156,193,85,0,434,22,0,22,456
05/21/2008,CMH,OH,AGL,CE,Combined TRACON& Tower with Radar,172,195,85,0,452,0,1,37,3,41,172,196,122,3,493,10,0,10,503
05/22/2008,CMH,OH,AGL,CE,Combined TRACON& Tower with Radar,170,193,62,0,425,0,1,56,1,58,170,194,118,1,483,10,0,10,493
05/23/2008,CMH,OH,AGL,CE,Combined TRACON& Tower with Radar,165,187,63,0,415,0,0,0,0,0,165,187,63,0,415,40,0,40,455
05/24/2008,CMH,OH,AGL,CE,Combined TRACON& Tower with Radar,119,131,13,0,263,0,0,51,10,61,119,131,64,10,324,0,0,0,324
05/25/2008,CMH,OH,AGL,CE,Combined TRACON& Tower with Radar,0,0,12,0,12,0,0,0,0,0,0,0,12,0,12,26,0,26,38
05/26/2008,CMH,OH,AGL,CE,Combined TRACON& Tower with Radar,153,161,20,0,334,0,0,40,5,45,153,161,60,5,379,20,4,24,403
05/27/2008,CMH,OH,AGL,CE,Combined TRACON& Tower with Radar,160,186,65,1,412,0,0,12,4,16,160,186,77,5,428,20,0,20,448
05/28/2008,CMH,OH,AGL,CE,Combined TRACON& Tower with Radar,168,203,101,0,472,0,1,62,4,67,168,204,163,4,539,20,0,20,559
05/29/2008,CMH,OH,AGL,CE,Combined TRACON& Tower with Radar,0,0,46,0,46,0,0,0,0,0,0,0,46,0,46,26,0,26,72
05/30/2008,CMH,OH,AGL,CE,Combined TRACON& Tower with Radar,164,199,58,0,421,0,2,52,10,64,164,201,110,10,485,0,0,0,485
05/31/2008,CMH,OH,AGL,CE,Combined TRACON& Tower with Radar,119,148,22,0,289,0,0,0,0,0,119,148,22,0,289,0,0,0,289
06/01/2008,CMH,OH,AGL,CE,Combined TRACON& Tower with Radar,152,162,35,0,349,0,1,77,4,82,152,163,112,4,431,12,0,12,443
06/02/2008,CMH,OH,AGL,CE,Combined TRACON& Tower with Radar,160,190,67,0,417,0,0,35,5,40,160,190,102,5,457,28,0,28,485
06/03/2008,CMH,OH,AGL,CE,Combined TRACON& Tower with Radar,161,186,50,0,397,0,0,12,2,14,161,186,62,2,411,4,0,4,415
06/04/2008,CMH,OH,AGL,CE,Combined TRACON& Tower with Radar,162,193,58,0,413,0,0,10,2,12,162,193,68,2,425,0,0,0,425
06/05/2008,CMH,OH,AGL,CE,Combined TRACON& Tower with Radar,173,209,79,0,461,0,2,35,5,42,173,211,114,5,503,20,0,20,523
06/06/2008,CMH,OH,AGL,CE,Combined TRACON& Tower with Radar,173,177,54,0,404,0,3,76,5,84,173,180,130,5,488,0,0,0,488
06/07/2008,CMH,OH,AGL,CE,Combined TRACON& Tower with Radar,145,142,25,0,312,0,0,85,0,85,145,142,110,0,397,0,0,0,397
06/08/2008,CMH,OH,AGL,CE,Combined TRACON& Tower with Radar,169,148,34,0,351,0,0,109,15,124,169,148,143,15,475,12,0,12,487
06/09/2008,CMH,OH,AGL,CE,Combined TRACON& Tower with Radar,181,169,55,0,405,0,0,22,6,28,181,169,77,6,433,26,0,26,459
06/10/2008,CMH,OH,AGL,CE,Combined TRACON& Tower with Radar,175,182,69,0,426,0,1,43,2,46,175,183,112,2,472,20,0,20,492
06/11/2008,CMH,OH,AGL,CE,Combined TRACON& Tower with Radar,175,198,78,0,451,0,0,60,9,69,175,198,138,9,520,20,0,20,540
06/12/2008,CMH,OH,AGL,CE,Combined TRACON& Tower with Radar,175,190,66,0,431,0,1,57,1,59,175,191,123,1,490,20,0,20,510
06/13/2008,CMH,OH,AGL,CE,Combined TRACON& Tower with Radar,175,183,60,0,418,0,2,73,10,85,175,185,133,10,503,0,0,0,503
06/14/2008,CMH,OH,AGL,CE,Combined TRACON& Tower with Radar,144,130,44,0,318,0,1,15,3,19,144,131,59,3,337,0,0,0,337
06/15/2008,CMH,OH,AGL,CE,Combined TRACON& Tower with Radar,174,161,36,0,371,0,0,90,7,97,174,161,126,7,468,10,0,10,478
06/16/2008,CMH,OH,AGL,CE,Combined TRACON& Tower with Radar,170,185,51,0,406,0,0,29,2,31,170,185,80,2,437,28,0,28,465
06/17/2008,CMH,OH,AGL,CE,Combined TRACON& Tower with Radar,177,219,76,8,480,0,3,56,1,60,177,222,132,9,540,24,2,26,566
06/18/2008,CMH,OH,AGL,CE,Combined TRACON& Tower with Radar,168,196,65,0,429,0,4,45,1,50,168,200,110,1,479,20,0,20,499
06/19/2008,CMH,OH,AGL,CE,Combined TRACON& Tower with Radar,179,188,76,0,443,0,2,71,7,80,179,190,147,7,523,20,0,20,543
06/20/2008,CMH,OH,AGL,CE,Combined TRACON& Tower with Radar,178,178,73,0,429,0,1,85,6,92,178,179,158,6,521,12,0,12,533
06/21/2008,CMH,OH,AGL,CE,Combined TRACON& Tower with Radar,145,122,15,0,282,0,0,33,4,37,145,122,48,4,319,0,0,0,319
06/22/2008,CMH,OH,AGL,CE,Combined TRACON& Tower with Radar,167,142,42,0,351,0,0,36,4,40,167,142,78,4,391,10,0,10,401
06/23/2008,CMH,OH,AGL,CE,Combined TRACON& Tower with Radar,178,181,77,0,436,0,0,26,2,28,178,181,103,2,464,14,0,14,478
06/24/2008,CMH,OH,AGL,CE,Combined TRACON& Tower with Radar,175,193,78,2,448,0,0,65,2,67,175,193,143,4,515,16,2,18,533
06/25/2008,CMH,OH,AGL,CE,Combined TRACON& Tower with Radar,180,194,74,0,448,0,1,45,1,47,180,195,119,1,495,20,0,20,515
06/26/2008,CMH,OH,AGL,CE,Combined TRACON& Tower with Radar,173,184,84,0,441,0,0,36,8,44,173,184,120,8,485,22,0,22,507
06/27/2008,CMH,OH,AGL,CE,Combined TRACON& Tower with Radar,178,174,66,1,419,0,0,34,4,38,178,174,100,5,457,22,0,22,479
06/28/2008,CMH,OH,AGL,CE,Combined TRACON& Tower with Radar,154,121,50,3,328,0,0,0,1,1,154,121,50,4,329,0,0,0,329
06/29/2008,CMH,OH,AGL,CE,Combined TRACON& Tower with Radar,169,170,59,4,402,0,0,115,13,128,169,170,174,17,530,24,0,24,554
06/30/2008,CMH,OH,AGL,CE,Combined TRACON& Tower with Radar,183,158,113,0,454,0,0,82,2,84,183,158,195,2,538,20,0,20,558
07/01/2008,CMH,OH,AGL,CE,Combined TRACON& Tower with Radar,179,170,73,0,422,0,0,89,2,91,179,170,162,2,513,0,0,0,513
07/02/2008,CMH,OH,AGL,CE,Combined TRACON& Tower with Radar,174,182,101,0,457,0,0,65,7,72,174,182,166,7,529,0,0,0,529
07/03/2008,CMH,OH,AGL,CE,Combined TRACON& Tower with Radar,182,170,51,1,404,0,1,19,1,21,182,171,70,2,425,0,0,0,425
07/04/2008,CMH,OH,AGL,CE,Combined TRACON& Tower with Radar,135,122,10,0,267,0,0,1,3,4,135,122,11,3,271,0,0,0,271
07/05/2008,CMH,OH,AGL,CE,Combined TRACON& Tower with Radar,130,121,19,2,272,0,0,13,7,20,130,121,32,9,292,0,0,0,292
07/06/2008,CMH,OH,AGL,CE,Combined TRACON& Tower with Radar,158,155,32,1,346,0,0,31,6,37,158,155,63,7,383,0,0,0,383
07/07/2008,CMH,OH,AGL,CE,Combined TRACON& Tower with Radar,184,171,53,0,408,0,0,57,11,68,184,171,110,11,476,0,0,0,476
07/08/2008,CMH,OH,AGL,CE,Combined TRACON& Tower with Radar,165,190,47,2,404,0,0,50,4,54,165,190,97,6,458,0,0,0,458
07/09/2008,CMH,OH,AGL,CE,Combined TRACON& Tower with Radar,172,189,76,0,437,0,1,38,2,41,172,190,114,2,478,0,0,0,478
07/10/2008,CMH,OH,AGL,CE,Combined TRACON& Tower with Radar,173,188,63,2,426,0,0,87,3,90,173,188,150,5,516,0,0,0,516
07/11/2008,CMH,OH,AGL,CE,Combined TRACON& Tower with Radar,181,175,67,5,428,0,1,64,10,75,181,176,131,15,503,0,0,0,503
07/12/2008,CMH,OH,AGL,CE,Combined TRACON& Tower with Radar,136,131,24,8,299,0,1,21,9,31,136,132,45,17,330,0,0,0,330
07/13/2008,CMH,OH,AGL,CE,Combined TRACON& Tower with Radar,157,153,50,2,362,0,0,40,2,42,157,153,90,4,404,0,0,0,404
07/14/2008,CMH,OH,AGL,CE,Combined TRACON& Tower with Radar,182,162,65,0,409,0,0,71,12,83,182,162,136,12,492,0,0,0,492
07/15/2008,CMH,OH,AGL,CE,Combined TRACON& Tower with Radar,166,195,54,0,415,0,2,68,6,76,166,197,122,6,491,0,0,0,491
07/16/2008,CMH,OH,AGL,CE,Combined TRACON& Tower with Radar,176,186,66,0,428,0,2,79,2,83,176,188,145,2,511,0,0,0,511
07/17/2008,CMH,OH,AGL,CE,Combined TRACON& Tower with Radar,170,198,65,2,435,0,1,85,9,95,170,199,150,11,530,0,0,0,530
07/18/2008,CMH,OH,AGL,CE,Combined TRACON& Tower with Radar,176,167,66,0,409,0,1,75,9,85,176,168,141,9,494,0,0,0,494
07/19/2008,CMH,OH,AGL,CE,Combined TRACON& Tower with Radar,134,144,32,0,310,0,2,46,11,59,134,146,78,11,369,0,0,0,369
07/20/2008,CMH,OH,AGL,CE,Combined TRACON& Tower with Radar,162,138,51,2,353,0,0,34,7,41,162,138,85,9,394,0,0,0,394
07/21/2008,CMH,OH,AGL,CE,Combined TRACON& Tower with Radar,175,183,83,0,441,0,0,59,4,63,175,183,142,4,504,0,0,0,504
07/22/2008,CMH,OH,AGL,CE,Combined TRACON& Tower with Radar,168,184,46,0,398,0,0,59,5,64,168,184,105,5,462,0,0,0,462
07/23/2008,CMH,OH,AGL,CE,Combined TRACON& Tower with Radar,159,172,92,2,425,0,2,60,5,67,159,174,152,7,492,0,0,0,492
07/24/2008,CMH,OH,AGL,CE,Combined TRACON& Tower with Radar,174,190,77,1,442,0,3,72,10,85,174,193,149,11,527,0,0,0,527
07/25/2008,CMH,OH,AGL,CE,Combined TRACON& Tower with Radar,179,194,65,2,440,0,0,73,7,80,179,194,138,9,520,0,0,0,520
07/26/2008,CMH,OH,AGL,CE,Combined TRACON& Tower with Radar,136,136,25,0,297,0,1,24,4,29,136,137,49,4,326,0,0,0,326
07/27/2008,CMH,OH,AGL,CE,Combined TRACON& Tower with Radar,161,135,50,0,346,0,1,72,13,86,161,136,122,13,432,0,0,0,432
07/28/2008,CMH,OH,AGL,CE,Combined TRACON& Tower with Radar,180,193,55,0,428,0,0,54,7,61,180,193,109,7,489,0,0,0,489
07/29/2008,CMH,OH,AGL,CE,Combined TRACON& Tower with Radar,169,197,71,0,437,0,0,64,8,72,169,197,135,8,509,0,0,0,509
07/30/2008,CMH,OH,AGL,CE,Combined TRACON& Tower with Radar,168,183,63,0,414,0,2,41,7,50,168,185,104,7,464,0,0,0,464
07/31/2008,CMH,OH,AGL,CE,Combined TRACON& Tower with Radar,169,198,59,0,426,0,2,64,11,77,169,200,123,11,503,0,0,0,503
08/01/2008,CMH,OH,AGL,CE,Combined TRACON& Tower with Radar,177,181,60,0,418,0,3,57,12,72,177,184,117,12,490,0,0,0,490
08/02/2008,CMH,OH,AGL,CE,Combined TRACON& Tower with Radar,136,128,12,0,276,0,0,41,9,50,136,128,53,9,326,0,0,0,326
08/03/2008,CMH,OH,AGL,CE,Combined TRACON& Tower with Radar,161,147,39,0,347,0,0,36,6,42,161,147,75,6,389,0,0,0,389
08/04/2008,CMH,OH,AGL,CE,Combined TRACON& Tower with Radar,162,171,59,0,392,0,0,41,7,48,162,171,100,7,440,0,0,0,440
08/05/2008,CMH,OH,AGL,CE,Combined TRACON& Tower with Radar,166,190,61,0,417,0,0,31,0,31,166,190,92,0,448,0,0,0,448
08/06/2008,CMH,OH,AGL,CE,Combined TRACON& Tower with Radar,166,195,104,0,465,0,1,42,7,50,166,196,146,7,515,0,0,0,515
08/07/2008,CMH,OH,AGL,CE,Combined TRACON& Tower with Radar,175,165,61,0,401,0,1,46,2,49,175,166,107,2,450,0,0,0,450
08/08/2008,CMH,OH,AGL,CE,Combined TRACON& Tower with Radar,170,190,46,6,412,0,1,60,9,70,170,191,106,15,482,0,0,0,482
08/09/2008,CMH,OH,AGL,CE,Combined TRACON& Tower with Radar,140,142,19,0,301,0,3,49,5,57,140,145,68,5,358,0,0,0,358
08/10/2008,CMH,OH,AGL,CE,Combined TRACON& Tower with Radar,156,145,37,0,338,0,0,41,7,48,156,145,78,7,386,0,0,0,386
08/11/2008,CMH,OH,AGL,CE,Combined TRACON& Tower with Radar,171,180,82,1,434,0,2,38,6,46,171,182,120,7,480,0,0,0,480
08/12/2008,CMH,OH,AGL,CE,Combined TRACON& Tower with Radar,172,192,86,0,450,0,2,67,9,78,172,194,153,9,528,0,0,0,528
08/13/2008,CMH,OH,AGL,CE,Combined TRACON& Tower with Radar,171,187,85,0,443,0,3,81,8,92,171,190,166,8,535,0,0,0,535
08/14/2008,CMH,OH,AGL,CE,Combined TRACON& Tower with Radar,170,188,77,0,435,0,5,37,8,50,170,193,114,8,485,0,0,0,485
08/15/2008,CMH,OH,AGL,CE,Combined TRACON& Tower with Radar,171,176,61,4,412,0,3,52,12,67,171,179,113,16,479,0,0,0,479
08/16/2008,CMH,OH,AGL,CE,Combined TRACON& Tower with Radar,136,139,28,0,303,0,3,48,17,68,136,142,76,17,371,0,0,0,371
08/17/2008,CMH,OH,AGL,CE,Combined TRACON& Tower with Radar,162,163,38,0,363,0,3,37,11,51,162,166,75,11,414,0,0,0,414
08/18/2008,CMH,OH,AGL,CE,Combined TRACON& Tower with Radar,170,179,72,0,421,0,1,59,7,67,170,180,131,7,488,0,0,0,488
08/19/2008,CMH,OH,AGL,CE,Combined TRACON& Tower with Radar,166,197,58,2,423,0,1,52,5,58,166,198,110,7,481,0,0,0,481
08/20/2008,CMH,OH,AGL,CE,Combined TRACON& Tower with Radar,163,206,71,0,440,0,2,51,22,75,163,208,122,22,515,0,0,0,515
08/21/2008,CMH,OH,AGL,CE,Combined TRACON& Tower with Radar,171,196,65,1,433,0,2,51,6,59,171,198,116,7,492,0,0,0,492
08/22/2008,CMH,OH,AGL,CE,Combined TRACON& Tower with Radar,178,185,52,0,415,0,3,60,16,79,178,188,112,16,494,0,0,0,494
08/23/2008,CMH,OH,AGL,CE,Combined TRACON& Tower with Radar,118,126,33,0,277,0,1,46,9,56,118,127,79,9,333,0,0,0,333
08/24/2008,CMH,OH,AGL,CE,Combined TRACON& Tower with Radar,150,159,23,0,332,0,1,33,7,41,150,160,56,7,373,0,0,0,373
08/25/2008,CMH,OH,AGL,CE,Combined TRACON& Tower with Radar,164,181,72,1,418,0,0,35,1,36,164,181,107,2,454,0,0,0,454
08/26/2008,CMH,OH,AGL,CE,Combined TRACON& Tower with Radar,165,188,55,1,409,0,3,44,1,48,165,191,99,2,457,0,0,0,457
08/27/2008,CMH,OH,AGL,CE,Combined TRACON& Tower with Radar,168,192,69,0,429,0,1,1,3,5,168,193,70,3,434,0,0,0,434
08/28/2008,CMH,OH,AGL,CE,Combined TRACON& Tower with Radar,161,192,85,2,440,0,1,16,3,20,161,193,101,5,460,0,0,0,460
08/29/2008,CMH,OH,AGL,CE,Combined TRACON& Tower with Radar,166,184,47,0,397,0,1,29,3,33,166,185,76,3,430,0,0,0,430
08/30/2008,CMH,OH,AGL,CE,Combined TRACON& Tower with Radar,116,120,12,0,248,0,1,27,6,34,116,121,39,6,282,0,0,0,282
08/31/2008,CMH,OH,AGL,CE,Combined TRACON& Tower with Radar,119,134,16,0,269,0,0,26,7,33,119,134,42,7,302,0,0,0,302
09/01/2008,CMH,OH,AGL,CE,Combined TRACON& Tower with Radar,154,160,33,0,347,0,0,40,8,48,154,160,73,8,395,0,0,0,395
09/02/2008,CMH,OH,AGL,CE,Combined TRACON& Tower with Radar,160,184,58,0,402,0,0,50,7,57,160,184,108,7,459,0,0,0,459
09/03/2008,CMH,OH,AGL,CE,Combined TRACON& Tower with Radar,162,171,72,0,405,0,2,38,8,48,162,173,110,8,453,0,0,0,453
09/04/2008,CMH,OH,AGL,CE,Combined TRACON& Tower with Radar,162,177,94,4,437,0,5,62,6,73,162,182,156,10,510,0,0,0,510
09/05/2008,CMH,OH,AGL,CE,Combined TRACON& Tower with Radar,163,171,63,0,397,0,2,26,7,35,163,173,89,7,432,0,0,0,432
09/06/2008,CMH,OH,AGL,CE,Combined TRACON& Tower with Radar,119,119,22,0,260,0,1,34,9,44,119,120,56,9,304,0,0,0,304
09/07/2008,CMH,OH,AGL,CE,Combined TRACON& Tower with Radar,156,144,29,0,329,0,1,39,5,45,156,145,68,5,374,0,0,0,374
09/08/2008,CMH,OH,AGL,CE,Combined TRACON& Tower with Radar,162,182,79,0,423,0,0,56,4,60,162,182,135,4,483,0,0,0,483
09/09/2008,CMH,OH,AGL,CE,Combined TRACON& Tower with Radar,158,165,104,0,427,0,2,22,9,33,158,167,126,9,460,0,0,0,460
09/10/2008,CMH,OH,AGL,CE,Combined TRACON& Tower with Radar,160,178,78,6,422,0,5,55,6,66,160,183,133,12,488,0,0,0,488
09/11/2008,CMH,OH,AGL,CE,Combined TRACON& Tower with Radar,164,191,72,0,427,0,4,65,15,84,164,195,137,15,511,0,0,0,511
09/12/2008,CMH,OH,AGL,CE,Combined TRACON& Tower with Radar,163,193,49,0,405,0,1,32,0,33,163,194,81,0,438,0,0,0,438
09/13/2008,CMH,OH,AGL,CE,Combined TRACON& Tower with Radar,124,104,30,0,258,0,0,25,15,40,124,104,55,15,298,0,0,0,298
09/14/2008,CMH,OH,AGL,CE,Combined TRACON& Tower with Radar,143,107,37,0,287,0,1,7,6,14,143,108,44,6,301,0,0,0,301
09/15/2008,CMH,OH,AGL,CE,Combined TRACON& Tower with Radar,171,193,82,0,446,0,1,51,10,62,171,194,133,10,508,0,0,0,508
09/16/2008,CMH,OH,AGL,CE,Combined TRACON& Tower with Radar,160,170,71,0,401,0,0,65,11,76,160,170,136,11,477,0,0,0,477
09/17/2008,CMH,OH,AGL,CE,Combined TRACON& Tower with Radar,157,171,78,0,406,0,3,46,9,58,157,174,124,9,464,0,0,0,464
09/18/2008,CMH,OH,AGL,CE,Combined TRACON& Tower with Radar,171,189,61,0,421,0,3,76,11,90,171,192,137,11,511,0,0,0,511
09/19/2008,CMH,OH,AGL,CE,Combined TRACON& Tower with Radar,162,190,81,0,433,0,2,69,9,80,162,192,150,9,513,0,0,0,513
09/20/2008,CMH,OH,AGL,CE,Combined TRACON& Tower with Radar,126,116,35,0,277,0,0,57,5,62,126,116,92,5,339,0,0,0,339
09/21/2008,CMH,OH,AGL,CE,Combined TRACON& Tower with Radar,157,141,35,0,333,0,0,31,2,33,157,141,66,2,366,0,0,0,366
09/22/2008,CMH,OH,AGL,CE,Combined TRACON& Tower with Radar,166,185,55,1,407,0,0,40,6,46,166,185,95,7,453,0,0,0,453
09/23/2008,CMH,OH,AGL,CE,Combined TRACON& Tower with Radar,160,164,72,1,397,0,3,49,5,57,160,167,121,6,454,0,0,0,454
09/24/2008,CMH,OH,AGL,CE,Combined TRACON& Tower with Radar,162,175,87,0,424,0,5,63,2,70,162,180,150,2,494,0,0,0,494
09/25/2008,CMH,OH,AGL,CE,Combined TRACON& Tower with Radar,161,166,71,0,398,0,2,51,2,55,161,168,122,2,453,0,0,0,453
09/26/2008,CMH,OH,AGL,CE,Combined TRACON& Tower with Radar,164,155,69,1,389,0,3,37,12,52,164,158,106,13,441,0,0,0,441
09/27/2008,CMH,OH,AGL,CE,Combined TRACON& Tower with Radar,128,106,30,0,264,0,0,32,10,42,128,106,62,10,306,0,0,0,306
09/28/2008,CMH,OH,AGL,CE,Combined TRACON& Tower with Radar,147,143,41,1,332,0,2,32,13,47,147,145,73,14,379,0,0,0,379
09/29/2008,CMH,OH,AGL,CE,Combined TRACON& Tower with Radar,167,177,77,4,425,0,0,42,3,45,167,177,119,7,470,0,0,0,470
09/30/2008,CMH,OH,AGL,CE,Combined TRACON& Tower with Radar,165,175,64,2,406,0,1,22,6,29,165,176,86,8,435,0,0,0,435
10/01/2008,CMH,OH,AGL,CE,Combined TRACON& Tower with Radar,169,168,65,0,402,0,2,48,4,54,169,170,113,4,456,0,0,0,456
10/02/2008,CMH,OH,AGL,CE,Combined TRACON& Tower with Radar,170,178,79,0,427,0,3,55,6,64,170,181,134,6,491,0,0,0,491
10/03/2008,CMH,OH,AGL,CE,Combined TRACON& Tower with Radar,171,167,54,0,392,0,3,49,18,70,171,170,103,18,462,0,0,0,462
10/04/2008,CMH,OH,AGL,CE,Combined TRACON& Tower with Radar,130,115,33,0,278,0,1,48,6,55,130,116,81,6,333,0,0,0,333
10/05/2008,CMH,OH,AGL,CE,Combined TRACON& Tower with Radar,150,137,40,0,327,0,0,65,6,71,150,137,105,6,398,0,0,0,398
10/06/2008,CMH,OH,AGL,CE,Combined TRACON& Tower with Radar,147,146,65,0,358,0,0,32,9,41,147,146,97,9,399,0,0,0,399
10/07/2008,CMH,OH,AGL,CE,Combined TRACON& Tower with Radar,154,158,63,0,375,0,1,56,9,66,154,159,119,9,441,0,0,0,441
10/08/2008,CMH,OH,AGL,CE,Combined TRACON& Tower with Radar,165,174,67,0,406,0,1,18,1,20,165,175,85,1,426,0,0,0,426
10/09/2008,CMH,OH,AGL,CE,Combined TRACON& Tower with Radar,177,197,76,3,453,0,2,64,13,79,177,199,140,16,532,0,0,0,532
10/10/2008,CMH,OH,AGL,CE,Combined TRACON& Tower with Radar,169,163,63,1,396,0,1,53,14,68,169,164,116,15,464,0,0,0,464
10/11/2008,CMH,OH,AGL,CE,Combined TRACON& Tower with Radar,126,109,33,0,268,0,3,59,9,71,126,112,92,9,339,0,0,0,339
10/12/2008,CMH,OH,AGL,CE,Combined TRACON& Tower with Radar,154,137,21,4,316,0,4,65,11,80,154,141,86,15,396,0,0,0,396
10/13/2008,CMH,OH,AGL,CE,Combined TRACON& Tower with Radar,171,179,49,2,401,0,2,54,10,66,171,181,103,12,467,0,0,0,467
10/14/2008,CMH,OH,AGL,CE,Combined TRACON& Tower with Radar,165,178,57,1,401,0,3,40,6,49,165,181,97,7,450,0,0,0,450
10/15/2008,CMH,OH,AGL,CE,Combined TRACON& Tower with Radar,159,183,59,2,403,0,1,47,4,52,159,184,106,6,455,0,0,0,455
10/16/2008,CMH,OH,AGL,CE,Combined TRACON& Tower with Radar,173,182,66,3,424,0,0,31,5,36,173,182,97,8,460,0,0,0,460
10/17/2008,CMH,OH,AGL,CE,Combined TRACON& Tower with Radar,170,162,74,0,406,0,1,56,10,67,170,163,130,10,473,0,0,0,473
10/18/2008,CMH,OH,AGL,CE,Combined TRACON& Tower with Radar,128,104,33,1,266,0,0,39,7,46,128,104,72,8,312,0,0,0,312
10/19/2008,CMH,OH,AGL,CE,Combined TRACON& Tower with Radar,155,145,42,1,343,0,0,41,3,44,155,145,83,4,387,0,0,0,387
10/20/2008,CMH,OH,AGL,CE,Combined TRACON& Tower with Radar,171,175,62,0,408,0,1,41,4,46,171,176,103,4,454,0,0,0,454
10/21/2008,CMH,OH,AGL,CE,Combined TRACON& Tower with Radar,164,174,64,0,402,0,4,35,7,46,164,178,99,7,448,0,0,0,448
10/22/2008,CMH,OH,AGL,CE,Combined TRACON& Tower with Radar,160,177,78,0,415,0,3,46,10,59,160,180,124,10,474,0,0,0,474
10/23/2008,CMH,OH,AGL,CE,Combined TRACON& Tower with Radar,173,175,67,0,415,0,0,42,5,47,173,175,109,5,462,0,0,0,462
10/24/2008,CMH,OH,AGL,CE,Combined TRACON& Tower with Radar,165,169,44,0,378,0,1,28,4,33,165,170,72,4,411,0,0,0,411
10/25/2008,CMH,OH,AGL,CE,Combined TRACON& Tower with Radar,137,104,35,0,276,0,1,37,9,47,137,105,72,9,323,0,0,0,323
10/26/2008,CMH,OH,AGL,CE,Combined TRACON& Tower with Radar,153,152,53,2,360,0,0,31,7,38,153,152,84,9,398,0,0,0,398
10/27/2008,CMH,OH,AGL,CE,Combined TRACON& Tower with Radar,172,174,51,0,397,0,0,20,4,24,172,174,71,4,421,0,0,0,421
10/28/2008,CMH,OH,AGL,CE,Combined TRACON& Tower with Radar,159,147,78,0,384,0,0,29,5,34,159,147,107,5,418,0,0,0,418
10/29/2008,CMH,OH,AGL,CE,Combined TRACON& Tower with Radar,170,176,84,2,432,0,2,37,3,42,170,178,121,5,474,0,0,0,474
10/30/2008,CMH,OH,AGL,CE,Combined TRACON& Tower with Radar,169,180,74,0,423,0,3,63,2,68,169,183,137,2,491,0,0,0,491
10/31/2008,CMH,OH,AGL,CE,Combined TRACON& Tower with Radar,167,168,65,5,405,0,3,67,10,80,167,171,132,15,485,0,0,0,485
11/01/2008,CMH,OH,AGL,CE,Combined TRACON& Tower with Radar,128,110,22,0,260,0,0,59,9,68,128,110,81,9,328,0,0,0,328
11/02/2008,CMH,OH,AGL,CE,Combined TRACON& Tower with Radar,143,143,45,3,334,0,1,53,9,63,143,144,98,12,397,0,0,0,397
11/03/2008,CMH,OH,AGL,CE,Combined TRACON& Tower with Radar,165,168,45,2,380,0,1,48,5,54,165,169,93,7,434,0,0,0,434
11/04/2008,CMH,OH,AGL,CE,Combined TRACON& Tower with Radar,159,163,63,0,385,0,4,51,6,61,159,167,114,6,446,0,0,0,446
11/05/2008,CMH,OH,AGL,CE,Combined TRACON& Tower with Radar,172,174,80,0,426,0,0,49,13,62,172,174,129,13,488,0,0,0,488
11/06/2008,CMH,OH,AGL,CE,Combined TRACON& Tower with Radar,172,179,86,0,437,0,2,51,5,58,172,181,137,5,495,0,0,0,495
11/07/2008,CMH,OH,AGL,CE,Combined TRACON& Tower with Radar,180,162,68,0,410,0,0,16,2,18,180,162,84,2,428,0,0,0,428
11/08/2008,CMH,OH,AGL,CE,Combined TRACON& Tower with Radar,123,118,21,0,262,0,0,24,4,28,123,118,45,4,290,0,0,0,290
11/09/2008,CMH,OH,AGL,CE,Combined TRACON& Tower with Radar,157,141,42,0,340,0,2,16,9,27,157,143,58,9,367,0,0,0,367
11/10/2008,CMH,OH,AGL,CE,Combined TRACON& Tower with Radar,173,165,60,0,398,0,0,27,11,38,173,165,87,11,436,0,0,0,436
11/11/2008,CMH,OH,AGL,CE,Combined TRACON& Tower with Radar,162,162,67,0,391,0,0,50,12,62,162,162,117,12,453,0,0,0,453
11/12/2008,CMH,OH,AGL,CE,Combined TRACON& Tower with Radar,168,179,87,0,434,0,0,39,10,49,168,179,126,10,483,0,0,0,483
11/13/2008,CMH,OH,AGL,CE,Combined TRACON& Tower with Radar,170,171,88,0,429,0,0,36,7,43,170,171,124,7,472,0,0,0,472
11/14/2008,CMH,OH,AGL,CE,Combined TRACON& Tower with Radar,168,166,54,0,388,0,0,33,2,35,168,166,87,2,423,0,0,0,423
11/15/2008,CMH,OH,AGL,CE,Combined TRACON& Tower with Radar,123,116,14,0,253,0,0,3,1,4,123,116,17,1,257,0,0,0,257
11/16/2008,CMH,OH,AGL,CE,Combined TRACON& Tower with Radar,156,134,27,1,318,0,1,22,1,24,156,135,49,2,342,0,0,0,342
11/17/2008,CMH,OH,AGL,CE,Combined TRACON& Tower with Radar,172,159,73,0,404,0,0,12,0,12,172,159,85,0,416,0,0,0,416
11/18/2008,CMH,OH,AGL,CE,Combined TRACON& Tower with Radar,162,161,69,0,392,0,0,34,1,35,162,161,103,1,427,0,0,0,427
11/19/2008,CMH,OH,AGL,CE,Combined TRACON& Tower with Radar,168,168,52,0,388,0,0,30,4,34,168,168,82,4,422,0,0,0,422
11/20/2008,CMH,OH,AGL,CE,Combined TRACON& Tower with Radar,172,202,59,0,433,0,3,34,6,43,172,205,93,6,476,0,0,0,476
11/21/2008,CMH,OH,AGL,CE,Combined TRACON& Tower with Radar,179,181,73,6,439,0,1,41,1,43,179,182,114,7,482,0,0,0,482
11/22/2008,CMH,OH,AGL,CE,Combined TRACON& Tower with Radar,118,131,20,0,269,0,1,39,7,47,118,132,59,7,316,0,0,0,316
11/23/2008,CMH,OH,AGL,CE,Combined TRACON& Tower with Radar,156,143,23,0,322,0,0,50,7,57,156,143,73,7,379,0,0,0,379
11/24/2008,CMH,OH,AGL,CE,Combined TRACON& Tower with Radar,170,152,41,0,363,0,0,3,2,5,170,152,44,2,368,0,0,0,368
11/25/2008,CMH,OH,AGL,CE,Combined TRACON& Tower with Radar,174,164,61,14,413,0,0,31,0,31,174,164,92,14,444,0,0,0,444
11/26/2008,CMH,OH,AGL,CE,Combined TRACON& Tower with Radar,174,173,49,0,396,0,0,53,7,60,174,173,102,7,456,0,0,0,456
11/27/2008,CMH,OH,AGL,CE,Combined TRACON& Tower with Radar,104,94,12,0,210,0,2,47,6,55,104,96,59,6,265,0,0,0,265
11/28/2008,CMH,OH,AGL,CE,Combined TRACON& Tower with Radar,120,105,20,0,245,0,1,47,2,50,120,106,67,2,295,0,0,0,295
11/29/2008,CMH,OH,AGL,CE,Combined TRACON& Tower with Radar,134,150,27,0,311,0,0,54,10,64,134,150,81,10,375,0,0,0,375
11/30/2008,CMH,OH,AGL,CE,Combined TRACON& Tower with Radar,162,145,35,0,342,0,1,5,3,9,162,146,40,3,351,0,0,0,351
12/01/2008,CMH,OH,AGL,CE,Combined TRACON& Tower with Radar,179,189,52,2,422,0,0,14,0,14,179,189,66,2,436,0,0,0,436
12/02/2008,CMH,OH,AGL,CE,Combined TRACON& Tower with Radar,168,173,62,0,403,0,0,23,1,24,168,173,85,1,427,0,0,0,427
12/03/2008,CMH,OH,AGL,CE,Combined TRACON& Tower with Radar,164,165,83,0,412,0,2,29,8,39,164,167,112,8,451,0,0,0,451
12/04/2008,CMH,OH,AGL,CE,Combined TRACON& Tower with Radar,167,163,51,0,381,0,1,31,8,40,167,164,82,8,421,0,0,0,421
12/05/2008,CMH,OH,AGL,CE,Combined TRACON& Tower with Radar,174,168,54,0,396,0,0,24,10,34,174,168,78,10,430,0,0,0,430
12/06/2008,CMH,OH,AGL,CE,Combined TRACON& Tower with Radar,117,115,6,0,238,0,0,8,2,10,117,115,14,2,248,0,0,0,248
12/07/2008,CMH,OH,AGL,CE,Combined TRACON& Tower with Radar,151,136,22,0,309,0,1,26,0,27,151,137,48,0,336,0,0,0,336
12/08/2008,CMH,OH,AGL,CE,Combined TRACON& Tower with Radar,171,164,75,0,410,0,2,31,4,37,171,166,106,4,447,0,0,0,447
12/09/2008,CMH,OH,AGL,CE,Combined TRACON& Tower with Radar,163,167,69,0,399,0,3,23,0,26,163,170,92,0,425,0,0,0,425
12/10/2008,CMH,OH,AGL,CE,Combined TRACON& Tower with Radar,170,157,74,0,401,0,0,3,0,3,170,157,77,0,404,0,0,0,404
12/11/2008,CMH,OH,AGL,CE,Combined TRACON& Tower with Radar,172,168,58,4,402,0,1,41,5,47,172,169,99,9,449,0,0,0,449
12/12/2008,CMH,OH,AGL,CE,Combined TRACON& Tower with Radar,175,172,44,10,401,0,2,35,5,42,175,174,79,15,443,0,0,0,443
12/13/2008,CMH,OH,AGL,CE,Combined TRACON& Tower with Radar,116,117,15,1,249,0,1,37,2,40,116,118,52,3,289,0,0,0,289
12/14/2008,CMH,OH,AGL,CE,Combined TRACON& Tower with Radar,153,133,29,0,315,0,0,23,4,27,153,133,52,4,342,0,0,0,342
12/15/2008,CMH,OH,AGL,CE,Combined TRACON& Tower with Radar,159,162,52,2,375,0,0,8,0,8,159,162,60,2,383,0,0,0,383
12/16/2008,CMH,OH,AGL,CE,Combined TRACON& Tower with Radar,151,161,55,1,368,0,3,11,0,14,151,164,66,1,382,0,0,0,382
12/17/2008,CMH,OH,AGL,CE,Combined TRACON& Tower with Radar,167,181,76,0,424,0,0,9,0,9,167,181,85,0,433,0,0,0,433
12/18/2008,CMH,OH,AGL,CE,Combined TRACON& Tower with Radar,163,198,79,0,440,0,0,18,0,18,163,198,97,0,458,0,0,0,458
12/19/2008,CMH,OH,AGL,CE,Combined TRACON& Tower with Radar,161,143,50,0,354,0,0,0,0,0,161,143,50,0,354,0,0,0,354
12/20/2008,CMH,OH,AGL,CE,Combined TRACON& Tower with Radar,126,134,18,0,278,0,0,21,8,29,126,134,39,8,307,0,0,0,307
12/21/2008,CMH,OH,AGL,CE,Combined TRACON& Tower with Radar,154,135,14,0,303,0,1,2,0,3,154,136,16,0,306,0,0,0,306
12/22/2008,CMH,OH,AGL,CE,Combined TRACON& Tower with Radar,166,156,29,0,351,0,1,22,4,27,166,157,51,4,378,0,0,0,378
12/23/2008,CMH,OH,AGL,CE,Combined TRACON& Tower with Radar,170,166,43,0,379,0,2,13,5,20,170,168,56,5,399,0,0,0,399
12/24/2008,CMH,OH,AGL,CE,Combined TRACON& Tower with Radar,137,143,12,0,292,0,0,0,0,0,137,143,12,0,292,0,0,0,292
12/25/2008,CMH,OH,AGL,CE,Combined TRACON& Tower with Radar,125,120,5,0,250,0,0,32,1,33,125,120,37,1,283,0,0,0,283
12/26/2008,CMH,OH,AGL,CE,Combined TRACON& Tower with Radar,155,161,31,0,347,0,0,6,2,8,155,161,37,2,355,0,0,0,355
12/27/2008,CMH,OH,AGL,CE,Combined TRACON& Tower with Radar,126,139,16,0,281,0,0,21,11,32,126,139,37,11,313,0,0,0,313
12/28/2008,CMH,OH,AGL,CE,Combined TRACON& Tower with Radar,151,146,17,0,314,0,0,15,2,17,151,146,32,2,331,0,0,0,331
12/29/2008,CMH,OH,AGL,CE,Combined TRACON& Tower with Radar,153,157,31,2,343,0,1,40,2,43,153,158,71,4,386,0,0,0,386
12/30/2008,CMH,OH,AGL,CE,Combined TRACON& Tower with Radar,148,159,19,0,326,0,4,49,7,60,148,163,68,7,386,0,0,0,386
12/31/2008,CMH,OH,AGL,CE,Combined TRACON& Tower with Radar,130,105,28,0,263,0,0,16,9,25,130,105,44,9,288,0,0,0,288
01/01/2009,CMH,OH,AGL,CE,Combined TRACON& Tower with Radar,131,91,17,0,239,0,0,31,6,37,131,91,48,6,276,0,0,0,276
01/02/2009,CMH,OH,AGL,CE,Combined TRACON& Tower with Radar,158,145,23,0,326,0,0,36,10,46,158,145,59,10,372,0,0,0,372
01/03/2009,CMH,OH,AGL,CE,Combined TRACON& Tower with Radar,131,140,19,0,290,0,0,43,3,46,131,140,62,3,336,0,0,0,336
01/04/2009,CMH,OH,AGL,CE,Combined TRACON& Tower with Radar,171,145,40,0,356,0,0,3,0,3,171,145,43,0,359,0,0,0,359
01/05/2009,CMH,OH,AGL,CE,Combined TRACON& Tower with Radar,158,167,47,0,372,0,1,39,2,42,158,168,86,2,414,0,0,0,414
01/06/2009,CMH,OH,AGL,CE,Combined TRACON& Tower with Radar,152,169,37,0,358,0,1,1,0,2,152,170,38,0,360,0,0,0,360
01/07/2009,CMH,OH,AGL,CE,Combined TRACON& Tower with Radar,156,154,51,0,361,0,0,0,0,0,156,154,51,0,361,0,0,0,361
01/08/2009,CMH,OH,AGL,CE,Combined TRACON& Tower with Radar,163,160,48,0,371,0,5,28,5,38,163,165,76,5,409,0,0,0,409
01/09/2009,CMH,OH,AGL,CE,Combined TRACON& Tower with Radar,157,170,42,0,369,0,0,18,0,18,157,170,60,0,387,0,0,0,387
01/10/2009,CMH,OH,AGL,CE,Combined TRACON& Tower with Radar,97,101,14,0,212,0,0,1,0,1,97,101,15,0,213,0,0,0,213
01/11/2009,CMH,OH,AGL,CE,Combined TRACON& Tower with Radar,132,149,26,0,307,0,0,15,0,15,132,149,41,0,322,0,0,0,322
01/12/2009,CMH,OH,AGL,CE,Combined TRACON& Tower with Radar,154,178,55,0,387,0,0,31,0,31,154,178,86,0,418,0,0,0,418
01/13/2009,CMH,OH,AGL,CE,Combined TRACON& Tower with Radar,158,181,68,0,407,0,0,18,0,18,158,181,86,0,425,0,0,0,425
01/14/2009,CMH,OH,AGL,CE,Combined TRACON& Tower with Radar,157,162,46,0,365,0,3,4,4,11,157,165,50,4,376,0,0,0,376
01/15/2009,CMH,OH,AGL,CE,Combined TRACON& Tower with Radar,160,156,51,0,367,0,1,23,9,33,160,157,74,9,400,0,0,0,400
01/16/2009,CMH,OH,AGL,CE,Combined TRACON& Tower with Radar,157,153,41,1,352,0,0,31,9,40,157,153,72,10,392,0,0,0,392
01/17/2009,CMH,OH,AGL,CE,Combined TRACON& Tower with Radar,104,115,15,1,235,0,0,26,9,35,104,115,41,10,270,0,0,0,270
01/18/2009,CMH,OH,AGL,CE,Combined TRACON& Tower with Radar,130,127,19,0,276,0,0,25,0,25,130,127,44,0,301,0,0,0,301
01/19/2009,CMH,OH,AGL,CE,Combined TRACON& Tower with Radar,155,157,34,0,346,0,0,23,9,32,155,157,57,9,378,0,0,0,378
01/20/2009,CMH,OH,AGL,CE,Combined TRACON& Tower with Radar,153,171,48,0,372,0,0,34,3,37,153,171,82,3,409,0,0,0,409
01/21/2009,CMH,OH,AGL,CE,Combined TRACON& Tower with Radar,160,178,73,0,411,0,0,31,2,33,160,178,104,2,444,0,0,0,444
01/22/2009,CMH,OH,AGL,CE,Combined TRACON& Tower with Radar,161,170,69,0,400,0,3,48,1,52,161,173,117,1,452,0,0,0,452
01/23/2009,CMH,OH,AGL,CE,Combined TRACON& Tower with Radar,161,158,65,2,386,0,0,50,1,51,161,158,115,3,437,0,0,0,437
01/24/2009,CMH,OH,AGL,CE,Combined TRACON& Tower with Radar,104,111,11,0,226,0,1,23,3,27,104,112,34,3,253,0,0,0,253
01/25/2009,CMH,OH,AGL,CE,Combined TRACON& Tower with Radar,137,146,17,0,300,0,0,18,7,25,137,146,35,7,325,0,0,0,325
01/26/2009,CMH,OH,AGL,CE,Combined TRACON& Tower with Radar,161,174,56,0,391,0,0,30,11,41,161,174,86,11,432,0,0,0,432
01/27/2009,CMH,OH,AGL,CE,Combined TRACON& Tower with Radar,151,146,59,0,356,0,0,8,0,8,151,146,67,0,364,0,0,0,364
01/28/2009,CMH,OH,AGL,CE,Combined TRACON& Tower with Radar,107,81,39,2,229,0,0,13,1,14,107,81,52,3,243,0,0,0,243
01/29/2009,CMH,OH,AGL,CE,Combined TRACON& Tower with Radar,160,168,57,0,385,0,0,14,0,14,160,168,71,0,399,0,0,0,399
01/30/2009,CMH,OH,AGL,CE,Combined TRACON& Tower with Radar,164,182,52,0,398,0,0,18,4,22,164,182,70,4,420,0,0,0,420
01/31/2009,CMH,OH,AGL,CE,Combined TRACON& Tower with Radar,102,114,19,0,235,0,1,27,6,34,102,115,46,6,269,0,0,0,269
02/01/2009,CMH,OH,AGL,CE,Combined TRACON& Tower with Radar,136,144,25,0,305,0,1,9,3,13,136,145,34,3,318,0,0,0,318
02/02/2009,CMH,OH,AGL,CE,Combined TRACON& Tower with Radar,165,157,73,0,395,0,1,29,2,32,165,158,102,2,427,0,0,0,427
02/03/2009,CMH,OH,AGL,CE,Combined TRACON& Tower with Radar,154,133,42,0,329,0,1,31,5,37,154,134,73,5,366,0,0,0,366
02/04/2009,CMH,OH,AGL,CE,Combined TRACON& Tower with Radar,158,159,54,5,376,0,0,17,2,19,158,159,71,7,395,0,0,0,395
02/05/2009,CMH,OH,AGL,CE,Combined TRACON& Tower with Radar,163,183,68,2,416,0,0,33,6,39,163,183,101,8,455,0,0,0,455
02/06/2009,CMH,OH,AGL,CE,Combined TRACON& Tower with Radar,165,167,55,0,387,0,2,48,7,57,165,169,103,7,444,0,0,0,444
02/07/2009,CMH,OH,AGL,CE,Combined TRACON& Tower with Radar,102,120,20,0,242,0,0,24,8,32,102,120,44,8,274,0,0,0,274
02/08/2009,CMH,OH,AGL,CE,Combined TRACON& Tower with Radar,136,157,38,1,332,0,1,38,12,51,136,158,76,13,383,0,0,0,383
02/09/2009,CMH,OH,AGL,CE,Combined TRACON& Tower with Radar,165,157,46,0,368,0,3,33,5,41,165,160,79,5,409,0,0,0,409
02/10/2009,CMH,OH,AGL,CE,Combined TRACON& Tower with Radar,159,162,54,0,375,0,0,21,15,36,159,162,75,15,411,0,0,0,411
02/11/2009,CMH,OH,AGL,CE,Combined TRACON& Tower with Radar,156,143,35,0,334,0,0,8,0,8,156,143,43,0,342,0,0,0,342
02/12/2009,CMH,OH,AGL,CE,Combined TRACON& Tower with Radar,166,164,69,0,399,0,1,16,5,22,166,165,85,5,421,0,0,0,421
02/13/2009,CMH,OH,AGL,CE,Combined TRACON& Tower with Radar,158,171,50,0,379,0,1,59,2,62,158,172,109,2,441,0,0,0,441
02/14/2009,CMH,OH,AGL,CE,Combined TRACON& Tower with Radar,115,112,12,2,241,0,2,25,1,28,115,114,37,3,269,0,0,0,269
02/15/2009,CMH,OH,AGL,CE,Combined TRACON& Tower with Radar,133,132,21,0,286,0,0,22,2,24,133,132,43,2,310,0,0,0,310
02/16/2009,CMH,OH,AGL,CE,Combined TRACON& Tower with Radar,159,165,57,0,381,0,2,30,11,43,159,167,87,11,424,0,0,0,424
02/17/2009,CMH,OH,AGL,CE,Combined TRACON& Tower with Radar,158,178,61,4,401,0,3,41,8,52,158,181,102,12,453,0,0,0,453
02/18/2009,CMH,OH,AGL,CE,Combined TRACON& Tower with Radar,159,177,57,2,395,0,0,8,2,10,159,177,65,4,405,0,0,0,405
02/19/2009,CMH,OH,AGL,CE,Combined TRACON& Tower with Radar,163,167,89,0,419,0,0,3,1,4,163,167,92,1,423,0,0,0,423
02/20/2009,CMH,OH,AGL,CE,Combined TRACON& Tower with Radar,162,172,61,0,395,0,0,42,3,45,162,172,103,3,440,0,0,0,440
02/21/2009,CMH,OH,AGL,CE,Combined TRACON& Tower with Radar,111,125,19,0,255,0,1,7,4,12,111,126,26,4,267,0,0,0,267
02/22/2009,CMH,OH,AGL,CE,Combined TRACON& Tower with Radar,139,146,27,2,314,0,4,7,4,15,139,150,34,6,329,0,0,0,329
02/23/2009,CMH,OH,AGL,CE,Combined TRACON& Tower with Radar,161,172,59,0,392,0,0,32,7,39,161,172,91,7,431,0,0,0,431
02/24/2009,CMH,OH,AGL,CE,Combined TRACON& Tower with Radar,156,168,57,0,381,0,0,46,2,48,156,168,103,2,429,0,0,0,429
02/25/2009,CMH,OH,AGL,CE,Combined TRACON& Tower with Radar,159,168,54,0,381,0,1,49,2,52,159,169,103,2,433,0,0,0,433
02/26/2009,CMH,OH,AGL,CE,Combined TRACON& Tower with Radar,160,172,52,2,386,0,0,22,0,22,160,172,74,2,408,0,0,0,408
02/27/2009,CMH,OH,AGL,CE,Combined TRACON& Tower with Radar,158,162,46,2,368,0,0,15,0,15,158,162,61,2,383,0,0,0,383
02/28/2009,CMH,OH,AGL,CE,Combined TRACON& Tower with Radar,108,111,17,0,236,0,1,22,8,31,108,112,39,8,267,0,0,0,267
03/01/2009,CMH,OH,AGL,CE,Combined TRACON& Tower with Radar,121,140,22,0,283,0,1,13,7,21,121,141,35,7,304,0,0,0,304
03/02/2009,CMH,OH,AGL,CE,Combined TRACON& Tower with Radar,149,115,42,2,308,0,1,36,1,38,149,116,78,3,346,0,0,0,346
03/03/2009,CMH,OH,AGL,CE,Combined TRACON& Tower with Radar,160,143,47,0,350,0,0,54,13,67,160,143,101,13,417,0,0,0,417
03/04/2009,CMH,OH,AGL,CE,Combined TRACON& Tower with Radar,160,159,59,2,380,0,4,60,7,71,160,163,119,9,451,0,0,0,451
03/05/2009,CMH,OH,AGL,CE,Combined TRACON& Tower with Radar,159,164,56,1,380,0,1,39,7,47,159,165,95,8,427,0,0,0,427
03/06/2009,CMH,OH,AGL,CE,Combined TRACON& Tower with Radar,165,157,36,5,363,0,0,19,5,24,165,157,55,10,387,0,0,0,387
03/07/2009,CMH,OH,AGL,CE,Combined TRACON& Tower with Radar,126,105,28,0,259,0,2,28,6,36,126,107,56,6,295,0,0,0,295
03/08/2009,CMH,OH,AGL,CE,Combined TRACON& Tower with Radar,138,136,33,0,307,0,1,1,2,4,138,137,34,2,311,0,0,0,311
03/09/2009,CMH,OH,AGL,CE,Combined TRACON& Tower with Radar,162,158,45,0,365,0,0,41,2,43,162,158,86,2,408,0,0,0,408
03/10/2009,CMH,OH,AGL,CE,Combined TRACON& Tower with Radar,162,162,50,0,374,0,1,18,4,23,162,163,68,4,397,0,0,0,397
03/11/2009,CMH,OH,AGL,CE,Combined TRACON& Tower with Radar,154,156,66,4,380,0,0,32,7,39,154,156,98,11,419,0,0,0,419
03/12/2009,CMH,OH,AGL,CE,Combined TRACON& Tower with Radar,159,167,77,0,403,0,1,39,12,52,159,168,116,12,455,0,0,0,455
03/13/2009,CMH,OH,AGL,CE,Combined TRACON& Tower with Radar,160,166,44,0,370,0,0,45,5,50,160,166,89,5,420,0,0,0,420
03/14/2009,CMH,OH,AGL,CE,Combined TRACON& Tower with Radar,124,120,27,0,271,0,0,48,12,60,124,120,75,12,331,0,0,0,331
03/15/2009,CMH,OH,AGL,CE,Combined TRACON& Tower with Radar,147,141,24,0,312,0,0,28,7,35,147,141,52,7,347,0,0,0,347
03/16/2009,CMH,OH,AGL,CE,Combined TRACON& Tower with Radar,157,169,42,0,368,0,4,24,5,33,157,173,66,5,401,0,0,0,401
03/17/2009,CMH,OH,AGL,CE,Combined TRACON& Tower with Radar,161,175,48,0,384,0,5,32,3,40,161,180,80,3,424,0,0,0,424
03/18/2009,CMH,OH,AGL,CE,Combined TRACON& Tower with Radar,155,169,76,0,400,0,6,31,1,38,155,175,107,1,438,0,0,0,438
03/19/2009,CMH,OH,AGL,CE,Combined TRACON& Tower with Radar,163,169,71,0,403,0,14,34,6,54,163,183,105,6,457,0,0,0,457
03/20/2009,CMH,OH,AGL,CE,Combined TRACON& Tower with Radar,161,168,50,0,379,0,1,64,6,71,161,169,114,6,450,0,0,0,450
03/21/2009,CMH,OH,AGL,CE,Combined TRACON& Tower with Radar,127,106,20,2,255,0,0,48,3,51,127,106,68,5,306,0,0,0,306
03/22/2009,CMH,OH,AGL,CE,Combined TRACON& Tower with Radar,139,140,32,0,311,0,0,33,7,40,139,140,65,7,351,0,0,0,351
03/23/2009,CMH,OH,AGL,CE,Combined TRACON& Tower with Radar,161,167,40,0,368,0,2,44,0,46,161,169,84,0,414,0,0,0,414
03/24/2009,CMH,OH,AGL,CE,Combined TRACON& Tower with Radar,158,160,48,0,366,0,2,38,9,49,158,162,86,9,415,0,0,0,415
03/25/2009,CMH,OH,AGL,CE,Combined TRACON& Tower with Radar,155,173,50,0,378,0,0,2,0,2,155,173,52,0,380,0,0,0,380
03/26/2009,CMH,OH,AGL,CE,Combined TRACON& Tower with Radar,167,172,41,2,382,0,0,23,5,28,167,172,64,7,410,0,0,0,410
03/27/2009,CMH,OH,AGL,CE,Combined TRACON& Tower with Radar,158,177,53,0,388,0,1,31,12,44,158,178,84,12,432,0,0,0,432
03/28/2009,CMH,OH,AGL,CE,Combined TRACON& Tower with Radar,127,108,38,1,274,0,1,16,3,20,127,109,54,4,294,0,0,0,294
03/29/2009,CMH,OH,AGL,CE,Combined TRACON& Tower with Radar,150,133,34,0,317,0,0,1,0,1,150,133,35,0,318,0,0,0,318
03/30/2009,CMH,OH,AGL,CE,Combined TRACON& Tower with Radar,163,180,62,2,407,0,1,50,7,58,163,181,112,9,465,0,0,0,465
03/31/2009,CMH,OH,AGL,CE,Combined TRACON& Tower with Radar,164,159,49,0,372,0,0,30,6,36,164,159,79,6,408,0,0,0,408
04/01/2009,CMH,OH,AGL,CE,Combined TRACON& Tower with Radar,157,164,51,0,372,0,2,48,9,59,157,166,99,9,431,0,0,0,431
04/02/2009,CMH,OH,AGL,CE,Combined TRACON& Tower with Radar,154,177,56,0,387,0,6,21,7,34,154,183,77,7,421,0,0,0,421
04/03/2009,CMH,OH,AGL,CE,Combined TRACON& Tower with Radar,159,145,48,0,352,0,1,6,4,11,159,146,54,4,363,0,0,0,363
04/04/2009,CMH,OH,AGL,CE,Combined TRACON& Tower with Radar,131,124,34,0,289,0,4,56,4,64,131,128,90,4,353,0,0,0,353
04/05/2009,CMH,OH,AGL,CE,Combined TRACON& Tower with Radar,137,143,32,0,312,0,0,23,9,32,137,143,55,9,344,0,0,0,344
04/06/2009,CMH,OH,AGL,CE,Combined TRACON& Tower with Radar,156,149,43,8,356,0,0,7,1,8,156,149,50,9,364,0,0,0,364
04/07/2009,CMH,OH,AGL,CE,Combined TRACON& Tower with Radar,163,154,63,4,384,0,1,25,0,26,163,155,88,4,410,0,0,0,410
04/08/2009,CMH,OH,AGL,CE,Combined TRACON& Tower with Radar,155,173,62,8,398,0,18,49,6,73,155,191,111,14,471,0,0,0,471
04/09/2009,CMH,OH,AGL,CE,Combined TRACON& Tower with Radar,158,177,71,0,406,0,8,44,10,62,158,185,115,10,468,0,0,0,468
04/10/2009,CMH,OH,AGL,CE,Combined TRACON& Tower with Radar,156,166,42,0,364,0,0,17,1,18,156,166,59,1,382,0,0,0,382
04/11/2009,CMH,OH,AGL,CE,Combined TRACON& Tower with Radar,133,107,16,0,256,0,1,52,13,66,133,108,68,13,322,0,0,0,322
04/12/2009,CMH,OH,AGL,CE,Combined TRACON& Tower with Radar,139,136,12,0,287,0,0,21,14,35,139,136,33,14,322,0,0,0,322
04/13/2009,CMH,OH,AGL,CE,Combined TRACON& Tower with Radar,149,159,40,0,348,0,0,16,0,16,149,159,56,0,364,0,0,0,364
04/14/2009,CMH,OH,AGL,CE,Combined TRACON& Tower with Radar,166,158,47,1,372,0,0,3,1,4,166,158,50,2,376,0,0,0,376
04/15/2009,CMH,OH,AGL,CE,Combined TRACON& Tower with Radar,156,166,45,1,368,0,0,0,0,0,156,166,45,1,368,0,0,0,368
04/16/2009,CMH,OH,AGL,CE,Combined TRACON& Tower with Radar,162,177,59,0,398,0,2,60,2,64,162,179,119,2,462,0,0,0,462
04/17/2009,CMH,OH,AGL,CE,Combined TRACON& Tower with Radar,152,181,62,0,395,0,0,62,2,64,152,181,124,2,459,0,0,0,459
04/18/2009,CMH,OH,AGL,CE,Combined TRACON& Tower with Radar,129,105,16,0,250,0,1,51,15,67,129,106,67,15,317,0,0,0,317
04/19/2009,CMH,OH,AGL,CE,Combined TRACON& Tower with Radar,139,149,41,0,329,0,0,8,2,10,139,149,49,2,339,0,0,0,339
04/20/2009,CMH,OH,AGL,CE,Combined TRACON& Tower with Radar,159,156,51,0,366,0,0,16,0,16,159,156,67,0,382,0,0,0,382
04/21/2009,CMH,OH,AGL,CE,Combined TRACON& Tower with Radar,161,150,66,2,379,0,0,28,3,31,161,150,94,5,410,0,0,0,410
04/22/2009,CMH,OH,AGL,CE,Combined TRACON& Tower with Radar,157,171,62,11,401,0,2,29,8,39,157,173,91,19,440,0,0,0,440
04/23/2009,CMH,OH,AGL,CE,Combined TRACON& Tower with Radar,157,162,90,2,411,0,7,61,6,74,157,169,151,8,485,0,0,0,485
04/24/2009,CMH,OH,AGL,CE,Combined TRACON& Tower with Radar,158,181,55,2,396,0,1,19,1,21,158,182,74,3,417,0,0,0,417
04/25/2009,CMH,OH,AGL,CE,Combined TRACON& Tower with Radar,125,113,11,0,249,0,0,22,7,29,125,113,33,7,278,0,0,0,278
04/26/2009,CMH,OH,AGL,CE,Combined TRACON& Tower with Radar,142,135,33,2,312,0,0,40,12,52,142,135,73,14,364,0,0,0,364
04/27/2009,CMH,OH,AGL,CE,Combined TRACON& Tower with Radar,160,172,61,0,393,0,1,42,9,52,160,173,103,9,445,0,0,0,445
04/28/2009,CMH,OH,AGL,CE,Combined TRACON& Tower with Radar,159,165,52,0,376,0,0,16,4,20,159,165,68,4,396,0,0,0,396
04/29/2009,CMH,OH,AGL,CE,Combined TRACON& Tower with Radar,159,169,79,0,407,0,0,27,4,31,159,169,106,4,438,0,0,0,438
04/30/2009,CMH,OH,AGL,CE,Combined TRACON& Tower with Radar,161,176,59,0,396,0,1,24,3,28,161,177,83,3,424,0,0,0,424
05/01/2009,CMH,OH,AGL,CE,Combined TRACON& Tower with Radar,161,170,39,13,383,0,1,6,4,11,161,171,45,17,394,0,0,0,394
05/02/2009,CMH,OH,AGL,CE,Combined TRACON& Tower with Radar,124,115,22,2,263,0,0,52,1,53,124,115,74,3,316,0,0,0,316
05/03/2009,CMH,OH,AGL,CE,Combined TRACON& Tower with Radar,139,143,42,0,324,0,0,43,3,46,139,143,85,3,370,0,0,0,370
05/04/2009,CMH,OH,AGL,CE,Combined TRACON& Tower with Radar,166,166,53,0,385,0,1,31,12,44,166,167,84,12,429,0,0,0,429
05/05/2009,CMH,OH,AGL,CE,Combined TRACON& Tower with Radar,159,166,84,0,409,0,1,50,16,67,159,167,134,16,476,0,0,0,476
05/06/2009,CMH,OH,AGL,CE,Combined TRACON& Tower with Radar,157,173,72,3,405,0,4,22,0,26,157,177,94,3,431,0,0,0,431
05/07/2009,CMH,OH,AGL,CE,Combined TRACON& Tower with Radar,160,169,100,3,432,0,0,20,8,28,160,169,120,11,460,0,0,0,460
05/08/2009,CMH,OH,AGL,CE,Combined TRACON& Tower with Radar,162,169,67,1,399,0,2,33,11,46,162,171,100,12,445,0,0,0,445
05/09/2009,CMH,OH,AGL,CE,Combined TRACON& Tower with Radar,127,109,22,0,258,0,1,17,3,21,127,110,39,3,279,0,0,0,279
05/10/2009,CMH,OH,AGL,CE,Combined TRACON& Tower with Radar,150,157,36,1,344,0,1,35,5,41,150,158,71,6,385,0,0,0,385
05/11/2009,CMH,OH,AGL,CE,Combined TRACON& Tower with Radar,166,169,82,0,417,0,1,28,4,33,166,170,110,4,450,0,0,0,450
05/12/2009,CMH,OH,AGL,CE,Combined TRACON& Tower with Radar,163,173,84,2,422,0,0,36,8,44,163,173,120,10,466,0,0,0,466
05/13/2009,CMH,OH,AGL,CE,Combined TRACON& Tower with Radar,156,159,79,7,401,0,2,22,7,31,156,161,101,14,432,0,0,0,432
05/14/2009,CMH,OH,AGL,CE,Combined TRACON& Tower with Radar,164,169,115,3,451,0,1,26,15,42,164,170,141,18,493,0,0,0,493
05/15/2009,CMH,OH,AGL,CE,Combined TRACON& Tower with Radar,159,177,93,0,429,0,0,56,13,69,159,177,149,13,498,0,0,0,498
05/16/2009,CMH,OH,AGL,CE,Combined TRACON& Tower with Radar,125,110,98,0,333,0,0,28,8,36,125,110,126,8,369,0,0,0,369
05/17/2009,CMH,OH,AGL,CE,Combined TRACON& Tower with Radar,145,144,119,1,409,0,2,16,7,25,145,146,135,8,434,0,0,0,434
05/18/2009,CMH,OH,AGL,CE,Combined TRACON& Tower with Radar,159,171,67,0,397,0,0,43,10,53,159,171,110,10,450,0,0,0,450
05/19/2009,CMH,OH,AGL,CE,Combined TRACON& Tower with Radar,162,170,88,1,421,0,0,47,9,56,162,170,135,10,477,0,0,0,477
05/20/2009,CMH,OH,AGL,CE,Combined TRACON& Tower with Radar,164,171,91,6,432,0,0,38,9,47,164,171,129,15,479,0,0,0,479
05/21/2009,CMH,OH,AGL,CE,Combined TRACON& Tower with Radar,165,181,82,0,428,0,4,42,13,59,165,185,124,13,487,0,0,0,487
05/22/2009,CMH,OH,AGL,CE,Combined TRACON& Tower with Radar,161,176,62,9,408,0,1,30,6,37,161,177,92,15,445,0,0,0,445
05/23/2009,CMH,OH,AGL,CE,Combined TRACON& Tower with Radar,124,105,33,0,262,0,0,40,6,46,124,105,73,6,308,0,0,0,308
05/24/2009,CMH,OH,AGL,CE,Combined TRACON& Tower with Radar,137,110,30,0,277,0,0,12,7,19,137,110,42,7,296,0,0,0,296
05/25/2009,CMH,OH,AGL,CE,Combined TRACON& Tower with Radar,150,150,26,1,327,0,0,25,14,39,150,150,51,15,366,0,0,0,366
05/26/2009,CMH,OH,AGL,CE,Combined TRACON& Tower with Radar,165,147,52,1,365,0,0,24,7,31,165,147,76,8,396,0,0,0,396
05/27/2009,CMH,OH,AGL,CE,Combined TRACON& Tower with Radar,162,156,81,0,399,0,3,17,3,23,162,159,98,3,422,0,0,0,422
05/28/2009,CMH,OH,AGL,CE,Combined TRACON& Tower with Radar,155,160,58,0,373,0,0,13,3,16,155,160,71,3,389,0,0,0,389
05/29/2009,CMH,OH,AGL,CE,Combined TRACON& Tower with Radar,165,169,57,0,391,0,0,43,3,46,165,169,100,3,437,0,0,0,437
05/30/2009,CMH,OH,AGL,CE,Combined TRACON& Tower with Radar,125,108,29,10,272,0,2,33,19,54,125,110,62,29,326,0,0,0,326
05/31/2009,CMH,OH,AGL,CE,Combined TRACON& Tower with Radar,152,133,45,0,330,0,0,24,13,37,152,133,69,13,367,0,0,0,367
06/01/2009,CMH,OH,AGL,CE,Combined TRACON& Tower with Radar,163,167,78,0,408,0,0,14,1,15,163,167,92,1,423,0,0,0,423
06/02/2009,CMH,OH,AGL,CE,Combined TRACON& Tower with Radar,162,171,52,1,386,0,0,29,0,29,162,171,81,1,415,0,0,0,415
06/03/2009,CMH,OH,AGL,CE,Combined TRACON& Tower with Radar,160,171,54,10,395,0,0,16,1,17,160,171,70,11,412,0,0,0,412
06/04/2009,CMH,OH,AGL,CE,Combined TRACON& Tower with Radar,158,176,70,0,404,0,3,46,9,58,158,179,116,9,462,0,0,0,462
06/05/2009,CMH,OH,AGL,CE,Combined TRACON& Tower with Radar,159,165,77,4,405,0,4,38,7,49,159,169,115,11,454,0,0,0,454
06/06/2009,CMH,OH,AGL,CE,Combined TRACON& Tower with Radar,134,118,46,0,298,0,1,37,13,51,134,119,83,13,349,0,0,0,349
06/07/2009,CMH,OH,AGL,CE,Combined TRACON& Tower with Radar,145,154,41,2,342,0,0,22,13,35,145,154,63,15,377,0,0,0,377
06/08/2009,CMH,OH,AGL,CE,Combined TRACON& Tower with Radar,158,168,62,0,388,0,1,18,11,30,158,169,80,11,418,0,0,0,418
06/09/2009,CMH,OH,AGL,CE,Combined TRACON& Tower with Radar,161,159,67,0,387,0,1,35,11,47,161,160,102,11,434,0,0,0,434
06/10/2009,CMH,OH,AGL,CE,Combined TRACON& Tower with Radar,157,172,65,0,394,0,0,31,1,32,157,172,96,1,426,0,0,0,426
06/11/2009,CMH,OH,AGL,CE,Combined TRACON& Tower with Radar,154,177,73,2,406,0,1,19,1,21,154,178,92,3,427,0,0,0,427
06/12/2009,CMH,OH,AGL,CE,Combined TRACON& Tower with Radar,165,175,66,3,409,0,0,22,5,27,165,175,88,8,436,0,0,0,436
06/13/2009,CMH,OH,AGL,CE,Combined TRACON& Tower with Radar,133,114,40,0,287,0,0,30,14,44,133,114,70,14,331,0,0,0,331
06/14/2009,CMH,OH,AGL,CE,Combined TRACON& Tower with Radar,147,151,39,2,339,0,1,19,13,33,147,152,58,15,372,0,0,0,372
06/15/2009,CMH,OH,AGL,CE,Combined TRACON& Tower with Radar,164,160,95,0,419,0,1,26,9,36,164,161,121,9,455,0,0,0,455
06/16/2009,CMH,OH,AGL,CE,Combined TRACON& Tower with Radar,164,190,100,0,454,0,0,38,8,46,164,190,138,8,500,0,0,0,500
06/17/2009,CMH,OH,AGL,CE,Combined TRACON& Tower with Radar,174,206,69,4,453,0,0,21,9,30,174,206,90,13,483,0,0,0,483
06/18/2009,CMH,OH,AGL,CE,Combined TRACON& Tower with Radar,165,161,91,0,417,0,0,20,6,26,165,161,111,6,443,0,0,0,443
06/19/2009,CMH,OH,AGL,CE,Combined TRACON& Tower with Radar,153,179,79,2,413,0,0,35,4,39,153,179,114,6,452,0,0,0,452
06/20/2009,CMH,OH,AGL,CE,Combined TRACON& Tower with Radar,132,120,31,0,283,0,0,19,11,30,132,120,50,11,313,0,0,0,313
06/21/2009,CMH,OH,AGL,CE,Combined TRACON& Tower with Radar,149,158,38,0,345,0,0,24,7,31,149,158,62,7,376,0,0,0,376
06/22/2009,CMH,OH,AGL,CE,Combined TRACON& Tower with Radar,160,185,81,0,426,0,0,21,5,26,160,185,102,5,452,0,0,0,452
06/23/2009,CMH,OH,AGL,CE,Combined TRACON& Tower with Radar,169,183,96,0,448,0,0,39,7,46,169,183,135,7,494,0,0,0,494
06/24/2009,CMH,OH,AGL,CE,Combined TRACON& Tower with Radar,166,205,113,0,484,0,1,50,0,51,166,206,163,0,535,0,0,0,535
06/25/2009,CMH,OH,AGL,CE,Combined TRACON& Tower with Radar,168,190,86,0,444,0,1,37,6,44,168,191,123,6,488,0,0,0,488
06/26/2009,CMH,OH,AGL,CE,Combined TRACON& Tower with Radar,158,174,82,0,414,0,0,29,4,33,158,174,111,4,447,0,0,0,447
06/27/2009,CMH,OH,AGL,CE,Combined TRACON& Tower with Radar,139,130,50,0,319,0,0,43,9,52,139,130,93,9,371,0,0,0,371
06/28/2009,CMH,OH,AGL,CE,Combined TRACON& Tower with Radar,149,153,63,1,366,0,2,26,6,34,149,155,89,7,400,0,0,0,400
06/29/2009,CMH,OH,AGL,CE,Combined TRACON& Tower with Radar,163,189,85,0,437,0,0,25,11,36,163,189,110,11,473,0,0,0,473
06/30/2009,CMH,OH,AGL,CE,Combined TRACON& Tower with Radar,160,163,74,4,401,0,1,35,14,50,160,164,109,18,451,0,0,0,451
07/01/2009,CMH,OH,AGL,CE,Combined TRACON& Tower with Radar,165,176,78,0,419,0,0,23,1,24,165,176,101,1,443,0,0,0,443
07/02/2009,CMH,OH,AGL,CE,Combined TRACON& Tower with Radar,163,177,101,0,441,0,0,29,2,31,163,177,130,2,472,0,0,0,472
07/03/2009,CMH,OH,AGL,CE,Combined TRACON& Tower with Radar,145,158,32,3,338,0,1,40,4,45,145,159,72,7,383,0,0,0,383
07/04/2009,CMH,OH,AGL,CE,Combined TRACON& Tower with Radar,111,113,17,2,243,0,1,26,10,37,111,114,43,12,280,0,0,0,280
07/05/2009,CMH,OH,AGL,CE,Combined TRACON& Tower with Radar,147,150,40,1,338,0,0,18,5,23,147,150,58,6,361,0,0,0,361
07/06/2009,CMH,OH,AGL,CE,Combined TRACON& Tower with Radar,162,179,71,0,412,0,0,22,15,37,162,179,93,15,449,0,0,0,449
07/07/2009,CMH,OH,AGL,CE,Combined TRACON& Tower with Radar,165,170,78,0,413,0,2,35,12,49,165,172,113,12,462,0,0,0,462
07/08/2009,CMH,OH,AGL,CE,Combined TRACON& Tower with Radar,154,185,65,0,404,0,1,16,5,22,154,186,81,5,426,0,0,0,426
07/09/2009,CMH,OH,AGL,CE,Combined TRACON& Tower with Radar,163,196,89,0,448,0,0,23,22,45,163,196,112,22,493,0,0,0,493
07/10/2009,CMH,OH,AGL,CE,Combined TRACON& Tower with Radar,163,180,93,2,438,0,1,23,17,41,163,181,116,19,479,0,0,0,479
07/11/2009,CMH,OH,AGL,CE,Combined TRACON& Tower with Radar,126,136,28,2,292,0,0,10,2,12,126,136,38,4,304,0,0,0,304
07/12/2009,CMH,OH,AGL,CE,Combined TRACON& Tower with Radar,143,163,54,1,361,0,0,20,6,26,143,163,74,7,387,0,0,0,387
07/13/2009,CMH,OH,AGL,CE,Combined TRACON& Tower with Radar,162,183,81,0,426,0,0,16,7,23,162,183,97,7,449,0,0,0,449
07/14/2009,CMH,OH,AGL,CE,Combined TRACON& Tower with Radar,163,196,87,4,450,0,2,30,6,38,163,198,117,10,488,0,0,0,488
07/15/2009,CMH,OH,AGL,CE,Combined TRACON& Tower with Radar,158,190,97,0,445,0,1,31,7,39,158,191,128,7,484,0,0,0,484
07/16/2009,CMH,OH,AGL,CE,Combined TRACON& Tower with Radar,159,202,124,4,489,0,1,26,4,31,159,203,150,8,520,0,0,0,520
07/17/2009,CMH,OH,AGL,CE,Combined TRACON& Tower with Radar,166,192,72,2,432,0,0,26,7,33,166,192,98,9,465,0,0,0,465
07/18/2009,CMH,OH,AGL,CE,Combined TRACON& Tower with Radar,127,133,40,0,300,0,0,19,6,25,127,133,59,6,325,0,0,0,325
07/19/2009,CMH,OH,AGL,CE,Combined TRACON& Tower with Radar,150,146,39,0,335,0,0,23,7,30,150,146,62,7,365,0,0,0,365
07/20/2009,CMH,OH,AGL,CE,Combined TRACON& Tower with Radar,160,170,68,4,402,0,3,26,3,32,160,173,94,7,434,0,0,0,434
07/21/2009,CMH,OH,AGL,CE,Combined TRACON& Tower with Radar,163,181,106,0,450,0,1,21,11,33,163,182,127,11,483,0,0,0,483
07/22/2009,CMH,OH,AGL,CE,Combined TRACON& Tower with Radar,159,195,68,0,422,0,0,9,3,12,159,195,77,3,434,0,0,0,434
07/23/2009,CMH,OH,AGL,CE,Combined TRACON& Tower with Radar,162,196,90,0,448,0,0,22,1,23,162,196,112,1,471,0,0,0,471
07/24/2009,CMH,OH,AGL,CE,Combined TRACON& Tower with Radar,162,183,75,2,422,0,4,20,11,35,162,187,95,13,457,0,0,0,457
07/25/2009,CMH,OH,AGL,CE,Combined TRACON& Tower with Radar,126,127,23,0,276,0,0,13,6,19,126,127,36,6,295,0,0,0,295
07/26/2009,CMH,OH,AGL,CE,Combined TRACON& Tower with Radar,147,143,64,2,356,0,2,32,8,42,147,145,96,10,398,0,0,0,398
07/27/2009,CMH,OH,AGL,CE,Combined TRACON& Tower with Radar,163,183,83,0,429,0,1,33,14,48,163,184,116,14,477,0,0,0,477
07/28/2009,CMH,OH,AGL,CE,Combined TRACON& Tower with Radar,157,184,92,0,433,0,7,23,12,42,157,191,115,12,475,0,0,0,475
07/29/2009,CMH,OH,AGL,CE,Combined TRACON& Tower with Radar,158,176,107,4,445,0,0,9,6,15,158,176,116,10,460,0,0,0,460
07/30/2009,CMH,OH,AGL,CE,Combined TRACON& Tower with Radar,156,196,86,0,438,0,1,14,2,17,156,197,100,2,455,0,0,0,455
07/31/2009,CMH,OH,AGL,CE,Combined TRACON& Tower with Radar,156,172,75,0,403,0,0,29,2,31,156,172,104,2,434,0,0,0,434
08/01/2009,CMH,OH,AGL,CE,Combined TRACON& Tower with Radar,130,136,45,0,311,0,0,26,1,27,130,136,71,1,338,0,0,0,338
08/02/2009,CMH,OH,AGL,CE,Combined TRACON& Tower with Radar,148,144,43,0,335,0,0,13,6,19,148,144,56,6,354,0,0,0,354
08/03/2009,CMH,OH,AGL,CE,Combined TRACON& Tower with Radar,161,182,80,2,425,0,1,27,11,39,161,183,107,13,464,0,0,0,464
08/04/2009,CMH,OH,AGL,CE,Combined TRACON& Tower with Radar,170,188,55,3,416,0,0,15,4,19,170,188,70,7,435,0,0,0,435
08/05/2009,CMH,OH,AGL,CE,Combined TRACON& Tower with Radar,159,175,113,0,447,0,1,21,5,27,159,176,134,5,474,0,0,0,474
08/06/2009,CMH,OH,AGL,CE,Combined TRACON& Tower with Radar,168,176,116,2,462,0,2,33,6,41,168,178,149,8,503,0,0,0,503
08/07/2009,CMH,OH,AGL,CE,Combined TRACON& Tower with Radar,162,175,109,5,451,0,0,31,6,37,162,175,140,11,488,0,0,0,488
08/08/2009,CMH,OH,AGL,CE,Combined TRACON& Tower with Radar,132,128,32,5,297,0,0,23,14,37,132,128,55,19,334,0,0,0,334
08/09/2009,CMH,OH,AGL,CE,Combined TRACON& Tower with Radar,146,155,46,1,348,0,0,17,10,27,146,155,63,11,375,0,0,0,375
08/10/2009,CMH,OH,AGL,CE,Combined TRACON& Tower with Radar,168,184,68,3,423,0,0,10,7,17,168,184,78,10,440,0,0,0,440
08/11/2009,CMH,OH,AGL,CE,Combined TRACON& Tower with Radar,161,179,80,4,424,0,0,14,3,17,161,179,94,7,441,0,0,0,441
08/12/2009,CMH,OH,AGL,CE,Combined TRACON& Tower with Radar,160,195,88,0,443,0,0,24,7,31,160,195,112,7,474,0,0,0,474
08/13/2009,CMH,OH,AGL,CE,Combined TRACON& Tower with Radar,161,205,114,3,483,0,1,38,1,40,161,206,152,4,523,0,0,0,523
08/14/2009,CMH,OH,AGL,CE,Combined TRACON& Tower with Radar,157,191,78,6,432,0,3,31,5,39,157,194,109,11,471,0,0,0,471
08/15/2009,CMH,OH,AGL,CE,Combined TRACON& Tower with Radar,133,127,55,1,316,0,1,35,5,41,133,128,90,6,357,0,0,0,357
08/16/2009,CMH,OH,AGL,CE,Combined TRACON& Tower with Radar,140,151,49,0,340,0,0,17,4,21,140,151,66,4,361,0,0,0,361
08/17/2009,CMH,OH,AGL,CE,Combined TRACON& Tower with Radar,159,171,87,0,417,0,1,20,2,23,159,172,107,2,440,0,0,0,440
08/18/2009,CMH,OH,AGL,CE,Combined TRACON& Tower with Radar,158,181,69,2,410,0,0,12,4,16,158,181,81,6,426,0,0,0,426
08/19/2009,CMH,OH,AGL,CE,Combined TRACON& Tower with Radar,162,186,82,6,436,0,2,5,2,9,162,188,87,8,445,0,0,0,445
08/20/2009,CMH,OH,AGL,CE,Combined TRACON& Tower with Radar,161,178,85,1,425,0,2,6,0,8,161,180,91,1,433,0,0,0,433
08/21/2009,CMH,OH,AGL,CE,Combined TRACON& Tower with Radar,158,165,72,2,397,0,0,15,6,21,158,165,87,8,418,0,0,0,418
08/22/2009,CMH,OH,AGL,CE,Combined TRACON& Tower with Radar,117,119,44,0,280,0,0,19,13,32,117,119,63,13,312,0,0,0,312
08/23/2009,CMH,OH,AGL,CE,Combined TRACON& Tower with Radar,144,147,50,1,342,0,0,21,10,31,144,147,71,11,373,0,0,0,373
08/24/2009,CMH,OH,AGL,CE,Combined TRACON& Tower with Radar,158,169,93,2,422,0,0,39,4,43,158,169,132,6,465,0,0,0,465
08/25/2009,CMH,OH,AGL,CE,Combined TRACON& Tower with Radar,159,184,86,2,431,0,0,22,9,31,159,184,108,11,462,0,0,0,462
08/26/2009,CMH,OH,AGL,CE,Combined TRACON& Tower with Radar,161,186,99,2,448,0,1,36,6,43,161,187,135,8,491,0,0,0,491
08/27/2009,CMH,OH,AGL,CE,Combined TRACON& Tower with Radar,163,189,107,0,459,0,1,22,3,26,163,190,129,3,485,0,0,0,485
08/28/2009,CMH,OH,AGL,CE,Combined TRACON& Tower with Radar,152,175,52,0,379,0,0,2,0,2,152,175,54,0,381,0,0,0,381
08/29/2009,CMH,OH,AGL,CE,Combined TRACON& Tower with Radar,120,117,37,0,274,0,0,27,2,29,120,117,64,2,303,0,0,0,303
08/30/2009,CMH,OH,AGL,CE,Combined TRACON& Tower with Radar,135,152,38,1,326,0,2,23,10,35,135,154,61,11,361,0,0,0,361
08/31/2009,CMH,OH,AGL,CE,Combined TRACON& Tower with Radar,156,180,79,0,415,0,0,23,2,25,156,180,102,2,440,0,0,0,440
09/01/2009,CMH,OH,AGL,CE,Combined TRACON& Tower with Radar,158,171,73,1,403,0,0,22,4,26,158,171,95,5,429,0,0,0,429
09/02/2009,CMH,OH,AGL,CE,Combined TRACON& Tower with Radar,153,180,85,4,422,0,1,32,4,37,153,181,117,8,459,0,0,0,459
09/03/2009,CMH,OH,AGL,CE,Combined TRACON& Tower with Radar,160,182,98,5,445,0,1,35,3,39,160,183,133,8,484,0,0,0,484
09/04/2009,CMH,OH,AGL,CE,Combined TRACON& Tower with Radar,159,174,82,29,444,0,2,20,9,31,159,176,102,38,475,0,0,0,475
09/05/2009,CMH,OH,AGL,CE,Combined TRACON& Tower with Radar,107,111,37,3,258,0,0,20,8,28,107,111,57,11,286,0,0,0,286
09/06/2009,CMH,OH,AGL,CE,Combined TRACON& Tower with Radar,118,117,34,5,274,0,0,22,19,41,118,117,56,24,315,0,0,0,315
09/07/2009,CMH,OH,AGL,CE,Combined TRACON& Tower with Radar,148,157,38,15,358,0,0,7,5,12,148,157,45,20,370,0,0,0,370
09/08/2009,CMH,OH,AGL,CE,Combined TRACON& Tower with Radar,162,168,50,2,382,0,1,7,0,8,162,169,57,2,390,0,0,0,390
09/09/2009,CMH,OH,AGL,CE,Combined TRACON& Tower with Radar,158,160,50,1,369,0,0,13,1,14,158,160,63,2,383,0,0,0,383
09/10/2009,CMH,OH,AGL,CE,Combined TRACON& Tower with Radar,166,172,112,0,450,0,0,29,10,39,166,172,141,10,489,0,0,0,489
09/11/2009,CMH,OH,AGL,CE,Combined TRACON& Tower with Radar,162,167,79,0,408,0,0,26,8,34,162,167,105,8,442,0,0,0,442
09/12/2009,CMH,OH,AGL,CE,Combined TRACON& Tower with Radar,132,114,55,2,303,0,1,35,9,45,132,115,90,11,348,0,0,0,348
09/13/2009,CMH,OH,AGL,CE,Combined TRACON& Tower with Radar,158,155,86,0,399,0,1,30,8,39,158,156,116,8,438,0,0,0,438
09/14/2009,CMH,OH,AGL,CE,Combined TRACON& Tower with Radar,158,165,73,4,400,0,0,28,9,37,158,165,101,13,437,0,0,0,437
09/15/2009,CMH,OH,AGL,CE,Combined TRACON& Tower with Radar,159,181,103,0,443,0,0,36,4,40,159,181,139,4,483,0,0,0,483
09/16/2009,CMH,OH,AGL,CE,Combined TRACON& Tower with Radar,152,187,103,1,443,0,0,45,8,53,152,187,148,9,496,0,0,0,496
09/17/2009,CMH,OH,AGL,CE,Combined TRACON& Tower with Radar,167,190,92,2,451,0,4,34,9,47,167,194,126,11,498,0,0,0,498
09/18/2009,CMH,OH,AGL,CE,Combined TRACON& Tower with Radar,173,188,87,0,448,0,1,44,2,47,173,189,131,2,495,0,0,0,495
09/19/2009,CMH,OH,AGL,CE,Combined TRACON& Tower with Radar,123,114,42,0,279,0,0,26,14,40,123,114,68,14,319,0,0,0,319
09/20/2009,CMH,OH,AGL,CE,Combined TRACON& Tower with Radar,147,135,31,3,316,0,0,12,3,15,147,135,43,6,331,0,0,0,331
09/21/2009,CMH,OH,AGL,CE,Combined TRACON& Tower with Radar,155,159,63,0,377,0,0,3,1,4,155,159,66,1,381,0,0,0,381
09/22/2009,CMH,OH,AGL,CE,Combined TRACON& Tower with Radar,161,173,79,3,416,0,0,23,3,26,161,173,102,6,442,0,0,0,442
09/23/2009,CMH,OH,AGL,CE,Combined TRACON& Tower with Radar,157,175,99,1,432,0,1,35,11,47,157,176,134,12,479,0,0,0,479
09/24/2009,CMH,OH,AGL,CE,Combined TRACON& Tower with Radar,160,173,94,0,427,0,0,16,1,17,160,173,110,1,444,0,0,0,444
09/25/2009,CMH,OH,AGL,CE,Combined TRACON& Tower with Radar,162,163,74,1,400,0,0,23,4,27,162,163,97,5,427,0,0,0,427
09/26/2009,CMH,OH,AGL,CE,Combined TRACON& Tower with Radar,118,112,35,3,268,0,0,0,0,0,118,112,35,3,268,0,0,0,268
09/27/2009,CMH,OH,AGL,CE,Combined TRACON& Tower with Radar,155,139,44,0,338,0,0,15,4,19,155,139,59,4,357,0,0,0,357
09/28/2009,CMH,OH,AGL,CE,Combined TRACON& Tower with Radar,162,152,62,0,376,0,1,9,4,14,162,153,71,4,390,0,0,0,390
09/29/2009,CMH,OH,AGL,CE,Combined TRACON& Tower with Radar,159,161,65,0,385,0,0,14,3,17,159,161,79,3,402,0,0,0,402
09/30/2009,CMH,OH,AGL,CE,Combined TRACON& Tower with Radar,153,161,73,1,388,0,0,20,6,26,153,161,93,7,414,0,0,0,414
10/01/2009,CMH,OH,AGL,CE,Combined TRACON& Tower with Radar,154,195,90,4,443,0,3,35,5,43,154,198,125,9,486,0,0,0,486
10/02/2009,CMH,OH,AGL,CE,Combined TRACON& Tower with Radar,156,178,71,2,407,0,0,6,6,12,156,178,77,8,419,0,0,0,419
10/03/2009,CMH,OH,AGL,CE,Combined TRACON& Tower with Radar,117,116,32,2,267,0,0,21,14,35,117,116,53,16,302,0,0,0,302
10/04/2009,CMH,OH,AGL,CE,Combined TRACON& Tower with Radar,144,145,48,0,337,0,0,30,5,35,144,145,78,5,372,0,0,0,372
10/05/2009,CMH,OH,AGL,CE,Combined TRACON& Tower with Radar,151,177,61,2,391,0,0,26,4,30,151,177,87,6,421,0,0,0,421
10/06/2009,CMH,OH,AGL,CE,Combined TRACON& Tower with Radar,150,169,85,0,404,0,0,24,9,33,150,169,109,9,437,0,0,0,437
10/07/2009,CMH,OH,AGL,CE,Combined TRACON& Tower with Radar,153,183,105,8,449,0,0,22,8,30,153,183,127,16,479,0,0,0,479
10/08/2009,CMH,OH,AGL,CE,Combined TRACON& Tower with Radar,160,177,110,0,447,0,1,22,6,29,160,178,132,6,476,0,0,0,476
10/09/2009,CMH,OH,AGL,CE,Combined TRACON& Tower with Radar,150,206,69,8,433,0,0,6,1,7,150,206,75,9,440,0,0,0,440
10/10/2009,CMH,OH,AGL,CE,Combined TRACON& Tower with Radar,121,115,46,0,282,0,1,21,10,32,121,116,67,10,314,0,0,0,314
10/11/2009,CMH,OH,AGL,CE,Combined TRACON& Tower with Radar,143,151,52,1,347,0,1,25,9,35,143,152,77,10,382,0,0,0,382
10/12/2009,CMH,OH,AGL,CE,Combined TRACON& Tower with Radar,148,165,69,0,382,0,0,19,6,25,148,165,88,6,407,0,0,0,407
10/13/2009,CMH,OH,AGL,CE,Combined TRACON& Tower with Radar,152,171,75,0,398,0,0,21,4,25,152,171,96,4,423,0,0,0,423
10/14/2009,CMH,OH,AGL,CE,Combined TRACON& Tower with Radar,151,172,62,4,389,0,1,18,4,23,151,173,80,8,412,0,0,0,412
10/15/2009,CMH,OH,AGL,CE,Combined TRACON& Tower with Radar,150,194,87,4,435,0,0,20,0,20,150,194,107,4,455,0,0,0,455
10/16/2009,CMH,OH,AGL,CE,Combined TRACON& Tower with Radar,158,184,69,0,411,0,0,24,2,26,158,184,93,2,437,0,0,0,437
10/17/2009,CMH,OH,AGL,CE,Combined TRACON& Tower with Radar,121,121,58,0,300,0,1,15,6,22,121,122,73,6,322,0,0,0,322
10/18/2009,CMH,OH,AGL,CE,Combined TRACON& Tower with Radar,142,157,60,4,363,0,1,25,10,36,142,158,85,14,399,0,0,0,399
10/19/2009,CMH,OH,AGL,CE,Combined TRACON& Tower with Radar,149,181,80,0,410,0,1,20,9,30,149,182,100,9,440,0,0,0,440
10/20/2009,CMH,OH,AGL,CE,Combined TRACON& Tower with Radar,153,179,86,0,418,0,0,30,11,41,153,179,116,11,459,0,0,0,459
10/21/2009,CMH,OH,AGL,CE,Combined TRACON& Tower with Radar,155,180,84,0,419,0,1,34,1,36,155,181,118,1,455,0,0,0,455
10/22/2009,CMH,OH,AGL,CE,Combined TRACON& Tower with Radar,157,188,89,4,438,0,1,29,9,39,157,189,118,13,477,0,0,0,477
10/23/2009,CMH,OH,AGL,CE,Combined TRACON& Tower with Radar,152,184,72,3,411,0,1,13,2,16,152,185,85,5,427,0,0,0,427
10/24/2009,CMH,OH,AGL,CE,Combined TRACON& Tower with Radar,119,113,24,1,257,0,0,26,3,29,119,113,50,4,286,0,0,0,286
10/25/2009,CMH,OH,AGL,CE,Combined TRACON& Tower with Radar,140,148,58,4,350,0,0,29,6,35,140,148,87,10,385,0,0,0,385
10/26/2009,CMH,OH,AGL,CE,Combined TRACON& Tower with Radar,148,170,89,1,408,0,0,26,3,29,148,170,115,4,437,0,0,0,437
10/27/2009,CMH,OH,AGL,CE,Combined TRACON& Tower with Radar,144,169,79,0,392,0,0,17,9,26,144,169,96,9,418,0,0,0,418
10/28/2009,CMH,OH,AGL,CE,Combined TRACON& Tower with Radar,150,176,73,0,399,0,0,23,9,32,150,176,96,9,431,0,0,0,431
10/29/2009,CMH,OH,AGL,CE,Combined TRACON& Tower with Radar,151,189,95,0,435,0,0,35,15,50,151,189,130,15,485,0,0,0,485
10/30/2009,CMH,OH,AGL,CE,Combined TRACON& Tower with Radar,159,186,65,1,411,0,2,32,6,40,159,188,97,7,451,0,0,0,451
10/31/2009,CMH,OH,AGL,CE,Combined TRACON& Tower with Radar,122,108,11,0,241,0,0,16,0,16,122,108,27,0,257,0,0,0,257
11/01/2009,CMH,OH,AGL,CE,Combined TRACON& Tower with Radar,143,163,51,0,357,0,1,29,10,40,143,164,80,10,397,0,0,0,397
11/02/2009,CMH,OH,AGL,CE,Combined TRACON& Tower with Radar,146,179,65,0,390,0,0,26,6,32,146,179,91,6,422,0,0,0,422
11/03/2009,CMH,OH,AGL,CE,Combined TRACON& Tower with Radar,143,177,85,0,405,0,1,22,1,24,143,178,107,1,429,0,0,0,429
11/04/2009,CMH,OH,AGL,CE,Combined TRACON& Tower with Radar,146,171,79,0,396,0,0,22,7,29,146,171,101,7,425,0,0,0,425
11/05/2009,CMH,OH,AGL,CE,Combined TRACON& Tower with Radar,151,203,90,1,445,0,1,32,7,40,151,204,122,8,485,0,0,0,485
11/06/2009,CMH,OH,AGL,CE,Combined TRACON& Tower with Radar,146,197,73,1,417,0,1,20,4,25,146,198,93,5,442,0,0,0,442
11/07/2009,CMH,OH,AGL,CE,Combined TRACON& Tower with Radar,116,128,29,2,275,0,1,34,6,41,116,129,63,8,316,0,0,0,316
11/08/2009,CMH,OH,AGL,CE,Combined TRACON& Tower with Radar,147,151,50,0,348,0,0,35,4,39,147,151,85,4,387,0,0,0,387
11/09/2009,CMH,OH,AGL,CE,Combined TRACON& Tower with Radar,146,181,74,0,401,0,0,29,9,38,146,181,103,9,439,0,0,0,439
11/10/2009,CMH,OH,AGL,CE,Combined TRACON& Tower with Radar,145,171,67,6,389,0,0,26,4,30,145,171,93,10,419,0,0,0,419
11/11/2009,CMH,OH,AGL,CE,Combined TRACON& Tower with Radar,149,207,78,0,434,0,0,38,4,42,149,207,116,4,476,0,0,0,476
11/12/2009,CMH,OH,AGL,CE,Combined TRACON& Tower with Radar,149,195,102,4,450,0,0,35,14,49,149,195,137,18,499,0,0,0,499
11/13/2009,CMH,OH,AGL,CE,Combined TRACON& Tower with Radar,146,186,70,0,402,0,1,34,3,38,146,187,104,3,440,0,0,0,440
11/14/2009,CMH,OH,AGL,CE,Combined TRACON& Tower with Radar,112,128,23,1,264,0,1,45,15,61,112,129,68,16,325,0,0,0,325
11/15/2009,CMH,OH,AGL,CE,Combined TRACON& Tower with Radar,143,157,34,2,336,0,1,22,7,30,143,158,56,9,366,0,0,0,366
11/16/2009,CMH,OH,AGL,CE,Combined TRACON& Tower with Radar,143,185,62,0,390,0,0,27,5,32,143,185,89,5,422,0,0,0,422
11/17/2009,CMH,OH,AGL,CE,Combined TRACON& Tower with Radar,145,166,76,0,387,0,2,36,6,44,145,168,112,6,431,0,0,0,431
11/18/2009,CMH,OH,AGL,CE,Combined TRACON& Tower with Radar,147,181,60,0,388,0,1,15,2,18,147,182,75,2,406,0,0,0,406
11/19/2009,CMH,OH,AGL,CE,Combined TRACON& Tower with Radar,139,191,73,7,410,0,0,25,4,29,139,191,98,11,439,0,0,0,439
11/20/2009,CMH,OH,AGL,CE,Combined TRACON& Tower with Radar,146,202,70,1,419,0,5,35,6,46,146,207,105,7,465,0,0,0,465
11/21/2009,CMH,OH,AGL,CE,Combined TRACON& Tower with Radar,105,126,26,0,257,0,3,39,7,49,105,129,65,7,306,0,0,0,306
11/22/2009,CMH,OH,AGL,CE,Combined TRACON& Tower with Radar,143,160,24,0,327,0,9,46,2,57,143,169,70,2,384,0,0,0,384
11/23/2009,CMH,OH,AGL,CE,Combined TRACON& Tower with Radar,143,174,54,0,371,0,0,27,3,30,143,174,81,3,401,0,0,0,401
11/24/2009,CMH,OH,AGL,CE,Combined TRACON& Tower with Radar,147,189,73,1,410,0,0,17,7,24,147,189,90,8,434,0,0,0,434
11/25/2009,CMH,OH,AGL,CE,Combined TRACON& Tower with Radar,143,181,43,0,367,0,1,18,7,26,143,182,61,7,393,0,0,0,393
11/26/2009,CMH,OH,AGL,CE,Combined TRACON& Tower with Radar,92,98,12,0,202,0,3,4,4,11,92,101,16,4,213,0,0,0,213
11/27/2009,CMH,OH,AGL,CE,Combined TRACON& Tower with Radar,114,125,16,0,255,0,0,15,6,21,114,125,31,6,276,0,0,0,276
11/28/2009,CMH,OH,AGL,CE,Combined TRACON& Tower with Radar,122,155,17,0,294,0,0,41,8,49,122,155,58,8,343,0,0,0,343
11/29/2009,CMH,OH,AGL,CE,Combined TRACON& Tower with Radar,158,177,35,0,370,0,0,35,6,41,158,177,70,6,411,0,0,0,411
11/30/2009,CMH,OH,AGL,CE,Combined TRACON& Tower with Radar,148,193,61,0,402,0,1,21,9,31,148,194,82,9,433,0,0,0,433
12/01/2009,CMH,OH,AGL,CE,Combined TRACON& Tower with Radar,140,179,69,0,388,0,4,41,8,53,140,183,110,8,441,0,0,0,441
12/02/2009,CMH,OH,AGL,CE,Combined TRACON& Tower with Radar,141,175,75,0,391,0,1,23,6,30,141,176,98,6,421,0,0,0,421
12/03/2009,CMH,OH,AGL,CE,Combined TRACON& Tower with Radar,148,190,64,7,409,0,1,14,1,16,148,191,78,8,425,0,0,0,425
12/04/2009,CMH,OH,AGL,CE,Combined TRACON& Tower with Radar,141,183,71,1,396,0,4,38,10,52,141,187,109,11,448,0,0,0,448
12/05/2009,CMH,OH,AGL,CE,Combined TRACON& Tower with Radar,102,121,19,0,242,0,8,42,6,56,102,129,61,6,298,0,0,0,298
12/06/2009,CMH,OH,AGL,CE,Combined TRACON& Tower with Radar,133,168,33,0,334,0,4,27,9,40,133,172,60,9,374,0,0,0,374
12/07/2009,CMH,OH,AGL,CE,Combined TRACON& Tower with Radar,134,187,70,0,391,0,0,11,1,12,134,187,81,1,403,0,0,0,403
12/08/2009,CMH,OH,AGL,CE,Combined TRACON& Tower with Radar,128,168,77,0,373,0,3,7,4,14,128,171,84,4,387,0,0,0,387
12/09/2009,CMH,OH,AGL,CE,Combined TRACON& Tower with Radar,157,177,50,0,384,0,2,5,0,7,157,179,55,0,391,0,0,0,391
12/10/2009,CMH,OH,AGL,CE,Combined TRACON& Tower with Radar,148,190,62,4,404,0,6,12,2,20,148,196,74,6,424,0,0,0,424
12/11/2009,CMH,OH,AGL,CE,Combined TRACON& Tower with Radar,145,181,48,0,374,0,3,37,8,48,145,184,85,8,422,0,0,0,422
12/12/2009,CMH,OH,AGL,CE,Combined TRACON& Tower with Radar,107,116,27,0,250,0,3,41,7,51,107,119,68,7,301,0,0,0,301
12/13/2009,CMH,OH,AGL,CE,Combined TRACON& Tower with Radar,133,159,15,2,309,0,0,3,1,4,133,159,18,3,313,0,0,0,313
12/14/2009,CMH,OH,AGL,CE,Combined TRACON& Tower with Radar,145,161,64,0,370,0,0,19,10,29,145,161,83,10,399,0,0,0,399
12/15/2009,CMH,OH,AGL,CE,Combined TRACON& Tower with Radar,132,180,83,2,397,0,2,22,6,30,132,182,105,8,427,0,0,0,427
12/16/2009,CMH,OH,AGL,CE,Combined TRACON& Tower with Radar,137,179,82,0,398,0,1,38,6,45,137,180,120,6,443,0,0,0,443
12/17/2009,CMH,OH,AGL,CE,Combined TRACON& Tower with Radar,142,200,70,0,412,0,2,28,4,34,142,202,98,4,446,0,0,0,446
12/18/2009,CMH,OH,AGL,CE,Combined TRACON& Tower with Radar,136,173,60,1,370,0,0,47,6,53,136,173,107,7,423,0,0,0,423
12/19/2009,CMH,OH,AGL,CE,Combined TRACON& Tower with Radar,111,123,19,0,253,0,0,0,0,0,111,123,19,0,253,0,0,0,253
12/20/2009,CMH,OH,AGL,CE,Combined TRACON& Tower with Radar,129,125,32,1,287,0,0,8,2,10,129,125,40,3,297,0,0,0,297
12/21/2009,CMH,OH,AGL,CE,Combined TRACON& Tower with Radar,140,180,48,0,368,0,0,18,0,18,140,180,66,0,386,0,0,0,386
12/22/2009,CMH,OH,AGL,CE,Combined TRACON& Tower with Radar,142,185,44,0,371,0,0,14,0,14,142,185,58,0,385,0,0,0,385
12/23/2009,CMH,OH,AGL,CE,Combined TRACON& Tower with Radar,134,179,24,0,337,0,3,29,5,37,134,182,53,5,374,0,0,0,374
12/24/2009,CMH,OH,AGL,CE,Combined TRACON& Tower with Radar,113,132,16,0,261,0,5,18,2,25,113,137,34,2,286,0,0,0,286
12/25/2009,CMH,OH,AGL,CE,Combined TRACON& Tower with Radar,100,120,3,0,223,0,0,1,0,1,100,120,4,0,224,0,0,0,224
12/26/2009,CMH,OH,AGL,CE,Combined TRACON& Tower with Radar,111,123,34,0,268,0,0,17,9,26,111,123,51,9,294,0,0,0,294
12/27/2009,CMH,OH,AGL,CE,Combined TRACON& Tower with Radar,141,161,12,0,314,0,2,7,1,10,141,163,19,1,324,0,0,0,324
12/28/2009,CMH,OH,AGL,CE,Combined TRACON& Tower with Radar,139,175,27,0,341,0,0,3,2,5,139,175,30,2,346,0,0,0,346
12/29/2009,CMH,OH,AGL,CE,Combined TRACON& Tower with Radar,168,165,10,1,344,0,2,31,9,42,168,167,41,10,386,0,0,0,386
12/30/2009,CMH,OH,AGL,CE,Combined TRACON& Tower with Radar,135,160,31,0,326,0,2,34,11,47,135,162,65,11,373,0,0,0,373
12/31/2009,CMH,OH,AGL,CE,Combined TRACON& Tower with Radar,115,127,14,0,256,0,0,1,0,1,115,127,15,0,257,0,0,0,257
01/01/2010,CMH,OH,AGL,CE,Combined TRACON& Tower with Radar,107,110,9,0,226,0,0,6,6,12,107,110,15,6,238,0,0,0,238
01/02/2010,CMH,OH,AGL,CE,Combined TRACON& Tower with Radar,140,134,29,0,303,0,0,18,4,22,140,134,47,4,325,0,0,0,325
01/03/2010,CMH,OH,AGL,CE,Combined TRACON& Tower with Radar,148,158,31,0,337,0,2,20,4,26,148,160,51,4,363,0,0,0,363
01/04/2010,CMH,OH,AGL,CE,Combined TRACON& Tower with Radar,145,178,26,0,349,0,1,1,0,2,145,179,27,0,351,0,0,0,351
01/05/2010,CMH,OH,AGL,CE,Combined TRACON& Tower with Radar,126,172,24,0,322,0,0,0,0,0,126,172,24,0,322,0,0,0,322
01/06/2010,CMH,OH,AGL,CE,Combined TRACON& Tower with Radar,133,178,59,0,370,0,0,10,1,11,133,178,69,1,381,0,0,0,381
01/07/2010,CMH,OH,AGL,CE,Combined TRACON& Tower with Radar,120,168,32,0,320,0,2,1,3,6,120,170,33,3,326,0,0,0,326
01/08/2010,CMH,OH,AGL,CE,Combined TRACON& Tower with Radar,138,168,31,6,343,0,1,1,0,2,138,169,32,6,345,0,0,0,345
01/09/2010,CMH,OH,AGL,CE,Combined TRACON& Tower with Radar,105,103,12,0,220,0,1,10,1,12,105,104,22,1,232,0,0,0,232
01/10/2010,CMH,OH,AGL,CE,Combined TRACON& Tower with Radar,120,140,29,0,289,0,2,11,5,18,120,142,40,5,307,0,0,0,307
01/11/2010,CMH,OH,AGL,CE,Combined TRACON& Tower with Radar,130,173,50,2,355,0,0,5,3,8,130,173,55,5,363,0,0,0,363
01/12/2010,CMH,OH,AGL,CE,Combined TRACON& Tower with Radar,130,181,66,1,378,0,1,17,10,28,130,182,83,11,406,0,0,0,406
01/13/2010,CMH,OH,AGL,CE,Combined TRACON& Tower with Radar,128,168,59,2,357,0,3,33,6,42,128,171,92,8,399,0,0,0,399
01/14/2010,CMH,OH,AGL,CE,Combined TRACON& Tower with Radar,134,180,72,0,386,0,0,33,15,48,134,180,105,15,434,0,0,0,434
01/15/2010,CMH,OH,AGL,CE,Combined TRACON& Tower with Radar,136,180,37,2,355,0,0,22,7,29,136,180,59,9,384,0,0,0,384
01/16/2010,CMH,OH,AGL,CE,Combined TRACON& Tower with Radar,99,108,24,0,231,0,0,5,0,5,99,108,29,0,236,0,0,0,236
01/17/2010,CMH,OH,AGL,CE,Combined TRACON& Tower with Radar,129,132,21,0,282,0,0,0,0,0,129,132,21,0,282,0,0,0,282
01/18/2010,CMH,OH,AGL,CE,Combined TRACON& Tower with Radar,130,189,50,0,369,0,0,0,0,0,130,189,50,0,369,0,0,0,369
01/19/2010,CMH,OH,AGL,CE,Combined TRACON& Tower with Radar,132,186,59,0,377,0,0,15,0,15,132,186,74,0,392,0,0,0,392
01/20/2010,CMH,OH,AGL,CE,Combined TRACON& Tower with Radar,125,166,83,0,374,0,1,28,6,35,125,167,111,6,409,0,0,0,409
01/21/2010,CMH,OH,AGL,CE,Combined TRACON& Tower with Radar,132,167,63,0,362,0,2,10,2,14,132,169,73,2,376,0,0,0,376
01/22/2010,CMH,OH,AGL,CE,Combined TRACON& Tower with Radar,135,171,53,0,359,0,0,11,2,13,135,171,64,2,372,0,0,0,372
01/23/2010,CMH,OH,AGL,CE,Combined TRACON& Tower with Radar,97,108,28,0,233,0,0,15,6,21,97,108,43,6,254,0,0,0,254
01/24/2010,CMH,OH,AGL,CE,Combined TRACON& Tower with Radar,119,145,25,0,289,0,2,7,2,11,119,147,32,2,300,0,0,0,300
01/25/2010,CMH,OH,AGL,CE,Combined TRACON& Tower with Radar,135,150,66,0,351,0,0,4,1,5,135,150,70,1,356,0,0,0,356
01/26/2010,CMH,OH,AGL,CE,Combined TRACON& Tower with Radar,125,174,55,0,354,0,3,17,3,23,125,177,72,3,377,0,0,0,377
01/27/2010,CMH,OH,AGL,CE,Combined TRACON& Tower with Radar,131,178,67,4,380,0,1,37,6,44,131,179,104,10,424,0,0,0,424
01/28/2010,CMH,OH,AGL,CE,Combined TRACON& Tower with Radar,134,178,58,10,380,0,3,14,3,20,134,181,72,13,400,0,0,0,400
01/29/2010,CMH,OH,AGL,CE,Combined TRACON& Tower with Radar,135,169,40,4,348,0,0,20,9,29,135,169,60,13,377,0,0,0,377
01/30/2010,CMH,OH,AGL,CE,Combined TRACON& Tower with Radar,96,105,22,0,223,0,0,24,2,26,96,105,46,2,249,0,0,0,249
01/31/2010,CMH,OH,AGL,CE,Combined TRACON& Tower with Radar,128,152,33,0,313,0,4,47,4,55,128,156,80,4,368,0,0,0,368
02/01/2010,CMH,OH,AGL,CE,Combined TRACON& Tower with Radar,134,173,49,0,356,0,0,17,6,23,134,173,66,6,379,0,0,0,379
02/02/2010,CMH,OH,AGL,CE,Combined TRACON& Tower with Radar,130,172,45,0,347,0,2,15,4,21,130,174,60,4,368,0,0,0,368
02/03/2010,CMH,OH,AGL,CE,Combined TRACON& Tower with Radar,128,176,59,0,363,0,4,31,5,40,128,180,90,5,403,0,0,0,403
02/04/2010,CMH,OH,AGL,CE,Combined TRACON& Tower with Radar,134,187,78,0,399,0,0,20,0,20,134,187,98,0,419,0,0,0,419
02/05/2010,CMH,OH,AGL,CE,Combined TRACON& Tower with Radar,124,161,51,2,338,0,0,4,0,4,124,161,55,2,342,0,0,0,342
02/06/2010,CMH,OH,AGL,CE,Combined TRACON& Tower with Radar,87,87,11,0,185,0,0,17,2,19,87,87,28,2,204,0,0,0,204
02/07/2010,CMH,OH,AGL,CE,Combined TRACON& Tower with Radar,112,135,21,0,268,0,0,11,12,23,112,135,32,12,291,0,0,0,291
02/08/2010,CMH,OH,AGL,CE,Combined TRACON& Tower with Radar,133,159,64,0,356,0,0,20,2,22,133,159,84,2,378,0,0,0,378
02/09/2010,CMH,OH,AGL,CE,Combined TRACON& Tower with Radar,120,142,49,0,311,0,0,5,0,5,120,142,54,0,316,0,0,0,316
02/10/2010,CMH,OH,AGL,CE,Combined TRACON& Tower with Radar,106,111,33,0,250,0,0,14,0,14,106,111,47,0,264,0,0,0,264
02/11/2010,CMH,OH,AGL,CE,Combined TRACON& Tower with Radar,125,155,44,4,328,0,0,16,2,18,125,155,60,6,346,0,0,0,346
02/12/2010,CMH,OH,AGL,CE,Combined TRACON& Tower with Radar,126,178,62,0,366,0,8,28,1,37,126,186,90,1,403,0,0,0,403
02/13/2010,CMH,OH,AGL,CE,Combined TRACON& Tower with Radar,106,124,29,0,259,0,1,25,3,29,106,125,54,3,288,0,0,0,288
02/14/2010,CMH,OH,AGL,CE,Combined TRACON& Tower with Radar,122,143,23,0,288,0,2,12,7,21,122,145,35,7,309,0,0,0,309
02/15/2010,CMH,OH,AGL,CE,Combined TRACON& Tower with Radar,100,111,48,0,259,0,0,3,0,3,100,111,51,0,262,0,0,0,262
02/16/2010,CMH,OH,AGL,CE,Combined TRACON& Tower with Radar,136,160,52,0,348,0,0,4,1,5,136,160,56,1,353,0,0,0,353
02/17/2010,CMH,OH,AGL,CE,Combined TRACON& Tower with Radar,140,184,68,0,392,0,0,2,1,3,140,184,70,1,395,0,0,0,395
02/18/2010,CMH,OH,AGL,CE,Combined TRACON& Tower with Radar,139,188,73,0,400,0,0,6,2,8,139,188,79,2,408,0,0,0,408
02/19/2010,CMH,OH,AGL,CE,Combined TRACON& Tower with Radar,137,188,75,0,400,0,1,30,4,35,137,189,105,4,435,0,0,0,435
02/20/2010,CMH,OH,AGL,CE,Combined TRACON& Tower with Radar,114,105,21,0,240,0,3,33,7,43,114,108,54,7,283,0,0,0,283
02/21/2010,CMH,OH,AGL,CE,Combined TRACON& Tower with Radar,123,149,31,0,303,0,0,11,6,17,123,149,42,6,320,0,0,0,320
02/22/2010,CMH,OH,AGL,CE,Combined TRACON& Tower with Radar,137,178,55,0,370,0,0,4,4,8,137,178,59,4,378,0,0,0,378
02/23/2010,CMH,OH,AGL,CE,Combined TRACON& Tower with Radar,136,167,60,6,369,0,0,43,1,44,136,167,103,7,413,0,0,0,413
02/24/2010,CMH,OH,AGL,CE,Combined TRACON& Tower with Radar,138,172,72,0,382,0,1,13,1,15,138,173,85,1,397,0,0,0,397
02/25/2010,CMH,OH,AGL,CE,Combined TRACON& Tower with Radar,136,155,53,0,344,0,1,5,0,6,136,156,58,0,350,0,0,0,350
02/26/2010,CMH,OH,AGL,CE,Combined TRACON& Tower with Radar,127,140,62,4,333,0,0,4,0,4,127,140,66,4,337,0,0,0,337
02/27/2010,CMH,OH,AGL,CE,Combined TRACON& Tower with Radar,113,109,31,0,253,0,1,4,1,6,113,110,35,1,259,0,0,0,259
02/28/2010,CMH,OH,AGL,CE,Combined TRACON& Tower with Radar,124,146,30,0,300,0,0,13,1,14,124,146,43,1,314,0,0,0,314
03/01/2010,CMH,OH,AGL,CE,Combined TRACON& Tower with Radar,139,176,51,0,366,0,1,22,5,28,139,177,73,5,394,0,0,0,394
03/02/2010,CMH,OH,AGL,CE,Combined TRACON& Tower with Radar,137,174,54,2,367,0,1,17,5,23,137,175,71,7,390,0,0,0,390
03/03/2010,CMH,OH,AGL,CE,Combined TRACON& Tower with Radar,143,169,58,0,370,0,3,38,7,48,143,172,96,7,418,0,0,0,418
03/04/2010,CMH,OH,AGL,CE,Combined TRACON& Tower with Radar,140,178,44,1,363,0,3,42,13,58,140,181,86,14,421,0,0,0,421
03/05/2010,CMH,OH,AGL,CE,Combined TRACON& Tower with Radar,142,174,74,1,391,0,1,43,6,50,142,175,117,7,441,0,0,0,441
03/06/2010,CMH,OH,AGL,CE,Combined TRACON& Tower with Radar,111,105,30,0,246,0,0,50,1,51,111,105,80,1,297,0,0,0,297
03/07/2010,CMH,OH,AGL,CE,Combined TRACON& Tower with Radar,124,159,40,0,323,0,1,30,3,34,124,160,70,3,357,0,0,0,357
03/08/2010,CMH,OH,AGL,CE,Combined TRACON& Tower with Radar,135,171,68,0,374,0,0,39,7,46,135,171,107,7,420,0,0,0,420
03/09/2010,CMH,OH,AGL,CE,Combined TRACON& Tower with Radar,144,162,67,2,375,0,2,44,11,57,144,164,111,13,432,0,0,0,432
03/10/2010,CMH,OH,AGL,CE,Combined TRACON& Tower with Radar,139,163,59,1,362,0,0,23,3,26,139,163,82,4,388,0,0,0,388
03/11/2010,CMH,OH,AGL,CE,Combined TRACON& Tower with Radar,141,180,71,0,392,0,1,21,5,27,141,181,92,5,419,0,0,0,419
03/12/2010,CMH,OH,AGL,CE,Combined TRACON& Tower with Radar,129,187,58,0,374,0,1,14,3,18,129,188,72,3,392,0,0,0,392
03/13/2010,CMH,OH,AGL,CE,Combined TRACON& Tower with Radar,117,98,28,0,243,0,0,6,0,6,117,98,34,0,249,0,0,0,249
03/14/2010,CMH,OH,AGL,CE,Combined TRACON& Tower with Radar,131,142,22,0,295,0,0,3,0,3,131,142,25,0,298,0,0,0,298
03/15/2010,CMH,OH,AGL,CE,Combined TRACON& Tower with Radar,143,164,37,0,344,0,0,11,1,12,143,164,48,1,356,0,0,0,356
03/16/2010,CMH,OH,AGL,CE,Combined TRACON& Tower with Radar,148,156,61,0,365,0,3,34,10,47,148,159,95,10,412,0,0,0,412
03/17/2010,CMH,OH,AGL,CE,Combined TRACON& Tower with Radar,157,169,53,0,379,0,1,33,4,38,157,170,86,4,417,0,0,0,417
03/18/2010,CMH,OH,AGL,CE,Combined TRACON& Tower with Radar,151,168,65,0,384,0,2,52,9,63,151,170,117,9,447,0,0,0,447
03/19/2010,CMH,OH,AGL,CE,Combined TRACON& Tower with Radar,148,178,55,0,381,0,2,55,4,61,148,180,110,4,442,0,0,0,442
03/20/2010,CMH,OH,AGL,CE,Combined TRACON& Tower with Radar,124,109,21,0,254,0,1,38,6,45,124,110,59,6,299,0,0,0,299
03/21/2010,CMH,OH,AGL,CE,Combined TRACON& Tower with Radar,133,144,32,0,309,0,0,15,6,21,133,144,47,6,330,0,0,0,330
03/22/2010,CMH,OH,AGL,CE,Combined TRACON& Tower with Radar,148,163,70,0,381,0,0,2,0,2,148,163,72,0,383,0,0,0,383
03/23/2010,CMH,OH,AGL,CE,Combined TRACON& Tower with Radar,143,168,66,0,377,0,2,13,6,21,143,170,79,6,398,0,0,0,398
03/24/2010,CMH,OH,AGL,CE,Combined TRACON& Tower with Radar,147,155,73,0,375,0,1,48,6,55,147,156,121,6,430,0,0,0,430
03/25/2010,CMH,OH,AGL,CE,Combined TRACON& Tower with Radar,151,182,56,0,389,0,0,7,4,11,151,182,63,4,400,0,0,0,400
03/26/2010,CMH,OH,AGL,CE,Combined TRACON& Tower with Radar,145,193,57,0,395,0,1,33,4,38,145,194,90,4,433,0,0,0,433
03/27/2010,CMH,OH,AGL,CE,Combined TRACON& Tower with Radar,123,120,35,0,278,0,0,42,5,47,123,120,77,5,325,0,0,0,325
03/28/2010,CMH,OH,AGL,CE,Combined TRACON& Tower with Radar,132,150,25,0,307,0,0,4,1,5,132,150,29,1,312,0,0,0,312
03/29/2010,CMH,OH,AGL,CE,Combined TRACON& Tower with Radar,148,163,62,0,373,0,0,26,1,27,148,163,88,1,400,0,0,0,400
03/30/2010,CMH,OH,AGL,CE,Combined TRACON& Tower with Radar,148,157,79,3,387,0,2,41,4,47,148,159,120,7,434,0,0,0,434
03/31/2010,CMH,OH,AGL,CE,Combined TRACON& Tower with Radar,146,170,51,2,369,0,0,36,2,38,146,170,87,4,407,0,0,0,407
04/01/2010,CMH,OH,AGL,CE,Combined TRACON& Tower with Radar,150,167,55,0,372,0,0,29,2,31,150,167,84,2,403,0,0,0,403
04/02/2010,CMH,OH,AGL,CE,Combined TRACON& Tower with Radar,146,159,42,1,348,0,6,24,2,32,146,165,66,3,380,0,0,0,380
04/03/2010,CMH,OH,AGL,CE,Combined TRACON& Tower with Radar,118,114,13,0,245,0,0,8,0,8,118,114,21,0,253,0,0,0,253
04/04/2010,CMH,OH,AGL,CE,Combined TRACON& Tower with Radar,127,146,28,0,301,0,1,15,0,16,127,147,43,0,317,0,0,0,317
04/05/2010,CMH,OH,AGL,CE,Combined TRACON& Tower with Radar,147,164,55,0,366,0,1,12,1,14,147,165,67,1,380,0,0,0,380
04/06/2010,CMH,OH,AGL,CE,Combined TRACON& Tower with Radar,128,165,50,0,343,0,0,14,0,14,128,165,64,0,357,0,0,0,357
04/07/2010,CMH,OH,AGL,CE,Combined TRACON& Tower with Radar,139,168,52,0,359,0,0,6,1,7,139,168,58,1,366,0,0,0,366
04/08/2010,CMH,OH,AGL,CE,Combined TRACON& Tower with Radar,135,184,73,4,396,0,2,7,0,9,135,186,80,4,405,0,0,0,405
04/09/2010,CMH,OH,AGL,CE,Combined TRACON& Tower with Radar,136,186,67,8,397,0,1,25,0,26,136,187,92,8,423,0,0,0,423
04/10/2010,CMH,OH,AGL,CE,Combined TRACON& Tower with Radar,109,108,24,0,241,0,4,36,0,40,109,112,60,0,281,0,0,0,281
04/11/2010,CMH,OH,AGL,CE,Combined TRACON& Tower with Radar,123,155,40,0,318,0,2,29,0,31,123,157,69,0,349,0,0,0,349
04/12/2010,CMH,OH,AGL,CE,Combined TRACON& Tower with Radar,135,173,57,0,365,0,2,26,0,28,135,175,83,0,393,0,0,0,393
04/13/2010,CMH,OH,AGL,CE,Combined TRACON& Tower with Radar,131,159,52,0,342,0,0,21,0,21,131,159,73,0,363,0,0,0,363
04/14/2010,CMH,OH,AGL,CE,Combined TRACON& Tower with Radar,138,179,66,0,383,0,1,41,0,42,138,180,107,0,425,0,0,0,425
04/15/2010,CMH,OH,AGL,CE,Combined TRACON& Tower with Radar,134,169,67,0,370,0,0,39,1,40,134,169,106,1,410,0,0,0,410
04/16/2010,CMH,OH,AGL,CE,Combined TRACON& Tower with Radar,141,169,61,1,372,0,0,16,0,16,141,169,77,1,388,0,0,0,388
04/17/2010,CMH,OH,AGL,CE,Combined TRACON& Tower with Radar,108,108,19,5,240,0,2,14,1,17,108,110,33,6,257,0,0,0,257
04/18/2010,CMH,OH,AGL,CE,Combined TRACON& Tower with Radar,122,155,21,1,299,0,1,20,0,21,122,156,41,1,320,0,0,0,320
04/19/2010,CMH,OH,AGL,CE,Combined TRACON& Tower with Radar,136,182,57,0,375,0,1,29,1,31,136,183,86,1,406,0,0,0,406
04/20/2010,CMH,OH,AGL,CE,Combined TRACON& Tower with Radar,132,178,61,0,371,0,5,39,2,46,132,183,100,2,417,0,0,0,417
04/21/2010,CMH,OH,AGL,CE,Combined TRACON& Tower with Radar,138,183,87,0,408,0,2,27,0,29,138,185,114,0,437,0,0,0,437
04/22/2010,CMH,OH,AGL,CE,Combined TRACON& Tower with Radar,137,176,58,0,371,0,0,21,0,21,137,176,79,0,392,0,0,0,392
04/23/2010,CMH,OH,AGL,CE,Combined TRACON& Tower with Radar,136,174,57,0,367,0,5,25,1,31,136,179,82,1,398,0,0,0,398
04/24/2010,CMH,OH,AGL,CE,Combined TRACON& Tower with Radar,103,117,19,0,239,0,0,6,2,8,103,117,25,2,247,0,0,0,247
04/25/2010,CMH,OH,AGL,CE,Combined TRACON& Tower with Radar,125,145,29,0,299,0,0,8,0,8,125,145,37,0,307,0,0,0,307
04/26/2010,CMH,OH,AGL,CE,Combined TRACON& Tower with Radar,134,180,58,0,372,0,2,4,1,7,134,182,62,1,379,0,0,0,379
04/27/2010,CMH,OH,AGL,CE,Combined TRACON& Tower with Radar,136,177,76,0,389,0,4,27,0,31,136,181,103,0,420,0,0,0,420
04/28/2010,CMH,OH,AGL,CE,Combined TRACON& Tower with Radar,136,171,83,0,390,0,2,31,0,33,136,173,114,0,423,0,0,0,423
04/29/2010,CMH,OH,AGL,CE,Combined TRACON& Tower with Radar,137,187,65,0,389,0,5,31,0,36,137,192,96,0,425,0,0,0,425
04/30/2010,CMH,OH,AGL,CE,Combined TRACON& Tower with Radar,135,186,57,0,378,0,3,25,0,28,135,189,82,0,406,0,0,0,406
05/01/2010,CMH,OH,AGL,CE,Combined TRACON& Tower with Radar,112,114,15,0,241,0,2,4,0,6,112,116,19,0,247,0,0,0,247
05/02/2010,CMH,OH,AGL,CE,Combined TRACON& Tower with Radar,120,144,25,0,289,0,0,1,0,1,120,144,26,0,290,0,0,0,290
05/03/2010,CMH,OH,AGL,CE,Combined TRACON& Tower with Radar,142,183,77,8,410,0,0,17,2,19,142,183,94,10,429,0,0,0,429
05/04/2010,CMH,OH,AGL,CE,Combined TRACON& Tower with Radar,144,191,64,4,403,0,4,26,2,32,144,195,90,6,435,0,0,0,435
05/05/2010,CMH,OH,AGL,CE,Combined TRACON& Tower with Radar,143,164,75,0,382,0,3,28,2,33,143,167,103,2,415,0,0,0,415
05/06/2010,CMH,OH,AGL,CE,Combined TRACON& Tower with Radar,146,186,62,4,398,0,5,33,0,38,146,191,95,4,436,0,0,0,436
05/07/2010,CMH,OH,AGL,CE,Combined TRACON& Tower with Radar,140,162,47,0,349,0,2,16,1,19,140,164,63,1,368,0,0,0,368
05/08/2010,CMH,OH,AGL,CE,Combined TRACON& Tower with Radar,114,111,17,4,246,0,0,8,0,8,114,111,25,4,254,0,0,0,254
05/09/2010,CMH,OH,AGL,CE,Combined TRACON& Tower with Radar,131,138,24,0,293,0,1,21,0,22,131,139,45,0,315,0,0,0,315
05/10/2010,CMH,OH,AGL,CE,Combined TRACON& Tower with Radar,143,177,61,0,381,0,2,27,0,29,143,179,88,0,410,0,0,0,410
05/11/2010,CMH,OH,AGL,CE,Combined TRACON& Tower with Radar,145,160,54,0,359,0,2,2,0,4,145,162,56,0,363,0,0,0,363
05/12/2010,CMH,OH,AGL,CE,Combined TRACON& Tower with Radar,143,176,68,2,389,0,0,4,0,4,143,176,72,2,393,0,0,0,393
05/13/2010,CMH,OH,AGL,CE,Combined TRACON& Tower with Radar,151,183,74,5,413,0,1,11,1,13,151,184,85,6,426,0,0,0,426
05/14/2010,CMH,OH,AGL,CE,Combined TRACON& Tower with Radar,142,172,50,2,366,0,3,20,2,25,142,175,70,4,391,0,0,0,391
05/15/2010,CMH,OH,AGL,CE,Combined TRACON& Tower with Radar,115,108,17,0,240,0,2,27,1,30,115,110,44,1,270,0,0,0,270
05/16/2010,CMH,OH,AGL,CE,Combined TRACON& Tower with Radar,134,154,31,6,325,0,1,18,0,19,134,155,49,6,344,0,0,0,344
05/17/2010,CMH,OH,AGL,CE,Combined TRACON& Tower with Radar,145,176,69,2,392,0,0,0,0,0,145,176,69,2,392,0,0,0,392
05/18/2010,CMH,OH,AGL,CE,Combined TRACON& Tower with Radar,145,176,58,10,389,0,2,11,0,13,145,178,69,10,402,0,0,0,402
05/19/2010,CMH,OH,AGL,CE,Combined TRACON& Tower with Radar,142,177,93,14,426,0,0,13,2,15,142,177,106,16,441,0,0,0,441
05/20/2010,CMH,OH,AGL,CE,Combined TRACON& Tower with Radar,142,184,134,9,469,0,1,43,0,44,142,185,177,9,513,0,0,0,513
05/21/2010,CMH,OH,AGL,CE,Combined TRACON& Tower with Radar,136,194,68,2,400,0,1,3,1,5,136,195,71,3,405,0,0,0,405
05/22/2010,CMH,OH,AGL,CE,Combined TRACON& Tower with Radar,117,122,113,0,352,0,0,28,0,28,117,122,141,0,380,0,0,0,380
05/23/2010,CMH,OH,AGL,CE,Combined TRACON& Tower with Radar,136,155,103,2,396,0,1,54,0,55,136,156,157,2,451,0,0,0,451
05/24/2010,CMH,OH,AGL,CE,Combined TRACON& Tower with Radar,143,176,62,3,384,0,1,28,4,33,143,177,90,7,417,0,0,0,417
05/25/2010,CMH,OH,AGL,CE,Combined TRACON& Tower with Radar,145,177,61,0,383,0,1,42,0,43,145,178,103,0,426,0,0,0,426
05/26/2010,CMH,OH,AGL,CE,Combined TRACON& Tower with Radar,142,161,83,4,390,0,4,32,0,36,142,165,115,4,426,0,0,0,426
05/27/2010,CMH,OH,AGL,CE,Combined TRACON& Tower with Radar,143,173,79,0,395,0,2,35,1,38,143,175,114,1,433,0,0,0,433
05/28/2010,CMH,OH,AGL,CE,Combined TRACON& Tower with Radar,136,176,55,0,367,0,3,22,2,27,136,179,77,2,394,0,0,0,394
05/29/2010,CMH,OH,AGL,CE,Combined TRACON& Tower with Radar,116,108,24,0,248,0,5,26,0,31,116,113,50,0,279,0,0,0,279
05/30/2010,CMH,OH,AGL,CE,Combined TRACON& Tower with Radar,112,109,19,0,240,0,0,19,0,19,112,109,38,0,259,0,0,0,259
05/31/2010,CMH,OH,AGL,CE,Combined TRACON& Tower with Radar,139,135,26,0,300,0,1,10,0,11,139,136,36,0,311,0,0,0,311
06/01/2010,CMH,OH,AGL,CE,Combined TRACON& Tower with Radar,142,170,68,0,380,0,4,25,0,29,142,174,93,0,409,0,0,0,409
06/02/2010,CMH,OH,AGL,CE,Combined TRACON& Tower with Radar,145,182,73,6,406,0,2,11,0,13,145,184,84,6,419,0,0,0,419
06/03/2010,CMH,OH,AGL,CE,Combined TRACON& Tower with Radar,157,190,68,2,417,0,1,9,0,10,157,191,77,2,427,0,0,0,427
06/04/2010,CMH,OH,AGL,CE,Combined TRACON& Tower with Radar,142,183,46,0,371,0,1,16,2,19,142,184,62,2,390,0,0,0,390
06/05/2010,CMH,OH,AGL,CE,Combined TRACON& Tower with Radar,119,115,13,0,247,0,1,3,0,4,119,116,16,0,251,0,0,0,251
06/06/2010,CMH,OH,AGL,CE,Combined TRACON& Tower with Radar,140,133,44,0,317,0,3,13,1,17,140,136,57,1,334,0,0,0,334
06/07/2010,CMH,OH,AGL,CE,Combined TRACON& Tower with Radar,143,175,62,0,380,0,4,19,0,23,143,179,81,0,403,0,0,0,403
06/08/2010,CMH,OH,AGL,CE,Combined TRACON& Tower with Radar,141,168,69,0,378,0,4,19,1,24,141,172,88,1,402,0,0,0,402
06/09/2010,CMH,OH,AGL,CE,Combined TRACON& Tower with Radar,148,183,65,6,402,0,2,7,0,9,148,185,72,6,411,0,0,0,411
06/10/2010,CMH,OH,AGL,CE,Combined TRACON& Tower with Radar,144,187,78,2,411,0,5,16,0,21,144,192,94,2,432,0,0,0,432
06/11/2010,CMH,OH,AGL,CE,Combined TRACON& Tower with Radar,152,175,58,0,385,0,1,10,0,11,152,176,68,0,396,0,0,0,396
06/12/2010,CMH,OH,AGL,CE,Combined TRACON& Tower with Radar,126,123,22,0,271,0,1,12,0,13,126,124,34,0,284,0,0,0,284
06/13/2010,CMH,OH,AGL,CE,Combined TRACON& Tower with Radar,129,157,44,0,330,0,1,9,0,10,129,158,53,0,340,0,0,0,340
06/14/2010,CMH,OH,AGL,CE,Combined TRACON& Tower with Radar,148,180,82,2,412,0,5,9,1,15,148,185,91,3,427,0,0,0,427
06/15/2010,CMH,OH,AGL,CE,Combined TRACON& Tower with Radar,136,178,66,6,386,0,5,11,0,16,136,183,77,6,402,0,0,0,402
06/16/2010,CMH,OH,AGL,CE,Combined TRACON& Tower with Radar,150,192,98,0,440,0,2,19,0,21,150,194,117,0,461,0,0,0,461
06/17/2010,CMH,OH,AGL,CE,Combined TRACON& Tower with Radar,145,176,88,2,411,0,1,33,1,35,145,177,121,3,446,0,0,0,446
06/18/2010,CMH,OH,AGL,CE,Combined TRACON& Tower with Radar,145,175,61,5,386,0,3,30,0,33,145,178,91,5,419,0,0,0,419
06/19/2010,CMH,OH,AGL,CE,Combined TRACON& Tower with Radar,127,127,13,0,267,0,1,19,0,20,127,128,32,0,287,0,0,0,287
06/20/2010,CMH,OH,AGL,CE,Combined TRACON& Tower with Radar,134,155,32,1,322,0,1,30,0,31,134,156,62,1,353,0,0,0,353
06/21/2010,CMH,OH,AGL,CE,Combined TRACON& Tower with Radar,143,187,49,0,379,0,1,12,4,17,143,188,61,4,396,0,0,0,396
06/22/2010,CMH,OH,AGL,CE,Combined TRACON& Tower with Radar,155,187,64,1,407,0,3,14,0,17,155,190,78,1,424,0,0,0,424
06/23/2010,CMH,OH,AGL,CE,Combined TRACON& Tower with Radar,141,195,72,4,412,0,3,13,2,18,141,198,85,6,430,0,0,0,430
06/24/2010,CMH,OH,AGL,CE,Combined TRACON& Tower with Radar,140,167,60,1,368,0,5,33,0,38,140,172,93,1,406,0,0,0,406
06/25/2010,CMH,OH,AGL,CE,Combined TRACON& Tower with Radar,144,171,52,6,373,0,2,51,0,53,144,173,103,6,426,0,0,0,426
06/26/2010,CMH,OH,AGL,CE,Combined TRACON& Tower with Radar,125,118,31,0,274,0,0,26,0,26,125,118,57,0,300,0,0,0,300
06/27/2010,CMH,OH,AGL,CE,Combined TRACON& Tower with Radar,137,127,43,0,307,0,2,10,0,12,137,129,53,0,319,0,0,0,319
06/28/2010,CMH,OH,AGL,CE,Combined TRACON& Tower with Radar,150,176,68,8,402,0,3,13,1,17,150,179,81,9,419,0,0,0,419
06/29/2010,CMH,OH,AGL,CE,Combined TRACON& Tower with Radar,140,171,52,0,363,0,2,21,0,23,140,173,73,0,386,0,0,0,386
06/30/2010,CMH,OH,AGL,CE,Combined TRACON& Tower with Radar,149,176,70,0,395,0,2,38,0,40,149,178,108,0,435,0,0,0,435
07/01/2010,CMH,OH,AGL,CE,Combined TRACON& Tower with Radar,145,186,61,0,392,0,2,40,2,44,145,188,101,2,436,0,0,0,436
07/02/2010,CMH,OH,AGL,CE,Combined TRACON& Tower with Radar,142,186,36,0,364,0,1,27,0,28,142,187,63,0,392,0,0,0,392
07/03/2010,CMH,OH,AGL,CE,Combined TRACON& Tower with Radar,119,123,24,0,266,0,5,42,2,49,119,128,66,2,315,0,0,0,315
07/04/2010,CMH,OH,AGL,CE,Combined TRACON& Tower with Radar,110,116,11,0,237,0,1,32,2,35,110,117,43,2,272,0,0,0,272
07/05/2010,CMH,OH,AGL,CE,Combined TRACON& Tower with Radar,137,163,23,0,323,0,1,12,0,13,137,164,35,0,336,0,0,0,336
07/06/2010,CMH,OH,AGL,CE,Combined TRACON& Tower with Radar,141,182,50,0,373,0,1,17,1,19,141,183,67,1,392,0,0,0,392
07/07/2010,CMH,OH,AGL,CE,Combined TRACON& Tower with Radar,146,171,66,2,385,0,1,26,0,27,146,172,92,2,412,0,0,0,412
07/08/2010,CMH,OH,AGL,CE,Combined TRACON& Tower with Radar,142,178,60,0,380,0,2,20,0,22,142,180,80,0,402,0,0,0,402
07/09/2010,CMH,OH,AGL,CE,Combined TRACON& Tower with Radar,140,181,52,0,373,0,1,6,0,7,140,182,58,0,380,0,0,0,380
07/10/2010,CMH,OH,AGL,CE,Combined TRACON& Tower with Radar,125,125,39,0,289,0,2,23,0,25,125,127,62,0,314,0,0,0,314
07/11/2010,CMH,OH,AGL,CE,Combined TRACON& Tower with Radar,130,155,42,2,329,0,4,15,0,19,130,159,57,2,348,0,0,0,348
07/12/2010,CMH,OH,AGL,CE,Combined TRACON& Tower with Radar,141,192,72,0,405,0,3,7,0,10,141,195,79,0,415,0,0,0,415
07/13/2010,CMH,OH,AGL,CE,Combined TRACON& Tower with Radar,145,168,73,0,386,0,2,10,0,12,145,170,83,0,398,0,0,0,398
07/14/2010,CMH,OH,AGL,CE,Combined TRACON& Tower with Radar,146,186,68,4,404,0,1,24,0,25,146,187,92,4,429,0,0,0,429
07/15/2010,CMH,OH,AGL,CE,Combined TRACON& Tower with Radar,143,196,51,0,390,0,3,20,1,24,143,199,71,1,414,0,0,0,414
07/16/2010,CMH,OH,AGL,CE,Combined TRACON& Tower with Radar,141,182,72,9,404,0,5,19,1,25,141,187,91,10,429,0,0,0,429
07/17/2010,CMH,OH,AGL,CE,Combined TRACON& Tower with Radar,125,129,24,14,292,0,0,12,3,15,125,129,36,17,307,0,0,0,307
07/18/2010,CMH,OH,AGL,CE,Combined TRACON& Tower with Radar,137,156,26,0,319,0,1,7,1,9,137,157,33,1,328,0,0,0,328
07/19/2010,CMH,OH,AGL,CE,Combined TRACON& Tower with Radar,144,180,59,0,383,0,1,16,0,17,144,181,75,0,400,0,0,0,400
07/20/2010,CMH,OH,AGL,CE,Combined TRACON& Tower with Radar,147,189,56,4,396,0,3,12,2,17,147,192,68,6,413,0,0,0,413
07/21/2010,CMH,OH,AGL,CE,Combined TRACON& Tower with Radar,146,200,74,0,420,0,1,20,0,21,146,201,94,0,441,0,0,0,441
07/22/2010,CMH,OH,AGL,CE,Combined TRACON& Tower with Radar,141,182,63,2,388,0,6,20,0,26,141,188,83,2,414,0,0,0,414
07/23/2010,CMH,OH,AGL,CE,Combined TRACON& Tower with Radar,147,179,63,8,397,0,3,13,0,16,147,182,76,8,413,0,0,0,413
07/24/2010,CMH,OH,AGL,CE,Combined TRACON& Tower with Radar,127,125,41,14,307,0,0,22,1,23,127,125,63,15,330,0,0,0,330
07/25/2010,CMH,OH,AGL,CE,Combined TRACON& Tower with Radar,133,143,37,0,313,0,0,8,0,8,133,143,45,0,321,0,0,0,321
07/26/2010,CMH,OH,AGL,CE,Combined TRACON& Tower with Radar,144,198,69,0,411,0,2,23,0,25,144,200,92,0,436,0,0,0,436
07/27/2010,CMH,OH,AGL,CE,Combined TRACON& Tower with Radar,144,202,54,2,402,0,4,30,0,34,144,206,84,2,436,0,0,0,436
07/28/2010,CMH,OH,AGL,CE,Combined TRACON& Tower with Radar,145,199,83,7,434,0,2,11,1,14,145,201,94,8,448,0,0,0,448
07/29/2010,CMH,OH,AGL,CE,Combined TRACON& Tower with Radar,141,169,69,1,380,0,2,27,1,30,141,171,96,2,410,0,0,0,410
07/30/2010,CMH,OH,AGL,CE,Combined TRACON& Tower with Radar,142,178,63,2,385,0,1,29,0,30,142,179,92,2,415,0,0,0,415
07/31/2010,CMH,OH,AGL,CE,Combined TRACON& Tower with Radar,120,125,28,0,273,0,4,16,0,20,120,129,44,0,293,0,0,0,293
08/01/2010,CMH,OH,AGL,CE,Combined TRACON& Tower with Radar,132,153,33,1,319,0,1,25,2,28,132,154,58,3,347,0,0,0,347
08/02/2010,CMH,OH,AGL,CE,Combined TRACON& Tower with Radar,145,173,58,0,376,0,2,37,1,40,145,175,95,1,416,0,0,0,416
08/03/2010,CMH,OH,AGL,CE,Combined TRACON& Tower with Radar,145,184,52,0,381,0,3,11,1,15,145,187,63,1,396,0,0,0,396
08/04/2010,CMH,OH,AGL,CE,Combined TRACON& Tower with Radar,138,192,75,0,405,0,1,10,0,11,138,193,85,0,416,0,0,0,416
08/05/2010,CMH,OH,AGL,CE,Combined TRACON& Tower with Radar,138,187,74,2,401,0,1,17,0,18,138,188,91,2,419,0,0,0,419
08/06/2010,CMH,OH,AGL,CE,Combined TRACON& Tower with Radar,143,193,59,0,395,0,0,32,2,34,143,193,91,2,429,0,0,0,429
08/07/2010,CMH,OH,AGL,CE,Combined TRACON& Tower with Radar,121,129,33,0,283,0,3,46,0,49,121,132,79,0,332,0,0,0,332
08/08/2010,CMH,OH,AGL,CE,Combined TRACON& Tower with Radar,134,151,29,0,314,0,0,31,0,31,134,151,60,0,345,0,0,0,345
08/09/2010,CMH,OH,AGL,CE,Combined TRACON& Tower with Radar,147,181,60,0,388,0,1,23,0,24,147,182,83,0,412,0,0,0,412
08/10/2010,CMH,OH,AGL,CE,Combined TRACON& Tower with Radar,138,189,54,0,381,0,2,30,0,32,138,191,84,0,413,0,0,0,413
08/11/2010,CMH,OH,AGL,CE,Combined TRACON& Tower with Radar,143,193,64,4,404,0,1,23,0,24,143,194,87,4,428,0,0,0,428
08/12/2010,CMH,OH,AGL,CE,Combined TRACON& Tower with Radar,140,184,78,0,402,0,1,17,0,18,140,185,95,0,420,0,0,0,420
08/13/2010,CMH,OH,AGL,CE,Combined TRACON& Tower with Radar,141,175,65,1,382,0,4,38,1,43,141,179,103,2,425,0,0,0,425
08/14/2010,CMH,OH,AGL,CE,Combined TRACON& Tower with Radar,123,134,26,2,285,0,2,15,4,21,123,136,41,6,306,0,0,0,306
08/15/2010,CMH,OH,AGL,CE,Combined TRACON& Tower with Radar,130,168,37,0,335,0,0,7,0,7,130,168,44,0,342,0,0,0,342
08/16/2010,CMH,OH,AGL,CE,Combined TRACON& Tower with Radar,145,183,51,1,380,0,0,21,0,21,145,183,72,1,401,0,0,0,401
08/17/2010,CMH,OH,AGL,CE,Combined TRACON& Tower with Radar,137,177,71,5,390,0,2,29,0,31,137,179,100,5,421,0,0,0,421
08/18/2010,CMH,OH,AGL,CE,Combined TRACON& Tower with Radar,140,161,35,4,340,0,2,28,1,31,140,163,63,5,371,0,0,0,371
08/19/2010,CMH,OH,AGL,CE,Combined TRACON& Tower with Radar,139,200,79,4,422,0,1,31,0,32,139,201,110,4,454,0,0,0,454
08/20/2010,CMH,OH,AGL,CE,Combined TRACON& Tower with Radar,138,174,60,8,380,0,3,25,0,28,138,177,85,8,408,0,0,0,408
08/21/2010,CMH,OH,AGL,CE,Combined TRACON& Tower with Radar,109,123,20,0,252,0,2,10,0,12,109,125,30,0,264,0,0,0,264
08/22/2010,CMH,OH,AGL,CE,Combined TRACON& Tower with Radar,125,146,36,0,307,0,1,16,0,17,125,147,52,0,324,0,0,0,324
08/23/2010,CMH,OH,AGL,CE,Combined TRACON& Tower with Radar,141,174,72,2,389,0,1,18,0,19,141,175,90,2,408,0,0,0,408
08/24/2010,CMH,OH,AGL,CE,Combined TRACON& Tower with Radar,137,179,86,4,406,0,2,23,1,26,137,181,109,5,432,0,0,0,432
08/25/2010,CMH,OH,AGL,CE,Combined TRACON& Tower with Radar,136,173,70,0,379,0,3,20,0,23,136,176,90,0,402,0,0,0,402
08/26/2010,CMH,OH,AGL,CE,Combined TRACON& Tower with Radar,138,186,73,0,397,0,3,38,0,41,138,189,111,0,438,0,0,0,438
08/27/2010,CMH,OH,AGL,CE,Combined TRACON& Tower with Radar,140,187,45,4,376,0,4,34,0,38,140,191,79,4,414,0,0,0,414
08/28/2010,CMH,OH,AGL,CE,Combined TRACON& Tower with Radar,107,125,30,2,264,0,1,34,0,35,107,126,64,2,299,0,0,0,299
08/29/2010,CMH,OH,AGL,CE,Combined TRACON& Tower with Radar,133,154,23,0,310,0,0,35,1,36,133,154,58,1,346,0,0,0,346
08/30/2010,CMH,OH,AGL,CE,Combined TRACON& Tower with Radar,142,179,51,0,372,0,3,22,1,26,142,182,73,1,398,0,0,0,398
08/31/2010,CMH,OH,AGL,CE,Combined TRACON& Tower with Radar,135,183,44,6,368,0,4,26,2,32,135,187,70,8,400,0,0,0,400
09/01/2010,CMH,OH,AGL,CE,Combined TRACON& Tower with Radar,137,173,64,2,376,0,4,12,0,16,137,177,76,2,392,0,0,0,392
09/02/2010,CMH,OH,AGL,CE,Combined TRACON& Tower with Radar,139,186,65,9,399,0,2,33,2,37,139,188,98,11,436,0,0,0,436
09/03/2010,CMH,OH,AGL,CE,Combined TRACON& Tower with Radar,144,172,47,3,366,0,4,1,1,6,144,176,48,4,372,0,0,0,372
09/04/2010,CMH,OH,AGL,CE,Combined TRACON& Tower with Radar,101,111,16,0,228,0,2,15,0,17,101,113,31,0,245,0,0,0,245
09/05/2010,CMH,OH,AGL,CE,Combined TRACON& Tower with Radar,110,107,14,0,231,0,5,31,0,36,110,112,45,0,267,0,0,0,267
09/06/2010,CMH,OH,AGL,CE,Combined TRACON& Tower with Radar,131,157,21,0,309,0,1,19,0,20,131,158,40,0,329,0,0,0,329
09/07/2010,CMH,OH,AGL,CE,Combined TRACON& Tower with Radar,143,175,52,2,372,0,3,12,2,17,143,178,64,4,389,0,0,0,389
09/08/2010,CMH,OH,AGL,CE,Combined TRACON& Tower with Radar,143,161,72,8,384,0,2,23,0,25,143,163,95,8,409,0,0,0,409
09/09/2010,CMH,OH,AGL,CE,Combined TRACON& Tower with Radar,148,166,63,0,377,0,4,37,0,41,148,170,100,0,418,0,0,0,418
09/10/2010,CMH,OH,AGL,CE,Combined TRACON& Tower with Radar,156,170,82,0,408,0,4,25,0,29,156,174,107,0,437,0,0,0,437
09/11/2010,CMH,OH,AGL,CE,Combined TRACON& Tower with Radar,110,109,23,0,242,0,2,11,1,14,110,111,34,1,256,0,0,0,256
09/12/2010,CMH,OH,AGL,CE,Combined TRACON& Tower with Radar,141,156,43,0,340,0,2,16,0,18,141,158,59,0,358,0,0,0,358
09/13/2010,CMH,OH,AGL,CE,Combined TRACON& Tower with Radar,151,171,56,0,378,0,3,19,0,22,151,174,75,0,400,0,0,0,400
09/14/2010,CMH,OH,AGL,CE,Combined TRACON& Tower with Radar,142,172,64,0,378,0,3,33,1,37,142,175,97,1,415,0,0,0,415
09/15/2010,CMH,OH,AGL,CE,Combined TRACON& Tower with Radar,142,178,57,0,377,0,5,22,0,27,142,183,79,0,404,0,0,0,404
09/16/2010,CMH,OH,AGL,CE,Combined TRACON& Tower with Radar,151,183,64,2,400,0,3,6,0,9,151,186,70,2,409,0,0,0,409
09/17/2010,CMH,OH,AGL,CE,Combined TRACON& Tower with Radar,159,172,79,0,410,0,3,11,0,14,159,175,90,0,424,0,0,0,424
09/18/2010,CMH,OH,AGL,CE,Combined TRACON& Tower with Radar,111,112,19,0,242,0,0,24,3,27,111,112,43,3,269,0,0,0,269
09/19/2010,CMH,OH,AGL,CE,Combined TRACON& Tower with Radar,140,139,46,3,328,0,4,13,0,17,140,143,59,3,345,0,0,0,345
09/20/2010,CMH,OH,AGL,CE,Combined TRACON& Tower with Radar,152,168,54,0,374,0,4,28,1,33,152,172,82,1,407,0,0,0,407
09/21/2010,CMH,OH,AGL,CE,Combined TRACON& Tower with Radar,141,161,57,0,359,0,2,20,1,23,141,163,77,1,382,0,0,0,382
09/22/2010,CMH,OH,AGL,CE,Combined TRACON& Tower with Radar,146,175,69,6,396,0,2,20,0,22,146,177,89,6,418,0,0,0,418
09/23/2010,CMH,OH,AGL,CE,Combined TRACON& Tower with Radar,153,177,79,4,413,0,4,44,2,50,153,181,123,6,463,0,0,0,463
09/24/2010,CMH,OH,AGL,CE,Combined TRACON& Tower with Radar,154,166,67,0,387,0,4,22,1,27,154,170,89,1,414,0,0,0,414
09/25/2010,CMH,OH,AGL,CE,Combined TRACON& Tower with Radar,112,112,41,0,265,0,7,31,1,39,112,119,72,1,304,0,0,0,304
09/26/2010,CMH,OH,AGL,CE,Combined TRACON& Tower with Radar,139,154,33,0,326,0,6,18,1,25,139,160,51,1,351,0,0,0,351
09/27/2010,CMH,OH,AGL,CE,Combined TRACON& Tower with Radar,147,153,71,0,371,0,0,0,0,0,147,153,71,0,371,0,0,0,371
09/28/2010,CMH,OH,AGL,CE,Combined TRACON& Tower with Radar,141,168,74,8,391,0,2,3,2,7,141,170,77,10,398,0,0,0,398
09/29/2010,CMH,OH,AGL,CE,Combined TRACON& Tower with Radar,144,175,61,2,382,0,0,18,4,22,144,175,79,6,404,0,0,0,404
09/30/2010,CMH,OH,AGL,CE,Combined TRACON& Tower with Radar,156,147,56,0,359,0,2,37,0,39,156,149,93,0,398,0,0,0,398
10/01/2010,CMH,OH,AGL,CE,Combined TRACON& Tower with Radar,155,162,62,0,379,0,4,45,0,49,155,166,107,0,428,0,0,0,428
10/02/2010,CMH,OH,AGL,CE,Combined TRACON& Tower with Radar,121,121,13,0,255,0,3,5,0,8,121,124,18,0,263,0,0,0,263
10/03/2010,CMH,OH,AGL,CE,Combined TRACON& Tower with Radar,138,145,41,2,326,0,0,3,4,7,138,145,44,6,333,0,0,0,333
10/04/2010,CMH,OH,AGL,CE,Combined TRACON& Tower with Radar,157,161,69,8,395,0,5,13,1,19,157,166,82,9,414,0,0,0,414
10/05/2010,CMH,OH,AGL,CE,Combined TRACON& Tower with Radar,150,153,60,2,365,0,2,19,4,25,150,155,79,6,390,0,0,0,390
10/06/2010,CMH,OH,AGL,CE,Combined TRACON& Tower with Radar,149,158,54,4,365,0,3,31,0,34,149,161,85,4,399,0,0,0,399
10/07/2010,CMH,OH,AGL,CE,Combined TRACON& Tower with Radar,152,165,60,3,380,0,8,25,0,33,152,173,85,3,413,0,0,0,413
10/08/2010,CMH,OH,AGL,CE,Combined TRACON& Tower with Radar,160,169,46,6,381,0,2,54,4,60,160,171,100,10,441,0,0,0,441
10/09/2010,CMH,OH,AGL,CE,Combined TRACON& Tower with Radar,109,116,24,0,249,0,3,27,2,32,109,119,51,2,281,0,0,0,281
10/10/2010,CMH,OH,AGL,CE,Combined TRACON& Tower with Radar,144,140,44,2,330,0,0,33,2,35,144,140,77,4,365,0,0,0,365
10/11/2010,CMH,OH,AGL,CE,Combined TRACON& Tower with Radar,153,176,57,0,386,0,2,16,0,18,153,178,73,0,404,0,0,0,404
10/12/2010,CMH,OH,AGL,CE,Combined TRACON& Tower with Radar,152,165,75,0,392,0,3,21,0,24,152,168,96,0,416,0,0,0,416
10/13/2010,CMH,OH,AGL,CE,Combined TRACON& Tower with Radar,156,160,84,0,400,0,6,21,0,27,156,166,105,0,427,0,0,0,427
10/14/2010,CMH,OH,AGL,CE,Combined TRACON& Tower with Radar,154,175,72,2,403,0,3,14,4,21,154,178,86,6,424,0,0,0,424
10/15/2010,CMH,OH,AGL,CE,Combined TRACON& Tower with Radar,161,170,68,0,399,0,4,17,0,21,161,174,85,0,420,0,0,0,420
10/16/2010,CMH,OH,AGL,CE,Combined TRACON& Tower with Radar,113,120,31,2,266,0,3,13,3,19,113,123,44,5,285,0,0,0,285
10/17/2010,CMH,OH,AGL,CE,Combined TRACON& Tower with Radar,141,145,27,2,315,0,2,18,0,20,141,147,45,2,335,0,0,0,335
10/18/2010,CMH,OH,AGL,CE,Combined TRACON& Tower with Radar,160,170,56,4,390,0,1,29,0,30,160,171,85,4,420,0,0,0,420
10/19/2010,CMH,OH,AGL,CE,Combined TRACON& Tower with Radar,159,169,82,0,410,0,4,18,0,22,159,173,100,0,432,0,0,0,432
10/20/2010,CMH,OH,AGL,CE,Combined TRACON& Tower with Radar,139,150,53,0,342,0,3,23,0,26,139,153,76,0,368,0,0,0,368
10/21/2010,CMH,OH,AGL,CE,Combined TRACON& Tower with Radar,160,176,100,6,442,0,4,24,2,30,160,180,124,8,472,0,0,0,472
10/22/2010,CMH,OH,AGL,CE,Combined TRACON& Tower with Radar,158,166,84,0,408,0,1,27,0,28,158,167,111,0,436,0,0,0,436
10/23/2010,CMH,OH,AGL,CE,Combined TRACON& Tower with Radar,111,111,38,0,260,0,2,24,0,26,111,113,62,0,286,0,0,0,286
10/24/2010,CMH,OH,AGL,CE,Combined TRACON& Tower with Radar,138,142,19,0,299,0,0,12,0,12,138,142,31,0,311,0,0,0,311
10/25/2010,CMH,OH,AGL,CE,Combined TRACON& Tower with Radar,159,173,52,4,388,0,1,9,0,10,159,174,61,4,398,0,0,0,398
10/26/2010,CMH,OH,AGL,CE,Combined TRACON& Tower with Radar,148,154,41,0,343,0,3,2,0,5,148,157,43,0,348,0,0,0,348
10/27/2010,CMH,OH,AGL,CE,Combined TRACON& Tower with Radar,149,153,56,1,359,0,4,14,2,20,149,157,70,3,379,0,0,0,379
10/28/2010,CMH,OH,AGL,CE,Combined TRACON& Tower with Radar,158,176,75,0,409,0,1,19,0,20,158,177,94,0,429,0,0,0,429
10/29/2010,CMH,OH,AGL,CE,Combined TRACON& Tower with Radar,157,162,51,0,370,0,5,11,0,16,157,167,62,0,386,0,0,0,386
10/30/2010,CMH,OH,AGL,CE,Combined TRACON& Tower with Radar,106,110,15,0,231,0,2,17,0,19,106,112,32,0,250,0,0,0,250
10/31/2010,CMH,OH,AGL,CE,Combined TRACON& Tower with Radar,136,136,29,0,301,0,1,14,2,17,136,137,43,2,318,0,0,0,318
11/01/2010,CMH,OH,AGL,CE,Combined TRACON& Tower with Radar,158,175,37,0,370,0,3,24,0,27,158,178,61,0,397,0,0,0,397
11/02/2010,CMH,OH,AGL,CE,Combined TRACON& Tower with Radar,150,164,55,0,369,0,3,27,0,30,150,167,82,0,399,0,0,0,399
11/03/2010,CMH,OH,AGL,CE,Combined TRACON& Tower with Radar,152,180,57,6,395,0,4,31,0,35,152,184,88,6,430,0,0,0,430
11/04/2010,CMH,OH,AGL,CE,Combined TRACON& Tower with Radar,157,176,73,0,406,0,4,28,0,32,157,180,101,0,438,0,0,0,438
11/05/2010,CMH,OH,AGL,CE,Combined TRACON& Tower with Radar,159,164,64,0,387,0,4,12,0,16,159,168,76,0,403,0,0,0,403
11/06/2010,CMH,OH,AGL,CE,Combined TRACON& Tower with Radar,120,117,32,3,272,0,3,23,1,27,120,120,55,4,299,0,0,0,299
11/07/2010,CMH,OH,AGL,CE,Combined TRACON& Tower with Radar,148,147,23,3,321,0,3,19,2,24,148,150,42,5,345,0,0,0,345
11/08/2010,CMH,OH,AGL,CE,Combined TRACON& Tower with Radar,158,167,72,2,399,0,4,34,0,38,158,171,106,2,437,0,0,0,437
11/09/2010,CMH,OH,AGL,CE,Combined TRACON& Tower with Radar,156,177,62,2,397,0,5,24,0,29,156,182,86,2,426,0,0,0,426
11/10/2010,CMH,OH,AGL,CE,Combined TRACON& Tower with Radar,156,173,71,0,400,0,3,24,0,27,156,176,95,0,427,0,0,0,427
11/11/2010,CMH,OH,AGL,CE,Combined TRACON& Tower with Radar,161,194,82,0,437,0,5,23,1,29,161,199,105,1,466,0,0,0,466
11/12/2010,CMH,OH,AGL,CE,Combined TRACON& Tower with Radar,165,181,74,0,420,0,3,22,0,25,165,184,96,0,445,0,0,0,445
11/13/2010,CMH,OH,AGL,CE,Combined TRACON& Tower with Radar,122,120,16,0,258,0,2,28,0,30,122,122,44,0,288,0,0,0,288
11/14/2010,CMH,OH,AGL,CE,Combined TRACON& Tower with Radar,143,155,38,0,336,0,2,14,0,16,143,157,52,0,352,0,0,0,352
11/15/2010,CMH,OH,AGL,CE,Combined TRACON& Tower with Radar,162,167,61,0,390,0,2,14,3,19,162,169,75,3,409,0,0,0,409
11/16/2010,CMH,OH,AGL,CE,Combined TRACON& Tower with Radar,155,181,73,0,409,0,0,6,0,6,155,181,79,0,415,0,0,0,415
11/17/2010,CMH,OH,AGL,CE,Combined TRACON& Tower with Radar,156,176,69,0,401,0,1,11,0,12,156,177,80,0,413,0,0,0,413
11/18/2010,CMH,OH,AGL,CE,Combined TRACON& Tower with Radar,156,186,74,0,416,0,3,4,0,7,156,189,78,0,423,0,0,0,423
11/19/2010,CMH,OH,AGL,CE,Combined TRACON& Tower with Radar,162,191,70,2,425,0,4,21,0,25,162,195,91,2,450,0,0,0,450
11/20/2010,CMH,OH,AGL,CE,Combined TRACON& Tower with Radar,120,123,25,1,269,0,2,5,0,7,120,125,30,1,276,0,0,0,276
11/21/2010,CMH,OH,AGL,CE,Combined TRACON& Tower with Radar,141,159,28,0,328,0,0,25,0,25,141,159,53,0,353,0,0,0,353
11/22/2010,CMH,OH,AGL,CE,Combined TRACON& Tower with Radar,164,179,50,0,393,0,7,9,0,16,164,186,59,0,409,0,0,0,409
11/23/2010,CMH,OH,AGL,CE,Combined TRACON& Tower with Radar,161,175,52,0,388,0,2,13,0,15,161,177,65,0,403,0,0,0,403
11/24/2010,CMH,OH,AGL,CE,Combined TRACON& Tower with Radar,162,170,34,0,366,0,2,11,0,13,162,172,45,0,379,0,0,0,379
11/25/2010,CMH,OH,AGL,CE,Combined TRACON& Tower with Radar,100,119,11,0,230,0,0,0,0,0,100,119,11,0,230,0,0,0,230
11/26/2010,CMH,OH,AGL,CE,Combined TRACON& Tower with Radar,115,125,23,0,263,0,2,18,0,20,115,127,41,0,283,0,0,0,283
11/27/2010,CMH,OH,AGL,CE,Combined TRACON& Tower with Radar,121,158,34,0,313,0,0,9,0,9,121,158,43,0,322,0,0,0,322
11/28/2010,CMH,OH,AGL,CE,Combined TRACON& Tower with Radar,165,180,44,0,389,0,2,31,0,33,165,182,75,0,422,0,0,0,422
11/29/2010,CMH,OH,AGL,CE,Combined TRACON& Tower with Radar,160,182,62,2,406,0,1,33,1,35,160,183,95,3,441,0,0,0,441
11/30/2010,CMH,OH,AGL,CE,Combined TRACON& Tower with Radar,155,185,49,0,389,0,0,0,0,0,155,185,49,0,389,0,0,0,389
12/01/2010,CMH,OH,AGL,CE,Combined TRACON& Tower with Radar,155,165,49,0,369,0,2,0,0,2,155,167,49,0,371,0,0,0,371
12/02/2010,CMH,OH,AGL,CE,Combined TRACON& Tower with Radar,161,183,56,0,400,0,3,8,0,11,161,186,64,0,411,0,0,0,411
12/03/2010,CMH,OH,AGL,CE,Combined TRACON& Tower with Radar,162,184,65,0,411,0,3,11,0,14,162,187,76,0,425,0,0,0,425
12/04/2010,CMH,OH,AGL,CE,Combined TRACON& Tower with Radar,116,120,18,0,254,0,2,8,0,10,116,122,26,0,264,0,0,0,264
12/05/2010,CMH,OH,AGL,CE,Combined TRACON& Tower with Radar,139,167,30,0,336,0,0,4,0,4,139,167,34,0,340,0,0,0,340
12/06/2010,CMH,OH,AGL,CE,Combined TRACON& Tower with Radar,158,184,85,0,427,0,1,4,0,5,158,185,89,0,432,0,0,0,432
12/07/2010,CMH,OH,AGL,CE,Combined TRACON& Tower with Radar,148,171,61,2,382,0,2,3,0,5,148,173,64,2,387,0,0,0,387
12/08/2010,CMH,OH,AGL,CE,Combined TRACON& Tower with Radar,153,177,64,0,394,0,4,6,0,10,153,181,70,0,404,0,0,0,404
12/09/2010,CMH,OH,AGL,CE,Combined TRACON& Tower with Radar,157,190,74,0,421,0,5,18,1,24,157,195,92,1,445,0,0,0,445
12/10/2010,CMH,OH,AGL,CE,Combined TRACON& Tower with Radar,163,190,62,2,417,0,1,15,0,16,163,191,77,2,433,0,0,0,433
12/11/2010,CMH,OH,AGL,CE,Combined TRACON& Tower with Radar,114,112,24,0,250,0,3,17,0,20,114,115,41,0,270,0,0,0,270
12/12/2010,CMH,OH,AGL,CE,Combined TRACON& Tower with Radar,119,131,17,0,267,0,0,0,0,0,119,131,17,0,267,0,0,0,267
12/13/2010,CMH,OH,AGL,CE,Combined TRACON& Tower with Radar,148,175,67,0,390,0,1,4,0,5,148,176,71,0,395,0,0,0,395
12/14/2010,CMH,OH,AGL,CE,Combined TRACON& Tower with Radar,149,181,57,0,387,0,3,6,0,9,149,184,63,0,396,0,0,0,396
12/15/2010,CMH,OH,AGL,CE,Combined TRACON& Tower with Radar,147,177,66,0,390,0,3,8,0,11,147,180,74,0,401,0,0,0,401
12/16/2010,CMH,OH,AGL,CE,Combined TRACON& Tower with Radar,148,181,71,0,400,0,2,9,0,11,148,183,80,0,411,0,0,0,411
12/17/2010,CMH,OH,AGL,CE,Combined TRACON& Tower with Radar,160,192,68,0,420,0,6,5,1,12,160,198,73,1,432,0,0,0,432
12/18/2010,CMH,OH,AGL,CE,Combined TRACON& Tower with Radar,108,143,18,0,269,0,2,13,0,15,108,145,31,0,284,0,0,0,284
12/19/2010,CMH,OH,AGL,CE,Combined TRACON& Tower with Radar,132,144,18,0,294,0,0,10,0,10,132,144,28,0,304,0,0,0,304
12/20/2010,CMH,OH,AGL,CE,Combined TRACON& Tower with Radar,142,176,51,0,369,0,1,8,0,9,142,177,59,0,378,0,0,0,378
12/21/2010,CMH,OH,AGL,CE,Combined TRACON& Tower with Radar,148,176,46,0,370,0,4,2,0,6,148,180,48,0,376,0,0,0,376
12/22/2010,CMH,OH,AGL,CE,Combined TRACON& Tower with Radar,143,169,37,0,349,0,1,3,0,4,143,170,40,0,353,0,0,0,353
12/23/2010,CMH,OH,AGL,CE,Combined TRACON& Tower with Radar,148,180,24,0,352,0,3,4,0,7,148,183,28,0,359,0,0,0,359
12/24/2010,CMH,OH,AGL,CE,Combined TRACON& Tower with Radar,116,135,9,0,260,0,3,6,0,9,116,138,15,0,269,0,0,0,269
12/25/2010,CMH,OH,AGL,CE,Combined TRACON& Tower with Radar,94,135,1,0,230,0,1,0,0,1,94,136,1,0,231,0,0,0,231
12/26/2010,CMH,OH,AGL,CE,Combined TRACON& Tower with Radar,114,164,25,0,303,0,0,4,0,4,114,164,29,0,307,0,0,0,307
12/27/2010,CMH,OH,AGL,CE,Combined TRACON& Tower with Radar,133,139,15,0,287,0,3,7,0,10,133,142,22,0,297,0,0,0,297
12/28/2010,CMH,OH,AGL,CE,Combined TRACON& Tower with Radar,142,149,31,0,322,0,2,13,1,16,142,151,44,1,338,0,0,0,338
12/29/2010,CMH,OH,AGL,CE,Combined TRACON& Tower with Radar,137,140,31,0,308,0,4,15,0,19,137,144,46,0,327,0,0,0,327
12/30/2010,CMH,OH,AGL,CE,Combined TRACON& Tower with Radar,140,144,24,0,308,0,5,5,0,10,140,149,29,0,318,0,0,0,318
12/31/2010,CMH,OH,AGL,CE,Combined TRACON& Tower with Radar,127,112,13,0,252,0,6,14,2,22,127,118,27,2,274,0,0,0,274
01/01/2011,CMH,OH,AGL,CE,Combined TRACON& Tower with Radar,91,135,15,0,241,0,2,2,0,4,91,137,17,0,245,0,0,0,245
01/02/2011,CMH,OH,AGL,CE,Combined TRACON& Tower with Radar,140,153,43,0,336,0,1,7,1,9,140,154,50,1,345,0,0,0,345
01/03/2011,CMH,OH,AGL,CE,Combined TRACON& Tower with Radar,148,167,37,0,352,0,2,13,0,15,148,169,50,0,367,0,0,0,367
01/04/2011,CMH,OH,AGL,CE,Combined TRACON& Tower with Radar,142,169,50,0,361,0,3,13,0,16,142,172,63,0,377,0,0,0,377
01/05/2011,CMH,OH,AGL,CE,Combined TRACON& Tower with Radar,153,159,45,0,357,0,1,17,0,18,153,160,62,0,375,0,0,0,375
01/06/2011,CMH,OH,AGL,CE,Combined TRACON& Tower with Radar,154,160,33,0,347,0,2,1,0,3,154,162,34,0,350,0,0,0,350
01/07/2011,CMH,OH,AGL,CE,Combined TRACON& Tower with Radar,143,147,49,0,339,0,0,0,0,0,143,147,49,0,339,0,0,0,339
01/08/2011,CMH,OH,AGL,CE,Combined TRACON& Tower with Radar,108,129,13,1,251,0,0,4,0,4,108,129,17,1,255,0,0,0,255
01/09/2011,CMH,OH,AGL,CE,Combined TRACON& Tower with Radar,123,139,55,0,317,0,1,14,1,16,123,140,69,1,333,0,0,0,333
01/10/2011,CMH,OH,AGL,CE,Combined TRACON& Tower with Radar,124,176,76,0,376,0,3,12,0,15,124,179,88,0,391,0,0,0,391
01/11/2011,CMH,OH,AGL,CE,Combined TRACON& Tower with Radar,116,153,46,0,315,0,1,1,0,2,116,154,47,0,317,0,0,0,317
01/12/2011,CMH,OH,AGL,CE,Combined TRACON& Tower with Radar,140,153,37,2,332,0,0,2,0,2,140,153,39,2,334,0,0,0,334
01/13/2011,CMH,OH,AGL,CE,Combined TRACON& Tower with Radar,153,168,60,0,381,0,0,1,0,1,153,168,61,0,382,0,0,0,382
01/14/2011,CMH,OH,AGL,CE,Combined TRACON& Tower with Radar,149,183,53,2,387,0,1,16,0,17,149,184,69,2,404,0,0,0,404
01/15/2011,CMH,OH,AGL,CE,Combined TRACON& Tower with Radar,98,110,22,0,230,0,4,9,0,13,98,114,31,0,243,0,0,0,243
01/16/2011,CMH,OH,AGL,CE,Combined TRACON& Tower with Radar,124,131,30,0,285,0,3,17,1,21,124,134,47,1,306,0,0,0,306
01/17/2011,CMH,OH,AGL,CE,Combined TRACON& Tower with Radar,142,166,46,0,354,0,2,11,1,14,142,168,57,1,368,0,0,0,368
01/18/2011,CMH,OH,AGL,CE,Combined TRACON& Tower with Radar,141,160,53,0,354,0,0,0,0,0,141,160,53,0,354,0,0,0,354
01/19/2011,CMH,OH,AGL,CE,Combined TRACON& Tower with Radar,146,175,72,0,393,0,1,7,0,8,146,176,79,0,401,0,0,0,401
01/20/2011,CMH,OH,AGL,CE,Combined TRACON& Tower with Radar,146,160,66,1,373,0,0,1,0,1,146,160,67,1,374,0,0,0,374
01/21/2011,CMH,OH,AGL,CE,Combined TRACON& Tower with Radar,152,157,46,0,355,0,1,9,0,10,152,158,55,0,365,0,0,0,365
01/22/2011,CMH,OH,AGL,CE,Combined TRACON& Tower with Radar,99,120,15,0,234,0,2,8,3,13,99,122,23,3,247,0,0,0,247
01/23/2011,CMH,OH,AGL,CE,Combined TRACON& Tower with Radar,127,138,17,0,282,0,4,14,4,22,127,142,31,4,304,0,0,0,304
01/24/2011,CMH,OH,AGL,CE,Combined TRACON& Tower with Radar,150,163,59,0,372,0,0,0,0,0,150,163,59,0,372,0,0,0,372
01/25/2011,CMH,OH,AGL,CE,Combined TRACON& Tower with Radar,144,169,70,0,383,0,1,8,0,9,144,170,78,0,392,0,0,0,392
01/26/2011,CMH,OH,AGL,CE,Combined TRACON& Tower with Radar,129,147,78,0,354,0,0,2,0,2,129,147,80,0,356,0,0,0,356
01/27/2011,CMH,OH,AGL,CE,Combined TRACON& Tower with Radar,137,158,70,0,365,0,2,2,0,4,137,160,72,0,369,0,0,0,369
01/28/2011,CMH,OH,AGL,CE,Combined TRACON& Tower with Radar,153,173,62,2,390,0,1,4,0,5,153,174,66,2,395,0,0,0,395
01/29/2011,CMH,OH,AGL,CE,Combined TRACON& Tower with Radar,100,119,19,0,238,0,2,5,0,7,100,121,24,0,245,0,0,0,245
01/30/2011,CMH,OH,AGL,CE,Combined TRACON& Tower with Radar,132,146,25,0,303,0,0,6,0,6,132,146,31,0,309,0,0,0,309
01/31/2011,CMH,OH,AGL,CE,Combined TRACON& Tower with Radar,140,169,53,0,362,0,2,14,0,16,140,171,67,0,378,0,0,0,378
02/01/2011,CMH,OH,AGL,CE,Combined TRACON& Tower with Radar,57,88,27,0,172,0,0,0,0,0,57,88,27,0,172,0,0,0,172
02/02/2011,CMH,OH,AGL,CE,Combined TRACON& Tower with Radar,105,111,42,0,258,0,0,0,0,0,105,111,42,0,258,0,0,0,258
02/03/2011,CMH,OH,AGL,CE,Combined TRACON& Tower with Radar,146,165,76,0,387,0,1,3,0,4,146,166,79,0,391,0,0,0,391
02/04/2011,CMH,OH,AGL,CE,Combined TRACON& Tower with Radar,146,161,46,2,355,0,3,20,0,23,146,164,66,2,378,0,0,0,378
02/05/2011,CMH,OH,AGL,CE,Combined TRACON& Tower with Radar,101,120,15,0,236,0,1,0,0,1,101,121,15,0,237,0,0,0,237
02/06/2011,CMH,OH,AGL,CE,Combined TRACON& Tower with Radar,130,151,16,0,297,0,0,9,1,10,130,151,25,1,307,0,0,0,307
02/07/2011,CMH,OH,AGL,CE,Combined TRACON& Tower with Radar,145,176,57,0,378,0,0,0,0,0,145,176,57,0,378,0,0,0,378
02/08/2011,CMH,OH,AGL,CE,Combined TRACON& Tower with Radar,136,179,73,0,388,0,1,7,0,8,136,180,80,0,396,0,0,0,396
02/09/2011,CMH,OH,AGL,CE,Combined TRACON& Tower with Radar,137,176,72,0,385,0,1,13,0,14,137,177,85,0,399,0,0,0,399
02/10/2011,CMH,OH,AGL,CE,Combined TRACON& Tower with Radar,154,180,60,0,394,0,4,20,2,26,154,184,80,2,420,0,0,0,420
02/11/2011,CMH,OH,AGL,CE,Combined TRACON& Tower with Radar,155,167,82,0,404,0,2,20,0,22,155,169,102,0,426,0,0,0,426
02/12/2011,CMH,OH,AGL,CE,Combined TRACON& Tower with Radar,107,122,22,4,255,0,2,5,1,8,107,124,27,5,263,0,0,0,263
02/13/2011,CMH,OH,AGL,CE,Combined TRACON& Tower with Radar,138,147,30,1,316,0,2,11,0,13,138,149,41,1,329,0,0,0,329
02/14/2011,CMH,OH,AGL,CE,Combined TRACON& Tower with Radar,147,156,34,1,338,0,0,6,0,6,147,156,40,1,344,0,0,0,344
02/15/2011,CMH,OH,AGL,CE,Combined TRACON& Tower with Radar,146,169,46,0,361,0,1,25,3,29,146,170,71,3,390,0,0,0,390
02/16/2011,CMH,OH,AGL,CE,Combined TRACON& Tower with Radar,145,174,60,0,379,0,2,17,0,19,145,176,77,0,398,0,0,0,398
02/17/2011,CMH,OH,AGL,CE,Combined TRACON& Tower with Radar,151,178,61,2,392,0,1,12,1,14,151,179,73,3,406,0,0,0,406
02/18/2011,CMH,OH,AGL,CE,Combined TRACON& Tower with Radar,153,174,42,0,369,0,4,26,0,30,153,178,68,0,399,0,0,0,399
02/19/2011,CMH,OH,AGL,CE,Combined TRACON& Tower with Radar,110,125,21,0,256,0,1,27,0,28,110,126,48,0,284,0,0,0,284
02/20/2011,CMH,OH,AGL,CE,Combined TRACON& Tower with Radar,134,111,22,0,267,0,0,7,0,7,134,111,29,0,274,0,0,0,274
02/21/2011,CMH,OH,AGL,CE,Combined TRACON& Tower with Radar,142,146,53,0,341,0,0,0,0,0,142,146,53,0,341,0,0,0,341
02/22/2011,CMH,OH,AGL,CE,Combined TRACON& Tower with Radar,156,172,78,1,407,0,1,8,1,10,156,173,86,2,417,0,0,0,417
02/23/2011,CMH,OH,AGL,CE,Combined TRACON& Tower with Radar,146,171,61,0,378,0,2,6,0,8,146,173,67,0,386,0,0,0,386
02/24/2011,CMH,OH,AGL,CE,Combined TRACON& Tower with Radar,151,170,58,0,379,0,1,2,0,3,151,171,60,0,382,0,0,0,382
02/25/2011,CMH,OH,AGL,CE,Combined TRACON& Tower with Radar,149,146,44,0,339,0,1,3,0,4,149,147,47,0,343,0,0,0,343
02/26/2011,CMH,OH,AGL,CE,Combined TRACON& Tower with Radar,109,123,25,0,257,0,1,9,1,11,109,124,34,1,268,0,0,0,268
02/27/2011,CMH,OH,AGL,CE,Combined TRACON& Tower with Radar,141,147,16,0,304,0,1,4,1,6,141,148,20,1,310,0,0,0,310
02/28/2011,CMH,OH,AGL,CE,Combined TRACON& Tower with Radar,154,157,47,0,358,0,3,3,0,6,154,160,50,0,364,0,0,0,364
03/01/2011,CMH,OH,AGL,CE,Combined TRACON& Tower with Radar,157,183,55,0,395,0,7,15,1,23,157,190,70,1,418,0,0,0,418
03/02/2011,CMH,OH,AGL,CE,Combined TRACON& Tower with Radar,154,155,74,0,383,0,0,17,0,17,154,155,91,0,400,0,0,0,400
03/03/2011,CMH,OH,AGL,CE,Combined TRACON& Tower with Radar,156,160,80,2,398,0,4,17,1,22,156,164,97,3,420,0,0,0,420
03/04/2011,CMH,OH,AGL,CE,Combined TRACON& Tower with Radar,155,161,47,1,364,0,2,4,0,6,155,163,51,1,370,0,0,0,370
03/05/2011,CMH,OH,AGL,CE,Combined TRACON& Tower with Radar,112,124,13,0,249,0,0,2,0,2,112,124,15,0,251,0,0,0,251
03/06/2011,CMH,OH,AGL,CE,Combined TRACON& Tower with Radar,146,144,23,0,313,0,0,2,0,2,146,144,25,0,315,0,0,0,315
03/07/2011,CMH,OH,AGL,CE,Combined TRACON& Tower with Radar,154,174,65,0,393,0,1,14,0,15,154,175,79,0,408,0,0,0,408
03/08/2011,CMH,OH,AGL,CE,Combined TRACON& Tower with Radar,162,170,63,0,395,0,1,23,0,24,162,171,86,0,419,0,0,0,419
03/09/2011,CMH,OH,AGL,CE,Combined TRACON& Tower with Radar,160,171,37,0,368,0,0,0,0,0,160,171,37,0,368,0,0,0,368
03/10/2011,CMH,OH,AGL,CE,Combined TRACON& Tower with Radar,156,166,50,0,372,0,0,4,0,4,156,166,54,0,376,0,0,0,376
03/11/2011,CMH,OH,AGL,CE,Combined TRACON& Tower with Radar,161,171,34,2,368,0,2,3,0,5,161,173,37,2,373,0,0,0,373
03/12/2011,CMH,OH,AGL,CE,Combined TRACON& Tower with Radar,135,128,22,1,286,0,0,17,0,17,135,128,39,1,303,0,0,0,303
03/13/2011,CMH,OH,AGL,CE,Combined TRACON& Tower with Radar,153,151,30,1,335,0,0,14,0,14,153,151,44,1,349,0,0,0,349
03/14/2011,CMH,OH,AGL,CE,Combined TRACON& Tower with Radar,170,172,58,0,400,0,4,18,0,22,170,176,76,0,422,0,0,0,422
03/15/2011,CMH,OH,AGL,CE,Combined TRACON& Tower with Radar,168,159,40,0,367,0,0,5,0,5,168,159,45,0,372,0,0,0,372
03/16/2011,CMH,OH,AGL,CE,Combined TRACON& Tower with Radar,165,163,55,3,386,0,1,8,1,10,165,164,63,4,396,0,0,0,396
03/17/2011,CMH,OH,AGL,CE,Combined TRACON& Tower with Radar,172,169,60,0,401,0,1,20,1,22,172,170,80,1,423,0,0,0,423
03/18/2011,CMH,OH,AGL,CE,Combined TRACON& Tower with Radar,168,167,46,0,381,0,1,14,0,15,168,168,60,0,396,0,0,0,396
03/19/2011,CMH,OH,AGL,CE,Combined TRACON& Tower with Radar,132,118,23,0,273,0,2,26,0,28,132,120,49,0,301,0,0,0,301
03/20/2011,CMH,OH,AGL,CE,Combined TRACON& Tower with Radar,155,149,16,0,320,0,0,25,0,25,155,149,41,0,345,0,0,0,345
03/21/2011,CMH,OH,AGL,CE,Combined TRACON& Tower with Radar,166,162,55,0,383,0,1,15,0,16,166,163,70,0,399,0,0,0,399
03/22/2011,CMH,OH,AGL,CE,Combined TRACON& Tower with Radar,169,174,58,0,401,0,2,2,0,4,169,176,60,0,405,0,0,0,405
03/23/2011,CMH,OH,AGL,CE,Combined TRACON& Tower with Radar,157,154,61,0,372,0,2,3,0,5,157,156,64,0,377,0,0,0,377
03/24/2011,CMH,OH,AGL,CE,Combined TRACON& Tower with Radar,170,173,66,1,410,0,2,3,0,5,170,175,69,1,415,0,0,0,415
03/25/2011,CMH,OH,AGL,CE,Combined TRACON& Tower with Radar,172,166,53,0,391,0,1,23,0,24,172,167,76,0,415,0,0,0,415
03/26/2011,CMH,OH,AGL,CE,Combined TRACON& Tower with Radar,131,120,22,0,273,0,1,30,1,32,131,121,52,1,305,0,0,0,305
03/27/2011,CMH,OH,AGL,CE,Combined TRACON& Tower with Radar,164,142,33,2,341,0,0,27,0,27,164,142,60,2,368,0,0,0,368
03/28/2011,CMH,OH,AGL,CE,Combined TRACON& Tower with Radar,169,164,55,3,391,0,1,19,0,20,169,165,74,3,411,0,0,0,411
03/29/2011,CMH,OH,AGL,CE,Combined TRACON& Tower with Radar,171,172,47,0,390,0,0,23,0,23,171,172,70,0,413,0,0,0,413
03/30/2011,CMH,OH,AGL,CE,Combined TRACON& Tower with Radar,165,157,75,0,397,0,1,16,0,17,165,158,91,0,414,0,0,0,414
03/31/2011,CMH,OH,AGL,CE,Combined TRACON& Tower with Radar,173,167,54,0,394,0,1,5,0,6,173,168,59,0,400,0,0,0,400
04/01/2011,CMH,OH,AGL,CE,Combined TRACON& Tower with Radar,171,163,41,0,375,0,1,15,2,18,171,164,56,2,393,0,0,0,393
04/02/2011,CMH,OH,AGL,CE,Combined TRACON& Tower with Radar,124,119,26,0,269,0,0,5,0,5,124,119,31,0,274,0,0,0,274
04/03/2011,CMH,OH,AGL,CE,Combined TRACON& Tower with Radar,148,145,39,0,332,0,0,24,0,24,148,145,63,0,356,0,0,0,356
04/04/2011,CMH,OH,AGL,CE,Combined TRACON& Tower with Radar,160,165,51,0,376,0,2,1,1,4,160,167,52,1,380,0,0,0,380
04/05/2011,CMH,OH,AGL,CE,Combined TRACON& Tower with Radar,159,169,80,0,408,0,0,11,3,14,159,169,91,3,422,0,0,0,422
04/06/2011,CMH,OH,AGL,CE,Combined TRACON& Tower with Radar,160,172,79,0,411,0,1,7,1,9,160,173,86,1,420,0,0,0,420
04/07/2011,CMH,OH,AGL,CE,Combined TRACON& Tower with Radar,168,166,75,0,409,0,2,28,0,30,168,168,103,0,439,0,0,0,439
04/08/2011,CMH,OH,AGL,CE,Combined TRACON& Tower with Radar,166,155,66,0,387,0,0,11,0,11,166,155,77,0,398,0,0,0,398
04/09/2011,CMH,OH,AGL,CE,Combined TRACON& Tower with Radar,126,115,23,1,265,0,0,4,0,4,126,115,27,1,269,0,0,0,269
04/10/2011,CMH,OH,AGL,CE,Combined TRACON& Tower with Radar,151,137,27,0,315,0,0,13,0,13,151,137,40,0,328,0,0,0,328
04/11/2011,CMH,OH,AGL,CE,Combined TRACON& Tower with Radar,163,159,49,0,371,0,0,3,0,3,163,159,52,0,374,0,0,0,374
04/12/2011,CMH,OH,AGL,CE,Combined TRACON& Tower with Radar,164,148,69,0,381,0,1,2,0,3,164,149,71,0,384,0,0,0,384
04/13/2011,CMH,OH,AGL,CE,Combined TRACON& Tower with Radar,160,169,61,0,390,0,4,43,1,48,160,173,104,1,438,0,0,0,438
04/14/2011,CMH,OH,AGL,CE,Combined TRACON& Tower with Radar,170,166,68,0,404,0,0,39,0,39,170,166,107,0,443,0,0,0,443
04/15/2011,CMH,OH,AGL,CE,Combined TRACON& Tower with Radar,159,159,54,0,372,0,0,24,0,24,159,159,78,0,396,0,0,0,396
04/16/2011,CMH,OH,AGL,CE,Combined TRACON& Tower with Radar,135,118,30,0,283,0,1,0,0,1,135,119,30,0,284,0,0,0,284
04/17/2011,CMH,OH,AGL,CE,Combined TRACON& Tower with Radar,151,137,35,0,323,0,0,9,0,9,151,137,44,0,332,0,0,0,332
04/18/2011,CMH,OH,AGL,CE,Combined TRACON& Tower with Radar,168,168,59,0,395,0,2,13,0,15,168,170,72,0,410,0,0,0,410
04/19/2011,CMH,OH,AGL,CE,Combined TRACON& Tower with Radar,164,157,60,0,381,0,1,2,0,3,164,158,62,0,384,0,0,0,384
04/20/2011,CMH,OH,AGL,CE,Combined TRACON& Tower with Radar,174,151,80,0,405,0,0,10,1,11,174,151,90,1,416,0,0,0,416
04/21/2011,CMH,OH,AGL,CE,Combined TRACON& Tower with Radar,171,160,52,0,383,0,0,40,0,40,171,160,92,0,423,0,0,0,423
04/22/2011,CMH,OH,AGL,CE,Combined TRACON& Tower with Radar,170,149,33,1,353,0,0,5,0,5,170,149,38,1,358,0,0,0,358
04/23/2011,CMH,OH,AGL,CE,Combined TRACON& Tower with Radar,122,108,12,0,242,0,3,3,0,6,122,111,15,0,248,0,0,0,248
04/24/2011,CMH,OH,AGL,CE,Combined TRACON& Tower with Radar,152,137,15,1,305,0,3,2,2,7,152,140,17,3,312,0,0,0,312
04/25/2011,CMH,OH,AGL,CE,Combined TRACON& Tower with Radar,164,165,75,0,404,0,0,8,0,8,164,165,83,0,412,0,0,0,412
04/26/2011,CMH,OH,AGL,CE,Combined TRACON& Tower with Radar,168,169,57,0,394,0,0,5,0,5,168,169,62,0,399,0,0,0,399
04/27/2011,CMH,OH,AGL,CE,Combined TRACON& Tower with Radar,157,156,42,0,355,0,1,5,1,7,157,157,47,1,362,0,0,0,362
04/28/2011,CMH,OH,AGL,CE,Combined TRACON& Tower with Radar,165,157,73,0,395,0,1,10,0,11,165,158,83,0,406,0,0,0,406
04/29/2011,CMH,OH,AGL,CE,Combined TRACON& Tower with Radar,164,168,64,7,403,0,1,24,0,25,164,169,88,7,428,0,0,0,428
04/30/2011,CMH,OH,AGL,CE,Combined TRACON& Tower with Radar,120,108,19,0,247,0,2,22,1,25,120,110,41,1,272,0,0,0,272
05/01/2011,CMH,OH,AGL,CE,Combined TRACON& Tower with Radar,146,140,29,1,316,0,1,6,0,7,146,141,35,1,323,0,0,0,323
05/02/2011,CMH,OH,AGL,CE,Combined TRACON& Tower with Radar,160,180,66,0,406,0,0,1,0,1,160,180,67,0,407,0,0,0,407
05/03/2011,CMH,OH,AGL,CE,Combined TRACON& Tower with Radar,159,164,66,1,390,0,0,2,0,2,159,164,68,1,392,0,0,0,392
05/04/2011,CMH,OH,AGL,CE,Combined TRACON& Tower with Radar,159,158,95,1,413,0,1,32,0,33,159,159,127,1,446,0,0,0,446
05/05/2011,CMH,OH,AGL,CE,Combined TRACON& Tower with Radar,157,171,84,5,417,0,1,49,1,51,157,172,133,6,468,0,0,0,468
05/06/2011,CMH,OH,AGL,CE,Combined TRACON& Tower with Radar,165,163,64,8,400,0,2,22,0,24,165,165,86,8,424,0,0,0,424
05/07/2011,CMH,OH,AGL,CE,Combined TRACON& Tower with Radar,118,113,32,0,263,0,0,8,0,8,118,113,40,0,271,0,0,0,271
05/08/2011,CMH,OH,AGL,CE,Combined TRACON& Tower with Radar,145,129,26,0,300,0,2,10,0,12,145,131,36,0,312,0,0,0,312
05/09/2011,CMH,OH,AGL,CE,Combined TRACON& Tower with Radar,165,164,65,0,394,0,2,25,0,27,165,166,90,0,421,0,0,0,421
05/10/2011,CMH,OH,AGL,CE,Combined TRACON& Tower with Radar,156,161,55,0,372,0,1,14,0,15,156,162,69,0,387,0,0,0,387
05/11/2011,CMH,OH,AGL,CE,Combined TRACON& Tower with Radar,159,181,93,0,433,0,0,7,0,7,159,181,100,0,440,0,0,0,440
05/12/2011,CMH,OH,AGL,CE,Combined TRACON& Tower with Radar,164,175,74,0,413,0,2,17,0,19,164,177,91,0,432,0,0,0,432
05/13/2011,CMH,OH,AGL,CE,Combined TRACON& Tower with Radar,159,167,62,0,388,0,4,25,0,29,159,171,87,0,417,0,0,0,417
05/14/2011,CMH,OH,AGL,CE,Combined TRACON& Tower with Radar,121,100,20,0,241,0,2,5,0,7,121,102,25,0,248,0,0,0,248
05/15/2011,CMH,OH,AGL,CE,Combined TRACON& Tower with Radar,143,134,35,0,312,0,0,2,0,2,143,134,37,0,314,0,0,0,314
05/16/2011,CMH,OH,AGL,CE,Combined TRACON& Tower with Radar,165,160,83,0,408,0,0,0,0,0,165,160,83,0,408,0,0,0,408
05/17/2011,CMH,OH,AGL,CE,Combined TRACON& Tower with Radar,160,170,65,1,396,0,0,0,0,0,160,170,65,1,396,0,0,0,396
05/18/2011,CMH,OH,AGL,CE,Combined TRACON& Tower with Radar,158,162,93,2,415,0,1,8,1,10,158,163,101,3,425,0,0,0,425
05/19/2011,CMH,OH,AGL,CE,Combined TRACON& Tower with Radar,160,175,111,0,446,0,1,8,0,9,160,176,119,0,455,0,0,0,455
05/20/2011,CMH,OH,AGL,CE,Combined TRACON& Tower with Radar,162,159,87,0,408,0,2,27,0,29,162,161,114,0,437,0,0,0,437
05/21/2011,CMH,OH,AGL,CE,Combined TRACON& Tower with Radar,123,99,89,0,311,0,1,76,0,77,123,100,165,0,388,0,0,0,388
05/22/2011,CMH,OH,AGL,CE,Combined TRACON& Tower with Radar,141,135,70,0,346,0,1,43,0,44,141,136,113,0,390,0,0,0,390
05/23/2011,CMH,OH,AGL,CE,Combined TRACON& Tower with Radar,158,175,73,2,408,0,0,5,0,5,158,175,78,2,413,0,0,0,413
05/24/2011,CMH,OH,AGL,CE,Combined TRACON& Tower with Radar,164,161,53,1,379,0,1,9,1,11,164,162,62,2,390,0,0,0,390
05/25/2011,CMH,OH,AGL,CE,Combined TRACON& Tower with Radar,158,156,69,6,389,0,0,6,0,6,158,156,75,6,395,0,0,0,395
05/26/2011,CMH,OH,AGL,CE,Combined TRACON& Tower with Radar,154,170,66,2,392,0,2,11,0,13,154,172,77,2,405,0,0,0,405
05/27/2011,CMH,OH,AGL,CE,Combined TRACON& Tower with Radar,160,164,46,0,370,0,1,8,1,10,160,165,54,1,380,0,0,0,380
05/28/2011,CMH,OH,AGL,CE,Combined TRACON& Tower with Radar,108,116,21,0,245,0,3,23,1,27,108,119,44,1,272,0,0,0,272
05/29/2011,CMH,OH,AGL,CE,Combined TRACON& Tower with Radar,121,101,11,0,233,0,0,23,0,23,121,101,34,0,256,0,0,0,256
05/30/2011,CMH,OH,AGL,CE,Combined TRACON& Tower with Radar,151,141,26,0,318,0,1,36,0,37,151,142,62,0,355,0,0,0,355
05/31/2011,CMH,OH,AGL,CE,Combined TRACON& Tower with Radar,162,160,81,0,403,0,4,21,0,25,162,164,102,0,428,0,0,0,428
06/01/2011,CMH,OH,AGL,CE,Combined TRACON& Tower with Radar,163,153,56,9,381,0,2,28,0,30,163,155,84,9,411,0,0,0,411
06/02/2011,CMH,OH,AGL,CE,Combined TRACON& Tower with Radar,159,175,68,4,406,0,1,28,5,34,159,176,96,9,440,0,0,0,440
06/03/2011,CMH,OH,AGL,CE,Combined TRACON& Tower with Radar,168,153,53,8,382,0,1,27,0,28,168,154,80,8,410,0,0,0,410
06/04/2011,CMH,OH,AGL,CE,Combined TRACON& Tower with Radar,123,101,23,0,247,0,0,14,0,14,123,101,37,0,261,0,0,0,261
06/05/2011,CMH,OH,AGL,CE,Combined TRACON& Tower with Radar,155,134,37,0,326,0,0,18,0,18,155,134,55,0,344,0,0,0,344
06/06/2011,CMH,OH,AGL,CE,Combined TRACON& Tower with Radar,171,153,46,0,370,0,2,17,0,19,171,155,63,0,389,0,0,0,389
06/07/2011,CMH,OH,AGL,CE,Combined TRACON& Tower with Radar,175,168,91,0,434,0,1,19,0,20,175,169,110,0,454,0,0,0,454
06/08/2011,CMH,OH,AGL,CE,Combined TRACON& Tower with Radar,169,168,68,0,405,0,3,26,0,29,169,171,94,0,434,0,0,0,434
06/09/2011,CMH,OH,AGL,CE,Combined TRACON& Tower with Radar,153,148,69,0,370,0,1,16,0,17,153,149,85,0,387,0,0,0,387
06/10/2011,CMH,OH,AGL,CE,Combined TRACON& Tower with Radar,182,165,60,0,407,0,0,9,0,9,182,165,69,0,416,0,0,0,416
06/11/2011,CMH,OH,AGL,CE,Combined TRACON& Tower with Radar,141,106,35,0,282,0,4,15,0,19,141,110,50,0,301,0,0,0,301
06/12/2011,CMH,OH,AGL,CE,Combined TRACON& Tower with Radar,150,133,31,2,316,0,1,6,1,8,150,134,37,3,324,0,0,0,324
06/13/2011,CMH,OH,AGL,CE,Combined TRACON& Tower with Radar,170,176,52,1,399,0,0,12,0,12,170,176,64,1,411,0,0,0,411
06/14/2011,CMH,OH,AGL,CE,Combined TRACON& Tower with Radar,173,174,72,0,419,0,0,30,0,30,173,174,102,0,449,0,0,0,449
06/15/2011,CMH,OH,AGL,CE,Combined TRACON& Tower with Radar,165,171,55,2,393,0,1,12,0,13,165,172,67,2,406,0,0,0,406
06/16/2011,CMH,OH,AGL,CE,Combined TRACON& Tower with Radar,172,158,66,0,396,0,1,5,0,6,172,159,71,0,402,0,0,0,402
06/17/2011,CMH,OH,AGL,CE,Combined TRACON& Tower with Radar,168,152,67,0,387,0,0,7,0,7,168,152,74,0,394,0,0,0,394
06/18/2011,CMH,OH,AGL,CE,Combined TRACON& Tower with Radar,142,107,19,0,268,0,1,6,1,8,142,108,25,1,276,0,0,0,276
06/19/2011,CMH,OH,AGL,CE,Combined TRACON& Tower with Radar,161,132,31,3,327,0,0,8,0,8,161,132,39,3,335,0,0,0,335
06/20/2011,CMH,OH,AGL,CE,Combined TRACON& Tower with Radar,172,168,78,0,418,0,2,6,0,8,172,170,84,0,426,0,0,0,426
06/21/2011,CMH,OH,AGL,CE,Combined TRACON& Tower with Radar,164,158,71,2,395,0,5,17,0,22,164,163,88,2,417,0,0,0,417
06/22/2011,CMH,OH,AGL,CE,Combined TRACON& Tower with Radar,161,160,65,1,387,0,1,11,0,12,161,161,76,1,399,0,0,0,399
06/23/2011,CMH,OH,AGL,CE,Combined TRACON& Tower with Radar,167,165,85,0,417,0,0,12,0,12,167,165,97,0,429,0,0,0,429
06/24/2011,CMH,OH,AGL,CE,Combined TRACON& Tower with Radar,165,158,53,2,378,0,1,11,0,12,165,159,64,2,390,0,0,0,390
06/25/2011,CMH,OH,AGL,CE,Combined TRACON& Tower with Radar,141,107,21,0,269,0,1,22,0,23,141,108,43,0,292,0,0,0,292
06/26/2011,CMH,OH,AGL,CE,Combined TRACON& Tower with Radar,160,133,29,2,324,0,1,19,6,26,160,134,48,8,350,0,0,0,350
06/27/2011,CMH,OH,AGL,CE,Combined TRACON& Tower with Radar,181,159,61,6,407,0,1,20,0,21,181,160,81,6,428,0,0,0,428
06/28/2011,CMH,OH,AGL,CE,Combined TRACON& Tower with Radar,167,170,52,0,389,0,2,19,0,21,167,172,71,0,410,0,0,0,410
06/29/2011,CMH,OH,AGL,CE,Combined TRACON& Tower with Radar,177,174,48,1,400,0,1,35,1,37,177,175,83,2,437,0,0,0,437
06/30/2011,CMH,OH,AGL,CE,Combined TRACON& Tower with Radar,163,168,75,2,408,0,0,26,0,26,163,168,101,2,434,0,0,0,434
07/01/2011,CMH,OH,AGL,CE,Combined TRACON& Tower with Radar,172,163,45,0,380,0,2,17,0,19,172,165,62,0,399,0,0,0,399
07/02/2011,CMH,OH,AGL,CE,Combined TRACON& Tower with Radar,142,115,11,0,268,0,1,9,0,10,142,116,20,0,278,0,0,0,278
07/03/2011,CMH,OH,AGL,CE,Combined TRACON& Tower with Radar,134,108,8,0,250,0,0,12,0,12,134,108,20,0,262,0,0,0,262
07/04/2011,CMH,OH,AGL,CE,Combined TRACON& Tower with Radar,156,128,18,0,302,0,0,12,0,12,156,128,30,0,314,0,0,0,314
07/05/2011,CMH,OH,AGL,CE,Combined TRACON& Tower with Radar,165,168,32,0,365,0,0,17,0,17,165,168,49,0,382,0,0,0,382
07/06/2011,CMH,OH,AGL,CE,Combined TRACON& Tower with Radar,168,166,59,0,393,0,1,27,0,28,168,167,86,0,421,0,0,0,421
07/07/2011,CMH,OH,AGL,CE,Combined TRACON& Tower with Radar,167,170,60,0,397,0,1,24,0,25,167,171,84,0,422,0,0,0,422
07/08/2011,CMH,OH,AGL,CE,Combined TRACON& Tower with Radar,149,140,54,1,344,0,1,16,0,17,149,141,70,1,361,0,0,0,361
07/09/2011,CMH,OH,AGL,CE,Combined TRACON& Tower with Radar,147,115,29,0,291,0,0,17,0,17,147,115,46,0,308,0,0,0,308
07/10/2011,CMH,OH,AGL,CE,Combined TRACON& Tower with Radar,157,128,32,1,318,0,1,21,0,22,157,129,53,1,340,0,0,0,340
07/11/2011,CMH,OH,AGL,CE,Combined TRACON& Tower with Radar,169,164,49,0,382,0,1,21,0,22,169,165,70,0,404,0,0,0,404
07/12/2011,CMH,OH,AGL,CE,Combined TRACON& Tower with Radar,170,166,73,2,411,0,1,25,0,26,170,167,98,2,437,0,0,0,437
07/13/2011,CMH,OH,AGL,CE,Combined TRACON& Tower with Radar,169,163,70,0,402,0,0,21,0,21,169,163,91,0,423,0,0,0,423
07/14/2011,CMH,OH,AGL,CE,Combined TRACON& Tower with Radar,174,177,61,0,412,0,2,27,0,29,174,179,88,0,441,0,0,0,441
07/15/2011,CMH,OH,AGL,CE,Combined TRACON& Tower with Radar,167,164,57,5,393,0,0,28,2,30,167,164,85,7,423,0,0,0,423
07/16/2011,CMH,OH,AGL,CE,Combined TRACON& Tower with Radar,147,112,23,11,293,0,5,15,3,23,147,117,38,14,316,0,0,0,316
07/17/2011,CMH,OH,AGL,CE,Combined TRACON& Tower with Radar,162,129,33,4,328,0,0,5,0,5,162,129,38,4,333,0,0,0,333
07/18/2011,CMH,OH,AGL,CE,Combined TRACON& Tower with Radar,170,174,62,0,406,0,0,14,0,14,170,174,76,0,420,0,0,0,420
07/19/2011,CMH,OH,AGL,CE,Combined TRACON& Tower with Radar,164,174,70,0,408,0,1,12,0,13,164,175,82,0,421,0,0,0,421
07/20/2011,CMH,OH,AGL,CE,Combined TRACON& Tower with Radar,169,181,65,0,415,0,0,21,0,21,169,181,86,0,436,0,0,0,436
07/21/2011,CMH,OH,AGL,CE,Combined TRACON& Tower with Radar,175,174,66,0,415,0,1,18,0,19,175,175,84,0,434,0,0,0,434
07/22/2011,CMH,OH,AGL,CE,Combined TRACON& Tower with Radar,169,168,64,0,401,0,1,14,0,15,169,169,78,0,416,0,0,0,416
07/23/2011,CMH,OH,AGL,CE,Combined TRACON& Tower with Radar,143,115,21,0,279,0,4,7,1,12,143,119,28,1,291,0,0,0,291
07/24/2011,CMH,OH,AGL,CE,Combined TRACON& Tower with Radar,155,138,16,0,309,0,0,6,0,6,155,138,22,0,315,0,0,0,315
07/25/2011,CMH,OH,AGL,CE,Combined TRACON& Tower with Radar,161,165,65,0,391,0,1,20,0,21,161,166,85,0,412,0,0,0,412
07/26/2011,CMH,OH,AGL,CE,Combined TRACON& Tower with Radar,173,173,58,0,404,0,0,23,0,23,173,173,81,0,427,0,0,0,427
07/27/2011,CMH,OH,AGL,CE,Combined TRACON& Tower with Radar,168,171,67,0,406,0,0,25,4,29,168,171,92,4,435,0,0,0,435
07/28/2011,CMH,OH,AGL,CE,Combined TRACON& Tower with Radar,167,169,53,0,389,0,0,29,0,29,167,169,82,0,418,0,0,0,418
07/29/2011,CMH,OH,AGL,CE,Combined TRACON& Tower with Radar,170,162,49,0,381,0,0,14,0,14,170,162,63,0,395,0,0,0,395
07/30/2011,CMH,OH,AGL,CE,Combined TRACON& Tower with Radar,138,116,25,0,279,0,1,17,0,18,138,117,42,0,297,0,0,0,297
07/31/2011,CMH,OH,AGL,CE,Combined TRACON& Tower with Radar,152,142,28,0,322,0,2,12,2,16,152,144,40,2,338,0,0,0,338
08/01/2011,CMH,OH,AGL,CE,Combined TRACON& Tower with Radar,167,160,71,2,400,0,0,10,2,12,167,160,81,4,412,0,0,0,412
08/02/2011,CMH,OH,AGL,CE,Combined TRACON& Tower with Radar,169,189,62,0,420,0,0,20,1,21,169,189,82,1,441,0,0,0,441
08/03/2011,CMH,OH,AGL,CE,Combined TRACON& Tower with Radar,172,163,75,0,410,0,0,9,0,9,172,163,84,0,419,0,0,0,419
08/04/2011,CMH,OH,AGL,CE,Combined TRACON& Tower with Radar,166,166,73,2,407,0,3,18,1,22,166,169,91,3,429,0,0,0,429
08/05/2011,CMH,OH,AGL,CE,Combined TRACON& Tower with Radar,166,164,45,1,376,0,0,14,2,16,166,164,59,3,392,0,0,0,392
08/06/2011,CMH,OH,AGL,CE,Combined TRACON& Tower with Radar,132,105,18,2,257,0,0,7,0,7,132,105,25,2,264,0,0,0,264
08/07/2011,CMH,OH,AGL,CE,Combined TRACON& Tower with Radar,156,129,49,1,335,0,1,8,0,9,156,130,57,1,344,0,0,0,344
08/08/2011,CMH,OH,AGL,CE,Combined TRACON& Tower with Radar,170,159,110,0,439,0,0,10,0,10,170,159,120,0,449,0,0,0,449
08/09/2011,CMH,OH,AGL,CE,Combined TRACON& Tower with Radar,165,170,68,2,405,0,1,10,1,12,165,171,78,3,417,0,0,0,417
08/10/2011,CMH,OH,AGL,CE,Combined TRACON& Tower with Radar,167,182,78,4,431,0,1,13,0,14,167,183,91,4,445,0,0,0,445
08/11/2011,CMH,OH,AGL,CE,Combined TRACON& Tower with Radar,168,186,78,0,432,0,1,42,0,43,168,187,120,0,475,0,0,0,475
08/12/2011,CMH,OH,AGL,CE,Combined TRACON& Tower with Radar,170,170,42,1,383,0,3,20,2,25,170,173,62,3,408,0,0,0,408
08/13/2011,CMH,OH,AGL,CE,Combined TRACON& Tower with Radar,138,100,25,2,265,0,0,26,1,27,138,100,51,3,292,0,0,0,292
08/14/2011,CMH,OH,AGL,CE,Combined TRACON& Tower with Radar,137,135,32,2,306,0,0,11,0,11,137,135,43,2,317,0,0,0,317
08/15/2011,CMH,OH,AGL,CE,Combined TRACON& Tower with Radar,155,177,73,0,405,0,3,13,0,16,155,180,86,0,421,0,0,0,421
08/16/2011,CMH,OH,AGL,CE,Combined TRACON& Tower with Radar,166,171,65,1,403,0,4,23,1,28,166,175,88,2,431,0,0,0,431
08/17/2011,CMH,OH,AGL,CE,Combined TRACON& Tower with Radar,171,171,71,0,413,0,2,49,0,51,171,173,120,0,464,0,0,0,464
08/18/2011,CMH,OH,AGL,CE,Combined TRACON& Tower with Radar,166,156,71,0,393,0,1,20,0,21,166,157,91,0,414,0,0,0,414
08/19/2011,CMH,OH,AGL,CE,Combined TRACON& Tower with Radar,179,160,62,2,403,0,1,18,0,19,179,161,80,2,422,0,0,0,422
08/20/2011,CMH,OH,AGL,CE,Combined TRACON& Tower with Radar,107,116,26,2,251,0,2,21,2,25,107,118,47,4,276,0,0,0,276
08/21/2011,CMH,OH,AGL,CE,Combined TRACON& Tower with Radar,146,130,9,2,287,0,0,7,2,9,146,130,16,4,296,0,0,0,296
08/22/2011,CMH,OH,AGL,CE,Combined TRACON& Tower with Radar,175,166,59,0,400,0,0,30,0,30,175,166,89,0,430,0,0,0,430
08/23/2011,CMH,OH,AGL,CE,Combined TRACON& Tower with Radar,165,148,60,0,373,0,2,24,0,26,165,150,84,0,399,0,0,0,399
08/24/2011,CMH,OH,AGL,CE,Combined TRACON& Tower with Radar,171,160,62,0,393,0,0,9,0,9,171,160,71,0,402,0,0,0,402
08/25/2011,CMH,OH,AGL,CE,Combined TRACON& Tower with Radar,161,161,83,0,405,0,2,14,0,16,161,163,97,0,421,0,0,0,421
08/26/2011,CMH,OH,AGL,CE,Combined TRACON& Tower with Radar,170,180,58,0,408,0,3,19,0,22,170,183,77,0,430,0,0,0,430
08/27/2011,CMH,OH,AGL,CE,Combined TRACON& Tower with Radar,100,111,31,3,245,0,3,21,0,24,100,114,52,3,269,0,0,0,269
08/28/2011,CMH,OH,AGL,CE,Combined TRACON& Tower with Radar,121,98,26,0,245,0,2,27,0,29,121,100,53,0,274,0,0,0,274
08/29/2011,CMH,OH,AGL,CE,Combined TRACON& Tower with Radar,153,160,84,1,398,0,0,22,2,24,153,160,106,3,422,0,0,0,422
08/30/2011,CMH,OH,AGL,CE,Combined TRACON& Tower with Radar,161,152,63,0,376,0,4,29,0,33,161,156,92,0,409,0,0,0,409
08/31/2011,CMH,OH,AGL,CE,Combined TRACON& Tower with Radar,165,163,71,0,399,0,1,32,1,34,165,164,103,1,433,0,0,0,433
09/01/2011,CMH,OH,AGL,CE,Combined TRACON& Tower with Radar,171,176,53,0,400,0,0,19,0,19,171,176,72,0,419,0,0,0,419
09/02/2011,CMH,OH,AGL,CE,Combined TRACON& Tower with Radar,166,159,43,0,368,0,1,23,2,26,166,160,66,2,394,0,0,0,394
09/03/2011,CMH,OH,AGL,CE,Combined TRACON& Tower with Radar,102,112,22,0,236,0,1,16,0,17,102,113,38,0,253,0,0,0,253
09/04/2011,CMH,OH,AGL,CE,Combined TRACON& Tower with Radar,112,92,20,0,224,0,0,4,0,4,112,92,24,0,228,0,0,0,228
09/05/2011,CMH,OH,AGL,CE,Combined TRACON& Tower with Radar,147,152,31,0,330,0,1,12,2,15,147,153,43,2,345,0,0,0,345
09/06/2011,CMH,OH,AGL,CE,Combined TRACON& Tower with Radar,159,175,51,0,385,0,1,6,0,7,159,176,57,0,392,0,0,0,392
09/07/2011,CMH,OH,AGL,CE,Combined TRACON& Tower with Radar,151,147,49,0,347,0,0,0,0,0,151,147,49,0,347,0,0,0,347
09/08/2011,CMH,OH,AGL,CE,Combined TRACON& Tower with Radar,161,168,66,0,395,0,1,1,0,2,161,169,67,0,397,0,0,0,397
09/09/2011,CMH,OH,AGL,CE,Combined TRACON& Tower with Radar,160,183,51,1,395,0,2,8,1,11,160,185,59,2,406,0,0,0,406
09/10/2011,CMH,OH,AGL,CE,Combined TRACON& Tower with Radar,115,109,24,0,248,0,1,9,0,10,115,110,33,0,258,0,0,0,258
09/11/2011,CMH,OH,AGL,CE,Combined TRACON& Tower with Radar,140,129,27,0,296,0,2,10,0,12,140,131,37,0,308,0,0,0,308
09/12/2011,CMH,OH,AGL,CE,Combined TRACON& Tower with Radar,162,174,53,4,393,0,0,14,1,15,162,174,67,5,408,0,0,0,408
09/13/2011,CMH,OH,AGL,CE,Combined TRACON& Tower with Radar,156,164,42,2,364,0,0,13,4,17,156,164,55,6,381,0,0,0,381
09/14/2011,CMH,OH,AGL,CE,Combined TRACON& Tower with Radar,161,164,60,0,385,0,1,30,0,31,161,165,90,0,416,0,0,0,416
09/15/2011,CMH,OH,AGL,CE,Combined TRACON& Tower with Radar,165,177,75,0,417,0,0,15,0,15,165,177,90,0,432,0,0,0,432
09/16/2011,CMH,OH,AGL,CE,Combined TRACON& Tower with Radar,170,164,66,0,400,0,0,36,0,36,170,164,102,0,436,0,0,0,436
09/17/2011,CMH,OH,AGL,CE,Combined TRACON& Tower with Radar,107,120,38,2,267,0,2,25,1,28,107,122,63,3,295,0,0,0,295
09/18/2011,CMH,OH,AGL,CE,Combined TRACON& Tower with Radar,148,132,42,0,322,0,1,13,0,14,148,133,55,0,336,0,0,0,336
09/19/2011,CMH,OH,AGL,CE,Combined TRACON& Tower with Radar,169,160,60,0,389,0,0,1,0,1,169,160,61,0,390,0,0,0,390
09/20/2011,CMH,OH,AGL,CE,Combined TRACON& Tower with Radar,158,154,70,0,382,0,0,13,0,13,158,154,83,0,395,0,0,0,395
09/21/2011,CMH,OH,AGL,CE,Combined TRACON& Tower with Radar,168,161,81,0,410,0,4,9,0,13,168,165,90,0,423,0,0,0,423
09/22/2011,CMH,OH,AGL,CE,Combined TRACON& Tower with Radar,165,180,90,0,435,0,0,24,0,24,165,180,114,0,459,0,0,0,459
09/23/2011,CMH,OH,AGL,CE,Combined TRACON& Tower with Radar,164,173,85,1,423,0,2,6,0,8,164,175,91,1,431,0,0,0,431
09/24/2011,CMH,OH,AGL,CE,Combined TRACON& Tower with Radar,110,108,24,1,243,0,0,8,0,8,110,108,32,1,251,0,0,0,251
09/25/2011,CMH,OH,AGL,CE,Combined TRACON& Tower with Radar,149,141,35,0,325,0,3,22,0,25,149,144,57,0,350,0,0,0,350
09/26/2011,CMH,OH,AGL,CE,Combined TRACON& Tower with Radar,167,173,53,0,393,0,0,2,0,2,167,173,55,0,395,0,0,0,395
09/27/2011,CMH,OH,AGL,CE,Combined TRACON& Tower with Radar,155,177,74,1,407,0,2,20,0,22,155,179,94,1,429,0,0,0,429
09/28/2011,CMH,OH,AGL,CE,Combined TRACON& Tower with Radar,161,175,84,0,420,0,2,10,2,14,161,177,94,2,434,0,0,0,434
09/29/2011,CMH,OH,AGL,CE,Combined TRACON& Tower with Radar,157,163,80,1,401,0,0,12,0,12,157,163,92,1,413,0,0,0,413
09/30/2011,CMH,OH,AGL,CE,Combined TRACON& Tower with Radar,166,160,85,0,411,0,2,5,0,7,166,162,90,0,418,0,0,0,418
10/01/2011,CMH,OH,AGL,CE,Combined TRACON& Tower with Radar,124,96,37,0,257,0,1,1,0,2,124,97,38,0,259,0,0,0,259
10/02/2011,CMH,OH,AGL,CE,Combined TRACON& Tower with Radar,155,121,19,0,295,0,0,17,2,19,155,121,36,2,314,0,0,0,314
10/03/2011,CMH,OH,AGL,CE,Combined TRACON& Tower with Radar,175,153,71,1,400,0,0,16,2,18,175,153,87,3,418,0,0,0,418
10/04/2011,CMH,OH,AGL,CE,Combined TRACON& Tower with Radar,169,167,90,0,426,0,3,26,0,29,169,170,116,0,455,0,0,0,455
10/05/2011,CMH,OH,AGL,CE,Combined TRACON& Tower with Radar,169,167,94,0,430,0,0,27,0,27,169,167,121,0,457,0,0,0,457
10/06/2011,CMH,OH,AGL,CE,Combined TRACON& Tower with Radar,169,167,85,0,421,0,2,27,0,29,169,169,112,0,450,0,0,0,450
10/07/2011,CMH,OH,AGL,CE,Combined TRACON& Tower with Radar,178,151,82,0,411,0,6,26,0,32,178,157,108,0,443,0,0,0,443
10/08/2011,CMH,OH,AGL,CE,Combined TRACON& Tower with Radar,120,100,25,0,245,0,6,20,0,26,120,106,45,0,271,0,0,0,271
10/09/2011,CMH,OH,AGL,CE,Combined TRACON& Tower with Radar,154,123,38,0,315,0,0,23,0,23,154,123,61,0,338,0,0,0,338
10/10/2011,CMH,OH,AGL,CE,Combined TRACON& Tower with Radar,176,166,52,0,394,0,2,18,0,20,176,168,70,0,414,0,0,0,414
10/11/2011,CMH,OH,AGL,CE,Combined TRACON& Tower with Radar,161,149,68,0,378,0,3,15,0,18,161,152,83,0,396,0,0,0,396
10/12/2011,CMH,OH,AGL,CE,Combined TRACON& Tower with Radar,169,149,64,0,382,0,1,1,0,2,169,150,65,0,384,0,0,0,384
10/13/2011,CMH,OH,AGL,CE,Combined TRACON& Tower with Radar,173,153,85,0,411,0,1,16,0,17,173,154,101,0,428,0,0,0,428
10/14/2011,CMH,OH,AGL,CE,Combined TRACON& Tower with Radar,176,155,70,2,403,0,1,14,0,15,176,156,84,2,418,0,0,0,418
10/15/2011,CMH,OH,AGL,CE,Combined TRACON& Tower with Radar,127,105,30,0,262,0,5,11,1,17,127,110,41,1,279,0,0,0,279
10/16/2011,CMH,OH,AGL,CE,Combined TRACON& Tower with Radar,160,123,29,0,312,0,0,9,0,9,160,123,38,0,321,0,0,0,321
10/17/2011,CMH,OH,AGL,CE,Combined TRACON& Tower with Radar,179,155,66,0,400,0,0,22,0,22,179,155,88,0,422,0,0,0,422
10/18/2011,CMH,OH,AGL,CE,Combined TRACON& Tower with Radar,164,164,80,0,408,0,0,14,0,14,164,164,94,0,422,0,0,0,422
10/19/2011,CMH,OH,AGL,CE,Combined TRACON& Tower with Radar,164,155,74,0,393,0,0,2,0,2,164,155,76,0,395,0,0,0,395
10/20/2011,CMH,OH,AGL,CE,Combined TRACON& Tower with Radar,178,163,99,0,440,0,0,0,0,0,178,163,99,0,440,0,0,0,440
10/21/2011,CMH,OH,AGL,CE,Combined TRACON& Tower with Radar,180,159,98,0,437,0,3,20,0,23,180,162,118,0,460,0,0,0,460
10/22/2011,CMH,OH,AGL,CE,Combined TRACON& Tower with Radar,127,97,29,0,253,0,2,19,0,21,127,99,48,0,274,0,0,0,274
10/23/2011,CMH,OH,AGL,CE,Combined TRACON& Tower with Radar,161,123,33,0,317,0,0,8,2,10,161,123,41,2,327,0,0,0,327
10/24/2011,CMH,OH,AGL,CE,Combined TRACON& Tower with Radar,177,159,79,0,415,0,0,9,0,9,177,159,88,0,424,0,0,0,424
10/25/2011,CMH,OH,AGL,CE,Combined TRACON& Tower with Radar,162,152,78,0,392,0,1,21,0,22,162,153,99,0,414,0,0,0,414
10/26/2011,CMH,OH,AGL,CE,Combined TRACON& Tower with Radar,168,164,83,0,415,0,2,6,2,10,168,166,89,2,425,0,0,0,425
10/27/2011,CMH,OH,AGL,CE,Combined TRACON& Tower with Radar,173,158,81,2,414,0,0,1,0,1,173,158,82,2,415,0,0,0,415
10/28/2011,CMH,OH,AGL,CE,Combined TRACON& Tower with Radar,181,162,65,1,409,0,0,16,0,16,181,162,81,1,425,0,0,0,425
10/29/2011,CMH,OH,AGL,CE,Combined TRACON& Tower with Radar,122,91,32,0,245,0,0,15,1,16,122,91,47,1,261,0,0,0,261
10/30/2011,CMH,OH,AGL,CE,Combined TRACON& Tower with Radar,159,122,36,0,317,0,0,29,0,29,159,122,65,0,346,0,0,0,346
10/31/2011,CMH,OH,AGL,CE,Combined TRACON& Tower with Radar,162,140,46,0,348,0,0,9,0,9,162,140,55,0,357,0,0,0,357
11/01/2011,CMH,OH,AGL,CE,Combined TRACON& Tower with Radar,166,162,73,0,401,0,0,29,0,29,166,162,102,0,430,0,0,0,430
11/02/2011,CMH,OH,AGL,CE,Combined TRACON& Tower with Radar,167,149,86,0,402,0,4,25,1,30,167,153,111,1,432,0,0,0,432
11/03/2011,CMH,OH,AGL,CE,Combined TRACON& Tower with Radar,179,158,61,0,398,0,3,14,0,17,179,161,75,0,415,0,0,0,415
11/04/2011,CMH,OH,AGL,CE,Combined TRACON& Tower with Radar,179,155,57,1,392,0,4,16,0,20,179,159,73,1,412,0,0,0,412
11/05/2011,CMH,OH,AGL,CE,Combined TRACON& Tower with Radar,123,99,19,0,241,0,0,23,0,23,123,99,42,0,264,0,0,0,264
11/06/2011,CMH,OH,AGL,CE,Combined TRACON& Tower with Radar,156,129,36,0,321,0,0,19,0,19,156,129,55,0,340,0,0,0,340
11/07/2011,CMH,OH,AGL,CE,Combined TRACON& Tower with Radar,177,147,46,2,372,0,1,26,0,27,177,148,72,2,399,0,0,0,399
11/08/2011,CMH,OH,AGL,CE,Combined TRACON& Tower with Radar,162,136,62,0,360,0,2,27,1,30,162,138,89,1,390,0,0,0,390
11/09/2011,CMH,OH,AGL,CE,Combined TRACON& Tower with Radar,169,149,72,8,398,0,0,12,0,12,169,149,84,8,410,0,0,0,410
11/10/2011,CMH,OH,AGL,CE,Combined TRACON& Tower with Radar,179,147,79,0,405,0,2,13,0,15,179,149,92,0,420,0,0,0,420
11/11/2011,CMH,OH,AGL,CE,Combined TRACON& Tower with Radar,182,145,42,0,369,0,4,21,0,25,182,149,63,0,394,0,0,0,394
11/12/2011,CMH,OH,AGL,CE,Combined TRACON& Tower with Radar,124,92,29,0,245,0,3,25,0,28,124,95,54,0,273,0,0,0,273
11/13/2011,CMH,OH,AGL,CE,Combined TRACON& Tower with Radar,161,122,19,0,302,0,0,7,0,7,161,122,26,0,309,0,0,0,309
11/14/2011,CMH,OH,AGL,CE,Combined TRACON& Tower with Radar,176,152,43,0,371,0,0,4,0,4,176,152,47,0,375,0,0,0,375
11/15/2011,CMH,OH,AGL,CE,Combined TRACON& Tower with Radar,168,148,69,0,385,0,2,7,0,9,168,150,76,0,394,0,0,0,394
11/16/2011,CMH,OH,AGL,CE,Combined TRACON& Tower with Radar,161,159,65,0,385,0,1,6,0,7,161,160,71,0,392,0,0,0,392
11/17/2011,CMH,OH,AGL,CE,Combined TRACON& Tower with Radar,173,158,79,0,410,0,1,21,0,22,173,159,100,0,432,0,0,0,432
11/18/2011,CMH,OH,AGL,CE,Combined TRACON& Tower with Radar,186,159,86,6,437,0,1,29,0,30,186,160,115,6,467,0,0,0,467
11/19/2011,CMH,OH,AGL,CE,Combined TRACON& Tower with Radar,123,100,19,2,244,0,4,18,2,24,123,104,37,4,268,0,0,0,268
11/20/2011,CMH,OH,AGL,CE,Combined TRACON& Tower with Radar,153,126,25,2,306,0,1,2,0,3,153,127,27,2,309,0,0,0,309
11/21/2011,CMH,OH,AGL,CE,Combined TRACON& Tower with Radar,163,134,63,0,360,0,0,7,0,7,163,134,70,0,367,0,0,0,367
11/22/2011,CMH,OH,AGL,CE,Combined TRACON& Tower with Radar,166,147,61,0,374,0,0,0,0,0,166,147,61,0,374,0,0,0,374
11/23/2011,CMH,OH,AGL,CE,Combined TRACON& Tower with Radar,187,160,48,0,395,0,1,8,0,9,187,161,56,0,404,0,0,0,404
11/24/2011,CMH,OH,AGL,CE,Combined TRACON& Tower with Radar,108,84,6,0,198,0,1,1,0,2,108,85,7,0,200,0,0,0,200
11/25/2011,CMH,OH,AGL,CE,Combined TRACON& Tower with Radar,129,102,17,0,248,0,0,29,0,29,129,102,46,0,277,0,0,0,277
11/26/2011,CMH,OH,AGL,CE,Combined TRACON& Tower with Radar,143,125,19,0,287,0,2,25,0,27,143,127,44,0,314,0,0,0,314
11/27/2011,CMH,OH,AGL,CE,Combined TRACON& Tower with Radar,178,137,49,0,364,0,0,1,0,1,178,137,50,0,365,0,0,0,365
11/28/2011,CMH,OH,AGL,CE,Combined TRACON& Tower with Radar,185,157,58,0,400,0,0,2,0,2,185,157,60,0,402,0,0,0,402
11/29/2011,CMH,OH,AGL,CE,Combined TRACON& Tower with Radar,163,144,58,0,365,0,0,0,0,0,163,144,58,0,365,0,0,0,365
11/30/2011,CMH,OH,AGL,CE,Combined TRACON& Tower with Radar,170,153,72,0,395,0,0,7,2,9,170,153,79,2,404,0,0,0,404
12/01/2011,CMH,OH,AGL,CE,Combined TRACON& Tower with Radar,173,139,83,2,397,0,1,38,2,41,173,140,121,4,438,0,0,0,438
12/02/2011,CMH,OH,AGL,CE,Combined TRACON& Tower with Radar,173,143,49,0,365,0,1,16,0,17,173,144,65,0,382,0,0,0,382
12/03/2011,CMH,OH,AGL,CE,Combined TRACON& Tower with Radar,115,100,27,0,242,0,1,34,1,36,115,101,61,1,278,0,0,0,278
12/04/2011,CMH,OH,AGL,CE,Combined TRACON& Tower with Radar,158,114,35,0,307,0,1,8,0,9,158,115,43,0,316,0,0,0,316
12/05/2011,CMH,OH,AGL,CE,Combined TRACON& Tower with Radar,173,134,71,2,380,0,0,0,0,0,173,134,71,2,380,0,0,0,380
12/06/2011,CMH,OH,AGL,CE,Combined TRACON& Tower with Radar,161,146,40,8,355,0,0,0,0,0,161,146,40,8,355,0,0,0,355
12/07/2011,CMH,OH,AGL,CE,Combined TRACON& Tower with Radar,163,131,82,0,376,0,0,3,0,3,163,131,85,0,379,0,0,0,379
12/08/2011,CMH,OH,AGL,CE,Combined TRACON& Tower with Radar,180,138,93,0,411,0,1,29,0,30,180,139,122,0,441,0,0,0,441
12/09/2011,CMH,OH,AGL,CE,Combined TRACON& Tower with Radar,175,141,90,0,406,0,0,14,0,14,175,141,104,0,420,0,0,0,420
12/10/2011,CMH,OH,AGL,CE,Combined TRACON& Tower with Radar,124,91,41,0,256,0,0,27,0,27,124,91,68,0,283,0,0,0,283
12/11/2011,CMH,OH,AGL,CE,Combined TRACON& Tower with Radar,167,127,41,0,335,0,4,28,0,32,167,131,69,0,367,0,0,0,367
12/12/2011,CMH,OH,AGL,CE,Combined TRACON& Tower with Radar,172,144,60,0,376,0,0,22,0,22,172,144,82,0,398,0,0,0,398
12/13/2011,CMH,OH,AGL,CE,Combined TRACON& Tower with Radar,164,159,65,0,388,0,0,30,0,30,164,159,95,0,418,0,0,0,418
12/14/2011,CMH,OH,AGL,CE,Combined TRACON& Tower with Radar,166,145,65,0,376,0,3,3,0,6,166,148,68,0,382,0,0,0,382
12/15/2011,CMH,OH,AGL,CE,Combined TRACON& Tower with Radar,170,133,79,0,382,0,1,2,0,3,170,134,81,0,385,0,0,0,385
12/16/2011,CMH,OH,AGL,CE,Combined TRACON& Tower with Radar,174,157,70,0,401,0,1,19,0,20,174,158,89,0,421,0,0,0,421
12/17/2011,CMH,OH,AGL,CE,Combined TRACON& Tower with Radar,115,111,38,0,264,0,1,10,0,11,115,112,48,0,275,0,0,0,275
12/18/2011,CMH,OH,AGL,CE,Combined TRACON& Tower with Radar,149,119,20,0,288,0,0,11,0,11,149,119,31,0,299,0,0,0,299
12/19/2011,CMH,OH,AGL,CE,Combined TRACON& Tower with Radar,157,150,60,0,367,0,0,12,0,12,157,150,72,0,379,0,0,0,379
12/20/2011,CMH,OH,AGL,CE,Combined TRACON& Tower with Radar,170,151,56,0,377,0,0,0,0,0,170,151,56,0,377,0,0,0,377
12/21/2011,CMH,OH,AGL,CE,Combined TRACON& Tower with Radar,150,148,45,0,343,0,1,4,0,5,150,149,49,0,348,0,0,0,348
12/22/2011,CMH,OH,AGL,CE,Combined TRACON& Tower with Radar,159,137,44,0,340,0,0,1,0,1,159,137,45,0,341,0,0,0,341
12/23/2011,CMH,OH,AGL,CE,Combined TRACON& Tower with Radar,170,137,25,0,332,0,1,2,0,3,170,138,27,0,335,0,0,0,335
12/24/2011,CMH,OH,AGL,CE,Combined TRACON& Tower with Radar,109,99,15,0,223,0,3,12,0,15,109,102,27,0,238,0,0,0,238
12/25/2011,CMH,OH,AGL,CE,Combined TRACON& Tower with Radar,114,84,8,1,207,0,1,19,0,20,114,85,27,1,227,0,0,0,227
12/26/2011,CMH,OH,AGL,CE,Combined TRACON& Tower with Radar,164,137,31,0,332,0,0,39,0,39,164,137,70,0,371,0,0,0,371
12/27/2011,CMH,OH,AGL,CE,Combined TRACON& Tower with Radar,155,125,14,0,294,0,1,2,0,3,155,126,16,0,297,0,0,0,297
12/28/2011,CMH,OH,AGL,CE,Combined TRACON& Tower with Radar,164,136,18,0,318,0,2,16,0,18,164,138,34,0,336,0,0,0,336
12/29/2011,CMH,OH,AGL,CE,Combined TRACON& Tower with Radar,156,135,17,0,308,0,2,20,0,22,156,137,37,0,330,0,0,0,330
12/30/2011,CMH,OH,AGL,CE,Combined TRACON& Tower with Radar,156,133,24,0,313,0,3,1,0,4,156,136,25,0,317,0,0,0,317
12/31/2011,CMH,OH,AGL,CE,Combined TRACON& Tower with Radar,112,96,16,1,225,0,3,2,0,5,112,99,18,1,230,0,0,0,230
01/01/2012,CMH,OH,AGL,CE,Combined TRACON& Tower with Radar,125,89,5,0,219,0,4,2,0,6,125,93,7,0,225,0,0,0,225
01/02/2012,CMH,OH,AGL,CE,Combined TRACON& Tower with Radar,157,131,30,0,318,0,0,1,0,1,157,131,31,0,319,0,0,0,319
01/03/2012,CMH,OH,AGL,CE,Combined TRACON& Tower with Radar,160,126,48,0,334,0,1,4,0,5,160,127,52,0,339,0,0,0,339
01/04/2012,CMH,OH,AGL,CE,Combined TRACON& Tower with Radar,160,125,35,0,320,0,1,10,0,11,160,126,45,0,331,0,0,0,331
01/05/2012,CMH,OH,AGL,CE,Combined TRACON& Tower with Radar,163,138,45,0,346,0,2,17,0,19,163,140,62,0,365,0,0,0,365
01/06/2012,CMH,OH,AGL,CE,Combined TRACON& Tower with Radar,164,127,44,0,335,0,1,15,0,16,164,128,59,0,351,0,0,0,351
01/07/2012,CMH,OH,AGL,CE,Combined TRACON& Tower with Radar,113,90,21,0,224,0,1,16,1,18,113,91,37,1,242,0,0,0,242
01/08/2012,CMH,OH,AGL,CE,Combined TRACON& Tower with Radar,142,102,21,0,265,0,0,12,3,15,142,102,33,3,280,0,0,0,280
01/09/2012,CMH,OH,AGL,CE,Combined TRACON& Tower with Radar,157,148,54,0,359,0,0,11,0,11,157,148,65,0,370,0,0,0,370
01/10/2012,CMH,OH,AGL,CE,Combined TRACON& Tower with Radar,151,133,63,0,347,0,2,28,0,30,151,135,91,0,377,0,0,0,377
01/11/2012,CMH,OH,AGL,CE,Combined TRACON& Tower with Radar,153,144,67,1,365,0,0,3,0,3,153,144,70,1,368,0,0,0,368
01/12/2012,CMH,OH,AGL,CE,Combined TRACON& Tower with Radar,149,155,63,3,370,0,0,0,0,0,149,155,63,3,370,0,0,0,370
01/13/2012,CMH,OH,AGL,CE,Combined TRACON& Tower with Radar,155,131,43,0,329,0,1,0,0,1,155,132,43,0,330,0,0,0,330
01/14/2012,CMH,OH,AGL,CE,Combined TRACON& Tower with Radar,109,89,25,0,223,0,0,4,2,6,109,89,29,2,229,0,0,0,229
01/15/2012,CMH,OH,AGL,CE,Combined TRACON& Tower with Radar,143,90,22,0,255,0,1,3,0,4,143,91,25,0,259,0,0,0,259
01/16/2012,CMH,OH,AGL,CE,Combined TRACON& Tower with Radar,157,130,46,0,333,0,0,13,0,13,157,130,59,0,346,0,0,0,346
01/17/2012,CMH,OH,AGL,CE,Combined TRACON& Tower with Radar,160,142,50,0,352,0,0,0,0,0,160,142,50,0,352,0,0,0,352
01/18/2012,CMH,OH,AGL,CE,Combined TRACON& Tower with Radar,157,146,65,2,370,0,3,9,0,12,157,149,74,2,382,0,0,0,382
01/19/2012,CMH,OH,AGL,CE,Combined TRACON& Tower with Radar,159,150,65,0,374,0,0,5,0,5,159,150,70,0,379,0,0,0,379
01/20/2012,CMH,OH,AGL,CE,Combined TRACON& Tower with Radar,143,142,52,2,339,0,2,8,0,10,143,144,60,2,349,0,0,0,349
01/21/2012,CMH,OH,AGL,CE,Combined TRACON& Tower with Radar,103,112,15,0,230,0,0,2,0,2,103,112,17,0,232,0,0,0,232
01/22/2012,CMH,OH,AGL,CE,Combined TRACON& Tower with Radar,144,107,33,0,284,0,2,1,0,3,144,109,34,0,287,0,0,0,287
01/23/2012,CMH,OH,AGL,CE,Combined TRACON& Tower with Radar,152,148,49,0,349,0,0,0,0,0,152,148,49,0,349,0,0,0,349
01/24/2012,CMH,OH,AGL,CE,Combined TRACON& Tower with Radar,151,147,59,0,357,0,1,8,0,9,151,148,67,0,366,0,0,0,366
01/25/2012,CMH,OH,AGL,CE,Combined TRACON& Tower with Radar,157,148,71,0,376,0,1,4,0,5,157,149,75,0,381,0,0,0,381
01/26/2012,CMH,OH,AGL,CE,Combined TRACON& Tower with Radar,158,157,74,0,389,0,1,0,0,1,158,158,74,0,390,0,0,0,390
01/27/2012,CMH,OH,AGL,CE,Combined TRACON& Tower with Radar,163,140,55,2,360,0,0,1,0,1,163,140,56,2,361,0,0,0,361
01/28/2012,CMH,OH,AGL,CE,Combined TRACON& Tower with Radar,108,90,24,0,222,0,6,3,0,9,108,96,27,0,231,0,0,0,231
01/29/2012,CMH,OH,AGL,CE,Combined TRACON& Tower with Radar,143,112,20,0,275,0,0,5,0,5,143,112,25,0,280,0,0,0,280
01/30/2012,CMH,OH,AGL,CE,Combined TRACON& Tower with Radar,163,143,68,2,376,0,0,16,0,16,163,143,84,2,392,0,0,0,392
01/31/2012,CMH,OH,AGL,CE,Combined TRACON& Tower with Radar,149,139,78,0,366,0,0,12,0,12,149,139,90,0,378,0,0,0,378
02/01/2012,CMH,OH,AGL,CE,Combined TRACON& Tower with Radar,152,131,65,8,356,0,2,12,0,14,152,133,77,8,370,0,0,0,370
02/02/2012,CMH,OH,AGL,CE,Combined TRACON& Tower with Radar,159,144,56,0,359,0,0,8,0,8,159,144,64,0,367,0,0,0,367
02/03/2012,CMH,OH,AGL,CE,Combined TRACON& Tower with Radar,153,138,51,0,342,0,0,27,0,27,153,138,78,0,369,0,0,0,369
02/04/2012,CMH,OH,AGL,CE,Combined TRACON& Tower with Radar,110,97,15,0,222,0,3,1,0,4,110,100,16,0,226,0,0,0,226
02/05/2012,CMH,OH,AGL,CE,Combined TRACON& Tower with Radar,145,105,36,0,286,0,0,17,0,17,145,105,53,0,303,0,0,0,303
02/06/2012,CMH,OH,AGL,CE,Combined TRACON& Tower with Radar,156,139,80,2,377,0,0,20,0,20,156,139,100,2,397,0,0,0,397
02/07/2012,CMH,OH,AGL,CE,Combined TRACON& Tower with Radar,152,148,48,0,348,0,1,5,0,6,152,149,53,0,354,0,0,0,354
02/08/2012,CMH,OH,AGL,CE,Combined TRACON& Tower with Radar,159,142,46,3,350,0,1,5,0,6,159,143,51,3,356,0,0,0,356
02/09/2012,CMH,OH,AGL,CE,Combined TRACON& Tower with Radar,162,145,60,5,372,0,2,12,0,14,162,147,72,5,386,0,0,0,386
02/10/2012,CMH,OH,AGL,CE,Combined TRACON& Tower with Radar,156,145,40,1,342,0,3,2,0,5,156,148,42,1,347,0,0,0,347
02/11/2012,CMH,OH,AGL,CE,Combined TRACON& Tower with Radar,117,93,9,0,219,0,0,1,0,1,117,93,10,0,220,0,0,0,220
02/12/2012,CMH,OH,AGL,CE,Combined TRACON& Tower with Radar,151,106,18,3,278,0,3,13,0,16,151,109,31,3,294,0,0,0,294
02/13/2012,CMH,OH,AGL,CE,Combined TRACON& Tower with Radar,160,138,64,0,362,0,0,21,1,22,160,138,85,1,384,0,0,0,384
02/14/2012,CMH,OH,AGL,CE,Combined TRACON& Tower with Radar,158,130,37,2,327,0,1,2,0,3,158,131,39,2,330,0,0,0,330
02/15/2012,CMH,OH,AGL,CE,Combined TRACON& Tower with Radar,160,135,62,0,357,0,0,19,2,21,160,135,81,2,378,0,0,0,378
02/16/2012,CMH,OH,AGL,CE,Combined TRACON& Tower with Radar,162,155,65,0,382,0,1,10,0,11,162,156,75,0,393,0,0,0,393
02/17/2012,CMH,OH,AGL,CE,Combined TRACON& Tower with Radar,159,150,58,0,367,0,0,21,1,22,159,150,79,1,389,0,0,0,389
02/18/2012,CMH,OH,AGL,CE,Combined TRACON& Tower with Radar,123,88,19,0,230,0,0,12,0,12,123,88,31,0,242,0,0,0,242
02/19/2012,CMH,OH,AGL,CE,Combined TRACON& Tower with Radar,153,91,20,0,264,0,0,6,0,6,153,91,26,0,270,0,0,0,270
02/20/2012,CMH,OH,AGL,CE,Combined TRACON& Tower with Radar,157,131,40,0,328,0,0,18,0,18,157,131,58,0,346,0,0,0,346
02/21/2012,CMH,OH,AGL,CE,Combined TRACON& Tower with Radar,161,148,47,0,356,0,1,6,0,7,161,149,53,0,363,0,0,0,363
02/22/2012,CMH,OH,AGL,CE,Combined TRACON& Tower with Radar,159,149,56,0,364,0,1,14,0,15,159,150,70,0,379,0,0,0,379
02/23/2012,CMH,OH,AGL,CE,Combined TRACON& Tower with Radar,154,168,50,0,372,0,2,8,0,10,154,170,58,0,382,0,0,0,382
02/24/2012,CMH,OH,AGL,CE,Combined TRACON& Tower with Radar,158,144,55,0,357,0,0,2,1,3,158,144,57,1,360,0,0,0,360
02/25/2012,CMH,OH,AGL,CE,Combined TRACON& Tower with Radar,124,103,19,0,246,0,1,3,1,5,124,104,22,1,251,0,0,0,251
02/26/2012,CMH,OH,AGL,CE,Combined TRACON& Tower with Radar,158,106,34,0,298,0,0,23,0,23,158,106,57,0,321,0,0,0,321
02/27/2012,CMH,OH,AGL,CE,Combined TRACON& Tower with Radar,159,152,59,0,370,0,1,20,0,21,159,153,79,0,391,0,0,0,391
02/28/2012,CMH,OH,AGL,CE,Combined TRACON& Tower with Radar,163,145,86,0,394,0,0,14,0,14,163,145,100,0,408,0,0,0,408
02/29/2012,CMH,OH,AGL,CE,Combined TRACON& Tower with Radar,159,141,56,0,356,0,0,4,0,4,159,141,60,0,360,0,0,0,360
03/01/2012,CMH,OH,AGL,CE,Combined TRACON& Tower with Radar,160,168,58,1,387,0,2,15,0,17,160,170,73,1,404,0,0,0,404
03/02/2012,CMH,OH,AGL,CE,Combined TRACON& Tower with Radar,147,162,52,0,361,0,2,6,0,8,147,164,58,0,369,0,0,0,369
03/03/2012,CMH,OH,AGL,CE,Combined TRACON& Tower with Radar,126,108,17,0,251,0,0,4,0,4,126,108,21,0,255,0,0,0,255
03/04/2012,CMH,OH,AGL,CE,Combined TRACON& Tower with Radar,155,131,21,0,307,0,2,5,0,7,155,133,26,0,314,0,0,0,314
03/05/2012,CMH,OH,AGL,CE,Combined TRACON& Tower with Radar,166,154,48,4,372,0,0,8,2,10,166,154,56,6,382,0,0,0,382
03/06/2012,CMH,OH,AGL,CE,Combined TRACON& Tower with Radar,160,159,49,2,370,0,1,18,0,19,160,160,67,2,389,0,0,0,389
03/07/2012,CMH,OH,AGL,CE,Combined TRACON& Tower with Radar,159,157,55,0,371,0,5,13,0,18,159,162,68,0,389,0,0,0,389
03/08/2012,CMH,OH,AGL,CE,Combined TRACON& Tower with Radar,167,170,50,0,387,0,0,1,0,1,167,170,51,0,388,0,0,0,388
03/09/2012,CMH,OH,AGL,CE,Combined TRACON& Tower with Radar,160,146,50,18,374,0,0,8,0,8,160,146,58,18,382,0,0,0,382
03/10/2012,CMH,OH,AGL,CE,Combined TRACON& Tower with Radar,128,112,25,0,265,0,1,24,2,27,128,113,49,2,292,0,0,0,292
03/11/2012,CMH,OH,AGL,CE,Combined TRACON& Tower with Radar,162,122,26,0,310,0,1,13,0,14,162,123,39,0,324,0,0,0,324
03/12/2012,CMH,OH,AGL,CE,Combined TRACON& Tower with Radar,179,146,68,0,393,0,0,1,0,1,179,146,69,0,394,0,0,0,394
03/13/2012,CMH,OH,AGL,CE,Combined TRACON& Tower with Radar,170,148,63,0,381,0,3,18,3,24,170,151,81,3,405,0,0,0,405
03/14/2012,CMH,OH,AGL,CE,Combined TRACON& Tower with Radar,182,147,58,2,389,0,2,27,0,29,182,149,85,2,418,0,0,0,418
03/15/2012,CMH,OH,AGL,CE,Combined TRACON& Tower with Radar,172,144,48,6,370,0,1,5,1,7,172,145,53,7,377,0,0,0,377
03/16/2012,CMH,OH,AGL,CE,Combined TRACON& Tower with Radar,179,162,64,0,405,0,3,20,1,24,179,165,84,1,429,0,0,0,429
03/17/2012,CMH,OH,AGL,CE,Combined TRACON& Tower with Radar,134,117,16,0,267,0,3,18,0,21,134,120,34,0,288,0,0,0,288
03/18/2012,CMH,OH,AGL,CE,Combined TRACON& Tower with Radar,171,123,31,0,325,0,0,18,0,18,171,123,49,0,343,0,0,0,343
03/19/2012,CMH,OH,AGL,CE,Combined TRACON& Tower with Radar,174,145,46,2,367,0,0,12,1,13,174,145,58,3,380,0,0,0,380
03/20/2012,CMH,OH,AGL,CE,Combined TRACON& Tower with Radar,172,135,55,0,362,0,0,37,0,37,172,135,92,0,399,0,0,0,399
03/21/2012,CMH,OH,AGL,CE,Combined TRACON& Tower with Radar,170,157,66,0,393,0,0,29,0,29,170,157,95,0,422,0,0,0,422
03/22/2012,CMH,OH,AGL,CE,Combined TRACON& Tower with Radar,175,160,41,1,377,0,2,28,0,30,175,162,69,1,407,0,0,0,407
03/23/2012,CMH,OH,AGL,CE,Combined TRACON& Tower with Radar,172,154,45,1,372,0,1,10,0,11,172,155,55,1,383,0,0,0,383
03/24/2012,CMH,OH,AGL,CE,Combined TRACON& Tower with Radar,130,115,38,0,283,0,1,9,0,10,130,116,47,0,293,0,0,0,293
03/25/2012,CMH,OH,AGL,CE,Combined TRACON& Tower with Radar,162,128,37,0,327,0,1,3,0,4,162,129,40,0,331,0,0,0,331
03/26/2012,CMH,OH,AGL,CE,Combined TRACON& Tower with Radar,170,149,54,0,373,0,3,28,0,31,170,152,82,0,404,0,0,0,404
03/27/2012,CMH,OH,AGL,CE,Combined TRACON& Tower with Radar,170,136,69,4,379,0,1,19,0,20,170,137,88,4,399,0,0,0,399
03/28/2012,CMH,OH,AGL,CE,Combined TRACON& Tower with Radar,168,148,61,0,377,0,5,10,2,17,168,153,71,2,394,0,0,0,394
03/29/2012,CMH,OH,AGL,CE,Combined TRACON& Tower with Radar,166,153,54,0,373,0,1,36,0,37,166,154,90,0,410,0,0,0,410
03/30/2012,CMH,OH,AGL,CE,Combined TRACON& Tower with Radar,184,151,52,0,387,0,0,23,0,23,184,151,75,0,410,0,0,0,410
03/31/2012,CMH,OH,AGL,CE,Combined TRACON& Tower with Radar,126,110,36,0,272,0,0,1,0,1,126,110,37,0,273,0,0,0,273
04/01/2012,CMH,OH,AGL,CE,Combined TRACON& Tower with Radar,164,106,38,0,308,0,0,27,0,27,164,106,65,0,335,0,0,0,335
04/02/2012,CMH,OH,AGL,CE,Combined TRACON& Tower with Radar,179,149,48,0,376,0,1,36,0,37,179,150,84,0,413,0,0,0,413
04/03/2012,CMH,OH,AGL,CE,Combined TRACON& Tower with Radar,176,142,61,0,379,0,2,22,0,24,176,144,83,0,403,0,0,0,403
04/04/2012,CMH,OH,AGL,CE,Combined TRACON& Tower with Radar,173,147,62,0,382,0,0,25,0,25,173,147,87,0,407,0,0,0,407
04/05/2012,CMH,OH,AGL,CE,Combined TRACON& Tower with Radar,172,147,64,0,383,0,4,23,0,27,172,151,87,0,410,0,0,0,410
04/06/2012,CMH,OH,AGL,CE,Combined TRACON& Tower with Radar,175,138,48,0,361,0,1,19,0,20,175,139,67,0,381,0,0,0,381
04/07/2012,CMH,OH,AGL,CE,Combined TRACON& Tower with Radar,134,95,16,2,247,0,2,30,0,32,134,97,46,2,279,0,0,0,279
04/08/2012,CMH,OH,AGL,CE,Combined TRACON& Tower with Radar,149,112,8,0,269,0,1,18,1,20,149,113,26,1,289,0,0,0,289
04/09/2012,CMH,OH,AGL,CE,Combined TRACON& Tower with Radar,179,137,69,0,385,0,1,7,1,9,179,138,76,1,394,0,0,0,394
04/10/2012,CMH,OH,AGL,CE,Combined TRACON& Tower with Radar,167,154,58,5,384,0,3,12,1,16,167,157,70,6,400,0,0,0,400
04/11/2012,CMH,OH,AGL,CE,Combined TRACON& Tower with Radar,168,137,56,0,361,0,0,21,1,22,168,137,77,1,383,0,0,0,383
04/12/2012,CMH,OH,AGL,CE,Combined TRACON& Tower with Radar,175,144,63,0,382,0,2,45,0,47,175,146,108,0,429,0,0,0,429
04/13/2012,CMH,OH,AGL,CE,Combined TRACON& Tower with Radar,167,146,57,0,370,0,2,22,0,24,167,148,79,0,394,0,0,0,394
04/14/2012,CMH,OH,AGL,CE,Combined TRACON& Tower with Radar,134,94,18,0,246,0,2,0,0,2,134,96,18,0,248,0,0,0,248
04/15/2012,CMH,OH,AGL,CE,Combined TRACON& Tower with Radar,154,119,24,0,297,0,3,6,0,9,154,122,30,0,306,0,0,0,306
04/16/2012,CMH,OH,AGL,CE,Combined TRACON& Tower with Radar,186,140,57,0,383,0,2,2,0,4,186,142,59,0,387,0,0,0,387
04/17/2012,CMH,OH,AGL,CE,Combined TRACON& Tower with Radar,171,151,64,0,386,0,2,27,0,29,171,153,91,0,415,0,0,0,415
04/18/2012,CMH,OH,AGL,CE,Combined TRACON& Tower with Radar,163,156,76,1,396,0,4,31,0,35,163,160,107,1,431,0,0,0,431
04/19/2012,CMH,OH,AGL,CE,Combined TRACON& Tower with Radar,170,155,69,2,396,0,3,39,1,43,170,158,108,3,439,0,0,0,439
04/20/2012,CMH,OH,AGL,CE,Combined TRACON& Tower with Radar,177,143,63,4,387,0,5,14,0,19,177,148,77,4,406,0,0,0,406
04/21/2012,CMH,OH,AGL,CE,Combined TRACON& Tower with Radar,134,87,31,0,252,0,0,12,0,12,134,87,43,0,264,0,0,0,264
04/22/2012,CMH,OH,AGL,CE,Combined TRACON& Tower with Radar,161,107,20,0,288,0,2,12,2,16,161,109,32,2,304,0,0,0,304
04/23/2012,CMH,OH,AGL,CE,Combined TRACON& Tower with Radar,170,141,53,0,364,0,2,4,0,6,170,143,57,0,370,0,0,0,370
04/24/2012,CMH,OH,AGL,CE,Combined TRACON& Tower with Radar,170,149,59,0,378,0,0,18,0,18,170,149,77,0,396,0,0,0,396
04/25/2012,CMH,OH,AGL,CE,Combined TRACON& Tower with Radar,165,152,72,0,389,0,0,29,0,29,165,152,101,0,418,0,0,0,418
04/26/2012,CMH,OH,AGL,CE,Combined TRACON& Tower with Radar,169,146,72,4,391,0,1,3,1,5,169,147,75,5,396,0,0,0,396
04/27/2012,CMH,OH,AGL,CE,Combined TRACON& Tower with Radar,170,155,50,0,375,0,4,24,2,30,170,159,74,2,405,0,0,0,405
04/28/2012,CMH,OH,AGL,CE,Combined TRACON& Tower with Radar,131,89,17,0,237,0,1,4,0,5,131,90,21,0,242,0,0,0,242
04/29/2012,CMH,OH,AGL,CE,Combined TRACON& Tower with Radar,164,126,38,0,328,0,3,40,1,44,164,129,78,1,372,0,0,0,372
04/30/2012,CMH,OH,AGL,CE,Combined TRACON& Tower with Radar,173,143,60,4,380,0,1,12,0,13,173,144,72,4,393,0,0,0,393
05/01/2012,CMH,OH,AGL,CE,Combined TRACON& Tower with Radar,173,151,65,0,389,0,1,12,0,13,173,152,77,0,402,0,0,0,402
05/02/2012,CMH,OH,AGL,CE,Combined TRACON& Tower with Radar,170,162,83,2,417,0,1,17,3,21,170,163,100,5,438,0,0,0,438
05/03/2012,CMH,OH,AGL,CE,Combined TRACON& Tower with Radar,164,151,61,0,376,0,3,26,0,29,164,154,87,0,405,0,0,0,405
05/04/2012,CMH,OH,AGL,CE,Combined TRACON& Tower with Radar,174,143,60,0,377,0,0,13,0,13,174,143,73,0,390,0,0,0,390
05/05/2012,CMH,OH,AGL,CE,Combined TRACON& Tower with Radar,130,96,21,0,247,0,3,11,0,14,130,99,32,0,261,0,0,0,261
05/06/2012,CMH,OH,AGL,CE,Combined TRACON& Tower with Radar,148,127,40,2,317,0,4,39,0,43,148,131,79,2,360,0,0,0,360
05/07/2012,CMH,OH,AGL,CE,Combined TRACON& Tower with Radar,175,165,43,0,383,0,0,10,0,10,175,165,53,0,393,0,0,0,393
05/08/2012,CMH,OH,AGL,CE,Combined TRACON& Tower with Radar,181,146,67,2,396,0,1,10,0,11,181,147,77,2,407,0,0,0,407
05/09/2012,CMH,OH,AGL,CE,Combined TRACON& Tower with Radar,166,151,70,0,387,0,2,23,0,25,166,153,93,0,412,0,0,0,412
05/10/2012,CMH,OH,AGL,CE,Combined TRACON& Tower with Radar,168,167,68,4,407,0,1,29,0,30,168,168,97,4,437,0,0,0,437
05/11/2012,CMH,OH,AGL,CE,Combined TRACON& Tower with Radar,171,156,55,4,386,0,1,29,0,30,171,157,84,4,416,0,0,0,416
05/12/2012,CMH,OH,AGL,CE,Combined TRACON& Tower with Radar,128,88,14,0,230,0,3,20,0,23,128,91,34,0,253,0,0,0,253
05/13/2012,CMH,OH,AGL,CE,Combined TRACON& Tower with Radar,163,118,32,0,313,0,1,4,0,5,163,119,36,0,318,0,0,0,318
05/14/2012,CMH,OH,AGL,CE,Combined TRACON& Tower with Radar,170,148,57,2,377,0,0,7,0,7,170,148,64,2,384,0,0,0,384
05/15/2012,CMH,OH,AGL,CE,Combined TRACON& Tower with Radar,172,161,75,0,408,0,0,15,0,15,172,161,90,0,423,0,0,0,423
05/16/2012,CMH,OH,AGL,CE,Combined TRACON& Tower with Radar,167,157,74,0,398,0,2,15,0,17,167,159,89,0,415,0,0,0,415
05/17/2012,CMH,OH,AGL,CE,Combined TRACON& Tower with Radar,169,163,68,0,400,0,2,24,0,26,169,165,92,0,426,0,0,0,426
05/18/2012,CMH,OH,AGL,CE,Combined TRACON& Tower with Radar,174,156,66,0,396,0,5,27,0,32,174,161,93,0,428,0,0,0,428
05/19/2012,CMH,OH,AGL,CE,Combined TRACON& Tower with Radar,130,88,37,0,255,0,5,21,0,26,130,93,58,0,281,0,0,0,281
05/20/2012,CMH,OH,AGL,CE,Combined TRACON& Tower with Radar,157,118,30,2,307,0,3,33,0,36,157,121,63,2,343,0,0,0,343
05/21/2012,CMH,OH,AGL,CE,Combined TRACON& Tower with Radar,175,138,62,0,375,0,2,20,0,22,175,140,82,0,397,0,0,0,397
05/22/2012,CMH,OH,AGL,CE,Combined TRACON& Tower with Radar,175,155,75,0,405,0,3,8,2,13,175,158,83,2,418,0,0,0,418
05/23/2012,CMH,OH,AGL,CE,Combined TRACON& Tower with Radar,167,150,63,0,380,0,1,20,0,21,167,151,83,0,401,0,0,0,401
05/24/2012,CMH,OH,AGL,CE,Combined TRACON& Tower with Radar,174,156,74,1,405,0,3,18,0,21,174,159,92,1,426,0,0,0,426
05/25/2012,CMH,OH,AGL,CE,Combined TRACON& Tower with Radar,172,154,66,0,392,0,3,26,1,30,172,157,92,1,422,0,0,0,422
05/26/2012,CMH,OH,AGL,CE,Combined TRACON& Tower with Radar,117,83,10,0,210,0,8,15,0,23,117,91,25,0,233,0,0,0,233
05/27/2012,CMH,OH,AGL,CE,Combined TRACON& Tower with Radar,130,84,23,0,237,0,0,12,0,12,130,84,35,0,249,0,0,0,249
05/28/2012,CMH,OH,AGL,CE,Combined TRACON& Tower with Radar,153,146,27,0,326,0,3,5,0,8,153,149,32,0,334,0,0,0,334
05/29/2012,CMH,OH,AGL,CE,Combined TRACON& Tower with Radar,162,131,50,0,343,0,2,12,0,14,162,133,62,0,357,0,0,0,357
05/30/2012,CMH,OH,AGL,CE,Combined TRACON& Tower with Radar,175,160,70,2,407,0,9,28,0,37,175,169,98,2,444,0,0,0,444
05/31/2012,CMH,OH,AGL,CE,Combined TRACON& Tower with Radar,169,158,73,0,400,0,6,20,1,27,169,164,93,1,427,0,0,0,427
06/01/2012,CMH,OH,AGL,CE,Combined TRACON& Tower with Radar,170,149,52,0,371,0,1,0,0,1,170,150,52,0,372,0,0,0,372
06/02/2012,CMH,OH,AGL,CE,Combined TRACON& Tower with Radar,124,95,23,1,243,0,3,8,3,14,124,98,31,4,257,0,0,0,257
06/03/2012,CMH,OH,AGL,CE,Combined TRACON& Tower with Radar,163,125,28,3,319,0,0,19,0,19,163,125,47,3,338,0,0,0,338
06/04/2012,CMH,OH,AGL,CE,Combined TRACON& Tower with Radar,174,147,52,1,374,0,0,18,0,18,174,147,70,1,392,0,0,0,392
06/05/2012,CMH,OH,AGL,CE,Combined TRACON& Tower with Radar,180,140,63,2,385,0,0,15,0,15,180,140,78,2,400,0,0,0,400
06/06/2012,CMH,OH,AGL,CE,Combined TRACON& Tower with Radar,171,141,80,2,394,0,2,24,0,26,171,143,104,2,420,0,0,0,420
06/07/2012,CMH,OH,AGL,CE,Combined TRACON& Tower with Radar,179,144,90,4,417,0,4,30,0,34,179,148,120,4,451,0,0,0,451
06/08/2012,CMH,OH,AGL,CE,Combined TRACON& Tower with Radar,189,153,58,1,401,0,0,32,0,32,189,153,90,1,433,0,0,0,433
06/09/2012,CMH,OH,AGL,CE,Combined TRACON& Tower with Radar,134,123,21,0,278,0,1,20,0,21,134,124,41,0,299,0,0,0,299
06/10/2012,CMH,OH,AGL,CE,Combined TRACON& Tower with Radar,161,133,35,0,329,0,3,14,0,17,161,136,49,0,346,0,0,0,346
06/11/2012,CMH,OH,AGL,CE,Combined TRACON& Tower with Radar,177,149,68,1,395,0,0,3,0,3,177,149,71,1,398,0,0,0,398
06/12/2012,CMH,OH,AGL,CE,Combined TRACON& Tower with Radar,173,156,73,6,408,0,2,8,3,13,173,158,81,9,421,0,0,0,421
06/13/2012,CMH,OH,AGL,CE,Combined TRACON& Tower with Radar,179,155,78,0,412,0,2,26,0,28,179,157,104,0,440,0,0,0,440
06/14/2012,CMH,OH,AGL,CE,Combined TRACON& Tower with Radar,177,154,71,0,402,0,2,24,0,26,177,156,95,0,428,0,0,0,428
06/15/2012,CMH,OH,AGL,CE,Combined TRACON& Tower with Radar,187,143,42,1,373,0,5,15,0,20,187,148,57,1,393,0,0,0,393
06/16/2012,CMH,OH,AGL,CE,Combined TRACON& Tower with Radar,132,111,20,0,263,0,4,19,0,23,132,115,39,0,286,0,0,0,286
06/17/2012,CMH,OH,AGL,CE,Combined TRACON& Tower with Radar,157,133,21,1,312,0,0,5,2,7,157,133,26,3,319,0,0,0,319
06/18/2012,CMH,OH,AGL,CE,Combined TRACON& Tower with Radar,184,134,53,3,374,0,4,6,1,11,184,138,59,4,385,0,0,0,385
06/19/2012,CMH,OH,AGL,CE,Combined TRACON& Tower with Radar,178,157,74,2,411,0,7,22,0,29,178,164,96,2,440,0,0,0,440
06/20/2012,CMH,OH,AGL,CE,Combined TRACON& Tower with Radar,180,148,85,1,414,0,2,26,0,28,180,150,111,1,442,0,0,0,442
06/21/2012,CMH,OH,AGL,CE,Combined TRACON& Tower with Radar,177,137,61,0,375,0,1,16,0,17,177,138,77,0,392,0,0,0,392
06/22/2012,CMH,OH,AGL,CE,Combined TRACON& Tower with Radar,166,126,40,8,340,0,1,27,0,28,166,127,67,8,368,0,0,0,368
06/23/2012,CMH,OH,AGL,CE,Combined TRACON& Tower with Radar,137,116,24,2,279,0,5,20,1,26,137,121,44,3,305,0,0,0,305
06/24/2012,CMH,OH,AGL,CE,Combined TRACON& Tower with Radar,158,124,24,0,306,0,1,24,2,27,158,125,48,2,333,0,0,0,333
06/25/2012,CMH,OH,AGL,CE,Combined TRACON& Tower with Radar,179,143,60,0,382,0,2,14,0,16,179,145,74,0,398,0,0,0,398
06/26/2012,CMH,OH,AGL,CE,Combined TRACON& Tower with Radar,175,146,64,4,389,0,3,31,0,34,175,149,95,4,423,0,0,0,423
06/27/2012,CMH,OH,AGL,CE,Combined TRACON& Tower with Radar,182,158,48,0,388,0,2,30,0,32,182,160,78,0,420,0,0,0,420
06/28/2012,CMH,OH,AGL,CE,Combined TRACON& Tower with Radar,179,145,55,0,379,0,1,14,0,15,179,146,69,0,394,0,0,0,394
06/29/2012,CMH,OH,AGL,CE,Combined TRACON& Tower with Radar,177,141,43,0,361,0,4,19,0,23,177,145,62,0,384,0,0,0,384
06/30/2012,CMH,OH,AGL,CE,Combined TRACON& Tower with Radar,136,113,27,0,276,0,10,13,0,23,136,123,40,0,299,0,0,0,299
07/01/2012,CMH,OH,AGL,CE,Combined TRACON& Tower with Radar,162,112,27,2,303,0,2,11,0,13,162,114,38,2,316,0,0,0,316
07/02/2012,CMH,OH,AGL,CE,Combined TRACON& Tower with Radar,179,121,41,2,343,0,1,19,0,20,179,122,60,2,363,0,0,0,363
07/03/2012,CMH,OH,AGL,CE,Combined TRACON& Tower with Radar,158,120,45,0,323,0,2,17,0,19,158,122,62,0,342,0,0,0,342
07/04/2012,CMH,OH,AGL,CE,Combined TRACON& Tower with Radar,130,90,20,0,240,0,5,8,2,15,130,95,28,2,255,0,0,0,255
07/05/2012,CMH,OH,AGL,CE,Combined TRACON& Tower with Radar,159,123,34,0,316,0,1,15,0,16,159,124,49,0,332,0,0,0,332
07/06/2012,CMH,OH,AGL,CE,Combined TRACON& Tower with Radar,178,133,44,0,355,0,0,18,0,18,178,133,62,0,373,0,0,0,373
07/07/2012,CMH,OH,AGL,CE,Combined TRACON& Tower with Radar,139,107,18,0,264,0,3,15,0,18,139,110,33,0,282,0,0,0,282
07/08/2012,CMH,OH,AGL,CE,Combined TRACON& Tower with Radar,168,135,32,0,335,0,3,20,0,23,168,138,52,0,358,0,0,0,358
07/09/2012,CMH,OH,AGL,CE,Combined TRACON& Tower with Radar,188,131,64,0,383,0,0,23,2,25,188,131,87,2,408,0,0,0,408
07/10/2012,CMH,OH,AGL,CE,Combined TRACON& Tower with Radar,184,136,41,0,361,0,1,23,0,24,184,137,64,0,385,0,0,0,385
07/11/2012,CMH,OH,AGL,CE,Combined TRACON& Tower with Radar,181,144,67,0,392,0,2,15,2,19,181,146,82,2,411,0,0,0,411
07/12/2012,CMH,OH,AGL,CE,Combined TRACON& Tower with Radar,178,141,50,0,369,0,5,16,0,21,178,146,66,0,390,0,0,0,390
07/13/2012,CMH,OH,AGL,CE,Combined TRACON& Tower with Radar,169,132,45,7,353,0,1,30,0,31,169,133,75,7,384,0,0,0,384
07/14/2012,CMH,OH,AGL,CE,Combined TRACON& Tower with Radar,153,107,18,1,279,0,0,6,0,6,153,107,24,1,285,0,0,0,285
07/15/2012,CMH,OH,AGL,CE,Combined TRACON& Tower with Radar,159,116,29,1,305,0,1,6,0,7,159,117,35,1,312,0,0,0,312
07/16/2012,CMH,OH,AGL,CE,Combined TRACON& Tower with Radar,181,141,82,0,404,0,3,33,0,36,181,144,115,0,440,0,0,0,440
07/17/2012,CMH,OH,AGL,CE,Combined TRACON& Tower with Radar,182,149,65,1,397,0,2,19,4,25,182,151,84,5,422,0,0,0,422
07/18/2012,CMH,OH,AGL,CE,Combined TRACON& Tower with Radar,162,124,69,2,357,0,3,6,2,11,162,127,75,4,368,0,0,0,368
07/19/2012,CMH,OH,AGL,CE,Combined TRACON& Tower with Radar,173,135,73,4,385,0,1,6,0,7,173,136,79,4,392,0,0,0,392
07/20/2012,CMH,OH,AGL,CE,Combined TRACON& Tower with Radar,178,144,50,0,372,0,0,9,0,9,178,144,59,0,381,0,0,0,381
07/21/2012,CMH,OH,AGL,CE,Combined TRACON& Tower with Radar,140,111,20,0,271,0,6,24,1,31,140,117,44,1,302,0,0,0,302
07/22/2012,CMH,OH,AGL,CE,Combined TRACON& Tower with Radar,165,126,34,0,325,0,1,20,0,21,165,127,54,0,346,0,0,0,346
07/23/2012,CMH,OH,AGL,CE,Combined TRACON& Tower with Radar,168,146,61,2,377,0,2,17,0,19,168,148,78,2,396,0,0,0,396
07/24/2012,CMH,OH,AGL,CE,Combined TRACON& Tower with Radar,176,133,60,2,371,0,0,11,1,12,176,133,71,3,383,0,0,0,383
07/25/2012,CMH,OH,AGL,CE,Combined TRACON& Tower with Radar,173,154,78,0,405,0,3,18,0,21,173,157,96,0,426,0,0,0,426
07/26/2012,CMH,OH,AGL,CE,Combined TRACON& Tower with Radar,159,136,65,4,364,0,1,20,2,23,159,137,85,6,387,0,0,0,387
07/27/2012,CMH,OH,AGL,CE,Combined TRACON& Tower with Radar,192,143,56,4,395,0,3,13,0,16,192,146,69,4,411,0,0,0,411
07/28/2012,CMH,OH,AGL,CE,Combined TRACON& Tower with Radar,136,101,27,0,264,0,0,18,0,18,136,101,45,0,282,0,0,0,282
07/29/2012,CMH,OH,AGL,CE,Combined TRACON& Tower with Radar,162,116,34,1,313,0,0,23,0,23,162,116,57,1,336,0,0,0,336
07/30/2012,CMH,OH,AGL,CE,Combined TRACON& Tower with Radar,173,135,54,0,362,0,0,12,0,12,173,135,66,0,374,0,0,0,374
07/31/2012,CMH,OH,AGL,CE,Combined TRACON& Tower with Radar,176,135,45,0,356,0,2,26,0,28,176,137,71,0,384,0,0,0,384
08/01/2012,CMH,OH,AGL,CE,Combined TRACON& Tower with Radar,169,134,53,0,356,0,5,34,1,40,169,139,87,1,396,0,0,0,396
08/02/2012,CMH,OH,AGL,CE,Combined TRACON& Tower with Radar,181,125,52,0,358,0,0,30,0,30,181,125,82,0,388,0,0,0,388
08/03/2012,CMH,OH,AGL,CE,Combined TRACON& Tower with Radar,177,129,42,5,353,0,1,28,0,29,177,130,70,5,382,0,0,0,382
08/04/2012,CMH,OH,AGL,CE,Combined TRACON& Tower with Radar,137,108,29,2,276,0,3,5,0,8,137,111,34,2,284,0,0,0,284
08/05/2012,CMH,OH,AGL,CE,Combined TRACON& Tower with Radar,151,114,33,3,301,0,0,19,0,19,151,114,52,3,320,0,0,0,320
08/06/2012,CMH,OH,AGL,CE,Combined TRACON& Tower with Radar,171,140,51,0,362,0,4,26,0,30,171,144,77,0,392,0,0,0,392
08/07/2012,CMH,OH,AGL,CE,Combined TRACON& Tower with Radar,172,136,64,0,372,0,2,42,0,44,172,138,106,0,416,0,0,0,416
08/08/2012,CMH,OH,AGL,CE,Combined TRACON& Tower with Radar,170,129,71,2,372,0,4,10,2,16,170,133,81,4,388,0,0,0,388
08/09/2012,CMH,OH,AGL,CE,Combined TRACON& Tower with Radar,163,119,46,3,331,0,1,9,0,10,163,120,55,3,341,0,0,0,341
08/10/2012,CMH,OH,AGL,CE,Combined TRACON& Tower with Radar,172,128,57,3,360,0,0,3,0,3,172,128,60,3,363,0,0,0,363
08/11/2012,CMH,OH,AGL,CE,Combined TRACON& Tower with Radar,137,97,21,0,255,0,3,10,0,13,137,100,31,0,268,0,0,0,268
08/12/2012,CMH,OH,AGL,CE,Combined TRACON& Tower with Radar,153,133,41,2,329,0,0,11,0,11,153,133,52,2,340,0,0,0,340
08/13/2012,CMH,OH,AGL,CE,Combined TRACON& Tower with Radar,161,134,47,1,343,0,3,22,7,32,161,137,69,8,375,0,0,0,375
08/14/2012,CMH,OH,AGL,CE,Combined TRACON& Tower with Radar,157,123,65,0,345,0,0,10,0,10,157,123,75,0,355,0,0,0,355
08/15/2012,CMH,OH,AGL,CE,Combined TRACON& Tower with Radar,177,130,81,0,388,0,1,29,0,30,177,131,110,0,418,0,0,0,418
08/16/2012,CMH,OH,AGL,CE,Combined TRACON& Tower with Radar,167,139,69,0,375,0,3,31,1,35,167,142,100,1,410,0,0,0,410
08/17/2012,CMH,OH,AGL,CE,Combined TRACON& Tower with Radar,170,141,54,2,367,0,5,17,1,23,170,146,71,3,390,0,0,0,390
08/18/2012,CMH,OH,AGL,CE,Combined TRACON& Tower with Radar,125,96,17,9,247,0,5,22,6,33,125,101,39,15,280,0,0,0,280
08/19/2012,CMH,OH,AGL,CE,Combined TRACON& Tower with Radar,148,125,26,1,300,0,1,8,0,9,148,126,34,1,309,0,0,0,309
08/20/2012,CMH,OH,AGL,CE,Combined TRACON& Tower with Radar,161,124,64,0,349,0,1,12,0,13,161,125,76,0,362,0,0,0,362
08/21/2012,CMH,OH,AGL,CE,Combined TRACON& Tower with Radar,170,131,48,3,352,0,1,6,0,7,170,132,54,3,359,0,0,0,359
08/22/2012,CMH,OH,AGL,CE,Combined TRACON& Tower with Radar,169,136,64,2,371,0,5,33,2,40,169,141,97,4,411,0,0,0,411
08/23/2012,CMH,OH,AGL,CE,Combined TRACON& Tower with Radar,169,140,59,8,376,0,2,22,0,24,169,142,81,8,400,0,0,0,400
08/24/2012,CMH,OH,AGL,CE,Combined TRACON& Tower with Radar,175,131,50,0,356,0,0,13,0,13,175,131,63,0,369,0,0,0,369
08/25/2012,CMH,OH,AGL,CE,Combined TRACON& Tower with Radar,128,96,14,0,238,0,1,20,2,23,128,97,34,2,261,0,0,0,261
08/26/2012,CMH,OH,AGL,CE,Combined TRACON& Tower with Radar,140,114,38,0,292,0,1,12,0,13,140,115,50,0,305,0,0,0,305
08/27/2012,CMH,OH,AGL,CE,Combined TRACON& Tower with Radar,166,128,46,0,340,0,1,8,0,9,166,129,54,0,349,0,0,0,349
08/28/2012,CMH,OH,AGL,CE,Combined TRACON& Tower with Radar,159,137,82,2,380,0,1,20,0,21,159,138,102,2,401,0,0,0,401
08/29/2012,CMH,OH,AGL,CE,Combined TRACON& Tower with Radar,161,130,61,0,352,0,1,14,0,15,161,131,75,0,367,0,0,0,367
08/30/2012,CMH,OH,AGL,CE,Combined TRACON& Tower with Radar,157,146,69,8,380,0,6,27,0,33,157,152,96,8,413,0,0,0,413
08/31/2012,CMH,OH,AGL,CE,Combined TRACON& Tower with Radar,165,141,56,6,368,0,8,18,0,26,165,149,74,6,394,0,0,0,394
09/01/2012,CMH,OH,AGL,CE,Combined TRACON& Tower with Radar,115,95,17,0,227,0,5,5,0,10,115,100,22,0,237,0,0,0,237
09/02/2012,CMH,OH,AGL,CE,Combined TRACON& Tower with Radar,108,70,17,3,198,0,3,11,0,14,108,73,28,3,212,0,0,0,212
09/03/2012,CMH,OH,AGL,CE,Combined TRACON& Tower with Radar,158,111,31,0,300,0,4,5,0,9,158,115,36,0,309,0,0,0,309
09/04/2012,CMH,OH,AGL,CE,Combined TRACON& Tower with Radar,155,133,51,1,340,0,0,2,0,2,155,133,53,1,342,0,0,0,342
09/05/2012,CMH,OH,AGL,CE,Combined TRACON& Tower with Radar,174,142,72,2,390,0,0,15,0,15,174,142,87,2,405,0,0,0,405
09/06/2012,CMH,OH,AGL,CE,Combined TRACON& Tower with Radar,155,141,57,4,357,0,4,20,0,24,155,145,77,4,381,0,0,0,381
09/07/2012,CMH,OH,AGL,CE,Combined TRACON& Tower with Radar,162,150,50,1,363,0,3,7,1,11,162,153,57,2,374,0,0,0,374
09/08/2012,CMH,OH,AGL,CE,Combined TRACON& Tower with Radar,130,83,20,1,234,0,4,8,0,12,130,87,28,1,246,0,0,0,246
09/09/2012,CMH,OH,AGL,CE,Combined TRACON& Tower with Radar,148,123,31,0,302,0,1,15,1,17,148,124,46,1,319,0,0,0,319
09/10/2012,CMH,OH,AGL,CE,Combined TRACON& Tower with Radar,170,124,76,0,370,0,2,18,0,20,170,126,94,0,390,0,0,0,390
09/11/2012,CMH,OH,AGL,CE,Combined TRACON& Tower with Radar,161,124,80,0,365,0,2,26,0,28,161,126,106,0,393,0,0,0,393
09/12/2012,CMH,OH,AGL,CE,Combined TRACON& Tower with Radar,167,129,77,5,378,0,3,20,0,23,167,132,97,5,401,0,0,0,401
09/13/2012,CMH,OH,AGL,CE,Combined TRACON& Tower with Radar,165,134,68,0,367,0,7,34,1,42,165,141,102,1,409,0,0,0,409
09/14/2012,CMH,OH,AGL,CE,Combined TRACON& Tower with Radar,165,149,68,5,387,0,3,7,0,10,165,152,75,5,397,0,0,0,397
09/15/2012,CMH,OH,AGL,CE,Combined TRACON& Tower with Radar,120,86,30,2,238,0,4,37,0,41,120,90,67,2,279,0,0,0,279
09/16/2012,CMH,OH,AGL,CE,Combined TRACON& Tower with Radar,149,121,22,2,294,0,4,18,2,24,149,125,40,4,318,0,0,0,318
09/17/2012,CMH,OH,AGL,CE,Combined TRACON& Tower with Radar,165,134,40,2,341,0,2,6,0,8,165,136,46,2,349,0,0,0,349
09/18/2012,CMH,OH,AGL,CE,Combined TRACON& Tower with Radar,157,146,61,0,364,0,1,3,0,4,157,147,64,0,368,0,0,0,368
09/19/2012,CMH,OH,AGL,CE,Combined TRACON& Tower with Radar,172,133,68,0,373,0,1,17,0,18,172,134,85,0,391,0,0,0,391
09/20/2012,CMH,OH,AGL,CE,Combined TRACON& Tower with Radar,170,137,73,0,380,0,2,29,0,31,170,139,102,0,411,0,0,0,411
09/21/2012,CMH,OH,AGL,CE,Combined TRACON& Tower with Radar,165,137,64,0,366,0,0,22,0,22,165,137,86,0,388,0,0,0,388
09/22/2012,CMH,OH,AGL,CE,Combined TRACON& Tower with Radar,124,82,29,1,236,0,0,17,0,17,124,82,46,1,253,0,0,0,253
09/23/2012,CMH,OH,AGL,CE,Combined TRACON& Tower with Radar,146,123,35,1,305,0,1,31,0,32,146,124,66,1,337,0,0,0,337
09/24/2012,CMH,OH,AGL,CE,Combined TRACON& Tower with Radar,164,140,99,1,404,0,1,23,0,24,164,141,122,1,428,0,0,0,428
09/25/2012,CMH,OH,AGL,CE,Combined TRACON& Tower with Radar,156,139,65,1,361,0,3,4,0,7,156,142,69,1,368,0,0,0,368
09/26/2012,CMH,OH,AGL,CE,Combined TRACON& Tower with Radar,169,141,60,0,370,0,3,0,1,4,169,144,60,1,374,0,0,0,374
09/27/2012,CMH,OH,AGL,CE,Combined TRACON& Tower with Radar,168,142,73,0,383,0,0,0,0,0,168,142,73,0,383,0,0,0,383
09/28/2012,CMH,OH,AGL,CE,Combined TRACON& Tower with Radar,170,148,73,0,391,0,3,20,2,25,170,151,93,2,416,0,0,0,416
09/29/2012,CMH,OH,AGL,CE,Combined TRACON& Tower with Radar,121,81,23,0,225,0,3,21,0,24,121,84,44,0,249,0,0,0,249
09/30/2012,CMH,OH,AGL,CE,Combined TRACON& Tower with Radar,149,123,38,0,310,0,0,20,0,20,149,123,58,0,330,0,0,0,330
10/01/2012,CMH,OH,AGL,CE,Combined TRACON& Tower with Radar,162,135,64,0,361,0,0,16,0,16,162,135,80,0,377,0,0,0,377
10/02/2012,CMH,OH,AGL,CE,Combined TRACON& Tower with Radar,157,142,77,0,376,0,0,4,0,4,157,142,81,0,380,0,0,0,380
10/03/2012,CMH,OH,AGL,CE,Combined TRACON& Tower with Radar,161,139,79,2,381,0,0,10,0,10,161,139,89,2,391,0,0,0,391
10/04/2012,CMH,OH,AGL,CE,Combined TRACON& Tower with Radar,163,143,64,0,370,0,1,17,0,18,163,144,81,0,388,0,0,0,388
10/05/2012,CMH,OH,AGL,CE,Combined TRACON& Tower with Radar,160,150,73,3,386,0,0,11,0,11,160,150,84,3,397,0,0,0,397
10/06/2012,CMH,OH,AGL,CE,Combined TRACON& Tower with Radar,120,97,22,7,246,0,0,22,1,23,120,97,44,8,269,0,0,0,269
10/07/2012,CMH,OH,AGL,CE,Combined TRACON& Tower with Radar,150,138,50,5,343,0,0,14,0,14,150,138,64,5,357,0,0,0,357
10/08/2012,CMH,OH,AGL,CE,Combined TRACON& Tower with Radar,157,141,55,0,353,0,0,14,0,14,157,141,69,0,367,0,0,0,367
10/09/2012,CMH,OH,AGL,CE,Combined TRACON& Tower with Radar,167,130,76,2,375,0,3,15,0,18,167,133,91,2,393,0,0,0,393
10/10/2012,CMH,OH,AGL,CE,Combined TRACON& Tower with Radar,164,125,61,4,354,0,3,7,1,11,164,128,68,5,365,0,0,0,365
10/11/2012,CMH,OH,AGL,CE,Combined TRACON& Tower with Radar,162,145,71,1,379,0,3,36,0,39,162,148,107,1,418,0,0,0,418
10/12/2012,CMH,OH,AGL,CE,Combined TRACON& Tower with Radar,158,137,59,6,360,0,5,16,1,22,158,142,75,7,382,0,0,0,382
10/13/2012,CMH,OH,AGL,CE,Combined TRACON& Tower with Radar,114,96,29,6,245,0,0,21,2,23,114,96,50,8,268,0,0,0,268
10/14/2012,CMH,OH,AGL,CE,Combined TRACON& Tower with Radar,142,118,22,0,282,0,6,2,0,8,142,124,24,0,290,0,0,0,290
10/15/2012,CMH,OH,AGL,CE,Combined TRACON& Tower with Radar,162,142,63,4,371,0,4,5,0,9,162,146,68,4,380,0,0,0,380
10/16/2012,CMH,OH,AGL,CE,Combined TRACON& Tower with Radar,169,144,63,0,376,0,1,34,0,35,169,145,97,0,411,0,0,0,411
10/17/2012,CMH,OH,AGL,CE,Combined TRACON& Tower with Radar,159,148,68,2,377,0,5,8,0,13,159,153,76,2,390,0,0,0,390
10/18/2012,CMH,OH,AGL,CE,Combined TRACON& Tower with Radar,158,142,66,2,368,0,4,11,0,15,158,146,77,2,383,0,0,0,383
10/19/2012,CMH,OH,AGL,CE,Combined TRACON& Tower with Radar,161,151,59,4,375,0,0,13,0,13,161,151,72,4,388,0,0,0,388
10/20/2012,CMH,OH,AGL,CE,Combined TRACON& Tower with Radar,121,101,23,0,245,0,1,11,0,12,121,102,34,0,257,0,0,0,257
10/21/2012,CMH,OH,AGL,CE,Combined TRACON& Tower with Radar,148,142,30,6,326,0,2,25,1,28,148,144,55,7,354,0,0,0,354
10/22/2012,CMH,OH,AGL,CE,Combined TRACON& Tower with Radar,157,144,88,3,392,0,5,17,3,25,157,149,105,6,417,0,0,0,417
10/23/2012,CMH,OH,AGL,CE,Combined TRACON& Tower with Radar,175,138,64,2,379,0,1,15,0,16,175,139,79,2,395,0,0,0,395
10/24/2012,CMH,OH,AGL,CE,Combined TRACON& Tower with Radar,165,145,72,6,388,0,3,17,0,20,165,148,89,6,408,0,0,0,408
10/25/2012,CMH,OH,AGL,CE,Combined TRACON& Tower with Radar,159,153,69,1,382,0,2,23,0,25,159,155,92,1,407,0,0,0,407
10/26/2012,CMH,OH,AGL,CE,Combined TRACON& Tower with Radar,163,137,64,2,366,0,2,9,0,11,163,139,73,2,377,0,0,0,377
10/27/2012,CMH,OH,AGL,CE,Combined TRACON& Tower with Radar,115,96,23,2,236,0,1,3,1,5,115,97,26,3,241,0,0,0,241
10/28/2012,CMH,OH,AGL,CE,Combined TRACON& Tower with Radar,150,127,32,5,314,0,0,4,0,4,150,127,36,5,318,0,0,0,318
10/29/2012,CMH,OH,AGL,CE,Combined TRACON& Tower with Radar,107,102,26,2,237,0,0,1,0,1,107,102,27,2,238,0,0,0,238
10/30/2012,CMH,OH,AGL,CE,Combined TRACON& Tower with Radar,113,91,16,1,221,0,0,0,0,0,113,91,16,1,221,0,0,0,221
10/31/2012,CMH,OH,AGL,CE,Combined TRACON& Tower with Radar,130,96,44,4,274,0,3,3,0,6,130,99,47,4,280,0,0,0,280
11/01/2012,CMH,OH,AGL,CE,Combined TRACON& Tower with Radar,157,136,61,1,355,0,1,9,2,12,157,137,70,3,367,0,0,0,367
11/02/2012,CMH,OH,AGL,CE,Combined TRACON& Tower with Radar,164,133,55,6,358,0,6,9,2,17,164,139,64,8,375,0,0,0,375
11/03/2012,CMH,OH,AGL,CE,Combined TRACON& Tower with Radar,117,89,31,4,241,0,1,16,2,19,117,90,47,6,260,0,0,0,260
11/04/2012,CMH,OH,AGL,CE,Combined TRACON& Tower with Radar,156,124,36,1,317,0,2,16,0,18,156,126,52,1,335,0,0,0,335
11/05/2012,CMH,OH,AGL,CE,Combined TRACON& Tower with Radar,171,135,43,4,353,0,0,8,0,8,171,135,51,4,361,0,0,0,361
11/06/2012,CMH,OH,AGL,CE,Combined TRACON& Tower with Radar,168,124,65,2,359,0,1,20,0,21,168,125,85,2,380,0,0,0,380
11/07/2012,CMH,OH,AGL,CE,Combined TRACON& Tower with Radar,154,119,79,0,352,0,0,19,0,19,154,119,98,0,371,0,0,0,371
11/08/2012,CMH,OH,AGL,CE,Combined TRACON& Tower with Radar,163,144,70,1,378,0,3,23,6,32,163,147,93,7,410,0,0,0,410
11/09/2012,CMH,OH,AGL,CE,Combined TRACON& Tower with Radar,172,136,61,1,370,0,1,18,0,19,172,137,79,1,389,0,0,0,389
11/10/2012,CMH,OH,AGL,CE,Combined TRACON& Tower with Radar,128,84,25,0,237,0,2,13,0,15,128,86,38,0,252,0,0,0,252
11/11/2012,CMH,OH,AGL,CE,Combined TRACON& Tower with Radar,154,119,34,1,308,0,1,11,1,13,154,120,45,2,321,0,0,0,321
11/12/2012,CMH,OH,AGL,CE,Combined TRACON& Tower with Radar,162,130,53,0,345,0,2,4,0,6,162,132,57,0,351,0,0,0,351
11/13/2012,CMH,OH,AGL,CE,Combined TRACON& Tower with Radar,168,140,71,0,379,0,0,11,0,11,168,140,82,0,390,0,0,0,390
11/14/2012,CMH,OH,AGL,CE,Combined TRACON& Tower with Radar,168,145,72,0,385,0,1,19,0,20,168,146,91,0,405,0,0,0,405
11/15/2012,CMH,OH,AGL,CE,Combined TRACON& Tower with Radar,168,139,70,0,377,0,0,27,1,28,168,139,97,1,405,0,0,0,405
11/16/2012,CMH,OH,AGL,CE,Combined TRACON& Tower with Radar,172,138,63,0,373,0,2,29,0,31,172,140,92,0,404,0,0,0,404
11/17/2012,CMH,OH,AGL,CE,Combined TRACON& Tower with Radar,132,77,19,0,228,0,1,14,0,15,132,78,33,0,243,0,0,0,243
11/18/2012,CMH,OH,AGL,CE,Combined TRACON& Tower with Radar,158,103,47,0,308,0,0,22,1,23,158,103,69,1,331,0,0,0,331
11/19/2012,CMH,OH,AGL,CE,Combined TRACON& Tower with Radar,158,111,54,0,323,0,0,17,0,17,158,111,71,0,340,0,0,0,340
11/20/2012,CMH,OH,AGL,CE,Combined TRACON& Tower with Radar,166,137,50,0,353,0,0,12,0,12,166,137,62,0,365,0,0,0,365
11/21/2012,CMH,OH,AGL,CE,Combined TRACON& Tower with Radar,174,121,33,0,328,0,2,20,0,22,174,123,53,0,350,0,0,0,350
11/22/2012,CMH,OH,AGL,CE,Combined TRACON& Tower with Radar,110,71,11,1,193,0,2,9,1,12,110,73,20,2,205,0,0,0,205
11/23/2012,CMH,OH,AGL,CE,Combined TRACON& Tower with Radar,123,81,29,0,233,0,0,8,0,8,123,81,37,0,241,0,0,0,241
11/24/2012,CMH,OH,AGL,CE,Combined TRACON& Tower with Radar,149,114,24,0,287,0,0,5,0,5,149,114,29,0,292,0,0,0,292
11/25/2012,CMH,OH,AGL,CE,Combined TRACON& Tower with Radar,176,135,37,0,348,0,2,13,0,15,176,137,50,0,363,0,0,0,363
11/26/2012,CMH,OH,AGL,CE,Combined TRACON& Tower with Radar,179,118,47,0,344,0,0,27,0,27,179,118,74,0,371,0,0,0,371
11/27/2012,CMH,OH,AGL,CE,Combined TRACON& Tower with Radar,163,114,52,0,329,0,3,11,0,14,163,117,63,0,343,0,0,0,343
11/28/2012,CMH,OH,AGL,CE,Combined TRACON& Tower with Radar,171,123,92,2,388,0,3,20,1,24,171,126,112,3,412,0,0,0,412
11/29/2012,CMH,OH,AGL,CE,Combined TRACON& Tower with Radar,169,130,73,0,372,0,2,23,0,25,169,132,96,0,397,0,0,0,397
11/30/2012,CMH,OH,AGL,CE,Combined TRACON& Tower with Radar,164,115,65,0,344,0,1,16,0,17,164,116,81,0,361,0,0,0,361
12/01/2012,CMH,OH,AGL,CE,Combined TRACON& Tower with Radar,121,87,26,0,234,0,1,20,2,23,121,88,46,2,257,0,0,0,257
12/02/2012,CMH,OH,AGL,CE,Combined TRACON& Tower with Radar,155,105,26,0,286,0,0,1,0,1,155,105,27,0,287,0,0,0,287
12/03/2012,CMH,OH,AGL,CE,Combined TRACON& Tower with Radar,173,132,66,0,371,0,0,4,0,4,173,132,70,0,375,0,0,0,375
12/04/2012,CMH,OH,AGL,CE,Combined TRACON& Tower with Radar,164,118,59,0,341,0,1,6,0,7,164,119,65,0,348,0,0,0,348
12/05/2012,CMH,OH,AGL,CE,Combined TRACON& Tower with Radar,167,129,68,0,364,0,4,19,0,23,167,133,87,0,387,0,0,0,387
12/06/2012,CMH,OH,AGL,CE,Combined TRACON& Tower with Radar,165,133,67,0,365,0,3,26,2,31,165,136,93,2,396,0,0,0,396
12/07/2012,CMH,OH,AGL,CE,Combined TRACON& Tower with Radar,167,131,50,0,348,0,0,0,0,0,167,131,50,0,348,0,0,0,348
12/08/2012,CMH,OH,AGL,CE,Combined TRACON& Tower with Radar,119,75,19,0,213,0,0,0,0,0,119,75,19,0,213,0,0,0,213
12/09/2012,CMH,OH,AGL,CE,Combined TRACON& Tower with Radar,150,116,27,1,294,0,0,3,1,4,150,116,30,2,298,0,0,0,298
12/10/2012,CMH,OH,AGL,CE,Combined TRACON& Tower with Radar,159,125,55,4,343,0,0,1,0,1,159,125,56,4,344,0,0,0,344
12/11/2012,CMH,OH,AGL,CE,Combined TRACON& Tower with Radar,165,128,75,0,368,0,0,5,0,5,165,128,80,0,373,0,0,0,373
12/12/2012,CMH,OH,AGL,CE,Combined TRACON& Tower with Radar,163,137,89,0,389,0,3,30,0,33,163,140,119,0,422,0,0,0,422
12/13/2012,CMH,OH,AGL,CE,Combined TRACON& Tower with Radar,168,131,77,0,376,0,1,18,2,21,168,132,95,2,397,0,0,0,397
12/14/2012,CMH,OH,AGL,CE,Combined TRACON& Tower with Radar,170,123,74,0,367,0,1,33,2,36,170,124,107,2,403,0,0,0,403
12/15/2012,CMH,OH,AGL,CE,Combined TRACON& Tower with Radar,123,72,22,0,217,0,4,6,1,11,123,76,28,1,228,0,0,0,228
12/16/2012,CMH,OH,AGL,CE,Combined TRACON& Tower with Radar,145,96,30,0,271,0,0,5,0,5,145,96,35,0,276,0,0,0,276
12/17/2012,CMH,OH,AGL,CE,Combined TRACON& Tower with Radar,153,117,60,4,334,0,0,1,0,1,153,117,61,4,335,0,0,0,335
12/18/2012,CMH,OH,AGL,CE,Combined TRACON& Tower with Radar,152,121,78,0,351,0,0,5,0,5,152,121,83,0,356,0,0,0,356
12/19/2012,CMH,OH,AGL,CE,Combined TRACON& Tower with Radar,152,117,50,0,319,0,1,3,0,4,152,118,53,0,323,0,0,0,323
12/20/2012,CMH,OH,AGL,CE,Combined TRACON& Tower with Radar,155,119,50,0,324,0,1,0,1,2,155,120,50,1,326,0,0,0,326
12/21/2012,CMH,OH,AGL,CE,Combined TRACON& Tower with Radar,161,116,19,0,296,0,0,0,1,1,161,116,19,1,297,0,0,0,297
12/22/2012,CMH,OH,AGL,CE,Combined TRACON& Tower with Radar,149,94,27,0,270,0,0,4,1,5,149,94,31,1,275,0,0,0,275
12/23/2012,CMH,OH,AGL,CE,Combined TRACON& Tower with Radar,139,108,10,0,257,0,1,20,0,21,139,109,30,0,278,0,0,0,278
12/24/2012,CMH,OH,AGL,CE,Combined TRACON& Tower with Radar,118,89,6,0,213,0,0,4,0,4,118,89,10,0,217,0,0,0,217
12/25/2012,CMH,OH,AGL,CE,Combined TRACON& Tower with Radar,115,93,4,0,212,0,0,4,0,4,115,93,8,0,216,0,0,0,216
12/26/2012,CMH,OH,AGL,CE,Combined TRACON& Tower with Radar,120,71,17,0,208,0,0,4,0,4,120,71,21,0,212,0,0,0,212
12/27/2012,CMH,OH,AGL,CE,Combined TRACON& Tower with Radar,165,117,20,0,302,0,0,2,0,2,165,117,22,0,304,0,0,0,304
12/28/2012,CMH,OH,AGL,CE,Combined TRACON& Tower with Radar,148,121,24,0,293,0,0,7,0,7,148,121,31,0,300,0,0,0,300
12/29/2012,CMH,OH,AGL,CE,Combined TRACON& Tower with Radar,118,88,10,0,216,0,0,0,0,0,118,88,10,0,216,0,0,0,216
12/30/2012,CMH,OH,AGL,CE,Combined TRACON& Tower with Radar,141,97,9,1,248,0,0,6,0,6,141,97,15,1,254,0,0,0,254
12/31/2012,CMH,OH,AGL,CE,Combined TRACON& Tower with Radar,123,86,9,0,218,0,0,7,0,7,123,86,16,0,225,0,0,0,225
01/01/2013,CMH,OH,AGL,CE,Combined TRACON& Tower with Radar,135,97,4,1,237,0,0,2,0,2,135,97,6,1,239,0,0,0,239
01/02/2013,CMH,OH,AGL,CE,Combined TRACON& Tower with Radar,155,113,41,0,309,0,1,12,0,13,155,114,53,0,322,0,0,0,322
01/03/2013,CMH,OH,AGL,CE,Combined TRACON& Tower with Radar,173,120,30,0,323,0,1,1,1,3,173,121,31,1,326,0,0,0,326
01/04/2013,CMH,OH,AGL,CE,Combined TRACON& Tower with Radar,161,117,34,0,312,0,3,10,2,15,161,120,44,2,327,18,0,18,345
01/05/2013,CMH,OH,AGL,CE,Combined TRACON& Tower with Radar,124,84,21,0,229,0,0,10,1,11,124,84,31,1,240,8,0,8,248
01/06/2013,CMH,OH,AGL,CE,Combined TRACON& Tower with Radar,140,104,25,0,269,0,2,7,0,9,140,106,32,0,278,6,0,6,284
01/07/2013,CMH,OH,AGL,CE,Combined TRACON& Tower with Radar,168,111,46,0,325,0,0,8,0,8,168,111,54,0,333,0,0,0,333
01/08/2013,CMH,OH,AGL,CE,Combined TRACON& Tower with Radar,159,107,48,0,314,0,5,14,0,19,159,112,62,0,333,0,0,0,333
01/09/2013,CMH,OH,AGL,CE,Combined TRACON& Tower with Radar,165,106,52,0,323,0,2,22,1,25,165,108,74,1,348,0,0,0,348
01/10/2013,CMH,OH,AGL,CE,Combined TRACON& Tower with Radar,166,107,54,0,327,0,1,5,2,8,166,108,59,2,335,16,0,16,351
01/11/2013,CMH,OH,AGL,CE,Combined TRACON& Tower with Radar,171,116,37,0,324,0,1,10,2,13,171,117,47,2,337,12,0,12,349
01/12/2013,CMH,OH,AGL,CE,Combined TRACON& Tower with Radar,115,81,24,0,220,0,0,3,0,3,115,81,27,0,223,14,0,14,237
01/13/2013,CMH,OH,AGL,CE,Combined TRACON& Tower with Radar,136,90,12,1,239,0,1,1,0,2,136,91,13,1,241,0,0,0,241
01/14/2013,CMH,OH,AGL,CE,Combined TRACON& Tower with Radar,167,114,51,0,332,0,3,7,0,10,167,117,58,0,342,0,0,0,342
01/15/2013,CMH,OH,AGL,CE,Combined TRACON& Tower with Radar,160,117,38,0,315,0,5,15,0,20,160,122,53,0,335,0,0,0,335
01/16/2013,CMH,OH,AGL,CE,Combined TRACON& Tower with Radar,160,112,47,0,319,0,1,9,0,10,160,113,56,0,329,0,0,0,329
01/17/2013,CMH,OH,AGL,CE,Combined TRACON& Tower with Radar,164,133,54,0,351,0,3,8,1,12,164,136,62,1,363,16,0,16,379
01/18/2013,CMH,OH,AGL,CE,Combined TRACON& Tower with Radar,167,113,54,0,334,0,2,21,1,24,167,115,75,1,358,18,0,18,376
01/19/2013,CMH,OH,AGL,CE,Combined TRACON& Tower with Radar,111,80,12,0,203,0,1,8,2,11,111,81,20,2,214,0,0,0,214
01/20/2013,CMH,OH,AGL,CE,Combined TRACON& Tower with Radar,129,97,24,0,250,0,4,9,0,13,129,101,33,0,263,0,0,0,263
01/21/2013,CMH,OH,AGL,CE,Combined TRACON& Tower with Radar,163,118,56,0,337,0,0,4,0,4,163,118,60,0,341,0,0,0,341
01/22/2013,CMH,OH,AGL,CE,Combined TRACON& Tower with Radar,157,117,39,0,313,0,1,4,0,5,157,118,43,0,318,0,0,0,318
01/23/2013,CMH,OH,AGL,CE,Combined TRACON& Tower with Radar,160,113,60,2,335,0,3,4,0,7,160,116,64,2,342,0,0,0,342
01/24/2013,CMH,OH,AGL,CE,Combined TRACON& Tower with Radar,167,121,67,0,355,0,3,13,1,17,167,124,80,1,372,20,0,20,392
01/25/2013,CMH,OH,AGL,CE,Combined TRACON& Tower with Radar,161,108,50,0,319,0,1,5,1,7,161,109,55,1,326,0,0,0,326
01/26/2013,CMH,OH,AGL,CE,Combined TRACON& Tower with Radar,120,83,22,2,227,0,3,11,2,16,120,86,33,4,243,0,0,0,243
01/27/2013,CMH,OH,AGL,CE,Combined TRACON& Tower with Radar,134,108,26,0,268,0,1,12,0,13,134,109,38,0,281,0,0,0,281
01/28/2013,CMH,OH,AGL,CE,Combined TRACON& Tower with Radar,154,115,42,0,311,0,2,0,0,2,154,117,42,0,313,0,0,0,313
01/29/2013,CMH,OH,AGL,CE,Combined TRACON& Tower with Radar,157,123,51,0,331,0,2,6,0,8,157,125,57,0,339,0,0,0,339
01/30/2013,CMH,OH,AGL,CE,Combined TRACON& Tower with Radar,155,109,49,1,314,0,6,5,0,11,155,115,54,1,325,0,0,0,325
01/31/2013,CMH,OH,AGL,CE,Combined TRACON& Tower with Radar,164,112,74,2,352,0,0,0,0,0,164,112,74,2,352,0,0,0,352
02/01/2013,CMH,OH,AGL,CE,Combined TRACON& Tower with Radar,163,111,52,8,334,0,1,11,5,17,163,112,63,13,351,0,0,0,351
02/02/2013,CMH,OH,AGL,CE,Combined TRACON& Tower with Radar,117,71,11,1,200,0,1,0,0,1,117,72,11,1,201,0,0,0,201
02/03/2013,CMH,OH,AGL,CE,Combined TRACON& Tower with Radar,138,88,8,0,234,0,0,3,0,3,138,88,11,0,237,0,0,0,237
02/04/2013,CMH,OH,AGL,CE,Combined TRACON& Tower with Radar,157,119,46,2,324,0,0,4,0,4,157,119,50,2,328,0,0,0,328
02/05/2013,CMH,OH,AGL,CE,Combined TRACON& Tower with Radar,156,117,55,2,330,0,0,4,3,7,156,117,59,5,337,0,0,0,337
02/06/2013,CMH,OH,AGL,CE,Combined TRACON& Tower with Radar,166,119,67,0,352,0,2,13,1,16,166,121,80,1,368,0,0,0,368
02/07/2013,CMH,OH,AGL,CE,Combined TRACON& Tower with Radar,163,122,67,0,352,0,3,20,0,23,163,125,87,0,375,32,0,32,407
02/08/2013,CMH,OH,AGL,CE,Combined TRACON& Tower with Radar,153,107,43,4,307,0,2,8,0,10,153,109,51,4,317,16,0,16,333
02/09/2013,CMH,OH,AGL,CE,Combined TRACON& Tower with Radar,113,72,40,0,225,0,2,17,0,19,113,74,57,0,244,0,0,0,244
02/10/2013,CMH,OH,AGL,CE,Combined TRACON& Tower with Radar,142,108,14,0,264,0,0,12,0,12,142,108,26,0,276,0,0,0,276
02/11/2013,CMH,OH,AGL,CE,Combined TRACON& Tower with Radar,159,110,64,2,335,0,2,3,2,7,159,112,67,4,342,0,0,0,342
02/12/2013,CMH,OH,AGL,CE,Combined TRACON& Tower with Radar,164,114,48,0,326,0,2,3,5,10,164,116,51,5,336,0,0,0,336
02/13/2013,CMH,OH,AGL,CE,Combined TRACON& Tower with Radar,161,124,75,2,362,0,2,11,2,15,161,126,86,4,377,0,0,0,377
02/14/2013,CMH,OH,AGL,CE,Combined TRACON& Tower with Radar,164,130,67,2,363,0,1,5,1,7,164,131,72,3,370,0,0,0,370
02/15/2013,CMH,OH,AGL,CE,Combined TRACON& Tower with Radar,173,125,39,0,337,0,3,9,1,13,173,128,48,1,350,0,0,0,350
02/16/2013,CMH,OH,AGL,CE,Combined TRACON& Tower with Radar,117,79,18,0,214,0,3,2,1,6,117,82,20,1,220,0,0,0,220
02/17/2013,CMH,OH,AGL,CE,Combined TRACON& Tower with Radar,147,82,30,0,259,0,0,9,1,10,147,82,39,1,269,0,0,0,269
02/18/2013,CMH,OH,AGL,CE,Combined TRACON& Tower with Radar,165,119,55,0,339,0,0,11,0,11,165,119,66,0,350,24,0,24,374
02/19/2013,CMH,OH,AGL,CE,Combined TRACON& Tower with Radar,174,130,63,3,370,0,2,0,0,2,174,132,63,3,372,0,0,0,372
02/20/2013,CMH,OH,AGL,CE,Combined TRACON& Tower with Radar,170,131,66,2,369,0,2,1,1,4,170,133,67,3,373,0,0,0,373
02/21/2013,CMH,OH,AGL,CE,Combined TRACON& Tower with Radar,167,162,55,0,384,0,1,11,1,13,167,163,66,1,397,0,0,0,397
02/22/2013,CMH,OH,AGL,CE,Combined TRACON& Tower with Radar,165,130,33,0,328,0,0,6,0,6,165,130,39,0,334,0,0,0,334
02/23/2013,CMH,OH,AGL,CE,Combined TRACON& Tower with Radar,126,87,18,2,233,0,2,14,0,16,126,89,32,2,249,32,0,32,281
02/24/2013,CMH,OH,AGL,CE,Combined TRACON& Tower with Radar,152,112,34,0,298,0,0,17,0,17,152,112,51,0,315,0,0,0,315
02/25/2013,CMH,OH,AGL,CE,Combined TRACON& Tower with Radar,171,127,60,1,359,0,1,30,1,32,171,128,90,2,391,0,0,0,391
02/26/2013,CMH,OH,AGL,CE,Combined TRACON& Tower with Radar,171,119,60,7,357,0,1,1,1,3,171,120,61,8,360,0,0,0,360
02/27/2013,CMH,OH,AGL,CE,Combined TRACON& Tower with Radar,170,128,65,0,363,0,0,2,1,3,170,128,67,1,366,0,0,0,366
02/28/2013,CMH,OH,AGL,CE,Combined TRACON& Tower with Radar,173,151,75,0,399,0,0,0,0,0,173,151,75,0,399,0,0,0,399
03/01/2013,CMH,OH,AGL,CE,Combined TRACON& Tower with Radar,171,130,57,0,358,0,2,2,0,4,171,132,59,0,362,0,0,0,362
03/02/2013,CMH,OH,AGL,CE,Combined TRACON& Tower with Radar,136,111,11,0,258,0,2,2,0,4,136,113,13,0,262,0,0,0,262
03/03/2013,CMH,OH,AGL,CE,Combined TRACON& Tower with Radar,158,114,30,0,302,0,2,8,0,10,158,116,38,0,312,0,0,0,312
03/04/2013,CMH,OH,AGL,CE,Combined TRACON& Tower with Radar,177,139,60,0,376,0,2,21,0,23,177,141,81,0,399,0,0,0,399
03/05/2013,CMH,OH,AGL,CE,Combined TRACON& Tower with Radar,152,127,36,2,317,0,2,2,0,4,152,129,38,2,321,0,0,0,321
03/06/2013,CMH,OH,AGL,CE,Combined TRACON& Tower with Radar,151,132,61,0,344,0,0,4,2,6,151,132,65,2,350,0,0,0,350
03/07/2013,CMH,OH,AGL,CE,Combined TRACON& Tower with Radar,165,140,67,0,372,0,3,11,1,15,165,143,78,1,387,0,0,0,387
03/08/2013,CMH,OH,AGL,CE,Combined TRACON& Tower with Radar,164,120,48,0,332,0,4,16,0,20,164,124,64,0,352,0,0,0,352
03/09/2013,CMH,OH,AGL,CE,Combined TRACON& Tower with Radar,146,97,32,0,275,0,2,24,0,26,146,99,56,0,301,16,0,16,317
03/10/2013,CMH,OH,AGL,CE,Combined TRACON& Tower with Radar,154,116,36,0,306,0,0,14,0,14,154,116,50,0,320,0,0,0,320
03/11/2013,CMH,OH,AGL,CE,Combined TRACON& Tower with Radar,171,135,55,5,366,0,0,8,0,8,171,135,63,5,374,0,0,0,374
03/12/2013,CMH,OH,AGL,CE,Combined TRACON& Tower with Radar,172,159,45,0,376,0,1,2,1,4,172,160,47,1,380,0,0,0,380
03/13/2013,CMH,OH,AGL,CE,Combined TRACON& Tower with Radar,179,136,82,8,405,0,1,2,0,3,179,137,84,8,408,0,0,0,408
03/14/2013,CMH,OH,AGL,CE,Combined TRACON& Tower with Radar,174,137,56,0,367,0,7,19,2,28,174,144,75,2,395,12,0,12,407
03/15/2013,CMH,OH,AGL,CE,Combined TRACON& Tower with Radar,174,132,39,2,347,0,1,16,2,19,174,133,55,4,366,12,0,12,378
03/16/2013,CMH,OH,AGL,CE,Combined TRACON& Tower with Radar,147,99,18,0,264,0,0,17,0,17,147,99,35,0,281,10,0,10,291
03/17/2013,CMH,OH,AGL,CE,Combined TRACON& Tower with Radar,160,111,20,0,291,0,6,38,0,44,160,117,58,0,335,32,0,32,367
03/18/2013,CMH,OH,AGL,CE,Combined TRACON& Tower with Radar,162,136,55,0,353,0,0,0,0,0,162,136,55,0,353,0,0,0,353
03/19/2013,CMH,OH,AGL,CE,Combined TRACON& Tower with Radar,177,153,59,6,395,0,2,11,2,15,177,155,70,8,410,36,0,36,446
03/20/2013,CMH,OH,AGL,CE,Combined TRACON& Tower with Radar,170,145,65,0,380,0,1,18,0,19,170,146,83,0,399,0,0,0,399
03/21/2013,CMH,OH,AGL,CE,Combined TRACON& Tower with Radar,177,144,43,0,364,0,3,14,2,19,177,147,57,2,383,14,0,14,397
03/22/2013,CMH,OH,AGL,CE,Combined TRACON& Tower with Radar,175,130,63,0,368,0,0,33,1,34,175,130,96,1,402,20,0,20,422
03/23/2013,CMH,OH,AGL,CE,Combined TRACON& Tower with Radar,145,92,32,0,269,0,0,30,1,31,145,92,62,1,300,23,0,23,323
03/24/2013,CMH,OH,AGL,CE,Combined TRACON& Tower with Radar,150,112,16,0,278,0,1,1,0,2,150,113,17,0,280,0,0,0,280
03/25/2013,CMH,OH,AGL,CE,Combined TRACON& Tower with Radar,164,128,28,0,320,0,0,0,0,0,164,128,28,0,320,0,0,0,320
03/26/2013,CMH,OH,AGL,CE,Combined TRACON& Tower with Radar,183,144,38,0,365,0,0,6,0,6,183,144,44,0,371,0,0,0,371
03/27/2013,CMH,OH,AGL,CE,Combined TRACON& Tower with Radar,166,132,37,0,335,0,3,5,0,8,166,135,42,0,343,0,0,0,343
03/28/2013,CMH,OH,AGL,CE,Combined TRACON& Tower with Radar,172,127,38,0,337,0,2,17,1,20,172,129,55,1,357,14,0,14,371
03/29/2013,CMH,OH,AGL,CE,Combined TRACON& Tower with Radar,167,129,11,0,307,0,2,26,1,29,167,131,37,1,336,32,0,32,368
03/30/2013,CMH,OH,AGL,CE,Combined TRACON& Tower with Radar,147,93,28,0,268,0,3,26,1,30,147,96,54,1,298,35,0,35,333
03/31/2013,CMH,OH,AGL,CE,Combined TRACON& Tower with Radar,163,104,19,0,286,0,1,0,0,1,163,105,19,0,287,0,0,0,287
04/01/2013,CMH,OH,AGL,CE,Combined TRACON& Tower with Radar,171,128,44,0,343,0,0,13,0,13,171,128,57,0,356,0,0,0,356
04/02/2013,CMH,OH,AGL,CE,Combined TRACON& Tower with Radar,174,140,46,4,364,0,1,22,0,23,174,141,68,4,387,0,0,0,387
04/03/2013,CMH,OH,AGL,CE,Combined TRACON& Tower with Radar,168,140,38,0,346,0,5,21,0,26,168,145,59,0,372,0,0,0,372
04/04/2013,CMH,OH,AGL,CE,Combined TRACON& Tower with Radar,177,139,71,0,387,0,3,36,1,40,177,142,107,1,427,14,0,14,441
04/05/2013,CMH,OH,AGL,CE,Combined TRACON& Tower with Radar,177,138,43,0,358,0,3,67,3,73,177,141,110,3,431,64,0,64,495
04/06/2013,CMH,OH,AGL,CE,Combined TRACON& Tower with Radar,143,103,19,0,265,0,2,16,0,18,143,105,35,0,283,14,0,14,297
04/07/2013,CMH,OH,AGL,CE,Combined TRACON& Tower with Radar,161,117,22,0,300,0,7,40,0,47,161,124,62,0,347,23,0,23,370
04/08/2013,CMH,OH,AGL,CE,Combined TRACON& Tower with Radar,174,140,61,2,377,0,0,5,0,5,174,140,66,2,382,0,0,0,382
04/09/2013,CMH,OH,AGL,CE,Combined TRACON& Tower with Radar,164,144,58,0,366,0,2,11,1,14,164,146,69,1,380,23,0,23,403
04/10/2013,CMH,OH,AGL,CE,Combined TRACON& Tower with Radar,160,119,58,0,337,0,6,5,0,11,160,125,63,0,348,0,0,0,348
04/11/2013,CMH,OH,AGL,CE,Combined TRACON& Tower with Radar,164,138,48,0,350,0,1,4,0,5,164,139,52,0,355,0,0,0,355
04/12/2013,CMH,OH,AGL,CE,Combined TRACON& Tower with Radar,167,161,50,0,378,0,0,4,0,4,167,161,54,0,382,10,0,10,392
04/13/2013,CMH,OH,AGL,CE,Combined TRACON& Tower with Radar,143,100,15,0,258,0,3,17,0,20,143,103,32,0,278,33,0,33,311
04/14/2013,CMH,OH,AGL,CE,Combined TRACON& Tower with Radar,146,136,26,2,310,0,2,48,0,50,146,138,74,2,360,33,0,33,393
04/15/2013,CMH,OH,AGL,CE,Combined TRACON& Tower with Radar,158,143,59,6,366,0,1,9,0,10,158,144,68,6,376,0,0,0,376
04/16/2013,CMH,OH,AGL,CE,Combined TRACON& Tower with Radar,153,133,85,4,375,0,2,18,0,20,153,135,103,4,395,31,0,31,426
04/17/2013,CMH,OH,AGL,CE,Combined TRACON& Tower with Radar,158,127,77,3,365,0,0,6,0,6,158,127,83,3,371,0,0,0,371
04/18/2013,CMH,OH,AGL,CE,Combined TRACON& Tower with Radar,149,138,79,2,368,0,4,8,1,13,149,142,87,3,381,8,0,8,389
04/19/2013,CMH,OH,AGL,CE,Combined TRACON& Tower with Radar,154,131,27,12,324,0,4,13,1,18,154,135,40,13,342,33,0,33,375
04/20/2013,CMH,OH,AGL,CE,Combined TRACON& Tower with Radar,126,102,14,0,242,0,2,12,2,16,126,104,26,2,258,10,0,10,268
04/21/2013,CMH,OH,AGL,CE,Combined TRACON& Tower with Radar,146,134,23,0,303,0,0,21,0,21,146,134,44,0,324,0,0,0,324
04/22/2013,CMH,OH,AGL,CE,Combined TRACON& Tower with Radar,159,148,70,2,379,0,0,50,0,50,159,148,120,2,429,23,0,23,452
04/23/2013,CMH,OH,AGL,CE,Combined TRACON& Tower with Radar,160,142,62,2,366,0,2,34,0,36,160,144,96,2,402,21,0,21,423
04/24/2013,CMH,OH,AGL,CE,Combined TRACON& Tower with Radar,156,142,60,2,360,0,1,3,0,4,156,143,63,2,364,0,0,0,364
04/25/2013,CMH,OH,AGL,CE,Combined TRACON& Tower with Radar,164,163,54,0,381,0,0,17,0,17,164,163,71,0,398,12,0,12,410
04/26/2013,CMH,OH,AGL,CE,Combined TRACON& Tower with Radar,165,147,59,1,372,0,0,62,2,64,165,147,121,3,436,23,0,23,459
04/27/2013,CMH,OH,AGL,CE,Combined TRACON& Tower with Radar,125,91,29,1,246,0,2,55,1,58,125,93,84,2,304,31,0,31,335
04/28/2013,CMH,OH,AGL,CE,Combined TRACON& Tower with Radar,149,122,36,0,307,0,0,1,0,1,149,122,37,0,308,0,0,0,308
04/29/2013,CMH,OH,AGL,CE,Combined TRACON& Tower with Radar,159,152,57,4,372,0,0,3,0,3,159,152,60,4,375,0,0,0,375
04/30/2013,CMH,OH,AGL,CE,Combined TRACON& Tower with Radar,156,147,49,0,352,0,2,14,0,16,156,149,63,0,368,16,0,16,384
05/01/2013,CMH,OH,AGL,CE,Combined TRACON& Tower with Radar,160,143,37,0,340,0,5,16,0,21,160,148,53,0,361,0,0,0,361
05/02/2013,CMH,OH,AGL,CE,Combined TRACON& Tower with Radar,164,139,58,2,363,0,5,16,2,23,164,144,74,4,386,0,0,0,386
05/03/2013,CMH,OH,AGL,CE,Combined TRACON& Tower with Radar,166,131,39,0,336,0,2,18,0,20,166,133,57,0,356,0,0,0,356
05/04/2013,CMH,OH,AGL,CE,Combined TRACON& Tower with Radar,119,88,23,0,230,0,0,47,0,47,119,88,70,0,277,26,0,26,303
05/05/2013,CMH,OH,AGL,CE,Combined TRACON& Tower with Radar,153,138,15,1,307,0,0,15,0,15,153,138,30,1,322,0,0,0,322
05/06/2013,CMH,OH,AGL,CE,Combined TRACON& Tower with Radar,170,137,49,1,357,0,2,13,2,17,170,139,62,3,374,0,0,0,374
05/07/2013,CMH,OH,AGL,CE,Combined TRACON& Tower with Radar,168,141,56,2,367,0,0,13,0,13,168,141,69,2,380,0,0,0,380
05/08/2013,CMH,OH,AGL,CE,Combined TRACON& Tower with Radar,167,127,75,2,371,0,5,10,0,15,167,132,85,2,386,0,0,0,386
05/09/2013,CMH,OH,AGL,CE,Combined TRACON& Tower with Radar,179,146,53,2,380,0,1,11,0,12,179,147,64,2,392,0,0,0,392
05/10/2013,CMH,OH,AGL,CE,Combined TRACON& Tower with Radar,160,134,56,0,350,0,1,5,0,6,160,135,61,0,356,0,0,0,356
05/11/2013,CMH,OH,AGL,CE,Combined TRACON& Tower with Radar,122,101,15,0,238,0,0,23,0,23,122,101,38,0,261,33,0,33,294
05/12/2013,CMH,OH,AGL,CE,Combined TRACON& Tower with Radar,148,128,20,0,296,0,0,12,0,12,148,128,32,0,308,0,0,0,308
05/13/2013,CMH,OH,AGL,CE,Combined TRACON& Tower with Radar,167,145,49,4,365,0,2,22,0,24,167,147,71,4,389,0,0,0,389
05/14/2013,CMH,OH,AGL,CE,Combined TRACON& Tower with Radar,168,144,72,0,384,0,2,30,0,32,168,146,102,0,416,0,0,0,416
05/15/2013,CMH,OH,AGL,CE,Combined TRACON& Tower with Radar,163,143,69,0,375,0,1,17,0,18,163,144,86,0,393,0,0,0,393
05/16/2013,CMH,OH,AGL,CE,Combined TRACON& Tower with Radar,170,136,75,2,383,0,0,8,0,8,170,136,83,2,391,0,0,0,391
05/17/2013,CMH,OH,AGL,CE,Combined TRACON& Tower with Radar,172,147,57,0,376,0,0,18,0,18,172,147,75,0,394,16,0,16,410
05/18/2013,CMH,OH,AGL,CE,Combined TRACON& Tower with Radar,122,97,18,0,237,0,2,14,0,16,122,99,32,0,253,0,0,0,253
05/19/2013,CMH,OH,AGL,CE,Combined TRACON& Tower with Radar,148,130,32,0,310,0,0,9,0,9,148,130,41,0,319,0,0,0,319
05/20/2013,CMH,OH,AGL,CE,Combined TRACON& Tower with Radar,173,141,54,2,370,0,1,11,0,12,173,142,65,2,382,0,0,0,382
05/21/2013,CMH,OH,AGL,CE,Combined TRACON& Tower with Radar,168,142,58,0,368,0,0,15,0,15,168,142,73,0,383,0,0,0,383
05/22/2013,CMH,OH,AGL,CE,Combined TRACON& Tower with Radar,158,137,66,0,361,0,4,9,0,13,158,141,75,0,374,0,0,0,374
05/23/2013,CMH,OH,AGL,CE,Combined TRACON& Tower with Radar,171,135,75,0,381,0,0,10,0,10,171,135,85,0,391,0,0,0,391
05/24/2013,CMH,OH,AGL,CE,Combined TRACON& Tower with Radar,179,151,59,2,391,0,0,15,1,16,179,151,74,3,407,0,0,0,407
05/25/2013,CMH,OH,AGL,CE,Combined TRACON& Tower with Radar,108,91,12,0,211,0,0,28,0,28,108,91,40,0,239,0,0,0,239
05/26/2013,CMH,OH,AGL,CE,Combined TRACON& Tower with Radar,124,86,13,0,223,0,3,14,3,20,124,89,27,3,243,0,0,0,243
05/27/2013,CMH,OH,AGL,CE,Combined TRACON& Tower with Radar,152,131,21,0,304,0,2,8,0,10,152,133,29,0,314,0,0,0,314
05/28/2013,CMH,OH,AGL,CE,Combined TRACON& Tower with Radar,166,144,65,1,376,0,0,17,2,19,166,144,82,3,395,0,0,0,395
05/29/2013,CMH,OH,AGL,CE,Combined TRACON& Tower with Radar,167,160,61,2,390,0,2,14,0,16,167,162,75,2,406,0,0,0,406
05/30/2013,CMH,OH,AGL,CE,Combined TRACON& Tower with Radar,163,153,54,0,370,0,5,28,2,35,163,158,82,2,405,0,0,0,405
05/31/2013,CMH,OH,AGL,CE,Combined TRACON& Tower with Radar,169,145,52,3,369,0,0,13,0,13,169,145,65,3,382,0,0,0,382
06/01/2013,CMH,OH,AGL,CE,Combined TRACON& Tower with Radar,126,93,12,0,231,0,2,7,0,9,126,95,19,0,240,0,0,0,240
06/02/2013,CMH,OH,AGL,CE,Combined TRACON& Tower with Radar,155,119,36,1,311,0,0,11,0,11,155,119,47,1,322,0,0,0,322
06/03/2013,CMH,OH,AGL,CE,Combined TRACON& Tower with Radar,179,146,60,2,387,0,1,19,0,20,179,147,79,2,407,0,0,0,407
06/04/2013,CMH,OH,AGL,CE,Combined TRACON& Tower with Radar,169,139,53,0,361,0,5,33,0,38,169,144,86,0,399,0,0,0,399
06/05/2013,CMH,OH,AGL,CE,Combined TRACON& Tower with Radar,165,147,69,0,381,0,4,59,0,63,165,151,128,0,444,0,0,0,444
06/06/2013,CMH,OH,AGL,CE,Combined TRACON& Tower with Radar,170,144,69,0,383,0,0,1,0,1,170,144,70,0,384,0,0,0,384
06/07/2013,CMH,OH,AGL,CE,Combined TRACON& Tower with Radar,164,143,51,2,360,0,2,21,0,23,164,145,72,2,383,0,0,0,383
06/08/2013,CMH,OH,AGL,CE,Combined TRACON& Tower with Radar,140,107,22,0,269,0,3,16,2,21,140,110,38,2,290,0,0,0,290
06/09/2013,CMH,OH,AGL,CE,Combined TRACON& Tower with Radar,159,118,34,0,311,0,1,19,1,21,159,119,53,1,332,0,0,0,332
06/10/2013,CMH,OH,AGL,CE,Combined TRACON& Tower with Radar,173,140,79,0,392,0,0,9,0,9,173,140,88,0,401,0,0,0,401
06/11/2013,CMH,OH,AGL,CE,Combined TRACON& Tower with Radar,180,143,92,0,415,0,0,29,0,29,180,143,121,0,444,0,0,0,444
06/12/2013,CMH,OH,AGL,CE,Combined TRACON& Tower with Radar,187,136,67,2,392,0,3,34,0,37,187,139,101,2,429,0,0,0,429
06/13/2013,CMH,OH,AGL,CE,Combined TRACON& Tower with Radar,157,136,54,0,347,0,0,12,1,13,157,136,66,1,360,0,0,0,360
06/14/2013,CMH,OH,AGL,CE,Combined TRACON& Tower with Radar,189,131,33,0,353,0,0,20,0,20,189,131,53,0,373,0,0,0,373
06/15/2013,CMH,OH,AGL,CE,Combined TRACON& Tower with Radar,150,107,29,2,288,0,0,16,0,16,150,107,45,2,304,0,0,0,304
06/16/2013,CMH,OH,AGL,CE,Combined TRACON& Tower with Radar,170,120,27,0,317,0,2,7,0,9,170,122,34,0,326,0,0,0,326
06/17/2013,CMH,OH,AGL,CE,Combined TRACON& Tower with Radar,174,134,53,0,361,0,0,6,0,6,174,134,59,0,367,0,0,0,367
06/18/2013,CMH,OH,AGL,CE,Combined TRACON& Tower with Radar,185,129,54,0,368,0,1,12,0,13,185,130,66,0,381,0,0,0,381
06/19/2013,CMH,OH,AGL,CE,Combined TRACON& Tower with Radar,189,149,60,5,403,0,0,22,0,22,189,149,82,5,425,0,0,0,425
06/20/2013,CMH,OH,AGL,CE,Combined TRACON& Tower with Radar,181,146,83,0,410,0,1,34,0,35,181,147,117,0,445,0,0,0,445
06/21/2013,CMH,OH,AGL,CE,Combined TRACON& Tower with Radar,180,134,31,0,345,0,0,30,0,30,180,134,61,0,375,0,0,0,375
06/22/2013,CMH,OH,AGL,CE,Combined TRACON& Tower with Radar,150,103,24,2,279,0,1,17,0,18,150,104,41,2,297,0,0,0,297
06/23/2013,CMH,OH,AGL,CE,Combined TRACON& Tower with Radar,243,169,50,0,462,0,0,9,0,9,243,169,59,0,471,0,0,0,471
06/24/2013,CMH,OH,AGL,CE,Combined TRACON& Tower with Radar,176,135,55,0,366,0,0,20,0,20,176,135,75,0,386,0,0,0,386
06/25/2013,CMH,OH,AGL,CE,Combined TRACON& Tower with Radar,186,146,63,0,395,0,1,9,0,10,186,147,72,0,405,0,0,0,405
06/26/2013,CMH,OH,AGL,CE,Combined TRACON& Tower with Radar,177,156,57,0,390,0,0,8,0,8,177,156,65,0,398,0,0,0,398
06/27/2013,CMH,OH,AGL,CE,Combined TRACON& Tower with Radar,181,120,57,0,358,0,0,9,0,9,181,120,66,0,367,0,0,0,367
06/28/2013,CMH,OH,AGL,CE,Combined TRACON& Tower with Radar,168,133,66,2,369,0,3,11,0,14,168,136,77,2,383,0,0,0,383
06/29/2013,CMH,OH,AGL,CE,Combined TRACON& Tower with Radar,151,106,22,0,279,0,1,12,0,13,151,107,34,0,292,0,0,0,292
06/30/2013,CMH,OH,AGL,CE,Combined TRACON& Tower with Radar,159,105,27,1,292,0,1,3,1,5,159,106,30,2,297,0,0,0,297
07/01/2013,CMH,OH,AGL,CE,Combined TRACON& Tower with Radar,171,109,41,2,323,0,0,7,0,7,171,109,48,2,330,0,0,0,330
07/02/2013,CMH,OH,AGL,CE,Combined TRACON& Tower with Radar,178,118,40,3,339,0,1,5,1,7,178,119,45,4,346,0,0,0,346
07/03/2013,CMH,OH,AGL,CE,Combined TRACON& Tower with Radar,180,111,32,0,323,0,0,20,1,21,180,111,52,1,344,0,0,0,344
07/04/2013,CMH,OH,AGL,CE,Combined TRACON& Tower with Radar,129,75,16,0,220,0,0,8,0,8,129,75,24,0,228,0,0,0,228
07/05/2013,CMH,OH,AGL,CE,Combined TRACON& Tower with Radar,141,88,7,0,236,0,0,0,0,0,141,88,7,0,236,0,0,0,236
07/06/2013,CMH,OH,AGL,CE,Combined TRACON& Tower with Radar,146,111,12,0,269,0,0,2,0,2,146,111,14,0,271,0,0,0,271
07/07/2013,CMH,OH,AGL,CE,Combined TRACON& Tower with Radar,158,130,41,0,329,0,0,5,0,5,158,130,46,0,334,0,0,0,334
07/08/2013,CMH,OH,AGL,CE,Combined TRACON& Tower with Radar,181,133,58,0,372,0,0,5,0,5,181,133,63,0,377,0,0,0,377
07/09/2013,CMH,OH,AGL,CE,Combined TRACON& Tower with Radar,183,140,56,0,379,0,2,5,0,7,183,142,61,0,386,0,0,0,386
07/10/2013,CMH,OH,AGL,CE,Combined TRACON& Tower with Radar,164,126,63,0,353,0,1,15,0,16,164,127,78,0,369,0,0,0,369
07/11/2013,CMH,OH,AGL,CE,Combined TRACON& Tower with Radar,186,133,50,2,371,0,0,29,0,29,186,133,79,2,400,0,0,0,400
07/12/2013,CMH,OH,AGL,CE,Combined TRACON& Tower with Radar,180,124,45,9,358,0,6,24,1,31,180,130,69,10,389,0,0,0,389
07/13/2013,CMH,OH,AGL,CE,Combined TRACON& Tower with Radar,152,108,27,7,294,0,2,24,3,29,152,110,51,10,323,0,0,0,323
07/14/2013,CMH,OH,AGL,CE,Combined TRACON& Tower with Radar,174,128,27,6,335,0,0,22,0,22,174,128,49,6,357,0,0,0,357
07/15/2013,CMH,OH,AGL,CE,Combined TRACON& Tower with Radar,179,143,56,0,378,0,0,13,0,13,179,143,69,0,391,0,0,0,391
07/16/2013,CMH,OH,AGL,CE,Combined TRACON& Tower with Radar,187,128,70,2,387,0,3,25,1,29,187,131,95,3,416,0,0,0,416
07/17/2013,CMH,OH,AGL,CE,Combined TRACON& Tower with Radar,178,140,64,3,385,0,6,23,0,29,178,146,87,3,414,0,0,0,414
07/18/2013,CMH,OH,AGL,CE,Combined TRACON& Tower with Radar,185,134,52,2,373,0,3,20,0,23,185,137,72,2,396,0,0,0,396
07/19/2013,CMH,OH,AGL,CE,Combined TRACON& Tower with Radar,175,133,53,2,363,0,2,20,2,24,175,135,73,4,387,0,0,0,387
07/20/2013,CMH,OH,AGL,CE,Combined TRACON& Tower with Radar,159,104,13,4,280,0,1,2,0,3,159,105,15,4,283,0,0,0,283
07/21/2013,CMH,OH,AGL,CE,Combined TRACON& Tower with Radar,168,131,46,0,345,0,1,12,4,17,168,132,58,4,362,0,0,0,362
07/22/2013,CMH,OH,AGL,CE,Combined TRACON& Tower with Radar,176,131,51,0,358,0,0,1,0,1,176,131,52,0,359,0,0,0,359
07/23/2013,CMH,OH,AGL,CE,Combined TRACON& Tower with Radar,183,133,47,0,363,0,0,6,0,6,183,133,53,0,369,0,0,0,369
07/24/2013,CMH,OH,AGL,CE,Combined TRACON& Tower with Radar,185,135,51,1,372,0,0,16,0,16,185,135,67,1,388,0,0,0,388
07/25/2013,CMH,OH,AGL,CE,Combined TRACON& Tower with Radar,183,138,47,0,368,0,5,34,4,43,183,143,81,4,411,0,0,0,411
07/26/2013,CMH,OH,AGL,CE,Combined TRACON& Tower with Radar,183,139,53,1,376,0,0,10,1,11,183,139,63,2,387,0,0,0,387
07/27/2013,CMH,OH,AGL,CE,Combined TRACON& Tower with Radar,143,103,19,0,265,0,3,5,0,8,143,106,24,0,273,0,0,0,273
07/28/2013,CMH,OH,AGL,CE,Combined TRACON& Tower with Radar,165,118,35,0,318,0,0,7,0,7,165,118,42,0,325,0,0,0,325
07/29/2013,CMH,OH,AGL,CE,Combined TRACON& Tower with Radar,187,133,68,2,390,0,3,15,0,18,187,136,83,2,408,0,0,0,408
07/30/2013,CMH,OH,AGL,CE,Combined TRACON& Tower with Radar,187,129,72,0,388,0,2,23,0,25,187,131,95,0,413,0,0,0,413
07/31/2013,CMH,OH,AGL,CE,Combined TRACON& Tower with Radar,184,118,54,2,358,0,5,5,0,10,184,123,59,2,368,0,0,0,368
08/01/2013,CMH,OH,AGL,CE,Combined TRACON& Tower with Radar,186,132,54,2,374,0,2,18,0,20,186,134,72,2,394,0,0,0,394
08/02/2013,CMH,OH,AGL,CE,Combined TRACON& Tower with Radar,185,123,47,1,356,0,2,21,3,26,185,125,68,4,382,0,0,0,382
08/03/2013,CMH,OH,AGL,CE,Combined TRACON& Tower with Radar,147,108,23,1,279,0,0,10,0,10,147,108,33,1,289,0,0,0,289
08/04/2013,CMH,OH,AGL,CE,Combined TRACON& Tower with Radar,168,139,19,0,326,0,3,19,0,22,168,142,38,0,348,0,0,0,348
08/05/2013,CMH,OH,AGL,CE,Combined TRACON& Tower with Radar,183,131,57,0,371,0,1,21,0,22,183,132,78,0,393,0,0,0,393
08/06/2013,CMH,OH,AGL,CE,Combined TRACON& Tower with Radar,181,132,51,0,364,0,1,8,0,9,181,133,59,0,373,0,0,0,373
08/07/2013,CMH,OH,AGL,CE,Combined TRACON& Tower with Radar,175,137,45,0,357,0,3,12,0,15,175,140,57,0,372,0,0,0,372
08/08/2013,CMH,OH,AGL,CE,Combined TRACON& Tower with Radar,184,123,47,0,354,0,0,3,0,3,184,123,50,0,357,0,0,0,357
08/09/2013,CMH,OH,AGL,CE,Combined TRACON& Tower with Radar,184,130,59,4,377,0,0,13,0,13,184,130,72,4,390,0,0,0,390
08/10/2013,CMH,OH,AGL,CE,Combined TRACON& Tower with Radar,148,107,9,2,266,0,10,12,1,23,148,117,21,3,289,0,0,0,289
08/11/2013,CMH,OH,AGL,CE,Combined TRACON& Tower with Radar,155,130,25,0,310,0,3,8,0,11,155,133,33,0,321,0,0,0,321
08/12/2013,CMH,OH,AGL,CE,Combined TRACON& Tower with Radar,166,131,49,2,348,0,2,13,0,15,166,133,62,2,363,0,0,0,363
08/13/2013,CMH,OH,AGL,CE,Combined TRACON& Tower with Radar,164,138,56,0,358,0,0,17,0,17,164,138,73,0,375,0,0,0,375
08/14/2013,CMH,OH,AGL,CE,Combined TRACON& Tower with Radar,163,142,67,1,373,0,4,27,2,33,163,146,94,3,406,0,0,0,406
08/15/2013,CMH,OH,AGL,CE,Combined TRACON& Tower with Radar,165,135,61,0,361,0,1,24,0,25,165,136,85,0,386,0,0,0,386
08/16/2013,CMH,OH,AGL,CE,Combined TRACON& Tower with Radar,165,135,38,2,340,0,5,25,3,33,165,140,63,5,373,0,0,0,373
08/17/2013,CMH,OH,AGL,CE,Combined TRACON& Tower with Radar,127,100,19,0,246,0,6,14,1,21,127,106,33,1,267,0,0,0,267
08/18/2013,CMH,OH,AGL,CE,Combined TRACON& Tower with Radar,156,115,33,0,304,0,1,14,0,15,156,116,47,0,319,0,0,0,319
08/19/2013,CMH,OH,AGL,CE,Combined TRACON& Tower with Radar,165,155,63,0,383,0,5,11,0,16,165,160,74,0,399,0,0,0,399
08/20/2013,CMH,OH,AGL,CE,Combined TRACON& Tower with Radar,166,136,50,4,356,0,1,24,0,25,166,137,74,4,381,0,0,0,381
08/21/2013,CMH,OH,AGL,CE,Combined TRACON& Tower with Radar,159,139,68,2,368,0,2,14,0,16,159,141,82,2,384,0,0,0,384
08/22/2013,CMH,OH,AGL,CE,Combined TRACON& Tower with Radar,161,134,60,1,356,0,2,17,0,19,161,136,77,1,375,0,0,0,375
08/23/2013,CMH,OH,AGL,CE,Combined TRACON& Tower with Radar,164,131,52,5,352,0,0,17,0,17,164,131,69,5,369,0,0,0,369
08/24/2013,CMH,OH,AGL,CE,Combined TRACON& Tower with Radar,112,108,28,2,250,0,2,31,0,33,112,110,59,2,283,0,0,0,283
08/25/2013,CMH,OH,AGL,CE,Combined TRACON& Tower with Radar,152,115,33,2,302,0,0,16,0,16,152,115,49,2,318,0,0,0,318
08/26/2013,CMH,OH,AGL,CE,Combined TRACON& Tower with Radar,162,140,54,2,358,0,2,15,0,17,162,142,69,2,375,0,0,0,375
08/27/2013,CMH,OH,AGL,CE,Combined TRACON& Tower with Radar,159,135,41,0,335,0,0,15,0,15,159,135,56,0,350,0,0,0,350
08/28/2013,CMH,OH,AGL,CE,Combined TRACON& Tower with Radar,159,141,65,0,365,0,3,3,0,6,159,144,68,0,371,0,0,0,371
08/29/2013,CMH,OH,AGL,CE,Combined TRACON& Tower with Radar,162,154,65,2,383,0,2,11,4,17,162,156,76,6,400,0,0,0,400
08/30/2013,CMH,OH,AGL,CE,Combined TRACON& Tower with Radar,161,152,37,0,350,0,0,9,1,10,161,152,46,1,360,0,0,0,360
08/31/2013,CMH,OH,AGL,CE,Combined TRACON& Tower with Radar,108,96,16,0,220,0,0,6,0,6,108,96,22,0,226,0,0,0,226
09/01/2013,CMH,OH,AGL,CE,Combined TRACON& Tower with Radar,113,75,22,0,210,0,4,13,0,17,113,79,35,0,227,0,0,0,227
09/02/2013,CMH,OH,AGL,CE,Combined TRACON& Tower with Radar,139,102,14,0,255,0,0,4,1,5,139,102,18,1,260,0,0,0,260
09/03/2013,CMH,OH,AGL,CE,Combined TRACON& Tower with Radar,164,140,40,0,344,0,0,20,2,22,164,140,60,2,366,0,0,0,366
09/04/2013,CMH,OH,AGL,CE,Combined TRACON& Tower with Radar,160,126,63,2,351,0,1,28,0,29,160,127,91,2,380,0,0,0,380
09/05/2013,CMH,OH,AGL,CE,Combined TRACON& Tower with Radar,162,131,59,1,353,0,5,27,1,33,162,136,86,2,386,0,0,0,386
09/06/2013,CMH,OH,AGL,CE,Combined TRACON& Tower with Radar,163,131,57,7,358,0,4,31,2,37,163,135,88,9,395,0,0,0,395
09/07/2013,CMH,OH,AGL,CE,Combined TRACON& Tower with Radar,112,97,18,0,227,0,3,19,0,22,112,100,37,0,249,0,0,0,249
09/08/2013,CMH,OH,AGL,CE,Combined TRACON& Tower with Radar,150,131,38,6,325,0,1,12,0,13,150,132,50,6,338,0,0,0,338
09/09/2013,CMH,OH,AGL,CE,Combined TRACON& Tower with Radar,164,136,71,2,373,0,2,17,1,20,164,138,88,3,393,0,0,0,393
09/10/2013,CMH,OH,AGL,CE,Combined TRACON& Tower with Radar,160,150,77,2,389,0,2,23,0,25,160,152,100,2,414,0,0,0,414
09/11/2013,CMH,OH,AGL,CE,Combined TRACON& Tower with Radar,159,140,63,0,362,0,3,12,0,15,159,143,75,0,377,0,0,0,377
09/12/2013,CMH,OH,AGL,CE,Combined TRACON& Tower with Radar,151,140,63,2,356,0,0,6,0,6,151,140,69,2,362,0,0,0,362
09/13/2013,CMH,OH,AGL,CE,Combined TRACON& Tower with Radar,173,137,65,3,378,0,1,19,0,20,173,138,84,3,398,0,0,0,398
09/14/2013,CMH,OH,AGL,CE,Combined TRACON& Tower with Radar,107,98,13,0,218,0,5,18,0,23,107,103,31,0,241,0,0,0,241
09/15/2013,CMH,OH,AGL,CE,Combined TRACON& Tower with Radar,155,136,30,1,322,0,3,22,0,25,155,139,52,1,347,0,0,0,347
09/16/2013,CMH,OH,AGL,CE,Combined TRACON& Tower with Radar,162,141,77,0,380,0,1,15,0,16,162,142,92,0,396,0,0,0,396
09/17/2013,CMH,OH,AGL,CE,Combined TRACON& Tower with Radar,160,140,60,2,362,0,2,21,2,25,160,142,81,4,387,0,0,0,387
09/18/2013,CMH,OH,AGL,CE,Combined TRACON& Tower with Radar,156,137,70,0,363,0,1,11,0,12,156,138,81,0,375,0,0,0,375
09/19/2013,CMH,OH,AGL,CE,Combined TRACON& Tower with Radar,159,129,82,0,370,0,0,0,0,0,159,129,82,0,370,0,0,0,370
09/20/2013,CMH,OH,AGL,CE,Combined TRACON& Tower with Radar,165,139,51,0,355,0,0,11,0,11,165,139,62,0,366,0,0,0,366
09/21/2013,CMH,OH,AGL,CE,Combined TRACON& Tower with Radar,111,107,29,0,247,0,0,4,0,4,111,107,33,0,251,0,0,0,251
09/22/2013,CMH,OH,AGL,CE,Combined TRACON& Tower with Radar,145,139,43,0,327,0,5,18,0,23,145,144,61,0,350,0,0,0,350
09/23/2013,CMH,OH,AGL,CE,Combined TRACON& Tower with Radar,165,148,69,0,382,0,1,20,0,21,165,149,89,0,403,0,0,0,403
09/24/2013,CMH,OH,AGL,CE,Combined TRACON& Tower with Radar,155,165,77,4,401,0,4,21,0,25,155,169,98,4,426,0,0,0,426
09/25/2013,CMH,OH,AGL,CE,Combined TRACON& Tower with Radar,166,133,78,6,383,0,3,26,0,29,166,136,104,6,412,0,0,0,412
09/26/2013,CMH,OH,AGL,CE,Combined TRACON& Tower with Radar,172,147,73,0,392,0,2,21,0,23,172,149,94,0,415,0,0,0,415
09/27/2013,CMH,OH,AGL,CE,Combined TRACON& Tower with Radar,167,154,56,9,386,0,4,13,7,24,167,158,69,16,410,0,0,0,410
09/28/2013,CMH,OH,AGL,CE,Combined TRACON& Tower with Radar,120,108,25,1,254,0,5,14,1,20,120,113,39,2,274,0,0,0,274
09/29/2013,CMH,OH,AGL,CE,Combined TRACON& Tower with Radar,152,127,42,7,328,0,0,16,0,16,152,127,58,7,344,0,0,0,344
09/30/2013,CMH,OH,AGL,CE,Combined TRACON& Tower with Radar,161,151,72,4,388,0,1,8,0,9,161,152,80,4,397,0,0,0,397
10/01/2013,CMH,OH,AGL,CE,Combined TRACON& Tower with Radar,162,134,61,0,357,0,0,25,1,26,162,134,86,1,383,0,0,0,383
10/02/2013,CMH,OH,AGL,CE,Combined TRACON& Tower with Radar,168,161,81,0,410,0,6,9,0,15,168,167,90,0,425,0,0,0,425
10/03/2013,CMH,OH,AGL,CE,Combined TRACON& Tower with Radar,159,157,81,0,397,0,2,8,0,10,159,159,89,0,407,0,0,0,407
10/04/2013,CMH,OH,AGL,CE,Combined TRACON& Tower with Radar,168,155,69,0,392,0,1,10,0,11,168,156,79,0,403,0,0,0,403
10/05/2013,CMH,OH,AGL,CE,Combined TRACON& Tower with Radar,127,94,21,0,242,0,2,5,0,7,127,96,26,0,249,0,0,0,249
10/06/2013,CMH,OH,AGL,CE,Combined TRACON& Tower with Radar,150,130,38,0,318,0,0,1,0,1,150,130,39,0,319,0,0,0,319
10/07/2013,CMH,OH,AGL,CE,Combined TRACON& Tower with Radar,169,143,56,0,368,0,3,11,1,15,169,146,67,1,383,0,0,0,383
10/08/2013,CMH,OH,AGL,CE,Combined TRACON& Tower with Radar,165,141,63,0,369,0,1,10,2,13,165,142,73,2,382,0,0,0,382
10/09/2013,CMH,OH,AGL,CE,Combined TRACON& Tower with Radar,160,138,60,0,358,0,4,22,1,27,160,142,82,1,385,0,0,0,385
10/10/2013,CMH,OH,AGL,CE,Combined TRACON& Tower with Radar,165,140,64,0,369,0,1,30,0,31,165,141,94,0,400,0,0,0,400
10/11/2013,CMH,OH,AGL,CE,Combined TRACON& Tower with Radar,158,141,55,2,356,0,1,14,2,17,158,142,69,4,373,0,0,0,373
10/12/2013,CMH,OH,AGL,CE,Combined TRACON& Tower with Radar,131,88,29,0,248,0,2,18,1,21,131,90,47,1,269,0,0,0,269
10/13/2013,CMH,OH,AGL,CE,Combined TRACON& Tower with Radar,155,121,25,0,301,0,3,2,0,5,155,124,27,0,306,0,0,0,306
10/14/2013,CMH,OH,AGL,CE,Combined TRACON& Tower with Radar,165,140,78,0,383,0,3,19,2,24,165,143,97,2,407,0,0,0,407
10/15/2013,CMH,OH,AGL,CE,Combined TRACON& Tower with Radar,167,143,73,2,385,0,3,7,2,12,167,146,80,4,397,0,0,0,397
10/16/2013,CMH,OH,AGL,CE,Combined TRACON& Tower with Radar,164,162,79,2,407,0,0,12,0,12,164,162,91,2,419,0,0,0,419
10/17/2013,CMH,OH,AGL,CE,Combined TRACON& Tower with Radar,162,146,52,0,360,0,0,7,0,7,162,146,59,0,367,0,0,0,367
10/18/2013,CMH,OH,AGL,CE,Combined TRACON& Tower with Radar,162,157,59,0,378,0,3,13,0,16,162,160,72,0,394,0,0,0,394
10/19/2013,CMH,OH,AGL,CE,Combined TRACON& Tower with Radar,129,102,27,0,258,0,0,9,0,9,129,102,36,0,267,0,0,0,267
10/20/2013,CMH,OH,AGL,CE,Combined TRACON& Tower with Radar,164,150,39,0,353,0,0,11,0,11,164,150,50,0,364,0,0,0,364
10/21/2013,CMH,OH,AGL,CE,Combined TRACON& Tower with Radar,170,144,85,0,399,0,5,6,0,11,170,149,91,0,410,0,0,0,410
10/22/2013,CMH,OH,AGL,CE,Combined TRACON& Tower with Radar,167,144,77,2,390,0,0,13,0,13,167,144,90,2,403,0,0,0,403
10/23/2013,CMH,OH,AGL,CE,Combined TRACON& Tower with Radar,165,138,45,0,348,0,1,5,0,6,165,139,50,0,354,0,0,0,354
10/24/2013,CMH,OH,AGL,CE,Combined TRACON& Tower with Radar,165,155,61,0,381,0,3,7,0,10,165,158,68,0,391,0,0,0,391
10/25/2013,CMH,OH,AGL,CE,Combined TRACON& Tower with Radar,168,139,66,0,373,0,0,20,1,21,168,139,86,1,394,0,0,0,394
10/26/2013,CMH,OH,AGL,CE,Combined TRACON& Tower with Radar,125,99,13,0,237,0,2,3,0,5,125,101,16,0,242,0,0,0,242
10/27/2013,CMH,OH,AGL,CE,Combined TRACON& Tower with Radar,152,133,40,1,326,0,2,30,0,32,152,135,70,1,358,0,0,0,358
10/28/2013,CMH,OH,AGL,CE,Combined TRACON& Tower with Radar,163,144,69,2,378,0,3,21,0,24,163,147,90,2,402,0,0,0,402
10/29/2013,CMH,OH,AGL,CE,Combined TRACON& Tower with Radar,164,142,100,0,406,0,4,25,0,29,164,146,125,0,435,0,0,0,435
10/30/2013,CMH,OH,AGL,CE,Combined TRACON& Tower with Radar,166,131,99,2,398,0,0,6,0,6,166,131,105,2,404,0,0,0,404
10/31/2013,CMH,OH,AGL,CE,Combined TRACON& Tower with Radar,150,142,70,0,362,0,0,0,0,0,150,142,70,0,362,0,0,0,362
11/01/2013,CMH,OH,AGL,CE,Combined TRACON& Tower with Radar,163,159,46,0,368,0,0,17,0,17,163,159,63,0,385,0,0,0,385
11/02/2013,CMH,OH,AGL,CE,Combined TRACON& Tower with Radar,131,91,25,1,248,0,1,6,0,7,131,92,31,1,255,0,0,0,255
11/03/2013,CMH,OH,AGL,CE,Combined TRACON& Tower with Radar,153,121,30,0,304,0,2,18,0,20,153,123,48,0,324,0,0,0,324
11/04/2013,CMH,OH,AGL,CE,Combined TRACON& Tower with Radar,173,152,42,1,368,0,0,16,0,16,173,152,58,1,384,0,0,0,384
11/05/2013,CMH,OH,AGL,CE,Combined TRACON& Tower with Radar,175,130,66,6,377,0,2,30,1,33,175,132,96,7,410,0,0,0,410
11/06/2013,CMH,OH,AGL,CE,Combined TRACON& Tower with Radar,174,154,70,4,402,0,1,4,2,7,174,155,74,6,409,0,0,0,409
11/07/2013,CMH,OH,AGL,CE,Combined TRACON& Tower with Radar,174,132,65,2,373,0,0,15,0,15,174,132,80,2,388,0,0,0,388
11/08/2013,CMH,OH,AGL,CE,Combined TRACON& Tower with Radar,178,155,55,0,388,0,0,16,0,16,178,155,71,0,404,0,0,0,404
11/09/2013,CMH,OH,AGL,CE,Combined TRACON& Tower with Radar,127,101,27,1,256,0,0,6,1,7,127,101,33,2,263,0,0,0,263
11/10/2013,CMH,OH,AGL,CE,Combined TRACON& Tower with Radar,163,114,30,0,307,0,3,13,0,16,163,117,43,0,323,0,0,0,323
11/11/2013,CMH,OH,AGL,CE,Combined TRACON& Tower with Radar,174,142,48,0,364,0,0,10,0,10,174,142,58,0,374,0,0,0,374
11/12/2013,CMH,OH,AGL,CE,Combined TRACON& Tower with Radar,172,146,53,1,372,0,1,12,1,14,172,147,65,2,386,0,0,0,386
11/13/2013,CMH,OH,AGL,CE,Combined TRACON& Tower with Radar,180,131,57,2,370,0,3,21,0,24,180,134,78,2,394,0,0,0,394
11/14/2013,CMH,OH,AGL,CE,Combined TRACON& Tower with Radar,179,133,70,0,382,0,0,22,0,22,179,133,92,0,404,0,0,0,404
11/15/2013,CMH,OH,AGL,CE,Combined TRACON& Tower with Radar,177,136,82,0,395,0,1,23,1,25,177,137,105,1,420,0,0,0,420
11/16/2013,CMH,OH,AGL,CE,Combined TRACON& Tower with Radar,129,93,29,0,251,0,2,13,1,16,129,95,42,1,267,0,0,0,267
11/17/2013,CMH,OH,AGL,CE,Combined TRACON& Tower with Radar,155,97,15,0,267,0,0,0,0,0,155,97,15,0,267,0,0,0,267
11/18/2013,CMH,OH,AGL,CE,Combined TRACON& Tower with Radar,179,141,73,4,397,0,0,10,0,10,179,141,83,4,407,0,0,0,407
11/19/2013,CMH,OH,AGL,CE,Combined TRACON& Tower with Radar,178,137,60,0,375,0,0,26,0,26,178,137,86,0,401,0,0,0,401
11/20/2013,CMH,OH,AGL,CE,Combined TRACON& Tower with Radar,177,140,82,0,399,0,2,27,1,30,177,142,109,1,429,0,0,0,429
11/21/2013,CMH,OH,AGL,CE,Combined TRACON& Tower with Radar,180,131,73,0,384,0,1,12,1,14,180,132,85,1,398,0,0,0,398
11/22/2013,CMH,OH,AGL,CE,Combined TRACON& Tower with Radar,180,136,55,3,374,0,0,1,0,1,180,136,56,3,375,0,0,0,375
11/23/2013,CMH,OH,AGL,CE,Combined TRACON& Tower with Radar,130,90,19,0,239,0,1,2,0,3,130,91,21,0,242,0,0,0,242
11/24/2013,CMH,OH,AGL,CE,Combined TRACON& Tower with Radar,150,116,16,1,283,0,2,12,0,14,150,118,28,1,297,0,0,0,297
11/25/2013,CMH,OH,AGL,CE,Combined TRACON& Tower with Radar,164,101,39,4,308,0,0,27,0,27,164,101,66,4,335,0,0,0,335
11/26/2013,CMH,OH,AGL,CE,Combined TRACON& Tower with Radar,188,122,37,0,347,0,0,0,0,0,188,122,37,0,347,0,0,0,347
11/27/2013,CMH,OH,AGL,CE,Combined TRACON& Tower with Radar,187,132,19,1,339,0,1,12,0,13,187,133,31,1,352,0,0,0,352
11/28/2013,CMH,OH,AGL,CE,Combined TRACON& Tower with Radar,106,72,11,1,190,0,0,5,0,5,106,72,16,1,195,0,0,0,195
11/29/2013,CMH,OH,AGL,CE,Combined TRACON& Tower with Radar,133,69,20,0,222,0,1,21,0,22,133,70,41,0,244,0,0,0,244
11/30/2013,CMH,OH,AGL,CE,Combined TRACON& Tower with Radar,168,114,19,0,301,0,2,24,0,26,168,116,43,0,327,0,0,0,327
12/01/2013,CMH,OH,AGL,CE,Combined TRACON& Tower with Radar,190,127,43,0,360,0,2,17,0,19,190,129,60,0,379,0,0,0,379
12/02/2013,CMH,OH,AGL,CE,Combined TRACON& Tower with Radar,190,130,41,0,361,0,0,4,0,4,190,130,45,0,365,0,0,0,365
12/03/2013,CMH,OH,AGL,CE,Combined TRACON& Tower with Radar,176,135,50,6,367,0,0,24,1,25,176,135,74,7,392,0,0,0,392
12/04/2013,CMH,OH,AGL,CE,Combined TRACON& Tower with Radar,176,125,53,0,354,0,5,16,1,22,176,130,69,1,376,0,0,0,376
12/05/2013,CMH,OH,AGL,CE,Combined TRACON& Tower with Radar,161,125,50,2,338,0,2,2,0,4,161,127,52,2,342,0,0,0,342
12/06/2013,CMH,OH,AGL,CE,Combined TRACON& Tower with Radar,158,115,38,0,311,0,0,0,1,1,158,115,38,1,312,0,0,0,312
12/07/2013,CMH,OH,AGL,CE,Combined TRACON& Tower with Radar,115,110,23,0,248,0,3,17,0,20,115,113,40,0,268,0,0,0,268
12/08/2013,CMH,OH,AGL,CE,Combined TRACON& Tower with Radar,142,100,28,0,270,0,1,0,0,1,142,101,28,0,271,0,0,0,271
12/09/2013,CMH,OH,AGL,CE,Combined TRACON& Tower with Radar,150,127,76,2,355,0,0,1,0,1,150,127,77,2,356,0,0,0,356
12/10/2013,CMH,OH,AGL,CE,Combined TRACON& Tower with Radar,161,132,86,6,385,0,0,8,0,8,161,132,94,6,393,0,0,0,393
12/11/2013,CMH,OH,AGL,CE,Combined TRACON& Tower with Radar,162,141,70,2,375,0,3,13,0,16,162,144,83,2,391,0,0,0,391
12/12/2013,CMH,OH,AGL,CE,Combined TRACON& Tower with Radar,173,128,69,0,370,0,3,18,0,21,173,131,87,0,391,0,0,0,391
12/13/2013,CMH,OH,AGL,CE,Combined TRACON& Tower with Radar,171,131,51,8,361,0,8,8,0,16,171,139,59,8,377,0,0,0,377
12/14/2013,CMH,OH,AGL,CE,Combined TRACON& Tower with Radar,109,83,20,0,212,0,0,0,0,0,109,83,20,0,212,0,0,0,212
12/15/2013,CMH,OH,AGL,CE,Combined TRACON& Tower with Radar,162,115,9,0,286,0,3,1,0,4,162,118,10,0,290,0,0,0,290
12/16/2013,CMH,OH,AGL,CE,Combined TRACON& Tower with Radar,164,127,66,2,359,0,0,5,0,5,164,127,71,2,364,0,0,0,364
12/17/2013,CMH,OH,AGL,CE,Combined TRACON& Tower with Radar,160,125,48,6,339,0,1,0,0,1,160,126,48,6,340,0,0,0,340
12/18/2013,CMH,OH,AGL,CE,Combined TRACON& Tower with Radar,175,136,57,0,368,0,4,21,0,25,175,140,78,0,393,0,0,0,393
12/19/2013,CMH,OH,AGL,CE,Combined TRACON& Tower with Radar,168,130,69,4,371,0,4,14,1,19,168,134,83,5,390,0,0,0,390
12/20/2013,CMH,OH,AGL,CE,Combined TRACON& Tower with Radar,171,126,50,0,347,0,1,1,1,3,171,127,51,1,350,0,0,0,350
12/21/2013,CMH,OH,AGL,CE,Combined TRACON& Tower with Radar,146,96,18,0,260,0,0,3,0,3,146,96,21,0,263,0,0,0,263
12/22/2013,CMH,OH,AGL,CE,Combined TRACON& Tower with Radar,150,104,17,0,271,0,2,0,0,2,150,106,17,0,273,0,0,0,273
12/23/2013,CMH,OH,AGL,CE,Combined TRACON& Tower with Radar,163,112,15,4,294,0,0,9,1,10,163,112,24,5,304,0,0,0,304
12/24/2013,CMH,OH,AGL,CE,Combined TRACON& Tower with Radar,125,81,7,0,213,0,5,5,0,10,125,86,12,0,223,0,0,0,223
12/25/2013,CMH,OH,AGL,CE,Combined TRACON& Tower with Radar,118,69,7,0,194,0,2,6,2,10,118,71,13,2,204,0,0,0,204
12/26/2013,CMH,OH,AGL,CE,Combined TRACON& Tower with Radar,164,117,41,0,322,0,0,6,1,7,164,117,47,1,329,0,0,0,329
12/27/2013,CMH,OH,AGL,CE,Combined TRACON& Tower with Radar,178,113,30,0,321,0,2,19,0,21,178,115,49,0,342,0,0,0,342
12/28/2013,CMH,OH,AGL,CE,Combined TRACON& Tower with Radar,141,104,18,0,263,0,1,15,0,16,141,105,33,0,279,0,0,0,279
12/29/2013,CMH,OH,AGL,CE,Combined TRACON& Tower with Radar,146,97,12,0,255,0,0,3,0,3,146,97,15,0,258,0,0,0,258
12/30/2013,CMH,OH,AGL,CE,Combined TRACON& Tower with Radar,161,104,7,0,272,0,0,2,0,2,161,104,9,0,274,0,0,0,274
12/31/2013,CMH,OH,AGL,CE,Combined TRACON& Tower with Radar,135,84,6,0,225,0,2,10,0,12,135,86,16,0,237,0,0,0,237
01/01/2014,CMH,OH,AGL,CE,Combined TRACON& Tower with Radar,135,74,6,0,215,0,9,9,0,18,135,83,15,0,233,0,0,0,233
01/02/2014,CMH,OH,AGL,CE,Combined TRACON& Tower with Radar,146,93,30,0,269,0,0,0,0,0,146,93,30,0,269,0,0,0,269
01/03/2014,CMH,OH,AGL,CE,Combined TRACON& Tower with Radar,144,89,29,1,263,0,1,5,0,6,144,90,34,1,269,0,0,0,269
01/04/2014,CMH,OH,AGL,CE,Combined TRACON& Tower with Radar,129,114,23,0,266,0,3,6,0,9,129,117,29,0,275,0,0,0,275
01/05/2014,CMH,OH,AGL,CE,Combined TRACON& Tower with Radar,130,82,22,0,234,0,2,2,0,4,130,84,24,0,238,0,0,0,238
01/06/2014,CMH,OH,AGL,CE,Combined TRACON& Tower with Radar,137,87,44,1,269,0,0,1,0,1,137,87,45,1,270,0,0,0,270
01/07/2014,CMH,OH,AGL,CE,Combined TRACON& Tower with Radar,147,84,45,0,276,0,3,11,0,14,147,87,56,0,290,0,0,0,290
01/08/2014,CMH,OH,AGL,CE,Combined TRACON& Tower with Radar,161,125,61,0,347,0,4,17,0,21,161,129,78,0,368,0,0,0,368
01/09/2014,CMH,OH,AGL,CE,Combined TRACON& Tower with Radar,159,122,51,1,333,0,1,8,0,9,159,123,59,1,342,6,0,6,348
01/10/2014,CMH,OH,AGL,CE,Combined TRACON& Tower with Radar,150,121,28,0,299,0,0,2,0,2,150,121,30,0,301,0,0,0,301
01/11/2014,CMH,OH,AGL,CE,Combined TRACON& Tower with Radar,121,84,22,1,228,0,0,0,0,0,121,84,22,1,228,0,0,0,228
01/12/2014,CMH,OH,AGL,CE,Combined TRACON& Tower with Radar,146,97,18,0,261,0,4,6,2,12,146,101,24,2,273,0,0,0,273
01/13/2014,CMH,OH,AGL,CE,Combined TRACON& Tower with Radar,163,124,47,0,334,0,2,1,0,3,163,126,48,0,337,0,0,0,337
01/14/2014,CMH,OH,AGL,CE,Combined TRACON& Tower with Radar,155,125,57,0,337,0,2,18,0,20,155,127,75,0,357,0,0,0,357
01/15/2014,CMH,OH,AGL,CE,Combined TRACON& Tower with Radar,159,119,65,0,343,0,2,11,2,15,159,121,76,2,358,0,0,0,358
01/16/2014,CMH,OH,AGL,CE,Combined TRACON& Tower with Radar,160,124,63,0,347,0,2,7,0,9,160,126,70,0,356,0,0,0,356
01/17/2014,CMH,OH,AGL,CE,Combined TRACON& Tower with Radar,162,136,50,0,348,0,0,7,0,7,162,136,57,0,355,0,0,0,355
01/18/2014,CMH,OH,AGL,CE,Combined TRACON& Tower with Radar,125,78,20,0,223,0,1,2,0,3,125,79,22,0,226,0,0,0,226
01/19/2014,CMH,OH,AGL,CE,Combined TRACON& Tower with Radar,137,94,12,0,243,0,0,5,0,5,137,94,17,0,248,0,0,0,248
01/20/2014,CMH,OH,AGL,CE,Combined TRACON& Tower with Radar,158,119,60,0,337,0,1,3,1,5,158,120,63,1,342,0,0,0,342
01/21/2014,CMH,OH,AGL,CE,Combined TRACON& Tower with Radar,132,98,49,0,279,0,0,4,0,4,132,98,53,0,283,0,0,0,283
01/22/2014,CMH,OH,AGL,CE,Combined TRACON& Tower with Radar,150,107,48,2,307,0,3,7,0,10,150,110,55,2,317,0,0,0,317
01/23/2014,CMH,OH,AGL,CE,Combined TRACON& Tower with Radar,166,128,59,0,353,0,1,3,0,4,166,129,62,0,357,0,0,0,357
01/24/2014,CMH,OH,AGL,CE,Combined TRACON& Tower with Radar,155,110,31,0,296,0,0,9,0,9,155,110,40,0,305,0,0,0,305
01/25/2014,CMH,OH,AGL,CE,Combined TRACON& Tower with Radar,126,76,9,0,211,0,0,0,0,0,126,76,9,0,211,0,0,0,211
01/26/2014,CMH,OH,AGL,CE,Combined TRACON& Tower with Radar,141,99,10,0,250,0,0,6,0,6,141,99,16,0,256,0,0,0,256
01/27/2014,CMH,OH,AGL,CE,Combined TRACON& Tower with Radar,155,109,32,0,296,0,0,5,0,5,155,109,37,0,301,0,0,0,301
01/28/2014,CMH,OH,AGL,CE,Combined TRACON& Tower with Radar,142,116,46,2,306,0,1,3,0,4,142,117,49,2,310,0,0,0,310
01/29/2014,CMH,OH,AGL,CE,Combined TRACON& Tower with Radar,147,121,62,9,339,0,3,8,1,12,147,124,70,10,351,0,0,0,351
01/30/2014,CMH,OH,AGL,CE,Combined TRACON& Tower with Radar,153,132,60,4,349,0,3,16,1,20,153,135,76,5,369,0,0,0,369
01/31/2014,CMH,OH,AGL,CE,Combined TRACON& Tower with Radar,157,133,59,0,349,0,1,4,0,5,157,134,63,0,354,0,0,0,354
02/01/2014,CMH,OH,AGL,CE,Combined TRACON& Tower with Radar,122,92,18,0,232,0,5,9,2,16,122,97,27,2,248,0,0,0,248
02/02/2014,CMH,OH,AGL,CE,Combined TRACON& Tower with Radar,130,83,5,0,218,0,0,0,0,0,130,83,5,0,218,0,0,0,218
02/03/2014,CMH,OH,AGL,CE,Combined TRACON& Tower with Radar,134,99,54,2,289,0,0,12,0,12,134,99,66,2,301,0,0,0,301
02/04/2014,CMH,OH,AGL,CE,Combined TRACON& Tower with Radar,138,103,45,0,286,0,8,8,0,16,138,111,53,0,302,0,0,0,302
02/05/2014,CMH,OH,AGL,CE,Combined TRACON& Tower with Radar,118,89,30,0,237,0,0,1,0,1,118,89,31,0,238,0,0,0,238
02/06/2014,CMH,OH,AGL,CE,Combined TRACON& Tower with Radar,165,136,60,2,363,0,2,2,0,4,165,138,62,2,367,0,0,0,367
02/07/2014,CMH,OH,AGL,CE,Combined TRACON& Tower with Radar,159,128,39,0,326,0,2,14,0,16,159,130,53,0,342,0,0,0,342
02/08/2014,CMH,OH,AGL,CE,Combined TRACON& Tower with Radar,120,93,8,0,221,0,1,4,0,5,120,94,12,0,226,0,0,0,226
02/09/2014,CMH,OH,AGL,CE,Combined TRACON& Tower with Radar,142,95,15,0,252,0,0,0,0,0,142,95,15,0,252,0,0,0,252
02/10/2014,CMH,OH,AGL,CE,Combined TRACON& Tower with Radar,155,129,60,2,346,0,2,4,2,8,155,131,64,4,354,0,0,0,354
02/11/2014,CMH,OH,AGL,CE,Combined TRACON& Tower with Radar,152,119,55,0,326,0,1,10,0,11,152,120,65,0,337,0,0,0,337
02/12/2014,CMH,OH,AGL,CE,Combined TRACON& Tower with Radar,145,116,78,2,341,0,2,12,0,14,145,118,90,2,355,0,0,0,355
02/13/2014,CMH,OH,AGL,CE,Combined TRACON& Tower with Radar,100,109,72,0,281,0,3,15,1,19,100,112,87,1,300,0,0,0,300
02/14/2014,CMH,OH,AGL,CE,Combined TRACON& Tower with Radar,147,124,64,0,335,0,2,7,0,9,147,126,71,0,344,0,0,0,344
02/15/2014,CMH,OH,AGL,CE,Combined TRACON& Tower with Radar,123,91,19,0,233,0,0,7,0,7,123,91,26,0,240,0,0,0,240
02/16/2014,CMH,OH,AGL,CE,Combined TRACON& Tower with Radar,145,107,23,0,275,0,2,1,0,3,145,109,24,0,278,0,0,0,278
02/17/2014,CMH,OH,AGL,CE,Combined TRACON& Tower with Radar,163,113,51,0,327,0,0,4,0,4,163,113,55,0,331,0,0,0,331
02/18/2014,CMH,OH,AGL,CE,Combined TRACON& Tower with Radar,167,124,80,0,371,0,1,7,1,9,167,125,87,1,380,0,0,0,380
02/19/2014,CMH,OH,AGL,CE,Combined TRACON& Tower with Radar,176,136,46,2,360,0,3,21,0,24,176,139,67,2,384,0,0,0,384
02/20/2014,CMH,OH,AGL,CE,Combined TRACON& Tower with Radar,168,140,42,0,350,0,1,9,0,10,168,141,51,0,360,0,0,0,360
02/21/2014,CMH,OH,AGL,CE,Combined TRACON& Tower with Radar,151,103,34,4,292,0,0,11,0,11,151,103,45,4,303,0,0,0,303
02/22/2014,CMH,OH,AGL,CE,Combined TRACON& Tower with Radar,129,92,25,0,246,0,1,15,0,16,129,93,40,0,262,0,0,0,262
02/23/2014,CMH,OH,AGL,CE,Combined TRACON& Tower with Radar,157,108,16,0,281,0,1,6,0,7,157,109,22,0,288,0,0,0,288
02/24/2014,CMH,OH,AGL,CE,Combined TRACON& Tower with Radar,173,133,61,0,367,0,0,9,0,9,173,133,70,0,376,0,0,0,376
02/25/2014,CMH,OH,AGL,CE,Combined TRACON& Tower with Radar,169,137,70,2,378,0,1,8,0,9,169,138,78,2,387,0,0,0,387
02/26/2014,CMH,OH,AGL,CE,Combined TRACON& Tower with Radar,167,133,58,0,358,0,2,14,0,16,167,135,72,0,374,0,0,0,374
02/27/2014,CMH,OH,AGL,CE,Combined TRACON& Tower with Radar,178,128,55,0,361,0,1,3,0,4,178,129,58,0,365,0,0,0,365
02/28/2014,CMH,OH,AGL,CE,Combined TRACON& Tower with Radar,167,135,48,2,352,0,4,30,0,34,167,139,78,2,386,0,0,0,386
03/01/2014,CMH,OH,AGL,CE,Combined TRACON& Tower with Radar,126,84,24,0,234,0,1,8,0,9,126,85,32,0,243,0,0,0,243
03/02/2014,CMH,OH,AGL,CE,Combined TRACON& Tower with Radar,129,113,23,0,265,0,0,0,0,0,129,113,23,0,265,0,0,0,265
03/03/2014,CMH,OH,AGL,CE,Combined TRACON& Tower with Radar,152,112,43,0,307,0,3,1,0,4,152,115,44,0,311,0,0,0,311
03/04/2014,CMH,OH,AGL,CE,Combined TRACON& Tower with Radar,173,120,56,0,349,0,0,6,0,6,173,120,62,0,355,0,0,0,355
03/05/2014,CMH,OH,AGL,CE,Combined TRACON& Tower with Radar,161,137,63,0,361,0,0,11,0,11,161,137,74,0,372,0,0,0,372
03/06/2014,CMH,OH,AGL,CE,Combined TRACON& Tower with Radar,171,133,51,0,355,0,2,15,0,17,171,135,66,0,372,0,0,0,372
03/07/2014,CMH,OH,AGL,CE,Combined TRACON& Tower with Radar,171,127,40,0,338,0,1,24,0,25,171,128,64,0,363,0,0,0,363
03/08/2014,CMH,OH,AGL,CE,Combined TRACON& Tower with Radar,141,94,9,0,244,0,0,4,1,5,141,94,13,1,249,0,0,0,249
03/09/2014,CMH,OH,AGL,CE,Combined TRACON& Tower with Radar,163,99,38,0,300,0,1,13,1,15,163,100,51,1,315,0,0,0,315
03/10/2014,CMH,OH,AGL,CE,Combined TRACON& Tower with Radar,176,112,50,0,338,0,0,14,0,14,176,112,64,0,352,0,0,0,352
03/11/2014,CMH,OH,AGL,CE,Combined TRACON& Tower with Radar,180,120,57,1,358,0,2,22,0,24,180,122,79,1,382,0,0,0,382
03/12/2014,CMH,OH,AGL,CE,Combined TRACON& Tower with Radar,173,120,40,0,333,0,0,0,0,0,173,120,40,0,333,0,0,0,333
03/13/2014,CMH,OH,AGL,CE,Combined TRACON& Tower with Radar,178,126,56,0,360,0,0,15,0,15,178,126,71,0,375,0,0,0,375
03/14/2014,CMH,OH,AGL,CE,Combined TRACON& Tower with Radar,184,113,60,0,357,0,0,6,0,6,184,113,66,0,363,0,0,0,363
03/15/2014,CMH,OH,AGL,CE,Combined TRACON& Tower with Radar,148,103,15,0,266,0,0,8,0,8,148,103,23,0,274,0,0,0,274
03/16/2014,CMH,OH,AGL,CE,Combined TRACON& Tower with Radar,166,109,18,0,293,0,0,4,0,4,166,109,22,0,297,0,0,0,297
03/17/2014,CMH,OH,AGL,CE,Combined TRACON& Tower with Radar,177,132,43,0,352,0,1,7,0,8,177,133,50,0,360,0,0,0,360
03/18/2014,CMH,OH,AGL,CE,Combined TRACON& Tower with Radar,181,118,52,6,357,0,0,22,0,22,181,118,74,6,379,0,0,0,379
03/19/2014,CMH,OH,AGL,CE,Combined TRACON& Tower with Radar,182,132,43,0,357,0,5,4,0,9,182,137,47,0,366,0,0,0,366
03/20/2014,CMH,OH,AGL,CE,Combined TRACON& Tower with Radar,180,124,49,1,354,0,1,5,0,6,180,125,54,1,360,0,0,0,360
03/21/2014,CMH,OH,AGL,CE,Combined TRACON& Tower with Radar,176,149,34,2,361,0,0,18,0,18,176,149,52,2,379,0,0,0,379
03/22/2014,CMH,OH,AGL,CE,Combined TRACON& Tower with Radar,143,99,27,0,269,0,6,8,0,14,143,105,35,0,283,0,0,0,283
03/23/2014,CMH,OH,AGL,CE,Combined TRACON& Tower with Radar,165,99,13,0,277,0,1,12,0,13,165,100,25,0,290,0,0,0,290
03/24/2014,CMH,OH,AGL,CE,Combined TRACON& Tower with Radar,177,131,57,2,367,0,0,28,0,28,177,131,85,2,395,0,0,0,395
03/25/2014,CMH,OH,AGL,CE,Combined TRACON& Tower with Radar,180,130,49,0,359,0,1,13,0,14,180,131,62,0,373,0,0,0,373
03/26/2014,CMH,OH,AGL,CE,Combined TRACON& Tower with Radar,175,135,44,0,354,0,3,36,0,39,175,138,80,0,393,0,0,0,393
03/27/2014,CMH,OH,AGL,CE,Combined TRACON& Tower with Radar,180,129,26,4,339,0,3,3,0,6,180,132,29,4,345,0,0,0,345
03/28/2014,CMH,OH,AGL,CE,Combined TRACON& Tower with Radar,175,120,46,0,341,0,1,7,0,8,175,121,53,0,349,0,0,0,349
03/29/2014,CMH,OH,AGL,CE,Combined TRACON& Tower with Radar,147,81,14,2,244,0,1,1,0,2,147,82,15,2,246,0,0,0,246
03/30/2014,CMH,OH,AGL,CE,Combined TRACON& Tower with Radar,166,103,36,2,307,0,0,6,0,6,166,103,42,2,313,0,0,0,313
03/31/2014,CMH,OH,AGL,CE,Combined TRACON& Tower with Radar,177,127,54,2,360,0,2,22,0,24,177,129,76,2,384,0,0,0,384
04/01/2014,CMH,OH,AGL,CE,Combined TRACON& Tower with Radar,175,139,50,0,364,0,1,7,0,8,175,140,57,0,372,0,0,0,372
04/02/2014,CMH,OH,AGL,CE,Combined TRACON& Tower with Radar,176,121,51,2,350,0,1,5,0,6,176,122,56,2,356,0,0,0,356
04/03/2014,CMH,OH,AGL,CE,Combined TRACON& Tower with Radar,172,143,54,0,369,0,0,1,0,1,172,143,55,0,370,0,0,0,370
04/04/2014,CMH,OH,AGL,CE,Combined TRACON& Tower with Radar,181,134,45,5,365,0,1,5,1,7,181,135,50,6,372,0,0,0,372
04/05/2014,CMH,OH,AGL,CE,Combined TRACON& Tower with Radar,155,101,32,3,291,0,1,7,1,9,155,102,39,4,300,0,0,0,300
04/06/2014,CMH,OH,AGL,CE,Combined TRACON& Tower with Radar,160,120,26,3,309,0,3,27,0,30,160,123,53,3,339,0,0,0,339
04/07/2014,CMH,OH,AGL,CE,Combined TRACON& Tower with Radar,181,130,36,0,347,0,0,2,0,2,181,130,38,0,349,0,0,0,349
04/08/2014,CMH,OH,AGL,CE,Combined TRACON& Tower with Radar,171,138,56,8,373,0,4,18,2,24,171,142,74,10,397,0,0,0,397
04/09/2014,CMH,OH,AGL,CE,Combined TRACON& Tower with Radar,169,145,64,0,378,0,3,20,0,23,169,148,84,0,401,0,0,0,401
04/10/2014,CMH,OH,AGL,CE,Combined TRACON& Tower with Radar,167,141,61,0,369,0,5,11,0,16,167,146,72,0,385,0,0,0,385
04/11/2014,CMH,OH,AGL,CE,Combined TRACON& Tower with Radar,174,137,50,0,361,0,2,8,0,10,174,139,58,0,371,0,0,0,371
04/12/2014,CMH,OH,AGL,CE,Combined TRACON& Tower with Radar,125,96,16,0,237,0,5,14,0,19,125,101,30,0,256,0,0,0,256
04/13/2014,CMH,OH,AGL,CE,Combined TRACON& Tower with Radar,157,113,21,0,291,0,7,8,0,15,157,120,29,0,306,0,0,0,306
04/14/2014,CMH,OH,AGL,CE,Combined TRACON& Tower with Radar,175,124,51,0,350,0,2,4,0,6,175,126,55,0,356,0,0,0,356
04/15/2014,CMH,OH,AGL,CE,Combined TRACON& Tower with Radar,161,126,80,0,367,0,0,0,0,0,161,126,80,0,367,0,0,0,367
04/16/2014,CMH,OH,AGL,CE,Combined TRACON& Tower with Radar,174,128,84,0,386,0,2,39,0,41,174,130,123,0,427,0,0,0,427
04/17/2014,CMH,OH,AGL,CE,Combined TRACON& Tower with Radar,175,138,69,1,383,0,1,28,0,29,175,139,97,1,412,0,0,0,412
04/18/2014,CMH,OH,AGL,CE,Combined TRACON& Tower with Radar,164,151,30,2,347,0,5,16,1,22,164,156,46,3,369,0,0,0,369
04/19/2014,CMH,OH,AGL,CE,Combined TRACON& Tower with Radar,125,83,11,1,220,0,5,15,0,20,125,88,26,1,240,0,0,0,240
04/20/2014,CMH,OH,AGL,CE,Combined TRACON& Tower with Radar,154,92,22,0,268,0,4,17,0,21,154,96,39,0,289,0,0,0,289
04/21/2014,CMH,OH,AGL,CE,Combined TRACON& Tower with Radar,176,131,69,0,376,0,1,17,0,18,176,132,86,0,394,0,0,0,394
04/22/2014,CMH,OH,AGL,CE,Combined TRACON& Tower with Radar,170,135,48,4,357,0,0,3,0,3,170,135,51,4,360,0,0,0,360
04/23/2014,CMH,OH,AGL,CE,Combined TRACON& Tower with Radar,172,139,68,0,379,0,2,32,0,34,172,141,100,0,413,0,0,0,413
04/24/2014,CMH,OH,AGL,CE,Combined TRACON& Tower with Radar,175,131,64,0,370,0,2,27,0,29,175,133,91,0,399,0,0,0,399
04/25/2014,CMH,OH,AGL,CE,Combined TRACON& Tower with Radar,171,124,53,0,348,0,4,2,0,6,171,128,55,0,354,0,0,0,354
04/26/2014,CMH,OH,AGL,CE,Combined TRACON& Tower with Radar,132,90,35,0,257,0,2,20,0,22,132,92,55,0,279,0,0,0,279
04/27/2014,CMH,OH,AGL,CE,Combined TRACON& Tower with Radar,162,105,29,0,296,0,4,19,0,23,162,109,48,0,319,0,0,0,319
04/28/2014,CMH,OH,AGL,CE,Combined TRACON& Tower with Radar,173,125,50,0,348,0,0,2,2,4,173,125,52,2,352,0,0,0,352
04/29/2014,CMH,OH,AGL,CE,Combined TRACON& Tower with Radar,167,132,51,2,352,0,1,0,0,1,167,133,51,2,353,0,0,0,353
04/30/2014,CMH,OH,AGL,CE,Combined TRACON& Tower with Radar,169,118,51,0,338,0,1,6,0,7,169,119,57,0,345,0,0,0,345
05/01/2014,CMH,OH,AGL,CE,Combined TRACON& Tower with Radar,167,137,66,0,370,0,2,16,2,20,167,139,82,2,390,0,0,0,390
05/02/2014,CMH,OH,AGL,CE,Combined TRACON& Tower with Radar,173,121,59,0,353,0,1,13,0,14,173,122,72,0,367,0,0,0,367
05/03/2014,CMH,OH,AGL,CE,Combined TRACON& Tower with Radar,130,94,16,2,242,0,1,3,0,4,130,95,19,2,246,0,0,0,246
05/04/2014,CMH,OH,AGL,CE,Combined TRACON& Tower with Radar,155,117,30,4,306,0,4,7,0,11,155,121,37,4,317,0,0,0,317
05/05/2014,CMH,OH,AGL,CE,Combined TRACON& Tower with Radar,174,128,40,0,342,0,7,12,0,19,174,135,52,0,361,0,0,0,361
05/06/2014,CMH,OH,AGL,CE,Combined TRACON& Tower with Radar,172,135,51,6,364,0,9,54,0,63,172,144,105,6,427,0,0,0,427
05/07/2014,CMH,OH,AGL,CE,Combined TRACON& Tower with Radar,180,117,65,1,363,0,5,8,0,13,180,122,73,1,376,0,0,0,376
05/08/2014,CMH,OH,AGL,CE,Combined TRACON& Tower with Radar,168,131,78,0,377,0,3,20,0,23,168,134,98,0,400,0,0,0,400
05/09/2014,CMH,OH,AGL,CE,Combined TRACON& Tower with Radar,172,133,52,3,360,0,8,3,0,11,172,141,55,3,371,0,0,0,371
05/10/2014,CMH,OH,AGL,CE,Combined TRACON& Tower with Radar,137,74,34,0,245,0,0,1,0,1,137,74,35,0,246,0,0,0,246
05/11/2014,CMH,OH,AGL,CE,Combined TRACON& Tower with Radar,148,94,25,1,268,0,3,4,0,7,148,97,29,1,275,0,0,0,275
05/12/2014,CMH,OH,AGL,CE,Combined TRACON& Tower with Radar,195,137,47,2,381,0,2,8,0,10,195,139,55,2,391,0,0,0,391
05/13/2014,CMH,OH,AGL,CE,Combined TRACON& Tower with Radar,171,120,48,1,340,0,8,14,5,27,171,128,62,6,367,0,0,0,367
05/14/2014,CMH,OH,AGL,CE,Combined TRACON& Tower with Radar,174,140,70,1,385,0,1,4,0,5,174,141,74,1,390,0,0,0,390
05/15/2014,CMH,OH,AGL,CE,Combined TRACON& Tower with Radar,175,135,63,0,373,0,3,2,0,5,175,138,65,0,378,0,0,0,378
05/16/2014,CMH,OH,AGL,CE,Combined TRACON& Tower with Radar,165,132,66,8,371,0,3,37,0,40,165,135,103,8,411,0,0,0,411
05/17/2014,CMH,OH,AGL,CE,Combined TRACON& Tower with Radar,149,80,17,0,246,0,3,7,0,10,149,83,24,0,256,0,0,0,256
05/18/2014,CMH,OH,AGL,CE,Combined TRACON& Tower with Radar,171,121,39,0,331,0,0,40,0,40,171,121,79,0,371,0,0,0,371
05/19/2014,CMH,OH,AGL,CE,Combined TRACON& Tower with Radar,181,135,42,4,362,0,0,17,2,19,181,135,59,6,381,0,0,0,381
05/20/2014,CMH,OH,AGL,CE,Combined TRACON& Tower with Radar,180,127,56,2,365,0,7,8,0,15,180,134,64,2,380,0,0,0,380
05/21/2014,CMH,OH,AGL,CE,Combined TRACON& Tower with Radar,184,136,60,2,382,0,6,7,0,13,184,142,67,2,395,0,0,0,395
05/22/2014,CMH,OH,AGL,CE,Combined TRACON& Tower with Radar,169,125,60,0,354,0,1,14,0,15,169,126,74,0,369,0,0,0,369
05/23/2014,CMH,OH,AGL,CE,Combined TRACON& Tower with Radar,180,153,45,6,384,0,3,20,0,23,180,156,65,6,407,0,0,0,407
05/24/2014,CMH,OH,AGL,CE,Combined TRACON& Tower with Radar,135,73,17,0,225,0,6,18,2,26,135,79,35,2,251,0,0,0,251
05/25/2014,CMH,OH,AGL,CE,Combined TRACON& Tower with Radar,133,70,15,0,218,0,3,16,0,19,133,73,31,0,237,0,0,0,237
05/26/2014,CMH,OH,AGL,CE,Combined TRACON& Tower with Radar,163,122,27,0,312,0,3,6,0,9,163,125,33,0,321,0,0,0,321
05/27/2014,CMH,OH,AGL,CE,Combined TRACON& Tower with Radar,171,138,69,0,378,0,0,5,0,5,171,138,74,0,383,0,0,0,383
05/28/2014,CMH,OH,AGL,CE,Combined TRACON& Tower with Radar,185,147,69,0,401,0,1,8,0,9,185,148,77,0,410,0,0,0,410
05/29/2014,CMH,OH,AGL,CE,Combined TRACON& Tower with Radar,182,147,70,0,399,0,2,14,1,17,182,149,84,1,416,0,0,0,416
05/30/2014,CMH,OH,AGL,CE,Combined TRACON& Tower with Radar,181,134,59,7,381,0,2,14,4,20,181,136,73,11,401,0,0,0,401
05/31/2014,CMH,OH,AGL,CE,Combined TRACON& Tower with Radar,143,76,15,6,240,0,4,12,0,16,143,80,27,6,256,0,0,0,256
06/01/2014,CMH,OH,AGL,CE,Combined TRACON& Tower with Radar,163,123,22,0,308,0,8,13,2,23,163,131,35,2,331,0,0,0,331
06/02/2014,CMH,OH,AGL,CE,Combined TRACON& Tower with Radar,177,128,54,2,361,0,4,3,0,7,177,132,57,2,368,0,0,0,368
06/03/2014,CMH,OH,AGL,CE,Combined TRACON& Tower with Radar,175,126,74,0,375,0,1,8,0,9,175,127,82,0,384,0,0,0,384
06/04/2014,CMH,OH,AGL,CE,Combined TRACON& Tower with Radar,177,123,66,2,368,0,2,5,1,8,177,125,71,3,376,0,0,0,376
06/05/2014,CMH,OH,AGL,CE,Combined TRACON& Tower with Radar,177,134,39,0,350,0,1,13,1,15,177,135,52,1,365,0,0,0,365
06/06/2014,CMH,OH,AGL,CE,Combined TRACON& Tower with Radar,177,126,31,1,335,0,3,30,1,34,177,129,61,2,369,0,0,0,369
06/07/2014,CMH,OH,AGL,CE,Combined TRACON& Tower with Radar,138,90,25,0,253,0,3,14,0,17,138,93,39,0,270,0,0,0,270
06/08/2014,CMH,OH,AGL,CE,Combined TRACON& Tower with Radar,170,105,29,0,304,0,0,3,0,3,170,105,32,0,307,0,0,0,307
06/09/2014,CMH,OH,AGL,CE,Combined TRACON& Tower with Radar,186,127,58,0,371,0,4,22,0,26,186,131,80,0,397,0,0,0,397
06/10/2014,CMH,OH,AGL,CE,Combined TRACON& Tower with Radar,177,111,61,0,349,0,5,1,0,6,177,116,62,0,355,0,0,0,355
06/11/2014,CMH,OH,AGL,CE,Combined TRACON& Tower with Radar,173,140,64,1,378,0,0,11,0,11,173,140,75,1,389,0,0,0,389
06/12/2014,CMH,OH,AGL,CE,Combined TRACON& Tower with Radar,172,145,52,1,370,0,3,6,0,9,172,148,58,1,379,0,0,0,379
06/13/2014,CMH,OH,AGL,CE,Combined TRACON& Tower with Radar,159,138,57,10,364,0,3,28,2,33,159,141,85,12,397,0,0,0,397
06/14/2014,CMH,OH,AGL,CE,Combined TRACON& Tower with Radar,150,101,23,18,292,0,3,18,2,23,150,104,41,20,315,0,0,0,315
06/15/2014,CMH,OH,AGL,CE,Combined TRACON& Tower with Radar,161,101,20,0,282,0,0,41,2,43,161,101,61,2,325,5,0,5,330
06/16/2014,CMH,OH,AGL,CE,Combined TRACON& Tower with Radar,178,131,42,2,353,0,2,3,0,5,178,133,45,2,358,0,0,0,358
06/17/2014,CMH,OH,AGL,CE,Combined TRACON& Tower with Radar,176,129,55,3,363,0,1,26,1,28,176,130,81,4,391,0,0,0,391
06/18/2014,CMH,OH,AGL,CE,Combined TRACON& Tower with Radar,179,134,73,0,386,0,2,18,0,20,179,136,91,0,406,0,0,0,406
06/19/2014,CMH,OH,AGL,CE,Combined TRACON& Tower with Radar,174,123,56,0,353,0,2,6,0,8,174,125,62,0,361,0,0,0,361
06/20/2014,CMH,OH,AGL,CE,Combined TRACON& Tower with Radar,183,132,38,0,353,0,2,5,0,7,183,134,43,0,360,0,0,0,360
06/21/2014,CMH,OH,AGL,CE,Combined TRACON& Tower with Radar,151,97,31,17,296,0,0,10,0,10,151,97,41,17,306,0,0,0,306
06/22/2014,CMH,OH,AGL,CE,Combined TRACON& Tower with Radar,166,112,24,0,302,0,2,10,0,12,166,114,34,0,314,0,0,0,314
06/23/2014,CMH,OH,AGL,CE,Combined TRACON& Tower with Radar,177,126,51,2,356,0,0,144,0,144,177,126,195,2,500,0,0,0,500
06/24/2014,CMH,OH,AGL,CE,Combined TRACON& Tower with Radar,177,139,59,2,377,0,5,6,0,11,177,144,65,2,388,0,0,0,388
06/25/2014,CMH,OH,AGL,CE,Combined TRACON& Tower with Radar,176,134,61,0,371,0,2,13,0,15,176,136,74,0,386,0,0,0,386
06/26/2014,CMH,OH,AGL,CE,Combined TRACON& Tower with Radar,186,145,71,0,402,0,4,21,0,25,186,149,92,0,427,0,0,0,427
06/27/2014,CMH,OH,AGL,CE,Combined TRACON& Tower with Radar,183,141,54,4,382,0,4,20,0,24,183,145,74,4,406,0,0,0,406
06/28/2014,CMH,OH,AGL,CE,Combined TRACON& Tower with Radar,150,96,21,0,267,0,1,9,0,10,150,97,30,0,277,0,0,0,277
06/29/2014,CMH,OH,AGL,CE,Combined TRACON& Tower with Radar,164,95,22,0,281,0,0,9,1,10,164,95,31,1,291,0,0,0,291
06/30/2014,CMH,OH,AGL,CE,Combined TRACON& Tower with Radar,165,109,41,0,315,0,1,9,0,10,165,110,50,0,325,0,0,0,325
07/01/2014,CMH,OH,AGL,CE,Combined TRACON& Tower with Radar,172,117,43,4,336,0,1,11,0,12,172,118,54,4,348,0,0,0,348
07/02/2014,CMH,OH,AGL,CE,Combined TRACON& Tower with Radar,177,118,41,2,338,0,3,18,0,21,177,121,59,2,359,0,0,0,359
07/03/2014,CMH,OH,AGL,CE,Combined TRACON& Tower with Radar,164,115,29,0,308,0,4,12,0,16,164,119,41,0,324,0,0,0,324
07/04/2014,CMH,OH,AGL,CE,Combined TRACON& Tower with Radar,132,79,11,0,222,0,5,15,0,20,132,84,26,0,242,0,0,0,242
07/05/2014,CMH,OH,AGL,CE,Combined TRACON& Tower with Radar,141,79,15,0,235,0,1,15,0,16,141,80,30,0,251,0,0,0,251
07/06/2014,CMH,OH,AGL,CE,Combined TRACON& Tower with Radar,161,109,24,0,294,0,2,14,1,17,161,111,38,1,311,0,0,0,311
07/07/2014,CMH,OH,AGL,CE,Combined TRACON& Tower with Radar,186,147,53,0,386,0,1,10,0,11,186,148,63,0,397,0,0,0,397
07/08/2014,CMH,OH,AGL,CE,Combined TRACON& Tower with Radar,173,126,43,0,342,0,0,15,0,15,173,126,58,0,357,0,0,0,357
07/09/2014,CMH,OH,AGL,CE,Combined TRACON& Tower with Radar,178,127,61,2,368,0,1,26,0,27,178,128,87,2,395,0,0,0,395
07/10/2014,CMH,OH,AGL,CE,Combined TRACON& Tower with Radar,182,129,60,0,371,0,1,22,0,23,182,130,82,0,394,0,0,0,394
07/11/2014,CMH,OH,AGL,CE,Combined TRACON& Tower with Radar,174,125,49,2,350,0,0,19,1,20,174,125,68,3,370,0,0,0,370
07/12/2014,CMH,OH,AGL,CE,Combined TRACON& Tower with Radar,151,91,24,2,268,0,4,7,1,12,151,95,31,3,280,0,0,0,280
07/13/2014,CMH,OH,AGL,CE,Combined TRACON& Tower with Radar,163,106,32,0,301,0,0,4,0,4,163,106,36,0,305,0,0,0,305
07/14/2014,CMH,OH,AGL,CE,Combined TRACON& Tower with Radar,177,128,57,0,362,0,0,2,0,2,177,128,59,0,364,0,0,0,364
07/15/2014,CMH,OH,AGL,CE,Combined TRACON& Tower with Radar,160,141,65,3,369,0,0,10,0,10,160,141,75,3,379,0,0,0,379
07/16/2014,CMH,OH,AGL,CE,Combined TRACON& Tower with Radar,181,154,76,3,414,0,2,26,2,30,181,156,102,5,444,0,0,0,444
07/17/2014,CMH,OH,AGL,CE,Combined TRACON& Tower with Radar,180,140,69,0,389,0,0,17,4,21,180,140,86,4,410,0,0,0,410
07/18/2014,CMH,OH,AGL,CE,Combined TRACON& Tower with Radar,177,136,47,2,362,0,2,6,0,8,177,138,53,2,370,0,0,0,370
07/19/2014,CMH,OH,AGL,CE,Combined TRACON& Tower with Radar,154,96,12,3,265,0,0,3,0,3,154,96,15,3,268,0,0,0,268
07/20/2014,CMH,OH,AGL,CE,Combined TRACON& Tower with Radar,166,115,30,1,312,0,0,8,1,9,166,115,38,2,321,0,0,0,321
07/21/2014,CMH,OH,AGL,CE,Combined TRACON& Tower with Radar,184,138,45,4,371,0,1,5,0,6,184,139,50,4,377,0,0,0,377
07/22/2014,CMH,OH,AGL,CE,Combined TRACON& Tower with Radar,177,128,64,0,369,0,1,16,0,17,177,129,80,0,386,0,0,0,386
07/23/2014,CMH,OH,AGL,CE,Combined TRACON& Tower with Radar,173,128,70,6,377,0,3,4,0,7,173,131,74,6,384,0,0,0,384
07/24/2014,CMH,OH,AGL,CE,Combined TRACON& Tower with Radar,176,137,67,0,380,0,0,16,2,18,176,137,83,2,398,0,0,0,398
07/25/2014,CMH,OH,AGL,CE,Combined TRACON& Tower with Radar,186,133,50,2,371,0,2,23,0,25,186,135,73,2,396,0,0,0,396
07/26/2014,CMH,OH,AGL,CE,Combined TRACON& Tower with Radar,148,104,13,14,279,0,2,5,0,7,148,106,18,14,286,0,0,0,286
07/27/2014,CMH,OH,AGL,CE,Combined TRACON& Tower with Radar,161,113,14,0,288,0,0,3,0,3,161,113,17,0,291,0,0,0,291
07/28/2014,CMH,OH,AGL,CE,Combined TRACON& Tower with Radar,186,137,55,0,378,0,2,11,0,13,186,139,66,0,391,0,0,0,391
07/29/2014,CMH,OH,AGL,CE,Combined TRACON& Tower with Radar,180,137,45,1,363,0,3,11,0,14,180,140,56,1,377,0,0,0,377
07/30/2014,CMH,OH,AGL,CE,Combined TRACON& Tower with Radar,180,136,52,2,370,0,2,10,0,12,180,138,62,2,382,0,0,0,382
07/31/2014,CMH,OH,AGL,CE,Combined TRACON& Tower with Radar,185,142,74,0,401,0,4,16,2,22,185,146,90,2,423,0,0,0,423
08/01/2014,CMH,OH,AGL,CE,Combined TRACON& Tower with Radar,170,133,33,0,336,0,1,23,0,24,170,134,56,0,360,0,0,0,360
08/02/2014,CMH,OH,AGL,CE,Combined TRACON& Tower with Radar,153,94,24,0,271,0,4,15,0,19,153,98,39,0,290,0,0,0,290
08/03/2014,CMH,OH,AGL,CE,Combined TRACON& Tower with Radar,165,94,36,0,295,0,0,15,0,15,165,94,51,0,310,0,0,0,310
08/04/2014,CMH,OH,AGL,CE,Combined TRACON& Tower with Radar,183,127,52,0,362,0,0,14,0,14,183,127,66,0,376,0,0,0,376
08/05/2014,CMH,OH,AGL,CE,Combined TRACON& Tower with Radar,191,159,48,0,398,0,3,8,0,11,191,162,56,0,409,0,0,0,409
08/06/2014,CMH,OH,AGL,CE,Combined TRACON& Tower with Radar,183,130,68,0,381,0,2,4,0,6,183,132,72,0,387,0,0,0,387
08/07/2014,CMH,OH,AGL,CE,Combined TRACON& Tower with Radar,178,135,46,0,359,0,1,12,0,13,178,136,58,0,372,0,0,0,372
08/08/2014,CMH,OH,AGL,CE,Combined TRACON& Tower with Radar,186,133,59,2,380,0,3,15,3,21,186,136,74,5,401,0,0,0,401
08/09/2014,CMH,OH,AGL,CE,Combined TRACON& Tower with Radar,144,98,19,0,261,0,1,7,0,8,144,99,26,0,269,0,0,0,269
08/10/2014,CMH,OH,AGL,CE,Combined TRACON& Tower with Radar,162,111,33,0,306,0,1,18,3,22,162,112,51,3,328,0,0,0,328
08/11/2014,CMH,OH,AGL,CE,Combined TRACON& Tower with Radar,170,121,62,0,353,0,0,2,0,2,170,121,64,0,355,0,0,0,355
08/12/2014,CMH,OH,AGL,CE,Combined TRACON& Tower with Radar,170,135,51,2,358,0,1,3,0,4,170,136,54,2,362,0,0,0,362
08/13/2014,CMH,OH,AGL,CE,Combined TRACON& Tower with Radar,172,142,59,0,373,0,3,13,2,18,172,145,72,2,391,0,0,0,391
08/14/2014,CMH,OH,AGL,CE,Combined TRACON& Tower with Radar,180,142,64,0,386,0,3,18,0,21,180,145,82,0,407,0,0,0,407
08/15/2014,CMH,OH,AGL,CE,Combined TRACON& Tower with Radar,164,127,46,0,337,0,2,40,1,43,164,129,86,1,380,0,0,0,380
08/16/2014,CMH,OH,AGL,CE,Combined TRACON& Tower with Radar,128,97,24,0,249,0,3,12,1,16,128,100,36,1,265,0,0,0,265
08/17/2014,CMH,OH,AGL,CE,Combined TRACON& Tower with Radar,155,106,30,4,295,0,0,6,0,6,155,106,36,4,301,0,0,0,301
08/18/2014,CMH,OH,AGL,CE,Combined TRACON& Tower with Radar,173,127,61,0,361,0,0,8,0,8,173,127,69,0,369,0,0,0,369
08/19/2014,CMH,OH,AGL,CE,Combined TRACON& Tower with Radar,182,117,56,4,359,0,0,10,1,11,182,117,66,5,370,0,0,0,370
08/20/2014,CMH,OH,AGL,CE,Combined TRACON& Tower with Radar,173,126,64,2,365,0,3,1,0,4,173,129,65,2,369,0,0,0,369
08/21/2014,CMH,OH,AGL,CE,Combined TRACON& Tower with Radar,172,121,62,2,357,0,1,6,0,7,172,122,68,2,364,0,0,0,364
08/22/2014,CMH,OH,AGL,CE,Combined TRACON& Tower with Radar,176,118,69,8,371,0,2,6,0,8,176,120,75,8,379,0,0,0,379
08/23/2014,CMH,OH,AGL,CE,Combined TRACON& Tower with Radar,126,79,28,0,233,0,0,17,0,17,126,79,45,0,250,0,0,0,250
08/24/2014,CMH,OH,AGL,CE,Combined TRACON& Tower with Radar,160,99,31,8,298,0,3,6,1,10,160,102,37,9,308,0,0,0,308
08/25/2014,CMH,OH,AGL,CE,Combined TRACON& Tower with Radar,171,115,48,2,336,0,1,17,0,18,171,116,65,2,354,0,0,0,354
08/26/2014,CMH,OH,AGL,CE,Combined TRACON& Tower with Radar,174,120,70,2,366,0,3,23,0,26,174,123,93,2,392,0,0,0,392
08/27/2014,CMH,OH,AGL,CE,Combined TRACON& Tower with Radar,181,124,59,2,366,0,2,9,0,11,181,126,68,2,377,0,0,0,377
08/28/2014,CMH,OH,AGL,CE,Combined TRACON& Tower with Radar,175,126,72,2,375,0,10,19,0,29,175,136,91,2,404,0,0,0,404
08/29/2014,CMH,OH,AGL,CE,Combined TRACON& Tower with Radar,181,123,40,2,346,0,1,15,0,16,181,124,55,2,362,0,0,0,362
08/30/2014,CMH,OH,AGL,CE,Combined TRACON& Tower with Radar,115,68,21,0,204,0,4,8,2,14,115,72,29,2,218,0,0,0,218
08/31/2014,CMH,OH,AGL,CE,Combined TRACON& Tower with Radar,113,69,12,0,194,0,0,2,0,2,113,69,14,0,196,0,0,0,196
09/01/2014,CMH,OH,AGL,CE,Combined TRACON& Tower with Radar,162,96,29,0,287,0,0,8,0,8,162,96,37,0,295,0,0,0,295
09/02/2014,CMH,OH,AGL,CE,Combined TRACON& Tower with Radar,166,128,40,0,334,0,4,6,0,10,166,132,46,0,344,0,0,0,344
09/03/2014,CMH,OH,AGL,CE,Combined TRACON& Tower with Radar,167,111,49,1,328,0,5,7,1,13,167,116,56,2,341,0,0,0,341
09/04/2014,CMH,OH,AGL,CE,Combined TRACON& Tower with Radar,165,122,58,5,350,0,1,18,0,19,165,123,76,5,369,0,0,0,369
09/05/2014,CMH,OH,AGL,CE,Combined TRACON& Tower with Radar,165,110,54,12,341,0,2,13,0,15,165,112,67,12,356,0,0,0,356
09/06/2014,CMH,OH,AGL,CE,Combined TRACON& Tower with Radar,127,75,19,17,238,0,3,5,0,8,127,78,24,17,246,0,0,0,246
09/07/2014,CMH,OH,AGL,CE,Combined TRACON& Tower with Radar,159,100,49,7,315,0,4,17,1,22,159,104,66,8,337,0,0,0,337
09/08/2014,CMH,OH,AGL,CE,Combined TRACON& Tower with Radar,177,118,59,2,356,0,2,14,0,16,177,120,73,2,372,0,0,0,372
09/09/2014,CMH,OH,AGL,CE,Combined TRACON& Tower with Radar,168,137,61,0,366,0,3,9,0,12,168,140,70,0,378,0,0,0,378
09/10/2014,CMH,OH,AGL,CE,Combined TRACON& Tower with Radar,169,130,74,0,373,0,1,9,2,12,169,131,83,2,385,0,0,0,385
09/11/2014,CMH,OH,AGL,CE,Combined TRACON& Tower with Radar,173,146,67,0,386,0,0,8,0,8,173,146,75,0,394,0,0,0,394
09/12/2014,CMH,OH,AGL,CE,Combined TRACON& Tower with Radar,172,132,74,14,392,0,1,6,0,7,172,133,80,14,399,0,0,0,399
09/13/2014,CMH,OH,AGL,CE,Combined TRACON& Tower with Radar,124,77,12,0,213,0,2,7,0,9,124,79,19,0,222,0,0,0,222
09/14/2014,CMH,OH,AGL,CE,Combined TRACON& Tower with Radar,156,120,30,1,307,0,4,19,0,23,156,124,49,1,330,0,0,0,330
09/15/2014,CMH,OH,AGL,CE,Combined TRACON& Tower with Radar,178,139,51,2,370,0,7,3,2,12,178,146,54,4,382,0,0,0,382
09/16/2014,CMH,OH,AGL,CE,Combined TRACON& Tower with Radar,176,131,60,2,369,0,1,6,1,8,176,132,66,3,377,0,0,0,377
09/17/2014,CMH,OH,AGL,CE,Combined TRACON& Tower with Radar,176,135,64,2,377,0,3,12,0,15,176,138,76,2,392,0,0,0,392
09/18/2014,CMH,OH,AGL,CE,Combined TRACON& Tower with Radar,173,127,75,0,375,0,11,20,0,31,173,138,95,0,406,0,0,0,406
09/19/2014,CMH,OH,AGL,CE,Combined TRACON& Tower with Radar,182,131,51,2,366,0,6,10,0,16,182,137,61,2,382,0,0,0,382
09/20/2014,CMH,OH,AGL,CE,Combined TRACON& Tower with Radar,124,76,16,5,221,0,6,7,2,15,124,82,23,7,236,0,0,0,236
09/21/2014,CMH,OH,AGL,CE,Combined TRACON& Tower with Radar,165,123,32,1,321,0,2,11,2,15,165,125,43,3,336,0,0,0,336
09/22/2014,CMH,OH,AGL,CE,Combined TRACON& Tower with Radar,184,125,59,0,368,0,8,13,0,21,184,133,72,0,389,0,0,0,389
09/23/2014,CMH,OH,AGL,CE,Combined TRACON& Tower with Radar,175,144,63,0,382,0,5,30,0,35,175,149,93,0,417,0,0,0,417
09/24/2014,CMH,OH,AGL,CE,Combined TRACON& Tower with Radar,180,117,80,10,387,0,6,33,3,42,180,123,113,13,429,0,0,0,429
09/25/2014,CMH,OH,AGL,CE,Combined TRACON& Tower with Radar,178,121,66,1,366,0,2,26,1,29,178,123,92,2,395,0,0,0,395
09/26/2014,CMH,OH,AGL,CE,Combined TRACON& Tower with Radar,172,109,52,0,333,0,9,18,0,27,172,118,70,0,360,0,0,0,360
09/27/2014,CMH,OH,AGL,CE,Combined TRACON& Tower with Radar,127,68,31,0,226,0,3,13,0,16,127,71,44,0,242,0,0,0,242
09/28/2014,CMH,OH,AGL,CE,Combined TRACON& Tower with Radar,146,106,29,0,281,0,3,17,2,22,146,109,46,2,303,0,0,0,303
09/29/2014,CMH,OH,AGL,CE,Combined TRACON& Tower with Radar,178,130,44,0,352,0,7,16,0,23,178,137,60,0,375,0,0,0,375
09/30/2014,CMH,OH,AGL,CE,Combined TRACON& Tower with Radar,168,127,59,0,354,0,2,6,0,8,168,129,65,0,362,0,0,0,362
10/01/2014,CMH,OH,AGL,CE,Combined TRACON& Tower with Radar,183,134,64,0,381,0,0,5,0,5,183,134,69,0,386,0,0,0,386
10/02/2014,CMH,OH,AGL,CE,Combined TRACON& Tower with Radar,171,132,69,0,372,0,1,16,0,17,171,133,85,0,389,0,0,0,389
10/03/2014,CMH,OH,AGL,CE,Combined TRACON& Tower with Radar,180,132,44,6,362,0,1,0,1,2,180,133,44,7,364,0,0,0,364
10/04/2014,CMH,OH,AGL,CE,Combined TRACON& Tower with Radar,135,69,18,1,223,0,2,3,0,5,135,71,21,1,228,0,0,0,228
10/05/2014,CMH,OH,AGL,CE,Combined TRACON& Tower with Radar,160,105,29,1,295,0,2,2,0,4,160,107,31,1,299,0,0,0,299
10/06/2014,CMH,OH,AGL,CE,Combined TRACON& Tower with Radar,185,130,77,0,392,0,0,4,0,4,185,130,81,0,396,0,0,0,396
10/07/2014,CMH,OH,AGL,CE,Combined TRACON& Tower with Radar,183,121,50,2,356,0,1,2,0,3,183,122,52,2,359,0,0,0,359
10/08/2014,CMH,OH,AGL,CE,Combined TRACON& Tower with Radar,188,113,67,3,371,0,3,16,1,20,188,116,83,4,391,0,0,0,391
10/09/2014,CMH,OH,AGL,CE,Combined TRACON& Tower with Radar,181,119,69,1,370,0,1,9,0,10,181,120,78,1,380,0,0,0,380
10/10/2014,CMH,OH,AGL,CE,Combined TRACON& Tower with Radar,183,124,43,10,360,0,1,6,2,9,183,125,49,12,369,0,0,0,369
10/11/2014,CMH,OH,AGL,CE,Combined TRACON& Tower with Radar,134,80,35,0,249,0,3,19,0,22,134,83,54,0,271,0,0,0,271
10/12/2014,CMH,OH,AGL,CE,Combined TRACON& Tower with Radar,160,103,25,0,288,0,2,10,0,12,160,105,35,0,300,0,0,0,300
10/13/2014,CMH,OH,AGL,CE,Combined TRACON& Tower with Radar,183,103,52,0,338,0,1,4,0,5,183,104,56,0,343,0,0,0,343
10/14/2014,CMH,OH,AGL,CE,Combined TRACON& Tower with Radar,185,133,47,0,365,0,1,1,0,2,185,134,48,0,367,0,0,0,367
10/15/2014,CMH,OH,AGL,CE,Combined TRACON& Tower with Radar,179,116,64,0,359,0,5,7,0,12,179,121,71,0,371,0,0,0,371
10/16/2014,CMH,OH,AGL,CE,Combined TRACON& Tower with Radar,184,129,68,2,383,0,2,5,1,8,184,131,73,3,391,0,0,0,391
10/17/2014,CMH,OH,AGL,CE,Combined TRACON& Tower with Radar,185,134,49,5,373,0,1,16,0,17,185,135,65,5,390,0,0,0,390
10/18/2014,CMH,OH,AGL,CE,Combined TRACON& Tower with Radar,134,81,29,0,244,0,3,5,0,8,134,84,34,0,252,0,0,0,252
10/19/2014,CMH,OH,AGL,CE,Combined TRACON& Tower with Radar,166,106,60,2,334,0,3,27,0,30,166,109,87,2,364,0,0,0,364
10/20/2014,CMH,OH,AGL,CE,Combined TRACON& Tower with Radar,195,112,41,0,348,0,2,9,0,11,195,114,50,0,359,0,0,0,359
10/21/2014,CMH,OH,AGL,CE,Combined TRACON& Tower with Radar,177,136,86,0,399,0,1,6,2,9,177,137,92,2,408,0,0,0,408
10/22/2014,CMH,OH,AGL,CE,Combined TRACON& Tower with Radar,174,113,86,4,377,0,0,6,0,6,174,113,92,4,383,0,0,0,383
10/23/2014,CMH,OH,AGL,CE,Combined TRACON& Tower with Radar,193,120,62,0,375,0,3,26,0,29,193,123,88,0,404,0,0,0,404
10/24/2014,CMH,OH,AGL,CE,Combined TRACON& Tower with Radar,185,125,66,0,376,0,3,14,0,17,185,128,80,0,393,0,0,0,393
10/25/2014,CMH,OH,AGL,CE,Combined TRACON& Tower with Radar,127,75,30,1,233,0,3,12,2,17,127,78,42,3,250,0,0,0,250
10/26/2014,CMH,OH,AGL,CE,Combined TRACON& Tower with Radar,152,120,46,0,318,0,7,22,0,29,152,127,68,0,347,0,0,0,347
10/27/2014,CMH,OH,AGL,CE,Combined TRACON& Tower with Radar,174,121,60,1,356,0,4,15,0,19,174,125,75,1,375,0,0,0,375
10/28/2014,CMH,OH,AGL,CE,Combined TRACON& Tower with Radar,175,122,70,0,367,0,2,1,0,3,175,124,71,0,370,0,0,0,370
10/29/2014,CMH,OH,AGL,CE,Combined TRACON& Tower with Radar,173,131,51,4,359,0,2,12,0,14,173,133,63,4,373,0,0,0,373
10/30/2014,CMH,OH,AGL,CE,Combined TRACON& Tower with Radar,174,118,77,0,369,0,1,16,0,17,174,119,93,0,386,0,0,0,386
10/31/2014,CMH,OH,AGL,CE,Combined TRACON& Tower with Radar,150,113,57,0,320,0,0,0,0,0,150,113,57,0,320,0,0,0,320
11/01/2014,CMH,OH,AGL,CE,Combined TRACON& Tower with Radar,116,85,24,0,225,0,0,2,2,4,116,85,26,2,229,0,0,0,229
11/02/2014,CMH,OH,AGL,CE,Combined TRACON& Tower with Radar,154,116,33,0,303,0,5,17,0,22,154,121,50,0,325,0,0,0,325
11/03/2014,CMH,OH,AGL,CE,Combined TRACON& Tower with Radar,180,141,56,0,377,0,2,11,0,13,180,143,67,0,390,0,0,0,390
11/04/2014,CMH,OH,AGL,CE,Combined TRACON& Tower with Radar,178,107,66,2,353,0,7,15,0,22,178,114,81,2,375,0,0,0,375
11/05/2014,CMH,OH,AGL,CE,Combined TRACON& Tower with Radar,179,119,64,4,366,0,3,4,1,8,179,122,68,5,374,0,0,0,374
11/06/2014,CMH,OH,AGL,CE,Combined TRACON& Tower with Radar,177,123,75,0,375,0,0,0,1,1,177,123,75,1,376,0,0,0,376
11/07/2014,CMH,OH,AGL,CE,Combined TRACON& Tower with Radar,182,125,49,0,356,0,3,6,0,9,182,128,55,0,365,0,0,0,365
11/08/2014,CMH,OH,AGL,CE,Combined TRACON& Tower with Radar,142,67,24,0,233,0,5,6,1,12,142,72,30,1,245,0,0,0,245
11/09/2014,CMH,OH,AGL,CE,Combined TRACON& Tower with Radar,158,114,36,0,308,0,0,21,0,21,158,114,57,0,329,0,0,0,329
11/10/2014,CMH,OH,AGL,CE,Combined TRACON& Tower with Radar,173,124,70,2,369,0,0,12,0,12,173,124,82,2,381,0,0,0,381
11/11/2014,CMH,OH,AGL,CE,Combined TRACON& Tower with Radar,179,139,51,0,369,0,1,9,0,10,179,140,60,0,379,0,0,0,379
11/12/2014,CMH,OH,AGL,CE,Combined TRACON& Tower with Radar,176,123,54,3,356,0,1,15,0,16,176,124,69,3,372,0,0,0,372
11/13/2014,CMH,OH,AGL,CE,Combined TRACON& Tower with Radar,173,144,73,6,396,0,0,9,0,9,173,144,82,6,405,0,0,0,405
11/14/2014,CMH,OH,AGL,CE,Combined TRACON& Tower with Radar,185,144,67,2,398,0,2,4,0,6,185,146,71,2,404,0,0,0,404
11/15/2014,CMH,OH,AGL,CE,Combined TRACON& Tower with Radar,138,83,24,2,247,0,0,12,1,13,138,83,36,3,260,0,0,0,260
11/16/2014,CMH,OH,AGL,CE,Combined TRACON& Tower with Radar,157,108,32,6,303,0,0,1,0,1,157,108,33,6,304,0,0,0,304
11/17/2014,CMH,OH,AGL,CE,Combined TRACON& Tower with Radar,166,116,51,1,334,0,0,1,0,1,166,116,52,1,335,0,0,0,335
11/18/2014,CMH,OH,AGL,CE,Combined TRACON& Tower with Radar,179,137,78,2,396,0,1,6,0,7,179,138,84,2,403,0,0,0,403
11/19/2014,CMH,OH,AGL,CE,Combined TRACON& Tower with Radar,171,138,83,0,392,0,5,13,0,18,171,143,96,0,410,0,0,0,410
11/20/2014,CMH,OH,AGL,CE,Combined TRACON& Tower with Radar,178,127,92,0,397,0,0,13,0,13,178,127,105,0,410,0,0,0,410
11/21/2014,CMH,OH,AGL,CE,Combined TRACON& Tower with Radar,185,135,64,6,390,0,1,20,0,21,185,136,84,6,411,0,0,0,411
11/22/2014,CMH,OH,AGL,CE,Combined TRACON& Tower with Radar,143,78,16,0,237,0,4,1,0,5,143,82,17,0,242,0,0,0,242
11/23/2014,CMH,OH,AGL,CE,Combined TRACON& Tower with Radar,149,105,28,0,282,0,2,6,0,8,149,107,34,0,290,0,0,0,290
11/24/2014,CMH,OH,AGL,CE,Combined TRACON& Tower with Radar,160,85,36,0,281,0,2,1,0,3,160,87,37,0,284,0,0,0,284
11/25/2014,CMH,OH,AGL,CE,Combined TRACON& Tower with Radar,176,127,59,2,364,0,4,14,0,18,176,131,73,2,382,0,0,0,382
11/26/2014,CMH,OH,AGL,CE,Combined TRACON& Tower with Radar,193,118,33,2,346,0,0,4,0,4,193,118,37,2,350,0,0,0,350
11/27/2014,CMH,OH,AGL,CE,Combined TRACON& Tower with Radar,124,71,8,0,203,0,1,2,0,3,124,72,10,0,206,0,0,0,206
11/28/2014,CMH,OH,AGL,CE,Combined TRACON& Tower with Radar,123,67,29,0,219,0,1,17,0,18,123,68,46,0,237,0,0,0,237
11/29/2014,CMH,OH,AGL,CE,Combined TRACON& Tower with Radar,165,112,34,0,311,0,1,12,0,13,165,113,46,0,324,0,0,0,324
11/30/2014,CMH,OH,AGL,CE,Combined TRACON& Tower with Radar,190,129,38,0,357,0,1,9,0,10,190,130,47,0,367,0,0,0,367
12/01/2014,CMH,OH,AGL,CE,Combined TRACON& Tower with Radar,204,125,43,0,372,0,0,0,0,0,204,125,43,0,372,0,0,0,372
12/02/2014,CMH,OH,AGL,CE,Combined TRACON& Tower with Radar,177,121,57,0,355,0,0,1,0,1,177,121,58,0,356,0,0,0,356
12/03/2014,CMH,OH,AGL,CE,Combined TRACON& Tower with Radar,191,110,60,0,361,0,3,8,0,11,191,113,68,0,372,0,0,0,372
12/04/2014,CMH,OH,AGL,CE,Combined TRACON& Tower with Radar,183,105,68,0,356,0,1,9,0,10,183,106,77,0,366,0,0,0,366
12/05/2014,CMH,OH,AGL,CE,Combined TRACON& Tower with Radar,190,97,46,0,333,0,1,2,0,3,190,98,48,0,336,0,0,0,336
12/06/2014,CMH,OH,AGL,CE,Combined TRACON& Tower with Radar,134,70,28,0,232,0,1,4,0,5,134,71,32,0,237,0,0,0,237
12/07/2014,CMH,OH,AGL,CE,Combined TRACON& Tower with Radar,160,102,25,0,287,0,2,19,0,21,160,104,44,0,308,0,0,0,308
12/08/2014,CMH,OH,AGL,CE,Combined TRACON& Tower with Radar,177,108,57,0,342,0,0,4,0,4,177,108,61,0,346,0,0,0,346
12/09/2014,CMH,OH,AGL,CE,Combined TRACON& Tower with Radar,174,115,57,2,348,0,0,1,0,1,174,115,58,2,349,0,0,0,349
12/10/2014,CMH,OH,AGL,CE,Combined TRACON& Tower with Radar,185,113,80,2,380,0,1,2,0,3,185,114,82,2,383,0,0,0,383
12/11/2014,CMH,OH,AGL,CE,Combined TRACON& Tower with Radar,185,101,74,4,364,0,3,6,0,9,185,104,80,4,373,0,0,0,373
12/12/2014,CMH,OH,AGL,CE,Combined TRACON& Tower with Radar,188,101,44,0,333,0,1,6,2,9,188,102,50,2,342,0,0,0,342
12/13/2014,CMH,OH,AGL,CE,Combined TRACON& Tower with Radar,131,59,19,0,209,0,0,1,0,1,131,59,20,0,210,0,0,0,210
12/14/2014,CMH,OH,AGL,CE,Combined TRACON& Tower with Radar,157,86,40,0,283,0,1,4,0,5,157,87,44,0,288,0,0,0,288
12/15/2014,CMH,OH,AGL,CE,Combined TRACON& Tower with Radar,183,99,63,0,345,0,0,14,0,14,183,99,77,0,359,0,0,0,359
12/16/2014,CMH,OH,AGL,CE,Combined TRACON& Tower with Radar,183,95,53,2,333,0,0,4,0,4,183,95,57,2,337,0,0,0,337
12/17/2014,CMH,OH,AGL,CE,Combined TRACON& Tower with Radar,188,104,89,2,383,0,0,3,0,3,188,104,92,2,386,0,0,0,386
12/18/2014,CMH,OH,AGL,CE,Combined TRACON& Tower with Radar,178,115,74,0,367,0,2,3,0,5,178,117,77,0,372,0,0,0,372
12/19/2014,CMH,OH,AGL,CE,Combined TRACON& Tower with Radar,183,122,60,0,365,0,2,10,0,12,183,124,70,0,377,0,0,0,377
12/20/2014,CMH,OH,AGL,CE,Combined TRACON& Tower with Radar,158,80,23,0,261,0,3,7,0,10,158,83,30,0,271,0,0,0,271
12/21/2014,CMH,OH,AGL,CE,Combined TRACON& Tower with Radar,158,96,15,0,269,0,2,11,1,14,158,98,26,1,283,0,0,0,283
12/22/2014,CMH,OH,AGL,CE,Combined TRACON& Tower with Radar,178,103,19,0,300,0,0,11,2,13,178,103,30,2,313,0,0,0,313
12/23/2014,CMH,OH,AGL,CE,Combined TRACON& Tower with Radar,167,99,18,0,284,0,1,6,0,7,167,100,24,0,291,0,0,0,291
12/24/2014,CMH,OH,AGL,CE,Combined TRACON& Tower with Radar,146,53,4,0,203,0,0,0,0,0,146,53,4,0,203,0,0,0,203
12/25/2014,CMH,OH,AGL,CE,Combined TRACON& Tower with Radar,121,62,4,0,187,0,4,7,0,11,121,66,11,0,198,0,0,0,198
12/26/2014,CMH,OH,AGL,CE,Combined TRACON& Tower with Radar,174,96,25,0,295,0,0,15,0,15,174,96,40,0,310,0,0,0,310
12/27/2014,CMH,OH,AGL,CE,Combined TRACON& Tower with Radar,155,76,19,0,250,0,4,7,0,11,155,80,26,0,261,0,0,0,261
12/28/2014,CMH,OH,AGL,CE,Combined TRACON& Tower with Radar,165,101,12,0,278,0,0,2,0,2,165,101,14,0,280,0,0,0,280
12/29/2014,CMH,OH,AGL,CE,Combined TRACON& Tower with Radar,173,90,9,2,274,0,2,8,0,10,173,92,17,2,284,0,0,0,284
12/30/2014,CMH,OH,AGL,CE,Combined TRACON& Tower with Radar,188,94,21,4,307,0,3,8,0,11,188,97,29,4,318,0,0,0,318
12/31/2014,CMH,OH,AGL,CE,Combined TRACON& Tower with Radar,136,64,14,0,214,0,2,8,0,10,136,66,22,0,224,0,0,0,224
01/01/2015,CMH,OH,AGL,CE,Combined TRACON& Tower with Radar,130,71,14,0,215,0,4,0,0,4,130,75,14,0,219,0,0,0,219
01/02/2015,CMH,OH,AGL,CE,Combined TRACON& Tower with Radar,190,102,28,0,320,0,1,19,0,20,190,103,47,0,340,0,0,0,340
01/03/2015,CMH,OH,AGL,CE,Combined TRACON& Tower with Radar,155,80,19,0,254,0,0,3,0,3,155,80,22,0,257,0,0,0,257
01/04/2015,CMH,OH,AGL,CE,Combined TRACON& Tower with Radar,162,86,23,0,271,0,0,0,0,0,162,86,23,0,271,0,0,0,271
01/05/2015,CMH,OH,AGL,CE,Combined TRACON& Tower with Radar,157,99,37,0,293,0,1,2,0,3,157,100,39,0,296,0,0,0,296
01/06/2015,CMH,OH,AGL,CE,Combined TRACON& Tower with Radar,156,104,33,0,293,0,0,3,0,3,156,104,36,0,296,0,0,0,296
01/07/2015,CMH,OH,AGL,CE,Combined TRACON& Tower with Radar,167,99,41,4,311,0,1,3,0,4,167,100,44,4,315,0,0,0,315
01/08/2015,CMH,OH,AGL,CE,Combined TRACON& Tower with Radar,157,98,59,0,314,0,2,2,0,4,157,100,61,0,318,0,0,0,318
01/09/2015,CMH,OH,AGL,CE,Combined TRACON& Tower with Radar,181,103,31,8,323,0,2,4,2,8,181,105,35,10,331,0,0,0,331
01/10/2015,CMH,OH,AGL,CE,Combined TRACON& Tower with Radar,157,56,19,0,232,0,3,6,0,9,157,59,25,0,241,0,0,0,241
01/11/2015,CMH,OH,AGL,CE,Combined TRACON& Tower with Radar,145,97,39,0,281,0,0,6,0,6,145,97,45,0,287,0,0,0,287
01/12/2015,CMH,OH,AGL,CE,Combined TRACON& Tower with Radar,170,104,63,0,337,0,0,0,0,0,170,104,63,0,337,0,0,0,337
01/13/2015,CMH,OH,AGL,CE,Combined TRACON& Tower with Radar,202,129,77,1,409,0,3,6,0,9,202,132,83,1,418,0,0,0,418
01/14/2015,CMH,OH,AGL,CE,Combined TRACON& Tower with Radar,170,116,39,0,325,0,0,5,2,7,170,116,44,2,332,0,0,0,332
01/15/2015,CMH,OH,AGL,CE,Combined TRACON& Tower with Radar,173,121,59,4,357,0,1,20,0,21,173,122,79,4,378,0,0,0,378
01/16/2015,CMH,OH,AGL,CE,Combined TRACON& Tower with Radar,178,115,44,4,341,0,2,7,0,9,178,117,51,4,350,0,0,0,350
01/17/2015,CMH,OH,AGL,CE,Combined TRACON& Tower with Radar,135,55,12,0,202,0,3,13,0,16,135,58,25,0,218,0,0,0,218
01/18/2015,CMH,OH,AGL,CE,Combined TRACON& Tower with Radar,138,68,18,0,224,0,1,0,0,1,138,69,18,0,225,0,0,0,225
01/19/2015,CMH,OH,AGL,CE,Combined TRACON& Tower with Radar,164,106,45,0,315,0,0,12,0,12,164,106,57,0,327,0,0,0,327
01/20/2015,CMH,OH,AGL,CE,Combined TRACON& Tower with Radar,165,104,49,0,318,0,1,7,0,8,165,105,56,0,326,0,0,0,326
01/21/2015,CMH,OH,AGL,CE,Combined TRACON& Tower with Radar,173,119,56,0,348,0,0,1,0,1,173,119,57,0,349,0,0,0,349
01/22/2015,CMH,OH,AGL,CE,Combined TRACON& Tower with Radar,171,119,59,0,349,0,0,1,0,1,171,119,60,0,350,0,0,0,350
01/23/2015,CMH,OH,AGL,CE,Combined TRACON& Tower with Radar,174,115,58,0,347,0,0,13,0,13,174,115,71,0,360,0,0,0,360
01/24/2015,CMH,OH,AGL,CE,Combined TRACON& Tower with Radar,137,82,15,0,234,0,2,6,0,8,137,84,21,0,242,0,0,0,242
01/25/2015,CMH,OH,AGL,CE,Combined TRACON& Tower with Radar,150,116,43,0,309,0,0,4,0,4,150,116,47,0,313,0,0,0,313
01/26/2015,CMH,OH,AGL,CE,Combined TRACON& Tower with Radar,151,99,51,0,301,0,0,1,0,1,151,99,52,0,302,0,0,0,302
01/27/2015,CMH,OH,AGL,CE,Combined TRACON& Tower with Radar,138,86,38,2,264,0,2,3,0,5,138,88,41,2,269,0,0,0,269
01/28/2015,CMH,OH,AGL,CE,Combined TRACON& Tower with Radar,164,116,67,0,347,0,3,22,1,26,164,119,89,1,373,0,0,0,373
01/29/2015,CMH,OH,AGL,CE,Combined TRACON& Tower with Radar,166,117,60,0,343,0,2,2,0,4,166,119,62,0,347,0,0,0,347
01/30/2015,CMH,OH,AGL,CE,Combined TRACON& Tower with Radar,171,118,44,0,333,0,0,2,0,2,171,118,46,0,335,0,0,0,335
01/31/2015,CMH,OH,AGL,CE,Combined TRACON& Tower with Radar,140,64,24,0,228,0,1,20,3,24,140,65,44,3,252,0,0,0,252
02/01/2015,CMH,OH,AGL,CE,Combined TRACON& Tower with Radar,120,69,21,0,210,0,0,0,0,0,120,69,21,0,210,0,0,0,210
02/02/2015,CMH,OH,AGL,CE,Combined TRACON& Tower with Radar,131,75,36,0,242,0,0,1,0,1,131,75,37,0,243,0,0,0,243
02/03/2015,CMH,OH,AGL,CE,Combined TRACON& Tower with Radar,155,116,49,2,322,0,1,2,1,4,155,117,51,3,326,0,0,0,326
02/04/2015,CMH,OH,AGL,CE,Combined TRACON& Tower with Radar,177,116,59,1,353,0,0,8,1,9,177,116,67,2,362,0,0,0,362
02/05/2015,CMH,OH,AGL,CE,Combined TRACON& Tower with Radar,176,109,59,0,344,0,0,11,0,11,176,109,70,0,355,0,0,0,355
02/06/2015,CMH,OH,AGL,CE,Combined TRACON& Tower with Radar,175,114,55,4,348,0,2,6,0,8,175,116,61,4,356,0,0,0,356
02/07/2015,CMH,OH,AGL,CE,Combined TRACON& Tower with Radar,137,59,17,1,214,0,3,11,0,14,137,62,28,1,228,0,0,0,228
02/08/2015,CMH,OH,AGL,CE,Combined TRACON& Tower with Radar,149,99,21,0,269,0,1,4,0,5,149,100,25,0,274,0,0,0,274
02/09/2015,CMH,OH,AGL,CE,Combined TRACON& Tower with Radar,166,99,45,0,310,0,0,2,0,2,166,99,47,0,312,0,0,0,312
02/10/2015,CMH,OH,AGL,CE,Combined TRACON& Tower with Radar,163,128,50,0,341,0,3,5,0,8,163,131,55,0,349,0,0,0,349
02/11/2015,CMH,OH,AGL,CE,Combined TRACON& Tower with Radar,174,124,60,0,358,0,1,9,0,10,174,125,69,0,368,0,0,0,368
02/12/2015,CMH,OH,AGL,CE,Combined TRACON& Tower with Radar,177,121,51,0,349,0,2,6,0,8,177,123,57,0,357,0,0,0,357
02/13/2015,CMH,OH,AGL,CE,Combined TRACON& Tower with Radar,179,128,40,1,348,0,1,5,1,7,179,129,45,2,355,0,0,0,355
02/14/2015,CMH,OH,AGL,CE,Combined TRACON& Tower with Radar,129,61,7,0,197,0,2,2,0,4,129,63,9,0,201,0,0,0,201
02/15/2015,CMH,OH,AGL,CE,Combined TRACON& Tower with Radar,130,78,24,0,232,0,1,5,0,6,130,79,29,0,238,0,0,0,238
02/16/2015,CMH,OH,AGL,CE,Combined TRACON& Tower with Radar,169,107,38,0,314,0,0,0,0,0,169,107,38,0,314,0,0,0,314
02/17/2015,CMH,OH,AGL,CE,Combined TRACON& Tower with Radar,154,114,68,8,344,0,6,5,0,11,154,120,73,8,355,0,0,0,355
02/18/2015,CMH,OH,AGL,CE,Combined TRACON& Tower with Radar,179,114,65,0,358,0,1,1,0,2,179,115,66,0,360,0,0,0,360
02/19/2015,CMH,OH,AGL,CE,Combined TRACON& Tower with Radar,185,121,64,0,370,0,4,2,0,6,185,125,66,0,376,0,0,0,376
02/20/2015,CMH,OH,AGL,CE,Combined TRACON& Tower with Radar,184,116,53,6,359,0,0,10,0,10,184,116,63,6,369,0,0,0,369
02/21/2015,CMH,OH,AGL,CE,Combined TRACON& Tower with Radar,102,68,15,1,186,0,1,0,0,1,102,69,15,1,187,0,0,0,187
02/22/2015,CMH,OH,AGL,CE,Combined TRACON& Tower with Radar,142,103,22,1,268,0,1,2,0,3,142,104,24,1,271,0,0,0,271
02/23/2015,CMH,OH,AGL,CE,Combined TRACON& Tower with Radar,183,112,58,0,353,0,0,8,0,8,183,112,66,0,361,0,0,0,361
02/24/2015,CMH,OH,AGL,CE,Combined TRACON& Tower with Radar,165,118,76,0,359,0,8,5,0,13,165,126,81,0,372,0,0,0,372
02/25/2015,CMH,OH,AGL,CE,Combined TRACON& Tower with Radar,184,105,45,0,334,0,1,7,0,8,184,106,52,0,342,0,0,0,342
02/26/2015,CMH,OH,AGL,CE,Combined TRACON& Tower with Radar,163,112,74,0,349,0,3,2,0,5,163,115,76,0,354,0,0,0,354
02/27/2015,CMH,OH,AGL,CE,Combined TRACON& Tower with Radar,183,119,54,0,356,0,2,18,0,20,183,121,72,0,376,0,0,0,376
02/28/2015,CMH,OH,AGL,CE,Combined TRACON& Tower with Radar,129,70,30,2,231,0,3,15,0,18,129,73,45,2,249,0,0,0,249
03/01/2015,CMH,OH,AGL,CE,Combined TRACON& Tower with Radar,133,80,27,0,240,0,0,0,0,0,133,80,27,0,240,0,0,0,240
03/02/2015,CMH,OH,AGL,CE,Combined TRACON& Tower with Radar,171,122,47,0,340,0,0,7,0,7,171,122,54,0,347,0,0,0,347
03/03/2015,CMH,OH,AGL,CE,Combined TRACON& Tower with Radar,167,110,58,0,335,0,0,1,2,3,167,110,59,2,338,0,0,0,338
03/04/2015,CMH,OH,AGL,CE,Combined TRACON& Tower with Radar,181,121,51,0,353,0,0,0,0,0,181,121,51,0,353,0,0,0,353
03/05/2015,CMH,OH,AGL,CE,Combined TRACON& Tower with Radar,147,81,74,0,302,0,0,2,0,2,147,81,76,0,304,0,0,0,304
03/06/2015,CMH,OH,AGL,CE,Combined TRACON& Tower with Radar,181,130,66,2,379,0,3,11,2,16,181,133,77,4,395,0,0,0,395
03/07/2015,CMH,OH,AGL,CE,Combined TRACON& Tower with Radar,168,91,25,0,284,0,3,2,2,7,168,94,27,2,291,0,0,0,291
03/08/2015,CMH,OH,AGL,CE,Combined TRACON& Tower with Radar,177,99,50,1,327,0,0,7,3,10,177,99,57,4,337,0,0,0,337
03/09/2015,CMH,OH,AGL,CE,Combined TRACON& Tower with Radar,184,122,65,1,372,0,2,12,0,14,184,124,77,1,386,0,0,0,386
03/10/2015,CMH,OH,AGL,CE,Combined TRACON& Tower with Radar,187,114,53,0,354,0,1,2,0,3,187,115,55,0,357,0,0,0,357
03/11/2015,CMH,OH,AGL,CE,Combined TRACON& Tower with Radar,179,112,52,4,347,0,4,5,0,9,179,116,57,4,356,0,0,0,356
03/12/2015,CMH,OH,AGL,CE,Combined TRACON& Tower with Radar,185,118,84,6,393,0,1,16,1,18,185,119,100,7,411,0,0,0,411
03/13/2015,CMH,OH,AGL,CE,Combined TRACON& Tower with Radar,188,105,48,7,348,0,0,6,0,6,188,105,54,7,354,0,0,0,354
03/14/2015,CMH,OH,AGL,CE,Combined TRACON& Tower with Radar,171,73,13,0,257,0,3,3,2,8,171,76,16,2,265,0,0,0,265
03/15/2015,CMH,OH,AGL,CE,Combined TRACON& Tower with Radar,170,93,26,4,293,0,1,24,3,28,170,94,50,7,321,0,0,0,321
03/16/2015,CMH,OH,AGL,CE,Combined TRACON& Tower with Radar,188,123,44,1,356,0,3,15,4,22,188,126,59,5,378,0,0,0,378
03/17/2015,CMH,OH,AGL,CE,Combined TRACON& Tower with Radar,185,107,51,0,343,0,3,2,3,8,185,110,53,3,351,0,0,0,351
03/18/2015,CMH,OH,AGL,CE,Combined TRACON& Tower with Radar,199,104,58,0,361,0,0,17,5,22,199,104,75,5,383,0,0,0,383
03/19/2015,CMH,OH,AGL,CE,Combined TRACON& Tower with Radar,192,115,47,3,357,0,0,20,3,23,192,115,67,6,380,0,0,0,380
03/20/2015,CMH,OH,AGL,CE,Combined TRACON& Tower with Radar,180,111,49,1,341,0,0,9,0,9,180,111,58,1,350,0,0,0,350
03/21/2015,CMH,OH,AGL,CE,Combined TRACON& Tower with Radar,171,76,24,1,272,0,4,6,1,11,171,80,30,2,283,0,0,0,283
03/22/2015,CMH,OH,AGL,CE,Combined TRACON& Tower with Radar,176,98,28,1,303,0,4,23,2,29,176,102,51,3,332,0,0,0,332
03/23/2015,CMH,OH,AGL,CE,Combined TRACON& Tower with Radar,184,116,43,0,343,0,0,9,2,11,184,116,52,2,354,0,0,0,354
03/24/2015,CMH,OH,AGL,CE,Combined TRACON& Tower with Radar,188,109,50,1,348,0,10,14,0,24,188,119,64,1,372,0,0,0,372
03/25/2015,CMH,OH,AGL,CE,Combined TRACON& Tower with Radar,188,107,68,1,364,0,0,1,0,1,188,107,69,1,365,0,0,0,365
03/26/2015,CMH,OH,AGL,CE,Combined TRACON& Tower with Radar,185,112,43,1,341,0,0,6,0,6,185,112,49,1,347,0,0,0,347
03/27/2015,CMH,OH,AGL,CE,Combined TRACON& Tower with Radar,194,114,52,0,360,0,2,16,0,18,194,116,68,0,378,0,0,0,378
03/28/2015,CMH,OH,AGL,CE,Combined TRACON& Tower with Radar,175,68,25,0,268,0,5,9,0,14,175,73,34,0,282,0,0,0,282
03/29/2015,CMH,OH,AGL,CE,Combined TRACON& Tower with Radar,183,91,25,0,299,0,0,13,0,13,183,91,38,0,312,0,0,0,312
03/30/2015,CMH,OH,AGL,CE,Combined TRACON& Tower with Radar,195,106,44,0,345,0,5,23,0,28,195,111,67,0,373,0,0,0,373
03/31/2015,CMH,OH,AGL,CE,Combined TRACON& Tower with Radar,194,97,40,6,337,0,4,10,1,15,194,101,50,7,352,0,0,0,352
04/01/2015,CMH,OH,AGL,CE,Combined TRACON& Tower with Radar,191,126,51,5,373,0,2,25,0,27,191,128,76,5,400,0,0,0,400
04/02/2015,CMH,OH,AGL,CE,Combined TRACON& Tower with Radar,192,114,39,0,345,0,0,0,1,1,192,114,39,1,346,0,0,0,346
04/03/2015,CMH,OH,AGL,CE,Combined TRACON& Tower with Radar,197,108,23,0,328,0,0,1,1,2,197,108,24,1,330,0,0,0,330
04/04/2015,CMH,OH,AGL,CE,Combined TRACON& Tower with Radar,169,70,15,1,255,0,3,16,0,19,169,73,31,1,274,0,0,0,274
04/05/2015,CMH,OH,AGL,CE,Combined TRACON& Tower with Radar,183,73,18,0,274,0,2,6,0,8,183,75,24,0,282,0,0,0,282
04/06/2015,CMH,OH,AGL,CE,Combined TRACON& Tower with Radar,190,116,44,0,350,0,0,3,0,3,190,116,47,0,353,0,0,0,353
04/07/2015,CMH,OH,AGL,CE,Combined TRACON& Tower with Radar,193,120,47,0,360,0,1,1,0,2,193,121,48,0,362,0,0,0,362
04/08/2015,CMH,OH,AGL,CE,Combined TRACON& Tower with Radar,190,116,41,0,347,0,0,1,0,1,190,116,42,0,348,0,0,0,348
04/09/2015,CMH,OH,AGL,CE,Combined TRACON& Tower with Radar,183,112,55,0,350,0,1,2,0,3,183,113,57,0,353,0,0,0,353
04/10/2015,CMH,OH,AGL,CE,Combined TRACON& Tower with Radar,194,113,47,8,362,0,2,5,3,10,194,115,52,11,372,0,0,0,372
04/11/2015,CMH,OH,AGL,CE,Combined TRACON& Tower with Radar,160,69,24,1,254,0,1,10,6,17,160,70,34,7,271,0,0,0,271
04/12/2015,CMH,OH,AGL,CE,Combined TRACON& Tower with Radar,173,95,29,0,297,0,4,18,2,24,173,99,47,2,321,0,0,0,321
04/13/2015,CMH,OH,AGL,CE,Combined TRACON& Tower with Radar,188,119,56,0,363,0,3,5,1,9,188,122,61,1,372,0,0,0,372
04/14/2015,CMH,OH,AGL,CE,Combined TRACON& Tower with Radar,191,112,62,0,365,0,4,11,0,15,191,116,73,0,380,0,0,0,380
04/15/2015,CMH,OH,AGL,CE,Combined TRACON& Tower with Radar,192,111,66,0,369,0,1,6,0,7,192,112,72,0,376,0,0,0,376
04/16/2015,CMH,OH,AGL,CE,Combined TRACON& Tower with Radar,191,104,63,1,359,0,0,2,0,2,191,104,65,1,361,0,0,0,361
04/17/2015,CMH,OH,AGL,CE,Combined TRACON& Tower with Radar,191,110,48,1,350,0,2,14,0,16,191,112,62,1,366,0,0,0,366
04/18/2015,CMH,OH,AGL,CE,Combined TRACON& Tower with Radar,165,58,22,0,245,0,6,14,0,20,165,64,36,0,265,0,0,0,265
04/19/2015,CMH,OH,AGL,CE,Combined TRACON& Tower with Radar,176,100,26,0,302,0,3,2,0,5,176,103,28,0,307,0,0,0,307
04/20/2015,CMH,OH,AGL,CE,Combined TRACON& Tower with Radar,183,94,62,0,339,0,2,1,0,3,183,96,63,0,342,0,0,0,342
04/21/2015,CMH,OH,AGL,CE,Combined TRACON& Tower with Radar,191,109,68,3,371,0,3,6,2,11,191,112,74,5,382,0,0,0,382
04/22/2015,CMH,OH,AGL,CE,Combined TRACON& Tower with Radar,188,113,76,0,377,0,5,4,1,10,188,118,80,1,387,0,0,0,387
04/23/2015,CMH,OH,AGL,CE,Combined TRACON& Tower with Radar,191,111,82,6,390,0,2,14,0,16,191,113,96,6,406,0,0,0,406
04/24/2015,CMH,OH,AGL,CE,Combined TRACON& Tower with Radar,187,113,64,0,364,0,3,18,3,24,187,116,82,3,388,0,0,0,388
04/25/2015,CMH,OH,AGL,CE,Combined TRACON& Tower with Radar,162,60,20,0,242,0,0,1,0,1,162,60,21,0,243,0,0,0,243
04/26/2015,CMH,OH,AGL,CE,Combined TRACON& Tower with Radar,177,92,40,0,309,0,1,8,3,12,177,93,48,3,321,0,0,0,321
04/27/2015,CMH,OH,AGL,CE,Combined TRACON& Tower with Radar,191,119,38,2,350,0,10,8,1,19,191,129,46,3,369,0,0,0,369
04/28/2015,CMH,OH,AGL,CE,Combined TRACON& Tower with Radar,187,105,71,0,363,0,4,17,0,21,187,109,88,0,384,0,0,0,384
04/29/2015,CMH,OH,AGL,CE,Combined TRACON& Tower with Radar,189,103,72,0,364,0,3,14,0,17,189,106,86,0,381,0,0,0,381
04/30/2015,CMH,OH,AGL,CE,Combined TRACON& Tower with Radar,188,122,68,4,382,0,2,1,0,3,188,124,69,4,385,0,0,0,385
05/01/2015,CMH,OH,AGL,CE,Combined TRACON& Tower with Radar,188,122,38,4,352,0,5,15,1,21,188,127,53,5,373,0,0,0,373
05/02/2015,CMH,OH,AGL,CE,Combined TRACON& Tower with Radar,158,67,17,0,242,0,9,16,1,26,158,76,33,1,268,0,0,0,268
05/03/2015,CMH,OH,AGL,CE,Combined TRACON& Tower with Radar,164,94,29,1,288,0,11,13,0,24,164,105,42,1,312,0,0,0,312
05/04/2015,CMH,OH,AGL,CE,Combined TRACON& Tower with Radar,194,113,63,0,370,0,1,9,0,10,194,114,72,0,380,0,0,0,380
05/05/2015,CMH,OH,AGL,CE,Combined TRACON& Tower with Radar,185,109,71,2,367,0,7,5,1,13,185,116,76,3,380,0,0,0,380
05/06/2015,CMH,OH,AGL,CE,Combined TRACON& Tower with Radar,186,123,93,0,402,0,3,18,1,22,186,126,111,1,424,0,0,0,424
05/07/2015,CMH,OH,AGL,CE,Combined TRACON& Tower with Radar,199,119,57,0,375,0,6,8,0,14,199,125,65,0,389,0,0,0,389
05/08/2015,CMH,OH,AGL,CE,Combined TRACON& Tower with Radar,189,117,52,0,358,0,6,17,0,23,189,123,69,0,381,0,0,0,381
05/09/2015,CMH,OH,AGL,CE,Combined TRACON& Tower with Radar,182,63,15,1,261,0,3,12,1,16,182,66,27,2,277,0,0,0,277
05/10/2015,CMH,OH,AGL,CE,Combined TRACON& Tower with Radar,172,100,32,1,305,0,5,8,0,13,172,105,40,1,318,0,0,0,318
05/11/2015,CMH,OH,AGL,CE,Combined TRACON& Tower with Radar,189,113,46,0,348,0,3,5,0,8,189,116,51,0,356,0,0,0,356
05/12/2015,CMH,OH,AGL,CE,Combined TRACON& Tower with Radar,201,116,70,8,395,0,5,7,2,14,201,121,77,10,409,0,0,0,409
05/13/2015,CMH,OH,AGL,CE,Combined TRACON& Tower with Radar,198,112,60,1,371,0,5,14,0,19,198,117,74,1,390,0,0,0,390
05/14/2015,CMH,OH,AGL,CE,Combined TRACON& Tower with Radar,194,119,73,6,392,0,11,7,0,18,194,130,80,6,410,0,0,0,410
05/15/2015,CMH,OH,AGL,CE,Combined TRACON& Tower with Radar,195,111,72,4,382,0,6,4,0,10,195,117,76,4,392,0,0,0,392
05/16/2015,CMH,OH,AGL,CE,Combined TRACON& Tower with Radar,166,54,22,4,246,0,3,3,0,6,166,57,25,4,252,0,0,0,252
05/17/2015,CMH,OH,AGL,CE,Combined TRACON& Tower with Radar,177,89,29,0,295,0,0,7,0,7,177,89,36,0,302,0,0,0,302
05/18/2015,CMH,OH,AGL,CE,Combined TRACON& Tower with Radar,189,101,61,0,351,0,2,5,0,7,189,103,66,0,358,0,0,0,358
05/19/2015,CMH,OH,AGL,CE,Combined TRACON& Tower with Radar,200,97,59,0,356,0,2,18,0,20,200,99,77,0,376,0,0,0,376
05/20/2015,CMH,OH,AGL,CE,Combined TRACON& Tower with Radar,194,104,75,0,373,0,2,16,0,18,194,106,91,0,391,0,0,0,391
05/21/2015,CMH,OH,AGL,CE,Combined TRACON& Tower with Radar,195,121,70,0,386,0,0,11,1,12,195,121,81,1,398,0,0,0,398
05/22/2015,CMH,OH,AGL,CE,Combined TRACON& Tower with Radar,201,114,44,4,363,0,2,14,0,16,201,116,58,4,379,0,0,0,379
05/23/2015,CMH,OH,AGL,CE,Combined TRACON& Tower with Radar,166,64,17,0,247,0,4,14,0,18,166,68,31,0,265,0,0,0,265
05/24/2015,CMH,OH,AGL,CE,Combined TRACON& Tower with Radar,152,69,11,0,232,0,2,11,0,13,152,71,22,0,245,0,0,0,245
05/25/2015,CMH,OH,AGL,CE,Combined TRACON& Tower with Radar,169,93,26,2,290,0,0,3,0,3,169,93,29,2,293,0,0,0,293
05/26/2015,CMH,OH,AGL,CE,Combined TRACON& Tower with Radar,187,116,75,2,380,0,3,5,0,8,187,119,80,2,388,0,0,0,388
05/27/2015,CMH,OH,AGL,CE,Combined TRACON& Tower with Radar,188,115,42,3,348,0,2,6,0,8,188,117,48,3,356,0,0,0,356
05/28/2015,CMH,OH,AGL,CE,Combined TRACON& Tower with Radar,197,127,57,8,389,0,3,10,2,15,197,130,67,10,404,0,0,0,404
05/29/2015,CMH,OH,AGL,CE,Combined TRACON& Tower with Radar,197,114,41,1,353,0,5,17,0,22,197,119,58,1,375,0,0,0,375
05/30/2015,CMH,OH,AGL,CE,Combined TRACON& Tower with Radar,172,67,13,0,252,0,2,4,0,6,172,69,17,0,258,0,0,0,258
05/31/2015,CMH,OH,AGL,CE,Combined TRACON& Tower with Radar,169,91,31,2,293,0,2,3,0,5,169,93,34,2,298,0,0,0,298
06/01/2015,CMH,OH,AGL,CE,Combined TRACON& Tower with Radar,179,110,58,1,348,0,3,2,0,5,179,113,60,1,353,0,0,0,353
06/02/2015,CMH,OH,AGL,CE,Combined TRACON& Tower with Radar,198,106,56,0,360,0,2,15,0,17,198,108,71,0,377,0,0,0,377
06/03/2015,CMH,OH,AGL,CE,Combined TRACON& Tower with Radar,200,108,65,2,375,0,1,13,0,14,200,109,78,2,389,0,0,0,389
06/04/2015,CMH,OH,AGL,CE,Combined TRACON& Tower with Radar,196,113,54,0,363,0,6,12,1,19,196,119,66,1,382,0,0,0,382
06/05/2015,CMH,OH,AGL,CE,Combined TRACON& Tower with Radar,192,122,53,0,367,0,0,9,0,9,192,122,62,0,376,0,0,0,376
06/06/2015,CMH,OH,AGL,CE,Combined TRACON& Tower with Radar,169,83,20,0,272,0,1,3,0,4,169,84,23,0,276,0,0,0,276
06/07/2015,CMH,OH,AGL,CE,Combined TRACON& Tower with Radar,187,105,28,2,322,0,2,10,0,12,187,107,38,2,334,0,0,0,334
06/08/2015,CMH,OH,AGL,CE,Combined TRACON& Tower with Radar,186,115,65,0,366,0,2,0,2,4,186,117,65,2,370,0,0,0,370
06/09/2015,CMH,OH,AGL,CE,Combined TRACON& Tower with Radar,190,116,72,0,378,0,4,20,0,24,190,120,92,0,402,0,0,0,402
06/10/2015,CMH,OH,AGL,CE,Combined TRACON& Tower with Radar,201,116,78,4,399,0,1,17,1,19,201,117,95,5,418,0,0,0,418
06/11/2015,CMH,OH,AGL,CE,Combined TRACON& Tower with Radar,194,112,73,0,379,0,2,10,0,12,194,114,83,0,391,0,0,0,391
06/12/2015,CMH,OH,AGL,CE,Combined TRACON& Tower with Radar,196,122,58,0,376,0,1,7,0,8,196,123,65,0,384,0,0,0,384
06/13/2015,CMH,OH,AGL,CE,Combined TRACON& Tower with Radar,185,66,18,0,269,0,1,5,0,6,185,67,23,0,275,0,0,0,275
06/14/2015,CMH,OH,AGL,CE,Combined TRACON& Tower with Radar,199,83,33,0,315,0,1,4,0,5,199,84,37,0,320,0,0,0,320
06/15/2015,CMH,OH,AGL,CE,Combined TRACON& Tower with Radar,185,105,54,0,344,0,0,3,0,3,185,105,57,0,347,0,0,0,347
06/16/2015,CMH,OH,AGL,CE,Combined TRACON& Tower with Radar,189,118,76,0,383,0,2,14,0,16,189,120,90,0,399,0,0,0,399
06/17/2015,CMH,OH,AGL,CE,Combined TRACON& Tower with Radar,205,107,61,0,373,0,1,0,0,1,205,108,61,0,374,0,0,0,374
06/18/2015,CMH,OH,AGL,CE,Combined TRACON& Tower with Radar,193,128,51,0,372,0,3,3,0,6,193,131,54,0,378,0,0,0,378
06/19/2015,CMH,OH,AGL,CE,Combined TRACON& Tower with Radar,207,116,51,0,374,0,3,1,0,4,207,119,52,0,378,0,0,0,378
06/20/2015,CMH,OH,AGL,CE,Combined TRACON& Tower with Radar,179,63,16,0,258,0,0,3,0,3,179,63,19,0,261,0,0,0,261
06/21/2015,CMH,OH,AGL,CE,Combined TRACON& Tower with Radar,185,93,26,0,304,0,2,5,0,7,185,95,31,0,311,0,0,0,311
06/22/2015,CMH,OH,AGL,CE,Combined TRACON& Tower with Radar,201,131,65,2,399,0,2,7,0,9,201,133,72,2,408,0,0,0,408
06/23/2015,CMH,OH,AGL,CE,Combined TRACON& Tower with Radar,194,115,49,2,360,0,5,14,1,20,194,120,63,3,380,0,0,0,380
06/24/2015,CMH,OH,AGL,CE,Combined TRACON& Tower with Radar,201,111,53,2,367,0,2,24,0,26,201,113,77,2,393,0,0,0,393
06/25/2015,CMH,OH,AGL,CE,Combined TRACON& Tower with Radar,199,130,55,0,384,0,3,2,0,5,199,133,57,0,389,0,0,0,389
06/26/2015,CMH,OH,AGL,CE,Combined TRACON& Tower with Radar,198,125,66,0,389,0,1,8,0,9,198,126,74,0,398,0,0,0,398
06/27/2015,CMH,OH,AGL,CE,Combined TRACON& Tower with Radar,180,68,15,0,263,0,0,2,0,2,180,68,17,0,265,0,0,0,265
06/28/2015,CMH,OH,AGL,CE,Combined TRACON& Tower with Radar,197,82,32,0,311,0,1,8,0,9,197,83,40,0,320,0,0,0,320
06/29/2015,CMH,OH,AGL,CE,Combined TRACON& Tower with Radar,205,113,61,0,379,0,0,1,2,3,205,113,62,2,382,0,0,0,382
06/30/2015,CMH,OH,AGL,CE,Combined TRACON& Tower with Radar,192,104,40,4,340,0,0,5,0,5,192,104,45,4,345,0,0,0,345
07/01/2015,CMH,OH,AGL,CE,Combined TRACON& Tower with Radar,198,105,73,0,376,0,0,12,0,12,198,105,85,0,388,0,0,0,388
07/02/2015,CMH,OH,AGL,CE,Combined TRACON& Tower with Radar,210,115,63,2,390,0,2,7,0,9,210,117,70,2,399,0,0,0,399
07/03/2015,CMH,OH,AGL,CE,Combined TRACON& Tower with Radar,158,79,13,2,252,0,1,13,0,14,158,80,26,2,266,0,0,0,266
07/04/2015,CMH,OH,AGL,CE,Combined TRACON& Tower with Radar,137,54,14,0,205,0,5,9,0,14,137,59,23,0,219,0,0,0,219
07/05/2015,CMH,OH,AGL,CE,Combined TRACON& Tower with Radar,188,87,33,1,309,0,4,11,2,17,188,91,44,3,326,0,0,0,326
07/06/2015,CMH,OH,AGL,CE,Combined TRACON& Tower with Radar,202,116,63,0,381,0,0,10,0,10,202,116,73,0,391,0,0,0,391
07/07/2015,CMH,OH,AGL,CE,Combined TRACON& Tower with Radar,191,112,43,0,346,0,8,0,0,8,191,120,43,0,354,0,0,0,354
07/08/2015,CMH,OH,AGL,CE,Combined TRACON& Tower with Radar,193,114,68,0,375,0,0,2,1,3,193,114,70,1,378,0,0,0,378
07/09/2015,CMH,OH,AGL,CE,Combined TRACON& Tower with Radar,205,111,50,0,366,0,0,6,0,6,205,111,56,0,372,0,0,0,372
07/10/2015,CMH,OH,AGL,CE,Combined TRACON& Tower with Radar,206,107,43,4,360,0,4,8,1,13,206,111,51,5,373,0,0,0,373
07/11/2015,CMH,OH,AGL,CE,Combined TRACON& Tower with Radar,182,68,26,2,278,0,4,9,0,13,182,72,35,2,291,0,0,0,291
07/12/2015,CMH,OH,AGL,CE,Combined TRACON& Tower with Radar,193,98,31,1,323,0,1,8,0,9,193,99,39,1,332,0,0,0,332
07/13/2015,CMH,OH,AGL,CE,Combined TRACON& Tower with Radar,194,107,55,0,356,0,0,2,0,2,194,107,57,0,358,0,0,0,358
07/14/2015,CMH,OH,AGL,CE,Combined TRACON& Tower with Radar,194,106,64,0,364,0,0,1,0,1,194,106,65,0,365,0,0,0,365
07/15/2015,CMH,OH,AGL,CE,Combined TRACON& Tower with Radar,190,129,67,0,386,0,2,14,0,16,190,131,81,0,402,0,0,0,402
07/16/2015,CMH,OH,AGL,CE,Combined TRACON& Tower with Radar,211,118,49,0,378,0,1,24,1,26,211,119,73,1,404,0,0,0,404
07/17/2015,CMH,OH,AGL,CE,Combined TRACON& Tower with Radar,203,102,48,6,359,0,1,13,0,14,203,103,61,6,373,0,0,0,373
07/18/2015,CMH,OH,AGL,CE,Combined TRACON& Tower with Radar,171,65,27,2,265,0,2,10,4,16,171,67,37,6,281,0,0,0,281
07/19/2015,CMH,OH,AGL,CE,Combined TRACON& Tower with Radar,198,105,34,0,337,0,5,0,0,5,198,110,34,0,342,0,0,0,342
07/20/2015,CMH,OH,AGL,CE,Combined TRACON& Tower with Radar,194,121,70,0,385,0,0,2,0,2,194,121,72,0,387,0,0,0,387
07/21/2015,CMH,OH,AGL,CE,Combined TRACON& Tower with Radar,198,118,63,0,379,0,3,8,0,11,198,121,71,0,390,0,0,0,390
07/22/2015,CMH,OH,AGL,CE,Combined TRACON& Tower with Radar,203,108,73,2,386,0,2,17,0,19,203,110,90,2,405,0,0,0,405
07/23/2015,CMH,OH,AGL,CE,Combined TRACON& Tower with Radar,206,116,42,0,364,0,1,18,0,19,206,117,60,0,383,0,0,0,383
07/24/2015,CMH,OH,AGL,CE,Combined TRACON& Tower with Radar,198,120,54,14,386,0,0,23,1,24,198,120,77,15,410,0,0,0,410
07/25/2015,CMH,OH,AGL,CE,Combined TRACON& Tower with Radar,182,67,33,0,282,0,5,14,2,21,182,72,47,2,303,0,0,0,303
07/26/2015,CMH,OH,AGL,CE,Combined TRACON& Tower with Radar,197,106,24,0,327,0,7,4,0,11,197,113,28,0,338,0,0,0,338
07/27/2015,CMH,OH,AGL,CE,Combined TRACON& Tower with Radar,202,114,62,0,378,0,1,7,0,8,202,115,69,0,386,0,0,0,386
07/28/2015,CMH,OH,AGL,CE,Combined TRACON& Tower with Radar,202,114,50,2,368,0,3,16,1,20,202,117,66,3,388,0,0,0,388
07/29/2015,CMH,OH,AGL,CE,Combined TRACON& Tower with Radar,205,120,55,0,380,0,4,14,0,18,205,124,69,0,398,0,0,0,398
07/30/2015,CMH,OH,AGL,CE,Combined TRACON& Tower with Radar,193,101,65,0,359,0,1,23,0,24,193,102,88,0,383,0,0,0,383
07/31/2015,CMH,OH,AGL,CE,Combined TRACON& Tower with Radar,206,124,59,4,393,0,6,13,0,19,206,130,72,4,412,0,0,0,412
08/01/2015,CMH,OH,AGL,CE,Combined TRACON& Tower with Radar,177,56,10,0,243,0,2,17,0,19,177,58,27,0,262,0,0,0,262
08/02/2015,CMH,OH,AGL,CE,Combined TRACON& Tower with Radar,193,95,40,0,328,0,3,13,0,16,193,98,53,0,344,0,0,0,344
08/03/2015,CMH,OH,AGL,CE,Combined TRACON& Tower with Radar,207,109,38,0,354,0,3,1,0,4,207,112,39,0,358,0,0,0,358
08/04/2015,CMH,OH,AGL,CE,Combined TRACON& Tower with Radar,207,114,51,2,374,0,9,5,0,14,207,123,56,2,388,0,0,0,388
08/05/2015,CMH,OH,AGL,CE,Combined TRACON& Tower with Radar,202,129,77,0,408,0,1,10,0,11,202,130,87,0,419,0,0,0,419
08/06/2015,CMH,OH,AGL,CE,Combined TRACON& Tower with Radar,197,110,69,0,376,0,2,4,0,6,197,112,73,0,382,0,0,0,382
08/07/2015,CMH,OH,AGL,CE,Combined TRACON& Tower with Radar,210,121,50,0,381,0,0,14,0,14,210,121,64,0,395,0,0,0,395
08/08/2015,CMH,OH,AGL,CE,Combined TRACON& Tower with Radar,188,60,32,0,280,0,2,19,0,21,188,62,51,0,301,0,0,0,301
08/09/2015,CMH,OH,AGL,CE,Combined TRACON& Tower with Radar,191,90,48,0,329,0,0,8,0,8,191,90,56,0,337,0,0,0,337
08/10/2015,CMH,OH,AGL,CE,Combined TRACON& Tower with Radar,200,108,50,0,358,0,2,6,0,8,200,110,56,0,366,0,0,0,366
08/11/2015,CMH,OH,AGL,CE,Combined TRACON& Tower with Radar,205,100,58,0,363,0,3,10,0,13,205,103,68,0,376,0,0,0,376
08/12/2015,CMH,OH,AGL,CE,Combined TRACON& Tower with Radar,205,117,52,0,374,0,3,17,0,20,205,120,69,0,394,0,0,0,394
08/13/2015,CMH,OH,AGL,CE,Combined TRACON& Tower with Radar,212,113,80,8,413,0,6,26,0,32,212,119,106,8,445,0,0,0,445
08/14/2015,CMH,OH,AGL,CE,Combined TRACON& Tower with Radar,202,98,49,6,355,0,1,11,1,13,202,99,60,7,368,0,0,0,368
08/15/2015,CMH,OH,AGL,CE,Combined TRACON& Tower with Radar,166,57,14,0,237,0,0,11,0,11,166,57,25,0,248,0,0,0,248
08/16/2015,CMH,OH,AGL,CE,Combined TRACON& Tower with Radar,189,90,28,4,311,0,4,9,1,14,189,94,37,5,325,0,0,0,325
08/17/2015,CMH,OH,AGL,CE,Combined TRACON& Tower with Radar,199,118,46,0,363,0,1,12,0,13,199,119,58,0,376,0,0,0,376
08/18/2015,CMH,OH,AGL,CE,Combined TRACON& Tower with Radar,199,104,82,0,385,0,0,12,0,12,199,104,94,0,397,0,0,0,397
08/19/2015,CMH,OH,AGL,CE,Combined TRACON& Tower with Radar,201,121,66,0,388,0,0,3,0,3,201,121,69,0,391,0,0,0,391
08/20/2015,CMH,OH,AGL,CE,Combined TRACON& Tower with Radar,195,122,62,0,379,0,7,12,0,19,195,129,74,0,398,0,0,0,398
08/21/2015,CMH,OH,AGL,CE,Combined TRACON& Tower with Radar,213,113,63,0,389,0,8,23,0,31,213,121,86,0,420,0,0,0,420
08/22/2015,CMH,OH,AGL,CE,Combined TRACON& Tower with Radar,145,63,21,0,229,0,3,16,0,19,145,66,37,0,248,0,0,0,248
08/23/2015,CMH,OH,AGL,CE,Combined TRACON& Tower with Radar,182,98,40,0,320,0,1,9,0,10,182,99,49,0,330,0,0,0,330
08/24/2015,CMH,OH,AGL,CE,Combined TRACON& Tower with Radar,207,117,52,0,376,0,1,6,0,7,207,118,58,0,383,0,0,0,383
08/25/2015,CMH,OH,AGL,CE,Combined TRACON& Tower with Radar,196,125,63,2,386,0,0,6,2,8,196,125,69,4,394,0,0,0,394
08/26/2015,CMH,OH,AGL,CE,Combined TRACON& Tower with Radar,196,125,68,0,389,0,1,13,0,14,196,126,81,0,403,0,0,0,403
08/27/2015,CMH,OH,AGL,CE,Combined TRACON& Tower with Radar,203,111,64,0,378,0,1,9,0,10,203,112,73,0,388,0,0,0,388
08/28/2015,CMH,OH,AGL,CE,Combined TRACON& Tower with Radar,206,110,45,0,361,0,2,22,2,26,206,112,67,2,387,0,0,0,387
08/29/2015,CMH,OH,AGL,CE,Combined TRACON& Tower with Radar,150,62,22,3,237,0,1,18,0,19,150,63,40,3,256,0,0,0,256
08/30/2015,CMH,OH,AGL,CE,Combined TRACON& Tower with Radar,173,94,19,2,288,0,0,2,0,2,173,94,21,2,290,0,0,0,290
08/31/2015,CMH,OH,AGL,CE,Combined TRACON& Tower with Radar,198,119,59,0,376,0,0,15,0,15,198,119,74,0,391,0,0,0,391
09/01/2015,CMH,OH,AGL,CE,Combined TRACON& Tower with Radar,201,111,80,0,392,0,2,14,0,16,201,113,94,0,408,0,0,0,408
09/02/2015,CMH,OH,AGL,CE,Combined TRACON& Tower with Radar,197,108,62,0,367,0,7,15,2,24,197,115,77,2,391,0,0,0,391
09/03/2015,CMH,OH,AGL,CE,Combined TRACON& Tower with Radar,201,110,76,1,388,0,0,4,1,5,201,110,80,2,393,0,0,0,393
09/04/2015,CMH,OH,AGL,CE,Combined TRACON& Tower with Radar,210,108,44,0,362,0,3,7,0,10,210,111,51,0,372,0,0,0,372
09/05/2015,CMH,OH,AGL,CE,Combined TRACON& Tower with Radar,141,49,22,0,212,0,6,1,1,8,141,55,23,1,220,0,0,0,220
09/06/2015,CMH,OH,AGL,CE,Combined TRACON& Tower with Radar,136,63,26,0,225,0,0,12,0,12,136,63,38,0,237,0,0,0,237
09/07/2015,CMH,OH,AGL,CE,Combined TRACON& Tower with Radar,172,107,34,0,313,0,4,10,0,14,172,111,44,0,327,0,0,0,327
09/08/2015,CMH,OH,AGL,CE,Combined TRACON& Tower with Radar,194,126,80,2,402,0,7,10,0,17,194,133,90,2,419,0,0,0,419
09/09/2015,CMH,OH,AGL,CE,Combined TRACON& Tower with Radar,188,121,71,0,380,0,3,7,0,10,188,124,78,0,390,0,0,0,390
09/10/2015,CMH,OH,AGL,CE,Combined TRACON& Tower with Radar,178,120,84,2,384,0,7,19,0,26,178,127,103,2,410,0,0,0,410
09/11/2015,CMH,OH,AGL,CE,Combined TRACON& Tower with Radar,190,116,53,0,359,0,5,12,0,17,190,121,65,0,376,0,0,0,376
09/12/2015,CMH,OH,AGL,CE,Combined TRACON& Tower with Radar,146,51,27,0,224,0,2,4,0,6,146,53,31,0,230,0,0,0,230
09/13/2015,CMH,OH,AGL,CE,Combined TRACON& Tower with Radar,186,105,37,2,330,0,0,16,0,16,186,105,53,2,346,0,0,0,346
09/14/2015,CMH,OH,AGL,CE,Combined TRACON& Tower with Radar,194,109,53,0,356,0,1,14,0,15,194,110,67,0,371,0,0,0,371
09/15/2015,CMH,OH,AGL,CE,Combined TRACON& Tower with Radar,187,120,68,0,375,0,4,18,0,22,187,124,86,0,397,0,0,0,397
09/16/2015,CMH,OH,AGL,CE,Combined TRACON& Tower with Radar,197,118,65,1,381,0,1,13,0,14,197,119,78,1,395,0,0,0,395
09/17/2015,CMH,OH,AGL,CE,Combined TRACON& Tower with Radar,197,122,48,3,370,0,4,21,0,25,197,126,69,3,395,0,0,0,395
09/18/2015,CMH,OH,AGL,CE,Combined TRACON& Tower with Radar,198,121,53,9,381,0,2,12,2,16,198,123,65,11,397,0,0,0,397
09/19/2015,CMH,OH,AGL,CE,Combined TRACON& Tower with Radar,146,51,22,2,221,0,1,4,1,6,146,52,26,3,227,0,0,0,227
09/20/2015,CMH,OH,AGL,CE,Combined TRACON& Tower with Radar,182,106,47,2,337,0,6,23,1,30,182,112,70,3,367,0,0,0,367
09/21/2015,CMH,OH,AGL,CE,Combined TRACON& Tower with Radar,194,138,92,0,424,0,1,15,1,17,194,139,107,1,441,0,0,0,441
09/22/2015,CMH,OH,AGL,CE,Combined TRACON& Tower with Radar,191,126,59,0,376,0,2,18,0,20,191,128,77,0,396,0,0,0,396
09/23/2015,CMH,OH,AGL,CE,Combined TRACON& Tower with Radar,199,107,45,2,353,0,9,27,0,36,199,116,72,2,389,0,0,0,389
09/24/2015,CMH,OH,AGL,CE,Combined TRACON& Tower with Radar,201,110,62,0,373,0,0,13,0,13,201,110,75,0,386,0,0,0,386
09/25/2015,CMH,OH,AGL,CE,Combined TRACON& Tower with Radar,200,109,57,0,366,0,0,9,0,9,200,109,66,0,375,0,0,0,375
09/26/2015,CMH,OH,AGL,CE,Combined TRACON& Tower with Radar,153,61,37,2,253,0,3,9,0,12,153,64,46,2,265,0,0,0,265
09/27/2015,CMH,OH,AGL,CE,Combined TRACON& Tower with Radar,190,82,43,0,315,0,3,12,1,16,190,85,55,1,331,0,0,0,331
09/28/2015,CMH,OH,AGL,CE,Combined TRACON& Tower with Radar,197,109,60,2,368,0,1,6,0,7,197,110,66,2,375,0,0,0,375
09/29/2015,CMH,OH,AGL,CE,Combined TRACON& Tower with Radar,190,116,64,2,372,0,2,3,0,5,190,118,67,2,377,0,0,0,377
09/30/2015,CMH,OH,AGL,CE,Combined TRACON& Tower with Radar,206,111,84,0,401,0,1,1,0,2,206,112,85,0,403,0,0,0,403
10/01/2015,CMH,OH,AGL,CE,Combined TRACON& Tower with Radar,199,117,47,0,363,0,4,9,0,13,199,121,56,0,376,0,0,0,376
10/02/2015,CMH,OH,AGL,CE,Combined TRACON& Tower with Radar,193,108,62,0,363,0,1,3,0,4,193,109,65,0,367,0,0,0,367
10/03/2015,CMH,OH,AGL,CE,Combined TRACON& Tower with Radar,148,65,18,0,231,0,0,0,0,0,148,65,18,0,231,0,0,0,231
10/04/2015,CMH,OH,AGL,CE,Combined TRACON& Tower with Radar,179,92,35,0,306,0,2,15,0,17,179,94,50,0,323,0,0,0,323
10/05/2015,CMH,OH,AGL,CE,Combined TRACON& Tower with Radar,197,109,54,0,360,0,0,17,0,17,197,109,71,0,377,0,0,0,377
10/06/2015,CMH,OH,AGL,CE,Combined TRACON& Tower with Radar,203,107,53,0,363,0,3,13,0,16,203,110,66,0,379,0,0,0,379
10/07/2015,CMH,OH,AGL,CE,Combined TRACON& Tower with Radar,198,119,83,0,400,0,4,4,0,8,198,123,87,0,408,0,0,0,408
10/08/2015,CMH,OH,AGL,CE,Combined TRACON& Tower with Radar,205,122,119,0,446,0,1,7,0,8,205,123,126,0,454,0,0,0,454
10/09/2015,CMH,OH,AGL,CE,Combined TRACON& Tower with Radar,194,111,61,4,370,0,7,1,1,9,194,118,62,5,379,0,0,0,379
10/10/2015,CMH,OH,AGL,CE,Combined TRACON& Tower with Radar,152,69,26,0,247,0,1,8,0,9,152,70,34,0,256,0,0,0,256
10/11/2015,CMH,OH,AGL,CE,Combined TRACON& Tower with Radar,189,85,51,1,326,0,4,16,0,20,189,89,67,1,346,0,0,0,346
10/12/2015,CMH,OH,AGL,CE,Combined TRACON& Tower with Radar,196,109,54,0,359,0,0,17,0,17,196,109,71,0,376,0,0,0,376
10/13/2015,CMH,OH,AGL,CE,Combined TRACON& Tower with Radar,201,113,64,4,382,0,2,8,0,10,201,115,72,4,392,0,0,0,392
10/14/2015,CMH,OH,AGL,CE,Combined TRACON& Tower with Radar,197,115,87,4,403,0,5,8,0,13,197,120,95,4,416,0,0,0,416
10/15/2015,CMH,OH,AGL,CE,Combined TRACON& Tower with Radar,199,106,81,0,386,0,2,10,0,12,199,108,91,0,398,0,0,0,398
10/16/2015,CMH,OH,AGL,CE,Combined TRACON& Tower with Radar,205,116,84,8,413,0,0,8,0,8,205,116,92,8,421,0,0,0,421
10/17/2015,CMH,OH,AGL,CE,Combined TRACON& Tower with Radar,143,58,23,0,224,0,1,8,0,9,143,59,31,0,233,0,0,0,233
10/18/2015,CMH,OH,AGL,CE,Combined TRACON& Tower with Radar,189,97,58,1,345,0,1,10,1,12,189,98,68,2,357,0,0,0,357
10/19/2015,CMH,OH,AGL,CE,Combined TRACON& Tower with Radar,204,110,45,0,359,0,4,13,0,17,204,114,58,0,376,0,0,0,376
10/20/2015,CMH,OH,AGL,CE,Combined TRACON& Tower with Radar,202,109,58,2,371,0,3,6,0,9,202,112,64,2,380,0,0,0,380
10/21/2015,CMH,OH,AGL,CE,Combined TRACON& Tower with Radar,200,110,63,0,373,0,2,11,0,13,200,112,74,0,386,0,0,0,386
10/22/2015,CMH,OH,AGL,CE,Combined TRACON& Tower with Radar,197,108,62,0,367,0,6,17,0,23,197,114,79,0,390,0,0,0,390
10/23/2015,CMH,OH,AGL,CE,Combined TRACON& Tower with Radar,197,108,69,1,375,0,2,21,0,23,197,110,90,1,398,0,0,0,398
10/24/2015,CMH,OH,AGL,CE,Combined TRACON& Tower with Radar,152,65,17,0,234,0,0,8,1,9,152,65,25,1,243,0,0,0,243
10/25/2015,CMH,OH,AGL,CE,Combined TRACON& Tower with Radar,191,90,29,1,311,0,2,10,0,12,191,92,39,1,323,0,0,0,323
10/26/2015,CMH,OH,AGL,CE,Combined TRACON& Tower with Radar,196,104,50,0,350,0,2,12,0,14,196,106,62,0,364,0,0,0,364
10/27/2015,CMH,OH,AGL,CE,Combined TRACON& Tower with Radar,190,89,66,0,345,0,2,1,0,3,190,91,67,0,348,0,0,0,348
10/28/2015,CMH,OH,AGL,CE,Combined TRACON& Tower with Radar,196,83,51,2,332,0,0,0,0,0,196,83,51,2,332,0,0,0,332
10/29/2015,CMH,OH,AGL,CE,Combined TRACON& Tower with Radar,197,125,52,0,374,0,1,5,0,6,197,126,57,0,380,0,0,0,380
10/30/2015,CMH,OH,AGL,CE,Combined TRACON& Tower with Radar,195,98,49,1,343,0,0,0,0,0,195,98,49,1,343,0,0,0,343
10/31/2015,CMH,OH,AGL,CE,Combined TRACON& Tower with Radar,118,60,11,0,189,0,3,6,1,10,118,63,17,1,199,0,0,0,199
11/01/2015,CMH,OH,AGL,CE,Combined TRACON& Tower with Radar,166,90,28,1,285,0,0,4,0,4,166,90,32,1,289,0,0,0,289
11/02/2015,CMH,OH,AGL,CE,Combined TRACON& Tower with Radar,193,105,62,0,360,0,0,10,0,10,193,105,72,0,370,0,0,0,370
11/03/2015,CMH,OH,AGL,CE,Combined TRACON& Tower with Radar,188,115,64,0,367,0,3,9,2,14,188,118,73,2,381,0,0,0,381
11/04/2015,CMH,OH,AGL,CE,Combined TRACON& Tower with Radar,204,114,60,1,379,0,5,15,2,22,204,119,75,3,401,0,0,0,401
11/05/2015,CMH,OH,AGL,CE,Combined TRACON& Tower with Radar,201,117,59,0,377,0,11,7,0,18,201,128,66,0,395,0,0,0,395
11/06/2015,CMH,OH,AGL,CE,Combined TRACON& Tower with Radar,199,111,44,0,354,0,1,10,0,11,199,112,54,0,365,0,0,0,365
11/07/2015,CMH,OH,AGL,CE,Combined TRACON& Tower with Radar,149,75,23,9,256,0,3,4,0,7,149,78,27,9,263,0,0,0,263
11/08/2015,CMH,OH,AGL,CE,Combined TRACON& Tower with Radar,181,96,62,8,347,0,3,8,0,11,181,99,70,8,358,0,0,0,358
11/09/2015,CMH,OH,AGL,CE,Combined TRACON& Tower with Radar,204,117,62,0,383,0,0,13,2,15,204,117,75,2,398,0,0,0,398
11/10/2015,CMH,OH,AGL,CE,Combined TRACON& Tower with Radar,196,110,66,0,372,0,0,1,1,2,196,110,67,1,374,0,0,0,374
11/11/2015,CMH,OH,AGL,CE,Combined TRACON& Tower with Radar,212,114,55,0,381,0,2,8,2,12,212,116,63,2,393,0,0,0,393
11/12/2015,CMH,OH,AGL,CE,Combined TRACON& Tower with Radar,200,100,50,0,350,0,1,0,0,1,200,101,50,0,351,0,0,0,351
11/13/2015,CMH,OH,AGL,CE,Combined TRACON& Tower with Radar,201,122,42,8,373,0,1,8,2,11,201,123,50,10,384,0,0,0,384
11/14/2015,CMH,OH,AGL,CE,Combined TRACON& Tower with Radar,147,75,24,9,255,0,1,6,0,7,147,76,30,9,262,0,0,0,262
11/15/2015,CMH,OH,AGL,CE,Combined TRACON& Tower with Radar,176,100,35,0,311,0,2,28,0,30,176,102,63,0,341,0,0,0,341
11/16/2015,CMH,OH,AGL,CE,Combined TRACON& Tower with Radar,195,112,63,8,378,0,2,22,0,24,195,114,85,8,402,0,0,0,402
11/17/2015,CMH,OH,AGL,CE,Combined TRACON& Tower with Radar,204,115,77,0,396,0,2,18,1,21,204,117,95,1,417,0,0,0,417
11/18/2015,CMH,OH,AGL,CE,Combined TRACON& Tower with Radar,199,106,59,0,364,0,0,2,0,2,199,106,61,0,366,0,0,0,366
11/19/2015,CMH,OH,AGL,CE,Combined TRACON& Tower with Radar,194,107,72,0,373,0,2,14,2,18,194,109,86,2,391,0,0,0,391
11/20/2015,CMH,OH,AGL,CE,Combined TRACON& Tower with Radar,204,132,97,6,439,0,5,32,0,37,204,137,129,6,476,0,0,0,476
11/21/2015,CMH,OH,AGL,CE,Combined TRACON& Tower with Radar,148,80,39,0,267,0,1,20,0,21,148,81,59,0,288,0,0,0,288
11/22/2015,CMH,OH,AGL,CE,Combined TRACON& Tower with Radar,171,94,32,1,298,0,1,9,0,10,171,95,41,1,308,0,0,0,308
11/23/2015,CMH,OH,AGL,CE,Combined TRACON& Tower with Radar,175,94,56,0,325,0,0,21,0,21,175,94,77,0,346,0,0,0,346
11/24/2015,CMH,OH,AGL,CE,Combined TRACON& Tower with Radar,203,111,49,0,363,0,2,24,0,26,203,113,73,0,389,0,0,0,389
11/25/2015,CMH,OH,AGL,CE,Combined TRACON& Tower with Radar,209,121,33,0,363,0,1,9,0,10,209,122,42,0,373,0,0,0,373
11/26/2015,CMH,OH,AGL,CE,Combined TRACON& Tower with Radar,117,56,12,0,185,0,2,4,0,6,117,58,16,0,191,0,0,0,191
11/27/2015,CMH,OH,AGL,CE,Combined TRACON& Tower with Radar,144,62,22,0,228,0,0,4,0,4,144,62,26,0,232,0,0,0,232
11/28/2015,CMH,OH,AGL,CE,Combined TRACON& Tower with Radar,203,101,20,0,324,0,0,0,0,0,203,101,20,0,324,0,0,0,324
11/29/2015,CMH,OH,AGL,CE,Combined TRACON& Tower with Radar,211,108,40,0,359,0,0,7,0,7,211,108,47,0,366,0,0,0,366
11/30/2015,CMH,OH,AGL,CE,Combined TRACON& Tower with Radar,209,125,60,0,394,0,0,2,0,2,209,125,62,0,396,0,0,0,396
12/01/2015,CMH,OH,AGL,CE,Combined TRACON& Tower with Radar,189,119,58,0,366,0,0,2,0,2,189,119,60,0,368,0,0,0,368
12/02/2015,CMH,OH,AGL,CE,Combined TRACON& Tower with Radar,187,117,57,8,369,0,1,5,0,6,187,118,62,8,375,0,0,0,375
12/03/2015,CMH,OH,AGL,CE,Combined TRACON& Tower with Radar,191,123,48,4,366,0,1,0,0,1,191,124,48,4,367,0,0,0,367
12/04/2015,CMH,OH,AGL,CE,Combined TRACON& Tower with Radar,191,108,62,0,361,0,1,2,0,3,191,109,64,0,364,0,0,0,364
12/05/2015,CMH,OH,AGL,CE,Combined TRACON& Tower with Radar,143,76,41,0,260,0,0,2,0,2,143,76,43,0,262,0,0,0,262
12/06/2015,CMH,OH,AGL,CE,Combined TRACON& Tower with Radar,179,104,39,0,322,0,0,11,0,11,179,104,50,0,333,0,0,0,333
12/07/2015,CMH,OH,AGL,CE,Combined TRACON& Tower with Radar,189,120,50,2,361,0,0,18,0,18,189,120,68,2,379,0,0,0,379
12/08/2015,CMH,OH,AGL,CE,Combined TRACON& Tower with Radar,198,99,64,0,361,0,0,6,0,6,198,99,70,0,367,0,0,0,367
12/09/2015,CMH,OH,AGL,CE,Combined TRACON& Tower with Radar,194,111,70,9,384,0,1,4,0,5,194,112,74,9,389,0,0,0,389
12/10/2015,CMH,OH,AGL,CE,Combined TRACON& Tower with Radar,192,123,74,1,390,0,0,4,0,4,192,123,78,1,394,0,0,0,394
12/11/2015,CMH,OH,AGL,CE,Combined TRACON& Tower with Radar,193,110,47,2,352,0,0,4,0,4,193,110,51,2,356,0,0,0,356
12/12/2015,CMH,OH,AGL,CE,Combined TRACON& Tower with Radar,143,71,29,1,244,0,4,2,2,8,143,75,31,3,252,0,0,0,252
12/13/2015,CMH,OH,AGL,CE,Combined TRACON& Tower with Radar,179,96,30,1,306,0,2,16,0,18,179,98,46,1,324,0,0,0,324
12/14/2015,CMH,OH,AGL,CE,Combined TRACON& Tower with Radar,181,117,52,0,350,0,2,1,0,3,181,119,53,0,353,0,0,0,353
12/15/2015,CMH,OH,AGL,CE,Combined TRACON& Tower with Radar,193,118,49,7,367,0,0,7,2,9,193,118,56,9,376,0,0,0,376
12/16/2015,CMH,OH,AGL,CE,Combined TRACON& Tower with Radar,190,118,56,0,364,0,1,18,0,19,190,119,74,0,383,0,0,0,383
12/17/2015,CMH,OH,AGL,CE,Combined TRACON& Tower with Radar,187,112,66,4,369,0,1,8,0,9,187,113,74,4,378,0,0,0,378
12/18/2015,CMH,OH,AGL,CE,Combined TRACON& Tower with Radar,202,111,66,0,379,0,0,5,0,5,202,111,71,0,384,0,0,0,384
12/19/2015,CMH,OH,AGL,CE,Combined TRACON& Tower with Radar,189,71,25,0,285,0,0,7,0,7,189,71,32,0,292,0,0,0,292
12/20/2015,CMH,OH,AGL,CE,Combined TRACON& Tower with Radar,173,110,31,0,314,0,0,6,0,6,173,110,37,0,320,0,0,0,320
12/21/2015,CMH,OH,AGL,CE,Combined TRACON& Tower with Radar,180,99,30,0,309,0,2,0,0,2,180,101,30,0,311,0,0,0,311
12/22/2015,CMH,OH,AGL,CE,Combined TRACON& Tower with Radar,186,96,18,2,302,0,0,6,0,6,186,96,24,2,308,0,0,0,308
12/23/2015,CMH,OH,AGL,CE,Combined TRACON& Tower with Radar,193,78,18,17,306,0,0,0,0,0,193,78,18,17,306,0,0,0,306
12/24/2015,CMH,OH,AGL,CE,Combined TRACON& Tower with Radar,147,65,10,0,222,0,1,0,1,2,147,66,10,1,224,0,0,0,224
12/25/2015,CMH,OH,AGL,CE,Combined TRACON& Tower with Radar,140,54,10,0,204,0,3,3,0,6,140,57,13,0,210,0,0,0,210
12/26/2015,CMH,OH,AGL,CE,Combined TRACON& Tower with Radar,179,74,24,0,277,0,0,2,0,2,179,74,26,0,279,0,0,0,279
12/27/2015,CMH,OH,AGL,CE,Combined TRACON& Tower with Radar,177,83,21,0,281,0,0,1,0,1,177,83,22,0,282,0,0,0,282
12/28/2015,CMH,OH,AGL,CE,Combined TRACON& Tower with Radar,169,66,17,2,254,0,0,0,0,0,169,66,17,2,254,0,0,0,254
12/29/2015,CMH,OH,AGL,CE,Combined TRACON& Tower with Radar,173,88,16,0,277,0,0,2,0,2,173,88,18,0,279,0,0,0,279
12/30/2015,CMH,OH,AGL,CE,Combined TRACON& Tower with Radar,185,78,29,0,292,0,0,3,0,3,185,78,32,0,295,0,0,0,295
12/31/2015,CMH,OH,AGL,CE,Combined TRACON& Tower with Radar,146,68,2,0,216,0,1,2,0,3,146,69,4,0,219,0,0,0,219
01/01/2016,CMH,OH,AGL,CE,Combined TRACON& Tower with Radar,140,58,14,0,212,0,1,0,0,1,140,59,14,0,213,0,0,0,213
01/02/2016,CMH,OH,AGL,CE,Combined TRACON& Tower with Radar,196,65,34,0,295,0,3,9,0,12,196,68,43,0,307,0,0,0,307
01/03/2016,CMH,OH,AGL,CE,Combined TRACON& Tower with Radar,201,85,31,0,317,0,2,7,0,9,201,87,38,0,326,0,0,0,326
01/04/2016,CMH,OH,AGL,CE,Combined TRACON& Tower with Radar,186,94,26,0,306,0,0,5,0,5,186,94,31,0,311,0,0,0,311
01/05/2016,CMH,OH,AGL,CE,Combined TRACON& Tower with Radar,185,98,33,0,316,0,2,7,0,9,185,100,40,0,325,0,0,0,325
01/06/2016,CMH,OH,AGL,CE,Combined TRACON& Tower with Radar,196,94,36,0,326,0,4,15,0,19,196,98,51,0,345,0,0,0,345
01/07/2016,CMH,OH,AGL,CE,Combined TRACON& Tower with Radar,196,114,38,0,348,0,1,10,0,11,196,115,48,0,359,0,0,0,359
01/08/2016,CMH,OH,AGL,CE,Combined TRACON& Tower with Radar,189,100,28,0,317,0,0,0,0,0,189,100,28,0,317,0,0,0,317
01/09/2016,CMH,OH,AGL,CE,Combined TRACON& Tower with Radar,158,69,24,0,251,0,1,0,0,1,158,70,24,0,252,0,0,0,252
01/10/2016,CMH,OH,AGL,CE,Combined TRACON& Tower with Radar,175,78,17,0,270,0,0,0,0,0,175,78,17,0,270,0,0,0,270
01/11/2016,CMH,OH,AGL,CE,Combined TRACON& Tower with Radar,194,91,33,1,319,0,1,14,0,15,194,92,47,1,334,0,0,0,334
01/12/2016,CMH,OH,AGL,CE,Combined TRACON& Tower with Radar,190,94,42,1,327,0,0,0,0,0,190,94,42,1,327,0,0,0,327
01/13/2016,CMH,OH,AGL,CE,Combined TRACON& Tower with Radar,193,111,54,0,358,0,3,5,0,8,193,114,59,0,366,0,0,0,366
01/14/2016,CMH,OH,AGL,CE,Combined TRACON& Tower with Radar,196,110,85,0,391,0,1,8,0,9,196,111,93,0,400,0,0,0,400
01/15/2016,CMH,OH,AGL,CE,Combined TRACON& Tower with Radar,195,103,58,2,358,0,0,5,0,5,195,103,63,2,363,0,0,0,363
01/16/2016,CMH,OH,AGL,CE,Combined TRACON& Tower with Radar,156,55,15,0,226,0,0,0,2,2,156,55,15,2,228,0,0,0,228
01/17/2016,CMH,OH,AGL,CE,Combined TRACON& Tower with Radar,166,62,18,0,246,0,1,1,1,3,166,63,19,1,249,0,0,0,249
01/18/2016,CMH,OH,AGL,CE,Combined TRACON& Tower with Radar,192,108,37,1,338,0,1,5,0,6,192,109,42,1,344,0,0,0,344
01/19/2016,CMH,OH,AGL,CE,Combined TRACON& Tower with Radar,191,89,58,2,340,0,3,4,0,7,191,92,62,2,347,0,0,0,347
01/20/2016,CMH,OH,AGL,CE,Combined TRACON& Tower with Radar,199,102,57,6,364,0,1,2,0,3,199,103,59,6,367,0,0,0,367
01/21/2016,CMH,OH,AGL,CE,Combined TRACON& Tower with Radar,194,115,51,2,362,0,0,9,2,11,194,115,60,4,373,0,0,0,373
01/22/2016,CMH,OH,AGL,CE,Combined TRACON& Tower with Radar,163,92,58,2,315,0,1,0,0,1,163,93,58,2,316,0,0,0,316
01/23/2016,CMH,OH,AGL,CE,Combined TRACON& Tower with Radar,106,48,22,0,176,0,9,0,0,9,106,57,22,0,185,0,0,0,185
01/24/2016,CMH,OH,AGL,CE,Combined TRACON& Tower with Radar,124,78,44,0,246,0,4,11,0,15,124,82,55,0,261,0,0,0,261
01/25/2016,CMH,OH,AGL,CE,Combined TRACON& Tower with Radar,168,103,40,2,313,0,1,4,0,5,168,104,44,2,318,0,0,0,318
01/26/2016,CMH,OH,AGL,CE,Combined TRACON& Tower with Radar,176,100,58,2,336,0,1,1,0,2,176,101,59,2,338,0,0,0,338
01/27/2016,CMH,OH,AGL,CE,Combined TRACON& Tower with Radar,196,104,72,4,376,0,2,5,0,7,196,106,77,4,383,0,0,0,383
01/28/2016,CMH,OH,AGL,CE,Combined TRACON& Tower with Radar,199,110,59,2,370,0,2,23,0,25,199,112,82,2,395,0,0,0,395
01/29/2016,CMH,OH,AGL,CE,Combined TRACON& Tower with Radar,188,108,78,4,378,0,1,10,0,11,188,109,88,4,389,0,0,0,389
01/30/2016,CMH,OH,AGL,CE,Combined TRACON& Tower with Radar,151,63,16,0,230,0,3,9,0,12,151,66,25,0,242,0,0,0,242
01/31/2016,CMH,OH,AGL,CE,Combined TRACON& Tower with Radar,180,83,28,0,291,0,3,3,0,6,180,86,31,0,297,0,0,0,297
02/01/2016,CMH,OH,AGL,CE,Combined TRACON& Tower with Radar,198,94,59,0,351,0,4,8,2,14,198,98,67,2,365,0,0,0,365
02/02/2016,CMH,OH,AGL,CE,Combined TRACON& Tower with Radar,189,102,50,0,341,0,1,2,0,3,189,103,52,0,344,0,0,0,344
02/03/2016,CMH,OH,AGL,CE,Combined TRACON& Tower with Radar,203,102,42,0,347,0,0,3,0,3,203,102,45,0,350,0,0,0,350
02/04/2016,CMH,OH,AGL,CE,Combined TRACON& Tower with Radar,197,101,68,0,366,0,3,6,0,9,197,104,74,0,375,0,0,0,375
02/05/2016,CMH,OH,AGL,CE,Combined TRACON& Tower with Radar,187,84,57,0,328,0,1,20,0,21,187,85,77,0,349,0,0,0,349
02/06/2016,CMH,OH,AGL,CE,Combined TRACON& Tower with Radar,144,54,27,0,225,0,1,2,0,3,144,55,29,0,228,0,0,0,228
02/07/2016,CMH,OH,AGL,CE,Combined TRACON& Tower with Radar,156,64,20,0,240,0,1,5,2,8,156,65,25,2,248,0,0,0,248
02/08/2016,CMH,OH,AGL,CE,Combined TRACON& Tower with Radar,191,103,54,0,348,0,0,0,0,0,191,103,54,0,348,0,0,0,348
02/09/2016,CMH,OH,AGL,CE,Combined TRACON& Tower with Radar,197,96,56,0,349,0,0,0,0,0,197,96,56,0,349,0,0,0,349
02/10/2016,CMH,OH,AGL,CE,Combined TRACON& Tower with Radar,205,112,80,0,397,0,1,0,0,1,205,113,80,0,398,0,0,0,398
02/11/2016,CMH,OH,AGL,CE,Combined TRACON& Tower with Radar,195,110,68,0,373,0,2,8,0,10,195,112,76,0,383,0,0,0,383
02/12/2016,CMH,OH,AGL,CE,Combined TRACON& Tower with Radar,200,115,48,2,365,0,1,16,0,17,200,116,64,2,382,0,0,0,382
02/13/2016,CMH,OH,AGL,CE,Combined TRACON& Tower with Radar,147,63,24,0,234,0,1,5,0,6,147,64,29,0,240,0,0,0,240
02/14/2016,CMH,OH,AGL,CE,Combined TRACON& Tower with Radar,156,63,23,0,242,0,1,7,0,8,156,64,30,0,250,0,0,0,250
02/15/2016,CMH,OH,AGL,CE,Combined TRACON& Tower with Radar,171,102,53,0,326,0,0,3,0,3,171,102,56,0,329,0,0,0,329
02/16/2016,CMH,OH,AGL,CE,Combined TRACON& Tower with Radar,184,114,76,0,374,0,0,0,0,0,184,114,76,0,374,0,0,0,374
02/17/2016,CMH,OH,AGL,CE,Combined TRACON& Tower with Radar,202,112,54,2,370,0,1,7,1,9,202,113,61,3,379,0,0,0,379
02/18/2016,CMH,OH,AGL,CE,Combined TRACON& Tower with Radar,197,102,68,2,369,0,3,24,1,28,197,105,92,3,397,0,0,0,397
02/19/2016,CMH,OH,AGL,CE,Combined TRACON& Tower with Radar,203,99,48,0,350,0,3,9,2,14,203,102,57,2,364,0,0,0,364
02/20/2016,CMH,OH,AGL,CE,Combined TRACON& Tower with Radar,146,71,23,0,240,0,8,7,0,15,146,79,30,0,255,0,0,0,255
02/21/2016,CMH,OH,AGL,CE,Combined TRACON& Tower with Radar,178,81,19,1,279,0,6,10,3,19,178,87,29,4,298,0,0,0,298
02/22/2016,CMH,OH,AGL,CE,Combined TRACON& Tower with Radar,201,113,73,4,391,0,1,23,4,28,201,114,96,8,419,0,0,0,419
02/23/2016,CMH,OH,AGL,CE,Combined TRACON& Tower with Radar,196,110,58,10,374,0,1,11,2,14,196,111,69,12,388,0,0,0,388
02/24/2016,CMH,OH,AGL,CE,Combined TRACON& Tower with Radar,179,82,63,2,326,0,1,0,0,1,179,83,63,2,327,0,0,0,327
02/25/2016,CMH,OH,AGL,CE,Combined TRACON& Tower with Radar,200,118,54,4,376,0,0,0,0,0,200,118,54,4,376,0,0,0,376
02/26/2016,CMH,OH,AGL,CE,Combined TRACON& Tower with Radar,201,110,38,6,355,0,2,7,0,9,201,112,45,6,364,0,0,0,364
02/27/2016,CMH,OH,AGL,CE,Combined TRACON& Tower with Radar,152,66,19,3,240,0,2,6,0,8,152,68,25,3,248,0,0,0,248
02/28/2016,CMH,OH,AGL,CE,Combined TRACON& Tower with Radar,178,83,14,1,276,0,3,7,2,12,178,86,21,3,288,0,0,0,288
02/29/2016,CMH,OH,AGL,CE,Combined TRACON& Tower with Radar,196,109,45,0,350,0,0,8,2,10,196,109,53,2,360,0,0,0,360
03/01/2016,CMH,OH,AGL,CE,Combined TRACON& Tower with Radar,187,98,80,5,370,0,3,6,1,10,187,101,86,6,380,0,0,0,380
03/02/2016,CMH,OH,AGL,CE,Combined TRACON& Tower with Radar,198,106,49,3,356,0,1,5,3,9,198,107,54,6,365,0,0,0,365
03/03/2016,CMH,OH,AGL,CE,Combined TRACON& Tower with Radar,191,107,50,0,348,0,2,4,2,8,191,109,54,2,356,0,0,0,356
03/04/2016,CMH,OH,AGL,CE,Combined TRACON& Tower with Radar,199,109,47,0,355,0,1,3,0,4,199,110,50,0,359,0,0,0,359
03/05/2016,CMH,OH,AGL,CE,Combined TRACON& Tower with Radar,151,74,19,0,244,0,1,2,0,3,151,75,21,0,247,0,0,0,247
03/06/2016,CMH,OH,AGL,CE,Combined TRACON& Tower with Radar,179,96,22,0,297,0,1,12,0,13,179,97,34,0,310,0,0,0,310
03/07/2016,CMH,OH,AGL,CE,Combined TRACON& Tower with Radar,195,110,46,0,351,0,0,17,0,17,195,110,63,0,368,0,0,0,368
03/08/2016,CMH,OH,AGL,CE,Combined TRACON& Tower with Radar,191,119,71,4,385,0,1,18,0,19,191,120,89,4,404,0,0,0,404
03/09/2016,CMH,OH,AGL,CE,Combined TRACON& Tower with Radar,196,107,49,0,352,0,3,11,0,14,196,110,60,0,366,0,0,0,366
03/10/2016,CMH,OH,AGL,CE,Combined TRACON& Tower with Radar,205,116,88,2,411,0,0,1,0,1,205,116,89,2,412,0,0,0,412
03/11/2016,CMH,OH,AGL,CE,Combined TRACON& Tower with Radar,200,118,56,0,374,0,5,11,0,16,200,123,67,0,390,0,0,0,390
03/12/2016,CMH,OH,AGL,CE,Combined TRACON& Tower with Radar,179,71,28,0,278,0,3,18,1,22,179,74,46,1,300,0,0,0,300
03/13/2016,CMH,OH,AGL,CE,Combined TRACON& Tower with Radar,192,104,24,0,320,0,1,1,0,2,192,105,25,0,322,0,0,0,322
03/14/2016,CMH,OH,AGL,CE,Combined TRACON& Tower with Radar,204,103,48,0,355,0,1,3,0,4,204,104,51,0,359,0,0,0,359
03/15/2016,CMH,OH,AGL,CE,Combined TRACON& Tower with Radar,213,104,54,0,371,0,0,3,0,3,213,104,57,0,374,0,0,0,374
03/16/2016,CMH,OH,AGL,CE,Combined TRACON& Tower with Radar,208,114,59,2,383,0,1,11,0,12,208,115,70,2,395,0,0,0,395
03/17/2016,CMH,OH,AGL,CE,Combined TRACON& Tower with Radar,206,116,69,0,391,0,5,14,0,19,206,121,83,0,410,0,0,0,410
03/18/2016,CMH,OH,AGL,CE,Combined TRACON& Tower with Radar,207,118,54,4,383,0,4,25,0,29,207,122,79,4,412,0,0,0,412
03/19/2016,CMH,OH,AGL,CE,Combined TRACON& Tower with Radar,173,66,13,0,252,0,3,3,0,6,173,69,16,0,258,0,0,0,258
03/20/2016,CMH,OH,AGL,CE,Combined TRACON& Tower with Radar,197,96,25,0,318,0,2,7,0,9,197,98,32,0,327,0,0,0,327
03/21/2016,CMH,OH,AGL,CE,Combined TRACON& Tower with Radar,208,98,30,1,337,0,1,15,1,17,208,99,45,2,354,0,0,0,354
03/22/2016,CMH,OH,AGL,CE,Combined TRACON& Tower with Radar,211,100,49,0,360,0,6,10,0,16,211,106,59,0,376,0,0,0,376
03/23/2016,CMH,OH,AGL,CE,Combined TRACON& Tower with Radar,205,111,55,3,374,0,2,12,0,14,205,113,67,3,388,0,0,0,388
03/24/2016,CMH,OH,AGL,CE,Combined TRACON& Tower with Radar,200,99,50,0,349,0,0,2,0,2,200,99,52,0,351,0,0,0,351
03/25/2016,CMH,OH,AGL,CE,Combined TRACON& Tower with Radar,213,102,18,0,333,0,3,5,0,8,213,105,23,0,341,0,0,0,341
03/26/2016,CMH,OH,AGL,CE,Combined TRACON& Tower with Radar,174,67,19,0,260,0,4,18,0,22,174,71,37,0,282,0,0,0,282
03/27/2016,CMH,OH,AGL,CE,Combined TRACON& Tower with Radar,205,81,16,0,302,0,1,9,0,10,205,82,25,0,312,0,0,0,312
03/28/2016,CMH,OH,AGL,CE,Combined TRACON& Tower with Radar,205,104,44,0,353,0,0,2,0,2,205,104,46,0,355,0,0,0,355
03/29/2016,CMH,OH,AGL,CE,Combined TRACON& Tower with Radar,210,102,67,0,379,0,2,16,0,18,210,104,83,0,397,0,0,0,397
03/30/2016,CMH,OH,AGL,CE,Combined TRACON& Tower with Radar,206,109,64,0,379,0,6,16,0,22,206,115,80,0,401,0,0,0,401
03/31/2016,CMH,OH,AGL,CE,Combined TRACON& Tower with Radar,209,111,53,0,373,0,2,2,0,4,209,113,55,0,377,0,0,0,377
04/01/2016,CMH,OH,AGL,CE,Combined TRACON& Tower with Radar,211,111,38,0,360,0,1,5,0,6,211,112,43,0,366,0,0,0,366
04/02/2016,CMH,OH,AGL,CE,Combined TRACON& Tower with Radar,182,75,12,0,269,0,4,2,0,6,182,79,14,0,275,0,0,0,275
04/03/2016,CMH,OH,AGL,CE,Combined TRACON& Tower with Radar,201,100,23,0,324,0,1,9,0,10,201,101,32,0,334,0,0,0,334
04/04/2016,CMH,OH,AGL,CE,Combined TRACON& Tower with Radar,212,116,39,0,367,0,2,1,0,3,212,118,40,0,370,0,0,0,370
04/05/2016,CMH,OH,AGL,CE,Combined TRACON& Tower with Radar,220,105,68,4,397,0,3,17,0,20,220,108,85,4,417,0,0,0,417
04/06/2016,CMH,OH,AGL,CE,Combined TRACON& Tower with Radar,218,90,48,0,356,0,6,2,0,8,218,96,50,0,364,0,0,0,364
04/07/2016,CMH,OH,AGL,CE,Combined TRACON& Tower with Radar,211,109,67,0,387,0,1,0,0,1,211,110,67,0,388,0,0,0,388
04/08/2016,CMH,OH,AGL,CE,Combined TRACON& Tower with Radar,220,97,71,0,388,0,1,3,0,4,220,98,74,0,392,0,0,0,392
04/09/2016,CMH,OH,AGL,CE,Combined TRACON& Tower with Radar,187,57,25,0,269,0,1,0,1,2,187,58,25,1,271,0,0,0,271
04/10/2016,CMH,OH,AGL,CE,Combined TRACON& Tower with Radar,195,84,31,0,310,0,3,1,3,7,195,87,32,3,317,0,0,0,317
04/11/2016,CMH,OH,AGL,CE,Combined TRACON& Tower with Radar,222,111,49,0,382,0,1,1,3,5,222,112,50,3,387,0,0,0,387
04/12/2016,CMH,OH,AGL,CE,Combined TRACON& Tower with Radar,208,98,44,0,350,0,1,19,0,20,208,99,63,0,370,0,0,0,370
04/13/2016,CMH,OH,AGL,CE,Combined TRACON& Tower with Radar,208,105,65,0,378,0,3,11,0,14,208,108,76,0,392,0,0,0,392
04/14/2016,CMH,OH,AGL,CE,Combined TRACON& Tower with Radar,211,109,78,0,398,0,3,13,2,18,211,112,91,2,416,0,0,0,416
04/15/2016,CMH,OH,AGL,CE,Combined TRACON& Tower with Radar,214,107,55,1,377,0,3,13,0,16,214,110,68,1,393,0,0,0,393
04/16/2016,CMH,OH,AGL,CE,Combined TRACON& Tower with Radar,164,72,14,0,250,0,2,20,0,22,164,74,34,0,272,0,0,0,272
04/17/2016,CMH,OH,AGL,CE,Combined TRACON& Tower with Radar,185,97,23,1,306,0,4,5,0,9,185,101,28,1,315,0,0,0,315
04/18/2016,CMH,OH,AGL,CE,Combined TRACON& Tower with Radar,217,94,56,0,367,0,4,13,0,17,217,98,69,0,384,0,0,0,384
04/19/2016,CMH,OH,AGL,CE,Combined TRACON& Tower with Radar,203,116,47,0,366,0,1,19,0,20,203,117,66,0,386,0,0,0,386
04/20/2016,CMH,OH,AGL,CE,Combined TRACON& Tower with Radar,210,99,70,0,379,0,8,13,1,22,210,107,83,1,401,0,0,0,401
04/21/2016,CMH,OH,AGL,CE,Combined TRACON& Tower with Radar,207,97,48,0,352,0,4,2,0,6,207,101,50,0,358,0,0,0,358
04/22/2016,CMH,OH,AGL,CE,Combined TRACON& Tower with Radar,212,101,55,0,368,0,3,3,1,7,212,104,58,1,375,0,0,0,375
04/23/2016,CMH,OH,AGL,CE,Combined TRACON& Tower with Radar,169,53,31,0,253,0,0,13,1,14,169,53,44,1,267,0,0,0,267
04/24/2016,CMH,OH,AGL,CE,Combined TRACON& Tower with Radar,193,84,37,0,314,0,6,11,1,18,193,90,48,1,332,0,0,0,332
04/25/2016,CMH,OH,AGL,CE,Combined TRACON& Tower with Radar,210,98,63,0,371,0,2,5,0,7,210,100,68,0,378,0,0,0,378
04/26/2016,CMH,OH,AGL,CE,Combined TRACON& Tower with Radar,209,101,61,4,375,0,1,0,0,1,209,102,61,4,376,0,0,0,376
04/27/2016,CMH,OH,AGL,CE,Combined TRACON& Tower with Radar,214,98,55,2,369,0,1,8,0,9,214,99,63,2,378,0,0,0,378
04/28/2016,CMH,OH,AGL,CE,Combined TRACON& Tower with Radar,209,101,63,0,373,0,1,6,0,7,209,102,69,0,380,0,0,0,380
04/29/2016,CMH,OH,AGL,CE,Combined TRACON& Tower with Radar,210,101,54,0,365,0,1,2,0,3,210,102,56,0,368,0,0,0,368
04/30/2016,CMH,OH,AGL,CE,Combined TRACON& Tower with Radar,164,69,15,0,248,0,1,3,0,4,164,70,18,0,252,0,0,0,252
05/01/2016,CMH,OH,AGL,CE,Combined TRACON& Tower with Radar,188,89,29,0,306,0,0,4,0,4,188,89,33,0,310,0,0,0,310
05/02/2016,CMH,OH,AGL,CE,Combined TRACON& Tower with Radar,219,104,50,0,373,0,2,3,1,6,219,106,53,1,379,0,0,0,379
05/03/2016,CMH,OH,AGL,CE,Combined TRACON& Tower with Radar,220,104,62,0,386,0,2,12,0,14,220,106,74,0,400,0,0,0,400
05/04/2016,CMH,OH,AGL,CE,Combined TRACON& Tower with Radar,210,110,76,0,396,0,3,5,0,8,210,113,81,0,404,0,0,0,404
05/05/2016,CMH,OH,AGL,CE,Combined TRACON& Tower with Radar,214,115,65,2,396,0,2,6,0,8,214,117,71,2,404,0,0,0,404
05/06/2016,CMH,OH,AGL,CE,Combined TRACON& Tower with Radar,207,106,47,0,360,0,1,16,0,17,207,107,63,0,377,0,0,0,377
05/07/2016,CMH,OH,AGL,CE,Combined TRACON& Tower with Radar,172,71,32,0,275,0,7,8,1,16,172,78,40,1,291,0,0,0,291
05/08/2016,CMH,OH,AGL,CE,Combined TRACON& Tower with Radar,201,64,21,0,286,0,5,10,1,16,201,69,31,1,302,0,0,0,302
05/09/2016,CMH,OH,AGL,CE,Combined TRACON& Tower with Radar,216,100,38,0,354,0,0,3,2,5,216,100,41,2,359,0,0,0,359
05/10/2016,CMH,OH,AGL,CE,Combined TRACON& Tower with Radar,214,102,37,0,353,0,0,4,0,4,214,102,41,0,357,0,0,0,357
05/11/2016,CMH,OH,AGL,CE,Combined TRACON& Tower with Radar,222,104,52,0,378,0,0,6,0,6,222,104,58,0,384,0,0,0,384
05/12/2016,CMH,OH,AGL,CE,Combined TRACON& Tower with Radar,212,99,65,0,376,0,6,17,0,23,212,105,82,0,399,0,0,0,399
05/13/2016,CMH,OH,AGL,CE,Combined TRACON& Tower with Radar,221,101,51,2,375,0,1,12,1,14,221,102,63,3,389,0,0,0,389
05/14/2016,CMH,OH,AGL,CE,Combined TRACON& Tower with Radar,171,62,16,0,249,0,1,0,0,1,171,63,16,0,250,0,0,0,250
05/15/2016,CMH,OH,AGL,CE,Combined TRACON& Tower with Radar,207,72,26,0,305,0,9,7,0,16,207,81,33,0,321,0,0,0,321
05/16/2016,CMH,OH,AGL,CE,Combined TRACON& Tower with Radar,210,95,58,2,365,0,2,25,0,27,210,97,83,2,392,0,0,0,392
05/17/2016,CMH,OH,AGL,CE,Combined TRACON& Tower with Radar,223,93,44,3,363,0,2,7,2,11,223,95,51,5,374,0,0,0,374
05/18/2016,CMH,OH,AGL,CE,Combined TRACON& Tower with Radar,226,102,65,3,396,0,5,20,1,26,226,107,85,4,422,0,0,0,422
05/19/2016,CMH,OH,AGL,CE,Combined TRACON& Tower with Radar,217,101,55,2,375,0,5,17,2,24,217,106,72,4,399,0,0,0,399
05/20/2016,CMH,OH,AGL,CE,Combined TRACON& Tower with Radar,219,105,42,2,368,0,1,11,0,12,219,106,53,2,380,0,0,0,380
05/21/2016,CMH,OH,AGL,CE,Combined TRACON& Tower with Radar,172,59,25,0,256,0,0,0,0,0,172,59,25,0,256,0,0,0,256
05/22/2016,CMH,OH,AGL,CE,Combined TRACON& Tower with Radar,202,80,28,0,310,0,0,10,0,10,202,80,38,0,320,0,0,0,320
05/23/2016,CMH,OH,AGL,CE,Combined TRACON& Tower with Radar,225,92,50,4,371,0,3,14,4,21,225,95,64,8,392,0,0,0,392
05/24/2016,CMH,OH,AGL,CE,Combined TRACON& Tower with Radar,224,107,63,0,394,0,0,8,0,8,224,107,71,0,402,0,0,0,402
05/25/2016,CMH,OH,AGL,CE,Combined TRACON& Tower with Radar,213,103,46,0,362,0,3,7,0,10,213,106,53,0,372,0,0,0,372
05/26/2016,CMH,OH,AGL,CE,Combined TRACON& Tower with Radar,213,108,66,0,387,0,2,0,0,2,213,110,66,0,389,0,0,0,389
05/27/2016,CMH,OH,AGL,CE,Combined TRACON& Tower with Radar,218,107,35,0,360,0,5,15,0,20,218,112,50,0,380,0,0,0,380
05/28/2016,CMH,OH,AGL,CE,Combined TRACON& Tower with Radar,168,55,12,0,235,0,3,10,1,14,168,58,22,1,249,0,0,0,249
05/29/2016,CMH,OH,AGL,CE,Combined TRACON& Tower with Radar,171,57,11,0,239,0,1,7,0,8,171,58,18,0,247,0,0,0,247
05/30/2016,CMH,OH,AGL,CE,Combined TRACON& Tower with Radar,196,97,34,0,327,0,2,7,0,9,196,99,41,0,336,0,0,0,336
05/31/2016,CMH,OH,AGL,CE,Combined TRACON& Tower with Radar,207,110,55,0,372,0,2,24,0,26,207,112,79,0,398,0,0,0,398
06/01/2016,CMH,OH,AGL,CE,Combined TRACON& Tower with Radar,217,102,60,0,379,0,2,14,0,16,217,104,74,0,395,0,0,0,395
06/02/2016,CMH,OH,AGL,CE,Combined TRACON& Tower with Radar,226,101,48,0,375,0,1,6,2,9,226,102,54,2,384,0,0,0,384
06/03/2016,CMH,OH,AGL,CE,Combined TRACON& Tower with Radar,229,100,56,0,385,0,2,10,0,12,229,102,66,0,397,0,0,0,397
06/04/2016,CMH,OH,AGL,CE,Combined TRACON& Tower with Radar,189,63,20,0,272,0,2,6,1,9,189,65,26,1,281,0,0,0,281
06/05/2016,CMH,OH,AGL,CE,Combined TRACON& Tower with Radar,209,95,24,3,331,0,0,4,0,4,209,95,28,3,335,0,0,0,335
06/06/2016,CMH,OH,AGL,CE,Combined TRACON& Tower with Radar,235,113,39,2,389,0,0,10,0,10,235,113,49,2,399,0,0,0,399
06/07/2016,CMH,OH,AGL,CE,Combined TRACON& Tower with Radar,234,98,57,4,393,0,2,14,0,16,234,100,71,4,409,0,0,0,409
06/08/2016,CMH,OH,AGL,CE,Combined TRACON& Tower with Radar,231,118,54,4,407,0,2,13,0,15,231,120,67,4,422,0,0,0,422
06/09/2016,CMH,OH,AGL,CE,Combined TRACON& Tower with Radar,235,113,60,0,408,0,3,21,0,24,235,116,81,0,432,0,0,0,432
06/10/2016,CMH,OH,AGL,CE,Combined TRACON& Tower with Radar,230,105,54,0,389,0,1,9,0,10,230,106,63,0,399,0,0,0,399
06/11/2016,CMH,OH,AGL,CE,Combined TRACON& Tower with Radar,202,55,29,0,286,0,3,17,0,20,202,58,46,0,306,0,0,0,306
06/12/2016,CMH,OH,AGL,CE,Combined TRACON& Tower with Radar,212,84,24,1,321,0,4,12,4,20,212,88,36,5,341,0,0,0,341
06/13/2016,CMH,OH,AGL,CE,Combined TRACON& Tower with Radar,232,109,57,0,398,0,1,12,0,13,232,110,69,0,411,0,0,0,411
06/14/2016,CMH,OH,AGL,CE,Combined TRACON& Tower with Radar,232,108,52,0,392,0,0,8,0,8,232,108,60,0,400,0,0,0,400
06/15/2016,CMH,OH,AGL,CE,Combined TRACON& Tower with Radar,238,113,48,4,403,0,5,11,3,19,238,118,59,7,422,0,0,0,422
06/16/2016,CMH,OH,AGL,CE,Combined TRACON& Tower with Radar,243,94,58,6,401,0,2,3,0,5,243,96,61,6,406,0,0,0,406
06/17/2016,CMH,OH,AGL,CE,Combined TRACON& Tower with Radar,234,108,41,0,383,0,1,6,0,7,234,109,47,0,390,0,0,0,390
06/18/2016,CMH,OH,AGL,CE,Combined TRACON& Tower with Radar,213,59,20,0,292,0,2,19,0,21,213,61,39,0,313,0,0,0,313
06/19/2016,CMH,OH,AGL,CE,Combined TRACON& Tower with Radar,227,86,32,0,345,0,1,14,0,15,227,87,46,0,360,0,0,0,360
06/20/2016,CMH,OH,AGL,CE,Combined TRACON& Tower with Radar,227,100,48,0,375,0,8,9,0,17,227,108,57,0,392,0,0,0,392
06/21/2016,CMH,OH,AGL,CE,Combined TRACON& Tower with Radar,227,121,70,2,420,0,0,35,0,35,227,121,105,2,455,0,0,0,455
06/22/2016,CMH,OH,AGL,CE,Combined TRACON& Tower with Radar,226,131,75,0,432,0,3,17,0,20,226,134,92,0,452,0,0,0,452
06/23/2016,CMH,OH,AGL,CE,Combined TRACON& Tower with Radar,220,105,57,1,383,0,0,2,0,2,220,105,59,1,385,0,0,0,385
06/24/2016,CMH,OH,AGL,CE,Combined TRACON& Tower with Radar,227,95,60,0,382,0,3,12,1,16,227,98,72,1,398,0,0,0,398
06/25/2016,CMH,OH,AGL,CE,Combined TRACON& Tower with Radar,201,56,14,0,271,0,1,10,0,11,201,57,24,0,282,0,0,0,282
06/26/2016,CMH,OH,AGL,CE,Combined TRACON& Tower with Radar,205,89,23,0,317,0,1,9,0,10,205,90,32,0,327,0,0,0,327
06/27/2016,CMH,OH,AGL,CE,Combined TRACON& Tower with Radar,238,107,45,0,390,0,4,10,0,14,238,111,55,0,404,0,0,0,404
06/28/2016,CMH,OH,AGL,CE,Combined TRACON& Tower with Radar,233,96,60,0,389,0,0,10,3,13,233,96,70,3,402,0,0,0,402
06/29/2016,CMH,OH,AGL,CE,Combined TRACON& Tower with Radar,235,100,52,1,388,0,1,9,0,10,235,101,61,1,398,0,0,0,398
06/30/2016,CMH,OH,AGL,CE,Combined TRACON& Tower with Radar,229,126,53,3,411,0,4,21,0,25,229,130,74,3,436,0,0,0,436
07/01/2016,CMH,OH,AGL,CE,Combined TRACON& Tower with Radar,216,95,30,0,341,0,4,5,0,9,216,99,35,0,350,0,0,0,350
07/02/2016,CMH,OH,AGL,CE,Combined TRACON& Tower with Radar,198,67,15,0,280,0,3,9,2,14,198,70,24,2,294,0,0,0,294
07/03/2016,CMH,OH,AGL,CE,Combined TRACON& Tower with Radar,169,56,18,0,243,0,4,8,0,12,169,60,26,0,255,0,0,0,255
07/04/2016,CMH,OH,AGL,CE,Combined TRACON& Tower with Radar,169,65,17,0,251,0,0,0,0,0,169,65,17,0,251,0,0,0,251
07/05/2016,CMH,OH,AGL,CE,Combined TRACON& Tower with Radar,217,113,42,2,374,0,5,4,0,9,217,118,46,2,383,0,0,0,383
07/06/2016,CMH,OH,AGL,CE,Combined TRACON& Tower with Radar,223,119,47,0,389,0,0,2,0,2,223,119,49,0,391,0,0,0,391
07/07/2016,CMH,OH,AGL,CE,Combined TRACON& Tower with Radar,228,110,59,2,399,0,4,9,0,13,228,114,68,2,412,0,0,0,412
07/08/2016,CMH,OH,AGL,CE,Combined TRACON& Tower with Radar,217,99,44,0,360,0,0,8,0,8,217,99,52,0,368,0,0,0,368
07/09/2016,CMH,OH,AGL,CE,Combined TRACON& Tower with Radar,194,72,28,0,294,0,2,6,0,8,194,74,34,0,302,0,0,0,302
07/10/2016,CMH,OH,AGL,CE,Combined TRACON& Tower with Radar,215,94,26,0,335,0,2,5,1,8,215,96,31,1,343,0,0,0,343
07/11/2016,CMH,OH,AGL,CE,Combined TRACON& Tower with Radar,223,91,58,0,372,0,3,8,0,11,223,94,66,0,383,0,0,0,383
07/12/2016,CMH,OH,AGL,CE,Combined TRACON& Tower with Radar,234,102,73,2,411,0,3,16,0,19,234,105,89,2,430,0,0,0,430
07/13/2016,CMH,OH,AGL,CE,Combined TRACON& Tower with Radar,210,107,66,0,383,0,1,7,2,10,210,108,73,2,393,0,0,0,393
07/14/2016,CMH,OH,AGL,CE,Combined TRACON& Tower with Radar,227,93,60,0,380,0,1,3,0,4,227,94,63,0,384,0,0,0,384
07/15/2016,CMH,OH,AGL,CE,Combined TRACON& Tower with Radar,220,104,43,0,367,0,0,15,0,15,220,104,58,0,382,0,0,0,382
07/16/2016,CMH,OH,AGL,CE,Combined TRACON& Tower with Radar,199,70,29,0,298,0,2,9,0,11,199,72,38,0,309,0,0,0,309
07/17/2016,CMH,OH,AGL,CE,Combined TRACON& Tower with Radar,222,87,27,0,336,0,4,11,0,15,222,91,38,0,351,0,0,0,351
07/18/2016,CMH,OH,AGL,CE,Combined TRACON& Tower with Radar,217,90,48,0,355,0,0,6,2,8,217,90,54,2,363,0,0,0,363
07/19/2016,CMH,OH,AGL,CE,Combined TRACON& Tower with Radar,229,116,73,0,418,0,1,5,0,6,229,117,78,0,424,0,0,0,424
07/20/2016,CMH,OH,AGL,CE,Combined TRACON& Tower with Radar,221,119,89,0,429,0,4,20,0,24,221,123,109,0,453,0,0,0,453
07/21/2016,CMH,OH,AGL,CE,Combined TRACON& Tower with Radar,200,105,73,0,378,0,3,17,2,22,200,108,90,2,400,0,0,0,400
07/22/2016,CMH,OH,AGL,CE,Combined TRACON& Tower with Radar,205,114,57,0,376,0,1,8,0,9,205,115,65,0,385,0,0,0,385
07/23/2016,CMH,OH,AGL,CE,Combined TRACON& Tower with Radar,186,73,18,2,279,0,1,10,0,11,186,74,28,2,290,0,0,0,290
07/24/2016,CMH,OH,AGL,CE,Combined TRACON& Tower with Radar,215,84,28,0,327,0,3,8,0,11,215,87,36,0,338,0,0,0,338
07/25/2016,CMH,OH,AGL,CE,Combined TRACON& Tower with Radar,216,100,36,4,356,0,3,8,0,11,216,103,44,4,367,0,0,0,367
07/26/2016,CMH,OH,AGL,CE,Combined TRACON& Tower with Radar,230,108,58,2,398,0,3,5,2,10,230,111,63,4,408,0,0,0,408
07/27/2016,CMH,OH,AGL,CE,Combined TRACON& Tower with Radar,227,103,52,5,387,0,4,9,0,13,227,107,61,5,400,0,0,0,400
07/28/2016,CMH,OH,AGL,CE,Combined TRACON& Tower with Radar,215,117,65,3,400,0,1,7,0,8,215,118,72,3,408,0,0,0,408
07/29/2016,CMH,OH,AGL,CE,Combined TRACON& Tower with Radar,229,99,61,6,395,0,1,6,0,7,229,100,67,6,402,0,0,0,402
07/30/2016,CMH,OH,AGL,CE,Combined TRACON& Tower with Radar,190,68,26,0,284,0,1,5,1,7,190,69,31,1,291,0,0,0,291
07/31/2016,CMH,OH,AGL,CE,Combined TRACON& Tower with Radar,213,94,33,1,341,0,1,5,1,7,213,95,38,2,348,0,0,0,348
08/01/2016,CMH,OH,AGL,CE,Combined TRACON& Tower with Radar,217,101,56,0,374,0,1,6,1,8,217,102,62,1,382,0,0,0,382
08/02/2016,CMH,OH,AGL,CE,Combined TRACON& Tower with Radar,229,115,44,0,388,0,2,16,0,18,229,117,60,0,406,0,0,0,406
08/03/2016,CMH,OH,AGL,CE,Combined TRACON& Tower with Radar,222,109,62,0,393,0,0,10,0,10,222,109,72,0,403,0,0,0,403
08/04/2016,CMH,OH,AGL,CE,Combined TRACON& Tower with Radar,227,101,70,0,398,0,0,13,0,13,227,101,83,0,411,0,0,0,411
08/05/2016,CMH,OH,AGL,CE,Combined TRACON& Tower with Radar,223,105,40,1,369,0,3,5,0,8,223,108,45,1,377,0,0,0,377
08/06/2016,CMH,OH,AGL,CE,Combined TRACON& Tower with Radar,196,55,26,2,279,0,6,11,1,18,196,61,37,3,297,0,0,0,297
08/07/2016,CMH,OH,AGL,CE,Combined TRACON& Tower with Radar,205,80,33,4,322,0,3,6,0,9,205,83,39,4,331,0,0,0,331
08/08/2016,CMH,OH,AGL,CE,Combined TRACON& Tower with Radar,201,121,55,1,378,0,0,11,0,11,201,121,66,1,389,0,0,0,389
08/09/2016,CMH,OH,AGL,CE,Combined TRACON& Tower with Radar,212,117,72,0,401,0,1,12,0,13,212,118,84,0,414,0,0,0,414
08/10/2016,CMH,OH,AGL,CE,Combined TRACON& Tower with Radar,206,112,55,0,373,0,3,6,0,9,206,115,61,0,382,0,0,0,382
08/11/2016,CMH,OH,AGL,CE,Combined TRACON& Tower with Radar,211,109,69,2,391,0,1,15,2,18,211,110,84,4,409,0,0,0,409
08/12/2016,CMH,OH,AGL,CE,Combined TRACON& Tower with Radar,200,99,28,0,327,0,1,12,0,13,200,100,40,0,340,0,0,0,340
08/13/2016,CMH,OH,AGL,CE,Combined TRACON& Tower with Radar,177,64,17,2,260,0,2,2,0,4,177,66,19,2,264,0,0,0,264
08/14/2016,CMH,OH,AGL,CE,Combined TRACON& Tower with Radar,207,85,18,0,310,0,1,1,0,2,207,86,19,0,312,0,0,0,312
08/15/2016,CMH,OH,AGL,CE,Combined TRACON& Tower with Radar,211,91,45,0,347,0,2,6,0,8,211,93,51,0,355,0,0,0,355
08/16/2016,CMH,OH,AGL,CE,Combined TRACON& Tower with Radar,220,95,54,0,369,0,2,4,0,6,220,97,58,0,375,0,0,0,375
08/17/2016,CMH,OH,AGL,CE,Combined TRACON& Tower with Radar,218,112,60,2,392,0,3,2,0,5,218,115,62,2,397,0,0,0,397
08/18/2016,CMH,OH,AGL,CE,Combined TRACON& Tower with Radar,205,127,65,0,397,0,7,11,1,19,205,134,76,1,416,0,0,0,416
08/19/2016,CMH,OH,AGL,CE,Combined TRACON& Tower with Radar,194,115,32,0,341,0,1,11,0,12,194,116,43,0,353,0,0,0,353
08/20/2016,CMH,OH,AGL,CE,Combined TRACON& Tower with Radar,154,56,22,0,232,0,3,4,0,7,154,59,26,0,239,0,0,0,239
08/21/2016,CMH,OH,AGL,CE,Combined TRACON& Tower with Radar,185,95,17,0,297,0,0,11,0,11,185,95,28,0,308,0,0,0,308
08/22/2016,CMH,OH,AGL,CE,Combined TRACON& Tower with Radar,196,112,50,0,358,0,0,8,0,8,196,112,58,0,366,0,0,0,366
08/23/2016,CMH,OH,AGL,CE,Combined TRACON& Tower with Radar,194,119,56,0,369,0,0,15,0,15,194,119,71,0,384,0,0,0,384
08/24/2016,CMH,OH,AGL,CE,Combined TRACON& Tower with Radar,196,141,47,3,387,0,0,2,0,2,196,141,49,3,389,0,0,0,389
08/25/2016,CMH,OH,AGL,CE,Combined TRACON& Tower with Radar,194,131,59,1,385,0,1,3,0,4,194,132,62,1,389,0,0,0,389
08/26/2016,CMH,OH,AGL,CE,Combined TRACON& Tower with Radar,196,138,33,2,369,0,1,9,3,13,196,139,42,5,382,0,0,0,382
08/27/2016,CMH,OH,AGL,CE,Combined TRACON& Tower with Radar,145,69,26,0,240,0,3,14,0,17,145,72,40,0,257,0,0,0,257
08/28/2016,CMH,OH,AGL,CE,Combined TRACON& Tower with Radar,178,102,19,0,299,0,1,8,1,10,178,103,27,1,309,0,0,0,309
08/29/2016,CMH,OH,AGL,CE,Combined TRACON& Tower with Radar,187,140,47,1,375,0,0,11,0,11,187,140,58,1,386,0,0,0,386
08/30/2016,CMH,OH,AGL,CE,Combined TRACON& Tower with Radar,197,121,49,0,367,0,1,17,0,18,197,122,66,0,385,0,0,0,385
08/31/2016,CMH,OH,AGL,CE,Combined TRACON& Tower with Radar,198,138,66,0,402,0,3,3,1,7,198,141,69,1,409,0,0,0,409
09/01/2016,CMH,OH,AGL,CE,Combined TRACON& Tower with Radar,194,127,65,2,388,0,3,12,0,15,194,130,77,2,403,0,0,0,403
09/02/2016,CMH,OH,AGL,CE,Combined TRACON& Tower with Radar,204,135,40,2,381,0,1,14,0,15,204,136,54,2,396,0,0,0,396
09/03/2016,CMH,OH,AGL,CE,Combined TRACON& Tower with Radar,125,67,25,0,217,0,3,9,0,12,125,70,34,0,229,0,0,0,229
09/04/2016,CMH,OH,AGL,CE,Combined TRACON& Tower with Radar,136,64,20,0,220,0,2,8,0,10,136,66,28,0,230,0,0,0,230
09/05/2016,CMH,OH,AGL,CE,Combined TRACON& Tower with Radar,174,115,30,1,320,0,1,11,1,13,174,116,41,2,333,0,0,0,333
09/06/2016,CMH,OH,AGL,CE,Combined TRACON& Tower with Radar,201,109,52,0,362,0,0,10,0,10,201,109,62,0,372,0,0,0,372
09/07/2016,CMH,OH,AGL,CE,Combined TRACON& Tower with Radar,192,133,65,2,392,0,1,15,0,16,192,134,80,2,408,0,0,0,408
09/08/2016,CMH,OH,AGL,CE,Combined TRACON& Tower with Radar,200,122,43,4,369,0,3,16,0,19,200,125,59,4,388,0,0,0,388
09/09/2016,CMH,OH,AGL,CE,Combined TRACON& Tower with Radar,197,132,57,0,386,0,2,11,1,14,197,134,68,1,400,0,0,0,400
09/10/2016,CMH,OH,AGL,CE,Combined TRACON& Tower with Radar,132,85,20,0,237,0,1,5,0,6,132,86,25,0,243,0,0,0,243
09/11/2016,CMH,OH,AGL,CE,Combined TRACON& Tower with Radar,182,117,34,0,333,0,1,9,0,10,182,118,43,0,343,0,0,0,343
09/12/2016,CMH,OH,AGL,CE,Combined TRACON& Tower with Radar,190,130,43,0,363,0,7,23,0,30,190,137,66,0,393,0,0,0,393
09/13/2016,CMH,OH,AGL,CE,Combined TRACON& Tower with Radar,191,125,73,2,391,0,3,13,0,16,191,128,86,2,407,0,0,0,407
09/14/2016,CMH,OH,AGL,CE,Combined TRACON& Tower with Radar,202,112,65,2,381,0,4,2,0,6,202,116,67,2,387,0,0,0,387
09/15/2016,CMH,OH,AGL,CE,Combined TRACON& Tower with Radar,225,114,59,2,400,0,1,11,0,12,225,115,70,2,412,0,0,0,412
09/16/2016,CMH,OH,AGL,CE,Combined TRACON& Tower with Radar,229,94,51,0,374,0,2,8,0,10,229,96,59,0,384,0,0,0,384
09/17/2016,CMH,OH,AGL,CE,Combined TRACON& Tower with Radar,151,56,26,0,233,0,1,9,0,10,151,57,35,0,243,0,0,0,243
09/18/2016,CMH,OH,AGL,CE,Combined TRACON& Tower with Radar,217,84,39,0,340,0,1,1,0,2,217,85,40,0,342,0,0,0,342
09/19/2016,CMH,OH,AGL,CE,Combined TRACON& Tower with Radar,217,107,64,0,388,0,0,11,0,11,217,107,75,0,399,0,0,0,399
09/20/2016,CMH,OH,AGL,CE,Combined TRACON& Tower with Radar,226,97,59,0,382,0,2,12,0,14,226,99,71,0,396,0,0,0,396
09/21/2016,CMH,OH,AGL,CE,Combined TRACON& Tower with Radar,212,100,78,0,390,0,0,16,2,18,212,100,94,2,408,0,0,0,408
09/22/2016,CMH,OH,AGL,CE,Combined TRACON& Tower with Radar,234,98,67,0,399,0,1,14,0,15,234,99,81,0,414,0,0,0,414
09/23/2016,CMH,OH,AGL,CE,Combined TRACON& Tower with Radar,223,108,66,0,397,0,3,8,0,11,223,111,74,0,408,0,0,0,408
09/24/2016,CMH,OH,AGL,CE,Combined TRACON& Tower with Radar,149,62,34,1,246,0,3,4,1,8,149,65,38,2,254,0,0,0,254
09/25/2016,CMH,OH,AGL,CE,Combined TRACON& Tower with Radar,215,97,45,0,357,0,3,25,0,28,215,100,70,0,385,0,0,0,385
09/26/2016,CMH,OH,AGL,CE,Combined TRACON& Tower with Radar,225,101,57,0,383,0,1,3,0,4,225,102,60,0,387,0,0,0,387
09/27/2016,CMH,OH,AGL,CE,Combined TRACON& Tower with Radar,224,96,65,0,385,0,1,13,0,14,224,97,78,0,399,0,0,0,399
09/28/2016,CMH,OH,AGL,CE,Combined TRACON& Tower with Radar,225,108,78,0,411,0,2,2,0,4,225,110,80,0,415,0,0,0,415
09/29/2016,CMH,OH,AGL,CE,Combined TRACON& Tower with Radar,229,115,64,2,410,0,0,1,0,1,229,115,65,2,411,0,0,0,411
09/30/2016,CMH,OH,AGL,CE,Combined TRACON& Tower with Radar,220,103,59,0,382,0,1,1,0,2,220,104,60,0,384,0,0,0,384
10/01/2016,CMH,OH,AGL,CE,Combined TRACON& Tower with Radar,157,66,30,0,253,0,1,2,0,3,157,67,32,0,256,0,0,0,256
10/02/2016,CMH,OH,AGL,CE,Combined TRACON& Tower with Radar,209,77,29,0,315,0,0,6,0,6,209,77,35,0,321,0,0,0,321
10/03/2016,CMH,OH,AGL,CE,Combined TRACON& Tower with Radar,226,92,57,0,375,0,3,10,0,13,226,95,67,0,388,0,0,0,388
10/04/2016,CMH,OH,AGL,CE,Combined TRACON& Tower with Radar,222,94,67,3,386,0,2,13,2,17,222,96,80,5,403,0,0,0,403
10/05/2016,CMH,OH,AGL,CE,Combined TRACON& Tower with Radar,227,79,73,0,379,0,9,20,0,29,227,88,93,0,408,0,0,0,408
10/06/2016,CMH,OH,AGL,CE,Combined TRACON& Tower with Radar,215,92,74,0,381,0,1,10,0,11,215,93,84,0,392,0,0,0,392
10/07/2016,CMH,OH,AGL,CE,Combined TRACON& Tower with Radar,219,92,66,2,379,0,4,6,1,11,219,96,72,3,390,0,0,0,390
10/08/2016,CMH,OH,AGL,CE,Combined TRACON& Tower with Radar,155,53,23,0,231,0,2,14,2,18,155,55,37,2,249,0,0,0,249
10/09/2016,CMH,OH,AGL,CE,Combined TRACON& Tower with Radar,207,81,21,1,310,0,2,13,1,16,207,83,34,2,326,0,0,0,326
10/10/2016,CMH,OH,AGL,CE,Combined TRACON& Tower with Radar,223,99,48,2,372,0,1,18,1,20,223,100,66,3,392,0,0,0,392
10/11/2016,CMH,OH,AGL,CE,Combined TRACON& Tower with Radar,220,98,58,0,376,0,2,4,4,10,220,100,62,4,386,0,0,0,386
10/12/2016,CMH,OH,AGL,CE,Combined TRACON& Tower with Radar,221,109,51,3,384,0,2,16,0,18,221,111,67,3,402,0,0,0,402
10/13/2016,CMH,OH,AGL,CE,Combined TRACON& Tower with Radar,221,106,72,2,401,0,3,13,1,17,221,109,85,3,418,0,0,0,418
10/14/2016,CMH,OH,AGL,CE,Combined TRACON& Tower with Radar,224,114,61,3,402,0,3,22,1,26,224,117,83,4,428,0,0,0,428
10/15/2016,CMH,OH,AGL,CE,Combined TRACON& Tower with Radar,158,44,20,0,222,0,6,6,0,12,158,50,26,0,234,0,0,0,234
10/16/2016,CMH,OH,AGL,CE,Combined TRACON& Tower with Radar,215,81,40,0,336,0,0,9,0,9,215,81,49,0,345,0,0,0,345
10/17/2016,CMH,OH,AGL,CE,Combined TRACON& Tower with Radar,222,102,58,0,382,0,0,10,0,10,222,102,68,0,392,0,0,0,392
10/18/2016,CMH,OH,AGL,CE,Combined TRACON& Tower with Radar,221,92,73,0,386,0,2,6,0,8,221,94,79,0,394,0,0,0,394
10/19/2016,CMH,OH,AGL,CE,Combined TRACON& Tower with Radar,226,90,53,2,371,0,0,21,0,21,226,90,74,2,392,0,0,0,392
10/20/2016,CMH,OH,AGL,CE,Combined TRACON& Tower with Radar,235,100,55,2,392,0,1,0,0,1,235,101,55,2,393,0,0,0,393
10/21/2016,CMH,OH,AGL,CE,Combined TRACON& Tower with Radar,223,89,43,0,355,0,1,2,0,3,223,90,45,0,358,0,0,0,358
10/22/2016,CMH,OH,AGL,CE,Combined TRACON& Tower with Radar,163,58,24,0,245,0,7,14,0,21,163,65,38,0,266,0,0,0,266
10/23/2016,CMH,OH,AGL,CE,Combined TRACON& Tower with Radar,216,80,30,0,326,0,0,13,0,13,216,80,43,0,339,0,0,0,339
10/24/2016,CMH,OH,AGL,CE,Combined TRACON& Tower with Radar,220,87,53,0,360,0,0,10,0,10,220,87,63,0,370,0,0,0,370
10/25/2016,CMH,OH,AGL,CE,Combined TRACON& Tower with Radar,217,97,61,0,375,0,5,21,0,26,217,102,82,0,401,0,0,0,401
10/26/2016,CMH,OH,AGL,CE,Combined TRACON& Tower with Radar,210,100,71,1,382,0,0,8,0,8,210,100,79,1,390,0,0,0,390
10/27/2016,CMH,OH,AGL,CE,Combined TRACON& Tower with Radar,229,84,66,15,394,0,4,4,0,8,229,88,70,15,402,0,0,0,402
10/28/2016,CMH,OH,AGL,CE,Combined TRACON& Tower with Radar,216,107,55,0,378,0,5,12,0,17,216,112,67,0,395,0,0,0,395
10/29/2016,CMH,OH,AGL,CE,Combined TRACON& Tower with Radar,161,58,27,2,248,0,2,7,1,10,161,60,34,3,258,0,0,0,258
10/30/2016,CMH,OH,AGL,CE,Combined TRACON& Tower with Radar,202,82,22,0,306,0,4,10,0,14,202,86,32,0,320,0,0,0,320
10/31/2016,CMH,OH,AGL,CE,Combined TRACON& Tower with Radar,193,84,38,1,316,0,0,14,0,14,193,84,52,1,330,0,0,0,330
11/01/2016,CMH,OH,AGL,CE,Combined TRACON& Tower with Radar,205,98,61,4,368,0,5,8,0,13,205,103,69,4,381,0,0,0,381
11/02/2016,CMH,OH,AGL,CE,Combined TRACON& Tower with Radar,207,100,75,4,386,0,3,14,0,17,207,103,89,4,403,0,0,0,403
11/03/2016,CMH,OH,AGL,CE,Combined TRACON& Tower with Radar,215,104,69,2,390,0,0,1,1,2,215,104,70,3,392,0,0,0,392
11/04/2016,CMH,OH,AGL,CE,Combined TRACON& Tower with Radar,225,100,54,1,380,0,3,29,0,32,225,103,83,1,412,0,0,0,412
11/05/2016,CMH,OH,AGL,CE,Combined TRACON& Tower with Radar,161,57,29,2,249,0,1,13,0,14,161,58,42,2,263,0,0,0,263
11/06/2016,CMH,OH,AGL,CE,Combined TRACON& Tower with Radar,207,86,37,1,331,0,6,18,0,24,207,92,55,1,355,0,0,0,355
11/07/2016,CMH,OH,AGL,CE,Combined TRACON& Tower with Radar,219,82,42,2,345,0,1,19,0,20,219,83,61,2,365,0,0,0,365
11/08/2016,CMH,OH,AGL,CE,Combined TRACON& Tower with Radar,205,84,55,0,344,0,1,6,0,7,205,85,61,0,351,0,0,0,351
11/09/2016,CMH,OH,AGL,CE,Combined TRACON& Tower with Radar,221,99,67,0,387,0,5,8,0,13,221,104,75,0,400,0,0,0,400
11/10/2016,CMH,OH,AGL,CE,Combined TRACON& Tower with Radar,224,95,88,0,407,0,1,17,0,18,224,96,105,0,425,0,0,0,425
11/11/2016,CMH,OH,AGL,CE,Combined TRACON& Tower with Radar,225,100,57,0,382,0,5,7,0,12,225,105,64,0,394,0,0,0,394
11/12/2016,CMH,OH,AGL,CE,Combined TRACON& Tower with Radar,160,51,20,2,233,0,1,18,0,19,160,52,38,2,252,0,0,0,252
11/13/2016,CMH,OH,AGL,CE,Combined TRACON& Tower with Radar,209,67,22,0,298,0,1,16,0,17,209,68,38,0,315,0,0,0,315
11/14/2016,CMH,OH,AGL,CE,Combined TRACON& Tower with Radar,218,88,66,0,372,0,10,11,0,21,218,98,77,0,393,0,0,0,393
11/15/2016,CMH,OH,AGL,CE,Combined TRACON& Tower with Radar,220,97,71,1,389,0,2,4,1,7,220,99,75,2,396,0,0,0,396
11/16/2016,CMH,OH,AGL,CE,Combined TRACON& Tower with Radar,221,109,86,0,416,0,7,6,0,13,221,116,92,0,429,0,0,0,429
11/17/2016,CMH,OH,AGL,CE,Combined TRACON& Tower with Radar,220,97,80,0,397,0,2,13,0,15,220,99,93,0,412,0,0,0,412
11/18/2016,CMH,OH,AGL,CE,Combined TRACON& Tower with Radar,220,107,52,2,381,0,8,21,0,29,220,115,73,2,410,0,0,0,410
11/19/2016,CMH,OH,AGL,CE,Combined TRACON& Tower with Radar,178,54,21,0,253,0,1,1,0,2,178,55,22,0,255,0,0,0,255
11/20/2016,CMH,OH,AGL,CE,Combined TRACON& Tower with Radar,205,69,20,0,294,0,1,4,0,5,205,70,24,0,299,0,0,0,299
11/21/2016,CMH,OH,AGL,CE,Combined TRACON& Tower with Radar,214,76,48,0,338,0,1,19,0,20,214,77,67,0,358,0,0,0,358
11/22/2016,CMH,OH,AGL,CE,Combined TRACON& Tower with Radar,226,107,45,1,379,0,3,23,0,26,226,110,68,1,405,0,0,0,405
11/23/2016,CMH,OH,AGL,CE,Combined TRACON& Tower with Radar,235,99,36,0,370,0,1,4,0,5,235,100,40,0,375,0,0,0,375
11/24/2016,CMH,OH,AGL,CE,Combined TRACON& Tower with Radar,136,46,15,0,197,0,0,3,0,3,136,46,18,0,200,0,0,0,200
11/25/2016,CMH,OH,AGL,CE,Combined TRACON& Tower with Radar,156,74,31,0,261,0,0,7,0,7,156,74,38,0,268,0,0,0,268
11/26/2016,CMH,OH,AGL,CE,Combined TRACON& Tower with Radar,218,100,44,0,362,0,3,5,1,9,218,103,49,1,371,0,0,0,371
11/27/2016,CMH,OH,AGL,CE,Combined TRACON& Tower with Radar,240,88,44,1,373,0,0,27,3,30,240,88,71,4,403,0,0,0,403
11/28/2016,CMH,OH,AGL,CE,Combined TRACON& Tower with Radar,239,85,43,0,367,0,0,4,0,4,239,85,47,0,371,0,0,0,371
11/29/2016,CMH,OH,AGL,CE,Combined TRACON& Tower with Radar,227,90,49,0,366,0,2,11,0,13,227,92,60,0,379,0,0,0,379
11/30/2016,CMH,OH,AGL,CE,Combined TRACON& Tower with Radar,212,98,57,0,367,0,0,1,0,1,212,98,58,0,368,0,0,0,368
12/01/2016,CMH,OH,AGL,CE,Combined TRACON& Tower with Radar,221,111,69,0,401,0,2,17,1,20,221,113,86,1,421,0,0,0,421
12/02/2016,CMH,OH,AGL,CE,Combined TRACON& Tower with Radar,212,104,44,0,360,0,1,3,0,4,212,105,47,0,364,0,0,0,364
12/03/2016,CMH,OH,AGL,CE,Combined TRACON& Tower with Radar,147,54,24,2,227,0,1,20,0,21,147,55,44,2,248,0,0,0,248
12/04/2016,CMH,OH,AGL,CE,Combined TRACON& Tower with Radar,189,82,30,0,301,0,5,20,0,25,189,87,50,0,326,0,0,0,326
12/05/2016,CMH,OH,AGL,CE,Combined TRACON& Tower with Radar,208,92,44,0,344,0,0,17,0,17,208,92,61,0,361,0,0,0,361
12/06/2016,CMH,OH,AGL,CE,Combined TRACON& Tower with Radar,207,107,51,6,371,0,2,0,0,2,207,109,51,6,373,0,0,0,373
12/07/2016,CMH,OH,AGL,CE,Combined TRACON& Tower with Radar,212,116,82,0,410,0,7,34,0,41,212,123,116,0,451,0,0,0,451
12/08/2016,CMH,OH,AGL,CE,Combined TRACON& Tower with Radar,213,118,83,4,418,0,0,17,1,18,213,118,100,5,436,0,0,0,436
12/09/2016,CMH,OH,AGL,CE,Combined TRACON& Tower with Radar,219,97,58,0,374,0,2,3,1,6,219,99,61,1,380,0,0,0,380
12/10/2016,CMH,OH,AGL,CE,Combined TRACON& Tower with Radar,151,52,26,0,229,0,0,5,0,5,151,52,31,0,234,0,0,0,234
12/11/2016,CMH,OH,AGL,CE,Combined TRACON& Tower with Radar,178,76,12,0,266,0,0,4,0,4,178,76,16,0,270,0,0,0,270
12/12/2016,CMH,OH,AGL,CE,Combined TRACON& Tower with Radar,220,96,28,0,344,0,3,2,0,5,220,99,30,0,349,0,0,0,349
12/13/2016,CMH,OH,AGL,CE,Combined TRACON& Tower with Radar,211,117,73,0,401,0,1,1,0,2,211,118,74,0,403,0,0,0,403
12/14/2016,CMH,OH,AGL,CE,Combined TRACON& Tower with Radar,213,101,55,2,371,0,4,14,0,18,213,105,69,2,389,0,0,0,389
12/15/2016,CMH,OH,AGL,CE,Combined TRACON& Tower with Radar,213,95,73,0,381,0,3,11,0,14,213,98,84,0,395,0,0,0,395
12/16/2016,CMH,OH,AGL,CE,Combined TRACON& Tower with Radar,203,93,50,3,349,0,2,6,0,8,203,95,56,3,357,0,0,0,357
12/17/2016,CMH,OH,AGL,CE,Combined TRACON& Tower with Radar,158,69,12,4,243,0,0,0,0,0,158,69,12,4,243,0,0,0,243
12/18/2016,CMH,OH,AGL,CE,Combined TRACON& Tower with Radar,169,77,22,1,269,0,5,0,0,5,169,82,22,1,274,0,0,0,274
12/19/2016,CMH,OH,AGL,CE,Combined TRACON& Tower with Radar,201,95,36,0,332,0,1,2,0,3,201,96,38,0,335,0,0,0,335
12/20/2016,CMH,OH,AGL,CE,Combined TRACON& Tower with Radar,204,96,41,0,341,0,5,24,0,29,204,101,65,0,370,0,0,0,370
12/21/2016,CMH,OH,AGL,CE,Combined TRACON& Tower with Radar,214,100,34,0,348,0,2,14,1,17,214,102,48,1,365,0,0,0,365
12/22/2016,CMH,OH,AGL,CE,Combined TRACON& Tower with Radar,209,84,33,0,326,0,1,5,0,6,209,85,38,0,332,0,0,0,332
12/23/2016,CMH,OH,AGL,CE,Combined TRACON& Tower with Radar,208,87,17,0,312,0,5,36,0,41,208,92,53,0,353,0,0,0,353
12/24/2016,CMH,OH,AGL,CE,Combined TRACON& Tower with Radar,148,45,1,0,194,0,1,0,0,1,148,46,1,0,195,0,0,0,195
12/25/2016,CMH,OH,AGL,CE,Combined TRACON& Tower with Radar,144,54,11,0,209,0,4,1,0,5,144,58,12,0,214,0,0,0,214
12/26/2016,CMH,OH,AGL,CE,Combined TRACON& Tower with Radar,198,86,32,0,316,0,0,1,0,1,198,86,33,0,317,0,0,0,317
12/27/2016,CMH,OH,AGL,CE,Combined TRACON& Tower with Radar,209,82,30,0,321,0,0,14,0,14,209,82,44,0,335,0,0,0,335
12/28/2016,CMH,OH,AGL,CE,Combined TRACON& Tower with Radar,206,77,33,0,316,0,1,26,0,27,206,78,59,0,343,0,0,0,343
12/29/2016,CMH,OH,AGL,CE,Combined TRACON& Tower with Radar,211,74,20,0,305,0,1,2,0,3,211,75,22,0,308,0,0,0,308
12/30/2016,CMH,OH,AGL,CE,Combined TRACON& Tower with Radar,202,84,21,0,307,0,2,4,0,6,202,86,25,0,313,0,0,0,313
12/31/2016,CMH,OH,AGL,CE,Combined TRACON& Tower with Radar,157,45,6,0,208,0,4,0,0,4,157,49,6,0,212,0,0,0,212
01/01/2017,CMH,OH,AGL,CE,Combined TRACON& Tower with Radar,180,63,17,0,260,0,3,14,0,17,180,66,31,0,277,0,0,0,277
01/02/2017,CMH,OH,AGL,CE,Combined TRACON& Tower with Radar,201,91,39,0,331,0,0,0,0,0,201,91,39,0,331,0,0,0,331
01/03/2017,CMH,OH,AGL,CE,Combined TRACON& Tower with Radar,206,86,28,0,320,0,1,0,0,1,206,87,28,0,321,0,0,0,321
01/04/2017,CMH,OH,AGL,CE,Combined TRACON& Tower with Radar,198,102,32,2,334,0,0,10,1,11,198,102,42,3,345,0,0,0,345
01/05/2017,CMH,OH,AGL,CE,Combined TRACON& Tower with Radar,192,73,32,2,299,0,2,0,2,4,192,75,32,4,303,0,0,0,303
01/06/2017,CMH,OH,AGL,CE,Combined TRACON& Tower with Radar,195,83,43,0,321,0,0,7,0,7,195,83,50,0,328,0,0,0,328
01/07/2017,CMH,OH,AGL,CE,Combined TRACON& Tower with Radar,151,57,16,2,226,0,2,2,2,6,151,59,18,4,232,0,0,0,232
01/08/2017,CMH,OH,AGL,CE,Combined TRACON& Tower with Radar,177,69,35,0,281,0,8,10,0,18,177,77,45,0,299,0,0,0,299
01/09/2017,CMH,OH,AGL,CE,Combined TRACON& Tower with Radar,220,83,30,0,333,0,3,6,0,9,220,86,36,0,342,0,0,0,342
01/10/2017,CMH,OH,AGL,CE,Combined TRACON& Tower with Radar,200,75,62,0,337,0,2,0,0,2,200,77,62,0,339,0,0,0,339
01/11/2017,CMH,OH,AGL,CE,Combined TRACON& Tower with Radar,215,73,62,2,352,0,5,12,0,17,215,78,74,2,369,0,0,0,369
01/12/2017,CMH,OH,AGL,CE,Combined TRACON& Tower with Radar,223,82,44,2,351,0,1,2,0,3,223,83,46,2,354,0,0,0,354
01/13/2017,CMH,OH,AGL,CE,Combined TRACON& Tower with Radar,213,77,40,0,330,0,1,15,2,18,213,78,55,2,348,0,0,0,348
01/14/2017,CMH,OH,AGL,CE,Combined TRACON& Tower with Radar,150,50,12,0,212,0,0,0,0,0,150,50,12,0,212,0,0,0,212
01/15/2017,CMH,OH,AGL,CE,Combined TRACON& Tower with Radar,167,57,18,0,242,0,0,4,0,4,167,57,22,0,246,0,0,0,246
01/16/2017,CMH,OH,AGL,CE,Combined TRACON& Tower with Radar,214,77,42,2,335,0,0,1,0,1,214,77,43,2,336,0,0,0,336
01/17/2017,CMH,OH,AGL,CE,Combined TRACON& Tower with Radar,214,77,45,2,338,0,2,4,0,6,214,79,49,2,344,0,0,0,344
01/18/2017,CMH,OH,AGL,CE,Combined TRACON& Tower with Radar,212,77,63,0,352,0,1,2,0,3,212,78,65,0,355,0,0,0,355
01/19/2017,CMH,OH,AGL,CE,Combined TRACON& Tower with Radar,216,91,62,0,369,0,0,1,0,1,216,91,63,0,370,0,0,0,370
01/20/2017,CMH,OH,AGL,CE,Combined TRACON& Tower with Radar,213,79,46,2,340,0,2,3,0,5,213,81,49,2,345,0,0,0,345
01/21/2017,CMH,OH,AGL,CE,Combined TRACON& Tower with Radar,164,47,13,0,224,0,1,14,0,15,164,48,27,0,239,0,0,0,239
01/22/2017,CMH,OH,AGL,CE,Combined TRACON& Tower with Radar,182,62,12,0,256,0,1,7,0,8,182,63,19,0,264,0,0,0,264
01/23/2017,CMH,OH,AGL,CE,Combined TRACON& Tower with Radar,209,80,40,0,329,0,0,1,0,1,209,80,41,0,330,0,0,0,330
01/24/2017,CMH,OH,AGL,CE,Combined TRACON& Tower with Radar,211,91,61,2,365,0,0,0,0,0,211,91,61,2,365,0,0,0,365
01/25/2017,CMH,OH,AGL,CE,Combined TRACON& Tower with Radar,210,81,58,0,349,0,6,3,0,9,210,87,61,0,358,0,0,0,358
01/26/2017,CMH,OH,AGL,CE,Combined TRACON& Tower with Radar,220,87,55,8,370,0,1,1,1,3,220,88,56,9,373,0,0,0,373
01/27/2017,CMH,OH,AGL,CE,Combined TRACON& Tower with Radar,220,85,42,2,349,0,1,0,1,2,220,86,42,3,351,0,0,0,351
01/28/2017,CMH,OH,AGL,CE,Combined TRACON& Tower with Radar,162,53,23,1,239,0,5,8,0,13,162,58,31,1,252,0,0,0,252
01/29/2017,CMH,OH,AGL,CE,Combined TRACON& Tower with Radar,194,65,19,1,279,0,3,0,0,3,194,68,19,1,282,0,0,0,282
01/30/2017,CMH,OH,AGL,CE,Combined TRACON& Tower with Radar,216,80,43,0,339,0,1,6,0,7,216,81,49,0,346,0,0,0,346
01/31/2017,CMH,OH,AGL,CE,Combined TRACON& Tower with Radar,207,90,35,2,334,0,1,0,0,1,207,91,35,2,335,0,0,0,335
02/01/2017,CMH,OH,AGL,CE,Combined TRACON& Tower with Radar,219,87,55,0,361,0,3,8,0,11,219,90,63,0,372,0,0,0,372
02/02/2017,CMH,OH,AGL,CE,Combined TRACON& Tower with Radar,216,93,44,0,353,0,1,7,0,8,216,94,51,0,361,0,0,0,361
02/03/2017,CMH,OH,AGL,CE,Combined TRACON& Tower with Radar,222,83,46,0,351,0,3,8,2,13,222,86,54,2,364,0,0,0,364
02/04/2017,CMH,OH,AGL,CE,Combined TRACON& Tower with Radar,162,38,26,0,226,0,4,17,0,21,162,42,43,0,247,0,0,0,247
02/05/2017,CMH,OH,AGL,CE,Combined TRACON& Tower with Radar,164,58,14,0,236,0,1,17,0,18,164,59,31,0,254,0,0,0,254
02/06/2017,CMH,OH,AGL,CE,Combined TRACON& Tower with Radar,211,91,59,4,365,0,0,16,0,16,211,91,75,4,381,0,0,0,381
02/07/2017,CMH,OH,AGL,CE,Combined TRACON& Tower with Radar,202,78,60,2,342,0,0,0,0,0,202,78,60,2,342,0,0,0,342
02/08/2017,CMH,OH,AGL,CE,Combined TRACON& Tower with Radar,212,103,64,2,381,0,1,0,0,1,212,104,64,2,382,0,0,0,382
02/09/2017,CMH,OH,AGL,CE,Combined TRACON& Tower with Radar,199,61,45,2,307,0,3,3,0,6,199,64,48,2,313,0,0,0,313
02/10/2017,CMH,OH,AGL,CE,Combined TRACON& Tower with Radar,208,81,54,2,345,0,0,12,0,12,208,81,66,2,357,0,0,0,357
02/11/2017,CMH,OH,AGL,CE,Combined TRACON& Tower with Radar,165,52,14,0,231,0,4,15,0,19,165,56,29,0,250,0,0,0,250
02/12/2017,CMH,OH,AGL,CE,Combined TRACON& Tower with Radar,181,61,20,0,262,0,0,2,0,2,181,61,22,0,264,0,0,0,264
02/13/2017,CMH,OH,AGL,CE,Combined TRACON& Tower with Radar,205,75,54,0,334,0,8,12,0,20,205,83,66,0,354,0,0,0,354
02/14/2017,CMH,OH,AGL,CE,Combined TRACON& Tower with Radar,200,82,43,2,327,0,3,8,0,11,200,85,51,2,338,0,0,0,338
02/15/2017,CMH,OH,AGL,CE,Combined TRACON& Tower with Radar,213,86,77,2,378,0,1,5,0,6,213,87,82,2,384,0,0,0,384
02/16/2017,CMH,OH,AGL,CE,Combined TRACON& Tower with Radar,217,80,73,4,374,0,2,10,0,12,217,82,83,4,386,0,0,0,386
02/17/2017,CMH,OH,AGL,CE,Combined TRACON& Tower with Radar,218,81,62,0,361,0,1,21,0,22,218,82,83,0,383,0,0,0,383
02/18/2017,CMH,OH,AGL,CE,Combined TRACON& Tower with Radar,157,41,22,0,220,0,2,21,0,23,157,43,43,0,243,0,0,0,243
02/19/2017,CMH,OH,AGL,CE,Combined TRACON& Tower with Radar,175,67,28,0,270,0,0,7,0,7,175,67,35,0,277,0,0,0,277
02/20/2017,CMH,OH,AGL,CE,Combined TRACON& Tower with Radar,213,77,61,0,351,0,7,5,0,12,213,84,66,0,363,0,0,0,363
02/21/2017,CMH,OH,AGL,CE,Combined TRACON& Tower with Radar,215,96,81,2,394,0,3,3,1,7,215,99,84,3,401,0,0,0,401
02/22/2017,CMH,OH,AGL,CE,Combined TRACON& Tower with Radar,215,82,68,0,365,0,1,1,0,2,215,83,69,0,367,0,0,0,367
02/23/2017,CMH,OH,AGL,CE,Combined TRACON& Tower with Radar,217,85,68,0,370,0,2,8,0,10,217,87,76,0,380,0,0,0,380
02/24/2017,CMH,OH,AGL,CE,Combined TRACON& Tower with Radar,220,81,48,0,349,0,5,7,2,14,220,86,55,2,363,0,0,0,363
02/25/2017,CMH,OH,AGL,CE,Combined TRACON& Tower with Radar,175,56,13,0,244,0,3,0,0,3,175,59,13,0,247,0,0,0,247
02/26/2017,CMH,OH,AGL,CE,Combined TRACON& Tower with Radar,193,70,34,0,297,0,5,10,1,16,193,75,44,1,313,0,0,0,313
02/27/2017,CMH,OH,AGL,CE,Combined TRACON& Tower with Radar,211,86,41,0,338,0,0,4,0,4,211,86,45,0,342,0,0,0,342
02/28/2017,CMH,OH,AGL,CE,Combined TRACON& Tower with Radar,219,87,41,0,347,0,1,0,0,1,219,88,41,0,348,0,0,0,348
03/01/2017,CMH,OH,AGL,CE,Combined TRACON& Tower with Radar,213,75,56,2,346,0,1,0,0,1,213,76,56,2,347,0,0,0,347
03/02/2017,CMH,OH,AGL,CE,Combined TRACON& Tower with Radar,224,76,54,4,358,0,1,5,0,6,224,77,59,4,364,0,0,0,364
03/03/2017,CMH,OH,AGL,CE,Combined TRACON& Tower with Radar,223,79,43,6,351,0,3,16,0,19,223,82,59,6,370,0,0,0,370
03/04/2017,CMH,OH,AGL,CE,Combined TRACON& Tower with Radar,162,49,18,0,229,0,1,10,0,11,162,50,28,0,240,0,0,0,240
03/05/2017,CMH,OH,AGL,CE,Combined TRACON& Tower with Radar,192,60,23,0,275,0,3,12,0,15,192,63,35,0,290,0,0,0,290
03/06/2017,CMH,OH,AGL,CE,Combined TRACON& Tower with Radar,226,72,34,0,332,0,0,0,0,0,226,72,34,0,332,0,0,0,332
03/07/2017,CMH,OH,AGL,CE,Combined TRACON& Tower with Radar,224,92,37,2,355,0,1,2,0,3,224,93,39,2,358,0,0,0,358
03/08/2017,CMH,OH,AGL,CE,Combined TRACON& Tower with Radar,224,85,67,0,376,0,1,8,0,9,224,86,75,0,385,0,0,0,385
03/09/2017,CMH,OH,AGL,CE,Combined TRACON& Tower with Radar,225,90,55,0,370,0,1,11,0,12,225,91,66,0,382,0,0,0,382
03/10/2017,CMH,OH,AGL,CE,Combined TRACON& Tower with Radar,237,68,45,2,352,0,0,0,0,0,237,68,45,2,352,0,0,0,352
03/11/2017,CMH,OH,AGL,CE,Combined TRACON& Tower with Radar,194,59,33,0,286,0,1,10,0,11,194,60,43,0,297,0,0,0,297
03/12/2017,CMH,OH,AGL,CE,Combined TRACON& Tower with Radar,213,73,21,0,307,0,5,14,0,19,213,78,35,0,326,0,0,0,326
03/13/2017,CMH,OH,AGL,CE,Combined TRACON& Tower with Radar,222,82,41,0,345,0,0,3,0,3,222,82,44,0,348,0,0,0,348
03/14/2017,CMH,OH,AGL,CE,Combined TRACON& Tower with Radar,169,58,32,0,259,0,0,0,0,0,169,58,32,0,259,0,0,0,259
03/15/2017,CMH,OH,AGL,CE,Combined TRACON& Tower with Radar,224,80,49,0,353,0,0,13,1,14,224,80,62,1,367,0,0,0,367
03/16/2017,CMH,OH,AGL,CE,Combined TRACON& Tower with Radar,235,84,51,2,372,0,2,11,0,13,235,86,62,2,385,0,0,0,385
03/17/2017,CMH,OH,AGL,CE,Combined TRACON& Tower with Radar,234,78,38,0,350,0,1,2,0,3,234,79,40,0,353,0,0,0,353
03/18/2017,CMH,OH,AGL,CE,Combined TRACON& Tower with Radar,197,53,15,0,265,0,0,0,0,0,197,53,15,0,265,0,0,0,265
03/19/2017,CMH,OH,AGL,CE,Combined TRACON& Tower with Radar,226,58,20,0,304,0,0,7,0,7,226,58,27,0,311,0,0,0,311
03/20/2017,CMH,OH,AGL,CE,Combined TRACON& Tower with Radar,241,75,32,0,348,0,1,4,0,5,241,76,36,0,353,0,0,0,353
03/21/2017,CMH,OH,AGL,CE,Combined TRACON& Tower with Radar,231,86,54,0,371,0,0,9,0,9,231,86,63,0,380,0,0,0,380
03/22/2017,CMH,OH,AGL,CE,Combined TRACON& Tower with Radar,230,76,58,9,373,0,1,19,3,23,230,77,77,12,396,0,0,0,396
03/23/2017,CMH,OH,AGL,CE,Combined TRACON& Tower with Radar,239,81,53,4,377,0,7,16,1,24,239,88,69,5,401,0,0,0,401
03/24/2017,CMH,OH,AGL,CE,Combined TRACON& Tower with Radar,244,81,37,2,364,0,4,6,0,10,244,85,43,2,374,0,0,0,374
03/25/2017,CMH,OH,AGL,CE,Combined TRACON& Tower with Radar,200,54,26,1,281,0,1,12,0,13,200,55,38,1,294,0,0,0,294
03/26/2017,CMH,OH,AGL,CE,Combined TRACON& Tower with Radar,217,83,19,1,320,0,1,3,0,4,217,84,22,1,324,0,0,0,324
03/27/2017,CMH,OH,AGL,CE,Combined TRACON& Tower with Radar,238,75,51,0,364,0,0,1,0,1,238,75,52,0,365,0,0,0,365
03/28/2017,CMH,OH,AGL,CE,Combined TRACON& Tower with Radar,231,81,54,2,368,0,1,2,0,3,231,82,56,2,371,0,0,0,371
03/29/2017,CMH,OH,AGL,CE,Combined TRACON& Tower with Radar,237,79,63,0,379,0,2,14,0,16,237,81,77,0,395,0,0,0,395
03/30/2017,CMH,OH,AGL,CE,Combined TRACON& Tower with Radar,237,79,55,2,373,0,2,13,0,15,237,81,68,2,388,0,0,0,388
03/31/2017,CMH,OH,AGL,CE,Combined TRACON& Tower with Radar,229,68,33,1,331,0,1,0,0,1,229,69,33,1,332,0,0,0,332
04/01/2017,CMH,OH,AGL,CE,Combined TRACON& Tower with Radar,194,61,14,3,272,0,1,10,0,11,194,62,24,3,283,0,0,0,283
04/02/2017,CMH,OH,AGL,CE,Combined TRACON& Tower with Radar,219,70,18,0,307,0,3,15,0,18,219,73,33,0,325,0,0,0,325
04/03/2017,CMH,OH,AGL,CE,Combined TRACON& Tower with Radar,237,77,40,0,354,0,0,9,0,9,237,77,49,0,363,0,0,0,363
04/04/2017,CMH,OH,AGL,CE,Combined TRACON& Tower with Radar,237,94,62,0,393,0,3,7,0,10,237,97,69,0,403,0,0,0,403
04/05/2017,CMH,OH,AGL,CE,Combined TRACON& Tower with Radar,228,85,63,5,381,0,1,5,0,6,228,86,68,5,387,0,0,0,387
04/06/2017,CMH,OH,AGL,CE,Combined TRACON& Tower with Radar,223,77,64,5,369,0,0,2,0,2,223,77,66,5,371,0,0,0,371
04/07/2017,CMH,OH,AGL,CE,Combined TRACON& Tower with Radar,235,90,41,10,376,0,0,6,0,6,235,90,47,10,382,0,0,0,382
04/08/2017,CMH,OH,AGL,CE,Combined TRACON& Tower with Radar,188,67,35,0,290,0,2,26,0,28,188,69,61,0,318,0,0,0,318
04/09/2017,CMH,OH,AGL,CE,Combined TRACON& Tower with Radar,218,83,23,0,324,0,1,16,0,17,218,84,39,0,341,0,0,0,341
04/10/2017,CMH,OH,AGL,CE,Combined TRACON& Tower with Radar,246,83,41,0,370,0,0,2,2,4,246,83,43,2,374,0,0,0,374
04/11/2017,CMH,OH,AGL,CE,Combined TRACON& Tower with Radar,237,72,42,0,351,0,0,2,0,2,237,72,44,0,353,0,0,0,353
04/12/2017,CMH,OH,AGL,CE,Combined TRACON& Tower with Radar,241,96,50,10,397,0,3,12,0,15,241,99,62,10,412,0,0,0,412
04/13/2017,CMH,OH,AGL,CE,Combined TRACON& Tower with Radar,240,93,57,2,392,0,1,18,1,20,240,94,75,3,412,0,0,0,412
04/14/2017,CMH,OH,AGL,CE,Combined TRACON& Tower with Radar,239,76,33,0,348,0,1,12,2,15,239,77,45,2,363,0,0,0,363
04/15/2017,CMH,OH,AGL,CE,Combined TRACON& Tower with Radar,199,39,10,0,248,0,5,11,2,18,199,44,21,2,266,0,0,0,266
04/16/2017,CMH,OH,AGL,CE,Combined TRACON& Tower with Radar,209,72,13,0,294,0,1,3,0,4,209,73,16,0,298,0,0,0,298
04/17/2017,CMH,OH,AGL,CE,Combined TRACON& Tower with Radar,242,94,54,0,390,0,0,8,0,8,242,94,62,0,398,0,0,0,398
04/18/2017,CMH,OH,AGL,CE,Combined TRACON& Tower with Radar,241,91,57,0,389,0,5,14,3,22,241,96,71,3,411,0,0,0,411
04/19/2017,CMH,OH,AGL,CE,Combined TRACON& Tower with Radar,243,90,72,5,410,0,3,10,1,14,243,93,82,6,424,0,0,0,424
04/20/2017,CMH,OH,AGL,CE,Combined TRACON& Tower with Radar,232,89,60,0,381,0,2,5,0,7,232,91,65,0,388,0,0,0,388
04/21/2017,CMH,OH,AGL,CE,Combined TRACON& Tower with Radar,247,88,64,0,399,0,1,14,2,17,247,89,78,2,416,0,0,0,416
04/22/2017,CMH,OH,AGL,CE,Combined TRACON& Tower with Radar,188,52,32,0,272,0,2,7,0,9,188,54,39,0,281,0,0,0,281
04/23/2017,CMH,OH,AGL,CE,Combined TRACON& Tower with Radar,218,71,37,0,326,0,3,13,0,16,218,74,50,0,342,0,0,0,342
04/24/2017,CMH,OH,AGL,CE,Combined TRACON& Tower with Radar,239,89,51,0,379,0,0,9,0,9,239,89,60,0,388,0,0,0,388
04/25/2017,CMH,OH,AGL,CE,Combined TRACON& Tower with Radar,226,87,69,0,382,0,3,17,0,20,226,90,86,0,402,0,0,0,402
04/26/2017,CMH,OH,AGL,CE,Combined TRACON& Tower with Radar,218,95,78,2,393,0,4,8,0,12,218,99,86,2,405,0,0,0,405
04/27/2017,CMH,OH,AGL,CE,Combined TRACON& Tower with Radar,234,84,55,2,375,0,1,9,0,10,234,85,64,2,385,0,0,0,385
04/28/2017,CMH,OH,AGL,CE,Combined TRACON& Tower with Radar,230,84,50,0,364,0,1,19,0,20,230,85,69,0,384,0,0,0,384
04/29/2017,CMH,OH,AGL,CE,Combined TRACON& Tower with Radar,173,51,11,0,235,0,0,6,0,6,173,51,17,0,241,0,0,0,241
04/30/2017,CMH,OH,AGL,CE,Combined TRACON& Tower with Radar,207,80,21,0,308,0,0,2,0,2,207,80,23,0,310,0,0,0,310
05/01/2017,CMH,OH,AGL,CE,Combined TRACON& Tower with Radar,237,73,27,0,337,0,0,4,0,4,237,73,31,0,341,0,0,0,341
05/02/2017,CMH,OH,AGL,CE,Combined TRACON& Tower with Radar,237,68,60,2,367,0,6,7,0,13,237,74,67,2,380,0,0,0,380
05/03/2017,CMH,OH,AGL,CE,Combined TRACON& Tower with Radar,233,85,70,0,388,0,4,22,0,26,233,89,92,0,414,0,0,0,414
05/04/2017,CMH,OH,AGL,CE,Combined TRACON& Tower with Radar,235,73,56,0,364,0,1,3,0,4,235,74,59,0,368,0,0,0,368
05/05/2017,CMH,OH,AGL,CE,Combined TRACON& Tower with Radar,231,69,56,5,361,0,0,0,0,0,231,69,56,5,361,0,0,0,361
05/06/2017,CMH,OH,AGL,CE,Combined TRACON& Tower with Radar,185,52,18,1,256,0,8,10,0,18,185,60,28,1,274,0,0,0,274
05/07/2017,CMH,OH,AGL,CE,Combined TRACON& Tower with Radar,214,81,36,2,333,0,7,10,1,18,214,88,46,3,351,0,0,0,351
05/08/2017,CMH,OH,AGL,CE,Combined TRACON& Tower with Radar,240,97,56,3,396,0,7,22,1,30,240,104,78,4,426,0,0,0,426
05/09/2017,CMH,OH,AGL,CE,Combined TRACON& Tower with Radar,237,72,53,1,363,0,1,15,1,17,237,73,68,2,380,0,0,0,380
05/10/2017,CMH,OH,AGL,CE,Combined TRACON& Tower with Radar,233,91,58,0,382,0,1,7,0,8,233,92,65,0,390,0,0,0,390
05/11/2017,CMH,OH,AGL,CE,Combined TRACON& Tower with Radar,247,87,50,0,384,0,4,2,0,6,247,91,52,0,390,0,0,0,390
05/12/2017,CMH,OH,AGL,CE,Combined TRACON& Tower with Radar,241,68,46,2,357,0,1,10,0,11,241,69,56,2,368,0,0,0,368
05/13/2017,CMH,OH,AGL,CE,Combined TRACON& Tower with Radar,181,56,22,0,259,0,2,19,0,21,181,58,41,0,280,0,0,0,280
05/14/2017,CMH,OH,AGL,CE,Combined TRACON& Tower with Radar,211,67,24,0,302,0,2,20,0,22,211,69,44,0,324,0,0,0,324
05/15/2017,CMH,OH,AGL,CE,Combined TRACON& Tower with Radar,242,96,71,0,409,0,5,19,0,24,242,101,90,0,433,0,0,0,433
05/16/2017,CMH,OH,AGL,CE,Combined TRACON& Tower with Radar,234,95,59,2,390,0,2,27,0,29,234,97,86,2,419,0,0,0,419
05/17/2017,CMH,OH,AGL,CE,Combined TRACON& Tower with Radar,233,83,80,2,398,0,3,15,0,18,233,86,95,2,416,0,0,0,416
05/18/2017,CMH,OH,AGL,CE,Combined TRACON& Tower with Radar,232,82,76,0,390,0,1,9,0,10,232,83,85,0,400,0,0,0,400
05/19/2017,CMH,OH,AGL,CE,Combined TRACON& Tower with Radar,232,74,57,0,363,0,5,7,0,12,232,79,64,0,375,0,0,0,375
05/20/2017,CMH,OH,AGL,CE,Combined TRACON& Tower with Radar,181,58,26,0,265,0,0,3,0,3,181,58,29,0,268,0,0,0,268
05/21/2017,CMH,OH,AGL,CE,Combined TRACON& Tower with Radar,215,81,36,0,332,0,0,0,0,0,215,81,36,0,332,0,0,0,332
05/22/2017,CMH,OH,AGL,CE,Combined TRACON& Tower with Radar,243,75,41,0,359,0,6,11,1,18,243,81,52,1,377,0,0,0,377
05/23/2017,CMH,OH,AGL,CE,Combined TRACON& Tower with Radar,236,76,51,0,363,0,1,14,0,15,236,77,65,0,378,0,0,0,378
05/24/2017,CMH,OH,AGL,CE,Combined TRACON& Tower with Radar,234,86,54,0,374,0,1,4,2,7,234,87,58,2,381,0,0,0,381
05/25/2017,CMH,OH,AGL,CE,Combined TRACON& Tower with Radar,233,62,54,0,349,0,0,7,2,9,233,62,61,2,358,0,0,0,358
05/26/2017,CMH,OH,AGL,CE,Combined TRACON& Tower with Radar,244,84,40,1,369,0,1,5,0,6,244,85,45,1,375,0,0,0,375
05/27/2017,CMH,OH,AGL,CE,Combined TRACON& Tower with Radar,184,42,16,0,242,0,2,5,0,7,184,44,21,0,249,0,0,0,249
05/28/2017,CMH,OH,AGL,CE,Combined TRACON& Tower with Radar,186,48,19,0,253,0,2,1,0,3,186,50,20,0,256,0,0,0,256
05/29/2017,CMH,OH,AGL,CE,Combined TRACON& Tower with Radar,220,62,26,0,308,0,0,13,0,13,220,62,39,0,321,0,0,0,321
05/30/2017,CMH,OH,AGL,CE,Combined TRACON& Tower with Radar,228,76,63,0,367,0,2,11,1,14,228,78,74,1,381,0,0,0,381
05/31/2017,CMH,OH,AGL,CE,Combined TRACON& Tower with Radar,237,86,60,7,390,0,4,15,5,24,237,90,75,12,414,0,0,0,414
06/01/2017,CMH,OH,AGL,CE,Combined TRACON& Tower with Radar,236,81,43,4,364,0,3,21,0,24,236,84,64,4,388,0,0,0,388
06/02/2017,CMH,OH,AGL,CE,Combined TRACON& Tower with Radar,235,78,42,0,355,0,6,21,3,30,235,84,63,3,385,0,0,0,385
06/03/2017,CMH,OH,AGL,CE,Combined TRACON& Tower with Radar,184,51,27,0,262,0,2,13,1,16,184,53,40,1,278,0,0,0,278
06/04/2017,CMH,OH,AGL,CE,Combined TRACON& Tower with Radar,219,84,31,0,334,0,1,6,1,8,219,85,37,1,342,0,0,0,342
06/05/2017,CMH,OH,AGL,CE,Combined TRACON& Tower with Radar,246,119,62,1,428,0,0,4,0,4,246,119,66,1,432,0,0,0,432
06/06/2017,CMH,OH,AGL,CE,Combined TRACON& Tower with Radar,240,87,58,2,387,0,3,8,0,11,240,90,66,2,398,0,0,0,398
06/07/2017,CMH,OH,AGL,CE,Combined TRACON& Tower with Radar,235,75,65,1,376,0,1,4,0,5,235,76,69,1,381,0,0,0,381
06/08/2017,CMH,OH,AGL,CE,Combined TRACON& Tower with Radar,239,85,64,0,388,0,0,15,1,16,239,85,79,1,404,0,0,0,404
06/09/2017,CMH,OH,AGL,CE,Combined TRACON& Tower with Radar,237,96,51,2,386,0,2,7,0,9,237,98,58,2,395,0,0,0,395
06/10/2017,CMH,OH,AGL,CE,Combined TRACON& Tower with Radar,196,68,19,5,288,0,1,12,0,13,196,69,31,5,301,0,0,0,301
06/11/2017,CMH,OH,AGL,CE,Combined TRACON& Tower with Radar,218,81,31,0,330,0,1,6,0,7,218,82,37,0,337,0,0,0,337
06/12/2017,CMH,OH,AGL,CE,Combined TRACON& Tower with Radar,250,82,45,0,377,0,0,7,1,8,250,82,52,1,385,0,0,0,385
06/13/2017,CMH,OH,AGL,CE,Combined TRACON& Tower with Radar,233,81,49,0,363,0,2,2,1,5,233,83,51,1,368,0,0,0,368
06/14/2017,CMH,OH,AGL,CE,Combined TRACON& Tower with Radar,232,83,58,0,373,0,0,7,0,7,232,83,65,0,380,0,0,0,380
06/15/2017,CMH,OH,AGL,CE,Combined TRACON& Tower with Radar,241,86,47,5,379,0,0,7,2,9,241,86,54,7,388,0,0,0,388
06/16/2017,CMH,OH,AGL,CE,Combined TRACON& Tower with Radar,240,94,56,6,396,0,1,16,4,21,240,95,72,10,417,0,0,0,417
06/17/2017,CMH,OH,AGL,CE,Combined TRACON& Tower with Radar,206,58,26,0,290,0,1,6,0,7,206,59,32,0,297,0,0,0,297
06/18/2017,CMH,OH,AGL,CE,Combined TRACON& Tower with Radar,230,65,21,3,319,0,0,1,4,5,230,65,22,7,324,0,0,0,324
06/19/2017,CMH,OH,AGL,CE,Combined TRACON& Tower with Radar,216,72,45,2,335,0,0,9,0,9,216,72,54,2,344,0,0,0,344
06/20/2017,CMH,OH,AGL,CE,Combined TRACON& Tower with Radar,240,80,55,5,380,0,3,18,2,23,240,83,73,7,403,0,0,0,403
06/21/2017,CMH,OH,AGL,CE,Combined TRACON& Tower with Radar,240,82,75,4,401,0,5,14,0,19,240,87,89,4,420,0,0,0,420
06/22/2017,CMH,OH,AGL,CE,Combined TRACON& Tower with Radar,255,86,75,1,417,0,1,11,0,12,255,87,86,1,429,0,0,0,429
06/23/2017,CMH,OH,AGL,CE,Combined TRACON& Tower with Radar,238,80,43,0,361,0,0,1,0,1,238,80,44,0,362,0,0,0,362
06/24/2017,CMH,OH,AGL,CE,Combined TRACON& Tower with Radar,209,54,20,4,287,0,4,13,0,17,209,58,33,4,304,0,0,0,304
06/25/2017,CMH,OH,AGL,CE,Combined TRACON& Tower with Radar,228,69,36,2,335,0,5,22,0,27,228,74,58,2,362,0,0,0,362
06/26/2017,CMH,OH,AGL,CE,Combined TRACON& Tower with Radar,250,84,43,1,378,0,6,8,1,15,250,90,51,2,393,0,0,0,393
06/27/2017,CMH,OH,AGL,CE,Combined TRACON& Tower with Radar,246,86,48,4,384,0,4,10,0,14,246,90,58,4,398,0,0,0,398
06/28/2017,CMH,OH,AGL,CE,Combined TRACON& Tower with Radar,247,93,75,0,415,0,2,11,0,13,247,95,86,0,428,0,0,0,428
06/29/2017,CMH,OH,AGL,CE,Combined TRACON& Tower with Radar,247,95,51,0,393,0,1,11,0,12,247,96,62,0,405,0,0,0,405
06/30/2017,CMH,OH,AGL,CE,Combined TRACON& Tower with Radar,244,95,38,1,378,0,5,6,2,13,244,100,44,3,391,0,0,0,391
07/01/2017,CMH,OH,AGL,CE,Combined TRACON& Tower with Radar,202,54,32,0,288,0,3,10,0,13,202,57,42,0,301,0,0,0,301
07/02/2017,CMH,OH,AGL,CE,Combined TRACON& Tower with Radar,204,43,28,0,275,0,5,16,2,23,204,48,44,2,298,0,0,0,298
07/03/2017,CMH,OH,AGL,CE,Combined TRACON& Tower with Radar,193,56,18,0,267,0,0,8,0,8,193,56,26,0,275,0,0,0,275
07/04/2017,CMH,OH,AGL,CE,Combined TRACON& Tower with Radar,197,54,11,0,262,0,3,16,0,19,197,57,27,0,281,0,0,0,281
07/05/2017,CMH,OH,AGL,CE,Combined TRACON& Tower with Radar,231,78,34,0,343,0,2,9,0,11,231,80,43,0,354,0,0,0,354
07/06/2017,CMH,OH,AGL,CE,Combined TRACON& Tower with Radar,225,94,35,2,356,0,1,4,0,5,225,95,39,2,361,0,0,0,361
07/07/2017,CMH,OH,AGL,CE,Combined TRACON& Tower with Radar,223,68,19,0,310,0,4,6,0,10,223,72,25,0,320,0,0,0,320
07/08/2017,CMH,OH,AGL,CE,Combined TRACON& Tower with Radar,204,50,28,0,282,0,0,4,1,5,204,50,32,1,287,0,0,0,287
07/09/2017,CMH,OH,AGL,CE,Combined TRACON& Tower with Radar,240,68,31,0,339,0,0,20,0,20,240,68,51,0,359,0,0,0,359
07/10/2017,CMH,OH,AGL,CE,Combined TRACON& Tower with Radar,231,86,42,0,359,0,2,2,0,4,231,88,44,0,363,0,0,0,363
07/11/2017,CMH,OH,AGL,CE,Combined TRACON& Tower with Radar,252,90,48,0,390,0,1,4,1,6,252,91,52,1,396,0,0,0,396
07/12/2017,CMH,OH,AGL,CE,Combined TRACON& Tower with Radar,241,82,70,1,394,0,2,16,2,20,241,84,86,3,414,0,0,0,414
07/13/2017,CMH,OH,AGL,CE,Combined TRACON& Tower with Radar,244,76,59,0,379,0,1,5,0,6,244,77,64,0,385,0,0,0,385
07/14/2017,CMH,OH,AGL,CE,Combined TRACON& Tower with Radar,240,72,45,0,357,0,3,10,0,13,240,75,55,0,370,0,0,0,370
07/15/2017,CMH,OH,AGL,CE,Combined TRACON& Tower with Radar,210,53,32,8,303,0,4,23,3,30,210,57,55,11,333,0,0,0,333
07/16/2017,CMH,OH,AGL,CE,Combined TRACON& Tower with Radar,240,68,28,5,341,0,3,10,1,14,240,71,38,6,355,0,0,0,355
07/17/2017,CMH,OH,AGL,CE,Combined TRACON& Tower with Radar,236,80,40,0,356,0,0,14,0,14,236,80,54,0,370,0,0,0,370
07/18/2017,CMH,OH,AGL,CE,Combined TRACON& Tower with Radar,244,69,63,0,376,0,1,30,4,35,244,70,93,4,411,0,0,0,411
07/19/2017,CMH,OH,AGL,CE,Combined TRACON& Tower with Radar,246,86,64,0,396,0,1,12,0,13,246,87,76,0,409,0,0,0,409
07/20/2017,CMH,OH,AGL,CE,Combined TRACON& Tower with Radar,249,87,58,0,394,0,2,19,0,21,249,89,77,0,415,0,0,0,415
07/21/2017,CMH,OH,AGL,CE,Combined TRACON& Tower with Radar,246,75,49,1,371,0,3,5,0,8,246,78,54,1,379,0,0,0,379
07/22/2017,CMH,OH,AGL,CE,Combined TRACON& Tower with Radar,202,50,25,3,280,0,3,6,0,9,202,53,31,3,289,0,0,0,289
07/23/2017,CMH,OH,AGL,CE,Combined TRACON& Tower with Radar,215,78,20,0,313,0,1,2,0,3,215,79,22,0,316,0,0,0,316
07/24/2017,CMH,OH,AGL,CE,Combined TRACON& Tower with Radar,249,99,68,2,418,0,0,19,2,21,249,99,87,4,439,0,0,0,439
07/25/2017,CMH,OH,AGL,CE,Combined TRACON& Tower with Radar,245,89,74,0,408,0,4,6,0,10,245,93,80,0,418,0,0,0,418
07/26/2017,CMH,OH,AGL,CE,Combined TRACON& Tower with Radar,251,85,74,0,410,0,3,8,1,12,251,88,82,1,422,0,0,0,422
07/27/2017,CMH,OH,AGL,CE,Combined TRACON& Tower with Radar,241,89,81,1,412,0,1,6,1,8,241,90,87,2,420,0,0,0,420
07/28/2017,CMH,OH,AGL,CE,Combined TRACON& Tower with Radar,239,75,36,0,350,0,2,7,0,9,239,77,43,0,359,0,0,0,359
07/29/2017,CMH,OH,AGL,CE,Combined TRACON& Tower with Radar,213,45,27,0,285,0,3,7,0,10,213,48,34,0,295,0,0,0,295
07/30/2017,CMH,OH,AGL,CE,Combined TRACON& Tower with Radar,241,71,33,0,345,0,1,16,0,17,241,72,49,0,362,0,0,0,362
07/31/2017,CMH,OH,AGL,CE,Combined TRACON& Tower with Radar,248,74,42,0,364,0,0,16,2,18,248,74,58,2,382,0,0,0,382
08/01/2017,CMH,OH,AGL,CE,Combined TRACON& Tower with Radar,239,78,49,0,366,0,7,13,2,22,239,85,62,2,388,0,0,0,388
08/02/2017,CMH,OH,AGL,CE,Combined TRACON& Tower with Radar,225,70,48,0,343,0,1,6,0,7,225,71,54,0,350,0,0,0,350
08/03/2017,CMH,OH,AGL,CE,Combined TRACON& Tower with Radar,226,76,60,0,362,0,2,24,0,26,226,78,84,0,388,0,0,0,388
08/04/2017,CMH,OH,AGL,CE,Combined TRACON& Tower with Radar,242,72,37,0,351,0,1,5,0,6,242,73,42,0,357,0,0,0,357
08/05/2017,CMH,OH,AGL,CE,Combined TRACON& Tower with Radar,198,47,19,0,264,0,1,13,0,14,198,48,32,0,278,0,0,0,278
08/06/2017,CMH,OH,AGL,CE,Combined TRACON& Tower with Radar,232,62,36,0,330,0,1,5,0,6,232,63,41,0,336,0,0,0,336
08/07/2017,CMH,OH,AGL,CE,Combined TRACON& Tower with Radar,233,70,44,0,347,0,0,4,0,4,233,70,48,0,351,0,0,0,351
08/08/2017,CMH,OH,AGL,CE,Combined TRACON& Tower with Radar,252,85,74,0,411,0,4,7,0,11,252,89,81,0,422,0,0,0,422
08/09/2017,CMH,OH,AGL,CE,Combined TRACON& Tower with Radar,246,84,43,0,373,0,1,8,2,11,246,85,51,2,384,0,0,0,384
08/10/2017,CMH,OH,AGL,CE,Combined TRACON& Tower with Radar,246,82,64,1,393,0,1,11,0,12,246,83,75,1,405,0,0,0,405
08/11/2017,CMH,OH,AGL,CE,Combined TRACON& Tower with Radar,242,92,44,3,381,0,0,9,0,9,242,92,53,3,390,0,0,0,390
08/12/2017,CMH,OH,AGL,CE,Combined TRACON& Tower with Radar,199,60,16,0,275,0,4,12,0,16,199,64,28,0,291,0,0,0,291
08/13/2017,CMH,OH,AGL,CE,Combined TRACON& Tower with Radar,237,72,45,1,355,0,5,10,0,15,237,77,55,1,370,0,0,0,370
08/14/2017,CMH,OH,AGL,CE,Combined TRACON& Tower with Radar,247,83,44,1,375,0,6,12,2,20,247,89,56,3,395,0,0,0,395
08/15/2017,CMH,OH,AGL,CE,Combined TRACON& Tower with Radar,239,92,69,0,400,0,5,22,4,31,239,97,91,4,431,0,0,0,431
08/16/2017,CMH,OH,AGL,CE,Combined TRACON& Tower with Radar,233,86,55,0,374,0,4,9,0,13,233,90,64,0,387,0,0,0,387
08/17/2017,CMH,OH,AGL,CE,Combined TRACON& Tower with Radar,239,90,53,0,382,0,3,5,0,8,239,93,58,0,390,0,0,0,390
08/18/2017,CMH,OH,AGL,CE,Combined TRACON& Tower with Radar,224,84,50,0,358,0,5,14,0,19,224,89,64,0,377,0,0,0,377
08/19/2017,CMH,OH,AGL,CE,Combined TRACON& Tower with Radar,176,44,6,0,226,0,3,7,2,12,176,47,13,2,238,0,0,0,238
08/20/2017,CMH,OH,AGL,CE,Combined TRACON& Tower with Radar,218,80,39,0,337,0,3,11,0,14,218,83,50,0,351,0,0,0,351
08/21/2017,CMH,OH,AGL,CE,Combined TRACON& Tower with Radar,238,81,54,0,373,0,4,11,0,15,238,85,65,0,388,0,0,0,388
08/22/2017,CMH,OH,AGL,CE,Combined TRACON& Tower with Radar,223,82,66,0,371,0,0,2,0,2,223,82,68,0,373,0,0,0,373
08/23/2017,CMH,OH,AGL,CE,Combined TRACON& Tower with Radar,234,75,70,0,379,0,4,22,0,26,234,79,92,0,405,4,0,4,409
08/24/2017,CMH,OH,AGL,CE,Combined TRACON& Tower with Radar,235,89,68,0,392,0,3,14,1,18,235,92,82,1,410,0,0,0,410
08/25/2017,CMH,OH,AGL,CE,Combined TRACON& Tower with Radar,238,85,39,0,362,0,1,14,2,17,238,86,53,2,379,0,0,0,379
08/26/2017,CMH,OH,AGL,CE,Combined TRACON& Tower with Radar,174,46,19,3,242,0,10,10,3,23,174,56,29,6,265,0,0,0,265
08/27/2017,CMH,OH,AGL,CE,Combined TRACON& Tower with Radar,213,65,17,0,295,0,1,19,1,21,213,66,36,1,316,0,0,0,316
08/28/2017,CMH,OH,AGL,CE,Combined TRACON& Tower with Radar,231,81,33,1,346,0,0,7,2,9,231,81,40,3,355,0,0,0,355
08/29/2017,CMH,OH,AGL,CE,Combined TRACON& Tower with Radar,228,88,50,1,367,0,0,6,0,6,228,88,56,1,373,0,0,0,373
08/30/2017,CMH,OH,AGL,CE,Combined TRACON& Tower with Radar,232,82,71,1,386,0,0,14,0,14,232,82,85,1,400,0,0,0,400
08/31/2017,CMH,OH,AGL,CE,Combined TRACON& Tower with Radar,237,97,66,0,400,0,1,12,0,13,237,98,78,0,413,0,0,0,413
09/01/2017,CMH,OH,AGL,CE,Combined TRACON& Tower with Radar,229,103,38,0,370,0,3,7,0,10,229,106,45,0,380,0,0,0,380
09/02/2017,CMH,OH,AGL,CE,Combined TRACON& Tower with Radar,167,40,8,0,215,0,1,0,0,1,167,41,8,0,216,0,0,0,216
09/03/2017,CMH,OH,AGL,CE,Combined TRACON& Tower with Radar,160,38,20,0,218,0,1,13,0,14,160,39,33,0,232,0,0,0,232
09/04/2017,CMH,OH,AGL,CE,Combined TRACON& Tower with Radar,215,72,25,0,312,0,0,9,0,9,215,72,34,0,321,0,0,0,321
09/05/2017,CMH,OH,AGL,CE,Combined TRACON& Tower with Radar,199,81,60,0,340,0,0,3,0,3,199,81,63,0,343,0,0,0,343
09/06/2017,CMH,OH,AGL,CE,Combined TRACON& Tower with Radar,226,97,66,0,389,0,2,12,2,16,226,99,78,2,405,0,0,0,405
09/07/2017,CMH,OH,AGL,CE,Combined TRACON& Tower with Radar,235,88,73,0,396,0,2,9,2,13,235,90,82,2,409,0,0,0,409
09/08/2017,CMH,OH,AGL,CE,Combined TRACON& Tower with Radar,238,106,90,4,438,0,6,9,0,15,238,112,99,4,453,0,0,0,453
09/09/2017,CMH,OH,AGL,CE,Combined TRACON& Tower with Radar,159,69,48,0,276,0,3,13,2,18,159,72,61,2,294,0,0,0,294
09/10/2017,CMH,OH,AGL,CE,Combined TRACON& Tower with Radar,213,89,80,1,383,0,1,13,3,17,213,90,93,4,400,0,0,0,400
09/11/2017,CMH,OH,AGL,CE,Combined TRACON& Tower with Radar,212,61,45,2,320,0,2,9,1,12,212,63,54,3,332,0,0,0,332
09/12/2017,CMH,OH,AGL,CE,Combined TRACON& Tower with Radar,229,70,68,0,367,0,2,13,0,15,229,72,81,0,382,0,0,0,382
09/13/2017,CMH,OH,AGL,CE,Combined TRACON& Tower with Radar,242,88,71,0,401,0,1,5,0,6,242,89,76,0,407,0,0,0,407
09/14/2017,CMH,OH,AGL,CE,Combined TRACON& Tower with Radar,239,78,71,4,392,0,0,12,0,12,239,78,83,4,404,0,0,0,404
09/15/2017,CMH,OH,AGL,CE,Combined TRACON& Tower with Radar,252,70,65,2,389,0,1,14,2,17,252,71,79,4,406,0,0,0,406
09/16/2017,CMH,OH,AGL,CE,Combined TRACON& Tower with Radar,168,46,20,1,235,0,4,3,0,7,168,50,23,1,242,0,0,0,242
09/17/2017,CMH,OH,AGL,CE,Combined TRACON& Tower with Radar,220,79,32,8,339,0,0,18,0,18,220,79,50,8,357,0,0,0,357
09/18/2017,CMH,OH,AGL,CE,Combined TRACON& Tower with Radar,252,71,58,0,381,0,2,11,0,13,252,73,69,0,394,0,0,0,394
09/19/2017,CMH,OH,AGL,CE,Combined TRACON& Tower with Radar,236,70,55,0,361,0,1,6,0,7,236,71,61,0,368,0,0,0,368
09/20/2017,CMH,OH,AGL,CE,Combined TRACON& Tower with Radar,239,77,57,0,373,0,7,3,0,10,239,84,60,0,383,0,0,0,383
09/21/2017,CMH,OH,AGL,CE,Combined TRACON& Tower with Radar,251,75,65,1,392,0,1,20,0,21,251,76,85,1,413,0,0,0,413
09/22/2017,CMH,OH,AGL,CE,Combined TRACON& Tower with Radar,250,62,66,0,378,0,2,28,0,30,250,64,94,0,408,0,0,0,408
09/23/2017,CMH,OH,AGL,CE,Combined TRACON& Tower with Radar,172,40,33,0,245,0,1,7,0,8,172,41,40,0,253,3,0,3,256
09/24/2017,CMH,OH,AGL,CE,Combined TRACON& Tower with Radar,225,71,50,0,346,0,0,31,2,33,225,71,81,2,379,0,0,0,379
09/25/2017,CMH,OH,AGL,CE,Combined TRACON& Tower with Radar,250,69,56,0,375,0,4,7,0,11,250,73,63,0,386,0,0,0,386
09/26/2017,CMH,OH,AGL,CE,Combined TRACON& Tower with Radar,242,80,55,0,377,0,3,7,0,10,242,83,62,0,387,0,0,0,387
09/27/2017,CMH,OH,AGL,CE,Combined TRACON& Tower with Radar,248,97,66,0,411,0,1,22,1,24,248,98,88,1,435,0,0,0,435
09/28/2017,CMH,OH,AGL,CE,Combined TRACON& Tower with Radar,252,83,77,0,412,0,1,9,0,10,252,84,86,0,422,0,0,0,422
09/29/2017,CMH,OH,AGL,CE,Combined TRACON& Tower with Radar,247,70,49,0,366,0,4,10,0,14,247,74,59,0,380,0,0,0,380
09/30/2017,CMH,OH,AGL,CE,Combined TRACON& Tower with Radar,169,52,14,0,235,0,2,5,0,7,169,54,19,0,242,0,0,0,242
10/01/2017,CMH,OH,AGL,CE,Combined TRACON& Tower with Radar,220,58,31,0,309,0,7,8,0,15,220,65,39,0,324,0,0,0,324
10/02/2017,CMH,OH,AGL,CE,Combined TRACON& Tower with Radar,246,79,60,0,385,0,0,4,0,4,246,79,64,0,389,0,0,0,389
10/03/2017,CMH,OH,AGL,CE,Combined TRACON& Tower with Radar,239,86,69,0,394,0,2,14,0,16,239,88,83,0,410,0,0,0,410
10/04/2017,CMH,OH,AGL,CE,Combined TRACON& Tower with Radar,240,91,53,0,384,0,4,8,0,12,240,95,61,0,396,0,0,0,396
10/05/2017,CMH,OH,AGL,CE,Combined TRACON& Tower with Radar,245,104,73,2,424,0,4,2,0,6,245,108,75,2,430,0,0,0,430
10/06/2017,CMH,OH,AGL,CE,Combined TRACON& Tower with Radar,243,94,67,0,404,0,0,11,0,11,243,94,78,0,415,0,0,0,415
10/07/2017,CMH,OH,AGL,CE,Combined TRACON& Tower with Radar,171,41,43,1,256,0,4,5,0,9,171,45,48,1,265,0,0,0,265
10/08/2017,CMH,OH,AGL,CE,Combined TRACON& Tower with Radar,216,65,38,0,319,0,2,1,0,3,216,67,39,0,322,0,0,0,322
10/09/2017,CMH,OH,AGL,CE,Combined TRACON& Tower with Radar,228,68,52,2,350,0,0,0,0,0,228,68,52,2,350,0,0,0,350
10/10/2017,CMH,OH,AGL,CE,Combined TRACON& Tower with Radar,227,82,41,1,351,0,0,11,0,11,227,82,52,1,362,0,0,0,362
10/11/2017,CMH,OH,AGL,CE,Combined TRACON& Tower with Radar,237,90,62,0,389,0,2,3,0,5,237,92,65,0,394,0,0,0,394
10/12/2017,CMH,OH,AGL,CE,Combined TRACON& Tower with Radar,243,101,62,2,408,0,4,7,0,11,243,105,69,2,419,0,0,0,419
10/13/2017,CMH,OH,AGL,CE,Combined TRACON& Tower with Radar,243,94,42,0,379,0,8,13,4,25,243,102,55,4,404,0,0,0,404
10/14/2017,CMH,OH,AGL,CE,Combined TRACON& Tower with Radar,160,44,25,0,229,0,3,8,0,11,160,47,33,0,240,0,0,0,240
10/15/2017,CMH,OH,AGL,CE,Combined TRACON& Tower with Radar,215,72,31,0,318,0,2,7,0,9,215,74,38,0,327,0,0,0,327
10/16/2017,CMH,OH,AGL,CE,Combined TRACON& Tower with Radar,245,91,42,0,378,0,3,15,0,18,245,94,57,0,396,0,0,0,396
10/17/2017,CMH,OH,AGL,CE,Combined TRACON& Tower with Radar,234,82,59,2,377,0,4,21,0,25,234,86,80,2,402,0,0,0,402
10/18/2017,CMH,OH,AGL,CE,Combined TRACON& Tower with Radar,234,80,69,2,385,0,3,9,0,12,234,83,78,2,397,0,0,0,397
10/19/2017,CMH,OH,AGL,CE,Combined TRACON& Tower with Radar,242,91,85,1,419,0,9,9,1,19,242,100,94,2,438,0,0,0,438
10/20/2017,CMH,OH,AGL,CE,Combined TRACON& Tower with Radar,242,82,50,6,380,0,7,10,1,18,242,89,60,7,398,0,0,0,398
10/21/2017,CMH,OH,AGL,CE,Combined TRACON& Tower with Radar,173,32,28,0,233,0,4,15,0,19,173,36,43,0,252,0,0,0,252
10/22/2017,CMH,OH,AGL,CE,Combined TRACON& Tower with Radar,219,66,34,1,320,0,4,21,0,25,219,70,55,1,345,0,0,0,345
10/23/2017,CMH,OH,AGL,CE,Combined TRACON& Tower with Radar,232,87,37,0,356,0,0,0,0,0,232,87,37,0,356,0,0,0,356
10/24/2017,CMH,OH,AGL,CE,Combined TRACON& Tower with Radar,218,83,87,0,388,0,2,11,1,14,218,85,98,1,402,0,0,0,402
10/25/2017,CMH,OH,AGL,CE,Combined TRACON& Tower with Radar,222,95,81,0,398,0,2,7,0,9,222,97,88,0,407,0,0,0,407
10/26/2017,CMH,OH,AGL,CE,Combined TRACON& Tower with Radar,236,94,73,0,403,0,2,13,0,15,236,96,86,0,418,0,0,0,418
10/27/2017,CMH,OH,AGL,CE,Combined TRACON& Tower with Radar,237,103,62,5,407,0,6,7,0,13,237,109,69,5,420,0,0,0,420
10/28/2017,CMH,OH,AGL,CE,Combined TRACON& Tower with Radar,157,68,31,0,256,0,0,3,0,3,157,68,34,0,259,0,0,0,259
10/29/2017,CMH,OH,AGL,CE,Combined TRACON& Tower with Radar,196,59,28,1,284,0,1,4,0,5,196,60,32,1,289,0,0,0,289
10/30/2017,CMH,OH,AGL,CE,Combined TRACON& Tower with Radar,217,94,50,3,364,0,0,4,0,4,217,94,54,3,368,0,0,0,368
10/31/2017,CMH,OH,AGL,CE,Combined TRACON& Tower with Radar,208,101,51,0,360,0,1,8,0,9,208,102,59,0,369,0,0,0,369
11/01/2017,CMH,OH,AGL,CE,Combined TRACON& Tower with Radar,223,104,62,0,389,0,2,0,0,2,223,106,62,0,391,0,0,0,391
11/02/2017,CMH,OH,AGL,CE,Combined TRACON& Tower with Radar,232,94,55,2,383,0,4,3,0,7,232,98,58,2,390,0,0,0,390
11/03/2017,CMH,OH,AGL,CE,Combined TRACON& Tower with Radar,228,80,53,7,368,0,4,11,1,16,228,84,64,8,384,0,0,0,384
11/04/2017,CMH,OH,AGL,CE,Combined TRACON& Tower with Radar,160,45,21,2,228,0,2,2,0,4,160,47,23,2,232,0,0,0,232
11/05/2017,CMH,OH,AGL,CE,Combined TRACON& Tower with Radar,195,65,29,2,291,0,1,0,0,1,195,66,29,2,292,0,0,0,292
11/06/2017,CMH,OH,AGL,CE,Combined TRACON& Tower with Radar,242,83,44,3,372,0,1,4,0,5,242,84,48,3,377,0,0,0,377
11/07/2017,CMH,OH,AGL,CE,Combined TRACON& Tower with Radar,226,88,65,0,379,0,2,5,0,7,226,90,70,0,386,0,0,0,386
11/08/2017,CMH,OH,AGL,CE,Combined TRACON& Tower with Radar,235,105,69,0,409,0,2,20,0,22,235,107,89,0,431,0,0,0,431
11/09/2017,CMH,OH,AGL,CE,Combined TRACON& Tower with Radar,240,99,85,2,426,0,9,17,0,26,240,108,102,2,452,0,0,0,452
11/10/2017,CMH,OH,AGL,CE,Combined TRACON& Tower with Radar,243,97,63,1,404,0,3,10,2,15,243,100,73,3,419,0,0,0,419
11/11/2017,CMH,OH,AGL,CE,Combined TRACON& Tower with Radar,175,61,30,0,266,0,4,5,0,9,175,65,35,0,275,0,0,0,275
11/12/2017,CMH,OH,AGL,CE,Combined TRACON& Tower with Radar,208,62,30,1,301,0,1,11,0,12,208,63,41,1,313,0,0,0,313
11/13/2017,CMH,OH,AGL,CE,Combined TRACON& Tower with Radar,239,84,57,0,380,0,0,11,0,11,239,84,68,0,391,0,0,0,391
11/14/2017,CMH,OH,AGL,CE,Combined TRACON& Tower with Radar,233,104,92,2,431,0,1,11,0,12,233,105,103,2,443,0,0,0,443
11/15/2017,CMH,OH,AGL,CE,Combined TRACON& Tower with Radar,236,83,62,0,381,0,2,7,0,9,236,85,69,0,390,0,0,0,390
11/16/2017,CMH,OH,AGL,CE,Combined TRACON& Tower with Radar,242,95,89,2,428,0,4,5,2,11,242,99,94,4,439,0,0,0,439
11/17/2017,CMH,OH,AGL,CE,Combined TRACON& Tower with Radar,249,87,56,0,392,0,0,3,0,3,249,87,59,0,395,0,0,0,395
11/18/2017,CMH,OH,AGL,CE,Combined TRACON& Tower with Radar,180,52,20,0,252,0,2,0,0,2,180,54,20,0,254,0,0,0,254
11/19/2017,CMH,OH,AGL,CE,Combined TRACON& Tower with Radar,216,63,26,0,305,0,1,1,0,2,216,64,27,0,307,0,0,0,307
11/20/2017,CMH,OH,AGL,CE,Combined TRACON& Tower with Radar,220,81,51,2,354,0,0,22,0,22,220,81,73,2,376,0,0,0,376
11/21/2017,CMH,OH,AGL,CE,Combined TRACON& Tower with Radar,246,106,64,0,416,0,4,6,0,10,246,110,70,0,426,0,0,0,426
11/22/2017,CMH,OH,AGL,CE,Combined TRACON& Tower with Radar,256,86,28,2,372,0,4,19,0,23,256,90,47,2,395,0,0,0,395
11/23/2017,CMH,OH,AGL,CE,Combined TRACON& Tower with Radar,132,37,9,0,178,0,8,17,0,25,132,45,26,0,203,0,0,0,203
11/24/2017,CMH,OH,AGL,CE,Combined TRACON& Tower with Radar,150,47,25,0,222,0,0,11,0,11,150,47,36,0,233,0,0,0,233
11/25/2017,CMH,OH,AGL,CE,Combined TRACON& Tower with Radar,226,68,17,0,311,0,2,8,0,10,226,70,25,0,321,0,0,0,321
11/26/2017,CMH,OH,AGL,CE,Combined TRACON& Tower with Radar,258,81,36,0,375,0,1,21,0,22,258,82,57,0,397,0,0,0,397
11/27/2017,CMH,OH,AGL,CE,Combined TRACON& Tower with Radar,256,79,48,0,383,0,0,20,0,20,256,79,68,0,403,0,0,0,403
11/28/2017,CMH,OH,AGL,CE,Combined TRACON& Tower with Radar,241,85,67,2,395,0,6,27,1,34,241,91,94,3,429,0,0,0,429
11/29/2017,CMH,OH,AGL,CE,Combined TRACON& Tower with Radar,219,83,64,0,366,0,2,33,0,35,219,85,97,0,401,0,0,0,401
11/30/2017,CMH,OH,AGL,CE,Combined TRACON& Tower with Radar,237,96,85,1,419,0,4,4,2,10,237,100,89,3,429,0,0,0,429
12/01/2017,CMH,OH,AGL,CE,Combined TRACON& Tower with Radar,235,78,46,0,359,0,5,36,0,41,235,83,82,0,400,0,0,0,400
12/02/2017,CMH,OH,AGL,CE,Combined TRACON& Tower with Radar,154,61,23,0,238,0,2,14,0,16,154,63,37,0,254,0,0,0,254
12/03/2017,CMH,OH,AGL,CE,Combined TRACON& Tower with Radar,209,59,25,0,293,0,3,23,0,26,209,62,48,0,319,0,0,0,319
12/04/2017,CMH,OH,AGL,CE,Combined TRACON& Tower with Radar,228,78,42,0,348,0,0,15,0,15,228,78,57,0,363,0,0,0,363
12/05/2017,CMH,OH,AGL,CE,Combined TRACON& Tower with Radar,232,82,57,2,373,0,2,6,0,8,232,84,63,2,381,0,0,0,381
12/06/2017,CMH,OH,AGL,CE,Combined TRACON& Tower with Radar,227,88,62,0,377,0,0,24,0,24,227,88,86,0,401,0,0,0,401
12/07/2017,CMH,OH,AGL,CE,Combined TRACON& Tower with Radar,236,87,41,1,365,0,2,9,0,11,236,89,50,1,376,0,0,0,376
12/08/2017,CMH,OH,AGL,CE,Combined TRACON& Tower with Radar,216,94,71,0,381,0,2,30,0,32,216,96,101,0,413,0,0,0,413
12/09/2017,CMH,OH,AGL,CE,Combined TRACON& Tower with Radar,143,57,20,0,220,0,2,4,0,6,143,59,24,0,226,0,0,0,226
12/10/2017,CMH,OH,AGL,CE,Combined TRACON& Tower with Radar,211,62,40,1,314,0,1,10,0,11,211,63,50,1,325,0,0,0,325
12/11/2017,CMH,OH,AGL,CE,Combined TRACON& Tower with Radar,236,87,43,0,366,0,0,20,0,20,236,87,63,0,386,0,0,0,386
12/12/2017,CMH,OH,AGL,CE,Combined TRACON& Tower with Radar,236,107,53,0,396,0,2,5,0,7,236,109,58,0,403,0,0,0,403
12/13/2017,CMH,OH,AGL,CE,Combined TRACON& Tower with Radar,213,125,71,0,409,0,2,3,0,5,213,127,74,0,414,0,0,0,414
12/14/2017,CMH,OH,AGL,CE,Combined TRACON& Tower with Radar,242,111,56,4,413,0,2,8,0,10,242,113,64,4,423,0,0,0,423
12/15/2017,CMH,OH,AGL,CE,Combined TRACON& Tower with Radar,240,82,52,6,380,0,5,8,2,15,240,87,60,8,395,0,0,0,395
12/16/2017,CMH,OH,AGL,CE,Combined TRACON& Tower with Radar,170,60,20,0,250,0,4,12,0,16,170,64,32,0,266,0,0,0,266
12/17/2017,CMH,OH,AGL,CE,Combined TRACON& Tower with Radar,199,54,18,0,271,0,3,11,0,14,199,57,29,0,285,0,0,0,285
12/18/2017,CMH,OH,AGL,CE,Combined TRACON& Tower with Radar,230,88,40,0,358,0,3,0,0,3,230,91,40,0,361,0,0,0,361
12/19/2017,CMH,OH,AGL,CE,Combined TRACON& Tower with Radar,243,93,53,1,390,0,1,6,0,7,243,94,59,1,397,0,0,0,397
12/20/2017,CMH,OH,AGL,CE,Combined TRACON& Tower with Radar,238,114,49,3,404,0,2,19,0,21,238,116,68,3,425,0,0,0,425
12/21/2017,CMH,OH,AGL,CE,Combined TRACON& Tower with Radar,234,111,43,0,388,0,2,27,0,29,234,113,70,0,417,0,0,0,417
12/22/2017,CMH,OH,AGL,CE,Combined TRACON& Tower with Radar,228,90,30,2,350,0,2,0,0,2,228,92,30,2,352,0,0,0,352
12/23/2017,CMH,OH,AGL,CE,Combined TRACON& Tower with Radar,201,74,15,0,290,0,1,0,0,1,201,75,15,0,291,0,0,0,291
12/24/2017,CMH,OH,AGL,CE,Combined TRACON& Tower with Radar,161,48,7,0,216,0,2,3,0,5,161,50,10,0,221,0,0,0,221
12/25/2017,CMH,OH,AGL,CE,Combined TRACON& Tower with Radar,148,76,1,0,225,0,0,3,0,3,148,76,4,0,228,0,0,0,228
12/26/2017,CMH,OH,AGL,CE,Combined TRACON& Tower with Radar,217,75,24,0,316,0,0,11,0,11,217,75,35,0,327,0,0,0,327
12/27/2017,CMH,OH,AGL,CE,Combined TRACON& Tower with Radar,224,84,26,0,334,0,4,8,0,12,224,88,34,0,346,0,0,0,346
12/28/2017,CMH,OH,AGL,CE,Combined TRACON& Tower with Radar,212,80,27,0,319,0,2,7,0,9,212,82,34,0,328,0,0,0,328
12/29/2017,CMH,OH,AGL,CE,Combined TRACON& Tower with Radar,216,76,5,0,297,0,2,8,0,10,216,78,13,0,307,0,0,0,307
12/30/2017,CMH,OH,AGL,CE,Combined TRACON& Tower with Radar,207,73,9,0,289,0,3,2,0,5,207,76,11,0,294,0,0,0,294
12/31/2017,CMH,OH,AGL,CE,Combined TRACON& Tower with Radar,171,54,9,0,234,0,0,1,0,1,171,54,10,0,235,0,0,0,235
01/01/2018,CMH,OH,AGL,CE,Combined TRACON& Tower with Radar,171,65,17,0,253,0,0,2,0,2,171,65,19,0,255,0,0,0,255
01/02/2018,CMH,OH,AGL,CE,Combined TRACON& Tower with Radar,214,85,27,0,326,0,0,4,1,5,214,85,31,1,331,0,0,0,331
01/03/2018,CMH,OH,AGL,CE,Combined TRACON& Tower with Radar,205,88,27,0,320,0,2,6,4,12,205,90,33,4,332,0,0,0,332
01/04/2018,CMH,OH,AGL,CE,Combined TRACON& Tower with Radar,181,69,15,2,267,0,1,0,0,1,181,70,15,2,268,0,0,0,268
01/05/2018,CMH,OH,AGL,CE,Combined TRACON& Tower with Radar,201,69,55,0,325,0,0,5,2,7,201,69,60,2,332,0,0,0,332
01/06/2018,CMH,OH,AGL,CE,Combined TRACON& Tower with Radar,168,59,27,2,256,0,2,4,0,6,168,61,31,2,262,0,0,0,262
01/07/2018,CMH,OH,AGL,CE,Combined TRACON& Tower with Radar,197,74,32,0,303,0,3,0,0,3,197,77,32,0,306,0,0,0,306
01/08/2018,CMH,OH,AGL,CE,Combined TRACON& Tower with Radar,183,81,44,0,308,0,0,0,0,0,183,81,44,0,308,0,0,0,308
01/09/2018,CMH,OH,AGL,CE,Combined TRACON& Tower with Radar,206,88,56,1,351,0,2,4,0,6,206,90,60,1,357,0,0,0,357
01/10/2018,CMH,OH,AGL,CE,Combined TRACON& Tower with Radar,201,92,51,0,344,0,4,3,2,9,201,96,54,2,353,0,0,0,353
01/11/2018,CMH,OH,AGL,CE,Combined TRACON& Tower with Radar,210,91,68,0,369,0,2,2,0,4,210,93,70,0,373,0,0,0,373
01/12/2018,CMH,OH,AGL,CE,Combined TRACON& Tower with Radar,161,66,36,0,263,0,0,0,0,0,161,66,36,0,263,0,0,0,263
01/13/2018,CMH,OH,AGL,CE,Combined TRACON& Tower with Radar,152,58,15,0,225,0,0,6,0,6,152,58,21,0,231,0,0,0,231
01/14/2018,CMH,OH,AGL,CE,Combined TRACON& Tower with Radar,167,67,13,0,247,0,1,5,0,6,167,68,18,0,253,0,0,0,253
01/15/2018,CMH,OH,AGL,CE,Combined TRACON& Tower with Radar,192,88,48,0,328,0,0,0,0,0,192,88,48,0,328,0,0,0,328
01/16/2018,CMH,OH,AGL,CE,Combined TRACON& Tower with Radar,209,82,57,0,348,0,0,2,0,2,209,82,59,0,350,0,0,0,350
01/17/2018,CMH,OH,AGL,CE,Combined TRACON& Tower with Radar,192,102,65,0,359,0,1,2,0,3,192,103,67,0,362,0,0,0,362
01/18/2018,CMH,OH,AGL,CE,Combined TRACON& Tower with Radar,212,101,68,0,381,0,0,11,0,11,212,101,79,0,392,0,0,0,392
01/19/2018,CMH,OH,AGL,CE,Combined TRACON& Tower with Radar,216,78,60,4,358,0,2,7,1,10,216,80,67,5,368,0,0,0,368
01/20/2018,CMH,OH,AGL,CE,Combined TRACON& Tower with Radar,144,58,35,2,239,0,2,12,1,15,144,60,47,3,254,0,0,0,254
01/21/2018,CMH,OH,AGL,CE,Combined TRACON& Tower with Radar,183,76,12,0,271,0,1,1,0,2,183,77,13,0,273,0,0,0,273
01/22/2018,CMH,OH,AGL,CE,Combined TRACON& Tower with Radar,210,91,41,1,343,0,0,1,0,1,210,91,42,1,344,0,0,0,344
01/23/2018,CMH,OH,AGL,CE,Combined TRACON& Tower with Radar,210,108,62,0,380,0,1,2,0,3,210,109,64,0,383,0,0,0,383
01/24/2018,CMH,OH,AGL,CE,Combined TRACON& Tower with Radar,201,109,49,0,359,0,0,0,1,1,201,109,49,1,360,0,0,0,360
01/25/2018,CMH,OH,AGL,CE,Combined TRACON& Tower with Radar,217,103,60,3,383,0,2,9,0,11,217,105,69,3,394,0,0,0,394
01/26/2018,CMH,OH,AGL,CE,Combined TRACON& Tower with Radar,216,98,35,0,349,0,2,5,0,7,216,100,40,0,356,0,0,0,356
01/27/2018,CMH,OH,AGL,CE,Combined TRACON& Tower with Radar,141,57,15,0,213,0,2,0,0,2,141,59,15,0,215,0,0,0,215
01/28/2018,CMH,OH,AGL,CE,Combined TRACON& Tower with Radar,185,75,25,0,285,0,0,9,2,11,185,75,34,2,296,0,0,0,296
01/29/2018,CMH,OH,AGL,CE,Combined TRACON& Tower with Radar,209,88,44,6,347,0,0,7,0,7,209,88,51,6,354,0,0,0,354
01/30/2018,CMH,OH,AGL,CE,Combined TRACON& Tower with Radar,206,89,53,0,348,0,3,12,0,15,206,92,65,0,363,0,0,0,363
01/31/2018,CMH,OH,AGL,CE,Combined TRACON& Tower with Radar,200,95,49,0,344,0,2,8,0,10,200,97,57,0,354,0,0,0,354
02/01/2018,CMH,OH,AGL,CE,Combined TRACON& Tower with Radar,214,100,43,2,359,0,1,4,0,5,214,101,47,2,364,0,0,0,364
02/02/2018,CMH,OH,AGL,CE,Combined TRACON& Tower with Radar,213,83,53,0,349,0,2,3,0,5,213,85,56,0,354,0,0,0,354
02/03/2018,CMH,OH,AGL,CE,Combined TRACON& Tower with Radar,148,50,18,0,216,0,4,10,0,14,148,54,28,0,230,0,0,0,230
02/04/2018,CMH,OH,AGL,CE,Combined TRACON& Tower with Radar,158,64,11,0,233,0,1,0,0,1,158,65,11,0,234,0,0,0,234
02/05/2018,CMH,OH,AGL,CE,Combined TRACON& Tower with Radar,199,82,48,0,329,0,3,7,0,10,199,85,55,0,339,0,0,0,339
02/06/2018,CMH,OH,AGL,CE,Combined TRACON& Tower with Radar,200,87,61,11,359,0,4,2,1,7,200,91,63,12,366,0,0,0,366
02/07/2018,CMH,OH,AGL,CE,Combined TRACON& Tower with Radar,164,84,69,0,317,0,0,0,0,0,164,84,69,0,317,0,0,0,317
02/08/2018,CMH,OH,AGL,CE,Combined TRACON& Tower with Radar,212,117,61,0,390,0,2,5,0,7,212,119,66,0,397,0,0,0,397
02/09/2018,CMH,OH,AGL,CE,Combined TRACON& Tower with Radar,202,102,49,0,353,0,4,5,0,9,202,106,54,0,362,0,0,0,362
02/10/2018,CMH,OH,AGL,CE,Combined TRACON& Tower with Radar,152,48,16,2,218,0,4,3,0,7,152,52,19,2,225,0,0,0,225
02/11/2018,CMH,OH,AGL,CE,Combined TRACON& Tower with Radar,175,73,23,0,271,0,0,0,0,0,175,73,23,0,271,0,0,0,271
02/12/2018,CMH,OH,AGL,CE,Combined TRACON& Tower with Radar,211,106,40,4,361,0,8,20,0,28,211,114,60,4,389,0,0,0,389
02/13/2018,CMH,OH,AGL,CE,Combined TRACON& Tower with Radar,201,89,44,0,334,0,2,8,0,10,201,91,52,0,344,0,0,0,344
02/14/2018,CMH,OH,AGL,CE,Combined TRACON& Tower with Radar,186,100,55,0,341,0,1,1,0,2,186,101,56,0,343,0,0,0,343
02/15/2018,CMH,OH,AGL,CE,Combined TRACON& Tower with Radar,238,94,76,0,408,0,1,1,0,2,238,95,77,0,410,0,0,0,410
02/16/2018,CMH,OH,AGL,CE,Combined TRACON& Tower with Radar,233,103,55,0,391,0,1,14,0,15,233,104,69,0,406,0,0,0,406
02/17/2018,CMH,OH,AGL,CE,Combined TRACON& Tower with Radar,176,53,15,0,244,0,5,0,0,5,176,58,15,0,249,0,0,0,249
02/18/2018,CMH,OH,AGL,CE,Combined TRACON& Tower with Radar,206,68,26,0,300,0,0,14,0,14,206,68,40,0,314,0,0,0,314
02/19/2018,CMH,OH,AGL,CE,Combined TRACON& Tower with Radar,231,105,64,0,400,0,4,1,0,5,231,109,65,0,405,0,0,0,405
02/20/2018,CMH,OH,AGL,CE,Combined TRACON& Tower with Radar,232,97,66,0,395,0,10,6,0,16,232,107,72,0,411,0,0,0,411
02/21/2018,CMH,OH,AGL,CE,Combined TRACON& Tower with Radar,224,109,57,0,390,0,0,1,0,1,224,109,58,0,391,0,0,0,391
02/22/2018,CMH,OH,AGL,CE,Combined TRACON& Tower with Radar,230,89,56,4,379,0,11,5,0,16,230,100,61,4,395,0,0,0,395
02/23/2018,CMH,OH,AGL,CE,Combined TRACON& Tower with Radar,231,100,38,0,369,0,2,0,0,2,231,102,38,0,371,0,0,0,371
02/24/2018,CMH,OH,AGL,CE,Combined TRACON& Tower with Radar,180,60,15,0,255,0,0,0,0,0,180,60,15,0,255,0,0,0,255
02/25/2018,CMH,OH,AGL,CE,Combined TRACON& Tower with Radar,223,82,27,0,332,0,7,4,0,11,223,89,31,0,343,0,0,0,343
02/26/2018,CMH,OH,AGL,CE,Combined TRACON& Tower with Radar,230,105,33,0,368,0,2,11,0,13,230,107,44,0,381,0,0,0,381
02/27/2018,CMH,OH,AGL,CE,Combined TRACON& Tower with Radar,232,97,56,0,385,0,8,27,0,35,232,105,83,0,420,0,0,0,420
02/28/2018,CMH,OH,AGL,CE,Combined TRACON& Tower with Radar,227,97,41,0,365,0,6,10,0,16,227,103,51,0,381,0,0,0,381
03/01/2018,CMH,OH,AGL,CE,Combined TRACON& Tower with Radar,231,103,44,2,380,0,1,0,0,1,231,104,44,2,381,0,0,0,381
03/02/2018,CMH,OH,AGL,CE,Combined TRACON& Tower with Radar,216,69,48,2,335,0,4,12,0,16,216,73,60,2,351,0,0,0,351
03/03/2018,CMH,OH,AGL,CE,Combined TRACON& Tower with Radar,182,59,27,0,268,0,4,16,2,22,182,63,43,2,290,0,0,0,290
03/04/2018,CMH,OH,AGL,CE,Combined TRACON& Tower with Radar,210,81,33,0,324,0,2,23,0,25,210,83,56,0,349,0,0,0,349
03/05/2018,CMH,OH,AGL,CE,Combined TRACON& Tower with Radar,223,94,42,0,359,0,0,17,4,21,223,94,59,4,380,0,0,0,380
03/06/2018,CMH,OH,AGL,CE,Combined TRACON& Tower with Radar,235,83,46,0,364,0,6,24,0,30,235,89,70,0,394,0,0,0,394
03/07/2018,CMH,OH,AGL,CE,Combined TRACON& Tower with Radar,206,106,61,8,381,0,2,9,0,11,206,108,70,8,392,0,0,0,392
03/08/2018,CMH,OH,AGL,CE,Combined TRACON& Tower with Radar,238,102,64,0,404,0,1,9,0,10,238,103,73,0,414,0,0,0,414
03/09/2018,CMH,OH,AGL,CE,Combined TRACON& Tower with Radar,245,104,40,0,389,0,1,23,0,24,245,105,63,0,413,0,0,0,413
03/10/2018,CMH,OH,AGL,CE,Combined TRACON& Tower with Radar,218,59,31,2,310,0,4,29,0,33,218,63,60,2,343,0,0,0,343
03/11/2018,CMH,OH,AGL,CE,Combined TRACON& Tower with Radar,239,65,33,1,338,0,1,18,0,19,239,66,51,1,357,0,0,0,357
03/12/2018,CMH,OH,AGL,CE,Combined TRACON& Tower with Radar,245,89,45,1,380,0,0,16,0,16,245,89,61,1,396,0,0,0,396
03/13/2018,CMH,OH,AGL,CE,Combined TRACON& Tower with Radar,232,94,57,2,385,0,2,8,0,10,232,96,65,2,395,0,0,0,395
03/14/2018,CMH,OH,AGL,CE,Combined TRACON& Tower with Radar,247,88,63,4,402,0,4,9,0,13,247,92,72,4,415,0,0,0,415
03/15/2018,CMH,OH,AGL,CE,Combined TRACON& Tower with Radar,248,97,48,0,393,0,2,31,0,33,248,99,79,0,426,0,0,0,426
03/16/2018,CMH,OH,AGL,CE,Combined TRACON& Tower with Radar,240,107,73,2,422,0,1,24,0,25,240,108,97,2,447,0,0,0,447
03/17/2018,CMH,OH,AGL,CE,Combined TRACON& Tower with Radar,220,59,21,0,300,0,2,1,0,3,220,61,22,0,303,0,0,0,303
03/18/2018,CMH,OH,AGL,CE,Combined TRACON& Tower with Radar,232,76,28,0,336,0,3,36,0,39,232,79,64,0,375,0,0,0,375
03/19/2018,CMH,OH,AGL,CE,Combined TRACON& Tower with Radar,237,97,43,0,377,0,6,25,0,31,237,103,68,0,408,0,0,0,408
03/20/2018,CMH,OH,AGL,CE,Combined TRACON& Tower with Radar,237,90,54,0,381,0,1,1,0,2,237,91,55,0,383,0,0,0,383
03/21/2018,CMH,OH,AGL,CE,Combined TRACON& Tower with Radar,194,84,39,2,319,0,0,2,0,2,194,84,41,2,321,0,0,0,321
03/22/2018,CMH,OH,AGL,CE,Combined TRACON& Tower with Radar,255,95,65,1,416,0,4,15,0,19,255,99,80,1,435,0,0,0,435
03/23/2018,CMH,OH,AGL,CE,Combined TRACON& Tower with Radar,247,112,49,1,409,0,2,24,0,26,247,114,73,1,435,0,0,0,435
03/24/2018,CMH,OH,AGL,CE,Combined TRACON& Tower with Radar,222,79,19,0,320,0,4,16,0,20,222,83,35,0,340,0,0,0,340
03/25/2018,CMH,OH,AGL,CE,Combined TRACON& Tower with Radar,237,81,29,4,351,0,3,15,4,22,237,84,44,8,373,0,0,0,373
03/26/2018,CMH,OH,AGL,CE,Combined TRACON& Tower with Radar,240,95,40,3,378,0,2,31,0,33,240,97,71,3,411,0,0,0,411
03/27/2018,CMH,OH,AGL,CE,Combined TRACON& Tower with Radar,249,97,42,2,390,0,3,0,2,5,249,100,42,4,395,0,0,0,395
03/28/2018,CMH,OH,AGL,CE,Combined TRACON& Tower with Radar,243,96,64,1,404,0,0,0,0,0,243,96,64,1,404,0,0,0,404
03/29/2018,CMH,OH,AGL,CE,Combined TRACON& Tower with Radar,251,90,57,0,398,0,0,0,0,0,251,90,57,0,398,0,0,0,398
03/30/2018,CMH,OH,AGL,CE,Combined TRACON& Tower with Radar,249,88,44,0,381,0,3,11,0,14,249,91,55,0,395,0,0,0,395
03/31/2018,CMH,OH,AGL,CE,Combined TRACON& Tower with Radar,223,55,29,0,307,0,2,9,0,11,223,57,38,0,318,0,0,0,318
04/01/2018,CMH,OH,AGL,CE,Combined TRACON& Tower with Radar,234,83,26,0,343,0,1,9,0,10,234,84,35,0,353,0,0,0,353
04/02/2018,CMH,OH,AGL,CE,Combined TRACON& Tower with Radar,235,90,41,0,366,0,2,14,0,16,235,92,55,0,382,0,0,0,382
04/03/2018,CMH,OH,AGL,CE,Combined TRACON& Tower with Radar,236,76,54,0,366,0,3,1,0,4,236,79,55,0,370,0,0,0,370
04/04/2018,CMH,OH,AGL,CE,Combined TRACON& Tower with Radar,242,95,51,4,392,0,1,2,0,3,242,96,53,4,395,0,0,0,395
04/05/2018,CMH,OH,AGL,CE,Combined TRACON& Tower with Radar,250,105,65,2,422,0,2,12,1,15,250,107,77,3,437,0,0,0,437
04/06/2018,CMH,OH,AGL,CE,Combined TRACON& Tower with Radar,253,88,51,0,392,0,6,3,1,10,253,94,54,1,402,0,0,0,402
04/07/2018,CMH,OH,AGL,CE,Combined TRACON& Tower with Radar,214,63,33,0,310,0,1,10,0,11,214,64,43,0,321,0,0,0,321
04/08/2018,CMH,OH,AGL,CE,Combined TRACON& Tower with Radar,238,83,38,0,359,0,5,23,0,28,238,88,61,0,387,0,0,0,387
04/09/2018,CMH,OH,AGL,CE,Combined TRACON& Tower with Radar,234,86,34,0,354,0,0,4,0,4,234,86,38,0,358,0,0,0,358
04/10/2018,CMH,OH,AGL,CE,Combined TRACON& Tower with Radar,234,106,58,0,398,0,2,11,0,13,234,108,69,0,411,0,0,0,411
04/11/2018,CMH,OH,AGL,CE,Combined TRACON& Tower with Radar,239,99,65,0,403,0,3,5,0,8,239,102,70,0,411,0,0,0,411
04/12/2018,CMH,OH,AGL,CE,Combined TRACON& Tower with Radar,246,94,49,0,389,0,2,9,0,11,246,96,58,0,400,0,0,0,400
04/13/2018,CMH,OH,AGL,CE,Combined TRACON& Tower with Radar,243,81,35,0,359,0,2,9,0,11,243,83,44,0,370,0,0,0,370
04/14/2018,CMH,OH,AGL,CE,Combined TRACON& Tower with Radar,178,48,20,0,246,0,3,3,0,6,178,51,23,0,252,0,0,0,252
04/15/2018,CMH,OH,AGL,CE,Combined TRACON& Tower with Radar,205,57,30,2,294,0,0,1,0,1,205,57,31,2,295,0,0,0,295
04/16/2018,CMH,OH,AGL,CE,Combined TRACON& Tower with Radar,233,72,52,0,357,0,1,4,0,5,233,73,56,0,362,0,0,0,362
04/17/2018,CMH,OH,AGL,CE,Combined TRACON& Tower with Radar,245,103,80,0,428,0,4,3,0,7,245,107,83,0,435,0,0,0,435
04/18/2018,CMH,OH,AGL,CE,Combined TRACON& Tower with Radar,229,101,58,4,392,0,2,17,2,21,229,103,75,6,413,0,0,0,413
04/19/2018,CMH,OH,AGL,CE,Combined TRACON& Tower with Radar,239,110,69,0,418,0,2,6,0,8,239,112,75,0,426,0,0,0,426
04/20/2018,CMH,OH,AGL,CE,Combined TRACON& Tower with Radar,237,94,62,3,396,0,2,19,3,24,237,96,81,6,420,0,0,0,420
04/21/2018,CMH,OH,AGL,CE,Combined TRACON& Tower with Radar,174,70,15,0,259,0,6,7,1,14,174,76,22,1,273,0,0,0,273
04/22/2018,CMH,OH,AGL,CE,Combined TRACON& Tower with Radar,211,65,20,0,296,0,3,20,0,23,211,68,40,0,319,0,0,0,319
04/23/2018,CMH,OH,AGL,CE,Combined TRACON& Tower with Radar,240,91,56,0,387,0,2,1,1,4,240,93,57,1,391,0,0,0,391
04/24/2018,CMH,OH,AGL,CE,Combined TRACON& Tower with Radar,236,94,62,0,392,0,2,2,0,4,236,96,64,0,396,0,0,0,396
04/25/2018,CMH,OH,AGL,CE,Combined TRACON& Tower with Radar,234,96,61,0,391,0,2,3,1,6,234,98,64,1,397,0,0,0,397
04/26/2018,CMH,OH,AGL,CE,Combined TRACON& Tower with Radar,243,92,76,0,411,0,5,15,0,20,243,97,91,0,431,0,0,0,431
04/27/2018,CMH,OH,AGL,CE,Combined TRACON& Tower with Radar,244,99,58,0,401,0,3,13,0,16,244,102,71,0,417,0,0,0,417
04/28/2018,CMH,OH,AGL,CE,Combined TRACON& Tower with Radar,197,42,12,0,251,0,2,6,0,8,197,44,18,0,259,0,0,0,259
04/29/2018,CMH,OH,AGL,CE,Combined TRACON& Tower with Radar,220,79,34,0,333,0,1,22,0,23,220,80,56,0,356,0,0,0,356
04/30/2018,CMH,OH,AGL,CE,Combined TRACON& Tower with Radar,237,82,43,0,362,0,3,18,2,23,237,85,61,2,385,0,0,0,385
05/01/2018,CMH,OH,AGL,CE,Combined TRACON& Tower with Radar,239,99,72,0,410,0,6,11,0,17,239,105,83,0,427,0,0,0,427
05/02/2018,CMH,OH,AGL,CE,Combined TRACON& Tower with Radar,224,89,55,0,368,0,2,10,2,14,224,91,65,2,382,0,0,0,382
05/03/2018,CMH,OH,AGL,CE,Combined TRACON& Tower with Radar,235,96,74,0,405,0,4,8,0,12,235,100,82,0,417,0,0,0,417
05/04/2018,CMH,OH,AGL,CE,Combined TRACON& Tower with Radar,242,81,47,0,370,0,3,2,0,5,242,84,49,0,375,0,0,0,375
05/05/2018,CMH,OH,AGL,CE,Combined TRACON& Tower with Radar,184,50,24,0,258,0,2,12,0,14,184,52,36,0,272,0,0,0,272
05/06/2018,CMH,OH,AGL,CE,Combined TRACON& Tower with Radar,221,82,28,0,331,0,1,9,0,10,221,83,37,0,341,0,0,0,341
05/07/2018,CMH,OH,AGL,CE,Combined TRACON& Tower with Radar,235,95,54,2,386,0,0,18,0,18,235,95,72,2,404,0,0,0,404
05/08/2018,CMH,OH,AGL,CE,Combined TRACON& Tower with Radar,241,91,67,0,399,0,3,10,0,13,241,94,77,0,412,0,0,0,412
05/09/2018,CMH,OH,AGL,CE,Combined TRACON& Tower with Radar,229,109,67,0,405,0,5,21,4,30,229,114,88,4,435,0,0,0,435
05/10/2018,CMH,OH,AGL,CE,Combined TRACON& Tower with Radar,231,95,80,1,407,0,1,13,1,15,231,96,93,2,422,0,0,0,422
05/11/2018,CMH,OH,AGL,CE,Combined TRACON& Tower with Radar,251,91,59,0,401,0,2,11,0,13,251,93,70,0,414,0,0,0,414
05/12/2018,CMH,OH,AGL,CE,Combined TRACON& Tower with Radar,184,47,14,0,245,0,2,14,0,16,184,49,28,0,261,0,0,0,261
05/13/2018,CMH,OH,AGL,CE,Combined TRACON& Tower with Radar,205,78,20,0,303,0,3,8,0,11,205,81,28,0,314,0,0,0,314
05/14/2018,CMH,OH,AGL,CE,Combined TRACON& Tower with Radar,231,78,51,2,362,0,0,9,0,9,231,78,60,2,371,0,0,0,371
05/15/2018,CMH,OH,AGL,CE,Combined TRACON& Tower with Radar,235,92,56,0,383,0,3,14,0,17,235,95,70,0,400,0,0,0,400
05/16/2018,CMH,OH,AGL,CE,Combined TRACON& Tower with Radar,236,102,76,4,418,0,4,7,0,11,236,106,83,4,429,0,0,0,429
05/17/2018,CMH,OH,AGL,CE,Combined TRACON& Tower with Radar,240,97,70,4,411,0,4,19,0,23,240,101,89,4,434,0,0,0,434
05/18/2018,CMH,OH,AGL,CE,Combined TRACON& Tower with Radar,242,88,47,0,377,0,2,7,0,9,242,90,54,0,386,0,0,0,386
05/19/2018,CMH,OH,AGL,CE,Combined TRACON& Tower with Radar,185,61,17,0,263,0,2,1,0,3,185,63,18,0,266,0,0,0,266
05/20/2018,CMH,OH,AGL,CE,Combined TRACON& Tower with Radar,206,90,30,0,326,0,2,11,0,13,206,92,41,0,339,0,0,0,339
05/21/2018,CMH,OH,AGL,CE,Combined TRACON& Tower with Radar,236,79,62,0,377,0,3,14,0,17,236,82,76,0,394,0,0,0,394
05/22/2018,CMH,OH,AGL,CE,Combined TRACON& Tower with Radar,239,76,71,0,386,0,1,7,0,8,239,77,78,0,394,0,0,0,394
05/23/2018,CMH,OH,AGL,CE,Combined TRACON& Tower with Radar,239,93,50,0,382,0,2,21,0,23,239,95,71,0,405,0,0,0,405
05/24/2018,CMH,OH,AGL,CE,Combined TRACON& Tower with Radar,237,106,44,4,391,0,4,27,0,31,237,110,71,4,422,0,0,0,422
05/25/2018,CMH,OH,AGL,CE,Combined TRACON& Tower with Radar,239,98,53,0,390,0,4,23,0,27,239,102,76,0,417,0,0,0,417
05/26/2018,CMH,OH,AGL,CE,Combined TRACON& Tower with Radar,178,50,6,0,234,0,2,4,0,6,178,52,10,0,240,0,0,0,240
05/27/2018,CMH,OH,AGL,CE,Combined TRACON& Tower with Radar,171,53,14,0,238,0,1,16,1,18,171,54,30,1,256,0,0,0,256
05/28/2018,CMH,OH,AGL,CE,Combined TRACON& Tower with Radar,209,86,20,0,315,0,2,5,0,7,209,88,25,0,322,0,0,0,322
05/29/2018,CMH,OH,AGL,CE,Combined TRACON& Tower with Radar,239,102,46,2,389,0,0,9,0,9,239,102,55,2,398,0,0,0,398
05/30/2018,CMH,OH,AGL,CE,Combined TRACON& Tower with Radar,233,90,54,0,377,0,2,2,1,5,233,92,56,1,382,0,0,0,382
05/31/2018,CMH,OH,AGL,CE,Combined TRACON& Tower with Radar,220,90,63,0,373,0,3,3,1,7,220,93,66,1,380,0,0,0,380
06/01/2018,CMH,OH,AGL,CE,Combined TRACON& Tower with Radar,238,88,62,0,388,0,8,2,0,10,238,96,64,0,398,0,0,0,398
06/02/2018,CMH,OH,AGL,CE,Combined TRACON& Tower with Radar,190,58,20,0,268,0,1,8,0,9,190,59,28,0,277,0,0,0,277
06/03/2018,CMH,OH,AGL,CE,Combined TRACON& Tower with Radar,216,90,31,0,337,0,1,4,0,5,216,91,35,0,342,0,0,0,342
06/04/2018,CMH,OH,AGL,CE,Combined TRACON& Tower with Radar,237,100,46,0,383,0,1,13,0,14,237,101,59,0,397,0,0,0,397
06/05/2018,CMH,OH,AGL,CE,Combined TRACON& Tower with Radar,241,91,46,0,378,0,4,11,0,15,241,95,57,0,393,0,0,0,393
06/06/2018,CMH,OH,AGL,CE,Combined TRACON& Tower with Radar,235,90,79,2,406,0,2,24,5,31,235,92,103,7,437,0,0,0,437
06/07/2018,CMH,OH,AGL,CE,Combined TRACON& Tower with Radar,248,95,75,3,421,0,3,20,7,30,248,98,95,10,451,0,0,0,451
06/08/2018,CMH,OH,AGL,CE,Combined TRACON& Tower with Radar,253,69,50,0,372,0,2,2,0,4,253,71,52,0,376,0,0,0,376
06/09/2018,CMH,OH,AGL,CE,Combined TRACON& Tower with Radar,221,57,22,0,300,0,8,13,0,21,221,65,35,0,321,0,0,0,321
06/10/2018,CMH,OH,AGL,CE,Combined TRACON& Tower with Radar,230,75,32,3,340,0,5,4,1,10,230,80,36,4,350,0,0,0,350
06/11/2018,CMH,OH,AGL,CE,Combined TRACON& Tower with Radar,257,94,58,4,413,0,0,3,0,3,257,94,61,4,416,0,0,0,416
06/12/2018,CMH,OH,AGL,CE,Combined TRACON& Tower with Radar,257,89,51,0,397,0,2,0,0,2,257,91,51,0,399,0,0,0,399
06/13/2018,CMH,OH,AGL,CE,Combined TRACON& Tower with Radar,250,99,52,1,402,0,2,13,0,15,250,101,65,1,417,0,0,0,417
06/14/2018,CMH,OH,AGL,CE,Combined TRACON& Tower with Radar,254,85,60,3,402,0,2,10,0,12,254,87,70,3,414,0,0,0,414
06/15/2018,CMH,OH,AGL,CE,Combined TRACON& Tower with Radar,245,78,47,5,375,0,2,19,0,21,245,80,66,5,396,0,0,0,396
06/16/2018,CMH,OH,AGL,CE,Combined TRACON& Tower with Radar,225,52,23,0,300,0,1,4,0,5,225,53,27,0,305,0,0,0,305
06/17/2018,CMH,OH,AGL,CE,Combined TRACON& Tower with Radar,229,76,39,0,344,0,1,9,2,12,229,77,48,2,356,0,0,0,356
06/18/2018,CMH,OH,AGL,CE,Combined TRACON& Tower with Radar,245,85,61,0,391,0,2,8,0,10,245,87,69,0,401,0,0,0,401
06/19/2018,CMH,OH,AGL,CE,Combined TRACON& Tower with Radar,242,71,52,0,365,0,2,7,0,9,242,73,59,0,374,0,0,0,374
06/20/2018,CMH,OH,AGL,CE,Combined TRACON& Tower with Radar,249,97,68,0,414,0,6,8,0,14,249,103,76,0,428,0,0,0,428
06/21/2018,CMH,OH,AGL,CE,Combined TRACON& Tower with Radar,259,91,69,8,427,0,2,2,0,4,259,93,71,8,431,0,0,0,431
06/22/2018,CMH,OH,AGL,CE,Combined TRACON& Tower with Radar,260,80,51,0,391,0,0,2,2,4,260,80,53,2,395,0,0,0,395
06/23/2018,CMH,OH,AGL,CE,Combined TRACON& Tower with Radar,214,55,25,0,294,0,1,6,0,7,214,56,31,0,301,0,0,0,301
06/24/2018,CMH,OH,AGL,CE,Combined TRACON& Tower with Radar,226,64,38,0,328,0,1,3,0,4,226,65,41,0,332,0,0,0,332
06/25/2018,CMH,OH,AGL,CE,Combined TRACON& Tower with Radar,256,75,51,0,382,0,0,15,0,15,256,75,66,0,397,0,0,0,397
06/26/2018,CMH,OH,AGL,CE,Combined TRACON& Tower with Radar,252,85,72,0,409,0,5,7,1,13,252,90,79,1,422,0,0,0,422
06/27/2018,CMH,OH,AGL,CE,Combined TRACON& Tower with Radar,250,93,51,1,395,0,1,6,0,7,250,94,57,1,402,0,0,0,402
06/28/2018,CMH,OH,AGL,CE,Combined TRACON& Tower with Radar,248,86,64,0,398,0,3,10,0,13,248,89,74,0,411,0,0,0,411
06/29/2018,CMH,OH,AGL,CE,Combined TRACON& Tower with Radar,263,89,34,5,391,0,7,11,0,18,263,96,45,5,409,0,0,0,409
06/30/2018,CMH,OH,AGL,CE,Combined TRACON& Tower with Radar,223,65,17,2,307,0,2,22,0,24,223,67,39,2,331,0,0,0,331
07/01/2018,CMH,OH,AGL,CE,Combined TRACON& Tower with Radar,213,77,28,1,319,0,2,7,0,9,213,79,35,1,328,0,0,0,328
07/02/2018,CMH,OH,AGL,CE,Combined TRACON& Tower with Radar,210,76,28,0,314,0,2,5,0,7,210,78,33,0,321,0,0,0,321
07/03/2018,CMH,OH,AGL,CE,Combined TRACON& Tower with Radar,201,66,24,1,292,0,2,11,0,13,201,68,35,1,305,0,0,0,305
07/04/2018,CMH,OH,AGL,CE,Combined TRACON& Tower with Radar,176,49,9,1,235,0,3,9,0,12,176,52,18,1,247,0,0,0,247
07/05/2018,CMH,OH,AGL,CE,Combined TRACON& Tower with Radar,200,60,36,0,296,0,0,9,0,9,200,60,45,0,305,0,0,0,305
07/06/2018,CMH,OH,AGL,CE,Combined TRACON& Tower with Radar,236,59,33,0,328,0,3,10,0,13,236,62,43,0,341,0,0,0,341
07/07/2018,CMH,OH,AGL,CE,Combined TRACON& Tower with Radar,231,50,26,0,307,0,4,21,0,25,231,54,47,0,332,0,0,0,332
07/08/2018,CMH,OH,AGL,CE,Combined TRACON& Tower with Radar,241,68,43,0,352,0,3,12,0,15,241,71,55,0,367,0,0,0,367
07/09/2018,CMH,OH,AGL,CE,Combined TRACON& Tower with Radar,255,76,60,0,391,0,4,18,0,22,255,80,78,0,413,0,0,0,413
07/10/2018,CMH,OH,AGL,CE,Combined TRACON& Tower with Radar,265,69,41,2,377,0,1,12,0,13,265,70,53,2,390,0,0,0,390
07/11/2018,CMH,OH,AGL,CE,Combined TRACON& Tower with Radar,257,85,66,2,410,0,5,10,0,15,257,90,76,2,425,0,0,0,425
07/12/2018,CMH,OH,AGL,CE,Combined TRACON& Tower with Radar,257,79,69,2,407,0,2,18,0,20,257,81,87,2,427,0,0,0,427
07/13/2018,CMH,OH,AGL,CE,Combined TRACON& Tower with Radar,264,75,42,3,384,0,2,13,0,15,264,77,55,3,399,0,0,0,399
07/14/2018,CMH,OH,AGL,CE,Combined TRACON& Tower with Radar,229,58,37,0,324,0,6,19,0,25,229,64,56,0,349,0,0,0,349
07/15/2018,CMH,OH,AGL,CE,Combined TRACON& Tower with Radar,239,69,40,1,349,0,4,15,0,19,239,73,55,1,368,0,0,0,368
07/16/2018,CMH,OH,AGL,CE,Combined TRACON& Tower with Radar,252,69,52,4,377,0,1,11,0,12,252,70,63,4,389,0,0,0,389
07/17/2018,CMH,OH,AGL,CE,Combined TRACON& Tower with Radar,260,58,80,4,402,0,2,15,1,18,260,60,95,5,420,0,0,0,420
07/18/2018,CMH,OH,AGL,CE,Combined TRACON& Tower with Radar,261,89,61,2,413,0,3,18,1,22,261,92,79,3,435,0,0,0,435
07/19/2018,CMH,OH,AGL,CE,Combined TRACON& Tower with Radar,257,95,75,2,429,0,2,6,0,8,257,97,81,2,437,0,0,0,437
07/20/2018,CMH,OH,AGL,CE,Combined TRACON& Tower with Radar,258,83,37,0,378,0,6,0,0,6,258,89,37,0,384,0,0,0,384
07/21/2018,CMH,OH,AGL,CE,Combined TRACON& Tower with Radar,225,49,37,2,313,0,1,4,0,5,225,50,41,2,318,0,0,0,318
07/22/2018,CMH,OH,AGL,CE,Combined TRACON& Tower with Radar,226,70,34,0,330,0,0,0,0,0,226,70,34,0,330,0,0,0,330
07/23/2018,CMH,OH,AGL,CE,Combined TRACON& Tower with Radar,253,67,48,0,368,0,0,3,0,3,253,67,51,0,371,0,0,0,371
07/24/2018,CMH,OH,AGL,CE,Combined TRACON& Tower with Radar,262,73,63,0,398,0,1,5,0,6,262,74,68,0,404,0,0,0,404
07/25/2018,CMH,OH,AGL,CE,Combined TRACON& Tower with Radar,254,71,64,0,389,0,2,11,0,13,254,73,75,0,402,0,0,0,402
07/26/2018,CMH,OH,AGL,CE,Combined TRACON& Tower with Radar,257,78,57,0,392,0,4,10,0,14,257,82,67,0,406,0,0,0,406
07/27/2018,CMH,OH,AGL,CE,Combined TRACON& Tower with Radar,250,66,60,1,377,0,4,8,1,13,250,70,68,2,390,0,0,0,390
07/28/2018,CMH,OH,AGL,CE,Combined TRACON& Tower with Radar,238,54,30,0,322,0,4,18,5,27,238,58,48,5,349,0,0,0,349
07/29/2018,CMH,OH,AGL,CE,Combined TRACON& Tower with Radar,242,80,25,2,349,0,3,13,1,17,242,83,38,3,366,0,0,0,366
07/30/2018,CMH,OH,AGL,CE,Combined TRACON& Tower with Radar,256,60,62,3,381,0,0,15,0,15,256,60,77,3,396,0,0,0,396
07/31/2018,CMH,OH,AGL,CE,Combined TRACON& Tower with Radar,256,58,55,0,369,0,2,11,1,14,256,60,66,1,383,0,0,0,383
08/01/2018,CMH,OH,AGL,CE,Combined TRACON& Tower with Radar,252,77,55,7,391,0,0,6,0,6,252,77,61,7,397,0,0,0,397
08/02/2018,CMH,OH,AGL,CE,Combined TRACON& Tower with Radar,251,75,77,1,404,0,5,14,1,20,251,80,91,2,424,0,0,0,424
08/03/2018,CMH,OH,AGL,CE,Combined TRACON& Tower with Radar,239,70,48,6,363,0,2,5,1,8,239,72,53,7,371,0,0,0,371
08/04/2018,CMH,OH,AGL,CE,Combined TRACON& Tower with Radar,227,62,17,3,309,0,2,11,0,13,227,64,28,3,322,0,0,0,322
08/05/2018,CMH,OH,AGL,CE,Combined TRACON& Tower with Radar,234,76,46,2,358,0,1,16,0,17,234,77,62,2,375,0,0,0,375
08/06/2018,CMH,OH,AGL,CE,Combined TRACON& Tower with Radar,247,75,45,0,367,0,1,7,0,8,247,76,52,0,375,0,0,0,375
08/07/2018,CMH,OH,AGL,CE,Combined TRACON& Tower with Radar,253,74,67,0,394,0,5,7,0,12,253,79,74,0,406,0,0,0,406
08/08/2018,CMH,OH,AGL,CE,Combined TRACON& Tower with Radar,237,82,50,0,369,0,0,2,0,2,237,82,52,0,371,0,0,0,371
08/09/2018,CMH,OH,AGL,CE,Combined TRACON& Tower with Radar,244,84,69,0,397,0,2,15,0,17,244,86,84,0,414,0,0,0,414
08/10/2018,CMH,OH,AGL,CE,Combined TRACON& Tower with Radar,251,80,46,0,377,0,2,12,0,14,251,82,58,0,391,0,0,0,391
08/11/2018,CMH,OH,AGL,CE,Combined TRACON& Tower with Radar,194,48,31,0,273,0,1,2,2,5,194,49,33,2,278,0,0,0,278
08/12/2018,CMH,OH,AGL,CE,Combined TRACON& Tower with Radar,225,73,44,0,342,0,3,14,0,17,225,76,58,0,359,0,0,0,359
08/13/2018,CMH,OH,AGL,CE,Combined TRACON& Tower with Radar,233,64,57,0,354,0,0,16,2,18,233,64,73,2,372,0,0,0,372
08/14/2018,CMH,OH,AGL,CE,Combined TRACON& Tower with Radar,246,72,74,2,394,0,2,20,0,22,246,74,94,2,416,0,0,0,416
08/15/2018,CMH,OH,AGL,CE,Combined TRACON& Tower with Radar,239,84,72,2,397,0,2,8,0,10,239,86,80,2,407,0,0,0,407
08/16/2018,CMH,OH,AGL,CE,Combined TRACON& Tower with Radar,252,83,70,0,405,0,0,12,0,12,252,83,82,0,417,0,0,0,417
08/17/2018,CMH,OH,AGL,CE,Combined TRACON& Tower with Radar,242,75,50,0,367,0,2,5,0,7,242,77,55,0,374,0,0,0,374
08/18/2018,CMH,OH,AGL,CE,Combined TRACON& Tower with Radar,182,46,23,0,251,0,2,6,0,8,182,48,29,0,259,0,0,0,259
08/19/2018,CMH,OH,AGL,CE,Combined TRACON& Tower with Radar,230,76,46,3,355,0,3,9,0,12,230,79,55,3,367,0,0,0,367
08/20/2018,CMH,OH,AGL,CE,Combined TRACON& Tower with Radar,240,77,47,1,365,0,0,0,2,2,240,77,47,3,367,0,0,0,367
08/21/2018,CMH,OH,AGL,CE,Combined TRACON& Tower with Radar,233,69,70,2,374,0,2,7,3,12,233,71,77,5,386,0,0,0,386
08/22/2018,CMH,OH,AGL,CE,Combined TRACON& Tower with Radar,250,93,71,0,414,0,4,13,6,23,250,97,84,6,437,0,0,0,437
08/23/2018,CMH,OH,AGL,CE,Combined TRACON& Tower with Radar,246,92,81,1,420,0,2,20,2,24,246,94,101,3,444,0,0,0,444
08/24/2018,CMH,OH,AGL,CE,Combined TRACON& Tower with Radar,253,64,32,3,352,0,2,22,0,24,253,66,54,3,376,0,0,0,376
08/25/2018,CMH,OH,AGL,CE,Combined TRACON& Tower with Radar,188,53,23,2,266,0,1,7,0,8,188,54,30,2,274,0,0,0,274
08/26/2018,CMH,OH,AGL,CE,Combined TRACON& Tower with Radar,221,86,31,0,338,0,3,6,2,11,221,89,37,2,349,0,0,0,349
08/27/2018,CMH,OH,AGL,CE,Combined TRACON& Tower with Radar,246,74,63,0,383,0,0,20,1,21,246,74,83,1,404,0,0,0,404
08/28/2018,CMH,OH,AGL,CE,Combined TRACON& Tower with Radar,237,69,69,3,378,0,2,24,0,26,237,71,93,3,404,0,0,0,404
08/29/2018,CMH,OH,AGL,CE,Combined TRACON& Tower with Radar,248,61,54,0,363,0,2,10,0,12,248,63,64,0,375,0,0,0,375
08/30/2018,CMH,OH,AGL,CE,Combined TRACON& Tower with Radar,247,86,68,0,401,0,2,12,2,16,247,88,80,2,417,0,0,0,417
08/31/2018,CMH,OH,AGL,CE,Combined TRACON& Tower with Radar,242,85,36,4,367,0,4,15,2,21,242,89,51,6,388,0,0,0,388
09/01/2018,CMH,OH,AGL,CE,Combined TRACON& Tower with Radar,177,47,20,0,244,0,6,4,0,10,177,53,24,0,254,0,0,0,254
09/02/2018,CMH,OH,AGL,CE,Combined TRACON& Tower with Radar,174,55,20,2,251,0,3,15,1,19,174,58,35,3,270,0,0,0,270
09/03/2018,CMH,OH,AGL,CE,Combined TRACON& Tower with Radar,218,64,39,0,321,0,0,15,0,15,218,64,54,0,336,0,0,0,336
09/04/2018,CMH,OH,AGL,CE,Combined TRACON& Tower with Radar,250,68,64,0,382,0,2,6,1,9,250,70,70,1,391,0,0,0,391
09/05/2018,CMH,OH,AGL,CE,Combined TRACON& Tower with Radar,237,78,57,4,376,0,5,3,3,11,237,83,60,7,387,0,0,0,387
09/06/2018,CMH,OH,AGL,CE,Combined TRACON& Tower with Radar,239,71,49,2,361,0,1,6,0,7,239,72,55,2,368,0,0,0,368
09/07/2018,CMH,OH,AGL,CE,Combined TRACON& Tower with Radar,238,84,47,10,379,0,2,5,0,7,238,86,52,10,386,0,0,0,386
09/08/2018,CMH,OH,AGL,CE,Combined TRACON& Tower with Radar,192,50,27,0,269,0,0,1,0,1,192,50,28,0,270,0,0,0,270
09/09/2018,CMH,OH,AGL,CE,Combined TRACON& Tower with Radar,225,69,26,0,320,0,1,1,0,2,225,70,27,0,322,0,0,0,322
09/10/2018,CMH,OH,AGL,CE,Combined TRACON& Tower with Radar,250,73,69,6,398,0,2,2,2,6,250,75,71,8,404,0,0,0,404
09/11/2018,CMH,OH,AGL,CE,Combined TRACON& Tower with Radar,245,72,73,0,390,0,0,12,0,12,245,72,85,0,402,0,0,0,402
09/12/2018,CMH,OH,AGL,CE,Combined TRACON& Tower with Radar,243,69,82,2,396,0,3,24,0,27,243,72,106,2,423,0,0,0,423
09/13/2018,CMH,OH,AGL,CE,Combined TRACON& Tower with Radar,256,86,88,0,430,0,3,13,0,16,256,89,101,0,446,0,0,0,446
09/14/2018,CMH,OH,AGL,CE,Combined TRACON& Tower with Radar,246,96,69,3,414,0,1,10,0,11,246,97,79,3,425,0,0,0,425
09/15/2018,CMH,OH,AGL,CE,Combined TRACON& Tower with Radar,181,55,31,3,270,0,3,30,2,35,181,58,61,5,305,0,0,0,305
09/16/2018,CMH,OH,AGL,CE,Combined TRACON& Tower with Radar,218,77,32,12,339,0,1,9,2,12,218,78,41,14,351,0,0,0,351
09/17/2018,CMH,OH,AGL,CE,Combined TRACON& Tower with Radar,249,92,40,0,381,0,0,4,0,4,249,92,44,0,385,0,0,0,385
09/18/2018,CMH,OH,AGL,CE,Combined TRACON& Tower with Radar,244,83,76,0,403,0,2,13,4,19,244,85,89,4,422,0,0,0,422
09/19/2018,CMH,OH,AGL,CE,Combined TRACON& Tower with Radar,250,82,62,0,394,0,5,28,1,34,250,87,90,1,428,0,0,0,428
09/20/2018,CMH,OH,AGL,CE,Combined TRACON& Tower with Radar,250,82,72,3,407,0,2,17,3,22,250,84,89,6,429,0,0,0,429
09/21/2018,CMH,OH,AGL,CE,Combined TRACON& Tower with Radar,251,85,48,3,387,0,2,9,7,18,251,87,57,10,405,0,0,0,405
09/22/2018,CMH,OH,AGL,CE,Combined TRACON& Tower with Radar,191,51,29,0,271,0,2,9,3,14,191,53,38,3,285,0,0,0,285
09/23/2018,CMH,OH,AGL,CE,Combined TRACON& Tower with Radar,221,82,44,0,347,0,4,14,0,18,221,86,58,0,365,0,0,0,365
09/24/2018,CMH,OH,AGL,CE,Combined TRACON& Tower with Radar,244,77,59,0,380,0,2,6,0,8,244,79,65,0,388,0,0,0,388
09/25/2018,CMH,OH,AGL,CE,Combined TRACON& Tower with Radar,243,76,59,7,385,0,0,0,0,0,243,76,59,7,385,0,0,0,385
09/26/2018,CMH,OH,AGL,CE,Combined TRACON& Tower with Radar,245,89,54,0,388,0,2,5,0,7,245,91,59,0,395,0,0,0,395
09/27/2018,CMH,OH,AGL,CE,Combined TRACON& Tower with Radar,254,83,68,0,405,0,2,25,0,27,254,85,93,0,432,0,0,0,432
09/28/2018,CMH,OH,AGL,CE,Combined TRACON& Tower with Radar,265,83,72,4,424,0,0,7,0,7,265,83,79,4,431,0,0,0,431
09/29/2018,CMH,OH,AGL,CE,Combined TRACON& Tower with Radar,196,45,23,1,265,0,4,16,0,20,196,49,39,1,285,0,0,0,285
09/30/2018,CMH,OH,AGL,CE,Combined TRACON& Tower with Radar,222,75,47,0,344,0,3,22,0,25,222,78,69,0,369,0,0,0,369
10/01/2018,CMH,OH,AGL,CE,Combined TRACON& Tower with Radar,250,65,45,0,360,0,6,19,0,25,250,71,64,0,385,0,0,0,385
10/02/2018,CMH,OH,AGL,CE,Combined TRACON& Tower with Radar,239,77,76,2,394,0,1,2,0,3,239,78,78,2,397,0,0,0,397
10/03/2018,CMH,OH,AGL,CE,Combined TRACON& Tower with Radar,253,90,82,0,425,0,2,6,0,8,253,92,88,0,433,0,0,0,433
10/04/2018,CMH,OH,AGL,CE,Combined TRACON& Tower with Radar,264,74,87,1,426,0,4,9,4,17,264,78,96,5,443,0,0,0,443
10/05/2018,CMH,OH,AGL,CE,Combined TRACON& Tower with Radar,267,81,59,0,407,0,2,11,2,15,267,83,70,2,422,0,0,0,422
10/06/2018,CMH,OH,AGL,CE,Combined TRACON& Tower with Radar,188,60,39,0,287,0,2,12,1,15,188,62,51,1,302,0,0,0,302
10/07/2018,CMH,OH,AGL,CE,Combined TRACON& Tower with Radar,242,68,42,1,353,0,5,6,1,12,242,73,48,2,365,0,0,0,365
10/08/2018,CMH,OH,AGL,CE,Combined TRACON& Tower with Radar,268,72,56,0,396,0,4,11,1,16,268,76,67,1,412,0,0,0,412
10/09/2018,CMH,OH,AGL,CE,Combined TRACON& Tower with Radar,256,73,68,2,399,0,4,15,2,21,256,77,83,4,420,0,0,0,420
10/10/2018,CMH,OH,AGL,CE,Combined TRACON& Tower with Radar,257,82,74,1,414,0,2,4,0,6,257,84,78,1,420,0,0,0,420
10/11/2018,CMH,OH,AGL,CE,Combined TRACON& Tower with Radar,254,72,87,1,414,0,1,9,8,18,254,73,96,9,432,0,0,0,432
10/12/2018,CMH,OH,AGL,CE,Combined TRACON& Tower with Radar,269,108,52,1,430,0,7,20,1,28,269,115,72,2,458,0,0,0,458
10/13/2018,CMH,OH,AGL,CE,Combined TRACON& Tower with Radar,185,63,60,2,310,0,2,51,8,61,185,65,111,10,371,0,0,0,371
10/14/2018,CMH,OH,AGL,CE,Combined TRACON& Tower with Radar,202,68,29,1,300,0,3,4,0,7,202,71,33,1,307,0,0,0,307
10/15/2018,CMH,OH,AGL,CE,Combined TRACON& Tower with Radar,264,75,53,0,392,0,0,1,2,3,264,75,54,2,395,0,0,0,395
10/16/2018,CMH,OH,AGL,CE,Combined TRACON& Tower with Radar,260,69,55,1,385,0,4,11,7,22,260,73,66,8,407,0,0,0,407
10/17/2018,CMH,OH,AGL,CE,Combined TRACON& Tower with Radar,263,74,64,1,402,0,4,8,4,16,263,78,72,5,418,0,0,0,418
10/18/2018,CMH,OH,AGL,CE,Combined TRACON& Tower with Radar,274,79,71,0,424,0,6,17,2,25,274,85,88,2,449,0,0,0,449
10/19/2018,CMH,OH,AGL,CE,Combined TRACON& Tower with Radar,270,71,61,0,402,0,2,16,0,18,270,73,77,0,420,0,0,0,420
10/20/2018,CMH,OH,AGL,CE,Combined TRACON& Tower with Radar,197,57,25,0,279,0,7,2,2,11,197,64,27,2,290,0,0,0,290
10/21/2018,CMH,OH,AGL,CE,Combined TRACON& Tower with Radar,245,63,40,0,348,0,3,9,1,13,245,66,49,1,361,0,0,0,361
10/22/2018,CMH,OH,AGL,CE,Combined TRACON& Tower with Radar,258,70,67,0,395,0,2,14,6,22,258,72,81,6,417,0,0,0,417
10/23/2018,CMH,OH,AGL,CE,Combined TRACON& Tower with Radar,264,69,65,0,398,0,9,15,1,25,264,78,80,1,423,0,0,0,423
10/24/2018,CMH,OH,AGL,CE,Combined TRACON& Tower with Radar,261,79,63,0,403,0,2,14,0,16,261,81,77,0,419,0,0,0,419
10/25/2018,CMH,OH,AGL,CE,Combined TRACON& Tower with Radar,267,66,73,0,406,0,5,17,0,22,267,71,90,0,428,0,0,0,428
10/26/2018,CMH,OH,AGL,CE,Combined TRACON& Tower with Radar,262,78,44,8,392,0,2,3,0,5,262,80,47,8,397,0,0,0,397
10/27/2018,CMH,OH,AGL,CE,Combined TRACON& Tower with Radar,188,60,13,6,267,0,0,18,0,18,188,60,31,6,285,0,0,0,285
10/28/2018,CMH,OH,AGL,CE,Combined TRACON& Tower with Radar,237,57,40,0,334,0,1,4,2,7,237,58,44,2,341,0,0,0,341
10/29/2018,CMH,OH,AGL,CE,Combined TRACON& Tower with Radar,250,68,48,0,366,0,2,4,6,12,250,70,52,6,378,0,0,0,378
10/30/2018,CMH,OH,AGL,CE,Combined TRACON& Tower with Radar,242,68,62,5,377,0,1,16,3,20,242,69,78,8,397,0,0,0,397
10/31/2018,CMH,OH,AGL,CE,Combined TRACON& Tower with Radar,198,56,41,0,295,0,4,4,2,10,198,60,45,2,305,0,0,0,305
11/01/2018,CMH,OH,AGL,CE,Combined TRACON& Tower with Radar,253,68,81,0,402,0,0,0,0,0,253,68,81,0,402,0,0,0,402
11/02/2018,CMH,OH,AGL,CE,Combined TRACON& Tower with Radar,265,86,76,12,439,0,0,6,4,10,265,86,82,16,449,0,0,0,449
11/03/2018,CMH,OH,AGL,CE,Combined TRACON& Tower with Radar,187,53,52,1,293,0,3,6,4,13,187,56,58,5,306,0,0,0,306
11/04/2018,CMH,OH,AGL,CE,Combined TRACON& Tower with Radar,242,68,48,3,361,0,5,15,0,20,242,73,63,3,381,0,0,0,381
11/05/2018,CMH,OH,AGL,CE,Combined TRACON& Tower with Radar,257,84,49,1,391,0,0,1,2,3,257,84,50,3,394,0,0,0,394
11/06/2018,CMH,OH,AGL,CE,Combined TRACON& Tower with Radar,254,80,51,0,385,0,0,0,0,0,254,80,51,0,385,0,0,0,385
11/07/2018,CMH,OH,AGL,CE,Combined TRACON& Tower with Radar,249,84,82,0,415,0,1,23,0,24,249,85,105,0,439,0,0,0,439
11/08/2018,CMH,OH,AGL,CE,Combined TRACON& Tower with Radar,271,74,55,0,400,0,2,9,2,13,271,76,64,2,413,0,0,0,413
11/09/2018,CMH,OH,AGL,CE,Combined TRACON& Tower with Radar,262,71,68,2,403,0,1,0,0,1,262,72,68,2,404,0,0,0,404
11/10/2018,CMH,OH,AGL,CE,Combined TRACON& Tower with Radar,210,62,23,0,295,0,2,5,2,9,210,64,28,2,304,0,0,0,304
11/11/2018,CMH,OH,AGL,CE,Combined TRACON& Tower with Radar,256,78,38,0,372,0,10,23,0,33,256,88,61,0,405,0,0,0,405
11/12/2018,CMH,OH,AGL,CE,Combined TRACON& Tower with Radar,261,68,61,0,390,0,0,14,2,16,261,68,75,2,406,0,0,0,406
11/13/2018,CMH,OH,AGL,CE,Combined TRACON& Tower with Radar,269,71,92,1,433,0,2,6,0,8,269,73,98,1,441,0,0,0,441
11/14/2018,CMH,OH,AGL,CE,Combined TRACON& Tower with Radar,261,72,74,0,407,0,2,16,3,21,261,74,90,3,428,0,0,0,428
11/15/2018,CMH,OH,AGL,CE,Combined TRACON& Tower with Radar,228,82,53,0,363,0,0,0,0,0,228,82,53,0,363,0,0,0,363
11/16/2018,CMH,OH,AGL,CE,Combined TRACON& Tower with Radar,280,84,64,0,428,0,3,0,2,5,280,87,64,2,433,0,0,0,433
11/17/2018,CMH,OH,AGL,CE,Combined TRACON& Tower with Radar,211,44,25,0,280,0,2,5,0,7,211,46,30,0,287,0,0,0,287
11/18/2018,CMH,OH,AGL,CE,Combined TRACON& Tower with Radar,249,56,37,3,345,0,2,12,4,18,249,58,49,7,363,0,0,0,363
11/19/2018,CMH,OH,AGL,CE,Combined TRACON& Tower with Radar,257,82,39,0,378,0,0,0,0,0,257,82,39,0,378,0,0,0,378
11/20/2018,CMH,OH,AGL,CE,Combined TRACON& Tower with Radar,272,87,53,0,412,0,8,5,2,15,272,95,58,2,427,0,0,0,427
11/21/2018,CMH,OH,AGL,CE,Combined TRACON& Tower with Radar,275,62,36,0,373,0,4,11,0,15,275,66,47,0,388,0,0,0,388
11/22/2018,CMH,OH,AGL,CE,Combined TRACON& Tower with Radar,159,40,12,0,211,0,6,15,2,23,159,46,27,2,234,0,0,0,234
11/23/2018,CMH,OH,AGL,CE,Combined TRACON& Tower with Radar,181,68,27,0,276,0,1,27,2,30,181,69,54,2,306,0,0,0,306
11/24/2018,CMH,OH,AGL,CE,Combined TRACON& Tower with Radar,241,101,75,0,417,0,1,4,0,5,241,102,79,0,422,0,0,0,422
11/25/2018,CMH,OH,AGL,CE,Combined TRACON& Tower with Radar,280,81,58,0,419,0,1,19,0,20,280,82,77,0,439,0,0,0,439
11/26/2018,CMH,OH,AGL,CE,Combined TRACON& Tower with Radar,258,74,41,0,373,0,2,0,2,4,258,76,41,2,377,0,0,0,377
11/27/2018,CMH,OH,AGL,CE,Combined TRACON& Tower with Radar,268,76,70,0,414,0,2,4,6,12,268,78,74,6,426,0,0,0,426
11/28/2018,CMH,OH,AGL,CE,Combined TRACON& Tower with Radar,249,96,85,0,430,0,5,12,0,17,249,101,97,0,447,0,0,0,447
11/29/2018,CMH,OH,AGL,CE,Combined TRACON& Tower with Radar,262,89,74,0,425,0,2,5,2,9,262,91,79,2,434,0,0,0,434
11/30/2018,CMH,OH,AGL,CE,Combined TRACON& Tower with Radar,262,82,43,0,387,0,0,0,0,0,262,82,43,0,387,0,0,0,387
12/01/2018,CMH,OH,AGL,CE,Combined TRACON& Tower with Radar,177,58,20,0,255,0,0,0,0,0,177,58,20,0,255,0,0,0,255
12/02/2018,CMH,OH,AGL,CE,Combined TRACON& Tower with Radar,226,66,31,0,323,0,1,17,0,18,226,67,48,0,341,0,0,0,341
12/03/2018,CMH,OH,AGL,CE,Combined TRACON& Tower with Radar,260,72,47,5,384,0,0,3,6,9,260,72,50,11,393,0,0,0,393
12/04/2018,CMH,OH,AGL,CE,Combined TRACON& Tower with Radar,241,82,50,0,373,0,2,3,0,5,241,84,53,0,378,0,0,0,378
12/05/2018,CMH,OH,AGL,CE,Combined TRACON& Tower with Radar,245,74,59,0,378,0,2,5,0,7,245,76,64,0,385,0,0,0,385
12/06/2018,CMH,OH,AGL,CE,Combined TRACON& Tower with Radar,255,77,73,0,405,0,2,10,0,12,255,79,83,0,417,0,0,0,417
12/07/2018,CMH,OH,AGL,CE,Combined TRACON& Tower with Radar,263,90,45,0,398,0,5,28,2,35,263,95,73,2,433,0,0,0,433
12/08/2018,CMH,OH,AGL,CE,Combined TRACON& Tower with Radar,175,51,16,0,242,0,4,25,2,31,175,55,41,2,273,0,0,0,273
12/09/2018,CMH,OH,AGL,CE,Combined TRACON& Tower with Radar,215,65,24,1,305,0,1,24,2,27,215,66,48,3,332,0,0,0,332
12/10/2018,CMH,OH,AGL,CE,Combined TRACON& Tower with Radar,245,81,45,1,372,0,0,4,0,4,245,81,49,1,376,0,0,0,376
12/11/2018,CMH,OH,AGL,CE,Combined TRACON& Tower with Radar,241,91,74,1,407,0,5,15,2,22,241,96,89,3,429,0,0,0,429
12/12/2018,CMH,OH,AGL,CE,Combined TRACON& Tower with Radar,250,94,54,0,398,0,4,24,1,29,250,98,78,1,427,0,0,0,427
12/13/2018,CMH,OH,AGL,CE,Combined TRACON& Tower with Radar,253,91,71,0,415,0,2,23,0,25,253,93,94,0,440,0,0,0,440
12/14/2018,CMH,OH,AGL,CE,Combined TRACON& Tower with Radar,258,90,76,0,424,0,2,30,1,33,258,92,106,1,457,0,0,0,457
12/15/2018,CMH,OH,AGL,CE,Combined TRACON& Tower with Radar,179,51,17,6,253,0,2,0,0,2,179,53,17,6,255,0,0,0,255
12/16/2018,CMH,OH,AGL,CE,Combined TRACON& Tower with Radar,224,60,24,0,308,0,1,0,0,1,224,61,24,0,309,0,0,0,309
12/17/2018,CMH,OH,AGL,CE,Combined TRACON& Tower with Radar,258,68,49,0,375,0,1,23,2,26,258,69,72,2,401,0,0,0,401
12/18/2018,CMH,OH,AGL,CE,Combined TRACON& Tower with Radar,248,70,59,0,377,0,9,18,0,27,248,79,77,0,404,0,0,0,404
12/19/2018,CMH,OH,AGL,CE,Combined TRACON& Tower with Radar,241,78,55,0,374,0,3,25,4,32,241,81,80,4,406,0,0,0,406
12/20/2018,CMH,OH,AGL,CE,Combined TRACON& Tower with Radar,263,78,60,0,401,0,2,15,1,18,263,80,75,1,419,0,0,0,419
12/21/2018,CMH,OH,AGL,CE,Combined TRACON& Tower with Radar,262,83,30,0,375,0,0,0,0,0,262,83,30,0,375,0,0,0,375
12/22/2018,CMH,OH,AGL,CE,Combined TRACON& Tower with Radar,231,74,22,0,327,0,2,5,0,7,231,76,27,0,334,0,0,0,334
12/23/2018,CMH,OH,AGL,CE,Combined TRACON& Tower with Radar,238,64,17,0,319,0,1,9,2,12,238,65,26,2,331,0,0,0,331
12/24/2018,CMH,OH,AGL,CE,Combined TRACON& Tower with Radar,183,57,1,0,241,0,0,13,1,14,183,57,14,1,255,0,0,0,255
12/25/2018,CMH,OH,AGL,CE,Combined TRACON& Tower with Radar,157,45,2,0,204,0,2,12,2,16,157,47,14,2,220,0,0,0,220
12/26/2018,CMH,OH,AGL,CE,Combined TRACON& Tower with Radar,223,65,20,0,308,0,0,25,0,25,223,65,45,0,333,0,0,0,333
12/27/2018,CMH,OH,AGL,CE,Combined TRACON& Tower with Radar,232,80,20,0,332,0,3,16,1,20,232,83,36,1,352,0,0,0,352
12/28/2018,CMH,OH,AGL,CE,Combined TRACON& Tower with Radar,241,81,14,0,336,0,5,2,0,7,241,86,16,0,343,0,0,0,343
12/29/2018,CMH,OH,AGL,CE,Combined TRACON& Tower with Radar,234,61,13,0,308,0,2,5,0,7,234,63,18,0,315,0,0,0,315
12/30/2018,CMH,OH,AGL,CE,Combined TRACON& Tower with Radar,238,61,23,0,322,0,4,16,2,22,238,65,39,2,344,0,0,0,344
12/31/2018,CMH,OH,AGL,CE,Combined TRACON& Tower with Radar,185,47,6,0,238,0,0,0,2,2,185,47,6,2,240,0,0,0,240
01/01/2019,CMH,OH,AGL,CE,Combined TRACON& Tower with Radar,189,53,9,0,251,0,2,0,0,2,189,55,9,0,253,0,0,0,253
01/02/2019,CMH,OH,AGL,CE,Combined TRACON& Tower with Radar,232,69,23,0,324,0,0,0,0,0,232,69,23,0,324,0,0,0,324
01/03/2019,CMH,OH,AGL,CE,Combined TRACON& Tower with Radar,220,66,30,0,316,0,2,1,0,3,220,68,31,0,319,0,0,0,319
01/04/2019,CMH,OH,AGL,CE,Combined TRACON& Tower with Radar,232,63,33,0,328,0,6,11,1,18,232,69,44,1,346,0,0,0,346
01/05/2019,CMH,OH,AGL,CE,Combined TRACON& Tower with Radar,191,51,18,0,260,0,2,13,0,15,191,53,31,0,275,0,0,0,275
01/06/2019,CMH,OH,AGL,CE,Combined TRACON& Tower with Radar,213,77,29,0,319,0,5,11,0,16,213,82,40,0,335,0,0,0,335
01/07/2019,CMH,OH,AGL,CE,Combined TRACON& Tower with Radar,235,66,37,0,338,0,0,4,0,4,235,66,41,0,342,0,0,0,342
01/08/2019,CMH,OH,AGL,CE,Combined TRACON& Tower with Radar,221,80,55,0,356,0,3,1,2,6,221,83,56,2,362,0,0,0,362
01/09/2019,CMH,OH,AGL,CE,Combined TRACON& Tower with Radar,223,73,32,2,330,0,2,3,2,7,223,75,35,4,337,0,0,0,337
01/10/2019,CMH,OH,AGL,CE,Combined TRACON& Tower with Radar,234,74,46,4,358,0,4,6,5,15,234,78,52,9,373,0,0,0,373
01/11/2019,CMH,OH,AGL,CE,Combined TRACON& Tower with Radar,245,77,37,2,361,0,2,8,5,15,245,79,45,7,376,0,0,0,376
01/12/2019,CMH,OH,AGL,CE,Combined TRACON& Tower with Radar,170,42,14,0,226,0,2,3,0,5,170,44,17,0,231,0,0,0,231
01/13/2019,CMH,OH,AGL,CE,Combined TRACON& Tower with Radar,196,66,18,0,280,0,0,5,1,6,196,66,23,1,286,0,0,0,286
01/14/2019,CMH,OH,AGL,CE,Combined TRACON& Tower with Radar,234,78,31,0,343,0,0,3,5,8,234,78,34,5,351,0,0,0,351
01/15/2019,CMH,OH,AGL,CE,Combined TRACON& Tower with Radar,221,78,60,0,359,0,2,2,0,4,221,80,62,0,363,0,0,0,363
01/16/2019,CMH,OH,AGL,CE,Combined TRACON& Tower with Radar,216,84,54,2,356,0,0,4,0,4,216,84,58,2,360,0,0,0,360
01/17/2019,CMH,OH,AGL,CE,Combined TRACON& Tower with Radar,231,82,57,0,370,0,2,0,0,2,231,84,57,0,372,0,0,0,372
01/18/2019,CMH,OH,AGL,CE,Combined TRACON& Tower with Radar,246,75,65,0,386,0,0,5,0,5,246,75,70,0,391,0,0,0,391
01/19/2019,CMH,OH,AGL,CE,Combined TRACON& Tower with Radar,146,33,6,0,185,0,2,0,0,2,146,35,6,0,187,0,0,0,187
01/20/2019,CMH,OH,AGL,CE,Combined TRACON& Tower with Radar,169,56,22,1,248,0,1,1,3,5,169,57,23,4,253,0,0,0,253
01/21/2019,CMH,OH,AGL,CE,Combined TRACON& Tower with Radar,222,80,45,0,347,0,0,5,0,5,222,80,50,0,352,0,0,0,352
01/22/2019,CMH,OH,AGL,CE,Combined TRACON& Tower with Radar,213,79,59,0,351,0,8,11,0,19,213,87,70,0,370,0,0,0,370
01/23/2019,CMH,OH,AGL,CE,Combined TRACON& Tower with Radar,215,82,33,1,331,0,2,0,0,2,215,84,33,1,333,0,0,0,333
01/24/2019,CMH,OH,AGL,CE,Combined TRACON& Tower with Radar,227,88,66,0,381,0,2,3,4,9,227,90,69,4,390,0,0,0,390
01/25/2019,CMH,OH,AGL,CE,Combined TRACON& Tower with Radar,233,71,37,0,341,0,4,11,4,19,233,75,48,4,360,0,0,0,360
01/26/2019,CMH,OH,AGL,CE,Combined TRACON& Tower with Radar,182,51,18,0,251,0,2,7,6,15,182,53,25,6,266,0,0,0,266
01/27/2019,CMH,OH,AGL,CE,Combined TRACON& Tower with Radar,203,67,21,0,291,0,0,11,0,11,203,67,32,0,302,0,0,0,302
01/28/2019,CMH,OH,AGL,CE,Combined TRACON& Tower with Radar,221,59,31,0,311,0,0,9,0,9,221,59,40,0,320,0,0,0,320
01/29/2019,CMH,OH,AGL,CE,Combined TRACON& Tower with Radar,201,84,33,10,328,0,2,3,0,5,201,86,36,10,333,0,0,0,333
01/30/2019,CMH,OH,AGL,CE,Combined TRACON& Tower with Radar,199,96,48,0,343,0,0,6,0,6,199,96,54,0,349,0,0,0,349
01/31/2019,CMH,OH,AGL,CE,Combined TRACON& Tower with Radar,194,77,53,2,326,0,2,8,0,10,194,79,61,2,336,0,0,0,336
02/01/2019,CMH,OH,AGL,CE,Combined TRACON& Tower with Radar,239,85,51,0,375,0,0,1,0,1,239,85,52,0,376,0,0,0,376
02/02/2019,CMH,OH,AGL,CE,Combined TRACON& Tower with Radar,169,43,19,0,231,0,2,0,0,2,169,45,19,0,233,0,0,0,233
02/03/2019,CMH,OH,AGL,CE,Combined TRACON& Tower with Radar,178,64,22,0,264,0,12,5,0,17,178,76,27,0,281,0,0,0,281
02/04/2019,CMH,OH,AGL,CE,Combined TRACON& Tower with Radar,231,76,55,0,362,0,0,1,0,1,231,76,56,0,363,0,0,0,363
02/05/2019,CMH,OH,AGL,CE,Combined TRACON& Tower with Radar,213,86,63,2,364,0,0,0,0,0,213,86,63,2,364,0,0,0,364
02/06/2019,CMH,OH,AGL,CE,Combined TRACON& Tower with Radar,226,86,52,0,364,0,0,0,0,0,226,86,52,0,364,0,0,0,364
02/07/2019,CMH,OH,AGL,CE,Combined TRACON& Tower with Radar,224,80,64,0,368,0,0,0,0,0,224,80,64,0,368,0,0,0,368
02/08/2019,CMH,OH,AGL,CE,Combined TRACON& Tower with Radar,234,94,48,0,376,0,2,6,0,8,234,96,54,0,384,0,0,0,384
02/09/2019,CMH,OH,AGL,CE,Combined TRACON& Tower with Radar,181,48,22,0,251,0,3,22,0,25,181,51,44,0,276,0,0,0,276
02/10/2019,CMH,OH,AGL,CE,Combined TRACON& Tower with Radar,188,66,31,0,285,0,1,3,0,4,188,67,34,0,289,0,0,0,289
02/11/2019,CMH,OH,AGL,CE,Combined TRACON& Tower with Radar,228,84,63,0,375,0,0,0,0,0,228,84,63,0,375,0,0,0,375
02/12/2019,CMH,OH,AGL,CE,Combined TRACON& Tower with Radar,195,65,47,0,307,0,0,0,0,0,195,65,47,0,307,0,0,0,307
02/13/2019,CMH,OH,AGL,CE,Combined TRACON& Tower with Radar,223,78,57,0,358,0,1,5,0,6,223,79,62,0,364,0,0,0,364
02/14/2019,CMH,OH,AGL,CE,Combined TRACON& Tower with Radar,231,81,55,0,367,0,4,5,4,13,231,85,60,4,380,0,0,0,380
02/15/2019,CMH,OH,AGL,CE,Combined TRACON& Tower with Radar,244,82,36,4,366,0,3,7,0,10,244,85,43,4,376,0,0,0,376
02/16/2019,CMH,OH,AGL,CE,Combined TRACON& Tower with Radar,173,51,8,0,232,0,2,7,0,9,173,53,15,0,241,0,0,0,241
02/17/2019,CMH,OH,AGL,CE,Combined TRACON& Tower with Radar,184,66,31,1,282,0,1,5,0,6,184,67,36,1,288,0,0,0,288
02/18/2019,CMH,OH,AGL,CE,Combined TRACON& Tower with Radar,233,72,54,0,359,0,0,3,0,3,233,72,57,0,362,0,0,0,362
02/19/2019,CMH,OH,AGL,CE,Combined TRACON& Tower with Radar,229,100,57,0,386,0,4,14,0,18,229,104,71,0,404,0,0,0,404
02/20/2019,CMH,OH,AGL,CE,Combined TRACON& Tower with Radar,199,83,36,0,318,0,1,0,0,1,199,84,36,0,319,0,0,0,319
02/21/2019,CMH,OH,AGL,CE,Combined TRACON& Tower with Radar,233,88,64,0,385,0,2,21,0,23,233,90,85,0,408,0,0,0,408
02/22/2019,CMH,OH,AGL,CE,Combined TRACON& Tower with Radar,235,74,45,0,354,0,4,14,0,18,235,78,59,0,372,0,0,0,372
02/23/2019,CMH,OH,AGL,CE,Combined TRACON& Tower with Radar,178,63,22,0,263,0,2,8,2,12,178,65,30,2,275,0,0,0,275
02/24/2019,CMH,OH,AGL,CE,Combined TRACON& Tower with Radar,200,82,20,1,303,0,0,0,0,0,200,82,20,1,303,0,0,0,303
02/25/2019,CMH,OH,AGL,CE,Combined TRACON& Tower with Radar,238,73,43,0,354,0,0,13,0,13,238,73,56,0,367,0,0,0,367
02/26/2019,CMH,OH,AGL,CE,Combined TRACON& Tower with Radar,232,89,58,1,380,0,2,22,2,26,232,91,80,3,406,0,0,0,406
02/27/2019,CMH,OH,AGL,CE,Combined TRACON& Tower with Radar,226,90,51,0,367,0,4,16,0,20,226,94,67,0,387,0,0,0,387
02/28/2019,CMH,OH,AGL,CE,Combined TRACON& Tower with Radar,229,90,71,0,390,0,2,3,2,7,229,92,74,2,397,0,0,0,397
03/01/2019,CMH,OH,AGL,CE,Combined TRACON& Tower with Radar,237,82,44,0,363,0,6,4,0,10,237,88,48,0,373,0,0,0,373
03/02/2019,CMH,OH,AGL,CE,Combined TRACON& Tower with Radar,186,69,23,0,278,0,8,16,0,24,186,77,39,0,302,0,0,0,302
03/03/2019,CMH,OH,AGL,CE,Combined TRACON& Tower with Radar,215,68,29,0,312,0,1,1,1,3,215,69,30,1,315,0,0,0,315
03/04/2019,CMH,OH,AGL,CE,Combined TRACON& Tower with Radar,235,81,41,2,359,0,0,6,1,7,235,81,47,3,366,0,0,0,366
03/05/2019,CMH,OH,AGL,CE,Combined TRACON& Tower with Radar,233,85,54,0,372,0,4,2,0,6,233,89,56,0,378,0,0,0,378
03/06/2019,CMH,OH,AGL,CE,Combined TRACON& Tower with Radar,232,87,72,0,391,0,3,6,0,9,232,90,78,0,400,0,0,0,400
03/07/2019,CMH,OH,AGL,CE,Combined TRACON& Tower with Radar,251,90,65,1,407,0,4,20,0,24,251,94,85,1,431,0,0,0,431
03/08/2019,CMH,OH,AGL,CE,Combined TRACON& Tower with Radar,256,80,53,3,392,0,1,6,0,7,256,81,59,3,399,0,0,0,399
03/09/2019,CMH,OH,AGL,CE,Combined TRACON& Tower with Radar,236,64,13,0,313,0,2,2,2,6,236,66,15,2,319,0,0,0,319
03/10/2019,CMH,OH,AGL,CE,Combined TRACON& Tower with Radar,235,75,17,0,327,0,0,1,0,1,235,75,18,0,328,0,0,0,328
03/11/2019,CMH,OH,AGL,CE,Combined TRACON& Tower with Radar,256,72,44,0,372,0,0,15,0,15,256,72,59,0,387,0,0,0,387
03/12/2019,CMH,OH,AGL,CE,Combined TRACON& Tower with Radar,255,77,79,0,411,0,2,16,2,20,255,79,95,2,431,0,0,0,431
03/13/2019,CMH,OH,AGL,CE,Combined TRACON& Tower with Radar,249,80,69,0,398,0,6,10,0,16,249,86,79,0,414,0,0,0,414
03/14/2019,CMH,OH,AGL,CE,Combined TRACON& Tower with Radar,248,67,50,0,365,0,2,8,0,10,248,69,58,0,375,0,0,0,375
03/15/2019,CMH,OH,AGL,CE,Combined TRACON& Tower with Radar,264,73,45,2,384,0,2,5,0,7,264,75,50,2,391,0,0,0,391
03/16/2019,CMH,OH,AGL,CE,Combined TRACON& Tower with Radar,224,51,44,0,319,0,2,13,2,17,224,53,57,2,336,0,0,0,336
03/17/2019,CMH,OH,AGL,CE,Combined TRACON& Tower with Radar,231,83,24,0,338,0,3,4,0,7,231,86,28,0,345,0,0,0,345
03/18/2019,CMH,OH,AGL,CE,Combined TRACON& Tower with Radar,257,82,41,1,381,0,2,12,1,15,257,84,53,2,396,0,0,0,396
03/19/2019,CMH,OH,AGL,CE,Combined TRACON& Tower with Radar,244,78,54,1,377,0,3,9,0,12,244,81,63,1,389,0,0,0,389
03/20/2019,CMH,OH,AGL,CE,Combined TRACON& Tower with Radar,261,74,61,0,396,0,2,8,0,10,261,76,69,0,406,0,0,0,406
03/21/2019,CMH,OH,AGL,CE,Combined TRACON& Tower with Radar,247,84,64,0,395,0,2,2,0,4,247,86,66,0,399,0,0,0,399
03/22/2019,CMH,OH,AGL,CE,Combined TRACON& Tower with Radar,260,84,61,12,417,0,2,4,0,6,260,86,65,12,423,0,0,0,423
03/23/2019,CMH,OH,AGL,CE,Combined TRACON& Tower with Radar,229,65,32,1,327,0,6,10,4,20,229,71,42,5,347,0,0,0,347
03/24/2019,CMH,OH,AGL,CE,Combined TRACON& Tower with Radar,236,69,42,0,347,0,3,12,2,17,236,72,54,2,364,0,0,0,364
03/25/2019,CMH,OH,AGL,CE,Combined TRACON& Tower with Radar,261,62,31,0,354,0,0,4,2,6,261,62,35,2,360,0,0,0,360
03/26/2019,CMH,OH,AGL,CE,Combined TRACON& Tower with Radar,254,72,33,0,359,0,4,14,6,24,254,76,47,6,383,0,0,0,383
03/27/2019,CMH,OH,AGL,CE,Combined TRACON& Tower with Radar,254,67,51,0,372,0,4,29,0,33,254,71,80,0,405,0,0,0,405
03/28/2019,CMH,OH,AGL,CE,Combined TRACON& Tower with Radar,258,59,62,0,379,0,1,13,0,14,258,60,75,0,393,0,0,0,393
03/29/2019,CMH,OH,AGL,CE,Combined TRACON& Tower with Radar,259,73,42,0,374,0,2,1,0,3,259,75,43,0,377,0,0,0,377
03/30/2019,CMH,OH,AGL,CE,Combined TRACON& Tower with Radar,231,64,20,0,315,0,1,2,2,5,231,65,22,2,320,0,0,0,320
03/31/2019,CMH,OH,AGL,CE,Combined TRACON& Tower with Radar,233,90,35,0,358,0,0,11,0,11,233,90,46,0,369,0,0,0,369
04/01/2019,CMH,OH,AGL,CE,Combined TRACON& Tower with Radar,257,81,51,0,389,0,0,33,0,33,257,81,84,0,422,0,0,0,422
04/02/2019,CMH,OH,AGL,CE,Combined TRACON& Tower with Radar,266,72,66,0,404,0,3,18,2,23,266,75,84,2,427,0,0,0,427
04/03/2019,CMH,OH,AGL,CE,Combined TRACON& Tower with Radar,260,72,55,1,388,0,3,13,2,18,260,75,68,3,406,0,0,0,406
04/04/2019,CMH,OH,AGL,CE,Combined TRACON& Tower with Radar,261,75,75,0,411,0,2,8,0,10,261,77,83,0,421,0,0,0,421
04/05/2019,CMH,OH,AGL,CE,Combined TRACON& Tower with Radar,267,66,46,0,379,0,3,9,0,12,267,69,55,0,391,0,0,0,391
04/06/2019,CMH,OH,AGL,CE,Combined TRACON& Tower with Radar,219,46,21,0,286,0,4,17,0,21,219,50,38,0,307,0,0,0,307
04/07/2019,CMH,OH,AGL,CE,Combined TRACON& Tower with Radar,241,70,32,0,343,0,3,7,0,10,241,73,39,0,353,0,0,0,353
04/08/2019,CMH,OH,AGL,CE,Combined TRACON& Tower with Radar,264,68,55,0,387,0,0,3,1,4,264,68,58,1,391,0,0,0,391
04/09/2019,CMH,OH,AGL,CE,Combined TRACON& Tower with Radar,254,75,67,2,398,0,3,20,0,23,254,78,87,2,421,0,0,0,421
04/10/2019,CMH,OH,AGL,CE,Combined TRACON& Tower with Radar,254,68,65,0,387,0,4,24,0,28,254,72,89,0,415,0,0,0,415
04/11/2019,CMH,OH,AGL,CE,Combined TRACON& Tower with Radar,245,66,52,0,363,0,3,7,0,10,245,69,59,0,373,0,0,0,373
04/12/2019,CMH,OH,AGL,CE,Combined TRACON& Tower with Radar,265,70,45,2,382,0,3,7,0,10,265,73,52,2,392,0,0,0,392
04/13/2019,CMH,OH,AGL,CE,Combined TRACON& Tower with Radar,193,47,22,2,264,0,2,18,0,20,193,49,40,2,284,0,0,0,284
04/14/2019,CMH,OH,AGL,CE,Combined TRACON& Tower with Radar,213,62,13,0,288,0,5,0,0,5,213,67,13,0,293,0,0,0,293
04/15/2019,CMH,OH,AGL,CE,Combined TRACON& Tower with Radar,262,80,53,0,395,0,2,7,0,9,262,82,60,0,404,0,0,0,404
04/16/2019,CMH,OH,AGL,CE,Combined TRACON& Tower with Radar,255,77,75,0,407,0,1,16,5,22,255,78,91,5,429,0,0,0,429
04/17/2019,CMH,OH,AGL,CE,Combined TRACON& Tower with Radar,259,78,71,3,411,0,8,21,1,30,259,86,92,4,441,0,0,0,441
04/18/2019,CMH,OH,AGL,CE,Combined TRACON& Tower with Radar,255,82,73,0,410,0,1,7,0,8,255,83,80,0,418,0,0,0,418
04/19/2019,CMH,OH,AGL,CE,Combined TRACON& Tower with Radar,245,61,37,0,343,0,0,0,0,0,245,61,37,0,343,0,0,0,343
04/20/2019,CMH,OH,AGL,CE,Combined TRACON& Tower with Radar,201,53,23,0,277,0,0,1,0,1,201,53,24,0,278,0,0,0,278
04/21/2019,CMH,OH,AGL,CE,Combined TRACON& Tower with Radar,219,73,11,0,303,0,1,1,0,2,219,74,12,0,305,0,0,0,305
04/22/2019,CMH,OH,AGL,CE,Combined TRACON& Tower with Radar,262,79,63,0,404,0,2,18,2,22,262,81,81,2,426,0,0,0,426
04/23/2019,CMH,OH,AGL,CE,Combined TRACON& Tower with Radar,258,85,71,0,414,0,1,7,0,8,258,86,78,0,422,0,0,0,422
04/24/2019,CMH,OH,AGL,CE,Combined TRACON& Tower with Radar,253,89,70,0,412,0,2,11,0,13,253,91,81,0,425,0,0,0,425
04/25/2019,CMH,OH,AGL,CE,Combined TRACON& Tower with Radar,258,69,77,2,406,0,2,1,2,5,258,71,78,4,411,0,0,0,411
04/26/2019,CMH,OH,AGL,CE,Combined TRACON& Tower with Radar,254,64,45,0,363,0,0,0,0,0,254,64,45,0,363,0,0,0,363
04/27/2019,CMH,OH,AGL,CE,Combined TRACON& Tower with Radar,193,47,26,0,266,0,3,2,2,7,193,50,28,2,273,0,0,0,273
04/28/2019,CMH,OH,AGL,CE,Combined TRACON& Tower with Radar,236,71,26,0,333,0,1,1,0,2,236,72,27,0,335,0,0,0,335
04/29/2019,CMH,OH,AGL,CE,Combined TRACON& Tower with Radar,262,82,42,0,386,0,0,2,2,4,262,82,44,2,390,0,0,0,390
04/30/2019,CMH,OH,AGL,CE,Combined TRACON& Tower with Radar,256,86,59,0,401,0,2,1,4,7,256,88,60,4,408,0,0,0,408
05/01/2019,CMH,OH,AGL,CE,Combined TRACON& Tower with Radar,250,64,61,0,375,0,4,4,0,8,250,68,65,0,383,0,0,0,383
05/02/2019,CMH,OH,AGL,CE,Combined TRACON& Tower with Radar,251,89,71,0,411,0,0,4,2,6,251,89,75,2,417,0,0,0,417
05/03/2019,CMH,OH,AGL,CE,Combined TRACON& Tower with Radar,270,67,59,0,396,0,0,2,2,4,270,67,61,2,400,0,0,0,400
05/04/2019,CMH,OH,AGL,CE,Combined TRACON& Tower with Radar,210,70,18,5,303,0,0,0,0,0,210,70,18,5,303,0,0,0,303
05/05/2019,CMH,OH,AGL,CE,Combined TRACON& Tower with Radar,250,65,32,0,347,0,0,5,0,5,250,65,37,0,352,0,0,0,352
05/06/2019,CMH,OH,AGL,CE,Combined TRACON& Tower with Radar,272,73,51,1,397,0,0,15,8,23,272,73,66,9,420,0,0,0,420
05/07/2019,CMH,OH,AGL,CE,Combined TRACON& Tower with Radar,260,70,53,0,383,0,0,13,5,18,260,70,66,5,401,0,0,0,401
05/08/2019,CMH,OH,AGL,CE,Combined TRACON& Tower with Radar,259,58,82,0,399,0,4,16,0,20,259,62,98,0,419,0,0,0,419
05/09/2019,CMH,OH,AGL,CE,Combined TRACON& Tower with Radar,266,75,77,0,418,0,2,4,0,6,266,77,81,0,424,0,0,0,424
05/10/2019,CMH,OH,AGL,CE,Combined TRACON& Tower with Radar,275,60,41,0,376,0,0,6,8,14,275,60,47,8,390,0,0,0,390
05/11/2019,CMH,OH,AGL,CE,Combined TRACON& Tower with Radar,200,57,38,0,295,0,3,5,2,10,200,60,43,2,305,0,0,0,305
05/12/2019,CMH,OH,AGL,CE,Combined TRACON& Tower with Radar,241,50,18,0,309,0,0,0,0,0,241,50,18,0,309,0,0,0,309
05/13/2019,CMH,OH,AGL,CE,Combined TRACON& Tower with Radar,269,74,64,2,409,0,0,0,0,0,269,74,64,2,409,0,0,0,409
05/14/2019,CMH,OH,AGL,CE,Combined TRACON& Tower with Radar,266,61,85,3,415,0,1,10,0,11,266,62,95,3,426,0,0,0,426
05/15/2019,CMH,OH,AGL,CE,Combined TRACON& Tower with Radar,266,64,66,3,399,0,3,10,2,15,266,67,76,5,414,0,0,0,414
05/16/2019,CMH,OH,AGL,CE,Combined TRACON& Tower with Radar,263,76,59,2,400,0,0,13,3,16,263,76,72,5,416,0,0,0,416
05/17/2019,CMH,OH,AGL,CE,Combined TRACON& Tower with Radar,268,59,72,0,399,0,0,11,5,16,268,59,83,5,415,0,0,0,415
05/18/2019,CMH,OH,AGL,CE,Combined TRACON& Tower with Radar,205,59,22,0,286,0,2,10,5,17,205,61,32,5,303,0,0,0,303
05/19/2019,CMH,OH,AGL,CE,Combined TRACON& Tower with Radar,214,47,26,0,287,0,0,1,1,2,214,47,27,1,289,0,0,0,289
05/20/2019,CMH,OH,AGL,CE,Combined TRACON& Tower with Radar,268,67,70,6,411,0,0,4,0,4,268,67,74,6,415,0,0,0,415
05/21/2019,CMH,OH,AGL,CE,Combined TRACON& Tower with Radar,268,75,69,0,412,0,1,3,0,4,268,76,72,0,416,0,0,0,416
05/22/2019,CMH,OH,AGL,CE,Combined TRACON& Tower with Radar,155,47,42,0,244,0,1,4,0,5,155,48,46,0,249,0,0,0,249
05/23/2019,CMH,OH,AGL,CE,Combined TRACON& Tower with Radar,221,55,75,2,353,0,0,11,7,18,221,55,86,9,371,0,0,0,371
05/24/2019,CMH,OH,AGL,CE,Combined TRACON& Tower with Radar,276,59,39,0,374,0,2,12,1,15,276,61,51,1,389,0,0,0,389
05/25/2019,CMH,OH,AGL,CE,Combined TRACON& Tower with Radar,201,46,19,0,266,0,2,6,0,8,201,48,25,0,274,0,0,0,274
05/26/2019,CMH,OH,AGL,CE,Combined TRACON& Tower with Radar,195,47,18,0,260,1,1,7,0,9,196,48,25,0,269,0,0,0,269
05/27/2019,CMH,OH,AGL,CE,Combined TRACON& Tower with Radar,238,61,27,0,326,0,4,7,5,16,238,65,34,5,342,0,0,0,342
05/28/2019,CMH,OH,AGL,CE,Combined TRACON& Tower with Radar,266,76,64,0,406,0,0,5,0,5,266,76,69,0,411,0,0,0,411
05/29/2019,CMH,OH,AGL,CE,Combined TRACON& Tower with Radar,258,60,48,1,367,0,1,5,0,6,258,61,53,1,373,0,0,0,373
05/30/2019,CMH,OH,AGL,CE,Combined TRACON& Tower with Radar,265,59,59,0,383,0,4,3,0,7,265,63,62,0,390,0,0,0,390
05/31/2019,CMH,OH,AGL,CE,Combined TRACON& Tower with Radar,269,65,60,0,394,0,1,4,1,6,269,66,64,1,400,0,0,0,400
06/01/2019,CMH,OH,AGL,CE,Combined TRACON& Tower with Radar,211,45,36,0,292,0,1,1,0,2,211,46,37,0,294,0,0,0,294
06/02/2019,CMH,OH,AGL,CE,Combined TRACON& Tower with Radar,243,51,31,0,325,0,2,3,4,9,243,53,34,4,334,0,0,0,334
06/03/2019,CMH,OH,AGL,CE,Combined TRACON& Tower with Radar,269,75,60,0,404,0,2,12,2,16,269,77,72,2,420,0,0,0,420
06/04/2019,CMH,OH,AGL,CE,Combined TRACON& Tower with Radar,264,79,62,0,405,0,2,11,2,15,264,81,73,2,420,0,0,0,420
06/05/2019,CMH,OH,AGL,CE,Combined TRACON& Tower with Radar,263,72,62,0,397,0,1,1,0,2,263,73,63,0,399,0,0,0,399
06/06/2019,CMH,OH,AGL,CE,Combined TRACON& Tower with Radar,272,82,85,4,443,0,4,2,0,6,272,86,87,4,449,0,0,0,449
06/07/2019,CMH,OH,AGL,CE,Combined TRACON& Tower with Radar,264,72,61,0,397,0,1,18,5,24,264,73,79,5,421,0,0,0,421
06/08/2019,CMH,OH,AGL,CE,Combined TRACON& Tower with Radar,212,45,13,1,271,0,4,21,6,31,212,49,34,7,302,0,0,0,302
06/09/2019,CMH,OH,AGL,CE,Combined TRACON& Tower with Radar,241,57,38,2,338,0,3,4,2,9,241,60,42,4,347,0,0,0,347
06/10/2019,CMH,OH,AGL,CE,Combined TRACON& Tower with Radar,265,59,53,2,379,0,0,0,0,0,265,59,53,2,379,0,0,0,379
06/11/2019,CMH,OH,AGL,CE,Combined TRACON& Tower with Radar,276,80,67,0,423,0,1,15,0,16,276,81,82,0,439,0,0,0,439
06/12/2019,CMH,OH,AGL,CE,Combined TRACON& Tower with Radar,269,87,56,2,414,0,1,6,2,9,269,88,62,4,423,0,0,0,423
06/13/2019,CMH,OH,AGL,CE,Combined TRACON& Tower with Radar,264,66,48,6,384,0,2,1,6,9,264,68,49,12,393,0,0,0,393
06/14/2019,CMH,OH,AGL,CE,Combined TRACON& Tower with Radar,285,63,38,2,388,0,2,5,0,7,285,65,43,2,395,0,0,0,395
06/15/2019,CMH,OH,AGL,CE,Combined TRACON& Tower with Radar,232,47,10,0,289,0,0,6,4,10,232,47,16,4,299,0,0,0,299
06/16/2019,CMH,OH,AGL,CE,Combined TRACON& Tower with Radar,242,52,22,0,316,0,0,3,0,3,242,52,25,0,319,0,0,0,319
06/17/2019,CMH,OH,AGL,CE,Combined TRACON& Tower with Radar,278,69,37,2,386,0,0,0,0,0,278,69,37,2,386,0,0,0,386
06/18/2019,CMH,OH,AGL,CE,Combined TRACON& Tower with Radar,263,68,59,1,391,0,2,3,4,9,263,70,62,5,400,0,0,0,400
06/19/2019,CMH,OH,AGL,CE,Combined TRACON& Tower with Radar,267,90,46,0,403,0,0,4,0,4,267,90,50,0,407,0,0,0,407
06/20/2019,CMH,OH,AGL,CE,Combined TRACON& Tower with Radar,262,72,52,0,386,0,0,3,0,3,262,72,55,0,389,0,0,0,389
06/21/2019,CMH,OH,AGL,CE,Combined TRACON& Tower with Radar,279,71,38,3,391,0,1,12,1,14,279,72,50,4,405,0,0,0,405
06/22/2019,CMH,OH,AGL,CE,Combined TRACON& Tower with Radar,225,44,10,1,280,0,1,5,2,8,225,45,15,3,288,0,0,0,288
06/23/2019,CMH,OH,AGL,CE,Combined TRACON& Tower with Radar,232,51,33,0,316,0,7,16,0,23,232,58,49,0,339,0,0,0,339
06/24/2019,CMH,OH,AGL,CE,Combined TRACON& Tower with Radar,275,62,45,1,383,0,2,2,2,6,275,64,47,3,389,0,0,0,389
06/25/2019,CMH,OH,AGL,CE,Combined TRACON& Tower with Radar,280,72,58,0,410,0,3,7,0,10,280,75,65,0,420,0,0,0,420
06/26/2019,CMH,OH,AGL,CE,Combined TRACON& Tower with Radar,270,79,61,2,412,0,2,16,2,20,270,81,77,4,432,0,0,0,432
06/27/2019,CMH,OH,AGL,CE,Combined TRACON& Tower with Radar,267,68,78,0,413,0,0,10,2,12,267,68,88,2,425,0,0,0,425
06/28/2019,CMH,OH,AGL,CE,Combined TRACON& Tower with Radar,279,69,46,0,394,0,2,12,3,17,279,71,58,3,411,0,0,0,411
06/29/2019,CMH,OH,AGL,CE,Combined TRACON& Tower with Radar,236,47,17,0,300,0,2,9,5,16,236,49,26,5,316,0,0,0,316
06/30/2019,CMH,OH,AGL,CE,Combined TRACON& Tower with Radar,230,59,22,0,311,0,1,12,1,14,230,60,34,1,325,0,0,0,325
07/01/2019,CMH,OH,AGL,CE,Combined TRACON& Tower with Radar,254,60,29,0,343,0,1,3,2,6,254,61,32,2,349,0,0,0,349
07/02/2019,CMH,OH,AGL,CE,Combined TRACON& Tower with Radar,229,81,39,0,349,0,2,5,1,8,229,83,44,1,357,0,0,0,357
07/03/2019,CMH,OH,AGL,CE,Combined TRACON& Tower with Radar,246,60,26,1,333,0,1,4,3,8,246,61,30,4,341,0,0,0,341
07/04/2019,CMH,OH,AGL,CE,Combined TRACON& Tower with Radar,202,43,7,2,254,0,0,2,0,2,202,43,9,2,256,0,0,0,256
07/05/2019,CMH,OH,AGL,CE,Combined TRACON& Tower with Radar,198,49,21,0,268,1,0,3,4,8,199,49,24,4,276,0,0,0,276
07/06/2019,CMH,OH,AGL,CE,Combined TRACON& Tower with Radar,215,42,20,0,277,0,1,3,0,4,215,43,23,0,281,0,0,0,281
07/07/2019,CMH,OH,AGL,CE,Combined TRACON& Tower with Radar,249,64,34,2,349,0,3,2,2,7,249,67,36,4,356,0,0,0,356
07/08/2019,CMH,OH,AGL,CE,Combined TRACON& Tower with Radar,275,62,46,3,386,0,0,19,0,19,275,62,65,3,405,0,0,0,405
07/09/2019,CMH,OH,AGL,CE,Combined TRACON& Tower with Radar,282,70,55,0,407,0,1,13,0,14,282,71,68,0,421,0,0,0,421
07/10/2019,CMH,OH,AGL,CE,Combined TRACON& Tower with Radar,272,72,63,0,407,0,4,16,2,22,272,76,79,2,429,0,0,0,429
07/11/2019,CMH,OH,AGL,CE,Combined TRACON& Tower with Radar,248,64,61,1,374,0,3,8,2,13,248,67,69,3,387,0,0,0,387
07/12/2019,CMH,OH,AGL,CE,Combined TRACON& Tower with Radar,275,60,51,4,390,0,1,6,0,7,275,61,57,4,397,0,0,0,397
07/13/2019,CMH,OH,AGL,CE,Combined TRACON& Tower with Radar,234,55,35,0,324,0,3,26,4,33,234,58,61,4,357,0,0,0,357
07/14/2019,CMH,OH,AGL,CE,Combined TRACON& Tower with Radar,248,55,34,1,338,0,1,8,4,13,248,56,42,5,351,0,0,0,351
07/15/2019,CMH,OH,AGL,CE,Combined TRACON& Tower with Radar,271,72,43,1,387,0,2,10,0,12,271,74,53,1,399,0,0,0,399
07/16/2019,CMH,OH,AGL,CE,Combined TRACON& Tower with Radar,276,74,52,1,403,0,2,6,1,9,276,76,58,2,412,0,0,0,412
07/17/2019,CMH,OH,AGL,CE,Combined TRACON& Tower with Radar,260,64,68,0,392,0,1,1,0,2,260,65,69,0,394,0,0,0,394
07/18/2019,CMH,OH,AGL,CE,Combined TRACON& Tower with Radar,261,66,68,0,395,0,0,17,2,19,261,66,85,2,414,0,0,0,414
07/19/2019,CMH,OH,AGL,CE,Combined TRACON& Tower with Radar,287,63,41,1,392,0,2,6,2,10,287,65,47,3,402,0,0,0,402
07/20/2019,CMH,OH,AGL,CE,Combined TRACON& Tower with Radar,237,61,22,0,320,0,1,7,0,8,237,62,29,0,328,0,0,0,328
07/21/2019,CMH,OH,AGL,CE,Combined TRACON& Tower with Radar,237,69,37,0,343,0,7,5,2,14,237,76,42,2,357,0,0,0,357
07/22/2019,CMH,OH,AGL,CE,Combined TRACON& Tower with Radar,272,69,54,0,395,0,0,2,1,3,272,69,56,1,398,0,0,0,398
07/23/2019,CMH,OH,AGL,CE,Combined TRACON& Tower with Radar,270,76,70,0,416,0,4,9,0,13,270,80,79,0,429,0,0,0,429
07/24/2019,CMH,OH,AGL,CE,Combined TRACON& Tower with Radar,283,78,45,0,406,0,4,11,4,19,283,82,56,4,425,0,0,0,425
07/25/2019,CMH,OH,AGL,CE,Combined TRACON& Tower with Radar,275,89,62,0,426,0,2,26,6,34,275,91,88,6,460,0,0,0,460
07/26/2019,CMH,OH,AGL,CE,Combined TRACON& Tower with Radar,276,68,49,0,393,0,2,10,0,12,276,70,59,0,405,0,0,0,405
07/27/2019,CMH,OH,AGL,CE,Combined TRACON& Tower with Radar,231,53,23,0,307,0,3,8,0,11,231,56,31,0,318,0,0,0,318
07/28/2019,CMH,OH,AGL,CE,Combined TRACON& Tower with Radar,249,58,22,0,329,0,1,11,0,12,249,59,33,0,341,0,0,0,341
07/29/2019,CMH,OH,AGL,CE,Combined TRACON& Tower with Radar,271,78,30,0,379,0,0,4,2,6,271,78,34,2,385,0,0,0,385
07/30/2019,CMH,OH,AGL,CE,Combined TRACON& Tower with Radar,277,65,54,1,397,0,3,6,3,12,277,68,60,4,409,0,0,0,409
07/31/2019,CMH,OH,AGL,CE,Combined TRACON& Tower with Radar,257,67,60,0,384,0,1,2,2,5,257,68,62,2,389,0,0,0,389
08/01/2019,CMH,OH,AGL,CE,Combined TRACON& Tower with Radar,277,69,45,0,391,0,3,48,0,51,277,72,93,0,442,0,0,0,442
08/02/2019,CMH,OH,AGL,CE,Combined TRACON& Tower with Radar,275,67,50,0,392,0,5,15,2,22,275,72,65,2,414,0,0,0,414
08/03/2019,CMH,OH,AGL,CE,Combined TRACON& Tower with Radar,235,57,26,0,318,0,1,7,0,8,235,58,33,0,326,0,0,0,326
08/04/2019,CMH,OH,AGL,CE,Combined TRACON& Tower with Radar,240,61,28,0,329,0,1,27,6,34,240,62,55,6,363,0,0,0,363
08/05/2019,CMH,OH,AGL,CE,Combined TRACON& Tower with Radar,271,70,54,0,395,0,0,11,0,11,271,70,65,0,406,0,0,0,406
08/06/2019,CMH,OH,AGL,CE,Combined TRACON& Tower with Radar,284,64,70,0,418,0,1,8,2,11,284,65,78,2,429,0,0,0,429
08/07/2019,CMH,OH,AGL,CE,Combined TRACON& Tower with Radar,256,66,71,0,393,0,2,11,0,13,256,68,82,0,406,0,0,0,406
08/08/2019,CMH,OH,AGL,CE,Combined TRACON& Tower with Radar,275,69,70,1,415,0,2,8,0,10,275,71,78,1,425,0,0,0,425
08/09/2019,CMH,OH,AGL,CE,Combined TRACON& Tower with Radar,277,60,56,3,396,0,3,8,6,17,277,63,64,9,413,0,0,0,413
08/10/2019,CMH,OH,AGL,CE,Combined TRACON& Tower with Radar,212,55,31,0,298,0,1,11,0,12,212,56,42,0,310,0,0,0,310
08/11/2019,CMH,OH,AGL,CE,Combined TRACON& Tower with Radar,249,50,27,1,327,0,3,13,0,16,249,53,40,1,343,0,0,0,343
08/12/2019,CMH,OH,AGL,CE,Combined TRACON& Tower with Radar,275,74,38,0,387,0,2,6,0,8,275,76,44,0,395,0,0,0,395
08/13/2019,CMH,OH,AGL,CE,Combined TRACON& Tower with Radar,266,61,57,0,384,0,0,0,3,3,266,61,57,3,387,0,0,0,387
08/14/2019,CMH,OH,AGL,CE,Combined TRACON& Tower with Radar,263,78,65,0,406,0,1,14,0,15,263,79,79,0,421,0,0,0,421
08/15/2019,CMH,OH,AGL,CE,Combined TRACON& Tower with Radar,273,61,69,0,403,0,3,11,4,18,273,64,80,4,421,0,0,0,421
08/16/2019,CMH,OH,AGL,CE,Combined TRACON& Tower with Radar,278,75,56,0,409,0,4,4,0,8,278,79,60,0,417,0,0,0,417
08/17/2019,CMH,OH,AGL,CE,Combined TRACON& Tower with Radar,200,45,18,0,263,0,1,10,0,11,200,46,28,0,274,0,0,0,274
08/18/2019,CMH,OH,AGL,CE,Combined TRACON& Tower with Radar,217,56,33,0,306,0,0,23,1,24,217,56,56,1,330,0,0,0,330
08/19/2019,CMH,OH,AGL,CE,Combined TRACON& Tower with Radar,260,65,53,0,378,0,0,9,2,11,260,65,62,2,389,0,0,0,389
08/20/2019,CMH,OH,AGL,CE,Combined TRACON& Tower with Radar,251,62,70,0,383,0,5,14,5,24,251,67,84,5,407,0,0,0,407
08/21/2019,CMH,OH,AGL,CE,Combined TRACON& Tower with Radar,256,86,63,2,407,0,1,4,0,5,256,87,67,2,412,0,0,0,412
08/22/2019,CMH,OH,AGL,CE,Combined TRACON& Tower with Radar,257,73,72,0,402,0,2,2,1,5,257,75,74,1,407,0,0,0,407
08/23/2019,CMH,OH,AGL,CE,Combined TRACON& Tower with Radar,276,61,52,0,389,0,5,11,0,16,276,66,63,0,405,0,0,0,405
08/24/2019,CMH,OH,AGL,CE,Combined TRACON& Tower with Radar,197,45,14,0,256,0,4,4,0,8,197,49,18,0,264,0,0,0,264
08/25/2019,CMH,OH,AGL,CE,Combined TRACON& Tower with Radar,240,54,29,0,323,0,1,12,1,14,240,55,41,1,337,0,0,0,337
08/26/2019,CMH,OH,AGL,CE,Combined TRACON& Tower with Radar,268,68,48,0,384,0,0,0,0,0,268,68,48,0,384,0,0,0,384
08/27/2019,CMH,OH,AGL,CE,Combined TRACON& Tower with Radar,264,87,52,0,403,0,0,0,0,0,264,87,52,0,403,0,0,0,403
08/28/2019,CMH,OH,AGL,CE,Combined TRACON& Tower with Radar,258,74,68,2,402,0,2,14,0,16,258,76,82,2,418,0,0,0,418
08/29/2019,CMH,OH,AGL,CE,Combined TRACON& Tower with Radar,273,83,81,0,437,0,7,15,0,22,273,90,96,0,459,0,0,0,459
08/30/2019,CMH,OH,AGL,CE,Combined TRACON& Tower with Radar,268,70,54,0,392,0,3,7,2,12,268,73,61,2,404,0,0,0,404
08/31/2019,CMH,OH,AGL,CE,Combined TRACON& Tower with Radar,179,47,16,0,242,0,6,6,2,14,179,53,22,2,256,0,0,0,256
09/01/2019,CMH,OH,AGL,CE,Combined TRACON& Tower with Radar,179,53,6,0,238,0,1,3,2,6,179,54,9,2,244,0,0,0,244
09/02/2019,CMH,OH,AGL,CE,Combined TRACON& Tower with Radar,240,51,25,2,318,0,0,1,0,1,240,51,26,2,319,0,0,0,319
09/03/2019,CMH,OH,AGL,CE,Combined TRACON& Tower with Radar,251,66,61,0,378,0,0,7,6,13,251,66,68,6,391,0,0,0,391
09/04/2019,CMH,OH,AGL,CE,Combined TRACON& Tower with Radar,258,68,46,3,375,0,4,15,7,26,258,72,61,10,401,0,0,0,401
09/05/2019,CMH,OH,AGL,CE,Combined TRACON& Tower with Radar,261,72,49,2,384,0,1,11,3,15,261,73,60,5,399,0,0,0,399
09/06/2019,CMH,OH,AGL,CE,Combined TRACON& Tower with Radar,262,68,41,6,377,0,4,7,0,11,262,72,48,6,388,0,0,0,388
09/07/2019,CMH,OH,AGL,CE,Combined TRACON& Tower with Radar,205,49,23,4,281,0,3,3,2,8,205,52,26,6,289,0,0,0,289
09/08/2019,CMH,OH,AGL,CE,Combined TRACON& Tower with Radar,246,65,52,3,366,0,3,11,0,14,246,68,63,3,380,0,0,0,380
09/09/2019,CMH,OH,AGL,CE,Combined TRACON& Tower with Radar,276,67,47,0,390,0,3,8,0,11,276,70,55,0,401,0,0,0,401
09/10/2019,CMH,OH,AGL,CE,Combined TRACON& Tower with Radar,259,65,50,0,374,0,2,15,1,18,259,67,65,1,392,0,0,0,392
09/11/2019,CMH,OH,AGL,CE,Combined TRACON& Tower with Radar,266,74,67,0,407,0,4,18,0,22,266,78,85,0,429,0,0,0,429
09/12/2019,CMH,OH,AGL,CE,Combined TRACON& Tower with Radar,269,61,64,2,396,0,1,15,2,18,269,62,79,4,414,0,0,0,414
09/13/2019,CMH,OH,AGL,CE,Combined TRACON& Tower with Radar,271,71,55,1,398,0,0,10,4,14,271,71,65,5,412,0,0,0,412
09/14/2019,CMH,OH,AGL,CE,Combined TRACON& Tower with Radar,207,45,57,4,313,0,3,93,2,98,207,48,150,6,411,0,0,0,411
09/15/2019,CMH,OH,AGL,CE,Combined TRACON& Tower with Radar,247,51,25,1,324,0,2,7,0,9,247,53,32,1,333,0,0,0,333
09/16/2019,CMH,OH,AGL,CE,Combined TRACON& Tower with Radar,272,71,52,1,396,0,0,15,2,17,272,71,67,3,413,0,0,0,413
09/17/2019,CMH,OH,AGL,CE,Combined TRACON& Tower with Radar,263,76,72,0,411,0,4,7,0,11,263,80,79,0,422,0,0,0,422
09/18/2019,CMH,OH,AGL,CE,Combined TRACON& Tower with Radar,272,81,53,2,408,0,7,13,2,22,272,88,66,4,430,0,0,0,430
09/19/2019,CMH,OH,AGL,CE,Combined TRACON& Tower with Radar,267,87,74,0,428,0,1,9,3,13,267,88,83,3,441,0,0,0,441
09/20/2019,CMH,OH,AGL,CE,Combined TRACON& Tower with Radar,270,68,49,0,387,0,2,12,2,16,270,70,61,2,403,0,0,0,403
09/21/2019,CMH,OH,AGL,CE,Combined TRACON& Tower with Radar,206,46,31,1,284,0,2,4,0,6,206,48,35,1,290,0,0,0,290
09/22/2019,CMH,OH,AGL,CE,Combined TRACON& Tower with Radar,256,60,37,1,354,0,3,5,1,9,256,63,42,2,363,0,0,0,363
09/23/2019,CMH,OH,AGL,CE,Combined TRACON& Tower with Radar,276,60,49,5,390,0,0,2,2,4,276,60,51,7,394,0,0,0,394
09/24/2019,CMH,OH,AGL,CE,Combined TRACON& Tower with Radar,259,61,77,3,400,0,2,7,1,10,259,63,84,4,410,0,0,0,410
09/25/2019,CMH,OH,AGL,CE,Combined TRACON& Tower with Radar,265,83,70,0,418,0,2,6,0,8,265,85,76,0,426,0,0,0,426
09/26/2019,CMH,OH,AGL,CE,Combined TRACON& Tower with Radar,268,85,60,0,413,0,1,13,2,16,268,86,73,2,429,0,0,0,429
09/27/2019,CMH,OH,AGL,CE,Combined TRACON& Tower with Radar,257,77,59,0,393,0,2,7,0,9,257,79,66,0,402,0,0,0,402
09/28/2019,CMH,OH,AGL,CE,Combined TRACON& Tower with Radar,205,50,25,0,280,0,1,6,0,7,205,51,31,0,287,0,0,0,287
09/29/2019,CMH,OH,AGL,CE,Combined TRACON& Tower with Radar,248,64,45,0,357,0,0,1,0,1,248,64,46,0,358,0,0,0,358
09/30/2019,CMH,OH,AGL,CE,Combined TRACON& Tower with Radar,278,65,43,0,386,0,0,7,0,7,278,65,50,0,393,0,0,0,393
10/01/2019,CMH,OH,AGL,CE,Combined TRACON& Tower with Radar,259,63,57,0,379,0,3,13,0,16,259,66,70,0,395,0,0,0,395
10/02/2019,CMH,OH,AGL,CE,Combined TRACON& Tower with Radar,271,81,71,0,423,0,3,9,0,12,271,84,80,0,435,0,0,0,435
10/03/2019,CMH,OH,AGL,CE,Combined TRACON& Tower with Radar,276,88,73,0,437,0,0,8,0,8,276,88,81,0,445,0,0,0,445
10/04/2019,CMH,OH,AGL,CE,Combined TRACON& Tower with Radar,287,82,48,7,424,0,2,15,6,23,287,84,63,13,447,0,0,0,447
10/05/2019,CMH,OH,AGL,CE,Combined TRACON& Tower with Radar,205,52,38,0,295,0,4,4,1,9,205,56,42,1,304,0,0,0,304
10/06/2019,CMH,OH,AGL,CE,Combined TRACON& Tower with Radar,259,76,41,0,376,0,1,3,1,5,259,77,44,1,381,0,0,0,381
10/07/2019,CMH,OH,AGL,CE,Combined TRACON& Tower with Radar,287,63,50,0,400,0,1,6,2,9,287,64,56,2,409,0,0,0,409
10/08/2019,CMH,OH,AGL,CE,Combined TRACON& Tower with Radar,273,79,63,0,415,0,3,14,0,17,273,82,77,0,432,0,0,0,432
10/09/2019,CMH,OH,AGL,CE,Combined TRACON& Tower with Radar,276,68,66,0,410,0,4,34,0,38,276,72,100,0,448,0,0,0,448
10/10/2019,CMH,OH,AGL,CE,Combined TRACON& Tower with Radar,281,77,67,0,425,0,2,19,0,21,281,79,86,0,446,0,0,0,446
10/11/2019,CMH,OH,AGL,CE,Combined TRACON& Tower with Radar,284,67,45,0,396,0,2,12,2,16,284,69,57,2,412,0,0,0,412
10/12/2019,CMH,OH,AGL,CE,Combined TRACON& Tower with Radar,208,64,26,0,298,0,2,6,6,14,208,66,32,6,312,0,0,0,312
10/13/2019,CMH,OH,AGL,CE,Combined TRACON& Tower with Radar,266,68,42,0,376,0,1,11,3,15,266,69,53,3,391,0,0,0,391
10/14/2019,CMH,OH,AGL,CE,Combined TRACON& Tower with Radar,289,65,52,0,406,0,0,12,0,12,289,65,64,0,418,0,0,0,418
10/15/2019,CMH,OH,AGL,CE,Combined TRACON& Tower with Radar,273,76,60,0,409,0,4,9,0,13,273,80,69,0,422,0,0,0,422
10/16/2019,CMH,OH,AGL,CE,Combined TRACON& Tower with Radar,273,75,49,0,397,0,2,0,0,2,273,77,49,0,399,0,0,0,399
10/17/2019,CMH,OH,AGL,CE,Combined TRACON& Tower with Radar,274,68,87,4,433,0,5,6,1,12,274,73,93,5,445,0,0,0,445
10/18/2019,CMH,OH,AGL,CE,Combined TRACON& Tower with Radar,290,78,69,0,437,0,4,15,0,19,290,82,84,0,456,0,0,0,456
10/19/2019,CMH,OH,AGL,CE,Combined TRACON& Tower with Radar,218,43,15,0,276,0,4,6,4,14,218,47,21,4,290,0,0,0,290
10/20/2019,CMH,OH,AGL,CE,Combined TRACON& Tower with Radar,255,48,32,0,335,0,1,9,0,10,255,49,41,0,345,0,0,0,345
10/21/2019,CMH,OH,AGL,CE,Combined TRACON& Tower with Radar,281,72,62,0,415,0,0,2,0,2,281,72,64,0,417,0,0,0,417
10/22/2019,CMH,OH,AGL,CE,Combined TRACON& Tower with Radar,276,69,58,0,403,0,2,2,0,4,276,71,60,0,407,0,0,0,407
10/23/2019,CMH,OH,AGL,CE,Combined TRACON& Tower with Radar,278,72,62,0,412,0,3,20,2,25,278,75,82,2,437,0,0,0,437
10/24/2019,CMH,OH,AGL,CE,Combined TRACON& Tower with Radar,275,68,74,0,417,0,6,18,0,24,275,74,92,0,441,0,0,0,441
10/25/2019,CMH,OH,AGL,CE,Combined TRACON& Tower with Radar,287,74,49,0,410,0,2,10,0,12,287,76,59,0,422,0,0,0,422
10/26/2019,CMH,OH,AGL,CE,Combined TRACON& Tower with Radar,206,67,29,0,302,0,2,1,0,3,206,69,30,0,305,0,0,0,305
10/27/2019,CMH,OH,AGL,CE,Combined TRACON& Tower with Radar,266,52,32,0,350,0,4,4,0,8,266,56,36,0,358,0,0,0,358
10/28/2019,CMH,OH,AGL,CE,Combined TRACON& Tower with Radar,293,51,65,0,409,0,0,13,2,15,293,51,78,2,424,0,0,0,424
10/29/2019,CMH,OH,AGL,CE,Combined TRACON& Tower with Radar,267,52,77,0,396,0,5,4,0,9,267,57,81,0,405,0,0,0,405
10/30/2019,CMH,OH,AGL,CE,Combined TRACON& Tower with Radar,269,57,62,0,388,0,1,0,0,1,269,58,62,0,389,0,0,0,389
10/31/2019,CMH,OH,AGL,CE,Combined TRACON& Tower with Radar,236,53,44,0,333,0,0,0,0,0,236,53,44,0,333,0,0,0,333
11/01/2019,CMH,OH,AGL,CE,Combined TRACON& Tower with Radar,280,68,53,1,402,0,2,11,4,17,280,70,64,5,419,0,0,0,419
11/02/2019,CMH,OH,AGL,CE,Combined TRACON& Tower with Radar,194,46,17,2,259,0,2,16,0,18,194,48,33,2,277,0,0,0,277
11/03/2019,CMH,OH,AGL,CE,Combined TRACON& Tower with Radar,264,40,30,1,335,0,3,11,0,14,264,43,41,1,349,0,0,0,349
11/04/2019,CMH,OH,AGL,CE,Combined TRACON& Tower with Radar,298,47,58,0,403,0,0,10,3,13,298,47,68,3,416,0,0,0,416
11/05/2019,CMH,OH,AGL,CE,Combined TRACON& Tower with Radar,278,66,73,0,417,0,2,6,0,8,278,68,79,0,425,0,0,0,425
11/06/2019,CMH,OH,AGL,CE,Combined TRACON& Tower with Radar,276,62,64,0,402,0,6,24,0,30,276,68,88,0,432,0,0,0,432
11/07/2019,CMH,OH,AGL,CE,Combined TRACON& Tower with Radar,296,65,63,0,424,0,2,0,0,2,296,67,63,0,426,0,0,0,426
11/08/2019,CMH,OH,AGL,CE,Combined TRACON& Tower with Radar,296,65,64,7,432,0,4,15,3,22,296,69,79,10,454,0,0,0,454
11/09/2019,CMH,OH,AGL,CE,Combined TRACON& Tower with Radar,208,50,26,2,286,0,3,7,3,13,208,53,33,5,299,0,0,0,299
11/10/2019,CMH,OH,AGL,CE,Combined TRACON& Tower with Radar,266,53,32,2,353,0,1,3,0,4,266,54,35,2,357,0,0,0,357
11/11/2019,CMH,OH,AGL,CE,Combined TRACON& Tower with Radar,277,48,38,0,363,0,2,0,0,2,277,50,38,0,365,0,0,0,365
11/12/2019,CMH,OH,AGL,CE,Combined TRACON& Tower with Radar,286,71,63,0,420,0,0,2,0,2,286,71,65,0,422,0,0,0,422
11/13/2019,CMH,OH,AGL,CE,Combined TRACON& Tower with Radar,296,58,57,0,411,0,2,4,0,6,296,60,61,0,417,0,0,0,417
11/14/2019,CMH,OH,AGL,CE,Combined TRACON& Tower with Radar,304,67,71,8,450,0,4,2,5,11,304,71,73,13,461,0,0,0,461
11/15/2019,CMH,OH,AGL,CE,Combined TRACON& Tower with Radar,303,54,48,0,405,0,4,5,0,9,303,58,53,0,414,0,0,0,414
11/16/2019,CMH,OH,AGL,CE,Combined TRACON& Tower with Radar,203,40,11,0,254,0,1,10,0,11,203,41,21,0,265,0,0,0,265
11/17/2019,CMH,OH,AGL,CE,Combined TRACON& Tower with Radar,268,45,31,5,349,0,2,15,2,19,268,47,46,7,368,0,0,0,368
11/18/2019,CMH,OH,AGL,CE,Combined TRACON& Tower with Radar,301,54,39,2,396,0,0,11,4,15,301,54,50,6,411,0,0,0,411
11/19/2019,CMH,OH,AGL,CE,Combined TRACON& Tower with Radar,290,85,42,0,417,0,0,1,0,1,290,85,43,0,418,0,0,0,418
11/20/2019,CMH,OH,AGL,CE,Combined TRACON& Tower with Radar,291,76,57,0,424,0,4,15,2,21,291,80,72,2,445,0,0,0,445
11/21/2019,CMH,OH,AGL,CE,Combined TRACON& Tower with Radar,290,63,79,0,432,0,2,9,2,13,290,65,88,2,445,0,0,0,445
11/22/2019,CMH,OH,AGL,CE,Combined TRACON& Tower with Radar,298,94,50,2,444,0,0,4,0,4,298,94,54,2,448,0,0,0,448
11/23/2019,CMH,OH,AGL,CE,Combined TRACON& Tower with Radar,228,54,28,0,310,0,3,9,0,12,228,57,37,0,322,0,0,0,322
11/24/2019,CMH,OH,AGL,CE,Combined TRACON& Tower with Radar,263,56,26,0,345,0,0,3,2,5,263,56,29,2,350,0,0,0,350
11/25/2019,CMH,OH,AGL,CE,Combined TRACON& Tower with Radar,272,58,47,0,377,0,2,21,1,24,272,60,68,1,401,0,0,0,401
11/26/2019,CMH,OH,AGL,CE,Combined TRACON& Tower with Radar,297,70,61,3,431,0,2,18,0,20,297,72,79,3,451,0,0,0,451
11/27/2019,CMH,OH,AGL,CE,Combined TRACON& Tower with Radar,294,56,20,0,370,0,1,0,0,1,294,57,20,0,371,0,0,0,371
11/28/2019,CMH,OH,AGL,CE,Combined TRACON& Tower with Radar,162,29,8,0,199,0,2,0,0,2,162,31,8,0,201,0,0,0,201
11/29/2019,CMH,OH,AGL,CE,Combined TRACON& Tower with Radar,189,34,20,0,243,0,0,3,0,3,189,34,23,0,246,0,0,0,246
11/30/2019,CMH,OH,AGL,CE,Combined TRACON& Tower with Radar,266,48,17,0,331,0,2,0,0,2,266,50,17,0,333,0,0,0,333
12/01/2019,CMH,OH,AGL,CE,Combined TRACON& Tower with Radar,276,54,54,0,384,0,0,15,1,16,276,54,69,1,400,0,0,0,400
12/02/2019,CMH,OH,AGL,CE,Combined TRACON& Tower with Radar,291,66,45,0,402,0,0,0,0,0,291,66,45,0,402,0,0,0,402
12/03/2019,CMH,OH,AGL,CE,Combined TRACON& Tower with Radar,288,87,80,0,455,0,2,0,0,2,288,89,80,0,457,0,0,0,457
12/04/2019,CMH,OH,AGL,CE,Combined TRACON& Tower with Radar,275,69,80,0,424,0,2,1,0,3,275,71,81,0,427,0,0,0,427
12/05/2019,CMH,OH,AGL,CE,Combined TRACON& Tower with Radar,294,65,83,1,443,0,4,30,1,35,294,69,113,2,478,0,0,0,478
12/06/2019,CMH,OH,AGL,CE,Combined TRACON& Tower with Radar,286,63,46,0,395,0,1,2,0,3,286,64,48,0,398,0,0,0,398
12/07/2019,CMH,OH,AGL,CE,Combined TRACON& Tower with Radar,185,47,28,0,260,0,8,29,2,39,185,55,57,2,299,0,0,0,299
12/08/2019,CMH,OH,AGL,CE,Combined TRACON& Tower with Radar,251,50,27,0,328,0,0,17,0,17,251,50,44,0,345,0,0,0,345
12/09/2019,CMH,OH,AGL,CE,Combined TRACON& Tower with Radar,275,61,39,0,375,0,0,0,0,0,275,61,39,0,375,0,0,0,375
12/10/2019,CMH,OH,AGL,CE,Combined TRACON& Tower with Radar,270,59,42,0,371,0,2,2,2,6,270,61,44,2,377,0,0,0,377
12/11/2019,CMH,OH,AGL,CE,Combined TRACON& Tower with Radar,267,83,74,0,424,0,4,20,2,26,267,87,94,2,450,0,0,0,450
12/12/2019,CMH,OH,AGL,CE,Combined TRACON& Tower with Radar,289,80,52,2,423,0,2,29,0,31,289,82,81,2,454,0,0,0,454
12/13/2019,CMH,OH,AGL,CE,Combined TRACON& Tower with Radar,279,67,51,0,397,0,2,9,0,11,279,69,60,0,408,0,0,0,408
12/14/2019,CMH,OH,AGL,CE,Combined TRACON& Tower with Radar,195,57,28,0,280,0,0,0,0,0,195,57,28,0,280,0,0,0,280
12/15/2019,CMH,OH,AGL,CE,Combined TRACON& Tower with Radar,248,47,26,2,323,0,2,3,0,5,248,49,29,2,328,0,0,0,328
12/16/2019,CMH,OH,AGL,CE,Combined TRACON& Tower with Radar,279,61,39,2,381,0,0,2,0,2,279,61,41,2,383,0,0,0,383
12/17/2019,CMH,OH,AGL,CE,Combined TRACON& Tower with Radar,255,71,56,2,384,0,0,2,2,4,255,71,58,4,388,0,0,0,388
12/18/2019,CMH,OH,AGL,CE,Combined TRACON& Tower with Radar,270,74,59,2,405,0,2,11,0,13,270,76,70,2,418,0,0,0,418
12/19/2019,CMH,OH,AGL,CE,Combined TRACON& Tower with Radar,273,82,58,0,413,0,4,7,2,13,273,86,65,2,426,0,0,0,426
12/20/2019,CMH,OH,AGL,CE,Combined TRACON& Tower with Radar,263,69,49,2,383,0,4,9,2,15,263,73,58,4,398,0,0,0,398
12/21/2019,CMH,OH,AGL,CE,Combined TRACON& Tower with Radar,228,68,20,0,316,0,1,13,2,16,228,69,33,2,332,0,0,0,332
12/22/2019,CMH,OH,AGL,CE,Combined TRACON& Tower with Radar,244,73,31,0,348,0,3,21,0,24,244,76,52,0,372,0,0,0,372
12/23/2019,CMH,OH,AGL,CE,Combined TRACON& Tower with Radar,248,78,23,0,349,0,0,13,0,13,248,78,36,0,362,0,0,0,362
12/24/2019,CMH,OH,AGL,CE,Combined TRACON& Tower with Radar,184,63,8,0,255,0,0,4,1,5,184,63,12,1,260,0,0,0,260
12/25/2019,CMH,OH,AGL,CE,Combined TRACON& Tower with Radar,171,55,6,0,232,0,0,15,0,15,171,55,21,0,247,0,0,0,247
12/26/2019,CMH,OH,AGL,CE,Combined TRACON& Tower with Radar,254,73,35,0,362,0,0,13,2,15,254,73,48,2,377,0,0,0,377
12/27/2019,CMH,OH,AGL,CE,Combined TRACON& Tower with Radar,254,78,21,0,353,0,2,3,0,5,254,80,24,0,358,0,0,0,358
12/28/2019,CMH,OH,AGL,CE,Combined TRACON& Tower with Radar,223,75,18,0,316,0,0,0,0,0,223,75,18,0,316,0,0,0,316
12/29/2019,CMH,OH,AGL,CE,Combined TRACON& Tower with Radar,237,67,19,0,323,0,0,0,0,0,237,67,19,0,323,0,0,0,323
12/30/2019,CMH,OH,AGL,CE,Combined TRACON& Tower with Radar,247,79,10,0,336,0,0,0,0,0,247,79,10,0,336,0,0,0,336
12/31/2019,CMH,OH,AGL,CE,Combined TRACON& Tower with Radar,189,72,6,0,267,0,2,0,0,2,189,74,6,0,269,0,0,0,269
01/01/2020,CMH,OH,AGL,CE,Combined TRACON& Tower with Radar,175,56,17,0,248,0,2,7,0,9,175,58,24,0,257,0,0,0,257
01/02/2020,CMH,OH,AGL,CE,Combined TRACON& Tower with Radar,246,63,30,0,339,0,1,4,0,5,246,64,34,0,344,0,0,0,344
01/03/2020,CMH,OH,AGL,CE,Combined TRACON& Tower with Radar,248,76,13,0,337,0,0,0,0,0,248,76,13,0,337,0,0,0,337
01/04/2020,CMH,OH,AGL,CE,Combined TRACON& Tower with Radar,193,66,12,0,271,0,0,0,0,0,193,66,12,0,271,0,0,0,271
01/05/2020,CMH,OH,AGL,CE,Combined TRACON& Tower with Radar,240,62,37,0,339,0,1,4,0,5,240,63,41,0,344,0,0,0,344
01/06/2020,CMH,OH,AGL,CE,Combined TRACON& Tower with Radar,246,75,26,0,347,0,1,19,0,20,246,76,45,0,367,0,0,0,367
01/07/2020,CMH,OH,AGL,CE,Combined TRACON& Tower with Radar,238,62,46,0,346,0,6,29,2,37,238,68,75,2,383,0,0,0,383
01/08/2020,CMH,OH,AGL,CE,Combined TRACON& Tower with Radar,227,74,39,4,344,0,4,2,2,8,227,78,41,6,352,0,0,0,352
01/09/2020,CMH,OH,AGL,CE,Combined TRACON& Tower with Radar,244,71,44,0,359,0,3,19,1,23,244,74,63,1,382,0,0,0,382
01/10/2020,CMH,OH,AGL,CE,Combined TRACON& Tower with Radar,239,68,34,5,346,0,2,2,2,6,239,70,36,7,352,0,0,0,352
01/11/2020,CMH,OH,AGL,CE,Combined TRACON& Tower with Radar,164,41,8,0,213,0,1,0,0,1,164,42,8,0,214,0,0,0,214
01/12/2020,CMH,OH,AGL,CE,Combined TRACON& Tower with Radar,226,77,27,2,332,0,0,10,0,10,226,77,37,2,342,0,0,0,342
01/13/2020,CMH,OH,AGL,CE,Combined TRACON& Tower with Radar,234,65,30,0,329,0,2,9,0,11,234,67,39,0,340,0,0,0,340
01/14/2020,CMH,OH,AGL,CE,Combined TRACON& Tower with Radar,232,69,55,0,356,0,1,0,0,1,232,70,55,0,357,0,0,0,357
01/15/2020,CMH,OH,AGL,CE,Combined TRACON& Tower with Radar,233,74,46,0,353,0,1,0,0,1,233,75,46,0,354,0,0,0,354
01/16/2020,CMH,OH,AGL,CE,Combined TRACON& Tower with Radar,239,55,72,0,366,0,0,3,0,3,239,55,75,0,369,0,0,0,369
01/17/2020,CMH,OH,AGL,CE,Combined TRACON& Tower with Radar,232,59,47,0,338,0,1,6,0,7,232,60,53,0,345,0,0,0,345
01/18/2020,CMH,OH,AGL,CE,Combined TRACON& Tower with Radar,176,51,14,0,241,0,1,0,0,1,176,52,14,0,242,0,0,0,242
01/19/2020,CMH,OH,AGL,CE,Combined TRACON& Tower with Radar,205,55,16,0,276,0,1,1,0,2,205,56,17,0,278,0,0,0,278
01/20/2020,CMH,OH,AGL,CE,Combined TRACON& Tower with Radar,242,54,30,0,326,0,5,5,0,10,242,59,35,0,336,0,0,0,336
01/21/2020,CMH,OH,AGL,CE,Combined TRACON& Tower with Radar,226,78,69,0,373,0,6,15,0,21,226,84,84,0,394,0,0,0,394
01/22/2020,CMH,OH,AGL,CE,Combined TRACON& Tower with Radar,230,76,53,1,360,0,2,7,0,9,230,78,60,1,369,0,0,0,369
01/23/2020,CMH,OH,AGL,CE,Combined TRACON& Tower with Radar,239,81,50,0,370,0,1,10,0,11,239,82,60,0,381,0,0,0,381
01/24/2020,CMH,OH,AGL,CE,Combined TRACON& Tower with Radar,246,77,30,0,353,0,2,0,0,2,246,79,30,0,355,0,0,0,355
01/25/2020,CMH,OH,AGL,CE,Combined TRACON& Tower with Radar,178,49,18,0,245,0,1,1,0,2,178,50,19,0,247,0,0,0,247
01/26/2020,CMH,OH,AGL,CE,Combined TRACON& Tower with Radar,224,71,11,0,306,0,0,0,0,0,224,71,11,0,306,0,0,0,306
01/27/2020,CMH,OH,AGL,CE,Combined TRACON& Tower with Radar,237,65,32,0,334,0,0,5,0,5,237,65,37,0,339,0,0,0,339
01/28/2020,CMH,OH,AGL,CE,Combined TRACON& Tower with Radar,230,74,55,2,361,0,1,0,0,1,230,75,55,2,362,0,0,0,362
01/29/2020,CMH,OH,AGL,CE,Combined TRACON& Tower with Radar,227,89,54,1,371,0,2,2,0,4,227,91,56,1,375,0,0,0,375
01/30/2020,CMH,OH,AGL,CE,Combined TRACON& Tower with Radar,242,74,58,4,378,0,2,2,0,4,242,76,60,4,382,0,0,0,382
01/31/2020,CMH,OH,AGL,CE,Combined TRACON& Tower with Radar,233,84,41,2,360,0,2,2,0,4,233,86,43,2,364,0,0,0,364
02/01/2020,CMH,OH,AGL,CE,Combined TRACON& Tower with Radar,175,58,5,0,238,0,0,0,0,0,175,58,5,0,238,0,0,0,238
02/02/2020,CMH,OH,AGL,CE,Combined TRACON& Tower with Radar,212,57,18,0,287,0,2,3,2,7,212,59,21,2,294,0,0,0,294
02/03/2020,CMH,OH,AGL,CE,Combined TRACON& Tower with Radar,237,56,36,0,329,0,2,8,0,10,237,58,44,0,339,0,0,0,339
02/04/2020,CMH,OH,AGL,CE,Combined TRACON& Tower with Radar,227,86,56,0,369,0,2,1,0,3,227,88,57,0,372,0,0,0,372
02/05/2020,CMH,OH,AGL,CE,Combined TRACON& Tower with Radar,231,69,48,0,348,0,2,1,0,3,231,71,49,0,351,0,0,0,351
02/06/2020,CMH,OH,AGL,CE,Combined TRACON& Tower with Radar,227,77,56,0,360,0,0,0,0,0,227,77,56,0,360,0,0,0,360
02/07/2020,CMH,OH,AGL,CE,Combined TRACON& Tower with Radar,242,87,40,0,369,0,0,1,1,2,242,87,41,1,371,0,0,0,371
02/08/2020,CMH,OH,AGL,CE,Combined TRACON& Tower with Radar,190,61,13,0,264,0,2,0,0,2,190,63,13,0,266,0,0,0,266
02/09/2020,CMH,OH,AGL,CE,Combined TRACON& Tower with Radar,214,61,26,0,301,0,0,3,1,4,214,61,29,1,305,0,0,0,305
02/10/2020,CMH,OH,AGL,CE,Combined TRACON& Tower with Radar,235,80,48,0,363,0,0,0,0,0,235,80,48,0,363,0,0,0,363
02/11/2020,CMH,OH,AGL,CE,Combined TRACON& Tower with Radar,232,76,51,0,359,0,4,6,0,10,232,80,57,0,369,0,0,0,369
02/12/2020,CMH,OH,AGL,CE,Combined TRACON& Tower with Radar,221,75,44,0,340,0,2,6,0,8,221,77,50,0,348,0,0,0,348
02/13/2020,CMH,OH,AGL,CE,Combined TRACON& Tower with Radar,237,93,52,1,383,0,0,0,4,4,237,93,52,5,387,0,0,0,387
02/14/2020,CMH,OH,AGL,CE,Combined TRACON& Tower with Radar,251,76,37,1,365,0,2,4,1,7,251,78,41,2,372,0,0,0,372
02/15/2020,CMH,OH,AGL,CE,Combined TRACON& Tower with Radar,175,50,10,0,235,0,1,5,0,6,175,51,15,0,241,0,0,0,241
02/16/2020,CMH,OH,AGL,CE,Combined TRACON& Tower with Radar,207,62,36,0,305,0,2,12,1,15,207,64,48,1,320,0,0,0,320
02/17/2020,CMH,OH,AGL,CE,Combined TRACON& Tower with Radar,240,70,55,0,365,0,0,6,2,8,240,70,61,2,373,0,0,0,373
02/18/2020,CMH,OH,AGL,CE,Combined TRACON& Tower with Radar,240,69,49,0,358,0,1,0,0,1,240,70,49,0,359,0,0,0,359
02/19/2020,CMH,OH,AGL,CE,Combined TRACON& Tower with Radar,243,83,63,0,389,0,2,11,0,13,243,85,74,0,402,0,0,0,402
02/20/2020,CMH,OH,AGL,CE,Combined TRACON& Tower with Radar,243,84,51,0,378,0,2,12,0,14,243,86,63,0,392,0,0,0,392
02/21/2020,CMH,OH,AGL,CE,Combined TRACON& Tower with Radar,247,75,57,1,380,0,5,6,3,14,247,80,63,4,394,0,0,0,394
02/22/2020,CMH,OH,AGL,CE,Combined TRACON& Tower with Radar,169,50,19,2,240,0,2,3,0,5,169,52,22,2,245,0,0,0,245
02/23/2020,CMH,OH,AGL,CE,Combined TRACON& Tower with Radar,228,59,31,1,319,0,0,8,0,8,228,59,39,1,327,0,0,0,327
02/24/2020,CMH,OH,AGL,CE,Combined TRACON& Tower with Radar,244,57,40,0,341,0,0,2,0,2,244,57,42,0,343,0,0,0,343
02/25/2020,CMH,OH,AGL,CE,Combined TRACON& Tower with Radar,234,85,67,0,386,0,0,0,0,0,234,85,67,0,386,0,0,0,386
02/26/2020,CMH,OH,AGL,CE,Combined TRACON& Tower with Radar,237,89,63,0,389,0,0,0,0,0,237,89,63,0,389,0,0,0,389
02/27/2020,CMH,OH,AGL,CE,Combined TRACON& Tower with Radar,247,90,75,0,412,0,0,1,0,1,247,90,76,0,413,0,0,0,413
02/28/2020,CMH,OH,AGL,CE,Combined TRACON& Tower with Radar,246,90,49,0,385,0,3,4,0,7,246,93,53,0,392,0,0,0,392
02/29/2020,CMH,OH,AGL,CE,Combined TRACON& Tower with Radar,175,60,11,0,246,0,3,12,1,16,175,63,23,1,262,0,0,0,262
03/01/2020,CMH,OH,AGL,CE,Combined TRACON& Tower with Radar,232,63,38,0,333,0,2,7,0,9,232,65,45,0,342,0,0,0,342
03/02/2020,CMH,OH,AGL,CE,Combined TRACON& Tower with Radar,245,67,34,0,346,0,0,0,0,0,245,67,34,0,346,0,0,0,346
03/03/2020,CMH,OH,AGL,CE,Combined TRACON& Tower with Radar,240,78,49,0,367,0,0,3,0,3,240,78,52,0,370,0,0,0,370
03/04/2020,CMH,OH,AGL,CE,Combined TRACON& Tower with Radar,242,101,45,0,388,0,0,7,0,7,242,101,52,0,395,0,0,0,395
03/05/2020,CMH,OH,AGL,CE,Combined TRACON& Tower with Radar,245,64,72,0,381,0,2,12,0,14,245,66,84,0,395,0,0,0,395
03/06/2020,CMH,OH,AGL,CE,Combined TRACON& Tower with Radar,241,61,59,6,367,0,1,0,0,1,241,62,59,6,368,0,0,0,368
03/07/2020,CMH,OH,AGL,CE,Combined TRACON& Tower with Radar,213,57,27,0,297,0,2,15,0,17,213,59,42,0,314,0,0,0,314
03/08/2020,CMH,OH,AGL,CE,Combined TRACON& Tower with Radar,233,61,32,0,326,0,2,6,0,8,233,63,38,0,334,0,0,0,334
03/09/2020,CMH,OH,AGL,CE,Combined TRACON& Tower with Radar,255,67,27,0,349,0,2,12,1,15,255,69,39,1,364,0,0,0,364
03/10/2020,CMH,OH,AGL,CE,Combined TRACON& Tower with Radar,247,77,44,1,369,0,2,0,3,5,247,79,44,4,374,0,0,0,374
03/11/2020,CMH,OH,AGL,CE,Combined TRACON& Tower with Radar,244,88,46,1,379,0,0,0,0,0,244,88,46,1,379,0,0,0,379
03/12/2020,CMH,OH,AGL,CE,Combined TRACON& Tower with Radar,254,69,44,2,369,0,1,5,0,6,254,70,49,2,375,0,0,0,375
03/13/2020,CMH,OH,AGL,CE,Combined TRACON& Tower with Radar,247,80,38,0,365,0,3,2,1,6,247,83,40,1,371,0,0,0,371
03/14/2020,CMH,OH,AGL,CE,Combined TRACON& Tower with Radar,230,50,14,0,294,0,1,4,0,5,230,51,18,0,299,0,0,0,299
03/15/2020,CMH,OH,AGL,CE,Combined TRACON& Tower with Radar,244,62,21,1,328,0,1,2,0,3,244,63,23,1,331,0,0,0,331
03/16/2020,CMH,OH,AGL,CE,Combined TRACON& Tower with Radar,248,79,26,0,353,0,3,0,0,3,248,82,26,0,356,0,0,0,356
03/17/2020,CMH,OH,AGL,CE,Combined TRACON& Tower with Radar,243,64,20,0,327,0,1,2,0,3,243,65,22,0,330,0,0,0,330
03/18/2020,CMH,OH,AGL,CE,Combined TRACON& Tower with Radar,235,76,15,0,326,0,2,0,0,2,235,78,15,0,328,0,0,0,328
03/19/2020,CMH,OH,AGL,CE,Combined TRACON& Tower with Radar,221,71,16,0,308,0,0,0,0,0,221,71,16,0,308,0,0,0,308
03/20/2020,CMH,OH,AGL,CE,Combined TRACON& Tower with Radar,212,59,13,0,284,0,1,0,0,1,212,60,13,0,285,0,0,0,285
03/21/2020,CMH,OH,AGL,CE,Combined TRACON& Tower with Radar,193,37,20,0,250,0,1,4,0,5,193,38,24,0,255,0,0,0,255
03/22/2020,CMH,OH,AGL,CE,Combined TRACON& Tower with Radar,202,42,10,0,254,0,0,7,0,7,202,42,17,0,261,0,0,0,261
03/23/2020,CMH,OH,AGL,CE,Combined TRACON& Tower with Radar,177,40,11,0,228,0,0,2,0,2,177,40,13,0,230,0,0,0,230
03/24/2020,CMH,OH,AGL,CE,Combined TRACON& Tower with Radar,164,29,10,0,203,0,3,12,0,15,164,32,22,0,218,0,0,0,218
03/25/2020,CMH,OH,AGL,CE,Combined TRACON& Tower with Radar,128,33,10,0,171,0,1,10,2,13,128,34,20,2,184,0,0,0,184
03/26/2020,CMH,OH,AGL,CE,Combined TRACON& Tower with Radar,129,26,15,0,170,0,2,9,0,11,129,28,24,0,181,0,0,0,181
03/27/2020,CMH,OH,AGL,CE,Combined TRACON& Tower with Radar,136,32,6,0,174,0,1,2,0,3,136,33,8,0,177,0,0,0,177
03/28/2020,CMH,OH,AGL,CE,Combined TRACON& Tower with Radar,124,22,10,0,156,0,0,1,0,1,124,22,11,0,157,0,0,0,157
03/29/2020,CMH,OH,AGL,CE,Combined TRACON& Tower with Radar,133,29,5,0,167,0,0,3,0,3,133,29,8,0,170,0,0,0,170
03/30/2020,CMH,OH,AGL,CE,Combined TRACON& Tower with Radar,125,30,7,0,162,0,0,3,0,3,125,30,10,0,165,0,0,0,165
03/31/2020,CMH,OH,AGL,CE,Combined TRACON& Tower with Radar,126,15,11,3,155,0,2,2,0,4,126,17,13,3,159,0,0,0,159
04/01/2020,CMH,OH,AGL,CE,Combined TRACON& Tower with Radar,120,21,18,0,159,0,1,2,0,3,120,22,20,0,162,0,0,0,162
04/02/2020,CMH,OH,AGL,CE,Combined TRACON& Tower with Radar,112,17,22,0,151,0,2,12,0,14,112,19,34,0,165,0,0,0,165
04/03/2020,CMH,OH,AGL,CE,Combined TRACON& Tower with Radar,112,18,18,0,148,0,4,10,0,14,112,22,28,0,162,0,0,0,162
04/04/2020,CMH,OH,AGL,CE,Combined TRACON& Tower with Radar,103,9,5,0,117,0,2,19,0,21,103,11,24,0,138,0,0,0,138
04/05/2020,CMH,OH,AGL,CE,Combined TRACON& Tower with Radar,103,15,9,0,127,0,0,3,1,4,103,15,12,1,131,0,0,0,131
04/06/2020,CMH,OH,AGL,CE,Combined TRACON& Tower with Radar,111,14,10,0,135,0,4,16,0,20,111,18,26,0,155,0,0,0,155
04/07/2020,CMH,OH,AGL,CE,Combined TRACON& Tower with Radar,88,12,5,0,105,0,2,12,0,14,88,14,17,0,119,0,0,0,119
04/08/2020,CMH,OH,AGL,CE,Combined TRACON& Tower with Radar,100,13,18,0,131,0,2,7,0,9,100,15,25,0,140,0,0,0,140
04/09/2020,CMH,OH,AGL,CE,Combined TRACON& Tower with Radar,96,16,12,0,124,0,2,1,0,3,96,18,13,0,127,0,0,0,127
04/10/2020,CMH,OH,AGL,CE,Combined TRACON& Tower with Radar,93,12,13,0,118,0,4,3,0,7,93,16,16,0,125,0,0,0,125
04/11/2020,CMH,OH,AGL,CE,Combined TRACON& Tower with Radar,87,6,7,0,100,0,2,11,2,15,87,8,18,2,115,0,0,0,115
04/12/2020,CMH,OH,AGL,CE,Combined TRACON& Tower with Radar,90,7,7,0,104,0,0,0,0,0,90,7,7,0,104,0,0,0,104
04/13/2020,CMH,OH,AGL,CE,Combined TRACON& Tower with Radar,86,11,1,0,98,0,0,0,0,0,86,11,1,0,98,0,0,0,98
04/14/2020,CMH,OH,AGL,CE,Combined TRACON& Tower with Radar,68,12,7,1,88,0,8,2,0,10,68,20,9,1,98,0,0,0,98
04/15/2020,CMH,OH,AGL,CE,Combined TRACON& Tower with Radar,74,14,12,1,101,0,2,1,0,3,74,16,13,1,104,0,0,0,104
04/16/2020,CMH,OH,AGL,CE,Combined TRACON& Tower with Radar,63,17,13,0,93,0,2,8,0,10,63,19,21,0,103,0,0,0,103
04/17/2020,CMH,OH,AGL,CE,Combined TRACON& Tower with Radar,54,14,9,0,77,0,2,0,0,2,54,16,9,0,79,0,0,0,79
04/18/2020,CMH,OH,AGL,CE,Combined TRACON& Tower with Radar,58,5,8,8,79,0,0,7,0,7,58,5,15,8,86,0,0,0,86
04/19/2020,CMH,OH,AGL,CE,Combined TRACON& Tower with Radar,62,8,6,0,76,0,0,6,1,7,62,8,12,1,83,0,0,0,83
04/20/2020,CMH,OH,AGL,CE,Combined TRACON& Tower with Radar,62,10,12,0,84,0,0,4,0,4,62,10,16,0,88,0,0,0,88
04/21/2020,CMH,OH,AGL,CE,Combined TRACON& Tower with Radar,62,17,8,0,87,0,0,3,0,3,62,17,11,0,90,0,0,0,90
04/22/2020,CMH,OH,AGL,CE,Combined TRACON& Tower with Radar,62,14,15,0,91,0,1,9,0,10,62,15,24,0,101,0,0,0,101
04/23/2020,CMH,OH,AGL,CE,Combined TRACON& Tower with Radar,63,13,11,0,87,0,2,0,0,2,63,15,11,0,89,0,0,0,89
04/24/2020,CMH,OH,AGL,CE,Combined TRACON& Tower with Radar,53,17,8,0,78,0,0,6,0,6,53,17,14,0,84,0,0,0,84
04/25/2020,CMH,OH,AGL,CE,Combined TRACON& Tower with Radar,53,9,7,0,69,0,3,4,0,7,53,12,11,0,76,0,0,0,76
04/26/2020,CMH,OH,AGL,CE,Combined TRACON& Tower with Radar,69,9,2,0,80,0,1,1,1,3,69,10,3,1,83,0,0,0,83
04/27/2020,CMH,OH,AGL,CE,Combined TRACON& Tower with Radar,55,17,18,2,92,0,4,9,0,13,55,21,27,2,105,0,0,0,105
04/28/2020,CMH,OH,AGL,CE,Combined TRACON& Tower with Radar,67,13,25,0,105,0,1,5,2,8,67,14,30,2,113,0,0,0,113
04/29/2020,CMH,OH,AGL,CE,Combined TRACON& Tower with Radar,58,11,12,2,83,0,1,5,0,6,58,12,17,2,89,0,0,0,89
04/30/2020,CMH,OH,AGL,CE,Combined TRACON& Tower with Radar,60,13,10,0,83,0,1,0,0,1,60,14,10,0,84,0,0,0,84
05/01/2020,CMH,OH,AGL,CE,Combined TRACON& Tower with Radar,72,14,26,0,112,0,0,7,0,7,72,14,33,0,119,0,0,0,119
05/02/2020,CMH,OH,AGL,CE,Combined TRACON& Tower with Radar,52,4,16,0,72,0,1,5,0,6,52,5,21,0,78,0,0,0,78
05/03/2020,CMH,OH,AGL,CE,Combined TRACON& Tower with Radar,73,9,11,2,95,0,2,2,0,4,73,11,13,2,99,0,0,0,99
05/04/2020,CMH,OH,AGL,CE,Combined TRACON& Tower with Radar,68,18,12,0,98,0,0,3,0,3,68,18,15,0,101,0,0,0,101
05/05/2020,CMH,OH,AGL,CE,Combined TRACON& Tower with Radar,63,13,10,2,88,0,1,9,0,10,63,14,19,2,98,0,0,0,98
05/06/2020,CMH,OH,AGL,CE,Combined TRACON& Tower with Radar,56,13,27,1,97,0,1,12,0,13,56,14,39,1,110,0,0,0,110
05/07/2020,CMH,OH,AGL,CE,Combined TRACON& Tower with Radar,63,17,45,5,130,0,3,12,1,16,63,20,57,6,146,0,0,0,146
05/08/2020,CMH,OH,AGL,CE,Combined TRACON& Tower with Radar,64,14,16,0,94,0,2,2,0,4,64,16,18,0,98,0,0,0,98
05/09/2020,CMH,OH,AGL,CE,Combined TRACON& Tower with Radar,51,10,5,0,66,0,2,26,0,28,51,12,31,0,94,0,0,0,94
05/10/2020,CMH,OH,AGL,CE,Combined TRACON& Tower with Radar,66,19,7,0,92,0,0,6,0,6,66,19,13,0,98,0,0,0,98
05/11/2020,CMH,OH,AGL,CE,Combined TRACON& Tower with Radar,62,23,18,0,103,0,4,5,0,9,62,27,23,0,112,0,0,0,112
05/12/2020,CMH,OH,AGL,CE,Combined TRACON& Tower with Radar,56,16,32,9,113,0,2,16,1,19,56,18,48,10,132,0,0,0,132
05/13/2020,CMH,OH,AGL,CE,Combined TRACON& Tower with Radar,62,15,32,1,110,0,3,12,1,16,62,18,44,2,126,0,0,0,126
05/14/2020,CMH,OH,AGL,CE,Combined TRACON& Tower with Radar,65,19,17,0,101,0,2,8,0,10,65,21,25,0,111,0,0,0,111
05/15/2020,CMH,OH,AGL,CE,Combined TRACON& Tower with Radar,64,23,13,0,100,0,1,1,0,2,64,24,14,0,102,0,0,0,102
05/16/2020,CMH,OH,AGL,CE,Combined TRACON& Tower with Radar,54,12,14,0,80,0,0,11,2,13,54,12,25,2,93,0,0,0,93
05/17/2020,CMH,OH,AGL,CE,Combined TRACON& Tower with Radar,69,15,9,0,93,0,0,5,0,5,69,15,14,0,98,0,0,0,98
05/18/2020,CMH,OH,AGL,CE,Combined TRACON& Tower with Radar,63,23,9,0,95,0,0,0,0,0,63,23,9,0,95,0,0,0,95
05/19/2020,CMH,OH,AGL,CE,Combined TRACON& Tower with Radar,58,38,18,0,114,0,0,0,0,0,58,38,18,0,114,0,0,0,114
05/20/2020,CMH,OH,AGL,CE,Combined TRACON& Tower with Radar,66,41,33,0,140,0,1,6,0,7,66,42,39,0,147,0,0,0,147
05/21/2020,CMH,OH,AGL,CE,Combined TRACON& Tower with Radar,75,31,21,0,127,0,2,2,0,4,75,33,23,0,131,0,0,0,131
05/22/2020,CMH,OH,AGL,CE,Combined TRACON& Tower with Radar,66,35,21,0,122,0,0,6,0,6,66,35,27,0,128,0,0,0,128
05/23/2020,CMH,OH,AGL,CE,Combined TRACON& Tower with Radar,60,24,5,0,89,0,5,5,0,10,60,29,10,0,99,0,0,0,99
05/24/2020,CMH,OH,AGL,CE,Combined TRACON& Tower with Radar,68,8,5,0,81,0,1,10,0,11,68,9,15,0,92,0,0,0,92
05/25/2020,CMH,OH,AGL,CE,Combined TRACON& Tower with Radar,66,14,10,0,90,0,0,9,2,11,66,14,19,2,101,0,0,0,101
05/26/2020,CMH,OH,AGL,CE,Combined TRACON& Tower with Radar,60,22,36,0,118,0,0,18,0,18,60,22,54,0,136,0,0,0,136
05/27/2020,CMH,OH,AGL,CE,Combined TRACON& Tower with Radar,63,29,30,0,122,0,3,6,4,13,63,32,36,4,135,0,0,0,135
05/28/2020,CMH,OH,AGL,CE,Combined TRACON& Tower with Radar,68,29,46,0,143,0,2,4,0,6,68,31,50,0,149,0,0,0,149
05/29/2020,CMH,OH,AGL,CE,Combined TRACON& Tower with Radar,70,26,35,1,132,0,2,8,0,10,70,28,43,1,142,0,0,0,142
05/30/2020,CMH,OH,AGL,CE,Combined TRACON& Tower with Radar,60,19,41,2,122,0,2,8,1,11,60,21,49,3,133,0,0,0,133
05/31/2020,CMH,OH,AGL,CE,Combined TRACON& Tower with Radar,71,25,23,0,119,0,0,21,1,22,71,25,44,1,141,0,0,0,141
06/01/2020,CMH,OH,AGL,CE,Combined TRACON& Tower with Radar,66,27,22,0,115,0,2,14,2,18,66,29,36,2,133,0,0,0,133
06/02/2020,CMH,OH,AGL,CE,Combined TRACON& Tower with Radar,58,26,29,0,113,0,2,13,1,16,58,28,42,1,129,0,0,0,129
06/03/2020,CMH,OH,AGL,CE,Combined TRACON& Tower with Radar,68,31,29,0,128,0,1,7,0,8,68,32,36,0,136,0,0,0,136
06/04/2020,CMH,OH,AGL,CE,Combined TRACON& Tower with Radar,84,36,23,0,143,0,2,1,0,3,84,38,24,0,146,0,0,0,146
06/05/2020,CMH,OH,AGL,CE,Combined TRACON& Tower with Radar,72,31,37,0,140,0,0,5,2,7,72,31,42,2,147,0,0,0,147
06/06/2020,CMH,OH,AGL,CE,Combined TRACON& Tower with Radar,69,17,20,0,106,0,0,18,0,18,69,17,38,0,124,0,0,0,124
06/07/2020,CMH,OH,AGL,CE,Combined TRACON& Tower with Radar,85,17,15,0,117,0,0,15,0,15,85,17,30,0,132,0,0,0,132
06/08/2020,CMH,OH,AGL,CE,Combined TRACON& Tower with Radar,80,33,31,0,144,0,2,17,0,19,80,35,48,0,163,0,0,0,163
06/09/2020,CMH,OH,AGL,CE,Combined TRACON& Tower with Radar,76,28,26,5,135,0,5,7,1,13,76,33,33,6,148,0,0,0,148
06/10/2020,CMH,OH,AGL,CE,Combined TRACON& Tower with Radar,79,34,23,0,136,0,3,5,0,8,79,37,28,0,144,0,0,0,144
06/11/2020,CMH,OH,AGL,CE,Combined TRACON& Tower with Radar,85,53,37,6,181,0,3,13,0,16,85,56,50,6,197,0,0,0,197
06/12/2020,CMH,OH,AGL,CE,Combined TRACON& Tower with Radar,87,38,34,0,159,0,5,14,4,23,87,43,48,4,182,0,0,0,182
06/13/2020,CMH,OH,AGL,CE,Combined TRACON& Tower with Radar,77,31,15,1,124,0,1,9,3,13,77,32,24,4,137,0,0,0,137
06/14/2020,CMH,OH,AGL,CE,Combined TRACON& Tower with Radar,89,30,11,0,130,0,0,8,2,10,89,30,19,2,140,0,0,0,140
06/15/2020,CMH,OH,AGL,CE,Combined TRACON& Tower with Radar,83,29,41,2,155,0,0,2,0,2,83,29,43,2,157,0,0,0,157
06/16/2020,CMH,OH,AGL,CE,Combined TRACON& Tower with Radar,76,44,36,1,157,0,3,10,0,13,76,47,46,1,170,0,0,0,170
06/17/2020,CMH,OH,AGL,CE,Combined TRACON& Tower with Radar,76,28,32,0,136,0,7,8,0,15,76,35,40,0,151,0,0,0,151
06/18/2020,CMH,OH,AGL,CE,Combined TRACON& Tower with Radar,88,42,22,0,152,0,1,9,2,12,88,43,31,2,164,0,0,0,164
06/19/2020,CMH,OH,AGL,CE,Combined TRACON& Tower with Radar,86,59,41,0,186,0,0,5,0,5,86,59,46,0,191,0,0,0,191
06/20/2020,CMH,OH,AGL,CE,Combined TRACON& Tower with Radar,83,18,20,0,121,0,3,10,1,14,83,21,30,1,135,0,0,0,135
06/21/2020,CMH,OH,AGL,CE,Combined TRACON& Tower with Radar,98,22,14,0,134,0,2,11,0,13,98,24,25,0,147,0,0,0,147
06/22/2020,CMH,OH,AGL,CE,Combined TRACON& Tower with Radar,96,49,30,0,175,0,0,4,0,4,96,49,34,0,179,0,0,0,179
06/23/2020,CMH,OH,AGL,CE,Combined TRACON& Tower with Radar,88,38,20,8,154,0,2,7,0,9,88,40,27,8,163,0,0,0,163
06/24/2020,CMH,OH,AGL,CE,Combined TRACON& Tower with Radar,85,40,33,2,160,0,0,12,2,14,85,40,45,4,174,0,0,0,174
06/25/2020,CMH,OH,AGL,CE,Combined TRACON& Tower with Radar,101,37,31,0,169,0,2,28,2,32,101,39,59,2,201,0,0,0,201
06/26/2020,CMH,OH,AGL,CE,Combined TRACON& Tower with Radar,93,31,48,2,174,0,2,34,0,36,93,33,82,2,210,0,0,0,210
06/27/2020,CMH,OH,AGL,CE,Combined TRACON& Tower with Radar,95,19,14,0,128,0,2,2,0,4,95,21,16,0,132,0,0,0,132
06/28/2020,CMH,OH,AGL,CE,Combined TRACON& Tower with Radar,105,28,17,0,150,0,0,7,0,7,105,28,24,0,157,0,0,0,157
06/29/2020,CMH,OH,AGL,CE,Combined TRACON& Tower with Radar,100,39,36,0,175,0,2,14,0,16,100,41,50,0,191,0,0,0,191
06/30/2020,CMH,OH,AGL,CE,Combined TRACON& Tower with Radar,89,33,28,0,150,0,1,12,0,13,89,34,40,0,163,0,0,0,163
07/01/2020,CMH,OH,AGL,CE,Combined TRACON& Tower with Radar,97,37,52,0,186,0,5,19,0,24,97,42,71,0,210,0,0,0,210
07/02/2020,CMH,OH,AGL,CE,Combined TRACON& Tower with Radar,117,36,35,0,188,0,1,27,1,29,117,37,62,1,217,0,0,0,217
07/03/2020,CMH,OH,AGL,CE,Combined TRACON& Tower with Radar,121,24,28,0,173,0,2,7,0,9,121,26,35,0,182,0,0,0,182
07/04/2020,CMH,OH,AGL,CE,Combined TRACON& Tower with Radar,100,16,11,0,127,0,2,4,1,7,100,18,15,1,134,0,0,0,134
07/05/2020,CMH,OH,AGL,CE,Combined TRACON& Tower with Radar,124,35,28,0,187,0,2,16,0,18,124,37,44,0,205,0,0,0,205
07/06/2020,CMH,OH,AGL,CE,Combined TRACON& Tower with Radar,135,33,48,8,224,0,0,10,2,12,135,33,58,10,236,0,0,0,236
07/07/2020,CMH,OH,AGL,CE,Combined TRACON& Tower with Radar,141,37,37,0,215,0,4,4,0,8,141,41,41,0,223,0,0,0,223
07/08/2020,CMH,OH,AGL,CE,Combined TRACON& Tower with Radar,127,35,31,0,193,0,3,15,0,18,127,38,46,0,211,0,0,0,211
07/09/2020,CMH,OH,AGL,CE,Combined TRACON& Tower with Radar,151,43,34,0,228,0,4,5,0,9,151,47,39,0,237,0,0,0,237
07/10/2020,CMH,OH,AGL,CE,Combined TRACON& Tower with Radar,148,25,29,1,203,0,2,5,2,9,148,27,34,3,212,0,0,0,212
07/11/2020,CMH,OH,AGL,CE,Combined TRACON& Tower with Radar,142,21,28,0,191,0,1,13,0,14,142,22,41,0,205,0,0,0,205
07/12/2020,CMH,OH,AGL,CE,Combined TRACON& Tower with Radar,143,34,28,1,206,0,2,8,3,13,143,36,36,4,219,0,0,0,219
07/13/2020,CMH,OH,AGL,CE,Combined TRACON& Tower with Radar,141,38,21,0,200,0,1,6,0,7,141,39,27,0,207,0,0,0,207
07/14/2020,CMH,OH,AGL,CE,Combined TRACON& Tower with Radar,127,32,36,1,196,0,7,17,0,24,127,39,53,1,220,0,0,0,220
07/15/2020,CMH,OH,AGL,CE,Combined TRACON& Tower with Radar,123,59,46,10,238,0,2,8,0,10,123,61,54,10,248,0,0,0,248
07/16/2020,CMH,OH,AGL,CE,Combined TRACON& Tower with Radar,142,41,31,3,217,0,2,7,0,9,142,43,38,3,226,0,0,0,226
07/17/2020,CMH,OH,AGL,CE,Combined TRACON& Tower with Radar,139,40,25,4,208,0,0,11,0,11,139,40,36,4,219,0,0,0,219
07/18/2020,CMH,OH,AGL,CE,Combined TRACON& Tower with Radar,133,33,24,0,190,0,3,17,0,20,133,36,41,0,210,0,0,0,210
07/19/2020,CMH,OH,AGL,CE,Combined TRACON& Tower with Radar,141,29,17,0,187,0,0,9,0,9,141,29,26,0,196,0,0,0,196
07/20/2020,CMH,OH,AGL,CE,Combined TRACON& Tower with Radar,142,34,28,0,204,0,2,6,0,8,142,36,34,0,212,0,0,0,212
07/21/2020,CMH,OH,AGL,CE,Combined TRACON& Tower with Radar,127,41,37,0,205,0,4,10,0,14,127,45,47,0,219,22,0,22,241
07/22/2020,CMH,OH,AGL,CE,Combined TRACON& Tower with Radar,125,26,30,0,181,0,1,3,1,5,125,27,33,1,186,0,0,0,186
07/23/2020,CMH,OH,AGL,CE,Combined TRACON& Tower with Radar,144,35,56,0,235,0,1,7,1,9,144,36,63,1,244,0,0,0,244
07/24/2020,CMH,OH,AGL,CE,Combined TRACON& Tower with Radar,147,42,31,0,220,0,1,6,0,7,147,43,37,0,227,0,0,0,227
07/25/2020,CMH,OH,AGL,CE,Combined TRACON& Tower with Radar,142,21,27,0,190,0,1,6,0,7,142,22,33,0,197,0,0,0,197
07/26/2020,CMH,OH,AGL,CE,Combined TRACON& Tower with Radar,149,22,20,0,191,0,0,3,0,3,149,22,23,0,194,0,0,0,194
07/27/2020,CMH,OH,AGL,CE,Combined TRACON& Tower with Radar,143,39,36,0,218,0,0,2,0,2,143,39,38,0,220,0,0,0,220
07/28/2020,CMH,OH,AGL,CE,Combined TRACON& Tower with Radar,126,47,48,0,221,0,0,9,0,9,126,47,57,0,230,0,0,0,230
07/29/2020,CMH,OH,AGL,CE,Combined TRACON& Tower with Radar,128,52,34,0,214,0,3,7,0,10,128,55,41,0,224,0,0,0,224
07/30/2020,CMH,OH,AGL,CE,Combined TRACON& Tower with Radar,142,49,25,0,216,0,2,4,0,6,142,51,29,0,222,0,0,0,222
07/31/2020,CMH,OH,AGL,CE,Combined TRACON& Tower with Radar,141,32,23,0,196,0,5,11,0,16,141,37,34,0,212,0,0,0,212
08/01/2020,CMH,OH,AGL,CE,Combined TRACON& Tower with Radar,144,23,14,0,181,0,2,0,0,2,144,25,14,0,183,0,0,0,183
08/02/2020,CMH,OH,AGL,CE,Combined TRACON& Tower with Radar,148,41,20,0,209,0,0,7,0,7,148,41,27,0,216,0,0,0,216
08/03/2020,CMH,OH,AGL,CE,Combined TRACON& Tower with Radar,159,30,27,0,216,0,0,3,0,3,159,30,30,0,219,0,0,0,219
08/04/2020,CMH,OH,AGL,CE,Combined TRACON& Tower with Radar,121,33,23,0,177,0,0,0,0,0,121,33,23,0,177,0,0,0,177
08/05/2020,CMH,OH,AGL,CE,Combined TRACON& Tower with Radar,134,31,56,0,221,0,2,7,0,9,134,33,63,0,230,0,0,0,230
08/06/2020,CMH,OH,AGL,CE,Combined TRACON& Tower with Radar,152,40,48,0,240,0,2,9,0,11,152,42,57,0,251,0,0,0,251
08/07/2020,CMH,OH,AGL,CE,Combined TRACON& Tower with Radar,149,23,45,0,217,0,3,11,0,14,149,26,56,0,231,0,0,0,231
08/08/2020,CMH,OH,AGL,CE,Combined TRACON& Tower with Radar,143,25,14,0,182,0,2,14,1,17,143,27,28,1,199,0,0,0,199
08/09/2020,CMH,OH,AGL,CE,Combined TRACON& Tower with Radar,150,26,29,0,205,0,0,11,0,11,150,26,40,0,216,0,0,0,216
08/10/2020,CMH,OH,AGL,CE,Combined TRACON& Tower with Radar,153,33,57,0,243,0,0,2,0,2,153,33,59,0,245,0,0,0,245
08/11/2020,CMH,OH,AGL,CE,Combined TRACON& Tower with Radar,135,30,54,0,219,0,4,6,0,10,135,34,60,0,229,0,0,0,229
08/12/2020,CMH,OH,AGL,CE,Combined TRACON& Tower with Radar,137,28,51,0,216,0,3,15,0,18,137,31,66,0,234,0,0,0,234
08/13/2020,CMH,OH,AGL,CE,Combined TRACON& Tower with Radar,156,40,42,4,242,0,0,2,0,2,156,40,44,4,244,0,0,0,244
08/14/2020,CMH,OH,AGL,CE,Combined TRACON& Tower with Radar,155,35,29,0,219,0,0,9,0,9,155,35,38,0,228,0,0,0,228
08/15/2020,CMH,OH,AGL,CE,Combined TRACON& Tower with Radar,142,27,22,0,191,0,0,7,0,7,142,27,29,0,198,0,0,0,198
08/16/2020,CMH,OH,AGL,CE,Combined TRACON& Tower with Radar,152,33,21,0,206,0,4,9,0,13,152,37,30,0,219,0,0,0,219
08/17/2020,CMH,OH,AGL,CE,Combined TRACON& Tower with Radar,158,35,43,0,236,0,0,8,0,8,158,35,51,0,244,0,0,0,244
08/18/2020,CMH,OH,AGL,CE,Combined TRACON& Tower with Radar,137,38,53,0,228,0,0,10,0,10,137,38,63,0,238,6,0,6,244
08/19/2020,CMH,OH,AGL,CE,Combined TRACON& Tower with Radar,137,28,37,0,202,0,2,7,0,9,137,30,44,0,211,0,0,0,211
08/20/2020,CMH,OH,AGL,CE,Combined TRACON& Tower with Radar,161,35,41,0,237,0,1,7,2,10,161,36,48,2,247,0,0,0,247
08/21/2020,CMH,OH,AGL,CE,Combined TRACON& Tower with Radar,155,25,17,0,197,0,0,12,0,12,155,25,29,0,209,0,0,0,209
08/22/2020,CMH,OH,AGL,CE,Combined TRACON& Tower with Radar,143,23,15,0,181,0,0,2,0,2,143,23,17,0,183,0,0,0,183
08/23/2020,CMH,OH,AGL,CE,Combined TRACON& Tower with Radar,154,28,31,0,213,0,0,4,0,4,154,28,35,0,217,0,0,0,217
08/24/2020,CMH,OH,AGL,CE,Combined TRACON& Tower with Radar,159,39,35,0,233,0,0,14,0,14,159,39,49,0,247,0,0,0,247
08/25/2020,CMH,OH,AGL,CE,Combined TRACON& Tower with Radar,137,43,35,0,215,0,3,5,0,8,137,46,40,0,223,0,0,0,223
08/26/2020,CMH,OH,AGL,CE,Combined TRACON& Tower with Radar,130,39,45,0,214,0,0,11,0,11,130,39,56,0,225,0,0,0,225
08/27/2020,CMH,OH,AGL,CE,Combined TRACON& Tower with Radar,165,29,56,0,250,0,2,4,0,6,165,31,60,0,256,0,0,0,256
08/28/2020,CMH,OH,AGL,CE,Combined TRACON& Tower with Radar,160,25,33,0,218,0,0,0,0,0,160,25,33,0,218,0,0,0,218
08/29/2020,CMH,OH,AGL,CE,Combined TRACON& Tower with Radar,140,21,17,0,178,0,0,1,0,1,140,21,18,0,179,0,0,0,179
08/30/2020,CMH,OH,AGL,CE,Combined TRACON& Tower with Radar,151,36,36,0,223,0,1,19,0,20,151,37,55,0,243,0,0,0,243
08/31/2020,CMH,OH,AGL,CE,Combined TRACON& Tower with Radar,164,43,33,0,240,0,0,8,0,8,164,43,41,0,248,0,0,0,248
09/01/2020,CMH,OH,AGL,CE,Combined TRACON& Tower with Radar,133,41,40,0,214,0,2,6,0,8,133,43,46,0,222,0,0,0,222
09/02/2020,CMH,OH,AGL,CE,Combined TRACON& Tower with Radar,136,35,42,0,213,0,0,0,0,0,136,35,42,0,213,0,0,0,213
09/03/2020,CMH,OH,AGL,CE,Combined TRACON& Tower with Radar,164,31,52,0,247,0,2,9,0,11,164,33,61,0,258,0,0,0,258
09/04/2020,CMH,OH,AGL,CE,Combined TRACON& Tower with Radar,154,26,46,0,226,0,0,15,0,15,154,26,61,0,241,0,0,0,241
09/05/2020,CMH,OH,AGL,CE,Combined TRACON& Tower with Radar,134,20,17,0,171,0,0,13,0,13,134,20,30,0,184,0,0,0,184
09/06/2020,CMH,OH,AGL,CE,Combined TRACON& Tower with Radar,106,27,33,0,166,0,4,15,1,20,106,31,48,1,186,0,0,0,186
09/07/2020,CMH,OH,AGL,CE,Combined TRACON& Tower with Radar,126,25,30,0,181,0,0,4,0,4,126,25,34,0,185,0,0,0,185
09/08/2020,CMH,OH,AGL,CE,Combined TRACON& Tower with Radar,103,39,47,0,189,0,4,10,0,14,103,43,57,0,203,0,0,0,203
09/09/2020,CMH,OH,AGL,CE,Combined TRACON& Tower with Radar,105,28,36,6,175,0,0,7,0,7,105,28,43,6,182,0,0,0,182
09/10/2020,CMH,OH,AGL,CE,Combined TRACON& Tower with Radar,126,28,56,0,210,0,0,6,0,6,126,28,62,0,216,0,0,0,216
09/11/2020,CMH,OH,AGL,CE,Combined TRACON& Tower with Radar,134,39,36,4,213,0,0,3,0,3,134,39,39,4,216,0,0,0,216
09/12/2020,CMH,OH,AGL,CE,Combined TRACON& Tower with Radar,113,33,14,0,160,0,0,5,0,5,113,33,19,0,165,0,0,0,165
09/13/2020,CMH,OH,AGL,CE,Combined TRACON& Tower with Radar,124,36,16,0,176,0,2,9,0,11,124,38,25,0,187,0,0,0,187
09/14/2020,CMH,OH,AGL,CE,Combined TRACON& Tower with Radar,127,39,34,0,200,0,1,13,1,15,127,40,47,1,215,0,0,0,215
09/15/2020,CMH,OH,AGL,CE,Combined TRACON& Tower with Radar,100,45,29,2,176,0,0,12,0,12,100,45,41,2,188,0,0,0,188
09/16/2020,CMH,OH,AGL,CE,Combined TRACON& Tower with Radar,103,39,43,1,186,0,0,19,0,19,103,39,62,1,205,0,0,0,205
09/17/2020,CMH,OH,AGL,CE,Combined TRACON& Tower with Radar,127,49,35,8,219,0,0,5,0,5,127,49,40,8,224,0,0,0,224
09/18/2020,CMH,OH,AGL,CE,Combined TRACON& Tower with Radar,128,38,39,1,206,0,0,10,0,10,128,38,49,1,216,0,0,0,216
09/19/2020,CMH,OH,AGL,CE,Combined TRACON& Tower with Radar,112,31,19,3,165,0,0,11,1,12,112,31,30,4,177,0,0,0,177
09/20/2020,CMH,OH,AGL,CE,Combined TRACON& Tower with Radar,125,31,24,1,181,0,0,9,0,9,125,31,33,1,190,0,0,0,190
09/21/2020,CMH,OH,AGL,CE,Combined TRACON& Tower with Radar,123,38,31,0,192,0,3,7,2,12,123,41,38,2,204,0,0,0,204
09/22/2020,CMH,OH,AGL,CE,Combined TRACON& Tower with Radar,100,35,44,4,183,0,0,8,0,8,100,35,52,4,191,0,0,0,191
09/23/2020,CMH,OH,AGL,CE,Combined TRACON& Tower with Radar,108,56,62,2,228,0,0,12,0,12,108,56,74,2,240,0,0,0,240
09/24/2020,CMH,OH,AGL,CE,Combined TRACON& Tower with Radar,126,37,51,2,216,0,2,13,0,15,126,39,64,2,231,0,0,0,231
09/25/2020,CMH,OH,AGL,CE,Combined TRACON& Tower with Radar,127,34,40,0,201,0,0,10,0,10,127,34,50,0,211,0,0,0,211
09/26/2020,CMH,OH,AGL,CE,Combined TRACON& Tower with Radar,110,31,18,2,161,0,0,19,4,23,110,31,37,6,184,0,0,0,184
09/27/2020,CMH,OH,AGL,CE,Combined TRACON& Tower with Radar,127,32,21,0,180,0,2,4,1,7,127,34,25,1,187,0,0,0,187
09/28/2020,CMH,OH,AGL,CE,Combined TRACON& Tower with Radar,125,46,36,0,207,0,0,2,0,2,125,46,38,0,209,0,0,0,209
09/29/2020,CMH,OH,AGL,CE,Combined TRACON& Tower with Radar,103,40,38,0,181,0,0,13,0,13,103,40,51,0,194,0,0,0,194
09/30/2020,CMH,OH,AGL,CE,Combined TRACON& Tower with Radar,106,28,20,0,154,0,1,8,0,9,106,29,28,0,163,0,0,0,163
10/01/2020,CMH,OH,AGL,CE,Combined TRACON& Tower with Radar,125,42,53,2,222,0,1,7,3,11,125,43,60,5,233,0,0,0,233
10/02/2020,CMH,OH,AGL,CE,Combined TRACON& Tower with Radar,126,45,46,0,217,0,0,3,0,3,126,45,49,0,220,0,0,0,220
10/03/2020,CMH,OH,AGL,CE,Combined TRACON& Tower with Radar,111,27,18,0,156,0,1,4,2,7,111,28,22,2,163,0,0,0,163
10/04/2020,CMH,OH,AGL,CE,Combined TRACON& Tower with Radar,130,30,21,0,181,0,0,9,0,9,130,30,30,0,190,0,0,0,190
10/05/2020,CMH,OH,AGL,CE,Combined TRACON& Tower with Radar,123,24,56,6,209,0,1,1,0,2,123,25,57,6,211,0,0,0,211
10/06/2020,CMH,OH,AGL,CE,Combined TRACON& Tower with Radar,98,36,51,4,189,0,2,10,0,12,98,38,61,4,201,0,0,0,201
10/07/2020,CMH,OH,AGL,CE,Combined TRACON& Tower with Radar,101,32,43,0,176,0,0,8,0,8,101,32,51,0,184,0,0,0,184
10/08/2020,CMH,OH,AGL,CE,Combined TRACON& Tower with Radar,150,32,44,0,226,0,0,24,0,24,150,32,68,0,250,0,0,0,250
10/09/2020,CMH,OH,AGL,CE,Combined TRACON& Tower with Radar,149,43,33,0,225,0,0,13,0,13,149,43,46,0,238,0,0,0,238
10/10/2020,CMH,OH,AGL,CE,Combined TRACON& Tower with Radar,122,19,22,0,163,0,0,12,0,12,122,19,34,0,175,0,0,0,175
10/11/2020,CMH,OH,AGL,CE,Combined TRACON& Tower with Radar,142,20,21,2,185,0,0,1,0,1,142,20,22,2,186,0,0,0,186
10/12/2020,CMH,OH,AGL,CE,Combined TRACON& Tower with Radar,142,32,35,2,211,0,0,4,0,4,142,32,39,2,215,0,0,0,215
10/13/2020,CMH,OH,AGL,CE,Combined TRACON& Tower with Radar,104,32,48,4,188,0,3,24,0,27,104,35,72,4,215,0,0,0,215
10/14/2020,CMH,OH,AGL,CE,Combined TRACON& Tower with Radar,110,41,35,0,186,0,2,13,1,16,110,43,48,1,202,0,0,0,202
10/15/2020,CMH,OH,AGL,CE,Combined TRACON& Tower with Radar,140,33,42,0,215,0,0,5,3,8,140,33,47,3,223,0,0,0,223
10/16/2020,CMH,OH,AGL,CE,Combined TRACON& Tower with Radar,140,35,34,2,211,0,1,13,0,14,140,36,47,2,225,0,0,0,225
10/17/2020,CMH,OH,AGL,CE,Combined TRACON& Tower with Radar,125,18,31,0,174,0,0,8,0,8,125,18,39,0,182,0,0,0,182
10/18/2020,CMH,OH,AGL,CE,Combined TRACON& Tower with Radar,149,30,31,1,211,0,0,4,0,4,149,30,35,1,215,0,0,0,215
10/19/2020,CMH,OH,AGL,CE,Combined TRACON& Tower with Radar,142,16,25,0,183,0,0,0,0,0,142,16,25,0,183,0,0,0,183
10/20/2020,CMH,OH,AGL,CE,Combined TRACON& Tower with Radar,104,39,38,1,182,0,0,0,0,0,104,39,38,1,182,0,0,0,182
10/21/2020,CMH,OH,AGL,CE,Combined TRACON& Tower with Radar,109,37,48,3,197,0,0,3,0,3,109,37,51,3,200,0,0,0,200
10/22/2020,CMH,OH,AGL,CE,Combined TRACON& Tower with Radar,136,40,40,0,216,0,1,18,0,19,136,41,58,0,235,0,0,0,235
10/23/2020,CMH,OH,AGL,CE,Combined TRACON& Tower with Radar,139,41,35,0,215,0,0,8,0,8,139,41,43,0,223,0,0,0,223
10/24/2020,CMH,OH,AGL,CE,Combined TRACON& Tower with Radar,116,12,14,0,142,0,0,1,0,1,116,12,15,0,143,0,0,0,143
10/25/2020,CMH,OH,AGL,CE,Combined TRACON& Tower with Radar,128,20,37,2,187,0,0,7,1,8,128,20,44,3,195,0,0,0,195
10/26/2020,CMH,OH,AGL,CE,Combined TRACON& Tower with Radar,128,26,51,1,206,0,0,0,0,0,128,26,51,1,206,0,0,0,206
10/27/2020,CMH,OH,AGL,CE,Combined TRACON& Tower with Radar,97,37,35,0,169,0,0,0,0,0,97,37,35,0,169,0,0,0,169
10/28/2020,CMH,OH,AGL,CE,Combined TRACON& Tower with Radar,98,30,41,0,169,0,0,4,0,4,98,30,45,0,173,0,0,0,173
10/29/2020,CMH,OH,AGL,CE,Combined TRACON& Tower with Radar,129,26,27,0,182,0,0,0,0,0,129,26,27,0,182,0,0,0,182
10/30/2020,CMH,OH,AGL,CE,Combined TRACON& Tower with Radar,126,26,37,0,189,0,2,7,0,9,126,28,44,0,198,0,0,0,198
10/31/2020,CMH,OH,AGL,CE,Combined TRACON& Tower with Radar,86,17,12,0,115,0,0,10,0,10,86,17,22,0,125,0,0,0,125
11/01/2020,CMH,OH,AGL,CE,Combined TRACON& Tower with Radar,124,26,23,0,173,0,0,0,0,0,124,26,23,0,173,0,0,0,173
11/02/2020,CMH,OH,AGL,CE,Combined TRACON& Tower with Radar,127,22,46,0,195,0,1,12,0,13,127,23,58,0,208,0,0,0,208
11/03/2020,CMH,OH,AGL,CE,Combined TRACON& Tower with Radar,91,28,29,0,148,0,3,10,0,13,91,31,39,0,161,0,0,0,161
11/04/2020,CMH,OH,AGL,CE,Combined TRACON& Tower with Radar,93,34,57,0,184,0,0,26,0,26,93,34,83,0,210,0,0,0,210
11/05/2020,CMH,OH,AGL,CE,Combined TRACON& Tower with Radar,142,32,42,0,216,0,4,29,1,34,142,36,71,1,250,0,0,0,250
11/06/2020,CMH,OH,AGL,CE,Combined TRACON& Tower with Radar,140,23,36,3,202,0,0,10,1,11,140,23,46,4,213,0,0,0,213
11/07/2020,CMH,OH,AGL,CE,Combined TRACON& Tower with Radar,118,19,13,0,150,0,2,14,0,16,118,21,27,0,166,0,0,0,166
11/08/2020,CMH,OH,AGL,CE,Combined TRACON& Tower with Radar,148,28,25,0,201,0,0,11,0,11,148,28,36,0,212,0,0,0,212
11/09/2020,CMH,OH,AGL,CE,Combined TRACON& Tower with Radar,152,27,34,0,213,0,3,16,0,19,152,30,50,0,232,0,0,0,232
11/10/2020,CMH,OH,AGL,CE,Combined TRACON& Tower with Radar,100,25,40,2,167,0,1,6,0,7,100,26,46,2,174,0,0,0,174
11/11/2020,CMH,OH,AGL,CE,Combined TRACON& Tower with Radar,106,35,45,0,186,0,0,5,0,5,106,35,50,0,191,0,0,0,191
11/12/2020,CMH,OH,AGL,CE,Combined TRACON& Tower with Radar,144,56,41,3,244,0,3,15,0,18,144,59,56,3,262,0,0,0,262
11/13/2020,CMH,OH,AGL,CE,Combined TRACON& Tower with Radar,146,27,21,0,194,0,3,14,0,17,146,30,35,0,211,0,0,0,211
11/14/2020,CMH,OH,AGL,CE,Combined TRACON& Tower with Radar,131,21,29,0,181,0,2,25,0,27,131,23,54,0,208,0,0,0,208
11/15/2020,CMH,OH,AGL,CE,Combined TRACON& Tower with Radar,153,15,21,0,189,0,0,2,0,2,153,15,23,0,191,0,0,0,191
11/16/2020,CMH,OH,AGL,CE,Combined TRACON& Tower with Radar,148,39,60,0,247,0,0,18,0,18,148,39,78,0,265,0,0,0,265
11/17/2020,CMH,OH,AGL,CE,Combined TRACON& Tower with Radar,101,31,40,6,178,0,0,10,0,10,101,31,50,6,188,0,0,0,188
11/18/2020,CMH,OH,AGL,CE,Combined TRACON& Tower with Radar,111,45,56,0,212,0,2,15,0,17,111,47,71,0,229,0,0,0,229
11/19/2020,CMH,OH,AGL,CE,Combined TRACON& Tower with Radar,162,31,21,0,214,0,4,8,0,12,162,35,29,0,226,0,0,0,226
11/20/2020,CMH,OH,AGL,CE,Combined TRACON& Tower with Radar,152,40,28,0,220,0,0,10,4,14,152,40,38,4,234,0,0,0,234
11/21/2020,CMH,OH,AGL,CE,Combined TRACON& Tower with Radar,161,36,24,0,221,0,0,3,0,3,161,36,27,0,224,0,0,0,224
11/22/2020,CMH,OH,AGL,CE,Combined TRACON& Tower with Radar,152,26,13,0,191,0,0,0,0,0,152,26,13,0,191,0,0,0,191
11/23/2020,CMH,OH,AGL,CE,Combined TRACON& Tower with Radar,144,23,13,0,180,0,2,6,0,8,144,25,19,0,188,0,0,0,188
11/24/2020,CMH,OH,AGL,CE,Combined TRACON& Tower with Radar,160,31,38,0,229,0,2,12,0,14,160,33,50,0,243,0,0,0,243
11/25/2020,CMH,OH,AGL,CE,Combined TRACON& Tower with Radar,167,22,23,0,212,0,0,0,0,0,167,22,23,0,212,0,0,0,212
11/26/2020,CMH,OH,AGL,CE,Combined TRACON& Tower with Radar,75,12,0,0,87,0,0,0,0,0,75,12,0,0,87,0,0,0,87
11/27/2020,CMH,OH,AGL,CE,Combined TRACON& Tower with Radar,125,22,24,0,171,0,2,5,4,11,125,24,29,4,182,0,0,0,182
11/28/2020,CMH,OH,AGL,CE,Combined TRACON& Tower with Radar,169,26,21,0,216,0,0,19,0,19,169,26,40,0,235,0,0,0,235
11/29/2020,CMH,OH,AGL,CE,Combined TRACON& Tower with Radar,182,21,44,0,247,0,0,10,2,12,182,21,54,2,259,0,0,0,259
11/30/2020,CMH,OH,AGL,CE,Combined TRACON& Tower with Radar,163,27,18,0,208,0,0,0,0,0,163,27,18,0,208,0,0,0,208
12/01/2020,CMH,OH,AGL,CE,Combined TRACON& Tower with Radar,131,34,29,2,196,0,0,0,0,0,131,34,29,2,196,0,0,0,196
12/02/2020,CMH,OH,AGL,CE,Combined TRACON& Tower with Radar,105,39,25,0,169,0,3,10,0,13,105,42,35,0,182,0,0,0,182
12/03/2020,CMH,OH,AGL,CE,Combined TRACON& Tower with Radar,117,41,28,6,192,0,3,14,0,17,117,44,42,6,209,0,0,0,209
12/04/2020,CMH,OH,AGL,CE,Combined TRACON& Tower with Radar,121,24,27,4,176,0,0,14,0,14,121,24,41,4,190,0,0,0,190
12/05/2020,CMH,OH,AGL,CE,Combined TRACON& Tower with Radar,108,16,12,0,136,0,0,3,0,3,108,16,15,0,139,0,0,0,139
12/06/2020,CMH,OH,AGL,CE,Combined TRACON& Tower with Radar,118,37,22,0,177,0,0,4,0,4,118,37,26,0,181,0,0,0,181
12/07/2020,CMH,OH,AGL,CE,Combined TRACON& Tower with Radar,121,26,28,0,175,0,0,0,0,0,121,26,28,0,175,0,0,0,175
12/08/2020,CMH,OH,AGL,CE,Combined TRACON& Tower with Radar,95,35,44,1,175,0,4,17,1,22,95,39,61,2,197,0,0,0,197
12/09/2020,CMH,OH,AGL,CE,Combined TRACON& Tower with Radar,101,32,43,0,176,0,0,12,0,12,101,32,55,0,188,0,0,0,188
12/10/2020,CMH,OH,AGL,CE,Combined TRACON& Tower with Radar,117,28,32,0,177,0,0,34,0,34,117,28,66,0,211,0,0,0,211
12/11/2020,CMH,OH,AGL,CE,Combined TRACON& Tower with Radar,123,32,39,0,194,0,3,18,2,23,123,35,57,2,217,0,0,0,217
12/12/2020,CMH,OH,AGL,CE,Combined TRACON& Tower with Radar,107,22,12,0,141,0,2,3,3,8,107,24,15,3,149,0,0,0,149
12/13/2020,CMH,OH,AGL,CE,Combined TRACON& Tower with Radar,120,20,17,0,157,0,0,3,0,3,120,20,20,0,160,0,0,0,160
12/14/2020,CMH,OH,AGL,CE,Combined TRACON& Tower with Radar,122,28,26,0,176,0,4,7,2,13,122,32,33,2,189,0,0,0,189
12/15/2020,CMH,OH,AGL,CE,Combined TRACON& Tower with Radar,94,24,44,0,162,0,4,31,0,35,94,28,75,0,197,0,0,0,197
12/16/2020,CMH,OH,AGL,CE,Combined TRACON& Tower with Radar,97,39,21,0,157,0,0,0,0,0,97,39,21,0,157,0,0,0,157
12/17/2020,CMH,OH,AGL,CE,Combined TRACON& Tower with Radar,144,39,32,0,215,0,0,0,0,0,144,39,32,0,215,0,0,0,215
12/18/2020,CMH,OH,AGL,CE,Combined TRACON& Tower with Radar,146,41,26,0,213,0,2,10,4,16,146,43,36,4,229,0,0,0,229
12/19/2020,CMH,OH,AGL,CE,Combined TRACON& Tower with Radar,150,42,26,0,218,0,0,14,0,14,150,42,40,0,232,0,0,0,232
12/20/2020,CMH,OH,AGL,CE,Combined TRACON& Tower with Radar,136,41,24,0,201,0,1,1,0,2,136,42,25,0,203,0,0,0,203
12/21/2020,CMH,OH,AGL,CE,Combined TRACON& Tower with Radar,146,29,27,0,202,0,0,0,0,0,146,29,27,0,202,0,0,0,202
12/22/2020,CMH,OH,AGL,CE,Combined TRACON& Tower with Radar,144,19,28,0,191,0,0,5,0,5,144,19,33,0,196,0,0,0,196
12/23/2020,CMH,OH,AGL,CE,Combined TRACON& Tower with Radar,145,30,29,0,204,0,0,2,0,2,145,30,31,0,206,0,0,0,206
12/24/2020,CMH,OH,AGL,CE,Combined TRACON& Tower with Radar,104,18,4,0,126,0,0,0,0,0,104,18,4,0,126,0,0,0,126
12/25/2020,CMH,OH,AGL,CE,Combined TRACON& Tower with Radar,86,34,6,0,126,0,0,0,0,0,86,34,6,0,126,0,0,0,126
12/26/2020,CMH,OH,AGL,CE,Combined TRACON& Tower with Radar,146,58,35,0,239,0,1,15,0,16,146,59,50,0,255,0,0,0,255
12/27/2020,CMH,OH,AGL,CE,Combined TRACON& Tower with Radar,157,34,27,0,218,0,4,16,0,20,157,38,43,0,238,0,0,0,238
12/28/2020,CMH,OH,AGL,CE,Combined TRACON& Tower with Radar,151,22,35,0,208,0,2,0,0,2,151,24,35,0,210,0,0,0,210
12/29/2020,CMH,OH,AGL,CE,Combined TRACON& Tower with Radar,146,29,31,0,206,0,2,15,0,17,146,31,46,0,223,0,0,0,223
12/30/2020,CMH,OH,AGL,CE,Combined TRACON& Tower with Radar,138,33,14,0,185,0,0,2,0,2,138,33,16,0,187,0,0,0,187
12/31/2020,CMH,OH,AGL,CE,Combined TRACON& Tower with Radar,100,22,11,0,133,0,0,3,0,3,100,22,14,0,136,0,0,0,136
01/01/2021,CMH,OH,AGL,CE,Combined TRACON& Tower with Radar,102,37,5,0,144,0,2,0,0,2,102,39,5,0,146,0,0,0,146
01/02/2021,CMH,OH,AGL,CE,Combined TRACON& Tower with Radar,151,36,31,0,218,0,4,0,0,4,151,40,31,0,222,0,0,0,222
01/03/2021,CMH,OH,AGL,CE,Combined TRACON& Tower with Radar,161,29,35,0,225,0,0,0,2,2,161,29,35,2,227,0,0,0,227
01/04/2021,CMH,OH,AGL,CE,Combined TRACON& Tower with Radar,143,31,20,0,194,0,0,2,0,2,143,31,22,0,196,0,0,0,196
01/05/2021,CMH,OH,AGL,CE,Combined TRACON& Tower with Radar,120,43,33,0,196,0,0,0,0,0,120,43,33,0,196,0,0,0,196
01/06/2021,CMH,OH,AGL,CE,Combined TRACON& Tower with Radar,118,20,38,0,176,0,0,0,2,2,118,20,38,2,178,0,0,0,178
01/07/2021,CMH,OH,AGL,CE,Combined TRACON& Tower with Radar,120,27,38,0,185,0,0,5,2,7,120,27,43,2,192,0,0,0,192
01/08/2021,CMH,OH,AGL,CE,Combined TRACON& Tower with Radar,120,22,20,0,162,0,0,0,0,0,120,22,20,0,162,0,0,0,162
01/09/2021,CMH,OH,AGL,CE,Combined TRACON& Tower with Radar,116,25,16,0,157,0,0,24,0,24,116,25,40,0,181,0,0,0,181
01/10/2021,CMH,OH,AGL,CE,Combined TRACON& Tower with Radar,119,31,18,3,171,0,3,28,0,31,119,34,46,3,202,0,0,0,202
01/11/2021,CMH,OH,AGL,CE,Combined TRACON& Tower with Radar,120,29,38,0,187,0,0,1,0,1,120,29,39,0,188,0,0,0,188
01/12/2021,CMH,OH,AGL,CE,Combined TRACON& Tower with Radar,96,48,49,0,193,0,0,0,0,0,96,48,49,0,193,0,0,0,193
01/13/2021,CMH,OH,AGL,CE,Combined TRACON& Tower with Radar,97,37,38,0,172,0,1,26,0,27,97,38,64,0,199,0,0,0,199
01/14/2021,CMH,OH,AGL,CE,Combined TRACON& Tower with Radar,120,28,41,0,189,0,2,19,0,21,120,30,60,0,210,0,0,0,210
01/15/2021,CMH,OH,AGL,CE,Combined TRACON& Tower with Radar,125,31,32,0,188,0,0,0,0,0,125,31,32,0,188,0,0,0,188
01/16/2021,CMH,OH,AGL,CE,Combined TRACON& Tower with Radar,115,25,14,0,154,0,0,0,0,0,115,25,14,0,154,0,0,0,154
01/17/2021,CMH,OH,AGL,CE,Combined TRACON& Tower with Radar,114,34,13,0,161,0,0,0,0,0,114,34,13,0,161,0,0,0,161
01/18/2021,CMH,OH,AGL,CE,Combined TRACON& Tower with Radar,119,25,30,0,174,0,0,0,0,0,119,25,30,0,174,0,0,0,174
01/19/2021,CMH,OH,AGL,CE,Combined TRACON& Tower with Radar,95,32,33,1,161,0,1,14,0,15,95,33,47,1,176,0,0,0,176
01/20/2021,CMH,OH,AGL,CE,Combined TRACON& Tower with Radar,97,30,36,0,163,0,2,11,3,16,97,32,47,3,179,0,0,0,179
01/21/2021,CMH,OH,AGL,CE,Combined TRACON& Tower with Radar,120,26,43,1,190,0,0,14,1,15,120,26,57,2,205,0,0,0,205
01/22/2021,CMH,OH,AGL,CE,Combined TRACON& Tower with Radar,121,33,25,2,181,0,2,14,0,16,121,35,39,2,197,0,0,0,197
01/23/2021,CMH,OH,AGL,CE,Combined TRACON& Tower with Radar,117,29,18,1,165,0,0,35,0,35,117,29,53,1,200,0,0,0,200
01/24/2021,CMH,OH,AGL,CE,Combined TRACON& Tower with Radar,119,18,18,0,155,0,1,10,0,11,119,19,28,0,166,0,0,0,166
01/25/2021,CMH,OH,AGL,CE,Combined TRACON& Tower with Radar,121,38,31,0,190,0,0,0,0,0,121,38,31,0,190,0,0,0,190
01/26/2021,CMH,OH,AGL,CE,Combined TRACON& Tower with Radar,87,31,31,0,149,0,0,0,0,0,87,31,31,0,149,0,0,0,149
01/27/2021,CMH,OH,AGL,CE,Combined TRACON& Tower with Radar,96,26,43,0,165,0,0,2,0,2,96,26,45,0,167,0,0,0,167
01/28/2021,CMH,OH,AGL,CE,Combined TRACON& Tower with Radar,118,31,38,0,187,0,0,7,0,7,118,31,45,0,194,0,0,0,194
01/29/2021,CMH,OH,AGL,CE,Combined TRACON& Tower with Radar,125,37,29,2,193,0,4,29,0,33,125,41,58,2,226,0,0,0,226
01/30/2021,CMH,OH,AGL,CE,Combined TRACON& Tower with Radar,111,27,36,0,174,0,0,16,1,17,111,27,52,1,191,0,0,0,191
01/31/2021,CMH,OH,AGL,CE,Combined TRACON& Tower with Radar,122,24,11,0,157,0,0,0,0,0,122,24,11,0,157,0,0,0,157
02/01/2021,CMH,OH,AGL,CE,Combined TRACON& Tower with Radar,111,22,18,0,151,0,0,0,0,0,111,22,18,0,151,0,0,0,151
02/02/2021,CMH,OH,AGL,CE,Combined TRACON& Tower with Radar,94,25,22,0,141,0,0,3,6,9,94,25,25,6,150,0,0,0,150
02/03/2021,CMH,OH,AGL,CE,Combined TRACON& Tower with Radar,97,39,58,0,194,0,0,8,0,8,97,39,66,0,202,0,0,0,202
02/04/2021,CMH,OH,AGL,CE,Combined TRACON& Tower with Radar,119,31,30,0,180,0,0,4,0,4,119,31,34,0,184,0,0,0,184
02/05/2021,CMH,OH,AGL,CE,Combined TRACON& Tower with Radar,121,24,36,2,183,0,0,2,0,2,121,24,38,2,185,0,0,0,185
02/06/2021,CMH,OH,AGL,CE,Combined TRACON& Tower with Radar,117,25,22,0,164,0,4,7,0,11,117,29,29,0,175,0,0,0,175
02/07/2021,CMH,OH,AGL,CE,Combined TRACON& Tower with Radar,124,21,19,0,164,0,0,10,0,10,124,21,29,0,174,0,0,0,174
02/08/2021,CMH,OH,AGL,CE,Combined TRACON& Tower with Radar,125,25,35,0,185,0,0,9,0,9,125,25,44,0,194,0,0,0,194
02/09/2021,CMH,OH,AGL,CE,Combined TRACON& Tower with Radar,94,39,34,0,167,0,0,0,0,0,94,39,34,0,167,0,0,0,167
02/10/2021,CMH,OH,AGL,CE,Combined TRACON& Tower with Radar,98,36,43,0,177,0,0,1,0,1,98,36,44,0,178,0,0,0,178
02/11/2021,CMH,OH,AGL,CE,Combined TRACON& Tower with Radar,131,38,59,0,228,0,0,6,0,6,131,38,65,0,234,0,0,0,234
02/12/2021,CMH,OH,AGL,CE,Combined TRACON& Tower with Radar,130,44,40,0,214,0,2,5,0,7,130,46,45,0,221,0,0,0,221
02/13/2021,CMH,OH,AGL,CE,Combined TRACON& Tower with Radar,114,23,16,0,153,0,0,0,0,0,114,23,16,0,153,0,0,0,153
02/14/2021,CMH,OH,AGL,CE,Combined TRACON& Tower with Radar,106,23,20,0,149,0,0,1,0,1,106,23,21,0,150,0,0,0,150
02/15/2021,CMH,OH,AGL,CE,Combined TRACON& Tower with Radar,105,31,27,0,163,0,0,0,0,0,105,31,27,0,163,0,0,0,163
02/16/2021,CMH,OH,AGL,CE,Combined TRACON& Tower with Radar,82,51,23,0,156,0,0,0,0,0,82,51,23,0,156,0,0,0,156
02/17/2021,CMH,OH,AGL,CE,Combined TRACON& Tower with Radar,83,46,49,0,178,0,2,4,0,6,83,48,53,0,184,0,0,0,184
02/18/2021,CMH,OH,AGL,CE,Combined TRACON& Tower with Radar,102,58,32,0,192,0,0,0,0,0,102,58,32,0,192,0,0,0,192
02/19/2021,CMH,OH,AGL,CE,Combined TRACON& Tower with Radar,121,39,33,2,195,0,0,3,0,3,121,39,36,2,198,0,0,0,198
02/20/2021,CMH,OH,AGL,CE,Combined TRACON& Tower with Radar,116,33,29,0,178,0,0,8,0,8,116,33,37,0,186,0,0,0,186
02/21/2021,CMH,OH,AGL,CE,Combined TRACON& Tower with Radar,119,33,41,3,196,0,0,14,1,15,119,33,55,4,211,0,0,0,211
02/22/2021,CMH,OH,AGL,CE,Combined TRACON& Tower with Radar,123,26,30,0,179,0,0,3,0,3,123,26,33,0,182,0,0,0,182
02/23/2021,CMH,OH,AGL,CE,Combined TRACON& Tower with Radar,93,36,35,0,164,0,2,10,0,12,93,38,45,0,176,0,0,0,176
02/24/2021,CMH,OH,AGL,CE,Combined TRACON& Tower with Radar,99,43,44,0,186,0,3,6,0,9,99,46,50,0,195,0,0,0,195
02/25/2021,CMH,OH,AGL,CE,Combined TRACON& Tower with Radar,120,39,62,0,221,0,4,43,0,47,120,43,105,0,268,0,0,0,268
02/26/2021,CMH,OH,AGL,CE,Combined TRACON& Tower with Radar,129,35,38,0,202,0,0,18,0,18,129,35,56,0,220,0,0,0,220
02/27/2021,CMH,OH,AGL,CE,Combined TRACON& Tower with Radar,116,31,27,1,175,0,2,12,2,16,116,33,39,3,191,0,0,0,191
02/28/2021,CMH,OH,AGL,CE,Combined TRACON& Tower with Radar,123,25,28,1,177,0,0,0,0,0,123,25,28,1,177,0,0,0,177
03/01/2021,CMH,OH,AGL,CE,Combined TRACON& Tower with Radar,126,35,30,0,191,0,0,8,2,10,126,35,38,2,201,0,0,0,201
03/02/2021,CMH,OH,AGL,CE,Combined TRACON& Tower with Radar,97,35,46,0,178,0,0,23,0,23,97,35,69,0,201,0,0,0,201
03/03/2021,CMH,OH,AGL,CE,Combined TRACON& Tower with Radar,100,41,38,0,179,0,5,13,0,18,100,46,51,0,197,0,0,0,197
03/04/2021,CMH,OH,AGL,CE,Combined TRACON& Tower with Radar,125,44,54,2,225,0,1,10,0,11,125,45,64,2,236,0,0,0,236
03/05/2021,CMH,OH,AGL,CE,Combined TRACON& Tower with Radar,134,39,24,1,198,0,4,11,0,15,134,43,35,1,213,0,0,0,213
03/06/2021,CMH,OH,AGL,CE,Combined TRACON& Tower with Radar,126,33,20,0,179,0,4,24,0,28,126,37,44,0,207,0,0,0,207
03/07/2021,CMH,OH,AGL,CE,Combined TRACON& Tower with Radar,142,40,23,0,205,0,3,18,0,21,142,43,41,0,226,0,0,0,226
03/08/2021,CMH,OH,AGL,CE,Combined TRACON& Tower with Radar,148,40,36,0,224,1,3,21,0,25,149,43,57,0,249,0,0,0,249
03/09/2021,CMH,OH,AGL,CE,Combined TRACON& Tower with Radar,106,45,49,8,208,0,1,21,0,22,106,46,70,8,230,0,0,0,230
03/10/2021,CMH,OH,AGL,CE,Combined TRACON& Tower with Radar,118,59,39,4,220,0,3,10,1,14,118,62,49,5,234,0,0,0,234
03/11/2021,CMH,OH,AGL,CE,Combined TRACON& Tower with Radar,158,33,47,4,242,0,0,6,0,6,158,33,53,4,248,0,0,0,248
03/12/2021,CMH,OH,AGL,CE,Combined TRACON& Tower with Radar,155,39,47,3,244,0,1,18,0,19,155,40,65,3,263,0,0,0,263
03/13/2021,CMH,OH,AGL,CE,Combined TRACON& Tower with Radar,151,28,17,0,196,0,0,24,1,25,151,28,41,1,221,0,0,0,221
03/14/2021,CMH,OH,AGL,CE,Combined TRACON& Tower with Radar,142,24,21,4,191,0,0,11,0,11,142,24,32,4,202,0,0,0,202
03/15/2021,CMH,OH,AGL,CE,Combined TRACON& Tower with Radar,161,37,29,2,229,0,0,18,0,18,161,37,47,2,247,0,0,0,247
03/16/2021,CMH,OH,AGL,CE,Combined TRACON& Tower with Radar,133,35,19,1,188,0,0,0,0,0,133,35,19,1,188,0,0,0,188
03/17/2021,CMH,OH,AGL,CE,Combined TRACON& Tower with Radar,134,49,40,0,223,0,0,14,0,14,134,49,54,0,237,0,0,0,237
03/18/2021,CMH,OH,AGL,CE,Combined TRACON& Tower with Radar,154,45,44,2,245,0,0,0,0,0,154,45,44,2,245,0,0,0,245
03/19/2021,CMH,OH,AGL,CE,Combined TRACON& Tower with Radar,158,41,44,2,245,0,1,2,0,3,158,42,46,2,248,0,0,0,248
03/20/2021,CMH,OH,AGL,CE,Combined TRACON& Tower with Radar,156,46,30,3,235,0,3,27,2,32,156,49,57,5,267,0,0,0,267
03/21/2021,CMH,OH,AGL,CE,Combined TRACON& Tower with Radar,162,29,22,0,213,0,2,12,0,14,162,31,34,0,227,0,0,0,227
03/22/2021,CMH,OH,AGL,CE,Combined TRACON& Tower with Radar,161,50,44,1,256,0,1,15,0,16,161,51,59,1,272,0,0,0,272
03/23/2021,CMH,OH,AGL,CE,Combined TRACON& Tower with Radar,141,42,44,3,230,0,1,6,0,7,141,43,50,3,237,0,0,0,237
03/24/2021,CMH,OH,AGL,CE,Combined TRACON& Tower with Radar,138,54,44,3,239,0,2,8,1,11,138,56,52,4,250,0,0,0,250
03/25/2021,CMH,OH,AGL,CE,Combined TRACON& Tower with Radar,162,37,40,1,240,0,0,6,2,8,162,37,46,3,248,0,0,0,248
03/26/2021,CMH,OH,AGL,CE,Combined TRACON& Tower with Radar,177,40,44,0,261,0,1,2,1,4,177,41,46,1,265,0,0,0,265
03/27/2021,CMH,OH,AGL,CE,Combined TRACON& Tower with Radar,166,43,16,0,225,0,4,7,1,12,166,47,23,1,237,0,0,0,237
03/28/2021,CMH,OH,AGL,CE,Combined TRACON& Tower with Radar,168,30,29,1,228,0,0,2,0,2,168,30,31,1,230,0,0,0,230
03/29/2021,CMH,OH,AGL,CE,Combined TRACON& Tower with Radar,163,28,42,0,233,0,8,10,0,18,163,36,52,0,251,0,0,0,251
03/30/2021,CMH,OH,AGL,CE,Combined TRACON& Tower with Radar,148,31,39,0,218,0,0,11,0,11,148,31,50,0,229,0,0,0,229
03/31/2021,CMH,OH,AGL,CE,Combined TRACON& Tower with Radar,141,27,34,0,202,0,0,4,0,4,141,27,38,0,206,0,0,0,206
04/01/2021,CMH,OH,AGL,CE,Combined TRACON& Tower with Radar,164,33,37,0,234,0,2,2,0,4,164,35,39,0,238,0,0,0,238
04/02/2021,CMH,OH,AGL,CE,Combined TRACON& Tower with Radar,178,40,37,0,255,0,2,15,0,17,178,42,52,0,272,0,0,0,272
04/03/2021,CMH,OH,AGL,CE,Combined TRACON& Tower with Radar,187,36,27,0,250,0,2,10,0,12,187,38,37,0,262,0,0,0,262
04/04/2021,CMH,OH,AGL,CE,Combined TRACON& Tower with Radar,181,38,29,0,248,0,2,11,0,13,181,40,40,0,261,0,0,0,261
04/05/2021,CMH,OH,AGL,CE,Combined TRACON& Tower with Radar,177,36,46,0,259,0,0,5,4,9,177,36,51,4,268,0,0,0,268
04/06/2021,CMH,OH,AGL,CE,Combined TRACON& Tower with Radar,147,39,43,0,229,0,0,14,0,14,147,39,57,0,243,0,0,0,243
04/07/2021,CMH,OH,AGL,CE,Combined TRACON& Tower with Radar,146,43,40,2,231,0,5,17,0,22,146,48,57,2,253,0,0,0,253
04/08/2021,CMH,OH,AGL,CE,Combined TRACON& Tower with Radar,171,42,41,0,254,0,0,3,0,3,171,42,44,0,257,0,0,0,257
04/09/2021,CMH,OH,AGL,CE,Combined TRACON& Tower with Radar,175,27,18,0,220,0,0,9,0,9,175,27,27,0,229,0,0,0,229
04/10/2021,CMH,OH,AGL,CE,Combined TRACON& Tower with Radar,159,37,17,0,213,0,2,14,2,18,159,39,31,2,231,0,0,0,231
04/11/2021,CMH,OH,AGL,CE,Combined TRACON& Tower with Radar,155,28,18,0,201,0,0,2,0,2,155,28,20,0,203,0,0,0,203
04/12/2021,CMH,OH,AGL,CE,Combined TRACON& Tower with Radar,163,40,53,0,256,0,1,2,0,3,163,41,55,0,259,0,0,0,259
04/13/2021,CMH,OH,AGL,CE,Combined TRACON& Tower with Radar,129,50,40,0,219,0,2,18,0,20,129,52,58,0,239,0,0,0,239
04/14/2021,CMH,OH,AGL,CE,Combined TRACON& Tower with Radar,126,55,32,0,213,0,2,5,0,7,126,57,37,0,220,0,0,0,220
04/15/2021,CMH,OH,AGL,CE,Combined TRACON& Tower with Radar,157,38,45,4,244,0,0,10,0,10,157,38,55,4,254,0,0,0,254
04/16/2021,CMH,OH,AGL,CE,Combined TRACON& Tower with Radar,158,37,37,4,236,0,2,12,0,14,158,39,49,4,250,0,0,0,250
04/17/2021,CMH,OH,AGL,CE,Combined TRACON& Tower with Radar,145,22,18,2,187,0,0,11,0,11,145,22,29,2,198,0,0,0,198
04/18/2021,CMH,OH,AGL,CE,Combined TRACON& Tower with Radar,158,41,21,0,220,0,0,9,0,9,158,41,30,0,229,0,0,0,229
04/19/2021,CMH,OH,AGL,CE,Combined TRACON& Tower with Radar,157,39,37,0,233,0,1,2,0,3,157,40,39,0,236,0,0,0,236
04/20/2021,CMH,OH,AGL,CE,Combined TRACON& Tower with Radar,124,50,41,0,215,0,2,7,0,9,124,52,48,0,224,0,0,0,224
04/21/2021,CMH,OH,AGL,CE,Combined TRACON& Tower with Radar,125,46,39,0,210,0,0,4,0,4,125,46,43,0,214,0,0,0,214
04/22/2021,CMH,OH,AGL,CE,Combined TRACON& Tower with Radar,160,27,44,4,235,0,2,14,0,16,160,29,58,4,251,0,0,0,251
04/23/2021,CMH,OH,AGL,CE,Combined TRACON& Tower with Radar,158,32,44,0,234,0,0,8,1,9,158,32,52,1,243,0,0,0,243
04/24/2021,CMH,OH,AGL,CE,Combined TRACON& Tower with Radar,133,28,19,1,181,0,1,6,0,7,133,29,25,1,188,0,0,0,188
04/25/2021,CMH,OH,AGL,CE,Combined TRACON& Tower with Radar,160,35,23,1,219,0,2,7,0,9,160,37,30,1,228,0,0,0,228
04/26/2021,CMH,OH,AGL,CE,Combined TRACON& Tower with Radar,160,34,59,0,253,0,0,10,0,10,160,34,69,0,263,0,0,0,263
04/27/2021,CMH,OH,AGL,CE,Combined TRACON& Tower with Radar,124,36,51,1,212,0,0,17,4,21,124,36,68,5,233,0,0,0,233
04/28/2021,CMH,OH,AGL,CE,Combined TRACON& Tower with Radar,127,37,39,0,203,0,3,0,0,3,127,40,39,0,206,0,0,0,206
04/29/2021,CMH,OH,AGL,CE,Combined TRACON& Tower with Radar,162,35,45,1,243,0,0,0,0,0,162,35,45,1,243,0,0,0,243
04/30/2021,CMH,OH,AGL,CE,Combined TRACON& Tower with Radar,158,33,41,1,233,0,3,11,0,14,158,36,52,1,247,0,0,0,247
05/01/2021,CMH,OH,AGL,CE,Combined TRACON& Tower with Radar,140,41,22,0,203,0,2,19,0,21,140,43,41,0,224,0,0,0,224
05/02/2021,CMH,OH,AGL,CE,Combined TRACON& Tower with Radar,164,48,33,0,245,0,0,20,0,20,164,48,53,0,265,0,0,0,265
05/03/2021,CMH,OH,AGL,CE,Combined TRACON& Tower with Radar,160,33,26,1,220,0,2,3,1,6,160,35,29,2,226,0,0,0,226
05/04/2021,CMH,OH,AGL,CE,Combined TRACON& Tower with Radar,127,42,48,0,217,0,0,1,0,1,127,42,49,0,218,0,0,0,218
05/05/2021,CMH,OH,AGL,CE,Combined TRACON& Tower with Radar,132,55,32,0,219,0,2,7,0,9,132,57,39,0,228,0,0,0,228
05/06/2021,CMH,OH,AGL,CE,Combined TRACON& Tower with Radar,169,55,54,2,280,0,0,17,0,17,169,55,71,2,297,0,0,0,297
05/07/2021,CMH,OH,AGL,CE,Combined TRACON& Tower with Radar,170,36,47,3,256,0,0,1,3,4,170,36,48,6,260,0,0,0,260
05/08/2021,CMH,OH,AGL,CE,Combined TRACON& Tower with Radar,154,21,29,2,206,0,4,20,1,25,154,25,49,3,231,0,0,0,231
05/09/2021,CMH,OH,AGL,CE,Combined TRACON& Tower with Radar,173,35,18,3,229,0,0,0,0,0,173,35,18,3,229,0,0,0,229
05/10/2021,CMH,OH,AGL,CE,Combined TRACON& Tower with Radar,170,44,35,0,249,0,2,4,0,6,170,46,39,0,255,0,0,0,255
05/11/2021,CMH,OH,AGL,CE,Combined TRACON& Tower with Radar,148,23,42,0,213,0,2,12,2,16,148,25,54,2,229,0,0,0,229
05/12/2021,CMH,OH,AGL,CE,Combined TRACON& Tower with Radar,157,54,58,0,269,0,1,10,0,11,157,55,68,0,280,0,0,0,280
05/13/2021,CMH,OH,AGL,CE,Combined TRACON& Tower with Radar,175,53,59,0,287,0,4,20,0,24,175,57,79,0,311,0,0,0,311
05/14/2021,CMH,OH,AGL,CE,Combined TRACON& Tower with Radar,172,38,36,0,246,0,1,18,0,19,172,39,54,0,265,0,0,0,265
05/15/2021,CMH,OH,AGL,CE,Combined TRACON& Tower with Radar,153,28,26,0,207,0,2,20,0,22,153,30,46,0,229,0,0,0,229
05/16/2021,CMH,OH,AGL,CE,Combined TRACON& Tower with Radar,172,33,38,0,243,0,2,11,0,13,172,35,49,0,256,0,0,0,256
05/17/2021,CMH,OH,AGL,CE,Combined TRACON& Tower with Radar,181,38,39,0,258,0,0,3,0,3,181,38,42,0,261,0,0,0,261
05/18/2021,CMH,OH,AGL,CE,Combined TRACON& Tower with Radar,156,50,43,0,249,0,2,9,0,11,156,52,52,0,260,0,0,0,260
05/19/2021,CMH,OH,AGL,CE,Combined TRACON& Tower with Radar,161,54,52,0,267,0,0,10,0,10,161,54,62,0,277,0,0,0,277
05/20/2021,CMH,OH,AGL,CE,Combined TRACON& Tower with Radar,179,35,61,0,275,0,3,13,0,16,179,38,74,0,291,0,0,0,291
05/21/2021,CMH,OH,AGL,CE,Combined TRACON& Tower with Radar,178,28,34,3,243,0,7,15,0,22,178,35,49,3,265,0,0,0,265
05/22/2021,CMH,OH,AGL,CE,Combined TRACON& Tower with Radar,163,33,21,3,220,0,6,11,0,17,163,39,32,3,237,0,0,0,237
05/23/2021,CMH,OH,AGL,CE,Combined TRACON& Tower with Radar,178,28,32,0,238,0,3,1,1,5,178,31,33,1,243,0,0,0,243
05/24/2021,CMH,OH,AGL,CE,Combined TRACON& Tower with Radar,182,38,44,0,264,0,1,17,0,18,182,39,61,0,282,0,0,0,282
05/25/2021,CMH,OH,AGL,CE,Combined TRACON& Tower with Radar,160,36,41,7,244,0,4,9,0,13,160,40,50,7,257,0,0,0,257
05/26/2021,CMH,OH,AGL,CE,Combined TRACON& Tower with Radar,159,42,61,10,272,0,1,7,1,9,159,43,68,11,281,10,0,10,291
05/27/2021,CMH,OH,AGL,CE,Combined TRACON& Tower with Radar,185,45,55,2,287,0,3,15,1,19,185,48,70,3,306,0,0,0,306
05/28/2021,CMH,OH,AGL,CE,Combined TRACON& Tower with Radar,193,25,38,0,256,0,0,1,0,1,193,25,39,0,257,0,0,0,257
05/29/2021,CMH,OH,AGL,CE,Combined TRACON& Tower with Radar,163,31,30,0,224,0,0,4,0,4,163,31,34,0,228,0,0,0,228
05/30/2021,CMH,OH,AGL,CE,Combined TRACON& Tower with Radar,167,17,25,0,209,0,3,8,4,15,167,20,33,4,224,0,0,0,224
05/31/2021,CMH,OH,AGL,CE,Combined TRACON& Tower with Radar,186,22,27,0,235,0,2,15,0,17,186,24,42,0,252,0,0,0,252
06/01/2021,CMH,OH,AGL,CE,Combined TRACON& Tower with Radar,166,39,51,0,256,0,0,8,1,9,166,39,59,1,265,0,0,0,265
06/02/2021,CMH,OH,AGL,CE,Combined TRACON& Tower with Radar,170,42,41,0,253,0,0,2,0,2,170,42,43,0,255,0,0,0,255
06/03/2021,CMH,OH,AGL,CE,Combined TRACON& Tower with Radar,179,34,50,0,263,0,0,2,0,2,179,34,52,0,265,0,0,0,265
06/04/2021,CMH,OH,AGL,CE,Combined TRACON& Tower with Radar,189,44,43,0,276,0,0,5,0,5,189,44,48,0,281,0,0,0,281
06/05/2021,CMH,OH,AGL,CE,Combined TRACON& Tower with Radar,175,36,29,0,240,0,2,13,0,15,175,38,42,0,255,0,0,0,255
06/06/2021,CMH,OH,AGL,CE,Combined TRACON& Tower with Radar,209,38,33,1,281,0,0,17,0,17,209,38,50,1,298,0,0,0,298
06/07/2021,CMH,OH,AGL,CE,Combined TRACON& Tower with Radar,189,33,41,2,265,0,6,6,1,13,189,39,47,3,278,0,0,0,278
06/08/2021,CMH,OH,AGL,CE,Combined TRACON& Tower with Radar,187,39,56,2,284,0,0,7,0,7,187,39,63,2,291,0,0,0,291
06/09/2021,CMH,OH,AGL,CE,Combined TRACON& Tower with Radar,184,49,59,0,292,0,0,0,0,0,184,49,59,0,292,0,0,0,292
06/10/2021,CMH,OH,AGL,CE,Combined TRACON& Tower with Radar,196,49,63,2,310,0,2,2,0,4,196,51,65,2,314,0,0,0,314
06/11/2021,CMH,OH,AGL,CE,Combined TRACON& Tower with Radar,203,46,46,0,295,0,0,5,0,5,203,46,51,0,300,0,0,0,300
06/12/2021,CMH,OH,AGL,CE,Combined TRACON& Tower with Radar,196,28,14,0,238,0,0,10,0,10,196,28,24,0,248,6,0,6,254
06/13/2021,CMH,OH,AGL,CE,Combined TRACON& Tower with Radar,203,31,41,1,276,0,2,10,0,12,203,33,51,1,288,0,0,0,288
06/14/2021,CMH,OH,AGL,CE,Combined TRACON& Tower with Radar,204,46,37,0,287,0,0,11,0,11,204,46,48,0,298,0,0,0,298
06/15/2021,CMH,OH,AGL,CE,Combined TRACON& Tower with Radar,186,46,62,0,294,0,2,11,0,13,186,48,73,0,307,0,0,0,307
06/16/2021,CMH,OH,AGL,CE,Combined TRACON& Tower with Radar,180,46,62,0,288,0,1,21,0,22,180,47,83,0,310,0,0,0,310
06/17/2021,CMH,OH,AGL,CE,Combined TRACON& Tower with Radar,199,55,43,0,297,0,0,12,0,12,199,55,55,0,309,0,0,0,309
06/18/2021,CMH,OH,AGL,CE,Combined TRACON& Tower with Radar,202,51,42,0,295,0,4,1,0,5,202,55,43,0,300,0,0,0,300
06/19/2021,CMH,OH,AGL,CE,Combined TRACON& Tower with Radar,194,44,18,0,256,0,0,2,0,2,194,44,20,0,258,0,0,0,258
06/20/2021,CMH,OH,AGL,CE,Combined TRACON& Tower with Radar,202,32,30,4,268,0,0,3,0,3,202,32,33,4,271,0,0,0,271
06/21/2021,CMH,OH,AGL,CE,Combined TRACON& Tower with Radar,195,32,39,1,267,0,0,3,0,3,195,32,42,1,270,0,0,0,270
06/22/2021,CMH,OH,AGL,CE,Combined TRACON& Tower with Radar,185,32,62,3,282,0,2,7,2,11,185,34,69,5,293,0,0,0,293
06/23/2021,CMH,OH,AGL,CE,Combined TRACON& Tower with Radar,186,44,66,2,298,0,0,5,0,5,186,44,71,2,303,0,0,0,303
06/24/2021,CMH,OH,AGL,CE,Combined TRACON& Tower with Radar,197,31,68,0,296,0,2,12,1,15,197,33,80,1,311,0,0,0,311
06/25/2021,CMH,OH,AGL,CE,Combined TRACON& Tower with Radar,202,37,54,0,293,0,0,2,1,3,202,37,56,1,296,0,0,0,296
06/26/2021,CMH,OH,AGL,CE,Combined TRACON& Tower with Radar,192,32,19,0,243,0,0,6,0,6,192,32,25,0,249,0,0,0,249
06/27/2021,CMH,OH,AGL,CE,Combined TRACON& Tower with Radar,207,27,32,0,266,0,3,8,0,11,207,30,40,0,277,0,0,0,277
06/28/2021,CMH,OH,AGL,CE,Combined TRACON& Tower with Radar,200,32,45,1,278,0,0,6,1,7,200,32,51,2,285,0,0,0,285
06/29/2021,CMH,OH,AGL,CE,Combined TRACON& Tower with Radar,186,49,47,2,284,0,5,5,0,10,186,54,52,2,294,0,0,0,294
06/30/2021,CMH,OH,AGL,CE,Combined TRACON& Tower with Radar,180,54,55,0,289,0,0,2,0,2,180,54,57,0,291,0,0,0,291
07/01/2021,CMH,OH,AGL,CE,Combined TRACON& Tower with Radar,199,56,43,4,302,0,0,2,0,2,199,56,45,4,304,0,0,0,304
07/02/2021,CMH,OH,AGL,CE,Combined TRACON& Tower with Radar,189,44,42,1,276,0,0,5,0,5,189,44,47,1,281,0,0,0,281
07/03/2021,CMH,OH,AGL,CE,Combined TRACON& Tower with Radar,197,40,19,0,256,0,2,11,2,15,197,42,30,2,271,0,0,0,271
07/04/2021,CMH,OH,AGL,CE,Combined TRACON& Tower with Radar,184,27,12,0,223,0,0,15,4,19,184,27,27,4,242,6,0,6,248
07/05/2021,CMH,OH,AGL,CE,Combined TRACON& Tower with Radar,197,33,27,3,260,0,1,9,0,10,197,34,36,3,270,0,0,0,270
07/06/2021,CMH,OH,AGL,CE,Combined TRACON& Tower with Radar,187,38,36,0,261,0,4,19,3,26,187,42,55,3,287,0,0,0,287
07/07/2021,CMH,OH,AGL,CE,Combined TRACON& Tower with Radar,187,33,41,0,261,0,3,4,0,7,187,36,45,0,268,0,0,0,268
07/08/2021,CMH,OH,AGL,CE,Combined TRACON& Tower with Radar,199,55,50,0,304,0,0,0,0,0,199,55,50,0,304,0,0,0,304
07/09/2021,CMH,OH,AGL,CE,Combined TRACON& Tower with Radar,206,46,42,4,298,0,1,9,0,10,206,47,51,4,308,0,0,0,308
07/10/2021,CMH,OH,AGL,CE,Combined TRACON& Tower with Radar,203,36,30,0,269,0,0,4,0,4,203,36,34,0,273,0,0,0,273
07/11/2021,CMH,OH,AGL,CE,Combined TRACON& Tower with Radar,217,31,43,0,291,0,0,2,0,2,217,31,45,0,293,0,0,0,293
07/12/2021,CMH,OH,AGL,CE,Combined TRACON& Tower with Radar,194,44,67,2,307,0,0,6,0,6,194,44,73,2,313,0,0,0,313
07/13/2021,CMH,OH,AGL,CE,Combined TRACON& Tower with Radar,199,52,61,0,312,0,0,4,0,4,199,52,65,0,316,0,0,0,316
07/14/2021,CMH,OH,AGL,CE,Combined TRACON& Tower with Radar,192,43,71,3,309,0,1,10,0,11,192,44,81,3,320,0,0,0,320
07/15/2021,CMH,OH,AGL,CE,Combined TRACON& Tower with Radar,203,45,73,0,321,0,0,12,0,12,203,45,85,0,333,0,0,0,333
07/16/2021,CMH,OH,AGL,CE,Combined TRACON& Tower with Radar,208,42,46,0,296,0,0,9,0,9,208,42,55,0,305,0,0,0,305
07/17/2021,CMH,OH,AGL,CE,Combined TRACON& Tower with Radar,206,29,33,0,268,0,0,4,0,4,206,29,37,0,272,0,0,0,272
07/18/2021,CMH,OH,AGL,CE,Combined TRACON& Tower with Radar,213,43,36,0,292,0,0,6,0,6,213,43,42,0,298,0,0,0,298
07/19/2021,CMH,OH,AGL,CE,Combined TRACON& Tower with Radar,209,45,41,0,295,0,4,4,0,8,209,49,45,0,303,0,0,0,303
07/20/2021,CMH,OH,AGL,CE,Combined TRACON& Tower with Radar,201,46,55,0,302,0,0,9,0,9,201,46,64,0,311,0,0,0,311
07/21/2021,CMH,OH,AGL,CE,Combined TRACON& Tower with Radar,196,41,71,8,316,0,2,8,0,10,196,43,79,8,326,0,0,0,326
07/22/2021,CMH,OH,AGL,CE,Combined TRACON& Tower with Radar,199,43,66,0,308,0,3,19,0,22,199,46,85,0,330,0,0,0,330
07/23/2021,CMH,OH,AGL,CE,Combined TRACON& Tower with Radar,214,52,47,0,313,0,0,19,0,19,214,52,66,0,332,0,0,0,332
07/24/2021,CMH,OH,AGL,CE,Combined TRACON& Tower with Radar,206,31,33,0,270,0,2,8,0,10,206,33,41,0,280,0,0,0,280
07/25/2021,CMH,OH,AGL,CE,Combined TRACON& Tower with Radar,219,34,39,0,292,0,2,5,0,7,219,36,44,0,299,0,0,0,299
07/26/2021,CMH,OH,AGL,CE,Combined TRACON& Tower with Radar,205,32,51,0,288,0,5,12,2,19,205,37,63,2,307,0,0,0,307
07/27/2021,CMH,OH,AGL,CE,Combined TRACON& Tower with Radar,189,37,50,0,276,0,4,13,0,17,189,41,63,0,293,0,0,0,293
07/28/2021,CMH,OH,AGL,CE,Combined TRACON& Tower with Radar,191,42,67,2,302,0,3,14,0,17,191,45,81,2,319,0,0,0,319
07/29/2021,CMH,OH,AGL,CE,Combined TRACON& Tower with Radar,211,48,53,0,312,0,1,5,2,8,211,49,58,2,320,0,0,0,320
07/30/2021,CMH,OH,AGL,CE,Combined TRACON& Tower with Radar,210,43,45,0,298,0,1,8,0,9,210,44,53,0,307,0,0,0,307
07/31/2021,CMH,OH,AGL,CE,Combined TRACON& Tower with Radar,198,37,25,0,260,0,3,12,2,17,198,40,37,2,277,0,0,0,277
08/01/2021,CMH,OH,AGL,CE,Combined TRACON& Tower with Radar,208,39,32,0,279,0,0,9,1,10,208,39,41,1,289,0,0,0,289
08/02/2021,CMH,OH,AGL,CE,Combined TRACON& Tower with Radar,203,31,44,1,279,0,0,16,1,17,203,31,60,2,296,0,0,0,296
08/03/2021,CMH,OH,AGL,CE,Combined TRACON& Tower with Radar,176,35,47,1,259,0,4,9,0,13,176,39,56,1,272,0,0,0,272
08/04/2021,CMH,OH,AGL,CE,Combined TRACON& Tower with Radar,172,40,50,0,262,0,2,13,0,15,172,42,63,0,277,0,0,0,277
08/05/2021,CMH,OH,AGL,CE,Combined TRACON& Tower with Radar,194,34,52,6,286,0,2,13,0,15,194,36,65,6,301,0,0,0,301
08/06/2021,CMH,OH,AGL,CE,Combined TRACON& Tower with Radar,195,42,43,8,288,0,0,15,0,15,195,42,58,8,303,0,0,0,303
08/07/2021,CMH,OH,AGL,CE,Combined TRACON& Tower with Radar,192,46,20,2,260,0,0,10,2,12,192,46,30,4,272,0,0,0,272
08/08/2021,CMH,OH,AGL,CE,Combined TRACON& Tower with Radar,209,30,30,1,270,0,1,9,1,11,209,31,39,2,281,0,0,0,281
08/09/2021,CMH,OH,AGL,CE,Combined TRACON& Tower with Radar,199,35,52,0,286,0,0,9,1,10,199,35,61,1,296,0,0,0,296
08/10/2021,CMH,OH,AGL,CE,Combined TRACON& Tower with Radar,179,42,55,0,276,0,0,7,1,8,179,42,62,1,284,0,0,0,284
08/11/2021,CMH,OH,AGL,CE,Combined TRACON& Tower with Radar,189,54,48,3,294,0,2,3,0,5,189,56,51,3,299,0,0,0,299
08/12/2021,CMH,OH,AGL,CE,Combined TRACON& Tower with Radar,197,45,57,0,299,0,1,2,1,4,197,46,59,1,303,0,0,0,303
08/13/2021,CMH,OH,AGL,CE,Combined TRACON& Tower with Radar,208,35,39,0,282,0,0,1,0,1,208,35,40,0,283,0,0,0,283
08/14/2021,CMH,OH,AGL,CE,Combined TRACON& Tower with Radar,188,20,32,0,240,0,2,7,0,9,188,22,39,0,249,0,0,0,249
08/15/2021,CMH,OH,AGL,CE,Combined TRACON& Tower with Radar,209,32,37,0,278,0,1,6,0,7,209,33,43,0,285,0,0,0,285
08/16/2021,CMH,OH,AGL,CE,Combined TRACON& Tower with Radar,209,55,54,0,318,0,0,0,0,0,209,55,54,0,318,0,0,0,318
08/17/2021,CMH,OH,AGL,CE,Combined TRACON& Tower with Radar,185,38,54,0,277,0,0,0,0,0,185,38,54,0,277,0,0,0,277
08/18/2021,CMH,OH,AGL,CE,Combined TRACON& Tower with Radar,179,56,65,0,300,0,2,6,0,8,179,58,71,0,308,0,0,0,308
08/19/2021,CMH,OH,AGL,CE,Combined TRACON& Tower with Radar,213,42,61,0,316,0,0,6,0,6,213,42,67,0,322,0,0,0,322
08/20/2021,CMH,OH,AGL,CE,Combined TRACON& Tower with Radar,210,34,50,0,294,0,0,14,0,14,210,34,64,0,308,0,0,0,308
08/21/2021,CMH,OH,AGL,CE,Combined TRACON& Tower with Radar,191,28,42,0,261,0,3,17,1,21,191,31,59,1,282,0,0,0,282
08/22/2021,CMH,OH,AGL,CE,Combined TRACON& Tower with Radar,205,33,30,0,268,0,2,12,0,14,205,35,42,0,282,0,0,0,282
08/23/2021,CMH,OH,AGL,CE,Combined TRACON& Tower with Radar,205,47,53,0,305,0,3,10,0,13,205,50,63,0,318,0,0,0,318
08/24/2021,CMH,OH,AGL,CE,Combined TRACON& Tower with Radar,180,58,68,0,306,0,11,17,0,28,180,69,85,0,334,0,0,0,334
08/25/2021,CMH,OH,AGL,CE,Combined TRACON& Tower with Radar,180,47,61,0,288,0,2,7,0,9,180,49,68,0,297,0,0,0,297
08/26/2021,CMH,OH,AGL,CE,Combined TRACON& Tower with Radar,205,48,69,0,322,0,0,2,0,2,205,48,71,0,324,0,0,0,324
08/27/2021,CMH,OH,AGL,CE,Combined TRACON& Tower with Radar,208,42,44,0,294,0,0,8,0,8,208,42,52,0,302,0,0,0,302
08/28/2021,CMH,OH,AGL,CE,Combined TRACON& Tower with Radar,194,38,45,0,277,0,1,9,1,11,194,39,54,1,288,0,0,0,288
08/29/2021,CMH,OH,AGL,CE,Combined TRACON& Tower with Radar,209,32,37,0,278,0,0,11,0,11,209,32,48,0,289,0,0,0,289
08/30/2021,CMH,OH,AGL,CE,Combined TRACON& Tower with Radar,204,42,54,0,300,0,0,5,0,5,204,42,59,0,305,0,0,0,305
08/31/2021,CMH,OH,AGL,CE,Combined TRACON& Tower with Radar,179,43,51,1,274,0,0,0,0,0,179,43,51,1,274,0,0,0,274
09/01/2021,CMH,OH,AGL,CE,Combined TRACON& Tower with Radar,179,46,42,0,267,0,5,2,1,8,179,51,44,1,275,0,0,0,275
09/02/2021,CMH,OH,AGL,CE,Combined TRACON& Tower with Radar,203,52,53,0,308,0,0,9,0,9,203,52,62,0,317,0,0,0,317
09/03/2021,CMH,OH,AGL,CE,Combined TRACON& Tower with Radar,206,36,52,0,294,0,2,14,0,16,206,38,66,0,310,0,0,0,310
09/04/2021,CMH,OH,AGL,CE,Combined TRACON& Tower with Radar,194,40,26,0,260,0,0,8,0,8,194,40,34,0,268,0,0,0,268
09/05/2021,CMH,OH,AGL,CE,Combined TRACON& Tower with Radar,188,25,10,0,223,0,1,5,2,8,188,26,15,2,231,0,0,0,231
09/06/2021,CMH,OH,AGL,CE,Combined TRACON& Tower with Radar,190,44,36,0,270,0,3,11,0,14,190,47,47,0,284,0,0,0,284
09/07/2021,CMH,OH,AGL,CE,Combined TRACON& Tower with Radar,164,40,49,0,253,0,1,8,1,10,164,41,57,1,263,0,0,0,263
09/08/2021,CMH,OH,AGL,CE,Combined TRACON& Tower with Radar,169,49,50,0,268,0,3,5,1,9,169,52,55,1,277,0,0,0,277
09/09/2021,CMH,OH,AGL,CE,Combined TRACON& Tower with Radar,204,46,71,0,321,0,0,12,0,12,204,46,83,0,333,0,0,0,333
09/10/2021,CMH,OH,AGL,CE,Combined TRACON& Tower with Radar,206,58,52,0,316,0,8,11,0,19,206,66,63,0,335,0,0,0,335
09/11/2021,CMH,OH,AGL,CE,Combined TRACON& Tower with Radar,182,49,37,0,268,0,7,12,0,19,182,56,49,0,287,0,0,0,287
09/12/2021,CMH,OH,AGL,CE,Combined TRACON& Tower with Radar,211,54,44,0,309,0,0,13,0,13,211,54,57,0,322,0,0,0,322
09/13/2021,CMH,OH,AGL,CE,Combined TRACON& Tower with Radar,210,41,41,0,292,0,0,5,0,5,210,41,46,0,297,0,0,0,297
09/14/2021,CMH,OH,AGL,CE,Combined TRACON& Tower with Radar,165,52,57,0,274,0,2,4,0,6,165,54,61,0,280,0,0,0,280
09/15/2021,CMH,OH,AGL,CE,Combined TRACON& Tower with Radar,171,46,81,0,298,0,2,5,0,7,171,48,86,0,305,0,0,0,305
09/16/2021,CMH,OH,AGL,CE,Combined TRACON& Tower with Radar,210,44,48,0,302,0,4,10,0,14,210,48,58,0,316,0,0,0,316
09/17/2021,CMH,OH,AGL,CE,Combined TRACON& Tower with Radar,213,53,51,0,317,0,2,16,0,18,213,55,67,0,335,0,0,0,335
09/18/2021,CMH,OH,AGL,CE,Combined TRACON& Tower with Radar,182,40,28,0,250,0,0,13,2,15,182,40,41,2,265,0,0,0,265
09/19/2021,CMH,OH,AGL,CE,Combined TRACON& Tower with Radar,220,45,33,0,298,0,4,16,0,20,220,49,49,0,318,0,0,0,318
09/20/2021,CMH,OH,AGL,CE,Combined TRACON& Tower with Radar,213,39,29,0,281,0,4,8,0,12,213,43,37,0,293,0,0,0,293
09/21/2021,CMH,OH,AGL,CE,Combined TRACON& Tower with Radar,177,35,62,2,276,0,0,1,0,1,177,35,63,2,277,0,0,0,277
09/22/2021,CMH,OH,AGL,CE,Combined TRACON& Tower with Radar,180,46,57,0,283,0,0,0,0,0,180,46,57,0,283,0,0,0,283
09/23/2021,CMH,OH,AGL,CE,Combined TRACON& Tower with Radar,212,57,60,0,329,0,0,3,0,3,212,57,63,0,332,0,0,0,332
09/24/2021,CMH,OH,AGL,CE,Combined TRACON& Tower with Radar,216,47,36,0,299,0,4,34,0,38,216,51,70,0,337,0,0,0,337
09/25/2021,CMH,OH,AGL,CE,Combined TRACON& Tower with Radar,180,31,34,0,245,0,0,12,0,12,180,31,46,0,257,0,0,0,257
09/26/2021,CMH,OH,AGL,CE,Combined TRACON& Tower with Radar,213,55,37,0,305,0,2,13,0,15,213,57,50,0,320,0,0,0,320
09/27/2021,CMH,OH,AGL,CE,Combined TRACON& Tower with Radar,215,57,57,0,329,0,0,4,0,4,215,57,61,0,333,0,0,0,333
09/28/2021,CMH,OH,AGL,CE,Combined TRACON& Tower with Radar,177,55,71,0,303,0,4,5,1,10,177,59,76,1,313,0,0,0,313
09/29/2021,CMH,OH,AGL,CE,Combined TRACON& Tower with Radar,174,58,48,0,280,0,4,11,1,16,174,62,59,1,296,0,0,0,296
09/30/2021,CMH,OH,AGL,CE,Combined TRACON& Tower with Radar,204,46,63,0,313,0,6,25,0,31,204,52,88,0,344,0,0,0,344
10/01/2021,CMH,OH,AGL,CE,Combined TRACON& Tower with Radar,216,52,51,0,319,0,4,14,0,18,216,56,65,0,337,0,0,0,337
10/02/2021,CMH,OH,AGL,CE,Combined TRACON& Tower with Radar,183,35,25,0,243,0,0,13,0,13,183,35,38,0,256,0,0,0,256
10/03/2021,CMH,OH,AGL,CE,Combined TRACON& Tower with Radar,213,36,31,0,280,0,0,0,0,0,213,36,31,0,280,0,0,0,280
10/04/2021,CMH,OH,AGL,CE,Combined TRACON& Tower with Radar,207,50,53,0,310,0,3,4,0,7,207,53,57,0,317,0,0,0,317
10/05/2021,CMH,OH,AGL,CE,Combined TRACON& Tower with Radar,189,55,47,0,291,0,0,9,0,9,189,55,56,0,300,0,0,0,300
10/06/2021,CMH,OH,AGL,CE,Combined TRACON& Tower with Radar,178,65,82,2,327,0,0,11,2,13,178,65,93,4,340,0,0,0,340
10/07/2021,CMH,OH,AGL,CE,Combined TRACON& Tower with Radar,222,50,86,4,362,0,2,8,0,10,222,52,94,4,372,0,0,0,372
10/08/2021,CMH,OH,AGL,CE,Combined TRACON& Tower with Radar,212,67,55,8,342,0,0,11,2,13,212,67,66,10,355,0,0,0,355
10/09/2021,CMH,OH,AGL,CE,Combined TRACON& Tower with Radar,189,33,29,0,251,0,0,8,0,8,189,33,37,0,259,0,0,0,259
10/10/2021,CMH,OH,AGL,CE,Combined TRACON& Tower with Radar,202,52,37,0,291,0,3,6,1,10,202,55,43,1,301,0,0,0,301
10/11/2021,CMH,OH,AGL,CE,Combined TRACON& Tower with Radar,210,57,42,0,309,0,0,20,0,20,210,57,62,0,329,0,0,0,329
10/12/2021,CMH,OH,AGL,CE,Combined TRACON& Tower with Radar,187,48,48,0,283,0,1,7,0,8,187,49,55,0,291,0,0,0,291
10/13/2021,CMH,OH,AGL,CE,Combined TRACON& Tower with Radar,190,37,74,18,319,0,0,7,0,7,190,37,81,18,326,0,0,0,326
10/14/2021,CMH,OH,AGL,CE,Combined TRACON& Tower with Radar,222,55,90,0,367,0,3,6,0,9,222,58,96,0,376,0,0,0,376
10/15/2021,CMH,OH,AGL,CE,Combined TRACON& Tower with Radar,223,49,40,0,312,0,1,6,0,7,223,50,46,0,319,0,0,0,319
10/16/2021,CMH,OH,AGL,CE,Combined TRACON& Tower with Radar,191,38,29,0,258,0,0,5,0,5,191,38,34,0,263,0,0,0,263
10/17/2021,CMH,OH,AGL,CE,Combined TRACON& Tower with Radar,210,48,48,0,306,0,0,8,0,8,210,48,56,0,314,0,0,0,314
10/18/2021,CMH,OH,AGL,CE,Combined TRACON& Tower with Radar,221,55,50,0,326,0,2,11,0,13,221,57,61,0,339,0,0,0,339
10/19/2021,CMH,OH,AGL,CE,Combined TRACON& Tower with Radar,196,58,49,0,303,0,0,17,0,17,196,58,66,0,320,0,0,0,320
10/20/2021,CMH,OH,AGL,CE,Combined TRACON& Tower with Radar,191,51,54,1,297,0,0,13,1,14,191,51,67,2,311,0,0,0,311
10/21/2021,CMH,OH,AGL,CE,Combined TRACON& Tower with Radar,222,53,58,0,333,0,2,3,0,5,222,55,61,0,338,0,0,0,338
10/22/2021,CMH,OH,AGL,CE,Combined TRACON& Tower with Radar,222,46,51,0,319,0,2,2,0,4,222,48,53,0,323,0,0,0,323
10/23/2021,CMH,OH,AGL,CE,Combined TRACON& Tower with Radar,186,43,27,0,256,0,0,0,0,0,186,43,27,0,256,0,0,0,256
10/24/2021,CMH,OH,AGL,CE,Combined TRACON& Tower with Radar,209,45,27,0,281,0,0,1,0,1,209,45,28,0,282,0,0,0,282
10/25/2021,CMH,OH,AGL,CE,Combined TRACON& Tower with Radar,196,42,30,0,268,0,2,1,0,3,196,44,31,0,271,0,0,0,271
10/26/2021,CMH,OH,AGL,CE,Combined TRACON& Tower with Radar,198,47,55,4,304,0,1,7,0,8,198,48,62,4,312,0,0,0,312
10/27/2021,CMH,OH,AGL,CE,Combined TRACON& Tower with Radar,193,52,62,0,307,0,0,0,2,2,193,52,62,2,309,0,0,0,309
10/28/2021,CMH,OH,AGL,CE,Combined TRACON& Tower with Radar,213,60,63,0,336,0,0,15,0,15,213,60,78,0,351,0,0,0,351
10/29/2021,CMH,OH,AGL,CE,Combined TRACON& Tower with Radar,224,69,52,1,346,0,0,1,0,1,224,69,53,1,347,0,0,0,347
10/30/2021,CMH,OH,AGL,CE,Combined TRACON& Tower with Radar,176,42,33,0,251,0,0,0,0,0,176,42,33,0,251,0,0,0,251
10/31/2021,CMH,OH,AGL,CE,Combined TRACON& Tower with Radar,175,69,57,0,301,0,0,6,0,6,175,69,63,0,307,0,0,0,307
11/01/2021,CMH,OH,AGL,CE,Combined TRACON& Tower with Radar,193,60,52,3,308,0,2,18,0,20,193,62,70,3,328,0,0,0,328
11/02/2021,CMH,OH,AGL,CE,Combined TRACON& Tower with Radar,198,56,52,5,311,0,3,14,0,17,198,59,66,5,328,0,0,0,328
11/03/2021,CMH,OH,AGL,CE,Combined TRACON& Tower with Radar,204,67,56,0,327,0,3,18,0,21,204,70,74,0,348,0,0,0,348
11/04/2021,CMH,OH,AGL,CE,Combined TRACON& Tower with Radar,242,65,75,0,382,0,0,14,0,14,242,65,89,0,396,0,0,0,396
11/05/2021,CMH,OH,AGL,CE,Combined TRACON& Tower with Radar,234,65,51,5,355,0,1,12,0,13,234,66,63,5,368,0,0,0,368
11/06/2021,CMH,OH,AGL,CE,Combined TRACON& Tower with Radar,199,38,23,6,266,0,0,20,0,20,199,38,43,6,286,0,0,0,286
11/07/2021,CMH,OH,AGL,CE,Combined TRACON& Tower with Radar,220,48,47,0,315,0,2,21,0,23,220,50,68,0,338,0,0,0,338
11/08/2021,CMH,OH,AGL,CE,Combined TRACON& Tower with Radar,224,47,43,2,316,0,3,23,0,26,224,50,66,2,342,0,0,0,342
11/09/2021,CMH,OH,AGL,CE,Combined TRACON& Tower with Radar,207,44,63,0,314,0,0,16,0,16,207,44,79,0,330,0,0,0,330
11/10/2021,CMH,OH,AGL,CE,Combined TRACON& Tower with Radar,213,59,61,0,333,0,3,21,0,24,213,62,82,0,357,0,0,0,357
11/11/2021,CMH,OH,AGL,CE,Combined TRACON& Tower with Radar,227,48,57,1,333,0,1,1,0,2,227,49,58,1,335,0,0,0,335
11/12/2021,CMH,OH,AGL,CE,Combined TRACON& Tower with Radar,232,44,52,0,328,0,0,3,0,3,232,44,55,0,331,0,0,0,331
11/13/2021,CMH,OH,AGL,CE,Combined TRACON& Tower with Radar,185,35,27,1,248,0,0,1,1,2,185,35,28,2,250,0,0,0,250
11/14/2021,CMH,OH,AGL,CE,Combined TRACON& Tower with Radar,219,42,47,3,311,0,0,0,0,0,219,42,47,3,311,0,0,0,311
11/15/2021,CMH,OH,AGL,CE,Combined TRACON& Tower with Radar,228,44,56,0,328,0,0,10,0,10,228,44,66,0,338,0,0,0,338
11/16/2021,CMH,OH,AGL,CE,Combined TRACON& Tower with Radar,210,52,45,0,307,1,3,27,0,31,211,55,72,0,338,0,0,0,338
11/17/2021,CMH,OH,AGL,CE,Combined TRACON& Tower with Radar,221,59,65,2,347,0,0,4,0,4,221,59,69,2,351,0,0,0,351
11/18/2021,CMH,OH,AGL,CE,Combined TRACON& Tower with Radar,231,63,67,2,363,0,0,13,0,13,231,63,80,2,376,0,0,0,376
11/19/2021,CMH,OH,AGL,CE,Combined TRACON& Tower with Radar,241,52,60,3,356,0,0,14,0,14,241,52,74,3,370,0,0,0,370
11/20/2021,CMH,OH,AGL,CE,Combined TRACON& Tower with Radar,211,52,41,1,305,0,4,18,0,22,211,56,59,1,327,0,0,0,327
11/21/2021,CMH,OH,AGL,CE,Combined TRACON& Tower with Radar,232,29,41,0,302,0,0,0,0,0,232,29,41,0,302,0,0,0,302
11/22/2021,CMH,OH,AGL,CE,Combined TRACON& Tower with Radar,223,45,47,0,315,0,8,24,0,32,223,53,71,0,347,0,0,0,347
11/23/2021,CMH,OH,AGL,CE,Combined TRACON& Tower with Radar,255,53,61,2,371,0,2,29,0,31,255,55,90,2,402,0,0,0,402
11/24/2021,CMH,OH,AGL,CE,Combined TRACON& Tower with Radar,267,49,30,0,346,0,2,27,2,31,267,51,57,2,377,0,0,0,377
11/25/2021,CMH,OH,AGL,CE,Combined TRACON& Tower with Radar,135,24,3,0,162,0,0,0,0,0,135,24,3,0,162,0,0,0,162
11/26/2021,CMH,OH,AGL,CE,Combined TRACON& Tower with Radar,170,48,17,0,235,0,0,1,0,1,170,48,18,0,236,0,0,0,236
11/27/2021,CMH,OH,AGL,CE,Combined TRACON& Tower with Radar,229,55,31,0,315,0,2,8,0,10,229,57,39,0,325,0,0,0,325
11/28/2021,CMH,OH,AGL,CE,Combined TRACON& Tower with Radar,254,40,43,0,337,0,1,2,0,3,254,41,45,0,340,0,0,0,340
11/29/2021,CMH,OH,AGL,CE,Combined TRACON& Tower with Radar,260,44,52,0,356,0,2,17,0,19,260,46,69,0,375,0,0,0,375
11/30/2021,CMH,OH,AGL,CE,Combined TRACON& Tower with Radar,225,53,59,4,341,0,1,19,0,20,225,54,78,4,361,0,0,0,361
12/01/2021,CMH,OH,AGL,CE,Combined TRACON& Tower with Radar,224,59,61,1,345,0,0,7,0,7,224,59,68,1,352,0,0,0,352
12/02/2021,CMH,OH,AGL,CE,Combined TRACON& Tower with Radar,231,57,55,0,343,0,0,6,0,6,231,57,61,0,349,0,0,0,349
12/03/2021,CMH,OH,AGL,CE,Combined TRACON& Tower with Radar,237,49,23,3,312,0,1,20,0,21,237,50,43,3,333,0,0,0,333
12/04/2021,CMH,OH,AGL,CE,Combined TRACON& Tower with Radar,176,42,20,0,238,0,0,17,4,21,176,42,37,4,259,0,0,0,259
12/05/2021,CMH,OH,AGL,CE,Combined TRACON& Tower with Radar,222,43,24,0,289,0,0,10,0,10,222,43,34,0,299,0,0,0,299
12/06/2021,CMH,OH,AGL,CE,Combined TRACON& Tower with Radar,232,53,37,0,322,0,0,0,0,0,232,53,37,0,322,0,0,0,322
12/07/2021,CMH,OH,AGL,CE,Combined TRACON& Tower with Radar,199,53,67,0,319,0,0,15,0,15,199,53,82,0,334,0,0,0,334
12/08/2021,CMH,OH,AGL,CE,Combined TRACON& Tower with Radar,218,71,71,2,362,0,1,4,0,5,218,72,75,2,367,0,0,0,367
12/09/2021,CMH,OH,AGL,CE,Combined TRACON& Tower with Radar,226,58,64,0,348,0,0,9,0,9,226,58,73,0,357,0,0,0,357
12/10/2021,CMH,OH,AGL,CE,Combined TRACON& Tower with Radar,236,51,47,0,334,0,0,3,0,3,236,51,50,0,337,0,0,0,337
12/11/2021,CMH,OH,AGL,CE,Combined TRACON& Tower with Radar,171,37,14,0,222,0,0,1,0,1,171,37,15,0,223,0,0,0,223
12/12/2021,CMH,OH,AGL,CE,Combined TRACON& Tower with Radar,225,55,26,0,306,0,0,19,0,19,225,55,45,0,325,0,0,0,325
12/13/2021,CMH,OH,AGL,CE,Combined TRACON& Tower with Radar,233,60,55,0,348,0,1,18,0,19,233,61,73,0,367,0,0,0,367
12/14/2021,CMH,OH,AGL,CE,Combined TRACON& Tower with Radar,206,63,71,4,344,0,3,19,1,23,206,66,90,5,367,0,0,0,367
12/15/2021,CMH,OH,AGL,CE,Combined TRACON& Tower with Radar,213,67,53,0,333,0,0,11,0,11,213,67,64,0,344,0,0,0,344
12/16/2021,CMH,OH,AGL,CE,Combined TRACON& Tower with Radar,213,60,64,0,337,1,0,1,0,2,214,60,65,0,339,0,0,0,339
12/17/2021,CMH,OH,AGL,CE,Combined TRACON& Tower with Radar,236,55,43,0,334,0,2,16,0,18,236,57,59,0,352,0,0,0,352
12/18/2021,CMH,OH,AGL,CE,Combined TRACON& Tower with Radar,201,47,32,0,280,0,0,0,0,0,201,47,32,0,280,0,0,0,280
12/19/2021,CMH,OH,AGL,CE,Combined TRACON& Tower with Radar,214,37,22,0,273,0,0,2,0,2,214,37,24,0,275,0,0,0,275
12/20/2021,CMH,OH,AGL,CE,Combined TRACON& Tower with Radar,221,38,55,0,314,0,2,23,0,25,221,40,78,0,339,0,0,0,339
12/21/2021,CMH,OH,AGL,CE,Combined TRACON& Tower with Radar,214,47,44,0,305,0,0,11,0,11,214,47,55,0,316,0,0,0,316
12/22/2021,CMH,OH,AGL,CE,Combined TRACON& Tower with Radar,219,46,29,0,294,0,0,11,0,11,219,46,40,0,305,0,0,0,305
12/23/2021,CMH,OH,AGL,CE,Combined TRACON& Tower with Radar,232,37,24,0,293,0,0,9,0,9,232,37,33,0,302,0,0,0,302
12/24/2021,CMH,OH,AGL,CE,Combined TRACON& Tower with Radar,182,29,15,0,226,0,0,2,0,2,182,29,17,0,228,0,0,0,228
12/25/2021,CMH,OH,AGL,CE,Combined TRACON& Tower with Radar,167,39,4,0,210,0,0,0,0,0,167,39,4,0,210,0,0,0,210
12/26/2021,CMH,OH,AGL,CE,Combined TRACON& Tower with Radar,214,31,43,0,288,0,0,7,0,7,214,31,50,0,295,0,0,0,295
12/27/2021,CMH,OH,AGL,CE,Combined TRACON& Tower with Radar,215,38,39,0,292,0,0,2,0,2,215,38,41,0,294,0,0,0,294
12/28/2021,CMH,OH,AGL,CE,Combined TRACON& Tower with Radar,214,44,27,0,285,0,0,4,0,4,214,44,31,0,289,0,0,0,289
12/29/2021,CMH,OH,AGL,CE,Combined TRACON& Tower with Radar,226,30,24,0,280,0,0,0,0,0,226,30,24,0,280,0,0,0,280
12/30/2021,CMH,OH,AGL,CE,Combined TRACON& Tower with Radar,230,39,17,0,286,0,0,0,0,0,230,39,17,0,286,0,0,0,286
12/31/2021,CMH,OH,AGL,CE,Combined TRACON& Tower with Radar,172,33,3,0,208,1,0,2,0,3,173,33,5,0,211,0,0,0,211
01/01/2022,CMH,OH,AGL,CE,Combined TRACON& Tower with Radar,178,28,22,0,228,0,0,0,0,0,178,28,22,0,228,0,0,0,228
01/02/2022,CMH,OH,AGL,CE,Combined TRACON& Tower with Radar,224,40,37,0,301,0,0,0,0,0,224,40,37,0,301,0,0,0,301
01/03/2022,CMH,OH,AGL,CE,Combined TRACON& Tower with Radar,213,42,34,0,289,0,1,7,1,9,213,43,41,1,298,0,0,0,298
01/04/2022,CMH,OH,AGL,CE,Combined TRACON& Tower with Radar,204,29,30,0,263,0,2,13,1,16,204,31,43,1,279,0,0,0,279
01/05/2022,CMH,OH,AGL,CE,Combined TRACON& Tower with Radar,209,19,26,0,254,0,0,0,0,0,209,19,26,0,254,0,0,0,254
01/06/2022,CMH,OH,AGL,CE,Combined TRACON& Tower with Radar,211,36,41,0,288,0,0,2,0,2,211,36,43,0,290,0,0,0,290
01/07/2022,CMH,OH,AGL,CE,Combined TRACON& Tower with Radar,209,34,22,0,265,0,0,1,0,1,209,34,23,0,266,0,0,0,266
01/08/2022,CMH,OH,AGL,CE,Combined TRACON& Tower with Radar,177,27,14,0,218,0,1,9,0,10,177,28,23,0,228,0,0,0,228
01/09/2022,CMH,OH,AGL,CE,Combined TRACON& Tower with Radar,216,30,18,2,266,0,1,0,0,1,216,31,18,2,267,0,0,0,267
01/10/2022,CMH,OH,AGL,CE,Combined TRACON& Tower with Radar,225,39,34,2,300,0,0,4,0,4,225,39,38,2,304,0,0,0,304
01/11/2022,CMH,OH,AGL,CE,Combined TRACON& Tower with Radar,201,18,48,2,269,0,5,10,0,15,201,23,58,2,284,0,0,0,284
01/12/2022,CMH,OH,AGL,CE,Combined TRACON& Tower with Radar,213,37,33,0,283,0,0,9,0,9,213,37,42,0,292,0,0,0,292
01/13/2022,CMH,OH,AGL,CE,Combined TRACON& Tower with Radar,220,29,39,1,289,0,0,4,0,4,220,29,43,1,293,0,0,0,293
01/14/2022,CMH,OH,AGL,CE,Combined TRACON& Tower with Radar,224,34,36,1,295,0,0,0,0,0,224,34,36,1,295,0,0,0,295
01/15/2022,CMH,OH,AGL,CE,Combined TRACON& Tower with Radar,173,31,21,0,225,0,0,9,0,9,173,31,30,0,234,0,0,0,234
01/16/2022,CMH,OH,AGL,CE,Combined TRACON& Tower with Radar,154,32,16,1,203,0,1,7,0,8,154,33,23,1,211,0,0,0,211
01/17/2022,CMH,OH,AGL,CE,Combined TRACON& Tower with Radar,212,27,34,0,273,0,0,0,0,0,212,27,34,0,273,0,0,0,273
01/18/2022,CMH,OH,AGL,CE,Combined TRACON& Tower with Radar,211,34,27,1,273,0,0,3,0,3,211,34,30,1,276,0,0,0,276
01/19/2022,CMH,OH,AGL,CE,Combined TRACON& Tower with Radar,215,24,28,0,267,0,0,6,0,6,215,24,34,0,273,0,0,0,273
01/20/2022,CMH,OH,AGL,CE,Combined TRACON& Tower with Radar,213,28,35,2,278,0,0,7,1,8,213,28,42,3,286,0,0,0,286
01/21/2022,CMH,OH,AGL,CE,Combined TRACON& Tower with Radar,238,31,25,2,296,0,6,15,0,21,238,37,40,2,317,0,0,0,317
01/22/2022,CMH,OH,AGL,CE,Combined TRACON& Tower with Radar,164,27,15,0,206,1,6,14,2,23,165,33,29,2,229,0,0,0,229
01/23/2022,CMH,OH,AGL,CE,Combined TRACON& Tower with Radar,212,34,30,0,276,0,0,1,0,1,212,34,31,0,277,0,0,0,277
01/24/2022,CMH,OH,AGL,CE,Combined TRACON& Tower with Radar,234,40,31,0,305,0,2,1,0,3,234,42,32,0,308,0,0,0,308
01/25/2022,CMH,OH,AGL,CE,Combined TRACON& Tower with Radar,207,39,42,0,288,0,0,7,0,7,207,39,49,0,295,0,0,0,295
01/26/2022,CMH,OH,AGL,CE,Combined TRACON& Tower with Radar,212,32,70,0,314,0,2,9,1,12,212,34,79,1,326,0,0,0,326
01/27/2022,CMH,OH,AGL,CE,Combined TRACON& Tower with Radar,233,48,64,0,345,0,0,3,0,3,233,48,67,0,348,0,0,0,348
01/28/2022,CMH,OH,AGL,CE,Combined TRACON& Tower with Radar,238,27,33,0,298,0,0,0,0,0,238,27,33,0,298,0,0,0,298
01/29/2022,CMH,OH,AGL,CE,Combined TRACON& Tower with Radar,135,20,21,0,176,0,1,11,0,12,135,21,32,0,188,0,0,0,188
01/30/2022,CMH,OH,AGL,CE,Combined TRACON& Tower with Radar,203,33,29,0,265,0,0,7,0,7,203,33,36,0,272,0,0,0,272
01/31/2022,CMH,OH,AGL,CE,Combined TRACON& Tower with Radar,233,46,31,0,310,0,1,16,1,18,233,47,47,1,328,0,0,0,328
02/01/2022,CMH,OH,AGL,CE,Combined TRACON& Tower with Radar,201,52,50,0,303,0,0,14,0,14,201,52,64,0,317,0,0,0,317
02/02/2022,CMH,OH,AGL,CE,Combined TRACON& Tower with Radar,172,45,47,1,265,0,0,0,1,1,172,45,47,2,266,0,0,0,266
02/03/2022,CMH,OH,AGL,CE,Combined TRACON& Tower with Radar,12,15,2,0,29,0,0,0,0,0,12,15,2,0,29,0,0,0,29
02/04/2022,CMH,OH,AGL,CE,Combined TRACON& Tower with Radar,148,51,31,0,230,0,0,0,0,0,148,51,31,0,230,0,0,0,230
02/05/2022,CMH,OH,AGL,CE,Combined TRACON& Tower with Radar,170,41,12,0,223,0,0,4,0,4,170,41,16,0,227,0,0,0,227
02/06/2022,CMH,OH,AGL,CE,Combined TRACON& Tower with Radar,222,28,27,0,277,0,1,10,0,11,222,29,37,0,288,0,0,0,288
02/07/2022,CMH,OH,AGL,CE,Combined TRACON& Tower with Radar,235,33,33,0,301,0,0,4,0,4,235,33,37,0,305,0,0,0,305
02/08/2022,CMH,OH,AGL,CE,Combined TRACON& Tower with Radar,213,38,50,0,301,0,1,5,0,6,213,39,55,0,307,0,0,0,307
02/09/2022,CMH,OH,AGL,CE,Combined TRACON& Tower with Radar,204,49,56,0,309,0,0,4,0,4,204,49,60,0,313,0,0,0,313
02/10/2022,CMH,OH,AGL,CE,Combined TRACON& Tower with Radar,239,57,56,0,352,0,0,6,0,6,239,57,62,0,358,0,0,0,358
02/11/2022,CMH,OH,AGL,CE,Combined TRACON& Tower with Radar,239,44,51,0,334,0,0,1,0,1,239,44,52,0,335,0,0,0,335
02/12/2022,CMH,OH,AGL,CE,Combined TRACON& Tower with Radar,173,32,21,0,226,0,0,0,0,0,173,32,21,0,226,0,0,0,226
02/13/2022,CMH,OH,AGL,CE,Combined TRACON& Tower with Radar,206,46,24,0,276,0,0,2,0,2,206,46,26,0,278,0,0,0,278
02/14/2022,CMH,OH,AGL,CE,Combined TRACON& Tower with Radar,245,33,38,0,316,0,1,14,0,15,245,34,52,0,331,0,0,0,331
02/15/2022,CMH,OH,AGL,CE,Combined TRACON& Tower with Radar,213,36,36,0,285,0,0,16,0,16,213,36,52,0,301,0,0,0,301
02/16/2022,CMH,OH,AGL,CE,Combined TRACON& Tower with Radar,211,32,31,0,274,0,2,1,0,3,211,34,32,0,277,0,0,0,277
02/17/2022,CMH,OH,AGL,CE,Combined TRACON& Tower with Radar,218,38,62,2,320,0,0,0,0,0,218,38,62,2,320,0,0,0,320
02/18/2022,CMH,OH,AGL,CE,Combined TRACON& Tower with Radar,233,47,33,0,313,0,0,10,0,10,233,47,43,0,323,0,0,0,323
02/19/2022,CMH,OH,AGL,CE,Combined TRACON& Tower with Radar,189,33,16,0,238,0,1,7,0,8,189,34,23,0,246,0,0,0,246
02/20/2022,CMH,OH,AGL,CE,Combined TRACON& Tower with Radar,210,23,28,0,261,0,1,9,1,11,210,24,37,1,272,0,0,0,272
02/21/2022,CMH,OH,AGL,CE,Combined TRACON& Tower with Radar,243,58,52,0,353,0,3,18,0,21,243,61,70,0,374,0,0,0,374
02/22/2022,CMH,OH,AGL,CE,Combined TRACON& Tower with Radar,218,50,48,0,316,0,0,1,0,1,218,50,49,0,317,0,0,0,317
02/23/2022,CMH,OH,AGL,CE,Combined TRACON& Tower with Radar,213,46,48,2,309,0,0,2,0,2,213,46,50,2,311,0,0,0,311
02/24/2022,CMH,OH,AGL,CE,Combined TRACON& Tower with Radar,214,60,58,0,332,0,1,1,0,2,214,61,59,0,334,0,0,0,334
02/25/2022,CMH,OH,AGL,CE,Combined TRACON& Tower with Radar,226,54,42,1,323,0,1,0,0,1,226,55,42,1,324,0,0,0,324
02/26/2022,CMH,OH,AGL,CE,Combined TRACON& Tower with Radar,194,47,13,1,255,0,0,6,0,6,194,47,19,1,261,0,0,0,261
02/27/2022,CMH,OH,AGL,CE,Combined TRACON& Tower with Radar,229,31,31,0,291,0,2,22,1,25,229,33,53,1,316,0,0,0,316
02/28/2022,CMH,OH,AGL,CE,Combined TRACON& Tower with Radar,239,46,58,0,343,0,3,15,0,18,239,49,73,0,361,0,0,0,361
03/01/2022,CMH,OH,AGL,CE,Combined TRACON& Tower with Radar,226,49,48,0,323,0,0,13,0,13,226,49,61,0,336,0,0,0,336
03/02/2022,CMH,OH,AGL,CE,Combined TRACON& Tower with Radar,223,41,57,0,321,0,2,9,0,11,223,43,66,0,332,0,0,0,332
03/03/2022,CMH,OH,AGL,CE,Combined TRACON& Tower with Radar,232,44,72,0,348,0,2,9,0,11,232,46,81,0,359,0,0,0,359
03/04/2022,CMH,OH,AGL,CE,Combined TRACON& Tower with Radar,235,37,29,0,301,0,1,15,0,16,235,38,44,0,317,0,0,0,317
03/05/2022,CMH,OH,AGL,CE,Combined TRACON& Tower with Radar,197,35,18,0,250,0,2,8,0,10,197,37,26,0,260,0,0,0,260
03/06/2022,CMH,OH,AGL,CE,Combined TRACON& Tower with Radar,218,50,25,0,293,0,2,6,0,8,218,52,31,0,301,0,0,0,301
03/07/2022,CMH,OH,AGL,CE,Combined TRACON& Tower with Radar,221,26,30,0,277,0,0,0,0,0,221,26,30,0,277,0,0,0,277
03/08/2022,CMH,OH,AGL,CE,Combined TRACON& Tower with Radar,210,40,43,0,293,0,0,12,0,12,210,40,55,0,305,0,0,0,305
03/09/2022,CMH,OH,AGL,CE,Combined TRACON& Tower with Radar,196,56,59,0,311,0,0,9,0,9,196,56,68,0,320,0,0,0,320
03/10/2022,CMH,OH,AGL,CE,Combined TRACON& Tower with Radar,231,53,47,0,331,0,0,14,0,14,231,53,61,0,345,0,0,0,345
03/11/2022,CMH,OH,AGL,CE,Combined TRACON& Tower with Radar,244,38,45,2,329,0,0,1,0,1,244,38,46,2,330,0,0,0,330
03/12/2022,CMH,OH,AGL,CE,Combined TRACON& Tower with Radar,200,39,24,0,263,0,0,0,0,0,200,39,24,0,263,0,0,0,263
03/13/2022,CMH,OH,AGL,CE,Combined TRACON& Tower with Radar,209,18,32,0,259,0,0,7,0,7,209,18,39,0,266,0,0,0,266
03/14/2022,CMH,OH,AGL,CE,Combined TRACON& Tower with Radar,234,37,47,0,318,0,2,10,0,12,234,39,57,0,330,0,0,0,330
03/15/2022,CMH,OH,AGL,CE,Combined TRACON& Tower with Radar,214,47,47,0,308,0,0,9,0,9,214,47,56,0,317,0,0,0,317
03/16/2022,CMH,OH,AGL,CE,Combined TRACON& Tower with Radar,216,46,65,4,331,0,2,21,0,23,216,48,86,4,354,0,0,0,354
03/17/2022,CMH,OH,AGL,CE,Combined TRACON& Tower with Radar,229,45,55,0,329,0,0,13,0,13,229,45,68,0,342,0,0,0,342
03/18/2022,CMH,OH,AGL,CE,Combined TRACON& Tower with Radar,238,54,49,0,341,0,0,6,0,6,238,54,55,0,347,0,0,0,347
03/19/2022,CMH,OH,AGL,CE,Combined TRACON& Tower with Radar,228,38,25,0,291,0,0,1,0,1,228,38,26,0,292,0,0,0,292
03/20/2022,CMH,OH,AGL,CE,Combined TRACON& Tower with Radar,232,43,41,0,316,0,1,13,0,14,232,44,54,0,330,0,0,0,330
03/21/2022,CMH,OH,AGL,CE,Combined TRACON& Tower with Radar,240,42,48,0,330,0,1,11,0,12,240,43,59,0,342,0,0,0,342
03/22/2022,CMH,OH,AGL,CE,Combined TRACON& Tower with Radar,214,33,57,4,308,0,0,7,2,9,214,33,64,6,317,0,0,0,317
03/23/2022,CMH,OH,AGL,CE,Combined TRACON& Tower with Radar,222,49,50,0,321,0,0,6,0,6,222,49,56,0,327,0,0,0,327
03/24/2022,CMH,OH,AGL,CE,Combined TRACON& Tower with Radar,231,49,45,0,325,0,2,5,0,7,231,51,50,0,332,0,0,0,332
03/25/2022,CMH,OH,AGL,CE,Combined TRACON& Tower with Radar,244,48,39,0,331,0,0,1,0,1,244,48,40,0,332,0,0,0,332
03/26/2022,CMH,OH,AGL,CE,Combined TRACON& Tower with Radar,229,36,28,0,293,0,0,0,1,1,229,36,28,1,294,0,0,0,294
03/27/2022,CMH,OH,AGL,CE,Combined TRACON& Tower with Radar,226,40,28,0,294,0,0,5,1,6,226,40,33,1,300,0,0,0,300
03/28/2022,CMH,OH,AGL,CE,Combined TRACON& Tower with Radar,244,36,22,2,304,0,1,8,0,9,244,37,30,2,313,0,0,0,313
03/29/2022,CMH,OH,AGL,CE,Combined TRACON& Tower with Radar,213,39,57,0,309,0,3,18,0,21,213,42,75,0,330,0,0,0,330
03/30/2022,CMH,OH,AGL,CE,Combined TRACON& Tower with Radar,215,36,54,0,305,0,0,1,0,1,215,36,55,0,306,0,0,0,306
03/31/2022,CMH,OH,AGL,CE,Combined TRACON& Tower with Radar,221,32,58,3,314,0,0,0,0,0,221,32,58,3,314,0,0,0,314
04/01/2022,CMH,OH,AGL,CE,Combined TRACON& Tower with Radar,229,41,36,0,306,0,0,5,0,5,229,41,41,0,311,0,0,0,311
04/02/2022,CMH,OH,AGL,CE,Combined TRACON& Tower with Radar,198,36,29,0,263,0,2,7,0,9,198,38,36,0,272,0,0,0,272
04/03/2022,CMH,OH,AGL,CE,Combined TRACON& Tower with Radar,207,56,55,0,318,0,0,7,0,7,207,56,62,0,325,0,0,0,325
04/04/2022,CMH,OH,AGL,CE,Combined TRACON& Tower with Radar,235,39,50,0,324,0,0,13,0,13,235,39,63,0,337,0,0,0,337
04/05/2022,CMH,OH,AGL,CE,Combined TRACON& Tower with Radar,216,40,52,0,308,0,0,3,0,3,216,40,55,0,311,0,0,0,311
04/06/2022,CMH,OH,AGL,CE,Combined TRACON& Tower with Radar,226,49,60,2,337,0,0,0,0,0,226,49,60,2,337,0,0,0,337
04/07/2022,CMH,OH,AGL,CE,Combined TRACON& Tower with Radar,214,51,62,5,332,0,0,7,0,7,214,51,69,5,339,0,0,0,339
04/08/2022,CMH,OH,AGL,CE,Combined TRACON& Tower with Radar,233,46,62,3,344,0,0,4,0,4,233,46,66,3,348,0,0,0,348
04/09/2022,CMH,OH,AGL,CE,Combined TRACON& Tower with Radar,190,40,25,0,255,0,0,1,0,1,190,40,26,0,256,0,0,0,256
04/10/2022,CMH,OH,AGL,CE,Combined TRACON& Tower with Radar,208,36,38,1,283,0,3,22,0,25,208,39,60,1,308,0,0,0,308
04/11/2022,CMH,OH,AGL,CE,Combined TRACON& Tower with Radar,234,46,38,3,321,0,0,5,0,5,234,46,43,3,326,0,0,0,326
04/12/2022,CMH,OH,AGL,CE,Combined TRACON& Tower with Radar,220,54,68,0,342,0,0,9,2,11,220,54,77,2,353,0,0,0,353
04/13/2022,CMH,OH,AGL,CE,Combined TRACON& Tower with Radar,220,40,42,0,302,0,0,6,0,6,220,40,48,0,308,0,0,0,308
04/14/2022,CMH,OH,AGL,CE,Combined TRACON& Tower with Radar,218,41,54,2,315,0,1,5,1,7,218,42,59,3,322,0,0,0,322
04/15/2022,CMH,OH,AGL,CE,Combined TRACON& Tower with Radar,239,22,45,1,307,0,0,5,0,5,239,22,50,1,312,0,0,0,312
04/16/2022,CMH,OH,AGL,CE,Combined TRACON& Tower with Radar,187,35,18,0,240,0,0,5,0,5,187,35,23,0,245,0,0,0,245
04/17/2022,CMH,OH,AGL,CE,Combined TRACON& Tower with Radar,204,38,19,0,261,0,0,22,0,22,204,38,41,0,283,0,0,0,283
04/18/2022,CMH,OH,AGL,CE,Combined TRACON& Tower with Radar,233,40,56,0,329,0,0,0,0,0,233,40,56,0,329,0,0,0,329
04/19/2022,CMH,OH,AGL,CE,Combined TRACON& Tower with Radar,222,63,51,0,336,0,0,7,0,7,222,63,58,0,343,0,0,0,343
04/20/2022,CMH,OH,AGL,CE,Combined TRACON& Tower with Radar,230,54,62,0,346,0,0,13,0,13,230,54,75,0,359,0,0,0,359
04/21/2022,CMH,OH,AGL,CE,Combined TRACON& Tower with Radar,227,38,59,0,324,0,0,3,0,3,227,38,62,0,327,0,0,0,327
04/22/2022,CMH,OH,AGL,CE,Combined TRACON& Tower with Radar,242,48,56,0,346,0,0,9,0,9,242,48,65,0,355,0,0,0,355
04/23/2022,CMH,OH,AGL,CE,Combined TRACON& Tower with Radar,186,40,27,0,253,0,1,12,0,13,186,41,39,0,266,0,0,0,266
04/24/2022,CMH,OH,AGL,CE,Combined TRACON& Tower with Radar,217,41,45,0,303,0,2,22,2,26,217,43,67,2,329,0,0,0,329
04/25/2022,CMH,OH,AGL,CE,Combined TRACON& Tower with Radar,242,37,56,0,335,0,3,3,0,6,242,40,59,0,341,0,0,0,341
04/26/2022,CMH,OH,AGL,CE,Combined TRACON& Tower with Radar,230,43,70,0,343,0,2,11,0,13,230,45,81,0,356,0,0,0,356
04/27/2022,CMH,OH,AGL,CE,Combined TRACON& Tower with Radar,227,39,71,2,339,1,2,18,0,21,228,41,89,2,360,0,0,0,360
04/28/2022,CMH,OH,AGL,CE,Combined TRACON& Tower with Radar,235,44,66,2,347,0,1,23,0,24,235,45,89,2,371,0,0,0,371
04/29/2022,CMH,OH,AGL,CE,Combined TRACON& Tower with Radar,235,41,49,3,328,0,0,16,0,16,235,41,65,3,344,0,0,0,344
04/30/2022,CMH,OH,AGL,CE,Combined TRACON& Tower with Radar,190,37,21,0,248,0,2,6,0,8,190,39,27,0,256,0,0,0,256
05/01/2022,CMH,OH,AGL,CE,Combined TRACON& Tower with Radar,224,37,45,0,306,0,2,8,0,10,224,39,53,0,316,0,0,0,316
05/02/2022,CMH,OH,AGL,CE,Combined TRACON& Tower with Radar,226,38,50,1,315,0,3,16,0,19,226,41,66,1,334,0,0,0,334
05/03/2022,CMH,OH,AGL,CE,Combined TRACON& Tower with Radar,229,46,42,0,317,0,0,4,0,4,229,46,46,0,321,0,0,0,321
05/04/2022,CMH,OH,AGL,CE,Combined TRACON& Tower with Radar,220,57,64,0,341,0,0,0,0,0,220,57,64,0,341,0,0,0,341
05/05/2022,CMH,OH,AGL,CE,Combined TRACON& Tower with Radar,229,55,71,2,357,0,0,1,0,1,229,55,72,2,358,0,0,0,358
05/06/2022,CMH,OH,AGL,CE,Combined TRACON& Tower with Radar,235,58,24,0,317,0,0,0,0,0,235,58,24,0,317,0,0,0,317
05/07/2022,CMH,OH,AGL,CE,Combined TRACON& Tower with Radar,189,40,23,0,252,0,0,11,0,11,189,40,34,0,263,0,0,0,263
05/08/2022,CMH,OH,AGL,CE,Combined TRACON& Tower with Radar,215,60,21,0,296,0,2,11,0,13,215,62,32,0,309,0,0,0,309
05/09/2022,CMH,OH,AGL,CE,Combined TRACON& Tower with Radar,240,58,43,0,341,0,0,16,0,16,240,58,59,0,357,0,0,0,357
05/10/2022,CMH,OH,AGL,CE,Combined TRACON& Tower with Radar,220,61,59,0,340,0,2,11,0,13,220,63,70,0,353,0,0,0,353
05/11/2022,CMH,OH,AGL,CE,Combined TRACON& Tower with Radar,213,54,70,0,337,0,0,11,0,11,213,54,81,0,348,0,0,0,348
05/12/2022,CMH,OH,AGL,CE,Combined TRACON& Tower with Radar,237,51,62,0,350,0,0,8,0,8,237,51,70,0,358,0,0,0,358
05/13/2022,CMH,OH,AGL,CE,Combined TRACON& Tower with Radar,230,47,46,0,323,0,5,15,0,20,230,52,61,0,343,0,0,0,343
05/14/2022,CMH,OH,AGL,CE,Combined TRACON& Tower with Radar,185,45,21,0,251,0,2,7,0,9,185,47,28,0,260,0,0,0,260
05/15/2022,CMH,OH,AGL,CE,Combined TRACON& Tower with Radar,216,61,37,0,314,0,2,12,0,14,216,63,49,0,328,0,0,0,328
05/16/2022,CMH,OH,AGL,CE,Combined TRACON& Tower with Radar,224,57,58,0,339,0,0,4,0,4,224,57,62,0,343,0,0,0,343
05/17/2022,CMH,OH,AGL,CE,Combined TRACON& Tower with Radar,212,72,65,0,349,0,0,16,0,16,212,72,81,0,365,0,0,0,365
05/18/2022,CMH,OH,AGL,CE,Combined TRACON& Tower with Radar,216,70,79,0,365,0,0,13,0,13,216,70,92,0,378,0,0,0,378
05/19/2022,CMH,OH,AGL,CE,Combined TRACON& Tower with Radar,233,51,61,3,348,0,0,7,0,7,233,51,68,3,355,0,0,0,355
05/20/2022,CMH,OH,AGL,CE,Combined TRACON& Tower with Radar,226,44,44,4,318,0,0,6,0,6,226,44,50,4,324,0,0,0,324
05/21/2022,CMH,OH,AGL,CE,Combined TRACON& Tower with Radar,177,38,32,1,248,0,1,4,0,5,177,39,36,1,253,0,0,0,253
05/22/2022,CMH,OH,AGL,CE,Combined TRACON& Tower with Radar,201,61,43,4,309,0,0,3,0,3,201,61,46,4,312,0,0,0,312
05/23/2022,CMH,OH,AGL,CE,Combined TRACON& Tower with Radar,229,60,37,0,326,0,1,7,0,8,229,61,44,0,334,0,0,0,334
05/24/2022,CMH,OH,AGL,CE,Combined TRACON& Tower with Radar,222,63,60,0,345,0,0,5,0,5,222,63,65,0,350,0,0,0,350
05/25/2022,CMH,OH,AGL,CE,Combined TRACON& Tower with Radar,215,61,57,0,333,0,2,8,0,10,215,63,65,0,343,0,0,0,343
05/26/2022,CMH,OH,AGL,CE,Combined TRACON& Tower with Radar,237,45,61,0,343,0,0,1,0,1,237,45,62,0,344,0,0,0,344
05/27/2022,CMH,OH,AGL,CE,Combined TRACON& Tower with Radar,240,45,31,0,316,0,0,4,0,4,240,45,35,0,320,0,0,0,320
05/28/2022,CMH,OH,AGL,CE,Combined TRACON& Tower with Radar,186,50,27,0,263,0,0,9,0,9,186,50,36,0,272,0,0,0,272
05/29/2022,CMH,OH,AGL,CE,Combined TRACON& Tower with Radar,222,33,8,0,263,0,1,13,0,14,222,34,21,0,277,0,0,0,277
05/30/2022,CMH,OH,AGL,CE,Combined TRACON& Tower with Radar,245,51,29,0,325,0,0,8,2,10,245,51,37,2,335,0,0,0,335
05/31/2022,CMH,OH,AGL,CE,Combined TRACON& Tower with Radar,219,42,41,0,302,0,4,8,0,12,219,46,49,0,314,0,0,0,314
06/01/2022,CMH,OH,AGL,CE,Combined TRACON& Tower with Radar,203,56,54,0,313,0,1,7,1,9,203,57,61,1,322,0,0,0,322
06/02/2022,CMH,OH,AGL,CE,Combined TRACON& Tower with Radar,231,48,70,2,351,0,0,3,0,3,231,48,73,2,354,0,0,0,354
06/03/2022,CMH,OH,AGL,CE,Combined TRACON& Tower with Radar,217,59,40,2,318,0,0,17,0,17,217,59,57,2,335,0,0,0,335
06/04/2022,CMH,OH,AGL,CE,Combined TRACON& Tower with Radar,188,51,24,6,269,0,7,15,0,22,188,58,39,6,291,0,0,0,291
06/05/2022,CMH,OH,AGL,CE,Combined TRACON& Tower with Radar,224,43,25,0,292,0,0,9,0,9,224,43,34,0,301,0,0,0,301
06/06/2022,CMH,OH,AGL,CE,Combined TRACON& Tower with Radar,231,50,43,0,324,0,0,9,1,10,231,50,52,1,334,0,0,0,334
06/07/2022,CMH,OH,AGL,CE,Combined TRACON& Tower with Radar,220,50,37,0,307,0,0,3,1,4,220,50,40,1,311,0,0,0,311
06/08/2022,CMH,OH,AGL,CE,Combined TRACON& Tower with Radar,221,44,44,1,310,0,1,7,0,8,221,45,51,1,318,0,0,0,318
06/09/2022,CMH,OH,AGL,CE,Combined TRACON& Tower with Radar,201,49,32,1,283,1,2,18,0,21,202,51,50,1,304,0,0,0,304
06/10/2022,CMH,OH,AGL,CE,Combined TRACON& Tower with Radar,234,43,53,0,330,0,2,8,1,11,234,45,61,1,341,0,0,0,341
06/11/2022,CMH,OH,AGL,CE,Combined TRACON& Tower with Radar,205,47,14,0,266,0,0,9,0,9,205,47,23,0,275,0,0,0,275
06/12/2022,CMH,OH,AGL,CE,Combined TRACON& Tower with Radar,224,50,45,6,325,0,0,10,0,10,224,50,55,6,335,0,0,0,335
06/13/2022,CMH,OH,AGL,CE,Combined TRACON& Tower with Radar,230,47,43,0,320,0,0,6,0,6,230,47,49,0,326,0,0,0,326
06/14/2022,CMH,OH,AGL,CE,Combined TRACON& Tower with Radar,235,50,65,0,350,0,0,12,0,12,235,50,77,0,362,0,0,0,362
06/15/2022,CMH,OH,AGL,CE,Combined TRACON& Tower with Radar,217,71,72,0,360,0,3,16,0,19,217,74,88,0,379,0,0,0,379
06/16/2022,CMH,OH,AGL,CE,Combined TRACON& Tower with Radar,207,53,54,0,314,0,0,4,0,4,207,53,58,0,318,0,0,0,318
06/17/2022,CMH,OH,AGL,CE,Combined TRACON& Tower with Radar,239,47,57,0,343,0,1,19,0,20,239,48,76,0,363,0,0,0,363
06/18/2022,CMH,OH,AGL,CE,Combined TRACON& Tower with Radar,203,30,14,0,247,0,1,8,1,10,203,31,22,1,257,0,0,0,257
06/19/2022,CMH,OH,AGL,CE,Combined TRACON& Tower with Radar,227,42,29,0,298,0,2,13,1,16,227,44,42,1,314,0,0,0,314
06/20/2022,CMH,OH,AGL,CE,Combined TRACON& Tower with Radar,230,45,52,0,327,0,2,11,0,13,230,47,63,0,340,0,0,0,340
06/21/2022,CMH,OH,AGL,CE,Combined TRACON& Tower with Radar,225,56,54,0,335,0,1,11,0,12,225,57,65,0,347,0,0,0,347
06/22/2022,CMH,OH,AGL,CE,Combined TRACON& Tower with Radar,202,38,54,0,294,0,1,9,0,10,202,39,63,0,304,0,0,0,304
06/23/2022,CMH,OH,AGL,CE,Combined TRACON& Tower with Radar,228,64,61,4,357,0,5,13,0,18,228,69,74,4,375,0,0,0,375
06/24/2022,CMH,OH,AGL,CE,Combined TRACON& Tower with Radar,229,61,47,0,337,0,4,10,0,14,229,65,57,0,351,0,0,0,351
06/25/2022,CMH,OH,AGL,CE,Combined TRACON& Tower with Radar,200,34,25,1,260,0,4,14,2,20,200,38,39,3,280,0,0,0,280
06/26/2022,CMH,OH,AGL,CE,Combined TRACON& Tower with Radar,217,64,32,4,317,0,0,8,1,9,217,64,40,5,326,0,0,0,326
06/27/2022,CMH,OH,AGL,CE,Combined TRACON& Tower with Radar,220,48,44,0,312,0,0,4,0,4,220,48,48,0,316,0,0,0,316
06/28/2022,CMH,OH,AGL,CE,Combined TRACON& Tower with Radar,225,60,56,8,349,0,0,15,0,15,225,60,71,8,364,0,0,0,364
06/29/2022,CMH,OH,AGL,CE,Combined TRACON& Tower with Radar,215,38,55,1,309,0,5,19,0,24,215,43,74,1,333,0,0,0,333
06/30/2022,CMH,OH,AGL,CE,Combined TRACON& Tower with Radar,232,55,55,0,342,0,1,16,1,18,232,56,71,1,360,0,0,0,360
07/01/2022,CMH,OH,AGL,CE,Combined TRACON& Tower with Radar,230,41,39,0,310,0,0,10,0,10,230,41,49,0,320,0,0,0,320
07/02/2022,CMH,OH,AGL,CE,Combined TRACON& Tower with Radar,204,35,16,1,256,0,2,11,2,15,204,37,27,3,271,0,0,0,271
07/03/2022,CMH,OH,AGL,CE,Combined TRACON& Tower with Radar,201,20,8,0,229,0,0,12,0,12,201,20,20,0,241,0,0,0,241
07/04/2022,CMH,OH,AGL,CE,Combined TRACON& Tower with Radar,218,33,9,0,260,0,0,4,0,4,218,33,13,0,264,0,0,0,264
07/05/2022,CMH,OH,AGL,CE,Combined TRACON& Tower with Radar,211,35,35,0,281,0,0,3,0,3,211,35,38,0,284,0,0,0,284
07/06/2022,CMH,OH,AGL,CE,Combined TRACON& Tower with Radar,211,38,42,0,291,0,0,3,0,3,211,38,45,0,294,0,0,0,294
07/07/2022,CMH,OH,AGL,CE,Combined TRACON& Tower with Radar,227,44,51,0,322,0,0,14,1,15,227,44,65,1,337,0,0,0,337
07/08/2022,CMH,OH,AGL,CE,Combined TRACON& Tower with Radar,225,37,41,0,303,0,0,2,0,2,225,37,43,0,305,0,0,0,305
07/09/2022,CMH,OH,AGL,CE,Combined TRACON& Tower with Radar,200,25,36,0,261,0,2,8,0,10,200,27,44,0,271,0,0,0,271
07/10/2022,CMH,OH,AGL,CE,Combined TRACON& Tower with Radar,218,38,54,0,310,0,0,23,0,23,218,38,77,0,333,0,0,0,333
07/11/2022,CMH,OH,AGL,CE,Combined TRACON& Tower with Radar,225,45,44,0,314,0,2,14,0,16,225,47,58,0,330,0,0,0,330
07/12/2022,CMH,OH,AGL,CE,Combined TRACON& Tower with Radar,202,50,57,0,309,0,0,13,0,13,202,50,70,0,322,0,0,0,322
07/13/2022,CMH,OH,AGL,CE,Combined TRACON& Tower with Radar,215,50,48,0,313,0,1,13,0,14,215,51,61,0,327,0,0,0,327
07/14/2022,CMH,OH,AGL,CE,Combined TRACON& Tower with Radar,225,54,66,0,345,0,5,10,0,15,225,59,76,0,360,0,0,0,360
07/15/2022,CMH,OH,AGL,CE,Combined TRACON& Tower with Radar,229,54,48,1,332,0,0,10,0,10,229,54,58,1,342,0,0,0,342
07/16/2022,CMH,OH,AGL,CE,Combined TRACON& Tower with Radar,191,27,22,0,240,0,0,7,0,7,191,27,29,0,247,0,0,0,247
07/17/2022,CMH,OH,AGL,CE,Combined TRACON& Tower with Radar,216,69,38,1,324,0,0,2,0,2,216,69,40,1,326,0,0,0,326
07/18/2022,CMH,OH,AGL,CE,Combined TRACON& Tower with Radar,211,64,75,6,356,0,0,7,0,7,211,64,82,6,363,0,0,0,363
07/19/2022,CMH,OH,AGL,CE,Combined TRACON& Tower with Radar,212,47,54,2,315,0,3,17,0,20,212,50,71,2,335,0,0,0,335
07/20/2022,CMH,OH,AGL,CE,Combined TRACON& Tower with Radar,209,54,57,0,320,0,1,8,0,9,209,55,65,0,329,0,0,0,329
07/21/2022,CMH,OH,AGL,CE,Combined TRACON& Tower with Radar,220,52,56,0,328,0,2,10,0,12,220,54,66,0,340,0,0,0,340
07/22/2022,CMH,OH,AGL,CE,Combined TRACON& Tower with Radar,237,42,31,2,312,0,3,11,0,14,237,45,42,2,326,0,0,0,326
07/23/2022,CMH,OH,AGL,CE,Combined TRACON& Tower with Radar,199,31,29,0,259,0,0,7,0,7,199,31,36,0,266,0,0,0,266
07/24/2022,CMH,OH,AGL,CE,Combined TRACON& Tower with Radar,209,46,34,0,289,0,2,6,0,8,209,48,40,0,297,0,0,0,297
07/25/2022,CMH,OH,AGL,CE,Combined TRACON& Tower with Radar,210,38,41,0,289,0,0,1,0,1,210,38,42,0,290,0,0,0,290
07/26/2022,CMH,OH,AGL,CE,Combined TRACON& Tower with Radar,205,44,49,0,298,0,0,4,0,4,205,44,53,0,302,0,0,0,302
07/27/2022,CMH,OH,AGL,CE,Combined TRACON& Tower with Radar,209,65,56,0,330,0,0,0,0,0,209,65,56,0,330,0,0,0,330
07/28/2022,CMH,OH,AGL,CE,Combined TRACON& Tower with Radar,225,57,50,3,335,0,4,13,0,17,225,61,63,3,352,0,0,0,352
07/29/2022,CMH,OH,AGL,CE,Combined TRACON& Tower with Radar,225,56,38,3,322,0,0,11,1,12,225,56,49,4,334,0,0,0,334
07/30/2022,CMH,OH,AGL,CE,Combined TRACON& Tower with Radar,194,30,22,6,252,0,0,17,0,17,194,30,39,6,269,0,0,0,269
07/31/2022,CMH,OH,AGL,CE,Combined TRACON& Tower with Radar,218,61,32,1,312,0,0,17,0,17,218,61,49,1,329,0,0,0,329
08/01/2022,CMH,OH,AGL,CE,Combined TRACON& Tower with Radar,226,53,40,0,319,0,1,5,0,6,226,54,45,0,325,0,0,0,325
08/02/2022,CMH,OH,AGL,CE,Combined TRACON& Tower with Radar,220,37,62,0,319,0,2,7,0,9,220,39,69,0,328,0,0,0,328
08/03/2022,CMH,OH,AGL,CE,Combined TRACON& Tower with Radar,212,50,62,0,324,0,0,4,0,4,212,50,66,0,328,0,0,0,328
08/04/2022,CMH,OH,AGL,CE,Combined TRACON& Tower with Radar,218,48,73,0,339,0,4,11,1,16,218,52,84,1,355,0,0,0,355
08/05/2022,CMH,OH,AGL,CE,Combined TRACON& Tower with Radar,203,43,41,2,289,0,1,11,2,14,203,44,52,4,303,0,0,0,303
08/06/2022,CMH,OH,AGL,CE,Combined TRACON& Tower with Radar,200,30,23,1,254,0,0,2,1,3,200,30,25,2,257,0,0,0,257
08/07/2022,CMH,OH,AGL,CE,Combined TRACON& Tower with Radar,217,52,39,1,309,0,0,11,1,12,217,52,50,2,321,0,0,0,321
08/08/2022,CMH,OH,AGL,CE,Combined TRACON& Tower with Radar,225,51,41,0,317,0,0,8,2,10,225,51,49,2,327,0,0,0,327
08/09/2022,CMH,OH,AGL,CE,Combined TRACON& Tower with Radar,211,72,47,0,330,0,0,1,0,1,211,72,48,0,331,0,0,0,331
08/10/2022,CMH,OH,AGL,CE,Combined TRACON& Tower with Radar,210,46,54,0,310,0,2,1,0,3,210,48,55,0,313,0,0,0,313
08/11/2022,CMH,OH,AGL,CE,Combined TRACON& Tower with Radar,220,50,69,0,339,0,0,17,0,17,220,50,86,0,356,0,0,0,356
08/12/2022,CMH,OH,AGL,CE,Combined TRACON& Tower with Radar,223,40,37,0,300,0,0,13,0,13,223,40,50,0,313,0,0,0,313
08/13/2022,CMH,OH,AGL,CE,Combined TRACON& Tower with Radar,199,31,14,0,244,0,1,8,0,9,199,32,22,0,253,0,0,0,253
08/14/2022,CMH,OH,AGL,CE,Combined TRACON& Tower with Radar,210,31,24,0,265,0,0,6,0,6,210,31,30,0,271,0,0,0,271
08/15/2022,CMH,OH,AGL,CE,Combined TRACON& Tower with Radar,217,56,48,1,322,0,0,17,0,17,217,56,65,1,339,0,0,0,339
08/16/2022,CMH,OH,AGL,CE,Combined TRACON& Tower with Radar,207,60,48,0,315,0,0,3,0,3,207,60,51,0,318,0,0,0,318
08/17/2022,CMH,OH,AGL,CE,Combined TRACON& Tower with Radar,208,58,64,0,330,0,0,7,0,7,208,58,71,0,337,0,0,0,337
08/18/2022,CMH,OH,AGL,CE,Combined TRACON& Tower with Radar,218,60,68,0,346,0,0,15,1,16,218,60,83,1,362,0,0,0,362
08/19/2022,CMH,OH,AGL,CE,Combined TRACON& Tower with Radar,219,53,32,0,304,0,0,13,0,13,219,53,45,0,317,0,0,0,317
08/20/2022,CMH,OH,AGL,CE,Combined TRACON& Tower with Radar,198,31,19,0,248,0,0,9,0,9,198,31,28,0,257,0,0,0,257
08/21/2022,CMH,OH,AGL,CE,Combined TRACON& Tower with Radar,206,38,31,0,275,0,0,0,0,0,206,38,31,0,275,0,0,0,275
08/22/2022,CMH,OH,AGL,CE,Combined TRACON& Tower with Radar,210,49,39,0,298,0,0,3,2,5,210,49,42,2,303,0,0,0,303
08/23/2022,CMH,OH,AGL,CE,Combined TRACON& Tower with Radar,212,48,36,0,296,1,4,15,0,20,213,52,51,0,316,0,0,0,316
08/24/2022,CMH,OH,AGL,CE,Combined TRACON& Tower with Radar,211,48,59,0,318,0,0,14,0,14,211,48,73,0,332,0,0,0,332
08/25/2022,CMH,OH,AGL,CE,Combined TRACON& Tower with Radar,221,69,72,0,362,0,1,9,0,10,221,70,81,0,372,0,0,0,372
08/26/2022,CMH,OH,AGL,CE,Combined TRACON& Tower with Radar,224,43,36,2,305,0,2,6,0,8,224,45,42,2,313,0,0,0,313
08/27/2022,CMH,OH,AGL,CE,Combined TRACON& Tower with Radar,188,33,24,4,249,0,2,12,0,14,188,35,36,4,263,0,0,0,263
08/28/2022,CMH,OH,AGL,CE,Combined TRACON& Tower with Radar,209,34,32,1,276,0,0,5,0,5,209,34,37,1,281,0,0,0,281
08/29/2022,CMH,OH,AGL,CE,Combined TRACON& Tower with Radar,209,51,46,4,310,0,1,6,0,7,209,52,52,4,317,0,0,0,317
08/30/2022,CMH,OH,AGL,CE,Combined TRACON& Tower with Radar,196,46,60,1,303,0,1,6,0,7,196,47,66,1,310,0,0,0,310
08/31/2022,CMH,OH,AGL,CE,Combined TRACON& Tower with Radar,211,52,77,0,340,0,2,19,2,23,211,54,96,2,363,0,0,0,363
09/01/2022,CMH,OH,AGL,CE,Combined TRACON& Tower with Radar,223,65,68,1,357,0,0,10,3,13,223,65,78,4,370,0,0,0,370
09/02/2022,CMH,OH,AGL,CE,Combined TRACON& Tower with Radar,225,51,50,6,332,0,0,14,3,17,225,51,64,9,349,0,0,0,349
09/03/2022,CMH,OH,AGL,CE,Combined TRACON& Tower with Radar,188,66,36,1,291,0,0,2,2,4,188,66,38,3,295,0,0,0,295
09/04/2022,CMH,OH,AGL,CE,Combined TRACON& Tower with Radar,192,68,32,1,293,0,0,4,0,4,192,68,36,1,297,0,0,0,297
09/05/2022,CMH,OH,AGL,CE,Combined TRACON& Tower with Radar,224,39,33,0,296,0,0,1,0,1,224,39,34,0,297,0,0,0,297
09/06/2022,CMH,OH,AGL,CE,Combined TRACON& Tower with Radar,215,46,45,2,308,0,0,4,2,6,215,46,49,4,314,0,0,0,314
09/07/2022,CMH,OH,AGL,CE,Combined TRACON& Tower with Radar,211,52,52,0,315,0,2,7,0,9,211,54,59,0,324,0,0,0,324
09/08/2022,CMH,OH,AGL,CE,Combined TRACON& Tower with Radar,230,46,51,1,328,0,2,12,0,14,230,48,63,1,342,0,0,0,342
09/09/2022,CMH,OH,AGL,CE,Combined TRACON& Tower with Radar,216,43,41,3,303,0,0,15,0,15,216,43,56,3,318,0,0,0,318
09/10/2022,CMH,OH,AGL,CE,Combined TRACON& Tower with Radar,196,30,23,2,251,0,0,17,2,19,196,30,40,4,270,0,0,0,270
09/11/2022,CMH,OH,AGL,CE,Combined TRACON& Tower with Radar,227,42,28,0,297,0,0,7,0,7,227,42,35,0,304,0,0,0,304
09/12/2022,CMH,OH,AGL,CE,Combined TRACON& Tower with Radar,233,51,50,0,334,0,0,6,0,6,233,51,56,0,340,0,0,0,340
09/13/2022,CMH,OH,AGL,CE,Combined TRACON& Tower with Radar,214,58,59,0,331,0,4,11,0,15,214,62,70,0,346,0,0,0,346
09/14/2022,CMH,OH,AGL,CE,Combined TRACON& Tower with Radar,222,67,55,0,344,0,0,14,0,14,222,67,69,0,358,0,0,0,358
09/15/2022,CMH,OH,AGL,CE,Combined TRACON& Tower with Radar,222,90,62,0,374,0,0,21,0,21,222,90,83,0,395,0,0,0,395
09/16/2022,CMH,OH,AGL,CE,Combined TRACON& Tower with Radar,223,48,61,0,332,0,0,17,0,17,223,48,78,0,349,0,0,0,349
09/17/2022,CMH,OH,AGL,CE,Combined TRACON& Tower with Radar,190,33,23,0,246,0,0,10,0,10,190,33,33,0,256,0,0,0,256
09/18/2022,CMH,OH,AGL,CE,Combined TRACON& Tower with Radar,222,47,26,0,295,0,0,10,1,11,222,47,36,1,306,0,0,0,306
09/19/2022,CMH,OH,AGL,CE,Combined TRACON& Tower with Radar,222,40,46,0,308,0,2,8,0,10,222,42,54,0,318,0,0,0,318
09/20/2022,CMH,OH,AGL,CE,Combined TRACON& Tower with Radar,215,58,63,0,336,0,0,14,0,14,215,58,77,0,350,0,0,0,350
09/21/2022,CMH,OH,AGL,CE,Combined TRACON& Tower with Radar,213,59,55,0,327,0,0,1,0,1,213,59,56,0,328,0,0,0,328
09/22/2022,CMH,OH,AGL,CE,Combined TRACON& Tower with Radar,215,69,65,2,351,0,0,7,0,7,215,69,72,2,358,0,0,0,358
09/23/2022,CMH,OH,AGL,CE,Combined TRACON& Tower with Radar,237,51,46,0,334,0,2,14,2,18,237,53,60,2,352,0,0,0,352
09/24/2022,CMH,OH,AGL,CE,Combined TRACON& Tower with Radar,193,39,29,2,263,0,0,15,1,16,193,39,44,3,279,0,0,0,279
09/25/2022,CMH,OH,AGL,CE,Combined TRACON& Tower with Radar,226,43,48,3,320,0,0,0,0,0,226,43,48,3,320,0,0,0,320
09/26/2022,CMH,OH,AGL,CE,Combined TRACON& Tower with Radar,232,38,43,2,315,0,0,13,0,13,232,38,56,2,328,0,0,0,328
09/27/2022,CMH,OH,AGL,CE,Combined TRACON& Tower with Radar,230,65,49,0,344,0,4,18,0,22,230,69,67,0,366,0,0,0,366
09/28/2022,CMH,OH,AGL,CE,Combined TRACON& Tower with Radar,205,53,73,0,331,0,0,4,0,4,205,53,77,0,335,0,0,0,335
09/29/2022,CMH,OH,AGL,CE,Combined TRACON& Tower with Radar,213,56,62,0,331,0,3,22,0,25,213,59,84,0,356,0,0,0,356
09/30/2022,CMH,OH,AGL,CE,Combined TRACON& Tower with Radar,223,44,52,2,321,0,0,21,2,23,223,44,73,4,344,0,0,0,344
10/01/2022,CMH,OH,AGL,CE,Combined TRACON& Tower with Radar,201,32,31,0,264,0,0,4,0,4,201,32,35,0,268,0,0,0,268
10/02/2022,CMH,OH,AGL,CE,Combined TRACON& Tower with Radar,224,42,27,3,296,0,0,9,0,9,224,42,36,3,305,0,0,0,305
10/03/2022,CMH,OH,AGL,CE,Combined TRACON& Tower with Radar,226,53,56,0,335,0,0,13,0,13,226,53,69,0,348,0,0,0,348
10/04/2022,CMH,OH,AGL,CE,Combined TRACON& Tower with Radar,222,50,43,0,315,0,0,22,0,22,222,50,65,0,337,0,0,0,337
10/05/2022,CMH,OH,AGL,CE,Combined TRACON& Tower with Radar,225,42,46,1,314,0,0,18,0,18,225,42,64,1,332,0,0,0,332
10/06/2022,CMH,OH,AGL,CE,Combined TRACON& Tower with Radar,243,44,61,0,348,0,2,14,0,16,243,46,75,0,364,0,0,0,364
10/07/2022,CMH,OH,AGL,CE,Combined TRACON& Tower with Radar,235,49,53,0,337,0,0,6,0,6,235,49,59,0,343,0,0,0,343
10/08/2022,CMH,OH,AGL,CE,Combined TRACON& Tower with Radar,196,46,28,0,270,0,2,12,0,14,196,48,40,0,284,0,0,0,284
10/09/2022,CMH,OH,AGL,CE,Combined TRACON& Tower with Radar,224,45,26,0,295,0,0,20,0,20,224,45,46,0,315,0,0,0,315
10/10/2022,CMH,OH,AGL,CE,Combined TRACON& Tower with Radar,228,49,34,0,311,0,1,16,0,17,228,50,50,0,328,0,0,0,328
10/11/2022,CMH,OH,AGL,CE,Combined TRACON& Tower with Radar,223,52,42,0,317,0,1,9,0,10,223,53,51,0,327,0,0,0,327
10/12/2022,CMH,OH,AGL,CE,Combined TRACON& Tower with Radar,219,56,57,0,332,0,0,2,0,2,219,56,59,0,334,0,0,0,334
10/13/2022,CMH,OH,AGL,CE,Combined TRACON& Tower with Radar,229,53,62,0,344,0,6,7,0,13,229,59,69,0,357,0,0,0,357
10/14/2022,CMH,OH,AGL,CE,Combined TRACON& Tower with Radar,232,49,49,0,330,0,0,13,0,13,232,49,62,0,343,0,0,0,343
10/15/2022,CMH,OH,AGL,CE,Combined TRACON& Tower with Radar,191,45,33,0,269,0,2,2,0,4,191,47,35,0,273,0,0,0,273
10/16/2022,CMH,OH,AGL,CE,Combined TRACON& Tower with Radar,219,56,37,0,312,0,2,8,0,10,219,58,45,0,322,0,0,0,322
10/17/2022,CMH,OH,AGL,CE,Combined TRACON& Tower with Radar,226,55,38,0,319,0,0,11,0,11,226,55,49,0,330,0,0,0,330
10/18/2022,CMH,OH,AGL,CE,Combined TRACON& Tower with Radar,223,58,56,0,337,0,0,4,0,4,223,58,60,0,341,0,0,0,341
10/19/2022,CMH,OH,AGL,CE,Combined TRACON& Tower with Radar,218,53,70,0,341,0,0,6,0,6,218,53,76,0,347,0,0,0,347
10/20/2022,CMH,OH,AGL,CE,Combined TRACON& Tower with Radar,225,66,64,0,355,0,3,11,0,14,225,69,75,0,369,0,0,0,369
10/21/2022,CMH,OH,AGL,CE,Combined TRACON& Tower with Radar,236,53,49,0,338,0,0,9,0,9,236,53,58,0,347,0,0,0,347
10/22/2022,CMH,OH,AGL,CE,Combined TRACON& Tower with Radar,187,44,19,0,250,0,1,9,0,10,187,45,28,0,260,0,0,0,260
10/23/2022,CMH,OH,AGL,CE,Combined TRACON& Tower with Radar,222,44,51,0,317,0,3,8,0,11,222,47,59,0,328,0,0,0,328
10/24/2022,CMH,OH,AGL,CE,Combined TRACON& Tower with Radar,226,59,52,0,337,0,0,12,0,12,226,59,64,0,349,0,0,0,349
10/25/2022,CMH,OH,AGL,CE,Combined TRACON& Tower with Radar,214,59,49,0,322,0,1,10,0,11,214,60,59,0,333,0,0,0,333
10/26/2022,CMH,OH,AGL,CE,Combined TRACON& Tower with Radar,219,55,46,0,320,0,2,0,0,2,219,57,46,0,322,0,0,0,322
10/27/2022,CMH,OH,AGL,CE,Combined TRACON& Tower with Radar,226,48,65,0,339,0,2,14,0,16,226,50,79,0,355,0,0,0,355
10/28/2022,CMH,OH,AGL,CE,Combined TRACON& Tower with Radar,233,61,44,1,339,0,1,9,0,10,233,62,53,1,349,0,0,0,349
10/29/2022,CMH,OH,AGL,CE,Combined TRACON& Tower with Radar,187,30,18,0,235,0,0,9,0,9,187,30,27,0,244,0,0,0,244
10/30/2022,CMH,OH,AGL,CE,Combined TRACON& Tower with Radar,205,45,21,1,272,0,0,7,0,7,205,45,28,1,279,0,0,0,279
10/31/2022,CMH,OH,AGL,CE,Combined TRACON& Tower with Radar,208,36,36,0,280,0,0,1,0,1,208,36,37,0,281,0,0,0,281
11/01/2022,CMH,OH,AGL,CE,Combined TRACON& Tower with Radar,214,47,64,0,325,0,0,3,0,3,214,47,67,0,328,0,0,0,328
11/02/2022,CMH,OH,AGL,CE,Combined TRACON& Tower with Radar,212,64,62,0,338,0,0,7,0,7,212,64,69,0,345,0,0,0,345
11/03/2022,CMH,OH,AGL,CE,Combined TRACON& Tower with Radar,233,54,69,0,356,0,0,11,0,11,233,54,80,0,367,0,0,0,367
11/04/2022,CMH,OH,AGL,CE,Combined TRACON& Tower with Radar,213,68,39,0,320,0,1,11,0,12,213,69,50,0,332,0,0,0,332
11/05/2022,CMH,OH,AGL,CE,Combined TRACON& Tower with Radar,187,36,20,0,243,0,0,0,0,0,187,36,20,0,243,0,0,0,243
11/06/2022,CMH,OH,AGL,CE,Combined TRACON& Tower with Radar,209,51,32,0,292,0,0,13,0,13,209,51,45,0,305,0,0,0,305
11/07/2022,CMH,OH,AGL,CE,Combined TRACON& Tower with Radar,225,49,40,0,314,0,0,10,0,10,225,49,50,0,324,0,0,0,324
11/08/2022,CMH,OH,AGL,CE,Combined TRACON& Tower with Radar,219,57,40,0,316,0,2,14,0,16,219,59,54,0,332,0,0,0,332
11/09/2022,CMH,OH,AGL,CE,Combined TRACON& Tower with Radar,222,64,60,0,346,0,2,14,1,17,222,66,74,1,363,0,0,0,363
11/10/2022,CMH,OH,AGL,CE,Combined TRACON& Tower with Radar,221,35,57,0,313,0,4,9,1,14,221,39,66,1,327,0,0,0,327
11/11/2022,CMH,OH,AGL,CE,Combined TRACON& Tower with Radar,218,45,39,2,304,0,0,0,0,0,218,45,39,2,304,0,0,0,304
11/12/2022,CMH,OH,AGL,CE,Combined TRACON& Tower with Radar,203,27,20,0,250,0,0,0,0,0,203,27,20,0,250,0,0,0,250
11/13/2022,CMH,OH,AGL,CE,Combined TRACON& Tower with Radar,221,34,36,0,291,0,0,1,0,1,221,34,37,0,292,0,0,0,292
11/14/2022,CMH,OH,AGL,CE,Combined TRACON& Tower with Radar,236,57,44,2,339,0,3,11,0,14,236,60,55,2,353,0,0,0,353
11/15/2022,CMH,OH,AGL,CE,Combined TRACON& Tower with Radar,223,56,49,0,328,0,0,3,0,3,223,56,52,0,331,0,0,0,331
11/16/2022,CMH,OH,AGL,CE,Combined TRACON& Tower with Radar,220,49,58,0,327,0,0,4,0,4,220,49,62,0,331,0,0,0,331
11/17/2022,CMH,OH,AGL,CE,Combined TRACON& Tower with Radar,233,47,51,1,332,0,0,1,0,1,233,47,52,1,333,0,0,0,333
11/18/2022,CMH,OH,AGL,CE,Combined TRACON& Tower with Radar,227,58,41,1,327,0,1,5,0,6,227,59,46,1,333,0,0,0,333
11/19/2022,CMH,OH,AGL,CE,Combined TRACON& Tower with Radar,202,50,14,0,266,0,1,5,0,6,202,51,19,0,272,0,0,0,272
11/20/2022,CMH,OH,AGL,CE,Combined TRACON& Tower with Radar,219,33,34,0,286,0,0,13,0,13,219,33,47,0,299,0,0,0,299
11/21/2022,CMH,OH,AGL,CE,Combined TRACON& Tower with Radar,228,32,30,0,290,0,0,12,0,12,228,32,42,0,302,0,0,0,302
11/22/2022,CMH,OH,AGL,CE,Combined TRACON& Tower with Radar,237,48,40,2,327,0,0,21,0,21,237,48,61,2,348,0,0,0,348
11/23/2022,CMH,OH,AGL,CE,Combined TRACON& Tower with Radar,242,47,23,2,314,0,3,20,0,23,242,50,43,2,337,0,0,0,337
11/24/2022,CMH,OH,AGL,CE,Combined TRACON& Tower with Radar,161,22,8,0,191,0,2,5,0,7,161,24,13,0,198,0,0,0,198
11/25/2022,CMH,OH,AGL,CE,Combined TRACON& Tower with Radar,202,45,33,0,280,0,1,4,0,5,202,46,37,0,285,0,0,0,285
11/26/2022,CMH,OH,AGL,CE,Combined TRACON& Tower with Radar,216,57,47,0,320,0,0,15,2,17,216,57,62,2,337,0,0,0,337
11/27/2022,CMH,OH,AGL,CE,Combined TRACON& Tower with Radar,237,63,55,0,355,0,0,0,0,0,237,63,55,0,355,0,0,0,355
11/28/2022,CMH,OH,AGL,CE,Combined TRACON& Tower with Radar,250,50,52,0,352,0,0,1,2,3,250,50,53,2,355,0,0,0,355
11/29/2022,CMH,OH,AGL,CE,Combined TRACON& Tower with Radar,224,49,47,2,322,0,0,4,0,4,224,49,51,2,326,0,0,0,326
11/30/2022,CMH,OH,AGL,CE,Combined TRACON& Tower with Radar,224,36,48,0,308,0,0,2,0,2,224,36,50,0,310,0,0,0,310
12/01/2022,CMH,OH,AGL,CE,Combined TRACON& Tower with Radar,230,45,63,0,338,0,1,15,1,17,230,46,78,1,355,0,0,0,355
12/02/2022,CMH,OH,AGL,CE,Combined TRACON& Tower with Radar,223,41,38,0,302,0,0,11,0,11,223,41,49,0,313,0,0,0,313
12/03/2022,CMH,OH,AGL,CE,Combined TRACON& Tower with Radar,201,32,22,0,255,0,0,3,0,3,201,32,25,0,258,0,0,0,258
12/04/2022,CMH,OH,AGL,CE,Combined TRACON& Tower with Radar,222,36,47,0,305,0,0,16,0,16,222,36,63,0,321,0,0,0,321
12/05/2022,CMH,OH,AGL,CE,Combined TRACON& Tower with Radar,230,38,39,0,307,0,1,10,2,13,230,39,49,2,320,0,0,0,320
12/06/2022,CMH,OH,AGL,CE,Combined TRACON& Tower with Radar,228,56,57,0,341,0,0,0,0,0,228,56,57,0,341,0,0,0,341
12/07/2022,CMH,OH,AGL,CE,Combined TRACON& Tower with Radar,224,61,69,0,354,0,0,0,0,0,224,61,69,0,354,0,0,0,354
12/08/2022,CMH,OH,AGL,CE,Combined TRACON& Tower with Radar,234,53,68,0,355,0,0,2,0,2,234,53,70,0,357,0,0,0,357
12/09/2022,CMH,OH,AGL,CE,Combined TRACON& Tower with Radar,229,42,39,0,310,0,0,3,0,3,229,42,42,0,313,0,0,0,313
12/10/2022,CMH,OH,AGL,CE,Combined TRACON& Tower with Radar,200,36,12,0,248,0,0,2,0,2,200,36,14,0,250,0,0,0,250
12/11/2022,CMH,OH,AGL,CE,Combined TRACON& Tower with Radar,221,42,20,0,283,0,2,2,0,4,221,44,22,0,287,0,0,0,287
12/12/2022,CMH,OH,AGL,CE,Combined TRACON& Tower with Radar,226,57,53,0,336,0,0,8,0,8,226,57,61,0,344,0,0,0,344
12/13/2022,CMH,OH,AGL,CE,Combined TRACON& Tower with Radar,223,63,46,0,332,0,2,13,0,15,223,65,59,0,347,0,0,0,347
12/14/2022,CMH,OH,AGL,CE,Combined TRACON& Tower with Radar,222,64,49,0,335,0,0,4,0,4,222,64,53,0,339,0,0,0,339
12/15/2022,CMH,OH,AGL,CE,Combined TRACON& Tower with Radar,226,58,48,0,332,0,0,0,0,0,226,58,48,0,332,0,0,0,332
12/16/2022,CMH,OH,AGL,CE,Combined TRACON& Tower with Radar,226,62,37,0,325,0,0,7,0,7,226,62,44,0,332,0,0,0,332
12/17/2022,CMH,OH,AGL,CE,Combined TRACON& Tower with Radar,212,37,28,0,277,0,0,2,0,2,212,37,30,0,279,0,0,0,279
12/18/2022,CMH,OH,AGL,CE,Combined TRACON& Tower with Radar,216,41,26,1,284,0,1,3,0,4,216,42,29,1,288,0,0,0,288
12/19/2022,CMH,OH,AGL,CE,Combined TRACON& Tower with Radar,214,46,37,12,309,0,2,13,0,15,214,48,50,12,324,0,0,0,324
12/20/2022,CMH,OH,AGL,CE,Combined TRACON& Tower with Radar,215,76,41,1,333,0,4,16,0,20,215,80,57,1,353,0,0,0,353
12/21/2022,CMH,OH,AGL,CE,Combined TRACON& Tower with Radar,221,61,26,0,308,0,1,13,0,14,221,62,39,0,322,0,0,0,322
12/22/2022,CMH,OH,AGL,CE,Combined TRACON& Tower with Radar,211,53,37,0,301,1,0,1,1,3,212,53,38,1,304,0,0,0,304
12/23/2022,CMH,OH,AGL,CE,Combined TRACON& Tower with Radar,78,29,3,0,110,0,0,0,0,0,78,29,3,0,110,0,0,0,110
12/24/2022,CMH,OH,AGL,CE,Combined TRACON& Tower with Radar,111,43,13,0,167,0,0,0,0,0,111,43,13,0,167,0,0,0,167
12/25/2022,CMH,OH,AGL,CE,Combined TRACON& Tower with Radar,126,32,3,0,161,0,1,6,0,7,126,33,9,0,168,0,0,0,168
12/26/2022,CMH,OH,AGL,CE,Combined TRACON& Tower with Radar,145,54,33,0,232,0,0,0,0,0,145,54,33,0,232,0,0,0,232
12/27/2022,CMH,OH,AGL,CE,Combined TRACON& Tower with Radar,159,40,36,0,235,0,0,1,0,1,159,40,37,0,236,0,0,0,236
12/28/2022,CMH,OH,AGL,CE,Combined TRACON& Tower with Radar,151,47,29,1,228,0,1,4,0,5,151,48,33,1,233,0,0,0,233
12/29/2022,CMH,OH,AGL,CE,Combined TRACON& Tower with Radar,163,49,17,0,229,0,0,2,0,2,163,49,19,0,231,0,0,0,231
12/30/2022,CMH,OH,AGL,CE,Combined TRACON& Tower with Radar,204,39,15,0,258,0,0,4,0,4,204,39,19,0,262,0,0,0,262
12/31/2022,CMH,OH,AGL,CE,Combined TRACON& Tower with Radar,187,24,31,0,242,0,0,0,0,0,187,24,31,0,242,0,0,0,242
01/01/2023,CMH,OH,AGL,CE,Combined TRACON& Tower with Radar,189,31,27,0,247,0,0,0,0,0,189,31,27,0,247,0,0,0,247
01/02/2023,CMH,OH,AGL,CE,Combined TRACON& Tower with Radar,206,33,31,0,270,0,0,0,0,0,206,33,31,0,270,0,0,0,270
01/03/2023,CMH,OH,AGL,CE,Combined TRACON& Tower with Radar,199,49,35,0,283,0,0,0,0,0,199,49,35,0,283,0,0,0,283
01/04/2023,CMH,OH,AGL,CE,Combined TRACON& Tower with Radar,194,54,33,0,281,0,0,4,0,4,194,54,37,0,285,0,0,0,285
01/05/2023,CMH,OH,AGL,CE,Combined TRACON& Tower with Radar,183,35,35,2,255,0,0,9,2,11,183,35,44,4,266,0,0,0,266
01/06/2023,CMH,OH,AGL,CE,Combined TRACON& Tower with Radar,194,21,27,0,242,0,0,0,0,0,194,21,27,0,242,0,0,0,242
01/07/2023,CMH,OH,AGL,CE,Combined TRACON& Tower with Radar,190,23,28,0,241,0,0,7,0,7,190,23,35,0,248,0,0,0,248
01/08/2023,CMH,OH,AGL,CE,Combined TRACON& Tower with Radar,218,28,17,0,263,0,0,4,0,4,218,28,21,0,267,0,0,0,267
01/09/2023,CMH,OH,AGL,CE,Combined TRACON& Tower with Radar,222,26,31,0,279,0,2,5,0,7,222,28,36,0,286,0,0,0,286
01/10/2023,CMH,OH,AGL,CE,Combined TRACON& Tower with Radar,224,51,62,0,337,0,2,6,0,8,224,53,68,0,345,0,0,0,345
01/11/2023,CMH,OH,AGL,CE,Combined TRACON& Tower with Radar,203,42,31,0,276,0,0,1,0,1,203,42,32,0,277,0,0,0,277
01/12/2023,CMH,OH,AGL,CE,Combined TRACON& Tower with Radar,234,48,36,0,318,0,0,0,0,0,234,48,36,0,318,0,0,0,318
01/13/2023,CMH,OH,AGL,CE,Combined TRACON& Tower with Radar,233,38,50,0,321,0,0,2,0,2,233,38,52,0,323,0,0,0,323
01/14/2023,CMH,OH,AGL,CE,Combined TRACON& Tower with Radar,182,26,13,0,221,0,0,13,1,14,182,26,26,1,235,0,0,0,235
01/15/2023,CMH,OH,AGL,CE,Combined TRACON& Tower with Radar,212,23,17,1,253,0,0,10,0,10,212,23,27,1,263,0,0,0,263
01/16/2023,CMH,OH,AGL,CE,Combined TRACON& Tower with Radar,228,39,38,1,306,0,0,3,0,3,228,39,41,1,309,0,0,0,309
01/17/2023,CMH,OH,AGL,CE,Combined TRACON& Tower with Radar,223,46,32,0,301,0,0,4,0,4,223,46,36,0,305,0,0,0,305
01/18/2023,CMH,OH,AGL,CE,Combined TRACON& Tower with Radar,225,41,39,0,305,0,0,0,0,0,225,41,39,0,305,0,0,0,305
01/19/2023,CMH,OH,AGL,CE,Combined TRACON& Tower with Radar,239,42,33,0,314,0,0,3,0,3,239,42,36,0,317,0,0,0,317
01/20/2023,CMH,OH,AGL,CE,Combined TRACON& Tower with Radar,233,51,41,0,325,0,0,1,0,1,233,51,42,0,326,0,0,0,326
01/21/2023,CMH,OH,AGL,CE,Combined TRACON& Tower with Radar,182,18,10,0,210,0,0,4,0,4,182,18,14,0,214,0,0,0,214
01/22/2023,CMH,OH,AGL,CE,Combined TRACON& Tower with Radar,228,23,15,0,266,0,0,0,0,0,228,23,15,0,266,0,0,0,266
01/23/2023,CMH,OH,AGL,CE,Combined TRACON& Tower with Radar,226,43,22,0,291,0,0,1,0,1,226,43,23,0,292,0,0,0,292
01/24/2023,CMH,OH,AGL,CE,Combined TRACON& Tower with Radar,220,56,41,3,320,0,2,12,0,14,220,58,53,3,334,0,0,0,334
01/25/2023,CMH,OH,AGL,CE,Combined TRACON& Tower with Radar,199,47,27,0,273,0,0,0,0,0,199,47,27,0,273,0,0,0,273
01/26/2023,CMH,OH,AGL,CE,Combined TRACON& Tower with Radar,232,39,41,0,312,0,0,0,0,0,232,39,41,0,312,0,0,0,312
01/27/2023,CMH,OH,AGL,CE,Combined TRACON& Tower with Radar,230,31,32,0,293,0,1,5,0,6,230,32,37,0,299,0,0,0,299
01/28/2023,CMH,OH,AGL,CE,Combined TRACON& Tower with Radar,181,22,25,0,228,0,0,16,0,16,181,22,41,0,244,0,0,0,244
01/29/2023,CMH,OH,AGL,CE,Combined TRACON& Tower with Radar,222,37,9,0,268,0,1,0,0,1,222,38,9,0,269,0,0,0,269
01/30/2023,CMH,OH,AGL,CE,Combined TRACON& Tower with Radar,222,28,27,0,277,0,0,0,0,0,222,28,27,0,277,0,0,0,277
01/31/2023,CMH,OH,AGL,CE,Combined TRACON& Tower with Radar,212,41,46,2,301,0,0,6,0,6,212,41,52,2,307,0,0,0,307
02/01/2023,CMH,OH,AGL,CE,Combined TRACON& Tower with Radar,210,51,42,3,306,0,0,14,0,14,210,51,56,3,320,0,0,0,320
02/02/2023,CMH,OH,AGL,CE,Combined TRACON& Tower with Radar,239,53,51,2,345,0,0,12,1,13,239,53,63,3,358,0,0,0,358
02/03/2023,CMH,OH,AGL,CE,Combined TRACON& Tower with Radar,222,42,29,2,295,0,2,8,1,11,222,44,37,3,306,0,0,0,306
02/04/2023,CMH,OH,AGL,CE,Combined TRACON& Tower with Radar,185,27,15,2,229,0,4,2,0,6,185,31,17,2,235,0,0,0,235
02/05/2023,CMH,OH,AGL,CE,Combined TRACON& Tower with Radar,224,42,21,1,288,0,0,3,0,3,224,42,24,1,291,0,0,0,291
02/06/2023,CMH,OH,AGL,CE,Combined TRACON& Tower with Radar,227,41,37,0,305,0,0,4,2,6,227,41,41,2,311,16,0,16,327
02/07/2023,CMH,OH,AGL,CE,Combined TRACON& Tower with Radar,222,40,44,0,306,0,2,6,1,9,222,42,50,1,315,0,0,0,315
02/08/2023,CMH,OH,AGL,CE,Combined TRACON& Tower with Radar,221,55,55,0,331,0,0,17,0,17,221,55,72,0,348,0,0,0,348
02/09/2023,CMH,OH,AGL,CE,Combined TRACON& Tower with Radar,233,48,40,1,322,0,3,0,0,3,233,51,40,1,325,0,0,0,325
02/10/2023,CMH,OH,AGL,CE,Combined TRACON& Tower with Radar,233,56,31,0,320,0,1,1,0,2,233,57,32,0,322,0,0,0,322
02/11/2023,CMH,OH,AGL,CE,Combined TRACON& Tower with Radar,186,29,16,0,231,0,0,18,0,18,186,29,34,0,249,0,0,0,249
02/12/2023,CMH,OH,AGL,CE,Combined TRACON& Tower with Radar,220,51,14,0,285,0,0,13,0,13,220,51,27,0,298,0,0,0,298
02/13/2023,CMH,OH,AGL,CE,Combined TRACON& Tower with Radar,229,48,32,0,309,0,0,8,3,11,229,48,40,3,320,0,0,0,320
02/14/2023,CMH,OH,AGL,CE,Combined TRACON& Tower with Radar,223,66,29,0,318,0,2,16,1,19,223,68,45,1,337,0,0,0,337
02/15/2023,CMH,OH,AGL,CE,Combined TRACON& Tower with Radar,221,53,35,0,309,0,0,4,0,4,221,53,39,0,313,0,0,0,313
02/16/2023,CMH,OH,AGL,CE,Combined TRACON& Tower with Radar,216,71,49,2,338,0,0,0,0,0,216,71,49,2,338,0,0,0,338
02/17/2023,CMH,OH,AGL,CE,Combined TRACON& Tower with Radar,230,57,27,0,314,0,0,0,0,0,230,57,27,0,314,0,0,0,314
02/18/2023,CMH,OH,AGL,CE,Combined TRACON& Tower with Radar,182,18,22,0,222,0,0,27,0,27,182,18,49,0,249,0,0,0,249
02/19/2023,CMH,OH,AGL,CE,Combined TRACON& Tower with Radar,216,40,18,0,274,0,2,9,0,11,216,42,27,0,285,0,0,0,285
02/20/2023,CMH,OH,AGL,CE,Combined TRACON& Tower with Radar,232,48,42,0,322,0,2,7,0,9,232,50,49,0,331,0,0,0,331
02/21/2023,CMH,OH,AGL,CE,Combined TRACON& Tower with Radar,228,54,69,0,351,0,0,7,0,7,228,54,76,0,358,0,0,0,358
02/22/2023,CMH,OH,AGL,CE,Combined TRACON& Tower with Radar,223,55,45,2,325,0,1,0,0,1,223,56,45,2,326,0,0,0,326
02/23/2023,CMH,OH,AGL,CE,Combined TRACON& Tower with Radar,240,71,59,5,375,0,8,9,0,17,240,79,68,5,392,0,0,0,392
02/24/2023,CMH,OH,AGL,CE,Combined TRACON& Tower with Radar,234,52,51,2,339,0,4,21,0,25,234,56,72,2,364,0,0,0,364
02/25/2023,CMH,OH,AGL,CE,Combined TRACON& Tower with Radar,187,45,21,0,253,0,1,17,0,18,187,46,38,0,271,0,0,0,271
02/26/2023,CMH,OH,AGL,CE,Combined TRACON& Tower with Radar,224,50,43,2,319,0,4,10,0,14,224,54,53,2,333,0,0,0,333
02/27/2023,CMH,OH,AGL,CE,Combined TRACON& Tower with Radar,230,56,43,0,329,0,0,0,0,0,230,56,43,0,329,0,0,0,329
02/28/2023,CMH,OH,AGL,CE,Combined TRACON& Tower with Radar,217,67,54,0,338,0,0,10,0,10,217,67,64,0,348,0,0,0,348
03/01/2023,CMH,OH,AGL,CE,Combined TRACON& Tower with Radar,228,64,39,0,331,0,1,13,1,15,228,65,52,1,346,0,0,0,346
03/02/2023,CMH,OH,AGL,CE,Combined TRACON& Tower with Radar,231,52,57,2,342,0,0,14,0,14,231,52,71,2,356,0,0,0,356
03/03/2023,CMH,OH,AGL,CE,Combined TRACON& Tower with Radar,237,35,33,1,306,0,0,0,0,0,237,35,33,1,306,0,0,0,306
03/04/2023,CMH,OH,AGL,CE,Combined TRACON& Tower with Radar,182,50,18,0,250,0,0,11,0,11,182,50,29,0,261,0,0,0,261
03/05/2023,CMH,OH,AGL,CE,Combined TRACON& Tower with Radar,219,35,26,0,280,0,1,18,0,19,219,36,44,0,299,0,0,0,299
03/06/2023,CMH,OH,AGL,CE,Combined TRACON& Tower with Radar,235,38,33,0,306,0,0,1,0,1,235,38,34,0,307,0,0,0,307
03/07/2023,CMH,OH,AGL,CE,Combined TRACON& Tower with Radar,227,46,57,0,330,0,0,8,0,8,227,46,65,0,338,0,0,0,338
03/08/2023,CMH,OH,AGL,CE,Combined TRACON& Tower with Radar,226,45,33,2,306,0,2,18,1,21,226,47,51,3,327,0,0,0,327
03/09/2023,CMH,OH,AGL,CE,Combined TRACON& Tower with Radar,238,69,67,0,374,0,3,19,1,23,238,72,86,1,397,0,0,0,397
03/10/2023,CMH,OH,AGL,CE,Combined TRACON& Tower with Radar,236,43,38,0,317,0,0,0,1,1,236,43,38,1,318,0,0,0,318
03/11/2023,CMH,OH,AGL,CE,Combined TRACON& Tower with Radar,216,36,24,0,276,0,0,6,1,7,216,36,30,1,283,0,0,0,283
03/12/2023,CMH,OH,AGL,CE,Combined TRACON& Tower with Radar,230,41,23,0,294,0,1,4,0,5,230,42,27,0,299,0,0,0,299
03/13/2023,CMH,OH,AGL,CE,Combined TRACON& Tower with Radar,242,42,41,0,325,0,0,0,0,0,242,42,41,0,325,0,0,0,325
03/14/2023,CMH,OH,AGL,CE,Combined TRACON& Tower with Radar,230,61,43,2,336,0,0,2,1,3,230,61,45,3,339,0,0,0,339
03/15/2023,CMH,OH,AGL,CE,Combined TRACON& Tower with Radar,242,57,42,2,343,0,1,12,2,15,242,58,54,4,358,0,0,0,358
03/16/2023,CMH,OH,AGL,CE,Combined TRACON& Tower with Radar,239,46,35,2,322,0,0,6,1,7,239,46,41,3,329,0,0,0,329
03/17/2023,CMH,OH,AGL,CE,Combined TRACON& Tower with Radar,251,37,52,0,340,0,0,0,0,0,251,37,52,0,340,0,0,0,340
03/18/2023,CMH,OH,AGL,CE,Combined TRACON& Tower with Radar,225,34,35,4,298,0,0,4,0,4,225,34,39,4,302,0,0,0,302
03/19/2023,CMH,OH,AGL,CE,Combined TRACON& Tower with Radar,239,63,50,0,352,0,0,16,0,16,239,63,66,0,368,0,0,0,368
03/20/2023,CMH,OH,AGL,CE,Combined TRACON& Tower with Radar,246,43,43,1,333,0,3,24,0,27,246,46,67,1,360,0,0,0,360
03/21/2023,CMH,OH,AGL,CE,Combined TRACON& Tower with Radar,230,52,56,0,338,0,4,41,0,45,230,56,97,0,383,0,0,0,383
03/22/2023,CMH,OH,AGL,CE,Combined TRACON& Tower with Radar,236,58,46,1,341,0,0,1,0,1,236,58,47,1,342,0,0,0,342
03/23/2023,CMH,OH,AGL,CE,Combined TRACON& Tower with Radar,243,53,44,0,340,0,0,1,0,1,243,53,45,0,341,0,0,0,341
03/24/2023,CMH,OH,AGL,CE,Combined TRACON& Tower with Radar,244,39,36,2,321,0,0,0,0,0,244,39,36,2,321,0,0,0,321
03/25/2023,CMH,OH,AGL,CE,Combined TRACON& Tower with Radar,225,37,8,0,270,0,0,0,0,0,225,37,8,0,270,0,0,0,270
03/26/2023,CMH,OH,AGL,CE,Combined TRACON& Tower with Radar,232,40,41,0,313,0,11,19,0,30,232,51,60,0,343,0,0,0,343
03/27/2023,CMH,OH,AGL,CE,Combined TRACON& Tower with Radar,247,24,19,0,290,0,2,0,0,2,247,26,19,0,292,0,0,0,292
03/28/2023,CMH,OH,AGL,CE,Combined TRACON& Tower with Radar,235,41,52,2,330,0,3,17,0,20,235,44,69,2,350,0,0,0,350
03/29/2023,CMH,OH,AGL,CE,Combined TRACON& Tower with Radar,234,37,42,0,313,0,1,7,1,9,234,38,49,1,322,0,0,0,322
03/30/2023,CMH,OH,AGL,CE,Combined TRACON& Tower with Radar,239,48,60,0,347,0,2,14,0,16,239,50,74,0,363,0,0,0,363
03/31/2023,CMH,OH,AGL,CE,Combined TRACON& Tower with Radar,234,46,27,2,309,0,0,1,0,1,234,46,28,2,310,0,0,0,310
04/01/2023,CMH,OH,AGL,CE,Combined TRACON& Tower with Radar,201,41,18,0,260,0,0,0,0,0,201,41,18,0,260,0,0,0,260
04/02/2023,CMH,OH,AGL,CE,Combined TRACON& Tower with Radar,235,42,28,0,305,0,0,9,0,9,235,42,37,0,314,0,0,0,314
04/03/2023,CMH,OH,AGL,CE,Combined TRACON& Tower with Radar,237,40,28,2,307,0,0,5,0,5,237,40,33,2,312,0,0,0,312
04/04/2023,CMH,OH,AGL,CE,Combined TRACON& Tower with Radar,236,39,40,0,315,0,0,7,2,9,236,39,47,2,324,0,0,0,324
04/05/2023,CMH,OH,AGL,CE,Combined TRACON& Tower with Radar,235,55,28,0,318,0,0,0,0,0,235,55,28,0,318,0,0,0,318
04/06/2023,CMH,OH,AGL,CE,Combined TRACON& Tower with Radar,241,42,48,0,331,0,0,8,0,8,241,42,56,0,339,0,0,0,339
04/07/2023,CMH,OH,AGL,CE,Combined TRACON& Tower with Radar,246,42,29,0,317,0,1,14,0,15,246,43,43,0,332,0,0,0,332
04/08/2023,CMH,OH,AGL,CE,Combined TRACON& Tower with Radar,225,34,15,0,274,0,0,18,0,18,225,34,33,0,292,0,0,0,292
04/09/2023,CMH,OH,AGL,CE,Combined TRACON& Tower with Radar,228,44,24,0,296,0,2,2,0,4,228,46,26,0,300,0,0,0,300
04/10/2023,CMH,OH,AGL,CE,Combined TRACON& Tower with Radar,246,51,48,0,345,0,0,13,0,13,246,51,61,0,358,0,0,0,358
04/11/2023,CMH,OH,AGL,CE,Combined TRACON& Tower with Radar,239,44,44,0,327,0,1,29,0,30,239,45,73,0,357,0,0,0,357
04/12/2023,CMH,OH,AGL,CE,Combined TRACON& Tower with Radar,242,38,48,0,328,0,2,10,0,12,242,40,58,0,340,0,0,0,340
04/13/2023,CMH,OH,AGL,CE,Combined TRACON& Tower with Radar,237,60,58,0,355,0,5,15,2,22,237,65,73,2,377,0,0,0,377
04/14/2023,CMH,OH,AGL,CE,Combined TRACON& Tower with Radar,241,23,49,2,315,0,6,6,0,12,241,29,55,2,327,0,0,0,327
04/15/2023,CMH,OH,AGL,CE,Combined TRACON& Tower with Radar,201,34,18,0,253,0,2,3,0,5,201,36,21,0,258,0,0,0,258
04/16/2023,CMH,OH,AGL,CE,Combined TRACON& Tower with Radar,224,34,20,0,278,0,0,5,0,5,224,34,25,0,283,0,0,0,283
04/17/2023,CMH,OH,AGL,CE,Combined TRACON& Tower with Radar,233,33,49,0,315,0,0,0,0,0,233,33,49,0,315,0,0,0,315
04/18/2023,CMH,OH,AGL,CE,Combined TRACON& Tower with Radar,236,49,49,0,334,0,0,8,0,8,236,49,57,0,342,0,0,0,342
04/19/2023,CMH,OH,AGL,CE,Combined TRACON& Tower with Radar,240,55,86,4,385,0,0,10,0,10,240,55,96,4,395,0,0,0,395
04/20/2023,CMH,OH,AGL,CE,Combined TRACON& Tower with Radar,234,50,51,0,335,0,0,4,0,4,234,50,55,0,339,0,0,0,339
04/21/2023,CMH,OH,AGL,CE,Combined TRACON& Tower with Radar,245,49,42,5,341,0,0,4,0,4,245,49,46,5,345,0,0,0,345
04/22/2023,CMH,OH,AGL,CE,Combined TRACON& Tower with Radar,209,27,13,2,251,0,0,3,0,3,209,27,16,2,254,0,0,0,254
04/23/2023,CMH,OH,AGL,CE,Combined TRACON& Tower with Radar,230,31,22,0,283,0,0,9,2,11,230,31,31,2,294,0,0,0,294
04/24/2023,CMH,OH,AGL,CE,Combined TRACON& Tower with Radar,245,30,36,0,311,0,0,7,0,7,245,30,43,0,318,0,0,0,318
04/25/2023,CMH,OH,AGL,CE,Combined TRACON& Tower with Radar,229,60,42,1,332,0,1,14,0,15,229,61,56,1,347,0,0,0,347
04/26/2023,CMH,OH,AGL,CE,Combined TRACON& Tower with Radar,238,67,58,1,364,0,3,20,1,24,238,70,78,2,388,0,0,0,388
04/27/2023,CMH,OH,AGL,CE,Combined TRACON& Tower with Radar,235,60,52,1,348,0,1,20,1,22,235,61,72,2,370,0,0,0,370
04/28/2023,CMH,OH,AGL,CE,Combined TRACON& Tower with Radar,241,39,32,0,312,0,0,4,0,4,241,39,36,0,316,0,0,0,316
04/29/2023,CMH,OH,AGL,CE,Combined TRACON& Tower with Radar,207,38,19,0,264,0,0,6,0,6,207,38,25,0,270,0,0,0,270
04/30/2023,CMH,OH,AGL,CE,Combined TRACON& Tower with Radar,219,52,23,0,294,0,2,2,0,4,219,54,25,0,298,0,0,0,298
05/01/2023,CMH,OH,AGL,CE,Combined TRACON& Tower with Radar,240,49,43,0,332,0,0,2,0,2,240,49,45,0,334,0,0,0,334
05/02/2023,CMH,OH,AGL,CE,Combined TRACON& Tower with Radar,241,27,41,6,315,0,0,2,0,2,241,27,43,6,317,0,0,0,317
05/03/2023,CMH,OH,AGL,CE,Combined TRACON& Tower with Radar,242,58,57,0,357,0,1,0,0,1,242,59,57,0,358,0,0,0,358
05/04/2023,CMH,OH,AGL,CE,Combined TRACON& Tower with Radar,249,73,51,1,374,0,0,14,0,14,249,73,65,1,388,0,0,0,388
05/05/2023,CMH,OH,AGL,CE,Combined TRACON& Tower with Radar,246,35,32,0,313,0,0,28,0,28,246,35,60,0,341,0,0,0,341
05/06/2023,CMH,OH,AGL,CE,Combined TRACON& Tower with Radar,211,33,25,0,269,0,4,8,0,12,211,37,33,0,281,0,0,0,281
05/07/2023,CMH,OH,AGL,CE,Combined TRACON& Tower with Radar,227,38,28,0,293,0,0,8,0,8,227,38,36,0,301,0,0,0,301
05/08/2023,CMH,OH,AGL,CE,Combined TRACON& Tower with Radar,255,41,41,0,337,0,0,4,0,4,255,41,45,0,341,0,0,0,341
05/09/2023,CMH,OH,AGL,CE,Combined TRACON& Tower with Radar,246,41,49,0,336,0,0,12,0,12,246,41,61,0,348,0,0,0,348
05/10/2023,CMH,OH,AGL,CE,Combined TRACON& Tower with Radar,245,55,62,2,364,0,2,13,0,15,245,57,75,2,379,0,0,0,379
05/11/2023,CMH,OH,AGL,CE,Combined TRACON& Tower with Radar,255,56,54,0,365,0,0,14,0,14,255,56,68,0,379,0,0,0,379
05/12/2023,CMH,OH,AGL,CE,Combined TRACON& Tower with Radar,252,33,36,3,324,0,5,7,0,12,252,38,43,3,336,0,0,0,336
05/13/2023,CMH,OH,AGL,CE,Combined TRACON& Tower with Radar,205,36,10,0,251,0,0,0,0,0,205,36,10,0,251,0,0,0,251
05/14/2023,CMH,OH,AGL,CE,Combined TRACON& Tower with Radar,237,56,21,1,315,0,1,9,0,10,237,57,30,1,325,0,0,0,325
05/15/2023,CMH,OH,AGL,CE,Combined TRACON& Tower with Radar,253,48,44,0,345,0,0,16,0,16,253,48,60,0,361,0,0,0,361
05/16/2023,CMH,OH,AGL,CE,Combined TRACON& Tower with Radar,241,38,48,0,327,0,2,9,0,11,241,40,57,0,338,0,0,0,338
05/17/2023,CMH,OH,AGL,CE,Combined TRACON& Tower with Radar,243,55,53,2,353,0,2,14,0,16,243,57,67,2,369,0,0,0,369
05/18/2023,CMH,OH,AGL,CE,Combined TRACON& Tower with Radar,249,41,65,2,357,0,3,23,0,26,249,44,88,2,383,0,0,0,383
05/19/2023,CMH,OH,AGL,CE,Combined TRACON& Tower with Radar,252,34,39,4,329,0,1,10,0,11,252,35,49,4,340,0,0,0,340
05/20/2023,CMH,OH,AGL,CE,Combined TRACON& Tower with Radar,211,33,12,0,256,0,0,8,0,8,211,33,20,0,264,0,0,0,264
05/21/2023,CMH,OH,AGL,CE,Combined TRACON& Tower with Radar,251,42,35,0,328,0,3,22,0,25,251,45,57,0,353,0,0,0,353
05/22/2023,CMH,OH,AGL,CE,Combined TRACON& Tower with Radar,254,38,37,0,329,0,3,21,0,24,254,41,58,0,353,10,0,10,363
05/23/2023,CMH,OH,AGL,CE,Combined TRACON& Tower with Radar,244,43,50,5,342,0,0,15,0,15,244,43,65,5,357,0,0,0,357
05/24/2023,CMH,OH,AGL,CE,Combined TRACON& Tower with Radar,243,46,47,2,338,0,0,19,0,19,243,46,66,2,357,0,0,0,357
05/25/2023,CMH,OH,AGL,CE,Combined TRACON& Tower with Radar,264,47,51,0,362,0,0,22,0,22,264,47,73,0,384,0,0,0,384
05/26/2023,CMH,OH,AGL,CE,Combined TRACON& Tower with Radar,252,25,44,0,321,0,4,14,0,18,252,29,58,0,339,0,0,0,339
05/27/2023,CMH,OH,AGL,CE,Combined TRACON& Tower with Radar,215,26,19,0,260,0,0,14,0,14,215,26,33,0,274,0,0,0,274
05/28/2023,CMH,OH,AGL,CE,Combined TRACON& Tower with Radar,226,15,27,0,268,0,2,12,0,14,226,17,39,0,282,0,0,0,282
05/29/2023,CMH,OH,AGL,CE,Combined TRACON& Tower with Radar,253,30,22,0,305,0,0,7,0,7,253,30,29,0,312,0,0,0,312
05/30/2023,CMH,OH,AGL,CE,Combined TRACON& Tower with Radar,245,51,56,0,352,0,4,10,0,14,245,55,66,0,366,0,0,0,366
05/31/2023,CMH,OH,AGL,CE,Combined TRACON& Tower with Radar,246,43,66,0,355,0,2,13,0,15,246,45,79,0,370,0,0,0,370
06/01/2023,CMH,OH,AGL,CE,Combined TRACON& Tower with Radar,250,50,56,0,356,0,1,22,0,23,250,51,78,0,379,0,0,0,379
06/02/2023,CMH,OH,AGL,CE,Combined TRACON& Tower with Radar,254,38,45,2,339,0,0,9,2,11,254,38,54,4,350,0,0,0,350
06/03/2023,CMH,OH,AGL,CE,Combined TRACON& Tower with Radar,219,28,16,0,263,0,0,9,0,9,219,28,25,0,272,0,0,0,272
06/04/2023,CMH,OH,AGL,CE,Combined TRACON& Tower with Radar,246,41,37,0,324,0,4,8,0,12,246,45,45,0,336,0,0,0,336
06/05/2023,CMH,OH,AGL,CE,Combined TRACON& Tower with Radar,264,42,44,0,350,0,1,5,0,6,264,43,49,0,356,0,0,0,356
06/06/2023,CMH,OH,AGL,CE,Combined TRACON& Tower with Radar,248,42,62,0,352,0,2,12,0,14,248,44,74,0,366,0,0,0,366
06/07/2023,CMH,OH,AGL,CE,Combined TRACON& Tower with Radar,254,54,43,0,351,0,0,16,0,16,254,54,59,0,367,0,0,0,367
06/08/2023,CMH,OH,AGL,CE,Combined TRACON& Tower with Radar,258,51,48,0,357,0,1,17,0,18,258,52,65,0,375,0,0,0,375
06/09/2023,CMH,OH,AGL,CE,Combined TRACON& Tower with Radar,263,38,27,0,328,0,0,6,7,13,263,38,33,7,341,0,0,0,341
06/10/2023,CMH,OH,AGL,CE,Combined TRACON& Tower with Radar,225,33,16,0,274,0,2,15,1,18,225,35,31,1,292,0,0,0,292
06/11/2023,CMH,OH,AGL,CE,Combined TRACON& Tower with Radar,253,37,26,1,317,0,0,5,1,6,253,37,31,2,323,0,0,0,323
06/12/2023,CMH,OH,AGL,CE,Combined TRACON& Tower with Radar,263,45,37,0,345,0,3,4,0,7,263,48,41,0,352,0,0,0,352
06/13/2023,CMH,OH,AGL,CE,Combined TRACON& Tower with Radar,250,44,55,0,349,0,0,6,0,6,250,44,61,0,355,0,0,0,355
06/14/2023,CMH,OH,AGL,CE,Combined TRACON& Tower with Radar,247,64,58,0,369,0,1,14,0,15,247,65,72,0,384,0,0,0,384
06/15/2023,CMH,OH,AGL,CE,Combined TRACON& Tower with Radar,262,55,63,2,382,0,1,8,0,9,262,56,71,2,391,0,0,0,391
06/16/2023,CMH,OH,AGL,CE,Combined TRACON& Tower with Radar,269,58,36,0,363,0,1,15,0,16,269,59,51,0,379,0,0,0,379
06/17/2023,CMH,OH,AGL,CE,Combined TRACON& Tower with Radar,223,54,16,0,293,0,0,20,2,22,223,54,36,2,315,0,0,0,315
06/18/2023,CMH,OH,AGL,CE,Combined TRACON& Tower with Radar,258,32,30,0,320,0,2,32,1,35,258,34,62,1,355,0,0,0,355
06/19/2023,CMH,OH,AGL,CE,Combined TRACON& Tower with Radar,264,53,41,3,361,1,0,11,0,12,265,53,52,3,373,0,0,0,373
06/20/2023,CMH,OH,AGL,CE,Combined TRACON& Tower with Radar,246,57,67,1,371,0,0,2,0,2,246,57,69,1,373,0,0,0,373
06/21/2023,CMH,OH,AGL,CE,Combined TRACON& Tower with Radar,253,52,45,0,350,0,0,26,0,26,253,52,71,0,376,0,0,0,376
06/22/2023,CMH,OH,AGL,CE,Combined TRACON& Tower with Radar,253,53,66,0,372,0,0,2,0,2,253,53,68,0,374,0,0,0,374
06/23/2023,CMH,OH,AGL,CE,Combined TRACON& Tower with Radar,260,52,40,1,353,0,0,0,0,0,260,52,40,1,353,0,0,0,353
06/24/2023,CMH,OH,AGL,CE,Combined TRACON& Tower with Radar,235,41,41,2,319,0,0,10,0,10,235,41,51,2,329,0,0,0,329
06/25/2023,CMH,OH,AGL,CE,Combined TRACON& Tower with Radar,262,39,20,1,322,0,5,3,0,8,262,44,23,1,330,0,0,0,330
06/26/2023,CMH,OH,AGL,CE,Combined TRACON& Tower with Radar,242,42,30,0,314,0,0,3,0,3,242,42,33,0,317,0,0,0,317
06/27/2023,CMH,OH,AGL,CE,Combined TRACON& Tower with Radar,226,58,51,1,336,0,0,1,1,2,226,58,52,2,338,0,0,0,338
06/28/2023,CMH,OH,AGL,CE,Combined TRACON& Tower with Radar,248,49,61,0,358,0,0,0,0,0,248,49,61,0,358,0,0,0,358
06/29/2023,CMH,OH,AGL,CE,Combined TRACON& Tower with Radar,261,59,45,0,365,0,0,2,0,2,261,59,47,0,367,0,0,0,367
06/30/2023,CMH,OH,AGL,CE,Combined TRACON& Tower with Radar,266,52,42,0,360,0,0,4,0,4,266,52,46,0,364,0,0,0,364
07/01/2023,CMH,OH,AGL,CE,Combined TRACON& Tower with Radar,233,33,27,0,293,0,0,2,0,2,233,33,29,0,295,0,0,0,295
07/02/2023,CMH,OH,AGL,CE,Combined TRACON& Tower with Radar,230,22,19,0,271,0,0,4,0,4,230,22,23,0,275,0,0,0,275
07/03/2023,CMH,OH,AGL,CE,Combined TRACON& Tower with Radar,227,20,20,0,267,0,0,2,0,2,227,20,22,0,269,0,0,0,269
07/04/2023,CMH,OH,AGL,CE,Combined TRACON& Tower with Radar,207,22,6,0,235,0,0,10,0,10,207,22,16,0,245,0,0,0,245
07/05/2023,CMH,OH,AGL,CE,Combined TRACON& Tower with Radar,245,32,22,0,299,0,0,15,0,15,245,32,37,0,314,0,0,0,314
07/06/2023,CMH,OH,AGL,CE,Combined TRACON& Tower with Radar,237,34,40,0,311,0,1,7,0,8,237,35,47,0,319,0,0,0,319
07/07/2023,CMH,OH,AGL,CE,Combined TRACON& Tower with Radar,241,33,44,2,320,0,0,17,0,17,241,33,61,2,337,0,0,0,337
07/08/2023,CMH,OH,AGL,CE,Combined TRACON& Tower with Radar,232,31,30,0,293,0,0,12,0,12,232,31,42,0,305,0,0,0,305
07/09/2023,CMH,OH,AGL,CE,Combined TRACON& Tower with Radar,235,31,38,0,304,0,0,10,0,10,235,31,48,0,314,0,0,0,314
07/10/2023,CMH,OH,AGL,CE,Combined TRACON& Tower with Radar,261,32,43,0,336,0,0,13,0,13,261,32,56,0,349,0,0,0,349
07/11/2023,CMH,OH,AGL,CE,Combined TRACON& Tower with Radar,254,50,43,1,348,0,0,8,0,8,254,50,51,1,356,0,0,0,356
07/12/2023,CMH,OH,AGL,CE,Combined TRACON& Tower with Radar,265,51,56,5,377,0,2,15,0,17,265,53,71,5,394,0,0,0,394
07/13/2023,CMH,OH,AGL,CE,Combined TRACON& Tower with Radar,261,41,57,0,359,0,2,16,0,18,261,43,73,0,377,0,0,0,377
07/14/2023,CMH,OH,AGL,CE,Combined TRACON& Tower with Radar,242,41,40,0,323,0,0,18,0,18,242,41,58,0,341,0,0,0,341
07/15/2023,CMH,OH,AGL,CE,Combined TRACON& Tower with Radar,246,45,22,0,313,0,0,9,0,9,246,45,31,0,322,0,0,0,322
07/16/2023,CMH,OH,AGL,CE,Combined TRACON& Tower with Radar,240,41,39,0,320,0,0,5,0,5,240,41,44,0,325,0,0,0,325
07/17/2023,CMH,OH,AGL,CE,Combined TRACON& Tower with Radar,264,40,59,0,363,0,0,7,0,7,264,40,66,0,370,0,0,0,370
07/18/2023,CMH,OH,AGL,CE,Combined TRACON& Tower with Radar,256,44,72,0,372,0,0,5,0,5,256,44,77,0,377,0,0,0,377
07/19/2023,CMH,OH,AGL,CE,Combined TRACON& Tower with Radar,261,42,74,4,381,0,1,17,0,18,261,43,91,4,399,0,0,0,399
07/20/2023,CMH,OH,AGL,CE,Combined TRACON& Tower with Radar,259,62,58,0,379,0,0,6,0,6,259,62,64,0,385,0,0,0,385
07/21/2023,CMH,OH,AGL,CE,Combined TRACON& Tower with Radar,263,33,47,8,351,0,0,7,0,7,263,33,54,8,358,0,0,0,358
07/22/2023,CMH,OH,AGL,CE,Combined TRACON& Tower with Radar,243,34,20,0,297,0,0,16,0,16,243,34,36,0,313,0,0,0,313
07/23/2023,CMH,OH,AGL,CE,Combined TRACON& Tower with Radar,251,20,31,0,302,0,0,9,0,9,251,20,40,0,311,0,0,0,311
07/24/2023,CMH,OH,AGL,CE,Combined TRACON& Tower with Radar,264,39,42,3,348,0,1,7,0,8,264,40,49,3,356,0,0,0,356
07/25/2023,CMH,OH,AGL,CE,Combined TRACON& Tower with Radar,258,33,60,3,354,0,0,9,0,9,258,33,69,3,363,0,0,0,363
07/26/2023,CMH,OH,AGL,CE,Combined TRACON& Tower with Radar,264,58,59,0,381,0,0,4,0,4,264,58,63,0,385,0,0,0,385
07/27/2023,CMH,OH,AGL,CE,Combined TRACON& Tower with Radar,257,41,59,0,357,0,0,6,0,6,257,41,65,0,363,0,0,0,363
07/28/2023,CMH,OH,AGL,CE,Combined TRACON& Tower with Radar,263,31,40,0,334,0,0,7,1,8,263,31,47,1,342,0,0,0,342
07/29/2023,CMH,OH,AGL,CE,Combined TRACON& Tower with Radar,228,33,15,2,278,0,1,8,2,11,228,34,23,4,289,0,0,0,289
07/30/2023,CMH,OH,AGL,CE,Combined TRACON& Tower with Radar,260,41,23,1,325,0,0,18,0,18,260,41,41,1,343,0,0,0,343
07/31/2023,CMH,OH,AGL,CE,Combined TRACON& Tower with Radar,264,38,51,0,353,0,0,14,0,14,264,38,65,0,367,0,0,0,367
08/01/2023,CMH,OH,AGL,CE,Combined TRACON& Tower with Radar,260,42,70,5,377,0,0,21,0,21,260,42,91,5,398,0,0,0,398
08/02/2023,CMH,OH,AGL,CE,Combined TRACON& Tower with Radar,259,53,42,2,356,0,0,36,2,38,259,53,78,4,394,0,0,0,394
08/03/2023,CMH,OH,AGL,CE,Combined TRACON& Tower with Radar,263,44,60,0,367,0,0,8,0,8,263,44,68,0,375,0,0,0,375
08/04/2023,CMH,OH,AGL,CE,Combined TRACON& Tower with Radar,273,38,53,3,367,0,0,15,0,15,273,38,68,3,382,0,0,0,382
08/05/2023,CMH,OH,AGL,CE,Combined TRACON& Tower with Radar,226,28,26,2,282,0,0,8,1,9,226,28,34,3,291,0,0,0,291
08/06/2023,CMH,OH,AGL,CE,Combined TRACON& Tower with Radar,249,53,47,5,354,0,2,8,0,10,249,55,55,5,364,0,0,0,364
08/07/2023,CMH,OH,AGL,CE,Combined TRACON& Tower with Radar,249,33,36,0,318,0,0,0,0,0,249,33,36,0,318,0,0,0,318
08/08/2023,CMH,OH,AGL,CE,Combined TRACON& Tower with Radar,260,50,69,10,389,0,0,5,0,5,260,50,74,10,394,0,0,0,394
08/09/2023,CMH,OH,AGL,CE,Combined TRACON& Tower with Radar,254,39,58,0,351,0,0,8,2,10,254,39,66,2,361,0,0,0,361
08/10/2023,CMH,OH,AGL,CE,Combined TRACON& Tower with Radar,257,47,57,0,361,0,0,14,2,16,257,47,71,2,377,0,0,0,377
08/11/2023,CMH,OH,AGL,CE,Combined TRACON& Tower with Radar,263,53,64,2,382,0,0,8,0,8,263,53,72,2,390,0,0,0,390
08/12/2023,CMH,OH,AGL,CE,Combined TRACON& Tower with Radar,225,41,38,0,304,0,0,6,0,6,225,41,44,0,310,0,0,0,310
08/13/2023,CMH,OH,AGL,CE,Combined TRACON& Tower with Radar,254,39,39,0,332,0,0,19,1,20,254,39,58,1,352,0,0,0,352
08/14/2023,CMH,OH,AGL,CE,Combined TRACON& Tower with Radar,250,37,35,0,322,0,0,0,0,0,250,37,35,0,322,0,0,0,322
08/15/2023,CMH,OH,AGL,CE,Combined TRACON& Tower with Radar,250,36,65,0,351,0,0,4,0,4,250,36,69,0,355,0,0,0,355
08/16/2023,CMH,OH,AGL,CE,Combined TRACON& Tower with Radar,249,44,58,0,351,0,1,6,0,7,249,45,64,0,358,0,0,0,358
08/17/2023,CMH,OH,AGL,CE,Combined TRACON& Tower with Radar,244,47,66,0,357,0,0,4,1,5,244,47,70,1,362,0,0,0,362
08/18/2023,CMH,OH,AGL,CE,Combined TRACON& Tower with Radar,274,42,41,0,357,0,2,23,2,27,274,44,64,2,384,0,0,0,384
08/19/2023,CMH,OH,AGL,CE,Combined TRACON& Tower with Radar,220,31,18,0,269,0,1,9,0,10,220,32,27,0,279,0,0,0,279
08/20/2023,CMH,OH,AGL,CE,Combined TRACON& Tower with Radar,229,42,41,1,313,0,0,8,2,10,229,42,49,3,323,0,0,0,323
08/21/2023,CMH,OH,AGL,CE,Combined TRACON& Tower with Radar,261,56,41,0,358,0,0,10,0,10,261,56,51,0,368,0,0,0,368
08/22/2023,CMH,OH,AGL,CE,Combined TRACON& Tower with Radar,249,53,62,1,365,0,1,12,1,14,249,54,74,2,379,0,0,0,379
08/23/2023,CMH,OH,AGL,CE,Combined TRACON& Tower with Radar,261,45,61,0,367,0,0,12,0,12,261,45,73,0,379,0,0,0,379
08/24/2023,CMH,OH,AGL,CE,Combined TRACON& Tower with Radar,258,46,62,1,367,0,0,10,2,12,258,46,72,3,379,0,0,0,379
08/25/2023,CMH,OH,AGL,CE,Combined TRACON& Tower with Radar,269,63,47,0,379,0,0,7,0,7,269,63,54,0,386,0,0,0,386
08/26/2023,CMH,OH,AGL,CE,Combined TRACON& Tower with Radar,228,37,22,1,288,0,0,7,0,7,228,37,29,1,295,0,0,0,295
08/27/2023,CMH,OH,AGL,CE,Combined TRACON& Tower with Radar,234,48,26,1,309,0,0,15,0,15,234,48,41,1,324,0,0,0,324
08/28/2023,CMH,OH,AGL,CE,Combined TRACON& Tower with Radar,258,50,43,3,354,0,0,10,0,10,258,50,53,3,364,0,0,0,364
08/29/2023,CMH,OH,AGL,CE,Combined TRACON& Tower with Radar,244,48,45,1,338,0,2,10,0,12,244,50,55,1,350,0,0,0,350
08/30/2023,CMH,OH,AGL,CE,Combined TRACON& Tower with Radar,243,45,45,0,333,0,0,9,0,9,243,45,54,0,342,0,0,0,342
08/31/2023,CMH,OH,AGL,CE,Combined TRACON& Tower with Radar,250,42,54,0,346,0,4,11,0,15,250,46,65,0,361,0,0,0,361
