04/01/2002,CNW,TX,ASW,CE,Federal Contract Tower,1,0,16,15,32,0,0,131,9,140,1,0,147,24,172,318,46,364,536
04/02/2002,CNW,TX,ASW,CE,Federal Contract Tower,1,0,9,8,18,0,0,113,6,119,1,0,122,14,137,344,56,400,537
04/03/2002,CNW,TX,ASW,CE,Federal Contract Tower,1,0,22,23,46,0,0,122,4,126,1,0,144,27,172,399,106,505,677
04/04/2002,CNW,TX,ASW,CE,Federal Contract Tower,1,0,11,7,19,0,0,133,0,133,1,0,144,7,152,288,16,304,456
04/05/2002,CNW,TX,ASW,CE,Federal Contract Tower,1,0,16,15,32,0,0,125,14,139,1,0,141,29,171,326,186,512,683
04/06/2002,CNW,TX,ASW,CE,Federal Contract Tower,1,0,2,0,3,1,0,13,0,14,2,0,15,0,17,24,0,24,41
04/07/2002,CNW,TX,ASW,CE,Federal Contract Tower,1,0,1,1,3,0,0,6,9,15,1,0,7,10,18,2,0,2,20
04/08/2002,CNW,TX,ASW,CE,Federal Contract Tower,1,0,8,8,17,0,0,76,0,76,1,0,84,8,93,214,0,214,307
04/09/2002,CNW,TX,ASW,CE,Federal Contract Tower,5,0,33,7,45,0,0,108,0,108,5,0,141,7,153,452,54,506,659
04/10/2002,CNW,TX,ASW,CE,Federal Contract Tower,1,0,37,15,53,0,0,48,0,48,1,0,85,15,101,158,50,208,309
04/11/2002,CNW,TX,ASW,CE,Federal Contract Tower,3,0,17,10,30,0,0,103,0,103,3,0,120,10,133,359,32,391,524
04/12/2002,CNW,TX,ASW,CE,Federal Contract Tower,3,0,23,24,50,0,0,46,8,54,3,0,69,32,104,128,158,286,390
04/13/2002,CNW,TX,ASW,CE,Federal Contract Tower,1,0,2,0,3,1,0,49,0,50,2,0,51,0,53,58,123,181,234
04/14/2002,CNW,TX,ASW,CE,Federal Contract Tower,0,0,4,0,4,3,0,18,0,21,3,0,22,0,25,39,0,39,64
04/15/2002,CNW,TX,ASW,CE,Federal Contract Tower,1,0,24,16,41,0,0,47,0,47,1,0,71,16,88,58,22,80,168
04/16/2002,CNW,TX,ASW,CE,Federal Contract Tower,4,0,23,4,31,4,0,19,0,23,8,0,42,4,54,72,26,98,152
04/17/2002,CNW,TX,ASW,CE,Federal Contract Tower,4,0,24,14,42,0,0,86,0,86,4,0,110,14,128,196,26,222,350
04/18/2002,CNW,TX,ASW,CE,Federal Contract Tower,4,0,27,29,60,0,0,85,4,89,4,0,112,33,149,306,20,326,475
04/19/2002,CNW,TX,ASW,CE,Federal Contract Tower,1,0,9,3,13,3,0,52,0,55,4,0,61,3,68,167,10,177,245
04/20/2002,CNW,TX,ASW,CE,Federal Contract Tower,0,0,2,2,4,1,0,45,0,46,1,0,47,2,50,32,2,34,84
04/21/2002,CNW,TX,ASW,CE,Federal Contract Tower,0,0,3,2,5,2,0,2,0,4,2,0,5,2,9,2,30,32,41
04/22/2002,CNW,TX,ASW,CE,Federal Contract Tower,1,0,21,22,44,0,0,33,25,58,1,0,54,47,102,212,40,252,354
04/23/2002,CNW,TX,ASW,CE,Federal Contract Tower,3,0,17,19,39,1,0,121,11,133,4,0,138,30,172,408,62,470,642
04/24/2002,CNW,TX,ASW,CE,Federal Contract Tower,3,0,17,19,39,4,0,108,9,121,7,0,125,28,160,184,24,208,368
04/25/2002,CNW,TX,ASW,CE,Federal Contract Tower,4,0,22,23,49,4,0,11,32,47,8,0,33,55,96,32,50,82,178
04/26/2002,CNW,TX,ASW,CE,Federal Contract Tower,1,0,7,7,15,3,0,46,5,54,4,0,53,12,69,130,0,130,199
04/27/2002,CNW,TX,ASW,CE,Federal Contract Tower,0,0,4,5,9,1,0,12,7,20,1,0,16,12,29,6,0,6,35
04/28/2002,CNW,TX,ASW,CE,Federal Contract Tower,0,0,3,3,6,2,0,25,0,27,2,0,28,3,33,18,0,18,51
04/29/2002,CNW,TX,ASW,CE,Federal Contract Tower,1,0,14,15,30,0,0,50,4,54,1,0,64,19,84,114,28,142,226
04/30/2002,CNW,TX,ASW,CE,Federal Contract Tower,4,0,23,25,52,0,0,32,11,43,4,0,55,36,95,102,323,425,520
05/01/2002,CNW,TX,ASW,CE,Federal Contract Tower,3,0,16,38,57,1,0,86,4,91,4,0,102,42,148,126,310,436,584
05/02/2002,CNW,TX,ASW,CE,Federal Contract Tower,3,0,12,15,30,1,0,37,0,38,4,0,49,15,68,128,62,190,258
05/03/2002,CNW,TX,ASW,CE,Federal Contract Tower,3,0,5,3,11,1,0,33,1,35,4,0,38,4,46,60,6,66,112
05/04/2002,CNW,TX,ASW,CE,Federal Contract Tower,0,0,3,3,6,1,0,20,3,24,1,0,23,6,30,13,0,13,43
05/05/2002,CNW,TX,ASW,CE,Federal Contract Tower,2,0,2,0,4,0,0,3,2,5,2,0,5,2,9,8,0,8,17
05/06/2002,CNW,TX,ASW,CE,Federal Contract Tower,1,0,10,6,17,0,0,49,0,49,1,0,59,6,66,89,40,129,195
05/07/2002,CNW,TX,ASW,CE,Federal Contract Tower,3,0,20,25,48,0,2,56,0,58,3,2,76,25,106,94,36,130,236
05/08/2002,CNW,TX,ASW,CE,Federal Contract Tower,2,1,11,25,39,0,3,41,0,44,2,4,52,25,83,106,80,186,269
05/09/2002,CNW,TX,ASW,CE,Federal Contract Tower,3,2,12,24,41,0,2,72,1,75,3,4,84,25,116,248,40,288,404
05/10/2002,CNW,TX,ASW,CE,Federal Contract Tower,4,1,16,42,63,0,1,30,1,32,4,2,46,43,95,74,50,124,219
05/11/2002,CNW,TX,ASW,CE,Federal Contract Tower,1,0,3,3,7,0,0,9,3,12,1,0,12,6,19,7,2,9,28
05/12/2002,CNW,TX,ASW,CE,Federal Contract Tower,2,0,3,1,6,0,0,8,0,8,2,0,11,1,14,2,0,2,16
05/13/2002,CNW,TX,ASW,CE,Federal Contract Tower,1,0,5,0,6,0,0,63,0,63,1,0,68,0,69,114,2,116,185
05/14/2002,CNW,TX,ASW,CE,Federal Contract Tower,4,0,2,9,15,0,2,81,0,83,4,2,83,9,98,242,0,242,340
05/15/2002,CNW,TX,ASW,CE,Federal Contract Tower,4,0,10,15,29,0,2,68,4,74,4,2,78,19,103,130,17,147,250
05/16/2002,CNW,TX,ASW,CE,Federal Contract Tower,4,0,6,5,15,0,2,37,1,40,4,2,43,6,55,12,8,20,75
05/17/2002,CNW,TX,ASW,CE,Federal Contract Tower,4,0,0,0,4,0,4,19,2,25,4,4,19,2,29,86,0,86,115
05/18/2002,CNW,TX,ASW,CE,Federal Contract Tower,1,2,0,0,3,0,0,19,2,21,1,2,19,2,24,4,0,4,28
05/19/2002,CNW,TX,ASW,CE,Federal Contract Tower,2,0,0,0,2,0,0,28,0,28,2,0,28,0,30,25,2,27,57
05/20/2002,CNW,TX,ASW,CE,Federal Contract Tower,1,0,7,42,50,0,4,95,3,102,1,4,102,45,152,180,94,274,426
05/21/2002,CNW,TX,ASW,CE,Federal Contract Tower,4,0,11,50,65,0,0,78,1,79,4,0,89,51,144,194,90,284,428
05/22/2002,CNW,TX,ASW,CE,Federal Contract Tower,4,0,15,27,46,0,0,89,0,89,4,0,104,27,135,194,58,252,387
05/23/2002,CNW,TX,ASW,CE,Federal Contract Tower,4,0,17,13,34,0,2,52,0,54,4,2,69,13,88,152,26,178,266
05/24/2002,CNW,TX,ASW,CE,Federal Contract Tower,4,0,6,21,31,0,2,62,0,64,4,2,68,21,95,138,42,180,275
05/25/2002,CNW,TX,ASW,CE,Federal Contract Tower,1,0,3,0,4,0,0,9,0,9,1,0,12,0,13,36,0,36,49
05/26/2002,CNW,TX,ASW,CE,Federal Contract Tower,2,0,3,0,5,0,4,11,0,15,2,4,14,0,20,8,0,8,28
05/27/2002,CNW,TX,ASW,CE,Federal Contract Tower,0,0,9,0,9,0,0,24,0,24,0,0,33,0,33,91,0,91,124
05/28/2002,CNW,TX,ASW,CE,Federal Contract Tower,1,0,6,8,15,0,0,23,1,24,1,0,29,9,39,71,18,89,128
05/29/2002,CNW,TX,ASW,CE,Federal Contract Tower,4,0,15,6,25,0,0,19,0,19,4,0,34,6,44,117,0,117,161
05/30/2002,CNW,TX,ASW,CE,Federal Contract Tower,6,0,19,23,48,0,2,74,0,76,6,2,93,23,124,140,24,164,288
05/31/2002,CNW,TX,ASW,CE,Federal Contract Tower,4,0,16,14,34,0,0,71,2,73,4,0,87,16,107,140,14,154,261
06/01/2002,CNW,TX,ASW,CE,Federal Contract Tower,1,0,1,10,12,0,2,38,0,40,1,2,39,10,52,78,4,82,134
06/02/2002,CNW,TX,ASW,CE,Federal Contract Tower,4,0,4,0,8,0,1,21,0,22,4,1,25,0,30,18,6,24,54
06/03/2002,CNW,TX,ASW,CE,Federal Contract Tower,1,1,10,37,49,0,1,67,2,70,1,2,77,39,119,114,104,218,337
06/04/2002,CNW,TX,ASW,CE,Federal Contract Tower,4,0,20,26,50,0,0,57,1,58,4,0,77,27,108,164,128,292,400
06/05/2002,CNW,TX,ASW,CE,Federal Contract Tower,4,0,7,17,28,0,2,45,0,47,4,2,52,17,75,156,28,184,259
06/06/2002,CNW,TX,ASW,CE,Federal Contract Tower,4,0,12,11,27,0,2,88,0,90,4,2,100,11,117,190,10,200,317
06/07/2002,CNW,TX,ASW,CE,Federal Contract Tower,4,0,2,15,21,0,0,84,0,84,4,0,86,15,105,146,96,242,347
06/08/2002,CNW,TX,ASW,CE,Federal Contract Tower,1,0,3,0,4,0,0,86,0,86,1,0,89,0,90,88,0,88,178
06/09/2002,CNW,TX,ASW,CE,Federal Contract Tower,2,0,0,1,3,0,0,66,0,66,2,0,66,1,69,94,2,96,165
06/10/2002,CNW,TX,ASW,CE,Federal Contract Tower,1,0,3,4,8,0,0,141,0,141,1,0,144,4,149,494,0,494,643
06/11/2002,CNW,TX,ASW,CE,Federal Contract Tower,4,0,15,17,36,0,0,151,0,151,4,0,166,17,187,679,20,699,886
06/12/2002,CNW,TX,ASW,CE,Federal Contract Tower,4,0,11,24,39,0,0,142,23,165,4,0,153,47,204,542,38,580,784
06/13/2002,CNW,TX,ASW,CE,Federal Contract Tower,4,0,8,45,57,0,0,126,7,133,4,0,134,52,190,418,30,448,638
06/14/2002,CNW,TX,ASW,CE,Federal Contract Tower,4,0,12,26,42,0,0,68,4,72,4,0,80,30,114,164,16,180,294
06/15/2002,CNW,TX,ASW,CE,Federal Contract Tower,1,0,8,0,9,0,0,34,0,34,1,0,42,0,43,52,0,52,95
06/16/2002,CNW,TX,ASW,CE,Federal Contract Tower,2,0,6,1,9,0,0,10,0,10,2,0,16,1,19,6,0,6,25
06/17/2002,CNW,TX,ASW,CE,Federal Contract Tower,2,0,8,30,40,0,1,67,2,70,2,1,75,32,110,110,136,246,356
06/18/2002,CNW,TX,ASW,CE,Federal Contract Tower,2,0,10,23,35,0,2,88,2,92,2,2,98,25,127,256,108,364,491
06/19/2002,CNW,TX,ASW,CE,Federal Contract Tower,3,0,7,29,39,0,2,79,2,83,3,2,86,31,122,140,80,220,342
06/20/2002,CNW,TX,ASW,CE,Federal Contract Tower,3,0,8,11,22,0,2,31,0,33,3,2,39,11,55,84,82,166,221
06/21/2002,CNW,TX,ASW,CE,Federal Contract Tower,2,0,12,21,35,0,0,32,0,32,2,0,44,21,67,124,26,150,217
06/22/2002,CNW,TX,ASW,CE,Federal Contract Tower,0,0,1,4,5,0,0,31,0,31,0,0,32,4,36,8,0,8,44
06/23/2002,CNW,TX,ASW,CE,Federal Contract Tower,2,0,0,0,2,0,0,2,6,8,2,0,2,6,10,0,0,0,10
06/24/2002,CNW,TX,ASW,CE,Federal Contract Tower,0,0,11,3,14,0,0,48,0,48,0,0,59,3,62,128,26,154,216
06/25/2002,CNW,TX,ASW,CE,Federal Contract Tower,2,0,5,7,14,0,3,50,1,54,2,3,55,8,68,114,2,116,184
06/26/2002,CNW,TX,ASW,CE,Federal Contract Tower,3,0,9,14,26,0,3,41,1,45,3,3,50,15,71,90,14,104,175
06/27/2002,CNW,TX,ASW,CE,Federal Contract Tower,3,0,9,21,33,0,6,30,0,36,3,6,39,21,69,100,0,100,169
06/28/2002,CNW,TX,ASW,CE,Federal Contract Tower,2,0,6,18,26,0,4,50,0,54,2,4,56,18,80,96,20,116,196
06/29/2002,CNW,TX,ASW,CE,Federal Contract Tower,0,0,0,8,8,0,0,9,0,9,0,0,9,8,17,0,0,0,17
06/30/2002,CNW,TX,ASW,CE,Federal Contract Tower,2,0,0,0,2,0,2,0,2,4,2,2,0,2,6,0,0,0,6
07/01/2002,CNW,TX,ASW,CE,Federal Contract Tower,0,0,2,0,2,0,2,2,3,7,0,2,4,3,9,20,4,24,33
07/02/2002,CNW,TX,ASW,CE,Federal Contract Tower,2,0,1,0,3,0,0,1,1,2,2,0,2,1,5,0,0,0,5
07/03/2002,CNW,TX,ASW,CE,Federal Contract Tower,0,0,6,0,6,1,0,26,0,27,1,0,32,0,33,10,0,10,43
07/04/2002,CNW,TX,ASW,CE,Federal Contract Tower,2,0,1,0,3,0,6,16,0,22,2,6,17,0,25,76,0,76,101
07/05/2002,CNW,TX,ASW,CE,Federal Contract Tower,0,0,2,0,2,0,0,13,0,13,0,0,15,0,15,24,0,24,39
07/06/2002,CNW,TX,ASW,CE,Federal Contract Tower,0,0,0,0,0,0,0,13,0,13,0,0,13,0,13,0,16,16,29
07/07/2002,CNW,TX,ASW,CE,Federal Contract Tower,2,0,0,0,2,0,0,6,0,6,2,0,6,0,8,0,0,0,8
07/08/2002,CNW,TX,ASW,CE,Federal Contract Tower,0,0,16,11,27,0,0,61,1,62,0,0,77,12,89,226,20,246,335
07/09/2002,CNW,TX,ASW,CE,Federal Contract Tower,2,0,27,35,64,0,4,93,2,99,2,4,120,37,163,232,66,298,461
07/10/2002,CNW,TX,ASW,CE,Federal Contract Tower,2,0,7,3,12,0,0,104,1,105,2,0,111,4,117,122,4,126,243
07/11/2002,CNW,TX,ASW,CE,Federal Contract Tower,3,0,7,24,34,0,4,84,3,91,3,4,91,27,125,146,88,234,359
07/12/2002,CNW,TX,ASW,CE,Federal Contract Tower,4,0,7,8,19,0,0,43,1,44,4,0,50,9,63,96,54,150,213
07/13/2002,CNW,TX,ASW,CE,Federal Contract Tower,0,0,0,6,6,0,0,22,2,24,0,0,22,8,30,66,4,70,100
07/14/2002,CNW,TX,ASW,CE,Federal Contract Tower,2,0,5,7,14,0,0,8,1,9,2,0,13,8,23,30,10,40,63
07/15/2002,CNW,TX,ASW,CE,Federal Contract Tower,0,0,11,5,16,0,1,52,0,53,0,1,63,5,69,72,40,112,181
07/16/2002,CNW,TX,ASW,CE,Federal Contract Tower,1,0,8,0,9,0,0,2,0,2,1,0,10,0,11,6,0,6,17
07/17/2002,CNW,TX,ASW,CE,Federal Contract Tower,2,0,13,7,22,0,0,26,2,28,2,0,39,9,50,40,4,44,94
07/18/2002,CNW,TX,ASW,CE,Federal Contract Tower,3,0,9,12,24,0,7,72,3,82,3,7,81,15,106,92,38,130,236
07/19/2002,CNW,TX,ASW,CE,Federal Contract Tower,2,0,6,15,23,0,0,65,0,65,2,0,71,15,88,94,40,134,222
07/20/2002,CNW,TX,ASW,CE,Federal Contract Tower,0,0,7,1,8,0,8,38,0,46,0,8,45,1,54,38,0,38,92
07/21/2002,CNW,TX,ASW,CE,Federal Contract Tower,2,0,14,4,20,0,8,28,0,36,2,8,42,4,56,46,8,54,110
07/22/2002,CNW,TX,ASW,CE,Federal Contract Tower,0,0,9,26,35,0,0,95,0,95,0,0,104,26,130,126,44,170,300
07/23/2002,CNW,TX,ASW,CE,Federal Contract Tower,2,0,20,21,43,0,2,102,0,104,2,2,122,21,147,308,174,482,629
07/24/2002,CNW,TX,ASW,CE,Federal Contract Tower,1,0,18,28,47,0,3,88,1,92,1,3,106,29,139,178,100,278,417
07/25/2002,CNW,TX,ASW,CE,Federal Contract Tower,2,0,11,35,48,0,0,83,0,83,2,0,94,35,131,148,122,270,401
07/26/2002,CNW,TX,ASW,CE,Federal Contract Tower,2,0,4,12,18,0,0,73,2,75,2,0,77,14,93,206,86,292,385
07/27/2002,CNW,TX,ASW,CE,Federal Contract Tower,0,0,4,17,21,0,0,17,5,22,0,0,21,22,43,38,68,106,149
07/28/2002,CNW,TX,ASW,CE,Federal Contract Tower,2,0,0,11,13,0,2,6,0,8,2,2,6,11,21,2,14,16,37
07/29/2002,CNW,TX,ASW,CE,Federal Contract Tower,0,0,6,21,27,0,2,50,0,52,0,2,56,21,79,60,56,116,195
07/30/2002,CNW,TX,ASW,CE,Federal Contract Tower,2,3,14,50,69,0,7,58,0,65,2,10,72,50,134,204,124,328,462
07/31/2002,CNW,TX,ASW,CE,Federal Contract Tower,2,0,9,9,20,0,2,87,0,89,2,2,96,9,109,92,104,196,305
08/01/2002,CNW,TX,ASW,CE,Federal Contract Tower,2,0,6,30,38,0,3,73,1,77,2,3,79,31,115,94,78,172,287
08/02/2002,CNW,TX,ASW,CE,Federal Contract Tower,2,0,8,22,32,0,4,81,0,85,2,4,89,22,117,130,20,150,267
08/03/2002,CNW,TX,ASW,CE,Federal Contract Tower,0,0,4,2,6,0,2,35,0,37,0,2,39,2,43,52,0,52,95
08/04/2002,CNW,TX,ASW,CE,Federal Contract Tower,2,0,8,4,14,0,3,21,5,29,2,3,29,9,43,32,0,32,75
08/05/2002,CNW,TX,ASW,CE,Federal Contract Tower,0,0,11,23,34,0,0,89,1,90,0,0,100,24,124,110,98,208,332
08/06/2002,CNW,TX,ASW,CE,Federal Contract Tower,2,0,12,15,29,0,2,77,7,86,2,2,89,22,115,144,108,252,367
08/07/2002,CNW,TX,ASW,CE,Federal Contract Tower,2,0,13,32,47,0,0,62,15,77,2,0,75,47,124,72,114,186,310
08/08/2002,CNW,TX,ASW,CE,Federal Contract Tower,3,0,15,11,29,0,0,72,0,72,3,0,87,11,101,163,52,215,316
08/09/2002,CNW,TX,ASW,CE,Federal Contract Tower,2,0,12,21,35,0,2,84,0,86,2,2,96,21,121,172,60,232,353
08/10/2002,CNW,TX,ASW,CE,Federal Contract Tower,0,0,5,2,7,0,4,7,0,11,0,4,12,2,18,16,0,16,34
08/11/2002,CNW,TX,ASW,CE,Federal Contract Tower,2,0,1,2,5,0,2,18,0,20,2,2,19,2,25,26,0,26,51
08/12/2002,CNW,TX,ASW,CE,Federal Contract Tower,0,0,32,26,58,0,6,69,1,76,0,6,101,27,134,91,58,149,283
08/13/2002,CNW,TX,ASW,CE,Federal Contract Tower,2,0,5,6,13,0,0,33,6,39,2,0,38,12,52,68,0,68,120
08/14/2002,CNW,TX,ASW,CE,Federal Contract Tower,2,0,31,5,38,0,2,77,7,86,2,2,108,12,124,180,22,202,326
08/15/2002,CNW,TX,ASW,CE,Federal Contract Tower,2,0,23,14,39,0,0,47,13,60,2,0,70,27,99,154,52,206,305
08/16/2002,CNW,TX,ASW,CE,Federal Contract Tower,1,0,18,26,45,1,6,36,0,43,2,6,54,26,88,32,0,32,120
08/17/2002,CNW,TX,ASW,CE,Federal Contract Tower,0,0,9,19,28,0,2,9,0,11,0,2,18,19,39,8,10,18,57
08/18/2002,CNW,TX,ASW,CE,Federal Contract Tower,2,0,1,1,4,0,4,15,10,29,2,4,16,11,33,10,0,10,43
08/19/2002,CNW,TX,ASW,CE,Federal Contract Tower,0,0,6,25,31,0,0,62,8,70,0,0,68,33,101,98,20,118,219
08/20/2002,CNW,TX,ASW,CE,Federal Contract Tower,2,0,18,35,55,0,0,70,7,77,2,0,88,42,132,160,76,236,368
08/21/2002,CNW,TX,ASW,CE,Federal Contract Tower,2,0,7,31,40,0,2,54,14,70,2,2,61,45,110,46,66,112,222
08/22/2002,CNW,TX,ASW,CE,Federal Contract Tower,2,1,12,46,61,0,0,59,6,65,2,1,71,52,126,50,108,158,284
08/23/2002,CNW,TX,ASW,CE,Federal Contract Tower,2,0,5,15,22,0,4,45,3,52,2,4,50,18,74,74,48,122,196
08/24/2002,CNW,TX,ASW,CE,Federal Contract Tower,0,0,7,8,15,0,0,67,10,77,0,0,74,18,92,62,0,62,154
08/25/2002,CNW,TX,ASW,CE,Federal Contract Tower,2,0,0,3,5,0,0,10,2,12,2,0,10,5,17,22,0,22,39
08/26/2002,CNW,TX,ASW,CE,Federal Contract Tower,0,1,17,26,44,0,1,53,4,58,0,2,70,30,102,80,88,168,270
08/27/2002,CNW,TX,ASW,CE,Federal Contract Tower,2,0,16,27,45,1,2,26,5,34,3,2,42,32,79,68,14,82,161
08/28/2002,CNW,TX,ASW,CE,Federal Contract Tower,2,0,14,43,59,0,0,77,0,77,2,0,91,43,136,202,162,364,500
08/29/2002,CNW,TX,ASW,CE,Federal Contract Tower,2,0,17,11,30,0,0,53,18,71,2,0,70,29,101,50,96,146,247
08/30/2002,CNW,TX,ASW,CE,Federal Contract Tower,2,0,8,25,35,0,2,0,5,7,2,2,8,30,42,78,102,180,222
08/31/2002,CNW,TX,ASW,CE,Federal Contract Tower,0,0,0,0,0,0,0,29,1,30,0,0,29,1,30,34,0,34,64
09/01/2002,CNW,TX,ASW,CE,Federal Contract Tower,2,0,2,6,10,0,2,17,18,37,2,2,19,24,47,4,0,4,51
09/02/2002,CNW,TX,ASW,CE,Federal Contract Tower,0,0,5,0,5,0,0,30,0,30,0,0,35,0,35,16,0,16,51
09/03/2002,CNW,TX,ASW,CE,Federal Contract Tower,0,0,12,52,64,0,6,42,0,48,0,6,54,52,112,60,128,188,300
09/04/2002,CNW,TX,ASW,CE,Federal Contract Tower,3,0,15,19,37,1,0,65,8,74,4,0,80,27,111,46,36,82,193
09/05/2002,CNW,TX,ASW,CE,Federal Contract Tower,3,0,15,32,50,0,4,56,0,60,3,4,71,32,110,128,70,198,308
09/06/2002,CNW,TX,ASW,CE,Federal Contract Tower,2,0,11,31,44,0,2,77,0,79,2,2,88,31,123,98,12,110,233
09/07/2002,CNW,TX,ASW,CE,Federal Contract Tower,0,1,1,0,2,0,2,13,0,15,0,3,14,0,17,12,0,12,29
09/08/2002,CNW,TX,ASW,CE,Federal Contract Tower,2,0,1,0,3,0,3,1,0,4,2,3,2,0,7,0,0,0,7
09/09/2002,CNW,TX,ASW,CE,Federal Contract Tower,1,0,16,24,41,0,0,20,0,20,1,0,36,24,61,38,0,38,99
09/10/2002,CNW,TX,ASW,CE,Federal Contract Tower,4,1,20,21,46,0,2,56,8,66,4,3,76,29,112,180,124,304,416
09/11/2002,CNW,TX,ASW,CE,Federal Contract Tower,1,0,11,12,24,0,0,71,0,71,1,0,82,12,95,300,36,336,431
09/12/2002,CNW,TX,ASW,CE,Federal Contract Tower,2,0,12,37,51,0,0,49,0,49,2,0,61,37,100,114,74,188,288
09/13/2002,CNW,TX,ASW,CE,Federal Contract Tower,2,1,5,41,49,0,6,71,2,79,2,7,76,43,128,144,92,236,364
09/14/2002,CNW,TX,ASW,CE,Federal Contract Tower,0,0,1,6,7,0,2,16,0,18,0,2,17,6,25,0,16,16,41
09/15/2002,CNW,TX,ASW,CE,Federal Contract Tower,2,0,0,0,2,0,0,8,0,8,2,0,8,0,10,0,0,0,10
09/16/2002,CNW,TX,ASW,CE,Federal Contract Tower,0,0,5,14,19,0,2,51,0,53,0,2,56,14,72,210,86,296,368
09/17/2002,CNW,TX,ASW,CE,Federal Contract Tower,2,0,39,5,46,0,0,56,12,68,2,0,95,17,114,248,16,264,378
09/18/2002,CNW,TX,ASW,CE,Federal Contract Tower,2,0,23,6,31,0,0,56,7,63,2,0,79,13,94,126,48,174,268
09/19/2002,CNW,TX,ASW,CE,Federal Contract Tower,2,0,4,3,9,0,0,24,0,24,2,0,28,3,33,46,6,52,85
09/20/2002,CNW,TX,ASW,CE,Federal Contract Tower,2,0,5,67,74,0,2,85,1,88,2,2,90,68,162,184,128,312,474
09/21/2002,CNW,TX,ASW,CE,Federal Contract Tower,0,0,1,1,2,0,8,47,0,55,0,8,48,1,57,36,0,36,93
09/22/2002,CNW,TX,ASW,CE,Federal Contract Tower,2,0,2,0,4,0,2,15,0,17,2,2,17,0,21,0,0,0,21
09/23/2002,CNW,TX,ASW,CE,Federal Contract Tower,0,0,10,28,38,0,0,70,0,70,0,0,80,28,108,88,96,184,292
09/24/2002,CNW,TX,ASW,CE,Federal Contract Tower,4,0,10,43,57,0,2,94,4,100,4,2,104,47,157,310,90,400,557
09/25/2002,CNW,TX,ASW,CE,Federal Contract Tower,2,0,12,27,41,0,2,97,0,99,2,2,109,27,140,158,28,186,326
09/26/2002,CNW,TX,ASW,CE,Federal Contract Tower,2,0,6,18,26,0,0,42,7,49,2,0,48,25,75,2,24,26,101
09/27/2002,CNW,TX,ASW,CE,Federal Contract Tower,2,0,2,8,12,0,0,24,17,41,2,0,26,25,53,2,8,10,63
09/28/2002,CNW,TX,ASW,CE,Federal Contract Tower,0,0,1,1,2,0,0,8,0,8,0,0,9,1,10,0,0,0,10
09/29/2002,CNW,TX,ASW,CE,Federal Contract Tower,2,0,0,1,3,0,2,4,0,6,2,2,4,1,9,0,0,0,9
09/30/2002,CNW,TX,ASW,CE,Federal Contract Tower,0,0,15,15,30,0,3,40,8,51,0,3,55,23,81,62,0,62,143
10/01/2002,CNW,TX,ASW,CE,Federal Contract Tower,0,0,10,12,22,3,0,74,32,109,3,0,84,44,131,114,140,254,385
10/02/2002,CNW,TX,ASW,CE,Federal Contract Tower,2,0,44,19,65,0,0,34,0,34,2,0,78,19,99,56,46,102,201
10/03/2002,CNW,TX,ASW,CE,Federal Contract Tower,2,0,6,13,21,0,2,93,3,98,2,2,99,16,119,186,42,228,347
10/04/2002,CNW,TX,ASW,CE,Federal Contract Tower,2,0,10,49,61,0,2,86,3,91,2,2,96,52,152,226,92,318,470
10/05/2002,CNW,TX,ASW,CE,Federal Contract Tower,0,2,1,6,9,0,0,19,2,21,0,2,20,8,30,34,0,34,64
10/06/2002,CNW,TX,ASW,CE,Federal Contract Tower,0,0,3,0,3,2,0,16,0,18,2,0,19,0,21,52,0,52,73
10/07/2002,CNW,TX,ASW,CE,Federal Contract Tower,0,1,19,2,22,0,2,11,2,15,0,3,30,4,37,78,0,78,115
10/08/2002,CNW,TX,ASW,CE,Federal Contract Tower,2,0,0,0,2,0,0,0,0,0,2,0,0,0,2,0,0,0,2
10/09/2002,CNW,TX,ASW,CE,Federal Contract Tower,2,0,29,0,31,0,0,21,0,21,2,0,50,0,52,116,0,116,168
10/10/2002,CNW,TX,ASW,CE,Federal Contract Tower,2,3,36,23,64,0,2,31,2,35,2,5,67,25,99,72,40,112,211
10/11/2002,CNW,TX,ASW,CE,Federal Contract Tower,2,0,10,9,21,0,2,81,2,85,2,2,91,11,106,206,30,236,342
10/12/2002,CNW,TX,ASW,CE,Federal Contract Tower,0,0,2,0,2,0,0,12,0,12,0,0,14,0,14,0,0,0,14
10/13/2002,CNW,TX,ASW,CE,Federal Contract Tower,2,0,4,0,6,0,0,10,0,10,2,0,14,0,16,38,0,38,54
10/14/2002,CNW,TX,ASW,CE,Federal Contract Tower,0,2,10,1,13,0,0,39,2,41,0,2,49,3,54,158,10,168,222
10/15/2002,CNW,TX,ASW,CE,Federal Contract Tower,2,0,13,19,34,0,2,79,2,83,2,2,92,21,117,252,28,280,397
10/16/2002,CNW,TX,ASW,CE,Federal Contract Tower,2,0,20,0,22,0,2,76,2,80,2,2,96,2,102,296,4,300,402
10/17/2002,CNW,TX,ASW,CE,Federal Contract Tower,2,0,14,46,62,0,1,104,6,111,2,1,118,52,173,224,78,302,475
10/18/2002,CNW,TX,ASW,CE,Federal Contract Tower,2,0,7,29,38,0,4,24,5,33,2,4,31,34,71,86,52,138,209
10/19/2002,CNW,TX,ASW,CE,Federal Contract Tower,0,2,0,0,2,0,0,0,9,9,0,2,0,9,11,0,0,0,11
10/20/2002,CNW,TX,ASW,CE,Federal Contract Tower,2,0,2,0,4,0,0,9,0,9,2,0,11,0,13,0,0,0,13
10/21/2002,CNW,TX,ASW,CE,Federal Contract Tower,0,0,16,17,33,0,2,3,1,6,0,2,19,18,39,30,0,30,69
10/22/2002,CNW,TX,ASW,CE,Federal Contract Tower,1,0,15,16,32,1,2,15,9,27,2,2,30,25,59,134,10,144,203
10/23/2002,CNW,TX,ASW,CE,Federal Contract Tower,2,0,13,37,52,0,0,13,1,14,2,0,26,38,66,134,4,138,204
10/24/2002,CNW,TX,ASW,CE,Federal Contract Tower,3,0,5,9,17,0,0,5,0,5,3,0,10,9,22,0,0,0,22
10/25/2002,CNW,TX,ASW,CE,Federal Contract Tower,0,0,4,5,9,4,0,0,3,7,4,0,4,8,16,0,4,4,20
10/26/2002,CNW,TX,ASW,CE,Federal Contract Tower,0,0,1,3,4,0,2,0,2,4,0,2,1,5,8,0,0,0,8
10/27/2002,CNW,TX,ASW,CE,Federal Contract Tower,0,0,1,3,4,2,0,0,0,2,2,0,1,3,6,0,0,0,6
10/28/2002,CNW,TX,ASW,CE,Federal Contract Tower,0,0,26,0,26,0,0,0,0,0,0,0,26,0,26,0,0,0,26
10/29/2002,CNW,TX,ASW,CE,Federal Contract Tower,2,0,28,32,62,0,0,99,0,99,2,0,127,32,161,160,148,308,469
10/30/2002,CNW,TX,ASW,CE,Federal Contract Tower,2,0,18,15,35,0,0,47,0,47,2,0,65,15,82,126,40,166,248
10/31/2002,CNW,TX,ASW,CE,Federal Contract Tower,3,0,4,50,57,0,0,66,6,72,3,0,70,56,129,108,278,386,515
11/01/2002,CNW,TX,ASW,CE,Federal Contract Tower,3,2,0,9,14,0,0,3,0,3,3,2,3,9,17,0,0,0,17
11/02/2002,CNW,TX,ASW,CE,Federal Contract Tower,0,0,2,31,33,0,2,10,1,13,0,2,12,32,46,44,0,44,90
11/03/2002,CNW,TX,ASW,CE,Federal Contract Tower,2,0,0,9,11,0,0,0,1,1,2,0,0,10,12,0,0,0,12
11/04/2002,CNW,TX,ASW,CE,Federal Contract Tower,0,0,18,3,21,0,0,5,0,5,0,0,23,3,26,36,0,36,62
11/05/2002,CNW,TX,ASW,CE,Federal Contract Tower,2,0,5,31,38,0,4,42,8,54,2,4,47,39,92,66,28,94,186
11/06/2002,CNW,TX,ASW,CE,Federal Contract Tower,2,0,3,8,13,0,0,94,2,96,2,0,97,10,109,154,32,186,295
11/07/2002,CNW,TX,ASW,CE,Federal Contract Tower,2,0,7,18,27,0,2,95,5,102,2,2,102,23,129,186,48,234,363
11/08/2002,CNW,TX,ASW,CE,Federal Contract Tower,2,1,4,7,14,0,0,51,18,69,2,1,55,25,83,106,44,150,233
11/09/2002,CNW,TX,ASW,CE,Federal Contract Tower,0,5,3,4,12,0,2,23,0,25,0,7,26,4,37,14,36,50,87
11/10/2002,CNW,TX,ASW,CE,Federal Contract Tower,2,0,5,0,7,0,0,28,0,28,2,0,33,0,35,20,0,20,55
11/11/2002,CNW,TX,ASW,CE,Federal Contract Tower,0,0,11,4,15,0,2,98,0,100,0,2,109,4,115,222,0,222,337
11/12/2002,CNW,TX,ASW,CE,Federal Contract Tower,2,0,13,7,22,0,0,82,0,82,2,0,95,7,104,210,10,220,324
11/13/2002,CNW,TX,ASW,CE,Federal Contract Tower,2,0,20,12,34,0,0,106,0,106,2,0,126,12,140,196,14,210,350
11/14/2002,CNW,TX,ASW,CE,Federal Contract Tower,2,0,11,23,36,0,0,83,4,87,2,0,94,27,123,74,94,168,291
11/15/2002,CNW,TX,ASW,CE,Federal Contract Tower,3,2,13,23,41,0,2,60,1,63,3,4,73,24,104,124,79,203,307
11/16/2002,CNW,TX,ASW,CE,Federal Contract Tower,0,0,5,0,5,0,0,44,0,44,0,0,49,0,49,26,0,26,75
11/17/2002,CNW,TX,ASW,CE,Federal Contract Tower,0,0,3,5,8,2,0,14,1,17,2,0,17,6,25,22,2,24,49
11/18/2002,CNW,TX,ASW,CE,Federal Contract Tower,0,0,14,1,15,0,4,48,0,52,0,4,62,1,67,77,0,77,144
11/19/2002,CNW,TX,ASW,CE,Federal Contract Tower,2,0,3,2,7,0,0,105,0,105,2,0,108,2,112,318,46,364,476
11/20/2002,CNW,TX,ASW,CE,Federal Contract Tower,4,0,2,10,16,0,0,114,0,114,4,0,116,10,130,208,0,208,338
11/21/2002,CNW,TX,ASW,CE,Federal Contract Tower,2,0,14,13,29,0,1,101,2,104,2,1,115,15,133,278,52,330,463
11/22/2002,CNW,TX,ASW,CE,Federal Contract Tower,2,0,0,14,16,0,0,74,0,74,2,0,74,14,90,118,68,186,276
11/23/2002,CNW,TX,ASW,CE,Federal Contract Tower,0,0,5,0,5,0,1,52,0,53,0,1,57,0,58,76,0,76,134
11/24/2002,CNW,TX,ASW,CE,Federal Contract Tower,4,0,7,30,41,0,4,21,8,33,4,4,28,38,74,58,38,96,170
11/25/2002,CNW,TX,ASW,CE,Federal Contract Tower,0,0,3,12,15,0,0,56,2,58,0,0,59,14,73,146,26,172,245
11/26/2002,CNW,TX,ASW,CE,Federal Contract Tower,2,0,6,12,20,0,2,44,0,46,2,2,50,12,66,112,60,172,238
11/27/2002,CNW,TX,ASW,CE,Federal Contract Tower,2,0,4,7,13,0,0,16,8,24,2,0,20,15,37,28,16,44,81
11/28/2002,CNW,TX,ASW,CE,Federal Contract Tower,2,0,2,0,4,0,0,0,0,0,2,0,2,0,4,0,0,0,4
11/29/2002,CNW,TX,ASW,CE,Federal Contract Tower,0,0,3,0,3,0,4,3,0,7,0,4,6,0,10,0,0,0,10
11/30/2002,CNW,TX,ASW,CE,Federal Contract Tower,0,0,1,0,1,0,0,8,0,8,0,0,9,0,9,0,0,0,9
12/01/2002,CNW,TX,ASW,CE,Federal Contract Tower,1,0,10,5,16,1,0,8,14,23,2,0,18,19,39,0,0,0,39
12/02/2002,CNW,TX,ASW,CE,Federal Contract Tower,1,0,8,25,34,0,0,56,3,59,1,0,64,28,93,122,88,210,303
12/03/2002,CNW,TX,ASW,CE,Federal Contract Tower,3,2,4,5,14,0,0,0,0,0,3,2,4,5,14,0,0,0,14
12/04/2002,CNW,TX,ASW,CE,Federal Contract Tower,1,0,7,10,18,0,0,8,0,8,1,0,15,10,26,58,0,58,84
12/05/2002,CNW,TX,ASW,CE,Federal Contract Tower,2,0,10,12,24,0,0,61,0,61,2,0,71,12,85,174,44,218,303
12/06/2002,CNW,TX,ASW,CE,Federal Contract Tower,2,0,18,8,28,0,0,92,0,92,2,0,110,8,120,332,60,392,512
12/07/2002,CNW,TX,ASW,CE,Federal Contract Tower,0,0,3,0,3,0,0,41,0,41,0,0,44,0,44,122,0,122,166
12/08/2002,CNW,TX,ASW,CE,Federal Contract Tower,3,0,0,0,3,0,0,2,0,2,3,0,2,0,5,0,0,0,5
12/09/2002,CNW,TX,ASW,CE,Federal Contract Tower,1,0,4,17,22,0,2,5,0,7,1,2,9,17,29,20,0,20,49
12/10/2002,CNW,TX,ASW,CE,Federal Contract Tower,2,0,11,1,14,0,4,7,0,11,2,4,18,1,25,92,0,92,117
12/11/2002,CNW,TX,ASW,CE,Federal Contract Tower,2,0,8,20,30,0,0,31,0,31,2,0,39,20,61,74,36,110,171
12/12/2002,CNW,TX,ASW,CE,Federal Contract Tower,2,0,10,0,12,0,0,2,0,2,2,0,12,0,14,0,0,0,14
12/13/2002,CNW,TX,ASW,CE,Federal Contract Tower,2,0,15,45,62,0,4,52,3,59,2,4,67,48,121,40,160,200,321
12/14/2002,CNW,TX,ASW,CE,Federal Contract Tower,0,0,0,27,27,0,0,45,2,47,0,0,45,29,74,184,60,244,318
12/15/2002,CNW,TX,ASW,CE,Federal Contract Tower,3,0,3,1,7,0,2,18,0,20,3,2,21,1,27,12,0,12,39
12/16/2002,CNW,TX,ASW,CE,Federal Contract Tower,0,0,17,18,35,0,0,36,13,49,0,0,53,31,84,82,66,148,232
12/17/2002,CNW,TX,ASW,CE,Federal Contract Tower,2,0,11,12,25,0,2,10,6,18,2,2,21,18,43,18,48,66,109
12/18/2002,CNW,TX,ASW,CE,Federal Contract Tower,1,0,11,16,28,0,4,35,6,45,1,4,46,22,73,95,58,153,226
12/19/2002,CNW,TX,ASW,CE,Federal Contract Tower,2,0,6,8,16,1,2,23,1,27,3,2,29,9,43,26,50,76,119
12/20/2002,CNW,TX,ASW,CE,Federal Contract Tower,1,0,16,12,29,0,6,49,0,55,1,6,65,12,84,100,26,126,210
12/21/2002,CNW,TX,ASW,CE,Federal Contract Tower,0,0,0,0,0,0,2,8,0,10,0,2,8,0,10,6,0,6,16
12/22/2002,CNW,TX,ASW,CE,Federal Contract Tower,2,0,2,0,4,0,0,8,4,12,2,0,10,4,16,2,0,2,18
12/23/2002,CNW,TX,ASW,CE,Federal Contract Tower,0,0,0,0,0,0,0,0,0,0,0,0,0,0,0,0,0,0,0
12/24/2002,CNW,TX,ASW,CE,Federal Contract Tower,2,0,0,0,2,0,0,0,6,6,2,0,0,6,8,0,0,0,8
12/25/2002,CNW,TX,ASW,CE,Federal Contract Tower,0,0,4,2,6,0,0,4,0,4,0,0,8,2,10,0,0,0,10
12/26/2002,CNW,TX,ASW,CE,Federal Contract Tower,0,0,2,12,14,0,2,7,1,10,0,2,9,13,24,0,0,0,24
12/27/2002,CNW,TX,ASW,CE,Federal Contract Tower,0,0,0,0,0,0,0,8,0,8,0,0,8,0,8,0,0,0,8
12/28/2002,CNW,TX,ASW,CE,Federal Contract Tower,0,0,0,2,2,0,0,4,0,4,0,0,4,2,6,0,0,0,6
12/29/2002,CNW,TX,ASW,CE,Federal Contract Tower,2,0,0,1,3,0,0,2,0,2,2,0,2,1,5,0,0,0,5
12/30/2002,CNW,TX,ASW,CE,Federal Contract Tower,0,2,1,3,6,0,0,0,0,0,0,2,1,3,6,0,0,0,6
12/31/2002,CNW,TX,ASW,CE,Federal Contract Tower,0,0,0,0,0,0,0,2,2,4,0,0,2,2,4,0,0,0,4
01/01/2003,CNW,TX,ASW,CE,Federal Contract Tower,0,0,0,0,0,0,2,10,0,12,0,2,10,0,12,0,0,0,12
01/02/2003,CNW,TX,ASW,CE,Federal Contract Tower,0,0,2,2,4,0,2,7,2,11,0,2,9,4,15,0,0,0,15
01/03/2003,CNW,TX,ASW,CE,Federal Contract Tower,0,0,2,1,3,0,0,18,1,19,0,0,20,2,22,4,0,4,26
01/04/2003,CNW,TX,ASW,CE,Federal Contract Tower,0,0,2,0,2,0,2,3,0,5,0,2,5,0,7,0,0,0,7
01/05/2003,CNW,TX,ASW,CE,Federal Contract Tower,2,0,0,5,7,0,3,16,7,26,2,3,16,12,33,20,4,24,57
01/06/2003,CNW,TX,ASW,CE,Federal Contract Tower,0,0,4,6,10,0,4,27,0,31,0,4,31,6,41,44,60,104,145
01/07/2003,CNW,TX,ASW,CE,Federal Contract Tower,2,0,11,7,20,0,2,55,1,58,2,2,66,8,78,54,72,126,204
01/08/2003,CNW,TX,ASW,CE,Federal Contract Tower,2,2,10,25,39,0,4,81,7,92,2,6,91,32,131,118,106,224,355
01/09/2003,CNW,TX,ASW,CE,Federal Contract Tower,2,0,4,17,23,0,0,39,0,39,2,0,43,17,62,82,58,140,202
01/10/2003,CNW,TX,ASW,CE,Federal Contract Tower,2,0,2,38,42,0,0,52,3,55,2,0,54,41,97,170,36,206,303
01/11/2003,CNW,TX,ASW,CE,Federal Contract Tower,0,0,5,2,7,0,5,17,3,25,0,5,22,5,32,86,0,86,118
01/12/2003,CNW,TX,ASW,CE,Federal Contract Tower,2,0,0,0,2,0,0,0,0,0,2,0,0,0,2,0,0,0,2
01/13/2003,CNW,TX,ASW,CE,Federal Contract Tower,0,0,8,4,12,0,0,5,0,5,0,0,13,4,17,24,18,42,59
01/14/2003,CNW,TX,ASW,CE,Federal Contract Tower,2,0,16,16,34,0,4,1,0,5,2,4,17,16,39,0,0,0,39
01/15/2003,CNW,TX,ASW,CE,Federal Contract Tower,0,0,18,0,18,0,0,0,0,0,0,0,18,0,18,0,0,0,18
01/16/2003,CNW,TX,ASW,CE,Federal Contract Tower,3,0,1,10,14,0,0,62,0,62,3,0,63,10,76,72,28,100,176
01/17/2003,CNW,TX,ASW,CE,Federal Contract Tower,2,0,6,17,25,0,12,74,1,87,2,12,80,18,112,170,188,358,470
01/18/2003,CNW,TX,ASW,CE,Federal Contract Tower,0,0,15,5,20,0,0,53,0,53,0,0,68,5,73,36,0,36,109
01/19/2003,CNW,TX,ASW,CE,Federal Contract Tower,2,0,3,16,21,0,0,25,0,25,2,0,28,16,46,28,0,28,74
01/20/2003,CNW,TX,ASW,CE,Federal Contract Tower,0,0,4,0,4,0,2,34,0,36,0,2,38,0,40,76,0,76,116
01/21/2003,CNW,TX,ASW,CE,Federal Contract Tower,0,2,12,12,26,0,0,59,2,61,0,2,71,14,87,102,68,170,257
01/22/2003,CNW,TX,ASW,CE,Federal Contract Tower,2,0,13,26,41,0,2,23,2,27,2,2,36,28,68,200,42,242,310
01/23/2003,CNW,TX,ASW,CE,Federal Contract Tower,2,3,15,17,37,0,2,52,0,54,2,5,67,17,91,106,138,244,335
01/24/2003,CNW,TX,ASW,CE,Federal Contract Tower,2,1,10,23,36,0,7,46,6,59,2,8,56,29,95,160,156,316,411
01/25/2003,CNW,TX,ASW,CE,Federal Contract Tower,0,0,4,0,4,0,0,2,2,4,0,0,6,2,8,16,0,16,24
01/26/2003,CNW,TX,ASW,CE,Federal Contract Tower,2,0,2,0,4,0,0,0,0,0,2,0,2,0,4,0,0,0,4
01/27/2003,CNW,TX,ASW,CE,Federal Contract Tower,0,0,16,2,18,0,0,34,2,36,0,0,50,4,54,86,24,110,164
01/28/2003,CNW,TX,ASW,CE,Federal Contract Tower,2,0,10,2,14,0,6,9,0,15,2,6,19,2,29,0,0,0,29
01/29/2003,CNW,TX,ASW,CE,Federal Contract Tower,2,0,5,9,16,0,2,20,2,24,2,2,25,11,40,58,88,146,186
01/30/2003,CNW,TX,ASW,CE,Federal Contract Tower,2,0,18,10,30,0,0,35,0,35,2,0,53,10,65,300,28,328,393
01/31/2003,CNW,TX,ASW,CE,Federal Contract Tower,2,0,15,7,24,0,0,59,2,61,2,0,74,9,85,106,22,128,213
02/01/2003,CNW,TX,ASW,CE,Federal Contract Tower,0,0,5,9,14,0,0,33,0,33,0,0,38,9,47,58,20,78,125
02/02/2003,CNW,TX,ASW,CE,Federal Contract Tower,2,0,0,2,4,0,0,3,0,3,2,0,3,2,7,0,0,0,7
02/03/2003,CNW,TX,ASW,CE,Federal Contract Tower,0,0,7,2,9,0,0,47,0,47,0,0,54,2,56,58,14,72,128
02/04/2003,CNW,TX,ASW,CE,Federal Contract Tower,2,0,5,27,34,0,2,64,2,68,2,2,69,29,102,308,184,492,594
02/05/2003,CNW,TX,ASW,CE,Federal Contract Tower,2,0,10,16,28,0,0,58,1,59,2,0,68,17,87,216,42,258,345
02/06/2003,CNW,TX,ASW,CE,Federal Contract Tower,2,0,0,17,19,0,0,0,0,0,2,0,0,17,19,0,0,0,19
02/07/2003,CNW,TX,ASW,CE,Federal Contract Tower,2,0,2,11,15,0,1,30,0,31,2,1,32,11,46,34,104,138,184
02/08/2003,CNW,TX,ASW,CE,Federal Contract Tower,0,0,2,2,4,0,0,8,0,8,0,0,10,2,12,70,0,70,82
02/09/2003,CNW,TX,ASW,CE,Federal Contract Tower,1,0,0,4,5,0,4,6,0,10,1,4,6,4,15,32,0,32,47
02/10/2003,CNW,TX,ASW,CE,Federal Contract Tower,0,0,10,28,38,0,0,72,1,73,0,0,82,29,111,187,60,247,358
02/11/2003,CNW,TX,ASW,CE,Federal Contract Tower,2,2,11,18,33,0,0,94,2,96,2,2,105,20,129,218,168,386,515
02/12/2003,CNW,TX,ASW,CE,Federal Contract Tower,2,0,12,9,23,2,1,54,5,62,4,1,66,14,85,130,18,148,233
02/13/2003,CNW,TX,ASW,CE,Federal Contract Tower,2,0,14,0,16,0,0,0,0,0,2,0,14,0,16,0,0,0,16
02/14/2003,CNW,TX,ASW,CE,Federal Contract Tower,2,0,5,0,7,0,0,3,0,3,2,0,8,0,10,0,0,0,10
02/15/2003,CNW,TX,ASW,CE,Federal Contract Tower,0,0,8,0,8,0,0,4,0,4,0,0,12,0,12,0,6,6,18
02/16/2003,CNW,TX,ASW,CE,Federal Contract Tower,2,0,1,0,3,0,0,7,0,7,2,0,8,0,10,24,0,24,34
02/17/2003,CNW,TX,ASW,CE,Federal Contract Tower,0,0,6,0,6,0,2,96,0,98,0,2,102,0,104,158,0,158,262
02/18/2003,CNW,TX,ASW,CE,Federal Contract Tower,0,1,9,6,16,0,0,24,2,26,0,1,33,8,42,52,0,52,94
02/19/2003,CNW,TX,ASW,CE,Federal Contract Tower,2,0,4,11,17,0,2,6,10,18,2,2,10,21,35,0,16,16,51
02/20/2003,CNW,TX,ASW,CE,Federal Contract Tower,2,0,2,1,5,1,2,1,0,4,3,2,3,1,9,0,0,0,9
02/21/2003,CNW,TX,ASW,CE,Federal Contract Tower,1,0,1,0,2,0,0,0,0,0,1,0,1,0,2,0,0,0,2
02/22/2003,CNW,TX,ASW,CE,Federal Contract Tower,0,0,1,3,4,2,0,41,4,47,2,0,42,7,51,0,0,0,51
02/23/2003,CNW,TX,ASW,CE,Federal Contract Tower,2,0,2,7,11,0,0,7,7,14,2,0,9,14,25,0,0,0,25
02/24/2003,CNW,TX,ASW,CE,Federal Contract Tower,0,0,0,19,19,0,2,18,0,20,0,2,18,19,39,96,64,160,199
02/25/2003,CNW,TX,ASW,CE,Federal Contract Tower,0,0,0,0,0,0,0,0,0,0,0,0,0,0,0,0,0,0,0
02/26/2003,CNW,TX,ASW,CE,Federal Contract Tower,0,0,0,0,0,0,0,0,0,0,0,0,0,0,0,0,0,0,0
02/27/2003,CNW,TX,ASW,CE,Federal Contract Tower,2,0,16,3,21,0,2,43,0,45,2,2,59,3,66,112,24,136,202
02/28/2003,CNW,TX,ASW,CE,Federal Contract Tower,2,0,26,6,34,2,0,20,0,22,4,0,46,6,56,134,0,134,190
03/01/2003,CNW,TX,ASW,CE,Federal Contract Tower,0,0,1,0,1,0,0,0,0,0,0,0,1,0,1,0,0,0,1
03/02/2003,CNW,TX,ASW,CE,Federal Contract Tower,2,0,0,0,2,0,0,5,0,5,2,0,5,0,7,0,0,0,7
03/03/2003,CNW,TX,ASW,CE,Federal Contract Tower,0,0,3,0,3,0,0,1,0,1,0,0,4,0,4,0,0,0,4
03/04/2003,CNW,TX,ASW,CE,Federal Contract Tower,0,0,31,6,37,0,0,32,0,32,0,0,63,6,69,32,0,32,101
03/05/2003,CNW,TX,ASW,CE,Federal Contract Tower,0,0,23,25,48,0,0,42,1,43,0,0,65,26,91,130,44,174,265
03/06/2003,CNW,TX,ASW,CE,Federal Contract Tower,0,0,7,12,19,0,0,90,0,90,0,0,97,12,109,254,74,328,437
03/07/2003,CNW,TX,ASW,CE,Federal Contract Tower,0,0,2,7,9,0,0,116,0,116,0,0,118,7,125,272,44,316,441
03/08/2003,CNW,TX,ASW,CE,Federal Contract Tower,0,0,4,66,70,0,2,14,0,16,0,2,18,66,86,16,14,30,116
03/09/2003,CNW,TX,ASW,CE,Federal Contract Tower,2,0,3,3,8,0,2,10,0,12,2,2,13,3,20,10,0,10,30
03/10/2003,CNW,TX,ASW,CE,Federal Contract Tower,0,0,12,32,44,0,2,55,2,59,0,2,67,34,103,196,44,240,343
03/11/2003,CNW,TX,ASW,CE,Federal Contract Tower,0,0,3,27,30,0,0,8,1,9,0,0,11,28,39,44,30,74,113
03/12/2003,CNW,TX,ASW,CE,Federal Contract Tower,0,0,8,0,8,0,2,2,0,4,0,2,10,0,12,24,0,24,36
03/13/2003,CNW,TX,ASW,CE,Federal Contract Tower,0,0,0,0,0,0,0,37,2,39,0,0,37,2,39,34,0,34,73
03/14/2003,CNW,TX,ASW,CE,Federal Contract Tower,0,0,7,6,13,0,0,42,0,42,0,0,49,6,55,50,28,78,133
03/15/2003,CNW,TX,ASW,CE,Federal Contract Tower,0,0,8,0,8,0,0,27,0,27,0,0,35,0,35,48,0,48,83
03/16/2003,CNW,TX,ASW,CE,Federal Contract Tower,2,0,6,6,14,0,0,2,0,2,2,0,8,6,16,6,0,6,22
03/17/2003,CNW,TX,ASW,CE,Federal Contract Tower,0,0,13,4,17,0,2,40,0,42,0,2,53,4,59,100,26,126,185
03/18/2003,CNW,TX,ASW,CE,Federal Contract Tower,0,0,3,1,4,0,2,44,0,46,0,2,47,1,50,170,2,172,222
03/19/2003,CNW,TX,ASW,CE,Federal Contract Tower,0,0,13,16,29,0,1,33,0,34,0,1,46,16,63,20,14,34,97
03/20/2003,CNW,TX,ASW,CE,Federal Contract Tower,0,0,6,12,18,0,3,63,0,66,0,3,69,12,84,172,26,198,282
03/21/2003,CNW,TX,ASW,CE,Federal Contract Tower,0,0,10,25,35,0,2,87,5,94,0,2,97,30,129,206,82,288,417
03/22/2003,CNW,TX,ASW,CE,Federal Contract Tower,0,0,11,0,11,0,0,6,0,6,0,0,17,0,17,44,0,44,61
03/23/2003,CNW,TX,ASW,CE,Federal Contract Tower,2,0,5,0,7,0,3,21,0,24,2,3,26,0,31,0,0,0,31
03/24/2003,CNW,TX,ASW,CE,Federal Contract Tower,0,0,14,17,31,0,0,67,0,67,0,0,81,17,98,76,58,134,232
03/25/2003,CNW,TX,ASW,CE,Federal Contract Tower,0,0,7,13,20,0,2,31,0,33,0,2,38,13,53,50,34,84,137
03/26/2003,CNW,TX,ASW,CE,Federal Contract Tower,0,0,8,28,36,0,2,87,2,91,0,2,95,30,127,357,130,487,614
03/27/2003,CNW,TX,ASW,CE,Federal Contract Tower,0,0,18,9,27,0,0,17,0,17,0,0,35,9,44,62,8,70,114
03/28/2003,CNW,TX,ASW,CE,Federal Contract Tower,0,0,5,11,16,0,2,46,0,48,0,2,51,11,64,122,12,134,198
03/29/2003,CNW,TX,ASW,CE,Federal Contract Tower,0,0,5,0,5,0,0,24,0,24,0,0,29,0,29,6,0,6,35
03/30/2003,CNW,TX,ASW,CE,Federal Contract Tower,2,0,1,2,5,0,2,35,0,37,2,2,36,2,42,54,6,60,102
03/31/2003,CNW,TX,ASW,CE,Federal Contract Tower,0,0,9,20,29,0,2,65,4,71,0,2,74,24,100,162,86,248,348
04/01/2003,CNW,TX,ASW,CE,Federal Contract Tower,0,0,5,36,41,0,4,45,0,49,0,4,50,36,90,34,50,84,174
04/02/2003,CNW,TX,ASW,CE,Federal Contract Tower,0,0,14,39,53,0,0,61,2,63,0,0,75,41,116,158,66,224,340
04/03/2003,CNW,TX,ASW,CE,Federal Contract Tower,0,0,16,32,48,0,2,51,0,53,0,2,67,32,101,204,50,254,355
04/04/2003,CNW,TX,ASW,CE,Federal Contract Tower,0,0,5,14,19,0,4,46,3,53,0,4,51,17,72,110,26,136,208
04/05/2003,CNW,TX,ASW,CE,Federal Contract Tower,0,0,2,2,4,0,0,29,0,29,0,0,31,2,33,82,0,82,115
04/06/2003,CNW,TX,ASW,CE,Federal Contract Tower,2,0,5,0,7,0,2,13,0,15,2,2,18,0,22,64,0,64,86
04/07/2003,CNW,TX,ASW,CE,Federal Contract Tower,0,0,14,30,44,0,2,77,0,79,0,2,91,30,123,260,18,278,401
04/08/2003,CNW,TX,ASW,CE,Federal Contract Tower,0,0,6,20,26,0,2,69,2,73,0,2,75,22,99,74,50,124,223
04/09/2003,CNW,TX,ASW,CE,Federal Contract Tower,0,0,10,6,16,0,0,76,2,78,0,0,86,8,94,200,40,240,334
04/10/2003,CNW,TX,ASW,CE,Federal Contract Tower,0,0,6,12,18,0,2,68,0,70,0,2,74,12,88,194,140,334,422
04/11/2003,CNW,TX,ASW,CE,Federal Contract Tower,0,0,17,31,48,0,2,71,0,73,0,2,88,31,121,172,42,214,335
04/12/2003,CNW,TX,ASW,CE,Federal Contract Tower,0,0,6,0,6,0,0,33,2,35,0,0,39,2,41,26,0,26,67
04/13/2003,CNW,TX,ASW,CE,Federal Contract Tower,2,0,0,5,7,0,2,19,0,21,2,2,19,5,28,6,0,6,34
04/14/2003,CNW,TX,ASW,CE,Federal Contract Tower,0,0,12,32,44,0,2,81,1,84,0,2,93,33,128,240,150,390,518
04/15/2003,CNW,TX,ASW,CE,Federal Contract Tower,0,0,4,26,30,0,1,50,0,51,0,1,54,26,81,163,30,193,274
04/16/2003,CNW,TX,ASW,CE,Federal Contract Tower,0,0,7,6,13,0,0,36,9,45,0,0,43,15,58,24,0,24,82
04/17/2003,CNW,TX,ASW,CE,Federal Contract Tower,0,0,0,0,0,0,1,30,2,33,0,1,30,2,33,0,0,0,33
04/18/2003,CNW,TX,ASW,CE,Federal Contract Tower,0,0,6,2,8,0,0,6,0,6,0,0,12,2,14,0,0,0,14
04/19/2003,CNW,TX,ASW,CE,Federal Contract Tower,0,0,0,2,2,0,0,3,1,4,0,0,3,3,6,0,0,0,6
04/20/2003,CNW,TX,ASW,CE,Federal Contract Tower,2,0,1,1,4,0,2,1,4,7,2,2,2,5,11,0,0,0,11
04/21/2003,CNW,TX,ASW,CE,Federal Contract Tower,0,0,5,8,13,0,0,49,7,56,0,0,54,15,69,112,34,146,215
04/22/2003,CNW,TX,ASW,CE,Federal Contract Tower,0,0,9,8,17,0,2,35,4,41,0,2,44,12,58,10,76,86,144
04/23/2003,CNW,TX,ASW,CE,Federal Contract Tower,0,0,11,0,11,0,0,6,0,6,0,0,17,0,17,42,0,42,59
04/24/2003,CNW,TX,ASW,CE,Federal Contract Tower,0,0,19,21,40,0,0,39,0,39,0,0,58,21,79,84,74,158,237
04/25/2003,CNW,TX,ASW,CE,Federal Contract Tower,0,0,7,38,45,0,2,81,0,83,0,2,88,38,128,192,76,268,396
04/26/2003,CNW,TX,ASW,CE,Federal Contract Tower,0,0,5,0,5,0,4,46,0,50,0,4,51,0,55,16,0,16,71
04/27/2003,CNW,TX,ASW,CE,Federal Contract Tower,4,0,11,6,21,0,0,25,0,25,4,0,36,6,46,8,0,8,54
04/28/2003,CNW,TX,ASW,CE,Federal Contract Tower,3,0,6,14,23,1,0,72,0,73,4,0,78,14,96,132,74,206,302
04/29/2003,CNW,TX,ASW,CE,Federal Contract Tower,0,0,15,47,62,0,0,67,2,69,0,0,82,49,131,228,40,268,399
04/30/2003,CNW,TX,ASW,CE,Federal Contract Tower,3,0,14,1,18,1,0,67,3,71,4,0,81,4,89,108,0,108,197
05/01/2003,CNW,TX,ASW,CE,Federal Contract Tower,0,0,6,1,7,0,0,62,0,62,0,0,68,1,69,144,0,144,213
05/02/2003,CNW,TX,ASW,CE,Federal Contract Tower,1,0,9,19,29,0,0,26,6,32,1,0,35,25,61,126,12,138,199
05/03/2003,CNW,TX,ASW,CE,Federal Contract Tower,0,0,2,1,3,0,2,0,0,2,0,2,2,1,5,0,0,0,5
05/04/2003,CNW,TX,ASW,CE,Federal Contract Tower,2,0,2,2,6,0,0,0,0,0,2,0,2,2,6,0,0,0,6
05/05/2003,CNW,TX,ASW,CE,Federal Contract Tower,0,0,14,41,55,0,2,33,9,44,0,2,47,50,99,143,41,184,283
05/06/2003,CNW,TX,ASW,CE,Federal Contract Tower,0,0,7,4,11,0,0,16,0,16,0,0,23,4,27,8,0,8,35
05/07/2003,CNW,TX,ASW,CE,Federal Contract Tower,0,0,11,38,49,0,7,55,2,64,0,7,66,40,113,148,86,234,347
05/08/2003,CNW,TX,ASW,CE,Federal Contract Tower,0,0,14,20,34,0,4,19,1,24,0,4,33,21,58,100,74,174,232
05/09/2003,CNW,TX,ASW,CE,Federal Contract Tower,0,0,10,22,32,0,0,45,0,45,0,0,55,22,77,140,104,244,321
05/10/2003,CNW,TX,ASW,CE,Federal Contract Tower,0,2,9,2,13,0,0,0,0,0,0,2,9,2,13,30,0,30,43
05/11/2003,CNW,TX,ASW,CE,Federal Contract Tower,2,0,0,0,2,0,2,7,0,9,2,2,7,0,11,0,0,0,11
05/12/2003,CNW,TX,ASW,CE,Federal Contract Tower,0,0,7,15,22,0,2,36,1,39,0,2,43,16,61,104,118,222,283
05/13/2003,CNW,TX,ASW,CE,Federal Contract Tower,0,0,19,26,45,0,2,34,0,36,0,2,53,26,81,156,50,206,287
05/14/2003,CNW,TX,ASW,CE,Federal Contract Tower,0,2,18,24,44,0,4,77,0,81,0,6,95,24,125,228,140,368,493
05/15/2003,CNW,TX,ASW,CE,Federal Contract Tower,0,0,42,2,44,0,0,38,0,38,0,0,80,2,82,282,12,294,376
05/16/2003,CNW,TX,ASW,CE,Federal Contract Tower,2,1,21,1,25,1,6,48,1,56,3,7,69,2,81,82,14,96,177
05/17/2003,CNW,TX,ASW,CE,Federal Contract Tower,1,1,9,3,14,0,0,35,0,35,1,1,44,3,49,68,10,78,127
05/18/2003,CNW,TX,ASW,CE,Federal Contract Tower,2,0,11,0,13,0,2,19,0,21,2,2,30,0,34,50,0,50,84
05/19/2003,CNW,TX,ASW,CE,Federal Contract Tower,0,0,19,40,59,0,0,57,7,64,0,0,76,47,123,102,101,203,326
05/20/2003,CNW,TX,ASW,CE,Federal Contract Tower,0,0,17,6,23,0,2,9,2,13,0,2,26,8,36,70,0,70,106
05/21/2003,CNW,TX,ASW,CE,Federal Contract Tower,0,0,10,6,16,0,2,23,11,36,0,2,33,17,52,134,0,134,186
05/22/2003,CNW,TX,ASW,CE,Federal Contract Tower,0,0,23,21,44,0,0,20,8,28,0,0,43,29,72,0,0,0,72
05/23/2003,CNW,TX,ASW,CE,Federal Contract Tower,0,0,0,2,2,0,0,30,0,30,0,0,30,2,32,0,0,0,32
05/24/2003,CNW,TX,ASW,CE,Federal Contract Tower,0,0,2,0,2,0,0,5,0,5,0,0,7,0,7,0,0,0,7
05/25/2003,CNW,TX,ASW,CE,Federal Contract Tower,4,0,0,2,6,0,4,7,9,20,4,4,7,11,26,28,2,30,56
05/26/2003,CNW,TX,ASW,CE,Federal Contract Tower,0,0,13,1,14,0,3,3,0,6,0,3,16,1,20,0,0,0,20
05/27/2003,CNW,TX,ASW,CE,Federal Contract Tower,0,0,12,5,17,0,0,67,0,67,0,0,79,5,84,162,32,194,278
05/28/2003,CNW,TX,ASW,CE,Federal Contract Tower,0,0,5,18,23,0,2,78,1,81,0,2,83,19,104,259,134,393,497
05/29/2003,CNW,TX,ASW,CE,Federal Contract Tower,0,0,18,21,39,0,0,92,0,92,0,0,110,21,131,212,108,320,451
05/30/2003,CNW,TX,ASW,CE,Federal Contract Tower,0,0,0,8,8,0,4,77,0,81,0,4,77,8,89,109,50,159,248
05/31/2003,CNW,TX,ASW,CE,Federal Contract Tower,0,0,0,1,1,0,0,7,0,7,0,0,7,1,8,0,0,0,8
06/01/2003,CNW,TX,ASW,CE,Federal Contract Tower,2,0,6,0,8,0,0,20,0,20,2,0,26,0,28,6,0,6,34
06/02/2003,CNW,TX,ASW,CE,Federal Contract Tower,0,0,6,9,15,0,2,39,0,41,0,2,45,9,56,46,72,118,174
06/03/2003,CNW,TX,ASW,CE,Federal Contract Tower,0,0,10,28,38,0,0,56,0,56,0,0,66,28,94,234,64,298,392
06/04/2003,CNW,TX,ASW,CE,Federal Contract Tower,0,0,9,38,47,0,0,59,0,59,0,0,68,38,106,138,156,294,400
06/05/2003,CNW,TX,ASW,CE,Federal Contract Tower,0,0,9,5,14,0,0,26,0,26,0,0,35,5,40,58,10,68,108
06/06/2003,CNW,TX,ASW,CE,Federal Contract Tower,0,0,16,23,39,0,2,41,0,43,0,2,57,23,82,61,4,65,147
06/07/2003,CNW,TX,ASW,CE,Federal Contract Tower,0,0,10,10,20,0,0,116,6,122,0,0,126,16,142,190,14,204,346
06/08/2003,CNW,TX,ASW,CE,Federal Contract Tower,2,0,0,0,2,0,0,86,0,86,2,0,86,0,88,264,0,264,352
06/09/2003,CNW,TX,ASW,CE,Federal Contract Tower,0,0,2,22,24,0,2,171,0,173,0,2,173,22,197,614,124,738,935
06/10/2003,CNW,TX,ASW,CE,Federal Contract Tower,1,0,8,1,10,0,0,109,2,111,1,0,117,3,121,670,0,670,791
06/11/2003,CNW,TX,ASW,CE,Federal Contract Tower,0,0,14,13,27,0,2,120,0,122,0,2,134,13,149,558,60,618,767
06/12/2003,CNW,TX,ASW,CE,Federal Contract Tower,0,0,25,18,43,0,0,71,0,71,0,0,96,18,114,322,0,322,436
06/13/2003,CNW,TX,ASW,CE,Federal Contract Tower,0,0,8,0,8,0,0,17,0,17,0,0,25,0,25,186,0,186,211
06/14/2003,CNW,TX,ASW,CE,Federal Contract Tower,0,0,1,0,1,0,6,44,0,50,0,6,45,0,51,10,0,10,61
06/15/2003,CNW,TX,ASW,CE,Federal Contract Tower,5,0,9,3,17,0,2,10,0,12,5,2,19,3,29,24,0,24,53
06/16/2003,CNW,TX,ASW,CE,Federal Contract Tower,0,0,9,12,21,0,0,58,2,60,0,0,67,14,81,284,318,602,683
06/17/2003,CNW,TX,ASW,CE,Federal Contract Tower,0,0,8,8,16,0,2,38,4,44,0,2,46,12,60,174,0,174,234
06/18/2003,CNW,TX,ASW,CE,Federal Contract Tower,0,0,23,1,24,0,2,70,0,72,0,2,93,1,96,110,8,118,214
06/19/2003,CNW,TX,ASW,CE,Federal Contract Tower,0,0,14,3,17,0,0,56,1,57,0,0,70,4,74,232,52,284,358
06/20/2003,CNW,TX,ASW,CE,Federal Contract Tower,0,0,11,25,36,0,2,75,2,79,0,2,86,27,115,100,52,152,267
06/21/2003,CNW,TX,ASW,CE,Federal Contract Tower,0,0,13,0,13,0,2,49,0,51,0,2,62,0,64,46,0,46,110
06/22/2003,CNW,TX,ASW,CE,Federal Contract Tower,2,0,4,6,12,0,4,27,0,31,2,4,31,6,43,52,4,56,99
06/23/2003,CNW,TX,ASW,CE,Federal Contract Tower,0,0,9,4,13,0,0,77,0,77,0,0,86,4,90,246,0,246,336
06/24/2003,CNW,TX,ASW,CE,Federal Contract Tower,0,0,18,26,44,0,0,42,0,42,0,0,60,26,86,204,0,204,290
06/25/2003,CNW,TX,ASW,CE,Federal Contract Tower,0,0,6,10,16,0,0,58,0,58,0,0,64,10,74,158,30,188,262
06/26/2003,CNW,TX,ASW,CE,Federal Contract Tower,0,0,17,9,26,0,0,27,11,38,0,0,44,20,64,68,14,82,146
06/27/2003,CNW,TX,ASW,CE,Federal Contract Tower,0,0,11,45,56,0,2,60,13,75,0,2,71,58,131,238,134,372,503
06/28/2003,CNW,TX,ASW,CE,Federal Contract Tower,0,0,2,1,3,0,0,20,11,31,0,0,22,12,34,3,0,3,37
06/29/2003,CNW,TX,ASW,CE,Federal Contract Tower,2,0,3,0,5,0,4,2,0,6,2,4,5,0,11,0,0,0,11
06/30/2003,CNW,TX,ASW,CE,Federal Contract Tower,0,0,8,6,14,0,2,75,8,85,0,2,83,14,99,115,2,117,216
07/01/2003,CNW,TX,ASW,CE,Federal Contract Tower,0,0,16,16,32,0,0,60,0,60,0,0,76,16,92,246,38,284,376
07/02/2003,CNW,TX,ASW,CE,Federal Contract Tower,0,0,3,1,4,0,0,64,2,66,0,0,67,3,70,188,0,188,258
07/03/2003,CNW,TX,ASW,CE,Federal Contract Tower,0,0,5,4,9,0,4,69,0,73,0,4,74,4,82,96,0,96,178
07/04/2003,CNW,TX,ASW,CE,Federal Contract Tower,0,0,2,0,2,0,0,14,0,14,0,0,16,0,16,0,0,0,16
07/05/2003,CNW,TX,ASW,CE,Federal Contract Tower,0,0,1,0,1,0,4,4,15,23,0,4,5,15,24,28,0,28,52
07/06/2003,CNW,TX,ASW,CE,Federal Contract Tower,2,0,2,0,4,0,2,6,0,8,2,2,8,0,12,0,0,0,12
07/07/2003,CNW,TX,ASW,CE,Federal Contract Tower,0,0,12,15,27,0,0,38,0,38,0,0,50,15,65,42,28,70,135
07/08/2003,CNW,TX,ASW,CE,Federal Contract Tower,0,0,21,0,21,0,0,36,2,38,0,0,57,2,59,144,0,144,203
07/09/2003,CNW,TX,ASW,CE,Federal Contract Tower,0,0,18,0,18,0,0,34,0,34,0,0,52,0,52,116,0,116,168
07/10/2003,CNW,TX,ASW,CE,Federal Contract Tower,0,0,15,27,42,0,0,84,1,85,0,0,99,28,127,194,54,248,375
07/11/2003,CNW,TX,ASW,CE,Federal Contract Tower,0,0,5,10,15,0,0,45,0,45,0,0,50,10,60,86,6,92,152
07/12/2003,CNW,TX,ASW,CE,Federal Contract Tower,0,0,2,0,2,0,0,31,0,31,0,0,33,0,33,18,0,18,51
07/13/2003,CNW,TX,ASW,CE,Federal Contract Tower,2,0,9,10,21,0,2,19,0,21,2,2,28,10,42,10,0,10,52
07/14/2003,CNW,TX,ASW,CE,Federal Contract Tower,0,0,13,20,33,0,0,90,6,96,0,0,103,26,129,174,8,182,311
07/15/2003,CNW,TX,ASW,CE,Federal Contract Tower,0,2,11,7,20,0,2,79,6,87,0,4,90,13,107,106,36,142,249
07/16/2003,CNW,TX,ASW,CE,Federal Contract Tower,0,0,11,3,14,0,0,47,1,48,0,0,58,4,62,124,6,130,192
07/17/2003,CNW,TX,ASW,CE,Federal Contract Tower,0,0,7,5,12,0,0,54,9,63,0,0,61,14,75,88,12,100,175
07/18/2003,CNW,TX,ASW,CE,Federal Contract Tower,0,0,0,3,3,0,2,14,10,26,0,2,14,13,29,6,30,36,65
07/19/2003,CNW,TX,ASW,CE,Federal Contract Tower,0,0,3,4,7,0,4,13,5,22,0,4,16,9,29,0,0,0,29
07/20/2003,CNW,TX,ASW,CE,Federal Contract Tower,2,0,0,3,5,0,4,4,12,20,2,4,4,15,25,0,2,2,27
07/21/2003,CNW,TX,ASW,CE,Federal Contract Tower,0,0,2,9,11,0,0,42,14,56,0,0,44,23,67,68,4,72,139
07/22/2003,CNW,TX,ASW,CE,Federal Contract Tower,0,0,14,5,19,0,0,85,0,85,0,0,99,5,104,208,10,218,322
07/23/2003,CNW,TX,ASW,CE,Federal Contract Tower,0,0,13,5,18,0,0,64,0,64,0,0,77,5,82,132,4,136,218
07/24/2003,CNW,TX,ASW,CE,Federal Contract Tower,0,0,14,8,22,0,0,87,0,87,0,0,101,8,109,250,8,258,367
07/25/2003,CNW,TX,ASW,CE,Federal Contract Tower,0,0,12,10,22,0,0,44,0,44,0,0,56,10,66,76,6,82,148
07/26/2003,CNW,TX,ASW,CE,Federal Contract Tower,0,0,4,5,9,0,2,16,1,19,0,2,20,6,28,24,8,32,60
07/27/2003,CNW,TX,ASW,CE,Federal Contract Tower,2,0,5,6,13,0,0,10,0,10,2,0,15,6,23,0,0,0,23
07/28/2003,CNW,TX,ASW,CE,Federal Contract Tower,0,0,2,17,19,0,0,61,2,63,0,0,63,19,82,156,24,180,262
07/29/2003,CNW,TX,ASW,CE,Federal Contract Tower,0,0,15,0,15,0,0,74,0,74,0,0,89,0,89,152,0,152,241
07/30/2003,CNW,TX,ASW,CE,Federal Contract Tower,0,0,15,4,19,0,0,60,1,61,0,0,75,5,80,146,0,146,226
07/31/2003,CNW,TX,ASW,CE,Federal Contract Tower,0,1,17,5,23,0,5,51,3,59,0,6,68,8,82,54,18,72,154
08/01/2003,CNW,TX,ASW,CE,Federal Contract Tower,0,0,8,4,12,0,2,57,3,62,0,2,65,7,74,86,0,86,160
08/02/2003,CNW,TX,ASW,CE,Federal Contract Tower,0,0,0,2,2,0,0,17,7,24,0,0,17,9,26,0,0,0,26
08/03/2003,CNW,TX,ASW,CE,Federal Contract Tower,2,0,1,0,3,0,4,11,0,15,2,4,12,0,18,0,0,0,18
08/04/2003,CNW,TX,ASW,CE,Federal Contract Tower,0,0,1,0,1,0,0,36,0,36,0,0,37,0,37,0,0,0,37
08/05/2003,CNW,TX,ASW,CE,Federal Contract Tower,1,0,1,2,4,0,2,36,0,38,1,2,37,2,42,0,0,0,42
08/06/2003,CNW,TX,ASW,CE,Federal Contract Tower,0,0,0,2,2,0,2,45,0,47,0,2,45,2,49,0,0,0,49
08/07/2003,CNW,TX,ASW,CE,Federal Contract Tower,0,0,36,12,48,0,0,0,0,0,0,0,36,12,48,0,0,0,48
08/08/2003,CNW,TX,ASW,CE,Federal Contract Tower,0,0,4,9,13,0,4,30,15,49,0,4,34,24,62,0,0,0,62
08/09/2003,CNW,TX,ASW,CE,Federal Contract Tower,0,0,0,2,2,0,6,3,2,11,0,6,3,4,13,0,0,0,13
08/10/2003,CNW,TX,ASW,CE,Federal Contract Tower,2,0,0,4,6,0,2,10,1,13,2,2,10,5,19,0,0,0,19
08/11/2003,CNW,TX,ASW,CE,Federal Contract Tower,0,0,5,4,9,0,2,37,18,57,0,2,42,22,66,80,4,84,150
08/12/2003,CNW,TX,ASW,CE,Federal Contract Tower,0,0,4,3,7,0,0,37,0,37,0,0,41,3,44,0,0,0,44
08/13/2003,CNW,TX,ASW,CE,Federal Contract Tower,0,0,1,3,4,0,0,31,0,31,0,0,32,3,35,0,0,0,35
08/14/2003,CNW,TX,ASW,CE,Federal Contract Tower,0,2,7,4,13,0,3,28,15,46,0,5,35,19,59,58,5,63,122
08/15/2003,CNW,TX,ASW,CE,Federal Contract Tower,0,0,13,2,15,0,0,62,7,69,0,0,75,9,84,142,2,144,228
08/16/2003,CNW,TX,ASW,CE,Federal Contract Tower,0,0,0,4,4,0,2,13,0,15,0,2,13,4,19,0,0,0,19
08/17/2003,CNW,TX,ASW,CE,Federal Contract Tower,2,0,0,0,2,0,2,3,0,5,2,2,3,0,7,0,0,0,7
08/18/2003,CNW,TX,ASW,CE,Federal Contract Tower,0,0,6,0,6,0,0,42,0,42,0,0,48,0,48,0,0,0,48
08/19/2003,CNW,TX,ASW,CE,Federal Contract Tower,0,0,7,0,7,0,4,40,4,48,0,4,47,4,55,0,1,1,56
08/20/2003,CNW,TX,ASW,CE,Federal Contract Tower,0,0,7,4,11,0,2,44,0,46,0,2,51,4,57,2,0,2,59
08/21/2003,CNW,TX,ASW,CE,Federal Contract Tower,0,0,3,4,7,0,3,42,15,60,0,3,45,19,67,0,0,0,67
08/22/2003,CNW,TX,ASW,CE,Federal Contract Tower,0,0,7,3,10,0,0,29,5,34,0,0,36,8,44,0,0,0,44
08/23/2003,CNW,TX,ASW,CE,Federal Contract Tower,0,0,0,0,0,0,2,11,0,13,0,2,11,0,13,0,0,0,13
08/24/2003,CNW,TX,ASW,CE,Federal Contract Tower,2,0,0,0,2,0,2,8,0,10,2,2,8,0,12,0,0,0,12
08/25/2003,CNW,TX,ASW,CE,Federal Contract Tower,0,0,11,0,11,0,4,39,0,43,0,4,50,0,54,0,0,0,54
08/26/2003,CNW,TX,ASW,CE,Federal Contract Tower,0,0,1,6,7,0,0,31,21,52,0,0,32,27,59,0,1,1,60
08/27/2003,CNW,TX,ASW,CE,Federal Contract Tower,0,0,10,0,10,0,2,39,0,41,0,2,49,0,51,0,0,0,51
08/28/2003,CNW,TX,ASW,CE,Federal Contract Tower,0,0,6,4,10,0,0,61,0,61,0,0,67,4,71,0,0,0,71
08/29/2003,CNW,TX,ASW,CE,Federal Contract Tower,0,0,5,1,6,0,0,52,0,52,0,0,57,1,58,0,0,0,58
08/30/2003,CNW,TX,ASW,CE,Federal Contract Tower,0,0,0,0,0,0,4,11,17,32,0,4,11,17,32,0,0,0,32
08/31/2003,CNW,TX,ASW,CE,Federal Contract Tower,2,2,0,0,4,0,2,0,0,2,2,4,0,0,6,0,0,0,6
09/01/2003,CNW,TX,ASW,CE,Federal Contract Tower,0,0,0,0,0,0,3,4,0,7,0,3,4,0,7,0,0,0,7
09/02/2003,CNW,TX,ASW,CE,Federal Contract Tower,0,0,12,0,12,0,0,65,0,65,0,0,77,0,77,198,0,198,275
09/03/2003,CNW,TX,ASW,CE,Federal Contract Tower,0,0,11,4,15,0,2,51,0,53,0,2,62,4,68,132,20,152,220
09/04/2003,CNW,TX,ASW,CE,Federal Contract Tower,0,0,8,32,40,0,4,63,0,67,0,4,71,32,107,140,98,238,345
09/05/2003,CNW,TX,ASW,CE,Federal Contract Tower,0,0,13,14,27,0,0,67,0,67,0,0,80,14,94,162,48,210,304
09/06/2003,CNW,TX,ASW,CE,Federal Contract Tower,0,0,0,0,0,0,0,46,0,46,0,0,46,0,46,53,0,53,99
09/07/2003,CNW,TX,ASW,CE,Federal Contract Tower,2,0,4,0,6,0,2,15,0,17,2,2,19,0,23,6,0,6,29
09/08/2003,CNW,TX,ASW,CE,Federal Contract Tower,0,0,11,14,25,0,0,68,7,75,0,0,79,21,100,160,72,232,332
09/09/2003,CNW,TX,ASW,CE,Federal Contract Tower,0,0,7,5,12,0,2,82,0,84,0,2,89,5,96,286,26,312,408
09/10/2003,CNW,TX,ASW,CE,Federal Contract Tower,0,0,10,12,22,0,3,50,0,53,0,3,60,12,75,144,33,177,252
09/11/2003,CNW,TX,ASW,CE,Federal Contract Tower,0,0,10,6,16,0,2,24,0,26,0,2,34,6,42,74,26,100,142
09/12/2003,CNW,TX,ASW,CE,Federal Contract Tower,0,0,13,2,15,0,0,6,0,6,0,0,19,2,21,0,0,0,21
09/13/2003,CNW,TX,ASW,CE,Federal Contract Tower,0,0,0,5,5,0,2,14,0,16,0,2,14,5,21,48,0,48,69
09/14/2003,CNW,TX,ASW,CE,Federal Contract Tower,3,0,4,2,9,0,8,15,0,23,3,8,19,2,32,24,0,24,56
09/15/2003,CNW,TX,ASW,CE,Federal Contract Tower,0,0,10,11,21,0,0,63,0,63,0,0,73,11,84,62,42,104,188
09/16/2003,CNW,TX,ASW,CE,Federal Contract Tower,0,0,25,27,52,0,4,47,10,61,0,4,72,37,113,134,86,220,333
09/17/2003,CNW,TX,ASW,CE,Federal Contract Tower,0,0,13,31,44,0,0,60,0,60,0,0,73,31,104,140,120,260,364
09/18/2003,CNW,TX,ASW,CE,Federal Contract Tower,0,0,0,1,1,0,2,40,1,43,0,2,40,2,44,72,0,72,116
09/19/2003,CNW,TX,ASW,CE,Federal Contract Tower,2,0,2,0,4,0,2,7,0,9,2,2,9,0,13,10,0,10,23
09/20/2003,CNW,TX,ASW,CE,Federal Contract Tower,0,0,0,1,1,0,2,40,1,43,0,2,40,2,44,72,0,72,116
09/21/2003,CNW,TX,ASW,CE,Federal Contract Tower,2,0,2,0,4,0,2,7,0,9,2,2,9,0,13,10,0,10,23
09/22/2003,CNW,TX,ASW,CE,Federal Contract Tower,0,0,19,0,19,0,2,57,2,61,0,2,76,2,80,178,0,178,258
09/23/2003,CNW,TX,ASW,CE,Federal Contract Tower,0,0,12,8,20,0,0,73,0,73,0,0,85,8,93,156,38,194,287
09/24/2003,CNW,TX,ASW,CE,Federal Contract Tower,0,0,12,19,31,0,2,81,2,85,0,2,93,21,116,162,32,194,310
09/25/2003,CNW,TX,ASW,CE,Federal Contract Tower,0,0,14,25,39,0,0,88,0,88,0,0,102,25,127,252,38,290,417
09/26/2003,CNW,TX,ASW,CE,Federal Contract Tower,0,0,29,0,29,0,2,39,16,57,0,2,68,16,86,128,2,130,216
09/27/2003,CNW,TX,ASW,CE,Federal Contract Tower,0,0,2,8,10,0,4,24,0,28,0,4,26,8,38,62,8,70,108
09/28/2003,CNW,TX,ASW,CE,Federal Contract Tower,3,0,2,0,5,0,0,38,0,38,3,0,40,0,43,42,0,42,85
09/29/2003,CNW,TX,ASW,CE,Federal Contract Tower,0,0,10,0,10,0,2,71,0,73,0,2,81,0,83,186,0,186,269
09/30/2003,CNW,TX,ASW,CE,Federal Contract Tower,0,0,13,0,13,0,0,80,0,80,0,0,93,0,93,214,0,214,307
10/01/2003,CNW,TX,ASW,CE,Federal Contract Tower,0,0,11,0,11,0,8,90,0,98,0,8,101,0,109,124,0,124,233
10/02/2003,CNW,TX,ASW,CE,Federal Contract Tower,0,0,13,0,13,0,5,75,0,80,0,5,88,0,93,216,0,216,309
10/03/2003,CNW,TX,ASW,CE,Federal Contract Tower,0,0,9,6,15,0,2,66,0,68,0,2,75,6,83,104,16,120,203
10/04/2003,CNW,TX,ASW,CE,Federal Contract Tower,0,0,5,8,13,0,1,28,0,29,0,1,33,8,42,64,0,64,106
10/05/2003,CNW,TX,ASW,CE,Federal Contract Tower,2,0,7,0,9,0,2,11,0,13,2,2,18,0,22,24,0,24,46
10/06/2003,CNW,TX,ASW,CE,Federal Contract Tower,0,0,1,0,1,0,2,30,0,32,0,2,31,0,33,134,0,134,167
10/07/2003,CNW,TX,ASW,CE,Federal Contract Tower,0,0,5,1,6,0,0,42,1,43,0,0,47,2,49,209,24,233,282
10/08/2003,CNW,TX,ASW,CE,Federal Contract Tower,0,0,12,8,20,0,0,43,0,43,0,0,55,8,63,100,18,118,181
10/09/2003,CNW,TX,ASW,CE,Federal Contract Tower,0,0,6,3,9,0,0,2,0,2,0,0,8,3,11,0,0,0,11
10/10/2003,CNW,TX,ASW,CE,Federal Contract Tower,0,0,14,4,18,0,0,35,0,35,0,0,49,4,53,282,8,290,343
10/11/2003,CNW,TX,ASW,CE,Federal Contract Tower,0,0,5,10,15,0,2,14,0,16,0,2,19,10,31,34,18,52,83
10/12/2003,CNW,TX,ASW,CE,Federal Contract Tower,2,0,0,0,2,0,4,20,0,24,2,4,20,0,26,94,0,94,120
10/13/2003,CNW,TX,ASW,CE,Federal Contract Tower,0,0,8,0,8,0,0,79,0,79,0,0,87,0,87,182,0,182,269
10/14/2003,CNW,TX,ASW,CE,Federal Contract Tower,0,0,10,2,12,0,2,106,0,108,0,2,116,2,120,168,0,168,288
10/15/2003,CNW,TX,ASW,CE,Federal Contract Tower,0,0,12,17,29,0,2,90,3,95,0,2,102,20,124,268,32,300,424
10/16/2003,CNW,TX,ASW,CE,Federal Contract Tower,0,0,33,13,46,0,0,85,1,86,0,0,118,14,132,230,94,324,456
10/17/2003,CNW,TX,ASW,CE,Federal Contract Tower,0,0,28,10,38,0,2,71,0,73,0,2,99,10,111,140,130,270,381
10/18/2003,CNW,TX,ASW,CE,Federal Contract Tower,0,0,6,6,12,0,0,42,0,42,0,0,48,6,54,62,12,74,128
10/19/2003,CNW,TX,ASW,CE,Federal Contract Tower,2,0,7,2,11,0,0,20,0,20,2,0,27,2,31,34,2,36,67
10/20/2003,CNW,TX,ASW,CE,Federal Contract Tower,0,0,4,42,46,0,0,80,6,86,0,0,84,48,132,138,266,404,536
10/21/2003,CNW,TX,ASW,CE,Federal Contract Tower,0,0,11,28,39,0,0,67,12,79,0,0,78,40,118,194,72,266,384
10/22/2003,CNW,TX,ASW,CE,Federal Contract Tower,0,0,17,39,56,0,0,78,2,80,0,0,95,41,136,188,70,258,394
10/23/2003,CNW,TX,ASW,CE,Federal Contract Tower,0,0,6,20,26,0,0,86,2,88,0,0,92,22,114,288,76,364,478
10/24/2003,CNW,TX,ASW,CE,Federal Contract Tower,0,0,14,4,18,0,2,98,3,103,0,2,112,7,121,262,18,280,401
10/25/2003,CNW,TX,ASW,CE,Federal Contract Tower,0,0,5,4,9,0,2,18,0,20,0,2,23,4,29,6,0,6,35
10/26/2003,CNW,TX,ASW,CE,Federal Contract Tower,2,0,1,5,8,0,0,16,10,26,2,0,17,15,34,14,0,14,48
10/27/2003,CNW,TX,ASW,CE,Federal Contract Tower,0,0,13,12,25,0,2,81,11,94,0,2,94,23,119,254,100,354,473
10/28/2003,CNW,TX,ASW,CE,Federal Contract Tower,0,0,15,36,51,0,0,72,4,76,0,0,87,40,127,198,72,270,397
10/29/2003,CNW,TX,ASW,CE,Federal Contract Tower,0,0,6,29,35,0,0,61,10,71,0,0,67,39,106,160,69,229,335
10/30/2003,CNW,TX,ASW,CE,Federal Contract Tower,0,0,6,18,24,0,0,23,21,44,0,0,29,39,68,32,16,48,116
10/31/2003,CNW,TX,ASW,CE,Federal Contract Tower,0,0,2,2,4,0,0,34,1,35,0,0,36,3,39,0,0,0,39
11/01/2003,CNW,TX,ASW,CE,Federal Contract Tower,0,0,1,20,21,0,1,8,12,21,0,1,9,32,42,4,0,4,46
11/02/2003,CNW,TX,ASW,CE,Federal Contract Tower,3,0,1,0,4,0,0,5,0,5,3,0,6,0,9,0,0,0,9
11/03/2003,CNW,TX,ASW,CE,Federal Contract Tower,1,0,10,13,24,0,6,40,34,80,1,6,50,47,104,76,0,76,180
11/04/2003,CNW,TX,ASW,CE,Federal Contract Tower,0,0,16,49,65,0,4,64,8,76,0,4,80,57,141,126,56,182,323
11/05/2003,CNW,TX,ASW,CE,Federal Contract Tower,0,2,14,7,23,0,0,25,0,25,0,2,39,7,48,52,0,52,100
11/06/2003,CNW,TX,ASW,CE,Federal Contract Tower,0,0,39,0,39,0,0,0,0,0,0,0,39,0,39,78,0,78,117
11/07/2003,CNW,TX,ASW,CE,Federal Contract Tower,0,0,6,0,6,0,0,0,0,0,0,0,6,0,6,0,0,0,6
11/08/2003,CNW,TX,ASW,CE,Federal Contract Tower,0,0,0,0,0,0,0,0,0,0,0,0,0,0,0,0,0,0,0
11/09/2003,CNW,TX,ASW,CE,Federal Contract Tower,2,0,0,0,2,0,0,0,0,0,2,0,0,0,2,0,0,0,2
11/10/2003,CNW,TX,ASW,CE,Federal Contract Tower,0,0,23,28,51,0,6,78,1,85,0,6,101,29,136,174,60,234,370
11/11/2003,CNW,TX,ASW,CE,Federal Contract Tower,0,0,14,8,22,0,2,58,0,60,0,2,72,8,82,94,10,104,186
11/12/2003,CNW,TX,ASW,CE,Federal Contract Tower,0,0,17,18,35,0,2,59,7,68,0,2,76,25,103,300,52,352,455
11/13/2003,CNW,TX,ASW,CE,Federal Contract Tower,0,2,18,28,48,0,0,103,7,110,0,2,121,35,158,214,104,318,476
11/14/2003,CNW,TX,ASW,CE,Federal Contract Tower,0,0,10,13,23,0,2,78,1,81,0,2,88,14,104,298,101,399,503
11/15/2003,CNW,TX,ASW,CE,Federal Contract Tower,0,0,8,1,9,0,0,18,0,18,0,0,26,1,27,60,0,60,87
11/16/2003,CNW,TX,ASW,CE,Federal Contract Tower,2,0,0,5,7,0,0,11,0,11,2,0,11,5,18,30,0,30,48
11/17/2003,CNW,TX,ASW,CE,Federal Contract Tower,0,0,6,0,6,0,0,3,0,3,0,0,9,0,9,10,0,10,19
11/18/2003,CNW,TX,ASW,CE,Federal Contract Tower,0,0,5,34,39,0,4,38,3,45,0,4,43,37,84,62,36,98,182
11/19/2003,CNW,TX,ASW,CE,Federal Contract Tower,0,0,15,20,35,0,0,107,0,107,0,0,122,20,142,262,132,394,536
11/20/2003,CNW,TX,ASW,CE,Federal Contract Tower,0,0,17,32,49,0,2,89,0,91,0,2,106,32,140,122,164,286,426
11/21/2003,CNW,TX,ASW,CE,Federal Contract Tower,0,0,11,19,30,0,2,89,4,95,0,2,100,23,125,122,86,208,333
11/22/2003,CNW,TX,ASW,CE,Federal Contract Tower,0,0,8,16,24,0,2,12,0,14,0,2,20,16,38,0,30,30,68
11/23/2003,CNW,TX,ASW,CE,Federal Contract Tower,2,0,2,5,9,0,2,12,2,16,2,2,14,7,25,12,0,12,37
11/24/2003,CNW,TX,ASW,CE,Federal Contract Tower,1,0,7,39,47,0,8,68,8,84,1,8,75,47,131,94,218,312,443
11/25/2003,CNW,TX,ASW,CE,Federal Contract Tower,0,0,14,25,39,0,2,33,27,62,0,2,47,52,101,20,78,98,199
11/26/2003,CNW,TX,ASW,CE,Federal Contract Tower,0,0,6,6,12,0,4,17,3,24,0,4,23,9,36,0,0,0,36
11/27/2003,CNW,TX,ASW,CE,Federal Contract Tower,0,0,0,0,0,0,0,0,1,1,0,0,0,1,1,0,0,0,1
11/28/2003,CNW,TX,ASW,CE,Federal Contract Tower,0,0,1,1,2,0,0,10,6,16,0,0,11,7,18,0,0,0,18
11/29/2003,CNW,TX,ASW,CE,Federal Contract Tower,0,0,5,0,5,0,0,7,0,7,0,0,12,0,12,0,0,0,12
11/30/2003,CNW,TX,ASW,CE,Federal Contract Tower,2,0,1,5,8,0,2,11,19,32,2,2,12,24,40,0,0,0,40
12/01/2003,CNW,TX,ASW,CE,Federal Contract Tower,0,0,16,18,34,0,4,58,0,62,0,4,74,18,96,192,140,332,428
12/02/2003,CNW,TX,ASW,CE,Federal Contract Tower,0,0,6,23,29,0,4,54,0,58,0,4,60,23,87,132,98,230,317
12/03/2003,CNW,TX,ASW,CE,Federal Contract Tower,0,0,20,14,34,0,0,61,0,61,0,0,81,14,95,168,94,262,357
12/04/2003,CNW,TX,ASW,CE,Federal Contract Tower,0,0,9,24,33,0,2,77,0,79,0,2,86,24,112,232,102,334,446
12/05/2003,CNW,TX,ASW,CE,Federal Contract Tower,0,0,5,15,20,0,0,73,3,76,0,0,78,18,96,130,28,158,254
12/06/2003,CNW,TX,ASW,CE,Federal Contract Tower,0,0,16,0,16,0,2,38,0,40,0,2,54,0,56,100,0,100,156
12/07/2003,CNW,TX,ASW,CE,Federal Contract Tower,2,0,4,0,6,0,2,26,0,28,2,2,30,0,34,22,0,22,56
12/08/2003,CNW,TX,ASW,CE,Federal Contract Tower,0,0,14,16,30,0,2,45,0,47,0,2,59,16,77,68,60,128,205
12/09/2003,CNW,TX,ASW,CE,Federal Contract Tower,0,0,2,4,6,0,4,13,0,17,0,4,15,4,23,10,20,30,53
12/10/2003,CNW,TX,ASW,CE,Federal Contract Tower,0,0,6,16,22,0,0,51,0,51,0,0,57,16,73,76,74,150,223
12/11/2003,CNW,TX,ASW,CE,Federal Contract Tower,0,2,7,11,20,0,0,69,47,116,0,2,76,58,136,234,120,354,490
12/12/2003,CNW,TX,ASW,CE,Federal Contract Tower,0,0,7,1,8,0,2,19,0,21,0,2,26,1,29,72,0,72,101
12/13/2003,CNW,TX,ASW,CE,Federal Contract Tower,0,0,9,6,15,0,4,14,0,18,0,4,23,6,33,26,30,56,89
12/14/2003,CNW,TX,ASW,CE,Federal Contract Tower,2,0,1,0,3,0,0,22,0,22,2,0,23,0,25,68,0,68,93
12/15/2003,CNW,TX,ASW,CE,Federal Contract Tower,0,0,4,18,22,0,0,21,2,23,0,0,25,20,45,54,36,90,135
12/16/2003,CNW,TX,ASW,CE,Federal Contract Tower,0,0,7,23,30,0,0,31,2,33,0,0,38,25,63,14,10,24,87
12/17/2003,CNW,TX,ASW,CE,Federal Contract Tower,0,0,12,30,42,0,2,60,0,62,0,2,72,30,104,176,134,310,414
12/18/2003,CNW,TX,ASW,CE,Federal Contract Tower,0,0,20,18,38,0,2,58,0,60,0,2,78,18,98,172,52,224,322
12/19/2003,CNW,TX,ASW,CE,Federal Contract Tower,0,0,6,10,16,0,4,45,0,49,0,4,51,10,65,112,14,126,191
12/20/2003,CNW,TX,ASW,CE,Federal Contract Tower,0,0,17,0,17,0,4,21,0,25,0,4,38,0,42,24,0,24,66
12/21/2003,CNW,TX,ASW,CE,Federal Contract Tower,2,0,0,5,7,0,0,9,0,9,2,0,9,5,16,12,0,12,28
12/22/2003,CNW,TX,ASW,CE,Federal Contract Tower,0,0,3,16,19,0,6,15,5,26,0,6,18,21,45,8,0,8,53
12/23/2003,CNW,TX,ASW,CE,Federal Contract Tower,0,0,2,2,4,0,0,23,1,24,0,0,25,3,28,66,0,66,94
12/24/2003,CNW,TX,ASW,CE,Federal Contract Tower,0,0,1,0,1,0,0,15,0,15,0,0,16,0,16,16,0,16,32
12/25/2003,CNW,TX,ASW,CE,Federal Contract Tower,0,0,0,2,2,0,0,0,0,0,0,0,0,2,2,0,0,0,2
12/26/2003,CNW,TX,ASW,CE,Federal Contract Tower,0,0,0,7,7,0,0,0,1,1,0,0,0,8,8,0,0,0,8
12/27/2003,CNW,TX,ASW,CE,Federal Contract Tower,0,0,0,8,8,0,0,0,0,0,0,0,0,8,8,0,0,0,8
12/28/2003,CNW,TX,ASW,CE,Federal Contract Tower,2,0,0,10,12,0,0,1,0,1,2,0,1,10,13,0,0,0,13
12/29/2003,CNW,TX,ASW,CE,Federal Contract Tower,0,0,1,6,7,0,2,16,0,18,0,2,17,6,25,0,0,0,25
12/30/2003,CNW,TX,ASW,CE,Federal Contract Tower,0,0,3,4,7,0,0,15,0,15,0,0,18,4,22,0,0,0,22
12/31/2003,CNW,TX,ASW,CE,Federal Contract Tower,0,0,5,4,9,0,2,4,1,7,0,2,9,5,16,0,0,0,16
01/01/2004,CNW,TX,ASW,CE,Federal Contract Tower,1,0,0,10,11,0,0,0,8,8,1,0,0,18,19,0,0,0,19
01/02/2004,CNW,TX,ASW,CE,Federal Contract Tower,0,0,0,13,13,0,0,1,0,1,0,0,1,13,14,0,0,0,14
01/03/2004,CNW,TX,ASW,CE,Federal Contract Tower,0,0,1,7,8,0,0,2,17,19,0,0,3,24,27,14,0,14,41
01/04/2004,CNW,TX,ASW,CE,Federal Contract Tower,2,0,4,0,6,0,2,9,0,11,2,2,13,0,17,6,0,6,23
01/05/2004,CNW,TX,ASW,CE,Federal Contract Tower,0,0,8,4,12,0,2,30,3,35,0,2,38,7,47,46,14,60,107
01/06/2004,CNW,TX,ASW,CE,Federal Contract Tower,0,0,11,51,62,0,0,55,1,56,0,0,66,52,118,130,312,442,560
01/07/2004,CNW,TX,ASW,CE,Federal Contract Tower,0,0,7,45,52,0,0,69,0,69,0,0,76,45,121,204,146,350,471
01/08/2004,CNW,TX,ASW,CE,Federal Contract Tower,0,0,4,27,31,0,0,7,7,14,0,0,11,34,45,18,0,18,63
01/09/2004,CNW,TX,ASW,CE,Federal Contract Tower,0,0,12,6,18,0,0,44,15,59,0,0,56,21,77,186,18,204,281
01/10/2004,CNW,TX,ASW,CE,Federal Contract Tower,0,0,4,12,16,2,0,10,0,12,2,0,14,12,28,2,4,6,34
01/11/2004,CNW,TX,ASW,CE,Federal Contract Tower,7,0,3,5,15,0,2,10,0,12,7,2,13,5,27,0,0,0,27
01/12/2004,CNW,TX,ASW,CE,Federal Contract Tower,2,0,3,9,14,0,4,40,22,66,2,4,43,31,80,104,0,104,184
01/13/2004,CNW,TX,ASW,CE,Federal Contract Tower,0,0,6,3,9,0,0,28,2,30,0,0,34,5,39,132,24,156,195
01/14/2004,CNW,TX,ASW,CE,Federal Contract Tower,0,0,8,24,32,0,4,29,0,33,0,4,37,24,65,46,24,70,135
01/15/2004,CNW,TX,ASW,CE,Federal Contract Tower,0,0,3,24,27,0,0,0,0,0,0,0,3,24,27,0,0,0,27
01/16/2004,CNW,TX,ASW,CE,Federal Contract Tower,4,0,0,0,4,0,0,0,0,0,4,0,0,0,4,0,0,0,4
01/17/2004,CNW,TX,ASW,CE,Federal Contract Tower,0,0,4,2,6,0,2,12,2,16,0,2,16,4,22,18,0,18,40
01/18/2004,CNW,TX,ASW,CE,Federal Contract Tower,2,0,0,0,2,0,0,2,0,2,2,0,2,0,4,0,0,0,4
01/19/2004,CNW,TX,ASW,CE,Federal Contract Tower,2,0,9,0,11,0,4,64,2,70,2,4,73,2,81,168,0,168,249
01/20/2004,CNW,TX,ASW,CE,Federal Contract Tower,0,0,6,43,49,0,0,59,4,63,0,0,65,47,112,94,250,344,456
01/21/2004,CNW,TX,ASW,CE,Federal Contract Tower,0,0,6,42,48,0,2,65,1,68,0,2,71,43,116,164,232,396,512
01/22/2004,CNW,TX,ASW,CE,Federal Contract Tower,0,0,6,36,42,0,8,55,3,66,0,8,61,39,108,124,92,216,324
01/23/2004,CNW,TX,ASW,CE,Federal Contract Tower,0,0,17,36,53,0,2,57,9,68,0,2,74,45,121,170,116,286,407
01/24/2004,CNW,TX,ASW,CE,Federal Contract Tower,0,0,4,0,4,0,0,0,0,0,0,0,4,0,4,0,0,0,4
01/25/2004,CNW,TX,ASW,CE,Federal Contract Tower,2,0,7,4,13,0,0,28,0,28,2,0,35,4,41,8,2,10,51
01/26/2004,CNW,TX,ASW,CE,Federal Contract Tower,0,0,1,41,42,0,2,25,3,30,0,2,26,44,72,18,122,140,212
01/27/2004,CNW,TX,ASW,CE,Federal Contract Tower,0,0,5,28,33,0,2,60,6,68,0,2,65,34,101,156,166,322,423
01/28/2004,CNW,TX,ASW,CE,Federal Contract Tower,0,0,14,24,38,0,2,71,0,73,0,2,85,24,111,100,192,292,403
01/29/2004,CNW,TX,ASW,CE,Federal Contract Tower,0,0,19,19,38,0,0,11,0,11,0,0,30,19,49,26,38,64,113
01/30/2004,CNW,TX,ASW,CE,Federal Contract Tower,0,0,14,16,30,0,0,34,1,35,0,0,48,17,65,132,18,150,215
01/31/2004,CNW,TX,ASW,CE,Federal Contract Tower,0,0,3,2,5,0,2,2,0,4,0,2,5,2,9,0,0,0,9
02/01/2004,CNW,TX,ASW,CE,Federal Contract Tower,2,0,2,0,4,0,2,0,0,2,2,2,2,0,6,0,0,0,6
02/02/2004,CNW,TX,ASW,CE,Federal Contract Tower,0,0,8,15,23,0,4,57,0,61,0,4,65,15,84,76,46,122,206
02/03/2004,CNW,TX,ASW,CE,Federal Contract Tower,1,0,3,35,39,0,4,57,1,62,1,4,60,36,101,102,96,198,299
02/04/2004,CNW,TX,ASW,CE,Federal Contract Tower,0,0,5,0,5,0,0,5,0,5,0,0,10,0,10,0,0,0,10
02/05/2004,CNW,TX,ASW,CE,Federal Contract Tower,0,0,14,2,16,0,0,5,0,5,0,0,19,2,21,24,0,24,45
02/06/2004,CNW,TX,ASW,CE,Federal Contract Tower,0,0,5,34,39,0,0,48,0,48,0,0,53,34,87,36,106,142,229
02/07/2004,CNW,TX,ASW,CE,Federal Contract Tower,0,0,9,11,20,0,4,40,9,53,0,4,49,20,73,32,62,94,167
02/08/2004,CNW,TX,ASW,CE,Federal Contract Tower,2,0,5,15,22,0,2,11,0,13,2,2,16,15,35,0,0,0,35
02/09/2004,CNW,TX,ASW,CE,Federal Contract Tower,0,0,30,6,36,0,0,2,0,2,0,0,32,6,38,0,10,10,48
02/10/2004,CNW,TX,ASW,CE,Federal Contract Tower,0,0,3,7,10,0,4,3,0,7,0,4,6,7,17,8,0,8,25
02/11/2004,CNW,TX,ASW,CE,Federal Contract Tower,0,0,0,2,2,0,0,0,0,0,0,0,0,2,2,0,0,0,2
02/12/2004,CNW,TX,ASW,CE,Federal Contract Tower,0,0,7,14,21,0,0,44,2,46,0,0,51,16,67,108,100,208,275
02/13/2004,CNW,TX,ASW,CE,Federal Contract Tower,0,0,3,9,12,0,0,23,5,28,0,0,26,14,40,20,144,164,204
02/14/2004,CNW,TX,ASW,CE,Federal Contract Tower,0,0,0,0,0,0,0,2,0,2,0,0,2,0,2,0,0,0,2
02/15/2004,CNW,TX,ASW,CE,Federal Contract Tower,2,0,13,0,15,0,0,43,1,44,2,0,56,1,59,50,0,50,109
02/16/2004,CNW,TX,ASW,CE,Federal Contract Tower,0,0,11,0,11,0,4,86,0,90,0,4,97,0,101,280,0,280,381
02/17/2004,CNW,TX,ASW,CE,Federal Contract Tower,0,0,9,38,47,0,2,56,0,58,0,2,65,38,105,64,148,212,317
02/18/2004,CNW,TX,ASW,CE,Federal Contract Tower,0,0,9,8,17,0,0,74,9,83,0,0,83,17,100,146,48,194,294
02/19/2004,CNW,TX,ASW,CE,Federal Contract Tower,0,0,4,31,35,0,2,4,0,6,0,2,8,31,41,0,30,30,71
02/20/2004,CNW,TX,ASW,CE,Federal Contract Tower,0,0,2,3,5,0,4,72,0,76,0,4,74,3,81,142,36,178,259
02/21/2004,CNW,TX,ASW,CE,Federal Contract Tower,0,0,7,0,7,0,0,36,0,36,0,0,43,0,43,24,0,24,67
02/22/2004,CNW,TX,ASW,CE,Federal Contract Tower,2,0,6,2,10,0,2,14,0,16,2,2,20,2,26,20,0,20,46
02/23/2004,CNW,TX,ASW,CE,Federal Contract Tower,0,0,8,0,8,0,4,8,0,12,0,4,16,0,20,98,0,98,118
02/24/2004,CNW,TX,ASW,CE,Federal Contract Tower,0,0,2,0,2,0,0,0,0,0,0,0,2,0,2,0,0,0,2
02/25/2004,CNW,TX,ASW,CE,Federal Contract Tower,0,0,2,0,2,0,0,6,0,6,0,0,8,0,8,30,0,30,38
02/26/2004,CNW,TX,ASW,CE,Federal Contract Tower,0,0,2,18,20,0,0,70,0,70,0,0,72,18,90,98,132,230,320
02/27/2004,CNW,TX,ASW,CE,Federal Contract Tower,0,0,3,36,39,0,5,89,2,96,0,5,92,38,135,322,102,424,559
02/28/2004,CNW,TX,ASW,CE,Federal Contract Tower,0,0,14,0,14,0,0,13,0,13,0,0,27,0,27,14,0,14,41
02/29/2004,CNW,TX,ASW,CE,Federal Contract Tower,2,0,15,0,17,0,0,11,0,11,2,0,26,0,28,18,0,18,46
03/01/2004,CNW,TX,ASW,CE,Federal Contract Tower,0,0,5,21,26,0,4,69,4,77,0,4,74,25,103,132,112,244,347
03/02/2004,CNW,TX,ASW,CE,Federal Contract Tower,0,0,2,12,14,0,4,15,5,24,0,4,17,17,38,70,64,134,172
03/03/2004,CNW,TX,ASW,CE,Federal Contract Tower,0,0,4,9,13,0,0,11,10,21,0,0,15,19,34,28,14,42,76
03/04/2004,CNW,TX,ASW,CE,Federal Contract Tower,0,0,0,4,4,0,0,1,4,5,0,0,1,8,9,14,0,14,23
03/05/2004,CNW,TX,ASW,CE,Federal Contract Tower,0,0,6,10,16,0,2,39,4,45,0,2,45,14,61,0,12,12,73
03/06/2004,CNW,TX,ASW,CE,Federal Contract Tower,0,0,2,3,5,0,4,26,0,30,0,4,28,3,35,0,0,0,35
03/07/2004,CNW,TX,ASW,CE,Federal Contract Tower,2,0,2,4,8,0,0,4,0,4,2,0,6,4,12,0,8,8,20
03/08/2004,CNW,TX,ASW,CE,Federal Contract Tower,0,0,16,6,22,0,0,49,31,80,0,0,65,37,102,160,40,200,302
03/09/2004,CNW,TX,ASW,CE,Federal Contract Tower,0,0,5,19,24,0,6,54,0,60,0,6,59,19,84,78,138,216,300
03/10/2004,CNW,TX,ASW,CE,Federal Contract Tower,0,0,14,15,29,0,4,80,0,84,0,4,94,15,113,96,140,236,349
03/11/2004,CNW,TX,ASW,CE,Federal Contract Tower,0,0,11,27,38,0,2,37,0,39,0,2,48,27,77,86,136,222,299
03/12/2004,CNW,TX,ASW,CE,Federal Contract Tower,0,0,5,4,9,0,1,39,0,40,0,1,44,4,49,108,10,118,167
03/13/2004,CNW,TX,ASW,CE,Federal Contract Tower,0,0,3,10,13,0,0,9,2,11,0,0,12,12,24,0,10,10,34
03/14/2004,CNW,TX,ASW,CE,Federal Contract Tower,2,0,7,0,9,0,4,8,0,12,2,4,15,0,21,0,0,0,21
03/15/2004,CNW,TX,ASW,CE,Federal Contract Tower,1,0,5,28,34,0,4,32,1,37,1,4,37,29,71,22,38,60,131
03/16/2004,CNW,TX,ASW,CE,Federal Contract Tower,0,0,2,20,22,0,6,69,0,75,0,6,71,20,97,94,52,146,243
03/17/2004,CNW,TX,ASW,CE,Federal Contract Tower,0,0,5,7,12,0,2,38,1,41,0,2,43,8,53,36,22,58,111
03/18/2004,CNW,TX,ASW,CE,Federal Contract Tower,0,0,4,12,16,0,2,50,2,54,0,2,54,14,70,94,48,142,212
03/19/2004,CNW,TX,ASW,CE,Federal Contract Tower,0,0,2,2,4,0,0,21,0,21,0,0,23,2,25,18,0,18,43
03/20/2004,CNW,TX,ASW,CE,Federal Contract Tower,0,0,0,4,4,0,4,16,0,20,0,4,16,4,24,6,14,20,44
03/21/2004,CNW,TX,ASW,CE,Federal Contract Tower,2,0,2,1,5,0,8,26,0,34,2,8,28,1,39,48,0,48,87
03/22/2004,CNW,TX,ASW,CE,Federal Contract Tower,0,0,1,35,36,0,6,79,2,87,0,6,80,37,123,186,138,324,447
03/23/2004,CNW,TX,ASW,CE,Federal Contract Tower,0,0,1,29,30,0,4,39,0,43,0,4,40,29,73,74,216,290,363
03/24/2004,CNW,TX,ASW,CE,Federal Contract Tower,0,0,7,15,22,0,0,23,3,26,0,0,30,18,48,90,0,90,138
03/25/2004,CNW,TX,ASW,CE,Federal Contract Tower,0,0,7,5,12,0,0,20,3,23,0,0,27,8,35,46,0,46,81
03/26/2004,CNW,TX,ASW,CE,Federal Contract Tower,0,0,11,9,20,0,2,28,8,38,0,2,39,17,58,84,0,84,142
03/27/2004,CNW,TX,ASW,CE,Federal Contract Tower,0,0,2,0,2,0,0,1,0,1,0,0,3,0,3,0,0,0,3
03/28/2004,CNW,TX,ASW,CE,Federal Contract Tower,2,0,7,1,10,0,0,6,1,7,2,0,13,2,17,0,0,0,17
03/29/2004,CNW,TX,ASW,CE,Federal Contract Tower,0,0,11,14,25,0,0,85,18,103,0,0,96,32,128,198,48,246,374
03/30/2004,CNW,TX,ASW,CE,Federal Contract Tower,0,0,8,25,33,0,0,70,0,70,0,0,78,25,103,218,160,378,481
03/31/2004,CNW,TX,ASW,CE,Federal Contract Tower,0,0,6,22,28,0,2,90,0,92,0,2,96,22,120,136,146,282,402
04/01/2004,CNW,TX,ASW,CE,Federal Contract Tower,0,0,4,16,20,0,0,68,0,68,0,0,72,16,88,148,50,198,286
04/02/2004,CNW,TX,ASW,CE,Federal Contract Tower,0,0,7,12,19,0,0,37,0,37,0,0,44,12,56,158,100,258,314
04/03/2004,CNW,TX,ASW,CE,Federal Contract Tower,0,0,2,2,4,0,0,22,15,37,0,0,24,17,41,52,8,60,101
04/04/2004,CNW,TX,ASW,CE,Federal Contract Tower,2,0,4,5,11,0,0,22,5,27,2,0,26,10,38,22,0,22,60
04/05/2004,CNW,TX,ASW,CE,Federal Contract Tower,0,0,14,4,18,0,2,70,8,80,0,2,84,12,98,170,28,198,296
04/06/2004,CNW,TX,ASW,CE,Federal Contract Tower,0,0,0,9,9,0,2,9,31,42,0,2,9,40,51,0,60,60,111
04/07/2004,CNW,TX,ASW,CE,Federal Contract Tower,0,0,15,29,44,0,0,29,2,31,0,0,44,31,75,0,32,32,107
04/08/2004,CNW,TX,ASW,CE,Federal Contract Tower,0,0,3,4,7,0,2,47,0,49,0,2,50,4,56,0,0,0,56
04/09/2004,CNW,TX,ASW,CE,Federal Contract Tower,0,0,5,4,9,0,2,33,11,46,0,2,38,15,55,0,32,32,87
04/10/2004,CNW,TX,ASW,CE,Federal Contract Tower,0,0,2,1,3,0,0,3,0,3,0,0,5,1,6,0,0,0,6
04/11/2004,CNW,TX,ASW,CE,Federal Contract Tower,2,0,0,1,3,0,0,0,14,14,2,0,0,15,17,0,0,0,17
04/12/2004,CNW,TX,ASW,CE,Federal Contract Tower,2,0,4,12,18,0,2,8,33,43,2,2,12,45,61,6,56,62,123
04/13/2004,CNW,TX,ASW,CE,Federal Contract Tower,0,0,5,18,23,0,0,50,6,56,0,0,55,24,79,134,140,274,353
04/14/2004,CNW,TX,ASW,CE,Federal Contract Tower,0,0,17,10,27,0,4,95,2,101,0,4,112,12,128,182,80,262,390
04/15/2004,CNW,TX,ASW,CE,Federal Contract Tower,0,0,9,41,50,0,0,77,0,77,0,0,86,41,127,174,256,430,557
04/16/2004,CNW,TX,ASW,CE,Federal Contract Tower,0,0,19,35,54,0,2,51,2,55,0,2,70,37,109,78,86,164,273
04/17/2004,CNW,TX,ASW,CE,Federal Contract Tower,0,0,8,0,8,0,0,17,0,17,0,0,25,0,25,4,0,4,29
04/18/2004,CNW,TX,ASW,CE,Federal Contract Tower,2,0,1,8,11,0,2,7,0,9,2,2,8,8,20,10,40,50,70
04/19/2004,CNW,TX,ASW,CE,Federal Contract Tower,0,0,9,17,26,0,0,45,0,45,0,0,54,17,71,116,14,130,201
04/20/2004,CNW,TX,ASW,CE,Federal Contract Tower,0,0,11,16,27,0,2,38,0,40,0,2,49,16,67,184,162,346,413
04/21/2004,CNW,TX,ASW,CE,Federal Contract Tower,0,0,27,22,49,0,0,71,3,74,0,0,98,25,123,228,82,310,433
04/22/2004,CNW,TX,ASW,CE,Federal Contract Tower,0,0,15,21,36,0,0,30,0,30,0,0,45,21,66,94,60,154,220
04/23/2004,CNW,TX,ASW,CE,Federal Contract Tower,0,0,16,11,27,0,4,50,0,54,0,4,66,11,81,302,20,322,403
04/24/2004,CNW,TX,ASW,CE,Federal Contract Tower,0,0,0,0,0,0,0,0,0,0,0,0,0,0,0,0,0,0,0
04/25/2004,CNW,TX,ASW,CE,Federal Contract Tower,2,0,6,0,8,0,2,3,0,5,2,2,9,0,13,0,0,0,13
04/26/2004,CNW,TX,ASW,CE,Federal Contract Tower,0,1,21,16,38,0,0,68,3,71,0,1,89,19,109,224,134,358,467
04/27/2004,CNW,TX,ASW,CE,Federal Contract Tower,1,0,13,28,42,0,2,74,4,80,1,2,87,32,122,92,132,224,346
04/28/2004,CNW,TX,ASW,CE,Federal Contract Tower,0,0,30,18,48,0,2,77,7,86,0,2,107,25,134,214,96,310,444
04/29/2004,CNW,TX,ASW,CE,Federal Contract Tower,0,0,11,28,39,0,0,59,0,59,0,0,70,28,98,172,82,254,352
04/30/2004,CNW,TX,ASW,CE,Federal Contract Tower,0,0,20,14,34,0,0,40,0,40,0,0,60,14,74,174,22,196,270
05/01/2004,CNW,TX,ASW,CE,Federal Contract Tower,0,0,0,8,8,0,2,5,0,7,0,2,5,8,15,58,0,58,73
05/02/2004,CNW,TX,ASW,CE,Federal Contract Tower,2,0,8,2,12,0,2,19,0,21,2,2,27,2,33,32,0,32,65
05/03/2004,CNW,TX,ASW,CE,Federal Contract Tower,0,0,8,25,33,0,2,79,1,82,0,2,87,26,115,82,140,222,337
05/04/2004,CNW,TX,ASW,CE,Federal Contract Tower,0,0,7,26,33,0,4,41,3,48,0,4,48,29,81,66,104,170,251
05/05/2004,CNW,TX,ASW,CE,Federal Contract Tower,0,0,8,18,26,0,0,62,0,62,0,0,70,18,88,114,74,188,276
05/06/2004,CNW,TX,ASW,CE,Federal Contract Tower,0,0,6,38,44,0,4,53,1,58,0,4,59,39,102,48,85,133,235
05/07/2004,CNW,TX,ASW,CE,Federal Contract Tower,0,0,19,13,32,0,3,36,3,42,0,3,55,16,74,22,80,102,176
05/08/2004,CNW,TX,ASW,CE,Federal Contract Tower,0,0,10,0,10,0,0,22,0,22,0,0,32,0,32,0,0,0,32
05/09/2004,CNW,TX,ASW,CE,Federal Contract Tower,2,0,4,8,14,0,2,3,0,5,2,2,7,8,19,0,22,22,41
05/10/2004,CNW,TX,ASW,CE,Federal Contract Tower,0,2,21,18,41,0,8,26,3,37,0,10,47,21,78,60,34,94,172
05/11/2004,CNW,TX,ASW,CE,Federal Contract Tower,0,0,8,0,8,0,0,7,0,7,0,0,15,0,15,14,0,14,29
05/12/2004,CNW,TX,ASW,CE,Federal Contract Tower,0,0,12,12,24,0,4,29,0,33,0,4,41,12,57,42,22,64,121
05/13/2004,CNW,TX,ASW,CE,Federal Contract Tower,0,0,2,0,2,0,0,7,0,7,0,0,9,0,9,12,0,12,21
05/14/2004,CNW,TX,ASW,CE,Federal Contract Tower,0,0,4,10,14,0,8,23,0,31,0,8,27,10,45,86,0,86,131
05/15/2004,CNW,TX,ASW,CE,Federal Contract Tower,0,0,10,0,10,0,0,20,2,22,0,0,30,2,32,22,8,30,62
05/16/2004,CNW,TX,ASW,CE,Federal Contract Tower,2,0,7,4,13,0,2,12,0,14,2,2,19,4,27,22,22,44,71
05/17/2004,CNW,TX,ASW,CE,Federal Contract Tower,0,0,15,32,47,0,2,53,0,55,0,2,68,32,102,158,162,320,422
05/18/2004,CNW,TX,ASW,CE,Federal Contract Tower,0,0,12,43,55,0,0,71,3,74,0,0,83,46,129,144,82,226,355
05/19/2004,CNW,TX,ASW,CE,Federal Contract Tower,0,0,15,22,37,0,8,76,15,99,0,8,91,37,136,192,54,246,382
05/20/2004,CNW,TX,ASW,CE,Federal Contract Tower,0,0,18,20,38,0,0,50,5,55,0,0,68,25,93,156,102,258,351
05/21/2004,CNW,TX,ASW,CE,Federal Contract Tower,0,0,6,18,24,0,0,20,16,36,0,0,26,34,60,0,10,10,70
05/22/2004,CNW,TX,ASW,CE,Federal Contract Tower,0,0,2,3,5,0,2,15,9,26,0,2,17,12,31,0,0,0,31
05/23/2004,CNW,TX,ASW,CE,Federal Contract Tower,2,0,3,9,14,0,4,4,13,21,2,4,7,22,35,0,10,10,45
05/24/2004,CNW,TX,ASW,CE,Federal Contract Tower,0,0,23,53,76,0,0,38,9,47,0,0,61,62,123,144,126,270,393
05/25/2004,CNW,TX,ASW,CE,Federal Contract Tower,0,0,28,6,34,0,6,83,7,96,0,6,111,13,130,194,6,200,330
05/26/2004,CNW,TX,ASW,CE,Federal Contract Tower,0,0,21,22,43,0,6,54,4,64,0,6,75,26,107,130,64,194,301
05/27/2004,CNW,TX,ASW,CE,Federal Contract Tower,0,0,17,47,64,0,5,58,4,67,0,5,75,51,131,82,242,324,455
05/28/2004,CNW,TX,ASW,CE,Federal Contract Tower,0,0,9,16,25,0,2,51,3,56,0,2,60,19,81,90,100,190,271
05/29/2004,CNW,TX,ASW,CE,Federal Contract Tower,0,0,2,0,2,0,11,13,0,24,0,11,15,0,26,34,0,34,60
05/30/2004,CNW,TX,ASW,CE,Federal Contract Tower,2,0,0,0,2,0,6,7,0,13,2,6,7,0,15,4,0,4,19
05/31/2004,CNW,TX,ASW,CE,Federal Contract Tower,0,0,3,0,3,0,2,13,0,15,0,2,16,0,18,2,0,2,20
06/01/2004,CNW,TX,ASW,CE,Federal Contract Tower,0,0,15,16,31,0,2,52,10,64,0,2,67,26,95,36,64,100,195
06/02/2004,CNW,TX,ASW,CE,Federal Contract Tower,0,0,26,25,51,0,6,31,16,53,0,6,57,41,104,112,174,286,390
06/03/2004,CNW,TX,ASW,CE,Federal Contract Tower,0,0,12,12,24,0,0,51,0,51,0,0,63,12,75,117,6,123,198
06/04/2004,CNW,TX,ASW,CE,Federal Contract Tower,0,0,22,21,43,0,4,37,17,58,0,4,59,38,101,80,66,146,247
06/05/2004,CNW,TX,ASW,CE,Federal Contract Tower,0,0,1,0,1,0,2,73,0,75,0,2,74,0,76,98,0,98,174
06/06/2004,CNW,TX,ASW,CE,Federal Contract Tower,1,0,7,8,16,1,4,103,0,108,2,4,110,8,124,98,0,98,222
06/07/2004,CNW,TX,ASW,CE,Federal Contract Tower,0,0,9,11,20,0,2,113,1,116,0,2,122,12,136,272,50,322,458
06/08/2004,CNW,TX,ASW,CE,Federal Contract Tower,0,0,1,3,4,0,2,21,0,23,0,2,22,3,27,120,0,120,147
06/09/2004,CNW,TX,ASW,CE,Federal Contract Tower,0,0,5,6,11,0,0,76,4,80,0,0,81,10,91,534,42,576,667
06/10/2004,CNW,TX,ASW,CE,Federal Contract Tower,0,0,18,20,38,0,0,193,4,197,0,0,211,24,235,998,48,1046,1281
06/11/2004,CNW,TX,ASW,CE,Federal Contract Tower,0,1,2,4,7,0,7,74,12,93,0,8,76,16,100,286,0,286,386
06/12/2004,CNW,TX,ASW,CE,Federal Contract Tower,0,1,5,6,12,0,9,25,19,53,0,10,30,25,65,0,0,0,65
06/13/2004,CNW,TX,ASW,CE,Federal Contract Tower,0,0,10,10,20,2,4,10,22,38,2,4,20,32,58,30,22,52,110
06/14/2004,CNW,TX,ASW,CE,Federal Contract Tower,0,0,29,29,58,0,2,53,8,63,0,2,82,37,121,136,88,224,345
06/15/2004,CNW,TX,ASW,CE,Federal Contract Tower,0,0,8,6,14,0,0,46,0,46,0,0,54,6,60,124,20,144,204
06/16/2004,CNW,TX,ASW,CE,Federal Contract Tower,0,0,23,23,46,0,6,39,2,47,0,6,62,25,93,104,12,116,209
06/17/2004,CNW,TX,ASW,CE,Federal Contract Tower,0,0,23,18,41,0,6,66,0,72,0,6,89,18,113,94,100,194,307
06/18/2004,CNW,TX,ASW,CE,Federal Contract Tower,0,0,9,10,19,0,4,38,0,42,0,4,47,10,61,70,32,102,163
06/19/2004,CNW,TX,ASW,CE,Federal Contract Tower,0,0,3,0,3,0,2,39,0,41,0,2,42,0,44,40,0,40,84
06/20/2004,CNW,TX,ASW,CE,Federal Contract Tower,0,0,4,0,4,2,0,18,0,20,2,0,22,0,24,12,0,12,36
06/21/2004,CNW,TX,ASW,CE,Federal Contract Tower,0,0,14,15,29,0,2,49,4,55,0,2,63,19,84,98,28,126,210
06/22/2004,CNW,TX,ASW,CE,Federal Contract Tower,0,0,8,2,10,0,0,26,0,26,0,0,34,2,36,66,0,66,102
06/23/2004,CNW,TX,ASW,CE,Federal Contract Tower,0,0,14,15,29,0,2,44,0,46,0,2,58,15,75,112,52,164,239
06/24/2004,CNW,TX,ASW,CE,Federal Contract Tower,0,0,7,2,9,0,0,47,0,47,0,0,54,2,56,60,30,90,146
06/25/2004,CNW,TX,ASW,CE,Federal Contract Tower,0,0,13,15,28,0,4,13,6,23,0,4,26,21,51,96,30,126,177
06/26/2004,CNW,TX,ASW,CE,Federal Contract Tower,0,0,0,0,0,0,2,1,0,3,0,2,1,0,3,0,0,0,3
06/27/2004,CNW,TX,ASW,CE,Federal Contract Tower,0,0,8,2,10,2,6,14,0,22,2,6,22,2,32,32,0,32,64
06/28/2004,CNW,TX,ASW,CE,Federal Contract Tower,0,0,9,8,17,0,2,11,0,13,0,2,20,8,30,42,0,42,72
06/29/2004,CNW,TX,ASW,CE,Federal Contract Tower,0,0,6,6,12,0,1,7,0,8,0,1,13,6,20,20,0,20,40
06/30/2004,CNW,TX,ASW,CE,Federal Contract Tower,0,0,0,0,0,0,0,0,0,0,0,0,0,0,0,0,0,0,0
07/01/2004,CNW,TX,ASW,CE,Federal Contract Tower,0,0,8,11,19,0,2,65,0,67,0,2,73,11,86,180,60,240,326
07/02/2004,CNW,TX,ASW,CE,Federal Contract Tower,0,0,8,2,10,0,2,83,0,85,0,2,91,2,95,68,0,68,163
07/03/2004,CNW,TX,ASW,CE,Federal Contract Tower,0,0,0,0,0,0,8,28,0,36,0,8,28,0,36,56,0,56,92
07/04/2004,CNW,TX,ASW,CE,Federal Contract Tower,1,0,0,0,1,1,8,14,0,23,2,8,14,0,24,8,0,8,32
07/05/2004,CNW,TX,ASW,CE,Federal Contract Tower,0,0,2,0,2,0,2,31,0,33,0,2,33,0,35,22,0,22,57
07/06/2004,CNW,TX,ASW,CE,Federal Contract Tower,0,0,16,29,45,0,12,80,0,92,0,12,96,29,137,382,78,460,597
07/07/2004,CNW,TX,ASW,CE,Federal Contract Tower,0,0,11,20,31,0,6,51,0,57,0,6,62,20,88,74,54,128,216
07/08/2004,CNW,TX,ASW,CE,Federal Contract Tower,0,0,11,18,29,0,6,66,0,72,0,6,77,18,101,212,74,286,387
07/09/2004,CNW,TX,ASW,CE,Federal Contract Tower,0,0,18,34,52,0,6,34,12,52,0,6,52,46,104,64,164,228,332
07/10/2004,CNW,TX,ASW,CE,Federal Contract Tower,0,0,16,29,45,0,8,31,17,56,0,8,47,46,101,74,32,106,207
07/11/2004,CNW,TX,ASW,CE,Federal Contract Tower,0,0,2,0,2,2,0,31,0,33,2,0,33,0,35,64,0,64,99
07/12/2004,CNW,TX,ASW,CE,Federal Contract Tower,0,1,10,17,28,0,2,63,0,65,0,3,73,17,93,200,50,250,343
07/13/2004,CNW,TX,ASW,CE,Federal Contract Tower,0,0,12,20,32,0,2,51,3,56,0,2,63,23,88,118,122,240,328
07/14/2004,CNW,TX,ASW,CE,Federal Contract Tower,0,0,5,7,12,0,0,43,0,43,0,0,48,7,55,112,106,218,273
07/15/2004,CNW,TX,ASW,CE,Federal Contract Tower,0,0,12,21,33,0,4,79,2,85,0,4,91,23,118,194,166,360,478
07/16/2004,CNW,TX,ASW,CE,Federal Contract Tower,0,0,7,10,17,0,6,54,0,60,0,6,61,10,77,66,28,94,171
07/17/2004,CNW,TX,ASW,CE,Federal Contract Tower,0,0,8,15,23,0,0,13,7,20,0,0,21,22,43,6,38,44,87
07/18/2004,CNW,TX,ASW,CE,Federal Contract Tower,0,0,2,2,4,2,2,14,0,18,2,2,16,2,22,6,0,6,28
07/19/2004,CNW,TX,ASW,CE,Federal Contract Tower,0,0,11,23,34,0,10,51,10,71,0,10,62,33,105,156,78,234,339
07/20/2004,CNW,TX,ASW,CE,Federal Contract Tower,0,0,9,17,26,0,6,48,5,59,0,6,57,22,85,128,100,228,313
07/21/2004,CNW,TX,ASW,CE,Federal Contract Tower,0,0,15,30,45,0,4,34,6,44,0,4,49,36,89,100,76,176,265
07/22/2004,CNW,TX,ASW,CE,Federal Contract Tower,0,0,22,42,64,0,4,17,14,35,0,4,39,56,99,86,140,226,325
07/23/2004,CNW,TX,ASW,CE,Federal Contract Tower,0,0,15,29,44,0,2,13,14,29,0,2,28,43,73,66,40,106,179
07/24/2004,CNW,TX,ASW,CE,Federal Contract Tower,0,0,0,0,0,0,4,12,0,16,0,4,12,0,16,0,0,0,16
07/25/2004,CNW,TX,ASW,CE,Federal Contract Tower,0,0,1,0,1,4,0,7,0,11,4,0,8,0,12,0,0,0,12
07/26/2004,CNW,TX,ASW,CE,Federal Contract Tower,0,0,4,6,10,0,2,32,0,34,0,2,36,6,44,0,18,18,62
07/27/2004,CNW,TX,ASW,CE,Federal Contract Tower,0,0,10,19,29,0,5,41,0,46,0,5,51,19,75,0,88,88,163
07/28/2004,CNW,TX,ASW,CE,Federal Contract Tower,0,0,6,13,19,0,0,13,2,15,0,0,19,15,34,0,0,0,34
07/29/2004,CNW,TX,ASW,CE,Federal Contract Tower,0,0,2,5,7,0,0,15,12,27,0,0,17,17,34,42,4,46,80
07/30/2004,CNW,TX,ASW,CE,Federal Contract Tower,0,0,10,21,31,0,0,36,4,40,0,0,46,25,71,92,94,186,257
07/31/2004,CNW,TX,ASW,CE,Federal Contract Tower,0,0,2,6,8,0,2,14,2,18,0,2,16,8,26,6,56,62,88
08/01/2004,CNW,TX,ASW,CE,Federal Contract Tower,1,0,1,4,6,1,8,6,6,21,2,8,7,10,27,12,0,12,39
08/02/2004,CNW,TX,ASW,CE,Federal Contract Tower,0,0,18,20,38,0,6,63,9,78,0,6,81,29,116,160,104,264,380
08/03/2004,CNW,TX,ASW,CE,Federal Contract Tower,0,0,10,8,18,0,0,38,24,62,0,0,48,32,80,44,86,130,210
08/04/2004,CNW,TX,ASW,CE,Federal Contract Tower,0,0,10,10,20,0,6,27,20,53,0,6,37,30,73,36,46,82,155
08/05/2004,CNW,TX,ASW,CE,Federal Contract Tower,0,0,11,11,22,0,2,50,0,52,0,2,61,11,74,86,22,108,182
08/06/2004,CNW,TX,ASW,CE,Federal Contract Tower,0,0,15,12,27,0,2,39,0,41,0,2,54,12,68,66,30,96,164
08/07/2004,CNW,TX,ASW,CE,Federal Contract Tower,0,0,2,2,4,0,0,13,0,13,0,0,15,2,17,14,0,14,31
08/08/2004,CNW,TX,ASW,CE,Federal Contract Tower,1,0,1,1,3,1,4,7,2,14,2,4,8,3,17,24,0,24,41
08/09/2004,CNW,TX,ASW,CE,Federal Contract Tower,0,0,4,3,7,0,2,47,0,49,0,2,51,3,56,133,12,145,201
08/10/2004,CNW,TX,ASW,CE,Federal Contract Tower,0,0,10,11,21,0,0,65,12,77,0,0,75,23,98,120,0,120,218
08/11/2004,CNW,TX,ASW,CE,Federal Contract Tower,0,1,8,8,17,0,1,36,13,50,0,2,44,21,67,56,6,62,129
08/12/2004,CNW,TX,ASW,CE,Federal Contract Tower,0,0,16,10,26,0,0,66,0,66,0,0,82,10,92,126,30,156,248
08/13/2004,CNW,TX,ASW,CE,Federal Contract Tower,0,1,17,18,36,0,9,46,13,68,0,10,63,31,104,102,94,196,300
08/14/2004,CNW,TX,ASW,CE,Federal Contract Tower,0,0,1,0,1,0,0,22,0,22,0,0,23,0,23,38,0,38,61
08/15/2004,CNW,TX,ASW,CE,Federal Contract Tower,0,1,5,0,6,2,1,20,0,23,2,2,25,0,29,0,0,0,29
08/16/2004,CNW,TX,ASW,CE,Federal Contract Tower,0,0,14,14,28,0,0,59,34,93,0,0,73,48,121,132,32,164,285
08/17/2004,CNW,TX,ASW,CE,Federal Contract Tower,0,1,12,13,26,0,3,81,3,87,0,4,93,16,113,180,78,258,371
08/18/2004,CNW,TX,ASW,CE,Federal Contract Tower,0,0,13,15,28,0,2,68,14,84,0,2,81,29,112,90,22,112,224
08/19/2004,CNW,TX,ASW,CE,Federal Contract Tower,0,0,1,1,2,0,0,4,0,4,0,0,5,1,6,0,0,0,6
08/20/2004,CNW,TX,ASW,CE,Federal Contract Tower,0,0,1,0,1,0,0,9,0,9,0,0,10,0,10,0,0,0,10
08/21/2004,CNW,TX,ASW,CE,Federal Contract Tower,0,0,4,5,9,0,2,0,0,2,0,2,4,5,11,0,0,0,11
08/22/2004,CNW,TX,ASW,CE,Federal Contract Tower,0,0,2,3,5,2,0,5,12,19,2,0,7,15,24,0,0,0,24
08/23/2004,CNW,TX,ASW,CE,Federal Contract Tower,0,0,7,9,16,0,2,17,24,43,0,2,24,33,59,0,0,0,59
08/24/2004,CNW,TX,ASW,CE,Federal Contract Tower,0,0,23,26,49,0,1,29,15,45,0,1,52,41,94,0,56,56,150
08/25/2004,CNW,TX,ASW,CE,Federal Contract Tower,0,0,14,15,29,0,2,11,7,20,0,2,25,22,49,0,48,48,97
08/26/2004,CNW,TX,ASW,CE,Federal Contract Tower,0,0,14,16,30,0,2,30,15,47,0,2,44,31,77,54,76,130,207
08/27/2004,CNW,TX,ASW,CE,Federal Contract Tower,0,0,18,20,38,0,0,47,0,47,0,0,65,20,85,116,14,130,215
08/28/2004,CNW,TX,ASW,CE,Federal Contract Tower,0,0,3,0,3,0,2,14,0,16,0,2,17,0,19,16,0,16,35
08/29/2004,CNW,TX,ASW,CE,Federal Contract Tower,0,0,6,0,6,2,8,15,0,25,2,8,21,0,31,4,0,4,35
08/30/2004,CNW,TX,ASW,CE,Federal Contract Tower,0,0,9,8,17,0,8,42,0,50,0,8,51,8,67,50,8,58,125
08/31/2004,CNW,TX,ASW,CE,Federal Contract Tower,0,0,12,12,24,0,2,51,0,53,0,2,63,12,77,116,20,136,213
09/01/2004,CNW,TX,ASW,CE,Federal Contract Tower,0,0,5,2,7,0,6,39,0,45,0,6,44,2,52,74,0,74,126
09/02/2004,CNW,TX,ASW,CE,Federal Contract Tower,0,0,14,15,29,0,4,18,7,29,0,4,32,22,58,46,74,120,178
09/03/2004,CNW,TX,ASW,CE,Federal Contract Tower,0,0,1,0,1,0,3,14,0,17,0,3,15,0,18,14,0,14,32
09/04/2004,CNW,TX,ASW,CE,Federal Contract Tower,0,0,1,0,1,0,3,14,0,17,0,3,15,0,18,14,0,14,32
09/05/2004,CNW,TX,ASW,CE,Federal Contract Tower,1,0,1,0,2,1,2,3,0,6,2,2,4,0,8,0,0,0,8
09/06/2004,CNW,TX,ASW,CE,Federal Contract Tower,0,0,1,0,1,0,2,21,0,23,0,2,22,0,24,78,0,78,102
09/07/2004,CNW,TX,ASW,CE,Federal Contract Tower,0,0,9,0,9,0,2,67,0,69,0,2,76,0,78,100,0,100,178
09/08/2004,CNW,TX,ASW,CE,Federal Contract Tower,0,0,4,6,10,0,10,55,2,67,0,10,59,8,77,124,30,154,231
09/09/2004,CNW,TX,ASW,CE,Federal Contract Tower,0,0,3,4,7,0,0,58,1,59,0,0,61,5,66,150,30,180,246
09/10/2004,CNW,TX,ASW,CE,Federal Contract Tower,0,1,11,9,21,1,3,60,3,67,1,4,71,12,88,92,0,92,180
09/11/2004,CNW,TX,ASW,CE,Federal Contract Tower,0,1,4,4,9,0,3,49,2,54,0,4,53,6,63,22,8,30,93
09/12/2004,CNW,TX,ASW,CE,Federal Contract Tower,0,0,5,4,9,2,0,19,9,30,2,0,24,13,39,16,16,32,71
09/13/2004,CNW,TX,ASW,CE,Federal Contract Tower,0,1,4,1,6,0,3,30,7,40,0,4,34,8,46,18,20,38,84
09/14/2004,CNW,TX,ASW,CE,Federal Contract Tower,0,0,11,0,11,0,4,28,0,32,0,4,39,0,43,64,8,72,115
09/15/2004,CNW,TX,ASW,CE,Federal Contract Tower,0,0,12,10,22,0,2,10,3,15,0,2,22,13,37,94,0,94,131
09/16/2004,CNW,TX,ASW,CE,Federal Contract Tower,0,0,13,4,17,0,4,71,0,75,0,4,84,4,92,132,34,166,258
09/17/2004,CNW,TX,ASW,CE,Federal Contract Tower,0,0,18,15,33,0,2,54,12,68,0,2,72,27,101,58,82,140,241
09/18/2004,CNW,TX,ASW,CE,Federal Contract Tower,0,0,3,1,4,0,2,13,0,15,0,2,16,1,19,52,0,52,71
09/19/2004,CNW,TX,ASW,CE,Federal Contract Tower,0,0,5,0,5,2,2,6,0,10,2,2,11,0,15,10,0,10,25
09/20/2004,CNW,TX,ASW,CE,Federal Contract Tower,0,0,12,5,17,0,2,76,0,78,0,2,88,5,95,98,10,108,203
09/21/2004,CNW,TX,ASW,CE,Federal Contract Tower,0,0,5,2,7,0,6,49,0,55,0,6,54,2,62,88,6,94,156
09/22/2004,CNW,TX,ASW,CE,Federal Contract Tower,0,0,6,0,6,0,4,66,0,70,0,4,72,0,76,190,0,190,266
09/23/2004,CNW,TX,ASW,CE,Federal Contract Tower,0,0,19,15,34,0,4,45,23,72,0,4,64,38,106,148,40,188,294
09/24/2004,CNW,TX,ASW,CE,Federal Contract Tower,0,0,8,7,15,0,2,41,12,55,0,2,49,19,70,42,26,68,138
09/25/2004,CNW,TX,ASW,CE,Federal Contract Tower,0,0,3,1,4,0,2,3,3,8,0,2,6,4,12,0,22,22,34
09/26/2004,CNW,TX,ASW,CE,Federal Contract Tower,0,0,4,2,6,2,2,15,1,20,2,2,19,3,26,0,0,0,26
09/27/2004,CNW,TX,ASW,CE,Federal Contract Tower,0,0,6,4,10,0,2,38,30,70,0,2,44,34,80,50,14,64,144
09/28/2004,CNW,TX,ASW,CE,Federal Contract Tower,0,0,10,8,18,0,2,26,13,41,0,2,36,21,59,0,40,40,99
09/29/2004,CNW,TX,ASW,CE,Federal Contract Tower,0,0,10,8,18,0,0,52,5,57,0,0,62,13,75,78,6,84,159
09/30/2004,CNW,TX,ASW,CE,Federal Contract Tower,0,0,6,2,8,0,4,65,0,69,0,4,71,2,77,86,0,86,163
10/01/2004,CNW,TX,ASW,CE,Federal Contract Tower,0,0,4,4,8,0,12,70,1,83,0,12,74,5,91,222,40,262,353
10/02/2004,CNW,TX,ASW,CE,Federal Contract Tower,0,0,1,0,1,0,4,8,1,13,0,4,9,1,14,12,0,12,26
10/03/2004,CNW,TX,ASW,CE,Federal Contract Tower,2,0,18,0,20,0,6,35,0,41,2,6,53,0,61,26,0,26,87
10/04/2004,CNW,TX,ASW,CE,Federal Contract Tower,0,0,6,2,8,0,2,6,0,8,0,2,12,2,16,28,0,28,44
10/05/2004,CNW,TX,ASW,CE,Federal Contract Tower,0,0,13,1,14,0,2,10,0,12,0,2,23,1,26,18,0,18,44
10/06/2004,CNW,TX,ASW,CE,Federal Contract Tower,0,0,4,23,27,0,0,41,4,45,0,0,45,27,72,160,48,208,280
10/07/2004,CNW,TX,ASW,CE,Federal Contract Tower,0,0,9,14,23,0,0,11,1,12,0,0,20,15,35,64,16,80,115
10/08/2004,CNW,TX,ASW,CE,Federal Contract Tower,0,0,16,5,21,0,6,40,0,46,0,6,56,5,67,128,0,128,195
10/09/2004,CNW,TX,ASW,CE,Federal Contract Tower,0,0,2,7,9,0,2,4,17,23,0,2,6,24,32,38,0,38,70
10/10/2004,CNW,TX,ASW,CE,Federal Contract Tower,2,0,3,7,12,0,0,0,0,0,2,0,3,7,12,0,0,0,12
10/11/2004,CNW,TX,ASW,CE,Federal Contract Tower,0,0,10,12,22,0,2,45,7,54,0,2,55,19,76,104,0,104,180
10/12/2004,CNW,TX,ASW,CE,Federal Contract Tower,0,0,9,7,16,0,8,80,1,89,0,8,89,8,105,196,46,242,347
10/13/2004,CNW,TX,ASW,CE,Federal Contract Tower,0,0,4,8,12,0,7,65,0,72,0,7,69,8,84,202,16,218,302
10/14/2004,CNW,TX,ASW,CE,Federal Contract Tower,0,0,16,10,26,0,2,56,0,58,0,2,72,10,84,76,22,98,182
10/15/2004,CNW,TX,ASW,CE,Federal Contract Tower,0,0,9,12,21,0,4,73,0,77,0,4,82,12,98,132,28,160,258
10/16/2004,CNW,TX,ASW,CE,Federal Contract Tower,0,0,3,0,3,0,0,30,0,30,0,0,33,0,33,36,0,36,69
10/17/2004,CNW,TX,ASW,CE,Federal Contract Tower,2,0,0,0,2,0,0,10,0,10,2,0,10,0,12,4,0,4,16
10/18/2004,CNW,TX,ASW,CE,Federal Contract Tower,0,0,4,13,17,0,3,40,0,43,0,3,44,13,60,66,20,86,146
10/19/2004,CNW,TX,ASW,CE,Federal Contract Tower,0,0,16,20,36,0,9,76,0,85,0,9,92,20,121,154,50,204,325
10/20/2004,CNW,TX,ASW,CE,Federal Contract Tower,0,0,5,2,7,0,2,37,0,39,0,2,42,2,46,150,0,150,196
10/21/2004,CNW,TX,ASW,CE,Federal Contract Tower,0,0,11,10,21,0,6,34,14,54,0,6,45,24,75,128,36,164,239
10/22/2004,CNW,TX,ASW,CE,Federal Contract Tower,0,0,13,7,20,0,6,46,6,58,0,6,59,13,78,160,26,186,264
10/23/2004,CNW,TX,ASW,CE,Federal Contract Tower,0,0,11,2,13,0,0,7,17,24,0,0,18,19,37,10,6,16,53
10/24/2004,CNW,TX,ASW,CE,Federal Contract Tower,2,0,4,5,11,0,0,7,31,38,2,0,11,36,49,0,8,8,57
10/25/2004,CNW,TX,ASW,CE,Federal Contract Tower,0,2,10,5,17,0,0,16,3,19,0,2,26,8,36,124,0,124,160
10/26/2004,CNW,TX,ASW,CE,Federal Contract Tower,0,0,13,4,17,0,4,40,1,45,0,4,53,5,62,190,0,190,252
10/27/2004,CNW,TX,ASW,CE,Federal Contract Tower,0,0,6,7,13,0,4,16,0,20,0,4,22,7,33,48,0,48,81
10/28/2004,CNW,TX,ASW,CE,Federal Contract Tower,0,0,20,4,24,0,0,27,2,29,0,0,47,6,53,142,14,156,209
10/29/2004,CNW,TX,ASW,CE,Federal Contract Tower,0,4,12,2,18,0,6,45,3,54,0,10,57,5,72,86,0,86,158
10/30/2004,CNW,TX,ASW,CE,Federal Contract Tower,0,0,5,0,5,0,2,25,6,33,0,2,30,6,38,42,0,42,80
10/31/2004,CNW,TX,ASW,CE,Federal Contract Tower,2,0,2,0,4,0,4,4,1,9,2,4,6,1,13,16,0,16,29
11/01/2004,CNW,TX,ASW,CE,Federal Contract Tower,0,0,3,3,6,0,0,18,6,24,0,0,21,9,30,114,0,114,144
11/02/2004,CNW,TX,ASW,CE,Federal Contract Tower,0,0,15,9,24,0,0,0,6,6,0,0,15,15,30,0,0,0,30
11/03/2004,CNW,TX,ASW,CE,Federal Contract Tower,0,0,9,5,14,0,0,15,0,15,0,0,24,5,29,44,6,50,79
11/04/2004,CNW,TX,ASW,CE,Federal Contract Tower,0,0,7,10,17,0,4,71,3,78,0,4,78,13,95,248,38,286,381
11/05/2004,CNW,TX,ASW,CE,Federal Contract Tower,0,0,4,11,15,0,0,46,0,46,0,0,50,11,61,144,24,168,229
11/06/2004,CNW,TX,ASW,CE,Federal Contract Tower,0,0,2,0,2,0,2,38,0,40,0,2,40,0,42,68,0,68,110
11/07/2004,CNW,TX,ASW,CE,Federal Contract Tower,2,0,4,1,7,0,0,45,0,45,2,0,49,1,52,42,0,42,94
11/08/2004,CNW,TX,ASW,CE,Federal Contract Tower,0,0,9,1,10,0,8,42,0,50,0,8,51,1,60,132,0,132,192
11/09/2004,CNW,TX,ASW,CE,Federal Contract Tower,0,0,7,15,22,0,6,77,0,83,0,6,84,15,105,263,24,287,392
11/10/2004,CNW,TX,ASW,CE,Federal Contract Tower,0,0,13,1,14,0,2,51,0,53,0,2,64,1,67,138,0,138,205
11/11/2004,CNW,TX,ASW,CE,Federal Contract Tower,0,0,17,10,27,0,8,62,0,70,0,8,79,10,97,146,0,146,243
11/12/2004,CNW,TX,ASW,CE,Federal Contract Tower,0,0,3,6,9,0,2,25,0,27,0,2,28,6,36,136,0,136,172
11/13/2004,CNW,TX,ASW,CE,Federal Contract Tower,0,0,0,0,0,0,0,4,0,4,0,0,4,0,4,46,0,46,50
11/14/2004,CNW,TX,ASW,CE,Federal Contract Tower,2,0,0,0,2,0,0,0,0,0,2,0,0,0,2,0,0,0,2
11/15/2004,CNW,TX,ASW,CE,Federal Contract Tower,0,0,1,4,5,0,0,0,0,0,0,0,1,4,5,0,0,0,5
11/16/2004,CNW,TX,ASW,CE,Federal Contract Tower,0,0,6,4,10,0,0,0,0,0,0,0,6,4,10,0,0,0,10
11/17/2004,CNW,TX,ASW,CE,Federal Contract Tower,0,0,7,11,18,0,0,2,0,2,0,0,9,11,20,0,0,0,20
11/18/2004,CNW,TX,ASW,CE,Federal Contract Tower,0,0,12,6,18,0,2,24,10,36,0,2,36,16,54,24,0,24,78
11/19/2004,CNW,TX,ASW,CE,Federal Contract Tower,0,0,21,6,27,0,2,20,6,28,0,2,41,12,55,46,80,126,181
11/20/2004,CNW,TX,ASW,CE,Federal Contract Tower,0,0,6,1,7,0,0,13,0,13,0,0,19,1,20,36,0,36,56
11/21/2004,CNW,TX,ASW,CE,Federal Contract Tower,3,0,0,0,3,0,0,2,0,2,3,0,2,0,5,16,0,16,21
11/22/2004,CNW,TX,ASW,CE,Federal Contract Tower,2,0,2,8,12,0,0,0,0,0,2,0,2,8,12,0,0,0,12
11/23/2004,CNW,TX,ASW,CE,Federal Contract Tower,0,0,3,4,7,0,0,7,0,7,0,0,10,4,14,0,6,6,20
11/24/2004,CNW,TX,ASW,CE,Federal Contract Tower,2,0,4,4,10,0,2,1,8,11,2,2,5,12,21,0,0,0,21
11/25/2004,CNW,TX,ASW,CE,Federal Contract Tower,0,0,0,0,0,0,0,1,0,1,0,0,1,0,1,0,0,0,1
11/26/2004,CNW,TX,ASW,CE,Federal Contract Tower,0,1,2,0,3,0,5,2,0,7,0,6,4,0,10,0,0,0,10
11/27/2004,CNW,TX,ASW,CE,Federal Contract Tower,0,1,1,0,2,0,2,10,0,12,0,3,11,0,14,0,0,0,14
11/28/2004,CNW,TX,ASW,CE,Federal Contract Tower,2,0,5,9,16,0,0,17,14,31,2,0,22,23,47,26,38,64,111
11/29/2004,CNW,TX,ASW,CE,Federal Contract Tower,0,0,0,1,1,0,0,2,0,2,0,0,2,1,3,30,0,30,33
11/30/2004,CNW,TX,ASW,CE,Federal Contract Tower,0,0,7,1,8,0,2,25,2,29,0,2,32,3,37,190,2,192,229
12/01/2004,CNW,TX,ASW,CE,Federal Contract Tower,0,0,11,5,16,0,2,45,0,47,0,2,56,5,63,104,18,122,185
12/02/2004,CNW,TX,ASW,CE,Federal Contract Tower,0,0,15,7,22,0,2,53,1,56,0,2,68,8,78,238,58,296,374
12/03/2004,CNW,TX,ASW,CE,Federal Contract Tower,0,0,9,3,12,0,12,84,1,97,0,12,93,4,109,342,12,354,463
12/04/2004,CNW,TX,ASW,CE,Federal Contract Tower,0,0,11,2,13,0,4,31,0,35,0,4,42,2,48,56,0,56,104
12/05/2004,CNW,TX,ASW,CE,Federal Contract Tower,2,0,8,0,10,0,0,4,0,4,2,0,12,0,14,6,0,6,20
12/06/2004,CNW,TX,ASW,CE,Federal Contract Tower,0,0,0,0,0,0,0,6,0,6,0,0,6,0,6,10,0,10,16
12/07/2004,CNW,TX,ASW,CE,Federal Contract Tower,0,0,4,6,10,0,6,77,0,83,0,6,81,6,93,244,20,264,357
12/08/2004,CNW,TX,ASW,CE,Federal Contract Tower,0,0,15,22,37,0,0,57,0,57,0,0,72,22,94,144,72,216,310
12/09/2004,CNW,TX,ASW,CE,Federal Contract Tower,0,0,7,3,10,0,0,54,0,54,0,0,61,3,64,160,6,166,230
12/10/2004,CNW,TX,ASW,CE,Federal Contract Tower,0,0,6,4,10,0,0,51,0,51,0,0,57,4,61,120,12,132,193
12/11/2004,CNW,TX,ASW,CE,Federal Contract Tower,0,0,9,0,9,0,4,61,0,65,0,4,70,0,74,154,0,154,228
12/12/2004,CNW,TX,ASW,CE,Federal Contract Tower,2,0,7,2,11,0,0,37,0,37,2,0,44,2,48,98,0,98,146
12/13/2004,CNW,TX,ASW,CE,Federal Contract Tower,0,0,7,12,19,0,6,46,4,56,0,6,53,16,75,104,70,174,249
12/14/2004,CNW,TX,ASW,CE,Federal Contract Tower,0,0,25,13,38,0,2,60,1,63,0,2,85,14,101,186,108,294,395
12/15/2004,CNW,TX,ASW,CE,Federal Contract Tower,0,0,20,4,24,0,8,64,0,72,0,8,84,4,96,252,34,286,382
12/16/2004,CNW,TX,ASW,CE,Federal Contract Tower,0,0,17,4,21,0,4,13,0,17,0,4,30,4,38,72,0,72,110
12/17/2004,CNW,TX,ASW,CE,Federal Contract Tower,0,0,9,19,28,0,0,45,11,56,0,0,54,30,84,182,86,268,352
12/18/2004,CNW,TX,ASW,CE,Federal Contract Tower,0,0,18,6,24,0,2,43,0,45,0,2,61,6,69,176,0,176,245
12/19/2004,CNW,TX,ASW,CE,Federal Contract Tower,2,0,20,4,26,0,0,28,0,28,2,0,48,4,54,80,0,80,134
12/20/2004,CNW,TX,ASW,CE,Federal Contract Tower,0,0,5,15,20,0,4,25,1,30,0,4,30,16,50,42,16,58,108
12/21/2004,CNW,TX,ASW,CE,Federal Contract Tower,0,0,6,28,34,0,6,60,2,68,0,6,66,30,102,276,56,332,434
12/22/2004,CNW,TX,ASW,CE,Federal Contract Tower,0,0,2,6,8,0,0,0,0,0,0,0,2,6,8,0,16,16,24
12/23/2004,CNW,TX,ASW,CE,Federal Contract Tower,0,0,0,0,0,0,2,8,0,10,0,2,8,0,10,22,0,22,32
12/24/2004,CNW,TX,ASW,CE,Federal Contract Tower,0,0,0,0,0,0,0,1,0,1,0,0,1,0,1,0,0,0,1
12/25/2004,CNW,TX,ASW,CE,Federal Contract Tower,0,0,0,1,1,0,0,1,0,1,0,0,1,1,2,0,0,0,2
12/26/2004,CNW,TX,ASW,CE,Federal Contract Tower,2,0,0,5,7,0,0,3,19,22,2,0,3,24,29,0,62,62,91
12/27/2004,CNW,TX,ASW,CE,Federal Contract Tower,0,0,0,0,0,0,4,7,0,11,0,4,7,0,11,0,0,0,11
12/28/2004,CNW,TX,ASW,CE,Federal Contract Tower,0,0,1,2,3,0,0,8,0,8,0,0,9,2,11,0,0,0,11
12/29/2004,CNW,TX,ASW,CE,Federal Contract Tower,0,0,0,1,1,0,0,2,0,2,0,0,2,1,3,0,0,0,3
12/30/2004,CNW,TX,ASW,CE,Federal Contract Tower,0,0,0,0,0,0,2,2,0,4,0,2,2,0,4,0,0,0,4
12/31/2004,CNW,TX,ASW,CE,Federal Contract Tower,0,0,4,0,4,0,6,10,0,16,0,6,14,0,20,0,0,0,20
01/01/2005,CNW,TX,ASW,CE,Federal Contract Tower,0,0,1,2,3,0,0,0,5,5,0,0,1,7,8,0,0,0,8
01/02/2005,CNW,TX,ASW,CE,Federal Contract Tower,2,0,5,8,15,0,0,1,0,1,2,0,6,8,16,10,0,10,26
01/03/2005,CNW,TX,ASW,CE,Federal Contract Tower,0,0,4,11,15,0,2,2,0,4,0,2,6,11,19,22,0,22,41
01/04/2005,CNW,TX,ASW,CE,Federal Contract Tower,0,0,14,4,18,0,2,1,0,3,0,2,15,4,21,6,0,6,27
01/05/2005,CNW,TX,ASW,CE,Federal Contract Tower,0,0,2,0,2,0,0,0,0,0,0,0,2,0,2,0,0,0,2
01/06/2005,CNW,TX,ASW,CE,Federal Contract Tower,0,0,3,6,9,0,0,28,0,28,0,0,31,6,37,86,58,144,181
01/07/2005,CNW,TX,ASW,CE,Federal Contract Tower,0,0,9,2,11,0,0,29,0,29,0,0,38,2,40,80,0,80,120
01/08/2005,CNW,TX,ASW,CE,Federal Contract Tower,0,0,0,0,0,0,4,7,0,11,0,4,7,0,11,16,0,16,27
01/09/2005,CNW,TX,ASW,CE,Federal Contract Tower,2,0,7,0,9,0,10,19,0,29,2,10,26,0,38,38,0,38,76
01/10/2005,CNW,TX,ASW,CE,Federal Contract Tower,0,0,14,14,28,0,8,32,0,40,0,8,46,14,68,112,62,174,242
01/11/2005,CNW,TX,ASW,CE,Federal Contract Tower,0,0,6,1,7,0,0,48,0,48,0,0,54,1,55,90,0,90,145
01/12/2005,CNW,TX,ASW,CE,Federal Contract Tower,2,0,5,30,37,0,4,22,0,26,2,4,27,30,63,48,80,128,191
01/13/2005,CNW,TX,ASW,CE,Federal Contract Tower,0,0,18,4,22,0,0,50,0,50,0,0,68,4,72,130,0,130,202
01/14/2005,CNW,TX,ASW,CE,Federal Contract Tower,0,2,3,25,30,0,0,55,4,59,0,2,58,29,89,198,130,328,417
01/15/2005,CNW,TX,ASW,CE,Federal Contract Tower,0,0,10,2,12,0,4,21,1,26,0,4,31,3,38,86,8,94,132
01/16/2005,CNW,TX,ASW,CE,Federal Contract Tower,2,0,3,0,5,0,2,11,0,13,2,2,14,0,18,0,0,0,18
01/17/2005,CNW,TX,ASW,CE,Federal Contract Tower,0,0,2,16,18,0,4,51,0,55,0,4,53,16,73,166,10,176,249
01/18/2005,CNW,TX,ASW,CE,Federal Contract Tower,0,0,10,17,27,0,6,58,0,64,0,6,68,17,91,202,148,350,441
01/19/2005,CNW,TX,ASW,CE,Federal Contract Tower,0,0,17,19,36,0,10,52,3,65,0,10,69,22,101,116,38,154,255
01/20/2005,CNW,TX,ASW,CE,Federal Contract Tower,0,0,11,15,26,0,2,60,2,64,0,2,71,17,90,150,30,180,270
01/21/2005,CNW,TX,ASW,CE,Federal Contract Tower,0,0,8,16,24,0,0,64,3,67,0,0,72,19,91,174,44,218,309
01/22/2005,CNW,TX,ASW,CE,Federal Contract Tower,0,0,6,4,10,0,6,0,0,6,0,6,6,4,16,0,0,0,16
01/23/2005,CNW,TX,ASW,CE,Federal Contract Tower,2,0,4,3,9,0,0,21,4,25,2,0,25,7,34,18,8,26,60
01/24/2005,CNW,TX,ASW,CE,Federal Contract Tower,0,0,11,2,13,0,6,70,0,76,0,6,81,2,89,178,20,198,287
01/25/2005,CNW,TX,ASW,CE,Federal Contract Tower,0,0,10,13,23,0,8,70,2,80,0,8,80,15,103,146,57,203,306
01/26/2005,CNW,TX,ASW,CE,Federal Contract Tower,0,0,14,24,38,0,4,51,1,56,0,4,65,25,94,100,124,224,318
01/27/2005,CNW,TX,ASW,CE,Federal Contract Tower,0,0,15,0,15,0,0,5,0,5,0,0,20,0,20,20,0,20,40
01/28/2005,CNW,TX,ASW,CE,Federal Contract Tower,0,0,14,1,15,0,2,0,0,2,0,2,14,1,17,0,0,0,17
01/29/2005,CNW,TX,ASW,CE,Federal Contract Tower,0,0,16,0,16,0,0,7,1,8,0,0,23,1,24,56,0,56,80
01/30/2005,CNW,TX,ASW,CE,Federal Contract Tower,2,0,6,12,20,0,2,2,0,4,2,2,8,12,24,14,0,14,38
01/31/2005,CNW,TX,ASW,CE,Federal Contract Tower,0,0,8,4,12,0,4,5,0,9,0,4,13,4,21,0,0,0,21
02/01/2005,CNW,TX,ASW,CE,Federal Contract Tower,0,0,14,1,15,0,0,1,0,1,0,0,15,1,16,0,0,0,16
02/02/2005,CNW,TX,ASW,CE,Federal Contract Tower,0,0,12,8,20,0,6,4,0,10,0,6,16,8,30,6,0,6,36
02/03/2005,CNW,TX,ASW,CE,Federal Contract Tower,0,2,8,11,21,0,6,59,4,69,0,8,67,15,90,192,47,239,329
02/04/2005,CNW,TX,ASW,CE,Federal Contract Tower,0,0,10,31,41,0,0,85,1,86,0,0,95,32,127,316,94,410,537
02/05/2005,CNW,TX,ASW,CE,Federal Contract Tower,0,1,9,0,10,0,4,21,0,25,0,5,30,0,35,52,0,52,87
02/06/2005,CNW,TX,ASW,CE,Federal Contract Tower,2,0,1,2,5,0,2,4,4,10,2,2,5,6,15,0,0,0,15
02/07/2005,CNW,TX,ASW,CE,Federal Contract Tower,0,0,4,17,21,0,2,33,0,35,0,2,37,17,56,128,78,206,262
02/08/2005,CNW,TX,ASW,CE,Federal Contract Tower,0,0,22,0,22,0,0,2,0,2,0,0,24,0,24,40,0,40,64
02/09/2005,CNW,TX,ASW,CE,Federal Contract Tower,0,0,19,2,21,0,6,54,0,60,0,6,73,2,81,270,0,270,351
02/10/2005,CNW,TX,ASW,CE,Federal Contract Tower,0,0,12,15,27,0,3,70,3,76,0,3,82,18,103,254,88,342,445
02/11/2005,CNW,TX,ASW,CE,Federal Contract Tower,0,0,12,18,30,0,8,46,1,55,0,8,58,19,85,172,70,242,327
02/12/2005,CNW,TX,ASW,CE,Federal Contract Tower,0,0,1,0,1,0,6,18,0,24,0,6,19,0,25,194,0,194,219
02/13/2005,CNW,TX,ASW,CE,Federal Contract Tower,2,0,5,2,9,0,2,19,0,21,2,2,24,2,30,54,0,54,84
02/14/2005,CNW,TX,ASW,CE,Federal Contract Tower,0,0,7,13,20,0,2,75,2,79,0,2,82,15,99,176,36,212,311
02/15/2005,CNW,TX,ASW,CE,Federal Contract Tower,0,0,14,20,34,0,8,71,2,81,0,8,85,22,115,216,94,310,425
02/16/2005,CNW,TX,ASW,CE,Federal Contract Tower,0,0,1,21,22,0,0,68,1,69,0,0,69,22,91,138,114,252,343
02/17/2005,CNW,TX,ASW,CE,Federal Contract Tower,0,0,5,25,30,0,0,74,0,74,0,0,79,25,104,204,104,308,412
02/18/2005,CNW,TX,ASW,CE,Federal Contract Tower,0,0,12,20,32,0,6,66,0,72,0,6,78,20,104,308,134,442,546
02/19/2005,CNW,TX,ASW,CE,Federal Contract Tower,0,0,4,0,4,0,0,2,0,2,0,0,6,0,6,16,0,16,22
02/20/2005,CNW,TX,ASW,CE,Federal Contract Tower,2,2,5,2,11,0,0,5,0,5,2,2,10,2,16,0,10,10,26
02/21/2005,CNW,TX,ASW,CE,Federal Contract Tower,0,0,9,3,12,0,6,53,5,64,0,6,62,8,76,126,8,134,210
02/22/2005,CNW,TX,ASW,CE,Federal Contract Tower,0,0,0,0,0,0,0,21,0,21,0,0,21,0,21,52,0,52,73
02/23/2005,CNW,TX,ASW,CE,Federal Contract Tower,0,0,8,0,8,0,2,26,0,28,0,2,34,0,36,122,0,122,158
02/24/2005,CNW,TX,ASW,CE,Federal Contract Tower,0,0,6,4,10,0,0,3,0,3,0,0,9,4,13,18,0,18,31
02/25/2005,CNW,TX,ASW,CE,Federal Contract Tower,0,0,3,18,21,0,1,58,6,65,0,1,61,24,86,140,160,300,386
02/26/2005,CNW,TX,ASW,CE,Federal Contract Tower,0,0,5,0,5,0,0,14,0,14,0,0,19,0,19,74,0,74,93
02/27/2005,CNW,TX,ASW,CE,Federal Contract Tower,2,0,2,4,8,0,0,17,0,17,2,0,19,4,25,116,8,124,149
02/28/2005,CNW,TX,ASW,CE,Federal Contract Tower,0,0,22,25,47,0,2,91,2,95,0,2,113,27,142,386,118,504,646
03/01/2005,CNW,TX,ASW,CE,Federal Contract Tower,0,1,6,8,15,0,2,79,1,82,0,3,85,9,97,286,42,328,425
03/02/2005,CNW,TX,ASW,CE,Federal Contract Tower,0,0,15,0,15,0,0,8,0,8,0,0,23,0,23,26,0,26,49
03/03/2005,CNW,TX,ASW,CE,Federal Contract Tower,0,0,14,6,20,0,4,17,0,21,0,4,31,6,41,148,0,148,189
03/04/2005,CNW,TX,ASW,CE,Federal Contract Tower,0,0,11,3,14,0,0,42,0,42,0,0,53,3,56,134,80,214,270
03/05/2005,CNW,TX,ASW,CE,Federal Contract Tower,0,0,6,1,7,0,2,23,1,26,0,2,29,2,33,84,0,84,117
03/06/2005,CNW,TX,ASW,CE,Federal Contract Tower,2,0,3,6,11,0,0,6,0,6,2,0,9,6,17,12,78,90,107
03/07/2005,CNW,TX,ASW,CE,Federal Contract Tower,0,0,13,4,17,0,2,28,0,30,0,2,41,4,47,58,0,58,105
03/08/2005,CNW,TX,ASW,CE,Federal Contract Tower,0,0,5,17,22,0,0,89,3,92,0,0,94,20,114,336,54,390,504
03/09/2005,CNW,TX,ASW,CE,Federal Contract Tower,0,0,4,17,21,0,6,47,4,57,0,6,51,21,78,82,50,132,210
03/10/2005,CNW,TX,ASW,CE,Federal Contract Tower,0,0,13,17,30,0,4,70,0,74,0,4,83,17,104,206,48,254,358
03/11/2005,CNW,TX,ASW,CE,Federal Contract Tower,0,0,9,6,15,0,4,61,1,66,0,4,70,7,81,190,36,226,307
03/12/2005,CNW,TX,ASW,CE,Federal Contract Tower,0,0,0,2,2,0,6,13,0,19,0,6,13,2,21,34,6,40,61
03/13/2005,CNW,TX,ASW,CE,Federal Contract Tower,2,0,10,7,19,0,2,14,0,16,2,2,24,7,35,22,0,22,57
03/14/2005,CNW,TX,ASW,CE,Federal Contract Tower,0,0,2,37,39,0,2,66,11,79,0,2,68,48,118,122,106,228,346
03/15/2005,CNW,TX,ASW,CE,Federal Contract Tower,0,0,14,7,21,0,4,17,8,29,0,4,31,15,50,50,12,62,112
03/16/2005,CNW,TX,ASW,CE,Federal Contract Tower,0,0,9,13,22,0,2,27,1,30,0,2,36,14,52,106,44,150,202
03/17/2005,CNW,TX,ASW,CE,Federal Contract Tower,0,0,11,3,14,0,4,75,9,88,0,4,86,12,102,310,0,310,412
03/18/2005,CNW,TX,ASW,CE,Federal Contract Tower,0,0,5,19,24,0,0,24,9,33,0,0,29,28,57,30,36,66,123
03/19/2005,CNW,TX,ASW,CE,Federal Contract Tower,0,0,2,3,5,0,0,3,1,4,0,0,5,4,9,0,0,0,9
03/20/2005,CNW,TX,ASW,CE,Federal Contract Tower,2,0,1,6,9,0,4,9,14,27,2,4,10,20,36,74,10,84,120
03/21/2005,CNW,TX,ASW,CE,Federal Contract Tower,0,0,2,8,10,0,2,28,0,30,0,2,30,8,40,146,0,146,186
03/22/2005,CNW,TX,ASW,CE,Federal Contract Tower,0,0,3,9,12,0,0,31,6,37,0,0,34,15,49,32,92,124,173
03/23/2005,CNW,TX,ASW,CE,Federal Contract Tower,0,0,1,10,11,0,2,0,21,23,0,2,1,31,34,0,4,4,38
03/24/2005,CNW,TX,ASW,CE,Federal Contract Tower,0,0,4,11,15,0,2,36,1,39,0,2,40,12,54,0,20,20,74
03/25/2005,CNW,TX,ASW,CE,Federal Contract Tower,0,0,5,1,6,0,3,24,2,29,0,3,29,3,35,0,0,0,35
03/26/2005,CNW,TX,ASW,CE,Federal Contract Tower,0,0,4,2,6,0,2,0,0,2,0,2,4,2,8,0,0,0,8
03/27/2005,CNW,TX,ASW,CE,Federal Contract Tower,2,0,0,7,9,0,0,2,5,7,2,0,2,12,16,0,0,0,16
03/28/2005,CNW,TX,ASW,CE,Federal Contract Tower,0,0,8,9,17,0,2,42,11,55,0,2,50,20,72,206,50,256,328
03/29/2005,CNW,TX,ASW,CE,Federal Contract Tower,0,0,25,10,35,0,4,34,0,38,0,4,59,10,73,120,0,120,193
03/30/2005,CNW,TX,ASW,CE,Federal Contract Tower,0,0,12,7,19,0,8,76,8,92,0,8,88,15,111,66,70,136,247
03/31/2005,CNW,TX,ASW,CE,Federal Contract Tower,0,0,8,25,33,0,0,58,2,60,0,0,66,27,93,226,146,372,465
04/01/2005,CNW,TX,ASW,CE,Federal Contract Tower,0,0,12,14,26,0,0,17,0,17,0,0,29,14,43,20,26,46,89
04/02/2005,CNW,TX,ASW,CE,Federal Contract Tower,0,0,14,5,19,0,2,78,1,81,0,2,92,6,100,124,0,124,224
04/03/2005,CNW,TX,ASW,CE,Federal Contract Tower,2,0,2,6,10,0,0,15,0,15,2,0,17,6,25,62,0,62,87
04/04/2005,CNW,TX,ASW,CE,Federal Contract Tower,0,0,16,5,21,0,2,42,4,48,0,2,58,9,69,120,22,142,211
04/05/2005,CNW,TX,ASW,CE,Federal Contract Tower,0,0,11,11,22,0,0,18,8,26,0,0,29,19,48,38,14,52,100
04/06/2005,CNW,TX,ASW,CE,Federal Contract Tower,0,0,15,16,31,0,9,41,3,53,0,9,56,19,84,46,104,150,234
04/07/2005,CNW,TX,ASW,CE,Federal Contract Tower,0,0,23,6,29,0,10,74,6,90,0,10,97,12,119,192,6,198,317
04/08/2005,CNW,TX,ASW,CE,Federal Contract Tower,0,0,19,4,23,0,2,57,6,65,0,2,76,10,88,82,2,84,172
04/09/2005,CNW,TX,ASW,CE,Federal Contract Tower,0,0,5,4,9,0,0,8,0,8,0,0,13,4,17,0,0,0,17
04/10/2005,CNW,TX,ASW,CE,Federal Contract Tower,2,0,0,7,9,0,0,1,9,10,2,0,1,16,19,0,20,20,39
04/11/2005,CNW,TX,ASW,CE,Federal Contract Tower,1,0,0,11,12,0,2,0,11,13,1,2,0,22,25,0,0,0,25
04/12/2005,CNW,TX,ASW,CE,Federal Contract Tower,0,0,13,25,38,0,2,73,11,86,0,2,86,36,124,286,12,298,422
04/13/2005,CNW,TX,ASW,CE,Federal Contract Tower,0,0,11,4,15,0,0,76,0,76,0,0,87,4,91,256,10,266,357
04/14/2005,CNW,TX,ASW,CE,Federal Contract Tower,0,0,4,1,5,0,2,89,2,93,0,2,93,3,98,240,0,240,338
04/15/2005,CNW,TX,ASW,CE,Federal Contract Tower,0,0,16,26,42,0,3,76,3,82,0,3,92,29,124,176,56,232,356
04/16/2005,CNW,TX,ASW,CE,Federal Contract Tower,0,0,6,0,6,0,6,47,0,53,0,6,53,0,59,64,0,64,123
04/17/2005,CNW,TX,ASW,CE,Federal Contract Tower,2,0,8,4,14,0,4,14,0,18,2,4,22,4,32,40,32,72,104
04/18/2005,CNW,TX,ASW,CE,Federal Contract Tower,0,0,3,4,7,0,10,38,0,48,0,10,41,4,55,130,12,142,197
04/19/2005,CNW,TX,ASW,CE,Federal Contract Tower,9,0,6,10,25,0,2,37,2,41,9,2,43,12,66,106,0,106,172
04/20/2005,CNW,TX,ASW,CE,Federal Contract Tower,0,0,19,20,39,0,2,32,5,39,0,2,51,25,78,120,0,120,198
04/21/2005,CNW,TX,ASW,CE,Federal Contract Tower,0,0,9,7,16,0,2,19,6,27,0,2,28,13,43,104,0,104,147
04/22/2005,CNW,TX,ASW,CE,Federal Contract Tower,0,0,4,21,25,0,2,15,4,21,0,2,19,25,46,0,0,0,46
04/23/2005,CNW,TX,ASW,CE,Federal Contract Tower,0,0,4,1,5,0,4,10,0,14,0,4,14,1,19,0,0,0,19
04/24/2005,CNW,TX,ASW,CE,Federal Contract Tower,2,0,0,5,7,0,0,2,8,10,2,0,2,13,17,0,14,14,31
04/25/2005,CNW,TX,ASW,CE,Federal Contract Tower,2,0,0,4,6,0,2,6,4,12,2,2,6,8,18,0,0,0,18
04/26/2005,CNW,TX,ASW,CE,Federal Contract Tower,0,0,7,9,16,0,0,77,8,85,0,0,84,17,101,238,0,238,339
04/27/2005,CNW,TX,ASW,CE,Federal Contract Tower,0,0,10,5,15,0,5,80,1,86,0,5,90,6,101,168,46,214,315
04/28/2005,CNW,TX,ASW,CE,Federal Contract Tower,0,0,3,7,10,0,6,32,5,43,0,6,35,12,53,112,44,156,209
04/29/2005,CNW,TX,ASW,CE,Federal Contract Tower,0,0,19,22,41,0,2,36,0,38,0,2,55,22,79,194,46,240,319
04/30/2005,CNW,TX,ASW,CE,Federal Contract Tower,0,0,2,6,8,0,6,16,2,24,0,6,18,8,32,8,20,28,60
05/01/2005,CNW,TX,ASW,CE,Federal Contract Tower,2,0,5,10,17,0,2,11,0,13,2,2,16,10,30,18,14,32,62
05/02/2005,CNW,TX,ASW,CE,Federal Contract Tower,0,0,3,19,22,0,2,52,2,56,0,2,55,21,78,82,104,186,264
05/03/2005,CNW,TX,ASW,CE,Federal Contract Tower,0,0,4,39,43,0,2,70,0,72,0,2,74,39,115,246,146,392,507
05/04/2005,CNW,TX,ASW,CE,Federal Contract Tower,0,0,19,5,24,0,0,11,0,11,0,0,30,5,35,32,0,32,67
05/05/2005,CNW,TX,ASW,CE,Federal Contract Tower,0,0,8,12,20,0,4,67,0,71,0,4,75,12,91,196,64,260,351
05/06/2005,CNW,TX,ASW,CE,Federal Contract Tower,0,0,11,28,39,0,0,75,0,75,0,0,86,28,114,106,42,148,262
05/07/2005,CNW,TX,ASW,CE,Federal Contract Tower,0,0,6,10,16,0,4,9,0,13,0,4,15,10,29,22,0,22,51
05/08/2005,CNW,TX,ASW,CE,Federal Contract Tower,2,0,0,0,2,0,4,1,0,5,2,4,1,0,7,20,0,20,27
05/09/2005,CNW,TX,ASW,CE,Federal Contract Tower,0,0,15,7,22,0,7,28,1,36,0,7,43,8,58,120,2,122,180
05/10/2005,CNW,TX,ASW,CE,Federal Contract Tower,0,0,11,20,31,0,4,53,0,57,0,4,64,20,88,212,40,252,340
05/11/2005,CNW,TX,ASW,CE,Federal Contract Tower,0,0,13,20,33,0,2,40,4,46,0,2,53,24,79,136,90,226,305
05/12/2005,CNW,TX,ASW,CE,Federal Contract Tower,0,0,16,7,23,0,4,36,6,46,0,4,52,13,69,144,16,160,229
05/13/2005,CNW,TX,ASW,CE,Federal Contract Tower,0,0,4,13,17,0,2,33,1,36,0,2,37,14,53,78,8,86,139
05/14/2005,CNW,TX,ASW,CE,Federal Contract Tower,1,0,2,4,7,0,2,22,0,24,1,2,24,4,31,88,0,88,119
05/15/2005,CNW,TX,ASW,CE,Federal Contract Tower,2,0,7,6,15,0,2,19,0,21,2,2,26,6,36,66,0,66,102
05/16/2005,CNW,TX,ASW,CE,Federal Contract Tower,0,0,28,24,52,0,6,54,0,60,0,6,82,24,112,138,108,246,358
05/17/2005,CNW,TX,ASW,CE,Federal Contract Tower,0,2,19,16,37,0,2,76,0,78,0,4,95,16,115,190,12,202,317
05/18/2005,CNW,TX,ASW,CE,Federal Contract Tower,0,0,27,4,31,0,2,44,0,46,0,2,71,4,77,64,46,110,187
05/19/2005,CNW,TX,ASW,CE,Federal Contract Tower,0,0,9,29,38,0,2,55,0,57,0,2,64,29,95,228,132,360,455
05/20/2005,CNW,TX,ASW,CE,Federal Contract Tower,1,0,2,9,12,0,6,24,2,32,1,6,26,11,44,118,16,134,178
05/21/2005,CNW,TX,ASW,CE,Federal Contract Tower,0,2,0,2,4,0,0,28,2,30,0,2,28,4,34,38,8,46,80
05/22/2005,CNW,TX,ASW,CE,Federal Contract Tower,2,0,2,2,6,0,4,10,2,16,2,4,12,4,22,8,32,40,62
05/23/2005,CNW,TX,ASW,CE,Federal Contract Tower,0,0,2,31,33,0,3,61,2,66,0,3,63,33,99,182,152,334,433
05/24/2005,CNW,TX,ASW,CE,Federal Contract Tower,0,0,9,6,15,0,2,69,0,71,0,2,78,6,86,254,12,266,352
05/25/2005,CNW,TX,ASW,CE,Federal Contract Tower,0,0,7,39,46,0,1,45,1,47,0,1,52,40,93,122,0,122,215
05/26/2005,CNW,TX,ASW,CE,Federal Contract Tower,0,0,11,0,11,0,2,33,0,35,0,2,44,0,46,114,0,114,160
05/27/2005,CNW,TX,ASW,CE,Federal Contract Tower,0,0,4,0,4,0,0,28,0,28,0,0,32,0,32,98,0,98,130
05/28/2005,CNW,TX,ASW,CE,Federal Contract Tower,0,0,3,0,3,0,2,3,0,5,0,2,6,0,8,0,0,0,8
05/29/2005,CNW,TX,ASW,CE,Federal Contract Tower,2,0,1,0,3,0,4,9,0,13,2,4,10,0,16,24,0,24,40
05/30/2005,CNW,TX,ASW,CE,Federal Contract Tower,0,0,8,2,10,0,6,9,5,20,0,6,17,7,30,34,0,34,64
05/31/2005,CNW,TX,ASW,CE,Federal Contract Tower,0,0,7,8,15,0,0,38,6,44,0,0,45,14,59,150,28,178,237
06/01/2005,CNW,TX,ASW,CE,Federal Contract Tower,1,0,12,7,20,0,0,43,4,47,1,0,55,11,67,116,0,116,183
06/02/2005,CNW,TX,ASW,CE,Federal Contract Tower,0,0,6,6,12,0,0,43,11,54,0,0,49,17,66,64,10,74,140
06/03/2005,CNW,TX,ASW,CE,Federal Contract Tower,0,0,3,3,6,0,4,12,7,23,0,4,15,10,29,0,0,0,29
06/04/2005,CNW,TX,ASW,CE,Federal Contract Tower,0,0,10,1,11,0,5,7,43,55,0,5,17,44,66,0,14,14,80
06/05/2005,CNW,TX,ASW,CE,Federal Contract Tower,2,0,4,1,7,0,8,0,81,89,2,8,4,82,96,0,294,294,390
06/06/2005,CNW,TX,ASW,CE,Federal Contract Tower,0,0,5,13,18,0,6,36,78,120,0,6,41,91,138,88,424,512,650
06/07/2005,CNW,TX,ASW,CE,Federal Contract Tower,0,0,13,0,13,0,2,58,76,136,0,2,71,76,149,130,476,606,755
06/08/2005,CNW,TX,ASW,CE,Federal Contract Tower,0,0,24,7,31,0,6,39,90,135,0,6,63,97,166,58,622,680,846
06/09/2005,CNW,TX,ASW,CE,Federal Contract Tower,0,0,3,0,3,0,6,48,52,106,0,6,51,52,109,248,398,646,755
06/10/2005,CNW,TX,ASW,CE,Federal Contract Tower,0,0,6,6,12,0,0,57,20,77,0,0,63,26,89,132,180,312,401
06/11/2005,CNW,TX,ASW,CE,Federal Contract Tower,0,2,3,5,10,0,2,5,4,11,0,4,8,9,21,4,0,4,25
06/12/2005,CNW,TX,ASW,CE,Federal Contract Tower,2,0,5,8,15,0,2,16,0,18,2,2,21,8,33,46,0,46,79
06/13/2005,CNW,TX,ASW,CE,Federal Contract Tower,0,0,7,24,31,0,2,38,0,40,0,2,45,24,71,76,0,76,147
06/14/2005,CNW,TX,ASW,CE,Federal Contract Tower,0,0,10,6,16,0,6,69,3,78,0,6,79,9,94,248,48,296,390
06/15/2005,CNW,TX,ASW,CE,Federal Contract Tower,0,0,25,9,34,0,8,54,0,62,0,8,79,9,96,194,18,212,308
06/16/2005,CNW,TX,ASW,CE,Federal Contract Tower,0,0,4,20,24,0,3,55,4,62,0,3,59,24,86,130,60,190,276
06/17/2005,CNW,TX,ASW,CE,Federal Contract Tower,0,0,6,15,21,0,2,41,0,43,0,2,47,15,64,108,66,174,238
06/18/2005,CNW,TX,ASW,CE,Federal Contract Tower,0,0,9,0,9,0,0,22,0,22,0,0,31,0,31,74,0,74,105
06/19/2005,CNW,TX,ASW,CE,Federal Contract Tower,2,0,6,4,12,0,4,0,0,4,2,4,6,4,16,0,0,0,16
06/20/2005,CNW,TX,ASW,CE,Federal Contract Tower,0,0,12,9,21,0,4,32,4,40,0,4,44,13,61,72,58,130,191
06/21/2005,CNW,TX,ASW,CE,Federal Contract Tower,0,0,8,3,11,0,2,67,1,70,0,2,75,4,81,198,50,248,329
06/22/2005,CNW,TX,ASW,CE,Federal Contract Tower,0,0,7,20,27,0,6,58,0,64,0,6,65,20,91,158,20,178,269
06/23/2005,CNW,TX,ASW,CE,Federal Contract Tower,0,0,6,11,17,0,10,41,1,52,0,10,47,12,69,114,78,192,261
06/24/2005,CNW,TX,ASW,CE,Federal Contract Tower,0,0,7,9,16,0,2,43,1,46,0,2,50,10,62,122,94,216,278
06/25/2005,CNW,TX,ASW,CE,Federal Contract Tower,0,0,4,0,4,0,2,33,0,35,0,2,37,0,39,40,0,40,79
06/26/2005,CNW,TX,ASW,CE,Federal Contract Tower,2,0,3,5,10,0,2,8,0,10,2,2,11,5,20,6,24,30,50
06/27/2005,CNW,TX,ASW,CE,Federal Contract Tower,0,0,11,9,20,0,2,51,0,53,0,2,62,9,73,148,16,164,237
06/28/2005,CNW,TX,ASW,CE,Federal Contract Tower,0,0,8,24,32,0,3,71,1,75,0,3,79,25,107,264,98,362,469
06/29/2005,CNW,TX,ASW,CE,Federal Contract Tower,0,0,8,35,43,0,4,62,2,68,0,4,70,37,111,138,152,290,401
06/30/2005,CNW,TX,ASW,CE,Federal Contract Tower,0,0,8,11,19,0,4,28,2,34,0,4,36,13,53,104,4,108,161
07/01/2005,CNW,TX,ASW,CE,Federal Contract Tower,0,0,9,0,9,0,3,35,0,38,0,3,44,0,47,70,0,70,117
07/02/2005,CNW,TX,ASW,CE,Federal Contract Tower,0,0,0,0,0,0,0,13,0,13,0,0,13,0,13,42,0,42,55
07/03/2005,CNW,TX,ASW,CE,Federal Contract Tower,2,0,0,0,2,0,2,9,0,11,2,2,9,0,13,20,0,20,33
07/04/2005,CNW,TX,ASW,CE,Federal Contract Tower,0,0,0,0,0,0,0,6,0,6,0,0,6,0,6,20,0,20,26
07/05/2005,CNW,TX,ASW,CE,Federal Contract Tower,0,0,4,8,12,0,4,40,0,44,0,4,44,8,56,78,76,154,210
07/06/2005,CNW,TX,ASW,CE,Federal Contract Tower,0,2,10,6,18,0,2,53,0,55,0,4,63,6,73,106,8,114,187
07/07/2005,CNW,TX,ASW,CE,Federal Contract Tower,0,0,16,25,41,0,2,33,0,35,0,2,49,25,76,86,88,174,250
07/08/2005,CNW,TX,ASW,CE,Federal Contract Tower,0,0,8,24,32,0,2,42,6,50,0,2,50,30,82,84,196,280,362
07/09/2005,CNW,TX,ASW,CE,Federal Contract Tower,0,0,2,0,2,0,3,8,0,11,0,3,10,0,13,0,0,0,13
07/10/2005,CNW,TX,ASW,CE,Federal Contract Tower,2,0,2,18,22,0,2,11,0,13,2,2,13,18,35,22,50,72,107
07/11/2005,CNW,TX,ASW,CE,Federal Contract Tower,0,0,11,16,27,0,2,64,0,66,0,2,75,16,93,182,68,250,343
07/12/2005,CNW,TX,ASW,CE,Federal Contract Tower,0,0,8,27,35,0,0,68,3,71,0,0,76,30,106,69,146,215,321
07/13/2005,CNW,TX,ASW,CE,Federal Contract Tower,0,0,17,14,31,0,2,56,0,58,0,2,73,14,89,194,64,258,347
07/14/2005,CNW,TX,ASW,CE,Federal Contract Tower,0,0,19,16,35,0,2,45,2,49,0,2,64,18,84,234,38,272,356
07/15/2005,CNW,TX,ASW,CE,Federal Contract Tower,0,0,6,19,25,0,1,43,3,47,0,1,49,22,72,142,78,220,292
07/16/2005,CNW,TX,ASW,CE,Federal Contract Tower,0,0,8,0,8,0,4,6,0,10,0,4,14,0,18,20,0,20,38
07/17/2005,CNW,TX,ASW,CE,Federal Contract Tower,2,0,4,0,6,0,0,7,0,7,2,0,11,0,13,10,0,10,23
07/18/2005,CNW,TX,ASW,CE,Federal Contract Tower,0,0,14,12,26,0,2,27,1,30,0,2,41,13,56,132,8,140,196
07/19/2005,CNW,TX,ASW,CE,Federal Contract Tower,0,0,8,38,46,0,6,56,1,63,0,6,64,39,109,98,134,232,341
07/20/2005,CNW,TX,ASW,CE,Federal Contract Tower,0,0,25,24,49,0,0,27,2,29,0,0,52,26,78,72,40,112,190
07/21/2005,CNW,TX,ASW,CE,Federal Contract Tower,0,0,32,18,50,0,2,35,14,51,0,2,67,32,101,158,112,270,371
07/22/2005,CNW,TX,ASW,CE,Federal Contract Tower,0,0,0,10,10,0,0,31,1,32,0,0,31,11,42,52,6,58,100
07/23/2005,CNW,TX,ASW,CE,Federal Contract Tower,0,1,5,0,6,0,5,16,0,21,0,6,21,0,27,18,0,18,45
07/24/2005,CNW,TX,ASW,CE,Federal Contract Tower,2,0,0,2,4,0,0,8,0,8,2,0,8,2,12,0,0,0,12
07/25/2005,CNW,TX,ASW,CE,Federal Contract Tower,0,0,10,15,25,0,2,47,0,49,0,2,57,15,74,112,62,174,248
07/26/2005,CNW,TX,ASW,CE,Federal Contract Tower,0,1,12,22,35,0,0,50,0,50,0,1,62,22,85,58,64,122,207
07/27/2005,CNW,TX,ASW,CE,Federal Contract Tower,0,0,11,15,26,0,2,39,15,56,0,2,50,30,82,72,142,214,296
07/28/2005,CNW,TX,ASW,CE,Federal Contract Tower,0,0,10,15,25,0,4,48,0,52,0,4,58,15,77,116,126,242,319
07/29/2005,CNW,TX,ASW,CE,Federal Contract Tower,0,0,17,2,19,0,4,37,4,45,0,4,54,6,64,26,18,44,108
07/30/2005,CNW,TX,ASW,CE,Federal Contract Tower,0,0,9,4,13,0,0,25,16,41,0,0,34,20,54,8,0,8,62
07/31/2005,CNW,TX,ASW,CE,Federal Contract Tower,2,0,2,4,8,0,6,10,7,23,2,6,12,11,31,16,0,16,47
08/01/2005,CNW,TX,ASW,CE,Federal Contract Tower,0,0,23,1,24,0,4,42,4,50,0,4,65,5,74,42,0,42,116
08/02/2005,CNW,TX,ASW,CE,Federal Contract Tower,0,0,0,16,16,0,1,14,10,25,0,1,14,26,41,28,6,34,75
08/03/2005,CNW,TX,ASW,CE,Federal Contract Tower,0,0,6,3,9,0,2,16,18,36,0,2,22,21,45,0,0,0,45
08/04/2005,CNW,TX,ASW,CE,Federal Contract Tower,0,0,4,5,9,0,0,6,10,16,0,0,10,15,25,0,0,0,25
08/05/2005,CNW,TX,ASW,CE,Federal Contract Tower,0,0,11,4,15,0,0,12,1,13,0,0,23,5,28,0,0,0,28
08/06/2005,CNW,TX,ASW,CE,Federal Contract Tower,0,0,5,0,5,0,4,8,0,12,0,4,13,0,17,0,0,0,17
08/07/2005,CNW,TX,ASW,CE,Federal Contract Tower,2,0,6,3,11,0,2,3,4,9,2,2,9,7,20,0,0,0,20
08/08/2005,CNW,TX,ASW,CE,Federal Contract Tower,0,0,0,4,4,0,4,9,27,40,0,4,9,31,44,0,20,20,64
08/09/2005,CNW,TX,ASW,CE,Federal Contract Tower,0,0,4,5,9,0,0,4,9,13,0,0,8,14,22,0,28,28,50
08/10/2005,CNW,TX,ASW,CE,Federal Contract Tower,0,0,9,5,14,0,0,7,27,34,0,0,16,32,48,0,6,6,54
08/11/2005,CNW,TX,ASW,CE,Federal Contract Tower,0,1,13,18,32,0,1,23,22,46,0,2,36,40,78,0,0,0,78
08/12/2005,CNW,TX,ASW,CE,Federal Contract Tower,0,0,12,4,16,0,2,12,0,14,0,2,24,4,30,0,4,4,34
08/13/2005,CNW,TX,ASW,CE,Federal Contract Tower,0,0,3,6,9,0,6,12,14,32,0,6,15,20,41,0,0,0,41
08/14/2005,CNW,TX,ASW,CE,Federal Contract Tower,2,0,4,1,7,0,0,4,1,5,2,0,8,2,12,0,0,0,12
08/15/2005,CNW,TX,ASW,CE,Federal Contract Tower,0,0,9,9,18,0,2,1,0,3,0,2,10,9,21,0,48,48,69
08/16/2005,CNW,TX,ASW,CE,Federal Contract Tower,0,0,5,3,8,0,6,8,0,14,0,6,13,3,22,0,0,0,22
08/17/2005,CNW,TX,ASW,CE,Federal Contract Tower,0,0,10,4,14,0,2,22,0,24,0,2,32,4,38,0,28,28,66
08/18/2005,CNW,TX,ASW,CE,Federal Contract Tower,0,0,12,24,36,0,4,35,2,41,0,4,47,26,77,0,64,64,141
08/19/2005,CNW,TX,ASW,CE,Federal Contract Tower,0,0,14,16,30,0,2,15,2,19,0,2,29,18,49,0,48,48,97
08/20/2005,CNW,TX,ASW,CE,Federal Contract Tower,0,0,2,1,3,0,4,3,0,7,0,4,5,1,10,0,0,0,10
08/21/2005,CNW,TX,ASW,CE,Federal Contract Tower,2,0,4,4,10,0,4,6,0,10,2,4,10,4,20,0,0,0,20
08/22/2005,CNW,TX,ASW,CE,Federal Contract Tower,0,0,9,5,14,0,3,19,3,25,0,3,28,8,39,0,0,0,39
08/23/2005,CNW,TX,ASW,CE,Federal Contract Tower,0,0,6,7,13,0,0,15,0,15,0,0,21,7,28,0,40,40,68
08/24/2005,CNW,TX,ASW,CE,Federal Contract Tower,0,0,6,7,13,0,0,27,18,45,0,0,33,25,58,0,44,44,102
08/25/2005,CNW,TX,ASW,CE,Federal Contract Tower,0,0,10,18,28,0,0,12,0,12,0,0,22,18,40,0,60,60,100
08/26/2005,CNW,TX,ASW,CE,Federal Contract Tower,0,0,13,2,15,0,2,14,0,16,0,2,27,2,31,0,22,22,53
08/27/2005,CNW,TX,ASW,CE,Federal Contract Tower,0,0,6,0,6,0,2,2,0,4,0,2,8,0,10,0,0,0,10
08/28/2005,CNW,TX,ASW,CE,Federal Contract Tower,2,0,3,3,8,0,2,0,0,2,2,2,3,3,10,0,0,0,10
08/29/2005,CNW,TX,ASW,CE,Federal Contract Tower,0,0,4,6,10,0,8,11,5,24,0,8,15,11,34,0,48,48,82
08/30/2005,CNW,TX,ASW,CE,Federal Contract Tower,0,0,7,11,18,0,2,24,18,44,0,2,31,29,62,0,20,20,82
08/31/2005,CNW,TX,ASW,CE,Federal Contract Tower,0,0,4,11,15,0,0,18,5,23,0,0,22,16,38,36,38,74,112
09/01/2005,CNW,TX,ASW,CE,Federal Contract Tower,0,0,6,19,25,0,4,52,2,58,0,4,58,21,83,68,60,128,211
09/02/2005,CNW,TX,ASW,CE,Federal Contract Tower,0,0,6,3,9,0,6,56,0,62,0,6,62,3,71,108,0,108,179
09/03/2005,CNW,TX,ASW,CE,Federal Contract Tower,0,0,4,0,4,0,4,40,0,44,0,4,44,0,48,30,0,30,78
09/04/2005,CNW,TX,ASW,CE,Federal Contract Tower,2,0,0,2,4,0,4,12,1,17,2,4,12,3,21,0,0,0,21
09/05/2005,CNW,TX,ASW,CE,Federal Contract Tower,0,0,12,5,17,0,4,46,1,51,0,4,58,6,68,54,2,56,124
09/06/2005,CNW,TX,ASW,CE,Federal Contract Tower,0,0,9,7,16,0,4,64,1,69,0,4,73,8,85,74,72,146,231
09/07/2005,CNW,TX,ASW,CE,Federal Contract Tower,0,0,8,18,26,0,0,61,1,62,0,0,69,19,88,76,58,134,222
09/08/2005,CNW,TX,ASW,CE,Federal Contract Tower,0,0,7,17,24,0,2,69,2,73,0,2,76,19,97,50,72,122,219
09/09/2005,CNW,TX,ASW,CE,Federal Contract Tower,0,0,3,37,40,0,2,68,49,119,0,2,71,86,159,40,112,152,311
09/10/2005,CNW,TX,ASW,CE,Federal Contract Tower,1,0,5,5,11,0,2,27,1,30,1,2,32,6,41,32,30,62,103
09/11/2005,CNW,TX,ASW,CE,Federal Contract Tower,1,0,1,4,6,0,1,7,0,8,1,1,8,4,14,2,0,2,16
09/12/2005,CNW,TX,ASW,CE,Federal Contract Tower,1,0,9,6,16,0,4,58,0,62,1,4,67,6,78,86,0,86,164
09/13/2005,CNW,TX,ASW,CE,Federal Contract Tower,0,0,16,5,21,0,0,25,0,25,0,0,41,5,46,52,10,62,108
09/14/2005,CNW,TX,ASW,CE,Federal Contract Tower,0,0,6,28,34,0,2,53,0,55,0,2,59,28,89,86,36,122,211
09/15/2005,CNW,TX,ASW,CE,Federal Contract Tower,0,0,11,24,35,0,5,46,0,51,0,5,57,24,86,108,16,124,210
09/16/2005,CNW,TX,ASW,CE,Federal Contract Tower,0,0,14,1,15,0,0,20,0,20,0,0,34,1,35,84,0,84,119
09/17/2005,CNW,TX,ASW,CE,Federal Contract Tower,0,0,6,2,8,0,3,39,0,42,0,3,45,2,50,82,0,82,132
09/18/2005,CNW,TX,ASW,CE,Federal Contract Tower,1,0,7,2,10,0,4,25,0,29,1,4,32,2,39,8,0,8,47
09/19/2005,CNW,TX,ASW,CE,Federal Contract Tower,1,0,5,22,28,0,1,57,0,58,1,1,62,22,86,126,46,172,258
09/20/2005,CNW,TX,ASW,CE,Federal Contract Tower,0,0,14,2,16,0,2,46,0,48,0,2,60,2,64,122,8,130,194
09/21/2005,CNW,TX,ASW,CE,Federal Contract Tower,0,0,6,11,17,0,12,71,3,86,0,12,77,14,103,174,112,286,389
09/22/2005,CNW,TX,ASW,CE,Federal Contract Tower,0,0,4,24,28,0,2,52,1,55,0,2,56,25,83,166,54,220,303
09/23/2005,CNW,TX,ASW,CE,Federal Contract Tower,0,0,9,1,10,0,6,39,0,45,0,6,48,1,55,0,74,74,129
09/24/2005,CNW,TX,ASW,CE,Federal Contract Tower,0,0,0,1,1,0,4,3,1,8,0,4,3,2,9,0,0,0,9
09/25/2005,CNW,TX,ASW,CE,Federal Contract Tower,1,0,1,1,3,0,3,18,0,21,1,3,19,1,24,6,0,6,30
09/26/2005,CNW,TX,ASW,CE,Federal Contract Tower,0,0,8,13,21,0,4,53,0,57,0,4,61,13,78,148,0,148,226
09/27/2005,CNW,TX,ASW,CE,Federal Contract Tower,0,0,7,2,9,0,2,60,1,63,0,2,67,3,72,60,15,75,147
09/28/2005,CNW,TX,ASW,CE,Federal Contract Tower,0,0,5,2,7,0,2,44,0,46,0,2,49,2,53,122,6,128,181
09/29/2005,CNW,TX,ASW,CE,Federal Contract Tower,0,2,14,2,18,0,0,58,0,58,0,2,72,2,76,188,0,188,264
09/30/2005,CNW,TX,ASW,CE,Federal Contract Tower,0,0,16,0,16,0,2,53,0,55,0,2,69,0,71,200,0,200,271
10/01/2005,CNW,TX,ASW,CE,Federal Contract Tower,0,0,8,0,8,0,2,17,0,19,0,2,25,0,27,30,0,30,57
10/02/2005,CNW,TX,ASW,CE,Federal Contract Tower,1,0,4,0,5,0,2,5,0,7,1,2,9,0,12,2,0,2,14
10/03/2005,CNW,TX,ASW,CE,Federal Contract Tower,1,0,8,16,25,0,2,31,4,37,1,2,39,20,62,64,52,116,178
10/04/2005,CNW,TX,ASW,CE,Federal Contract Tower,0,0,10,7,17,0,2,41,4,47,0,2,51,11,64,106,52,158,222
10/05/2005,CNW,TX,ASW,CE,Federal Contract Tower,0,0,4,18,22,0,0,66,3,69,0,0,70,21,91,214,86,300,391
10/06/2005,CNW,TX,ASW,CE,Federal Contract Tower,0,0,18,4,22,0,0,21,0,21,0,0,39,4,43,30,0,30,73
10/07/2005,CNW,TX,ASW,CE,Federal Contract Tower,0,0,6,18,24,0,0,11,2,13,0,0,17,20,37,20,4,24,61
10/08/2005,CNW,TX,ASW,CE,Federal Contract Tower,0,0,10,0,10,0,4,40,0,44,0,4,50,0,54,94,0,94,148
10/09/2005,CNW,TX,ASW,CE,Federal Contract Tower,1,0,0,0,1,0,11,19,0,30,1,11,19,0,31,0,0,0,31
10/10/2005,CNW,TX,ASW,CE,Federal Contract Tower,1,0,11,6,18,0,6,34,0,40,1,6,45,6,58,200,0,200,258
10/11/2005,CNW,TX,ASW,CE,Federal Contract Tower,0,0,32,4,36,0,6,34,0,40,0,6,66,4,76,112,4,116,192
10/12/2005,CNW,TX,ASW,CE,Federal Contract Tower,0,0,12,3,15,0,2,49,0,51,0,2,61,3,66,152,12,164,230
10/13/2005,CNW,TX,ASW,CE,Federal Contract Tower,0,0,17,44,61,0,0,54,3,57,0,0,71,47,118,125,170,295,413
10/14/2005,CNW,TX,ASW,CE,Federal Contract Tower,0,0,2,30,32,0,0,31,1,32,0,0,33,31,64,58,24,82,146
10/15/2005,CNW,TX,ASW,CE,Federal Contract Tower,0,0,8,4,12,0,0,51,0,51,0,0,59,4,63,68,0,68,131
10/16/2005,CNW,TX,ASW,CE,Federal Contract Tower,2,0,10,15,27,0,0,18,0,18,2,0,28,15,45,26,36,62,107
10/17/2005,CNW,TX,ASW,CE,Federal Contract Tower,2,0,11,6,19,0,2,47,0,49,2,2,58,6,68,124,32,156,224
10/18/2005,CNW,TX,ASW,CE,Federal Contract Tower,0,0,16,11,27,0,0,68,0,68,0,0,84,11,95,216,36,252,347
10/19/2005,CNW,TX,ASW,CE,Federal Contract Tower,0,0,16,11,27,0,0,85,1,86,0,0,101,12,113,124,56,180,293
10/20/2005,CNW,TX,ASW,CE,Federal Contract Tower,0,0,12,10,22,0,5,45,0,50,0,5,57,10,72,30,26,56,128
10/21/2005,CNW,TX,ASW,CE,Federal Contract Tower,0,0,21,6,27,0,0,38,0,38,0,0,59,6,65,104,20,124,189
10/22/2005,CNW,TX,ASW,CE,Federal Contract Tower,0,0,24,8,32,0,4,28,0,32,0,4,52,8,64,0,28,28,92
10/23/2005,CNW,TX,ASW,CE,Federal Contract Tower,2,0,0,2,4,0,4,6,0,10,2,4,6,2,14,0,22,22,36
10/24/2005,CNW,TX,ASW,CE,Federal Contract Tower,2,0,2,5,9,0,2,51,1,54,2,2,53,6,63,60,110,170,233
10/25/2005,CNW,TX,ASW,CE,Federal Contract Tower,0,0,12,11,23,0,2,53,3,58,0,2,65,14,81,196,104,300,381
10/26/2005,CNW,TX,ASW,CE,Federal Contract Tower,0,0,8,19,27,0,1,51,0,52,0,1,59,19,79,146,84,230,309
10/27/2005,CNW,TX,ASW,CE,Federal Contract Tower,0,0,4,13,17,0,0,50,5,55,0,0,54,18,72,94,96,190,262
10/28/2005,CNW,TX,ASW,CE,Federal Contract Tower,0,0,4,19,23,0,2,52,2,56,0,2,56,21,79,152,64,216,295
10/29/2005,CNW,TX,ASW,CE,Federal Contract Tower,0,0,1,0,1,0,2,27,0,29,0,2,28,0,30,102,0,102,132
10/30/2005,CNW,TX,ASW,CE,Federal Contract Tower,1,0,2,0,3,0,2,16,0,18,1,2,18,0,21,38,0,38,59
10/31/2005,CNW,TX,ASW,CE,Federal Contract Tower,0,0,14,6,20,1,2,24,0,27,1,2,38,6,47,30,0,30,77
11/01/2005,CNW,TX,ASW,CE,Federal Contract Tower,0,0,10,12,22,0,1,59,0,60,0,1,69,12,82,124,108,232,314
11/02/2005,CNW,TX,ASW,CE,Federal Contract Tower,0,0,7,20,27,0,0,51,0,51,0,0,58,20,78,124,30,154,232
11/03/2005,CNW,TX,ASW,CE,Federal Contract Tower,0,0,11,11,22,0,2,28,0,30,0,2,39,11,52,114,72,186,238
11/04/2005,CNW,TX,ASW,CE,Federal Contract Tower,0,0,1,14,15,0,1,43,0,44,0,1,44,14,59,70,46,116,175
11/05/2005,CNW,TX,ASW,CE,Federal Contract Tower,0,0,1,0,1,0,2,14,0,16,0,2,15,0,17,0,0,0,17
11/06/2005,CNW,TX,ASW,CE,Federal Contract Tower,1,0,0,0,1,0,0,17,8,25,1,0,17,8,26,10,0,10,36
11/07/2005,CNW,TX,ASW,CE,Federal Contract Tower,1,0,9,18,28,0,0,63,0,63,1,0,72,18,91,172,44,216,307
11/08/2005,CNW,TX,ASW,CE,Federal Contract Tower,0,0,4,8,12,0,0,62,2,64,0,0,66,10,76,184,18,202,278
11/09/2005,CNW,TX,ASW,CE,Federal Contract Tower,0,1,13,28,42,0,2,56,0,58,0,3,69,28,100,228,34,262,362
11/10/2005,CNW,TX,ASW,CE,Federal Contract Tower,0,0,10,10,20,0,4,65,0,69,0,4,75,10,89,190,36,226,315
11/11/2005,CNW,TX,ASW,CE,Federal Contract Tower,0,0,8,6,14,0,0,29,0,29,0,0,37,6,43,4,0,4,47
11/12/2005,CNW,TX,ASW,CE,Federal Contract Tower,0,0,8,6,14,0,0,39,0,39,0,0,47,6,53,4,0,4,57
11/13/2005,CNW,TX,ASW,CE,Federal Contract Tower,0,1,2,8,11,0,0,40,0,40,0,1,42,8,51,48,4,52,103
11/14/2005,CNW,TX,ASW,CE,Federal Contract Tower,0,0,8,12,20,0,4,50,1,55,0,4,58,13,75,166,4,170,245
11/15/2005,CNW,TX,ASW,CE,Federal Contract Tower,0,0,2,0,2,0,4,6,0,10,0,4,8,0,12,24,0,24,36
11/16/2005,CNW,TX,ASW,CE,Federal Contract Tower,0,0,17,12,29,0,2,55,4,61,0,2,72,16,90,144,104,248,338
11/17/2005,CNW,TX,ASW,CE,Federal Contract Tower,0,0,8,32,40,0,0,64,0,64,0,0,72,32,104,218,96,314,418
11/18/2005,CNW,TX,ASW,CE,Federal Contract Tower,0,0,4,20,24,0,4,65,0,69,0,4,69,20,93,144,16,160,253
11/19/2005,CNW,TX,ASW,CE,Federal Contract Tower,0,0,7,1,8,0,0,47,4,51,0,0,54,5,59,76,0,76,135
11/20/2005,CNW,TX,ASW,CE,Federal Contract Tower,2,0,4,6,12,0,0,19,1,20,2,0,23,7,32,22,8,30,62
11/21/2005,CNW,TX,ASW,CE,Federal Contract Tower,2,0,10,12,24,0,1,67,0,68,2,1,77,12,92,218,69,287,379
11/22/2005,CNW,TX,ASW,CE,Federal Contract Tower,0,0,5,10,15,0,2,48,6,56,0,2,53,16,71,166,6,172,243
11/23/2005,CNW,TX,ASW,CE,Federal Contract Tower,0,0,1,2,3,0,2,15,8,25,0,2,16,10,28,0,0,0,28
11/24/2005,CNW,TX,ASW,CE,Federal Contract Tower,0,0,0,0,0,0,0,2,0,2,0,0,2,0,2,0,0,0,2
11/25/2005,CNW,TX,ASW,CE,Federal Contract Tower,0,0,2,2,4,0,2,3,1,6,0,2,5,3,10,0,0,0,10
11/26/2005,CNW,TX,ASW,CE,Federal Contract Tower,0,0,0,2,2,0,4,2,0,6,0,4,2,2,8,0,0,0,8
11/27/2005,CNW,TX,ASW,CE,Federal Contract Tower,1,0,4,2,7,0,2,0,0,2,1,2,4,2,9,0,0,0,9
11/28/2005,CNW,TX,ASW,CE,Federal Contract Tower,1,0,8,11,20,0,4,23,17,44,1,4,31,28,64,40,8,48,112
11/29/2005,CNW,TX,ASW,CE,Federal Contract Tower,0,0,7,5,12,0,0,57,0,57,0,0,64,5,69,142,28,170,239
11/30/2005,CNW,TX,ASW,CE,Federal Contract Tower,0,0,4,7,11,0,0,60,5,65,0,0,64,12,76,248,70,318,394
12/01/2005,CNW,TX,ASW,CE,Federal Contract Tower,0,0,11,14,25,0,0,46,6,52,0,0,57,20,77,96,34,130,207
12/02/2005,CNW,TX,ASW,CE,Federal Contract Tower,0,0,5,6,11,0,0,49,3,52,0,0,54,9,63,96,56,152,215
12/03/2005,CNW,TX,ASW,CE,Federal Contract Tower,0,0,0,0,0,0,0,8,0,8,0,0,8,0,8,6,0,6,14
12/04/2005,CNW,TX,ASW,CE,Federal Contract Tower,2,0,3,8,13,0,1,19,0,20,2,1,22,8,33,14,0,14,47
12/05/2005,CNW,TX,ASW,CE,Federal Contract Tower,2,0,8,4,14,0,0,52,0,52,2,0,60,4,66,144,0,144,210
12/06/2005,CNW,TX,ASW,CE,Federal Contract Tower,0,0,11,4,15,0,0,79,0,79,0,0,90,4,94,186,0,186,280
12/07/2005,CNW,TX,ASW,CE,Federal Contract Tower,0,0,3,0,3,0,0,1,0,1,0,0,4,0,4,10,0,10,14
12/08/2005,CNW,TX,ASW,CE,Federal Contract Tower,0,0,3,15,18,0,6,18,0,24,0,6,21,15,42,38,54,92,134
12/09/2005,CNW,TX,ASW,CE,Federal Contract Tower,0,0,12,10,22,0,0,53,0,53,0,0,65,10,75,150,20,170,245
12/10/2005,CNW,TX,ASW,CE,Federal Contract Tower,0,0,7,4,11,0,0,35,0,35,0,0,42,4,46,96,0,96,142
12/11/2005,CNW,TX,ASW,CE,Federal Contract Tower,3,0,0,0,3,0,0,7,0,7,3,0,7,0,10,6,0,6,16
12/12/2005,CNW,TX,ASW,CE,Federal Contract Tower,1,0,6,12,19,0,0,55,0,55,1,0,61,12,74,116,94,210,284
12/13/2005,CNW,TX,ASW,CE,Federal Contract Tower,0,0,8,14,22,0,0,35,1,36,0,0,43,15,58,88,50,138,196
12/14/2005,CNW,TX,ASW,CE,Federal Contract Tower,0,0,14,7,21,0,2,20,0,22,0,2,34,7,43,52,0,52,95
12/15/2005,CNW,TX,ASW,CE,Federal Contract Tower,0,0,13,21,34,0,0,50,1,51,0,0,63,22,85,120,86,206,291
12/16/2005,CNW,TX,ASW,CE,Federal Contract Tower,0,0,23,4,27,0,0,32,6,38,0,0,55,10,65,112,24,136,201
12/17/2005,CNW,TX,ASW,CE,Federal Contract Tower,0,0,2,0,2,0,0,12,0,12,0,0,14,0,14,8,0,8,22
12/18/2005,CNW,TX,ASW,CE,Federal Contract Tower,2,0,2,0,4,1,2,7,0,10,3,2,9,0,14,0,0,0,14
12/19/2005,CNW,TX,ASW,CE,Federal Contract Tower,0,0,12,34,46,1,5,45,1,52,1,5,57,35,98,120,120,240,338
12/20/2005,CNW,TX,ASW,CE,Federal Contract Tower,0,0,12,21,33,0,2,34,0,36,0,2,46,21,69,120,92,212,281
12/21/2005,CNW,TX,ASW,CE,Federal Contract Tower,0,0,8,2,10,0,0,20,0,20,0,0,28,2,30,26,10,36,66
12/22/2005,CNW,TX,ASW,CE,Federal Contract Tower,0,0,3,10,13,0,0,12,3,15,0,0,15,13,28,12,8,20,48
12/23/2005,CNW,TX,ASW,CE,Federal Contract Tower,0,0,4,2,6,0,0,2,22,24,0,0,6,24,30,8,0,8,38
12/24/2005,CNW,TX,ASW,CE,Federal Contract Tower,0,0,0,0,0,0,0,11,0,11,0,0,11,0,11,2,0,2,13
12/25/2005,CNW,TX,ASW,CE,Federal Contract Tower,0,0,0,2,2,0,0,2,0,2,0,0,2,2,4,0,0,0,4
12/26/2005,CNW,TX,ASW,CE,Federal Contract Tower,1,0,1,4,6,0,0,7,12,19,1,0,8,16,25,0,0,0,25
12/27/2005,CNW,TX,ASW,CE,Federal Contract Tower,1,0,0,0,1,0,0,0,0,0,1,0,0,0,1,0,0,0,1
12/28/2005,CNW,TX,ASW,CE,Federal Contract Tower,0,0,2,0,2,0,0,4,0,4,0,0,6,0,6,0,0,0,6
12/29/2005,CNW,TX,ASW,CE,Federal Contract Tower,0,0,3,0,3,0,0,2,2,4,0,0,5,2,7,0,0,0,7
12/30/2005,CNW,TX,ASW,CE,Federal Contract Tower,0,0,0,0,0,0,0,5,0,5,0,0,5,0,5,0,0,0,5
12/31/2005,CNW,TX,ASW,CE,Federal Contract Tower,0,0,0,1,1,0,0,5,1,6,0,0,5,2,7,0,0,0,7
01/01/2006,CNW,TX,ASW,CE,Federal Contract Tower,0,0,0,11,11,0,2,0,3,5,0,2,0,14,16,0,0,0,16
01/02/2006,CNW,TX,ASW,CE,Federal Contract Tower,1,0,1,0,2,0,1,17,0,18,1,1,18,0,20,0,0,0,20
01/03/2006,CNW,TX,ASW,CE,Federal Contract Tower,1,0,4,4,9,0,0,40,0,40,1,0,44,4,49,44,16,60,109
01/04/2006,CNW,TX,ASW,CE,Federal Contract Tower,0,0,17,21,38,0,2,35,0,37,0,2,52,21,75,40,82,122,197
01/05/2006,CNW,TX,ASW,CE,Federal Contract Tower,0,0,6,14,20,0,0,17,0,17,0,0,23,14,37,68,102,170,207
01/06/2006,CNW,TX,ASW,CE,Federal Contract Tower,0,0,1,8,9,0,0,38,1,39,0,0,39,9,48,94,28,122,170
01/07/2006,CNW,TX,ASW,CE,Federal Contract Tower,0,0,3,0,3,0,6,37,0,43,0,6,40,0,46,66,10,76,122
01/08/2006,CNW,TX,ASW,CE,Federal Contract Tower,1,0,4,0,5,0,0,6,0,6,1,0,10,0,11,10,0,10,21
01/09/2006,CNW,TX,ASW,CE,Federal Contract Tower,1,0,5,17,23,0,0,31,0,31,1,0,36,17,54,44,44,88,142
01/10/2006,CNW,TX,ASW,CE,Federal Contract Tower,0,0,9,6,15,0,0,46,0,46,0,0,55,6,61,90,0,90,151
01/11/2006,CNW,TX,ASW,CE,Federal Contract Tower,0,0,11,12,23,0,0,51,2,53,0,0,62,14,76,78,42,120,196
01/12/2006,CNW,TX,ASW,CE,Federal Contract Tower,0,0,10,10,20,0,0,27,0,27,0,0,37,10,47,68,30,98,145
01/13/2006,CNW,TX,ASW,CE,Federal Contract Tower,0,0,5,13,18,0,0,55,0,55,0,0,60,13,73,86,90,176,249
01/14/2006,CNW,TX,ASW,CE,Federal Contract Tower,0,0,7,0,7,0,2,32,4,38,0,2,39,4,45,72,16,88,133
01/15/2006,CNW,TX,ASW,CE,Federal Contract Tower,1,0,0,0,1,0,0,17,0,17,1,0,17,0,18,36,0,36,54
01/16/2006,CNW,TX,ASW,CE,Federal Contract Tower,1,0,9,5,15,0,0,36,0,36,1,0,45,5,51,108,0,108,159
01/17/2006,CNW,TX,ASW,CE,Federal Contract Tower,0,0,2,6,8,0,0,20,2,22,0,0,22,8,30,100,22,122,152
01/18/2006,CNW,TX,ASW,CE,Federal Contract Tower,0,0,7,18,25,0,3,52,5,60,0,3,59,23,85,160,148,308,393
01/19/2006,CNW,TX,ASW,CE,Federal Contract Tower,0,0,9,1,10,0,0,19,5,24,0,0,28,6,34,16,18,34,68
01/20/2006,CNW,TX,ASW,CE,Federal Contract Tower,0,0,10,32,42,0,0,48,3,51,0,0,58,35,93,152,122,274,367
01/21/2006,CNW,TX,ASW,CE,Federal Contract Tower,0,0,2,4,6,0,0,19,0,19,0,0,21,4,25,22,0,22,47
01/22/2006,CNW,TX,ASW,CE,Federal Contract Tower,1,0,4,2,7,0,2,0,0,2,1,2,4,2,9,0,0,0,9
01/23/2006,CNW,TX,ASW,CE,Federal Contract Tower,1,0,4,17,22,1,0,52,0,53,2,0,56,17,75,102,78,180,255
01/24/2006,CNW,TX,ASW,CE,Federal Contract Tower,0,1,12,6,19,0,4,86,2,92,0,5,98,8,111,220,60,280,391
01/25/2006,CNW,TX,ASW,CE,Federal Contract Tower,0,0,9,15,24,0,0,100,0,100,0,0,109,15,124,200,92,292,416
01/26/2006,CNW,TX,ASW,CE,Federal Contract Tower,0,0,7,9,16,0,0,65,1,66,0,0,72,10,82,178,52,230,312
01/27/2006,CNW,TX,ASW,CE,Federal Contract Tower,0,0,11,9,20,0,0,8,2,10,0,0,19,11,30,42,16,58,88
01/28/2006,CNW,TX,ASW,CE,Federal Contract Tower,0,0,4,0,4,0,0,2,0,2,0,0,6,0,6,10,0,10,16
01/29/2006,CNW,TX,ASW,CE,Federal Contract Tower,1,0,7,4,12,0,0,11,0,11,1,0,18,4,23,8,50,58,81
01/30/2006,CNW,TX,ASW,CE,Federal Contract Tower,0,0,8,15,23,0,0,63,0,63,0,0,71,15,86,88,54,142,228
01/31/2006,CNW,TX,ASW,CE,Federal Contract Tower,0,0,9,29,38,0,0,84,9,93,0,0,93,38,131,106,98,204,335
02/01/2006,CNW,TX,ASW,CE,Federal Contract Tower,0,0,9,0,9,0,0,6,2,8,0,0,15,2,17,60,0,60,77
02/02/2006,CNW,TX,ASW,CE,Federal Contract Tower,0,0,7,3,10,0,0,53,2,55,0,0,60,5,65,64,16,80,145
02/03/2006,CNW,TX,ASW,CE,Federal Contract Tower,0,0,0,7,7,0,0,12,6,18,0,0,12,13,25,10,12,22,47
02/04/2006,CNW,TX,ASW,CE,Federal Contract Tower,0,0,7,0,7,0,0,14,1,15,0,0,21,1,22,0,0,0,22
02/05/2006,CNW,TX,ASW,CE,Federal Contract Tower,1,0,3,10,14,0,0,19,7,26,1,0,22,17,40,2,0,2,42
02/06/2006,CNW,TX,ASW,CE,Federal Contract Tower,1,0,9,1,11,0,0,23,4,27,1,0,32,5,38,24,0,24,62
02/07/2006,CNW,TX,ASW,CE,Federal Contract Tower,0,0,11,4,15,0,0,77,0,77,0,0,88,4,92,244,20,264,356
02/08/2006,CNW,TX,ASW,CE,Federal Contract Tower,0,0,21,20,41,0,0,62,1,63,0,0,83,21,104,62,66,128,232
02/09/2006,CNW,TX,ASW,CE,Federal Contract Tower,0,0,20,2,22,0,0,68,0,68,0,0,88,2,90,172,26,198,288
02/10/2006,CNW,TX,ASW,CE,Federal Contract Tower,0,0,8,9,17,0,0,4,0,4,0,0,12,9,21,0,0,0,21
02/11/2006,CNW,TX,ASW,CE,Federal Contract Tower,0,0,0,0,0,0,0,6,0,6,0,0,6,0,6,6,0,6,12
02/12/2006,CNW,TX,ASW,CE,Federal Contract Tower,2,0,11,0,13,0,0,16,0,16,2,0,27,0,29,0,0,0,29
02/13/2006,CNW,TX,ASW,CE,Federal Contract Tower,2,0,19,27,48,0,0,69,0,69,2,0,88,27,117,192,24,216,333
02/14/2006,CNW,TX,ASW,CE,Federal Contract Tower,0,0,18,14,32,0,0,57,3,60,0,0,75,17,92,128,42,170,262
02/15/2006,CNW,TX,ASW,CE,Federal Contract Tower,0,0,8,2,10,0,2,22,0,24,0,2,30,2,34,30,24,54,88
02/16/2006,CNW,TX,ASW,CE,Federal Contract Tower,0,0,21,18,39,0,0,25,3,28,0,0,46,21,67,126,18,144,211
02/17/2006,CNW,TX,ASW,CE,Federal Contract Tower,0,0,17,13,30,0,0,10,0,10,0,0,27,13,40,42,2,44,84
02/18/2006,CNW,TX,ASW,CE,Federal Contract Tower,0,0,0,0,0,0,0,0,0,0,0,0,0,0,0,0,0,0,0
02/19/2006,CNW,TX,ASW,CE,Federal Contract Tower,1,0,0,0,1,0,0,0,0,0,1,0,0,0,1,0,0,0,1
02/20/2006,CNW,TX,ASW,CE,Federal Contract Tower,1,0,2,0,3,0,0,0,0,0,1,0,2,0,3,0,0,0,3
02/21/2006,CNW,TX,ASW,CE,Federal Contract Tower,0,1,3,0,4,0,0,0,0,0,0,1,3,0,4,0,0,0,4
02/22/2006,CNW,TX,ASW,CE,Federal Contract Tower,0,0,0,6,6,0,0,0,0,0,0,0,0,6,6,0,0,0,6
02/23/2006,CNW,TX,ASW,CE,Federal Contract Tower,0,0,18,33,51,0,0,61,8,69,0,0,79,41,120,94,82,176,296
02/24/2006,CNW,TX,ASW,CE,Federal Contract Tower,0,0,29,13,42,0,0,16,0,16,0,0,45,13,58,18,118,136,194
02/25/2006,CNW,TX,ASW,CE,Federal Contract Tower,0,0,2,0,2,0,0,0,0,0,0,0,2,0,2,0,0,0,2
02/26/2006,CNW,TX,ASW,CE,Federal Contract Tower,1,0,2,2,5,0,0,34,0,34,1,0,36,2,39,38,0,38,77
02/27/2006,CNW,TX,ASW,CE,Federal Contract Tower,1,0,10,4,15,0,0,43,0,43,1,0,53,4,58,66,28,94,152
02/28/2006,CNW,TX,ASW,CE,Federal Contract Tower,0,0,14,3,17,0,0,82,0,82,0,0,96,3,99,152,30,182,281
03/01/2006,CNW,TX,ASW,CE,Federal Contract Tower,0,0,6,9,15,0,2,53,0,55,0,2,59,9,70,108,8,116,186
03/02/2006,CNW,TX,ASW,CE,Federal Contract Tower,0,0,7,17,24,0,0,71,5,76,0,0,78,22,100,158,94,252,352
03/03/2006,CNW,TX,ASW,CE,Federal Contract Tower,0,0,16,0,16,0,0,61,2,63,0,0,77,2,79,122,0,122,201
03/04/2006,CNW,TX,ASW,CE,Federal Contract Tower,0,0,2,3,5,0,0,34,2,36,0,0,36,5,41,84,0,84,125
03/05/2006,CNW,TX,ASW,CE,Federal Contract Tower,1,1,0,8,10,0,1,8,7,16,1,2,8,15,26,16,0,16,42
03/06/2006,CNW,TX,ASW,CE,Federal Contract Tower,1,0,10,5,16,0,0,35,0,35,1,0,45,5,51,56,0,56,107
03/07/2006,CNW,TX,ASW,CE,Federal Contract Tower,0,1,6,2,9,0,3,13,6,22,0,4,19,8,31,38,6,44,75
03/08/2006,CNW,TX,ASW,CE,Federal Contract Tower,0,0,7,3,10,0,2,33,14,49,0,2,40,17,59,52,0,52,111
03/09/2006,CNW,TX,ASW,CE,Federal Contract Tower,0,0,1,7,8,0,4,30,6,40,0,4,31,13,48,30,2,32,80
03/10/2006,CNW,TX,ASW,CE,Federal Contract Tower,0,0,7,21,28,0,0,50,15,65,0,0,57,36,93,84,110,194,287
03/11/2006,CNW,TX,ASW,CE,Federal Contract Tower,0,0,4,0,4,0,3,21,0,24,0,3,25,0,28,82,0,82,110
03/12/2006,CNW,TX,ASW,CE,Federal Contract Tower,1,0,1,2,4,0,0,7,0,7,1,0,8,2,11,0,0,0,11
03/13/2006,CNW,TX,ASW,CE,Federal Contract Tower,1,2,4,1,8,0,0,39,0,39,1,2,43,1,47,74,22,96,143
03/14/2006,CNW,TX,ASW,CE,Federal Contract Tower,0,0,9,8,17,0,0,65,0,65,0,0,74,8,82,134,8,142,224
03/15/2006,CNW,TX,ASW,CE,Federal Contract Tower,0,0,4,14,18,0,2,45,0,47,0,2,49,14,65,98,72,170,235
03/16/2006,CNW,TX,ASW,CE,Federal Contract Tower,0,0,8,6,14,0,0,19,0,19,0,0,27,6,33,84,14,98,131
03/17/2006,CNW,TX,ASW,CE,Federal Contract Tower,0,0,6,3,9,0,0,18,1,19,0,0,24,4,28,8,26,34,62
03/18/2006,CNW,TX,ASW,CE,Federal Contract Tower,0,0,0,0,0,0,2,0,2,4,0,2,0,2,4,0,34,34,38
03/19/2006,CNW,TX,ASW,CE,Federal Contract Tower,1,0,3,0,4,0,0,0,0,0,1,0,3,0,4,4,0,4,8
03/20/2006,CNW,TX,ASW,CE,Federal Contract Tower,1,1,3,6,11,0,2,5,1,8,1,3,8,7,19,12,20,32,51
03/21/2006,CNW,TX,ASW,CE,Federal Contract Tower,1,0,7,6,14,0,0,53,1,54,1,0,60,7,68,110,36,146,214
03/22/2006,CNW,TX,ASW,CE,Federal Contract Tower,0,0,20,13,33,0,0,46,5,51,0,0,66,18,84,130,22,152,236
03/23/2006,CNW,TX,ASW,CE,Federal Contract Tower,0,0,14,0,14,0,4,33,0,37,0,4,47,0,51,94,0,94,145
03/24/2006,CNW,TX,ASW,CE,Federal Contract Tower,0,0,6,22,28,0,0,75,1,76,0,0,81,23,104,114,24,138,242
03/25/2006,CNW,TX,ASW,CE,Federal Contract Tower,0,0,3,0,3,0,0,49,0,49,0,0,52,0,52,72,0,72,124
03/26/2006,CNW,TX,ASW,CE,Federal Contract Tower,1,0,0,4,5,0,0,15,0,15,1,0,15,4,20,10,0,10,30
03/27/2006,CNW,TX,ASW,CE,Federal Contract Tower,1,0,15,0,16,0,0,35,0,35,1,0,50,0,51,78,0,78,129
03/28/2006,CNW,TX,ASW,CE,Federal Contract Tower,0,1,2,5,8,0,3,23,7,33,0,4,25,12,41,62,4,66,107
03/29/2006,CNW,TX,ASW,CE,Federal Contract Tower,0,0,25,1,26,0,1,17,0,18,0,1,42,1,44,58,0,58,102
03/30/2006,CNW,TX,ASW,CE,Federal Contract Tower,0,0,5,5,10,0,0,27,6,33,0,0,32,11,43,22,8,30,73
03/31/2006,CNW,TX,ASW,CE,Federal Contract Tower,0,0,8,10,18,0,0,15,7,22,0,0,23,17,40,32,16,48,88
04/01/2006,CNW,TX,ASW,CE,Federal Contract Tower,0,0,4,0,4,0,0,1,0,1,0,0,5,0,5,0,0,0,5
04/02/2006,CNW,TX,ASW,CE,Federal Contract Tower,1,0,2,1,4,0,0,8,0,8,1,0,10,1,12,0,0,0,12
04/03/2006,CNW,TX,ASW,CE,Federal Contract Tower,1,1,7,16,25,0,3,41,12,56,1,4,48,28,81,100,26,126,207
04/04/2006,CNW,TX,ASW,CE,Federal Contract Tower,0,0,7,8,15,0,0,81,0,81,0,0,88,8,96,288,0,288,384
04/05/2006,CNW,TX,ASW,CE,Federal Contract Tower,0,0,12,26,38,0,0,51,0,51,0,0,63,26,89,102,50,152,241
04/06/2006,CNW,TX,ASW,CE,Federal Contract Tower,0,0,4,20,24,0,0,42,0,42,0,0,46,20,66,148,20,168,234
04/07/2006,CNW,TX,ASW,CE,Federal Contract Tower,0,0,17,13,30,0,0,50,0,50,0,0,67,13,80,26,18,44,124
04/08/2006,CNW,TX,ASW,CE,Federal Contract Tower,0,0,4,8,12,0,0,15,6,21,0,0,19,14,33,14,0,14,47
04/09/2006,CNW,TX,ASW,CE,Federal Contract Tower,1,0,2,5,8,0,0,27,4,31,1,0,29,9,39,34,24,58,97
04/10/2006,CNW,TX,ASW,CE,Federal Contract Tower,1,0,6,8,15,0,0,57,8,65,1,0,63,16,80,62,50,112,192
04/11/2006,CNW,TX,ASW,CE,Federal Contract Tower,0,0,16,3,19,0,0,59,0,59,0,0,75,3,78,96,0,96,174
04/12/2006,CNW,TX,ASW,CE,Federal Contract Tower,0,0,8,0,8,0,0,42,0,42,0,0,50,0,50,108,0,108,158
04/13/2006,CNW,TX,ASW,CE,Federal Contract Tower,0,0,8,10,18,0,0,31,2,33,0,0,39,12,51,74,46,120,171
04/14/2006,CNW,TX,ASW,CE,Federal Contract Tower,0,0,5,23,28,0,0,22,0,22,0,0,27,23,50,18,42,60,110
04/15/2006,CNW,TX,ASW,CE,Federal Contract Tower,0,0,0,0,0,0,0,3,0,3,0,0,3,0,3,0,0,0,3
04/16/2006,CNW,TX,ASW,CE,Federal Contract Tower,1,0,0,0,1,0,0,1,0,1,1,0,1,0,2,0,0,0,2
04/17/2006,CNW,TX,ASW,CE,Federal Contract Tower,1,0,4,20,25,0,0,46,0,46,1,0,50,20,71,54,46,100,171
04/18/2006,CNW,TX,ASW,CE,Federal Contract Tower,0,0,18,7,25,0,0,55,2,57,0,0,73,9,82,112,22,134,216
04/19/2006,CNW,TX,ASW,CE,Federal Contract Tower,0,0,12,6,18,0,0,45,0,45,0,0,57,6,63,187,20,207,270
04/20/2006,CNW,TX,ASW,CE,Federal Contract Tower,0,0,4,0,4,0,0,18,0,18,0,0,22,0,22,64,0,64,86
04/21/2006,CNW,TX,ASW,CE,Federal Contract Tower,0,0,13,20,33,0,0,35,0,35,0,0,48,20,68,74,6,80,148
04/22/2006,CNW,TX,ASW,CE,Federal Contract Tower,0,0,5,4,9,0,0,47,0,47,0,0,52,4,56,48,0,48,104
04/23/2006,CNW,TX,ASW,CE,Federal Contract Tower,1,0,1,0,2,0,2,9,0,11,1,2,10,0,13,36,0,36,49
04/24/2006,CNW,TX,ASW,CE,Federal Contract Tower,1,0,23,7,31,0,0,44,4,48,1,0,67,11,79,60,28,88,167
04/25/2006,CNW,TX,ASW,CE,Federal Contract Tower,0,0,8,2,10,0,2,30,0,32,0,2,38,2,42,62,0,62,104
04/26/2006,CNW,TX,ASW,CE,Federal Contract Tower,0,0,17,6,23,0,0,57,0,57,0,0,74,6,80,146,30,176,256
04/27/2006,CNW,TX,ASW,CE,Federal Contract Tower,0,0,9,16,25,0,0,66,0,66,0,0,75,16,91,154,54,208,299
04/28/2006,CNW,TX,ASW,CE,Federal Contract Tower,0,0,14,0,14,0,0,20,0,20,0,0,34,0,34,88,0,88,122
04/29/2006,CNW,TX,ASW,CE,Federal Contract Tower,0,0,15,0,15,0,0,14,0,14,0,0,29,0,29,4,0,4,33
04/30/2006,CNW,TX,ASW,CE,Federal Contract Tower,1,0,7,0,8,0,0,24,1,25,1,0,31,1,33,18,0,18,51
05/01/2006,CNW,TX,ASW,CE,Federal Contract Tower,1,0,5,7,13,0,0,40,0,40,1,0,45,7,53,52,6,58,111
05/02/2006,CNW,TX,ASW,CE,Federal Contract Tower,0,0,8,19,27,0,0,41,0,41,0,0,49,19,68,86,16,102,170
05/03/2006,CNW,TX,ASW,CE,Federal Contract Tower,0,0,9,3,12,0,2,40,2,44,0,2,49,5,56,64,0,64,120
05/04/2006,CNW,TX,ASW,CE,Federal Contract Tower,0,0,12,0,12,0,0,40,0,40,0,0,52,0,52,36,0,36,88
05/05/2006,CNW,TX,ASW,CE,Federal Contract Tower,0,0,5,2,7,0,0,43,0,43,0,0,48,2,50,86,34,120,170
05/06/2006,CNW,TX,ASW,CE,Federal Contract Tower,0,0,2,0,2,0,0,19,0,19,0,0,21,0,21,0,0,0,21
05/07/2006,CNW,TX,ASW,CE,Federal Contract Tower,0,7,0,0,7,0,4,14,0,18,0,11,14,0,25,8,0,8,33
05/08/2006,CNW,TX,ASW,CE,Federal Contract Tower,1,0,4,0,5,0,4,27,0,31,1,4,31,0,36,62,0,62,98
05/09/2006,CNW,TX,ASW,CE,Federal Contract Tower,0,0,18,12,30,0,2,24,0,26,0,2,42,12,56,56,14,70,126
05/10/2006,CNW,TX,ASW,CE,Federal Contract Tower,0,0,5,10,15,0,4,33,0,37,0,4,38,10,52,77,26,103,155
05/11/2006,CNW,TX,ASW,CE,Federal Contract Tower,0,0,8,2,10,0,0,58,0,58,0,0,66,2,68,76,28,104,172
05/12/2006,CNW,TX,ASW,CE,Federal Contract Tower,0,0,11,23,34,0,0,68,2,70,0,0,79,25,104,38,78,116,220
05/13/2006,CNW,TX,ASW,CE,Federal Contract Tower,0,0,0,0,0,0,4,28,0,32,0,4,28,0,32,0,0,0,32
05/14/2006,CNW,TX,ASW,CE,Federal Contract Tower,0,1,1,0,2,0,0,1,0,1,0,1,2,0,3,0,0,0,3
05/15/2006,CNW,TX,ASW,CE,Federal Contract Tower,1,0,6,10,17,0,4,26,1,31,1,4,32,11,48,20,18,38,86
05/16/2006,CNW,TX,ASW,CE,Federal Contract Tower,0,0,6,14,20,0,0,53,2,55,0,0,59,16,75,108,56,164,239
05/17/2006,CNW,TX,ASW,CE,Federal Contract Tower,0,0,10,0,10,0,0,50,0,50,0,0,60,0,60,94,0,94,154
05/18/2006,CNW,TX,ASW,CE,Federal Contract Tower,0,0,1,11,12,0,0,56,1,57,0,0,57,12,69,150,56,206,275
05/19/2006,CNW,TX,ASW,CE,Federal Contract Tower,0,0,0,10,10,0,0,43,3,46,0,0,43,13,56,16,4,20,76
05/20/2006,CNW,TX,ASW,CE,Federal Contract Tower,0,0,0,9,9,0,0,31,0,31,0,0,31,9,40,12,6,18,58
05/21/2006,CNW,TX,ASW,CE,Federal Contract Tower,1,0,2,2,5,0,2,15,0,17,1,2,17,2,22,4,0,4,26
05/22/2006,CNW,TX,ASW,CE,Federal Contract Tower,1,0,10,0,11,0,0,29,0,29,1,0,39,0,40,60,0,60,100
05/23/2006,CNW,TX,ASW,CE,Federal Contract Tower,0,0,16,6,22,0,2,27,2,31,0,2,43,8,53,86,30,116,169
05/24/2006,CNW,TX,ASW,CE,Federal Contract Tower,0,0,8,10,18,0,2,56,0,58,0,2,64,10,76,122,38,160,236
05/25/2006,CNW,TX,ASW,CE,Federal Contract Tower,0,0,10,10,20,0,0,31,0,31,0,0,41,10,51,82,0,82,133
05/26/2006,CNW,TX,ASW,CE,Federal Contract Tower,0,0,4,0,4,0,0,23,0,23,0,0,27,0,27,8,0,8,35
05/27/2006,CNW,TX,ASW,CE,Federal Contract Tower,0,0,4,0,4,0,4,16,0,20,0,4,20,0,24,10,0,10,34
05/28/2006,CNW,TX,ASW,CE,Federal Contract Tower,1,0,0,0,1,0,0,2,0,2,1,0,2,0,3,12,0,12,15
05/29/2006,CNW,TX,ASW,CE,Federal Contract Tower,0,0,4,0,4,0,2,11,0,13,0,2,15,0,17,6,0,6,23
05/30/2006,CNW,TX,ASW,CE,Federal Contract Tower,1,0,13,16,30,0,4,18,0,22,1,4,31,16,52,70,38,108,160
05/31/2006,CNW,TX,ASW,CE,Federal Contract Tower,0,0,9,9,18,0,0,27,0,27,0,0,36,9,45,30,32,62,107
06/01/2006,CNW,TX,ASW,CE,Federal Contract Tower,0,0,10,0,10,0,0,34,0,34,0,0,44,0,44,100,0,100,144
06/02/2006,CNW,TX,ASW,CE,Federal Contract Tower,0,0,4,2,6,0,0,35,2,37,0,0,39,4,43,36,0,36,79
06/03/2006,CNW,TX,ASW,CE,Federal Contract Tower,0,0,6,8,14,0,0,85,1,86,0,0,91,9,100,40,0,40,140
06/04/2006,CNW,TX,ASW,CE,Federal Contract Tower,1,1,1,1,4,0,4,85,2,91,1,5,86,3,95,114,4,118,213
06/05/2006,CNW,TX,ASW,CE,Federal Contract Tower,1,0,8,2,11,0,0,130,0,130,1,0,138,2,141,310,0,310,451
06/06/2006,CNW,TX,ASW,CE,Federal Contract Tower,0,0,6,6,12,0,0,129,0,129,0,0,135,6,141,518,6,524,665
06/07/2006,CNW,TX,ASW,CE,Federal Contract Tower,0,0,6,0,6,0,2,144,0,146,0,2,150,0,152,488,0,488,640
06/08/2006,CNW,TX,ASW,CE,Federal Contract Tower,0,0,4,0,4,0,0,151,0,151,0,0,155,0,155,518,0,518,673
06/09/2006,CNW,TX,ASW,CE,Federal Contract Tower,0,0,1,5,6,0,0,104,0,104,0,0,105,5,110,208,10,218,328
06/10/2006,CNW,TX,ASW,CE,Federal Contract Tower,0,0,5,0,5,0,0,36,0,36,0,0,41,0,41,0,0,0,41
06/11/2006,CNW,TX,ASW,CE,Federal Contract Tower,1,0,4,6,11,0,0,12,0,12,1,0,16,6,23,8,6,14,37
06/12/2006,CNW,TX,ASW,CE,Federal Contract Tower,1,0,4,21,26,0,0,57,3,60,1,0,61,24,86,54,62,116,202
06/13/2006,CNW,TX,ASW,CE,Federal Contract Tower,0,0,4,16,20,0,0,44,10,54,0,0,48,26,74,42,40,82,156
06/14/2006,CNW,TX,ASW,CE,Federal Contract Tower,0,0,1,8,9,0,0,59,0,59,0,0,60,8,68,62,74,136,204
06/15/2006,CNW,TX,ASW,CE,Federal Contract Tower,0,0,6,23,29,0,0,58,7,65,0,0,64,30,94,72,26,98,192
06/16/2006,CNW,TX,ASW,CE,Federal Contract Tower,0,0,9,3,12,0,0,15,9,24,0,0,24,12,36,22,0,22,58
06/17/2006,CNW,TX,ASW,CE,Federal Contract Tower,0,0,2,1,3,0,0,2,0,2,0,0,4,1,5,0,0,0,5
06/18/2006,CNW,TX,ASW,CE,Federal Contract Tower,1,0,0,4,5,0,4,6,22,32,1,4,6,26,37,14,0,14,51
06/19/2006,CNW,TX,ASW,CE,Federal Contract Tower,1,0,4,1,6,0,4,24,0,28,1,4,28,1,34,24,0,24,58
06/20/2006,CNW,TX,ASW,CE,Federal Contract Tower,0,0,11,0,11,0,0,21,0,21,0,0,32,0,32,37,0,37,69
06/21/2006,CNW,TX,ASW,CE,Federal Contract Tower,0,0,4,6,10,0,0,28,2,30,0,0,32,8,40,86,10,96,136
06/22/2006,CNW,TX,ASW,CE,Federal Contract Tower,0,0,12,5,17,0,9,21,1,31,0,9,33,6,48,42,4,46,94
06/23/2006,CNW,TX,ASW,CE,Federal Contract Tower,0,0,6,0,6,0,0,45,0,45,0,0,51,0,51,72,0,72,123
06/24/2006,CNW,TX,ASW,CE,Federal Contract Tower,0,0,0,0,0,0,4,12,0,16,0,4,12,0,16,46,0,46,62
06/25/2006,CNW,TX,ASW,CE,Federal Contract Tower,1,0,9,2,12,0,0,17,0,17,1,0,26,2,29,12,0,12,41
06/26/2006,CNW,TX,ASW,CE,Federal Contract Tower,1,0,7,8,16,0,4,49,0,53,1,4,56,8,69,74,8,82,151
06/27/2006,CNW,TX,ASW,CE,Federal Contract Tower,0,0,4,15,19,0,0,52,5,57,0,0,56,20,76,98,116,214,290
06/28/2006,CNW,TX,ASW,CE,Federal Contract Tower,0,0,18,7,25,0,0,68,0,68,0,0,86,7,93,66,30,96,189
06/29/2006,CNW,TX,ASW,CE,Federal Contract Tower,0,0,1,12,13,0,0,38,1,39,0,0,39,13,52,36,38,74,126
06/30/2006,CNW,TX,ASW,CE,Federal Contract Tower,0,0,9,6,15,0,0,58,0,58,0,0,67,6,73,74,0,74,147
07/01/2006,CNW,TX,ASW,CE,Federal Contract Tower,0,0,3,0,3,0,0,16,0,16,0,0,19,0,19,14,0,14,33
07/02/2006,CNW,TX,ASW,CE,Federal Contract Tower,1,0,0,0,1,0,0,8,0,8,1,0,8,0,9,12,0,12,21
07/03/2006,CNW,TX,ASW,CE,Federal Contract Tower,1,0,10,0,11,0,0,8,0,8,1,0,18,0,19,32,0,32,51
07/04/2006,CNW,TX,ASW,CE,Federal Contract Tower,0,0,0,0,0,0,0,8,0,8,0,0,8,0,8,14,0,14,22
07/05/2006,CNW,TX,ASW,CE,Federal Contract Tower,0,0,6,0,6,0,0,13,2,15,0,0,19,2,21,28,0,28,49
07/06/2006,CNW,TX,ASW,CE,Federal Contract Tower,0,0,5,0,5,0,0,21,0,21,0,0,26,0,26,12,0,12,38
07/07/2006,CNW,TX,ASW,CE,Federal Contract Tower,0,0,4,6,10,0,0,44,1,45,0,0,48,7,55,34,22,56,111
07/08/2006,CNW,TX,ASW,CE,Federal Contract Tower,0,0,9,0,9,0,0,26,0,26,0,0,35,0,35,54,0,54,89
07/09/2006,CNW,TX,ASW,CE,Federal Contract Tower,1,0,2,2,5,0,0,12,0,12,1,0,14,2,17,22,4,26,43
07/10/2006,CNW,TX,ASW,CE,Federal Contract Tower,1,0,7,10,18,0,0,27,0,27,1,0,34,10,45,14,30,44,89
07/11/2006,CNW,TX,ASW,CE,Federal Contract Tower,0,0,11,9,20,0,2,34,0,36,0,2,45,9,56,98,22,120,176
07/12/2006,CNW,TX,ASW,CE,Federal Contract Tower,0,0,6,2,8,0,0,56,0,56,0,0,62,2,64,76,12,88,152
07/13/2006,CNW,TX,ASW,CE,Federal Contract Tower,0,0,13,9,22,0,0,62,0,62,0,0,75,9,84,90,46,136,220
07/14/2006,CNW,TX,ASW,CE,Federal Contract Tower,0,0,7,2,9,0,0,49,5,54,0,0,56,7,63,62,0,62,125
07/15/2006,CNW,TX,ASW,CE,Federal Contract Tower,0,0,8,0,8,0,0,54,0,54,0,0,62,0,62,40,0,40,102
07/16/2006,CNW,TX,ASW,CE,Federal Contract Tower,3,0,8,0,11,0,2,13,2,17,3,2,21,2,28,44,0,44,72
07/17/2006,CNW,TX,ASW,CE,Federal Contract Tower,0,0,6,8,14,1,0,51,0,52,1,0,57,8,66,52,0,52,118
07/18/2006,CNW,TX,ASW,CE,Federal Contract Tower,0,0,6,6,12,0,2,60,9,71,0,2,66,15,83,52,8,60,143
07/19/2006,CNW,TX,ASW,CE,Federal Contract Tower,0,0,5,0,5,0,0,55,0,55,0,0,60,0,60,62,0,62,122
07/20/2006,CNW,TX,ASW,CE,Federal Contract Tower,0,0,17,3,20,0,0,55,2,57,0,0,72,5,77,94,18,112,189
07/21/2006,CNW,TX,ASW,CE,Federal Contract Tower,0,0,6,17,23,0,9,25,2,36,0,9,31,19,59,34,32,66,125
07/22/2006,CNW,TX,ASW,CE,Federal Contract Tower,0,0,7,0,7,0,0,9,0,9,0,0,16,0,16,0,0,0,16
07/23/2006,CNW,TX,ASW,CE,Federal Contract Tower,1,0,1,6,8,0,0,9,8,17,1,0,10,14,25,0,0,0,25
07/24/2006,CNW,TX,ASW,CE,Federal Contract Tower,1,0,10,14,25,0,6,30,4,40,1,6,40,18,65,66,28,94,159
07/25/2006,CNW,TX,ASW,CE,Federal Contract Tower,0,0,13,6,19,0,0,24,5,29,0,0,37,11,48,42,24,66,114
07/26/2006,CNW,TX,ASW,CE,Federal Contract Tower,0,0,19,0,19,0,0,27,0,27,0,0,46,0,46,30,0,30,76
07/27/2006,CNW,TX,ASW,CE,Federal Contract Tower,0,0,5,13,18,0,0,39,0,39,0,0,44,13,57,44,48,92,149
07/28/2006,CNW,TX,ASW,CE,Federal Contract Tower,0,0,6,14,20,0,0,60,1,61,0,0,66,15,81,104,64,168,249
07/29/2006,CNW,TX,ASW,CE,Federal Contract Tower,0,0,2,0,2,0,0,16,0,16,0,0,18,0,18,6,0,6,24
07/30/2006,CNW,TX,ASW,CE,Federal Contract Tower,1,0,8,0,9,0,2,9,0,11,1,2,17,0,20,2,0,2,22
07/31/2006,CNW,TX,ASW,CE,Federal Contract Tower,1,0,6,19,26,0,0,40,0,40,1,0,46,19,66,72,74,146,212
08/01/2006,CNW,TX,ASW,CE,Federal Contract Tower,0,0,9,26,35,0,2,27,13,42,0,2,36,39,77,86,78,164,241
08/02/2006,CNW,TX,ASW,CE,Federal Contract Tower,0,0,4,29,33,0,0,26,1,27,0,0,30,30,60,56,80,136,196
08/03/2006,CNW,TX,ASW,CE,Federal Contract Tower,0,0,2,26,28,0,2,16,11,29,0,2,18,37,57,40,34,74,131
08/04/2006,CNW,TX,ASW,CE,Federal Contract Tower,0,0,1,0,1,0,0,5,0,5,0,0,6,0,6,0,0,0,6
08/05/2006,CNW,TX,ASW,CE,Federal Contract Tower,0,0,6,2,8,0,2,10,0,12,0,2,16,2,20,0,0,0,20
08/06/2006,CNW,TX,ASW,CE,Federal Contract Tower,1,0,3,2,6,0,0,6,2,8,1,0,9,4,14,0,6,6,20
08/07/2006,CNW,TX,ASW,CE,Federal Contract Tower,1,0,9,3,13,0,4,6,0,10,1,4,15,3,23,0,14,14,37
08/08/2006,CNW,TX,ASW,CE,Federal Contract Tower,0,0,2,2,4,0,0,37,0,37,0,0,39,2,41,0,0,0,41
08/09/2006,CNW,TX,ASW,CE,Federal Contract Tower,0,0,13,7,20,0,0,16,5,21,0,0,29,12,41,0,54,54,95
08/10/2006,CNW,TX,ASW,CE,Federal Contract Tower,0,0,10,20,30,0,0,22,19,41,0,0,32,39,71,34,26,60,131
08/11/2006,CNW,TX,ASW,CE,Federal Contract Tower,0,0,2,2,4,0,0,8,3,11,0,0,10,5,15,0,0,0,15
08/12/2006,CNW,TX,ASW,CE,Federal Contract Tower,0,0,5,0,5,0,0,7,1,8,0,0,12,1,13,0,4,4,17
08/13/2006,CNW,TX,ASW,CE,Federal Contract Tower,1,0,7,7,15,0,0,9,7,16,1,0,16,14,31,0,0,0,31
08/14/2006,CNW,TX,ASW,CE,Federal Contract Tower,1,0,2,22,25,0,2,49,4,55,1,2,51,26,80,98,88,186,266
08/15/2006,CNW,TX,ASW,CE,Federal Contract Tower,0,0,1,8,9,0,2,43,0,45,0,2,44,8,54,66,22,88,142
08/16/2006,CNW,TX,ASW,CE,Federal Contract Tower,0,0,4,16,20,0,0,48,0,48,0,0,52,16,68,60,54,114,182
08/17/2006,CNW,TX,ASW,CE,Federal Contract Tower,0,0,5,10,15,0,0,37,1,38,0,0,42,11,53,16,46,62,115
08/18/2006,CNW,TX,ASW,CE,Federal Contract Tower,0,0,5,0,5,0,0,41,1,42,0,0,46,1,47,36,0,36,83
08/19/2006,CNW,TX,ASW,CE,Federal Contract Tower,0,0,14,0,14,0,0,12,0,12,0,0,26,0,26,10,0,10,36
08/20/2006,CNW,TX,ASW,CE,Federal Contract Tower,1,0,4,0,5,0,2,15,0,17,1,2,19,0,22,30,0,30,52
08/21/2006,CNW,TX,ASW,CE,Federal Contract Tower,1,0,7,5,13,0,2,37,4,43,1,2,44,9,56,80,40,120,176
08/22/2006,CNW,TX,ASW,CE,Federal Contract Tower,0,0,18,31,49,0,0,37,0,37,0,0,55,31,86,78,56,134,220
08/23/2006,CNW,TX,ASW,CE,Federal Contract Tower,0,0,27,8,35,0,2,37,0,39,0,2,64,8,74,36,16,52,126
08/24/2006,CNW,TX,ASW,CE,Federal Contract Tower,0,0,10,6,16,0,0,48,0,48,0,0,58,6,64,54,42,96,160
08/25/2006,CNW,TX,ASW,CE,Federal Contract Tower,0,0,2,3,5,2,2,27,0,31,2,2,29,3,36,64,12,76,112
08/26/2006,CNW,TX,ASW,CE,Federal Contract Tower,0,0,3,0,3,0,6,13,2,21,0,6,16,2,24,0,0,0,24
08/27/2006,CNW,TX,ASW,CE,Federal Contract Tower,1,0,0,4,5,0,6,2,6,14,1,6,2,10,19,2,0,2,21
08/28/2006,CNW,TX,ASW,CE,Federal Contract Tower,1,0,2,1,4,0,7,21,0,28,1,7,23,1,32,24,0,24,56
08/29/2006,CNW,TX,ASW,CE,Federal Contract Tower,0,0,7,2,9,0,0,27,8,35,0,0,34,10,44,84,6,90,134
08/30/2006,CNW,TX,ASW,CE,Federal Contract Tower,0,0,6,6,12,0,0,34,11,45,0,0,40,17,57,24,2,26,83
08/31/2006,CNW,TX,ASW,CE,Federal Contract Tower,0,0,24,10,34,0,0,55,0,55,0,0,79,10,89,78,32,110,199
09/01/2006,CNW,TX,ASW,CE,Federal Contract Tower,0,0,20,0,20,0,0,44,0,44,0,0,64,0,64,54,0,54,118
09/02/2006,CNW,TX,ASW,CE,Federal Contract Tower,0,3,7,0,10,0,1,13,2,16,0,4,20,2,26,0,8,8,34
09/03/2006,CNW,TX,ASW,CE,Federal Contract Tower,1,0,0,0,1,0,0,5,0,5,1,0,5,0,6,0,0,0,6
09/04/2006,CNW,TX,ASW,CE,Federal Contract Tower,0,0,12,0,12,0,0,11,0,11,0,0,23,0,23,20,0,20,43
09/05/2006,CNW,TX,ASW,CE,Federal Contract Tower,1,0,7,14,22,0,2,37,0,39,1,2,44,14,61,82,10,92,153
09/06/2006,CNW,TX,ASW,CE,Federal Contract Tower,0,0,9,24,33,0,0,55,0,55,0,0,64,24,88,68,62,130,218
09/07/2006,CNW,TX,ASW,CE,Federal Contract Tower,0,0,17,0,17,0,0,95,0,95,0,0,112,0,112,28,0,28,140
09/08/2006,CNW,TX,ASW,CE,Federal Contract Tower,0,0,17,4,21,0,2,66,0,68,0,2,83,4,89,40,18,58,147
09/09/2006,CNW,TX,ASW,CE,Federal Contract Tower,0,0,1,0,1,0,0,31,0,31,0,0,32,0,32,62,0,62,94
09/10/2006,CNW,TX,ASW,CE,Federal Contract Tower,1,0,3,8,12,0,0,7,0,7,1,0,10,8,19,0,0,0,19
09/11/2006,CNW,TX,ASW,CE,Federal Contract Tower,1,0,17,6,24,0,0,44,0,44,1,0,61,6,68,64,78,142,210
09/12/2006,CNW,TX,ASW,CE,Federal Contract Tower,0,0,17,21,38,0,0,76,1,77,0,0,93,22,115,58,178,236,351
09/13/2006,CNW,TX,ASW,CE,Federal Contract Tower,0,0,8,35,43,0,2,71,7,80,0,2,79,42,123,104,294,398,521
09/14/2006,CNW,TX,ASW,CE,Federal Contract Tower,0,0,17,21,38,2,0,70,2,74,2,0,87,23,112,52,204,256,368
09/15/2006,CNW,TX,ASW,CE,Federal Contract Tower,0,0,12,8,20,0,0,41,0,41,0,0,53,8,61,78,44,122,183
09/16/2006,CNW,TX,ASW,CE,Federal Contract Tower,0,0,19,2,21,0,4,26,0,30,0,4,45,2,51,12,0,12,63
09/17/2006,CNW,TX,ASW,CE,Federal Contract Tower,1,0,14,0,15,0,0,0,0,0,1,0,14,0,15,0,0,0,15
09/18/2006,CNW,TX,ASW,CE,Federal Contract Tower,1,0,7,0,8,0,0,42,0,42,1,0,49,0,50,76,0,76,126
09/19/2006,CNW,TX,ASW,CE,Federal Contract Tower,0,0,20,4,24,0,2,62,0,64,0,2,82,4,88,88,22,110,198
09/20/2006,CNW,TX,ASW,CE,Federal Contract Tower,0,0,31,10,41,0,0,79,0,79,0,0,110,10,120,60,12,72,192
09/21/2006,CNW,TX,ASW,CE,Federal Contract Tower,0,0,13,34,47,0,0,52,0,52,0,0,65,34,99,48,54,102,201
09/22/2006,CNW,TX,ASW,CE,Federal Contract Tower,0,0,22,2,24,0,4,17,0,21,0,4,39,2,45,4,12,16,61
09/23/2006,CNW,TX,ASW,CE,Federal Contract Tower,0,0,7,0,7,0,0,7,0,7,0,0,14,0,14,4,0,4,18
09/24/2006,CNW,TX,ASW,CE,Federal Contract Tower,1,0,3,0,4,0,0,24,2,26,1,0,27,2,30,22,0,22,52
09/25/2006,CNW,TX,ASW,CE,Federal Contract Tower,1,0,10,14,25,0,0,61,0,61,1,0,71,14,86,138,40,178,264
09/26/2006,CNW,TX,ASW,CE,Federal Contract Tower,0,0,22,8,30,0,0,73,0,73,0,0,95,8,103,154,28,182,285
09/27/2006,CNW,TX,ASW,CE,Federal Contract Tower,0,0,13,4,17,0,0,62,0,62,0,0,75,4,79,58,32,90,169
09/28/2006,CNW,TX,ASW,CE,Federal Contract Tower,0,0,12,2,14,0,2,64,0,66,0,2,76,2,80,38,0,38,118
09/29/2006,CNW,TX,ASW,CE,Federal Contract Tower,0,0,5,0,5,0,0,25,0,25,0,0,30,0,30,56,0,56,86
09/30/2006,CNW,TX,ASW,CE,Federal Contract Tower,0,0,17,2,19,0,5,26,0,31,0,5,43,2,50,44,0,44,94
10/01/2006,CNW,TX,ASW,CE,Federal Contract Tower,1,0,2,0,3,0,4,16,0,20,1,4,18,0,23,12,0,12,35
10/02/2006,CNW,TX,ASW,CE,Federal Contract Tower,1,0,11,0,12,0,2,52,14,68,1,2,63,14,80,120,0,120,200
10/03/2006,CNW,TX,ASW,CE,Federal Contract Tower,0,0,21,6,27,0,2,38,4,44,0,2,59,10,71,128,0,128,199
10/04/2006,CNW,TX,ASW,CE,Federal Contract Tower,0,0,28,23,51,0,2,52,0,54,0,2,80,23,105,140,132,272,377
10/05/2006,CNW,TX,ASW,CE,Federal Contract Tower,0,0,12,16,28,0,0,70,0,70,0,0,82,16,98,250,82,332,430
10/06/2006,CNW,TX,ASW,CE,Federal Contract Tower,0,0,18,20,38,0,0,65,0,65,0,0,83,20,103,104,70,174,277
10/07/2006,CNW,TX,ASW,CE,Federal Contract Tower,0,0,18,0,18,0,0,37,0,37,0,0,55,0,55,48,0,48,103
10/08/2006,CNW,TX,ASW,CE,Federal Contract Tower,1,0,11,0,12,0,2,5,0,7,1,2,16,0,19,0,0,0,19
10/09/2006,CNW,TX,ASW,CE,Federal Contract Tower,1,1,28,0,30,0,1,45,0,46,1,2,73,0,76,90,0,90,166
10/10/2006,CNW,TX,ASW,CE,Federal Contract Tower,0,0,13,1,14,0,0,2,0,2,0,0,15,1,16,0,0,0,16
10/11/2006,CNW,TX,ASW,CE,Federal Contract Tower,0,0,22,30,52,0,0,48,1,49,0,0,70,31,101,88,80,168,269
10/12/2006,CNW,TX,ASW,CE,Federal Contract Tower,0,0,5,10,15,0,0,45,1,46,0,0,50,11,61,118,32,150,211
10/13/2006,CNW,TX,ASW,CE,Federal Contract Tower,0,0,9,21,30,0,0,63,0,63,0,0,72,21,93,130,62,192,285
10/14/2006,CNW,TX,ASW,CE,Federal Contract Tower,0,0,40,4,44,0,6,27,3,36,0,6,67,7,80,78,2,80,160
10/15/2006,CNW,TX,ASW,CE,Federal Contract Tower,1,0,2,0,3,0,0,3,0,3,1,0,5,0,6,0,0,0,6
10/16/2006,CNW,TX,ASW,CE,Federal Contract Tower,1,0,11,9,21,0,0,32,0,32,1,0,43,9,53,60,12,72,125
10/17/2006,CNW,TX,ASW,CE,Federal Contract Tower,0,0,25,22,47,0,2,47,2,51,0,2,72,24,98,102,78,180,278
10/18/2006,CNW,TX,ASW,CE,Federal Contract Tower,0,0,14,1,15,0,6,28,3,37,0,6,42,4,52,72,0,72,124
10/19/2006,CNW,TX,ASW,CE,Federal Contract Tower,0,0,2,3,5,0,2,34,0,36,0,2,36,3,41,166,12,178,219
10/20/2006,CNW,TX,ASW,CE,Federal Contract Tower,0,0,25,32,57,0,5,60,0,65,0,5,85,32,122,170,120,290,412
10/21/2006,CNW,TX,ASW,CE,Federal Contract Tower,0,0,14,2,16,0,2,24,0,26,0,2,38,2,42,4,0,4,46
10/22/2006,CNW,TX,ASW,CE,Federal Contract Tower,1,0,2,0,3,0,2,11,0,13,1,2,13,0,16,22,0,22,38
10/23/2006,CNW,TX,ASW,CE,Federal Contract Tower,1,0,1,12,14,0,8,65,0,73,1,8,66,12,87,150,50,200,287
10/24/2006,CNW,TX,ASW,CE,Federal Contract Tower,0,0,16,15,31,0,0,66,0,66,0,0,82,15,97,92,48,140,237
10/25/2006,CNW,TX,ASW,CE,Federal Contract Tower,0,0,10,0,10,0,0,0,0,0,0,0,10,0,10,0,0,0,10
10/26/2006,CNW,TX,ASW,CE,Federal Contract Tower,0,0,15,20,35,0,0,55,0,55,0,0,70,20,90,198,40,238,328
10/27/2006,CNW,TX,ASW,CE,Federal Contract Tower,0,0,6,17,23,0,0,24,0,24,0,0,30,17,47,26,74,100,147
10/28/2006,CNW,TX,ASW,CE,Federal Contract Tower,0,0,9,0,9,0,0,32,0,32,0,0,41,0,41,38,0,38,79
10/29/2006,CNW,TX,ASW,CE,Federal Contract Tower,1,0,7,0,8,0,2,29,0,31,1,2,36,0,39,20,0,20,59
10/30/2006,CNW,TX,ASW,CE,Federal Contract Tower,1,0,14,14,29,0,7,38,0,45,1,7,52,14,74,92,116,208,282
10/31/2006,CNW,TX,ASW,CE,Federal Contract Tower,0,0,6,22,28,0,1,64,8,73,0,1,70,30,101,142,88,230,331
11/01/2006,CNW,TX,ASW,CE,Federal Contract Tower,0,0,14,3,17,0,0,56,0,56,0,0,70,3,73,154,0,154,227
11/02/2006,CNW,TX,ASW,CE,Federal Contract Tower,2,0,8,16,26,0,0,67,7,74,2,0,75,23,100,204,38,242,342
11/03/2006,CNW,TX,ASW,CE,Federal Contract Tower,2,0,13,6,21,0,0,40,13,53,2,0,53,19,74,138,56,194,268
11/04/2006,CNW,TX,ASW,CE,Federal Contract Tower,0,0,2,3,5,0,0,21,13,34,0,0,23,16,39,0,0,0,39
11/05/2006,CNW,TX,ASW,CE,Federal Contract Tower,1,0,5,5,11,0,0,0,14,14,1,0,5,19,25,0,0,0,25
11/06/2006,CNW,TX,ASW,CE,Federal Contract Tower,1,0,2,8,11,0,0,0,12,12,1,0,2,20,23,0,0,0,23
11/07/2006,CNW,TX,ASW,CE,Federal Contract Tower,0,0,3,15,18,0,0,42,8,50,0,0,45,23,68,116,18,134,202
11/08/2006,CNW,TX,ASW,CE,Federal Contract Tower,0,2,16,10,28,0,0,54,0,54,0,2,70,10,82,110,40,150,232
11/09/2006,CNW,TX,ASW,CE,Federal Contract Tower,0,0,12,2,14,0,0,41,1,42,0,0,53,3,56,42,16,58,114
11/10/2006,CNW,TX,ASW,CE,Federal Contract Tower,0,0,3,0,3,0,0,61,0,61,0,0,64,0,64,48,0,48,112
11/11/2006,CNW,TX,ASW,CE,Federal Contract Tower,0,0,3,0,3,0,0,94,0,94,0,0,97,0,97,0,0,0,97
11/12/2006,CNW,TX,ASW,CE,Federal Contract Tower,0,0,3,2,5,0,0,46,2,48,0,0,49,4,53,2,22,24,77
11/13/2006,CNW,TX,ASW,CE,Federal Contract Tower,0,0,4,9,13,0,2,62,0,64,0,2,66,9,77,160,40,200,277
11/14/2006,CNW,TX,ASW,CE,Federal Contract Tower,0,0,3,10,13,0,0,52,0,52,0,0,55,10,65,144,44,188,253
11/15/2006,CNW,TX,ASW,CE,Federal Contract Tower,0,0,0,7,7,0,0,2,2,4,0,0,2,9,11,0,52,52,63
11/16/2006,CNW,TX,ASW,CE,Federal Contract Tower,0,0,2,8,10,0,2,48,4,54,0,2,50,12,64,186,60,246,310
11/17/2006,CNW,TX,ASW,CE,Federal Contract Tower,0,1,3,15,19,0,1,63,0,64,0,2,66,15,83,122,80,202,285
11/18/2006,CNW,TX,ASW,CE,Federal Contract Tower,0,0,10,0,10,0,6,37,0,43,0,6,47,0,53,78,0,78,131
11/19/2006,CNW,TX,ASW,CE,Federal Contract Tower,0,0,5,2,7,0,0,29,0,29,0,0,34,2,36,32,0,32,68
11/20/2006,CNW,TX,ASW,CE,Federal Contract Tower,0,0,4,6,10,0,0,71,0,71,0,0,75,6,81,158,10,168,249
11/21/2006,CNW,TX,ASW,CE,Federal Contract Tower,0,0,5,10,15,0,0,87,0,87,0,0,92,10,102,166,40,206,308
11/22/2006,CNW,TX,ASW,CE,Federal Contract Tower,0,0,0,0,0,0,0,34,0,34,0,0,34,0,34,0,0,0,34
11/23/2006,CNW,TX,ASW,CE,Federal Contract Tower,0,0,0,0,0,0,0,8,0,8,0,0,8,0,8,0,0,0,8
11/24/2006,CNW,TX,ASW,CE,Federal Contract Tower,0,0,0,0,0,0,5,5,0,10,0,5,5,0,10,0,0,0,10
11/25/2006,CNW,TX,ASW,CE,Federal Contract Tower,0,0,1,1,2,0,3,10,1,14,0,3,11,2,16,22,0,22,38
11/26/2006,CNW,TX,ASW,CE,Federal Contract Tower,0,0,3,0,3,0,2,8,0,10,0,2,11,0,13,2,0,2,15
11/27/2006,CNW,TX,ASW,CE,Federal Contract Tower,0,0,10,0,10,0,2,17,0,19,0,2,27,0,29,54,0,54,83
11/28/2006,CNW,TX,ASW,CE,Federal Contract Tower,0,0,2,14,16,0,2,23,0,25,0,2,25,14,41,66,6,72,113
11/29/2006,CNW,TX,ASW,CE,Federal Contract Tower,0,0,8,5,13,0,0,7,0,7,0,0,15,5,20,0,0,0,20
11/30/2006,CNW,TX,ASW,CE,Federal Contract Tower,0,0,0,0,0,0,0,0,0,0,0,0,0,0,0,0,0,0,0
12/01/2006,CNW,TX,ASW,CE,Federal Contract Tower,0,2,5,2,9,0,0,55,0,55,0,2,60,2,64,116,8,124,188
12/02/2006,CNW,TX,ASW,CE,Federal Contract Tower,0,0,0,0,0,0,22,0,0,22,0,22,0,0,22,72,0,72,94
12/03/2006,CNW,TX,ASW,CE,Federal Contract Tower,0,2,0,0,2,0,0,17,0,17,0,2,17,0,19,8,0,8,27
12/04/2006,CNW,TX,ASW,CE,Federal Contract Tower,0,0,2,10,12,0,0,41,0,41,0,0,43,10,53,80,14,94,147
12/05/2006,CNW,TX,ASW,CE,Federal Contract Tower,0,0,8,36,44,0,0,48,0,48,0,0,56,36,92,85,80,165,257
12/06/2006,CNW,TX,ASW,CE,Federal Contract Tower,0,0,7,18,25,0,0,66,2,68,0,0,73,20,93,98,4,102,195
12/07/2006,CNW,TX,ASW,CE,Federal Contract Tower,0,0,3,25,28,0,0,31,3,34,0,0,34,28,62,32,160,192,254
12/08/2006,CNW,TX,ASW,CE,Federal Contract Tower,0,0,8,9,17,0,0,31,0,31,0,0,39,9,48,90,36,126,174
12/09/2006,CNW,TX,ASW,CE,Federal Contract Tower,0,0,0,0,0,0,0,37,0,37,0,0,37,0,37,30,0,30,67
12/10/2006,CNW,TX,ASW,CE,Federal Contract Tower,0,0,0,0,0,0,0,0,0,0,0,0,0,0,0,0,0,0,0
12/11/2006,CNW,TX,ASW,CE,Federal Contract Tower,0,0,16,14,30,0,0,21,1,22,0,0,37,15,52,20,74,94,146
12/12/2006,CNW,TX,ASW,CE,Federal Contract Tower,0,0,9,2,11,0,0,54,0,54,0,0,63,2,65,98,26,124,189
12/13/2006,CNW,TX,ASW,CE,Federal Contract Tower,0,0,15,8,23,0,2,44,3,49,0,2,59,11,72,30,8,38,110
12/14/2006,CNW,TX,ASW,CE,Federal Contract Tower,0,0,11,26,37,0,0,48,1,49,0,0,59,27,86,116,26,142,228
12/15/2006,CNW,TX,ASW,CE,Federal Contract Tower,0,0,12,0,12,0,0,5,1,6,0,0,17,1,18,6,0,6,24
12/16/2006,CNW,TX,ASW,CE,Federal Contract Tower,0,0,1,0,1,0,4,4,0,8,0,4,5,0,9,0,0,0,9
12/17/2006,CNW,TX,ASW,CE,Federal Contract Tower,0,0,2,6,8,0,0,6,0,6,0,0,8,6,14,0,0,0,14
12/18/2006,CNW,TX,ASW,CE,Federal Contract Tower,0,0,13,3,16,0,0,26,1,27,0,0,39,4,43,18,0,18,61
12/19/2006,CNW,TX,ASW,CE,Federal Contract Tower,0,0,1,11,12,0,0,0,0,0,0,0,1,11,12,0,0,0,12
12/20/2006,CNW,TX,ASW,CE,Federal Contract Tower,0,0,3,0,3,0,4,5,0,9,0,4,8,0,12,0,0,0,12
12/21/2006,CNW,TX,ASW,CE,Federal Contract Tower,0,0,5,17,22,0,0,26,0,26,0,0,31,17,48,8,90,98,146
12/22/2006,CNW,TX,ASW,CE,Federal Contract Tower,0,0,1,0,1,0,2,23,0,25,0,2,24,0,26,12,0,12,38
12/23/2006,CNW,TX,ASW,CE,Federal Contract Tower,0,0,1,4,5,0,0,19,5,24,0,0,20,9,29,45,4,49,78
12/24/2006,CNW,TX,ASW,CE,Federal Contract Tower,0,0,1,0,1,0,0,2,0,2,0,0,3,0,3,0,0,0,3
12/25/2006,CNW,TX,ASW,CE,Federal Contract Tower,0,0,0,2,2,0,0,3,0,3,0,0,3,2,5,0,0,0,5
12/26/2006,CNW,TX,ASW,CE,Federal Contract Tower,0,0,2,3,5,0,0,6,13,19,0,0,8,16,24,0,0,0,24
12/27/2006,CNW,TX,ASW,CE,Federal Contract Tower,0,0,0,3,3,0,2,4,6,12,0,2,4,9,15,0,0,0,15
12/28/2006,CNW,TX,ASW,CE,Federal Contract Tower,0,0,2,15,17,0,0,0,7,7,0,0,2,22,24,0,0,0,24
12/29/2006,CNW,TX,ASW,CE,Federal Contract Tower,0,0,0,0,0,0,0,0,0,0,0,0,0,0,0,0,0,0,0
12/30/2006,CNW,TX,ASW,CE,Federal Contract Tower,0,0,0,1,1,0,0,4,1,5,0,0,4,2,6,0,0,0,6
12/31/2006,CNW,TX,ASW,CE,Federal Contract Tower,0,0,0,1,1,0,2,2,0,4,0,2,2,1,5,0,0,0,5
01/01/2007,CNW,TX,ASW,CE,Federal Contract Tower,0,0,0,7,7,0,0,4,9,13,0,0,4,16,20,0,0,0,20
01/02/2007,CNW,TX,ASW,CE,Federal Contract Tower,0,0,5,2,7,0,0,30,0,30,0,0,35,2,37,20,0,20,57
01/03/2007,CNW,TX,ASW,CE,Federal Contract Tower,0,0,0,14,14,0,2,18,0,20,0,2,18,14,34,34,10,44,78
01/04/2007,CNW,TX,ASW,CE,Federal Contract Tower,0,0,2,6,8,0,0,13,0,13,0,0,15,6,21,4,0,4,25
01/05/2007,CNW,TX,ASW,CE,Federal Contract Tower,0,0,7,23,30,0,0,31,1,32,0,0,38,24,62,24,40,64,126
01/06/2007,CNW,TX,ASW,CE,Federal Contract Tower,0,0,2,0,2,0,2,1,0,3,0,2,3,0,5,0,0,0,5
01/07/2007,CNW,TX,ASW,CE,Federal Contract Tower,0,0,3,0,3,0,0,14,0,14,0,0,17,0,17,6,0,6,23
01/08/2007,CNW,TX,ASW,CE,Federal Contract Tower,0,0,4,17,21,0,11,55,0,66,0,11,59,17,87,136,114,250,337
01/09/2007,CNW,TX,ASW,CE,Federal Contract Tower,0,0,5,3,8,0,0,56,0,56,0,0,61,3,64,56,6,62,126
01/10/2007,CNW,TX,ASW,CE,Federal Contract Tower,0,0,1,8,9,0,0,46,0,46,0,0,47,8,55,46,22,68,123
01/11/2007,CNW,TX,ASW,CE,Federal Contract Tower,0,0,0,4,4,0,0,15,2,17,0,0,15,6,21,48,0,48,69
01/12/2007,CNW,TX,ASW,CE,Federal Contract Tower,0,0,2,0,2,0,0,0,0,0,0,0,2,0,2,0,0,0,2
01/13/2007,CNW,TX,ASW,CE,Federal Contract Tower,0,0,0,0,0,0,0,0,0,0,0,0,0,0,0,0,0,0,0
01/14/2007,CNW,TX,ASW,CE,Federal Contract Tower,0,0,0,0,0,0,0,0,0,0,0,0,0,0,0,0,0,0,0
01/15/2007,CNW,TX,ASW,CE,Federal Contract Tower,0,0,2,0,2,0,0,2,0,2,0,0,4,0,4,0,0,0,4
01/16/2007,CNW,TX,ASW,CE,Federal Contract Tower,0,0,5,0,5,0,0,8,0,8,0,0,13,0,13,8,0,8,21
01/17/2007,CNW,TX,ASW,CE,Federal Contract Tower,0,0,1,0,1,0,0,0,0,0,0,0,1,0,1,0,0,0,1
01/18/2007,CNW,TX,ASW,CE,Federal Contract Tower,0,0,5,1,6,0,0,13,1,14,0,0,18,2,20,28,0,28,48
01/19/2007,CNW,TX,ASW,CE,Federal Contract Tower,0,0,8,39,47,0,1,24,0,25,0,1,32,39,72,102,238,340,412
01/20/2007,CNW,TX,ASW,CE,Federal Contract Tower,0,0,0,0,0,0,0,0,0,0,0,0,0,0,0,0,0,0,0
01/21/2007,CNW,TX,ASW,CE,Federal Contract Tower,0,0,6,0,6,0,2,23,0,25,0,2,29,0,31,0,0,0,31
01/22/2007,CNW,TX,ASW,CE,Federal Contract Tower,0,0,8,9,17,0,0,17,0,17,0,0,25,9,34,38,76,114,148
01/23/2007,CNW,TX,ASW,CE,Federal Contract Tower,0,0,2,19,21,0,6,32,2,40,0,6,34,21,61,50,80,130,191
01/24/2007,CNW,TX,ASW,CE,Federal Contract Tower,0,0,5,15,20,0,0,59,2,61,0,0,64,17,81,36,38,74,155
01/25/2007,CNW,TX,ASW,CE,Federal Contract Tower,0,0,8,9,17,0,0,83,1,84,0,0,91,10,101,150,84,234,335
01/26/2007,CNW,TX,ASW,CE,Federal Contract Tower,0,0,13,27,40,0,0,78,1,79,0,0,91,28,119,162,106,268,387
01/27/2007,CNW,TX,ASW,CE,Federal Contract Tower,0,0,5,6,11,0,0,9,0,9,0,0,14,6,20,20,0,20,40
01/28/2007,CNW,TX,ASW,CE,Federal Contract Tower,0,0,2,0,2,0,0,19,0,19,0,0,21,0,21,12,0,12,33
01/29/2007,CNW,TX,ASW,CE,Federal Contract Tower,1,0,4,13,18,0,0,50,2,52,1,0,54,15,70,120,100,220,290
01/30/2007,CNW,TX,ASW,CE,Federal Contract Tower,0,0,21,12,33,0,0,30,12,42,0,0,51,24,75,48,134,182,257
01/31/2007,CNW,TX,ASW,CE,Federal Contract Tower,0,0,7,9,16,0,0,18,2,20,0,0,25,11,36,108,12,120,156
02/01/2007,CNW,TX,ASW,CE,Federal Contract Tower,0,0,4,0,4,0,0,0,0,0,0,0,4,0,4,0,0,0,4
02/02/2007,CNW,TX,ASW,CE,Federal Contract Tower,0,0,6,0,6,0,0,25,0,25,0,0,31,0,31,66,0,66,97
02/03/2007,CNW,TX,ASW,CE,Federal Contract Tower,0,0,7,0,7,0,0,28,0,28,0,0,35,0,35,26,0,26,61
02/04/2007,CNW,TX,ASW,CE,Federal Contract Tower,0,0,3,2,5,0,2,28,0,30,0,2,31,2,35,70,20,90,125
02/05/2007,CNW,TX,ASW,CE,Federal Contract Tower,0,0,13,27,40,0,0,80,3,83,0,0,93,30,123,122,172,294,417
02/06/2007,CNW,TX,ASW,CE,Federal Contract Tower,0,0,0,15,15,0,2,64,1,67,0,2,64,16,82,170,64,234,316
02/07/2007,CNW,TX,ASW,CE,Federal Contract Tower,0,0,13,4,17,0,0,37,0,37,0,0,50,4,54,120,16,136,190
02/08/2007,CNW,TX,ASW,CE,Federal Contract Tower,0,0,4,12,16,0,0,7,2,9,0,0,11,14,25,21,2,23,48
02/09/2007,CNW,TX,ASW,CE,Federal Contract Tower,0,0,5,0,5,0,0,8,0,8,0,0,13,0,13,6,0,6,19
02/10/2007,CNW,TX,ASW,CE,Federal Contract Tower,0,0,9,0,9,0,2,23,0,25,0,2,32,0,34,86,0,86,120
02/11/2007,CNW,TX,ASW,CE,Federal Contract Tower,0,0,0,0,0,0,2,1,0,3,0,2,1,0,3,0,0,0,3
02/12/2007,CNW,TX,ASW,CE,Federal Contract Tower,0,0,6,0,6,0,0,4,0,4,0,0,10,0,10,0,0,0,10
02/13/2007,CNW,TX,ASW,CE,Federal Contract Tower,0,2,1,10,13,0,3,18,6,27,0,5,19,16,40,20,52,72,112
02/14/2007,CNW,TX,ASW,CE,Federal Contract Tower,0,0,3,16,19,0,0,17,0,17,0,0,20,16,36,32,82,114,150
02/15/2007,CNW,TX,ASW,CE,Federal Contract Tower,0,0,3,12,15,0,0,25,1,26,0,0,28,13,41,54,62,116,157
02/16/2007,CNW,TX,ASW,CE,Federal Contract Tower,0,0,6,25,31,0,7,52,0,59,0,7,58,25,90,80,68,148,238
02/17/2007,CNW,TX,ASW,CE,Federal Contract Tower,0,0,3,0,3,0,2,14,0,16,0,2,17,0,19,4,0,4,23
02/18/2007,CNW,TX,ASW,CE,Federal Contract Tower,0,0,3,0,3,0,0,41,0,41,0,0,44,0,44,70,0,70,114
02/19/2007,CNW,TX,ASW,CE,Federal Contract Tower,0,0,3,1,4,0,6,11,0,17,0,6,14,1,21,8,0,8,29
02/20/2007,CNW,TX,ASW,CE,Federal Contract Tower,0,0,5,21,26,0,0,45,0,45,0,0,50,21,71,72,50,122,193
02/21/2007,CNW,TX,ASW,CE,Federal Contract Tower,0,0,7,25,32,0,0,68,2,70,0,0,75,27,102,58,110,168,270
02/22/2007,CNW,TX,ASW,CE,Federal Contract Tower,0,0,3,4,7,0,4,64,0,68,0,4,67,4,75,113,48,161,236
02/23/2007,CNW,TX,ASW,CE,Federal Contract Tower,0,0,8,9,17,0,0,6,1,7,0,0,14,10,24,4,12,16,40
02/24/2007,CNW,TX,ASW,CE,Federal Contract Tower,0,0,1,0,1,0,0,3,0,3,0,0,4,0,4,14,0,14,18
02/25/2007,CNW,TX,ASW,CE,Federal Contract Tower,0,0,0,6,6,0,0,37,0,37,0,0,37,6,43,30,8,38,81
02/26/2007,CNW,TX,ASW,CE,Federal Contract Tower,0,0,15,22,37,0,0,44,0,44,0,0,59,22,81,80,62,142,223
02/27/2007,CNW,TX,ASW,CE,Federal Contract Tower,0,0,11,27,38,0,0,63,1,64,0,0,74,28,102,128,144,272,374
02/28/2007,CNW,TX,ASW,CE,Federal Contract Tower,0,0,6,25,31,0,10,24,0,34,0,10,30,25,65,22,0,22,87
03/01/2007,CNW,TX,ASW,CE,Federal Contract Tower,0,0,1,5,6,0,2,20,0,22,0,2,21,5,28,20,76,96,124
03/02/2007,CNW,TX,ASW,CE,Federal Contract Tower,0,1,3,20,24,0,1,37,1,39,0,2,40,21,63,30,76,106,169
03/03/2007,CNW,TX,ASW,CE,Federal Contract Tower,0,0,12,1,13,0,2,18,0,20,0,2,30,1,33,8,8,16,49
03/04/2007,CNW,TX,ASW,CE,Federal Contract Tower,0,0,4,1,5,0,1,14,4,19,0,1,18,5,24,30,0,30,54
03/05/2007,CNW,TX,ASW,CE,Federal Contract Tower,0,0,12,18,30,0,2,59,0,61,0,2,71,18,91,198,154,352,443
03/06/2007,CNW,TX,ASW,CE,Federal Contract Tower,0,0,4,14,18,0,0,36,0,36,0,0,40,14,54,68,70,138,192
03/07/2007,CNW,TX,ASW,CE,Federal Contract Tower,0,0,3,18,21,0,4,66,0,70,0,4,69,18,91,140,64,204,295
03/08/2007,CNW,TX,ASW,CE,Federal Contract Tower,0,0,11,22,33,0,3,47,0,50,0,3,58,22,83,6,78,84,167
03/09/2007,CNW,TX,ASW,CE,Federal Contract Tower,0,0,12,10,22,0,6,37,0,43,0,6,49,10,65,88,12,100,165
03/10/2007,CNW,TX,ASW,CE,Federal Contract Tower,0,0,14,0,14,0,2,14,0,16,0,2,28,0,30,16,0,16,46
03/11/2007,CNW,TX,ASW,CE,Federal Contract Tower,0,0,4,0,4,0,2,9,0,11,0,2,13,0,15,0,0,0,15
03/12/2007,CNW,TX,ASW,CE,Federal Contract Tower,0,0,2,17,19,0,4,19,0,23,0,4,21,17,42,60,122,182,224
03/13/2007,CNW,TX,ASW,CE,Federal Contract Tower,0,0,1,0,1,0,0,11,0,11,0,0,12,0,12,14,0,14,26
03/14/2007,CNW,TX,ASW,CE,Federal Contract Tower,0,0,2,1,3,0,0,4,0,4,0,0,6,1,7,20,0,20,27
03/15/2007,CNW,TX,ASW,CE,Federal Contract Tower,0,0,6,10,16,0,0,27,0,27,0,0,33,10,43,82,0,82,125
03/16/2007,CNW,TX,ASW,CE,Federal Contract Tower,0,0,3,6,9,0,0,24,0,24,0,0,27,6,33,36,71,107,140
03/17/2007,CNW,TX,ASW,CE,Federal Contract Tower,0,0,4,0,4,0,4,22,0,26,0,4,26,0,30,2,0,2,32
03/18/2007,CNW,TX,ASW,CE,Federal Contract Tower,0,0,6,0,6,0,0,2,0,2,0,0,8,0,8,0,0,0,8
03/19/2007,CNW,TX,ASW,CE,Federal Contract Tower,0,0,12,7,19,0,2,14,0,16,0,2,26,7,35,36,68,104,139
03/20/2007,CNW,TX,ASW,CE,Federal Contract Tower,0,0,15,10,25,0,4,16,0,20,0,4,31,10,45,66,14,80,125
03/21/2007,CNW,TX,ASW,CE,Federal Contract Tower,0,0,27,12,39,0,0,10,0,10,0,0,37,12,49,20,0,20,69
03/22/2007,CNW,TX,ASW,CE,Federal Contract Tower,0,0,22,17,39,0,0,13,0,13,0,0,35,17,52,14,18,32,84
03/23/2007,CNW,TX,ASW,CE,Federal Contract Tower,0,0,19,19,38,0,4,6,1,11,0,4,25,20,49,16,6,22,71
03/24/2007,CNW,TX,ASW,CE,Federal Contract Tower,0,0,5,0,5,0,4,14,2,20,0,4,19,2,25,36,22,58,83
03/25/2007,CNW,TX,ASW,CE,Federal Contract Tower,0,0,1,1,2,0,0,4,0,4,0,0,5,1,6,20,0,20,26
03/26/2007,CNW,TX,ASW,CE,Federal Contract Tower,0,0,0,0,0,0,0,8,0,8,0,0,8,0,8,0,0,0,8
03/27/2007,CNW,TX,ASW,CE,Federal Contract Tower,0,0,13,2,15,0,0,32,0,32,0,0,45,2,47,74,0,74,121
03/28/2007,CNW,TX,ASW,CE,Federal Contract Tower,0,0,9,8,17,0,0,18,0,18,0,0,27,8,35,34,0,34,69
03/29/2007,CNW,TX,ASW,CE,Federal Contract Tower,0,0,0,0,0,0,0,4,0,4,0,0,4,0,4,0,0,0,4
03/30/2007,CNW,TX,ASW,CE,Federal Contract Tower,0,0,0,0,0,0,0,0,0,0,0,0,0,0,0,0,0,0,0
03/31/2007,CNW,TX,ASW,CE,Federal Contract Tower,0,0,4,0,4,0,0,29,0,29,0,0,33,0,33,38,0,38,71
04/01/2007,CNW,TX,ASW,CE,Federal Contract Tower,0,0,8,0,8,0,0,45,4,49,0,0,53,4,57,134,0,134,191
04/02/2007,CNW,TX,ASW,CE,Federal Contract Tower,0,0,10,16,26,0,0,44,0,44,0,0,54,16,70,136,20,156,226
04/03/2007,CNW,TX,ASW,CE,Federal Contract Tower,0,0,10,12,22,0,2,30,11,43,0,2,40,23,65,122,18,140,205
04/04/2007,CNW,TX,ASW,CE,Federal Contract Tower,0,0,5,18,23,0,0,23,0,23,0,0,28,18,46,22,20,42,88
04/05/2007,CNW,TX,ASW,CE,Federal Contract Tower,0,0,9,8,17,0,1,17,1,19,0,1,26,9,36,0,32,32,68
04/06/2007,CNW,TX,ASW,CE,Federal Contract Tower,0,0,2,4,6,0,0,6,7,13,0,0,8,11,19,0,12,12,31
04/07/2007,CNW,TX,ASW,CE,Federal Contract Tower,0,0,1,0,1,0,0,0,0,0,0,0,1,0,1,0,0,0,1
04/08/2007,CNW,TX,ASW,CE,Federal Contract Tower,0,0,2,1,3,0,0,1,4,5,0,0,3,5,8,0,0,0,8
04/09/2007,CNW,TX,ASW,CE,Federal Contract Tower,0,0,8,37,45,0,3,13,15,31,0,3,21,52,76,14,46,60,136
04/10/2007,CNW,TX,ASW,CE,Federal Contract Tower,0,0,6,2,8,0,0,16,0,16,0,0,22,2,24,62,10,72,96
04/11/2007,CNW,TX,ASW,CE,Federal Contract Tower,0,0,4,22,26,0,0,55,0,55,0,0,59,22,81,134,24,158,239
04/12/2007,CNW,TX,ASW,CE,Federal Contract Tower,0,0,19,12,31,0,2,65,0,67,0,2,84,12,98,82,68,150,248
04/13/2007,CNW,TX,ASW,CE,Federal Contract Tower,0,0,5,0,5,0,1,6,0,7,0,1,11,0,12,0,0,0,12
04/14/2007,CNW,TX,ASW,CE,Federal Contract Tower,0,0,0,0,0,0,0,2,0,2,0,0,2,0,2,6,0,6,8
04/15/2007,CNW,TX,ASW,CE,Federal Contract Tower,0,0,5,0,5,0,0,16,2,18,0,0,21,2,23,0,16,16,39
04/16/2007,CNW,TX,ASW,CE,Federal Contract Tower,0,0,8,18,26,6,57,7,61,131,6,57,15,79,157,96,64,160,317
04/17/2007,CNW,TX,ASW,CE,Federal Contract Tower,0,0,7,0,7,0,0,3,0,3,0,0,10,0,10,18,0,18,28
04/18/2007,CNW,TX,ASW,CE,Federal Contract Tower,0,0,14,3,17,0,0,42,0,42,0,0,56,3,59,124,10,134,193
04/19/2007,CNW,TX,ASW,CE,Federal Contract Tower,0,0,17,0,17,0,0,67,2,69,0,0,84,2,86,226,0,226,312
04/20/2007,CNW,TX,ASW,CE,Federal Contract Tower,0,1,10,16,27,0,1,46,0,47,0,2,56,16,74,54,4,58,132
04/21/2007,CNW,TX,ASW,CE,Federal Contract Tower,0,0,3,0,3,0,0,10,0,10,0,0,13,0,13,2,0,2,15
04/22/2007,CNW,TX,ASW,CE,Federal Contract Tower,0,0,2,0,2,0,0,7,0,7,0,0,9,0,9,0,0,0,9
04/23/2007,CNW,TX,ASW,CE,Federal Contract Tower,0,0,12,40,52,0,2,17,0,19,0,2,29,40,71,110,37,147,218
04/24/2007,CNW,TX,ASW,CE,Federal Contract Tower,0,0,12,2,14,0,0,0,0,0,0,0,12,2,14,0,0,0,14
04/25/2007,CNW,TX,ASW,CE,Federal Contract Tower,0,0,8,5,13,0,2,34,0,36,0,2,42,5,49,102,18,120,169
04/26/2007,CNW,TX,ASW,CE,Federal Contract Tower,0,0,14,20,34,0,1,51,1,53,0,1,65,21,87,132,130,262,349
04/27/2007,CNW,TX,ASW,CE,Federal Contract Tower,0,0,8,19,27,0,0,68,0,68,0,0,76,19,95,26,70,96,191
04/28/2007,CNW,TX,ASW,CE,Federal Contract Tower,0,0,9,0,9,0,0,61,0,61,0,0,70,0,70,18,0,18,88
04/29/2007,CNW,TX,ASW,CE,Federal Contract Tower,0,1,1,0,2,0,2,11,1,14,0,3,12,1,16,4,0,4,20
04/30/2007,CNW,TX,ASW,CE,Federal Contract Tower,1,0,1,0,2,0,2,15,0,17,1,2,16,0,19,44,0,44,63
05/01/2007,CNW,TX,ASW,CE,Federal Contract Tower,0,0,3,0,3,0,2,0,0,2,0,2,3,0,5,0,0,0,5
05/02/2007,CNW,TX,ASW,CE,Federal Contract Tower,0,0,10,18,28,0,0,20,0,20,0,0,30,18,48,70,10,80,128
05/03/2007,CNW,TX,ASW,CE,Federal Contract Tower,0,0,8,41,49,0,0,2,1,3,0,0,10,42,52,48,20,68,120
05/04/2007,CNW,TX,ASW,CE,Federal Contract Tower,0,0,3,2,5,0,4,15,0,19,0,4,18,2,24,0,4,4,28
05/05/2007,CNW,TX,ASW,CE,Federal Contract Tower,0,0,0,0,0,0,2,5,0,7,0,2,5,0,7,0,0,0,7
05/06/2007,CNW,TX,ASW,CE,Federal Contract Tower,0,0,0,0,0,0,2,7,0,9,0,2,7,0,9,0,0,0,9
05/07/2007,CNW,TX,ASW,CE,Federal Contract Tower,0,0,13,8,21,0,0,28,1,29,0,0,41,9,50,2,18,20,70
05/08/2007,CNW,TX,ASW,CE,Federal Contract Tower,0,0,19,40,59,0,4,45,0,49,0,4,64,40,108,130,0,130,238
05/09/2007,CNW,TX,ASW,CE,Federal Contract Tower,0,0,9,27,36,0,2,53,5,60,0,2,62,32,96,102,100,202,298
05/10/2007,CNW,TX,ASW,CE,Federal Contract Tower,0,0,15,7,22,0,2,38,0,40,0,2,53,7,62,34,0,34,96
05/11/2007,CNW,TX,ASW,CE,Federal Contract Tower,0,0,4,15,19,0,2,18,0,20,0,2,22,15,39,4,10,14,53
05/12/2007,CNW,TX,ASW,CE,Federal Contract Tower,0,0,5,0,5,0,2,157,0,159,0,2,162,0,164,22,0,22,186
05/13/2007,CNW,TX,ASW,CE,Federal Contract Tower,0,0,0,0,0,0,0,11,0,11,0,0,11,0,11,0,0,0,11
05/14/2007,CNW,TX,ASW,CE,Federal Contract Tower,0,0,18,26,44,0,0,43,0,43,0,0,61,26,87,66,68,134,221
05/15/2007,CNW,TX,ASW,CE,Federal Contract Tower,0,0,16,27,43,0,5,62,4,71,0,5,78,31,114,66,74,140,254
05/16/2007,CNW,TX,ASW,CE,Federal Contract Tower,0,0,8,12,20,0,0,26,4,30,0,0,34,16,50,32,0,32,82
05/17/2007,CNW,TX,ASW,CE,Federal Contract Tower,0,0,2,16,18,0,0,42,0,42,0,0,44,16,60,96,48,144,204
05/18/2007,CNW,TX,ASW,CE,Federal Contract Tower,0,0,5,18,23,0,0,21,7,28,0,0,26,25,51,34,114,148,199
05/19/2007,CNW,TX,ASW,CE,Federal Contract Tower,0,0,3,0,3,0,0,4,0,4,0,0,7,0,7,0,0,0,7
05/20/2007,CNW,TX,ASW,CE,Federal Contract Tower,0,0,3,2,5,0,0,4,3,7,0,0,7,5,12,0,0,0,12
05/21/2007,CNW,TX,ASW,CE,Federal Contract Tower,0,0,6,8,14,0,0,13,16,29,0,0,19,24,43,18,22,40,83
05/22/2007,CNW,TX,ASW,CE,Federal Contract Tower,0,0,28,23,51,0,0,37,0,37,0,0,65,23,88,70,54,124,212
05/23/2007,CNW,TX,ASW,CE,Federal Contract Tower,0,0,16,10,26,0,0,25,3,28,0,0,41,13,54,40,30,70,124
05/24/2007,CNW,TX,ASW,CE,Federal Contract Tower,0,0,5,3,8,0,2,15,2,19,0,2,20,5,27,34,0,34,61
05/25/2007,CNW,TX,ASW,CE,Federal Contract Tower,0,0,7,0,7,0,0,4,0,4,0,0,11,0,11,0,0,0,11
05/26/2007,CNW,TX,ASW,CE,Federal Contract Tower,0,1,6,0,7,0,0,2,0,2,0,1,8,0,9,16,0,16,25
05/27/2007,CNW,TX,ASW,CE,Federal Contract Tower,1,1,0,0,2,0,0,1,0,1,1,1,1,0,3,0,0,0,3
05/28/2007,CNW,TX,ASW,CE,Federal Contract Tower,0,0,0,0,0,0,0,2,0,2,0,0,2,0,2,22,0,22,24
05/29/2007,CNW,TX,ASW,CE,Federal Contract Tower,0,0,8,7,15,0,2,15,6,23,0,2,23,13,38,86,0,86,124
05/30/2007,CNW,TX,ASW,CE,Federal Contract Tower,0,0,13,12,25,0,0,26,1,27,0,0,39,13,52,6,8,14,66
05/31/2007,CNW,TX,ASW,CE,Federal Contract Tower,0,0,9,12,21,0,0,32,0,32,0,0,41,12,53,40,0,40,93
06/01/2007,CNW,TX,ASW,CE,Federal Contract Tower,0,0,8,6,14,0,1,35,2,38,0,1,43,8,52,66,44,110,162
06/02/2007,CNW,TX,ASW,CE,Federal Contract Tower,0,0,0,1,1,0,0,24,0,24,0,0,24,1,25,12,0,12,37
06/03/2007,CNW,TX,ASW,CE,Federal Contract Tower,0,0,3,0,3,0,0,17,0,17,0,0,20,0,20,30,0,30,50
06/04/2007,CNW,TX,ASW,CE,Federal Contract Tower,0,0,10,14,24,0,0,43,0,43,0,0,53,14,67,106,46,152,219
06/05/2007,CNW,TX,ASW,CE,Federal Contract Tower,0,0,3,18,21,0,0,60,6,66,0,0,63,24,87,160,68,228,315
06/06/2007,CNW,TX,ASW,CE,Federal Contract Tower,0,0,11,26,37,0,0,42,0,42,0,0,53,26,79,28,134,162,241
06/07/2007,CNW,TX,ASW,CE,Federal Contract Tower,0,0,22,0,22,0,2,26,0,28,0,2,48,0,50,80,0,80,130
06/08/2007,CNW,TX,ASW,CE,Federal Contract Tower,0,0,9,15,24,0,0,29,0,29,0,0,38,15,53,32,34,66,119
06/10/2007,CNW,TX,ASW,CE,Federal Contract Tower,0,0,3,11,14,0,0,13,0,13,0,0,16,11,27,18,16,34,61
06/11/2007,CNW,TX,ASW,CE,Federal Contract Tower,0,0,7,22,29,0,0,43,0,43,0,0,50,22,72,76,62,138,210
06/12/2007,CNW,TX,ASW,CE,Federal Contract Tower,0,0,5,32,37,0,0,42,0,42,0,0,47,32,79,60,94,154,233
06/13/2007,CNW,TX,ASW,CE,Federal Contract Tower,0,0,19,10,29,7,0,52,12,71,7,0,71,22,100,60,32,92,192
06/14/2007,CNW,TX,ASW,CE,Federal Contract Tower,0,0,7,1,8,0,1,20,2,23,0,1,27,3,31,32,0,32,63
06/15/2007,CNW,TX,ASW,CE,Federal Contract Tower,0,0,3,4,7,0,2,3,9,14,0,2,6,13,21,0,0,0,21
06/16/2007,CNW,TX,ASW,CE,Federal Contract Tower,0,0,2,3,5,0,2,0,0,2,0,2,2,3,7,0,4,4,11
06/17/2007,CNW,TX,ASW,CE,Federal Contract Tower,0,0,0,6,6,0,0,0,17,17,0,0,0,23,23,0,10,10,33
06/18/2007,CNW,TX,ASW,CE,Federal Contract Tower,0,1,7,3,11,0,1,29,2,32,0,2,36,5,43,36,0,36,79
06/19/2007,CNW,TX,ASW,CE,Federal Contract Tower,0,2,17,2,21,0,0,44,2,46,0,2,61,4,67,94,8,102,169
06/20/2007,CNW,TX,ASW,CE,Federal Contract Tower,0,2,11,2,15,0,0,35,3,38,0,2,46,5,53,78,0,78,131
06/21/2007,CNW,TX,ASW,CE,Federal Contract Tower,0,0,14,16,30,0,0,24,0,24,0,0,38,16,54,26,10,36,90
06/22/2007,CNW,TX,ASW,CE,Federal Contract Tower,0,4,6,8,18,0,0,28,0,28,0,4,34,8,46,48,28,76,122
06/23/2007,CNW,TX,ASW,CE,Federal Contract Tower,0,0,0,0,0,0,0,5,0,5,0,0,5,0,5,0,0,0,5
06/24/2007,CNW,TX,ASW,CE,Federal Contract Tower,0,0,2,1,3,0,0,9,0,9,0,0,11,1,12,40,0,40,52
06/25/2007,CNW,TX,ASW,CE,Federal Contract Tower,0,0,2,0,2,0,1,12,0,13,0,1,14,0,15,18,0,18,33
06/26/2007,CNW,TX,ASW,CE,Federal Contract Tower,0,0,0,0,0,0,6,2,0,8,0,6,2,0,8,0,0,0,8
06/27/2007,CNW,TX,ASW,CE,Federal Contract Tower,0,0,15,0,15,0,4,12,0,16,0,4,27,0,31,6,0,6,37
06/28/2007,CNW,TX,ASW,CE,Federal Contract Tower,0,0,3,0,3,0,2,12,1,15,0,2,15,1,18,46,80,126,144
06/29/2007,CNW,TX,ASW,CE,Federal Contract Tower,0,0,10,0,10,0,2,25,2,29,0,2,35,2,39,62,6,68,107
06/30/2007,CNW,TX,ASW,CE,Federal Contract Tower,0,0,8,0,8,0,0,1,0,1,0,0,9,0,9,0,0,0,9
07/01/2007,CNW,TX,ASW,CE,Federal Contract Tower,0,0,4,0,4,0,0,7,0,7,0,0,11,0,11,34,0,34,45
07/02/2007,CNW,TX,ASW,CE,Federal Contract Tower,0,0,6,1,7,0,0,27,0,27,0,0,33,1,34,14,0,14,48
07/03/2007,CNW,TX,ASW,CE,Federal Contract Tower,0,0,8,2,10,0,2,12,0,14,0,2,20,2,24,76,0,76,100
07/04/2007,CNW,TX,ASW,CE,Federal Contract Tower,0,0,2,0,2,0,2,8,0,10,0,2,10,0,12,16,0,16,28
07/05/2007,CNW,TX,ASW,CE,Federal Contract Tower,0,1,1,2,4,0,3,2,1,6,0,4,3,3,10,0,0,0,10
07/06/2007,CNW,TX,ASW,CE,Federal Contract Tower,0,0,6,0,6,0,2,20,0,22,0,2,26,0,28,12,0,12,40
07/07/2007,CNW,TX,ASW,CE,Federal Contract Tower,0,0,0,4,4,0,4,17,2,23,0,4,17,6,27,28,0,28,55
07/08/2007,CNW,TX,ASW,CE,Federal Contract Tower,0,0,2,0,2,0,0,4,0,4,0,0,6,0,6,0,0,0,6
07/09/2007,CNW,TX,ASW,CE,Federal Contract Tower,0,0,12,1,13,0,0,37,1,38,0,0,49,2,51,94,0,94,145
07/10/2007,CNW,TX,ASW,CE,Federal Contract Tower,0,0,10,3,13,0,2,49,0,51,0,2,59,3,64,74,4,78,142
07/11/2007,CNW,TX,ASW,CE,Federal Contract Tower,0,0,8,21,29,0,2,47,0,49,0,2,55,21,78,120,60,180,258
07/12/2007,CNW,TX,ASW,CE,Federal Contract Tower,0,0,5,19,24,0,0,47,2,49,0,0,52,21,73,86,88,174,247
07/13/2007,CNW,TX,ASW,CE,Federal Contract Tower,0,0,2,21,23,0,0,34,4,38,0,0,36,25,61,42,26,68,129
07/14/2007,CNW,TX,ASW,CE,Federal Contract Tower,0,0,0,0,0,0,0,2,4,6,0,0,2,4,6,2,10,12,18
07/15/2007,CNW,TX,ASW,CE,Federal Contract Tower,0,0,6,0,6,0,0,10,0,10,0,0,16,0,16,0,0,0,16
07/16/2007,CNW,TX,ASW,CE,Federal Contract Tower,0,4,2,7,13,0,0,50,0,50,0,4,52,7,63,106,46,152,215
07/17/2007,CNW,TX,ASW,CE,Federal Contract Tower,0,0,7,14,21,0,4,28,0,32,0,4,35,14,53,52,0,52,105
07/18/2007,CNW,TX,ASW,CE,Federal Contract Tower,0,0,11,3,14,0,0,54,0,54,0,0,65,3,68,30,14,44,112
07/19/2007,CNW,TX,ASW,CE,Federal Contract Tower,0,0,4,0,4,0,0,30,4,34,0,0,34,4,38,98,0,98,136
07/20/2007,CNW,TX,ASW,CE,Federal Contract Tower,0,0,5,0,5,0,2,4,0,6,0,2,9,0,11,0,0,0,11
07/21/2007,CNW,TX,ASW,CE,Federal Contract Tower,0,0,3,2,5,0,0,8,0,8,0,0,11,2,13,30,0,30,43
07/22/2007,CNW,TX,ASW,CE,Federal Contract Tower,0,0,4,0,4,0,4,2,0,6,0,4,6,0,10,8,0,8,18
07/23/2007,CNW,TX,ASW,CE,Federal Contract Tower,0,0,9,10,19,0,5,39,0,44,0,5,48,10,63,104,52,156,219
07/24/2007,CNW,TX,ASW,CE,Federal Contract Tower,0,0,4,13,17,0,0,57,1,58,0,0,61,14,75,90,108,198,273
07/25/2007,CNW,TX,ASW,CE,Federal Contract Tower,0,1,13,20,34,0,4,37,0,41,0,5,50,20,75,122,64,186,261
07/26/2007,CNW,TX,ASW,CE,Federal Contract Tower,0,0,2,8,10,0,2,12,2,16,0,2,14,10,26,66,20,86,112
07/27/2007,CNW,TX,ASW,CE,Federal Contract Tower,2,0,1,10,13,0,0,13,1,14,2,0,14,11,27,26,10,36,63
07/28/2007,CNW,TX,ASW,CE,Federal Contract Tower,0,0,0,0,0,0,0,2,0,2,0,0,2,0,2,0,0,0,2
07/29/2007,CNW,TX,ASW,CE,Federal Contract Tower,0,0,0,0,0,0,2,8,0,10,0,2,8,0,10,0,0,0,10
07/30/2007,CNW,TX,ASW,CE,Federal Contract Tower,0,0,4,4,8,0,2,32,3,37,0,2,36,7,45,34,56,90,135
07/31/2007,CNW,TX,ASW,CE,Federal Contract Tower,2,0,11,13,26,0,0,56,0,56,2,0,67,13,82,144,28,172,254
08/01/2007,CNW,TX,ASW,CE,Federal Contract Tower,0,0,9,4,13,0,4,24,4,32,0,4,33,8,45,56,28,84,129
08/02/2007,CNW,TX,ASW,CE,Federal Contract Tower,0,0,2,0,2,0,0,18,2,20,0,0,20,2,22,14,0,14,36
08/03/2007,CNW,TX,ASW,CE,Federal Contract Tower,0,0,12,23,35,0,2,57,2,61,0,2,69,25,96,42,48,90,186
08/04/2007,CNW,TX,ASW,CE,Federal Contract Tower,0,0,0,4,4,0,2,9,0,11,0,2,9,4,15,0,0,0,15
08/05/2007,CNW,TX,ASW,CE,Federal Contract Tower,0,0,1,2,3,0,0,7,0,7,0,0,8,2,10,12,0,12,22
08/06/2007,CNW,TX,ASW,CE,Federal Contract Tower,0,0,6,16,22,0,2,60,0,62,0,2,66,16,84,80,80,160,244
08/07/2007,CNW,TX,ASW,CE,Federal Contract Tower,0,0,29,14,43,0,2,36,1,39,0,2,65,15,82,70,66,136,218
08/08/2007,CNW,TX,ASW,CE,Federal Contract Tower,0,2,6,29,37,0,2,46,2,50,0,4,52,31,87,84,62,146,233
08/09/2007,CNW,TX,ASW,CE,Federal Contract Tower,0,0,13,6,19,0,2,47,0,49,0,2,60,6,68,120,14,134,202
08/10/2007,CNW,TX,ASW,CE,Federal Contract Tower,0,0,9,13,22,0,1,43,3,47,0,1,52,16,69,44,52,96,165
08/11/2007,CNW,TX,ASW,CE,Federal Contract Tower,0,0,12,1,13,0,2,11,2,15,0,2,23,3,28,4,0,4,32
08/12/2007,CNW,TX,ASW,CE,Federal Contract Tower,0,0,3,3,6,0,0,3,0,3,0,0,6,3,9,0,0,0,9
08/13/2007,CNW,TX,ASW,CE,Federal Contract Tower,0,0,13,1,14,0,0,25,16,41,0,0,38,17,55,8,18,26,81
08/14/2007,CNW,TX,ASW,CE,Federal Contract Tower,0,0,10,0,10,0,0,4,0,4,0,0,14,0,14,0,0,0,14
08/15/2007,CNW,TX,ASW,CE,Federal Contract Tower,0,0,24,3,27,0,0,1,1,2,0,0,25,4,29,0,6,6,35
08/16/2007,CNW,TX,ASW,CE,Federal Contract Tower,0,0,6,8,14,0,4,0,0,4,0,4,6,8,18,0,16,16,34
08/17/2007,CNW,TX,ASW,CE,Federal Contract Tower,0,0,3,5,8,0,0,0,0,0,0,0,3,5,8,0,0,0,8
08/18/2007,CNW,TX,ASW,CE,Federal Contract Tower,0,0,1,2,3,0,0,3,0,3,0,0,4,2,6,0,0,0,6
08/19/2007,CNW,TX,ASW,CE,Federal Contract Tower,0,0,0,2,2,0,0,2,0,2,0,0,2,2,4,0,0,0,4
08/20/2007,CNW,TX,ASW,CE,Federal Contract Tower,0,0,6,22,28,0,0,14,14,28,0,0,20,36,56,52,68,120,176
08/21/2007,CNW,TX,ASW,CE,Federal Contract Tower,0,0,9,10,19,0,0,42,5,47,0,0,51,15,66,70,79,149,215
08/22/2007,CNW,TX,ASW,CE,Federal Contract Tower,0,0,11,6,17,0,2,7,20,29,0,2,18,26,46,8,34,42,88
08/23/2007,CNW,TX,ASW,CE,Federal Contract Tower,0,0,12,0,12,0,0,4,1,5,0,0,16,1,17,0,0,0,17
08/24/2007,CNW,TX,ASW,CE,Federal Contract Tower,0,0,13,9,22,0,2,4,0,6,0,2,17,9,28,0,0,0,28
08/25/2007,CNW,TX,ASW,CE,Federal Contract Tower,0,0,3,3,6,0,0,2,3,5,0,0,5,6,11,0,0,0,11
08/26/2007,CNW,TX,ASW,CE,Federal Contract Tower,0,0,3,3,6,0,0,4,0,4,0,0,7,3,10,0,0,0,10
08/27/2007,CNW,TX,ASW,CE,Federal Contract Tower,0,0,5,5,10,0,0,26,11,37,0,0,31,16,47,38,8,46,93
08/28/2007,CNW,TX,ASW,CE,Federal Contract Tower,0,2,13,14,29,0,2,29,1,32,0,4,42,15,61,68,56,124,185
08/29/2007,CNW,TX,ASW,CE,Federal Contract Tower,0,2,3,37,42,0,4,27,0,31,0,6,30,37,73,32,62,94,167
08/30/2007,CNW,TX,ASW,CE,Federal Contract Tower,0,0,8,0,8,0,2,25,0,27,0,2,33,0,35,84,0,84,119
08/31/2007,CNW,TX,ASW,CE,Federal Contract Tower,0,0,11,6,17,0,0,32,0,32,0,0,43,6,49,44,10,54,103
09/01/2007,CNW,TX,ASW,CE,Federal Contract Tower,0,0,1,0,1,0,0,6,0,6,0,0,7,0,7,0,0,0,7
09/02/2007,CNW,TX,ASW,CE,Federal Contract Tower,0,0,4,0,4,0,2,3,0,5,0,2,7,0,9,4,0,4,13
09/03/2007,CNW,TX,ASW,CE,Federal Contract Tower,0,0,5,0,5,0,0,3,0,3,0,0,8,0,8,0,0,0,8
09/04/2007,CNW,TX,ASW,CE,Federal Contract Tower,0,0,0,6,6,0,4,11,0,15,0,4,11,6,21,44,24,68,89
09/05/2007,CNW,TX,ASW,CE,Federal Contract Tower,0,0,8,2,10,0,4,26,0,30,0,4,34,2,40,66,0,66,106
09/06/2007,CNW,TX,ASW,CE,Federal Contract Tower,0,0,9,10,19,0,2,60,0,62,0,2,69,10,81,104,0,104,185
09/07/2007,CNW,TX,ASW,CE,Federal Contract Tower,0,0,8,9,17,0,2,49,0,51,0,2,57,9,68,104,4,108,176
09/08/2007,CNW,TX,ASW,CE,Federal Contract Tower,0,0,8,0,8,0,0,32,0,32,0,0,40,0,40,12,0,12,52
09/09/2007,CNW,TX,ASW,CE,Federal Contract Tower,0,0,2,2,4,0,4,12,0,16,0,4,14,2,20,0,22,22,42
09/10/2007,CNW,TX,ASW,CE,Federal Contract Tower,0,0,3,10,13,0,4,24,0,28,0,4,27,10,41,38,58,96,137
09/11/2007,CNW,TX,ASW,CE,Federal Contract Tower,0,0,15,25,40,0,0,36,0,36,0,0,51,25,76,58,20,78,154
09/12/2007,CNW,TX,ASW,CE,Federal Contract Tower,0,0,3,27,30,0,2,31,0,33,0,2,34,27,63,16,96,112,175
09/13/2007,CNW,TX,ASW,CE,Federal Contract Tower,0,0,3,6,9,0,0,20,2,22,0,0,23,8,31,38,26,64,95
09/14/2007,CNW,TX,ASW,CE,Federal Contract Tower,0,0,8,10,18,0,2,41,0,43,0,2,49,10,61,72,20,92,153
09/15/2007,CNW,TX,ASW,CE,Federal Contract Tower,0,0,8,3,11,0,4,13,0,17,0,4,21,3,28,0,0,0,28
09/16/2007,CNW,TX,ASW,CE,Federal Contract Tower,0,0,6,6,12,0,0,12,0,12,0,0,18,6,24,0,10,10,34
09/17/2007,CNW,TX,ASW,CE,Federal Contract Tower,0,0,11,18,29,0,4,52,0,56,0,4,63,18,85,48,72,120,205
09/18/2007,CNW,TX,ASW,CE,Federal Contract Tower,0,0,13,17,30,0,1,41,0,42,0,1,54,17,72,82,96,178,250
09/19/2007,CNW,TX,ASW,CE,Federal Contract Tower,0,0,2,8,10,0,4,24,0,28,0,4,26,8,38,30,32,62,100
09/20/2007,CNW,TX,ASW,CE,Federal Contract Tower,0,0,13,9,22,0,4,49,1,54,0,4,62,10,76,30,32,62,138
09/21/2007,CNW,TX,ASW,CE,Federal Contract Tower,0,0,8,19,27,0,0,56,0,56,0,0,64,19,83,40,138,178,261
09/22/2007,CNW,TX,ASW,CE,Federal Contract Tower,0,0,0,6,6,0,2,26,0,28,0,2,26,6,34,0,0,0,34
09/23/2007,CNW,TX,ASW,CE,Federal Contract Tower,0,0,5,0,5,0,6,12,0,18,0,6,17,0,23,0,0,0,23
09/24/2007,CNW,TX,ASW,CE,Federal Contract Tower,0,0,6,16,22,0,2,36,0,38,0,2,42,16,60,70,84,154,214
09/25/2007,CNW,TX,ASW,CE,Federal Contract Tower,0,0,9,2,11,0,4,50,0,54,0,4,59,2,65,82,6,88,153
09/26/2007,CNW,TX,ASW,CE,Federal Contract Tower,0,0,11,0,11,0,4,49,0,53,0,4,60,0,64,54,0,54,118
09/27/2007,CNW,TX,ASW,CE,Federal Contract Tower,0,0,4,36,40,0,0,63,1,64,0,0,67,37,104,116,42,158,262
09/28/2007,CNW,TX,ASW,CE,Federal Contract Tower,0,0,8,0,8,0,0,49,0,49,0,0,57,0,57,92,0,92,149
09/29/2007,CNW,TX,ASW,CE,Federal Contract Tower,0,0,8,0,8,0,2,8,0,10,0,2,16,0,18,22,0,22,40
09/30/2007,CNW,TX,ASW,CE,Federal Contract Tower,0,0,0,0,0,0,0,0,4,4,0,0,0,4,4,0,0,0,4
10/01/2007,CNW,TX,ASW,CE,Federal Contract Tower,0,0,6,19,25,0,2,41,0,43,0,2,47,19,68,86,76,162,230
10/02/2007,CNW,TX,ASW,CE,Federal Contract Tower,0,0,4,24,28,0,2,50,0,52,0,2,54,24,80,94,26,120,200
10/03/2007,CNW,TX,ASW,CE,Federal Contract Tower,0,0,5,18,23,0,0,49,0,49,0,0,54,18,72,174,52,226,298
10/04/2007,CNW,TX,ASW,CE,Federal Contract Tower,0,0,3,25,28,0,0,54,2,56,0,0,57,27,84,146,30,176,260
10/05/2007,CNW,TX,ASW,CE,Federal Contract Tower,0,0,1,18,19,0,0,53,0,53,0,0,54,18,72,120,50,170,242
10/06/2007,CNW,TX,ASW,CE,Federal Contract Tower,0,0,2,2,4,0,0,6,0,6,0,0,8,2,10,10,0,10,20
10/07/2007,CNW,TX,ASW,CE,Federal Contract Tower,0,0,0,0,0,0,2,7,0,9,0,2,7,0,9,0,0,0,9
10/08/2007,CNW,TX,ASW,CE,Federal Contract Tower,0,0,13,2,15,0,2,25,0,27,0,2,38,2,42,24,0,24,66
10/09/2007,CNW,TX,ASW,CE,Federal Contract Tower,0,0,10,29,39,0,4,57,0,61,0,4,67,29,100,170,132,302,402
10/10/2007,CNW,TX,ASW,CE,Federal Contract Tower,0,0,5,15,20,0,0,62,2,64,0,0,67,17,84,102,114,216,300
10/11/2007,CNW,TX,ASW,CE,Federal Contract Tower,0,0,7,31,38,0,2,54,0,56,0,2,61,31,94,120,166,286,380
10/12/2007,CNW,TX,ASW,CE,Federal Contract Tower,2,0,7,17,26,0,2,35,0,37,2,2,42,17,63,36,18,54,117
10/13/2007,CNW,TX,ASW,CE,Federal Contract Tower,2,2,6,0,10,0,2,10,0,12,2,4,16,0,22,0,0,0,22
10/14/2007,CNW,TX,ASW,CE,Federal Contract Tower,0,0,0,3,3,0,2,1,0,3,0,2,1,3,6,0,0,0,6
10/15/2007,CNW,TX,ASW,CE,Federal Contract Tower,0,0,1,14,15,0,2,17,0,19,0,2,18,14,34,92,0,92,126
10/16/2007,CNW,TX,ASW,CE,Federal Contract Tower,0,0,15,5,20,0,0,18,0,18,0,0,33,5,38,46,0,46,84
10/17/2007,CNW,TX,ASW,CE,Federal Contract Tower,0,0,4,6,10,0,2,32,0,34,0,2,36,6,44,74,0,74,118
10/18/2007,CNW,TX,ASW,CE,Federal Contract Tower,0,6,6,18,30,0,0,53,0,53,0,6,59,18,83,46,42,88,171
10/19/2007,CNW,TX,ASW,CE,Federal Contract Tower,0,0,5,33,38,0,0,59,0,59,0,0,64,33,97,124,128,252,349
10/20/2007,CNW,TX,ASW,CE,Federal Contract Tower,0,2,6,0,8,0,2,35,0,37,0,4,41,0,45,38,0,38,83
10/21/2007,CNW,TX,ASW,CE,Federal Contract Tower,0,0,6,0,6,0,2,21,0,23,0,2,27,0,29,60,0,60,89
10/22/2007,CNW,TX,ASW,CE,Federal Contract Tower,0,2,0,8,10,0,0,3,2,5,0,2,3,10,15,22,12,34,49
10/23/2007,CNW,TX,ASW,CE,Federal Contract Tower,0,0,15,20,35,0,2,43,0,45,0,2,58,20,80,86,28,114,194
10/24/2007,CNW,TX,ASW,CE,Federal Contract Tower,0,2,8,6,16,0,1,48,0,49,0,3,56,6,65,110,36,146,211
10/25/2007,CNW,TX,ASW,CE,Federal Contract Tower,0,0,7,15,22,0,0,55,1,56,0,0,62,16,78,108,50,158,236
10/26/2007,CNW,TX,ASW,CE,Federal Contract Tower,0,0,7,15,22,0,2,66,0,68,0,2,73,15,90,128,48,176,266
10/27/2007,CNW,TX,ASW,CE,Federal Contract Tower,0,2,0,0,2,0,0,26,0,26,0,2,26,0,28,28,0,28,56
10/28/2007,CNW,TX,ASW,CE,Federal Contract Tower,0,0,0,0,0,0,0,12,0,12,0,0,12,0,12,6,0,6,18
10/29/2007,CNW,TX,ASW,CE,Federal Contract Tower,0,0,1,13,14,0,5,79,0,84,0,5,80,13,98,218,80,298,396
10/30/2007,CNW,TX,ASW,CE,Federal Contract Tower,0,0,1,20,21,0,0,56,2,58,0,0,57,22,79,122,36,158,237
10/31/2007,CNW,TX,ASW,CE,Federal Contract Tower,0,0,0,19,19,0,2,54,2,58,0,2,54,21,77,180,64,244,321
11/01/2007,CNW,TX,ASW,CE,Federal Contract Tower,0,0,3,1,4,0,0,59,2,61,0,0,62,3,65,154,4,158,223
11/02/2007,CNW,TX,ASW,CE,Federal Contract Tower,0,2,4,1,7,0,2,17,0,19,0,4,21,1,26,38,6,44,70
11/03/2007,CNW,TX,ASW,CE,Federal Contract Tower,0,0,0,0,0,0,2,10,4,16,0,2,10,4,16,0,4,4,20
11/04/2007,CNW,TX,ASW,CE,Federal Contract Tower,0,0,8,0,8,0,2,13,0,15,0,2,21,0,23,36,0,36,59
11/05/2007,CNW,TX,ASW,CE,Federal Contract Tower,0,0,3,12,15,0,5,40,5,50,0,5,43,17,65,90,86,176,241
11/06/2007,CNW,TX,ASW,CE,Federal Contract Tower,0,2,3,3,8,0,0,28,1,29,0,2,31,4,37,36,32,68,105
11/07/2007,CNW,TX,ASW,CE,Federal Contract Tower,0,0,3,8,11,0,0,59,0,59,0,0,62,8,70,132,20,152,222
11/08/2007,CNW,TX,ASW,CE,Federal Contract Tower,0,0,2,2,4,0,2,51,14,67,0,2,53,16,71,71,112,183,254
11/09/2007,CNW,TX,ASW,CE,Federal Contract Tower,0,0,0,3,3,0,0,14,5,19,0,0,14,8,22,0,12,12,34
11/10/2007,CNW,TX,ASW,CE,Federal Contract Tower,0,0,5,5,10,0,0,15,0,15,0,0,20,5,25,0,0,0,25
11/11/2007,CNW,TX,ASW,CE,Federal Contract Tower,0,0,0,3,3,0,0,0,5,5,0,0,0,8,8,0,0,0,8
11/12/2007,CNW,TX,ASW,CE,Federal Contract Tower,0,0,4,8,12,0,0,25,17,42,0,0,29,25,54,100,0,100,154
11/13/2007,CNW,TX,ASW,CE,Federal Contract Tower,0,0,9,22,31,0,2,41,0,43,0,2,50,22,74,160,46,206,280
11/14/2007,CNW,TX,ASW,CE,Federal Contract Tower,0,0,7,12,19,0,0,45,0,45,0,0,52,12,64,72,18,90,154
11/15/2007,CNW,TX,ASW,CE,Federal Contract Tower,0,0,2,26,28,0,2,51,0,53,0,2,53,26,81,90,88,178,259
11/16/2007,CNW,TX,ASW,CE,Federal Contract Tower,0,0,6,8,14,0,2,49,0,51,0,2,55,8,65,102,18,120,185
11/17/2007,CNW,TX,ASW,CE,Federal Contract Tower,0,0,2,4,6,0,0,14,1,15,0,0,16,5,21,14,8,22,43
11/18/2007,CNW,TX,ASW,CE,Federal Contract Tower,0,0,0,0,0,0,2,4,0,6,0,2,4,0,6,0,0,0,6
11/19/2007,CNW,TX,ASW,CE,Federal Contract Tower,0,0,2,0,2,0,0,41,0,41,0,0,43,0,43,100,0,100,143
11/20/2007,CNW,TX,ASW,CE,Federal Contract Tower,0,0,7,10,17,0,0,14,0,14,0,0,21,10,31,28,28,56,87
11/21/2007,CNW,TX,ASW,CE,Federal Contract Tower,0,0,1,2,3,0,0,7,0,7,0,0,8,2,10,8,0,8,18
11/22/2007,CNW,TX,ASW,CE,Federal Contract Tower,0,0,0,0,0,0,0,0,0,0,0,0,0,0,0,0,0,0,0
11/23/2007,CNW,TX,ASW,CE,Federal Contract Tower,0,0,0,0,0,0,0,10,0,10,0,0,10,0,10,0,0,0,10
11/24/2007,CNW,TX,ASW,CE,Federal Contract Tower,0,0,0,0,0,0,0,0,0,0,0,0,0,0,0,0,0,0,0
11/25/2007,CNW,TX,ASW,CE,Federal Contract Tower,0,2,0,0,2,0,0,0,0,0,0,2,0,0,2,0,0,0,2
11/26/2007,CNW,TX,ASW,CE,Federal Contract Tower,0,0,1,6,7,0,0,50,0,50,0,0,51,6,57,156,6,162,219
11/27/2007,CNW,TX,ASW,CE,Federal Contract Tower,0,0,4,14,18,0,1,38,0,39,0,1,42,14,57,76,56,132,189
11/28/2007,CNW,TX,ASW,CE,Federal Contract Tower,0,2,5,6,13,0,6,36,1,43,0,8,41,7,56,88,16,104,160
11/29/2007,CNW,TX,ASW,CE,Federal Contract Tower,0,0,9,2,11,0,4,62,0,66,0,4,71,2,77,188,0,188,265
11/30/2007,CNW,TX,ASW,CE,Federal Contract Tower,0,0,10,21,31,0,0,38,8,46,0,0,48,29,77,140,44,184,261
12/01/2007,CNW,TX,ASW,CE,Federal Contract Tower,0,0,2,0,2,0,4,2,0,6,0,4,4,0,8,0,0,0,8
12/02/2007,CNW,TX,ASW,CE,Federal Contract Tower,0,0,2,0,2,0,3,2,0,5,0,3,4,0,7,0,0,0,7
12/03/2007,CNW,TX,ASW,CE,Federal Contract Tower,0,0,4,22,26,0,0,54,0,54,0,0,58,22,80,116,86,202,282
12/04/2007,CNW,TX,ASW,CE,Federal Contract Tower,0,0,9,0,9,0,2,42,0,44,0,2,51,0,53,112,0,112,165
12/05/2007,CNW,TX,ASW,CE,Federal Contract Tower,0,0,3,18,21,0,2,62,1,65,0,2,65,19,86,190,14,204,290
12/06/2007,CNW,TX,ASW,CE,Federal Contract Tower,0,0,0,12,12,0,0,25,0,25,0,0,25,12,37,78,26,104,141
12/07/2007,CNW,TX,ASW,CE,Federal Contract Tower,0,0,6,7,13,0,2,15,1,18,0,2,21,8,31,20,34,54,85
12/08/2007,CNW,TX,ASW,CE,Federal Contract Tower,0,0,6,1,7,0,0,12,3,15,0,0,18,4,22,4,16,20,42
12/09/2007,CNW,TX,ASW,CE,Federal Contract Tower,0,0,4,0,4,0,0,0,0,0,0,0,4,0,4,0,0,0,4
12/10/2007,CNW,TX,ASW,CE,Federal Contract Tower,0,0,2,0,2,0,0,0,0,0,0,0,2,0,2,0,0,0,2
12/11/2007,CNW,TX,ASW,CE,Federal Contract Tower,0,0,7,11,18,0,0,0,0,0,0,0,7,11,18,0,10,10,28
12/12/2007,CNW,TX,ASW,CE,Federal Contract Tower,0,0,2,0,2,0,0,0,0,0,0,0,2,0,2,0,0,0,2
12/13/2007,CNW,TX,ASW,CE,Federal Contract Tower,0,0,8,10,18,0,0,41,1,42,0,0,49,11,60,162,0,162,222
12/14/2007,CNW,TX,ASW,CE,Federal Contract Tower,0,0,2,0,2,0,0,0,0,0,0,0,2,0,2,0,0,0,2
12/15/2007,CNW,TX,ASW,CE,Federal Contract Tower,0,0,0,0,0,0,0,2,4,6,0,0,2,4,6,4,0,4,10
12/16/2007,CNW,TX,ASW,CE,Federal Contract Tower,0,0,2,0,2,0,0,15,1,16,0,0,17,1,18,6,0,6,24
12/17/2007,CNW,TX,ASW,CE,Federal Contract Tower,0,0,4,0,4,0,0,28,2,30,0,0,32,2,34,88,20,108,142
12/18/2007,CNW,TX,ASW,CE,Federal Contract Tower,0,0,5,10,15,0,0,40,0,40,0,0,45,10,55,62,58,120,175
12/19/2007,CNW,TX,ASW,CE,Federal Contract Tower,0,0,8,4,12,0,0,35,0,35,0,0,43,4,47,86,74,160,207
12/20/2007,CNW,TX,ASW,CE,Federal Contract Tower,0,0,2,0,2,0,0,31,0,31,0,0,33,0,33,36,0,36,69
12/21/2007,CNW,TX,ASW,CE,Federal Contract Tower,0,0,0,0,0,0,0,31,0,31,0,0,31,0,31,26,0,26,57
12/22/2007,CNW,TX,ASW,CE,Federal Contract Tower,0,0,0,2,2,0,0,5,5,10,0,0,5,7,12,0,0,0,12
12/23/2007,CNW,TX,ASW,CE,Federal Contract Tower,0,0,1,0,1,0,2,7,0,9,0,2,8,0,10,8,0,8,18
12/24/2007,CNW,TX,ASW,CE,Federal Contract Tower,0,0,4,0,4,0,0,4,0,4,0,0,8,0,8,0,0,0,8
12/25/2007,CNW,TX,ASW,CE,Federal Contract Tower,0,0,0,2,2,0,0,0,0,0,0,0,0,2,2,0,0,0,2
12/26/2007,CNW,TX,ASW,CE,Federal Contract Tower,0,0,0,4,4,0,0,2,23,25,0,0,2,27,29,0,50,50,79
12/27/2007,CNW,TX,ASW,CE,Federal Contract Tower,0,0,0,0,0,0,0,2,0,2,0,0,2,0,2,0,0,0,2
12/28/2007,CNW,TX,ASW,CE,Federal Contract Tower,0,0,4,0,4,0,0,2,0,2,0,0,6,0,6,0,0,0,6
12/29/2007,CNW,TX,ASW,CE,Federal Contract Tower,0,0,1,1,2,0,0,2,0,2,0,0,3,1,4,0,0,0,4
12/30/2007,CNW,TX,ASW,CE,Federal Contract Tower,0,0,0,0,0,0,0,0,0,0,0,0,0,0,0,0,0,0,0
12/31/2007,CNW,TX,ASW,CE,Federal Contract Tower,0,0,0,0,0,0,0,0,0,0,0,0,0,0,0,0,0,0,0
01/01/2008,CNW,TX,ASW,CE,Federal Contract Tower,0,0,2,0,2,0,0,0,15,15,0,0,2,15,17,0,6,6,23
01/02/2008,CNW,TX,ASW,CE,Federal Contract Tower,0,0,1,0,1,0,0,14,1,15,0,0,15,1,16,16,0,16,32
01/03/2008,CNW,TX,ASW,CE,Federal Contract Tower,0,0,6,16,22,0,0,18,0,18,0,0,24,16,40,40,46,86,126
01/04/2008,CNW,TX,ASW,CE,Federal Contract Tower,0,0,3,9,12,0,0,14,1,15,0,0,17,10,27,2,24,26,53
01/05/2008,CNW,TX,ASW,CE,Federal Contract Tower,0,0,0,0,0,0,0,5,0,5,0,0,5,0,5,8,0,8,13
01/06/2008,CNW,TX,ASW,CE,Federal Contract Tower,0,0,0,2,2,0,0,0,0,0,0,0,0,2,2,0,0,0,2
01/07/2008,CNW,TX,ASW,CE,Federal Contract Tower,0,0,7,14,21,0,0,1,0,1,0,0,8,14,22,0,56,56,78
01/08/2008,CNW,TX,ASW,CE,Federal Contract Tower,0,0,5,4,9,0,0,12,2,14,0,0,17,6,23,14,56,70,93
01/09/2008,CNW,TX,ASW,CE,Federal Contract Tower,0,0,7,4,11,0,2,46,0,48,0,2,53,4,59,62,2,64,123
01/10/2008,CNW,TX,ASW,CE,Federal Contract Tower,0,2,2,1,5,0,0,31,0,31,0,2,33,1,36,38,0,38,74
01/11/2008,CNW,TX,ASW,CE,Federal Contract Tower,0,0,13,15,28,0,0,45,0,45,0,0,58,15,73,66,58,124,197
01/12/2008,CNW,TX,ASW,CE,Federal Contract Tower,0,0,2,12,14,0,0,10,0,10,0,0,12,12,24,0,0,0,24
01/13/2008,CNW,TX,ASW,CE,Federal Contract Tower,0,0,5,1,6,0,0,11,0,11,0,0,16,1,17,8,0,8,25
01/14/2008,CNW,TX,ASW,CE,Federal Contract Tower,0,0,8,13,21,0,0,24,0,24,0,0,32,13,45,50,66,116,161
01/15/2008,CNW,TX,ASW,CE,Federal Contract Tower,0,0,3,2,5,0,0,29,0,29,0,0,32,2,34,42,0,42,76
01/16/2008,CNW,TX,ASW,CE,Federal Contract Tower,0,0,4,18,22,0,0,13,0,13,0,0,17,18,35,40,0,40,75
01/17/2008,CNW,TX,ASW,CE,Federal Contract Tower,0,0,7,16,23,0,0,45,0,45,0,0,52,16,68,52,14,66,134
01/18/2008,CNW,TX,ASW,CE,Federal Contract Tower,0,0,4,3,7,0,0,17,2,19,0,0,21,5,26,56,24,80,106
01/19/2008,CNW,TX,ASW,CE,Federal Contract Tower,0,0,2,4,6,0,0,19,0,19,0,0,21,4,25,0,0,0,25
01/20/2008,CNW,TX,ASW,CE,Federal Contract Tower,0,0,4,0,4,0,0,14,0,14,0,0,18,0,18,10,0,10,28
01/21/2008,CNW,TX,ASW,CE,Federal Contract Tower,0,0,1,0,1,0,0,6,0,6,0,0,7,0,7,18,0,18,25
01/22/2008,CNW,TX,ASW,CE,Federal Contract Tower,0,2,0,6,8,0,0,0,0,0,0,2,0,6,8,0,0,0,8
01/23/2008,CNW,TX,ASW,CE,Federal Contract Tower,0,0,5,16,21,0,0,6,1,7,0,0,11,17,28,0,32,32,60
01/24/2008,CNW,TX,ASW,CE,Federal Contract Tower,0,0,3,22,25,0,0,21,2,23,0,0,24,24,48,30,124,154,202
01/25/2008,CNW,TX,ASW,CE,Federal Contract Tower,0,0,1,10,11,0,0,1,5,6,0,0,2,15,17,0,0,0,17
01/26/2008,CNW,TX,ASW,CE,Federal Contract Tower,0,0,5,0,5,0,2,14,1,17,0,2,19,1,22,40,0,40,62
01/27/2008,CNW,TX,ASW,CE,Federal Contract Tower,0,0,1,0,1,0,0,0,0,0,0,0,1,0,1,20,0,20,21
01/28/2008,CNW,TX,ASW,CE,Federal Contract Tower,0,0,4,0,4,0,3,0,0,3,0,3,4,0,7,0,0,0,7
01/29/2008,CNW,TX,ASW,CE,Federal Contract Tower,0,0,7,6,13,0,1,24,0,25,0,1,31,6,38,38,12,50,88
01/30/2008,CNW,TX,ASW,CE,Federal Contract Tower,0,0,13,28,41,0,0,45,0,45,0,0,58,28,86,16,28,44,130
01/31/2008,CNW,TX,ASW,CE,Federal Contract Tower,0,0,1,2,3,0,2,10,2,14,0,2,11,4,17,20,2,22,39
02/01/2008,CNW,TX,ASW,CE,Federal Contract Tower,0,0,6,6,12,0,0,39,5,44,0,0,45,11,56,40,8,48,104
02/02/2008,CNW,TX,ASW,CE,Federal Contract Tower,0,0,4,0,4,0,0,27,0,27,0,0,31,0,31,38,0,38,69
02/03/2008,CNW,TX,ASW,CE,Federal Contract Tower,0,0,1,0,1,0,0,1,0,1,0,0,2,0,2,4,0,4,6
02/04/2008,CNW,TX,ASW,CE,Federal Contract Tower,0,0,3,7,10,0,0,11,0,11,0,0,14,7,21,16,8,24,45
02/05/2008,CNW,TX,ASW,CE,Federal Contract Tower,0,0,0,8,8,0,0,13,2,15,0,0,13,10,23,32,38,70,93
02/06/2008,CNW,TX,ASW,CE,Federal Contract Tower,0,0,12,5,17,0,0,48,1,49,0,0,60,6,66,78,16,94,160
02/07/2008,CNW,TX,ASW,CE,Federal Contract Tower,0,0,6,14,20,0,0,50,0,50,0,0,56,14,70,60,24,84,154
02/08/2008,CNW,TX,ASW,CE,Federal Contract Tower,0,0,10,24,34,0,2,34,6,42,0,2,44,30,76,20,56,76,152
02/09/2008,CNW,TX,ASW,CE,Federal Contract Tower,0,0,1,0,1,0,8,25,0,33,0,8,26,0,34,6,0,6,40
02/10/2008,CNW,TX,ASW,CE,Federal Contract Tower,0,0,2,0,2,0,0,9,0,9,0,0,11,0,11,8,0,8,19
02/11/2008,CNW,TX,ASW,CE,Federal Contract Tower,0,0,5,0,5,0,0,10,0,10,0,0,15,0,15,0,0,0,15
02/12/2008,CNW,TX,ASW,CE,Federal Contract Tower,0,0,5,17,22,0,0,34,1,35,0,0,39,18,57,44,0,44,101
02/13/2008,CNW,TX,ASW,CE,Federal Contract Tower,0,0,7,5,12,0,2,64,1,67,0,2,71,6,79,102,60,162,241
02/14/2008,CNW,TX,ASW,CE,Federal Contract Tower,0,0,7,14,21,0,0,35,5,40,0,0,42,19,61,4,86,90,151
02/15/2008,CNW,TX,ASW,CE,Federal Contract Tower,0,0,7,2,9,0,0,5,0,5,0,0,12,2,14,0,0,0,14
02/16/2008,CNW,TX,ASW,CE,Federal Contract Tower,0,0,0,0,0,0,0,0,0,0,0,0,0,0,0,0,0,0,0
02/17/2008,CNW,TX,ASW,CE,Federal Contract Tower,0,0,1,0,1,0,0,17,0,17,0,0,18,0,18,20,0,20,38
02/18/2008,CNW,TX,ASW,CE,Federal Contract Tower,0,0,7,3,10,0,0,36,3,39,0,0,43,6,49,70,0,70,119
02/19/2008,CNW,TX,ASW,CE,Federal Contract Tower,0,0,12,2,14,0,4,61,0,65,0,4,73,2,79,146,0,146,225
02/20/2008,CNW,TX,ASW,CE,Federal Contract Tower,0,0,10,12,22,0,0,19,0,19,0,0,29,12,41,48,6,54,95
02/21/2008,CNW,TX,ASW,CE,Federal Contract Tower,0,0,15,1,16,0,0,0,0,0,0,0,15,1,16,0,0,0,16
02/22/2008,CNW,TX,ASW,CE,Federal Contract Tower,0,0,7,8,15,0,0,32,0,32,0,0,39,8,47,58,22,80,127
02/23/2008,CNW,TX,ASW,CE,Federal Contract Tower,0,0,12,8,20,0,2,19,0,21,0,2,31,8,41,26,2,28,69
02/24/2008,CNW,TX,ASW,CE,Federal Contract Tower,0,0,1,6,7,0,0,14,1,15,0,0,15,7,22,6,4,10,32
02/25/2008,CNW,TX,ASW,CE,Federal Contract Tower,0,0,2,15,17,0,0,18,0,18,0,0,20,15,35,6,146,152,187
02/26/2008,CNW,TX,ASW,CE,Federal Contract Tower,0,0,2,30,32,0,0,32,8,40,0,0,34,38,72,12,48,60,132
02/27/2008,CNW,TX,ASW,CE,Federal Contract Tower,0,0,7,6,13,0,2,44,2,48,0,2,51,8,61,80,34,114,175
02/28/2008,CNW,TX,ASW,CE,Federal Contract Tower,0,0,7,8,15,0,0,32,2,34,0,0,39,10,49,22,62,84,133
02/29/2008,CNW,TX,ASW,CE,Federal Contract Tower,0,0,10,1,11,0,0,25,18,43,0,0,35,19,54,80,36,116,170
03/01/2008,CNW,TX,ASW,CE,Federal Contract Tower,0,0,5,2,7,0,0,1,2,3,0,0,6,4,10,0,0,0,10
03/02/2008,CNW,TX,ASW,CE,Federal Contract Tower,1,0,1,1,3,0,1,2,1,4,1,1,3,2,7,0,0,0,7
03/03/2008,CNW,TX,ASW,CE,Federal Contract Tower,0,0,1,9,10,0,0,2,4,6,0,0,3,13,16,0,26,26,42
03/04/2008,CNW,TX,ASW,CE,Federal Contract Tower,0,0,11,4,15,0,2,48,4,54,0,2,59,8,69,98,0,98,167
03/05/2008,CNW,TX,ASW,CE,Federal Contract Tower,0,0,3,3,6,0,0,56,0,56,0,0,59,3,62,60,0,60,122
03/06/2008,CNW,TX,ASW,CE,Federal Contract Tower,0,1,4,0,5,0,0,0,0,0,0,1,4,0,5,0,0,0,5
03/07/2008,CNW,TX,ASW,CE,Federal Contract Tower,0,0,5,4,9,0,0,55,0,55,0,0,60,4,64,50,0,50,114
03/08/2008,CNW,TX,ASW,CE,Federal Contract Tower,0,0,5,13,18,0,2,20,3,25,0,2,25,16,43,28,0,28,71
03/09/2008,CNW,TX,ASW,CE,Federal Contract Tower,0,0,7,2,9,0,0,5,2,7,0,0,12,4,16,18,0,18,34
03/10/2008,CNW,TX,ASW,CE,Federal Contract Tower,0,0,0,0,0,0,0,0,0,0,0,0,0,0,0,0,0,0,0
03/11/2008,CNW,TX,ASW,CE,Federal Contract Tower,0,0,4,10,14,0,2,31,1,34,0,2,35,11,48,164,14,178,226
03/12/2008,CNW,TX,ASW,CE,Federal Contract Tower,0,0,6,6,12,0,2,57,0,59,0,2,63,6,71,66,24,90,161
03/13/2008,CNW,TX,ASW,CE,Federal Contract Tower,0,0,5,20,25,0,2,16,0,18,0,2,21,20,43,26,14,40,83
03/14/2008,CNW,TX,ASW,CE,Federal Contract Tower,0,0,2,19,21,0,9,33,0,42,0,9,35,19,63,64,8,72,135
03/15/2008,CNW,TX,ASW,CE,Federal Contract Tower,0,0,2,0,2,0,0,20,0,20,0,0,22,0,22,14,0,14,36
03/16/2008,CNW,TX,ASW,CE,Federal Contract Tower,0,0,6,0,6,0,0,7,0,7,0,0,13,0,13,50,0,50,63
03/17/2008,CNW,TX,ASW,CE,Federal Contract Tower,0,0,2,1,3,0,0,1,0,1,0,0,3,1,4,0,0,0,4
03/18/2008,CNW,TX,ASW,CE,Federal Contract Tower,0,0,0,4,4,0,0,2,0,2,0,0,2,4,6,0,0,0,6
03/19/2008,CNW,TX,ASW,CE,Federal Contract Tower,0,0,8,3,11,0,0,38,0,38,0,0,46,3,49,44,0,44,93
03/20/2008,CNW,TX,ASW,CE,Federal Contract Tower,0,0,3,6,9,0,0,57,0,57,0,0,60,6,66,74,22,96,162
03/21/2008,CNW,TX,ASW,CE,Federal Contract Tower,0,0,5,21,26,0,0,37,2,39,0,0,42,23,65,18,60,78,143
03/22/2008,CNW,TX,ASW,CE,Federal Contract Tower,0,0,5,0,5,0,0,20,0,20,0,0,25,0,25,40,0,40,65
03/23/2008,CNW,TX,ASW,CE,Federal Contract Tower,0,0,0,0,0,0,0,2,0,2,0,0,2,0,2,0,0,0,2
03/24/2008,CNW,TX,ASW,CE,Federal Contract Tower,0,0,1,27,28,0,2,44,4,50,0,2,45,31,78,114,102,216,294
03/25/2008,CNW,TX,ASW,CE,Federal Contract Tower,0,0,1,15,16,0,0,39,2,41,0,0,40,17,57,12,34,46,103
03/26/2008,CNW,TX,ASW,CE,Federal Contract Tower,0,0,9,4,13,0,0,17,0,17,0,0,26,4,30,54,0,54,84
03/27/2008,CNW,TX,ASW,CE,Federal Contract Tower,0,0,8,5,13,0,0,30,7,37,0,0,38,12,50,28,24,52,102
03/28/2008,CNW,TX,ASW,CE,Federal Contract Tower,0,0,5,1,6,0,0,12,0,12,0,0,17,1,18,48,0,48,66
03/29/2008,CNW,TX,ASW,CE,Federal Contract Tower,0,0,2,0,2,0,0,0,0,0,0,0,2,0,2,0,0,0,2
03/30/2008,CNW,TX,ASW,CE,Federal Contract Tower,0,0,1,0,1,1,0,10,0,11,1,0,11,0,12,4,0,4,16
03/31/2008,CNW,TX,ASW,CE,Federal Contract Tower,0,0,2,1,3,0,0,3,0,3,0,0,5,1,6,0,0,0,6
04/01/2008,CNW,TX,ASW,CE,Federal Contract Tower,0,0,9,9,18,0,2,27,0,29,0,2,36,9,47,84,0,84,131
04/02/2008,CNW,TX,ASW,CE,Federal Contract Tower,0,0,9,18,27,0,0,11,2,13,0,0,20,20,40,36,44,80,120
04/03/2008,CNW,TX,ASW,CE,Federal Contract Tower,0,0,16,23,39,0,0,20,2,22,0,0,36,25,61,60,82,142,203
04/04/2008,CNW,TX,ASW,CE,Federal Contract Tower,0,0,4,3,7,0,0,10,0,10,0,0,14,3,17,14,0,14,31
04/05/2008,CNW,TX,ASW,CE,Federal Contract Tower,0,0,17,7,24,0,0,29,1,30,0,0,46,8,54,20,0,20,74
04/06/2008,CNW,TX,ASW,CE,Federal Contract Tower,0,0,4,0,4,0,0,11,0,11,0,0,15,0,15,6,0,6,21
04/07/2008,CNW,TX,ASW,CE,Federal Contract Tower,0,0,3,2,5,0,0,24,2,26,0,0,27,4,31,24,0,24,55
04/08/2008,CNW,TX,ASW,CE,Federal Contract Tower,0,0,1,5,6,0,0,12,2,14,0,0,13,7,20,38,0,38,58
04/09/2008,CNW,TX,ASW,CE,Federal Contract Tower,0,0,0,3,3,0,0,0,0,0,0,0,0,3,3,0,0,0,3
04/10/2008,CNW,TX,ASW,CE,Federal Contract Tower,0,0,3,1,4,0,2,9,8,19,0,2,12,9,23,6,0,6,29
04/11/2008,CNW,TX,ASW,CE,Federal Contract Tower,0,0,9,2,11,0,0,20,0,20,0,0,29,2,31,0,14,14,45
04/12/2008,CNW,TX,ASW,CE,Federal Contract Tower,0,0,3,0,3,0,0,6,0,6,0,0,9,0,9,0,0,0,9
04/13/2008,CNW,TX,ASW,CE,Federal Contract Tower,0,0,0,3,3,0,2,4,1,7,0,2,4,4,10,6,0,6,16
04/14/2008,CNW,TX,ASW,CE,Federal Contract Tower,0,0,1,10,11,0,0,62,1,63,0,0,63,11,74,94,30,124,198
04/15/2008,CNW,TX,ASW,CE,Federal Contract Tower,0,0,12,12,24,0,0,40,0,40,0,0,52,12,64,96,18,114,178
04/16/2008,CNW,TX,ASW,CE,Federal Contract Tower,0,0,5,12,17,0,0,12,0,12,0,0,17,12,29,34,112,146,175
04/17/2008,CNW,TX,ASW,CE,Federal Contract Tower,0,0,12,16,28,0,0,12,1,13,0,0,24,17,41,28,38,66,107
04/18/2008,CNW,TX,ASW,CE,Federal Contract Tower,0,0,7,4,11,0,0,47,0,47,0,0,54,4,58,58,0,58,116
04/19/2008,CNW,TX,ASW,CE,Federal Contract Tower,0,0,1,0,1,0,0,15,0,15,0,0,16,0,16,2,0,2,18
04/20/2008,CNW,TX,ASW,CE,Federal Contract Tower,0,0,0,0,0,0,2,2,0,4,0,2,2,0,4,0,0,0,4
04/21/2008,CNW,TX,ASW,CE,Federal Contract Tower,0,0,13,8,21,0,2,8,2,12,0,2,21,10,33,24,0,24,57
04/22/2008,CNW,TX,ASW,CE,Federal Contract Tower,0,0,19,0,19,0,0,36,3,39,0,0,55,3,58,104,0,104,162
04/23/2008,CNW,TX,ASW,CE,Federal Contract Tower,0,0,10,2,12,0,4,14,2,20,0,4,24,4,32,12,0,12,44
04/24/2008,CNW,TX,ASW,CE,Federal Contract Tower,0,0,20,1,21,0,0,29,1,30,0,0,49,2,51,26,0,26,77
04/25/2008,CNW,TX,ASW,CE,Federal Contract Tower,0,0,17,18,35,0,0,7,0,7,0,0,24,18,42,14,60,74,116
04/26/2008,CNW,TX,ASW,CE,Federal Contract Tower,0,0,5,0,5,0,0,10,2,12,0,0,15,2,17,6,0,6,23
04/27/2008,CNW,TX,ASW,CE,Federal Contract Tower,0,0,0,0,0,0,0,2,0,2,0,0,2,0,2,0,0,0,2
04/28/2008,CNW,TX,ASW,CE,Federal Contract Tower,0,0,10,23,33,0,0,44,6,50,0,0,54,29,83,78,92,170,253
04/29/2008,CNW,TX,ASW,CE,Federal Contract Tower,0,0,10,9,19,0,0,19,2,21,0,0,29,11,40,8,34,42,82
04/30/2008,CNW,TX,ASW,CE,Federal Contract Tower,0,0,12,14,26,0,4,33,4,41,0,4,45,18,67,22,72,94,161
05/01/2008,CNW,TX,ASW,CE,Federal Contract Tower,0,0,12,21,33,0,0,4,0,4,0,0,16,21,37,16,4,20,57
05/02/2008,CNW,TX,ASW,CE,Federal Contract Tower,0,0,15,9,24,0,0,11,8,19,0,0,26,17,43,20,0,20,63
05/03/2008,CNW,TX,ASW,CE,Federal Contract Tower,0,0,3,0,3,0,2,9,0,11,0,2,12,0,14,0,0,0,14
05/04/2008,CNW,TX,ASW,CE,Federal Contract Tower,0,0,4,0,4,0,0,6,5,11,0,0,10,5,15,8,0,8,23
05/05/2008,CNW,TX,ASW,CE,Federal Contract Tower,0,0,0,0,0,0,0,0,0,0,0,0,0,0,0,0,0,0,0
05/06/2008,CNW,TX,ASW,CE,Federal Contract Tower,0,0,9,0,9,0,0,3,0,3,0,0,12,0,12,26,0,26,38
05/07/2008,CNW,TX,ASW,CE,Federal Contract Tower,0,0,2,5,7,0,4,8,0,12,0,4,10,5,19,14,0,14,33
05/08/2008,CNW,TX,ASW,CE,Federal Contract Tower,0,0,7,3,10,0,0,19,21,40,0,0,26,24,50,16,30,46,96
05/09/2008,CNW,TX,ASW,CE,Federal Contract Tower,0,0,10,1,11,0,0,12,0,12,0,0,22,1,23,0,0,0,23
05/10/2008,CNW,TX,ASW,CE,Federal Contract Tower,0,0,4,0,4,0,0,0,0,0,0,0,4,0,4,0,0,0,4
05/11/2008,CNW,TX,ASW,CE,Federal Contract Tower,0,0,0,0,0,0,0,7,13,20,0,0,7,13,20,28,0,28,48
05/12/2008,CNW,TX,ASW,CE,Federal Contract Tower,0,0,5,8,13,0,0,46,1,47,0,0,51,9,60,50,24,74,134
05/13/2008,CNW,TX,ASW,CE,Federal Contract Tower,0,0,1,0,1,0,4,2,0,6,0,4,3,0,7,20,0,20,27
05/14/2008,CNW,TX,ASW,CE,Federal Contract Tower,0,0,1,11,12,0,0,17,0,17,0,0,18,11,29,48,30,78,107
05/15/2008,CNW,TX,ASW,CE,Federal Contract Tower,0,0,2,3,5,0,0,30,3,33,0,0,32,6,38,70,0,70,108
05/16/2008,CNW,TX,ASW,CE,Federal Contract Tower,0,0,11,19,30,0,0,51,9,60,0,0,62,28,90,32,50,82,172
05/17/2008,CNW,TX,ASW,CE,Federal Contract Tower,0,0,2,0,2,0,0,26,0,26,0,0,28,0,28,16,0,16,44
05/18/2008,CNW,TX,ASW,CE,Federal Contract Tower,0,0,2,0,2,0,6,22,0,28,0,6,24,0,30,24,0,24,54
05/19/2008,CNW,TX,ASW,CE,Federal Contract Tower,0,2,7,19,28,0,8,65,11,84,0,10,72,30,112,140,58,198,310
05/20/2008,CNW,TX,ASW,CE,Federal Contract Tower,0,0,9,6,15,0,2,66,0,68,0,2,75,6,83,174,0,174,257
05/21/2008,CNW,TX,ASW,CE,Federal Contract Tower,0,0,2,2,4,0,0,22,0,22,0,0,24,2,26,42,36,78,104
05/22/2008,CNW,TX,ASW,CE,Federal Contract Tower,0,0,1,0,1,0,0,10,0,10,0,0,11,0,11,14,0,14,25
05/23/2008,CNW,TX,ASW,CE,Federal Contract Tower,0,0,2,14,16,0,0,17,0,17,0,0,19,14,33,20,38,58,91
05/24/2008,CNW,TX,ASW,CE,Federal Contract Tower,0,0,2,0,2,0,0,11,0,11,0,0,13,0,13,4,0,4,17
05/25/2008,CNW,TX,ASW,CE,Federal Contract Tower,0,0,0,0,0,0,0,0,0,0,0,0,0,0,0,0,0,0,0
05/26/2008,CNW,TX,ASW,CE,Federal Contract Tower,0,0,0,0,0,0,2,7,0,9,0,2,7,0,9,20,0,20,29
05/27/2008,CNW,TX,ASW,CE,Federal Contract Tower,0,0,3,1,4,0,0,1,0,1,0,0,4,1,5,0,0,0,5
05/28/2008,CNW,TX,ASW,CE,Federal Contract Tower,0,0,2,8,10,0,2,32,0,34,0,2,34,8,44,20,88,108,152
05/29/2008,CNW,TX,ASW,CE,Federal Contract Tower,0,0,1,14,15,0,2,40,0,42,0,2,41,14,57,60,16,76,133
05/30/2008,CNW,TX,ASW,CE,Federal Contract Tower,0,0,1,18,19,0,2,35,8,45,0,2,36,26,64,22,28,50,114
05/31/2008,CNW,TX,ASW,CE,Federal Contract Tower,0,0,4,0,4,0,2,16,0,18,0,2,20,0,22,0,0,0,22
06/01/2008,CNW,TX,ASW,CE,Federal Contract Tower,0,0,0,0,0,0,4,5,0,9,0,4,5,0,9,6,0,6,15
06/02/2008,CNW,TX,ASW,CE,Federal Contract Tower,0,0,1,4,5,0,0,12,0,12,0,0,13,4,17,14,10,24,41
06/03/2008,CNW,TX,ASW,CE,Federal Contract Tower,0,0,5,10,15,0,1,12,0,13,0,1,17,10,28,12,38,50,78
06/04/2008,CNW,TX,ASW,CE,Federal Contract Tower,0,0,2,3,5,0,0,22,3,25,0,0,24,6,30,54,0,54,84
06/05/2008,CNW,TX,ASW,CE,Federal Contract Tower,0,0,0,34,34,0,2,2,0,4,0,2,2,34,38,16,92,108,146
06/06/2008,CNW,TX,ASW,CE,Federal Contract Tower,0,0,8,15,23,0,0,17,0,17,0,0,25,15,40,0,0,0,40
06/07/2008,CNW,TX,ASW,CE,Federal Contract Tower,0,0,2,0,2,0,0,2,2,4,0,0,4,2,6,0,0,0,6
06/08/2008,CNW,TX,ASW,CE,Federal Contract Tower,0,0,3,0,3,0,0,2,0,2,0,0,5,0,5,0,0,0,5
06/09/2008,CNW,TX,ASW,CE,Federal Contract Tower,0,0,1,8,9,0,4,13,0,17,0,4,14,8,26,18,10,28,54
06/10/2008,CNW,TX,ASW,CE,Federal Contract Tower,0,0,2,22,24,0,2,39,1,42,0,2,41,23,66,86,80,166,232
06/11/2008,CNW,TX,ASW,CE,Federal Contract Tower,0,0,1,20,21,0,2,30,1,33,0,2,31,21,54,34,86,120,174
06/12/2008,CNW,TX,ASW,CE,Federal Contract Tower,0,0,3,10,13,0,0,30,2,32,0,0,33,12,45,24,52,76,121
06/13/2008,CNW,TX,ASW,CE,Federal Contract Tower,0,0,3,15,18,0,2,23,0,25,0,2,26,15,43,62,60,122,165
06/14/2008,CNW,TX,ASW,CE,Federal Contract Tower,0,0,2,0,2,0,0,4,0,4,0,0,6,0,6,0,0,0,6
06/15/2008,CNW,TX,ASW,CE,Federal Contract Tower,0,0,0,1,1,0,6,4,0,10,0,6,4,1,11,2,0,2,13
06/16/2008,CNW,TX,ASW,CE,Federal Contract Tower,0,0,7,24,31,0,0,36,0,36,0,0,43,24,67,38,96,134,201
06/17/2008,CNW,TX,ASW,CE,Federal Contract Tower,0,0,8,8,16,0,0,19,0,19,0,0,27,8,35,28,10,38,73
06/18/2008,CNW,TX,ASW,CE,Federal Contract Tower,0,0,9,11,20,0,0,33,2,35,0,0,42,13,55,14,48,62,117
06/19/2008,CNW,TX,ASW,CE,Federal Contract Tower,0,0,5,0,5,0,0,27,0,27,0,0,32,0,32,42,0,42,74
06/20/2008,CNW,TX,ASW,CE,Federal Contract Tower,0,0,0,12,12,0,0,39,0,39,0,0,39,12,51,42,54,96,147
06/21/2008,CNW,TX,ASW,CE,Federal Contract Tower,0,0,2,0,2,0,2,5,0,7,0,2,7,0,9,0,0,0,9
06/22/2008,CNW,TX,ASW,CE,Federal Contract Tower,0,0,4,0,4,0,0,11,0,11,0,0,15,0,15,0,0,0,15
06/23/2008,CNW,TX,ASW,CE,Federal Contract Tower,0,0,9,2,11,0,0,38,0,38,0,0,47,2,49,20,18,38,87
06/24/2008,CNW,TX,ASW,CE,Federal Contract Tower,0,0,2,32,34,0,0,41,1,42,0,0,43,33,76,60,38,98,174
06/25/2008,CNW,TX,ASW,CE,Federal Contract Tower,0,0,6,20,26,0,6,24,2,32,0,6,30,22,58,18,80,98,156
06/26/2008,CNW,TX,ASW,CE,Federal Contract Tower,0,0,3,51,54,0,2,28,1,31,0,2,31,52,85,44,140,184,269
06/27/2008,CNW,TX,ASW,CE,Federal Contract Tower,0,0,0,20,20,0,0,35,0,35,0,0,35,20,55,56,40,96,151
06/28/2008,CNW,TX,ASW,CE,Federal Contract Tower,0,0,0,13,13,0,2,7,1,10,0,2,7,14,23,10,0,10,33
06/29/2008,CNW,TX,ASW,CE,Federal Contract Tower,0,0,2,0,2,0,0,1,0,1,0,0,3,0,3,0,0,0,3
06/30/2008,CNW,TX,ASW,CE,Federal Contract Tower,0,0,4,8,12,0,0,42,2,44,0,0,46,10,56,82,0,82,138
07/01/2008,CNW,TX,ASW,CE,Federal Contract Tower,0,0,7,23,30,0,0,42,23,65,0,0,49,46,95,58,70,128,223
07/02/2008,CNW,TX,ASW,CE,Federal Contract Tower,0,0,5,9,14,0,2,49,9,60,0,2,54,18,74,110,14,124,198
07/03/2008,CNW,TX,ASW,CE,Federal Contract Tower,0,0,0,21,21,0,4,31,21,56,0,4,31,42,77,35,50,85,162
07/04/2008,CNW,TX,ASW,CE,Federal Contract Tower,0,0,5,0,5,0,0,2,0,2,0,0,7,0,7,0,0,0,7
07/05/2008,CNW,TX,ASW,CE,Federal Contract Tower,0,0,0,0,0,0,0,0,0,0,0,0,0,0,0,0,0,0,0
07/06/2008,CNW,TX,ASW,CE,Federal Contract Tower,0,0,0,1,1,0,0,7,0,7,0,0,7,1,8,0,0,0,8
07/07/2008,CNW,TX,ASW,CE,Federal Contract Tower,0,0,6,4,10,0,2,30,2,34,0,2,36,6,44,32,6,38,82
07/08/2008,CNW,TX,ASW,CE,Federal Contract Tower,0,0,4,14,18,0,0,19,0,19,0,0,23,14,37,46,0,46,83
07/09/2008,CNW,TX,ASW,CE,Federal Contract Tower,0,0,7,13,20,0,0,36,1,37,0,0,43,14,57,60,62,122,179
07/10/2008,CNW,TX,ASW,CE,Federal Contract Tower,0,0,7,21,28,0,4,42,8,54,0,4,49,29,82,98,56,154,236
07/11/2008,CNW,TX,ASW,CE,Federal Contract Tower,0,0,5,37,42,0,0,34,9,43,0,0,39,46,85,86,60,146,231
07/12/2008,CNW,TX,ASW,CE,Federal Contract Tower,0,0,0,9,9,0,0,4,3,7,0,0,4,12,16,26,8,34,50
07/13/2008,CNW,TX,ASW,CE,Federal Contract Tower,0,0,5,0,5,0,0,3,0,3,0,0,8,0,8,0,0,0,8
07/14/2008,CNW,TX,ASW,CE,Federal Contract Tower,0,0,7,6,13,0,2,20,1,23,0,2,27,7,36,52,42,94,130
07/15/2008,CNW,TX,ASW,CE,Federal Contract Tower,0,0,2,6,8,0,0,21,4,25,0,0,23,10,33,84,22,106,139
07/16/2008,CNW,TX,ASW,CE,Federal Contract Tower,0,0,4,4,8,0,2,42,0,44,0,2,46,4,52,96,0,96,148
07/17/2008,CNW,TX,ASW,CE,Federal Contract Tower,0,0,4,15,19,0,0,55,5,60,0,0,59,20,79,68,58,126,205
07/18/2008,CNW,TX,ASW,CE,Federal Contract Tower,0,0,7,21,28,0,0,19,8,27,0,0,26,29,55,40,42,82,137
07/19/2008,CNW,TX,ASW,CE,Federal Contract Tower,0,0,2,1,3,0,0,1,0,1,0,0,3,1,4,0,0,0,4
07/20/2008,CNW,TX,ASW,CE,Federal Contract Tower,0,0,0,3,3,0,0,15,11,26,0,0,15,14,29,14,0,14,43
07/21/2008,CNW,TX,ASW,CE,Federal Contract Tower,0,0,5,5,10,0,0,40,0,40,0,0,45,5,50,110,0,110,160
07/22/2008,CNW,TX,ASW,CE,Federal Contract Tower,0,0,3,2,5,0,2,47,2,51,0,2,50,4,56,54,22,76,132
07/23/2008,CNW,TX,ASW,CE,Federal Contract Tower,0,0,2,11,13,0,0,31,0,31,0,0,33,11,44,38,20,58,102
07/24/2008,CNW,TX,ASW,CE,Federal Contract Tower,0,0,2,1,3,0,2,18,0,20,0,2,20,1,23,74,0,74,97
07/25/2008,CNW,TX,ASW,CE,Federal Contract Tower,0,0,6,14,20,0,0,18,0,18,0,0,24,14,38,26,6,32,70
07/26/2008,CNW,TX,ASW,CE,Federal Contract Tower,0,0,8,4,12,0,2,15,0,17,0,2,23,4,29,0,0,0,29
07/27/2008,CNW,TX,ASW,CE,Federal Contract Tower,0,0,0,0,0,0,6,15,0,21,0,6,15,0,21,0,0,0,21
07/28/2008,CNW,TX,ASW,CE,Federal Contract Tower,0,0,2,26,28,0,0,39,0,39,0,0,41,26,67,94,26,120,187
07/29/2008,CNW,TX,ASW,CE,Federal Contract Tower,0,5,16,16,37,0,0,28,1,29,0,5,44,17,66,68,60,128,194
07/30/2008,CNW,TX,ASW,CE,Federal Contract Tower,0,0,3,8,11,0,4,46,1,51,0,4,49,9,62,74,26,100,162
07/31/2008,CNW,TX,ASW,CE,Federal Contract Tower,0,0,8,13,21,0,0,19,1,20,0,0,27,14,41,12,46,58,99
08/01/2008,CNW,TX,ASW,CE,Federal Contract Tower,0,0,9,3,12,0,0,35,1,36,0,0,44,4,48,58,34,92,140
08/02/2008,CNW,TX,ASW,CE,Federal Contract Tower,0,0,0,0,0,0,0,17,0,17,0,0,17,0,17,14,0,14,31
08/03/2008,CNW,TX,ASW,CE,Federal Contract Tower,0,0,0,0,0,0,3,8,0,11,0,3,8,0,11,0,0,0,11
08/04/2008,CNW,TX,ASW,CE,Federal Contract Tower,0,0,0,4,4,0,2,19,0,21,0,2,19,4,25,0,26,26,51
08/05/2008,CNW,TX,ASW,CE,Federal Contract Tower,0,0,1,6,7,0,2,22,0,24,0,2,23,6,31,32,40,72,103
08/06/2008,CNW,TX,ASW,CE,Federal Contract Tower,0,0,7,1,8,0,0,31,1,32,0,0,38,2,40,80,0,80,120
08/07/2008,CNW,TX,ASW,CE,Federal Contract Tower,0,0,3,18,21,0,13,51,2,66,0,13,54,20,87,66,68,134,221
08/08/2008,CNW,TX,ASW,CE,Federal Contract Tower,0,0,0,7,7,0,2,29,0,31,0,2,29,7,38,60,28,88,126
08/09/2008,CNW,TX,ASW,CE,Federal Contract Tower,0,0,0,12,12,0,0,9,0,9,0,0,9,12,21,20,0,20,41
08/10/2008,CNW,TX,ASW,CE,Federal Contract Tower,0,0,4,0,4,0,0,11,0,11,0,0,15,0,15,0,0,0,15
08/11/2008,CNW,TX,ASW,CE,Federal Contract Tower,0,0,0,17,17,0,2,19,2,23,0,2,19,19,40,24,62,86,126
08/12/2008,CNW,TX,ASW,CE,Federal Contract Tower,0,0,5,8,13,0,4,34,5,43,0,4,39,13,56,80,10,90,146
08/13/2008,CNW,TX,ASW,CE,Federal Contract Tower,0,0,4,15,19,0,2,29,0,31,0,2,33,15,50,34,38,72,122
08/14/2008,CNW,TX,ASW,CE,Federal Contract Tower,0,0,2,23,25,0,2,20,3,25,0,2,22,26,50,26,26,52,102
08/15/2008,CNW,TX,ASW,CE,Federal Contract Tower,0,0,6,2,8,0,0,8,16,24,0,0,14,18,32,8,16,24,56
08/16/2008,CNW,TX,ASW,CE,Federal Contract Tower,0,0,2,2,4,0,0,2,0,2,0,0,4,2,6,0,0,0,6
08/17/2008,CNW,TX,ASW,CE,Federal Contract Tower,0,0,1,16,17,0,0,0,0,0,0,0,1,16,17,0,28,28,45
08/18/2008,CNW,TX,ASW,CE,Federal Contract Tower,0,0,0,2,2,0,0,0,0,0,0,0,0,2,2,0,0,0,2
08/19/2008,CNW,TX,ASW,CE,Federal Contract Tower,0,0,6,0,6,0,0,2,1,3,0,0,8,1,9,0,0,0,9
08/20/2008,CNW,TX,ASW,CE,Federal Contract Tower,0,0,7,4,11,0,0,20,12,32,0,0,27,16,43,58,0,58,101
08/21/2008,CNW,TX,ASW,CE,Federal Contract Tower,0,0,2,5,7,0,0,2,1,3,0,0,4,6,10,0,0,0,10
08/22/2008,CNW,TX,ASW,CE,Federal Contract Tower,0,0,2,2,4,0,0,6,0,6,0,0,8,2,10,0,0,0,10
08/23/2008,CNW,TX,ASW,CE,Federal Contract Tower,0,0,0,1,1,0,0,4,0,4,0,0,4,1,5,0,0,0,5
08/24/2008,CNW,TX,ASW,CE,Federal Contract Tower,0,0,0,0,0,0,0,2,0,2,0,0,2,0,2,0,0,0,2
08/25/2008,CNW,TX,ASW,CE,Federal Contract Tower,0,0,2,0,2,0,0,0,0,0,0,0,2,0,2,0,0,0,2
08/26/2008,CNW,TX,ASW,CE,Federal Contract Tower,0,0,5,8,13,0,0,8,0,8,0,0,13,8,21,0,0,0,21
08/27/2008,CNW,TX,ASW,CE,Federal Contract Tower,0,0,5,8,13,0,0,22,10,32,0,0,27,18,45,46,22,68,113
08/28/2008,CNW,TX,ASW,CE,Federal Contract Tower,0,0,8,2,10,0,0,36,0,36,0,0,44,2,46,48,0,48,94
08/29/2008,CNW,TX,ASW,CE,Federal Contract Tower,0,0,4,6,10,0,0,30,0,30,0,0,34,6,40,18,82,100,140
08/30/2008,CNW,TX,ASW,CE,Federal Contract Tower,0,0,2,0,2,0,0,3,0,3,0,0,5,0,5,18,0,18,23
08/31/2008,CNW,TX,ASW,CE,Federal Contract Tower,0,0,1,0,1,0,0,1,0,1,0,0,2,0,2,0,0,0,2
09/01/2008,CNW,TX,ASW,CE,Federal Contract Tower,0,0,3,0,3,0,1,8,0,9,0,1,11,0,12,20,0,20,32
09/02/2008,CNW,TX,ASW,CE,Federal Contract Tower,0,0,3,0,3,0,0,9,0,9,0,0,12,0,12,4,0,4,16
09/03/2008,CNW,TX,ASW,CE,Federal Contract Tower,0,0,3,16,19,0,2,18,0,20,0,2,21,16,39,12,34,46,85
09/04/2008,CNW,TX,ASW,CE,Federal Contract Tower,0,0,6,13,19,0,0,54,2,56,0,0,60,15,75,62,80,142,217
09/05/2008,CNW,TX,ASW,CE,Federal Contract Tower,0,0,6,16,22,0,0,45,0,45,0,0,51,16,67,66,44,110,177
09/06/2008,CNW,TX,ASW,CE,Federal Contract Tower,0,0,0,22,22,0,0,19,0,19,0,0,19,22,41,56,0,56,97
09/07/2008,CNW,TX,ASW,CE,Federal Contract Tower,0,0,3,6,9,0,0,14,0,14,0,0,17,6,23,26,12,38,61
09/08/2008,CNW,TX,ASW,CE,Federal Contract Tower,0,0,2,31,33,0,0,24,0,24,0,0,26,31,57,18,144,162,219
09/09/2008,CNW,TX,ASW,CE,Federal Contract Tower,0,0,1,8,9,0,0,16,0,16,0,0,17,8,25,52,0,52,77
09/10/2008,CNW,TX,ASW,CE,Federal Contract Tower,0,0,8,30,38,0,0,33,0,33,0,0,41,30,71,52,0,52,123
09/11/2008,CNW,TX,ASW,CE,Federal Contract Tower,0,0,11,16,27,0,0,41,4,45,0,0,52,20,72,16,36,52,124
09/12/2008,CNW,TX,ASW,CE,Federal Contract Tower,0,0,2,9,11,0,0,23,0,23,0,0,25,9,34,8,14,22,56
09/13/2008,CNW,TX,ASW,CE,Federal Contract Tower,0,0,0,0,0,0,0,0,0,0,0,0,0,0,0,0,0,0,0
09/14/2008,CNW,TX,ASW,CE,Federal Contract Tower,0,0,0,0,0,0,0,10,0,10,0,0,10,0,10,0,0,0,10
09/15/2008,CNW,TX,ASW,CE,Federal Contract Tower,0,0,0,6,6,0,0,36,0,36,0,0,36,6,42,40,38,78,120
09/16/2008,CNW,TX,ASW,CE,Federal Contract Tower,0,0,2,6,8,0,0,49,1,50,0,0,51,7,58,80,40,120,178
09/17/2008,CNW,TX,ASW,CE,Federal Contract Tower,0,0,2,24,26,0,0,27,0,27,0,0,29,24,53,22,38,60,113
09/18/2008,CNW,TX,ASW,CE,Federal Contract Tower,0,0,6,2,8,0,0,41,0,41,0,0,47,2,49,28,0,28,77
09/19/2008,CNW,TX,ASW,CE,Federal Contract Tower,0,0,2,5,7,0,2,38,0,40,0,2,40,5,47,14,4,18,65
09/20/2008,CNW,TX,ASW,CE,Federal Contract Tower,0,0,2,4,6,0,4,29,0,33,0,4,31,4,39,42,6,48,87
09/21/2008,CNW,TX,ASW,CE,Federal Contract Tower,0,0,5,6,11,0,0,5,0,5,0,0,10,6,16,14,6,20,36
09/22/2008,CNW,TX,ASW,CE,Federal Contract Tower,0,0,4,15,19,0,2,32,0,34,0,2,36,15,53,50,80,130,183
09/23/2008,CNW,TX,ASW,CE,Federal Contract Tower,0,0,0,13,13,0,0,41,0,41,0,0,41,13,54,38,28,66,120
09/24/2008,CNW,TX,ASW,CE,Federal Contract Tower,0,0,13,5,18,0,10,32,0,42,0,10,45,5,60,70,50,120,180
09/25/2008,CNW,TX,ASW,CE,Federal Contract Tower,0,0,0,18,18,0,0,32,1,33,0,0,32,19,51,54,48,102,153
09/26/2008,CNW,TX,ASW,CE,Federal Contract Tower,0,0,2,11,13,0,0,30,1,31,0,0,32,12,44,54,44,98,142
09/27/2008,CNW,TX,ASW,CE,Federal Contract Tower,0,0,0,0,0,0,0,15,0,15,0,0,15,0,15,28,0,28,43
09/28/2008,CNW,TX,ASW,CE,Federal Contract Tower,0,0,2,0,2,0,0,8,0,8,0,0,10,0,10,0,0,0,10
09/29/2008,CNW,TX,ASW,CE,Federal Contract Tower,0,0,4,12,16,0,0,47,2,49,0,0,51,14,65,154,48,202,267
09/30/2008,CNW,TX,ASW,CE,Federal Contract Tower,0,0,1,6,7,0,2,44,0,46,0,2,45,6,53,94,0,94,147
10/01/2008,CNW,TX,ASW,CE,Federal Contract Tower,0,0,2,4,6,0,0,58,2,60,0,0,60,6,66,140,0,140,206
10/02/2008,CNW,TX,ASW,CE,Federal Contract Tower,0,0,6,20,26,0,0,64,3,67,0,0,70,23,93,80,28,108,201
10/03/2008,CNW,TX,ASW,CE,Federal Contract Tower,0,2,4,22,28,0,0,37,17,54,0,2,41,39,82,54,52,106,188
10/04/2008,CNW,TX,ASW,CE,Federal Contract Tower,0,2,0,5,7,0,0,12,18,30,0,2,12,23,37,0,28,28,65
10/05/2008,CNW,TX,ASW,CE,Federal Contract Tower,0,0,2,1,3,0,0,1,0,1,0,0,3,1,4,0,0,0,4
10/06/2008,CNW,TX,ASW,CE,Federal Contract Tower,0,0,4,9,13,0,1,18,3,22,0,1,22,12,35,70,6,76,111
10/07/2008,CNW,TX,ASW,CE,Federal Contract Tower,0,0,1,12,13,0,0,40,0,40,0,0,41,12,53,90,32,122,175
10/08/2008,CNW,TX,ASW,CE,Federal Contract Tower,0,0,3,13,16,0,4,60,1,65,0,4,63,14,81,120,70,190,271
10/09/2008,CNW,TX,ASW,CE,Federal Contract Tower,0,0,8,28,36,0,6,33,1,40,0,6,41,29,76,96,46,142,218
10/10/2008,CNW,TX,ASW,CE,Federal Contract Tower,0,0,0,25,25,0,0,31,1,32,0,0,31,26,57,70,70,140,197
10/11/2008,CNW,TX,ASW,CE,Federal Contract Tower,0,0,4,0,4,0,0,21,0,21,0,0,25,0,25,46,0,46,71
10/12/2008,CNW,TX,ASW,CE,Federal Contract Tower,0,0,4,1,5,0,0,1,0,1,0,0,5,1,6,0,0,0,6
10/13/2008,CNW,TX,ASW,CE,Federal Contract Tower,0,0,4,0,4,0,0,22,0,22,0,0,26,0,26,98,0,98,124
10/14/2008,CNW,TX,ASW,CE,Federal Contract Tower,0,0,5,4,9,0,0,0,0,0,0,0,5,4,9,4,4,8,17
10/15/2008,CNW,TX,ASW,CE,Federal Contract Tower,0,1,4,17,22,0,0,2,0,2,0,1,6,17,24,0,0,0,24
10/16/2008,CNW,TX,ASW,CE,Federal Contract Tower,0,1,4,7,12,0,2,30,0,32,0,3,34,7,44,62,0,62,106
10/17/2008,CNW,TX,ASW,CE,Federal Contract Tower,0,0,1,10,11,0,0,51,0,51,0,0,52,10,62,96,0,96,158
10/18/2008,CNW,TX,ASW,CE,Federal Contract Tower,0,1,0,0,1,0,0,34,0,34,0,1,34,0,35,78,0,78,113
10/19/2008,CNW,TX,ASW,CE,Federal Contract Tower,2,0,4,2,8,0,3,17,0,20,2,3,21,2,28,56,0,56,84
10/20/2008,CNW,TX,ASW,CE,Federal Contract Tower,0,0,6,7,13,0,0,49,0,49,0,0,55,7,62,90,32,122,184
10/21/2008,CNW,TX,ASW,CE,Federal Contract Tower,5,0,4,16,25,0,0,43,0,43,5,0,47,16,68,74,64,138,206
10/22/2008,CNW,TX,ASW,CE,Federal Contract Tower,1,0,2,0,3,0,0,9,0,9,1,0,11,0,12,44,0,44,56
10/23/2008,CNW,TX,ASW,CE,Federal Contract Tower,0,0,11,12,23,0,1,53,2,56,0,1,64,14,79,36,12,48,127
10/24/2008,CNW,TX,ASW,CE,Federal Contract Tower,0,0,11,11,22,0,2,40,0,42,0,2,51,11,64,60,52,112,176
10/25/2008,CNW,TX,ASW,CE,Federal Contract Tower,0,0,0,2,2,0,0,11,0,11,0,0,11,2,13,24,0,24,37
10/26/2008,CNW,TX,ASW,CE,Federal Contract Tower,0,0,0,7,7,0,2,3,0,5,0,2,3,7,12,0,0,0,12
10/27/2008,CNW,TX,ASW,CE,Federal Contract Tower,0,0,3,4,7,0,0,31,0,31,0,0,34,4,38,64,6,70,108
10/28/2008,CNW,TX,ASW,CE,Federal Contract Tower,0,0,4,14,18,0,2,49,0,51,0,2,53,14,69,50,38,88,157
10/29/2008,CNW,TX,ASW,CE,Federal Contract Tower,0,0,7,13,20,0,2,55,0,57,0,2,62,13,77,64,52,116,193
10/30/2008,CNW,TX,ASW,CE,Federal Contract Tower,0,0,1,21,22,0,2,34,2,38,0,2,35,23,60,52,0,52,112
10/31/2008,CNW,TX,ASW,CE,Federal Contract Tower,0,0,7,16,23,0,0,47,0,47,0,0,54,16,70,76,30,106,176
11/01/2008,CNW,TX,ASW,CE,Federal Contract Tower,0,0,2,0,2,0,0,14,0,14,0,0,16,0,16,14,0,14,30
11/02/2008,CNW,TX,ASW,CE,Federal Contract Tower,0,0,2,1,3,0,0,5,0,5,0,0,7,1,8,18,0,18,26
11/03/2008,CNW,TX,ASW,CE,Federal Contract Tower,0,0,7,6,13,0,2,39,1,42,0,2,46,7,55,66,0,66,121
11/04/2008,CNW,TX,ASW,CE,Federal Contract Tower,0,0,2,10,12,0,2,39,0,41,0,2,41,10,53,88,0,88,141
11/05/2008,CNW,TX,ASW,CE,Federal Contract Tower,0,0,1,10,11,0,0,13,0,13,0,0,14,10,24,6,42,48,72
11/06/2008,CNW,TX,ASW,CE,Federal Contract Tower,0,0,5,22,27,0,0,42,4,46,0,0,47,26,73,146,142,288,361
11/07/2008,CNW,TX,ASW,CE,Federal Contract Tower,0,0,2,22,24,0,0,34,6,40,0,0,36,28,64,94,74,168,232
11/08/2008,CNW,TX,ASW,CE,Federal Contract Tower,0,0,0,0,0,0,0,38,0,38,0,0,38,0,38,96,0,96,134
11/09/2008,CNW,TX,ASW,CE,Federal Contract Tower,0,0,1,1,2,0,0,5,0,5,0,0,6,1,7,2,0,2,9
11/10/2008,CNW,TX,ASW,CE,Federal Contract Tower,0,0,18,9,27,0,0,10,0,10,0,0,28,9,37,44,40,84,121
11/11/2008,CNW,TX,ASW,CE,Federal Contract Tower,0,0,10,0,10,0,0,13,0,13,0,0,23,0,23,26,0,26,49
11/12/2008,CNW,TX,ASW,CE,Federal Contract Tower,0,0,0,0,0,0,2,45,0,47,0,2,45,0,47,136,0,136,183
11/13/2008,CNW,TX,ASW,CE,Federal Contract Tower,0,0,1,6,7,0,0,70,0,70,0,0,71,6,77,182,12,194,271
11/14/2008,CNW,TX,ASW,CE,Federal Contract Tower,0,0,0,4,4,0,0,35,0,35,0,0,35,4,39,80,0,80,119
11/15/2008,CNW,TX,ASW,CE,Federal Contract Tower,0,0,5,2,7,0,0,4,12,16,0,0,9,14,23,0,0,0,23
11/16/2008,CNW,TX,ASW,CE,Federal Contract Tower,1,0,1,4,6,0,0,22,0,22,1,0,23,4,28,28,0,28,56
11/17/2008,CNW,TX,ASW,CE,Federal Contract Tower,0,0,1,5,6,0,0,55,1,56,0,0,56,6,62,190,22,212,274
11/18/2008,CNW,TX,ASW,CE,Federal Contract Tower,0,0,0,12,12,0,0,51,0,51,0,0,51,12,63,114,26,140,203
11/19/2008,CNW,TX,ASW,CE,Federal Contract Tower,0,0,1,12,13,0,2,40,0,42,0,2,41,12,55,75,16,91,146
11/20/2008,CNW,TX,ASW,CE,Federal Contract Tower,0,0,3,16,19,0,0,41,0,41,0,0,44,16,60,114,18,132,192
11/21/2008,CNW,TX,ASW,CE,Federal Contract Tower,0,0,6,21,27,0,4,44,8,56,0,4,50,29,83,104,76,180,263
11/22/2008,CNW,TX,ASW,CE,Federal Contract Tower,0,0,4,1,5,0,2,23,3,28,0,2,27,4,33,40,6,46,79
11/23/2008,CNW,TX,ASW,CE,Federal Contract Tower,0,0,1,0,1,0,8,2,0,10,0,8,3,0,11,8,0,8,19
11/24/2008,CNW,TX,ASW,CE,Federal Contract Tower,0,0,3,7,10,0,0,33,0,33,0,0,36,7,43,82,4,86,129
11/25/2008,CNW,TX,ASW,CE,Federal Contract Tower,0,0,5,12,17,0,0,47,1,48,0,0,52,13,65,126,38,164,229
11/26/2008,CNW,TX,ASW,CE,Federal Contract Tower,0,0,0,13,13,0,2,39,0,41,0,2,39,13,54,76,50,126,180
11/27/2008,CNW,TX,ASW,CE,Federal Contract Tower,0,0,0,0,0,0,0,2,0,2,0,0,2,0,2,0,0,0,2
11/28/2008,CNW,TX,ASW,CE,Federal Contract Tower,0,0,0,0,0,0,0,0,0,0,0,0,0,0,0,0,0,0,0
11/29/2008,CNW,TX,ASW,CE,Federal Contract Tower,0,0,3,0,3,0,0,9,0,9,0,0,12,0,12,6,0,6,18
11/30/2008,CNW,TX,ASW,CE,Federal Contract Tower,0,0,4,0,4,0,0,3,0,3,0,0,7,0,7,0,0,0,7
12/01/2008,CNW,TX,ASW,CE,Federal Contract Tower,0,0,2,14,16,0,0,28,0,28,0,0,30,14,44,66,16,82,126
12/02/2008,CNW,TX,ASW,CE,Federal Contract Tower,0,0,0,6,6,0,2,22,0,24,0,2,22,6,30,22,0,22,52
12/03/2008,CNW,TX,ASW,CE,Federal Contract Tower,0,1,2,11,14,0,0,8,0,8,0,1,10,11,22,4,0,4,26
12/04/2008,CNW,TX,ASW,CE,Federal Contract Tower,0,2,4,10,16,0,2,48,0,50,0,4,52,10,66,96,0,96,162
12/05/2008,CNW,TX,ASW,CE,Federal Contract Tower,0,0,5,13,18,0,0,59,2,61,0,0,64,15,79,124,48,172,251
12/06/2008,CNW,TX,ASW,CE,Federal Contract Tower,0,1,2,2,5,0,0,22,1,23,0,1,24,3,28,58,0,58,86
12/07/2008,CNW,TX,ASW,CE,Federal Contract Tower,0,0,6,1,7,0,0,14,1,15,0,0,20,2,22,12,2,14,36
12/08/2008,CNW,TX,ASW,CE,Federal Contract Tower,0,0,0,23,23,0,0,14,1,15,0,0,14,24,38,16,32,48,86
12/09/2008,CNW,TX,ASW,CE,Federal Contract Tower,0,0,1,5,6,0,0,14,0,14,0,0,15,5,20,22,0,22,42
12/10/2008,CNW,TX,ASW,CE,Federal Contract Tower,0,0,1,10,11,0,0,21,2,23,0,0,22,12,34,8,0,8,42
12/11/2008,CNW,TX,ASW,CE,Federal Contract Tower,0,0,11,7,18,0,0,77,1,78,0,0,88,8,96,84,32,116,212
12/12/2008,CNW,TX,ASW,CE,Federal Contract Tower,0,0,5,6,11,0,0,26,11,37,0,0,31,17,48,86,0,86,134
12/13/2008,CNW,TX,ASW,CE,Federal Contract Tower,0,0,0,0,0,0,0,6,0,6,0,0,6,0,6,16,0,16,22
12/14/2008,CNW,TX,ASW,CE,Federal Contract Tower,0,0,0,5,5,0,0,1,0,1,0,0,1,5,6,0,20,20,26
12/15/2008,CNW,TX,ASW,CE,Federal Contract Tower,0,0,4,9,13,0,2,8,2,12,0,2,12,11,25,36,10,46,71
12/16/2008,CNW,TX,ASW,CE,Federal Contract Tower,0,0,2,2,4,0,0,0,0,0,0,0,2,2,4,0,0,0,4
12/17/2008,CNW,TX,ASW,CE,Federal Contract Tower,0,0,4,8,12,0,0,0,0,0,0,0,4,8,12,0,0,0,12
12/18/2008,CNW,TX,ASW,CE,Federal Contract Tower,0,0,2,0,2,0,0,0,0,0,0,0,2,0,2,0,0,0,2
12/19/2008,CNW,TX,ASW,CE,Federal Contract Tower,0,0,8,11,19,0,0,51,0,51,0,0,59,11,70,76,12,88,158
12/20/2008,CNW,TX,ASW,CE,Federal Contract Tower,0,0,4,0,4,0,0,5,0,5,0,0,9,0,9,38,0,38,47
12/21/2008,CNW,TX,ASW,CE,Federal Contract Tower,0,0,3,0,3,0,0,4,0,4,0,0,7,0,7,0,0,0,7
12/22/2008,CNW,TX,ASW,CE,Federal Contract Tower,0,0,5,2,7,0,0,32,0,32,0,0,37,2,39,40,30,70,109
12/23/2008,CNW,TX,ASW,CE,Federal Contract Tower,0,0,0,4,4,0,0,0,0,0,0,0,0,4,4,0,0,0,4
12/24/2008,CNW,TX,ASW,CE,Federal Contract Tower,0,0,2,2,4,0,1,12,4,17,0,1,14,6,21,4,0,4,25
12/25/2008,CNW,TX,ASW,CE,Federal Contract Tower,0,0,0,4,4,0,2,3,0,5,0,2,3,4,9,0,0,0,9
12/26/2008,CNW,TX,ASW,CE,Federal Contract Tower,0,0,2,2,4,0,0,0,14,14,0,0,2,16,18,0,0,0,18
12/27/2008,CNW,TX,ASW,CE,Federal Contract Tower,0,0,0,0,0,0,0,0,0,0,0,0,0,0,0,0,0,0,0
12/28/2008,CNW,TX,ASW,CE,Federal Contract Tower,0,0,0,0,0,0,0,2,0,2,0,0,2,0,2,0,0,0,2
12/29/2008,CNW,TX,ASW,CE,Federal Contract Tower,0,0,0,0,0,0,0,4,0,4,0,0,4,0,4,0,0,0,4
12/30/2008,CNW,TX,ASW,CE,Federal Contract Tower,0,0,3,0,3,0,0,3,0,3,0,0,6,0,6,0,0,0,6
12/31/2008,CNW,TX,ASW,CE,Federal Contract Tower,0,0,4,1,5,0,0,4,0,4,0,0,8,1,9,0,0,0,9
01/01/2009,CNW,TX,ASW,CE,Federal Contract Tower,0,0,0,6,6,0,0,4,10,14,0,0,4,16,20,10,0,10,30
01/02/2009,CNW,TX,ASW,CE,Federal Contract Tower,0,0,3,2,5,0,0,14,0,14,0,0,17,2,19,4,0,4,23
01/03/2009,CNW,TX,ASW,CE,Federal Contract Tower,0,0,3,0,3,0,0,3,0,3,0,0,6,0,6,0,0,0,6
01/04/2009,CNW,TX,ASW,CE,Federal Contract Tower,0,0,1,2,3,0,0,8,0,8,0,0,9,2,11,0,0,0,11
01/05/2009,CNW,TX,ASW,CE,Federal Contract Tower,0,0,0,0,0,0,0,0,0,0,0,0,0,0,0,0,0,0,0
01/06/2009,CNW,TX,ASW,CE,Federal Contract Tower,0,0,5,20,25,0,0,33,0,33,0,0,38,20,58,38,70,108,166
01/07/2009,CNW,TX,ASW,CE,Federal Contract Tower,0,0,2,16,18,0,1,37,0,38,0,1,39,16,56,78,10,88,144
01/08/2009,CNW,TX,ASW,CE,Federal Contract Tower,0,0,1,33,34,0,0,52,2,54,0,0,53,35,88,102,72,174,262
01/09/2009,CNW,TX,ASW,CE,Federal Contract Tower,0,0,0,0,0,0,0,14,0,14,0,0,14,0,14,6,0,6,20
01/10/2009,CNW,TX,ASW,CE,Federal Contract Tower,0,0,2,10,12,0,0,0,4,4,0,0,2,14,16,0,12,12,28
01/11/2009,CNW,TX,ASW,CE,Federal Contract Tower,0,0,0,0,0,0,0,16,0,16,0,0,16,0,16,34,0,34,50
01/12/2009,CNW,TX,ASW,CE,Federal Contract Tower,0,0,8,9,17,0,0,45,1,46,0,0,53,10,63,26,0,26,89
01/13/2009,CNW,TX,ASW,CE,Federal Contract Tower,0,0,1,2,3,0,0,47,0,47,0,0,48,2,50,156,0,156,206
01/14/2009,CNW,TX,ASW,CE,Federal Contract Tower,0,0,4,26,30,0,0,53,0,53,0,0,57,26,83,84,66,150,233
01/15/2009,CNW,TX,ASW,CE,Federal Contract Tower,0,0,4,19,23,0,0,33,0,33,0,0,37,19,56,56,38,94,150
01/16/2009,CNW,TX,ASW,CE,Federal Contract Tower,0,0,6,6,12,0,0,29,0,29,0,0,35,6,41,42,30,72,113
01/17/2009,CNW,TX,ASW,CE,Federal Contract Tower,0,0,4,6,10,0,0,5,5,10,0,0,9,11,20,0,0,0,20
01/18/2009,CNW,TX,ASW,CE,Federal Contract Tower,0,0,2,0,2,0,0,5,0,5,0,0,7,0,7,0,0,0,7
01/19/2009,CNW,TX,ASW,CE,Federal Contract Tower,0,0,2,12,14,0,2,8,0,10,0,2,10,12,24,0,0,0,24
01/20/2009,CNW,TX,ASW,CE,Federal Contract Tower,0,0,4,12,16,0,0,36,2,38,0,0,40,14,54,18,90,108,162
01/21/2009,CNW,TX,ASW,CE,Federal Contract Tower,0,0,9,8,17,0,0,43,0,43,0,0,52,8,60,50,24,74,134
01/22/2009,CNW,TX,ASW,CE,Federal Contract Tower,0,0,9,28,37,0,0,32,0,32,0,0,41,28,69,42,44,86,155
01/23/2009,CNW,TX,ASW,CE,Federal Contract Tower,0,0,2,27,29,0,0,46,1,47,0,0,48,28,76,66,84,150,226
01/24/2009,CNW,TX,ASW,CE,Federal Contract Tower,0,0,0,0,0,0,0,0,0,0,0,0,0,0,0,0,0,0,0
01/25/2009,CNW,TX,ASW,CE,Federal Contract Tower,0,0,0,0,0,0,0,2,0,2,0,0,2,0,2,6,0,6,8
01/26/2009,CNW,TX,ASW,CE,Federal Contract Tower,0,0,0,0,0,0,0,0,0,0,0,0,0,0,0,0,0,0,0
01/27/2009,CNW,TX,ASW,CE,Federal Contract Tower,0,0,0,0,0,0,0,0,0,0,0,0,0,0,0,0,0,0,0
01/28/2009,CNW,TX,ASW,CE,Federal Contract Tower,0,0,3,31,34,0,0,27,1,28,0,0,30,32,62,44,142,186,248
01/29/2009,CNW,TX,ASW,CE,Federal Contract Tower,0,0,5,0,5,0,0,33,0,33,0,0,38,0,38,108,0,108,146
01/30/2009,CNW,TX,ASW,CE,Federal Contract Tower,0,0,7,16,23,0,2,52,0,54,0,2,59,16,77,80,32,112,189
01/31/2009,CNW,TX,ASW,CE,Federal Contract Tower,0,0,1,3,4,0,2,28,6,36,0,2,29,9,40,52,26,78,118
02/01/2009,CNW,TX,ASW,CE,Federal Contract Tower,0,0,10,0,10,0,0,10,0,10,0,0,20,0,20,0,0,0,20
02/02/2009,CNW,TX,ASW,CE,Federal Contract Tower,0,0,11,16,27,0,0,291,0,291,0,0,302,16,318,42,38,80,398
02/03/2009,CNW,TX,ASW,CE,Federal Contract Tower,0,0,8,11,19,0,0,31,0,31,0,0,39,11,50,78,32,110,160
02/04/2009,CNW,TX,ASW,CE,Federal Contract Tower,0,0,14,27,41,0,0,45,2,47,0,0,59,29,88,104,38,142,230
02/05/2009,CNW,TX,ASW,CE,Federal Contract Tower,0,0,17,13,30,0,2,21,1,24,0,2,38,14,54,22,38,60,114
02/06/2009,CNW,TX,ASW,CE,Federal Contract Tower,0,0,14,0,14,0,0,8,2,10,0,0,22,2,24,0,0,0,24
02/07/2009,CNW,TX,ASW,CE,Federal Contract Tower,1,0,0,4,5,0,0,0,0,0,1,0,0,4,5,0,0,0,5
02/08/2009,CNW,TX,ASW,CE,Federal Contract Tower,0,0,2,0,2,0,0,0,0,0,0,0,2,0,2,0,0,0,2
02/09/2009,CNW,TX,ASW,CE,Federal Contract Tower,0,0,1,2,3,0,0,19,0,19,0,0,20,2,22,56,0,56,78
02/10/2009,CNW,TX,ASW,CE,Federal Contract Tower,0,0,2,16,18,0,0,3,0,3,0,0,5,16,21,6,6,12,33
02/11/2009,CNW,TX,ASW,CE,Federal Contract Tower,2,0,0,20,22,0,1,35,4,40,2,1,35,24,62,18,90,108,170
02/12/2009,CNW,TX,ASW,CE,Federal Contract Tower,8,0,3,15,26,0,0,66,2,68,8,0,69,17,94,96,56,152,246
02/13/2009,CNW,TX,ASW,CE,Federal Contract Tower,2,0,6,4,12,0,4,16,1,21,2,4,22,5,33,36,20,56,89
02/14/2009,CNW,TX,ASW,CE,Federal Contract Tower,0,0,3,0,3,0,0,29,0,29,0,0,32,0,32,64,0,64,96
02/15/2009,CNW,TX,ASW,CE,Federal Contract Tower,0,0,2,0,2,0,0,16,0,16,0,0,18,0,18,10,0,10,28
02/16/2009,CNW,TX,ASW,CE,Federal Contract Tower,0,0,8,0,8,0,0,23,0,23,0,0,31,0,31,42,0,42,73
02/17/2009,CNW,TX,ASW,CE,Federal Contract Tower,0,0,11,0,11,0,0,0,0,0,0,0,11,0,11,0,0,0,11
02/18/2009,CNW,TX,ASW,CE,Federal Contract Tower,0,0,10,0,10,0,0,53,0,53,0,0,63,0,63,98,0,98,161
02/19/2009,CNW,TX,ASW,CE,Federal Contract Tower,0,0,1,12,13,0,0,44,0,44,0,0,45,12,57,52,44,96,153
02/20/2009,CNW,TX,ASW,CE,Federal Contract Tower,0,0,1,32,33,0,1,40,2,43,0,1,41,34,76,40,30,70,146
02/21/2009,CNW,TX,ASW,CE,Federal Contract Tower,0,0,0,0,0,0,0,2,0,2,0,0,2,0,2,0,0,0,2
02/22/2009,CNW,TX,ASW,CE,Federal Contract Tower,0,0,5,0,5,0,0,23,5,28,0,0,28,5,33,18,14,32,65
02/23/2009,CNW,TX,ASW,CE,Federal Contract Tower,0,0,7,11,18,0,0,42,0,42,0,0,49,11,60,98,8,106,166
02/24/2009,CNW,TX,ASW,CE,Federal Contract Tower,0,0,13,22,35,0,2,30,3,35,0,2,43,25,70,36,12,48,118
02/25/2009,CNW,TX,ASW,CE,Federal Contract Tower,0,0,14,34,48,0,2,27,4,33,0,2,41,38,81,68,58,126,207
02/26/2009,CNW,TX,ASW,CE,Federal Contract Tower,0,0,11,16,27,0,2,30,3,35,0,2,41,19,62,80,18,98,160
02/27/2009,CNW,TX,ASW,CE,Federal Contract Tower,0,1,8,29,38,0,0,23,0,23,0,1,31,29,61,124,54,178,239
02/28/2009,CNW,TX,ASW,CE,Federal Contract Tower,0,0,3,4,7,0,0,18,0,18,0,0,21,4,25,0,0,0,25
03/01/2009,CNW,TX,ASW,CE,Federal Contract Tower,0,0,1,16,17,0,0,23,3,26,0,0,24,19,43,32,15,47,90
03/02/2009,CNW,TX,ASW,CE,Federal Contract Tower,0,0,13,32,45,0,0,65,0,65,0,0,78,32,110,164,68,232,342
03/03/2009,CNW,TX,ASW,CE,Federal Contract Tower,0,0,12,27,39,0,6,40,10,56,0,6,52,37,95,134,80,214,309
03/04/2009,CNW,TX,ASW,CE,Federal Contract Tower,0,0,18,43,61,0,0,28,2,30,0,0,46,45,91,54,70,124,215
03/05/2009,CNW,TX,ASW,CE,Federal Contract Tower,0,0,7,14,21,0,0,28,0,28,0,0,35,14,49,40,28,68,117
03/06/2009,CNW,TX,ASW,CE,Federal Contract Tower,0,0,7,10,17,0,0,30,0,30,0,0,37,10,47,52,28,80,127
03/07/2009,CNW,TX,ASW,CE,Federal Contract Tower,0,0,5,0,5,0,2,5,0,7,0,2,10,0,12,0,0,0,12
03/08/2009,CNW,TX,ASW,CE,Federal Contract Tower,0,0,5,2,7,0,0,5,0,5,0,0,10,2,12,0,0,0,12
03/09/2009,CNW,TX,ASW,CE,Federal Contract Tower,0,0,18,18,36,0,0,7,0,7,0,0,25,18,43,14,15,29,72
03/10/2009,CNW,TX,ASW,CE,Federal Contract Tower,0,0,10,22,32,0,0,10,0,10,0,0,20,22,42,14,26,40,82
03/11/2009,CNW,TX,ASW,CE,Federal Contract Tower,0,0,0,4,4,0,0,0,0,0,0,0,0,4,4,0,0,0,4
03/12/2009,CNW,TX,ASW,CE,Federal Contract Tower,0,0,4,0,4,0,0,0,0,0,0,0,4,0,4,0,0,0,4
03/13/2009,CNW,TX,ASW,CE,Federal Contract Tower,0,0,4,2,6,0,0,0,0,0,0,0,4,2,6,0,0,0,6
03/14/2009,CNW,TX,ASW,CE,Federal Contract Tower,0,0,10,8,18,0,2,2,0,4,0,2,12,8,22,0,0,0,22
03/15/2009,CNW,TX,ASW,CE,Federal Contract Tower,0,0,2,0,2,0,0,5,0,5,0,0,7,0,7,32,0,32,39
03/16/2009,CNW,TX,ASW,CE,Federal Contract Tower,0,0,2,22,24,0,0,11,0,11,0,0,13,22,35,20,0,20,55
03/17/2009,CNW,TX,ASW,CE,Federal Contract Tower,0,0,15,24,39,0,0,35,0,35,0,0,50,24,74,104,20,124,198
03/18/2009,CNW,TX,ASW,CE,Federal Contract Tower,0,0,6,14,20,0,0,39,5,44,0,0,45,19,64,66,30,96,160
03/19/2009,CNW,TX,ASW,CE,Federal Contract Tower,0,0,2,26,28,0,3,37,2,42,0,3,39,28,70,124,34,158,228
03/20/2009,CNW,TX,ASW,CE,Federal Contract Tower,0,0,7,7,14,0,0,47,2,49,0,0,54,9,63,62,50,112,175
03/21/2009,CNW,TX,ASW,CE,Federal Contract Tower,0,0,1,6,7,0,0,42,3,45,0,0,43,9,52,30,0,30,82
03/22/2009,CNW,TX,ASW,CE,Federal Contract Tower,0,0,0,0,0,0,0,7,0,7,0,0,7,0,7,0,0,0,7
03/23/2009,CNW,TX,ASW,CE,Federal Contract Tower,0,0,0,16,16,0,0,2,0,2,0,0,2,16,18,0,106,106,124
03/24/2009,CNW,TX,ASW,CE,Federal Contract Tower,0,0,11,5,16,0,0,25,6,31,0,0,36,11,47,74,2,76,123
03/25/2009,CNW,TX,ASW,CE,Federal Contract Tower,0,0,5,18,23,0,2,34,4,40,0,2,39,22,63,61,20,81,144
03/26/2009,CNW,TX,ASW,CE,Federal Contract Tower,0,0,5,7,12,0,0,3,2,5,0,0,8,9,17,12,6,18,35
03/27/2009,CNW,TX,ASW,CE,Federal Contract Tower,0,0,3,2,5,0,0,3,0,3,0,0,6,2,8,6,4,10,18
03/28/2009,CNW,TX,ASW,CE,Federal Contract Tower,0,0,0,11,11,0,0,0,1,1,0,0,0,12,12,0,8,8,20
03/29/2009,CNW,TX,ASW,CE,Federal Contract Tower,0,0,5,0,5,0,0,28,0,28,0,0,33,0,33,34,0,34,67
03/30/2009,CNW,TX,ASW,CE,Federal Contract Tower,0,0,3,16,19,0,1,33,8,42,0,1,36,24,61,56,32,88,149
03/31/2009,CNW,TX,ASW,CE,Federal Contract Tower,0,0,10,33,43,0,2,48,4,54,0,2,58,37,97,72,90,162,259
04/01/2009,CNW,TX,ASW,CE,Federal Contract Tower,0,0,17,37,54,0,0,28,5,33,0,0,45,42,87,64,84,148,235
04/02/2009,CNW,TX,ASW,CE,Federal Contract Tower,0,0,0,16,16,0,0,6,0,6,0,0,6,16,22,0,30,30,52
04/03/2009,CNW,TX,ASW,CE,Federal Contract Tower,0,0,3,12,15,0,0,43,0,43,0,0,46,12,58,56,32,88,146
04/04/2009,CNW,TX,ASW,CE,Federal Contract Tower,0,0,3,0,3,0,4,7,0,11,0,4,10,0,14,8,0,8,22
04/05/2009,CNW,TX,ASW,CE,Federal Contract Tower,0,0,2,1,3,0,0,6,0,6,0,0,8,1,9,0,0,0,9
04/06/2009,CNW,TX,ASW,CE,Federal Contract Tower,0,0,8,11,19,0,0,25,0,25,0,0,33,11,44,22,24,46,90
04/07/2009,CNW,TX,ASW,CE,Federal Contract Tower,0,0,11,14,25,0,0,44,2,46,0,0,55,16,71,100,76,176,247
04/08/2009,CNW,TX,ASW,CE,Federal Contract Tower,0,0,10,6,16,0,0,46,1,47,0,0,56,7,63,44,12,56,119
04/09/2009,CNW,TX,ASW,CE,Federal Contract Tower,0,0,0,6,6,0,2,6,0,8,0,2,6,6,14,20,2,22,36
04/10/2009,CNW,TX,ASW,CE,Federal Contract Tower,0,0,3,6,9,0,0,23,0,23,0,0,26,6,32,32,50,82,114
04/11/2009,CNW,TX,ASW,CE,Federal Contract Tower,0,0,0,1,1,0,0,10,0,10,0,0,10,1,11,58,0,58,69
04/12/2009,CNW,TX,ASW,CE,Federal Contract Tower,0,0,2,0,2,0,0,4,0,4,0,0,6,0,6,0,0,0,6
04/13/2009,CNW,TX,ASW,CE,Federal Contract Tower,0,0,0,14,14,0,0,30,1,31,0,0,30,15,45,52,62,114,159
04/14/2009,CNW,TX,ASW,CE,Federal Contract Tower,0,2,3,16,21,0,0,40,3,43,0,2,43,19,64,112,16,128,192
04/15/2009,CNW,TX,ASW,CE,Federal Contract Tower,2,0,9,28,39,0,0,26,4,30,2,0,35,32,69,64,36,100,169
04/16/2009,CNW,TX,ASW,CE,Federal Contract Tower,1,0,8,8,17,0,0,18,0,18,1,0,26,8,35,20,10,30,65
04/17/2009,CNW,TX,ASW,CE,Federal Contract Tower,0,0,0,2,2,0,0,0,0,0,0,0,0,2,2,0,4,4,6
04/18/2009,CNW,TX,ASW,CE,Federal Contract Tower,0,0,1,0,1,0,0,5,0,5,0,0,6,0,6,10,0,10,16
04/19/2009,CNW,TX,ASW,CE,Federal Contract Tower,0,0,0,4,4,0,0,10,0,10,0,0,10,4,14,16,0,16,30
04/20/2009,CNW,TX,ASW,CE,Federal Contract Tower,0,0,5,26,31,0,0,45,0,45,0,0,50,26,76,58,100,158,234
04/21/2009,CNW,TX,ASW,CE,Federal Contract Tower,0,0,4,38,42,0,0,36,4,40,0,0,40,42,82,22,150,172,254
04/22/2009,CNW,TX,ASW,CE,Federal Contract Tower,0,0,3,32,35,0,0,22,5,27,0,0,25,37,62,12,60,72,134
04/23/2009,CNW,TX,ASW,CE,Federal Contract Tower,0,0,0,5,5,0,4,10,2,16,0,4,10,7,21,10,12,22,43
04/24/2009,CNW,TX,ASW,CE,Federal Contract Tower,0,0,0,2,2,0,0,10,0,10,0,0,10,2,12,4,2,6,18
04/25/2009,CNW,TX,ASW,CE,Federal Contract Tower,0,0,11,0,11,0,4,4,0,8,0,4,15,0,19,12,0,12,31
04/26/2009,CNW,TX,ASW,CE,Federal Contract Tower,0,0,0,0,0,0,0,7,0,7,0,0,7,0,7,0,0,0,7
04/27/2009,CNW,TX,ASW,CE,Federal Contract Tower,0,0,0,0,0,0,0,1,0,1,0,0,1,0,1,0,0,0,1
04/28/2009,CNW,TX,ASW,CE,Federal Contract Tower,0,0,9,3,12,0,0,3,0,3,0,0,12,3,15,12,10,22,37
04/29/2009,CNW,TX,ASW,CE,Federal Contract Tower,2,0,15,5,22,0,0,5,2,7,2,0,20,7,29,10,0,10,39
04/30/2009,CNW,TX,ASW,CE,Federal Contract Tower,0,0,8,23,31,0,0,29,0,29,0,0,37,23,60,74,0,74,134
05/01/2009,CNW,TX,ASW,CE,Federal Contract Tower,0,0,13,14,27,0,0,18,0,18,0,0,31,14,45,12,20,32,77
05/02/2009,CNW,TX,ASW,CE,Federal Contract Tower,0,0,4,1,5,0,0,0,0,0,0,0,4,1,5,0,12,12,17
05/03/2009,CNW,TX,ASW,CE,Federal Contract Tower,0,0,2,0,2,0,0,5,0,5,0,0,7,0,7,10,0,10,17
05/04/2009,CNW,TX,ASW,CE,Federal Contract Tower,0,0,6,11,17,0,2,31,0,33,0,2,37,11,50,84,16,100,150
05/05/2009,CNW,TX,ASW,CE,Federal Contract Tower,0,0,6,4,10,0,0,10,0,10,0,0,16,4,20,48,0,48,68
05/06/2009,CNW,TX,ASW,CE,Federal Contract Tower,0,0,5,14,19,0,0,14,0,14,0,0,19,14,33,54,34,88,121
05/07/2009,CNW,TX,ASW,CE,Federal Contract Tower,0,0,7,23,30,0,0,15,0,15,0,0,22,23,45,42,30,72,117
05/08/2009,CNW,TX,ASW,CE,Federal Contract Tower,0,0,7,23,30,0,0,28,2,30,0,0,35,25,60,22,80,102,162
05/09/2009,CNW,TX,ASW,CE,Federal Contract Tower,0,0,0,0,0,0,0,7,0,7,0,0,7,0,7,0,0,0,7
05/10/2009,CNW,TX,ASW,CE,Federal Contract Tower,0,0,2,0,2,0,0,9,0,9,0,0,11,0,11,6,0,6,17
05/11/2009,CNW,TX,ASW,CE,Federal Contract Tower,0,0,11,6,17,0,0,17,0,17,0,0,28,6,34,20,42,62,96
05/12/2009,CNW,TX,ASW,CE,Federal Contract Tower,0,0,5,10,15,0,0,36,1,37,0,0,41,11,52,78,38,116,168
05/13/2009,CNW,TX,ASW,CE,Federal Contract Tower,0,0,10,34,44,0,0,22,1,23,0,0,32,35,67,0,100,100,167
05/14/2009,CNW,TX,ASW,CE,Federal Contract Tower,0,0,5,4,9,0,4,23,0,27,0,4,28,4,36,32,4,36,72
05/15/2009,CNW,TX,ASW,CE,Federal Contract Tower,0,0,3,27,30,0,0,34,0,34,0,0,37,27,64,16,6,22,86
05/16/2009,CNW,TX,ASW,CE,Federal Contract Tower,0,0,1,0,1,0,0,2,0,2,0,0,3,0,3,0,0,0,3
05/17/2009,CNW,TX,ASW,CE,Federal Contract Tower,0,0,6,0,6,0,2,23,0,25,0,2,29,0,31,22,0,22,53
05/18/2009,CNW,TX,ASW,CE,Federal Contract Tower,0,0,9,11,20,0,0,50,2,52,0,0,59,13,72,56,48,104,176
05/19/2009,CNW,TX,ASW,CE,Federal Contract Tower,0,0,12,10,22,0,0,61,0,61,0,0,73,10,83,126,36,162,245
05/20/2009,CNW,TX,ASW,CE,Federal Contract Tower,0,0,6,9,15,0,0,44,0,44,0,0,50,9,59,78,36,114,173
05/21/2009,CNW,TX,ASW,CE,Federal Contract Tower,0,0,8,22,30,0,0,35,0,35,0,0,43,22,65,76,48,124,189
05/22/2009,CNW,TX,ASW,CE,Federal Contract Tower,0,0,9,14,23,0,0,37,0,37,0,0,46,14,60,70,24,94,154
05/23/2009,CNW,TX,ASW,CE,Federal Contract Tower,0,0,0,0,0,0,0,0,0,0,0,0,0,0,0,0,0,0,0
05/24/2009,CNW,TX,ASW,CE,Federal Contract Tower,0,0,0,0,0,0,0,4,0,4,0,0,4,0,4,0,0,0,4
05/25/2009,CNW,TX,ASW,CE,Federal Contract Tower,0,0,6,0,6,0,0,18,0,18,0,0,24,0,24,4,0,4,28
05/26/2009,CNW,TX,ASW,CE,Federal Contract Tower,0,0,4,2,6,0,0,24,2,26,0,0,28,4,32,38,0,38,70
05/27/2009,CNW,TX,ASW,CE,Federal Contract Tower,0,0,7,6,13,0,0,26,0,26,0,0,33,6,39,58,2,60,99
05/28/2009,CNW,TX,ASW,CE,Federal Contract Tower,0,0,13,22,35,0,0,41,0,41,0,0,54,22,76,42,46,88,164
05/29/2009,CNW,TX,ASW,CE,Federal Contract Tower,0,0,10,36,46,0,0,36,1,37,0,0,46,37,83,42,170,212,295
05/30/2009,CNW,TX,ASW,CE,Federal Contract Tower,0,0,0,0,0,0,0,10,0,10,0,0,10,0,10,6,0,6,16
05/31/2009,CNW,TX,ASW,CE,Federal Contract Tower,0,0,0,21,21,0,0,9,3,12,0,0,9,24,33,0,10,10,43
06/01/2009,CNW,TX,ASW,CE,Federal Contract Tower,0,0,9,16,25,0,0,30,0,30,0,0,39,16,55,18,18,36,91
06/02/2009,CNW,TX,ASW,CE,Federal Contract Tower,0,0,5,17,22,0,0,28,3,31,0,0,33,20,53,48,84,132,185
06/03/2009,CNW,TX,ASW,CE,Federal Contract Tower,0,0,6,8,14,0,0,27,5,32,0,0,33,13,46,42,26,68,114
06/04/2009,CNW,TX,ASW,CE,Federal Contract Tower,0,0,11,13,24,0,0,35,2,37,0,0,46,15,61,20,28,48,109
06/05/2009,CNW,TX,ASW,CE,Federal Contract Tower,0,0,13,5,18,0,2,21,1,24,0,2,34,6,42,38,0,38,80
06/06/2009,CNW,TX,ASW,CE,Federal Contract Tower,0,0,10,0,10,0,0,27,0,27,0,0,37,0,37,12,0,12,49
06/07/2009,CNW,TX,ASW,CE,Federal Contract Tower,0,0,2,0,2,0,0,2,0,2,0,0,4,0,4,0,0,0,4
06/08/2009,CNW,TX,ASW,CE,Federal Contract Tower,0,0,9,16,25,0,0,26,0,26,0,0,35,16,51,38,124,162,213
06/09/2009,CNW,TX,ASW,CE,Federal Contract Tower,0,0,9,8,17,0,0,24,0,24,0,0,33,8,41,34,22,56,97
06/10/2009,CNW,TX,ASW,CE,Federal Contract Tower,0,0,7,28,35,0,0,22,0,22,0,0,29,28,57,32,64,96,153
06/11/2009,CNW,TX,ASW,CE,Federal Contract Tower,0,0,3,18,21,0,0,23,0,23,0,0,26,18,44,34,36,70,114
06/12/2009,CNW,TX,ASW,CE,Federal Contract Tower,0,0,9,12,21,0,0,16,0,16,0,0,25,12,37,28,26,54,91
06/13/2009,CNW,TX,ASW,CE,Federal Contract Tower,0,0,5,0,5,0,0,1,0,1,0,0,6,0,6,0,0,0,6
06/14/2009,CNW,TX,ASW,CE,Federal Contract Tower,0,0,0,0,0,0,0,1,0,1,0,0,1,0,1,0,0,0,1
06/15/2009,CNW,TX,ASW,CE,Federal Contract Tower,0,0,4,15,19,0,0,15,1,16,0,0,19,16,35,8,66,74,109
06/16/2009,CNW,TX,ASW,CE,Federal Contract Tower,0,4,6,19,29,0,4,27,2,33,0,8,33,21,62,28,56,84,146
06/17/2009,CNW,TX,ASW,CE,Federal Contract Tower,0,0,7,0,7,0,0,25,0,25,0,0,32,0,32,0,0,0,32
06/18/2009,CNW,TX,ASW,CE,Federal Contract Tower,0,0,8,8,16,0,2,12,0,14,0,2,20,8,30,6,36,42,72
06/19/2009,CNW,TX,ASW,CE,Federal Contract Tower,0,0,1,8,9,0,6,23,1,30,0,6,24,9,39,20,0,20,59
06/20/2009,CNW,TX,ASW,CE,Federal Contract Tower,0,0,3,0,3,0,4,8,0,12,0,4,11,0,15,8,0,8,23
06/21/2009,CNW,TX,ASW,CE,Federal Contract Tower,0,0,1,0,1,0,0,2,0,2,0,0,3,0,3,0,0,0,3
06/22/2009,CNW,TX,ASW,CE,Federal Contract Tower,0,0,12,2,14,0,0,27,0,27,0,0,39,2,41,68,28,96,137
06/23/2009,CNW,TX,ASW,CE,Federal Contract Tower,0,0,13,10,23,0,2,29,0,31,0,2,42,10,54,16,16,32,86
06/24/2009,CNW,TX,ASW,CE,Federal Contract Tower,0,0,8,5,13,0,0,25,5,30,0,0,33,10,43,32,22,54,97
06/25/2009,CNW,TX,ASW,CE,Federal Contract Tower,0,0,6,10,16,0,0,11,0,11,0,0,17,10,27,14,10,24,51
06/26/2009,CNW,TX,ASW,CE,Federal Contract Tower,0,0,5,11,16,0,0,32,1,33,0,0,37,12,49,14,62,76,125
06/27/2009,CNW,TX,ASW,CE,Federal Contract Tower,0,0,0,16,16,0,0,18,3,21,0,0,18,19,37,0,28,28,65
06/28/2009,CNW,TX,ASW,CE,Federal Contract Tower,0,0,0,0,0,0,0,9,0,9,0,0,9,0,9,0,0,0,9
06/29/2009,CNW,TX,ASW,CE,Federal Contract Tower,0,0,1,14,15,0,0,10,2,12,0,0,11,16,27,2,82,84,111
06/30/2009,CNW,TX,ASW,CE,Federal Contract Tower,0,0,4,0,4,0,0,10,0,10,0,0,14,0,14,0,0,0,14
07/01/2009,CNW,TX,ASW,CE,Federal Contract Tower,0,0,5,4,9,0,0,32,0,32,0,0,37,4,41,0,14,14,55
07/02/2009,CNW,TX,ASW,CE,Federal Contract Tower,0,0,6,7,13,0,0,18,2,20,0,0,24,9,33,4,34,38,71
07/03/2009,CNW,TX,ASW,CE,Federal Contract Tower,0,0,2,1,3,0,0,22,0,22,0,0,24,1,25,16,0,16,41
07/04/2009,CNW,TX,ASW,CE,Federal Contract Tower,0,0,0,0,0,0,0,7,0,7,0,0,7,0,7,4,0,4,11
07/05/2009,CNW,TX,ASW,CE,Federal Contract Tower,0,0,1,2,3,0,0,8,0,8,0,0,9,2,11,0,0,0,11
07/06/2009,CNW,TX,ASW,CE,Federal Contract Tower,0,0,0,8,8,0,0,1,0,1,0,0,1,8,9,8,0,8,17
07/07/2009,CNW,TX,ASW,CE,Federal Contract Tower,0,0,12,22,34,0,0,25,1,26,0,0,37,23,60,10,63,73,133
07/08/2009,CNW,TX,ASW,CE,Federal Contract Tower,0,0,3,42,45,0,0,24,3,27,0,0,27,45,72,48,84,132,204
07/09/2009,CNW,TX,ASW,CE,Federal Contract Tower,0,0,2,25,27,0,0,34,2,36,0,0,36,27,63,24,76,100,163
07/10/2009,CNW,TX,ASW,CE,Federal Contract Tower,0,0,3,8,11,0,0,17,2,19,0,0,20,10,30,26,32,58,88
07/11/2009,CNW,TX,ASW,CE,Federal Contract Tower,0,0,7,16,23,0,0,20,2,22,0,0,27,18,45,18,22,40,85
07/12/2009,CNW,TX,ASW,CE,Federal Contract Tower,0,0,7,5,12,0,0,4,1,5,0,0,11,6,17,8,38,46,63
07/13/2009,CNW,TX,ASW,CE,Federal Contract Tower,0,0,3,51,54,0,0,32,4,36,0,0,35,55,90,24,110,134,224
07/14/2009,CNW,TX,ASW,CE,Federal Contract Tower,0,0,9,33,42,0,0,21,2,23,0,0,30,35,65,20,94,114,179
07/15/2009,CNW,TX,ASW,CE,Federal Contract Tower,0,0,5,17,22,0,0,21,1,22,0,0,26,18,44,20,58,78,122
07/16/2009,CNW,TX,ASW,CE,Federal Contract Tower,0,0,9,24,33,0,0,18,0,18,0,0,27,24,51,26,46,72,123
07/17/2009,CNW,TX,ASW,CE,Federal Contract Tower,0,0,3,6,9,0,0,16,1,17,0,0,19,7,26,8,64,72,98
07/18/2009,CNW,TX,ASW,CE,Federal Contract Tower,0,0,2,0,2,0,0,21,0,21,0,0,23,0,23,2,0,2,25
07/19/2009,CNW,TX,ASW,CE,Federal Contract Tower,0,0,1,5,6,0,0,9,2,11,0,0,10,7,17,0,14,14,31
07/20/2009,CNW,TX,ASW,CE,Federal Contract Tower,0,0,6,4,10,0,0,11,1,12,0,0,17,5,22,24,40,64,86
07/21/2009,CNW,TX,ASW,CE,Federal Contract Tower,0,0,3,43,46,0,0,14,1,15,0,0,17,44,61,30,22,52,113
07/22/2009,CNW,TX,ASW,CE,Federal Contract Tower,0,0,3,13,16,0,0,24,0,24,0,0,27,13,40,22,48,70,110
07/23/2009,CNW,TX,ASW,CE,Federal Contract Tower,0,0,3,8,11,0,2,38,2,42,0,2,41,10,53,40,12,52,105
07/24/2009,CNW,TX,ASW,CE,Federal Contract Tower,0,0,1,23,24,0,0,22,0,22,0,0,23,23,46,44,88,132,178
07/25/2009,CNW,TX,ASW,CE,Federal Contract Tower,0,0,0,0,0,0,0,19,0,19,0,0,19,0,19,4,0,4,23
07/26/2009,CNW,TX,ASW,CE,Federal Contract Tower,0,0,3,6,9,0,2,4,2,8,0,2,7,8,17,8,0,8,25
07/27/2009,CNW,TX,ASW,CE,Federal Contract Tower,0,0,13,11,24,0,0,9,1,10,0,0,22,12,34,6,0,6,40
07/28/2009,CNW,TX,ASW,CE,Federal Contract Tower,0,0,8,30,38,0,0,28,1,29,0,0,36,31,67,42,14,56,123
07/29/2009,CNW,TX,ASW,CE,Federal Contract Tower,0,0,7,37,44,0,0,9,0,9,0,0,16,37,53,16,18,34,87
07/30/2009,CNW,TX,ASW,CE,Federal Contract Tower,0,0,9,8,17,0,0,23,0,23,0,0,32,8,40,40,0,40,80
07/31/2009,CNW,TX,ASW,CE,Federal Contract Tower,0,0,8,1,9,0,0,31,0,31,0,0,39,1,40,62,0,62,102
08/01/2009,CNW,TX,ASW,CE,Federal Contract Tower,0,0,0,0,0,0,2,4,0,6,0,2,4,0,6,0,0,0,6
08/02/2009,CNW,TX,ASW,CE,Federal Contract Tower,0,0,0,0,0,0,6,10,0,16,0,6,10,0,16,0,0,0,16
08/03/2009,CNW,TX,ASW,CE,Federal Contract Tower,0,0,3,13,16,0,2,16,0,18,0,2,19,13,34,8,92,100,134
08/04/2009,CNW,TX,ASW,CE,Federal Contract Tower,0,0,2,17,19,0,0,35,1,36,0,0,37,18,55,50,62,112,167
08/05/2009,CNW,TX,ASW,CE,Federal Contract Tower,0,0,8,43,51,0,0,26,0,26,0,0,34,43,77,30,68,98,175
08/06/2009,CNW,TX,ASW,CE,Federal Contract Tower,0,0,2,15,17,0,2,23,4,29,0,2,25,19,46,28,98,126,172
08/07/2009,CNW,TX,ASW,CE,Federal Contract Tower,0,0,10,38,48,0,0,41,1,42,0,0,51,39,90,82,36,118,208
08/08/2009,CNW,TX,ASW,CE,Federal Contract Tower,0,0,0,0,0,0,0,5,0,5,0,0,5,0,5,0,0,0,5
08/09/2009,CNW,TX,ASW,CE,Federal Contract Tower,0,0,0,0,0,0,0,6,2,8,0,0,6,2,8,4,0,4,12
08/10/2009,CNW,TX,ASW,CE,Federal Contract Tower,0,0,2,15,17,0,0,30,21,51,0,0,32,36,68,30,72,102,170
08/11/2009,CNW,TX,ASW,CE,Federal Contract Tower,0,0,11,6,17,0,0,38,6,44,0,0,49,12,61,28,14,42,103
08/12/2009,CNW,TX,ASW,CE,Federal Contract Tower,0,0,7,6,13,0,0,33,6,39,0,0,40,12,52,30,44,74,126
08/13/2009,CNW,TX,ASW,CE,Federal Contract Tower,0,0,0,13,13,0,0,18,0,18,0,0,18,13,31,20,50,70,101
08/14/2009,CNW,TX,ASW,CE,Federal Contract Tower,0,0,2,10,12,0,0,15,2,17,0,0,17,12,29,18,12,30,59
08/15/2009,CNW,TX,ASW,CE,Federal Contract Tower,0,0,3,8,11,0,0,12,0,12,0,0,15,8,23,0,0,0,23
08/16/2009,CNW,TX,ASW,CE,Federal Contract Tower,0,0,2,4,6,0,0,9,0,9,0,0,11,4,15,0,12,12,27
08/17/2009,CNW,TX,ASW,CE,Federal Contract Tower,0,0,0,24,24,0,0,19,3,22,0,0,19,27,46,38,48,86,132
08/18/2009,CNW,TX,ASW,CE,Federal Contract Tower,0,0,7,13,20,0,0,23,10,33,0,0,30,23,53,44,54,98,151
08/19/2009,CNW,TX,ASW,CE,Federal Contract Tower,0,0,8,23,31,0,0,21,3,24,0,0,29,26,55,40,76,116,171
08/20/2009,CNW,TX,ASW,CE,Federal Contract Tower,0,0,5,19,24,0,0,24,4,28,0,0,29,23,52,66,12,78,130
08/21/2009,CNW,TX,ASW,CE,Federal Contract Tower,0,0,8,11,19,0,0,17,0,17,0,0,25,11,36,32,14,46,82
08/22/2009,CNW,TX,ASW,CE,Federal Contract Tower,0,0,3,0,3,0,0,12,0,12,0,0,15,0,15,0,0,0,15
08/23/2009,CNW,TX,ASW,CE,Federal Contract Tower,0,0,3,2,5,0,0,5,0,5,0,0,8,2,10,20,0,20,30
08/24/2009,CNW,TX,ASW,CE,Federal Contract Tower,0,0,1,10,11,0,0,15,16,31,0,0,16,26,42,50,70,120,162
08/25/2009,CNW,TX,ASW,CE,Federal Contract Tower,0,0,9,21,30,0,0,30,0,30,0,0,39,21,60,26,42,68,128
08/26/2009,CNW,TX,ASW,CE,Federal Contract Tower,0,0,14,25,39,0,0,26,1,27,0,0,40,26,66,28,26,54,120
08/27/2009,CNW,TX,ASW,CE,Federal Contract Tower,0,0,7,30,37,0,0,24,0,24,0,0,31,30,61,84,36,120,181
08/28/2009,CNW,TX,ASW,CE,Federal Contract Tower,0,0,8,11,19,0,0,16,1,17,0,0,24,12,36,10,22,32,68
08/29/2009,CNW,TX,ASW,CE,Federal Contract Tower,0,0,1,6,7,0,0,16,3,19,0,0,17,9,26,24,2,26,52
08/30/2009,CNW,TX,ASW,CE,Federal Contract Tower,0,0,3,1,4,0,0,3,2,5,0,0,6,3,9,10,0,10,19
08/31/2009,CNW,TX,ASW,CE,Federal Contract Tower,0,0,11,27,38,0,0,15,1,16,0,0,26,28,54,34,78,112,166
09/01/2009,CNW,TX,ASW,CE,Federal Contract Tower,0,0,4,24,28,0,0,17,0,17,0,0,21,24,45,26,34,60,105
09/02/2009,CNW,TX,ASW,CE,Federal Contract Tower,0,0,6,13,19,0,0,40,2,42,0,0,46,15,61,50,56,106,167
09/03/2009,CNW,TX,ASW,CE,Federal Contract Tower,0,0,3,31,34,0,0,27,9,36,0,0,30,40,70,42,102,144,214
09/04/2009,CNW,TX,ASW,CE,Federal Contract Tower,0,0,3,2,5,0,0,25,5,30,0,0,28,7,35,62,0,62,97
09/05/2009,CNW,TX,ASW,CE,Federal Contract Tower,0,0,0,4,4,0,0,12,0,12,0,0,12,4,16,4,0,4,20
09/06/2009,CNW,TX,ASW,CE,Federal Contract Tower,0,0,0,2,2,0,0,4,2,6,0,0,4,4,8,2,0,2,10
09/07/2009,CNW,TX,ASW,CE,Federal Contract Tower,0,0,1,0,1,0,0,4,0,4,0,0,5,0,5,0,0,0,5
09/08/2009,CNW,TX,ASW,CE,Federal Contract Tower,0,0,15,37,52,0,0,20,3,23,0,0,35,40,75,18,82,100,175
09/09/2009,CNW,TX,ASW,CE,Federal Contract Tower,0,0,6,18,24,0,0,31,1,32,0,0,37,19,56,20,52,72,128
09/10/2009,CNW,TX,ASW,CE,Federal Contract Tower,0,0,5,20,25,0,0,26,0,26,0,0,31,20,51,16,16,32,83
09/11/2009,CNW,TX,ASW,CE,Federal Contract Tower,0,0,9,0,9,0,0,0,0,0,0,0,9,0,9,20,0,20,29
09/12/2009,CNW,TX,ASW,CE,Federal Contract Tower,0,0,8,0,8,0,0,0,0,0,0,0,8,0,8,0,0,0,8
09/13/2009,CNW,TX,ASW,CE,Federal Contract Tower,0,0,2,0,2,0,0,1,0,1,0,0,3,0,3,0,0,0,3
09/14/2009,CNW,TX,ASW,CE,Federal Contract Tower,0,0,11,2,13,0,0,0,0,0,0,0,11,2,13,0,0,0,13
09/15/2009,CNW,TX,ASW,CE,Federal Contract Tower,0,0,0,32,32,0,0,8,0,8,0,0,8,32,40,8,10,18,58
09/16/2009,CNW,TX,ASW,CE,Federal Contract Tower,0,0,26,17,43,0,0,18,1,19,0,0,44,18,62,8,8,16,78
09/17/2009,CNW,TX,ASW,CE,Federal Contract Tower,0,0,7,4,11,0,0,6,0,6,0,0,13,4,17,0,0,0,17
09/18/2009,CNW,TX,ASW,CE,Federal Contract Tower,0,0,6,5,11,0,0,31,0,31,0,0,37,5,42,50,0,50,92
09/19/2009,CNW,TX,ASW,CE,Federal Contract Tower,0,0,3,0,3,0,0,23,0,23,0,0,26,0,26,28,0,28,54
09/20/2009,CNW,TX,ASW,CE,Federal Contract Tower,0,0,1,3,4,0,0,17,0,17,0,0,18,3,21,28,0,28,49
09/21/2009,CNW,TX,ASW,CE,Federal Contract Tower,0,0,6,16,22,0,0,28,0,28,0,0,34,16,50,18,90,108,158
09/22/2009,CNW,TX,ASW,CE,Federal Contract Tower,0,0,2,2,4,0,0,16,0,16,0,0,18,2,20,0,0,0,20
09/23/2009,CNW,TX,ASW,CE,Federal Contract Tower,0,0,4,4,8,0,0,28,1,29,0,0,32,5,37,68,30,98,135
09/24/2009,CNW,TX,ASW,CE,Federal Contract Tower,0,0,7,4,11,0,0,37,0,37,0,0,44,4,48,62,12,74,122
09/25/2009,CNW,TX,ASW,CE,Federal Contract Tower,0,0,4,2,6,0,2,33,0,35,0,2,37,2,41,44,34,78,119
09/26/2009,CNW,TX,ASW,CE,Federal Contract Tower,0,0,4,0,4,0,0,29,0,29,0,0,33,0,33,26,0,26,59
09/27/2009,CNW,TX,ASW,CE,Federal Contract Tower,0,0,9,0,9,0,0,12,0,12,0,0,21,0,21,0,0,0,21
09/28/2009,CNW,TX,ASW,CE,Federal Contract Tower,0,0,3,17,20,0,0,34,2,36,0,0,37,19,56,6,90,96,152
09/29/2009,CNW,TX,ASW,CE,Federal Contract Tower,0,0,2,30,32,0,0,47,6,53,0,0,49,36,85,78,34,112,197
09/30/2009,CNW,TX,ASW,CE,Federal Contract Tower,0,0,4,14,18,0,0,38,0,38,0,0,42,14,56,100,34,134,190
10/01/2009,CNW,TX,ASW,CE,Federal Contract Tower,0,0,5,11,16,0,0,16,1,17,0,0,21,12,33,26,2,28,61
10/02/2009,CNW,TX,ASW,CE,Federal Contract Tower,0,0,1,15,16,0,4,45,7,56,0,4,46,22,72,76,40,116,188
10/03/2009,CNW,TX,ASW,CE,Federal Contract Tower,0,0,7,0,7,0,0,7,0,7,0,0,14,0,14,24,0,24,38
10/04/2009,CNW,TX,ASW,CE,Federal Contract Tower,0,0,4,0,4,0,0,0,0,0,0,0,4,0,4,0,0,0,4
10/05/2009,CNW,TX,ASW,CE,Federal Contract Tower,0,0,5,4,9,0,0,0,0,0,0,0,5,4,9,0,0,0,9
10/06/2009,CNW,TX,ASW,CE,Federal Contract Tower,0,0,30,2,32,0,0,18,0,18,0,0,48,2,50,116,8,124,174
10/07/2009,CNW,TX,ASW,CE,Federal Contract Tower,0,0,2,0,2,0,0,0,0,0,0,0,2,0,2,0,0,0,2
10/08/2009,CNW,TX,ASW,CE,Federal Contract Tower,0,0,3,22,25,0,0,15,3,18,0,0,18,25,43,20,74,94,137
10/09/2009,CNW,TX,ASW,CE,Federal Contract Tower,0,0,2,8,10,0,4,0,0,4,0,4,2,8,14,0,0,0,14
10/10/2009,CNW,TX,ASW,CE,Federal Contract Tower,0,0,6,0,6,0,0,12,0,12,0,0,18,0,18,104,0,104,122
10/11/2009,CNW,TX,ASW,CE,Federal Contract Tower,0,0,4,0,4,0,0,2,0,2,0,0,6,0,6,0,0,0,6
10/12/2009,CNW,TX,ASW,CE,Federal Contract Tower,0,0,3,1,4,0,0,0,0,0,0,0,3,1,4,0,0,0,4
10/13/2009,CNW,TX,ASW,CE,Federal Contract Tower,0,0,2,1,3,0,0,0,0,0,0,0,2,1,3,0,0,0,3
10/14/2009,CNW,TX,ASW,CE,Federal Contract Tower,0,0,1,3,4,0,0,16,0,16,0,0,17,3,20,54,0,54,74
10/15/2009,CNW,TX,ASW,CE,Federal Contract Tower,0,0,2,4,6,0,0,7,0,7,0,0,9,4,13,8,10,18,31
10/16/2009,CNW,TX,ASW,CE,Federal Contract Tower,0,0,7,0,7,0,0,22,0,22,0,0,29,0,29,28,0,28,57
10/17/2009,CNW,TX,ASW,CE,Federal Contract Tower,0,0,3,0,3,0,0,41,0,41,0,0,44,0,44,24,0,24,68
10/18/2009,CNW,TX,ASW,CE,Federal Contract Tower,0,0,2,2,4,0,0,8,0,8,0,0,10,2,12,0,0,0,12
10/19/2009,CNW,TX,ASW,CE,Federal Contract Tower,0,0,4,15,19,0,0,48,0,48,0,0,52,15,67,140,52,192,259
10/20/2009,CNW,TX,ASW,CE,Federal Contract Tower,0,0,4,20,24,0,0,51,0,51,0,0,55,20,75,92,66,158,233
10/21/2009,CNW,TX,ASW,CE,Federal Contract Tower,0,0,7,2,9,0,0,4,0,4,0,0,11,2,13,40,0,40,53
10/22/2009,CNW,TX,ASW,CE,Federal Contract Tower,0,0,2,12,14,0,0,23,1,24,0,0,25,13,38,44,10,54,92
10/23/2009,CNW,TX,ASW,CE,Federal Contract Tower,0,0,6,20,26,0,0,20,0,20,0,0,26,20,46,24,42,66,112
10/24/2009,CNW,TX,ASW,CE,Federal Contract Tower,0,0,2,24,26,0,2,23,1,26,0,2,25,25,52,24,12,36,88
10/25/2009,CNW,TX,ASW,CE,Federal Contract Tower,0,0,7,6,13,0,0,8,0,8,0,0,15,6,21,16,0,16,37
10/26/2009,CNW,TX,ASW,CE,Federal Contract Tower,0,0,1,14,15,0,0,0,0,0,0,0,1,14,15,0,0,0,15
10/27/2009,CNW,TX,ASW,CE,Federal Contract Tower,0,0,5,32,37,0,2,61,0,63,0,2,66,32,100,204,20,224,324
10/28/2009,CNW,TX,ASW,CE,Federal Contract Tower,0,0,5,8,13,0,0,24,0,24,0,0,29,8,37,94,14,108,145
10/29/2009,CNW,TX,ASW,CE,Federal Contract Tower,0,0,2,4,6,0,2,2,0,4,0,2,4,4,10,6,2,8,18
10/30/2009,CNW,TX,ASW,CE,Federal Contract Tower,0,3,2,4,9,0,0,43,1,44,0,3,45,5,53,68,22,90,143
10/31/2009,CNW,TX,ASW,CE,Federal Contract Tower,0,0,8,4,12,0,2,32,0,34,0,2,40,4,46,120,0,120,166
11/01/2009,CNW,TX,ASW,CE,Federal Contract Tower,0,0,2,0,2,0,0,5,0,5,0,0,7,0,7,0,0,0,7
11/02/2009,CNW,TX,ASW,CE,Federal Contract Tower,0,0,3,12,15,0,0,38,0,38,0,0,41,12,53,110,64,174,227
11/03/2009,CNW,TX,ASW,CE,Federal Contract Tower,0,0,7,4,11,0,0,48,3,51,0,0,55,7,62,66,30,96,158
11/04/2009,CNW,TX,ASW,CE,Federal Contract Tower,0,0,14,2,16,0,2,54,0,56,0,2,68,2,72,164,24,188,260
11/05/2009,CNW,TX,ASW,CE,Federal Contract Tower,0,0,5,28,33,0,0,42,2,44,0,0,47,30,77,140,38,178,255
11/06/2009,CNW,TX,ASW,CE,Federal Contract Tower,0,0,7,11,18,0,0,36,2,38,0,0,43,13,56,94,24,118,174
11/07/2009,CNW,TX,ASW,CE,Federal Contract Tower,0,0,4,10,14,0,0,11,0,11,0,0,15,10,25,26,12,38,63
11/08/2009,CNW,TX,ASW,CE,Federal Contract Tower,0,0,2,8,10,0,0,4,0,4,0,0,6,8,14,0,0,0,14
11/09/2009,CNW,TX,ASW,CE,Federal Contract Tower,0,0,4,8,12,0,0,34,0,34,0,0,38,8,46,80,0,80,126
11/10/2009,CNW,TX,ASW,CE,Federal Contract Tower,0,0,5,4,9,0,0,65,0,65,0,0,70,4,74,114,40,154,228
11/11/2009,CNW,TX,ASW,CE,Federal Contract Tower,2,0,13,8,23,0,0,68,0,68,2,0,81,8,91,104,0,104,195
11/12/2009,CNW,TX,ASW,CE,Federal Contract Tower,0,0,4,27,31,0,0,64,1,65,0,0,68,28,96,138,76,214,310
11/13/2009,CNW,TX,ASW,CE,Federal Contract Tower,2,0,6,38,46,0,0,28,0,28,2,0,34,38,74,22,32,54,128
11/14/2009,CNW,TX,ASW,CE,Federal Contract Tower,1,0,3,10,14,0,0,15,0,15,1,0,18,10,29,18,4,22,51
11/15/2009,CNW,TX,ASW,CE,Federal Contract Tower,0,0,3,14,17,0,0,11,0,11,0,0,14,14,28,26,6,32,60
11/16/2009,CNW,TX,ASW,CE,Federal Contract Tower,0,0,3,11,14,0,0,23,0,23,0,0,26,11,37,48,2,50,87
11/17/2009,CNW,TX,ASW,CE,Federal Contract Tower,2,0,2,38,42,0,0,47,2,49,2,0,49,40,91,98,90,188,279
11/18/2009,CNW,TX,ASW,CE,Federal Contract Tower,0,0,7,14,21,0,0,80,0,80,0,0,87,14,101,182,58,240,341
11/19/2009,CNW,TX,ASW,CE,Federal Contract Tower,0,0,13,40,53,0,0,35,0,35,0,0,48,40,88,98,96,194,282
11/20/2009,CNW,TX,ASW,CE,Federal Contract Tower,0,0,4,0,4,0,0,0,0,0,0,0,4,0,4,0,0,0,4
11/21/2009,CNW,TX,ASW,CE,Federal Contract Tower,0,0,4,0,4,0,0,11,2,13,0,0,15,2,17,19,10,29,46
11/22/2009,CNW,TX,ASW,CE,Federal Contract Tower,0,0,4,0,4,0,0,9,2,11,0,0,13,2,15,26,0,26,41
11/23/2009,CNW,TX,ASW,CE,Federal Contract Tower,0,0,7,25,32,0,2,26,0,28,0,2,33,25,60,54,0,54,114
11/24/2009,CNW,TX,ASW,CE,Federal Contract Tower,0,2,4,31,37,0,0,28,0,28,0,2,32,31,65,52,36,88,153
11/25/2009,CNW,TX,ASW,CE,Federal Contract Tower,0,0,16,5,21,0,0,40,0,40,0,0,56,5,61,56,10,66,127
11/26/2009,CNW,TX,ASW,CE,Federal Contract Tower,0,0,1,0,1,0,0,5,0,5,0,0,6,0,6,0,0,0,6
11/27/2009,CNW,TX,ASW,CE,Federal Contract Tower,0,0,0,0,0,0,0,17,0,17,0,0,17,0,17,16,0,16,33
11/28/2009,CNW,TX,ASW,CE,Federal Contract Tower,0,2,7,0,9,0,0,11,0,11,0,2,18,0,20,18,0,18,38
11/29/2009,CNW,TX,ASW,CE,Federal Contract Tower,0,0,2,0,2,0,0,2,0,2,0,0,4,0,4,14,0,14,18
11/30/2009,CNW,TX,ASW,CE,Federal Contract Tower,0,0,2,20,22,0,0,24,1,25,0,0,26,21,47,48,40,88,135
12/01/2009,CNW,TX,ASW,CE,Federal Contract Tower,0,0,1,33,34,0,0,8,0,8,0,0,9,33,42,46,46,92,134
12/02/2009,CNW,TX,ASW,CE,Federal Contract Tower,0,0,2,0,2,0,0,14,0,14,0,0,16,0,16,12,0,12,28
12/03/2009,CNW,TX,ASW,CE,Federal Contract Tower,0,0,8,0,8,0,0,51,0,51,0,0,59,0,59,110,0,110,169
12/04/2009,CNW,TX,ASW,CE,Federal Contract Tower,0,0,1,6,7,0,4,29,0,33,0,4,30,6,40,78,0,78,118
12/05/2009,CNW,TX,ASW,CE,Federal Contract Tower,0,0,2,2,4,0,0,18,11,29,0,0,20,13,33,62,12,74,107
12/06/2009,CNW,TX,ASW,CE,Federal Contract Tower,0,0,4,0,4,0,0,0,0,0,0,0,4,0,4,0,0,0,4
12/07/2009,CNW,TX,ASW,CE,Federal Contract Tower,0,0,6,20,26,0,0,0,0,0,0,0,6,20,26,0,0,0,26
12/08/2009,CNW,TX,ASW,CE,Federal Contract Tower,0,0,0,10,10,0,0,0,0,0,0,0,0,10,10,0,0,0,10
12/09/2009,CNW,TX,ASW,CE,Federal Contract Tower,0,0,6,19,25,0,0,37,1,38,0,0,43,20,63,102,42,144,207
12/10/2009,CNW,TX,ASW,CE,Federal Contract Tower,0,2,2,1,5,0,0,58,2,60,0,2,60,3,65,160,0,160,225
12/11/2009,CNW,TX,ASW,CE,Federal Contract Tower,0,1,4,2,7,0,2,16,0,18,0,3,20,2,25,20,22,42,67
12/12/2009,CNW,TX,ASW,CE,Federal Contract Tower,0,0,2,2,4,0,0,0,0,0,0,0,2,2,4,0,0,0,4
12/13/2009,CNW,TX,ASW,CE,Federal Contract Tower,0,0,2,2,4,0,0,11,0,11,0,0,13,2,15,14,0,14,29
12/14/2009,CNW,TX,ASW,CE,Federal Contract Tower,0,0,2,18,20,0,0,39,0,39,0,0,41,18,59,80,14,94,153
12/15/2009,CNW,TX,ASW,CE,Federal Contract Tower,0,0,4,8,12,0,0,27,3,30,0,0,31,11,42,62,46,108,150
12/16/2009,CNW,TX,ASW,CE,Federal Contract Tower,0,0,6,23,29,0,0,43,2,45,0,0,49,25,74,100,42,142,216
12/17/2009,CNW,TX,ASW,CE,Federal Contract Tower,0,0,4,32,36,0,2,24,0,26,0,2,28,32,62,72,42,114,176
12/18/2009,CNW,TX,ASW,CE,Federal Contract Tower,0,0,4,19,23,0,0,32,5,37,0,0,36,24,60,80,32,112,172
12/19/2009,CNW,TX,ASW,CE,Federal Contract Tower,0,0,6,1,7,0,0,17,0,17,0,0,23,1,24,38,0,38,62
12/20/2009,CNW,TX,ASW,CE,Federal Contract Tower,0,0,2,1,3,0,0,14,2,16,0,0,16,3,19,0,0,0,19
12/21/2009,CNW,TX,ASW,CE,Federal Contract Tower,0,0,1,14,15,0,0,34,0,34,0,0,35,14,49,36,44,80,129
12/22/2009,CNW,TX,ASW,CE,Federal Contract Tower,0,0,5,11,16,0,0,6,1,7,0,0,11,12,23,4,0,4,27
12/23/2009,CNW,TX,ASW,CE,Federal Contract Tower,0,0,5,5,10,0,0,0,0,0,0,0,5,5,10,2,0,2,12
12/24/2009,CNW,TX,ASW,CE,Federal Contract Tower,0,0,0,0,0,0,0,0,0,0,0,0,0,0,0,0,0,0,0
12/25/2009,CNW,TX,ASW,CE,Federal Contract Tower,0,0,0,0,0,0,0,4,0,4,0,0,4,0,4,0,0,0,4
12/26/2009,CNW,TX,ASW,CE,Federal Contract Tower,0,0,0,0,0,0,0,7,0,7,0,0,7,0,7,0,0,0,7
12/27/2009,CNW,TX,ASW,CE,Federal Contract Tower,0,0,0,0,0,0,0,2,0,2,0,0,2,0,2,0,0,0,2
12/28/2009,CNW,TX,ASW,CE,Federal Contract Tower,0,1,5,14,20,0,0,16,1,17,0,1,21,15,37,16,0,16,53
12/29/2009,CNW,TX,ASW,CE,Federal Contract Tower,0,0,0,4,4,0,0,0,0,0,0,0,0,4,4,0,0,0,4
12/30/2009,CNW,TX,ASW,CE,Federal Contract Tower,0,0,8,0,8,0,0,3,0,3,0,0,11,0,11,0,0,0,11
12/31/2009,CNW,TX,ASW,CE,Federal Contract Tower,0,0,6,0,6,0,0,1,0,1,0,0,7,0,7,0,0,0,7
01/01/2010,CNW,TX,ASW,CE,Federal Contract Tower,0,2,0,0,2,0,0,28,0,28,0,2,28,0,30,32,0,32,62
01/02/2010,CNW,TX,ASW,CE,Federal Contract Tower,0,0,6,0,6,0,0,19,0,19,0,0,25,0,25,34,0,34,59
01/03/2010,CNW,TX,ASW,CE,Federal Contract Tower,0,0,1,0,1,0,0,4,0,4,0,0,5,0,5,0,0,0,5
01/04/2010,CNW,TX,ASW,CE,Federal Contract Tower,0,0,4,0,4,0,0,18,0,18,0,0,22,0,22,24,0,24,46
01/05/2010,CNW,TX,ASW,CE,Federal Contract Tower,0,0,7,16,23,0,0,36,0,36,0,0,43,16,59,88,10,98,157
01/06/2010,CNW,TX,ASW,CE,Federal Contract Tower,0,0,6,28,34,0,0,22,0,22,0,0,28,28,56,72,72,144,200
01/07/2010,CNW,TX,ASW,CE,Federal Contract Tower,0,0,4,2,6,0,0,0,0,0,0,0,4,2,6,0,0,0,6
01/08/2010,CNW,TX,ASW,CE,Federal Contract Tower,0,0,7,10,17,0,0,21,0,21,0,0,28,10,38,18,56,74,112
01/09/2010,CNW,TX,ASW,CE,Federal Contract Tower,0,0,8,11,19,0,0,23,1,24,0,0,31,12,43,50,20,70,113
01/10/2010,CNW,TX,ASW,CE,Federal Contract Tower,0,0,5,8,13,0,0,7,0,7,0,0,12,8,20,8,10,18,38
01/11/2010,CNW,TX,ASW,CE,Federal Contract Tower,0,0,4,22,26,0,0,37,0,37,0,0,41,22,63,102,52,154,217
01/12/2010,CNW,TX,ASW,CE,Federal Contract Tower,0,0,19,16,35,0,2,28,0,30,0,2,47,16,65,80,102,182,247
01/13/2010,CNW,TX,ASW,CE,Federal Contract Tower,0,12,17,16,45,0,1,40,1,42,0,13,57,17,87,142,58,200,287
01/14/2010,CNW,TX,ASW,CE,Federal Contract Tower,0,0,10,4,14,0,0,0,0,0,0,0,10,4,14,0,0,0,14
01/15/2010,CNW,TX,ASW,CE,Federal Contract Tower,0,0,10,0,10,0,0,6,0,6,0,0,16,0,16,30,0,30,46
01/16/2010,CNW,TX,ASW,CE,Federal Contract Tower,0,0,6,0,6,0,0,3,0,3,0,0,9,0,9,0,0,0,9
01/17/2010,CNW,TX,ASW,CE,Federal Contract Tower,0,0,11,0,11,0,0,4,4,8,0,0,15,4,19,0,6,6,25
01/18/2010,CNW,TX,ASW,CE,Federal Contract Tower,0,0,15,8,23,0,0,12,0,12,0,0,27,8,35,20,0,20,55
01/19/2010,CNW,TX,ASW,CE,Federal Contract Tower,0,0,6,16,22,0,0,14,1,15,0,0,20,17,37,24,30,54,91
01/20/2010,CNW,TX,ASW,CE,Federal Contract Tower,0,0,12,17,29,0,0,14,0,14,0,0,26,17,43,60,10,70,113
01/21/2010,CNW,TX,ASW,CE,Federal Contract Tower,0,0,11,20,31,0,1,51,0,52,0,1,62,20,83,152,96,248,331
01/22/2010,CNW,TX,ASW,CE,Federal Contract Tower,0,0,8,13,21,0,0,28,3,31,0,0,36,16,52,62,56,118,170
01/23/2010,CNW,TX,ASW,CE,Federal Contract Tower,0,0,4,6,10,0,0,17,0,17,0,0,21,6,27,4,0,4,31
01/24/2010,CNW,TX,ASW,CE,Federal Contract Tower,0,0,6,0,6,0,0,19,0,19,0,0,25,0,25,26,0,26,51
01/25/2010,CNW,TX,ASW,CE,Federal Contract Tower,0,0,2,4,6,0,0,29,2,31,0,0,31,6,37,64,18,82,119
01/26/2010,CNW,TX,ASW,CE,Federal Contract Tower,0,0,13,23,36,0,0,57,4,61,0,0,70,27,97,168,50,218,315
01/27/2010,CNW,TX,ASW,CE,Federal Contract Tower,0,0,4,34,38,0,0,32,5,37,0,0,36,39,75,100,116,216,291
01/28/2010,CNW,TX,ASW,CE,Federal Contract Tower,0,0,3,0,3,0,2,0,0,2,0,2,3,0,5,0,0,0,5
01/29/2010,CNW,TX,ASW,CE,Federal Contract Tower,0,0,1,6,7,0,0,3,0,3,0,0,4,6,10,0,6,6,16
01/30/2010,CNW,TX,ASW,CE,Federal Contract Tower,0,0,5,2,7,0,0,3,0,3,0,0,8,2,10,0,14,14,24
01/31/2010,CNW,TX,ASW,CE,Federal Contract Tower,0,0,0,2,2,0,0,0,0,0,0,0,0,2,2,0,0,0,2
02/01/2010,CNW,TX,ASW,CE,Federal Contract Tower,0,0,4,26,30,0,0,12,0,12,0,0,16,26,42,56,62,118,160
02/02/2010,CNW,TX,ASW,CE,Federal Contract Tower,0,0,23,13,36,0,0,23,1,24,0,0,46,14,60,86,66,152,212
02/03/2010,CNW,TX,ASW,CE,Federal Contract Tower,0,0,6,37,43,0,0,13,0,13,0,0,19,37,56,18,46,64,120
02/04/2010,CNW,TX,ASW,CE,Federal Contract Tower,0,0,7,18,25,0,0,0,0,0,0,0,7,18,25,0,0,0,25
02/05/2010,CNW,TX,ASW,CE,Federal Contract Tower,0,0,16,7,23,0,0,9,1,10,0,0,25,8,33,10,10,20,53
02/06/2010,CNW,TX,ASW,CE,Federal Contract Tower,0,0,2,2,4,0,2,32,0,34,0,2,34,2,38,40,4,44,82
02/07/2010,CNW,TX,ASW,CE,Federal Contract Tower,0,0,4,2,6,0,0,5,0,5,0,0,9,2,11,16,24,40,51
02/08/2010,CNW,TX,ASW,CE,Federal Contract Tower,0,0,4,13,17,0,0,0,0,0,0,0,4,13,17,0,0,0,17
02/09/2010,CNW,TX,ASW,CE,Federal Contract Tower,0,0,4,19,23,0,2,63,0,65,0,2,67,19,88,92,116,208,296
02/10/2010,CNW,TX,ASW,CE,Federal Contract Tower,0,0,9,36,45,0,0,48,0,48,0,0,57,36,93,114,26,140,233
02/11/2010,CNW,TX,ASW,CE,Federal Contract Tower,0,0,5,1,6,0,0,0,0,0,0,0,5,1,6,0,0,0,6
02/12/2010,CNW,TX,ASW,CE,Federal Contract Tower,0,0,2,8,10,0,0,3,0,3,0,0,5,8,13,26,2,28,41
02/13/2010,CNW,TX,ASW,CE,Federal Contract Tower,0,0,10,4,14,0,0,11,0,11,0,0,21,4,25,6,10,16,41
02/14/2010,CNW,TX,ASW,CE,Federal Contract Tower,0,0,0,0,0,0,0,0,0,0,0,0,0,0,0,0,0,0,0
02/15/2010,CNW,TX,ASW,CE,Federal Contract Tower,0,0,17,8,25,0,0,32,0,32,0,0,49,8,57,66,16,82,139
02/16/2010,CNW,TX,ASW,CE,Federal Contract Tower,0,0,4,4,8,0,0,51,1,52,0,0,55,5,60,64,112,176,236
02/17/2010,CNW,TX,ASW,CE,Federal Contract Tower,0,0,10,5,15,0,2,33,11,46,0,2,43,16,61,70,22,92,153
02/18/2010,CNW,TX,ASW,CE,Federal Contract Tower,0,0,2,9,11,0,2,37,3,42,0,2,39,12,53,114,44,158,211
02/19/2010,CNW,TX,ASW,CE,Federal Contract Tower,0,0,8,19,27,0,0,15,1,16,0,0,23,20,43,58,30,88,131
02/20/2010,CNW,TX,ASW,CE,Federal Contract Tower,0,0,4,8,12,0,0,0,0,0,0,0,4,8,12,0,0,0,12
02/21/2010,CNW,TX,ASW,CE,Federal Contract Tower,0,0,5,10,15,0,0,5,0,5,0,0,10,10,20,6,22,28,48
02/22/2010,CNW,TX,ASW,CE,Federal Contract Tower,0,0,9,26,35,0,0,5,0,5,0,0,14,26,40,38,52,90,130
02/23/2010,CNW,TX,ASW,CE,Federal Contract Tower,0,0,0,0,0,0,0,0,0,0,0,0,0,0,0,0,0,0,0
02/24/2010,CNW,TX,ASW,CE,Federal Contract Tower,0,0,12,8,20,0,0,30,0,30,0,0,42,8,50,60,12,72,122
02/25/2010,CNW,TX,ASW,CE,Federal Contract Tower,0,0,5,4,9,0,0,44,3,47,0,0,49,7,56,64,52,116,172
02/26/2010,CNW,TX,ASW,CE,Federal Contract Tower,0,0,2,8,10,0,2,9,0,11,0,2,11,8,21,18,4,22,43
02/27/2010,CNW,TX,ASW,CE,Federal Contract Tower,0,0,6,0,6,0,0,22,0,22,0,0,28,0,28,12,0,12,40
02/28/2010,CNW,TX,ASW,CE,Federal Contract Tower,0,0,3,2,5,0,2,4,0,6,0,2,7,2,11,0,0,0,11
03/01/2010,CNW,TX,ASW,CE,Federal Contract Tower,0,0,2,0,2,0,0,2,0,2,0,0,4,0,4,26,0,26,30
03/02/2010,CNW,TX,ASW,CE,Federal Contract Tower,0,0,10,17,27,0,0,36,0,36,0,0,46,17,63,96,12,108,171
03/03/2010,CNW,TX,ASW,CE,Federal Contract Tower,0,0,25,32,57,0,0,27,2,29,0,0,52,34,86,46,144,190,276
03/04/2010,CNW,TX,ASW,CE,Federal Contract Tower,0,0,18,12,30,0,0,39,3,42,0,0,57,15,72,74,50,124,196
03/05/2010,CNW,TX,ASW,CE,Federal Contract Tower,0,0,9,25,34,0,0,33,0,33,0,0,42,25,67,86,94,180,247
03/06/2010,CNW,TX,ASW,CE,Federal Contract Tower,0,0,2,0,2,0,0,6,0,6,0,0,8,0,8,0,0,0,8
03/07/2010,CNW,TX,ASW,CE,Federal Contract Tower,0,0,4,6,10,0,0,0,0,0,0,0,4,6,10,0,0,0,10
03/08/2010,CNW,TX,ASW,CE,Federal Contract Tower,0,0,0,0,0,0,0,0,0,0,0,0,0,0,0,0,0,0,0
03/09/2010,CNW,TX,ASW,CE,Federal Contract Tower,0,0,14,42,56,0,0,27,0,27,0,0,41,42,83,38,132,170,253
03/10/2010,CNW,TX,ASW,CE,Federal Contract Tower,0,0,16,14,30,0,0,14,2,16,0,0,30,16,46,30,32,62,108
03/11/2010,CNW,TX,ASW,CE,Federal Contract Tower,0,0,16,40,56,0,0,36,0,36,0,0,52,40,92,26,100,126,218
03/12/2010,CNW,TX,ASW,CE,Federal Contract Tower,0,0,10,5,15,0,0,25,1,26,0,0,35,6,41,0,0,0,41
03/13/2010,CNW,TX,ASW,CE,Federal Contract Tower,0,0,11,3,14,0,0,10,1,11,0,0,21,4,25,0,0,0,25
03/14/2010,CNW,TX,ASW,CE,Federal Contract Tower,0,0,10,1,11,0,0,15,1,16,0,0,25,2,27,0,0,0,27
03/15/2010,CNW,TX,ASW,CE,Federal Contract Tower,0,0,13,12,25,0,0,24,5,29,0,0,37,17,54,52,98,150,204
03/16/2010,CNW,TX,ASW,CE,Federal Contract Tower,0,0,7,21,28,0,0,1,0,1,0,0,8,21,29,30,10,40,69
03/17/2010,CNW,TX,ASW,CE,Federal Contract Tower,0,0,4,3,7,0,0,32,3,35,0,0,36,6,42,92,38,130,172
03/18/2010,CNW,TX,ASW,CE,Federal Contract Tower,0,0,11,1,12,0,0,51,1,52,0,0,62,2,64,86,14,100,164
03/19/2010,CNW,TX,ASW,CE,Federal Contract Tower,0,0,16,3,19,0,2,15,2,19,0,2,31,5,38,56,24,80,118
03/20/2010,CNW,TX,ASW,CE,Federal Contract Tower,0,0,0,0,0,0,0,0,0,0,0,0,0,0,0,0,0,0,0
03/21/2010,CNW,TX,ASW,CE,Federal Contract Tower,0,0,6,0,6,0,0,7,0,7,0,0,13,0,13,0,0,0,13
03/22/2010,CNW,TX,ASW,CE,Federal Contract Tower,0,0,8,3,11,0,0,51,1,52,0,0,59,4,63,80,16,96,159
03/23/2010,CNW,TX,ASW,CE,Federal Contract Tower,0,0,31,6,37,0,0,32,0,32,0,0,63,6,69,64,0,64,133
03/24/2010,CNW,TX,ASW,CE,Federal Contract Tower,0,0,20,0,20,0,2,2,0,4,0,2,22,0,24,2,0,2,26
03/25/2010,CNW,TX,ASW,CE,Federal Contract Tower,0,0,4,19,23,0,0,15,2,17,0,0,19,21,40,24,26,50,90
03/26/2010,CNW,TX,ASW,CE,Federal Contract Tower,0,0,9,3,12,0,0,41,3,44,0,0,50,6,56,108,0,108,164
03/27/2010,CNW,TX,ASW,CE,Federal Contract Tower,0,0,5,9,14,0,0,14,3,17,0,0,19,12,31,0,4,4,35
03/28/2010,CNW,TX,ASW,CE,Federal Contract Tower,0,0,0,0,0,0,2,4,0,6,0,2,4,0,6,0,0,0,6
03/29/2010,CNW,TX,ASW,CE,Federal Contract Tower,0,0,21,6,27,0,0,43,2,45,0,0,64,8,72,84,4,88,160
03/30/2010,CNW,TX,ASW,CE,Federal Contract Tower,0,0,9,1,10,0,0,29,0,29,0,0,38,1,39,56,0,56,95
03/31/2010,CNW,TX,ASW,CE,Federal Contract Tower,0,0,3,12,15,0,0,38,6,44,0,0,41,18,59,10,16,26,85
04/01/2010,CNW,TX,ASW,CE,Federal Contract Tower,0,0,13,27,40,0,3,19,2,24,0,3,32,29,64,54,72,126,190
04/02/2010,CNW,TX,ASW,CE,Federal Contract Tower,0,0,7,12,19,0,0,5,0,5,0,0,12,12,24,4,6,10,34
04/03/2010,CNW,TX,ASW,CE,Federal Contract Tower,0,0,3,0,3,0,0,36,0,36,0,0,39,0,39,32,0,32,71
04/04/2010,CNW,TX,ASW,CE,Federal Contract Tower,0,0,2,0,2,0,0,1,0,1,0,0,3,0,3,0,0,0,3
04/05/2010,CNW,TX,ASW,CE,Federal Contract Tower,0,0,16,0,16,0,0,9,0,9,0,0,25,0,25,10,0,10,35
04/06/2010,CNW,TX,ASW,CE,Federal Contract Tower,0,0,13,26,39,0,0,10,0,10,0,0,23,26,49,12,52,64,113
04/07/2010,CNW,TX,ASW,CE,Federal Contract Tower,0,0,10,8,18,0,0,29,0,29,0,0,39,8,47,52,0,52,99
04/08/2010,CNW,TX,ASW,CE,Federal Contract Tower,0,0,3,18,21,0,4,53,5,62,0,4,56,23,83,158,58,216,299
04/09/2010,CNW,TX,ASW,CE,Federal Contract Tower,0,0,28,16,44,0,0,46,0,46,0,0,74,16,90,82,46,128,218
04/10/2010,CNW,TX,ASW,CE,Federal Contract Tower,0,0,4,23,27,0,2,22,1,25,0,2,26,24,52,28,4,32,84
04/11/2010,CNW,TX,ASW,CE,Federal Contract Tower,0,0,2,8,10,0,2,18,0,20,0,2,20,8,30,6,42,48,78
04/12/2010,CNW,TX,ASW,CE,Federal Contract Tower,0,0,15,10,25,0,0,28,2,30,0,0,43,12,55,20,42,62,117
04/13/2010,CNW,TX,ASW,CE,Federal Contract Tower,0,0,28,11,39,0,2,51,0,53,0,2,79,11,92,172,60,232,324
04/14/2010,CNW,TX,ASW,CE,Federal Contract Tower,0,0,9,3,12,0,0,32,0,32,0,0,41,3,44,94,6,100,144
04/15/2010,CNW,TX,ASW,CE,Federal Contract Tower,0,0,10,20,30,0,2,9,0,11,0,2,19,20,41,64,8,72,113
04/16/2010,CNW,TX,ASW,CE,Federal Contract Tower,0,0,6,44,50,0,0,15,2,17,0,0,21,46,67,74,6,80,147
04/17/2010,CNW,TX,ASW,CE,Federal Contract Tower,0,0,6,2,8,0,0,3,0,3,0,0,9,2,11,0,0,0,11
04/18/2010,CNW,TX,ASW,CE,Federal Contract Tower,0,0,16,4,20,0,0,2,0,2,0,0,18,4,22,0,2,2,24
04/19/2010,CNW,TX,ASW,CE,Federal Contract Tower,0,0,5,22,27,0,0,14,0,14,0,0,19,22,41,60,50,110,151
04/20/2010,CNW,TX,ASW,CE,Federal Contract Tower,0,0,15,18,33,0,2,33,1,36,0,2,48,19,69,108,132,240,309
04/21/2010,CNW,TX,ASW,CE,Federal Contract Tower,0,0,8,17,25,0,2,32,1,35,0,2,40,18,60,74,42,116,176
04/22/2010,CNW,TX,ASW,CE,Federal Contract Tower,0,0,17,21,38,0,0,3,0,3,0,0,20,21,41,24,10,34,75
04/23/2010,CNW,TX,ASW,CE,Federal Contract Tower,0,0,10,22,32,0,0,18,0,18,0,0,28,22,50,16,26,42,92
04/24/2010,CNW,TX,ASW,CE,Federal Contract Tower,0,0,0,0,0,0,0,4,2,6,0,0,4,2,6,0,0,0,6
04/25/2010,CNW,TX,ASW,CE,Federal Contract Tower,0,0,5,0,5,0,4,5,0,9,0,4,10,0,14,4,0,4,18
04/26/2010,CNW,TX,ASW,CE,Federal Contract Tower,0,0,13,27,40,0,3,30,1,34,0,3,43,28,74,48,34,82,156
04/27/2010,CNW,TX,ASW,CE,Federal Contract Tower,0,0,17,8,25,0,0,74,1,75,0,0,91,9,100,60,56,116,216
04/28/2010,CNW,TX,ASW,CE,Federal Contract Tower,0,0,20,33,53,0,0,48,0,48,0,0,68,33,101,134,64,198,299
04/29/2010,CNW,TX,ASW,CE,Federal Contract Tower,0,0,17,33,50,0,0,7,3,10,0,0,24,36,60,0,110,110,170
04/30/2010,CNW,TX,ASW,CE,Federal Contract Tower,0,2,14,14,30,0,0,2,1,3,0,2,16,15,33,0,34,34,67
05/01/2010,CNW,TX,ASW,CE,Federal Contract Tower,0,0,1,11,12,0,0,5,0,5,0,0,6,11,17,16,0,16,33
05/02/2010,CNW,TX,ASW,CE,Federal Contract Tower,0,0,5,0,5,0,0,5,0,5,0,0,10,0,10,0,0,0,10
05/03/2010,CNW,TX,ASW,CE,Federal Contract Tower,0,0,28,10,38,0,0,17,4,21,0,0,45,14,59,14,70,84,143
05/04/2010,CNW,TX,ASW,CE,Federal Contract Tower,0,0,22,16,38,0,0,31,2,33,0,0,53,18,71,58,72,130,201
05/05/2010,CNW,TX,ASW,CE,Federal Contract Tower,0,0,23,30,53,0,0,42,1,43,0,0,65,31,96,60,10,70,166
05/06/2010,CNW,TX,ASW,CE,Federal Contract Tower,0,0,20,31,51,0,0,36,2,38,0,0,56,33,89,32,110,142,231
05/07/2010,CNW,TX,ASW,CE,Federal Contract Tower,0,0,12,19,31,0,0,29,1,30,0,0,41,20,61,70,24,94,155
05/08/2010,CNW,TX,ASW,CE,Federal Contract Tower,0,0,2,3,5,0,0,15,1,16,0,0,17,4,21,28,8,36,57
05/09/2010,CNW,TX,ASW,CE,Federal Contract Tower,0,0,0,2,2,0,0,3,0,3,0,0,3,2,5,0,0,0,5
05/10/2010,CNW,TX,ASW,CE,Federal Contract Tower,0,0,12,5,17,0,0,7,1,8,0,0,19,6,25,2,20,22,47
05/11/2010,CNW,TX,ASW,CE,Federal Contract Tower,0,0,28,2,30,0,0,22,0,22,0,0,50,2,52,14,0,14,66
05/12/2010,CNW,TX,ASW,CE,Federal Contract Tower,0,0,22,20,42,0,0,18,2,20,0,0,40,22,62,18,18,36,98
05/13/2010,CNW,TX,ASW,CE,Federal Contract Tower,0,0,13,12,25,0,0,31,0,31,0,0,44,12,56,28,20,48,104
05/14/2010,CNW,TX,ASW,CE,Federal Contract Tower,0,0,12,1,13,2,0,6,0,8,2,0,18,1,21,44,0,44,65
05/15/2010,CNW,TX,ASW,CE,Federal Contract Tower,0,0,8,0,8,0,0,4,0,4,0,0,12,0,12,0,0,0,12
05/16/2010,CNW,TX,ASW,CE,Federal Contract Tower,0,0,6,13,19,0,0,8,1,9,0,0,14,14,28,4,10,14,42
05/17/2010,CNW,TX,ASW,CE,Federal Contract Tower,0,0,8,19,27,0,0,30,8,38,0,0,38,27,65,34,86,120,185
05/18/2010,CNW,TX,ASW,CE,Federal Contract Tower,0,0,11,20,31,0,0,43,1,44,0,0,54,21,75,68,142,210,285
05/19/2010,CNW,TX,ASW,CE,Federal Contract Tower,0,0,16,30,46,0,0,18,0,18,0,0,34,30,64,36,22,58,122
05/20/2010,CNW,TX,ASW,CE,Federal Contract Tower,0,0,15,2,17,0,0,17,0,17,0,0,32,2,34,60,10,70,104
05/21/2010,CNW,TX,ASW,CE,Federal Contract Tower,0,0,22,26,48,0,0,26,1,27,0,0,48,27,75,36,2,38,113
05/22/2010,CNW,TX,ASW,CE,Federal Contract Tower,0,0,5,4,9,0,0,4,1,5,0,0,9,5,14,0,0,0,14
05/23/2010,CNW,TX,ASW,CE,Federal Contract Tower,0,0,1,1,2,0,0,4,1,5,0,0,5,2,7,0,0,0,7
05/24/2010,CNW,TX,ASW,CE,Federal Contract Tower,0,0,13,40,53,0,0,28,2,30,0,0,41,42,83,44,122,166,249
05/25/2010,CNW,TX,ASW,CE,Federal Contract Tower,0,0,15,15,30,0,0,29,3,32,0,0,44,18,62,32,16,48,110
05/26/2010,CNW,TX,ASW,CE,Federal Contract Tower,0,0,26,3,29,0,2,43,2,47,0,2,69,5,76,100,0,100,176
05/27/2010,CNW,TX,ASW,CE,Federal Contract Tower,0,0,28,38,66,0,0,36,0,36,0,0,64,38,102,86,66,152,254
05/28/2010,CNW,TX,ASW,CE,Federal Contract Tower,0,0,9,2,11,0,0,26,0,26,0,0,35,2,37,20,14,34,71
05/29/2010,CNW,TX,ASW,CE,Federal Contract Tower,0,0,2,0,2,0,3,10,0,13,0,3,12,0,15,2,0,2,17
05/30/2010,CNW,TX,ASW,CE,Federal Contract Tower,0,0,0,0,0,0,2,7,0,9,0,2,7,0,9,0,0,0,9
05/31/2010,CNW,TX,ASW,CE,Federal Contract Tower,0,0,4,0,4,0,0,19,0,19,0,0,23,0,23,16,0,16,39
06/01/2010,CNW,TX,ASW,CE,Federal Contract Tower,0,0,7,24,31,0,0,34,0,34,0,0,41,24,65,40,50,90,155
06/02/2010,CNW,TX,ASW,CE,Federal Contract Tower,0,0,28,10,38,0,0,35,1,36,0,0,63,11,74,64,52,116,190
06/03/2010,CNW,TX,ASW,CE,Federal Contract Tower,0,0,4,10,14,0,0,6,0,6,0,0,10,10,20,22,86,108,128
06/04/2010,CNW,TX,ASW,CE,Federal Contract Tower,0,0,10,24,34,0,0,35,2,37,0,0,45,26,71,38,60,98,169
06/05/2010,CNW,TX,ASW,CE,Federal Contract Tower,0,0,7,0,7,0,0,21,0,21,0,0,28,0,28,30,0,30,58
06/06/2010,CNW,TX,ASW,CE,Federal Contract Tower,0,0,3,4,7,0,0,5,0,5,0,0,8,4,12,16,24,40,52
06/07/2010,CNW,TX,ASW,CE,Federal Contract Tower,0,0,5,24,29,0,0,32,0,32,0,0,37,24,61,40,58,98,159
06/08/2010,CNW,TX,ASW,CE,Federal Contract Tower,0,0,11,3,14,0,0,12,0,12,0,0,23,3,26,40,24,64,90
06/09/2010,CNW,TX,ASW,CE,Federal Contract Tower,0,0,4,0,4,0,0,0,0,0,0,0,4,0,4,0,0,0,4
06/10/2010,CNW,TX,ASW,CE,Federal Contract Tower,0,0,22,21,43,0,0,14,1,15,0,0,36,22,58,24,40,64,122
06/11/2010,CNW,TX,ASW,CE,Federal Contract Tower,0,0,11,30,41,0,0,12,1,13,0,0,23,31,54,34,44,78,132
06/12/2010,CNW,TX,ASW,CE,Federal Contract Tower,0,0,7,13,20,0,0,7,1,8,0,0,14,14,28,14,20,34,62
06/13/2010,CNW,TX,ASW,CE,Federal Contract Tower,0,0,2,12,14,0,0,6,2,8,0,0,8,14,22,6,42,48,70
06/14/2010,CNW,TX,ASW,CE,Federal Contract Tower,0,0,14,48,62,0,0,24,2,26,0,0,38,50,88,72,142,214,302
06/15/2010,CNW,TX,ASW,CE,Federal Contract Tower,0,0,11,13,24,0,0,29,0,29,0,0,40,13,53,82,34,116,169
06/16/2010,CNW,TX,ASW,CE,Federal Contract Tower,0,0,13,12,25,0,0,38,2,40,0,0,51,14,65,38,12,50,115
06/17/2010,CNW,TX,ASW,CE,Federal Contract Tower,0,0,20,9,29,0,0,35,1,36,0,0,55,10,65,48,40,88,153
06/18/2010,CNW,TX,ASW,CE,Federal Contract Tower,0,0,5,6,11,0,0,48,0,48,0,0,53,6,59,22,34,56,115
06/19/2010,CNW,TX,ASW,CE,Federal Contract Tower,0,0,7,1,8,0,0,6,1,7,0,0,13,2,15,0,0,0,15
06/20/2010,CNW,TX,ASW,CE,Federal Contract Tower,0,0,4,0,4,0,2,6,0,8,0,2,10,0,12,0,0,0,12
06/21/2010,CNW,TX,ASW,CE,Federal Contract Tower,0,2,6,20,28,0,0,16,1,17,0,2,22,21,45,44,34,78,123
06/22/2010,CNW,TX,ASW,CE,Federal Contract Tower,0,0,27,32,59,0,0,39,2,41,0,0,66,34,100,62,62,124,224
06/23/2010,CNW,TX,ASW,CE,Federal Contract Tower,0,0,18,8,26,0,2,24,0,26,0,2,42,8,52,44,0,44,96
06/24/2010,CNW,TX,ASW,CE,Federal Contract Tower,0,0,12,18,30,0,0,17,27,44,0,0,29,45,74,42,32,74,148
06/25/2010,CNW,TX,ASW,CE,Federal Contract Tower,0,0,9,4,13,0,0,20,0,20,0,0,29,4,33,30,0,30,63
06/26/2010,CNW,TX,ASW,CE,Federal Contract Tower,0,0,0,10,10,0,0,6,2,8,0,0,6,12,18,10,38,48,66
06/27/2010,CNW,TX,ASW,CE,Federal Contract Tower,0,0,3,10,13,0,0,10,0,10,0,0,13,10,23,4,42,46,69
06/28/2010,CNW,TX,ASW,CE,Federal Contract Tower,0,0,0,23,23,0,0,16,6,22,0,0,16,29,45,46,2,48,93
06/29/2010,CNW,TX,ASW,CE,Federal Contract Tower,0,0,7,16,23,0,0,18,9,27,0,0,25,25,50,32,10,42,92
06/30/2010,CNW,TX,ASW,CE,Federal Contract Tower,0,0,5,26,31,0,0,6,2,8,0,0,11,28,39,30,10,40,79
07/01/2010,CNW,TX,ASW,CE,Federal Contract Tower,0,0,15,4,19,0,0,8,2,10,0,0,23,6,29,20,2,22,51
07/02/2010,CNW,TX,ASW,CE,Federal Contract Tower,0,0,5,1,6,0,0,5,2,7,0,0,10,3,13,0,4,4,17
07/03/2010,CNW,TX,ASW,CE,Federal Contract Tower,0,0,4,0,4,0,0,4,0,4,0,0,8,0,8,0,0,0,8
07/04/2010,CNW,TX,ASW,CE,Federal Contract Tower,0,0,0,2,2,0,0,5,0,5,0,0,5,2,7,0,2,2,9
07/05/2010,CNW,TX,ASW,CE,Federal Contract Tower,0,0,5,0,5,0,0,27,0,27,0,0,32,0,32,16,0,16,48
07/06/2010,CNW,TX,ASW,CE,Federal Contract Tower,0,0,16,7,23,0,0,38,0,38,0,0,54,7,61,68,48,116,177
07/07/2010,CNW,TX,ASW,CE,Federal Contract Tower,0,0,22,12,34,0,0,31,2,33,0,0,53,14,67,32,18,50,117
07/08/2010,CNW,TX,ASW,CE,Federal Contract Tower,0,0,11,2,13,0,0,5,0,5,0,0,16,2,18,0,0,0,18
07/09/2010,CNW,TX,ASW,CE,Federal Contract Tower,0,0,9,15,24,0,0,6,0,6,0,0,15,15,30,8,20,28,58
07/10/2010,CNW,TX,ASW,CE,Federal Contract Tower,0,0,23,5,28,0,0,6,0,6,0,0,29,5,34,8,22,30,64
07/11/2010,CNW,TX,ASW,CE,Federal Contract Tower,0,0,11,12,23,0,0,12,0,12,0,0,23,12,35,6,10,16,51
07/12/2010,CNW,TX,ASW,CE,Federal Contract Tower,0,0,15,23,38,0,0,26,0,26,0,0,41,23,64,44,46,90,154
07/13/2010,CNW,TX,ASW,CE,Federal Contract Tower,0,0,20,6,26,0,0,23,0,23,0,0,43,6,49,46,12,58,107
07/14/2010,CNW,TX,ASW,CE,Federal Contract Tower,0,0,28,7,35,0,0,28,0,28,0,0,56,7,63,30,20,50,113
07/15/2010,CNW,TX,ASW,CE,Federal Contract Tower,0,0,16,15,31,0,0,35,3,38,0,0,51,18,69,18,32,50,119
07/16/2010,CNW,TX,ASW,CE,Federal Contract Tower,0,0,19,2,21,0,0,23,0,23,0,0,42,2,44,40,26,66,110
07/17/2010,CNW,TX,ASW,CE,Federal Contract Tower,0,0,5,6,11,0,0,15,0,15,0,0,20,6,26,0,14,14,40
07/18/2010,CNW,TX,ASW,CE,Federal Contract Tower,0,0,6,4,10,0,0,3,0,3,0,0,9,4,13,14,10,24,37
07/19/2010,CNW,TX,ASW,CE,Federal Contract Tower,0,0,16,18,34,0,0,16,1,17,0,0,32,19,51,82,34,116,167
07/20/2010,CNW,TX,ASW,CE,Federal Contract Tower,0,0,17,33,50,0,0,27,1,28,0,0,44,34,78,72,56,128,206
07/21/2010,CNW,TX,ASW,CE,Federal Contract Tower,0,0,16,29,45,0,0,44,0,44,0,0,60,29,89,60,104,164,253
07/22/2010,CNW,TX,ASW,CE,Federal Contract Tower,0,0,17,0,17,0,0,27,0,27,0,0,44,0,44,30,0,30,74
07/23/2010,CNW,TX,ASW,CE,Federal Contract Tower,0,0,11,0,11,0,2,17,1,20,0,2,28,1,31,38,0,38,69
07/24/2010,CNW,TX,ASW,CE,Federal Contract Tower,1,0,7,0,8,0,0,11,0,11,1,0,18,0,19,6,0,6,25
07/25/2010,CNW,TX,ASW,CE,Federal Contract Tower,0,0,0,0,0,0,0,3,0,3,0,0,3,0,3,0,0,0,3
07/26/2010,CNW,TX,ASW,CE,Federal Contract Tower,0,0,4,16,20,0,0,23,0,23,0,0,27,16,43,38,38,76,119
07/27/2010,CNW,TX,ASW,CE,Federal Contract Tower,0,0,20,40,60,0,0,7,4,11,0,0,27,44,71,28,0,28,99
07/28/2010,CNW,TX,ASW,CE,Federal Contract Tower,0,0,27,10,37,0,0,9,0,9,0,0,36,10,46,18,0,18,64
07/29/2010,CNW,TX,ASW,CE,Federal Contract Tower,0,0,13,20,33,0,4,22,2,28,0,4,35,22,61,22,14,36,97
07/30/2010,CNW,TX,ASW,CE,Federal Contract Tower,0,0,8,6,14,0,0,31,3,34,0,0,39,9,48,26,10,36,84
07/31/2010,CNW,TX,ASW,CE,Federal Contract Tower,0,0,10,14,24,0,0,9,1,10,0,0,19,15,34,0,10,10,44
08/01/2010,CNW,TX,ASW,CE,Federal Contract Tower,0,0,6,6,12,0,0,9,0,9,0,0,15,6,21,0,0,0,21
08/02/2010,CNW,TX,ASW,CE,Federal Contract Tower,0,0,5,1,6,0,0,17,0,17,0,0,22,1,23,16,0,16,39
08/03/2010,CNW,TX,ASW,CE,Federal Contract Tower,0,0,29,14,43,0,2,41,2,45,0,2,70,16,88,48,38,86,174
08/04/2010,CNW,TX,ASW,CE,Federal Contract Tower,0,0,17,18,35,0,2,32,0,34,0,2,49,18,69,22,116,138,207
08/05/2010,CNW,TX,ASW,CE,Federal Contract Tower,0,0,25,7,32,0,0,26,4,30,0,0,51,11,62,70,54,124,186
08/06/2010,CNW,TX,ASW,CE,Federal Contract Tower,0,0,7,31,38,0,0,22,4,26,0,0,29,35,64,18,58,76,140
08/07/2010,CNW,TX,ASW,CE,Federal Contract Tower,0,0,4,0,4,0,0,10,2,12,0,0,14,2,16,0,0,0,16
08/08/2010,CNW,TX,ASW,CE,Federal Contract Tower,0,0,1,6,7,0,0,6,0,6,0,0,7,6,13,0,26,26,39
08/09/2010,CNW,TX,ASW,CE,Federal Contract Tower,0,0,4,6,10,0,0,21,2,23,0,0,25,8,33,42,16,58,91
08/10/2010,CNW,TX,ASW,CE,Federal Contract Tower,0,0,8,25,33,0,0,26,0,26,0,0,34,25,59,18,72,90,149
08/11/2010,CNW,TX,ASW,CE,Federal Contract Tower,0,2,11,18,31,0,0,32,0,32,0,2,43,18,63,44,80,124,187
08/12/2010,CNW,TX,ASW,CE,Federal Contract Tower,0,0,23,23,46,0,0,39,2,41,0,0,62,25,87,64,72,136,223
08/13/2010,CNW,TX,ASW,CE,Federal Contract Tower,0,0,18,16,34,0,0,28,0,28,0,0,46,16,62,14,52,66,128
08/14/2010,CNW,TX,ASW,CE,Federal Contract Tower,0,0,8,4,12,0,0,23,0,23,0,0,31,4,35,18,0,18,53
08/15/2010,CNW,TX,ASW,CE,Federal Contract Tower,0,0,4,2,6,0,0,7,2,9,0,0,11,4,15,0,0,0,15
08/16/2010,CNW,TX,ASW,CE,Federal Contract Tower,0,0,9,14,23,0,0,12,0,12,0,0,21,14,35,14,26,40,75
08/17/2010,CNW,TX,ASW,CE,Federal Contract Tower,0,0,14,26,40,0,0,31,0,31,0,0,45,26,71,32,80,112,183
08/18/2010,CNW,TX,ASW,CE,Federal Contract Tower,0,0,30,8,38,0,0,21,0,21,0,0,51,8,59,24,22,46,105
08/19/2010,CNW,TX,ASW,CE,Federal Contract Tower,0,0,20,6,26,0,0,36,0,36,0,0,56,6,62,60,6,66,128
08/20/2010,CNW,TX,ASW,CE,Federal Contract Tower,0,0,16,11,27,0,0,19,0,19,0,0,35,11,46,0,70,70,116
08/21/2010,CNW,TX,ASW,CE,Federal Contract Tower,0,0,4,12,16,0,0,11,0,11,0,0,15,12,27,8,18,26,53
08/22/2010,CNW,TX,ASW,CE,Federal Contract Tower,0,0,0,1,1,0,0,3,1,4,0,0,3,2,5,0,0,0,5
08/23/2010,CNW,TX,ASW,CE,Federal Contract Tower,0,0,11,9,20,0,0,27,3,30,0,0,38,12,50,46,0,46,96
08/24/2010,CNW,TX,ASW,CE,Federal Contract Tower,0,0,13,7,20,0,0,16,1,17,0,0,29,8,37,0,10,10,47
08/25/2010,CNW,TX,ASW,CE,Federal Contract Tower,0,0,5,11,16,0,0,10,4,14,0,0,15,15,30,2,34,36,66
08/26/2010,CNW,TX,ASW,CE,Federal Contract Tower,0,0,4,2,6,0,0,22,0,22,0,0,26,2,28,6,0,6,34
08/27/2010,CNW,TX,ASW,CE,Federal Contract Tower,0,0,8,18,26,0,0,23,1,24,0,0,31,19,50,26,40,66,116
08/28/2010,CNW,TX,ASW,CE,Federal Contract Tower,0,0,0,8,8,0,0,17,0,17,0,0,17,8,25,30,8,38,63
08/29/2010,CNW,TX,ASW,CE,Federal Contract Tower,0,0,6,3,9,0,0,4,1,5,0,0,10,4,14,8,0,8,22
08/30/2010,CNW,TX,ASW,CE,Federal Contract Tower,0,0,11,21,32,0,0,18,4,22,0,0,29,25,54,0,56,56,110
08/31/2010,CNW,TX,ASW,CE,Federal Contract Tower,0,0,11,8,19,0,0,12,3,15,0,0,23,11,34,8,4,12,46
09/01/2010,CNW,TX,ASW,CE,Federal Contract Tower,0,0,12,6,18,0,0,11,0,11,0,0,23,6,29,6,4,10,39
09/02/2010,CNW,TX,ASW,CE,Federal Contract Tower,0,0,2,0,2,0,0,8,0,8,0,0,10,0,10,0,0,0,10
09/03/2010,CNW,TX,ASW,CE,Federal Contract Tower,0,0,8,0,8,0,2,23,0,25,0,2,31,0,33,26,0,26,59
09/04/2010,CNW,TX,ASW,CE,Federal Contract Tower,0,0,5,0,5,0,0,27,0,27,0,0,32,0,32,10,0,10,42
09/05/2010,CNW,TX,ASW,CE,Federal Contract Tower,0,0,0,0,0,0,0,6,0,6,0,0,6,0,6,0,0,0,6
09/06/2010,CNW,TX,ASW,CE,Federal Contract Tower,0,0,2,0,2,0,0,9,0,9,0,0,11,0,11,18,0,18,29
09/07/2010,CNW,TX,ASW,CE,Federal Contract Tower,0,0,2,0,2,0,0,0,0,0,0,0,2,0,2,0,0,0,2
09/08/2010,CNW,TX,ASW,CE,Federal Contract Tower,0,0,1,0,1,0,0,0,0,0,0,0,1,0,1,0,0,0,1
09/09/2010,CNW,TX,ASW,CE,Federal Contract Tower,0,0,6,8,14,0,0,26,1,27,0,0,32,9,41,12,16,28,69
09/10/2010,CNW,TX,ASW,CE,Federal Contract Tower,0,0,6,0,6,0,0,34,2,36,0,0,40,2,42,4,0,4,46
09/11/2010,CNW,TX,ASW,CE,Federal Contract Tower,0,0,8,0,8,0,0,17,2,19,0,0,25,2,27,12,0,12,39
09/12/2010,CNW,TX,ASW,CE,Federal Contract Tower,0,0,1,14,15,0,0,10,0,10,0,0,11,14,25,0,4,4,29
09/13/2010,CNW,TX,ASW,CE,Federal Contract Tower,0,0,10,36,46,0,0,30,4,34,0,0,40,40,80,26,104,130,210
09/14/2010,CNW,TX,ASW,CE,Federal Contract Tower,0,0,19,20,39,0,0,36,1,37,0,0,55,21,76,20,26,46,122
09/15/2010,CNW,TX,ASW,CE,Federal Contract Tower,0,0,21,40,61,0,0,33,2,35,0,0,54,42,96,46,12,58,154
09/16/2010,CNW,TX,ASW,CE,Federal Contract Tower,0,0,21,14,35,0,0,33,8,41,0,0,54,22,76,0,0,0,76
09/17/2010,CNW,TX,ASW,CE,Federal Contract Tower,0,2,16,4,22,0,0,44,8,52,0,2,60,12,74,28,52,80,154
09/18/2010,CNW,TX,ASW,CE,Federal Contract Tower,0,0,8,0,8,0,0,20,0,20,0,0,28,0,28,2,0,2,30
09/19/2010,CNW,TX,ASW,CE,Federal Contract Tower,0,0,1,9,10,0,0,9,0,9,0,0,10,9,19,8,0,8,27
09/20/2010,CNW,TX,ASW,CE,Federal Contract Tower,0,0,11,22,33,0,0,32,0,32,0,0,43,22,65,20,80,100,165
09/21/2010,CNW,TX,ASW,CE,Federal Contract Tower,0,0,5,9,14,0,0,18,2,20,0,0,23,11,34,16,62,78,112
09/22/2010,CNW,TX,ASW,CE,Federal Contract Tower,0,0,3,4,7,0,2,25,0,27,0,2,28,4,34,16,14,30,64
09/23/2010,CNW,TX,ASW,CE,Federal Contract Tower,0,0,10,11,21,0,0,17,0,17,0,0,27,11,38,12,28,40,78
09/24/2010,CNW,TX,ASW,CE,Federal Contract Tower,0,0,5,11,16,0,0,26,5,31,0,0,31,16,47,26,28,54,101
09/25/2010,CNW,TX,ASW,CE,Federal Contract Tower,0,0,2,0,2,0,0,8,2,10,0,0,10,2,12,16,10,26,38
09/26/2010,CNW,TX,ASW,CE,Federal Contract Tower,0,0,1,8,9,0,4,11,0,15,0,4,12,8,24,0,0,0,24
09/27/2010,CNW,TX,ASW,CE,Federal Contract Tower,0,0,8,8,16,0,0,33,1,34,0,0,41,9,50,46,36,82,132
09/28/2010,CNW,TX,ASW,CE,Federal Contract Tower,0,0,18,6,24,0,2,34,4,40,0,2,52,10,64,32,4,36,100
09/29/2010,CNW,TX,ASW,CE,Federal Contract Tower,0,0,5,21,26,0,0,46,0,46,0,0,51,21,72,112,86,198,270
09/30/2010,CNW,TX,ASW,CE,Federal Contract Tower,0,0,8,2,10,0,0,38,0,38,0,0,46,2,48,60,4,64,112
10/01/2010,CNW,TX,ASW,CE,Federal Contract Tower,0,0,11,8,19,0,0,28,0,28,0,0,39,8,47,28,46,74,121
10/02/2010,CNW,TX,ASW,CE,Federal Contract Tower,0,0,1,4,5,0,0,14,0,14,0,0,15,4,19,24,0,24,43
10/03/2010,CNW,TX,ASW,CE,Federal Contract Tower,0,0,0,6,6,0,0,8,0,8,0,0,8,6,14,0,8,8,22
10/04/2010,CNW,TX,ASW,CE,Federal Contract Tower,0,0,15,21,36,0,0,34,1,35,0,0,49,22,71,126,70,196,267
10/05/2010,CNW,TX,ASW,CE,Federal Contract Tower,0,0,5,19,24,0,0,39,1,40,0,0,44,20,64,46,74,120,184
10/06/2010,CNW,TX,ASW,CE,Federal Contract Tower,0,0,5,9,14,0,0,46,0,46,0,0,51,9,60,76,36,112,172
10/07/2010,CNW,TX,ASW,CE,Federal Contract Tower,0,0,10,12,22,0,0,32,3,35,0,0,42,15,57,74,60,134,191
10/08/2010,CNW,TX,ASW,CE,Federal Contract Tower,0,0,6,13,19,0,0,39,0,39,0,0,45,13,58,56,20,76,134
10/09/2010,CNW,TX,ASW,CE,Federal Contract Tower,0,0,3,0,3,0,0,17,0,17,0,0,20,0,20,14,0,14,34
10/10/2010,CNW,TX,ASW,CE,Federal Contract Tower,0,0,6,8,14,0,0,9,0,9,0,0,15,8,23,6,0,6,29
10/11/2010,CNW,TX,ASW,CE,Federal Contract Tower,0,0,1,3,4,0,0,29,1,30,0,0,30,4,34,74,18,92,126
10/12/2010,CNW,TX,ASW,CE,Federal Contract Tower,0,0,9,9,18,0,0,25,0,25,0,0,34,9,43,16,20,36,79
10/13/2010,CNW,TX,ASW,CE,Federal Contract Tower,0,0,11,4,15,0,0,31,0,31,0,0,42,4,46,16,14,30,76
10/14/2010,CNW,TX,ASW,CE,Federal Contract Tower,0,0,4,8,12,0,6,48,2,56,0,6,52,10,68,36,20,56,124
10/15/2010,CNW,TX,ASW,CE,Federal Contract Tower,0,0,2,21,23,0,0,33,0,33,0,0,35,21,56,58,26,84,140
10/16/2010,CNW,TX,ASW,CE,Federal Contract Tower,0,0,0,10,10,0,0,10,0,10,0,0,10,10,20,0,10,10,30
10/17/2010,CNW,TX,ASW,CE,Federal Contract Tower,0,0,4,0,4,0,0,6,0,6,0,0,10,0,10,0,0,0,10
10/18/2010,CNW,TX,ASW,CE,Federal Contract Tower,0,0,3,10,13,0,0,18,0,18,0,0,21,10,31,42,16,58,89
10/19/2010,CNW,TX,ASW,CE,Federal Contract Tower,0,0,19,12,31,0,0,34,0,34,0,0,53,12,65,104,54,158,223
10/20/2010,CNW,TX,ASW,CE,Federal Contract Tower,0,0,11,5,16,0,2,48,2,52,0,2,59,7,68,124,38,162,230
10/21/2010,CNW,TX,ASW,CE,Federal Contract Tower,0,0,2,40,42,0,4,28,0,32,0,4,30,40,74,26,100,126,200
10/22/2010,CNW,TX,ASW,CE,Federal Contract Tower,0,0,4,27,31,0,0,4,10,14,0,0,8,37,45,6,0,6,51
10/23/2010,CNW,TX,ASW,CE,Federal Contract Tower,0,0,0,0,0,0,0,4,2,6,0,0,4,2,6,0,42,42,48
10/24/2010,CNW,TX,ASW,CE,Federal Contract Tower,0,0,2,9,11,0,0,3,0,3,0,0,5,9,14,0,0,0,14
10/25/2010,CNW,TX,ASW,CE,Federal Contract Tower,0,0,1,18,19,0,0,5,3,8,0,0,6,21,27,0,32,32,59
10/26/2010,CNW,TX,ASW,CE,Federal Contract Tower,0,0,8,7,15,0,0,55,0,55,0,0,63,7,70,70,4,74,144
10/27/2010,CNW,TX,ASW,CE,Federal Contract Tower,0,0,15,24,39,0,0,38,0,38,0,0,53,24,77,84,2,86,163
10/28/2010,CNW,TX,ASW,CE,Federal Contract Tower,0,0,3,17,20,0,0,18,1,19,0,0,21,18,39,60,42,102,141
10/29/2010,CNW,TX,ASW,CE,Federal Contract Tower,0,0,2,10,12,0,0,19,0,19,0,0,21,10,31,34,6,40,71
10/30/2010,CNW,TX,ASW,CE,Federal Contract Tower,0,0,0,4,4,0,0,12,0,12,0,0,12,4,16,8,0,8,24
10/31/2010,CNW,TX,ASW,CE,Federal Contract Tower,0,0,0,0,0,0,0,6,0,6,0,0,6,0,6,0,0,0,6
11/01/2010,CNW,TX,ASW,CE,Federal Contract Tower,0,0,12,2,14,0,0,20,0,20,0,0,32,2,34,92,0,92,126
11/02/2010,CNW,TX,ASW,CE,Federal Contract Tower,0,0,5,1,6,0,0,3,0,3,0,0,8,1,9,0,0,0,9
11/03/2010,CNW,TX,ASW,CE,Federal Contract Tower,0,0,11,10,21,0,2,1,2,5,0,2,12,12,26,2,0,2,28
11/04/2010,CNW,TX,ASW,CE,Federal Contract Tower,0,0,0,2,2,0,0,19,0,19,0,0,19,2,21,4,0,4,25
11/05/2010,CNW,TX,ASW,CE,Federal Contract Tower,0,0,4,8,12,0,0,33,2,35,0,0,37,10,47,46,20,66,113
11/06/2010,CNW,TX,ASW,CE,Federal Contract Tower,0,0,5,2,7,0,0,26,0,26,0,0,31,2,33,6,0,6,39
11/07/2010,CNW,TX,ASW,CE,Federal Contract Tower,0,0,0,12,12,0,0,3,0,3,0,0,3,12,15,0,12,12,27
11/08/2010,CNW,TX,ASW,CE,Federal Contract Tower,0,0,20,8,28,0,0,23,3,26,0,0,43,11,54,52,72,124,178
11/09/2010,CNW,TX,ASW,CE,Federal Contract Tower,0,0,8,19,27,0,0,26,1,27,0,0,34,20,54,22,34,56,110
11/10/2010,CNW,TX,ASW,CE,Federal Contract Tower,0,0,0,19,19,0,0,33,0,33,0,0,33,19,52,100,10,110,162
11/11/2010,CNW,TX,ASW,CE,Federal Contract Tower,0,0,16,0,16,0,0,13,1,14,0,0,29,1,30,74,0,74,104
11/12/2010,CNW,TX,ASW,CE,Federal Contract Tower,0,0,4,12,16,0,2,3,1,6,0,2,7,13,22,0,32,32,54
11/13/2010,CNW,TX,ASW,CE,Federal Contract Tower,0,0,1,1,2,0,0,21,1,22,0,0,22,2,24,0,0,0,24
11/14/2010,CNW,TX,ASW,CE,Federal Contract Tower,0,0,4,4,8,0,0,8,0,8,0,0,12,4,16,0,0,0,16
11/15/2010,CNW,TX,ASW,CE,Federal Contract Tower,0,0,9,18,27,0,0,9,0,9,0,0,18,18,36,56,0,56,92
11/16/2010,CNW,TX,ASW,CE,Federal Contract Tower,0,0,10,4,14,0,0,31,0,31,0,0,41,4,45,84,26,110,155
11/17/2010,CNW,TX,ASW,CE,Federal Contract Tower,0,0,6,0,6,0,0,23,2,25,0,0,29,2,31,14,4,18,49
11/18/2010,CNW,TX,ASW,CE,Federal Contract Tower,0,0,5,12,17,0,4,32,3,39,0,4,37,15,56,60,36,96,152
11/19/2010,CNW,TX,ASW,CE,Federal Contract Tower,0,0,5,12,17,0,0,26,0,26,0,0,31,12,43,58,34,92,135
11/20/2010,CNW,TX,ASW,CE,Federal Contract Tower,0,0,4,16,20,0,0,16,0,16,0,0,20,16,36,26,4,30,66
11/21/2010,CNW,TX,ASW,CE,Federal Contract Tower,0,0,3,0,3,0,0,3,0,3,0,0,6,0,6,0,0,0,6
11/22/2010,CNW,TX,ASW,CE,Federal Contract Tower,0,0,6,12,18,0,0,19,1,20,0,0,25,13,38,50,30,80,118
11/23/2010,CNW,TX,ASW,CE,Federal Contract Tower,0,1,8,0,9,0,0,28,0,28,0,1,36,0,37,70,0,70,107
11/24/2010,CNW,TX,ASW,CE,Federal Contract Tower,0,0,5,9,14,0,0,8,1,9,0,0,13,10,23,6,14,20,43
11/25/2010,CNW,TX,ASW,CE,Federal Contract Tower,0,0,0,0,0,0,0,0,0,0,0,0,0,0,0,0,0,0,0
11/26/2010,CNW,TX,ASW,CE,Federal Contract Tower,0,0,3,0,3,0,0,1,0,1,0,0,4,0,4,0,0,0,4
11/27/2010,CNW,TX,ASW,CE,Federal Contract Tower,0,2,0,0,2,0,0,8,0,8,0,2,8,0,10,0,0,0,10
11/28/2010,CNW,TX,ASW,CE,Federal Contract Tower,0,0,0,0,0,0,0,7,0,7,0,0,7,0,7,0,0,0,7
11/29/2010,CNW,TX,ASW,CE,Federal Contract Tower,0,0,0,3,3,0,0,20,2,22,0,0,20,5,25,50,36,86,111
11/30/2010,CNW,TX,ASW,CE,Federal Contract Tower,0,0,10,15,25,0,0,19,5,24,0,0,29,20,49,18,50,68,117
12/01/2010,CNW,TX,ASW,CE,Federal Contract Tower,0,0,14,10,24,0,0,43,1,44,0,0,57,11,68,104,10,114,182
12/02/2010,CNW,TX,ASW,CE,Federal Contract Tower,0,0,20,7,27,0,0,49,1,50,0,0,69,8,77,108,18,126,203
12/03/2010,CNW,TX,ASW,CE,Federal Contract Tower,0,0,9,0,9,0,0,29,0,29,0,0,38,0,38,78,0,78,116
12/04/2010,CNW,TX,ASW,CE,Federal Contract Tower,0,0,4,0,4,0,0,27,4,31,0,0,31,4,35,16,2,18,53
12/05/2010,CNW,TX,ASW,CE,Federal Contract Tower,0,0,0,0,0,0,0,12,0,12,0,0,12,0,12,40,0,40,52
12/06/2010,CNW,TX,ASW,CE,Federal Contract Tower,0,0,3,11,14,0,0,27,2,29,0,0,30,13,43,94,40,134,177
12/07/2010,CNW,TX,ASW,CE,Federal Contract Tower,0,0,7,2,9,0,0,32,0,32,0,0,39,2,41,56,14,70,111
12/08/2010,CNW,TX,ASW,CE,Federal Contract Tower,0,0,15,0,15,0,0,30,0,30,0,0,45,0,45,144,0,144,189
12/09/2010,CNW,TX,ASW,CE,Federal Contract Tower,0,0,11,34,45,0,0,33,0,33,0,0,44,34,78,28,86,114,192
12/10/2010,CNW,TX,ASW,CE,Federal Contract Tower,0,0,10,3,13,0,0,29,1,30,0,0,39,4,43,50,42,92,135
12/11/2010,CNW,TX,ASW,CE,Federal Contract Tower,0,0,0,2,2,0,0,9,0,9,0,0,9,2,11,2,0,2,13
12/12/2010,CNW,TX,ASW,CE,Federal Contract Tower,0,0,0,0,0,0,0,6,0,6,0,0,6,0,6,2,0,2,8
12/13/2010,CNW,TX,ASW,CE,Federal Contract Tower,0,0,16,4,20,0,0,28,2,30,0,0,44,6,50,74,0,74,124
12/14/2010,CNW,TX,ASW,CE,Federal Contract Tower,0,0,4,10,14,0,0,38,2,40,0,0,42,12,54,72,52,124,178
12/15/2010,CNW,TX,ASW,CE,Federal Contract Tower,0,0,4,14,18,0,0,20,2,22,0,0,24,16,40,14,24,38,78
12/16/2010,CNW,TX,ASW,CE,Federal Contract Tower,0,0,2,8,10,0,0,27,3,30,0,0,29,11,40,40,14,54,94
12/17/2010,CNW,TX,ASW,CE,Federal Contract Tower,0,0,2,18,20,0,2,11,4,17,0,2,13,22,37,16,30,46,83
12/18/2010,CNW,TX,ASW,CE,Federal Contract Tower,0,0,6,4,10,0,0,38,10,48,0,0,44,14,58,98,4,102,160
12/19/2010,CNW,TX,ASW,CE,Federal Contract Tower,0,0,8,6,14,0,0,9,2,11,0,0,17,8,25,4,8,12,37
12/20/2010,CNW,TX,ASW,CE,Federal Contract Tower,0,0,2,2,4,0,0,17,0,17,0,0,19,2,21,38,0,38,59
12/21/2010,CNW,TX,ASW,CE,Federal Contract Tower,0,0,12,24,36,0,0,27,0,27,0,0,39,24,63,18,14,32,95
12/22/2010,CNW,TX,ASW,CE,Federal Contract Tower,0,2,9,11,22,0,0,17,1,18,0,2,26,12,40,54,4,58,98
12/23/2010,CNW,TX,ASW,CE,Federal Contract Tower,0,0,7,2,9,0,0,12,0,12,0,0,19,2,21,16,38,54,75
12/24/2010,CNW,TX,ASW,CE,Federal Contract Tower,0,0,0,0,0,0,0,0,0,0,0,0,0,0,0,0,0,0,0
12/25/2010,CNW,TX,ASW,CE,Federal Contract Tower,0,0,3,0,3,0,0,3,0,3,0,0,6,0,6,0,0,0,6
12/26/2010,CNW,TX,ASW,CE,Federal Contract Tower,0,0,0,0,0,0,0,13,0,13,0,0,13,0,13,0,0,0,13
12/27/2010,CNW,TX,ASW,CE,Federal Contract Tower,0,0,2,0,2,0,0,19,0,19,0,0,21,0,21,36,0,36,57
12/28/2010,CNW,TX,ASW,CE,Federal Contract Tower,0,0,0,0,0,0,0,0,0,0,0,0,0,0,0,0,0,0,0
12/29/2010,CNW,TX,ASW,CE,Federal Contract Tower,0,0,5,1,6,0,0,0,2,2,0,0,5,3,8,0,0,0,8
12/30/2010,CNW,TX,ASW,CE,Federal Contract Tower,0,0,7,0,7,0,0,4,0,4,0,0,11,0,11,0,0,0,11
12/31/2010,CNW,TX,ASW,CE,Federal Contract Tower,0,0,0,0,0,0,0,2,2,4,0,0,2,2,4,0,6,6,10
01/01/2011,CNW,TX,ASW,CE,Federal Contract Tower,0,0,0,0,0,0,0,4,0,4,0,0,4,0,4,6,0,6,10
01/02/2011,CNW,TX,ASW,CE,Federal Contract Tower,0,0,0,0,0,0,0,4,0,4,0,0,4,0,4,6,0,6,10
01/03/2011,CNW,TX,ASW,CE,Federal Contract Tower,0,0,2,2,4,0,0,14,0,14,0,0,16,2,18,12,0,12,30
01/04/2011,CNW,TX,ASW,CE,Federal Contract Tower,0,0,13,2,15,0,0,9,4,13,0,0,22,6,28,20,8,28,56
01/05/2011,CNW,TX,ASW,CE,Federal Contract Tower,0,0,5,8,13,0,0,22,0,22,0,0,27,8,35,58,24,82,117
01/06/2011,CNW,TX,ASW,CE,Federal Contract Tower,0,0,11,16,27,0,0,31,0,31,0,0,42,16,58,54,12,66,124
01/07/2011,CNW,TX,ASW,CE,Federal Contract Tower,0,0,5,11,16,0,0,22,1,23,0,0,27,12,39,22,38,60,99
01/08/2011,CNW,TX,ASW,CE,Federal Contract Tower,0,0,0,0,0,0,0,16,0,16,0,0,16,0,16,26,0,26,42
01/09/2011,CNW,TX,ASW,CE,Federal Contract Tower,0,0,0,0,0,0,0,0,0,0,0,0,0,0,0,0,0,0,0
01/10/2011,CNW,TX,ASW,CE,Federal Contract Tower,0,0,0,6,6,0,0,0,0,0,0,0,0,6,6,0,10,10,16
01/11/2011,CNW,TX,ASW,CE,Federal Contract Tower,0,0,10,4,14,0,0,28,2,30,0,0,38,6,44,46,0,46,90
01/12/2011,CNW,TX,ASW,CE,Federal Contract Tower,0,0,8,15,23,0,0,44,1,45,0,0,52,16,68,92,42,134,202
01/13/2011,CNW,TX,ASW,CE,Federal Contract Tower,0,0,11,30,41,0,2,32,2,36,0,2,43,32,77,62,68,130,207
01/14/2011,CNW,TX,ASW,CE,Federal Contract Tower,0,0,3,39,42,0,0,23,2,25,0,0,26,41,67,66,34,100,167
01/15/2011,CNW,TX,ASW,CE,Federal Contract Tower,0,0,0,0,0,0,0,0,0,0,0,0,0,0,0,0,0,0,0
01/16/2011,CNW,TX,ASW,CE,Federal Contract Tower,0,0,2,0,2,0,0,0,0,0,0,0,2,0,2,0,0,0,2
01/17/2011,CNW,TX,ASW,CE,Federal Contract Tower,0,0,5,0,5,0,0,2,0,2,0,0,7,0,7,0,0,0,7
01/18/2011,CNW,TX,ASW,CE,Federal Contract Tower,0,0,2,18,20,0,0,18,0,18,0,0,20,18,38,14,0,14,52
01/19/2011,CNW,TX,ASW,CE,Federal Contract Tower,0,0,0,30,30,0,0,49,1,50,0,0,49,31,80,110,18,128,208
01/20/2011,CNW,TX,ASW,CE,Federal Contract Tower,0,0,0,9,9,0,0,0,0,0,0,0,0,9,9,0,0,0,9
01/21/2011,CNW,TX,ASW,CE,Federal Contract Tower,0,0,4,17,21,0,0,39,1,40,0,0,43,18,61,90,38,128,189
01/22/2011,CNW,TX,ASW,CE,Federal Contract Tower,0,0,0,0,0,0,0,14,0,14,0,0,14,0,14,0,0,0,14
01/23/2011,CNW,TX,ASW,CE,Federal Contract Tower,0,0,0,0,0,0,0,8,0,8,0,0,8,0,8,4,0,4,12
01/24/2011,CNW,TX,ASW,CE,Federal Contract Tower,0,0,3,8,11,0,0,36,0,36,0,0,39,8,47,60,30,90,137
01/25/2011,CNW,TX,ASW,CE,Federal Contract Tower,0,0,10,27,37,0,0,32,2,34,0,0,42,29,71,60,68,128,199
01/26/2011,CNW,TX,ASW,CE,Federal Contract Tower,0,0,3,6,9,0,0,43,0,43,0,0,46,6,52,148,6,154,206
01/27/2011,CNW,TX,ASW,CE,Federal Contract Tower,0,0,8,6,14,0,0,49,1,50,0,0,57,7,64,88,6,94,158
01/28/2011,CNW,TX,ASW,CE,Federal Contract Tower,0,0,10,11,21,0,0,41,0,41,0,0,51,11,62,54,36,90,152
01/29/2011,CNW,TX,ASW,CE,Federal Contract Tower,0,0,2,6,8,0,0,20,1,21,0,0,22,7,29,14,0,14,43
01/30/2011,CNW,TX,ASW,CE,Federal Contract Tower,0,0,1,8,9,0,0,8,0,8,0,0,9,8,17,4,8,12,29
01/31/2011,CNW,TX,ASW,CE,Federal Contract Tower,0,0,8,8,16,0,0,0,0,0,0,0,8,8,16,0,0,0,16
02/01/2011,CNW,TX,ASW,CE,Federal Contract Tower,0,0,0,0,0,0,0,2,0,2,0,0,2,0,2,0,0,0,2
02/02/2011,CNW,TX,ASW,CE,Federal Contract Tower,0,0,0,3,3,0,0,9,2,11,0,0,9,5,14,10,8,18,32
02/03/2011,CNW,TX,ASW,CE,Federal Contract Tower,0,0,2,33,35,0,0,19,0,19,0,0,21,33,54,6,124,130,184
02/04/2011,CNW,TX,ASW,CE,Federal Contract Tower,0,0,0,0,0,0,0,3,0,3,0,0,3,0,3,0,0,0,3
02/05/2011,CNW,TX,ASW,CE,Federal Contract Tower,0,0,0,2,2,0,0,16,3,19,0,0,16,5,21,0,0,0,21
02/06/2011,CNW,TX,ASW,CE,Federal Contract Tower,0,0,4,3,7,0,0,5,0,5,0,0,9,3,12,0,0,0,12
02/07/2011,CNW,TX,ASW,CE,Federal Contract Tower,0,0,3,31,34,0,4,30,1,35,0,4,33,32,69,38,66,104,173
02/08/2011,CNW,TX,ASW,CE,Federal Contract Tower,0,0,6,27,33,0,0,29,0,29,0,0,35,27,62,50,78,128,190
02/09/2011,CNW,TX,ASW,CE,Federal Contract Tower,0,0,2,0,2,0,0,0,0,0,0,0,2,0,2,0,0,0,2
02/10/2011,CNW,TX,ASW,CE,Federal Contract Tower,0,0,5,22,27,0,0,33,0,33,0,0,38,22,60,84,56,140,200
02/11/2011,CNW,TX,ASW,CE,Federal Contract Tower,0,0,18,8,26,0,0,35,5,40,0,0,53,13,66,50,16,66,132
02/12/2011,CNW,TX,ASW,CE,Federal Contract Tower,0,0,2,7,9,0,0,28,0,28,0,0,30,7,37,30,0,30,67
02/13/2011,CNW,TX,ASW,CE,Federal Contract Tower,0,0,0,29,29,0,0,16,0,16,0,0,16,29,45,10,2,12,57
02/14/2011,CNW,TX,ASW,CE,Federal Contract Tower,0,0,5,10,15,0,0,10,1,11,0,0,15,11,26,66,0,66,92
02/15/2011,CNW,TX,ASW,CE,Federal Contract Tower,0,0,8,8,16,0,0,17,1,18,0,0,25,9,34,52,0,52,86
02/16/2011,CNW,TX,ASW,CE,Federal Contract Tower,0,0,21,7,28,0,0,29,0,29,0,0,50,7,57,46,0,46,103
02/17/2011,CNW,TX,ASW,CE,Federal Contract Tower,0,0,5,15,20,0,0,28,0,28,0,0,33,15,48,94,90,184,232
02/18/2011,CNW,TX,ASW,CE,Federal Contract Tower,0,0,6,4,10,0,2,22,0,24,0,2,28,4,34,78,8,86,120
02/19/2011,CNW,TX,ASW,CE,Federal Contract Tower,0,0,10,1,11,0,0,14,1,15,0,0,24,2,26,2,2,4,30
02/20/2011,CNW,TX,ASW,CE,Federal Contract Tower,0,0,0,0,0,0,0,2,0,2,0,0,2,0,2,0,0,0,2
02/21/2011,CNW,TX,ASW,CE,Federal Contract Tower,0,0,4,0,4,0,0,28,0,28,0,0,32,0,32,58,0,58,90
02/22/2011,CNW,TX,ASW,CE,Federal Contract Tower,0,0,9,7,16,0,0,31,0,31,0,0,40,7,47,20,20,40,87
02/23/2011,CNW,TX,ASW,CE,Federal Contract Tower,0,0,4,0,4,0,0,0,0,0,0,0,4,0,4,0,0,0,4
02/24/2011,CNW,TX,ASW,CE,Federal Contract Tower,0,0,4,1,5,0,0,13,2,15,0,0,17,3,20,20,0,20,40
02/25/2011,CNW,TX,ASW,CE,Federal Contract Tower,0,0,6,17,23,0,0,34,0,34,0,0,40,17,57,80,54,134,191
02/26/2011,CNW,TX,ASW,CE,Federal Contract Tower,0,0,11,4,15,0,0,4,0,4,0,0,15,4,19,10,0,10,29
02/27/2011,CNW,TX,ASW,CE,Federal Contract Tower,0,0,0,0,0,0,0,4,0,4,0,0,4,0,4,4,0,4,8
02/28/2011,CNW,TX,ASW,CE,Federal Contract Tower,0,0,4,8,12,0,0,28,0,28,0,0,32,8,40,10,24,34,74
03/01/2011,CNW,TX,ASW,CE,Federal Contract Tower,0,0,9,32,41,0,0,57,3,60,0,0,66,35,101,54,86,140,241
03/02/2011,CNW,TX,ASW,CE,Federal Contract Tower,0,0,8,25,33,0,0,46,9,55,0,0,54,34,88,54,52,106,194
03/03/2011,CNW,TX,ASW,CE,Federal Contract Tower,0,0,4,15,19,0,0,55,1,56,0,0,59,16,75,56,50,106,181
03/04/2011,CNW,TX,ASW,CE,Federal Contract Tower,0,0,5,35,40,0,0,14,0,14,0,0,19,35,54,66,0,66,120
03/05/2011,CNW,TX,ASW,CE,Federal Contract Tower,0,0,4,0,4,0,0,2,0,2,0,0,6,0,6,0,0,0,6
03/06/2011,CNW,TX,ASW,CE,Federal Contract Tower,0,0,5,0,5,0,0,7,0,7,0,0,12,0,12,0,0,0,12
03/07/2011,CNW,TX,ASW,CE,Federal Contract Tower,0,0,6,6,12,0,0,13,0,13,0,0,19,6,25,4,0,4,29
03/08/2011,CNW,TX,ASW,CE,Federal Contract Tower,0,0,4,7,11,0,0,12,1,13,0,0,16,8,24,10,0,10,34
03/09/2011,CNW,TX,ASW,CE,Federal Contract Tower,0,0,4,23,27,0,0,27,12,39,0,0,31,35,66,26,68,94,160
03/10/2011,CNW,TX,ASW,CE,Federal Contract Tower,0,0,4,9,13,0,0,43,0,43,0,0,47,9,56,74,2,76,132
03/11/2011,CNW,TX,ASW,CE,Federal Contract Tower,0,0,4,13,17,0,0,25,0,25,0,0,29,13,42,38,18,56,98
03/12/2011,CNW,TX,ASW,CE,Federal Contract Tower,0,0,2,0,2,0,0,4,0,4,0,0,6,0,6,0,0,0,6
03/13/2011,CNW,TX,ASW,CE,Federal Contract Tower,0,0,0,2,2,0,0,3,0,3,0,0,3,2,5,0,0,0,5
03/14/2011,CNW,TX,ASW,CE,Federal Contract Tower,0,0,4,10,14,0,0,28,0,28,0,0,32,10,42,48,42,90,132
03/15/2011,CNW,TX,ASW,CE,Federal Contract Tower,0,0,10,18,28,0,0,43,0,43,0,0,53,18,71,102,30,132,203
03/16/2011,CNW,TX,ASW,CE,Federal Contract Tower,0,0,7,33,40,0,0,17,1,18,0,0,24,34,58,58,0,58,116
03/17/2011,CNW,TX,ASW,CE,Federal Contract Tower,0,0,1,22,23,0,0,15,0,15,0,0,16,22,38,26,76,102,140
03/18/2011,CNW,TX,ASW,CE,Federal Contract Tower,0,0,8,5,13,0,2,22,0,24,0,2,30,5,37,28,0,28,65
03/19/2011,CNW,TX,ASW,CE,Federal Contract Tower,0,0,1,4,5,0,0,8,0,8,0,0,9,4,13,2,0,2,15
03/20/2011,CNW,TX,ASW,CE,Federal Contract Tower,0,0,2,0,2,0,0,1,9,10,0,0,3,9,12,0,0,0,12
03/21/2011,CNW,TX,ASW,CE,Federal Contract Tower,0,0,18,12,30,0,0,21,0,21,0,0,39,12,51,32,60,92,143
03/22/2011,CNW,TX,ASW,CE,Federal Contract Tower,0,0,1,17,18,0,0,21,1,22,0,0,22,18,40,58,68,126,166
03/23/2011,CNW,TX,ASW,CE,Federal Contract Tower,0,0,10,11,21,0,0,51,1,52,0,0,61,12,73,58,36,94,167
03/24/2011,CNW,TX,ASW,CE,Federal Contract Tower,0,0,7,11,18,0,0,47,0,47,0,0,54,11,65,42,74,116,181
03/25/2011,CNW,TX,ASW,CE,Federal Contract Tower,0,0,13,6,19,0,2,20,0,22,0,2,33,6,41,54,14,68,109
03/26/2011,CNW,TX,ASW,CE,Federal Contract Tower,0,0,9,2,11,0,0,24,0,24,0,0,33,2,35,6,0,6,41
03/27/2011,CNW,TX,ASW,CE,Federal Contract Tower,0,0,2,0,2,0,0,0,0,0,0,0,2,0,2,0,0,0,2
03/28/2011,CNW,TX,ASW,CE,Federal Contract Tower,0,0,14,10,24,0,0,31,0,31,0,0,45,10,55,104,16,120,175
03/29/2011,CNW,TX,ASW,CE,Federal Contract Tower,0,0,26,5,31,0,0,9,0,9,0,0,35,5,40,74,0,74,114
03/30/2011,CNW,TX,ASW,CE,Federal Contract Tower,0,0,15,20,35,0,0,28,0,28,0,0,43,20,63,72,0,72,135
03/31/2011,CNW,TX,ASW,CE,Federal Contract Tower,0,0,10,16,26,0,0,76,0,76,0,0,86,16,102,148,44,192,294
04/01/2011,CNW,TX,ASW,CE,Federal Contract Tower,0,0,11,12,23,0,0,35,1,36,0,0,46,13,59,70,30,100,159
04/02/2011,CNW,TX,ASW,CE,Federal Contract Tower,0,0,2,0,2,0,0,1,0,1,0,0,3,0,3,0,0,0,3
04/03/2011,CNW,TX,ASW,CE,Federal Contract Tower,0,0,0,0,0,0,0,0,0,0,0,0,0,0,0,0,0,0,0
04/04/2011,CNW,TX,ASW,CE,Federal Contract Tower,0,0,1,2,3,0,0,7,0,7,0,0,8,2,10,10,20,30,40
04/05/2011,CNW,TX,ASW,CE,Federal Contract Tower,0,0,9,7,16,0,0,50,0,50,0,0,59,7,66,86,32,118,184
04/06/2011,CNW,TX,ASW,CE,Federal Contract Tower,0,0,10,30,40,0,0,20,0,20,0,0,30,30,60,10,34,44,104
04/07/2011,CNW,TX,ASW,CE,Federal Contract Tower,0,0,9,36,45,0,0,16,0,16,0,0,25,36,61,70,0,70,131
04/08/2011,CNW,TX,ASW,CE,Federal Contract Tower,0,0,3,12,15,0,0,27,0,27,0,0,30,12,42,40,10,50,92
04/09/2011,CNW,TX,ASW,CE,Federal Contract Tower,0,0,0,0,0,0,0,7,0,7,0,0,7,0,7,44,0,44,51
04/10/2011,CNW,TX,ASW,CE,Federal Contract Tower,0,0,0,6,6,0,0,11,0,11,0,0,11,6,17,0,0,0,17
04/11/2011,CNW,TX,ASW,CE,Federal Contract Tower,0,0,5,27,32,0,0,31,1,32,0,0,36,28,64,14,62,76,140
04/12/2011,CNW,TX,ASW,CE,Federal Contract Tower,0,0,9,25,34,0,0,68,4,72,0,0,77,29,106,168,74,242,348
04/13/2011,CNW,TX,ASW,CE,Federal Contract Tower,0,0,10,16,26,0,0,56,0,56,0,0,66,16,82,92,36,128,210
04/14/2011,CNW,TX,ASW,CE,Federal Contract Tower,0,0,13,24,37,0,0,23,0,23,0,0,36,24,60,36,54,90,150
04/15/2011,CNW,TX,ASW,CE,Federal Contract Tower,0,0,2,16,18,0,0,15,0,15,0,0,17,16,33,6,66,72,105
04/16/2011,CNW,TX,ASW,CE,Federal Contract Tower,0,0,2,0,2,0,0,10,0,10,0,0,12,0,12,12,0,12,24
04/17/2011,CNW,TX,ASW,CE,Federal Contract Tower,0,0,5,6,11,0,0,0,0,0,0,0,5,6,11,0,0,0,11
04/18/2011,CNW,TX,ASW,CE,Federal Contract Tower,0,0,17,6,23,0,0,24,0,24,0,0,41,6,47,20,10,30,77
04/19/2011,CNW,TX,ASW,CE,Federal Contract Tower,0,0,8,19,27,0,2,20,3,25,0,2,28,22,52,14,76,90,142
04/20/2011,CNW,TX,ASW,CE,Federal Contract Tower,0,0,18,2,20,0,0,14,0,14,0,0,32,2,34,60,24,84,118
04/21/2011,CNW,TX,ASW,CE,Federal Contract Tower,0,0,4,6,10,0,0,13,0,13,0,0,17,6,23,0,0,0,23
04/22/2011,CNW,TX,ASW,CE,Federal Contract Tower,0,0,6,9,15,0,0,14,0,14,0,0,20,9,29,0,52,52,81
04/23/2011,CNW,TX,ASW,CE,Federal Contract Tower,0,0,1,1,2,0,0,4,0,4,0,0,5,1,6,0,0,0,6
04/24/2011,CNW,TX,ASW,CE,Federal Contract Tower,0,0,1,1,2,0,0,11,0,11,0,0,12,1,13,8,0,8,21
04/25/2011,CNW,TX,ASW,CE,Federal Contract Tower,0,0,3,4,7,0,0,8,0,8,0,0,11,4,15,2,14,16,31
04/26/2011,CNW,TX,ASW,CE,Federal Contract Tower,0,0,7,27,34,0,0,30,0,30,0,0,37,27,64,20,48,68,132
04/27/2011,CNW,TX,ASW,CE,Federal Contract Tower,0,0,10,10,20,0,0,25,0,25,0,0,35,10,45,2,32,34,79
04/28/2011,CNW,TX,ASW,CE,Federal Contract Tower,0,0,17,16,33,0,2,63,1,66,0,2,80,17,99,64,20,84,183
04/29/2011,CNW,TX,ASW,CE,Federal Contract Tower,2,0,2,13,17,0,0,37,2,39,2,0,39,15,56,16,22,38,94
04/30/2011,CNW,TX,ASW,CE,Federal Contract Tower,0,0,3,0,3,0,0,11,0,11,0,0,14,0,14,0,0,0,14
05/01/2011,CNW,TX,ASW,CE,Federal Contract Tower,0,0,0,0,0,0,0,4,0,4,0,0,4,0,4,0,0,0,4
05/02/2011,CNW,TX,ASW,CE,Federal Contract Tower,0,0,0,1,1,0,0,0,0,0,0,0,0,1,1,0,0,0,1
05/03/2011,CNW,TX,ASW,CE,Federal Contract Tower,0,0,16,0,16,0,1,37,0,38,0,1,53,0,54,54,0,54,108
05/04/2011,CNW,TX,ASW,CE,Federal Contract Tower,0,0,13,8,21,0,0,49,1,50,0,0,62,9,71,40,12,52,123
05/05/2011,CNW,TX,ASW,CE,Federal Contract Tower,0,0,8,0,8,0,0,49,0,49,0,0,57,0,57,72,0,72,129
05/06/2011,CNW,TX,ASW,CE,Federal Contract Tower,2,0,3,2,7,0,0,46,0,46,2,0,49,2,53,18,24,42,95
05/07/2011,CNW,TX,ASW,CE,Federal Contract Tower,0,0,2,0,2,0,0,19,0,19,0,0,21,0,21,0,0,0,21
05/08/2011,CNW,TX,ASW,CE,Federal Contract Tower,0,0,0,0,0,0,0,4,0,4,0,0,4,0,4,0,0,0,4
05/09/2011,CNW,TX,ASW,CE,Federal Contract Tower,0,0,2,6,8,0,0,26,1,27,0,0,28,7,35,18,0,18,53
05/10/2011,CNW,TX,ASW,CE,Federal Contract Tower,0,0,13,41,54,0,2,30,1,33,0,2,43,42,87,64,4,68,155
05/11/2011,CNW,TX,ASW,CE,Federal Contract Tower,0,0,7,35,42,0,0,7,0,7,0,0,14,35,49,16,52,68,117
05/12/2011,CNW,TX,ASW,CE,Federal Contract Tower,0,0,4,0,4,0,2,8,0,10,0,2,12,0,14,10,0,10,24
05/13/2011,CNW,TX,ASW,CE,Federal Contract Tower,0,0,12,0,12,0,0,43,0,43,0,0,55,0,55,28,0,28,83
05/14/2011,CNW,TX,ASW,CE,Federal Contract Tower,0,0,2,0,2,0,0,26,0,26,0,0,28,0,28,0,0,0,28
05/15/2011,CNW,TX,ASW,CE,Federal Contract Tower,0,0,6,0,6,0,0,10,0,10,0,0,16,0,16,0,0,0,16
05/16/2011,CNW,TX,ASW,CE,Federal Contract Tower,0,0,2,2,4,0,0,41,0,41,0,0,43,2,45,58,36,94,139
05/17/2011,CNW,TX,ASW,CE,Federal Contract Tower,0,0,16,8,24,0,0,42,4,46,0,0,58,12,70,64,48,112,182
05/18/2011,CNW,TX,ASW,CE,Federal Contract Tower,0,0,12,26,38,0,0,27,0,27,0,0,39,26,65,78,38,116,181
05/19/2011,CNW,TX,ASW,CE,Federal Contract Tower,0,0,2,16,18,0,0,16,0,16,0,0,18,16,34,36,38,74,108
05/20/2011,CNW,TX,ASW,CE,Federal Contract Tower,0,0,1,13,14,0,0,5,1,6,0,0,6,14,20,14,38,52,72
05/21/2011,CNW,TX,ASW,CE,Federal Contract Tower,0,0,2,0,2,0,2,1,0,3,0,2,3,0,5,0,0,0,5
05/22/2011,CNW,TX,ASW,CE,Federal Contract Tower,0,0,3,0,3,0,0,2,0,2,0,0,5,0,5,0,0,0,5
05/23/2011,CNW,TX,ASW,CE,Federal Contract Tower,0,0,9,14,23,0,0,12,2,14,0,0,21,16,37,32,12,44,81
05/24/2011,CNW,TX,ASW,CE,Federal Contract Tower,0,0,8,9,17,0,0,30,5,35,0,0,38,14,52,24,16,40,92
05/25/2011,CNW,TX,ASW,CE,Federal Contract Tower,0,0,6,8,14,0,0,30,2,32,0,0,36,10,46,44,28,72,118
05/26/2011,CNW,TX,ASW,CE,Federal Contract Tower,0,0,4,4,8,0,2,35,0,37,0,2,39,4,45,40,0,40,85
05/27/2011,CNW,TX,ASW,CE,Federal Contract Tower,0,0,1,27,28,0,0,25,0,25,0,0,26,27,53,18,44,62,115
05/28/2011,CNW,TX,ASW,CE,Federal Contract Tower,0,0,0,0,0,0,0,2,0,2,0,0,2,0,2,0,0,0,2
05/29/2011,CNW,TX,ASW,CE,Federal Contract Tower,0,0,0,0,0,0,0,8,0,8,0,0,8,0,8,2,0,2,10
05/30/2011,CNW,TX,ASW,CE,Federal Contract Tower,0,0,2,0,2,0,0,2,0,2,0,0,4,0,4,0,0,0,4
05/31/2011,CNW,TX,ASW,CE,Federal Contract Tower,0,0,12,4,16,0,0,37,0,37,0,0,49,4,53,44,8,52,105
06/01/2011,CNW,TX,ASW,CE,Federal Contract Tower,0,0,7,36,43,0,0,28,1,29,0,0,35,37,72,78,96,174,246
06/02/2011,CNW,TX,ASW,CE,Federal Contract Tower,0,0,12,20,32,0,0,43,2,45,0,0,55,22,77,42,74,116,193
06/03/2011,CNW,TX,ASW,CE,Federal Contract Tower,0,0,4,8,12,0,0,31,2,33,0,0,35,10,45,24,24,48,93
06/04/2011,CNW,TX,ASW,CE,Federal Contract Tower,0,0,2,0,2,0,0,17,2,19,0,0,19,2,21,6,0,6,27
06/05/2011,CNW,TX,ASW,CE,Federal Contract Tower,0,0,0,0,0,0,0,7,0,7,0,0,7,0,7,4,0,4,11
06/06/2011,CNW,TX,ASW,CE,Federal Contract Tower,0,0,8,20,28,0,0,24,0,24,0,0,32,20,52,8,70,78,130
06/07/2011,CNW,TX,ASW,CE,Federal Contract Tower,0,0,5,2,7,0,0,40,0,40,0,0,45,2,47,58,36,94,141
06/08/2011,CNW,TX,ASW,CE,Federal Contract Tower,0,0,6,34,40,0,0,26,0,26,0,0,32,34,66,18,58,76,142
06/09/2011,CNW,TX,ASW,CE,Federal Contract Tower,0,0,12,10,22,0,0,31,0,31,0,0,43,10,53,4,40,44,97
06/10/2011,CNW,TX,ASW,CE,Federal Contract Tower,0,0,4,24,28,0,0,24,0,24,0,0,28,24,52,20,34,54,106
06/11/2011,CNW,TX,ASW,CE,Federal Contract Tower,0,0,4,0,4,0,0,4,0,4,0,0,8,0,8,4,0,4,12
06/12/2011,CNW,TX,ASW,CE,Federal Contract Tower,0,0,2,8,10,0,0,5,3,8,0,0,7,11,18,0,36,36,54
06/13/2011,CNW,TX,ASW,CE,Federal Contract Tower,0,0,9,9,18,0,0,14,0,14,0,0,23,9,32,8,20,28,60
06/14/2011,CNW,TX,ASW,CE,Federal Contract Tower,0,0,3,18,21,0,0,37,0,37,0,0,40,18,58,66,54,120,178
06/15/2011,CNW,TX,ASW,CE,Federal Contract Tower,0,0,9,22,31,0,0,25,4,29,0,0,34,26,60,26,148,174,234
06/16/2011,CNW,TX,ASW,CE,Federal Contract Tower,0,0,6,53,59,0,0,25,0,25,0,0,31,53,84,20,92,112,196
06/17/2011,CNW,TX,ASW,CE,Federal Contract Tower,0,0,2,14,16,0,0,43,0,43,0,0,45,14,59,16,44,60,119
06/18/2011,CNW,TX,ASW,CE,Federal Contract Tower,0,0,0,4,4,0,0,2,0,2,0,0,2,4,6,10,0,10,16
06/19/2011,CNW,TX,ASW,CE,Federal Contract Tower,0,0,0,0,0,0,0,7,0,7,0,0,7,0,7,0,0,0,7
06/20/2011,CNW,TX,ASW,CE,Federal Contract Tower,0,0,7,3,10,0,0,8,2,10,0,0,15,5,20,0,0,0,20
06/21/2011,CNW,TX,ASW,CE,Federal Contract Tower,0,0,9,31,40,0,0,21,0,21,0,0,30,31,61,56,60,116,177
06/22/2011,CNW,TX,ASW,CE,Federal Contract Tower,0,0,7,10,17,0,0,30,0,30,0,0,37,10,47,76,0,76,123
06/23/2011,CNW,TX,ASW,CE,Federal Contract Tower,0,0,6,6,12,0,2,29,0,31,0,2,35,6,43,28,16,44,87
06/24/2011,CNW,TX,ASW,CE,Federal Contract Tower,0,0,13,10,23,0,0,39,1,40,0,0,52,11,63,36,30,66,129
06/25/2011,CNW,TX,ASW,CE,Federal Contract Tower,0,0,4,2,6,0,0,9,0,9,0,0,13,2,15,0,0,0,15
06/26/2011,CNW,TX,ASW,CE,Federal Contract Tower,0,0,2,0,2,0,0,7,0,7,0,0,9,0,9,10,0,10,19
06/27/2011,CNW,TX,ASW,CE,Federal Contract Tower,0,0,6,12,18,0,0,35,0,35,0,0,41,12,53,28,42,70,123
06/28/2011,CNW,TX,ASW,CE,Federal Contract Tower,0,0,11,4,15,0,0,42,0,42,0,0,53,4,57,54,30,84,141
06/29/2011,CNW,TX,ASW,CE,Federal Contract Tower,0,0,7,13,20,0,0,31,0,31,0,0,38,13,51,40,38,78,129
06/30/2011,CNW,TX,ASW,CE,Federal Contract Tower,0,0,11,18,29,0,0,21,1,22,0,0,32,19,51,40,60,100,151
07/01/2011,CNW,TX,ASW,CE,Federal Contract Tower,0,0,4,0,4,0,0,24,0,24,0,0,28,0,28,26,0,26,54
07/02/2011,CNW,TX,ASW,CE,Federal Contract Tower,0,0,3,0,3,0,0,10,0,10,0,0,13,0,13,6,0,6,19
07/03/2011,CNW,TX,ASW,CE,Federal Contract Tower,0,0,0,0,0,0,0,12,0,12,0,0,12,0,12,14,0,14,26
07/04/2011,CNW,TX,ASW,CE,Federal Contract Tower,0,0,0,0,0,0,0,6,0,6,0,0,6,0,6,0,0,0,6
07/05/2011,CNW,TX,ASW,CE,Federal Contract Tower,0,0,6,6,12,0,0,28,0,28,0,0,34,6,40,46,26,72,112
07/06/2011,CNW,TX,ASW,CE,Federal Contract Tower,0,0,5,30,35,0,0,33,0,33,0,0,38,30,68,52,80,132,200
07/07/2011,CNW,TX,ASW,CE,Federal Contract Tower,0,0,7,20,27,0,0,38,0,38,0,0,45,20,65,56,30,86,151
07/08/2011,CNW,TX,ASW,CE,Federal Contract Tower,0,0,1,13,14,0,0,48,1,49,0,0,49,14,63,36,36,72,135
07/09/2011,CNW,TX,ASW,CE,Federal Contract Tower,0,0,1,0,1,0,0,7,0,7,0,0,8,0,8,0,0,0,8
07/10/2011,CNW,TX,ASW,CE,Federal Contract Tower,0,0,0,8,8,0,0,8,0,8,0,0,8,8,16,4,24,28,44
07/11/2011,CNW,TX,ASW,CE,Federal Contract Tower,0,0,8,35,43,0,0,25,0,25,0,0,33,35,68,0,48,48,116
07/12/2011,CNW,TX,ASW,CE,Federal Contract Tower,0,0,6,49,55,0,0,14,0,14,0,0,20,49,69,16,96,112,181
07/13/2011,CNW,TX,ASW,CE,Federal Contract Tower,0,0,17,10,27,0,0,31,0,31,0,0,48,10,58,48,80,128,186
07/14/2011,CNW,TX,ASW,CE,Federal Contract Tower,0,0,2,27,29,0,0,30,1,31,0,0,32,28,60,18,44,62,122
07/15/2011,CNW,TX,ASW,CE,Federal Contract Tower,0,0,7,21,28,0,0,17,0,17,0,0,24,21,45,6,22,28,73
07/16/2011,CNW,TX,ASW,CE,Federal Contract Tower,0,0,2,0,2,0,0,10,2,12,0,0,12,2,14,10,0,10,24
07/17/2011,CNW,TX,ASW,CE,Federal Contract Tower,0,0,4,2,6,0,0,7,0,7,0,0,11,2,13,0,20,20,33
07/18/2011,CNW,TX,ASW,CE,Federal Contract Tower,0,0,6,25,31,0,0,28,1,29,0,0,34,26,60,30,76,106,166
07/19/2011,CNW,TX,ASW,CE,Federal Contract Tower,0,0,6,38,44,0,0,33,0,33,0,0,39,38,77,70,100,170,247
07/20/2011,CNW,TX,ASW,CE,Federal Contract Tower,0,0,1,18,19,0,0,31,1,32,0,0,32,19,51,56,34,90,141
07/21/2011,CNW,TX,ASW,CE,Federal Contract Tower,0,0,4,23,27,0,0,29,0,29,0,0,33,23,56,16,36,52,108
07/22/2011,CNW,TX,ASW,CE,Federal Contract Tower,0,0,6,36,42,0,0,20,0,20,0,0,26,36,62,10,16,26,88
07/23/2011,CNW,TX,ASW,CE,Federal Contract Tower,0,0,0,6,6,0,0,10,0,10,0,0,10,6,16,0,0,0,16
07/24/2011,CNW,TX,ASW,CE,Federal Contract Tower,0,0,7,6,13,0,0,7,0,7,0,0,14,6,20,10,12,22,42
07/25/2011,CNW,TX,ASW,CE,Federal Contract Tower,0,0,7,38,45,0,0,22,2,24,0,0,29,40,69,22,72,94,163
07/26/2011,CNW,TX,ASW,CE,Federal Contract Tower,0,0,6,9,15,0,0,18,0,18,0,0,24,9,33,52,48,100,133
07/27/2011,CNW,TX,ASW,CE,Federal Contract Tower,0,0,3,12,15,0,0,28,0,28,0,0,31,12,43,12,4,16,59
07/28/2011,CNW,TX,ASW,CE,Federal Contract Tower,0,0,8,14,22,0,0,26,0,26,0,0,34,14,48,38,22,60,108
07/29/2011,CNW,TX,ASW,CE,Federal Contract Tower,0,0,2,24,26,0,0,22,0,22,0,0,24,24,48,8,52,60,108
07/30/2011,CNW,TX,ASW,CE,Federal Contract Tower,0,0,0,0,0,0,0,7,0,7,0,0,7,0,7,6,0,6,13
07/31/2011,CNW,TX,ASW,CE,Federal Contract Tower,0,0,0,0,0,0,0,5,1,6,0,0,5,1,6,16,0,16,22
08/01/2011,CNW,TX,ASW,CE,Federal Contract Tower,0,0,6,22,28,0,0,30,0,30,0,0,36,22,58,6,4,10,68
08/02/2011,CNW,TX,ASW,CE,Federal Contract Tower,0,0,7,29,36,0,0,30,0,30,0,0,37,29,66,26,80,106,172
08/03/2011,CNW,TX,ASW,CE,Federal Contract Tower,0,0,14,6,20,0,0,19,0,19,0,0,33,6,39,16,12,28,67
08/04/2011,CNW,TX,ASW,CE,Federal Contract Tower,0,0,7,16,23,0,0,35,0,35,0,0,42,16,58,30,34,64,122
08/05/2011,CNW,TX,ASW,CE,Federal Contract Tower,0,0,4,4,8,0,0,31,0,31,0,0,35,4,39,48,12,60,99
08/06/2011,CNW,TX,ASW,CE,Federal Contract Tower,0,0,2,0,2,0,0,10,0,10,0,0,12,0,12,10,0,10,22
08/07/2011,CNW,TX,ASW,CE,Federal Contract Tower,0,0,0,0,0,0,0,9,0,9,0,0,9,0,9,6,0,6,15
08/08/2011,CNW,TX,ASW,CE,Federal Contract Tower,0,0,7,9,16,0,0,20,0,20,0,0,27,9,36,4,30,34,70
08/09/2011,CNW,TX,ASW,CE,Federal Contract Tower,0,0,8,14,22,0,0,23,0,23,0,0,31,14,45,24,90,114,159
08/10/2011,CNW,TX,ASW,CE,Federal Contract Tower,0,0,8,28,36,0,0,18,2,20,0,0,26,30,56,8,88,96,152
08/11/2011,CNW,TX,ASW,CE,Federal Contract Tower,0,0,5,14,19,0,0,27,0,27,0,0,32,14,46,18,42,60,106
08/12/2011,CNW,TX,ASW,CE,Federal Contract Tower,0,0,6,21,27,0,4,38,0,42,0,4,44,21,69,12,26,38,107
08/13/2011,CNW,TX,ASW,CE,Federal Contract Tower,0,0,0,0,0,0,0,4,2,6,0,0,4,2,6,0,0,0,6
08/14/2011,CNW,TX,ASW,CE,Federal Contract Tower,0,0,2,4,6,0,0,8,2,10,0,0,10,6,16,0,0,0,16
08/15/2011,CNW,TX,ASW,CE,Federal Contract Tower,0,0,8,34,42,0,0,27,3,30,0,0,35,37,72,14,66,80,152
08/16/2011,CNW,TX,ASW,CE,Federal Contract Tower,0,0,10,27,37,0,0,29,2,31,0,0,39,29,68,6,50,56,124
08/17/2011,CNW,TX,ASW,CE,Federal Contract Tower,0,0,9,32,41,0,6,42,0,48,0,6,51,32,89,36,24,60,149
08/18/2011,CNW,TX,ASW,CE,Federal Contract Tower,0,0,11,51,62,0,0,38,0,38,0,0,49,51,100,8,74,82,182
08/19/2011,CNW,TX,ASW,CE,Federal Contract Tower,0,0,10,18,28,0,0,19,2,21,0,0,29,20,49,16,0,16,65
08/20/2011,CNW,TX,ASW,CE,Federal Contract Tower,0,0,0,2,2,0,0,15,0,15,0,0,15,2,17,6,0,6,23
08/21/2011,CNW,TX,ASW,CE,Federal Contract Tower,0,0,0,3,3,0,1,3,0,4,0,1,3,3,7,4,0,4,11
08/22/2011,CNW,TX,ASW,CE,Federal Contract Tower,0,0,8,8,16,0,4,17,4,25,0,4,25,12,41,8,16,24,65
08/23/2011,CNW,TX,ASW,CE,Federal Contract Tower,0,0,7,30,37,0,0,33,0,33,0,0,40,30,70,44,44,88,158
08/24/2011,CNW,TX,ASW,CE,Federal Contract Tower,0,0,6,14,20,0,0,30,1,31,0,0,36,15,51,26,40,66,117
08/25/2011,CNW,TX,ASW,CE,Federal Contract Tower,0,0,33,8,41,0,0,26,5,31,0,0,59,13,72,38,68,106,178
08/26/2011,CNW,TX,ASW,CE,Federal Contract Tower,0,0,8,22,30,0,0,25,3,28,0,0,33,25,58,34,60,94,152
08/27/2011,CNW,TX,ASW,CE,Federal Contract Tower,0,0,3,2,5,0,0,11,0,11,0,0,14,2,16,20,0,20,36
08/28/2011,CNW,TX,ASW,CE,Federal Contract Tower,0,0,0,0,0,0,0,15,0,15,0,0,15,0,15,0,0,0,15
08/29/2011,CNW,TX,ASW,CE,Federal Contract Tower,0,0,12,26,38,0,0,24,4,28,0,0,36,30,66,30,42,72,138
08/30/2011,CNW,TX,ASW,CE,Federal Contract Tower,0,0,7,5,12,0,0,18,2,20,0,0,25,7,32,22,0,22,54
08/31/2011,CNW,TX,ASW,CE,Federal Contract Tower,0,0,3,27,30,0,0,31,0,31,0,0,34,27,61,30,80,110,171
09/01/2011,CNW,TX,ASW,CE,Federal Contract Tower,0,0,2,23,25,0,0,18,1,19,0,0,20,24,44,16,28,44,88
09/02/2011,CNW,TX,ASW,CE,Federal Contract Tower,0,0,2,4,6,0,0,31,0,31,0,0,33,4,37,20,18,38,75
09/03/2011,CNW,TX,ASW,CE,Federal Contract Tower,0,0,0,0,0,0,0,7,0,7,0,0,7,0,7,0,0,0,7
09/04/2011,CNW,TX,ASW,CE,Federal Contract Tower,0,0,0,0,0,0,0,14,0,14,0,0,14,0,14,0,0,0,14
09/05/2011,CNW,TX,ASW,CE,Federal Contract Tower,0,0,0,0,0,0,0,11,0,11,0,0,11,0,11,0,0,0,11
09/06/2011,CNW,TX,ASW,CE,Federal Contract Tower,0,0,2,28,30,0,0,49,0,49,0,0,51,28,79,32,90,122,201
09/07/2011,CNW,TX,ASW,CE,Federal Contract Tower,0,0,3,18,21,0,0,29,0,29,0,0,32,18,50,16,40,56,106
09/08/2011,CNW,TX,ASW,CE,Federal Contract Tower,0,0,5,30,35,0,0,22,1,23,0,0,27,31,58,20,46,66,124
09/09/2011,CNW,TX,ASW,CE,Federal Contract Tower,0,0,2,12,14,0,0,33,0,33,0,0,35,12,47,50,30,80,127
09/10/2011,CNW,TX,ASW,CE,Federal Contract Tower,0,0,0,0,0,0,0,16,0,16,0,0,16,0,16,28,0,28,44
09/11/2011,CNW,TX,ASW,CE,Federal Contract Tower,0,0,0,0,0,0,0,12,0,12,0,0,12,0,12,8,0,8,20
09/12/2011,CNW,TX,ASW,CE,Federal Contract Tower,0,0,2,16,18,0,0,30,0,30,0,0,32,16,48,6,20,26,74
09/13/2011,CNW,TX,ASW,CE,Federal Contract Tower,0,0,5,27,32,0,0,37,4,41,0,0,42,31,73,12,98,110,183
09/14/2011,CNW,TX,ASW,CE,Federal Contract Tower,0,0,3,41,44,0,0,40,2,42,0,0,43,43,86,34,72,106,192
09/15/2011,CNW,TX,ASW,CE,Federal Contract Tower,0,0,6,29,35,0,0,47,0,47,0,0,53,29,82,18,56,74,156
09/16/2011,CNW,TX,ASW,CE,Federal Contract Tower,0,0,2,26,28,0,0,22,2,24,0,0,24,28,52,24,124,148,200
09/17/2011,CNW,TX,ASW,CE,Federal Contract Tower,0,0,8,0,8,0,0,6,0,6,0,0,14,0,14,24,0,24,38
09/18/2011,CNW,TX,ASW,CE,Federal Contract Tower,0,0,0,0,0,0,0,8,0,8,0,0,8,0,8,0,0,0,8
09/19/2011,CNW,TX,ASW,CE,Federal Contract Tower,0,0,5,16,21,0,0,27,0,27,0,0,32,16,48,14,24,38,86
09/20/2011,CNW,TX,ASW,CE,Federal Contract Tower,0,0,2,0,2,0,0,59,0,59,0,0,61,0,61,56,0,56,117
09/21/2011,CNW,TX,ASW,CE,Federal Contract Tower,0,0,10,16,26,0,0,30,0,30,0,0,40,16,56,34,80,114,170
09/22/2011,CNW,TX,ASW,CE,Federal Contract Tower,0,0,1,9,10,0,0,38,1,39,0,0,39,10,49,32,12,44,93
09/23/2011,CNW,TX,ASW,CE,Federal Contract Tower,0,0,4,20,24,0,4,38,0,42,0,4,42,20,66,44,80,124,190
09/24/2011,CNW,TX,ASW,CE,Federal Contract Tower,0,0,0,0,0,0,0,20,1,21,0,0,20,1,21,20,0,20,41
09/25/2011,CNW,TX,ASW,CE,Federal Contract Tower,0,0,0,0,0,0,0,13,0,13,0,0,13,0,13,10,0,10,23
09/26/2011,CNW,TX,ASW,CE,Federal Contract Tower,0,0,2,0,2,0,0,35,0,35,0,0,37,0,37,34,0,34,71
09/27/2011,CNW,TX,ASW,CE,Federal Contract Tower,0,0,10,20,30,0,0,43,2,45,0,0,53,22,75,8,24,32,107
09/28/2011,CNW,TX,ASW,CE,Federal Contract Tower,0,0,2,10,12,0,0,46,1,47,0,0,48,11,59,76,26,102,161
09/29/2011,CNW,TX,ASW,CE,Federal Contract Tower,0,0,1,2,3,0,0,34,0,34,0,0,35,2,37,44,0,44,81
09/30/2011,CNW,TX,ASW,CE,Federal Contract Tower,0,0,3,1,4,0,0,19,1,20,0,0,22,2,24,20,0,20,44
10/01/2011,CNW,TX,ASW,CE,Federal Contract Tower,0,0,0,0,0,0,0,26,0,26,0,0,26,0,26,0,0,0,26
10/02/2011,CNW,TX,ASW,CE,Federal Contract Tower,0,0,6,5,11,0,0,13,0,13,0,0,19,5,24,6,0,6,30
10/03/2011,CNW,TX,ASW,CE,Federal Contract Tower,0,0,6,4,10,0,0,36,0,36,0,0,42,4,46,40,0,40,86
10/04/2011,CNW,TX,ASW,CE,Federal Contract Tower,0,0,7,9,16,0,0,53,0,53,0,0,60,9,69,68,0,68,137
10/05/2011,CNW,TX,ASW,CE,Federal Contract Tower,0,0,7,30,37,0,0,54,1,55,0,0,61,31,92,98,42,140,232
10/06/2011,CNW,TX,ASW,CE,Federal Contract Tower,0,0,4,42,46,0,0,50,1,51,0,0,54,43,97,78,30,108,205
10/07/2011,CNW,TX,ASW,CE,Federal Contract Tower,0,0,7,2,9,0,0,12,1,13,0,0,19,3,22,32,0,32,54
10/08/2011,CNW,TX,ASW,CE,Federal Contract Tower,0,0,0,0,0,0,0,4,0,4,0,0,4,0,4,0,0,0,4
10/09/2011,CNW,TX,ASW,CE,Federal Contract Tower,0,0,0,0,0,0,0,0,0,0,0,0,0,0,0,0,0,0,0
10/10/2011,CNW,TX,ASW,CE,Federal Contract Tower,0,0,5,3,8,0,0,17,0,17,0,0,22,3,25,38,0,38,63
10/11/2011,CNW,TX,ASW,CE,Federal Contract Tower,0,0,8,4,12,0,0,40,0,40,0,0,48,4,52,42,60,102,154
10/12/2011,CNW,TX,ASW,CE,Federal Contract Tower,0,0,11,7,18,0,0,36,4,40,0,0,47,11,58,74,8,82,140
10/13/2011,CNW,TX,ASW,CE,Federal Contract Tower,0,0,4,8,12,0,0,45,0,45,0,0,49,8,57,44,10,54,111
10/14/2011,CNW,TX,ASW,CE,Federal Contract Tower,0,0,4,7,11,0,0,48,0,48,0,0,52,7,59,86,6,92,151
10/15/2011,CNW,TX,ASW,CE,Federal Contract Tower,0,0,0,8,8,0,0,12,0,12,0,0,12,8,20,32,10,42,62
10/16/2011,CNW,TX,ASW,CE,Federal Contract Tower,0,0,2,1,3,0,0,12,1,13,0,0,14,2,16,0,0,0,16
10/17/2011,CNW,TX,ASW,CE,Federal Contract Tower,0,0,2,15,17,0,0,41,0,41,0,0,43,15,58,88,84,172,230
10/18/2011,CNW,TX,ASW,CE,Federal Contract Tower,0,0,4,36,40,0,2,20,0,22,0,2,24,36,62,16,46,62,124
10/19/2011,CNW,TX,ASW,CE,Federal Contract Tower,0,0,1,14,15,0,0,30,0,30,0,0,31,14,45,42,16,58,103
10/20/2011,CNW,TX,ASW,CE,Federal Contract Tower,0,0,7,10,17,0,2,50,0,52,0,2,57,10,69,91,16,107,176
10/21/2011,CNW,TX,ASW,CE,Federal Contract Tower,0,0,3,1,4,0,0,38,0,38,0,0,41,1,42,106,6,112,154
10/22/2011,CNW,TX,ASW,CE,Federal Contract Tower,0,2,5,0,7,0,0,228,1,229,0,2,233,1,236,8,0,8,244
10/23/2011,CNW,TX,ASW,CE,Federal Contract Tower,0,0,4,0,4,0,0,9,0,9,0,0,13,0,13,8,0,8,21
10/24/2011,CNW,TX,ASW,CE,Federal Contract Tower,0,0,7,14,21,0,0,25,0,25,0,0,32,14,46,18,12,30,76
10/25/2011,CNW,TX,ASW,CE,Federal Contract Tower,0,0,10,19,29,0,0,34,1,35,0,0,44,20,64,80,8,88,152
10/26/2011,CNW,TX,ASW,CE,Federal Contract Tower,0,1,3,13,17,0,0,33,1,34,0,1,36,14,51,68,16,84,135
10/27/2011,CNW,TX,ASW,CE,Federal Contract Tower,0,0,4,0,4,0,0,27,0,27,0,0,31,0,31,94,0,94,125
10/28/2011,CNW,TX,ASW,CE,Federal Contract Tower,0,0,5,7,12,0,1,30,1,32,0,1,35,8,44,48,18,66,110
10/29/2011,CNW,TX,ASW,CE,Federal Contract Tower,0,0,2,0,2,0,0,17,0,17,0,0,19,0,19,0,0,0,19
10/30/2011,CNW,TX,ASW,CE,Federal Contract Tower,0,0,4,1,5,0,0,14,0,14,0,0,18,1,19,0,0,0,19
10/31/2011,CNW,TX,ASW,CE,Federal Contract Tower,0,0,4,0,4,0,0,60,0,60,0,0,64,0,64,122,0,122,186
11/01/2011,CNW,TX,ASW,CE,Federal Contract Tower,0,0,6,4,10,0,0,52,0,52,0,0,58,4,62,68,0,68,130
11/02/2011,CNW,TX,ASW,CE,Federal Contract Tower,0,0,1,13,14,0,0,24,0,24,0,0,25,13,38,22,0,22,60
11/03/2011,CNW,TX,ASW,CE,Federal Contract Tower,0,0,3,2,5,0,2,41,0,43,0,2,44,2,48,60,18,78,126
11/04/2011,CNW,TX,ASW,CE,Federal Contract Tower,0,0,7,18,25,0,0,58,2,60,0,0,65,20,85,156,6,162,247
11/05/2011,CNW,TX,ASW,CE,Federal Contract Tower,0,0,0,6,6,0,0,14,0,14,0,0,14,6,20,42,0,42,62
11/06/2011,CNW,TX,ASW,CE,Federal Contract Tower,0,0,3,0,3,0,0,3,0,3,0,0,6,0,6,0,0,0,6
11/07/2011,CNW,TX,ASW,CE,Federal Contract Tower,0,0,0,0,0,0,0,2,0,2,0,0,2,0,2,0,0,0,2
11/08/2011,CNW,TX,ASW,CE,Federal Contract Tower,0,0,9,0,9,0,0,30,0,30,0,0,39,0,39,70,0,70,109
11/09/2011,CNW,TX,ASW,CE,Federal Contract Tower,0,1,3,12,16,0,0,32,0,32,0,1,35,12,48,36,12,48,96
11/10/2011,CNW,TX,ASW,CE,Federal Contract Tower,0,0,7,10,17,0,0,66,3,69,0,0,73,13,86,130,128,258,344
11/11/2011,CNW,TX,ASW,CE,Federal Contract Tower,0,0,7,5,12,0,0,42,0,42,0,0,49,5,54,70,56,126,180
11/12/2011,CNW,TX,ASW,CE,Federal Contract Tower,0,0,2,8,10,0,0,6,2,8,0,0,8,10,18,10,10,20,38
11/13/2011,CNW,TX,ASW,CE,Federal Contract Tower,0,0,0,0,0,0,0,10,0,10,0,0,10,0,10,0,0,0,10
11/14/2011,CNW,TX,ASW,CE,Federal Contract Tower,0,0,9,10,19,0,0,21,0,21,0,0,30,10,40,12,20,32,72
11/15/2011,CNW,TX,ASW,CE,Federal Contract Tower,0,0,0,0,0,0,0,0,0,0,0,0,0,0,0,0,0,0,0
11/16/2011,CNW,TX,ASW,CE,Federal Contract Tower,0,0,9,15,24,0,0,23,0,23,0,0,32,15,47,16,32,48,95
11/17/2011,CNW,TX,ASW,CE,Federal Contract Tower,0,0,3,8,11,0,0,57,0,57,0,0,60,8,68,94,32,126,194
11/18/2011,CNW,TX,ASW,CE,Federal Contract Tower,0,0,9,2,11,0,0,44,0,44,0,0,53,2,55,50,12,62,117
11/19/2011,CNW,TX,ASW,CE,Federal Contract Tower,0,0,3,0,3,0,0,5,0,5,0,0,8,0,8,16,0,16,24
11/20/2011,CNW,TX,ASW,CE,Federal Contract Tower,0,0,0,1,1,0,0,4,0,4,0,0,4,1,5,0,0,0,5
11/21/2011,CNW,TX,ASW,CE,Federal Contract Tower,0,0,4,4,8,0,0,0,0,0,0,0,4,4,8,0,0,0,8
11/22/2011,CNW,TX,ASW,CE,Federal Contract Tower,0,0,5,0,5,0,0,4,0,4,0,0,9,0,9,14,0,14,23
11/23/2011,CNW,TX,ASW,CE,Federal Contract Tower,0,0,6,2,8,0,0,41,0,41,0,0,47,2,49,78,0,78,127
11/24/2011,CNW,TX,ASW,CE,Federal Contract Tower,0,0,0,0,0,0,0,14,0,14,0,0,14,0,14,24,0,24,38
11/25/2011,CNW,TX,ASW,CE,Federal Contract Tower,0,0,0,0,0,0,0,10,0,10,0,0,10,0,10,6,0,6,16
11/26/2011,CNW,TX,ASW,CE,Federal Contract Tower,0,0,1,0,1,0,0,0,0,0,0,0,1,0,1,0,0,0,1
11/27/2011,CNW,TX,ASW,CE,Federal Contract Tower,0,0,0,0,0,0,0,6,0,6,0,0,6,0,6,0,0,0,6
11/28/2011,CNW,TX,ASW,CE,Federal Contract Tower,0,0,13,4,17,0,0,48,0,48,0,0,61,4,65,96,20,116,181
11/29/2011,CNW,TX,ASW,CE,Federal Contract Tower,0,0,8,14,22,0,0,51,3,54,0,0,59,17,76,138,28,166,242
11/30/2011,CNW,TX,ASW,CE,Federal Contract Tower,0,0,10,0,10,0,0,58,0,58,0,0,68,0,68,128,0,128,196
12/01/2011,CNW,TX,ASW,CE,Federal Contract Tower,0,0,14,46,60,0,0,24,0,24,0,0,38,46,84,116,80,196,280
12/02/2011,CNW,TX,ASW,CE,Federal Contract Tower,0,0,0,0,0,0,0,0,0,0,0,0,0,0,0,0,0,0,0
12/03/2011,CNW,TX,ASW,CE,Federal Contract Tower,0,0,0,1,1,0,0,0,1,1,0,0,0,2,2,0,0,0,2
12/04/2011,CNW,TX,ASW,CE,Federal Contract Tower,0,0,0,0,0,0,0,0,0,0,0,0,0,0,0,0,0,0,0
12/05/2011,CNW,TX,ASW,CE,Federal Contract Tower,0,0,0,0,0,0,0,4,0,4,0,0,4,0,4,0,0,0,4
12/06/2011,CNW,TX,ASW,CE,Federal Contract Tower,0,0,7,14,21,0,0,16,0,16,0,0,23,14,37,50,8,58,95
12/07/2011,CNW,TX,ASW,CE,Federal Contract Tower,0,0,10,15,25,0,0,51,0,51,0,0,61,15,76,120,24,144,220
12/08/2011,CNW,TX,ASW,CE,Federal Contract Tower,0,0,9,6,15,0,0,47,1,48,0,0,56,7,63,104,10,114,177
12/09/2011,CNW,TX,ASW,CE,Federal Contract Tower,0,0,9,8,17,0,2,14,0,16,0,2,23,8,33,14,0,14,47
12/10/2011,CNW,TX,ASW,CE,Federal Contract Tower,0,0,8,0,8,0,0,35,0,35,0,0,43,0,43,80,0,80,123
12/11/2011,CNW,TX,ASW,CE,Federal Contract Tower,0,0,0,0,0,0,0,11,0,11,0,0,11,0,11,24,0,24,35
12/12/2011,CNW,TX,ASW,CE,Federal Contract Tower,0,0,12,28,40,0,0,46,2,48,0,0,58,30,88,74,90,164,252
12/13/2011,CNW,TX,ASW,CE,Federal Contract Tower,0,0,4,0,4,0,0,0,0,0,0,0,4,0,4,0,0,0,4
12/14/2011,CNW,TX,ASW,CE,Federal Contract Tower,0,0,2,0,2,0,0,1,0,1,0,0,3,0,3,0,0,0,3
12/15/2011,CNW,TX,ASW,CE,Federal Contract Tower,0,1,13,16,30,0,0,9,1,10,0,1,22,17,40,10,66,76,116
12/16/2011,CNW,TX,ASW,CE,Federal Contract Tower,0,0,6,8,14,0,0,33,0,33,0,0,39,8,47,108,40,148,195
12/17/2011,CNW,TX,ASW,CE,Federal Contract Tower,0,0,0,0,0,0,0,29,0,29,0,0,29,0,29,20,0,20,49
12/18/2011,CNW,TX,ASW,CE,Federal Contract Tower,0,0,0,0,0,0,0,7,0,7,0,0,7,0,7,0,0,0,7
12/19/2011,CNW,TX,ASW,CE,Federal Contract Tower,0,0,0,21,21,0,0,4,0,4,0,0,4,21,25,10,0,10,35
12/20/2011,CNW,TX,ASW,CE,Federal Contract Tower,0,0,6,21,27,0,0,20,0,20,0,0,26,21,47,14,28,42,89
12/21/2011,CNW,TX,ASW,CE,Federal Contract Tower,0,0,8,11,19,0,0,34,0,34,0,0,42,11,53,52,12,64,117
12/22/2011,CNW,TX,ASW,CE,Federal Contract Tower,0,0,3,12,15,0,0,22,0,22,0,0,25,12,37,30,0,30,67
12/23/2011,CNW,TX,ASW,CE,Federal Contract Tower,0,0,0,0,0,0,0,3,0,3,0,0,3,0,3,0,0,0,3
12/24/2011,CNW,TX,ASW,CE,Federal Contract Tower,0,0,0,0,0,0,0,0,0,0,0,0,0,0,0,0,0,0,0
12/25/2011,CNW,TX,ASW,CE,Federal Contract Tower,0,0,0,0,0,0,0,0,0,0,0,0,0,0,0,0,0,0,0
12/26/2011,CNW,TX,ASW,CE,Federal Contract Tower,0,0,0,0,0,0,0,3,0,3,0,0,3,0,3,0,0,0,3
12/27/2011,CNW,TX,ASW,CE,Federal Contract Tower,0,0,6,0,6,0,0,15,0,15,0,0,21,0,21,20,0,20,41
12/28/2011,CNW,TX,ASW,CE,Federal Contract Tower,0,0,8,0,8,0,0,15,0,15,0,0,23,0,23,6,0,6,29
12/29/2011,CNW,TX,ASW,CE,Federal Contract Tower,0,0,7,1,8,0,0,22,0,22,0,0,29,1,30,54,0,54,84
12/30/2011,CNW,TX,ASW,CE,Federal Contract Tower,0,0,4,0,4,0,0,14,0,14,0,0,18,0,18,10,0,10,28
12/31/2011,CNW,TX,ASW,CE,Federal Contract Tower,0,0,0,0,0,0,0,23,0,23,0,0,23,0,23,0,0,0,23
01/01/2012,CNW,TX,ASW,CE,Federal Contract Tower,0,0,0,0,0,0,0,12,0,12,0,0,12,0,12,4,0,4,16
01/02/2012,CNW,TX,ASW,CE,Federal Contract Tower,0,0,4,0,4,0,0,31,0,31,0,0,35,0,35,26,0,26,61
01/03/2012,CNW,TX,ASW,CE,Federal Contract Tower,0,0,4,1,5,0,0,23,2,25,0,0,27,3,30,10,24,34,64
01/04/2012,CNW,TX,ASW,CE,Federal Contract Tower,0,0,2,11,13,0,0,16,2,18,0,0,18,13,31,52,48,100,131
01/05/2012,CNW,TX,ASW,CE,Federal Contract Tower,0,0,8,11,19,0,0,46,0,46,0,0,54,11,65,34,18,52,117
01/06/2012,CNW,TX,ASW,CE,Federal Contract Tower,0,0,8,17,25,0,0,24,4,28,0,0,32,21,53,22,16,38,91
01/07/2012,CNW,TX,ASW,CE,Federal Contract Tower,0,0,1,0,1,0,0,19,0,19,0,0,20,0,20,6,0,6,26
01/08/2012,CNW,TX,ASW,CE,Federal Contract Tower,0,0,4,0,4,0,0,2,0,2,0,0,6,0,6,6,0,6,12
01/09/2012,CNW,TX,ASW,CE,Federal Contract Tower,0,0,0,1,1,0,0,0,0,0,0,0,0,1,1,0,0,0,1
01/10/2012,CNW,TX,ASW,CE,Federal Contract Tower,0,0,8,1,9,0,0,1,0,1,0,0,9,1,10,16,0,16,26
01/11/2012,CNW,TX,ASW,CE,Federal Contract Tower,0,0,27,18,45,0,0,37,0,37,0,0,64,18,82,58,74,132,214
01/12/2012,CNW,TX,ASW,CE,Federal Contract Tower,0,0,5,10,15,0,0,16,0,16,0,0,21,10,31,0,16,16,47
01/13/2012,CNW,TX,ASW,CE,Federal Contract Tower,0,0,11,9,20,0,0,39,0,39,0,0,50,9,59,78,30,108,167
01/14/2012,CNW,TX,ASW,CE,Federal Contract Tower,0,0,0,4,4,0,0,19,0,19,0,0,19,4,23,42,0,42,65
01/15/2012,CNW,TX,ASW,CE,Federal Contract Tower,0,0,2,0,2,0,0,8,0,8,0,0,10,0,10,4,0,4,14
01/16/2012,CNW,TX,ASW,CE,Federal Contract Tower,0,0,1,1,2,0,0,5,0,5,0,0,6,1,7,6,0,6,13
01/17/2012,CNW,TX,ASW,CE,Federal Contract Tower,0,0,11,1,12,0,0,24,0,24,0,0,35,1,36,16,0,16,52
01/18/2012,CNW,TX,ASW,CE,Federal Contract Tower,0,0,14,18,32,0,0,49,2,51,0,0,63,20,83,122,44,166,249
01/19/2012,CNW,TX,ASW,CE,Federal Contract Tower,0,0,19,14,33,0,0,59,0,59,0,0,78,14,92,70,112,182,274
01/20/2012,CNW,TX,ASW,CE,Federal Contract Tower,0,0,11,44,55,0,0,20,0,20,0,0,31,44,75,10,22,32,107
01/21/2012,CNW,TX,ASW,CE,Federal Contract Tower,0,0,5,13,18,0,0,6,0,6,0,0,11,13,24,22,6,28,52
01/22/2012,CNW,TX,ASW,CE,Federal Contract Tower,0,0,2,1,3,0,0,4,0,4,0,0,6,1,7,0,0,0,7
01/23/2012,CNW,TX,ASW,CE,Federal Contract Tower,0,0,12,10,22,0,0,55,0,55,0,0,67,10,77,124,22,146,223
01/24/2012,CNW,TX,ASW,CE,Federal Contract Tower,0,0,7,4,11,0,0,5,0,5,0,0,12,4,16,0,0,0,16
01/25/2012,CNW,TX,ASW,CE,Federal Contract Tower,0,0,4,1,5,0,0,0,0,0,0,0,4,1,5,0,0,0,5
01/26/2012,CNW,TX,ASW,CE,Federal Contract Tower,0,0,13,7,20,0,0,37,0,37,0,0,50,7,57,42,16,58,115
01/27/2012,CNW,TX,ASW,CE,Federal Contract Tower,0,0,23,39,62,0,0,40,2,42,0,0,63,41,104,34,44,78,182
01/28/2012,CNW,TX,ASW,CE,Federal Contract Tower,0,0,2,6,8,0,0,22,0,22,0,0,24,6,30,16,0,16,46
01/29/2012,CNW,TX,ASW,CE,Federal Contract Tower,0,0,1,7,8,0,0,25,1,26,0,0,26,8,34,10,0,10,44
01/30/2012,CNW,TX,ASW,CE,Federal Contract Tower,0,0,9,14,23,0,0,40,2,42,0,0,49,16,65,40,68,108,173
01/31/2012,CNW,TX,ASW,CE,Federal Contract Tower,0,0,28,5,33,0,0,22,0,22,0,0,50,5,55,54,6,60,115
02/01/2012,CNW,TX,ASW,CE,Federal Contract Tower,0,0,18,11,29,0,0,48,2,50,0,0,66,13,79,154,10,164,243
02/02/2012,CNW,TX,ASW,CE,Federal Contract Tower,0,0,10,4,14,0,0,4,0,4,0,0,14,4,18,22,0,22,40
02/03/2012,CNW,TX,ASW,CE,Federal Contract Tower,0,0,17,0,17,0,0,1,0,1,0,0,18,0,18,0,0,0,18
02/04/2012,CNW,TX,ASW,CE,Federal Contract Tower,0,0,0,0,0,0,0,12,0,12,0,0,12,0,12,4,0,4,16
02/05/2012,CNW,TX,ASW,CE,Federal Contract Tower,0,0,1,0,1,0,0,10,0,10,0,0,11,0,11,0,0,0,11
02/06/2012,CNW,TX,ASW,CE,Federal Contract Tower,0,0,11,17,28,0,0,58,2,60,0,0,69,19,88,106,32,138,226
02/07/2012,CNW,TX,ASW,CE,Federal Contract Tower,0,0,13,2,15,0,0,62,4,66,0,0,75,6,81,70,14,84,165
02/08/2012,CNW,TX,ASW,CE,Federal Contract Tower,0,0,9,3,12,0,0,27,0,27,0,0,36,3,39,46,0,46,85
02/09/2012,CNW,TX,ASW,CE,Federal Contract Tower,0,0,13,7,20,0,0,47,1,48,0,0,60,8,68,46,4,50,118
02/10/2012,CNW,TX,ASW,CE,Federal Contract Tower,0,0,11,2,13,0,0,17,0,17,0,0,28,2,30,14,12,26,56
02/11/2012,CNW,TX,ASW,CE,Federal Contract Tower,0,0,0,0,0,0,0,9,3,12,0,0,9,3,12,8,0,8,20
02/12/2012,CNW,TX,ASW,CE,Federal Contract Tower,0,0,0,2,2,0,0,7,0,7,0,0,7,2,9,36,0,36,45
02/13/2012,CNW,TX,ASW,CE,Federal Contract Tower,0,0,2,0,2,0,0,0,0,0,0,0,2,0,2,0,0,0,2
02/14/2012,CNW,TX,ASW,CE,Federal Contract Tower,0,0,3,6,9,0,0,20,0,20,0,0,23,6,29,60,22,82,111
02/15/2012,CNW,TX,ASW,CE,Federal Contract Tower,0,0,6,9,15,0,0,13,0,13,0,0,19,9,28,32,0,32,60
02/16/2012,CNW,TX,ASW,CE,Federal Contract Tower,0,0,15,0,15,0,0,59,0,59,0,0,74,0,74,64,0,64,138
02/17/2012,CNW,TX,ASW,CE,Federal Contract Tower,0,0,6,8,14,0,0,3,0,3,0,0,9,8,17,12,8,20,37
02/18/2012,CNW,TX,ASW,CE,Federal Contract Tower,0,0,0,0,0,0,0,0,0,0,0,0,0,0,0,0,0,0,0
02/19/2012,CNW,TX,ASW,CE,Federal Contract Tower,0,0,3,0,3,0,0,14,1,15,0,0,17,1,18,16,0,16,34
02/20/2012,CNW,TX,ASW,CE,Federal Contract Tower,0,0,5,0,5,0,0,8,0,8,0,0,13,0,13,0,0,0,13
02/21/2012,CNW,TX,ASW,CE,Federal Contract Tower,0,0,2,22,24,0,0,53,1,54,0,0,55,23,78,90,92,182,260
02/22/2012,CNW,TX,ASW,CE,Federal Contract Tower,0,0,4,12,16,0,0,35,0,35,0,0,39,12,51,30,36,66,117
02/23/2012,CNW,TX,ASW,CE,Federal Contract Tower,0,0,2,8,10,0,2,10,0,12,0,2,12,8,22,10,86,96,118
02/24/2012,CNW,TX,ASW,CE,Federal Contract Tower,0,0,10,2,12,0,0,24,0,24,0,0,34,2,36,32,0,32,68
02/25/2012,CNW,TX,ASW,CE,Federal Contract Tower,0,0,0,0,0,0,0,38,0,38,0,0,38,0,38,68,0,68,106
02/26/2012,CNW,TX,ASW,CE,Federal Contract Tower,0,0,0,0,0,0,0,10,0,10,0,0,10,0,10,8,0,8,18
02/27/2012,CNW,TX,ASW,CE,Federal Contract Tower,0,0,19,16,35,0,0,43,0,43,0,0,62,16,78,76,30,106,184
02/28/2012,CNW,TX,ASW,CE,Federal Contract Tower,0,0,6,14,20,0,0,0,0,0,0,0,6,14,20,0,0,0,20
02/29/2012,CNW,TX,ASW,CE,Federal Contract Tower,0,0,19,10,29,0,0,61,0,61,0,0,80,10,90,119,16,135,225
03/01/2012,CNW,TX,ASW,CE,Federal Contract Tower,0,0,20,33,53,0,0,20,1,21,0,0,40,34,74,32,94,126,200
03/02/2012,CNW,TX,ASW,CE,Federal Contract Tower,0,0,13,20,33,0,0,46,2,48,0,0,59,22,81,74,116,190,271
03/03/2012,CNW,TX,ASW,CE,Federal Contract Tower,0,0,6,0,6,0,0,18,0,18,0,0,24,0,24,10,0,10,34
03/04/2012,CNW,TX,ASW,CE,Federal Contract Tower,0,0,1,4,5,0,0,24,2,26,0,0,25,6,31,30,4,34,65
03/05/2012,CNW,TX,ASW,CE,Federal Contract Tower,0,0,4,23,27,0,2,52,0,54,0,2,56,23,81,98,68,166,247
03/06/2012,CNW,TX,ASW,CE,Federal Contract Tower,0,0,6,29,35,0,0,11,0,11,0,0,17,29,46,2,52,54,100
03/07/2012,CNW,TX,ASW,CE,Federal Contract Tower,0,0,11,11,22,0,0,4,0,4,0,0,15,11,26,8,24,32,58
03/08/2012,CNW,TX,ASW,CE,Federal Contract Tower,0,0,6,11,17,0,0,0,0,0,0,0,6,11,17,0,0,0,17
03/09/2012,CNW,TX,ASW,CE,Federal Contract Tower,0,0,0,0,0,0,0,0,0,0,0,0,0,0,0,0,0,0,0
03/10/2012,CNW,TX,ASW,CE,Federal Contract Tower,0,0,0,0,0,0,0,0,0,0,0,0,0,0,0,0,0,0,0
03/11/2012,CNW,TX,ASW,CE,Federal Contract Tower,0,0,2,0,2,0,0,6,0,6,0,0,8,0,8,8,0,8,16
03/12/2012,CNW,TX,ASW,CE,Federal Contract Tower,0,0,6,1,7,0,0,46,0,46,0,0,52,1,53,54,0,54,107
03/13/2012,CNW,TX,ASW,CE,Federal Contract Tower,0,0,4,3,7,0,0,12,0,12,0,0,16,3,19,14,0,14,33
03/14/2012,CNW,TX,ASW,CE,Federal Contract Tower,0,0,11,4,15,0,0,7,0,7,0,0,18,4,22,18,0,18,40
03/15/2012,CNW,TX,ASW,CE,Federal Contract Tower,0,0,15,23,38,0,0,24,2,26,0,0,39,25,64,30,36,66,130
03/16/2012,CNW,TX,ASW,CE,Federal Contract Tower,0,0,4,9,13,0,0,5,0,5,0,0,9,9,18,10,32,42,60
03/17/2012,CNW,TX,ASW,CE,Federal Contract Tower,0,0,1,1,2,0,0,5,0,5,0,0,6,1,7,12,0,12,19
03/18/2012,CNW,TX,ASW,CE,Federal Contract Tower,0,0,0,0,0,0,0,7,0,7,0,0,7,0,7,0,0,0,7
03/19/2012,CNW,TX,ASW,CE,Federal Contract Tower,0,0,1,0,1,0,0,2,0,2,0,0,3,0,3,0,0,0,3
03/20/2012,CNW,TX,ASW,CE,Federal Contract Tower,0,0,3,1,4,0,0,13,0,13,0,0,16,1,17,14,0,14,31
03/21/2012,CNW,TX,ASW,CE,Federal Contract Tower,0,0,18,16,34,0,0,62,0,62,0,0,80,16,96,41,18,59,155
03/22/2012,CNW,TX,ASW,CE,Federal Contract Tower,0,0,12,2,14,0,0,28,0,28,0,0,40,2,42,8,12,20,62
03/23/2012,CNW,TX,ASW,CE,Federal Contract Tower,0,0,8,0,8,0,2,59,0,61,0,2,67,0,69,86,0,86,155
03/24/2012,CNW,TX,ASW,CE,Federal Contract Tower,0,0,0,5,5,0,0,32,1,33,0,0,32,6,38,18,0,18,56
03/25/2012,CNW,TX,ASW,CE,Federal Contract Tower,0,0,4,5,9,0,0,18,0,18,0,0,22,5,27,34,0,34,61
03/26/2012,CNW,TX,ASW,CE,Federal Contract Tower,0,0,19,1,20,0,0,54,0,54,0,0,73,1,74,64,0,64,138
03/27/2012,CNW,TX,ASW,CE,Federal Contract Tower,0,0,5,25,30,0,0,42,1,43,0,0,47,26,73,42,126,168,241
03/28/2012,CNW,TX,ASW,CE,Federal Contract Tower,0,0,5,2,7,0,0,11,0,11,0,0,16,2,18,22,6,28,46
03/29/2012,CNW,TX,ASW,CE,Federal Contract Tower,0,0,10,34,44,0,0,11,0,11,0,0,21,34,55,40,0,40,95
03/30/2012,CNW,TX,ASW,CE,Federal Contract Tower,0,0,8,16,24,0,0,24,0,24,0,0,32,16,48,44,13,57,105
03/31/2012,CNW,TX,ASW,CE,Federal Contract Tower,0,0,1,2,3,0,0,11,0,11,0,0,12,2,14,14,0,14,28
04/01/2012,CNW,TX,ASW,CE,Federal Contract Tower,0,0,7,0,7,0,2,4,0,6,0,2,11,0,13,8,0,8,21
04/02/2012,CNW,TX,ASW,CE,Federal Contract Tower,0,0,5,40,45,0,2,21,0,23,0,2,26,40,68,30,8,38,106
04/03/2012,CNW,TX,ASW,CE,Federal Contract Tower,0,0,0,0,0,0,0,0,0,0,0,0,0,0,0,0,0,0,0
04/04/2012,CNW,TX,ASW,CE,Federal Contract Tower,0,0,8,0,8,0,0,22,0,22,0,0,30,0,30,48,0,48,78
04/05/2012,CNW,TX,ASW,CE,Federal Contract Tower,0,0,6,22,28,0,0,53,0,53,0,0,59,22,81,22,50,72,153
04/06/2012,CNW,TX,ASW,CE,Federal Contract Tower,0,0,0,2,2,0,0,28,0,28,0,0,28,2,30,16,54,70,100
04/07/2012,CNW,TX,ASW,CE,Federal Contract Tower,0,0,4,0,4,0,0,8,0,8,0,0,12,0,12,24,0,24,36
04/08/2012,CNW,TX,ASW,CE,Federal Contract Tower,0,0,0,0,0,0,0,0,0,0,0,0,0,0,0,0,0,0,0
04/09/2012,CNW,TX,ASW,CE,Federal Contract Tower,0,0,2,10,12,0,0,28,0,28,0,0,30,10,40,46,0,46,86
04/10/2012,CNW,TX,ASW,CE,Federal Contract Tower,0,0,10,4,14,0,2,47,0,49,0,2,57,4,63,66,20,86,149
04/11/2012,CNW,TX,ASW,CE,Federal Contract Tower,0,0,10,4,14,0,0,63,0,63,0,0,73,4,77,120,34,154,231
04/12/2012,CNW,TX,ASW,CE,Federal Contract Tower,0,0,12,24,36,0,0,29,4,33,0,0,41,28,69,6,24,30,99
04/13/2012,CNW,TX,ASW,CE,Federal Contract Tower,0,0,6,0,6,0,0,14,0,14,0,0,20,0,20,6,0,6,26
04/14/2012,CNW,TX,ASW,CE,Federal Contract Tower,0,0,2,0,2,0,0,5,0,5,0,0,7,0,7,0,0,0,7
04/15/2012,CNW,TX,ASW,CE,Federal Contract Tower,0,0,0,0,0,0,0,2,0,2,0,0,2,0,2,0,0,0,2
04/16/2012,CNW,TX,ASW,CE,Federal Contract Tower,0,0,2,12,14,0,0,46,0,46,0,0,48,12,60,60,10,70,130
04/17/2012,CNW,TX,ASW,CE,Federal Contract Tower,0,1,3,6,10,0,0,49,0,49,0,1,52,6,59,40,8,48,107
04/18/2012,CNW,TX,ASW,CE,Federal Contract Tower,0,0,5,25,30,0,0,56,0,56,0,0,61,25,86,138,124,262,348
04/19/2012,CNW,TX,ASW,CE,Federal Contract Tower,0,0,3,14,17,0,0,28,0,28,0,0,31,14,45,10,14,24,69
04/20/2012,CNW,TX,ASW,CE,Federal Contract Tower,0,0,0,0,0,0,0,9,0,9,0,0,9,0,9,0,0,0,9
04/21/2012,CNW,TX,ASW,CE,Federal Contract Tower,0,0,1,0,1,0,0,19,0,19,0,0,20,0,20,6,0,6,26
04/22/2012,CNW,TX,ASW,CE,Federal Contract Tower,0,0,2,0,2,0,0,19,0,19,0,0,21,0,21,36,0,36,57
04/23/2012,CNW,TX,ASW,CE,Federal Contract Tower,0,0,12,20,32,0,0,55,2,57,0,0,67,22,89,80,26,106,195
04/24/2012,CNW,TX,ASW,CE,Federal Contract Tower,0,0,9,10,19,0,0,39,0,39,0,0,48,10,58,48,24,72,130
04/25/2012,CNW,TX,ASW,CE,Federal Contract Tower,0,0,7,18,25,0,0,29,0,29,0,0,36,18,54,26,46,72,126
04/26/2012,CNW,TX,ASW,CE,Federal Contract Tower,0,0,13,17,30,0,0,48,1,49,0,0,61,18,79,72,54,126,205
04/27/2012,CNW,TX,ASW,CE,Federal Contract Tower,0,0,14,27,41,0,0,34,4,38,0,0,48,31,79,52,42,94,173
04/28/2012,CNW,TX,ASW,CE,Federal Contract Tower,0,0,0,4,4,0,0,31,0,31,0,0,31,4,35,8,0,8,43
04/29/2012,CNW,TX,ASW,CE,Federal Contract Tower,0,0,0,4,4,0,0,6,1,7,0,0,6,5,11,2,4,6,17
04/30/2012,CNW,TX,ASW,CE,Federal Contract Tower,0,0,15,40,55,0,2,48,0,50,0,2,63,40,105,94,12,106,211
05/01/2012,CNW,TX,ASW,CE,Federal Contract Tower,0,0,9,18,27,0,0,43,1,44,0,0,52,19,71,60,6,66,137
05/02/2012,CNW,TX,ASW,CE,Federal Contract Tower,0,2,18,1,21,0,0,60,0,60,0,2,78,1,81,98,0,98,179
05/03/2012,CNW,TX,ASW,CE,Federal Contract Tower,0,0,9,0,9,0,0,58,0,58,0,0,67,0,67,100,0,100,167
05/04/2012,CNW,TX,ASW,CE,Federal Contract Tower,0,0,3,21,24,0,0,40,0,40,0,0,43,21,64,54,50,104,168
05/05/2012,CNW,TX,ASW,CE,Federal Contract Tower,0,0,5,4,9,0,0,19,0,19,0,0,24,4,28,28,0,28,56
05/06/2012,CNW,TX,ASW,CE,Federal Contract Tower,0,0,3,0,3,0,0,6,0,6,0,0,9,0,9,22,0,22,31
05/07/2012,CNW,TX,ASW,CE,Federal Contract Tower,0,0,0,47,47,0,0,31,1,32,0,0,31,48,79,80,40,120,199
05/08/2012,CNW,TX,ASW,CE,Federal Contract Tower,0,0,11,0,11,0,0,5,0,5,0,0,16,0,16,0,0,0,16
05/09/2012,CNW,TX,ASW,CE,Federal Contract Tower,0,0,11,2,13,0,0,40,0,40,0,0,51,2,53,100,0,100,153
05/10/2012,CNW,TX,ASW,CE,Federal Contract Tower,0,2,11,7,20,0,0,45,6,51,0,2,56,13,71,84,12,96,167
05/11/2012,CNW,TX,ASW,CE,Federal Contract Tower,0,0,4,0,4,0,0,0,0,0,0,0,4,0,4,0,0,0,4
05/12/2012,CNW,TX,ASW,CE,Federal Contract Tower,0,0,2,0,2,0,0,10,0,10,0,0,12,0,12,0,0,0,12
05/13/2012,CNW,TX,ASW,CE,Federal Contract Tower,0,0,4,0,4,0,0,9,0,9,0,0,13,0,13,0,0,0,13
05/14/2012,CNW,TX,ASW,CE,Federal Contract Tower,0,0,4,17,21,0,0,37,3,40,0,0,41,20,61,50,74,124,185
05/15/2012,CNW,TX,ASW,CE,Federal Contract Tower,0,0,1,4,5,0,0,16,0,16,0,0,17,4,21,26,6,32,53
05/16/2012,CNW,TX,ASW,CE,Federal Contract Tower,0,0,3,1,4,0,0,68,2,70,0,0,71,3,74,162,0,162,236
05/17/2012,CNW,TX,ASW,CE,Federal Contract Tower,0,0,7,14,21,0,0,66,2,68,0,0,73,16,89,56,50,106,195
05/18/2012,CNW,TX,ASW,CE,Federal Contract Tower,0,0,5,0,5,0,0,30,4,34,0,0,35,4,39,16,12,28,67
05/19/2012,CNW,TX,ASW,CE,Federal Contract Tower,0,0,3,6,9,0,0,14,0,14,0,0,17,6,23,22,0,22,45
05/20/2012,CNW,TX,ASW,CE,Federal Contract Tower,0,0,3,0,3,0,0,7,1,8,0,0,10,1,11,0,0,0,11
05/21/2012,CNW,TX,ASW,CE,Federal Contract Tower,0,0,16,8,24,0,0,64,0,64,0,0,80,8,88,72,8,80,168
05/22/2012,CNW,TX,ASW,CE,Federal Contract Tower,0,0,7,30,37,0,0,53,6,59,0,0,60,36,96,42,90,132,228
05/23/2012,CNW,TX,ASW,CE,Federal Contract Tower,0,0,4,25,29,0,0,41,0,41,0,0,45,25,70,36,32,68,138
05/24/2012,CNW,TX,ASW,CE,Federal Contract Tower,0,0,12,8,20,0,0,22,0,22,0,0,34,8,42,18,64,82,124
05/25/2012,CNW,TX,ASW,CE,Federal Contract Tower,0,0,5,0,5,0,0,10,0,10,0,0,15,0,15,24,0,24,39
05/26/2012,CNW,TX,ASW,CE,Federal Contract Tower,0,0,2,3,5,0,0,19,0,19,0,0,21,3,24,11,0,11,35
05/27/2012,CNW,TX,ASW,CE,Federal Contract Tower,0,0,6,0,6,0,0,19,0,19,0,0,25,0,25,8,0,8,33
05/28/2012,CNW,TX,ASW,CE,Federal Contract Tower,0,0,12,0,12,0,0,43,4,47,0,0,55,4,59,80,0,80,139
05/29/2012,CNW,TX,ASW,CE,Federal Contract Tower,0,0,6,10,16,0,0,60,0,60,0,0,66,10,76,94,30,124,200
05/30/2012,CNW,TX,ASW,CE,Federal Contract Tower,0,0,3,9,12,0,0,22,0,22,0,0,25,9,34,70,0,70,104
05/31/2012,CNW,TX,ASW,CE,Federal Contract Tower,0,0,6,5,11,0,0,32,0,32,0,0,38,5,43,38,0,38,81
06/01/2012,CNW,TX,ASW,CE,Federal Contract Tower,0,0,2,10,12,0,0,22,1,23,0,0,24,11,35,28,4,32,67
06/02/2012,CNW,TX,ASW,CE,Federal Contract Tower,0,0,1,0,1,0,0,41,0,41,0,0,42,0,42,18,0,18,60
06/03/2012,CNW,TX,ASW,CE,Federal Contract Tower,0,0,0,0,0,0,0,5,0,5,0,0,5,0,5,0,0,0,5
06/04/2012,CNW,TX,ASW,CE,Federal Contract Tower,0,0,8,12,20,0,0,51,2,53,0,0,59,14,73,56,12,68,141
06/05/2012,CNW,TX,ASW,CE,Federal Contract Tower,0,0,17,4,21,0,0,35,0,35,0,0,52,4,56,12,0,12,68
06/06/2012,CNW,TX,ASW,CE,Federal Contract Tower,0,0,12,18,30,0,0,53,5,58,0,0,65,23,88,70,98,168,256
06/07/2012,CNW,TX,ASW,CE,Federal Contract Tower,0,0,12,0,12,0,0,12,0,12,0,0,24,0,24,28,0,28,52
06/08/2012,CNW,TX,ASW,CE,Federal Contract Tower,0,0,5,4,9,0,0,28,0,28,0,0,33,4,37,44,0,44,81
06/09/2012,CNW,TX,ASW,CE,Federal Contract Tower,0,0,1,8,9,0,0,11,0,11,0,0,12,8,20,6,0,6,26
06/10/2012,CNW,TX,ASW,CE,Federal Contract Tower,0,0,2,0,2,0,0,6,0,6,0,0,8,0,8,0,0,0,8
06/11/2012,CNW,TX,ASW,CE,Federal Contract Tower,0,0,11,1,12,0,0,47,0,47,0,0,58,1,59,28,0,28,87
06/12/2012,CNW,TX,ASW,CE,Federal Contract Tower,0,0,5,10,15,0,0,12,0,12,0,0,17,10,27,16,152,168,195
06/13/2012,CNW,TX,ASW,CE,Federal Contract Tower,0,0,3,9,12,0,0,31,0,31,0,0,34,9,43,34,8,42,85
06/14/2012,CNW,TX,ASW,CE,Federal Contract Tower,0,0,15,10,25,0,0,39,2,41,0,0,54,12,66,64,8,72,138
06/15/2012,CNW,TX,ASW,CE,Federal Contract Tower,0,0,12,0,12,0,0,29,0,29,0,0,41,0,41,44,0,44,85
06/16/2012,CNW,TX,ASW,CE,Federal Contract Tower,0,0,3,6,9,0,0,13,3,16,0,0,16,9,25,10,0,10,35
06/17/2012,CNW,TX,ASW,CE,Federal Contract Tower,0,0,8,0,8,0,0,12,0,12,0,0,20,0,20,0,0,0,20
06/18/2012,CNW,TX,ASW,CE,Federal Contract Tower,0,0,12,22,34,0,0,39,4,43,0,0,51,26,77,32,30,62,139
06/19/2012,CNW,TX,ASW,CE,Federal Contract Tower,0,0,6,29,35,0,0,15,0,15,0,0,21,29,50,34,32,66,116
06/20/2012,CNW,TX,ASW,CE,Federal Contract Tower,0,0,5,6,11,0,0,22,0,22,0,0,27,6,33,26,10,36,69
06/21/2012,CNW,TX,ASW,CE,Federal Contract Tower,0,0,10,39,49,0,0,36,3,39,0,0,46,42,88,62,124,186,274
06/22/2012,CNW,TX,ASW,CE,Federal Contract Tower,0,0,4,16,20,0,0,50,5,55,0,0,54,21,75,99,20,119,194
06/23/2012,CNW,TX,ASW,CE,Federal Contract Tower,0,0,3,0,3,0,0,12,2,14,0,0,15,2,17,8,0,8,25
06/24/2012,CNW,TX,ASW,CE,Federal Contract Tower,0,0,3,0,3,0,0,13,0,13,0,0,16,0,16,6,0,6,22
06/25/2012,CNW,TX,ASW,CE,Federal Contract Tower,0,0,3,3,6,0,0,48,1,49,0,0,51,4,55,66,38,104,159
06/26/2012,CNW,TX,ASW,CE,Federal Contract Tower,0,0,12,6,18,0,0,31,0,31,0,0,43,6,49,58,0,58,107
06/27/2012,CNW,TX,ASW,CE,Federal Contract Tower,0,0,11,12,23,0,0,47,2,49,0,0,58,14,72,84,90,174,246
06/28/2012,CNW,TX,ASW,CE,Federal Contract Tower,0,0,5,5,10,0,0,60,1,61,0,0,65,6,71,126,0,126,197
06/29/2012,CNW,TX,ASW,CE,Federal Contract Tower,0,0,15,4,19,0,0,37,0,37,0,0,52,4,56,24,0,24,80
06/30/2012,CNW,TX,ASW,CE,Federal Contract Tower,0,0,0,12,12,0,0,17,2,19,0,0,17,14,31,14,0,14,45
07/01/2012,CNW,TX,ASW,CE,Federal Contract Tower,0,0,6,0,6,0,0,8,0,8,0,0,14,0,14,0,0,0,14
07/02/2012,CNW,TX,ASW,CE,Federal Contract Tower,0,0,5,16,21,0,0,22,2,24,0,0,27,18,45,62,40,102,147
07/03/2012,CNW,TX,ASW,CE,Federal Contract Tower,0,0,3,6,9,0,0,24,2,26,0,0,27,8,35,20,68,88,123
07/04/2012,CNW,TX,ASW,CE,Federal Contract Tower,0,0,6,0,6,0,0,39,0,39,0,0,45,0,45,82,0,82,127
07/05/2012,CNW,TX,ASW,CE,Federal Contract Tower,0,0,10,1,11,0,0,45,0,45,0,0,55,1,56,50,0,50,106
07/06/2012,CNW,TX,ASW,CE,Federal Contract Tower,0,0,9,23,32,0,0,35,1,36,0,0,44,24,68,60,0,60,128
07/07/2012,CNW,TX,ASW,CE,Federal Contract Tower,0,0,0,0,0,0,0,13,0,13,0,0,13,0,13,0,0,0,13
07/08/2012,CNW,TX,ASW,CE,Federal Contract Tower,0,0,10,0,10,0,0,4,0,4,0,0,14,0,14,0,0,0,14
07/09/2012,CNW,TX,ASW,CE,Federal Contract Tower,0,0,2,6,8,0,0,17,2,19,0,0,19,8,27,52,20,72,99
07/10/2012,CNW,TX,ASW,CE,Federal Contract Tower,0,0,17,6,23,0,0,4,0,4,0,0,21,6,27,0,0,0,27
07/11/2012,CNW,TX,ASW,CE,Federal Contract Tower,0,0,9,6,15,0,0,3,0,3,0,0,12,6,18,18,0,18,36
07/12/2012,CNW,TX,ASW,CE,Federal Contract Tower,0,0,7,13,20,0,0,45,1,46,0,0,52,14,66,84,72,156,222
07/13/2012,CNW,TX,ASW,CE,Federal Contract Tower,0,0,3,0,3,0,0,15,0,15,0,0,18,0,18,12,0,12,30
07/14/2012,CNW,TX,ASW,CE,Federal Contract Tower,0,0,10,20,30,0,0,30,2,32,0,0,40,22,62,14,8,22,84
07/15/2012,CNW,TX,ASW,CE,Federal Contract Tower,0,0,9,4,13,0,0,14,2,16,0,0,23,6,29,20,22,42,71
07/16/2012,CNW,TX,ASW,CE,Federal Contract Tower,0,0,17,34,51,0,0,21,0,21,0,0,38,34,72,60,0,60,132
07/17/2012,CNW,TX,ASW,CE,Federal Contract Tower,0,0,16,27,43,0,0,37,0,37,0,0,53,27,80,76,56,132,212
07/18/2012,CNW,TX,ASW,CE,Federal Contract Tower,0,0,19,11,30,0,0,49,2,51,0,0,68,13,81,106,0,106,187
07/19/2012,CNW,TX,ASW,CE,Federal Contract Tower,0,0,13,13,26,0,0,52,0,52,0,0,65,13,78,36,8,44,122
07/20/2012,CNW,TX,ASW,CE,Federal Contract Tower,0,0,6,6,12,0,0,29,1,30,0,0,35,7,42,37,12,49,91
07/21/2012,CNW,TX,ASW,CE,Federal Contract Tower,0,0,3,25,28,0,0,26,1,27,0,0,29,26,55,20,40,60,115
07/22/2012,CNW,TX,ASW,CE,Federal Contract Tower,0,0,0,0,0,0,0,10,0,10,0,0,10,0,10,0,0,0,10
07/23/2012,CNW,TX,ASW,CE,Federal Contract Tower,0,0,8,16,24,0,0,38,0,38,0,0,46,16,62,58,78,136,198
07/24/2012,CNW,TX,ASW,CE,Federal Contract Tower,0,0,14,20,34,0,0,40,0,40,0,0,54,20,74,72,94,166,240
07/25/2012,CNW,TX,ASW,CE,Federal Contract Tower,0,0,12,2,14,0,0,43,0,43,0,0,55,2,57,18,14,32,89
07/26/2012,CNW,TX,ASW,CE,Federal Contract Tower,0,0,24,62,86,0,0,38,3,41,0,0,62,65,127,126,70,196,323
07/27/2012,CNW,TX,ASW,CE,Federal Contract Tower,0,0,1,4,5,0,0,31,2,33,0,0,32,6,38,16,70,86,124
07/28/2012,CNW,TX,ASW,CE,Federal Contract Tower,0,0,2,0,2,0,0,53,2,55,0,0,55,2,57,54,0,54,111
07/29/2012,CNW,TX,ASW,CE,Federal Contract Tower,0,0,3,2,5,0,0,6,0,6,0,0,9,2,11,0,0,0,11
07/30/2012,CNW,TX,ASW,CE,Federal Contract Tower,0,0,13,4,17,0,0,34,2,36,0,0,47,6,53,40,0,40,93
07/31/2012,CNW,TX,ASW,CE,Federal Contract Tower,0,0,11,16,27,0,0,31,1,32,0,0,42,17,59,49,41,90,149
08/01/2012,CNW,TX,ASW,CE,Federal Contract Tower,0,0,6,7,13,0,0,37,3,40,0,0,43,10,53,20,52,72,125
08/02/2012,CNW,TX,ASW,CE,Federal Contract Tower,0,0,10,72,82,0,0,34,1,35,0,0,44,73,117,79,106,185,302
08/03/2012,CNW,TX,ASW,CE,Federal Contract Tower,0,0,2,0,2,0,0,8,2,10,0,0,10,2,12,0,8,8,20
08/04/2012,CNW,TX,ASW,CE,Federal Contract Tower,0,0,6,18,24,0,0,33,4,37,0,0,39,22,61,4,0,4,65
08/05/2012,CNW,TX,ASW,CE,Federal Contract Tower,0,0,1,2,3,0,0,21,2,23,0,0,22,4,26,20,4,24,50
08/06/2012,CNW,TX,ASW,CE,Federal Contract Tower,0,0,5,29,34,0,0,42,1,43,0,0,47,30,77,34,40,74,151
08/07/2012,CNW,TX,ASW,CE,Federal Contract Tower,0,0,11,15,26,0,0,49,1,50,0,0,60,16,76,54,50,104,180
08/08/2012,CNW,TX,ASW,CE,Federal Contract Tower,0,0,9,20,29,0,0,34,0,34,0,0,43,20,63,68,64,132,195
08/09/2012,CNW,TX,ASW,CE,Federal Contract Tower,0,0,11,9,20,0,0,31,1,32,0,0,42,10,52,78,34,112,164
08/10/2012,CNW,TX,ASW,CE,Federal Contract Tower,0,0,19,9,28,0,0,46,0,46,0,0,65,9,74,60,42,102,176
08/11/2012,CNW,TX,ASW,CE,Federal Contract Tower,0,0,7,0,7,0,0,19,0,19,0,0,26,0,26,18,0,18,44
08/12/2012,CNW,TX,ASW,CE,Federal Contract Tower,0,0,0,2,2,0,0,4,0,4,0,0,4,2,6,4,8,12,18
08/13/2012,CNW,TX,ASW,CE,Federal Contract Tower,0,0,10,33,43,0,0,36,1,37,0,0,46,34,80,38,166,204,284
08/14/2012,CNW,TX,ASW,CE,Federal Contract Tower,0,0,7,15,22,0,0,46,1,47,0,0,53,16,69,78,24,102,171
08/15/2012,CNW,TX,ASW,CE,Federal Contract Tower,0,0,13,42,55,0,0,30,0,30,0,0,43,42,85,80,182,262,347
08/16/2012,CNW,TX,ASW,CE,Federal Contract Tower,0,0,6,22,28,0,0,42,11,53,0,0,48,33,81,50,24,74,155
08/17/2012,CNW,TX,ASW,CE,Federal Contract Tower,0,0,3,41,44,0,0,32,1,33,0,0,35,42,77,46,52,98,175
08/18/2012,CNW,TX,ASW,CE,Federal Contract Tower,0,0,0,6,6,0,0,2,0,2,0,0,2,6,8,0,0,0,8
08/19/2012,CNW,TX,ASW,CE,Federal Contract Tower,0,0,3,0,3,0,0,8,0,8,0,0,11,0,11,18,0,18,29
08/20/2012,CNW,TX,ASW,CE,Federal Contract Tower,0,0,7,0,7,0,0,54,0,54,0,0,61,0,61,78,0,78,139
08/21/2012,CNW,TX,ASW,CE,Federal Contract Tower,0,0,12,14,26,0,0,40,1,41,0,0,52,15,67,60,39,99,166
08/22/2012,CNW,TX,ASW,CE,Federal Contract Tower,0,0,5,30,35,0,0,32,2,34,0,0,37,32,69,70,30,100,169
08/23/2012,CNW,TX,ASW,CE,Federal Contract Tower,0,0,12,42,54,0,0,25,0,25,0,0,37,42,79,32,10,42,121
08/24/2012,CNW,TX,ASW,CE,Federal Contract Tower,0,0,24,39,63,0,0,20,3,23,0,0,44,42,86,32,8,40,126
08/25/2012,CNW,TX,ASW,CE,Federal Contract Tower,0,0,6,2,8,0,0,12,0,12,0,0,18,2,20,0,0,0,20
08/26/2012,CNW,TX,ASW,CE,Federal Contract Tower,0,0,0,2,2,0,0,3,0,3,0,0,3,2,5,0,0,0,5
08/27/2012,CNW,TX,ASW,CE,Federal Contract Tower,0,0,2,3,5,0,0,22,0,22,0,0,24,3,27,38,8,46,73
08/28/2012,CNW,TX,ASW,CE,Federal Contract Tower,0,0,23,2,25,0,0,34,3,37,0,0,57,5,62,18,20,38,100
08/29/2012,CNW,TX,ASW,CE,Federal Contract Tower,0,0,19,19,38,0,0,25,1,26,0,0,44,20,64,64,62,126,190
08/30/2012,CNW,TX,ASW,CE,Federal Contract Tower,0,0,17,6,23,0,0,34,0,34,0,0,51,6,57,56,26,82,139
08/31/2012,CNW,TX,ASW,CE,Federal Contract Tower,0,0,12,16,28,0,0,39,2,41,0,0,51,18,69,32,48,80,149
09/01/2012,CNW,TX,ASW,CE,Federal Contract Tower,0,0,3,0,3,0,0,26,0,26,0,0,29,0,29,2,0,2,31
09/02/2012,CNW,TX,ASW,CE,Federal Contract Tower,0,0,2,0,2,0,0,8,0,8,0,0,10,0,10,0,0,0,10
09/03/2012,CNW,TX,ASW,CE,Federal Contract Tower,0,0,0,0,0,0,0,27,0,27,0,0,27,0,27,16,0,16,43
09/04/2012,CNW,TX,ASW,CE,Federal Contract Tower,0,0,11,0,11,0,0,30,0,30,0,0,41,0,41,30,0,30,71
09/05/2012,CNW,TX,ASW,CE,Federal Contract Tower,0,0,0,8,8,0,0,10,2,12,0,0,10,10,20,8,0,8,28
09/06/2012,CNW,TX,ASW,CE,Federal Contract Tower,0,0,7,20,27,0,0,34,0,34,0,0,41,20,61,26,18,44,105
09/07/2012,CNW,TX,ASW,CE,Federal Contract Tower,0,0,6,29,35,0,0,37,0,37,0,0,43,29,72,22,42,64,136
09/08/2012,CNW,TX,ASW,CE,Federal Contract Tower,0,0,0,4,4,0,0,2,0,2,0,0,2,4,6,0,0,0,6
09/09/2012,CNW,TX,ASW,CE,Federal Contract Tower,0,0,11,0,11,0,0,17,0,17,0,0,28,0,28,0,0,0,28
09/10/2012,CNW,TX,ASW,CE,Federal Contract Tower,0,0,8,13,21,0,0,62,1,63,0,0,70,14,84,46,76,122,206
09/11/2012,CNW,TX,ASW,CE,Federal Contract Tower,0,0,6,14,20,0,0,50,0,50,0,0,56,14,70,100,26,126,196
09/12/2012,CNW,TX,ASW,CE,Federal Contract Tower,0,0,9,33,42,0,0,42,5,47,0,0,51,38,89,106,86,192,281
09/13/2012,CNW,TX,ASW,CE,Federal Contract Tower,0,0,7,0,7,0,0,3,2,5,0,0,10,2,12,0,0,0,12
09/14/2012,CNW,TX,ASW,CE,Federal Contract Tower,0,0,5,2,7,0,0,7,0,7,0,0,12,2,14,0,0,0,14
09/15/2012,CNW,TX,ASW,CE,Federal Contract Tower,0,0,0,2,2,0,0,5,0,5,0,0,5,2,7,2,8,10,17
09/16/2012,CNW,TX,ASW,CE,Federal Contract Tower,0,0,2,0,2,0,0,1,0,1,0,0,3,0,3,0,0,0,3
09/17/2012,CNW,TX,ASW,CE,Federal Contract Tower,0,0,2,2,4,0,0,26,2,28,0,0,28,4,32,56,0,56,88
09/18/2012,CNW,TX,ASW,CE,Federal Contract Tower,0,0,2,9,11,0,0,86,0,86,0,0,88,9,97,74,14,88,185
09/19/2012,CNW,TX,ASW,CE,Federal Contract Tower,0,0,3,20,23,0,0,65,1,66,0,0,68,21,89,78,62,140,229
09/20/2012,CNW,TX,ASW,CE,Federal Contract Tower,0,0,14,14,28,0,0,69,5,74,0,0,83,19,102,62,64,126,228
09/21/2012,CNW,TX,ASW,CE,Federal Contract Tower,0,0,7,13,20,0,0,47,2,49,0,0,54,15,69,76,0,76,145
09/22/2012,CNW,TX,ASW,CE,Federal Contract Tower,0,0,0,0,0,0,0,24,2,26,0,0,24,2,26,16,42,58,84
09/23/2012,CNW,TX,ASW,CE,Federal Contract Tower,0,0,3,0,3,0,0,32,0,32,0,0,35,0,35,22,0,22,57
09/24/2012,CNW,TX,ASW,CE,Federal Contract Tower,0,0,7,23,30,0,0,44,1,45,0,0,51,24,75,50,88,138,213
09/25/2012,CNW,TX,ASW,CE,Federal Contract Tower,0,0,5,16,21,0,0,36,3,39,0,0,41,19,60,28,108,136,196
09/26/2012,CNW,TX,ASW,CE,Federal Contract Tower,0,0,11,2,13,0,0,51,7,58,0,0,62,9,71,98,62,160,231
09/27/2012,CNW,TX,ASW,CE,Federal Contract Tower,0,0,2,26,28,0,0,55,10,65,0,0,57,36,93,76,132,208,301
09/28/2012,CNW,TX,ASW,CE,Federal Contract Tower,0,0,0,2,2,0,0,28,3,31,0,0,28,5,33,62,8,70,103
09/29/2012,CNW,TX,ASW,CE,Federal Contract Tower,0,0,0,0,0,0,0,0,0,0,0,0,0,0,0,0,0,0,0
09/30/2012,CNW,TX,ASW,CE,Federal Contract Tower,0,0,0,0,0,0,0,0,3,3,0,0,0,3,3,0,0,0,3
10/01/2012,CNW,TX,ASW,CE,Federal Contract Tower,0,0,0,16,16,0,0,52,2,54,0,0,52,18,70,114,38,152,222
10/02/2012,CNW,TX,ASW,CE,Federal Contract Tower,0,0,5,7,12,0,0,70,0,70,0,0,75,7,82,180,36,216,298
10/03/2012,CNW,TX,ASW,CE,Federal Contract Tower,0,0,5,23,28,0,0,61,6,67,0,0,66,29,95,112,36,148,243
10/04/2012,CNW,TX,ASW,CE,Federal Contract Tower,0,0,8,61,69,0,0,48,6,54,0,0,56,67,123,210,118,328,451
10/05/2012,CNW,TX,ASW,CE,Federal Contract Tower,0,0,7,20,27,0,0,44,0,44,0,0,51,20,71,114,18,132,203
10/06/2012,CNW,TX,ASW,CE,Federal Contract Tower,0,0,2,0,2,0,0,1,0,1,0,0,3,0,3,0,0,0,3
10/07/2012,CNW,TX,ASW,CE,Federal Contract Tower,0,0,2,0,2,0,0,11,0,11,0,0,13,0,13,0,0,0,13
10/08/2012,CNW,TX,ASW,CE,Federal Contract Tower,0,0,1,0,1,0,0,67,0,67,0,0,68,0,68,196,0,196,264
10/09/2012,CNW,TX,ASW,CE,Federal Contract Tower,0,0,3,10,13,0,0,31,4,35,0,0,34,14,48,116,52,168,216
10/10/2012,CNW,TX,ASW,CE,Federal Contract Tower,0,0,2,12,14,0,0,25,4,29,0,0,27,16,43,74,48,122,165
10/11/2012,CNW,TX,ASW,CE,Federal Contract Tower,0,0,7,28,35,0,0,32,0,32,0,0,39,28,67,24,0,24,91
10/12/2012,CNW,TX,ASW,CE,Federal Contract Tower,0,0,5,8,13,0,0,32,0,32,0,0,37,8,45,100,0,100,145
10/13/2012,CNW,TX,ASW,CE,Federal Contract Tower,0,0,5,0,5,0,0,3,0,3,0,0,8,0,8,20,0,20,28
10/14/2012,CNW,TX,ASW,CE,Federal Contract Tower,0,0,9,4,13,0,0,10,0,10,0,0,19,4,23,18,0,18,41
10/15/2012,CNW,TX,ASW,CE,Federal Contract Tower,0,0,4,20,24,0,0,69,3,72,0,0,73,23,96,92,42,134,230
10/16/2012,CNW,TX,ASW,CE,Federal Contract Tower,0,0,6,31,37,0,0,54,0,54,0,0,60,31,91,88,88,176,267
10/17/2012,CNW,TX,ASW,CE,Federal Contract Tower,0,0,4,17,21,0,0,15,8,23,0,0,19,25,44,4,42,46,90
10/18/2012,CNW,TX,ASW,CE,Federal Contract Tower,0,0,16,8,24,0,0,66,0,66,0,0,82,8,90,136,28,164,254
10/19/2012,CNW,TX,ASW,CE,Federal Contract Tower,0,0,0,20,20,0,2,77,5,84,0,2,77,25,104,164,30,194,298
10/20/2012,CNW,TX,ASW,CE,Federal Contract Tower,0,0,3,1,4,0,0,210,5,215,0,0,213,6,219,4,62,66,285
10/21/2012,CNW,TX,ASW,CE,Federal Contract Tower,0,0,0,0,0,0,0,17,0,17,0,0,17,0,17,18,0,18,35
10/22/2012,CNW,TX,ASW,CE,Federal Contract Tower,0,0,0,31,31,0,0,44,1,45,0,0,44,32,76,176,8,184,260
10/23/2012,CNW,TX,ASW,CE,Federal Contract Tower,0,0,7,21,28,0,0,104,1,105,0,0,111,22,133,598,2,600,733
10/24/2012,CNW,TX,ASW,CE,Federal Contract Tower,0,0,3,8,11,0,0,48,2,50,0,0,51,10,61,318,0,318,379
10/25/2012,CNW,TX,ASW,CE,Federal Contract Tower,0,0,8,4,12,0,0,56,2,58,0,0,64,6,70,64,0,64,134
10/26/2012,CNW,TX,ASW,CE,Federal Contract Tower,0,0,9,10,19,0,0,31,7,38,0,0,40,17,57,54,18,72,129
10/27/2012,CNW,TX,ASW,CE,Federal Contract Tower,0,0,4,0,4,0,0,41,5,46,0,0,45,5,50,32,0,32,82
10/28/2012,CNW,TX,ASW,CE,Federal Contract Tower,0,0,1,0,1,0,0,15,0,15,0,0,16,0,16,6,0,6,22
10/29/2012,CNW,TX,ASW,CE,Federal Contract Tower,0,0,3,6,9,0,0,67,0,67,0,0,70,6,76,162,14,176,252
10/30/2012,CNW,TX,ASW,CE,Federal Contract Tower,0,0,2,54,56,0,0,63,0,63,0,0,65,54,119,160,180,340,459
10/31/2012,CNW,TX,ASW,CE,Federal Contract Tower,0,0,3,18,21,0,0,69,0,69,0,0,72,18,90,112,6,118,208
11/01/2012,CNW,TX,ASW,CE,Federal Contract Tower,0,0,2,1,3,0,0,71,2,73,0,0,73,3,76,130,8,138,214
11/02/2012,CNW,TX,ASW,CE,Federal Contract Tower,0,0,2,5,7,0,2,45,1,48,0,2,47,6,55,60,20,80,135
11/03/2012,CNW,TX,ASW,CE,Federal Contract Tower,0,0,3,2,5,0,0,8,0,8,0,0,11,2,13,8,0,8,21
11/04/2012,CNW,TX,ASW,CE,Federal Contract Tower,0,0,1,0,1,0,0,12,0,12,0,0,13,0,13,8,0,8,21
11/05/2012,CNW,TX,ASW,CE,Federal Contract Tower,0,0,11,4,15,0,0,54,0,54,0,0,65,4,69,50,0,50,119
11/06/2012,CNW,TX,ASW,CE,Federal Contract Tower,0,0,7,27,34,0,2,52,0,54,0,2,59,27,88,84,72,156,244
11/07/2012,CNW,TX,ASW,CE,Federal Contract Tower,0,0,5,8,13,0,0,66,0,66,0,0,71,8,79,148,28,176,255
11/08/2012,CNW,TX,ASW,CE,Federal Contract Tower,0,0,8,8,16,0,0,19,0,19,0,0,27,8,35,48,0,48,83
11/09/2012,CNW,TX,ASW,CE,Federal Contract Tower,0,2,8,27,37,0,4,25,4,33,0,6,33,31,70,46,58,104,174
11/10/2012,CNW,TX,ASW,CE,Federal Contract Tower,0,0,6,0,6,0,0,6,0,6,0,0,12,0,12,0,0,0,12
11/11/2012,CNW,TX,ASW,CE,Federal Contract Tower,0,0,0,0,0,0,0,2,0,2,0,0,2,0,2,0,0,0,2
11/12/2012,CNW,TX,ASW,CE,Federal Contract Tower,0,0,12,0,12,0,0,61,0,61,0,0,73,0,73,148,0,148,221
11/13/2012,CNW,TX,ASW,CE,Federal Contract Tower,0,0,4,6,10,0,0,47,1,48,0,0,51,7,58,104,30,134,192
11/14/2012,CNW,TX,ASW,CE,Federal Contract Tower,0,0,1,10,11,2,2,52,0,56,2,2,53,10,67,72,20,92,159
11/15/2012,CNW,TX,ASW,CE,Federal Contract Tower,0,0,7,27,34,0,0,49,5,54,0,0,56,32,88,142,96,238,326
11/16/2012,CNW,TX,ASW,CE,Federal Contract Tower,0,0,12,9,21,0,0,29,1,30,0,0,41,10,51,38,4,42,93
11/17/2012,CNW,TX,ASW,CE,Federal Contract Tower,0,0,0,3,3,0,0,34,0,34,0,0,34,3,37,25,0,25,62
11/18/2012,CNW,TX,ASW,CE,Federal Contract Tower,0,0,7,4,11,0,0,16,1,17,0,0,23,5,28,8,0,8,36
11/19/2012,CNW,TX,ASW,CE,Federal Contract Tower,0,0,3,5,8,0,0,49,0,49,0,0,52,5,57,74,4,78,135
11/20/2012,CNW,TX,ASW,CE,Federal Contract Tower,0,0,11,26,37,0,0,46,1,47,0,0,57,27,84,152,92,244,328
11/21/2012,CNW,TX,ASW,CE,Federal Contract Tower,0,0,1,0,1,0,0,33,0,33,0,0,34,0,34,91,18,109,143
11/22/2012,CNW,TX,ASW,CE,Federal Contract Tower,0,0,0,0,0,0,0,4,0,4,0,0,4,0,4,0,0,0,4
11/23/2012,CNW,TX,ASW,CE,Federal Contract Tower,0,0,1,0,1,0,0,4,0,4,0,0,5,0,5,0,0,0,5
11/24/2012,CNW,TX,ASW,CE,Federal Contract Tower,0,0,0,0,0,0,0,16,0,16,0,0,16,0,16,76,0,76,92
11/25/2012,CNW,TX,ASW,CE,Federal Contract Tower,0,0,2,0,2,0,0,6,0,6,0,0,8,0,8,0,0,0,8
11/26/2012,CNW,TX,ASW,CE,Federal Contract Tower,0,0,9,21,30,0,0,38,1,39,0,0,47,22,69,82,26,108,177
11/27/2012,CNW,TX,ASW,CE,Federal Contract Tower,0,0,14,16,30,0,0,34,0,34,0,0,48,16,64,126,12,138,202
11/28/2012,CNW,TX,ASW,CE,Federal Contract Tower,0,0,8,4,12,0,0,70,2,72,0,0,78,6,84,124,0,124,208
11/29/2012,CNW,TX,ASW,CE,Federal Contract Tower,0,0,13,1,14,0,0,52,3,55,0,0,65,4,69,144,22,166,235
11/30/2012,CNW,TX,ASW,CE,Federal Contract Tower,0,0,14,10,24,0,0,14,0,14,0,0,28,10,38,48,10,58,96
12/01/2012,CNW,TX,ASW,CE,Federal Contract Tower,0,0,4,2,6,0,0,14,0,14,0,0,18,2,20,26,0,26,46
12/02/2012,CNW,TX,ASW,CE,Federal Contract Tower,0,0,2,1,3,0,0,7,0,7,0,0,9,1,10,5,0,5,15
12/03/2012,CNW,TX,ASW,CE,Federal Contract Tower,0,0,2,4,6,0,0,22,0,22,0,0,24,4,28,72,18,90,118
12/04/2012,CNW,TX,ASW,CE,Federal Contract Tower,0,0,12,6,18,0,0,39,0,39,0,0,51,6,57,68,98,166,223
12/05/2012,CNW,TX,ASW,CE,Federal Contract Tower,0,0,12,10,22,0,0,54,0,54,0,0,66,10,76,72,76,148,224
12/06/2012,CNW,TX,ASW,CE,Federal Contract Tower,0,0,8,6,14,0,0,26,0,26,0,0,34,6,40,72,10,82,122
12/07/2012,CNW,TX,ASW,CE,Federal Contract Tower,0,0,1,24,25,0,0,14,0,14,0,0,15,24,39,50,8,58,97
12/08/2012,CNW,TX,ASW,CE,Federal Contract Tower,0,0,4,0,4,0,0,14,0,14,0,0,18,0,18,44,0,44,62
12/09/2012,CNW,TX,ASW,CE,Federal Contract Tower,0,0,0,0,0,0,0,6,0,6,0,0,6,0,6,0,0,0,6
12/10/2012,CNW,TX,ASW,CE,Federal Contract Tower,0,0,8,2,10,0,0,32,0,32,0,0,40,2,42,30,0,30,72
12/11/2012,CNW,TX,ASW,CE,Federal Contract Tower,0,0,6,8,14,0,0,50,0,50,0,0,56,8,64,184,26,210,274
12/12/2012,CNW,TX,ASW,CE,Federal Contract Tower,0,0,7,11,18,0,0,56,0,56,0,0,63,11,74,128,26,154,228
12/13/2012,CNW,TX,ASW,CE,Federal Contract Tower,0,0,5,12,17,0,0,47,2,49,0,0,52,14,66,60,30,90,156
12/14/2012,CNW,TX,ASW,CE,Federal Contract Tower,0,0,10,2,12,0,0,2,0,2,0,0,12,2,14,0,0,0,14
12/15/2012,CNW,TX,ASW,CE,Federal Contract Tower,0,0,2,8,10,0,0,20,0,20,0,0,22,8,30,42,0,42,72
12/16/2012,CNW,TX,ASW,CE,Federal Contract Tower,0,0,7,0,7,0,0,10,0,10,0,0,17,0,17,26,0,26,43
12/17/2012,CNW,TX,ASW,CE,Federal Contract Tower,0,0,6,6,12,0,0,21,0,21,0,0,27,6,33,30,20,50,83
12/18/2012,CNW,TX,ASW,CE,Federal Contract Tower,0,0,0,18,18,0,0,33,0,33,0,0,33,18,51,70,24,94,145
12/19/2012,CNW,TX,ASW,CE,Federal Contract Tower,0,0,3,31,34,0,0,1,0,1,0,0,4,31,35,4,34,38,73
12/20/2012,CNW,TX,ASW,CE,Federal Contract Tower,0,0,2,6,8,0,0,11,2,13,0,0,13,8,21,10,30,40,61
12/21/2012,CNW,TX,ASW,CE,Federal Contract Tower,0,0,6,1,7,0,0,34,0,34,0,0,40,1,41,74,0,74,115
12/22/2012,CNW,TX,ASW,CE,Federal Contract Tower,0,0,7,0,7,0,0,6,0,6,0,0,13,0,13,6,0,6,19
12/23/2012,CNW,TX,ASW,CE,Federal Contract Tower,0,0,0,0,0,0,0,0,0,0,0,0,0,0,0,0,0,0,0
12/24/2012,CNW,TX,ASW,CE,Federal Contract Tower,0,0,0,0,0,0,0,8,0,8,0,0,8,0,8,2,0,2,10
12/25/2012,CNW,TX,ASW,CE,Federal Contract Tower,0,0,0,0,0,0,0,0,0,0,0,0,0,0,0,0,0,0,0
12/26/2012,CNW,TX,ASW,CE,Federal Contract Tower,0,0,1,0,1,0,0,5,0,5,0,0,6,0,6,0,0,0,6
12/27/2012,CNW,TX,ASW,CE,Federal Contract Tower,0,0,1,0,1,0,0,14,0,14,0,0,15,0,15,32,0,32,47
12/28/2012,CNW,TX,ASW,CE,Federal Contract Tower,0,0,4,0,4,0,0,2,0,2,0,0,6,0,6,0,0,0,6
12/29/2012,CNW,TX,ASW,CE,Federal Contract Tower,0,0,8,0,8,0,0,8,0,8,0,0,16,0,16,6,0,6,22
12/30/2012,CNW,TX,ASW,CE,Federal Contract Tower,0,0,0,0,0,0,0,5,0,5,0,0,5,0,5,2,0,2,7
12/31/2012,CNW,TX,ASW,CE,Federal Contract Tower,0,0,0,0,0,0,0,0,0,0,0,0,0,0,0,0,0,0,0
01/01/2013,CNW,TX,ASW,CE,Federal Contract Tower,0,0,0,0,0,0,0,0,0,0,0,0,0,0,0,0,0,0,0
01/02/2013,CNW,TX,ASW,CE,Federal Contract Tower,0,0,1,0,1,0,0,6,0,6,0,0,7,0,7,6,0,6,13
01/03/2013,CNW,TX,ASW,CE,Federal Contract Tower,0,0,3,4,7,0,0,20,1,21,0,0,23,5,28,2,2,4,32
01/04/2013,CNW,TX,ASW,CE,Federal Contract Tower,0,0,2,0,2,0,0,8,0,8,0,0,10,0,10,38,0,38,48
01/05/2013,CNW,TX,ASW,CE,Federal Contract Tower,0,4,3,0,7,0,0,12,0,12,0,4,15,0,19,6,0,6,25
01/06/2013,CNW,TX,ASW,CE,Federal Contract Tower,0,0,1,0,1,0,0,14,0,14,0,0,15,0,15,22,0,22,37
01/07/2013,CNW,TX,ASW,CE,Federal Contract Tower,0,0,1,0,1,0,0,19,0,19,0,0,20,0,20,86,0,86,106
01/08/2013,CNW,TX,ASW,CE,Federal Contract Tower,0,0,2,0,2,0,0,0,0,0,0,0,2,0,2,0,0,0,2
01/09/2013,CNW,TX,ASW,CE,Federal Contract Tower,0,0,0,0,0,0,0,0,0,0,0,0,0,0,0,0,0,0,0
01/10/2013,CNW,TX,ASW,CE,Federal Contract Tower,0,0,12,25,37,0,0,29,0,29,0,0,41,25,66,44,10,54,120
01/11/2013,CNW,TX,ASW,CE,Federal Contract Tower,0,0,8,25,33,0,0,37,2,39,0,0,45,27,72,66,44,110,182
01/12/2013,CNW,TX,ASW,CE,Federal Contract Tower,0,0,2,3,5,0,0,0,0,0,0,0,2,3,5,0,0,0,5
01/13/2013,CNW,TX,ASW,CE,Federal Contract Tower,0,0,2,0,2,0,0,8,0,8,0,0,10,0,10,0,0,0,10
01/14/2013,CNW,TX,ASW,CE,Federal Contract Tower,0,0,13,2,15,0,0,43,0,43,0,0,56,2,58,106,26,132,190
01/15/2013,CNW,TX,ASW,CE,Federal Contract Tower,0,0,0,0,0,0,0,0,0,0,0,0,0,0,0,0,0,0,0
01/16/2013,CNW,TX,ASW,CE,Federal Contract Tower,0,5,36,4,45,0,0,58,0,58,0,5,94,4,103,140,54,194,297
01/17/2013,CNW,TX,ASW,CE,Federal Contract Tower,0,0,9,15,24,0,0,55,2,57,0,0,64,17,81,102,56,158,239
01/18/2013,CNW,TX,ASW,CE,Federal Contract Tower,0,0,5,17,22,0,0,48,2,50,0,0,53,19,72,62,48,110,182
01/19/2013,CNW,TX,ASW,CE,Federal Contract Tower,0,0,1,0,1,0,0,26,0,26,0,0,27,0,27,64,0,64,91
01/20/2013,CNW,TX,ASW,CE,Federal Contract Tower,0,0,0,0,0,0,0,15,0,15,0,0,15,0,15,16,0,16,31
01/21/2013,CNW,TX,ASW,CE,Federal Contract Tower,0,0,6,0,6,0,0,25,0,25,0,0,31,0,31,28,0,28,59
01/22/2013,CNW,TX,ASW,CE,Federal Contract Tower,0,0,3,5,8,0,0,32,1,33,0,0,35,6,41,84,96,180,221
01/23/2013,CNW,TX,ASW,CE,Federal Contract Tower,0,0,4,16,20,0,0,29,0,29,0,0,33,16,49,120,2,122,171
01/24/2013,CNW,TX,ASW,CE,Federal Contract Tower,0,0,6,4,10,0,0,22,0,22,0,0,28,4,32,106,0,106,138
01/25/2013,CNW,TX,ASW,CE,Federal Contract Tower,0,0,4,4,8,0,0,2,0,2,0,0,6,4,10,0,0,0,10
01/26/2013,CNW,TX,ASW,CE,Federal Contract Tower,0,0,2,2,4,0,0,0,0,0,0,0,2,2,4,0,0,0,4
01/27/2013,CNW,TX,ASW,CE,Federal Contract Tower,0,0,2,0,2,0,0,13,0,13,0,0,15,0,15,4,0,4,19
01/28/2013,CNW,TX,ASW,CE,Federal Contract Tower,0,0,2,8,10,0,0,7,0,7,0,0,9,8,17,8,0,8,25
01/29/2013,CNW,TX,ASW,CE,Federal Contract Tower,0,0,5,0,5,0,2,0,0,2,0,2,5,0,7,0,0,0,7
01/30/2013,CNW,TX,ASW,CE,Federal Contract Tower,0,0,7,12,19,0,0,37,0,37,0,0,44,12,56,42,96,138,194
01/31/2013,CNW,TX,ASW,CE,Federal Contract Tower,0,0,8,10,18,0,0,56,1,57,0,0,64,11,75,90,52,142,217
02/01/2013,CNW,TX,ASW,CE,Federal Contract Tower,0,0,9,3,12,0,0,39,0,39,0,0,48,3,51,30,6,36,87
02/02/2013,CNW,TX,ASW,CE,Federal Contract Tower,0,0,6,0,6,0,0,38,0,38,0,0,44,0,44,86,0,86,130
02/03/2013,CNW,TX,ASW,CE,Federal Contract Tower,0,0,2,0,2,0,0,5,0,5,0,0,7,0,7,0,0,0,7
02/04/2013,CNW,TX,ASW,CE,Federal Contract Tower,0,0,7,10,17,0,0,15,0,15,0,0,22,10,32,32,42,74,106
02/05/2013,CNW,TX,ASW,CE,Federal Contract Tower,0,0,11,3,14,0,0,17,2,19,0,0,28,5,33,50,14,64,97
02/06/2013,CNW,TX,ASW,CE,Federal Contract Tower,0,0,11,2,13,0,0,5,0,5,0,0,16,2,18,20,12,32,50
02/07/2013,CNW,TX,ASW,CE,Federal Contract Tower,0,0,6,1,7,0,2,35,1,38,0,2,41,2,45,96,20,116,161
02/08/2013,CNW,TX,ASW,CE,Federal Contract Tower,0,0,6,8,14,0,0,50,1,51,0,0,56,9,65,52,52,104,169
02/09/2013,CNW,TX,ASW,CE,Federal Contract Tower,0,0,1,0,1,0,0,0,0,0,0,0,1,0,1,0,0,0,1
02/10/2013,CNW,TX,ASW,CE,Federal Contract Tower,0,0,0,0,0,0,0,11,0,11,0,0,11,0,11,0,0,0,11
02/11/2013,CNW,TX,ASW,CE,Federal Contract Tower,0,0,1,6,7,0,0,16,0,16,0,0,17,6,23,36,72,108,131
02/12/2013,CNW,TX,ASW,CE,Federal Contract Tower,0,0,10,0,10,0,0,15,0,15,0,0,25,0,25,42,0,42,67
02/13/2013,CNW,TX,ASW,CE,Federal Contract Tower,0,0,8,12,20,0,0,59,0,59,0,0,67,12,79,136,74,210,289
02/14/2013,CNW,TX,ASW,CE,Federal Contract Tower,0,0,16,20,36,0,0,40,2,42,0,0,56,22,78,86,78,164,242
02/15/2013,CNW,TX,ASW,CE,Federal Contract Tower,0,0,8,5,13,0,0,29,3,32,0,0,37,8,45,38,22,60,105
02/16/2013,CNW,TX,ASW,CE,Federal Contract Tower,0,0,2,1,3,0,0,34,0,34,0,0,36,1,37,78,0,78,115
02/17/2013,CNW,TX,ASW,CE,Federal Contract Tower,0,0,0,1,1,0,0,11,0,11,0,0,11,1,12,4,6,10,22
02/18/2013,CNW,TX,ASW,CE,Federal Contract Tower,0,0,3,0,3,0,0,5,0,5,0,0,8,0,8,0,0,0,8
02/19/2013,CNW,TX,ASW,CE,Federal Contract Tower,0,0,9,6,15,0,0,47,0,47,0,0,56,6,62,76,12,88,150
02/20/2013,CNW,TX,ASW,CE,Federal Contract Tower,0,0,4,5,9,0,0,16,0,16,0,0,20,5,25,38,24,62,87
02/21/2013,CNW,TX,ASW,CE,Federal Contract Tower,0,0,3,5,8,0,0,12,0,12,0,0,15,5,20,4,0,4,24
02/22/2013,CNW,TX,ASW,CE,Federal Contract Tower,0,0,2,10,12,0,0,41,0,41,0,0,43,10,53,88,52,140,193
02/23/2013,CNW,TX,ASW,CE,Federal Contract Tower,0,0,40,8,48,0,0,26,0,26,0,0,66,8,74,44,0,44,118
02/24/2013,CNW,TX,ASW,CE,Federal Contract Tower,0,0,0,0,0,0,0,13,0,13,0,0,13,0,13,18,0,18,31
02/25/2013,CNW,TX,ASW,CE,Federal Contract Tower,0,0,0,0,0,0,0,0,0,0,0,0,0,0,0,0,0,0,0
02/26/2013,CNW,TX,ASW,CE,Federal Contract Tower,0,0,14,8,22,0,0,51,0,51,0,0,65,8,73,100,58,158,231
02/27/2013,CNW,TX,ASW,CE,Federal Contract Tower,0,0,8,7,15,0,0,51,3,54,0,0,59,10,69,106,70,176,245
02/28/2013,CNW,TX,ASW,CE,Federal Contract Tower,0,0,7,5,12,0,0,46,0,46,0,0,53,5,58,120,16,136,194
03/01/2013,CNW,TX,ASW,CE,Federal Contract Tower,0,0,1,15,16,0,0,27,3,30,0,0,28,18,46,54,56,110,156
03/02/2013,CNW,TX,ASW,CE,Federal Contract Tower,0,0,2,1,3,0,0,28,0,28,0,0,30,1,31,34,0,34,65
03/03/2013,CNW,TX,ASW,CE,Federal Contract Tower,0,0,0,0,0,0,0,3,0,3,0,0,3,0,3,0,0,0,3
03/04/2013,CNW,TX,ASW,CE,Federal Contract Tower,0,0,2,28,30,0,0,52,1,53,0,0,54,29,83,140,52,192,275
03/05/2013,CNW,TX,ASW,CE,Federal Contract Tower,0,0,2,0,2,0,0,17,0,17,0,0,19,0,19,36,0,36,55
03/06/2013,CNW,TX,ASW,CE,Federal Contract Tower,0,0,8,13,21,0,0,58,0,58,0,0,66,13,79,134,66,200,279
03/07/2013,CNW,TX,ASW,CE,Federal Contract Tower,0,0,12,27,39,0,0,53,4,57,0,0,65,31,96,100,54,154,250
03/08/2013,CNW,TX,ASW,CE,Federal Contract Tower,0,0,3,13,16,0,0,9,0,9,0,0,12,13,25,44,16,60,85
03/09/2013,CNW,TX,ASW,CE,Federal Contract Tower,0,0,3,0,3,0,0,0,0,0,0,0,3,0,3,0,0,0,3
03/10/2013,CNW,TX,ASW,CE,Federal Contract Tower,0,0,0,1,1,0,0,1,0,1,0,0,1,1,2,0,0,0,2
03/11/2013,CNW,TX,ASW,CE,Federal Contract Tower,0,0,6,6,12,0,0,19,0,19,0,0,25,6,31,30,20,50,81
03/12/2013,CNW,TX,ASW,CE,Federal Contract Tower,0,0,6,10,16,0,0,55,2,57,0,0,61,12,73,124,52,176,249
03/13/2013,CNW,TX,ASW,CE,Federal Contract Tower,0,0,6,23,29,0,0,69,0,69,0,0,75,23,98,74,28,102,200
03/14/2013,CNW,TX,ASW,CE,Federal Contract Tower,0,0,12,19,31,0,0,53,0,53,0,0,65,19,84,78,32,110,194
03/15/2013,CNW,TX,ASW,CE,Federal Contract Tower,0,0,6,20,26,0,0,20,0,20,0,0,26,20,46,28,40,68,114
03/16/2013,CNW,TX,ASW,CE,Federal Contract Tower,0,0,2,0,2,0,2,4,0,6,0,2,6,0,8,4,0,4,12
03/17/2013,CNW,TX,ASW,CE,Federal Contract Tower,0,0,0,0,0,0,0,11,0,11,0,0,11,0,11,6,0,6,17
03/18/2013,CNW,TX,ASW,CE,Federal Contract Tower,0,0,2,8,10,0,0,33,0,33,0,0,35,8,43,66,32,98,141
03/19/2013,CNW,TX,ASW,CE,Federal Contract Tower,0,0,6,6,12,0,0,51,0,51,0,0,57,6,63,108,46,154,217
03/20/2013,CNW,TX,ASW,CE,Federal Contract Tower,0,0,0,4,4,0,0,38,2,40,0,0,38,6,44,120,92,212,256
03/21/2013,CNW,TX,ASW,CE,Federal Contract Tower,0,0,7,11,18,0,0,18,1,19,0,0,25,12,37,24,54,78,115
03/22/2013,CNW,TX,ASW,CE,Federal Contract Tower,0,0,20,13,33,0,0,19,0,19,0,0,39,13,52,48,10,58,110
03/23/2013,CNW,TX,ASW,CE,Federal Contract Tower,0,0,4,6,10,0,0,4,0,4,0,0,8,6,14,28,0,28,42
03/24/2013,CNW,TX,ASW,CE,Federal Contract Tower,0,0,0,5,5,0,0,3,0,3,0,0,3,5,8,6,0,6,14
03/25/2013,CNW,TX,ASW,CE,Federal Contract Tower,0,0,4,13,17,0,0,44,2,46,0,0,48,15,63,130,132,262,325
03/26/2013,CNW,TX,ASW,CE,Federal Contract Tower,0,0,17,4,21,0,0,62,3,65,0,0,79,7,86,202,10,212,298
03/27/2013,CNW,TX,ASW,CE,Federal Contract Tower,0,0,9,36,45,0,0,59,5,64,0,0,68,41,109,154,290,444,553
03/28/2013,CNW,TX,ASW,CE,Federal Contract Tower,0,0,8,31,39,0,0,44,1,45,0,0,52,32,84,168,146,314,398
03/29/2013,CNW,TX,ASW,CE,Federal Contract Tower,0,0,6,0,6,0,0,11,0,11,0,0,17,0,17,50,0,50,67
03/30/2013,CNW,TX,ASW,CE,Federal Contract Tower,0,0,3,0,3,0,2,3,0,5,0,2,6,0,8,10,0,10,18
03/31/2013,CNW,TX,ASW,CE,Federal Contract Tower,0,0,0,0,0,0,0,0,2,2,0,0,0,2,2,0,0,0,2
04/01/2013,CNW,TX,ASW,CE,Federal Contract Tower,0,0,4,6,10,0,0,58,4,62,0,0,62,10,72,50,46,96,168
04/02/2013,CNW,TX,ASW,CE,Federal Contract Tower,0,0,8,2,10,0,0,0,0,0,0,0,8,2,10,0,0,0,10
04/03/2013,CNW,TX,ASW,CE,Federal Contract Tower,0,0,10,4,14,0,0,0,0,0,0,0,10,4,14,0,0,0,14
04/04/2013,CNW,TX,ASW,CE,Federal Contract Tower,0,0,14,5,19,0,0,21,2,23,0,0,35,7,42,80,10,90,132
04/05/2013,CNW,TX,ASW,CE,Federal Contract Tower,0,0,8,10,18,0,0,57,2,59,0,0,65,12,77,62,54,116,193
04/06/2013,CNW,TX,ASW,CE,Federal Contract Tower,0,0,10,0,10,0,0,18,0,18,0,0,28,0,28,8,0,8,36
04/07/2013,CNW,TX,ASW,CE,Federal Contract Tower,0,0,0,0,0,0,0,5,0,5,0,0,5,0,5,10,0,10,15
04/08/2013,CNW,TX,ASW,CE,Federal Contract Tower,0,0,5,7,12,0,0,16,0,16,0,0,21,7,28,52,10,62,90
04/09/2013,CNW,TX,ASW,CE,Federal Contract Tower,0,0,6,2,8,0,0,18,0,18,0,0,24,2,26,24,12,36,62
04/10/2013,CNW,TX,ASW,CE,Federal Contract Tower,0,0,6,0,6,0,0,1,0,1,0,0,7,0,7,0,0,0,7
04/11/2013,CNW,TX,ASW,CE,Federal Contract Tower,0,0,4,16,20,0,0,61,1,62,0,0,65,17,82,140,98,238,320
04/12/2013,CNW,TX,ASW,CE,Federal Contract Tower,2,0,3,2,7,0,0,55,4,59,2,0,58,6,66,52,28,80,146
04/13/2013,CNW,TX,ASW,CE,Federal Contract Tower,0,0,4,0,4,0,0,49,0,49,0,0,53,0,53,126,0,126,179
04/14/2013,CNW,TX,ASW,CE,Federal Contract Tower,0,0,5,0,5,0,0,13,0,13,0,0,18,0,18,16,0,16,34
04/15/2013,CNW,TX,ASW,CE,Federal Contract Tower,0,0,9,2,11,0,0,39,1,40,0,0,48,3,51,64,10,74,125
04/16/2013,CNW,TX,ASW,CE,Federal Contract Tower,0,0,18,1,19,0,0,44,2,46,0,0,62,3,65,98,0,98,163
04/17/2013,CNW,TX,ASW,CE,Federal Contract Tower,0,0,4,12,16,0,0,4,2,6,0,0,8,14,22,0,38,38,60
04/18/2013,CNW,TX,ASW,CE,Federal Contract Tower,0,0,1,0,1,0,0,8,0,8,0,0,9,0,9,26,0,26,35
04/19/2013,CNW,TX,ASW,CE,Federal Contract Tower,0,0,8,2,10,0,0,54,4,58,0,0,62,6,68,66,2,68,136
04/20/2013,CNW,TX,ASW,CE,Federal Contract Tower,0,0,6,2,8,0,0,28,3,31,0,0,34,5,39,114,0,114,153
04/21/2013,CNW,TX,ASW,CE,Federal Contract Tower,0,0,2,0,2,0,0,13,0,13,0,0,15,0,15,10,0,10,25
04/22/2013,CNW,TX,ASW,CE,Federal Contract Tower,0,0,13,13,26,0,0,30,0,30,0,0,43,13,56,98,16,114,170
04/23/2013,CNW,TX,ASW,CE,Federal Contract Tower,0,0,4,0,4,0,0,3,0,3,0,0,7,0,7,14,0,14,21
04/24/2013,CNW,TX,ASW,CE,Federal Contract Tower,0,0,5,2,7,0,0,48,0,48,0,0,53,2,55,66,0,66,121
04/25/2013,CNW,TX,ASW,CE,Federal Contract Tower,0,2,19,4,25,0,0,13,1,14,0,2,32,5,39,36,0,36,75
04/26/2013,CNW,TX,ASW,CE,Federal Contract Tower,0,0,3,15,18,0,0,7,0,7,0,0,10,15,25,12,16,28,53
04/27/2013,CNW,TX,ASW,CE,Federal Contract Tower,0,0,1,0,1,0,0,15,0,15,0,0,16,0,16,26,0,26,42
04/28/2013,CNW,TX,ASW,CE,Federal Contract Tower,0,0,0,0,0,0,0,15,0,15,0,0,15,0,15,16,0,16,31
04/29/2013,CNW,TX,ASW,CE,Federal Contract Tower,0,0,6,4,10,0,0,31,0,31,0,0,37,4,41,40,18,58,99
04/30/2013,CNW,TX,ASW,CE,Federal Contract Tower,0,0,5,5,10,0,0,33,1,34,0,0,38,6,44,68,16,84,128
05/01/2013,CNW,TX,ASW,CE,Federal Contract Tower,0,0,12,0,12,0,0,31,0,31,0,0,43,0,43,114,0,114,157
05/02/2013,CNW,TX,ASW,CE,Federal Contract Tower,0,0,2,2,4,0,2,6,0,8,0,2,8,2,12,0,32,32,44
05/03/2013,CNW,TX,ASW,CE,Federal Contract Tower,0,0,12,8,20,0,0,25,7,32,0,0,37,15,52,22,40,62,114
05/04/2013,CNW,TX,ASW,CE,Federal Contract Tower,0,0,10,2,12,0,0,23,1,24,0,0,33,3,36,8,0,8,44
05/05/2013,CNW,TX,ASW,CE,Federal Contract Tower,0,0,0,0,0,0,0,16,0,16,0,0,16,0,16,8,0,8,24
05/06/2013,CNW,TX,ASW,CE,Federal Contract Tower,0,0,2,7,9,0,0,33,1,34,0,0,35,8,43,66,0,66,109
05/07/2013,CNW,TX,ASW,CE,Federal Contract Tower,0,0,14,2,16,0,0,20,0,20,0,0,34,2,36,110,0,110,146
05/08/2013,CNW,TX,ASW,CE,Federal Contract Tower,0,0,3,10,13,0,0,38,0,38,0,0,41,10,51,52,42,94,145
05/09/2013,CNW,TX,ASW,CE,Federal Contract Tower,0,0,1,2,3,0,0,3,0,3,0,0,4,2,6,0,4,4,10
05/10/2013,CNW,TX,ASW,CE,Federal Contract Tower,0,0,11,4,15,0,0,4,0,4,0,0,15,4,19,0,20,20,39
05/11/2013,CNW,TX,ASW,CE,Federal Contract Tower,0,0,9,0,9,0,0,29,0,29,0,0,38,0,38,32,0,32,70
05/12/2013,CNW,TX,ASW,CE,Federal Contract Tower,0,0,3,0,3,0,0,21,0,21,0,0,24,0,24,40,0,40,64
05/13/2013,CNW,TX,ASW,CE,Federal Contract Tower,0,0,5,23,28,0,0,85,1,86,0,0,90,24,114,108,72,180,294
05/14/2013,CNW,TX,ASW,CE,Federal Contract Tower,0,0,6,4,10,0,0,83,0,83,0,0,89,4,93,98,18,116,209
05/15/2013,CNW,TX,ASW,CE,Federal Contract Tower,0,0,12,0,12,0,0,16,0,16,0,0,28,0,28,0,0,0,28
05/16/2013,CNW,TX,ASW,CE,Federal Contract Tower,0,0,10,4,14,0,0,20,0,20,0,0,30,4,34,80,0,80,114
05/17/2013,CNW,TX,ASW,CE,Federal Contract Tower,0,1,6,0,7,0,0,35,0,35,0,1,41,0,42,84,0,84,126
05/18/2013,CNW,TX,ASW,CE,Federal Contract Tower,0,1,3,0,4,0,0,27,0,27,0,1,30,0,31,46,0,46,77
05/19/2013,CNW,TX,ASW,CE,Federal Contract Tower,0,0,1,0,1,0,0,2,0,2,0,0,3,0,3,0,0,0,3
05/20/2013,CNW,TX,ASW,CE,Federal Contract Tower,0,0,5,12,17,0,0,19,0,19,0,0,24,12,36,10,8,18,54
05/21/2013,CNW,TX,ASW,CE,Federal Contract Tower,0,0,7,15,22,0,0,8,0,8,0,0,15,15,30,0,22,22,52
05/22/2013,CNW,TX,ASW,CE,Federal Contract Tower,0,2,6,4,12,0,0,48,0,48,0,2,54,4,60,126,20,146,206
05/23/2013,CNW,TX,ASW,CE,Federal Contract Tower,0,0,17,11,28,0,0,32,0,32,0,0,49,11,60,94,36,130,190
05/24/2013,CNW,TX,ASW,CE,Federal Contract Tower,0,0,9,0,9,0,0,21,2,23,0,0,30,2,32,16,6,22,54
05/25/2013,CNW,TX,ASW,CE,Federal Contract Tower,0,0,0,1,1,0,0,14,0,14,0,0,14,1,15,0,0,0,15
05/26/2013,CNW,TX,ASW,CE,Federal Contract Tower,0,0,2,0,2,0,0,8,0,8,0,0,10,0,10,8,0,8,18
05/27/2013,CNW,TX,ASW,CE,Federal Contract Tower,0,0,2,0,2,0,0,34,0,34,0,0,36,0,36,36,0,36,72
05/28/2013,CNW,TX,ASW,CE,Federal Contract Tower,0,0,7,19,26,0,0,50,1,51,0,0,57,20,77,106,38,144,221
05/29/2013,CNW,TX,ASW,CE,Federal Contract Tower,0,0,8,12,20,0,0,14,0,14,0,0,22,12,34,36,26,62,96
05/30/2013,CNW,TX,ASW,CE,Federal Contract Tower,0,0,26,20,46,0,0,26,0,26,0,0,52,20,72,68,28,96,168
05/31/2013,CNW,TX,ASW,CE,Federal Contract Tower,0,0,15,12,27,0,0,29,0,29,0,0,44,12,56,46,54,100,156
06/01/2013,CNW,TX,ASW,CE,Federal Contract Tower,0,0,15,1,16,0,0,19,0,19,0,0,34,1,35,14,0,14,49
06/02/2013,CNW,TX,ASW,CE,Federal Contract Tower,0,0,6,1,7,0,0,44,0,44,0,0,50,1,51,82,0,82,133
06/03/2013,CNW,TX,ASW,CE,Federal Contract Tower,0,0,9,17,26,0,0,66,2,68,0,0,75,19,94,58,20,78,172
06/04/2013,CNW,TX,ASW,CE,Federal Contract Tower,0,0,7,9,16,0,2,81,1,84,0,2,88,10,100,80,44,124,224
06/05/2013,CNW,TX,ASW,CE,Federal Contract Tower,0,0,8,5,13,0,0,51,4,55,0,0,59,9,68,82,16,98,166
06/06/2013,CNW,TX,ASW,CE,Federal Contract Tower,0,0,6,5,11,0,0,35,2,37,0,0,41,7,48,46,10,56,104
06/07/2013,CNW,TX,ASW,CE,Federal Contract Tower,0,0,6,8,14,0,0,31,4,35,0,0,37,12,49,54,56,110,159
06/08/2013,CNW,TX,ASW,CE,Federal Contract Tower,0,0,7,0,7,0,0,22,1,23,0,0,29,1,30,32,0,32,62
06/09/2013,CNW,TX,ASW,CE,Federal Contract Tower,0,0,4,1,5,0,0,14,0,14,0,0,18,1,19,20,0,20,39
06/10/2013,CNW,TX,ASW,CE,Federal Contract Tower,0,0,12,8,20,0,0,44,2,46,0,0,56,10,66,78,24,102,168
06/11/2013,CNW,TX,ASW,CE,Federal Contract Tower,0,0,2,16,18,0,0,32,2,34,0,0,34,18,52,54,108,162,214
06/12/2013,CNW,TX,ASW,CE,Federal Contract Tower,0,0,8,18,26,0,4,36,1,41,0,4,44,19,67,70,32,102,169
06/13/2013,CNW,TX,ASW,CE,Federal Contract Tower,0,0,9,24,33,0,0,41,10,51,0,0,50,34,84,110,174,284,368
06/14/2013,CNW,TX,ASW,CE,Federal Contract Tower,0,0,11,9,20,0,0,26,4,30,0,0,37,13,50,40,64,104,154
06/15/2013,CNW,TX,ASW,CE,Federal Contract Tower,0,0,0,1,1,0,0,50,0,50,0,0,50,1,51,98,0,98,149
06/16/2013,CNW,TX,ASW,CE,Federal Contract Tower,0,0,0,2,2,0,0,11,0,11,0,0,11,2,13,6,0,6,19
06/17/2013,CNW,TX,ASW,CE,Federal Contract Tower,0,0,12,1,13,0,0,50,0,50,0,0,62,1,63,114,0,114,177
06/18/2013,CNW,TX,ASW,CE,Federal Contract Tower,0,0,9,3,12,0,0,41,2,43,0,0,50,5,55,84,12,96,151
06/19/2013,CNW,TX,ASW,CE,Federal Contract Tower,0,0,7,9,16,0,0,43,1,44,0,0,50,10,60,54,58,112,172
06/20/2013,CNW,TX,ASW,CE,Federal Contract Tower,0,0,3,26,29,0,0,39,0,39,0,0,42,26,68,30,36,66,134
06/21/2013,CNW,TX,ASW,CE,Federal Contract Tower,0,0,5,8,13,0,0,27,0,27,0,0,32,8,40,34,0,34,74
06/22/2013,CNW,TX,ASW,CE,Federal Contract Tower,0,0,3,0,3,0,0,20,0,20,0,0,23,0,23,46,0,46,69
06/23/2013,CNW,TX,ASW,CE,Federal Contract Tower,0,0,1,0,1,0,0,8,0,8,0,0,9,0,9,18,0,18,27
06/24/2013,CNW,TX,ASW,CE,Federal Contract Tower,0,0,10,24,34,0,0,59,2,61,0,0,69,26,95,106,56,162,257
06/25/2013,CNW,TX,ASW,CE,Federal Contract Tower,0,0,7,34,41,0,0,50,4,54,0,0,57,38,95,66,148,214,309
06/26/2013,CNW,TX,ASW,CE,Federal Contract Tower,0,0,11,20,31,0,0,40,2,42,0,0,51,22,73,84,156,240,313
06/27/2013,CNW,TX,ASW,CE,Federal Contract Tower,0,0,14,10,24,0,0,34,7,41,0,0,48,17,65,32,76,108,173
06/28/2013,CNW,TX,ASW,CE,Federal Contract Tower,0,0,3,3,6,0,0,30,0,30,0,0,33,3,36,34,4,38,74
06/29/2013,CNW,TX,ASW,CE,Federal Contract Tower,0,0,5,0,5,0,0,28,2,30,0,0,33,2,35,98,4,102,137
06/30/2013,CNW,TX,ASW,CE,Federal Contract Tower,0,0,2,2,4,0,0,15,2,17,0,0,17,4,21,0,0,0,21
07/01/2013,CNW,TX,ASW,CE,Federal Contract Tower,0,0,4,4,8,0,0,37,0,37,0,0,41,4,45,102,22,124,169
07/02/2013,CNW,TX,ASW,CE,Federal Contract Tower,0,0,4,11,15,0,0,38,3,41,0,0,42,14,56,40,72,112,168
07/03/2013,CNW,TX,ASW,CE,Federal Contract Tower,0,0,8,30,38,0,0,35,3,38,0,0,43,33,76,36,68,104,180
07/04/2013,CNW,TX,ASW,CE,Federal Contract Tower,0,0,0,0,0,0,0,18,0,18,0,0,18,0,18,8,0,8,26
07/05/2013,CNW,TX,ASW,CE,Federal Contract Tower,0,0,8,0,8,0,0,23,0,23,0,0,31,0,31,6,0,6,37
07/06/2013,CNW,TX,ASW,CE,Federal Contract Tower,0,0,2,0,2,0,0,12,0,12,0,0,14,0,14,0,0,0,14
07/07/2013,CNW,TX,ASW,CE,Federal Contract Tower,0,0,5,0,5,0,0,5,0,5,0,0,10,0,10,0,0,0,10
07/08/2013,CNW,TX,ASW,CE,Federal Contract Tower,0,0,9,17,26,0,0,19,1,20,0,0,28,18,46,16,68,84,130
07/09/2013,CNW,TX,ASW,CE,Federal Contract Tower,0,0,15,13,28,0,0,36,0,36,0,0,51,13,64,31,18,49,113
07/10/2013,CNW,TX,ASW,CE,Federal Contract Tower,0,0,6,16,22,0,0,52,0,52,0,0,58,16,74,70,36,106,180
07/11/2013,CNW,TX,ASW,CE,Federal Contract Tower,0,0,13,30,43,0,0,39,8,47,0,0,52,38,90,56,72,128,218
07/12/2013,CNW,TX,ASW,CE,Federal Contract Tower,0,0,2,0,2,0,0,31,0,31,0,0,33,0,33,56,0,56,89
07/13/2013,CNW,TX,ASW,CE,Federal Contract Tower,0,0,3,2,5,0,0,25,0,25,0,0,28,2,30,64,0,64,94
07/14/2013,CNW,TX,ASW,CE,Federal Contract Tower,0,0,2,0,2,0,0,0,0,0,0,0,2,0,2,0,0,0,2
07/15/2013,CNW,TX,ASW,CE,Federal Contract Tower,0,0,0,0,0,0,0,0,0,0,0,0,0,0,0,0,0,0,0
07/16/2013,CNW,TX,ASW,CE,Federal Contract Tower,0,1,10,20,31,0,2,13,1,16,0,3,23,21,47,24,12,36,83
07/17/2013,CNW,TX,ASW,CE,Federal Contract Tower,0,0,0,40,40,0,0,10,0,10,0,0,10,40,50,28,14,42,92
07/18/2013,CNW,TX,ASW,CE,Federal Contract Tower,0,0,4,22,26,0,0,39,0,39,0,0,43,22,65,112,128,240,305
07/19/2013,CNW,TX,ASW,CE,Federal Contract Tower,0,0,7,0,7,0,1,36,0,37,0,1,43,0,44,82,0,82,126
07/20/2013,CNW,TX,ASW,CE,Federal Contract Tower,0,0,4,0,4,0,0,21,4,25,0,0,25,4,29,44,4,48,77
07/21/2013,CNW,TX,ASW,CE,Federal Contract Tower,0,0,0,0,0,0,0,5,2,7,0,0,5,2,7,10,6,16,23
07/22/2013,CNW,TX,ASW,CE,Federal Contract Tower,0,1,10,22,33,0,0,63,4,67,0,1,73,26,100,200,54,254,354
07/23/2013,CNW,TX,ASW,CE,Federal Contract Tower,0,0,10,34,44,0,0,49,2,51,0,0,59,36,95,80,96,176,271
07/24/2013,CNW,TX,ASW,CE,Federal Contract Tower,0,0,13,21,34,0,0,58,2,60,0,0,71,23,94,124,88,212,306
07/25/2013,CNW,TX,ASW,CE,Federal Contract Tower,0,0,15,10,25,0,0,42,2,44,0,0,57,12,69,204,106,310,379
07/26/2013,CNW,TX,ASW,CE,Federal Contract Tower,0,0,8,4,12,0,0,33,1,34,0,0,41,5,46,48,12,60,106
07/27/2013,CNW,TX,ASW,CE,Federal Contract Tower,0,0,13,2,15,0,0,18,0,18,0,0,31,2,33,128,0,128,161
07/28/2013,CNW,TX,ASW,CE,Federal Contract Tower,0,0,0,6,6,0,0,13,0,13,0,0,13,6,19,26,0,26,45
07/29/2013,CNW,TX,ASW,CE,Federal Contract Tower,0,0,8,27,35,0,0,43,0,43,0,0,51,27,78,28,60,88,166
07/30/2013,CNW,TX,ASW,CE,Federal Contract Tower,0,0,15,18,33,0,0,47,1,48,0,0,62,19,81,54,130,184,265
07/31/2013,CNW,TX,ASW,CE,Federal Contract Tower,0,0,10,16,26,0,0,43,5,48,0,0,53,21,74,66,202,268,342
08/01/2013,CNW,TX,ASW,CE,Federal Contract Tower,0,0,11,19,30,0,0,34,1,35,0,0,45,20,65,26,36,62,127
08/02/2013,CNW,TX,ASW,CE,Federal Contract Tower,0,0,17,6,23,0,0,30,0,30,0,0,47,6,53,76,0,76,129
08/03/2013,CNW,TX,ASW,CE,Federal Contract Tower,0,0,5,4,9,0,0,24,1,25,0,0,29,5,34,55,2,57,91
08/04/2013,CNW,TX,ASW,CE,Federal Contract Tower,0,0,5,2,7,0,0,3,0,3,0,0,8,2,10,0,0,0,10
08/05/2013,CNW,TX,ASW,CE,Federal Contract Tower,0,0,4,37,41,0,0,43,2,45,0,0,47,39,86,68,118,186,272
08/06/2013,CNW,TX,ASW,CE,Federal Contract Tower,0,0,17,25,42,0,0,44,0,44,0,0,61,25,86,62,130,192,278
08/07/2013,CNW,TX,ASW,CE,Federal Contract Tower,0,0,11,38,49,0,0,52,5,57,0,0,63,43,106,130,196,326,432
08/08/2013,CNW,TX,ASW,CE,Federal Contract Tower,0,0,16,21,37,0,2,35,8,45,0,2,51,29,82,70,126,196,278
08/09/2013,CNW,TX,ASW,CE,Federal Contract Tower,0,0,9,6,15,0,0,30,0,30,0,0,39,6,45,54,6,60,105
08/10/2013,CNW,TX,ASW,CE,Federal Contract Tower,0,0,7,0,7,0,0,18,0,18,0,0,25,0,25,62,0,62,87
08/11/2013,CNW,TX,ASW,CE,Federal Contract Tower,0,0,0,2,2,0,0,12,0,12,0,0,12,2,14,0,0,0,14
08/12/2013,CNW,TX,ASW,CE,Federal Contract Tower,0,0,10,20,30,0,0,42,4,46,0,0,52,24,76,98,126,224,300
08/13/2013,CNW,TX,ASW,CE,Federal Contract Tower,0,0,14,16,30,0,2,40,0,42,0,2,54,16,72,34,88,122,194
08/14/2013,CNW,TX,ASW,CE,Federal Contract Tower,0,0,16,2,18,0,0,46,4,50,0,0,62,6,68,76,14,90,158
08/15/2013,CNW,TX,ASW,CE,Federal Contract Tower,0,0,17,25,42,0,0,20,2,22,0,0,37,27,64,8,14,22,86
08/16/2013,CNW,TX,ASW,CE,Federal Contract Tower,0,0,6,16,22,0,0,24,0,24,0,0,30,16,46,28,0,28,74
08/17/2013,CNW,TX,ASW,CE,Federal Contract Tower,0,0,2,4,6,0,0,23,0,23,0,0,25,4,29,82,0,82,111
08/18/2013,CNW,TX,ASW,CE,Federal Contract Tower,0,0,0,2,2,0,0,5,0,5,0,0,5,2,7,4,0,4,11
08/19/2013,CNW,TX,ASW,CE,Federal Contract Tower,0,1,10,8,19,0,0,44,1,45,0,1,54,9,64,54,28,82,146
08/20/2013,CNW,TX,ASW,CE,Federal Contract Tower,0,0,7,27,34,0,0,48,3,51,0,0,55,30,85,90,150,240,325
08/21/2013,CNW,TX,ASW,CE,Federal Contract Tower,0,0,3,19,22,0,0,42,0,42,0,0,45,19,64,24,90,114,178
08/22/2013,CNW,TX,ASW,CE,Federal Contract Tower,0,0,11,9,20,0,0,37,5,42,0,0,48,14,62,66,94,160,222
08/23/2013,CNW,TX,ASW,CE,Federal Contract Tower,0,0,7,15,22,0,0,38,2,40,0,0,45,17,62,48,70,118,180
08/24/2013,CNW,TX,ASW,CE,Federal Contract Tower,0,0,0,8,8,0,0,4,4,8,0,0,4,12,16,0,10,10,26
08/25/2013,CNW,TX,ASW,CE,Federal Contract Tower,0,0,1,4,5,0,0,6,0,6,0,0,7,4,11,10,0,10,21
08/26/2013,CNW,TX,ASW,CE,Federal Contract Tower,0,0,12,2,14,0,0,38,1,39,0,0,50,3,53,60,32,92,145
08/27/2013,CNW,TX,ASW,CE,Federal Contract Tower,0,1,10,8,19,0,0,21,1,22,0,1,31,9,41,20,0,20,61
08/28/2013,CNW,TX,ASW,CE,Federal Contract Tower,0,0,8,14,22,0,0,75,2,77,0,0,83,16,99,62,26,88,187
08/29/2013,CNW,TX,ASW,CE,Federal Contract Tower,0,0,4,41,45,0,0,44,7,51,0,0,48,48,96,44,76,120,216
08/30/2013,CNW,TX,ASW,CE,Federal Contract Tower,0,0,8,12,20,0,0,65,3,68,0,0,73,15,88,50,38,88,176
08/31/2013,CNW,TX,ASW,CE,Federal Contract Tower,0,0,4,3,7,0,0,28,1,29,0,0,32,4,36,120,0,120,156
09/01/2013,CNW,TX,ASW,CE,Federal Contract Tower,0,0,1,0,1,0,0,12,0,12,0,0,13,0,13,0,0,0,13
09/02/2013,CNW,TX,ASW,CE,Federal Contract Tower,0,0,2,0,2,0,0,17,0,17,0,0,19,0,19,36,8,44,63
09/03/2013,CNW,TX,ASW,CE,Federal Contract Tower,0,0,5,27,32,0,0,54,1,55,0,0,59,28,87,82,72,154,241
09/04/2013,CNW,TX,ASW,CE,Federal Contract Tower,0,0,6,8,14,0,0,58,0,58,0,0,64,8,72,102,0,102,174
09/05/2013,CNW,TX,ASW,CE,Federal Contract Tower,0,0,6,40,46,0,0,70,3,73,0,0,76,43,119,168,180,348,467
09/06/2013,CNW,TX,ASW,CE,Federal Contract Tower,0,2,9,2,13,0,0,84,0,84,0,2,93,2,97,148,12,160,257
09/07/2013,CNW,TX,ASW,CE,Federal Contract Tower,0,0,4,0,4,0,0,41,0,41,0,0,45,0,45,46,0,46,91
09/08/2013,CNW,TX,ASW,CE,Federal Contract Tower,0,0,2,0,2,0,0,12,0,12,0,0,14,0,14,22,0,22,36
09/09/2013,CNW,TX,ASW,CE,Federal Contract Tower,0,0,5,22,27,0,0,52,0,52,0,0,57,22,79,160,94,254,333
09/10/2013,CNW,TX,ASW,CE,Federal Contract Tower,0,0,11,12,23,0,2,53,0,55,0,2,64,12,78,292,42,334,412
09/11/2013,CNW,TX,ASW,CE,Federal Contract Tower,0,0,13,23,36,0,0,79,7,86,0,0,92,30,122,216,130,346,468
09/12/2013,CNW,TX,ASW,CE,Federal Contract Tower,0,0,8,26,34,0,0,74,12,86,0,0,82,38,120,354,182,536,656
09/13/2013,CNW,TX,ASW,CE,Federal Contract Tower,0,0,8,8,16,0,0,70,0,70,0,0,78,8,86,268,10,278,364
09/14/2013,CNW,TX,ASW,CE,Federal Contract Tower,0,0,5,0,5,0,0,32,0,32,0,0,37,0,37,48,0,48,85
09/15/2013,CNW,TX,ASW,CE,Federal Contract Tower,0,0,3,0,3,0,0,21,0,21,0,0,24,0,24,34,0,34,58
09/16/2013,CNW,TX,ASW,CE,Federal Contract Tower,0,0,7,6,13,0,0,50,0,50,0,0,57,6,63,104,27,131,194
09/17/2013,CNW,TX,ASW,CE,Federal Contract Tower,0,0,5,8,13,0,0,60,5,65,0,0,65,13,78,320,40,360,438
09/18/2013,CNW,TX,ASW,CE,Federal Contract Tower,0,0,10,35,45,0,0,72,0,72,0,0,82,35,117,196,80,276,393
09/19/2013,CNW,TX,ASW,CE,Federal Contract Tower,0,0,13,25,38,0,0,60,6,66,0,0,73,31,104,116,164,280,384
09/20/2013,CNW,TX,ASW,CE,Federal Contract Tower,0,0,2,0,2,0,0,0,0,0,0,0,2,0,2,0,0,0,2
09/21/2013,CNW,TX,ASW,CE,Federal Contract Tower,0,0,11,1,12,0,0,22,0,22,0,0,33,1,34,26,0,26,60
09/22/2013,CNW,TX,ASW,CE,Federal Contract Tower,0,0,0,0,0,0,0,18,0,18,0,0,18,0,18,38,0,38,56
09/23/2013,CNW,TX,ASW,CE,Federal Contract Tower,2,0,9,9,20,0,0,83,0,83,2,0,92,9,103,110,46,156,259
09/24/2013,CNW,TX,ASW,CE,Federal Contract Tower,0,0,10,0,10,0,0,52,0,52,0,0,62,0,62,140,0,140,202
09/25/2013,CNW,TX,ASW,CE,Federal Contract Tower,0,0,4,42,46,0,0,73,7,80,0,0,77,49,126,150,118,268,394
09/26/2013,CNW,TX,ASW,CE,Federal Contract Tower,0,0,12,9,21,0,0,80,2,82,0,0,92,11,103,122,36,158,261
09/27/2013,CNW,TX,ASW,CE,Federal Contract Tower,0,0,8,1,9,0,0,23,0,23,0,0,31,1,32,8,0,8,40
09/28/2013,CNW,TX,ASW,CE,Federal Contract Tower,0,0,1,0,1,0,0,13,0,13,0,0,14,0,14,0,0,0,14
09/29/2013,CNW,TX,ASW,CE,Federal Contract Tower,0,0,1,0,1,0,0,20,0,20,0,0,21,0,21,128,0,128,149
09/30/2013,CNW,TX,ASW,CE,Federal Contract Tower,0,0,12,7,19,0,0,78,0,78,0,0,90,7,97,138,6,144,241
10/01/2013,CNW,TX,ASW,CE,Federal Contract Tower,0,0,2,24,26,0,4,49,5,58,0,4,51,29,84,102,64,166,250
10/02/2013,CNW,TX,ASW,CE,Federal Contract Tower,0,0,9,13,22,0,0,36,6,42,0,0,45,19,64,160,24,184,248
10/03/2013,CNW,TX,ASW,CE,Federal Contract Tower,0,0,14,14,28,0,0,49,2,51,0,0,63,16,79,134,28,162,241
10/04/2013,CNW,TX,ASW,CE,Federal Contract Tower,0,0,11,26,37,0,0,35,0,35,0,0,46,26,72,114,16,130,202
10/05/2013,CNW,TX,ASW,CE,Federal Contract Tower,0,0,6,0,6,0,0,16,0,16,0,0,22,0,22,68,0,68,90
10/06/2013,CNW,TX,ASW,CE,Federal Contract Tower,0,0,6,1,7,0,0,23,0,23,0,0,29,1,30,138,0,138,168
10/07/2013,CNW,TX,ASW,CE,Federal Contract Tower,0,0,6,0,6,0,0,85,0,85,0,0,91,0,91,274,0,274,365
10/08/2013,CNW,TX,ASW,CE,Federal Contract Tower,0,0,4,4,8,0,0,94,0,94,0,0,98,4,102,188,30,218,320
10/09/2013,CNW,TX,ASW,CE,Federal Contract Tower,0,0,2,51,53,0,0,62,4,66,0,0,64,55,119,122,110,232,351
10/10/2013,CNW,TX,ASW,CE,Federal Contract Tower,0,0,9,2,11,0,0,50,0,50,0,0,59,2,61,248,0,248,309
10/11/2013,CNW,TX,ASW,CE,Federal Contract Tower,0,0,2,8,10,0,0,30,2,32,0,0,32,10,42,170,34,204,246
10/12/2013,CNW,TX,ASW,CE,Federal Contract Tower,0,0,2,0,2,0,0,3,0,3,0,0,5,0,5,4,0,4,9
10/13/2013,CNW,TX,ASW,CE,Federal Contract Tower,0,0,2,0,2,0,0,5,0,5,0,0,7,0,7,6,0,6,13
10/14/2013,CNW,TX,ASW,CE,Federal Contract Tower,0,0,4,0,4,0,0,0,0,0,0,0,4,0,4,0,0,0,4
10/15/2013,CNW,TX,ASW,CE,Federal Contract Tower,0,0,5,1,6,0,0,0,0,0,0,0,5,1,6,0,0,0,6
10/16/2013,CNW,TX,ASW,CE,Federal Contract Tower,0,0,14,10,24,0,0,2,2,4,0,0,16,12,28,32,36,68,96
10/17/2013,CNW,TX,ASW,CE,Federal Contract Tower,0,0,10,21,31,0,0,83,3,86,0,0,93,24,117,204,142,346,463
10/18/2013,CNW,TX,ASW,CE,Federal Contract Tower,0,0,4,21,25,0,0,61,2,63,0,0,65,23,88,188,162,350,438
10/19/2013,CNW,TX,ASW,CE,Federal Contract Tower,0,0,0,1,1,0,0,27,0,27,0,0,27,1,28,62,0,62,90
10/20/2013,CNW,TX,ASW,CE,Federal Contract Tower,0,0,1,0,1,0,0,26,0,26,0,0,27,0,27,106,0,106,133
10/21/2013,CNW,TX,ASW,CE,Federal Contract Tower,0,0,6,17,23,0,0,46,5,51,0,0,52,22,74,146,100,246,320
10/22/2013,CNW,TX,ASW,CE,Federal Contract Tower,0,0,3,6,9,0,0,56,3,59,0,0,59,9,68,160,68,228,296
10/23/2013,CNW,TX,ASW,CE,Federal Contract Tower,0,0,0,27,27,0,0,67,8,75,0,0,67,35,102,144,102,246,348
10/24/2013,CNW,TX,ASW,CE,Federal Contract Tower,0,0,9,11,20,0,0,75,2,77,0,0,84,13,97,212,70,282,379
10/25/2013,CNW,TX,ASW,CE,Federal Contract Tower,0,0,7,14,21,0,0,63,2,65,0,0,70,16,86,160,74,234,320
10/26/2013,CNW,TX,ASW,CE,Federal Contract Tower,0,0,5,0,5,0,0,320,0,320,0,0,325,0,325,0,0,0,325
10/27/2013,CNW,TX,ASW,CE,Federal Contract Tower,0,0,1,0,1,0,0,10,0,10,0,0,11,0,11,68,0,68,79
10/28/2013,CNW,TX,ASW,CE,Federal Contract Tower,0,0,5,3,8,0,0,26,0,26,0,0,31,3,34,74,0,74,108
10/29/2013,CNW,TX,ASW,CE,Federal Contract Tower,0,0,13,12,25,0,0,12,0,12,0,0,25,12,37,58,0,58,95
10/30/2013,CNW,TX,ASW,CE,Federal Contract Tower,0,2,4,0,6,0,0,1,0,1,0,2,5,0,7,0,0,0,7
10/31/2013,CNW,TX,ASW,CE,Federal Contract Tower,0,0,3,6,9,0,0,28,2,30,0,0,31,8,39,42,12,54,93
11/01/2013,CNW,TX,ASW,CE,Federal Contract Tower,0,0,7,25,32,0,0,68,5,73,0,0,75,30,105,184,140,324,429
11/02/2013,CNW,TX,ASW,CE,Federal Contract Tower,0,0,0,1,1,0,0,34,0,34,0,0,34,1,35,6,0,6,41
11/03/2013,CNW,TX,ASW,CE,Federal Contract Tower,0,0,1,0,1,0,0,27,0,27,0,0,28,0,28,142,0,142,170
11/04/2013,CNW,TX,ASW,CE,Federal Contract Tower,0,0,12,16,28,0,0,19,0,19,0,0,31,16,47,6,16,22,69
11/05/2013,CNW,TX,ASW,CE,Federal Contract Tower,0,0,7,2,9,0,0,1,0,1,0,0,8,2,10,6,0,6,16
11/06/2013,CNW,TX,ASW,CE,Federal Contract Tower,0,1,8,5,14,0,0,16,4,20,0,1,24,9,34,88,14,102,136
11/07/2013,CNW,TX,ASW,CE,Federal Contract Tower,0,0,7,17,24,0,0,73,6,79,0,0,80,23,103,125,74,199,302
11/08/2013,CNW,TX,ASW,CE,Federal Contract Tower,0,0,3,0,3,0,0,54,0,54,0,0,57,0,57,114,0,114,171
11/09/2013,CNW,TX,ASW,CE,Federal Contract Tower,0,0,7,0,7,0,2,32,0,34,0,2,39,0,41,22,0,22,63
11/10/2013,CNW,TX,ASW,CE,Federal Contract Tower,0,0,0,0,0,0,0,11,0,11,0,0,11,0,11,38,0,38,49
11/11/2013,CNW,TX,ASW,CE,Federal Contract Tower,0,0,4,0,4,0,0,68,0,68,0,0,72,0,72,214,0,214,286
11/12/2013,CNW,TX,ASW,CE,Federal Contract Tower,0,0,9,4,13,0,0,18,4,22,0,0,27,8,35,18,16,34,69
11/13/2013,CNW,TX,ASW,CE,Federal Contract Tower,0,0,16,10,26,0,0,46,2,48,0,0,62,12,74,144,42,186,260
11/14/2013,CNW,TX,ASW,CE,Federal Contract Tower,0,0,12,13,25,0,0,48,3,51,0,0,60,16,76,84,36,120,196
11/15/2013,CNW,TX,ASW,CE,Federal Contract Tower,0,0,4,8,12,0,0,35,0,35,0,0,39,8,47,98,4,102,149
11/16/2013,CNW,TX,ASW,CE,Federal Contract Tower,0,0,15,3,18,0,0,13,0,13,0,0,28,3,31,26,14,40,71
11/17/2013,CNW,TX,ASW,CE,Federal Contract Tower,0,0,2,0,2,0,0,23,0,23,0,0,25,0,25,62,0,62,87
11/18/2013,CNW,TX,ASW,CE,Federal Contract Tower,0,0,12,6,18,0,0,54,0,54,0,0,66,6,72,200,8,208,280
11/19/2013,CNW,TX,ASW,CE,Federal Contract Tower,0,0,7,25,32,0,0,51,1,52,0,0,58,26,84,126,44,170,254
11/20/2013,CNW,TX,ASW,CE,Federal Contract Tower,0,0,18,10,28,0,0,15,0,15,0,0,33,10,43,66,10,76,119
11/21/2013,CNW,TX,ASW,CE,Federal Contract Tower,0,0,2,4,6,0,0,2,1,3,0,0,4,5,9,12,6,18,27
11/22/2013,CNW,TX,ASW,CE,Federal Contract Tower,0,0,0,0,0,0,0,0,0,0,0,0,0,0,0,0,0,0,0
11/23/2013,CNW,TX,ASW,CE,Federal Contract Tower,0,0,4,0,4,0,0,0,0,0,0,0,4,0,4,0,0,0,4
11/24/2013,CNW,TX,ASW,CE,Federal Contract Tower,0,0,0,0,0,0,0,0,0,0,0,0,0,0,0,0,0,0,0
11/25/2013,CNW,TX,ASW,CE,Federal Contract Tower,0,0,0,0,0,0,0,0,0,0,0,0,0,0,0,0,0,0,0
11/26/2013,CNW,TX,ASW,CE,Federal Contract Tower,0,0,4,4,8,0,0,5,0,5,0,0,9,4,13,8,0,8,21
11/27/2013,CNW,TX,ASW,CE,Federal Contract Tower,0,0,7,6,13,0,0,43,0,43,0,0,50,6,56,88,18,106,162
11/28/2013,CNW,TX,ASW,CE,Federal Contract Tower,0,0,0,0,0,0,0,4,0,4,0,0,4,0,4,0,0,0,4
11/29/2013,CNW,TX,ASW,CE,Federal Contract Tower,0,0,2,0,2,0,0,18,0,18,0,0,20,0,20,68,0,68,88
11/30/2013,CNW,TX,ASW,CE,Federal Contract Tower,0,0,3,0,3,0,0,4,0,4,0,0,7,0,7,0,0,0,7
12/01/2013,CNW,TX,ASW,CE,Federal Contract Tower,0,0,0,0,0,0,0,12,0,12,0,0,12,0,12,8,0,8,20
12/02/2013,CNW,TX,ASW,CE,Federal Contract Tower,0,0,12,14,26,0,0,43,2,45,0,0,55,16,71,114,0,114,185
12/03/2013,CNW,TX,ASW,CE,Federal Contract Tower,0,0,8,32,40,0,0,64,3,67,0,0,72,35,107,162,158,320,427
12/04/2013,CNW,TX,ASW,CE,Federal Contract Tower,0,0,7,10,17,0,0,49,3,52,0,0,56,13,69,106,10,116,185
12/05/2013,CNW,TX,ASW,CE,Federal Contract Tower,0,0,5,24,29,0,0,1,1,2,0,0,6,25,31,0,142,142,173
12/06/2013,CNW,TX,ASW,CE,Federal Contract Tower,0,0,0,7,7,0,0,0,0,0,0,0,0,7,7,0,18,18,25
12/07/2013,CNW,TX,ASW,CE,Federal Contract Tower,0,0,0,0,0,0,0,0,0,0,0,0,0,0,0,0,0,0,0
12/08/2013,CNW,TX,ASW,CE,Federal Contract Tower,0,0,2,0,2,0,0,0,0,0,0,0,2,0,2,0,0,0,2
12/09/2013,CNW,TX,ASW,CE,Federal Contract Tower,0,0,4,0,4,0,0,0,0,0,0,0,4,0,4,0,0,0,4
12/10/2013,CNW,TX,ASW,CE,Federal Contract Tower,0,0,4,13,17,0,0,62,6,68,0,0,66,19,85,80,70,150,235
12/11/2013,CNW,TX,ASW,CE,Federal Contract Tower,0,0,11,23,34,0,0,45,6,51,0,0,56,29,85,80,216,296,381
12/12/2013,CNW,TX,ASW,CE,Federal Contract Tower,0,0,11,0,11,0,0,49,1,50,0,0,60,1,61,66,8,74,135
12/13/2013,CNW,TX,ASW,CE,Federal Contract Tower,0,0,10,8,18,0,0,3,0,3,0,0,13,8,21,6,0,6,27
12/14/2013,CNW,TX,ASW,CE,Federal Contract Tower,0,0,2,10,12,0,0,6,0,6,0,0,8,10,18,2,0,2,20
12/15/2013,CNW,TX,ASW,CE,Federal Contract Tower,0,0,5,0,5,0,1,25,0,26,0,1,30,0,31,56,0,56,87
12/16/2013,CNW,TX,ASW,CE,Federal Contract Tower,0,0,17,8,25,0,0,70,1,71,0,0,87,9,96,102,46,148,244
12/17/2013,CNW,TX,ASW,CE,Federal Contract Tower,0,0,14,10,24,0,1,62,0,63,0,1,76,10,87,120,32,152,239
12/18/2013,CNW,TX,ASW,CE,Federal Contract Tower,0,0,18,20,38,0,0,53,2,55,0,0,71,22,93,80,118,198,291
12/19/2013,CNW,TX,ASW,CE,Federal Contract Tower,0,0,14,8,22,0,0,17,0,17,0,0,31,8,39,18,10,28,67
12/20/2013,CNW,TX,ASW,CE,Federal Contract Tower,0,0,14,14,28,0,0,2,2,4,0,0,16,16,32,0,98,98,130
12/21/2013,CNW,TX,ASW,CE,Federal Contract Tower,0,0,0,0,0,0,0,0,2,2,0,0,0,2,2,0,0,0,2
12/22/2013,CNW,TX,ASW,CE,Federal Contract Tower,0,0,2,0,2,0,3,0,0,3,0,3,2,0,5,14,0,14,19
12/23/2013,CNW,TX,ASW,CE,Federal Contract Tower,0,0,3,0,3,0,0,20,0,20,0,0,23,0,23,38,0,38,61
12/24/2013,CNW,TX,ASW,CE,Federal Contract Tower,0,0,2,0,2,0,0,11,0,11,0,0,13,0,13,14,0,14,27
12/25/2013,CNW,TX,ASW,CE,Federal Contract Tower,0,0,0,0,0,0,0,3,0,3,0,0,3,0,3,0,0,0,3
12/26/2013,CNW,TX,ASW,CE,Federal Contract Tower,0,0,0,0,0,0,0,10,0,10,0,0,10,0,10,0,0,0,10
12/27/2013,CNW,TX,ASW,CE,Federal Contract Tower,0,0,4,0,4,0,0,14,0,14,0,0,18,0,18,0,0,0,18
12/28/2013,CNW,TX,ASW,CE,Federal Contract Tower,0,0,0,0,0,0,0,11,0,11,0,0,11,0,11,8,0,8,19
12/29/2013,CNW,TX,ASW,CE,Federal Contract Tower,0,0,2,0,2,0,0,0,0,0,0,0,2,0,2,0,0,0,2
12/30/2013,CNW,TX,ASW,CE,Federal Contract Tower,0,0,5,0,5,0,0,16,0,16,0,0,21,0,21,52,0,52,73
12/31/2013,CNW,TX,ASW,CE,Federal Contract Tower,0,0,4,0,4,0,0,13,0,13,0,0,17,0,17,18,0,18,35
01/01/2014,CNW,TX,ASW,CE,Federal Contract Tower,0,0,5,0,5,0,0,6,0,6,0,0,11,0,11,8,0,8,19
01/02/2014,CNW,TX,ASW,CE,Federal Contract Tower,0,0,2,0,2,0,0,18,0,18,0,0,20,0,20,26,0,26,46
01/03/2014,CNW,TX,ASW,CE,Federal Contract Tower,0,0,6,30,36,0,0,31,0,31,0,0,37,30,67,52,72,124,191
01/04/2014,CNW,TX,ASW,CE,Federal Contract Tower,0,0,0,0,0,0,0,10,0,10,0,0,10,0,10,0,0,0,10
01/05/2014,CNW,TX,ASW,CE,Federal Contract Tower,0,0,0,0,0,0,0,2,0,2,0,0,2,0,2,0,0,0,2
01/06/2014,CNW,TX,ASW,CE,Federal Contract Tower,0,0,1,16,17,0,0,17,2,19,0,0,18,18,36,16,34,50,86
01/07/2014,CNW,TX,ASW,CE,Federal Contract Tower,0,0,2,22,24,0,0,38,2,40,0,0,40,24,64,48,40,88,152
01/08/2014,CNW,TX,ASW,CE,Federal Contract Tower,0,0,1,0,1,0,0,0,0,0,0,0,1,0,1,0,0,0,1
01/09/2014,CNW,TX,ASW,CE,Federal Contract Tower,0,0,0,3,3,0,0,0,0,0,0,0,0,3,3,0,0,0,3
01/10/2014,CNW,TX,ASW,CE,Federal Contract Tower,0,0,4,3,7,0,0,6,2,8,0,0,10,5,15,10,0,10,25
01/11/2014,CNW,TX,ASW,CE,Federal Contract Tower,0,0,7,3,10,0,0,28,2,30,0,0,35,5,40,26,8,34,74
01/12/2014,CNW,TX,ASW,CE,Federal Contract Tower,0,0,0,1,1,0,0,12,0,12,0,0,12,1,13,12,0,12,25
01/13/2014,CNW,TX,ASW,CE,Federal Contract Tower,0,0,1,5,6,0,0,38,0,38,0,0,39,5,44,30,8,38,82
01/14/2014,CNW,TX,ASW,CE,Federal Contract Tower,0,0,11,14,25,0,0,62,1,63,0,0,73,15,88,76,70,146,234
01/15/2014,CNW,TX,ASW,CE,Federal Contract Tower,0,0,3,14,17,0,0,53,0,53,0,0,56,14,70,36,12,48,118
01/16/2014,CNW,TX,ASW,CE,Federal Contract Tower,0,0,7,14,21,0,0,54,0,54,0,0,61,14,75,40,56,96,171
01/17/2014,CNW,TX,ASW,CE,Federal Contract Tower,0,0,1,6,7,0,0,40,3,43,0,0,41,9,50,40,42,82,132
01/18/2014,CNW,TX,ASW,CE,Federal Contract Tower,0,0,6,6,12,0,0,27,0,27,0,0,33,6,39,0,0,0,39
01/19/2014,CNW,TX,ASW,CE,Federal Contract Tower,0,0,6,4,10,0,0,27,0,27,0,0,33,4,37,70,0,70,107
01/20/2014,CNW,TX,ASW,CE,Federal Contract Tower,0,0,5,0,5,0,0,39,0,39,0,0,44,0,44,24,0,24,68
01/21/2014,CNW,TX,ASW,CE,Federal Contract Tower,0,0,3,32,35,0,0,51,0,51,0,0,54,32,86,28,68,96,182
01/22/2014,CNW,TX,ASW,CE,Federal Contract Tower,0,0,6,3,9,0,0,43,0,43,0,0,49,3,52,44,8,52,104
01/23/2014,CNW,TX,ASW,CE,Federal Contract Tower,0,0,2,1,3,0,0,6,0,6,0,0,8,1,9,0,0,0,9
01/24/2014,CNW,TX,ASW,CE,Federal Contract Tower,0,0,2,2,4,0,0,25,5,30,0,0,27,7,34,4,22,26,60
01/25/2014,CNW,TX,ASW,CE,Federal Contract Tower,0,0,3,0,3,0,0,34,0,34,0,0,37,0,37,22,0,22,59
01/26/2014,CNW,TX,ASW,CE,Federal Contract Tower,0,0,0,0,0,0,0,23,0,23,0,0,23,0,23,134,0,134,157
01/27/2014,CNW,TX,ASW,CE,Federal Contract Tower,0,0,1,7,8,0,0,3,0,3,0,0,4,7,11,0,66,66,77
01/28/2014,CNW,TX,ASW,CE,Federal Contract Tower,0,0,2,6,8,0,0,37,0,37,0,0,39,6,45,22,0,22,67
01/29/2014,CNW,TX,ASW,CE,Federal Contract Tower,0,0,7,13,20,0,2,57,0,59,0,2,64,13,79,44,54,98,177
01/30/2014,CNW,TX,ASW,CE,Federal Contract Tower,0,0,15,9,24,0,1,17,0,18,0,1,32,9,42,24,42,66,108
01/31/2014,CNW,TX,ASW,CE,Federal Contract Tower,0,0,13,13,26,0,0,35,0,35,0,0,48,13,61,14,28,42,103
02/01/2014,CNW,TX,ASW,CE,Federal Contract Tower,0,0,9,0,9,0,0,3,0,3,0,0,12,0,12,0,0,0,12
02/02/2014,CNW,TX,ASW,CE,Federal Contract Tower,0,0,0,0,0,0,0,0,0,0,0,0,0,0,0,0,0,0,0
02/03/2014,CNW,TX,ASW,CE,Federal Contract Tower,0,0,1,8,9,0,0,3,0,3,0,0,4,8,12,20,18,38,50
02/04/2014,CNW,TX,ASW,CE,Federal Contract Tower,0,0,3,0,3,0,0,13,0,13,0,0,16,0,16,66,0,66,82
02/05/2014,CNW,TX,ASW,CE,Federal Contract Tower,0,1,3,7,11,0,0,27,0,27,0,1,30,7,38,30,14,44,82
02/06/2014,CNW,TX,ASW,CE,Federal Contract Tower,0,0,3,14,17,0,0,37,0,37,0,0,40,14,54,34,74,108,162
02/07/2014,CNW,TX,ASW,CE,Federal Contract Tower,0,0,2,6,8,0,0,14,0,14,0,0,16,6,22,4,0,4,26
02/08/2014,CNW,TX,ASW,CE,Federal Contract Tower,0,0,5,0,5,0,0,25,0,25,0,0,30,0,30,26,0,26,56
02/09/2014,CNW,TX,ASW,CE,Federal Contract Tower,0,0,4,0,4,0,0,17,0,17,0,0,21,0,21,26,0,26,47
02/10/2014,CNW,TX,ASW,CE,Federal Contract Tower,0,0,0,2,2,0,0,0,0,0,0,0,0,2,2,0,0,0,2
02/11/2014,CNW,TX,ASW,CE,Federal Contract Tower,0,0,0,0,0,0,0,0,4,4,0,0,0,4,4,0,0,0,4
02/12/2014,CNW,TX,ASW,CE,Federal Contract Tower,0,3,2,11,16,0,0,60,14,74,0,3,62,25,90,58,68,126,216
02/13/2014,CNW,TX,ASW,CE,Federal Contract Tower,0,0,11,13,24,0,0,84,4,88,0,0,95,17,112,82,50,132,244
02/14/2014,CNW,TX,ASW,CE,Federal Contract Tower,0,0,4,1,5,0,0,50,0,50,0,0,54,1,55,56,22,78,133
02/15/2014,CNW,TX,ASW,CE,Federal Contract Tower,0,0,1,0,1,0,0,27,0,27,0,0,28,0,28,8,0,8,36
02/16/2014,CNW,TX,ASW,CE,Federal Contract Tower,0,0,5,0,5,0,0,9,2,11,0,0,14,2,16,12,0,12,28
02/17/2014,CNW,TX,ASW,CE,Federal Contract Tower,0,0,9,0,9,0,0,55,0,55,0,0,64,0,64,44,0,44,108
02/18/2014,CNW,TX,ASW,CE,Federal Contract Tower,0,0,8,0,8,0,0,44,10,54,0,0,52,10,62,80,10,90,152
02/19/2014,CNW,TX,ASW,CE,Federal Contract Tower,0,0,12,3,15,0,0,13,0,13,0,0,25,3,28,58,0,58,86
02/20/2014,CNW,TX,ASW,CE,Federal Contract Tower,0,0,2,16,18,0,0,21,0,21,0,0,23,16,39,38,120,158,197
02/21/2014,CNW,TX,ASW,CE,Federal Contract Tower,0,0,6,4,10,0,0,83,0,83,0,0,89,4,93,88,0,88,181
02/22/2014,CNW,TX,ASW,CE,Federal Contract Tower,0,0,8,0,8,0,0,28,0,28,0,0,36,0,36,54,0,54,90
02/23/2014,CNW,TX,ASW,CE,Federal Contract Tower,0,0,2,0,2,0,0,32,0,32,0,0,34,0,34,54,0,54,88
02/24/2014,CNW,TX,ASW,CE,Federal Contract Tower,0,0,11,8,19,0,0,7,0,7,0,0,18,8,26,100,8,108,134
02/25/2014,CNW,TX,ASW,CE,Federal Contract Tower,0,0,0,0,0,0,0,0,0,0,0,0,0,0,0,0,0,0,0
02/26/2014,CNW,TX,ASW,CE,Federal Contract Tower,0,0,3,2,5,0,0,34,2,36,0,0,37,4,41,60,28,88,129
02/27/2014,CNW,TX,ASW,CE,Federal Contract Tower,0,0,7,25,32,0,0,78,3,81,0,0,85,28,113,30,162,192,305
02/28/2014,CNW,TX,ASW,CE,Federal Contract Tower,0,0,8,26,34,0,0,55,5,60,0,0,63,31,94,90,236,326,420
03/01/2014,CNW,TX,ASW,CE,Federal Contract Tower,0,0,0,12,12,0,0,2,0,2,0,0,2,12,14,0,0,0,14
03/02/2014,CNW,TX,ASW,CE,Federal Contract Tower,0,0,0,0,0,0,0,0,0,0,0,0,0,0,0,0,0,0,0
03/03/2014,CNW,TX,ASW,CE,Federal Contract Tower,0,0,6,16,22,0,0,35,5,40,0,0,41,21,62,48,126,174,236
03/04/2014,CNW,TX,ASW,CE,Federal Contract Tower,0,0,4,21,25,0,0,39,1,40,0,0,43,22,65,54,84,138,203
03/05/2014,CNW,TX,ASW,CE,Federal Contract Tower,0,0,18,14,32,0,0,19,0,19,0,0,37,14,51,64,66,130,181
03/06/2014,CNW,TX,ASW,CE,Federal Contract Tower,0,0,10,14,24,0,0,38,0,38,0,0,48,14,62,52,66,118,180
03/07/2014,CNW,TX,ASW,CE,Federal Contract Tower,0,0,7,9,16,0,0,43,0,43,0,0,50,9,59,62,40,102,161
03/08/2014,CNW,TX,ASW,CE,Federal Contract Tower,0,0,4,5,9,0,0,8,0,8,0,0,12,5,17,6,0,6,23
03/09/2014,CNW,TX,ASW,CE,Federal Contract Tower,0,0,0,0,0,0,0,12,0,12,0,0,12,0,12,56,0,56,68
03/10/2014,CNW,TX,ASW,CE,Federal Contract Tower,0,0,4,0,4,0,0,37,0,37,0,0,41,0,41,32,0,32,73
03/11/2014,CNW,TX,ASW,CE,Federal Contract Tower,0,0,6,19,25,0,0,46,2,48,0,0,52,21,73,60,86,146,219
03/12/2014,CNW,TX,ASW,CE,Federal Contract Tower,0,0,4,6,10,0,0,11,2,13,0,0,15,8,23,12,72,84,107
03/13/2014,CNW,TX,ASW,CE,Federal Contract Tower,0,0,15,6,21,0,0,62,3,65,0,0,77,9,86,94,18,112,198
03/14/2014,CNW,TX,ASW,CE,Federal Contract Tower,0,0,17,13,30,0,0,28,2,30,0,0,45,15,60,74,44,118,178
03/15/2014,CNW,TX,ASW,CE,Federal Contract Tower,0,0,0,0,0,0,0,0,0,0,0,0,0,0,0,0,0,0,0
03/16/2014,CNW,TX,ASW,CE,Federal Contract Tower,0,0,0,0,0,0,0,0,0,0,0,0,0,0,0,0,0,0,0
03/17/2014,CNW,TX,ASW,CE,Federal Contract Tower,0,0,5,7,12,0,0,66,0,66,0,0,71,7,78,126,16,142,220
03/18/2014,CNW,TX,ASW,CE,Federal Contract Tower,0,0,9,1,10,0,0,47,0,47,0,0,56,1,57,38,0,38,95
03/19/2014,CNW,TX,ASW,CE,Federal Contract Tower,0,0,12,2,14,0,0,63,0,63,0,0,75,2,77,138,0,138,215
03/20/2014,CNW,TX,ASW,CE,Federal Contract Tower,0,0,15,11,26,0,0,76,0,76,0,0,91,11,102,136,20,156,258
03/21/2014,CNW,TX,ASW,CE,Federal Contract Tower,0,0,9,24,33,0,0,49,2,51,0,0,58,26,84,24,66,90,174
03/22/2014,CNW,TX,ASW,CE,Federal Contract Tower,0,0,2,0,2,0,0,0,0,0,0,0,2,0,2,0,0,0,2
03/23/2014,CNW,TX,ASW,CE,Federal Contract Tower,0,0,4,0,4,0,0,7,2,9,0,0,11,2,13,10,0,10,23
03/24/2014,CNW,TX,ASW,CE,Federal Contract Tower,0,0,8,10,18,0,0,58,5,63,0,0,66,15,81,60,60,120,201
03/25/2014,CNW,TX,ASW,CE,Federal Contract Tower,0,0,7,18,25,0,0,53,0,53,0,0,60,18,78,32,110,142,220
03/26/2014,CNW,TX,ASW,CE,Federal Contract Tower,0,0,7,14,21,0,0,19,4,23,0,0,26,18,44,10,6,16,60
03/27/2014,CNW,TX,ASW,CE,Federal Contract Tower,0,0,13,2,15,0,0,12,0,12,0,0,25,2,27,18,6,24,51
03/28/2014,CNW,TX,ASW,CE,Federal Contract Tower,0,0,18,0,18,0,0,19,0,19,0,0,37,0,37,44,0,44,81
03/29/2014,CNW,TX,ASW,CE,Federal Contract Tower,0,0,0,0,0,0,0,24,0,24,0,0,24,0,24,42,0,42,66
03/30/2014,CNW,TX,ASW,CE,Federal Contract Tower,0,0,1,0,1,0,0,31,0,31,0,0,32,0,32,92,0,92,124
03/31/2014,CNW,TX,ASW,CE,Federal Contract Tower,0,0,11,12,23,0,0,38,0,38,0,0,49,12,61,52,32,84,145
04/01/2014,CNW,TX,ASW,CE,Federal Contract Tower,0,0,20,6,26,0,0,37,0,37,0,0,57,6,63,80,6,86,149
04/02/2014,CNW,TX,ASW,CE,Federal Contract Tower,0,0,13,9,22,0,0,15,0,15,0,0,28,9,37,8,22,30,67
04/03/2014,CNW,TX,ASW,CE,Federal Contract Tower,0,0,11,27,38,0,0,15,1,16,0,0,26,28,54,6,198,204,258
04/04/2014,CNW,TX,ASW,CE,Federal Contract Tower,0,0,11,1,12,0,0,63,0,63,0,0,74,1,75,68,0,68,143
04/05/2014,CNW,TX,ASW,CE,Federal Contract Tower,0,0,8,14,22,0,0,45,0,45,0,0,53,14,67,22,0,22,89
04/06/2014,CNW,TX,ASW,CE,Federal Contract Tower,0,0,0,0,0,0,0,0,0,0,0,0,0,0,0,0,0,0,0
04/07/2014,CNW,TX,ASW,CE,Federal Contract Tower,0,0,9,2,11,0,0,32,2,34,0,0,41,4,45,60,4,64,109
04/08/2014,CNW,TX,ASW,CE,Federal Contract Tower,0,0,10,9,19,0,0,31,1,32,0,0,41,10,51,8,24,32,83
04/09/2014,CNW,TX,ASW,CE,Federal Contract Tower,0,0,18,21,39,0,0,68,1,69,0,0,86,22,108,68,14,82,190
04/10/2014,CNW,TX,ASW,CE,Federal Contract Tower,0,0,6,3,9,0,0,22,0,22,0,0,28,3,31,10,0,10,41
04/11/2014,CNW,TX,ASW,CE,Federal Contract Tower,0,0,14,7,21,0,0,21,0,21,0,0,35,7,42,46,14,60,102
04/12/2014,CNW,TX,ASW,CE,Federal Contract Tower,0,0,5,0,5,0,0,21,0,21,0,0,26,0,26,10,0,10,36
04/13/2014,CNW,TX,ASW,CE,Federal Contract Tower,0,0,0,0,0,0,0,0,0,0,0,0,0,0,0,0,0,0,0
04/14/2014,CNW,TX,ASW,CE,Federal Contract Tower,0,0,1,5,6,0,0,14,2,16,0,0,15,7,22,12,38,50,72
04/15/2014,CNW,TX,ASW,CE,Federal Contract Tower,0,0,10,14,24,0,0,81,2,83,0,0,91,16,107,100,40,140,247
04/16/2014,CNW,TX,ASW,CE,Federal Contract Tower,0,0,16,0,16,0,0,60,2,62,0,0,76,2,78,114,92,206,284
04/17/2014,CNW,TX,ASW,CE,Federal Contract Tower,0,0,26,15,41,0,0,27,0,27,0,0,53,15,68,46,24,70,138
04/18/2014,CNW,TX,ASW,CE,Federal Contract Tower,0,0,11,9,20,0,0,29,2,31,0,0,40,11,51,38,62,100,151
04/19/2014,CNW,TX,ASW,CE,Federal Contract Tower,0,0,4,0,4,0,0,33,0,33,0,0,37,0,37,22,0,22,59
04/20/2014,CNW,TX,ASW,CE,Federal Contract Tower,0,0,0,0,0,0,0,4,0,4,0,0,4,0,4,0,0,0,4
04/21/2014,CNW,TX,ASW,CE,Federal Contract Tower,0,0,4,0,4,0,0,7,0,7,0,0,11,0,11,10,0,10,21
04/22/2014,CNW,TX,ASW,CE,Federal Contract Tower,0,0,8,0,8,0,0,55,0,55,0,0,63,0,63,66,0,66,129
04/23/2014,CNW,TX,ASW,CE,Federal Contract Tower,0,0,7,0,7,0,0,61,0,61,0,0,68,0,68,70,0,70,138
04/24/2014,CNW,TX,ASW,CE,Federal Contract Tower,0,0,9,0,9,0,0,26,0,26,0,0,35,0,35,18,0,18,53
04/25/2014,CNW,TX,ASW,CE,Federal Contract Tower,0,0,3,0,3,0,0,48,0,48,0,0,51,0,51,40,0,40,91
04/26/2014,CNW,TX,ASW,CE,Federal Contract Tower,0,0,3,0,3,0,0,7,0,7,0,0,10,0,10,10,0,10,20
04/27/2014,CNW,TX,ASW,CE,Federal Contract Tower,0,0,0,0,0,0,0,13,2,15,0,0,13,2,15,52,0,52,67
04/28/2014,CNW,TX,ASW,CE,Federal Contract Tower,0,0,0,2,2,0,0,45,1,46,0,0,45,3,48,74,6,80,128
04/29/2014,CNW,TX,ASW,CE,Federal Contract Tower,0,0,2,0,2,0,0,46,4,50,0,0,48,4,52,60,8,68,120
04/30/2014,CNW,TX,ASW,CE,Federal Contract Tower,0,0,3,2,5,0,0,44,1,45,0,0,47,3,50,86,2,88,138
05/01/2014,CNW,TX,ASW,CE,Federal Contract Tower,0,0,2,0,2,0,0,77,0,77,0,0,79,0,79,134,0,134,213
05/02/2014,CNW,TX,ASW,CE,Federal Contract Tower,0,0,3,0,3,0,0,55,0,55,0,0,58,0,58,20,0,20,78
05/03/2014,CNW,TX,ASW,CE,Federal Contract Tower,0,0,0,0,0,0,0,24,0,24,0,0,24,0,24,6,0,6,30
05/04/2014,CNW,TX,ASW,CE,Federal Contract Tower,0,0,0,0,0,0,0,7,2,9,0,0,7,2,9,4,0,4,13
05/05/2014,CNW,TX,ASW,CE,Federal Contract Tower,0,0,2,0,2,0,0,41,0,41,0,0,43,0,43,42,0,42,85
05/06/2014,CNW,TX,ASW,CE,Federal Contract Tower,0,0,6,4,10,0,0,39,2,41,0,0,45,6,51,84,0,84,135
05/07/2014,CNW,TX,ASW,CE,Federal Contract Tower,0,0,2,0,2,0,0,24,0,24,0,0,26,0,26,38,0,38,64
05/08/2014,CNW,TX,ASW,CE,Federal Contract Tower,0,0,3,0,3,0,0,1,0,1,0,0,4,0,4,0,0,0,4
05/09/2014,CNW,TX,ASW,CE,Federal Contract Tower,0,0,4,0,4,0,0,11,0,11,0,0,15,0,15,42,0,42,57
05/10/2014,CNW,TX,ASW,CE,Federal Contract Tower,0,0,2,0,2,0,0,17,0,17,0,0,19,0,19,0,0,0,19
05/11/2014,CNW,TX,ASW,CE,Federal Contract Tower,0,0,0,0,0,0,0,9,0,9,0,0,9,0,9,8,0,8,17
05/12/2014,CNW,TX,ASW,CE,Federal Contract Tower,0,0,3,0,3,0,0,5,0,5,0,0,8,0,8,0,0,0,8
05/13/2014,CNW,TX,ASW,CE,Federal Contract Tower,0,0,6,0,6,0,0,24,0,24,0,0,30,0,30,82,0,82,112
05/14/2014,CNW,TX,ASW,CE,Federal Contract Tower,0,0,1,0,1,0,0,50,0,50,0,0,51,0,51,48,0,48,99
05/15/2014,CNW,TX,ASW,CE,Federal Contract Tower,0,0,4,0,4,0,0,56,0,56,0,0,60,0,60,70,0,70,130
05/16/2014,CNW,TX,ASW,CE,Federal Contract Tower,0,0,0,0,0,0,0,63,0,63,0,0,63,0,63,48,0,48,111
05/17/2014,CNW,TX,ASW,CE,Federal Contract Tower,0,0,1,0,1,0,0,42,0,42,0,0,43,0,43,28,0,28,71
05/18/2014,CNW,TX,ASW,CE,Federal Contract Tower,0,0,2,0,2,0,0,27,0,27,0,0,29,0,29,0,0,0,29
05/19/2014,CNW,TX,ASW,CE,Federal Contract Tower,0,0,1,0,1,0,0,53,0,53,0,0,54,0,54,66,0,66,120
05/20/2014,CNW,TX,ASW,CE,Federal Contract Tower,0,0,0,0,0,0,0,64,1,65,0,0,64,1,65,34,0,34,99
05/21/2014,CNW,TX,ASW,CE,Federal Contract Tower,0,0,7,1,8,0,0,81,0,81,0,0,88,1,89,90,0,90,179
05/22/2014,CNW,TX,ASW,CE,Federal Contract Tower,0,0,8,0,8,0,0,58,0,58,0,0,66,0,66,92,0,92,158
05/23/2014,CNW,TX,ASW,CE,Federal Contract Tower,0,0,1,0,1,0,0,47,0,47,0,0,48,0,48,36,0,36,84
05/24/2014,CNW,TX,ASW,CE,Federal Contract Tower,0,0,6,2,8,0,0,34,0,34,0,0,40,2,42,30,0,30,72
05/25/2014,CNW,TX,ASW,CE,Federal Contract Tower,0,0,1,0,1,0,0,18,0,18,0,0,19,0,19,6,0,6,25
05/26/2014,CNW,TX,ASW,CE,Federal Contract Tower,0,0,2,0,2,0,0,6,0,6,0,0,8,0,8,6,0,6,14
05/27/2014,CNW,TX,ASW,CE,Federal Contract Tower,0,0,8,0,8,0,0,7,0,7,0,0,15,0,15,32,0,32,47
05/28/2014,CNW,TX,ASW,CE,Federal Contract Tower,0,0,22,0,22,0,0,54,0,54,0,0,76,0,76,104,0,104,180
05/29/2014,CNW,TX,ASW,CE,Federal Contract Tower,0,2,9,2,13,0,0,95,2,97,0,2,104,4,110,76,42,118,228
05/30/2014,CNW,TX,ASW,CE,Federal Contract Tower,0,0,10,0,10,0,0,64,0,64,0,0,74,0,74,60,0,60,134
05/31/2014,CNW,TX,ASW,CE,Federal Contract Tower,0,0,9,0,9,0,0,24,0,24,0,0,33,0,33,20,0,20,53
06/01/2014,CNW,TX,ASW,CE,Federal Contract Tower,0,0,2,0,2,0,0,16,0,16,0,0,18,0,18,12,0,12,30
06/02/2014,CNW,TX,ASW,CE,Federal Contract Tower,0,0,14,1,15,0,0,39,0,39,0,0,53,1,54,156,0,156,210
06/03/2014,CNW,TX,ASW,CE,Federal Contract Tower,0,0,23,6,29,0,0,41,0,41,0,0,64,6,70,108,8,116,186
06/04/2014,CNW,TX,ASW,CE,Federal Contract Tower,0,0,12,8,20,0,0,62,1,63,0,0,74,9,83,192,82,274,357
06/05/2014,CNW,TX,ASW,CE,Federal Contract Tower,0,0,17,9,26,0,0,31,3,34,0,0,48,12,60,164,178,342,402
06/06/2014,CNW,TX,ASW,CE,Federal Contract Tower,0,0,10,12,22,0,0,54,2,56,0,0,64,14,78,154,14,168,246
06/07/2014,CNW,TX,ASW,CE,Federal Contract Tower,0,0,12,0,12,0,0,27,6,33,0,0,39,6,45,78,0,78,123
06/08/2014,CNW,TX,ASW,CE,Federal Contract Tower,0,0,0,4,4,0,0,8,0,8,0,0,8,4,12,22,0,22,34
06/09/2014,CNW,TX,ASW,CE,Federal Contract Tower,0,0,2,0,2,0,0,11,0,11,0,0,13,0,13,26,0,26,39
06/10/2014,CNW,TX,ASW,CE,Federal Contract Tower,0,0,13,4,17,0,0,64,0,64,0,0,77,4,81,82,14,96,177
06/11/2014,CNW,TX,ASW,CE,Federal Contract Tower,0,0,7,9,16,0,0,89,3,92,0,0,96,12,108,190,52,242,350
06/12/2014,CNW,TX,ASW,CE,Federal Contract Tower,0,0,11,0,11,0,0,20,0,20,0,0,31,0,31,24,0,24,55
06/13/2014,CNW,TX,ASW,CE,Federal Contract Tower,0,0,9,38,47,0,0,58,0,58,0,0,67,38,105,152,38,190,295
06/14/2014,CNW,TX,ASW,CE,Federal Contract Tower,0,0,6,4,10,0,0,34,0,34,0,0,40,4,44,44,0,44,88
06/15/2014,CNW,TX,ASW,CE,Federal Contract Tower,0,0,2,0,2,0,0,8,0,8,0,0,10,0,10,0,0,0,10
06/16/2014,CNW,TX,ASW,CE,Federal Contract Tower,0,0,8,0,8,0,0,33,0,33,0,0,41,0,41,148,0,148,189
06/17/2014,CNW,TX,ASW,CE,Federal Contract Tower,0,0,12,14,26,0,0,21,2,23,0,0,33,16,49,54,48,102,151
06/18/2014,CNW,TX,ASW,CE,Federal Contract Tower,0,0,9,11,20,0,0,38,0,38,0,0,47,11,58,112,42,154,212
06/19/2014,CNW,TX,ASW,CE,Federal Contract Tower,0,0,8,11,19,0,0,43,1,44,0,0,51,12,63,70,40,110,173
06/20/2014,CNW,TX,ASW,CE,Federal Contract Tower,0,0,13,6,19,0,0,45,3,48,0,0,58,9,67,66,40,106,173
06/21/2014,CNW,TX,ASW,CE,Federal Contract Tower,0,0,4,13,17,0,0,33,0,33,0,0,37,13,50,36,44,80,130
06/22/2014,CNW,TX,ASW,CE,Federal Contract Tower,0,0,0,0,0,0,0,2,0,2,0,0,2,0,2,0,0,0,2
06/23/2014,CNW,TX,ASW,CE,Federal Contract Tower,0,0,14,0,14,0,0,32,0,32,0,0,46,0,46,52,0,52,98
06/24/2014,CNW,TX,ASW,CE,Federal Contract Tower,0,3,11,12,26,0,0,39,2,41,0,3,50,14,67,104,50,154,221
06/25/2014,CNW,TX,ASW,CE,Federal Contract Tower,0,0,6,2,8,0,0,0,0,0,0,0,6,2,8,0,0,0,8
06/26/2014,CNW,TX,ASW,CE,Federal Contract Tower,0,0,18,4,22,0,0,33,0,33,0,0,51,4,55,44,0,44,99
06/27/2014,CNW,TX,ASW,CE,Federal Contract Tower,0,0,9,13,22,0,0,22,2,24,0,0,31,15,46,33,71,104,150
06/28/2014,CNW,TX,ASW,CE,Federal Contract Tower,0,0,7,4,11,0,0,19,0,19,0,0,26,4,30,14,0,14,44
06/29/2014,CNW,TX,ASW,CE,Federal Contract Tower,0,0,0,10,10,0,0,12,0,12,0,0,12,10,22,0,0,0,22
06/30/2014,CNW,TX,ASW,CE,Federal Contract Tower,0,1,10,2,13,0,0,42,0,42,0,1,52,2,55,130,44,174,229
07/01/2014,CNW,TX,ASW,CE,Federal Contract Tower,0,0,11,20,31,0,0,59,2,61,0,0,70,22,92,64,38,102,194
07/02/2014,CNW,TX,ASW,CE,Federal Contract Tower,0,0,7,16,23,0,0,78,1,79,0,0,85,17,102,146,46,192,294
07/03/2014,CNW,TX,ASW,CE,Federal Contract Tower,0,0,11,9,20,0,0,48,1,49,0,0,59,10,69,56,34,90,159
07/04/2014,CNW,TX,ASW,CE,Federal Contract Tower,0,0,1,0,1,0,0,13,0,13,0,0,14,0,14,14,0,14,28
07/05/2014,CNW,TX,ASW,CE,Federal Contract Tower,0,0,0,0,0,0,0,16,0,16,0,0,16,0,16,40,0,40,56
07/06/2014,CNW,TX,ASW,CE,Federal Contract Tower,0,0,1,0,1,0,0,12,0,12,0,0,13,0,13,6,0,6,19
07/07/2014,CNW,TX,ASW,CE,Federal Contract Tower,0,0,15,4,19,0,0,52,2,54,0,0,67,6,73,82,50,132,205
07/08/2014,CNW,TX,ASW,CE,Federal Contract Tower,0,0,6,20,26,0,0,46,5,51,0,0,52,25,77,112,130,242,319
07/09/2014,CNW,TX,ASW,CE,Federal Contract Tower,0,0,14,44,58,0,0,42,5,47,0,0,56,49,105,104,180,284,389
07/10/2014,CNW,TX,ASW,CE,Federal Contract Tower,0,0,12,12,24,0,0,52,1,53,0,0,64,13,77,48,48,96,173
07/11/2014,CNW,TX,ASW,CE,Federal Contract Tower,0,0,5,14,19,0,0,38,0,38,0,0,43,14,57,58,0,58,115
07/12/2014,CNW,TX,ASW,CE,Federal Contract Tower,0,0,0,12,12,0,0,15,0,15,0,0,15,12,27,14,0,14,41
07/13/2014,CNW,TX,ASW,CE,Federal Contract Tower,0,0,2,0,2,0,0,5,0,5,0,0,7,0,7,0,0,0,7
07/14/2014,CNW,TX,ASW,CE,Federal Contract Tower,0,0,8,18,26,0,0,53,1,54,0,0,61,19,80,56,24,80,160
07/15/2014,CNW,TX,ASW,CE,Federal Contract Tower,0,0,3,6,9,0,0,36,0,36,0,0,39,6,45,78,34,112,157
07/16/2014,CNW,TX,ASW,CE,Federal Contract Tower,0,0,8,22,30,0,0,42,0,42,0,0,50,22,72,62,72,134,206
07/17/2014,CNW,TX,ASW,CE,Federal Contract Tower,0,0,3,0,3,0,0,2,0,2,0,0,5,0,5,24,0,24,29
07/18/2014,CNW,TX,ASW,CE,Federal Contract Tower,0,0,7,8,15,0,0,6,0,6,0,0,13,8,21,20,0,20,41
07/19/2014,CNW,TX,ASW,CE,Federal Contract Tower,0,0,4,6,10,0,0,16,6,22,0,0,20,12,32,10,0,10,42
07/20/2014,CNW,TX,ASW,CE,Federal Contract Tower,0,0,5,1,6,0,0,6,3,9,0,0,11,4,15,0,20,20,35
07/21/2014,CNW,TX,ASW,CE,Federal Contract Tower,0,0,11,22,33,0,0,40,5,45,0,0,51,27,78,6,66,72,150
07/22/2014,CNW,TX,ASW,CE,Federal Contract Tower,0,0,7,0,7,0,0,59,8,67,0,0,66,8,74,74,4,78,152
07/23/2014,CNW,TX,ASW,CE,Federal Contract Tower,0,0,6,38,44,0,0,53,0,53,0,0,59,38,97,148,56,204,301
07/24/2014,CNW,TX,ASW,CE,Federal Contract Tower,0,0,20,6,26,0,0,59,1,60,0,0,79,7,86,64,8,72,158
07/25/2014,CNW,TX,ASW,CE,Federal Contract Tower,0,1,15,7,23,0,0,45,1,46,0,1,60,8,69,66,12,78,147
07/26/2014,CNW,TX,ASW,CE,Federal Contract Tower,0,0,3,0,3,0,0,15,0,15,0,0,18,0,18,6,0,6,24
07/27/2014,CNW,TX,ASW,CE,Federal Contract Tower,0,0,3,4,7,0,0,4,0,4,0,0,7,4,11,4,0,4,15
07/28/2014,CNW,TX,ASW,CE,Federal Contract Tower,0,0,10,2,12,0,2,35,0,37,0,2,45,2,49,62,0,62,111
07/29/2014,CNW,TX,ASW,CE,Federal Contract Tower,0,0,8,16,24,0,0,46,0,46,0,0,54,16,70,64,12,76,146
07/30/2014,CNW,TX,ASW,CE,Federal Contract Tower,0,0,5,14,19,0,0,46,1,47,0,0,51,15,66,114,48,162,228
07/31/2014,CNW,TX,ASW,CE,Federal Contract Tower,0,0,7,8,15,0,0,24,1,25,0,0,31,9,40,42,16,58,98
08/01/2014,CNW,TX,ASW,CE,Federal Contract Tower,0,0,14,4,18,0,0,30,1,31,0,0,44,5,49,152,24,176,225
08/02/2014,CNW,TX,ASW,CE,Federal Contract Tower,0,0,9,0,9,0,0,15,0,15,0,0,24,0,24,80,0,80,104
08/03/2014,CNW,TX,ASW,CE,Federal Contract Tower,0,0,0,0,0,0,0,6,0,6,0,0,6,0,6,16,0,16,22
08/04/2014,CNW,TX,ASW,CE,Federal Contract Tower,0,2,8,6,16,0,0,46,1,47,0,2,54,7,63,152,32,184,247
08/05/2014,CNW,TX,ASW,CE,Federal Contract Tower,0,0,7,15,22,0,0,31,2,33,0,0,38,17,55,46,100,146,201
08/06/2014,CNW,TX,ASW,CE,Federal Contract Tower,0,0,7,25,32,0,0,51,1,52,0,0,58,26,84,180,14,194,278
08/07/2014,CNW,TX,ASW,CE,Federal Contract Tower,0,0,5,18,23,0,0,38,6,44,0,0,43,24,67,96,84,180,247
08/08/2014,CNW,TX,ASW,CE,Federal Contract Tower,0,0,10,2,12,0,0,47,0,47,0,0,57,2,59,48,0,48,107
08/09/2014,CNW,TX,ASW,CE,Federal Contract Tower,0,0,1,0,1,0,0,15,3,18,0,0,16,3,19,12,0,12,31
08/10/2014,CNW,TX,ASW,CE,Federal Contract Tower,0,0,0,6,6,0,0,5,1,6,0,0,5,7,12,4,8,12,24
08/11/2014,CNW,TX,ASW,CE,Federal Contract Tower,0,0,0,0,0,0,0,20,0,20,0,0,20,0,20,34,0,34,54
08/12/2014,CNW,TX,ASW,CE,Federal Contract Tower,0,0,5,38,43,0,0,31,9,40,0,0,36,47,83,42,56,98,181
08/13/2014,CNW,TX,ASW,CE,Federal Contract Tower,0,0,6,18,24,0,0,57,1,58,0,0,63,19,82,92,12,104,186
08/14/2014,CNW,TX,ASW,CE,Federal Contract Tower,0,0,10,21,31,0,0,40,0,40,0,0,50,21,71,54,48,102,173
08/15/2014,CNW,TX,ASW,CE,Federal Contract Tower,0,0,11,6,17,0,0,35,0,35,0,0,46,6,52,130,10,140,192
08/16/2014,CNW,TX,ASW,CE,Federal Contract Tower,0,0,1,0,1,0,0,7,0,7,0,0,8,0,8,0,0,0,8
08/17/2014,CNW,TX,ASW,CE,Federal Contract Tower,0,0,0,0,0,0,0,1,0,1,0,0,1,0,1,0,0,0,1
08/18/2014,CNW,TX,ASW,CE,Federal Contract Tower,0,0,16,14,30,0,0,36,0,36,0,0,52,14,66,106,0,106,172
08/19/2014,CNW,TX,ASW,CE,Federal Contract Tower,0,0,10,4,14,0,0,28,2,30,0,0,38,6,44,78,20,98,142
08/20/2014,CNW,TX,ASW,CE,Federal Contract Tower,0,0,12,16,28,0,0,46,0,46,0,0,58,16,74,152,38,190,264
08/21/2014,CNW,TX,ASW,CE,Federal Contract Tower,0,0,8,7,15,0,0,30,1,31,0,0,38,8,46,102,20,122,168
08/22/2014,CNW,TX,ASW,CE,Federal Contract Tower,0,0,8,15,23,0,2,36,1,39,0,2,44,16,62,40,20,60,122
08/23/2014,CNW,TX,ASW,CE,Federal Contract Tower,0,0,0,0,0,0,0,21,0,21,0,0,21,0,21,46,0,46,67
08/24/2014,CNW,TX,ASW,CE,Federal Contract Tower,0,0,0,0,0,0,0,8,0,8,0,0,8,0,8,0,0,0,8
08/25/2014,CNW,TX,ASW,CE,Federal Contract Tower,0,0,10,32,42,0,0,32,6,38,0,0,42,38,80,42,128,170,250
08/26/2014,CNW,TX,ASW,CE,Federal Contract Tower,0,0,3,25,28,0,0,23,2,25,0,0,26,27,53,44,34,78,131
08/27/2014,CNW,TX,ASW,CE,Federal Contract Tower,0,0,18,2,20,0,0,28,0,28,0,0,46,2,48,46,14,60,108
08/28/2014,CNW,TX,ASW,CE,Federal Contract Tower,0,0,6,22,28,0,0,30,4,34,0,0,36,26,62,46,28,74,136
08/29/2014,CNW,TX,ASW,CE,Federal Contract Tower,0,0,13,12,25,0,0,22,0,22,0,0,35,12,47,74,0,74,121
08/30/2014,CNW,TX,ASW,CE,Federal Contract Tower,0,0,7,0,7,0,0,11,0,11,0,0,18,0,18,10,0,10,28
08/31/2014,CNW,TX,ASW,CE,Federal Contract Tower,0,0,2,0,2,0,0,27,0,27,0,0,29,0,29,18,0,18,47
09/01/2014,CNW,TX,ASW,CE,Federal Contract Tower,0,0,2,0,2,0,0,3,0,3,0,0,5,0,5,0,0,0,5
09/02/2014,CNW,TX,ASW,CE,Federal Contract Tower,0,0,7,6,13,0,0,19,0,19,0,0,26,6,32,22,14,36,68
09/03/2014,CNW,TX,ASW,CE,Federal Contract Tower,0,0,12,32,44,0,0,51,0,51,0,0,63,32,95,74,74,148,243
09/04/2014,CNW,TX,ASW,CE,Federal Contract Tower,0,0,10,6,16,0,0,50,0,50,0,0,60,6,66,86,14,100,166
09/05/2014,CNW,TX,ASW,CE,Federal Contract Tower,0,0,3,20,23,0,0,69,2,71,0,0,72,22,94,202,26,228,322
09/06/2014,CNW,TX,ASW,CE,Federal Contract Tower,0,0,1,10,11,0,0,9,0,9,0,0,10,10,20,48,0,48,68
09/07/2014,CNW,TX,ASW,CE,Federal Contract Tower,0,0,4,4,8,0,0,8,0,8,0,0,12,4,16,14,0,14,30
09/08/2014,CNW,TX,ASW,CE,Federal Contract Tower,0,0,9,10,19,0,2,81,7,90,0,2,90,17,109,88,92,180,289
09/09/2014,CNW,TX,ASW,CE,Federal Contract Tower,0,0,2,15,17,0,0,69,0,69,0,0,71,15,86,62,12,74,160
09/10/2014,CNW,TX,ASW,CE,Federal Contract Tower,0,0,22,29,51,0,0,71,0,71,0,0,93,29,122,104,58,162,284
09/11/2014,CNW,TX,ASW,CE,Federal Contract Tower,0,0,3,2,5,0,0,36,0,36,0,0,39,2,41,58,0,58,99
09/12/2014,CNW,TX,ASW,CE,Federal Contract Tower,0,0,8,15,23,0,0,8,0,8,0,0,16,15,31,76,0,76,107
09/13/2014,CNW,TX,ASW,CE,Federal Contract Tower,0,0,10,0,10,0,0,4,0,4,0,0,14,0,14,36,0,36,50
09/14/2014,CNW,TX,ASW,CE,Federal Contract Tower,0,0,5,0,5,0,0,14,0,14,0,0,19,0,19,34,0,34,53
09/15/2014,CNW,TX,ASW,CE,Federal Contract Tower,0,0,14,4,18,0,0,79,4,83,0,0,93,8,101,178,44,222,323
09/16/2014,CNW,TX,ASW,CE,Federal Contract Tower,0,0,8,10,18,0,0,56,2,58,0,0,64,12,76,126,52,178,254
09/17/2014,CNW,TX,ASW,CE,Federal Contract Tower,0,0,10,24,34,0,0,49,2,51,0,0,59,26,85,120,18,138,223
09/18/2014,CNW,TX,ASW,CE,Federal Contract Tower,0,0,8,3,11,0,0,9,0,9,0,0,17,3,20,10,0,10,30
09/19/2014,CNW,TX,ASW,CE,Federal Contract Tower,0,0,4,14,18,0,0,33,2,35,0,0,37,16,53,218,86,304,357
09/20/2014,CNW,TX,ASW,CE,Federal Contract Tower,0,0,6,2,8,0,0,22,0,22,0,0,28,2,30,54,0,54,84
09/21/2014,CNW,TX,ASW,CE,Federal Contract Tower,0,0,2,2,4,0,0,28,0,28,0,0,30,2,32,68,8,76,108
09/22/2014,CNW,TX,ASW,CE,Federal Contract Tower,0,0,13,4,17,0,0,78,0,78,0,0,91,4,95,296,0,296,391
09/23/2014,CNW,TX,ASW,CE,Federal Contract Tower,0,0,15,7,22,0,0,86,0,86,0,0,101,7,108,240,14,254,362
09/24/2014,CNW,TX,ASW,CE,Federal Contract Tower,0,0,7,12,19,0,0,101,2,103,0,0,108,14,122,317,50,367,489
09/25/2014,CNW,TX,ASW,CE,Federal Contract Tower,0,0,14,9,23,0,0,77,1,78,0,0,91,10,101,282,80,362,463
09/26/2014,CNW,TX,ASW,CE,Federal Contract Tower,0,0,1,0,1,0,0,52,0,52,0,0,53,0,53,196,0,196,249
09/27/2014,CNW,TX,ASW,CE,Federal Contract Tower,0,0,3,0,3,0,0,239,0,239,0,0,242,0,242,108,0,108,350
09/28/2014,CNW,TX,ASW,CE,Federal Contract Tower,0,0,0,0,0,0,0,4,2,6,0,0,4,2,6,10,0,10,16
09/29/2014,CNW,TX,ASW,CE,Federal Contract Tower,0,0,7,10,17,0,0,75,0,75,0,0,82,10,92,312,28,340,432
09/30/2014,CNW,TX,ASW,CE,Federal Contract Tower,0,0,17,8,25,0,0,73,7,80,0,0,90,15,105,200,60,260,365
10/01/2014,CNW,TX,ASW,CE,Federal Contract Tower,0,0,20,3,23,0,0,66,0,66,0,0,86,3,89,190,12,202,291
10/02/2014,CNW,TX,ASW,CE,Federal Contract Tower,0,0,12,10,22,0,0,19,0,19,0,0,31,10,41,64,0,64,105
10/03/2014,CNW,TX,ASW,CE,Federal Contract Tower,0,0,8,8,16,0,0,101,2,103,0,0,109,10,119,480,10,490,609
10/04/2014,CNW,TX,ASW,CE,Federal Contract Tower,0,0,3,4,7,0,0,55,0,55,0,0,58,4,62,264,0,264,326
10/05/2014,CNW,TX,ASW,CE,Federal Contract Tower,0,0,8,0,8,0,0,12,0,12,0,0,20,0,20,6,0,6,26
10/06/2014,CNW,TX,ASW,CE,Federal Contract Tower,0,0,7,10,17,0,0,31,1,32,0,0,38,11,49,174,16,190,239
10/07/2014,CNW,TX,ASW,CE,Federal Contract Tower,0,0,12,26,38,0,0,89,10,99,0,0,101,36,137,320,144,464,601
10/08/2014,CNW,TX,ASW,CE,Federal Contract Tower,0,0,16,6,22,0,0,48,0,48,0,0,64,6,70,148,18,166,236
10/09/2014,CNW,TX,ASW,CE,Federal Contract Tower,0,0,14,13,27,0,0,57,1,58,0,0,71,14,85,222,44,266,351
10/10/2014,CNW,TX,ASW,CE,Federal Contract Tower,0,0,9,14,23,0,0,63,0,63,0,0,72,14,86,326,20,346,432
10/11/2014,CNW,TX,ASW,CE,Federal Contract Tower,0,1,5,0,6,0,0,2,0,2,0,1,7,0,8,8,0,8,16
10/12/2014,CNW,TX,ASW,CE,Federal Contract Tower,0,1,6,0,7,0,0,0,0,0,0,1,6,0,7,6,0,6,13
10/13/2014,CNW,TX,ASW,CE,Federal Contract Tower,0,0,0,2,2,0,0,2,0,2,0,0,2,2,4,0,0,0,4
10/14/2014,CNW,TX,ASW,CE,Federal Contract Tower,0,0,5,15,20,0,0,68,8,76,0,0,73,23,96,216,43,259,355
10/15/2014,CNW,TX,ASW,CE,Federal Contract Tower,0,0,7,10,17,0,0,89,5,94,0,0,96,15,111,306,54,360,471
10/16/2014,CNW,TX,ASW,CE,Federal Contract Tower,0,10,6,19,35,0,0,88,3,91,0,10,94,22,126,344,40,384,510
10/17/2014,CNW,TX,ASW,CE,Federal Contract Tower,0,0,2,12,14,0,0,61,8,69,0,0,63,20,83,274,54,328,411
10/18/2014,CNW,TX,ASW,CE,Federal Contract Tower,0,0,3,0,3,0,0,157,0,157,0,0,160,0,160,40,0,40,200
10/19/2014,CNW,TX,ASW,CE,Federal Contract Tower,0,0,2,0,2,0,0,21,0,21,0,0,23,0,23,0,0,0,23
10/20/2014,CNW,TX,ASW,CE,Federal Contract Tower,0,0,14,11,25,0,0,71,0,71,0,0,85,11,96,312,28,340,436
10/21/2014,CNW,TX,ASW,CE,Federal Contract Tower,0,0,4,0,4,0,0,87,3,90,0,0,91,3,94,332,0,332,426
10/22/2014,CNW,TX,ASW,CE,Federal Contract Tower,0,0,10,12,22,0,0,75,0,75,0,0,85,12,97,312,16,328,425
10/23/2014,CNW,TX,ASW,CE,Federal Contract Tower,0,0,12,21,33,0,0,86,0,86,0,0,98,21,119,362,6,368,487
10/24/2014,CNW,TX,ASW,CE,Federal Contract Tower,0,0,6,8,14,0,0,70,1,71,0,0,76,9,85,286,22,308,393
10/25/2014,CNW,TX,ASW,CE,Federal Contract Tower,0,0,0,0,0,0,0,18,0,18,0,0,18,0,18,60,0,60,78
10/26/2014,CNW,TX,ASW,CE,Federal Contract Tower,0,0,0,0,0,0,0,16,0,16,0,0,16,0,16,28,0,28,44
10/27/2014,CNW,TX,ASW,CE,Federal Contract Tower,0,0,7,0,7,0,0,43,0,43,0,0,50,0,50,176,0,176,226
10/28/2014,CNW,TX,ASW,CE,Federal Contract Tower,0,0,6,6,12,0,0,72,2,74,0,0,78,8,86,262,58,320,406
10/29/2014,CNW,TX,ASW,CE,Federal Contract Tower,0,0,9,19,28,0,0,53,1,54,0,0,62,20,82,260,88,348,430
10/30/2014,CNW,TX,ASW,CE,Federal Contract Tower,0,0,9,12,21,0,0,80,6,86,0,0,89,18,107,386,34,420,527
10/31/2014,CNW,TX,ASW,CE,Federal Contract Tower,0,2,8,0,10,0,2,69,1,72,0,4,77,1,82,324,0,324,406
11/01/2014,CNW,TX,ASW,CE,Federal Contract Tower,0,0,0,0,0,0,0,19,0,19,0,0,19,0,19,84,0,84,103
11/02/2014,CNW,TX,ASW,CE,Federal Contract Tower,0,2,0,2,4,0,0,15,0,15,0,2,15,2,19,6,26,32,51
11/03/2014,CNW,TX,ASW,CE,Federal Contract Tower,0,0,16,11,27,0,0,65,0,65,0,0,81,11,92,272,40,312,404
11/04/2014,CNW,TX,ASW,CE,Federal Contract Tower,0,0,0,0,0,0,0,5,0,5,0,0,5,0,5,34,0,34,39
11/05/2014,CNW,TX,ASW,CE,Federal Contract Tower,0,0,11,4,15,0,0,0,0,0,0,0,11,4,15,0,0,0,15
11/06/2014,CNW,TX,ASW,CE,Federal Contract Tower,0,0,3,12,15,0,0,93,2,95,0,0,96,14,110,488,24,512,622
11/07/2014,CNW,TX,ASW,CE,Federal Contract Tower,0,0,5,2,7,0,0,94,2,96,0,0,99,4,103,378,20,398,501
11/08/2014,CNW,TX,ASW,CE,Federal Contract Tower,0,0,0,0,0,0,0,23,0,23,0,0,23,0,23,110,0,110,133
11/09/2014,CNW,TX,ASW,CE,Federal Contract Tower,0,0,0,0,0,0,0,20,0,20,0,0,20,0,20,20,0,20,40
11/10/2014,CNW,TX,ASW,CE,Federal Contract Tower,0,0,7,7,14,0,0,49,5,54,0,0,56,12,68,118,26,144,212
11/11/2014,CNW,TX,ASW,CE,Federal Contract Tower,0,0,12,0,12,0,0,72,0,72,0,0,84,0,84,308,0,308,392
11/12/2014,CNW,TX,ASW,CE,Federal Contract Tower,0,0,12,10,22,0,0,84,2,86,0,0,96,12,108,214,24,238,346
11/13/2014,CNW,TX,ASW,CE,Federal Contract Tower,0,0,11,5,16,0,0,69,1,70,0,0,80,6,86,116,40,156,242
11/14/2014,CNW,TX,ASW,CE,Federal Contract Tower,0,0,2,11,13,0,0,83,3,86,0,0,85,14,99,462,38,500,599
11/15/2014,CNW,TX,ASW,CE,Federal Contract Tower,0,0,1,2,3,0,0,9,0,9,0,0,10,2,12,50,0,50,62
11/16/2014,CNW,TX,ASW,CE,Federal Contract Tower,0,0,2,2,4,0,0,0,0,0,0,0,2,2,4,0,0,0,4
11/17/2014,CNW,TX,ASW,CE,Federal Contract Tower,0,0,14,7,21,0,0,92,6,98,0,0,106,13,119,352,30,382,501
11/18/2014,CNW,TX,ASW,CE,Federal Contract Tower,0,2,4,25,31,0,0,92,2,94,0,2,96,27,125,438,32,470,595
11/19/2014,CNW,TX,ASW,CE,Federal Contract Tower,0,0,6,19,25,0,0,97,2,99,0,0,103,21,124,244,54,298,422
11/20/2014,CNW,TX,ASW,CE,Federal Contract Tower,0,0,19,6,25,0,0,55,2,57,0,0,74,8,82,386,16,402,484
11/21/2014,CNW,TX,ASW,CE,Federal Contract Tower,0,0,2,2,4,0,0,0,0,0,0,0,2,2,4,0,0,0,4
11/22/2014,CNW,TX,ASW,CE,Federal Contract Tower,0,0,0,1,1,0,0,0,1,1,0,0,0,2,2,20,0,20,22
11/23/2014,CNW,TX,ASW,CE,Federal Contract Tower,0,0,2,0,2,0,0,10,0,10,0,0,12,0,12,18,0,18,30
11/24/2014,CNW,TX,ASW,CE,Federal Contract Tower,0,0,5,4,9,0,0,99,3,102,0,0,104,7,111,402,4,406,517
11/25/2014,CNW,TX,ASW,CE,Federal Contract Tower,0,0,5,16,21,0,0,79,2,81,0,0,84,18,102,248,22,270,372
11/26/2014,CNW,TX,ASW,CE,Federal Contract Tower,0,0,1,4,5,0,0,53,0,53,0,0,54,4,58,162,20,182,240
11/27/2014,CNW,TX,ASW,CE,Federal Contract Tower,0,0,0,0,0,0,0,14,0,14,0,0,14,0,14,30,0,30,44
11/28/2014,CNW,TX,ASW,CE,Federal Contract Tower,0,0,0,0,0,0,0,19,0,19,0,0,19,0,19,0,0,0,19
11/29/2014,CNW,TX,ASW,CE,Federal Contract Tower,0,0,1,0,1,0,0,14,0,14,0,0,15,0,15,50,0,50,65
11/30/2014,CNW,TX,ASW,CE,Federal Contract Tower,0,0,0,0,0,0,0,5,0,5,0,0,5,0,5,0,0,0,5
12/01/2014,CNW,TX,ASW,CE,Federal Contract Tower,0,0,4,15,19,0,2,16,0,18,0,2,20,15,37,160,10,170,207
12/02/2014,CNW,TX,ASW,CE,Federal Contract Tower,0,0,4,9,13,0,0,35,4,39,0,0,39,13,52,250,112,362,414
12/03/2014,CNW,TX,ASW,CE,Federal Contract Tower,0,0,13,9,22,0,0,5,2,7,0,0,18,11,29,68,10,78,107
12/04/2014,CNW,TX,ASW,CE,Federal Contract Tower,0,0,12,0,12,0,3,0,0,3,0,3,12,0,15,0,0,0,15
12/05/2014,CNW,TX,ASW,CE,Federal Contract Tower,0,0,10,6,16,0,0,44,0,44,0,0,54,6,60,302,0,302,362
12/06/2014,CNW,TX,ASW,CE,Federal Contract Tower,0,0,6,6,12,0,0,18,0,18,0,0,24,6,30,196,0,196,226
12/07/2014,CNW,TX,ASW,CE,Federal Contract Tower,0,0,3,0,3,0,0,3,0,3,0,0,6,0,6,12,0,12,18
12/08/2014,CNW,TX,ASW,CE,Federal Contract Tower,0,0,6,4,10,0,0,63,1,64,0,0,69,5,74,472,6,478,552
12/09/2014,CNW,TX,ASW,CE,Federal Contract Tower,0,0,3,3,6,0,0,57,1,58,0,0,60,4,64,250,76,326,390
12/10/2014,CNW,TX,ASW,CE,Federal Contract Tower,0,0,8,4,12,0,0,65,0,65,0,0,73,4,77,366,20,386,463
12/11/2014,CNW,TX,ASW,CE,Federal Contract Tower,0,0,13,8,21,0,0,21,1,22,0,0,34,9,43,288,0,288,331
12/12/2014,CNW,TX,ASW,CE,Federal Contract Tower,0,0,9,6,15,0,0,45,2,47,0,0,54,8,62,442,108,550,612
12/13/2014,CNW,TX,ASW,CE,Federal Contract Tower,0,0,4,0,4,0,0,18,0,18,0,0,22,0,22,172,0,172,194
12/14/2014,CNW,TX,ASW,CE,Federal Contract Tower,0,0,1,0,1,0,0,1,2,3,0,0,2,2,4,0,52,52,56
12/15/2014,CNW,TX,ASW,CE,Federal Contract Tower,0,0,3,11,14,0,0,71,6,77,0,0,74,17,91,280,68,348,439
12/16/2014,CNW,TX,ASW,CE,Federal Contract Tower,0,0,1,11,12,0,0,88,3,91,0,0,89,14,103,412,38,450,553
12/17/2014,CNW,TX,ASW,CE,Federal Contract Tower,0,0,13,13,26,0,0,43,1,44,0,0,56,14,70,287,46,333,403
12/18/2014,CNW,TX,ASW,CE,Federal Contract Tower,0,0,1,11,12,0,0,0,0,0,0,0,1,11,12,0,0,0,12
12/19/2014,CNW,TX,ASW,CE,Federal Contract Tower,0,0,0,2,2,0,0,0,0,0,0,0,0,2,2,0,0,0,2
12/20/2014,CNW,TX,ASW,CE,Federal Contract Tower,0,0,9,0,9,0,0,8,0,8,0,0,17,0,17,84,0,84,101
12/21/2014,CNW,TX,ASW,CE,Federal Contract Tower,0,0,6,0,6,0,0,5,0,5,0,0,11,0,11,28,0,28,39
12/22/2014,CNW,TX,ASW,CE,Federal Contract Tower,0,0,1,4,5,0,0,40,3,43,0,0,41,7,48,48,72,120,168
12/23/2014,CNW,TX,ASW,CE,Federal Contract Tower,0,0,0,4,4,0,0,2,0,2,0,0,2,4,6,14,0,14,20
12/24/2014,CNW,TX,ASW,CE,Federal Contract Tower,0,0,1,0,1,0,0,13,0,13,0,0,14,0,14,0,0,0,14
12/25/2014,CNW,TX,ASW,CE,Federal Contract Tower,0,0,0,0,0,0,0,5,0,5,0,0,5,0,5,0,0,0,5
12/26/2014,CNW,TX,ASW,CE,Federal Contract Tower,0,0,0,0,0,0,0,3,0,3,0,0,3,0,3,46,0,46,49
12/27/2014,CNW,TX,ASW,CE,Federal Contract Tower,0,0,0,0,0,0,0,3,0,3,0,0,3,0,3,46,0,46,49
12/28/2014,CNW,TX,ASW,CE,Federal Contract Tower,0,0,0,0,0,0,0,10,0,10,0,0,10,0,10,34,0,34,44
12/29/2014,CNW,TX,ASW,CE,Federal Contract Tower,0,0,8,4,12,0,0,52,1,53,0,0,60,5,65,170,8,178,243
12/30/2014,CNW,TX,ASW,CE,Federal Contract Tower,0,0,2,2,4,0,0,0,0,0,0,0,2,2,4,20,20,40,44
12/31/2014,CNW,TX,ASW,CE,Federal Contract Tower,1,0,1,0,2,0,0,18,0,18,1,0,19,0,20,98,0,98,118
01/01/2015,CNW,TX,ASW,CE,Federal Contract Tower,0,0,0,0,0,0,0,0,0,0,0,0,0,0,0,0,0,0,0
01/02/2015,CNW,TX,ASW,CE,Federal Contract Tower,0,0,4,0,4,0,0,0,0,0,0,0,4,0,4,0,0,0,4
01/03/2015,CNW,TX,ASW,CE,Federal Contract Tower,0,0,6,0,6,0,0,3,0,3,0,0,9,0,9,0,0,0,9
01/04/2015,CNW,TX,ASW,CE,Federal Contract Tower,0,0,1,0,1,0,0,9,0,9,0,0,10,0,10,6,0,6,16
01/05/2015,CNW,TX,ASW,CE,Federal Contract Tower,0,0,11,10,21,0,0,52,2,54,0,0,63,12,75,172,102,274,349
01/06/2015,CNW,TX,ASW,CE,Federal Contract Tower,0,0,16,12,28,0,0,72,2,74,0,0,88,14,102,300,46,346,448
01/07/2015,CNW,TX,ASW,CE,Federal Contract Tower,2,0,3,24,29,0,0,21,2,23,2,0,24,26,52,78,70,148,200
01/08/2015,CNW,TX,ASW,CE,Federal Contract Tower,0,0,6,35,41,0,0,70,2,72,0,0,76,37,113,184,140,324,437
01/09/2015,CNW,TX,ASW,CE,Federal Contract Tower,0,0,0,8,8,0,0,0,1,1,0,0,0,9,9,30,14,44,53
01/10/2015,CNW,TX,ASW,CE,Federal Contract Tower,0,0,0,0,0,0,0,0,0,0,0,0,0,0,0,0,0,0,0
01/11/2015,CNW,TX,ASW,CE,Federal Contract Tower,0,0,0,0,0,0,0,0,0,0,0,0,0,0,0,0,0,0,0
01/12/2015,CNW,TX,ASW,CE,Federal Contract Tower,0,0,7,19,26,0,0,13,1,14,0,0,20,20,40,96,74,170,210
01/13/2015,CNW,TX,ASW,CE,Federal Contract Tower,0,0,3,6,9,0,0,3,0,3,0,0,6,6,12,0,0,0,12
01/14/2015,CNW,TX,ASW,CE,Federal Contract Tower,0,0,1,10,11,0,0,20,1,21,0,0,21,11,32,108,0,108,140
01/15/2015,CNW,TX,ASW,CE,Federal Contract Tower,0,0,8,6,14,0,0,109,3,112,0,0,117,9,126,383,46,429,555
01/16/2015,CNW,TX,ASW,CE,Federal Contract Tower,0,0,16,9,25,0,0,120,5,125,0,0,136,14,150,420,8,428,578
01/17/2015,CNW,TX,ASW,CE,Federal Contract Tower,0,0,0,0,0,0,0,37,0,37,0,0,37,0,37,106,0,106,143
01/18/2015,CNW,TX,ASW,CE,Federal Contract Tower,0,0,5,0,5,0,0,22,0,22,0,0,27,0,27,76,0,76,103
01/19/2015,CNW,TX,ASW,CE,Federal Contract Tower,0,0,14,2,16,0,0,78,2,80,0,0,92,4,96,264,2,266,362
01/20/2015,CNW,TX,ASW,CE,Federal Contract Tower,0,0,11,6,17,0,0,31,1,32,0,0,42,7,49,128,0,128,177
01/21/2015,CNW,TX,ASW,CE,Federal Contract Tower,0,0,7,28,35,0,0,61,5,66,0,0,68,33,101,508,258,766,867
01/22/2015,CNW,TX,ASW,CE,Federal Contract Tower,0,0,1,0,1,0,0,0,0,0,0,0,1,0,1,0,0,0,1
01/23/2015,CNW,TX,ASW,CE,Federal Contract Tower,0,2,8,7,17,0,1,46,5,52,0,3,54,12,69,200,52,252,321
01/24/2015,CNW,TX,ASW,CE,Federal Contract Tower,0,0,0,4,4,0,0,31,2,33,0,0,31,6,37,58,6,64,101
01/25/2015,CNW,TX,ASW,CE,Federal Contract Tower,0,0,2,0,2,0,0,15,0,15,0,0,17,0,17,30,0,30,47
01/26/2015,CNW,TX,ASW,CE,Federal Contract Tower,0,0,6,10,16,0,0,96,0,96,0,0,102,10,112,302,20,322,434
01/27/2015,CNW,TX,ASW,CE,Federal Contract Tower,0,0,8,12,20,0,0,91,3,94,0,0,99,15,114,184,204,388,502
01/28/2015,CNW,TX,ASW,CE,Federal Contract Tower,0,0,10,15,25,0,0,102,0,102,0,0,112,15,127,340,44,384,511
01/29/2015,CNW,TX,ASW,CE,Federal Contract Tower,0,0,12,17,29,0,0,76,0,76,0,0,88,17,105,278,56,334,439
01/30/2015,CNW,TX,ASW,CE,Federal Contract Tower,0,0,17,6,23,0,0,96,2,98,0,0,113,8,121,376,66,442,563
01/31/2015,CNW,TX,ASW,CE,Federal Contract Tower,0,0,4,0,4,0,0,4,0,4,0,0,8,0,8,26,0,26,34
02/01/2015,CNW,TX,ASW,CE,Federal Contract Tower,0,0,0,2,2,0,0,1,2,3,0,0,1,4,5,18,18,36,41
02/02/2015,CNW,TX,ASW,CE,Federal Contract Tower,0,0,5,11,16,0,0,83,6,89,0,0,88,17,105,216,44,260,365
02/03/2015,CNW,TX,ASW,CE,Federal Contract Tower,0,0,4,21,25,0,0,87,4,91,0,0,91,25,116,250,32,282,398
02/04/2015,CNW,TX,ASW,CE,Federal Contract Tower,0,0,14,6,20,0,0,22,1,23,0,0,36,7,43,162,0,162,205
02/05/2015,CNW,TX,ASW,CE,Federal Contract Tower,0,0,4,27,31,0,0,13,3,16,0,0,17,30,47,206,128,334,381
02/06/2015,CNW,TX,ASW,CE,Federal Contract Tower,0,0,3,9,12,0,0,88,2,90,0,0,91,11,102,288,32,320,422
02/07/2015,CNW,TX,ASW,CE,Federal Contract Tower,0,0,2,4,6,0,0,14,0,14,0,0,16,4,20,0,0,0,20
02/08/2015,CNW,TX,ASW,CE,Federal Contract Tower,0,0,6,2,8,0,0,27,0,27,0,0,33,2,35,44,2,46,81
02/09/2015,CNW,TX,ASW,CE,Federal Contract Tower,0,1,12,10,23,0,0,99,2,101,0,1,111,12,124,246,80,326,450
02/10/2015,CNW,TX,ASW,CE,Federal Contract Tower,0,0,15,10,25,0,0,83,9,92,0,0,98,19,117,238,74,312,429
02/11/2015,CNW,TX,ASW,CE,Federal Contract Tower,0,0,2,7,9,0,0,63,2,65,0,0,65,9,74,172,12,184,258
02/12/2015,CNW,TX,ASW,CE,Federal Contract Tower,0,2,13,8,23,0,0,79,2,81,0,2,92,10,104,444,34,478,582
02/13/2015,CNW,TX,ASW,CE,Federal Contract Tower,0,0,3,20,23,0,0,82,2,84,0,0,85,22,107,350,82,432,539
02/14/2015,CNW,TX,ASW,CE,Federal Contract Tower,0,0,5,2,7,0,0,32,0,32,0,0,37,2,39,172,0,172,211
02/15/2015,CNW,TX,ASW,CE,Federal Contract Tower,0,0,4,0,4,0,0,12,0,12,0,0,16,0,16,64,0,64,80
02/16/2015,CNW,TX,ASW,CE,Federal Contract Tower,0,0,0,0,0,0,0,3,0,3,0,0,3,0,3,24,0,24,27
02/17/2015,CNW,TX,ASW,CE,Federal Contract Tower,0,3,0,4,7,2,0,99,9,110,2,3,99,13,117,352,48,400,517
02/18/2015,CNW,TX,ASW,CE,Federal Contract Tower,1,0,21,23,45,0,0,105,6,111,1,0,126,29,156,420,124,544,700
02/19/2015,CNW,TX,ASW,CE,Federal Contract Tower,1,0,4,15,20,0,0,80,6,86,1,0,84,21,106,392,16,408,514
02/20/2015,CNW,TX,ASW,CE,Federal Contract Tower,0,0,0,13,13,0,0,8,0,8,0,0,8,13,21,62,20,82,103
02/21/2015,CNW,TX,ASW,CE,Federal Contract Tower,0,0,2,10,12,0,0,10,2,12,0,0,12,12,24,30,44,74,98
02/22/2015,CNW,TX,ASW,CE,Federal Contract Tower,0,0,0,0,0,0,0,0,0,0,0,0,0,0,0,0,0,0,0
02/23/2015,CNW,TX,ASW,CE,Federal Contract Tower,0,0,0,0,0,0,0,0,0,0,0,0,0,0,0,0,0,0,0
02/24/2015,CNW,TX,ASW,CE,Federal Contract Tower,0,0,1,10,11,0,0,8,0,8,0,0,9,10,19,32,0,32,51
02/25/2015,CNW,TX,ASW,CE,Federal Contract Tower,0,0,1,2,3,0,0,35,0,35,0,0,36,2,38,132,0,132,170
02/26/2015,CNW,TX,ASW,CE,Federal Contract Tower,0,0,7,6,13,0,0,50,0,50,0,0,57,6,63,274,24,298,361
02/27/2015,CNW,TX,ASW,CE,Federal Contract Tower,11,0,1,4,16,0,0,18,1,19,11,0,19,5,35,258,52,310,345
02/28/2015,CNW,TX,ASW,CE,Federal Contract Tower,0,0,2,0,2,0,0,0,0,0,0,0,2,0,2,0,0,0,2
03/01/2015,CNW,TX,ASW,CE,Federal Contract Tower,10,0,1,0,11,0,0,0,0,0,10,0,1,0,11,0,0,0,11
03/02/2015,CNW,TX,ASW,CE,Federal Contract Tower,0,0,5,5,10,0,0,0,0,0,0,0,5,5,10,0,0,0,10
03/03/2015,CNW,TX,ASW,CE,Federal Contract Tower,0,0,0,5,5,0,0,0,0,0,0,0,0,5,5,0,0,0,5
03/04/2015,CNW,TX,ASW,CE,Federal Contract Tower,0,0,0,0,0,0,0,0,0,0,0,0,0,0,0,0,0,0,0
03/05/2015,CNW,TX,ASW,CE,Federal Contract Tower,0,0,2,5,7,0,0,37,4,41,0,0,39,9,48,198,26,224,272
03/06/2015,CNW,TX,ASW,CE,Federal Contract Tower,0,0,6,7,13,0,0,98,4,102,0,0,104,11,115,334,50,384,499
03/07/2015,CNW,TX,ASW,CE,Federal Contract Tower,0,0,2,14,16,0,0,42,2,44,0,0,44,16,60,152,0,152,212
03/08/2015,CNW,TX,ASW,CE,Federal Contract Tower,0,0,0,0,0,0,0,0,0,0,0,0,0,0,0,0,0,0,0
03/09/2015,CNW,TX,ASW,CE,Federal Contract Tower,0,0,0,0,0,0,0,0,0,0,0,0,0,0,0,0,0,0,0
03/10/2015,CNW,TX,ASW,CE,Federal Contract Tower,0,0,10,2,12,0,0,18,0,18,0,0,28,2,30,64,0,64,94
03/11/2015,CNW,TX,ASW,CE,Federal Contract Tower,0,0,9,12,21,0,0,30,1,31,0,0,39,13,52,162,12,174,226
03/12/2015,CNW,TX,ASW,CE,Federal Contract Tower,0,0,4,2,6,0,0,43,4,47,0,0,47,6,53,157,0,157,210
03/13/2015,CNW,TX,ASW,CE,Federal Contract Tower,0,0,15,4,19,0,0,19,0,19,0,0,34,4,38,70,2,72,110
03/14/2015,CNW,TX,ASW,CE,Federal Contract Tower,0,0,5,0,5,0,0,29,0,29,0,0,34,0,34,132,0,132,166
03/15/2015,CNW,TX,ASW,CE,Federal Contract Tower,0,0,0,0,0,0,0,9,0,9,0,0,9,0,9,90,0,90,99
03/16/2015,CNW,TX,ASW,CE,Federal Contract Tower,0,0,6,10,16,0,0,76,0,76,0,0,82,10,92,176,52,228,320
03/17/2015,CNW,TX,ASW,CE,Federal Contract Tower,0,0,6,38,44,0,0,43,1,44,0,0,49,39,88,222,38,260,348
03/18/2015,CNW,TX,ASW,CE,Federal Contract Tower,0,0,5,17,22,0,0,47,2,49,0,0,52,19,71,142,38,180,251
03/19/2015,CNW,TX,ASW,CE,Federal Contract Tower,0,0,9,4,13,0,0,31,3,34,0,0,40,7,47,218,6,224,271
03/20/2015,CNW,TX,ASW,CE,Federal Contract Tower,0,0,1,3,4,0,0,0,0,0,0,0,1,3,4,0,0,0,4
03/21/2015,CNW,TX,ASW,CE,Federal Contract Tower,0,0,5,0,5,0,0,0,0,0,0,0,5,0,5,0,0,0,5
03/22/2015,CNW,TX,ASW,CE,Federal Contract Tower,0,0,3,0,3,0,0,2,0,2,0,0,5,0,5,10,0,10,15
03/23/2015,CNW,TX,ASW,CE,Federal Contract Tower,0,0,4,7,11,0,0,81,2,83,0,0,85,9,94,228,10,238,332
03/24/2015,CNW,TX,ASW,CE,Federal Contract Tower,0,0,11,33,44,0,0,75,4,79,0,0,86,37,123,208,148,356,479
03/25/2015,CNW,TX,ASW,CE,Federal Contract Tower,0,0,18,13,31,0,0,66,9,75,0,0,84,22,106,146,56,202,308
03/26/2015,CNW,TX,ASW,CE,Federal Contract Tower,0,0,6,10,16,0,0,38,2,40,0,0,44,12,56,102,24,126,182
03/27/2015,CNW,TX,ASW,CE,Federal Contract Tower,0,0,7,5,12,0,0,89,3,92,0,0,96,8,104,354,24,378,482
03/28/2015,CNW,TX,ASW,CE,Federal Contract Tower,0,0,3,14,17,0,0,39,4,43,0,0,42,18,60,146,16,162,222
03/29/2015,CNW,TX,ASW,CE,Federal Contract Tower,0,0,0,0,0,0,0,21,0,21,0,0,21,0,21,40,0,40,61
03/30/2015,CNW,TX,ASW,CE,Federal Contract Tower,0,0,14,2,16,0,0,55,2,57,0,0,69,4,73,190,30,220,293
03/31/2015,CNW,TX,ASW,CE,Federal Contract Tower,0,0,13,11,24,0,0,65,1,66,0,0,78,12,90,200,20,220,310
04/01/2015,CNW,TX,ASW,CE,Federal Contract Tower,0,0,13,21,34,0,0,39,4,43,0,0,52,25,77,224,6,230,307
04/02/2015,CNW,TX,ASW,CE,Federal Contract Tower,0,0,15,13,28,0,0,34,0,34,0,0,49,13,62,164,20,184,246
04/03/2015,CNW,TX,ASW,CE,Federal Contract Tower,0,0,8,3,11,0,0,44,1,45,0,0,52,4,56,206,0,206,262
04/04/2015,CNW,TX,ASW,CE,Federal Contract Tower,0,0,2,0,2,0,0,15,0,15,0,0,17,0,17,12,0,12,29
04/05/2015,CNW,TX,ASW,CE,Federal Contract Tower,0,0,0,0,0,0,0,0,0,0,0,0,0,0,0,0,0,0,0
04/06/2015,CNW,TX,ASW,CE,Federal Contract Tower,0,0,7,0,7,0,0,47,2,49,0,0,54,2,56,90,0,90,146
04/07/2015,CNW,TX,ASW,CE,Federal Contract Tower,0,0,6,7,13,0,0,59,4,63,0,0,65,11,76,220,40,260,336
04/08/2015,CNW,TX,ASW,CE,Federal Contract Tower,0,0,11,29,40,0,0,33,3,36,0,0,44,32,76,122,46,168,244
04/09/2015,CNW,TX,ASW,CE,Federal Contract Tower,0,0,7,4,11,0,0,13,6,19,0,0,20,10,30,98,28,126,156
04/10/2015,CNW,TX,ASW,CE,Federal Contract Tower,0,0,2,9,11,0,0,71,0,71,0,0,73,9,82,258,34,292,374
04/11/2015,CNW,TX,ASW,CE,Federal Contract Tower,0,0,5,0,5,0,0,9,0,9,0,0,14,0,14,0,0,0,14
04/12/2015,CNW,TX,ASW,CE,Federal Contract Tower,0,0,4,0,4,0,0,3,0,3,0,0,7,0,7,60,0,60,67
04/13/2015,CNW,TX,ASW,CE,Federal Contract Tower,0,0,14,1,15,0,0,35,2,37,0,0,49,3,52,78,22,100,152
04/14/2015,CNW,TX,ASW,CE,Federal Contract Tower,0,0,14,2,16,0,0,16,1,17,0,0,30,3,33,42,0,42,75
04/15/2015,CNW,TX,ASW,CE,Federal Contract Tower,0,0,11,2,13,0,0,90,3,93,0,0,101,5,106,216,12,228,334
04/16/2015,CNW,TX,ASW,CE,Federal Contract Tower,0,0,7,8,15,0,0,20,0,20,0,0,27,8,35,118,20,138,173
04/17/2015,CNW,TX,ASW,CE,Federal Contract Tower,0,0,4,0,4,0,0,23,2,25,0,0,27,2,29,238,0,238,267
04/18/2015,CNW,TX,ASW,CE,Federal Contract Tower,0,0,7,0,7,0,0,19,0,19,0,0,26,0,26,40,0,40,66
04/19/2015,CNW,TX,ASW,CE,Federal Contract Tower,0,0,4,0,4,0,0,28,0,28,0,0,32,0,32,30,0,30,62
04/20/2015,CNW,TX,ASW,CE,Federal Contract Tower,2,0,6,2,10,0,0,81,2,83,2,0,87,4,93,292,0,292,385
04/21/2015,CNW,TX,ASW,CE,Federal Contract Tower,0,0,5,4,9,0,0,78,0,78,0,0,83,4,87,256,48,304,391
04/22/2015,CNW,TX,ASW,CE,Federal Contract Tower,0,0,21,12,33,0,0,15,0,15,0,0,36,12,48,74,0,74,122
04/23/2015,CNW,TX,ASW,CE,Federal Contract Tower,0,0,3,6,9,0,0,17,0,17,0,0,20,6,26,190,0,190,216
04/24/2015,CNW,TX,ASW,CE,Federal Contract Tower,0,0,2,2,4,0,0,15,0,15,0,0,17,2,19,106,16,122,141
04/25/2015,CNW,TX,ASW,CE,Federal Contract Tower,0,0,4,4,8,0,0,41,1,42,0,0,45,5,50,30,10,40,90
04/26/2015,CNW,TX,ASW,CE,Federal Contract Tower,0,0,0,0,0,0,0,5,0,5,0,0,5,0,5,10,0,10,15
04/27/2015,CNW,TX,ASW,CE,Federal Contract Tower,0,0,11,1,12,0,0,32,0,32,0,0,43,1,44,118,0,118,162
04/28/2015,CNW,TX,ASW,CE,Federal Contract Tower,0,0,8,2,10,0,0,14,0,14,0,0,22,2,24,84,0,84,108
04/29/2015,CNW,TX,ASW,CE,Federal Contract Tower,0,0,13,7,20,0,0,89,4,93,0,0,102,11,113,238,36,274,387
04/30/2015,CNW,TX,ASW,CE,Federal Contract Tower,0,0,9,7,16,0,0,70,2,72,0,0,79,9,88,288,10,298,386
05/01/2015,CNW,TX,ASW,CE,Federal Contract Tower,0,0,10,7,17,0,0,77,5,82,0,0,87,12,99,226,110,336,435
05/02/2015,CNW,TX,ASW,CE,Federal Contract Tower,0,0,2,0,2,0,0,23,0,23,0,0,25,0,25,40,0,40,65
05/03/2015,CNW,TX,ASW,CE,Federal Contract Tower,0,0,5,0,5,0,0,6,0,6,0,0,11,0,11,0,0,0,11
05/04/2015,CNW,TX,ASW,CE,Federal Contract Tower,0,0,9,33,42,0,0,57,3,60,0,0,66,36,102,186,36,222,324
05/05/2015,CNW,TX,ASW,CE,Federal Contract Tower,0,0,7,10,17,0,0,23,0,23,0,0,30,10,40,169,0,169,209
05/06/2015,CNW,TX,ASW,CE,Federal Contract Tower,0,0,16,2,18,0,0,24,0,24,0,0,40,2,42,162,16,178,220
05/07/2015,CNW,TX,ASW,CE,Federal Contract Tower,0,0,14,17,31,0,0,11,6,17,0,0,25,23,48,108,50,158,206
05/08/2015,CNW,TX,ASW,CE,Federal Contract Tower,0,0,5,1,6,0,0,1,0,1,0,0,6,1,7,0,0,0,7
05/09/2015,CNW,TX,ASW,CE,Federal Contract Tower,0,0,2,0,2,0,0,2,0,2,0,0,4,0,4,10,0,10,14
05/10/2015,CNW,TX,ASW,CE,Federal Contract Tower,0,0,1,0,1,0,0,2,0,2,0,0,3,0,3,10,0,10,13
05/11/2015,CNW,TX,ASW,CE,Federal Contract Tower,0,0,10,3,13,0,0,12,1,13,0,0,22,4,26,50,0,50,76
05/12/2015,CNW,TX,ASW,CE,Federal Contract Tower,0,0,18,10,28,0,0,6,3,9,0,0,24,13,37,114,84,198,235
05/13/2015,CNW,TX,ASW,CE,Federal Contract Tower,0,0,5,0,5,0,0,1,0,1,0,0,6,0,6,0,0,0,6
05/14/2015,CNW,TX,ASW,CE,Federal Contract Tower,0,0,10,5,15,0,0,20,1,21,0,0,30,6,36,142,0,142,178
05/15/2015,CNW,TX,ASW,CE,Federal Contract Tower,0,0,2,0,2,0,0,20,0,20,0,0,22,0,22,98,0,98,120
05/16/2015,CNW,TX,ASW,CE,Federal Contract Tower,0,0,2,0,2,0,0,31,0,31,0,0,33,0,33,44,0,44,77
05/17/2015,CNW,TX,ASW,CE,Federal Contract Tower,0,0,1,0,1,0,0,20,0,20,0,0,21,0,21,10,0,10,31
05/18/2015,CNW,TX,ASW,CE,Federal Contract Tower,0,0,5,2,7,0,0,37,0,37,0,0,42,2,44,200,0,200,244
05/19/2015,CNW,TX,ASW,CE,Federal Contract Tower,0,0,10,0,10,0,0,24,0,24,0,0,34,0,34,204,0,204,238
05/20/2015,CNW,TX,ASW,CE,Federal Contract Tower,0,0,0,5,5,0,0,66,0,66,0,0,66,5,71,338,0,338,409
05/21/2015,CNW,TX,ASW,CE,Federal Contract Tower,0,0,13,5,18,0,0,18,0,18,0,0,31,5,36,116,20,136,172
05/22/2015,CNW,TX,ASW,CE,Federal Contract Tower,2,0,11,0,13,0,0,19,0,19,2,0,30,0,32,274,0,274,306
05/23/2015,CNW,TX,ASW,CE,Federal Contract Tower,0,0,0,0,0,0,0,2,0,2,0,0,2,0,2,0,0,0,2
05/24/2015,CNW,TX,ASW,CE,Federal Contract Tower,0,0,0,0,0,0,0,1,0,1,0,0,1,0,1,0,0,0,1
05/25/2015,CNW,TX,ASW,CE,Federal Contract Tower,0,0,2,0,2,0,0,3,0,3,0,0,5,0,5,0,0,0,5
05/26/2015,CNW,TX,ASW,CE,Federal Contract Tower,0,2,14,4,20,0,0,43,0,43,0,2,57,4,63,220,4,224,287
05/27/2015,CNW,TX,ASW,CE,Federal Contract Tower,0,0,7,10,17,0,0,69,1,70,0,0,76,11,87,320,56,376,463
05/28/2015,CNW,TX,ASW,CE,Federal Contract Tower,0,0,14,2,16,0,0,29,0,29,0,0,43,2,45,170,0,170,215
05/29/2015,CNW,TX,ASW,CE,Federal Contract Tower,0,0,8,0,8,0,0,68,0,68,0,0,76,0,76,352,0,352,428
05/30/2015,CNW,TX,ASW,CE,Federal Contract Tower,0,0,3,1,4,0,0,9,0,9,0,0,12,1,13,38,0,38,51
05/31/2015,CNW,TX,ASW,CE,Federal Contract Tower,0,0,2,0,2,0,0,34,0,34,0,0,36,0,36,34,0,34,70
06/01/2015,CNW,TX,ASW,CE,Federal Contract Tower,0,0,3,3,6,0,0,103,1,104,0,0,106,4,110,338,30,368,478
06/02/2015,CNW,TX,ASW,CE,Federal Contract Tower,0,0,2,1,3,0,0,76,2,78,0,0,78,3,81,262,0,262,343
06/03/2015,CNW,TX,ASW,CE,Federal Contract Tower,0,0,5,7,12,0,0,120,2,122,0,0,125,9,134,330,30,360,494
06/04/2015,CNW,TX,ASW,CE,Federal Contract Tower,0,0,6,1,7,0,0,54,2,56,0,0,60,3,63,162,0,162,225
06/05/2015,CNW,TX,ASW,CE,Federal Contract Tower,0,0,1,1,2,0,0,35,5,40,0,0,36,6,42,48,0,48,90
06/06/2015,CNW,TX,ASW,CE,Federal Contract Tower,0,0,0,2,2,0,0,0,0,0,0,0,0,2,2,128,0,128,130
06/07/2015,CNW,TX,ASW,CE,Federal Contract Tower,0,0,0,1,1,0,0,49,1,50,0,0,49,2,51,98,0,98,149
06/08/2015,CNW,TX,ASW,CE,Federal Contract Tower,0,0,6,3,9,0,0,82,2,84,0,0,88,5,93,240,0,240,333
06/09/2015,CNW,TX,ASW,CE,Federal Contract Tower,0,0,13,0,13,0,0,65,2,67,0,0,78,2,80,342,0,342,422
06/10/2015,CNW,TX,ASW,CE,Federal Contract Tower,0,0,8,11,19,0,0,95,10,105,0,0,103,21,124,374,70,444,568
06/11/2015,CNW,TX,ASW,CE,Federal Contract Tower,0,0,13,2,15,0,0,63,0,63,0,0,76,2,78,182,26,208,286
06/12/2015,CNW,TX,ASW,CE,Federal Contract Tower,0,0,5,13,18,0,0,33,0,33,0,0,38,13,51,146,4,150,201
06/13/2015,CNW,TX,ASW,CE,Federal Contract Tower,0,0,4,22,26,0,0,15,4,19,0,0,19,26,45,20,50,70,115
06/14/2015,CNW,TX,ASW,CE,Federal Contract Tower,0,0,1,1,2,0,0,6,1,7,0,0,7,2,9,82,0,82,91
06/15/2015,CNW,TX,ASW,CE,Federal Contract Tower,0,0,5,4,9,0,0,27,0,27,0,0,32,4,36,120,20,140,176
06/16/2015,CNW,TX,ASW,CE,Federal Contract Tower,0,0,6,0,6,0,0,10,0,10,0,0,16,0,16,0,0,0,16
06/17/2015,CNW,TX,ASW,CE,Federal Contract Tower,0,0,0,2,2,0,0,6,0,6,0,0,6,2,8,26,0,26,34
06/18/2015,CNW,TX,ASW,CE,Federal Contract Tower,0,0,31,10,41,0,0,36,0,36,0,0,67,10,77,140,8,148,225
06/19/2015,CNW,TX,ASW,CE,Federal Contract Tower,0,0,5,12,17,0,0,50,2,52,0,0,55,14,69,348,42,390,459
06/20/2015,CNW,TX,ASW,CE,Federal Contract Tower,0,0,12,0,12,0,0,12,0,12,0,0,24,0,24,108,0,108,132
06/21/2015,CNW,TX,ASW,CE,Federal Contract Tower,0,0,2,0,2,0,0,3,0,3,0,0,5,0,5,40,0,40,45
06/22/2015,CNW,TX,ASW,CE,Federal Contract Tower,0,0,14,16,30,0,0,54,2,56,0,0,68,18,86,212,10,222,308
06/23/2015,CNW,TX,ASW,CE,Federal Contract Tower,0,0,35,0,35,0,0,58,2,60,0,0,93,2,95,254,0,254,349
06/24/2015,CNW,TX,ASW,CE,Federal Contract Tower,0,0,13,7,20,0,2,86,1,89,0,2,99,8,109,396,32,428,537
06/25/2015,CNW,TX,ASW,CE,Federal Contract Tower,0,0,12,5,17,0,0,52,4,56,0,0,64,9,73,204,58,262,335
06/26/2015,CNW,TX,ASW,CE,Federal Contract Tower,0,0,6,6,12,0,0,70,11,81,0,0,76,17,93,298,166,464,557
06/27/2015,CNW,TX,ASW,CE,Federal Contract Tower,0,0,5,1,6,0,0,16,0,16,0,0,21,1,22,4,0,4,26
06/28/2015,CNW,TX,ASW,CE,Federal Contract Tower,0,0,0,0,0,0,0,21,0,21,0,0,21,0,21,96,0,96,117
06/29/2015,CNW,TX,ASW,CE,Federal Contract Tower,0,2,5,3,10,0,0,47,2,49,0,2,52,5,59,80,34,114,173
06/30/2015,CNW,TX,ASW,CE,Federal Contract Tower,0,2,15,1,18,0,0,34,0,34,0,2,49,1,52,126,0,126,178
07/01/2015,CNW,TX,ASW,CE,Federal Contract Tower,0,0,7,15,22,0,0,71,2,73,0,0,78,17,95,246,20,266,361
07/02/2015,CNW,TX,ASW,CE,Federal Contract Tower,0,0,2,2,4,0,0,26,0,26,0,0,28,2,30,142,0,142,172
07/03/2015,CNW,TX,ASW,CE,Federal Contract Tower,0,0,3,0,3,0,0,12,0,12,0,0,15,0,15,0,0,0,15
07/04/2015,CNW,TX,ASW,CE,Federal Contract Tower,0,0,0,0,0,0,0,2,0,2,0,0,2,0,2,0,0,0,2
07/05/2015,CNW,TX,ASW,CE,Federal Contract Tower,0,0,0,0,0,0,0,8,0,8,0,0,8,0,8,0,0,0,8
07/06/2015,CNW,TX,ASW,CE,Federal Contract Tower,0,0,5,0,5,0,0,26,0,26,0,0,31,0,31,30,0,30,61
07/07/2015,CNW,TX,ASW,CE,Federal Contract Tower,0,0,12,5,17,0,0,30,2,32,0,0,42,7,49,108,38,146,195
07/08/2015,CNW,TX,ASW,CE,Federal Contract Tower,0,0,16,11,27,0,0,45,1,46,0,0,61,12,73,128,36,164,237
07/09/2015,CNW,TX,ASW,CE,Federal Contract Tower,0,0,13,20,33,0,0,39,2,41,0,0,52,22,74,176,60,236,310
07/10/2015,CNW,TX,ASW,CE,Federal Contract Tower,0,0,9,7,16,0,0,48,0,48,0,0,57,7,64,166,20,186,250
07/11/2015,CNW,TX,ASW,CE,Federal Contract Tower,0,0,2,0,2,0,0,43,0,43,0,0,45,0,45,116,0,116,161
07/12/2015,CNW,TX,ASW,CE,Federal Contract Tower,0,0,0,0,0,0,0,14,0,14,0,0,14,0,14,102,0,102,116
07/13/2015,CNW,TX,ASW,CE,Federal Contract Tower,0,0,20,16,36,0,0,71,1,72,0,0,91,17,108,148,16,164,272
07/14/2015,CNW,TX,ASW,CE,Federal Contract Tower,0,3,17,30,50,0,0,60,14,74,0,3,77,44,124,146,86,232,356
07/15/2015,CNW,TX,ASW,CE,Federal Contract Tower,0,0,9,8,17,0,0,44,4,48,0,0,53,12,65,72,44,116,181
07/16/2015,CNW,TX,ASW,CE,Federal Contract Tower,0,0,6,13,19,0,0,45,2,47,0,0,51,15,66,192,12,204,270
07/17/2015,CNW,TX,ASW,CE,Federal Contract Tower,0,0,11,22,33,0,0,54,1,55,0,0,65,23,88,274,50,324,412
07/18/2015,CNW,TX,ASW,CE,Federal Contract Tower,0,0,1,0,1,0,0,20,0,20,0,0,21,0,21,8,0,8,29
07/19/2015,CNW,TX,ASW,CE,Federal Contract Tower,0,0,1,10,11,0,0,9,14,23,0,0,10,24,34,40,74,114,148
07/20/2015,CNW,TX,ASW,CE,Federal Contract Tower,0,0,8,16,24,0,0,59,2,61,0,0,67,18,85,270,14,284,369
07/21/2015,CNW,TX,ASW,CE,Federal Contract Tower,0,0,3,13,16,0,0,63,5,68,0,0,66,18,84,238,82,320,404
07/22/2015,CNW,TX,ASW,CE,Federal Contract Tower,0,0,9,6,15,0,2,52,1,55,0,2,61,7,70,230,10,240,310
07/23/2015,CNW,TX,ASW,CE,Federal Contract Tower,0,0,9,4,13,0,0,72,2,74,0,0,81,6,87,120,24,144,231
07/24/2015,CNW,TX,ASW,CE,Federal Contract Tower,0,0,1,3,4,0,0,48,4,52,0,0,49,7,56,140,42,182,238
07/25/2015,CNW,TX,ASW,CE,Federal Contract Tower,0,0,0,0,0,0,0,12,0,12,0,0,12,0,12,62,0,62,74
07/26/2015,CNW,TX,ASW,CE,Federal Contract Tower,0,1,5,0,6,0,0,29,0,29,0,1,34,0,35,94,0,94,129
07/27/2015,CNW,TX,ASW,CE,Federal Contract Tower,0,0,8,4,12,0,0,75,5,80,0,0,83,9,92,302,0,302,394
07/28/2015,CNW,TX,ASW,CE,Federal Contract Tower,0,0,10,13,23,0,0,66,10,76,0,0,76,23,99,278,52,330,429
07/29/2015,CNW,TX,ASW,CE,Federal Contract Tower,0,0,20,8,28,0,0,61,4,65,0,0,81,12,93,164,8,172,265
07/30/2015,CNW,TX,ASW,CE,Federal Contract Tower,0,0,14,7,21,0,0,67,4,71,0,0,81,11,92,130,24,154,246
07/31/2015,CNW,TX,ASW,CE,Federal Contract Tower,0,0,9,17,26,0,0,44,2,46,0,0,53,19,72,36,136,172,244
08/01/2015,CNW,TX,ASW,CE,Federal Contract Tower,0,0,2,10,12,0,0,19,3,22,0,0,21,13,34,34,46,80,114
08/02/2015,CNW,TX,ASW,CE,Federal Contract Tower,0,0,0,0,0,0,0,11,0,11,0,0,11,0,11,64,0,64,75
08/03/2015,CNW,TX,ASW,CE,Federal Contract Tower,0,0,11,8,19,0,0,38,10,48,0,0,49,18,67,138,54,192,259
08/04/2015,CNW,TX,ASW,CE,Federal Contract Tower,0,0,8,10,18,0,0,72,2,74,0,0,80,12,92,218,38,256,348
08/05/2015,CNW,TX,ASW,CE,Federal Contract Tower,0,2,9,6,17,0,5,51,0,56,0,7,60,6,73,68,46,114,187
08/06/2015,CNW,TX,ASW,CE,Federal Contract Tower,0,0,11,7,18,0,0,71,3,74,0,0,82,10,92,222,30,252,344
08/07/2015,CNW,TX,ASW,CE,Federal Contract Tower,0,0,10,14,24,0,0,60,3,63,0,0,70,17,87,176,42,218,305
08/08/2015,CNW,TX,ASW,CE,Federal Contract Tower,0,0,5,4,9,0,0,22,0,22,0,0,27,4,31,18,0,18,49
08/09/2015,CNW,TX,ASW,CE,Federal Contract Tower,0,0,1,0,1,0,0,4,6,10,0,0,5,6,11,0,20,20,31
08/10/2015,CNW,TX,ASW,CE,Federal Contract Tower,0,0,9,8,17,0,0,33,0,33,0,0,42,8,50,82,0,82,132
08/11/2015,CNW,TX,ASW,CE,Federal Contract Tower,0,0,12,22,34,0,0,54,2,56,0,0,66,24,90,144,68,212,302
08/12/2015,CNW,TX,ASW,CE,Federal Contract Tower,0,0,20,7,27,0,0,52,1,53,0,0,72,8,80,120,70,190,270
08/13/2015,CNW,TX,ASW,CE,Federal Contract Tower,0,0,13,12,25,0,0,52,2,54,0,0,65,14,79,254,42,296,375
08/14/2015,CNW,TX,ASW,CE,Federal Contract Tower,0,0,7,12,19,0,0,50,0,50,0,0,57,12,69,102,100,202,271
08/15/2015,CNW,TX,ASW,CE,Federal Contract Tower,0,0,0,0,0,0,0,7,0,7,0,0,7,0,7,10,0,10,17
08/16/2015,CNW,TX,ASW,CE,Federal Contract Tower,0,0,0,0,0,0,0,9,0,9,0,0,9,0,9,86,0,86,95
08/17/2015,CNW,TX,ASW,CE,Federal Contract Tower,0,0,5,6,11,0,0,51,6,57,0,0,56,12,68,198,68,266,334
08/18/2015,CNW,TX,ASW,CE,Federal Contract Tower,0,0,9,11,20,0,0,49,3,52,0,0,58,14,72,132,40,172,244
08/19/2015,CNW,TX,ASW,CE,Federal Contract Tower,0,0,9,20,29,0,0,22,4,26,0,0,31,24,55,64,74,138,193
08/20/2015,CNW,TX,ASW,CE,Federal Contract Tower,0,0,1,2,3,0,0,6,0,6,0,0,7,2,9,40,0,40,49
08/21/2015,CNW,TX,ASW,CE,Federal Contract Tower,0,0,11,0,11,0,0,20,1,21,0,0,31,1,32,112,30,142,174
08/22/2015,CNW,TX,ASW,CE,Federal Contract Tower,0,0,5,0,5,0,0,17,0,17,0,0,22,0,22,26,12,38,60
08/23/2015,CNW,TX,ASW,CE,Federal Contract Tower,0,0,3,0,3,0,0,24,0,24,0,0,27,0,27,10,0,10,37
08/24/2015,CNW,TX,ASW,CE,Federal Contract Tower,0,0,2,3,5,0,0,32,0,32,0,0,34,3,37,78,28,106,143
08/25/2015,CNW,TX,ASW,CE,Federal Contract Tower,0,0,9,14,23,0,0,19,4,23,0,0,28,18,46,54,44,98,144
08/26/2015,CNW,TX,ASW,CE,Federal Contract Tower,0,0,10,6,16,0,0,48,0,48,0,0,58,6,64,162,30,192,256
08/27/2015,CNW,TX,ASW,CE,Federal Contract Tower,0,0,7,4,11,0,0,53,0,53,0,0,60,4,64,242,16,258,322
08/28/2015,CNW,TX,ASW,CE,Federal Contract Tower,0,0,3,2,5,0,0,57,1,58,0,0,60,3,63,150,10,160,223
08/29/2015,CNW,TX,ASW,CE,Federal Contract Tower,0,0,1,0,1,0,0,17,4,21,0,0,18,4,22,22,4,26,48
08/30/2015,CNW,TX,ASW,CE,Federal Contract Tower,0,0,1,0,1,0,0,12,2,14,0,0,13,2,15,4,0,4,19
08/31/2015,CNW,TX,ASW,CE,Federal Contract Tower,0,0,3,7,10,0,0,58,2,60,0,0,61,9,70,170,16,186,256
09/01/2015,CNW,TX,ASW,CE,Federal Contract Tower,0,0,5,43,48,0,0,58,3,61,0,0,63,46,109,162,100,262,371
09/02/2015,CNW,TX,ASW,CE,Federal Contract Tower,0,0,7,11,18,0,0,73,5,78,0,0,80,16,96,228,48,276,372
09/03/2015,CNW,TX,ASW,CE,Federal Contract Tower,0,0,5,31,36,0,0,65,16,81,0,0,70,47,117,196,76,272,389
09/04/2015,CNW,TX,ASW,CE,Federal Contract Tower,0,0,6,0,6,0,0,71,0,71,0,0,77,0,77,190,0,190,267
09/05/2015,CNW,TX,ASW,CE,Federal Contract Tower,0,0,2,0,2,0,0,16,0,16,0,0,18,0,18,100,0,100,118
09/06/2015,CNW,TX,ASW,CE,Federal Contract Tower,0,0,1,0,1,0,0,18,0,18,0,0,19,0,19,72,0,72,91
09/07/2015,CNW,TX,ASW,CE,Federal Contract Tower,0,0,1,0,1,0,0,37,0,37,0,0,38,0,38,56,0,56,94
09/08/2015,CNW,TX,ASW,CE,Federal Contract Tower,0,0,10,16,26,0,0,82,0,82,0,0,92,16,108,254,38,292,400
09/09/2015,CNW,TX,ASW,CE,Federal Contract Tower,0,0,7,2,9,0,0,46,0,46,0,0,53,2,55,202,20,222,277
09/10/2015,CNW,TX,ASW,CE,Federal Contract Tower,0,0,16,6,22,0,0,69,2,71,0,0,85,8,93,316,82,398,491
09/11/2015,CNW,TX,ASW,CE,Federal Contract Tower,0,0,7,14,21,0,0,68,4,72,0,0,75,18,93,324,46,370,463
09/12/2015,CNW,TX,ASW,CE,Federal Contract Tower,0,0,1,0,1,0,0,59,0,59,0,0,60,0,60,228,0,228,288
09/13/2015,CNW,TX,ASW,CE,Federal Contract Tower,0,0,0,1,1,0,0,10,0,10,0,0,10,1,11,56,0,56,67
09/14/2015,CNW,TX,ASW,CE,Federal Contract Tower,0,0,12,25,37,0,0,84,3,87,0,0,96,28,124,196,28,224,348
09/15/2015,CNW,TX,ASW,CE,Federal Contract Tower,0,0,11,14,25,0,0,45,2,47,0,0,56,16,72,178,42,220,292
09/16/2015,CNW,TX,ASW,CE,Federal Contract Tower,0,0,5,29,34,0,0,70,3,73,0,0,75,32,107,374,64,438,545
09/17/2015,CNW,TX,ASW,CE,Federal Contract Tower,0,0,16,15,31,0,0,61,2,63,0,0,77,17,94,348,40,388,482
09/18/2015,CNW,TX,ASW,CE,Federal Contract Tower,0,0,7,42,49,0,0,83,3,86,0,0,90,45,135,294,108,402,537
09/19/2015,CNW,TX,ASW,CE,Federal Contract Tower,0,0,6,2,8,0,0,28,0,28,0,0,34,2,36,152,0,152,188
09/20/2015,CNW,TX,ASW,CE,Federal Contract Tower,0,0,4,0,4,0,0,25,0,25,0,0,29,0,29,60,0,60,89
09/21/2015,CNW,TX,ASW,CE,Federal Contract Tower,0,0,5,2,7,0,0,110,1,111,0,0,115,3,118,354,10,364,482
09/22/2015,CNW,TX,ASW,CE,Federal Contract Tower,0,0,8,7,15,0,0,80,0,80,0,0,88,7,95,310,18,328,423
09/23/2015,CNW,TX,ASW,CE,Federal Contract Tower,0,0,5,20,25,0,0,79,0,79,0,0,84,20,104,318,38,356,460
09/24/2015,CNW,TX,ASW,CE,Federal Contract Tower,0,0,8,7,15,0,0,88,1,89,0,0,96,8,104,452,10,462,566
09/25/2015,CNW,TX,ASW,CE,Federal Contract Tower,0,2,6,2,10,0,0,60,0,60,0,2,66,2,70,328,0,328,398
09/26/2015,CNW,TX,ASW,CE,Federal Contract Tower,0,0,0,0,0,0,0,15,0,15,0,0,15,0,15,124,0,124,139
09/27/2015,CNW,TX,ASW,CE,Federal Contract Tower,0,0,3,0,3,0,0,20,0,20,0,0,23,0,23,80,0,80,103
09/28/2015,CNW,TX,ASW,CE,Federal Contract Tower,0,0,9,2,11,0,0,80,0,80,0,0,89,2,91,250,0,250,341
09/29/2015,CNW,TX,ASW,CE,Federal Contract Tower,0,0,3,6,9,0,0,83,1,84,0,0,86,7,93,320,108,428,521
09/30/2015,CNW,TX,ASW,CE,Federal Contract Tower,0,0,21,8,29,0,0,81,5,86,0,0,102,13,115,444,64,508,623
10/01/2015,CNW,TX,ASW,CE,Federal Contract Tower,0,0,8,10,18,0,0,90,2,92,0,0,98,12,110,464,34,498,608
10/02/2015,CNW,TX,ASW,CE,Federal Contract Tower,0,0,4,4,8,0,0,72,0,72,0,0,76,4,80,360,0,360,440
10/03/2015,CNW,TX,ASW,CE,Federal Contract Tower,0,0,0,0,0,0,0,25,0,25,0,0,25,0,25,98,0,98,123
10/04/2015,CNW,TX,ASW,CE,Federal Contract Tower,0,0,0,0,0,0,0,20,0,20,0,0,20,0,20,32,0,32,52
10/05/2015,CNW,TX,ASW,CE,Federal Contract Tower,0,0,4,10,14,0,0,69,4,73,0,0,73,14,87,296,42,338,425
10/06/2015,CNW,TX,ASW,CE,Federal Contract Tower,0,0,9,12,21,0,0,84,5,89,0,0,93,17,110,414,82,496,606
10/07/2015,CNW,TX,ASW,CE,Federal Contract Tower,0,0,9,9,18,0,0,99,1,100,0,0,108,10,118,404,22,426,544
10/08/2015,CNW,TX,ASW,CE,Federal Contract Tower,0,0,5,40,45,0,0,54,4,58,0,0,59,44,103,448,88,536,639
10/09/2015,CNW,TX,ASW,CE,Federal Contract Tower,0,0,10,11,21,0,0,45,3,48,0,0,55,14,69,242,98,340,409
10/10/2015,CNW,TX,ASW,CE,Federal Contract Tower,0,0,1,0,1,0,0,23,0,23,0,0,24,0,24,0,0,0,24
10/11/2015,CNW,TX,ASW,CE,Federal Contract Tower,0,2,0,0,2,0,0,12,0,12,0,2,12,0,14,0,0,0,14
10/12/2015,CNW,TX,ASW,CE,Federal Contract Tower,0,0,4,0,4,0,0,43,0,43,0,0,47,0,47,178,0,178,225
10/13/2015,CNW,TX,ASW,CE,Federal Contract Tower,0,0,5,13,18,0,0,79,3,82,0,0,84,16,100,328,92,420,520
10/14/2015,CNW,TX,ASW,CE,Federal Contract Tower,0,0,4,7,11,0,0,79,0,79,0,0,83,7,90,324,12,336,426
10/15/2015,CNW,TX,ASW,CE,Federal Contract Tower,0,0,5,9,14,0,0,99,2,101,0,0,104,11,115,392,60,452,567
10/16/2015,CNW,TX,ASW,CE,Federal Contract Tower,0,0,6,8,14,0,0,71,3,74,0,0,77,11,88,454,50,504,592
10/17/2015,CNW,TX,ASW,CE,Federal Contract Tower,0,0,2,0,2,0,0,11,0,11,0,0,13,0,13,6,0,6,19
10/18/2015,CNW,TX,ASW,CE,Federal Contract Tower,0,1,3,2,6,0,0,19,0,19,0,1,22,2,25,60,0,60,85
10/19/2015,CNW,TX,ASW,CE,Federal Contract Tower,0,0,3,2,5,0,0,74,4,78,0,0,77,6,83,260,48,308,391
10/20/2015,CNW,TX,ASW,CE,Federal Contract Tower,0,0,3,3,6,0,0,78,0,78,0,0,81,3,84,454,0,454,538
10/21/2015,CNW,TX,ASW,CE,Federal Contract Tower,0,0,7,8,15,0,0,46,0,46,0,0,53,8,61,392,0,392,453
10/22/2015,CNW,TX,ASW,CE,Federal Contract Tower,0,0,2,16,18,0,0,17,1,18,0,0,19,17,36,284,34,318,354
10/23/2015,CNW,TX,ASW,CE,Federal Contract Tower,0,0,0,0,0,0,0,0,0,0,0,0,0,0,0,0,0,0,0
10/24/2015,CNW,TX,ASW,CE,Federal Contract Tower,0,0,0,0,0,0,0,0,0,0,0,0,0,0,0,0,0,0,0
10/25/2015,CNW,TX,ASW,CE,Federal Contract Tower,0,0,3,0,3,0,0,0,2,2,0,0,3,2,5,0,0,0,5
10/26/2015,CNW,TX,ASW,CE,Federal Contract Tower,0,0,4,7,11,0,0,69,3,72,0,0,73,10,83,294,70,364,447
10/27/2015,CNW,TX,ASW,CE,Federal Contract Tower,1,0,8,27,36,0,0,92,9,101,1,0,100,36,137,440,52,492,629
10/28/2015,CNW,TX,ASW,CE,Federal Contract Tower,0,0,5,10,15,0,0,68,2,70,0,0,73,12,85,328,20,348,433
10/29/2015,CNW,TX,ASW,CE,Federal Contract Tower,0,0,8,4,12,0,0,108,3,111,0,0,116,7,123,600,48,648,771
10/30/2015,CNW,TX,ASW,CE,Federal Contract Tower,0,0,0,0,0,0,0,1,0,1,0,0,1,0,1,0,0,0,1
10/31/2015,CNW,TX,ASW,CE,Federal Contract Tower,0,0,2,0,2,0,0,5,0,5,0,0,7,0,7,112,0,112,119
11/01/2015,CNW,TX,ASW,CE,Federal Contract Tower,0,0,3,0,3,0,0,4,0,4,0,0,7,0,7,0,0,0,7
11/02/2015,CNW,TX,ASW,CE,Federal Contract Tower,0,0,4,2,6,0,0,89,0,89,0,0,93,2,95,498,0,498,593
11/03/2015,CNW,TX,ASW,CE,Federal Contract Tower,0,0,11,3,14,0,0,64,2,66,0,0,75,5,80,316,0,316,396
11/04/2015,CNW,TX,ASW,CE,Federal Contract Tower,0,0,8,23,31,0,0,44,0,44,0,0,52,23,75,400,24,424,499
11/05/2015,CNW,TX,ASW,CE,Federal Contract Tower,0,0,5,1,6,0,0,6,1,7,0,0,11,2,13,42,0,42,55
11/06/2015,CNW,TX,ASW,CE,Federal Contract Tower,0,0,9,5,14,0,0,83,1,84,0,0,92,6,98,502,56,558,656
11/07/2015,CNW,TX,ASW,CE,Federal Contract Tower,0,0,4,3,7,0,0,12,1,13,0,0,16,4,20,102,6,108,128
11/08/2015,CNW,TX,ASW,CE,Federal Contract Tower,0,0,0,0,0,0,0,39,0,39,0,0,39,0,39,104,0,104,143
11/09/2015,CNW,TX,ASW,CE,Federal Contract Tower,0,0,13,8,21,0,0,117,6,123,0,0,130,14,144,414,60,474,618
11/10/2015,CNW,TX,ASW,CE,Federal Contract Tower,0,0,6,4,10,0,0,69,3,72,0,0,75,7,82,430,30,460,542
11/11/2015,CNW,TX,ASW,CE,Federal Contract Tower,0,0,8,2,10,0,0,44,3,47,0,0,52,5,57,244,36,280,337
11/12/2015,CNW,TX,ASW,CE,Federal Contract Tower,0,0,7,8,15,0,0,101,5,106,0,0,108,13,121,408,0,408,529
11/13/2015,CNW,TX,ASW,CE,Federal Contract Tower,0,0,6,18,24,0,0,103,6,109,0,0,109,24,133,472,64,536,669
11/14/2015,CNW,TX,ASW,CE,Federal Contract Tower,0,1,3,0,4,0,0,23,0,23,0,1,26,0,27,188,0,188,215
11/15/2015,CNW,TX,ASW,CE,Federal Contract Tower,0,0,0,0,0,0,0,19,0,19,0,0,19,0,19,140,0,140,159
11/16/2015,CNW,TX,ASW,CE,Federal Contract Tower,0,0,0,2,2,0,0,5,0,5,0,0,5,2,7,40,0,40,47
11/17/2015,CNW,TX,ASW,CE,Federal Contract Tower,0,0,12,17,29,0,0,75,3,78,0,0,87,20,107,310,38,348,455
11/18/2015,CNW,TX,ASW,CE,Federal Contract Tower,0,0,9,16,25,0,0,132,2,134,0,0,141,18,159,584,0,584,743
11/19/2015,CNW,TX,ASW,CE,Federal Contract Tower,0,0,5,18,23,0,0,124,3,127,0,0,129,21,150,594,30,624,774
11/20/2015,CNW,TX,ASW,CE,Federal Contract Tower,0,1,10,19,30,0,0,88,2,90,0,1,98,21,120,340,24,364,484
11/21/2015,CNW,TX,ASW,CE,Federal Contract Tower,0,0,0,4,4,0,0,4,0,4,0,0,4,4,8,0,26,26,34
11/22/2015,CNW,TX,ASW,CE,Federal Contract Tower,0,0,4,6,10,0,0,41,0,41,0,0,45,6,51,154,32,186,237
11/23/2015,CNW,TX,ASW,CE,Federal Contract Tower,0,2,16,5,23,0,0,119,8,127,0,2,135,13,150,540,32,572,722
11/24/2015,CNW,TX,ASW,CE,Federal Contract Tower,0,0,10,6,16,0,0,67,0,67,0,0,77,6,83,414,0,414,497
11/25/2015,CNW,TX,ASW,CE,Federal Contract Tower,0,0,6,0,6,0,0,22,0,22,0,0,28,0,28,120,0,120,148
11/26/2015,CNW,TX,ASW,CE,Federal Contract Tower,0,0,0,0,0,0,0,0,0,0,0,0,0,0,0,0,0,0,0
11/27/2015,CNW,TX,ASW,CE,Federal Contract Tower,0,0,1,0,1,0,0,0,0,0,0,0,1,0,1,0,0,0,1
11/28/2015,CNW,TX,ASW,CE,Federal Contract Tower,0,0,0,0,0,0,0,0,0,0,0,0,0,0,0,0,0,0,0
11/29/2015,CNW,TX,ASW,CE,Federal Contract Tower,0,0,1,0,1,0,0,0,0,0,0,0,1,0,1,0,0,0,1
11/30/2015,CNW,TX,ASW,CE,Federal Contract Tower,0,0,4,0,4,0,0,17,0,17,0,0,21,0,21,144,0,144,165
12/01/2015,CNW,TX,ASW,CE,Federal Contract Tower,0,0,15,6,21,0,0,76,0,76,0,0,91,6,97,345,18,363,460
12/02/2015,CNW,TX,ASW,CE,Federal Contract Tower,0,0,3,14,17,0,0,77,6,83,0,0,80,20,100,450,84,534,634
12/03/2015,CNW,TX,ASW,CE,Federal Contract Tower,0,0,16,5,21,0,0,97,0,97,0,0,113,5,118,278,0,278,396
12/04/2015,CNW,TX,ASW,CE,Federal Contract Tower,0,0,8,7,15,0,0,95,1,96,0,0,103,8,111,380,16,396,507
12/05/2015,CNW,TX,ASW,CE,Federal Contract Tower,0,0,15,0,15,0,0,34,0,34,0,0,49,0,49,210,0,210,259
12/06/2015,CNW,TX,ASW,CE,Federal Contract Tower,0,0,8,0,8,0,0,26,0,26,0,0,34,0,34,146,0,146,180
12/07/2015,CNW,TX,ASW,CE,Federal Contract Tower,0,0,16,4,20,0,0,95,0,95,0,0,111,4,115,208,0,208,323
12/08/2015,CNW,TX,ASW,CE,Federal Contract Tower,0,0,12,24,36,0,0,80,9,89,0,0,92,33,125,352,116,468,593
12/09/2015,CNW,TX,ASW,CE,Federal Contract Tower,0,0,5,23,28,0,0,98,3,101,0,0,103,26,129,400,36,436,565
12/10/2015,CNW,TX,ASW,CE,Federal Contract Tower,0,0,13,10,23,0,0,52,6,58,0,0,65,16,81,174,92,266,347
12/11/2015,CNW,TX,ASW,CE,Federal Contract Tower,0,0,9,3,12,0,0,28,2,30,0,0,37,5,42,164,14,178,220
12/12/2015,CNW,TX,ASW,CE,Federal Contract Tower,0,0,0,1,1,0,0,0,0,0,0,0,0,1,1,0,0,0,1
12/13/2015,CNW,TX,ASW,CE,Federal Contract Tower,0,0,4,2,6,0,0,8,2,10,0,0,12,4,16,12,12,24,40
12/14/2015,CNW,TX,ASW,CE,Federal Contract Tower,0,2,5,14,21,0,0,77,4,81,0,2,82,18,102,268,28,296,398
12/15/2015,CNW,TX,ASW,CE,Federal Contract Tower,0,0,12,2,14,0,0,32,1,33,0,0,44,3,47,222,0,222,269
12/16/2015,CNW,TX,ASW,CE,Federal Contract Tower,0,0,9,10,19,0,0,85,1,86,0,0,94,11,105,280,24,304,409
12/17/2015,CNW,TX,ASW,CE,Federal Contract Tower,0,0,8,0,8,0,0,75,4,79,0,0,83,4,87,250,6,256,343
12/18/2015,CNW,TX,ASW,CE,Federal Contract Tower,0,1,7,24,32,0,0,42,7,49,0,1,49,31,81,204,122,326,407
12/19/2015,CNW,TX,ASW,CE,Federal Contract Tower,0,0,0,1,1,0,0,25,0,25,0,0,25,1,26,120,0,120,146
12/20/2015,CNW,TX,ASW,CE,Federal Contract Tower,0,0,1,0,1,0,0,1,0,1,0,0,2,0,2,4,0,4,6
12/21/2015,CNW,TX,ASW,CE,Federal Contract Tower,0,0,13,5,18,0,0,22,3,25,0,0,35,8,43,22,24,46,89
12/22/2015,CNW,TX,ASW,CE,Federal Contract Tower,0,0,6,14,20,0,0,38,0,38,0,0,44,14,58,22,0,22,80
12/23/2015,CNW,TX,ASW,CE,Federal Contract Tower,0,0,9,0,9,0,0,26,0,26,0,0,35,0,35,82,0,82,117
12/24/2015,CNW,TX,ASW,CE,Federal Contract Tower,0,0,0,0,0,0,0,4,0,4,0,0,4,0,4,0,0,0,4
12/25/2015,CNW,TX,ASW,CE,Federal Contract Tower,0,0,0,0,0,0,0,2,0,2,0,0,2,0,2,0,0,0,2
12/26/2015,CNW,TX,ASW,CE,Federal Contract Tower,0,0,0,0,0,0,4,0,0,4,0,4,0,0,4,0,0,0,4
12/27/2015,CNW,TX,ASW,CE,Federal Contract Tower,0,0,0,0,0,0,0,0,0,0,0,0,0,0,0,0,0,0,0
12/28/2015,CNW,TX,ASW,CE,Federal Contract Tower,0,0,0,0,0,0,0,6,0,6,0,0,6,0,6,2,0,2,8
12/29/2015,CNW,TX,ASW,CE,Federal Contract Tower,0,0,0,0,0,0,0,19,0,19,0,0,19,0,19,70,0,70,89
12/30/2015,CNW,TX,ASW,CE,Federal Contract Tower,0,0,5,0,5,0,0,31,0,31,0,0,36,0,36,56,0,56,92
12/31/2015,CNW,TX,ASW,CE,Federal Contract Tower,0,0,3,0,3,0,0,24,0,24,0,0,27,0,27,92,0,92,119
01/01/2016,CNW,TX,ASW,CE,Federal Contract Tower,0,0,0,0,0,0,0,8,0,8,0,0,8,0,8,8,0,8,16
01/02/2016,CNW,TX,ASW,CE,Federal Contract Tower,0,0,0,0,0,0,0,3,0,3,0,0,3,0,3,0,0,0,3
01/03/2016,CNW,TX,ASW,CE,Federal Contract Tower,0,0,0,0,0,0,0,13,0,13,0,0,13,0,13,8,0,8,21
01/04/2016,CNW,TX,ASW,CE,Federal Contract Tower,0,0,7,10,17,0,0,49,0,49,0,0,56,10,66,80,24,104,170
01/05/2016,CNW,TX,ASW,CE,Federal Contract Tower,0,0,6,31,37,0,0,35,0,35,0,0,41,31,72,178,0,178,250
01/06/2016,CNW,TX,ASW,CE,Federal Contract Tower,0,0,9,7,16,0,0,14,0,14,0,0,23,7,30,226,0,226,256
01/07/2016,CNW,TX,ASW,CE,Federal Contract Tower,0,0,7,12,19,0,0,41,3,44,0,0,48,15,63,166,32,198,261
01/08/2016,CNW,TX,ASW,CE,Federal Contract Tower,0,0,9,0,9,0,0,5,1,6,0,0,14,1,15,6,4,10,25
01/09/2016,CNW,TX,ASW,CE,Federal Contract Tower,0,0,0,4,4,0,0,8,0,8,0,0,8,4,12,78,28,106,118
01/10/2016,CNW,TX,ASW,CE,Federal Contract Tower,0,0,3,11,14,0,0,24,1,25,0,0,27,12,39,68,24,92,131
01/11/2016,CNW,TX,ASW,CE,Federal Contract Tower,0,0,11,6,17,0,0,51,3,54,0,0,62,9,71,220,32,252,323
01/12/2016,CNW,TX,ASW,CE,Federal Contract Tower,0,0,8,15,23,0,0,105,4,109,0,0,113,19,132,408,14,422,554
01/13/2016,CNW,TX,ASW,CE,Federal Contract Tower,0,0,9,5,14,0,0,87,2,89,0,0,96,7,103,286,56,342,445
01/14/2016,CNW,TX,ASW,CE,Federal Contract Tower,0,0,9,19,28,0,0,78,1,79,0,0,87,20,107,358,32,390,497
01/15/2016,CNW,TX,ASW,CE,Federal Contract Tower,0,0,3,0,3,0,0,91,0,91,0,0,94,0,94,448,0,448,542
01/16/2016,CNW,TX,ASW,CE,Federal Contract Tower,0,0,2,0,2,0,2,18,0,20,0,2,20,0,22,62,0,62,84
01/17/2016,CNW,TX,ASW,CE,Federal Contract Tower,0,0,1,0,1,0,0,17,0,17,0,0,18,0,18,30,0,30,48
01/18/2016,CNW,TX,ASW,CE,Federal Contract Tower,0,0,2,0,2,0,0,62,0,62,0,0,64,0,64,190,0,190,254
01/19/2016,CNW,TX,ASW,CE,Federal Contract Tower,0,0,13,16,29,0,0,49,1,50,0,0,62,17,79,204,0,204,283
01/20/2016,CNW,TX,ASW,CE,Federal Contract Tower,0,0,4,17,21,0,0,74,3,77,0,0,78,20,98,348,74,422,520
01/21/2016,CNW,TX,ASW,CE,Federal Contract Tower,0,0,6,6,12,0,0,9,0,9,0,0,15,6,21,103,0,103,124
01/22/2016,CNW,TX,ASW,CE,Federal Contract Tower,0,0,5,7,12,0,0,68,0,68,0,0,73,7,80,168,0,168,248
01/23/2016,CNW,TX,ASW,CE,Federal Contract Tower,0,0,2,1,3,0,0,40,2,42,0,0,42,3,45,180,28,208,253
01/24/2016,CNW,TX,ASW,CE,Federal Contract Tower,0,0,0,3,3,0,0,6,4,10,0,0,6,7,13,24,12,36,49
01/25/2016,CNW,TX,ASW,CE,Federal Contract Tower,0,0,20,10,30,0,0,91,5,96,0,0,111,15,126,394,28,422,548
01/26/2016,CNW,TX,ASW,CE,Federal Contract Tower,0,0,3,9,12,0,0,81,4,85,0,0,84,13,97,312,56,368,465
01/27/2016,CNW,TX,ASW,CE,Federal Contract Tower,0,0,5,16,21,0,0,101,3,104,0,0,106,19,125,714,46,760,885
01/28/2016,CNW,TX,ASW,CE,Federal Contract Tower,0,0,4,5,9,0,0,81,1,82,0,0,85,6,91,274,0,274,365
01/29/2016,CNW,TX,ASW,CE,Federal Contract Tower,0,0,5,26,31,0,0,70,2,72,0,0,75,28,103,210,60,270,373
01/30/2016,CNW,TX,ASW,CE,Federal Contract Tower,0,0,4,0,4,0,0,24,0,24,0,0,28,0,28,76,0,76,104
01/31/2016,CNW,TX,ASW,CE,Federal Contract Tower,0,0,0,0,0,0,0,8,0,8,0,0,8,0,8,8,0,8,16
02/01/2016,CNW,TX,ASW,CE,Federal Contract Tower,0,0,5,16,21,0,0,33,0,33,0,0,38,16,54,108,10,118,172
02/02/2016,CNW,TX,ASW,CE,Federal Contract Tower,0,0,9,3,12,0,0,52,1,53,0,0,61,4,65,236,6,242,307
02/03/2016,CNW,TX,ASW,CE,Federal Contract Tower,0,0,3,7,10,0,0,73,1,74,0,0,76,8,84,262,6,268,352
02/04/2016,CNW,TX,ASW,CE,Federal Contract Tower,0,0,11,8,19,0,0,97,0,97,0,0,108,8,116,318,36,354,470
02/05/2016,CNW,TX,ASW,CE,Federal Contract Tower,0,0,19,28,47,0,0,91,2,93,0,0,110,30,140,228,28,256,396
02/06/2016,CNW,TX,ASW,CE,Federal Contract Tower,0,0,5,0,5,0,0,13,0,13,0,0,18,0,18,20,0,20,38
02/07/2016,CNW,TX,ASW,CE,Federal Contract Tower,0,0,0,8,8,0,0,26,0,26,0,0,26,8,34,188,24,212,246
02/08/2016,CNW,TX,ASW,CE,Federal Contract Tower,0,0,5,13,18,0,0,49,0,49,0,0,54,13,67,100,8,108,175
02/09/2016,CNW,TX,ASW,CE,Federal Contract Tower,0,0,7,14,21,0,0,80,2,82,0,0,87,16,103,150,12,162,265
02/10/2016,CNW,TX,ASW,CE,Federal Contract Tower,0,0,6,13,19,0,0,96,4,100,0,0,102,17,119,140,0,140,259
02/11/2016,CNW,TX,ASW,CE,Federal Contract Tower,0,0,16,14,30,0,0,81,3,84,0,0,97,17,114,80,34,114,228
02/12/2016,CNW,TX,ASW,CE,Federal Contract Tower,0,2,9,2,13,0,0,84,0,84,0,2,93,2,97,214,0,214,311
02/13/2016,CNW,TX,ASW,CE,Federal Contract Tower,0,2,3,7,12,0,0,18,0,18,0,2,21,7,30,78,0,78,108
02/14/2016,CNW,TX,ASW,CE,Federal Contract Tower,0,0,4,0,4,0,0,5,0,5,0,0,9,0,9,22,0,22,31
02/15/2016,CNW,TX,ASW,CE,Federal Contract Tower,0,0,9,0,9,0,0,55,2,57,0,0,64,2,66,146,0,146,212
02/16/2016,CNW,TX,ASW,CE,Federal Contract Tower,0,0,4,8,12,0,0,91,2,93,0,0,95,10,105,340,10,350,455
02/17/2016,CNW,TX,ASW,CE,Federal Contract Tower,0,0,12,16,28,0,0,93,0,93,0,0,105,16,121,412,26,438,559
02/18/2016,CNW,TX,ASW,CE,Federal Contract Tower,0,0,8,5,13,0,0,53,1,54,0,0,61,6,67,200,10,210,277
02/19/2016,CNW,TX,ASW,CE,Federal Contract Tower,0,0,8,18,26,0,0,80,1,81,0,0,88,19,107,476,156,632,739
02/20/2016,CNW,TX,ASW,CE,Federal Contract Tower,0,2,2,0,4,0,0,6,0,6,0,2,8,0,10,154,0,154,164
02/21/2016,CNW,TX,ASW,CE,Federal Contract Tower,0,2,0,10,12,0,0,13,0,13,0,2,13,10,25,90,0,90,115
02/22/2016,CNW,TX,ASW,CE,Federal Contract Tower,0,0,9,2,11,0,0,41,0,41,0,0,50,2,52,200,0,200,252
02/23/2016,CNW,TX,ASW,CE,Federal Contract Tower,0,0,0,3,3,0,0,10,1,11,0,0,10,4,14,88,0,88,102
02/24/2016,CNW,TX,ASW,CE,Federal Contract Tower,0,0,2,5,7,0,0,96,3,99,0,0,98,8,106,264,8,272,378
02/25/2016,CNW,TX,ASW,CE,Federal Contract Tower,0,0,6,14,20,0,0,93,1,94,0,0,99,15,114,256,84,340,454
02/26/2016,CNW,TX,ASW,CE,Federal Contract Tower,0,0,7,1,8,0,0,98,1,99,0,0,105,2,107,472,0,472,579
02/27/2016,CNW,TX,ASW,CE,Federal Contract Tower,0,0,8,8,16,0,0,49,2,51,0,0,57,10,67,108,0,108,175
02/28/2016,CNW,TX,ASW,CE,Federal Contract Tower,0,0,1,6,7,0,0,6,0,6,0,0,7,6,13,98,14,112,125
02/29/2016,CNW,TX,ASW,CE,Federal Contract Tower,0,0,15,1,16,0,0,51,0,51,0,0,66,1,67,220,0,220,287
03/01/2016,CNW,TX,ASW,CE,Federal Contract Tower,0,0,12,1,13,0,0,62,0,62,0,0,74,1,75,290,14,304,379
03/02/2016,CNW,TX,ASW,CE,Federal Contract Tower,0,0,11,11,22,0,0,102,0,102,0,0,113,11,124,284,34,318,442
03/03/2016,CNW,TX,ASW,CE,Federal Contract Tower,0,0,8,15,23,0,0,95,0,95,0,0,103,15,118,362,10,372,490
03/04/2016,CNW,TX,ASW,CE,Federal Contract Tower,0,0,10,40,50,0,0,107,4,111,0,0,117,44,161,550,18,568,729
03/05/2016,CNW,TX,ASW,CE,Federal Contract Tower,0,0,5,16,21,0,0,38,2,40,0,0,43,18,61,96,24,120,181
03/06/2016,CNW,TX,ASW,CE,Federal Contract Tower,0,0,2,0,2,0,0,11,0,11,0,0,13,0,13,60,0,60,73
03/07/2016,CNW,TX,ASW,CE,Federal Contract Tower,0,0,6,2,8,0,0,16,0,16,0,0,22,2,24,122,10,132,156
03/08/2016,CNW,TX,ASW,CE,Federal Contract Tower,0,0,1,2,3,0,0,14,0,14,0,0,15,2,17,88,6,94,111
03/09/2016,CNW,TX,ASW,CE,Federal Contract Tower,0,0,0,2,2,0,0,8,0,8,0,0,8,2,10,60,0,60,70
03/10/2016,CNW,TX,ASW,CE,Federal Contract Tower,0,0,0,0,0,0,0,0,0,0,0,0,0,0,0,0,0,0,0
03/11/2016,CNW,TX,ASW,CE,Federal Contract Tower,0,0,2,2,4,0,0,14,0,14,0,0,16,2,18,114,0,114,132
03/12/2016,CNW,TX,ASW,CE,Federal Contract Tower,0,0,1,19,20,0,0,16,0,16,0,0,17,19,36,136,32,168,204
03/13/2016,CNW,TX,ASW,CE,Federal Contract Tower,0,0,0,0,0,0,0,9,0,9,0,0,9,0,9,16,0,16,25
03/14/2016,CNW,TX,ASW,CE,Federal Contract Tower,0,0,5,19,24,0,2,95,1,98,0,2,100,20,122,238,8,246,368
03/15/2016,CNW,TX,ASW,CE,Federal Contract Tower,0,0,20,8,28,0,0,80,1,81,0,0,100,9,109,370,20,390,499
03/16/2016,CNW,TX,ASW,CE,Federal Contract Tower,0,0,17,8,25,0,0,92,0,92,0,0,109,8,117,378,6,384,501
03/17/2016,CNW,TX,ASW,CE,Federal Contract Tower,0,0,5,10,15,0,0,26,0,26,0,0,31,10,41,140,0,140,181
03/18/2016,CNW,TX,ASW,CE,Federal Contract Tower,0,0,10,8,18,0,0,1,0,1,0,0,11,8,19,16,0,16,35
03/19/2016,CNW,TX,ASW,CE,Federal Contract Tower,0,0,4,6,10,0,0,23,0,23,0,0,27,6,33,38,6,44,77
03/20/2016,CNW,TX,ASW,CE,Federal Contract Tower,0,0,0,0,0,0,0,27,0,27,0,0,27,0,27,94,0,94,121
03/21/2016,CNW,TX,ASW,CE,Federal Contract Tower,0,0,10,6,16,0,2,95,0,97,0,2,105,6,113,344,0,344,457
03/22/2016,CNW,TX,ASW,CE,Federal Contract Tower,0,0,16,5,21,0,0,51,2,53,0,0,67,7,74,162,28,190,264
03/23/2016,CNW,TX,ASW,CE,Federal Contract Tower,0,0,5,3,8,0,0,29,1,30,0,0,34,4,38,78,0,78,116
03/24/2016,CNW,TX,ASW,CE,Federal Contract Tower,0,0,8,10,18,0,0,66,1,67,0,0,74,11,85,104,30,134,219
03/25/2016,CNW,TX,ASW,CE,Federal Contract Tower,0,0,11,2,13,0,0,95,3,98,0,0,106,5,111,354,0,354,465
03/26/2016,CNW,TX,ASW,CE,Federal Contract Tower,0,0,9,2,11,0,0,24,0,24,0,0,33,2,35,84,0,84,119
03/27/2016,CNW,TX,ASW,CE,Federal Contract Tower,0,0,4,0,4,0,0,4,0,4,0,0,8,0,8,0,0,0,8
03/28/2016,CNW,TX,ASW,CE,Federal Contract Tower,0,0,5,2,7,0,1,77,0,78,0,1,82,2,85,296,0,296,381
03/29/2016,CNW,TX,ASW,CE,Federal Contract Tower,0,0,14,4,18,0,0,24,0,24,0,0,38,4,42,308,0,308,350
03/30/2016,CNW,TX,ASW,CE,Federal Contract Tower,0,0,5,7,12,0,0,6,0,6,0,0,11,7,18,102,0,102,120
03/31/2016,CNW,TX,ASW,CE,Federal Contract Tower,0,0,12,7,19,0,0,131,1,132,0,0,143,8,151,374,10,384,535
04/01/2016,CNW,TX,ASW,CE,Federal Contract Tower,0,0,5,8,13,0,0,34,2,36,0,0,39,10,49,220,46,266,315
04/02/2016,CNW,TX,ASW,CE,Federal Contract Tower,0,0,0,0,0,0,0,42,0,42,0,0,42,0,42,94,0,94,136
04/03/2016,CNW,TX,ASW,CE,Federal Contract Tower,0,0,1,0,1,0,0,36,0,36,0,0,37,0,37,92,0,92,129
04/04/2016,CNW,TX,ASW,CE,Federal Contract Tower,0,0,14,13,27,0,0,93,0,93,0,0,107,13,120,272,44,316,436
04/05/2016,CNW,TX,ASW,CE,Federal Contract Tower,0,0,14,21,35,0,0,76,1,77,0,0,90,22,112,314,10,324,436
04/06/2016,CNW,TX,ASW,CE,Federal Contract Tower,0,0,17,18,35,0,0,73,3,76,0,0,90,21,111,154,70,224,335
04/07/2016,CNW,TX,ASW,CE,Federal Contract Tower,0,0,9,26,35,0,0,92,0,92,0,0,101,26,127,350,48,398,525
04/08/2016,CNW,TX,ASW,CE,Federal Contract Tower,0,0,20,15,35,0,0,63,9,72,0,0,83,24,107,358,100,458,565
04/09/2016,CNW,TX,ASW,CE,Federal Contract Tower,0,0,2,3,5,0,0,16,1,17,0,0,18,4,22,44,32,76,98
04/10/2016,CNW,TX,ASW,CE,Federal Contract Tower,0,0,3,11,14,0,0,4,1,5,0,0,7,12,19,20,8,28,47
04/11/2016,CNW,TX,ASW,CE,Federal Contract Tower,0,0,16,18,34,0,0,42,0,42,0,0,58,18,76,156,4,160,236
04/12/2016,CNW,TX,ASW,CE,Federal Contract Tower,0,0,26,3,29,0,0,13,1,14,0,0,39,4,43,188,2,190,233
04/13/2016,CNW,TX,ASW,CE,Federal Contract Tower,0,0,23,11,34,0,0,11,0,11,0,0,34,11,45,154,28,182,227
04/14/2016,CNW,TX,ASW,CE,Federal Contract Tower,0,0,39,0,39,0,0,21,0,21,0,0,60,0,60,208,0,208,268
04/15/2016,CNW,TX,ASW,CE,Federal Contract Tower,0,1,34,2,37,0,0,63,7,70,0,1,97,9,107,254,62,316,423
04/16/2016,CNW,TX,ASW,CE,Federal Contract Tower,0,1,11,0,12,0,0,10,0,10,0,1,21,0,22,64,0,64,86
04/17/2016,CNW,TX,ASW,CE,Federal Contract Tower,0,0,0,0,0,0,0,0,0,0,0,0,0,0,0,0,0,0,0
04/18/2016,CNW,TX,ASW,CE,Federal Contract Tower,0,0,6,0,6,0,0,6,0,6,0,0,12,0,12,90,0,90,102
04/19/2016,CNW,TX,ASW,CE,Federal Contract Tower,0,0,15,3,18,0,0,29,1,30,0,0,44,4,48,234,0,234,282
04/20/2016,CNW,TX,ASW,CE,Federal Contract Tower,0,0,19,8,27,0,0,33,0,33,0,0,52,8,60,112,0,112,172
04/21/2016,CNW,TX,ASW,CE,Federal Contract Tower,0,0,24,6,30,0,0,60,1,61,0,0,84,7,91,250,8,258,349
04/22/2016,CNW,TX,ASW,CE,Federal Contract Tower,0,0,17,4,21,0,0,88,3,91,0,0,105,7,112,244,26,270,382
04/23/2016,CNW,TX,ASW,CE,Federal Contract Tower,0,0,7,4,11,0,0,35,0,35,0,0,42,4,46,38,10,48,94
04/24/2016,CNW,TX,ASW,CE,Federal Contract Tower,0,0,4,0,4,0,0,9,0,9,0,0,13,0,13,30,0,30,43
04/25/2016,CNW,TX,ASW,CE,Federal Contract Tower,0,0,25,10,35,0,0,46,4,50,0,0,71,14,85,156,42,198,283
04/26/2016,CNW,TX,ASW,CE,Federal Contract Tower,0,0,14,4,18,0,0,45,2,47,0,0,59,6,65,130,0,130,195
04/27/2016,CNW,TX,ASW,CE,Federal Contract Tower,0,0,27,3,30,0,0,76,0,76,0,0,103,3,106,202,0,202,308
04/28/2016,CNW,TX,ASW,CE,Federal Contract Tower,0,0,13,6,19,0,0,59,0,59,0,0,72,6,78,146,20,166,244
04/29/2016,CNW,TX,ASW,CE,Federal Contract Tower,0,0,16,6,22,0,0,5,1,6,0,0,21,7,28,28,0,28,56
04/30/2016,CNW,TX,ASW,CE,Federal Contract Tower,0,0,9,0,9,0,0,12,0,12,0,0,21,0,21,26,0,26,47
05/01/2016,CNW,TX,ASW,CE,Federal Contract Tower,0,0,6,8,14,0,0,24,3,27,0,0,30,11,41,78,30,108,149
05/02/2016,CNW,TX,ASW,CE,Federal Contract Tower,0,0,17,6,23,0,0,13,0,13,0,0,30,6,36,6,12,18,54
05/03/2016,CNW,TX,ASW,CE,Federal Contract Tower,0,0,12,9,21,0,0,77,6,83,0,0,89,15,104,176,24,200,304
05/04/2016,CNW,TX,ASW,CE,Federal Contract Tower,0,0,7,30,37,0,0,81,2,83,0,0,88,32,120,118,76,194,314
05/05/2016,CNW,TX,ASW,CE,Federal Contract Tower,0,0,11,31,42,0,0,81,0,81,0,0,92,31,123,222,92,314,437
05/06/2016,CNW,TX,ASW,CE,Federal Contract Tower,0,0,11,9,20,0,0,55,3,58,0,0,66,12,78,155,134,289,367
05/07/2016,CNW,TX,ASW,CE,Federal Contract Tower,0,0,3,0,3,0,0,13,0,13,0,0,16,0,16,16,0,16,32
05/08/2016,CNW,TX,ASW,CE,Federal Contract Tower,0,0,2,0,2,0,0,1,0,1,0,0,3,0,3,0,0,0,3
05/09/2016,CNW,TX,ASW,CE,Federal Contract Tower,0,0,14,22,36,0,0,37,2,39,0,0,51,24,75,112,88,200,275
05/10/2016,CNW,TX,ASW,CE,Federal Contract Tower,0,0,13,11,24,0,0,46,3,49,0,0,59,14,73,268,58,326,399
05/11/2016,CNW,TX,ASW,CE,Federal Contract Tower,0,0,5,9,14,0,0,67,1,68,0,0,72,10,82,242,100,342,424
05/12/2016,CNW,TX,ASW,CE,Federal Contract Tower,0,0,4,8,12,0,0,49,0,49,0,0,53,8,61,254,62,316,377
05/13/2016,CNW,TX,ASW,CE,Federal Contract Tower,0,0,9,6,15,0,0,80,1,81,0,0,89,7,96,224,44,268,364
05/14/2016,CNW,TX,ASW,CE,Federal Contract Tower,0,0,0,3,3,0,0,19,0,19,0,0,19,3,22,36,20,56,78
05/15/2016,CNW,TX,ASW,CE,Federal Contract Tower,0,0,5,0,5,0,2,8,0,10,0,2,13,0,15,0,0,0,15
05/16/2016,CNW,TX,ASW,CE,Federal Contract Tower,0,0,14,12,26,0,0,25,4,29,0,0,39,16,55,120,24,144,199
05/17/2016,CNW,TX,ASW,CE,Federal Contract Tower,0,0,32,4,36,0,0,34,0,34,0,0,66,4,70,86,0,86,156
05/18/2016,CNW,TX,ASW,CE,Federal Contract Tower,0,0,26,0,26,0,0,50,0,50,0,0,76,0,76,328,0,328,404
05/19/2016,CNW,TX,ASW,CE,Federal Contract Tower,0,0,16,0,16,0,0,8,0,8,0,0,24,0,24,62,0,62,86
05/20/2016,CNW,TX,ASW,CE,Federal Contract Tower,0,0,11,8,19,0,0,90,0,90,0,0,101,8,109,376,4,380,489
05/21/2016,CNW,TX,ASW,CE,Federal Contract Tower,0,0,3,2,5,0,0,36,2,38,0,0,39,4,43,220,0,220,263
05/22/2016,CNW,TX,ASW,CE,Federal Contract Tower,0,0,5,0,5,0,0,11,0,11,0,0,16,0,16,74,0,74,90
05/23/2016,CNW,TX,ASW,CE,Federal Contract Tower,0,0,25,16,41,0,0,40,0,40,0,0,65,16,81,234,0,234,315
05/24/2016,CNW,TX,ASW,CE,Federal Contract Tower,0,0,21,10,31,0,0,67,3,70,0,0,88,13,101,354,48,402,503
05/25/2016,CNW,TX,ASW,CE,Federal Contract Tower,0,0,27,18,45,0,0,57,4,61,0,0,84,22,106,488,0,488,594
05/26/2016,CNW,TX,ASW,CE,Federal Contract Tower,0,0,3,0,3,0,0,19,0,19,0,0,22,0,22,242,0,242,264
05/27/2016,CNW,TX,ASW,CE,Federal Contract Tower,0,0,6,1,7,0,0,29,1,30,0,0,35,2,37,132,0,132,169
05/28/2016,CNW,TX,ASW,CE,Federal Contract Tower,0,0,1,0,1,0,0,15,0,15,0,0,16,0,16,76,0,76,92
05/29/2016,CNW,TX,ASW,CE,Federal Contract Tower,0,0,4,0,4,0,0,16,0,16,0,0,20,0,20,30,0,30,50
05/30/2016,CNW,TX,ASW,CE,Federal Contract Tower,0,0,7,0,7,0,0,64,0,64,0,0,71,0,71,170,0,170,241
05/31/2016,CNW,TX,ASW,CE,Federal Contract Tower,0,0,17,2,19,0,0,24,1,25,0,0,41,3,44,94,0,94,138
06/01/2016,CNW,TX,ASW,CE,Federal Contract Tower,0,0,22,2,24,0,0,39,2,41,0,0,61,4,65,214,18,232,297
06/02/2016,CNW,TX,ASW,CE,Federal Contract Tower,0,0,2,14,16,0,0,4,0,4,0,0,6,14,20,40,10,50,70
06/03/2016,CNW,TX,ASW,CE,Federal Contract Tower,0,0,11,0,11,0,0,46,1,47,0,0,57,1,58,248,0,248,306
06/04/2016,CNW,TX,ASW,CE,Federal Contract Tower,0,0,6,0,6,0,4,4,0,8,0,4,10,0,14,0,0,0,14
06/05/2016,CNW,TX,ASW,CE,Federal Contract Tower,0,0,0,9,9,0,0,17,2,19,0,0,17,11,28,184,6,190,218
06/06/2016,CNW,TX,ASW,CE,Federal Contract Tower,0,0,8,8,16,0,0,100,8,108,0,0,108,16,124,400,96,496,620
06/07/2016,CNW,TX,ASW,CE,Federal Contract Tower,0,2,14,7,23,0,0,84,1,85,0,2,98,8,108,378,0,378,486
06/08/2016,CNW,TX,ASW,CE,Federal Contract Tower,0,0,13,16,29,0,0,79,0,79,0,0,92,16,108,334,26,360,468
06/09/2016,CNW,TX,ASW,CE,Federal Contract Tower,0,3,15,15,33,0,0,81,5,86,0,3,96,20,119,432,70,502,621
06/10/2016,CNW,TX,ASW,CE,Federal Contract Tower,0,0,7,46,53,0,0,64,8,72,0,0,71,54,125,320,126,446,571
06/11/2016,CNW,TX,ASW,CE,Federal Contract Tower,0,0,0,14,14,0,0,10,8,18,0,0,10,22,32,72,0,72,104
06/12/2016,CNW,TX,ASW,CE,Federal Contract Tower,0,0,0,0,0,0,0,9,0,9,0,0,9,0,9,32,0,32,41
06/13/2016,CNW,TX,ASW,CE,Federal Contract Tower,0,0,11,2,13,0,0,38,0,38,0,0,49,2,51,162,0,162,213
06/14/2016,CNW,TX,ASW,CE,Federal Contract Tower,0,0,16,9,25,0,0,59,2,61,0,0,75,11,86,250,6,256,342
06/15/2016,CNW,TX,ASW,CE,Federal Contract Tower,0,0,23,9,32,0,0,55,2,57,0,0,78,11,89,272,44,316,405
06/16/2016,CNW,TX,ASW,CE,Federal Contract Tower,0,0,11,10,21,0,0,64,0,64,0,0,75,10,85,268,14,282,367
06/17/2016,CNW,TX,ASW,CE,Federal Contract Tower,0,0,9,2,11,0,0,62,1,63,0,0,71,3,74,264,6,270,344
06/18/2016,CNW,TX,ASW,CE,Federal Contract Tower,0,0,5,0,5,0,0,21,2,23,0,0,26,2,28,42,0,42,70
06/19/2016,CNW,TX,ASW,CE,Federal Contract Tower,0,0,1,6,7,0,0,13,0,13,0,0,14,6,20,90,0,90,110
06/20/2016,CNW,TX,ASW,CE,Federal Contract Tower,0,0,14,3,17,0,0,0,0,0,0,0,14,3,17,300,0,300,317
06/21/2016,CNW,TX,ASW,CE,Federal Contract Tower,0,0,7,0,7,0,0,92,1,93,0,0,99,1,100,218,6,224,324
06/22/2016,CNW,TX,ASW,CE,Federal Contract Tower,0,0,13,22,35,0,0,435,10,445,0,0,448,32,480,224,96,320,800
06/23/2016,CNW,TX,ASW,CE,Federal Contract Tower,0,0,14,10,24,0,0,62,4,66,0,0,76,14,90,164,6,170,260
06/24/2016,CNW,TX,ASW,CE,Federal Contract Tower,0,0,10,5,15,0,0,66,0,66,0,0,76,5,81,338,0,338,419
06/25/2016,CNW,TX,ASW,CE,Federal Contract Tower,0,0,8,1,9,0,0,10,5,15,0,0,18,6,24,10,10,20,44
06/26/2016,CNW,TX,ASW,CE,Federal Contract Tower,0,0,9,7,16,0,0,20,0,20,0,0,29,7,36,58,14,72,108
06/27/2016,CNW,TX,ASW,CE,Federal Contract Tower,0,0,17,23,40,0,0,54,5,59,0,0,71,28,99,238,52,290,389
06/28/2016,CNW,TX,ASW,CE,Federal Contract Tower,0,0,6,11,17,0,0,36,5,41,0,0,42,16,58,142,28,170,228
06/29/2016,CNW,TX,ASW,CE,Federal Contract Tower,0,0,6,5,11,0,0,64,0,64,0,0,70,5,75,270,0,270,345
06/30/2016,CNW,TX,ASW,CE,Federal Contract Tower,0,0,15,2,17,0,0,67,1,68,0,0,82,3,85,198,0,198,283
07/01/2016,CNW,TX,ASW,CE,Federal Contract Tower,0,0,15,1,16,0,0,70,1,71,0,0,85,2,87,258,8,266,353
07/02/2016,CNW,TX,ASW,CE,Federal Contract Tower,0,0,5,0,5,0,0,16,0,16,0,0,21,0,21,0,0,0,21
07/03/2016,CNW,TX,ASW,CE,Federal Contract Tower,0,0,5,0,5,0,0,2,0,2,0,0,7,0,7,0,0,0,7
07/04/2016,CNW,TX,ASW,CE,Federal Contract Tower,0,0,3,0,3,0,0,1,0,1,0,0,4,0,4,0,0,0,4
07/05/2016,CNW,TX,ASW,CE,Federal Contract Tower,0,0,9,0,9,0,0,40,0,40,0,0,49,0,49,212,0,212,261
07/06/2016,CNW,TX,ASW,CE,Federal Contract Tower,0,0,15,0,15,0,0,59,0,59,0,0,74,0,74,234,0,234,308
07/07/2016,CNW,TX,ASW,CE,Federal Contract Tower,0,0,14,14,28,0,0,63,1,64,0,0,77,15,92,124,24,148,240
07/08/2016,CNW,TX,ASW,CE,Federal Contract Tower,0,0,15,22,37,0,0,71,4,75,0,0,86,26,112,256,32,288,400
07/09/2016,CNW,TX,ASW,CE,Federal Contract Tower,0,0,2,14,16,0,0,15,0,15,0,0,17,14,31,26,12,38,69
07/10/2016,CNW,TX,ASW,CE,Federal Contract Tower,0,0,5,4,9,0,0,14,0,14,0,0,19,4,23,4,0,4,27
07/11/2016,CNW,TX,ASW,CE,Federal Contract Tower,0,0,12,5,17,0,0,58,3,61,0,0,70,8,78,214,12,226,304
07/12/2016,CNW,TX,ASW,CE,Federal Contract Tower,0,0,10,30,40,0,0,54,2,56,0,0,64,32,96,246,84,330,426
07/13/2016,CNW,TX,ASW,CE,Federal Contract Tower,0,0,15,6,21,0,0,0,0,0,0,0,15,6,21,226,0,226,247
07/14/2016,CNW,TX,ASW,CE,Federal Contract Tower,0,0,17,8,25,0,0,65,0,65,0,0,82,8,90,186,0,186,276
07/15/2016,CNW,TX,ASW,CE,Federal Contract Tower,0,0,21,4,25,0,0,64,0,64,0,0,85,4,89,372,0,372,461
07/16/2016,CNW,TX,ASW,CE,Federal Contract Tower,0,0,6,8,14,0,0,21,0,21,0,0,27,8,35,124,0,124,159
07/17/2016,CNW,TX,ASW,CE,Federal Contract Tower,0,0,0,0,0,0,0,11,0,11,0,0,11,0,11,24,0,24,35
07/18/2016,CNW,TX,ASW,CE,Federal Contract Tower,0,0,13,12,25,0,0,100,10,110,0,0,113,22,135,376,80,456,591
07/19/2016,CNW,TX,ASW,CE,Federal Contract Tower,0,0,14,4,18,0,0,62,0,62,0,0,76,4,80,288,0,288,368
07/20/2016,CNW,TX,ASW,CE,Federal Contract Tower,0,0,17,16,33,0,0,67,5,72,0,0,84,21,105,270,50,320,425
07/21/2016,CNW,TX,ASW,CE,Federal Contract Tower,0,0,12,19,31,0,0,67,6,73,0,0,79,25,104,279,68,347,451
07/22/2016,CNW,TX,ASW,CE,Federal Contract Tower,0,0,12,7,19,0,0,72,0,72,0,0,84,7,91,258,36,294,385
07/23/2016,CNW,TX,ASW,CE,Federal Contract Tower,0,0,5,1,6,0,0,24,2,26,0,0,29,3,32,30,0,30,62
07/24/2016,CNW,TX,ASW,CE,Federal Contract Tower,0,0,2,6,8,0,0,1,1,2,0,0,3,7,10,0,0,0,10
07/25/2016,CNW,TX,ASW,CE,Federal Contract Tower,0,0,2,0,2,0,0,44,0,44,0,0,46,0,46,178,0,178,224
07/26/2016,CNW,TX,ASW,CE,Federal Contract Tower,0,0,9,12,21,0,0,63,3,66,0,0,72,15,87,326,28,354,441
07/27/2016,CNW,TX,ASW,CE,Federal Contract Tower,0,0,8,0,8,0,0,59,2,61,0,0,67,2,69,304,0,304,373
07/28/2016,CNW,TX,ASW,CE,Federal Contract Tower,0,0,9,19,28,0,0,46,5,51,0,0,55,24,79,334,56,390,469
07/29/2016,CNW,TX,ASW,CE,Federal Contract Tower,0,0,6,27,33,0,0,46,4,50,0,0,52,31,83,206,62,268,351
07/30/2016,CNW,TX,ASW,CE,Federal Contract Tower,0,0,6,0,6,0,0,26,1,27,0,0,32,1,33,76,2,78,111
07/31/2016,CNW,TX,ASW,CE,Federal Contract Tower,0,0,0,1,1,0,1,15,0,16,0,1,15,1,17,0,0,0,17
08/01/2016,CNW,TX,ASW,CE,Federal Contract Tower,0,0,9,18,27,0,0,54,1,55,0,0,63,19,82,176,28,204,286
08/02/2016,CNW,TX,ASW,CE,Federal Contract Tower,0,0,7,21,28,0,0,50,2,52,0,0,57,23,80,184,14,198,278
08/03/2016,CNW,TX,ASW,CE,Federal Contract Tower,0,0,9,7,16,0,0,64,2,66,0,0,73,9,82,156,74,230,312
08/04/2016,CNW,TX,ASW,CE,Federal Contract Tower,0,0,4,13,17,0,0,70,3,73,0,0,74,16,90,262,44,306,396
08/05/2016,CNW,TX,ASW,CE,Federal Contract Tower,0,0,11,37,48,0,0,63,6,69,0,0,74,43,117,264,40,304,421
08/06/2016,CNW,TX,ASW,CE,Federal Contract Tower,0,0,5,0,5,0,0,11,0,11,0,0,16,0,16,40,0,40,56
08/07/2016,CNW,TX,ASW,CE,Federal Contract Tower,0,0,4,4,8,0,0,8,0,8,0,0,12,4,16,28,0,28,44
08/08/2016,CNW,TX,ASW,CE,Federal Contract Tower,0,0,7,13,20,0,0,49,5,54,0,0,56,18,74,210,104,314,388
08/09/2016,CNW,TX,ASW,CE,Federal Contract Tower,0,0,10,12,22,0,0,53,8,61,0,0,63,20,83,180,26,206,289
08/10/2016,CNW,TX,ASW,CE,Federal Contract Tower,0,0,10,25,35,0,0,63,3,66,0,0,73,28,101,136,54,190,291
08/11/2016,CNW,TX,ASW,CE,Federal Contract Tower,0,0,7,14,21,0,0,54,5,59,0,0,61,19,80,366,74,440,520
08/12/2016,CNW,TX,ASW,CE,Federal Contract Tower,0,0,3,19,22,0,0,61,1,62,0,0,64,20,84,242,36,278,362
08/13/2016,CNW,TX,ASW,CE,Federal Contract Tower,0,0,2,8,10,0,0,23,0,23,0,0,25,8,33,38,0,38,71
08/14/2016,CNW,TX,ASW,CE,Federal Contract Tower,0,0,1,4,5,0,0,0,0,0,0,0,1,4,5,0,0,0,5
08/15/2016,CNW,TX,ASW,CE,Federal Contract Tower,0,0,6,8,14,0,0,3,0,3,0,0,9,8,17,0,0,0,17
08/16/2016,CNW,TX,ASW,CE,Federal Contract Tower,0,0,7,4,11,0,0,0,0,0,0,0,7,4,11,0,0,0,11
08/17/2016,CNW,TX,ASW,CE,Federal Contract Tower,0,0,2,1,3,0,0,3,0,3,0,0,5,1,6,42,0,42,48
08/18/2016,CNW,TX,ASW,CE,Federal Contract Tower,0,0,23,4,27,0,0,24,0,24,0,0,47,4,51,118,0,118,169
08/19/2016,CNW,TX,ASW,CE,Federal Contract Tower,0,0,19,6,25,0,0,43,2,45,0,0,62,8,70,160,30,190,260
08/20/2016,CNW,TX,ASW,CE,Federal Contract Tower,0,0,1,0,1,0,0,7,0,7,0,0,8,0,8,12,0,12,20
08/21/2016,CNW,TX,ASW,CE,Federal Contract Tower,0,0,1,0,1,0,0,0,0,0,0,0,1,0,1,0,0,0,1
08/22/2016,CNW,TX,ASW,CE,Federal Contract Tower,0,0,17,7,24,0,0,15,1,16,0,0,32,8,40,80,12,92,132
08/23/2016,CNW,TX,ASW,CE,Federal Contract Tower,0,0,17,13,30,0,0,34,8,42,0,0,51,21,72,126,20,146,218
08/24/2016,CNW,TX,ASW,CE,Federal Contract Tower,0,0,16,9,25,0,0,34,0,34,0,0,50,9,59,130,26,156,215
08/25/2016,CNW,TX,ASW,CE,Federal Contract Tower,0,0,7,14,21,0,0,62,6,68,0,0,69,20,89,118,22,140,229
08/26/2016,CNW,TX,ASW,CE,Federal Contract Tower,0,0,15,0,15,0,0,27,0,27,0,0,42,0,42,114,0,114,156
08/27/2016,CNW,TX,ASW,CE,Federal Contract Tower,0,0,8,2,10,0,0,4,0,4,0,0,12,2,14,6,0,6,20
08/28/2016,CNW,TX,ASW,CE,Federal Contract Tower,0,0,4,4,8,0,0,7,0,7,0,0,11,4,15,10,0,10,25
08/29/2016,CNW,TX,ASW,CE,Federal Contract Tower,0,0,7,10,17,0,0,53,0,53,0,0,60,10,70,278,22,300,370
08/30/2016,CNW,TX,ASW,CE,Federal Contract Tower,0,0,6,11,17,0,0,62,2,64,0,0,68,13,81,178,66,244,325
08/31/2016,CNW,TX,ASW,CE,Federal Contract Tower,0,0,23,6,29,0,0,102,0,102,0,0,125,6,131,382,0,382,513
09/01/2016,CNW,TX,ASW,CE,Federal Contract Tower,0,0,6,1,7,0,0,80,0,80,0,0,86,1,87,226,0,226,313
09/02/2016,CNW,TX,ASW,CE,Federal Contract Tower,0,0,28,4,32,0,0,36,3,39,0,0,64,7,71,96,62,158,229
09/03/2016,CNW,TX,ASW,CE,Federal Contract Tower,0,0,5,0,5,0,0,28,0,28,0,0,33,0,33,52,0,52,85
09/04/2016,CNW,TX,ASW,CE,Federal Contract Tower,0,0,1,1,2,0,0,10,1,11,0,0,11,2,13,34,0,34,47
09/05/2016,CNW,TX,ASW,CE,Federal Contract Tower,0,0,1,0,1,0,0,19,0,19,0,0,20,0,20,50,0,50,70
09/06/2016,CNW,TX,ASW,CE,Federal Contract Tower,0,0,17,6,23,0,0,71,2,73,0,0,88,8,96,160,34,194,290
09/07/2016,CNW,TX,ASW,CE,Federal Contract Tower,0,0,21,11,32,0,0,82,0,82,0,0,103,11,114,234,42,276,390
09/08/2016,CNW,TX,ASW,CE,Federal Contract Tower,0,0,10,10,20,0,0,102,1,103,0,0,112,11,123,212,10,222,345
09/09/2016,CNW,TX,ASW,CE,Federal Contract Tower,0,0,17,0,17,0,0,108,0,108,0,0,125,0,125,406,0,406,531
09/10/2016,CNW,TX,ASW,CE,Federal Contract Tower,0,0,1,0,1,0,0,14,0,14,0,0,15,0,15,46,0,46,61
09/11/2016,CNW,TX,ASW,CE,Federal Contract Tower,0,0,6,4,10,0,0,19,0,19,0,0,25,4,29,52,16,68,97
09/12/2016,CNW,TX,ASW,CE,Federal Contract Tower,0,0,13,2,15,0,0,91,0,91,0,0,104,2,106,364,0,364,470
09/13/2016,CNW,TX,ASW,CE,Federal Contract Tower,0,0,16,0,16,0,0,92,0,92,0,0,108,0,108,304,0,304,412
09/14/2016,CNW,TX,ASW,CE,Federal Contract Tower,0,0,5,24,29,0,0,79,10,89,0,0,84,34,118,294,50,344,462
09/15/2016,CNW,TX,ASW,CE,Federal Contract Tower,0,0,5,28,33,0,0,109,3,112,0,0,114,31,145,216,36,252,397
09/16/2016,CNW,TX,ASW,CE,Federal Contract Tower,0,0,1,0,1,0,0,73,3,76,0,0,74,3,77,216,0,216,293
09/17/2016,CNW,TX,ASW,CE,Federal Contract Tower,0,0,4,0,4,0,0,39,0,39,0,0,43,0,43,186,0,186,229
09/18/2016,CNW,TX,ASW,CE,Federal Contract Tower,0,0,1,0,1,0,0,40,0,40,0,0,41,0,41,84,0,84,125
09/19/2016,CNW,TX,ASW,CE,Federal Contract Tower,0,0,10,16,26,0,0,103,0,103,0,0,113,16,129,426,10,436,565
09/20/2016,CNW,TX,ASW,CE,Federal Contract Tower,0,0,16,19,35,0,0,111,0,111,0,0,127,19,146,438,16,454,600
09/21/2016,CNW,TX,ASW,CE,Federal Contract Tower,0,0,32,21,53,0,0,99,0,99,0,0,131,21,152,446,10,456,608
09/22/2016,CNW,TX,ASW,CE,Federal Contract Tower,0,0,10,11,21,0,0,98,14,112,0,0,108,25,133,348,46,394,527
09/23/2016,CNW,TX,ASW,CE,Federal Contract Tower,0,0,17,16,33,0,0,90,1,91,0,0,107,17,124,310,8,318,442
09/24/2016,CNW,TX,ASW,CE,Federal Contract Tower,0,0,7,0,7,0,0,6,0,6,0,0,13,0,13,0,0,0,13
09/25/2016,CNW,TX,ASW,CE,Federal Contract Tower,0,0,2,0,2,0,0,0,0,0,0,0,2,0,2,0,0,0,2
09/26/2016,CNW,TX,ASW,CE,Federal Contract Tower,0,0,14,1,15,0,0,19,0,19,0,0,33,1,34,186,0,186,220
09/27/2016,CNW,TX,ASW,CE,Federal Contract Tower,0,0,8,2,10,0,0,99,0,99,0,0,107,2,109,332,0,332,441
09/28/2016,CNW,TX,ASW,CE,Federal Contract Tower,0,0,20,0,20,0,0,106,2,108,0,0,126,2,128,312,0,312,440
09/29/2016,CNW,TX,ASW,CE,Federal Contract Tower,0,0,1,3,4,0,0,129,1,130,0,0,130,4,134,298,10,308,442
09/30/2016,CNW,TX,ASW,CE,Federal Contract Tower,0,0,7,2,9,0,0,107,2,109,0,0,114,4,118,328,0,328,446
10/01/2016,CNW,TX,ASW,CE,Federal Contract Tower,0,0,1,0,1,0,0,21,2,23,0,0,22,2,24,32,22,54,78
10/02/2016,CNW,TX,ASW,CE,Federal Contract Tower,0,0,2,2,4,0,0,13,0,13,0,0,15,2,17,10,10,20,37
10/03/2016,CNW,TX,ASW,CE,Federal Contract Tower,0,0,16,8,24,0,0,105,1,106,0,0,121,9,130,432,34,466,596
10/04/2016,CNW,TX,ASW,CE,Federal Contract Tower,0,0,10,6,16,0,0,91,1,92,0,0,101,7,108,294,46,340,448
10/06/2016,CNW,TX,ASW,CE,Federal Contract Tower,0,0,13,12,25,0,0,65,4,69,0,0,78,16,94,318,10,328,422
10/07/2016,CNW,TX,ASW,CE,Federal Contract Tower,0,0,9,2,11,0,0,13,0,13,0,0,22,2,24,80,0,80,104
10/08/2016,CNW,TX,ASW,CE,Federal Contract Tower,0,0,3,1,4,0,0,164,0,164,0,0,167,1,168,8,0,8,176
10/09/2016,CNW,TX,ASW,CE,Federal Contract Tower,0,0,1,4,5,0,0,6,1,7,0,0,7,5,12,40,34,74,86
10/10/2016,CNW,TX,ASW,CE,Federal Contract Tower,0,0,11,0,11,0,0,95,4,99,0,0,106,4,110,504,32,536,646
10/11/2016,CNW,TX,ASW,CE,Federal Contract Tower,0,0,11,7,18,0,0,108,3,111,0,0,119,10,129,382,6,388,517
10/12/2016,CNW,TX,ASW,CE,Federal Contract Tower,0,0,16,2,18,0,0,71,1,72,0,0,87,3,90,160,0,160,250
10/13/2016,CNW,TX,ASW,CE,Federal Contract Tower,0,0,7,7,14,0,0,66,0,66,0,0,73,7,80,300,0,300,380
10/14/2016,CNW,TX,ASW,CE,Federal Contract Tower,0,0,16,1,17,0,0,50,2,52,0,0,66,3,69,156,0,156,225
10/15/2016,CNW,TX,ASW,CE,Federal Contract Tower,0,0,3,4,7,0,0,8,0,8,0,0,11,4,15,22,0,22,37
10/16/2016,CNW,TX,ASW,CE,Federal Contract Tower,0,0,3,1,4,0,0,16,0,16,0,0,19,1,20,4,0,4,24
10/17/2016,CNW,TX,ASW,CE,Federal Contract Tower,0,0,14,0,14,0,0,74,0,74,0,0,88,0,88,216,0,216,304
10/18/2016,CNW,TX,ASW,CE,Federal Contract Tower,0,0,5,4,9,0,0,86,0,86,0,0,91,4,95,292,0,292,387
10/19/2016,CNW,TX,ASW,CE,Federal Contract Tower,0,0,21,14,35,0,0,58,5,63,0,0,79,19,98,362,66,428,526
10/20/2016,CNW,TX,ASW,CE,Federal Contract Tower,0,0,10,24,34,0,0,44,11,55,0,0,54,35,89,146,116,262,351
10/21/2016,CNW,TX,ASW,CE,Federal Contract Tower,0,0,32,2,34,0,0,54,1,55,0,0,86,3,89,228,2,230,319
10/22/2016,CNW,TX,ASW,CE,Federal Contract Tower,0,0,4,0,4,0,0,23,0,23,0,0,27,0,27,98,0,98,125
10/23/2016,CNW,TX,ASW,CE,Federal Contract Tower,0,1,1,0,2,0,0,10,0,10,0,1,11,0,12,72,0,72,84
10/24/2016,CNW,TX,ASW,CE,Federal Contract Tower,0,0,4,5,9,0,0,78,3,81,0,0,82,8,90,164,20,184,274
10/25/2016,CNW,TX,ASW,CE,Federal Contract Tower,0,0,11,3,14,0,0,68,1,69,0,0,79,4,83,212,0,212,295
10/26/2016,CNW,TX,ASW,CE,Federal Contract Tower,0,0,12,0,12,0,0,90,1,91,0,0,102,1,103,238,0,238,341
10/27/2016,CNW,TX,ASW,CE,Federal Contract Tower,0,0,8,7,15,0,0,119,1,120,0,0,127,8,135,248,44,292,427
10/28/2016,CNW,TX,ASW,CE,Federal Contract Tower,0,0,13,20,33,0,0,68,3,71,0,0,81,23,104,282,82,364,468
10/29/2016,CNW,TX,ASW,CE,Federal Contract Tower,0,0,0,4,4,0,0,13,0,13,0,0,13,4,17,22,0,22,39
10/30/2016,CNW,TX,ASW,CE,Federal Contract Tower,0,0,3,0,3,0,0,14,0,14,0,0,17,0,17,14,0,14,31
10/31/2016,CNW,TX,ASW,CE,Federal Contract Tower,0,0,8,4,12,0,0,71,2,73,0,0,79,6,85,236,18,254,339
11/01/2016,CNW,TX,ASW,CE,Federal Contract Tower,0,0,12,9,21,0,0,50,0,50,0,0,62,9,71,248,10,258,329
11/02/2016,CNW,TX,ASW,CE,Federal Contract Tower,0,0,12,6,18,0,0,43,2,45,0,0,55,8,63,294,0,294,357
11/03/2016,CNW,TX,ASW,CE,Federal Contract Tower,0,0,9,10,19,0,0,9,0,9,0,0,18,10,28,60,20,80,108
11/04/2016,CNW,TX,ASW,CE,Federal Contract Tower,0,0,15,11,26,0,0,6,0,6,0,0,21,11,32,36,0,36,68
11/05/2016,CNW,TX,ASW,CE,Federal Contract Tower,0,0,4,0,4,0,1,7,0,8,0,1,11,0,12,36,0,36,48
11/06/2016,CNW,TX,ASW,CE,Federal Contract Tower,0,0,3,0,3,0,0,9,0,9,0,0,12,0,12,14,0,14,26
11/07/2016,CNW,TX,ASW,CE,Federal Contract Tower,0,0,9,14,23,0,0,0,0,0,0,0,9,14,23,0,0,0,23
11/08/2016,CNW,TX,ASW,CE,Federal Contract Tower,0,0,15,0,15,0,0,0,0,0,0,0,15,0,15,0,0,0,15
11/09/2016,CNW,TX,ASW,CE,Federal Contract Tower,0,0,14,7,21,0,0,48,1,49,0,0,62,8,70,394,22,416,486
11/10/2016,CNW,TX,ASW,CE,Federal Contract Tower,0,0,16,9,25,0,0,110,0,110,0,0,126,9,135,446,34,480,615
11/11/2016,CNW,TX,ASW,CE,Federal Contract Tower,0,0,4,2,6,0,0,106,0,106,0,0,110,2,112,364,14,378,490
11/12/2016,CNW,TX,ASW,CE,Federal Contract Tower,0,0,3,0,3,0,0,30,0,30,0,0,33,0,33,66,0,66,99
11/13/2016,CNW,TX,ASW,CE,Federal Contract Tower,0,0,0,0,0,0,0,8,0,8,0,0,8,0,8,60,0,60,68
11/14/2016,CNW,TX,ASW,CE,Federal Contract Tower,0,0,7,6,13,0,0,82,0,82,0,0,89,6,95,238,10,248,343
11/15/2016,CNW,TX,ASW,CE,Federal Contract Tower,0,0,9,7,16,0,0,112,4,116,0,0,121,11,132,328,42,370,502
11/16/2016,CNW,TX,ASW,CE,Federal Contract Tower,0,0,9,23,32,0,0,129,0,129,0,0,138,23,161,288,52,340,501
11/17/2016,CNW,TX,ASW,CE,Federal Contract Tower,0,0,14,11,25,0,0,53,3,56,0,0,67,14,81,282,66,348,429
11/18/2016,CNW,TX,ASW,CE,Federal Contract Tower,0,0,9,25,34,0,0,41,3,44,0,0,50,28,78,156,14,170,248
11/19/2016,CNW,TX,ASW,CE,Federal Contract Tower,0,0,1,9,10,0,0,42,1,43,0,0,43,10,53,56,0,56,109
11/20/2016,CNW,TX,ASW,CE,Federal Contract Tower,0,0,10,0,10,0,0,20,0,20,0,0,30,0,30,54,0,54,84
11/21/2016,CNW,TX,ASW,CE,Federal Contract Tower,0,0,10,8,18,0,0,81,3,84,0,0,91,11,102,286,22,308,410
11/22/2016,CNW,TX,ASW,CE,Federal Contract Tower,0,0,11,0,11,0,0,34,0,34,0,0,45,0,45,250,0,250,295
11/23/2016,CNW,TX,ASW,CE,Federal Contract Tower,0,0,6,6,12,0,0,99,0,99,0,0,105,6,111,208,38,246,357
11/24/2016,CNW,TX,ASW,CE,Federal Contract Tower,0,0,1,0,1,0,0,5,0,5,0,0,6,0,6,0,0,0,6
11/25/2016,CNW,TX,ASW,CE,Federal Contract Tower,0,0,1,0,1,0,0,11,0,11,0,0,12,0,12,36,0,36,48
11/26/2016,CNW,TX,ASW,CE,Federal Contract Tower,0,0,2,0,2,0,0,15,0,15,0,0,17,0,17,68,0,68,85
11/27/2016,CNW,TX,ASW,CE,Federal Contract Tower,0,0,4,0,4,0,0,10,0,10,0,0,14,0,14,54,0,54,68
11/28/2016,CNW,TX,ASW,CE,Federal Contract Tower,0,0,9,0,9,0,0,40,0,40,0,0,49,0,49,82,0,82,131
11/29/2016,CNW,TX,ASW,CE,Federal Contract Tower,0,0,15,16,31,0,0,90,0,90,0,0,105,16,121,318,72,390,511
11/30/2016,CNW,TX,ASW,CE,Federal Contract Tower,0,0,6,2,8,0,0,83,0,83,0,0,89,2,91,348,0,348,439
12/01/2016,CNW,TX,ASW,CE,Federal Contract Tower,0,0,8,5,13,0,0,85,0,85,0,0,93,5,98,196,0,196,294
12/02/2016,CNW,TX,ASW,CE,Federal Contract Tower,0,2,14,5,21,0,0,70,1,71,0,2,84,6,92,234,122,356,448
12/03/2016,CNW,TX,ASW,CE,Federal Contract Tower,0,0,0,4,4,0,0,0,0,0,0,0,0,4,4,0,0,0,4
12/04/2016,CNW,TX,ASW,CE,Federal Contract Tower,0,0,5,0,5,0,0,10,0,10,0,0,15,0,15,52,0,52,67
12/05/2016,CNW,TX,ASW,CE,Federal Contract Tower,0,0,15,4,19,0,0,3,0,3,0,0,18,4,22,24,0,24,46
12/06/2016,CNW,TX,ASW,CE,Federal Contract Tower,0,0,13,0,13,0,0,28,0,28,0,0,41,0,41,220,0,220,261
12/07/2016,CNW,TX,ASW,CE,Federal Contract Tower,0,0,21,2,23,0,0,55,2,57,0,0,76,4,80,358,20,378,458
12/08/2016,CNW,TX,ASW,CE,Federal Contract Tower,0,0,5,13,18,0,0,65,1,66,0,0,70,14,84,198,0,198,282
12/09/2016,CNW,TX,ASW,CE,Federal Contract Tower,0,0,6,2,8,0,2,82,4,88,0,2,88,6,96,348,44,392,488
12/10/2016,CNW,TX,ASW,CE,Federal Contract Tower,0,0,5,17,22,0,0,27,0,27,0,0,32,17,49,56,0,56,105
12/11/2016,CNW,TX,ASW,CE,Federal Contract Tower,0,0,0,6,6,0,0,6,0,6,0,0,6,6,12,40,0,40,52
12/12/2016,CNW,TX,ASW,CE,Federal Contract Tower,0,0,10,16,26,0,0,82,3,85,0,0,92,19,111,336,26,362,473
12/13/2016,CNW,TX,ASW,CE,Federal Contract Tower,0,0,13,15,28,0,0,9,0,9,0,0,22,15,37,18,38,56,93
12/14/2016,CNW,TX,ASW,CE,Federal Contract Tower,0,0,16,25,41,0,0,31,2,33,0,0,47,27,74,268,70,338,412
12/15/2016,CNW,TX,ASW,CE,Federal Contract Tower,0,0,9,1,10,0,0,35,3,38,0,0,44,4,48,198,6,204,252
12/16/2016,CNW,TX,ASW,CE,Federal Contract Tower,0,0,7,2,9,0,0,3,0,3,0,0,10,2,12,8,0,8,20
12/17/2016,CNW,TX,ASW,CE,Federal Contract Tower,0,0,10,3,13,0,0,6,1,7,0,0,16,4,20,16,0,16,36
12/18/2016,CNW,TX,ASW,CE,Federal Contract Tower,0,0,0,0,0,0,0,6,0,6,0,0,6,0,6,8,0,8,14
12/19/2016,CNW,TX,ASW,CE,Federal Contract Tower,0,0,11,2,13,0,0,55,3,58,0,0,66,5,71,126,0,126,197
12/20/2016,CNW,TX,ASW,CE,Federal Contract Tower,0,0,10,3,13,0,0,71,2,73,0,0,81,5,86,212,20,232,318
12/21/2016,CNW,TX,ASW,CE,Federal Contract Tower,0,0,4,11,15,0,0,53,0,53,0,0,57,11,68,128,52,180,248
12/22/2016,CNW,TX,ASW,CE,Federal Contract Tower,0,0,8,3,11,0,0,55,3,58,0,0,63,6,69,106,8,114,183
12/23/2016,CNW,TX,ASW,CE,Federal Contract Tower,0,0,0,0,0,0,0,0,0,0,0,0,0,0,0,0,0,0,0
12/24/2016,CNW,TX,ASW,CE,Federal Contract Tower,0,0,0,0,0,0,0,0,0,0,0,0,0,0,0,0,0,0,0
12/25/2016,CNW,TX,ASW,CE,Federal Contract Tower,0,0,0,0,0,0,0,0,0,0,0,0,0,0,0,0,0,0,0
12/26/2016,CNW,TX,ASW,CE,Federal Contract Tower,0,0,1,0,1,0,1,4,0,5,0,1,5,0,6,0,0,0,6
12/27/2016,CNW,TX,ASW,CE,Federal Contract Tower,0,0,4,0,4,0,2,27,0,29,0,2,31,0,33,74,0,74,107
12/28/2016,CNW,TX,ASW,CE,Federal Contract Tower,0,0,8,0,8,0,0,10,0,10,0,0,18,0,18,6,0,6,24
12/29/2016,CNW,TX,ASW,CE,Federal Contract Tower,0,0,0,0,0,0,0,21,2,23,0,0,21,2,23,18,0,18,41
12/30/2016,CNW,TX,ASW,CE,Federal Contract Tower,0,0,4,0,4,0,0,10,0,10,0,0,14,0,14,22,0,22,36
12/31/2016,CNW,TX,ASW,CE,Federal Contract Tower,0,0,1,0,1,0,0,8,0,8,0,0,9,0,9,10,0,10,19
01/01/2017,CNW,TX,ASW,CE,Federal Contract Tower,0,0,0,0,0,0,0,4,0,4,0,0,4,0,4,0,0,0,4
01/02/2017,CNW,TX,ASW,CE,Federal Contract Tower,0,0,0,0,0,0,0,26,0,26,0,0,26,0,26,62,0,62,88
01/03/2017,CNW,TX,ASW,CE,Federal Contract Tower,0,0,12,3,15,0,2,39,0,41,0,2,51,3,56,74,0,74,130
01/04/2017,CNW,TX,ASW,CE,Federal Contract Tower,0,0,7,16,23,0,0,50,2,52,0,0,57,18,75,144,12,156,231
01/05/2017,CNW,TX,ASW,CE,Federal Contract Tower,0,0,7,5,12,0,0,21,2,23,0,0,28,7,35,250,80,330,365
01/06/2017,CNW,TX,ASW,CE,Federal Contract Tower,0,0,3,1,4,0,0,22,0,22,0,0,25,1,26,84,0,84,110
01/07/2017,CNW,TX,ASW,CE,Federal Contract Tower,0,0,3,0,3,0,0,17,0,17,0,0,20,0,20,16,0,16,36
01/08/2017,CNW,TX,ASW,CE,Federal Contract Tower,0,0,1,0,1,0,0,13,0,13,0,0,14,0,14,0,0,0,14
01/09/2017,CNW,TX,ASW,CE,Federal Contract Tower,0,0,8,19,27,0,0,38,3,41,0,0,46,22,68,118,72,190,258
01/10/2017,CNW,TX,ASW,CE,Federal Contract Tower,0,0,5,8,13,0,0,45,6,51,0,0,50,14,64,148,56,204,268
01/11/2017,CNW,TX,ASW,CE,Federal Contract Tower,0,0,5,3,8,0,0,19,0,19,0,0,24,3,27,134,10,144,171
01/12/2017,CNW,TX,ASW,CE,Federal Contract Tower,0,0,13,16,29,0,0,57,7,64,0,0,70,23,93,338,60,398,491
01/13/2017,CNW,TX,ASW,CE,Federal Contract Tower,0,0,4,0,4,0,0,0,0,0,0,0,4,0,4,0,0,0,4
01/14/2017,CNW,TX,ASW,CE,Federal Contract Tower,0,0,0,0,0,0,0,0,0,0,0,0,0,0,0,0,0,0,0
01/15/2017,CNW,TX,ASW,CE,Federal Contract Tower,0,0,1,0,1,0,0,1,0,1,0,0,2,0,2,0,0,0,2
01/16/2017,CNW,TX,ASW,CE,Federal Contract Tower,0,0,8,0,8,0,0,67,2,69,0,0,75,2,77,324,0,324,401
01/17/2017,CNW,TX,ASW,CE,Federal Contract Tower,0,0,5,9,14,0,0,50,0,50,0,0,55,9,64,156,62,218,282
01/18/2017,CNW,TX,ASW,CE,Federal Contract Tower,0,0,2,0,2,0,0,0,0,0,0,0,2,0,2,0,0,0,2
01/19/2017,CNW,TX,ASW,CE,Federal Contract Tower,0,0,10,20,30,0,0,67,4,71,0,0,77,24,101,116,72,188,289
01/20/2017,CNW,TX,ASW,CE,Federal Contract Tower,0,0,10,11,21,0,0,95,1,96,0,0,105,12,117,374,0,374,491
01/21/2017,CNW,TX,ASW,CE,Federal Contract Tower,0,0,6,0,6,0,1,4,0,5,0,1,10,0,11,38,0,38,49
01/22/2017,CNW,TX,ASW,CE,Federal Contract Tower,0,0,0,2,2,0,2,4,0,6,0,2,4,2,8,16,0,16,24
01/23/2017,CNW,TX,ASW,CE,Federal Contract Tower,0,0,4,16,20,0,0,126,5,131,0,0,130,21,151,530,48,578,729
01/24/2017,CNW,TX,ASW,CE,Federal Contract Tower,0,0,7,25,32,0,0,74,4,78,0,0,81,29,110,220,122,342,452
01/25/2017,CNW,TX,ASW,CE,Federal Contract Tower,0,0,9,16,25,0,0,94,6,100,0,0,103,22,125,286,50,336,461
01/26/2017,CNW,TX,ASW,CE,Federal Contract Tower,0,0,8,1,9,0,0,109,7,116,0,0,117,8,125,310,0,310,435
01/27/2017,CNW,TX,ASW,CE,Federal Contract Tower,0,0,10,20,30,0,0,97,5,102,0,0,107,25,132,212,132,344,476
01/28/2017,CNW,TX,ASW,CE,Federal Contract Tower,0,0,0,0,0,0,0,38,0,38,0,0,38,0,38,34,0,34,72
01/29/2017,CNW,TX,ASW,CE,Federal Contract Tower,0,0,0,0,0,0,0,19,0,19,0,0,19,0,19,22,0,22,41
01/30/2017,CNW,TX,ASW,CE,Federal Contract Tower,0,0,14,4,18,0,0,114,2,116,0,0,128,6,134,422,26,448,582
01/31/2017,CNW,TX,ASW,CE,Federal Contract Tower,0,0,12,22,34,0,0,103,6,109,0,0,115,28,143,368,40,408,551
02/01/2017,CNW,TX,ASW,CE,Federal Contract Tower,0,0,13,32,45,0,0,83,0,83,0,0,96,32,128,376,62,438,566
02/02/2017,CNW,TX,ASW,CE,Federal Contract Tower,0,0,12,8,20,0,0,50,0,50,0,0,62,8,70,262,0,262,332
02/03/2017,CNW,TX,ASW,CE,Federal Contract Tower,0,0,13,11,24,0,0,59,0,59,0,0,72,11,83,316,18,334,417
02/04/2017,CNW,TX,ASW,CE,Federal Contract Tower,0,0,7,0,7,0,0,5,0,5,0,0,12,0,12,30,0,30,42
02/05/2017,CNW,TX,ASW,CE,Federal Contract Tower,0,0,3,0,3,0,0,2,0,2,0,0,5,0,5,28,0,28,33
02/06/2017,CNW,TX,ASW,CE,Federal Contract Tower,0,0,15,8,23,0,0,32,0,32,0,0,47,8,55,282,0,282,337
02/07/2017,CNW,TX,ASW,CE,Federal Contract Tower,0,0,11,22,33,0,0,92,1,93,0,0,103,23,126,190,184,374,500
02/08/2017,CNW,TX,ASW,CE,Federal Contract Tower,0,0,7,8,15,0,0,72,0,72,0,0,79,8,87,214,30,244,331
02/09/2017,CNW,TX,ASW,CE,Federal Contract Tower,0,0,4,5,9,0,0,99,0,99,0,0,103,5,108,450,74,524,632
02/10/2017,CNW,TX,ASW,CE,Federal Contract Tower,0,0,20,4,24,0,2,67,0,69,0,2,87,4,93,256,0,256,349
02/11/2017,CNW,TX,ASW,CE,Federal Contract Tower,0,0,2,1,3,0,0,18,1,19,0,0,20,2,22,54,6,60,82
02/12/2017,CNW,TX,ASW,CE,Federal Contract Tower,0,0,7,0,7,0,0,6,0,6,0,0,13,0,13,16,0,16,29
02/13/2017,CNW,TX,ASW,CE,Federal Contract Tower,0,0,15,24,39,0,0,64,0,64,0,0,79,24,103,338,0,338,441
02/14/2017,CNW,TX,ASW,CE,Federal Contract Tower,0,0,6,0,6,0,0,15,0,15,0,0,21,0,21,38,0,38,59
02/15/2017,CNW,TX,ASW,CE,Federal Contract Tower,0,0,6,4,10,0,0,109,0,109,0,0,115,4,119,296,14,310,429
02/16/2017,CNW,TX,ASW,CE,Federal Contract Tower,0,0,14,6,20,0,0,100,2,102,0,0,114,8,122,288,4,292,414
02/17/2017,CNW,TX,ASW,CE,Federal Contract Tower,0,0,8,3,11,0,0,92,1,93,0,0,100,4,104,307,24,331,435
02/18/2017,CNW,TX,ASW,CE,Federal Contract Tower,0,0,6,0,6,0,0,32,0,32,0,0,38,0,38,118,0,118,156
02/19/2017,CNW,TX,ASW,CE,Federal Contract Tower,0,0,2,0,2,0,0,1,0,1,0,0,3,0,3,38,0,38,41
02/20/2017,CNW,TX,ASW,CE,Federal Contract Tower,0,0,8,2,10,0,0,12,2,14,0,0,20,4,24,126,0,126,150
02/21/2017,CNW,TX,ASW,CE,Federal Contract Tower,0,0,8,3,11,0,0,103,2,105,0,0,111,5,116,194,30,224,340
02/22/2017,CNW,TX,ASW,CE,Federal Contract Tower,0,0,16,18,34,0,0,107,1,108,0,0,123,19,142,380,38,418,560
02/23/2017,CNW,TX,ASW,CE,Federal Contract Tower,0,0,9,8,17,0,0,87,1,88,0,0,96,9,105,180,20,200,305
02/24/2017,CNW,TX,ASW,CE,Federal Contract Tower,0,0,8,12,20,0,0,78,0,78,0,0,86,12,98,210,8,218,316
02/25/2017,CNW,TX,ASW,CE,Federal Contract Tower,0,0,2,0,2,0,0,19,0,19,0,0,21,0,21,34,0,34,55
02/26/2017,CNW,TX,ASW,CE,Federal Contract Tower,0,0,2,0,2,0,0,5,0,5,0,0,7,0,7,0,0,0,7
02/27/2017,CNW,TX,ASW,CE,Federal Contract Tower,0,0,9,9,18,0,0,44,0,44,0,0,53,9,62,248,6,254,316
02/28/2017,CNW,TX,ASW,CE,Federal Contract Tower,0,0,11,4,15,0,0,44,0,44,0,0,55,4,59,92,0,92,151
03/01/2017,CNW,TX,ASW,CE,Federal Contract Tower,0,0,15,23,38,0,0,66,6,72,0,0,81,29,110,200,100,300,410
03/02/2017,CNW,TX,ASW,CE,Federal Contract Tower,0,0,7,12,19,0,0,96,0,96,0,0,103,12,115,304,32,336,451
03/03/2017,CNW,TX,ASW,CE,Federal Contract Tower,0,0,13,10,23,0,0,90,2,92,0,0,103,12,115,262,14,276,391
03/04/2017,CNW,TX,ASW,CE,Federal Contract Tower,0,0,5,0,5,0,0,10,0,10,0,0,15,0,15,48,0,48,63
03/05/2017,CNW,TX,ASW,CE,Federal Contract Tower,0,0,1,0,1,0,0,0,0,0,0,0,1,0,1,0,0,0,1
03/06/2017,CNW,TX,ASW,CE,Federal Contract Tower,0,0,10,13,23,0,0,33,0,33,0,0,43,13,56,68,12,80,136
03/07/2017,CNW,TX,ASW,CE,Federal Contract Tower,0,0,6,12,18,0,0,37,2,39,0,0,43,14,57,46,14,60,117
03/08/2017,CNW,TX,ASW,CE,Federal Contract Tower,0,0,21,1,22,0,0,85,0,85,0,0,106,1,107,422,0,422,529
03/09/2017,CNW,TX,ASW,CE,Federal Contract Tower,0,0,10,5,15,0,0,24,0,24,0,0,34,5,39,220,0,220,259
03/10/2017,CNW,TX,ASW,CE,Federal Contract Tower,0,0,4,2,6,0,0,39,1,40,0,0,43,3,46,202,0,202,248
03/11/2017,CNW,TX,ASW,CE,Federal Contract Tower,0,0,0,11,11,0,0,3,0,3,0,0,3,11,14,28,0,28,42
03/12/2017,CNW,TX,ASW,CE,Federal Contract Tower,0,0,1,3,4,0,0,6,0,6,0,0,7,3,10,78,18,96,106
03/13/2017,CNW,TX,ASW,CE,Federal Contract Tower,0,0,8,7,15,0,0,33,4,37,0,0,41,11,52,250,18,268,320
03/14/2017,CNW,TX,ASW,CE,Federal Contract Tower,0,0,13,3,16,0,0,114,0,114,0,0,127,3,130,562,0,562,692
03/15/2017,CNW,TX,ASW,CE,Federal Contract Tower,0,0,6,3,9,0,0,120,0,120,0,0,126,3,129,214,40,254,383
03/16/2017,CNW,TX,ASW,CE,Federal Contract Tower,0,0,12,6,18,0,0,10,0,10,0,0,22,6,28,56,0,56,84
03/17/2017,CNW,TX,ASW,CE,Federal Contract Tower,0,0,5,8,13,0,0,37,0,37,0,0,42,8,50,50,0,50,100
03/18/2017,CNW,TX,ASW,CE,Federal Contract Tower,0,1,1,0,2,0,1,42,2,45,0,2,43,2,47,88,0,88,135
03/19/2017,CNW,TX,ASW,CE,Federal Contract Tower,0,1,1,3,5,0,0,34,2,36,0,1,35,5,41,116,0,116,157
03/20/2017,CNW,TX,ASW,CE,Federal Contract Tower,0,1,13,22,36,0,0,101,0,101,0,1,114,22,137,332,0,332,469
03/21/2017,CNW,TX,ASW,CE,Federal Contract Tower,0,1,16,18,35,0,0,65,2,67,0,1,81,20,102,292,50,342,444
03/22/2017,CNW,TX,ASW,CE,Federal Contract Tower,0,0,18,17,35,0,0,0,0,0,0,0,18,17,35,474,10,484,519
03/23/2017,CNW,TX,ASW,CE,Federal Contract Tower,0,0,9,18,27,0,0,46,15,61,0,0,55,33,88,256,192,448,536
03/24/2017,CNW,TX,ASW,CE,Federal Contract Tower,0,0,3,13,16,0,0,36,1,37,0,0,39,14,53,204,24,228,281
03/25/2017,CNW,TX,ASW,CE,Federal Contract Tower,0,0,3,2,5,0,0,45,0,45,0,0,48,2,50,208,16,224,274
03/26/2017,CNW,TX,ASW,CE,Federal Contract Tower,0,0,1,0,1,0,0,12,0,12,0,0,13,0,13,20,0,20,33
03/27/2017,CNW,TX,ASW,CE,Federal Contract Tower,0,0,20,7,27,0,0,67,1,68,0,0,87,8,95,306,14,320,415
03/28/2017,CNW,TX,ASW,CE,Federal Contract Tower,0,0,11,10,21,0,0,52,0,52,0,0,63,10,73,230,0,230,303
03/29/2017,CNW,TX,ASW,CE,Federal Contract Tower,0,0,2,21,23,0,0,109,3,112,0,0,111,24,135,324,92,416,551
03/30/2017,CNW,TX,ASW,CE,Federal Contract Tower,0,0,8,7,15,0,0,115,4,119,0,0,123,11,134,384,100,484,618
03/31/2017,CNW,TX,ASW,CE,Federal Contract Tower,0,0,19,13,32,0,0,100,1,101,0,0,119,14,133,346,34,380,513
04/01/2017,CNW,TX,ASW,CE,Federal Contract Tower,0,0,2,0,2,0,0,4,0,4,0,0,6,0,6,0,0,0,6
04/02/2017,CNW,TX,ASW,CE,Federal Contract Tower,0,0,0,0,0,0,0,0,0,0,0,0,0,0,0,0,0,0,0
04/03/2017,CNW,TX,ASW,CE,Federal Contract Tower,0,0,11,32,43,0,0,96,4,100,0,0,107,36,143,392,96,488,631
04/04/2017,CNW,TX,ASW,CE,Federal Contract Tower,0,0,9,29,38,0,0,76,0,76,0,0,85,29,114,330,72,402,516
04/05/2017,CNW,TX,ASW,CE,Federal Contract Tower,0,0,6,10,16,0,0,81,0,81,0,0,87,10,97,194,58,252,349
04/06/2017,CNW,TX,ASW,CE,Federal Contract Tower,0,0,16,12,28,0,0,87,4,91,0,0,103,16,119,302,48,350,469
04/07/2017,CNW,TX,ASW,CE,Federal Contract Tower,0,0,12,20,32,0,0,91,1,92,0,0,103,21,124,218,16,234,358
04/08/2017,CNW,TX,ASW,CE,Federal Contract Tower,0,0,3,0,3,0,0,9,0,9,0,0,12,0,12,0,0,0,12
04/09/2017,CNW,TX,ASW,CE,Federal Contract Tower,0,0,3,0,3,0,0,16,0,16,0,0,19,0,19,18,0,18,37
04/10/2017,CNW,TX,ASW,CE,Federal Contract Tower,0,0,14,1,15,0,0,42,1,43,0,0,56,2,58,244,0,244,302
04/11/2017,CNW,TX,ASW,CE,Federal Contract Tower,0,0,2,3,5,0,0,6,0,6,0,0,8,3,11,68,0,68,79
04/12/2017,CNW,TX,ASW,CE,Federal Contract Tower,0,0,9,9,18,0,0,46,0,46,0,0,55,9,64,284,38,322,386
04/13/2017,CNW,TX,ASW,CE,Federal Contract Tower,0,0,7,17,24,0,0,48,0,48,0,0,55,17,72,172,34,206,278
04/14/2017,CNW,TX,ASW,CE,Federal Contract Tower,0,0,10,15,25,0,0,61,1,62,0,0,71,16,87,154,0,154,241
04/15/2017,CNW,TX,ASW,CE,Federal Contract Tower,0,0,7,0,7,0,0,63,0,63,0,0,70,0,70,22,0,22,92
04/16/2017,CNW,TX,ASW,CE,Federal Contract Tower,0,0,6,0,6,0,0,2,0,2,0,0,8,0,8,0,0,0,8
04/17/2017,CNW,TX,ASW,CE,Federal Contract Tower,0,0,19,9,28,0,0,37,2,39,0,0,56,11,67,218,76,294,361
04/18/2017,CNW,TX,ASW,CE,Federal Contract Tower,0,0,13,0,13,0,0,21,0,21,0,0,34,0,34,107,0,107,141
04/19/2017,CNW,TX,ASW,CE,Federal Contract Tower,0,0,33,19,52,0,0,79,0,79,0,0,112,19,131,266,22,288,419
04/20/2017,CNW,TX,ASW,CE,Federal Contract Tower,0,0,19,7,26,0,0,80,3,83,0,0,99,10,109,220,12,232,341
04/21/2017,CNW,TX,ASW,CE,Federal Contract Tower,0,0,14,4,18,0,1,68,1,70,0,1,82,5,88,252,2,254,342
04/22/2017,CNW,TX,ASW,CE,Federal Contract Tower,0,0,3,0,3,0,0,9,0,9,0,0,12,0,12,0,0,0,12
04/23/2017,CNW,TX,ASW,CE,Federal Contract Tower,0,0,2,4,6,0,0,35,0,35,0,0,37,4,41,44,0,44,85
04/24/2017,CNW,TX,ASW,CE,Federal Contract Tower,0,0,16,28,44,0,0,105,0,105,0,0,121,28,149,342,28,370,519
04/25/2017,CNW,TX,ASW,CE,Federal Contract Tower,0,0,8,48,56,0,0,43,0,43,0,0,51,48,99,108,38,146,245
04/26/2017,CNW,TX,ASW,CE,Federal Contract Tower,0,0,8,43,51,0,0,42,1,43,0,0,50,44,94,68,42,110,204
04/27/2017,CNW,TX,ASW,CE,Federal Contract Tower,0,0,19,8,27,0,2,0,0,2,0,2,19,8,29,254,24,278,307
04/28/2017,CNW,TX,ASW,CE,Federal Contract Tower,0,0,14,23,37,0,0,53,0,53,0,0,67,23,90,140,124,264,354
04/29/2017,CNW,TX,ASW,CE,Federal Contract Tower,0,0,0,0,0,0,0,1,0,1,0,0,1,0,1,2,0,2,3
04/30/2017,CNW,TX,ASW,CE,Federal Contract Tower,0,0,0,2,2,0,0,2,0,2,0,0,2,2,4,0,0,0,4
05/01/2017,CNW,TX,ASW,CE,Federal Contract Tower,0,0,7,5,12,0,0,63,0,63,0,0,70,5,75,202,2,204,279
05/02/2017,CNW,TX,ASW,CE,Federal Contract Tower,0,0,14,46,60,0,0,73,3,76,0,0,87,49,136,186,48,234,370
05/03/2017,CNW,TX,ASW,CE,Federal Contract Tower,0,0,3,13,16,0,0,13,0,13,0,0,16,13,29,68,0,68,97
05/04/2017,CNW,TX,ASW,CE,Federal Contract Tower,0,0,3,20,23,0,0,48,7,55,0,0,51,27,78,108,56,164,242
05/05/2017,CNW,TX,ASW,CE,Federal Contract Tower,0,0,2,35,37,0,0,85,4,89,0,0,87,39,126,218,80,298,424
05/06/2017,CNW,TX,ASW,CE,Federal Contract Tower,0,0,1,4,5,1,0,38,1,40,1,0,39,5,45,46,0,46,91
05/07/2017,CNW,TX,ASW,CE,Federal Contract Tower,0,0,0,16,16,0,0,41,1,42,0,0,41,17,58,22,4,26,84
05/08/2017,CNW,TX,ASW,CE,Federal Contract Tower,0,0,9,24,33,0,0,52,0,52,0,0,61,24,85,156,10,166,251
05/09/2017,CNW,TX,ASW,CE,Federal Contract Tower,0,0,20,7,27,0,0,43,2,45,0,0,63,9,72,116,12,128,200
05/10/2017,CNW,TX,ASW,CE,Federal Contract Tower,0,0,16,7,23,0,0,29,0,29,0,0,45,7,52,178,4,182,234
05/11/2017,CNW,TX,ASW,CE,Federal Contract Tower,0,0,14,6,20,0,0,43,0,43,0,0,57,6,63,158,46,204,267
05/12/2017,CNW,TX,ASW,CE,Federal Contract Tower,0,0,12,17,29,0,0,95,0,95,0,0,107,17,124,220,16,236,360
05/13/2017,CNW,TX,ASW,CE,Federal Contract Tower,0,0,0,0,0,0,0,54,0,54,0,0,54,0,54,0,0,0,54
05/14/2017,CNW,TX,ASW,CE,Federal Contract Tower,0,0,11,0,11,0,0,22,0,22,0,0,33,0,33,12,0,12,45
05/15/2017,CNW,TX,ASW,CE,Federal Contract Tower,0,0,13,18,31,0,0,75,1,76,0,0,88,19,107,298,34,332,439
05/16/2017,CNW,TX,ASW,CE,Federal Contract Tower,0,0,19,14,33,0,0,52,1,53,0,0,71,15,86,318,36,354,440
05/17/2017,CNW,TX,ASW,CE,Federal Contract Tower,0,0,24,47,71,0,0,53,1,54,0,0,77,48,125,148,124,272,397
05/18/2017,CNW,TX,ASW,CE,Federal Contract Tower,0,0,15,11,26,0,0,32,2,34,0,0,47,13,60,170,14,184,244
05/19/2017,CNW,TX,ASW,CE,Federal Contract Tower,0,0,10,6,16,0,0,33,0,33,0,0,43,6,49,120,0,120,169
05/20/2017,CNW,TX,ASW,CE,Federal Contract Tower,0,0,6,0,6,0,0,5,0,5,0,0,11,0,11,20,0,20,31
05/21/2017,CNW,TX,ASW,CE,Federal Contract Tower,0,0,1,0,1,0,0,6,0,6,0,0,7,0,7,0,0,0,7
05/22/2017,CNW,TX,ASW,CE,Federal Contract Tower,0,0,14,0,14,0,0,16,0,16,0,0,30,0,30,154,0,154,184
05/23/2017,CNW,TX,ASW,CE,Federal Contract Tower,0,0,8,5,13,0,0,25,0,25,0,0,33,5,38,184,0,184,222
05/24/2017,CNW,TX,ASW,CE,Federal Contract Tower,0,0,10,15,25,0,0,126,8,134,0,0,136,23,159,370,34,404,563
05/25/2017,CNW,TX,ASW,CE,Federal Contract Tower,0,0,16,0,16,0,0,74,0,74,0,0,90,0,90,278,0,278,368
05/26/2017,CNW,TX,ASW,CE,Federal Contract Tower,0,0,15,31,46,0,0,51,1,52,0,0,66,32,98,218,52,270,368
05/27/2017,CNW,TX,ASW,CE,Federal Contract Tower,0,0,4,0,4,0,0,13,0,13,0,0,17,0,17,18,0,18,35
05/28/2017,CNW,TX,ASW,CE,Federal Contract Tower,0,0,2,0,2,0,0,2,0,2,0,0,4,0,4,0,0,0,4
05/29/2017,CNW,TX,ASW,CE,Federal Contract Tower,0,0,6,0,6,0,0,21,0,21,0,0,27,0,27,154,0,154,181
05/30/2017,CNW,TX,ASW,CE,Federal Contract Tower,0,0,11,10,21,0,0,80,3,83,0,0,91,13,104,292,30,322,426
05/31/2017,CNW,TX,ASW,CE,Federal Contract Tower,0,0,9,49,58,0,0,80,22,102,0,0,89,71,160,600,140,740,900
06/01/2017,CNW,TX,ASW,CE,Federal Contract Tower,0,0,22,28,50,0,0,93,16,109,0,0,115,44,159,210,148,358,517
06/02/2017,CNW,TX,ASW,CE,Federal Contract Tower,0,0,9,46,55,0,0,36,0,36,0,0,45,46,91,176,20,196,287
06/03/2017,CNW,TX,ASW,CE,Federal Contract Tower,0,0,1,0,1,0,0,8,0,8,0,0,9,0,9,20,0,20,29
06/04/2017,CNW,TX,ASW,CE,Federal Contract Tower,0,0,4,6,10,0,0,11,0,11,0,0,15,6,21,12,16,28,49
06/05/2017,CNW,TX,ASW,CE,Federal Contract Tower,0,0,7,26,33,0,0,14,0,14,0,0,21,26,47,106,0,106,153
06/06/2017,CNW,TX,ASW,CE,Federal Contract Tower,0,0,23,8,31,0,0,66,2,68,0,0,89,10,99,207,44,251,350
06/07/2017,CNW,TX,ASW,CE,Federal Contract Tower,0,0,14,6,20,0,0,95,4,99,0,0,109,10,119,198,40,238,357
06/08/2017,CNW,TX,ASW,CE,Federal Contract Tower,0,0,8,19,27,0,0,114,3,117,0,0,122,22,144,432,36,468,612
06/09/2017,CNW,TX,ASW,CE,Federal Contract Tower,0,0,10,6,16,0,0,44,0,44,0,0,54,6,60,238,0,238,298
06/10/2017,CNW,TX,ASW,CE,Federal Contract Tower,0,0,6,14,20,0,0,48,0,48,0,0,54,14,68,72,0,72,140
06/11/2017,CNW,TX,ASW,CE,Federal Contract Tower,0,0,5,6,11,0,0,5,0,5,0,0,10,6,16,6,0,6,22
06/12/2017,CNW,TX,ASW,CE,Federal Contract Tower,0,0,23,18,41,0,7,55,3,65,0,7,78,21,106,292,30,322,428
06/13/2017,CNW,TX,ASW,CE,Federal Contract Tower,0,0,20,11,31,0,0,73,0,73,0,0,93,11,104,274,28,302,406
06/14/2017,CNW,TX,ASW,CE,Federal Contract Tower,0,0,20,34,54,0,0,52,2,54,0,0,72,36,108,216,10,226,334
06/15/2017,CNW,TX,ASW,CE,Federal Contract Tower,0,0,17,47,64,0,0,56,6,62,0,0,73,53,126,414,180,594,720
06/16/2017,CNW,TX,ASW,CE,Federal Contract Tower,0,0,15,4,19,0,0,62,0,62,0,0,77,4,81,138,6,144,225
06/17/2017,CNW,TX,ASW,CE,Federal Contract Tower,0,0,3,33,36,0,0,9,3,12,0,0,12,36,48,14,12,26,74
06/18/2017,CNW,TX,ASW,CE,Federal Contract Tower,0,0,2,2,4,0,0,7,0,7,0,0,9,2,11,0,0,0,11
06/19/2017,CNW,TX,ASW,CE,Federal Contract Tower,0,0,2,1,3,0,0,36,0,36,0,0,38,1,39,220,0,220,259
06/20/2017,CNW,TX,ASW,CE,Federal Contract Tower,0,0,26,0,26,0,0,38,0,38,0,0,64,0,64,162,0,162,226
06/21/2017,CNW,TX,ASW,CE,Federal Contract Tower,0,0,12,9,21,0,0,82,2,84,0,0,94,11,105,296,32,328,433
06/22/2017,CNW,TX,ASW,CE,Federal Contract Tower,0,0,13,7,20,0,0,38,0,38,0,0,51,7,58,304,28,332,390
06/23/2017,CNW,TX,ASW,CE,Federal Contract Tower,0,0,26,3,29,0,0,60,0,60,0,0,86,3,89,56,8,64,153
06/24/2017,CNW,TX,ASW,CE,Federal Contract Tower,0,0,1,0,1,0,0,2,0,2,0,0,3,0,3,4,0,4,7
06/25/2017,CNW,TX,ASW,CE,Federal Contract Tower,0,0,1,8,9,0,0,6,0,6,0,0,7,8,15,0,30,30,45
06/26/2017,CNW,TX,ASW,CE,Federal Contract Tower,0,0,8,4,12,0,0,33,0,33,0,0,41,4,45,288,12,300,345
06/27/2017,CNW,TX,ASW,CE,Federal Contract Tower,0,0,14,42,56,0,0,80,0,80,0,0,94,42,136,370,38,408,544
06/28/2017,CNW,TX,ASW,CE,Federal Contract Tower,0,0,30,35,65,0,0,54,6,60,0,0,84,41,125,346,66,412,537
06/29/2017,CNW,TX,ASW,CE,Federal Contract Tower,0,0,16,22,38,0,0,51,6,57,0,0,67,28,95,142,50,192,287
06/30/2017,CNW,TX,ASW,CE,Federal Contract Tower,0,0,9,13,22,0,0,36,0,36,0,0,45,13,58,156,36,192,250
07/01/2017,CNW,TX,ASW,CE,Federal Contract Tower,0,0,3,0,3,0,0,2,0,2,0,0,5,0,5,0,0,0,5
07/02/2017,CNW,TX,ASW,CE,Federal Contract Tower,0,0,1,0,1,0,0,5,0,5,0,0,6,0,6,0,0,0,6
07/03/2017,CNW,TX,ASW,CE,Federal Contract Tower,0,1,10,0,11,0,0,29,0,29,0,1,39,0,40,94,0,94,134
07/04/2017,CNW,TX,ASW,CE,Federal Contract Tower,0,2,4,0,6,0,0,11,0,11,0,2,15,0,17,0,0,0,17
07/05/2017,CNW,TX,ASW,CE,Federal Contract Tower,0,0,14,8,22,0,0,60,2,62,0,0,74,10,84,112,70,182,266
07/06/2017,CNW,TX,ASW,CE,Federal Contract Tower,0,0,8,16,24,0,0,103,11,114,0,0,111,27,138,353,46,399,537
07/07/2017,CNW,TX,ASW,CE,Federal Contract Tower,0,0,7,32,39,0,0,61,5,66,0,0,68,37,105,164,80,244,349
07/08/2017,CNW,TX,ASW,CE,Federal Contract Tower,0,0,5,29,34,0,0,24,1,25,0,0,29,30,59,0,4,4,63
07/09/2017,CNW,TX,ASW,CE,Federal Contract Tower,0,0,2,0,2,0,0,11,0,11,0,0,13,0,13,2,0,2,15
07/10/2017,CNW,TX,ASW,CE,Federal Contract Tower,0,0,9,21,30,0,0,68,2,70,0,0,77,23,100,232,28,260,360
07/11/2017,CNW,TX,ASW,CE,Federal Contract Tower,0,0,2,31,33,0,0,64,0,64,0,0,66,31,97,158,166,324,421
07/12/2017,CNW,TX,ASW,CE,Federal Contract Tower,0,0,6,12,18,0,0,71,8,79,0,0,77,20,97,208,72,280,377
07/13/2017,CNW,TX,ASW,CE,Federal Contract Tower,0,0,1,28,29,0,0,69,3,72,0,0,70,31,101,172,62,234,335
07/14/2017,CNW,TX,ASW,CE,Federal Contract Tower,0,0,12,33,45,0,0,58,2,60,0,0,70,35,105,296,100,396,501
07/15/2017,CNW,TX,ASW,CE,Federal Contract Tower,0,0,3,6,9,0,0,17,0,17,0,0,20,6,26,40,0,40,66
07/16/2017,CNW,TX,ASW,CE,Federal Contract Tower,0,0,0,1,1,0,0,11,0,11,0,0,11,1,12,10,0,10,22
07/17/2017,CNW,TX,ASW,CE,Federal Contract Tower,0,0,7,21,28,0,0,48,4,52,0,0,55,25,80,160,66,226,306
07/18/2017,CNW,TX,ASW,CE,Federal Contract Tower,0,0,10,20,30,0,0,66,11,77,0,0,76,31,107,262,110,372,479
07/19/2017,CNW,TX,ASW,CE,Federal Contract Tower,0,0,11,16,27,0,0,86,3,89,0,0,97,19,116,314,88,402,518
07/20/2017,CNW,TX,ASW,CE,Federal Contract Tower,0,0,13,15,28,0,0,75,6,81,0,0,88,21,109,182,52,234,343
07/21/2017,CNW,TX,ASW,CE,Federal Contract Tower,0,0,10,19,29,0,0,71,1,72,0,0,81,20,101,176,52,228,329
07/22/2017,CNW,TX,ASW,CE,Federal Contract Tower,0,0,1,8,9,0,0,34,1,35,0,0,35,9,44,118,12,130,174
07/23/2017,CNW,TX,ASW,CE,Federal Contract Tower,0,0,4,0,4,0,0,18,0,18,0,0,22,0,22,64,0,64,86
07/24/2017,CNW,TX,ASW,CE,Federal Contract Tower,0,0,6,10,16,0,0,48,1,49,0,0,54,11,65,328,60,388,453
07/25/2017,CNW,TX,ASW,CE,Federal Contract Tower,0,0,12,11,23,0,0,65,1,66,0,0,77,12,89,266,52,318,407
07/26/2017,CNW,TX,ASW,CE,Federal Contract Tower,0,0,19,12,31,0,0,70,7,77,0,0,89,19,108,214,80,294,402
07/27/2017,CNW,TX,ASW,CE,Federal Contract Tower,0,0,14,13,27,0,0,78,11,89,0,0,92,24,116,286,70,356,472
07/28/2017,CNW,TX,ASW,CE,Federal Contract Tower,0,0,6,3,9,0,0,67,2,69,0,0,73,5,78,108,24,132,210
07/29/2017,CNW,TX,ASW,CE,Federal Contract Tower,0,0,5,10,15,0,0,6,0,6,0,0,11,10,21,0,0,0,21
07/30/2017,CNW,TX,ASW,CE,Federal Contract Tower,0,0,0,16,16,0,0,13,0,13,0,0,13,16,29,6,0,6,35
07/31/2017,CNW,TX,ASW,CE,Federal Contract Tower,0,0,12,46,58,0,0,69,12,81,0,0,81,58,139,130,118,248,387
08/01/2017,CNW,TX,ASW,CE,Federal Contract Tower,0,0,11,5,16,0,0,69,7,76,0,0,80,12,92,312,46,358,450
08/02/2017,CNW,TX,ASW,CE,Federal Contract Tower,0,0,1,1,2,0,0,9,0,9,0,0,10,1,11,30,0,30,41
08/03/2017,CNW,TX,ASW,CE,Federal Contract Tower,0,0,7,16,23,0,0,42,0,42,0,0,49,16,65,138,10,148,213
08/04/2017,CNW,TX,ASW,CE,Federal Contract Tower,0,0,12,51,63,0,0,38,7,45,0,0,50,58,108,72,60,132,240
08/05/2017,CNW,TX,ASW,CE,Federal Contract Tower,0,0,8,9,17,0,0,29,0,29,0,0,37,9,46,164,0,164,210
08/06/2017,CNW,TX,ASW,CE,Federal Contract Tower,0,0,1,2,3,0,0,16,0,16,0,0,17,2,19,50,0,50,69
08/07/2017,CNW,TX,ASW,CE,Federal Contract Tower,0,0,7,0,7,0,0,49,0,49,0,0,56,0,56,454,0,454,510
08/08/2017,CNW,TX,ASW,CE,Federal Contract Tower,0,0,19,7,26,0,0,42,0,42,0,0,61,7,68,166,0,166,234
08/09/2017,CNW,TX,ASW,CE,Federal Contract Tower,0,0,7,1,8,0,0,54,3,57,0,0,61,4,65,228,22,250,315
08/10/2017,CNW,TX,ASW,CE,Federal Contract Tower,0,0,13,16,29,0,0,97,9,106,0,0,110,25,135,278,120,398,533
08/11/2017,CNW,TX,ASW,CE,Federal Contract Tower,0,0,8,67,75,0,0,62,4,66,0,0,70,71,141,144,82,226,367
08/12/2017,CNW,TX,ASW,CE,Federal Contract Tower,0,0,0,10,10,0,0,18,0,18,0,0,18,10,28,22,2,24,52
08/13/2017,CNW,TX,ASW,CE,Federal Contract Tower,0,0,7,2,9,0,0,3,0,3,0,0,10,2,12,4,0,4,16
08/14/2017,CNW,TX,ASW,CE,Federal Contract Tower,0,0,9,35,44,0,0,71,2,73,0,0,80,37,117,266,44,310,427
08/15/2017,CNW,TX,ASW,CE,Federal Contract Tower,0,0,11,11,22,0,0,47,1,48,0,0,58,12,70,196,26,222,292
08/16/2017,CNW,TX,ASW,CE,Federal Contract Tower,0,0,12,32,44,0,0,44,2,46,0,0,56,34,90,230,66,296,386
08/17/2017,CNW,TX,ASW,CE,Federal Contract Tower,0,0,9,9,18,0,0,50,0,50,0,0,59,9,68,170,90,260,328
08/18/2017,CNW,TX,ASW,CE,Federal Contract Tower,0,0,2,31,33,0,0,66,0,66,0,0,68,31,99,144,46,190,289
08/19/2017,CNW,TX,ASW,CE,Federal Contract Tower,0,0,1,12,13,0,0,17,0,17,0,0,18,12,30,10,0,10,40
08/20/2017,CNW,TX,ASW,CE,Federal Contract Tower,0,0,2,0,2,0,0,8,0,8,0,0,10,0,10,0,0,0,10
08/21/2017,CNW,TX,ASW,CE,Federal Contract Tower,0,0,5,0,5,0,0,51,0,51,0,0,56,0,56,310,0,310,366
08/22/2017,CNW,TX,ASW,CE,Federal Contract Tower,0,0,6,15,21,0,0,56,3,59,0,0,62,18,80,270,66,336,416
08/23/2017,CNW,TX,ASW,CE,Federal Contract Tower,0,0,9,10,19,0,0,62,1,63,0,0,71,11,82,332,56,388,470
08/24/2017,CNW,TX,ASW,CE,Federal Contract Tower,0,0,8,15,23,0,0,57,0,57,0,0,65,15,80,226,10,236,316
08/25/2017,CNW,TX,ASW,CE,Federal Contract Tower,0,0,9,3,12,0,0,36,0,36,0,0,45,3,48,118,24,142,190
08/26/2017,CNW,TX,ASW,CE,Federal Contract Tower,0,0,1,0,1,0,0,0,0,0,0,0,1,0,1,0,0,0,1
08/27/2017,CNW,TX,ASW,CE,Federal Contract Tower,0,0,0,0,0,0,0,2,0,2,0,0,2,0,2,0,0,0,2
08/28/2017,CNW,TX,ASW,CE,Federal Contract Tower,0,0,2,2,4,0,0,18,0,18,0,0,20,2,22,128,0,128,150
08/29/2017,CNW,TX,ASW,CE,Federal Contract Tower,0,0,9,0,9,0,0,52,3,55,0,0,61,3,64,340,4,344,408
08/30/2017,CNW,TX,ASW,CE,Federal Contract Tower,0,0,11,4,15,0,0,79,1,80,0,0,90,5,95,278,0,278,373
08/31/2017,CNW,TX,ASW,CE,Federal Contract Tower,0,0,10,11,21,0,0,115,2,117,0,0,125,13,138,240,14,254,392
09/01/2017,CNW,TX,ASW,CE,Federal Contract Tower,0,0,6,0,6,0,0,108,2,110,0,0,114,2,116,306,8,314,430
09/02/2017,CNW,TX,ASW,CE,Federal Contract Tower,0,0,8,0,8,0,0,46,0,46,0,0,54,0,54,154,0,154,208
09/03/2017,CNW,TX,ASW,CE,Federal Contract Tower,0,0,2,0,2,0,0,11,0,11,0,0,13,0,13,42,0,42,55
09/04/2017,CNW,TX,ASW,CE,Federal Contract Tower,0,0,4,0,4,0,0,94,0,94,0,0,98,0,98,176,0,176,274
09/05/2017,CNW,TX,ASW,CE,Federal Contract Tower,0,0,17,18,35,0,0,95,6,101,0,0,112,24,136,318,160,478,614
09/06/2017,CNW,TX,ASW,CE,Federal Contract Tower,0,0,10,9,19,0,0,80,1,81,0,0,90,10,100,136,30,166,266
09/07/2017,CNW,TX,ASW,CE,Federal Contract Tower,0,0,16,23,39,0,0,101,5,106,0,0,117,28,145,216,152,368,513
09/08/2017,CNW,TX,ASW,CE,Federal Contract Tower,0,0,3,31,34,0,0,86,2,88,0,0,89,33,122,294,62,356,478
09/09/2017,CNW,TX,ASW,CE,Federal Contract Tower,0,0,2,2,4,0,0,34,0,34,0,0,36,2,38,20,0,20,58
09/10/2017,CNW,TX,ASW,CE,Federal Contract Tower,0,0,1,2,3,0,0,24,6,30,0,0,25,8,33,0,88,88,121
09/11/2017,CNW,TX,ASW,CE,Federal Contract Tower,0,0,12,21,33,0,0,96,13,109,0,0,108,34,142,274,98,372,514
09/12/2017,CNW,TX,ASW,CE,Federal Contract Tower,0,0,6,16,22,0,0,110,9,119,0,0,116,25,141,498,64,562,703
09/13/2017,CNW,TX,ASW,CE,Federal Contract Tower,0,0,14,8,22,0,0,105,4,109,0,0,119,12,131,332,0,332,463
09/14/2017,CNW,TX,ASW,CE,Federal Contract Tower,0,0,9,16,25,0,0,71,10,81,0,0,80,26,106,250,82,332,438
09/15/2017,CNW,TX,ASW,CE,Federal Contract Tower,0,0,10,18,28,0,0,73,1,74,0,0,83,19,102,238,28,266,368
09/16/2017,CNW,TX,ASW,CE,Federal Contract Tower,0,0,1,4,5,0,0,20,3,23,0,0,21,7,28,26,4,30,58
09/17/2017,CNW,TX,ASW,CE,Federal Contract Tower,0,0,7,10,17,0,0,21,0,21,0,0,28,10,38,30,0,30,68
09/18/2017,CNW,TX,ASW,CE,Federal Contract Tower,0,0,22,58,80,0,0,62,7,69,0,0,84,65,149,338,46,384,533
09/19/2017,CNW,TX,ASW,CE,Federal Contract Tower,0,0,31,21,52,0,0,52,6,58,0,0,83,27,110,234,44,278,388
09/20/2017,CNW,TX,ASW,CE,Federal Contract Tower,0,0,22,38,60,0,0,64,8,72,0,0,86,46,132,294,62,356,488
09/21/2017,CNW,TX,ASW,CE,Federal Contract Tower,0,0,16,8,24,0,0,67,0,67,0,0,83,8,91,338,14,352,443
09/22/2017,CNW,TX,ASW,CE,Federal Contract Tower,0,0,23,29,52,0,0,64,0,64,0,0,87,29,116,205,8,213,329
09/23/2017,CNW,TX,ASW,CE,Federal Contract Tower,0,0,2,11,13,0,0,21,1,22,0,0,23,12,35,10,14,24,59
09/24/2017,CNW,TX,ASW,CE,Federal Contract Tower,0,0,1,8,9,0,0,20,2,22,0,0,21,10,31,4,18,22,53
09/25/2017,CNW,TX,ASW,CE,Federal Contract Tower,0,0,10,17,27,0,0,54,6,60,0,0,64,23,87,306,60,366,453
09/26/2017,CNW,TX,ASW,CE,Federal Contract Tower,0,0,5,56,61,0,0,96,9,105,0,0,101,65,166,396,82,478,644
09/27/2017,CNW,TX,ASW,CE,Federal Contract Tower,0,0,5,35,40,0,0,74,3,77,0,0,79,38,117,440,50,490,607
09/28/2017,CNW,TX,ASW,CE,Federal Contract Tower,0,0,8,3,11,0,0,11,0,11,0,0,19,3,22,36,0,36,58
09/29/2017,CNW,TX,ASW,CE,Federal Contract Tower,0,0,4,6,10,0,0,71,3,74,0,0,75,9,84,294,20,314,398
09/30/2017,CNW,TX,ASW,CE,Federal Contract Tower,0,0,2,0,2,0,0,34,0,34,0,0,36,0,36,40,0,40,76
10/01/2017,CNW,TX,ASW,CE,Federal Contract Tower,0,0,1,6,7,0,0,28,0,28,0,0,29,6,35,50,0,50,85
10/02/2017,CNW,TX,ASW,CE,Federal Contract Tower,0,0,25,3,28,0,0,78,0,78,0,0,103,3,106,250,0,250,356
10/03/2017,CNW,TX,ASW,CE,Federal Contract Tower,0,0,8,0,8,0,0,23,2,25,0,0,31,2,33,126,0,126,159
10/04/2017,CNW,TX,ASW,CE,Federal Contract Tower,0,0,5,1,6,0,0,111,0,111,0,0,116,1,117,222,0,222,339
10/05/2017,CNW,TX,ASW,CE,Federal Contract Tower,0,0,2,6,8,0,0,2,0,2,0,0,4,6,10,264,0,264,274
10/06/2017,CNW,TX,ASW,CE,Federal Contract Tower,0,0,5,0,5,0,0,79,2,81,0,0,84,2,86,234,0,234,320
10/07/2017,CNW,TX,ASW,CE,Federal Contract Tower,0,0,0,0,0,0,0,18,0,18,0,0,18,0,18,18,0,18,36
10/08/2017,CNW,TX,ASW,CE,Federal Contract Tower,0,0,0,0,0,0,0,10,0,10,0,0,10,0,10,0,0,0,10
10/09/2017,CNW,TX,ASW,CE,Federal Contract Tower,0,0,6,0,6,0,2,70,0,72,0,2,76,0,78,132,0,132,210
10/10/2017,CNW,TX,ASW,CE,Federal Contract Tower,0,0,4,2,6,0,0,50,0,50,0,0,54,2,56,241,0,241,297
10/11/2017,CNW,TX,ASW,CE,Federal Contract Tower,0,0,4,2,6,0,0,90,0,90,0,0,94,2,96,220,0,220,316
10/12/2017,CNW,TX,ASW,CE,Federal Contract Tower,0,0,1,2,3,0,0,105,0,105,0,0,106,2,108,438,0,438,546
10/13/2017,CNW,TX,ASW,CE,Federal Contract Tower,0,0,3,2,5,0,0,73,0,73,0,0,76,2,78,194,0,194,272
10/14/2017,CNW,TX,ASW,CE,Federal Contract Tower,0,0,3,4,7,0,0,49,2,51,0,0,52,6,58,0,0,0,58
10/15/2017,CNW,TX,ASW,CE,Federal Contract Tower,0,0,2,0,2,0,0,14,0,14,0,0,16,0,16,40,0,40,56
10/16/2017,CNW,TX,ASW,CE,Federal Contract Tower,0,0,5,17,22,0,0,96,1,97,0,0,101,18,119,326,36,362,481
10/17/2017,CNW,TX,ASW,CE,Federal Contract Tower,0,0,3,34,37,0,0,102,8,110,0,0,105,42,147,328,60,388,535
10/18/2017,CNW,TX,ASW,CE,Federal Contract Tower,0,0,3,11,14,0,0,115,13,128,0,0,118,24,142,467,84,551,693
10/19/2017,CNW,TX,ASW,CE,Federal Contract Tower,0,0,11,30,41,0,0,97,7,104,0,0,108,37,145,278,70,348,493
10/20/2017,CNW,TX,ASW,CE,Federal Contract Tower,0,0,10,24,34,0,0,64,22,86,0,0,74,46,120,254,8,262,382
10/21/2017,CNW,TX,ASW,CE,Federal Contract Tower,0,0,3,0,3,0,0,8,2,10,0,0,11,2,13,8,0,8,21
10/22/2017,CNW,TX,ASW,CE,Federal Contract Tower,0,0,1,4,5,0,0,11,0,11,0,0,12,4,16,26,6,32,48
10/23/2017,CNW,TX,ASW,CE,Federal Contract Tower,0,0,14,11,25,0,0,94,2,96,0,0,108,13,121,342,8,350,471
10/24/2017,CNW,TX,ASW,CE,Federal Contract Tower,0,0,12,13,25,0,0,76,26,102,0,0,88,39,127,190,174,364,491
10/25/2017,CNW,TX,ASW,CE,Federal Contract Tower,0,0,6,11,17,0,0,113,7,120,0,0,119,18,137,416,60,476,613
10/26/2017,CNW,TX,ASW,CE,Federal Contract Tower,0,0,1,23,24,0,0,69,20,89,0,0,70,43,113,240,126,366,479
10/27/2017,CNW,TX,ASW,CE,Federal Contract Tower,0,0,7,17,24,0,0,34,1,35,0,0,41,18,59,38,82,120,179
10/28/2017,CNW,TX,ASW,CE,Federal Contract Tower,0,0,3,0,3,0,0,59,0,59,0,0,62,0,62,246,0,246,308
10/29/2017,CNW,TX,ASW,CE,Federal Contract Tower,0,0,1,6,7,0,0,31,5,36,0,0,32,11,43,200,0,200,243
10/30/2017,CNW,TX,ASW,CE,Federal Contract Tower,0,0,7,14,21,0,0,161,8,169,0,0,168,22,190,953,80,1033,1223
10/31/2017,CNW,TX,ASW,CE,Federal Contract Tower,0,0,9,32,41,0,0,51,0,51,0,0,60,32,92,210,110,320,412
11/01/2017,CNW,TX,ASW,CE,Federal Contract Tower,0,0,9,20,29,0,0,86,2,88,0,0,95,22,117,192,22,214,331
11/02/2017,CNW,TX,ASW,CE,Federal Contract Tower,0,0,16,14,30,0,0,109,9,118,0,0,125,23,148,592,120,712,860
11/03/2017,CNW,TX,ASW,CE,Federal Contract Tower,0,0,6,23,29,0,0,79,1,80,0,0,85,24,109,266,16,282,391
11/04/2017,CNW,TX,ASW,CE,Federal Contract Tower,0,0,5,0,5,0,0,21,0,21,0,0,26,0,26,44,0,44,70
11/05/2017,CNW,TX,ASW,CE,Federal Contract Tower,0,0,1,3,4,0,0,9,0,9,0,0,10,3,13,10,0,10,23
11/06/2017,CNW,TX,ASW,CE,Federal Contract Tower,0,0,21,32,53,0,0,77,6,83,0,0,98,38,136,424,48,472,608
11/07/2017,CNW,TX,ASW,CE,Federal Contract Tower,0,0,31,6,37,0,0,22,0,22,0,0,53,6,59,258,0,258,317
11/08/2017,CNW,TX,ASW,CE,Federal Contract Tower,0,0,2,2,4,0,0,4,0,4,0,0,6,2,8,54,0,54,62
11/09/2017,CNW,TX,ASW,CE,Federal Contract Tower,0,0,18,0,18,0,0,11,0,11,0,0,29,0,29,126,0,126,155
11/10/2017,CNW,TX,ASW,CE,Federal Contract Tower,0,0,14,0,14,0,0,58,0,58,0,0,72,0,72,292,0,292,364
11/11/2017,CNW,TX,ASW,CE,Federal Contract Tower,0,0,6,0,6,0,0,19,0,19,0,0,25,0,25,142,0,142,167
11/12/2017,CNW,TX,ASW,CE,Federal Contract Tower,0,0,0,0,0,0,0,3,0,3,0,0,3,0,3,12,0,12,15
11/13/2017,CNW,TX,ASW,CE,Federal Contract Tower,0,0,34,22,56,0,0,31,0,31,0,0,65,22,87,228,36,264,351
11/14/2017,CNW,TX,ASW,CE,Federal Contract Tower,0,0,11,32,43,0,0,82,14,96,0,0,93,46,139,202,102,304,443
11/15/2017,CNW,TX,ASW,CE,Federal Contract Tower,0,0,20,0,20,0,0,47,0,47,0,0,67,0,67,194,0,194,261
11/16/2017,CNW,TX,ASW,CE,Federal Contract Tower,0,0,21,4,25,0,0,48,0,48,0,0,69,4,73,226,0,226,299
11/17/2017,CNW,TX,ASW,CE,Federal Contract Tower,0,0,20,20,40,0,0,38,5,43,0,0,58,25,83,128,34,162,245
11/18/2017,CNW,TX,ASW,CE,Federal Contract Tower,0,0,2,3,5,0,0,15,13,28,0,0,17,16,33,130,48,178,211
11/19/2017,CNW,TX,ASW,CE,Federal Contract Tower,0,4,4,2,10,0,0,51,0,51,0,4,55,2,61,136,0,136,197
11/20/2017,CNW,TX,ASW,CE,Federal Contract Tower,0,0,6,22,28,0,0,93,10,103,0,0,99,32,131,294,48,342,473
11/21/2017,CNW,TX,ASW,CE,Federal Contract Tower,0,0,11,6,17,0,0,84,0,84,0,0,95,6,101,334,22,356,457
11/22/2017,CNW,TX,ASW,CE,Federal Contract Tower,0,0,5,7,12,0,0,65,2,67,0,0,70,9,79,126,28,154,233
11/23/2017,CNW,TX,ASW,CE,Federal Contract Tower,0,0,0,0,0,0,0,0,0,0,0,0,0,0,0,0,0,0,0
11/24/2017,CNW,TX,ASW,CE,Federal Contract Tower,0,0,4,0,4,0,0,9,0,9,0,0,13,0,13,10,0,10,23
11/25/2017,CNW,TX,ASW,CE,Federal Contract Tower,0,0,0,0,0,0,0,0,0,0,0,0,0,0,0,0,0,0,0
11/26/2017,CNW,TX,ASW,CE,Federal Contract Tower,0,0,2,0,2,0,0,7,0,7,0,0,9,0,9,4,0,4,13
11/27/2017,CNW,TX,ASW,CE,Federal Contract Tower,0,0,7,18,25,0,0,92,4,96,0,0,99,22,121,280,42,322,443
11/28/2017,CNW,TX,ASW,CE,Federal Contract Tower,0,0,9,9,18,0,0,92,0,92,0,0,101,9,110,146,0,146,256
11/29/2017,CNW,TX,ASW,CE,Federal Contract Tower,0,0,3,6,9,0,0,106,1,107,0,0,109,7,116,346,0,346,462
11/30/2017,CNW,TX,ASW,CE,Federal Contract Tower,0,0,5,12,17,0,0,101,0,101,0,0,106,12,118,350,70,420,538
12/01/2017,CNW,TX,ASW,CE,Federal Contract Tower,0,15,5,31,51,3,8,95,0,106,3,23,100,31,157,304,76,380,537
12/02/2017,CNW,TX,ASW,CE,Federal Contract Tower,0,0,10,28,38,0,0,35,3,38,0,0,45,31,76,76,20,96,172
12/03/2017,CNW,TX,ASW,CE,Federal Contract Tower,0,0,8,1,9,0,0,1,0,1,0,0,9,1,10,0,0,0,10
12/04/2017,CNW,TX,ASW,CE,Federal Contract Tower,0,0,14,27,41,0,0,51,0,51,0,0,65,27,92,336,62,398,490
12/05/2017,CNW,TX,ASW,CE,Federal Contract Tower,0,0,5,4,9,0,0,68,0,68,0,0,73,4,77,298,18,316,393
12/08/2017,CNW,TX,ASW,CE,Federal Contract Tower,0,0,10,2,12,0,0,77,0,77,0,0,87,2,89,136,0,136,225
12/09/2017,CNW,TX,ASW,CE,Federal Contract Tower,0,0,8,2,10,0,0,28,0,28,0,0,36,2,38,74,2,76,114
12/10/2017,CNW,TX,ASW,CE,Federal Contract Tower,0,0,0,0,0,0,0,14,0,14,0,0,14,0,14,32,0,32,46
12/11/2017,CNW,TX,ASW,CE,Federal Contract Tower,0,0,9,18,27,0,0,84,3,87,0,0,93,21,114,200,30,230,344
12/12/2017,CNW,TX,ASW,CE,Federal Contract Tower,0,0,17,6,23,0,0,77,1,78,0,0,94,7,101,272,0,272,373
12/13/2017,CNW,TX,ASW,CE,Federal Contract Tower,0,0,5,31,36,0,0,82,0,82,0,0,87,31,118,262,110,372,490
12/14/2017,CNW,TX,ASW,CE,Federal Contract Tower,0,0,7,7,14,0,0,73,0,73,0,0,80,7,87,216,0,216,303
12/15/2017,CNW,TX,ASW,CE,Federal Contract Tower,0,0,7,8,15,0,0,63,1,64,0,0,70,9,79,224,42,266,345
12/16/2017,CNW,TX,ASW,CE,Federal Contract Tower,0,0,0,3,3,0,0,11,1,12,0,0,11,4,15,66,6,72,87
12/17/2017,CNW,TX,ASW,CE,Federal Contract Tower,0,0,2,0,2,0,0,1,0,1,0,0,3,0,3,0,0,0,3
12/18/2017,CNW,TX,ASW,CE,Federal Contract Tower,0,0,2,2,4,0,0,0,0,0,0,0,2,2,4,0,0,0,4
12/19/2017,CNW,TX,ASW,CE,Federal Contract Tower,0,0,0,0,0,0,0,0,0,0,0,0,0,0,0,0,0,0,0
12/20/2017,CNW,TX,ASW,CE,Federal Contract Tower,0,0,11,12,23,0,0,89,0,89,0,0,100,12,112,384,30,414,526
12/21/2017,CNW,TX,ASW,CE,Federal Contract Tower,0,0,10,38,48,0,0,60,0,60,0,0,70,38,108,172,78,250,358
12/22/2017,CNW,TX,ASW,CE,Federal Contract Tower,0,0,2,0,2,0,0,0,0,0,0,0,2,0,2,0,0,0,2
12/23/2017,CNW,TX,ASW,CE,Federal Contract Tower,0,0,0,0,0,0,0,3,0,3,0,0,3,0,3,4,0,4,7
12/24/2017,CNW,TX,ASW,CE,Federal Contract Tower,0,0,0,0,0,0,0,0,0,0,0,0,0,0,0,0,0,0,0
12/25/2017,CNW,TX,ASW,CE,Federal Contract Tower,0,0,0,0,0,0,0,0,0,0,0,0,0,0,0,0,0,0,0
12/26/2017,CNW,TX,ASW,CE,Federal Contract Tower,0,0,0,0,0,0,0,0,0,0,0,0,0,0,0,0,0,0,0
12/27/2017,CNW,TX,ASW,CE,Federal Contract Tower,0,0,5,0,5,0,0,0,0,0,0,0,5,0,5,82,0,82,87
12/28/2017,CNW,TX,ASW,CE,Federal Contract Tower,0,0,6,8,14,0,0,18,2,20,0,0,24,10,34,26,2,28,62
12/29/2017,CNW,TX,ASW,CE,Federal Contract Tower,0,0,4,1,5,0,0,3,0,3,0,0,7,1,8,12,0,12,20
12/30/2017,CNW,TX,ASW,CE,Federal Contract Tower,0,0,0,0,0,0,0,0,0,0,0,0,0,0,0,0,0,0,0
12/31/2017,CNW,TX,ASW,CE,Federal Contract Tower,0,0,0,0,0,0,0,0,0,0,0,0,0,0,0,0,0,0,0
01/01/2018,CNW,TX,ASW,CE,Federal Contract Tower,0,2,1,0,3,0,0,1,0,1,0,2,2,0,4,0,0,0,4
01/03/2018,CNW,TX,ASW,CE,Federal Contract Tower,0,0,8,4,12,0,0,35,1,36,0,0,43,5,48,112,16,128,176
01/04/2018,CNW,TX,ASW,CE,Federal Contract Tower,0,0,7,7,14,0,0,65,2,67,0,0,72,9,81,170,90,260,341
01/05/2018,CNW,TX,ASW,CE,Federal Contract Tower,0,0,2,39,41,0,0,23,9,32,0,0,25,48,73,4,88,92,165
01/06/2018,CNW,TX,ASW,CE,Federal Contract Tower,0,0,4,8,12,0,0,7,6,13,0,0,11,14,25,0,38,38,63
01/07/2018,CNW,TX,ASW,CE,Federal Contract Tower,0,0,2,16,18,0,0,0,2,2,0,0,2,18,20,0,10,10,30
01/08/2018,CNW,TX,ASW,CE,Federal Contract Tower,0,0,3,18,21,0,0,42,4,46,0,0,45,22,67,86,52,138,205
01/09/2018,CNW,TX,ASW,CE,Federal Contract Tower,0,0,6,7,13,0,0,64,0,64,0,0,70,7,77,244,0,244,321
01/10/2018,CNW,TX,ASW,CE,Federal Contract Tower,0,0,11,0,11,0,0,14,0,14,0,0,25,0,25,48,0,48,73
01/11/2018,CNW,TX,ASW,CE,Federal Contract Tower,0,0,6,2,8,0,0,12,0,12,0,0,18,2,20,52,0,52,72
01/12/2018,CNW,TX,ASW,CE,Federal Contract Tower,0,0,16,2,18,0,0,71,0,71,0,0,87,2,89,122,0,122,211
01/13/2018,CNW,TX,ASW,CE,Federal Contract Tower,0,0,2,0,2,0,0,27,0,27,0,0,29,0,29,84,0,84,113
01/14/2018,CNW,TX,ASW,CE,Federal Contract Tower,0,0,1,4,5,0,0,12,2,14,0,0,13,6,19,8,0,8,27
01/15/2018,CNW,TX,ASW,CE,Federal Contract Tower,0,0,6,0,6,0,0,41,0,41,0,0,47,0,47,118,0,118,165
01/16/2018,CNW,TX,ASW,CE,Federal Contract Tower,0,0,0,0,0,0,0,0,0,0,0,0,0,0,0,0,0,0,0
01/17/2018,CNW,TX,ASW,CE,Federal Contract Tower,0,0,9,1,10,0,0,70,0,70,0,0,79,1,80,244,0,244,324
01/18/2018,CNW,TX,ASW,CE,Federal Contract Tower,0,0,5,7,12,0,0,79,11,90,0,0,84,18,102,264,100,364,466
01/19/2018,CNW,TX,ASW,CE,Federal Contract Tower,0,0,10,8,18,0,0,36,1,37,0,0,46,9,55,350,64,414,469
01/20/2018,CNW,TX,ASW,CE,Federal Contract Tower,0,1,9,14,24,0,0,4,2,6,0,1,13,16,30,0,0,0,30
01/21/2018,CNW,TX,ASW,CE,Federal Contract Tower,0,0,3,22,25,0,0,1,0,1,0,0,4,22,26,0,0,0,26
01/22/2018,CNW,TX,ASW,CE,Federal Contract Tower,0,0,4,14,18,0,0,37,0,37,0,0,41,14,55,138,82,220,275
01/23/2018,CNW,TX,ASW,CE,Federal Contract Tower,0,0,16,13,29,0,0,102,3,105,0,0,118,16,134,304,42,346,480
01/24/2018,CNW,TX,ASW,CE,Federal Contract Tower,0,0,8,9,17,0,0,90,3,93,0,0,98,12,110,450,100,550,660
01/25/2018,CNW,TX,ASW,CE,Federal Contract Tower,0,0,5,5,10,0,0,98,2,100,0,0,103,7,110,394,28,422,532
01/26/2018,CNW,TX,ASW,CE,Federal Contract Tower,0,0,17,0,17,0,0,8,0,8,0,0,25,0,25,194,0,194,219
01/27/2018,CNW,TX,ASW,CE,Federal Contract Tower,0,0,1,0,1,0,0,0,0,0,0,0,1,0,1,0,0,0,1
01/28/2018,CNW,TX,ASW,CE,Federal Contract Tower,0,0,0,0,0,0,0,23,0,23,0,0,23,0,23,26,0,26,49
01/29/2018,CNW,TX,ASW,CE,Federal Contract Tower,0,0,6,15,21,0,0,100,3,103,0,0,106,18,124,294,68,362,486
01/30/2018,CNW,TX,ASW,CE,Federal Contract Tower,0,0,6,26,32,0,0,98,7,105,0,0,104,33,137,408,106,514,651
01/31/2018,CNW,TX,ASW,CE,Federal Contract Tower,0,0,4,8,12,0,0,46,1,47,0,0,50,9,59,150,6,156,215
02/01/2018,CNW,TX,ASW,CE,Federal Contract Tower,0,0,4,10,14,0,0,79,8,87,0,0,83,18,101,370,76,446,547
02/02/2018,CNW,TX,ASW,CE,Federal Contract Tower,0,0,10,16,26,0,0,81,4,85,0,0,91,20,111,260,167,427,538
02/03/2018,CNW,TX,ASW,CE,Federal Contract Tower,0,0,5,4,9,0,0,21,0,21,0,0,26,4,30,84,0,84,114
02/04/2018,CNW,TX,ASW,CE,Federal Contract Tower,0,0,4,0,4,0,0,2,0,2,0,0,6,0,6,18,0,18,24
02/05/2018,CNW,TX,ASW,CE,Federal Contract Tower,0,0,16,13,29,0,0,30,3,33,0,0,46,16,62,236,70,306,368
02/06/2018,CNW,TX,ASW,CE,Federal Contract Tower,0,0,11,10,21,0,0,2,0,2,0,0,13,10,23,38,0,38,61
02/07/2018,CNW,TX,ASW,CE,Federal Contract Tower,0,0,1,12,13,0,0,100,4,104,0,0,101,16,117,536,114,650,767
02/08/2018,CNW,TX,ASW,CE,Federal Contract Tower,0,0,4,13,17,0,0,99,10,109,0,0,103,23,126,486,80,566,692
02/09/2018,CNW,TX,ASW,CE,Federal Contract Tower,0,0,11,48,59,0,0,56,2,58,0,0,67,50,117,434,58,492,609
02/10/2018,CNW,TX,ASW,CE,Federal Contract Tower,0,0,4,4,8,0,0,0,0,0,0,0,4,4,8,0,0,0,8
02/11/2018,CNW,TX,ASW,CE,Federal Contract Tower,0,0,0,0,0,0,0,4,0,4,0,0,4,0,4,20,0,20,24
02/12/2018,CNW,TX,ASW,CE,Federal Contract Tower,0,0,3,0,3,0,0,22,0,22,0,0,25,0,25,118,0,118,143
02/13/2018,CNW,TX,ASW,CE,Federal Contract Tower,0,0,4,6,10,0,0,0,0,0,0,0,4,6,10,0,0,0,10
02/14/2018,CNW,TX,ASW,CE,Federal Contract Tower,0,0,3,3,6,0,0,30,1,31,0,0,33,4,37,92,34,126,163
02/15/2018,CNW,TX,ASW,CE,Federal Contract Tower,0,0,25,25,50,0,0,36,2,38,0,0,61,27,88,338,28,366,454
02/16/2018,CNW,TX,ASW,CE,Federal Contract Tower,0,0,5,5,10,0,0,57,8,65,0,0,62,13,75,180,46,226,301
02/17/2018,CNW,TX,ASW,CE,Federal Contract Tower,0,0,9,0,9,0,0,28,0,28,0,0,37,0,37,152,0,152,189
02/18/2018,CNW,TX,ASW,CE,Federal Contract Tower,0,0,2,0,2,0,0,0,0,0,0,0,2,0,2,0,0,0,2
02/19/2018,CNW,TX,ASW,CE,Federal Contract Tower,0,0,11,0,11,0,0,36,0,36,0,0,47,0,47,266,0,266,313
02/20/2018,CNW,TX,ASW,CE,Federal Contract Tower,0,0,2,0,2,0,4,18,0,22,0,4,20,0,24,108,0,108,132
02/21/2018,CNW,TX,ASW,CE,Federal Contract Tower,0,0,0,0,0,0,0,0,0,0,0,0,0,0,0,30,0,30,30
02/22/2018,CNW,TX,ASW,CE,Federal Contract Tower,0,0,2,0,2,0,0,0,0,0,0,0,2,0,2,0,0,0,2
02/23/2018,CNW,TX,ASW,CE,Federal Contract Tower,0,0,2,0,2,0,0,0,0,0,0,0,2,0,2,0,0,0,2
02/24/2018,CNW,TX,ASW,CE,Federal Contract Tower,0,0,0,0,0,0,0,2,0,2,0,0,2,0,2,0,0,0,2
02/25/2018,CNW,TX,ASW,CE,Federal Contract Tower,0,0,6,0,6,0,0,34,0,34,0,0,40,0,40,170,0,170,210
02/26/2018,CNW,TX,ASW,CE,Federal Contract Tower,0,0,22,7,29,0,0,66,4,70,0,0,88,11,99,168,86,254,353
02/27/2018,CNW,TX,ASW,CE,Federal Contract Tower,0,0,0,0,0,0,0,0,0,0,0,0,0,0,0,0,0,0,0
02/28/2018,CNW,TX,ASW,CE,Federal Contract Tower,0,0,25,1,26,0,0,34,1,35,0,0,59,2,61,462,16,478,539
03/01/2018,CNW,TX,ASW,CE,Federal Contract Tower,0,0,30,9,39,0,0,36,1,37,0,0,66,10,76,242,20,262,338
03/02/2018,CNW,TX,ASW,CE,Federal Contract Tower,0,0,7,11,18,0,0,84,11,95,0,0,91,22,113,220,86,306,419
03/03/2018,CNW,TX,ASW,CE,Federal Contract Tower,0,0,5,0,5,0,0,25,0,25,0,0,30,0,30,44,0,44,74
03/04/2018,CNW,TX,ASW,CE,Federal Contract Tower,0,0,6,2,8,0,0,1,0,1,0,0,7,2,9,0,0,0,9
03/05/2018,CNW,TX,ASW,CE,Federal Contract Tower,0,0,8,21,29,0,0,54,1,55,0,0,62,22,84,214,68,282,366
03/06/2018,CNW,TX,ASW,CE,Federal Contract Tower,0,0,7,24,31,0,0,84,13,97,0,0,91,37,128,378,126,504,632
03/07/2018,CNW,TX,ASW,CE,Federal Contract Tower,0,0,0,0,0,0,0,86,2,88,0,0,86,2,88,302,34,336,424
03/08/2018,CNW,TX,ASW,CE,Federal Contract Tower,0,0,13,14,27,0,0,81,17,98,0,0,94,31,125,342,194,536,661
03/09/2018,CNW,TX,ASW,CE,Federal Contract Tower,0,0,17,63,80,0,0,36,5,41,0,0,53,68,121,72,42,114,235
03/10/2018,CNW,TX,ASW,CE,Federal Contract Tower,0,0,3,36,39,0,0,7,0,7,0,0,10,36,46,10,10,20,66
03/11/2018,CNW,TX,ASW,CE,Federal Contract Tower,0,0,0,16,16,0,0,3,2,5,0,0,3,18,21,14,28,42,63
03/12/2018,CNW,TX,ASW,CE,Federal Contract Tower,0,0,13,13,26,0,0,83,23,106,0,0,96,36,132,360,120,480,612
03/13/2018,CNW,TX,ASW,CE,Federal Contract Tower,0,0,11,6,17,0,0,104,4,108,0,0,115,10,125,428,110,538,663
03/14/2018,CNW,TX,ASW,CE,Federal Contract Tower,0,1,6,16,23,0,0,85,4,89,0,1,91,20,112,350,32,382,494
03/15/2018,CNW,TX,ASW,CE,Federal Contract Tower,0,0,9,5,14,0,0,66,12,78,0,0,75,17,92,306,70,376,468
03/16/2018,CNW,TX,ASW,CE,Federal Contract Tower,0,0,15,11,26,0,0,63,2,65,0,0,78,13,91,282,56,338,429
03/17/2018,CNW,TX,ASW,CE,Federal Contract Tower,0,0,2,0,2,0,0,0,0,0,0,0,2,0,2,0,0,0,2
03/18/2018,CNW,TX,ASW,CE,Federal Contract Tower,0,0,6,0,6,0,0,2,0,2,0,0,8,0,8,16,0,16,24
03/19/2018,CNW,TX,ASW,CE,Federal Contract Tower,0,0,0,7,7,0,0,39,3,42,0,0,39,10,49,278,18,296,345
03/20/2018,CNW,TX,ASW,CE,Federal Contract Tower,0,0,7,5,12,0,0,95,4,99,0,0,102,9,111,492,44,536,647
03/21/2018,CNW,TX,ASW,CE,Federal Contract Tower,0,0,7,33,40,0,0,111,8,119,0,0,118,41,159,482,154,636,795
03/22/2018,CNW,TX,ASW,CE,Federal Contract Tower,0,0,13,16,29,0,0,87,27,114,0,0,100,43,143,372,184,556,699
03/23/2018,CNW,TX,ASW,CE,Federal Contract Tower,0,0,22,23,45,0,0,8,2,10,0,0,30,25,55,132,36,168,223
03/24/2018,CNW,TX,ASW,CE,Federal Contract Tower,0,0,4,10,14,0,0,18,0,18,0,0,22,10,32,74,0,74,106
03/25/2018,CNW,TX,ASW,CE,Federal Contract Tower,0,0,0,10,10,0,0,3,0,3,0,0,3,10,13,8,0,8,21
03/26/2018,CNW,TX,ASW,CE,Federal Contract Tower,0,0,9,3,12,0,0,48,2,50,0,0,57,5,62,304,26,330,392
03/27/2018,CNW,TX,ASW,CE,Federal Contract Tower,0,0,7,2,9,0,0,29,0,29,0,0,36,2,38,158,0,158,196
03/28/2018,CNW,TX,ASW,CE,Federal Contract Tower,0,0,4,4,8,0,0,4,2,6,0,0,8,6,14,4,0,4,18
03/29/2018,CNW,TX,ASW,CE,Federal Contract Tower,0,0,8,10,18,0,0,42,5,47,0,0,50,15,65,244,48,292,357
03/30/2018,CNW,TX,ASW,CE,Federal Contract Tower,0,0,11,6,17,0,0,81,8,89,0,0,92,14,106,216,18,234,340
03/31/2018,CNW,TX,ASW,CE,Federal Contract Tower,0,0,2,0,2,0,0,4,0,4,0,0,6,0,6,0,0,0,6
04/01/2018,CNW,TX,ASW,CE,Federal Contract Tower,0,0,0,2,2,0,0,3,0,3,0,0,3,2,5,12,0,12,17
04/02/2018,CNW,TX,ASW,CE,Federal Contract Tower,0,0,1,2,3,0,0,6,0,6,0,0,7,2,9,0,0,0,9
04/03/2018,CNW,TX,ASW,CE,Federal Contract Tower,0,0,9,1,10,0,0,27,2,29,0,0,36,3,39,248,0,248,287
04/04/2018,CNW,TX,ASW,CE,Federal Contract Tower,0,0,7,13,20,0,0,90,4,94,0,0,97,17,114,232,38,270,384
04/05/2018,CNW,TX,ASW,CE,Federal Contract Tower,0,0,4,14,18,0,0,46,5,51,0,0,50,19,69,89,20,109,178
04/06/2018,CNW,TX,ASW,CE,Federal Contract Tower,0,0,9,14,23,0,0,24,1,25,0,0,33,15,48,0,2,2,50
04/07/2018,CNW,TX,ASW,CE,Federal Contract Tower,0,0,3,0,3,0,0,1,1,2,0,0,4,1,5,0,20,20,25
04/08/2018,CNW,TX,ASW,CE,Federal Contract Tower,0,0,15,9,24,0,0,26,3,29,0,0,41,12,53,60,6,66,119
04/09/2018,CNW,TX,ASW,CE,Federal Contract Tower,0,0,16,23,39,0,0,46,1,47,0,0,62,24,86,226,90,316,402
04/10/2018,CNW,TX,ASW,CE,Federal Contract Tower,0,0,7,10,17,0,0,113,4,117,0,0,120,14,134,370,122,492,626
04/12/2018,CNW,TX,ASW,CE,Federal Contract Tower,0,0,9,5,14,0,0,28,6,34,0,0,37,11,48,206,34,240,288
04/13/2018,CNW,TX,ASW,CE,Federal Contract Tower,0,0,1,31,32,0,0,15,5,20,0,0,16,36,52,102,86,188,240
04/14/2018,CNW,TX,ASW,CE,Federal Contract Tower,0,0,1,9,10,0,0,4,1,5,0,0,5,10,15,4,0,4,19
04/15/2018,CNW,TX,ASW,CE,Federal Contract Tower,0,0,11,4,15,0,0,15,0,15,0,0,26,4,30,64,0,64,94
04/16/2018,CNW,TX,ASW,CE,Federal Contract Tower,0,0,13,34,47,0,0,87,6,93,0,0,100,40,140,428,114,542,682
04/17/2018,CNW,TX,ASW,CE,Federal Contract Tower,0,0,17,12,29,0,0,30,2,32,0,0,47,14,61,162,62,224,285
04/18/2018,CNW,TX,ASW,CE,Federal Contract Tower,0,0,11,35,46,0,0,62,2,64,0,0,73,37,110,194,70,264,374
04/19/2018,CNW,TX,ASW,CE,Federal Contract Tower,0,0,10,18,28,0,0,99,10,109,0,0,109,28,137,476,82,558,695
04/20/2018,CNW,TX,ASW,CE,Federal Contract Tower,0,0,6,68,74,0,0,66,8,74,0,0,72,76,148,242,54,296,444
04/21/2018,CNW,TX,ASW,CE,Federal Contract Tower,0,0,1,0,1,0,0,1,0,1,0,0,2,0,2,0,0,0,2
04/22/2018,CNW,TX,ASW,CE,Federal Contract Tower,0,0,0,8,8,0,0,14,0,14,0,0,14,8,22,26,0,26,48
04/23/2018,CNW,TX,ASW,CE,Federal Contract Tower,0,0,9,24,33,0,0,82,6,88,0,0,91,30,121,368,96,464,585
04/24/2018,CNW,TX,ASW,CE,Federal Contract Tower,0,0,10,4,14,0,0,74,3,77,0,0,84,7,91,416,4,420,511
04/25/2018,CNW,TX,ASW,CE,Federal Contract Tower,0,0,11,5,16,0,0,39,2,41,0,0,50,7,57,166,16,182,239
04/26/2018,CNW,TX,ASW,CE,Federal Contract Tower,0,0,9,10,19,0,0,82,2,84,0,0,91,12,103,426,58,484,587
04/27/2018,CNW,TX,ASW,CE,Federal Contract Tower,0,0,7,1,8,0,0,78,0,78,0,0,85,1,86,224,0,224,310
04/28/2018,CNW,TX,ASW,CE,Federal Contract Tower,0,0,0,4,4,0,0,21,2,23,0,0,21,6,27,22,6,28,55
04/29/2018,CNW,TX,ASW,CE,Federal Contract Tower,0,0,2,0,2,0,0,3,0,3,0,0,5,0,5,0,0,0,5
04/30/2018,CNW,TX,ASW,CE,Federal Contract Tower,0,0,9,22,31,0,0,29,4,33,0,0,38,26,64,160,18,178,242
05/01/2018,CNW,TX,ASW,CE,Federal Contract Tower,0,0,7,2,9,0,0,19,0,19,0,0,26,2,28,218,0,218,246
05/02/2018,CNW,TX,ASW,CE,Federal Contract Tower,0,0,7,10,17,0,0,7,1,8,0,0,14,11,25,26,8,34,59
05/03/2018,CNW,TX,ASW,CE,Federal Contract Tower,0,0,0,0,0,0,0,6,1,7,0,0,6,1,7,82,18,100,107
05/04/2018,CNW,TX,ASW,CE,Federal Contract Tower,0,0,2,0,2,0,0,0,0,0,0,0,2,0,2,0,0,0,2
05/05/2018,CNW,TX,ASW,CE,Federal Contract Tower,0,0,4,0,4,0,0,13,0,13,0,0,17,0,17,40,0,40,57
05/06/2018,CNW,TX,ASW,CE,Federal Contract Tower,0,0,0,9,9,0,0,6,3,9,0,0,6,12,18,0,0,0,18
05/07/2018,CNW,TX,ASW,CE,Federal Contract Tower,0,0,10,41,51,0,0,71,13,84,0,0,81,54,135,202,162,364,499
05/08/2018,CNW,TX,ASW,CE,Federal Contract Tower,0,0,13,26,39,0,0,70,4,74,0,0,83,30,113,382,160,542,655
05/09/2018,CNW,TX,ASW,CE,Federal Contract Tower,0,0,11,12,23,0,0,82,10,92,0,0,93,22,115,452,118,570,685
05/10/2018,CNW,TX,ASW,CE,Federal Contract Tower,0,0,9,16,25,0,0,48,8,56,0,0,57,24,81,242,86,328,409
05/11/2018,CNW,TX,ASW,CE,Federal Contract Tower,0,0,9,20,29,0,0,37,3,40,0,0,46,23,69,164,52,216,285
05/12/2018,CNW,TX,ASW,CE,Federal Contract Tower,0,0,7,6,13,0,0,5,1,6,0,0,12,7,19,0,10,10,29
05/13/2018,CNW,TX,ASW,CE,Federal Contract Tower,0,0,0,4,4,0,0,0,0,0,0,0,0,4,4,0,0,0,4
05/14/2018,CNW,TX,ASW,CE,Federal Contract Tower,0,0,24,14,38,0,0,66,2,68,0,0,90,16,106,376,12,388,494
05/15/2018,CNW,TX,ASW,CE,Federal Contract Tower,0,0,7,5,12,0,0,72,3,75,0,0,79,8,87,370,34,404,491
05/16/2018,CNW,TX,ASW,CE,Federal Contract Tower,0,0,13,39,52,0,0,88,3,91,0,0,101,42,143,390,38,428,571
05/17/2018,CNW,TX,ASW,CE,Federal Contract Tower,0,0,25,28,53,0,0,96,8,104,0,0,121,36,157,452,48,500,657
05/18/2018,CNW,TX,ASW,CE,Federal Contract Tower,0,0,7,25,32,0,0,45,18,63,0,0,52,43,95,70,112,182,277
05/19/2018,CNW,TX,ASW,CE,Federal Contract Tower,0,0,5,4,9,0,0,16,0,16,0,0,21,4,25,30,0,30,55
05/20/2018,CNW,TX,ASW,CE,Federal Contract Tower,0,0,2,0,2,0,0,4,0,4,0,0,6,0,6,6,0,6,12
05/21/2018,CNW,TX,ASW,CE,Federal Contract Tower,0,0,15,33,48,0,0,51,4,55,0,0,66,37,103,298,98,396,499
05/22/2018,CNW,TX,ASW,CE,Federal Contract Tower,0,0,13,13,26,0,0,55,2,57,0,0,68,15,83,248,56,304,387
05/23/2018,CNW,TX,ASW,CE,Federal Contract Tower,0,0,12,20,32,0,0,57,2,59,0,0,69,22,91,214,18,232,323
05/24/2018,CNW,TX,ASW,CE,Federal Contract Tower,0,0,18,18,36,0,0,55,1,56,0,0,73,19,92,206,36,242,334
05/25/2018,CNW,TX,ASW,CE,Federal Contract Tower,0,0,16,0,16,0,0,47,1,48,0,0,63,1,64,130,8,138,202
05/26/2018,CNW,TX,ASW,CE,Federal Contract Tower,0,0,0,0,0,0,0,10,0,10,0,0,10,0,10,14,0,14,24
05/27/2018,CNW,TX,ASW,CE,Federal Contract Tower,0,0,0,0,0,0,0,9,0,9,0,0,9,0,9,12,0,12,21
05/28/2018,CNW,TX,ASW,CE,Federal Contract Tower,0,0,4,0,4,0,0,36,0,36,0,0,40,0,40,128,0,128,168
05/29/2018,CNW,TX,ASW,CE,Federal Contract Tower,0,0,19,20,39,0,0,71,3,74,0,0,90,23,113,190,50,240,353
05/30/2018,CNW,TX,ASW,CE,Federal Contract Tower,0,0,14,47,61,0,0,56,6,62,0,0,70,53,123,152,56,208,331
05/31/2018,CNW,TX,ASW,CE,Federal Contract Tower,0,0,7,37,44,0,0,50,2,52,0,0,57,39,96,290,58,348,444
06/01/2018,CNW,TX,ASW,CE,Federal Contract Tower,0,0,2,2,4,0,0,35,2,37,0,0,37,4,41,138,24,162,203
06/02/2018,CNW,TX,ASW,CE,Federal Contract Tower,0,0,5,0,5,0,0,12,0,12,0,0,17,0,17,74,0,74,91
06/03/2018,CNW,TX,ASW,CE,Federal Contract Tower,0,0,14,3,17,0,0,17,1,18,0,0,31,4,35,0,0,0,35
06/04/2018,CNW,TX,ASW,CE,Federal Contract Tower,0,0,14,7,21,0,0,39,0,39,0,0,53,7,60,264,18,282,342
06/05/2018,CNW,TX,ASW,CE,Federal Contract Tower,0,0,8,14,22,0,0,59,3,62,0,0,67,17,84,232,20,252,336
06/06/2018,CNW,TX,ASW,CE,Federal Contract Tower,0,0,6,9,15,0,0,55,5,60,0,0,61,14,75,306,28,334,409
06/07/2018,CNW,TX,ASW,CE,Federal Contract Tower,0,0,5,22,27,0,0,64,6,70,0,0,69,28,97,272,102,374,471
06/08/2018,CNW,TX,ASW,CE,Federal Contract Tower,0,0,3,15,18,0,2,40,4,46,0,2,43,19,64,190,56,246,310
06/09/2018,CNW,TX,ASW,CE,Federal Contract Tower,0,0,0,0,0,0,2,9,0,11,0,2,9,0,11,18,0,18,29
06/10/2018,CNW,TX,ASW,CE,Federal Contract Tower,0,0,2,0,2,0,0,11,2,13,0,0,13,2,15,32,0,32,47
06/11/2018,CNW,TX,ASW,CE,Federal Contract Tower,0,0,7,27,34,0,2,39,19,60,0,2,46,46,94,126,90,216,310
06/12/2018,CNW,TX,ASW,CE,Federal Contract Tower,0,0,12,33,45,0,0,47,4,51,0,0,59,37,96,112,124,236,332
06/13/2018,CNW,TX,ASW,CE,Federal Contract Tower,0,0,11,42,53,0,0,44,8,52,0,0,55,50,105,160,160,320,425
06/14/2018,CNW,TX,ASW,CE,Federal Contract Tower,0,0,13,22,35,0,0,83,12,95,0,0,96,34,130,214,76,290,420
06/15/2018,CNW,TX,ASW,CE,Federal Contract Tower,0,0,4,9,13,0,0,41,4,45,0,0,45,13,58,52,66,118,176
06/16/2018,CNW,TX,ASW,CE,Federal Contract Tower,0,0,6,7,13,0,0,10,4,14,0,0,16,11,27,16,16,32,59
06/17/2018,CNW,TX,ASW,CE,Federal Contract Tower,0,0,0,2,2,0,0,6,9,15,0,0,6,11,17,30,0,30,47
06/18/2018,CNW,TX,ASW,CE,Federal Contract Tower,0,0,1,0,1,0,0,18,0,18,0,0,19,0,19,130,0,130,149
06/19/2018,CNW,TX,ASW,CE,Federal Contract Tower,0,0,5,0,5,0,0,6,0,6,0,0,11,0,11,112,0,112,123
06/20/2018,CNW,TX,ASW,CE,Federal Contract Tower,0,0,4,1,5,0,0,18,0,18,0,0,22,1,23,138,0,138,161
06/21/2018,CNW,TX,ASW,CE,Federal Contract Tower,0,0,7,3,10,0,0,48,1,49,0,0,55,4,59,236,6,242,301
06/22/2018,CNW,TX,ASW,CE,Federal Contract Tower,0,0,10,19,29,0,0,50,7,57,0,0,60,26,86,114,98,212,298
06/23/2018,CNW,TX,ASW,CE,Federal Contract Tower,0,0,6,6,12,0,0,5,0,5,0,0,11,6,17,2,0,2,19
06/24/2018,CNW,TX,ASW,CE,Federal Contract Tower,0,0,0,16,16,0,0,5,0,5,0,0,5,16,21,8,2,10,31
06/25/2018,CNW,TX,ASW,CE,Federal Contract Tower,0,0,2,26,28,0,0,40,7,47,0,0,42,33,75,170,36,206,281
06/26/2018,CNW,TX,ASW,CE,Federal Contract Tower,0,0,8,8,16,0,0,56,4,60,0,0,64,12,76,348,34,382,458
06/27/2018,CNW,TX,ASW,CE,Federal Contract Tower,0,0,16,8,24,0,0,48,2,50,0,0,64,10,74,200,4,204,278
06/28/2018,CNW,TX,ASW,CE,Federal Contract Tower,0,0,9,3,12,0,0,71,0,71,0,0,80,3,83,226,32,258,341
06/29/2018,CNW,TX,ASW,CE,Federal Contract Tower,0,0,10,30,40,0,0,44,2,46,0,0,54,32,86,176,54,230,316
06/30/2018,CNW,TX,ASW,CE,Federal Contract Tower,0,0,4,0,4,0,0,9,0,9,0,0,13,0,13,28,0,28,41
07/01/2018,CNW,TX,ASW,CE,Federal Contract Tower,0,0,1,10,11,0,0,4,0,4,0,0,5,10,15,0,6,6,21
07/02/2018,CNW,TX,ASW,CE,Federal Contract Tower,0,0,12,9,21,0,0,78,5,83,0,0,90,14,104,310,110,420,524
07/03/2018,CNW,TX,ASW,CE,Federal Contract Tower,0,0,5,14,19,0,0,62,1,63,0,0,67,15,82,290,24,314,396
07/04/2018,CNW,TX,ASW,CE,Federal Contract Tower,0,0,0,0,0,0,0,19,0,19,0,0,19,0,19,126,0,126,145
07/05/2018,CNW,TX,ASW,CE,Federal Contract Tower,0,0,3,0,3,0,0,58,0,58,0,0,61,0,61,246,0,246,307
07/06/2018,CNW,TX,ASW,CE,Federal Contract Tower,0,0,3,6,9,0,2,17,5,24,0,2,20,11,33,58,16,74,107
07/07/2018,CNW,TX,ASW,CE,Federal Contract Tower,0,0,0,0,0,0,0,6,0,6,0,0,6,0,6,0,0,0,6
07/08/2018,CNW,TX,ASW,CE,Federal Contract Tower,0,0,1,0,1,0,0,5,0,5,0,0,6,0,6,10,0,10,16
07/09/2018,CNW,TX,ASW,CE,Federal Contract Tower,0,0,2,7,9,0,0,21,0,21,0,0,23,7,30,232,62,294,324
07/10/2018,CNW,TX,ASW,CE,Federal Contract Tower,0,0,6,13,19,0,0,52,3,55,0,0,58,16,74,220,32,252,326
07/11/2018,CNW,TX,ASW,CE,Federal Contract Tower,0,0,7,12,19,0,0,59,5,64,0,0,66,17,83,328,46,374,457
07/12/2018,CNW,TX,ASW,CE,Federal Contract Tower,0,0,3,11,14,0,0,65,3,68,0,0,68,14,82,208,36,244,326
07/13/2018,CNW,TX,ASW,CE,Federal Contract Tower,0,0,5,8,13,0,0,57,9,66,0,0,62,17,79,110,68,178,257
07/14/2018,CNW,TX,ASW,CE,Federal Contract Tower,0,0,2,1,3,0,0,22,1,23,0,0,24,2,26,10,16,26,52
07/15/2018,CNW,TX,ASW,CE,Federal Contract Tower,0,0,0,0,0,0,0,0,0,0,0,0,0,0,0,0,0,0,0
07/16/2018,CNW,TX,ASW,CE,Federal Contract Tower,0,0,10,33,43,0,0,76,5,81,0,0,86,38,124,314,70,384,508
07/17/2018,CNW,TX,ASW,CE,Federal Contract Tower,0,0,6,33,39,0,0,61,7,68,0,0,67,40,107,270,42,312,419
07/18/2018,CNW,TX,ASW,CE,Federal Contract Tower,0,0,6,26,32,0,0,72,3,75,0,0,78,29,107,228,36,264,371
07/19/2018,CNW,TX,ASW,CE,Federal Contract Tower,0,0,2,13,15,0,0,59,5,64,0,0,61,18,79,284,46,330,409
07/20/2018,CNW,TX,ASW,CE,Federal Contract Tower,0,1,4,4,9,0,1,57,9,67,0,2,61,13,76,206,38,244,320
07/21/2018,CNW,TX,ASW,CE,Federal Contract Tower,0,0,0,4,4,0,0,12,0,12,0,0,12,4,16,24,0,24,40
07/22/2018,CNW,TX,ASW,CE,Federal Contract Tower,0,0,1,3,4,0,0,9,1,10,0,0,10,4,14,4,6,10,24
07/23/2018,CNW,TX,ASW,CE,Federal Contract Tower,0,0,5,23,28,0,0,39,5,44,0,0,44,28,72,182,116,298,370
07/24/2018,CNW,TX,ASW,CE,Federal Contract Tower,0,0,7,3,10,0,0,46,3,49,0,0,53,6,59,216,44,260,319
07/25/2018,CNW,TX,ASW,CE,Federal Contract Tower,0,0,3,14,17,0,0,69,4,73,0,0,72,18,90,300,50,350,440
07/26/2018,CNW,TX,ASW,CE,Federal Contract Tower,0,0,1,9,10,0,0,68,8,76,0,0,69,17,86,270,78,348,434
07/27/2018,CNW,TX,ASW,CE,Federal Contract Tower,0,0,0,7,7,0,0,35,2,37,0,0,35,9,44,192,58,250,294
07/28/2018,CNW,TX,ASW,CE,Federal Contract Tower,0,0,0,12,12,0,0,15,2,17,0,0,15,14,29,60,0,60,89
07/29/2018,CNW,TX,ASW,CE,Federal Contract Tower,0,0,1,0,1,0,0,3,0,3,0,0,4,0,4,0,0,0,4
07/30/2018,CNW,TX,ASW,CE,Federal Contract Tower,0,0,5,4,9,0,0,50,6,56,0,0,55,10,65,284,110,394,459
07/31/2018,CNW,TX,ASW,CE,Federal Contract Tower,0,0,4,19,23,0,0,60,1,61,0,0,64,20,84,244,58,302,386
08/01/2018,CNW,TX,ASW,CE,Federal Contract Tower,0,0,4,10,14,0,0,77,2,79,0,0,81,12,93,328,80,408,501
08/02/2018,CNW,TX,ASW,CE,Federal Contract Tower,0,0,8,14,22,0,0,66,13,79,0,0,74,27,101,402,82,484,585
08/03/2018,CNW,TX,ASW,CE,Federal Contract Tower,0,0,4,15,19,0,0,53,6,59,0,0,57,21,78,194,66,260,338
08/04/2018,CNW,TX,ASW,CE,Federal Contract Tower,0,0,6,10,16,0,0,10,0,10,0,0,16,10,26,20,4,24,50
08/05/2018,CNW,TX,ASW,CE,Federal Contract Tower,0,0,1,0,1,0,0,10,0,10,0,0,11,0,11,58,0,58,69
08/06/2018,CNW,TX,ASW,CE,Federal Contract Tower,0,0,11,13,24,0,0,69,9,78,0,0,80,22,102,372,122,494,596
08/07/2018,CNW,TX,ASW,CE,Federal Contract Tower,0,0,6,3,9,0,0,73,1,74,0,0,79,4,83,326,6,332,415
08/08/2018,CNW,TX,ASW,CE,Federal Contract Tower,0,0,9,22,31,0,0,59,16,75,0,0,68,38,106,364,176,540,646
08/09/2018,CNW,TX,ASW,CE,Federal Contract Tower,0,0,1,20,21,0,0,55,5,60,0,0,56,25,81,316,74,390,471
08/10/2018,CNW,TX,ASW,CE,Federal Contract Tower,0,0,3,0,3,0,0,27,5,32,0,0,30,5,35,164,34,198,233
08/11/2018,CNW,TX,ASW,CE,Federal Contract Tower,0,0,3,2,5,0,0,5,0,5,0,0,8,2,10,4,0,4,14
08/12/2018,CNW,TX,ASW,CE,Federal Contract Tower,0,0,1,0,1,0,0,2,0,2,0,0,3,0,3,4,0,4,7
08/13/2018,CNW,TX,ASW,CE,Federal Contract Tower,0,0,7,13,20,0,0,14,3,17,0,0,21,16,37,72,48,120,157
08/14/2018,CNW,TX,ASW,CE,Federal Contract Tower,0,0,10,6,16,0,0,48,8,56,0,0,58,14,72,164,90,254,326
08/15/2018,CNW,TX,ASW,CE,Federal Contract Tower,0,0,9,8,17,0,0,59,9,68,0,0,68,17,85,240,98,338,423
08/16/2018,CNW,TX,ASW,CE,Federal Contract Tower,0,0,13,14,27,0,0,43,5,48,0,0,56,19,75,162,32,194,269
08/17/2018,CNW,TX,ASW,CE,Federal Contract Tower,0,0,2,12,14,0,0,48,7,55,0,0,50,19,69,78,54,132,201
08/18/2018,CNW,TX,ASW,CE,Federal Contract Tower,0,0,0,4,4,0,0,8,0,8,0,0,8,4,12,4,0,4,16
08/19/2018,CNW,TX,ASW,CE,Federal Contract Tower,0,0,0,0,0,0,0,4,0,4,0,0,4,0,4,8,0,8,12
08/20/2018,CNW,TX,ASW,CE,Federal Contract Tower,0,0,4,11,15,0,2,45,5,52,0,2,49,16,67,238,64,302,369
08/21/2018,CNW,TX,ASW,CE,Federal Contract Tower,0,0,0,10,10,0,0,57,3,60,0,0,57,13,70,190,154,344,414
08/22/2018,CNW,TX,ASW,CE,Federal Contract Tower,0,0,4,20,24,0,0,74,9,83,0,0,78,29,107,211,116,327,434
08/24/2018,CNW,TX,ASW,CE,Federal Contract Tower,0,0,0,16,16,0,0,29,10,39,0,0,29,26,55,123,98,221,276
08/25/2018,CNW,TX,ASW,CE,Federal Contract Tower,0,0,0,4,4,0,0,18,0,18,0,0,18,4,22,0,6,6,28
08/26/2018,CNW,TX,ASW,CE,Federal Contract Tower,0,0,1,0,1,0,0,7,0,7,0,0,8,0,8,0,0,0,8
08/27/2018,CNW,TX,ASW,CE,Federal Contract Tower,0,0,7,2,9,0,0,55,4,59,0,0,62,6,68,270,20,290,358
08/28/2018,CNW,TX,ASW,CE,Federal Contract Tower,0,0,14,19,33,0,0,50,8,58,0,0,64,27,91,196,86,282,373
08/30/2018,CNW,TX,ASW,CE,Federal Contract Tower,0,0,9,22,31,0,0,67,6,73,0,0,76,28,104,194,48,242,346
08/31/2018,CNW,TX,ASW,CE,Federal Contract Tower,0,0,8,0,8,0,0,59,4,63,0,0,67,4,71,174,34,208,279
09/01/2018,CNW,TX,ASW,CE,Federal Contract Tower,0,0,2,0,2,0,0,25,0,25,0,0,27,0,27,22,0,22,49
09/02/2018,CNW,TX,ASW,CE,Federal Contract Tower,0,0,0,0,0,0,0,3,0,3,0,0,3,0,3,4,0,4,7
09/03/2018,CNW,TX,ASW,CE,Federal Contract Tower,0,0,0,0,0,0,0,11,0,11,0,0,11,0,11,38,0,38,49
09/04/2018,CNW,TX,ASW,CE,Federal Contract Tower,0,0,8,16,24,0,0,28,0,28,0,0,36,16,52,96,22,118,170
09/05/2018,CNW,TX,ASW,CE,Federal Contract Tower,0,0,7,13,20,0,0,77,0,77,0,0,84,13,97,260,120,380,477
09/06/2018,CNW,TX,ASW,CE,Federal Contract Tower,0,0,4,0,4,0,0,55,0,55,0,0,59,0,59,238,0,238,297
09/07/2018,CNW,TX,ASW,CE,Federal Contract Tower,0,0,5,12,17,0,0,61,7,68,0,0,66,19,85,170,82,252,337
09/08/2018,CNW,TX,ASW,CE,Federal Contract Tower,0,0,0,0,0,0,0,0,0,0,0,0,0,0,0,0,0,0,0
09/09/2018,CNW,TX,ASW,CE,Federal Contract Tower,0,0,6,0,6,0,0,8,0,8,0,0,14,0,14,32,0,32,46
09/10/2018,CNW,TX,ASW,CE,Federal Contract Tower,0,0,6,11,17,0,0,68,2,70,0,0,74,13,87,284,88,372,459
09/11/2018,CNW,TX,ASW,CE,Federal Contract Tower,0,0,12,0,12,0,0,4,0,4,0,0,16,0,16,36,0,36,52
09/12/2018,CNW,TX,ASW,CE,Federal Contract Tower,0,0,9,2,11,0,0,22,0,22,0,0,31,2,33,138,0,138,171
09/13/2018,CNW,TX,ASW,CE,Federal Contract Tower,0,0,3,28,31,0,0,61,6,67,0,0,64,34,98,240,76,316,414
09/14/2018,CNW,TX,ASW,CE,Federal Contract Tower,0,0,8,6,14,0,0,23,0,23,0,0,31,6,37,66,12,78,115
09/15/2018,CNW,TX,ASW,CE,Federal Contract Tower,0,0,3,0,3,0,0,11,0,11,0,0,14,0,14,18,0,18,32
09/16/2018,CNW,TX,ASW,CE,Federal Contract Tower,0,0,7,14,21,0,0,7,0,7,0,0,14,14,28,16,0,16,44
09/17/2018,CNW,TX,ASW,CE,Federal Contract Tower,0,0,17,24,41,0,0,115,4,119,0,0,132,28,160,278,44,322,482
09/18/2018,CNW,TX,ASW,CE,Federal Contract Tower,0,0,16,4,20,0,0,126,2,128,0,0,142,6,148,376,42,418,566
09/19/2018,CNW,TX,ASW,CE,Federal Contract Tower,0,0,5,17,22,0,0,112,5,117,0,0,117,22,139,338,72,410,549
09/20/2018,CNW,TX,ASW,CE,Federal Contract Tower,0,0,16,10,26,0,0,48,0,48,0,0,64,10,74,194,22,216,290
09/21/2018,CNW,TX,ASW,CE,Federal Contract Tower,0,2,3,28,33,0,0,18,0,18,0,2,21,28,51,76,16,92,143
09/22/2018,CNW,TX,ASW,CE,Federal Contract Tower,0,1,4,0,5,0,0,1,0,1,0,1,5,0,6,0,0,0,6
09/23/2018,CNW,TX,ASW,CE,Federal Contract Tower,0,0,3,0,3,0,0,0,2,2,0,0,3,2,5,0,0,0,5
09/24/2018,CNW,TX,ASW,CE,Federal Contract Tower,0,0,13,4,17,0,0,54,6,60,0,0,67,10,77,252,30,282,359
09/25/2018,CNW,TX,ASW,CE,Federal Contract Tower,0,0,11,12,23,0,0,74,6,80,0,0,85,18,103,264,24,288,391
09/26/2018,CNW,TX,ASW,CE,Federal Contract Tower,0,0,2,14,16,0,0,15,5,20,0,0,17,19,36,186,50,236,272
09/27/2018,CNW,TX,ASW,CE,Federal Contract Tower,0,0,7,12,19,0,0,101,6,107,0,0,108,18,126,460,106,566,692
09/28/2018,CNW,TX,ASW,CE,Federal Contract Tower,0,0,20,1,21,0,0,54,3,57,0,0,74,4,78,362,22,384,462
09/29/2018,CNW,TX,ASW,CE,Federal Contract Tower,0,0,2,0,2,0,0,4,0,4,0,0,6,0,6,4,0,4,10
09/30/2018,CNW,TX,ASW,CE,Federal Contract Tower,0,0,3,5,8,0,2,9,0,11,0,2,12,5,19,14,0,14,33
10/01/2018,CNW,TX,ASW,CE,Federal Contract Tower,0,0,17,4,21,0,0,24,2,26,0,0,41,6,47,234,0,234,281
10/02/2018,CNW,TX,ASW,CE,Federal Contract Tower,0,0,5,0,5,0,0,44,5,49,0,0,49,5,54,182,36,218,272
10/03/2018,CNW,TX,ASW,CE,Federal Contract Tower,0,0,8,27,35,0,0,67,2,69,0,0,75,29,104,312,48,360,464
10/04/2018,CNW,TX,ASW,CE,Federal Contract Tower,0,0,18,25,43,0,0,75,6,81,0,0,93,31,124,264,92,356,480
10/05/2018,CNW,TX,ASW,CE,Federal Contract Tower,0,0,22,31,53,0,0,56,2,58,0,0,78,33,111,234,30,264,375
10/06/2018,CNW,TX,ASW,CE,Federal Contract Tower,0,0,3,0,3,0,0,4,0,4,0,0,7,0,7,24,0,24,31
10/07/2018,CNW,TX,ASW,CE,Federal Contract Tower,0,0,3,0,3,0,0,6,0,6,0,0,9,0,9,10,0,10,19
10/08/2018,CNW,TX,ASW,CE,Federal Contract Tower,0,0,14,16,30,0,0,21,0,21,0,0,35,16,51,156,0,156,207
10/09/2018,CNW,TX,ASW,CE,Federal Contract Tower,0,0,2,0,2,0,0,1,0,1,0,0,3,0,3,0,0,0,3
10/10/2018,CNW,TX,ASW,CE,Federal Contract Tower,0,0,11,16,27,0,0,106,4,110,0,0,117,20,137,334,80,414,551
10/11/2018,CNW,TX,ASW,CE,Federal Contract Tower,0,0,4,3,7,0,0,102,5,107,0,0,106,8,114,362,68,430,544
10/12/2018,CNW,TX,ASW,CE,Federal Contract Tower,0,0,13,28,41,0,0,74,9,83,0,0,87,37,124,245,82,327,451
10/13/2018,CNW,TX,ASW,CE,Federal Contract Tower,0,1,0,0,1,0,0,1,0,1,0,1,1,0,2,0,0,0,2
10/14/2018,CNW,TX,ASW,CE,Federal Contract Tower,0,1,2,0,3,0,0,0,0,0,0,1,2,0,3,0,0,0,3
10/15/2018,CNW,TX,ASW,CE,Federal Contract Tower,0,3,0,0,3,0,0,0,0,0,0,3,0,0,3,0,0,0,3
10/16/2018,CNW,TX,ASW,CE,Federal Contract Tower,0,0,2,0,2,0,0,0,0,0,0,0,2,0,2,0,0,0,2
10/18/2018,CNW,TX,ASW,CE,Federal Contract Tower,0,0,12,20,32,0,0,51,9,60,0,0,63,29,92,392,192,584,676
10/19/2018,CNW,TX,ASW,CE,Federal Contract Tower,0,0,11,5,16,0,0,7,1,8,0,0,18,6,24,62,0,62,86
10/20/2018,CNW,TX,ASW,CE,Federal Contract Tower,0,0,3,0,3,0,0,4,0,4,0,0,7,0,7,20,0,20,27
10/21/2018,CNW,TX,ASW,CE,Federal Contract Tower,0,0,1,0,1,0,0,17,0,17,0,0,18,0,18,60,0,60,78
10/22/2018,CNW,TX,ASW,CE,Federal Contract Tower,0,0,7,12,19,0,0,94,7,101,0,0,101,19,120,360,62,422,542
10/23/2018,CNW,TX,ASW,CE,Federal Contract Tower,0,0,7,12,19,0,0,92,4,96,0,0,99,16,115,314,96,410,525
10/24/2018,CNW,TX,ASW,CE,Federal Contract Tower,0,0,1,0,1,0,0,5,0,5,0,0,6,0,6,102,0,102,108
10/25/2018,CNW,TX,ASW,CE,Federal Contract Tower,0,0,7,8,15,0,0,38,6,44,0,0,45,14,59,262,56,318,377
10/26/2018,CNW,TX,ASW,CE,Federal Contract Tower,0,0,8,19,27,0,0,92,5,97,0,0,100,24,124,300,44,344,468
10/27/2018,CNW,TX,ASW,CE,Federal Contract Tower,0,0,6,13,19,0,0,45,1,46,0,0,51,14,65,74,10,84,149
10/28/2018,CNW,TX,ASW,CE,Federal Contract Tower,0,0,2,0,2,0,0,16,0,16,0,0,18,0,18,6,0,6,24
10/29/2018,CNW,TX,ASW,CE,Federal Contract Tower,0,0,4,4,8,0,0,74,5,79,0,0,78,9,87,378,24,402,489
10/30/2018,CNW,TX,ASW,CE,Federal Contract Tower,0,0,16,2,18,0,0,49,3,52,0,0,65,5,70,378,24,402,472
10/31/2018,CNW,TX,ASW,CE,Federal Contract Tower,0,0,9,0,9,0,0,2,0,2,0,0,11,0,11,108,0,108,119
11/01/2018,CNW,TX,ASW,CE,Federal Contract Tower,0,0,8,9,17,0,0,74,2,76,0,0,82,11,93,240,8,248,341
11/02/2018,CNW,TX,ASW,CE,Federal Contract Tower,0,0,20,31,51,0,0,61,4,65,0,0,81,35,116,188,18,206,322
11/03/2018,CNW,TX,ASW,CE,Federal Contract Tower,0,0,9,14,23,0,0,15,0,15,0,0,24,14,38,42,14,56,94
11/04/2018,CNW,TX,ASW,CE,Federal Contract Tower,0,0,5,2,7,0,0,19,0,19,0,0,24,2,26,34,0,34,60
11/05/2018,CNW,TX,ASW,CE,Federal Contract Tower,0,0,5,23,28,0,0,30,3,33,0,0,35,26,61,154,66,220,281
11/06/2018,CNW,TX,ASW,CE,Federal Contract Tower,0,0,3,0,3,0,0,11,0,11,0,0,14,0,14,120,0,120,134
11/07/2018,CNW,TX,ASW,CE,Federal Contract Tower,0,0,5,23,28,0,0,0,0,0,0,0,5,23,28,0,0,0,28
11/08/2018,CNW,TX,ASW,CE,Federal Contract Tower,0,0,0,0,0,0,0,0,0,0,0,0,0,0,0,0,0,0,0
11/09/2018,CNW,TX,ASW,CE,Federal Contract Tower,0,0,19,15,34,0,0,41,12,53,0,0,60,27,87,150,58,208,295
11/10/2018,CNW,TX,ASW,CE,Federal Contract Tower,0,0,13,4,17,0,0,18,0,18,0,0,31,4,35,80,10,90,125
11/11/2018,CNW,TX,ASW,CE,Federal Contract Tower,0,0,2,6,8,0,0,4,0,4,0,0,6,6,12,4,0,4,16
11/12/2018,CNW,TX,ASW,CE,Federal Contract Tower,0,0,9,0,9,0,0,5,0,5,0,0,14,0,14,58,0,58,72
11/13/2018,CNW,TX,ASW,CE,Federal Contract Tower,0,0,4,12,16,0,0,33,9,42,0,0,37,21,58,186,88,274,332
11/14/2018,CNW,TX,ASW,CE,Federal Contract Tower,0,0,19,7,26,0,0,84,0,84,0,0,103,7,110,318,32,350,460
11/15/2018,CNW,TX,ASW,CE,Federal Contract Tower,0,0,27,4,31,0,0,80,2,82,0,0,107,6,113,442,0,442,555
11/16/2018,CNW,TX,ASW,CE,Federal Contract Tower,0,0,23,12,35,0,0,89,8,97,0,0,112,20,132,258,72,330,462
11/17/2018,CNW,TX,ASW,CE,Federal Contract Tower,0,0,4,2,6,0,0,15,0,15,0,0,19,2,21,58,0,58,79
11/18/2018,CNW,TX,ASW,CE,Federal Contract Tower,0,0,10,6,16,0,0,14,0,14,0,0,24,6,30,22,0,22,52
11/19/2018,CNW,TX,ASW,CE,Federal Contract Tower,0,0,16,18,34,0,0,68,6,74,0,0,84,24,108,264,106,370,478
11/20/2018,CNW,TX,ASW,CE,Federal Contract Tower,0,0,19,4,23,0,0,76,6,82,0,0,95,10,105,292,86,378,483
11/21/2018,CNW,TX,ASW,CE,Federal Contract Tower,0,0,11,0,11,0,0,67,7,74,0,0,78,7,85,210,26,236,321
11/22/2018,CNW,TX,ASW,CE,Federal Contract Tower,0,0,2,0,2,0,0,4,0,4,0,0,6,0,6,0,0,0,6
11/23/2018,CNW,TX,ASW,CE,Federal Contract Tower,0,0,3,0,3,0,0,0,0,0,0,0,3,0,3,2,0,2,5
11/24/2018,CNW,TX,ASW,CE,Federal Contract Tower,0,0,0,0,0,0,0,10,0,10,0,0,10,0,10,8,0,8,18
11/25/2018,CNW,TX,ASW,CE,Federal Contract Tower,0,0,3,0,3,0,0,7,0,7,0,0,10,0,10,12,0,12,22
11/26/2018,CNW,TX,ASW,CE,Federal Contract Tower,0,0,12,4,16,0,0,65,6,71,0,0,77,10,87,312,60,372,459
11/27/2018,CNW,TX,ASW,CE,Federal Contract Tower,0,0,13,11,24,0,0,54,7,61,0,0,67,18,85,387,74,461,546
11/28/2018,CNW,TX,ASW,CE,Federal Contract Tower,0,0,12,20,32,0,0,57,7,64,0,0,69,27,96,292,66,358,454
11/29/2018,CNW,TX,ASW,CE,Federal Contract Tower,0,0,9,14,23,0,0,50,7,57,0,0,59,21,80,250,78,328,408
11/30/2018,CNW,TX,ASW,CE,Federal Contract Tower,0,0,12,14,26,0,0,11,6,17,0,0,23,20,43,90,30,120,163
12/01/2018,CNW,TX,ASW,CE,Federal Contract Tower,0,0,2,14,16,0,0,18,0,18,0,0,20,14,34,34,10,44,78
12/02/2018,CNW,TX,ASW,CE,Federal Contract Tower,0,0,1,0,1,0,0,19,0,19,0,0,20,0,20,0,0,0,20
12/03/2018,CNW,TX,ASW,CE,Federal Contract Tower,0,0,5,23,28,0,0,78,17,95,0,0,83,40,123,288,90,378,501
12/04/2018,CNW,TX,ASW,CE,Federal Contract Tower,0,0,18,13,31,0,4,79,8,91,0,4,97,21,122,480,88,568,690
12/05/2018,CNW,TX,ASW,CE,Federal Contract Tower,0,0,24,0,24,0,0,83,3,86,0,0,107,3,110,538,28,566,676
12/06/2018,CNW,TX,ASW,CE,Federal Contract Tower,0,0,5,25,30,0,0,9,0,9,0,0,14,25,39,82,0,82,121
12/07/2018,CNW,TX,ASW,CE,Federal Contract Tower,0,0,0,0,0,0,0,0,0,0,0,0,0,0,0,0,0,0,0
12/08/2018,CNW,TX,ASW,CE,Federal Contract Tower,0,0,1,0,1,0,0,0,0,0,0,0,1,0,1,0,0,0,1
12/09/2018,CNW,TX,ASW,CE,Federal Contract Tower,0,0,9,0,9,0,0,19,0,19,0,0,28,0,28,52,0,52,80
12/10/2018,CNW,TX,ASW,CE,Federal Contract Tower,0,0,28,4,32,0,0,73,9,82,0,0,101,13,114,375,104,479,593
12/11/2018,CNW,TX,ASW,CE,Federal Contract Tower,0,0,25,10,35,0,0,76,5,81,0,0,101,15,116,250,46,296,412
12/12/2018,CNW,TX,ASW,CE,Federal Contract Tower,0,0,0,17,17,0,0,6,0,6,0,0,6,17,23,112,42,154,177
12/13/2018,CNW,TX,ASW,CE,Federal Contract Tower,0,0,8,2,10,0,0,12,0,12,0,0,20,2,22,114,46,160,182
12/14/2018,CNW,TX,ASW,CE,Federal Contract Tower,0,0,2,2,4,0,0,2,0,2,0,0,4,2,6,22,0,22,28
12/15/2018,CNW,TX,ASW,CE,Federal Contract Tower,0,0,8,12,20,0,0,23,0,23,0,0,31,12,43,78,4,82,125
12/16/2018,CNW,TX,ASW,CE,Federal Contract Tower,0,0,6,2,8,0,0,8,2,10,0,0,14,4,18,0,10,10,28
12/17/2018,CNW,TX,ASW,CE,Federal Contract Tower,0,0,12,0,12,0,0,84,9,93,0,0,96,9,105,336,62,398,503
12/18/2018,CNW,TX,ASW,CE,Federal Contract Tower,0,0,8,18,26,0,0,42,8,50,0,0,50,26,76,262,68,330,406
12/19/2018,CNW,TX,ASW,CE,Federal Contract Tower,0,0,8,1,9,0,0,0,0,0,0,0,8,1,9,0,0,0,9
12/20/2018,CNW,TX,ASW,CE,Federal Contract Tower,0,0,4,2,6,0,0,13,6,19,0,0,17,8,25,26,20,46,71
12/21/2018,CNW,TX,ASW,CE,Federal Contract Tower,0,0,5,7,12,0,0,58,8,66,0,0,63,15,78,94,82,176,254
12/22/2018,CNW,TX,ASW,CE,Federal Contract Tower,0,0,0,0,0,0,0,9,0,9,0,0,9,0,9,14,0,14,23
12/23/2018,CNW,TX,ASW,CE,Federal Contract Tower,0,2,2,0,4,0,0,6,0,6,0,2,8,0,10,0,0,0,10
12/24/2018,CNW,TX,ASW,CE,Federal Contract Tower,0,0,0,0,0,0,0,2,0,2,0,0,2,0,2,0,0,0,2
12/25/2018,CNW,TX,ASW,CE,Federal Contract Tower,0,0,0,0,0,0,0,0,0,0,0,0,0,0,0,0,0,0,0
12/26/2018,CNW,TX,ASW,CE,Federal Contract Tower,0,0,0,0,0,0,0,0,0,0,0,0,0,0,0,0,0,0,0
12/27/2018,CNW,TX,ASW,CE,Federal Contract Tower,0,0,1,0,1,0,0,14,2,16,0,0,15,2,17,6,14,20,37
12/28/2018,CNW,TX,ASW,CE,Federal Contract Tower,0,0,3,0,3,0,0,24,0,24,0,0,27,0,27,36,0,36,63
12/29/2018,CNW,TX,ASW,CE,Federal Contract Tower,0,0,0,0,0,0,0,4,0,4,0,0,4,0,4,4,0,4,8
12/30/2018,CNW,TX,ASW,CE,Federal Contract Tower,0,0,0,0,0,0,0,0,0,0,0,0,0,0,0,0,0,0,0
12/31/2018,CNW,TX,ASW,CE,Federal Contract Tower,0,0,5,0,5,0,0,14,0,14,0,0,19,0,19,34,0,34,53
01/01/2019,CNW,TX,ASW,CE,Federal Contract Tower,0,0,0,0,0,0,0,0,0,0,0,0,0,0,0,0,0,0,0
01/02/2019,CNW,TX,ASW,CE,Federal Contract Tower,0,0,1,0,1,0,0,0,0,0,0,0,1,0,1,0,0,0,1
01/03/2019,CNW,TX,ASW,CE,Federal Contract Tower,0,0,2,0,2,0,0,0,0,0,0,0,2,0,2,0,0,0,2
01/04/2019,CNW,TX,ASW,CE,Federal Contract Tower,0,0,12,8,20,0,0,46,3,49,0,0,58,11,69,60,44,104,173
01/05/2019,CNW,TX,ASW,CE,Federal Contract Tower,0,0,9,39,48,0,0,20,4,24,0,0,29,43,72,46,28,74,146
01/06/2019,CNW,TX,ASW,CE,Federal Contract Tower,0,0,0,4,4,0,0,0,0,0,0,0,0,4,4,0,0,0,4
01/07/2019,CNW,TX,ASW,CE,Federal Contract Tower,0,0,10,6,16,0,0,45,9,54,0,0,55,15,70,104,38,142,212
01/08/2019,CNW,TX,ASW,CE,Federal Contract Tower,0,0,19,15,34,0,0,62,7,69,0,0,81,22,103,178,60,238,341
01/09/2019,CNW,TX,ASW,CE,Federal Contract Tower,0,0,9,5,14,0,0,88,4,92,0,0,97,9,106,314,94,408,514
01/10/2019,CNW,TX,ASW,CE,Federal Contract Tower,0,0,15,8,23,0,0,72,6,78,0,0,87,14,101,252,42,294,395
01/11/2019,CNW,TX,ASW,CE,Federal Contract Tower,0,0,10,12,22,0,0,39,4,43,0,0,49,16,65,216,26,242,307
01/12/2019,CNW,TX,ASW,CE,Federal Contract Tower,0,0,3,4,7,0,0,10,0,10,0,0,13,4,17,24,0,24,41
01/13/2019,CNW,TX,ASW,CE,Federal Contract Tower,0,0,2,4,6,0,0,7,0,7,0,0,9,4,13,26,16,42,55
01/14/2019,CNW,TX,ASW,CE,Federal Contract Tower,0,0,6,2,8,0,0,37,6,43,0,0,43,8,51,206,50,256,307
01/15/2019,CNW,TX,ASW,CE,Federal Contract Tower,0,0,15,22,37,0,0,61,0,61,0,0,76,22,98,400,10,410,508
01/16/2019,CNW,TX,ASW,CE,Federal Contract Tower,0,0,9,1,10,0,0,0,0,0,0,0,9,1,10,0,0,0,10
01/17/2019,CNW,TX,ASW,CE,Federal Contract Tower,0,0,28,10,38,0,0,86,11,97,0,0,114,21,135,232,92,324,459
01/18/2019,CNW,TX,ASW,CE,Federal Contract Tower,0,0,11,16,27,0,0,4,0,4,0,0,15,16,31,24,0,24,55
01/19/2019,CNW,TX,ASW,CE,Federal Contract Tower,0,0,0,0,0,0,0,0,0,0,0,0,0,0,0,0,0,0,0
01/20/2019,CNW,TX,ASW,CE,Federal Contract Tower,0,0,2,0,2,0,0,38,0,38,0,0,40,0,40,92,0,92,132
01/21/2019,CNW,TX,ASW,CE,Federal Contract Tower,0,0,7,0,7,0,0,67,0,67,0,0,74,0,74,248,0,248,322
01/22/2019,CNW,TX,ASW,CE,Federal Contract Tower,0,0,9,4,13,0,0,29,0,29,0,0,38,4,42,188,10,198,240
01/23/2019,CNW,TX,ASW,CE,Federal Contract Tower,0,0,5,9,14,0,0,53,9,62,0,0,58,18,76,92,94,186,262
01/24/2019,CNW,TX,ASW,CE,Federal Contract Tower,0,0,25,10,35,0,0,95,7,102,0,0,120,17,137,258,52,310,447
01/25/2019,CNW,TX,ASW,CE,Federal Contract Tower,0,0,19,23,42,0,0,84,4,88,0,0,103,27,130,162,56,218,348
01/26/2019,CNW,TX,ASW,CE,Federal Contract Tower,0,0,11,8,19,0,0,4,0,4,0,0,15,8,23,52,4,56,79
01/27/2019,CNW,TX,ASW,CE,Federal Contract Tower,0,0,9,6,15,0,0,25,0,25,0,0,34,6,40,52,0,52,92
01/28/2019,CNW,TX,ASW,CE,Federal Contract Tower,0,0,16,23,39,0,0,79,8,87,0,0,95,31,126,354,64,418,544
01/29/2019,CNW,TX,ASW,CE,Federal Contract Tower,0,0,24,7,31,0,0,67,4,71,0,0,91,11,102,376,76,452,554
01/30/2019,CNW,TX,ASW,CE,Federal Contract Tower,0,0,11,26,37,0,0,66,2,68,0,0,77,28,105,380,92,472,577
01/31/2019,CNW,TX,ASW,CE,Federal Contract Tower,0,0,23,13,36,0,0,21,1,22,0,0,44,14,58,264,0,264,322
02/01/2019,CNW,TX,ASW,CE,Federal Contract Tower,0,4,8,19,31,0,0,10,0,10,0,4,18,19,41,80,0,80,121
02/02/2019,CNW,TX,ASW,CE,Federal Contract Tower,0,0,4,1,5,0,0,0,0,0,0,0,4,1,5,0,0,0,5
02/03/2019,CNW,TX,ASW,CE,Federal Contract Tower,0,0,3,0,3,0,0,4,0,4,0,0,7,0,7,26,0,26,33
02/04/2019,CNW,TX,ASW,CE,Federal Contract Tower,0,0,23,1,24,0,0,51,4,55,0,0,74,5,79,308,26,334,413
02/05/2019,CNW,TX,ASW,CE,Federal Contract Tower,0,0,11,12,23,0,0,25,5,30,0,0,36,17,53,150,26,176,229
02/06/2019,CNW,TX,ASW,CE,Federal Contract Tower,0,0,10,16,26,0,0,2,0,2,0,0,12,16,28,28,0,28,56
02/07/2019,CNW,TX,ASW,CE,Federal Contract Tower,0,0,17,9,26,0,0,33,6,39,0,0,50,15,65,210,86,296,361
02/08/2019,CNW,TX,ASW,CE,Federal Contract Tower,0,0,3,0,3,0,0,16,0,16,0,0,19,0,19,22,0,22,41
02/09/2019,CNW,TX,ASW,CE,Federal Contract Tower,0,0,0,2,2,0,0,0,0,0,0,0,0,2,2,0,0,0,2
02/10/2019,CNW,TX,ASW,CE,Federal Contract Tower,0,0,2,0,2,0,0,0,0,0,0,0,2,0,2,0,0,0,2
02/11/2019,CNW,TX,ASW,CE,Federal Contract Tower,0,0,2,7,9,0,0,0,0,0,0,0,2,7,9,0,0,0,9
02/12/2019,CNW,TX,ASW,CE,Federal Contract Tower,0,0,13,5,18,0,0,80,6,86,0,0,93,11,104,370,60,430,534
02/13/2019,CNW,TX,ASW,CE,Federal Contract Tower,0,0,21,18,39,0,0,95,12,107,0,0,116,30,146,372,90,462,608
02/14/2019,CNW,TX,ASW,CE,Federal Contract Tower,0,0,3,10,13,0,0,37,16,53,0,0,40,26,66,62,194,256,322
02/15/2019,CNW,TX,ASW,CE,Federal Contract Tower,0,0,14,33,47,0,0,68,12,80,0,0,82,45,127,246,212,458,585
02/16/2019,CNW,TX,ASW,CE,Federal Contract Tower,0,0,5,0,5,0,0,0,0,0,0,0,5,0,5,0,0,0,5
02/17/2019,CNW,TX,ASW,CE,Federal Contract Tower,0,0,12,0,12,0,0,16,0,16,0,0,28,0,28,78,0,78,106
02/18/2019,CNW,TX,ASW,CE,Federal Contract Tower,0,0,13,0,13,0,0,86,0,86,0,0,99,0,99,262,0,262,361
02/19/2019,CNW,TX,ASW,CE,Federal Contract Tower,0,0,2,2,4,0,0,2,0,2,0,0,4,2,6,0,0,0,6
02/20/2019,CNW,TX,ASW,CE,Federal Contract Tower,0,0,11,7,18,0,0,77,10,87,0,0,88,17,105,440,52,492,597
02/21/2019,CNW,TX,ASW,CE,Federal Contract Tower,0,0,16,23,39,0,0,70,12,82,0,0,86,35,121,428,166,594,715
02/22/2019,CNW,TX,ASW,CE,Federal Contract Tower,0,0,4,4,8,0,0,0,0,0,0,0,4,4,8,0,0,0,8
02/23/2019,CNW,TX,ASW,CE,Federal Contract Tower,0,0,3,2,5,0,0,6,0,6,0,0,9,2,11,4,0,4,15
02/24/2019,CNW,TX,ASW,CE,Federal Contract Tower,0,0,11,4,15,0,0,44,0,44,0,0,55,4,59,104,0,104,163
02/25/2019,CNW,TX,ASW,CE,Federal Contract Tower,0,0,23,19,42,0,0,76,9,85,0,0,99,28,127,232,126,358,485
02/26/2019,CNW,TX,ASW,CE,Federal Contract Tower,0,0,24,2,26,0,0,0,0,0,0,0,24,2,26,0,0,0,26
02/27/2019,CNW,TX,ASW,CE,Federal Contract Tower,0,0,10,0,10,0,0,22,0,22,0,0,32,0,32,194,0,194,226
02/28/2019,CNW,TX,ASW,CE,Federal Contract Tower,0,0,4,0,4,0,0,2,0,2,0,0,6,0,6,0,0,0,6
03/01/2019,CNW,TX,ASW,CE,Federal Contract Tower,0,0,3,6,9,0,0,3,0,3,0,0,6,6,12,32,0,32,44
03/02/2019,CNW,TX,ASW,CE,Federal Contract Tower,0,0,0,0,0,0,0,0,0,0,0,0,0,0,0,0,0,0,0
03/03/2019,CNW,TX,ASW,CE,Federal Contract Tower,0,0,1,2,3,0,0,0,0,0,0,0,1,2,3,0,0,0,3
03/04/2019,CNW,TX,ASW,CE,Federal Contract Tower,0,0,17,13,30,0,0,65,13,78,0,0,82,26,108,122,132,254,362
03/05/2019,CNW,TX,ASW,CE,Federal Contract Tower,0,0,14,24,38,0,0,82,17,99,0,0,96,41,137,318,176,494,631
03/07/2019,CNW,TX,ASW,CE,Federal Contract Tower,0,0,27,13,40,0,0,71,12,83,0,0,98,25,123,330,118,448,571
03/08/2019,CNW,TX,ASW,CE,Federal Contract Tower,0,0,20,5,25,0,0,25,7,32,0,0,45,12,57,214,30,244,301
03/09/2019,CNW,TX,ASW,CE,Federal Contract Tower,0,0,1,28,29,0,0,5,0,5,0,0,6,28,34,0,28,28,62
03/10/2019,CNW,TX,ASW,CE,Federal Contract Tower,0,0,0,0,0,0,0,2,0,2,0,0,2,0,2,0,0,0,2
03/11/2019,CNW,TX,ASW,CE,Federal Contract Tower,0,0,8,10,18,0,0,3,5,8,0,0,11,15,26,86,16,102,128
03/12/2019,CNW,TX,ASW,CE,Federal Contract Tower,0,0,0,0,0,0,0,0,0,0,0,0,0,0,0,0,0,0,0
03/13/2019,CNW,TX,ASW,CE,Federal Contract Tower,0,0,9,53,62,0,0,28,9,37,0,0,37,62,99,92,132,224,323
03/14/2019,CNW,TX,ASW,CE,Federal Contract Tower,0,0,15,10,25,0,0,78,10,88,0,0,93,20,113,186,76,262,375
03/15/2019,CNW,TX,ASW,CE,Federal Contract Tower,0,1,11,15,27,0,0,45,18,63,0,1,56,33,90,72,126,198,288
03/16/2019,CNW,TX,ASW,CE,Federal Contract Tower,0,0,7,4,11,0,0,5,0,5,0,0,12,4,16,12,0,12,28
03/17/2019,CNW,TX,ASW,CE,Federal Contract Tower,0,0,1,1,2,0,0,21,0,21,0,0,22,1,23,30,0,30,53
03/18/2019,CNW,TX,ASW,CE,Federal Contract Tower,0,2,19,11,32,0,0,99,0,99,0,2,118,11,131,378,12,390,521
03/19/2019,CNW,TX,ASW,CE,Federal Contract Tower,0,0,31,39,70,0,0,95,8,103,0,0,126,47,173,376,164,540,713
03/20/2019,CNW,TX,ASW,CE,Federal Contract Tower,0,0,17,29,46,0,0,72,9,81,0,0,89,38,127,298,152,450,577
03/21/2019,CNW,TX,ASW,CE,Federal Contract Tower,0,0,12,12,24,0,0,86,5,91,0,0,98,17,115,392,52,444,559
03/22/2019,CNW,TX,ASW,CE,Federal Contract Tower,0,0,32,22,54,0,0,74,7,81,0,0,106,29,135,330,68,398,533
03/23/2019,CNW,TX,ASW,CE,Federal Contract Tower,0,0,4,0,4,0,0,3,2,5,0,0,7,2,9,16,14,30,39
03/24/2019,CNW,TX,ASW,CE,Federal Contract Tower,0,0,9,9,18,0,0,10,4,14,0,0,19,13,32,20,52,72,104
03/25/2019,CNW,TX,ASW,CE,Federal Contract Tower,0,0,11,31,42,0,0,57,12,69,0,0,68,43,111,212,140,352,463
03/26/2019,CNW,TX,ASW,CE,Federal Contract Tower,0,0,10,32,42,0,0,73,9,82,0,0,83,41,124,270,110,380,504
03/27/2019,CNW,TX,ASW,CE,Federal Contract Tower,0,0,14,30,44,0,0,111,16,127,0,0,125,46,171,268,72,340,511
03/28/2019,CNW,TX,ASW,CE,Federal Contract Tower,0,0,13,29,42,0,0,38,6,44,0,0,51,35,86,294,58,352,438
03/29/2019,CNW,TX,ASW,CE,Federal Contract Tower,0,0,14,54,68,0,0,17,4,21,0,0,31,58,89,152,38,190,279
03/30/2019,CNW,TX,ASW,CE,Federal Contract Tower,0,0,5,8,13,0,0,2,0,2,0,0,7,8,15,0,8,8,23
03/31/2019,CNW,TX,ASW,CE,Federal Contract Tower,0,0,9,13,22,0,0,13,0,13,0,0,22,13,35,48,0,48,83
04/01/2019,CNW,TX,ASW,CE,Federal Contract Tower,0,0,21,13,34,0,0,85,8,93,0,0,106,21,127,333,90,423,550
04/02/2019,CNW,TX,ASW,CE,Federal Contract Tower,0,0,24,2,26,0,0,85,2,87,0,0,109,4,113,268,32,300,413
04/03/2019,CNW,TX,ASW,CE,Federal Contract Tower,0,0,14,19,33,0,0,66,5,71,0,0,80,24,104,250,62,312,416
04/04/2019,CNW,TX,ASW,CE,Federal Contract Tower,0,2,4,6,12,0,0,15,1,16,0,2,19,7,28,30,20,50,78
04/05/2019,CNW,TX,ASW,CE,Federal Contract Tower,0,0,5,6,11,0,0,6,0,6,0,0,11,6,17,0,0,0,17
04/06/2019,CNW,TX,ASW,CE,Federal Contract Tower,0,0,0,0,0,0,0,1,0,1,0,0,1,0,1,0,0,0,1
04/07/2019,CNW,TX,ASW,CE,Federal Contract Tower,0,0,1,1,2,0,0,1,1,2,0,0,2,2,4,0,0,0,4
04/08/2019,CNW,TX,ASW,CE,Federal Contract Tower,0,0,14,24,38,0,1,91,9,101,0,1,105,33,139,308,98,406,545
04/09/2019,CNW,TX,ASW,CE,Federal Contract Tower,0,0,24,41,65,0,0,103,5,108,0,0,127,46,173,526,88,614,787
04/10/2019,CNW,TX,ASW,CE,Federal Contract Tower,0,0,8,51,59,0,0,32,1,33,0,0,40,52,92,142,46,188,280
04/11/2019,CNW,TX,ASW,CE,Federal Contract Tower,0,0,15,15,30,0,0,86,9,95,0,0,101,24,125,272,92,364,489
04/12/2019,CNW,TX,ASW,CE,Federal Contract Tower,0,0,14,60,74,0,0,60,1,61,0,0,74,61,135,228,24,252,387
04/13/2019,CNW,TX,ASW,CE,Federal Contract Tower,0,0,0,0,0,0,0,0,0,0,0,0,0,0,0,0,0,0,0
04/14/2019,CNW,TX,ASW,CE,Federal Contract Tower,0,0,13,0,13,0,0,20,0,20,0,0,33,0,33,32,0,32,65
04/15/2019,CNW,TX,ASW,CE,Federal Contract Tower,0,0,21,18,39,0,0,60,5,65,0,0,81,23,104,270,84,354,458
04/16/2019,CNW,TX,ASW,CE,Federal Contract Tower,0,0,14,10,24,0,0,44,7,51,0,0,58,17,75,234,42,276,351
04/17/2019,CNW,TX,ASW,CE,Federal Contract Tower,0,0,5,3,8,0,0,6,0,6,0,0,11,3,14,122,0,122,136
04/18/2019,CNW,TX,ASW,CE,Federal Contract Tower,0,0,8,26,34,0,0,15,2,17,0,0,23,28,51,120,30,150,201
04/19/2019,CNW,TX,ASW,CE,Federal Contract Tower,0,2,5,0,7,0,0,32,7,39,0,2,37,7,46,34,50,84,130
04/20/2019,CNW,TX,ASW,CE,Federal Contract Tower,0,0,14,0,14,0,0,25,0,25,0,0,39,0,39,72,0,72,111
04/21/2019,CNW,TX,ASW,CE,Federal Contract Tower,0,0,1,0,1,0,0,3,0,3,0,0,4,0,4,0,0,0,4
04/22/2019,CNW,TX,ASW,CE,Federal Contract Tower,0,0,14,46,60,0,0,47,7,54,0,0,61,53,114,224,80,304,418
04/23/2019,CNW,TX,ASW,CE,Federal Contract Tower,0,0,9,16,25,0,0,10,3,13,0,0,19,19,38,40,22,62,100
04/24/2019,CNW,TX,ASW,CE,Federal Contract Tower,0,0,0,0,0,0,0,0,0,0,0,0,0,0,0,0,0,0,0
04/25/2019,CNW,TX,ASW,CE,Federal Contract Tower,0,0,16,23,39,0,0,91,9,100,0,0,107,32,139,334,114,448,587
04/26/2019,CNW,TX,ASW,CE,Federal Contract Tower,0,0,25,16,41,0,0,80,6,86,0,0,105,22,127,330,46,376,503
04/27/2019,CNW,TX,ASW,CE,Federal Contract Tower,0,0,13,7,20,0,0,35,1,36,0,0,48,8,56,112,0,112,168
04/28/2019,CNW,TX,ASW,CE,Federal Contract Tower,0,0,9,14,23,0,0,19,0,19,0,0,28,14,42,142,12,154,196
04/29/2019,CNW,TX,ASW,CE,Federal Contract Tower,0,0,25,26,51,0,0,37,12,49,0,0,62,38,100,250,92,342,442
04/30/2019,CNW,TX,ASW,CE,Federal Contract Tower,0,0,8,34,42,0,0,11,2,13,0,0,19,36,55,58,72,130,185
05/01/2019,CNW,TX,ASW,CE,Federal Contract Tower,0,0,8,12,20,0,0,16,4,20,0,0,24,16,40,126,36,162,202
05/02/2019,CNW,TX,ASW,CE,Federal Contract Tower,0,0,1,5,6,0,0,11,2,13,0,0,12,7,19,98,20,118,137
05/03/2019,CNW,TX,ASW,CE,Federal Contract Tower,0,0,9,5,14,0,0,21,2,23,0,0,30,7,37,72,4,76,113
05/04/2019,CNW,TX,ASW,CE,Federal Contract Tower,0,0,8,0,8,0,0,15,0,15,0,0,23,0,23,48,0,48,71
05/05/2019,CNW,TX,ASW,CE,Federal Contract Tower,0,0,8,0,8,0,2,31,0,33,0,2,39,0,41,104,0,104,145
05/06/2019,CNW,TX,ASW,CE,Federal Contract Tower,0,0,21,12,33,0,0,64,2,66,0,0,85,14,99,272,86,358,457
05/07/2019,CNW,TX,ASW,CE,Federal Contract Tower,0,0,4,6,10,0,2,14,0,16,0,2,18,6,26,76,0,76,102
05/08/2019,CNW,TX,ASW,CE,Federal Contract Tower,0,0,0,0,0,0,0,2,1,3,0,0,2,1,3,0,12,12,15
05/09/2019,CNW,TX,ASW,CE,Federal Contract Tower,0,0,16,0,16,0,0,37,3,40,0,0,53,3,56,190,50,240,296
05/10/2019,CNW,TX,ASW,CE,Federal Contract Tower,0,0,11,11,22,0,0,16,10,26,0,0,27,21,48,168,138,306,354
05/11/2019,CNW,TX,ASW,CE,Federal Contract Tower,0,0,0,0,0,0,0,0,0,0,0,0,0,0,0,0,0,0,0
05/12/2019,CNW,TX,ASW,CE,Federal Contract Tower,0,0,5,0,5,0,0,36,0,36,0,0,41,0,41,168,0,168,209
05/13/2019,CNW,TX,ASW,CE,Federal Contract Tower,0,0,15,14,29,0,0,93,24,117,0,0,108,38,146,332,220,552,698
05/14/2019,CNW,TX,ASW,CE,Federal Contract Tower,0,0,25,9,34,0,0,50,6,56,0,0,75,15,90,244,128,372,462
05/15/2019,CNW,TX,ASW,CE,Federal Contract Tower,0,0,17,14,31,0,0,88,8,96,0,0,105,22,127,304,122,426,553
05/16/2019,CNW,TX,ASW,CE,Federal Contract Tower,0,0,17,11,28,0,0,86,17,103,0,0,103,28,131,246,152,398,529
05/17/2019,CNW,TX,ASW,CE,Federal Contract Tower,0,0,19,9,28,0,0,35,8,43,0,0,54,17,71,112,50,162,233
05/18/2019,CNW,TX,ASW,CE,Federal Contract Tower,0,0,0,0,0,0,0,0,0,0,0,0,0,0,0,0,0,0,0
05/19/2019,CNW,TX,ASW,CE,Federal Contract Tower,0,0,10,4,14,0,0,41,0,41,0,0,51,4,55,78,0,78,133
05/20/2019,CNW,TX,ASW,CE,Federal Contract Tower,0,0,4,48,52,0,0,4,6,10,0,0,8,54,62,26,64,90,152
05/21/2019,CNW,TX,ASW,CE,Federal Contract Tower,0,0,15,45,60,0,0,45,21,66,0,0,60,66,126,148,48,196,322
05/22/2019,CNW,TX,ASW,CE,Federal Contract Tower,0,0,8,9,17,5,0,0,0,5,5,0,8,9,22,156,16,172,194
05/23/2019,CNW,TX,ASW,CE,Federal Contract Tower,0,0,5,20,25,0,0,28,3,31,0,0,33,23,56,68,66,134,190
05/24/2019,CNW,TX,ASW,CE,Federal Contract Tower,0,0,17,2,19,0,0,30,0,30,0,0,47,2,49,108,0,108,157
05/25/2019,CNW,TX,ASW,CE,Federal Contract Tower,0,0,3,0,3,0,0,10,0,10,0,0,13,0,13,18,0,18,31
05/26/2019,CNW,TX,ASW,CE,Federal Contract Tower,0,0,8,0,8,0,0,14,0,14,0,0,22,0,22,38,0,38,60
05/27/2019,CNW,TX,ASW,CE,Federal Contract Tower,0,0,18,0,18,0,0,43,0,43,0,0,61,0,61,216,0,216,277
05/28/2019,CNW,TX,ASW,CE,Federal Contract Tower,0,0,20,23,43,0,0,39,6,45,0,0,59,29,88,68,124,192,280
05/29/2019,CNW,TX,ASW,CE,Federal Contract Tower,0,0,11,31,42,0,0,10,0,10,0,0,21,31,52,74,14,88,140
05/30/2019,CNW,TX,ASW,CE,Federal Contract Tower,0,0,21,13,34,0,0,60,2,62,0,0,81,15,96,296,36,332,428
05/31/2019,CNW,TX,ASW,CE,Federal Contract Tower,0,0,12,0,12,0,0,34,2,36,0,0,46,2,48,136,16,152,200
06/01/2019,CNW,TX,ASW,CE,Federal Contract Tower,0,0,3,3,6,0,0,25,0,25,0,0,28,3,31,76,0,76,107
06/02/2019,CNW,TX,ASW,CE,Federal Contract Tower,0,0,7,0,7,0,0,25,0,25,0,0,32,0,32,54,0,54,86
06/03/2019,CNW,TX,ASW,CE,Federal Contract Tower,0,0,13,31,44,0,0,90,4,94,0,0,103,35,138,312,80,392,530
06/04/2019,CNW,TX,ASW,CE,Federal Contract Tower,0,0,9,7,16,0,0,39,5,44,0,0,48,12,60,242,62,304,364
06/05/2019,CNW,TX,ASW,CE,Federal Contract Tower,0,0,1,2,3,0,0,6,2,8,0,0,7,4,11,30,2,32,43
06/06/2019,CNW,TX,ASW,CE,Federal Contract Tower,0,0,13,4,17,0,0,59,11,70,0,0,72,15,87,286,66,352,439
06/07/2019,CNW,TX,ASW,CE,Federal Contract Tower,0,0,20,31,51,0,0,64,7,71,0,0,84,38,122,170,52,222,344
06/08/2019,CNW,TX,ASW,CE,Federal Contract Tower,0,0,17,6,23,0,0,36,1,37,0,0,53,7,60,86,0,86,146
06/09/2019,CNW,TX,ASW,CE,Federal Contract Tower,0,0,3,1,4,0,0,15,1,16,0,0,18,2,20,116,6,122,142
06/10/2019,CNW,TX,ASW,CE,Federal Contract Tower,0,0,9,16,25,0,0,82,11,93,0,0,91,27,118,244,138,382,500
06/11/2019,CNW,TX,ASW,CE,Federal Contract Tower,0,0,17,17,34,0,0,79,6,85,0,0,96,23,119,176,84,260,379
06/12/2019,CNW,TX,ASW,CE,Federal Contract Tower,0,0,16,5,21,0,0,82,7,89,0,0,98,12,110,228,70,298,408
06/13/2019,CNW,TX,ASW,CE,Federal Contract Tower,0,0,16,32,48,0,0,61,10,71,0,0,77,42,119,140,94,234,353
06/14/2019,CNW,TX,ASW,CE,Federal Contract Tower,0,0,12,27,39,0,0,41,11,52,0,0,53,38,91,72,84,156,247
06/15/2019,CNW,TX,ASW,CE,Federal Contract Tower,0,0,3,14,17,0,0,2,0,2,0,0,5,14,19,0,0,0,19
06/16/2019,CNW,TX,ASW,CE,Federal Contract Tower,0,0,2,4,6,0,0,2,0,2,0,0,4,4,8,0,0,0,8
06/17/2019,CNW,TX,ASW,CE,Federal Contract Tower,0,0,8,3,11,0,0,34,3,37,0,0,42,6,48,92,8,100,148
06/18/2019,CNW,TX,ASW,CE,Federal Contract Tower,0,0,16,8,24,0,0,51,3,54,0,0,67,11,78,90,34,124,202
06/19/2019,CNW,TX,ASW,CE,Federal Contract Tower,0,2,15,17,34,0,0,48,11,59,0,2,63,28,93,104,98,202,295
06/20/2019,CNW,TX,ASW,CE,Federal Contract Tower,0,0,17,28,45,0,0,45,5,50,0,0,62,33,95,86,92,178,273
06/21/2019,CNW,TX,ASW,CE,Federal Contract Tower,0,0,21,6,27,0,0,26,4,30,0,0,47,10,57,26,72,98,155
06/22/2019,CNW,TX,ASW,CE,Federal Contract Tower,0,0,0,8,8,0,0,10,2,12,0,0,10,10,20,8,0,8,28
06/23/2019,CNW,TX,ASW,CE,Federal Contract Tower,0,0,0,0,0,0,0,2,0,2,0,0,2,0,2,0,0,0,2
06/24/2019,CNW,TX,ASW,CE,Federal Contract Tower,0,0,8,4,12,0,0,21,1,22,0,0,29,5,34,72,6,78,112
06/25/2019,CNW,TX,ASW,CE,Federal Contract Tower,0,0,21,0,21,0,0,47,5,52,0,0,68,5,73,162,0,162,235
06/26/2019,CNW,TX,ASW,CE,Federal Contract Tower,0,0,9,7,16,0,0,46,6,52,0,0,55,13,68,160,36,196,264
06/27/2019,CNW,TX,ASW,CE,Federal Contract Tower,0,0,18,14,32,0,0,25,6,31,0,0,43,20,63,84,42,126,189
06/28/2019,CNW,TX,ASW,CE,Federal Contract Tower,0,2,26,41,69,0,0,53,2,55,0,2,79,43,124,172,76,248,372
06/29/2019,CNW,TX,ASW,CE,Federal Contract Tower,0,0,10,0,10,0,0,24,0,24,0,0,34,0,34,36,0,36,70
06/30/2019,CNW,TX,ASW,CE,Federal Contract Tower,0,0,4,0,4,0,0,6,0,6,0,0,10,0,10,8,0,8,18
07/01/2019,CNW,TX,ASW,CE,Federal Contract Tower,0,0,8,4,12,0,0,53,3,56,0,0,61,7,68,172,32,204,272
07/02/2019,CNW,TX,ASW,CE,Federal Contract Tower,0,0,13,16,29,0,0,27,3,30,0,0,40,19,59,66,32,98,157
07/03/2019,CNW,TX,ASW,CE,Federal Contract Tower,0,0,9,6,15,0,0,20,0,20,0,0,29,6,35,84,0,84,119
07/04/2019,CNW,TX,ASW,CE,Federal Contract Tower,0,0,0,0,0,0,0,12,0,12,0,0,12,0,12,36,0,36,48
07/05/2019,CNW,TX,ASW,CE,Federal Contract Tower,0,0,9,0,9,0,0,10,0,10,0,0,19,0,19,24,0,24,43
07/06/2019,CNW,TX,ASW,CE,Federal Contract Tower,0,0,2,0,2,0,2,5,0,7,0,2,7,0,9,10,0,10,19
07/07/2019,CNW,TX,ASW,CE,Federal Contract Tower,0,0,4,0,4,0,0,9,0,9,0,0,13,0,13,8,0,8,21
07/08/2019,CNW,TX,ASW,CE,Federal Contract Tower,0,0,8,22,30,0,0,47,4,51,0,0,55,26,81,102,38,140,221
07/09/2019,CNW,TX,ASW,CE,Federal Contract Tower,0,0,9,18,27,0,3,52,4,59,0,3,61,22,86,212,36,248,334
07/10/2019,CNW,TX,ASW,CE,Federal Contract Tower,0,0,16,42,58,0,0,75,11,86,0,0,91,53,144,252,136,388,532
07/11/2019,CNW,TX,ASW,CE,Federal Contract Tower,0,0,28,0,28,0,0,59,5,64,0,0,87,5,92,208,18,226,318
07/12/2019,CNW,TX,ASW,CE,Federal Contract Tower,0,3,17,13,33,0,0,60,9,69,0,3,77,22,102,104,82,186,288
07/13/2019,CNW,TX,ASW,CE,Federal Contract Tower,0,0,10,0,10,0,0,11,0,11,0,0,21,0,21,12,0,12,33
07/14/2019,CNW,TX,ASW,CE,Federal Contract Tower,0,0,0,0,0,0,0,13,0,13,0,0,13,0,13,30,0,30,43
07/15/2019,CNW,TX,ASW,CE,Federal Contract Tower,0,0,13,31,44,0,0,63,9,72,0,0,76,40,116,154,118,272,388
07/16/2019,CNW,TX,ASW,CE,Federal Contract Tower,0,0,11,14,25,0,0,47,5,52,0,0,58,19,77,132,98,230,307
07/17/2019,CNW,TX,ASW,CE,Federal Contract Tower,0,0,18,16,34,0,0,45,4,49,0,0,63,20,83,132,98,230,313
07/18/2019,CNW,TX,ASW,CE,Federal Contract Tower,0,0,14,22,36,0,0,55,3,58,0,0,69,25,94,122,72,194,288
07/19/2019,CNW,TX,ASW,CE,Federal Contract Tower,0,0,10,22,32,0,0,34,4,38,0,0,44,26,70,172,134,306,376
07/20/2019,CNW,TX,ASW,CE,Federal Contract Tower,0,0,4,3,7,0,0,10,1,11,0,0,14,4,18,10,0,10,28
07/21/2019,CNW,TX,ASW,CE,Federal Contract Tower,0,0,5,2,7,0,0,5,0,5,0,0,10,2,12,14,0,14,26
07/22/2019,CNW,TX,ASW,CE,Federal Contract Tower,0,0,8,0,8,0,0,34,0,34,0,0,42,0,42,96,0,96,138
07/23/2019,CNW,TX,ASW,CE,Federal Contract Tower,0,0,18,27,45,0,0,27,3,30,0,0,45,30,75,160,192,352,427
07/24/2019,CNW,TX,ASW,CE,Federal Contract Tower,0,0,16,4,20,0,0,72,5,77,0,0,88,9,97,160,74,234,331
07/25/2019,CNW,TX,ASW,CE,Federal Contract Tower,0,0,15,0,15,0,0,75,5,80,0,0,90,5,95,330,56,386,481
07/26/2019,CNW,TX,ASW,CE,Federal Contract Tower,0,0,15,3,18,0,0,53,6,59,0,0,68,9,77,158,40,198,275
07/27/2019,CNW,TX,ASW,CE,Federal Contract Tower,0,0,11,6,17,0,0,12,0,12,0,0,23,6,29,10,6,16,45
07/28/2019,CNW,TX,ASW,CE,Federal Contract Tower,0,0,6,16,22,0,0,9,0,9,0,0,15,16,31,22,0,22,53
07/29/2019,CNW,TX,ASW,CE,Federal Contract Tower,0,0,4,18,22,0,0,43,7,50,0,0,47,25,72,158,132,290,362
07/30/2019,CNW,TX,ASW,CE,Federal Contract Tower,0,0,17,8,25,0,0,40,27,67,0,0,57,35,92,110,46,156,248
08/01/2019,CNW,TX,ASW,CE,Federal Contract Tower,0,0,1,16,17,0,0,54,9,63,0,0,55,25,80,214,72,286,366
08/02/2019,CNW,TX,ASW,CE,Federal Contract Tower,0,0,8,17,25,0,0,51,0,51,0,0,59,17,76,182,40,222,298
08/03/2019,CNW,TX,ASW,CE,Federal Contract Tower,0,0,0,0,0,0,0,5,0,5,0,0,5,0,5,6,0,6,11
08/04/2019,CNW,TX,ASW,CE,Federal Contract Tower,0,0,4,0,4,0,0,4,0,4,0,0,8,0,8,28,0,28,36
08/05/2019,CNW,TX,ASW,CE,Federal Contract Tower,0,0,7,11,18,0,0,47,1,48,0,0,54,12,66,106,28,134,200
08/06/2019,CNW,TX,ASW,CE,Federal Contract Tower,0,0,6,21,27,0,0,57,11,68,0,0,63,32,95,222,76,298,393
08/07/2019,CNW,TX,ASW,CE,Federal Contract Tower,0,0,7,44,51,0,0,51,6,57,0,0,58,50,108,132,102,234,342
08/08/2019,CNW,TX,ASW,CE,Federal Contract Tower,0,0,6,15,21,0,0,39,8,47,0,0,45,23,68,56,70,126,194
08/09/2019,CNW,TX,ASW,CE,Federal Contract Tower,0,0,9,18,27,0,0,25,7,32,0,0,34,25,59,102,50,152,211
08/10/2019,CNW,TX,ASW,CE,Federal Contract Tower,0,0,1,2,3,0,0,3,0,3,0,0,4,2,6,10,0,10,16
08/11/2019,CNW,TX,ASW,CE,Federal Contract Tower,0,0,2,0,2,0,0,10,0,10,0,0,12,0,12,8,0,8,20
08/12/2019,CNW,TX,ASW,CE,Federal Contract Tower,0,0,7,19,26,0,0,35,11,46,0,0,42,30,72,110,192,302,374
08/13/2019,CNW,TX,ASW,CE,Federal Contract Tower,0,0,6,35,41,0,0,24,10,34,0,0,30,45,75,70,164,234,309
08/14/2019,CNW,TX,ASW,CE,Federal Contract Tower,0,0,3,19,22,0,0,23,4,27,0,0,26,23,49,150,24,174,223
08/15/2019,CNW,TX,ASW,CE,Federal Contract Tower,0,0,13,45,58,0,0,52,4,56,0,0,65,49,114,158,114,272,386
08/16/2019,CNW,TX,ASW,CE,Federal Contract Tower,0,0,9,29,38,0,0,26,6,32,0,0,35,35,70,72,30,102,172
08/17/2019,CNW,TX,ASW,CE,Federal Contract Tower,0,0,3,4,7,0,0,5,0,5,0,0,8,4,12,0,2,2,14
08/18/2019,CNW,TX,ASW,CE,Federal Contract Tower,0,0,0,0,0,0,0,5,0,5,0,0,5,0,5,4,0,4,9
08/19/2019,CNW,TX,ASW,CE,Federal Contract Tower,0,0,9,25,34,0,0,29,5,34,0,0,38,30,68,54,66,120,188
08/20/2019,CNW,TX,ASW,CE,Federal Contract Tower,0,0,5,38,43,0,0,28,9,37,0,0,33,47,80,50,106,156,236
08/21/2019,CNW,TX,ASW,CE,Federal Contract Tower,0,0,4,87,91,0,0,50,21,71,0,0,54,108,162,142,94,236,398
08/22/2019,CNW,TX,ASW,CE,Federal Contract Tower,0,0,4,37,41,0,0,37,9,46,0,0,41,46,87,98,42,140,227
08/23/2019,CNW,TX,ASW,CE,Federal Contract Tower,0,0,7,44,51,0,0,23,16,39,0,0,30,60,90,58,178,236,326
08/24/2019,CNW,TX,ASW,CE,Federal Contract Tower,0,0,1,10,11,0,0,12,0,12,0,0,13,10,23,8,0,8,31
08/25/2019,CNW,TX,ASW,CE,Federal Contract Tower,0,0,0,0,0,0,0,11,0,11,0,0,11,0,11,4,0,4,15
08/26/2019,CNW,TX,ASW,CE,Federal Contract Tower,0,0,6,41,47,0,0,14,8,22,0,0,20,49,69,40,56,96,165
08/27/2019,CNW,TX,ASW,CE,Federal Contract Tower,0,0,0,2,2,0,0,4,3,7,0,0,4,5,9,0,50,50,59
08/28/2019,CNW,TX,ASW,CE,Federal Contract Tower,0,0,10,22,32,0,0,22,7,29,0,0,32,29,61,52,88,140,201
08/29/2019,CNW,TX,ASW,CE,Federal Contract Tower,0,0,11,8,19,0,0,24,6,30,0,0,35,14,49,100,68,168,217
08/30/2019,CNW,TX,ASW,CE,Federal Contract Tower,0,0,11,1,12,0,0,24,0,24,0,0,35,1,36,34,0,34,70
08/31/2019,CNW,TX,ASW,CE,Federal Contract Tower,0,0,5,0,5,0,0,3,0,3,0,0,8,0,8,0,0,0,8
09/01/2019,CNW,TX,ASW,CE,Federal Contract Tower,0,0,1,0,1,0,0,1,0,1,0,0,2,0,2,0,0,0,2
09/02/2019,CNW,TX,ASW,CE,Federal Contract Tower,0,0,2,0,2,0,0,15,0,15,0,0,17,0,17,28,0,28,45
09/03/2019,CNW,TX,ASW,CE,Federal Contract Tower,0,0,8,36,44,0,0,33,4,37,0,0,41,40,81,92,52,144,225
09/04/2019,CNW,TX,ASW,CE,Federal Contract Tower,0,0,2,29,31,0,0,42,12,54,0,0,44,41,85,110,58,168,253
09/05/2019,CNW,TX,ASW,CE,Federal Contract Tower,0,0,11,26,37,0,0,34,31,65,0,0,45,57,102,118,44,162,264
09/06/2019,CNW,TX,ASW,CE,Federal Contract Tower,0,0,11,20,31,0,0,35,2,37,0,0,46,22,68,80,80,160,228
09/07/2019,CNW,TX,ASW,CE,Federal Contract Tower,0,0,11,9,20,0,0,10,0,10,0,0,21,9,30,0,0,0,30
09/08/2019,CNW,TX,ASW,CE,Federal Contract Tower,0,0,5,4,9,0,0,6,0,6,0,0,11,4,15,0,0,0,15
09/09/2019,CNW,TX,ASW,CE,Federal Contract Tower,0,0,10,34,44,0,0,25,4,29,0,0,35,38,73,68,92,160,233
09/11/2019,CNW,TX,ASW,CE,Federal Contract Tower,0,0,13,30,43,0,0,7,2,9,0,0,20,32,52,82,46,128,180
09/12/2019,CNW,TX,ASW,CE,Federal Contract Tower,0,1,13,32,46,0,0,41,8,49,0,1,54,40,95,216,90,306,401
09/13/2019,CNW,TX,ASW,CE,Federal Contract Tower,0,0,13,6,19,0,0,55,9,64,0,0,68,15,83,166,42,208,291
09/14/2019,CNW,TX,ASW,CE,Federal Contract Tower,0,0,6,6,12,0,0,17,1,18,0,0,23,7,30,38,16,54,84
09/15/2019,CNW,TX,ASW,CE,Federal Contract Tower,0,0,5,6,11,0,0,15,2,17,0,0,20,8,28,18,8,26,54
09/16/2019,CNW,TX,ASW,CE,Federal Contract Tower,0,0,7,10,17,0,0,51,10,61,0,0,58,20,78,112,80,192,270
09/17/2019,CNW,TX,ASW,CE,Federal Contract Tower,0,0,9,29,38,0,0,31,7,38,0,0,40,36,76,52,86,138,214
09/18/2019,CNW,TX,ASW,CE,Federal Contract Tower,0,0,14,3,17,0,0,25,4,29,0,0,39,7,46,100,24,124,170
09/19/2019,CNW,TX,ASW,CE,Federal Contract Tower,0,0,11,7,18,0,0,28,7,35,0,0,39,14,53,212,28,240,293
09/20/2019,CNW,TX,ASW,CE,Federal Contract Tower,0,0,11,5,16,0,0,12,3,15,0,0,23,8,31,40,32,72,103
09/21/2019,CNW,TX,ASW,CE,Federal Contract Tower,0,0,2,10,12,0,0,8,0,8,0,0,10,10,20,6,0,6,26
09/22/2019,CNW,TX,ASW,CE,Federal Contract Tower,0,0,2,2,4,0,0,0,0,0,0,0,2,2,4,0,12,12,16
09/23/2019,CNW,TX,ASW,CE,Federal Contract Tower,0,0,19,35,54,0,0,38,6,44,0,0,57,41,98,90,184,274,372
09/24/2019,CNW,TX,ASW,CE,Federal Contract Tower,0,0,15,44,59,0,0,30,5,35,0,0,45,49,94,148,84,232,326
09/25/2019,CNW,TX,ASW,CE,Federal Contract Tower,0,0,18,23,41,0,0,51,10,61,0,0,69,33,102,124,34,158,260
09/26/2019,CNW,TX,ASW,CE,Federal Contract Tower,0,0,10,40,50,0,0,47,7,54,0,0,57,47,104,160,84,244,348
09/27/2019,CNW,TX,ASW,CE,Federal Contract Tower,0,0,16,21,37,0,0,18,4,22,0,0,34,25,59,73,18,91,150
09/28/2019,CNW,TX,ASW,CE,Federal Contract Tower,0,0,2,5,7,0,0,11,2,13,0,0,13,7,20,28,8,36,56
09/29/2019,CNW,TX,ASW,CE,Federal Contract Tower,0,0,4,10,14,0,0,7,0,7,0,0,11,10,21,2,2,4,25
09/30/2019,CNW,TX,ASW,CE,Federal Contract Tower,0,0,24,37,61,0,0,36,1,37,0,0,60,38,98,106,50,156,254
10/01/2019,CNW,TX,ASW,CE,Federal Contract Tower,0,0,20,24,44,0,0,49,1,50,0,0,69,25,94,246,48,294,388
10/02/2019,CNW,TX,ASW,CE,Federal Contract Tower,0,0,16,8,24,0,0,28,5,33,0,0,44,13,57,140,16,156,213
10/03/2019,CNW,TX,ASW,CE,Federal Contract Tower,0,0,7,44,51,0,0,71,19,90,0,0,78,63,141,292,90,382,523
10/04/2019,CNW,TX,ASW,CE,Federal Contract Tower,0,2,3,8,13,0,0,32,3,35,0,2,35,11,48,92,20,112,160
10/05/2019,CNW,TX,ASW,CE,Federal Contract Tower,0,0,4,4,8,0,0,6,0,6,0,0,10,4,14,76,0,76,90
10/06/2019,CNW,TX,ASW,CE,Federal Contract Tower,0,0,1,0,1,0,0,2,0,2,0,0,3,0,3,4,0,4,7
10/07/2019,CNW,TX,ASW,CE,Federal Contract Tower,0,0,9,8,17,0,0,17,5,22,0,0,26,13,39,56,8,64,103
10/08/2019,CNW,TX,ASW,CE,Federal Contract Tower,0,0,9,12,21,0,0,40,4,44,0,0,49,16,65,150,34,184,249
10/09/2019,CNW,TX,ASW,CE,Federal Contract Tower,0,0,14,21,35,0,0,31,6,37,0,0,45,27,72,42,50,92,164
10/10/2019,CNW,TX,ASW,CE,Federal Contract Tower,0,0,18,7,25,0,0,28,6,34,0,0,46,13,59,82,36,118,177
10/11/2019,CNW,TX,ASW,CE,Federal Contract Tower,0,0,2,0,2,0,0,0,0,0,0,0,2,0,2,0,0,0,2
10/12/2019,CNW,TX,ASW,CE,Federal Contract Tower,0,0,7,0,7,0,0,17,0,17,0,0,24,0,24,30,0,30,54
10/13/2019,CNW,TX,ASW,CE,Federal Contract Tower,0,0,1,0,1,0,0,20,0,20,0,0,21,0,21,56,0,56,77
10/14/2019,CNW,TX,ASW,CE,Federal Contract Tower,0,0,9,0,9,0,0,6,0,6,0,0,15,0,15,62,0,62,77
10/15/2019,CNW,TX,ASW,CE,Federal Contract Tower,0,0,3,2,5,0,0,4,2,6,0,0,7,4,11,32,22,54,65
10/16/2019,CNW,TX,ASW,CE,Federal Contract Tower,0,0,15,1,16,0,0,55,5,60,0,0,70,6,76,142,60,202,278
10/17/2019,CNW,TX,ASW,CE,Federal Contract Tower,0,0,13,4,17,0,0,63,5,68,0,0,76,9,85,270,44,314,399
10/18/2019,CNW,TX,ASW,CE,Federal Contract Tower,0,0,15,9,24,0,0,51,5,56,0,0,66,14,80,200,34,234,314
10/19/2019,CNW,TX,ASW,CE,Federal Contract Tower,0,0,1,3,4,0,0,8,1,9,0,0,9,4,13,6,0,6,19
10/20/2019,CNW,TX,ASW,CE,Federal Contract Tower,0,0,1,3,4,0,0,11,0,11,0,0,12,3,15,6,0,6,21
10/21/2019,CNW,TX,ASW,CE,Federal Contract Tower,0,0,10,2,12,0,0,50,8,58,0,0,60,10,70,218,48,266,336
10/22/2019,CNW,TX,ASW,CE,Federal Contract Tower,0,3,11,9,23,0,0,47,5,52,0,3,58,14,75,166,44,210,285
10/23/2019,CNW,TX,ASW,CE,Federal Contract Tower,0,0,3,1,4,0,0,40,3,43,0,0,43,4,47,102,14,116,163
10/24/2019,CNW,TX,ASW,CE,Federal Contract Tower,0,0,2,21,23,0,0,16,21,37,0,0,18,42,60,198,238,436,496
10/25/2019,CNW,TX,ASW,CE,Federal Contract Tower,0,0,0,2,2,0,0,0,0,0,0,0,0,2,2,0,0,0,2
10/26/2019,CNW,TX,ASW,CE,Federal Contract Tower,0,0,7,0,7,0,0,8,0,8,0,0,15,0,15,4,0,4,19
10/27/2019,CNW,TX,ASW,CE,Federal Contract Tower,0,0,9,0,9,0,0,12,0,12,0,0,21,0,21,0,0,0,21
10/28/2019,CNW,TX,ASW,CE,Federal Contract Tower,0,0,4,2,6,0,0,0,0,0,0,0,4,2,6,0,0,0,6
10/29/2019,CNW,TX,ASW,CE,Federal Contract Tower,0,0,1,0,1,0,0,0,0,0,0,0,1,0,1,0,0,0,1
10/30/2019,CNW,TX,ASW,CE,Federal Contract Tower,0,0,1,0,1,0,0,2,0,2,0,0,3,0,3,0,0,0,3
10/31/2019,CNW,TX,ASW,CE,Federal Contract Tower,0,0,8,2,10,0,0,50,10,60,0,0,58,12,70,144,80,224,294
11/01/2019,CNW,TX,ASW,CE,Federal Contract Tower,0,0,12,0,12,0,0,55,1,56,0,0,67,1,68,170,34,204,272
11/02/2019,CNW,TX,ASW,CE,Federal Contract Tower,0,0,4,6,10,0,0,14,0,14,0,0,18,6,24,36,0,36,60
11/03/2019,CNW,TX,ASW,CE,Federal Contract Tower,0,0,2,0,2,0,0,11,0,11,0,0,13,0,13,50,0,50,63
11/04/2019,CNW,TX,ASW,CE,Federal Contract Tower,0,0,19,3,22,0,0,59,0,59,0,0,78,3,81,136,16,152,233
11/05/2019,CNW,TX,ASW,CE,Federal Contract Tower,0,0,8,3,11,0,0,9,5,14,0,0,17,8,25,104,62,166,191
11/06/2019,CNW,TX,ASW,CE,Federal Contract Tower,0,0,12,16,28,0,0,45,8,53,0,0,57,24,81,148,72,220,301
11/07/2019,CNW,TX,ASW,CE,Federal Contract Tower,0,0,6,0,6,0,0,0,0,0,0,0,6,0,6,2,0,2,8
11/08/2019,CNW,TX,ASW,CE,Federal Contract Tower,0,0,13,5,18,0,0,14,4,18,0,0,27,9,36,8,44,52,88
11/09/2019,CNW,TX,ASW,CE,Federal Contract Tower,0,0,7,0,7,0,0,16,0,16,0,0,23,0,23,36,0,36,59
11/10/2019,CNW,TX,ASW,CE,Federal Contract Tower,0,0,5,0,5,0,0,17,0,17,0,0,22,0,22,4,0,4,26
11/11/2019,CNW,TX,ASW,CE,Federal Contract Tower,0,0,3,0,3,0,0,4,0,4,0,0,7,0,7,0,0,0,7
11/12/2019,CNW,TX,ASW,CE,Federal Contract Tower,0,0,13,4,17,0,0,57,3,60,0,0,70,7,77,208,42,250,327
11/14/2019,CNW,TX,ASW,CE,Federal Contract Tower,0,0,14,2,16,0,0,20,5,25,0,0,34,7,41,128,58,186,227
11/15/2019,CNW,TX,ASW,CE,Federal Contract Tower,0,0,18,2,20,0,0,40,2,42,0,0,58,4,62,110,60,170,232
11/16/2019,CNW,TX,ASW,CE,Federal Contract Tower,0,0,3,4,7,0,0,15,0,15,0,0,18,4,22,108,0,108,130
11/17/2019,CNW,TX,ASW,CE,Federal Contract Tower,0,0,2,0,2,0,0,21,0,21,0,0,23,0,23,44,0,44,67
11/18/2019,CNW,TX,ASW,CE,Federal Contract Tower,0,0,12,4,16,0,0,72,3,75,0,0,84,7,91,246,44,290,381
11/19/2019,CNW,TX,ASW,CE,Federal Contract Tower,0,0,31,4,35,0,0,65,3,68,0,0,96,7,103,182,74,256,359
11/20/2019,CNW,TX,ASW,CE,Federal Contract Tower,0,0,6,5,11,0,0,11,3,14,0,0,17,8,25,54,38,92,117
11/21/2019,CNW,TX,ASW,CE,Federal Contract Tower,0,0,3,7,10,0,0,3,0,3,0,0,6,7,13,22,8,30,43
11/22/2019,CNW,TX,ASW,CE,Federal Contract Tower,0,0,13,5,18,0,0,7,0,7,0,0,20,5,25,44,0,44,69
11/23/2019,CNW,TX,ASW,CE,Federal Contract Tower,0,0,15,5,20,0,0,35,1,36,0,0,50,6,56,92,0,92,148
11/24/2019,CNW,TX,ASW,CE,Federal Contract Tower,0,0,5,1,6,0,0,8,0,8,0,0,13,1,14,8,0,8,22
11/25/2019,CNW,TX,ASW,CE,Federal Contract Tower,0,0,24,13,37,0,0,57,5,62,0,0,81,18,99,152,26,178,277
11/26/2019,CNW,TX,ASW,CE,Federal Contract Tower,0,0,16,27,43,0,0,11,6,17,0,0,27,33,60,52,26,78,138
11/27/2019,CNW,TX,ASW,CE,Federal Contract Tower,0,0,19,3,22,0,0,36,0,36,0,0,55,3,58,132,32,164,222
11/28/2019,CNW,TX,ASW,CE,Federal Contract Tower,0,0,0,0,0,0,0,0,0,0,0,0,0,0,0,0,0,0,0
11/29/2019,CNW,TX,ASW,CE,Federal Contract Tower,0,0,0,0,0,0,0,0,0,0,0,0,0,0,0,0,0,0,0
11/30/2019,CNW,TX,ASW,CE,Federal Contract Tower,0,0,4,0,4,0,0,2,0,2,0,0,6,0,6,0,0,0,6
12/01/2019,CNW,TX,ASW,CE,Federal Contract Tower,0,0,3,0,3,0,0,11,2,13,0,0,14,2,16,12,6,18,34
12/02/2019,CNW,TX,ASW,CE,Federal Contract Tower,0,0,14,8,22,0,0,55,0,55,0,0,69,8,77,96,0,96,173
12/03/2019,CNW,TX,ASW,CE,Federal Contract Tower,0,0,18,15,33,0,0,42,7,49,0,0,60,22,82,144,108,252,334
12/04/2019,CNW,TX,ASW,CE,Federal Contract Tower,0,0,19,41,60,0,0,40,4,44,0,0,59,45,104,102,80,182,286
12/06/2019,CNW,TX,ASW,CE,Federal Contract Tower,0,0,14,0,14,0,0,39,5,44,0,0,53,5,58,58,70,128,186
12/07/2019,CNW,TX,ASW,CE,Federal Contract Tower,0,0,4,4,8,0,0,7,0,7,0,0,11,4,15,30,0,30,45
12/08/2019,CNW,TX,ASW,CE,Federal Contract Tower,0,0,0,1,1,0,0,9,0,9,0,0,9,1,10,10,0,10,20
12/09/2019,CNW,TX,ASW,CE,Federal Contract Tower,0,0,15,8,23,0,0,50,14,64,0,0,65,22,87,230,78,308,395
12/10/2019,CNW,TX,ASW,CE,Federal Contract Tower,0,0,0,0,0,0,0,2,6,8,0,0,2,6,8,32,54,86,94
12/11/2019,CNW,TX,ASW,CE,Federal Contract Tower,0,0,13,20,33,0,0,33,16,49,0,0,46,36,82,108,82,190,272
12/12/2019,CNW,TX,ASW,CE,Federal Contract Tower,0,0,9,8,17,0,0,54,5,59,0,0,63,13,76,184,120,304,380
12/13/2019,CNW,TX,ASW,CE,Federal Contract Tower,1,0,7,20,28,0,0,52,9,61,1,0,59,29,89,120,108,228,317
12/14/2019,CNW,TX,ASW,CE,Federal Contract Tower,0,0,6,2,8,0,0,13,2,15,0,0,19,4,23,42,0,42,65
12/15/2019,CNW,TX,ASW,CE,Federal Contract Tower,0,0,1,1,2,0,0,2,5,7,0,0,3,6,9,0,2,2,11
12/16/2019,CNW,TX,ASW,CE,Federal Contract Tower,0,0,5,5,10,0,0,7,5,12,0,0,12,10,22,18,14,32,54
12/17/2019,CNW,TX,ASW,CE,Federal Contract Tower,0,0,6,10,16,0,0,56,23,79,0,0,62,33,95,80,132,212,307
12/18/2019,CNW,TX,ASW,CE,Federal Contract Tower,0,0,27,1,28,0,0,64,11,75,0,0,91,12,103,110,64,174,277
12/19/2019,CNW,TX,ASW,CE,Federal Contract Tower,0,0,10,1,11,0,0,37,14,51,0,0,47,15,62,84,46,130,192
12/20/2019,CNW,TX,ASW,CE,Federal Contract Tower,0,0,8,33,41,0,0,11,3,14,0,0,19,36,55,28,34,62,117
12/21/2019,CNW,TX,ASW,CE,Federal Contract Tower,0,0,1,0,1,0,0,1,0,1,0,0,2,0,2,0,0,0,2
12/22/2019,CNW,TX,ASW,CE,Federal Contract Tower,0,0,0,0,0,0,0,6,0,6,0,0,6,0,6,0,0,0,6
12/23/2019,CNW,TX,ASW,CE,Federal Contract Tower,0,0,0,1,1,0,0,8,0,8,0,0,8,1,9,36,0,36,45
12/24/2019,CNW,TX,ASW,CE,Federal Contract Tower,0,0,1,0,1,0,0,6,0,6,0,0,7,0,7,2,0,2,9
12/25/2019,CNW,TX,ASW,CE,Federal Contract Tower,0,0,0,0,0,0,0,2,0,2,0,0,2,0,2,0,0,0,2
12/26/2019,CNW,TX,ASW,CE,Federal Contract Tower,0,0,0,0,0,0,0,1,0,1,0,0,1,0,1,18,0,18,19
12/27/2019,CNW,TX,ASW,CE,Federal Contract Tower,0,0,3,0,3,0,0,4,0,4,0,0,7,0,7,0,0,0,7
12/28/2019,CNW,TX,ASW,CE,Federal Contract Tower,0,0,1,0,1,0,0,0,0,0,0,0,1,0,1,0,0,0,1
12/29/2019,CNW,TX,ASW,CE,Federal Contract Tower,0,0,0,0,0,0,0,15,0,15,0,0,15,0,15,16,0,16,31
12/30/2019,CNW,TX,ASW,CE,Federal Contract Tower,0,2,1,0,3,0,0,9,0,9,0,2,10,0,12,2,0,2,14
12/31/2019,CNW,TX,ASW,CE,Federal Contract Tower,0,0,1,0,1,0,0,6,0,6,0,0,7,0,7,0,0,0,7
01/01/2020,CNW,TX,ASW,CE,Federal Contract Tower,0,0,0,0,0,0,0,0,0,0,0,0,0,0,0,0,0,0,0
01/02/2020,CNW,TX,ASW,CE,Federal Contract Tower,0,0,3,0,3,0,0,12,0,12,0,0,15,0,15,20,0,20,35
01/03/2020,CNW,TX,ASW,CE,Federal Contract Tower,0,0,6,0,6,0,0,4,0,4,0,0,10,0,10,4,0,4,14
01/04/2020,CNW,TX,ASW,CE,Federal Contract Tower,0,0,2,0,2,0,0,7,0,7,0,0,9,0,9,4,0,4,13
01/05/2020,CNW,TX,ASW,CE,Federal Contract Tower,0,0,0,0,0,0,0,11,0,11,0,0,11,0,11,8,0,8,19
01/06/2020,CNW,TX,ASW,CE,Federal Contract Tower,0,0,9,7,16,0,0,36,2,38,0,0,45,9,54,54,40,94,148
01/07/2020,CNW,TX,ASW,CE,Federal Contract Tower,0,0,6,2,8,0,0,40,0,40,0,0,46,2,48,82,36,118,166
01/08/2020,CNW,TX,ASW,CE,Federal Contract Tower,0,0,10,12,22,0,0,28,20,48,0,0,38,32,70,42,132,174,244
01/09/2020,CNW,TX,ASW,CE,Federal Contract Tower,0,0,7,0,7,0,0,3,4,7,0,0,10,4,14,0,18,18,32
01/10/2020,CNW,TX,ASW,CE,Federal Contract Tower,0,0,2,2,4,0,0,1,0,1,0,0,3,2,5,8,12,20,25
01/11/2020,CNW,TX,ASW,CE,Federal Contract Tower,0,0,0,7,7,0,0,4,8,12,0,0,4,15,19,0,0,0,19
01/12/2020,CNW,TX,ASW,CE,Federal Contract Tower,0,0,1,2,3,0,0,12,0,12,0,0,13,2,15,0,12,12,27
01/13/2020,CNW,TX,ASW,CE,Federal Contract Tower,0,0,10,2,12,0,0,4,0,4,0,0,14,2,16,54,0,54,70
01/14/2020,CNW,TX,ASW,CE,Federal Contract Tower,0,0,3,2,5,0,0,11,3,14,0,0,14,5,19,114,20,134,153
01/16/2020,CNW,TX,ASW,CE,Federal Contract Tower,0,0,4,0,4,0,0,0,0,0,0,0,4,0,4,0,0,0,4
01/17/2020,CNW,TX,ASW,CE,Federal Contract Tower,0,0,0,0,0,0,0,0,0,0,0,0,0,0,0,0,0,0,0
01/18/2020,CNW,TX,ASW,CE,Federal Contract Tower,0,0,9,0,9,0,0,25,0,25,0,0,34,0,34,22,0,22,56
01/19/2020,CNW,TX,ASW,CE,Federal Contract Tower,0,0,6,0,6,0,0,38,0,38,0,0,44,0,44,68,0,68,112
01/20/2020,CNW,TX,ASW,CE,Federal Contract Tower,0,0,11,0,11,0,0,65,0,65,0,0,76,0,76,150,0,150,226
01/21/2020,CNW,TX,ASW,CE,Federal Contract Tower,0,0,14,31,45,0,0,63,17,80,0,0,77,48,125,192,238,430,555
01/22/2020,CNW,TX,ASW,CE,Federal Contract Tower,0,0,0,0,0,0,0,0,0,0,0,0,0,0,0,0,0,0,0
01/23/2020,CNW,TX,ASW,CE,Federal Contract Tower,0,0,28,4,32,0,0,15,7,22,0,0,43,11,54,78,48,126,180
01/24/2020,CNW,TX,ASW,CE,Federal Contract Tower,0,0,19,26,45,0,0,60,20,80,0,0,79,46,125,102,206,308,433
01/25/2020,CNW,TX,ASW,CE,Federal Contract Tower,0,0,13,16,29,0,0,11,0,11,0,0,24,16,40,34,0,34,74
01/26/2020,CNW,TX,ASW,CE,Federal Contract Tower,0,0,1,0,1,0,0,9,0,9,0,0,10,0,10,18,0,18,28
01/27/2020,CNW,TX,ASW,CE,Federal Contract Tower,0,0,6,1,7,0,0,27,9,36,0,0,33,10,43,38,56,94,137
01/28/2020,CNW,TX,ASW,CE,Federal Contract Tower,0,0,9,5,14,0,0,1,0,1,0,0,10,5,15,30,14,44,59
01/29/2020,CNW,TX,ASW,CE,Federal Contract Tower,0,0,14,13,27,0,0,23,1,24,0,0,37,14,51,80,0,80,131
01/30/2020,CNW,TX,ASW,CE,Federal Contract Tower,0,0,3,9,12,0,0,0,0,0,0,0,3,9,12,0,0,0,12
01/31/2020,CNW,TX,ASW,CE,Federal Contract Tower,0,0,13,8,21,0,0,52,10,62,0,0,65,18,83,112,36,148,231
02/01/2020,CNW,TX,ASW,CE,Federal Contract Tower,0,0,17,0,17,0,0,27,0,27,0,0,44,0,44,4,0,4,48
02/02/2020,CNW,TX,ASW,CE,Federal Contract Tower,0,0,5,4,9,0,0,12,0,12,0,0,17,4,21,4,0,4,25
02/03/2020,CNW,TX,ASW,CE,Federal Contract Tower,0,0,13,11,24,0,0,25,1,26,0,0,38,12,50,38,68,106,156
02/04/2020,CNW,TX,ASW,CE,Federal Contract Tower,0,0,13,40,53,0,0,2,3,5,0,0,15,43,58,24,0,24,82
02/05/2020,CNW,TX,ASW,CE,Federal Contract Tower,0,0,0,8,8,0,0,2,0,2,0,0,2,8,10,30,0,30,40
02/06/2020,CNW,TX,ASW,CE,Federal Contract Tower,0,0,7,3,10,0,0,46,26,72,0,0,53,29,82,64,108,172,254
02/07/2020,CNW,TX,ASW,CE,Federal Contract Tower,0,0,9,15,24,0,0,66,14,80,0,0,75,29,104,64,44,108,212
02/08/2020,CNW,TX,ASW,CE,Federal Contract Tower,0,0,2,4,6,0,0,20,0,20,0,0,22,4,26,20,0,20,46
02/09/2020,CNW,TX,ASW,CE,Federal Contract Tower,0,0,1,0,1,0,0,0,0,0,0,0,1,0,1,0,0,0,1
02/10/2020,CNW,TX,ASW,CE,Federal Contract Tower,0,0,8,5,13,0,0,1,0,1,0,0,9,5,14,8,36,44,58
02/11/2020,CNW,TX,ASW,CE,Federal Contract Tower,0,0,0,9,9,0,0,0,0,0,0,0,0,9,9,0,0,0,9
02/12/2020,CNW,TX,ASW,CE,Federal Contract Tower,0,0,14,5,19,0,0,6,0,6,0,0,20,5,25,24,6,30,55
02/13/2020,CNW,TX,ASW,CE,Federal Contract Tower,0,0,12,8,20,0,0,49,8,57,0,0,61,16,77,124,40,164,241
02/14/2020,CNW,TX,ASW,CE,Federal Contract Tower,0,0,20,36,56,0,0,56,9,65,0,0,76,45,121,122,140,262,383
02/15/2020,CNW,TX,ASW,CE,Federal Contract Tower,0,0,10,0,10,0,0,10,0,10,0,0,20,0,20,16,0,16,36
02/16/2020,CNW,TX,ASW,CE,Federal Contract Tower,0,0,2,0,2,0,0,7,0,7,0,0,9,0,9,0,0,0,9
02/17/2020,CNW,TX,ASW,CE,Federal Contract Tower,0,16,10,0,26,0,0,27,8,35,0,16,37,8,61,138,8,146,207
02/18/2020,CNW,TX,ASW,CE,Federal Contract Tower,0,0,9,5,14,0,0,0,0,0,0,0,9,5,14,0,0,0,14
02/19/2020,CNW,TX,ASW,CE,Federal Contract Tower,0,0,6,0,6,0,0,0,0,0,0,0,6,0,6,0,0,0,6
02/20/2020,CNW,TX,ASW,CE,Federal Contract Tower,0,0,10,2,12,0,0,6,7,13,0,0,16,9,25,12,72,84,109
02/21/2020,CNW,TX,ASW,CE,Federal Contract Tower,0,0,18,3,21,0,0,74,16,90,0,0,92,19,111,74,88,162,273
02/22/2020,CNW,TX,ASW,CE,Federal Contract Tower,0,22,19,0,41,0,0,14,0,14,0,22,33,0,55,8,0,8,63
02/23/2020,CNW,TX,ASW,CE,Federal Contract Tower,0,0,1,2,3,0,0,0,0,0,0,0,1,2,3,0,0,0,3
02/24/2020,CNW,TX,ASW,CE,Federal Contract Tower,0,0,7,2,9,0,0,51,9,60,0,0,58,11,69,50,70,120,189
02/25/2020,CNW,TX,ASW,CE,Federal Contract Tower,0,0,21,5,26,0,0,52,5,57,0,0,73,10,83,140,52,192,275
02/26/2020,CNW,TX,ASW,CE,Federal Contract Tower,0,0,2,11,13,0,0,7,18,25,0,0,9,29,38,10,110,120,158
02/27/2020,CNW,TX,ASW,CE,Federal Contract Tower,0,0,19,27,46,0,0,57,5,62,0,0,76,32,108,154,64,218,326
02/28/2020,CNW,TX,ASW,CE,Federal Contract Tower,0,0,15,7,22,0,0,58,5,63,0,0,73,12,85,142,108,250,335
02/29/2020,CNW,TX,ASW,CE,Federal Contract Tower,0,0,1,2,3,0,0,4,0,4,0,0,5,2,7,0,0,0,7
03/01/2020,CNW,TX,ASW,CE,Federal Contract Tower,0,0,2,4,6,0,0,7,0,7,0,0,9,4,13,34,0,34,47
03/02/2020,CNW,TX,ASW,CE,Federal Contract Tower,0,0,10,24,34,0,0,13,0,13,0,0,23,24,47,106,0,106,153
03/03/2020,CNW,TX,ASW,CE,Federal Contract Tower,0,0,6,11,17,0,0,21,10,31,0,0,27,21,48,56,124,180,228
03/04/2020,CNW,TX,ASW,CE,Federal Contract Tower,0,0,0,0,0,0,0,0,0,0,0,0,0,0,0,0,0,0,0
03/05/2020,CNW,TX,ASW,CE,Federal Contract Tower,0,0,9,9,18,0,0,56,3,59,0,0,65,12,77,188,48,236,313
03/06/2020,CNW,TX,ASW,CE,Federal Contract Tower,0,0,8,6,14,0,0,34,10,44,0,0,42,16,58,94,84,178,236
03/07/2020,CNW,TX,ASW,CE,Federal Contract Tower,0,0,9,11,20,0,2,10,2,14,0,2,19,13,34,16,18,34,68
03/08/2020,CNW,TX,ASW,CE,Federal Contract Tower,0,0,0,7,7,0,0,1,0,1,0,0,1,7,8,0,6,6,14
03/09/2020,CNW,TX,ASW,CE,Federal Contract Tower,0,0,0,8,8,0,0,0,0,0,0,0,0,8,8,0,0,0,8
03/10/2020,CNW,TX,ASW,CE,Federal Contract Tower,0,0,13,21,34,0,0,3,0,3,0,0,16,21,37,38,0,38,75
03/11/2020,CNW,TX,ASW,CE,Federal Contract Tower,0,0,7,5,12,0,0,32,5,37,0,0,39,10,49,98,114,212,261
03/12/2020,CNW,TX,ASW,CE,Federal Contract Tower,0,0,14,15,29,0,0,24,8,32,0,0,38,23,61,82,46,128,189
03/13/2020,CNW,TX,ASW,CE,Federal Contract Tower,0,2,2,24,28,0,0,0,4,4,0,2,2,28,32,0,46,46,78
03/14/2020,CNW,TX,ASW,CE,Federal Contract Tower,0,0,0,0,0,0,0,4,0,4,0,0,4,0,4,0,0,0,4
03/15/2020,CNW,TX,ASW,CE,Federal Contract Tower,0,0,0,0,0,0,0,1,0,1,0,0,1,0,1,0,0,0,1
03/16/2020,CNW,TX,ASW,CE,Federal Contract Tower,0,16,4,26,46,0,0,0,7,7,0,16,4,33,53,0,46,46,99
03/17/2020,CNW,TX,ASW,CE,Federal Contract Tower,0,0,2,6,8,0,0,0,5,5,0,0,2,11,13,0,10,10,23
03/18/2020,CNW,TX,ASW,CE,Federal Contract Tower,0,0,2,20,22,0,0,4,3,7,0,0,6,23,29,0,42,42,71
03/19/2020,CNW,TX,ASW,CE,Federal Contract Tower,0,0,0,0,0,0,0,0,9,9,0,0,0,9,9,0,26,26,35
03/20/2020,CNW,TX,ASW,CE,Federal Contract Tower,0,0,0,3,3,0,0,0,0,0,0,0,0,3,3,0,0,0,3
03/21/2020,CNW,TX,ASW,CE,Federal Contract Tower,0,0,4,0,4,0,0,0,0,0,0,0,4,0,4,0,0,0,4
03/22/2020,CNW,TX,ASW,CE,Federal Contract Tower,0,0,0,0,0,0,0,0,0,0,0,0,0,0,0,0,0,0,0
03/23/2020,CNW,TX,ASW,CE,Federal Contract Tower,0,0,0,14,14,0,0,0,1,1,0,0,0,15,15,0,22,22,37
03/24/2020,CNW,TX,ASW,CE,Federal Contract Tower,0,0,0,7,7,0,0,13,1,14,0,0,13,8,21,46,14,60,81
03/25/2020,CNW,TX,ASW,CE,Federal Contract Tower,0,0,0,10,10,0,0,3,13,16,0,0,3,23,26,0,74,74,100
03/26/2020,CNW,TX,ASW,CE,Federal Contract Tower,0,0,0,6,6,0,0,2,5,7,0,0,2,11,13,0,26,26,39
03/27/2020,CNW,TX,ASW,CE,Federal Contract Tower,0,0,0,22,22,0,0,0,2,2,0,0,0,24,24,0,82,82,106
03/28/2020,CNW,TX,ASW,CE,Federal Contract Tower,0,0,0,0,0,0,0,0,0,0,0,0,0,0,0,0,0,0,0
03/29/2020,CNW,TX,ASW,CE,Federal Contract Tower,0,0,0,0,0,0,0,8,0,8,0,0,8,0,8,0,0,0,8
03/30/2020,CNW,TX,ASW,CE,Federal Contract Tower,0,0,0,0,0,0,0,0,0,0,0,0,0,0,0,0,0,0,0
03/31/2020,CNW,TX,ASW,CE,Federal Contract Tower,0,12,0,5,17,0,0,7,11,18,0,12,7,16,35,0,76,76,111
04/02/2020,CNW,TX,ASW,CE,Federal Contract Tower,0,0,0,4,4,0,0,2,0,2,0,0,2,4,6,0,0,0,6
04/03/2020,CNW,TX,ASW,CE,Federal Contract Tower,0,0,0,0,0,0,0,0,0,0,0,0,0,0,0,0,0,0,0
04/04/2020,CNW,TX,ASW,CE,Federal Contract Tower,0,0,0,0,0,0,0,0,0,0,0,0,0,0,0,0,0,0,0
04/05/2020,CNW,TX,ASW,CE,Federal Contract Tower,0,0,0,0,0,0,0,0,0,0,0,0,0,0,0,0,0,0,0
04/06/2020,CNW,TX,ASW,CE,Federal Contract Tower,0,0,0,0,0,0,0,0,7,7,0,0,0,7,7,0,42,42,49
04/07/2020,CNW,TX,ASW,CE,Federal Contract Tower,0,0,2,2,4,0,0,4,6,10,0,0,6,8,14,0,28,28,42
04/08/2020,CNW,TX,ASW,CE,Federal Contract Tower,0,0,0,0,0,0,0,22,8,30,0,0,22,8,30,98,44,142,172
04/09/2020,CNW,TX,ASW,CE,Federal Contract Tower,0,0,4,6,10,0,2,0,0,2,0,2,4,6,12,0,12,12,24
04/10/2020,CNW,TX,ASW,CE,Federal Contract Tower,0,0,2,3,5,0,0,5,6,11,0,0,7,9,16,0,36,36,52
04/11/2020,CNW,TX,ASW,CE,Federal Contract Tower,0,0,0,0,0,0,0,0,0,0,0,0,0,0,0,0,0,0,0
04/12/2020,CNW,TX,ASW,CE,Federal Contract Tower,0,0,2,0,2,0,0,7,0,7,0,0,9,0,9,10,0,10,19
04/13/2020,CNW,TX,ASW,CE,Federal Contract Tower,0,1,2,16,19,0,0,9,13,22,0,1,11,29,41,0,118,118,159
04/14/2020,CNW,TX,ASW,CE,Federal Contract Tower,0,0,2,1,3,0,0,5,9,14,0,0,7,10,17,0,36,36,53
04/15/2020,CNW,TX,ASW,CE,Federal Contract Tower,0,1,2,7,10,0,2,12,6,20,0,3,14,13,30,46,50,96,126
04/16/2020,CNW,TX,ASW,CE,Federal Contract Tower,0,0,0,26,26,0,0,8,0,8,0,0,8,26,34,20,70,90,124
04/17/2020,CNW,TX,ASW,CE,Federal Contract Tower,0,1,3,0,4,0,0,0,0,0,0,1,3,0,4,0,0,0,4
04/18/2020,CNW,TX,ASW,CE,Federal Contract Tower,0,0,3,14,17,0,0,2,4,6,0,0,5,18,23,4,104,108,131
04/19/2020,CNW,TX,ASW,CE,Federal Contract Tower,0,0,0,0,0,0,0,0,0,0,0,0,0,0,0,0,0,0,0
04/20/2020,CNW,TX,ASW,CE,Federal Contract Tower,0,0,4,13,17,0,0,9,8,17,0,0,13,21,34,0,100,100,134
04/21/2020,CNW,TX,ASW,CE,Federal Contract Tower,0,0,8,14,22,0,0,6,16,22,0,0,14,30,44,6,72,78,122
04/22/2020,CNW,TX,ASW,CE,Federal Contract Tower,0,0,2,6,8,0,0,0,2,2,0,0,2,8,10,0,20,20,30
04/23/2020,CNW,TX,ASW,CE,Federal Contract Tower,0,0,1,6,7,0,0,8,9,17,0,0,9,15,24,4,108,112,136
04/24/2020,CNW,TX,ASW,CE,Federal Contract Tower,0,0,4,14,18,0,0,8,2,10,0,0,12,16,28,6,76,82,110
04/25/2020,CNW,TX,ASW,CE,Federal Contract Tower,0,0,1,0,1,0,0,2,0,2,0,0,3,0,3,4,0,4,7
04/26/2020,CNW,TX,ASW,CE,Federal Contract Tower,0,0,1,0,1,0,0,9,0,9,0,0,10,0,10,0,0,0,10
04/27/2020,CNW,TX,ASW,CE,Federal Contract Tower,0,0,0,12,12,0,0,2,5,7,0,0,2,17,19,0,38,38,57
04/28/2020,CNW,TX,ASW,CE,Federal Contract Tower,0,0,1,40,41,0,0,1,11,12,0,0,2,51,53,0,82,82,135
04/29/2020,CNW,TX,ASW,CE,Federal Contract Tower,0,0,3,16,19,0,0,3,0,3,0,0,6,16,22,14,104,118,140
04/30/2020,CNW,TX,ASW,CE,Federal Contract Tower,0,0,2,4,6,0,0,23,6,29,0,0,25,10,35,34,56,90,125
05/01/2020,CNW,TX,ASW,CE,Federal Contract Tower,0,0,2,29,31,0,0,0,0,0,0,0,2,29,31,10,48,58,89
05/02/2020,CNW,TX,ASW,CE,Federal Contract Tower,0,0,2,39,41,0,0,0,3,3,0,0,2,42,44,0,34,34,78
05/03/2020,CNW,TX,ASW,CE,Federal Contract Tower,0,0,2,0,2,0,0,9,0,9,0,0,11,0,11,0,0,0,11
05/04/2020,CNW,TX,ASW,CE,Federal Contract Tower,0,0,6,14,20,0,0,17,11,28,0,0,23,25,48,0,124,124,172
05/05/2020,CNW,TX,ASW,CE,Federal Contract Tower,0,0,1,0,1,0,0,3,4,7,0,0,4,4,8,0,34,34,42
05/06/2020,CNW,TX,ASW,CE,Federal Contract Tower,0,0,2,0,2,0,0,4,9,13,0,0,6,9,15,0,92,92,107
05/07/2020,CNW,TX,ASW,CE,Federal Contract Tower,0,0,3,25,28,0,0,3,3,6,0,0,6,28,34,0,62,62,96
05/08/2020,CNW,TX,ASW,CE,Federal Contract Tower,0,0,4,10,14,0,0,3,0,3,0,0,7,10,17,0,66,66,83
05/09/2020,CNW,TX,ASW,CE,Federal Contract Tower,0,0,2,8,10,0,0,2,3,5,0,0,4,11,15,0,48,48,63
05/10/2020,CNW,TX,ASW,CE,Federal Contract Tower,0,0,0,0,0,0,0,4,0,4,0,0,4,0,4,10,0,10,14
05/11/2020,CNW,TX,ASW,CE,Federal Contract Tower,0,0,8,8,16,0,0,41,9,50,0,0,49,17,66,80,78,158,224
05/12/2020,CNW,TX,ASW,CE,Federal Contract Tower,0,0,0,0,0,0,0,8,0,8,0,0,8,0,8,34,0,34,42
05/13/2020,CNW,TX,ASW,CE,Federal Contract Tower,0,0,6,44,50,0,0,13,8,21,0,0,19,52,71,68,52,120,191
05/14/2020,CNW,TX,ASW,CE,Federal Contract Tower,0,0,8,15,23,0,0,23,9,32,0,0,31,24,55,98,82,180,235
05/15/2020,CNW,TX,ASW,CE,Federal Contract Tower,0,0,9,2,11,0,0,3,3,6,0,0,12,5,17,6,56,62,79
05/16/2020,CNW,TX,ASW,CE,Federal Contract Tower,0,0,0,0,0,0,0,0,0,0,0,0,0,0,0,0,0,0,0
05/17/2020,CNW,TX,ASW,CE,Federal Contract Tower,0,0,2,2,4,0,0,11,0,11,0,0,13,2,15,0,0,0,15
05/18/2020,CNW,TX,ASW,CE,Federal Contract Tower,0,0,4,11,15,0,0,45,10,55,0,0,49,21,70,186,86,272,342
05/19/2020,CNW,TX,ASW,CE,Federal Contract Tower,0,0,3,8,11,0,2,36,7,45,0,2,39,15,56,92,136,228,284
05/20/2020,CNW,TX,ASW,CE,Federal Contract Tower,0,0,15,4,19,0,0,19,7,26,0,0,34,11,45,88,56,144,189
05/21/2020,CNW,TX,ASW,CE,Federal Contract Tower,0,0,8,0,8,0,0,15,4,19,0,0,23,4,27,64,20,84,111
05/22/2020,CNW,TX,ASW,CE,Federal Contract Tower,0,0,8,0,8,0,0,31,4,35,0,0,39,4,43,122,12,134,177
05/23/2020,CNW,TX,ASW,CE,Federal Contract Tower,0,0,4,0,4,0,0,0,0,0,0,0,4,0,4,0,0,0,4
05/24/2020,CNW,TX,ASW,CE,Federal Contract Tower,0,0,0,0,0,0,0,0,0,0,0,0,0,0,0,0,0,0,0
05/25/2020,CNW,TX,ASW,CE,Federal Contract Tower,0,0,0,0,0,0,0,7,0,7,0,0,7,0,7,12,0,12,19
05/26/2020,CNW,TX,ASW,CE,Federal Contract Tower,0,0,13,0,13,0,0,50,5,55,0,0,63,5,68,190,28,218,286
05/27/2020,CNW,TX,ASW,CE,Federal Contract Tower,0,0,5,2,7,0,0,34,2,36,0,0,39,4,43,102,0,102,145
05/28/2020,CNW,TX,ASW,CE,Federal Contract Tower,0,0,13,7,20,0,0,48,2,50,0,0,61,9,70,170,18,188,258
05/29/2020,CNW,TX,ASW,CE,Federal Contract Tower,0,0,10,16,26,0,0,43,8,51,0,0,53,24,77,148,72,220,297
05/30/2020,CNW,TX,ASW,CE,Federal Contract Tower,0,0,0,1,1,0,0,16,2,18,0,0,16,3,19,94,10,104,123
05/31/2020,CNW,TX,ASW,CE,Federal Contract Tower,0,0,0,0,0,0,0,14,0,14,0,0,14,0,14,56,0,56,70
06/01/2020,CNW,TX,ASW,CE,Federal Contract Tower,0,0,9,17,26,0,0,58,5,63,0,0,67,22,89,212,94,306,395
06/02/2020,CNW,TX,ASW,CE,Federal Contract Tower,0,0,7,11,18,0,0,36,5,41,0,0,43,16,59,136,160,296,355
06/03/2020,CNW,TX,ASW,CE,Federal Contract Tower,0,0,17,25,42,0,2,83,9,94,0,2,100,34,136,196,84,280,416
06/04/2020,CNW,TX,ASW,CE,Federal Contract Tower,0,0,11,19,30,0,0,45,8,53,0,0,56,27,83,158,84,242,325
06/05/2020,CNW,TX,ASW,CE,Federal Contract Tower,0,0,9,22,31,0,0,47,5,52,0,0,56,27,83,192,50,242,325
06/06/2020,CNW,TX,ASW,CE,Federal Contract Tower,0,0,13,2,15,0,0,9,0,9,0,0,22,2,24,12,10,22,46
06/07/2020,CNW,TX,ASW,CE,Federal Contract Tower,0,0,4,5,9,0,0,6,1,7,0,0,10,6,16,10,28,38,54
06/08/2020,CNW,TX,ASW,CE,Federal Contract Tower,0,0,8,16,24,0,0,29,9,38,0,0,37,25,62,60,114,174,236
06/09/2020,CNW,TX,ASW,CE,Federal Contract Tower,0,0,3,19,22,0,0,41,10,51,0,0,44,29,73,144,84,228,301
06/10/2020,CNW,TX,ASW,CE,Federal Contract Tower,0,0,13,10,23,0,0,62,10,72,0,0,75,20,95,200,66,266,361
06/11/2020,CNW,TX,ASW,CE,Federal Contract Tower,0,0,14,6,20,0,0,47,2,49,0,0,61,8,69,136,78,214,283
06/12/2020,CNW,TX,ASW,CE,Federal Contract Tower,0,0,10,8,18,0,0,33,4,37,0,0,43,12,55,96,56,152,207
06/13/2020,CNW,TX,ASW,CE,Federal Contract Tower,0,0,17,4,21,0,0,7,2,9,0,0,24,6,30,14,0,14,44
06/14/2020,CNW,TX,ASW,CE,Federal Contract Tower,0,0,2,12,14,0,0,4,0,4,0,0,6,12,18,0,0,0,18
06/15/2020,CNW,TX,ASW,CE,Federal Contract Tower,0,0,20,13,33,0,0,48,20,68,0,0,68,33,101,110,174,284,385
06/16/2020,CNW,TX,ASW,CE,Federal Contract Tower,0,0,22,27,49,0,0,26,5,31,0,0,48,32,80,86,116,202,282
06/17/2020,CNW,TX,ASW,CE,Federal Contract Tower,0,0,16,33,49,0,0,42,8,50,0,0,58,41,99,84,100,184,283
06/18/2020,CNW,TX,ASW,CE,Federal Contract Tower,0,0,23,6,29,0,0,38,10,48,0,0,61,16,77,88,68,156,233
06/19/2020,CNW,TX,ASW,CE,Federal Contract Tower,0,0,11,24,35,0,0,15,2,17,0,0,26,26,52,66,36,102,154
06/20/2020,CNW,TX,ASW,CE,Federal Contract Tower,0,0,5,6,11,0,0,0,0,0,0,0,5,6,11,0,16,16,27
06/21/2020,CNW,TX,ASW,CE,Federal Contract Tower,0,0,1,4,5,0,0,2,0,2,0,0,3,4,7,10,0,10,17
06/22/2020,CNW,TX,ASW,CE,Federal Contract Tower,0,0,8,26,34,0,0,12,18,30,0,0,20,44,64,96,162,258,322
06/23/2020,CNW,TX,ASW,CE,Federal Contract Tower,0,0,4,4,8,0,0,11,2,13,0,0,15,6,21,26,8,34,55
06/24/2020,CNW,TX,ASW,CE,Federal Contract Tower,0,0,11,0,11,0,0,14,5,19,0,0,25,5,30,84,24,108,138
06/25/2020,CNW,TX,ASW,CE,Federal Contract Tower,0,0,13,4,17,0,0,12,2,14,0,0,25,6,31,74,20,94,125
06/26/2020,CNW,TX,ASW,CE,Federal Contract Tower,0,0,2,0,2,0,0,5,2,7,0,0,7,2,9,36,16,52,61
06/27/2020,CNW,TX,ASW,CE,Federal Contract Tower,0,0,10,0,10,0,0,2,0,2,0,0,12,0,12,4,0,4,16
06/28/2020,CNW,TX,ASW,CE,Federal Contract Tower,0,0,1,0,1,0,0,6,0,6,0,0,7,0,7,8,0,8,15
06/29/2020,CNW,TX,ASW,CE,Federal Contract Tower,0,0,6,2,8,0,0,24,5,29,0,0,30,7,37,44,90,134,171
06/30/2020,CNW,TX,ASW,CE,Federal Contract Tower,0,0,11,10,21,0,0,12,5,17,0,0,23,15,38,40,70,110,148
07/01/2020,CNW,TX,ASW,CE,Federal Contract Tower,0,0,22,42,64,0,0,33,4,37,0,0,55,46,101,64,56,120,221
07/02/2020,CNW,TX,ASW,CE,Federal Contract Tower,0,0,9,6,15,0,0,24,5,29,0,0,33,11,44,136,54,190,234
07/03/2020,CNW,TX,ASW,CE,Federal Contract Tower,0,0,10,0,10,0,0,21,0,21,0,0,31,0,31,20,0,20,51
07/04/2020,CNW,TX,ASW,CE,Federal Contract Tower,0,0,2,0,2,0,0,8,0,8,0,0,10,0,10,12,0,12,22
07/05/2020,CNW,TX,ASW,CE,Federal Contract Tower,0,0,0,0,0,0,0,0,0,0,0,0,0,0,0,0,0,0,0
07/06/2020,CNW,TX,ASW,CE,Federal Contract Tower,0,0,7,0,7,0,0,16,0,16,0,0,23,0,23,36,0,36,59
07/07/2020,CNW,TX,ASW,CE,Federal Contract Tower,0,0,3,0,3,0,0,6,2,8,0,0,9,2,11,12,54,66,77
07/08/2020,CNW,TX,ASW,CE,Federal Contract Tower,0,0,17,4,21,0,0,39,5,44,0,0,56,9,65,90,22,112,177
07/09/2020,CNW,TX,ASW,CE,Federal Contract Tower,0,0,7,11,18,0,0,40,3,43,0,0,47,14,61,102,22,124,185
07/10/2020,CNW,TX,ASW,CE,Federal Contract Tower,0,1,20,20,41,0,1,49,4,54,0,2,69,24,95,168,46,214,309
07/11/2020,CNW,TX,ASW,CE,Federal Contract Tower,0,0,8,0,8,0,0,19,0,19,0,0,27,0,27,32,0,32,59
07/12/2020,CNW,TX,ASW,CE,Federal Contract Tower,0,0,2,0,2,0,2,13,0,15,0,2,15,0,17,26,0,26,43
07/13/2020,CNW,TX,ASW,CE,Federal Contract Tower,0,0,24,8,32,0,0,52,2,54,0,0,76,10,86,94,24,118,204
07/14/2020,CNW,TX,ASW,CE,Federal Contract Tower,0,0,10,7,17,0,0,42,7,49,0,0,52,14,66,124,48,172,238
07/15/2020,CNW,TX,ASW,CE,Federal Contract Tower,0,0,13,2,15,0,0,70,7,77,0,0,83,9,92,142,30,172,264
07/16/2020,CNW,TX,ASW,CE,Federal Contract Tower,0,0,13,11,24,0,0,47,3,50,0,0,60,14,74,158,34,192,266
07/17/2020,CNW,TX,ASW,CE,Federal Contract Tower,0,0,10,24,34,0,0,51,0,51,0,0,61,24,85,112,16,128,213
07/18/2020,CNW,TX,ASW,CE,Federal Contract Tower,0,0,9,0,9,0,0,10,0,10,0,0,19,0,19,42,0,42,61
07/19/2020,CNW,TX,ASW,CE,Federal Contract Tower,0,0,0,2,2,0,0,11,0,11,0,0,11,2,13,0,0,0,13
07/20/2020,CNW,TX,ASW,CE,Federal Contract Tower,0,0,4,8,12,0,0,54,6,60,0,0,58,14,72,124,96,220,292
07/21/2020,CNW,TX,ASW,CE,Federal Contract Tower,0,0,7,8,15,0,0,12,6,18,0,0,19,14,33,34,60,94,127
07/22/2020,CNW,TX,ASW,CE,Federal Contract Tower,0,0,16,56,72,0,0,21,9,30,0,0,37,65,102,110,64,174,276
07/23/2020,CNW,TX,ASW,CE,Federal Contract Tower,0,0,7,16,23,0,0,42,9,51,0,0,49,25,74,72,78,150,224
07/24/2020,CNW,TX,ASW,CE,Federal Contract Tower,0,0,12,6,18,0,0,35,3,38,0,0,47,9,56,80,12,92,148
07/25/2020,CNW,TX,ASW,CE,Federal Contract Tower,0,0,12,0,12,0,0,3,0,3,0,0,15,0,15,0,0,0,15
07/26/2020,CNW,TX,ASW,CE,Federal Contract Tower,0,0,0,8,8,0,0,3,2,5,0,0,3,10,13,0,0,0,13
07/27/2020,CNW,TX,ASW,CE,Federal Contract Tower,0,0,14,6,20,0,0,17,5,22,0,0,31,11,42,58,40,98,140
07/28/2020,CNW,TX,ASW,CE,Federal Contract Tower,0,0,1,8,9,0,0,31,7,38,0,0,32,15,47,50,48,98,145
07/29/2020,CNW,TX,ASW,CE,Federal Contract Tower,0,0,19,29,48,0,0,49,2,51,0,0,68,31,99,96,76,172,271
07/30/2020,CNW,TX,ASW,CE,Federal Contract Tower,0,0,12,11,23,0,0,37,11,48,0,0,49,22,71,36,42,78,149
07/31/2020,CNW,TX,ASW,CE,Federal Contract Tower,0,0,13,0,13,0,0,28,0,28,0,0,41,0,41,60,0,60,101
08/01/2020,CNW,TX,ASW,CE,Federal Contract Tower,0,0,9,0,9,0,0,3,0,3,0,0,12,0,12,38,0,38,50
08/02/2020,CNW,TX,ASW,CE,Federal Contract Tower,0,0,4,4,8,0,0,10,0,10,0,0,14,4,18,50,0,50,68
08/03/2020,CNW,TX,ASW,CE,Federal Contract Tower,0,0,8,7,15,0,2,30,5,37,0,2,38,12,52,66,46,112,164
08/04/2020,CNW,TX,ASW,CE,Federal Contract Tower,0,0,11,5,16,0,0,49,7,56,0,0,60,12,72,160,44,204,276
08/05/2020,CNW,TX,ASW,CE,Federal Contract Tower,0,0,14,25,39,0,0,51,7,58,0,0,65,32,97,166,48,214,311
08/06/2020,CNW,TX,ASW,CE,Federal Contract Tower,0,0,16,17,33,0,0,32,8,40,0,0,48,25,73,44,84,128,201
08/07/2020,CNW,TX,ASW,CE,Federal Contract Tower,0,0,31,30,61,0,0,25,2,27,0,0,56,32,88,50,44,94,182
08/08/2020,CNW,TX,ASW,CE,Federal Contract Tower,0,0,3,0,3,0,0,5,0,5,0,0,8,0,8,2,0,2,10
08/09/2020,CNW,TX,ASW,CE,Federal Contract Tower,0,0,1,0,1,0,0,13,0,13,0,0,14,0,14,16,0,16,30
08/10/2020,CNW,TX,ASW,CE,Federal Contract Tower,0,0,9,27,36,0,0,43,5,48,0,0,52,32,84,182,112,294,378
08/12/2020,CNW,TX,ASW,CE,Federal Contract Tower,0,0,17,17,34,0,0,62,26,88,0,0,79,43,122,132,92,224,346
08/13/2020,CNW,TX,ASW,CE,Federal Contract Tower,0,0,18,32,50,0,0,35,11,46,0,0,53,43,96,100,106,206,302
08/14/2020,CNW,TX,ASW,CE,Federal Contract Tower,0,8,15,23,46,0,0,39,7,46,0,8,54,30,92,30,68,98,190
08/15/2020,CNW,TX,ASW,CE,Federal Contract Tower,0,0,10,0,10,0,0,6,0,6,0,0,16,0,16,12,0,12,28
08/16/2020,CNW,TX,ASW,CE,Federal Contract Tower,0,0,0,2,2,0,0,10,0,10,0,0,10,2,12,38,0,38,50
08/17/2020,CNW,TX,ASW,CE,Federal Contract Tower,0,0,16,7,23,0,0,39,13,52,0,0,55,20,75,172,120,292,367
08/18/2020,CNW,TX,ASW,CE,Federal Contract Tower,0,0,12,2,14,0,0,46,4,50,0,0,58,6,64,102,72,174,238
08/19/2020,CNW,TX,ASW,CE,Federal Contract Tower,0,0,21,8,29,0,0,54,5,59,0,0,75,13,88,76,44,120,208
08/20/2020,CNW,TX,ASW,CE,Federal Contract Tower,0,0,12,20,32,0,0,44,7,51,0,0,56,27,83,114,6,120,203
08/21/2020,CNW,TX,ASW,CE,Federal Contract Tower,0,0,7,31,38,0,0,37,9,46,0,0,44,40,84,82,42,124,208
08/22/2020,CNW,TX,ASW,CE,Federal Contract Tower,0,0,10,6,16,0,0,8,0,8,0,0,18,6,24,10,10,20,44
08/23/2020,CNW,TX,ASW,CE,Federal Contract Tower,0,0,2,6,8,0,0,19,0,19,0,0,21,6,27,18,0,18,45
08/24/2020,CNW,TX,ASW,CE,Federal Contract Tower,0,0,30,12,42,0,0,48,7,55,0,0,78,19,97,130,68,198,295
08/25/2020,CNW,TX,ASW,CE,Federal Contract Tower,0,0,12,14,26,0,0,44,7,51,0,0,56,21,77,122,82,204,281
08/26/2020,CNW,TX,ASW,CE,Federal Contract Tower,0,0,6,3,9,0,0,5,4,9,0,0,11,7,18,20,12,32,50
08/27/2020,CNW,TX,ASW,CE,Federal Contract Tower,0,0,12,11,23,0,0,35,4,39,0,0,47,15,62,114,32,146,208
08/28/2020,CNW,TX,ASW,CE,Federal Contract Tower,0,0,11,47,58,0,0,25,9,34,0,0,36,56,92,66,86,152,244
08/29/2020,CNW,TX,ASW,CE,Federal Contract Tower,0,0,9,0,9,0,0,6,0,6,0,0,15,0,15,16,0,16,31
08/30/2020,CNW,TX,ASW,CE,Federal Contract Tower,0,0,2,0,2,0,0,4,0,4,0,0,6,0,6,0,0,0,6
08/31/2020,CNW,TX,ASW,CE,Federal Contract Tower,0,0,10,8,18,0,0,47,6,53,0,0,57,14,71,152,90,242,313
09/01/2020,CNW,TX,ASW,CE,Federal Contract Tower,0,1,14,14,29,0,1,9,5,15,0,2,23,19,44,78,90,168,212
09/02/2020,CNW,TX,ASW,CE,Federal Contract Tower,0,0,0,0,0,0,0,6,4,10,0,0,6,4,10,12,12,24,34
09/03/2020,CNW,TX,ASW,CE,Federal Contract Tower,0,0,3,0,3,0,0,2,4,6,0,0,5,4,9,16,10,26,35
09/04/2020,CNW,TX,ASW,CE,Federal Contract Tower,0,0,2,0,2,0,0,8,3,11,0,0,10,3,13,20,0,20,33
09/05/2020,CNW,TX,ASW,CE,Federal Contract Tower,0,0,5,0,5,0,0,11,0,11,0,0,16,0,16,88,0,88,104
09/06/2020,CNW,TX,ASW,CE,Federal Contract Tower,0,0,1,0,1,0,0,5,0,5,0,0,6,0,6,10,0,10,16
09/07/2020,CNW,TX,ASW,CE,Federal Contract Tower,0,0,2,0,2,0,0,20,0,20,0,0,22,0,22,58,0,58,80
09/08/2020,CNW,TX,ASW,CE,Federal Contract Tower,0,0,15,13,28,0,0,14,2,16,0,0,29,15,44,72,44,116,160
09/09/2020,CNW,TX,ASW,CE,Federal Contract Tower,0,0,7,4,11,0,0,10,0,10,0,0,17,4,21,56,0,56,77
09/10/2020,CNW,TX,ASW,CE,Federal Contract Tower,0,2,14,6,22,0,0,3,0,3,0,2,17,6,25,32,0,32,57
09/11/2020,CNW,TX,ASW,CE,Federal Contract Tower,0,0,22,20,42,0,0,15,12,27,0,0,37,32,69,70,82,152,221
09/12/2020,CNW,TX,ASW,CE,Federal Contract Tower,0,0,10,20,30,0,0,25,10,35,0,0,35,30,65,24,0,24,89
09/13/2020,CNW,TX,ASW,CE,Federal Contract Tower,0,0,1,0,1,0,0,20,0,20,0,0,21,0,21,24,0,24,45
09/14/2020,CNW,TX,ASW,CE,Federal Contract Tower,0,0,3,4,7,0,0,49,8,57,0,0,52,12,64,162,22,184,248
09/15/2020,CNW,TX,ASW,CE,Federal Contract Tower,0,0,11,8,19,0,0,34,8,42,0,0,45,16,61,226,106,332,393
09/16/2020,CNW,TX,ASW,CE,Federal Contract Tower,0,0,12,0,12,0,0,46,9,55,0,0,58,9,67,88,12,100,167
09/17/2020,CNW,TX,ASW,CE,Federal Contract Tower,0,0,10,14,24,0,0,38,2,40,0,0,48,16,64,60,44,104,168
09/18/2020,CNW,TX,ASW,CE,Federal Contract Tower,0,0,8,11,19,0,0,69,0,69,0,0,77,11,88,88,8,96,184
09/19/2020,CNW,TX,ASW,CE,Federal Contract Tower,0,0,7,7,14,0,0,7,7,14,0,0,14,14,28,8,24,32,60
09/20/2020,CNW,TX,ASW,CE,Federal Contract Tower,0,0,5,9,14,0,0,16,2,18,0,0,21,11,32,114,14,128,160
09/21/2020,CNW,TX,ASW,CE,Federal Contract Tower,0,0,0,0,0,0,0,3,0,3,0,0,3,0,3,0,0,0,3
09/22/2020,CNW,TX,ASW,CE,Federal Contract Tower,0,0,5,0,5,0,0,0,0,0,0,0,5,0,5,0,0,0,5
09/23/2020,CNW,TX,ASW,CE,Federal Contract Tower,0,0,18,2,20,0,0,35,0,35,0,0,53,2,55,66,12,78,133
09/24/2020,CNW,TX,ASW,CE,Federal Contract Tower,0,0,33,0,33,0,0,34,7,41,0,0,67,7,74,292,52,344,418
09/25/2020,CNW,TX,ASW,CE,Federal Contract Tower,0,0,10,14,24,0,0,39,15,54,0,0,49,29,78,58,60,118,196
09/26/2020,CNW,TX,ASW,CE,Federal Contract Tower,0,0,7,4,11,0,0,19,0,19,0,0,26,4,30,22,0,22,52
09/27/2020,CNW,TX,ASW,CE,Federal Contract Tower,0,0,5,8,13,0,0,9,0,9,0,0,14,8,22,0,0,0,22
09/28/2020,CNW,TX,ASW,CE,Federal Contract Tower,0,0,11,2,13,0,0,42,5,47,0,0,53,7,60,106,42,148,208
09/29/2020,CNW,TX,ASW,CE,Federal Contract Tower,0,0,18,4,22,0,0,74,16,90,0,0,92,20,112,204,104,308,420
09/30/2020,CNW,TX,ASW,CE,Federal Contract Tower,0,0,21,15,36,0,0,72,16,88,0,0,93,31,124,132,202,334,458
10/01/2020,CNW,TX,ASW,CE,Federal Contract Tower,0,0,9,7,16,0,0,53,3,56,0,0,62,10,72,186,62,248,320
10/02/2020,CNW,TX,ASW,CE,Federal Contract Tower,0,0,14,3,17,0,0,57,6,63,0,0,71,9,80,94,22,116,196
10/03/2020,CNW,TX,ASW,CE,Federal Contract Tower,0,0,6,2,8,0,0,23,3,26,0,0,29,5,34,14,14,28,62
10/04/2020,CNW,TX,ASW,CE,Federal Contract Tower,0,0,6,6,12,0,0,17,0,17,0,0,23,6,29,52,0,52,81
10/05/2020,CNW,TX,ASW,CE,Federal Contract Tower,0,0,9,20,29,0,0,73,6,79,0,0,82,26,108,122,38,160,268
10/06/2020,CNW,TX,ASW,CE,Federal Contract Tower,0,2,29,39,70,0,0,44,13,57,0,2,73,52,127,232,118,350,477
10/07/2020,CNW,TX,ASW,CE,Federal Contract Tower,0,0,13,26,39,0,0,83,13,96,0,0,96,39,135,308,54,362,497
10/08/2020,CNW,TX,ASW,CE,Federal Contract Tower,0,0,26,34,60,0,0,47,7,54,0,0,73,41,114,246,94,340,454
10/09/2020,CNW,TX,ASW,CE,Federal Contract Tower,0,0,12,16,28,0,0,9,4,13,0,0,21,20,41,34,68,102,143
10/10/2020,CNW,TX,ASW,CE,Federal Contract Tower,0,0,5,20,25,0,0,61,0,61,0,0,66,20,86,28,16,44,130
10/11/2020,CNW,TX,ASW,CE,Federal Contract Tower,0,0,1,13,14,0,0,14,1,15,0,0,15,14,29,36,0,36,65
10/12/2020,CNW,TX,ASW,CE,Federal Contract Tower,0,0,6,0,6,0,0,39,0,39,0,0,45,0,45,134,0,134,179
10/13/2020,CNW,TX,ASW,CE,Federal Contract Tower,0,0,15,11,26,0,0,63,11,74,0,0,78,22,100,196,96,292,392
10/14/2020,CNW,TX,ASW,CE,Federal Contract Tower,0,0,29,36,65,0,0,55,12,67,0,0,84,48,132,110,108,218,350
10/15/2020,CNW,TX,ASW,CE,Federal Contract Tower,0,0,12,4,16,0,0,29,15,44,0,0,41,19,60,142,38,180,240
10/16/2020,CNW,TX,ASW,CE,Federal Contract Tower,0,0,11,26,37,0,0,59,6,65,0,0,70,32,102,122,52,174,276
10/17/2020,CNW,TX,ASW,CE,Federal Contract Tower,0,0,2,41,43,0,0,7,2,9,0,0,9,43,52,50,22,72,124
10/18/2020,CNW,TX,ASW,CE,Federal Contract Tower,0,0,3,12,15,0,0,10,0,10,0,0,13,12,25,40,0,40,65
10/19/2020,CNW,TX,ASW,CE,Federal Contract Tower,0,0,16,12,28,0,0,21,9,30,0,0,37,21,58,34,40,74,132
10/20/2020,CNW,TX,ASW,CE,Federal Contract Tower,0,0,22,40,62,0,0,44,8,52,0,0,66,48,114,158,46,204,318
10/21/2020,CNW,TX,ASW,CE,Federal Contract Tower,0,0,24,23,47,0,0,43,5,48,0,0,67,28,95,192,76,268,363
10/22/2020,CNW,TX,ASW,CE,Federal Contract Tower,0,0,25,19,44,0,0,26,9,35,0,0,51,28,79,56,56,112,191
10/23/2020,CNW,TX,ASW,CE,Federal Contract Tower,0,0,2,2,4,0,0,0,1,1,0,0,2,3,5,0,0,0,5
10/24/2020,CNW,TX,ASW,CE,Federal Contract Tower,0,0,4,7,11,0,0,13,7,20,0,0,17,14,31,4,34,38,69
10/25/2020,CNW,TX,ASW,CE,Federal Contract Tower,0,0,4,2,6,0,0,4,0,4,0,0,8,2,10,32,0,32,42
10/26/2020,CNW,TX,ASW,CE,Federal Contract Tower,0,0,5,0,5,0,0,1,0,1,0,0,6,0,6,0,0,0,6
10/27/2020,CNW,TX,ASW,CE,Federal Contract Tower,0,0,2,0,2,0,0,0,0,0,0,0,2,0,2,0,0,0,2
10/28/2020,CNW,TX,ASW,CE,Federal Contract Tower,0,0,16,2,18,0,0,3,4,7,0,0,19,6,25,20,28,48,73
10/29/2020,CNW,TX,ASW,CE,Federal Contract Tower,0,0,8,7,15,0,0,10,5,15,0,0,18,12,30,26,22,48,78
10/30/2020,CNW,TX,ASW,CE,Federal Contract Tower,0,0,13,14,27,0,0,40,3,43,0,0,53,17,70,176,46,222,292
10/31/2020,CNW,TX,ASW,CE,Federal Contract Tower,0,0,6,0,6,0,0,15,0,15,0,0,21,0,21,60,0,60,81
11/01/2020,CNW,TX,ASW,CE,Federal Contract Tower,0,0,0,0,0,0,0,15,0,15,0,0,15,0,15,32,0,32,47
11/02/2020,CNW,TX,ASW,CE,Federal Contract Tower,0,0,14,28,42,0,0,53,12,65,0,0,67,40,107,92,110,202,309
11/03/2020,CNW,TX,ASW,CE,Federal Contract Tower,0,0,25,13,38,0,0,58,5,63,0,0,83,18,101,182,88,270,371
11/04/2020,CNW,TX,ASW,CE,Federal Contract Tower,0,0,24,5,29,0,0,52,6,58,0,0,76,11,87,128,60,188,275
11/05/2020,CNW,TX,ASW,CE,Federal Contract Tower,0,0,11,18,29,0,0,30,5,35,0,0,41,23,64,54,24,78,142
11/06/2020,CNW,TX,ASW,CE,Federal Contract Tower,0,0,13,14,27,0,0,35,0,35,0,0,48,14,62,134,12,146,208
11/07/2020,CNW,TX,ASW,CE,Federal Contract Tower,0,0,2,7,9,0,0,15,3,18,0,0,17,10,27,62,0,62,89
11/08/2020,CNW,TX,ASW,CE,Federal Contract Tower,0,0,3,0,3,0,0,7,0,7,0,0,10,0,10,24,0,24,34
11/09/2020,CNW,TX,ASW,CE,Federal Contract Tower,0,0,12,13,25,0,0,22,7,29,0,0,34,20,54,44,58,102,156
11/10/2020,CNW,TX,ASW,CE,Federal Contract Tower,0,0,12,23,35,0,0,40,10,50,0,0,52,33,85,202,38,240,325
11/11/2020,CNW,TX,ASW,CE,Federal Contract Tower,0,0,11,0,11,0,0,64,0,64,0,0,75,0,75,178,0,178,253
11/12/2020,CNW,TX,ASW,CE,Federal Contract Tower,0,0,24,6,30,0,0,35,1,36,0,0,59,7,66,129,12,141,207
11/13/2020,CNW,TX,ASW,CE,Federal Contract Tower,0,0,14,6,20,0,0,19,0,19,0,0,33,6,39,132,0,132,171
11/14/2020,CNW,TX,ASW,CE,Federal Contract Tower,0,0,0,11,11,0,0,11,4,15,0,0,11,15,26,32,40,72,98
11/15/2020,CNW,TX,ASW,CE,Federal Contract Tower,0,0,2,0,2,0,0,16,0,16,0,0,18,0,18,34,0,34,52
11/16/2020,CNW,TX,ASW,CE,Federal Contract Tower,0,0,9,18,27,0,0,57,16,73,0,0,66,34,100,222,50,272,372
11/17/2020,CNW,TX,ASW,CE,Federal Contract Tower,0,1,15,15,31,0,0,42,14,56,0,1,57,29,87,204,122,326,413
11/18/2020,CNW,TX,ASW,CE,Federal Contract Tower,0,0,15,18,33,0,0,61,6,67,0,0,76,24,100,228,46,274,374
11/19/2020,CNW,TX,ASW,CE,Federal Contract Tower,0,0,14,16,30,0,0,26,6,32,0,0,40,22,62,72,52,124,186
11/20/2020,CNW,TX,ASW,CE,Federal Contract Tower,0,0,10,26,36,0,0,23,0,23,0,0,33,26,59,60,20,80,139
11/21/2020,CNW,TX,ASW,CE,Federal Contract Tower,0,0,4,18,22,0,0,12,2,14,0,0,16,20,36,8,20,28,64
11/22/2020,CNW,TX,ASW,CE,Federal Contract Tower,0,0,3,0,3,0,0,7,0,7,0,0,10,0,10,10,0,10,20
11/23/2020,CNW,TX,ASW,CE,Federal Contract Tower,0,0,18,4,22,0,0,10,0,10,0,0,28,4,32,82,0,82,114
11/24/2020,CNW,TX,ASW,CE,Federal Contract Tower,0,0,1,0,1,0,0,1,6,7,0,0,2,6,8,0,26,26,34
11/26/2020,CNW,TX,ASW,CE,Federal Contract Tower,0,0,2,0,2,0,0,5,0,5,0,0,7,0,7,0,0,0,7
11/27/2020,CNW,TX,ASW,CE,Federal Contract Tower,0,0,4,0,4,0,0,0,0,0,0,0,4,0,4,0,0,0,4
11/28/2020,CNW,TX,ASW,CE,Federal Contract Tower,0,0,0,0,0,0,0,0,0,0,0,0,0,0,0,0,0,0,0
11/29/2020,CNW,TX,ASW,CE,Federal Contract Tower,0,0,2,0,2,0,0,2,0,2,0,0,4,0,4,14,0,14,18
11/30/2020,CNW,TX,ASW,CE,Federal Contract Tower,0,0,20,10,30,0,0,49,3,52,0,0,69,13,82,138,72,210,292
12/01/2020,CNW,TX,ASW,CE,Federal Contract Tower,0,0,13,30,43,0,0,47,3,50,0,0,60,33,93,144,78,222,315
12/02/2020,CNW,TX,ASW,CE,Federal Contract Tower,0,0,13,1,14,0,0,22,4,26,0,0,35,5,40,22,36,58,98
12/03/2020,CNW,TX,ASW,CE,Federal Contract Tower,0,0,7,2,9,0,0,37,0,37,0,0,44,2,46,120,0,120,166
12/04/2020,CNW,TX,ASW,CE,Federal Contract Tower,0,0,7,3,10,0,0,57,7,64,0,0,64,10,74,94,56,150,224
12/05/2020,CNW,TX,ASW,CE,Federal Contract Tower,0,0,5,16,21,0,0,12,4,16,0,0,17,20,37,24,4,28,65
12/06/2020,CNW,TX,ASW,CE,Federal Contract Tower,0,0,2,0,2,0,0,22,0,22,0,0,24,0,24,32,0,32,56
12/07/2020,CNW,TX,ASW,CE,Federal Contract Tower,0,0,12,4,16,0,6,39,5,50,0,6,51,9,66,70,30,100,166
12/08/2020,CNW,TX,ASW,CE,Federal Contract Tower,0,0,12,28,40,0,0,46,9,55,0,0,58,37,95,114,60,174,269
12/09/2020,CNW,TX,ASW,CE,Federal Contract Tower,0,0,13,6,19,0,0,51,4,55,0,0,64,10,74,42,82,124,198
12/10/2020,CNW,TX,ASW,CE,Federal Contract Tower,0,0,17,29,46,0,0,32,0,32,0,0,49,29,78,52,22,74,152
12/11/2020,CNW,TX,ASW,CE,Federal Contract Tower,0,0,4,4,8,0,0,0,0,0,0,0,4,4,8,0,0,0,8
12/12/2020,CNW,TX,ASW,CE,Federal Contract Tower,0,0,4,2,6,0,0,18,0,18,0,0,22,2,24,20,0,20,44
12/13/2020,CNW,TX,ASW,CE,Federal Contract Tower,0,0,0,0,0,0,0,0,0,0,0,0,0,0,0,0,0,0,0
12/14/2020,CNW,TX,ASW,CE,Federal Contract Tower,0,0,9,8,17,0,0,45,6,51,0,0,54,14,68,124,32,156,224
12/15/2020,CNW,TX,ASW,CE,Federal Contract Tower,0,0,5,16,21,0,0,0,0,0,0,0,5,16,21,0,0,0,21
12/17/2020,CNW,TX,ASW,CE,Federal Contract Tower,0,0,10,6,16,0,0,54,6,60,0,0,64,12,76,74,60,134,210
12/18/2020,CNW,TX,ASW,CE,Federal Contract Tower,0,0,7,22,29,0,0,21,4,25,0,0,28,26,54,40,168,208,262
12/19/2020,CNW,TX,ASW,CE,Federal Contract Tower,0,0,2,0,2,0,0,6,0,6,0,0,8,0,8,0,0,0,8
12/20/2020,CNW,TX,ASW,CE,Federal Contract Tower,0,0,5,0,5,0,0,30,0,30,0,0,35,0,35,56,0,56,91
12/21/2020,CNW,TX,ASW,CE,Federal Contract Tower,0,0,3,20,23,0,0,18,7,25,0,0,21,27,48,10,74,84,132
12/22/2020,CNW,TX,ASW,CE,Federal Contract Tower,0,0,1,20,21,0,0,7,8,15,0,0,8,28,36,0,70,70,106
12/23/2020,CNW,TX,ASW,CE,Federal Contract Tower,0,0,0,0,0,0,0,9,0,9,0,0,9,0,9,46,0,46,55
12/24/2020,CNW,TX,ASW,CE,Federal Contract Tower,0,0,0,0,0,0,0,0,0,0,0,0,0,0,0,0,0,0,0
12/25/2020,CNW,TX,ASW,CE,Federal Contract Tower,0,0,0,0,0,0,0,2,0,2,0,0,2,0,2,2,0,2,4
12/26/2020,CNW,TX,ASW,CE,Federal Contract Tower,0,0,0,0,0,0,0,5,0,5,0,0,5,0,5,0,0,0,5
12/27/2020,CNW,TX,ASW,CE,Federal Contract Tower,0,0,0,0,0,0,0,5,0,5,0,0,5,0,5,0,0,0,5
12/28/2020,CNW,TX,ASW,CE,Federal Contract Tower,0,0,2,0,2,0,0,0,0,0,0,0,2,0,2,0,0,0,2
12/29/2020,CNW,TX,ASW,CE,Federal Contract Tower,0,0,3,0,3,0,0,2,2,4,0,0,5,2,7,0,6,6,13
12/30/2020,CNW,TX,ASW,CE,Federal Contract Tower,0,0,0,0,0,0,0,0,0,0,0,0,0,0,0,0,0,0,0
12/31/2020,CNW,TX,ASW,CE,Federal Contract Tower,0,0,0,0,0,0,0,0,0,0,0,0,0,0,0,0,0,0,0
01/01/2021,CNW,TX,ASW,CE,Federal Contract Tower,0,0,0,0,0,0,0,0,0,0,0,0,0,0,0,0,0,0,0
01/02/2021,CNW,TX,ASW,CE,Federal Contract Tower,0,0,2,0,2,0,0,9,0,9,0,0,11,0,11,10,0,10,21
01/03/2021,CNW,TX,ASW,CE,Federal Contract Tower,0,0,2,0,2,0,0,7,0,7,0,0,9,0,9,0,0,0,9
01/04/2021,CNW,TX,ASW,CE,Federal Contract Tower,0,0,10,0,10,0,0,32,0,32,0,0,42,0,42,42,0,42,84
01/05/2021,CNW,TX,ASW,CE,Federal Contract Tower,0,0,6,2,8,0,0,36,8,44,0,0,42,10,52,120,58,178,230
01/07/2021,CNW,TX,ASW,CE,Federal Contract Tower,0,0,10,4,14,0,0,15,11,26,0,0,25,15,40,38,60,98,138
01/08/2021,CNW,TX,ASW,CE,Federal Contract Tower,0,0,5,13,18,0,0,12,2,14,0,0,17,15,32,12,36,48,80
01/09/2021,CNW,TX,ASW,CE,Federal Contract Tower,0,2,0,8,10,0,0,6,0,6,0,2,6,8,16,0,14,14,30
01/10/2021,CNW,TX,ASW,CE,Federal Contract Tower,0,0,0,0,0,0,0,0,0,0,0,0,0,0,0,0,0,0,0
01/11/2021,CNW,TX,ASW,CE,Federal Contract Tower,0,0,2,4,6,0,0,14,9,23,0,0,16,13,29,0,58,58,87
01/12/2021,CNW,TX,ASW,CE,Federal Contract Tower,0,0,8,8,16,0,0,25,6,31,0,0,33,14,47,72,78,150,197
01/14/2021,CNW,TX,ASW,CE,Federal Contract Tower,0,0,7,0,7,0,0,29,4,33,0,0,36,4,40,40,38,78,118
01/15/2021,CNW,TX,ASW,CE,Federal Contract Tower,0,0,5,0,5,0,0,6,2,8,0,0,11,2,13,12,0,12,25
01/16/2021,CNW,TX,ASW,CE,Federal Contract Tower,0,0,7,0,7,0,0,11,0,11,0,0,18,0,18,16,0,16,34
01/17/2021,CNW,TX,ASW,CE,Federal Contract Tower,0,0,1,2,3,0,0,17,0,17,0,0,18,2,20,20,0,20,40
01/18/2021,CNW,TX,ASW,CE,Federal Contract Tower,0,0,10,0,10,0,0,31,0,31,0,0,41,0,41,100,0,100,141
01/19/2021,CNW,TX,ASW,CE,Federal Contract Tower,0,0,8,0,8,0,0,4,0,4,0,0,12,0,12,28,0,28,40
01/20/2021,CNW,TX,ASW,CE,Federal Contract Tower,0,0,16,8,24,0,0,1,0,1,0,0,17,8,25,8,0,8,33
01/21/2021,CNW,TX,ASW,CE,Federal Contract Tower,0,0,19,1,20,0,0,33,6,39,0,0,52,7,59,76,12,88,147
01/22/2021,CNW,TX,ASW,CE,Federal Contract Tower,0,0,4,4,8,0,0,0,0,0,0,0,4,4,8,0,0,0,8
01/23/2021,CNW,TX,ASW,CE,Federal Contract Tower,0,0,0,0,0,0,0,0,0,0,0,0,0,0,0,0,0,0,0
01/24/2021,CNW,TX,ASW,CE,Federal Contract Tower,0,0,0,0,0,0,0,0,0,0,0,0,0,0,0,0,0,0,0
01/25/2021,CNW,TX,ASW,CE,Federal Contract Tower,0,0,10,10,20,0,0,20,10,30,0,0,30,20,50,26,64,90,140
01/26/2021,CNW,TX,ASW,CE,Federal Contract Tower,0,0,11,6,17,0,0,59,11,70,0,0,70,17,87,160,98,258,345
01/27/2021,CNW,TX,ASW,CE,Federal Contract Tower,0,0,5,12,17,0,0,49,7,56,0,0,54,19,73,118,112,230,303
01/28/2021,CNW,TX,ASW,CE,Federal Contract Tower,0,0,7,19,26,0,0,49,3,52,0,0,56,22,78,108,52,160,238
01/29/2021,CNW,TX,ASW,CE,Federal Contract Tower,0,0,21,6,27,0,0,40,7,47,0,0,61,13,74,70,46,116,190
01/30/2021,CNW,TX,ASW,CE,Federal Contract Tower,0,0,0,4,4,0,0,2,0,2,0,0,2,4,6,0,0,0,6
01/31/2021,CNW,TX,ASW,CE,Federal Contract Tower,0,0,3,0,3,0,0,21,0,21,0,0,24,0,24,28,0,28,52
02/01/2021,CNW,TX,ASW,CE,Federal Contract Tower,0,0,3,4,7,0,0,38,14,52,0,0,41,18,59,102,94,196,255
02/02/2021,CNW,TX,ASW,CE,Federal Contract Tower,0,0,16,8,24,0,0,40,8,48,0,0,56,16,72,72,88,160,232
02/03/2021,CNW,TX,ASW,CE,Federal Contract Tower,0,0,10,27,37,0,0,41,6,47,0,0,51,33,84,64,66,130,214
02/04/2021,CNW,TX,ASW,CE,Federal Contract Tower,0,0,5,15,20,0,0,23,12,35,0,0,28,27,55,102,60,162,217
02/05/2021,CNW,TX,ASW,CE,Federal Contract Tower,0,0,9,13,22,0,0,39,4,43,0,0,48,17,65,126,26,152,217
02/06/2021,CNW,TX,ASW,CE,Federal Contract Tower,0,0,5,14,19,0,0,5,0,5,0,0,10,14,24,20,12,32,56
02/07/2021,CNW,TX,ASW,CE,Federal Contract Tower,0,0,3,4,7,0,0,22,0,22,0,0,25,4,29,46,0,46,75
02/08/2021,CNW,TX,ASW,CE,Federal Contract Tower,0,0,2,14,16,0,0,5,7,12,0,0,7,21,28,24,34,58,86
02/09/2021,CNW,TX,ASW,CE,Federal Contract Tower,0,0,10,14,24,0,0,14,6,20,0,0,24,20,44,58,28,86,130
02/10/2021,CNW,TX,ASW,CE,Federal Contract Tower,0,0,18,1,19,0,0,0,0,0,0,0,18,1,19,0,0,0,19
02/11/2021,CNW,TX,ASW,CE,Federal Contract Tower,0,0,1,0,1,0,0,0,0,0,0,0,1,0,1,0,0,0,1
02/12/2021,CNW,TX,ASW,CE,Federal Contract Tower,0,0,2,1,3,0,0,0,2,2,0,0,2,3,5,0,0,0,5
02/13/2021,CNW,TX,ASW,CE,Federal Contract Tower,0,0,0,0,0,0,0,2,0,2,0,0,2,0,2,0,0,0,2
02/14/2021,CNW,TX,ASW,CE,Federal Contract Tower,0,0,0,0,0,0,0,0,0,0,0,0,0,0,0,0,0,0,0
02/15/2021,CNW,TX,ASW,CE,Federal Contract Tower,0,0,0,0,0,0,0,0,0,0,0,0,0,0,0,0,0,0,0
02/16/2021,CNW,TX,ASW,CE,Federal Contract Tower,0,0,0,0,0,0,0,1,0,1,0,0,1,0,1,0,0,0,1
02/17/2021,CNW,TX,ASW,CE,Federal Contract Tower,0,0,0,0,0,0,0,0,0,0,0,0,0,0,0,0,0,0,0
02/18/2021,CNW,TX,ASW,CE,Federal Contract Tower,0,0,0,0,0,0,0,1,0,1,0,0,1,0,1,0,0,0,1
02/19/2021,CNW,TX,ASW,CE,Federal Contract Tower,0,0,0,0,0,0,0,1,0,1,0,0,1,0,1,0,0,0,1
02/20/2021,CNW,TX,ASW,CE,Federal Contract Tower,0,0,0,1,1,0,0,2,0,2,0,0,2,1,3,0,0,0,3
02/21/2021,CNW,TX,ASW,CE,Federal Contract Tower,0,0,2,0,2,0,0,4,0,4,0,0,6,0,6,6,0,6,12
02/22/2021,CNW,TX,ASW,CE,Federal Contract Tower,0,0,5,48,53,0,0,69,13,82,0,0,74,61,135,227,158,385,520
02/23/2021,CNW,TX,ASW,CE,Federal Contract Tower,0,0,18,42,60,0,0,46,13,59,0,0,64,55,119,114,52,166,285
02/24/2021,CNW,TX,ASW,CE,Federal Contract Tower,0,0,15,3,18,0,0,52,8,60,0,0,67,11,78,190,50,240,318
02/25/2021,CNW,TX,ASW,CE,Federal Contract Tower,0,0,13,13,26,0,0,33,1,34,0,0,46,14,60,112,146,258,318
02/26/2021,CNW,TX,ASW,CE,Federal Contract Tower,0,0,10,9,19,0,0,0,0,0,0,0,10,9,19,0,0,0,19
02/27/2021,CNW,TX,ASW,CE,Federal Contract Tower,0,0,0,4,4,0,0,0,0,0,0,0,0,4,4,0,0,0,4
02/28/2021,CNW,TX,ASW,CE,Federal Contract Tower,0,0,4,0,4,0,0,0,0,0,0,0,4,0,4,0,0,0,4
03/01/2021,CNW,TX,ASW,CE,Federal Contract Tower,0,2,11,2,15,0,0,6,1,7,0,2,17,3,22,64,16,80,102
03/02/2021,CNW,TX,ASW,CE,Federal Contract Tower,0,2,17,7,26,0,0,67,5,72,0,2,84,12,98,184,52,236,334
03/03/2021,CNW,TX,ASW,CE,Federal Contract Tower,0,0,16,22,38,0,0,70,13,83,0,0,86,35,121,226,142,368,489
03/04/2021,CNW,TX,ASW,CE,Federal Contract Tower,0,0,10,29,39,0,0,54,10,64,0,0,64,39,103,146,120,266,369
03/05/2021,CNW,TX,ASW,CE,Federal Contract Tower,0,0,10,6,16,0,0,34,7,41,0,0,44,13,57,64,86,150,207
03/06/2021,CNW,TX,ASW,CE,Federal Contract Tower,0,0,2,0,2,0,0,5,0,5,0,0,7,0,7,12,0,12,19
03/07/2021,CNW,TX,ASW,CE,Federal Contract Tower,0,0,0,0,0,0,0,13,0,13,0,0,13,0,13,20,0,20,33
03/08/2021,CNW,TX,ASW,CE,Federal Contract Tower,0,0,6,22,28,0,0,50,5,55,0,0,56,27,83,138,196,334,417
03/09/2021,CNW,TX,ASW,CE,Federal Contract Tower,0,0,13,7,20,0,0,16,9,25,0,0,29,16,45,88,50,138,183
03/10/2021,CNW,TX,ASW,CE,Federal Contract Tower,0,0,13,9,22,0,0,16,3,19,0,0,29,12,41,60,20,80,121
03/11/2021,CNW,TX,ASW,CE,Federal Contract Tower,0,0,7,6,13,0,0,24,7,31,0,0,31,13,44,54,46,100,144
03/12/2021,CNW,TX,ASW,CE,Federal Contract Tower,0,0,5,10,15,0,0,9,1,10,0,0,14,11,25,36,32,68,93
03/13/2021,CNW,TX,ASW,CE,Federal Contract Tower,0,1,0,28,29,0,0,5,1,6,0,1,5,29,35,6,14,20,55
03/14/2021,CNW,TX,ASW,CE,Federal Contract Tower,0,1,0,0,1,0,0,7,0,7,0,1,7,0,8,12,0,12,20
03/15/2021,CNW,TX,ASW,CE,Federal Contract Tower,0,0,6,8,14,0,0,26,6,32,0,0,32,14,46,126,48,174,220
03/16/2021,CNW,TX,ASW,CE,Federal Contract Tower,0,0,12,6,18,0,0,31,6,37,0,0,43,12,55,168,128,296,351
03/17/2021,CNW,TX,ASW,CE,Federal Contract Tower,0,0,0,0,0,0,0,3,0,3,0,0,3,0,3,14,0,14,17
03/18/2021,CNW,TX,ASW,CE,Federal Contract Tower,0,0,2,2,4,0,0,11,6,17,0,0,13,8,21,8,36,44,65
03/19/2021,CNW,TX,ASW,CE,Federal Contract Tower,0,0,12,4,16,0,0,55,5,60,0,0,67,9,76,166,30,196,272
03/20/2021,CNW,TX,ASW,CE,Federal Contract Tower,0,0,5,10,15,0,0,29,2,31,0,0,34,12,46,68,0,68,114
03/21/2021,CNW,TX,ASW,CE,Federal Contract Tower,0,0,1,2,3,0,0,10,0,10,0,0,11,2,13,20,0,20,33
03/22/2021,CNW,TX,ASW,CE,Federal Contract Tower,0,0,10,4,14,0,0,9,0,9,0,0,19,4,23,96,0,96,119
03/23/2021,CNW,TX,ASW,CE,Federal Contract Tower,0,0,15,6,21,0,0,64,9,73,0,0,79,15,94,186,78,264,358
03/24/2021,CNW,TX,ASW,CE,Federal Contract Tower,0,0,3,13,16,0,0,31,14,45,0,0,34,27,61,78,38,116,177
03/25/2021,CNW,TX,ASW,CE,Federal Contract Tower,0,0,7,3,10,0,0,27,17,44,0,0,34,20,54,52,42,94,148
03/26/2021,CNW,TX,ASW,CE,Federal Contract Tower,0,2,10,18,30,0,0,49,3,52,0,2,59,21,82,130,34,164,246
03/27/2021,CNW,TX,ASW,CE,Federal Contract Tower,0,0,3,10,13,0,0,5,2,7,0,0,8,12,20,4,0,4,24
03/28/2021,CNW,TX,ASW,CE,Federal Contract Tower,0,0,0,0,0,0,0,2,2,4,0,0,2,2,4,0,12,12,16
03/29/2021,CNW,TX,ASW,CE,Federal Contract Tower,0,0,18,18,36,0,0,46,12,58,0,0,64,30,94,160,60,220,314
03/30/2021,CNW,TX,ASW,CE,Federal Contract Tower,0,0,3,2,5,0,0,7,7,14,0,0,10,9,19,30,30,60,79
03/31/2021,CNW,TX,ASW,CE,Federal Contract Tower,0,0,2,23,25,0,0,20,5,25,0,0,22,28,50,38,106,144,194
04/01/2021,CNW,TX,ASW,CE,Federal Contract Tower,0,0,11,7,18,0,0,71,7,78,0,0,82,14,96,158,34,192,288
04/02/2021,CNW,TX,ASW,CE,Federal Contract Tower,0,2,6,3,11,0,2,34,0,36,0,4,40,3,47,98,0,98,145
04/03/2021,CNW,TX,ASW,CE,Federal Contract Tower,0,0,7,0,7,0,6,5,0,11,0,6,12,0,18,4,0,4,22
04/04/2021,CNW,TX,ASW,CE,Federal Contract Tower,0,1,2,0,3,0,1,10,0,11,0,2,12,0,14,0,0,0,14
04/05/2021,CNW,TX,ASW,CE,Federal Contract Tower,0,0,19,14,33,0,1,22,7,30,0,1,41,21,63,22,28,50,113
04/06/2021,CNW,TX,ASW,CE,Federal Contract Tower,0,0,9,4,13,0,5,10,6,21,0,5,19,10,34,40,30,70,104
04/07/2021,CNW,TX,ASW,CE,Federal Contract Tower,0,0,10,0,10,0,4,22,13,39,0,4,32,13,49,62,56,118,167
04/08/2021,CNW,TX,ASW,CE,Federal Contract Tower,0,0,15,17,32,0,0,63,5,68,0,0,78,22,100,140,90,230,330
04/09/2021,CNW,TX,ASW,CE,Federal Contract Tower,0,0,11,28,39,0,0,8,7,15,0,0,19,35,54,48,88,136,190
04/10/2021,CNW,TX,ASW,CE,Federal Contract Tower,0,0,5,12,17,0,0,14,4,18,0,0,19,16,35,30,12,42,77
04/11/2021,CNW,TX,ASW,CE,Federal Contract Tower,0,0,0,7,7,0,2,19,1,22,0,2,19,8,29,6,0,6,35
04/12/2021,CNW,TX,ASW,CE,Federal Contract Tower,0,0,14,3,17,0,0,47,9,56,0,0,61,12,73,110,58,168,241
04/13/2021,CNW,TX,ASW,CE,Federal Contract Tower,0,0,12,13,25,0,1,54,16,71,0,1,66,29,96,130,150,280,376
04/15/2021,CNW,TX,ASW,CE,Federal Contract Tower,0,0,4,4,8,0,0,0,0,0,0,0,4,4,8,0,16,16,24
04/16/2021,CNW,TX,ASW,CE,Federal Contract Tower,0,0,1,0,1,0,0,0,0,0,0,0,1,0,1,0,0,0,1
04/17/2021,CNW,TX,ASW,CE,Federal Contract Tower,0,0,6,6,12,0,0,4,0,4,0,0,10,6,16,0,8,8,24
04/18/2021,CNW,TX,ASW,CE,Federal Contract Tower,0,0,10,4,14,0,0,16,0,16,0,0,26,4,30,34,20,54,84
04/19/2021,CNW,TX,ASW,CE,Federal Contract Tower,0,1,11,8,20,0,3,65,15,83,0,4,76,23,103,80,122,202,305
04/20/2021,CNW,TX,ASW,CE,Federal Contract Tower,0,0,16,6,22,0,2,50,7,59,0,2,66,13,81,162,70,232,313
04/21/2021,CNW,TX,ASW,CE,Federal Contract Tower,0,0,10,9,19,0,0,56,18,74,0,0,66,27,93,148,188,336,429
04/22/2021,CNW,TX,ASW,CE,Federal Contract Tower,0,2,19,46,67,0,0,41,16,57,0,2,60,62,124,188,114,302,426
04/23/2021,CNW,TX,ASW,CE,Federal Contract Tower,0,0,0,0,0,0,0,0,0,0,0,0,0,0,0,0,0,0,0
04/24/2021,CNW,TX,ASW,CE,Federal Contract Tower,0,0,9,8,17,0,0,22,0,22,0,0,31,8,39,74,0,74,113
04/25/2021,CNW,TX,ASW,CE,Federal Contract Tower,0,0,1,0,1,0,1,22,4,27,0,1,23,4,28,54,0,54,82
04/26/2021,CNW,TX,ASW,CE,Federal Contract Tower,0,0,12,22,34,0,0,34,7,41,0,0,46,29,75,126,102,228,303
04/27/2021,CNW,TX,ASW,CE,Federal Contract Tower,0,0,7,0,7,0,0,5,0,5,0,0,12,0,12,32,0,32,44
04/28/2021,CNW,TX,ASW,CE,Federal Contract Tower,0,0,2,8,10,0,1,26,8,35,0,1,28,16,45,134,62,196,241
04/29/2021,CNW,TX,ASW,CE,Federal Contract Tower,0,0,0,1,1,0,0,0,0,0,0,0,0,1,1,0,0,0,1
04/30/2021,CNW,TX,ASW,CE,Federal Contract Tower,0,0,0,2,2,0,0,0,0,0,0,0,0,2,2,0,0,0,2
05/01/2021,CNW,TX,ASW,CE,Federal Contract Tower,0,0,2,0,2,0,0,13,0,13,0,0,15,0,15,22,0,22,37
05/02/2021,CNW,TX,ASW,CE,Federal Contract Tower,0,0,0,10,10,0,0,12,0,12,0,0,12,10,22,84,0,84,106
05/03/2021,CNW,TX,ASW,CE,Federal Contract Tower,0,0,11,35,46,0,0,43,0,43,0,0,54,35,89,62,52,114,203
05/04/2021,CNW,TX,ASW,CE,Federal Contract Tower,0,0,15,28,43,0,0,29,9,38,0,0,44,37,81,56,104,160,241
05/06/2021,CNW,TX,ASW,CE,Federal Contract Tower,0,0,14,3,17,0,0,61,12,73,0,0,75,15,90,128,74,202,292
05/07/2021,CNW,TX,ASW,CE,Federal Contract Tower,0,0,9,4,13,0,0,35,3,38,0,0,44,7,51,178,34,212,263
05/08/2021,CNW,TX,ASW,CE,Federal Contract Tower,0,0,6,11,17,0,1,1,4,6,0,1,7,15,23,12,10,22,45
05/09/2021,CNW,TX,ASW,CE,Federal Contract Tower,0,0,0,1,1,0,0,3,0,3,0,0,3,1,4,10,0,10,14
05/10/2021,CNW,TX,ASW,CE,Federal Contract Tower,0,0,12,0,12,0,0,1,0,1,0,0,13,0,13,40,0,40,53
05/11/2021,CNW,TX,ASW,CE,Federal Contract Tower,0,0,0,0,0,0,0,0,0,0,0,0,0,0,0,0,0,0,0
05/12/2021,CNW,TX,ASW,CE,Federal Contract Tower,0,0,8,0,8,0,0,4,4,8,0,0,12,4,16,20,22,42,58
05/13/2021,CNW,TX,ASW,CE,Federal Contract Tower,0,0,12,4,16,0,2,45,10,57,0,2,57,14,73,118,72,190,263
05/14/2021,CNW,TX,ASW,CE,Federal Contract Tower,0,0,7,51,58,0,0,32,2,34,0,0,39,53,92,104,52,156,248
05/15/2021,CNW,TX,ASW,CE,Federal Contract Tower,0,0,0,0,0,0,2,4,0,6,0,2,4,0,6,0,0,0,6
05/16/2021,CNW,TX,ASW,CE,Federal Contract Tower,0,0,2,0,2,0,0,0,0,0,0,0,2,0,2,0,0,0,2
05/17/2021,CNW,TX,ASW,CE,Federal Contract Tower,0,0,2,0,2,0,2,7,7,16,0,2,9,7,18,18,42,60,78
05/18/2021,CNW,TX,ASW,CE,Federal Contract Tower,0,0,0,0,0,0,0,5,1,6,0,0,5,1,6,14,8,22,28
05/19/2021,CNW,TX,ASW,CE,Federal Contract Tower,0,0,13,4,17,0,1,24,6,31,0,1,37,10,48,118,50,168,216
05/20/2021,CNW,TX,ASW,CE,Federal Contract Tower,0,0,20,14,34,0,0,17,4,21,0,0,37,18,55,84,14,98,153
05/21/2021,CNW,TX,ASW,CE,Federal Contract Tower,0,0,10,7,17,0,0,4,3,7,0,0,14,10,24,10,0,10,34
05/22/2021,CNW,TX,ASW,CE,Federal Contract Tower,0,2,0,1,3,0,0,0,3,3,0,2,0,4,6,0,12,12,18
05/23/2021,CNW,TX,ASW,CE,Federal Contract Tower,0,0,1,0,1,0,0,2,0,2,0,0,3,0,3,10,0,10,13
05/24/2021,CNW,TX,ASW,CE,Federal Contract Tower,0,0,6,3,9,0,0,0,0,0,0,0,6,3,9,0,0,0,9
05/25/2021,CNW,TX,ASW,CE,Federal Contract Tower,0,0,3,2,5,0,0,16,7,23,0,0,19,9,28,112,54,166,194
05/27/2021,CNW,TX,ASW,CE,Federal Contract Tower,0,0,14,12,26,0,0,36,0,36,0,0,50,12,62,102,46,148,210
05/28/2021,CNW,TX,ASW,CE,Federal Contract Tower,0,0,3,1,4,0,0,0,0,0,0,0,3,1,4,0,0,0,4
05/29/2021,CNW,TX,ASW,CE,Federal Contract Tower,0,0,4,0,4,0,1,2,0,3,0,1,6,0,7,10,0,10,17
05/30/2021,CNW,TX,ASW,CE,Federal Contract Tower,0,0,3,0,3,0,0,7,0,7,0,0,10,0,10,36,0,36,46
05/31/2021,CNW,TX,ASW,CE,Federal Contract Tower,0,0,0,0,0,0,0,1,0,1,0,0,1,0,1,0,0,0,1
06/01/2021,CNW,TX,ASW,CE,Federal Contract Tower,0,0,9,2,11,0,5,12,1,18,0,5,21,3,29,86,20,106,135
06/02/2021,CNW,TX,ASW,CE,Federal Contract Tower,0,0,11,5,16,0,2,47,0,49,0,2,58,5,65,158,80,238,303
06/03/2021,CNW,TX,ASW,CE,Federal Contract Tower,0,0,5,11,16,0,2,33,0,35,0,2,38,11,51,122,4,126,177
06/04/2021,CNW,TX,ASW,CE,Federal Contract Tower,0,0,4,4,8,0,0,15,0,15,0,0,19,4,23,108,0,108,131
06/05/2021,CNW,TX,ASW,CE,Federal Contract Tower,0,0,0,0,0,0,0,2,1,3,0,0,2,1,3,0,0,0,3
06/06/2021,CNW,TX,ASW,CE,Federal Contract Tower,0,0,4,0,4,0,0,6,0,6,0,0,10,0,10,0,0,0,10
06/07/2021,CNW,TX,ASW,CE,Federal Contract Tower,0,0,3,0,3,0,0,6,3,9,0,0,9,3,12,10,24,34,46
06/08/2021,CNW,TX,ASW,CE,Federal Contract Tower,0,0,6,6,12,0,3,17,4,24,0,3,23,10,36,42,34,76,112
06/09/2021,CNW,TX,ASW,CE,Federal Contract Tower,0,0,3,32,35,0,0,23,5,28,0,0,26,37,63,70,86,156,219
06/10/2021,CNW,TX,ASW,CE,Federal Contract Tower,0,0,21,14,35,0,6,30,0,36,0,6,51,14,71,114,0,114,185
06/11/2021,CNW,TX,ASW,CE,Federal Contract Tower,0,0,1,16,17,0,3,19,0,22,0,3,20,16,39,50,12,62,101
06/12/2021,CNW,TX,ASW,CE,Federal Contract Tower,0,0,5,10,15,0,4,16,1,21,0,4,21,11,36,28,0,28,64
06/13/2021,CNW,TX,ASW,CE,Federal Contract Tower,0,0,1,2,3,0,1,17,0,18,0,1,18,2,21,12,0,12,33
06/14/2021,CNW,TX,ASW,CE,Federal Contract Tower,0,0,8,11,19,0,2,52,3,57,0,2,60,14,76,140,36,176,252
06/15/2021,CNW,TX,ASW,CE,Federal Contract Tower,0,0,6,16,22,0,2,70,9,81,0,2,76,25,103,184,96,280,383
06/16/2021,CNW,TX,ASW,CE,Federal Contract Tower,0,0,8,4,12,0,1,46,6,53,0,1,54,10,65,120,32,152,217
06/17/2021,CNW,TX,ASW,CE,Federal Contract Tower,0,0,7,14,21,0,1,43,0,44,0,1,50,14,65,174,56,230,295
06/18/2021,CNW,TX,ASW,CE,Federal Contract Tower,0,0,8,6,14,0,0,42,4,46,0,0,50,10,60,68,30,98,158
06/19/2021,CNW,TX,ASW,CE,Federal Contract Tower,0,0,1,16,17,0,2,15,2,19,0,2,16,18,36,10,0,10,46
06/20/2021,CNW,TX,ASW,CE,Federal Contract Tower,0,0,6,0,6,0,0,15,0,15,0,0,21,0,21,0,0,0,21
06/21/2021,CNW,TX,ASW,CE,Federal Contract Tower,0,0,3,8,11,0,0,27,5,32,0,0,30,13,43,96,56,152,195
06/22/2021,CNW,TX,ASW,CE,Federal Contract Tower,0,0,12,13,25,0,0,10,3,13,0,0,22,16,38,56,6,62,100
06/23/2021,CNW,TX,ASW,CE,Federal Contract Tower,0,0,9,38,47,0,2,23,0,25,0,2,32,38,72,90,16,106,178
06/24/2021,CNW,TX,ASW,CE,Federal Contract Tower,0,0,7,31,38,0,1,26,3,30,0,1,33,34,68,64,20,84,152
06/25/2021,CNW,TX,ASW,CE,Federal Contract Tower,0,1,11,55,67,0,2,18,4,24,0,3,29,59,91,72,40,112,203
06/26/2021,CNW,TX,ASW,CE,Federal Contract Tower,0,0,7,20,27,0,2,3,6,11,0,2,10,26,38,10,14,24,62
06/27/2021,CNW,TX,ASW,CE,Federal Contract Tower,0,0,1,4,5,0,2,1,0,3,0,2,2,4,8,0,0,0,8
06/28/2021,CNW,TX,ASW,CE,Federal Contract Tower,0,0,3,1,4,0,4,0,3,7,0,4,3,4,11,0,20,20,31
06/29/2021,CNW,TX,ASW,CE,Federal Contract Tower,0,0,7,2,9,0,1,11,0,12,0,1,18,2,21,6,12,18,39
07/01/2021,CNW,TX,ASW,CE,Federal Contract Tower,0,0,8,5,13,0,3,58,5,66,0,3,66,10,79,86,66,152,231
07/02/2021,CNW,TX,ASW,CE,Federal Contract Tower,0,0,5,0,5,0,1,23,0,24,0,1,28,0,29,36,0,36,65
07/03/2021,CNW,TX,ASW,CE,Federal Contract Tower,0,0,3,0,3,0,0,0,0,0,0,0,3,0,3,0,0,0,3
07/04/2021,CNW,TX,ASW,CE,Federal Contract Tower,0,0,1,0,1,0,0,0,0,0,0,0,1,0,1,0,0,0,1
07/05/2021,CNW,TX,ASW,CE,Federal Contract Tower,0,0,2,0,2,0,0,2,0,2,0,0,4,0,4,0,0,0,4
07/06/2021,CNW,TX,ASW,CE,Federal Contract Tower,0,0,13,2,15,0,5,17,2,24,0,5,30,4,39,36,24,60,99
07/07/2021,CNW,TX,ASW,CE,Federal Contract Tower,0,0,11,0,11,0,7,28,2,37,0,7,39,2,48,72,0,72,120
07/08/2021,CNW,TX,ASW,CE,Federal Contract Tower,0,6,17,16,39,0,1,58,2,61,0,7,75,18,100,164,56,220,320
07/09/2021,CNW,TX,ASW,CE,Federal Contract Tower,0,0,7,4,11,0,2,4,0,6,0,2,11,4,17,6,0,6,23
07/10/2021,CNW,TX,ASW,CE,Federal Contract Tower,0,0,8,42,50,0,2,0,2,4,0,2,8,44,54,0,12,12,66
07/11/2021,CNW,TX,ASW,CE,Federal Contract Tower,0,0,2,6,8,0,0,0,2,2,0,0,2,8,10,0,0,0,10
07/12/2021,CNW,TX,ASW,CE,Federal Contract Tower,0,0,3,4,7,0,2,10,1,13,0,2,13,5,20,16,30,46,66
07/13/2021,CNW,TX,ASW,CE,Federal Contract Tower,0,0,32,27,59,0,6,47,6,59,0,6,79,33,118,178,10,188,306
07/14/2021,CNW,TX,ASW,CE,Federal Contract Tower,0,0,22,35,57,0,0,51,3,54,0,0,73,38,111,148,16,164,275
07/15/2021,CNW,TX,ASW,CE,Federal Contract Tower,0,0,11,17,28,0,0,37,2,39,0,0,48,19,67,104,20,124,191
07/16/2021,CNW,TX,ASW,CE,Federal Contract Tower,0,0,14,29,43,0,3,25,1,29,0,3,39,30,72,62,46,108,180
07/17/2021,CNW,TX,ASW,CE,Federal Contract Tower,0,0,16,5,21,0,0,9,0,9,0,0,25,5,30,12,20,32,62
07/18/2021,CNW,TX,ASW,CE,Federal Contract Tower,0,0,9,2,11,0,2,5,0,7,0,2,14,2,18,0,0,0,18
07/19/2021,CNW,TX,ASW,CE,Federal Contract Tower,0,0,2,0,2,0,0,16,3,19,0,0,18,3,21,64,36,100,121
07/20/2021,CNW,TX,ASW,CE,Federal Contract Tower,0,0,9,16,25,0,3,19,3,25,0,3,28,19,50,62,64,126,176
07/22/2021,CNW,TX,ASW,CE,Federal Contract Tower,0,0,15,19,34,0,2,47,0,49,0,2,62,19,83,168,16,184,267
07/23/2021,CNW,TX,ASW,CE,Federal Contract Tower,0,0,11,17,28,0,1,40,4,45,0,1,51,21,73,109,34,143,216
07/24/2021,CNW,TX,ASW,CE,Federal Contract Tower,0,0,0,4,4,0,3,12,0,15,0,3,12,4,19,16,0,16,35
07/25/2021,CNW,TX,ASW,CE,Federal Contract Tower,0,0,2,23,25,0,0,8,0,8,0,0,10,23,33,16,10,26,59
07/26/2021,CNW,TX,ASW,CE,Federal Contract Tower,0,0,9,12,21,0,4,50,6,60,0,4,59,18,81,130,62,192,273
07/27/2021,CNW,TX,ASW,CE,Federal Contract Tower,0,0,10,18,28,0,1,59,5,65,0,1,69,23,93,128,102,230,323
07/28/2021,CNW,TX,ASW,CE,Federal Contract Tower,0,0,8,15,23,0,2,39,7,48,0,2,47,22,71,144,68,212,283
07/29/2021,CNW,TX,ASW,CE,Federal Contract Tower,0,0,18,9,27,0,0,36,6,42,0,0,54,15,69,98,20,118,187
07/30/2021,CNW,TX,ASW,CE,Federal Contract Tower,0,0,7,0,7,0,0,30,2,32,0,0,37,2,39,100,0,100,139
07/31/2021,CNW,TX,ASW,CE,Federal Contract Tower,0,0,2,14,16,0,5,7,0,12,0,5,9,14,28,42,0,42,70
08/01/2021,CNW,TX,ASW,CE,Federal Contract Tower,0,0,1,0,1,0,0,7,0,7,0,0,8,0,8,32,0,32,40
08/02/2021,CNW,TX,ASW,CE,Federal Contract Tower,0,0,3,0,3,0,0,3,0,3,0,0,6,0,6,0,0,0,6
08/03/2021,CNW,TX,ASW,CE,Federal Contract Tower,0,0,21,1,22,0,0,37,6,43,0,0,58,7,65,136,48,184,249
08/04/2021,CNW,TX,ASW,CE,Federal Contract Tower,0,0,20,7,27,0,1,36,3,40,0,1,56,10,67,124,62,186,253
08/05/2021,CNW,TX,ASW,CE,Federal Contract Tower,0,0,6,8,14,0,0,33,2,35,0,0,39,10,49,126,66,192,241
08/06/2021,CNW,TX,ASW,CE,Federal Contract Tower,0,0,12,8,20,0,2,16,0,18,0,2,28,8,38,64,12,76,114
08/07/2021,CNW,TX,ASW,CE,Federal Contract Tower,0,0,1,0,1,0,1,6,0,7,0,1,7,0,8,6,0,6,14
08/08/2021,CNW,TX,ASW,CE,Federal Contract Tower,0,0,3,4,7,0,0,8,0,8,0,0,11,4,15,24,16,40,55
08/09/2021,CNW,TX,ASW,CE,Federal Contract Tower,0,1,5,13,19,0,0,34,5,39,0,1,39,18,58,82,54,136,194
08/10/2021,CNW,TX,ASW,CE,Federal Contract Tower,0,0,7,17,24,0,4,33,12,49,0,4,40,29,73,146,88,234,307
08/11/2021,CNW,TX,ASW,CE,Federal Contract Tower,0,0,10,12,22,0,0,35,3,38,0,0,45,15,60,90,50,140,200
08/12/2021,CNW,TX,ASW,CE,Federal Contract Tower,0,0,9,8,17,0,0,31,1,32,0,0,40,9,49,60,28,88,137
08/13/2021,CNW,TX,ASW,CE,Federal Contract Tower,0,0,13,82,95,0,0,31,9,40,0,0,44,91,135,62,178,240,375
08/14/2021,CNW,TX,ASW,CE,Federal Contract Tower,0,0,3,0,3,0,4,13,0,17,0,4,16,0,20,12,0,12,32
08/15/2021,CNW,TX,ASW,CE,Federal Contract Tower,0,2,2,0,4,0,0,0,0,0,0,2,2,0,4,0,0,0,4
08/16/2021,CNW,TX,ASW,CE,Federal Contract Tower,0,0,10,1,11,0,0,45,3,48,0,0,55,4,59,166,72,238,297
08/17/2021,CNW,TX,ASW,CE,Federal Contract Tower,0,0,9,20,29,0,0,23,0,23,0,0,32,20,52,38,74,112,164
08/18/2021,CNW,TX,ASW,CE,Federal Contract Tower,0,0,2,0,2,0,0,0,0,0,0,0,2,0,2,0,0,0,2
08/19/2021,CNW,TX,ASW,CE,Federal Contract Tower,0,0,12,2,14,0,0,32,3,35,0,0,44,5,49,106,4,110,159
08/20/2021,CNW,TX,ASW,CE,Federal Contract Tower,0,1,4,59,64,0,0,28,3,31,0,1,32,62,95,50,64,114,209
08/21/2021,CNW,TX,ASW,CE,Federal Contract Tower,0,1,2,21,24,0,1,8,1,10,0,2,10,22,34,14,18,32,66
08/22/2021,CNW,TX,ASW,CE,Federal Contract Tower,0,0,1,2,3,0,4,11,0,15,0,4,12,2,18,14,0,14,32
08/23/2021,CNW,TX,ASW,CE,Federal Contract Tower,0,1,1,7,9,0,0,32,8,40,0,1,33,15,49,46,88,134,183
08/24/2021,CNW,TX,ASW,CE,Federal Contract Tower,0,0,11,18,29,0,0,54,7,61,0,0,65,25,90,158,58,216,306
08/25/2021,CNW,TX,ASW,CE,Federal Contract Tower,0,0,8,17,25,0,0,39,1,40,0,0,47,18,65,64,14,78,143
08/26/2021,CNW,TX,ASW,CE,Federal Contract Tower,0,0,5,30,35,0,0,8,0,8,0,0,13,30,43,40,96,136,179
08/27/2021,CNW,TX,ASW,CE,Federal Contract Tower,0,0,12,44,56,0,0,5,0,5,0,0,17,44,61,6,24,30,91
08/28/2021,CNW,TX,ASW,CE,Federal Contract Tower,0,0,7,6,13,0,0,9,0,9,0,0,16,6,22,8,0,8,30
08/29/2021,CNW,TX,ASW,CE,Federal Contract Tower,0,0,2,0,2,0,0,1,0,1,0,0,3,0,3,0,0,0,3
08/30/2021,CNW,TX,ASW,CE,Federal Contract Tower,0,0,7,12,19,0,0,28,10,38,0,0,35,22,57,40,84,124,181
08/31/2021,CNW,TX,ASW,CE,Federal Contract Tower,0,0,9,15,24,0,0,22,6,28,0,0,31,21,52,32,68,100,152
09/01/2021,CNW,TX,ASW,CE,Federal Contract Tower,0,0,26,7,33,0,2,36,6,44,0,2,62,13,77,81,18,99,176
09/02/2021,CNW,TX,ASW,CE,Federal Contract Tower,0,0,28,25,53,0,0,11,2,13,0,0,39,27,66,14,0,14,80
09/03/2021,CNW,TX,ASW,CE,Federal Contract Tower,0,0,8,0,8,0,2,19,0,21,0,2,27,0,29,54,0,54,83
09/04/2021,CNW,TX,ASW,CE,Federal Contract Tower,0,0,4,0,4,0,2,6,0,8,0,2,10,0,12,10,0,10,22
09/05/2021,CNW,TX,ASW,CE,Federal Contract Tower,0,0,0,0,0,0,4,4,0,8,0,4,4,0,8,0,0,0,8
09/06/2021,CNW,TX,ASW,CE,Federal Contract Tower,0,0,1,0,1,0,2,10,0,12,0,2,11,0,13,38,0,38,51
09/07/2021,CNW,TX,ASW,CE,Federal Contract Tower,0,1,10,34,45,0,5,37,4,46,0,6,47,38,91,46,14,60,151
09/08/2021,CNW,TX,ASW,CE,Federal Contract Tower,0,1,3,17,21,0,0,51,8,59,0,1,54,25,80,114,14,128,208
09/09/2021,CNW,TX,ASW,CE,Federal Contract Tower,0,0,4,8,12,0,0,32,0,32,0,0,36,8,44,76,4,80,124
09/10/2021,CNW,TX,ASW,CE,Federal Contract Tower,0,0,3,14,17,0,0,50,0,50,0,0,53,14,67,94,6,100,167
09/11/2021,CNW,TX,ASW,CE,Federal Contract Tower,0,0,1,0,1,0,2,9,0,11,0,2,10,0,12,0,0,0,12
09/12/2021,CNW,TX,ASW,CE,Federal Contract Tower,0,0,1,2,3,0,0,8,0,8,0,0,9,2,11,0,0,0,11
09/13/2021,CNW,TX,ASW,CE,Federal Contract Tower,0,0,10,3,13,0,4,25,3,32,0,4,35,6,45,66,36,102,147
09/14/2021,CNW,TX,ASW,CE,Federal Contract Tower,0,0,5,1,6,0,0,25,3,28,0,0,30,4,34,136,56,192,226
09/15/2021,CNW,TX,ASW,CE,Federal Contract Tower,0,0,13,10,23,0,2,28,4,34,0,2,41,14,57,102,32,134,191
09/16/2021,CNW,TX,ASW,CE,Federal Contract Tower,0,0,6,12,18,0,2,59,0,61,0,2,65,12,79,122,12,134,213
09/17/2021,CNW,TX,ASW,CE,Federal Contract Tower,0,0,9,22,31,0,1,33,1,35,0,1,42,23,66,52,4,56,122
09/18/2021,CNW,TX,ASW,CE,Federal Contract Tower,0,0,2,4,6,0,0,15,0,15,0,0,17,4,21,40,28,68,89
09/19/2021,CNW,TX,ASW,CE,Federal Contract Tower,0,0,1,2,3,0,0,16,0,16,0,0,17,2,19,32,16,48,67
09/20/2021,CNW,TX,ASW,CE,Federal Contract Tower,0,0,15,6,21,0,2,53,4,59,0,2,68,10,80,70,38,108,188
09/21/2021,CNW,TX,ASW,CE,Federal Contract Tower,0,0,13,2,15,0,8,35,6,49,0,8,48,8,64,182,36,218,282
09/22/2021,CNW,TX,ASW,CE,Federal Contract Tower,0,2,19,9,30,0,2,42,3,47,0,4,61,12,77,98,72,170,247
09/23/2021,CNW,TX,ASW,CE,Federal Contract Tower,0,0,22,5,27,0,1,71,5,77,0,1,93,10,104,148,50,198,302
09/24/2021,CNW,TX,ASW,CE,Federal Contract Tower,0,1,8,0,9,0,1,51,0,52,0,2,59,0,61,84,0,84,145
09/25/2021,CNW,TX,ASW,CE,Federal Contract Tower,0,1,1,0,2,0,2,15,0,17,0,3,16,0,19,28,0,28,47
09/26/2021,CNW,TX,ASW,CE,Federal Contract Tower,0,0,3,0,3,0,0,18,0,18,0,0,21,0,21,20,0,20,41
09/27/2021,CNW,TX,ASW,CE,Federal Contract Tower,0,0,3,12,15,0,1,57,8,66,0,1,60,20,81,136,42,178,259
09/28/2021,CNW,TX,ASW,CE,Federal Contract Tower,0,0,4,2,6,0,0,38,1,39,0,0,42,3,45,178,20,198,243
09/29/2021,CNW,TX,ASW,CE,Federal Contract Tower,0,0,8,0,8,0,0,49,0,49,0,0,57,0,57,172,0,172,229
09/30/2021,CNW,TX,ASW,CE,Federal Contract Tower,0,0,3,13,16,0,1,20,0,21,0,1,23,13,37,92,0,92,129
10/01/2021,CNW,TX,ASW,CE,Federal Contract Tower,0,0,3,0,3,0,2,0,0,2,0,2,3,0,5,0,0,0,5
10/02/2021,CNW,TX,ASW,CE,Federal Contract Tower,0,0,2,0,2,0,0,0,0,0,0,0,2,0,2,0,0,0,2
10/03/2021,CNW,TX,ASW,CE,Federal Contract Tower,0,0,3,0,3,0,2,13,0,15,0,2,16,0,18,26,0,26,44
10/04/2021,CNW,TX,ASW,CE,Federal Contract Tower,0,0,1,1,2,0,3,43,6,52,0,3,44,7,54,124,38,162,216
10/05/2021,CNW,TX,ASW,CE,Federal Contract Tower,0,0,0,6,6,0,4,39,3,46,0,4,39,9,52,106,12,118,170
10/06/2021,CNW,TX,ASW,CE,Federal Contract Tower,0,0,4,8,12,0,0,58,0,58,0,0,62,8,70,198,10,208,278
10/07/2021,CNW,TX,ASW,CE,Federal Contract Tower,0,0,5,21,26,0,2,49,3,54,0,2,54,24,80,156,40,196,276
10/08/2021,CNW,TX,ASW,CE,Federal Contract Tower,0,0,5,1,6,0,0,36,1,37,0,0,41,2,43,194,0,194,237
10/09/2021,CNW,TX,ASW,CE,Federal Contract Tower,0,0,2,0,2,0,1,13,0,14,0,1,15,0,16,0,0,0,16
10/10/2021,CNW,TX,ASW,CE,Federal Contract Tower,0,0,2,0,2,0,0,2,0,2,0,0,4,0,4,0,0,0,4
10/11/2021,CNW,TX,ASW,CE,Federal Contract Tower,0,0,11,0,11,0,2,52,0,54,0,2,63,0,65,190,0,190,255
10/12/2021,CNW,TX,ASW,CE,Federal Contract Tower,0,0,6,0,6,0,0,0,0,0,0,0,6,0,6,0,0,0,6
10/13/2021,CNW,TX,ASW,CE,Federal Contract Tower,0,1,3,1,5,0,0,9,6,15,0,1,12,7,20,18,10,28,48
10/14/2021,CNW,TX,ASW,CE,Federal Contract Tower,0,0,10,0,10,0,3,36,0,39,0,3,46,0,49,140,0,140,189
10/15/2021,CNW,TX,ASW,CE,Federal Contract Tower,0,2,6,6,14,0,0,9,0,9,0,2,15,6,23,42,14,56,79
10/16/2021,CNW,TX,ASW,CE,Federal Contract Tower,0,0,5,21,26,0,2,15,3,20,0,2,20,24,46,34,14,48,94
10/17/2021,CNW,TX,ASW,CE,Federal Contract Tower,0,0,0,6,6,0,1,7,0,8,0,1,7,6,14,0,18,18,32
10/18/2021,CNW,TX,ASW,CE,Federal Contract Tower,0,0,7,5,12,0,4,59,10,73,0,4,66,15,85,210,42,252,337
10/19/2021,CNW,TX,ASW,CE,Federal Contract Tower,0,0,8,23,31,0,2,52,5,59,0,2,60,28,90,145,130,275,365
10/20/2021,CNW,TX,ASW,CE,Federal Contract Tower,0,0,10,5,15,0,0,32,8,40,0,0,42,13,55,139,46,185,240
10/22/2021,CNW,TX,ASW,CE,Federal Contract Tower,0,0,4,8,12,0,1,47,2,50,0,1,51,10,62,106,6,112,174
10/23/2021,CNW,TX,ASW,CE,Federal Contract Tower,0,0,6,1,7,0,2,57,7,66,0,2,63,8,73,10,6,16,89
10/24/2021,CNW,TX,ASW,CE,Federal Contract Tower,0,0,0,12,12,0,2,8,0,10,0,2,8,12,22,0,0,0,22
10/25/2021,CNW,TX,ASW,CE,Federal Contract Tower,0,0,15,7,22,0,1,30,3,34,0,1,45,10,56,46,18,64,120
10/26/2021,CNW,TX,ASW,CE,Federal Contract Tower,0,1,9,21,31,0,2,12,3,17,0,3,21,24,48,60,34,94,142
10/27/2021,CNW,TX,ASW,CE,Federal Contract Tower,0,0,2,1,3,0,2,0,0,2,0,2,2,1,5,0,0,0,5
10/28/2021,CNW,TX,ASW,CE,Federal Contract Tower,0,0,0,0,0,0,0,2,0,2,0,0,2,0,2,0,0,0,2
10/29/2021,CNW,TX,ASW,CE,Federal Contract Tower,0,0,4,4,8,0,3,11,5,19,0,3,15,9,27,18,30,48,75
10/30/2021,CNW,TX,ASW,CE,Federal Contract Tower,0,0,7,13,20,0,1,25,3,29,0,1,32,16,49,102,4,106,155
10/31/2021,CNW,TX,ASW,CE,Federal Contract Tower,0,0,1,0,1,0,2,8,0,10,0,2,9,0,11,26,0,26,37
11/01/2021,CNW,TX,ASW,CE,Federal Contract Tower,0,0,9,13,22,0,2,53,5,60,0,2,62,18,82,154,74,228,310
11/02/2021,CNW,TX,ASW,CE,Federal Contract Tower,0,0,21,2,23,0,0,10,0,10,0,0,31,2,33,60,0,60,93
11/03/2021,CNW,TX,ASW,CE,Federal Contract Tower,0,0,5,2,7,0,0,0,0,0,0,0,5,2,7,4,0,4,11
11/04/2021,CNW,TX,ASW,CE,Federal Contract Tower,0,0,9,6,15,0,4,36,14,54,0,4,45,20,69,122,50,172,241
11/05/2021,CNW,TX,ASW,CE,Federal Contract Tower,0,0,6,5,11,0,2,58,2,62,0,2,64,7,73,156,66,222,295
11/06/2021,CNW,TX,ASW,CE,Federal Contract Tower,0,0,0,2,2,0,4,24,2,30,0,4,24,4,32,58,0,58,90
11/07/2021,CNW,TX,ASW,CE,Federal Contract Tower,0,2,6,2,10,0,2,5,0,7,0,4,11,2,17,8,0,8,25
11/08/2021,CNW,TX,ASW,CE,Federal Contract Tower,0,0,11,3,14,0,1,28,8,37,0,1,39,11,51,90,54,144,195
11/09/2021,CNW,TX,ASW,CE,Federal Contract Tower,0,0,7,12,19,0,5,40,6,51,0,5,47,18,70,122,16,138,208
11/10/2021,CNW,TX,ASW,CE,Federal Contract Tower,0,0,10,0,10,0,0,38,4,42,0,0,48,4,52,72,4,76,128
11/11/2021,CNW,TX,ASW,CE,Federal Contract Tower,0,0,9,0,9,0,1,47,2,50,0,1,56,2,59,136,14,150,209
11/12/2021,CNW,TX,ASW,CE,Federal Contract Tower,0,0,10,1,11,0,0,46,8,54,0,0,56,9,65,140,16,156,221
11/13/2021,CNW,TX,ASW,CE,Federal Contract Tower,0,0,5,2,7,0,2,22,8,32,0,2,27,10,39,0,0,0,39
11/14/2021,CNW,TX,ASW,CE,Federal Contract Tower,0,0,5,3,8,0,0,17,0,17,0,0,22,3,25,44,0,44,69
11/15/2021,CNW,TX,ASW,CE,Federal Contract Tower,0,0,12,5,17,0,3,45,7,55,0,3,57,12,72,92,76,168,240
11/16/2021,CNW,TX,ASW,CE,Federal Contract Tower,0,0,12,5,17,0,3,45,7,55,0,3,57,12,72,92,76,168,240
11/17/2021,CNW,TX,ASW,CE,Federal Contract Tower,0,0,24,10,34,0,2,49,3,54,0,2,73,13,88,106,68,174,262
11/18/2021,CNW,TX,ASW,CE,Federal Contract Tower,0,0,5,9,14,0,6,57,3,66,0,6,62,12,80,110,22,132,212
11/19/2021,CNW,TX,ASW,CE,Federal Contract Tower,0,0,17,10,27,0,1,62,0,63,0,1,79,10,90,218,0,218,308
11/20/2021,CNW,TX,ASW,CE,Federal Contract Tower,0,0,6,0,6,0,2,12,0,14,0,2,18,0,20,22,0,22,42
11/21/2021,CNW,TX,ASW,CE,Federal Contract Tower,0,0,9,0,9,0,0,7,0,7,0,0,16,0,16,0,0,0,16
11/22/2021,CNW,TX,ASW,CE,Federal Contract Tower,0,0,16,4,20,0,3,39,5,47,0,3,55,9,67,228,14,242,309
11/23/2021,CNW,TX,ASW,CE,Federal Contract Tower,0,0,7,6,13,0,4,57,2,63,0,4,64,8,76,226,24,250,326
11/24/2021,CNW,TX,ASW,CE,Federal Contract Tower,0,0,7,2,9,0,2,34,0,36,0,2,41,2,45,138,20,158,203
11/25/2021,CNW,TX,ASW,CE,Federal Contract Tower,0,0,2,0,2,0,0,4,0,4,0,0,6,0,6,0,0,0,6
11/26/2021,CNW,TX,ASW,CE,Federal Contract Tower,0,0,0,0,0,0,4,5,0,9,0,4,5,0,9,6,0,6,15
11/27/2021,CNW,TX,ASW,CE,Federal Contract Tower,0,0,2,0,2,0,2,2,0,4,0,2,4,0,6,0,0,0,6
11/28/2021,CNW,TX,ASW,CE,Federal Contract Tower,0,0,8,0,8,0,0,12,0,12,0,0,20,0,20,6,0,6,26
11/29/2021,CNW,TX,ASW,CE,Federal Contract Tower,0,0,13,8,21,0,3,43,3,49,0,3,56,11,70,138,50,188,258
11/30/2021,CNW,TX,ASW,CE,Federal Contract Tower,0,0,23,5,28,0,1,45,6,52,0,1,68,11,80,128,44,172,252
12/01/2021,CNW,TX,ASW,CE,Federal Contract Tower,0,0,9,4,13,0,0,26,1,27,0,0,35,5,40,130,0,130,170
12/02/2021,CNW,TX,ASW,CE,Federal Contract Tower,0,0,8,0,8,0,1,35,0,36,0,1,43,0,44,128,0,128,172
12/03/2021,CNW,TX,ASW,CE,Federal Contract Tower,0,0,5,3,8,0,2,23,0,25,0,2,28,3,33,84,0,84,117
12/04/2021,CNW,TX,ASW,CE,Federal Contract Tower,0,0,4,20,24,0,1,13,0,14,0,1,17,20,38,54,42,96,134
12/05/2021,CNW,TX,ASW,CE,Federal Contract Tower,0,0,0,0,0,0,0,7,0,7,0,0,7,0,7,32,0,32,39
12/06/2021,CNW,TX,ASW,CE,Federal Contract Tower,0,0,4,4,8,0,2,26,5,33,0,2,30,9,41,78,104,182,223
12/07/2021,CNW,TX,ASW,CE,Federal Contract Tower,0,0,15,3,18,0,0,49,5,54,0,0,64,8,72,82,34,116,188
12/08/2021,CNW,TX,ASW,CE,Federal Contract Tower,0,0,6,20,26,0,4,49,1,54,0,4,55,21,80,70,36,106,186
12/09/2021,CNW,TX,ASW,CE,Federal Contract Tower,0,0,8,10,18,0,0,37,0,37,0,0,45,10,55,40,0,40,95
12/10/2021,CNW,TX,ASW,CE,Federal Contract Tower,0,2,13,15,30,0,3,16,2,21,0,5,29,17,51,28,66,94,145
12/11/2021,CNW,TX,ASW,CE,Federal Contract Tower,0,0,3,6,9,0,3,6,0,9,0,3,9,6,18,6,0,6,24
12/12/2021,CNW,TX,ASW,CE,Federal Contract Tower,0,0,1,6,7,0,2,19,0,21,0,2,20,6,28,16,10,26,54
12/13/2021,CNW,TX,ASW,CE,Federal Contract Tower,0,0,5,26,31,0,0,35,0,35,0,0,40,26,66,94,62,156,222
12/14/2021,CNW,TX,ASW,CE,Federal Contract Tower,0,0,6,1,7,0,0,0,0,0,0,0,6,1,7,0,0,0,7
12/15/2021,CNW,TX,ASW,CE,Federal Contract Tower,0,0,18,15,33,0,2,30,8,40,0,2,48,23,73,110,98,208,281
12/16/2021,CNW,TX,ASW,CE,Federal Contract Tower,0,0,15,1,16,0,0,20,0,20,0,0,35,1,36,50,0,50,86
12/17/2021,CNW,TX,ASW,CE,Federal Contract Tower,0,2,9,0,11,0,4,7,0,11,0,6,16,0,22,14,0,14,36
12/18/2021,CNW,TX,ASW,CE,Federal Contract Tower,0,0,1,0,1,0,0,2,0,2,0,0,3,0,3,10,0,10,13
12/19/2021,CNW,TX,ASW,CE,Federal Contract Tower,0,0,5,2,7,0,0,19,0,19,0,0,24,2,26,14,0,14,40
12/20/2021,CNW,TX,ASW,CE,Federal Contract Tower,0,0,15,10,25,0,0,36,6,42,0,0,51,16,67,46,72,118,185
12/21/2021,CNW,TX,ASW,CE,Federal Contract Tower,0,0,9,2,11,0,0,41,3,44,0,0,50,5,55,72,66,138,193
12/22/2021,CNW,TX,ASW,CE,Federal Contract Tower,0,0,12,6,18,0,2,23,2,27,0,2,35,8,45,58,10,68,113
12/23/2021,CNW,TX,ASW,CE,Federal Contract Tower,0,0,3,0,3,0,0,11,0,11,0,0,14,0,14,28,0,28,42
12/24/2021,CNW,TX,ASW,CE,Federal Contract Tower,0,0,0,0,0,0,0,4,0,4,0,0,4,0,4,0,0,0,4
12/25/2021,CNW,TX,ASW,CE,Federal Contract Tower,0,0,0,0,0,0,1,2,0,3,0,1,2,0,3,0,0,0,3
12/26/2021,CNW,TX,ASW,CE,Federal Contract Tower,0,0,1,0,1,0,0,2,0,2,0,0,3,0,3,0,0,0,3
12/27/2021,CNW,TX,ASW,CE,Federal Contract Tower,0,0,7,0,7,0,2,9,0,11,0,2,16,0,18,0,0,0,18
12/29/2021,CNW,TX,ASW,CE,Federal Contract Tower,0,0,6,0,6,0,1,11,0,12,0,1,17,0,18,14,0,14,32
12/30/2021,CNW,TX,ASW,CE,Federal Contract Tower,0,0,3,1,4,0,0,13,0,13,0,0,16,1,17,58,0,58,75
12/31/2021,CNW,TX,ASW,CE,Federal Contract Tower,0,0,3,0,3,0,0,1,0,1,0,0,4,0,4,0,0,0,4
01/01/2022,CNW,TX,ASW,CE,Federal Contract Tower,0,0,1,0,1,0,0,2,0,2,0,0,3,0,3,0,0,0,3
01/02/2022,CNW,TX,ASW,CE,Federal Contract Tower,0,0,0,0,0,0,2,4,0,6,0,2,4,0,6,0,0,0,6
01/03/2022,CNW,TX,ASW,CE,Federal Contract Tower,0,0,0,0,0,0,4,42,0,46,0,4,42,0,46,116,0,116,162
01/04/2022,CNW,TX,ASW,CE,Federal Contract Tower,0,0,4,2,6,0,2,30,6,38,0,2,34,8,44,150,30,180,224
01/05/2022,CNW,TX,ASW,CE,Federal Contract Tower,0,0,11,6,17,0,0,36,3,39,0,0,47,9,56,106,44,150,206
01/06/2022,CNW,TX,ASW,CE,Federal Contract Tower,0,0,6,1,7,0,0,37,3,40,0,0,43,4,47,106,32,138,185
01/07/2022,CNW,TX,ASW,CE,Federal Contract Tower,0,0,3,22,25,0,4,26,0,30,0,4,29,22,55,102,28,130,185
01/08/2022,CNW,TX,ASW,CE,Federal Contract Tower,0,0,2,0,2,0,0,0,0,0,0,0,2,0,2,0,0,0,2
01/09/2022,CNW,TX,ASW,CE,Federal Contract Tower,0,0,0,1,1,0,2,4,1,7,0,2,4,2,8,0,0,0,8
01/10/2022,CNW,TX,ASW,CE,Federal Contract Tower,0,0,6,9,15,0,3,41,0,44,0,3,47,9,59,156,40,196,255
01/11/2022,CNW,TX,ASW,CE,Federal Contract Tower,0,0,6,5,11,0,2,44,2,48,0,2,50,7,59,234,2,236,295
01/12/2022,CNW,TX,ASW,CE,Federal Contract Tower,0,1,15,12,28,0,1,62,0,63,0,2,77,12,91,148,0,148,239
01/13/2022,CNW,TX,ASW,CE,Federal Contract Tower,0,0,5,8,13,0,3,55,4,62,0,3,60,12,75,194,28,222,297
01/14/2022,CNW,TX,ASW,CE,Federal Contract Tower,0,0,4,26,30,0,2,34,4,40,0,2,38,30,70,58,64,122,192
01/15/2022,CNW,TX,ASW,CE,Federal Contract Tower,0,0,0,0,0,0,0,0,0,0,0,0,0,0,0,0,0,0,0
01/16/2022,CNW,TX,ASW,CE,Federal Contract Tower,0,0,0,1,1,0,0,17,1,18,0,0,17,2,19,32,0,32,51
01/17/2022,CNW,TX,ASW,CE,Federal Contract Tower,0,0,4,3,7,0,0,46,1,47,0,0,50,4,54,98,4,102,156
01/18/2022,CNW,TX,ASW,CE,Federal Contract Tower,0,0,3,30,33,0,2,44,3,49,0,2,47,33,82,132,114,246,328
01/19/2022,CNW,TX,ASW,CE,Federal Contract Tower,0,0,3,6,9,0,0,42,4,46,0,0,45,10,55,212,22,234,289
01/20/2022,CNW,TX,ASW,CE,Federal Contract Tower,0,0,2,0,2,0,0,26,0,26,0,0,28,0,28,108,0,108,136
01/21/2022,CNW,TX,ASW,CE,Federal Contract Tower,0,0,6,33,39,0,2,43,0,45,0,2,49,33,84,88,22,110,194
01/22/2022,CNW,TX,ASW,CE,Federal Contract Tower,0,0,3,4,7,0,0,17,2,19,0,0,20,6,26,72,0,72,98
01/23/2022,CNW,TX,ASW,CE,Federal Contract Tower,0,0,2,12,14,0,0,15,0,15,0,0,17,12,29,16,0,16,45
01/24/2022,CNW,TX,ASW,CE,Federal Contract Tower,0,0,1,2,3,0,0,6,0,6,0,0,7,2,9,10,0,10,19
01/25/2022,CNW,TX,ASW,CE,Federal Contract Tower,0,0,10,0,10,0,1,16,2,19,0,1,26,2,29,42,0,42,71
01/26/2022,CNW,TX,ASW,CE,Federal Contract Tower,0,0,7,12,19,0,2,69,10,81,0,2,76,22,100,178,58,236,336
01/27/2022,CNW,TX,ASW,CE,Federal Contract Tower,0,0,7,28,35,0,1,58,3,62,0,1,65,31,97,172,64,236,333
01/28/2022,CNW,TX,ASW,CE,Federal Contract Tower,0,0,8,29,37,0,2,23,4,29,0,2,31,33,66,96,92,188,254
01/29/2022,CNW,TX,ASW,CE,Federal Contract Tower,0,0,2,42,44,0,0,12,0,12,0,0,14,42,56,30,24,54,110
01/30/2022,CNW,TX,ASW,CE,Federal Contract Tower,0,0,1,10,11,0,5,6,0,11,0,5,7,10,22,16,4,20,42
01/31/2022,CNW,TX,ASW,CE,Federal Contract Tower,0,0,3,3,6,0,0,1,0,1,0,0,4,3,7,20,0,20,27
02/01/2022,CNW,TX,ASW,CE,Federal Contract Tower,0,0,11,8,19,0,2,48,9,59,0,2,59,17,78,140,38,178,256
02/02/2022,CNW,TX,ASW,CE,Federal Contract Tower,0,0,9,1,10,0,0,11,0,11,0,0,20,1,21,60,0,60,81
02/03/2022,CNW,TX,ASW,CE,Federal Contract Tower,0,0,0,0,0,0,0,0,0,0,0,0,0,0,0,0,0,0,0
02/04/2022,CNW,TX,ASW,CE,Federal Contract Tower,0,0,0,0,0,0,2,0,0,2,0,2,0,0,2,0,0,0,2
02/05/2022,CNW,TX,ASW,CE,Federal Contract Tower,0,0,3,18,21,0,2,4,4,10,0,2,7,22,31,18,36,54,85
02/06/2022,CNW,TX,ASW,CE,Federal Contract Tower,0,0,4,0,4,0,4,13,0,17,0,4,17,0,21,38,0,38,59
02/07/2022,CNW,TX,ASW,CE,Federal Contract Tower,0,0,9,12,21,0,2,57,11,70,0,2,66,23,91,224,66,290,381
02/08/2022,CNW,TX,ASW,CE,Federal Contract Tower,0,0,8,6,14,0,0,80,8,88,0,0,88,14,102,310,54,364,466
02/09/2022,CNW,TX,ASW,CE,Federal Contract Tower,0,0,4,2,6,0,1,58,3,62,0,1,62,5,68,234,28,262,330
02/10/2022,CNW,TX,ASW,CE,Federal Contract Tower,0,0,6,22,28,0,0,63,4,67,0,0,69,26,95,218,54,272,367
02/11/2022,CNW,TX,ASW,CE,Federal Contract Tower,0,0,7,30,37,0,4,64,4,72,0,4,71,34,109,232,106,338,447
02/12/2022,CNW,TX,ASW,CE,Federal Contract Tower,0,0,1,15,16,0,2,2,0,4,0,2,3,15,20,0,6,6,26
02/13/2022,CNW,TX,ASW,CE,Federal Contract Tower,0,0,4,0,4,0,1,17,0,18,0,1,21,0,22,72,0,72,94
02/14/2022,CNW,TX,ASW,CE,Federal Contract Tower,0,0,3,13,16,0,0,55,3,58,0,0,58,16,74,178,62,240,314
02/15/2022,CNW,TX,ASW,CE,Federal Contract Tower,0,0,11,16,27,0,0,32,6,38,0,0,43,22,65,76,74,150,215
02/16/2022,CNW,TX,ASW,CE,Federal Contract Tower,0,0,7,17,24,0,0,1,0,1,0,0,8,17,25,0,10,10,35
02/17/2022,CNW,TX,ASW,CE,Federal Contract Tower,0,0,1,2,3,0,4,7,3,14,0,4,8,5,17,48,24,72,89
02/18/2022,CNW,TX,ASW,CE,Federal Contract Tower,0,0,6,8,14,0,3,79,3,85,0,3,85,11,99,266,2,268,367
02/19/2022,CNW,TX,ASW,CE,Federal Contract Tower,0,0,1,4,5,0,0,28,1,29,0,0,29,5,34,136,0,136,170
02/20/2022,CNW,TX,ASW,CE,Federal Contract Tower,0,0,0,6,6,0,4,9,3,16,0,4,9,9,22,118,4,122,144
02/21/2022,CNW,TX,ASW,CE,Federal Contract Tower,0,0,5,2,7,0,0,11,0,11,0,0,16,2,18,32,0,32,50
02/22/2022,CNW,TX,ASW,CE,Federal Contract Tower,0,0,7,38,45,0,4,56,3,63,0,4,63,41,108,194,150,344,452
02/23/2022,CNW,TX,ASW,CE,Federal Contract Tower,0,0,0,3,3,0,0,0,0,0,0,0,0,3,3,0,0,0,3
02/24/2022,CNW,TX,ASW,CE,Federal Contract Tower,0,0,0,0,0,0,0,0,0,0,0,0,0,0,0,0,0,0,0
02/25/2022,CNW,TX,ASW,CE,Federal Contract Tower,0,0,1,3,4,0,2,16,10,28,0,2,17,13,32,58,62,120,152
02/26/2022,CNW,TX,ASW,CE,Federal Contract Tower,0,0,0,0,0,0,0,0,0,0,0,0,0,0,0,0,0,0,0
02/27/2022,CNW,TX,ASW,CE,Federal Contract Tower,0,0,8,8,16,0,1,17,0,18,0,1,25,8,34,38,0,38,72
02/28/2022,CNW,TX,ASW,CE,Federal Contract Tower,0,1,4,4,9,0,1,75,5,81,0,2,79,9,90,314,52,366,456
03/01/2022,CNW,TX,ASW,CE,Federal Contract Tower,0,0,3,12,15,0,2,55,8,65,0,2,58,20,80,278,142,420,500
03/02/2022,CNW,TX,ASW,CE,Federal Contract Tower,0,0,14,12,26,0,0,69,5,74,0,0,83,17,100,194,40,234,334
03/03/2022,CNW,TX,ASW,CE,Federal Contract Tower,0,0,9,19,28,0,0,89,16,105,0,0,98,35,133,271,100,371,504
03/04/2022,CNW,TX,ASW,CE,Federal Contract Tower,0,0,6,39,45,0,0,6,1,7,0,0,12,40,52,40,28,68,120
03/05/2022,CNW,TX,ASW,CE,Federal Contract Tower,0,0,7,4,11,0,0,7,0,7,0,0,14,4,18,32,0,32,50
03/06/2022,CNW,TX,ASW,CE,Federal Contract Tower,0,0,7,0,7,0,0,5,0,5,0,0,12,0,12,14,0,14,26
03/07/2022,CNW,TX,ASW,CE,Federal Contract Tower,0,0,9,18,27,0,0,53,10,63,0,0,62,28,90,218,84,302,392
03/08/2022,CNW,TX,ASW,CE,Federal Contract Tower,0,0,7,2,9,0,2,44,9,55,0,2,51,11,64,200,30,230,294
03/09/2022,CNW,TX,ASW,CE,Federal Contract Tower,0,0,4,3,7,0,4,71,7,82,0,4,75,10,89,238,36,274,363
03/10/2022,CNW,TX,ASW,CE,Federal Contract Tower,0,0,10,4,14,0,0,70,2,72,0,0,80,6,86,186,88,274,360
03/11/2022,CNW,TX,ASW,CE,Federal Contract Tower,0,0,2,0,2,0,2,0,0,2,0,2,2,0,4,0,0,0,4
03/12/2022,CNW,TX,ASW,CE,Federal Contract Tower,0,0,4,1,5,0,2,17,2,21,0,2,21,3,26,40,0,40,66
03/13/2022,CNW,TX,ASW,CE,Federal Contract Tower,0,0,2,0,2,0,0,17,0,17,0,0,19,0,19,42,0,42,61
03/14/2022,CNW,TX,ASW,CE,Federal Contract Tower,0,0,11,2,13,0,5,8,2,15,0,5,19,4,28,4,22,26,54
03/15/2022,CNW,TX,ASW,CE,Federal Contract Tower,0,0,14,9,23,0,3,50,3,56,0,3,64,12,79,168,26,194,273
03/16/2022,CNW,TX,ASW,CE,Federal Contract Tower,0,0,17,6,23,0,1,76,10,87,0,1,93,16,110,276,50,326,436
03/17/2022,CNW,TX,ASW,CE,Federal Contract Tower,0,0,17,5,22,0,1,10,4,15,0,1,27,9,37,6,70,76,113
03/18/2022,CNW,TX,ASW,CE,Federal Contract Tower,0,0,6,9,15,0,2,7,0,9,0,2,13,9,24,12,30,42,66
03/19/2022,CNW,TX,ASW,CE,Federal Contract Tower,0,0,5,3,8,0,3,19,2,24,0,3,24,5,32,32,12,44,76
03/20/2022,CNW,TX,ASW,CE,Federal Contract Tower,0,0,19,2,21,0,4,18,0,22,0,4,37,2,43,20,0,20,63
03/21/2022,CNW,TX,ASW,CE,Federal Contract Tower,0,0,0,0,0,0,0,0,0,0,0,0,0,0,0,0,0,0,0
03/22/2022,CNW,TX,ASW,CE,Federal Contract Tower,0,0,3,13,16,0,5,16,5,26,0,5,19,18,42,36,22,58,100
03/23/2022,CNW,TX,ASW,CE,Federal Contract Tower,0,1,12,6,19,0,0,36,1,37,0,1,48,7,56,138,18,156,212
03/24/2022,CNW,TX,ASW,CE,Federal Contract Tower,0,0,6,4,10,0,3,49,4,56,0,3,55,8,66,146,0,146,212
03/25/2022,CNW,TX,ASW,CE,Federal Contract Tower,0,0,17,12,29,0,4,74,0,78,0,4,91,12,107,162,0,162,269
03/26/2022,CNW,TX,ASW,CE,Federal Contract Tower,0,0,9,27,36,0,2,14,0,16,0,2,23,27,52,32,20,52,104
03/27/2022,CNW,TX,ASW,CE,Federal Contract Tower,0,0,0,0,0,0,2,6,0,8,0,2,6,0,8,10,0,10,18
03/28/2022,CNW,TX,ASW,CE,Federal Contract Tower,0,2,15,19,36,0,2,40,4,46,0,4,55,23,82,116,88,204,286
03/29/2022,CNW,TX,ASW,CE,Federal Contract Tower,0,0,3,14,17,0,0,9,0,9,0,0,12,14,26,32,0,32,58
03/30/2022,CNW,TX,ASW,CE,Federal Contract Tower,0,0,2,1,3,0,5,4,3,12,0,5,6,4,15,0,18,18,33
03/31/2022,CNW,TX,ASW,CE,Federal Contract Tower,0,0,8,18,26,0,1,76,6,83,0,1,84,24,109,208,94,302,411
04/01/2022,CNW,TX,ASW,CE,Federal Contract Tower,0,1,23,40,64,0,6,52,9,67,0,7,75,49,131,166,80,246,377
04/02/2022,CNW,TX,ASW,CE,Federal Contract Tower,0,1,9,2,12,0,5,17,0,22,0,6,26,2,34,76,0,76,110
04/03/2022,CNW,TX,ASW,CE,Federal Contract Tower,0,0,5,0,5,0,0,25,0,25,0,0,30,0,30,88,0,88,118
04/04/2022,CNW,TX,ASW,CE,Federal Contract Tower,0,0,22,10,32,0,1,7,0,8,0,1,29,10,40,28,0,28,68
04/05/2022,CNW,TX,ASW,CE,Federal Contract Tower,0,0,14,19,33,0,4,29,5,38,0,4,43,24,71,46,54,100,171
04/06/2022,CNW,TX,ASW,CE,Federal Contract Tower,0,0,9,17,26,0,1,42,11,54,0,1,51,28,80,88,50,138,218
04/07/2022,CNW,TX,ASW,CE,Federal Contract Tower,0,0,5,4,9,0,2,40,2,44,0,2,45,6,53,66,4,70,123
04/08/2022,CNW,TX,ASW,CE,Federal Contract Tower,0,0,4,5,9,0,4,35,2,41,0,4,39,7,50,106,10,116,166
04/09/2022,CNW,TX,ASW,CE,Federal Contract Tower,0,0,10,6,16,0,1,20,0,21,0,1,30,6,37,10,0,10,47
04/10/2022,CNW,TX,ASW,CE,Federal Contract Tower,0,0,2,4,6,0,5,3,0,8,0,5,5,4,14,4,0,4,18
04/11/2022,CNW,TX,ASW,CE,Federal Contract Tower,0,0,20,30,50,0,6,22,7,35,0,6,42,37,85,102,118,220,305
04/12/2022,CNW,TX,ASW,CE,Federal Contract Tower,0,0,8,5,13,0,2,10,0,12,0,2,18,5,25,66,0,66,91
04/13/2022,CNW,TX,ASW,CE,Federal Contract Tower,0,0,17,6,23,0,4,18,5,27,0,4,35,11,50,28,30,58,108
04/14/2022,CNW,TX,ASW,CE,Federal Contract Tower,0,0,17,12,29,0,0,59,7,66,0,0,76,19,95,138,68,206,301
04/15/2022,CNW,TX,ASW,CE,Federal Contract Tower,0,0,14,23,37,0,0,18,0,18,0,0,32,23,55,88,6,94,149
04/16/2022,CNW,TX,ASW,CE,Federal Contract Tower,0,1,4,0,5,0,4,8,0,12,0,5,12,0,17,24,0,24,41
04/17/2022,CNW,TX,ASW,CE,Federal Contract Tower,0,0,0,0,0,0,2,2,0,4,0,2,2,0,4,6,0,6,10
04/18/2022,CNW,TX,ASW,CE,Federal Contract Tower,0,3,7,2,12,0,4,19,5,28,0,7,26,7,40,66,48,114,154
04/19/2022,CNW,TX,ASW,CE,Federal Contract Tower,0,0,10,11,21,0,4,36,3,43,0,4,46,14,64,114,62,176,240
04/20/2022,CNW,TX,ASW,CE,Federal Contract Tower,0,0,6,34,40,0,1,24,4,29,0,1,30,38,69,112,26,138,207
04/21/2022,CNW,TX,ASW,CE,Federal Contract Tower,0,0,22,4,26,0,6,20,3,29,0,6,42,7,55,142,52,194,249
04/22/2022,CNW,TX,ASW,CE,Federal Contract Tower,0,1,10,8,19,0,4,20,0,24,0,5,30,8,43,142,0,142,185
04/23/2022,CNW,TX,ASW,CE,Federal Contract Tower,0,0,4,12,16,0,4,8,0,12,0,4,12,12,28,44,0,44,72
04/24/2022,CNW,TX,ASW,CE,Federal Contract Tower,0,2,3,0,5,0,2,12,0,14,0,4,15,0,19,60,0,60,79
04/25/2022,CNW,TX,ASW,CE,Federal Contract Tower,0,0,0,2,2,0,1,0,0,1,0,1,0,2,3,0,0,0,3
04/26/2022,CNW,TX,ASW,CE,Federal Contract Tower,0,0,9,5,14,0,5,83,12,100,0,5,92,17,114,272,46,318,432
04/27/2022,CNW,TX,ASW,CE,Federal Contract Tower,0,0,15,44,59,0,4,40,9,53,0,4,55,53,112,80,40,120,232
04/28/2022,CNW,TX,ASW,CE,Federal Contract Tower,0,0,15,12,27,0,1,35,0,36,0,1,50,12,63,130,4,134,197
04/29/2022,CNW,TX,ASW,CE,Federal Contract Tower,0,0,9,12,21,0,3,11,0,14,0,3,20,12,35,62,0,62,97
04/30/2022,CNW,TX,ASW,CE,Federal Contract Tower,0,0,1,0,1,0,2,3,0,5,0,2,4,0,6,14,0,14,20
05/01/2022,CNW,TX,ASW,CE,Federal Contract Tower,0,0,1,0,1,0,2,5,0,7,0,2,6,0,8,0,0,0,8
05/02/2022,CNW,TX,ASW,CE,Federal Contract Tower,0,0,0,4,4,0,4,7,1,12,0,4,7,5,16,32,18,50,66
05/03/2022,CNW,TX,ASW,CE,Federal Contract Tower,0,0,7,16,23,0,0,4,6,10,0,0,11,22,33,12,32,44,77
05/04/2022,CNW,TX,ASW,CE,Federal Contract Tower,0,0,21,15,36,0,0,16,5,21,0,0,37,20,57,60,36,96,153
05/05/2022,CNW,TX,ASW,CE,Federal Contract Tower,0,0,0,0,0,0,3,3,0,6,0,3,3,0,6,16,0,16,22
05/06/2022,CNW,TX,ASW,CE,Federal Contract Tower,0,0,3,4,7,0,1,48,8,57,0,1,51,12,64,38,10,48,112
05/07/2022,CNW,TX,ASW,CE,Federal Contract Tower,0,0,2,0,2,0,4,0,0,4,0,4,2,0,6,0,0,0,6
05/08/2022,CNW,TX,ASW,CE,Federal Contract Tower,0,0,0,0,0,0,0,2,2,4,0,0,2,2,4,0,0,0,4
05/09/2022,CNW,TX,ASW,CE,Federal Contract Tower,0,0,2,37,39,0,3,24,5,32,0,3,26,42,71,34,50,84,155
05/10/2022,CNW,TX,ASW,CE,Federal Contract Tower,0,0,13,16,29,0,0,16,9,25,0,0,29,25,54,66,46,112,166
05/11/2022,CNW,TX,ASW,CE,Federal Contract Tower,0,0,15,8,23,0,4,28,8,40,0,4,43,16,63,56,38,94,157
05/12/2022,CNW,TX,ASW,CE,Federal Contract Tower,0,0,11,0,11,0,3,38,5,46,0,3,49,5,57,44,0,44,101
05/13/2022,CNW,TX,ASW,CE,Federal Contract Tower,0,0,4,23,27,0,2,36,5,43,0,2,40,28,70,70,50,120,190
05/14/2022,CNW,TX,ASW,CE,Federal Contract Tower,0,0,0,18,18,0,3,15,3,21,0,3,15,21,39,22,10,32,71
05/15/2022,CNW,TX,ASW,CE,Federal Contract Tower,0,0,3,10,13,0,0,18,1,19,0,0,21,11,32,44,0,44,76
05/16/2022,CNW,TX,ASW,CE,Federal Contract Tower,0,0,11,7,18,0,3,54,2,59,0,3,65,9,77,104,4,108,185
05/17/2022,CNW,TX,ASW,CE,Federal Contract Tower,0,0,14,17,31,0,5,58,7,70,0,5,72,24,101,122,0,122,223
05/18/2022,CNW,TX,ASW,CE,Federal Contract Tower,0,3,9,19,31,0,6,52,3,61,0,9,61,22,92,102,56,158,250
05/19/2022,CNW,TX,ASW,CE,Federal Contract Tower,0,0,14,38,52,0,4,34,8,46,0,4,48,46,98,46,52,98,196
05/20/2022,CNW,TX,ASW,CE,Federal Contract Tower,0,0,4,44,48,0,0,18,43,61,0,0,22,87,109,26,56,82,191
05/21/2022,CNW,TX,ASW,CE,Federal Contract Tower,0,0,1,1,2,0,0,6,0,6,0,0,7,1,8,10,0,10,18
05/22/2022,CNW,TX,ASW,CE,Federal Contract Tower,0,0,1,0,1,0,4,11,0,15,0,4,12,0,16,30,0,30,46
05/23/2022,CNW,TX,ASW,CE,Federal Contract Tower,0,0,0,8,8,0,4,16,2,22,0,4,16,10,30,80,46,126,156
05/24/2022,CNW,TX,ASW,CE,Federal Contract Tower,0,1,7,9,17,0,0,13,8,21,0,1,20,17,38,50,14,64,102
05/25/2022,CNW,TX,ASW,CE,Federal Contract Tower,0,0,6,9,15,0,0,27,3,30,0,0,33,12,45,78,0,78,123
05/26/2022,CNW,TX,ASW,CE,Federal Contract Tower,0,0,5,11,16,0,1,38,9,48,0,1,43,20,64,30,78,108,172
05/27/2022,CNW,TX,ASW,CE,Federal Contract Tower,0,0,3,0,3,0,3,60,5,68,0,3,63,5,71,80,22,102,173
05/28/2022,CNW,TX,ASW,CE,Federal Contract Tower,0,0,2,0,2,0,4,14,0,18,0,4,16,0,20,34,0,34,54
05/29/2022,CNW,TX,ASW,CE,Federal Contract Tower,0,0,2,0,2,0,3,12,0,15,0,3,14,0,17,36,0,36,53
05/30/2022,CNW,TX,ASW,CE,Federal Contract Tower,0,0,3,0,3,0,2,9,0,11,0,2,12,0,14,6,0,6,20
05/31/2022,CNW,TX,ASW,CE,Federal Contract Tower,0,0,8,35,43,0,0,45,8,53,0,0,53,43,96,150,206,356,452
06/01/2022,CNW,TX,ASW,CE,Federal Contract Tower,0,0,11,31,42,0,2,22,5,29,0,2,33,36,71,114,86,200,271
06/02/2022,CNW,TX,ASW,CE,Federal Contract Tower,0,0,4,0,4,0,4,28,2,34,0,4,32,2,38,102,10,112,150
06/03/2022,CNW,TX,ASW,CE,Federal Contract Tower,0,0,8,0,8,0,2,34,3,39,0,2,42,3,47,146,24,170,217
06/04/2022,CNW,TX,ASW,CE,Federal Contract Tower,0,0,2,0,2,0,2,6,0,8,0,2,8,0,10,30,0,30,40
06/05/2022,CNW,TX,ASW,CE,Federal Contract Tower,0,0,1,12,13,0,4,12,0,16,0,4,13,12,29,52,0,52,81
06/06/2022,CNW,TX,ASW,CE,Federal Contract Tower,0,0,22,30,52,0,0,27,2,29,0,0,49,32,81,74,56,130,211
06/07/2022,CNW,TX,ASW,CE,Federal Contract Tower,0,0,9,27,36,0,0,40,5,45,0,0,49,32,81,134,110,244,325
06/08/2022,CNW,TX,ASW,CE,Federal Contract Tower,0,0,6,16,22,0,6,43,9,58,0,6,49,25,80,190,80,270,350
06/09/2022,CNW,TX,ASW,CE,Federal Contract Tower,0,0,6,10,16,0,0,35,10,45,0,0,41,20,61,136,86,222,283
06/10/2022,CNW,TX,ASW,CE,Federal Contract Tower,0,0,7,42,49,0,2,34,8,44,0,2,41,50,93,116,86,202,295
06/11/2022,CNW,TX,ASW,CE,Federal Contract Tower,0,2,2,0,4,0,4,7,4,15,0,6,9,4,19,8,0,8,27
06/12/2022,CNW,TX,ASW,CE,Federal Contract Tower,0,1,0,0,1,0,1,15,2,18,0,2,15,2,19,16,0,16,35
06/13/2022,CNW,TX,ASW,CE,Federal Contract Tower,0,0,13,22,35,0,2,42,10,54,0,2,55,32,89,102,54,156,245
06/14/2022,CNW,TX,ASW,CE,Federal Contract Tower,0,0,5,27,32,0,2,27,8,37,0,2,32,35,69,28,80,108,177
06/15/2022,CNW,TX,ASW,CE,Federal Contract Tower,0,0,3,3,6,0,3,50,4,57,0,3,53,7,63,198,16,214,277
06/16/2022,CNW,TX,ASW,CE,Federal Contract Tower,0,0,16,45,61,0,2,44,5,51,0,2,60,50,112,156,36,192,304
06/17/2022,CNW,TX,ASW,CE,Federal Contract Tower,0,0,15,38,53,0,2,36,2,40,0,2,51,40,93,108,62,170,263
06/18/2022,CNW,TX,ASW,CE,Federal Contract Tower,0,2,3,10,15,0,0,9,1,10,0,2,12,11,25,34,14,48,73
06/19/2022,CNW,TX,ASW,CE,Federal Contract Tower,0,0,2,6,8,0,0,11,0,11,0,0,13,6,19,44,0,44,63
06/20/2022,CNW,TX,ASW,CE,Federal Contract Tower,0,0,0,2,2,0,4,15,0,19,0,4,15,2,21,22,0,22,43
06/21/2022,CNW,TX,ASW,CE,Federal Contract Tower,0,0,8,29,37,0,2,35,2,39,0,2,43,31,76,168,78,246,322
06/22/2022,CNW,TX,ASW,CE,Federal Contract Tower,0,0,13,14,27,0,4,32,2,38,0,4,45,16,65,64,0,64,129
06/23/2022,CNW,TX,ASW,CE,Federal Contract Tower,0,0,13,15,28,0,3,57,4,64,0,3,70,19,92,134,30,164,256
06/24/2022,CNW,TX,ASW,CE,Federal Contract Tower,0,0,4,54,58,0,2,43,12,57,0,2,47,66,115,128,136,264,379
06/25/2022,CNW,TX,ASW,CE,Federal Contract Tower,0,0,0,0,0,0,0,10,2,12,0,0,10,2,12,30,0,30,42
06/26/2022,CNW,TX,ASW,CE,Federal Contract Tower,0,0,5,1,6,0,0,8,0,8,0,0,13,1,14,2,0,2,16
06/27/2022,CNW,TX,ASW,CE,Federal Contract Tower,0,1,10,2,13,0,2,30,3,35,0,3,40,5,48,12,24,36,84
06/28/2022,CNW,TX,ASW,CE,Federal Contract Tower,0,0,7,9,16,0,2,38,2,42,0,2,45,11,58,168,42,210,268
06/29/2022,CNW,TX,ASW,CE,Federal Contract Tower,0,0,5,11,16,0,0,61,3,64,0,0,66,14,80,150,40,190,270
06/30/2022,CNW,TX,ASW,CE,Federal Contract Tower,0,0,12,27,39,0,0,40,2,42,0,0,52,29,81,132,30,162,243
07/01/2022,CNW,TX,ASW,CE,Federal Contract Tower,0,0,13,0,13,0,4,20,0,24,0,4,33,0,37,46,0,46,83
07/02/2022,CNW,TX,ASW,CE,Federal Contract Tower,0,0,1,0,1,0,5,12,0,17,0,5,13,0,18,60,0,60,78
07/03/2022,CNW,TX,ASW,CE,Federal Contract Tower,0,0,0,0,0,0,0,10,0,10,0,0,10,0,10,16,0,16,26
07/04/2022,CNW,TX,ASW,CE,Federal Contract Tower,0,0,1,0,1,0,2,6,0,8,0,2,7,0,9,8,0,8,17
07/05/2022,CNW,TX,ASW,CE,Federal Contract Tower,0,0,12,16,28,0,4,31,7,42,0,4,43,23,70,86,48,134,204
07/06/2022,CNW,TX,ASW,CE,Federal Contract Tower,0,0,9,34,43,0,0,51,6,57,0,0,60,40,100,112,92,204,304
07/07/2022,CNW,TX,ASW,CE,Federal Contract Tower,0,2,10,10,22,0,0,40,3,43,0,2,50,13,65,142,36,178,243
07/08/2022,CNW,TX,ASW,CE,Federal Contract Tower,0,0,8,28,36,0,4,17,7,28,0,4,25,35,64,28,32,60,124
07/09/2022,CNW,TX,ASW,CE,Federal Contract Tower,0,0,0,8,8,0,0,0,2,2,0,0,0,10,10,0,0,0,10
07/10/2022,CNW,TX,ASW,CE,Federal Contract Tower,0,0,2,2,4,0,2,10,0,12,0,2,12,2,16,0,0,0,16
07/11/2022,CNW,TX,ASW,CE,Federal Contract Tower,0,0,5,10,15,0,3,31,5,39,0,3,36,15,54,90,64,154,208
07/12/2022,CNW,TX,ASW,CE,Federal Contract Tower,0,0,11,29,40,0,2,34,10,46,0,2,45,39,86,164,102,266,352
07/13/2022,CNW,TX,ASW,CE,Federal Contract Tower,198,0,20,0,218,0,0,34,0,34,198,0,54,0,252,0,0,0,252
07/14/2022,CNW,TX,ASW,CE,Federal Contract Tower,0,0,3,0,3,0,0,26,1,27,0,0,29,1,30,80,12,92,122
07/15/2022,CNW,TX,ASW,CE,Federal Contract Tower,0,0,4,51,55,0,1,23,4,28,0,1,27,55,83,140,100,240,323
07/16/2022,CNW,TX,ASW,CE,Federal Contract Tower,0,0,8,25,33,0,0,10,1,11,0,0,18,26,44,44,0,44,88
07/17/2022,CNW,TX,ASW,CE,Federal Contract Tower,0,0,0,6,6,0,0,1,0,1,0,0,1,6,7,0,14,14,21
07/18/2022,CNW,TX,ASW,CE,Federal Contract Tower,0,2,16,17,35,0,0,37,6,43,0,2,53,23,78,76,28,104,182
07/19/2022,CNW,TX,ASW,CE,Federal Contract Tower,0,0,14,11,25,0,0,45,6,51,0,0,59,17,76,114,44,158,234
07/20/2022,CNW,TX,ASW,CE,Federal Contract Tower,0,0,9,8,17,0,0,39,1,40,0,0,48,9,57,74,0,74,131
07/21/2022,CNW,TX,ASW,CE,Federal Contract Tower,0,0,10,28,38,0,0,39,0,39,0,0,49,28,77,114,64,178,255
07/22/2022,CNW,TX,ASW,CE,Federal Contract Tower,0,0,11,63,74,0,1,35,4,40,0,1,46,67,114,30,98,128,242
07/23/2022,CNW,TX,ASW,CE,Federal Contract Tower,0,0,3,4,7,0,1,7,2,10,0,1,10,6,17,86,0,86,103
07/24/2022,CNW,TX,ASW,CE,Federal Contract Tower,0,0,0,17,17,0,0,3,0,3,0,0,3,17,20,0,0,0,20
07/25/2022,CNW,TX,ASW,CE,Federal Contract Tower,0,0,7,7,14,0,4,31,12,47,0,4,38,19,61,76,68,144,205
07/26/2022,CNW,TX,ASW,CE,Federal Contract Tower,0,0,11,16,27,0,4,43,6,53,0,4,54,22,80,206,48,254,334
07/27/2022,CNW,TX,ASW,CE,Federal Contract Tower,0,0,14,34,48,0,0,32,8,40,0,0,46,42,88,106,68,174,262
07/28/2022,CNW,TX,ASW,CE,Federal Contract Tower,0,0,21,20,41,0,0,32,3,35,0,0,53,23,76,116,50,166,242
07/29/2022,CNW,TX,ASW,CE,Federal Contract Tower,0,0,8,39,47,0,0,20,6,26,0,0,28,45,73,94,46,140,213
07/30/2022,CNW,TX,ASW,CE,Federal Contract Tower,0,0,3,4,7,0,1,10,0,11,0,1,13,4,18,24,16,40,58
07/31/2022,CNW,TX,ASW,CE,Federal Contract Tower,0,0,2,2,4,0,4,2,0,6,0,4,4,2,10,0,0,0,10
08/01/2022,CNW,TX,ASW,CE,Federal Contract Tower,0,0,15,16,31,0,0,32,5,37,0,0,47,21,68,134,44,178,246
08/02/2022,CNW,TX,ASW,CE,Federal Contract Tower,0,0,16,18,34,0,3,31,3,37,0,3,47,21,71,130,52,182,253
08/03/2022,CNW,TX,ASW,CE,Federal Contract Tower,0,0,20,15,35,0,2,19,3,24,0,2,39,18,59,44,32,76,135
08/04/2022,CNW,TX,ASW,CE,Federal Contract Tower,0,0,23,19,42,0,1,37,3,41,0,1,60,22,83,92,22,114,197
08/05/2022,CNW,TX,ASW,CE,Federal Contract Tower,0,0,9,37,46,0,0,26,3,29,0,0,35,40,75,70,62,132,207
08/06/2022,CNW,TX,ASW,CE,Federal Contract Tower,0,0,5,15,20,0,2,12,0,14,0,2,17,15,34,94,2,96,130
08/07/2022,CNW,TX,ASW,CE,Federal Contract Tower,0,0,1,18,19,0,0,3,1,4,0,0,4,19,23,0,6,6,29
08/08/2022,CNW,TX,ASW,CE,Federal Contract Tower,0,0,7,35,42,0,4,21,3,28,0,4,28,38,70,58,66,124,194
08/09/2022,CNW,TX,ASW,CE,Federal Contract Tower,0,3,10,23,36,0,2,30,5,37,0,5,40,28,73,66,78,144,217
08/10/2022,CNW,TX,ASW,CE,Federal Contract Tower,0,2,13,3,18,0,0,14,0,14,0,2,27,3,32,66,0,66,98
08/11/2022,CNW,TX,ASW,CE,Federal Contract Tower,0,0,3,10,13,0,2,50,6,58,0,2,53,16,71,176,70,246,317
08/12/2022,CNW,TX,ASW,CE,Federal Contract Tower,0,2,8,12,22,0,2,23,2,27,0,4,31,14,49,60,8,68,117
08/13/2022,CNW,TX,ASW,CE,Federal Contract Tower,0,0,1,4,5,0,1,10,0,11,0,1,11,4,16,100,0,100,116
08/14/2022,CNW,TX,ASW,CE,Federal Contract Tower,0,0,2,6,8,0,0,7,0,7,0,0,9,6,15,16,16,32,47
08/15/2022,CNW,TX,ASW,CE,Federal Contract Tower,0,0,3,6,9,0,4,26,6,36,0,4,29,12,45,202,52,254,299
08/16/2022,CNW,TX,ASW,CE,Federal Contract Tower,0,0,6,4,10,0,1,16,5,22,0,1,22,9,32,28,40,68,100
08/17/2022,CNW,TX,ASW,CE,Federal Contract Tower,0,0,9,2,11,0,3,19,0,22,0,3,28,2,33,56,0,56,89
08/18/2022,CNW,TX,ASW,CE,Federal Contract Tower,0,0,4,0,4,0,2,27,2,31,0,2,31,2,35,94,0,94,129
08/19/2022,CNW,TX,ASW,CE,Federal Contract Tower,0,0,3,1,4,0,0,8,4,12,0,0,11,5,16,54,0,54,70
08/20/2022,CNW,TX,ASW,CE,Federal Contract Tower,0,0,5,2,7,0,2,1,0,3,0,2,6,2,10,0,0,0,10
08/21/2022,CNW,TX,ASW,CE,Federal Contract Tower,0,0,0,6,6,0,0,2,0,2,0,0,2,6,8,4,0,4,12
08/22/2022,CNW,TX,ASW,CE,Federal Contract Tower,0,0,0,0,0,0,0,1,0,1,0,0,1,0,1,12,0,12,13
08/23/2022,CNW,TX,ASW,CE,Federal Contract Tower,0,0,2,7,9,0,2,5,3,10,0,2,7,10,19,16,48,64,83
08/24/2022,CNW,TX,ASW,CE,Federal Contract Tower,0,0,8,4,12,0,1,11,5,17,0,1,19,9,29,30,30,60,89
08/25/2022,CNW,TX,ASW,CE,Federal Contract Tower,0,0,9,0,9,0,3,24,0,27,0,3,33,0,36,62,0,62,98
08/26/2022,CNW,TX,ASW,CE,Federal Contract Tower,0,0,7,14,21,0,6,26,1,33,0,6,33,15,54,80,38,118,172
08/27/2022,CNW,TX,ASW,CE,Federal Contract Tower,0,0,3,12,15,0,2,11,4,17,0,2,14,16,32,6,16,22,54
08/28/2022,CNW,TX,ASW,CE,Federal Contract Tower,0,0,4,2,6,0,0,9,0,9,0,0,13,2,15,1,28,29,44
08/29/2022,CNW,TX,ASW,CE,Federal Contract Tower,0,0,4,6,10,0,2,9,0,11,0,2,13,6,21,50,26,76,97
08/30/2022,CNW,TX,ASW,CE,Federal Contract Tower,0,0,3,0,3,0,0,2,0,2,0,0,5,0,5,12,0,12,17
08/31/2022,CNW,TX,ASW,CE,Federal Contract Tower,0,0,2,12,14,0,2,19,1,22,0,2,21,13,36,98,14,112,148
09/01/2022,CNW,TX,ASW,CE,Federal Contract Tower,0,0,1,35,36,0,0,25,4,29,0,0,26,39,65,46,34,80,145
09/02/2022,CNW,TX,ASW,CE,Federal Contract Tower,0,0,2,1,3,0,2,2,0,4,0,2,4,1,7,20,0,20,27
09/03/2022,CNW,TX,ASW,CE,Federal Contract Tower,0,0,4,0,4,0,0,8,0,8,0,0,12,0,12,18,0,18,30
09/04/2022,CNW,TX,ASW,CE,Federal Contract Tower,0,0,0,4,4,0,4,2,0,6,0,4,2,4,10,0,0,0,10
09/05/2022,CNW,TX,ASW,CE,Federal Contract Tower,0,0,0,0,0,0,0,22,0,22,0,0,22,0,22,14,0,14,36
09/06/2022,CNW,TX,ASW,CE,Federal Contract Tower,0,0,2,17,19,0,1,37,1,39,0,1,39,18,58,46,46,92,150
09/07/2022,CNW,TX,ASW,CE,Federal Contract Tower,0,0,8,4,12,0,1,39,1,41,0,1,47,5,53,88,24,112,165
09/08/2022,CNW,TX,ASW,CE,Federal Contract Tower,0,0,6,2,8,0,0,73,0,73,0,0,79,2,81,220,0,220,301
09/09/2022,CNW,TX,ASW,CE,Federal Contract Tower,0,0,3,9,12,0,0,49,1,50,0,0,52,10,62,76,2,78,140
09/10/2022,CNW,TX,ASW,CE,Federal Contract Tower,0,0,0,8,8,0,1,11,0,12,0,1,11,8,20,22,14,36,56
09/11/2022,CNW,TX,ASW,CE,Federal Contract Tower,0,0,0,0,0,0,2,3,0,5,0,2,3,0,5,6,0,6,11
09/12/2022,CNW,TX,ASW,CE,Federal Contract Tower,0,0,2,2,4,0,2,71,2,75,0,2,73,4,79,202,18,220,299
09/13/2022,CNW,TX,ASW,CE,Federal Contract Tower,0,0,11,10,21,0,0,77,2,79,0,0,88,12,100,236,40,276,376
09/14/2022,CNW,TX,ASW,CE,Federal Contract Tower,0,0,1,18,19,0,5,47,4,56,0,5,48,22,75,142,28,170,245
09/15/2022,CNW,TX,ASW,CE,Federal Contract Tower,0,0,3,2,5,0,1,69,0,70,0,1,72,2,75,124,0,124,199
09/16/2022,CNW,TX,ASW,CE,Federal Contract Tower,0,0,5,6,11,0,4,61,1,66,0,4,66,7,77,184,6,190,267
09/17/2022,CNW,TX,ASW,CE,Federal Contract Tower,0,0,1,2,3,0,3,9,0,12,0,3,10,2,15,12,0,12,27
09/18/2022,CNW,TX,ASW,CE,Federal Contract Tower,0,0,1,9,10,0,0,13,0,13,0,0,14,9,23,6,0,6,29
09/19/2022,CNW,TX,ASW,CE,Federal Contract Tower,0,0,7,23,30,0,2,71,4,77,0,2,78,27,107,190,0,190,297
09/20/2022,CNW,TX,ASW,CE,Federal Contract Tower,0,0,11,3,14,0,1,58,5,64,0,1,69,8,78,242,14,256,334
09/21/2022,CNW,TX,ASW,CE,Federal Contract Tower,0,0,5,46,51,0,0,69,2,71,0,0,74,48,122,228,10,238,360
09/22/2022,CNW,TX,ASW,CE,Federal Contract Tower,0,0,2,4,6,0,0,62,1,63,0,0,64,5,69,194,20,214,283
09/23/2022,CNW,TX,ASW,CE,Federal Contract Tower,0,0,3,22,25,0,0,42,5,47,0,0,45,27,72,356,22,378,450
09/24/2022,CNW,TX,ASW,CE,Federal Contract Tower,0,0,6,6,12,0,0,21,0,21,0,0,27,6,33,36,0,36,69
09/25/2022,CNW,TX,ASW,CE,Federal Contract Tower,0,0,2,3,5,0,0,8,1,9,0,0,10,4,14,8,12,20,34
09/26/2022,CNW,TX,ASW,CE,Federal Contract Tower,0,0,7,8,15,0,0,33,3,36,0,0,40,11,51,130,30,160,211
09/27/2022,CNW,TX,ASW,CE,Federal Contract Tower,0,0,1,17,18,0,0,51,3,54,0,0,52,20,72,235,46,281,353
09/28/2022,CNW,TX,ASW,CE,Federal Contract Tower,0,0,1,21,22,0,0,48,9,57,0,0,49,30,79,284,8,292,371
09/29/2022,CNW,TX,ASW,CE,Federal Contract Tower,0,0,6,7,13,0,0,57,0,57,0,0,63,7,70,218,0,218,288
09/30/2022,CNW,TX,ASW,CE,Federal Contract Tower,0,0,5,2,7,0,2,55,0,57,0,2,60,2,64,192,6,198,262
10/01/2022,CNW,TX,ASW,CE,Federal Contract Tower,0,0,2,0,2,0,0,14,0,14,0,0,16,0,16,14,0,14,30
10/02/2022,CNW,TX,ASW,CE,Federal Contract Tower,0,0,14,0,14,0,0,13,0,13,0,0,27,0,27,40,0,40,67
10/03/2022,CNW,TX,ASW,CE,Federal Contract Tower,0,0,3,2,5,0,0,48,0,48,0,0,51,2,53,194,4,198,251
10/04/2022,CNW,TX,ASW,CE,Federal Contract Tower,0,0,9,28,37,0,0,69,0,69,0,0,78,28,106,394,0,394,500
10/05/2022,CNW,TX,ASW,CE,Federal Contract Tower,14,0,9,31,54,0,0,67,1,68,14,0,76,32,122,102,4,106,228
10/06/2022,CNW,TX,ASW,CE,Federal Contract Tower,0,0,4,7,11,0,0,54,0,54,0,0,58,7,65,168,14,182,247
10/07/2022,CNW,TX,ASW,CE,Federal Contract Tower,0,0,5,4,9,0,2,40,0,42,0,2,45,4,51,118,12,130,181
10/08/2022,CNW,TX,ASW,CE,Federal Contract Tower,0,0,2,0,2,0,0,8,0,8,0,0,10,0,10,2,0,2,12
10/09/2022,CNW,TX,ASW,CE,Federal Contract Tower,0,0,0,1,1,0,2,12,0,14,0,2,12,1,15,26,0,26,41
10/10/2022,CNW,TX,ASW,CE,Federal Contract Tower,0,0,9,0,9,0,4,57,0,61,0,4,66,0,70,350,0,350,420
10/11/2022,CNW,TX,ASW,CE,Federal Contract Tower,0,0,2,21,23,0,3,48,2,53,0,3,50,23,76,200,52,252,328
10/12/2022,CNW,TX,ASW,CE,Federal Contract Tower,0,0,8,17,25,0,0,57,0,57,0,0,65,17,82,248,54,302,384
10/13/2022,CNW,TX,ASW,CE,Federal Contract Tower,0,0,6,16,22,0,1,26,2,29,0,1,32,18,51,106,50,156,207
10/14/2022,CNW,TX,ASW,CE,Federal Contract Tower,0,0,8,63,71,0,0,37,4,41,0,0,45,67,112,224,0,224,336
10/15/2022,CNW,TX,ASW,CE,Federal Contract Tower,0,0,0,2,2,0,0,11,0,11,0,0,11,2,13,6,0,6,19
10/16/2022,CNW,TX,ASW,CE,Federal Contract Tower,0,0,0,0,0,0,0,3,0,3,0,0,3,0,3,0,0,0,3
10/17/2022,CNW,TX,ASW,CE,Federal Contract Tower,0,0,3,3,6,0,0,27,0,27,0,0,30,3,33,80,14,94,127
10/18/2022,CNW,TX,ASW,CE,Federal Contract Tower,0,0,2,14,16,0,0,46,2,48,0,0,48,16,64,132,84,216,280
10/19/2022,CNW,TX,ASW,CE,Federal Contract Tower,0,0,12,8,20,0,0,59,0,59,0,0,71,8,79,150,22,172,251
10/21/2022,CNW,TX,ASW,CE,Federal Contract Tower,0,0,11,35,46,0,0,39,8,47,0,0,50,43,93,206,16,222,315
10/22/2022,CNW,TX,ASW,CE,Federal Contract Tower,0,0,0,0,0,0,4,5,8,17,0,4,5,8,17,0,0,0,17
10/23/2022,CNW,TX,ASW,CE,Federal Contract Tower,0,0,1,4,5,0,2,3,1,6,0,2,4,5,11,6,6,12,23
10/24/2022,CNW,TX,ASW,CE,Federal Contract Tower,0,0,0,1,1,0,0,1,0,1,0,0,1,1,2,4,0,4,6
10/25/2022,CNW,TX,ASW,CE,Federal Contract Tower,0,0,2,2,4,0,4,18,0,22,0,4,20,2,26,20,4,24,50
10/26/2022,CNW,TX,ASW,CE,Federal Contract Tower,0,0,14,6,20,0,1,71,4,76,0,1,85,10,96,328,34,362,458
10/27/2022,CNW,TX,ASW,CE,Federal Contract Tower,0,0,5,9,14,0,2,63,1,66,0,2,68,10,80,260,38,298,378
10/28/2022,CNW,TX,ASW,CE,Federal Contract Tower,0,0,0,0,0,0,0,0,0,0,0,0,0,0,0,0,0,0,0
10/29/2022,CNW,TX,ASW,CE,Federal Contract Tower,0,0,6,0,6,0,2,2,0,4,0,2,8,0,10,0,0,0,10
10/30/2022,CNW,TX,ASW,CE,Federal Contract Tower,0,0,3,9,12,0,0,14,1,15,0,0,17,10,27,12,12,24,51
10/31/2022,CNW,TX,ASW,CE,Federal Contract Tower,0,0,13,11,24,0,0,53,0,53,0,0,66,11,77,212,60,272,349
11/01/2022,CNW,TX,ASW,CE,Federal Contract Tower,0,0,9,31,40,0,5,75,9,89,0,5,84,40,129,392,82,474,603
11/02/2022,CNW,TX,ASW,CE,Federal Contract Tower,0,0,8,18,26,0,0,33,1,34,0,0,41,19,60,122,20,142,202
11/03/2022,CNW,TX,ASW,CE,Federal Contract Tower,0,0,21,12,33,0,2,6,4,12,0,2,27,16,45,56,28,84,129
11/04/2022,CNW,TX,ASW,CE,Federal Contract Tower,0,0,0,1,1,0,2,0,0,2,0,2,0,1,3,0,0,0,3
11/05/2022,CNW,TX,ASW,CE,Federal Contract Tower,0,0,7,1,8,0,2,30,2,34,0,2,37,3,42,110,0,110,152
11/06/2022,CNW,TX,ASW,CE,Federal Contract Tower,0,0,14,10,24,0,2,18,4,24,0,2,32,14,48,86,0,86,134
11/07/2022,CNW,TX,ASW,CE,Federal Contract Tower,0,0,0,4,4,0,2,6,1,9,0,2,6,5,13,22,6,28,41
11/08/2022,CNW,TX,ASW,CE,Federal Contract Tower,0,0,9,1,10,0,4,29,1,34,0,4,38,2,44,228,40,268,312
11/09/2022,CNW,TX,ASW,CE,Federal Contract Tower,0,0,13,20,33,0,0,36,2,38,0,0,49,22,71,148,42,190,261
11/10/2022,CNW,TX,ASW,CE,Federal Contract Tower,0,2,9,2,13,0,0,22,4,26,0,2,31,6,39,106,16,122,161
11/11/2022,CNW,TX,ASW,CE,Federal Contract Tower,0,0,0,0,0,0,0,0,0,0,0,0,0,0,0,0,0,0,0
11/12/2022,CNW,TX,ASW,CE,Federal Contract Tower,0,0,7,1,8,0,0,18,2,20,0,0,25,3,28,14,2,16,44
11/13/2022,CNW,TX,ASW,CE,Federal Contract Tower,0,0,11,3,14,0,0,26,2,28,0,0,37,5,42,14,0,14,56
11/14/2022,CNW,TX,ASW,CE,Federal Contract Tower,0,0,2,1,3,0,0,4,0,4,0,0,6,1,7,20,0,20,27
11/15/2022,CNW,TX,ASW,CE,Federal Contract Tower,0,0,1,4,5,0,3,37,0,40,0,3,38,4,45,242,10,252,297
11/16/2022,CNW,TX,ASW,CE,Federal Contract Tower,0,0,7,10,17,0,1,66,3,70,0,1,73,13,87,120,48,168,255
11/17/2022,CNW,TX,ASW,CE,Federal Contract Tower,0,0,11,4,15,0,0,67,1,68,0,0,78,5,83,198,32,230,313
11/18/2022,CNW,TX,ASW,CE,Federal Contract Tower,0,0,11,9,20,0,1,58,0,59,0,1,69,9,79,222,0,222,301
11/19/2022,CNW,TX,ASW,CE,Federal Contract Tower,0,0,2,0,2,0,0,9,0,9,0,0,11,0,11,56,0,56,67
11/20/2022,CNW,TX,ASW,CE,Federal Contract Tower,0,0,0,0,0,0,0,5,0,5,0,0,5,0,5,8,0,8,13
11/21/2022,CNW,TX,ASW,CE,Federal Contract Tower,0,0,9,20,29,0,0,15,2,17,0,0,24,22,46,124,38,162,208
11/22/2022,CNW,TX,ASW,CE,Federal Contract Tower,0,0,7,15,22,0,2,44,2,48,0,2,51,17,70,160,10,170,240
11/23/2022,CNW,TX,ASW,CE,Federal Contract Tower,0,0,9,8,17,0,2,8,0,10,0,2,17,8,27,26,58,84,111
11/24/2022,CNW,TX,ASW,CE,Federal Contract Tower,0,0,0,0,0,0,0,0,0,0,0,0,0,0,0,0,0,0,0
11/25/2022,CNW,TX,ASW,CE,Federal Contract Tower,0,0,2,0,2,0,0,0,0,0,0,0,2,0,2,0,0,0,2
11/26/2022,CNW,TX,ASW,CE,Federal Contract Tower,0,0,2,0,2,0,0,3,0,3,0,0,5,0,5,28,0,28,33
11/27/2022,CNW,TX,ASW,CE,Federal Contract Tower,0,0,10,0,10,0,4,16,0,20,0,4,26,0,30,26,0,26,56
11/28/2022,CNW,TX,ASW,CE,Federal Contract Tower,0,0,7,26,33,0,2,72,2,76,0,2,79,28,109,238,42,280,389
11/29/2022,CNW,TX,ASW,CE,Federal Contract Tower,0,0,5,20,25,0,2,38,1,41,0,2,43,21,66,169,76,245,311
11/30/2022,CNW,TX,ASW,CE,Federal Contract Tower,0,0,10,11,21,0,2,70,2,74,0,2,80,13,95,190,26,216,311
12/01/2022,CNW,TX,ASW,CE,Federal Contract Tower,0,0,20,20,40,0,0,50,2,52,0,0,70,22,92,156,46,202,294
12/02/2022,CNW,TX,ASW,CE,Federal Contract Tower,0,0,7,2,9,0,0,2,0,2,0,0,9,2,11,16,0,16,27
12/03/2022,CNW,TX,ASW,CE,Federal Contract Tower,0,0,6,0,6,0,2,9,0,11,0,2,15,0,17,54,0,54,71
12/04/2022,CNW,TX,ASW,CE,Federal Contract Tower,0,0,2,5,7,0,0,7,0,7,0,0,9,5,14,4,0,4,18
12/05/2022,CNW,TX,ASW,CE,Federal Contract Tower,0,0,3,11,14,0,2,24,4,30,0,2,27,15,44,70,88,158,202
12/06/2022,CNW,TX,ASW,CE,Federal Contract Tower,0,2,15,13,30,0,0,38,0,38,0,2,53,13,68,228,44,272,340
12/07/2022,CNW,TX,ASW,CE,Federal Contract Tower,0,0,5,17,22,0,4,31,1,36,0,4,36,18,58,76,18,94,152
12/08/2022,CNW,TX,ASW,CE,Federal Contract Tower,0,0,15,20,35,0,0,19,0,19,0,0,34,20,54,70,24,94,148
12/09/2022,CNW,TX,ASW,CE,Federal Contract Tower,0,0,5,48,53,0,1,16,0,17,0,1,21,48,70,44,28,72,142
12/10/2022,CNW,TX,ASW,CE,Federal Contract Tower,0,0,0,0,0,0,0,2,0,2,0,0,2,0,2,0,0,0,2
12/11/2022,CNW,TX,ASW,CE,Federal Contract Tower,0,0,6,0,6,0,1,5,0,6,0,1,11,0,12,6,0,6,18
12/12/2022,CNW,TX,ASW,CE,Federal Contract Tower,0,0,7,6,13,0,0,0,0,0,0,0,7,6,13,0,0,0,13
12/13/2022,CNW,TX,ASW,CE,Federal Contract Tower,0,0,5,7,12,0,2,15,0,17,0,2,20,7,29,28,8,36,65
12/14/2022,CNW,TX,ASW,CE,Federal Contract Tower,0,2,5,5,12,0,2,22,3,27,0,4,27,8,39,38,26,64,103
12/15/2022,CNW,TX,ASW,CE,Federal Contract Tower,0,0,6,5,11,0,2,54,2,58,0,2,60,7,69,78,6,84,153
12/16/2022,CNW,TX,ASW,CE,Federal Contract Tower,0,0,4,1,5,0,0,3,0,3,0,0,7,1,8,14,0,14,22
12/17/2022,CNW,TX,ASW,CE,Federal Contract Tower,0,0,2,0,2,0,5,6,0,11,0,5,8,0,13,0,0,0,13
12/18/2022,CNW,TX,ASW,CE,Federal Contract Tower,0,0,3,1,4,0,0,9,0,9,0,0,12,1,13,0,0,0,13
12/19/2022,CNW,TX,ASW,CE,Federal Contract Tower,0,0,0,0,0,0,0,0,0,0,0,0,0,0,0,0,0,0,0
12/20/2022,CNW,TX,ASW,CE,Federal Contract Tower,0,0,3,8,11,0,0,1,1,2,0,0,4,9,13,0,0,0,13
12/21/2022,CNW,TX,ASW,CE,Federal Contract Tower,0,0,0,37,37,0,0,4,2,6,0,0,4,39,43,0,98,98,141
12/22/2022,CNW,TX,ASW,CE,Federal Contract Tower,0,0,0,2,2,0,0,0,0,0,0,0,0,2,2,0,0,0,2
12/23/2022,CNW,TX,ASW,CE,Federal Contract Tower,0,0,2,0,2,0,2,2,0,4,0,2,4,0,6,0,4,4,10
12/24/2022,CNW,TX,ASW,CE,Federal Contract Tower,0,0,1,0,1,0,0,4,0,4,0,0,5,0,5,4,0,4,9
12/25/2022,CNW,TX,ASW,CE,Federal Contract Tower,0,0,0,0,0,0,0,2,0,2,0,0,2,0,2,0,0,0,2
12/26/2022,CNW,TX,ASW,CE,Federal Contract Tower,0,0,0,0,0,0,0,6,0,6,0,0,6,0,6,6,0,6,12
12/27/2022,CNW,TX,ASW,CE,Federal Contract Tower,0,0,0,2,2,0,4,6,0,10,0,4,6,2,12,0,0,0,12
12/28/2022,CNW,TX,ASW,CE,Federal Contract Tower,0,0,2,0,2,0,0,8,0,8,0,0,10,0,10,0,0,0,10
12/29/2022,CNW,TX,ASW,CE,Federal Contract Tower,0,0,2,0,2,0,0,15,0,15,0,0,17,0,17,30,0,30,47
12/30/2022,CNW,TX,ASW,CE,Federal Contract Tower,0,0,4,0,4,0,3,11,0,14,0,3,15,0,18,22,0,22,40
12/31/2022,CNW,TX,ASW,CE,Federal Contract Tower,0,0,0,0,0,0,3,2,0,5,0,3,2,0,5,0,0,0,5
01/01/2023,CNW,TX,ASW,CE,Federal Contract Tower,0,0,0,0,0,0,0,0,0,0,0,0,0,0,0,0,0,0,0
01/02/2023,CNW,TX,ASW,CE,Federal Contract Tower,0,0,0,0,0,0,2,2,0,4,0,2,2,0,4,0,0,0,4
01/03/2023,CNW,TX,ASW,CE,Federal Contract Tower,0,0,0,1,1,0,4,18,0,22,0,4,18,1,23,44,0,44,67
01/04/2023,CNW,TX,ASW,CE,Federal Contract Tower,0,0,5,5,10,0,5,23,0,28,0,5,28,5,38,44,0,44,82
01/05/2023,CNW,TX,ASW,CE,Federal Contract Tower,0,0,6,8,14,0,5,41,1,47,0,5,47,9,61,132,24,156,217
01/06/2023,CNW,TX,ASW,CE,Federal Contract Tower,0,0,10,33,43,0,4,4,0,8,0,4,14,33,51,10,34,44,95
01/07/2023,CNW,TX,ASW,CE,Federal Contract Tower,0,0,6,2,8,0,2,1,0,3,0,2,7,2,11,8,0,8,19
01/08/2023,CNW,TX,ASW,CE,Federal Contract Tower,0,0,6,0,6,0,0,17,0,17,0,0,23,0,23,70,0,70,93
01/09/2023,CNW,TX,ASW,CE,Federal Contract Tower,0,0,6,18,24,0,4,52,1,57,0,4,58,19,81,176,66,242,323
01/10/2023,CNW,TX,ASW,CE,Federal Contract Tower,0,0,6,18,24,0,0,38,13,51,0,0,44,31,75,112,64,176,251
01/11/2023,CNW,TX,ASW,CE,Federal Contract Tower,0,0,6,45,51,0,1,54,0,55,0,1,60,45,106,68,30,98,204
01/12/2023,CNW,TX,ASW,CE,Federal Contract Tower,0,0,1,14,15,0,4,14,1,19,0,4,15,15,34,22,8,30,64
01/13/2023,CNW,TX,ASW,CE,Federal Contract Tower,0,0,8,5,13,0,2,64,2,68,0,2,72,7,81,178,18,196,277
01/14/2023,CNW,TX,ASW,CE,Federal Contract Tower,0,0,6,0,6,0,5,24,0,29,0,5,30,0,35,46,0,46,81
01/15/2023,CNW,TX,ASW,CE,Federal Contract Tower,0,0,2,0,2,0,0,4,0,4,0,0,6,0,6,0,0,0,6
01/16/2023,CNW,TX,ASW,CE,Federal Contract Tower,0,0,9,0,9,0,0,52,0,52,0,0,61,0,61,174,0,174,235
01/17/2023,CNW,TX,ASW,CE,Federal Contract Tower,0,0,4,10,14,0,0,49,2,51,0,0,53,12,65,232,30,262,327
01/18/2023,CNW,TX,ASW,CE,Federal Contract Tower,0,0,1,19,20,0,2,6,7,15,0,2,7,26,35,0,156,156,191
01/19/2023,CNW,TX,ASW,CE,Federal Contract Tower,0,0,4,8,12,0,1,81,4,86,0,1,85,12,98,194,40,234,332
01/20/2023,CNW,TX,ASW,CE,Federal Contract Tower,0,0,4,24,28,0,1,61,2,64,0,1,65,26,92,164,66,230,322
01/21/2023,CNW,TX,ASW,CE,Federal Contract Tower,0,0,5,2,7,0,1,8,0,9,0,1,13,2,16,8,0,8,24
01/22/2023,CNW,TX,ASW,CE,Federal Contract Tower,0,0,2,0,2,0,4,18,0,22,0,4,20,0,24,46,0,46,70
01/23/2023,CNW,TX,ASW,CE,Federal Contract Tower,0,0,4,6,10,0,2,81,1,84,0,2,85,7,94,172,42,214,308
01/24/2023,CNW,TX,ASW,CE,Federal Contract Tower,0,0,0,0,0,0,0,0,0,0,0,0,0,0,0,0,0,0,0
01/25/2023,CNW,TX,ASW,CE,Federal Contract Tower,0,0,5,3,8,0,0,46,0,46,0,0,51,3,54,158,16,174,228
01/26/2023,CNW,TX,ASW,CE,Federal Contract Tower,0,0,2,12,14,0,0,77,2,79,0,0,79,14,93,212,8,220,313
01/27/2023,CNW,TX,ASW,CE,Federal Contract Tower,0,0,20,28,48,0,2,52,7,61,0,2,72,35,109,62,98,160,269
01/28/2023,CNW,TX,ASW,CE,Federal Contract Tower,0,0,4,0,4,0,0,0,0,0,0,0,4,0,4,0,0,0,4
01/29/2023,CNW,TX,ASW,CE,Federal Contract Tower,0,0,0,1,1,0,0,0,0,0,0,0,0,1,1,0,0,0,1
01/30/2023,CNW,TX,ASW,CE,Federal Contract Tower,0,0,0,1,1,0,0,0,0,0,0,0,0,1,1,0,0,0,1
01/31/2023,CNW,TX,ASW,CE,Federal Contract Tower,0,0,0,0,0,0,0,0,0,0,0,0,0,0,0,0,0,0,0
02/01/2023,CNW,TX,ASW,CE,Federal Contract Tower,0,0,0,0,0,0,0,0,0,0,0,0,0,0,0,0,0,0,0
02/02/2023,CNW,TX,ASW,CE,Federal Contract Tower,0,0,0,0,0,0,0,0,0,0,0,0,0,0,0,0,0,0,0
02/03/2023,CNW,TX,ASW,CE,Federal Contract Tower,0,0,3,9,12,0,0,33,5,38,0,0,36,14,50,152,38,190,240
02/04/2023,CNW,TX,ASW,CE,Federal Contract Tower,0,0,7,0,7,0,2,16,0,18,0,2,23,0,25,24,0,24,49
02/05/2023,CNW,TX,ASW,CE,Federal Contract Tower,0,0,6,1,7,0,0,37,3,40,0,0,43,4,47,118,20,138,185
02/06/2023,CNW,TX,ASW,CE,Federal Contract Tower,0,0,7,2,9,0,0,10,0,10,0,0,17,2,19,32,22,54,73
02/07/2023,CNW,TX,ASW,CE,Federal Contract Tower,0,0,0,0,0,0,0,0,0,0,0,0,0,0,0,0,0,0,0
02/08/2023,CNW,TX,ASW,CE,Federal Contract Tower,0,0,0,7,7,0,2,2,0,4,0,2,2,7,11,20,0,20,31
02/09/2023,CNW,TX,ASW,CE,Federal Contract Tower,0,0,4,0,4,0,2,42,0,44,0,2,46,0,48,70,0,70,118
02/10/2023,CNW,TX,ASW,CE,Federal Contract Tower,0,0,2,5,7,0,1,18,1,20,0,1,20,6,27,68,0,68,95
02/11/2023,CNW,TX,ASW,CE,Federal Contract Tower,0,0,3,0,3,0,0,42,0,42,0,0,45,0,45,142,0,142,187
02/12/2023,CNW,TX,ASW,CE,Federal Contract Tower,0,0,8,1,9,0,4,15,1,20,0,4,23,2,29,64,18,82,111
02/13/2023,CNW,TX,ASW,CE,Federal Contract Tower,0,0,7,12,19,0,1,59,3,63,0,1,66,15,82,136,16,152,234
02/14/2023,CNW,TX,ASW,CE,Federal Contract Tower,0,0,0,12,12,0,3,2,1,6,0,3,2,13,18,0,2,2,20
02/15/2023,CNW,TX,ASW,CE,Federal Contract Tower,0,0,6,7,13,0,2,14,1,17,0,2,20,8,30,26,0,26,56
02/16/2023,CNW,TX,ASW,CE,Federal Contract Tower,0,0,7,10,17,0,0,19,1,20,0,0,26,11,37,0,0,0,37
02/17/2023,CNW,TX,ASW,CE,Federal Contract Tower,0,1,6,2,9,0,2,67,0,69,0,3,73,2,78,298,0,298,376
02/18/2023,CNW,TX,ASW,CE,Federal Contract Tower,0,0,6,0,6,0,3,20,0,23,0,3,26,0,29,102,0,102,131
02/19/2023,CNW,TX,ASW,CE,Federal Contract Tower,0,0,5,0,5,0,0,17,0,17,0,0,22,0,22,4,0,4,26
02/20/2023,CNW,TX,ASW,CE,Federal Contract Tower,0,0,8,0,8,0,2,29,0,31,0,2,37,0,39,30,0,30,69
02/22/2023,CNW,TX,ASW,CE,Federal Contract Tower,0,0,5,2,7,0,1,37,7,45,0,1,42,9,52,112,8,120,172
02/23/2023,CNW,TX,ASW,CE,Federal Contract Tower,0,0,5,6,11,0,2,30,2,34,0,2,35,8,45,108,10,118,163
02/24/2023,CNW,TX,ASW,CE,Federal Contract Tower,0,0,12,0,12,0,0,0,0,0,0,0,12,0,12,0,0,0,12
02/25/2023,CNW,TX,ASW,CE,Federal Contract Tower,0,0,1,0,1,0,0,0,0,0,0,0,1,0,1,0,0,0,1
02/26/2023,CNW,TX,ASW,CE,Federal Contract Tower,0,0,2,0,2,0,2,2,1,5,0,2,4,1,7,0,0,0,7
02/27/2023,CNW,TX,ASW,CE,Federal Contract Tower,0,0,4,29,33,0,0,54,26,80,0,0,58,55,113,182,54,236,349
02/28/2023,CNW,TX,ASW,CE,Federal Contract Tower,0,0,7,15,22,0,4,68,5,77,0,4,75,20,99,282,30,312,411
03/01/2023,CNW,TX,ASW,CE,Federal Contract Tower,0,0,6,0,6,0,1,16,2,19,0,1,22,2,25,76,0,76,101
03/02/2023,CNW,TX,ASW,CE,Federal Contract Tower,0,0,2,0,2,0,0,0,0,0,0,0,2,0,2,0,0,0,2
03/03/2023,CNW,TX,ASW,CE,Federal Contract Tower,0,0,1,2,3,0,0,18,0,18,0,0,19,2,21,0,10,10,31
03/04/2023,CNW,TX,ASW,CE,Federal Contract Tower,0,0,4,6,10,0,3,36,1,40,0,3,40,7,50,72,0,72,122
03/05/2023,CNW,TX,ASW,CE,Federal Contract Tower,0,0,2,11,13,0,0,1,1,2,0,0,3,12,15,20,62,82,97
03/06/2023,CNW,TX,ASW,CE,Federal Contract Tower,0,0,11,18,29,0,0,18,0,18,0,0,29,18,47,72,6,78,125
03/07/2023,CNW,TX,ASW,CE,Federal Contract Tower,0,0,10,1,11,0,2,5,0,7,0,2,15,1,18,26,0,26,44
03/08/2023,CNW,TX,ASW,CE,Federal Contract Tower,0,0,8,4,12,0,0,15,0,15,0,0,23,4,27,106,0,106,133
03/10/2023,CNW,TX,ASW,CE,Federal Contract Tower,0,2,11,35,48,0,2,23,3,28,0,4,34,38,76,106,88,194,270
03/11/2023,CNW,TX,ASW,CE,Federal Contract Tower,0,0,4,32,36,0,4,8,3,15,0,4,12,35,51,42,26,68,119
03/12/2023,CNW,TX,ASW,CE,Federal Contract Tower,0,0,5,11,16,0,1,8,1,10,0,1,13,12,26,0,20,20,46
03/13/2023,CNW,TX,ASW,CE,Federal Contract Tower,0,0,5,9,14,0,2,43,0,45,0,2,48,9,59,162,50,212,271
03/14/2023,CNW,TX,ASW,CE,Federal Contract Tower,0,0,6,12,18,0,0,32,7,39,0,0,38,19,57,164,50,214,271
03/15/2023,CNW,TX,ASW,CE,Federal Contract Tower,0,0,12,5,17,0,0,49,3,52,0,0,61,8,69,130,26,156,225
03/16/2023,CNW,TX,ASW,CE,Federal Contract Tower,0,0,0,4,4,0,0,0,0,0,0,0,0,4,4,0,0,0,4
03/17/2023,CNW,TX,ASW,CE,Federal Contract Tower,0,0,5,14,19,0,3,24,5,32,0,3,29,19,51,16,66,82,133
03/18/2023,CNW,TX,ASW,CE,Federal Contract Tower,0,0,5,0,5,0,2,19,0,21,0,2,24,0,26,26,0,26,52
03/19/2023,CNW,TX,ASW,CE,Federal Contract Tower,0,0,5,4,9,0,2,19,0,21,0,2,24,4,30,88,0,88,118
03/20/2023,CNW,TX,ASW,CE,Federal Contract Tower,0,0,11,8,19,0,0,51,4,55,0,0,62,12,74,204,36,240,314
03/21/2023,CNW,TX,ASW,CE,Federal Contract Tower,0,0,4,0,4,0,0,0,0,0,0,0,4,0,4,0,0,0,4
03/22/2023,CNW,TX,ASW,CE,Federal Contract Tower,0,0,22,3,25,0,0,17,2,19,0,0,39,5,44,48,0,48,92
03/23/2023,CNW,TX,ASW,CE,Federal Contract Tower,0,0,14,1,15,0,0,26,1,27,0,0,40,2,42,128,4,132,174
03/24/2023,CNW,TX,ASW,CE,Federal Contract Tower,0,0,10,0,10,0,0,4,0,4,0,0,14,0,14,0,0,0,14
03/25/2023,CNW,TX,ASW,CE,Federal Contract Tower,0,0,9,0,9,0,2,47,0,49,0,2,56,0,58,148,0,148,206
03/26/2023,CNW,TX,ASW,CE,Federal Contract Tower,0,0,13,0,13,0,0,31,0,31,0,0,44,0,44,264,0,264,308
03/27/2023,CNW,TX,ASW,CE,Federal Contract Tower,0,0,14,4,18,0,4,53,0,57,0,4,67,4,75,230,0,230,305
03/28/2023,CNW,TX,ASW,CE,Federal Contract Tower,0,2,10,18,30,0,0,28,2,30,0,2,38,20,60,86,58,144,204
03/29/2023,CNW,TX,ASW,CE,Federal Contract Tower,0,0,8,22,30,0,2,63,1,66,0,2,71,23,96,248,10,258,354
03/30/2023,CNW,TX,ASW,CE,Federal Contract Tower,0,0,4,0,4,0,0,2,0,2,0,0,6,0,6,0,0,0,6
03/31/2023,CNW,TX,ASW,CE,Federal Contract Tower,0,0,1,2,3,0,8,5,0,13,0,8,6,2,16,32,0,32,48
04/01/2023,CNW,TX,ASW,CE,Federal Contract Tower,0,2,10,0,12,0,2,32,0,34,0,4,42,0,46,94,0,94,140
04/02/2023,CNW,TX,ASW,CE,Federal Contract Tower,0,0,10,0,10,0,0,6,0,6,0,0,16,0,16,0,0,0,16
04/03/2023,CNW,TX,ASW,CE,Federal Contract Tower,0,0,27,4,31,0,4,23,11,38,0,4,50,15,69,94,12,106,175
04/04/2023,CNW,TX,ASW,CE,Federal Contract Tower,0,2,31,17,50,0,0,17,2,19,0,2,48,19,69,44,26,70,139
04/05/2023,CNW,TX,ASW,CE,Federal Contract Tower,0,0,12,10,22,0,2,49,2,53,0,2,61,12,75,48,48,96,171
04/06/2023,CNW,TX,ASW,CE,Federal Contract Tower,0,0,0,0,0,0,0,5,0,5,0,0,5,0,5,44,0,44,49
04/07/2023,CNW,TX,ASW,CE,Federal Contract Tower,0,0,3,1,4,0,0,1,0,1,0,0,4,1,5,20,0,20,25
04/08/2023,CNW,TX,ASW,CE,Federal Contract Tower,0,0,6,0,6,0,1,0,0,1,0,1,6,0,7,0,0,0,7
04/09/2023,CNW,TX,ASW,CE,Federal Contract Tower,0,0,8,0,8,0,2,6,0,8,0,2,14,0,16,0,0,0,16
04/10/2023,CNW,TX,ASW,CE,Federal Contract Tower,0,0,29,32,61,0,1,43,8,52,0,1,72,40,113,128,108,236,349
04/11/2023,CNW,TX,ASW,CE,Federal Contract Tower,0,0,15,11,26,0,1,44,2,47,0,1,59,13,73,118,10,128,201
04/12/2023,CNW,TX,ASW,CE,Federal Contract Tower,0,0,26,8,34,0,0,51,4,55,0,0,77,12,89,140,58,198,287
04/14/2023,CNW,TX,ASW,CE,Federal Contract Tower,0,0,21,3,24,0,0,13,4,17,0,0,34,7,41,66,46,112,153
04/15/2023,CNW,TX,ASW,CE,Federal Contract Tower,0,0,3,0,3,0,0,5,0,5,0,0,8,0,8,0,0,0,8
04/16/2023,CNW,TX,ASW,CE,Federal Contract Tower,0,0,12,0,12,0,0,27,0,27,0,0,39,0,39,70,0,70,109
04/17/2023,CNW,TX,ASW,CE,Federal Contract Tower,0,0,19,23,42,0,1,35,1,37,0,1,54,24,79,86,12,98,177
04/18/2023,CNW,TX,ASW,CE,Federal Contract Tower,0,0,15,16,31,0,2,24,2,28,0,2,39,18,59,109,66,175,234
04/19/2023,CNW,TX,ASW,CE,Federal Contract Tower,0,0,17,5,22,0,3,4,0,7,0,3,21,5,29,12,4,16,45
04/20/2023,CNW,TX,ASW,CE,Federal Contract Tower,0,0,2,0,2,0,0,0,0,0,0,0,2,0,2,0,0,0,2
04/21/2023,CNW,TX,ASW,CE,Federal Contract Tower,0,0,18,0,18,0,4,33,4,41,0,4,51,4,59,132,0,132,191
04/22/2023,CNW,TX,ASW,CE,Federal Contract Tower,0,0,10,2,12,0,0,29,2,31,0,0,39,4,43,96,12,108,151
04/23/2023,CNW,TX,ASW,CE,Federal Contract Tower,0,0,11,6,17,0,0,1,0,1,0,0,12,6,18,0,0,0,18
04/24/2023,CNW,TX,ASW,CE,Federal Contract Tower,0,0,27,11,38,0,2,35,3,40,0,2,62,14,78,134,38,172,250
04/26/2023,CNW,TX,ASW,CE,Federal Contract Tower,0,2,4,0,6,0,0,0,0,0,0,2,4,0,6,0,0,0,6
04/27/2023,CNW,TX,ASW,CE,Federal Contract Tower,0,0,19,12,31,0,4,19,2,25,0,4,38,14,56,40,0,40,96
04/28/2023,CNW,TX,ASW,CE,Federal Contract Tower,0,2,10,12,24,0,4,3,0,7,0,6,13,12,31,12,0,12,43
04/29/2023,CNW,TX,ASW,CE,Federal Contract Tower,0,0,2,0,2,0,4,1,1,6,0,4,3,1,8,0,0,0,8
04/30/2023,CNW,TX,ASW,CE,Federal Contract Tower,0,2,6,4,12,0,0,34,0,34,0,2,40,4,46,48,0,48,94
05/01/2023,CNW,TX,ASW,CE,Federal Contract Tower,0,0,9,2,11,0,0,43,2,45,0,0,52,4,56,56,4,60,116
05/02/2023,CNW,TX,ASW,CE,Federal Contract Tower,0,2,27,8,37,0,2,30,2,34,0,4,57,10,71,60,2,62,133
05/03/2023,CNW,TX,ASW,CE,Federal Contract Tower,0,0,8,12,20,0,4,46,3,53,0,4,54,15,73,134,58,192,265
05/04/2023,CNW,TX,ASW,CE,Federal Contract Tower,0,0,9,1,10,0,0,3,0,3,0,0,12,1,13,0,0,0,13
05/05/2023,CNW,TX,ASW,CE,Federal Contract Tower,0,0,13,5,18,0,2,13,0,15,0,2,26,5,33,26,16,42,75
05/06/2023,CNW,TX,ASW,CE,Federal Contract Tower,0,0,0,0,0,0,2,0,0,2,0,2,0,0,2,0,0,0,2
05/07/2023,CNW,TX,ASW,CE,Federal Contract Tower,0,0,0,0,0,0,2,2,6,10,0,2,2,6,10,0,0,0,10
05/08/2023,CNW,TX,ASW,CE,Federal Contract Tower,0,0,9,7,16,0,6,23,2,31,0,6,32,9,47,78,0,78,125
05/09/2023,CNW,TX,ASW,CE,Federal Contract Tower,0,0,6,8,14,0,2,21,0,23,0,2,27,8,37,128,10,138,175
05/10/2023,CNW,TX,ASW,CE,Federal Contract Tower,0,0,0,0,0,0,0,0,0,0,0,0,0,0,0,0,0,0,0
05/11/2023,CNW,TX,ASW,CE,Federal Contract Tower,0,0,20,1,21,0,0,28,1,29,0,0,48,2,50,102,0,102,152
05/12/2023,CNW,TX,ASW,CE,Federal Contract Tower,0,0,6,0,6,0,6,2,0,8,0,6,8,0,14,48,0,48,62
05/13/2023,CNW,TX,ASW,CE,Federal Contract Tower,0,0,0,0,0,0,0,4,0,4,0,0,4,0,4,10,0,10,14
05/14/2023,CNW,TX,ASW,CE,Federal Contract Tower,0,0,2,0,2,0,0,0,0,0,0,0,2,0,2,0,0,0,2
05/15/2023,CNW,TX,ASW,CE,Federal Contract Tower,0,0,2,0,2,0,0,23,3,26,0,0,25,3,28,78,14,92,120
05/16/2023,CNW,TX,ASW,CE,Federal Contract Tower,0,0,10,0,10,0,3,21,2,26,0,3,31,2,36,66,38,104,140
05/17/2023,CNW,TX,ASW,CE,Federal Contract Tower,0,0,9,4,13,0,0,59,2,61,0,0,68,6,74,136,6,142,216
05/18/2023,CNW,TX,ASW,CE,Federal Contract Tower,0,0,11,17,28,0,1,53,2,56,0,1,64,19,84,120,32,152,236
05/19/2023,CNW,TX,ASW,CE,Federal Contract Tower,0,1,8,15,24,0,4,50,4,58,0,5,58,19,82,62,14,76,158
05/20/2023,CNW,TX,ASW,CE,Federal Contract Tower,0,1,3,5,9,0,0,7,1,8,0,1,10,6,17,102,10,112,129
05/21/2023,CNW,TX,ASW,CE,Federal Contract Tower,0,0,7,1,8,0,2,6,0,8,0,2,13,1,16,12,0,12,28
05/22/2023,CNW,TX,ASW,CE,Federal Contract Tower,0,0,17,28,45,0,3,43,5,51,0,3,60,33,96,134,98,232,328
05/23/2023,CNW,TX,ASW,CE,Federal Contract Tower,0,0,13,3,16,0,1,42,2,45,0,1,55,5,61,164,26,190,251
05/24/2023,CNW,TX,ASW,CE,Federal Contract Tower,0,0,7,1,8,0,0,52,0,52,0,0,59,1,60,118,4,122,182
05/25/2023,CNW,TX,ASW,CE,Federal Contract Tower,0,0,8,1,9,0,0,64,0,64,0,0,72,1,73,106,6,112,185
05/26/2023,CNW,TX,ASW,CE,Federal Contract Tower,0,0,15,0,15,0,2,34,1,37,0,2,49,1,52,78,0,78,130
05/27/2023,CNW,TX,ASW,CE,Federal Contract Tower,0,0,7,0,7,0,0,13,0,13,0,0,20,0,20,24,0,24,44
05/28/2023,CNW,TX,ASW,CE,Federal Contract Tower,0,0,6,0,6,0,2,6,0,8,0,2,12,0,14,2,0,2,16
05/29/2023,CNW,TX,ASW,CE,Federal Contract Tower,0,0,5,0,5,0,4,13,0,17,0,4,18,0,22,32,0,32,54
05/30/2023,CNW,TX,ASW,CE,Federal Contract Tower,0,0,4,13,17,0,6,35,1,42,0,6,39,14,59,150,36,186,245
05/31/2023,CNW,TX,ASW,CE,Federal Contract Tower,0,0,14,4,18,0,1,45,0,46,0,1,59,4,64,136,14,150,214
06/01/2023,CNW,TX,ASW,CE,Federal Contract Tower,0,0,11,41,52,0,0,42,4,46,0,0,53,45,98,145,48,193,291
06/02/2023,CNW,TX,ASW,CE,Federal Contract Tower,0,0,3,5,8,0,2,44,0,46,0,2,47,5,54,88,6,94,148
06/03/2023,CNW,TX,ASW,CE,Federal Contract Tower,0,0,3,3,6,0,0,6,1,7,0,0,9,4,13,18,2,20,33
06/04/2023,CNW,TX,ASW,CE,Federal Contract Tower,0,0,4,2,6,0,0,3,0,3,0,0,7,2,9,24,12,36,45
06/05/2023,CNW,TX,ASW,CE,Federal Contract Tower,0,0,6,2,8,0,2,35,0,37,0,2,41,2,45,180,0,180,225
06/06/2023,CNW,TX,ASW,CE,Federal Contract Tower,0,0,6,2,8,0,0,38,1,39,0,0,44,3,47,100,4,104,151
06/07/2023,CNW,TX,ASW,CE,Federal Contract Tower,0,0,16,3,19,0,0,35,0,35,0,0,51,3,54,96,10,106,160
06/08/2023,CNW,TX,ASW,CE,Federal Contract Tower,0,0,11,11,22,0,0,25,0,25,0,0,36,11,47,78,10,88,135
06/09/2023,CNW,TX,ASW,CE,Federal Contract Tower,0,0,20,4,24,0,4,51,2,57,0,4,71,6,81,134,0,134,215
06/10/2023,CNW,TX,ASW,CE,Federal Contract Tower,0,0,4,2,6,0,0,18,0,18,0,0,22,2,24,66,0,66,90
06/11/2023,CNW,TX,ASW,CE,Federal Contract Tower,0,0,1,0,1,0,0,7,0,7,0,0,8,0,8,26,0,26,34
06/12/2023,CNW,TX,ASW,CE,Federal Contract Tower,0,0,14,2,16,0,0,19,0,19,0,0,33,2,35,54,0,54,89
06/13/2023,CNW,TX,ASW,CE,Federal Contract Tower,0,0,26,4,30,0,2,12,1,15,0,2,38,5,45,142,38,180,225
06/14/2023,CNW,TX,ASW,CE,Federal Contract Tower,0,0,5,2,7,0,1,34,0,35,0,1,39,2,42,78,0,78,120
06/15/2023,CNW,TX,ASW,CE,Federal Contract Tower,0,0,9,10,19,0,1,21,1,23,0,1,30,11,42,74,10,84,126
06/16/2023,CNW,TX,ASW,CE,Federal Contract Tower,0,0,5,3,8,0,6,11,0,17,0,6,16,3,25,88,10,98,123
06/17/2023,CNW,TX,ASW,CE,Federal Contract Tower,0,0,3,2,5,0,4,3,0,7,0,4,6,2,12,0,2,2,14
06/18/2023,CNW,TX,ASW,CE,Federal Contract Tower,0,0,2,0,2,0,6,7,0,13,0,6,9,0,15,4,0,4,19
06/19/2023,CNW,TX,ASW,CE,Federal Contract Tower,0,0,12,0,12,0,0,25,0,25,0,0,37,0,37,58,0,58,95
06/20/2023,CNW,TX,ASW,CE,Federal Contract Tower,0,0,17,2,19,0,0,40,0,40,0,0,57,2,59,126,20,146,205
06/21/2023,CNW,TX,ASW,CE,Federal Contract Tower,0,0,13,5,18,0,0,12,2,14,0,0,25,7,32,42,0,42,74
06/22/2023,CNW,TX,ASW,CE,Federal Contract Tower,0,0,11,8,19,0,1,39,5,45,0,1,50,13,64,190,24,214,278
06/23/2023,CNW,TX,ASW,CE,Federal Contract Tower,0,0,6,38,44,0,0,19,0,19,0,0,25,38,63,50,52,102,165
06/24/2023,CNW,TX,ASW,CE,Federal Contract Tower,0,0,0,1,1,0,0,13,1,14,0,0,13,2,15,6,14,20,35
06/25/2023,CNW,TX,ASW,CE,Federal Contract Tower,0,0,7,6,13,0,3,12,0,15,0,3,19,6,28,18,6,24,52
06/26/2023,CNW,TX,ASW,CE,Federal Contract Tower,0,0,12,2,14,0,0,40,0,40,0,0,52,2,54,88,0,88,142
06/27/2023,CNW,TX,ASW,CE,Federal Contract Tower,0,0,19,5,24,0,0,31,2,33,0,0,50,7,57,46,32,78,135
06/28/2023,CNW,TX,ASW,CE,Federal Contract Tower,0,0,14,4,18,0,1,35,2,38,0,1,49,6,56,88,20,108,164
06/29/2023,CNW,TX,ASW,CE,Federal Contract Tower,0,0,11,3,14,0,0,49,0,49,0,0,60,3,63,116,40,156,219
06/30/2023,CNW,TX,ASW,CE,Federal Contract Tower,0,0,7,6,13,0,0,20,2,22,0,0,27,8,35,30,6,36,71
07/01/2023,CNW,TX,ASW,CE,Federal Contract Tower,0,0,6,0,6,0,3,9,0,12,0,3,15,0,18,44,0,44,62
07/02/2023,CNW,TX,ASW,CE,Federal Contract Tower,0,0,3,0,3,0,1,9,0,10,0,1,12,0,13,4,0,4,17
07/03/2023,CNW,TX,ASW,CE,Federal Contract Tower,0,0,5,0,5,0,0,19,0,19,0,0,24,0,24,30,0,30,54
07/04/2023,CNW,TX,ASW,CE,Federal Contract Tower,0,0,0,0,0,0,0,7,0,7,0,0,7,0,7,0,0,0,7
07/05/2023,CNW,TX,ASW,CE,Federal Contract Tower,0,0,9,9,18,0,2,26,1,29,0,2,35,10,47,58,32,90,137
07/06/2023,CNW,TX,ASW,CE,Federal Contract Tower,0,0,12,24,36,0,0,30,0,30,0,0,42,24,66,34,56,90,156
07/07/2023,CNW,TX,ASW,CE,Federal Contract Tower,0,0,17,9,26,0,0,39,0,39,0,0,56,9,65,102,18,120,185
07/08/2023,CNW,TX,ASW,CE,Federal Contract Tower,0,0,6,4,10,0,0,13,0,13,0,0,19,4,23,66,0,66,89
07/09/2023,CNW,TX,ASW,CE,Federal Contract Tower,0,2,8,0,10,0,6,7,0,13,0,8,15,0,23,6,0,6,29
07/10/2023,CNW,TX,ASW,CE,Federal Contract Tower,0,0,22,6,28,0,2,26,1,29,0,2,48,7,57,44,26,70,127
07/11/2023,CNW,TX,ASW,CE,Federal Contract Tower,0,0,20,5,25,0,2,34,3,39,0,2,54,8,64,84,14,98,162
07/12/2023,CNW,TX,ASW,CE,Federal Contract Tower,0,0,14,2,16,0,4,42,10,56,0,4,56,12,72,104,14,118,190
07/13/2023,CNW,TX,ASW,CE,Federal Contract Tower,0,0,12,11,23,0,1,36,6,43,0,1,48,17,66,66,40,106,172
07/14/2023,CNW,TX,ASW,CE,Federal Contract Tower,0,0,5,7,12,0,2,30,2,34,0,2,35,9,46,104,46,150,196
07/15/2023,CNW,TX,ASW,CE,Federal Contract Tower,0,0,0,1,1,0,1,8,0,9,0,1,8,1,10,36,0,36,46
07/16/2023,CNW,TX,ASW,CE,Federal Contract Tower,0,0,1,0,1,0,5,7,2,14,0,5,8,2,15,24,0,24,39
07/17/2023,CNW,TX,ASW,CE,Federal Contract Tower,0,0,4,5,9,0,4,28,4,36,0,4,32,9,45,82,26,108,153
07/18/2023,CNW,TX,ASW,CE,Federal Contract Tower,0,0,9,0,9,0,3,49,2,54,0,3,58,2,63,138,0,138,201
07/19/2023,CNW,TX,ASW,CE,Federal Contract Tower,0,0,12,11,23,0,2,40,5,47,0,2,52,16,70,104,32,136,206
07/20/2023,CNW,TX,ASW,CE,Federal Contract Tower,0,0,13,8,21,0,0,36,4,40,0,0,49,12,61,172,24,196,257
07/21/2023,CNW,TX,ASW,CE,Federal Contract Tower,0,0,12,12,24,0,2,27,3,32,0,2,39,15,56,66,14,80,136
07/22/2023,CNW,TX,ASW,CE,Federal Contract Tower,0,0,4,2,6,0,4,4,0,8,0,4,8,2,14,6,10,16,30
07/23/2023,CNW,TX,ASW,CE,Federal Contract Tower,0,0,2,8,10,0,2,2,4,8,0,2,4,12,18,2,16,18,36
07/24/2023,CNW,TX,ASW,CE,Federal Contract Tower,0,0,10,0,10,0,2,32,2,36,0,2,42,2,46,122,0,122,168
07/25/2023,CNW,TX,ASW,CE,Federal Contract Tower,0,0,17,6,23,0,3,33,2,38,0,3,50,8,61,24,6,30,91
07/26/2023,CNW,TX,ASW,CE,Federal Contract Tower,0,0,7,0,7,0,0,37,0,37,0,0,44,0,44,60,0,60,104
07/27/2023,CNW,TX,ASW,CE,Federal Contract Tower,0,0,10,6,16,0,1,30,0,31,0,1,40,6,47,78,0,78,125
07/28/2023,CNW,TX,ASW,CE,Federal Contract Tower,0,0,7,6,13,0,4,36,0,40,0,4,43,6,53,76,34,110,163
07/29/2023,CNW,TX,ASW,CE,Federal Contract Tower,0,0,2,8,10,0,0,11,0,11,0,0,13,8,21,22,0,22,43
07/30/2023,CNW,TX,ASW,CE,Federal Contract Tower,0,0,6,2,8,0,4,12,0,16,0,4,18,2,24,22,0,22,46
07/31/2023,CNW,TX,ASW,CE,Federal Contract Tower,0,0,5,9,14,0,3,26,2,31,0,3,31,11,45,14,28,42,87
08/01/2023,CNW,TX,ASW,CE,Federal Contract Tower,0,0,12,2,14,0,0,50,1,51,0,0,62,3,65,108,34,142,207
08/02/2023,CNW,TX,ASW,CE,Federal Contract Tower,0,1,9,11,21,0,4,37,0,41,0,5,46,11,62,59,56,115,177
08/03/2023,CNW,TX,ASW,CE,Federal Contract Tower,0,1,4,10,15,0,2,25,2,29,0,3,29,12,44,110,38,148,192
08/04/2023,CNW,TX,ASW,CE,Federal Contract Tower,0,0,10,15,25,0,0,21,0,21,0,0,31,15,46,26,28,54,100
08/05/2023,CNW,TX,ASW,CE,Federal Contract Tower,0,0,0,1,1,0,0,10,0,10,0,0,10,1,11,18,0,18,29
08/06/2023,CNW,TX,ASW,CE,Federal Contract Tower,0,0,1,0,1,0,2,10,2,14,0,2,11,2,15,14,0,14,29
08/07/2023,CNW,TX,ASW,CE,Federal Contract Tower,0,0,6,11,17,0,0,30,0,30,0,0,36,11,47,8,22,30,77
08/08/2023,CNW,TX,ASW,CE,Federal Contract Tower,0,0,8,7,15,0,2,22,2,26,0,2,30,9,41,32,12,44,85
08/09/2023,CNW,TX,ASW,CE,Federal Contract Tower,0,0,9,1,10,0,1,17,2,20,0,1,26,3,30,12,8,20,50
08/10/2023,CNW,TX,ASW,CE,Federal Contract Tower,0,0,8,8,16,0,2,22,0,24,0,2,30,8,40,86,30,116,156
08/11/2023,CNW,TX,ASW,CE,Federal Contract Tower,0,0,11,6,17,0,2,39,2,43,0,2,50,8,60,38,8,46,106
08/12/2023,CNW,TX,ASW,CE,Federal Contract Tower,0,0,10,7,17,0,2,16,1,19,0,2,26,8,36,88,0,88,124
08/13/2023,CNW,TX,ASW,CE,Federal Contract Tower,0,0,4,0,4,0,2,6,0,8,0,2,10,0,12,54,0,54,66
08/14/2023,CNW,TX,ASW,CE,Federal Contract Tower,0,0,13,6,19,0,5,24,0,29,0,5,37,6,48,50,16,66,114
08/15/2023,CNW,TX,ASW,CE,Federal Contract Tower,0,0,8,5,13,0,0,21,1,22,0,0,29,6,35,56,16,72,107
08/16/2023,CNW,TX,ASW,CE,Federal Contract Tower,0,0,6,11,17,0,2,34,2,38,0,2,40,13,55,54,44,98,153
08/17/2023,CNW,TX,ASW,CE,Federal Contract Tower,0,0,6,7,13,0,0,38,3,41,0,0,44,10,54,82,10,92,146
08/18/2023,CNW,TX,ASW,CE,Federal Contract Tower,0,0,7,58,65,0,0,22,4,26,0,0,29,62,91,42,80,122,213
08/19/2023,CNW,TX,ASW,CE,Federal Contract Tower,0,0,0,6,6,0,5,10,0,15,0,5,10,6,21,8,12,20,41
08/20/2023,CNW,TX,ASW,CE,Federal Contract Tower,0,0,2,0,2,0,4,6,0,10,0,4,8,0,12,0,0,0,12
08/21/2023,CNW,TX,ASW,CE,Federal Contract Tower,0,0,11,8,19,0,2,22,1,25,0,2,33,9,44,46,18,64,108
08/22/2023,CNW,TX,ASW,CE,Federal Contract Tower,0,0,5,19,24,0,0,21,2,23,0,0,26,21,47,54,38,92,139
08/23/2023,CNW,TX,ASW,CE,Federal Contract Tower,0,0,9,28,37,0,1,15,8,24,0,1,24,36,61,48,46,94,155
08/24/2023,CNW,TX,ASW,CE,Federal Contract Tower,0,0,7,4,11,0,0,18,0,18,0,0,25,4,29,82,0,82,111
08/25/2023,CNW,TX,ASW,CE,Federal Contract Tower,0,0,3,1,4,0,4,12,0,16,0,4,15,1,20,42,0,42,62
08/26/2023,CNW,TX,ASW,CE,Federal Contract Tower,0,0,4,0,4,0,3,7,0,10,0,3,11,0,14,106,0,106,120
08/27/2023,CNW,TX,ASW,CE,Federal Contract Tower,0,0,2,18,20,0,2,2,0,4,0,2,4,18,24,0,0,0,24
08/28/2023,CNW,TX,ASW,CE,Federal Contract Tower,0,0,1,7,8,0,4,43,0,47,0,4,44,7,55,76,12,88,143
08/29/2023,CNW,TX,ASW,CE,Federal Contract Tower,0,0,5,6,11,0,0,39,3,42,0,0,44,9,53,124,10,134,187
08/30/2023,CNW,TX,ASW,CE,Federal Contract Tower,0,0,2,8,10,0,1,33,0,34,0,1,35,8,44,102,24,126,170
08/31/2023,CNW,TX,ASW,CE,Federal Contract Tower,0,0,11,0,11,0,3,39,0,42,0,3,50,0,53,82,0,82,135
