01/01/2000,COS,CO,ANM,WE,Towers with Radar,34,16,11,0,61,24,0,31,0,55,58,16,42,0,116,40,0,40,156
01/02/2000,COS,CO,ANM,WE,Towers with Radar,62,25,30,4,121,1,2,49,1,53,63,27,79,5,174,52,24,76,250
01/03/2000,COS,CO,ANM,WE,Towers with Radar,82,35,23,6,146,1,3,20,6,30,83,38,43,12,176,10,8,18,194
01/04/2000,COS,CO,ANM,WE,Towers with Radar,81,37,22,24,164,6,21,104,1,132,87,58,126,25,296,164,34,198,494
01/05/2000,COS,CO,ANM,WE,Towers with Radar,87,45,34,17,183,1,32,77,19,129,88,77,111,36,312,92,90,182,494
01/06/2000,COS,CO,ANM,WE,Towers with Radar,84,40,16,36,176,0,28,77,3,108,84,68,93,39,284,106,10,116,400
01/07/2000,COS,CO,ANM,WE,Towers with Radar,81,38,18,100,237,0,17,86,148,251,81,55,104,248,488,64,84,148,636
01/08/2000,COS,CO,ANM,WE,Towers with Radar,78,33,7,23,141,0,20,139,66,225,78,53,146,89,366,390,4,394,760
01/09/2000,COS,CO,ANM,WE,Towers with Radar,70,24,10,27,131,0,5,54,174,233,70,29,64,201,364,80,0,80,444
01/10/2000,COS,CO,ANM,WE,Towers with Radar,77,38,14,21,150,0,0,31,3,34,77,38,45,24,184,4,20,24,208
01/11/2000,COS,CO,ANM,WE,Towers with Radar,94,43,13,5,155,0,4,34,5,43,94,47,47,10,198,12,0,12,210
01/12/2000,COS,CO,ANM,WE,Towers with Radar,102,51,18,19,190,0,8,42,3,53,102,59,60,22,243,92,14,106,349
01/13/2000,COS,CO,ANM,WE,Towers with Radar,91,37,21,33,182,1,22,96,8,127,92,59,117,41,309,92,32,124,433
01/14/2000,COS,CO,ANM,WE,Towers with Radar,85,44,21,18,168,0,10,129,10,149,85,54,150,28,317,312,46,358,675
01/15/2000,COS,CO,ANM,WE,Towers with Radar,76,24,17,5,122,0,16,237,4,257,76,40,254,9,379,324,0,324,703
01/16/2000,COS,CO,ANM,WE,Towers with Radar,73,27,21,15,136,1,6,139,1,147,74,33,160,16,283,256,2,258,541
01/17/2000,COS,CO,ANM,WE,Towers with Radar,82,36,33,3,154,1,43,117,1,162,83,79,150,4,316,144,6,150,466
01/18/2000,COS,CO,ANM,WE,Towers with Radar,84,43,24,38,189,0,18,76,11,105,84,61,100,49,294,114,70,184,478
01/19/2000,COS,CO,ANM,WE,Towers with Radar,70,28,11,32,141,0,11,81,87,179,70,39,92,119,320,64,14,78,398
01/20/2000,COS,CO,ANM,WE,Towers with Radar,84,44,25,30,183,0,19,117,8,144,84,63,142,38,327,212,40,252,579
01/21/2000,COS,CO,ANM,WE,Towers with Radar,82,43,23,34,182,0,19,83,8,110,82,62,106,42,292,72,66,138,430
01/22/2000,COS,CO,ANM,WE,Towers with Radar,82,42,24,28,176,0,0,122,10,132,82,42,146,38,308,292,18,310,618
01/23/2000,COS,CO,ANM,WE,Towers with Radar,70,27,14,24,135,1,9,132,3,145,71,36,146,27,280,284,84,368,648
01/24/2000,COS,CO,ANM,WE,Towers with Radar,75,36,15,29,155,0,6,108,1,115,75,42,123,30,270,196,12,208,478
01/25/2000,COS,CO,ANM,WE,Towers with Radar,95,44,34,29,202,0,14,57,21,92,95,58,91,50,294,172,72,244,538
01/26/2000,COS,CO,ANM,WE,Towers with Radar,89,43,25,24,181,0,13,32,0,45,89,56,57,24,226,10,10,20,246
01/27/2000,COS,CO,ANM,WE,Towers with Radar,77,37,22,22,158,0,4,13,0,17,77,41,35,22,175,18,20,38,213
01/28/2000,COS,CO,ANM,WE,Towers with Radar,34,17,7,7,65,0,9,0,0,9,34,26,7,7,74,0,0,0,74
01/29/2000,COS,CO,ANM,WE,Towers with Radar,92,28,41,17,178,1,15,152,17,185,93,43,193,34,363,276,52,328,691
01/30/2000,COS,CO,ANM,WE,Towers with Radar,67,25,12,15,119,1,2,106,0,109,68,27,118,15,228,220,8,228,456
01/31/2000,COS,CO,ANM,WE,Towers with Radar,83,38,18,24,163,1,2,101,77,181,84,40,119,101,344,164,48,212,556
02/01/2000,COS,CO,ANM,WE,Towers with Radar,99,43,33,38,213,0,0,94,42,136,99,43,127,80,349,178,94,272,621
02/02/2000,COS,CO,ANM,WE,Towers with Radar,85,43,42,26,196,2,16,142,16,176,87,59,184,42,372,314,54,368,740
02/03/2000,COS,CO,ANM,WE,Towers with Radar,92,40,25,20,177,0,11,91,10,112,92,51,116,30,289,260,60,320,609
02/04/2000,COS,CO,ANM,WE,Towers with Radar,87,40,41,36,204,0,6,167,103,276,87,46,208,139,480,346,42,388,868
02/05/2000,COS,CO,ANM,WE,Towers with Radar,78,25,13,39,155,1,21,154,9,185,79,46,167,48,340,284,20,304,644
02/06/2000,COS,CO,ANM,WE,Towers with Radar,74,22,21,30,147,1,24,137,0,162,75,46,158,30,309,144,0,144,453
02/07/2000,COS,CO,ANM,WE,Towers with Radar,76,41,23,27,167,0,11,131,16,158,76,52,154,43,325,300,30,330,655
02/08/2000,COS,CO,ANM,WE,Towers with Radar,95,40,38,38,211,0,20,120,4,144,95,60,158,42,355,220,48,268,623
02/09/2000,COS,CO,ANM,WE,Towers with Radar,84,44,26,25,179,2,15,142,21,180,86,59,168,46,359,316,52,368,727
02/10/2000,COS,CO,ANM,WE,Towers with Radar,99,45,37,41,222,0,5,66,8,79,99,50,103,49,301,190,40,230,531
02/11/2000,COS,CO,ANM,WE,Towers with Radar,87,28,24,14,153,1,0,2,0,3,88,28,26,14,156,6,0,6,162
02/12/2000,COS,CO,ANM,WE,Towers with Radar,77,35,17,18,147,2,4,127,8,141,79,39,144,26,288,488,72,560,848
02/13/2000,COS,CO,ANM,WE,Towers with Radar,69,23,23,11,126,2,7,87,0,96,71,30,110,11,222,140,4,144,366
02/14/2000,COS,CO,ANM,WE,Towers with Radar,79,36,20,40,175,2,3,93,13,111,81,39,113,53,286,194,56,250,536
02/15/2000,COS,CO,ANM,WE,Towers with Radar,88,38,18,43,187,0,8,101,4,113,88,46,119,47,300,152,28,180,480
02/16/2000,COS,CO,ANM,WE,Towers with Radar,90,47,29,52,218,0,13,148,11,172,90,60,177,63,390,306,76,382,772
02/17/2000,COS,CO,ANM,WE,Towers with Radar,89,43,38,23,193,0,10,43,3,56,89,53,81,26,249,128,24,152,401
02/18/2000,COS,CO,ANM,WE,Towers with Radar,86,47,62,37,232,2,7,81,0,90,88,54,143,37,322,150,2,152,474
02/19/2000,COS,CO,ANM,WE,Towers with Radar,77,25,18,17,137,2,11,216,0,229,79,36,234,17,366,264,21,285,651
02/20/2000,COS,CO,ANM,WE,Towers with Radar,66,23,12,17,118,1,6,159,0,166,67,29,171,17,284,304,4,308,592
02/21/2000,COS,CO,ANM,WE,Towers with Radar,87,38,34,13,172,0,5,130,0,135,87,43,164,13,307,342,0,342,649
02/22/2000,COS,CO,ANM,WE,Towers with Radar,91,43,21,37,192,0,24,100,8,132,91,67,121,45,324,178,18,196,520
02/23/2000,COS,CO,ANM,WE,Towers with Radar,87,46,26,31,190,0,28,147,8,183,87,74,173,39,373,409,118,527,900
02/24/2000,COS,CO,ANM,WE,Towers with Radar,94,40,18,33,185,0,18,105,5,128,94,58,123,38,313,340,186,526,839
02/25/2000,COS,CO,ANM,WE,Towers with Radar,83,42,22,21,168,1,8,33,2,44,84,50,55,23,212,30,0,30,242
02/26/2000,COS,CO,ANM,WE,Towers with Radar,88,32,13,22,155,0,15,181,2,198,88,47,194,24,353,298,0,298,651
02/27/2000,COS,CO,ANM,WE,Towers with Radar,74,26,19,24,143,0,7,188,3,198,74,33,207,27,341,228,36,264,605
02/28/2000,COS,CO,ANM,WE,Towers with Radar,81,33,15,20,149,1,10,67,5,83,82,43,82,25,232,172,22,194,426
02/29/2000,COS,CO,ANM,WE,Towers with Radar,89,40,20,41,190,0,10,110,5,125,89,50,130,46,315,378,32,410,725
03/01/2000,COS,CO,ANM,WE,Towers with Radar,81,48,38,30,197,2,14,113,24,153,83,62,151,54,350,360,56,416,766
03/02/2000,COS,CO,ANM,WE,Towers with Radar,84,47,39,26,196,0,2,5,0,7,84,49,44,26,203,6,0,6,209
03/03/2000,COS,CO,ANM,WE,Towers with Radar,95,46,48,51,240,0,16,162,5,183,95,62,210,56,423,222,10,232,655
03/04/2000,COS,CO,ANM,WE,Towers with Radar,80,30,11,9,130,1,11,185,8,205,81,41,196,17,335,446,8,454,789
03/05/2000,COS,CO,ANM,WE,Towers with Radar,68,28,27,23,146,7,0,81,6,94,75,28,108,29,240,182,4,186,426
03/06/2000,COS,CO,ANM,WE,Towers with Radar,81,38,32,28,179,9,7,87,16,119,90,45,119,44,298,141,30,171,469
03/07/2000,COS,CO,ANM,WE,Towers with Radar,87,37,24,20,168,0,5,71,3,79,87,42,95,23,247,158,12,170,417
03/08/2000,COS,CO,ANM,WE,Towers with Radar,92,46,8,28,174,0,10,59,0,69,92,56,67,28,243,154,10,164,407
03/09/2000,COS,CO,ANM,WE,Towers with Radar,95,41,26,27,189,0,8,37,0,45,95,49,63,27,234,74,20,94,328
03/10/2000,COS,CO,ANM,WE,Towers with Radar,84,41,60,35,220,0,4,69,7,80,84,45,129,42,300,214,32,246,546
03/11/2000,COS,CO,ANM,WE,Towers with Radar,83,32,36,28,179,0,6,194,15,215,83,38,230,43,394,402,73,475,869
03/12/2000,COS,CO,ANM,WE,Towers with Radar,78,26,26,41,171,1,4,91,1,97,79,30,117,42,268,180,22,202,470
03/13/2000,COS,CO,ANM,WE,Towers with Radar,83,40,34,32,189,1,7,135,12,155,84,47,169,44,344,336,50,386,730
03/14/2000,COS,CO,ANM,WE,Towers with Radar,86,39,33,29,187,3,7,147,16,173,89,46,180,45,360,250,50,300,660
03/15/2000,COS,CO,ANM,WE,Towers with Radar,70,32,33,20,155,0,8,77,11,96,70,40,110,31,251,80,2,82,333
03/16/2000,COS,CO,ANM,WE,Towers with Radar,88,42,78,57,265,0,3,32,0,35,88,45,110,57,300,40,42,82,382
03/17/2000,COS,CO,ANM,WE,Towers with Radar,90,52,45,35,222,0,4,81,4,89,90,56,126,39,311,164,20,184,495
03/18/2000,COS,CO,ANM,WE,Towers with Radar,85,27,36,24,172,0,5,32,7,44,85,32,68,31,216,106,4,110,326
03/19/2000,COS,CO,ANM,WE,Towers with Radar,74,23,18,13,128,0,10,224,1,235,74,33,242,14,363,214,2,216,579
03/20/2000,COS,CO,ANM,WE,Towers with Radar,84,28,31,19,162,0,0,8,0,8,84,28,39,19,170,0,0,0,170
03/21/2000,COS,CO,ANM,WE,Towers with Radar,82,37,19,14,152,1,1,33,0,35,83,38,52,14,187,80,0,80,267
03/22/2000,COS,CO,ANM,WE,Towers with Radar,83,45,51,29,208,0,5,42,0,47,83,50,93,29,255,118,12,130,385
03/23/2000,COS,CO,ANM,WE,Towers with Radar,86,39,33,23,181,4,11,121,0,136,90,50,154,23,317,220,8,228,545
03/24/2000,COS,CO,ANM,WE,Towers with Radar,86,42,25,55,208,0,10,150,0,160,86,52,175,55,368,406,78,484,852
03/25/2000,COS,CO,ANM,WE,Towers with Radar,76,30,53,23,182,0,11,214,1,226,76,41,267,24,408,332,112,444,852
03/26/2000,COS,CO,ANM,WE,Towers with Radar,70,22,20,18,130,0,3,107,0,110,70,25,127,18,240,272,0,272,512
03/27/2000,COS,CO,ANM,WE,Towers with Radar,79,34,25,30,168,0,9,158,4,171,79,43,183,34,339,300,12,312,651
03/28/2000,COS,CO,ANM,WE,Towers with Radar,92,42,19,24,177,1,30,133,1,165,93,72,152,25,342,216,80,296,638
03/29/2000,COS,CO,ANM,WE,Towers with Radar,87,44,24,31,186,0,9,108,2,119,87,53,132,33,305,304,34,338,643
03/30/2000,COS,CO,ANM,WE,Towers with Radar,87,39,34,21,181,2,3,18,0,23,89,42,52,21,204,8,0,8,212
03/31/2000,COS,CO,ANM,WE,Towers with Radar,89,38,16,10,153,1,0,0,0,1,90,38,16,10,154,0,0,0,154
04/01/2000,COS,CO,ANM,WE,Towers with Radar,79,33,24,11,147,1,6,121,5,133,80,39,145,16,280,216,10,226,506
04/02/2000,COS,CO,ANM,WE,Towers with Radar,76,30,27,18,151,12,1,83,0,96,88,31,110,18,247,62,0,62,309
04/03/2000,COS,CO,ANM,WE,Towers with Radar,85,32,33,62,212,0,7,112,1,120,85,39,145,63,332,156,8,164,496
04/04/2000,COS,CO,ANM,WE,Towers with Radar,96,35,26,27,184,0,12,91,0,103,96,47,117,27,287,120,8,128,415
04/05/2000,COS,CO,ANM,WE,Towers with Radar,89,47,38,40,214,1,9,80,1,91,90,56,118,41,305,106,18,124,429
04/06/2000,COS,CO,ANM,WE,Towers with Radar,100,39,37,42,218,0,8,120,9,137,100,47,157,51,355,406,48,454,809
04/07/2000,COS,CO,ANM,WE,Towers with Radar,79,46,20,37,182,0,5,56,1,62,79,51,76,38,244,68,20,88,332
04/08/2000,COS,CO,ANM,WE,Towers with Radar,87,25,36,22,170,0,7,228,2,237,87,32,264,24,407,560,18,578,985
04/09/2000,COS,CO,ANM,WE,Towers with Radar,74,20,19,20,133,0,3,139,2,144,74,23,158,22,277,236,4,240,517
04/10/2000,COS,CO,ANM,WE,Towers with Radar,93,30,45,39,207,0,2,72,16,90,93,32,117,55,297,190,16,206,503
04/11/2000,COS,CO,ANM,WE,Towers with Radar,85,34,35,38,192,0,1,26,4,31,85,35,61,42,223,84,18,102,325
04/12/2000,COS,CO,ANM,WE,Towers with Radar,94,39,22,33,188,0,15,178,14,207,94,54,200,47,395,410,110,520,915
04/13/2000,COS,CO,ANM,WE,Towers with Radar,88,42,39,36,205,0,24,179,14,217,88,66,218,50,422,442,222,664,1086
04/14/2000,COS,CO,ANM,WE,Towers with Radar,91,36,40,32,199,0,6,88,9,103,91,42,128,41,302,134,32,166,468
04/15/2000,COS,CO,ANM,WE,Towers with Radar,81,32,28,19,160,0,1,9,0,10,81,33,37,19,170,18,0,18,188
04/16/2000,COS,CO,ANM,WE,Towers with Radar,76,25,21,31,153,0,2,148,2,152,76,27,169,33,305,352,84,436,741
04/17/2000,COS,CO,ANM,WE,Towers with Radar,82,27,26,19,154,0,3,121,4,128,82,30,147,23,282,318,22,340,622
04/18/2000,COS,CO,ANM,WE,Towers with Radar,82,35,33,31,181,0,3,72,3,78,82,38,105,34,259,114,50,164,423
04/19/2000,COS,CO,ANM,WE,Towers with Radar,89,40,20,31,180,0,4,14,0,18,89,44,34,31,198,0,12,12,210
04/20/2000,COS,CO,ANM,WE,Towers with Radar,91,36,59,25,211,0,4,180,6,190,91,40,239,31,401,446,20,466,867
04/21/2000,COS,CO,ANM,WE,Towers with Radar,84,43,29,24,180,0,10,188,9,207,84,53,217,33,387,518,132,650,1037
04/22/2000,COS,CO,ANM,WE,Towers with Radar,103,30,15,7,155,0,9,106,3,118,103,39,121,10,273,332,10,342,615
04/23/2000,COS,CO,ANM,WE,Towers with Radar,75,25,16,5,121,0,0,35,0,35,75,25,51,5,156,84,0,84,240
04/24/2000,COS,CO,ANM,WE,Towers with Radar,97,30,24,23,174,0,0,85,7,92,97,30,109,30,266,98,8,106,372
04/25/2000,COS,CO,ANM,WE,Towers with Radar,89,34,38,30,191,0,9,121,17,147,89,43,159,47,338,276,30,306,644
04/26/2000,COS,CO,ANM,WE,Towers with Radar,91,44,37,39,211,0,5,128,4,137,91,49,165,43,348,304,30,334,682
04/27/2000,COS,CO,ANM,WE,Towers with Radar,95,40,36,36,207,0,11,131,66,208,95,51,167,102,415,388,216,604,1019
04/28/2000,COS,CO,ANM,WE,Towers with Radar,95,41,34,56,226,0,18,130,5,153,95,59,164,61,379,254,32,286,665
04/29/2000,COS,CO,ANM,WE,Towers with Radar,72,20,19,35,146,0,6,122,8,136,72,26,141,43,282,298,26,324,606
04/30/2000,COS,CO,ANM,WE,Towers with Radar,77,25,35,31,168,0,0,5,0,5,77,25,40,31,173,6,0,6,179
05/01/2000,COS,CO,ANM,WE,Towers with Radar,83,36,27,30,176,1,4,91,13,109,84,40,118,43,285,174,40,214,499
05/02/2000,COS,CO,ANM,WE,Towers with Radar,77,33,32,33,175,12,26,135,11,184,89,59,167,44,359,262,46,308,667
05/03/2000,COS,CO,ANM,WE,Towers with Radar,88,41,36,25,190,0,8,115,16,139,88,49,151,41,329,168,10,178,507
05/04/2000,COS,CO,ANM,WE,Towers with Radar,98,38,42,29,207,0,10,142,12,164,98,48,184,41,371,342,46,388,759
05/05/2000,COS,CO,ANM,WE,Towers with Radar,88,36,24,49,197,0,5,155,14,174,88,41,179,63,371,284,176,460,831
05/06/2000,COS,CO,ANM,WE,Towers with Radar,80,25,15,21,141,0,9,189,17,215,80,34,204,38,356,410,22,432,788
05/07/2000,COS,CO,ANM,WE,Towers with Radar,82,22,47,37,188,0,1,152,0,153,82,23,199,37,341,354,0,354,695
05/08/2000,COS,CO,ANM,WE,Towers with Radar,82,33,39,40,194,0,0,25,0,25,82,33,64,40,219,28,0,28,247
05/09/2000,COS,CO,ANM,WE,Towers with Radar,87,38,37,47,209,0,0,91,11,102,87,38,128,58,311,154,40,194,505
05/10/2000,COS,CO,ANM,WE,Towers with Radar,88,48,52,56,244,0,3,100,38,141,88,51,152,94,385,180,58,238,623
05/11/2000,COS,CO,ANM,WE,Towers with Radar,83,43,40,37,203,0,5,62,4,71,83,48,102,41,274,54,2,56,330
05/12/2000,COS,CO,ANM,WE,Towers with Radar,83,37,35,38,193,0,6,86,9,101,83,43,121,47,294,140,16,156,450
05/13/2000,COS,CO,ANM,WE,Towers with Radar,65,28,28,28,149,18,2,113,2,135,83,30,141,30,284,374,220,594,878
05/14/2000,COS,CO,ANM,WE,Towers with Radar,75,26,21,16,138,1,4,114,5,124,76,30,135,21,262,220,4,224,486
05/15/2000,COS,CO,ANM,WE,Towers with Radar,77,31,33,33,174,3,0,102,16,121,80,31,135,49,295,84,46,130,425
05/16/2000,COS,CO,ANM,WE,Towers with Radar,84,37,33,26,180,0,3,81,8,92,84,40,114,34,272,42,14,56,328
05/17/2000,COS,CO,ANM,WE,Towers with Radar,94,47,29,33,203,0,7,42,2,51,94,54,71,35,254,68,18,86,340
05/18/2000,COS,CO,ANM,WE,Towers with Radar,86,55,57,35,233,0,6,49,8,63,86,61,106,43,296,110,12,122,418
05/19/2000,COS,CO,ANM,WE,Towers with Radar,84,40,29,134,287,0,4,157,13,174,84,44,186,147,461,316,162,478,939
05/20/2000,COS,CO,ANM,WE,Towers with Radar,78,30,17,14,139,0,2,142,19,163,78,32,159,33,302,520,210,730,1032
05/21/2000,COS,CO,ANM,WE,Towers with Radar,78,30,45,62,215,0,0,173,17,190,78,30,218,79,405,580,40,620,1025
05/22/2000,COS,CO,ANM,WE,Towers with Radar,82,40,33,30,185,0,2,120,16,138,82,42,153,46,323,378,70,448,771
05/23/2000,COS,CO,ANM,WE,Towers with Radar,149,58,47,34,288,0,5,147,20,172,149,63,194,54,460,332,44,376,836
05/24/2000,COS,CO,ANM,WE,Towers with Radar,86,46,26,40,198,0,3,120,15,138,86,49,146,55,336,220,20,240,576
05/25/2000,COS,CO,ANM,WE,Towers with Radar,93,51,66,37,247,0,1,63,2,66,93,52,129,39,313,134,2,136,449
05/26/2000,COS,CO,ANM,WE,Towers with Radar,83,47,47,32,209,0,7,225,12,244,83,54,272,44,453,408,186,594,1047
05/27/2000,COS,CO,ANM,WE,Towers with Radar,71,23,17,9,120,0,1,150,9,160,71,24,167,18,280,420,208,628,908
05/28/2000,COS,CO,ANM,WE,Towers with Radar,73,20,24,25,142,0,4,133,3,140,73,24,157,28,282,214,0,214,496
05/29/2000,COS,CO,ANM,WE,Towers with Radar,84,23,21,7,135,0,0,133,3,136,84,23,154,10,271,450,0,450,721
05/30/2000,COS,CO,ANM,WE,Towers with Radar,80,33,36,54,203,0,2,89,20,111,80,35,125,74,314,100,10,110,424
05/31/2000,COS,CO,ANM,WE,Towers with Radar,85,43,40,42,210,0,4,84,1,89,85,47,124,43,299,88,6,94,393
06/01/2000,COS,CO,ANM,WE,Towers with Radar,82,37,46,41,206,1,14,145,7,167,83,51,191,48,373,232,6,238,611
06/02/2000,COS,CO,ANM,WE,Towers with Radar,88,48,52,35,223,0,3,78,4,85,88,51,130,39,308,282,72,354,662
06/03/2000,COS,CO,ANM,WE,Towers with Radar,82,23,19,19,143,0,5,158,10,173,82,28,177,29,316,500,150,650,966
06/04/2000,COS,CO,ANM,WE,Towers with Radar,76,34,52,28,190,0,4,101,5,110,76,38,153,33,300,210,10,220,520
06/05/2000,COS,CO,ANM,WE,Towers with Radar,91,46,39,18,194,0,4,122,5,131,91,50,161,23,325,184,22,206,531
06/06/2000,COS,CO,ANM,WE,Towers with Radar,94,42,58,20,214,0,11,169,13,193,94,53,227,33,407,258,6,264,671
06/07/2000,COS,CO,ANM,WE,Towers with Radar,92,48,59,32,231,0,4,163,21,188,92,52,222,53,419,196,18,214,633
06/08/2000,COS,CO,ANM,WE,Towers with Radar,92,43,55,46,236,0,5,136,27,168,92,48,191,73,404,250,96,346,750
06/09/2000,COS,CO,ANM,WE,Towers with Radar,81,42,51,67,241,0,5,110,23,138,81,47,161,90,379,352,74,426,805
06/10/2000,COS,CO,ANM,WE,Towers with Radar,87,36,41,43,207,0,1,176,16,193,87,37,217,59,400,420,22,442,842
06/11/2000,COS,CO,ANM,WE,Towers with Radar,78,27,57,26,188,0,1,111,10,122,78,28,168,36,310,218,4,222,532
06/12/2000,COS,CO,ANM,WE,Towers with Radar,89,32,39,38,198,0,3,131,7,141,89,35,170,45,339,610,24,634,973
06/13/2000,COS,CO,ANM,WE,Towers with Radar,89,37,34,29,189,1,6,85,14,106,90,43,119,43,295,408,24,432,727
06/14/2000,COS,CO,ANM,WE,Towers with Radar,92,44,62,22,220,0,8,38,0,46,92,52,100,22,266,728,36,764,1030
06/15/2000,COS,CO,ANM,WE,Towers with Radar,79,36,51,30,196,9,10,123,5,147,88,46,174,35,343,306,6,312,655
06/16/2000,COS,CO,ANM,WE,Towers with Radar,101,43,66,52,262,1,1,118,15,135,102,44,184,67,397,716,36,752,1149
06/17/2000,COS,CO,ANM,WE,Towers with Radar,74,32,83,37,226,1,0,52,3,56,75,32,135,40,282,300,32,332,614
06/18/2000,COS,CO,ANM,WE,Towers with Radar,78,30,50,30,188,3,0,154,0,157,81,30,204,30,345,264,4,268,613
06/19/2000,COS,CO,ANM,WE,Towers with Radar,83,38,24,24,169,1,2,104,8,115,84,40,128,32,284,378,8,386,670
06/20/2000,COS,CO,ANM,WE,Towers with Radar,92,37,48,34,211,1,6,154,15,176,93,43,202,49,387,564,18,582,969
06/21/2000,COS,CO,ANM,WE,Towers with Radar,86,43,72,37,238,1,4,186,14,205,87,47,258,51,443,624,30,654,1097
06/22/2000,COS,CO,ANM,WE,Towers with Radar,81,38,58,49,226,1,5,189,13,208,82,43,247,62,434,466,51,517,951
06/23/2000,COS,CO,ANM,WE,Towers with Radar,90,54,70,30,244,0,6,156,6,168,90,60,226,36,412,356,46,402,814
06/24/2000,COS,CO,ANM,WE,Towers with Radar,92,26,55,21,194,0,5,223,5,233,92,31,278,26,427,402,15,417,844
06/25/2000,COS,CO,ANM,WE,Towers with Radar,76,25,48,27,176,0,0,185,0,185,76,25,233,27,361,164,6,170,531
06/26/2000,COS,CO,ANM,WE,Towers with Radar,89,32,100,35,256,0,1,14,1,16,89,33,114,36,272,72,2,74,346
06/27/2000,COS,CO,ANM,WE,Towers with Radar,96,34,52,38,220,0,1,24,2,27,96,35,76,40,247,202,2,204,451
06/28/2000,COS,CO,ANM,WE,Towers with Radar,102,50,65,39,256,0,2,87,5,94,102,52,152,44,350,480,20,500,850
06/29/2000,COS,CO,ANM,WE,Towers with Radar,86,42,60,38,226,0,1,145,33,179,86,43,205,71,405,490,50,540,945
06/30/2000,COS,CO,ANM,WE,Towers with Radar,92,46,50,16,204,0,5,155,6,166,92,51,205,22,370,292,0,292,662
07/01/2000,COS,CO,ANM,WE,Towers with Radar,89,28,55,10,182,2,1,169,5,177,91,29,224,15,359,294,0,294,653
07/02/2000,COS,CO,ANM,WE,Towers with Radar,63,26,38,10,137,0,2,86,3,91,63,28,124,13,228,218,0,218,446
07/03/2000,COS,CO,ANM,WE,Towers with Radar,58,25,30,4,117,18,5,154,0,177,76,30,184,4,294,208,0,208,502
07/04/2000,COS,CO,ANM,WE,Towers with Radar,48,21,24,1,94,21,7,132,0,160,69,28,156,1,254,218,0,218,472
07/05/2000,COS,CO,ANM,WE,Towers with Radar,85,43,49,54,231,0,5,129,42,176,85,48,178,96,407,194,42,236,643
07/06/2000,COS,CO,ANM,WE,Towers with Radar,88,48,36,48,220,0,8,159,9,176,88,56,195,57,396,340,26,366,762
07/07/2000,COS,CO,ANM,WE,Towers with Radar,85,40,25,40,190,0,7,134,17,158,85,47,159,57,348,244,18,262,610
07/08/2000,COS,CO,ANM,WE,Towers with Radar,79,32,32,31,174,0,7,157,9,173,79,39,189,40,347,346,106,452,799
07/09/2000,COS,CO,ANM,WE,Towers with Radar,79,26,37,10,152,0,0,145,2,147,79,26,182,12,299,286,0,286,585
07/10/2000,COS,CO,ANM,WE,Towers with Radar,74,35,45,35,189,0,0,129,16,145,74,35,174,51,334,422,54,476,810
07/11/2000,COS,CO,ANM,WE,Towers with Radar,88,42,47,16,193,0,8,173,17,198,88,50,220,33,391,484,34,518,909
07/12/2000,COS,CO,ANM,WE,Towers with Radar,99,47,45,37,228,0,4,138,14,156,99,51,183,51,384,270,0,270,654
07/13/2000,COS,CO,ANM,WE,Towers with Radar,92,35,32,36,195,0,5,156,14,175,92,40,188,50,370,406,6,412,782
07/14/2000,COS,CO,ANM,WE,Towers with Radar,84,38,23,26,171,0,3,177,16,196,84,41,200,42,367,354,16,370,737
07/15/2000,COS,CO,ANM,WE,Towers with Radar,82,26,28,26,162,0,1,130,10,141,82,27,158,36,303,296,10,306,609
07/16/2000,COS,CO,ANM,WE,Towers with Radar,85,26,44,30,185,0,1,99,5,105,85,27,143,35,290,184,10,194,484
07/17/2000,COS,CO,ANM,WE,Towers with Radar,84,33,63,22,202,0,0,75,3,78,84,33,138,25,280,288,0,288,568
07/18/2000,COS,CO,ANM,WE,Towers with Radar,87,37,36,31,191,0,3,121,15,139,87,40,157,46,330,246,60,306,636
07/19/2000,COS,CO,ANM,WE,Towers with Radar,98,43,48,33,222,0,1,87,16,104,98,44,135,49,326,192,46,238,564
07/20/2000,COS,CO,ANM,WE,Towers with Radar,86,46,53,29,214,0,7,105,17,129,86,53,158,46,343,148,16,164,507
07/21/2000,COS,CO,ANM,WE,Towers with Radar,88,42,54,40,224,0,0,105,8,113,88,42,159,48,337,116,10,126,463
07/22/2000,COS,CO,ANM,WE,Towers with Radar,80,32,76,19,207,0,1,81,6,88,80,33,157,25,295,224,6,230,525
07/23/2000,COS,CO,ANM,WE,Towers with Radar,77,25,38,26,166,1,0,163,12,176,78,25,201,38,342,342,6,348,690
07/24/2000,COS,CO,ANM,WE,Towers with Radar,82,34,47,36,199,0,1,70,15,86,82,35,117,51,285,76,40,116,401
07/25/2000,COS,CO,ANM,WE,Towers with Radar,89,42,40,33,204,0,5,142,4,151,89,47,182,37,355,288,50,338,693
07/26/2000,COS,CO,ANM,WE,Towers with Radar,91,42,44,44,221,0,5,195,13,213,91,47,239,57,434,226,24,250,684
07/27/2000,COS,CO,ANM,WE,Towers with Radar,85,36,55,29,205,0,7,145,14,166,85,43,200,43,371,376,24,400,771
07/28/2000,COS,CO,ANM,WE,Towers with Radar,81,45,50,31,207,0,3,167,8,178,81,48,217,39,385,336,12,348,733
07/29/2000,COS,CO,ANM,WE,Towers with Radar,85,26,49,15,175,0,2,155,1,158,85,28,204,16,333,448,4,452,785
07/30/2000,COS,CO,ANM,WE,Towers with Radar,71,23,40,25,159,0,1,142,1,144,71,24,182,26,303,146,0,146,449
07/31/2000,COS,CO,ANM,WE,Towers with Radar,84,35,43,29,191,2,8,169,18,197,86,43,212,47,388,390,16,406,794
08/01/2000,COS,CO,ANM,WE,Towers with Radar,84,39,52,39,214,1,4,181,9,195,85,43,233,48,409,422,14,436,845
08/02/2000,COS,CO,ANM,WE,Towers with Radar,87,54,44,33,218,0,5,181,6,192,87,59,225,39,410,470,24,494,904
08/03/2000,COS,CO,ANM,WE,Towers with Radar,103,45,57,50,255,1,8,131,7,147,104,53,188,57,402,440,4,444,846
08/04/2000,COS,CO,ANM,WE,Towers with Radar,80,45,38,56,219,1,3,124,4,132,81,48,162,60,351,496,30,526,877
08/05/2000,COS,CO,ANM,WE,Towers with Radar,80,27,33,19,159,1,6,157,8,172,81,33,190,27,331,532,10,542,873
08/06/2000,COS,CO,ANM,WE,Towers with Radar,73,23,51,13,160,0,1,100,4,105,73,24,151,17,265,150,0,150,415
08/07/2000,COS,CO,ANM,WE,Towers with Radar,77,36,50,19,182,1,1,114,4,120,78,37,164,23,302,556,2,558,860
08/08/2000,COS,CO,ANM,WE,Towers with Radar,84,35,45,18,182,0,8,158,15,181,84,43,203,33,363,594,26,620,983
08/09/2000,COS,CO,ANM,WE,Towers with Radar,81,46,80,19,226,1,7,163,5,176,82,53,243,24,402,458,0,458,860
08/10/2000,COS,CO,ANM,WE,Towers with Radar,87,42,65,24,218,1,2,138,11,152,88,44,203,35,370,373,10,383,753
08/11/2000,COS,CO,ANM,WE,Towers with Radar,79,38,49,17,183,1,7,153,7,168,80,45,202,24,351,370,16,386,737
08/12/2000,COS,CO,ANM,WE,Towers with Radar,83,21,39,16,159,0,2,145,0,147,83,23,184,16,306,312,0,312,618
08/13/2000,COS,CO,ANM,WE,Towers with Radar,76,22,46,11,155,0,1,134,1,136,76,23,180,12,291,400,10,410,701
08/14/2000,COS,CO,ANM,WE,Towers with Radar,77,34,47,22,180,1,4,173,6,184,78,38,220,28,364,390,2,392,756
08/15/2000,COS,CO,ANM,WE,Towers with Radar,87,38,31,28,184,1,7,119,8,135,88,45,150,36,319,272,18,290,609
08/16/2000,COS,CO,ANM,WE,Towers with Radar,80,44,47,19,190,1,9,113,6,129,81,53,160,25,319,92,4,96,415
08/17/2000,COS,CO,ANM,WE,Towers with Radar,78,47,46,28,199,1,10,128,3,142,79,57,174,31,341,240,36,276,617
08/18/2000,COS,CO,ANM,WE,Towers with Radar,83,51,63,37,234,0,9,64,14,87,83,60,127,51,321,124,46,170,491
08/19/2000,COS,CO,ANM,WE,Towers with Radar,77,31,46,14,168,1,6,184,7,198,78,37,230,21,366,440,4,444,810
08/20/2000,COS,CO,ANM,WE,Towers with Radar,75,25,22,21,143,0,3,148,8,159,75,28,170,29,302,352,4,356,658
08/21/2000,COS,CO,ANM,WE,Towers with Radar,83,40,43,24,190,0,6,129,8,143,83,46,172,32,333,262,44,306,639
08/22/2000,COS,CO,ANM,WE,Towers with Radar,85,40,41,24,190,1,4,114,4,123,86,44,155,28,313,380,8,388,701
08/23/2000,COS,CO,ANM,WE,Towers with Radar,85,43,43,24,195,1,3,164,6,174,86,46,207,30,369,412,12,424,793
08/24/2000,COS,CO,ANM,WE,Towers with Radar,89,39,62,36,226,1,6,187,15,209,90,45,249,51,435,372,14,386,821
08/25/2000,COS,CO,ANM,WE,Towers with Radar,84,42,46,55,227,1,4,155,5,165,85,46,201,60,392,462,26,488,880
08/26/2000,COS,CO,ANM,WE,Towers with Radar,81,29,40,24,174,1,3,146,4,154,82,32,186,28,328,438,38,476,804
08/27/2000,COS,CO,ANM,WE,Towers with Radar,72,31,42,16,161,6,0,195,0,201,78,31,237,16,362,508,18,526,888
08/28/2000,COS,CO,ANM,WE,Towers with Radar,81,29,30,22,162,1,1,117,11,130,82,30,147,33,292,292,6,298,590
08/29/2000,COS,CO,ANM,WE,Towers with Radar,85,42,30,37,194,0,3,100,13,116,85,45,130,50,310,264,6,270,580
08/30/2000,COS,CO,ANM,WE,Towers with Radar,81,50,54,33,218,1,3,152,14,170,82,53,206,47,388,310,34,344,732
08/31/2000,COS,CO,ANM,WE,Towers with Radar,85,46,53,57,241,1,5,131,16,153,86,51,184,73,394,380,14,394,788
09/01/2000,COS,CO,ANM,WE,Towers with Radar,81,42,82,29,234,1,6,138,13,158,82,48,220,42,392,374,6,380,772
09/02/2000,COS,CO,ANM,WE,Towers with Radar,75,28,39,14,156,0,11,119,10,140,75,39,158,24,296,313,18,331,627
09/03/2000,COS,CO,ANM,WE,Towers with Radar,58,21,27,7,113,1,5,99,4,109,59,26,126,11,222,150,0,150,372
09/04/2000,COS,CO,ANM,WE,Towers with Radar,80,40,46,6,172,1,0,156,0,157,81,40,202,6,329,342,0,342,671
09/05/2000,COS,CO,ANM,WE,Towers with Radar,80,34,41,41,196,1,3,128,4,136,81,37,169,45,332,334,42,376,708
09/06/2000,COS,CO,ANM,WE,Towers with Radar,80,60,64,24,228,1,3,113,13,130,81,63,177,37,358,388,24,412,770
09/07/2000,COS,CO,ANM,WE,Towers with Radar,80,49,49,31,209,1,9,141,31,182,81,58,190,62,391,454,112,566,957
09/08/2000,COS,CO,ANM,WE,Towers with Radar,84,54,66,41,245,1,13,120,19,153,85,67,186,60,398,150,10,160,558
09/09/2000,COS,CO,ANM,WE,Towers with Radar,86,32,34,26,178,1,15,117,36,169,87,47,151,62,347,18,24,42,389
09/10/2000,COS,CO,ANM,WE,Towers with Radar,68,24,62,37,191,2,0,132,5,139,70,24,194,42,330,264,4,268,598
09/11/2000,COS,CO,ANM,WE,Towers with Radar,76,42,54,43,215,1,7,138,10,156,77,49,192,53,371,292,4,296,667
09/12/2000,COS,CO,ANM,WE,Towers with Radar,79,49,42,35,205,1,4,94,11,110,80,53,136,46,315,372,140,512,827
09/13/2000,COS,CO,ANM,WE,Towers with Radar,84,47,57,35,223,0,12,165,18,195,84,59,222,53,418,332,78,410,828
09/14/2000,COS,CO,ANM,WE,Towers with Radar,81,41,53,30,205,1,5,166,12,184,82,46,219,42,389,334,10,344,733
09/15/2000,COS,CO,ANM,WE,Towers with Radar,82,42,33,34,191,1,8,165,11,185,83,50,198,45,376,278,42,320,696
09/16/2000,COS,CO,ANM,WE,Towers with Radar,76,27,53,31,187,1,9,159,6,175,77,36,212,37,362,228,8,236,598
09/17/2000,COS,CO,ANM,WE,Towers with Radar,79,28,31,37,175,1,5,131,3,140,80,33,162,40,315,104,2,106,421
09/18/2000,COS,CO,ANM,WE,Towers with Radar,81,33,40,26,180,0,5,124,7,136,81,38,164,33,316,484,72,556,872
09/19/2000,COS,CO,ANM,WE,Towers with Radar,82,46,57,35,220,0,5,141,20,166,82,51,198,55,386,525,63,588,974
09/20/2000,COS,CO,ANM,WE,Towers with Radar,84,50,60,26,220,0,4,94,7,105,84,54,154,33,325,398,30,428,753
09/21/2000,COS,CO,ANM,WE,Towers with Radar,79,44,55,36,214,0,4,206,5,215,79,48,261,41,429,328,30,358,787
09/22/2000,COS,CO,ANM,WE,Towers with Radar,87,52,73,45,257,0,0,77,32,109,87,52,150,77,366,444,24,468,834
09/23/2000,COS,CO,ANM,WE,Towers with Radar,58,28,35,12,133,18,1,4,0,23,76,29,39,12,156,0,0,0,156
09/24/2000,COS,CO,ANM,WE,Towers with Radar,80,21,39,28,168,0,1,20,0,21,80,22,59,28,189,54,0,54,243
09/25/2000,COS,CO,ANM,WE,Towers with Radar,70,34,43,26,173,10,3,130,0,143,80,37,173,26,316,802,100,902,1218
09/26/2000,COS,CO,ANM,WE,Towers with Radar,86,40,50,32,208,0,8,129,10,147,86,48,179,42,355,764,90,854,1209
09/27/2000,COS,CO,ANM,WE,Towers with Radar,83,47,57,36,223,0,6,170,31,207,83,53,227,67,430,678,64,742,1172
09/28/2000,COS,CO,ANM,WE,Towers with Radar,78,38,46,29,191,8,9,141,0,158,86,47,187,29,349,488,18,506,855
09/29/2000,COS,CO,ANM,WE,Towers with Radar,86,50,30,24,190,0,9,112,5,126,86,59,142,29,316,374,25,399,715
09/30/2000,COS,CO,ANM,WE,Towers with Radar,63,31,37,18,149,18,0,148,0,166,81,31,185,18,315,302,10,312,627
10/01/2000,COS,CO,ANM,WE,Towers with Radar,59,27,35,26,147,10,2,85,0,97,69,29,120,26,244,238,0,238,482
10/02/2000,COS,CO,ANM,WE,Towers with Radar,77,36,45,35,193,0,10,146,19,175,77,46,191,54,368,608,186,794,1162
10/03/2000,COS,CO,ANM,WE,Towers with Radar,83,34,34,33,184,1,9,130,4,144,84,43,164,37,328,222,22,244,572
10/04/2000,COS,CO,ANM,WE,Towers with Radar,80,43,66,26,215,0,2,66,7,75,80,45,132,33,290,304,38,342,632
10/05/2000,COS,CO,ANM,WE,Towers with Radar,80,45,59,42,226,1,5,19,0,25,81,50,78,42,251,172,4,176,427
10/06/2000,COS,CO,ANM,WE,Towers with Radar,80,38,36,35,189,1,2,0,0,3,81,40,36,35,192,2,0,2,194
10/07/2000,COS,CO,ANM,WE,Towers with Radar,77,28,35,24,164,1,2,6,0,9,78,30,41,24,173,24,0,24,197
10/08/2000,COS,CO,ANM,WE,Towers with Radar,70,21,56,18,165,1,2,15,1,19,71,23,71,19,184,10,0,10,194
10/09/2000,COS,CO,ANM,WE,Towers with Radar,76,32,43,21,172,1,3,134,1,139,77,35,177,22,311,288,0,288,599
10/10/2000,COS,CO,ANM,WE,Towers with Radar,81,38,27,55,201,0,5,108,7,120,81,43,135,62,321,230,20,250,571
10/11/2000,COS,CO,ANM,WE,Towers with Radar,82,39,44,32,197,1,6,156,20,183,83,45,200,52,380,368,24,392,772
10/12/2000,COS,CO,ANM,WE,Towers with Radar,76,35,44,50,205,2,10,99,9,120,78,45,143,59,325,292,64,356,681
10/13/2000,COS,CO,ANM,WE,Towers with Radar,78,44,54,35,211,0,8,165,18,191,78,52,219,53,402,250,68,318,720
10/14/2000,COS,CO,ANM,WE,Towers with Radar,79,32,50,35,196,0,0,129,0,129,79,32,179,35,325,390,46,436,761
10/15/2000,COS,CO,ANM,WE,Towers with Radar,74,33,41,32,180,0,12,106,12,130,74,45,147,44,310,512,70,582,892
10/16/2000,COS,CO,ANM,WE,Towers with Radar,67,22,37,28,154,2,0,135,18,155,69,22,172,46,309,312,6,318,627
10/17/2000,COS,CO,ANM,WE,Towers with Radar,82,39,29,29,179,0,9,151,6,166,82,48,180,35,345,322,22,344,689
10/18/2000,COS,CO,ANM,WE,Towers with Radar,84,40,48,39,211,0,13,180,13,206,84,53,228,52,417,280,30,310,727
10/19/2000,COS,CO,ANM,WE,Towers with Radar,77,47,50,49,223,0,5,177,15,197,77,52,227,64,420,372,42,414,834
10/20/2000,COS,CO,ANM,WE,Towers with Radar,85,47,56,50,238,0,3,149,17,169,85,50,205,67,407,334,50,384,791
10/21/2000,COS,CO,ANM,WE,Towers with Radar,72,33,30,18,153,2,4,140,16,162,74,37,170,34,315,208,0,208,523
10/22/2000,COS,CO,ANM,WE,Towers with Radar,58,3,32,26,119,13,0,32,2,47,71,3,64,28,166,38,22,60,226
10/23/2000,COS,CO,ANM,WE,Towers with Radar,75,31,43,25,174,0,3,9,0,12,75,34,52,25,186,136,0,136,322
10/24/2000,COS,CO,ANM,WE,Towers with Radar,79,44,53,35,211,0,1,80,4,85,79,45,133,39,296,318,16,334,630
10/25/2000,COS,CO,ANM,WE,Towers with Radar,79,43,28,32,182,0,2,148,11,161,79,45,176,43,343,418,56,474,817
10/26/2000,COS,CO,ANM,WE,Towers with Radar,81,42,42,55,220,0,1,173,9,183,81,43,215,64,403,412,22,434,837
10/27/2000,COS,CO,ANM,WE,Towers with Radar,82,36,54,44,216,0,3,121,3,127,82,39,175,47,343,232,38,270,613
10/28/2000,COS,CO,ANM,WE,Towers with Radar,64,31,49,12,156,2,1,3,0,6,66,32,52,12,162,34,6,40,202
10/29/2000,COS,CO,ANM,WE,Towers with Radar,68,22,36,20,146,2,1,132,1,136,70,23,168,21,282,288,0,288,570
10/30/2000,COS,CO,ANM,WE,Towers with Radar,75,47,37,29,188,2,3,138,3,146,77,50,175,32,334,488,0,488,822
10/31/2000,COS,CO,ANM,WE,Towers with Radar,87,41,45,22,195,0,1,96,1,98,87,42,141,23,293,194,14,208,501
11/01/2000,COS,CO,ANM,WE,Towers with Radar,80,38,49,29,196,1,4,112,7,124,81,42,161,36,320,246,6,252,572
11/02/2000,COS,CO,ANM,WE,Towers with Radar,87,38,38,51,214,0,4,108,7,119,87,42,146,58,333,330,18,348,681
11/03/2000,COS,CO,ANM,WE,Towers with Radar,87,40,52,50,229,0,3,76,3,82,87,43,128,53,311,284,16,300,611
11/04/2000,COS,CO,ANM,WE,Towers with Radar,70,22,45,53,190,0,5,148,12,165,70,27,193,65,355,520,18,538,893
11/05/2000,COS,CO,ANM,WE,Towers with Radar,75,26,34,28,163,3,0,55,11,69,78,26,89,39,232,72,0,72,304
11/06/2000,COS,CO,ANM,WE,Towers with Radar,76,34,32,50,192,0,4,60,3,67,76,38,92,53,259,188,38,226,485
11/07/2000,COS,CO,ANM,WE,Towers with Radar,88,39,41,28,196,0,3,118,15,136,88,42,159,43,332,358,36,394,726
11/08/2000,COS,CO,ANM,WE,Towers with Radar,86,50,40,33,209,0,6,124,4,134,86,56,164,37,343,260,4,264,607
11/09/2000,COS,CO,ANM,WE,Towers with Radar,89,41,34,71,235,0,4,132,19,155,89,45,166,90,390,282,144,426,816
11/10/2000,COS,CO,ANM,WE,Towers with Radar,90,41,47,28,206,0,0,21,0,21,90,41,68,28,227,14,0,14,241
11/11/2000,COS,CO,ANM,WE,Towers with Radar,74,27,12,14,127,0,0,6,2,8,74,27,18,16,135,64,2,66,201
11/12/2000,COS,CO,ANM,WE,Towers with Radar,70,29,28,11,138,0,0,55,0,55,70,29,83,11,193,114,0,114,307
11/13/2000,COS,CO,ANM,WE,Towers with Radar,72,33,32,28,165,4,11,95,6,116,76,44,127,34,281,174,0,174,455
11/14/2000,COS,CO,ANM,WE,Towers with Radar,85,43,41,32,201,0,6,145,8,159,85,49,186,40,360,172,20,192,552
11/15/2000,COS,CO,ANM,WE,Towers with Radar,87,45,54,26,212,0,8,43,3,54,87,53,97,29,266,66,44,110,376
11/16/2000,COS,CO,ANM,WE,Towers with Radar,84,45,48,48,225,0,8,121,5,134,84,53,169,53,359,338,18,356,715
11/17/2000,COS,CO,ANM,WE,Towers with Radar,90,44,31,30,195,0,4,90,7,101,90,48,121,37,296,148,0,148,444
11/18/2000,COS,CO,ANM,WE,Towers with Radar,82,32,22,29,165,0,2,143,20,165,82,34,165,49,330,354,10,364,694
11/19/2000,COS,CO,ANM,WE,Towers with Radar,73,22,70,45,210,0,2,104,2,108,73,24,174,47,318,254,0,254,572
11/20/2000,COS,CO,ANM,WE,Towers with Radar,78,36,40,30,184,0,2,178,5,185,78,38,218,35,369,402,0,402,771
11/21/2000,COS,CO,ANM,WE,Towers with Radar,86,39,27,33,185,0,8,154,18,180,86,47,181,51,365,380,58,438,803
11/22/2000,COS,CO,ANM,WE,Towers with Radar,92,51,50,16,209,0,7,138,2,147,92,58,188,18,356,334,0,334,690
11/23/2000,COS,CO,ANM,WE,Towers with Radar,65,19,7,2,93,0,0,50,0,50,65,19,57,2,143,68,0,68,211
11/24/2000,COS,CO,ANM,WE,Towers with Radar,56,23,32,2,113,0,3,149,3,155,56,26,181,5,268,144,0,144,412
11/25/2000,COS,CO,ANM,WE,Towers with Radar,72,27,29,7,135,0,4,104,5,113,72,31,133,12,248,246,0,246,494
11/26/2000,COS,CO,ANM,WE,Towers with Radar,76,29,41,9,155,0,3,95,3,101,76,32,136,12,256,146,0,146,402
11/27/2000,COS,CO,ANM,WE,Towers with Radar,79,41,22,29,171,0,3,122,7,132,79,44,144,36,303,392,6,398,701
11/28/2000,COS,CO,ANM,WE,Towers with Radar,91,41,24,32,188,0,3,85,7,95,91,44,109,39,283,340,52,392,675
11/29/2000,COS,CO,ANM,WE,Towers with Radar,91,46,23,35,195,0,5,108,17,130,91,51,131,52,325,412,20,432,757
11/30/2000,COS,CO,ANM,WE,Towers with Radar,85,48,28,16,177,0,3,68,3,74,85,51,96,19,251,150,0,150,401
12/01/2000,COS,CO,ANM,WE,Towers with Radar,82,60,45,72,259,1,7,153,12,173,83,67,198,84,432,512,54,566,998
12/02/2000,COS,CO,ANM,WE,Towers with Radar,80,31,24,30,165,0,6,139,8,153,80,37,163,38,318,352,36,388,706
12/03/2000,COS,CO,ANM,WE,Towers with Radar,66,29,22,33,150,0,4,127,5,136,66,33,149,38,286,312,4,316,602
12/04/2000,COS,CO,ANM,WE,Towers with Radar,79,34,40,18,171,0,2,107,32,141,79,36,147,50,312,388,61,449,761
12/05/2000,COS,CO,ANM,WE,Towers with Radar,78,40,25,26,169,0,3,98,8,109,78,43,123,34,278,222,42,264,542
12/06/2000,COS,CO,ANM,WE,Towers with Radar,83,51,50,34,218,0,2,152,12,166,83,53,202,46,384,552,69,621,1005
12/07/2000,COS,CO,ANM,WE,Towers with Radar,67,40,27,29,163,0,4,88,5,97,67,44,115,34,260,250,44,294,554
12/08/2000,COS,CO,ANM,WE,Towers with Radar,56,28,40,16,140,0,0,10,0,10,56,28,50,16,150,54,4,58,208
12/09/2000,COS,CO,ANM,WE,Towers with Radar,76,37,24,19,156,0,1,160,4,165,76,38,184,23,321,500,0,500,821
12/10/2000,COS,CO,ANM,WE,Towers with Radar,67,16,21,21,125,0,0,28,1,29,67,16,49,22,154,12,0,12,166
12/11/2000,COS,CO,ANM,WE,Towers with Radar,67,42,19,32,160,0,0,10,0,10,67,42,29,32,170,114,54,168,338
12/12/2000,COS,CO,ANM,WE,Towers with Radar,82,43,24,34,183,0,1,87,6,94,82,44,111,40,277,352,32,384,661
12/13/2000,COS,CO,ANM,WE,Towers with Radar,72,55,26,43,196,0,2,92,12,106,72,57,118,55,302,252,18,270,572
12/14/2000,COS,CO,ANM,WE,Towers with Radar,81,48,25,37,191,0,3,65,17,85,81,51,90,54,276,234,28,262,538
12/15/2000,COS,CO,ANM,WE,Towers with Radar,76,49,18,23,166,0,1,51,4,56,76,50,69,27,222,106,7,113,335
12/16/2000,COS,CO,ANM,WE,Towers with Radar,70,41,21,8,140,0,0,97,2,99,70,41,118,10,239,264,46,310,549
12/17/2000,COS,CO,ANM,WE,Towers with Radar,63,28,14,17,122,0,0,60,1,61,63,28,74,18,183,46,0,46,229
12/18/2000,COS,CO,ANM,WE,Towers with Radar,77,48,30,19,174,0,4,55,5,64,77,52,85,24,238,76,20,96,334
12/19/2000,COS,CO,ANM,WE,Towers with Radar,88,46,40,51,225,0,6,116,7,129,88,52,156,58,354,228,4,232,586
12/20/2000,COS,CO,ANM,WE,Towers with Radar,81,52,32,44,209,0,1,24,2,27,81,53,56,46,236,16,22,38,274
12/21/2000,COS,CO,ANM,WE,Towers with Radar,81,45,41,46,213,0,7,158,9,174,81,52,199,55,387,248,74,322,709
12/22/2000,COS,CO,ANM,WE,Towers with Radar,79,51,37,10,177,0,4,120,3,127,79,55,157,13,304,162,0,162,466
12/23/2000,COS,CO,ANM,WE,Towers with Radar,70,39,28,1,138,0,5,150,0,155,70,44,178,1,293,218,0,218,511
12/24/2000,COS,CO,ANM,WE,Towers with Radar,64,29,15,0,108,0,4,52,0,56,64,33,67,0,164,84,0,84,248
12/25/2000,COS,CO,ANM,WE,Towers with Radar,59,30,0,0,89,0,0,0,0,0,59,30,0,0,89,0,0,0,89
12/26/2000,COS,CO,ANM,WE,Towers with Radar,72,34,33,13,152,0,4,84,7,95,72,38,117,20,247,88,12,100,347
12/27/2000,COS,CO,ANM,WE,Towers with Radar,71,49,38,32,190,0,6,137,7,150,71,55,175,39,340,158,42,200,540
12/28/2000,COS,CO,ANM,WE,Towers with Radar,81,43,35,35,194,0,7,86,5,98,81,50,121,40,292,254,46,300,592
12/29/2000,COS,CO,ANM,WE,Towers with Radar,81,43,25,29,178,0,1,114,5,120,81,44,139,34,298,164,32,196,494
12/30/2000,COS,CO,ANM,WE,Towers with Radar,68,33,21,4,126,0,4,142,3,149,68,37,163,7,275,232,0,232,507
12/31/2000,COS,CO,ANM,WE,Towers with Radar,60,29,19,3,111,0,0,58,0,58,60,29,77,3,169,86,0,86,255
01/01/2001,COS,CO,ANM,WE,Towers with Radar,65,35,28,4,132,1,0,44,0,45,66,35,72,4,177,68,0,68,245
01/02/2001,COS,CO,ANM,WE,Towers with Radar,72,39,23,20,154,0,1,136,5,142,72,40,159,25,296,164,24,188,484
01/03/2001,COS,CO,ANM,WE,Towers with Radar,80,46,25,23,174,0,6,142,7,155,80,52,167,30,329,354,10,364,693
01/04/2001,COS,CO,ANM,WE,Towers with Radar,76,50,27,35,188,1,6,114,5,126,77,56,141,40,314,330,24,354,668
01/05/2001,COS,CO,ANM,WE,Towers with Radar,80,48,24,26,178,0,4,165,14,183,80,52,189,40,361,298,74,372,733
01/06/2001,COS,CO,ANM,WE,Towers with Radar,66,34,16,10,126,1,7,193,8,209,67,41,209,18,335,298,38,336,671
01/07/2001,COS,CO,ANM,WE,Towers with Radar,59,26,25,24,134,1,3,129,1,134,60,29,154,25,268,250,4,254,522
01/08/2001,COS,CO,ANM,WE,Towers with Radar,77,38,12,36,163,1,2,114,6,123,78,40,126,42,286,258,8,266,552
01/09/2001,COS,CO,ANM,WE,Towers with Radar,85,52,23,37,197,1,4,109,5,119,86,56,132,42,316,158,27,185,501
01/10/2001,COS,CO,ANM,WE,Towers with Radar,73,47,40,53,213,0,5,113,34,152,73,52,153,87,365,240,106,346,711
01/11/2001,COS,CO,ANM,WE,Towers with Radar,79,43,47,45,214,1,4,127,18,150,80,47,174,63,364,274,34,308,672
01/12/2001,COS,CO,ANM,WE,Towers with Radar,74,41,39,40,194,1,2,114,9,126,75,43,153,49,320,295,54,349,669
01/13/2001,COS,CO,ANM,WE,Towers with Radar,64,37,10,9,120,1,0,14,0,15,65,37,24,9,135,42,0,42,177
01/14/2001,COS,CO,ANM,WE,Towers with Radar,66,26,45,16,153,1,0,160,2,163,67,26,205,18,316,216,10,226,542
01/15/2001,COS,CO,ANM,WE,Towers with Radar,72,39,38,11,160,0,1,132,0,133,72,40,170,11,293,270,0,270,563
01/16/2001,COS,CO,ANM,WE,Towers with Radar,77,43,10,5,135,0,1,0,0,1,77,44,10,5,136,0,0,0,136
01/17/2001,COS,CO,ANM,WE,Towers with Radar,80,56,32,34,202,0,0,84,13,97,80,56,116,47,299,180,42,222,521
01/18/2001,COS,CO,ANM,WE,Towers with Radar,73,44,49,48,214,0,2,92,8,102,73,46,141,56,316,264,12,276,592
01/19/2001,COS,CO,ANM,WE,Towers with Radar,77,58,28,39,202,0,6,131,11,148,77,64,159,50,350,280,40,320,670
01/20/2001,COS,CO,ANM,WE,Towers with Radar,63,39,20,27,149,0,7,63,5,75,63,46,83,32,224,52,6,58,282
01/21/2001,COS,CO,ANM,WE,Towers with Radar,66,32,27,24,149,0,11,133,5,149,66,43,160,29,298,214,0,214,512
01/22/2001,COS,CO,ANM,WE,Towers with Radar,72,36,50,30,188,0,2,97,11,110,72,38,147,41,298,170,0,170,468
01/23/2001,COS,CO,ANM,WE,Towers with Radar,74,51,39,41,205,0,7,47,7,61,74,58,86,48,266,122,8,130,396
01/24/2001,COS,CO,ANM,WE,Towers with Radar,86,44,50,39,219,0,2,117,6,125,86,46,167,45,344,240,24,264,608
01/25/2001,COS,CO,ANM,WE,Towers with Radar,74,48,18,43,183,0,2,26,3,31,74,50,44,46,214,18,36,54,268
01/26/2001,COS,CO,ANM,WE,Towers with Radar,75,48,34,34,191,0,16,111,16,143,75,64,145,50,334,211,36,247,581
01/27/2001,COS,CO,ANM,WE,Towers with Radar,64,26,8,14,112,0,0,2,0,2,64,26,10,14,114,0,0,0,114
01/28/2001,COS,CO,ANM,WE,Towers with Radar,49,18,10,18,95,0,0,0,0,0,49,18,10,18,95,0,0,0,95
01/29/2001,COS,CO,ANM,WE,Towers with Radar,66,32,30,25,153,0,0,20,4,24,66,32,50,29,177,32,8,40,217
01/30/2001,COS,CO,ANM,WE,Towers with Radar,79,42,31,40,192,0,4,75,6,85,79,46,106,46,277,150,18,168,445
01/31/2001,COS,CO,ANM,WE,Towers with Radar,78,42,37,39,196,0,5,123,19,147,78,47,160,58,343,308,26,334,677
02/01/2001,COS,CO,ANM,WE,Towers with Radar,74,40,26,23,163,0,6,128,13,147,74,46,154,36,310,216,14,230,540
02/02/2001,COS,CO,ANM,WE,Towers with Radar,38,21,14,13,86,3,3,44,0,50,41,24,58,13,136,442,12,454,590
02/03/2001,COS,CO,ANM,WE,Towers with Radar,58,33,19,13,123,0,4,136,11,151,58,37,155,24,274,278,8,286,560
02/04/2001,COS,CO,ANM,WE,Towers with Radar,60,32,28,29,149,0,0,73,9,82,60,32,101,38,231,284,0,284,515
02/05/2001,COS,CO,ANM,WE,Towers with Radar,68,50,23,20,161,0,0,70,5,75,68,50,93,25,236,197,0,197,433
02/06/2001,COS,CO,ANM,WE,Towers with Radar,48,25,28,20,121,0,0,5,2,7,48,25,33,22,128,2,4,6,134
02/07/2001,COS,CO,ANM,WE,Towers with Radar,108,58,72,36,274,0,2,57,6,65,108,60,129,42,339,192,18,210,549
02/08/2001,COS,CO,ANM,WE,Towers with Radar,53,29,18,17,117,18,1,0,0,19,71,30,18,17,136,0,0,0,136
02/09/2001,COS,CO,ANM,WE,Towers with Radar,72,40,29,30,171,3,2,40,12,57,75,42,69,42,228,232,12,244,472
02/10/2001,COS,CO,ANM,WE,Towers with Radar,63,34,25,9,131,0,4,127,6,137,63,38,152,15,268,240,0,240,508
02/11/2001,COS,CO,ANM,WE,Towers with Radar,57,24,26,22,129,0,1,47,2,50,57,25,73,24,179,44,10,54,233
02/12/2001,COS,CO,ANM,WE,Towers with Radar,69,38,35,46,188,0,0,124,12,136,69,38,159,58,324,242,50,292,616
02/13/2001,COS,CO,ANM,WE,Towers with Radar,74,45,33,100,252,0,3,72,15,90,74,48,105,115,342,298,76,374,716
02/14/2001,COS,CO,ANM,WE,Towers with Radar,67,33,16,11,127,0,0,1,1,2,67,33,17,12,129,10,4,14,143
02/15/2001,COS,CO,ANM,WE,Towers with Radar,75,52,53,35,215,0,5,122,19,146,75,57,175,54,361,256,24,280,641
02/16/2001,COS,CO,ANM,WE,Towers with Radar,55,31,21,21,128,0,0,0,0,0,55,31,21,21,128,8,16,24,152
02/17/2001,COS,CO,ANM,WE,Towers with Radar,56,33,38,53,180,0,0,99,6,105,56,33,137,59,285,148,26,174,459
02/18/2001,COS,CO,ANM,WE,Towers with Radar,57,27,33,28,145,0,3,76,3,82,57,30,109,31,227,234,10,244,471
02/19/2001,COS,CO,ANM,WE,Towers with Radar,69,43,26,25,163,0,8,123,1,132,69,51,149,26,295,212,12,224,519
02/20/2001,COS,CO,ANM,WE,Towers with Radar,142,66,48,56,312,0,3,102,5,110,142,69,150,61,422,178,40,218,640
02/21/2001,COS,CO,ANM,WE,Towers with Radar,78,43,39,16,176,0,0,10,1,11,78,43,49,17,187,52,0,52,239
02/22/2001,COS,CO,ANM,WE,Towers with Radar,70,48,36,47,201,0,7,108,14,129,70,55,144,61,330,160,24,184,514
02/23/2001,COS,CO,ANM,WE,Towers with Radar,48,28,31,24,131,0,3,34,3,40,48,31,65,27,171,126,2,128,299
02/24/2001,COS,CO,ANM,WE,Towers with Radar,65,37,27,12,141,13,6,41,0,60,78,43,68,12,201,150,6,156,357
02/25/2001,COS,CO,ANM,WE,Towers with Radar,61,45,27,22,155,0,1,123,2,126,61,46,150,24,281,194,10,204,485
02/26/2001,COS,CO,ANM,WE,Towers with Radar,78,35,22,31,166,0,1,91,3,95,78,36,113,34,261,272,6,278,539
02/27/2001,COS,CO,ANM,WE,Towers with Radar,72,51,9,25,157,0,3,1,0,4,72,54,10,25,161,0,4,4,165
02/28/2001,COS,CO,ANM,WE,Towers with Radar,69,55,33,40,197,0,0,4,3,7,69,55,37,43,204,6,42,48,252
03/01/2001,COS,CO,ANM,WE,Towers with Radar,75,51,39,48,213,1,7,128,15,151,76,58,167,63,364,280,106,386,750
03/02/2001,COS,CO,ANM,WE,Towers with Radar,80,52,45,68,245,0,4,127,11,142,80,56,172,79,387,180,8,188,575
03/03/2001,COS,CO,ANM,WE,Towers with Radar,69,39,34,31,173,0,0,158,0,158,69,39,192,31,331,202,25,227,558
03/04/2001,COS,CO,ANM,WE,Towers with Radar,59,32,31,29,151,0,0,162,5,167,59,32,193,34,318,274,26,300,618
03/05/2001,COS,CO,ANM,WE,Towers with Radar,72,45,40,43,200,1,10,120,5,136,73,55,160,48,336,214,16,230,566
03/06/2001,COS,CO,ANM,WE,Towers with Radar,72,48,38,41,199,1,6,86,10,103,73,54,124,51,302,170,35,205,507
03/07/2001,COS,CO,ANM,WE,Towers with Radar,75,46,32,70,223,1,4,79,16,100,76,50,111,86,323,168,58,226,549
03/08/2001,COS,CO,ANM,WE,Towers with Radar,74,47,56,49,226,1,2,88,9,100,75,49,144,58,326,210,20,230,556
03/09/2001,COS,CO,ANM,WE,Towers with Radar,76,44,54,41,215,0,6,138,10,154,76,50,192,51,369,228,40,268,637
03/10/2001,COS,CO,ANM,WE,Towers with Radar,64,31,13,9,117,0,1,3,0,4,64,32,16,9,121,0,0,0,121
03/11/2001,COS,CO,ANM,WE,Towers with Radar,61,29,16,20,126,0,1,0,0,1,61,30,16,20,127,0,0,0,127
03/12/2001,COS,CO,ANM,WE,Towers with Radar,72,40,38,26,176,0,4,104,2,110,72,44,142,28,286,238,2,240,526
03/13/2001,COS,CO,ANM,WE,Towers with Radar,80,42,32,45,199,0,11,131,11,153,80,53,163,56,352,206,54,260,612
03/14/2001,COS,CO,ANM,WE,Towers with Radar,75,44,25,33,177,0,2,81,13,96,75,46,106,46,273,122,18,140,413
03/15/2001,COS,CO,ANM,WE,Towers with Radar,76,51,45,34,206,0,2,45,4,51,76,53,90,38,257,20,2,22,279
03/16/2001,COS,CO,ANM,WE,Towers with Radar,81,47,33,22,183,0,2,102,9,113,81,49,135,31,296,52,42,94,390
03/17/2001,COS,CO,ANM,WE,Towers with Radar,62,31,5,3,101,0,1,1,0,2,62,32,6,3,103,2,0,2,105
03/18/2001,COS,CO,ANM,WE,Towers with Radar,67,29,22,15,133,0,6,105,1,112,67,35,127,16,245,256,4,260,505
03/19/2001,COS,CO,ANM,WE,Towers with Radar,73,33,43,52,201,0,4,148,8,160,73,37,191,60,361,196,38,234,595
03/20/2001,COS,CO,ANM,WE,Towers with Radar,80,42,20,34,176,0,10,124,16,150,80,52,144,50,326,192,34,226,552
03/21/2001,COS,CO,ANM,WE,Towers with Radar,76,48,45,31,200,0,3,102,13,118,76,51,147,44,318,212,34,246,564
03/22/2001,COS,CO,ANM,WE,Towers with Radar,83,45,34,28,190,0,10,64,23,97,83,55,98,51,287,101,30,131,418
03/23/2001,COS,CO,ANM,WE,Towers with Radar,78,49,43,39,209,0,9,68,7,84,78,58,111,46,293,110,38,148,441
03/24/2001,COS,CO,ANM,WE,Towers with Radar,55,30,16,7,108,0,1,0,0,1,55,31,16,7,109,0,0,0,109
03/25/2001,COS,CO,ANM,WE,Towers with Radar,62,17,34,11,124,0,1,0,0,1,62,18,34,11,125,0,0,0,125
03/26/2001,COS,CO,ANM,WE,Towers with Radar,84,30,24,12,150,0,1,0,0,1,84,31,24,12,151,0,0,0,151
03/27/2001,COS,CO,ANM,WE,Towers with Radar,72,48,32,39,191,0,1,46,3,50,72,49,78,42,241,114,26,140,381
03/28/2001,COS,CO,ANM,WE,Towers with Radar,82,51,40,34,207,0,0,21,1,22,82,51,61,35,229,32,0,32,261
03/29/2001,COS,CO,ANM,WE,Towers with Radar,79,47,43,35,204,0,1,46,5,52,79,48,89,40,256,88,8,96,352
03/30/2001,COS,CO,ANM,WE,Towers with Radar,77,44,31,38,190,0,0,66,0,66,77,44,97,38,256,122,0,122,378
03/31/2001,COS,CO,ANM,WE,Towers with Radar,67,37,45,28,177,0,17,53,1,71,67,54,98,29,248,196,32,228,476
04/01/2001,COS,CO,ANM,WE,Towers with Radar,70,40,26,23,159,0,8,129,3,140,70,48,155,26,299,212,0,212,511
04/02/2001,COS,CO,ANM,WE,Towers with Radar,73,39,20,20,152,0,0,70,1,71,73,39,90,21,223,102,14,116,339
04/03/2001,COS,CO,ANM,WE,Towers with Radar,76,49,35,26,186,0,4,87,10,101,76,53,122,36,287,118,38,156,443
04/04/2001,COS,CO,ANM,WE,Towers with Radar,84,52,49,26,211,0,0,92,6,98,84,52,141,32,309,159,14,173,482
04/05/2001,COS,CO,ANM,WE,Towers with Radar,88,43,30,30,191,0,0,52,6,58,88,43,82,36,249,156,14,170,419
04/06/2001,COS,CO,ANM,WE,Towers with Radar,87,46,14,12,159,0,2,22,7,31,87,48,36,19,190,30,2,32,222
04/07/2001,COS,CO,ANM,WE,Towers with Radar,65,33,25,26,149,0,6,74,6,86,65,39,99,32,235,136,0,136,371
04/08/2001,COS,CO,ANM,WE,Towers with Radar,57,24,24,21,126,12,0,37,1,50,69,24,61,22,176,30,6,36,212
04/09/2001,COS,CO,ANM,WE,Towers with Radar,77,34,49,27,187,0,4,91,2,97,77,38,140,29,284,190,2,192,476
04/10/2001,COS,CO,ANM,WE,Towers with Radar,75,52,22,40,189,0,0,25,9,34,75,52,47,49,223,74,36,110,333
04/11/2001,COS,CO,ANM,WE,Towers with Radar,24,15,12,0,51,0,10,11,0,21,24,25,23,0,72,0,10,10,82
04/12/2001,COS,CO,ANM,WE,Towers with Radar,77,51,41,38,207,0,5,53,7,65,77,56,94,45,272,160,0,160,432
04/13/2001,COS,CO,ANM,WE,Towers with Radar,76,41,32,29,178,1,7,132,23,163,77,48,164,52,341,260,72,332,673
04/14/2001,COS,CO,ANM,WE,Towers with Radar,64,33,25,18,140,0,7,171,5,183,64,40,196,23,323,120,8,128,451
04/15/2001,COS,CO,ANM,WE,Towers with Radar,63,26,9,5,103,0,0,73,1,74,63,26,82,6,177,127,10,137,314
04/16/2001,COS,CO,ANM,WE,Towers with Radar,70,42,28,24,164,0,1,37,1,39,70,43,65,25,203,96,1,97,300
04/17/2001,COS,CO,ANM,WE,Towers with Radar,80,38,55,31,204,0,1,58,5,64,80,39,113,36,268,80,2,82,350
04/18/2001,COS,CO,ANM,WE,Towers with Radar,83,38,52,32,205,0,5,148,36,189,83,43,200,68,394,308,78,386,780
04/19/2001,COS,CO,ANM,WE,Towers with Radar,81,43,39,15,178,0,1,57,11,69,81,44,96,26,247,66,12,78,325
04/20/2001,COS,CO,ANM,WE,Towers with Radar,71,51,20,26,168,0,2,31,5,38,71,53,51,31,206,26,24,50,256
04/21/2001,COS,CO,ANM,WE,Towers with Radar,68,38,11,17,134,0,2,107,8,117,68,40,118,25,251,296,2,298,549
04/22/2001,COS,CO,ANM,WE,Towers with Radar,51,29,21,12,113,16,11,1,0,28,67,40,22,12,141,14,0,14,155
04/23/2001,COS,CO,ANM,WE,Towers with Radar,76,41,34,32,183,0,0,85,27,112,76,41,119,59,295,308,30,338,633
04/24/2001,COS,CO,ANM,WE,Towers with Radar,79,44,26,44,193,0,5,107,7,119,79,49,133,51,312,342,40,382,694
04/25/2001,COS,CO,ANM,WE,Towers with Radar,78,51,39,44,212,0,4,104,17,125,78,55,143,61,337,340,28,368,705
04/26/2001,COS,CO,ANM,WE,Towers with Radar,78,47,36,48,209,0,5,130,18,153,78,52,166,66,362,276,22,298,660
04/27/2001,COS,CO,ANM,WE,Towers with Radar,81,39,38,71,229,0,2,117,5,124,81,41,155,76,353,192,11,203,556
04/28/2001,COS,CO,ANM,WE,Towers with Radar,68,34,41,35,178,0,2,148,14,164,68,36,189,49,342,226,20,246,588
04/29/2001,COS,CO,ANM,WE,Towers with Radar,70,25,32,34,161,0,1,133,1,135,70,26,165,35,296,188,0,188,484
04/30/2001,COS,CO,ANM,WE,Towers with Radar,78,35,29,29,171,0,1,124,6,131,78,36,153,35,302,285,30,315,617
05/01/2001,COS,CO,ANM,WE,Towers with Radar,80,46,23,31,180,2,7,94,2,105,82,53,117,33,285,172,12,184,469
05/02/2001,COS,CO,ANM,WE,Towers with Radar,80,53,43,25,201,2,1,9,1,13,82,54,52,26,214,7,0,7,221
05/03/2001,COS,CO,ANM,WE,Towers with Radar,78,49,30,19,176,2,1,0,0,3,80,50,30,19,179,0,0,0,179
05/04/2001,COS,CO,ANM,WE,Towers with Radar,71,43,8,32,154,2,1,0,0,3,73,44,8,32,157,4,2,6,163
05/05/2001,COS,CO,ANM,WE,Towers with Radar,64,36,35,15,150,1,1,1,0,3,65,37,36,15,153,0,0,0,153
05/06/2001,COS,CO,ANM,WE,Towers with Radar,68,39,35,19,161,2,2,82,0,86,70,41,117,19,247,212,18,230,477
05/07/2001,COS,CO,ANM,WE,Towers with Radar,78,43,43,35,199,0,0,126,3,129,78,43,169,38,328,316,46,362,690
05/08/2001,COS,CO,ANM,WE,Towers with Radar,86,45,38,32,201,1,9,124,18,152,87,54,162,50,353,270,46,316,669
05/09/2001,COS,CO,ANM,WE,Towers with Radar,77,46,40,32,195,1,6,119,22,148,78,52,159,54,343,212,26,238,581
05/10/2001,COS,CO,ANM,WE,Towers with Radar,86,50,45,36,217,14,7,122,11,154,100,57,167,47,371,260,38,298,669
05/11/2001,COS,CO,ANM,WE,Towers with Radar,78,53,42,48,221,2,2,134,2,140,80,55,176,50,361,200,8,208,569
05/12/2001,COS,CO,ANM,WE,Towers with Radar,63,33,43,34,173,2,7,210,11,230,65,40,253,45,403,220,8,228,631
05/13/2001,COS,CO,ANM,WE,Towers with Radar,67,29,22,28,146,2,2,95,7,106,69,31,117,35,252,200,28,228,480
05/14/2001,COS,CO,ANM,WE,Towers with Radar,72,49,40,33,194,2,1,108,5,116,74,50,148,38,310,222,16,238,548
05/15/2001,COS,CO,ANM,WE,Towers with Radar,78,50,42,37,207,2,5,160,18,185,80,55,202,55,392,278,16,294,686
05/16/2001,COS,CO,ANM,WE,Towers with Radar,75,45,49,28,197,2,7,111,12,132,77,52,160,40,329,160,18,178,507
05/17/2001,COS,CO,ANM,WE,Towers with Radar,79,47,50,34,210,0,0,68,0,68,79,47,118,34,278,106,0,106,384
05/18/2001,COS,CO,ANM,WE,Towers with Radar,85,58,52,40,235,0,3,169,1,173,85,61,221,41,408,284,28,312,720
05/19/2001,COS,CO,ANM,WE,Towers with Radar,68,38,52,23,181,2,2,77,6,87,70,40,129,29,268,120,13,133,401
05/20/2001,COS,CO,ANM,WE,Towers with Radar,78,40,41,31,190,2,4,176,9,191,80,44,217,40,381,294,42,336,717
05/21/2001,COS,CO,ANM,WE,Towers with Radar,78,49,51,37,215,2,1,104,4,111,80,50,155,41,326,220,0,220,546
05/22/2001,COS,CO,ANM,WE,Towers with Radar,79,41,49,29,198,2,9,141,11,163,81,50,190,40,361,282,4,286,647
05/23/2001,COS,CO,ANM,WE,Towers with Radar,79,52,47,37,215,0,10,106,29,145,79,62,153,66,360,180,44,224,584
05/24/2001,COS,CO,ANM,WE,Towers with Radar,76,49,56,48,229,2,6,153,13,174,78,55,209,61,403,246,78,324,727
05/25/2001,COS,CO,ANM,WE,Towers with Radar,75,51,43,21,190,2,6,151,12,171,77,57,194,33,361,208,18,226,587
05/26/2001,COS,CO,ANM,WE,Towers with Radar,59,30,19,11,119,2,1,134,7,144,61,31,153,18,263,164,0,164,427
05/27/2001,COS,CO,ANM,WE,Towers with Radar,59,23,27,5,114,2,4,103,0,109,61,27,130,5,223,132,4,136,359
05/28/2001,COS,CO,ANM,WE,Towers with Radar,80,34,20,14,148,2,3,105,7,117,82,37,125,21,265,154,12,166,431
05/29/2001,COS,CO,ANM,WE,Towers with Radar,85,55,48,38,226,0,2,46,17,65,85,57,94,55,291,139,14,153,444
05/30/2001,COS,CO,ANM,WE,Towers with Radar,80,48,42,33,203,0,9,38,33,80,80,57,80,66,283,30,28,58,341
05/31/2001,COS,CO,ANM,WE,Towers with Radar,81,44,40,42,207,1,11,113,6,131,82,55,153,48,338,184,4,188,526
06/01/2001,COS,CO,ANM,WE,Towers with Radar,77,46,37,50,210,2,5,155,0,162,79,51,192,50,372,226,18,244,616
06/02/2001,COS,CO,ANM,WE,Towers with Radar,68,37,31,23,159,1,4,182,1,188,69,41,213,24,347,468,8,476,823
06/03/2001,COS,CO,ANM,WE,Towers with Radar,71,35,42,35,183,8,0,84,0,92,79,35,126,35,275,106,18,124,399
06/04/2001,COS,CO,ANM,WE,Towers with Radar,90,44,36,34,204,1,4,30,0,35,91,48,66,34,239,66,6,72,311
06/05/2001,COS,CO,ANM,WE,Towers with Radar,78,59,56,37,230,1,1,103,1,106,79,60,159,38,336,192,2,194,530
06/06/2001,COS,CO,ANM,WE,Towers with Radar,77,50,52,43,222,1,5,211,13,230,78,55,263,56,452,388,50,438,890
06/07/2001,COS,CO,ANM,WE,Towers with Radar,75,53,28,53,209,1,2,104,11,118,76,55,132,64,327,236,38,274,601
06/08/2001,COS,CO,ANM,WE,Towers with Radar,83,50,47,32,212,1,3,159,15,178,84,53,206,47,390,452,24,476,866
06/09/2001,COS,CO,ANM,WE,Towers with Radar,71,31,23,17,142,1,1,161,16,179,72,32,184,33,321,273,32,305,626
06/10/2001,COS,CO,ANM,WE,Towers with Radar,71,32,32,26,161,1,6,132,2,141,72,38,164,28,302,312,22,334,636
06/11/2001,COS,CO,ANM,WE,Towers with Radar,64,39,38,29,170,10,10,173,0,193,74,49,211,29,363,372,6,378,741
06/12/2001,COS,CO,ANM,WE,Towers with Radar,80,48,47,33,208,0,8,141,0,149,80,56,188,33,357,302,4,306,663
06/13/2001,COS,CO,ANM,WE,Towers with Radar,77,45,41,51,214,1,4,108,10,123,78,49,149,61,337,280,28,308,645
06/14/2001,COS,CO,ANM,WE,Towers with Radar,71,50,54,43,218,1,2,165,11,179,72,52,219,54,397,340,54,394,791
06/15/2001,COS,CO,ANM,WE,Towers with Radar,77,44,47,54,222,1,6,178,9,194,78,50,225,63,416,408,64,472,888
06/16/2001,COS,CO,ANM,WE,Towers with Radar,68,44,38,22,172,1,2,155,31,189,69,46,193,53,361,414,0,414,775
06/17/2001,COS,CO,ANM,WE,Towers with Radar,70,31,48,23,172,0,2,142,2,146,70,33,190,25,318,202,38,240,558
06/18/2001,COS,CO,ANM,WE,Towers with Radar,71,41,41,35,188,2,11,161,12,186,73,52,202,47,374,518,14,532,906
06/19/2001,COS,CO,ANM,WE,Towers with Radar,77,53,53,45,228,0,0,125,20,145,77,53,178,65,373,490,38,528,901
06/20/2001,COS,CO,ANM,WE,Towers with Radar,90,45,55,47,237,0,0,81,34,115,90,45,136,81,352,342,52,394,746
06/21/2001,COS,CO,ANM,WE,Towers with Radar,86,48,55,43,232,0,0,204,0,204,86,48,259,43,436,550,6,556,992
06/22/2001,COS,CO,ANM,WE,Towers with Radar,78,48,47,42,215,0,2,180,5,187,78,50,227,47,402,414,34,448,850
06/23/2001,COS,CO,ANM,WE,Towers with Radar,70,42,33,24,169,1,3,200,7,211,71,45,233,31,380,316,60,376,756
06/24/2001,COS,CO,ANM,WE,Towers with Radar,72,41,41,37,191,0,0,206,2,208,72,41,247,39,399,256,10,266,665
06/25/2001,COS,CO,ANM,WE,Towers with Radar,70,41,40,36,187,11,8,136,18,173,81,49,176,54,360,276,54,330,690
06/26/2001,COS,CO,ANM,WE,Towers with Radar,82,57,45,45,229,1,3,59,134,197,83,60,104,179,426,375,66,441,867
06/27/2001,COS,CO,ANM,WE,Towers with Radar,78,47,46,41,212,0,13,166,22,201,78,60,212,63,413,364,50,414,827
06/28/2001,COS,CO,ANM,WE,Towers with Radar,85,43,60,39,227,1,8,186,10,205,86,51,246,49,432,296,14,310,742
06/29/2001,COS,CO,ANM,WE,Towers with Radar,84,56,54,48,242,0,4,136,19,159,84,60,190,67,401,326,12,338,739
06/30/2001,COS,CO,ANM,WE,Towers with Radar,72,42,43,28,185,1,6,231,8,246,73,48,274,36,431,482,26,508,939
07/01/2001,COS,CO,ANM,WE,Towers with Radar,74,36,44,11,165,0,2,118,5,125,74,38,162,16,290,150,6,156,446
07/02/2001,COS,CO,ANM,WE,Towers with Radar,81,40,40,23,184,0,5,162,4,171,81,45,202,27,355,288,0,288,643
07/03/2001,COS,CO,ANM,WE,Towers with Radar,85,43,48,37,213,0,7,169,25,201,85,50,217,62,414,376,16,392,806
07/04/2001,COS,CO,ANM,WE,Towers with Radar,72,30,24,5,131,0,6,156,2,164,72,36,180,7,295,252,0,252,547
07/05/2001,COS,CO,ANM,WE,Towers with Radar,107,50,65,44,266,0,7,197,11,215,107,57,262,55,481,338,47,385,866
07/06/2001,COS,CO,ANM,WE,Towers with Radar,121,47,40,41,249,0,1,170,6,177,121,48,210,47,426,496,80,576,1002
07/07/2001,COS,CO,ANM,WE,Towers with Radar,75,37,53,8,173,0,0,218,2,220,75,37,271,10,393,356,4,360,753
07/08/2001,COS,CO,ANM,WE,Towers with Radar,115,50,69,11,245,0,1,150,1,152,115,51,219,12,397,176,0,176,573
07/09/2001,COS,CO,ANM,WE,Towers with Radar,87,49,53,19,208,0,1,157,7,165,87,50,210,26,373,258,0,258,631
07/10/2001,COS,CO,ANM,WE,Towers with Radar,87,68,36,17,208,0,4,119,11,134,87,72,155,28,342,366,4,370,712
07/11/2001,COS,CO,ANM,WE,Towers with Radar,78,50,63,30,221,0,4,166,5,175,78,54,229,35,396,460,32,492,888
07/12/2001,COS,CO,ANM,WE,Towers with Radar,88,47,52,27,214,16,15,105,6,142,104,62,157,33,356,303,28,331,687
07/13/2001,COS,CO,ANM,WE,Towers with Radar,84,62,39,16,201,0,4,93,10,107,84,66,132,26,308,271,2,273,581
07/14/2001,COS,CO,ANM,WE,Towers with Radar,78,44,82,25,229,0,2,73,1,76,78,46,155,26,305,182,24,206,511
07/15/2001,COS,CO,ANM,WE,Towers with Radar,79,41,59,13,192,0,0,109,3,112,79,41,168,16,304,204,6,210,514
07/16/2001,COS,CO,ANM,WE,Towers with Radar,77,41,63,17,198,0,1,155,14,170,77,42,218,31,368,340,10,350,718
07/17/2001,COS,CO,ANM,WE,Towers with Radar,86,46,50,27,209,1,8,150,13,172,87,54,200,40,381,283,46,329,710
07/18/2001,COS,CO,ANM,WE,Towers with Radar,87,53,58,31,229,0,0,188,34,222,87,53,246,65,451,224,44,268,719
07/19/2001,COS,CO,ANM,WE,Towers with Radar,88,46,48,29,211,0,10,123,21,154,88,56,171,50,365,256,70,326,691
07/20/2001,COS,CO,ANM,WE,Towers with Radar,87,47,60,26,220,0,4,155,12,171,87,51,215,38,391,221,20,241,632
07/21/2001,COS,CO,ANM,WE,Towers with Radar,77,35,39,21,172,0,2,122,8,132,77,37,161,29,304,186,28,214,518
07/22/2001,COS,CO,ANM,WE,Towers with Radar,72,39,33,8,152,0,1,103,7,111,72,40,136,15,263,152,0,152,415
07/23/2001,COS,CO,ANM,WE,Towers with Radar,84,44,37,25,190,0,2,86,14,102,84,46,123,39,292,150,4,154,446
07/24/2001,COS,CO,ANM,WE,Towers with Radar,88,48,56,27,219,0,7,138,11,156,88,55,194,38,375,192,20,212,587
07/25/2001,COS,CO,ANM,WE,Towers with Radar,87,54,51,29,221,0,7,155,18,180,87,61,206,47,401,326,20,346,747
07/26/2001,COS,CO,ANM,WE,Towers with Radar,87,51,56,41,235,0,9,199,17,225,87,60,255,58,460,526,20,546,1006
07/27/2001,COS,CO,ANM,WE,Towers with Radar,86,48,64,51,249,0,6,198,8,212,86,54,262,59,461,490,24,514,975
07/28/2001,COS,CO,ANM,WE,Towers with Radar,72,53,46,19,190,0,12,195,10,217,72,65,241,29,407,303,12,315,722
07/29/2001,COS,CO,ANM,WE,Towers with Radar,75,31,39,27,172,0,1,131,5,137,75,32,170,32,309,132,0,132,441
07/30/2001,COS,CO,ANM,WE,Towers with Radar,91,47,40,35,213,0,4,179,7,190,91,51,219,42,403,364,4,368,771
07/31/2001,COS,CO,ANM,WE,Towers with Radar,87,45,39,53,224,0,2,181,13,196,87,47,220,66,420,386,68,454,874
08/01/2001,COS,CO,ANM,WE,Towers with Radar,83,58,42,58,241,1,7,178,5,191,84,65,220,63,432,474,84,558,990
08/02/2001,COS,CO,ANM,WE,Towers with Radar,88,56,55,50,249,1,4,184,14,203,89,60,239,64,452,394,58,452,904
08/03/2001,COS,CO,ANM,WE,Towers with Radar,87,54,42,35,218,1,4,168,8,181,88,58,210,43,399,410,2,412,811
08/04/2001,COS,CO,ANM,WE,Towers with Radar,77,42,39,20,178,0,6,150,3,159,77,48,189,23,337,384,14,398,735
08/05/2001,COS,CO,ANM,WE,Towers with Radar,75,37,37,16,165,0,2,125,3,130,75,39,162,19,295,216,8,224,519
08/06/2001,COS,CO,ANM,WE,Towers with Radar,83,41,34,31,189,0,2,122,12,136,83,43,156,43,325,500,26,526,851
08/07/2001,COS,CO,ANM,WE,Towers with Radar,83,52,29,23,187,0,1,130,6,137,83,53,159,29,324,379,4,383,707
08/08/2001,COS,CO,ANM,WE,Towers with Radar,82,46,45,33,206,6,12,159,2,179,88,58,204,35,385,484,16,500,885
08/09/2001,COS,CO,ANM,WE,Towers with Radar,83,54,80,31,248,0,1,59,5,65,83,55,139,36,313,148,8,156,469
08/10/2001,COS,CO,ANM,WE,Towers with Radar,94,49,106,40,289,0,4,112,4,120,94,53,218,44,409,252,2,254,663
08/11/2001,COS,CO,ANM,WE,Towers with Radar,85,52,33,31,201,0,0,167,9,176,85,52,200,40,377,364,18,382,759
08/12/2001,COS,CO,ANM,WE,Towers with Radar,79,30,25,36,170,0,2,126,3,131,79,32,151,39,301,174,0,174,475
08/13/2001,COS,CO,ANM,WE,Towers with Radar,97,52,34,24,207,0,2,111,3,116,97,54,145,27,323,294,4,298,621
08/14/2001,COS,CO,ANM,WE,Towers with Radar,85,54,37,37,213,0,11,152,11,174,85,65,189,48,387,312,31,343,730
08/15/2001,COS,CO,ANM,WE,Towers with Radar,94,47,68,50,259,0,4,164,5,173,94,51,232,55,432,392,28,420,852
08/16/2001,COS,CO,ANM,WE,Towers with Radar,86,43,49,35,213,0,7,162,17,186,86,50,211,52,399,290,22,312,711
08/17/2001,COS,CO,ANM,WE,Towers with Radar,79,50,49,36,214,0,3,163,15,181,79,53,212,51,395,258,12,270,665
08/18/2001,COS,CO,ANM,WE,Towers with Radar,79,36,41,23,179,0,7,141,5,153,79,43,182,28,332,248,8,256,588
08/19/2001,COS,CO,ANM,WE,Towers with Radar,82,37,34,39,192,0,4,123,3,130,82,41,157,42,322,274,26,300,622
08/20/2001,COS,CO,ANM,WE,Towers with Radar,90,51,42,31,214,0,4,136,7,147,90,55,178,38,361,434,32,466,827
08/21/2001,COS,CO,ANM,WE,Towers with Radar,91,48,38,23,200,0,4,170,8,182,91,52,208,31,382,466,12,478,860
08/22/2001,COS,CO,ANM,WE,Towers with Radar,87,57,45,18,207,0,2,153,5,160,87,59,198,23,367,352,14,366,733
08/23/2001,COS,CO,ANM,WE,Towers with Radar,83,57,50,41,231,0,7,173,10,190,83,64,223,51,421,398,58,456,877
08/24/2001,COS,CO,ANM,WE,Towers with Radar,90,47,49,33,219,0,6,205,10,221,90,53,254,43,440,438,18,456,896
08/25/2001,COS,CO,ANM,WE,Towers with Radar,73,36,36,16,161,0,4,135,8,147,73,40,171,24,308,200,6,206,514
08/26/2001,COS,CO,ANM,WE,Towers with Radar,76,39,47,22,184,0,4,160,6,170,76,43,207,28,354,240,0,240,594
08/27/2001,COS,CO,ANM,WE,Towers with Radar,81,41,38,48,208,0,8,153,8,169,81,49,191,56,377,352,34,386,763
08/28/2001,COS,CO,ANM,WE,Towers with Radar,83,50,29,32,194,0,6,158,16,180,83,56,187,48,374,272,24,296,670
08/29/2001,COS,CO,ANM,WE,Towers with Radar,84,54,38,43,219,0,8,147,10,165,84,62,185,53,384,258,14,272,656
08/30/2001,COS,CO,ANM,WE,Towers with Radar,92,50,56,42,240,0,5,157,9,171,92,55,213,51,411,292,28,320,731
08/31/2001,COS,CO,ANM,WE,Towers with Radar,91,61,108,53,313,0,3,71,5,79,91,64,179,58,392,86,8,94,486
09/01/2001,COS,CO,ANM,WE,Towers with Radar,67,47,58,29,201,0,2,156,14,172,67,49,214,43,373,192,44,236,609
09/02/2001,COS,CO,ANM,WE,Towers with Radar,60,33,35,17,145,0,0,118,7,125,60,33,153,24,270,178,24,202,472
09/03/2001,COS,CO,ANM,WE,Towers with Radar,76,39,32,13,160,0,3,158,1,162,76,42,190,14,322,468,8,476,798
09/04/2001,COS,CO,ANM,WE,Towers with Radar,78,42,49,33,202,0,5,147,20,172,78,47,196,53,374,214,66,280,654
09/05/2001,COS,CO,ANM,WE,Towers with Radar,84,62,46,25,217,0,13,121,6,140,84,75,167,31,357,178,2,180,537
09/06/2001,COS,CO,ANM,WE,Towers with Radar,86,47,60,35,228,0,7,127,5,139,86,54,187,40,367,176,12,188,555
09/07/2001,COS,CO,ANM,WE,Towers with Radar,77,55,51,55,238,0,1,91,4,96,77,56,142,59,334,206,6,212,546
09/08/2001,COS,CO,ANM,WE,Towers with Radar,80,35,40,23,178,0,0,25,2,27,80,35,65,25,205,58,10,68,273
09/09/2001,COS,CO,ANM,WE,Towers with Radar,69,31,39,37,176,0,0,161,4,165,69,31,200,41,341,240,18,258,599
09/10/2001,COS,CO,ANM,WE,Towers with Radar,74,41,30,38,183,0,0,91,3,94,74,41,121,41,277,180,22,202,479
09/11/2001,COS,CO,ANM,WE,Towers with Radar,20,9,1,52,82,0,3,11,19,33,20,12,12,71,115,0,2,2,117
09/12/2001,COS,CO,ANM,WE,Towers with Radar,0,6,2,11,19,0,5,6,0,11,0,11,8,11,30,0,0,0,30
09/13/2001,COS,CO,ANM,WE,Towers with Radar,13,46,0,34,93,0,4,7,1,12,13,50,7,35,105,3,0,3,108
09/14/2001,COS,CO,ANM,WE,Towers with Radar,39,62,10,35,146,0,2,17,0,19,39,64,27,35,165,0,0,0,165
09/15/2001,COS,CO,ANM,WE,Towers with Radar,41,45,45,18,149,0,0,2,5,7,41,45,47,23,156,0,0,0,156
09/16/2001,COS,CO,ANM,WE,Towers with Radar,43,33,47,12,135,0,2,0,1,3,43,35,47,13,138,0,0,0,138
09/17/2001,COS,CO,ANM,WE,Towers with Radar,63,47,56,42,208,0,0,0,1,1,63,47,56,43,209,0,0,0,209
09/18/2001,COS,CO,ANM,WE,Towers with Radar,54,42,58,56,210,0,1,5,4,10,54,43,63,60,220,0,0,0,220
09/19/2001,COS,CO,ANM,WE,Towers with Radar,61,51,85,45,242,0,1,5,9,15,61,52,90,54,257,0,0,0,257
09/20/2001,COS,CO,ANM,WE,Towers with Radar,68,38,88,69,263,0,0,25,33,58,68,38,113,102,321,18,62,80,401
09/21/2001,COS,CO,ANM,WE,Towers with Radar,67,44,66,40,217,0,1,121,24,146,67,45,187,64,363,150,18,168,531
09/22/2001,COS,CO,ANM,WE,Towers with Radar,58,38,54,35,185,0,4,122,10,136,58,42,176,45,321,226,46,272,593
09/23/2001,COS,CO,ANM,WE,Towers with Radar,52,31,48,41,172,0,1,122,3,126,52,32,170,44,298,324,4,328,626
09/24/2001,COS,CO,ANM,WE,Towers with Radar,63,36,40,39,178,0,4,144,2,150,63,40,184,41,328,296,24,320,648
09/25/2001,COS,CO,ANM,WE,Towers with Radar,50,35,40,44,169,0,0,97,4,101,50,35,137,48,270,152,48,200,470
09/26/2001,COS,CO,ANM,WE,Towers with Radar,63,54,57,48,222,0,2,223,13,238,63,56,280,61,460,578,46,624,1084
09/27/2001,COS,CO,ANM,WE,Towers with Radar,66,45,77,52,240,0,1,126,12,139,66,46,203,64,379,600,46,646,1025
09/28/2001,COS,CO,ANM,WE,Towers with Radar,72,42,30,59,203,0,6,134,4,144,72,48,164,63,347,542,38,580,927
09/29/2001,COS,CO,ANM,WE,Towers with Radar,63,30,58,19,170,0,5,133,8,146,63,35,191,27,316,376,10,386,702
09/30/2001,COS,CO,ANM,WE,Towers with Radar,58,32,39,16,145,0,5,105,4,114,58,37,144,20,259,204,0,204,463
10/01/2001,COS,CO,ANM,WE,Towers with Radar,57,47,40,29,173,2,0,99,8,109,59,47,139,37,282,440,6,446,728
10/02/2001,COS,CO,ANM,WE,Towers with Radar,63,48,46,64,221,1,1,122,12,136,64,49,168,76,357,584,42,626,983
10/03/2001,COS,CO,ANM,WE,Towers with Radar,67,43,41,36,187,1,0,178,26,205,68,43,219,62,392,648,38,686,1078
10/04/2001,COS,CO,ANM,WE,Towers with Radar,65,52,60,53,230,1,1,144,17,163,66,53,204,70,393,578,84,662,1055
10/05/2001,COS,CO,ANM,WE,Towers with Radar,62,52,45,41,200,0,0,58,23,81,62,52,103,64,281,674,0,674,955
10/06/2001,COS,CO,ANM,WE,Towers with Radar,59,39,44,27,169,2,2,154,5,163,61,41,198,32,332,316,0,316,648
10/07/2001,COS,CO,ANM,WE,Towers with Radar,52,31,29,40,152,2,0,88,0,90,54,31,117,40,242,220,0,220,462
10/08/2001,COS,CO,ANM,WE,Towers with Radar,74,48,69,7,198,1,0,149,2,152,75,48,218,9,350,478,14,492,842
10/09/2001,COS,CO,ANM,WE,Towers with Radar,66,53,45,25,189,1,0,126,14,141,67,53,171,39,330,390,66,456,786
10/10/2001,COS,CO,ANM,WE,Towers with Radar,63,50,64,48,225,1,1,149,12,163,64,51,213,60,388,332,30,362,750
10/11/2001,COS,CO,ANM,WE,Towers with Radar,72,55,59,62,248,1,1,151,18,171,73,56,210,80,419,338,50,388,807
10/12/2001,COS,CO,ANM,WE,Towers with Radar,59,61,45,28,193,1,2,51,9,63,60,63,96,37,256,192,0,192,448
10/13/2001,COS,CO,ANM,WE,Towers with Radar,57,39,44,47,187,1,2,116,25,144,58,41,160,72,331,160,28,188,519
10/14/2001,COS,CO,ANM,WE,Towers with Radar,49,35,50,30,164,1,2,158,5,166,50,37,208,35,330,354,0,354,684
10/15/2001,COS,CO,ANM,WE,Towers with Radar,60,48,26,25,159,1,0,125,3,129,61,48,151,28,288,410,28,438,726
10/16/2001,COS,CO,ANM,WE,Towers with Radar,65,54,43,26,188,1,0,191,11,203,66,54,234,37,391,328,52,380,771
10/17/2001,COS,CO,ANM,WE,Towers with Radar,62,50,50,27,189,2,4,177,17,200,64,54,227,44,389,315,26,341,730
10/18/2001,COS,CO,ANM,WE,Towers with Radar,66,48,41,45,200,2,2,151,11,166,68,50,192,56,366,326,18,344,710
10/19/2001,COS,CO,ANM,WE,Towers with Radar,64,51,37,46,198,2,2,169,3,176,66,53,206,49,374,284,2,286,660
10/20/2001,COS,CO,ANM,WE,Towers with Radar,53,39,37,35,164,10,0,203,18,231,63,39,240,53,395,284,20,304,699
10/21/2001,COS,CO,ANM,WE,Towers with Radar,53,36,31,29,149,2,1,144,0,147,55,37,175,29,296,348,0,348,644
10/22/2001,COS,CO,ANM,WE,Towers with Radar,64,45,32,46,187,2,4,114,22,142,66,49,146,68,329,180,16,196,525
10/23/2001,COS,CO,ANM,WE,Towers with Radar,61,52,28,30,171,2,7,77,17,103,63,59,105,47,274,170,24,194,468
10/24/2001,COS,CO,ANM,WE,Towers with Radar,0,35,29,28,92,0,23,107,36,166,0,58,136,64,258,210,24,234,492
10/25/2001,COS,CO,ANM,WE,Towers with Radar,62,44,35,46,187,1,7,166,20,194,63,51,201,66,381,346,24,370,751
10/26/2001,COS,CO,ANM,WE,Towers with Radar,60,49,21,44,174,1,5,139,7,152,61,54,160,51,326,180,0,180,506
10/27/2001,COS,CO,ANM,WE,Towers with Radar,51,39,23,14,127,1,1,198,2,202,52,40,221,16,329,406,12,418,747
10/28/2001,COS,CO,ANM,WE,Towers with Radar,43,40,23,24,130,1,0,145,0,146,44,40,168,24,276,304,0,304,580
10/29/2001,COS,CO,ANM,WE,Towers with Radar,49,51,18,31,149,1,6,151,10,168,50,57,169,41,317,330,28,358,675
10/30/2001,COS,CO,ANM,WE,Towers with Radar,59,57,36,46,198,1,8,154,14,177,60,65,190,60,375,316,33,349,724
10/31/2001,COS,CO,ANM,WE,Towers with Radar,57,53,30,14,154,1,0,38,0,39,58,53,68,14,193,18,0,18,211
11/01/2001,COS,CO,ANM,WE,Towers with Radar,64,56,38,48,206,1,1,177,23,202,65,57,215,71,408,470,38,508,916
11/02/2001,COS,CO,ANM,WE,Towers with Radar,60,61,44,34,199,1,3,194,18,216,61,64,238,52,415,408,24,432,847
11/03/2001,COS,CO,ANM,WE,Towers with Radar,58,43,31,29,161,1,1,107,25,134,59,44,138,54,295,138,20,158,453
11/04/2001,COS,CO,ANM,WE,Towers with Radar,50,45,33,38,166,1,0,144,10,155,51,45,177,48,321,310,8,318,639
11/05/2001,COS,CO,ANM,WE,Towers with Radar,55,63,25,40,183,1,1,139,14,155,56,64,164,54,338,578,4,582,920
11/06/2001,COS,CO,ANM,WE,Towers with Radar,47,42,27,25,141,1,7,130,10,148,48,49,157,35,289,498,83,581,870
11/07/2001,COS,CO,ANM,WE,Towers with Radar,57,50,32,28,167,1,0,134,10,145,58,50,166,38,312,520,34,554,866
11/08/2001,COS,CO,ANM,WE,Towers with Radar,72,49,51,15,187,1,0,4,1,6,73,49,55,16,193,20,0,20,213
11/09/2001,COS,CO,ANM,WE,Towers with Radar,63,60,59,38,220,1,1,177,17,196,64,61,236,55,416,570,30,600,1016
11/10/2001,COS,CO,ANM,WE,Towers with Radar,56,50,40,34,180,0,0,208,18,226,56,50,248,52,406,510,22,532,938
11/11/2001,COS,CO,ANM,WE,Towers with Radar,54,43,58,9,164,1,0,164,3,168,55,43,222,12,332,330,4,334,666
11/12/2001,COS,CO,ANM,WE,Towers with Radar,59,53,37,13,162,1,5,159,1,166,60,58,196,14,328,676,0,676,1004
11/13/2001,COS,CO,ANM,WE,Towers with Radar,63,58,49,41,211,0,0,137,9,146,63,58,186,50,357,538,40,578,935
11/14/2001,COS,CO,ANM,WE,Towers with Radar,62,59,46,23,190,0,2,105,5,112,62,61,151,28,302,276,4,280,582
11/15/2001,COS,CO,ANM,WE,Towers with Radar,68,66,60,42,236,0,9,130,21,160,68,75,190,63,396,410,30,440,836
11/16/2001,COS,CO,ANM,WE,Towers with Radar,60,54,41,40,195,0,3,55,5,63,60,57,96,45,258,178,0,178,436
11/17/2001,COS,CO,ANM,WE,Towers with Radar,62,42,64,35,203,0,3,140,15,158,62,45,204,50,361,464,50,514,875
11/18/2001,COS,CO,ANM,WE,Towers with Radar,49,37,43,23,152,0,1,65,3,69,49,38,108,26,221,232,0,232,453
11/19/2001,COS,CO,ANM,WE,Towers with Radar,59,55,46,37,197,0,0,126,7,133,59,55,172,44,330,376,28,404,734
11/20/2001,COS,CO,ANM,WE,Towers with Radar,65,51,33,30,179,0,5,162,8,175,65,56,195,38,354,496,58,554,908
11/21/2001,COS,CO,ANM,WE,Towers with Radar,59,55,46,37,197,0,0,126,7,133,59,55,172,44,330,376,28,404,734
11/22/2001,COS,CO,ANM,WE,Towers with Radar,43,36,6,1,86,0,1,58,0,59,43,37,64,1,145,56,0,56,201
11/23/2001,COS,CO,ANM,WE,Towers with Radar,43,48,14,4,109,0,1,11,0,12,43,49,25,4,121,48,0,48,169
11/24/2001,COS,CO,ANM,WE,Towers with Radar,43,38,30,10,121,6,9,119,0,134,49,47,149,10,255,256,4,260,515
11/25/2001,COS,CO,ANM,WE,Towers with Radar,53,42,49,10,154,0,1,65,3,69,53,43,114,13,223,114,0,114,337
11/26/2001,COS,CO,ANM,WE,Towers with Radar,54,53,42,41,190,0,1,40,1,42,54,54,82,42,232,116,8,124,356
11/27/2001,COS,CO,ANM,WE,Towers with Radar,63,63,27,67,220,0,0,40,1,41,63,63,67,68,261,130,50,180,441
11/28/2001,COS,CO,ANM,WE,Towers with Radar,55,59,31,63,208,0,0,147,54,201,55,59,178,117,409,198,66,264,673
11/29/2001,COS,CO,ANM,WE,Towers with Radar,58,64,51,66,239,0,2,134,12,148,58,66,185,78,387,384,16,400,787
11/30/2001,COS,CO,ANM,WE,Towers with Radar,64,67,71,67,269,0,0,169,22,191,64,67,240,89,460,298,66,364,824
12/01/2001,COS,CO,ANM,WE,Towers with Radar,54,43,45,28,170,1,2,166,24,193,55,45,211,52,363,428,32,460,823
12/02/2001,COS,CO,ANM,WE,Towers with Radar,49,40,16,26,131,1,0,140,1,142,50,40,156,27,273,294,0,294,567
12/03/2001,COS,CO,ANM,WE,Towers with Radar,51,49,36,37,173,1,1,134,2,138,52,50,170,39,311,372,36,408,719
12/04/2001,COS,CO,ANM,WE,Towers with Radar,59,60,25,37,181,1,3,171,10,185,60,63,196,47,366,432,14,446,812
12/05/2001,COS,CO,ANM,WE,Towers with Radar,60,70,32,30,192,1,1,137,11,150,61,71,169,41,342,210,6,216,558
12/06/2001,COS,CO,ANM,WE,Towers with Radar,60,61,41,57,219,1,1,117,9,128,61,62,158,66,347,266,48,314,661
12/07/2001,COS,CO,ANM,WE,Towers with Radar,60,56,26,38,180,1,1,157,9,168,61,57,183,47,348,268,8,276,624
12/08/2001,COS,CO,ANM,WE,Towers with Radar,56,42,28,21,147,1,1,183,8,193,57,43,211,29,340,308,22,330,670
12/09/2001,COS,CO,ANM,WE,Towers with Radar,49,38,34,18,139,1,0,156,0,157,50,38,190,18,296,340,4,344,640
12/10/2001,COS,CO,ANM,WE,Towers with Radar,41,32,18,32,123,1,0,132,6,139,42,32,150,38,262,226,8,234,496
12/11/2001,COS,CO,ANM,WE,Towers with Radar,55,57,34,32,178,0,0,101,19,120,55,57,135,51,298,250,21,271,569
12/12/2001,COS,CO,ANM,WE,Towers with Radar,63,64,24,55,206,1,0,26,1,28,64,64,50,56,234,134,22,156,390
12/13/2001,COS,CO,ANM,WE,Towers with Radar,62,57,52,78,249,1,2,156,10,169,63,59,208,88,418,318,92,410,828
12/14/2001,COS,CO,ANM,WE,Towers with Radar,57,61,33,33,184,1,0,145,9,155,58,61,178,42,339,280,18,298,637
12/15/2001,COS,CO,ANM,WE,Towers with Radar,54,41,20,16,131,1,0,111,5,117,55,41,131,21,248,210,20,230,478
12/16/2001,COS,CO,ANM,WE,Towers with Radar,45,44,32,21,142,1,0,106,2,109,46,44,138,23,251,410,6,416,667
12/17/2001,COS,CO,ANM,WE,Towers with Radar,55,55,37,44,191,1,0,121,36,158,56,55,158,80,349,256,78,334,683
12/18/2001,COS,CO,ANM,WE,Towers with Radar,65,61,34,38,198,1,1,88,11,101,66,62,122,49,299,92,4,96,395
12/19/2001,COS,CO,ANM,WE,Towers with Radar,59,65,37,34,195,0,9,135,34,178,59,74,172,68,373,188,4,192,565
12/20/2001,COS,CO,ANM,WE,Towers with Radar,70,64,31,34,199,1,1,139,5,146,71,65,170,39,345,318,18,336,681
12/21/2001,COS,CO,ANM,WE,Towers with Radar,65,59,37,22,183,1,0,51,1,53,66,59,88,23,236,68,0,68,304
12/22/2001,COS,CO,ANM,WE,Towers with Radar,53,46,27,7,133,0,0,86,1,87,53,46,113,8,220,128,0,128,348
12/23/2001,COS,CO,ANM,WE,Towers with Radar,49,42,34,2,127,0,0,87,0,87,49,42,121,2,214,146,0,146,360
12/24/2001,COS,CO,ANM,WE,Towers with Radar,51,46,10,4,111,0,1,89,2,92,51,47,99,6,203,132,2,134,337
12/25/2001,COS,CO,ANM,WE,Towers with Radar,51,43,8,2,104,0,0,42,0,42,51,43,50,2,146,0,0,0,146
12/26/2001,COS,CO,ANM,WE,Towers with Radar,60,54,31,13,158,0,3,120,1,124,60,57,151,14,282,184,32,216,498
12/27/2001,COS,CO,ANM,WE,Towers with Radar,67,61,21,23,172,0,0,134,12,146,67,61,155,35,318,194,0,194,512
12/28/2001,COS,CO,ANM,WE,Towers with Radar,65,64,18,26,173,0,1,64,2,67,65,65,82,28,240,40,2,42,282
12/29/2001,COS,CO,ANM,WE,Towers with Radar,54,45,47,10,156,0,2,30,0,32,54,47,77,10,188,12,0,12,200
12/30/2001,COS,CO,ANM,WE,Towers with Radar,48,55,31,4,138,0,0,3,0,3,48,55,34,4,141,10,0,10,151
12/31/2001,COS,CO,ANM,WE,Towers with Radar,62,49,28,9,148,0,6,107,0,113,62,55,135,9,261,180,0,180,441
01/01/2002,COS,CO,ANM,WE,Towers with Radar,50,32,17,0,99,0,0,5,0,5,50,32,22,0,104,0,0,0,104
01/02/2002,COS,CO,ANM,WE,Towers with Radar,62,54,30,14,160,0,1,80,2,83,62,55,110,16,243,148,8,156,399
01/03/2002,COS,CO,ANM,WE,Towers with Radar,56,44,26,35,161,0,4,93,5,102,56,48,119,40,263,280,22,302,565
01/04/2002,COS,CO,ANM,WE,Towers with Radar,49,42,31,16,138,0,0,142,1,143,49,42,173,17,281,84,0,84,365
01/05/2002,COS,CO,ANM,WE,Towers with Radar,60,48,19,14,141,0,1,134,0,135,60,49,153,14,276,202,7,209,485
01/06/2002,COS,CO,ANM,WE,Towers with Radar,50,44,40,11,145,0,7,140,2,149,50,51,180,13,294,264,0,264,558
01/07/2002,COS,CO,ANM,WE,Towers with Radar,52,50,12,31,145,0,1,98,16,115,52,51,110,47,260,224,16,240,500
01/08/2002,COS,CO,ANM,WE,Towers with Radar,61,60,19,33,173,0,1,116,11,128,61,61,135,44,301,268,6,274,575
01/09/2002,COS,CO,ANM,WE,Towers with Radar,65,59,48,35,207,0,2,130,17,149,65,61,178,52,356,194,16,210,566
01/10/2002,COS,CO,ANM,WE,Towers with Radar,71,61,34,38,204,0,1,73,4,78,71,62,107,42,282,188,16,204,486
01/11/2002,COS,CO,ANM,WE,Towers with Radar,62,54,40,47,203,0,3,168,28,199,62,57,208,75,402,210,6,216,618
01/12/2002,COS,CO,ANM,WE,Towers with Radar,57,40,30,32,159,0,4,158,18,180,57,44,188,50,339,346,18,364,703
01/13/2002,COS,CO,ANM,WE,Towers with Radar,50,42,11,32,135,0,1,38,0,39,50,43,49,32,174,38,0,38,212
01/14/2002,COS,CO,ANM,WE,Towers with Radar,54,56,21,40,171,0,4,152,3,159,54,60,173,43,330,326,16,342,672
01/15/2002,COS,CO,ANM,WE,Towers with Radar,63,59,36,28,186,0,3,132,10,145,63,62,168,38,331,334,0,334,665
01/16/2002,COS,CO,ANM,WE,Towers with Radar,67,68,21,36,192,0,1,27,9,37,67,69,48,45,229,138,4,142,371
01/17/2002,COS,CO,ANM,WE,Towers with Radar,65,68,41,31,205,0,2,161,12,175,65,70,202,43,380,492,12,504,884
01/18/2002,COS,CO,ANM,WE,Towers with Radar,64,58,43,39,204,0,2,92,15,109,64,60,135,54,313,262,0,262,575
01/19/2002,COS,CO,ANM,WE,Towers with Radar,58,45,19,12,134,0,4,150,9,163,58,49,169,21,297,334,6,340,637
01/20/2002,COS,CO,ANM,WE,Towers with Radar,50,49,25,17,141,0,2,72,0,74,50,51,97,17,215,20,12,32,247
01/21/2002,COS,CO,ANM,WE,Towers with Radar,56,55,33,16,160,0,5,98,1,104,56,60,131,17,264,538,12,550,814
01/22/2002,COS,CO,ANM,WE,Towers with Radar,61,56,21,19,157,0,1,73,4,78,61,57,94,23,235,106,6,112,347
01/23/2002,COS,CO,ANM,WE,Towers with Radar,56,63,20,30,169,0,0,12,3,15,56,63,32,33,184,64,18,82,266
01/24/2002,COS,CO,ANM,WE,Towers with Radar,65,58,32,30,185,0,0,127,23,150,65,58,159,53,335,420,26,446,781
01/25/2002,COS,CO,ANM,WE,Towers with Radar,62,62,28,57,209,0,1,151,11,163,62,63,179,68,372,402,34,436,808
01/26/2002,COS,CO,ANM,WE,Towers with Radar,56,49,20,20,145,0,7,204,16,227,56,56,224,36,372,226,10,236,608
01/27/2002,COS,CO,ANM,WE,Towers with Radar,48,44,26,21,139,0,0,95,3,98,48,44,121,24,237,270,5,275,512
01/28/2002,COS,CO,ANM,WE,Towers with Radar,57,54,19,36,166,0,0,48,8,56,57,54,67,44,222,242,16,258,480
01/29/2002,COS,CO,ANM,WE,Towers with Radar,58,74,28,22,182,0,0,98,6,104,58,74,126,28,286,288,24,312,598
01/30/2002,COS,CO,ANM,WE,Towers with Radar,59,72,32,37,200,0,0,19,4,23,59,72,51,41,223,64,12,76,299
01/31/2002,COS,CO,ANM,WE,Towers with Radar,62,86,32,24,204,0,3,101,5,109,62,89,133,29,313,242,58,300,613
02/01/2002,COS,CO,ANM,WE,Towers with Radar,63,65,42,27,197,1,1,200,10,212,64,66,242,37,409,492,0,492,901
02/02/2002,COS,CO,ANM,WE,Towers with Radar,53,50,38,18,159,1,5,182,2,190,54,55,220,20,349,500,0,500,849
02/03/2002,COS,CO,ANM,WE,Towers with Radar,49,46,45,7,147,1,2,163,2,168,50,48,208,9,315,284,42,326,641
02/04/2002,COS,CO,ANM,WE,Towers with Radar,57,51,32,23,163,1,1,82,3,87,58,52,114,26,250,134,12,146,396
02/05/2002,COS,CO,ANM,WE,Towers with Radar,58,58,31,29,176,0,2,110,6,118,58,60,141,35,294,470,60,530,824
02/06/2002,COS,CO,ANM,WE,Towers with Radar,60,58,34,31,183,1,2,113,17,133,61,60,147,48,316,242,48,290,606
02/07/2002,COS,CO,ANM,WE,Towers with Radar,67,65,46,45,223,1,1,173,17,192,68,66,219,62,415,338,30,368,783
02/08/2002,COS,CO,ANM,WE,Towers with Radar,62,65,62,51,240,1,0,108,16,125,63,65,170,67,365,210,30,240,605
02/09/2002,COS,CO,ANM,WE,Towers with Radar,58,45,20,8,131,1,1,7,0,9,59,46,27,8,140,0,0,0,140
02/10/2002,COS,CO,ANM,WE,Towers with Radar,51,52,51,22,176,1,0,184,5,190,52,52,235,27,366,238,4,242,608
02/11/2002,COS,CO,ANM,WE,Towers with Radar,54,63,62,30,209,1,0,139,10,150,55,63,201,40,359,366,0,366,725
02/12/2002,COS,CO,ANM,WE,Towers with Radar,61,70,68,33,232,1,1,148,11,161,62,71,216,44,393,388,4,392,785
02/13/2002,COS,CO,ANM,WE,Towers with Radar,63,68,54,30,215,0,0,167,18,185,63,68,221,48,400,360,2,362,762
02/14/2002,COS,CO,ANM,WE,Towers with Radar,63,74,58,36,231,0,7,87,24,118,63,81,145,60,349,166,18,184,533
02/15/2002,COS,CO,ANM,WE,Towers with Radar,64,71,73,58,266,0,6,137,9,152,64,77,210,67,418,516,98,614,1032
02/16/2002,COS,CO,ANM,WE,Towers with Radar,57,59,72,17,205,0,3,258,8,269,57,62,330,25,474,402,54,456,930
02/17/2002,COS,CO,ANM,WE,Towers with Radar,54,52,63,11,180,0,5,114,5,124,54,57,177,16,304,186,16,202,506
02/18/2002,COS,CO,ANM,WE,Towers with Radar,58,62,65,14,199,0,1,100,12,113,58,63,165,26,312,358,26,384,696
02/19/2002,COS,CO,ANM,WE,Towers with Radar,67,71,54,35,227,0,1,106,23,130,67,72,160,58,357,258,28,286,643
02/20/2002,COS,CO,ANM,WE,Towers with Radar,64,75,46,24,209,0,0,129,29,158,64,75,175,53,367,268,24,292,659
02/21/2002,COS,CO,ANM,WE,Towers with Radar,66,71,59,42,238,0,4,121,42,167,66,75,180,84,405,228,34,262,667
02/22/2002,COS,CO,ANM,WE,Towers with Radar,65,69,67,36,237,0,6,121,13,140,65,75,188,49,377,408,24,432,809
02/23/2002,COS,CO,ANM,WE,Towers with Radar,57,58,37,17,169,0,3,148,33,184,57,61,185,50,353,274,14,288,641
02/24/2002,COS,CO,ANM,WE,Towers with Radar,56,47,35,43,181,0,1,29,13,43,56,48,64,56,224,90,8,98,322
02/25/2002,COS,CO,ANM,WE,Towers with Radar,58,52,12,27,149,0,0,10,0,10,58,52,22,27,159,8,32,40,199
02/26/2002,COS,CO,ANM,WE,Towers with Radar,67,54,21,40,182,0,2,115,20,137,67,56,136,60,319,320,54,374,693
02/27/2002,COS,CO,ANM,WE,Towers with Radar,68,66,24,48,206,0,1,94,9,104,68,67,118,57,310,146,40,186,496
02/28/2002,COS,CO,ANM,WE,Towers with Radar,67,63,39,28,197,0,7,118,6,131,67,70,157,34,328,290,32,322,650
03/01/2002,COS,CO,ANM,WE,Towers with Radar,61,62,17,15,155,2,0,1,0,3,63,62,18,15,158,2,0,2,160
03/02/2002,COS,CO,ANM,WE,Towers with Radar,51,52,17,27,147,0,0,78,8,86,51,52,95,35,233,238,12,250,483
03/03/2002,COS,CO,ANM,WE,Towers with Radar,56,49,23,26,154,0,0,114,2,116,56,49,137,28,270,178,0,178,448
03/04/2002,COS,CO,ANM,WE,Towers with Radar,64,56,41,29,190,0,0,135,7,142,64,56,176,36,332,316,10,326,658
03/05/2002,COS,CO,ANM,WE,Towers with Radar,66,69,28,29,192,0,0,123,16,139,66,69,151,45,331,160,24,184,515
03/06/2002,COS,CO,ANM,WE,Towers with Radar,71,73,49,30,223,1,2,192,7,202,72,75,241,37,425,410,4,414,839
03/07/2002,COS,CO,ANM,WE,Towers with Radar,75,71,38,31,215,1,2,92,7,102,76,73,130,38,317,166,6,172,489
03/08/2002,COS,CO,ANM,WE,Towers with Radar,116,99,51,45,311,1,0,54,7,62,117,99,105,52,373,126,38,164,537
03/09/2002,COS,CO,ANM,WE,Towers with Radar,52,62,40,46,200,1,0,190,29,220,53,62,230,75,420,480,4,484,904
03/10/2002,COS,CO,ANM,WE,Towers with Radar,58,53,38,49,198,0,0,194,25,219,58,53,232,74,417,408,32,440,857
03/11/2002,COS,CO,ANM,WE,Towers with Radar,61,58,26,25,170,0,2,148,4,154,61,60,174,29,324,324,4,328,652
03/12/2002,COS,CO,ANM,WE,Towers with Radar,68,76,37,30,211,0,0,175,18,193,68,76,212,48,404,546,38,584,988
03/13/2002,COS,CO,ANM,WE,Towers with Radar,68,67,29,48,212,0,6,184,8,198,68,73,213,56,410,406,60,466,876
03/14/2002,COS,CO,ANM,WE,Towers with Radar,68,80,43,30,221,1,0,51,6,58,69,80,94,36,279,130,10,140,419
03/15/2002,COS,CO,ANM,WE,Towers with Radar,64,77,38,30,209,0,2,12,0,14,64,79,50,30,223,54,4,58,281
03/16/2002,COS,CO,ANM,WE,Towers with Radar,61,59,33,15,168,0,2,81,1,84,61,61,114,16,252,160,0,160,412
03/17/2002,COS,CO,ANM,WE,Towers with Radar,52,54,43,11,160,1,2,175,12,190,53,56,218,23,350,152,0,152,502
03/18/2002,COS,CO,ANM,WE,Towers with Radar,64,63,47,24,198,1,0,118,7,126,65,63,165,31,324,330,4,334,658
03/19/2002,COS,CO,ANM,WE,Towers with Radar,61,74,38,32,205,0,10,129,13,152,61,84,167,45,357,274,30,304,661
03/20/2002,COS,CO,ANM,WE,Towers with Radar,68,84,45,38,235,0,0,139,46,185,68,84,184,84,420,362,66,428,848
03/21/2002,COS,CO,ANM,WE,Towers with Radar,73,78,40,33,224,0,4,69,9,82,73,82,109,42,306,150,26,176,482
03/22/2002,COS,CO,ANM,WE,Towers with Radar,66,68,48,49,231,1,0,193,9,203,67,68,241,58,434,404,16,420,854
03/23/2002,COS,CO,ANM,WE,Towers with Radar,55,59,26,21,161,1,2,133,9,145,56,61,159,30,306,116,0,116,422
03/24/2002,COS,CO,ANM,WE,Towers with Radar,47,50,25,20,142,10,2,49,0,61,57,52,74,20,203,216,0,216,419
03/25/2002,COS,CO,ANM,WE,Towers with Radar,52,56,28,16,152,5,14,8,0,27,57,70,36,16,179,0,0,0,179
03/26/2002,COS,CO,ANM,WE,Towers with Radar,71,74,38,32,215,0,0,136,76,212,71,74,174,108,427,388,56,444,871
03/27/2002,COS,CO,ANM,WE,Towers with Radar,58,61,31,22,172,9,14,55,0,78,67,75,86,22,250,30,4,34,284
03/28/2002,COS,CO,ANM,WE,Towers with Radar,71,78,32,16,197,1,3,114,5,123,72,81,146,21,320,206,2,208,528
03/29/2002,COS,CO,ANM,WE,Towers with Radar,60,73,34,30,197,1,0,168,10,179,61,73,202,40,376,290,34,324,700
03/30/2002,COS,CO,ANM,WE,Towers with Radar,49,59,32,10,150,1,5,156,2,164,50,64,188,12,314,234,6,240,554
03/31/2002,COS,CO,ANM,WE,Towers with Radar,56,50,25,3,134,0,0,104,6,110,56,50,129,9,244,122,0,122,366
04/01/2002,COS,CO,ANM,WE,Towers with Radar,61,59,35,17,172,1,0,68,12,81,62,59,103,29,253,100,0,100,353
04/02/2002,COS,CO,ANM,WE,Towers with Radar,72,73,23,24,192,0,0,12,3,15,72,73,35,27,207,46,2,48,255
04/03/2002,COS,CO,ANM,WE,Towers with Radar,68,73,47,27,215,0,0,160,17,177,68,73,207,44,392,270,10,280,672
04/04/2002,COS,CO,ANM,WE,Towers with Radar,71,71,29,33,204,0,0,180,15,195,71,71,209,48,399,270,16,286,685
04/05/2002,COS,CO,ANM,WE,Towers with Radar,68,69,43,36,216,0,1,156,10,167,68,70,199,46,383,306,6,312,695
04/06/2002,COS,CO,ANM,WE,Towers with Radar,55,56,30,23,164,2,5,155,16,178,57,61,185,39,342,360,0,360,702
04/07/2002,COS,CO,ANM,WE,Towers with Radar,55,59,41,28,183,0,6,56,15,77,55,65,97,43,260,122,10,132,392
04/08/2002,COS,CO,ANM,WE,Towers with Radar,59,62,52,33,206,0,0,86,11,97,59,62,138,44,303,212,12,224,527
04/09/2002,COS,CO,ANM,WE,Towers with Radar,71,69,40,31,211,0,0,141,19,160,71,69,181,50,371,298,18,316,687
04/10/2002,COS,CO,ANM,WE,Towers with Radar,68,69,38,29,204,3,10,111,3,127,71,79,149,32,331,214,8,222,553
04/11/2002,COS,CO,ANM,WE,Towers with Radar,70,74,44,54,242,0,0,135,9,144,70,74,179,63,386,298,40,338,724
04/12/2002,COS,CO,ANM,WE,Towers with Radar,75,68,30,42,215,0,0,131,15,146,75,68,161,57,361,156,44,200,561
04/13/2002,COS,CO,ANM,WE,Towers with Radar,53,59,25,31,168,0,3,233,32,268,53,62,258,63,436,408,54,462,898
04/14/2002,COS,CO,ANM,WE,Towers with Radar,59,51,49,21,180,0,0,134,33,167,59,51,183,54,347,336,8,344,691
04/15/2002,COS,CO,ANM,WE,Towers with Radar,60,59,32,26,177,2,2,64,10,78,62,61,96,36,255,104,16,120,375
04/16/2002,COS,CO,ANM,WE,Towers with Radar,53,53,28,9,143,14,20,25,0,59,67,73,53,9,202,24,0,24,226
04/17/2002,COS,CO,ANM,WE,Towers with Radar,64,64,34,28,190,4,9,70,0,83,68,73,104,28,273,106,4,110,383
04/18/2002,COS,CO,ANM,WE,Towers with Radar,64,64,34,29,191,8,19,67,0,94,72,83,101,29,285,44,18,62,347
04/19/2002,COS,CO,ANM,WE,Towers with Radar,72,73,63,22,230,0,2,120,16,138,72,75,183,38,368,420,28,448,816
04/20/2002,COS,CO,ANM,WE,Towers with Radar,59,57,5,11,132,0,0,2,0,2,59,57,7,11,134,14,0,14,148
04/21/2002,COS,CO,ANM,WE,Towers with Radar,58,55,23,18,154,0,0,102,7,109,58,55,125,25,263,124,4,128,391
04/22/2002,COS,CO,ANM,WE,Towers with Radar,65,65,30,23,183,0,3,123,4,130,65,68,153,27,313,202,4,206,519
04/23/2002,COS,CO,ANM,WE,Towers with Radar,70,79,39,25,213,0,8,121,9,138,70,87,160,34,351,264,8,272,623
04/24/2002,COS,CO,ANM,WE,Towers with Radar,70,74,34,38,216,0,0,111,12,123,70,74,145,50,339,260,66,326,665
04/25/2002,COS,CO,ANM,WE,Towers with Radar,75,67,45,67,254,0,4,144,9,157,75,71,189,76,411,330,64,394,805
04/26/2002,COS,CO,ANM,WE,Towers with Radar,73,73,40,46,232,0,0,112,13,125,73,73,152,59,357,116,2,118,475
04/27/2002,COS,CO,ANM,WE,Towers with Radar,56,59,44,18,177,0,0,84,9,93,56,59,128,27,270,48,2,50,320
04/28/2002,COS,CO,ANM,WE,Towers with Radar,59,69,37,31,196,0,3,104,18,125,59,72,141,49,321,72,14,86,407
04/29/2002,COS,CO,ANM,WE,Towers with Radar,62,61,38,29,190,0,0,82,11,93,62,61,120,40,283,232,52,284,567
04/30/2002,COS,CO,ANM,WE,Towers with Radar,69,66,37,28,200,0,2,103,9,114,69,68,140,37,314,134,32,166,480
05/01/2002,COS,CO,ANM,WE,Towers with Radar,68,80,51,12,211,3,3,59,8,73,71,83,110,20,284,132,16,148,432
05/02/2002,COS,CO,ANM,WE,Towers with Radar,73,70,82,31,256,0,0,110,23,133,73,70,192,54,389,244,42,286,675
05/03/2002,COS,CO,ANM,WE,Towers with Radar,75,63,35,39,212,0,1,147,25,173,75,64,182,64,385,190,12,202,587
05/04/2002,COS,CO,ANM,WE,Towers with Radar,59,54,33,21,167,0,11,166,35,212,59,65,199,56,379,264,72,336,715
05/05/2002,COS,CO,ANM,WE,Towers with Radar,46,41,29,18,134,6,0,132,39,177,52,41,161,57,311,322,0,322,633
05/06/2002,COS,CO,ANM,WE,Towers with Radar,68,66,39,36,209,0,5,94,19,118,68,71,133,55,327,220,34,254,581
05/07/2002,COS,CO,ANM,WE,Towers with Radar,69,69,36,32,206,0,2,113,10,125,69,71,149,42,331,164,8,172,503
05/08/2002,COS,CO,ANM,WE,Towers with Radar,69,76,46,29,220,0,4,82,14,100,69,80,128,43,320,116,10,126,446
05/09/2002,COS,CO,ANM,WE,Towers with Radar,78,78,38,40,234,0,0,108,14,122,78,78,146,54,356,158,42,200,556
05/10/2002,COS,CO,ANM,WE,Towers with Radar,75,65,39,44,223,0,9,109,20,138,75,74,148,64,361,238,46,284,645
05/11/2002,COS,CO,ANM,WE,Towers with Radar,55,57,19,20,151,1,4,98,5,108,56,61,117,25,259,252,26,278,537
05/12/2002,COS,CO,ANM,WE,Towers with Radar,60,51,28,11,150,0,1,10,0,11,60,52,38,11,161,54,12,66,227
05/13/2002,COS,CO,ANM,WE,Towers with Radar,64,68,55,28,215,0,9,121,5,135,64,77,176,33,350,124,50,174,524
05/14/2002,COS,CO,ANM,WE,Towers with Radar,71,73,29,27,200,0,7,111,9,127,71,80,140,36,327,230,22,252,579
05/15/2002,COS,CO,ANM,WE,Towers with Radar,66,77,39,19,201,0,6,111,19,136,66,83,150,38,337,126,30,156,493
05/16/2002,COS,CO,ANM,WE,Towers with Radar,73,75,45,31,224,0,5,71,14,90,73,80,116,45,314,140,10,150,464
05/17/2002,COS,CO,ANM,WE,Towers with Radar,75,78,55,38,246,0,0,67,0,67,75,78,122,38,313,14,12,26,339
05/18/2002,COS,CO,ANM,WE,Towers with Radar,56,70,36,22,184,0,7,246,26,279,56,77,282,48,463,382,130,512,975
05/19/2002,COS,CO,ANM,WE,Towers with Radar,48,46,48,15,157,0,13,234,10,257,48,59,282,25,414,314,16,330,744
05/20/2002,COS,CO,ANM,WE,Towers with Radar,65,69,41,28,203,0,17,141,0,158,65,86,182,28,361,170,30,200,561
05/21/2002,COS,CO,ANM,WE,Towers with Radar,63,65,39,26,193,7,27,58,14,106,70,92,97,40,299,112,10,122,421
05/22/2002,COS,CO,ANM,WE,Towers with Radar,71,73,43,30,217,2,4,86,30,122,73,77,129,60,339,146,22,168,507
05/23/2002,COS,CO,ANM,WE,Towers with Radar,73,77,46,31,227,0,2,141,17,160,73,79,187,48,387,286,18,304,691
05/24/2002,COS,CO,ANM,WE,Towers with Radar,68,69,42,19,198,7,5,35,0,47,75,74,77,19,245,198,10,208,453
05/25/2002,COS,CO,ANM,WE,Towers with Radar,50,53,33,10,146,0,13,213,7,233,50,66,246,17,379,362,28,390,769
05/26/2002,COS,CO,ANM,WE,Towers with Radar,57,55,17,6,135,0,1,117,6,124,57,56,134,12,259,134,0,134,393
05/27/2002,COS,CO,ANM,WE,Towers with Radar,67,59,29,11,166,0,15,139,11,165,67,74,168,22,331,112,2,114,445
05/28/2002,COS,CO,ANM,WE,Towers with Radar,67,68,36,40,211,0,15,116,48,179,67,83,152,88,390,200,32,232,622
05/29/2002,COS,CO,ANM,WE,Towers with Radar,70,81,46,38,235,1,5,134,16,156,71,86,180,54,391,180,10,190,581
05/30/2002,COS,CO,ANM,WE,Towers with Radar,70,75,35,34,214,0,6,233,21,260,70,81,268,55,474,350,46,396,870
05/31/2002,COS,CO,ANM,WE,Towers with Radar,88,78,43,32,241,0,5,176,19,200,88,83,219,51,441,275,6,281,722
06/01/2002,COS,CO,ANM,WE,Towers with Radar,64,67,47,28,206,1,5,161,4,171,65,72,208,32,377,198,14,212,589
06/02/2002,COS,CO,ANM,WE,Towers with Radar,62,60,32,19,173,0,0,129,2,131,62,60,161,21,304,70,0,70,374
06/03/2002,COS,CO,ANM,WE,Towers with Radar,76,82,31,51,240,0,4,138,11,153,76,86,169,62,393,288,20,308,701
06/04/2002,COS,CO,ANM,WE,Towers with Radar,88,82,56,37,263,1,19,123,1,144,89,101,179,38,407,336,28,364,771
06/05/2002,COS,CO,ANM,WE,Towers with Radar,70,77,46,22,215,0,1,166,11,178,70,78,212,33,393,334,10,344,737
06/06/2002,COS,CO,ANM,WE,Towers with Radar,59,58,35,24,176,0,4,194,21,219,59,62,229,45,395,262,20,282,677
06/07/2002,COS,CO,ANM,WE,Towers with Radar,69,69,43,36,217,0,4,193,23,220,69,73,236,59,437,382,26,408,845
06/08/2002,COS,CO,ANM,WE,Towers with Radar,63,59,19,28,169,0,5,166,55,226,63,64,185,83,395,208,14,222,617
06/09/2002,COS,CO,ANM,WE,Towers with Radar,60,52,36,49,197,0,1,114,28,143,60,53,150,77,340,162,20,182,522
06/10/2002,COS,CO,ANM,WE,Towers with Radar,72,70,42,66,250,0,2,136,15,153,72,72,178,81,403,518,86,604,1007
06/11/2002,COS,CO,ANM,WE,Towers with Radar,59,50,41,17,167,0,11,278,42,331,59,61,319,59,498,428,8,436,934
06/12/2002,COS,CO,ANM,WE,Towers with Radar,71,82,42,29,224,0,6,149,7,162,71,88,191,36,386,600,14,614,1000
06/13/2002,COS,CO,ANM,WE,Towers with Radar,83,89,85,54,311,0,4,128,7,139,83,93,213,61,450,378,12,390,840
06/14/2002,COS,CO,ANM,WE,Towers with Radar,71,69,71,41,252,0,3,169,41,213,71,72,240,82,465,478,16,494,959
06/15/2002,COS,CO,ANM,WE,Towers with Radar,69,60,46,25,200,0,11,295,46,352,69,71,341,71,552,242,0,242,794
06/16/2002,COS,CO,ANM,WE,Towers with Radar,65,52,76,16,209,0,0,150,9,159,65,52,226,25,368,256,0,256,624
06/17/2002,COS,CO,ANM,WE,Towers with Radar,63,59,41,28,191,6,1,178,43,228,69,60,219,71,419,528,10,538,957
06/18/2002,COS,CO,ANM,WE,Towers with Radar,69,64,47,27,207,0,5,121,74,200,69,69,168,101,407,520,10,530,937
06/19/2002,COS,CO,ANM,WE,Towers with Radar,77,74,42,36,229,0,5,177,36,218,77,79,219,72,447,326,12,338,785
06/20/2002,COS,CO,ANM,WE,Towers with Radar,81,75,56,40,252,0,0,118,25,143,81,75,174,65,395,290,66,356,751
06/21/2002,COS,CO,ANM,WE,Towers with Radar,79,70,72,42,263,0,1,151,8,160,79,71,223,50,423,384,24,408,831
06/22/2002,COS,CO,ANM,WE,Towers with Radar,69,59,39,24,191,0,6,151,5,162,69,65,190,29,353,118,6,124,477
06/23/2002,COS,CO,ANM,WE,Towers with Radar,76,61,62,24,223,0,7,143,38,188,76,68,205,62,411,208,6,214,625
06/24/2002,COS,CO,ANM,WE,Towers with Radar,71,60,35,26,192,0,0,136,75,211,71,60,171,101,403,310,8,318,721
06/25/2002,COS,CO,ANM,WE,Towers with Radar,73,72,26,21,192,0,4,140,17,161,73,76,166,38,353,234,34,268,621
06/26/2002,COS,CO,ANM,WE,Towers with Radar,81,75,43,24,223,0,4,153,6,163,81,79,196,30,386,268,6,274,660
06/27/2002,COS,CO,ANM,WE,Towers with Radar,76,75,49,20,220,0,8,152,24,184,76,83,201,44,404,286,38,324,728
06/28/2002,COS,CO,ANM,WE,Towers with Radar,86,70,46,26,228,0,12,172,24,208,86,82,218,50,436,150,0,150,586
06/29/2002,COS,CO,ANM,WE,Towers with Radar,70,63,34,20,187,0,5,171,46,222,70,68,205,66,409,208,0,208,617
06/30/2002,COS,CO,ANM,WE,Towers with Radar,70,53,32,29,184,0,3,130,44,177,70,56,162,73,361,130,4,134,495
07/01/2002,COS,CO,ANM,WE,Towers with Radar,67,56,30,22,175,0,3,152,40,195,67,59,182,62,370,310,18,328,698
07/02/2002,COS,CO,ANM,WE,Towers with Radar,71,61,40,50,222,0,12,130,40,182,71,73,170,90,404,202,58,260,664
07/03/2002,COS,CO,ANM,WE,Towers with Radar,83,77,41,44,245,0,20,134,31,185,83,97,175,75,430,314,114,428,858
07/04/2002,COS,CO,ANM,WE,Towers with Radar,56,56,24,2,138,0,13,149,7,169,56,69,173,9,307,238,48,286,593
07/05/2002,COS,CO,ANM,WE,Towers with Radar,58,64,33,23,178,0,12,92,4,108,58,76,125,27,286,170,30,200,486
07/06/2002,COS,CO,ANM,WE,Towers with Radar,62,52,38,9,161,0,13,95,1,109,62,65,133,10,270,386,54,440,710
07/07/2002,COS,CO,ANM,WE,Towers with Radar,71,2,53,16,142,0,0,165,6,171,71,2,218,22,313,348,0,348,661
07/08/2002,COS,CO,ANM,WE,Towers with Radar,67,65,24,23,179,0,23,144,23,190,67,88,168,46,369,454,64,518,887
07/09/2002,COS,CO,ANM,WE,Towers with Radar,75,74,38,27,214,0,19,119,11,149,75,93,157,38,363,414,112,526,889
07/10/2002,COS,CO,ANM,WE,Towers with Radar,78,74,48,41,241,0,19,113,13,145,78,93,161,54,386,354,70,424,810
07/11/2002,COS,CO,ANM,WE,Towers with Radar,74,72,40,24,210,0,9,156,21,186,74,81,196,45,396,440,12,452,848
07/12/2002,COS,CO,ANM,WE,Towers with Radar,78,69,42,61,250,0,27,163,19,209,78,96,205,80,459,266,142,408,867
07/13/2002,COS,CO,ANM,WE,Towers with Radar,67,67,42,20,196,0,9,156,12,177,67,76,198,32,373,280,40,320,693
07/14/2002,COS,CO,ANM,WE,Towers with Radar,67,54,45,23,189,0,7,157,7,171,67,61,202,30,360,216,48,264,624
07/15/2002,COS,CO,ANM,WE,Towers with Radar,67,63,31,30,191,0,6,145,9,160,67,69,176,39,351,188,10,198,549
07/16/2002,COS,CO,ANM,WE,Towers with Radar,75,67,39,31,212,0,7,156,8,171,75,74,195,39,383,202,32,234,617
07/17/2002,COS,CO,ANM,WE,Towers with Radar,76,70,49,26,221,0,7,138,11,156,76,77,187,37,377,294,30,324,701
07/18/2002,COS,CO,ANM,WE,Towers with Radar,74,82,51,31,238,0,7,162,9,178,74,89,213,40,416,214,24,238,654
07/19/2002,COS,CO,ANM,WE,Towers with Radar,78,71,51,38,238,0,8,161,13,182,78,79,212,51,420,138,22,160,580
07/20/2002,COS,CO,ANM,WE,Towers with Radar,72,69,29,11,181,0,10,182,36,228,72,79,211,47,409,228,30,258,667
07/21/2002,COS,CO,ANM,WE,Towers with Radar,67,62,42,16,187,0,6,122,37,165,67,68,164,53,352,154,22,176,528
07/22/2002,COS,CO,ANM,WE,Towers with Radar,67,61,47,21,196,0,14,84,13,111,67,75,131,34,307,366,38,404,711
07/23/2002,COS,CO,ANM,WE,Towers with Radar,82,88,42,33,245,0,9,105,7,121,82,97,147,40,366,178,58,236,602
07/24/2002,COS,CO,ANM,WE,Towers with Radar,71,81,65,28,245,0,25,166,24,215,71,106,231,52,460,222,56,278,738
07/25/2002,COS,CO,ANM,WE,Towers with Radar,79,74,42,27,222,0,22,149,14,185,79,96,191,41,407,178,124,302,709
07/26/2002,COS,CO,ANM,WE,Towers with Radar,77,72,50,28,227,0,32,134,15,181,77,104,184,43,408,286,86,372,780
07/27/2002,COS,CO,ANM,WE,Towers with Radar,75,62,53,9,199,0,18,154,5,177,75,80,207,14,376,284,44,328,704
07/28/2002,COS,CO,ANM,WE,Towers with Radar,63,60,46,9,178,0,3,125,6,134,63,63,171,15,312,246,10,256,568
07/29/2002,COS,CO,ANM,WE,Towers with Radar,66,64,43,27,200,0,15,139,9,163,66,79,182,36,363,268,154,422,785
07/30/2002,COS,CO,ANM,WE,Towers with Radar,81,72,50,28,231,0,3,142,16,161,81,75,192,44,392,368,124,492,884
07/31/2002,COS,CO,ANM,WE,Towers with Radar,72,81,45,42,240,0,4,143,34,181,72,85,188,76,421,230,124,354,775
08/01/2002,COS,CO,ANM,WE,Towers with Radar,69,80,47,34,230,1,3,95,10,109,70,83,142,44,339,116,24,140,479
08/02/2002,COS,CO,ANM,WE,Towers with Radar,78,84,50,77,289,1,2,159,17,179,79,86,209,94,468,408,68,476,944
08/03/2002,COS,CO,ANM,WE,Towers with Radar,79,78,50,55,262,1,6,121,47,175,80,84,171,102,437,252,70,322,759
08/04/2002,COS,CO,ANM,WE,Towers with Radar,64,57,44,27,192,0,0,152,1,153,64,57,196,28,345,164,24,188,533
08/05/2002,COS,CO,ANM,WE,Towers with Radar,107,72,44,25,248,0,3,152,21,176,107,75,196,46,424,302,18,320,744
08/06/2002,COS,CO,ANM,WE,Towers with Radar,72,84,36,32,224,1,3,175,24,203,73,87,211,56,427,286,64,350,777
08/07/2002,COS,CO,ANM,WE,Towers with Radar,70,73,47,23,213,1,4,186,24,215,71,77,233,47,428,356,38,394,822
08/08/2002,COS,CO,ANM,WE,Towers with Radar,67,76,62,29,234,1,6,198,27,232,68,82,260,56,466,356,28,384,850
08/09/2002,COS,CO,ANM,WE,Towers with Radar,87,90,56,30,263,0,7,137,13,157,87,97,193,43,420,406,38,444,864
08/10/2002,COS,CO,ANM,WE,Towers with Radar,65,72,45,19,201,0,7,219,20,246,65,79,264,39,447,254,26,280,727
08/11/2002,COS,CO,ANM,WE,Towers with Radar,62,68,47,29,206,0,0,171,19,190,62,68,218,48,396,362,26,388,784
08/12/2002,COS,CO,ANM,WE,Towers with Radar,62,63,28,17,170,0,2,112,11,125,62,65,140,28,295,386,16,402,697
08/13/2002,COS,CO,ANM,WE,Towers with Radar,77,73,32,32,214,0,4,179,19,202,77,77,211,51,416,742,20,762,1178
08/14/2002,COS,CO,ANM,WE,Towers with Radar,74,81,47,22,224,0,7,167,13,187,74,88,214,35,411,536,0,536,947
08/15/2002,COS,CO,ANM,WE,Towers with Radar,71,72,54,29,226,0,8,143,9,160,71,80,197,38,386,370,2,372,758
08/16/2002,COS,CO,ANM,WE,Towers with Radar,70,86,40,38,234,0,2,199,7,208,70,88,239,45,442,496,108,604,1046
08/17/2002,COS,CO,ANM,WE,Towers with Radar,65,62,18,18,163,0,8,134,23,165,65,70,152,41,328,170,28,198,526
08/18/2002,COS,CO,ANM,WE,Towers with Radar,60,66,42,21,189,0,2,115,24,141,60,68,157,45,330,178,42,220,550
08/19/2002,COS,CO,ANM,WE,Towers with Radar,64,73,35,25,197,0,1,123,9,133,64,74,158,34,330,326,2,328,658
08/20/2002,COS,CO,ANM,WE,Towers with Radar,67,77,43,15,202,0,3,146,13,162,67,80,189,28,364,522,14,536,900
08/21/2002,COS,CO,ANM,WE,Towers with Radar,65,85,53,16,219,0,3,140,8,151,65,88,193,24,370,500,14,514,884
08/22/2002,COS,CO,ANM,WE,Towers with Radar,80,76,43,38,237,0,3,118,17,138,80,79,161,55,375,308,52,360,735
08/23/2002,COS,CO,ANM,WE,Towers with Radar,69,71,60,56,256,0,1,201,13,215,69,72,261,69,471,290,31,321,792
08/24/2002,COS,CO,ANM,WE,Towers with Radar,70,66,53,19,208,0,1,132,39,172,70,67,185,58,380,194,24,218,598
08/25/2002,COS,CO,ANM,WE,Towers with Radar,62,64,58,27,211,0,2,101,34,137,62,66,159,61,348,126,16,142,490
08/26/2002,COS,CO,ANM,WE,Towers with Radar,73,60,28,41,202,0,1,154,18,173,73,61,182,59,375,494,80,574,949
08/27/2002,COS,CO,ANM,WE,Towers with Radar,66,83,106,45,300,0,0,54,9,63,66,83,160,54,363,186,22,208,571
08/28/2002,COS,CO,ANM,WE,Towers with Radar,67,75,77,31,250,0,2,75,16,93,67,77,152,47,343,186,30,216,559
08/29/2002,COS,CO,ANM,WE,Towers with Radar,106,90,49,36,281,0,2,179,26,207,106,92,228,62,488,264,40,304,792
08/30/2002,COS,CO,ANM,WE,Towers with Radar,78,69,41,22,210,0,2,216,13,231,78,71,257,35,441,294,8,302,743
08/31/2002,COS,CO,ANM,WE,Towers with Radar,60,48,45,8,161,0,3,162,15,180,60,51,207,23,341,166,6,172,513
09/01/2002,COS,CO,ANM,WE,Towers with Radar,43,44,33,9,129,1,0,132,7,140,44,44,165,16,269,164,0,164,433
09/02/2002,COS,CO,ANM,WE,Towers with Radar,58,55,41,6,160,1,1,158,10,170,59,56,199,16,330,330,0,330,660
09/03/2002,COS,CO,ANM,WE,Towers with Radar,74,76,44,24,218,1,5,130,18,154,75,81,174,42,372,144,22,166,538
09/04/2002,COS,CO,ANM,WE,Towers with Radar,67,84,33,42,226,1,2,175,34,212,68,86,208,76,438,200,14,214,652
09/05/2002,COS,CO,ANM,WE,Towers with Radar,64,76,47,53,240,1,3,190,15,209,65,79,237,68,449,294,8,302,751
09/06/2002,COS,CO,ANM,WE,Towers with Radar,79,77,37,50,243,1,2,186,25,214,80,79,223,75,457,378,50,428,885
09/07/2002,COS,CO,ANM,WE,Towers with Radar,57,59,34,24,174,0,1,150,39,190,57,60,184,63,364,178,66,244,608
09/08/2002,COS,CO,ANM,WE,Towers with Radar,61,59,38,27,185,0,0,158,21,179,61,59,196,48,364,230,50,280,644
09/09/2002,COS,CO,ANM,WE,Towers with Radar,57,69,29,38,193,0,0,92,12,104,57,69,121,50,297,276,40,316,613
09/10/2002,COS,CO,ANM,WE,Towers with Radar,58,66,48,40,212,0,0,41,3,44,58,66,89,43,256,510,56,566,822
09/11/2002,COS,CO,ANM,WE,Towers with Radar,55,72,92,48,267,0,0,33,0,33,55,72,125,48,300,180,8,188,488
09/12/2002,COS,CO,ANM,WE,Towers with Radar,68,73,40,49,230,0,2,145,11,158,68,75,185,60,388,196,46,242,630
09/13/2002,COS,CO,ANM,WE,Towers with Radar,63,82,50,30,225,0,2,121,5,128,63,84,171,35,353,290,8,298,651
09/14/2002,COS,CO,ANM,WE,Towers with Radar,53,63,33,13,162,0,1,134,13,148,53,64,167,26,310,196,0,196,506
09/15/2002,COS,CO,ANM,WE,Towers with Radar,58,65,46,20,189,0,0,222,13,235,58,65,268,33,424,198,8,206,630
09/16/2002,COS,CO,ANM,WE,Towers with Radar,43,46,45,37,171,0,0,134,16,150,43,46,179,53,321,235,14,249,570
09/17/2002,COS,CO,ANM,WE,Towers with Radar,62,79,19,21,181,0,2,110,14,126,62,81,129,35,307,346,8,354,661
09/18/2002,COS,CO,ANM,WE,Towers with Radar,61,77,46,34,218,0,4,62,0,66,61,81,108,34,284,194,24,218,502
09/19/2002,COS,CO,ANM,WE,Towers with Radar,68,80,45,56,249,0,1,125,17,143,68,81,170,73,392,144,82,226,618
09/20/2002,COS,CO,ANM,WE,Towers with Radar,66,81,46,42,235,0,3,146,28,177,66,84,192,70,412,165,44,209,621
09/21/2002,COS,CO,ANM,WE,Towers with Radar,51,64,31,21,167,0,1,183,24,208,51,65,214,45,375,160,38,198,573
09/22/2002,COS,CO,ANM,WE,Towers with Radar,54,66,51,27,198,0,0,148,5,153,54,66,199,32,351,316,8,324,675
09/23/2002,COS,CO,ANM,WE,Towers with Radar,61,78,32,23,194,0,4,133,17,154,61,82,165,40,348,134,18,152,500
09/24/2002,COS,CO,ANM,WE,Towers with Radar,63,74,54,25,216,0,2,136,18,156,63,76,190,43,372,210,18,228,600
09/25/2002,COS,CO,ANM,WE,Towers with Radar,63,72,40,37,212,0,2,125,20,147,63,74,165,57,359,136,26,162,521
09/26/2002,COS,CO,ANM,WE,Towers with Radar,67,79,40,29,215,0,2,86,25,113,67,81,126,54,328,184,18,202,530
09/27/2002,COS,CO,ANM,WE,Towers with Radar,63,81,45,33,222,0,2,117,16,135,63,83,162,49,357,146,2,148,505
09/28/2002,COS,CO,ANM,WE,Towers with Radar,55,60,35,17,167,0,1,95,11,107,55,61,130,28,274,96,6,102,376
09/29/2002,COS,CO,ANM,WE,Towers with Radar,57,60,26,28,171,0,0,99,8,107,57,60,125,36,278,110,10,120,398
09/30/2002,COS,CO,ANM,WE,Towers with Radar,56,63,32,30,181,0,1,105,10,116,56,64,137,40,297,154,24,178,475
10/01/2002,COS,CO,ANM,WE,Towers with Radar,58,75,31,61,225,0,1,92,8,101,58,76,123,69,326,50,38,88,414
10/02/2002,COS,CO,ANM,WE,Towers with Radar,72,87,70,28,257,0,0,17,0,17,72,87,87,28,274,54,0,54,328
10/03/2002,COS,CO,ANM,WE,Towers with Radar,63,78,50,28,219,0,0,37,1,38,63,78,87,29,257,76,14,90,347
10/04/2002,COS,CO,ANM,WE,Towers with Radar,63,77,38,68,246,0,2,181,22,205,63,79,219,90,451,206,18,224,675
10/05/2002,COS,CO,ANM,WE,Towers with Radar,52,62,21,34,169,0,2,130,34,166,52,64,151,68,335,194,42,236,571
10/06/2002,COS,CO,ANM,WE,Towers with Radar,50,64,23,36,173,0,0,132,12,144,50,64,155,48,317,86,12,98,415
10/07/2002,COS,CO,ANM,WE,Towers with Radar,53,71,36,43,203,0,5,174,13,192,53,76,210,56,395,438,4,442,837
10/08/2002,COS,CO,ANM,WE,Towers with Radar,57,73,35,26,191,0,3,163,8,174,57,76,198,34,365,404,12,416,781
10/09/2002,COS,CO,ANM,WE,Towers with Radar,59,80,55,52,246,0,0,127,19,146,59,80,182,71,392,274,28,302,694
10/10/2002,COS,CO,ANM,WE,Towers with Radar,65,74,47,41,227,0,0,194,14,208,65,74,241,55,435,458,22,480,915
10/11/2002,COS,CO,ANM,WE,Towers with Radar,61,73,50,27,211,0,1,151,25,177,61,74,201,52,388,326,30,356,744
10/12/2002,COS,CO,ANM,WE,Towers with Radar,55,61,20,15,151,0,0,125,11,136,55,61,145,26,287,274,2,276,563
10/13/2002,COS,CO,ANM,WE,Towers with Radar,52,64,32,12,160,0,0,111,12,123,52,64,143,24,283,66,10,76,359
10/14/2002,COS,CO,ANM,WE,Towers with Radar,54,75,38,13,180,0,3,115,12,130,54,78,153,25,310,250,0,250,560
10/15/2002,COS,CO,ANM,WE,Towers with Radar,58,72,32,38,200,0,3,147,9,159,58,75,179,47,359,592,32,624,983
10/16/2002,COS,CO,ANM,WE,Towers with Radar,58,90,38,35,221,0,2,141,14,157,58,92,179,49,378,268,34,302,680
10/17/2002,COS,CO,ANM,WE,Towers with Radar,61,83,58,55,257,0,5,161,22,188,61,88,219,77,445,506,54,560,1005
10/18/2002,COS,CO,ANM,WE,Towers with Radar,62,77,31,82,252,0,2,161,23,186,62,79,192,105,438,406,50,456,894
10/19/2002,COS,CO,ANM,WE,Towers with Radar,50,59,19,41,169,0,3,168,42,213,50,62,187,83,382,338,66,404,786
10/20/2002,COS,CO,ANM,WE,Towers with Radar,52,61,41,50,204,0,2,138,10,150,52,63,179,60,354,258,34,292,646
10/21/2002,COS,CO,ANM,WE,Towers with Radar,57,66,15,41,179,0,0,131,24,155,57,66,146,65,334,490,10,500,834
10/22/2002,COS,CO,ANM,WE,Towers with Radar,58,70,30,43,201,0,2,77,14,93,58,72,107,57,294,328,24,352,646
10/23/2002,COS,CO,ANM,WE,Towers with Radar,59,75,27,23,184,0,0,1,0,1,59,75,28,23,185,0,0,0,185
10/24/2002,COS,CO,ANM,WE,Towers with Radar,60,75,28,23,186,0,0,1,2,3,60,75,29,25,189,0,0,0,189
10/25/2002,COS,CO,ANM,WE,Towers with Radar,62,82,46,51,241,0,3,173,44,220,62,85,219,95,461,412,40,452,913
10/26/2002,COS,CO,ANM,WE,Towers with Radar,56,57,36,27,176,0,6,110,14,130,56,63,146,41,306,324,32,356,662
10/27/2002,COS,CO,ANM,WE,Towers with Radar,47,69,28,24,168,0,0,23,0,23,47,69,51,24,191,100,0,100,291
10/28/2002,COS,CO,ANM,WE,Towers with Radar,57,66,48,35,206,0,0,109,20,129,57,66,157,55,335,226,10,236,571
10/29/2002,COS,CO,ANM,WE,Towers with Radar,63,75,14,29,181,0,0,1,0,1,63,75,15,29,182,0,0,0,182
10/30/2002,COS,CO,ANM,WE,Towers with Radar,56,84,24,39,203,0,1,3,1,5,56,85,27,40,208,46,2,48,256
10/31/2002,COS,CO,ANM,WE,Towers with Radar,55,89,31,14,189,0,0,0,0,0,55,89,31,14,189,4,0,4,193
11/01/2002,COS,CO,ANM,WE,Towers with Radar,57,87,29,20,193,1,0,1,0,2,58,87,30,20,195,0,0,0,195
11/02/2002,COS,CO,ANM,WE,Towers with Radar,48,83,26,23,180,0,0,25,2,27,48,83,51,25,207,84,0,84,291
11/03/2002,COS,CO,ANM,WE,Towers with Radar,46,68,31,29,174,0,1,114,10,125,46,69,145,39,299,318,22,340,639
11/04/2002,COS,CO,ANM,WE,Towers with Radar,49,82,23,36,190,0,4,142,7,153,49,86,165,43,343,278,10,288,631
11/05/2002,COS,CO,ANM,WE,Towers with Radar,52,83,18,38,191,0,5,183,13,201,52,88,201,51,392,246,10,256,648
11/06/2002,COS,CO,ANM,WE,Towers with Radar,59,94,32,41,226,0,3,186,21,210,59,97,218,62,436,293,42,335,771
11/07/2002,COS,CO,ANM,WE,Towers with Radar,61,92,34,40,227,0,0,178,76,254,61,92,212,116,481,248,24,272,753
11/08/2002,COS,CO,ANM,WE,Towers with Radar,58,87,31,26,202,0,2,94,9,105,58,89,125,35,307,126,12,138,445
11/09/2002,COS,CO,ANM,WE,Towers with Radar,49,71,10,21,151,0,2,49,7,58,49,73,59,28,209,72,20,92,301
11/10/2002,COS,CO,ANM,WE,Towers with Radar,45,70,24,21,160,0,2,113,1,116,45,72,137,22,276,156,1,157,433
11/11/2002,COS,CO,ANM,WE,Towers with Radar,48,79,27,10,164,0,0,94,15,109,48,79,121,25,273,210,16,226,499
11/12/2002,COS,CO,ANM,WE,Towers with Radar,55,86,38,41,220,0,2,184,27,213,55,88,222,68,433,380,32,412,845
11/13/2002,COS,CO,ANM,WE,Towers with Radar,50,99,27,37,213,0,1,134,21,156,50,100,161,58,369,330,56,386,755
11/14/2002,COS,CO,ANM,WE,Towers with Radar,57,91,33,38,219,0,1,99,10,110,57,92,132,48,329,296,12,308,637
11/15/2002,COS,CO,ANM,WE,Towers with Radar,52,84,26,31,193,5,3,55,16,79,57,87,81,47,272,208,6,214,486
11/16/2002,COS,CO,ANM,WE,Towers with Radar,48,71,34,19,172,0,1,179,12,192,48,72,213,31,364,398,4,402,766
11/17/2002,COS,CO,ANM,WE,Towers with Radar,43,71,40,16,170,0,3,169,26,198,43,74,209,42,368,226,28,254,622
11/18/2002,COS,CO,ANM,WE,Towers with Radar,51,83,19,32,185,0,1,131,5,137,51,84,150,37,322,130,0,130,452
11/19/2002,COS,CO,ANM,WE,Towers with Radar,52,89,13,67,221,0,1,121,13,135,52,90,134,80,356,284,36,320,676
11/20/2002,COS,CO,ANM,WE,Towers with Radar,53,90,34,34,211,0,2,146,25,173,53,92,180,59,384,306,29,335,719
11/21/2002,COS,CO,ANM,WE,Towers with Radar,61,88,26,64,239,0,1,177,21,199,61,89,203,85,438,306,26,332,770
11/22/2002,COS,CO,ANM,WE,Towers with Radar,56,91,33,45,225,0,1,164,16,181,56,92,197,61,406,244,42,286,692
11/23/2002,COS,CO,ANM,WE,Towers with Radar,50,81,29,40,200,0,3,157,33,193,50,84,186,73,393,230,38,268,661
11/24/2002,COS,CO,ANM,WE,Towers with Radar,40,73,14,14,141,0,0,19,0,19,40,73,33,14,160,82,2,84,244
11/25/2002,COS,CO,ANM,WE,Towers with Radar,43,70,21,20,154,5,8,0,0,13,48,78,21,20,167,0,0,0,167
11/26/2002,COS,CO,ANM,WE,Towers with Radar,55,90,20,38,203,0,4,69,36,109,55,94,89,74,312,48,38,86,398
11/27/2002,COS,CO,ANM,WE,Towers with Radar,57,89,36,19,201,0,4,134,19,157,57,93,170,38,358,132,18,150,508
11/28/2002,COS,CO,ANM,WE,Towers with Radar,27,69,12,2,110,0,0,58,2,60,27,69,70,4,170,70,0,70,240
11/29/2002,COS,CO,ANM,WE,Towers with Radar,37,69,16,12,134,0,1,120,4,125,37,70,136,16,259,248,8,256,515
11/30/2002,COS,CO,ANM,WE,Towers with Radar,47,76,31,7,161,0,2,115,11,128,47,78,146,18,289,172,16,188,477
12/01/2002,COS,CO,ANM,WE,Towers with Radar,44,75,49,19,187,1,2,99,2,104,45,77,148,21,291,176,0,176,467
12/02/2002,COS,CO,ANM,WE,Towers with Radar,50,72,23,26,171,1,3,83,18,105,51,75,106,44,276,144,14,158,434
12/03/2002,COS,CO,ANM,WE,Towers with Radar,54,84,29,50,217,1,2,6,0,9,55,86,35,50,226,2,4,6,232
12/04/2002,COS,CO,ANM,WE,Towers with Radar,55,90,30,54,229,1,0,2,0,3,56,90,32,54,232,14,12,26,258
12/05/2002,COS,CO,ANM,WE,Towers with Radar,57,91,37,39,224,1,7,90,33,131,58,98,127,72,355,178,0,178,533
12/06/2002,COS,CO,ANM,WE,Towers with Radar,58,84,22,31,195,1,2,111,24,138,59,86,133,55,333,244,56,300,633
12/07/2002,COS,CO,ANM,WE,Towers with Radar,48,75,20,22,165,1,2,138,19,160,49,77,158,41,325,292,10,302,627
12/08/2002,COS,CO,ANM,WE,Towers with Radar,43,61,23,23,150,0,7,52,10,69,43,68,75,33,219,102,0,102,321
12/09/2002,COS,CO,ANM,WE,Towers with Radar,54,80,26,38,198,0,20,101,11,132,54,100,127,49,330,154,8,162,492
12/10/2002,COS,CO,ANM,WE,Towers with Radar,56,78,47,42,223,0,8,84,21,113,56,86,131,63,336,144,20,164,500
12/11/2002,COS,CO,ANM,WE,Towers with Radar,55,86,24,46,211,0,16,91,45,152,55,102,115,91,363,178,44,222,585
12/12/2002,COS,CO,ANM,WE,Towers with Radar,60,76,30,49,215,0,8,76,25,109,60,84,106,74,324,102,74,176,500
12/13/2002,COS,CO,ANM,WE,Towers with Radar,59,89,35,34,217,0,0,116,32,148,59,89,151,66,365,118,16,134,499
12/14/2002,COS,CO,ANM,WE,Towers with Radar,52,73,21,27,173,0,3,114,17,134,52,76,135,44,307,198,30,228,535
12/15/2002,COS,CO,ANM,WE,Towers with Radar,44,64,22,27,157,0,1,57,2,60,44,65,79,29,217,110,0,110,327
12/16/2002,COS,CO,ANM,WE,Towers with Radar,55,80,24,22,181,0,3,76,16,95,55,83,100,38,276,72,28,100,376
12/17/2002,COS,CO,ANM,WE,Towers with Radar,58,83,30,70,241,0,5,63,17,85,58,88,93,87,326,164,6,170,496
12/18/2002,COS,CO,ANM,WE,Towers with Radar,58,81,43,45,227,0,1,59,16,76,58,82,102,61,303,142,28,170,473
12/19/2002,COS,CO,ANM,WE,Towers with Radar,67,92,37,61,257,0,2,68,17,87,67,94,105,78,344,164,12,176,520
12/20/2002,COS,CO,ANM,WE,Towers with Radar,61,85,33,15,194,0,30,104,15,149,61,115,137,30,343,104,200,304,647
12/21/2002,COS,CO,ANM,WE,Towers with Radar,48,72,37,6,163,0,3,81,2,86,48,75,118,8,249,194,10,204,453
12/22/2002,COS,CO,ANM,WE,Towers with Radar,48,61,15,9,133,0,2,69,0,71,48,63,84,9,204,60,0,60,264
12/23/2002,COS,CO,ANM,WE,Towers with Radar,53,73,18,17,161,0,0,2,0,2,53,73,20,17,163,0,0,0,163
12/24/2002,COS,CO,ANM,WE,Towers with Radar,58,74,12,2,146,0,0,32,1,33,58,74,44,3,179,44,0,44,223
12/25/2002,COS,CO,ANM,WE,Towers with Radar,44,63,11,0,118,0,0,27,0,27,44,63,38,0,145,2,0,2,147
12/26/2002,COS,CO,ANM,WE,Towers with Radar,63,83,29,10,185,0,1,98,4,103,63,84,127,14,288,162,0,162,450
12/27/2002,COS,CO,ANM,WE,Towers with Radar,59,81,33,5,178,0,3,83,10,96,59,84,116,15,274,174,42,216,490
12/28/2002,COS,CO,ANM,WE,Towers with Radar,46,67,31,3,147,0,1,121,6,128,46,68,152,9,275,318,14,332,607
12/29/2002,COS,CO,ANM,WE,Towers with Radar,46,66,19,6,137,0,0,55,6,61,46,66,74,12,198,94,0,94,292
12/30/2002,COS,CO,ANM,WE,Towers with Radar,54,70,46,26,196,0,0,91,6,97,54,70,137,32,293,178,28,206,499
12/31/2002,COS,CO,ANM,WE,Towers with Radar,50,71,26,1,148,0,2,104,1,107,50,73,130,2,255,194,0,194,449
01/01/2003,COS,CO,ANM,WE,Towers with Radar,54,57,23,11,145,2,0,25,0,27,56,57,48,11,172,23,0,23,195
01/02/2003,COS,CO,ANM,WE,Towers with Radar,60,76,22,16,174,0,4,104,10,118,60,80,126,26,292,110,12,122,414
01/03/2003,COS,CO,ANM,WE,Towers with Radar,60,75,30,14,179,0,5,107,5,117,60,80,137,19,296,198,42,240,536
01/04/2003,COS,CO,ANM,WE,Towers with Radar,49,68,29,6,152,0,13,135,1,149,49,81,164,7,301,232,22,254,555
01/05/2003,COS,CO,ANM,WE,Towers with Radar,49,68,32,12,161,0,4,108,0,112,49,72,140,12,273,189,0,189,462
01/06/2003,COS,CO,ANM,WE,Towers with Radar,49,82,24,54,209,0,52,55,23,130,49,134,79,77,339,108,52,160,499
01/07/2003,COS,CO,ANM,WE,Towers with Radar,52,107,23,38,220,0,44,108,48,200,52,151,131,86,420,164,94,258,678
01/08/2003,COS,CO,ANM,WE,Towers with Radar,51,97,40,47,235,0,29,121,43,193,51,126,161,90,428,180,48,228,656
01/09/2003,COS,CO,ANM,WE,Towers with Radar,54,93,27,28,202,0,16,117,23,156,54,109,144,51,358,74,38,112,470
01/10/2003,COS,CO,ANM,WE,Towers with Radar,54,103,15,54,226,0,44,101,48,193,54,147,116,102,419,252,54,306,725
01/11/2003,COS,CO,ANM,WE,Towers with Radar,45,71,15,33,164,0,12,36,27,75,45,83,51,60,239,50,16,66,305
01/12/2003,COS,CO,ANM,WE,Towers with Radar,46,63,28,31,168,0,9,137,19,165,46,72,165,50,333,218,20,238,571
01/13/2003,COS,CO,ANM,WE,Towers with Radar,47,94,29,25,195,0,65,73,43,181,47,159,102,68,376,154,70,224,600
01/14/2003,COS,CO,ANM,WE,Towers with Radar,58,101,17,40,216,0,47,93,59,199,58,148,110,99,415,180,36,216,631
01/15/2003,COS,CO,ANM,WE,Towers with Radar,52,81,22,36,191,0,38,40,4,82,52,119,62,40,273,14,6,20,293
01/16/2003,COS,CO,ANM,WE,Towers with Radar,55,113,30,36,234,0,60,102,56,218,55,173,132,92,452,160,62,222,674
01/17/2003,COS,CO,ANM,WE,Towers with Radar,56,117,35,41,249,0,116,103,67,286,56,233,138,108,535,102,96,198,733
01/18/2003,COS,CO,ANM,WE,Towers with Radar,41,84,35,33,193,0,253,180,46,479,41,337,215,79,672,226,132,358,1030
01/19/2003,COS,CO,ANM,WE,Towers with Radar,40,64,21,27,152,0,11,119,16,146,40,75,140,43,298,116,48,164,462
01/20/2003,COS,CO,ANM,WE,Towers with Radar,46,79,32,27,184,0,14,98,21,133,46,93,130,48,317,84,8,92,409
01/21/2003,COS,CO,ANM,WE,Towers with Radar,52,105,40,65,262,0,39,104,45,188,52,144,144,110,450,200,76,276,726
01/22/2003,COS,CO,ANM,WE,Towers with Radar,51,138,31,32,252,0,19,14,22,55,51,157,45,54,307,36,38,74,381
01/23/2003,COS,CO,ANM,WE,Towers with Radar,62,116,38,46,262,0,25,62,70,157,62,141,100,116,419,252,122,374,793
01/24/2003,COS,CO,ANM,WE,Towers with Radar,56,86,35,41,218,1,20,136,40,197,57,106,171,81,415,176,28,204,619
01/25/2003,COS,CO,ANM,WE,Towers with Radar,46,77,32,30,185,1,29,154,58,242,47,106,186,88,427,236,20,256,683
01/26/2003,COS,CO,ANM,WE,Towers with Radar,43,65,26,30,164,1,3,117,9,130,44,68,143,39,294,164,6,170,464
01/27/2003,COS,CO,ANM,WE,Towers with Radar,37,63,20,26,146,9,20,74,40,143,46,83,94,66,289,188,48,236,525
01/28/2003,COS,CO,ANM,WE,Towers with Radar,50,86,30,43,209,1,10,53,47,111,51,96,83,90,320,46,16,62,382
01/29/2003,COS,CO,ANM,WE,Towers with Radar,54,88,34,59,235,1,2,94,192,289,55,90,128,251,524,154,108,262,786
01/30/2003,COS,CO,ANM,WE,Towers with Radar,55,98,32,38,223,0,10,51,114,175,55,108,83,152,398,86,66,152,550
01/31/2003,COS,CO,ANM,WE,Towers with Radar,51,87,43,22,203,1,3,65,108,177,52,90,108,130,380,248,30,278,658
02/01/2003,COS,CO,ANM,WE,Towers with Radar,40,75,22,17,154,1,19,162,79,261,41,94,184,96,415,280,8,288,703
02/02/2003,COS,CO,ANM,WE,Towers with Radar,41,63,29,9,142,1,4,31,3,39,42,67,60,12,181,6,0,6,187
02/03/2003,COS,CO,ANM,WE,Towers with Radar,43,82,18,15,158,1,14,53,66,134,44,96,71,81,292,64,28,92,384
02/04/2003,COS,CO,ANM,WE,Towers with Radar,55,82,34,61,232,1,3,62,349,415,56,85,96,410,647,110,406,516,1163
02/05/2003,COS,CO,ANM,WE,Towers with Radar,48,85,34,26,193,1,2,5,0,8,49,87,39,26,201,2,0,2,203
02/06/2003,COS,CO,ANM,WE,Towers with Radar,51,88,42,25,206,1,25,2,0,28,52,113,44,25,234,8,16,24,258
02/07/2003,COS,CO,ANM,WE,Towers with Radar,51,89,27,33,200,1,18,69,12,100,52,107,96,45,300,194,20,214,514
02/08/2003,COS,CO,ANM,WE,Towers with Radar,42,67,37,37,183,1,2,137,50,190,43,69,174,87,373,276,0,276,649
02/09/2003,COS,CO,ANM,WE,Towers with Radar,41,68,27,20,156,1,4,47,12,64,42,72,74,32,220,186,0,186,406
02/10/2003,COS,CO,ANM,WE,Towers with Radar,51,82,21,25,179,0,7,35,167,209,51,89,56,192,388,6,20,26,414
02/11/2003,COS,CO,ANM,WE,Towers with Radar,55,85,45,44,229,0,16,102,136,254,55,101,147,180,483,214,58,272,755
02/12/2003,COS,CO,ANM,WE,Towers with Radar,52,85,26,31,194,0,6,115,137,258,52,91,141,168,452,158,24,182,634
02/13/2003,COS,CO,ANM,WE,Towers with Radar,55,91,48,44,238,0,17,87,134,238,55,108,135,178,476,280,38,318,794
02/14/2003,COS,CO,ANM,WE,Towers with Radar,54,85,43,25,207,0,0,61,89,150,54,85,104,114,357,70,26,96,453
02/15/2003,COS,CO,ANM,WE,Towers with Radar,46,74,35,15,170,0,4,46,2,52,46,78,81,17,222,150,0,150,372
02/16/2003,COS,CO,ANM,WE,Towers with Radar,46,71,41,25,183,0,1,10,0,11,46,72,51,25,194,6,2,8,202
02/17/2003,COS,CO,ANM,WE,Towers with Radar,44,88,36,16,184,0,12,149,5,166,44,100,185,21,350,384,16,400,750
02/18/2003,COS,CO,ANM,WE,Towers with Radar,54,96,30,46,226,0,8,48,55,111,54,104,78,101,337,146,18,164,501
02/19/2003,COS,CO,ANM,WE,Towers with Radar,60,95,58,33,246,0,0,62,1,63,60,95,120,34,309,62,10,72,381
02/20/2003,COS,CO,ANM,WE,Towers with Radar,53,89,42,46,230,0,0,112,150,262,53,89,154,196,492,270,60,330,822
02/21/2003,COS,CO,ANM,WE,Towers with Radar,54,103,44,39,240,0,11,97,126,234,54,114,141,165,474,200,76,276,750
02/22/2003,COS,CO,ANM,WE,Towers with Radar,42,74,40,20,176,0,5,111,66,182,42,79,151,86,358,228,46,274,632
02/23/2003,COS,CO,ANM,WE,Towers with Radar,45,67,42,20,174,0,0,17,1,18,45,67,59,21,192,36,2,38,230
02/24/2003,COS,CO,ANM,WE,Towers with Radar,42,83,24,32,181,0,0,0,26,26,42,83,24,58,207,8,0,8,215
02/25/2003,COS,CO,ANM,WE,Towers with Radar,46,89,28,55,218,0,4,44,151,199,46,93,72,206,417,156,110,266,683
02/26/2003,COS,CO,ANM,WE,Towers with Radar,50,87,37,33,207,0,9,15,2,26,50,96,52,35,233,22,4,26,259
02/27/2003,COS,CO,ANM,WE,Towers with Radar,50,93,46,52,241,0,1,17,2,20,50,94,63,54,261,50,38,88,349
02/28/2003,COS,CO,ANM,WE,Towers with Radar,51,88,26,27,192,0,5,5,5,15,51,93,31,32,207,0,0,0,207
03/01/2003,COS,CO,ANM,WE,Towers with Radar,46,74,43,14,177,1,1,69,277,348,47,75,112,291,525,170,14,184,709
03/02/2003,COS,CO,ANM,WE,Towers with Radar,43,78,32,30,183,0,91,93,16,200,43,169,125,46,383,74,0,74,457
03/03/2003,COS,CO,ANM,WE,Towers with Radar,50,82,20,45,197,0,40,107,104,251,50,122,127,149,448,210,88,298,746
03/04/2003,COS,CO,ANM,WE,Towers with Radar,54,99,30,55,238,0,1,25,181,207,54,100,55,236,445,34,60,94,539
03/05/2003,COS,CO,ANM,WE,Towers with Radar,54,88,41,63,246,0,13,45,26,84,54,101,86,89,330,56,38,94,424
03/06/2003,COS,CO,ANM,WE,Towers with Radar,52,94,33,36,215,0,11,87,78,176,52,105,120,114,391,146,40,186,577
03/07/2003,COS,CO,ANM,WE,Towers with Radar,54,88,30,35,207,0,7,98,108,213,54,95,128,143,420,258,206,464,884
03/08/2003,COS,CO,ANM,WE,Towers with Radar,47,82,34,30,193,0,2,149,100,251,47,84,183,130,444,250,26,276,720
03/09/2003,COS,CO,ANM,WE,Towers with Radar,42,70,29,26,167,0,12,146,16,174,42,82,175,42,341,127,20,147,488
03/10/2003,COS,CO,ANM,WE,Towers with Radar,50,84,32,22,188,1,9,86,81,177,51,93,118,103,365,204,44,248,613
03/11/2003,COS,CO,ANM,WE,Towers with Radar,53,87,33,54,227,1,26,108,108,243,54,113,141,162,470,230,104,334,804
03/12/2003,COS,CO,ANM,WE,Towers with Radar,53,88,37,41,219,1,5,129,150,285,54,93,166,191,504,172,104,276,780
03/13/2003,COS,CO,ANM,WE,Towers with Radar,51,87,38,32,208,1,10,151,125,287,52,97,189,157,495,230,122,352,847
03/14/2003,COS,CO,ANM,WE,Towers with Radar,53,94,37,38,222,1,27,157,93,278,54,121,194,131,500,270,76,346,846
03/15/2003,COS,CO,ANM,WE,Towers with Radar,45,82,44,19,190,1,15,189,80,285,46,97,233,99,475,304,94,398,873
03/16/2003,COS,CO,ANM,WE,Towers with Radar,40,74,46,15,175,1,6,128,6,141,41,80,174,21,316,288,12,300,616
03/17/2003,COS,CO,ANM,WE,Towers with Radar,48,79,36,24,187,1,3,20,23,47,49,82,56,47,234,32,36,68,302
03/18/2003,COS,CO,ANM,WE,Towers with Radar,43,68,18,13,142,1,0,1,0,2,44,68,19,13,144,0,0,0,144
03/19/2003,COS,CO,ANM,WE,Towers with Radar,31,68,17,11,127,1,0,3,0,4,32,68,20,11,131,0,0,0,131
03/20/2003,COS,CO,ANM,WE,Towers with Radar,56,92,65,25,238,1,69,59,1,130,57,161,124,26,368,146,12,158,526
03/21/2003,COS,CO,ANM,WE,Towers with Radar,54,108,40,33,235,1,10,20,35,66,55,118,60,68,301,86,20,106,407
03/22/2003,COS,CO,ANM,WE,Towers with Radar,44,75,28,21,168,1,14,169,80,264,45,89,197,101,432,244,34,278,710
03/23/2003,COS,CO,ANM,WE,Towers with Radar,40,72,43,20,175,1,20,158,90,269,41,92,201,110,444,214,32,246,690
03/24/2003,COS,CO,ANM,WE,Towers with Radar,47,81,31,18,177,1,9,25,41,76,48,90,56,59,253,28,16,44,297
03/25/2003,COS,CO,ANM,WE,Towers with Radar,55,88,29,41,213,0,17,101,93,211,55,105,130,134,424,202,242,444,868
03/26/2003,COS,CO,ANM,WE,Towers with Radar,57,98,44,40,239,0,0,78,89,167,57,98,122,129,406,134,46,180,586
03/27/2003,COS,CO,ANM,WE,Towers with Radar,55,87,11,15,168,0,8,7,1,16,55,95,18,16,184,2,2,4,188
03/28/2003,COS,CO,ANM,WE,Towers with Radar,56,88,32,18,194,0,3,28,21,52,56,91,60,39,246,8,0,8,254
03/29/2003,COS,CO,ANM,WE,Towers with Radar,46,69,16,15,146,0,6,110,71,187,46,75,126,86,333,120,144,264,597
03/30/2003,COS,CO,ANM,WE,Towers with Radar,43,64,37,17,161,0,16,120,30,166,43,80,157,47,327,120,4,124,451
03/31/2003,COS,CO,ANM,WE,Towers with Radar,50,75,33,23,181,0,14,81,87,182,50,89,114,110,363,150,70,220,583
04/01/2003,COS,CO,ANM,WE,Towers with Radar,59,82,27,35,203,0,4,96,103,203,59,86,123,138,406,232,166,398,804
04/02/2003,COS,CO,ANM,WE,Towers with Radar,56,85,23,35,199,0,0,62,84,146,56,85,85,119,345,54,38,92,437
04/03/2003,COS,CO,ANM,WE,Towers with Radar,70,87,28,49,234,0,6,58,34,98,70,93,86,83,332,110,42,152,484
04/04/2003,COS,CO,ANM,WE,Towers with Radar,62,84,29,28,203,0,5,68,76,149,62,89,97,104,352,212,46,258,610
04/05/2003,COS,CO,ANM,WE,Towers with Radar,57,67,27,38,189,0,1,27,1,29,57,68,54,39,218,18,0,18,236
04/06/2003,COS,CO,ANM,WE,Towers with Radar,45,75,34,36,190,0,1,35,2,38,45,76,69,38,228,117,18,135,363
04/07/2003,COS,CO,ANM,WE,Towers with Radar,57,81,32,39,209,0,0,15,10,25,57,81,47,49,234,36,20,56,290
04/08/2003,COS,CO,ANM,WE,Towers with Radar,64,78,45,50,237,0,1,111,37,149,64,79,156,87,386,224,112,336,722
04/09/2003,COS,CO,ANM,WE,Towers with Radar,59,92,46,38,235,0,4,177,61,242,59,96,223,99,477,298,140,438,915
04/10/2003,COS,CO,ANM,WE,Towers with Radar,58,80,47,52,237,0,6,147,40,193,58,86,194,92,430,294,76,370,800
04/11/2003,COS,CO,ANM,WE,Towers with Radar,92,85,46,48,271,0,7,111,41,159,92,92,157,89,430,276,84,360,790
04/12/2003,COS,CO,ANM,WE,Towers with Radar,47,64,25,29,165,0,0,161,45,206,47,64,186,74,371,194,170,364,735
04/13/2003,COS,CO,ANM,WE,Towers with Radar,43,64,22,34,163,0,0,111,20,131,43,64,133,54,294,292,70,362,656
04/14/2003,COS,CO,ANM,WE,Towers with Radar,47,74,24,32,177,0,3,72,22,97,47,77,96,54,274,120,74,194,468
04/15/2003,COS,CO,ANM,WE,Towers with Radar,53,79,29,23,184,0,2,43,11,56,53,81,72,34,240,104,28,132,372
04/16/2003,COS,CO,ANM,WE,Towers with Radar,56,77,33,36,202,0,8,57,38,103,56,85,90,74,305,76,140,216,521
04/17/2003,COS,CO,ANM,WE,Towers with Radar,81,96,31,55,263,0,0,55,31,86,81,96,86,86,349,24,130,154,503
04/18/2003,COS,CO,ANM,WE,Towers with Radar,61,76,41,32,210,0,1,58,10,69,61,77,99,42,279,60,14,74,353
04/19/2003,COS,CO,ANM,WE,Towers with Radar,50,66,23,12,151,0,0,6,0,6,50,66,29,12,157,14,0,14,171
04/20/2003,COS,CO,ANM,WE,Towers with Radar,42,60,31,6,139,0,2,46,0,48,42,62,77,6,187,78,0,78,265
04/21/2003,COS,CO,ANM,WE,Towers with Radar,52,72,36,37,197,0,0,76,34,110,52,72,112,71,307,68,106,174,481
04/22/2003,COS,CO,ANM,WE,Towers with Radar,52,79,44,54,229,0,2,57,31,90,52,81,101,85,319,118,176,294,613
04/23/2003,COS,CO,ANM,WE,Towers with Radar,54,81,37,22,194,0,0,11,0,11,54,81,48,22,205,0,24,24,229
04/24/2003,COS,CO,ANM,WE,Towers with Radar,54,80,35,34,203,0,0,37,14,51,54,80,72,48,254,86,28,114,368
04/25/2003,COS,CO,ANM,WE,Towers with Radar,53,93,43,26,215,0,7,141,26,174,53,100,184,52,389,294,124,418,807
04/26/2003,COS,CO,ANM,WE,Towers with Radar,44,73,35,16,168,0,0,135,13,148,44,73,170,29,316,310,18,328,644
04/27/2003,COS,CO,ANM,WE,Towers with Radar,44,60,17,21,142,0,1,96,7,104,44,61,113,28,246,140,30,170,416
04/28/2003,COS,CO,ANM,WE,Towers with Radar,49,73,36,47,205,0,0,45,5,50,49,73,81,52,255,154,30,184,439
04/29/2003,COS,CO,ANM,WE,Towers with Radar,58,82,31,42,213,0,1,92,14,107,58,83,123,56,320,108,34,142,462
04/30/2003,COS,CO,ANM,WE,Towers with Radar,52,84,36,34,206,0,3,65,18,86,52,87,101,52,292,144,2,146,438
05/01/2003,COS,CO,ANM,WE,Towers with Radar,47,89,39,20,195,0,7,99,32,138,47,96,138,52,333,140,108,248,581
05/02/2003,COS,CO,ANM,WE,Towers with Radar,49,75,66,73,263,0,3,67,32,102,49,78,133,105,365,82,72,154,519
05/03/2003,COS,CO,ANM,WE,Towers with Radar,42,69,28,22,161,0,2,87,36,125,42,71,115,58,286,74,134,208,494
05/04/2003,COS,CO,ANM,WE,Towers with Radar,39,65,43,16,163,0,4,64,3,71,39,69,107,19,234,134,0,134,368
05/05/2003,COS,CO,ANM,WE,Towers with Radar,49,71,31,15,166,0,5,99,19,123,49,76,130,34,289,114,16,130,419
05/06/2003,COS,CO,ANM,WE,Towers with Radar,47,71,39,33,190,0,2,47,20,69,47,73,86,53,259,86,58,144,403
05/07/2003,COS,CO,ANM,WE,Towers with Radar,56,80,65,38,239,1,0,58,10,69,57,80,123,48,308,68,20,88,396
05/08/2003,COS,CO,ANM,WE,Towers with Radar,58,71,43,30,202,2,0,58,2,62,60,71,101,32,264,78,10,88,352
05/09/2003,COS,CO,ANM,WE,Towers with Radar,54,68,37,22,181,3,0,41,17,61,57,68,78,39,242,81,22,103,345
05/10/2003,COS,CO,ANM,WE,Towers with Radar,40,48,29,20,137,11,11,32,2,56,51,59,61,22,193,114,0,114,307
05/11/2003,COS,CO,ANM,WE,Towers with Radar,32,37,22,6,97,2,7,73,0,82,34,44,95,6,179,80,10,90,269
05/12/2003,COS,CO,ANM,WE,Towers with Radar,50,64,23,23,160,5,3,99,10,117,55,67,122,33,277,96,6,102,379
05/13/2003,COS,CO,ANM,WE,Towers with Radar,50,70,37,25,182,17,0,107,52,176,67,70,144,77,358,82,60,142,500
05/14/2003,COS,CO,ANM,WE,Towers with Radar,55,72,39,37,203,33,0,103,20,156,88,72,142,57,359,139,8,147,506
05/15/2003,COS,CO,ANM,WE,Towers with Radar,55,66,24,46,191,30,3,75,10,118,85,69,99,56,309,78,8,86,395
05/16/2003,COS,CO,ANM,WE,Towers with Radar,61,70,43,26,200,26,4,138,35,203,87,74,181,61,403,118,40,158,561
05/17/2003,COS,CO,ANM,WE,Towers with Radar,72,55,20,22,169,13,3,172,39,227,85,58,192,61,396,116,82,198,594
05/18/2003,COS,CO,ANM,WE,Towers with Radar,54,60,37,17,168,14,3,144,13,174,68,63,181,30,342,68,54,122,464
05/19/2003,COS,CO,ANM,WE,Towers with Radar,53,64,27,30,174,13,1,36,6,56,66,65,63,36,230,22,12,34,264
05/20/2003,COS,CO,ANM,WE,Towers with Radar,58,68,46,23,195,21,2,52,12,87,79,70,98,35,282,4,2,6,288
05/21/2003,COS,CO,ANM,WE,Towers with Radar,58,71,40,26,195,2,7,145,52,206,60,78,185,78,401,254,38,292,693
05/22/2003,COS,CO,ANM,WE,Towers with Radar,57,68,46,23,194,2,4,138,53,197,59,72,184,76,391,154,108,262,653
05/23/2003,COS,CO,ANM,WE,Towers with Radar,58,73,41,41,213,29,3,137,31,200,87,76,178,72,413,72,30,102,515
05/24/2003,COS,CO,ANM,WE,Towers with Radar,50,60,26,13,149,34,3,103,3,143,84,63,129,16,292,72,0,72,364
05/25/2003,COS,CO,ANM,WE,Towers with Radar,47,53,64,16,180,19,1,9,2,31,66,54,73,18,211,4,2,6,217
05/26/2003,COS,CO,ANM,WE,Towers with Radar,47,65,62,16,190,35,2,128,3,168,82,67,190,19,358,202,4,206,564
05/27/2003,COS,CO,ANM,WE,Towers with Radar,52,65,30,48,195,13,7,100,34,154,65,72,130,82,349,132,38,170,519
05/28/2003,COS,CO,ANM,WE,Towers with Radar,59,73,35,34,201,23,2,107,6,138,82,75,142,40,339,160,6,166,505
05/29/2003,COS,CO,ANM,WE,Towers with Radar,57,69,21,29,176,0,3,137,35,175,57,72,158,64,351,150,20,170,521
05/30/2003,COS,CO,ANM,WE,Towers with Radar,55,75,32,35,197,47,2,115,15,179,102,77,147,50,376,160,10,170,546
05/31/2003,COS,CO,ANM,WE,Towers with Radar,69,58,50,14,191,23,0,101,0,124,92,58,151,14,315,118,14,132,447
06/01/2003,COS,CO,ANM,WE,Towers with Radar,51,51,38,37,177,0,0,94,2,96,51,51,132,39,273,134,0,134,407
06/02/2003,COS,CO,ANM,WE,Towers with Radar,55,65,40,30,190,0,2,107,22,131,55,67,147,52,321,176,36,212,533
06/03/2003,COS,CO,ANM,WE,Towers with Radar,61,77,48,35,221,0,0,120,55,175,61,77,168,90,396,350,90,440,836
06/04/2003,COS,CO,ANM,WE,Towers with Radar,60,67,48,41,216,0,1,30,71,102,60,68,78,112,318,164,228,392,710
06/05/2003,COS,CO,ANM,WE,Towers with Radar,58,74,62,44,238,0,0,35,10,45,58,74,97,54,283,124,36,160,443
06/06/2003,COS,CO,ANM,WE,Towers with Radar,60,78,24,39,201,0,1,126,65,192,60,79,150,104,393,272,214,486,879
06/07/2003,COS,CO,ANM,WE,Towers with Radar,54,55,34,41,184,0,1,59,10,70,54,56,93,51,254,280,30,310,564
06/08/2003,COS,CO,ANM,WE,Towers with Radar,51,55,33,30,169,0,5,160,22,187,51,60,193,52,356,272,58,330,686
06/09/2003,COS,CO,ANM,WE,Towers with Radar,62,66,34,25,187,0,0,122,26,148,62,66,156,51,335,300,36,336,671
06/10/2003,COS,CO,ANM,WE,Towers with Radar,57,74,45,42,218,0,4,117,79,200,57,78,162,121,418,188,112,300,718
06/11/2003,COS,CO,ANM,WE,Towers with Radar,56,68,38,33,195,0,3,157,106,266,56,71,195,139,461,294,170,464,925
06/12/2003,COS,CO,ANM,WE,Towers with Radar,68,66,33,40,207,0,4,81,26,111,68,70,114,66,318,254,122,376,694
06/13/2003,COS,CO,ANM,WE,Towers with Radar,72,65,44,19,200,0,0,85,41,126,72,65,129,60,326,264,104,368,694
06/14/2003,COS,CO,ANM,WE,Towers with Radar,57,51,40,13,161,0,4,148,42,194,57,55,188,55,355,196,100,296,651
06/15/2003,COS,CO,ANM,WE,Towers with Radar,50,55,37,28,170,3,1,153,6,163,53,56,190,34,333,210,0,210,543
06/16/2003,COS,CO,ANM,WE,Towers with Radar,51,56,38,29,174,4,0,70,36,110,55,56,108,65,284,242,74,316,600
06/17/2003,COS,CO,ANM,WE,Towers with Radar,61,75,17,25,178,0,4,100,22,126,61,79,117,47,304,192,90,282,586
06/18/2003,COS,CO,ANM,WE,Towers with Radar,64,74,74,42,254,0,4,75,22,101,64,78,149,64,355,230,116,346,701
06/19/2003,COS,CO,ANM,WE,Towers with Radar,66,79,97,63,305,0,0,42,9,51,66,79,139,72,356,106,86,192,548
06/20/2003,COS,CO,ANM,WE,Towers with Radar,63,86,74,29,252,0,0,93,17,110,63,86,167,46,362,202,46,248,610
06/21/2003,COS,CO,ANM,WE,Towers with Radar,52,56,38,29,175,6,4,254,16,280,58,60,292,45,455,192,44,236,691
06/22/2003,COS,CO,ANM,WE,Towers with Radar,55,65,47,34,201,0,3,191,26,220,55,68,238,60,421,272,20,292,713
06/23/2003,COS,CO,ANM,WE,Towers with Radar,54,54,48,34,190,0,0,100,22,122,54,54,148,56,312,152,22,174,486
06/24/2003,COS,CO,ANM,WE,Towers with Radar,60,68,42,31,201,0,0,82,12,94,60,68,124,43,295,192,8,200,495
06/25/2003,COS,CO,ANM,WE,Towers with Radar,59,71,35,33,198,0,0,97,29,126,59,71,132,62,324,224,146,370,694
06/26/2003,COS,CO,ANM,WE,Towers with Radar,64,66,51,44,225,0,0,69,15,84,64,66,120,59,309,344,77,421,730
06/27/2003,COS,CO,ANM,WE,Towers with Radar,63,66,38,27,194,0,4,179,32,215,63,70,217,59,409,318,60,378,787
06/28/2003,COS,CO,ANM,WE,Towers with Radar,49,54,37,27,167,8,12,156,15,191,57,66,193,42,358,122,12,134,492
06/29/2003,COS,CO,ANM,WE,Towers with Radar,54,60,50,18,182,0,5,80,4,89,54,65,130,22,271,120,2,122,393
06/30/2003,COS,CO,ANM,WE,Towers with Radar,53,61,36,30,180,0,2,102,23,127,53,63,138,53,307,154,50,204,511
07/01/2003,COS,CO,ANM,WE,Towers with Radar,59,68,16,22,165,1,0,120,33,154,60,68,136,55,319,98,124,222,541
07/02/2003,COS,CO,ANM,WE,Towers with Radar,58,72,46,38,214,1,2,161,32,196,59,74,207,70,410,186,88,274,684
07/03/2003,COS,CO,ANM,WE,Towers with Radar,57,73,53,17,200,1,1,158,24,184,58,74,211,41,384,156,58,214,598
07/04/2003,COS,CO,ANM,WE,Towers with Radar,46,54,27,7,134,1,0,125,3,129,47,54,152,10,263,112,14,126,389
07/05/2003,COS,CO,ANM,WE,Towers with Radar,50,67,25,12,154,1,0,104,9,114,51,67,129,21,268,106,4,110,378
07/06/2003,COS,CO,ANM,WE,Towers with Radar,53,58,50,15,176,1,0,92,1,94,54,58,142,16,270,44,0,44,314
07/07/2003,COS,CO,ANM,WE,Towers with Radar,54,69,28,31,182,1,2,99,20,122,55,71,127,51,304,174,70,244,548
07/08/2003,COS,CO,ANM,WE,Towers with Radar,59,67,36,36,198,1,0,120,37,158,60,67,156,73,356,192,202,394,750
07/09/2003,COS,CO,ANM,WE,Towers with Radar,56,85,46,43,230,1,0,129,47,177,57,85,175,90,407,150,190,340,747
07/10/2003,COS,CO,ANM,WE,Towers with Radar,47,59,51,37,194,1,0,134,19,154,48,59,185,56,348,262,120,382,730
07/11/2003,COS,CO,ANM,WE,Towers with Radar,48,63,41,45,197,1,6,100,20,127,49,69,141,65,324,178,58,236,560
07/12/2003,COS,CO,ANM,WE,Towers with Radar,57,66,30,43,196,1,0,145,5,151,58,66,175,48,347,194,42,236,583
07/13/2003,COS,CO,ANM,WE,Towers with Radar,48,58,35,25,166,0,0,150,17,167,48,58,185,42,333,182,24,206,539
07/14/2003,COS,CO,ANM,WE,Towers with Radar,52,78,28,27,185,1,0,123,25,149,53,78,151,52,334,100,58,158,492
07/15/2003,COS,CO,ANM,WE,Towers with Radar,57,71,29,44,201,1,1,90,16,108,58,72,119,60,309,140,48,188,497
07/16/2003,COS,CO,ANM,WE,Towers with Radar,61,77,52,24,214,1,5,114,17,137,62,82,166,41,351,186,66,252,603
07/17/2003,COS,CO,ANM,WE,Towers with Radar,59,69,40,42,210,0,2,94,30,126,59,71,134,72,336,178,144,322,658
07/18/2003,COS,CO,ANM,WE,Towers with Radar,62,68,53,30,213,0,3,123,21,147,62,71,176,51,360,144,114,258,618
07/19/2003,COS,CO,ANM,WE,Towers with Radar,57,62,27,21,167,0,1,87,16,104,57,63,114,37,271,70,32,102,373
07/20/2003,COS,CO,ANM,WE,Towers with Radar,51,59,50,31,191,0,2,124,7,133,51,61,174,38,324,162,12,174,498
07/21/2003,COS,CO,ANM,WE,Towers with Radar,70,68,32,19,189,0,0,91,17,108,70,68,123,36,297,144,74,218,515
07/22/2003,COS,CO,ANM,WE,Towers with Radar,66,66,38,18,188,0,1,98,32,131,66,67,136,50,319,238,114,352,671
07/23/2003,COS,CO,ANM,WE,Towers with Radar,55,79,47,28,209,0,2,129,16,147,55,81,176,44,356,190,16,206,562
07/24/2003,COS,CO,ANM,WE,Towers with Radar,62,75,40,35,212,0,3,119,40,162,62,78,159,75,374,88,116,204,578
07/25/2003,COS,CO,ANM,WE,Towers with Radar,63,71,34,39,207,0,3,136,27,166,63,74,170,66,373,62,108,170,543
07/26/2003,COS,CO,ANM,WE,Towers with Radar,57,67,33,10,167,0,6,145,11,162,57,73,178,21,329,156,6,162,491
07/27/2003,COS,CO,ANM,WE,Towers with Radar,51,63,50,16,180,0,2,72,2,76,51,65,122,18,256,56,10,66,322
07/28/2003,COS,CO,ANM,WE,Towers with Radar,56,63,43,20,182,0,0,65,17,82,56,63,108,37,264,88,68,156,420
07/29/2003,COS,CO,ANM,WE,Towers with Radar,62,84,44,32,222,0,0,103,41,144,62,84,147,73,366,118,90,208,574
07/30/2003,COS,CO,ANM,WE,Towers with Radar,59,88,51,36,234,0,5,121,45,171,59,93,172,81,405,156,116,272,677
07/31/2003,COS,CO,ANM,WE,Towers with Radar,70,79,58,21,228,0,1,129,16,146,70,80,187,37,374,192,14,206,580
08/01/2003,COS,CO,ANM,WE,Towers with Radar,58,78,53,37,226,1,1,124,38,164,59,79,177,75,390,144,84,228,618
08/02/2003,COS,CO,ANM,WE,Towers with Radar,53,66,27,13,159,0,0,160,12,172,53,66,187,25,331,110,52,162,493
08/03/2003,COS,CO,ANM,WE,Towers with Radar,50,69,42,18,179,1,13,121,6,141,51,82,163,24,320,72,0,72,392
08/04/2003,COS,CO,ANM,WE,Towers with Radar,51,65,26,19,161,1,0,112,8,121,52,65,138,27,282,146,14,160,442
08/05/2003,COS,CO,ANM,WE,Towers with Radar,56,73,35,41,205,0,1,175,24,200,56,74,210,65,405,200,62,262,667
08/06/2003,COS,CO,ANM,WE,Towers with Radar,57,78,42,38,215,0,0,147,33,180,57,78,189,71,395,318,138,456,851
08/07/2003,COS,CO,ANM,WE,Towers with Radar,60,77,42,25,204,0,3,136,29,168,60,80,178,54,372,242,40,282,654
08/08/2003,COS,CO,ANM,WE,Towers with Radar,57,72,40,36,205,0,1,172,22,195,57,73,212,58,400,386,38,424,824
08/09/2003,COS,CO,ANM,WE,Towers with Radar,54,63,28,21,166,0,0,165,23,188,54,63,193,44,354,228,22,250,604
08/10/2003,COS,CO,ANM,WE,Towers with Radar,47,59,50,42,198,0,0,109,5,114,47,59,159,47,312,182,24,206,518
08/11/2003,COS,CO,ANM,WE,Towers with Radar,52,71,38,34,195,0,0,113,22,135,52,71,151,56,330,290,201,491,821
08/12/2003,COS,CO,ANM,WE,Towers with Radar,56,79,41,37,213,0,1,159,25,185,56,80,200,62,398,416,110,526,924
08/13/2003,COS,CO,ANM,WE,Towers with Radar,58,82,35,29,204,0,2,151,39,192,58,84,186,68,396,333,188,521,917
08/14/2003,COS,CO,ANM,WE,Towers with Radar,55,83,46,31,215,0,4,136,42,182,55,87,182,73,397,424,150,574,971
08/15/2003,COS,CO,ANM,WE,Towers with Radar,56,78,44,32,210,0,0,142,39,181,56,78,186,71,391,422,156,578,969
08/16/2003,COS,CO,ANM,WE,Towers with Radar,52,67,31,29,179,0,2,151,21,174,52,69,182,50,353,218,44,262,615
08/17/2003,COS,CO,ANM,WE,Towers with Radar,46,63,46,23,178,0,1,119,6,126,46,64,165,29,304,192,0,192,496
08/18/2003,COS,CO,ANM,WE,Towers with Radar,52,74,40,59,225,0,0,86,17,103,52,74,126,76,328,360,168,528,856
08/19/2003,COS,CO,ANM,WE,Towers with Radar,56,79,42,33,210,0,1,119,28,148,56,80,161,61,358,542,110,652,1010
08/20/2003,COS,CO,ANM,WE,Towers with Radar,53,79,47,35,214,0,9,133,29,171,53,88,180,64,385,374,192,566,951
08/21/2003,COS,CO,ANM,WE,Towers with Radar,45,59,31,28,163,0,1,106,28,135,45,60,137,56,298,250,132,382,680
08/22/2003,COS,CO,ANM,WE,Towers with Radar,62,63,24,31,180,0,2,113,28,143,62,65,137,59,323,240,112,352,675
08/23/2003,COS,CO,ANM,WE,Towers with Radar,49,65,38,29,181,5,9,114,12,140,54,74,152,41,321,142,38,180,501
08/24/2003,COS,CO,ANM,WE,Towers with Radar,52,61,43,37,193,0,1,156,16,173,52,62,199,53,366,208,44,252,618
08/25/2003,COS,CO,ANM,WE,Towers with Radar,52,72,38,33,195,0,0,129,47,176,52,72,167,80,371,278,36,314,685
08/26/2003,COS,CO,ANM,WE,Towers with Radar,51,77,33,35,196,0,3,126,49,178,51,80,159,84,374,240,190,430,804
08/27/2003,COS,CO,ANM,WE,Towers with Radar,55,74,47,36,212,0,1,131,40,172,55,75,178,76,384,266,138,404,788
08/28/2003,COS,CO,ANM,WE,Towers with Radar,55,70,77,48,250,0,4,106,28,138,55,74,183,76,388,78,108,186,574
08/29/2003,COS,CO,ANM,WE,Towers with Radar,57,74,48,35,214,0,2,132,25,159,57,76,180,60,373,180,62,242,615
08/30/2003,COS,CO,ANM,WE,Towers with Radar,47,64,54,8,173,0,0,16,1,17,47,64,70,9,190,110,0,110,300
08/31/2003,COS,CO,ANM,WE,Towers with Radar,37,57,61,13,168,0,0,10,0,10,37,57,71,13,178,20,0,20,198
09/01/2003,COS,CO,ANM,WE,Towers with Radar,49,64,96,9,218,0,1,104,1,106,49,65,200,10,324,148,0,148,472
09/02/2003,COS,CO,ANM,WE,Towers with Radar,51,72,39,50,212,0,0,117,34,151,51,72,156,84,363,192,106,298,661
09/03/2003,COS,CO,ANM,WE,Towers with Radar,54,82,54,28,218,0,0,73,18,91,54,82,127,46,309,76,8,84,393
09/04/2003,COS,CO,ANM,WE,Towers with Radar,65,77,43,33,218,0,1,120,64,185,65,78,163,97,403,346,108,454,857
09/05/2003,COS,CO,ANM,WE,Towers with Radar,63,76,33,42,214,0,0,131,63,194,63,76,164,105,408,322,216,538,946
09/06/2003,COS,CO,ANM,WE,Towers with Radar,52,67,28,31,178,0,2,107,49,158,52,69,135,80,336,228,190,418,754
09/07/2003,COS,CO,ANM,WE,Towers with Radar,50,54,37,25,166,0,0,37,0,37,50,54,74,25,203,68,0,68,271
09/08/2003,COS,CO,ANM,WE,Towers with Radar,56,68,42,26,192,0,1,105,35,141,56,69,147,61,333,148,52,200,533
09/09/2003,COS,CO,ANM,WE,Towers with Radar,56,67,41,33,197,0,1,79,25,105,56,68,120,58,302,248,94,342,644
09/10/2003,COS,CO,ANM,WE,Towers with Radar,60,69,42,45,216,0,1,70,19,90,60,70,112,64,306,120,122,242,548
09/11/2003,COS,CO,ANM,WE,Towers with Radar,52,64,43,41,200,0,3,124,51,178,52,67,167,92,378,262,98,360,738
09/12/2003,COS,CO,ANM,WE,Towers with Radar,60,72,33,58,223,0,4,163,42,209,60,76,196,100,432,324,150,474,906
09/13/2003,COS,CO,ANM,WE,Towers with Radar,52,64,34,27,177,0,0,54,8,62,52,64,88,35,239,106,16,122,361
09/14/2003,COS,CO,ANM,WE,Towers with Radar,51,61,32,36,180,0,0,93,4,97,51,61,125,40,277,108,8,116,393
09/15/2003,COS,CO,ANM,WE,Towers with Radar,52,62,26,27,167,0,0,135,43,178,52,62,161,70,345,196,136,332,677
09/16/2003,COS,CO,ANM,WE,Towers with Radar,51,64,38,33,186,0,7,102,41,150,51,71,140,74,336,196,68,264,600
09/17/2003,COS,CO,ANM,WE,Towers with Radar,62,89,37,26,214,0,4,108,28,140,62,93,145,54,354,188,52,240,594
09/18/2003,COS,CO,ANM,WE,Towers with Radar,59,73,54,33,219,0,2,110,21,133,59,75,164,54,352,166,38,204,556
09/19/2003,COS,CO,ANM,WE,Towers with Radar,64,71,42,41,218,0,1,162,34,197,64,72,204,75,415,244,116,360,775
09/20/2003,COS,CO,ANM,WE,Towers with Radar,53,61,39,32,185,4,0,100,29,133,57,61,139,61,318,152,0,152,470
09/21/2003,COS,CO,ANM,WE,Towers with Radar,51,53,49,24,177,0,1,125,5,131,51,54,174,29,308,132,0,132,440
09/22/2003,COS,CO,ANM,WE,Towers with Radar,47,57,35,29,168,2,7,140,43,192,49,64,175,72,360,205,10,215,575
09/23/2003,COS,CO,ANM,WE,Towers with Radar,55,71,35,45,206,0,1,113,63,177,55,72,148,108,383,176,68,244,627
09/24/2003,COS,CO,ANM,WE,Towers with Radar,65,71,35,41,212,0,2,123,75,200,65,73,158,116,412,194,40,234,646
09/25/2003,COS,CO,ANM,WE,Towers with Radar,61,75,51,46,233,0,2,153,63,218,61,77,204,109,451,290,146,436,887
09/26/2003,COS,CO,ANM,WE,Towers with Radar,62,73,49,48,232,0,0,144,60,204,62,73,193,108,436,214,196,410,846
09/27/2003,COS,CO,ANM,WE,Towers with Radar,53,63,30,7,153,0,1,156,40,197,53,64,186,47,350,182,22,204,554
09/28/2003,COS,CO,ANM,WE,Towers with Radar,54,63,39,20,176,0,7,138,5,150,54,70,177,25,326,140,12,152,478
09/29/2003,COS,CO,ANM,WE,Towers with Radar,57,57,31,24,169,0,1,88,21,110,57,58,119,45,279,110,14,124,403
09/30/2003,COS,CO,ANM,WE,Towers with Radar,56,69,46,44,215,0,2,57,20,79,56,71,103,64,294,64,50,114,408
10/01/2003,COS,CO,ANM,WE,Towers with Radar,59,68,41,33,201,0,0,87,33,120,59,68,128,66,321,126,150,276,597
10/02/2003,COS,CO,ANM,WE,Towers with Radar,60,80,48,39,227,0,0,187,23,210,60,80,235,62,437,134,36,170,607
10/03/2003,COS,CO,ANM,WE,Towers with Radar,61,70,39,34,204,0,0,81,23,104,61,70,120,57,308,146,100,246,554
10/04/2003,COS,CO,ANM,WE,Towers with Radar,50,63,35,26,174,0,12,49,0,61,50,75,84,26,235,46,0,46,281
10/05/2003,COS,CO,ANM,WE,Towers with Radar,54,51,34,30,169,0,0,118,22,140,54,51,152,52,309,118,4,122,431
10/06/2003,COS,CO,ANM,WE,Towers with Radar,48,55,30,26,159,13,4,113,10,140,61,59,143,36,299,190,20,210,509
10/07/2003,COS,CO,ANM,WE,Towers with Radar,64,75,42,36,217,0,0,82,50,132,64,75,124,86,349,204,104,308,657
10/08/2003,COS,CO,ANM,WE,Towers with Radar,57,66,36,31,190,1,0,118,45,164,58,66,154,76,354,344,144,488,842
10/09/2003,COS,CO,ANM,WE,Towers with Radar,64,72,47,40,223,0,0,161,52,213,64,72,208,92,436,339,165,504,940
10/10/2003,COS,CO,ANM,WE,Towers with Radar,65,71,47,40,223,0,0,142,58,200,65,71,189,98,423,186,202,388,811
10/11/2003,COS,CO,ANM,WE,Towers with Radar,49,57,31,27,164,6,7,74,32,119,55,64,105,59,283,210,188,398,681
10/12/2003,COS,CO,ANM,WE,Towers with Radar,48,56,30,15,149,6,5,73,0,84,54,61,103,15,233,98,18,116,349
10/13/2003,COS,CO,ANM,WE,Towers with Radar,51,56,33,28,168,0,0,154,4,158,51,56,187,32,326,182,10,192,518
10/14/2003,COS,CO,ANM,WE,Towers with Radar,50,58,32,27,167,2,9,133,38,182,52,67,165,65,349,254,54,308,657
10/15/2003,COS,CO,ANM,WE,Towers with Radar,61,69,39,33,202,1,0,121,33,155,62,69,160,66,357,242,154,396,753
10/16/2003,COS,CO,ANM,WE,Towers with Radar,57,65,37,30,189,4,5,81,33,123,61,70,118,63,312,154,150,304,616
10/17/2003,COS,CO,ANM,WE,Towers with Radar,58,70,40,33,201,0,3,143,52,198,58,73,183,85,399,208,158,366,765
10/18/2003,COS,CO,ANM,WE,Towers with Radar,45,50,29,23,147,6,10,172,5,193,51,60,201,28,340,228,18,246,586
10/19/2003,COS,CO,ANM,WE,Towers with Radar,42,47,27,21,137,9,3,130,3,145,51,50,157,24,282,74,0,74,356
10/20/2003,COS,CO,ANM,WE,Towers with Radar,48,53,30,24,155,6,8,108,18,140,54,61,138,42,295,224,46,270,565
10/21/2003,COS,CO,ANM,WE,Towers with Radar,55,62,35,29,181,1,3,82,26,112,56,65,117,55,293,188,78,266,559
10/22/2003,COS,CO,ANM,WE,Towers with Radar,56,72,41,33,202,0,1,143,17,161,56,73,184,50,363,272,82,354,717
10/23/2003,COS,CO,ANM,WE,Towers with Radar,58,70,43,35,206,0,0,106,35,141,58,70,149,70,347,238,138,376,723
10/24/2003,COS,CO,ANM,WE,Towers with Radar,61,67,42,34,204,0,0,117,35,152,61,67,159,69,356,112,88,200,556
10/25/2003,COS,CO,ANM,WE,Towers with Radar,51,57,33,25,166,0,12,84,0,96,51,69,117,25,262,138,0,138,400
10/26/2003,COS,CO,ANM,WE,Towers with Radar,47,44,30,24,145,7,0,113,7,127,54,44,143,31,272,164,4,168,440
10/27/2003,COS,CO,ANM,WE,Towers with Radar,57,59,37,30,183,0,0,77,63,140,57,59,114,93,323,158,324,482,805
10/28/2003,COS,CO,ANM,WE,Towers with Radar,57,59,37,30,183,0,0,99,54,153,57,59,136,84,336,202,208,410,746
10/29/2003,COS,CO,ANM,WE,Towers with Radar,57,63,36,29,185,4,10,49,18,81,61,73,85,47,266,72,14,86,352
10/30/2003,COS,CO,ANM,WE,Towers with Radar,54,60,34,25,173,5,10,10,0,25,59,70,44,25,198,0,6,6,204
10/31/2003,COS,CO,ANM,WE,Towers with Radar,44,49,13,22,128,6,7,0,10,23,50,56,13,32,151,0,4,4,155
11/01/2003,COS,CO,ANM,WE,Towers with Radar,36,49,26,23,134,9,0,19,5,33,45,49,45,28,167,58,28,86,253
11/02/2003,COS,CO,ANM,WE,Towers with Radar,46,56,33,30,165,0,0,54,16,70,46,56,87,46,235,130,14,144,379
11/03/2003,COS,CO,ANM,WE,Towers with Radar,52,65,38,36,191,0,0,10,36,46,52,65,48,72,237,68,148,216,453
11/04/2003,COS,CO,ANM,WE,Towers with Radar,48,64,34,32,178,1,8,112,87,208,49,72,146,119,386,258,258,516,902
11/05/2003,COS,CO,ANM,WE,Towers with Radar,62,78,44,41,225,0,0,48,37,85,62,78,92,78,310,82,278,360,670
11/06/2003,COS,CO,ANM,WE,Towers with Radar,57,77,39,38,211,0,2,68,40,110,57,79,107,78,321,138,138,276,597
11/07/2003,COS,CO,ANM,WE,Towers with Radar,60,84,47,45,236,0,0,106,72,178,60,84,153,117,414,236,218,454,868
11/08/2003,COS,CO,ANM,WE,Towers with Radar,47,64,35,34,180,0,0,141,48,189,47,64,176,82,369,233,8,241,610
11/09/2003,COS,CO,ANM,WE,Towers with Radar,47,65,33,31,176,0,0,134,11,145,47,65,167,42,321,154,6,160,481
11/10/2003,COS,CO,ANM,WE,Towers with Radar,49,66,33,32,180,0,4,72,66,142,49,70,105,98,322,164,214,378,700
11/11/2003,COS,CO,ANM,WE,Towers with Radar,46,63,32,30,171,4,6,69,13,92,50,69,101,43,263,28,128,156,419
11/12/2003,COS,CO,ANM,WE,Towers with Radar,52,76,40,39,207,0,0,80,90,170,52,76,120,129,377,276,290,566,943
11/13/2003,COS,CO,ANM,WE,Towers with Radar,54,76,39,38,207,0,0,43,67,110,54,76,82,105,317,160,208,368,685
11/14/2003,COS,CO,ANM,WE,Towers with Radar,50,73,37,35,195,0,4,93,113,210,50,77,130,148,405,180,226,406,811
11/15/2003,COS,CO,ANM,WE,Towers with Radar,44,59,30,29,162,6,4,180,40,230,50,63,210,69,392,132,62,194,586
11/16/2003,COS,CO,ANM,WE,Towers with Radar,42,55,28,28,153,4,0,103,8,115,46,55,131,36,268,62,8,70,338
11/17/2003,COS,CO,ANM,WE,Towers with Radar,42,62,32,30,166,0,3,61,48,112,42,65,93,78,278,102,130,232,510
11/18/2003,COS,CO,ANM,WE,Towers with Radar,52,72,38,37,199,0,0,87,68,155,52,72,125,105,354,274,146,420,774
11/19/2003,COS,CO,ANM,WE,Towers with Radar,56,73,38,36,203,0,0,86,46,132,56,73,124,82,335,228,127,355,690
11/20/2003,COS,CO,ANM,WE,Towers with Radar,61,71,42,38,212,2,0,115,49,166,63,71,157,87,378,180,212,392,770
11/21/2003,COS,CO,ANM,WE,Towers with Radar,52,68,42,38,200,0,0,29,47,76,52,68,71,85,276,44,16,60,336
11/22/2003,COS,CO,ANM,WE,Towers with Radar,38,49,26,23,136,8,6,21,6,41,46,55,47,29,177,32,4,36,213
11/23/2003,COS,CO,ANM,WE,Towers with Radar,41,53,28,20,142,4,16,6,0,26,45,69,34,20,168,0,0,0,168
11/24/2003,COS,CO,ANM,WE,Towers with Radar,60,72,41,38,211,2,0,54,18,74,62,72,95,56,285,92,68,160,445
11/25/2003,COS,CO,ANM,WE,Towers with Radar,52,75,39,36,202,0,0,93,50,143,52,75,132,86,345,150,66,216,561
11/26/2003,COS,CO,ANM,WE,Towers with Radar,58,80,44,41,223,0,0,116,72,188,58,80,160,113,411,169,156,325,736
11/27/2003,COS,CO,ANM,WE,Towers with Radar,27,35,18,2,82,10,17,54,0,81,37,52,72,2,163,60,3,63,226
11/28/2003,COS,CO,ANM,WE,Towers with Radar,36,46,25,22,129,8,17,103,39,167,44,63,128,61,296,164,164,328,624
11/29/2003,COS,CO,ANM,WE,Towers with Radar,40,53,28,25,146,9,16,115,22,162,49,69,143,47,308,182,52,234,542
11/30/2003,COS,CO,ANM,WE,Towers with Radar,44,59,32,18,153,0,0,155,0,155,44,59,187,18,308,156,0,156,464
12/01/2003,COS,CO,ANM,WE,Towers with Radar,48,64,31,23,166,0,8,44,23,75,48,72,75,46,241,68,48,116,357
12/02/2003,COS,CO,ANM,WE,Towers with Radar,53,72,38,28,191,0,0,75,24,99,53,72,113,52,290,58,28,86,376
12/03/2003,COS,CO,ANM,WE,Towers with Radar,52,84,41,30,207,0,10,66,65,141,52,94,107,95,348,168,38,206,554
12/04/2003,COS,CO,ANM,WE,Towers with Radar,52,71,37,28,188,0,0,60,37,97,52,71,97,65,285,80,76,156,441
12/05/2003,COS,CO,ANM,WE,Towers with Radar,55,72,68,51,246,0,0,210,46,256,55,72,278,97,502,154,24,178,680
12/06/2003,COS,CO,ANM,WE,Towers with Radar,44,60,28,22,154,3,12,121,28,164,47,72,149,50,318,108,38,146,464
12/07/2003,COS,CO,ANM,WE,Towers with Radar,40,54,25,20,139,5,3,49,3,60,45,57,74,23,199,74,0,74,273
12/08/2003,COS,CO,ANM,WE,Towers with Radar,44,63,30,23,160,0,8,16,23,47,44,71,46,46,207,50,28,78,285
12/09/2003,COS,CO,ANM,WE,Towers with Radar,51,68,32,25,176,5,5,28,22,60,56,73,60,47,236,86,42,128,364
12/10/2003,COS,CO,ANM,WE,Towers with Radar,55,76,38,29,198,0,0,127,27,154,55,76,165,56,352,190,30,220,572
12/11/2003,COS,CO,ANM,WE,Towers with Radar,56,76,36,28,196,1,0,97,51,149,57,76,133,79,345,176,32,208,553
12/12/2003,COS,CO,ANM,WE,Towers with Radar,58,69,37,28,192,6,0,76,11,93,64,69,113,39,285,94,8,102,387
12/13/2003,COS,CO,ANM,WE,Towers with Radar,42,57,27,21,147,3,8,83,7,101,45,65,110,28,248,228,0,228,476
12/14/2003,COS,CO,ANM,WE,Towers with Radar,47,63,30,23,163,0,2,90,7,99,47,65,120,30,262,114,2,116,378
12/15/2003,COS,CO,ANM,WE,Towers with Radar,39,53,13,17,122,7,15,0,0,22,46,68,13,17,144,0,0,0,144
12/16/2003,COS,CO,ANM,WE,Towers with Radar,54,75,36,27,192,0,1,117,39,157,54,76,153,66,349,230,142,372,721
12/17/2003,COS,CO,ANM,WE,Towers with Radar,62,76,40,31,209,2,0,149,29,180,64,76,189,60,389,246,94,340,729
12/18/2003,COS,CO,ANM,WE,Towers with Radar,46,74,38,30,188,0,0,123,38,161,46,74,161,68,349,182,44,226,575
12/19/2003,COS,CO,ANM,WE,Towers with Radar,59,72,38,28,197,5,0,127,12,144,64,72,165,40,341,124,24,148,489
12/20/2003,COS,CO,ANM,WE,Towers with Radar,56,66,36,26,184,0,0,107,28,135,56,66,143,54,319,126,34,160,479
12/21/2003,COS,CO,ANM,WE,Towers with Radar,38,49,24,17,128,12,8,60,1,81,50,57,84,18,209,46,12,58,267
12/22/2003,COS,CO,ANM,WE,Towers with Radar,51,59,33,24,167,2,0,20,15,37,53,59,53,39,204,38,22,60,264
12/23/2003,COS,CO,ANM,WE,Towers with Radar,57,76,37,25,195,0,1,149,0,150,57,77,186,25,345,230,22,252,597
12/24/2003,COS,CO,ANM,WE,Towers with Radar,43,56,28,2,129,16,17,92,0,125,59,73,120,2,254,106,0,106,360
12/25/2003,COS,CO,ANM,WE,Towers with Radar,30,39,20,3,92,9,18,18,0,45,39,57,38,3,137,8,0,8,145
12/26/2003,COS,CO,ANM,WE,Towers with Radar,49,64,31,3,147,8,4,71,0,83,57,68,102,3,230,70,0,70,300
12/27/2003,COS,CO,ANM,WE,Towers with Radar,47,61,30,4,142,5,3,69,0,77,52,64,99,4,219,44,0,44,263
12/28/2003,COS,CO,ANM,WE,Towers with Radar,42,55,27,3,127,5,6,86,0,97,47,61,113,3,224,80,0,80,304
12/29/2003,COS,CO,ANM,WE,Towers with Radar,46,59,29,21,155,5,9,91,74,179,51,68,120,95,334,192,2,194,528
12/30/2003,COS,CO,ANM,WE,Towers with Radar,54,73,36,21,184,0,6,60,0,66,54,79,96,21,250,74,0,74,324
12/31/2003,COS,CO,ANM,WE,Towers with Radar,52,68,34,11,165,2,9,130,0,141,54,77,164,11,306,86,20,106,412
01/01/2004,COS,CO,ANM,WE,Towers with Radar,27,42,19,3,91,14,12,38,0,64,41,54,57,3,155,32,0,32,187
01/02/2004,COS,CO,ANM,WE,Towers with Radar,44,66,29,7,146,11,4,26,0,41,55,70,55,7,187,0,0,0,187
01/03/2004,COS,CO,ANM,WE,Towers with Radar,34,52,16,6,108,13,6,0,0,19,47,58,16,6,127,0,0,0,127
01/04/2004,COS,CO,ANM,WE,Towers with Radar,42,62,26,6,136,11,0,48,0,59,53,62,74,6,195,42,0,42,237
01/05/2004,COS,CO,ANM,WE,Towers with Radar,43,66,27,14,150,7,2,60,0,69,50,68,87,14,219,98,0,98,317
01/06/2004,COS,CO,ANM,WE,Towers with Radar,50,73,32,35,190,1,0,54,21,76,51,73,86,56,266,94,38,132,398
01/07/2004,COS,CO,ANM,WE,Towers with Radar,50,79,32,35,196,4,1,107,14,126,54,80,139,49,322,144,14,158,480
01/08/2004,COS,CO,ANM,WE,Towers with Radar,52,82,44,47,225,0,0,71,4,75,52,82,115,51,300,122,34,156,456
01/09/2004,COS,CO,ANM,WE,Towers with Radar,44,69,28,31,172,6,4,87,15,112,50,73,115,46,284,132,36,168,452
01/10/2004,COS,CO,ANM,WE,Towers with Radar,42,66,27,26,161,0,8,191,0,199,42,74,218,26,360,210,18,228,588
01/11/2004,COS,CO,ANM,WE,Towers with Radar,43,64,28,30,165,0,0,102,30,132,43,64,130,60,297,124,20,144,441
01/12/2004,COS,CO,ANM,WE,Towers with Radar,46,75,31,32,184,0,1,70,0,71,46,76,101,32,255,148,16,164,419
01/13/2004,COS,CO,ANM,WE,Towers with Radar,46,80,33,35,194,0,6,118,6,130,46,86,151,41,324,254,12,266,590
01/14/2004,COS,CO,ANM,WE,Towers with Radar,56,90,37,40,223,0,13,118,5,136,56,103,155,45,359,202,14,216,575
01/15/2004,COS,CO,ANM,WE,Towers with Radar,52,84,38,41,215,0,0,109,6,115,52,84,147,47,330,288,6,294,624
01/16/2004,COS,CO,ANM,WE,Towers with Radar,53,84,39,42,218,0,0,101,17,118,53,84,140,59,336,144,59,203,539
01/17/2004,COS,CO,ANM,WE,Towers with Radar,38,61,25,11,135,8,8,120,0,136,46,69,145,11,271,90,0,90,361
01/18/2004,COS,CO,ANM,WE,Towers with Radar,35,55,22,10,122,6,12,132,0,150,41,67,154,10,272,154,0,154,426
01/19/2004,COS,CO,ANM,WE,Towers with Radar,44,80,33,36,193,0,1,176,8,185,44,81,209,44,378,196,78,274,652
01/20/2004,COS,CO,ANM,WE,Towers with Radar,46,77,24,35,182,0,0,0,25,25,46,77,24,60,207,0,10,10,217
01/21/2004,COS,CO,ANM,WE,Towers with Radar,53,88,39,40,220,0,0,51,15,66,53,88,90,55,286,54,14,68,354
01/22/2004,COS,CO,ANM,WE,Towers with Radar,48,80,34,35,197,0,9,70,5,84,48,89,104,40,281,204,12,216,497
01/23/2004,COS,CO,ANM,WE,Towers with Radar,54,82,40,41,217,0,0,130,52,182,54,82,170,93,399,192,92,284,683
01/24/2004,COS,CO,ANM,WE,Towers with Radar,45,69,31,31,176,0,0,171,32,203,45,69,202,63,379,224,0,224,603
01/25/2004,COS,CO,ANM,WE,Towers with Radar,47,72,31,30,180,0,1,73,0,74,47,73,104,30,254,126,0,126,380
01/26/2004,COS,CO,ANM,WE,Towers with Radar,44,67,29,29,169,1,2,52,10,65,45,69,81,39,234,136,6,142,376
01/27/2004,COS,CO,ANM,WE,Towers with Radar,37,68,29,30,164,0,5,76,20,101,37,73,105,50,265,118,30,148,413
01/28/2004,COS,CO,ANM,WE,Towers with Radar,57,79,38,39,213,0,0,85,56,141,57,79,123,95,354,150,82,232,586
01/29/2004,COS,CO,ANM,WE,Towers with Radar,50,77,33,34,194,0,0,89,19,108,50,77,122,53,302,186,80,266,568
01/30/2004,COS,CO,ANM,WE,Towers with Radar,51,81,34,35,201,0,2,146,17,165,51,83,180,52,366,272,70,342,708
01/31/2004,COS,CO,ANM,WE,Towers with Radar,43,66,28,29,166,1,10,63,1,75,44,76,91,30,241,144,0,144,385
02/01/2004,COS,CO,ANM,WE,Towers with Radar,31,49,22,11,113,8,16,2,0,26,39,65,24,11,139,22,0,22,161
02/02/2004,COS,CO,ANM,WE,Towers with Radar,46,71,32,32,181,5,1,73,10,89,51,72,105,42,270,168,78,246,516
02/03/2004,COS,CO,ANM,WE,Towers with Radar,47,73,33,33,186,1,11,46,17,75,48,84,79,50,261,140,88,228,489
02/04/2004,COS,CO,ANM,WE,Towers with Radar,43,66,21,22,152,8,9,0,0,17,51,75,21,22,169,0,0,0,169
02/05/2004,COS,CO,ANM,WE,Towers with Radar,50,87,35,40,212,0,0,0,33,33,50,87,35,73,245,46,21,67,312
02/06/2004,COS,CO,ANM,WE,Towers with Radar,52,82,36,38,208,0,0,103,26,129,52,82,139,64,337,134,242,376,713
02/07/2004,COS,CO,ANM,WE,Towers with Radar,41,66,28,29,164,4,7,183,15,209,45,73,211,44,373,248,86,334,707
02/08/2004,COS,CO,ANM,WE,Towers with Radar,36,58,25,27,146,5,10,51,0,66,41,68,76,27,212,22,0,22,234
02/09/2004,COS,CO,ANM,WE,Towers with Radar,46,72,32,34,184,3,0,95,15,113,49,72,127,49,297,134,54,188,485
02/10/2004,COS,CO,ANM,WE,Towers with Radar,42,70,32,35,179,0,0,117,46,163,42,70,149,81,342,62,90,152,494
02/11/2004,COS,CO,ANM,WE,Towers with Radar,41,66,21,14,142,9,14,0,0,23,50,80,21,14,165,6,18,24,189
02/12/2004,COS,CO,ANM,WE,Towers with Radar,50,80,34,37,201,0,0,64,19,83,50,80,98,56,284,132,56,188,472
02/13/2004,COS,CO,ANM,WE,Towers with Radar,53,79,36,39,207,1,0,116,36,153,54,79,152,75,360,224,198,422,782
02/14/2004,COS,CO,ANM,WE,Towers with Radar,37,71,30,33,171,0,3,157,12,172,37,74,187,45,343,256,56,312,655
02/15/2004,COS,CO,ANM,WE,Towers with Radar,39,63,27,19,148,3,9,107,0,119,42,72,134,19,267,142,0,142,409
02/16/2004,COS,CO,ANM,WE,Towers with Radar,50,83,36,33,202,0,0,108,0,108,50,83,144,33,310,144,8,152,462
02/17/2004,COS,CO,ANM,WE,Towers with Radar,48,88,38,41,215,0,5,96,41,142,48,93,134,82,357,150,152,302,659
02/18/2004,COS,CO,ANM,WE,Towers with Radar,52,94,40,43,229,0,2,111,38,151,52,96,151,81,380,184,274,458,838
02/19/2004,COS,CO,ANM,WE,Towers with Radar,55,82,39,41,217,0,0,18,18,36,55,82,57,59,253,12,64,76,329
02/20/2004,COS,CO,ANM,WE,Towers with Radar,55,81,38,41,215,0,0,84,24,108,55,81,122,65,323,126,28,154,477
02/21/2004,COS,CO,ANM,WE,Towers with Radar,45,71,30,33,179,0,4,129,17,150,45,75,159,50,329,216,68,284,613
02/22/2004,COS,CO,ANM,WE,Towers with Radar,39,63,28,27,157,0,4,92,0,96,39,67,120,27,253,140,0,140,393
02/23/2004,COS,CO,ANM,WE,Towers with Radar,54,78,38,38,208,3,0,8,12,23,57,78,46,50,231,72,10,82,313
02/24/2004,COS,CO,ANM,WE,Towers with Radar,16,25,14,13,68,0,0,4,15,19,16,25,18,28,87,4,126,130,217
02/25/2004,COS,CO,ANM,WE,Towers with Radar,50,96,44,45,235,0,0,114,56,170,50,96,158,101,405,206,194,400,805
02/26/2004,COS,CO,ANM,WE,Towers with Radar,58,80,41,42,221,0,0,99,39,138,58,80,140,81,359,114,186,300,659
02/27/2004,COS,CO,ANM,WE,Towers with Radar,53,82,43,44,222,0,0,81,61,142,53,82,124,105,364,114,80,194,558
02/28/2004,COS,CO,ANM,WE,Towers with Radar,44,69,31,31,175,14,5,118,6,143,58,74,149,37,318,194,56,250,568
02/29/2004,COS,CO,ANM,WE,Towers with Radar,42,66,30,30,168,0,6,34,12,52,42,72,64,42,220,36,28,64,284
03/01/2004,COS,CO,ANM,WE,Towers with Radar,30,48,25,21,124,0,4,68,12,84,30,52,93,33,208,100,96,196,404
03/02/2004,COS,CO,ANM,WE,Towers with Radar,50,72,41,34,197,0,0,19,10,29,50,72,60,44,226,42,0,42,268
03/03/2004,COS,CO,ANM,WE,Towers with Radar,55,89,48,40,232,0,0,71,61,132,55,89,119,101,364,206,172,378,742
03/04/2004,COS,CO,ANM,WE,Towers with Radar,51,87,48,39,225,0,0,7,10,17,51,87,55,49,242,10,0,10,252
03/05/2004,COS,CO,ANM,WE,Towers with Radar,56,86,44,30,216,3,0,9,0,12,59,86,53,30,228,28,0,28,256
03/06/2004,COS,CO,ANM,WE,Towers with Radar,38,59,29,15,141,12,10,23,0,45,50,69,52,15,186,0,0,0,186
03/07/2004,COS,CO,ANM,WE,Towers with Radar,42,71,38,32,183,0,0,135,21,156,42,71,173,53,339,186,42,228,567
03/08/2004,COS,CO,ANM,WE,Towers with Radar,52,83,41,35,211,0,0,107,61,168,52,83,148,96,379,103,155,258,637
03/09/2004,COS,CO,ANM,WE,Towers with Radar,49,79,39,33,200,0,1,113,73,187,49,80,152,106,387,160,116,276,663
03/10/2004,COS,CO,ANM,WE,Towers with Radar,56,84,47,39,226,0,0,68,43,111,56,84,115,82,337,64,94,158,495
03/11/2004,COS,CO,ANM,WE,Towers with Radar,52,87,43,37,219,0,0,55,41,96,52,87,98,78,315,108,92,200,515
03/12/2004,COS,CO,ANM,WE,Towers with Radar,20,28,16,14,78,0,0,33,51,84,20,28,49,65,162,148,160,308,470
03/13/2004,COS,CO,ANM,WE,Towers with Radar,42,85,42,35,204,0,3,170,33,206,42,88,212,68,410,215,72,287,697
03/14/2004,COS,CO,ANM,WE,Towers with Radar,42,69,34,29,174,0,1,95,7,103,42,70,129,36,277,124,18,142,419
03/15/2004,COS,CO,ANM,WE,Towers with Radar,46,74,36,31,187,11,4,63,15,93,57,78,99,46,280,116,8,124,404
03/16/2004,COS,CO,ANM,WE,Towers with Radar,52,86,42,36,216,0,3,69,43,115,52,89,111,79,331,68,82,150,481
03/17/2004,COS,CO,ANM,WE,Towers with Radar,52,85,45,36,218,0,0,145,43,188,52,85,190,79,406,224,56,280,686
03/18/2004,COS,CO,ANM,WE,Towers with Radar,59,90,49,40,238,0,0,120,52,172,59,90,169,92,410,118,74,192,602
03/19/2004,COS,CO,ANM,WE,Towers with Radar,56,91,46,37,230,0,0,138,17,155,56,91,184,54,385,150,26,176,561
03/20/2004,COS,CO,ANM,WE,Towers with Radar,48,76,39,28,191,2,6,163,0,171,50,82,202,28,362,126,20,146,508
03/21/2004,COS,CO,ANM,WE,Towers with Radar,45,70,36,29,180,5,8,122,0,135,50,78,158,29,315,138,6,144,459
03/22/2004,COS,CO,ANM,WE,Towers with Radar,48,75,39,26,188,0,4,114,0,118,48,79,153,26,306,94,14,108,414
03/23/2004,COS,CO,ANM,WE,Towers with Radar,50,78,40,32,200,0,7,81,9,97,50,85,121,41,297,212,12,224,521
03/24/2004,COS,CO,ANM,WE,Towers with Radar,57,89,46,37,229,7,2,59,19,87,64,91,105,56,316,147,20,167,483
03/25/2004,COS,CO,ANM,WE,Towers with Radar,59,95,49,40,243,0,0,101,21,122,59,95,150,61,365,162,20,182,547
03/26/2004,COS,CO,ANM,WE,Towers with Radar,55,86,44,35,220,7,0,81,34,122,62,86,125,69,342,66,8,74,416
03/27/2004,COS,CO,ANM,WE,Towers with Radar,41,64,33,16,154,8,13,35,0,56,49,77,68,16,210,16,0,16,226
03/28/2004,COS,CO,ANM,WE,Towers with Radar,46,72,39,31,188,0,0,84,16,100,46,72,123,47,288,102,0,102,390
03/29/2004,COS,CO,ANM,WE,Towers with Radar,42,65,33,28,168,1,5,75,14,95,43,70,108,42,263,134,8,142,405
03/30/2004,COS,CO,ANM,WE,Towers with Radar,50,78,40,33,201,1,12,128,16,157,51,90,168,49,358,142,29,171,529
03/31/2004,COS,CO,ANM,WE,Towers with Radar,51,84,43,35,213,0,4,118,26,148,51,88,161,61,361,132,30,162,523
04/01/2004,COS,CO,ANM,WE,Towers with Radar,49,82,39,31,201,7,0,105,46,158,56,82,144,77,359,94,88,182,541
04/02/2004,COS,CO,ANM,WE,Towers with Radar,45,80,36,29,190,5,14,32,12,63,50,94,68,41,253,30,0,30,283
04/03/2004,COS,CO,ANM,WE,Towers with Radar,40,70,17,24,151,16,18,0,0,34,56,88,17,24,185,0,0,0,185
04/04/2004,COS,CO,ANM,WE,Towers with Radar,42,76,44,33,195,0,0,56,0,56,42,76,100,33,251,26,8,34,285
04/05/2004,COS,CO,ANM,WE,Towers with Radar,46,78,37,28,189,3,0,54,21,78,49,78,91,49,267,54,58,112,379
04/06/2004,COS,CO,ANM,WE,Towers with Radar,37,65,31,25,158,0,0,40,9,49,37,65,71,34,207,54,12,66,273
04/07/2004,COS,CO,ANM,WE,Towers with Radar,50,90,41,32,213,0,4,76,8,88,50,94,117,40,301,126,12,138,439
04/08/2004,COS,CO,ANM,WE,Towers with Radar,53,89,43,24,209,0,0,3,0,3,53,89,46,24,212,2,0,2,214
04/09/2004,COS,CO,ANM,WE,Towers with Radar,48,87,41,20,196,0,0,34,0,34,48,87,75,20,230,48,0,48,278
04/10/2004,COS,CO,ANM,WE,Towers with Radar,29,52,12,11,104,11,17,0,0,28,40,69,12,11,132,0,0,0,132
04/11/2004,COS,CO,ANM,WE,Towers with Radar,30,53,24,11,118,10,16,57,0,83,40,69,81,11,201,126,2,128,329
04/12/2004,COS,CO,ANM,WE,Towers with Radar,46,74,37,28,185,3,0,55,42,100,49,74,92,70,285,114,42,156,441
04/13/2004,COS,CO,ANM,WE,Towers with Radar,50,87,43,33,213,0,0,141,64,205,50,87,184,97,418,230,83,313,731
04/14/2004,COS,CO,ANM,WE,Towers with Radar,47,83,38,30,198,0,7,111,38,156,47,90,149,68,354,226,42,268,622
04/15/2004,COS,CO,ANM,WE,Towers with Radar,48,98,45,35,226,0,0,126,43,169,48,98,171,78,395,194,14,208,603
04/16/2004,COS,CO,ANM,WE,Towers with Radar,57,88,46,34,225,1,0,144,62,207,58,88,190,96,432,155,40,195,627
04/17/2004,COS,CO,ANM,WE,Towers with Radar,39,66,31,23,159,1,9,94,32,136,40,75,125,55,295,84,4,88,383
04/18/2004,COS,CO,ANM,WE,Towers with Radar,37,62,30,21,150,6,8,22,0,36,43,70,52,21,186,24,0,24,210
04/19/2004,COS,CO,ANM,WE,Towers with Radar,48,81,39,28,196,0,2,60,12,74,48,83,99,40,270,130,4,134,404
04/20/2004,COS,CO,ANM,WE,Towers with Radar,51,84,42,31,208,0,0,94,20,114,51,84,136,51,322,100,26,126,448
04/21/2004,COS,CO,ANM,WE,Towers with Radar,48,90,46,34,218,0,0,69,42,111,48,90,115,76,329,156,12,168,497
04/22/2004,COS,CO,ANM,WE,Towers with Radar,55,95,48,35,233,0,0,28,9,37,55,95,76,44,270,102,0,102,372
04/23/2004,COS,CO,ANM,WE,Towers with Radar,40,67,9,21,137,15,18,0,0,33,55,85,9,21,170,0,0,0,170
04/24/2004,COS,CO,ANM,WE,Towers with Radar,41,70,33,22,166,1,6,47,0,54,42,76,80,22,220,90,6,96,316
04/25/2004,COS,CO,ANM,WE,Towers with Radar,46,72,39,28,185,0,0,44,9,53,46,72,83,37,238,122,2,124,362
04/26/2004,COS,CO,ANM,WE,Towers with Radar,44,88,42,31,205,0,5,133,38,176,44,93,175,69,381,110,26,136,517
04/27/2004,COS,CO,ANM,WE,Towers with Radar,46,92,43,32,213,0,2,114,52,168,46,94,157,84,381,150,74,224,605
04/28/2004,COS,CO,ANM,WE,Towers with Radar,50,96,52,39,237,0,0,129,27,156,50,96,181,66,393,182,44,226,619
04/29/2004,COS,CO,ANM,WE,Towers with Radar,56,92,49,37,234,0,0,33,5,38,56,92,82,42,272,72,14,86,358
04/30/2004,COS,CO,ANM,WE,Towers with Radar,50,84,40,30,204,3,4,15,0,22,53,88,55,30,226,85,10,95,321
05/01/2004,COS,CO,ANM,WE,Towers with Radar,45,76,44,30,195,0,0,170,21,191,45,76,214,51,386,190,10,200,586
05/02/2004,COS,CO,ANM,WE,Towers with Radar,44,68,39,26,177,0,0,172,20,192,44,68,211,46,369,270,18,288,657
05/03/2004,COS,CO,ANM,WE,Towers with Radar,47,83,45,31,206,0,0,107,22,129,47,83,152,53,335,70,6,76,411
05/04/2004,COS,CO,ANM,WE,Towers with Radar,53,86,44,31,214,0,0,106,32,138,53,86,150,63,352,68,46,114,466
05/05/2004,COS,CO,ANM,WE,Towers with Radar,56,95,49,34,234,0,1,130,10,141,56,96,179,44,375,184,8,192,567
05/06/2004,COS,CO,ANM,WE,Towers with Radar,51,85,43,31,210,0,9,117,21,147,51,94,160,52,357,121,34,155,512
05/07/2004,COS,CO,ANM,WE,Towers with Radar,54,93,48,34,229,0,0,130,15,145,54,93,178,49,374,152,6,158,532
05/08/2004,COS,CO,ANM,WE,Towers with Radar,39,62,32,23,156,11,20,164,5,200,50,82,196,28,356,224,0,224,580
05/09/2004,COS,CO,ANM,WE,Towers with Radar,42,68,34,24,168,1,2,88,1,92,43,70,122,25,260,36,0,36,296
05/10/2004,COS,CO,ANM,WE,Towers with Radar,49,72,44,31,196,0,0,92,0,92,49,72,136,31,288,116,0,116,404
05/11/2004,COS,CO,ANM,WE,Towers with Radar,47,75,38,27,187,10,10,31,0,51,57,85,69,27,238,24,50,74,312
05/12/2004,COS,CO,ANM,WE,Towers with Radar,49,80,41,29,199,2,8,2,0,12,51,88,43,29,211,16,0,16,227
05/13/2004,COS,CO,ANM,WE,Towers with Radar,0,0,0,0,0,0,0,0,0,0,0,0,0,0,0,0,0,0,0
05/14/2004,COS,CO,ANM,WE,Towers with Radar,57,90,51,36,234,0,0,80,3,83,57,90,131,39,317,90,0,90,407
05/15/2004,COS,CO,ANM,WE,Towers with Radar,42,72,36,26,176,0,13,130,55,198,42,85,166,81,374,278,68,346,720
05/16/2004,COS,CO,ANM,WE,Towers with Radar,44,71,36,25,176,2,1,96,20,119,46,72,132,45,295,156,28,184,479
05/17/2004,COS,CO,ANM,WE,Towers with Radar,44,76,39,27,186,0,6,81,12,99,44,82,120,39,285,54,6,60,345
05/18/2004,COS,CO,ANM,WE,Towers with Radar,51,85,43,31,210,0,2,37,1,40,51,87,80,32,250,60,4,64,314
05/19/2004,COS,CO,ANM,WE,Towers with Radar,66,103,53,37,259,16,0,82,24,122,82,103,135,61,381,170,4,174,555
05/20/2004,COS,CO,ANM,WE,Towers with Radar,53,84,44,30,211,0,3,114,30,147,53,87,158,60,358,134,10,144,502
05/21/2004,COS,CO,ANM,WE,Towers with Radar,49,87,47,31,214,0,0,114,45,159,49,87,161,76,373,152,68,220,593
05/22/2004,COS,CO,ANM,WE,Towers with Radar,46,77,41,27,191,0,0,128,4,132,46,77,169,31,323,48,2,50,373
05/23/2004,COS,CO,ANM,WE,Towers with Radar,43,67,36,24,170,1,3,106,8,118,44,70,142,32,288,88,0,88,376
05/24/2004,COS,CO,ANM,WE,Towers with Radar,46,78,45,30,199,0,0,90,5,95,46,78,135,35,294,52,4,56,350
05/25/2004,COS,CO,ANM,WE,Towers with Radar,49,93,49,33,224,0,2,50,44,96,49,95,99,77,320,104,72,176,496
05/26/2004,COS,CO,ANM,WE,Towers with Radar,50,78,41,27,196,6,10,114,21,151,56,88,155,48,347,50,4,54,401
05/27/2004,COS,CO,ANM,WE,Towers with Radar,49,86,45,30,210,0,5,117,15,137,49,91,162,45,347,280,6,286,633
05/28/2004,COS,CO,ANM,WE,Towers with Radar,62,88,51,34,235,8,0,98,7,113,70,88,149,41,348,88,2,90,438
05/29/2004,COS,CO,ANM,WE,Towers with Radar,67,76,55,26,224,11,0,64,0,75,78,76,119,26,299,100,0,100,399
05/30/2004,COS,CO,ANM,WE,Towers with Radar,34,53,28,17,132,7,8,59,0,74,41,61,87,17,206,12,0,12,218
05/31/2004,COS,CO,ANM,WE,Towers with Radar,42,66,35,23,166,3,12,104,5,124,45,78,139,28,290,76,10,86,376
06/01/2004,COS,CO,ANM,WE,Towers with Radar,41,65,44,23,173,0,16,77,44,137,41,81,121,67,310,194,22,216,526
06/02/2004,COS,CO,ANM,WE,Towers with Radar,55,79,53,28,215,0,13,17,43,73,55,92,70,71,288,80,16,96,384
06/03/2004,COS,CO,ANM,WE,Towers with Radar,58,89,58,31,236,0,11,74,9,94,58,100,132,40,330,152,6,158,488
06/04/2004,COS,CO,ANM,WE,Towers with Radar,58,83,54,29,224,0,9,85,12,106,58,92,139,41,330,135,17,152,482
06/05/2004,COS,CO,ANM,WE,Towers with Radar,50,72,47,25,194,0,14,123,16,153,50,86,170,41,347,88,22,110,457
06/06/2004,COS,CO,ANM,WE,Towers with Radar,53,76,50,26,205,2,6,97,21,126,55,82,147,47,331,178,20,198,529
06/07/2004,COS,CO,ANM,WE,Towers with Radar,43,62,40,21,166,9,9,88,20,126,52,71,128,41,292,200,90,290,582
06/08/2004,COS,CO,ANM,WE,Towers with Radar,53,76,50,26,205,2,16,107,24,149,55,92,157,50,354,102,32,134,488
06/09/2004,COS,CO,ANM,WE,Towers with Radar,49,71,47,15,182,6,24,93,0,123,55,95,140,15,305,194,36,230,535
06/10/2004,COS,CO,ANM,WE,Towers with Radar,61,87,57,30,235,12,1,66,6,85,73,88,123,36,320,80,12,92,412
06/11/2004,COS,CO,ANM,WE,Towers with Radar,58,76,55,29,218,4,0,111,21,136,62,76,166,50,354,158,18,176,530
06/12/2004,COS,CO,ANM,WE,Towers with Radar,42,61,40,16,159,11,19,124,0,154,53,80,164,16,313,230,0,230,543
06/13/2004,COS,CO,ANM,WE,Towers with Radar,50,73,48,25,196,0,2,126,8,136,50,75,174,33,332,180,4,184,516
06/14/2004,COS,CO,ANM,WE,Towers with Radar,52,86,57,30,225,0,0,89,20,109,52,86,146,50,334,84,16,100,434
06/15/2004,COS,CO,ANM,WE,Towers with Radar,60,82,58,30,230,0,0,72,43,115,60,82,130,73,345,140,40,180,525
06/16/2004,COS,CO,ANM,WE,Towers with Radar,63,92,75,39,269,0,0,77,23,100,63,92,152,62,369,126,74,200,569
06/17/2004,COS,CO,ANM,WE,Towers with Radar,45,65,44,22,176,0,12,61,30,103,45,77,105,52,279,54,18,72,351
06/18/2004,COS,CO,ANM,WE,Towers with Radar,64,85,62,31,242,0,0,15,5,20,64,85,77,36,262,10,18,28,290
06/19/2004,COS,CO,ANM,WE,Towers with Radar,55,73,52,26,206,0,0,15,0,15,55,73,67,26,221,12,0,12,233
06/20/2004,COS,CO,ANM,WE,Towers with Radar,49,68,46,14,177,5,6,52,0,63,54,74,98,14,240,90,2,92,332
06/21/2004,COS,CO,ANM,WE,Towers with Radar,54,77,52,24,207,0,3,30,0,33,54,80,82,24,240,72,30,102,342
06/22/2004,COS,CO,ANM,WE,Towers with Radar,62,85,62,31,240,0,0,81,67,148,62,85,143,98,388,266,228,494,882
06/23/2004,COS,CO,ANM,WE,Towers with Radar,61,88,60,30,239,0,8,113,53,174,61,96,173,83,413,262,178,440,853
06/24/2004,COS,CO,ANM,WE,Towers with Radar,64,89,60,30,243,0,0,114,35,149,64,89,174,65,392,226,102,328,720
06/25/2004,COS,CO,ANM,WE,Towers with Radar,60,83,63,31,237,0,0,49,0,49,60,83,112,31,286,14,2,16,302
06/26/2004,COS,CO,ANM,WE,Towers with Radar,49,69,47,23,188,5,26,114,2,147,54,95,161,25,335,256,58,314,649
06/27/2004,COS,CO,ANM,WE,Towers with Radar,55,77,52,14,198,8,7,92,0,107,63,84,144,14,305,160,0,160,465
06/28/2004,COS,CO,ANM,WE,Towers with Radar,57,82,62,31,232,0,0,16,0,16,57,82,78,31,248,34,0,34,282
06/29/2004,COS,CO,ANM,WE,Towers with Radar,56,78,53,26,213,4,11,83,37,135,60,89,136,63,348,218,34,252,600
06/30/2004,COS,CO,ANM,WE,Towers with Radar,62,93,62,32,249,0,5,38,9,52,62,98,100,41,301,146,32,178,479
07/01/2004,COS,CO,ANM,WE,Towers with Radar,61,88,64,28,241,0,24,153,33,210,61,112,217,61,451,274,24,298,749
07/02/2004,COS,CO,ANM,WE,Towers with Radar,56,77,56,25,214,10,15,167,5,197,66,92,223,30,411,210,20,230,641
07/03/2004,COS,CO,ANM,WE,Towers with Radar,42,59,42,8,151,4,35,153,0,192,46,94,195,8,343,132,0,132,475
07/04/2004,COS,CO,ANM,WE,Towers with Radar,36,52,37,5,130,0,29,55,0,84,36,81,92,5,214,96,2,98,312
07/05/2004,COS,CO,ANM,WE,Towers with Radar,44,62,44,20,170,7,10,182,7,206,51,72,226,27,376,64,8,72,448
07/06/2004,COS,CO,ANM,WE,Towers with Radar,53,73,53,24,203,1,15,63,60,139,54,88,116,84,342,122,94,216,558
07/07/2004,COS,CO,ANM,WE,Towers with Radar,37,52,37,17,143,5,6,99,21,131,42,58,136,38,274,102,70,172,446
07/08/2004,COS,CO,ANM,WE,Towers with Radar,50,69,49,22,190,4,18,138,35,195,54,87,187,57,385,172,74,246,631
07/09/2004,COS,CO,ANM,WE,Towers with Radar,58,75,59,26,218,0,0,106,18,124,58,75,165,44,342,232,4,236,578
07/10/2004,COS,CO,ANM,WE,Towers with Radar,45,63,45,20,173,7,20,123,8,158,52,83,168,28,331,76,0,76,407
07/11/2004,COS,CO,ANM,WE,Towers with Radar,45,63,45,20,173,3,14,146,25,188,48,77,191,45,361,134,8,142,503
07/12/2004,COS,CO,ANM,WE,Towers with Radar,52,72,52,23,199,4,2,108,22,136,56,74,160,45,335,90,6,96,431
07/13/2004,COS,CO,ANM,WE,Towers with Radar,53,73,52,23,201,4,9,116,34,163,57,82,168,57,364,268,24,292,656
07/14/2004,COS,CO,ANM,WE,Towers with Radar,60,88,64,27,239,0,9,134,10,153,60,97,198,37,392,126,30,156,548
07/15/2004,COS,CO,ANM,WE,Towers with Radar,61,89,71,30,251,0,0,90,12,102,61,89,161,42,353,118,24,142,495
07/16/2004,COS,CO,ANM,WE,Towers with Radar,49,60,52,22,183,0,0,51,29,80,49,60,103,51,263,136,0,136,399
07/17/2004,COS,CO,ANM,WE,Towers with Radar,52,72,60,25,209,0,0,35,8,43,52,72,95,33,252,120,8,128,380
07/18/2004,COS,CO,ANM,WE,Towers with Radar,50,69,51,18,188,0,7,141,0,148,50,76,192,18,336,216,2,218,554
07/19/2004,COS,CO,ANM,WE,Towers with Radar,52,77,57,24,210,0,6,132,0,138,52,83,189,24,348,152,10,162,510
07/20/2004,COS,CO,ANM,WE,Towers with Radar,55,74,55,23,207,4,4,99,32,139,59,78,154,55,346,230,22,252,598
07/21/2004,COS,CO,ANM,WE,Towers with Radar,58,84,62,26,230,0,11,137,40,188,58,95,199,66,418,300,44,344,762
07/22/2004,COS,CO,ANM,WE,Towers with Radar,69,87,69,29,254,26,0,70,24,120,95,87,139,53,374,180,22,202,576
07/23/2004,COS,CO,ANM,WE,Towers with Radar,70,89,76,32,267,0,0,30,27,57,70,89,106,59,324,112,12,124,448
07/24/2004,COS,CO,ANM,WE,Towers with Radar,50,76,60,16,202,0,0,32,0,32,50,76,92,16,234,0,0,0,234
07/25/2004,COS,CO,ANM,WE,Towers with Radar,58,65,61,22,206,0,0,58,0,58,58,65,119,22,264,156,0,156,420
07/26/2004,COS,CO,ANM,WE,Towers with Radar,54,76,57,24,211,0,1,100,13,114,54,77,157,37,325,180,44,224,549
07/27/2004,COS,CO,ANM,WE,Towers with Radar,56,83,63,27,229,0,0,108,41,149,56,83,171,68,378,160,42,202,580
07/28/2004,COS,CO,ANM,WE,Towers with Radar,65,90,67,28,250,0,20,65,16,101,65,110,132,44,351,138,76,214,565
07/29/2004,COS,CO,ANM,WE,Towers with Radar,56,79,59,26,220,0,19,105,29,153,56,98,164,55,373,252,72,324,697
07/30/2004,COS,CO,ANM,WE,Towers with Radar,66,96,71,31,264,0,1,81,36,118,66,97,152,67,382,140,58,198,580
07/31/2004,COS,CO,ANM,WE,Towers with Radar,49,65,48,21,183,4,18,179,25,226,53,83,227,46,409,160,96,256,665
08/01/2004,COS,CO,ANM,WE,Towers with Radar,52,83,56,26,217,13,11,128,13,165,65,94,184,39,382,150,2,152,534
08/02/2004,COS,CO,ANM,WE,Towers with Radar,52,82,56,26,216,5,9,73,11,98,57,91,129,37,314,92,22,114,428
08/03/2004,COS,CO,ANM,WE,Towers with Radar,50,81,54,26,211,9,0,118,49,176,59,81,172,75,387,238,96,334,721
08/04/2004,COS,CO,ANM,WE,Towers with Radar,58,93,62,29,242,2,9,110,13,134,60,102,172,42,376,146,22,168,544
08/05/2004,COS,CO,ANM,WE,Towers with Radar,59,107,71,30,267,0,5,56,0,61,59,112,127,30,328,108,34,142,470
08/06/2004,COS,CO,ANM,WE,Towers with Radar,61,105,70,33,269,0,13,76,25,114,61,118,146,58,383,184,62,246,629
08/07/2004,COS,CO,ANM,WE,Towers with Radar,49,78,52,20,199,12,12,119,0,143,61,90,171,20,342,202,2,204,546
08/08/2004,COS,CO,ANM,WE,Towers with Radar,51,83,55,26,215,5,1,93,6,105,56,84,148,32,320,68,2,70,390
08/09/2004,COS,CO,ANM,WE,Towers with Radar,49,85,61,29,224,0,0,74,8,82,49,85,135,37,306,64,42,106,412
08/10/2004,COS,CO,ANM,WE,Towers with Radar,59,93,63,30,245,21,0,60,28,109,80,93,123,58,354,100,44,144,498
08/11/2004,COS,CO,ANM,WE,Towers with Radar,57,98,69,33,257,0,0,33,3,36,57,98,102,36,293,30,4,34,327
08/12/2004,COS,CO,ANM,WE,Towers with Radar,56,96,67,32,251,0,0,92,29,121,56,96,159,61,372,186,28,214,586
08/13/2004,COS,CO,ANM,WE,Towers with Radar,53,91,60,29,233,0,8,148,38,194,53,99,208,67,427,208,30,238,665
08/14/2004,COS,CO,ANM,WE,Towers with Radar,36,59,39,16,150,3,17,94,0,114,39,76,133,16,264,164,20,184,448
08/15/2004,COS,CO,ANM,WE,Towers with Radar,46,85,61,29,221,0,0,116,2,118,46,85,177,31,339,98,10,108,447
08/16/2004,COS,CO,ANM,WE,Towers with Radar,48,77,51,20,196,2,10,66,0,78,50,87,117,20,274,86,2,88,362
08/17/2004,COS,CO,ANM,WE,Towers with Radar,50,83,55,26,214,0,13,127,7,147,50,96,182,33,361,214,4,218,579
08/18/2004,COS,CO,ANM,WE,Towers with Radar,56,92,62,29,239,0,15,56,4,75,56,107,118,33,314,124,10,134,448
08/19/2004,COS,CO,ANM,WE,Towers with Radar,57,110,78,21,266,0,0,41,0,41,57,110,119,21,307,16,0,16,323
08/20/2004,COS,CO,ANM,WE,Towers with Radar,64,98,68,32,262,5,0,77,16,98,69,98,145,48,360,124,4,128,488
08/21/2004,COS,CO,ANM,WE,Towers with Radar,37,57,39,16,149,7,12,121,4,144,44,69,160,20,293,218,6,224,517
08/22/2004,COS,CO,ANM,WE,Towers with Radar,42,72,50,22,186,0,15,145,0,160,42,87,195,22,346,110,0,110,456
08/23/2004,COS,CO,ANM,WE,Towers with Radar,50,78,54,24,206,4,11,82,11,108,54,89,136,35,314,148,86,234,548
08/24/2004,COS,CO,ANM,WE,Towers with Radar,49,83,56,25,213,0,12,69,43,124,49,95,125,68,337,198,92,290,627
08/25/2004,COS,CO,ANM,WE,Towers with Radar,54,84,58,26,222,0,18,100,25,143,54,102,158,51,365,172,86,258,623
08/26/2004,COS,CO,ANM,WE,Towers with Radar,52,81,55,25,213,2,26,71,16,115,54,107,126,41,328,102,28,130,458
08/27/2004,COS,CO,ANM,WE,Towers with Radar,57,101,69,31,258,0,2,52,20,74,57,103,121,51,332,136,14,150,482
08/28/2004,COS,CO,ANM,WE,Towers with Radar,43,69,47,21,180,0,24,119,33,176,43,93,166,54,356,220,0,220,576
08/29/2004,COS,CO,ANM,WE,Towers with Radar,46,73,50,22,191,0,16,154,26,196,46,89,204,48,387,216,2,218,605
08/30/2004,COS,CO,ANM,WE,Towers with Radar,50,78,54,24,206,1,8,75,12,96,51,86,129,36,302,204,40,244,546
08/31/2004,COS,CO,ANM,WE,Towers with Radar,53,88,61,28,230,0,5,66,29,100,53,93,127,57,330,198,40,238,568
09/01/2004,COS,CO,ANM,WE,Towers with Radar,54,98,54,33,239,0,12,131,51,194,54,110,185,84,433,282,224,506,939
09/02/2004,COS,CO,ANM,WE,Towers with Radar,54,91,80,37,262,2,14,133,27,176,56,105,213,64,438,236,72,308,746
09/03/2004,COS,CO,ANM,WE,Towers with Radar,55,87,70,41,253,0,16,136,25,177,55,103,206,66,430,126,40,166,596
09/04/2004,COS,CO,ANM,WE,Towers with Radar,38,79,36,8,161,0,25,80,19,124,38,104,116,27,285,322,12,334,619
09/05/2004,COS,CO,ANM,WE,Towers with Radar,32,57,30,22,141,0,32,92,20,144,32,89,122,42,285,82,46,128,413
09/06/2004,COS,CO,ANM,WE,Towers with Radar,38,73,51,11,173,0,2,141,13,156,38,75,192,24,329,224,6,230,559
09/07/2004,COS,CO,ANM,WE,Towers with Radar,48,97,75,62,282,0,3,119,38,160,48,100,194,100,442,154,118,272,714
09/08/2004,COS,CO,ANM,WE,Towers with Radar,52,88,48,27,215,4,15,103,60,182,56,103,151,87,397,144,144,288,685
09/09/2004,COS,CO,ANM,WE,Towers with Radar,52,94,70,49,265,1,16,107,47,171,53,110,177,96,436,144,116,260,696
09/10/2004,COS,CO,ANM,WE,Towers with Radar,53,89,56,54,252,0,19,124,53,196,53,108,180,107,448,180,116,296,744
09/11/2004,COS,CO,ANM,WE,Towers with Radar,39,70,24,31,164,0,23,133,43,199,39,93,157,74,363,160,54,214,577
09/12/2004,COS,CO,ANM,WE,Towers with Radar,47,76,53,49,225,2,14,124,26,166,49,90,177,75,391,102,10,112,503
09/13/2004,COS,CO,ANM,WE,Towers with Radar,49,85,55,34,223,0,0,76,38,114,49,85,131,72,337,62,242,304,641
09/14/2004,COS,CO,ANM,WE,Towers with Radar,52,83,51,28,214,0,1,71,38,110,52,84,122,66,324,114,196,310,634
09/15/2004,COS,CO,ANM,WE,Towers with Radar,54,88,52,29,223,2,5,100,35,142,56,93,152,64,365,124,126,250,615
09/16/2004,COS,CO,ANM,WE,Towers with Radar,50,91,45,52,238,0,15,96,29,140,50,106,141,81,378,162,174,336,714
09/17/2004,COS,CO,ANM,WE,Towers with Radar,59,82,90,105,336,0,18,118,54,190,59,100,208,159,526,298,214,512,1038
09/18/2004,COS,CO,ANM,WE,Towers with Radar,38,89,37,26,190,0,16,139,25,180,38,105,176,51,370,84,58,142,512
09/19/2004,COS,CO,ANM,WE,Towers with Radar,42,80,48,36,206,0,15,61,1,77,42,95,109,37,283,110,0,110,393
09/20/2004,COS,CO,ANM,WE,Towers with Radar,48,91,45,26,210,1,0,70,18,89,49,91,115,44,299,126,124,250,549
09/21/2004,COS,CO,ANM,WE,Towers with Radar,49,88,39,47,223,0,0,8,3,11,49,88,47,50,234,8,18,26,260
09/22/2004,COS,CO,ANM,WE,Towers with Radar,51,93,40,43,227,0,1,20,11,32,51,94,60,54,259,88,64,152,411
09/23/2004,COS,CO,ANM,WE,Towers with Radar,53,93,57,37,240,0,6,87,39,132,53,99,144,76,372,120,182,302,674
09/24/2004,COS,CO,ANM,WE,Towers with Radar,54,85,57,36,232,0,9,90,30,129,54,94,147,66,361,90,66,156,517
09/25/2004,COS,CO,ANM,WE,Towers with Radar,41,71,35,13,160,0,13,127,20,160,41,84,162,33,320,158,138,296,616
09/26/2004,COS,CO,ANM,WE,Towers with Radar,45,73,37,41,196,0,6,140,10,156,45,79,177,51,352,142,138,280,632
09/27/2004,COS,CO,ANM,WE,Towers with Radar,44,79,47,34,204,0,0,69,27,96,44,79,116,61,300,132,124,256,556
09/28/2004,COS,CO,ANM,WE,Towers with Radar,46,86,66,41,239,0,5,25,2,32,46,91,91,43,271,74,34,108,379
09/29/2004,COS,CO,ANM,WE,Towers with Radar,63,88,55,28,234,0,5,67,30,102,63,93,122,58,336,88,144,232,568
09/30/2004,COS,CO,ANM,WE,Towers with Radar,52,88,64,41,245,0,5,75,20,100,52,93,139,61,345,224,82,306,651
10/01/2004,COS,CO,ANM,WE,Towers with Radar,54,87,48,34,223,0,7,23,1,31,54,94,71,35,254,82,2,84,338
10/02/2004,COS,CO,ANM,WE,Towers with Radar,40,77,26,32,175,0,5,136,21,162,40,82,162,53,337,106,54,160,497
10/03/2004,COS,CO,ANM,WE,Towers with Radar,44,70,40,28,182,0,8,136,8,152,44,78,176,36,334,142,4,146,480
10/04/2004,COS,CO,ANM,WE,Towers with Radar,51,78,29,32,190,0,1,92,29,122,51,79,121,61,312,134,76,210,522
10/05/2004,COS,CO,ANM,WE,Towers with Radar,49,83,63,36,231,0,1,16,11,28,49,84,79,47,259,20,4,24,283
10/06/2004,COS,CO,ANM,WE,Towers with Radar,54,88,52,39,233,0,8,49,18,75,54,96,101,57,308,204,70,274,582
10/07/2004,COS,CO,ANM,WE,Towers with Radar,58,91,67,32,248,0,6,121,49,176,58,97,188,81,424,218,160,378,802
10/08/2004,COS,CO,ANM,WE,Towers with Radar,53,83,75,37,248,0,17,138,64,219,53,100,213,101,467,244,166,410,877
10/09/2004,COS,CO,ANM,WE,Towers with Radar,46,80,33,11,170,0,7,131,30,168,46,87,164,41,338,172,56,228,566
10/10/2004,COS,CO,ANM,WE,Towers with Radar,41,73,60,11,185,0,9,146,5,160,41,82,206,16,345,186,22,208,553
10/11/2004,COS,CO,ANM,WE,Towers with Radar,49,77,63,19,208,0,0,29,5,34,49,77,92,24,242,0,8,8,250
10/12/2004,COS,CO,ANM,WE,Towers with Radar,52,79,29,50,210,0,12,40,29,81,52,91,69,79,291,36,98,134,425
10/13/2004,COS,CO,ANM,WE,Towers with Radar,52,86,42,33,213,0,2,23,12,37,52,88,65,45,250,130,58,188,438
10/14/2004,COS,CO,ANM,WE,Towers with Radar,54,94,50,34,232,4,11,57,28,100,58,105,107,62,332,120,70,190,522
10/15/2004,COS,CO,ANM,WE,Towers with Radar,54,84,50,38,226,0,6,79,33,118,54,90,129,71,344,238,128,366,710
10/16/2004,COS,CO,ANM,WE,Towers with Radar,41,74,37,38,190,0,6,100,21,127,41,80,137,59,317,134,26,160,477
10/17/2004,COS,CO,ANM,WE,Towers with Radar,45,68,28,21,162,0,6,100,16,122,45,74,128,37,284,92,4,96,380
10/18/2004,COS,CO,ANM,WE,Towers with Radar,44,79,49,37,209,0,0,99,30,129,44,79,148,67,338,130,46,176,514
10/19/2004,COS,CO,ANM,WE,Towers with Radar,48,85,47,31,211,0,1,68,16,85,48,86,115,47,296,70,30,100,396
10/20/2004,COS,CO,ANM,WE,Towers with Radar,54,92,60,28,234,0,7,104,40,151,54,99,164,68,385,170,104,274,659
10/21/2004,COS,CO,ANM,WE,Towers with Radar,51,86,55,42,234,0,1,46,2,49,51,87,101,44,283,90,2,92,375
10/22/2004,COS,CO,ANM,WE,Towers with Radar,54,86,58,42,240,0,4,46,12,62,54,90,104,54,302,80,18,98,400
10/23/2004,COS,CO,ANM,WE,Towers with Radar,49,71,37,13,170,0,10,158,25,193,49,81,195,38,363,206,34,240,603
10/24/2004,COS,CO,ANM,WE,Towers with Radar,43,63,45,23,174,0,11,95,6,112,43,74,140,29,286,96,2,98,384
10/25/2004,COS,CO,ANM,WE,Towers with Radar,45,77,35,48,205,0,1,34,13,48,45,78,69,61,253,88,12,100,353
10/26/2004,COS,CO,ANM,WE,Towers with Radar,53,84,58,45,240,0,3,83,33,119,53,87,141,78,359,300,106,406,765
10/27/2004,COS,CO,ANM,WE,Towers with Radar,49,104,52,48,253,0,5,85,28,118,49,109,137,76,371,190,148,338,709
10/28/2004,COS,CO,ANM,WE,Towers with Radar,54,89,42,32,217,0,4,88,30,122,54,93,130,62,339,86,68,154,493
10/29/2004,COS,CO,ANM,WE,Towers with Radar,52,85,44,46,227,0,4,29,5,38,52,89,73,51,265,18,8,26,291
10/30/2004,COS,CO,ANM,WE,Towers with Radar,41,84,49,17,191,0,13,136,10,159,41,97,185,27,350,194,42,236,586
10/31/2004,COS,CO,ANM,WE,Towers with Radar,38,62,23,32,155,0,8,88,7,103,38,70,111,39,258,94,4,98,356
11/01/2004,COS,CO,ANM,WE,Combined TRACON& Tower with Radar,40,89,24,17,170,0,0,3,0,3,40,89,27,17,173,0,2,2,175
11/02/2004,COS,CO,ANM,WE,Combined TRACON& Tower with Radar,53,84,36,48,221,0,5,78,61,144,53,89,114,109,365,144,114,258,623
11/03/2004,COS,CO,ANM,WE,Combined TRACON& Tower with Radar,53,87,50,56,246,0,12,102,57,171,53,99,152,113,417,194,158,352,769
11/04/2004,COS,CO,ANM,WE,Combined TRACON& Tower with Radar,51,88,41,60,240,0,7,85,78,170,51,95,126,138,410,72,128,200,610
11/05/2004,COS,CO,ANM,WE,Combined TRACON& Tower with Radar,53,98,45,64,260,1,0,125,75,201,54,98,170,139,461,178,82,260,721
11/06/2004,COS,CO,ANM,WE,Combined TRACON& Tower with Radar,44,73,36,40,193,0,4,158,59,221,44,77,194,99,414,188,64,252,666
11/07/2004,COS,CO,ANM,WE,Combined TRACON& Tower with Radar,39,64,43,36,182,0,1,138,20,159,39,65,181,56,341,116,16,132,473
11/08/2004,COS,CO,ANM,WE,Combined TRACON& Tower with Radar,45,84,48,33,210,0,0,66,22,88,45,84,114,55,298,194,38,232,530
11/09/2004,COS,CO,ANM,WE,Combined TRACON& Tower with Radar,52,93,27,36,208,1,0,51,45,97,53,93,78,81,305,75,82,157,462
11/10/2004,COS,CO,ANM,WE,Combined TRACON& Tower with Radar,51,85,25,25,186,0,0,2,6,8,51,85,27,31,194,0,16,16,210
11/11/2004,COS,CO,ANM,WE,Combined TRACON& Tower with Radar,51,88,40,31,210,0,0,61,14,75,51,88,101,45,285,220,46,266,551
11/12/2004,COS,CO,ANM,WE,Combined TRACON& Tower with Radar,48,92,37,41,218,0,0,69,24,93,48,92,106,65,311,114,30,144,455
11/13/2004,COS,CO,ANM,WE,Combined TRACON& Tower with Radar,47,72,14,13,146,0,0,0,1,1,47,72,14,14,147,0,0,0,147
11/14/2004,COS,CO,ANM,WE,Combined TRACON& Tower with Radar,42,67,39,15,163,0,0,2,2,4,42,67,41,17,167,0,0,0,167
11/15/2004,COS,CO,ANM,WE,Combined TRACON& Tower with Radar,43,82,40,18,183,0,0,83,59,142,43,82,123,77,325,76,120,196,521
11/16/2004,COS,CO,ANM,WE,Combined TRACON& Tower with Radar,46,91,41,42,220,0,1,83,94,178,46,92,124,136,398,140,138,278,676
11/17/2004,COS,CO,ANM,WE,Combined TRACON& Tower with Radar,49,84,43,34,210,0,2,86,108,196,49,86,129,142,406,138,200,338,744
11/18/2004,COS,CO,ANM,WE,Combined TRACON& Tower with Radar,47,95,45,46,233,0,0,53,65,118,47,95,98,111,351,194,216,410,761
11/19/2004,COS,CO,ANM,WE,Combined TRACON& Tower with Radar,52,95,72,47,266,1,3,107,56,167,53,98,179,103,433,196,182,378,811
11/20/2004,COS,CO,ANM,WE,Combined TRACON& Tower with Radar,40,73,30,21,164,0,0,2,18,20,40,73,32,39,184,0,4,4,188
11/21/2004,COS,CO,ANM,WE,Combined TRACON& Tower with Radar,40,66,21,22,149,0,0,2,0,2,40,66,23,22,151,0,0,0,151
11/22/2004,COS,CO,ANM,WE,Combined TRACON& Tower with Radar,43,79,22,23,167,1,2,102,49,154,44,81,124,72,321,128,84,212,533
11/23/2004,COS,CO,ANM,WE,Combined TRACON& Tower with Radar,50,84,61,47,242,0,0,47,22,69,50,84,108,69,311,94,20,114,425
11/24/2004,COS,CO,ANM,WE,Combined TRACON& Tower with Radar,48,91,58,22,219,0,2,77,5,84,48,93,135,27,303,200,42,242,545
11/25/2004,COS,CO,ANM,WE,Combined TRACON& Tower with Radar,38,59,9,3,109,2,0,35,6,43,40,59,44,9,152,20,0,20,172
11/26/2004,COS,CO,ANM,WE,Combined TRACON& Tower with Radar,48,75,36,6,165,0,0,44,5,49,48,75,80,11,214,90,0,90,304
11/27/2004,COS,CO,ANM,WE,Combined TRACON& Tower with Radar,42,80,40,6,168,0,1,68,4,73,42,81,108,10,241,112,2,114,355
11/28/2004,COS,CO,ANM,WE,Combined TRACON& Tower with Radar,46,71,42,2,161,0,0,0,1,1,46,71,42,3,162,0,0,0,162
11/29/2004,COS,CO,ANM,WE,Combined TRACON& Tower with Radar,46,88,27,34,195,0,0,18,0,18,46,88,45,34,213,76,6,82,295
11/30/2004,COS,CO,ANM,WE,Combined TRACON& Tower with Radar,40,83,21,28,172,0,0,49,21,70,40,83,70,49,242,116,52,168,410
12/01/2004,COS,CO,ANM,WE,Combined TRACON& Tower with Radar,49,92,33,36,210,0,1,65,41,107,49,93,98,77,317,92,24,116,433
12/02/2004,COS,CO,ANM,WE,Combined TRACON& Tower with Radar,50,95,38,36,219,0,1,74,23,98,50,96,112,59,317,66,34,100,417
12/03/2004,COS,CO,ANM,WE,Combined TRACON& Tower with Radar,50,95,41,35,221,0,0,83,28,111,50,95,124,63,332,222,0,222,554
12/04/2004,COS,CO,ANM,WE,Combined TRACON& Tower with Radar,40,70,16,25,151,0,4,140,24,168,40,74,156,49,319,208,32,240,559
12/05/2004,COS,CO,ANM,WE,Combined TRACON& Tower with Radar,41,67,38,20,166,0,1,87,24,112,41,68,125,44,278,80,10,90,368
12/06/2004,COS,CO,ANM,WE,Combined TRACON& Tower with Radar,39,84,37,51,211,0,0,41,17,58,39,84,78,68,269,58,58,116,385
12/07/2004,COS,CO,ANM,WE,Combined TRACON& Tower with Radar,51,84,43,57,235,0,1,68,28,97,51,85,111,85,332,42,62,104,436
12/08/2004,COS,CO,ANM,WE,Combined TRACON& Tower with Radar,54,87,38,57,236,1,4,85,33,123,55,91,123,90,359,136,65,201,560
12/09/2004,COS,CO,ANM,WE,Combined TRACON& Tower with Radar,52,86,39,17,194,0,1,37,56,94,52,87,76,73,288,74,62,136,424
12/10/2004,COS,CO,ANM,WE,Combined TRACON& Tower with Radar,54,90,61,58,263,0,0,87,89,176,54,90,148,147,439,86,40,126,565
12/11/2004,COS,CO,ANM,WE,Combined TRACON& Tower with Radar,46,62,22,16,146,0,6,112,30,148,46,68,134,46,294,78,178,256,550
12/12/2004,COS,CO,ANM,WE,Combined TRACON& Tower with Radar,40,69,26,27,162,0,0,78,14,92,40,69,104,41,254,174,4,178,432
12/13/2004,COS,CO,ANM,WE,Combined TRACON& Tower with Radar,47,84,21,23,175,0,1,51,23,75,47,85,72,46,250,68,32,100,350
12/14/2004,COS,CO,ANM,WE,Combined TRACON& Tower with Radar,48,88,36,40,212,0,1,82,35,118,48,89,118,75,330,174,22,196,526
12/15/2004,COS,CO,ANM,WE,Combined TRACON& Tower with Radar,52,89,29,35,205,0,0,29,18,47,52,89,58,53,252,58,40,98,350
12/16/2004,COS,CO,ANM,WE,Combined TRACON& Tower with Radar,56,85,56,23,220,0,1,57,18,76,56,86,113,41,296,88,16,104,400
12/17/2004,COS,CO,ANM,WE,Combined TRACON& Tower with Radar,56,83,58,42,239,0,1,92,36,129,56,84,150,78,368,104,60,164,532
12/18/2004,COS,CO,ANM,WE,Combined TRACON& Tower with Radar,46,67,46,11,170,0,1,139,27,167,46,68,185,38,337,156,6,162,499
12/19/2004,COS,CO,ANM,WE,Combined TRACON& Tower with Radar,56,66,32,21,175,0,0,120,16,136,56,66,152,37,311,122,10,132,443
12/20/2004,COS,CO,ANM,WE,Combined TRACON& Tower with Radar,49,88,39,19,195,0,1,37,24,62,49,89,76,43,257,96,36,132,389
12/21/2004,COS,CO,ANM,WE,Combined TRACON& Tower with Radar,53,87,36,33,209,0,3,67,23,93,53,90,103,56,302,96,36,132,434
12/22/2004,COS,CO,ANM,WE,Combined TRACON& Tower with Radar,50,88,39,5,182,0,0,0,0,0,50,88,39,5,182,0,0,0,182
12/23/2004,COS,CO,ANM,WE,Combined TRACON& Tower with Radar,50,83,47,7,187,0,0,15,0,15,50,83,62,7,202,22,0,22,224
12/24/2004,COS,CO,ANM,WE,Combined TRACON& Tower with Radar,53,77,19,3,152,0,0,67,3,70,53,77,86,6,222,97,0,97,319
12/25/2004,COS,CO,ANM,WE,Combined TRACON& Tower with Radar,38,54,26,0,118,0,0,34,0,34,38,54,60,0,152,40,0,40,192
12/26/2004,COS,CO,ANM,WE,Combined TRACON& Tower with Radar,46,64,69,0,179,0,0,88,2,90,46,64,157,2,269,78,0,78,347
12/27/2004,COS,CO,ANM,WE,Combined TRACON& Tower with Radar,50,82,61,3,196,0,4,103,12,119,50,86,164,15,315,134,2,136,451
12/28/2004,COS,CO,ANM,WE,Combined TRACON& Tower with Radar,62,79,56,21,218,0,1,134,8,143,62,80,190,29,361,120,0,120,481
12/29/2004,COS,CO,ANM,WE,Combined TRACON& Tower with Radar,60,88,34,22,204,0,0,87,14,101,60,88,121,36,305,92,10,102,407
12/30/2004,COS,CO,ANM,WE,Combined TRACON& Tower with Radar,55,88,35,6,184,0,0,29,3,32,55,88,64,9,216,2,4,6,222
12/31/2004,COS,CO,ANM,WE,Combined TRACON& Tower with Radar,48,75,34,4,161,0,0,143,11,154,48,75,177,15,315,198,0,198,513
01/01/2005,COS,CO,ANM,WE,Combined TRACON& Tower with Radar,46,53,23,3,125,0,0,38,6,44,46,53,61,9,169,32,0,32,201
01/02/2005,COS,CO,ANM,WE,Combined TRACON& Tower with Radar,49,64,81,11,205,0,0,78,7,85,49,64,159,18,290,48,0,48,338
01/03/2005,COS,CO,ANM,WE,Combined TRACON& Tower with Radar,63,104,61,25,253,0,2,52,16,70,63,106,113,41,323,108,38,146,469
01/04/2005,COS,CO,ANM,WE,Combined TRACON& Tower with Radar,57,79,26,23,185,0,0,0,0,0,57,79,26,23,185,0,0,0,185
01/05/2005,COS,CO,ANM,WE,Combined TRACON& Tower with Radar,50,81,23,18,172,0,0,0,0,0,50,81,23,18,172,0,0,0,172
01/06/2005,COS,CO,ANM,WE,Combined TRACON& Tower with Radar,48,102,59,33,242,0,2,69,44,115,48,104,128,77,357,93,111,204,561
01/07/2005,COS,CO,ANM,WE,Combined TRACON& Tower with Radar,44,91,38,49,222,0,1,74,27,102,44,92,112,76,324,146,64,210,534
01/08/2005,COS,CO,ANM,WE,Combined TRACON& Tower with Radar,43,63,24,5,135,0,1,17,10,28,43,64,41,15,163,16,0,16,179
01/09/2005,COS,CO,ANM,WE,Combined TRACON& Tower with Radar,36,75,24,16,151,0,0,16,2,18,36,75,40,18,169,14,0,14,183
01/10/2005,COS,CO,ANM,WE,Combined TRACON& Tower with Radar,43,84,34,25,186,0,1,54,6,61,43,85,88,31,247,122,0,122,369
01/11/2005,COS,CO,ANM,WE,Combined TRACON& Tower with Radar,56,121,42,96,315,0,2,39,6,47,56,123,81,102,362,150,114,264,626
01/12/2005,COS,CO,ANM,WE,Combined TRACON& Tower with Radar,51,127,27,31,236,0,0,2,7,9,51,127,29,38,245,0,8,8,253
01/13/2005,COS,CO,ANM,WE,Combined TRACON& Tower with Radar,45,94,41,39,219,0,0,87,19,106,45,94,128,58,325,160,60,220,545
01/14/2005,COS,CO,ANM,WE,Combined TRACON& Tower with Radar,50,92,36,36,214,0,0,53,21,74,50,92,89,57,288,158,10,168,456
01/15/2005,COS,CO,ANM,WE,Combined TRACON& Tower with Radar,41,73,22,21,157,0,0,88,38,126,41,73,110,59,283,168,14,182,465
01/16/2005,COS,CO,ANM,WE,Combined TRACON& Tower with Radar,32,71,36,18,157,0,0,94,19,113,32,71,130,37,270,154,4,158,428
01/17/2005,COS,CO,ANM,WE,Combined TRACON& Tower with Radar,31,55,38,18,142,0,1,68,9,78,31,56,106,27,220,108,20,128,348
01/18/2005,COS,CO,ANM,WE,Combined TRACON& Tower with Radar,45,90,24,37,196,0,2,67,97,166,45,92,91,134,362,106,100,206,568
01/19/2005,COS,CO,ANM,WE,Combined TRACON& Tower with Radar,45,95,49,46,235,0,4,106,72,182,45,99,155,118,417,241,140,381,798
01/20/2005,COS,CO,ANM,WE,Combined TRACON& Tower with Radar,50,88,57,44,239,0,1,118,70,189,50,89,175,114,428,134,66,200,628
01/21/2005,COS,CO,ANM,WE,Combined TRACON& Tower with Radar,51,92,32,53,228,0,2,70,74,146,51,94,102,127,374,160,108,268,642
01/22/2005,COS,CO,ANM,WE,Combined TRACON& Tower with Radar,45,79,27,17,168,0,0,90,31,121,45,79,117,48,289,108,72,180,469
01/23/2005,COS,CO,ANM,WE,Combined TRACON& Tower with Radar,35,74,30,18,157,1,3,104,13,121,36,77,134,31,278,154,6,160,438
01/24/2005,COS,CO,ANM,WE,Combined TRACON& Tower with Radar,42,82,35,22,181,0,1,54,10,65,42,83,89,32,246,80,14,94,340
01/25/2005,COS,CO,ANM,WE,Combined TRACON& Tower with Radar,44,84,28,55,211,0,2,58,30,90,44,86,86,85,301,84,54,138,439
01/26/2005,COS,CO,ANM,WE,Combined TRACON& Tower with Radar,47,90,54,37,228,0,0,63,40,103,47,90,117,77,331,112,42,154,485
01/27/2005,COS,CO,ANM,WE,Combined TRACON& Tower with Radar,46,98,52,58,254,0,0,45,4,49,46,98,97,62,303,74,22,96,399
01/28/2005,COS,CO,ANM,WE,Combined TRACON& Tower with Radar,51,112,37,37,237,0,0,21,23,44,51,112,58,60,281,110,70,180,461
01/29/2005,COS,CO,ANM,WE,Combined TRACON& Tower with Radar,38,73,37,8,156,0,0,10,6,16,38,73,47,14,172,28,0,28,200
01/30/2005,COS,CO,ANM,WE,Combined TRACON& Tower with Radar,27,63,27,12,129,0,0,0,0,0,27,63,27,12,129,0,0,0,129
01/31/2005,COS,CO,ANM,WE,Combined TRACON& Tower with Radar,41,80,37,23,181,0,0,22,6,28,41,80,59,29,209,34,14,48,257
02/01/2005,COS,CO,ANM,WE,Combined TRACON& Tower with Radar,46,80,36,56,218,0,0,75,34,109,46,80,111,90,327,160,148,308,635
02/02/2005,COS,CO,ANM,WE,Combined TRACON& Tower with Radar,45,80,29,41,195,0,2,93,26,121,45,82,122,67,316,132,58,190,506
02/03/2005,COS,CO,ANM,WE,Combined TRACON& Tower with Radar,45,89,66,67,267,1,2,94,35,132,46,91,160,102,399,172,130,302,701
02/04/2005,COS,CO,ANM,WE,Combined TRACON& Tower with Radar,48,83,58,40,229,0,1,118,43,162,48,84,176,83,391,156,108,264,655
02/05/2005,COS,CO,ANM,WE,Combined TRACON& Tower with Radar,35,71,39,18,163,0,0,124,32,156,35,71,163,50,319,192,34,226,545
02/06/2005,COS,CO,ANM,WE,Combined TRACON& Tower with Radar,36,67,36,11,150,0,0,29,7,36,36,67,65,18,186,72,6,78,264
02/07/2005,COS,CO,ANM,WE,Combined TRACON& Tower with Radar,34,34,14,7,89,0,0,1,0,1,34,34,15,7,90,0,0,0,90
02/08/2005,COS,CO,ANM,WE,Combined TRACON& Tower with Radar,33,53,26,25,137,0,0,2,0,2,33,53,28,25,139,42,0,42,181
02/09/2005,COS,CO,ANM,WE,Combined TRACON& Tower with Radar,51,76,52,55,234,0,6,83,42,131,51,82,135,97,365,162,122,284,649
02/10/2005,COS,CO,ANM,WE,Combined TRACON& Tower with Radar,42,81,37,45,205,0,0,94,36,130,42,81,131,81,335,190,71,261,596
02/11/2005,COS,CO,ANM,WE,Combined TRACON& Tower with Radar,48,89,79,40,256,0,0,92,54,146,48,89,171,94,402,124,98,222,624
02/12/2005,COS,CO,ANM,WE,Combined TRACON& Tower with Radar,38,66,34,14,152,0,1,134,37,172,38,67,168,51,324,166,22,188,512
02/13/2005,COS,CO,ANM,WE,Combined TRACON& Tower with Radar,34,60,48,23,165,0,0,81,5,86,34,60,129,28,251,90,18,108,359
02/14/2005,COS,CO,ANM,WE,Combined TRACON& Tower with Radar,46,77,36,50,209,0,1,102,7,110,46,78,138,57,319,56,98,154,473
02/15/2005,COS,CO,ANM,WE,Combined TRACON& Tower with Radar,51,79,36,32,198,0,0,31,4,35,51,79,67,36,233,74,24,98,331
02/16/2005,COS,CO,ANM,WE,Combined TRACON& Tower with Radar,57,82,26,21,186,0,0,2,0,2,57,82,28,21,188,0,0,0,188
02/17/2005,COS,CO,ANM,WE,Combined TRACON& Tower with Radar,56,84,89,37,266,0,2,98,40,140,56,86,187,77,406,148,66,214,620
02/18/2005,COS,CO,ANM,WE,Combined TRACON& Tower with Radar,54,88,67,39,248,0,0,56,23,79,54,88,123,62,327,108,68,176,503
02/19/2005,COS,CO,ANM,WE,Combined TRACON& Tower with Radar,44,63,35,13,155,0,1,59,18,78,44,64,94,31,233,62,42,104,337
02/20/2005,COS,CO,ANM,WE,Combined TRACON& Tower with Radar,49,63,53,15,180,0,0,89,13,102,49,63,142,28,282,158,46,204,486
02/21/2005,COS,CO,ANM,WE,Combined TRACON& Tower with Radar,47,73,55,14,189,0,1,107,6,114,47,74,162,20,303,113,6,119,422
02/22/2005,COS,CO,ANM,WE,Combined TRACON& Tower with Radar,47,74,34,32,187,0,0,35,12,47,47,74,69,44,234,80,58,138,372
02/23/2005,COS,CO,ANM,WE,Combined TRACON& Tower with Radar,55,78,38,32,203,0,0,34,25,59,55,78,72,57,262,48,33,81,343
02/24/2005,COS,CO,ANM,WE,Combined TRACON& Tower with Radar,52,90,50,38,230,0,0,101,42,143,52,90,151,80,373,224,36,260,633
02/25/2005,COS,CO,ANM,WE,Combined TRACON& Tower with Radar,51,82,45,51,229,0,2,115,25,142,51,84,160,76,371,148,50,198,569
02/26/2005,COS,CO,ANM,WE,Combined TRACON& Tower with Radar,44,66,43,18,171,0,1,99,16,116,44,67,142,34,287,126,0,126,413
02/27/2005,COS,CO,ANM,WE,Combined TRACON& Tower with Radar,42,63,44,23,172,0,0,49,15,64,42,63,93,38,236,142,0,142,378
02/28/2005,COS,CO,ANM,WE,Combined TRACON& Tower with Radar,58,76,31,34,199,0,1,99,43,143,58,77,130,77,342,100,76,176,518
03/01/2005,COS,CO,ANM,WE,Combined TRACON& Tower with Radar,53,85,37,47,222,0,0,71,76,147,53,85,108,123,369,182,132,314,683
03/02/2005,COS,CO,ANM,WE,Combined TRACON& Tower with Radar,50,78,37,38,203,3,1,102,60,166,53,79,139,98,369,158,126,284,653
03/03/2005,COS,CO,ANM,WE,Combined TRACON& Tower with Radar,60,83,38,54,235,0,0,110,76,186,60,83,148,130,421,138,116,254,675
03/04/2005,COS,CO,ANM,WE,Combined TRACON& Tower with Radar,49,75,49,54,227,0,0,119,19,138,49,75,168,73,365,162,32,194,559
03/05/2005,COS,CO,ANM,WE,Combined TRACON& Tower with Radar,49,74,48,26,197,0,1,120,47,168,49,75,168,73,365,162,32,194,559
03/06/2005,COS,CO,ANM,WE,Combined TRACON& Tower with Radar,50,57,57,27,191,0,0,83,10,93,50,57,140,37,284,90,18,108,392
03/07/2005,COS,CO,ANM,WE,Combined TRACON& Tower with Radar,47,84,37,24,192,0,1,67,13,81,47,85,104,37,273,74,12,86,359
03/08/2005,COS,CO,ANM,WE,Combined TRACON& Tower with Radar,52,81,39,28,200,0,1,34,4,39,52,82,73,32,239,38,16,54,293
03/09/2005,COS,CO,ANM,WE,Combined TRACON& Tower with Radar,50,74,66,45,235,0,2,155,25,182,50,76,221,70,417,174,28,202,619
03/10/2005,COS,CO,ANM,WE,Combined TRACON& Tower with Radar,50,85,57,31,223,0,3,44,23,70,50,88,101,54,293,70,64,134,427
03/11/2005,COS,CO,ANM,WE,Combined TRACON& Tower with Radar,51,80,67,48,246,0,0,145,28,173,51,80,212,76,419,186,44,230,649
03/12/2005,COS,CO,ANM,WE,Combined TRACON& Tower with Radar,48,65,22,10,145,0,1,48,13,62,48,66,70,23,207,24,6,30,237
03/13/2005,COS,CO,ANM,WE,Combined TRACON& Tower with Radar,44,59,39,16,158,0,0,4,1,5,44,59,43,17,163,0,0,0,163
03/14/2005,COS,CO,ANM,WE,Combined TRACON& Tower with Radar,43,75,23,19,160,0,0,0,0,0,43,75,23,19,160,0,0,0,160
03/15/2005,COS,CO,ANM,WE,Combined TRACON& Tower with Radar,53,79,37,35,204,0,0,77,9,86,53,79,114,44,290,80,24,104,394
03/16/2005,COS,CO,ANM,WE,Combined TRACON& Tower with Radar,52,83,59,32,226,0,0,136,20,156,52,83,195,52,382,192,52,244,626
03/17/2005,COS,CO,ANM,WE,Combined TRACON& Tower with Radar,53,91,41,35,220,0,0,53,9,62,53,91,94,44,282,64,6,70,352
03/18/2005,COS,CO,ANM,WE,Combined TRACON& Tower with Radar,52,82,51,57,242,0,0,26,12,38,52,82,77,69,280,38,0,38,318
03/19/2005,COS,CO,ANM,WE,Combined TRACON& Tower with Radar,48,65,68,14,195,0,1,173,21,195,48,66,241,35,390,226,2,228,618
03/20/2005,COS,CO,ANM,WE,Combined TRACON& Tower with Radar,48,57,35,23,163,0,0,73,10,83,48,57,108,33,246,148,0,148,394
03/21/2005,COS,CO,ANM,WE,Combined TRACON& Tower with Radar,51,78,29,23,181,0,0,13,0,13,51,78,42,23,194,4,0,4,198
03/22/2005,COS,CO,ANM,WE,Combined TRACON& Tower with Radar,53,80,29,44,206,0,0,100,18,118,53,80,129,62,324,198,44,242,566
03/23/2005,COS,CO,ANM,WE,Combined TRACON& Tower with Radar,48,67,41,28,184,0,0,41,16,57,48,67,82,44,241,0,0,0,241
03/24/2005,COS,CO,ANM,WE,Combined TRACON& Tower with Radar,61,85,44,30,220,0,0,44,19,63,61,85,88,49,283,68,60,128,411
03/25/2005,COS,CO,ANM,WE,Combined TRACON& Tower with Radar,57,71,22,18,168,0,0,1,0,1,57,71,23,18,169,0,0,0,169
03/26/2005,COS,CO,ANM,WE,Combined TRACON& Tower with Radar,47,63,28,11,149,0,0,9,4,13,47,63,37,15,162,64,0,64,226
03/27/2005,COS,CO,ANM,WE,Combined TRACON& Tower with Radar,47,56,28,2,133,0,1,80,10,91,47,57,108,12,224,123,7,130,354
03/28/2005,COS,CO,ANM,WE,Combined TRACON& Tower with Radar,52,71,48,23,194,0,3,91,24,118,52,74,139,47,312,128,74,202,514
03/29/2005,COS,CO,ANM,WE,Combined TRACON& Tower with Radar,60,78,36,23,197,0,0,42,34,76,60,78,78,57,273,32,40,72,345
03/30/2005,COS,CO,ANM,WE,Combined TRACON& Tower with Radar,55,70,47,27,199,0,0,67,28,95,55,70,114,55,294,78,112,190,484
03/31/2005,COS,CO,ANM,WE,Combined TRACON& Tower with Radar,55,78,26,26,185,0,0,11,34,45,55,78,37,60,230,30,37,67,297
04/01/2005,COS,CO,ANM,WE,Combined TRACON& Tower with Radar,53,78,34,37,202,0,2,175,64,241,53,80,209,101,443,256,162,418,861
04/02/2005,COS,CO,ANM,WE,Combined TRACON& Tower with Radar,51,66,43,29,189,0,9,208,75,292,51,75,251,104,481,212,42,254,735
04/03/2005,COS,CO,ANM,WE,Combined TRACON& Tower with Radar,45,59,52,28,184,0,0,129,15,144,45,59,181,43,328,120,8,128,456
04/04/2005,COS,CO,ANM,WE,Combined TRACON& Tower with Radar,54,72,33,29,188,0,1,56,8,65,54,73,89,37,253,82,8,90,343
04/05/2005,COS,CO,ANM,WE,Combined TRACON& Tower with Radar,56,76,17,21,170,0,0,1,0,1,56,76,18,21,171,0,4,4,175
04/06/2005,COS,CO,ANM,WE,Combined TRACON& Tower with Radar,55,82,68,39,244,0,1,128,36,165,55,83,196,75,409,48,18,66,475
04/07/2005,COS,CO,ANM,WE,Combined TRACON& Tower with Radar,57,85,49,42,233,0,0,89,60,149,57,85,138,102,382,174,28,202,584
04/08/2005,COS,CO,ANM,WE,Combined TRACON& Tower with Radar,62,80,44,34,220,0,0,63,37,100,62,80,107,71,320,154,56,210,530
04/09/2005,COS,CO,ANM,WE,Combined TRACON& Tower with Radar,49,63,35,32,179,0,0,115,39,154,49,63,150,71,333,134,22,156,489
04/10/2005,COS,CO,ANM,WE,Combined TRACON& Tower with Radar,16,15,9,5,45,0,0,0,0,0,16,15,9,5,45,0,0,0,45
04/11/2005,COS,CO,ANM,WE,Combined TRACON& Tower with Radar,50,68,32,19,169,0,1,29,3,33,50,69,61,22,202,28,2,30,232
04/12/2005,COS,CO,ANM,WE,Combined TRACON& Tower with Radar,57,79,36,42,214,4,2,115,22,143,61,81,151,64,357,116,64,180,537
04/13/2005,COS,CO,ANM,WE,Combined TRACON& Tower with Radar,55,77,38,32,202,1,4,105,23,133,56,81,143,55,335,178,82,260,595
04/14/2005,COS,CO,ANM,WE,Combined TRACON& Tower with Radar,56,79,44,29,208,0,0,77,22,99,56,79,121,51,307,122,56,178,485
04/15/2005,COS,CO,ANM,WE,Combined TRACON& Tower with Radar,56,79,46,44,225,0,2,96,23,121,56,81,142,67,346,40,26,66,412
04/16/2005,COS,CO,ANM,WE,Combined TRACON& Tower with Radar,51,59,29,39,178,3,2,103,21,129,54,61,132,60,307,150,64,214,521
04/17/2005,COS,CO,ANM,WE,Combined TRACON& Tower with Radar,46,60,34,25,165,0,0,120,12,132,46,60,154,37,297,121,18,139,436
04/18/2005,COS,CO,ANM,WE,Combined TRACON& Tower with Radar,50,74,40,23,187,0,0,75,19,94,50,74,115,42,281,112,8,120,401
04/19/2005,COS,CO,ANM,WE,Combined TRACON& Tower with Radar,54,77,37,50,218,0,1,116,32,149,54,78,153,82,367,238,58,296,663
04/20/2005,COS,CO,ANM,WE,Combined TRACON& Tower with Radar,94,101,37,48,280,5,3,61,15,84,99,104,98,63,364,100,46,146,510
04/21/2005,COS,CO,ANM,WE,Combined TRACON& Tower with Radar,77,86,65,41,269,0,0,73,23,96,77,86,138,64,365,86,46,132,497
04/22/2005,COS,CO,ANM,WE,Combined TRACON& Tower with Radar,68,80,48,21,217,8,1,98,22,129,76,81,146,43,346,80,22,102,448
04/23/2005,COS,CO,ANM,WE,Combined TRACON& Tower with Radar,48,62,38,7,155,0,1,170,21,192,48,63,208,28,347,288,0,288,635
04/24/2005,COS,CO,ANM,WE,Combined TRACON& Tower with Radar,49,63,39,10,161,0,0,34,7,41,49,63,73,17,202,66,0,66,268
04/25/2005,COS,CO,ANM,WE,Combined TRACON& Tower with Radar,60,84,25,28,197,0,0,22,5,27,60,84,47,33,224,32,0,32,256
04/26/2005,COS,CO,ANM,WE,Combined TRACON& Tower with Radar,56,80,48,38,222,0,1,110,54,165,56,81,158,92,387,162,104,266,653
04/27/2005,COS,CO,ANM,WE,Combined TRACON& Tower with Radar,61,79,41,24,205,0,0,87,38,125,61,79,128,62,330,74,68,142,472
04/28/2005,COS,CO,ANM,WE,Combined TRACON& Tower with Radar,66,86,32,17,201,0,0,0,3,3,66,86,32,20,204,0,0,0,204
04/29/2005,COS,CO,ANM,WE,Combined TRACON& Tower with Radar,58,83,31,22,194,0,0,9,13,22,58,83,40,35,216,24,14,38,254
04/30/2005,COS,CO,ANM,WE,Combined TRACON& Tower with Radar,49,60,27,17,153,0,0,23,4,27,49,60,50,21,180,108,6,114,294
05/01/2005,COS,CO,ANM,WE,Combined TRACON& Tower with Radar,49,58,29,17,153,0,0,6,7,13,49,58,35,24,166,16,0,16,182
05/02/2005,COS,CO,ANM,WE,Combined TRACON& Tower with Radar,55,75,36,13,179,0,0,10,2,12,55,75,46,15,191,0,0,0,191
05/03/2005,COS,CO,ANM,WE,Combined TRACON& Tower with Radar,46,59,33,36,174,0,0,50,15,65,46,59,83,51,239,62,42,104,343
05/04/2005,COS,CO,ANM,WE,Combined TRACON& Tower with Radar,61,79,50,44,234,2,0,98,29,129,63,79,148,73,363,122,40,162,525
05/05/2005,COS,CO,ANM,WE,Combined TRACON& Tower with Radar,61,75,50,33,219,0,3,119,35,157,61,78,169,68,376,166,16,182,558
05/06/2005,COS,CO,ANM,WE,Combined TRACON& Tower with Radar,59,72,42,36,209,0,1,103,26,130,59,73,145,62,339,212,32,244,583
05/07/2005,COS,CO,ANM,WE,Combined TRACON& Tower with Radar,56,56,20,32,164,0,3,98,16,117,56,59,118,48,281,120,14,134,415
05/08/2005,COS,CO,ANM,WE,Combined TRACON& Tower with Radar,49,61,47,21,178,0,0,70,12,82,49,61,117,33,260,54,0,54,314
05/09/2005,COS,CO,ANM,WE,Combined TRACON& Tower with Radar,53,71,35,23,182,0,0,93,19,112,53,71,128,42,294,56,28,84,378
05/10/2005,COS,CO,ANM,WE,Combined TRACON& Tower with Radar,55,73,40,24,192,0,1,56,29,86,55,74,96,53,278,72,38,110,388
05/11/2005,COS,CO,ANM,WE,Combined TRACON& Tower with Radar,60,79,46,30,215,0,1,48,18,67,60,80,94,48,282,60,58,118,400
05/12/2005,COS,CO,ANM,WE,Combined TRACON& Tower with Radar,57,82,56,31,226,0,0,47,19,66,57,82,103,50,292,83,112,195,487
05/13/2005,COS,CO,ANM,WE,Combined TRACON& Tower with Radar,60,81,29,28,198,0,0,87,48,135,60,81,116,76,333,94,84,178,511
05/14/2005,COS,CO,ANM,WE,Combined TRACON& Tower with Radar,55,65,32,22,174,0,1,169,18,188,55,66,201,40,362,236,6,242,604
05/15/2005,COS,CO,ANM,WE,Combined TRACON& Tower with Radar,48,57,47,19,171,0,3,105,13,121,48,60,152,32,292,90,6,96,388
05/16/2005,COS,CO,ANM,WE,Combined TRACON& Tower with Radar,53,71,45,28,197,0,0,75,16,91,53,71,120,44,288,74,10,84,372
05/17/2005,COS,CO,ANM,WE,Combined TRACON& Tower with Radar,57,80,31,28,196,0,0,41,18,59,57,80,72,46,255,68,22,90,345
05/18/2005,COS,CO,ANM,WE,Combined TRACON& Tower with Radar,58,76,42,33,209,0,1,103,18,122,58,77,145,51,331,122,24,146,477
05/19/2005,COS,CO,ANM,WE,Combined TRACON& Tower with Radar,57,80,54,27,218,0,0,122,23,145,57,80,176,50,363,200,38,238,601
05/20/2005,COS,CO,ANM,WE,Combined TRACON& Tower with Radar,61,79,55,45,240,0,0,158,13,171,61,79,213,58,411,150,6,156,567
05/21/2005,COS,CO,ANM,WE,Combined TRACON& Tower with Radar,52,54,33,13,152,0,1,122,17,140,52,55,155,30,292,168,16,184,476
05/22/2005,COS,CO,ANM,WE,Combined TRACON& Tower with Radar,47,60,48,30,185,0,0,92,11,103,47,60,140,41,288,156,12,168,456
05/23/2005,COS,CO,ANM,WE,Combined TRACON& Tower with Radar,75,71,52,30,228,0,0,77,10,87,75,71,129,40,315,92,22,114,429
05/24/2005,COS,CO,ANM,WE,Combined TRACON& Tower with Radar,56,80,38,36,210,0,1,86,20,107,56,81,124,56,317,90,64,154,471
05/25/2005,COS,CO,ANM,WE,Combined TRACON& Tower with Radar,60,76,70,29,235,0,0,69,8,77,60,76,139,37,312,36,14,50,362
05/26/2005,COS,CO,ANM,WE,Combined TRACON& Tower with Radar,62,76,67,35,240,0,0,68,33,101,62,76,135,68,341,284,68,352,693
05/27/2005,COS,CO,ANM,WE,Combined TRACON& Tower with Radar,60,78,50,26,214,0,0,0,0,0,60,78,50,26,214,92,28,120,334
05/28/2005,COS,CO,ANM,WE,Combined TRACON& Tower with Radar,51,52,29,11,143,0,2,135,15,152,51,54,164,26,295,170,0,170,465
05/29/2005,COS,CO,ANM,WE,Combined TRACON& Tower with Radar,48,48,21,13,130,1,0,52,7,60,49,48,73,20,190,64,0,64,254
05/30/2005,COS,CO,ANM,WE,Combined TRACON& Tower with Radar,64,60,60,8,192,0,0,2,0,2,64,60,62,8,194,194,0,194,388
05/31/2005,COS,CO,ANM,WE,Combined TRACON& Tower with Radar,53,72,55,31,211,0,2,105,28,135,53,74,160,59,346,170,0,170,516
06/01/2005,COS,CO,ANM,WE,Combined TRACON& Tower with Radar,58,89,40,32,219,0,0,79,41,120,58,89,119,73,339,148,2,150,489
06/02/2005,COS,CO,ANM,WE,Combined TRACON& Tower with Radar,69,87,54,34,244,0,4,133,14,151,69,91,187,48,395,108,6,114,509
06/03/2005,COS,CO,ANM,WE,Combined TRACON& Tower with Radar,65,90,54,32,241,0,0,103,21,124,65,90,157,53,365,234,56,290,655
06/04/2005,COS,CO,ANM,WE,Combined TRACON& Tower with Radar,56,59,34,15,164,0,4,42,25,71,56,63,76,40,235,30,14,44,279
06/05/2005,COS,CO,ANM,WE,Combined TRACON& Tower with Radar,46,61,51,34,192,0,0,156,9,165,46,61,207,43,357,316,8,324,681
06/06/2005,COS,CO,ANM,WE,Combined TRACON& Tower with Radar,57,73,34,28,192,0,1,83,5,89,57,74,117,33,281,146,18,164,445
06/07/2005,COS,CO,ANM,WE,Combined TRACON& Tower with Radar,59,80,45,38,222,0,1,88,13,102,59,81,133,51,324,64,34,98,422
06/08/2005,COS,CO,ANM,WE,Combined TRACON& Tower with Radar,65,75,61,36,237,0,3,110,12,125,65,78,171,48,362,171,46,217,579
06/09/2005,COS,CO,ANM,WE,Combined TRACON& Tower with Radar,70,79,58,31,238,0,0,79,22,101,70,79,137,53,339,104,22,126,465
06/10/2005,COS,CO,ANM,WE,Combined TRACON& Tower with Radar,78,96,56,22,252,0,0,50,8,58,78,96,106,30,310,76,0,76,386
06/11/2005,COS,CO,ANM,WE,Combined TRACON& Tower with Radar,65,66,52,16,199,0,1,209,16,226,65,67,261,32,425,150,4,154,579
06/12/2005,COS,CO,ANM,WE,Combined TRACON& Tower with Radar,60,64,51,37,212,0,0,52,7,59,60,64,103,44,271,66,20,86,357
06/13/2005,COS,CO,ANM,WE,Combined TRACON& Tower with Radar,62,76,45,27,210,0,0,104,3,107,62,76,149,30,317,116,16,132,449
06/14/2005,COS,CO,ANM,WE,Combined TRACON& Tower with Radar,55,64,38,22,179,0,0,159,46,205,55,64,197,68,384,102,148,250,634
06/15/2005,COS,CO,ANM,WE,Combined TRACON& Tower with Radar,70,78,42,30,220,0,0,112,22,134,70,78,154,52,354,118,64,182,536
06/16/2005,COS,CO,ANM,WE,Combined TRACON& Tower with Radar,70,72,47,24,213,0,1,94,33,128,70,73,141,57,341,160,96,256,597
06/17/2005,COS,CO,ANM,WE,Combined TRACON& Tower with Radar,69,82,59,54,264,0,3,114,26,143,69,85,173,80,407,166,70,236,643
06/18/2005,COS,CO,ANM,WE,Combined TRACON& Tower with Radar,62,60,44,18,184,0,3,127,13,143,62,63,171,31,327,146,12,158,485
06/19/2005,COS,CO,ANM,WE,Combined TRACON& Tower with Radar,63,58,39,25,185,1,0,139,19,159,64,58,178,44,344,112,0,112,456
06/20/2005,COS,CO,ANM,WE,Combined TRACON& Tower with Radar,68,75,46,35,224,0,0,94,24,118,68,75,140,59,342,62,54,116,458
06/21/2005,COS,CO,ANM,WE,Combined TRACON& Tower with Radar,69,81,40,29,219,0,0,90,14,104,69,81,130,43,323,158,44,202,525
06/22/2005,COS,CO,ANM,WE,Combined TRACON& Tower with Radar,76,82,65,31,254,0,0,150,26,176,76,82,215,57,430,98,32,130,560
06/23/2005,COS,CO,ANM,WE,Combined TRACON& Tower with Radar,75,81,69,30,255,1,0,117,11,129,76,81,186,41,384,120,48,168,552
06/24/2005,COS,CO,ANM,WE,Combined TRACON& Tower with Radar,72,85,47,36,240,0,0,134,8,142,72,85,181,44,382,114,24,138,520
06/25/2005,COS,CO,ANM,WE,Combined TRACON& Tower with Radar,75,81,58,25,239,0,0,121,21,142,75,81,179,46,381,112,0,112,493
06/26/2005,COS,CO,ANM,WE,Combined TRACON& Tower with Radar,80,60,48,20,208,0,0,75,3,78,80,60,123,23,286,104,6,110,396
06/27/2005,COS,CO,ANM,WE,Combined TRACON& Tower with Radar,65,72,54,34,225,0,3,123,11,137,65,75,177,45,362,130,20,150,512
06/28/2005,COS,CO,ANM,WE,Combined TRACON& Tower with Radar,71,84,42,34,231,0,0,128,10,138,71,84,170,44,369,136,24,160,529
06/29/2005,COS,CO,ANM,WE,Combined TRACON& Tower with Radar,67,75,49,22,213,0,0,126,19,145,67,75,175,41,358,222,16,238,596
06/30/2005,COS,CO,ANM,WE,Combined TRACON& Tower with Radar,69,79,71,23,242,0,0,99,11,110,69,79,170,34,352,138,8,146,498
07/01/2005,COS,CO,ANM,WE,Combined TRACON& Tower with Radar,73,88,69,35,265,2,0,149,16,167,75,88,218,51,432,122,16,138,570
07/02/2005,COS,CO,ANM,WE,Combined TRACON& Tower with Radar,58,67,47,16,188,0,1,152,4,157,58,68,199,20,345,124,0,124,469
07/03/2005,COS,CO,ANM,WE,Combined TRACON& Tower with Radar,63,51,39,10,163,0,2,78,6,86,63,53,117,16,249,62,2,64,313
07/04/2005,COS,CO,ANM,WE,Combined TRACON& Tower with Radar,56,58,39,12,165,0,0,98,7,105,56,58,137,19,270,124,4,128,398
07/05/2005,COS,CO,ANM,WE,Combined TRACON& Tower with Radar,60,76,61,38,235,0,0,100,12,112,60,76,161,50,347,124,4,128,475
07/06/2005,COS,CO,ANM,WE,Combined TRACON& Tower with Radar,70,83,53,37,243,0,1,96,31,128,70,84,149,68,371,110,84,194,565
07/07/2005,COS,CO,ANM,WE,Combined TRACON& Tower with Radar,64,90,52,27,233,5,2,149,33,189,69,92,201,60,422,164,32,196,618
07/08/2005,COS,CO,ANM,WE,Combined TRACON& Tower with Radar,73,87,48,48,256,1,1,160,22,184,74,88,208,70,440,76,10,86,526
07/09/2005,COS,CO,ANM,WE,Combined TRACON& Tower with Radar,79,69,43,20,211,0,6,154,22,182,79,75,197,42,393,128,4,132,525
07/10/2005,COS,CO,ANM,WE,Combined TRACON& Tower with Radar,58,60,37,32,187,0,2,146,16,164,58,62,183,48,351,60,0,60,411
07/11/2005,COS,CO,ANM,WE,Combined TRACON& Tower with Radar,53,54,36,27,170,0,0,104,34,138,53,54,140,61,308,92,42,134,442
07/12/2005,COS,CO,ANM,WE,Combined TRACON& Tower with Radar,65,83,58,25,231,0,6,111,25,142,65,89,169,50,373,192,10,202,575
07/13/2005,COS,CO,ANM,WE,Combined TRACON& Tower with Radar,70,86,56,29,241,0,0,119,34,153,70,86,175,63,394,184,48,232,626
07/14/2005,COS,CO,ANM,WE,Combined TRACON& Tower with Radar,67,90,69,32,258,0,1,163,43,207,67,91,232,75,465,213,96,309,774
07/15/2005,COS,CO,ANM,WE,Combined TRACON& Tower with Radar,69,81,68,23,241,0,1,109,33,143,69,82,177,56,384,110,28,138,522
07/16/2005,COS,CO,ANM,WE,Combined TRACON& Tower with Radar,65,67,41,37,210,0,3,149,18,170,65,70,190,55,380,130,58,188,568
07/17/2005,COS,CO,ANM,WE,Combined TRACON& Tower with Radar,59,62,54,16,191,0,1,134,4,139,59,63,188,20,330,114,8,122,452
07/18/2005,COS,CO,ANM,WE,Combined TRACON& Tower with Radar,60,75,46,54,235,0,16,105,18,139,60,91,151,72,374,80,84,164,538
07/19/2005,COS,CO,ANM,WE,Combined TRACON& Tower with Radar,73,82,56,34,245,0,8,175,24,207,73,90,231,58,452,172,68,240,692
07/20/2005,COS,CO,ANM,WE,Combined TRACON& Tower with Radar,55,66,45,38,204,0,1,97,27,125,55,67,142,65,329,106,48,154,483
07/21/2005,COS,CO,ANM,WE,Combined TRACON& Tower with Radar,63,72,58,28,221,0,12,64,22,98,63,84,122,50,319,142,62,204,523
07/22/2005,COS,CO,ANM,WE,Combined TRACON& Tower with Radar,76,84,59,30,249,4,1,148,33,186,80,85,207,63,435,138,34,172,607
07/23/2005,COS,CO,ANM,WE,Combined TRACON& Tower with Radar,76,71,50,21,218,0,1,148,7,156,76,72,198,28,374,160,4,164,538
07/24/2005,COS,CO,ANM,WE,Combined TRACON& Tower with Radar,61,62,51,14,188,1,0,98,13,112,62,62,149,27,300,116,12,128,428
07/25/2005,COS,CO,ANM,WE,Combined TRACON& Tower with Radar,64,81,27,23,195,0,0,87,18,105,64,81,114,41,300,130,12,142,442
07/26/2005,COS,CO,ANM,WE,Combined TRACON& Tower with Radar,73,80,65,21,239,0,0,34,11,45,73,80,99,32,284,74,66,140,424
07/27/2005,COS,CO,ANM,WE,Combined TRACON& Tower with Radar,75,87,73,28,263,0,1,88,6,95,75,88,161,34,358,90,12,102,460
07/28/2005,COS,CO,ANM,WE,Combined TRACON& Tower with Radar,68,91,59,32,250,0,0,103,33,136,68,91,162,65,386,192,24,216,602
07/29/2005,COS,CO,ANM,WE,Combined TRACON& Tower with Radar,74,80,72,23,249,0,1,144,29,174,74,81,216,52,423,162,20,182,605
07/30/2005,COS,CO,ANM,WE,Combined TRACON& Tower with Radar,63,65,49,12,189,0,2,149,18,169,63,67,198,30,358,144,32,176,534
07/31/2005,COS,CO,ANM,WE,Combined TRACON& Tower with Radar,75,75,84,11,245,0,0,145,6,151,75,75,229,17,396,106,0,106,502
08/01/2005,COS,CO,ANM,WE,Combined TRACON& Tower with Radar,72,74,65,20,231,0,1,93,11,105,72,75,158,31,336,240,14,254,590
08/02/2005,COS,CO,ANM,WE,Combined TRACON& Tower with Radar,58,88,56,29,231,0,0,88,8,96,58,88,144,37,327,186,12,198,525
08/03/2005,COS,CO,ANM,WE,Combined TRACON& Tower with Radar,81,85,50,21,237,0,1,81,12,94,81,86,131,33,331,123,26,149,480
08/04/2005,COS,CO,ANM,WE,Combined TRACON& Tower with Radar,71,81,69,18,239,0,0,19,2,21,71,81,88,20,260,32,2,34,294
08/05/2005,COS,CO,ANM,WE,Combined TRACON& Tower with Radar,64,74,48,37,223,0,0,68,11,79,64,74,116,48,302,72,44,116,418
08/06/2005,COS,CO,ANM,WE,Combined TRACON& Tower with Radar,61,71,47,26,205,2,0,150,13,165,63,71,197,39,370,158,0,158,528
08/07/2005,COS,CO,ANM,WE,Combined TRACON& Tower with Radar,61,68,61,10,200,0,0,131,19,150,61,68,192,29,350,122,0,122,472
08/08/2005,COS,CO,ANM,WE,Combined TRACON& Tower with Radar,64,70,54,15,203,0,0,90,10,100,64,70,144,25,303,62,8,70,373
08/09/2005,COS,CO,ANM,WE,Combined TRACON& Tower with Radar,69,79,49,38,235,0,0,82,17,99,69,79,131,55,334,240,30,270,604
08/10/2005,COS,CO,ANM,WE,Combined TRACON& Tower with Radar,69,83,56,37,245,0,1,92,17,110,69,84,148,54,355,104,74,178,533
08/11/2005,COS,CO,ANM,WE,Combined TRACON& Tower with Radar,69,84,41,28,222,0,2,74,12,88,69,86,115,40,310,170,28,198,508
08/12/2005,COS,CO,ANM,WE,Combined TRACON& Tower with Radar,66,82,59,21,228,0,4,99,18,121,66,86,158,39,349,122,24,146,495
08/13/2005,COS,CO,ANM,WE,Combined TRACON& Tower with Radar,62,62,44,26,194,0,1,53,5,59,62,63,97,31,253,133,8,141,394
08/14/2005,COS,CO,ANM,WE,Combined TRACON& Tower with Radar,67,65,79,13,224,0,0,20,2,22,67,65,99,15,246,20,2,22,268
08/15/2005,COS,CO,ANM,WE,Combined TRACON& Tower with Radar,57,64,48,28,197,0,5,38,8,51,57,69,86,36,248,60,16,76,324
08/16/2005,COS,CO,ANM,WE,Combined TRACON& Tower with Radar,82,72,59,33,246,3,0,70,13,86,85,72,129,46,332,104,62,166,498
08/17/2005,COS,CO,ANM,WE,Combined TRACON& Tower with Radar,72,78,54,35,239,0,0,104,14,118,72,78,158,49,357,202,12,214,571
08/18/2005,COS,CO,ANM,WE,Combined TRACON& Tower with Radar,73,82,74,45,274,0,3,107,18,128,73,85,181,63,402,170,18,188,590
08/19/2005,COS,CO,ANM,WE,Combined TRACON& Tower with Radar,69,83,74,24,250,0,0,143,13,156,69,83,217,37,406,146,0,146,552
08/20/2005,COS,CO,ANM,WE,Combined TRACON& Tower with Radar,62,65,21,26,174,0,1,79,22,102,62,66,100,48,276,66,58,124,400
08/21/2005,COS,CO,ANM,WE,Combined TRACON& Tower with Radar,62,63,68,17,210,0,0,115,16,131,62,63,183,33,341,124,0,124,465
08/22/2005,COS,CO,ANM,WE,Combined TRACON& Tower with Radar,63,77,65,30,235,0,0,74,2,76,63,77,139,32,311,168,5,173,484
08/23/2005,COS,CO,ANM,WE,Combined TRACON& Tower with Radar,64,81,52,23,220,0,0,79,19,98,64,81,131,42,318,152,0,152,470
08/24/2005,COS,CO,ANM,WE,Combined TRACON& Tower with Radar,65,88,68,36,257,0,0,125,23,148,65,88,193,59,405,236,58,294,699
08/25/2005,COS,CO,ANM,WE,Combined TRACON& Tower with Radar,64,95,55,43,257,0,2,88,35,125,64,97,143,78,382,166,56,222,604
08/26/2005,COS,CO,ANM,WE,Combined TRACON& Tower with Radar,72,93,45,46,256,0,2,142,22,166,72,95,187,68,422,138,14,152,574
08/27/2005,COS,CO,ANM,WE,Combined TRACON& Tower with Radar,61,69,21,19,170,0,2,132,11,145,61,71,153,30,315,134,2,136,451
08/28/2005,COS,CO,ANM,WE,Combined TRACON& Tower with Radar,57,67,58,29,211,0,0,125,7,132,57,67,183,36,343,150,6,156,499
08/29/2005,COS,CO,ANM,WE,Combined TRACON& Tower with Radar,62,82,50,53,247,0,2,103,11,116,62,84,153,64,363,102,22,124,487
08/30/2005,COS,CO,ANM,WE,Combined TRACON& Tower with Radar,66,81,44,37,228,0,3,119,37,159,66,84,163,74,387,122,82,204,591
08/31/2005,COS,CO,ANM,WE,Combined TRACON& Tower with Radar,62,84,52,69,267,0,2,116,33,151,62,86,168,102,418,216,96,312,730
09/01/2005,COS,CO,ANM,WE,Combined TRACON& Tower with Radar,72,90,60,31,253,0,1,85,47,133,72,91,145,78,386,224,132,356,742
09/02/2005,COS,CO,ANM,WE,Combined TRACON& Tower with Radar,64,85,42,56,247,0,4,134,27,165,64,89,176,83,412,182,74,256,668
09/03/2005,COS,CO,ANM,WE,Combined TRACON& Tower with Radar,57,62,25,37,181,0,1,107,15,123,57,63,132,52,304,146,14,160,464
09/04/2005,COS,CO,ANM,WE,Combined TRACON& Tower with Radar,49,50,17,18,134,0,0,95,11,106,49,50,112,29,240,138,0,138,378
09/05/2005,COS,CO,ANM,WE,Combined TRACON& Tower with Radar,56,66,52,17,191,0,0,96,1,97,56,66,148,18,288,114,0,114,402
09/06/2005,COS,CO,ANM,WE,Combined TRACON& Tower with Radar,56,80,66,31,233,0,0,82,16,98,56,80,148,47,331,112,16,128,459
09/07/2005,COS,CO,ANM,WE,Combined TRACON& Tower with Radar,66,83,74,29,252,0,1,114,33,148,66,84,188,62,400,312,106,418,818
09/08/2005,COS,CO,ANM,WE,Combined TRACON& Tower with Radar,61,87,57,53,258,0,1,112,24,137,61,88,169,77,395,90,52,142,537
09/09/2005,COS,CO,ANM,WE,Combined TRACON& Tower with Radar,65,84,34,56,239,0,4,111,37,152,65,88,145,93,391,178,152,330,721
09/10/2005,COS,CO,ANM,WE,Combined TRACON& Tower with Radar,56,61,23,38,178,0,2,110,31,143,56,63,133,69,321,96,30,126,447
09/11/2005,COS,CO,ANM,WE,Combined TRACON& Tower with Radar,53,59,40,32,184,0,0,112,13,125,53,59,152,45,309,99,2,101,410
09/12/2005,COS,CO,ANM,WE,Combined TRACON& Tower with Radar,60,71,42,28,201,1,0,67,1,69,61,71,109,29,270,64,16,80,350
09/13/2005,COS,CO,ANM,WE,Combined TRACON& Tower with Radar,58,84,37,20,199,0,1,124,23,148,58,85,161,43,347,138,52,190,537
09/14/2005,COS,CO,ANM,WE,Combined TRACON& Tower with Radar,54,70,69,31,224,0,0,77,20,97,54,70,146,51,321,68,82,150,471
09/15/2005,COS,CO,ANM,WE,Combined TRACON& Tower with Radar,66,74,62,28,230,0,1,111,33,145,66,75,173,61,375,90,54,144,519
09/16/2005,COS,CO,ANM,WE,Combined TRACON& Tower with Radar,59,76,60,71,266,0,0,110,26,136,59,76,170,97,402,116,104,220,622
09/17/2005,COS,CO,ANM,WE,Combined TRACON& Tower with Radar,55,65,36,32,188,0,1,121,37,159,55,66,157,69,347,116,6,122,469
09/18/2005,COS,CO,ANM,WE,Combined TRACON& Tower with Radar,54,60,49,30,193,0,2,93,8,103,54,62,142,38,296,116,2,118,414
09/19/2005,COS,CO,ANM,WE,Combined TRACON& Tower with Radar,61,77,54,32,224,0,0,80,16,96,61,77,134,48,320,86,32,118,438
09/20/2005,COS,CO,ANM,WE,Combined TRACON& Tower with Radar,59,81,61,23,224,0,3,103,47,153,59,84,164,70,377,138,106,244,621
09/21/2005,COS,CO,ANM,WE,Combined TRACON& Tower with Radar,60,83,54,54,251,0,3,125,57,185,60,86,179,111,436,110,108,218,654
09/22/2005,COS,CO,ANM,WE,Combined TRACON& Tower with Radar,57,76,52,58,243,0,2,57,16,75,57,78,109,74,318,82,82,164,482
09/23/2005,COS,CO,ANM,WE,Combined TRACON& Tower with Radar,65,74,35,48,222,0,0,80,22,102,65,74,115,70,324,78,36,114,438
09/24/2005,COS,CO,ANM,WE,Combined TRACON& Tower with Radar,58,51,11,66,186,0,0,43,26,69,58,51,54,92,255,66,24,90,345
09/25/2005,COS,CO,ANM,WE,Combined TRACON& Tower with Radar,52,55,43,28,178,0,1,71,12,84,52,56,114,40,262,104,0,104,366
09/26/2005,COS,CO,ANM,WE,Combined TRACON& Tower with Radar,62,69,47,15,193,0,1,80,6,87,62,70,127,21,280,88,14,102,382
09/27/2005,COS,CO,ANM,WE,Combined TRACON& Tower with Radar,59,83,53,27,222,0,1,93,10,104,59,84,146,37,326,76,12,88,414
09/28/2005,COS,CO,ANM,WE,Combined TRACON& Tower with Radar,59,87,51,24,221,0,0,5,4,9,59,87,56,28,230,100,14,114,344
09/29/2005,COS,CO,ANM,WE,Combined TRACON& Tower with Radar,64,88,81,35,268,0,0,63,15,78,64,88,144,50,346,108,14,122,468
09/30/2005,COS,CO,ANM,WE,Combined TRACON& Tower with Radar,46,75,19,27,167,0,1,144,39,184,46,76,163,66,351,136,52,188,539
10/01/2005,COS,CO,ANM,WE,Combined TRACON& Tower with Radar,54,65,23,13,155,0,1,149,27,177,54,66,172,40,332,152,32,184,516
10/02/2005,COS,CO,ANM,WE,Combined TRACON& Tower with Radar,41,60,36,13,150,0,0,103,24,127,41,60,139,37,277,112,0,112,389
10/03/2005,COS,CO,ANM,WE,Combined TRACON& Tower with Radar,56,70,18,19,163,0,1,59,8,68,56,71,77,27,231,12,24,36,267
10/04/2005,COS,CO,ANM,WE,Combined TRACON& Tower with Radar,61,76,26,14,177,0,0,71,20,91,61,76,97,34,268,72,74,146,414
10/05/2005,COS,CO,ANM,WE,Combined TRACON& Tower with Radar,64,79,66,36,245,0,0,60,31,91,64,79,126,67,336,84,22,106,442
10/06/2005,COS,CO,ANM,WE,Combined TRACON& Tower with Radar,64,77,50,45,236,0,1,78,37,116,64,78,128,82,352,278,86,364,716
10/07/2005,COS,CO,ANM,WE,Combined TRACON& Tower with Radar,61,81,62,25,229,0,3,127,40,170,61,84,189,65,399,186,50,236,635
10/08/2005,COS,CO,ANM,WE,Combined TRACON& Tower with Radar,55,61,44,11,171,0,1,135,14,150,55,62,179,25,321,180,1,181,502
10/09/2005,COS,CO,ANM,WE,Combined TRACON& Tower with Radar,55,50,37,21,163,0,2,20,14,36,55,52,57,35,199,12,0,12,211
10/10/2005,COS,CO,ANM,WE,Combined TRACON& Tower with Radar,56,59,34,15,164,0,0,0,0,0,56,59,34,15,164,0,0,0,164
10/11/2005,COS,CO,ANM,WE,Combined TRACON& Tower with Radar,58,74,40,37,209,0,2,49,27,78,58,76,89,64,287,136,108,244,531
10/12/2005,COS,CO,ANM,WE,Combined TRACON& Tower with Radar,63,74,35,37,209,0,1,113,8,122,63,75,148,45,331,176,22,198,529
10/13/2005,COS,CO,ANM,WE,Combined TRACON& Tower with Radar,60,84,48,36,228,0,0,112,19,131,60,84,160,55,359,162,22,184,543
10/14/2005,COS,CO,ANM,WE,Combined TRACON& Tower with Radar,74,79,48,36,237,1,3,116,52,172,75,82,164,88,409,170,162,332,741
10/15/2005,COS,CO,ANM,WE,Combined TRACON& Tower with Radar,56,61,33,14,164,0,1,167,20,188,56,62,200,34,352,204,0,204,556
10/16/2005,COS,CO,ANM,WE,Combined TRACON& Tower with Radar,54,50,35,20,159,0,0,91,8,99,54,50,126,28,258,78,2,80,338
10/17/2005,COS,CO,ANM,WE,Combined TRACON& Tower with Radar,58,62,32,22,174,0,2,88,15,105,58,64,120,37,279,74,64,138,417
10/18/2005,COS,CO,ANM,WE,Combined TRACON& Tower with Radar,56,73,46,30,205,0,0,152,17,169,56,73,198,47,374,136,54,190,564
10/19/2005,COS,CO,ANM,WE,Combined TRACON& Tower with Radar,65,75,64,38,242,0,0,31,7,38,65,75,95,45,280,116,2,118,398
10/20/2005,COS,CO,ANM,WE,Combined TRACON& Tower with Radar,65,79,36,36,216,0,0,89,22,111,65,79,125,58,327,108,70,178,505
10/21/2005,COS,CO,ANM,WE,Combined TRACON& Tower with Radar,63,95,67,48,273,0,0,83,10,93,63,95,150,58,366,170,22,192,558
10/22/2005,COS,CO,ANM,WE,Combined TRACON& Tower with Radar,55,62,30,26,173,0,0,109,20,129,55,62,139,46,302,194,30,224,526
10/23/2005,COS,CO,ANM,WE,Combined TRACON& Tower with Radar,54,52,30,33,169,2,0,35,2,39,56,52,65,35,208,54,6,60,268
10/24/2005,COS,CO,ANM,WE,Combined TRACON& Tower with Radar,54,71,33,31,189,1,2,129,9,141,55,73,162,40,330,154,36,190,520
10/25/2005,COS,CO,ANM,WE,Combined TRACON& Tower with Radar,58,77,34,36,205,0,3,108,18,129,58,80,142,54,334,206,26,232,566
10/26/2005,COS,CO,ANM,WE,Combined TRACON& Tower with Radar,60,80,51,57,248,0,0,114,35,149,60,80,165,92,397,143,58,201,598
10/27/2005,COS,CO,ANM,WE,Combined TRACON& Tower with Radar,58,79,47,32,216,0,0,101,19,120,58,79,148,51,336,183,100,283,619
10/28/2005,COS,CO,ANM,WE,Combined TRACON& Tower with Radar,55,72,45,28,200,0,0,116,21,137,55,72,161,49,337,152,84,236,573
10/29/2005,COS,CO,ANM,WE,Combined TRACON& Tower with Radar,54,60,27,18,159,0,0,78,26,104,54,60,105,44,263,152,38,190,453
10/30/2005,COS,CO,ANM,WE,Combined TRACON& Tower with Radar,42,34,23,15,114,0,0,54,5,59,42,34,77,20,173,92,0,92,265
10/31/2005,COS,CO,ANM,WE,Combined TRACON& Tower with Radar,39,43,22,16,120,0,0,67,5,72,39,43,89,21,192,82,42,124,316
11/01/2005,COS,CO,ANM,WE,Combined TRACON& Tower with Radar,64,66,46,33,209,0,0,114,17,131,64,66,160,50,340,206,42,248,588
11/02/2005,COS,CO,ANM,WE,Combined TRACON& Tower with Radar,64,71,52,51,238,0,1,123,17,141,64,72,175,68,379,154,58,212,591
11/03/2005,COS,CO,ANM,WE,Combined TRACON& Tower with Radar,56,74,31,24,185,0,1,41,8,50,56,75,72,32,235,82,8,90,325
11/04/2005,COS,CO,ANM,WE,Combined TRACON& Tower with Radar,63,75,46,47,231,0,1,90,18,109,63,76,136,65,340,142,28,170,510
11/05/2005,COS,CO,ANM,WE,Combined TRACON& Tower with Radar,51,55,20,25,151,0,1,43,14,58,51,56,63,39,209,82,8,90,299
11/06/2005,COS,CO,ANM,WE,Combined TRACON& Tower with Radar,57,55,54,24,190,0,0,92,7,99,57,55,146,31,289,176,0,176,465
11/07/2005,COS,CO,ANM,WE,Combined TRACON& Tower with Radar,59,58,26,31,174,0,0,71,29,100,59,58,97,60,274,78,48,126,400
11/08/2005,COS,CO,ANM,WE,Combined TRACON& Tower with Radar,53,56,27,34,170,2,1,97,32,132,55,57,124,66,302,126,92,218,520
11/09/2005,COS,CO,ANM,WE,Combined TRACON& Tower with Radar,59,68,46,41,214,0,0,83,57,140,59,68,129,98,354,99,81,180,534
11/10/2005,COS,CO,ANM,WE,Combined TRACON& Tower with Radar,65,73,56,42,236,0,3,113,38,154,65,76,169,80,390,215,78,293,683
11/11/2005,COS,CO,ANM,WE,Combined TRACON& Tower with Radar,63,69,41,19,192,0,0,118,20,138,63,69,159,39,330,214,4,218,548
11/12/2005,COS,CO,ANM,WE,Combined TRACON& Tower with Radar,52,55,25,6,138,0,1,45,10,56,52,56,70,16,194,24,12,36,230
11/13/2005,COS,CO,ANM,WE,Combined TRACON& Tower with Radar,52,52,27,23,154,0,0,79,8,87,52,52,106,31,241,70,0,70,311
11/14/2005,COS,CO,ANM,WE,Combined TRACON& Tower with Radar,58,66,24,31,179,0,0,26,2,28,58,66,50,33,207,46,22,68,275
11/15/2005,COS,CO,ANM,WE,Combined TRACON& Tower with Radar,55,61,26,26,168,0,2,37,14,53,55,63,63,40,221,65,2,67,288
11/16/2005,COS,CO,ANM,WE,Combined TRACON& Tower with Radar,68,73,56,38,235,0,0,115,16,131,68,73,171,54,366,192,26,218,584
11/17/2005,COS,CO,ANM,WE,Combined TRACON& Tower with Radar,62,74,43,55,234,0,0,79,26,105,62,74,122,81,339,80,36,116,455
11/18/2005,COS,CO,ANM,WE,Combined TRACON& Tower with Radar,67,70,59,41,237,0,630,129,32,791,67,700,188,73,1028,242,52,294,1322
11/19/2005,COS,CO,ANM,WE,Combined TRACON& Tower with Radar,49,60,23,18,150,0,2,61,10,73,49,62,84,28,223,6,0,6,229
11/20/2005,COS,CO,ANM,WE,Combined TRACON& Tower with Radar,36,40,21,20,117,0,1,99,20,120,36,41,120,40,237,126,4,130,367
11/21/2005,COS,CO,ANM,WE,Combined TRACON& Tower with Radar,37,43,22,21,123,0,1,93,7,101,37,44,115,28,224,102,8,110,334
11/22/2005,COS,CO,ANM,WE,Combined TRACON& Tower with Radar,22,26,8,7,63,0,0,58,4,62,22,26,66,11,125,252,31,283,408
11/23/2005,COS,CO,ANM,WE,Combined TRACON& Tower with Radar,43,61,38,7,149,0,3,131,10,144,43,64,169,17,293,158,0,158,451
11/24/2005,COS,CO,ANM,WE,Combined TRACON& Tower with Radar,34,34,7,0,75,0,0,56,1,57,34,34,63,1,132,22,0,22,154
11/25/2005,COS,CO,ANM,WE,Combined TRACON& Tower with Radar,37,38,20,1,96,0,1,127,3,131,37,39,147,4,227,154,0,154,381
11/26/2005,COS,CO,ANM,WE,Combined TRACON& Tower with Radar,55,53,30,9,147,0,2,76,13,91,55,55,106,22,238,74,0,74,312
11/27/2005,COS,CO,ANM,WE,Combined TRACON& Tower with Radar,53,60,50,10,173,0,0,9,2,11,53,60,59,12,184,0,6,6,190
11/28/2005,COS,CO,ANM,WE,Combined TRACON& Tower with Radar,65,79,52,40,236,0,1,42,1,44,65,80,94,41,280,36,0,36,316
11/29/2005,COS,CO,ANM,WE,Combined TRACON& Tower with Radar,63,72,47,32,214,0,2,69,4,75,63,74,116,36,289,176,0,176,465
11/30/2005,COS,CO,ANM,WE,Combined TRACON& Tower with Radar,67,69,44,26,206,0,1,61,14,76,67,70,105,40,282,74,24,98,380
12/01/2005,COS,CO,ANM,WE,Combined TRACON& Tower with Radar,64,82,44,44,234,0,2,62,24,88,64,84,106,68,322,162,14,176,498
12/02/2005,COS,CO,ANM,WE,Combined TRACON& Tower with Radar,64,72,37,19,192,0,1,100,16,117,64,73,137,35,309,74,0,74,383
12/03/2005,COS,CO,ANM,WE,Combined TRACON& Tower with Radar,51,60,14,5,130,0,0,0,2,2,51,60,14,7,132,0,0,0,132
12/04/2005,COS,CO,ANM,WE,Combined TRACON& Tower with Radar,52,58,23,12,145,0,0,17,0,17,52,58,40,12,162,0,0,0,162
12/05/2005,COS,CO,ANM,WE,Combined TRACON& Tower with Radar,51,65,25,4,145,0,1,29,3,33,51,66,54,7,178,24,0,24,202
12/06/2005,COS,CO,ANM,WE,Combined TRACON& Tower with Radar,56,73,21,22,172,0,0,28,10,38,56,73,49,32,210,62,12,74,284
12/07/2005,COS,CO,ANM,WE,Combined TRACON& Tower with Radar,51,71,35,31,188,0,1,22,1,24,51,72,57,32,212,104,30,134,346
12/08/2005,COS,CO,ANM,WE,Combined TRACON& Tower with Radar,53,72,38,39,202,0,4,74,4,82,53,76,112,43,284,142,56,198,482
12/09/2005,COS,CO,ANM,WE,Combined TRACON& Tower with Radar,60,72,35,38,205,0,8,98,13,119,60,80,133,51,324,145,26,171,495
12/10/2005,COS,CO,ANM,WE,Combined TRACON& Tower with Radar,49,60,27,21,157,0,7,162,22,191,49,67,189,43,348,228,6,234,582
12/11/2005,COS,CO,ANM,WE,Combined TRACON& Tower with Radar,53,55,28,25,161,0,0,140,11,151,53,55,168,36,312,196,8,204,516
12/12/2005,COS,CO,ANM,WE,Combined TRACON& Tower with Radar,55,62,41,27,185,0,3,64,15,82,55,65,105,42,267,134,36,170,437
12/13/2005,COS,CO,ANM,WE,Combined TRACON& Tower with Radar,53,70,34,32,189,0,3,42,20,65,53,73,76,52,254,80,8,88,342
12/14/2005,COS,CO,ANM,WE,Combined TRACON& Tower with Radar,56,62,40,56,214,0,1,83,31,115,56,63,123,87,329,136,126,262,591
12/15/2005,COS,CO,ANM,WE,Combined TRACON& Tower with Radar,57,70,52,32,211,0,1,112,50,163,57,71,164,82,374,200,124,324,698
12/16/2005,COS,CO,ANM,WE,Combined TRACON& Tower with Radar,60,72,39,34,205,0,2,57,33,92,60,74,96,67,297,158,162,320,617
12/17/2005,COS,CO,ANM,WE,Combined TRACON& Tower with Radar,54,54,22,22,152,0,0,0,3,3,54,54,22,25,155,0,2,2,157
12/18/2005,COS,CO,ANM,WE,Combined TRACON& Tower with Radar,52,56,20,7,135,0,0,0,1,1,52,56,20,8,136,0,0,0,136
12/19/2005,COS,CO,ANM,WE,Combined TRACON& Tower with Radar,37,36,19,22,114,0,1,24,5,30,37,37,43,27,144,32,44,76,220
12/20/2005,COS,CO,ANM,WE,Combined TRACON& Tower with Radar,56,75,53,59,243,0,3,102,24,129,56,78,155,83,372,120,98,218,590
12/21/2005,COS,CO,ANM,WE,Combined TRACON& Tower with Radar,57,80,36,36,209,0,2,85,26,113,57,82,121,62,322,124,62,186,508
12/22/2005,COS,CO,ANM,WE,Combined TRACON& Tower with Radar,58,74,20,23,175,0,2,94,7,103,58,76,114,30,278,238,0,238,516
12/23/2005,COS,CO,ANM,WE,Combined TRACON& Tower with Radar,56,75,47,5,183,0,0,34,9,43,56,75,81,14,226,31,0,31,257
12/24/2005,COS,CO,ANM,WE,Combined TRACON& Tower with Radar,55,57,21,0,133,0,0,59,4,63,55,57,80,4,196,80,0,80,276
12/25/2005,COS,CO,ANM,WE,Combined TRACON& Tower with Radar,45,40,10,0,95,0,0,45,0,45,45,40,55,0,140,34,0,34,174
12/26/2005,COS,CO,ANM,WE,Combined TRACON& Tower with Radar,51,66,55,2,174,0,0,130,1,131,51,66,185,3,305,68,0,68,373
12/27/2005,COS,CO,ANM,WE,Combined TRACON& Tower with Radar,52,73,28,14,167,0,0,42,4,46,52,73,70,18,213,30,4,34,247
12/28/2005,COS,CO,ANM,WE,Combined TRACON& Tower with Radar,55,81,21,18,175,0,3,107,19,129,55,84,128,37,304,146,0,146,450
12/29/2005,COS,CO,ANM,WE,Combined TRACON& Tower with Radar,69,83,22,18,192,0,0,34,6,40,69,83,56,24,232,18,4,22,254
12/30/2005,COS,CO,ANM,WE,Combined TRACON& Tower with Radar,54,76,37,4,171,0,0,110,7,117,54,76,147,11,288,157,0,157,445
12/31/2005,COS,CO,ANM,WE,Combined TRACON& Tower with Radar,48,59,33,1,141,0,0,87,5,92,48,59,120,6,233,124,0,124,357
01/01/2006,COS,CO,ANM,WE,Combined TRACON& Tower with Radar,51,47,21,0,119,0,0,14,2,16,51,47,35,2,135,2,2,4,139
01/02/2006,COS,CO,ANM,WE,Combined TRACON& Tower with Radar,41,64,42,4,151,0,0,70,2,72,41,64,112,6,223,56,0,56,279
01/03/2006,COS,CO,ANM,WE,Combined TRACON& Tower with Radar,54,83,29,23,189,0,0,15,2,17,54,83,44,25,206,30,0,30,236
01/04/2006,COS,CO,ANM,WE,Combined TRACON& Tower with Radar,67,76,45,24,212,0,0,74,25,99,67,76,119,49,311,74,28,102,413
01/05/2006,COS,CO,ANM,WE,Combined TRACON& Tower with Radar,56,75,43,35,209,0,0,116,21,137,56,75,159,56,346,278,20,298,644
01/06/2006,COS,CO,ANM,WE,Combined TRACON& Tower with Radar,58,82,24,30,194,0,1,131,13,145,58,83,155,43,339,162,0,162,501
01/07/2006,COS,CO,ANM,WE,Combined TRACON& Tower with Radar,42,53,18,21,134,0,3,97,16,116,42,56,115,37,250,78,8,86,336
01/08/2006,COS,CO,ANM,WE,Combined TRACON& Tower with Radar,39,38,27,24,128,0,0,128,10,138,39,38,155,34,266,18,2,20,286
01/09/2006,COS,CO,ANM,WE,Combined TRACON& Tower with Radar,52,54,28,15,149,0,2,45,5,52,52,56,73,20,201,32,0,32,233
01/10/2006,COS,CO,ANM,WE,Combined TRACON& Tower with Radar,57,67,35,31,190,0,0,113,14,127,57,67,148,45,317,184,10,194,511
01/11/2006,COS,CO,ANM,WE,Combined TRACON& Tower with Radar,59,79,34,39,211,0,0,74,12,86,59,79,108,51,297,62,2,64,361
01/12/2006,COS,CO,ANM,WE,Combined TRACON& Tower with Radar,62,74,33,36,205,0,1,60,21,82,62,75,93,57,287,52,0,52,339
01/13/2006,COS,CO,ANM,WE,Combined TRACON& Tower with Radar,55,76,39,32,202,0,0,114,26,140,55,76,153,58,342,110,2,112,454
01/14/2006,COS,CO,ANM,WE,Combined TRACON& Tower with Radar,50,59,28,16,153,0,1,162,21,184,50,60,190,37,337,108,8,116,453
01/15/2006,COS,CO,ANM,WE,Combined TRACON& Tower with Radar,54,50,15,18,137,0,1,45,10,56,54,51,60,28,193,32,0,32,225
01/16/2006,COS,CO,ANM,WE,Combined TRACON& Tower with Radar,53,66,21,7,147,0,1,22,0,23,53,67,43,7,170,34,0,34,204
01/17/2006,COS,CO,ANM,WE,Combined TRACON& Tower with Radar,53,68,28,37,186,0,2,70,18,90,53,70,98,55,276,124,8,132,408
01/18/2006,COS,CO,ANM,WE,Combined TRACON& Tower with Radar,62,69,44,19,194,0,2,67,14,83,62,71,111,33,277,80,8,88,365
01/19/2006,COS,CO,ANM,WE,Combined TRACON& Tower with Radar,64,60,27,27,178,0,0,19,20,39,64,60,46,47,217,46,0,46,263
01/20/2006,COS,CO,ANM,WE,Combined TRACON& Tower with Radar,61,74,24,25,184,0,0,58,9,67,61,74,82,34,251,71,18,89,340
01/21/2006,COS,CO,ANM,WE,Combined TRACON& Tower with Radar,46,53,18,31,148,0,0,112,6,118,46,53,130,37,266,80,10,90,356
01/22/2006,COS,CO,ANM,WE,Combined TRACON& Tower with Radar,46,49,25,27,147,0,9,55,12,76,46,58,80,39,223,60,6,66,289
01/23/2006,COS,CO,ANM,WE,Combined TRACON& Tower with Radar,49,61,34,32,176,0,3,69,18,90,49,64,103,50,266,86,22,108,374
01/24/2006,COS,CO,ANM,WE,Combined TRACON& Tower with Radar,57,74,27,33,191,0,4,164,30,198,57,78,191,63,389,80,16,96,485
01/25/2006,COS,CO,ANM,WE,Combined TRACON& Tower with Radar,59,71,39,39,208,0,0,85,41,126,59,71,124,80,334,72,32,104,438
01/26/2006,COS,CO,ANM,WE,Combined TRACON& Tower with Radar,48,68,48,39,203,0,0,61,25,86,48,68,109,64,289,57,28,85,374
01/27/2006,COS,CO,ANM,WE,Combined TRACON& Tower with Radar,54,70,21,38,183,0,1,109,38,148,54,71,130,76,331,178,44,222,553
01/28/2006,COS,CO,ANM,WE,Combined TRACON& Tower with Radar,49,49,29,25,152,0,1,64,32,97,49,50,93,57,249,40,26,66,315
01/29/2006,COS,CO,ANM,WE,Combined TRACON& Tower with Radar,50,53,25,18,146,0,0,49,8,57,50,53,74,26,203,64,0,64,267
01/30/2006,COS,CO,ANM,WE,Combined TRACON& Tower with Radar,55,67,31,28,181,0,0,63,11,74,55,67,94,39,255,80,0,80,335
01/31/2006,COS,CO,ANM,WE,Combined TRACON& Tower with Radar,53,62,29,35,179,0,2,81,14,97,53,64,110,49,276,144,36,180,456
02/01/2006,COS,CO,ANM,WE,Combined TRACON& Tower with Radar,57,63,49,37,206,0,3,80,21,104,57,66,129,58,310,132,16,148,458
02/02/2006,COS,CO,ANM,WE,Combined TRACON& Tower with Radar,58,73,45,46,222,0,0,55,31,86,58,73,100,77,308,110,60,170,478
02/03/2006,COS,CO,ANM,WE,Combined TRACON& Tower with Radar,56,80,39,44,219,0,1,67,34,102,56,81,106,78,321,84,6,90,411
02/04/2006,COS,CO,ANM,WE,Combined TRACON& Tower with Radar,30,41,25,17,113,0,2,86,10,98,30,43,111,27,211,138,0,138,349
02/05/2006,COS,CO,ANM,WE,Combined TRACON& Tower with Radar,48,47,18,26,139,0,0,21,0,21,48,47,39,26,160,28,0,28,188
02/06/2006,COS,CO,ANM,WE,Combined TRACON& Tower with Radar,55,62,27,27,171,0,0,71,25,96,55,62,98,52,267,0,48,48,315
02/07/2006,COS,CO,ANM,WE,Combined TRACON& Tower with Radar,57,67,31,40,195,0,0,109,20,129,57,67,140,60,324,126,56,182,506
02/08/2006,COS,CO,ANM,WE,Combined TRACON& Tower with Radar,58,66,36,42,202,0,0,119,49,168,58,66,155,91,370,188,52,240,610
02/09/2006,COS,CO,ANM,WE,Combined TRACON& Tower with Radar,60,74,30,32,196,0,2,70,18,90,60,76,100,50,286,84,16,100,386
02/10/2006,COS,CO,ANM,WE,Combined TRACON& Tower with Radar,61,67,21,33,182,0,3,16,5,24,61,70,37,38,206,22,0,22,228
02/11/2006,COS,CO,ANM,WE,Combined TRACON& Tower with Radar,53,46,30,19,148,0,3,96,15,114,53,49,126,34,262,98,24,122,384
02/12/2006,COS,CO,ANM,WE,Combined TRACON& Tower with Radar,54,49,29,16,148,0,9,105,15,129,54,58,134,31,277,80,2,82,359
02/13/2006,COS,CO,ANM,WE,Combined TRACON& Tower with Radar,63,68,41,26,198,1,1,45,32,79,64,69,86,58,277,76,82,158,435
02/14/2006,COS,CO,ANM,WE,Combined TRACON& Tower with Radar,65,58,20,22,165,0,0,92,12,104,65,58,112,34,269,102,12,114,383
02/15/2006,COS,CO,ANM,WE,Combined TRACON& Tower with Radar,60,66,26,27,179,0,0,8,5,13,60,66,34,32,192,0,0,0,192
02/16/2006,COS,CO,ANM,WE,Combined TRACON& Tower with Radar,55,68,43,21,187,0,0,19,5,24,55,68,62,26,211,66,0,66,277
02/17/2006,COS,CO,ANM,WE,Combined TRACON& Tower with Radar,60,61,28,19,168,0,0,2,0,2,60,61,30,19,170,2,0,2,172
02/18/2006,COS,CO,ANM,WE,Combined TRACON& Tower with Radar,52,56,24,18,150,0,0,18,0,18,52,56,42,18,168,46,0,46,214
02/19/2006,COS,CO,ANM,WE,Combined TRACON& Tower with Radar,63,52,31,7,153,0,0,38,0,38,63,52,69,7,191,60,0,60,251
02/20/2006,COS,CO,ANM,WE,Combined TRACON& Tower with Radar,59,59,67,19,204,0,0,77,4,81,59,59,144,23,285,84,0,84,369
02/21/2006,COS,CO,ANM,WE,Combined TRACON& Tower with Radar,68,61,37,35,201,0,0,98,15,113,68,61,135,50,314,86,6,92,406
02/22/2006,COS,CO,ANM,WE,Combined TRACON& Tower with Radar,60,67,55,30,212,0,0,71,34,105,60,67,126,64,317,202,30,232,549
02/23/2006,COS,CO,ANM,WE,Combined TRACON& Tower with Radar,67,69,52,29,217,0,0,110,23,133,67,69,162,52,350,160,12,172,522
02/24/2006,COS,CO,ANM,WE,Combined TRACON& Tower with Radar,55,53,34,33,175,0,0,114,29,143,55,53,148,62,318,236,73,309,627
02/25/2006,COS,CO,ANM,WE,Combined TRACON& Tower with Radar,55,52,26,33,166,0,3,145,22,170,55,55,171,55,336,164,12,176,512
02/26/2006,COS,CO,ANM,WE,Combined TRACON& Tower with Radar,56,53,33,22,164,0,1,109,5,115,56,54,142,27,279,78,0,78,357
02/27/2006,COS,CO,ANM,WE,Combined TRACON& Tower with Radar,61,60,24,30,175,0,0,63,23,86,61,60,87,53,261,126,38,164,425
02/28/2006,COS,CO,ANM,WE,Combined TRACON& Tower with Radar,60,70,41,24,195,0,0,65,18,83,60,70,106,42,278,78,0,78,356
03/01/2006,COS,CO,ANM,WE,Combined TRACON& Tower with Radar,63,68,27,25,183,0,1,105,39,145,63,69,132,64,328,50,52,102,430
03/02/2006,COS,CO,ANM,WE,Combined TRACON& Tower with Radar,60,72,35,54,221,0,1,90,38,129,60,73,125,92,350,90,52,142,492
03/03/2006,COS,CO,ANM,WE,Combined TRACON& Tower with Radar,60,74,44,27,205,0,0,77,28,105,60,74,121,55,310,64,40,104,414
03/04/2006,COS,CO,ANM,WE,Combined TRACON& Tower with Radar,52,56,21,20,149,0,0,32,16,48,52,56,53,36,197,8,2,10,207
03/05/2006,COS,CO,ANM,WE,Combined TRACON& Tower with Radar,51,52,23,23,149,0,0,109,3,112,51,52,132,26,261,92,0,92,353
03/06/2006,COS,CO,ANM,WE,Combined TRACON& Tower with Radar,58,67,43,21,189,0,0,44,14,58,58,67,87,35,247,100,32,132,379
03/07/2006,COS,CO,ANM,WE,Combined TRACON& Tower with Radar,57,75,36,36,204,0,0,44,14,58,57,75,80,50,262,34,14,48,310
03/08/2006,COS,CO,ANM,WE,Combined TRACON& Tower with Radar,62,69,44,30,205,0,0,20,10,30,62,69,64,40,235,24,18,42,277
03/09/2006,COS,CO,ANM,WE,Combined TRACON& Tower with Radar,60,76,39,35,210,1,0,114,23,138,61,76,153,58,348,114,28,142,490
03/10/2006,COS,CO,ANM,WE,Combined TRACON& Tower with Radar,61,71,30,29,191,0,0,36,23,59,61,71,66,52,250,60,28,88,338
03/11/2006,COS,CO,ANM,WE,Combined TRACON& Tower with Radar,56,53,35,15,159,0,0,78,19,97,56,53,113,34,256,66,16,82,338
03/12/2006,COS,CO,ANM,WE,Combined TRACON& Tower with Radar,54,53,20,12,139,0,0,13,15,28,54,53,33,27,167,10,0,10,177
03/13/2006,COS,CO,ANM,WE,Combined TRACON& Tower with Radar,54,65,27,32,178,0,0,23,7,30,54,65,50,39,208,40,8,48,256
03/14/2006,COS,CO,ANM,WE,Combined TRACON& Tower with Radar,59,72,31,24,186,0,2,95,14,111,59,74,126,38,297,128,0,128,425
03/15/2006,COS,CO,ANM,WE,Combined TRACON& Tower with Radar,60,78,29,25,192,0,0,53,7,60,60,78,82,32,252,4,6,10,262
03/16/2006,COS,CO,ANM,WE,Combined TRACON& Tower with Radar,61,74,25,25,185,0,1,125,26,152,61,75,150,51,337,92,8,100,437
03/17/2006,COS,CO,ANM,WE,Combined TRACON& Tower with Radar,66,71,30,32,199,0,0,81,23,104,66,71,111,55,303,144,6,150,453
03/18/2006,COS,CO,ANM,WE,Combined TRACON& Tower with Radar,51,60,35,12,158,0,4,92,7,103,51,64,127,19,261,116,16,132,393
03/19/2006,COS,CO,ANM,WE,Combined TRACON& Tower with Radar,55,50,26,13,144,0,0,4,0,4,55,50,30,13,148,20,0,20,168
03/20/2006,COS,CO,ANM,WE,Combined TRACON& Tower with Radar,53,56,23,10,142,0,0,0,0,0,53,56,23,10,142,0,0,0,142
03/21/2006,COS,CO,ANM,WE,Combined TRACON& Tower with Radar,57,74,28,27,186,0,0,27,3,30,57,74,55,30,216,34,0,34,250
03/22/2006,COS,CO,ANM,WE,Combined TRACON& Tower with Radar,62,74,40,32,208,0,0,15,2,17,62,74,55,34,225,30,2,32,257
03/23/2006,COS,CO,ANM,WE,Combined TRACON& Tower with Radar,63,83,48,26,220,1,1,82,33,117,64,84,130,59,337,94,36,130,467
03/24/2006,COS,CO,ANM,WE,Combined TRACON& Tower with Radar,59,80,41,35,215,0,1,107,15,123,59,81,148,50,338,78,42,120,458
03/25/2006,COS,CO,ANM,WE,Combined TRACON& Tower with Radar,51,59,26,15,151,0,2,114,10,126,51,61,140,25,277,80,6,86,363
03/26/2006,COS,CO,ANM,WE,Combined TRACON& Tower with Radar,57,58,30,10,155,0,0,45,1,46,57,58,75,11,201,6,2,8,209
03/27/2006,COS,CO,ANM,WE,Combined TRACON& Tower with Radar,54,63,28,29,174,0,2,70,9,81,54,65,98,38,255,24,44,68,323
03/28/2006,COS,CO,ANM,WE,Combined TRACON& Tower with Radar,36,50,22,60,168,0,0,62,8,70,36,50,84,68,238,30,46,76,314
03/29/2006,COS,CO,ANM,WE,Combined TRACON& Tower with Radar,56,73,33,30,192,0,0,58,8,66,56,73,91,38,258,14,18,32,290
03/30/2006,COS,CO,ANM,WE,Combined TRACON& Tower with Radar,60,73,37,29,199,0,2,37,17,56,60,75,74,46,255,44,28,72,327
03/31/2006,COS,CO,ANM,WE,Combined TRACON& Tower with Radar,59,75,28,19,181,0,2,106,7,115,59,77,134,26,296,88,0,88,384
04/01/2006,COS,CO,ANM,WE,Combined TRACON& Tower with Radar,58,55,30,26,169,0,0,79,7,86,58,55,109,33,255,118,2,120,375
04/02/2006,COS,CO,ANM,WE,Combined TRACON& Tower with Radar,60,55,34,29,178,0,0,45,7,52,60,55,79,36,230,8,0,8,238
04/03/2006,COS,CO,ANM,WE,Combined TRACON& Tower with Radar,57,60,34,34,185,0,1,57,7,65,57,61,91,41,250,78,18,96,346
04/04/2006,COS,CO,ANM,WE,Combined TRACON& Tower with Radar,66,69,29,25,189,0,0,63,2,65,66,69,92,27,254,74,2,76,330
04/05/2006,COS,CO,ANM,WE,Combined TRACON& Tower with Radar,67,67,35,29,198,0,1,85,13,99,67,68,120,42,297,62,38,100,397
04/06/2006,COS,CO,ANM,WE,Combined TRACON& Tower with Radar,63,70,39,30,202,0,1,58,8,67,63,71,97,38,269,62,32,94,363
04/07/2006,COS,CO,ANM,WE,Combined TRACON& Tower with Radar,69,67,38,11,185,0,1,14,7,22,69,68,52,18,207,20,0,20,227
04/08/2006,COS,CO,ANM,WE,Combined TRACON& Tower with Radar,62,51,17,25,155,0,2,160,22,184,62,53,177,47,339,174,38,212,551
04/09/2006,COS,CO,ANM,WE,Combined TRACON& Tower with Radar,61,49,32,14,156,0,0,92,7,99,61,49,124,21,255,54,4,58,313
04/10/2006,COS,CO,ANM,WE,Combined TRACON& Tower with Radar,64,60,35,34,193,0,0,26,7,33,64,60,61,41,226,14,0,14,240
04/11/2006,COS,CO,ANM,WE,Combined TRACON& Tower with Radar,67,59,17,43,186,0,1,57,19,77,67,60,74,62,263,44,36,80,343
04/12/2006,COS,CO,ANM,WE,Combined TRACON& Tower with Radar,67,67,40,28,202,0,3,113,22,138,67,70,153,50,340,88,36,124,464
04/13/2006,COS,CO,ANM,WE,Combined TRACON& Tower with Radar,66,66,27,23,182,0,1,77,28,106,66,67,104,51,288,36,14,50,338
04/14/2006,COS,CO,ANM,WE,Combined TRACON& Tower with Radar,66,60,26,25,177,0,2,127,26,155,66,62,153,51,332,60,28,88,420
04/15/2006,COS,CO,ANM,WE,Combined TRACON& Tower with Radar,61,42,7,10,120,0,0,15,7,22,61,42,22,17,142,0,0,0,142
04/16/2006,COS,CO,ANM,WE,Combined TRACON& Tower with Radar,56,47,22,5,130,0,0,88,4,92,56,47,110,9,222,32,0,32,254
04/17/2006,COS,CO,ANM,WE,Combined TRACON& Tower with Radar,66,59,21,26,172,0,0,81,8,89,66,59,102,34,261,24,18,42,303
04/18/2006,COS,CO,ANM,WE,Combined TRACON& Tower with Radar,62,65,25,26,178,0,0,43,11,54,62,65,68,37,232,0,8,8,240
04/19/2006,COS,CO,ANM,WE,Combined TRACON& Tower with Radar,64,67,42,64,237,2,4,209,39,254,66,71,251,103,491,84,68,152,643
04/20/2006,COS,CO,ANM,WE,Combined TRACON& Tower with Radar,67,68,36,25,196,0,5,104,26,135,67,73,140,51,331,116,12,128,459
04/21/2006,COS,CO,ANM,WE,Combined TRACON& Tower with Radar,17,79,25,30,151,0,144,137,11,292,17,223,162,41,443,104,4,108,551
04/22/2006,COS,CO,ANM,WE,Combined TRACON& Tower with Radar,59,46,25,26,156,0,4,108,28,140,59,50,133,54,296,102,54,156,452
04/23/2006,COS,CO,ANM,WE,Combined TRACON& Tower with Radar,61,57,32,22,172,0,2,62,8,72,61,59,94,30,244,0,0,0,244
04/24/2006,COS,CO,ANM,WE,Combined TRACON& Tower with Radar,62,59,36,34,191,0,0,23,2,25,62,59,59,36,216,0,0,0,216
04/25/2006,COS,CO,ANM,WE,Combined TRACON& Tower with Radar,64,63,44,37,208,0,1,46,8,55,64,64,90,45,263,70,60,130,393
04/26/2006,COS,CO,ANM,WE,Combined TRACON& Tower with Radar,68,64,36,45,213,0,2,114,22,138,68,66,150,67,351,82,70,152,503
04/27/2006,COS,CO,ANM,WE,Combined TRACON& Tower with Radar,66,74,45,36,221,0,3,121,21,145,66,77,166,57,366,182,12,194,560
04/28/2006,COS,CO,ANM,WE,Combined TRACON& Tower with Radar,61,84,36,19,200,0,0,18,5,23,61,84,54,24,223,2,0,2,225
04/29/2006,COS,CO,ANM,WE,Combined TRACON& Tower with Radar,61,49,18,14,142,0,0,45,12,57,61,49,63,26,199,48,8,56,255
04/30/2006,COS,CO,ANM,WE,Combined TRACON& Tower with Radar,58,59,21,21,159,0,0,73,16,89,58,59,94,37,248,82,2,84,332
05/01/2006,COS,CO,ANM,WE,Combined TRACON& Tower with Radar,59,63,30,16,168,0,3,76,6,85,59,66,106,22,253,48,10,58,311
05/02/2006,COS,CO,ANM,WE,Combined TRACON& Tower with Radar,64,66,31,23,184,0,3,118,31,152,64,69,149,54,336,108,12,120,456
05/03/2006,COS,CO,ANM,WE,Combined TRACON& Tower with Radar,62,79,40,28,209,0,1,79,12,92,62,80,119,40,301,56,8,64,365
05/04/2006,COS,CO,ANM,WE,Combined TRACON& Tower with Radar,58,78,36,35,207,0,0,19,6,25,58,78,55,41,232,24,16,40,272
05/05/2006,COS,CO,ANM,WE,Combined TRACON& Tower with Radar,56,76,42,13,187,0,0,5,1,6,56,76,47,14,193,14,0,14,207
05/06/2006,COS,CO,ANM,WE,Combined TRACON& Tower with Radar,50,52,30,27,159,0,1,65,17,83,50,53,95,44,242,88,42,130,372
05/07/2006,COS,CO,ANM,WE,Combined TRACON& Tower with Radar,52,56,18,20,146,0,0,70,21,91,52,56,88,41,237,112,4,116,353
05/08/2006,COS,CO,ANM,WE,Combined TRACON& Tower with Radar,64,66,31,23,184,0,3,115,31,149,64,69,146,54,333,36,0,36,369
05/09/2006,COS,CO,ANM,WE,Combined TRACON& Tower with Radar,55,75,41,26,197,0,1,64,14,79,55,76,105,40,276,112,8,120,396
05/10/2006,COS,CO,ANM,WE,Combined TRACON& Tower with Radar,52,81,47,41,221,0,4,66,19,89,52,85,113,60,310,44,12,56,366
05/11/2006,COS,CO,ANM,WE,Combined TRACON& Tower with Radar,57,89,33,27,206,0,5,112,40,157,57,94,145,67,363,128,4,132,495
05/12/2006,COS,CO,ANM,WE,Combined TRACON& Tower with Radar,63,80,35,26,204,0,4,108,35,147,63,84,143,61,351,134,18,152,503
05/13/2006,COS,CO,ANM,WE,Combined TRACON& Tower with Radar,64,62,24,8,158,1,1,111,20,133,65,63,135,28,291,124,0,124,415
05/14/2006,COS,CO,ANM,WE,Combined TRACON& Tower with Radar,52,61,26,6,145,0,0,81,6,87,52,61,107,12,232,86,0,86,318
05/15/2006,COS,CO,ANM,WE,Combined TRACON& Tower with Radar,52,68,28,33,181,0,0,63,10,73,52,68,91,43,254,108,8,116,370
05/16/2006,COS,CO,ANM,WE,Combined TRACON& Tower with Radar,43,50,24,50,167,0,1,91,6,98,43,51,115,56,265,108,62,170,435
05/17/2006,COS,CO,ANM,WE,Combined TRACON& Tower with Radar,43,61,47,18,169,0,1,79,12,92,43,62,126,30,261,108,38,146,407
05/18/2006,COS,CO,ANM,WE,Combined TRACON& Tower with Radar,43,59,23,21,146,0,1,128,13,142,43,60,151,34,288,162,16,178,466
05/19/2006,COS,CO,ANM,WE,Combined TRACON& Tower with Radar,44,56,30,25,155,0,1,90,19,110,44,57,120,44,265,64,20,84,349
05/20/2006,COS,CO,ANM,WE,Combined TRACON& Tower with Radar,66,57,20,20,163,0,0,106,6,112,66,57,126,26,275,0,0,0,275
05/21/2006,COS,CO,ANM,WE,Combined TRACON& Tower with Radar,55,62,42,20,179,2,0,107,9,118,57,62,149,29,297,82,2,84,381
05/22/2006,COS,CO,ANM,WE,Combined TRACON& Tower with Radar,42,48,27,31,148,0,0,46,8,54,42,48,73,39,202,84,28,112,314
05/23/2006,COS,CO,ANM,WE,Combined TRACON& Tower with Radar,55,75,43,32,205,0,5,96,26,127,55,80,139,58,332,84,6,90,422
05/24/2006,COS,CO,ANM,WE,Combined TRACON& Tower with Radar,40,53,48,15,156,1,1,109,14,125,41,54,157,29,281,86,6,92,373
05/25/2006,COS,CO,ANM,WE,Combined TRACON& Tower with Radar,82,94,62,33,271,0,1,128,20,149,82,95,190,53,420,88,14,102,522
05/26/2006,COS,CO,ANM,WE,Combined TRACON& Tower with Radar,45,60,43,17,165,0,2,106,15,123,45,62,149,32,288,129,0,129,417
05/27/2006,COS,CO,ANM,WE,Combined TRACON& Tower with Radar,52,53,28,10,143,0,2,73,15,90,52,55,101,25,233,36,2,38,271
05/28/2006,COS,CO,ANM,WE,Combined TRACON& Tower with Radar,50,52,20,9,131,3,6,62,4,75,53,58,82,13,206,26,0,26,232
05/29/2006,COS,CO,ANM,WE,Combined TRACON& Tower with Radar,38,46,42,11,137,0,0,100,3,103,38,46,142,14,240,78,0,78,318
05/30/2006,COS,CO,ANM,WE,Combined TRACON& Tower with Radar,55,69,29,40,193,0,2,80,28,110,55,71,109,68,303,234,94,328,631
05/31/2006,COS,CO,ANM,WE,Combined TRACON& Tower with Radar,44,60,48,27,179,0,1,56,4,61,44,61,104,31,240,90,0,90,330
06/01/2006,COS,CO,ANM,WE,Combined TRACON& Tower with Radar,47,58,51,40,196,0,0,79,19,98,47,58,130,59,294,83,48,131,425
06/02/2006,COS,CO,ANM,WE,Combined TRACON& Tower with Radar,42,57,26,23,148,0,1,105,6,112,42,58,131,29,260,132,18,150,410
06/03/2006,COS,CO,ANM,WE,Combined TRACON& Tower with Radar,56,61,25,7,149,0,5,98,10,113,56,66,123,17,262,116,5,121,383
06/04/2006,COS,CO,ANM,WE,Combined TRACON& Tower with Radar,52,61,19,10,142,1,0,89,10,100,53,61,108,20,242,46,0,46,288
06/05/2006,COS,CO,ANM,WE,Combined TRACON& Tower with Radar,53,67,32,25,177,0,3,59,16,78,53,70,91,41,255,20,18,38,293
06/06/2006,COS,CO,ANM,WE,Combined TRACON& Tower with Radar,56,75,41,26,198,0,3,68,22,93,56,78,109,48,291,106,19,125,416
06/07/2006,COS,CO,ANM,WE,Combined TRACON& Tower with Radar,46,57,29,27,159,0,2,81,12,95,46,59,110,39,254,40,8,48,302
06/08/2006,COS,CO,ANM,WE,Combined TRACON& Tower with Radar,58,78,34,29,199,2,2,93,28,125,60,80,127,57,324,42,16,58,382
06/09/2006,COS,CO,ANM,WE,Combined TRACON& Tower with Radar,62,74,25,38,199,0,6,95,27,128,62,80,120,65,327,62,56,118,445
06/10/2006,COS,CO,ANM,WE,Combined TRACON& Tower with Radar,55,63,30,16,164,0,2,83,16,101,55,65,113,32,265,78,2,80,345
06/11/2006,COS,CO,ANM,WE,Combined TRACON& Tower with Radar,112,74,41,21,248,0,0,93,7,100,112,74,134,28,348,42,4,46,394
06/12/2006,COS,CO,ANM,WE,Combined TRACON& Tower with Radar,63,65,32,22,182,0,3,55,39,97,63,68,87,61,279,40,62,102,381
06/13/2006,COS,CO,ANM,WE,Combined TRACON& Tower with Radar,59,78,41,23,201,2,3,107,59,171,61,81,148,82,372,238,134,372,744
06/14/2006,COS,CO,ANM,WE,Combined TRACON& Tower with Radar,58,73,44,27,202,0,2,83,15,100,58,75,127,42,302,94,54,148,450
06/15/2006,COS,CO,ANM,WE,Combined TRACON& Tower with Radar,75,94,58,33,260,0,2,88,22,112,75,96,146,55,372,78,92,170,542
06/16/2006,COS,CO,ANM,WE,Combined TRACON& Tower with Radar,60,79,37,22,198,0,1,63,31,95,60,80,100,53,293,82,72,154,447
06/17/2006,COS,CO,ANM,WE,Combined TRACON& Tower with Radar,59,55,32,17,163,1,1,110,31,143,60,56,142,48,306,78,46,124,430
06/18/2006,COS,CO,ANM,WE,Combined TRACON& Tower with Radar,86,60,22,10,178,0,1,97,21,119,86,61,119,31,297,72,0,72,369
06/19/2006,COS,CO,ANM,WE,Combined TRACON& Tower with Radar,60,64,45,22,191,0,2,79,29,110,60,66,124,51,301,82,94,176,477
06/20/2006,COS,CO,ANM,WE,Combined TRACON& Tower with Radar,60,83,46,43,232,0,2,95,25,122,60,85,141,68,354,96,66,162,516
06/21/2006,COS,CO,ANM,WE,Combined TRACON& Tower with Radar,64,84,40,29,217,0,1,61,24,86,64,85,101,53,303,88,20,108,411
06/22/2006,COS,CO,ANM,WE,Combined TRACON& Tower with Radar,58,77,45,15,195,0,4,97,21,122,58,81,142,36,317,114,22,136,453
06/23/2006,COS,CO,ANM,WE,Combined TRACON& Tower with Radar,65,84,41,37,227,0,3,124,16,143,65,87,165,53,370,144,14,158,528
06/24/2006,COS,CO,ANM,WE,Combined TRACON& Tower with Radar,71,60,52,22,205,0,3,59,18,80,71,63,111,40,285,22,7,29,314
06/25/2006,COS,CO,ANM,WE,Combined TRACON& Tower with Radar,51,72,48,28,199,0,0,87,8,95,51,72,135,36,294,226,0,226,520
06/26/2006,COS,CO,ANM,WE,Combined TRACON& Tower with Radar,55,66,28,30,179,0,0,79,10,89,55,66,107,40,268,154,30,184,452
06/27/2006,COS,CO,ANM,WE,Combined TRACON& Tower with Radar,60,81,40,34,215,0,0,102,20,122,60,81,142,54,337,82,36,118,455
06/28/2006,COS,CO,ANM,WE,Combined TRACON& Tower with Radar,63,75,50,24,212,0,0,136,28,164,63,75,186,52,376,168,32,200,576
06/29/2006,COS,CO,ANM,WE,Combined TRACON& Tower with Radar,67,97,39,23,226,0,0,117,28,145,67,97,156,51,371,70,8,78,449
06/30/2006,COS,CO,ANM,WE,Combined TRACON& Tower with Radar,61,92,51,21,225,0,3,116,28,147,61,95,167,49,372,84,28,112,484
07/01/2006,COS,CO,ANM,WE,Combined TRACON& Tower with Radar,63,63,47,15,188,0,2,70,10,82,63,65,117,25,270,136,0,136,406
07/02/2006,COS,CO,ANM,WE,Combined TRACON& Tower with Radar,57,47,42,2,148,0,0,88,8,96,57,47,130,10,244,56,0,56,300
07/03/2006,COS,CO,ANM,WE,Combined TRACON& Tower with Radar,43,32,32,6,113,0,0,49,2,51,43,32,81,8,164,42,0,42,206
07/04/2006,COS,CO,ANM,WE,Combined TRACON& Tower with Radar,46,43,32,4,125,0,0,93,4,97,46,43,125,8,222,52,0,52,274
07/05/2006,COS,CO,ANM,WE,Combined TRACON& Tower with Radar,64,88,45,28,225,0,0,60,6,66,64,88,105,34,291,72,2,74,365
07/06/2006,COS,CO,ANM,WE,Combined TRACON& Tower with Radar,63,94,90,22,269,0,0,43,9,52,63,94,133,31,321,20,0,20,341
07/07/2006,COS,CO,ANM,WE,Combined TRACON& Tower with Radar,59,76,28,23,186,0,0,103,15,118,59,76,131,38,304,64,13,77,381
07/08/2006,COS,CO,ANM,WE,Combined TRACON& Tower with Radar,60,55,41,21,177,0,0,30,8,38,60,55,71,29,215,118,10,128,343
07/09/2006,COS,CO,ANM,WE,Combined TRACON& Tower with Radar,44,48,26,13,131,0,0,28,0,28,44,48,54,13,159,42,6,48,207
07/10/2006,COS,CO,ANM,WE,Combined TRACON& Tower with Radar,55,74,61,35,225,0,0,59,12,71,55,74,120,47,296,92,0,92,388
07/11/2006,COS,CO,ANM,WE,Combined TRACON& Tower with Radar,58,77,60,19,214,1,0,97,18,116,59,77,157,37,330,90,4,94,424
07/12/2006,COS,CO,ANM,WE,Combined TRACON& Tower with Radar,61,75,56,32,224,0,0,110,25,135,61,75,166,57,359,154,46,200,559
07/13/2006,COS,CO,ANM,WE,Combined TRACON& Tower with Radar,64,76,62,28,230,0,3,119,27,149,64,79,181,55,379,208,25,233,612
07/14/2006,COS,CO,ANM,WE,Combined TRACON& Tower with Radar,61,81,51,44,237,0,0,141,39,180,61,81,192,83,417,116,80,196,613
07/15/2006,COS,CO,ANM,WE,Combined TRACON& Tower with Radar,61,52,41,14,168,0,3,131,35,169,61,55,172,49,337,196,76,272,609
07/16/2006,COS,CO,ANM,WE,Combined TRACON& Tower with Radar,56,53,54,10,173,0,0,96,22,118,56,53,150,32,291,94,20,114,405
07/17/2006,COS,CO,ANM,WE,Combined TRACON& Tower with Radar,58,63,26,28,175,0,0,73,38,111,58,63,99,66,286,58,116,174,460
07/18/2006,COS,CO,ANM,WE,Combined TRACON& Tower with Radar,60,74,43,26,203,0,1,106,45,152,60,75,149,71,355,94,194,288,643
07/19/2006,COS,CO,ANM,WE,Combined TRACON& Tower with Radar,59,75,42,35,211,0,0,138,36,174,59,75,180,71,385,198,120,318,703
07/20/2006,COS,CO,ANM,WE,Combined TRACON& Tower with Radar,63,76,47,13,199,0,1,95,23,119,63,77,142,36,318,126,48,174,492
07/21/2006,COS,CO,ANM,WE,Combined TRACON& Tower with Radar,62,80,48,32,222,0,1,90,21,112,62,81,138,53,334,138,4,142,476
07/22/2006,COS,CO,ANM,WE,Combined TRACON& Tower with Radar,56,56,34,20,166,0,2,132,9,143,56,58,166,29,309,136,2,138,447
07/23/2006,COS,CO,ANM,WE,Combined TRACON& Tower with Radar,56,60,57,14,187,0,0,90,9,99,56,60,147,23,286,84,0,84,370
07/24/2006,COS,CO,ANM,WE,Combined TRACON& Tower with Radar,58,68,37,31,194,0,0,131,31,162,58,68,168,62,356,152,78,230,586
07/25/2006,COS,CO,ANM,WE,Combined TRACON& Tower with Radar,58,80,43,22,203,0,2,106,15,123,58,82,149,37,326,38,18,56,382
07/26/2006,COS,CO,ANM,WE,Combined TRACON& Tower with Radar,60,91,68,34,253,0,1,114,16,131,60,92,182,50,384,88,30,118,502
07/27/2006,COS,CO,ANM,WE,Combined TRACON& Tower with Radar,64,82,66,31,243,0,0,94,27,121,64,82,160,58,364,122,16,138,502
07/28/2006,COS,CO,ANM,WE,Combined TRACON& Tower with Radar,66,78,52,27,223,0,5,140,26,171,66,83,192,53,394,220,14,234,628
07/29/2006,COS,CO,ANM,WE,Combined TRACON& Tower with Radar,59,59,33,19,170,0,4,152,19,175,59,63,185,38,345,122,0,122,467
07/30/2006,COS,CO,ANM,WE,Combined TRACON& Tower with Radar,56,64,44,11,175,0,3,130,29,162,56,67,174,40,337,136,2,138,475
07/31/2006,COS,CO,ANM,WE,Combined TRACON& Tower with Radar,42,48,42,10,142,0,0,51,7,58,42,48,93,17,200,52,8,60,260
08/01/2006,COS,CO,ANM,WE,Combined TRACON& Tower with Radar,61,75,62,21,219,0,0,69,15,84,61,75,131,36,303,132,2,134,437
08/02/2006,COS,CO,ANM,WE,Combined TRACON& Tower with Radar,62,88,59,26,235,0,0,91,20,111,62,88,150,46,346,134,8,142,488
08/03/2006,COS,CO,ANM,WE,Combined TRACON& Tower with Radar,59,85,58,26,228,0,1,89,17,107,59,86,147,43,335,100,30,130,465
08/04/2006,COS,CO,ANM,WE,Combined TRACON& Tower with Radar,63,82,53,35,233,0,0,127,40,167,63,82,180,75,400,128,16,144,544
08/05/2006,COS,CO,ANM,WE,Combined TRACON& Tower with Radar,58,63,54,20,195,0,5,111,43,159,58,68,165,63,354,114,12,126,480
08/06/2006,COS,CO,ANM,WE,Combined TRACON& Tower with Radar,56,76,45,16,193,0,0,89,7,96,56,76,134,23,289,46,0,46,335
08/07/2006,COS,CO,ANM,WE,Combined TRACON& Tower with Radar,56,65,35,27,183,0,0,55,11,66,56,65,90,38,249,10,0,10,259
08/08/2006,COS,CO,ANM,WE,Combined TRACON& Tower with Radar,59,78,46,23,206,0,1,109,21,131,59,79,155,44,337,156,24,180,517
08/09/2006,COS,CO,ANM,WE,Combined TRACON& Tower with Radar,62,79,51,22,214,0,4,86,33,123,62,83,137,55,337,72,40,112,449
08/10/2006,COS,CO,ANM,WE,Combined TRACON& Tower with Radar,59,79,60,31,229,0,1,111,33,145,59,80,171,64,374,30,18,48,422
08/11/2006,COS,CO,ANM,WE,Combined TRACON& Tower with Radar,64,81,61,22,228,0,1,126,24,151,64,82,187,46,379,246,4,250,629
08/12/2006,COS,CO,ANM,WE,Combined TRACON& Tower with Radar,55,53,42,4,154,0,7,96,11,114,55,60,138,15,268,134,3,137,405
08/13/2006,COS,CO,ANM,WE,Combined TRACON& Tower with Radar,58,74,62,21,215,0,0,95,11,106,58,74,157,32,321,102,16,118,439
08/14/2006,COS,CO,ANM,WE,Combined TRACON& Tower with Radar,57,72,47,24,200,0,0,34,3,37,57,72,81,27,237,34,0,34,271
08/15/2006,COS,CO,ANM,WE,Combined TRACON& Tower with Radar,58,83,58,27,226,0,0,36,5,41,58,83,94,32,267,64,14,78,345
08/16/2006,COS,CO,ANM,WE,Combined TRACON& Tower with Radar,61,82,51,22,216,0,1,90,36,127,61,83,141,58,343,56,16,72,415
08/17/2006,COS,CO,ANM,WE,Combined TRACON& Tower with Radar,61,79,58,21,219,1,1,92,33,127,62,80,150,54,346,136,4,140,486
08/18/2006,COS,CO,ANM,WE,Combined TRACON& Tower with Radar,61,82,46,27,216,0,0,75,14,89,61,82,121,41,305,42,16,58,363
08/19/2006,COS,CO,ANM,WE,Combined TRACON& Tower with Radar,73,64,35,26,198,0,0,11,4,15,73,64,46,30,213,44,32,76,289
08/20/2006,COS,CO,ANM,WE,Combined TRACON& Tower with Radar,65,66,50,12,193,0,0,67,5,72,65,66,117,17,265,94,4,98,363
08/21/2006,COS,CO,ANM,WE,Combined TRACON& Tower with Radar,55,67,43,30,195,0,1,76,4,81,55,68,119,34,276,76,30,106,382
08/22/2006,COS,CO,ANM,WE,Combined TRACON& Tower with Radar,57,76,61,30,224,0,0,72,6,78,57,76,133,36,302,80,0,80,382
08/23/2006,COS,CO,ANM,WE,Combined TRACON& Tower with Radar,58,78,62,29,227,0,0,115,13,128,58,78,177,42,355,130,10,140,495
08/24/2006,COS,CO,ANM,WE,Combined TRACON& Tower with Radar,59,77,47,26,209,0,0,111,25,136,59,77,158,51,345,126,6,132,477
08/25/2006,COS,CO,ANM,WE,Combined TRACON& Tower with Radar,56,76,48,39,219,0,0,51,21,72,56,76,99,60,291,44,26,70,361
08/26/2006,COS,CO,ANM,WE,Combined TRACON& Tower with Radar,56,57,42,8,163,0,3,41,15,59,56,60,83,23,222,180,2,182,404
08/27/2006,COS,CO,ANM,WE,Combined TRACON& Tower with Radar,50,54,43,19,166,0,0,61,7,68,50,54,104,26,234,134,4,138,372
08/28/2006,COS,CO,ANM,WE,Combined TRACON& Tower with Radar,56,70,33,29,188,0,0,79,25,104,56,70,112,54,292,118,120,238,530
08/29/2006,COS,CO,ANM,WE,Combined TRACON& Tower with Radar,55,72,50,42,219,0,1,100,27,128,55,73,150,69,347,154,94,248,595
08/30/2006,COS,CO,ANM,WE,Combined TRACON& Tower with Radar,58,71,57,34,220,0,1,165,59,225,58,72,222,93,445,164,210,374,819
08/31/2006,COS,CO,ANM,WE,Combined TRACON& Tower with Radar,88,79,49,44,260,0,2,119,49,170,88,81,168,93,430,92,86,178,608
09/01/2006,COS,CO,ANM,WE,Combined TRACON& Tower with Radar,62,75,56,19,212,0,2,80,30,112,62,77,136,49,324,125,112,237,561
09/02/2006,COS,CO,ANM,WE,Combined TRACON& Tower with Radar,52,59,66,30,207,0,0,12,13,25,52,59,78,43,232,54,2,56,288
09/03/2006,COS,CO,ANM,WE,Combined TRACON& Tower with Radar,47,47,42,13,149,0,0,84,3,87,47,47,126,16,236,48,0,48,284
09/04/2006,COS,CO,ANM,WE,Combined TRACON& Tower with Radar,53,65,52,13,183,0,0,80,3,83,53,65,132,16,266,106,0,106,372
09/05/2006,COS,CO,ANM,WE,Combined TRACON& Tower with Radar,53,78,68,33,232,0,0,117,43,160,53,78,185,76,392,76,102,178,570
09/06/2006,COS,CO,ANM,WE,Combined TRACON& Tower with Radar,57,75,76,27,235,0,1,60,27,88,57,76,136,54,323,72,20,92,415
09/07/2006,COS,CO,ANM,WE,Combined TRACON& Tower with Radar,85,81,55,33,254,0,0,99,35,134,85,81,154,68,388,98,72,170,558
09/08/2006,COS,CO,ANM,WE,Combined TRACON& Tower with Radar,62,70,53,41,226,0,0,54,30,84,62,70,107,71,310,74,26,100,410
09/09/2006,COS,CO,ANM,WE,Combined TRACON& Tower with Radar,50,55,34,24,163,0,0,106,19,125,50,55,140,43,288,262,26,288,576
09/10/2006,COS,CO,ANM,WE,Combined TRACON& Tower with Radar,55,47,36,36,174,0,1,79,16,96,55,48,115,52,270,114,10,124,394
09/11/2006,COS,CO,ANM,WE,Combined TRACON& Tower with Radar,56,56,41,25,178,0,0,60,3,63,56,56,101,28,241,80,4,84,325
09/12/2006,COS,CO,ANM,WE,Combined TRACON& Tower with Radar,59,64,92,20,235,0,1,104,32,137,59,65,196,52,372,230,42,272,644
09/13/2006,COS,CO,ANM,WE,Combined TRACON& Tower with Radar,58,66,151,33,308,0,2,144,39,185,58,68,295,72,493,108,62,170,663
09/14/2006,COS,CO,ANM,WE,Combined TRACON& Tower with Radar,56,53,57,20,186,0,0,79,101,180,56,53,136,121,366,78,18,96,462
09/15/2006,COS,CO,ANM,WE,Combined TRACON& Tower with Radar,57,66,72,18,213,0,0,124,20,144,57,66,196,38,357,98,10,108,465
09/16/2006,COS,CO,ANM,WE,Combined TRACON& Tower with Radar,46,42,61,10,159,0,0,64,20,84,46,42,125,30,243,22,0,22,265
09/17/2006,COS,CO,ANM,WE,Combined TRACON& Tower with Radar,48,48,117,14,227,0,1,101,10,112,48,49,218,24,339,124,0,124,463
09/18/2006,COS,CO,ANM,WE,Combined TRACON& Tower with Radar,55,69,57,17,198,0,0,84,8,92,55,69,141,25,290,54,20,74,364
09/19/2006,COS,CO,ANM,WE,Combined TRACON& Tower with Radar,55,66,62,21,204,0,3,137,61,201,55,69,199,82,405,192,156,348,753
09/20/2006,COS,CO,ANM,WE,Combined TRACON& Tower with Radar,71,82,55,31,239,0,0,85,26,111,71,82,140,57,350,138,18,156,506
09/21/2006,COS,CO,ANM,WE,Combined TRACON& Tower with Radar,60,66,43,24,193,0,0,51,32,83,60,66,94,56,276,14,38,52,328
09/22/2006,COS,CO,ANM,WE,Combined TRACON& Tower with Radar,54,68,42,33,197,0,0,19,5,24,54,68,61,38,221,34,6,40,261
09/23/2006,COS,CO,ANM,WE,Combined TRACON& Tower with Radar,47,48,18,17,130,0,0,32,24,56,47,48,50,41,186,72,6,78,264
09/24/2006,COS,CO,ANM,WE,Combined TRACON& Tower with Radar,52,53,39,24,168,0,1,105,10,116,52,54,144,34,284,120,0,120,404
09/25/2006,COS,CO,ANM,WE,Combined TRACON& Tower with Radar,56,57,39,29,181,0,2,90,17,109,56,59,129,46,290,152,4,156,446
09/26/2006,COS,CO,ANM,WE,Combined TRACON& Tower with Radar,55,62,29,25,171,0,0,109,14,123,55,62,138,39,294,114,40,154,448
09/27/2006,COS,CO,ANM,WE,Combined TRACON& Tower with Radar,55,64,38,36,193,0,1,126,33,160,55,65,164,69,353,140,28,168,521
09/28/2006,COS,CO,ANM,WE,Combined TRACON& Tower with Radar,62,66,46,28,202,0,0,126,28,154,62,66,172,56,356,78,30,108,464
09/29/2006,COS,CO,ANM,WE,Combined TRACON& Tower with Radar,61,68,36,18,183,0,2,146,26,174,61,70,182,44,357,162,14,176,533
09/30/2006,COS,CO,ANM,WE,Combined TRACON& Tower with Radar,51,41,25,7,124,0,0,137,11,148,51,41,162,18,272,170,12,182,454
10/01/2006,COS,CO,ANM,WE,Combined TRACON& Tower with Radar,42,30,32,15,119,0,0,117,10,127,42,30,149,25,246,76,8,84,330
10/02/2006,COS,CO,ANM,WE,Combined TRACON& Tower with Radar,51,58,34,15,158,0,1,80,11,92,51,59,114,26,250,36,32,68,318
10/03/2006,COS,CO,ANM,WE,Combined TRACON& Tower with Radar,64,52,51,26,193,0,2,93,23,118,64,54,144,49,311,132,28,160,471
10/04/2006,COS,CO,ANM,WE,Combined TRACON& Tower with Radar,59,63,69,42,233,0,1,109,19,129,59,64,178,61,362,134,24,158,520
10/05/2006,COS,CO,ANM,WE,Combined TRACON& Tower with Radar,65,60,54,23,202,0,0,122,19,141,65,60,176,42,343,114,24,138,481
10/06/2006,COS,CO,ANM,WE,Combined TRACON& Tower with Radar,61,67,47,38,213,0,0,134,10,144,61,67,181,48,357,88,30,118,475
10/07/2006,COS,CO,ANM,WE,Combined TRACON& Tower with Radar,53,55,58,2,168,0,0,151,18,169,53,55,209,20,337,108,0,108,445
10/08/2006,COS,CO,ANM,WE,Combined TRACON& Tower with Radar,59,37,101,18,215,0,0,31,0,31,59,37,132,18,246,4,0,4,250
10/09/2006,COS,CO,ANM,WE,Combined TRACON& Tower with Radar,61,60,33,12,166,0,0,1,0,1,61,60,34,12,167,0,0,0,167
10/10/2006,COS,CO,ANM,WE,Combined TRACON& Tower with Radar,60,60,25,22,167,0,0,25,6,31,60,60,50,28,198,4,16,20,218
10/11/2006,COS,CO,ANM,WE,Combined TRACON& Tower with Radar,58,60,48,34,200,0,1,79,17,97,58,61,127,51,297,136,124,260,557
10/12/2006,COS,CO,ANM,WE,Combined TRACON& Tower with Radar,54,56,44,30,184,0,0,37,10,47,54,56,81,40,231,110,26,136,367
10/13/2006,COS,CO,ANM,WE,Combined TRACON& Tower with Radar,64,58,34,27,183,0,2,148,36,186,64,60,182,63,369,80,18,98,467
10/14/2006,COS,CO,ANM,WE,Combined TRACON& Tower with Radar,52,44,22,16,134,0,1,144,17,162,52,45,166,33,296,136,23,159,455
10/15/2006,COS,CO,ANM,WE,Combined TRACON& Tower with Radar,53,36,37,14,140,0,0,78,14,92,53,36,115,28,232,42,20,62,294
10/16/2006,COS,CO,ANM,WE,Combined TRACON& Tower with Radar,51,60,47,20,178,0,1,100,22,123,51,61,147,42,301,44,64,108,409
10/17/2006,COS,CO,ANM,WE,Combined TRACON& Tower with Radar,61,55,40,30,186,0,0,37,5,42,61,55,77,35,228,108,34,142,370
10/18/2006,COS,CO,ANM,WE,Combined TRACON& Tower with Radar,61,58,52,29,200,0,0,34,5,39,61,58,86,34,239,2,10,12,251
10/19/2006,COS,CO,ANM,WE,Combined TRACON& Tower with Radar,61,66,62,32,221,0,0,143,38,181,61,66,205,70,402,138,50,188,590
10/20/2006,COS,CO,ANM,WE,Combined TRACON& Tower with Radar,62,61,34,35,192,0,0,59,19,78,62,61,93,54,270,14,2,16,286
10/21/2006,COS,CO,ANM,WE,Combined TRACON& Tower with Radar,50,48,26,14,138,0,0,44,7,51,50,48,70,21,189,62,0,62,251
10/22/2006,COS,CO,ANM,WE,Combined TRACON& Tower with Radar,55,41,34,23,153,0,3,74,12,89,55,44,108,35,242,68,0,68,310
10/23/2006,COS,CO,ANM,WE,Combined TRACON& Tower with Radar,54,54,48,42,198,0,0,132,13,145,54,54,180,55,343,130,70,200,543
10/24/2006,COS,CO,ANM,WE,Combined TRACON& Tower with Radar,56,53,55,47,211,0,0,133,33,166,56,53,188,80,377,124,90,214,591
10/25/2006,COS,CO,ANM,WE,Combined TRACON& Tower with Radar,58,58,57,47,220,0,0,83,45,128,58,58,140,92,348,52,54,106,454
10/26/2006,COS,CO,ANM,WE,Combined TRACON& Tower with Radar,24,28,10,1,63,0,0,3,2,5,24,28,13,3,68,0,0,0,68
10/27/2006,COS,CO,ANM,WE,Combined TRACON& Tower with Radar,58,58,43,40,199,0,1,93,5,99,58,59,136,45,298,124,34,158,456
10/28/2006,COS,CO,ANM,WE,Combined TRACON& Tower with Radar,54,45,25,23,147,0,0,123,20,143,54,45,148,43,290,135,0,135,425
10/29/2006,COS,CO,ANM,WE,Combined TRACON& Tower with Radar,49,44,34,15,142,0,0,114,4,118,49,44,148,19,260,144,0,144,404
10/30/2006,COS,CO,ANM,WE,Combined TRACON& Tower with Radar,49,52,26,28,155,0,0,52,0,52,49,52,78,28,207,54,8,62,269
10/31/2006,COS,CO,ANM,WE,Combined TRACON& Tower with Radar,55,62,40,25,182,0,0,11,16,27,55,62,51,41,209,12,4,16,225
11/01/2006,COS,CO,ANM,WE,Combined TRACON& Tower with Radar,53,60,42,37,192,0,1,119,21,141,53,61,161,58,333,150,24,174,507
11/02/2006,COS,CO,ANM,WE,Combined TRACON& Tower with Radar,61,60,41,39,201,0,1,100,36,137,61,61,141,75,338,163,32,195,533
11/03/2006,COS,CO,ANM,WE,Combined TRACON& Tower with Radar,59,66,30,30,185,1,0,97,9,107,60,66,127,39,292,76,4,80,372
11/04/2006,COS,CO,ANM,WE,Combined TRACON& Tower with Radar,52,49,17,20,138,0,0,90,19,109,52,49,107,39,247,116,0,116,363
11/05/2006,COS,CO,ANM,WE,Combined TRACON& Tower with Radar,43,40,22,24,129,0,1,93,6,100,43,41,115,30,229,82,0,82,311
11/06/2006,COS,CO,ANM,WE,Combined TRACON& Tower with Radar,55,58,31,33,177,0,2,71,16,89,55,60,102,49,266,110,34,144,410
11/07/2006,COS,CO,ANM,WE,Combined TRACON& Tower with Radar,50,71,30,35,186,0,3,97,23,123,50,74,127,58,309,102,56,158,467
11/08/2006,COS,CO,ANM,WE,Combined TRACON& Tower with Radar,52,60,28,33,173,0,5,131,20,156,52,65,159,53,329,144,16,160,489
11/09/2006,COS,CO,ANM,WE,Combined TRACON& Tower with Radar,59,72,48,38,217,0,0,87,38,125,59,72,135,76,342,70,80,150,492
11/10/2006,COS,CO,ANM,WE,Combined TRACON& Tower with Radar,55,66,41,16,178,0,0,104,14,118,55,66,145,30,296,118,34,152,448
11/11/2006,COS,CO,ANM,WE,Combined TRACON& Tower with Radar,52,53,33,9,147,0,0,99,25,124,52,53,132,34,271,92,2,94,365
11/12/2006,COS,CO,ANM,WE,Combined TRACON& Tower with Radar,46,48,38,16,148,0,0,27,7,34,46,48,65,23,182,6,0,6,188
11/13/2006,COS,CO,ANM,WE,Combined TRACON& Tower with Radar,48,52,28,15,143,0,0,30,0,30,48,52,58,15,173,22,0,22,195
11/14/2006,COS,CO,ANM,WE,Combined TRACON& Tower with Radar,46,69,21,19,155,0,0,10,2,12,46,69,31,21,167,0,0,0,167
11/15/2006,COS,CO,ANM,WE,Combined TRACON& Tower with Radar,51,58,34,37,180,0,0,114,30,144,51,58,148,67,324,188,36,224,548
11/16/2006,COS,CO,ANM,WE,Combined TRACON& Tower with Radar,54,67,40,25,186,0,0,98,32,130,54,67,138,57,316,144,34,178,494
11/17/2006,COS,CO,ANM,WE,Combined TRACON& Tower with Radar,54,72,29,43,198,0,0,125,46,171,54,72,154,89,369,184,24,208,577
11/18/2006,COS,CO,ANM,WE,Combined TRACON& Tower with Radar,50,54,24,28,156,0,0,140,27,167,50,54,164,55,323,106,56,162,485
11/19/2006,COS,CO,ANM,WE,Combined TRACON& Tower with Radar,45,43,23,12,123,0,0,91,11,102,45,43,114,23,225,99,8,107,332
11/20/2006,COS,CO,ANM,WE,Combined TRACON& Tower with Radar,47,52,26,20,145,0,0,92,13,105,47,52,118,33,250,112,34,146,396
11/21/2006,COS,CO,ANM,WE,Combined TRACON& Tower with Radar,53,58,34,27,172,0,1,107,21,129,53,59,141,48,301,98,39,137,438
11/22/2006,COS,CO,ANM,WE,Combined TRACON& Tower with Radar,56,67,46,17,186,0,2,132,14,148,56,69,178,31,334,95,9,104,438
11/23/2006,COS,CO,ANM,WE,Combined TRACON& Tower with Radar,40,32,11,1,84,0,0,47,2,49,40,32,58,3,133,2,0,2,135
11/24/2006,COS,CO,ANM,WE,Combined TRACON& Tower with Radar,45,52,16,2,115,0,0,77,2,79,45,52,93,4,194,56,2,58,252
11/25/2006,COS,CO,ANM,WE,Combined TRACON& Tower with Radar,55,52,26,4,137,0,3,119,6,128,55,55,145,10,265,122,0,122,387
11/26/2006,COS,CO,ANM,WE,Combined TRACON& Tower with Radar,43,49,43,6,141,0,0,89,10,99,43,49,132,16,240,120,0,120,360
11/27/2006,COS,CO,ANM,WE,Combined TRACON& Tower with Radar,50,64,39,28,181,0,1,53,4,58,50,65,92,32,239,136,10,146,385
11/28/2006,COS,CO,ANM,WE,Combined TRACON& Tower with Radar,50,65,35,16,166,0,0,24,2,26,50,65,59,18,192,30,0,30,222
11/29/2006,COS,CO,ANM,WE,Combined TRACON& Tower with Radar,54,59,16,10,139,0,0,1,0,1,54,59,17,10,140,0,0,0,140
11/30/2006,COS,CO,ANM,WE,Combined TRACON& Tower with Radar,48,71,22,32,173,0,1,53,10,64,48,72,75,42,237,122,14,136,373
12/01/2006,COS,CO,ANM,WE,Combined TRACON& Tower with Radar,52,58,27,36,173,0,4,84,17,105,52,62,111,53,278,108,27,135,413
12/02/2006,COS,CO,ANM,WE,Combined TRACON& Tower with Radar,45,54,10,12,121,0,0,5,2,7,45,54,15,14,128,0,0,0,128
12/03/2006,COS,CO,ANM,WE,Combined TRACON& Tower with Radar,45,40,15,19,119,0,5,72,3,80,45,45,87,22,199,84,0,84,283
12/04/2006,COS,CO,ANM,WE,Combined TRACON& Tower with Radar,42,50,26,21,139,0,4,98,9,111,42,54,124,30,250,134,16,150,400
12/05/2006,COS,CO,ANM,WE,Combined TRACON& Tower with Radar,46,66,25,40,177,0,3,91,17,111,46,69,116,57,288,80,32,112,400
12/06/2006,COS,CO,ANM,WE,Combined TRACON& Tower with Radar,50,54,54,31,189,0,0,112,41,153,50,54,166,72,342,181,58,239,581
12/07/2006,COS,CO,ANM,WE,Combined TRACON& Tower with Radar,40,39,38,28,145,0,0,59,16,75,40,39,97,44,220,156,24,180,400
12/08/2006,COS,CO,ANM,WE,Combined TRACON& Tower with Radar,35,46,18,31,130,0,0,75,22,97,35,46,93,53,227,194,46,240,467
12/09/2006,COS,CO,ANM,WE,Combined TRACON& Tower with Radar,39,45,12,16,112,0,1,143,16,160,39,46,155,32,272,269,10,279,551
12/10/2006,COS,CO,ANM,WE,Combined TRACON& Tower with Radar,30,34,18,8,90,0,0,68,7,75,30,34,86,15,165,94,10,104,269
12/11/2006,COS,CO,ANM,WE,Combined TRACON& Tower with Radar,37,37,19,12,105,0,0,18,7,25,37,37,37,19,130,24,0,24,154
12/12/2006,COS,CO,ANM,WE,Combined TRACON& Tower with Radar,48,58,44,25,175,0,1,78,17,96,48,59,122,42,271,138,16,154,425
12/13/2006,COS,CO,ANM,WE,Combined TRACON& Tower with Radar,51,60,48,34,193,0,0,103,13,116,51,60,151,47,309,270,13,283,592
12/14/2006,COS,CO,ANM,WE,Combined TRACON& Tower with Radar,49,67,37,25,178,0,1,119,18,138,49,68,156,43,316,122,18,140,456
12/15/2006,COS,CO,ANM,WE,Combined TRACON& Tower with Radar,51,72,34,36,193,5,0,110,28,143,56,72,144,64,336,260,20,280,616
12/16/2006,COS,CO,ANM,WE,Combined TRACON& Tower with Radar,45,62,20,10,137,1,0,92,4,97,46,62,112,14,234,94,0,94,328
12/17/2006,COS,CO,ANM,WE,Combined TRACON& Tower with Radar,38,54,29,9,130,0,0,34,3,37,38,54,63,12,167,78,2,80,247
12/18/2006,COS,CO,ANM,WE,Combined TRACON& Tower with Radar,42,60,27,15,144,0,0,57,0,57,42,60,84,15,201,66,0,66,267
12/19/2006,COS,CO,ANM,WE,Combined TRACON& Tower with Radar,45,66,23,19,153,0,0,6,0,6,45,66,29,19,159,2,0,2,161
12/20/2006,COS,CO,ANM,WE,Combined TRACON& Tower with Radar,23,33,2,2,60,0,0,0,0,0,23,33,2,2,60,0,0,0,60
12/21/2006,COS,CO,ANM,WE,Combined TRACON& Tower with Radar,16,39,37,3,95,0,0,1,0,1,16,39,38,3,96,0,0,0,96
12/22/2006,COS,CO,ANM,WE,Combined TRACON& Tower with Radar,54,78,84,4,220,0,2,103,3,108,54,80,187,7,328,130,0,130,458
12/23/2006,COS,CO,ANM,WE,Combined TRACON& Tower with Radar,40,70,29,2,141,0,1,81,5,87,40,71,110,7,228,114,0,114,342
12/24/2006,COS,CO,ANM,WE,Combined TRACON& Tower with Radar,39,61,18,4,122,0,0,21,11,32,39,61,39,15,154,4,0,4,158
12/25/2006,COS,CO,ANM,WE,Combined TRACON& Tower with Radar,35,48,4,1,88,0,0,15,0,15,35,48,19,1,103,0,0,0,103
12/26/2006,COS,CO,ANM,WE,Combined TRACON& Tower with Radar,42,71,33,8,154,0,0,83,1,84,42,71,116,9,238,78,2,80,318
12/27/2006,COS,CO,ANM,WE,Combined TRACON& Tower with Radar,51,78,31,22,182,0,0,84,28,112,51,78,115,50,294,50,40,90,384
12/28/2006,COS,CO,ANM,WE,Combined TRACON& Tower with Radar,47,63,20,17,147,0,0,17,10,27,47,63,37,27,174,20,0,20,194
12/29/2006,COS,CO,ANM,WE,Combined TRACON& Tower with Radar,43,59,9,2,113,0,0,0,0,0,43,59,9,2,113,0,0,0,113
12/30/2006,COS,CO,ANM,WE,Combined TRACON& Tower with Radar,40,57,17,8,122,0,1,9,1,11,40,58,26,9,133,0,0,0,133
12/31/2006,COS,CO,ANM,WE,Combined TRACON& Tower with Radar,39,56,12,3,110,0,4,77,8,89,39,60,89,11,199,10,10,20,219
01/01/2007,COS,CO,ANM,WE,Combined TRACON& Tower with Radar,41,51,21,1,114,0,2,54,0,56,41,53,75,1,170,0,0,0,170
01/02/2007,COS,CO,ANM,WE,Combined TRACON& Tower with Radar,41,71,33,10,155,0,3,97,4,104,41,74,130,14,259,0,0,0,259
01/03/2007,COS,CO,ANM,WE,Combined TRACON& Tower with Radar,51,64,26,21,162,0,0,90,7,97,51,64,116,28,259,260,27,287,546
01/04/2007,COS,CO,ANM,WE,Combined TRACON& Tower with Radar,47,62,27,12,148,0,2,78,9,89,47,64,105,21,237,110,8,118,355
01/05/2007,COS,CO,ANM,WE,Combined TRACON& Tower with Radar,42,62,11,9,124,0,0,3,3,6,42,62,14,12,130,0,0,0,130
01/06/2007,COS,CO,ANM,WE,Combined TRACON& Tower with Radar,50,62,26,16,154,0,2,51,6,59,50,64,77,22,213,146,36,182,395
01/07/2007,COS,CO,ANM,WE,Combined TRACON& Tower with Radar,40,60,24,9,133,0,0,51,7,58,40,60,75,16,191,112,2,114,305
01/08/2007,COS,CO,ANM,WE,Combined TRACON& Tower with Radar,40,57,12,21,130,0,0,28,7,35,40,57,40,28,165,104,0,104,269
01/09/2007,COS,CO,ANM,WE,Combined TRACON& Tower with Radar,39,54,37,44,174,0,0,107,32,139,39,54,144,76,313,79,82,161,474
01/10/2007,COS,CO,ANM,WE,Combined TRACON& Tower with Radar,40,57,44,32,173,0,2,86,29,117,40,59,130,61,290,82,52,134,424
01/11/2007,COS,CO,ANM,WE,Combined TRACON& Tower with Radar,40,60,30,35,165,0,0,38,10,48,40,60,68,45,213,36,42,78,291
01/12/2007,COS,CO,ANM,WE,Combined TRACON& Tower with Radar,35,59,13,11,118,0,0,0,0,0,35,59,13,11,118,0,0,0,118
01/13/2007,COS,CO,ANM,WE,Combined TRACON& Tower with Radar,34,51,5,2,92,0,0,6,0,6,34,51,11,2,98,0,0,0,98
01/14/2007,COS,CO,ANM,WE,Combined TRACON& Tower with Radar,32,45,10,1,88,0,0,1,1,2,32,45,11,2,90,0,0,0,90
01/15/2007,COS,CO,ANM,WE,Combined TRACON& Tower with Radar,35,60,25,10,130,0,0,66,1,67,35,60,91,11,197,152,2,154,351
01/16/2007,COS,CO,ANM,WE,Combined TRACON& Tower with Radar,42,58,22,30,152,0,1,92,10,103,42,59,114,40,255,176,34,210,465
01/17/2007,COS,CO,ANM,WE,Combined TRACON& Tower with Radar,36,68,44,32,180,0,0,80,24,104,36,68,124,56,284,112,40,152,436
01/18/2007,COS,CO,ANM,WE,Combined TRACON& Tower with Radar,38,67,29,23,157,0,0,87,15,102,38,67,116,38,259,221,38,259,518
01/19/2007,COS,CO,ANM,WE,Combined TRACON& Tower with Radar,44,64,22,43,173,0,1,122,21,144,44,65,144,64,317,294,52,346,663
01/20/2007,COS,CO,ANM,WE,Combined TRACON& Tower with Radar,38,47,15,20,120,0,0,4,14,18,38,47,19,34,138,0,10,10,148
01/21/2007,COS,CO,ANM,WE,Combined TRACON& Tower with Radar,38,45,17,9,109,0,0,2,0,2,38,45,19,9,111,0,0,0,111
01/22/2007,COS,CO,ANM,WE,Combined TRACON& Tower with Radar,41,60,47,22,170,0,0,52,20,72,41,60,99,42,242,66,10,76,318
01/23/2007,COS,CO,ANM,WE,Combined TRACON& Tower with Radar,37,57,17,28,139,0,1,97,58,156,37,58,114,86,295,224,35,259,554
01/24/2007,COS,CO,ANM,WE,Combined TRACON& Tower with Radar,40,60,36,37,173,0,1,111,32,144,40,61,147,69,317,174,50,224,541
01/25/2007,COS,CO,ANM,WE,Combined TRACON& Tower with Radar,41,66,39,28,174,0,9,144,27,180,41,75,183,55,354,184,62,246,600
01/26/2007,COS,CO,ANM,WE,Combined TRACON& Tower with Radar,41,59,33,13,146,0,1,95,27,123,41,60,128,40,269,131,42,173,442
01/27/2007,COS,CO,ANM,WE,Combined TRACON& Tower with Radar,41,47,7,23,118,0,0,7,4,11,41,47,14,27,129,8,22,30,159
01/28/2007,COS,CO,ANM,WE,Combined TRACON& Tower with Radar,39,50,18,14,121,0,2,100,1,103,39,52,118,15,224,52,0,52,276
01/29/2007,COS,CO,ANM,WE,Combined TRACON& Tower with Radar,38,61,28,16,143,0,0,88,6,94,38,61,116,22,237,144,20,164,401
01/30/2007,COS,CO,ANM,WE,Combined TRACON& Tower with Radar,39,60,23,22,144,0,0,38,16,54,39,60,61,38,198,224,50,274,472
01/31/2007,COS,CO,ANM,WE,Combined TRACON& Tower with Radar,40,55,22,36,153,0,0,6,1,7,40,55,28,37,160,0,11,11,171
02/01/2007,COS,CO,ANM,WE,Combined TRACON& Tower with Radar,35,68,40,18,161,0,0,37,8,45,35,68,77,26,206,180,20,200,406
02/02/2007,COS,CO,ANM,WE,Combined TRACON& Tower with Radar,48,71,27,26,172,1,0,17,5,23,49,71,44,31,195,104,10,114,309
02/03/2007,COS,CO,ANM,WE,Combined TRACON& Tower with Radar,41,59,23,5,128,0,0,14,0,14,41,59,37,5,142,12,0,12,154
02/04/2007,COS,CO,ANM,WE,Combined TRACON& Tower with Radar,36,49,16,7,108,0,0,66,0,66,36,49,82,7,174,82,0,82,256
02/05/2007,COS,CO,ANM,WE,Combined TRACON& Tower with Radar,40,58,29,15,142,0,0,81,27,108,40,58,110,42,250,0,156,156,406
02/06/2007,COS,CO,ANM,WE,Combined TRACON& Tower with Radar,36,57,32,32,157,0,1,111,26,138,36,58,143,58,295,292,60,352,647
02/07/2007,COS,CO,ANM,WE,Combined TRACON& Tower with Radar,42,55,46,28,171,0,1,113,27,141,42,56,159,55,312,200,70,270,582
02/08/2007,COS,CO,ANM,WE,Combined TRACON& Tower with Radar,50,63,30,57,200,0,1,64,16,81,50,64,94,73,281,142,62,204,485
02/09/2007,COS,CO,ANM,WE,Combined TRACON& Tower with Radar,49,76,42,28,195,0,0,72,37,109,49,76,114,65,304,161,212,373,677
02/10/2007,COS,CO,ANM,WE,Combined TRACON& Tower with Radar,43,49,24,12,128,0,0,146,22,168,43,49,170,34,296,184,0,184,480
02/11/2007,COS,CO,ANM,WE,Combined TRACON& Tower with Radar,37,52,26,13,128,0,0,75,6,81,37,52,101,19,209,86,0,86,295
02/12/2007,COS,CO,ANM,WE,Combined TRACON& Tower with Radar,47,79,32,24,182,0,0,45,22,67,47,79,77,46,249,132,54,186,435
02/13/2007,COS,CO,ANM,WE,Combined TRACON& Tower with Radar,40,49,11,6,106,0,0,0,0,0,40,49,11,6,106,0,0,0,106
02/14/2007,COS,CO,ANM,WE,Combined TRACON& Tower with Radar,40,61,25,26,152,0,0,11,10,21,40,61,36,36,173,24,44,68,241
02/15/2007,COS,CO,ANM,WE,Combined TRACON& Tower with Radar,44,66,31,36,177,0,1,15,13,29,44,67,46,49,206,8,60,68,274
02/16/2007,COS,CO,ANM,WE,Combined TRACON& Tower with Radar,49,64,28,11,152,0,0,32,12,44,49,64,60,23,196,0,0,0,196
02/17/2007,COS,CO,ANM,WE,Combined TRACON& Tower with Radar,40,55,25,15,135,0,2,147,13,162,40,57,172,28,297,132,10,142,439
02/18/2007,COS,CO,ANM,WE,Combined TRACON& Tower with Radar,41,54,22,10,127,1,2,100,14,117,42,56,122,24,244,80,20,100,344
02/19/2007,COS,CO,ANM,WE,Combined TRACON& Tower with Radar,40,52,24,10,126,0,1,59,1,61,40,53,83,11,187,138,2,140,327
02/20/2007,COS,CO,ANM,WE,Combined TRACON& Tower with Radar,44,66,40,28,178,0,3,86,30,119,44,69,126,58,297,224,142,366,663
02/21/2007,COS,CO,ANM,WE,Combined TRACON& Tower with Radar,42,54,24,46,166,1,2,107,35,145,43,56,131,81,311,154,90,244,555
02/22/2007,COS,CO,ANM,WE,Combined TRACON& Tower with Radar,46,66,41,29,182,0,1,104,27,132,46,67,145,56,314,192,63,255,569
02/23/2007,COS,CO,ANM,WE,Combined TRACON& Tower with Radar,45,59,25,37,166,0,1,46,26,73,45,60,71,63,239,26,60,86,325
02/24/2007,COS,CO,ANM,WE,Combined TRACON& Tower with Radar,34,54,24,12,124,0,0,7,0,7,34,54,31,12,131,2,0,2,133
02/25/2007,COS,CO,ANM,WE,Combined TRACON& Tower with Radar,27,43,30,22,122,0,1,89,3,93,27,44,119,25,215,92,0,92,307
02/26/2007,COS,CO,ANM,WE,Combined TRACON& Tower with Radar,35,51,34,20,140,0,1,53,13,67,35,52,87,33,207,70,66,136,343
02/27/2007,COS,CO,ANM,WE,Combined TRACON& Tower with Radar,40,60,33,22,155,0,1,62,33,96,40,61,95,55,251,136,110,246,497
02/28/2007,COS,CO,ANM,WE,Combined TRACON& Tower with Radar,43,57,34,20,154,0,0,15,6,21,43,57,49,26,175,86,6,92,267
03/01/2007,COS,CO,ANM,WE,Combined TRACON& Tower with Radar,45,60,34,28,167,0,0,32,3,35,45,60,66,31,202,44,36,80,282
03/02/2007,COS,CO,ANM,WE,Combined TRACON& Tower with Radar,44,67,16,26,153,0,0,21,6,27,44,67,37,32,180,52,10,62,242
03/03/2007,COS,CO,ANM,WE,Combined TRACON& Tower with Radar,42,46,12,31,131,0,2,98,9,109,42,48,110,40,240,112,48,160,400
03/04/2007,COS,CO,ANM,WE,Combined TRACON& Tower with Radar,40,49,28,22,139,0,1,107,13,121,40,50,135,35,260,162,4,166,426
03/05/2007,COS,CO,ANM,WE,Combined TRACON& Tower with Radar,43,56,42,26,167,0,0,69,37,106,43,56,111,63,273,98,110,208,481
03/06/2007,COS,CO,ANM,WE,Combined TRACON& Tower with Radar,43,66,27,31,167,0,0,100,14,114,43,66,127,45,281,190,76,266,547
03/07/2007,COS,CO,ANM,WE,Combined TRACON& Tower with Radar,44,60,44,26,174,0,0,106,35,141,44,60,150,61,315,128,44,172,487
03/08/2007,COS,CO,ANM,WE,Combined TRACON& Tower with Radar,46,60,49,32,187,0,2,69,22,93,46,62,118,54,280,108,56,164,444
03/09/2007,COS,CO,ANM,WE,Combined TRACON& Tower with Radar,45,60,45,22,172,0,0,125,27,152,45,60,170,49,324,190,56,246,570
03/10/2007,COS,CO,ANM,WE,Combined TRACON& Tower with Radar,46,51,34,20,151,0,0,84,20,104,46,51,118,40,255,228,44,272,527
03/11/2007,COS,CO,ANM,WE,Combined TRACON& Tower with Radar,43,52,38,15,148,0,0,99,3,102,43,52,137,18,250,154,0,154,404
03/12/2007,COS,CO,ANM,WE,Combined TRACON& Tower with Radar,42,56,33,22,153,0,0,67,3,70,42,56,100,25,223,60,0,60,283
03/13/2007,COS,CO,ANM,WE,Combined TRACON& Tower with Radar,40,60,37,26,163,0,0,113,24,137,40,60,150,50,300,134,44,178,478
03/14/2007,COS,CO,ANM,WE,Combined TRACON& Tower with Radar,47,63,37,15,162,0,1,103,6,110,47,64,140,21,272,60,12,72,344
03/15/2007,COS,CO,ANM,WE,Combined TRACON& Tower with Radar,44,63,51,22,180,0,0,28,21,49,44,63,79,43,229,66,18,84,313
03/16/2007,COS,CO,ANM,WE,Combined TRACON& Tower with Radar,46,65,43,28,182,0,3,122,15,140,46,68,165,43,322,100,5,105,427
03/17/2007,COS,CO,ANM,WE,Combined TRACON& Tower with Radar,41,52,29,20,142,0,0,121,8,129,41,52,150,28,271,94,2,96,367
03/18/2007,COS,CO,ANM,WE,Combined TRACON& Tower with Radar,40,50,38,16,144,0,1,69,2,72,40,51,107,18,216,116,0,116,332
03/19/2007,COS,CO,ANM,WE,Combined TRACON& Tower with Radar,42,58,14,14,128,0,1,77,5,83,42,59,91,19,211,62,4,66,277
03/20/2007,COS,CO,ANM,WE,Combined TRACON& Tower with Radar,43,56,34,39,172,0,0,77,7,84,43,56,111,46,256,36,12,48,304
03/21/2007,COS,CO,ANM,WE,Combined TRACON& Tower with Radar,45,61,26,30,162,0,0,61,31,92,45,61,87,61,254,45,52,97,351
03/22/2007,COS,CO,ANM,WE,Combined TRACON& Tower with Radar,43,59,44,35,181,0,0,75,29,104,43,59,119,64,285,66,18,84,369
03/23/2007,COS,CO,ANM,WE,Combined TRACON& Tower with Radar,43,71,36,37,187,0,0,70,29,99,43,71,106,66,286,136,10,146,432
03/24/2007,COS,CO,ANM,WE,Combined TRACON& Tower with Radar,48,51,35,21,155,0,0,16,4,20,48,51,51,25,175,34,0,34,209
03/25/2007,COS,CO,ANM,WE,Combined TRACON& Tower with Radar,40,51,31,25,147,0,0,124,7,131,40,51,155,32,278,104,0,104,382
03/26/2007,COS,CO,ANM,WE,Combined TRACON& Tower with Radar,45,51,23,17,136,0,0,71,9,80,45,51,94,26,216,72,66,138,354
03/27/2007,COS,CO,ANM,WE,Combined TRACON& Tower with Radar,42,64,23,35,164,0,0,17,6,23,42,64,40,41,187,22,10,32,219
03/28/2007,COS,CO,ANM,WE,Combined TRACON& Tower with Radar,48,59,43,17,167,0,0,20,5,25,48,59,63,22,192,14,14,28,220
03/29/2007,COS,CO,ANM,WE,Combined TRACON& Tower with Radar,42,57,23,21,143,0,0,13,3,16,42,57,36,24,159,28,4,32,191
03/30/2007,COS,CO,ANM,WE,Combined TRACON& Tower with Radar,47,62,28,17,154,0,0,94,12,106,47,62,122,29,260,174,8,182,442
03/31/2007,COS,CO,ANM,WE,Combined TRACON& Tower with Radar,41,52,29,20,142,0,0,121,8,129,41,52,150,28,271,94,2,96,367
04/01/2007,COS,CO,ANM,WE,Combined TRACON& Tower with Radar,40,50,38,16,144,0,1,69,2,72,40,51,107,18,216,117,6,123,339
04/02/2007,COS,CO,ANM,WE,Combined TRACON& Tower with Radar,32,51,16,18,117,0,0,48,3,51,32,51,64,21,168,62,16,78,246
04/03/2007,COS,CO,ANM,WE,Combined TRACON& Tower with Radar,43,66,17,20,146,0,0,76,13,89,43,66,93,33,235,72,26,98,333
04/04/2007,COS,CO,ANM,WE,Combined TRACON& Tower with Radar,49,59,39,26,173,0,0,60,13,73,49,59,99,39,246,76,52,128,374
04/05/2007,COS,CO,ANM,WE,Combined TRACON& Tower with Radar,48,57,30,38,173,0,4,46,21,71,48,61,76,59,244,162,18,180,424
04/06/2007,COS,CO,ANM,WE,Combined TRACON& Tower with Radar,47,61,15,9,132,0,0,0,0,0,47,61,15,9,132,2,0,2,134
04/07/2007,COS,CO,ANM,WE,Combined TRACON& Tower with Radar,42,38,13,2,95,0,0,0,0,0,42,38,13,2,95,0,0,0,95
04/08/2007,COS,CO,ANM,WE,Combined TRACON& Tower with Radar,37,44,11,5,97,0,0,0,0,0,37,44,11,5,97,0,0,0,97
04/09/2007,COS,CO,ANM,WE,Combined TRACON& Tower with Radar,50,53,38,21,162,0,2,78,23,103,50,55,116,44,265,140,66,206,471
04/10/2007,COS,CO,ANM,WE,Combined TRACON& Tower with Radar,49,60,39,33,181,0,0,28,15,43,49,60,67,48,224,64,28,92,316
04/11/2007,COS,CO,ANM,WE,Combined TRACON& Tower with Radar,52,56,59,29,196,0,1,62,28,91,52,57,121,57,287,50,10,60,347
04/12/2007,COS,CO,ANM,WE,Combined TRACON& Tower with Radar,57,55,62,19,193,0,0,19,8,27,57,55,81,27,220,72,0,72,292
04/13/2007,COS,CO,ANM,WE,Combined TRACON& Tower with Radar,44,56,16,20,136,0,0,4,0,4,44,56,20,20,140,0,0,0,140
04/14/2007,COS,CO,ANM,WE,Combined TRACON& Tower with Radar,49,50,35,17,151,0,1,132,16,149,49,51,167,33,300,168,64,232,532
04/15/2007,COS,CO,ANM,WE,Combined TRACON& Tower with Radar,45,50,39,32,166,0,1,97,16,114,45,51,136,48,280,170,12,182,462
04/16/2007,COS,CO,ANM,WE,Combined TRACON& Tower with Radar,51,56,31,19,157,0,2,22,5,29,51,58,53,24,186,38,36,74,260
04/17/2007,COS,CO,ANM,WE,Combined TRACON& Tower with Radar,48,58,40,33,179,0,0,28,24,52,48,58,68,57,231,62,76,138,369
04/18/2007,COS,CO,ANM,WE,Combined TRACON& Tower with Radar,58,60,33,42,193,0,3,75,44,122,58,63,108,86,315,190,92,282,597
04/19/2007,COS,CO,ANM,WE,Combined TRACON& Tower with Radar,57,60,36,36,189,0,1,58,26,85,57,61,94,62,274,48,23,71,345
04/20/2007,COS,CO,ANM,WE,Combined TRACON& Tower with Radar,54,55,28,39,176,0,2,129,41,172,54,57,157,80,348,102,78,180,528
04/21/2007,COS,CO,ANM,WE,Combined TRACON& Tower with Radar,48,45,31,14,138,0,0,80,28,108,48,45,111,42,246,72,50,122,368
04/22/2007,COS,CO,ANM,WE,Combined TRACON& Tower with Radar,46,47,35,9,137,0,0,87,5,92,46,47,122,14,229,66,2,68,297
04/23/2007,COS,CO,ANM,WE,Combined TRACON& Tower with Radar,57,52,33,22,164,0,0,34,8,42,57,52,67,30,206,98,36,134,340
04/24/2007,COS,CO,ANM,WE,Combined TRACON& Tower with Radar,42,59,21,12,134,0,0,0,0,0,42,59,21,12,134,4,0,4,138
04/25/2007,COS,CO,ANM,WE,Combined TRACON& Tower with Radar,49,58,56,28,191,0,0,41,50,91,49,58,97,78,282,54,150,204,486
04/26/2007,COS,CO,ANM,WE,Combined TRACON& Tower with Radar,48,64,43,28,183,0,4,91,23,118,48,68,134,51,301,125,62,187,488
04/27/2007,COS,CO,ANM,WE,Combined TRACON& Tower with Radar,50,64,42,37,193,0,0,111,23,134,50,64,153,60,327,74,34,108,435
04/28/2007,COS,CO,ANM,WE,Combined TRACON& Tower with Radar,44,49,34,24,151,0,0,157,16,173,44,49,191,40,324,196,26,222,546
04/29/2007,COS,CO,ANM,WE,Combined TRACON& Tower with Radar,42,55,36,41,174,0,1,108,7,116,42,56,144,48,290,186,12,198,488
04/30/2007,COS,CO,ANM,WE,Combined TRACON& Tower with Radar,45,67,22,18,152,0,0,62,10,72,45,67,84,28,224,179,8,187,411
05/01/2007,COS,CO,ANM,WE,Combined TRACON& Tower with Radar,47,70,27,28,172,0,0,70,12,82,47,70,97,40,254,126,22,148,402
05/02/2007,COS,CO,ANM,WE,Combined TRACON& Tower with Radar,49,71,95,29,244,0,0,10,1,11,49,71,105,30,255,0,6,6,261
05/03/2007,COS,CO,ANM,WE,Combined TRACON& Tower with Radar,52,69,54,26,201,0,0,73,12,85,52,69,127,38,286,76,13,89,375
05/04/2007,COS,CO,ANM,WE,Combined TRACON& Tower with Radar,50,69,42,43,204,0,1,85,28,114,50,70,127,71,318,282,52,334,652
05/05/2007,COS,CO,ANM,WE,Combined TRACON& Tower with Radar,59,57,20,19,155,0,5,48,18,71,59,62,68,37,226,85,33,118,344
05/06/2007,COS,CO,ANM,WE,Combined TRACON& Tower with Radar,47,64,29,10,150,0,0,47,6,53,47,64,76,16,203,74,0,74,277
05/07/2007,COS,CO,ANM,WE,Combined TRACON& Tower with Radar,56,61,40,16,173,0,0,38,12,50,56,61,78,28,223,76,13,89,312
05/08/2007,COS,CO,ANM,WE,Combined TRACON& Tower with Radar,52,42,33,17,144,0,0,92,26,118,52,42,125,43,262,120,16,136,398
05/09/2007,COS,CO,ANM,WE,Combined TRACON& Tower with Radar,49,66,62,25,202,0,1,137,27,165,49,67,199,52,367,224,10,234,601
05/10/2007,COS,CO,ANM,WE,Combined TRACON& Tower with Radar,55,75,39,23,192,0,2,95,14,111,55,77,134,37,303,185,12,197,500
05/11/2007,COS,CO,ANM,WE,Combined TRACON& Tower with Radar,57,77,39,34,207,0,0,139,15,154,57,77,178,49,361,221,32,253,614
05/12/2007,COS,CO,ANM,WE,Combined TRACON& Tower with Radar,53,63,20,16,152,0,0,110,14,124,53,63,130,30,276,150,2,152,428
05/13/2007,COS,CO,ANM,WE,Combined TRACON& Tower with Radar,37,49,25,7,118,0,1,73,5,79,37,50,98,12,197,52,2,54,251
05/14/2007,COS,CO,ANM,WE,Combined TRACON& Tower with Radar,76,81,24,18,199,0,0,38,12,50,76,81,62,30,249,68,18,86,335
05/15/2007,COS,CO,ANM,WE,Combined TRACON& Tower with Radar,62,64,46,18,190,0,0,20,10,30,62,64,66,28,220,106,8,114,334
05/16/2007,COS,CO,ANM,WE,Combined TRACON& Tower with Radar,54,72,68,25,219,0,0,65,10,75,54,72,133,35,294,200,0,200,494
05/17/2007,COS,CO,ANM,WE,Combined TRACON& Tower with Radar,63,72,59,18,212,0,0,91,11,102,63,72,150,29,314,140,0,140,454
05/18/2007,COS,CO,ANM,WE,Combined TRACON& Tower with Radar,63,77,34,33,207,0,0,90,20,110,63,77,124,53,317,178,8,186,503
05/19/2007,COS,CO,ANM,WE,Combined TRACON& Tower with Radar,63,60,20,10,153,0,1,98,14,113,63,61,118,24,266,296,0,296,562
05/20/2007,COS,CO,ANM,WE,Combined TRACON& Tower with Radar,50,64,29,26,169,0,0,70,11,81,50,64,99,37,250,172,6,178,428
05/21/2007,COS,CO,ANM,WE,Combined TRACON& Tower with Radar,58,79,30,23,190,0,1,87,6,94,58,80,117,29,284,140,6,146,430
05/22/2007,COS,CO,ANM,WE,Combined TRACON& Tower with Radar,55,72,32,16,175,0,0,39,11,50,55,72,71,27,225,111,16,127,352
05/23/2007,COS,CO,ANM,WE,Combined TRACON& Tower with Radar,48,70,44,21,183,0,0,20,19,39,48,70,64,40,222,144,0,144,366
05/24/2007,COS,CO,ANM,WE,Combined TRACON& Tower with Radar,44,78,42,34,198,0,1,122,24,147,44,79,164,58,345,254,34,288,633
05/25/2007,COS,CO,ANM,WE,Combined TRACON& Tower with Radar,56,74,44,9,183,0,0,110,14,124,56,74,154,23,307,327,6,333,640
05/26/2007,COS,CO,ANM,WE,Combined TRACON& Tower with Radar,50,59,14,11,134,0,2,103,17,122,50,61,117,28,256,212,0,212,468
05/27/2007,COS,CO,ANM,WE,Combined TRACON& Tower with Radar,44,55,23,1,123,0,0,91,13,104,44,55,114,14,227,110,10,120,347
05/28/2007,COS,CO,ANM,WE,Combined TRACON& Tower with Radar,51,77,28,6,162,0,0,108,18,126,51,77,136,24,288,154,3,157,445
05/29/2007,COS,CO,ANM,WE,Combined TRACON& Tower with Radar,65,75,23,34,197,0,0,61,27,88,65,75,84,61,285,102,22,124,409
05/30/2007,COS,CO,ANM,WE,Combined TRACON& Tower with Radar,59,68,38,24,189,0,0,62,18,80,59,68,100,42,269,172,24,196,465
05/31/2007,COS,CO,ANM,WE,Combined TRACON& Tower with Radar,53,69,38,34,194,0,0,96,16,112,53,69,134,50,306,216,28,244,550
06/01/2007,COS,CO,ANM,WE,Combined TRACON& Tower with Radar,54,76,32,41,203,0,0,109,15,124,54,76,141,56,327,86,36,122,449
06/02/2007,COS,CO,ANM,WE,Combined TRACON& Tower with Radar,52,66,11,26,155,0,0,64,28,92,52,66,75,54,247,132,8,140,387
06/03/2007,COS,CO,ANM,WE,Combined TRACON& Tower with Radar,37,60,31,19,147,0,0,83,6,89,37,60,114,25,236,94,0,94,330
06/04/2007,COS,CO,ANM,WE,Combined TRACON& Tower with Radar,46,70,25,19,160,0,0,67,7,74,46,70,92,26,234,66,6,72,306
06/05/2007,COS,CO,ANM,WE,Combined TRACON& Tower with Radar,53,68,36,29,186,0,0,104,43,147,53,68,140,72,333,304,91,395,728
06/06/2007,COS,CO,ANM,WE,Combined TRACON& Tower with Radar,62,74,38,22,196,0,0,40,27,67,62,74,78,49,263,148,76,224,487
06/07/2007,COS,CO,ANM,WE,Combined TRACON& Tower with Radar,61,69,50,13,193,0,4,28,8,40,61,73,78,21,233,28,6,34,267
06/08/2007,COS,CO,ANM,WE,Combined TRACON& Tower with Radar,60,67,49,29,205,2,4,120,49,175,62,71,169,78,380,100,104,204,584
06/09/2007,COS,CO,ANM,WE,Combined TRACON& Tower with Radar,61,60,20,16,157,0,0,103,20,123,61,60,123,36,280,172,12,184,464
06/10/2007,COS,CO,ANM,WE,Combined TRACON& Tower with Radar,66,63,41,11,181,0,2,99,4,105,66,65,140,15,286,128,4,132,418
06/11/2007,COS,CO,ANM,WE,Combined TRACON& Tower with Radar,67,65,25,24,181,0,0,70,19,89,67,65,95,43,270,124,116,240,510
06/12/2007,COS,CO,ANM,WE,Combined TRACON& Tower with Radar,67,65,31,15,178,0,0,25,28,53,67,65,56,43,231,205,72,277,508
06/13/2007,COS,CO,ANM,WE,Combined TRACON& Tower with Radar,76,72,37,24,209,0,0,42,32,74,76,72,79,56,283,130,150,280,563
06/14/2007,COS,CO,ANM,WE,Combined TRACON& Tower with Radar,65,69,37,25,196,0,0,124,31,155,65,69,161,56,351,214,120,334,685
06/15/2007,COS,CO,ANM,WE,Combined TRACON& Tower with Radar,71,71,31,61,234,0,0,144,29,173,71,71,175,90,407,124,58,182,589
06/16/2007,COS,CO,ANM,WE,Combined TRACON& Tower with Radar,58,59,33,29,179,0,1,97,15,113,58,60,130,44,292,146,26,172,464
06/17/2007,COS,CO,ANM,WE,Combined TRACON& Tower with Radar,60,55,45,18,178,0,0,83,5,88,60,55,128,23,266,68,0,68,334
06/18/2007,COS,CO,ANM,WE,Combined TRACON& Tower with Radar,56,74,48,26,204,0,3,76,10,89,56,77,124,36,293,50,30,80,373
06/19/2007,COS,CO,ANM,WE,Combined TRACON& Tower with Radar,60,68,25,27,180,0,0,111,16,127,60,68,136,43,307,168,48,216,523
06/20/2007,COS,CO,ANM,WE,Combined TRACON& Tower with Radar,57,68,56,38,219,0,3,124,85,212,57,71,180,123,431,130,48,178,609
06/21/2007,COS,CO,ANM,WE,Combined TRACON& Tower with Radar,61,76,43,24,204,0,1,101,21,123,61,77,144,45,327,112,40,152,479
06/22/2007,COS,CO,ANM,WE,Combined TRACON& Tower with Radar,60,74,40,16,190,0,0,77,5,82,60,74,117,21,272,50,30,80,352
06/23/2007,COS,CO,ANM,WE,Combined TRACON& Tower with Radar,58,61,43,15,177,0,3,134,3,140,58,64,177,18,317,312,0,312,629
06/24/2007,COS,CO,ANM,WE,Combined TRACON& Tower with Radar,51,43,38,11,143,0,4,73,6,83,51,47,111,17,226,162,0,162,388
06/25/2007,COS,CO,ANM,WE,Combined TRACON& Tower with Radar,58,76,39,30,203,0,0,73,6,79,58,76,112,36,282,246,28,274,556
06/26/2007,COS,CO,ANM,WE,Combined TRACON& Tower with Radar,54,65,37,17,173,0,1,79,18,98,54,66,116,35,271,82,68,150,421
06/27/2007,COS,CO,ANM,WE,Combined TRACON& Tower with Radar,57,70,53,25,205,0,0,67,24,91,57,70,120,49,296,183,82,265,561
06/28/2007,COS,CO,ANM,WE,Combined TRACON& Tower with Radar,59,71,70,32,232,0,0,91,21,112,59,71,161,53,344,105,44,149,493
06/29/2007,COS,CO,ANM,WE,Combined TRACON& Tower with Radar,65,66,51,30,212,0,1,127,22,150,65,67,178,52,362,162,58,220,582
06/30/2007,COS,CO,ANM,WE,Combined TRACON& Tower with Radar,59,72,28,30,189,0,7,143,29,179,59,79,171,59,368,170,22,192,560
07/01/2007,COS,CO,ANM,WE,Combined TRACON& Tower with Radar,55,76,46,22,199,0,2,80,5,87,55,78,126,27,286,166,8,174,460
07/02/2007,COS,CO,ANM,WE,Combined TRACON& Tower with Radar,53,65,26,17,161,0,0,93,4,97,53,65,119,21,258,174,10,184,442
07/03/2007,COS,CO,ANM,WE,Combined TRACON& Tower with Radar,55,75,28,13,171,0,1,93,9,103,55,76,121,22,274,256,64,320,594
07/04/2007,COS,CO,ANM,WE,Combined TRACON& Tower with Radar,43,53,17,1,114,0,1,73,1,75,43,54,90,2,189,90,0,90,279
07/05/2007,COS,CO,ANM,WE,Combined TRACON& Tower with Radar,59,70,39,18,186,0,2,119,8,129,59,72,158,26,315,308,10,318,633
07/06/2007,COS,CO,ANM,WE,Combined TRACON& Tower with Radar,58,66,43,23,190,0,0,127,11,138,58,66,170,34,328,202,40,242,570
07/07/2007,COS,CO,ANM,WE,Combined TRACON& Tower with Radar,63,76,48,23,210,0,0,127,9,136,63,76,175,32,346,164,62,226,572
07/08/2007,COS,CO,ANM,WE,Combined TRACON& Tower with Radar,64,71,45,18,198,0,0,81,6,87,64,71,126,24,285,130,0,130,415
07/09/2007,COS,CO,ANM,WE,Combined TRACON& Tower with Radar,54,65,29,22,170,0,0,89,2,91,54,65,118,24,261,218,82,300,561
07/10/2007,COS,CO,ANM,WE,Combined TRACON& Tower with Radar,62,82,44,29,217,0,0,42,4,46,62,82,86,33,263,201,10,211,474
07/11/2007,COS,CO,ANM,WE,Combined TRACON& Tower with Radar,56,74,59,16,205,0,0,91,18,109,56,74,150,34,314,366,36,402,716
07/12/2007,COS,CO,ANM,WE,Combined TRACON& Tower with Radar,62,79,42,23,206,0,0,100,15,115,62,79,142,38,321,198,54,252,573
07/13/2007,COS,CO,ANM,WE,Combined TRACON& Tower with Radar,62,75,49,22,208,0,0,158,10,168,62,75,207,32,376,154,84,238,614
07/14/2007,COS,CO,ANM,WE,Combined TRACON& Tower with Radar,55,62,31,26,174,0,2,123,8,133,55,64,154,34,307,332,30,362,669
07/15/2007,COS,CO,ANM,WE,Combined TRACON& Tower with Radar,53,77,29,12,171,0,0,92,4,96,53,77,121,16,267,112,16,128,395
07/16/2007,COS,CO,ANM,WE,Combined TRACON& Tower with Radar,56,74,32,12,174,0,0,99,8,107,56,74,131,20,281,338,36,374,655
07/17/2007,COS,CO,ANM,WE,Combined TRACON& Tower with Radar,62,71,37,24,194,0,0,86,14,100,62,71,123,38,294,282,44,326,620
07/18/2007,COS,CO,ANM,WE,Combined TRACON& Tower with Radar,61,70,38,28,197,0,0,92,16,108,61,70,130,44,305,128,60,188,493
07/19/2007,COS,CO,ANM,WE,Combined TRACON& Tower with Radar,57,69,57,24,207,0,0,60,16,76,57,69,117,40,283,80,12,92,375
07/20/2007,COS,CO,ANM,WE,Combined TRACON& Tower with Radar,62,79,31,35,207,0,1,103,18,122,62,80,134,53,329,280,28,308,637
07/21/2007,COS,CO,ANM,WE,Combined TRACON& Tower with Radar,45,56,24,10,135,0,0,104,24,128,45,56,128,34,263,182,22,204,467
07/22/2007,COS,CO,ANM,WE,Combined TRACON& Tower with Radar,57,67,37,14,175,0,1,121,9,131,57,68,158,23,306,96,26,122,428
07/23/2007,COS,CO,ANM,WE,Combined TRACON& Tower with Radar,55,71,36,9,171,0,0,0,0,0,55,71,36,9,171,186,6,192,363
07/24/2007,COS,CO,ANM,WE,Combined TRACON& Tower with Radar,55,70,42,23,190,0,2,125,11,138,55,72,167,34,328,98,58,156,484
07/25/2007,COS,CO,ANM,WE,Combined TRACON& Tower with Radar,61,85,53,56,255,0,3,89,17,109,61,88,142,73,364,204,92,296,660
07/26/2007,COS,CO,ANM,WE,Combined TRACON& Tower with Radar,61,84,32,33,210,0,0,74,32,106,61,84,106,65,316,188,60,248,564
07/27/2007,COS,CO,ANM,WE,Combined TRACON& Tower with Radar,67,62,46,22,197,0,0,61,18,79,67,62,107,40,276,108,38,146,422
07/28/2007,COS,CO,ANM,WE,Combined TRACON& Tower with Radar,67,65,47,15,194,0,1,90,10,101,67,66,137,25,295,214,34,248,543
07/29/2007,COS,CO,ANM,WE,Combined TRACON& Tower with Radar,52,62,50,19,183,0,0,77,8,85,52,62,127,27,268,84,2,86,354
07/30/2007,COS,CO,ANM,WE,Combined TRACON& Tower with Radar,68,75,35,26,204,0,0,77,5,82,68,75,112,31,286,306,18,324,610
07/31/2007,COS,CO,ANM,WE,Combined TRACON& Tower with Radar,65,76,46,33,220,0,0,139,20,159,65,76,185,53,379,282,36,318,697
08/01/2007,COS,CO,ANM,WE,Combined TRACON& Tower with Radar,58,73,60,37,228,0,0,112,32,144,58,73,172,69,372,168,52,220,592
08/02/2007,COS,CO,ANM,WE,Combined TRACON& Tower with Radar,58,72,45,25,200,0,0,64,20,84,58,72,109,45,284,188,50,238,522
08/03/2007,COS,CO,ANM,WE,Combined TRACON& Tower with Radar,89,80,83,33,285,0,0,99,17,116,89,80,182,50,401,176,40,216,617
08/04/2007,COS,CO,ANM,WE,Combined TRACON& Tower with Radar,63,67,33,11,174,0,0,96,6,102,63,67,129,17,276,188,8,196,472
08/05/2007,COS,CO,ANM,WE,Combined TRACON& Tower with Radar,69,67,57,20,213,0,0,100,6,106,69,67,157,26,319,184,0,184,503
08/06/2007,COS,CO,ANM,WE,Combined TRACON& Tower with Radar,56,74,38,17,185,0,0,57,3,60,56,74,95,20,245,178,32,210,455
08/07/2007,COS,CO,ANM,WE,Combined TRACON& Tower with Radar,65,80,47,65,257,1,1,71,10,83,66,81,118,75,340,262,80,342,682
08/08/2007,COS,CO,ANM,WE,Combined TRACON& Tower with Radar,58,78,64,71,271,0,0,136,14,150,58,78,200,85,421,202,150,352,773
08/09/2007,COS,CO,ANM,WE,Combined TRACON& Tower with Radar,65,77,49,32,223,0,0,85,4,89,65,77,134,36,312,200,46,246,558
08/10/2007,COS,CO,ANM,WE,Combined TRACON& Tower with Radar,61,81,65,83,290,0,1,121,14,136,61,82,186,97,426,240,30,270,696
08/11/2007,COS,CO,ANM,WE,Combined TRACON& Tower with Radar,61,73,49,22,205,0,0,134,14,148,61,73,183,36,353,164,34,198,551
08/12/2007,COS,CO,ANM,WE,Combined TRACON& Tower with Radar,51,64,52,13,180,0,0,96,10,106,51,64,148,23,286,136,10,146,432
08/13/2007,COS,CO,ANM,WE,Combined TRACON& Tower with Radar,62,66,54,22,204,0,1,92,7,100,62,67,146,29,304,226,76,302,606
08/14/2007,COS,CO,ANM,WE,Combined TRACON& Tower with Radar,57,75,46,21,199,0,1,81,8,90,57,76,127,29,289,148,48,196,485
08/15/2007,COS,CO,ANM,WE,Combined TRACON& Tower with Radar,59,85,48,15,207,0,0,101,8,109,59,85,149,23,316,148,12,160,476
08/16/2007,COS,CO,ANM,WE,Combined TRACON& Tower with Radar,58,66,57,18,199,0,0,82,10,92,58,66,139,28,291,144,28,172,463
08/17/2007,COS,CO,ANM,WE,Combined TRACON& Tower with Radar,61,79,47,38,225,0,0,70,12,82,61,79,117,50,307,62,48,110,417
08/18/2007,COS,CO,ANM,WE,Combined TRACON& Tower with Radar,60,71,33,33,197,0,1,98,11,110,60,72,131,44,307,174,24,198,505
08/19/2007,COS,CO,ANM,WE,Combined TRACON& Tower with Radar,59,61,35,20,175,0,0,96,6,102,59,61,131,26,277,70,14,84,361
08/20/2007,COS,CO,ANM,WE,Combined TRACON& Tower with Radar,55,66,46,18,185,0,1,88,15,104,55,67,134,33,289,122,7,129,418
08/21/2007,COS,CO,ANM,WE,Combined TRACON& Tower with Radar,57,63,46,47,213,0,0,109,15,124,57,63,155,62,337,130,40,170,507
08/22/2007,COS,CO,ANM,WE,Combined TRACON& Tower with Radar,59,68,49,37,213,0,0,70,15,85,59,68,119,52,298,160,144,304,602
08/23/2007,COS,CO,ANM,WE,Combined TRACON& Tower with Radar,63,78,45,49,235,0,0,54,9,63,63,78,99,58,298,190,60,250,548
08/24/2007,COS,CO,ANM,WE,Combined TRACON& Tower with Radar,66,79,68,49,262,0,1,76,10,87,66,80,144,59,349,130,68,198,547
08/25/2007,COS,CO,ANM,WE,Combined TRACON& Tower with Radar,59,62,39,37,197,0,0,98,24,122,59,62,137,61,319,190,96,286,605
08/26/2007,COS,CO,ANM,WE,Combined TRACON& Tower with Radar,55,62,38,20,175,0,1,60,7,68,55,63,98,27,243,226,10,236,479
08/27/2007,COS,CO,ANM,WE,Combined TRACON& Tower with Radar,57,69,42,34,202,0,0,66,12,78,57,69,108,46,280,172,18,190,470
08/28/2007,COS,CO,ANM,WE,Combined TRACON& Tower with Radar,55,68,47,13,183,0,0,89,26,115,55,68,136,39,298,180,64,244,542
08/29/2007,COS,CO,ANM,WE,Combined TRACON& Tower with Radar,46,53,42,24,165,0,0,23,16,39,46,53,65,40,204,62,20,82,286
08/30/2007,COS,CO,ANM,WE,Combined TRACON& Tower with Radar,57,79,48,102,286,0,0,71,16,87,57,79,119,118,373,150,38,188,561
08/31/2007,COS,CO,ANM,WE,Combined TRACON& Tower with Radar,67,71,72,46,256,0,0,135,24,159,67,71,207,70,415,306,68,374,789
09/01/2007,COS,CO,ANM,WE,Combined TRACON& Tower with Radar,56,59,16,8,139,0,1,117,18,136,56,60,133,26,275,138,20,158,433
09/02/2007,COS,CO,ANM,WE,Combined TRACON& Tower with Radar,41,49,22,7,119,0,0,98,7,105,41,49,120,14,224,210,0,210,434
09/03/2007,COS,CO,ANM,WE,Combined TRACON& Tower with Radar,55,61,60,17,193,0,0,117,5,122,55,61,177,22,315,176,40,216,531
09/04/2007,COS,CO,ANM,WE,Combined TRACON& Tower with Radar,60,67,65,39,231,0,4,88,13,105,60,71,153,52,336,188,38,226,562
09/05/2007,COS,CO,ANM,WE,Combined TRACON& Tower with Radar,17,18,5,7,47,0,0,31,13,44,17,18,36,20,91,194,30,224,315
09/06/2007,COS,CO,ANM,WE,Combined TRACON& Tower with Radar,63,67,50,42,222,0,0,102,21,123,63,67,152,63,345,188,24,212,557
09/07/2007,COS,CO,ANM,WE,Combined TRACON& Tower with Radar,62,62,39,27,190,0,0,83,12,95,62,62,122,39,285,142,28,170,455
09/08/2007,COS,CO,ANM,WE,Combined TRACON& Tower with Radar,57,57,32,26,172,0,0,101,6,107,57,57,133,32,279,172,16,188,467
09/09/2007,COS,CO,ANM,WE,Combined TRACON& Tower with Radar,40,44,67,34,185,0,0,35,3,38,40,44,102,37,223,98,6,104,327
09/10/2007,COS,CO,ANM,WE,Combined TRACON& Tower with Radar,56,66,41,23,186,0,0,25,1,26,56,66,66,24,212,78,2,80,292
09/11/2007,COS,CO,ANM,WE,Combined TRACON& Tower with Radar,63,64,35,27,189,0,1,115,24,140,63,65,150,51,329,234,82,316,645
09/12/2007,COS,CO,ANM,WE,Combined TRACON& Tower with Radar,64,61,58,36,219,0,0,109,24,133,64,61,167,60,352,160,94,254,606
09/13/2007,COS,CO,ANM,WE,Combined TRACON& Tower with Radar,62,60,70,39,231,0,0,116,70,186,62,60,186,109,417,120,60,180,597
09/14/2007,COS,CO,ANM,WE,Combined TRACON& Tower with Radar,61,64,83,50,258,0,1,54,14,69,61,65,137,64,327,112,80,192,519
09/15/2007,COS,CO,ANM,WE,Combined TRACON& Tower with Radar,51,58,33,37,179,0,0,90,17,107,51,58,123,54,286,182,34,216,502
09/16/2007,COS,CO,ANM,WE,Combined TRACON& Tower with Radar,67,63,53,16,199,0,3,120,4,127,67,66,173,20,326,128,0,128,454
09/17/2007,COS,CO,ANM,WE,Combined TRACON& Tower with Radar,58,60,32,23,173,0,0,40,7,47,58,60,72,30,220,122,14,136,356
09/18/2007,COS,CO,ANM,WE,Combined TRACON& Tower with Radar,56,61,43,35,195,0,10,114,23,147,56,71,157,58,342,118,68,186,528
09/19/2007,COS,CO,ANM,WE,Combined TRACON& Tower with Radar,60,62,40,27,189,0,0,105,13,118,60,62,145,40,307,104,40,144,451
09/20/2007,COS,CO,ANM,WE,Combined TRACON& Tower with Radar,60,67,44,35,206,0,1,117,25,143,60,68,161,60,349,154,50,204,553
09/21/2007,COS,CO,ANM,WE,Combined TRACON& Tower with Radar,64,64,34,24,186,0,0,92,16,108,64,64,126,40,294,98,16,114,408
09/22/2007,COS,CO,ANM,WE,Combined TRACON& Tower with Radar,52,58,37,11,158,0,4,77,13,94,52,62,114,24,252,92,0,92,344
09/23/2007,COS,CO,ANM,WE,Combined TRACON& Tower with Radar,49,63,53,14,179,0,0,57,9,66,49,63,110,23,245,114,2,116,361
09/24/2007,COS,CO,ANM,WE,Combined TRACON& Tower with Radar,59,66,32,30,187,0,0,52,3,55,59,66,84,33,242,45,8,53,295
09/25/2007,COS,CO,ANM,WE,Combined TRACON& Tower with Radar,59,58,37,27,181,0,2,73,16,91,59,60,110,43,272,124,48,172,444
09/26/2007,COS,CO,ANM,WE,Combined TRACON& Tower with Radar,67,51,51,31,200,0,2,108,12,122,67,53,159,43,322,228,18,246,568
09/27/2007,COS,CO,ANM,WE,Combined TRACON& Tower with Radar,62,63,27,31,183,0,2,108,16,126,62,65,135,47,309,194,20,214,523
09/28/2007,COS,CO,ANM,WE,Combined TRACON& Tower with Radar,68,58,37,19,182,0,0,94,25,119,68,58,131,44,301,100,4,104,405
09/29/2007,COS,CO,ANM,WE,Combined TRACON& Tower with Radar,52,53,20,5,130,0,0,42,4,46,52,53,62,9,176,78,20,98,274
09/30/2007,COS,CO,ANM,WE,Combined TRACON& Tower with Radar,52,55,35,34,176,0,0,118,6,124,52,55,153,40,300,120,24,144,444
10/01/2007,COS,CO,ANM,WE,Combined TRACON& Tower with Radar,58,63,34,18,173,0,0,67,7,74,58,63,101,25,247,136,6,142,389
10/02/2007,COS,CO,ANM,WE,Combined TRACON& Tower with Radar,60,67,24,20,171,0,4,70,8,82,60,71,94,28,253,162,40,202,455
10/03/2007,COS,CO,ANM,WE,Combined TRACON& Tower with Radar,60,66,35,31,192,0,1,80,6,87,60,67,115,37,279,218,56,274,553
10/04/2007,COS,CO,ANM,WE,Combined TRACON& Tower with Radar,59,67,38,26,190,0,1,96,21,118,59,68,134,47,308,128,20,148,456
10/05/2007,COS,CO,ANM,WE,Combined TRACON& Tower with Radar,66,63,35,34,198,0,0,51,6,57,66,63,86,40,255,68,5,73,328
10/06/2007,COS,CO,ANM,WE,Combined TRACON& Tower with Radar,43,47,14,18,122,0,0,31,1,32,43,47,45,19,154,0,8,8,162
10/07/2007,COS,CO,ANM,WE,Combined TRACON& Tower with Radar,68,68,44,21,201,0,0,61,2,63,68,68,105,23,264,90,0,90,354
10/08/2007,COS,CO,ANM,WE,Combined TRACON& Tower with Radar,54,66,30,29,179,0,0,112,2,114,54,66,142,31,293,200,46,246,539
10/09/2007,COS,CO,ANM,WE,Combined TRACON& Tower with Radar,57,59,32,25,173,0,3,102,6,111,57,62,134,31,284,222,88,310,594
10/10/2007,COS,CO,ANM,WE,Combined TRACON& Tower with Radar,59,62,39,51,211,0,0,88,14,102,59,62,127,65,313,264,198,462,775
10/11/2007,COS,CO,ANM,WE,Combined TRACON& Tower with Radar,62,72,54,30,218,0,0,102,20,122,62,72,156,50,340,182,36,218,558
10/12/2007,COS,CO,ANM,WE,Combined TRACON& Tower with Radar,64,62,32,47,205,0,0,112,33,145,64,62,144,80,350,222,122,344,694
10/13/2007,COS,CO,ANM,WE,Combined TRACON& Tower with Radar,47,63,38,29,177,0,0,50,17,67,47,63,88,46,244,236,40,276,520
10/14/2007,COS,CO,ANM,WE,Combined TRACON& Tower with Radar,51,65,30,14,160,0,0,7,1,8,51,65,37,15,168,42,0,42,210
10/15/2007,COS,CO,ANM,WE,Combined TRACON& Tower with Radar,55,61,24,31,171,0,0,80,7,87,55,61,104,38,258,374,86,460,718
10/16/2007,COS,CO,ANM,WE,Combined TRACON& Tower with Radar,62,59,42,50,213,0,1,86,14,101,62,60,128,64,314,186,69,255,569
10/17/2007,COS,CO,ANM,WE,Combined TRACON& Tower with Radar,64,67,31,22,184,0,0,67,21,88,64,67,98,43,272,138,74,212,484
10/18/2007,COS,CO,ANM,WE,Combined TRACON& Tower with Radar,61,66,32,23,182,0,0,55,23,78,61,66,87,46,260,88,22,110,370
10/19/2007,COS,CO,ANM,WE,Combined TRACON& Tower with Radar,63,64,45,85,257,0,0,84,23,107,63,64,129,108,364,84,78,162,526
10/20/2007,COS,CO,ANM,WE,Combined TRACON& Tower with Radar,46,50,13,12,121,0,0,74,7,81,46,50,87,19,202,60,0,60,262
10/21/2007,COS,CO,ANM,WE,Combined TRACON& Tower with Radar,45,59,20,8,132,0,0,3,0,3,45,59,23,8,135,10,0,10,145
10/22/2007,COS,CO,ANM,WE,Combined TRACON& Tower with Radar,56,63,23,24,166,0,0,54,15,69,56,63,77,39,235,218,44,262,497
10/23/2007,COS,CO,ANM,WE,Combined TRACON& Tower with Radar,55,38,25,12,130,22,0,96,8,126,77,38,121,20,256,172,12,184,440
10/24/2007,COS,CO,ANM,WE,Combined TRACON& Tower with Radar,83,41,38,31,193,0,0,78,14,92,83,41,116,45,285,146,42,188,473
10/25/2007,COS,CO,ANM,WE,Combined TRACON& Tower with Radar,81,41,27,34,183,0,4,126,20,150,81,45,153,54,333,174,28,202,535
10/26/2007,COS,CO,ANM,WE,Combined TRACON& Tower with Radar,86,47,39,43,215,0,4,141,17,162,86,51,180,60,377,178,12,190,567
10/27/2007,COS,CO,ANM,WE,Combined TRACON& Tower with Radar,61,32,15,13,121,0,2,39,7,48,61,34,54,20,169,236,20,256,425
10/28/2007,COS,CO,ANM,WE,Combined TRACON& Tower with Radar,72,43,35,18,168,0,0,107,16,123,72,43,142,34,291,126,10,136,427
10/29/2007,COS,CO,ANM,WE,Combined TRACON& Tower with Radar,79,39,21,24,163,0,0,64,8,72,79,39,85,32,235,234,40,274,509
10/30/2007,COS,CO,ANM,WE,Combined TRACON& Tower with Radar,79,45,41,15,180,0,0,81,11,92,79,45,122,26,272,164,8,172,444
10/31/2007,COS,CO,ANM,WE,Combined TRACON& Tower with Radar,79,48,43,50,220,0,0,18,11,29,79,48,61,61,249,116,12,128,377
11/01/2007,COS,CO,ANM,WE,Combined TRACON& Tower with Radar,113,20,47,47,227,0,2,110,25,137,113,22,157,72,364,212,110,322,686
11/02/2007,COS,CO,ANM,WE,Combined TRACON& Tower with Radar,115,13,37,35,200,0,0,91,21,112,115,13,128,56,312,153,4,157,469
11/03/2007,COS,CO,ANM,WE,Combined TRACON& Tower with Radar,99,11,27,36,173,0,0,142,13,155,99,11,169,49,328,322,30,352,680
11/04/2007,COS,CO,ANM,WE,Combined TRACON& Tower with Radar,96,10,36,27,169,0,1,103,6,110,96,11,139,33,279,263,40,303,582
11/05/2007,COS,CO,ANM,WE,Combined TRACON& Tower with Radar,113,5,23,38,179,0,2,87,10,99,113,7,110,48,278,138,64,202,480
11/06/2007,COS,CO,ANM,WE,Combined TRACON& Tower with Radar,101,11,43,31,186,0,1,110,8,119,101,12,153,39,305,194,88,282,587
11/07/2007,COS,CO,ANM,WE,Combined TRACON& Tower with Radar,106,10,27,28,171,0,0,104,11,115,106,10,131,39,286,230,16,246,532
11/08/2007,COS,CO,ANM,WE,Combined TRACON& Tower with Radar,77,44,42,49,212,0,7,88,26,121,77,51,130,75,333,154,18,172,505
11/09/2007,COS,CO,ANM,WE,Combined TRACON& Tower with Radar,78,52,31,73,234,0,4,95,20,119,78,56,126,93,353,112,53,165,518
11/10/2007,COS,CO,ANM,WE,Combined TRACON& Tower with Radar,68,35,43,10,156,0,1,152,12,165,68,36,195,22,321,216,8,224,545
11/11/2007,COS,CO,ANM,WE,Combined TRACON& Tower with Radar,69,34,20,20,143,0,1,65,10,76,69,35,85,30,219,152,26,178,397
11/12/2007,COS,CO,ANM,WE,Combined TRACON& Tower with Radar,72,42,36,8,158,0,4,51,3,58,72,46,87,11,216,88,0,88,304
11/13/2007,COS,CO,ANM,WE,Combined TRACON& Tower with Radar,71,48,32,12,163,0,3,62,2,67,71,51,94,14,230,104,22,126,356
11/14/2007,COS,CO,ANM,WE,Combined TRACON& Tower with Radar,72,50,38,50,210,0,0,65,16,81,72,50,103,66,291,212,80,292,583
11/15/2007,COS,CO,ANM,WE,Combined TRACON& Tower with Radar,75,50,29,39,193,0,2,99,28,129,75,52,128,67,322,116,22,138,460
11/16/2007,COS,CO,ANM,WE,Combined TRACON& Tower with Radar,61,36,29,14,140,0,2,95,19,116,61,38,124,33,256,236,28,264,520
11/17/2007,COS,CO,ANM,WE,Combined TRACON& Tower with Radar,73,37,27,18,155,0,1,118,19,138,73,38,145,37,293,192,4,196,489
11/18/2007,COS,CO,ANM,WE,Combined TRACON& Tower with Radar,75,36,29,39,179,60,0,117,4,181,135,36,146,43,360,142,28,170,530
11/19/2007,COS,CO,ANM,WE,Combined TRACON& Tower with Radar,70,42,33,40,185,1,5,64,11,81,71,47,97,51,266,214,42,256,522
11/20/2007,COS,CO,ANM,WE,Combined TRACON& Tower with Radar,76,41,35,39,191,0,3,68,25,96,76,44,103,64,287,144,78,222,509
11/21/2007,COS,CO,ANM,WE,Combined TRACON& Tower with Radar,77,48,36,22,183,0,0,19,5,24,77,48,55,27,207,62,42,104,311
11/22/2007,COS,CO,ANM,WE,Combined TRACON& Tower with Radar,61,22,5,0,88,0,1,16,0,17,61,23,21,0,105,8,2,10,115
11/23/2007,COS,CO,ANM,WE,Combined TRACON& Tower with Radar,62,34,20,3,119,0,1,1,0,2,62,35,21,3,121,0,0,0,121
11/24/2007,COS,CO,ANM,WE,Combined TRACON& Tower with Radar,70,41,36,2,149,0,1,93,4,98,70,42,129,6,247,176,26,202,449
11/25/2007,COS,CO,ANM,WE,Combined TRACON& Tower with Radar,0,0,0,0,0,68,66,233,11,378,68,66,233,11,378,148,0,148,526
11/26/2007,COS,CO,ANM,WE,Combined TRACON& Tower with Radar,75,45,25,18,163,0,4,42,8,54,75,49,67,26,217,124,6,130,347
11/27/2007,COS,CO,ANM,WE,Combined TRACON& Tower with Radar,71,45,22,17,155,0,0,0,0,0,71,45,22,17,155,180,42,222,377
11/28/2007,COS,CO,ANM,WE,Combined TRACON& Tower with Radar,72,48,29,39,188,0,0,26,12,38,72,48,55,51,226,256,48,304,530
11/29/2007,COS,CO,ANM,WE,Combined TRACON& Tower with Radar,72,45,35,31,183,0,3,58,10,71,72,48,93,41,254,124,4,128,382
11/30/2007,COS,CO,ANM,WE,Combined TRACON& Tower with Radar,79,41,40,33,193,0,3,56,10,69,79,44,96,43,262,48,58,106,368
12/01/2007,COS,CO,ANM,WE,Combined TRACON& Tower with Radar,77,35,9,13,134,0,1,23,7,31,77,36,32,20,165,14,0,14,179
12/02/2007,COS,CO,ANM,WE,Combined TRACON& Tower with Radar,71,37,32,9,149,0,4,66,5,75,71,41,98,14,224,138,38,176,400
12/03/2007,COS,CO,ANM,WE,Combined TRACON& Tower with Radar,73,40,35,33,181,0,5,80,9,94,73,45,115,42,275,196,40,236,511
12/04/2007,COS,CO,ANM,WE,Combined TRACON& Tower with Radar,72,41,23,35,171,0,5,58,7,70,72,46,81,42,241,126,58,184,425
12/05/2007,COS,CO,ANM,WE,Combined TRACON& Tower with Radar,72,42,35,29,178,0,1,89,9,99,72,43,124,38,277,196,72,268,545
12/06/2007,COS,CO,ANM,WE,Combined TRACON& Tower with Radar,5,2,2,7,16,0,2,0,0,2,5,4,2,7,18,192,28,220,238
12/07/2007,COS,CO,ANM,WE,Combined TRACON& Tower with Radar,51,23,13,19,106,0,1,0,3,4,51,24,13,22,110,0,0,0,110
12/08/2007,COS,CO,ANM,WE,Combined TRACON& Tower with Radar,53,20,8,8,89,0,0,0,0,0,53,20,8,8,89,0,0,0,89
12/09/2007,COS,CO,ANM,WE,Combined TRACON& Tower with Radar,65,31,10,10,116,0,1,14,7,22,65,32,24,17,138,84,0,84,222
12/10/2007,COS,CO,ANM,WE,Combined TRACON& Tower with Radar,69,43,27,25,164,0,4,24,20,48,69,47,51,45,212,32,24,56,268
12/11/2007,COS,CO,ANM,WE,Combined TRACON& Tower with Radar,69,41,30,10,150,0,0,1,0,1,69,41,31,10,151,40,0,40,191
12/12/2007,COS,CO,ANM,WE,Combined TRACON& Tower with Radar,77,45,36,41,199,0,3,53,16,72,77,48,89,57,271,108,60,168,439
12/13/2007,COS,CO,ANM,WE,Combined TRACON& Tower with Radar,69,45,38,42,194,0,3,65,23,91,69,48,103,65,285,180,54,234,519
12/14/2007,COS,CO,ANM,WE,Combined TRACON& Tower with Radar,79,46,20,18,163,0,1,12,5,18,79,47,32,23,181,58,22,80,261
12/15/2007,COS,CO,ANM,WE,Combined TRACON& Tower with Radar,70,44,30,6,150,0,4,91,5,100,70,48,121,11,250,136,2,138,388
12/16/2007,COS,CO,ANM,WE,Combined TRACON& Tower with Radar,62,38,27,5,132,0,4,71,5,80,62,42,98,10,212,222,8,230,442
12/17/2007,COS,CO,ANM,WE,Combined TRACON& Tower with Radar,63,44,24,12,143,0,3,54,12,69,63,47,78,24,212,180,14,194,406
12/18/2007,COS,CO,ANM,WE,Combined TRACON& Tower with Radar,73,59,29,36,197,0,1,113,14,128,73,60,142,50,325,282,68,350,675
12/19/2007,COS,CO,ANM,WE,Combined TRACON& Tower with Radar,71,64,43,32,210,0,0,0,0,0,71,64,43,32,210,162,72,234,444
12/20/2007,COS,CO,ANM,WE,Combined TRACON& Tower with Radar,73,55,52,38,218,0,4,65,24,93,73,59,117,62,311,186,24,210,521
12/21/2007,COS,CO,ANM,WE,Combined TRACON& Tower with Radar,70,50,19,24,163,0,2,20,5,27,70,52,39,29,190,28,18,46,236
12/22/2007,COS,CO,ANM,WE,Combined TRACON& Tower with Radar,77,39,30,0,146,0,6,42,1,49,77,45,72,1,195,182,16,198,393
12/23/2007,COS,CO,ANM,WE,Combined TRACON& Tower with Radar,67,41,23,1,132,0,0,0,0,0,67,41,23,1,132,78,6,84,216
12/24/2007,COS,CO,ANM,WE,Combined TRACON& Tower with Radar,58,43,10,2,113,0,1,44,0,45,58,44,54,2,158,78,0,78,236
12/25/2007,COS,CO,ANM,WE,Combined TRACON& Tower with Radar,65,33,6,0,104,0,1,4,0,5,65,34,10,0,109,0,0,0,109
12/26/2007,COS,CO,ANM,WE,Combined TRACON& Tower with Radar,69,45,38,3,155,0,3,67,6,76,69,48,105,9,231,124,0,124,355
12/27/2007,COS,CO,ANM,WE,Combined TRACON& Tower with Radar,72,44,22,4,142,0,2,0,0,2,72,46,22,4,144,0,0,0,144
12/28/2007,COS,CO,ANM,WE,Combined TRACON& Tower with Radar,75,47,21,14,157,0,3,53,8,64,75,50,74,22,221,36,38,74,295
12/29/2007,COS,CO,ANM,WE,Combined TRACON& Tower with Radar,74,44,27,19,164,0,9,46,4,59,74,53,73,23,223,98,36,134,357
12/30/2007,COS,CO,ANM,WE,Combined TRACON& Tower with Radar,68,44,15,1,128,0,1,43,0,44,68,45,58,1,172,46,0,46,218
12/31/2007,COS,CO,ANM,WE,Combined TRACON& Tower with Radar,66,39,25,1,131,0,2,24,0,26,66,41,49,1,157,38,4,42,199
01/01/2008,COS,CO,ANM,WE,Combined TRACON& Tower with Radar,64,33,19,0,116,0,4,40,2,46,64,37,59,2,162,74,0,74,236
01/02/2008,COS,CO,ANM,WE,Combined TRACON& Tower with Radar,69,48,26,13,156,0,3,86,5,94,69,51,112,18,250,70,10,80,330
01/03/2008,COS,CO,ANM,WE,Combined TRACON& Tower with Radar,72,47,42,28,189,0,4,76,12,92,72,51,118,40,281,136,28,164,445
01/04/2008,COS,CO,ANM,WE,Combined TRACON& Tower with Radar,70,43,26,18,157,0,8,68,7,83,70,51,94,25,240,68,16,84,324
01/05/2008,COS,CO,ANM,WE,Combined TRACON& Tower with Radar,74,40,11,2,127,0,0,0,0,0,74,40,11,2,127,2,0,2,129
01/06/2008,COS,CO,ANM,WE,Combined TRACON& Tower with Radar,51,34,30,5,120,0,0,15,1,16,51,34,45,6,136,0,0,0,136
01/07/2008,COS,CO,ANM,WE,Combined TRACON& Tower with Radar,56,51,21,12,140,0,1,14,1,16,56,52,35,13,156,16,0,16,172
01/08/2008,COS,CO,ANM,WE,Combined TRACON& Tower with Radar,59,53,18,19,149,0,3,43,16,62,59,56,61,35,211,14,12,26,237
01/09/2008,COS,CO,ANM,WE,Combined TRACON& Tower with Radar,58,52,21,25,156,0,5,30,8,43,58,57,51,33,199,14,24,38,237
01/10/2008,COS,CO,ANM,WE,Combined TRACON& Tower with Radar,62,51,36,31,180,0,2,63,22,87,62,53,99,53,267,124,38,162,429
01/11/2008,COS,CO,ANM,WE,Combined TRACON& Tower with Radar,62,59,23,29,173,0,2,21,12,35,62,61,44,41,208,60,0,60,268
01/12/2008,COS,CO,ANM,WE,Combined TRACON& Tower with Radar,58,42,17,42,159,0,2,118,8,128,58,44,135,50,287,270,46,316,603
01/13/2008,COS,CO,ANM,WE,Combined TRACON& Tower with Radar,55,44,33,17,149,0,2,98,8,108,55,46,131,25,257,194,3,197,454
01/14/2008,COS,CO,ANM,WE,Combined TRACON& Tower with Radar,53,53,20,24,150,0,3,92,4,99,53,56,112,28,249,161,28,189,438
01/15/2008,COS,CO,ANM,WE,Combined TRACON& Tower with Radar,57,50,29,29,165,0,6,79,0,85,57,56,108,29,250,78,30,108,358
01/16/2008,COS,CO,ANM,WE,Combined TRACON& Tower with Radar,60,47,16,22,145,0,2,0,5,7,60,49,16,27,152,18,0,18,170
01/17/2008,COS,CO,ANM,WE,Combined TRACON& Tower with Radar,58,59,35,41,193,0,2,48,5,55,58,61,83,46,248,120,42,162,410
01/18/2008,COS,CO,ANM,WE,Combined TRACON& Tower with Radar,62,50,25,32,169,0,2,34,8,44,62,52,59,40,213,52,42,94,307
01/19/2008,COS,CO,ANM,WE,Combined TRACON& Tower with Radar,57,47,28,23,155,0,11,65,7,83,57,58,93,30,238,152,42,194,432
01/20/2008,COS,CO,ANM,WE,Combined TRACON& Tower with Radar,55,38,26,22,141,0,3,75,3,81,55,41,101,25,222,96,12,108,330
01/21/2008,COS,CO,ANM,WE,Combined TRACON& Tower with Radar,61,49,12,7,129,0,1,1,0,2,61,50,13,7,131,0,0,0,131
01/22/2008,COS,CO,ANM,WE,Combined TRACON& Tower with Radar,60,58,21,35,174,0,3,34,9,46,60,61,55,44,220,42,54,96,316
01/23/2008,COS,CO,ANM,WE,Combined TRACON& Tower with Radar,56,58,32,15,161,0,4,39,16,59,56,62,71,31,220,70,16,86,306
01/24/2008,COS,CO,ANM,WE,Combined TRACON& Tower with Radar,59,53,35,33,180,0,8,47,17,72,59,61,82,50,252,98,50,148,400
01/25/2008,COS,CO,ANM,WE,Combined TRACON& Tower with Radar,68,49,32,48,197,0,0,49,6,55,68,49,81,54,252,97,18,115,367
01/26/2008,COS,CO,ANM,WE,Combined TRACON& Tower with Radar,59,46,15,34,154,0,5,53,0,58,59,51,68,34,212,142,44,186,398
01/27/2008,COS,CO,ANM,WE,Combined TRACON& Tower with Radar,49,45,17,12,123,0,1,47,9,57,49,46,64,21,180,78,5,83,263
01/28/2008,COS,CO,ANM,WE,Combined TRACON& Tower with Radar,55,49,20,9,133,0,4,8,4,16,55,53,28,13,149,3,0,3,152
01/29/2008,COS,CO,ANM,WE,Combined TRACON& Tower with Radar,62,56,26,23,167,0,6,34,4,44,62,62,60,27,211,82,18,100,311
01/30/2008,COS,CO,ANM,WE,Combined TRACON& Tower with Radar,70,56,32,32,190,0,3,18,17,38,70,59,50,49,228,188,44,232,460
01/31/2008,COS,CO,ANM,WE,Combined TRACON& Tower with Radar,66,61,35,27,189,0,4,60,18,82,66,65,95,45,271,138,36,174,445
02/01/2008,COS,CO,ANM,WE,Combined TRACON& Tower with Radar,63,62,28,21,174,0,0,45,7,52,63,62,73,28,226,38,2,40,266
02/02/2008,COS,CO,ANM,WE,Combined TRACON& Tower with Radar,55,44,28,13,140,0,2,13,8,23,55,46,41,21,163,12,2,14,177
02/03/2008,COS,CO,ANM,WE,Combined TRACON& Tower with Radar,54,43,25,10,132,0,5,48,1,54,54,48,73,11,186,86,28,114,300
02/04/2008,COS,CO,ANM,WE,Combined TRACON& Tower with Radar,57,49,30,16,152,0,2,12,9,23,57,51,42,25,175,62,0,62,237
02/05/2008,COS,CO,ANM,WE,Combined TRACON& Tower with Radar,56,57,40,29,182,0,0,6,8,14,56,57,46,37,196,22,110,132,328
02/06/2008,COS,CO,ANM,WE,Combined TRACON& Tower with Radar,55,57,42,43,197,0,4,51,13,68,55,61,93,56,265,184,40,224,489
02/07/2008,COS,CO,ANM,WE,Combined TRACON& Tower with Radar,60,54,45,13,172,0,4,55,11,70,60,58,100,24,242,98,24,122,364
02/08/2008,COS,CO,ANM,WE,Combined TRACON& Tower with Radar,64,46,17,27,154,0,3,36,5,44,64,49,53,32,198,0,2,2,200
02/09/2008,COS,CO,ANM,WE,Combined TRACON& Tower with Radar,56,48,39,5,148,0,9,117,12,138,56,57,156,17,286,310,34,344,630
02/10/2008,COS,CO,ANM,WE,Combined TRACON& Tower with Radar,54,50,43,15,162,0,1,82,3,86,54,51,125,18,248,148,0,148,396
02/11/2008,COS,CO,ANM,WE,Combined TRACON& Tower with Radar,54,57,29,40,180,0,1,16,19,36,54,58,45,59,216,0,61,61,277
02/12/2008,COS,CO,ANM,WE,Combined TRACON& Tower with Radar,60,54,38,47,199,0,6,70,10,86,60,60,108,57,285,108,68,176,461
02/13/2008,COS,CO,ANM,WE,Combined TRACON& Tower with Radar,64,55,38,31,188,0,9,71,120,200,64,64,109,151,388,106,54,160,548
02/14/2008,COS,CO,ANM,WE,Combined TRACON& Tower with Radar,68,57,23,18,166,0,3,1,3,7,68,60,24,21,173,40,2,42,215
02/15/2008,COS,CO,ANM,WE,Combined TRACON& Tower with Radar,70,55,46,16,187,0,0,33,4,37,70,55,79,20,224,36,6,42,266
02/16/2008,COS,CO,ANM,WE,Combined TRACON& Tower with Radar,56,40,21,38,155,0,2,142,15,159,56,42,163,53,314,308,48,356,670
02/17/2008,COS,CO,ANM,WE,Combined TRACON& Tower with Radar,57,42,14,12,125,0,0,6,0,6,57,42,20,12,131,34,0,34,165
02/18/2008,COS,CO,ANM,WE,Combined TRACON& Tower with Radar,63,57,61,6,187,0,2,74,11,87,63,59,135,17,274,160,0,160,434
02/19/2008,COS,CO,ANM,WE,Combined TRACON& Tower with Radar,63,60,42,20,185,0,6,76,9,91,63,66,118,29,276,182,4,186,462
02/20/2008,COS,CO,ANM,WE,Combined TRACON& Tower with Radar,62,57,31,22,172,0,3,60,12,75,62,60,91,34,247,228,66,294,541
02/21/2008,COS,CO,ANM,WE,Combined TRACON& Tower with Radar,63,47,38,25,173,0,5,37,11,53,63,52,75,36,226,100,38,138,364
02/22/2008,COS,CO,ANM,WE,Combined TRACON& Tower with Radar,64,60,34,25,183,0,1,74,18,93,64,61,108,43,276,186,50,236,512
02/23/2008,COS,CO,ANM,WE,Combined TRACON& Tower with Radar,61,47,24,11,143,0,0,28,0,28,61,47,52,11,171,48,2,50,221
02/24/2008,COS,CO,ANM,WE,Combined TRACON& Tower with Radar,51,32,10,12,105,0,0,32,2,34,51,32,42,14,139,142,4,146,285
02/25/2008,COS,CO,ANM,WE,Combined TRACON& Tower with Radar,67,55,31,30,183,0,1,6,1,8,67,56,37,31,191,0,24,24,215
02/26/2008,COS,CO,ANM,WE,Combined TRACON& Tower with Radar,67,49,33,31,180,0,1,43,5,49,67,50,76,36,229,108,0,108,337
02/27/2008,COS,CO,ANM,WE,Combined TRACON& Tower with Radar,65,50,30,32,177,0,5,94,12,111,65,55,124,44,288,172,56,228,516
02/28/2008,COS,CO,ANM,WE,Combined TRACON& Tower with Radar,64,57,41,31,193,0,8,89,26,123,64,65,130,57,316,130,54,184,500
02/29/2008,COS,CO,ANM,WE,Combined TRACON& Tower with Radar,69,52,32,68,221,0,10,156,18,184,69,62,188,86,405,132,118,250,655
03/01/2008,COS,CO,ANM,WE,Combined TRACON& Tower with Radar,65,41,22,33,161,0,3,140,16,159,65,44,162,49,320,192,0,192,512
03/02/2008,COS,CO,ANM,WE,Combined TRACON& Tower with Radar,57,48,9,21,135,0,1,0,1,2,57,49,9,22,137,0,14,14,151
03/03/2008,COS,CO,ANM,WE,Combined TRACON& Tower with Radar,63,48,26,26,163,0,1,55,9,65,63,49,81,35,228,204,40,244,472
03/04/2008,COS,CO,ANM,WE,Combined TRACON& Tower with Radar,59,54,27,29,169,0,11,72,10,93,59,65,99,39,262,74,8,82,344
03/05/2008,COS,CO,ANM,WE,Combined TRACON& Tower with Radar,65,49,22,33,169,0,10,58,7,75,65,59,80,40,244,34,22,56,300
03/06/2008,COS,CO,ANM,WE,Combined TRACON& Tower with Radar,61,52,36,41,190,0,3,43,9,55,61,55,79,50,245,118,84,202,447
03/07/2008,COS,CO,ANM,WE,Combined TRACON& Tower with Radar,65,46,34,53,198,0,2,81,21,104,65,48,115,74,302,66,72,138,440
03/08/2008,COS,CO,ANM,WE,Combined TRACON& Tower with Radar,63,44,29,22,158,0,5,133,10,148,63,49,162,32,306,218,28,246,552
03/09/2008,COS,CO,ANM,WE,Combined TRACON& Tower with Radar,54,35,21,17,127,0,1,47,0,48,54,36,68,17,175,80,24,104,279
03/10/2008,COS,CO,ANM,WE,Combined TRACON& Tower with Radar,63,46,16,25,150,0,2,87,8,97,63,48,103,33,247,140,24,164,411
03/11/2008,COS,CO,ANM,WE,Combined TRACON& Tower with Radar,62,51,45,32,190,0,3,109,15,127,62,54,154,47,317,124,44,168,485
03/12/2008,COS,CO,ANM,WE,Combined TRACON& Tower with Radar,70,46,29,9,154,0,5,61,8,74,70,51,90,17,228,92,32,124,352
03/13/2008,COS,CO,ANM,WE,Combined TRACON& Tower with Radar,66,48,48,45,207,0,6,76,19,101,66,54,124,64,308,356,88,444,752
03/14/2008,COS,CO,ANM,WE,Combined TRACON& Tower with Radar,68,51,17,36,172,0,1,10,4,15,68,52,27,40,187,12,44,56,243
03/15/2008,COS,CO,ANM,WE,Combined TRACON& Tower with Radar,67,44,35,17,163,0,4,34,4,42,67,48,69,21,205,52,0,52,257
03/16/2008,COS,CO,ANM,WE,Combined TRACON& Tower with Radar,52,34,4,8,98,0,1,0,0,1,52,35,4,8,99,0,0,0,99
03/17/2008,COS,CO,ANM,WE,Combined TRACON& Tower with Radar,68,45,15,15,143,0,0,2,1,3,68,45,17,16,146,0,10,10,156
03/18/2008,COS,CO,ANM,WE,Combined TRACON& Tower with Radar,50,59,35,44,188,0,2,92,22,116,50,61,127,66,304,144,94,238,542
03/19/2008,COS,CO,ANM,WE,Combined TRACON& Tower with Radar,67,56,44,19,186,0,7,80,25,112,67,63,124,44,298,94,90,184,482
03/20/2008,COS,CO,ANM,WE,Combined TRACON& Tower with Radar,66,53,32,17,168,0,4,78,21,103,66,57,110,38,271,100,2,102,373
03/21/2008,COS,CO,ANM,WE,Combined TRACON& Tower with Radar,62,68,38,20,188,0,7,92,58,157,62,75,130,78,345,80,4,84,429
03/22/2008,COS,CO,ANM,WE,Combined TRACON& Tower with Radar,61,41,25,9,136,0,1,49,7,57,61,42,74,16,193,60,10,70,263
03/23/2008,COS,CO,ANM,WE,Combined TRACON& Tower with Radar,56,46,16,11,129,0,2,18,7,27,56,48,34,18,156,56,20,76,232
03/24/2008,COS,CO,ANM,WE,Combined TRACON& Tower with Radar,67,49,23,16,155,0,3,70,5,78,67,52,93,21,233,94,4,98,331
03/25/2008,COS,CO,ANM,WE,Combined TRACON& Tower with Radar,64,54,27,18,163,0,9,69,15,93,64,63,96,33,256,166,36,202,458
03/26/2008,COS,CO,ANM,WE,Combined TRACON& Tower with Radar,72,59,21,20,172,0,6,93,11,110,72,65,114,31,282,90,2,92,374
03/27/2008,COS,CO,ANM,WE,Combined TRACON& Tower with Radar,67,56,30,14,167,0,4,23,16,43,67,60,53,30,210,72,36,108,318
03/28/2008,COS,CO,ANM,WE,Combined TRACON& Tower with Radar,71,56,25,7,159,0,0,11,5,16,71,56,36,12,175,20,32,52,227
03/29/2008,COS,CO,ANM,WE,Combined TRACON& Tower with Radar,63,48,31,47,189,0,7,90,7,104,63,55,121,54,293,172,36,208,501
03/30/2008,COS,CO,ANM,WE,Combined TRACON& Tower with Radar,56,49,25,20,150,0,0,10,0,10,56,49,35,20,160,68,12,80,240
03/31/2008,COS,CO,ANM,WE,Combined TRACON& Tower with Radar,65,45,35,15,160,0,2,53,5,60,65,47,88,20,220,52,0,52,272
04/01/2008,COS,CO,ANM,WE,Combined TRACON& Tower with Radar,74,43,18,13,148,0,0,16,7,23,74,43,34,20,171,10,18,28,199
04/02/2008,COS,CO,ANM,WE,Combined TRACON& Tower with Radar,69,48,42,25,184,0,8,124,15,147,69,56,166,40,331,208,62,270,601
04/03/2008,COS,CO,ANM,WE,Combined TRACON& Tower with Radar,68,53,34,19,174,0,0,9,8,17,68,53,43,27,191,22,34,56,247
04/04/2008,COS,CO,ANM,WE,Combined TRACON& Tower with Radar,69,48,14,62,193,0,9,128,18,155,69,57,142,80,348,158,34,192,540
04/05/2008,COS,CO,ANM,WE,Combined TRACON& Tower with Radar,92,50,15,32,189,0,2,108,15,125,92,52,123,47,314,124,38,162,476
04/06/2008,COS,CO,ANM,WE,Combined TRACON& Tower with Radar,64,34,25,13,136,1,49,166,24,240,65,83,191,37,376,152,4,156,532
04/07/2008,COS,CO,ANM,WE,Combined TRACON& Tower with Radar,69,41,30,20,160,0,1,23,4,28,69,42,53,24,188,78,2,80,268
04/08/2008,COS,CO,ANM,WE,Combined TRACON& Tower with Radar,63,49,26,46,184,0,4,75,18,97,63,53,101,64,281,0,84,84,365
04/09/2008,COS,CO,ANM,WE,Combined TRACON& Tower with Radar,47,33,19,37,136,0,0,12,4,16,47,33,31,41,152,6,32,38,190
04/10/2008,COS,CO,ANM,WE,Combined TRACON& Tower with Radar,54,45,28,12,139,0,2,0,0,2,54,47,28,12,141,0,0,0,141
04/11/2008,COS,CO,ANM,WE,Combined TRACON& Tower with Radar,70,50,20,29,169,0,1,23,16,40,70,51,43,45,209,4,16,20,229
04/12/2008,COS,CO,ANM,WE,Combined TRACON& Tower with Radar,54,39,12,37,142,0,0,88,10,98,54,39,100,47,240,144,44,188,428
04/13/2008,COS,CO,ANM,WE,Combined TRACON& Tower with Radar,72,35,41,9,157,0,0,124,8,132,72,35,165,17,289,146,22,168,457
04/14/2008,COS,CO,ANM,WE,Combined TRACON& Tower with Radar,73,49,23,23,168,0,2,118,10,130,73,51,141,33,298,94,10,104,402
04/15/2008,COS,CO,ANM,WE,Combined TRACON& Tower with Radar,92,55,28,12,187,0,2,35,6,43,92,57,63,18,230,62,0,62,292
04/16/2008,COS,CO,ANM,WE,Combined TRACON& Tower with Radar,87,52,26,18,183,0,1,33,5,39,87,53,59,23,222,72,22,94,316
04/17/2008,COS,CO,ANM,WE,Combined TRACON& Tower with Radar,86,53,50,24,213,0,6,41,3,50,86,59,91,27,263,138,46,184,447
04/18/2008,COS,CO,ANM,WE,Combined TRACON& Tower with Radar,77,46,49,33,205,0,5,133,14,152,77,51,182,47,357,408,48,456,813
04/19/2008,COS,CO,ANM,WE,Combined TRACON& Tower with Radar,68,37,29,47,181,0,5,146,20,171,68,42,175,67,352,182,82,264,616
04/20/2008,COS,CO,ANM,WE,Combined TRACON& Tower with Radar,81,40,20,17,158,0,0,0,0,0,81,40,20,17,158,112,22,134,292
04/21/2008,COS,CO,ANM,WE,Combined TRACON& Tower with Radar,79,45,25,30,179,0,5,66,12,83,79,50,91,42,262,110,16,126,388
04/22/2008,COS,CO,ANM,WE,Combined TRACON& Tower with Radar,79,46,56,47,228,0,3,80,24,107,79,49,136,71,335,154,132,286,621
04/23/2008,COS,CO,ANM,WE,Combined TRACON& Tower with Radar,80,44,28,34,186,0,1,56,20,77,80,45,84,54,263,178,72,250,513
04/24/2008,COS,CO,ANM,WE,Combined TRACON& Tower with Radar,79,48,41,36,204,0,10,47,27,84,79,58,88,63,288,70,46,116,404
04/25/2008,COS,CO,ANM,WE,Combined TRACON& Tower with Radar,78,50,33,68,229,0,5,59,26,90,78,55,92,94,319,96,79,175,494
04/26/2008,COS,CO,ANM,WE,Combined TRACON& Tower with Radar,67,46,17,47,177,0,0,24,29,53,67,46,41,76,230,36,38,74,304
04/27/2008,COS,CO,ANM,WE,Combined TRACON& Tower with Radar,76,41,52,22,191,0,4,132,20,156,76,45,184,42,347,196,44,240,587
04/28/2008,COS,CO,ANM,WE,Combined TRACON& Tower with Radar,77,44,24,9,154,0,6,123,1,130,77,50,147,10,284,164,8,172,456
04/29/2008,COS,CO,ANM,WE,Combined TRACON& Tower with Radar,74,51,43,35,203,0,3,66,12,81,74,54,109,47,284,154,50,204,488
04/30/2008,COS,CO,ANM,WE,Combined TRACON& Tower with Radar,83,41,39,47,210,0,2,74,14,90,83,43,113,61,300,146,58,204,504
05/01/2008,COS,CO,ANM,WE,Combined TRACON& Tower with Radar,82,50,24,29,185,0,1,5,5,11,82,51,29,34,196,0,4,4,200
05/02/2008,COS,CO,ANM,WE,Combined TRACON& Tower with Radar,80,44,20,15,159,0,0,23,2,25,80,44,43,17,184,60,2,62,246
05/03/2008,COS,CO,ANM,WE,Combined TRACON& Tower with Radar,65,38,26,9,138,0,6,87,26,119,65,44,113,35,257,92,26,118,375
05/04/2008,COS,CO,ANM,WE,Combined TRACON& Tower with Radar,79,34,47,35,195,0,0,0,0,0,79,34,47,35,195,86,30,116,311
05/05/2008,COS,CO,ANM,WE,Combined TRACON& Tower with Radar,77,45,32,34,188,0,0,0,0,0,77,45,32,34,188,66,22,88,276
05/06/2008,COS,CO,ANM,WE,Combined TRACON& Tower with Radar,90,60,29,26,205,0,0,69,19,88,90,60,98,45,293,80,23,103,396
05/07/2008,COS,CO,ANM,WE,Combined TRACON& Tower with Radar,88,53,36,39,216,0,0,24,12,36,88,53,60,51,252,98,52,150,402
05/08/2008,COS,CO,ANM,WE,Combined TRACON& Tower with Radar,83,50,40,55,228,0,9,54,19,82,83,59,94,74,310,92,102,194,504
05/09/2008,COS,CO,ANM,WE,Combined TRACON& Tower with Radar,86,50,39,33,208,0,6,77,14,97,86,56,116,47,305,66,44,110,415
05/10/2008,COS,CO,ANM,WE,Combined TRACON& Tower with Radar,66,45,16,10,137,0,1,32,1,34,66,46,48,11,171,76,0,76,247
05/11/2008,COS,CO,ANM,WE,Combined TRACON& Tower with Radar,20,6,6,6,38,0,0,0,0,0,20,6,6,6,38,138,34,172,210
05/12/2008,COS,CO,ANM,WE,Combined TRACON& Tower with Radar,21,17,2,19,59,0,0,0,0,0,21,17,2,19,59,36,30,66,125
05/13/2008,COS,CO,ANM,WE,Combined TRACON& Tower with Radar,66,77,31,42,216,0,0,0,0,0,66,77,31,42,216,2,12,14,230
05/14/2008,COS,CO,ANM,WE,Combined TRACON& Tower with Radar,100,50,36,46,232,0,2,85,18,105,100,52,121,64,337,120,46,166,503
05/15/2008,COS,CO,ANM,WE,Combined TRACON& Tower with Radar,88,46,33,17,184,0,4,21,9,34,88,50,54,26,218,46,10,56,274
05/16/2008,COS,CO,ANM,WE,Combined TRACON& Tower with Radar,93,49,36,31,209,0,5,96,7,108,93,54,132,38,317,98,10,108,425
05/17/2008,COS,CO,ANM,WE,Combined TRACON& Tower with Radar,67,46,30,20,163,0,1,92,19,112,67,47,122,39,275,82,16,98,373
05/18/2008,COS,CO,ANM,WE,Combined TRACON& Tower with Radar,14,9,8,2,33,0,0,0,0,0,14,9,8,2,33,112,16,128,161
05/19/2008,COS,CO,ANM,WE,Combined TRACON& Tower with Radar,75,53,32,15,175,0,8,83,6,97,75,61,115,21,272,94,16,110,382
05/20/2008,COS,CO,ANM,WE,Combined TRACON& Tower with Radar,74,54,45,111,284,0,5,91,9,105,74,59,136,120,389,108,40,148,537
05/21/2008,COS,CO,ANM,WE,Combined TRACON& Tower with Radar,77,52,46,25,200,0,4,89,20,113,77,56,135,45,313,158,76,234,547
05/22/2008,COS,CO,ANM,WE,Combined TRACON& Tower with Radar,86,50,43,52,231,0,4,28,29,61,86,54,71,81,292,38,68,106,398
05/23/2008,COS,CO,ANM,WE,Combined TRACON& Tower with Radar,81,63,32,21,197,0,3,71,7,81,81,66,103,28,278,54,10,64,342
05/24/2008,COS,CO,ANM,WE,Combined TRACON& Tower with Radar,62,42,30,5,139,0,9,89,14,112,62,51,119,19,251,52,8,60,311
05/25/2008,COS,CO,ANM,WE,Combined TRACON& Tower with Radar,69,28,22,17,136,0,0,0,0,0,69,28,22,17,136,126,20,146,282
05/26/2008,COS,CO,ANM,WE,Combined TRACON& Tower with Radar,76,42,51,10,179,0,2,42,29,73,76,44,93,39,252,36,6,42,294
05/27/2008,COS,CO,ANM,WE,Combined TRACON& Tower with Radar,72,50,29,39,190,0,0,39,55,94,72,50,68,94,284,52,8,60,344
05/28/2008,COS,CO,ANM,WE,Combined TRACON& Tower with Radar,88,49,28,45,210,0,2,12,2,16,88,51,40,47,226,4,40,44,270
05/29/2008,COS,CO,ANM,WE,Combined TRACON& Tower with Radar,81,53,36,17,187,0,3,67,9,79,81,56,103,26,266,62,20,82,348
05/30/2008,COS,CO,ANM,WE,Combined TRACON& Tower with Radar,82,48,36,59,225,0,3,90,28,121,82,51,126,87,346,120,106,226,572
05/31/2008,COS,CO,ANM,WE,Combined TRACON& Tower with Radar,65,46,31,21,163,0,3,95,14,112,65,49,126,35,275,140,30,170,445
06/01/2008,COS,CO,ANM,WE,Combined TRACON& Tower with Radar,15,10,1,5,31,0,0,0,0,0,15,10,1,5,31,140,12,152,183
06/02/2008,COS,CO,ANM,WE,Combined TRACON& Tower with Radar,75,44,39,17,175,0,5,86,13,104,75,49,125,30,279,142,6,148,427
06/03/2008,COS,CO,ANM,WE,Combined TRACON& Tower with Radar,73,47,55,19,194,0,0,0,0,0,73,47,55,19,194,154,20,174,368
06/04/2008,COS,CO,ANM,WE,Combined TRACON& Tower with Radar,79,50,73,33,235,0,6,41,12,59,79,56,114,45,294,120,34,154,448
06/05/2008,COS,CO,ANM,WE,Combined TRACON& Tower with Radar,77,48,34,14,173,0,3,5,10,18,77,51,39,24,191,38,6,44,235
06/06/2008,COS,CO,ANM,WE,Combined TRACON& Tower with Radar,89,45,46,45,225,0,7,109,12,128,89,52,155,57,353,150,42,192,545
06/07/2008,COS,CO,ANM,WE,Combined TRACON& Tower with Radar,75,48,14,15,152,0,3,78,4,85,75,51,92,19,237,96,2,98,335
06/08/2008,COS,CO,ANM,WE,Combined TRACON& Tower with Radar,77,31,22,17,147,18,41,91,31,181,95,72,113,48,328,98,2,100,428
06/09/2008,COS,CO,ANM,WE,Combined TRACON& Tower with Radar,81,41,29,18,169,0,5,77,7,89,81,46,106,25,258,100,0,100,358
06/10/2008,COS,CO,ANM,WE,Combined TRACON& Tower with Radar,77,49,38,32,196,0,3,60,40,103,77,52,98,72,299,60,70,130,429
06/11/2008,COS,CO,ANM,WE,Combined TRACON& Tower with Radar,82,51,35,33,201,0,3,41,40,84,82,54,76,73,285,42,82,124,409
06/12/2008,COS,CO,ANM,WE,Combined TRACON& Tower with Radar,82,55,54,43,234,0,2,83,37,122,82,57,137,80,356,164,10,174,530
06/13/2008,COS,CO,ANM,WE,Combined TRACON& Tower with Radar,89,44,48,31,212,0,2,79,76,157,89,46,127,107,369,128,92,220,589
06/14/2008,COS,CO,ANM,WE,Combined TRACON& Tower with Radar,77,42,38,24,181,0,4,108,10,122,77,46,146,34,303,164,22,186,489
06/15/2008,COS,CO,ANM,WE,Combined TRACON& Tower with Radar,64,35,30,13,142,0,5,105,1,111,64,40,135,14,253,135,14,149,402
06/16/2008,COS,CO,ANM,WE,Combined TRACON& Tower with Radar,83,43,57,29,212,0,4,17,7,28,83,47,74,36,240,52,4,56,296
06/17/2008,COS,CO,ANM,WE,Combined TRACON& Tower with Radar,66,61,39,53,219,0,3,48,22,73,66,64,87,75,292,128,64,192,484
06/18/2008,COS,CO,ANM,WE,Combined TRACON& Tower with Radar,82,50,34,26,192,0,6,74,31,111,82,56,108,57,303,140,88,228,531
06/19/2008,COS,CO,ANM,WE,Combined TRACON& Tower with Radar,87,59,57,17,220,0,4,87,34,125,87,63,144,51,345,188,42,230,575
06/20/2008,COS,CO,ANM,WE,Combined TRACON& Tower with Radar,90,53,41,25,209,0,5,73,18,96,90,58,114,43,305,154,16,170,475
06/21/2008,COS,CO,ANM,WE,Combined TRACON& Tower with Radar,73,51,46,12,182,0,8,107,15,130,73,59,153,27,312,206,24,230,542
06/22/2008,COS,CO,ANM,WE,Combined TRACON& Tower with Radar,73,50,34,16,173,13,19,98,25,155,86,69,132,41,328,120,6,126,454
06/23/2008,COS,CO,ANM,WE,Combined TRACON& Tower with Radar,82,51,44,20,197,0,3,65,11,79,82,54,109,31,276,150,6,156,432
06/24/2008,COS,CO,ANM,WE,Combined TRACON& Tower with Radar,74,62,47,13,196,0,3,74,16,93,74,65,121,29,289,144,32,176,465
06/25/2008,COS,CO,ANM,WE,Combined TRACON& Tower with Radar,98,61,29,18,206,0,6,146,29,181,98,67,175,47,387,230,50,280,667
06/26/2008,COS,CO,ANM,WE,Combined TRACON& Tower with Radar,79,56,40,19,194,0,6,103,27,136,79,62,143,46,330,214,58,272,602
06/27/2008,COS,CO,ANM,WE,Combined TRACON& Tower with Radar,89,53,37,63,242,0,1,104,22,127,89,54,141,85,369,126,46,172,541
06/28/2008,COS,CO,ANM,WE,Combined TRACON& Tower with Radar,52,75,35,49,211,0,3,71,47,121,52,78,106,96,332,110,44,154,486
06/29/2008,COS,CO,ANM,WE,Combined TRACON& Tower with Radar,0,0,3,1,4,0,0,0,0,0,0,0,3,1,4,104,2,106,110
06/30/2008,COS,CO,ANM,WE,Combined TRACON& Tower with Radar,57,76,24,22,179,0,6,57,17,80,57,82,81,39,259,112,14,126,385
07/01/2008,COS,CO,ANM,WE,Combined TRACON& Tower with Radar,54,71,32,28,185,0,12,71,61,144,54,83,103,89,329,66,40,106,435
07/02/2008,COS,CO,ANM,WE,Combined TRACON& Tower with Radar,68,67,35,21,191,0,1,56,19,76,68,68,91,40,267,102,32,134,401
07/03/2008,COS,CO,ANM,WE,Combined TRACON& Tower with Radar,68,67,35,21,191,0,1,56,19,76,68,68,91,40,267,150,0,150,417
07/04/2008,COS,CO,ANM,WE,Combined TRACON& Tower with Radar,46,53,20,0,119,0,6,100,7,113,46,59,120,7,232,148,0,148,380
07/05/2008,COS,CO,ANM,WE,Combined TRACON& Tower with Radar,45,74,92,11,222,0,0,0,0,0,45,74,92,11,222,118,0,118,340
07/06/2008,COS,CO,ANM,WE,Combined TRACON& Tower with Radar,74,77,36,5,192,0,4,51,3,58,74,81,87,8,250,38,0,38,288
07/07/2008,COS,CO,ANM,WE,Combined TRACON& Tower with Radar,57,71,32,33,193,0,3,43,10,56,57,74,75,43,249,82,60,142,391
07/08/2008,COS,CO,ANM,WE,Combined TRACON& Tower with Radar,79,85,38,20,222,0,3,56,10,69,79,88,94,30,291,121,38,159,450
07/09/2008,COS,CO,ANM,WE,Combined TRACON& Tower with Radar,59,72,36,37,204,0,2,77,22,101,59,74,113,59,305,162,32,194,499
07/10/2008,COS,CO,ANM,WE,Combined TRACON& Tower with Radar,58,86,111,83,338,58,87,115,84,344,116,173,226,167,682,168,40,208,890
07/11/2008,COS,CO,ANM,WE,Combined TRACON& Tower with Radar,68,92,149,75,384,70,92,161,75,398,138,184,310,150,782,156,60,216,998
07/12/2008,COS,CO,ANM,WE,Combined TRACON& Tower with Radar,55,80,47,34,216,0,23,142,89,254,55,103,189,123,470,190,36,226,696
07/13/2008,COS,CO,ANM,WE,Combined TRACON& Tower with Radar,52,77,127,23,279,0,4,13,2,19,52,81,140,25,298,64,0,64,362
07/14/2008,COS,CO,ANM,WE,Combined TRACON& Tower with Radar,60,85,118,32,295,60,88,123,32,303,120,173,241,64,598,114,0,114,712
07/15/2008,COS,CO,ANM,WE,Combined TRACON& Tower with Radar,56,81,106,40,283,56,81,109,42,288,112,162,215,82,571,156,18,174,745
07/16/2008,COS,CO,ANM,WE,Combined TRACON& Tower with Radar,61,76,41,41,219,0,0,62,14,76,61,76,103,55,295,124,72,196,491
07/17/2008,COS,CO,ANM,WE,Combined TRACON& Tower with Radar,62,72,31,14,179,0,2,85,21,108,62,74,116,35,287,80,0,80,367
07/18/2008,COS,CO,ANM,WE,Combined TRACON& Tower with Radar,59,74,30,49,212,0,7,56,39,102,59,81,86,88,314,38,132,170,484
07/19/2008,COS,CO,ANM,WE,Combined TRACON& Tower with Radar,52,66,142,78,338,52,66,143,89,350,104,132,285,167,688,110,32,142,830
07/20/2008,COS,CO,ANM,WE,Combined TRACON& Tower with Radar,54,73,33,34,194,0,11,70,14,95,54,84,103,48,289,132,8,140,429
07/21/2008,COS,CO,ANM,WE,Combined TRACON& Tower with Radar,57,78,141,80,356,58,78,149,80,365,115,156,290,160,721,132,8,140,861
07/22/2008,COS,CO,ANM,WE,Combined TRACON& Tower with Radar,56,72,36,19,183,0,18,110,151,279,56,90,146,170,462,90,60,150,612
07/23/2008,COS,CO,ANM,WE,Combined TRACON& Tower with Radar,75,77,20,56,228,0,1,83,23,107,75,78,103,79,335,88,14,102,437
07/24/2008,COS,CO,ANM,WE,Combined TRACON& Tower with Radar,0,0,0,0,0,0,0,0,0,0,0,0,0,0,0,98,8,106,106
07/25/2008,COS,CO,ANM,WE,Combined TRACON& Tower with Radar,64,79,123,62,328,0,0,0,0,0,64,79,123,62,328,162,62,224,552
07/26/2008,COS,CO,ANM,WE,Combined TRACON& Tower with Radar,54,75,136,18,283,0,0,0,0,0,54,75,136,18,283,244,0,244,527
07/27/2008,COS,CO,ANM,WE,Combined TRACON& Tower with Radar,55,79,126,16,276,0,4,85,3,92,55,83,211,19,368,146,8,154,522
07/28/2008,COS,CO,ANM,WE,Combined TRACON& Tower with Radar,55,95,111,63,324,55,106,116,63,340,110,201,227,126,664,124,22,146,810
07/29/2008,COS,CO,ANM,WE,Combined TRACON& Tower with Radar,55,78,43,40,216,0,1,60,20,81,55,79,103,60,297,78,96,174,471
07/30/2008,COS,CO,ANM,WE,Combined TRACON& Tower with Radar,58,74,48,37,217,0,3,83,12,98,58,77,131,49,315,294,86,380,695
07/31/2008,COS,CO,ANM,WE,Combined TRACON& Tower with Radar,60,73,48,24,205,0,10,81,16,107,60,83,129,40,312,140,28,168,480
08/01/2008,COS,CO,ANM,WE,Combined TRACON& Tower with Radar,47,55,53,21,176,0,3,65,68,136,47,58,118,89,312,76,10,86,398
08/02/2008,COS,CO,ANM,WE,Combined TRACON& Tower with Radar,49,70,43,45,207,49,76,160,56,341,98,146,203,101,548,146,26,172,720
08/03/2008,COS,CO,ANM,WE,Combined TRACON& Tower with Radar,13,15,10,0,38,0,1,9,0,10,13,16,19,0,48,66,8,74,122
08/04/2008,COS,CO,ANM,WE,Combined TRACON& Tower with Radar,56,86,37,23,202,0,7,51,14,72,56,93,88,37,274,86,14,100,374
08/05/2008,COS,CO,ANM,WE,Combined TRACON& Tower with Radar,70,72,30,36,208,0,6,34,57,97,70,78,64,93,305,100,54,154,459
08/06/2008,COS,CO,ANM,WE,Combined TRACON& Tower with Radar,79,78,40,36,233,0,0,56,19,75,79,78,96,55,308,84,58,142,450
08/07/2008,COS,CO,ANM,WE,Combined TRACON& Tower with Radar,11,17,10,0,38,0,0,0,0,0,11,17,10,0,38,72,18,90,128
08/08/2008,COS,CO,ANM,WE,Combined TRACON& Tower with Radar,25,28,10,8,71,0,0,0,2,2,25,28,10,10,73,12,10,22,95
08/09/2008,COS,CO,ANM,WE,Combined TRACON& Tower with Radar,55,70,43,13,181,0,1,81,19,101,55,71,124,32,282,216,70,286,568
08/10/2008,COS,CO,ANM,WE,Combined TRACON& Tower with Radar,58,71,49,12,190,0,4,45,3,52,58,75,94,15,242,20,0,20,262
08/11/2008,COS,CO,ANM,WE,Combined TRACON& Tower with Radar,73,83,45,21,222,0,1,64,11,76,73,84,109,32,298,82,8,90,388
08/12/2008,COS,CO,ANM,WE,Combined TRACON& Tower with Radar,53,81,33,29,196,0,3,86,41,130,53,84,119,70,326,81,24,105,431
08/13/2008,COS,CO,ANM,WE,Combined TRACON& Tower with Radar,61,79,56,49,245,0,2,54,22,78,61,81,110,71,323,64,80,144,467
08/14/2008,COS,CO,ANM,WE,Combined TRACON& Tower with Radar,62,80,33,28,203,0,8,44,19,71,62,88,77,47,274,98,18,116,390
08/15/2008,COS,CO,ANM,WE,Combined TRACON& Tower with Radar,62,70,68,28,228,0,0,0,0,0,62,70,68,28,228,10,0,10,238
08/16/2008,COS,CO,ANM,WE,Combined TRACON& Tower with Radar,49,79,21,6,155,0,0,3,0,3,49,79,24,6,158,10,2,12,170
08/17/2008,COS,CO,ANM,WE,Combined TRACON& Tower with Radar,49,76,40,24,189,0,3,19,4,26,49,79,59,28,215,116,14,130,345
08/18/2008,COS,CO,ANM,WE,Combined TRACON& Tower with Radar,54,91,46,24,215,0,5,50,5,60,54,96,96,29,275,108,46,154,429
08/19/2008,COS,CO,ANM,WE,Combined TRACON& Tower with Radar,60,65,29,32,186,0,2,47,9,58,60,67,76,41,244,97,46,143,387
08/20/2008,COS,CO,ANM,WE,Combined TRACON& Tower with Radar,59,65,72,43,239,0,2,48,16,66,59,67,120,59,305,64,40,104,409
08/21/2008,COS,CO,ANM,WE,Combined TRACON& Tower with Radar,57,73,57,28,215,0,2,96,17,115,57,75,153,45,330,56,16,72,402
08/22/2008,COS,CO,ANM,WE,Combined TRACON& Tower with Radar,57,74,138,102,371,0,0,0,0,0,57,74,138,102,371,168,144,312,683
08/23/2008,COS,CO,ANM,WE,Combined TRACON& Tower with Radar,57,49,32,25,163,0,9,112,28,149,57,58,144,53,312,120,8,128,440
08/24/2008,COS,CO,ANM,WE,Combined TRACON& Tower with Radar,54,64,39,15,172,0,13,33,5,51,54,77,72,20,223,104,14,118,341
08/25/2008,COS,CO,ANM,WE,Combined TRACON& Tower with Radar,60,74,100,21,255,0,0,0,0,0,60,74,100,21,255,94,0,94,349
08/26/2008,COS,CO,ANM,WE,Combined TRACON& Tower with Radar,48,46,53,17,164,0,4,66,9,79,48,50,119,26,243,116,34,150,393
08/27/2008,COS,CO,ANM,WE,Combined TRACON& Tower with Radar,55,61,45,37,198,0,1,56,30,87,55,62,101,67,285,118,64,182,467
08/28/2008,COS,CO,ANM,WE,Combined TRACON& Tower with Radar,61,69,38,48,216,0,8,50,19,77,61,77,88,67,293,152,118,270,563
08/29/2008,COS,CO,ANM,WE,Combined TRACON& Tower with Radar,58,72,38,41,209,0,8,58,31,97,58,80,96,72,306,176,100,276,582
08/30/2008,COS,CO,ANM,WE,Combined TRACON& Tower with Radar,54,42,23,12,131,0,13,93,10,116,54,55,116,22,247,110,0,110,357
08/31/2008,COS,CO,ANM,WE,Combined TRACON& Tower with Radar,50,40,20,5,115,0,3,69,9,81,50,43,89,14,196,82,0,82,278
09/01/2008,COS,CO,ANM,WE,Combined TRACON& Tower with Radar,56,54,29,39,178,0,9,75,4,88,56,63,104,43,266,54,8,62,328
09/02/2008,COS,CO,ANM,WE,Combined TRACON& Tower with Radar,52,57,78,43,230,0,7,46,14,67,52,64,124,57,297,70,82,152,449
09/03/2008,COS,CO,ANM,WE,Combined TRACON& Tower with Radar,62,54,61,61,238,0,5,56,26,87,62,59,117,87,325,92,74,166,491
09/04/2008,COS,CO,ANM,WE,Combined TRACON& Tower with Radar,53,61,41,33,188,0,1,73,28,102,53,62,114,61,290,138,54,192,482
09/05/2008,COS,CO,ANM,WE,Combined TRACON& Tower with Radar,60,55,54,62,231,0,1,25,25,51,60,56,79,87,282,118,28,146,428
09/06/2008,COS,CO,ANM,WE,Combined TRACON& Tower with Radar,63,40,37,30,170,0,3,101,42,146,63,43,138,72,316,143,16,159,475
09/07/2008,COS,CO,ANM,WE,Combined TRACON& Tower with Radar,57,50,58,36,201,0,5,94,8,107,57,55,152,44,308,124,24,148,456
09/08/2008,COS,CO,ANM,WE,Combined TRACON& Tower with Radar,64,43,58,50,215,0,1,27,6,34,64,44,85,56,249,16,86,102,351
09/09/2008,COS,CO,ANM,WE,Combined TRACON& Tower with Radar,74,42,71,49,236,1,2,80,37,120,75,44,151,86,356,112,58,170,526
09/10/2008,COS,CO,ANM,WE,Combined TRACON& Tower with Radar,52,57,57,27,193,0,6,133,38,177,52,63,190,65,370,130,50,180,550
09/11/2008,COS,CO,ANM,WE,Combined TRACON& Tower with Radar,58,71,76,102,307,0,3,39,50,92,58,74,115,152,399,74,44,118,517
09/12/2008,COS,CO,ANM,WE,Combined TRACON& Tower with Radar,65,39,50,91,245,0,0,4,10,14,65,39,54,101,259,28,130,158,417
09/13/2008,COS,CO,ANM,WE,Combined TRACON& Tower with Radar,52,25,27,106,210,0,9,88,29,126,52,34,115,135,336,246,93,339,675
09/14/2008,COS,CO,ANM,WE,Combined TRACON& Tower with Radar,62,23,57,60,202,0,4,43,12,59,62,27,100,72,261,140,0,140,401
09/15/2008,COS,CO,ANM,WE,Combined TRACON& Tower with Radar,54,42,37,19,152,0,5,91,8,104,54,47,128,27,256,132,118,250,506
09/16/2008,COS,CO,ANM,WE,Combined TRACON& Tower with Radar,53,51,41,49,194,0,3,80,247,330,53,54,121,296,524,136,64,200,724
09/17/2008,COS,CO,ANM,WE,Combined TRACON& Tower with Radar,54,42,58,65,219,2,3,70,14,89,56,45,128,79,308,124,50,174,482
09/18/2008,COS,CO,ANM,WE,Combined TRACON& Tower with Radar,56,51,55,24,186,0,3,87,25,115,56,54,142,49,301,138,12,150,451
09/19/2008,COS,CO,ANM,WE,Combined TRACON& Tower with Radar,58,66,111,60,295,0,0,0,0,0,58,66,111,60,295,88,26,114,409
09/20/2008,COS,CO,ANM,WE,Combined TRACON& Tower with Radar,50,37,32,19,138,0,4,95,23,122,50,41,127,42,260,64,66,130,390
09/21/2008,COS,CO,ANM,WE,Combined TRACON& Tower with Radar,53,36,35,23,147,0,0,103,8,111,53,36,138,31,258,86,34,120,378
09/22/2008,COS,CO,ANM,WE,Combined TRACON& Tower with Radar,54,48,35,22,159,0,2,50,9,61,54,50,85,31,220,116,10,126,346
09/23/2008,COS,CO,ANM,WE,Combined TRACON& Tower with Radar,53,40,43,36,172,0,6,74,10,90,53,46,117,46,262,62,32,94,356
09/24/2008,COS,CO,ANM,WE,Combined TRACON& Tower with Radar,55,52,39,49,195,0,2,95,22,119,55,54,134,71,314,100,32,132,446
09/25/2008,COS,CO,ANM,WE,Combined TRACON& Tower with Radar,63,60,48,46,217,0,5,76,17,98,63,65,124,63,315,103,64,167,482
09/26/2008,COS,CO,ANM,WE,Combined TRACON& Tower with Radar,69,66,138,63,336,0,0,0,0,0,69,66,138,63,336,60,64,124,460
09/27/2008,COS,CO,ANM,WE,Combined TRACON& Tower with Radar,48,32,41,13,134,0,3,84,19,106,48,35,125,32,240,94,2,96,336
09/28/2008,COS,CO,ANM,WE,Combined TRACON& Tower with Radar,55,40,46,15,156,0,1,71,12,84,55,41,117,27,240,150,4,154,394
09/29/2008,COS,CO,ANM,WE,Combined TRACON& Tower with Radar,55,52,66,20,193,0,1,82,6,89,55,53,148,26,282,98,18,116,398
09/30/2008,COS,CO,ANM,WE,Combined TRACON& Tower with Radar,56,48,46,24,174,0,4,68,18,90,56,52,114,42,264,52,12,64,328
10/01/2008,COS,CO,ANM,WE,Combined TRACON& Tower with Radar,53,50,49,55,207,0,4,98,28,130,53,54,147,83,337,148,82,230,567
10/02/2008,COS,CO,ANM,WE,Combined TRACON& Tower with Radar,59,48,46,36,189,0,9,64,36,109,59,57,110,72,298,116,66,182,480
10/03/2008,COS,CO,ANM,WE,Combined TRACON& Tower with Radar,71,50,156,57,334,0,0,0,0,0,71,50,156,57,334,96,50,146,480
10/04/2008,COS,CO,ANM,WE,Combined TRACON& Tower with Radar,49,32,34,26,141,0,2,89,11,102,49,34,123,37,243,108,44,152,395
10/05/2008,COS,CO,ANM,WE,Combined TRACON& Tower with Radar,75,47,77,26,225,0,2,63,7,72,75,49,140,33,297,160,10,170,467
10/06/2008,COS,CO,ANM,WE,Combined TRACON& Tower with Radar,56,44,29,29,158,0,3,62,20,85,56,47,91,49,243,98,56,154,397
10/07/2008,COS,CO,ANM,WE,Combined TRACON& Tower with Radar,53,41,59,35,188,0,0,86,16,102,53,41,145,51,290,162,58,220,510
10/08/2008,COS,CO,ANM,WE,Combined TRACON& Tower with Radar,61,45,72,46,224,4,2,87,9,102,65,47,159,55,326,126,42,168,494
10/09/2008,COS,CO,ANM,WE,Combined TRACON& Tower with Radar,55,50,42,77,224,0,6,87,52,145,55,56,129,129,369,80,14,94,463
10/10/2008,COS,CO,ANM,WE,Combined TRACON& Tower with Radar,56,54,43,42,195,0,5,61,17,83,56,59,104,59,278,62,70,132,410
10/11/2008,COS,CO,ANM,WE,Combined TRACON& Tower with Radar,46,40,23,15,124,0,1,4,2,7,46,41,27,17,131,26,10,36,167
10/12/2008,COS,CO,ANM,WE,Combined TRACON& Tower with Radar,62,30,47,21,160,0,1,21,1,23,62,31,68,22,183,34,0,34,217
10/13/2008,COS,CO,ANM,WE,Combined TRACON& Tower with Radar,56,50,35,18,159,0,0,56,10,66,56,50,91,28,225,150,25,175,400
10/14/2008,COS,CO,ANM,WE,Combined TRACON& Tower with Radar,56,44,45,24,169,0,0,9,11,20,56,44,54,35,189,140,16,156,345
10/15/2008,COS,CO,ANM,WE,Combined TRACON& Tower with Radar,52,50,20,35,157,0,4,80,33,117,52,54,100,68,274,118,110,228,502
10/16/2008,COS,CO,ANM,WE,Combined TRACON& Tower with Radar,57,57,48,39,201,0,0,62,33,95,57,57,110,72,296,206,56,262,558
10/17/2008,COS,CO,ANM,WE,Combined TRACON& Tower with Radar,72,35,36,32,175,0,3,114,14,131,72,38,150,46,306,286,30,316,622
10/18/2008,COS,CO,ANM,WE,Combined TRACON& Tower with Radar,48,41,26,38,153,0,1,122,11,134,48,42,148,49,287,116,46,162,449
10/19/2008,COS,CO,ANM,WE,Combined TRACON& Tower with Radar,57,40,38,19,154,0,1,110,12,123,57,41,148,31,277,106,60,166,443
10/20/2008,COS,CO,ANM,WE,Combined TRACON& Tower with Radar,62,35,62,62,221,0,3,9,9,21,62,38,71,71,242,4,4,8,250
10/21/2008,COS,CO,ANM,WE,Combined TRACON& Tower with Radar,52,51,31,19,153,0,1,46,15,62,52,52,77,34,215,60,34,94,309
10/22/2008,COS,CO,ANM,WE,Combined TRACON& Tower with Radar,54,45,28,14,141,0,3,16,37,56,54,48,44,51,197,16,46,62,259
10/23/2008,COS,CO,ANM,WE,Combined TRACON& Tower with Radar,56,50,59,56,221,1,3,61,31,96,57,53,120,87,317,162,160,322,639
10/24/2008,COS,CO,ANM,WE,Combined TRACON& Tower with Radar,59,47,15,56,177,0,10,83,20,113,59,57,98,76,290,124,34,158,448
10/25/2008,COS,CO,ANM,WE,Combined TRACON& Tower with Radar,48,38,41,41,168,0,2,91,14,107,48,40,132,55,275,180,40,220,495
10/26/2008,COS,CO,ANM,WE,Combined TRACON& Tower with Radar,57,43,30,7,137,0,3,81,8,92,57,46,111,15,229,110,20,130,359
10/27/2008,COS,CO,ANM,WE,Combined TRACON& Tower with Radar,60,44,14,19,137,0,5,68,25,98,60,49,82,44,235,188,18,206,441
10/28/2008,COS,CO,ANM,WE,Combined TRACON& Tower with Radar,60,42,54,36,192,0,2,80,37,119,60,44,134,73,311,214,26,240,551
10/29/2008,COS,CO,ANM,WE,Combined TRACON& Tower with Radar,59,44,32,44,179,0,5,86,25,116,59,49,118,69,295,170,122,292,587
10/30/2008,COS,CO,ANM,WE,Combined TRACON& Tower with Radar,57,45,45,40,187,0,4,113,52,169,57,49,158,92,356,134,80,214,570
10/31/2008,COS,CO,ANM,WE,Combined TRACON& Tower with Radar,59,46,49,32,186,0,5,120,9,134,59,51,169,41,320,156,40,196,516
11/01/2008,COS,CO,ANM,WE,Combined TRACON& Tower with Radar,56,31,41,12,140,0,4,123,20,147,56,35,164,32,287,184,16,200,487
11/02/2008,COS,CO,ANM,WE,Combined TRACON& Tower with Radar,51,35,24,28,138,0,0,94,9,103,51,35,118,37,241,116,24,140,381
11/03/2008,COS,CO,ANM,WE,Combined TRACON& Tower with Radar,52,43,18,20,133,0,2,51,19,72,52,45,69,39,205,194,58,252,457
11/04/2008,COS,CO,ANM,WE,Combined TRACON& Tower with Radar,56,42,24,29,151,0,1,37,5,43,56,43,61,34,194,78,36,114,308
11/05/2008,COS,CO,ANM,WE,Combined TRACON& Tower with Radar,49,42,32,38,161,0,2,20,16,38,49,44,52,54,199,52,56,108,307
11/06/2008,COS,CO,ANM,WE,Combined TRACON& Tower with Radar,56,45,41,35,177,0,4,55,35,94,56,49,96,70,271,138,88,226,497
11/07/2008,COS,CO,ANM,WE,Combined TRACON& Tower with Radar,58,46,109,100,313,0,0,0,0,0,58,46,109,100,313,220,102,322,635
11/08/2008,COS,CO,ANM,WE,Combined TRACON& Tower with Radar,55,38,41,14,148,0,3,114,20,137,55,41,155,34,285,168,36,204,489
11/09/2008,COS,CO,ANM,WE,Combined TRACON& Tower with Radar,45,48,23,23,139,0,2,54,6,62,45,50,77,29,201,120,80,200,401
11/10/2008,COS,CO,ANM,WE,Combined TRACON& Tower with Radar,53,52,14,65,184,0,1,6,2,9,53,53,20,67,193,28,52,80,273
11/11/2008,COS,CO,ANM,WE,Combined TRACON& Tower with Radar,55,39,22,31,147,0,4,51,5,60,55,43,73,36,207,264,34,298,505
11/12/2008,COS,CO,ANM,WE,Combined TRACON& Tower with Radar,54,43,17,47,161,0,0,54,28,82,54,43,71,75,243,66,110,176,419
11/13/2008,COS,CO,ANM,WE,Combined TRACON& Tower with Radar,58,47,32,32,169,0,4,38,19,61,58,51,70,51,230,40,56,96,326
11/14/2008,COS,CO,ANM,WE,Combined TRACON& Tower with Radar,58,60,50,51,219,0,0,0,0,0,58,60,50,51,219,16,54,70,289
11/15/2008,COS,CO,ANM,WE,Combined TRACON& Tower with Radar,54,35,17,13,119,0,5,135,17,157,54,40,152,30,276,200,48,248,524
11/16/2008,COS,CO,ANM,WE,Combined TRACON& Tower with Radar,47,44,27,24,142,0,1,102,7,110,47,45,129,31,252,104,0,104,356
11/17/2008,COS,CO,ANM,WE,Combined TRACON& Tower with Radar,50,43,20,25,138,0,3,66,15,84,50,46,86,40,222,62,90,152,374
11/18/2008,COS,CO,ANM,WE,Combined TRACON& Tower with Radar,56,42,26,50,174,0,2,69,15,86,56,44,95,65,260,86,116,202,462
11/19/2008,COS,CO,ANM,WE,Combined TRACON& Tower with Radar,53,42,55,31,181,0,5,87,26,118,53,47,142,57,299,220,94,314,613
11/20/2008,COS,CO,ANM,WE,Combined TRACON& Tower with Radar,56,50,25,15,146,0,1,1,6,8,56,51,26,21,154,0,0,0,154
11/21/2008,COS,CO,ANM,WE,Combined TRACON& Tower with Radar,56,46,63,61,226,0,2,57,9,68,56,48,120,70,294,50,8,58,352
11/22/2008,COS,CO,ANM,WE,Combined TRACON& Tower with Radar,50,37,39,9,135,0,2,99,10,111,50,39,138,19,246,206,26,232,478
11/23/2008,COS,CO,ANM,WE,Combined TRACON& Tower with Radar,48,41,19,26,134,0,2,60,22,84,48,43,79,48,218,80,30,110,328
11/24/2008,COS,CO,ANM,WE,Combined TRACON& Tower with Radar,53,44,112,64,273,0,0,0,0,0,53,44,112,64,273,182,56,238,511
11/25/2008,COS,CO,ANM,WE,Combined TRACON& Tower with Radar,53,44,28,14,139,0,4,86,22,112,53,48,114,36,251,76,44,120,371
11/26/2008,COS,CO,ANM,WE,Combined TRACON& Tower with Radar,61,50,62,28,201,0,6,81,13,100,61,56,143,41,301,256,16,272,573
11/27/2008,COS,CO,ANM,WE,Combined TRACON& Tower with Radar,45,26,6,0,77,0,4,8,3,15,45,30,14,3,92,4,0,4,96
11/28/2008,COS,CO,ANM,WE,Combined TRACON& Tower with Radar,45,31,22,0,98,0,0,0,0,0,45,31,22,0,98,0,0,0,98
11/29/2008,COS,CO,ANM,WE,Combined TRACON& Tower with Radar,45,39,30,1,115,0,1,13,1,15,45,40,43,2,130,40,0,40,170
11/30/2008,COS,CO,ANM,WE,Combined TRACON& Tower with Radar,51,50,21,3,125,0,0,1,3,4,51,50,22,6,129,0,0,0,129
12/01/2008,COS,CO,ANM,WE,Combined TRACON& Tower with Radar,59,42,33,13,147,0,3,59,5,67,59,45,92,18,214,94,0,94,308
12/02/2008,COS,CO,ANM,WE,Combined TRACON& Tower with Radar,58,29,18,14,119,0,3,36,14,53,58,32,54,28,172,56,48,104,276
12/03/2008,COS,CO,ANM,WE,Combined TRACON& Tower with Radar,53,39,30,20,142,0,3,11,4,18,53,42,41,24,160,14,44,58,218
12/04/2008,COS,CO,ANM,WE,Combined TRACON& Tower with Radar,55,53,23,14,145,0,0,0,0,0,55,53,23,14,145,0,6,6,151
12/05/2008,COS,CO,ANM,WE,Combined TRACON& Tower with Radar,58,52,80,42,232,0,0,0,0,0,58,52,80,42,232,112,18,130,362
12/06/2008,COS,CO,ANM,WE,Combined TRACON& Tower with Radar,51,41,20,13,125,0,7,120,20,147,51,48,140,33,272,172,36,208,480
12/07/2008,COS,CO,ANM,WE,Combined TRACON& Tower with Radar,47,39,46,26,158,0,3,66,8,77,47,42,112,34,235,122,38,160,395
12/08/2008,COS,CO,ANM,WE,Combined TRACON& Tower with Radar,53,43,11,16,123,0,1,15,1,17,53,44,26,17,140,14,0,14,154
12/09/2008,COS,CO,ANM,WE,Combined TRACON& Tower with Radar,57,40,25,18,140,0,0,14,4,18,57,40,39,22,158,16,10,26,184
12/10/2008,COS,CO,ANM,WE,Combined TRACON& Tower with Radar,52,46,34,57,189,0,5,59,20,84,52,51,93,77,273,166,54,220,493
12/11/2008,COS,CO,ANM,WE,Combined TRACON& Tower with Radar,54,43,37,27,161,0,8,51,25,84,54,51,88,52,245,162,84,246,491
12/12/2008,COS,CO,ANM,WE,Combined TRACON& Tower with Radar,52,43,18,30,143,0,2,56,21,79,52,45,74,51,222,96,28,124,346
12/13/2008,COS,CO,ANM,WE,Combined TRACON& Tower with Radar,57,41,16,19,133,0,0,24,12,36,57,41,40,31,169,28,16,44,213
12/14/2008,COS,CO,ANM,WE,Combined TRACON& Tower with Radar,45,37,5,7,94,0,1,1,2,4,45,38,6,9,98,0,0,0,98
12/15/2008,COS,CO,ANM,WE,Combined TRACON& Tower with Radar,49,38,13,10,110,0,1,17,109,127,49,39,30,119,237,8,0,8,245
12/16/2008,COS,CO,ANM,WE,Combined TRACON& Tower with Radar,56,43,16,21,136,0,0,28,10,38,56,43,44,31,174,58,8,66,240
12/17/2008,COS,CO,ANM,WE,Combined TRACON& Tower with Radar,54,52,51,45,202,0,2,70,25,97,54,54,121,70,299,102,68,170,469
12/18/2008,COS,CO,ANM,WE,Combined TRACON& Tower with Radar,41,34,31,118,224,0,2,36,14,52,41,36,67,132,276,64,70,134,410
12/19/2008,COS,CO,ANM,WE,Combined TRACON& Tower with Radar,60,61,31,29,181,0,5,59,18,82,60,66,90,47,263,112,52,164,427
12/20/2008,COS,CO,ANM,WE,Combined TRACON& Tower with Radar,49,42,24,7,122,0,3,35,11,49,49,45,59,18,171,74,0,74,245
12/21/2008,COS,CO,ANM,WE,Combined TRACON& Tower with Radar,54,40,21,3,118,0,2,52,5,59,54,42,73,8,177,226,4,230,407
12/22/2008,COS,CO,ANM,WE,Combined TRACON& Tower with Radar,50,67,47,45,209,0,5,41,12,58,50,72,88,57,267,106,88,194,461
12/23/2008,COS,CO,ANM,WE,Combined TRACON& Tower with Radar,52,51,22,23,148,0,6,11,6,23,52,57,33,29,171,32,42,74,245
12/24/2008,COS,CO,ANM,WE,Combined TRACON& Tower with Radar,58,36,29,27,150,0,3,30,2,35,58,39,59,29,185,124,14,138,323
12/25/2008,COS,CO,ANM,WE,Combined TRACON& Tower with Radar,48,35,2,1,86,0,1,10,0,11,48,36,12,1,97,20,0,20,117
12/26/2008,COS,CO,ANM,WE,Combined TRACON& Tower with Radar,49,51,46,1,147,0,0,0,0,0,49,51,46,1,147,10,0,10,157
12/27/2008,COS,CO,ANM,WE,Combined TRACON& Tower with Radar,54,47,29,2,132,0,3,61,5,69,54,50,90,7,201,120,0,120,321
12/28/2008,COS,CO,ANM,WE,Combined TRACON& Tower with Radar,51,48,32,3,134,0,4,69,2,75,51,52,101,5,209,122,0,122,331
12/29/2008,COS,CO,ANM,WE,Combined TRACON& Tower with Radar,51,47,41,16,155,0,8,77,9,94,51,55,118,25,249,90,76,166,415
12/30/2008,COS,CO,ANM,WE,Combined TRACON& Tower with Radar,54,55,22,5,136,0,2,43,2,47,54,57,65,7,183,72,12,84,267
12/31/2008,COS,CO,ANM,WE,Combined TRACON& Tower with Radar,54,38,44,3,139,0,6,75,16,97,54,44,119,19,236,94,32,126,362
01/01/2009,COS,CO,ANM,WE,Combined TRACON& Tower with Radar,49,41,15,1,106,0,2,13,6,21,49,43,28,7,127,36,4,40,167
01/02/2009,COS,CO,ANM,WE,Combined TRACON& Tower with Radar,50,55,35,4,144,0,3,79,3,85,50,58,114,7,229,155,8,163,392
01/03/2009,COS,CO,ANM,WE,Combined TRACON& Tower with Radar,52,33,28,1,114,0,0,16,4,20,52,33,44,5,134,0,0,0,134
01/04/2009,COS,CO,ANM,WE,Combined TRACON& Tower with Radar,40,41,15,12,108,0,0,3,0,3,40,41,18,12,111,0,0,0,111
01/05/2009,COS,CO,ANM,WE,Combined TRACON& Tower with Radar,54,47,10,16,127,0,5,32,0,37,54,52,42,16,164,82,0,82,246
01/06/2009,COS,CO,ANM,WE,Combined TRACON& Tower with Radar,53,42,34,63,192,0,4,48,15,67,53,46,82,78,259,44,26,70,329
01/07/2009,COS,CO,ANM,WE,Combined TRACON& Tower with Radar,58,39,25,29,151,0,4,26,8,38,58,43,51,37,189,26,36,62,251
01/08/2009,COS,CO,ANM,WE,Combined TRACON& Tower with Radar,61,46,125,118,350,0,3,80,34,117,61,49,205,152,467,224,156,380,847
01/09/2009,COS,CO,ANM,WE,Combined TRACON& Tower with Radar,55,48,14,34,151,0,1,17,3,21,55,49,31,37,172,46,14,60,232
01/10/2009,COS,CO,ANM,WE,Combined TRACON& Tower with Radar,47,34,18,17,116,0,2,94,18,114,47,36,112,35,230,216,60,276,506
01/11/2009,COS,CO,ANM,WE,Combined TRACON& Tower with Radar,42,36,33,13,124,0,4,82,6,92,42,40,115,19,216,252,10,262,478
01/12/2009,COS,CO,ANM,WE,Combined TRACON& Tower with Radar,48,44,11,15,118,0,0,6,1,7,48,44,17,16,125,2,0,2,127
01/13/2009,COS,CO,ANM,WE,Combined TRACON& Tower with Radar,45,39,21,100,205,0,9,69,17,95,45,48,90,117,300,100,102,202,502
01/14/2009,COS,CO,ANM,WE,Combined TRACON& Tower with Radar,54,30,43,69,196,0,1,40,21,62,54,31,83,90,258,162,148,310,568
01/15/2009,COS,CO,ANM,WE,Combined TRACON& Tower with Radar,60,52,12,49,173,0,7,48,28,83,60,59,60,77,256,50,106,156,412
01/16/2009,COS,CO,ANM,WE,Combined TRACON& Tower with Radar,53,48,28,39,168,0,3,92,43,138,53,51,120,82,306,146,44,190,496
01/17/2009,COS,CO,ANM,WE,Combined TRACON& Tower with Radar,47,36,44,32,159,0,1,124,13,138,47,37,168,45,297,258,62,320,617
01/18/2009,COS,CO,ANM,WE,Combined TRACON& Tower with Radar,45,39,28,6,118,0,1,102,6,109,45,40,130,12,227,64,6,70,297
01/19/2009,COS,CO,ANM,WE,Combined TRACON& Tower with Radar,47,48,13,10,118,0,5,47,9,61,47,53,60,19,179,64,22,86,265
01/20/2009,COS,CO,ANM,WE,Combined TRACON& Tower with Radar,48,35,22,32,137,0,2,88,10,100,48,37,110,42,237,170,36,206,443
01/21/2009,COS,CO,ANM,WE,Combined TRACON& Tower with Radar,48,43,29,33,153,0,7,76,17,100,48,50,105,50,253,90,72,162,415
01/22/2009,COS,CO,ANM,WE,Combined TRACON& Tower with Radar,54,46,29,42,171,0,4,58,33,95,54,50,87,75,266,48,148,196,462
01/23/2009,COS,CO,ANM,WE,Combined TRACON& Tower with Radar,47,61,23,28,159,0,4,50,23,77,47,65,73,51,236,66,54,120,356
01/24/2009,COS,CO,ANM,WE,Combined TRACON& Tower with Radar,49,46,74,23,192,0,2,58,10,70,49,48,132,33,262,88,24,112,374
01/25/2009,COS,CO,ANM,WE,Combined TRACON& Tower with Radar,43,39,12,17,111,0,0,2,10,12,43,39,14,27,123,0,10,10,133
01/26/2009,COS,CO,ANM,WE,Combined TRACON& Tower with Radar,51,46,8,24,129,0,1,0,0,1,51,47,8,24,130,0,4,4,134
01/27/2009,COS,CO,ANM,WE,Combined TRACON& Tower with Radar,46,35,24,17,122,0,2,37,12,51,46,37,61,29,173,40,48,88,261
01/28/2009,COS,CO,ANM,WE,Combined TRACON& Tower with Radar,49,43,17,31,140,0,0,29,22,51,49,43,46,53,191,26,44,70,261
01/29/2009,COS,CO,ANM,WE,Combined TRACON& Tower with Radar,52,46,32,55,185,0,1,55,34,90,52,47,87,89,275,150,66,216,491
01/30/2009,COS,CO,ANM,WE,Combined TRACON& Tower with Radar,53,47,28,10,138,0,20,94,11,125,53,67,122,21,263,184,0,184,447
01/31/2009,COS,CO,ANM,WE,Combined TRACON& Tower with Radar,52,55,31,54,192,0,1,93,27,121,52,56,124,81,313,122,8,130,443
02/01/2009,COS,CO,ANM,WE,Combined TRACON& Tower with Radar,46,40,25,5,116,0,6,26,9,41,46,46,51,14,157,18,6,24,181
02/02/2009,COS,CO,ANM,WE,Combined TRACON& Tower with Radar,56,45,38,29,168,0,3,52,6,61,56,48,90,35,229,172,28,200,429
02/03/2009,COS,CO,ANM,WE,Combined TRACON& Tower with Radar,49,37,30,39,155,0,4,63,129,196,49,41,93,168,351,178,112,290,641
02/04/2009,COS,CO,ANM,WE,Combined TRACON& Tower with Radar,47,40,52,50,189,0,0,63,12,75,47,40,115,62,264,118,78,196,460
02/05/2009,COS,CO,ANM,WE,Combined TRACON& Tower with Radar,54,47,25,77,203,0,7,59,42,108,54,54,84,119,311,110,126,236,547
02/06/2009,COS,CO,ANM,WE,Combined TRACON& Tower with Radar,50,49,40,33,172,0,9,32,20,61,50,58,72,53,233,38,24,62,295
02/07/2009,COS,CO,ANM,WE,Combined TRACON& Tower with Radar,49,36,28,5,118,0,3,110,22,135,49,39,138,27,253,194,40,234,487
02/08/2009,COS,CO,ANM,WE,Combined TRACON& Tower with Radar,49,41,18,8,116,0,2,2,0,4,49,43,20,8,120,6,0,6,126
02/09/2009,COS,CO,ANM,WE,Combined TRACON& Tower with Radar,58,52,21,35,166,0,1,8,7,16,58,53,29,42,182,0,18,18,200
02/10/2009,COS,CO,ANM,WE,Combined TRACON& Tower with Radar,47,38,33,43,161,0,2,26,19,47,47,40,59,62,208,70,64,134,342
02/11/2009,COS,CO,ANM,WE,Combined TRACON& Tower with Radar,48,43,36,35,162,0,3,61,44,108,48,46,97,79,270,70,116,186,456
02/12/2009,COS,CO,ANM,WE,Combined TRACON& Tower with Radar,58,42,45,48,193,0,4,52,24,80,58,46,97,72,273,90,76,166,439
02/13/2009,COS,CO,ANM,WE,Combined TRACON& Tower with Radar,56,51,34,18,159,0,0,26,3,29,56,51,60,21,188,58,10,68,256
02/14/2009,COS,CO,ANM,WE,Combined TRACON& Tower with Radar,45,39,37,12,133,0,2,24,0,26,45,41,61,12,159,18,26,44,203
02/15/2009,COS,CO,ANM,WE,Combined TRACON& Tower with Radar,49,48,37,9,143,0,7,127,12,146,49,55,164,21,289,96,16,112,401
02/16/2009,COS,CO,ANM,WE,Combined TRACON& Tower with Radar,55,49,38,14,156,0,4,63,3,70,55,53,101,17,226,90,0,90,316
02/17/2009,COS,CO,ANM,WE,Combined TRACON& Tower with Radar,54,40,27,31,152,0,2,20,21,43,54,42,47,52,195,12,4,16,211
02/18/2009,COS,CO,ANM,WE,Combined TRACON& Tower with Radar,50,41,27,60,178,0,3,32,91,126,50,44,59,151,304,66,74,140,444
02/19/2009,COS,CO,ANM,WE,Combined TRACON& Tower with Radar,55,46,35,41,177,0,4,95,27,126,55,50,130,68,303,164,96,260,563
02/20/2009,COS,CO,ANM,WE,Combined TRACON& Tower with Radar,52,48,35,42,177,0,3,27,16,46,52,51,62,58,223,22,10,32,255
02/21/2009,COS,CO,ANM,WE,Combined TRACON& Tower with Radar,51,42,57,57,207,0,3,107,17,127,51,45,164,74,334,222,10,232,566
02/22/2009,COS,CO,ANM,WE,Combined TRACON& Tower with Radar,46,50,31,32,159,0,6,76,7,89,46,56,107,39,248,64,48,112,360
02/23/2009,COS,CO,ANM,WE,Combined TRACON& Tower with Radar,52,47,38,21,158,0,6,48,6,60,52,53,86,27,218,24,2,26,244
02/24/2009,COS,CO,ANM,WE,Combined TRACON& Tower with Radar,48,41,26,51,166,0,6,52,25,83,48,47,78,76,249,18,64,82,331
02/25/2009,COS,CO,ANM,WE,Combined TRACON& Tower with Radar,5,2,0,16,23,0,0,0,4,4,5,2,0,20,27,46,52,98,125
02/26/2009,COS,CO,ANM,WE,Combined TRACON& Tower with Radar,52,47,32,30,161,0,2,31,13,46,52,49,63,43,207,40,48,88,295
02/27/2009,COS,CO,ANM,WE,Combined TRACON& Tower with Radar,53,47,25,44,169,0,0,73,6,79,53,47,98,50,248,20,50,70,318
02/28/2009,COS,CO,ANM,WE,Combined TRACON& Tower with Radar,52,38,51,20,161,0,3,122,14,139,52,41,173,34,300,154,8,162,462
03/01/2009,COS,CO,ANM,WE,Combined TRACON& Tower with Radar,44,44,34,15,137,0,3,97,2,102,44,47,131,17,239,258,6,264,503
03/02/2009,COS,CO,ANM,WE,Combined TRACON& Tower with Radar,49,50,55,54,208,0,4,51,21,76,49,54,106,75,284,168,54,222,506
03/03/2009,COS,CO,ANM,WE,Combined TRACON& Tower with Radar,50,45,26,44,165,0,4,62,41,107,50,49,88,85,272,80,240,320,592
03/04/2009,COS,CO,ANM,WE,Combined TRACON& Tower with Radar,56,33,18,12,119,0,4,16,1,21,56,37,34,13,140,0,0,0,140
03/05/2009,COS,CO,ANM,WE,Combined TRACON& Tower with Radar,55,51,34,18,158,0,0,0,0,0,55,51,34,18,158,0,0,0,158
03/06/2009,COS,CO,ANM,WE,Combined TRACON& Tower with Radar,50,44,18,59,171,0,4,32,3,39,50,48,50,62,210,16,26,42,252
03/07/2009,COS,CO,ANM,WE,Combined TRACON& Tower with Radar,47,41,9,21,118,0,4,15,11,30,47,45,24,32,148,28,26,54,202
03/08/2009,COS,CO,ANM,WE,Combined TRACON& Tower with Radar,51,36,28,20,135,0,3,84,10,97,51,39,112,30,232,94,16,110,342
03/09/2009,COS,CO,ANM,WE,Combined TRACON& Tower with Radar,63,38,26,9,136,0,4,51,3,58,63,42,77,12,194,88,10,98,292
03/10/2009,COS,CO,ANM,WE,Combined TRACON& Tower with Radar,51,45,21,37,154,0,0,24,27,51,51,45,45,64,205,66,90,156,361
03/11/2009,COS,CO,ANM,WE,Combined TRACON& Tower with Radar,62,37,22,30,151,0,3,79,27,109,62,40,101,57,260,46,26,72,332
03/12/2009,COS,CO,ANM,WE,Combined TRACON& Tower with Radar,58,53,40,63,214,0,6,76,10,92,58,59,116,73,306,144,36,180,486
03/13/2009,COS,CO,ANM,WE,Combined TRACON& Tower with Radar,47,48,31,37,163,0,2,38,0,40,47,50,69,37,203,86,30,116,319
03/14/2009,COS,CO,ANM,WE,Combined TRACON& Tower with Radar,43,46,50,35,174,0,1,117,7,125,43,47,167,42,299,350,30,380,679
03/15/2009,COS,CO,ANM,WE,Combined TRACON& Tower with Radar,49,45,55,11,160,0,4,80,5,89,49,49,135,16,249,98,0,98,347
03/16/2009,COS,CO,ANM,WE,Combined TRACON& Tower with Radar,50,44,43,30,167,0,4,59,8,71,50,48,102,38,238,48,58,106,344
03/17/2009,COS,CO,ANM,WE,Combined TRACON& Tower with Radar,49,48,41,31,169,0,6,67,11,84,49,54,108,42,253,102,88,190,443
03/18/2009,COS,CO,ANM,WE,Combined TRACON& Tower with Radar,50,44,50,43,187,0,5,57,221,283,50,49,107,264,470,56,82,138,608
03/19/2009,COS,CO,ANM,WE,Combined TRACON& Tower with Radar,53,53,47,41,194,0,10,59,9,78,53,63,106,50,272,64,32,96,368
03/20/2009,COS,CO,ANM,WE,Combined TRACON& Tower with Radar,63,38,50,50,201,0,6,61,136,203,63,44,111,186,404,96,54,150,554
03/21/2009,COS,CO,ANM,WE,Combined TRACON& Tower with Radar,64,46,63,7,180,0,5,79,0,84,64,51,142,7,264,90,34,124,388
03/22/2009,COS,CO,ANM,WE,Combined TRACON& Tower with Radar,53,51,64,11,179,0,0,0,0,0,53,51,64,11,179,62,0,62,241
03/23/2009,COS,CO,ANM,WE,Combined TRACON& Tower with Radar,51,48,14,12,125,0,0,9,6,15,51,48,23,18,140,8,4,12,152
03/24/2009,COS,CO,ANM,WE,Combined TRACON& Tower with Radar,66,36,35,36,173,0,5,50,81,136,66,41,85,117,309,144,94,238,547
03/25/2009,COS,CO,ANM,WE,Combined TRACON& Tower with Radar,51,44,39,44,178,0,1,46,11,58,51,45,85,55,236,56,70,126,362
03/26/2009,COS,CO,ANM,WE,Combined TRACON& Tower with Radar,42,26,9,7,84,0,0,8,1,9,42,26,17,8,93,30,0,30,123
03/27/2009,COS,CO,ANM,WE,Combined TRACON& Tower with Radar,55,46,11,0,112,0,2,9,3,14,55,48,20,3,126,10,0,10,136
03/28/2009,COS,CO,ANM,WE,Combined TRACON& Tower with Radar,53,40,31,7,131,0,6,91,3,100,53,46,122,10,231,226,0,226,457
03/29/2009,COS,CO,ANM,WE,Combined TRACON& Tower with Radar,45,47,33,23,148,0,2,77,1,80,45,49,110,24,228,126,6,132,360
03/30/2009,COS,CO,ANM,WE,Combined TRACON& Tower with Radar,58,51,23,20,152,0,2,7,4,13,58,53,30,24,165,22,4,26,191
03/31/2009,COS,CO,ANM,WE,Combined TRACON& Tower with Radar,48,52,34,103,237,0,7,40,20,67,48,59,74,123,304,34,58,92,396
04/01/2009,COS,CO,ANM,WE,Combined TRACON& Tower with Radar,51,50,20,31,152,0,4,26,8,38,51,54,46,39,190,52,46,98,288
04/02/2009,COS,CO,ANM,WE,Combined TRACON& Tower with Radar,51,53,52,36,192,0,6,58,23,87,51,59,110,59,279,96,60,156,435
04/03/2009,COS,CO,ANM,WE,Combined TRACON& Tower with Radar,55,50,26,33,164,0,2,43,4,49,55,52,69,37,213,44,82,126,339
04/04/2009,COS,CO,ANM,WE,Combined TRACON& Tower with Radar,45,32,3,5,85,0,0,4,0,4,45,32,7,5,89,4,0,4,93
04/05/2009,COS,CO,ANM,WE,Combined TRACON& Tower with Radar,44,48,40,15,147,0,0,0,0,0,44,48,40,15,147,24,20,44,191
04/06/2009,COS,CO,ANM,WE,Combined TRACON& Tower with Radar,54,48,56,36,194,0,1,75,14,90,54,49,131,50,284,120,86,206,490
04/07/2009,COS,CO,ANM,WE,Combined TRACON& Tower with Radar,49,46,45,36,176,0,3,69,26,98,49,49,114,62,274,62,74,136,410
04/08/2009,COS,CO,ANM,WE,Combined TRACON& Tower with Radar,57,49,37,50,193,0,3,59,119,181,57,52,96,169,374,94,32,126,500
04/09/2009,COS,CO,ANM,WE,Combined TRACON& Tower with Radar,53,62,25,50,190,0,11,10,30,51,53,73,35,80,241,10,84,94,335
04/10/2009,COS,CO,ANM,WE,Combined TRACON& Tower with Radar,59,41,40,48,188,0,1,45,16,62,59,42,85,64,250,64,66,130,380
04/11/2009,COS,CO,ANM,WE,Combined TRACON& Tower with Radar,36,38,9,21,104,0,1,7,5,13,36,39,16,26,117,6,24,30,147
04/12/2009,COS,CO,ANM,WE,Combined TRACON& Tower with Radar,48,40,7,1,96,0,0,0,0,0,48,40,7,1,96,0,0,0,96
04/13/2009,COS,CO,ANM,WE,Combined TRACON& Tower with Radar,53,45,28,29,155,0,0,79,22,101,53,45,107,51,256,190,78,268,524
04/14/2009,COS,CO,ANM,WE,Combined TRACON& Tower with Radar,54,44,45,61,204,0,9,55,85,149,54,53,100,146,353,126,122,248,601
04/15/2009,COS,CO,ANM,WE,Combined TRACON& Tower with Radar,54,45,34,56,189,0,6,42,23,71,54,51,76,79,260,32,124,156,416
04/16/2009,COS,CO,ANM,WE,Combined TRACON& Tower with Radar,54,49,23,82,208,0,3,35,16,54,54,52,58,98,262,28,102,130,392
04/17/2009,COS,CO,ANM,WE,Combined TRACON& Tower with Radar,54,40,6,10,110,0,0,2,0,2,54,40,8,10,112,0,0,0,112
04/18/2009,COS,CO,ANM,WE,Combined TRACON& Tower with Radar,53,34,11,11,109,0,0,0,2,2,53,34,11,13,111,8,0,8,119
04/19/2009,COS,CO,ANM,WE,Combined TRACON& Tower with Radar,50,51,34,23,158,0,4,114,11,129,50,55,148,34,287,184,6,190,477
04/20/2009,COS,CO,ANM,WE,Combined TRACON& Tower with Radar,54,51,49,79,233,0,7,80,9,96,54,58,129,88,329,156,66,222,551
04/21/2009,COS,CO,ANM,WE,Combined TRACON& Tower with Radar,50,42,76,53,221,0,2,73,112,187,50,44,149,165,408,214,166,380,788
04/22/2009,COS,CO,ANM,WE,Combined TRACON& Tower with Radar,52,47,49,96,244,0,1,74,22,97,52,48,123,118,341,84,78,162,503
04/23/2009,COS,CO,ANM,WE,Combined TRACON& Tower with Radar,56,53,39,39,187,0,1,76,30,107,56,54,115,69,294,168,126,294,588
04/24/2009,COS,CO,ANM,WE,Combined TRACON& Tower with Radar,60,49,33,41,183,0,5,43,7,55,60,54,76,48,238,80,58,138,376
04/25/2009,COS,CO,ANM,WE,Combined TRACON& Tower with Radar,47,29,30,14,120,0,2,4,5,11,47,31,34,19,131,42,0,42,173
04/26/2009,COS,CO,ANM,WE,Combined TRACON& Tower with Radar,48,44,32,12,136,0,4,53,0,57,48,48,85,12,193,30,0,30,223
04/27/2009,COS,CO,ANM,WE,Combined TRACON& Tower with Radar,52,44,16,18,130,0,0,14,4,18,52,44,30,22,148,50,0,50,198
04/28/2009,COS,CO,ANM,WE,Combined TRACON& Tower with Radar,51,45,31,17,144,0,1,26,59,86,51,46,57,76,230,46,24,70,300
04/29/2009,COS,CO,ANM,WE,Combined TRACON& Tower with Radar,53,47,75,70,245,0,2,84,22,108,53,49,159,92,353,206,90,296,649
04/30/2009,COS,CO,ANM,WE,Combined TRACON& Tower with Radar,11,10,12,13,46,0,2,4,1,7,11,12,16,14,53,120,62,182,235
05/01/2009,COS,CO,ANM,WE,Combined TRACON& Tower with Radar,56,45,47,31,179,0,1,9,4,14,56,46,56,35,193,102,22,124,317
05/02/2009,COS,CO,ANM,WE,Combined TRACON& Tower with Radar,53,19,9,6,87,0,0,0,0,0,53,19,9,6,87,0,0,0,87
05/03/2009,COS,CO,ANM,WE,Combined TRACON& Tower with Radar,60,34,18,23,135,0,0,2,0,2,60,34,20,23,137,52,8,60,197
05/04/2009,COS,CO,ANM,WE,Combined TRACON& Tower with Radar,62,51,34,23,170,0,1,26,10,37,62,52,60,33,207,30,40,70,277
05/05/2009,COS,CO,ANM,WE,Combined TRACON& Tower with Radar,60,42,38,34,174,0,5,57,84,146,60,47,95,118,320,178,78,256,576
05/06/2009,COS,CO,ANM,WE,Combined TRACON& Tower with Radar,54,50,49,46,199,0,5,68,14,87,54,55,117,60,286,38,88,126,412
05/07/2009,COS,CO,ANM,WE,Combined TRACON& Tower with Radar,58,51,65,41,215,0,3,72,25,100,58,54,137,66,315,138,72,210,525
05/08/2009,COS,CO,ANM,WE,Combined TRACON& Tower with Radar,68,37,32,43,180,0,1,50,12,63,68,38,82,55,243,40,48,88,331
05/09/2009,COS,CO,ANM,WE,Combined TRACON& Tower with Radar,48,34,33,13,128,0,3,68,10,81,48,37,101,23,209,100,10,110,319
05/10/2009,COS,CO,ANM,WE,Combined TRACON& Tower with Radar,52,44,33,8,137,0,8,46,6,60,52,52,79,14,197,0,2,2,199
05/11/2009,COS,CO,ANM,WE,Combined TRACON& Tower with Radar,54,50,56,70,230,0,6,52,6,64,54,56,108,76,294,136,16,152,446
05/12/2009,COS,CO,ANM,WE,Combined TRACON& Tower with Radar,42,34,42,39,157,0,2,33,14,49,42,36,75,53,206,156,80,236,442
05/13/2009,COS,CO,ANM,WE,Combined TRACON& Tower with Radar,55,49,39,42,185,0,6,64,24,94,55,55,103,66,279,58,62,120,399
05/14/2009,COS,CO,ANM,WE,Combined TRACON& Tower with Radar,66,43,38,55,202,0,15,76,44,135,66,58,114,99,337,30,114,144,481
05/15/2009,COS,CO,ANM,WE,Combined TRACON& Tower with Radar,60,47,38,29,174,0,1,53,20,74,60,48,91,49,248,0,52,52,300
05/16/2009,COS,CO,ANM,WE,Combined TRACON& Tower with Radar,52,41,36,16,145,0,2,28,7,37,52,43,64,23,182,74,4,78,260
05/17/2009,COS,CO,ANM,WE,Combined TRACON& Tower with Radar,50,58,150,89,347,0,0,0,0,0,50,58,150,89,347,68,52,120,467
05/18/2009,COS,CO,ANM,WE,Combined TRACON& Tower with Radar,56,52,33,15,156,0,2,64,38,104,56,54,97,53,260,118,70,188,448
05/19/2009,COS,CO,ANM,WE,Combined TRACON& Tower with Radar,59,57,37,35,188,0,1,62,27,90,59,58,99,62,278,94,80,174,452
05/20/2009,COS,CO,ANM,WE,Combined TRACON& Tower with Radar,58,52,35,55,200,0,23,77,184,284,58,75,112,239,484,110,152,262,746
05/21/2009,COS,CO,ANM,WE,Combined TRACON& Tower with Radar,59,59,54,26,198,0,0,28,9,37,59,59,82,35,235,54,46,100,335
05/22/2009,COS,CO,ANM,WE,Combined TRACON& Tower with Radar,56,45,38,36,175,0,3,19,12,34,56,48,57,48,209,78,32,110,319
05/23/2009,COS,CO,ANM,WE,Combined TRACON& Tower with Radar,43,31,17,9,100,0,0,35,9,44,43,31,52,18,144,124,2,126,270
05/24/2009,COS,CO,ANM,WE,Combined TRACON& Tower with Radar,62,31,23,5,121,0,1,36,6,43,62,32,59,11,164,26,74,100,264
05/25/2009,COS,CO,ANM,WE,Combined TRACON& Tower with Radar,54,43,34,21,152,0,3,46,11,60,54,46,80,32,212,22,8,30,242
05/26/2009,COS,CO,ANM,WE,Combined TRACON& Tower with Radar,55,48,33,47,183,0,2,12,26,40,55,50,45,73,223,96,88,184,407
05/27/2009,COS,CO,ANM,WE,Combined TRACON& Tower with Radar,56,48,43,40,187,0,8,40,22,70,56,56,83,62,257,38,28,66,323
05/28/2009,COS,CO,ANM,WE,Combined TRACON& Tower with Radar,61,52,48,38,199,0,1,92,31,124,61,53,140,69,323,184,62,246,569
05/29/2009,COS,CO,ANM,WE,Combined TRACON& Tower with Radar,57,53,49,29,188,0,3,93,17,113,57,56,142,46,301,128,42,170,471
05/30/2009,COS,CO,ANM,WE,Combined TRACON& Tower with Radar,47,37,37,9,130,0,4,93,18,115,47,41,130,27,245,146,8,154,399
05/31/2009,COS,CO,ANM,WE,Combined TRACON& Tower with Radar,54,54,78,19,205,0,5,77,12,94,54,59,155,31,299,80,12,92,391
06/01/2009,COS,CO,ANM,WE,Combined TRACON& Tower with Radar,49,32,30,17,128,1,0,63,20,84,50,32,93,37,212,94,74,168,380
06/02/2009,COS,CO,ANM,WE,Combined TRACON& Tower with Radar,50,29,45,38,162,0,0,2,2,4,50,29,47,40,166,48,40,88,254
06/03/2009,COS,CO,ANM,WE,Combined TRACON& Tower with Radar,59,49,40,38,186,0,1,22,12,35,59,50,62,50,221,126,100,226,447
06/04/2009,COS,CO,ANM,WE,Combined TRACON& Tower with Radar,60,53,31,26,170,0,3,79,71,153,60,56,110,97,323,164,62,226,549
06/05/2009,COS,CO,ANM,WE,Combined TRACON& Tower with Radar,75,40,63,36,214,0,0,80,27,107,75,40,143,63,321,196,68,264,585
06/06/2009,COS,CO,ANM,WE,Combined TRACON& Tower with Radar,58,43,25,14,140,0,5,77,6,88,58,48,102,20,228,74,10,84,312
06/07/2009,COS,CO,ANM,WE,Combined TRACON& Tower with Radar,84,48,40,10,182,0,1,59,9,69,84,49,99,19,251,88,8,96,347
06/08/2009,COS,CO,ANM,WE,Combined TRACON& Tower with Radar,69,42,53,38,202,0,4,58,27,89,69,46,111,65,291,100,60,160,451
06/09/2009,COS,CO,ANM,WE,Combined TRACON& Tower with Radar,58,39,45,44,186,0,2,54,24,80,58,41,99,68,266,202,172,374,640
06/10/2009,COS,CO,ANM,WE,Combined TRACON& Tower with Radar,66,58,50,60,234,0,0,18,16,34,66,58,68,76,268,34,70,104,372
06/11/2009,COS,CO,ANM,WE,Combined TRACON& Tower with Radar,59,65,42,44,210,0,7,22,27,56,59,72,64,71,266,148,96,244,510
06/12/2009,COS,CO,ANM,WE,Combined TRACON& Tower with Radar,70,60,75,43,248,0,4,82,32,118,70,64,157,75,366,82,92,174,540
06/13/2009,COS,CO,ANM,WE,Combined TRACON& Tower with Radar,66,47,48,29,190,0,1,33,11,45,66,48,81,40,235,98,26,124,359
06/14/2009,COS,CO,ANM,WE,Combined TRACON& Tower with Radar,67,55,102,19,243,0,0,0,0,0,67,55,102,19,243,148,24,172,415
06/15/2009,COS,CO,ANM,WE,Combined TRACON& Tower with Radar,67,51,38,39,195,0,5,61,42,108,67,56,99,81,303,194,180,374,677
06/16/2009,COS,CO,ANM,WE,Combined TRACON& Tower with Radar,71,62,60,107,300,0,3,88,51,142,71,65,148,158,442,192,200,392,834
06/17/2009,COS,CO,ANM,WE,Combined TRACON& Tower with Radar,66,60,38,43,207,0,7,78,46,131,66,67,116,89,338,188,138,326,664
06/18/2009,COS,CO,ANM,WE,Combined TRACON& Tower with Radar,60,57,37,25,179,0,7,72,20,99,60,64,109,45,278,90,54,144,422
06/19/2009,COS,CO,ANM,WE,Combined TRACON& Tower with Radar,54,61,32,29,176,0,0,94,23,117,54,61,126,52,293,164,120,284,577
06/20/2009,COS,CO,ANM,WE,Combined TRACON& Tower with Radar,64,39,61,13,177,0,1,76,16,93,64,40,137,29,270,136,26,162,432
06/21/2009,COS,CO,ANM,WE,Combined TRACON& Tower with Radar,64,51,56,11,182,1,3,119,8,131,65,54,175,19,313,98,14,112,425
06/22/2009,COS,CO,ANM,WE,Combined TRACON& Tower with Radar,59,60,42,19,180,0,4,76,17,97,59,64,118,36,277,118,36,154,431
06/23/2009,COS,CO,ANM,WE,Combined TRACON& Tower with Radar,110,49,36,43,238,0,2,57,30,89,110,51,93,73,327,116,148,264,591
06/24/2009,COS,CO,ANM,WE,Combined TRACON& Tower with Radar,62,58,39,41,200,0,3,129,23,155,62,61,168,64,355,316,90,406,761
06/25/2009,COS,CO,ANM,WE,Combined TRACON& Tower with Radar,97,61,38,22,218,0,8,93,25,126,97,69,131,47,344,150,86,236,580
06/26/2009,COS,CO,ANM,WE,Combined TRACON& Tower with Radar,70,48,49,22,189,0,3,91,32,126,70,51,140,54,315,170,90,260,575
06/27/2009,COS,CO,ANM,WE,Combined TRACON& Tower with Radar,59,41,38,8,146,0,3,101,8,112,59,44,139,16,258,128,2,130,388
06/28/2009,COS,CO,ANM,WE,Combined TRACON& Tower with Radar,61,45,65,18,189,0,6,92,4,102,61,51,157,22,291,146,12,158,449
06/29/2009,COS,CO,ANM,WE,Combined TRACON& Tower with Radar,56,58,44,28,186,0,5,102,44,151,56,63,146,72,337,152,124,276,613
06/30/2009,COS,CO,ANM,WE,Combined TRACON& Tower with Radar,67,62,42,48,219,0,4,67,32,103,67,66,109,80,322,98,110,208,530
07/01/2009,COS,CO,ANM,WE,Combined TRACON& Tower with Radar,62,57,51,34,204,0,7,80,25,112,62,64,131,59,316,106,109,215,531
07/02/2009,COS,CO,ANM,WE,Combined TRACON& Tower with Radar,67,53,66,18,204,0,3,109,11,123,67,56,175,29,327,101,12,113,440
07/03/2009,COS,CO,ANM,WE,Combined TRACON& Tower with Radar,89,43,42,3,177,0,7,97,14,118,89,50,139,17,295,94,32,126,421
07/04/2009,COS,CO,ANM,WE,Combined TRACON& Tower with Radar,45,24,18,2,89,0,7,73,6,86,45,31,91,8,175,96,4,100,275
07/05/2009,COS,CO,ANM,WE,Combined TRACON& Tower with Radar,88,53,77,5,223,0,1,49,6,56,88,54,126,11,279,82,8,90,369
07/06/2009,COS,CO,ANM,WE,Combined TRACON& Tower with Radar,66,56,33,10,165,0,1,54,10,65,66,57,87,20,230,134,58,192,422
07/07/2009,COS,CO,ANM,WE,Combined TRACON& Tower with Radar,59,53,64,37,213,0,2,87,20,109,59,55,151,57,322,146,46,192,514
07/08/2009,COS,CO,ANM,WE,Combined TRACON& Tower with Radar,63,56,57,58,234,0,4,104,19,127,63,60,161,77,361,142,92,234,595
07/09/2009,COS,CO,ANM,WE,Combined TRACON& Tower with Radar,73,59,32,41,205,0,5,78,28,111,73,64,110,69,316,138,98,236,552
07/10/2009,COS,CO,ANM,WE,Combined TRACON& Tower with Radar,66,50,30,56,202,0,10,64,18,92,66,60,94,74,294,80,60,140,434
07/11/2009,COS,CO,ANM,WE,Combined TRACON& Tower with Radar,70,45,29,20,164,0,2,61,4,67,70,47,90,24,231,142,6,148,379
07/12/2009,COS,CO,ANM,WE,Combined TRACON& Tower with Radar,60,47,132,24,263,0,0,0,0,0,60,47,132,24,263,64,0,64,327
07/13/2009,COS,CO,ANM,WE,Combined TRACON& Tower with Radar,59,71,36,36,202,0,1,69,4,74,59,72,105,40,276,50,0,50,326
07/14/2009,COS,CO,ANM,WE,Combined TRACON& Tower with Radar,65,55,59,30,209,0,0,113,19,132,65,55,172,49,341,226,74,300,641
07/15/2009,COS,CO,ANM,WE,Combined TRACON& Tower with Radar,62,56,38,37,193,0,5,77,15,97,62,61,115,52,290,166,36,202,492
07/16/2009,COS,CO,ANM,WE,Combined TRACON& Tower with Radar,66,52,48,40,206,0,3,79,38,120,66,55,127,78,326,66,126,192,518
07/17/2009,COS,CO,ANM,WE,Combined TRACON& Tower with Radar,62,48,66,55,231,0,5,82,41,128,62,53,148,96,359,154,152,306,665
07/18/2009,COS,CO,ANM,WE,Combined TRACON& Tower with Radar,60,45,48,20,173,0,3,87,13,103,60,48,135,33,276,82,12,94,370
07/19/2009,COS,CO,ANM,WE,Combined TRACON& Tower with Radar,56,50,49,15,170,0,4,84,10,98,56,54,133,25,268,54,32,86,354
07/20/2009,COS,CO,ANM,WE,Combined TRACON& Tower with Radar,61,54,51,46,212,0,16,94,36,146,61,70,145,82,358,96,116,212,570
07/21/2009,COS,CO,ANM,WE,Combined TRACON& Tower with Radar,63,48,54,95,260,0,6,82,27,115,63,54,136,122,375,150,188,338,713
07/22/2009,COS,CO,ANM,WE,Combined TRACON& Tower with Radar,60,59,66,62,247,0,3,28,34,65,60,62,94,96,312,116,90,206,518
07/23/2009,COS,CO,ANM,WE,Combined TRACON& Tower with Radar,64,61,26,13,164,0,11,78,40,129,64,72,104,53,293,130,108,238,531
07/24/2009,COS,CO,ANM,WE,Combined TRACON& Tower with Radar,61,56,55,30,202,0,4,105,24,133,61,60,160,54,335,168,60,228,563
07/25/2009,COS,CO,ANM,WE,Combined TRACON& Tower with Radar,64,53,29,18,164,0,3,64,7,74,64,56,93,25,238,128,10,138,376
07/26/2009,COS,CO,ANM,WE,Combined TRACON& Tower with Radar,57,66,100,25,248,0,0,0,0,0,57,66,100,25,248,52,2,54,302
07/27/2009,COS,CO,ANM,WE,Combined TRACON& Tower with Radar,72,59,63,26,220,0,2,56,15,73,72,61,119,41,293,96,30,126,419
07/28/2009,COS,CO,ANM,WE,Combined TRACON& Tower with Radar,62,63,30,29,184,0,2,44,22,68,62,65,74,51,252,68,94,162,414
07/29/2009,COS,CO,ANM,WE,Combined TRACON& Tower with Radar,63,51,63,42,219,0,5,22,23,50,63,56,85,65,269,46,90,136,405
07/30/2009,COS,CO,ANM,WE,Combined TRACON& Tower with Radar,63,56,54,47,220,0,1,19,16,36,63,57,73,63,256,78,60,138,394
07/31/2009,COS,CO,ANM,WE,Combined TRACON& Tower with Radar,63,56,54,47,220,0,2,69,11,82,63,58,123,58,302,36,62,98,400
08/01/2009,COS,CO,ANM,WE,Combined TRACON& Tower with Radar,60,48,39,31,178,0,1,52,13,66,60,49,91,44,244,52,46,98,342
08/02/2009,COS,CO,ANM,WE,Combined TRACON& Tower with Radar,62,57,142,27,288,0,0,0,0,0,62,57,142,27,288,144,20,164,452
08/03/2009,COS,CO,ANM,WE,Combined TRACON& Tower with Radar,67,50,59,41,217,0,2,47,19,68,67,52,106,60,285,128,68,196,481
08/04/2009,COS,CO,ANM,WE,Combined TRACON& Tower with Radar,69,55,51,65,240,0,6,64,28,98,69,61,115,93,338,160,130,290,628
08/05/2009,COS,CO,ANM,WE,Combined TRACON& Tower with Radar,59,54,55,30,198,0,4,44,17,65,59,58,99,47,263,56,48,104,367
08/06/2009,COS,CO,ANM,WE,Combined TRACON& Tower with Radar,118,65,69,55,307,0,4,56,22,82,118,69,125,77,389,70,117,187,576
08/07/2009,COS,CO,ANM,WE,Combined TRACON& Tower with Radar,60,52,78,79,269,0,5,101,26,132,60,57,179,105,401,142,110,252,653
08/08/2009,COS,CO,ANM,WE,Combined TRACON& Tower with Radar,62,48,41,17,168,0,6,83,16,105,62,54,124,33,273,124,16,140,413
08/09/2009,COS,CO,ANM,WE,Combined TRACON& Tower with Radar,59,63,151,21,294,0,0,0,0,0,59,63,151,21,294,100,16,116,410
08/10/2009,COS,CO,ANM,WE,Combined TRACON& Tower with Radar,63,65,42,20,190,0,6,63,19,88,63,71,105,39,278,260,26,286,564
08/11/2009,COS,CO,ANM,WE,Combined TRACON& Tower with Radar,57,64,63,62,246,0,4,82,84,170,57,68,145,146,416,150,96,246,662
08/12/2009,COS,CO,ANM,WE,Combined TRACON& Tower with Radar,64,60,43,51,218,0,7,63,35,105,64,67,106,86,323,108,86,194,517
08/13/2009,COS,CO,ANM,WE,Combined TRACON& Tower with Radar,63,52,40,21,176,0,7,58,41,106,63,59,98,62,282,48,62,110,392
08/14/2009,COS,CO,ANM,WE,Combined TRACON& Tower with Radar,63,56,39,31,189,0,6,58,16,80,63,62,97,47,269,60,46,106,375
08/15/2009,COS,CO,ANM,WE,Combined TRACON& Tower with Radar,60,46,42,52,200,0,6,82,32,120,60,52,124,84,320,54,12,66,386
08/16/2009,COS,CO,ANM,WE,Combined TRACON& Tower with Radar,58,54,69,12,193,0,4,69,16,89,58,58,138,28,282,196,10,206,488
08/17/2009,COS,CO,ANM,WE,Combined TRACON& Tower with Radar,60,50,44,22,176,0,4,66,4,74,60,54,110,26,250,52,20,72,322
08/18/2009,COS,CO,ANM,WE,Combined TRACON& Tower with Radar,75,57,43,28,203,0,3,32,8,43,75,60,75,36,246,114,92,206,452
08/19/2009,COS,CO,ANM,WE,Combined TRACON& Tower with Radar,57,47,105,133,342,0,5,96,34,135,57,52,201,167,477,98,110,208,685
08/20/2009,COS,CO,ANM,WE,Combined TRACON& Tower with Radar,60,48,71,22,201,0,13,109,32,154,60,61,180,54,355,162,92,254,609
08/21/2009,COS,CO,ANM,WE,Combined TRACON& Tower with Radar,59,60,148,79,346,0,0,0,0,0,59,60,148,79,346,90,104,194,540
08/22/2009,COS,CO,ANM,WE,Combined TRACON& Tower with Radar,55,40,58,20,173,0,2,130,25,157,55,42,188,45,330,228,36,264,594
08/23/2009,COS,CO,ANM,WE,Combined TRACON& Tower with Radar,55,45,56,19,175,0,4,95,15,114,55,49,151,34,289,84,6,90,379
08/24/2009,COS,CO,ANM,WE,Combined TRACON& Tower with Radar,59,60,39,38,196,0,6,51,28,85,59,66,90,66,281,24,110,134,415
08/25/2009,COS,CO,ANM,WE,Combined TRACON& Tower with Radar,59,60,65,54,238,0,6,51,28,85,59,66,116,82,323,100,112,212,535
08/26/2009,COS,CO,ANM,WE,Combined TRACON& Tower with Radar,58,36,57,29,180,0,12,57,56,125,58,48,114,85,305,146,182,328,633
08/27/2009,COS,CO,ANM,WE,Combined TRACON& Tower with Radar,61,64,100,65,290,0,0,0,0,0,61,64,100,65,290,96,64,160,450
08/28/2009,COS,CO,ANM,WE,Combined TRACON& Tower with Radar,61,49,47,32,189,0,15,95,26,136,61,64,142,58,325,112,126,238,563
08/29/2009,COS,CO,ANM,WE,Combined TRACON& Tower with Radar,60,32,58,16,166,0,1,107,17,125,60,33,165,33,291,112,56,168,459
08/30/2009,COS,CO,ANM,WE,Combined TRACON& Tower with Radar,54,59,63,29,205,0,0,0,0,0,54,59,63,29,205,88,0,88,293
08/31/2009,COS,CO,ANM,WE,Combined TRACON& Tower with Radar,57,64,39,20,180,0,13,47,22,82,57,77,86,42,262,120,102,222,484
09/01/2009,COS,CO,ANM,WE,Combined TRACON& Tower with Radar,57,47,50,60,214,0,8,55,20,83,57,55,105,80,297,118,112,230,527
09/02/2009,COS,CO,ANM,WE,Combined TRACON& Tower with Radar,51,47,37,66,201,0,8,74,52,134,51,55,111,118,335,130,124,254,589
09/03/2009,COS,CO,ANM,WE,Combined TRACON& Tower with Radar,51,44,34,28,157,0,10,81,35,126,51,54,115,63,283,150,172,322,605
09/04/2009,COS,CO,ANM,WE,Combined TRACON& Tower with Radar,64,43,26,21,154,0,8,77,17,102,64,51,103,38,256,120,50,170,426
09/05/2009,COS,CO,ANM,WE,Combined TRACON& Tower with Radar,49,36,39,16,140,0,1,72,16,89,49,37,111,32,229,76,30,106,335
09/06/2009,COS,CO,ANM,WE,Combined TRACON& Tower with Radar,39,38,78,7,162,0,0,0,0,0,39,38,78,7,162,34,10,44,206
09/07/2009,COS,CO,ANM,WE,Combined TRACON& Tower with Radar,56,38,73,11,178,0,5,75,10,90,56,43,148,21,268,136,14,150,418
09/08/2009,COS,CO,ANM,WE,Combined TRACON& Tower with Radar,51,57,48,39,195,0,2,51,14,67,51,59,99,53,262,50,32,82,344
09/09/2009,COS,CO,ANM,WE,Combined TRACON& Tower with Radar,53,45,40,51,189,0,9,44,21,74,53,54,84,72,263,88,80,168,431
09/10/2009,COS,CO,ANM,WE,Combined TRACON& Tower with Radar,54,61,70,21,206,1,8,55,16,80,55,69,125,37,286,98,48,146,432
09/11/2009,COS,CO,ANM,WE,Combined TRACON& Tower with Radar,56,44,69,66,235,0,1,38,15,54,56,45,107,81,289,96,14,110,399
09/12/2009,COS,CO,ANM,WE,Combined TRACON& Tower with Radar,51,39,20,16,126,0,1,32,14,47,51,40,52,30,173,46,0,46,219
09/13/2009,COS,CO,ANM,WE,Combined TRACON& Tower with Radar,47,50,42,24,163,0,3,14,6,23,47,53,56,30,186,60,0,60,246
09/14/2009,COS,CO,ANM,WE,Combined TRACON& Tower with Radar,57,46,46,22,171,0,1,48,27,76,57,47,94,49,247,126,80,206,453
09/15/2009,COS,CO,ANM,WE,Combined TRACON& Tower with Radar,54,49,39,28,170,0,2,55,18,75,54,51,94,46,245,102,22,124,369
09/16/2009,COS,CO,ANM,WE,Combined TRACON& Tower with Radar,51,50,53,24,178,0,2,31,15,48,51,52,84,39,226,78,10,88,314
09/17/2009,COS,CO,ANM,WE,Combined TRACON& Tower with Radar,57,52,47,61,217,0,5,68,20,93,57,57,115,81,310,82,46,128,438
09/18/2009,COS,CO,ANM,WE,Combined TRACON& Tower with Radar,57,51,43,57,208,0,6,86,16,108,57,57,129,73,316,108,118,226,542
09/19/2009,COS,CO,ANM,WE,Combined TRACON& Tower with Radar,53,44,45,40,182,0,3,121,28,152,53,47,166,68,334,94,28,122,456
09/20/2009,COS,CO,ANM,WE,Combined TRACON& Tower with Radar,54,48,53,43,198,0,4,61,17,82,54,52,114,60,280,32,46,78,358
09/21/2009,COS,CO,ANM,WE,Combined TRACON& Tower with Radar,52,55,21,16,144,0,2,11,3,16,52,57,32,19,160,6,6,12,172
09/22/2009,COS,CO,ANM,WE,Combined TRACON& Tower with Radar,56,48,61,55,220,0,0,22,16,38,56,48,83,71,258,52,126,178,436
09/23/2009,COS,CO,ANM,WE,Combined TRACON& Tower with Radar,54,49,34,32,169,0,0,7,3,10,54,49,41,35,179,2,34,36,215
09/24/2009,COS,CO,ANM,WE,Combined TRACON& Tower with Radar,57,49,59,55,220,0,5,62,23,90,57,54,121,78,310,29,46,75,385
09/25/2009,COS,CO,ANM,WE,Combined TRACON& Tower with Radar,0,0,1,16,17,0,0,6,7,13,0,0,7,23,30,90,96,186,216
09/26/2009,COS,CO,ANM,WE,Combined TRACON& Tower with Radar,52,43,67,34,196,0,3,117,18,138,52,46,184,52,334,130,18,148,482
09/27/2009,COS,CO,ANM,WE,Combined TRACON& Tower with Radar,52,48,160,35,295,0,0,0,0,0,52,48,160,35,295,117,14,131,426
09/28/2009,COS,CO,ANM,WE,Combined TRACON& Tower with Radar,52,50,40,34,176,0,5,60,16,81,52,55,100,50,257,46,38,84,341
09/29/2009,COS,CO,ANM,WE,Combined TRACON& Tower with Radar,51,47,34,37,169,0,6,81,22,109,51,53,115,59,278,148,136,284,562
09/30/2009,COS,CO,ANM,WE,Combined TRACON& Tower with Radar,51,51,43,20,165,0,1,26,13,40,51,52,69,33,205,10,10,20,225
10/01/2009,COS,CO,ANM,WE,Combined TRACON& Tower with Radar,56,53,34,87,230,0,7,38,20,65,56,60,72,107,295,26,44,70,365
10/02/2009,COS,CO,ANM,WE,Combined TRACON& Tower with Radar,58,57,40,47,202,0,5,100,26,131,58,62,140,73,333,112,110,222,555
10/03/2009,COS,CO,ANM,WE,Combined TRACON& Tower with Radar,50,41,41,29,161,0,2,141,18,161,50,43,182,47,322,84,14,98,420
10/04/2009,COS,CO,ANM,WE,Combined TRACON& Tower with Radar,62,42,64,37,205,0,2,30,8,40,62,44,94,45,245,62,10,72,317
10/05/2009,COS,CO,ANM,WE,Combined TRACON& Tower with Radar,60,55,31,16,162,1,0,30,11,42,61,55,61,27,204,48,18,66,270
10/06/2009,COS,CO,ANM,WE,Combined TRACON& Tower with Radar,54,55,40,41,190,0,2,81,10,93,54,57,121,51,283,252,80,332,615
10/07/2009,COS,CO,ANM,WE,Combined TRACON& Tower with Radar,50,48,58,66,222,0,1,98,62,161,50,49,156,128,383,146,116,262,645
10/08/2009,COS,CO,ANM,WE,Combined TRACON& Tower with Radar,55,52,45,23,175,0,1,8,0,9,55,53,53,23,184,18,0,18,202
10/09/2009,COS,CO,ANM,WE,Combined TRACON& Tower with Radar,55,55,74,27,211,0,4,44,7,55,55,59,118,34,266,102,26,128,394
10/10/2009,COS,CO,ANM,WE,Combined TRACON& Tower with Radar,50,50,23,1,124,0,0,0,0,0,50,50,23,1,124,0,0,0,124
10/11/2009,COS,CO,ANM,WE,Combined TRACON& Tower with Radar,53,52,37,5,147,0,1,3,0,4,53,53,40,5,151,0,0,0,151
10/12/2009,COS,CO,ANM,WE,Combined TRACON& Tower with Radar,51,57,46,13,167,0,1,56,3,60,51,58,102,16,227,168,0,168,395
10/13/2009,COS,CO,ANM,WE,Combined TRACON& Tower with Radar,51,66,60,31,208,0,1,15,7,23,51,67,75,38,231,14,10,24,255
10/14/2009,COS,CO,ANM,WE,Combined TRACON& Tower with Radar,45,54,54,57,210,0,8,38,22,68,45,62,92,79,278,28,54,82,360
10/15/2009,COS,CO,ANM,WE,Combined TRACON& Tower with Radar,54,57,56,66,233,0,2,68,19,89,54,59,124,85,322,82,40,122,444
10/16/2009,COS,CO,ANM,WE,Combined TRACON& Tower with Radar,53,53,41,51,198,0,4,143,16,163,53,57,184,67,361,250,126,376,737
10/17/2009,COS,CO,ANM,WE,Combined TRACON& Tower with Radar,43,33,25,14,115,0,2,110,20,132,43,35,135,34,247,138,16,154,401
10/18/2009,COS,CO,ANM,WE,Combined TRACON& Tower with Radar,51,44,128,30,253,0,0,0,0,0,51,44,128,30,253,50,16,66,319
10/19/2009,COS,CO,ANM,WE,Combined TRACON& Tower with Radar,51,49,27,52,179,0,5,62,7,74,51,54,89,59,253,66,48,114,367
10/20/2009,COS,CO,ANM,WE,Combined TRACON& Tower with Radar,56,53,25,32,166,0,4,59,11,74,56,57,84,43,240,136,76,212,452
10/21/2009,COS,CO,ANM,WE,Combined TRACON& Tower with Radar,52,51,20,26,149,0,0,0,0,0,52,51,20,26,149,0,6,6,155
10/22/2009,COS,CO,ANM,WE,Combined TRACON& Tower with Radar,55,49,45,56,205,0,4,62,34,100,55,53,107,90,305,88,88,176,481
10/23/2009,COS,CO,ANM,WE,Combined TRACON& Tower with Radar,58,52,29,44,183,0,2,96,31,129,58,54,125,75,312,102,110,212,524
10/24/2009,COS,CO,ANM,WE,Combined TRACON& Tower with Radar,51,35,29,8,123,0,5,79,8,92,51,40,108,16,215,86,16,102,317
10/25/2009,COS,CO,ANM,WE,Combined TRACON& Tower with Radar,56,46,24,15,141,0,3,8,1,12,56,49,32,16,153,0,0,0,153
10/26/2009,COS,CO,ANM,WE,Combined TRACON& Tower with Radar,55,49,19,22,145,0,7,65,22,94,55,56,84,44,239,240,50,290,529
10/27/2009,COS,CO,ANM,WE,Combined TRACON& Tower with Radar,58,45,28,46,177,0,13,51,60,124,58,58,79,106,301,108,194,302,603
10/28/2009,COS,CO,ANM,WE,Combined TRACON& Tower with Radar,48,42,11,19,120,0,0,1,12,13,48,42,12,31,133,0,16,16,149
10/29/2009,COS,CO,ANM,WE,Combined TRACON& Tower with Radar,63,46,15,9,133,0,0,0,0,0,63,46,15,9,133,0,0,0,133
10/30/2009,COS,CO,ANM,WE,Combined TRACON& Tower with Radar,73,50,37,21,181,0,1,66,5,72,73,51,103,26,253,84,2,86,339
10/31/2009,COS,CO,ANM,WE,Combined TRACON& Tower with Radar,65,32,47,29,173,0,2,123,17,142,65,34,170,46,315,164,18,182,497
11/01/2009,COS,CO,ANM,WE,Combined TRACON& Tower with Radar,47,41,33,4,125,0,1,91,5,97,47,42,124,9,222,128,24,152,374
11/02/2009,COS,CO,ANM,WE,Combined TRACON& Tower with Radar,54,47,30,12,143,0,7,35,9,51,54,54,65,21,194,88,44,132,326
11/03/2009,COS,CO,ANM,WE,Combined TRACON& Tower with Radar,55,49,25,58,187,0,15,76,23,114,55,64,101,81,301,98,136,234,535
11/04/2009,COS,CO,ANM,WE,Combined TRACON& Tower with Radar,54,45,30,48,177,0,9,60,60,129,54,54,90,108,306,122,120,242,548
11/05/2009,COS,CO,ANM,WE,Combined TRACON& Tower with Radar,52,55,35,82,224,0,9,72,21,102,52,64,107,103,326,76,96,172,498
11/06/2009,COS,CO,ANM,WE,Combined TRACON& Tower with Radar,67,39,44,39,189,0,1,77,30,108,67,40,121,69,297,126,108,234,531
11/07/2009,COS,CO,ANM,WE,Combined TRACON& Tower with Radar,53,41,37,37,168,0,0,116,14,130,53,41,153,51,298,166,54,220,518
11/08/2009,COS,CO,ANM,WE,Combined TRACON& Tower with Radar,49,50,36,34,169,0,4,54,10,68,49,54,90,44,237,52,26,78,315
11/09/2009,COS,CO,ANM,WE,Combined TRACON& Tower with Radar,55,43,17,43,158,0,23,48,19,90,55,66,65,62,248,42,150,192,440
11/10/2009,COS,CO,ANM,WE,Combined TRACON& Tower with Radar,57,38,21,54,170,0,10,53,68,131,57,48,74,122,301,62,100,162,463
11/11/2009,COS,CO,ANM,WE,Combined TRACON& Tower with Radar,52,46,42,12,152,0,6,67,6,79,52,52,109,18,231,96,8,104,335
11/12/2009,COS,CO,ANM,WE,Combined TRACON& Tower with Radar,56,51,30,31,168,0,7,56,14,77,56,58,86,45,245,66,26,92,337
11/13/2009,COS,CO,ANM,WE,Combined TRACON& Tower with Radar,52,50,21,35,158,0,4,35,18,57,52,54,56,53,215,30,66,96,311
11/14/2009,COS,CO,ANM,WE,Combined TRACON& Tower with Radar,68,29,7,6,110,0,0,0,0,0,68,29,7,6,110,0,0,0,110
11/15/2009,COS,CO,ANM,WE,Combined TRACON& Tower with Radar,43,41,19,8,111,0,0,1,1,2,43,41,20,9,113,0,0,0,113
11/16/2009,COS,CO,ANM,WE,Combined TRACON& Tower with Radar,57,45,31,31,164,0,14,58,32,104,57,59,89,63,268,104,122,226,494
11/17/2009,COS,CO,ANM,WE,Combined TRACON& Tower with Radar,60,34,45,45,184,0,18,71,21,110,60,52,116,66,294,82,36,118,412
11/18/2009,COS,CO,ANM,WE,Combined TRACON& Tower with Radar,37,30,23,30,120,0,21,82,26,129,37,51,105,56,249,84,96,180,429
11/19/2009,COS,CO,ANM,WE,Combined TRACON& Tower with Radar,51,52,36,33,172,0,7,51,31,89,51,59,87,64,261,122,100,222,483
11/20/2009,COS,CO,ANM,WE,Combined TRACON& Tower with Radar,53,46,42,139,280,0,13,76,26,115,53,59,118,165,395,150,184,334,729
11/21/2009,COS,CO,ANM,WE,Combined TRACON& Tower with Radar,66,29,40,37,172,0,3,99,22,124,66,32,139,59,296,134,10,144,440
11/22/2009,COS,CO,ANM,WE,Combined TRACON& Tower with Radar,54,39,37,36,166,0,3,55,35,93,54,42,92,71,259,76,50,126,385
11/23/2009,COS,CO,ANM,WE,Combined TRACON& Tower with Radar,53,45,25,51,174,0,2,16,14,32,53,47,41,65,206,6,32,38,244
11/24/2009,COS,CO,ANM,WE,Combined TRACON& Tower with Radar,65,44,35,50,194,0,5,74,20,99,65,49,109,70,293,116,116,232,525
11/25/2009,COS,CO,ANM,WE,Combined TRACON& Tower with Radar,53,51,43,33,180,0,3,100,16,119,53,54,143,49,299,170,72,242,541
11/26/2009,COS,CO,ANM,WE,Combined TRACON& Tower with Radar,38,26,13,0,77,0,1,37,0,38,38,27,50,0,115,32,0,32,147
11/27/2009,COS,CO,ANM,WE,Combined TRACON& Tower with Radar,43,34,38,4,119,0,4,112,1,117,43,38,150,5,236,146,0,146,382
11/28/2009,COS,CO,ANM,WE,Combined TRACON& Tower with Radar,66,35,33,4,138,0,2,53,2,57,66,37,86,6,195,108,16,124,319
11/29/2009,COS,CO,ANM,WE,Combined TRACON& Tower with Radar,55,45,44,0,144,0,0,0,0,0,55,45,44,0,144,0,0,0,144
11/30/2009,COS,CO,ANM,WE,Combined TRACON& Tower with Radar,51,28,51,16,146,0,11,47,9,67,51,39,98,25,213,64,8,72,285
12/01/2009,COS,CO,ANM,WE,Combined TRACON& Tower with Radar,59,39,23,61,182,0,3,57,29,89,59,42,80,90,271,130,186,316,587
12/02/2009,COS,CO,ANM,WE,Combined TRACON& Tower with Radar,37,28,8,17,90,0,0,0,0,0,37,28,8,17,90,0,24,24,114
12/03/2009,COS,CO,ANM,WE,Combined TRACON& Tower with Radar,50,60,34,37,181,0,3,7,4,14,50,63,41,41,195,138,152,290,485
12/04/2009,COS,CO,ANM,WE,Combined TRACON& Tower with Radar,58,38,30,57,183,0,6,57,15,78,58,44,87,72,261,138,152,290,551
12/05/2009,COS,CO,ANM,WE,Combined TRACON& Tower with Radar,48,38,45,14,145,0,4,85,13,102,48,42,130,27,247,194,74,268,515
12/06/2009,COS,CO,ANM,WE,Combined TRACON& Tower with Radar,42,43,15,9,109,0,0,0,0,0,42,43,15,9,109,0,0,0,109
12/07/2009,COS,CO,ANM,WE,Combined TRACON& Tower with Radar,52,37,7,13,109,0,0,1,0,1,52,37,8,13,110,0,0,0,110
12/08/2009,COS,CO,ANM,WE,Combined TRACON& Tower with Radar,47,48,7,3,105,0,0,0,2,2,47,48,7,5,107,0,0,0,107
12/09/2009,COS,CO,ANM,WE,Combined TRACON& Tower with Radar,55,53,12,50,170,0,7,40,43,90,55,60,52,93,260,38,80,118,378
12/10/2009,COS,CO,ANM,WE,Combined TRACON& Tower with Radar,52,46,23,57,178,0,4,82,71,157,52,50,105,128,335,76,62,138,473
12/11/2009,COS,CO,ANM,WE,Combined TRACON& Tower with Radar,52,57,42,54,205,0,6,68,18,92,52,63,110,72,297,210,32,242,539
12/12/2009,COS,CO,ANM,WE,Combined TRACON& Tower with Radar,47,40,34,20,141,0,3,59,13,75,47,43,93,33,216,84,40,124,340
12/13/2009,COS,CO,ANM,WE,Combined TRACON& Tower with Radar,52,40,10,25,127,0,0,11,5,16,52,40,21,30,143,0,0,0,143
12/14/2009,COS,CO,ANM,WE,Combined TRACON& Tower with Radar,48,48,54,60,210,0,4,50,25,79,48,52,104,85,289,148,62,210,499
12/15/2009,COS,CO,ANM,WE,Combined TRACON& Tower with Radar,52,50,24,83,209,0,2,76,26,104,52,52,100,109,313,70,84,154,467
12/16/2009,COS,CO,ANM,WE,Combined TRACON& Tower with Radar,65,39,24,42,170,0,5,75,59,139,65,44,99,101,309,192,174,366,675
12/17/2009,COS,CO,ANM,WE,Combined TRACON& Tower with Radar,46,50,27,23,146,0,4,63,50,117,46,54,90,73,263,134,52,186,449
12/18/2009,COS,CO,ANM,WE,Combined TRACON& Tower with Radar,45,54,30,52,181,0,6,73,21,100,45,60,103,73,281,158,62,220,501
12/19/2009,COS,CO,ANM,WE,Combined TRACON& Tower with Radar,52,53,182,28,315,0,0,0,0,0,52,53,182,28,315,126,22,148,463
12/20/2009,COS,CO,ANM,WE,Combined TRACON& Tower with Radar,50,48,36,24,158,0,0,91,9,100,50,48,127,33,258,86,0,86,344
12/21/2009,COS,CO,ANM,WE,Combined TRACON& Tower with Radar,48,50,29,35,162,0,2,92,39,133,48,52,121,74,295,104,45,149,444
12/22/2009,COS,CO,ANM,WE,Combined TRACON& Tower with Radar,46,46,29,13,134,0,1,59,15,75,46,47,88,28,209,80,26,106,315
12/23/2009,COS,CO,ANM,WE,Combined TRACON& Tower with Radar,46,46,15,2,109,0,0,16,0,16,46,46,31,2,125,0,0,0,125
12/24/2009,COS,CO,ANM,WE,Combined TRACON& Tower with Radar,53,46,38,3,140,0,1,0,0,1,53,47,38,3,141,0,0,0,141
12/25/2009,COS,CO,ANM,WE,Combined TRACON& Tower with Radar,39,41,2,1,83,0,0,40,0,40,39,41,42,1,123,0,0,0,123
12/26/2009,COS,CO,ANM,WE,Combined TRACON& Tower with Radar,45,63,24,0,132,0,2,29,0,31,45,65,53,0,163,20,0,20,183
12/27/2009,COS,CO,ANM,WE,Combined TRACON& Tower with Radar,46,53,33,3,135,0,2,62,1,65,46,55,95,4,200,22,0,22,222
12/28/2009,COS,CO,ANM,WE,Combined TRACON& Tower with Radar,46,49,37,8,140,0,2,85,15,102,46,51,122,23,242,112,2,114,356
12/29/2009,COS,CO,ANM,WE,Combined TRACON& Tower with Radar,47,29,26,28,130,0,1,70,6,77,47,30,96,34,207,56,76,132,339
12/30/2009,COS,CO,ANM,WE,Combined TRACON& Tower with Radar,49,48,34,11,142,0,2,86,38,126,49,50,120,49,268,130,114,244,512
12/31/2009,COS,CO,ANM,WE,Combined TRACON& Tower with Radar,51,41,21,7,120,0,0,71,4,75,51,41,92,11,195,126,28,154,349
01/01/2010,COS,CO,ANM,WE,Combined TRACON& Tower with Radar,59,28,22,0,109,0,1,60,7,68,59,29,82,7,177,106,0,106,283
01/02/2010,COS,CO,ANM,WE,Combined TRACON& Tower with Radar,52,50,32,10,144,0,2,50,1,53,52,52,82,11,197,40,8,48,245
01/03/2010,COS,CO,ANM,WE,Combined TRACON& Tower with Radar,43,52,56,9,160,0,0,0,0,0,43,52,56,9,160,48,0,48,208
01/04/2010,COS,CO,ANM,WE,Combined TRACON& Tower with Radar,51,48,32,16,147,0,11,57,19,87,51,59,89,35,234,80,50,130,364
01/05/2010,COS,CO,ANM,WE,Combined TRACON& Tower with Radar,53,29,72,23,177,0,8,51,19,78,53,37,123,42,255,126,46,172,427
01/06/2010,COS,CO,ANM,WE,Combined TRACON& Tower with Radar,46,47,17,56,166,0,2,8,12,22,46,49,25,68,188,56,144,200,388
01/07/2010,COS,CO,ANM,WE,Combined TRACON& Tower with Radar,50,42,26,33,151,0,3,33,17,53,50,45,59,50,204,54,70,124,328
01/08/2010,COS,CO,ANM,WE,Combined TRACON& Tower with Radar,55,46,36,36,173,0,5,54,1,60,55,51,90,37,233,88,24,112,345
01/09/2010,COS,CO,ANM,WE,Combined TRACON& Tower with Radar,56,20,28,27,131,0,6,120,16,142,56,26,148,43,273,184,92,276,549
01/10/2010,COS,CO,ANM,WE,Combined TRACON& Tower with Radar,44,39,17,30,130,0,2,58,8,68,44,41,75,38,198,26,20,46,244
01/11/2010,COS,CO,ANM,WE,Combined TRACON& Tower with Radar,51,39,34,47,171,0,3,58,12,73,51,42,92,59,244,56,24,80,324
01/12/2010,COS,CO,ANM,WE,Combined TRACON& Tower with Radar,51,33,46,46,176,0,8,56,20,84,51,41,102,66,260,38,152,190,450
01/13/2010,COS,CO,ANM,WE,Combined TRACON& Tower with Radar,50,43,60,55,208,0,11,89,33,133,50,54,149,88,341,146,156,302,643
01/14/2010,COS,CO,ANM,WE,Combined TRACON& Tower with Radar,49,37,32,45,163,0,4,35,30,69,49,41,67,75,232,48,154,202,434
01/15/2010,COS,CO,ANM,WE,Combined TRACON& Tower with Radar,48,45,42,62,197,0,3,70,37,110,48,48,112,99,307,112,230,342,649
01/16/2010,COS,CO,ANM,WE,Combined TRACON& Tower with Radar,49,31,31,14,125,0,2,84,18,104,49,33,115,32,229,96,10,106,335
01/17/2010,COS,CO,ANM,WE,Combined TRACON& Tower with Radar,42,32,14,14,102,0,2,53,4,59,42,34,67,18,161,50,16,66,227
01/18/2010,COS,CO,ANM,WE,Combined TRACON& Tower with Radar,53,39,31,32,155,0,2,54,7,63,53,41,85,39,218,84,2,86,304
01/19/2010,COS,CO,ANM,WE,Combined TRACON& Tower with Radar,54,31,28,25,138,0,7,26,28,61,54,38,54,53,199,42,130,172,371
01/20/2010,COS,CO,ANM,WE,Combined TRACON& Tower with Radar,51,39,33,58,181,0,8,24,20,52,51,47,57,78,233,76,100,176,409
01/21/2010,COS,CO,ANM,WE,Combined TRACON& Tower with Radar,48,40,30,83,201,0,9,39,63,111,48,49,69,146,312,52,212,264,576
01/22/2010,COS,CO,ANM,WE,Combined TRACON& Tower with Radar,75,54,19,35,183,0,4,25,13,42,75,58,44,48,225,54,98,152,377
01/23/2010,COS,CO,ANM,WE,Combined TRACON& Tower with Radar,48,32,24,18,122,0,1,48,8,57,48,33,72,26,179,132,10,142,321
01/24/2010,COS,CO,ANM,WE,Combined TRACON& Tower with Radar,42,35,43,20,140,0,0,0,0,0,42,35,43,20,140,12,0,12,152
01/25/2010,COS,CO,ANM,WE,Combined TRACON& Tower with Radar,48,40,39,49,176,0,9,58,50,117,48,49,97,99,293,288,186,474,767
01/26/2010,COS,CO,ANM,WE,Combined TRACON& Tower with Radar,54,35,48,45,182,0,10,61,42,113,54,45,109,87,295,154,178,332,627
01/27/2010,COS,CO,ANM,WE,Combined TRACON& Tower with Radar,45,41,23,46,155,0,20,31,23,74,45,61,54,69,229,80,178,258,487
01/28/2010,COS,CO,ANM,WE,Combined TRACON& Tower with Radar,50,39,7,19,115,0,0,0,0,0,50,39,7,19,115,0,0,0,115
01/29/2010,COS,CO,ANM,WE,Combined TRACON& Tower with Radar,48,53,23,80,204,0,5,51,10,66,48,58,74,90,270,130,90,220,490
01/30/2010,COS,CO,ANM,WE,Combined TRACON& Tower with Radar,48,32,27,24,131,0,2,117,10,129,48,34,144,34,260,46,30,76,336
01/31/2010,COS,CO,ANM,WE,Combined TRACON& Tower with Radar,41,32,30,28,131,0,5,96,3,104,41,37,126,31,235,156,0,156,391
02/01/2010,COS,CO,ANM,WE,Combined TRACON& Tower with Radar,48,43,37,41,169,0,8,38,27,73,48,51,75,68,242,90,142,232,474
02/02/2010,COS,CO,ANM,WE,Combined TRACON& Tower with Radar,51,29,30,53,163,0,5,63,43,111,51,34,93,96,274,152,192,344,618
02/03/2010,COS,CO,ANM,WE,Combined TRACON& Tower with Radar,47,40,37,57,181,0,5,63,23,91,47,45,100,80,272,54,112,166,438
02/04/2010,COS,CO,ANM,WE,Combined TRACON& Tower with Radar,54,48,24,65,191,0,3,20,39,62,54,51,44,104,253,36,144,180,433
02/05/2010,COS,CO,ANM,WE,Combined TRACON& Tower with Radar,50,43,26,30,149,0,4,68,19,91,50,47,94,49,240,72,76,148,388
02/06/2010,COS,CO,ANM,WE,Combined TRACON& Tower with Radar,59,23,23,17,122,0,2,51,7,60,59,25,74,24,182,56,38,94,276
02/07/2010,COS,CO,ANM,WE,Combined TRACON& Tower with Radar,44,33,12,9,98,0,0,3,0,3,44,33,15,9,101,16,0,16,117
02/08/2010,COS,CO,ANM,WE,Combined TRACON& Tower with Radar,47,41,11,13,112,0,0,0,0,0,47,41,11,13,112,16,0,16,128
02/09/2010,COS,CO,ANM,WE,Combined TRACON& Tower with Radar,57,33,13,58,161,0,0,9,10,19,57,33,22,68,180,0,20,20,200
02/10/2010,COS,CO,ANM,WE,Combined TRACON& Tower with Radar,51,38,34,75,198,0,9,54,56,119,51,47,88,131,317,86,156,242,559
02/11/2010,COS,CO,ANM,WE,Combined TRACON& Tower with Radar,45,46,50,26,167,0,5,53,11,69,45,51,103,37,236,144,120,264,500
02/12/2010,COS,CO,ANM,WE,Combined TRACON& Tower with Radar,53,43,37,27,160,0,5,91,16,112,53,48,128,43,272,92,76,168,440
02/13/2010,COS,CO,ANM,WE,Combined TRACON& Tower with Radar,39,45,40,16,140,0,2,81,9,92,39,47,121,25,232,96,4,100,332
02/14/2010,COS,CO,ANM,WE,Combined TRACON& Tower with Radar,54,44,11,3,112,0,2,45,3,50,54,46,56,6,162,0,0,0,162
02/15/2010,COS,CO,ANM,WE,Combined TRACON& Tower with Radar,55,45,43,15,158,0,3,77,3,83,55,48,120,18,241,126,0,126,367
02/16/2010,COS,CO,ANM,WE,Combined TRACON& Tower with Radar,50,43,29,32,154,0,5,55,23,83,50,48,84,55,237,68,58,126,363
02/17/2010,COS,CO,ANM,WE,Combined TRACON& Tower with Radar,50,46,37,91,224,0,4,49,32,85,50,50,86,123,309,152,224,376,685
02/18/2010,COS,CO,ANM,WE,Combined TRACON& Tower with Radar,48,51,75,66,240,0,0,0,0,0,48,51,75,66,240,34,76,110,350
02/19/2010,COS,CO,ANM,WE,Combined TRACON& Tower with Radar,52,41,21,17,131,0,2,13,20,35,52,43,34,37,166,42,40,82,248
02/20/2010,COS,CO,ANM,WE,Combined TRACON& Tower with Radar,43,34,5,3,85,0,0,0,0,0,43,34,5,3,85,0,0,0,85
02/21/2010,COS,CO,ANM,WE,Combined TRACON& Tower with Radar,47,41,20,18,126,0,0,3,0,3,47,41,23,18,129,0,0,0,129
02/22/2010,COS,CO,ANM,WE,Combined TRACON& Tower with Radar,52,45,40,22,159,0,0,6,11,17,52,45,46,33,176,34,34,68,244
02/23/2010,COS,CO,ANM,WE,Combined TRACON& Tower with Radar,45,40,29,95,209,0,1,75,64,140,45,41,104,159,349,104,162,266,615
02/24/2010,COS,CO,ANM,WE,Combined TRACON& Tower with Radar,54,36,61,62,213,0,10,70,72,152,54,46,131,134,365,114,132,246,611
02/25/2010,COS,CO,ANM,WE,Combined TRACON& Tower with Radar,50,43,20,36,149,0,2,3,4,9,50,45,23,40,158,0,22,22,180
02/26/2010,COS,CO,ANM,WE,Combined TRACON& Tower with Radar,54,49,35,38,176,0,1,90,33,124,54,50,125,71,300,165,80,245,545
02/27/2010,COS,CO,ANM,WE,Combined TRACON& Tower with Radar,42,39,36,13,130,0,3,113,16,132,42,42,149,29,262,222,10,232,494
02/28/2010,COS,CO,ANM,WE,Combined TRACON& Tower with Radar,49,45,43,31,168,0,6,0,0,6,49,51,43,31,174,24,12,36,210
03/01/2010,COS,CO,ANM,WE,Combined TRACON& Tower with Radar,50,46,31,15,142,0,0,12,0,12,50,46,43,15,154,24,0,24,178
03/02/2010,COS,CO,ANM,WE,Combined TRACON& Tower with Radar,53,41,34,61,189,0,8,87,36,131,53,49,121,97,320,192,174,366,686
03/03/2010,COS,CO,ANM,WE,Combined TRACON& Tower with Radar,50,40,60,74,224,0,5,89,27,121,50,45,149,101,345,90,112,202,547
03/04/2010,COS,CO,ANM,WE,Combined TRACON& Tower with Radar,51,45,58,54,208,0,6,80,43,129,51,51,138,97,337,188,98,286,623
03/05/2010,COS,CO,ANM,WE,Combined TRACON& Tower with Radar,58,45,36,41,180,0,3,37,5,45,58,48,73,46,225,54,38,92,317
03/06/2010,COS,CO,ANM,WE,Combined TRACON& Tower with Radar,45,40,35,48,168,0,0,153,30,183,45,40,188,78,351,126,32,158,509
03/07/2010,COS,CO,ANM,WE,Combined TRACON& Tower with Radar,74,47,35,14,170,0,1,43,8,52,74,48,78,22,222,104,10,114,336
03/08/2010,COS,CO,ANM,WE,Combined TRACON& Tower with Radar,50,46,16,28,140,0,3,3,6,12,50,49,19,34,152,60,58,118,270
03/09/2010,COS,CO,ANM,WE,Combined TRACON& Tower with Radar,52,40,32,71,195,0,2,50,17,69,52,42,82,88,264,102,98,200,464
03/10/2010,COS,CO,ANM,WE,Combined TRACON& Tower with Radar,49,39,21,61,170,0,10,21,8,39,49,49,42,69,209,44,98,142,351
03/11/2010,COS,CO,ANM,WE,Combined TRACON& Tower with Radar,54,41,36,33,164,0,18,15,25,58,54,59,51,58,222,50,122,172,394
03/12/2010,COS,CO,ANM,WE,Combined TRACON& Tower with Radar,53,41,35,31,160,0,7,89,18,114,53,48,124,49,274,106,98,204,478
03/13/2010,COS,CO,ANM,WE,Combined TRACON& Tower with Radar,42,42,51,14,149,0,5,143,28,176,42,47,194,42,325,176,36,212,537
03/14/2010,COS,CO,ANM,WE,Combined TRACON& Tower with Radar,53,36,19,12,120,0,4,4,1,9,53,40,23,13,129,48,0,48,177
03/15/2010,COS,CO,ANM,WE,Combined TRACON& Tower with Radar,55,43,31,16,145,0,15,47,20,82,55,58,78,36,227,191,141,332,559
03/16/2010,COS,CO,ANM,WE,Combined TRACON& Tower with Radar,55,42,54,49,200,1,24,79,42,146,56,66,133,91,346,144,224,368,714
03/17/2010,COS,CO,ANM,WE,Combined TRACON& Tower with Radar,52,43,55,41,191,0,11,94,28,133,52,54,149,69,324,122,206,328,652
03/18/2010,COS,CO,ANM,WE,Combined TRACON& Tower with Radar,58,53,116,59,286,0,0,0,0,0,58,53,116,59,286,86,214,300,586
03/19/2010,COS,CO,ANM,WE,Combined TRACON& Tower with Radar,50,42,25,9,126,0,1,0,1,2,50,43,25,10,128,0,0,0,128
03/20/2010,COS,CO,ANM,WE,Combined TRACON& Tower with Radar,47,44,40,35,166,0,0,65,17,82,47,44,105,52,248,94,18,112,360
03/21/2010,COS,CO,ANM,WE,Combined TRACON& Tower with Radar,53,38,42,23,156,0,2,105,19,126,53,40,147,42,282,114,36,150,432
03/22/2010,COS,CO,ANM,WE,Combined TRACON& Tower with Radar,55,42,34,21,152,0,1,73,11,85,55,43,107,32,237,128,46,174,411
03/23/2010,COS,CO,ANM,WE,Combined TRACON& Tower with Radar,60,35,37,32,164,0,5,31,9,45,60,40,68,41,209,110,32,142,351
03/24/2010,COS,CO,ANM,WE,Combined TRACON& Tower with Radar,53,38,11,16,118,0,0,1,0,1,53,38,12,16,119,0,26,26,145
03/25/2010,COS,CO,ANM,WE,Combined TRACON& Tower with Radar,53,47,35,33,168,0,2,76,21,99,53,49,111,54,267,220,48,268,535
03/26/2010,COS,CO,ANM,WE,Combined TRACON& Tower with Radar,56,43,32,8,139,0,3,37,4,44,56,46,69,12,183,88,6,94,277
03/27/2010,COS,CO,ANM,WE,Combined TRACON& Tower with Radar,42,45,12,10,109,0,0,0,0,0,42,45,12,10,109,0,0,0,109
03/28/2010,COS,CO,ANM,WE,Combined TRACON& Tower with Radar,49,41,144,18,252,0,6,3,0,9,49,47,147,18,261,198,8,206,467
03/29/2010,COS,CO,ANM,WE,Combined TRACON& Tower with Radar,54,47,26,26,153,0,28,78,9,115,54,75,104,35,268,216,156,372,640
03/30/2010,COS,CO,ANM,WE,Combined TRACON& Tower with Radar,47,38,25,23,133,0,18,44,14,76,47,56,69,37,209,118,74,192,401
03/31/2010,COS,CO,ANM,WE,Combined TRACON& Tower with Radar,50,39,37,30,156,0,19,44,29,92,50,58,81,59,248,160,222,382,630
04/01/2010,COS,CO,ANM,WE,Combined TRACON& Tower with Radar,52,55,35,23,165,0,0,0,0,0,52,55,35,23,165,45,28,73,238
04/02/2010,COS,CO,ANM,WE,Combined TRACON& Tower with Radar,52,51,19,23,145,0,5,18,6,29,52,56,37,29,174,14,28,42,216
04/03/2010,COS,CO,ANM,WE,Combined TRACON& Tower with Radar,43,35,26,15,119,0,1,45,5,51,43,36,71,20,170,54,12,66,236
04/04/2010,COS,CO,ANM,WE,Combined TRACON& Tower with Radar,53,35,14,4,106,0,2,55,4,61,53,37,69,8,167,58,12,70,237
04/05/2010,COS,CO,ANM,WE,Combined TRACON& Tower with Radar,66,40,16,12,134,0,5,23,2,30,66,45,39,14,164,2,6,8,172
04/06/2010,COS,CO,ANM,WE,Combined TRACON& Tower with Radar,78,38,20,51,187,0,5,21,15,41,78,43,41,66,228,44,86,130,358
04/07/2010,COS,CO,ANM,WE,Combined TRACON& Tower with Radar,67,38,28,56,189,0,1,8,12,21,67,39,36,68,210,38,112,150,360
04/08/2010,COS,CO,ANM,WE,Combined TRACON& Tower with Radar,55,56,124,67,302,0,0,0,0,0,55,56,124,67,302,156,164,320,622
04/09/2010,COS,CO,ANM,WE,Combined TRACON& Tower with Radar,52,46,41,45,184,0,24,81,28,133,52,70,122,73,317,134,180,314,631
04/10/2010,COS,CO,ANM,WE,Combined TRACON& Tower with Radar,42,36,31,16,125,0,2,99,16,117,42,38,130,32,242,170,4,174,416
04/11/2010,COS,CO,ANM,WE,Combined TRACON& Tower with Radar,49,36,122,41,248,0,0,0,0,0,49,36,122,41,248,94,30,124,372
04/12/2010,COS,CO,ANM,WE,Combined TRACON& Tower with Radar,56,32,30,46,164,0,8,57,7,72,56,40,87,53,236,140,134,274,510
04/13/2010,COS,CO,ANM,WE,Combined TRACON& Tower with Radar,59,37,19,14,129,0,0,7,3,10,59,37,26,17,139,22,24,46,185
04/14/2010,COS,CO,ANM,WE,Combined TRACON& Tower with Radar,54,36,49,48,187,0,17,55,23,95,54,53,104,71,282,114,160,274,556
04/15/2010,COS,CO,ANM,WE,Combined TRACON& Tower with Radar,52,40,38,64,194,0,6,68,39,113,52,46,106,103,307,118,136,254,561
04/16/2010,COS,CO,ANM,WE,Combined TRACON& Tower with Radar,57,39,43,51,190,0,2,31,13,46,57,41,74,64,236,128,74,202,438
04/17/2010,COS,CO,ANM,WE,Combined TRACON& Tower with Radar,39,35,14,1,89,0,0,0,0,0,39,35,14,1,89,0,0,0,89
04/18/2010,COS,CO,ANM,WE,Combined TRACON& Tower with Radar,50,32,46,27,155,0,2,88,11,101,50,34,134,38,256,134,12,146,402
04/19/2010,COS,CO,ANM,WE,Combined TRACON& Tower with Radar,52,36,27,32,147,0,16,52,15,83,52,52,79,47,230,70,104,174,404
04/20/2010,COS,CO,ANM,WE,Combined TRACON& Tower with Radar,74,55,24,59,212,0,11,40,24,75,74,66,64,83,287,114,146,260,547
04/21/2010,COS,CO,ANM,WE,Combined TRACON& Tower with Radar,40,24,23,55,142,0,8,21,25,54,40,32,44,80,196,74,152,226,422
04/22/2010,COS,CO,ANM,WE,Combined TRACON& Tower with Radar,71,51,40,57,219,0,0,0,0,0,71,51,40,57,219,72,74,146,365
04/23/2010,COS,CO,ANM,WE,Combined TRACON& Tower with Radar,56,47,25,8,136,0,0,1,1,2,56,47,26,9,138,0,0,0,138
04/24/2010,COS,CO,ANM,WE,Combined TRACON& Tower with Radar,41,45,12,13,111,0,3,13,7,23,41,48,25,20,134,10,4,14,148
04/25/2010,COS,CO,ANM,WE,Combined TRACON& Tower with Radar,51,39,57,17,164,0,7,85,17,109,51,46,142,34,273,34,0,34,307
04/26/2010,COS,CO,ANM,WE,Combined TRACON& Tower with Radar,61,42,33,46,182,0,18,30,16,64,61,60,63,62,246,112,126,238,484
04/27/2010,COS,CO,ANM,WE,Combined TRACON& Tower with Radar,53,40,48,48,189,0,14,106,52,172,53,54,154,100,361,152,272,424,785
04/28/2010,COS,CO,ANM,WE,Combined TRACON& Tower with Radar,64,35,19,11,129,0,5,36,4,45,64,40,55,15,174,14,10,24,198
04/29/2010,COS,CO,ANM,WE,Combined TRACON& Tower with Radar,61,35,20,36,152,0,9,22,15,46,61,44,42,51,198,10,154,164,362
04/30/2010,COS,CO,ANM,WE,Combined TRACON& Tower with Radar,47,29,23,25,124,0,3,24,19,46,47,32,47,44,170,62,156,218,388
05/01/2010,COS,CO,ANM,WE,Combined TRACON& Tower with Radar,57,37,25,41,160,0,2,74,16,92,57,39,99,57,252,136,58,194,446
05/02/2010,COS,CO,ANM,WE,Combined TRACON& Tower with Radar,69,47,28,31,175,0,6,37,5,48,69,53,65,36,223,0,0,0,223
05/03/2010,COS,CO,ANM,WE,Combined TRACON& Tower with Radar,52,44,24,38,158,0,0,51,38,89,52,44,75,76,247,22,128,150,397
05/04/2010,COS,CO,ANM,WE,Combined TRACON& Tower with Radar,55,36,18,9,118,0,4,94,1,99,55,40,112,10,217,0,0,0,217
05/05/2010,COS,CO,ANM,WE,Combined TRACON& Tower with Radar,55,38,27,36,156,0,4,70,104,178,55,42,97,140,334,0,0,0,334
05/06/2010,COS,CO,ANM,WE,Combined TRACON& Tower with Radar,56,45,38,19,158,0,0,109,53,162,56,45,147,72,320,0,0,0,320
05/07/2010,COS,CO,ANM,WE,Combined TRACON& Tower with Radar,59,48,21,46,174,0,3,97,79,179,59,51,118,125,353,0,0,0,353
05/08/2010,COS,CO,ANM,WE,Combined TRACON& Tower with Radar,38,36,21,12,107,0,2,125,6,133,38,38,146,18,240,0,0,0,240
05/09/2010,COS,CO,ANM,WE,Combined TRACON& Tower with Radar,54,39,17,7,117,0,3,62,4,69,54,42,79,11,186,0,0,0,186
05/10/2010,COS,CO,ANM,WE,Combined TRACON& Tower with Radar,55,45,20,10,130,0,1,66,21,88,55,46,86,31,218,0,0,0,218
05/11/2010,COS,CO,ANM,WE,Combined TRACON& Tower with Radar,60,38,35,48,181,0,0,90,31,121,60,38,125,79,302,0,0,0,302
05/12/2010,COS,CO,ANM,WE,Combined TRACON& Tower with Radar,52,45,14,46,157,0,0,24,23,47,52,45,38,69,204,0,0,0,204
05/13/2010,COS,CO,ANM,WE,Combined TRACON& Tower with Radar,57,40,35,70,202,0,2,151,226,379,57,42,186,296,581,118,78,196,777
05/14/2010,COS,CO,ANM,WE,Combined TRACON& Tower with Radar,54,47,31,18,150,0,5,92,6,103,54,52,123,24,253,62,4,66,319
05/15/2010,COS,CO,ANM,WE,Combined TRACON& Tower with Radar,37,35,26,4,102,0,2,129,9,140,37,37,155,13,242,0,0,0,242
05/16/2010,COS,CO,ANM,WE,Combined TRACON& Tower with Radar,48,38,38,15,139,0,7,100,12,119,48,45,138,27,258,0,0,0,258
05/17/2010,COS,CO,ANM,WE,Combined TRACON& Tower with Radar,54,45,24,26,149,0,1,128,58,187,54,46,152,84,336,0,0,0,336
05/18/2010,COS,CO,ANM,WE,Combined TRACON& Tower with Radar,87,58,38,47,230,3,0,98,159,260,90,58,136,206,490,0,0,0,490
05/19/2010,COS,CO,ANM,WE,Combined TRACON& Tower with Radar,54,45,21,44,164,0,3,85,90,178,54,48,106,134,342,0,0,0,342
05/20/2010,COS,CO,ANM,WE,Combined TRACON& Tower with Radar,54,41,46,26,167,0,1,189,100,290,54,42,235,126,457,0,0,0,457
05/21/2010,COS,CO,ANM,WE,Combined TRACON& Tower with Radar,53,48,31,43,175,0,2,155,33,190,53,50,186,76,365,0,0,0,365
05/22/2010,COS,CO,ANM,WE,Combined TRACON& Tower with Radar,44,36,12,22,114,0,4,26,11,41,44,40,38,33,155,0,0,0,155
05/23/2010,COS,CO,ANM,WE,Combined TRACON& Tower with Radar,54,40,29,11,134,0,0,111,8,119,54,40,140,19,253,0,0,0,253
05/24/2010,COS,CO,ANM,WE,Combined TRACON& Tower with Radar,38,43,24,5,110,0,4,15,5,24,38,47,39,10,134,0,0,0,134
05/25/2010,COS,CO,ANM,WE,Combined TRACON& Tower with Radar,52,43,28,38,161,2,2,266,226,496,54,45,294,264,657,0,0,0,657
05/26/2010,COS,CO,ANM,WE,Combined TRACON& Tower with Radar,137,66,31,29,263,0,4,106,60,170,137,70,137,89,433,0,0,0,433
05/27/2010,COS,CO,ANM,WE,Combined TRACON& Tower with Radar,60,46,41,31,178,0,5,183,146,334,60,51,224,177,512,0,0,0,512
05/28/2010,COS,CO,ANM,WE,Combined TRACON& Tower with Radar,56,45,40,8,149,0,2,209,0,211,56,47,249,8,360,0,0,0,360
05/29/2010,COS,CO,ANM,WE,Combined TRACON& Tower with Radar,42,34,17,3,96,0,2,121,0,123,42,36,138,3,219,0,0,0,219
05/30/2010,COS,CO,ANM,WE,Combined TRACON& Tower with Radar,44,27,29,2,102,0,6,108,0,114,44,33,137,2,216,0,0,0,216
05/31/2010,COS,CO,ANM,WE,Combined TRACON& Tower with Radar,51,48,41,8,148,0,5,148,6,159,51,53,189,14,307,0,0,0,307
06/01/2010,COS,CO,ANM,WE,Combined TRACON& Tower with Radar,56,43,23,36,158,0,0,55,34,89,56,43,78,70,247,90,202,292,539
06/02/2010,COS,CO,ANM,WE,Combined TRACON& Tower with Radar,62,42,33,21,158,0,6,49,32,87,62,48,82,53,245,72,102,174,419
06/03/2010,COS,CO,ANM,WE,Combined TRACON& Tower with Radar,59,39,30,43,171,0,9,49,41,99,59,48,79,84,270,98,254,352,622
06/04/2010,COS,CO,ANM,WE,Combined TRACON& Tower with Radar,62,43,21,48,174,0,2,46,37,85,62,45,67,85,259,160,180,340,599
06/05/2010,COS,CO,ANM,WE,Combined TRACON& Tower with Radar,45,40,29,49,163,0,1,80,19,100,45,41,109,68,263,188,24,212,475
06/06/2010,COS,CO,ANM,WE,Combined TRACON& Tower with Radar,54,43,46,31,174,0,4,53,13,70,54,47,99,44,244,86,20,106,350
06/07/2010,COS,CO,ANM,WE,Combined TRACON& Tower with Radar,53,52,26,46,177,0,9,36,31,76,53,61,62,77,253,48,164,212,465
06/08/2010,COS,CO,ANM,WE,Combined TRACON& Tower with Radar,60,42,32,35,169,0,5,24,51,80,60,47,56,86,249,168,258,426,675
06/09/2010,COS,CO,ANM,WE,Combined TRACON& Tower with Radar,59,41,42,56,198,0,2,8,27,37,59,43,50,83,235,6,166,172,407
06/10/2010,COS,CO,ANM,WE,Combined TRACON& Tower with Radar,58,53,44,30,185,0,1,34,44,79,58,54,78,74,264,158,278,436,700
06/11/2010,COS,CO,ANM,WE,Combined TRACON& Tower with Radar,81,57,32,24,194,0,3,46,30,79,81,60,78,54,273,82,122,204,477
06/12/2010,COS,CO,ANM,WE,Combined TRACON& Tower with Radar,56,41,18,14,129,0,0,21,1,22,56,41,39,15,151,56,0,56,207
06/13/2010,COS,CO,ANM,WE,Combined TRACON& Tower with Radar,50,51,27,12,140,0,0,20,2,22,50,51,47,14,162,24,2,26,188
06/14/2010,COS,CO,ANM,WE,Combined TRACON& Tower with Radar,52,50,40,32,174,0,2,16,1,19,52,52,56,33,193,40,58,98,291
06/15/2010,COS,CO,ANM,WE,Combined TRACON& Tower with Radar,56,45,42,19,162,0,2,84,47,133,56,47,126,66,295,116,292,408,703
06/16/2010,COS,CO,ANM,WE,Combined TRACON& Tower with Radar,60,52,57,20,189,0,0,52,54,106,60,52,109,74,295,140,192,332,627
06/17/2010,COS,CO,ANM,WE,Combined TRACON& Tower with Radar,60,49,35,34,178,0,6,33,31,70,60,55,68,65,248,64,168,232,480
06/18/2010,COS,CO,ANM,WE,Combined TRACON& Tower with Radar,56,49,38,32,175,0,2,52,17,71,56,51,90,49,246,46,36,82,328
06/19/2010,COS,CO,ANM,WE,Combined TRACON& Tower with Radar,49,51,43,24,167,0,0,101,5,106,49,51,144,29,273,52,10,62,335
06/20/2010,COS,CO,ANM,WE,Combined TRACON& Tower with Radar,51,53,32,9,145,0,3,71,3,77,51,56,103,12,222,46,0,46,268
06/21/2010,COS,CO,ANM,WE,Combined TRACON& Tower with Radar,69,48,22,17,156,0,1,48,7,56,69,49,70,24,212,78,10,88,300
06/22/2010,COS,CO,ANM,WE,Combined TRACON& Tower with Radar,52,49,19,21,141,0,5,78,33,116,52,54,97,54,257,280,174,454,711
06/23/2010,COS,CO,ANM,WE,Combined TRACON& Tower with Radar,57,46,23,21,147,0,6,49,48,103,57,52,72,69,250,209,320,529,779
06/24/2010,COS,CO,ANM,WE,Combined TRACON& Tower with Radar,53,46,18,12,129,0,3,53,32,88,53,49,71,44,217,42,184,226,443
06/25/2010,COS,CO,ANM,WE,Combined TRACON& Tower with Radar,84,58,28,27,197,0,7,43,23,73,84,65,71,50,270,52,84,136,406
06/26/2010,COS,CO,ANM,WE,Combined TRACON& Tower with Radar,66,56,23,43,188,0,2,82,16,100,66,58,105,59,288,62,0,62,350
06/27/2010,COS,CO,ANM,WE,Combined TRACON& Tower with Radar,49,53,27,13,142,0,5,69,14,88,49,58,96,27,230,58,10,68,298
06/28/2010,COS,CO,ANM,WE,Combined TRACON& Tower with Radar,56,49,44,14,163,0,2,55,37,94,56,51,99,51,257,22,112,134,391
06/29/2010,COS,CO,ANM,WE,Combined TRACON& Tower with Radar,57,52,56,41,206,0,0,81,37,118,57,52,137,78,324,64,226,290,614
06/30/2010,COS,CO,ANM,WE,Combined TRACON& Tower with Radar,59,50,34,47,190,0,9,43,39,91,59,59,77,86,281,32,258,290,571
07/01/2010,COS,CO,ANM,WE,Combined TRACON& Tower with Radar,56,56,61,34,207,0,4,64,43,111,56,60,125,77,318,72,320,392,710
07/02/2010,COS,CO,ANM,WE,Combined TRACON& Tower with Radar,61,53,37,17,168,0,2,55,29,86,61,55,92,46,254,90,114,204,458
07/03/2010,COS,CO,ANM,WE,Combined TRACON& Tower with Radar,46,40,24,2,112,0,2,63,3,68,46,42,87,5,180,152,0,152,332
07/04/2010,COS,CO,ANM,WE,Combined TRACON& Tower with Radar,81,32,15,5,133,0,3,24,2,29,81,35,39,7,162,104,0,104,266
07/05/2010,COS,CO,ANM,WE,Combined TRACON& Tower with Radar,54,51,31,5,141,0,4,65,15,84,54,55,96,20,225,52,92,144,369
07/06/2010,COS,CO,ANM,WE,Combined TRACON& Tower with Radar,84,52,35,32,203,0,8,60,34,102,84,60,95,66,305,72,214,286,591
07/07/2010,COS,CO,ANM,WE,Combined TRACON& Tower with Radar,58,48,36,30,172,0,1,36,16,53,58,49,72,46,225,98,52,150,375
07/08/2010,COS,CO,ANM,WE,Combined TRACON& Tower with Radar,55,52,32,13,152,0,2,39,5,46,55,54,71,18,198,80,64,144,342
07/09/2010,COS,CO,ANM,WE,Combined TRACON& Tower with Radar,58,60,32,45,195,0,1,69,14,84,58,61,101,59,279,90,32,122,401
07/10/2010,COS,CO,ANM,WE,Combined TRACON& Tower with Radar,61,45,28,15,149,0,4,96,12,112,61,49,124,27,261,80,10,90,351
07/11/2010,COS,CO,ANM,WE,Combined TRACON& Tower with Radar,52,53,38,18,161,0,0,101,18,119,52,53,139,36,280,22,28,50,330
07/12/2010,COS,CO,ANM,WE,Combined TRACON& Tower with Radar,57,44,42,20,163,0,3,52,15,70,57,47,94,35,233,92,24,116,349
07/13/2010,COS,CO,ANM,WE,Combined TRACON& Tower with Radar,55,47,30,35,167,0,2,40,41,83,55,49,70,76,250,120,132,252,502
07/14/2010,COS,CO,ANM,WE,Combined TRACON& Tower with Radar,56,51,40,46,193,0,1,70,46,117,56,52,110,92,310,156,198,354,664
07/15/2010,COS,CO,ANM,WE,Combined TRACON& Tower with Radar,57,49,44,41,191,0,7,47,23,77,57,56,91,64,268,132,80,212,480
07/16/2010,COS,CO,ANM,WE,Combined TRACON& Tower with Radar,57,49,26,25,157,0,5,89,42,136,57,54,115,67,293,54,186,240,533
07/17/2010,COS,CO,ANM,WE,Combined TRACON& Tower with Radar,53,46,41,19,159,0,1,73,5,79,53,47,114,24,238,120,28,148,386
07/18/2010,COS,CO,ANM,WE,Combined TRACON& Tower with Radar,54,52,31,7,144,0,2,70,2,74,54,54,101,9,218,74,0,74,292
07/19/2010,COS,CO,ANM,WE,Combined TRACON& Tower with Radar,66,48,18,24,156,0,5,77,18,100,66,53,95,42,256,50,60,110,366
07/20/2010,COS,CO,ANM,WE,Combined TRACON& Tower with Radar,55,46,34,38,173,0,4,68,48,120,55,50,102,86,293,46,120,166,459
07/21/2010,COS,CO,ANM,WE,Combined TRACON& Tower with Radar,61,52,42,19,174,0,2,52,49,103,61,54,94,68,277,56,144,200,477
07/22/2010,COS,CO,ANM,WE,Combined TRACON& Tower with Radar,58,50,44,26,178,0,6,51,29,86,58,56,95,55,264,98,184,282,546
07/23/2010,COS,CO,ANM,WE,Combined TRACON& Tower with Radar,59,60,60,33,212,0,5,96,30,131,59,65,156,63,343,232,150,382,725
07/24/2010,COS,CO,ANM,WE,Combined TRACON& Tower with Radar,49,49,23,11,132,0,4,49,12,65,49,53,72,23,197,120,24,144,341
07/25/2010,COS,CO,ANM,WE,Combined TRACON& Tower with Radar,54,77,56,15,202,0,0,28,0,28,54,77,84,15,230,56,6,62,292
07/26/2010,COS,CO,ANM,WE,Combined TRACON& Tower with Radar,57,45,37,36,175,0,4,62,12,78,57,49,99,48,253,118,74,192,445
07/27/2010,COS,CO,ANM,WE,Combined TRACON& Tower with Radar,60,51,29,29,169,0,0,48,24,72,60,51,77,53,241,72,166,238,479
07/28/2010,COS,CO,ANM,WE,Combined TRACON& Tower with Radar,53,53,48,38,192,0,5,61,45,111,53,58,109,83,303,170,282,452,755
07/29/2010,COS,CO,ANM,WE,Combined TRACON& Tower with Radar,55,52,38,21,166,0,0,52,29,81,55,52,90,50,247,144,142,286,533
07/30/2010,COS,CO,ANM,WE,Combined TRACON& Tower with Radar,85,54,36,44,219,0,0,45,12,57,85,54,81,56,276,94,92,186,462
07/31/2010,COS,CO,ANM,WE,Combined TRACON& Tower with Radar,52,49,29,18,148,0,2,46,7,55,52,51,75,25,203,156,34,190,393
08/01/2010,COS,CO,ANM,WE,Combined TRACON& Tower with Radar,52,54,36,18,160,0,0,33,3,36,52,54,69,21,196,30,8,38,234
08/02/2010,COS,CO,ANM,WE,Combined TRACON& Tower with Radar,59,49,19,7,134,0,7,25,10,42,59,56,44,17,176,38,26,64,240
08/03/2010,COS,CO,ANM,WE,Combined TRACON& Tower with Radar,55,50,26,35,166,0,6,51,33,90,55,56,77,68,256,26,66,92,348
08/04/2010,COS,CO,ANM,WE,Combined TRACON& Tower with Radar,78,68,33,37,216,0,15,47,28,90,78,83,80,65,306,102,200,302,608
08/05/2010,COS,CO,ANM,WE,Combined TRACON& Tower with Radar,60,55,41,15,171,0,4,32,27,63,60,59,73,42,234,124,100,224,458
08/06/2010,COS,CO,ANM,WE,Combined TRACON& Tower with Radar,59,50,43,42,194,0,4,55,19,78,59,54,98,61,272,94,64,158,430
08/07/2010,COS,CO,ANM,WE,Combined TRACON& Tower with Radar,57,49,30,27,163,0,5,80,13,98,57,54,110,40,261,114,74,188,449
08/08/2010,COS,CO,ANM,WE,Combined TRACON& Tower with Radar,54,43,27,15,139,0,9,41,11,61,54,52,68,26,200,44,0,44,244
08/09/2010,COS,CO,ANM,WE,Combined TRACON& Tower with Radar,58,53,30,25,166,0,3,34,19,56,58,56,64,44,222,20,68,88,310
08/10/2010,COS,CO,ANM,WE,Combined TRACON& Tower with Radar,56,46,34,50,186,0,4,65,42,111,56,50,99,92,297,66,200,266,563
08/11/2010,COS,CO,ANM,WE,Combined TRACON& Tower with Radar,57,54,44,27,182,0,9,61,35,105,57,63,105,62,287,90,118,208,495
08/12/2010,COS,CO,ANM,WE,Combined TRACON& Tower with Radar,55,53,29,36,173,0,3,63,33,99,55,56,92,69,272,132,182,314,586
08/13/2010,COS,CO,ANM,WE,Combined TRACON& Tower with Radar,57,56,31,71,215,0,3,74,32,109,57,59,105,103,324,76,176,252,576
08/14/2010,COS,CO,ANM,WE,Combined TRACON& Tower with Radar,49,44,25,10,128,0,5,81,16,102,49,49,106,26,230,152,2,154,384
08/15/2010,COS,CO,ANM,WE,Combined TRACON& Tower with Radar,50,53,50,5,158,0,2,13,2,17,50,55,63,7,175,64,2,66,241
08/16/2010,COS,CO,ANM,WE,Combined TRACON& Tower with Radar,54,48,52,20,174,0,6,17,1,24,54,54,69,21,198,40,6,46,244
08/17/2010,COS,CO,ANM,WE,Combined TRACON& Tower with Radar,54,49,16,48,167,0,2,59,60,121,54,51,75,108,288,176,198,374,662
08/18/2010,COS,CO,ANM,WE,Combined TRACON& Tower with Radar,54,57,52,36,199,0,7,67,36,110,54,64,119,72,309,126,196,322,631
08/19/2010,COS,CO,ANM,WE,Combined TRACON& Tower with Radar,58,50,33,39,180,0,2,38,19,59,58,52,71,58,239,28,92,120,359
08/20/2010,COS,CO,ANM,WE,Combined TRACON& Tower with Radar,58,58,53,27,196,0,1,82,23,106,58,59,135,50,302,162,122,284,586
08/21/2010,COS,CO,ANM,WE,Combined TRACON& Tower with Radar,49,42,24,16,131,8,0,79,9,96,57,42,103,25,227,166,10,176,403
08/22/2010,COS,CO,ANM,WE,Combined TRACON& Tower with Radar,50,56,34,14,154,0,2,108,7,117,50,58,142,21,271,104,4,108,379
08/23/2010,COS,CO,ANM,WE,Combined TRACON& Tower with Radar,54,51,31,33,169,0,5,24,17,46,54,56,55,50,215,48,158,206,421
08/24/2010,COS,CO,ANM,WE,Combined TRACON& Tower with Radar,52,50,35,54,191,0,3,26,27,56,52,53,61,81,247,66,148,214,461
08/25/2010,COS,CO,ANM,WE,Combined TRACON& Tower with Radar,49,41,37,46,173,0,1,73,31,105,49,42,110,77,278,110,186,296,574
08/26/2010,COS,CO,ANM,WE,Combined TRACON& Tower with Radar,52,61,17,30,160,0,6,65,44,115,52,67,82,74,275,92,168,260,535
08/27/2010,COS,CO,ANM,WE,Combined TRACON& Tower with Radar,58,61,28,45,192,0,5,65,28,98,58,66,93,73,290,88,110,198,488
08/28/2010,COS,CO,ANM,WE,Combined TRACON& Tower with Radar,45,47,50,8,150,0,0,95,9,104,45,47,145,17,254,116,20,136,390
08/29/2010,COS,CO,ANM,WE,Combined TRACON& Tower with Radar,57,52,41,10,160,0,7,68,3,78,57,59,109,13,238,94,10,104,342
08/30/2010,COS,CO,ANM,WE,Combined TRACON& Tower with Radar,48,51,34,21,154,0,3,37,18,58,48,54,71,39,212,44,108,152,364
08/31/2010,COS,CO,ANM,WE,Combined TRACON& Tower with Radar,48,56,63,28,195,0,1,50,17,68,48,57,113,45,263,72,102,174,437
09/01/2010,COS,CO,ANM,WE,Combined TRACON& Tower with Radar,48,40,89,19,196,0,7,75,31,113,48,47,164,50,309,106,176,282,591
09/02/2010,COS,CO,ANM,WE,Combined TRACON& Tower with Radar,51,42,44,22,159,0,2,54,21,77,51,44,98,43,236,56,88,144,380
09/03/2010,COS,CO,ANM,WE,Combined TRACON& Tower with Radar,54,52,52,21,179,0,2,100,9,111,54,54,152,30,290,154,50,204,494
09/04/2010,COS,CO,ANM,WE,Combined TRACON& Tower with Radar,41,35,53,3,132,0,0,68,7,75,41,35,121,10,207,136,0,136,343
09/05/2010,COS,CO,ANM,WE,Combined TRACON& Tower with Radar,40,36,36,0,112,0,1,59,0,60,40,37,95,0,172,42,6,48,220
09/06/2010,COS,CO,ANM,WE,Combined TRACON& Tower with Radar,48,55,33,6,142,0,2,47,0,49,48,57,80,6,191,22,0,22,213
09/07/2010,COS,CO,ANM,WE,Combined TRACON& Tower with Radar,51,49,50,28,178,0,0,47,29,76,51,49,97,57,254,8,56,64,318
09/08/2010,COS,CO,ANM,WE,Combined TRACON& Tower with Radar,47,50,50,31,178,0,13,38,26,77,47,63,88,57,255,48,148,196,451
09/09/2010,COS,CO,ANM,WE,Combined TRACON& Tower with Radar,58,63,55,40,216,0,10,45,18,73,58,73,100,58,289,38,94,132,421
09/10/2010,COS,CO,ANM,WE,Combined TRACON& Tower with Radar,54,54,40,47,195,0,2,74,18,94,54,56,114,65,289,98,66,164,453
09/11/2010,COS,CO,ANM,WE,Combined TRACON& Tower with Radar,43,43,28,22,136,0,3,68,16,87,43,46,96,38,223,128,18,146,369
09/12/2010,COS,CO,ANM,WE,Combined TRACON& Tower with Radar,51,48,44,31,174,0,1,67,3,71,51,49,111,34,245,104,26,130,375
09/13/2010,COS,CO,ANM,WE,Combined TRACON& Tower with Radar,47,45,36,30,158,0,3,47,11,61,47,48,83,41,219,6,74,80,299
09/14/2010,COS,CO,ANM,WE,Combined TRACON& Tower with Radar,50,43,32,31,156,0,0,45,17,62,50,43,77,48,218,96,12,108,326
09/15/2010,COS,CO,ANM,WE,Combined TRACON& Tower with Radar,52,46,36,22,156,0,5,45,6,56,52,51,81,28,212,62,72,134,346
09/16/2010,COS,CO,ANM,WE,Combined TRACON& Tower with Radar,51,64,51,45,211,0,2,76,12,90,51,66,127,57,301,148,100,248,549
09/17/2010,COS,CO,ANM,WE,Combined TRACON& Tower with Radar,52,56,38,63,209,0,2,56,16,74,52,58,94,79,283,76,114,190,473
09/18/2010,COS,CO,ANM,WE,Combined TRACON& Tower with Radar,50,41,25,19,135,0,0,94,6,100,50,41,119,25,235,78,24,102,337
09/19/2010,COS,CO,ANM,WE,Combined TRACON& Tower with Radar,50,47,46,21,164,0,1,69,9,79,50,48,115,30,243,92,2,94,337
09/20/2010,COS,CO,ANM,WE,Combined TRACON& Tower with Radar,49,57,36,15,157,0,5,38,22,65,49,62,74,37,222,88,76,164,386
09/21/2010,COS,CO,ANM,WE,Combined TRACON& Tower with Radar,52,42,35,27,156,0,4,35,36,75,52,46,70,63,231,70,132,202,433
09/22/2010,COS,CO,ANM,WE,Combined TRACON& Tower with Radar,58,50,45,33,186,0,4,32,15,51,58,54,77,48,237,58,42,100,337
09/23/2010,COS,CO,ANM,WE,Combined TRACON& Tower with Radar,51,56,39,24,170,0,4,60,21,85,51,60,99,45,255,122,68,190,445
09/24/2010,COS,CO,ANM,WE,Combined TRACON& Tower with Radar,51,58,47,43,199,0,2,65,12,79,51,60,112,55,278,62,70,132,410
09/25/2010,COS,CO,ANM,WE,Combined TRACON& Tower with Radar,42,52,32,14,140,0,0,77,11,88,42,52,109,25,228,134,6,140,368
09/26/2010,COS,CO,ANM,WE,Combined TRACON& Tower with Radar,49,55,52,19,175,0,2,88,3,93,49,57,140,22,268,78,4,82,350
09/27/2010,COS,CO,ANM,WE,Combined TRACON& Tower with Radar,48,43,58,33,182,0,3,35,14,52,48,46,93,47,234,30,26,56,290
09/28/2010,COS,CO,ANM,WE,Combined TRACON& Tower with Radar,52,43,51,18,164,0,0,72,13,85,52,43,123,31,249,160,38,198,447
09/29/2010,COS,CO,ANM,WE,Combined TRACON& Tower with Radar,53,48,41,36,178,0,3,34,21,58,53,51,75,57,236,60,188,248,484
09/30/2010,COS,CO,ANM,WE,Combined TRACON& Tower with Radar,54,62,40,30,186,0,3,82,26,111,54,65,122,56,297,110,112,222,519
10/01/2010,COS,CO,ANM,WE,Combined TRACON& Tower with Radar,51,56,57,34,198,0,5,90,21,116,51,61,147,55,314,190,42,232,546
10/02/2010,COS,CO,ANM,WE,Combined TRACON& Tower with Radar,48,59,37,26,170,0,8,65,29,102,48,67,102,55,272,142,46,188,460
10/03/2010,COS,CO,ANM,WE,Combined TRACON& Tower with Radar,47,46,35,35,163,0,3,73,10,86,47,49,108,45,249,98,14,112,361
10/04/2010,COS,CO,ANM,WE,Combined TRACON& Tower with Radar,48,54,35,23,160,0,4,54,15,73,48,58,89,38,233,60,32,92,325
10/05/2010,COS,CO,ANM,WE,Combined TRACON& Tower with Radar,56,64,31,48,199,0,4,53,29,86,56,68,84,77,285,120,164,284,569
10/06/2010,COS,CO,ANM,WE,Combined TRACON& Tower with Radar,51,58,35,41,185,0,1,26,3,30,51,59,61,44,215,34,4,38,253
10/07/2010,COS,CO,ANM,WE,Combined TRACON& Tower with Radar,53,53,31,40,177,0,4,71,10,85,53,57,102,50,262,92,64,156,418
10/08/2010,COS,CO,ANM,WE,Combined TRACON& Tower with Radar,58,55,32,46,191,0,2,43,8,53,58,57,75,54,244,68,42,110,354
10/09/2010,COS,CO,ANM,WE,Combined TRACON& Tower with Radar,46,45,20,16,127,0,0,83,13,96,46,45,103,29,223,96,42,138,361
10/10/2010,COS,CO,ANM,WE,Combined TRACON& Tower with Radar,49,48,38,13,148,0,3,49,4,56,49,51,87,17,204,158,0,158,362
10/11/2010,COS,CO,ANM,WE,Combined TRACON& Tower with Radar,53,56,23,13,145,0,4,57,0,61,53,60,80,13,206,102,0,102,308
10/12/2010,COS,CO,ANM,WE,Combined TRACON& Tower with Radar,51,48,24,39,162,0,0,12,9,21,51,48,36,48,183,18,84,102,285
10/13/2010,COS,CO,ANM,WE,Combined TRACON& Tower with Radar,55,46,31,55,187,0,0,37,20,57,55,46,68,75,244,70,104,174,418
10/14/2010,COS,CO,ANM,WE,Combined TRACON& Tower with Radar,53,56,32,25,166,0,4,69,25,98,53,60,101,50,264,138,182,320,584
10/15/2010,COS,CO,ANM,WE,Combined TRACON& Tower with Radar,55,51,41,54,201,0,1,77,23,101,55,52,118,77,302,68,80,148,450
10/16/2010,COS,CO,ANM,WE,Combined TRACON& Tower with Radar,43,37,21,36,137,0,1,92,13,106,43,38,113,49,243,98,14,112,355
10/17/2010,COS,CO,ANM,WE,Combined TRACON& Tower with Radar,44,36,20,23,123,0,1,32,2,35,44,37,52,25,158,32,2,34,192
10/18/2010,COS,CO,ANM,WE,Combined TRACON& Tower with Radar,44,54,23,21,142,0,2,29,20,51,44,56,52,41,193,80,134,214,407
10/19/2010,COS,CO,ANM,WE,Combined TRACON& Tower with Radar,49,40,21,33,143,0,2,45,37,84,49,42,66,70,227,128,216,344,571
10/20/2010,COS,CO,ANM,WE,Combined TRACON& Tower with Radar,58,45,36,34,173,0,8,63,34,105,58,53,99,68,278,126,148,274,552
10/21/2010,COS,CO,ANM,WE,Combined TRACON& Tower with Radar,53,46,19,38,156,0,2,39,29,70,53,48,58,67,226,94,176,270,496
10/22/2010,COS,CO,ANM,WE,Combined TRACON& Tower with Radar,54,50,22,45,171,0,0,19,18,37,54,50,41,63,208,12,50,62,270
10/23/2010,COS,CO,ANM,WE,Combined TRACON& Tower with Radar,39,39,15,23,116,0,2,47,6,55,39,41,62,29,171,64,24,88,259
10/24/2010,COS,CO,ANM,WE,Combined TRACON& Tower with Radar,45,50,35,18,148,0,0,48,3,51,45,50,83,21,199,50,12,62,261
10/25/2010,COS,CO,ANM,WE,Combined TRACON& Tower with Radar,46,46,20,8,120,0,2,14,0,16,46,48,34,8,136,48,0,48,184
10/26/2010,COS,CO,ANM,WE,Combined TRACON& Tower with Radar,51,48,23,13,135,0,2,10,5,17,51,50,33,18,152,0,42,42,194
10/27/2010,COS,CO,ANM,WE,Combined TRACON& Tower with Radar,55,61,39,18,173,0,3,16,9,28,55,64,55,27,201,82,52,134,335
10/28/2010,COS,CO,ANM,WE,Combined TRACON& Tower with Radar,53,50,26,38,167,0,4,55,17,76,53,54,81,55,243,32,88,120,363
10/29/2010,COS,CO,ANM,WE,Combined TRACON& Tower with Radar,52,52,29,46,179,0,3,50,24,77,52,55,79,70,256,106,108,214,470
10/30/2010,COS,CO,ANM,WE,Combined TRACON& Tower with Radar,46,40,22,15,123,0,0,94,13,107,46,40,116,28,230,100,18,118,348
10/31/2010,COS,CO,ANM,WE,Combined TRACON& Tower with Radar,44,46,13,18,121,0,0,62,11,73,44,46,75,29,194,48,6,54,248
11/01/2010,COS,CO,ANM,WE,Combined TRACON& Tower with Radar,48,53,28,15,144,0,9,32,12,53,48,62,60,27,197,44,72,116,313
11/02/2010,COS,CO,ANM,WE,Combined TRACON& Tower with Radar,53,42,25,21,141,0,1,33,16,50,53,43,58,37,191,40,122,162,353
11/03/2010,COS,CO,ANM,WE,Combined TRACON& Tower with Radar,58,45,19,43,165,0,6,28,29,63,58,51,47,72,228,56,182,238,466
11/04/2010,COS,CO,ANM,WE,Combined TRACON& Tower with Radar,49,45,20,37,151,0,4,72,13,89,49,49,92,50,240,76,76,152,392
11/05/2010,COS,CO,ANM,WE,Combined TRACON& Tower with Radar,47,47,25,49,168,0,1,43,2,46,47,48,68,51,214,64,64,128,342
11/06/2010,COS,CO,ANM,WE,Combined TRACON& Tower with Radar,50,36,23,12,121,0,6,85,7,98,50,42,108,19,219,156,0,156,375
11/07/2010,COS,CO,ANM,WE,Combined TRACON& Tower with Radar,44,43,25,26,138,0,2,36,4,42,44,45,61,30,180,28,32,60,240
11/08/2010,COS,CO,ANM,WE,Combined TRACON& Tower with Radar,47,45,29,31,152,0,7,52,24,83,47,52,81,55,235,88,144,232,467
11/09/2010,COS,CO,ANM,WE,Combined TRACON& Tower with Radar,44,47,37,47,175,0,8,12,9,29,44,55,49,56,204,22,90,112,316
11/10/2010,COS,CO,ANM,WE,Combined TRACON& Tower with Radar,53,45,29,30,157,0,2,21,19,42,53,47,50,49,199,110,216,326,525
11/11/2010,COS,CO,ANM,WE,Combined TRACON& Tower with Radar,49,44,31,4,128,0,4,23,3,30,49,48,54,7,158,72,6,78,236
11/12/2010,COS,CO,ANM,WE,Combined TRACON& Tower with Radar,47,53,35,26,161,0,1,40,19,60,47,54,75,45,221,86,160,246,467
11/13/2010,COS,CO,ANM,WE,Combined TRACON& Tower with Radar,38,29,11,9,87,1,2,20,5,28,39,31,31,14,115,92,2,94,209
11/14/2010,COS,CO,ANM,WE,Combined TRACON& Tower with Radar,46,42,25,24,137,0,4,42,10,56,46,46,67,34,193,122,0,122,315
11/15/2010,COS,CO,ANM,WE,Combined TRACON& Tower with Radar,45,48,20,69,182,0,1,15,3,19,45,49,35,72,201,30,94,124,325
11/16/2010,COS,CO,ANM,WE,Combined TRACON& Tower with Radar,60,45,20,26,151,0,5,18,19,42,60,50,38,45,193,36,112,148,341
11/17/2010,COS,CO,ANM,WE,Combined TRACON& Tower with Radar,54,46,27,62,189,0,2,36,35,73,54,48,63,97,262,50,118,168,430
11/18/2010,COS,CO,ANM,WE,Combined TRACON& Tower with Radar,46,48,23,35,152,0,3,55,31,89,46,51,78,66,241,96,148,244,485
11/19/2010,COS,CO,ANM,WE,Combined TRACON& Tower with Radar,50,47,64,46,207,0,0,68,19,87,50,47,132,65,294,139,118,257,551
11/20/2010,COS,CO,ANM,WE,Combined TRACON& Tower with Radar,59,45,40,14,158,0,0,74,2,76,59,45,114,16,234,152,10,162,396
11/21/2010,COS,CO,ANM,WE,Combined TRACON& Tower with Radar,46,42,17,12,117,0,2,16,8,26,46,44,33,20,143,0,0,0,143
11/22/2010,COS,CO,ANM,WE,Combined TRACON& Tower with Radar,49,48,21,31,149,0,0,16,4,20,49,48,37,35,169,20,48,68,237
11/23/2010,COS,CO,ANM,WE,Combined TRACON& Tower with Radar,52,44,25,30,151,0,6,47,16,69,52,50,72,46,220,102,72,174,394
11/24/2010,COS,CO,ANM,WE,Combined TRACON& Tower with Radar,55,54,22,4,135,0,2,7,0,9,55,56,29,4,144,0,0,0,144
11/25/2010,COS,CO,ANM,WE,Combined TRACON& Tower with Radar,24,31,1,2,58,0,8,8,0,16,24,39,9,2,74,22,0,22,96
11/26/2010,COS,CO,ANM,WE,Combined TRACON& Tower with Radar,44,33,24,2,103,0,3,73,1,77,44,36,97,3,180,54,10,64,244
11/27/2010,COS,CO,ANM,WE,Combined TRACON& Tower with Radar,42,47,22,2,113,0,0,63,0,63,42,47,85,2,176,80,0,80,256
11/28/2010,COS,CO,ANM,WE,Combined TRACON& Tower with Radar,41,55,32,4,132,0,0,23,0,23,41,55,55,4,155,8,0,8,163
11/29/2010,COS,CO,ANM,WE,Combined TRACON& Tower with Radar,50,45,18,28,141,0,2,4,0,6,50,47,22,28,147,4,12,16,163
11/30/2010,COS,CO,ANM,WE,Combined TRACON& Tower with Radar,49,50,29,53,181,0,3,50,30,83,49,53,79,83,264,140,168,308,572
12/01/2010,COS,CO,ANM,WE,Combined TRACON& Tower with Radar,53,43,19,21,136,0,2,32,12,46,53,45,51,33,182,62,128,190,372
12/02/2010,COS,CO,ANM,WE,Combined TRACON& Tower with Radar,48,45,21,32,146,0,1,55,23,79,48,46,76,55,225,72,146,218,443
12/03/2010,COS,CO,ANM,WE,Combined TRACON& Tower with Radar,46,47,19,13,125,0,2,14,0,16,46,49,33,13,141,4,6,10,151
12/04/2010,COS,CO,ANM,WE,Combined TRACON& Tower with Radar,48,39,23,19,129,0,0,56,4,60,48,39,79,23,189,182,28,210,399
12/05/2010,COS,CO,ANM,WE,Combined TRACON& Tower with Radar,36,36,13,9,94,0,2,35,4,41,36,38,48,13,135,120,22,142,277
12/06/2010,COS,CO,ANM,WE,Combined TRACON& Tower with Radar,45,42,26,22,135,0,14,34,10,58,45,56,60,32,193,52,66,118,311
12/07/2010,COS,CO,ANM,WE,Combined TRACON& Tower with Radar,48,38,27,31,144,0,4,25,20,49,48,42,52,51,193,22,112,134,327
12/08/2010,COS,CO,ANM,WE,Combined TRACON& Tower with Radar,52,45,21,31,149,0,3,47,15,65,52,48,68,46,214,136,154,290,504
12/09/2010,COS,CO,ANM,WE,Combined TRACON& Tower with Radar,50,45,29,34,158,0,3,44,10,57,50,48,73,44,215,134,140,274,489
12/10/2010,COS,CO,ANM,WE,Combined TRACON& Tower with Radar,48,39,33,33,153,0,4,55,20,79,48,43,88,53,232,52,62,114,346
12/11/2010,COS,CO,ANM,WE,Combined TRACON& Tower with Radar,45,33,15,6,99,0,0,43,1,44,45,33,58,7,143,58,0,58,201
12/12/2010,COS,CO,ANM,WE,Combined TRACON& Tower with Radar,38,39,22,14,113,0,1,71,0,72,38,40,93,14,185,74,0,74,259
12/13/2010,COS,CO,ANM,WE,Combined TRACON& Tower with Radar,49,43,27,21,140,0,3,31,6,40,49,46,58,27,180,96,24,120,300
12/14/2010,COS,CO,ANM,WE,Combined TRACON& Tower with Radar,47,52,16,18,133,0,11,48,3,62,47,63,64,21,195,102,40,142,337
12/15/2010,COS,CO,ANM,WE,Combined TRACON& Tower with Radar,53,47,26,42,168,0,3,33,14,50,53,50,59,56,218,68,84,152,370
12/16/2010,COS,CO,ANM,WE,Combined TRACON& Tower with Radar,42,42,13,14,111,0,2,4,1,7,42,44,17,15,118,8,4,12,130
12/17/2010,COS,CO,ANM,WE,Combined TRACON& Tower with Radar,48,46,28,19,141,0,0,0,0,0,48,46,28,19,141,0,0,0,141
12/18/2010,COS,CO,ANM,WE,Combined TRACON& Tower with Radar,44,46,36,6,132,0,1,61,4,66,44,47,97,10,198,26,0,26,224
12/19/2010,COS,CO,ANM,WE,Combined TRACON& Tower with Radar,47,45,24,8,124,0,2,58,2,62,47,47,82,10,186,44,0,44,230
12/20/2010,COS,CO,ANM,WE,Combined TRACON& Tower with Radar,45,57,18,16,136,0,0,20,1,21,45,57,38,17,157,12,18,30,187
12/21/2010,COS,CO,ANM,WE,Combined TRACON& Tower with Radar,49,48,25,22,144,0,0,63,11,74,49,48,88,33,218,90,38,128,346
12/22/2010,COS,CO,ANM,WE,Combined TRACON& Tower with Radar,34,33,7,3,77,0,0,0,0,0,34,33,7,3,77,0,0,0,77
12/23/2010,COS,CO,ANM,WE,Combined TRACON& Tower with Radar,37,39,19,15,110,0,0,40,0,40,37,39,59,15,150,80,12,92,242
12/24/2010,COS,CO,ANM,WE,Combined TRACON& Tower with Radar,39,36,14,0,89,0,4,55,1,60,39,40,69,1,149,30,0,30,179
12/25/2010,COS,CO,ANM,WE,Combined TRACON& Tower with Radar,41,33,5,2,81,0,4,31,0,35,41,37,36,2,116,0,0,0,116
12/26/2010,COS,CO,ANM,WE,Combined TRACON& Tower with Radar,39,50,32,0,121,0,2,61,1,64,39,52,93,1,185,52,2,54,239
12/27/2010,COS,CO,ANM,WE,Combined TRACON& Tower with Radar,44,46,16,2,108,0,4,65,2,71,44,50,81,4,179,18,0,18,197
12/28/2010,COS,CO,ANM,WE,Combined TRACON& Tower with Radar,46,42,27,21,136,0,2,63,12,77,46,44,90,33,213,58,18,76,289
12/29/2010,COS,CO,ANM,WE,Combined TRACON& Tower with Radar,55,41,25,22,143,0,4,39,4,47,55,45,64,26,190,50,34,84,274
12/30/2010,COS,CO,ANM,WE,Combined TRACON& Tower with Radar,46,43,22,14,125,0,1,20,6,27,46,44,42,20,152,22,20,42,194
12/31/2010,COS,CO,ANM,WE,Combined TRACON& Tower with Radar,45,44,7,1,97,0,7,3,0,10,45,51,10,1,107,6,0,6,113
01/01/2011,COS,CO,ANM,WE,Combined TRACON& Tower with Radar,44,36,13,0,93,0,8,11,1,20,44,44,24,1,113,8,0,8,121
01/02/2011,COS,CO,ANM,WE,Combined TRACON& Tower with Radar,46,50,38,1,135,0,2,39,1,42,46,52,77,2,177,64,0,64,241
01/03/2011,COS,CO,ANM,WE,Combined TRACON& Tower with Radar,44,52,33,20,149,0,8,47,2,57,44,60,80,22,206,46,30,76,282
01/04/2011,COS,CO,ANM,WE,Combined TRACON& Tower with Radar,55,39,20,40,154,0,4,39,14,57,55,43,59,54,211,44,76,120,331
01/05/2011,COS,CO,ANM,WE,Combined TRACON& Tower with Radar,58,36,25,51,170,0,4,50,10,64,58,40,75,61,234,32,56,88,322
01/06/2011,COS,CO,ANM,WE,Combined TRACON& Tower with Radar,52,47,14,26,139,0,3,58,26,87,52,50,72,52,226,50,122,172,398
01/07/2011,COS,CO,ANM,WE,Combined TRACON& Tower with Radar,52,41,20,24,137,0,2,88,21,111,52,43,108,45,248,160,86,246,494
01/08/2011,COS,CO,ANM,WE,Combined TRACON& Tower with Radar,44,31,20,18,113,0,1,106,32,139,44,32,126,50,252,82,144,226,478
01/09/2011,COS,CO,ANM,WE,Combined TRACON& Tower with Radar,37,34,5,8,84,0,0,0,0,0,37,34,5,8,84,0,0,0,84
01/10/2011,COS,CO,ANM,WE,Combined TRACON& Tower with Radar,48,43,15,3,109,0,1,6,0,7,48,44,21,3,116,0,0,0,116
01/11/2011,COS,CO,ANM,WE,Combined TRACON& Tower with Radar,51,41,25,34,151,5,8,19,11,43,56,49,44,45,194,32,80,112,306
01/12/2011,COS,CO,ANM,WE,Combined TRACON& Tower with Radar,56,43,22,26,147,0,4,36,29,69,56,47,58,55,216,64,152,216,432
01/13/2011,COS,CO,ANM,WE,Combined TRACON& Tower with Radar,53,41,27,30,151,0,1,57,32,90,53,42,84,62,241,96,86,182,423
01/14/2011,COS,CO,ANM,WE,Combined TRACON& Tower with Radar,51,41,30,38,160,0,4,47,13,64,51,45,77,51,224,88,40,128,352
01/15/2011,COS,CO,ANM,WE,Combined TRACON& Tower with Radar,46,28,25,18,117,0,0,88,2,90,46,28,113,20,207,112,10,122,329
01/16/2011,COS,CO,ANM,WE,Combined TRACON& Tower with Radar,43,38,13,10,104,0,0,49,5,54,43,38,62,15,158,80,6,86,244
01/17/2011,COS,CO,ANM,WE,Combined TRACON& Tower with Radar,46,36,11,14,107,0,4,10,4,18,46,40,21,18,125,8,4,12,137
01/18/2011,COS,CO,ANM,WE,Combined TRACON& Tower with Radar,49,43,29,79,200,0,1,43,28,72,49,44,72,107,272,62,176,238,510
01/19/2011,COS,CO,ANM,WE,Combined TRACON& Tower with Radar,51,50,32,59,192,0,7,20,12,39,51,57,52,71,231,24,144,168,399
01/20/2011,COS,CO,ANM,WE,Combined TRACON& Tower with Radar,48,41,28,36,153,0,5,23,15,43,48,46,51,51,196,4,94,98,294
01/21/2011,COS,CO,ANM,WE,Combined TRACON& Tower with Radar,52,39,25,15,131,0,0,48,8,56,52,39,73,23,187,34,52,86,273
01/22/2011,COS,CO,ANM,WE,Combined TRACON& Tower with Radar,47,28,11,15,101,0,0,11,1,12,47,28,22,16,113,20,4,24,137
01/23/2011,COS,CO,ANM,WE,Combined TRACON& Tower with Radar,41,42,33,10,126,0,3,51,2,56,41,45,84,12,182,84,8,92,274
01/24/2011,COS,CO,ANM,WE,Combined TRACON& Tower with Radar,46,38,22,33,139,0,2,18,9,29,46,40,40,42,168,30,108,138,306
01/25/2011,COS,CO,ANM,WE,Combined TRACON& Tower with Radar,47,41,45,40,173,0,3,63,32,98,47,44,108,72,271,78,224,302,573
01/26/2011,COS,CO,ANM,WE,Combined TRACON& Tower with Radar,52,42,31,47,172,0,1,42,38,81,52,43,73,85,253,64,210,274,527
01/27/2011,COS,CO,ANM,WE,Combined TRACON& Tower with Radar,57,48,23,32,160,0,6,54,33,93,57,54,77,65,253,84,128,212,465
01/28/2011,COS,CO,ANM,WE,Combined TRACON& Tower with Radar,52,39,17,39,147,0,2,72,15,89,52,41,89,54,236,88,132,220,456
01/29/2011,COS,CO,ANM,WE,Combined TRACON& Tower with Radar,47,32,44,2,125,0,6,101,12,119,47,38,145,14,244,236,20,256,500
01/30/2011,COS,CO,ANM,WE,Combined TRACON& Tower with Radar,41,39,31,13,124,0,5,51,6,62,41,44,82,19,186,132,0,132,318
01/31/2011,COS,CO,ANM,WE,Combined TRACON& Tower with Radar,64,39,9,3,115,0,0,0,0,0,64,39,9,3,115,0,0,0,115
02/01/2011,COS,CO,ANM,WE,Combined TRACON& Tower with Radar,55,51,7,9,122,0,1,0,1,2,55,52,7,10,124,0,0,0,124
02/02/2011,COS,CO,ANM,WE,Combined TRACON& Tower with Radar,50,41,17,22,130,0,2,8,11,21,50,43,25,33,151,18,0,18,169
02/03/2011,COS,CO,ANM,WE,Combined TRACON& Tower with Radar,64,39,18,10,131,0,3,6,10,19,64,42,24,20,150,12,32,44,194
02/04/2011,COS,CO,ANM,WE,Combined TRACON& Tower with Radar,45,40,47,32,164,0,3,45,15,63,45,43,92,47,227,48,64,112,339
02/05/2011,COS,CO,ANM,WE,Combined TRACON& Tower with Radar,46,33,39,20,138,0,3,37,8,48,46,36,76,28,186,110,34,144,330
02/06/2011,COS,CO,ANM,WE,Combined TRACON& Tower with Radar,45,39,7,20,111,0,2,0,5,7,45,41,7,25,118,0,0,0,118
02/07/2011,COS,CO,ANM,WE,Combined TRACON& Tower with Radar,47,40,41,25,153,0,1,39,2,42,47,41,80,27,195,34,8,42,237
02/08/2011,COS,CO,ANM,WE,Combined TRACON& Tower with Radar,56,46,10,8,120,0,1,1,0,2,56,47,11,8,122,0,0,0,122
02/09/2011,COS,CO,ANM,WE,Combined TRACON& Tower with Radar,47,39,28,25,139,0,0,35,2,37,47,39,63,27,176,60,24,84,260
02/10/2011,COS,CO,ANM,WE,Combined TRACON& Tower with Radar,52,39,31,26,148,0,0,60,26,86,52,39,91,52,234,68,86,154,388
02/11/2011,COS,CO,ANM,WE,Combined TRACON& Tower with Radar,52,42,23,83,200,0,0,62,12,74,52,42,85,95,274,102,68,170,444
02/12/2011,COS,CO,ANM,WE,Combined TRACON& Tower with Radar,43,33,30,12,118,0,2,100,11,113,43,35,130,23,231,78,48,126,357
02/13/2011,COS,CO,ANM,WE,Combined TRACON& Tower with Radar,44,39,21,14,118,0,3,43,2,48,44,42,64,16,166,30,0,30,196
02/14/2011,COS,CO,ANM,WE,Combined TRACON& Tower with Radar,44,36,21,20,121,0,3,35,14,52,44,39,56,34,173,74,62,136,309
02/15/2011,COS,CO,ANM,WE,Combined TRACON& Tower with Radar,53,40,48,30,171,0,2,74,27,103,53,42,122,57,274,110,172,282,556
02/16/2011,COS,CO,ANM,WE,Combined TRACON& Tower with Radar,52,37,21,12,122,0,0,7,2,9,52,37,28,14,131,10,0,10,141
02/17/2011,COS,CO,ANM,WE,Combined TRACON& Tower with Radar,55,46,23,16,140,0,8,12,3,23,55,54,35,19,163,0,38,38,201
02/18/2011,COS,CO,ANM,WE,Combined TRACON& Tower with Radar,61,36,31,36,164,0,2,71,10,83,61,38,102,46,247,82,56,138,385
02/19/2011,COS,CO,ANM,WE,Combined TRACON& Tower with Radar,47,33,27,9,116,0,4,57,0,61,47,37,84,9,177,60,0,60,237
02/20/2011,COS,CO,ANM,WE,Combined TRACON& Tower with Radar,47,43,24,15,129,0,12,27,2,41,47,55,51,17,170,10,28,38,208
02/21/2011,COS,CO,ANM,WE,Combined TRACON& Tower with Radar,46,37,39,13,135,0,0,59,4,63,46,37,98,17,198,32,8,40,238
02/22/2011,COS,CO,ANM,WE,Combined TRACON& Tower with Radar,54,37,37,26,154,0,1,55,22,78,54,38,92,48,232,46,82,128,360
02/23/2011,COS,CO,ANM,WE,Combined TRACON& Tower with Radar,52,35,16,29,132,0,3,50,20,73,52,38,66,49,205,112,140,252,457
02/24/2011,COS,CO,ANM,WE,Combined TRACON& Tower with Radar,50,41,33,26,150,0,5,62,11,78,50,46,95,37,228,128,42,170,398
02/25/2011,COS,CO,ANM,WE,Combined TRACON& Tower with Radar,58,37,27,15,137,0,0,0,0,0,58,37,27,15,137,0,0,0,137
02/26/2011,COS,CO,ANM,WE,Combined TRACON& Tower with Radar,54,39,13,14,120,0,3,15,0,18,54,42,28,14,138,18,6,24,162
02/27/2011,COS,CO,ANM,WE,Combined TRACON& Tower with Radar,56,42,20,12,130,0,4,38,1,43,56,46,58,13,173,66,6,72,245
02/28/2011,COS,CO,ANM,WE,Combined TRACON& Tower with Radar,57,37,36,18,148,0,2,35,11,48,57,39,71,29,196,52,12,64,260
03/01/2011,COS,CO,ANM,WE,Combined TRACON& Tower with Radar,64,38,22,32,156,0,5,53,19,77,64,43,75,51,233,152,86,238,471
03/02/2011,COS,CO,ANM,WE,Combined TRACON& Tower with Radar,52,34,50,40,176,0,7,73,22,102,52,41,123,62,278,104,200,304,582
03/03/2011,COS,CO,ANM,WE,Combined TRACON& Tower with Radar,55,46,28,49,178,0,2,41,16,59,55,48,69,65,237,70,48,118,355
03/04/2011,COS,CO,ANM,WE,Combined TRACON& Tower with Radar,54,45,15,9,123,0,0,8,6,14,54,45,23,15,137,0,42,42,179
03/05/2011,COS,CO,ANM,WE,Combined TRACON& Tower with Radar,45,35,22,35,137,0,3,47,9,59,45,38,69,44,196,182,12,194,390
03/06/2011,COS,CO,ANM,WE,Combined TRACON& Tower with Radar,50,42,27,42,161,0,0,55,11,66,50,42,82,53,227,110,52,162,389
03/07/2011,COS,CO,ANM,WE,Combined TRACON& Tower with Radar,53,44,29,15,141,0,2,2,0,4,53,46,31,15,145,14,0,14,159
03/08/2011,COS,CO,ANM,WE,Combined TRACON& Tower with Radar,51,43,17,24,135,0,1,7,2,10,51,44,24,26,145,8,12,20,165
03/09/2011,COS,CO,ANM,WE,Combined TRACON& Tower with Radar,52,47,26,53,178,0,7,41,29,77,52,54,67,82,255,102,96,198,453
03/10/2011,COS,CO,ANM,WE,Combined TRACON& Tower with Radar,61,45,39,24,169,0,7,72,32,111,61,52,111,56,280,174,174,348,628
03/11/2011,COS,CO,ANM,WE,Combined TRACON& Tower with Radar,55,45,28,43,171,0,5,42,5,52,55,50,70,48,223,46,44,90,313
03/12/2011,COS,CO,ANM,WE,Combined TRACON& Tower with Radar,49,39,28,11,127,0,7,82,10,99,49,46,110,21,226,118,24,142,368
03/13/2011,COS,CO,ANM,WE,Combined TRACON& Tower with Radar,59,48,30,12,149,0,1,64,7,72,59,49,94,19,221,44,6,50,271
03/14/2011,COS,CO,ANM,WE,Combined TRACON& Tower with Radar,55,51,33,18,157,0,0,51,20,71,55,51,84,38,228,42,68,110,338
03/15/2011,COS,CO,ANM,WE,Combined TRACON& Tower with Radar,53,43,10,38,144,0,1,38,27,66,53,44,48,65,210,60,200,260,470
03/16/2011,COS,CO,ANM,WE,Combined TRACON& Tower with Radar,52,43,19,21,135,0,4,24,10,38,52,47,43,31,173,72,58,130,303
03/17/2011,COS,CO,ANM,WE,Combined TRACON& Tower with Radar,50,50,14,35,149,0,0,18,6,24,50,50,32,41,173,44,56,100,273
03/18/2011,COS,CO,ANM,WE,Combined TRACON& Tower with Radar,50,51,40,29,170,2,2,43,20,67,52,53,83,49,237,78,102,180,417
03/19/2011,COS,CO,ANM,WE,Combined TRACON& Tower with Radar,46,45,26,13,130,0,8,59,2,69,46,53,85,15,199,86,12,98,297
03/20/2011,COS,CO,ANM,WE,Combined TRACON& Tower with Radar,48,40,28,12,128,0,4,49,2,55,48,44,77,14,183,70,0,70,253
03/21/2011,COS,CO,ANM,WE,Combined TRACON& Tower with Radar,56,48,9,27,140,14,0,19,9,42,70,48,28,36,182,20,74,94,276
03/22/2011,COS,CO,ANM,WE,Combined TRACON& Tower with Radar,47,47,16,21,131,0,2,8,9,19,47,49,24,30,150,10,32,42,192
03/23/2011,COS,CO,ANM,WE,Combined TRACON& Tower with Radar,50,45,27,17,139,0,4,52,6,62,50,49,79,23,201,64,76,140,341
03/24/2011,COS,CO,ANM,WE,Combined TRACON& Tower with Radar,53,42,29,16,140,0,0,34,1,35,53,42,63,17,175,30,0,30,205
03/25/2011,COS,CO,ANM,WE,Combined TRACON& Tower with Radar,50,46,27,33,156,0,2,40,6,48,50,48,67,39,204,98,58,156,360
03/26/2011,COS,CO,ANM,WE,Combined TRACON& Tower with Radar,53,52,31,7,143,0,1,91,3,95,53,53,122,10,238,166,10,176,414
03/27/2011,COS,CO,ANM,WE,Combined TRACON& Tower with Radar,49,52,25,14,140,0,0,16,3,19,49,52,41,17,159,20,0,20,179
03/28/2011,COS,CO,ANM,WE,Combined TRACON& Tower with Radar,45,38,17,15,115,0,1,15,2,18,45,39,32,17,133,14,11,25,158
03/29/2011,COS,CO,ANM,WE,Combined TRACON& Tower with Radar,52,41,39,41,173,0,2,62,43,107,52,43,101,84,280,124,132,256,536
03/30/2011,COS,CO,ANM,WE,Combined TRACON& Tower with Radar,46,42,19,40,147,0,0,40,23,63,46,42,59,63,210,66,134,200,410
03/31/2011,COS,CO,ANM,WE,Combined TRACON& Tower with Radar,52,43,15,16,126,0,6,18,3,27,52,49,33,19,153,6,0,6,159
04/01/2011,COS,CO,ANM,WE,Combined TRACON& Tower with Radar,55,40,37,47,179,0,5,67,25,97,55,45,104,72,276,80,94,174,450
04/02/2011,COS,CO,ANM,WE,Combined TRACON& Tower with Radar,41,45,16,15,117,0,5,60,10,75,41,50,76,25,192,162,22,184,376
04/03/2011,COS,CO,ANM,WE,Combined TRACON& Tower with Radar,35,42,6,10,93,0,0,6,0,6,35,42,12,10,99,0,0,0,99
04/04/2011,COS,CO,ANM,WE,Combined TRACON& Tower with Radar,49,49,17,40,155,0,0,31,12,43,49,49,48,52,198,16,102,118,316
04/05/2011,COS,CO,ANM,WE,Combined TRACON& Tower with Radar,50,39,23,25,137,0,5,31,7,43,50,44,54,32,180,26,16,42,222
04/06/2011,COS,CO,ANM,WE,Combined TRACON& Tower with Radar,51,36,27,26,140,0,5,41,28,74,51,41,68,54,214,70,130,200,414
04/07/2011,COS,CO,ANM,WE,Combined TRACON& Tower with Radar,69,46,32,32,179,0,0,35,21,56,69,46,67,53,235,26,106,132,367
04/08/2011,COS,CO,ANM,WE,Combined TRACON& Tower with Radar,68,44,23,21,156,0,0,25,7,32,68,44,48,28,188,16,12,28,216
04/09/2011,COS,CO,ANM,WE,Combined TRACON& Tower with Radar,46,34,16,8,104,0,4,29,3,36,46,38,45,11,140,32,16,48,188
04/10/2011,COS,CO,ANM,WE,Combined TRACON& Tower with Radar,46,40,20,17,123,0,0,21,2,23,46,40,41,19,146,0,4,4,150
04/11/2011,COS,CO,ANM,WE,Combined TRACON& Tower with Radar,48,36,34,22,140,0,0,65,27,92,48,36,99,49,232,58,114,172,404
04/12/2011,COS,CO,ANM,WE,Combined TRACON& Tower with Radar,52,37,29,20,138,0,0,50,17,67,52,37,79,37,205,66,40,106,311
04/13/2011,COS,CO,ANM,WE,Combined TRACON& Tower with Radar,48,39,17,30,134,0,3,27,23,53,48,42,44,53,187,70,119,189,376
04/14/2011,COS,CO,ANM,WE,Combined TRACON& Tower with Radar,54,47,29,28,158,0,0,8,10,18,54,47,37,38,176,10,42,52,228
04/15/2011,COS,CO,ANM,WE,Combined TRACON& Tower with Radar,53,47,22,19,141,0,2,15,25,42,53,49,37,44,183,6,46,52,235
04/16/2011,COS,CO,ANM,WE,Combined TRACON& Tower with Radar,44,33,18,13,108,0,2,114,9,125,44,35,132,22,233,112,14,126,359
04/17/2011,COS,CO,ANM,WE,Combined TRACON& Tower with Radar,47,34,18,19,118,0,0,65,9,74,47,34,83,28,192,50,18,68,260
04/18/2011,COS,CO,ANM,WE,Combined TRACON& Tower with Radar,51,39,21,43,154,0,4,24,17,45,51,43,45,60,199,30,22,52,251
04/19/2011,COS,CO,ANM,WE,Combined TRACON& Tower with Radar,51,38,24,45,158,0,2,12,16,30,51,40,36,61,188,10,178,188,376
04/20/2011,COS,CO,ANM,WE,Combined TRACON& Tower with Radar,52,41,28,39,160,0,0,4,2,6,52,41,32,41,166,72,70,142,308
04/21/2011,COS,CO,ANM,WE,Combined TRACON& Tower with Radar,53,40,17,26,136,0,4,23,12,39,53,44,40,38,175,14,32,46,221
04/22/2011,COS,CO,ANM,WE,Combined TRACON& Tower with Radar,52,40,13,13,118,0,0,9,6,15,52,40,22,19,133,0,12,12,145
04/23/2011,COS,CO,ANM,WE,Combined TRACON& Tower with Radar,42,28,27,7,104,0,1,42,1,44,42,29,69,8,148,116,6,122,270
04/24/2011,COS,CO,ANM,WE,Combined TRACON& Tower with Radar,48,39,2,1,90,0,2,2,0,4,48,41,4,1,94,0,0,0,94
04/25/2011,COS,CO,ANM,WE,Combined TRACON& Tower with Radar,58,32,34,21,145,0,5,20,2,27,58,37,54,23,172,48,20,68,240
04/26/2011,COS,CO,ANM,WE,Combined TRACON& Tower with Radar,56,39,21,35,151,0,1,13,10,24,56,40,34,45,175,72,68,140,315
04/27/2011,COS,CO,ANM,WE,Combined TRACON& Tower with Radar,51,38,28,31,148,0,1,55,22,78,51,39,83,53,226,116,60,176,402
04/28/2011,COS,CO,ANM,WE,Combined TRACON& Tower with Radar,60,43,31,34,168,0,0,86,34,120,60,43,117,68,288,108,118,226,514
04/29/2011,COS,CO,ANM,WE,Combined TRACON& Tower with Radar,59,41,32,8,140,0,0,29,3,32,59,41,61,11,172,22,10,32,204
04/30/2011,COS,CO,ANM,WE,Combined TRACON& Tower with Radar,39,32,21,11,103,0,0,55,7,62,39,32,76,18,165,62,36,98,263
05/01/2011,COS,CO,ANM,WE,Combined TRACON& Tower with Radar,53,40,36,9,138,0,0,10,0,10,53,40,46,9,148,18,0,18,166
05/02/2011,COS,CO,ANM,WE,Combined TRACON& Tower with Radar,55,37,39,26,157,0,2,25,6,33,55,39,64,32,190,26,14,40,230
05/03/2011,COS,CO,ANM,WE,Combined TRACON& Tower with Radar,52,36,28,40,156,0,4,75,24,103,52,40,103,64,259,68,42,110,369
05/04/2011,COS,CO,ANM,WE,Combined TRACON& Tower with Radar,53,40,17,20,130,0,2,39,17,58,53,42,56,37,188,48,40,88,276
05/05/2011,COS,CO,ANM,WE,Combined TRACON& Tower with Radar,58,43,45,17,163,0,4,80,26,110,58,47,125,43,273,40,56,96,369
05/06/2011,COS,CO,ANM,WE,Combined TRACON& Tower with Radar,57,47,22,46,172,0,0,60,8,68,57,47,82,54,240,88,46,134,374
05/07/2011,COS,CO,ANM,WE,Combined TRACON& Tower with Radar,41,34,13,26,114,0,3,78,11,92,41,37,91,37,206,62,18,80,286
05/08/2011,COS,CO,ANM,WE,Combined TRACON& Tower with Radar,54,34,13,14,115,0,6,51,2,59,54,40,64,16,174,14,0,14,188
05/09/2011,COS,CO,ANM,WE,Combined TRACON& Tower with Radar,56,31,17,26,130,0,4,23,17,44,56,35,40,43,174,20,24,44,218
05/10/2011,COS,CO,ANM,WE,Combined TRACON& Tower with Radar,86,45,18,29,178,0,4,32,11,47,86,49,50,40,225,24,30,54,279
05/11/2011,COS,CO,ANM,WE,Combined TRACON& Tower with Radar,55,38,16,17,126,0,2,0,3,5,55,40,16,20,131,0,24,24,155
05/12/2011,COS,CO,ANM,WE,Combined TRACON& Tower with Radar,59,38,36,53,186,0,0,26,12,38,59,38,62,65,224,10,104,114,338
05/13/2011,COS,CO,ANM,WE,Combined TRACON& Tower with Radar,57,40,36,61,194,0,2,71,18,91,57,42,107,79,285,124,84,208,493
05/14/2011,COS,CO,ANM,WE,Combined TRACON& Tower with Radar,39,35,27,19,120,0,3,73,6,82,39,38,100,25,202,68,18,86,288
05/15/2011,COS,CO,ANM,WE,Combined TRACON& Tower with Radar,56,37,38,23,154,0,0,9,5,14,56,37,47,28,168,12,0,12,180
05/16/2011,COS,CO,ANM,WE,Combined TRACON& Tower with Radar,54,39,28,30,151,0,5,38,9,52,54,44,66,39,203,70,20,90,293
05/17/2011,COS,CO,ANM,WE,Combined TRACON& Tower with Radar,54,33,36,16,139,0,0,36,26,62,54,33,72,42,201,36,82,118,319
05/18/2011,COS,CO,ANM,WE,Combined TRACON& Tower with Radar,80,40,29,20,169,0,0,12,7,19,80,40,41,27,188,0,52,52,240
05/19/2011,COS,CO,ANM,WE,Combined TRACON& Tower with Radar,63,42,15,30,150,0,2,8,6,16,63,44,23,36,166,4,34,38,204
05/20/2011,COS,CO,ANM,WE,Combined TRACON& Tower with Radar,53,42,29,33,157,2,4,34,6,46,55,46,63,39,203,60,38,98,301
05/21/2011,COS,CO,ANM,WE,Combined TRACON& Tower with Radar,46,32,25,6,109,0,5,75,7,87,46,37,100,13,196,68,0,68,264
05/22/2011,COS,CO,ANM,WE,Combined TRACON& Tower with Radar,50,51,23,16,140,0,5,66,4,75,50,56,89,20,215,60,0,60,275
05/23/2011,COS,CO,ANM,WE,Combined TRACON& Tower with Radar,61,56,22,39,178,0,2,42,21,65,61,58,64,60,243,50,8,58,301
05/24/2011,COS,CO,ANM,WE,Combined TRACON& Tower with Radar,56,37,25,15,133,0,2,8,9,19,56,39,33,24,152,4,32,36,188
05/25/2011,COS,CO,ANM,WE,Combined TRACON& Tower with Radar,43,37,44,36,160,0,4,61,11,76,43,41,105,47,236,126,50,176,412
05/26/2011,COS,CO,ANM,WE,Combined TRACON& Tower with Radar,56,49,35,21,161,0,5,39,5,49,56,54,74,26,210,54,4,58,268
05/27/2011,COS,CO,ANM,WE,Combined TRACON& Tower with Radar,62,46,28,18,154,0,3,86,5,94,62,49,114,23,248,90,4,94,342
05/28/2011,COS,CO,ANM,WE,Combined TRACON& Tower with Radar,45,32,10,4,91,0,0,51,0,51,45,32,61,4,142,72,0,72,214
05/29/2011,COS,CO,ANM,WE,Combined TRACON& Tower with Radar,43,26,13,4,86,0,3,22,2,27,43,29,35,6,113,14,0,14,127
05/30/2011,COS,CO,ANM,WE,Combined TRACON& Tower with Radar,39,48,14,5,106,0,1,9,0,10,39,49,23,5,116,0,0,0,116
05/31/2011,COS,CO,ANM,WE,Combined TRACON& Tower with Radar,64,32,23,12,131,0,0,37,32,69,64,32,60,44,200,32,86,118,318
06/01/2011,COS,CO,ANM,WE,Combined TRACON& Tower with Radar,51,43,22,16,132,0,3,44,18,65,51,46,66,34,197,14,78,92,289
06/02/2011,COS,CO,ANM,WE,Combined TRACON& Tower with Radar,63,43,33,39,178,0,4,35,19,58,63,47,68,58,236,70,58,128,364
06/03/2011,COS,CO,ANM,WE,Combined TRACON& Tower with Radar,60,38,28,51,177,0,2,44,31,77,60,40,72,82,254,60,158,218,472
06/04/2011,COS,CO,ANM,WE,Combined TRACON& Tower with Radar,41,33,30,15,119,0,0,93,14,107,41,33,123,29,226,70,42,112,338
06/05/2011,COS,CO,ANM,WE,Combined TRACON& Tower with Radar,52,44,35,13,144,0,4,70,3,77,52,48,105,16,221,84,10,94,315
06/06/2011,COS,CO,ANM,WE,Combined TRACON& Tower with Radar,55,40,42,24,161,0,5,35,30,70,55,45,77,54,231,52,100,152,383
06/07/2011,COS,CO,ANM,WE,Combined TRACON& Tower with Radar,54,48,37,12,151,0,3,51,45,99,54,51,88,57,250,104,292,396,646
06/08/2011,COS,CO,ANM,WE,Combined TRACON& Tower with Radar,49,46,61,22,178,0,0,39,46,85,49,46,100,68,263,110,276,386,649
06/09/2011,COS,CO,ANM,WE,Combined TRACON& Tower with Radar,53,50,34,20,157,0,0,27,23,50,53,50,61,43,207,44,98,142,349
06/10/2011,COS,CO,ANM,WE,Combined TRACON& Tower with Radar,56,41,32,21,150,0,2,53,17,72,56,43,85,38,222,78,82,160,382
06/11/2011,COS,CO,ANM,WE,Combined TRACON& Tower with Radar,61,52,27,12,152,0,0,63,0,63,61,52,90,12,215,94,4,98,313
06/12/2011,COS,CO,ANM,WE,Combined TRACON& Tower with Radar,47,57,41,9,154,0,1,67,0,68,47,58,108,9,222,136,2,138,360
06/13/2011,COS,CO,ANM,WE,Combined TRACON& Tower with Radar,62,43,42,30,177,0,4,35,34,73,62,47,77,64,250,104,145,249,499
06/14/2011,COS,CO,ANM,WE,Combined TRACON& Tower with Radar,53,39,52,25,169,0,4,77,25,106,53,43,129,50,275,122,102,224,499
06/15/2011,COS,CO,ANM,WE,Combined TRACON& Tower with Radar,59,50,55,32,196,0,3,67,34,104,59,53,122,66,300,116,232,348,648
06/16/2011,COS,CO,ANM,WE,Combined TRACON& Tower with Radar,65,44,32,31,172,0,3,43,24,70,65,47,75,55,242,70,158,228,470
06/17/2011,COS,CO,ANM,WE,Combined TRACON& Tower with Radar,57,48,31,19,155,0,5,44,16,65,57,53,75,35,220,86,76,162,382
06/18/2011,COS,CO,ANM,WE,Combined TRACON& Tower with Radar,43,53,40,12,148,0,5,67,4,76,43,58,107,16,224,86,8,94,318
06/19/2011,COS,CO,ANM,WE,Combined TRACON& Tower with Radar,53,53,55,11,172,0,0,48,3,51,53,53,103,14,223,16,0,16,239
06/20/2011,COS,CO,ANM,WE,Combined TRACON& Tower with Radar,46,48,23,28,145,0,3,10,9,22,46,51,33,37,167,10,42,52,219
06/21/2011,COS,CO,ANM,WE,Combined TRACON& Tower with Radar,55,43,25,21,144,0,10,80,36,126,55,53,105,57,270,84,144,228,498
06/22/2011,COS,CO,ANM,WE,Combined TRACON& Tower with Radar,53,55,40,35,183,0,10,111,39,160,53,65,151,74,343,128,166,294,637
06/23/2011,COS,CO,ANM,WE,Combined TRACON& Tower with Radar,60,42,31,30,163,0,8,68,37,113,60,50,99,67,276,134,148,282,558
06/24/2011,COS,CO,ANM,WE,Combined TRACON& Tower with Radar,66,45,25,22,158,0,9,81,38,128,66,54,106,60,286,118,146,264,550
06/25/2011,COS,CO,ANM,WE,Combined TRACON& Tower with Radar,47,40,32,6,125,0,4,110,9,123,47,44,142,15,248,72,12,84,332
06/26/2011,COS,CO,ANM,WE,Combined TRACON& Tower with Radar,53,40,30,6,129,0,3,76,4,83,53,43,106,10,212,74,8,82,294
06/27/2011,COS,CO,ANM,WE,Combined TRACON& Tower with Radar,38,26,14,10,88,0,0,12,16,28,38,26,26,26,116,74,96,170,286
06/28/2011,COS,CO,ANM,WE,Combined TRACON& Tower with Radar,56,35,33,32,156,0,3,58,42,103,56,38,91,74,259,96,76,172,431
06/29/2011,COS,CO,ANM,WE,Combined TRACON& Tower with Radar,91,48,40,32,211,0,2,60,34,96,91,50,100,66,307,146,200,346,653
06/30/2011,COS,CO,ANM,WE,Combined TRACON& Tower with Radar,84,56,37,20,197,0,4,51,43,98,84,60,88,63,295,86,134,220,515
07/01/2011,COS,CO,ANM,WE,Combined TRACON& Tower with Radar,63,38,57,10,168,0,4,79,32,115,63,42,136,42,283,190,196,386,669
07/02/2011,COS,CO,ANM,WE,Combined TRACON& Tower with Radar,44,42,11,7,104,0,2,79,2,83,44,44,90,9,187,94,40,134,321
07/03/2011,COS,CO,ANM,WE,Combined TRACON& Tower with Radar,49,32,22,4,107,0,0,51,0,51,49,32,73,4,158,54,0,54,212
07/04/2011,COS,CO,ANM,WE,Combined TRACON& Tower with Radar,43,33,26,5,107,0,6,48,19,73,43,39,74,24,180,54,74,128,308
07/05/2011,COS,CO,ANM,WE,Combined TRACON& Tower with Radar,49,49,36,18,152,0,0,78,31,109,49,49,114,49,261,72,132,204,465
07/06/2011,COS,CO,ANM,WE,Combined TRACON& Tower with Radar,72,61,46,26,205,0,4,46,23,73,72,65,92,49,278,186,54,240,518
07/07/2011,COS,CO,ANM,WE,Combined TRACON& Tower with Radar,73,55,34,35,197,0,4,33,36,73,73,59,67,71,270,102,60,162,432
07/08/2011,COS,CO,ANM,WE,Combined TRACON& Tower with Radar,62,41,46,34,183,0,7,48,24,79,62,48,94,58,262,58,60,118,380
07/09/2011,COS,CO,ANM,WE,Combined TRACON& Tower with Radar,49,44,22,7,122,0,1,70,4,75,49,45,92,11,197,100,12,112,309
07/10/2011,COS,CO,ANM,WE,Combined TRACON& Tower with Radar,54,52,28,11,145,0,4,44,1,49,54,56,72,12,194,86,0,86,280
07/11/2011,COS,CO,ANM,WE,Combined TRACON& Tower with Radar,66,55,30,40,191,0,3,40,18,61,66,58,70,58,252,90,76,166,418
07/12/2011,COS,CO,ANM,WE,Combined TRACON& Tower with Radar,63,50,29,36,178,0,0,32,50,82,63,50,61,86,260,112,308,420,680
07/13/2011,COS,CO,ANM,WE,Combined TRACON& Tower with Radar,36,22,17,14,89,0,0,13,8,21,36,22,30,22,110,92,118,210,320
07/14/2011,COS,CO,ANM,WE,Combined TRACON& Tower with Radar,84,47,25,53,209,0,2,54,33,89,84,49,79,86,298,108,196,304,602
07/15/2011,COS,CO,ANM,WE,Combined TRACON& Tower with Radar,66,53,35,55,209,0,1,66,43,110,66,54,101,98,319,140,190,330,649
07/16/2011,COS,CO,ANM,WE,Combined TRACON& Tower with Radar,45,32,35,28,140,0,4,109,9,122,45,36,144,37,262,134,40,174,436
07/17/2011,COS,CO,ANM,WE,Combined TRACON& Tower with Radar,52,42,26,16,136,0,2,64,4,70,52,44,90,20,206,62,6,68,274
07/18/2011,COS,CO,ANM,WE,Combined TRACON& Tower with Radar,60,48,37,31,176,0,4,87,35,126,60,52,124,66,302,156,120,276,578
07/19/2011,COS,CO,ANM,WE,Combined TRACON& Tower with Radar,94,60,28,17,199,0,5,73,38,116,94,65,101,55,315,116,126,242,557
07/20/2011,COS,CO,ANM,WE,Combined TRACON& Tower with Radar,59,49,33,38,179,0,3,74,28,105,59,52,107,66,284,122,190,312,596
07/21/2011,COS,CO,ANM,WE,Combined TRACON& Tower with Radar,61,45,34,38,178,0,4,56,33,93,61,49,90,71,271,94,140,234,505
07/22/2011,COS,CO,ANM,WE,Combined TRACON& Tower with Radar,56,47,53,31,187,0,3,83,19,105,56,50,136,50,292,56,108,164,456
07/23/2011,COS,CO,ANM,WE,Combined TRACON& Tower with Radar,44,43,37,21,145,0,0,94,7,101,44,43,131,28,246,144,32,176,422
07/24/2011,COS,CO,ANM,WE,Combined TRACON& Tower with Radar,40,28,16,14,98,0,0,8,1,9,40,28,24,15,107,94,0,94,201
07/25/2011,COS,CO,ANM,WE,Combined TRACON& Tower with Radar,57,36,29,38,160,0,2,72,14,88,57,38,101,52,248,168,66,234,482
07/26/2011,COS,CO,ANM,WE,Combined TRACON& Tower with Radar,56,38,35,23,152,0,6,40,20,66,56,44,75,43,218,74,144,218,436
07/27/2011,COS,CO,ANM,WE,Combined TRACON& Tower with Radar,56,48,44,42,190,0,3,72,12,87,56,51,116,54,277,90,52,142,419
07/28/2011,COS,CO,ANM,WE,Combined TRACON& Tower with Radar,65,41,27,24,157,0,1,38,12,51,65,42,65,36,208,70,42,112,320
07/29/2011,COS,CO,ANM,WE,Combined TRACON& Tower with Radar,57,43,54,37,191,0,3,65,10,78,57,46,119,47,269,108,56,164,433
07/30/2011,COS,CO,ANM,WE,Combined TRACON& Tower with Radar,46,47,51,9,153,0,4,110,5,119,46,51,161,14,272,110,10,120,392
07/31/2011,COS,CO,ANM,WE,Combined TRACON& Tower with Radar,51,54,37,4,146,0,5,55,2,62,51,59,92,6,208,40,18,58,266
08/01/2011,COS,CO,ANM,WE,Combined TRACON& Tower with Radar,59,51,28,32,170,0,1,46,19,66,59,52,74,51,236,64,20,84,320
08/02/2011,COS,CO,ANM,WE,Combined TRACON& Tower with Radar,61,45,25,14,145,0,3,43,6,52,61,48,68,20,197,46,14,60,257
08/03/2011,COS,CO,ANM,WE,Combined TRACON& Tower with Radar,76,49,38,40,203,0,4,37,15,56,76,53,75,55,259,88,54,142,401
08/04/2011,COS,CO,ANM,WE,Combined TRACON& Tower with Radar,61,53,39,26,179,0,4,39,22,65,61,57,78,48,244,108,152,260,504
08/05/2011,COS,CO,ANM,WE,Combined TRACON& Tower with Radar,79,77,39,39,234,0,2,65,13,80,79,79,104,52,314,152,28,180,494
08/06/2011,COS,CO,ANM,WE,Combined TRACON& Tower with Radar,45,43,33,28,149,0,8,99,13,120,45,51,132,41,269,134,48,182,451
08/07/2011,COS,CO,ANM,WE,Combined TRACON& Tower with Radar,50,48,28,18,144,0,1,65,13,79,50,49,93,31,223,106,0,106,329
08/08/2011,COS,CO,ANM,WE,Combined TRACON& Tower with Radar,63,44,42,38,187,0,6,79,18,103,63,50,121,56,290,88,98,186,476
08/09/2011,COS,CO,ANM,WE,Combined TRACON& Tower with Radar,59,42,28,15,144,0,3,50,44,97,59,45,78,59,241,62,140,202,443
08/10/2011,COS,CO,ANM,WE,Combined TRACON& Tower with Radar,57,45,83,72,257,0,4,37,11,52,57,49,120,83,309,52,120,172,481
08/11/2011,COS,CO,ANM,WE,Combined TRACON& Tower with Radar,60,49,67,32,208,0,2,129,20,151,60,51,196,52,359,68,51,119,478
08/12/2011,COS,CO,ANM,WE,Combined TRACON& Tower with Radar,57,48,48,28,181,0,7,118,33,158,57,55,166,61,339,76,134,210,549
08/13/2011,COS,CO,ANM,WE,Combined TRACON& Tower with Radar,40,42,55,23,160,0,4,75,9,88,40,46,130,32,248,120,26,146,394
08/14/2011,COS,CO,ANM,WE,Combined TRACON& Tower with Radar,51,52,87,2,192,0,3,124,4,131,51,55,211,6,323,98,0,98,421
08/15/2011,COS,CO,ANM,WE,Combined TRACON& Tower with Radar,56,43,30,14,143,0,3,68,16,87,56,46,98,30,230,102,90,192,422
08/16/2011,COS,CO,ANM,WE,Combined TRACON& Tower with Radar,51,47,33,29,160,0,1,59,18,78,51,48,92,47,238,112,66,178,416
08/17/2011,COS,CO,ANM,WE,Combined TRACON& Tower with Radar,53,38,31,34,156,0,4,53,35,92,53,42,84,69,248,205,270,475,723
08/18/2011,COS,CO,ANM,WE,Combined TRACON& Tower with Radar,56,42,39,23,160,0,4,56,38,98,56,46,95,61,258,190,174,364,622
08/19/2011,COS,CO,ANM,WE,Combined TRACON& Tower with Radar,58,52,48,21,179,0,12,49,24,85,58,64,97,45,264,176,116,292,556
08/20/2011,COS,CO,ANM,WE,Combined TRACON& Tower with Radar,44,39,47,14,144,0,2,98,22,122,44,41,145,36,266,108,50,158,424
08/21/2011,COS,CO,ANM,WE,Combined TRACON& Tower with Radar,51,50,40,14,155,0,3,59,10,72,51,53,99,24,227,42,42,84,311
08/22/2011,COS,CO,ANM,WE,Combined TRACON& Tower with Radar,59,49,45,23,176,0,4,38,16,58,59,53,83,39,234,50,60,110,344
08/23/2011,COS,CO,ANM,WE,Combined TRACON& Tower with Radar,55,46,54,28,183,0,4,71,30,105,55,50,125,58,288,86,142,228,516
08/24/2011,COS,CO,ANM,WE,Combined TRACON& Tower with Radar,50,44,24,27,145,0,6,36,20,62,50,50,60,47,207,102,58,160,367
08/25/2011,COS,CO,ANM,WE,Combined TRACON& Tower with Radar,65,48,36,20,169,0,6,51,22,79,65,54,87,42,248,62,78,140,388
08/26/2011,COS,CO,ANM,WE,Combined TRACON& Tower with Radar,60,50,39,48,197,1,3,54,9,67,61,53,93,57,264,102,78,180,444
08/27/2011,COS,CO,ANM,WE,Combined TRACON& Tower with Radar,44,37,40,20,141,0,2,65,12,79,44,39,105,32,220,102,8,110,330
08/28/2011,COS,CO,ANM,WE,Combined TRACON& Tower with Radar,47,48,35,22,152,0,0,42,5,47,47,48,77,27,199,48,10,58,257
08/29/2011,COS,CO,ANM,WE,Combined TRACON& Tower with Radar,46,55,30,35,166,0,2,42,18,62,46,57,72,53,228,150,155,305,533
08/30/2011,COS,CO,ANM,WE,Combined TRACON& Tower with Radar,48,36,55,8,147,0,2,40,21,63,48,38,95,29,210,112,52,164,374
08/31/2011,COS,CO,ANM,WE,Combined TRACON& Tower with Radar,66,43,88,36,233,0,5,55,15,75,66,48,143,51,308,124,90,214,522
09/01/2011,COS,CO,ANM,WE,Combined TRACON& Tower with Radar,59,52,65,40,216,0,0,77,27,104,59,52,142,67,320,114,176,290,610
09/02/2011,COS,CO,ANM,WE,Combined TRACON& Tower with Radar,62,71,58,6,197,0,0,62,11,73,62,71,120,17,270,50,6,56,326
09/03/2011,COS,CO,ANM,WE,Combined TRACON& Tower with Radar,45,26,57,13,141,0,0,67,1,68,45,26,124,14,209,22,10,32,241
09/04/2011,COS,CO,ANM,WE,Combined TRACON& Tower with Radar,42,23,76,7,148,0,1,69,1,71,42,24,145,8,219,114,22,136,355
09/05/2011,COS,CO,ANM,WE,Combined TRACON& Tower with Radar,47,48,41,10,146,0,2,92,0,94,47,50,133,10,240,52,19,71,311
09/06/2011,COS,CO,ANM,WE,Combined TRACON& Tower with Radar,52,48,45,34,179,0,2,42,18,62,52,50,87,52,241,78,104,182,423
09/07/2011,COS,CO,ANM,WE,Combined TRACON& Tower with Radar,51,44,21,33,149,0,2,32,21,55,51,46,53,54,204,122,90,212,416
09/08/2011,COS,CO,ANM,WE,Combined TRACON& Tower with Radar,55,48,31,25,159,0,2,49,22,73,55,50,80,47,232,84,148,232,464
09/09/2011,COS,CO,ANM,WE,Combined TRACON& Tower with Radar,54,46,47,62,209,0,2,62,36,100,54,48,109,98,309,96,152,248,557
09/10/2011,COS,CO,ANM,WE,Combined TRACON& Tower with Radar,49,26,23,28,126,0,2,105,23,130,49,28,128,51,256,188,18,206,462
09/11/2011,COS,CO,ANM,WE,Combined TRACON& Tower with Radar,52,33,50,26,161,0,0,86,14,100,52,33,136,40,261,86,16,102,363
09/12/2011,COS,CO,ANM,WE,Combined TRACON& Tower with Radar,54,52,37,29,172,0,2,49,11,62,54,54,86,40,234,110,30,140,374
09/13/2011,COS,CO,ANM,WE,Combined TRACON& Tower with Radar,50,34,33,41,158,0,4,31,11,46,50,38,64,52,204,74,92,166,370
09/14/2011,COS,CO,ANM,WE,Combined TRACON& Tower with Radar,51,38,26,16,131,0,3,25,14,42,51,41,51,30,173,86,44,130,303
09/15/2011,COS,CO,ANM,WE,Combined TRACON& Tower with Radar,51,46,31,25,153,0,0,2,0,2,51,46,33,25,155,6,30,36,191
09/16/2011,COS,CO,ANM,WE,Combined TRACON& Tower with Radar,51,49,31,18,149,0,6,65,17,88,51,55,96,35,237,130,92,222,459
09/17/2011,COS,CO,ANM,WE,Combined TRACON& Tower with Radar,46,36,17,12,111,0,2,70,4,76,46,38,87,16,187,66,18,84,271
09/18/2011,COS,CO,ANM,WE,Combined TRACON& Tower with Radar,52,40,59,19,170,0,0,80,0,80,52,40,139,19,250,64,0,64,314
09/19/2011,COS,CO,ANM,WE,Combined TRACON& Tower with Radar,52,43,36,26,157,0,0,52,11,63,52,43,88,37,220,138,68,206,426
09/20/2011,COS,CO,ANM,WE,Combined TRACON& Tower with Radar,47,35,48,28,158,0,5,52,41,98,47,40,100,69,256,46,114,160,416
09/21/2011,COS,CO,ANM,WE,Combined TRACON& Tower with Radar,51,45,34,19,149,0,2,60,18,80,51,47,94,37,229,212,88,300,529
09/22/2011,COS,CO,ANM,WE,Combined TRACON& Tower with Radar,54,52,45,29,180,0,3,49,27,79,54,55,94,56,259,88,34,122,381
09/23/2011,COS,CO,ANM,WE,Combined TRACON& Tower with Radar,49,46,49,40,184,0,2,59,17,78,49,48,108,57,262,210,86,296,558
09/24/2011,COS,CO,ANM,WE,Combined TRACON& Tower with Radar,43,26,19,18,106,0,2,65,21,88,43,28,84,39,194,62,22,84,278
09/25/2011,COS,CO,ANM,WE,Combined TRACON& Tower with Radar,50,37,35,15,137,0,5,43,4,52,50,42,78,19,189,34,22,56,245
09/26/2011,COS,CO,ANM,WE,Combined TRACON& Tower with Radar,54,44,29,27,154,0,0,41,11,52,54,44,70,38,206,54,8,62,268
09/27/2011,COS,CO,ANM,WE,Combined TRACON& Tower with Radar,46,36,28,35,145,0,6,43,18,67,46,42,71,53,212,140,68,208,420
09/28/2011,COS,CO,ANM,WE,Combined TRACON& Tower with Radar,51,31,26,25,133,0,2,44,18,64,51,33,70,43,197,86,130,216,413
09/29/2011,COS,CO,ANM,WE,Combined TRACON& Tower with Radar,53,53,30,24,160,0,1,45,4,50,53,54,75,28,210,78,36,114,324
09/30/2011,COS,CO,ANM,WE,Combined TRACON& Tower with Radar,52,52,47,25,176,0,2,77,3,82,52,54,124,28,258,158,30,188,446
10/01/2011,COS,CO,ANM,WE,Combined TRACON& Tower with Radar,46,40,36,11,133,0,4,100,6,110,46,44,136,17,243,166,32,198,441
10/02/2011,COS,CO,ANM,WE,Combined TRACON& Tower with Radar,38,37,31,12,118,0,2,66,7,75,38,39,97,19,193,116,4,120,313
10/03/2011,COS,CO,ANM,WE,Combined TRACON& Tower with Radar,46,49,31,32,158,0,2,34,13,49,46,51,65,45,207,58,50,108,315
10/04/2011,COS,CO,ANM,WE,Combined TRACON& Tower with Radar,41,57,44,29,171,0,4,45,31,80,41,61,89,60,251,14,40,54,305
10/05/2011,COS,CO,ANM,WE,Combined TRACON& Tower with Radar,43,42,24,50,159,0,10,49,25,84,43,52,73,75,243,122,138,260,503
10/06/2011,COS,CO,ANM,WE,Combined TRACON& Tower with Radar,59,52,17,20,148,0,1,10,8,19,59,53,27,28,167,8,8,16,183
10/07/2011,COS,CO,ANM,WE,Combined TRACON& Tower with Radar,46,47,35,67,195,0,1,42,54,97,46,48,77,121,292,92,234,326,618
10/08/2011,COS,CO,ANM,WE,Combined TRACON& Tower with Radar,50,28,13,6,97,0,1,4,2,7,50,29,17,8,104,0,6,6,110
10/09/2011,COS,CO,ANM,WE,Combined TRACON& Tower with Radar,46,54,21,19,140,0,2,51,19,72,46,56,72,38,212,30,0,30,242
10/10/2011,COS,CO,ANM,WE,Combined TRACON& Tower with Radar,46,44,50,34,174,0,3,78,5,86,46,47,128,39,260,108,10,118,378
10/11/2011,COS,CO,ANM,WE,Combined TRACON& Tower with Radar,44,36,32,35,147,0,4,50,39,93,44,40,82,74,240,140,84,224,464
10/12/2011,COS,CO,ANM,WE,Combined TRACON& Tower with Radar,46,35,47,71,199,0,3,57,55,115,46,38,104,126,314,140,265,405,719
10/13/2011,COS,CO,ANM,WE,Combined TRACON& Tower with Radar,55,52,35,33,175,0,5,63,43,111,55,57,98,76,286,216,206,422,708
10/14/2011,COS,CO,ANM,WE,Combined TRACON& Tower with Radar,47,58,49,36,190,0,4,77,28,109,47,62,126,64,299,196,92,288,587
10/15/2011,COS,CO,ANM,WE,Combined TRACON& Tower with Radar,47,32,25,21,125,0,8,82,13,103,47,40,107,34,228,74,62,136,364
10/16/2011,COS,CO,ANM,WE,Combined TRACON& Tower with Radar,46,45,36,19,146,0,0,66,12,78,46,45,102,31,224,52,34,86,310
10/17/2011,COS,CO,ANM,WE,Combined TRACON& Tower with Radar,22,15,7,10,54,0,0,9,13,22,22,15,16,23,76,24,62,86,162
10/18/2011,COS,CO,ANM,WE,Combined TRACON& Tower with Radar,21,19,18,26,84,0,17,25,24,66,21,36,43,50,150,104,188,292,442
10/19/2011,COS,CO,ANM,WE,Combined TRACON& Tower with Radar,44,41,47,56,188,0,7,58,25,90,44,48,105,81,278,136,190,326,604
10/20/2011,COS,CO,ANM,WE,Combined TRACON& Tower with Radar,49,49,39,20,157,0,2,62,32,96,49,51,101,52,253,128,206,334,587
10/21/2011,COS,CO,ANM,WE,Combined TRACON& Tower with Radar,52,43,42,49,186,0,2,65,14,81,52,45,107,63,267,86,62,148,415
10/22/2011,COS,CO,ANM,WE,Combined TRACON& Tower with Radar,48,25,28,9,110,0,2,122,9,133,48,27,150,18,243,132,14,146,389
10/23/2011,COS,CO,ANM,WE,Combined TRACON& Tower with Radar,48,41,35,14,138,0,3,69,9,81,48,44,104,23,219,59,14,73,292
10/24/2011,COS,CO,ANM,WE,Combined TRACON& Tower with Radar,48,46,31,35,160,1,1,45,22,69,49,47,76,57,229,116,156,272,501
10/25/2011,COS,CO,ANM,WE,Combined TRACON& Tower with Radar,54,33,30,26,143,0,1,34,15,50,54,34,64,41,193,104,68,172,365
10/26/2011,COS,CO,ANM,WE,Combined TRACON& Tower with Radar,47,31,8,18,104,0,1,2,0,3,47,32,10,18,107,6,8,14,121
10/27/2011,COS,CO,ANM,WE,Combined TRACON& Tower with Radar,64,59,32,27,182,0,9,39,9,57,64,68,71,36,239,96,56,152,391
10/28/2011,COS,CO,ANM,WE,Combined TRACON& Tower with Radar,61,49,45,37,192,0,12,49,21,82,61,61,94,58,274,108,128,236,510
10/29/2011,COS,CO,ANM,WE,Combined TRACON& Tower with Radar,47,30,17,11,105,0,3,74,4,81,47,33,91,15,186,148,12,160,346
10/30/2011,COS,CO,ANM,WE,Combined TRACON& Tower with Radar,43,45,22,11,121,0,0,70,1,71,43,45,92,12,192,26,0,26,218
10/31/2011,COS,CO,ANM,WE,Combined TRACON& Tower with Radar,48,36,39,25,148,0,2,52,8,62,48,38,91,33,210,80,34,114,324
11/01/2011,COS,CO,ANM,WE,Combined TRACON& Tower with Radar,41,33,31,43,148,0,2,38,25,65,41,35,69,68,213,70,94,164,377
11/02/2011,COS,CO,ANM,WE,Combined TRACON& Tower with Radar,36,28,11,37,112,0,3,0,2,5,36,31,11,39,117,68,0,68,185
11/03/2011,COS,CO,ANM,WE,Combined TRACON& Tower with Radar,50,41,25,32,148,0,2,56,12,70,50,43,81,44,218,134,92,226,444
11/04/2011,COS,CO,ANM,WE,Combined TRACON& Tower with Radar,46,42,28,53,169,0,0,58,25,83,46,42,86,78,252,142,86,228,480
11/05/2011,COS,CO,ANM,WE,Combined TRACON& Tower with Radar,45,30,21,27,123,0,0,13,17,30,45,30,34,44,153,66,12,78,231
11/06/2011,COS,CO,ANM,WE,Combined TRACON& Tower with Radar,44,44,33,30,151,0,0,55,1,56,44,44,88,31,207,16,14,30,237
11/07/2011,COS,CO,ANM,WE,Combined TRACON& Tower with Radar,46,41,18,25,130,0,3,25,16,44,46,44,43,41,174,106,56,162,336
11/08/2011,COS,CO,ANM,WE,Combined TRACON& Tower with Radar,42,37,15,29,123,0,1,3,10,14,42,38,18,39,137,46,52,98,235
11/09/2011,COS,CO,ANM,WE,Combined TRACON& Tower with Radar,41,44,27,25,137,0,2,61,11,74,41,46,88,36,211,68,66,134,345
11/10/2011,COS,CO,ANM,WE,Combined TRACON& Tower with Radar,48,39,34,32,153,0,2,75,14,91,48,41,109,46,244,96,126,222,466
11/11/2011,COS,CO,ANM,WE,Combined TRACON& Tower with Radar,45,43,34,7,129,0,0,77,2,79,45,43,111,9,208,118,4,122,330
11/12/2011,COS,CO,ANM,WE,Combined TRACON& Tower with Radar,44,31,12,3,90,0,1,14,1,16,44,32,26,4,106,20,2,22,128
11/13/2011,COS,CO,ANM,WE,Combined TRACON& Tower with Radar,44,32,16,13,105,0,1,21,3,25,44,33,37,16,130,6,0,6,136
11/14/2011,COS,CO,ANM,WE,Combined TRACON& Tower with Radar,45,38,28,17,128,0,2,53,2,57,45,40,81,19,185,40,60,100,285
11/15/2011,COS,CO,ANM,WE,Combined TRACON& Tower with Radar,44,36,24,29,133,0,4,44,25,73,44,40,68,54,206,158,114,272,478
11/16/2011,COS,CO,ANM,WE,Combined TRACON& Tower with Radar,40,40,39,45,164,0,1,41,28,70,40,41,80,73,234,60,142,202,436
11/17/2011,COS,CO,ANM,WE,Combined TRACON& Tower with Radar,48,46,27,17,138,0,2,56,27,85,48,48,83,44,223,76,164,240,463
11/18/2011,COS,CO,ANM,WE,Combined TRACON& Tower with Radar,46,46,23,27,142,0,0,41,6,47,46,46,64,33,189,28,16,44,233
11/19/2011,COS,CO,ANM,WE,Combined TRACON& Tower with Radar,54,34,11,6,105,0,2,9,4,15,54,36,20,10,120,0,0,0,120
11/20/2011,COS,CO,ANM,WE,Combined TRACON& Tower with Radar,64,33,19,10,126,0,0,82,3,85,64,33,101,13,211,84,24,108,319
11/21/2011,COS,CO,ANM,WE,Combined TRACON& Tower with Radar,58,29,24,18,129,0,1,55,23,79,58,30,79,41,208,54,8,62,270
11/22/2011,COS,CO,ANM,WE,Combined TRACON& Tower with Radar,65,37,32,18,152,0,5,71,22,98,65,42,103,40,250,121,46,167,417
11/23/2011,COS,CO,ANM,WE,Combined TRACON& Tower with Radar,50,40,36,39,165,0,2,86,12,100,50,42,122,51,265,104,138,242,507
11/24/2011,COS,CO,ANM,WE,Combined TRACON& Tower with Radar,32,19,10,1,62,0,0,23,0,23,32,19,33,1,85,0,0,0,85
11/25/2011,COS,CO,ANM,WE,Combined TRACON& Tower with Radar,42,36,16,2,96,0,0,48,0,48,42,36,64,2,144,40,0,40,184
11/26/2011,COS,CO,ANM,WE,Combined TRACON& Tower with Radar,45,41,6,0,92,0,1,24,2,27,45,42,30,2,119,6,0,6,125
11/27/2011,COS,CO,ANM,WE,Combined TRACON& Tower with Radar,54,45,43,1,143,0,2,96,2,100,54,47,139,3,243,122,2,124,367
11/28/2011,COS,CO,ANM,WE,Combined TRACON& Tower with Radar,52,43,28,8,131,0,0,25,12,37,52,43,53,20,168,22,14,36,204
11/29/2011,COS,CO,ANM,WE,Combined TRACON& Tower with Radar,48,45,14,21,128,0,7,44,19,70,48,52,58,40,198,36,48,84,282
11/30/2011,COS,CO,ANM,WE,Combined TRACON& Tower with Radar,45,39,19,20,123,0,6,47,17,70,45,45,66,37,193,96,62,158,351
12/01/2011,COS,CO,ANM,WE,Combined TRACON& Tower with Radar,51,47,17,24,139,0,1,1,4,6,51,48,18,28,145,28,6,34,179
12/02/2011,COS,CO,ANM,WE,Combined TRACON& Tower with Radar,49,38,29,27,143,0,0,29,10,39,49,38,58,37,182,52,68,120,302
12/03/2011,COS,CO,ANM,WE,Combined TRACON& Tower with Radar,41,28,18,4,91,0,3,11,0,14,41,31,29,4,105,14,0,14,119
12/04/2011,COS,CO,ANM,WE,Combined TRACON& Tower with Radar,55,37,21,17,130,0,4,23,1,28,55,41,44,18,158,74,0,74,232
12/05/2011,COS,CO,ANM,WE,Combined TRACON& Tower with Radar,49,52,25,6,132,0,1,9,0,10,49,53,34,6,142,44,0,44,186
12/06/2011,COS,CO,ANM,WE,Combined TRACON& Tower with Radar,43,33,29,37,142,0,4,66,26,96,43,37,95,63,238,146,84,230,468
12/07/2011,COS,CO,ANM,WE,Combined TRACON& Tower with Radar,46,40,26,18,130,0,2,53,14,69,46,42,79,32,199,148,42,190,389
12/08/2011,COS,CO,ANM,WE,Combined TRACON& Tower with Radar,54,35,25,42,156,0,3,35,36,74,54,38,60,78,230,108,116,224,454
12/09/2011,COS,CO,ANM,WE,Combined TRACON& Tower with Radar,76,50,27,59,212,0,0,62,20,82,76,50,89,79,294,164,14,178,472
12/10/2011,COS,CO,ANM,WE,Combined TRACON& Tower with Radar,43,31,21,30,125,0,0,120,12,132,43,31,141,42,257,174,32,206,463
12/11/2011,COS,CO,ANM,WE,Combined TRACON& Tower with Radar,50,35,23,20,128,0,2,80,2,84,50,37,103,22,212,112,0,112,324
12/12/2011,COS,CO,ANM,WE,Combined TRACON& Tower with Radar,51,38,27,50,166,0,4,35,7,46,51,42,62,57,212,42,80,122,334
12/13/2011,COS,CO,ANM,WE,Combined TRACON& Tower with Radar,46,26,17,32,121,0,0,32,16,48,46,26,49,48,169,96,92,188,357
12/14/2011,COS,CO,ANM,WE,Combined TRACON& Tower with Radar,47,26,42,31,146,0,0,54,25,79,47,26,96,56,225,66,42,108,333
12/15/2011,COS,CO,ANM,WE,Combined TRACON& Tower with Radar,52,45,31,34,162,0,1,51,20,72,52,46,82,54,234,138,128,266,500
12/16/2011,COS,CO,ANM,WE,Combined TRACON& Tower with Radar,46,48,16,23,133,0,0,64,6,70,46,48,80,29,203,128,24,152,355
12/17/2011,COS,CO,ANM,WE,Combined TRACON& Tower with Radar,44,40,34,34,152,0,0,128,17,145,44,40,162,51,297,159,46,205,502
12/18/2011,COS,CO,ANM,WE,Combined TRACON& Tower with Radar,42,38,26,8,114,0,2,88,0,90,42,40,114,8,204,86,0,86,290
12/19/2011,COS,CO,ANM,WE,Combined TRACON& Tower with Radar,45,34,15,8,102,0,1,0,0,1,45,35,15,8,103,0,0,0,103
12/20/2011,COS,CO,ANM,WE,Combined TRACON& Tower with Radar,46,44,32,7,129,0,1,34,4,39,46,45,66,11,168,48,28,76,244
12/21/2011,COS,CO,ANM,WE,Combined TRACON& Tower with Radar,49,48,12,19,128,0,1,59,0,60,49,49,71,19,188,126,20,146,334
12/22/2011,COS,CO,ANM,WE,Combined TRACON& Tower with Radar,45,37,20,3,105,0,1,6,0,7,45,38,26,3,112,0,0,0,112
12/23/2011,COS,CO,ANM,WE,Combined TRACON& Tower with Radar,52,39,25,4,120,0,4,53,1,58,52,43,78,5,178,94,0,94,272
12/24/2011,COS,CO,ANM,WE,Combined TRACON& Tower with Radar,41,26,6,0,73,0,4,48,0,52,41,30,54,0,125,86,0,86,211
12/25/2011,COS,CO,ANM,WE,Combined TRACON& Tower with Radar,36,25,4,0,65,0,3,29,0,32,36,28,33,0,97,10,0,10,107
12/26/2011,COS,CO,ANM,WE,Combined TRACON& Tower with Radar,41,42,24,0,107,0,0,75,0,75,41,42,99,0,182,36,12,48,230
12/27/2011,COS,CO,ANM,WE,Combined TRACON& Tower with Radar,45,49,23,7,124,0,0,72,0,72,45,49,95,7,196,108,18,126,322
12/28/2011,COS,CO,ANM,WE,Combined TRACON& Tower with Radar,46,41,12,26,125,0,0,58,14,72,46,41,70,40,197,52,78,130,327
12/29/2011,COS,CO,ANM,WE,Combined TRACON& Tower with Radar,49,47,21,12,129,0,0,11,7,18,49,47,32,19,147,0,0,0,147
12/30/2011,COS,CO,ANM,WE,Combined TRACON& Tower with Radar,46,40,30,9,125,0,6,73,5,84,46,46,103,14,209,116,28,144,353
12/31/2011,COS,CO,ANM,WE,Combined TRACON& Tower with Radar,40,23,13,0,76,0,0,11,0,11,40,23,24,0,87,0,0,0,87
01/01/2012,COS,CO,ANM,WE,Combined TRACON& Tower with Radar,47,34,18,5,104,0,2,36,2,40,47,36,54,7,144,0,0,0,144
01/02/2012,COS,CO,ANM,WE,Combined TRACON& Tower with Radar,43,40,35,7,125,0,2,82,1,85,43,42,117,8,210,124,48,172,382
01/03/2012,COS,CO,ANM,WE,Combined TRACON& Tower with Radar,45,39,23,12,119,0,0,46,8,54,45,39,69,20,173,110,12,122,295
01/04/2012,COS,CO,ANM,WE,Combined TRACON& Tower with Radar,47,36,27,37,147,0,1,45,15,61,47,37,72,52,208,126,46,172,380
01/05/2012,COS,CO,ANM,WE,Combined TRACON& Tower with Radar,49,41,36,30,156,0,4,48,16,68,49,45,84,46,224,46,52,98,322
01/06/2012,COS,CO,ANM,WE,Combined TRACON& Tower with Radar,50,45,16,26,137,0,1,48,15,64,50,46,64,41,201,38,54,92,293
01/07/2012,COS,CO,ANM,WE,Combined TRACON& Tower with Radar,46,24,16,28,114,0,1,61,12,74,46,25,77,40,188,162,54,216,404
01/08/2012,COS,CO,ANM,WE,Combined TRACON& Tower with Radar,39,40,10,16,105,0,1,19,2,22,39,41,29,18,127,10,14,24,151
01/09/2012,COS,CO,ANM,WE,Combined TRACON& Tower with Radar,44,42,12,14,112,0,1,31,10,42,44,43,43,24,154,42,42,84,238
01/10/2012,COS,CO,ANM,WE,Combined TRACON& Tower with Radar,44,39,22,23,128,0,7,51,18,76,44,46,73,41,204,92,130,222,426
01/11/2012,COS,CO,ANM,WE,Combined TRACON& Tower with Radar,44,37,14,33,128,0,0,2,15,17,44,37,16,48,145,16,72,88,233
01/12/2012,COS,CO,ANM,WE,Combined TRACON& Tower with Radar,51,38,25,24,138,0,0,44,25,69,51,38,69,49,207,112,112,224,431
01/13/2012,COS,CO,ANM,WE,Combined TRACON& Tower with Radar,48,40,16,19,123,0,0,44,4,48,48,40,60,23,171,20,42,62,233
01/14/2012,COS,CO,ANM,WE,Combined TRACON& Tower with Radar,42,29,11,7,89,0,0,78,0,78,42,29,89,7,167,106,4,110,277
01/15/2012,COS,CO,ANM,WE,Combined TRACON& Tower with Radar,40,46,17,4,107,0,0,51,4,55,40,46,68,8,162,66,0,66,228
01/16/2012,COS,CO,ANM,WE,Combined TRACON& Tower with Radar,43,38,12,7,100,0,0,17,0,17,43,38,29,7,117,2,0,2,119
01/17/2012,COS,CO,ANM,WE,Combined TRACON& Tower with Radar,44,44,15,18,121,0,0,17,0,17,44,44,32,18,138,40,0,40,178
01/18/2012,COS,CO,ANM,WE,Combined TRACON& Tower with Radar,36,46,10,8,100,0,0,12,0,12,36,46,22,8,112,48,4,52,164
01/19/2012,COS,CO,ANM,WE,Combined TRACON& Tower with Radar,57,45,24,15,141,0,2,29,5,36,57,47,53,20,177,64,2,66,243
01/20/2012,COS,CO,ANM,WE,Combined TRACON& Tower with Radar,47,41,17,40,145,0,3,24,24,51,47,44,41,64,196,84,74,158,354
01/21/2012,COS,CO,ANM,WE,Combined TRACON& Tower with Radar,42,26,13,10,91,0,0,33,5,38,42,26,46,15,129,52,30,82,211
01/22/2012,COS,CO,ANM,WE,Combined TRACON& Tower with Radar,38,42,14,9,103,0,0,6,3,9,38,42,20,12,112,0,4,4,116
01/23/2012,COS,CO,ANM,WE,Combined TRACON& Tower with Radar,44,47,20,29,140,0,2,45,22,69,44,49,65,51,209,50,28,78,287
01/24/2012,COS,CO,ANM,WE,Combined TRACON& Tower with Radar,40,37,33,19,129,0,0,12,18,30,40,37,45,37,159,26,26,52,211
01/25/2012,COS,CO,ANM,WE,Combined TRACON& Tower with Radar,38,37,25,51,151,0,0,44,36,80,38,37,69,87,231,138,160,298,529
01/26/2012,COS,CO,ANM,WE,Combined TRACON& Tower with Radar,52,47,27,28,154,0,2,48,19,69,52,49,75,47,223,116,74,190,413
01/27/2012,COS,CO,ANM,WE,Combined TRACON& Tower with Radar,50,49,16,19,134,0,0,12,9,21,50,49,28,28,155,8,20,28,183
01/28/2012,COS,CO,ANM,WE,Combined TRACON& Tower with Radar,38,28,11,5,82,0,5,60,17,82,38,33,71,22,164,166,10,176,340
01/29/2012,COS,CO,ANM,WE,Combined TRACON& Tower with Radar,38,42,30,6,116,0,0,63,4,67,38,42,93,10,183,48,6,54,237
01/30/2012,COS,CO,ANM,WE,Combined TRACON& Tower with Radar,42,38,15,26,121,0,2,32,23,57,42,40,47,49,178,94,74,168,346
01/31/2012,COS,CO,ANM,WE,Combined TRACON& Tower with Radar,45,36,26,44,151,0,6,44,36,86,45,42,70,80,237,98,122,220,457
02/01/2012,COS,CO,ANM,WE,Combined TRACON& Tower with Radar,46,36,26,30,138,0,4,49,29,82,46,40,75,59,220,68,210,278,498
02/02/2012,COS,CO,ANM,WE,Combined TRACON& Tower with Radar,52,42,33,36,163,0,0,9,13,22,52,42,42,49,185,6,76,82,267
02/03/2012,COS,CO,ANM,WE,Combined TRACON& Tower with Radar,42,46,24,14,126,0,1,0,0,1,42,47,24,14,127,0,0,0,127
02/04/2012,COS,CO,ANM,WE,Combined TRACON& Tower with Radar,47,24,13,3,87,0,5,24,5,34,47,29,37,8,121,140,0,140,261
02/05/2012,COS,CO,ANM,WE,Combined TRACON& Tower with Radar,43,38,15,1,97,0,0,38,3,41,43,38,53,4,138,24,0,24,162
02/06/2012,COS,CO,ANM,WE,Combined TRACON& Tower with Radar,44,47,21,34,146,0,1,19,8,28,44,48,40,42,174,26,50,76,250
02/07/2012,COS,CO,ANM,WE,Combined TRACON& Tower with Radar,41,39,17,24,121,0,0,7,3,10,41,39,24,27,131,14,26,40,171
02/08/2012,COS,CO,ANM,WE,Combined TRACON& Tower with Radar,44,38,19,51,152,0,2,23,39,64,44,40,42,90,216,76,212,288,504
02/09/2012,COS,CO,ANM,WE,Combined TRACON& Tower with Radar,54,48,25,25,152,0,0,38,20,58,54,48,63,45,210,102,100,202,412
02/10/2012,COS,CO,ANM,WE,Combined TRACON& Tower with Radar,50,47,30,41,168,1,5,62,12,80,51,52,92,53,248,70,84,154,402
02/11/2012,COS,CO,ANM,WE,Combined TRACON& Tower with Radar,42,30,10,5,87,0,0,0,0,0,42,30,10,5,87,0,0,0,87
02/12/2012,COS,CO,ANM,WE,Combined TRACON& Tower with Radar,40,43,23,28,134,0,0,0,0,0,40,43,23,28,134,0,0,0,134
02/13/2012,COS,CO,ANM,WE,Combined TRACON& Tower with Radar,45,48,33,24,150,0,2,40,17,59,45,50,73,41,209,64,106,170,379
02/14/2012,COS,CO,ANM,WE,Combined TRACON& Tower with Radar,43,38,31,28,140,0,2,36,16,54,43,40,67,44,194,110,44,154,348
02/15/2012,COS,CO,ANM,WE,Combined TRACON& Tower with Radar,36,36,34,64,170,0,2,28,38,68,36,38,62,102,238,112,210,322,560
02/16/2012,COS,CO,ANM,WE,Combined TRACON& Tower with Radar,50,43,26,42,161,0,2,44,19,65,50,45,70,61,226,140,150,290,516
02/17/2012,COS,CO,ANM,WE,Combined TRACON& Tower with Radar,52,44,24,52,172,0,7,72,17,96,52,51,96,69,268,64,20,84,352
02/18/2012,COS,CO,ANM,WE,Combined TRACON& Tower with Radar,38,37,21,13,109,0,0,90,6,96,38,37,111,19,205,166,0,166,371
02/19/2012,COS,CO,ANM,WE,Combined TRACON& Tower with Radar,38,41,45,6,130,0,0,66,11,77,38,41,111,17,207,48,8,56,263
02/20/2012,COS,CO,ANM,WE,Combined TRACON& Tower with Radar,45,48,14,8,115,0,0,19,5,24,45,48,33,13,139,0,0,0,139
02/21/2012,COS,CO,ANM,WE,Combined TRACON& Tower with Radar,50,40,14,37,141,0,2,18,19,39,50,42,32,56,180,32,12,44,224
02/22/2012,COS,CO,ANM,WE,Combined TRACON& Tower with Radar,43,34,12,15,104,0,0,5,0,5,43,34,17,15,109,6,10,16,125
02/23/2012,COS,CO,ANM,WE,Combined TRACON& Tower with Radar,47,44,10,40,141,0,0,1,11,12,47,44,11,51,153,0,46,46,199
02/24/2012,COS,CO,ANM,WE,Combined TRACON& Tower with Radar,53,50,39,30,172,0,2,72,12,86,53,52,111,42,258,98,20,118,376
02/25/2012,COS,CO,ANM,WE,Combined TRACON& Tower with Radar,43,40,17,7,107,0,0,38,7,45,43,40,55,14,152,108,0,108,260
02/26/2012,COS,CO,ANM,WE,Combined TRACON& Tower with Radar,44,40,22,15,121,0,4,57,2,63,44,44,79,17,184,94,34,128,312
02/27/2012,COS,CO,ANM,WE,Combined TRACON& Tower with Radar,52,41,12,44,149,0,6,21,25,52,52,47,33,69,201,18,226,244,445
02/28/2012,COS,CO,ANM,WE,Combined TRACON& Tower with Radar,50,34,11,13,108,0,0,2,2,4,50,34,13,15,112,0,4,4,116
02/29/2012,COS,CO,ANM,WE,Combined TRACON& Tower with Radar,46,36,27,46,155,0,2,38,24,64,46,38,65,70,219,36,130,166,385
03/01/2012,COS,CO,ANM,WE,Combined TRACON& Tower with Radar,52,42,22,69,185,0,0,7,8,15,52,42,29,77,200,0,54,54,254
03/02/2012,COS,CO,ANM,WE,Combined TRACON& Tower with Radar,54,40,17,33,144,0,2,8,10,20,54,42,25,43,164,26,8,34,198
03/03/2012,COS,CO,ANM,WE,Combined TRACON& Tower with Radar,44,33,26,13,116,0,6,56,24,86,44,39,82,37,202,120,8,128,330
03/04/2012,COS,CO,ANM,WE,Combined TRACON& Tower with Radar,46,34,18,14,112,0,6,72,3,81,46,40,90,17,193,92,4,96,289
03/05/2012,COS,CO,ANM,WE,Combined TRACON& Tower with Radar,46,40,13,28,127,0,6,50,25,81,46,46,63,53,208,172,54,226,434
03/06/2012,COS,CO,ANM,WE,Combined TRACON& Tower with Radar,49,34,26,38,147,0,2,32,25,59,49,36,58,63,206,50,112,162,368
03/07/2012,COS,CO,ANM,WE,Combined TRACON& Tower with Radar,39,34,19,44,136,0,0,9,12,21,39,34,28,56,157,18,130,148,305
03/08/2012,COS,CO,ANM,WE,Combined TRACON& Tower with Radar,54,50,23,26,153,0,5,22,23,50,54,55,45,49,203,30,74,104,307
03/09/2012,COS,CO,ANM,WE,Combined TRACON& Tower with Radar,55,49,23,82,209,0,7,63,21,91,55,56,86,103,300,142,144,286,586
03/10/2012,COS,CO,ANM,WE,Combined TRACON& Tower with Radar,47,37,17,38,139,0,0,81,15,96,47,37,98,53,235,170,68,238,473
03/11/2012,COS,CO,ANM,WE,Combined TRACON& Tower with Radar,44,41,14,34,133,0,0,41,3,44,44,41,55,37,177,42,8,50,227
03/12/2012,COS,CO,ANM,WE,Combined TRACON& Tower with Radar,45,45,30,20,140,0,3,47,14,64,45,48,77,34,204,70,62,132,336
03/13/2012,COS,CO,ANM,WE,Combined TRACON& Tower with Radar,48,39,36,33,156,0,2,58,20,80,48,41,94,53,236,78,156,234,470
03/14/2012,COS,CO,ANM,WE,Combined TRACON& Tower with Radar,41,45,39,41,166,0,4,52,34,90,41,49,91,75,256,74,136,210,466
03/15/2012,COS,CO,ANM,WE,Combined TRACON& Tower with Radar,50,54,32,31,167,0,3,75,19,97,50,57,107,50,264,96,120,216,480
03/16/2012,COS,CO,ANM,WE,Combined TRACON& Tower with Radar,53,47,47,42,189,0,2,83,18,103,53,49,130,60,292,66,84,150,442
03/17/2012,COS,CO,ANM,WE,Combined TRACON& Tower with Radar,40,37,22,13,112,0,1,77,9,87,40,38,99,22,199,42,38,80,279
03/18/2012,COS,CO,ANM,WE,Combined TRACON& Tower with Radar,41,40,17,18,116,0,0,11,5,16,41,40,28,23,132,36,16,52,184
03/19/2012,COS,CO,ANM,WE,Combined TRACON& Tower with Radar,42,43,24,69,178,0,2,38,21,61,42,45,62,90,239,156,102,258,497
03/20/2012,COS,CO,ANM,WE,Combined TRACON& Tower with Radar,50,36,21,30,137,0,0,10,8,18,50,36,31,38,155,4,50,54,209
03/21/2012,COS,CO,ANM,WE,Combined TRACON& Tower with Radar,42,42,35,46,165,0,2,35,17,54,42,44,70,63,219,30,100,130,349
03/22/2012,COS,CO,ANM,WE,Combined TRACON& Tower with Radar,51,47,19,35,152,0,0,18,14,32,51,47,37,49,184,0,48,48,232
03/23/2012,COS,CO,ANM,WE,Combined TRACON& Tower with Radar,55,48,24,37,164,0,5,87,18,110,55,53,111,55,274,106,82,188,462
03/24/2012,COS,CO,ANM,WE,Combined TRACON& Tower with Radar,46,35,22,10,113,0,6,71,3,80,46,41,93,13,193,66,0,66,259
03/25/2012,COS,CO,ANM,WE,Combined TRACON& Tower with Radar,43,36,24,15,118,0,0,52,0,52,43,36,76,15,170,108,0,108,278
03/26/2012,COS,CO,ANM,WE,Combined TRACON& Tower with Radar,50,47,9,12,118,0,0,8,0,8,50,47,17,12,126,32,12,44,170
03/27/2012,COS,CO,ANM,WE,Combined TRACON& Tower with Radar,47,34,30,16,127,0,7,59,21,87,47,41,89,37,214,140,70,210,424
03/28/2012,COS,CO,ANM,WE,Combined TRACON& Tower with Radar,42,39,27,31,139,0,0,68,16,84,42,39,95,47,223,90,168,258,481
03/29/2012,COS,CO,ANM,WE,Combined TRACON& Tower with Radar,54,39,20,20,133,0,0,44,22,66,54,39,64,42,199,50,186,236,435
03/30/2012,COS,CO,ANM,WE,Combined TRACON& Tower with Radar,51,46,12,47,156,0,4,66,8,78,51,50,78,55,234,112,74,186,420
03/31/2012,COS,CO,ANM,WE,Combined TRACON& Tower with Radar,43,36,29,47,155,0,0,88,10,98,43,36,117,57,253,126,22,148,401
04/01/2012,COS,CO,ANM,WE,Combined TRACON& Tower with Radar,43,38,19,12,112,0,1,33,1,35,43,39,52,13,147,36,12,48,195
04/02/2012,COS,CO,ANM,WE,Combined TRACON& Tower with Radar,46,42,12,12,112,0,1,1,0,2,46,43,13,12,114,0,22,22,136
04/03/2012,COS,CO,ANM,WE,Combined TRACON& Tower with Radar,40,29,9,29,107,0,0,0,3,3,40,29,9,32,110,0,0,0,110
04/04/2012,COS,CO,ANM,WE,Combined TRACON& Tower with Radar,36,38,28,36,138,0,4,60,32,96,36,42,88,68,234,144,74,218,452
04/05/2012,COS,CO,ANM,WE,Combined TRACON& Tower with Radar,44,40,31,32,147,0,0,70,26,96,44,40,101,58,243,148,118,266,509
04/06/2012,COS,CO,ANM,WE,Combined TRACON& Tower with Radar,42,43,19,20,124,0,0,5,11,16,42,43,24,31,140,0,2,2,142
04/07/2012,COS,CO,ANM,WE,Combined TRACON& Tower with Radar,32,41,21,3,97,0,2,79,10,91,32,43,100,13,188,92,14,106,294
04/08/2012,COS,CO,ANM,WE,Combined TRACON& Tower with Radar,34,34,8,3,79,0,10,38,8,56,34,44,46,11,135,56,36,92,227
04/09/2012,COS,CO,ANM,WE,Combined TRACON& Tower with Radar,44,46,34,24,148,0,0,61,26,87,44,46,95,50,235,174,104,278,513
04/10/2012,COS,CO,ANM,WE,Combined TRACON& Tower with Radar,46,31,40,37,154,0,0,31,25,56,46,31,71,62,210,80,130,210,420
04/11/2012,COS,CO,ANM,WE,Combined TRACON& Tower with Radar,41,38,48,70,197,0,0,11,5,16,41,38,59,75,213,42,80,122,335
04/12/2012,COS,CO,ANM,WE,Combined TRACON& Tower with Radar,54,44,21,29,148,0,1,30,42,73,54,45,51,71,221,50,96,146,367
04/13/2012,COS,CO,ANM,WE,Combined TRACON& Tower with Radar,46,54,15,25,140,0,1,14,29,44,46,55,29,54,184,50,103,153,337
04/14/2012,COS,CO,ANM,WE,Combined TRACON& Tower with Radar,34,41,19,15,109,0,1,52,13,66,34,42,71,28,175,60,60,120,295
04/15/2012,COS,CO,ANM,WE,Combined TRACON& Tower with Radar,38,39,13,28,118,0,0,4,4,8,38,39,17,32,126,0,0,0,126
04/16/2012,COS,CO,ANM,WE,Combined TRACON& Tower with Radar,48,51,31,50,180,0,2,49,39,90,48,53,80,89,270,132,106,238,508
04/17/2012,COS,CO,ANM,WE,Combined TRACON& Tower with Radar,52,35,32,35,154,0,0,63,48,111,52,35,95,83,265,166,150,316,581
04/18/2012,COS,CO,ANM,WE,Combined TRACON& Tower with Radar,44,44,27,22,137,0,1,35,43,79,44,45,62,65,216,52,174,226,442
04/19/2012,COS,CO,ANM,WE,Combined TRACON& Tower with Radar,44,44,22,76,186,0,0,39,30,69,44,44,61,106,255,42,184,226,481
04/20/2012,COS,CO,ANM,WE,Combined TRACON& Tower with Radar,48,45,27,62,182,0,0,64,14,78,48,45,91,76,260,62,156,218,478
04/21/2012,COS,CO,ANM,WE,Combined TRACON& Tower with Radar,36,34,19,11,100,0,0,110,45,155,36,34,129,56,255,56,112,168,423
04/22/2012,COS,CO,ANM,WE,Combined TRACON& Tower with Radar,38,34,26,28,126,0,0,68,18,86,38,34,94,46,212,76,38,114,326
04/23/2012,COS,CO,ANM,WE,Combined TRACON& Tower with Radar,47,42,31,28,148,0,3,54,37,94,47,45,85,65,242,108,200,308,550
04/24/2012,COS,CO,ANM,WE,Combined TRACON& Tower with Radar,44,32,23,55,154,0,0,39,30,69,44,32,62,85,223,24,220,244,467
04/25/2012,COS,CO,ANM,WE,Combined TRACON& Tower with Radar,39,39,31,34,143,0,0,34,35,69,39,39,65,69,212,38,100,138,350
04/26/2012,COS,CO,ANM,WE,Combined TRACON& Tower with Radar,59,44,23,27,153,0,2,34,20,56,59,46,57,47,209,58,124,182,391
04/27/2012,COS,CO,ANM,WE,Combined TRACON& Tower with Radar,53,44,12,26,135,0,0,28,16,44,53,44,40,42,179,26,46,72,251
04/28/2012,COS,CO,ANM,WE,Combined TRACON& Tower with Radar,34,38,30,12,114,0,0,79,21,100,34,38,109,33,214,17,46,63,277
04/29/2012,COS,CO,ANM,WE,Combined TRACON& Tower with Radar,38,47,27,25,137,0,0,75,8,83,38,47,102,33,220,78,48,126,346
04/30/2012,COS,CO,ANM,WE,Combined TRACON& Tower with Radar,45,42,19,35,141,0,0,46,14,60,45,42,65,49,201,50,78,128,329
05/01/2012,COS,CO,ANM,WE,Combined TRACON& Tower with Radar,49,42,24,42,157,0,0,45,18,63,49,42,69,60,220,68,34,102,322
05/02/2012,COS,CO,ANM,WE,Combined TRACON& Tower with Radar,47,34,19,47,147,0,4,48,16,68,47,38,67,63,215,92,66,158,373
05/03/2012,COS,CO,ANM,WE,Combined TRACON& Tower with Radar,53,39,34,25,151,0,3,56,27,86,53,42,90,52,237,144,94,238,475
05/04/2012,COS,CO,ANM,WE,Combined TRACON& Tower with Radar,54,45,18,43,160,0,5,83,27,115,54,50,101,70,275,220,120,340,615
05/05/2012,COS,CO,ANM,WE,Combined TRACON& Tower with Radar,47,25,16,24,112,0,6,95,15,116,47,31,111,39,228,152,44,196,424
05/06/2012,COS,CO,ANM,WE,Combined TRACON& Tower with Radar,45,36,13,25,119,0,0,51,10,61,45,36,64,35,180,40,46,86,266
05/07/2012,COS,CO,ANM,WE,Combined TRACON& Tower with Radar,51,35,18,34,138,0,0,2,1,3,51,35,20,35,141,0,0,0,141
05/08/2012,COS,CO,ANM,WE,Combined TRACON& Tower with Radar,48,41,34,37,160,0,0,47,22,69,48,41,81,59,229,92,106,198,427
05/09/2012,COS,CO,ANM,WE,Combined TRACON& Tower with Radar,44,30,26,33,133,0,4,76,27,107,44,34,102,60,240,170,94,264,504
05/10/2012,COS,CO,ANM,WE,Combined TRACON& Tower with Radar,58,50,31,33,172,0,4,69,12,85,58,54,100,45,257,140,26,166,423
05/11/2012,COS,CO,ANM,WE,Combined TRACON& Tower with Radar,54,47,19,36,156,0,1,10,19,30,54,48,29,55,186,37,80,117,303
05/12/2012,COS,CO,ANM,WE,Combined TRACON& Tower with Radar,39,29,28,11,107,0,0,9,0,9,39,29,37,11,116,74,16,90,206
05/13/2012,COS,CO,ANM,WE,Combined TRACON& Tower with Radar,48,31,31,7,117,0,0,19,0,19,48,31,50,7,136,22,12,34,170
05/14/2012,COS,CO,ANM,WE,Combined TRACON& Tower with Radar,53,37,27,24,141,0,4,77,15,96,53,41,104,39,237,78,46,124,361
05/15/2012,COS,CO,ANM,WE,Combined TRACON& Tower with Radar,49,32,40,18,139,0,4,76,21,101,49,36,116,39,240,0,0,0,240
05/16/2012,COS,CO,ANM,WE,Combined TRACON& Tower with Radar,57,43,24,25,149,0,1,51,24,76,57,44,75,49,225,66,110,176,401
05/17/2012,COS,CO,ANM,WE,Combined TRACON& Tower with Radar,49,49,29,33,160,0,1,58,21,80,49,50,87,54,240,62,36,98,338
05/18/2012,COS,CO,ANM,WE,Combined TRACON& Tower with Radar,51,46,26,38,161,0,1,49,19,69,51,47,75,57,230,110,70,180,410
05/19/2012,COS,CO,ANM,WE,Combined TRACON& Tower with Radar,45,32,27,23,127,0,0,16,9,25,45,32,43,32,152,8,12,20,172
05/20/2012,COS,CO,ANM,WE,Combined TRACON& Tower with Radar,60,47,36,30,173,0,1,95,8,104,60,48,131,38,277,76,18,94,371
05/21/2012,COS,CO,ANM,WE,Combined TRACON& Tower with Radar,52,49,36,33,170,0,1,59,30,90,52,50,95,63,260,96,46,142,402
05/22/2012,COS,CO,ANM,WE,Combined TRACON& Tower with Radar,53,35,53,23,164,0,0,44,20,64,53,35,97,43,228,102,58,160,388
05/23/2012,COS,CO,ANM,WE,Combined TRACON& Tower with Radar,53,30,30,21,134,0,1,8,20,29,53,31,38,41,163,16,12,28,191
05/24/2012,COS,CO,ANM,WE,Combined TRACON& Tower with Radar,55,43,28,38,164,0,0,55,18,73,55,43,83,56,237,56,42,98,335
05/25/2012,COS,CO,ANM,WE,Combined TRACON& Tower with Radar,56,44,34,30,164,0,0,46,4,50,56,44,80,34,214,86,86,172,386
05/26/2012,COS,CO,ANM,WE,Combined TRACON& Tower with Radar,48,25,16,4,93,0,0,46,0,46,48,25,62,4,139,64,0,64,203
05/27/2012,COS,CO,ANM,WE,Combined TRACON& Tower with Radar,44,24,9,2,79,0,0,40,1,41,44,24,49,3,120,38,0,38,158
05/28/2012,COS,CO,ANM,WE,Combined TRACON& Tower with Radar,48,37,35,16,136,0,0,95,0,95,48,37,130,16,231,36,22,58,289
05/29/2012,COS,CO,ANM,WE,Combined TRACON& Tower with Radar,52,34,28,12,126,0,0,79,51,130,52,34,107,63,256,184,370,554,810
05/30/2012,COS,CO,ANM,WE,Combined TRACON& Tower with Radar,49,35,28,34,146,0,1,58,63,122,49,36,86,97,268,146,260,406,674
05/31/2012,COS,CO,ANM,WE,Combined TRACON& Tower with Radar,55,39,39,22,155,0,2,46,49,97,55,41,85,71,252,86,260,346,598
06/01/2012,COS,CO,ANM,WE,Combined TRACON& Tower with Radar,56,41,36,38,171,0,0,86,45,131,56,41,122,83,302,160,226,386,688
06/02/2012,COS,CO,ANM,WE,Combined TRACON& Tower with Radar,49,29,17,7,102,0,0,56,6,62,49,29,73,13,164,76,0,76,240
06/03/2012,COS,CO,ANM,WE,Combined TRACON& Tower with Radar,53,44,35,16,148,0,0,37,1,38,53,44,72,17,186,36,8,44,230
06/04/2012,COS,CO,ANM,WE,Combined TRACON& Tower with Radar,51,45,26,29,151,0,1,38,60,99,51,46,64,89,250,46,324,370,620
06/05/2012,COS,CO,ANM,WE,Combined TRACON& Tower with Radar,51,39,29,15,134,0,5,30,43,78,51,44,59,58,212,100,188,288,500
06/06/2012,COS,CO,ANM,WE,Combined TRACON& Tower with Radar,57,50,60,19,186,0,2,53,46,101,57,52,113,65,287,92,212,304,591
06/07/2012,COS,CO,ANM,WE,Combined TRACON& Tower with Radar,54,48,42,28,172,0,1,26,6,33,54,49,68,34,205,92,20,112,317
06/08/2012,COS,CO,ANM,WE,Combined TRACON& Tower with Radar,53,54,40,50,197,0,1,46,14,61,53,55,86,64,258,102,38,140,398
06/09/2012,COS,CO,ANM,WE,Combined TRACON& Tower with Radar,43,52,26,24,145,0,3,78,7,88,43,55,104,31,233,66,2,68,301
06/10/2012,COS,CO,ANM,WE,Combined TRACON& Tower with Radar,48,51,33,19,151,0,0,35,11,46,48,51,68,30,197,14,0,14,211
06/11/2012,COS,CO,ANM,WE,Combined TRACON& Tower with Radar,53,50,15,24,142,0,0,46,43,89,53,50,61,67,231,54,200,254,485
06/12/2012,COS,CO,ANM,WE,Combined TRACON& Tower with Radar,49,46,43,22,160,0,0,47,39,86,49,46,90,61,246,96,214,310,556
06/13/2012,COS,CO,ANM,WE,Combined TRACON& Tower with Radar,48,58,33,37,176,0,1,53,38,92,48,59,86,75,268,127,326,453,721
06/14/2012,COS,CO,ANM,WE,Combined TRACON& Tower with Radar,55,49,33,36,173,0,1,53,24,78,55,50,86,60,251,98,92,190,441
06/15/2012,COS,CO,ANM,WE,Combined TRACON& Tower with Radar,62,51,55,31,199,0,3,69,17,89,62,54,124,48,288,74,70,144,432
06/16/2012,COS,CO,ANM,WE,Combined TRACON& Tower with Radar,46,35,26,4,111,0,0,67,0,67,46,35,93,4,178,66,20,86,264
06/17/2012,COS,CO,ANM,WE,Combined TRACON& Tower with Radar,48,43,36,13,140,0,0,88,3,91,48,43,124,16,231,82,4,86,317
06/18/2012,COS,CO,ANM,WE,Combined TRACON& Tower with Radar,49,60,32,27,168,0,0,52,30,82,49,60,84,57,250,127,210,337,587
06/19/2012,COS,CO,ANM,WE,Combined TRACON& Tower with Radar,49,45,32,29,155,0,0,54,17,71,49,45,86,46,226,70,122,192,418
06/20/2012,COS,CO,ANM,WE,Combined TRACON& Tower with Radar,56,50,40,28,174,0,2,37,32,71,56,52,77,60,245,34,130,164,409
06/21/2012,COS,CO,ANM,WE,Combined TRACON& Tower with Radar,55,49,35,30,169,0,0,58,21,79,55,49,93,51,248,78,88,166,414
06/22/2012,COS,CO,ANM,WE,Combined TRACON& Tower with Radar,54,48,37,30,169,0,1,100,30,131,54,49,137,60,300,42,70,112,412
06/23/2012,COS,CO,ANM,WE,Combined TRACON& Tower with Radar,49,40,26,13,128,0,1,84,7,92,49,41,110,20,220,84,20,104,324
06/24/2012,COS,CO,ANM,WE,Combined TRACON& Tower with Radar,49,60,32,27,168,0,0,52,30,82,49,60,84,57,250,68,32,100,350
06/25/2012,COS,CO,ANM,WE,Combined TRACON& Tower with Radar,55,50,32,26,163,0,2,53,23,78,55,52,85,49,241,88,102,190,431
06/26/2012,COS,CO,ANM,WE,Combined TRACON& Tower with Radar,47,57,23,32,159,0,1,50,52,103,47,58,73,84,262,44,66,110,372
06/27/2012,COS,CO,ANM,WE,Combined TRACON& Tower with Radar,53,52,28,12,145,0,1,41,46,88,53,53,69,58,233,6,0,6,239
06/28/2012,COS,CO,ANM,WE,Combined TRACON& Tower with Radar,52,62,27,14,155,0,0,44,30,74,52,62,71,44,229,28,0,28,257
06/29/2012,COS,CO,ANM,WE,Combined TRACON& Tower with Radar,57,55,21,11,144,0,1,43,17,61,57,56,64,28,205,36,2,38,243
06/30/2012,COS,CO,ANM,WE,Combined TRACON& Tower with Radar,47,43,20,16,126,0,0,78,10,88,47,43,98,26,214,72,0,72,286
07/01/2012,COS,CO,ANM,WE,Combined TRACON& Tower with Radar,50,40,32,14,136,0,0,54,7,61,50,40,86,21,197,54,32,86,283
07/02/2012,COS,CO,ANM,WE,Combined TRACON& Tower with Radar,58,39,9,7,113,0,2,38,33,73,58,41,47,40,186,104,34,138,324
07/03/2012,COS,CO,ANM,WE,Combined TRACON& Tower with Radar,49,47,22,22,140,0,0,60,19,79,49,47,82,41,219,108,104,212,431
07/04/2012,COS,CO,ANM,WE,Combined TRACON& Tower with Radar,42,31,12,4,89,0,0,40,39,79,42,31,52,43,168,46,300,346,514
07/05/2012,COS,CO,ANM,WE,Combined TRACON& Tower with Radar,55,40,29,22,146,0,0,36,36,72,55,40,65,58,218,150,214,364,582
07/06/2012,COS,CO,ANM,WE,Combined TRACON& Tower with Radar,52,43,19,23,137,0,0,50,44,94,52,43,69,67,231,102,118,220,451
07/07/2012,COS,CO,ANM,WE,Combined TRACON& Tower with Radar,42,42,15,4,103,0,0,47,1,48,42,42,62,5,151,46,6,52,203
07/08/2012,COS,CO,ANM,WE,Combined TRACON& Tower with Radar,46,43,25,3,117,0,0,31,0,31,46,43,56,3,148,68,0,68,216
07/09/2012,COS,CO,ANM,WE,Combined TRACON& Tower with Radar,53,45,44,13,155,0,0,26,5,31,53,45,70,18,186,76,30,106,292
07/10/2012,COS,CO,ANM,WE,Combined TRACON& Tower with Radar,56,65,21,31,173,0,0,42,42,84,56,65,63,73,257,144,134,278,535
07/11/2012,COS,CO,ANM,WE,Combined TRACON& Tower with Radar,55,48,29,32,164,0,0,62,34,96,55,48,91,66,260,112,168,280,540
07/12/2012,COS,CO,ANM,WE,Combined TRACON& Tower with Radar,57,49,37,13,156,0,2,49,19,70,57,51,86,32,226,86,84,170,396
07/13/2012,COS,CO,ANM,WE,Combined TRACON& Tower with Radar,10,4,2,2,18,0,0,2,4,6,10,4,4,6,24,110,78,188,212
07/14/2012,COS,CO,ANM,WE,Combined TRACON& Tower with Radar,0,0,1,0,1,0,0,4,4,8,0,0,5,4,9,156,78,234,243
07/15/2012,COS,CO,ANM,WE,Combined TRACON& Tower with Radar,0,0,0,0,0,0,0,3,0,3,0,0,3,0,3,54,38,92,95
07/16/2012,COS,CO,ANM,WE,Combined TRACON& Tower with Radar,28,24,19,7,78,0,0,11,4,15,28,24,30,11,93,74,82,156,249
07/17/2012,COS,CO,ANM,WE,Combined TRACON& Tower with Radar,55,51,37,16,159,0,2,50,25,77,55,53,87,41,236,104,150,254,490
07/18/2012,COS,CO,ANM,WE,Combined TRACON& Tower with Radar,50,50,35,21,156,0,2,61,33,96,50,52,96,54,252,116,210,326,578
07/19/2012,COS,CO,ANM,WE,Combined TRACON& Tower with Radar,62,54,42,19,177,0,1,67,48,116,62,55,109,67,293,86,158,244,537
07/20/2012,COS,CO,ANM,WE,Combined TRACON& Tower with Radar,60,48,36,15,159,0,2,97,28,127,60,50,133,43,286,70,154,224,510
07/21/2012,COS,CO,ANM,WE,Combined TRACON& Tower with Radar,39,48,20,7,114,0,0,78,4,82,39,48,98,11,196,138,6,144,340
07/22/2012,COS,CO,ANM,WE,Combined TRACON& Tower with Radar,54,57,60,6,177,0,0,66,0,66,54,57,126,6,243,48,0,48,291
07/23/2012,COS,CO,ANM,WE,Combined TRACON& Tower with Radar,52,46,32,20,150,0,0,71,24,95,52,46,103,44,245,32,170,202,447
07/24/2012,COS,CO,ANM,WE,Combined TRACON& Tower with Radar,54,58,47,19,178,0,0,90,19,109,54,58,137,38,287,62,132,194,481
07/25/2012,COS,CO,ANM,WE,Combined TRACON& Tower with Radar,54,50,37,21,162,0,0,40,13,53,54,50,77,34,215,81,64,145,360
07/26/2012,COS,CO,ANM,WE,Combined TRACON& Tower with Radar,63,42,42,19,166,0,0,56,21,77,63,42,98,40,243,150,120,270,513
07/27/2012,COS,CO,ANM,WE,Combined TRACON& Tower with Radar,63,44,31,25,163,0,2,55,24,81,63,46,86,49,244,98,86,184,428
07/28/2012,COS,CO,ANM,WE,Combined TRACON& Tower with Radar,46,44,20,32,142,0,4,84,6,94,46,48,104,38,236,116,36,152,388
07/29/2012,COS,CO,ANM,WE,Combined TRACON& Tower with Radar,45,36,19,8,108,0,0,19,0,19,45,36,38,8,127,50,8,58,185
07/30/2012,COS,CO,ANM,WE,Combined TRACON& Tower with Radar,48,40,17,15,120,0,2,35,24,61,48,42,52,39,181,72,172,244,425
07/31/2012,COS,CO,ANM,WE,Combined TRACON& Tower with Radar,53,45,41,27,166,0,7,49,30,86,53,52,90,57,252,198,98,296,548
08/01/2012,COS,CO,ANM,WE,Combined TRACON& Tower with Radar,59,45,23,27,154,0,4,35,25,64,59,49,58,52,218,100,142,242,460
08/02/2012,COS,CO,ANM,WE,Combined TRACON& Tower with Radar,56,49,51,26,182,0,3,51,19,73,56,52,102,45,255,64,80,144,399
08/03/2012,COS,CO,ANM,WE,Combined TRACON& Tower with Radar,54,48,35,45,182,0,1,59,19,79,54,49,94,64,261,94,104,198,459
08/04/2012,COS,CO,ANM,WE,Combined TRACON& Tower with Radar,42,47,31,32,152,0,4,68,1,73,42,51,99,33,225,74,20,94,319
08/05/2012,COS,CO,ANM,WE,Combined TRACON& Tower with Radar,49,45,30,12,136,0,2,57,4,63,49,47,87,16,199,82,50,132,331
08/06/2012,COS,CO,ANM,WE,Combined TRACON& Tower with Radar,49,47,21,17,134,0,5,41,14,60,49,52,62,31,194,134,44,178,372
08/07/2012,COS,CO,ANM,WE,Combined TRACON& Tower with Radar,48,57,39,17,161,0,3,48,11,62,48,60,87,28,223,64,68,132,355
08/08/2012,COS,CO,ANM,WE,Combined TRACON& Tower with Radar,51,50,38,36,175,0,2,44,19,65,51,52,82,55,240,52,72,124,364
08/09/2012,COS,CO,ANM,WE,Combined TRACON& Tower with Radar,56,46,31,22,155,0,5,25,9,39,56,51,56,31,194,4,30,34,228
08/10/2012,COS,CO,ANM,WE,Combined TRACON& Tower with Radar,57,48,32,38,175,0,5,67,19,91,57,53,99,57,266,104,80,184,450
08/11/2012,COS,CO,ANM,WE,Combined TRACON& Tower with Radar,39,50,28,16,133,0,2,102,7,111,39,52,130,23,244,96,16,112,356
08/12/2012,COS,CO,ANM,WE,Combined TRACON& Tower with Radar,47,53,40,9,149,0,7,57,0,64,47,60,97,9,213,46,12,58,271
08/13/2012,COS,CO,ANM,WE,Combined TRACON& Tower with Radar,52,40,26,22,140,0,2,42,17,61,52,42,68,39,201,58,214,272,473
08/14/2012,COS,CO,ANM,WE,Combined TRACON& Tower with Radar,40,49,17,35,141,0,7,39,38,84,40,56,56,73,225,105,210,315,540
08/15/2012,COS,CO,ANM,WE,Combined TRACON& Tower with Radar,47,53,39,34,173,0,2,52,30,84,47,55,91,64,257,96,120,216,473
08/16/2012,COS,CO,ANM,WE,Combined TRACON& Tower with Radar,47,54,37,16,154,0,0,59,29,88,47,54,96,45,242,70,150,220,462
08/17/2012,COS,CO,ANM,WE,Combined TRACON& Tower with Radar,45,49,37,24,155,0,2,61,36,99,45,51,98,60,254,66,192,258,512
08/18/2012,COS,CO,ANM,WE,Combined TRACON& Tower with Radar,38,37,31,11,117,0,0,52,5,57,38,37,83,16,174,48,12,60,234
08/19/2012,COS,CO,ANM,WE,Combined TRACON& Tower with Radar,38,42,23,13,116,0,2,81,5,88,38,44,104,18,204,56,14,70,274
08/20/2012,COS,CO,ANM,WE,Combined TRACON& Tower with Radar,44,45,29,24,142,0,2,39,21,62,44,47,68,45,204,64,184,248,452
08/21/2012,COS,CO,ANM,WE,Combined TRACON& Tower with Radar,42,42,30,12,126,0,2,61,34,97,42,44,91,46,223,153,222,375,598
08/22/2012,COS,CO,ANM,WE,Combined TRACON& Tower with Radar,47,53,28,33,161,0,2,40,25,67,47,55,68,58,228,55,178,233,461
08/23/2012,COS,CO,ANM,WE,Combined TRACON& Tower with Radar,49,50,36,15,150,0,5,56,22,83,49,55,92,37,233,110,90,200,433
08/24/2012,COS,CO,ANM,WE,Combined TRACON& Tower with Radar,47,51,71,25,194,0,5,41,17,63,47,56,112,42,257,130,74,204,461
08/25/2012,COS,CO,ANM,WE,Combined TRACON& Tower with Radar,37,46,35,9,127,0,4,20,7,31,37,50,55,16,158,16,22,38,196
08/26/2012,COS,CO,ANM,WE,Combined TRACON& Tower with Radar,39,44,30,13,126,0,2,73,7,82,39,46,103,20,208,108,14,122,330
08/27/2012,COS,CO,ANM,WE,Combined TRACON& Tower with Radar,44,45,43,22,154,0,0,65,30,95,44,45,108,52,249,52,162,214,463
08/28/2012,COS,CO,ANM,WE,Combined TRACON& Tower with Radar,54,41,37,24,156,0,4,50,34,88,54,45,87,58,244,208,210,418,662
08/29/2012,COS,CO,ANM,WE,Combined TRACON& Tower with Radar,56,32,22,39,149,0,4,45,39,88,56,36,67,78,237,50,236,286,523
08/30/2012,COS,CO,ANM,WE,Combined TRACON& Tower with Radar,55,47,38,23,163,0,3,53,26,82,55,50,91,49,245,108,140,248,493
08/31/2012,COS,CO,ANM,WE,Combined TRACON& Tower with Radar,57,41,44,15,157,0,2,81,13,96,57,43,125,28,253,74,52,126,379
09/01/2012,COS,CO,ANM,WE,Combined TRACON& Tower with Radar,40,34,23,7,104,0,2,75,6,83,40,36,98,13,187,104,4,108,295
09/02/2012,COS,CO,ANM,WE,Combined TRACON& Tower with Radar,34,27,17,3,81,0,2,54,5,61,34,29,71,8,142,88,4,92,234
09/03/2012,COS,CO,ANM,WE,Combined TRACON& Tower with Radar,46,34,35,5,120,0,4,62,1,67,46,38,97,6,187,92,4,96,283
09/04/2012,COS,CO,ANM,WE,Combined TRACON& Tower with Radar,54,38,14,14,120,0,0,45,22,67,54,38,59,36,187,56,156,212,399
09/05/2012,COS,CO,ANM,WE,Combined TRACON& Tower with Radar,59,30,33,25,147,0,3,42,36,81,59,33,75,61,228,60,186,246,474
09/06/2012,COS,CO,ANM,WE,Combined TRACON& Tower with Radar,63,49,37,28,177,0,3,56,35,94,63,52,93,63,271,66,178,244,515
09/07/2012,COS,CO,ANM,WE,Combined TRACON& Tower with Radar,64,35,28,63,190,0,0,49,25,74,64,35,77,88,264,120,146,266,530
09/08/2012,COS,CO,ANM,WE,Combined TRACON& Tower with Radar,43,24,22,22,111,0,0,122,12,134,43,24,144,34,245,142,46,188,433
09/09/2012,COS,CO,ANM,WE,Combined TRACON& Tower with Radar,49,41,31,36,157,0,4,63,9,76,49,45,94,45,233,40,10,50,283
09/10/2012,COS,CO,ANM,WE,Combined TRACON& Tower with Radar,56,31,36,26,149,0,0,48,17,65,56,31,84,43,214,100,100,200,414
09/11/2012,COS,CO,ANM,WE,Combined TRACON& Tower with Radar,50,34,39,24,147,0,5,66,22,93,50,39,105,46,240,176,140,316,556
09/12/2012,COS,CO,ANM,WE,Combined TRACON& Tower with Radar,53,33,53,51,190,0,0,0,1,1,53,33,53,52,191,14,28,42,233
09/13/2012,COS,CO,ANM,WE,Combined TRACON& Tower with Radar,57,38,42,22,159,0,2,28,12,42,57,40,70,34,201,162,18,180,381
09/14/2012,COS,CO,ANM,WE,Combined TRACON& Tower with Radar,61,41,51,36,189,0,3,63,5,71,61,44,114,41,260,146,26,172,432
09/15/2012,COS,CO,ANM,WE,Combined TRACON& Tower with Radar,44,24,30,18,116,0,4,95,1,100,44,28,125,19,216,152,8,160,376
09/16/2012,COS,CO,ANM,WE,Combined TRACON& Tower with Radar,48,36,40,41,165,0,3,75,11,89,48,39,115,52,254,112,50,162,416
09/17/2012,COS,CO,ANM,WE,Combined TRACON& Tower with Radar,58,34,28,41,161,0,1,31,11,43,58,35,59,52,204,58,78,136,340
09/18/2012,COS,CO,ANM,WE,Combined TRACON& Tower with Radar,49,45,61,31,186,0,3,49,31,83,49,48,110,62,269,116,156,272,541
09/19/2012,COS,CO,ANM,WE,Combined TRACON& Tower with Radar,55,34,101,51,241,0,10,61,31,102,55,44,162,82,343,146,150,296,639
09/20/2012,COS,CO,ANM,WE,Combined TRACON& Tower with Radar,59,43,42,26,170,0,6,77,33,116,59,49,119,59,286,156,128,284,570
09/21/2012,COS,CO,ANM,WE,Combined TRACON& Tower with Radar,59,39,57,46,201,0,0,74,10,84,59,39,131,56,285,134,38,172,457
09/22/2012,COS,CO,ANM,WE,Combined TRACON& Tower with Radar,41,30,69,23,163,0,4,150,13,167,41,34,219,36,330,178,32,210,540
09/23/2012,COS,CO,ANM,WE,Combined TRACON& Tower with Radar,53,36,107,31,227,0,6,79,2,87,53,42,186,33,314,112,18,130,444
09/24/2012,COS,CO,ANM,WE,Combined TRACON& Tower with Radar,55,34,29,11,129,0,4,29,10,43,55,38,58,21,172,24,64,88,260
09/25/2012,COS,CO,ANM,WE,Combined TRACON& Tower with Radar,49,35,37,59,180,0,0,30,14,44,49,35,67,73,224,50,136,186,410
09/26/2012,COS,CO,ANM,WE,Combined TRACON& Tower with Radar,51,38,29,34,152,0,1,26,30,57,51,39,55,64,209,50,196,246,455
09/27/2012,COS,CO,ANM,WE,Combined TRACON& Tower with Radar,56,44,35,77,212,0,5,17,23,45,56,49,52,100,257,12,122,134,391
09/28/2012,COS,CO,ANM,WE,Combined TRACON& Tower with Radar,60,46,45,22,173,0,2,56,20,78,60,48,101,42,251,230,54,284,535
09/29/2012,COS,CO,ANM,WE,Combined TRACON& Tower with Radar,40,44,26,7,117,0,5,100,6,111,40,49,126,13,228,108,8,116,344
09/30/2012,COS,CO,ANM,WE,Combined TRACON& Tower with Radar,50,39,30,9,128,0,0,48,8,56,50,39,78,17,184,60,14,74,258
10/01/2012,COS,CO,ANM,WE,Combined TRACON& Tower with Radar,57,41,37,20,155,0,1,40,19,60,57,42,77,39,215,92,120,212,427
10/02/2012,COS,CO,ANM,WE,Combined TRACON& Tower with Radar,53,63,59,43,218,0,3,47,10,60,53,66,106,53,278,136,18,154,432
10/03/2012,COS,CO,ANM,WE,Combined TRACON& Tower with Radar,52,38,46,26,162,0,3,39,26,68,52,41,85,52,230,70,116,186,416
10/04/2012,COS,CO,ANM,WE,Combined TRACON& Tower with Radar,61,35,31,35,162,0,6,47,27,80,61,41,78,62,242,162,106,268,510
10/05/2012,COS,CO,ANM,WE,Combined TRACON& Tower with Radar,60,40,22,40,162,0,0,32,10,42,60,40,54,50,204,196,4,200,404
10/06/2012,COS,CO,ANM,WE,Combined TRACON& Tower with Radar,44,34,24,28,130,0,0,7,0,7,44,34,31,28,137,12,0,12,149
10/07/2012,COS,CO,ANM,WE,Combined TRACON& Tower with Radar,53,26,43,14,136,0,3,112,8,123,53,29,155,22,259,160,24,184,443
10/08/2012,COS,CO,ANM,WE,Combined TRACON& Tower with Radar,61,37,32,16,146,0,2,83,5,90,61,39,115,21,236,218,0,218,454
10/09/2012,COS,CO,ANM,WE,Combined TRACON& Tower with Radar,60,35,29,16,140,0,3,54,12,69,60,38,83,28,209,280,42,322,531
10/10/2012,COS,CO,ANM,WE,Combined TRACON& Tower with Radar,56,33,31,62,182,0,3,39,20,62,56,36,70,82,244,124,144,268,512
10/11/2012,COS,CO,ANM,WE,Combined TRACON& Tower with Radar,60,35,29,35,159,0,0,72,24,96,60,35,101,59,255,148,92,240,495
10/12/2012,COS,CO,ANM,WE,Combined TRACON& Tower with Radar,69,35,13,20,137,0,3,29,18,50,69,38,42,38,187,70,64,134,321
10/13/2012,COS,CO,ANM,WE,Combined TRACON& Tower with Radar,39,28,21,24,112,0,1,40,6,47,39,29,61,30,159,38,6,44,203
10/14/2012,COS,CO,ANM,WE,Combined TRACON& Tower with Radar,58,37,22,18,135,0,6,68,3,77,58,43,90,21,212,194,42,236,448
10/15/2012,COS,CO,ANM,WE,Combined TRACON& Tower with Radar,63,35,32,19,149,0,0,55,18,73,63,35,87,37,222,86,58,144,366
10/16/2012,COS,CO,ANM,WE,Combined TRACON& Tower with Radar,56,29,38,18,141,0,2,51,12,65,56,31,89,30,206,114,52,166,372
10/17/2012,COS,CO,ANM,WE,Combined TRACON& Tower with Radar,63,31,17,34,145,0,2,14,8,24,63,33,31,42,169,4,76,80,249
10/18/2012,COS,CO,ANM,WE,Combined TRACON& Tower with Radar,71,37,46,26,180,0,1,58,52,111,71,38,104,78,291,216,252,468,759
10/19/2012,COS,CO,ANM,WE,Combined TRACON& Tower with Radar,77,43,28,44,192,0,3,55,26,84,77,46,83,70,276,120,156,276,552
10/20/2012,COS,CO,ANM,WE,Combined TRACON& Tower with Radar,46,32,37,17,132,0,4,110,11,125,46,36,147,28,257,196,28,224,481
10/21/2012,COS,CO,ANM,WE,Combined TRACON& Tower with Radar,53,30,27,19,129,0,0,42,1,43,53,30,69,20,172,12,12,24,196
10/22/2012,COS,CO,ANM,WE,Combined TRACON& Tower with Radar,62,32,21,47,162,0,0,47,12,59,62,32,68,59,221,128,120,248,469
10/23/2012,COS,CO,ANM,WE,Combined TRACON& Tower with Radar,57,30,28,26,141,0,1,25,3,29,57,31,53,29,170,18,0,18,188
10/24/2012,COS,CO,ANM,WE,Combined TRACON& Tower with Radar,52,26,36,35,149,0,2,39,25,66,52,28,75,60,215,156,120,276,491
10/25/2012,COS,CO,ANM,WE,Combined TRACON& Tower with Radar,65,35,25,13,138,0,1,14,15,30,65,36,39,28,168,140,28,168,336
10/26/2012,COS,CO,ANM,WE,Combined TRACON& Tower with Radar,65,29,28,29,151,0,4,30,26,60,65,33,58,55,211,110,78,188,399
10/27/2012,COS,CO,ANM,WE,Combined TRACON& Tower with Radar,41,26,15,16,98,0,4,90,12,106,41,30,105,28,204,140,16,156,360
10/28/2012,COS,CO,ANM,WE,Combined TRACON& Tower with Radar,55,26,36,13,130,0,3,60,6,69,55,29,96,19,199,84,36,120,319
10/29/2012,COS,CO,ANM,WE,Combined TRACON& Tower with Radar,64,40,37,9,150,0,4,69,31,104,64,44,106,40,254,138,60,198,452
10/30/2012,COS,CO,ANM,WE,Combined TRACON& Tower with Radar,54,30,27,20,131,0,1,61,34,96,54,31,88,54,227,238,98,336,563
10/31/2012,COS,CO,ANM,WE,Combined TRACON& Tower with Radar,48,25,32,29,134,0,4,63,35,102,48,29,95,64,236,94,174,268,504
11/01/2012,COS,CO,ANM,WE,Combined TRACON& Tower with Radar,65,26,48,38,177,0,2,75,23,100,65,28,123,61,277,90,134,224,501
11/02/2012,COS,CO,ANM,WE,Combined TRACON& Tower with Radar,60,31,27,33,151,0,4,45,38,87,60,35,72,71,238,78,144,222,460
11/03/2012,COS,CO,ANM,WE,Combined TRACON& Tower with Radar,41,29,22,28,120,0,3,72,7,82,41,32,94,35,202,144,20,164,366
11/04/2012,COS,CO,ANM,WE,Combined TRACON& Tower with Radar,46,27,24,32,129,0,4,50,21,75,46,31,74,53,204,36,38,74,278
11/05/2012,COS,CO,ANM,WE,Combined TRACON& Tower with Radar,50,31,22,41,144,0,4,45,25,74,50,35,67,66,218,176,158,334,552
11/06/2012,COS,CO,ANM,WE,Combined TRACON& Tower with Radar,48,34,28,27,137,0,3,43,21,67,48,37,71,48,204,110,158,268,472
11/07/2012,COS,CO,ANM,WE,Combined TRACON& Tower with Radar,48,35,32,27,142,0,2,50,31,83,48,37,82,58,225,64,176,240,465
11/08/2012,COS,CO,ANM,WE,Combined TRACON& Tower with Radar,55,39,35,25,154,0,6,42,24,72,55,45,77,49,226,144,148,292,518
11/09/2012,COS,CO,ANM,WE,Combined TRACON& Tower with Radar,58,29,25,34,146,0,2,50,10,62,58,31,75,44,208,52,82,134,342
11/10/2012,COS,CO,ANM,WE,Combined TRACON& Tower with Radar,41,28,5,2,76,0,2,5,1,8,41,30,10,3,84,0,0,0,84
11/11/2012,COS,CO,ANM,WE,Combined TRACON& Tower with Radar,49,33,15,13,110,0,4,13,1,18,49,37,28,14,128,8,0,8,136
11/12/2012,COS,CO,ANM,WE,Combined TRACON& Tower with Radar,56,33,28,7,124,0,2,65,3,70,56,35,93,10,194,97,48,145,339
11/13/2012,COS,CO,ANM,WE,Combined TRACON& Tower with Radar,42,34,21,28,125,0,2,38,24,64,42,36,59,52,189,196,110,306,495
11/14/2012,COS,CO,ANM,WE,Combined TRACON& Tower with Radar,53,29,31,21,134,0,4,62,22,88,53,33,93,43,222,68,94,162,384
11/15/2012,COS,CO,ANM,WE,Combined TRACON& Tower with Radar,58,39,26,41,164,0,0,35,13,48,58,39,61,54,212,114,58,172,384
11/16/2012,COS,CO,ANM,WE,Combined TRACON& Tower with Radar,60,34,33,51,178,0,0,53,15,68,60,34,86,66,246,226,70,296,542
11/17/2012,COS,CO,ANM,WE,Combined TRACON& Tower with Radar,48,29,15,25,117,0,0,97,12,109,48,29,112,37,226,112,82,194,420
11/18/2012,COS,CO,ANM,WE,Combined TRACON& Tower with Radar,46,30,16,19,111,0,2,69,10,81,46,32,85,29,192,92,34,126,318
11/19/2012,COS,CO,ANM,WE,Combined TRACON& Tower with Radar,50,26,19,32,127,0,1,48,22,71,50,27,67,54,198,110,8,118,316
11/20/2012,COS,CO,ANM,WE,Combined TRACON& Tower with Radar,57,38,32,37,164,0,8,45,7,60,57,46,77,44,224,120,112,232,456
11/21/2012,COS,CO,ANM,WE,Combined TRACON& Tower with Radar,55,52,42,11,160,0,11,52,5,68,55,63,94,16,228,82,36,118,346
11/22/2012,COS,CO,ANM,WE,Combined TRACON& Tower with Radar,37,14,8,0,59,0,0,15,0,15,37,14,23,0,74,0,0,0,74
11/23/2012,COS,CO,ANM,WE,Combined TRACON& Tower with Radar,50,26,11,0,87,0,7,53,0,60,50,33,64,0,147,78,0,78,225
11/24/2012,COS,CO,ANM,WE,Combined TRACON& Tower with Radar,53,33,22,1,109,0,2,62,0,64,53,35,84,1,173,106,0,106,279
11/25/2012,COS,CO,ANM,WE,Combined TRACON& Tower with Radar,51,38,37,4,130,0,4,52,5,61,51,42,89,9,191,58,14,72,263
11/26/2012,COS,CO,ANM,WE,Combined TRACON& Tower with Radar,59,31,22,23,135,0,2,17,0,19,59,33,39,23,154,73,18,91,245
11/27/2012,COS,CO,ANM,WE,Combined TRACON& Tower with Radar,51,38,13,26,128,0,2,44,25,71,51,40,57,51,199,138,132,270,469
11/28/2012,COS,CO,ANM,WE,Combined TRACON& Tower with Radar,44,35,27,59,165,0,1,47,39,87,44,36,74,98,252,86,304,390,642
11/29/2012,COS,CO,ANM,WE,Combined TRACON& Tower with Radar,62,29,22,37,150,0,7,46,26,79,62,36,68,63,229,38,134,172,401
11/30/2012,COS,CO,ANM,WE,Combined TRACON& Tower with Radar,68,30,43,69,210,0,2,67,38,107,68,32,110,107,317,172,164,336,653
12/01/2012,COS,CO,ANM,WE,Combined TRACON& Tower with Radar,45,26,17,25,113,0,0,77,14,91,45,26,94,39,204,74,32,106,310
12/02/2012,COS,CO,ANM,WE,Combined TRACON& Tower with Radar,50,27,18,20,115,0,2,44,11,57,50,29,62,31,172,88,50,138,310
12/03/2012,COS,CO,ANM,WE,Combined TRACON& Tower with Radar,62,39,16,19,136,0,2,39,14,55,62,41,55,33,191,44,60,104,295
12/04/2012,COS,CO,ANM,WE,Combined TRACON& Tower with Radar,53,31,28,19,131,0,2,70,24,96,53,33,98,43,227,140,198,338,565
12/05/2012,COS,CO,ANM,WE,Combined TRACON& Tower with Radar,51,35,14,32,132,0,7,50,46,103,51,42,64,78,235,150,234,384,619
12/06/2012,COS,CO,ANM,WE,Combined TRACON& Tower with Radar,59,29,15,37,140,0,7,36,10,53,59,36,51,47,193,72,56,128,321
12/07/2012,COS,CO,ANM,WE,Combined TRACON& Tower with Radar,60,33,17,42,152,0,0,57,20,77,60,33,74,62,229,276,132,408,637
12/08/2012,COS,CO,ANM,WE,Combined TRACON& Tower with Radar,45,24,17,11,97,0,3,61,3,67,45,27,78,14,164,100,16,116,280
12/09/2012,COS,CO,ANM,WE,Combined TRACON& Tower with Radar,48,30,12,15,105,0,1,4,0,5,48,31,16,15,110,10,38,48,158
12/10/2012,COS,CO,ANM,WE,Combined TRACON& Tower with Radar,53,34,29,28,144,0,6,29,1,36,53,40,58,29,180,108,24,132,312
12/11/2012,COS,CO,ANM,WE,Combined TRACON& Tower with Radar,56,34,24,18,132,0,6,30,26,62,56,40,54,44,194,140,110,250,444
12/12/2012,COS,CO,ANM,WE,Combined TRACON& Tower with Radar,44,34,20,27,125,0,5,57,15,77,44,39,77,42,202,56,64,120,322
12/13/2012,COS,CO,ANM,WE,Combined TRACON& Tower with Radar,55,35,19,24,133,0,3,63,32,98,55,38,82,56,231,146,138,284,515
12/14/2012,COS,CO,ANM,WE,Combined TRACON& Tower with Radar,59,32,24,25,140,0,2,23,4,29,59,34,47,29,169,82,24,106,275
12/15/2012,COS,CO,ANM,WE,Combined TRACON& Tower with Radar,42,34,17,7,100,0,2,58,12,72,42,36,75,19,172,86,22,108,280
12/16/2012,COS,CO,ANM,WE,Combined TRACON& Tower with Radar,52,23,17,16,108,0,0,51,5,56,52,23,68,21,164,88,136,224,388
12/17/2012,COS,CO,ANM,WE,Combined TRACON& Tower with Radar,59,33,28,30,150,0,0,42,5,47,59,33,70,35,197,24,48,72,269
12/18/2012,COS,CO,ANM,WE,Combined TRACON& Tower with Radar,51,36,9,28,124,0,0,48,19,67,51,36,57,47,191,110,82,192,383
12/19/2012,COS,CO,ANM,WE,Combined TRACON& Tower with Radar,49,42,20,10,121,0,4,6,0,10,49,46,26,10,131,10,0,10,141
12/20/2012,COS,CO,ANM,WE,Combined TRACON& Tower with Radar,57,33,26,28,144,0,2,62,27,91,57,35,88,55,235,98,86,184,419
12/21/2012,COS,CO,ANM,WE,Combined TRACON& Tower with Radar,56,33,28,18,135,0,3,55,0,58,56,36,83,18,193,128,30,158,351
12/22/2012,COS,CO,ANM,WE,Combined TRACON& Tower with Radar,52,27,28,2,109,0,0,109,2,111,52,27,137,4,220,136,12,148,368
12/23/2012,COS,CO,ANM,WE,Combined TRACON& Tower with Radar,44,37,19,0,100,0,2,53,0,55,44,39,72,0,155,30,0,30,185
12/24/2012,COS,CO,ANM,WE,Combined TRACON& Tower with Radar,47,25,8,0,80,0,1,28,2,31,47,26,36,2,111,74,28,102,213
12/25/2012,COS,CO,ANM,WE,Combined TRACON& Tower with Radar,34,22,5,0,61,0,3,2,0,5,34,25,7,0,66,0,0,0,66
12/26/2012,COS,CO,ANM,WE,Combined TRACON& Tower with Radar,45,46,32,6,129,0,2,46,2,50,45,48,78,8,179,72,0,72,251
12/27/2012,COS,CO,ANM,WE,Combined TRACON& Tower with Radar,47,37,20,22,126,0,3,36,4,43,47,40,56,26,169,64,20,84,253
12/28/2012,COS,CO,ANM,WE,Combined TRACON& Tower with Radar,58,39,24,11,132,0,1,45,9,55,58,40,69,20,187,28,22,50,237
12/29/2012,COS,CO,ANM,WE,Combined TRACON& Tower with Radar,44,34,29,0,107,0,2,71,2,75,44,36,100,2,182,238,26,264,446
12/30/2012,COS,CO,ANM,WE,Combined TRACON& Tower with Radar,42,30,27,1,100,0,2,51,1,54,42,32,78,2,154,74,0,74,228
12/31/2012,COS,CO,ANM,WE,Combined TRACON& Tower with Radar,44,23,7,1,75,0,3,2,0,5,44,26,9,1,80,12,0,12,92
01/01/2013,COS,CO,ANM,WE,Combined TRACON& Tower with Radar,46,28,26,0,100,0,0,13,0,13,46,28,39,0,113,0,0,0,113
01/02/2013,COS,CO,ANM,WE,Combined TRACON& Tower with Radar,49,30,30,12,121,0,2,41,2,45,49,32,71,14,166,140,6,146,312
01/03/2013,COS,CO,ANM,WE,Combined TRACON& Tower with Radar,51,30,17,18,116,0,3,39,10,52,51,33,56,28,168,122,82,204,372
01/04/2013,COS,CO,ANM,WE,Combined TRACON& Tower with Radar,54,40,17,25,136,0,6,40,8,54,54,46,57,33,190,106,56,162,352
01/05/2013,COS,CO,ANM,WE,Combined TRACON& Tower with Radar,45,29,14,12,100,0,0,78,10,88,45,29,92,22,188,76,86,162,350
01/06/2013,COS,CO,ANM,WE,Combined TRACON& Tower with Radar,49,30,18,18,115,0,2,64,10,76,49,32,82,28,191,66,56,122,313
01/07/2013,COS,CO,ANM,WE,Combined TRACON& Tower with Radar,50,35,18,30,133,0,2,36,18,56,50,37,54,48,189,108,72,180,369
01/08/2013,COS,CO,ANM,WE,Combined TRACON& Tower with Radar,40,29,21,31,121,0,3,36,23,62,40,32,57,54,183,92,150,242,425
01/09/2013,COS,CO,ANM,WE,Combined TRACON& Tower with Radar,44,34,29,31,138,0,2,53,43,98,44,36,82,74,236,128,180,308,544
01/10/2013,COS,CO,ANM,WE,Combined TRACON& Tower with Radar,52,39,18,41,150,0,7,30,31,68,52,46,48,72,218,88,130,218,436
01/11/2013,COS,CO,ANM,WE,Combined TRACON& Tower with Radar,50,38,14,19,121,0,0,2,4,6,50,38,16,23,127,0,0,0,127
01/12/2013,COS,CO,ANM,WE,Combined TRACON& Tower with Radar,41,28,11,7,87,0,0,32,4,36,41,28,43,11,123,12,20,32,155
01/13/2013,COS,CO,ANM,WE,Combined TRACON& Tower with Radar,48,20,16,23,107,0,0,19,2,21,48,20,35,25,128,28,6,34,162
01/14/2013,COS,CO,ANM,WE,Combined TRACON& Tower with Radar,50,33,19,16,118,0,0,1,2,3,50,33,20,18,121,12,36,48,169
01/15/2013,COS,CO,ANM,WE,Combined TRACON& Tower with Radar,32,35,24,49,140,0,1,29,26,56,32,36,53,75,196,48,72,120,316
01/16/2013,COS,CO,ANM,WE,Combined TRACON& Tower with Radar,39,34,14,51,138,0,2,37,33,72,39,36,51,84,210,98,138,236,446
01/17/2013,COS,CO,ANM,WE,Combined TRACON& Tower with Radar,50,33,32,35,150,0,5,53,46,104,50,38,85,81,254,164,190,354,608
01/18/2013,COS,CO,ANM,WE,Combined TRACON& Tower with Radar,46,31,36,18,131,0,2,61,23,86,46,33,97,41,217,122,126,248,465
01/19/2013,COS,CO,ANM,WE,Combined TRACON& Tower with Radar,36,18,20,8,82,0,4,94,3,101,36,22,114,11,183,154,34,188,371
01/20/2013,COS,CO,ANM,WE,Combined TRACON& Tower with Radar,42,25,8,4,79,0,5,47,2,54,42,30,55,6,133,30,10,40,173
01/21/2013,COS,CO,ANM,WE,Combined TRACON& Tower with Radar,44,38,13,6,101,0,5,45,7,57,44,43,58,13,158,144,28,172,330
01/22/2013,COS,CO,ANM,WE,Combined TRACON& Tower with Radar,39,36,32,25,132,0,4,36,28,68,39,40,68,53,200,100,150,250,450
01/23/2013,COS,CO,ANM,WE,Combined TRACON& Tower with Radar,35,38,21,22,116,0,2,44,42,88,35,40,65,64,204,198,266,464,668
01/24/2013,COS,CO,ANM,WE,Combined TRACON& Tower with Radar,54,36,17,34,141,0,4,39,37,80,54,40,56,71,221,64,156,220,441
01/25/2013,COS,CO,ANM,WE,Combined TRACON& Tower with Radar,47,32,23,42,144,0,3,52,38,93,47,35,75,80,237,152,210,362,599
01/26/2013,COS,CO,ANM,WE,Combined TRACON& Tower with Radar,47,21,8,17,93,0,2,86,13,101,47,23,94,30,194,224,126,350,544
01/27/2013,COS,CO,ANM,WE,Combined TRACON& Tower with Radar,44,22,21,21,108,0,2,63,8,73,44,24,84,29,181,101,98,199,380
01/28/2013,COS,CO,ANM,WE,Combined TRACON& Tower with Radar,47,35,24,28,134,0,3,15,30,48,47,38,39,58,182,84,84,168,350
01/29/2013,COS,CO,ANM,WE,Combined TRACON& Tower with Radar,43,33,20,46,142,0,1,0,7,8,43,34,20,53,150,6,24,30,180
01/30/2013,COS,CO,ANM,WE,Combined TRACON& Tower with Radar,41,35,20,42,138,0,2,18,9,29,41,37,38,51,167,52,46,98,265
01/31/2013,COS,CO,ANM,WE,Combined TRACON& Tower with Radar,50,33,28,34,145,0,2,49,35,86,50,35,77,69,231,113,158,271,502
02/01/2013,COS,CO,ANM,WE,Combined TRACON& Tower with Radar,53,43,18,18,132,0,0,17,26,43,53,43,35,44,175,36,88,124,299
02/02/2013,COS,CO,ANM,WE,Combined TRACON& Tower with Radar,45,25,17,13,100,0,5,99,13,117,45,30,116,26,217,162,54,216,433
02/03/2013,COS,CO,ANM,WE,Combined TRACON& Tower with Radar,43,27,12,5,87,0,8,53,1,62,43,35,65,6,149,100,14,114,263
02/04/2013,COS,CO,ANM,WE,Combined TRACON& Tower with Radar,47,32,26,20,125,0,0,42,23,65,47,32,68,43,190,90,182,272,462
02/05/2013,COS,CO,ANM,WE,Combined TRACON& Tower with Radar,39,36,26,26,127,0,4,50,56,110,39,40,76,82,237,150,272,422,659
02/06/2013,COS,CO,ANM,WE,Combined TRACON& Tower with Radar,42,36,31,40,149,0,12,42,12,66,42,48,73,52,215,204,72,276,491
02/07/2013,COS,CO,ANM,WE,Combined TRACON& Tower with Radar,50,44,19,36,149,0,7,38,16,61,50,51,57,52,210,200,124,324,534
02/08/2013,COS,CO,ANM,WE,Combined TRACON& Tower with Radar,49,38,16,28,131,0,8,49,19,76,49,46,65,47,207,102,134,236,443
02/09/2013,COS,CO,ANM,WE,Combined TRACON& Tower with Radar,42,22,13,15,92,0,0,44,6,50,42,22,57,21,142,42,48,90,232
02/10/2013,COS,CO,ANM,WE,Combined TRACON& Tower with Radar,40,28,17,17,102,0,4,4,0,8,40,32,21,17,110,0,10,10,120
02/11/2013,COS,CO,ANM,WE,Combined TRACON& Tower with Radar,46,46,25,46,163,0,1,0,0,1,46,47,25,46,164,12,30,42,206
02/12/2013,COS,CO,ANM,WE,Combined TRACON& Tower with Radar,37,45,33,44,159,0,6,58,15,79,37,51,91,59,238,100,92,192,430
02/13/2013,COS,CO,ANM,WE,Combined TRACON& Tower with Radar,42,38,29,61,170,0,1,59,36,96,42,39,88,97,266,160,278,438,704
02/14/2013,COS,CO,ANM,WE,Combined TRACON& Tower with Radar,50,33,13,51,147,0,2,27,14,43,50,35,40,65,190,102,148,250,440
02/15/2013,COS,CO,ANM,WE,Combined TRACON& Tower with Radar,49,41,30,42,162,0,6,47,16,69,49,47,77,58,231,206,164,370,601
02/16/2013,COS,CO,ANM,WE,Combined TRACON& Tower with Radar,44,27,22,21,114,0,9,89,6,104,44,36,111,27,218,98,44,142,360
02/17/2013,COS,CO,ANM,WE,Combined TRACON& Tower with Radar,38,39,11,6,94,0,6,52,0,58,38,45,63,6,152,56,18,74,226
02/18/2013,COS,CO,ANM,WE,Combined TRACON& Tower with Radar,51,37,22,20,130,0,2,49,6,57,51,39,71,26,187,126,42,168,355
02/19/2013,COS,CO,ANM,WE,Combined TRACON& Tower with Radar,42,42,24,30,138,0,5,63,20,88,42,47,87,50,226,248,68,316,542
02/20/2013,COS,CO,ANM,WE,Combined TRACON& Tower with Radar,29,25,10,33,97,0,0,9,9,18,29,25,19,42,115,42,66,108,223
02/21/2013,COS,CO,ANM,WE,Combined TRACON& Tower with Radar,48,40,11,23,122,0,1,3,0,4,48,41,14,23,126,6,60,66,192
02/22/2013,COS,CO,ANM,WE,Combined TRACON& Tower with Radar,49,34,44,21,148,0,0,12,0,12,49,34,56,21,160,50,6,56,216
02/23/2013,COS,CO,ANM,WE,Combined TRACON& Tower with Radar,33,39,19,4,95,0,4,90,4,98,33,43,109,8,193,164,0,164,357
02/24/2013,COS,CO,ANM,WE,Combined TRACON& Tower with Radar,32,24,9,6,71,0,1,0,0,1,32,25,9,6,72,0,0,0,72
02/25/2013,COS,CO,ANM,WE,Combined TRACON& Tower with Radar,48,42,19,26,135,0,1,47,31,79,48,43,66,57,214,200,154,354,568
02/26/2013,COS,CO,ANM,WE,Combined TRACON& Tower with Radar,47,47,27,52,173,0,0,15,14,29,47,47,42,66,202,26,80,106,308
02/27/2013,COS,CO,ANM,WE,Combined TRACON& Tower with Radar,39,36,20,29,124,0,2,49,29,80,39,38,69,58,204,146,180,326,530
02/28/2013,COS,CO,ANM,WE,Combined TRACON& Tower with Radar,46,41,18,37,142,0,5,36,24,65,46,46,54,61,207,224,138,362,569
03/01/2013,COS,CO,ANM,WE,Combined TRACON& Tower with Radar,47,31,21,39,138,0,2,57,17,76,47,33,78,56,214,108,132,240,454
03/02/2013,COS,CO,ANM,WE,Combined TRACON& Tower with Radar,35,38,15,6,94,0,2,167,23,192,35,40,182,29,286,388,0,388,674
03/03/2013,COS,CO,ANM,WE,Combined TRACON& Tower with Radar,37,32,18,16,103,0,2,81,9,92,37,34,99,25,195,156,10,166,361
03/04/2013,COS,CO,ANM,WE,Combined TRACON& Tower with Radar,35,34,21,27,117,0,0,11,5,16,35,34,32,32,133,52,20,72,205
03/05/2013,COS,CO,ANM,WE,Combined TRACON& Tower with Radar,30,30,17,36,113,0,5,48,11,64,30,35,65,47,177,152,48,200,377
03/06/2013,COS,CO,ANM,WE,Combined TRACON& Tower with Radar,32,40,28,11,111,0,2,53,13,68,32,42,81,24,179,156,60,216,395
03/07/2013,COS,CO,ANM,WE,Combined TRACON& Tower with Radar,41,35,27,14,117,0,5,43,19,67,41,40,70,33,184,138,76,214,398
03/08/2013,COS,CO,ANM,WE,Combined TRACON& Tower with Radar,40,36,31,27,134,0,1,62,25,88,40,37,93,52,222,80,66,146,368
03/09/2013,COS,CO,ANM,WE,Combined TRACON& Tower with Radar,22,34,6,5,67,0,1,0,1,2,22,35,6,6,69,0,0,0,69
03/10/2013,COS,CO,ANM,WE,Combined TRACON& Tower with Radar,36,28,19,7,90,0,5,16,1,22,36,33,35,8,112,26,6,32,144
03/11/2013,COS,CO,ANM,WE,Combined TRACON& Tower with Radar,37,40,13,23,113,0,2,65,4,71,37,42,78,27,184,88,66,154,338
03/12/2013,COS,CO,ANM,WE,Combined TRACON& Tower with Radar,27,37,21,15,100,0,1,1,3,5,27,38,22,18,105,8,28,36,141
03/13/2013,COS,CO,ANM,WE,Combined TRACON& Tower with Radar,32,38,21,28,119,0,1,66,26,93,32,39,87,54,212,132,56,188,400
03/14/2013,COS,CO,ANM,WE,Combined TRACON& Tower with Radar,46,29,36,23,134,0,1,75,26,102,46,30,111,49,236,202,122,324,560
03/15/2013,COS,CO,ANM,WE,Combined TRACON& Tower with Radar,40,33,34,20,127,0,2,64,7,73,40,35,98,27,200,156,44,200,400
03/16/2013,COS,CO,ANM,WE,Combined TRACON& Tower with Radar,33,29,18,10,90,0,0,72,6,78,33,29,90,16,168,80,12,92,260
03/17/2013,COS,CO,ANM,WE,Combined TRACON& Tower with Radar,37,34,15,6,92,0,1,34,0,35,37,35,49,6,127,102,0,102,229
03/18/2013,COS,CO,ANM,WE,Combined TRACON& Tower with Radar,41,31,26,37,135,0,2,19,17,38,41,33,45,54,173,76,86,162,335
03/19/2013,COS,CO,ANM,WE,Combined TRACON& Tower with Radar,26,35,24,19,104,0,2,65,38,105,26,37,89,57,209,106,216,322,531
03/20/2013,COS,CO,ANM,WE,Combined TRACON& Tower with Radar,32,33,34,34,133,0,6,63,59,128,32,39,97,93,261,118,240,358,619
03/21/2013,COS,CO,ANM,WE,Combined TRACON& Tower with Radar,44,35,27,27,133,0,8,24,35,67,44,43,51,62,200,78,172,250,450
03/22/2013,COS,CO,ANM,WE,Combined TRACON& Tower with Radar,49,38,26,12,125,0,5,7,12,24,49,43,33,24,149,16,36,52,201
03/23/2013,COS,CO,ANM,WE,Combined TRACON& Tower with Radar,28,38,3,0,69,0,0,0,0,0,28,38,3,0,69,0,0,0,69
03/24/2013,COS,CO,ANM,WE,Combined TRACON& Tower with Radar,37,37,18,2,94,0,3,22,1,26,37,40,40,3,120,16,14,30,150
03/25/2013,COS,CO,ANM,WE,Combined TRACON& Tower with Radar,42,38,16,13,109,0,3,35,13,51,42,41,51,26,160,212,92,304,464
03/26/2013,COS,CO,ANM,WE,Combined TRACON& Tower with Radar,30,35,22,12,99,0,6,61,20,87,30,41,83,32,186,198,68,266,452
03/27/2013,COS,CO,ANM,WE,Combined TRACON& Tower with Radar,32,41,26,20,119,0,0,66,17,83,32,41,92,37,202,140,148,288,490
03/28/2013,COS,CO,ANM,WE,Combined TRACON& Tower with Radar,44,36,34,16,130,0,0,68,18,86,44,36,102,34,216,76,66,142,358
03/29/2013,COS,CO,ANM,WE,Combined TRACON& Tower with Radar,43,33,11,27,114,0,0,70,11,81,43,33,81,38,195,128,20,148,343
03/30/2013,COS,CO,ANM,WE,Combined TRACON& Tower with Radar,37,32,19,11,99,0,2,80,6,88,37,34,99,17,187,108,60,168,355
03/31/2013,COS,CO,ANM,WE,Combined TRACON& Tower with Radar,42,29,15,2,88,0,0,48,1,49,42,29,63,3,137,118,16,134,271
04/01/2013,COS,CO,ANM,WE,Combined TRACON& Tower with Radar,41,34,19,10,104,0,4,27,41,72,41,38,46,51,176,30,223,253,429
04/02/2013,COS,CO,ANM,WE,Combined TRACON& Tower with Radar,27,36,5,6,74,0,0,0,0,0,27,36,5,6,74,0,0,0,74
04/03/2013,COS,CO,ANM,WE,Combined TRACON& Tower with Radar,30,31,23,14,98,0,2,36,46,84,30,33,59,60,182,30,230,260,442
04/04/2013,COS,CO,ANM,WE,Combined TRACON& Tower with Radar,45,38,28,33,144,0,0,73,57,130,45,38,101,90,274,116,224,340,614
04/05/2013,COS,CO,ANM,WE,Combined TRACON& Tower with Radar,43,42,18,13,116,0,6,44,32,82,43,48,62,45,198,104,114,218,416
04/06/2013,COS,CO,ANM,WE,Combined TRACON& Tower with Radar,29,41,21,23,114,0,2,78,19,99,29,43,99,42,213,26,36,62,275
04/07/2013,COS,CO,ANM,WE,Combined TRACON& Tower with Radar,38,33,16,15,102,0,0,60,7,67,38,33,76,22,169,124,14,138,307
04/08/2013,COS,CO,ANM,WE,Combined TRACON& Tower with Radar,62,42,19,19,142,0,1,37,16,54,62,43,56,35,196,108,144,252,448
04/09/2013,COS,CO,ANM,WE,Combined TRACON& Tower with Radar,33,27,11,4,75,0,0,0,1,1,33,27,11,5,76,0,0,0,76
04/10/2013,COS,CO,ANM,WE,Combined TRACON& Tower with Radar,34,30,31,41,136,0,3,30,31,64,34,33,61,72,200,77,161,238,438
04/11/2013,COS,CO,ANM,WE,Combined TRACON& Tower with Radar,41,35,21,43,140,0,5,33,40,78,41,40,54,83,218,171,212,383,601
04/12/2013,COS,CO,ANM,WE,Combined TRACON& Tower with Radar,37,36,32,44,149,0,3,59,45,107,37,39,91,89,256,104,222,326,582
04/13/2013,COS,CO,ANM,WE,Combined TRACON& Tower with Radar,24,35,17,18,94,0,1,21,18,40,24,36,38,36,134,22,20,42,176
04/14/2013,COS,CO,ANM,WE,Combined TRACON& Tower with Radar,36,39,21,22,118,0,4,14,1,19,36,43,35,23,137,12,16,28,165
04/15/2013,COS,CO,ANM,WE,Combined TRACON& Tower with Radar,37,42,28,26,133,0,6,16,22,44,37,48,44,48,177,68,54,122,299
04/16/2013,COS,CO,ANM,WE,Combined TRACON& Tower with Radar,28,36,20,11,95,0,2,2,3,7,28,38,22,14,102,1,150,151,253
04/17/2013,COS,CO,ANM,WE,Combined TRACON& Tower with Radar,40,32,13,5,90,0,0,0,0,0,40,32,13,5,90,0,0,0,90
04/18/2013,COS,CO,ANM,WE,Combined TRACON& Tower with Radar,42,40,29,36,147,0,7,20,23,50,42,47,49,59,197,136,92,228,425
04/19/2013,COS,CO,ANM,WE,Combined TRACON& Tower with Radar,40,34,36,45,155,0,7,87,28,122,40,41,123,73,277,114,152,266,543
04/20/2013,COS,CO,ANM,WE,Combined TRACON& Tower with Radar,28,32,12,16,88,0,2,78,29,109,28,34,90,45,197,142,2,144,341
04/21/2013,COS,CO,ANM,WE,Combined TRACON& Tower with Radar,38,36,22,18,114,0,3,88,24,115,38,39,110,42,229,156,30,186,415
04/22/2013,COS,CO,ANM,WE,Combined TRACON& Tower with Radar,33,34,19,12,98,0,2,20,30,52,33,36,39,42,150,38,52,90,240
04/23/2013,COS,CO,ANM,WE,Combined TRACON& Tower with Radar,29,39,20,29,117,0,2,3,6,11,29,41,23,35,128,0,24,24,152
04/24/2013,COS,CO,ANM,WE,Combined TRACON& Tower with Radar,35,35,27,55,152,0,1,64,26,91,35,36,91,81,243,128,64,192,435
04/25/2013,COS,CO,ANM,WE,Combined TRACON& Tower with Radar,40,41,37,23,141,0,1,65,35,101,40,42,102,58,242,122,160,282,524
04/26/2013,COS,CO,ANM,WE,Combined TRACON& Tower with Radar,38,33,52,34,157,0,6,59,27,92,38,39,111,61,249,124,134,258,507
04/27/2013,COS,CO,ANM,WE,Combined TRACON& Tower with Radar,24,33,31,17,105,0,4,83,9,96,24,37,114,26,201,85,2,87,288
04/28/2013,COS,CO,ANM,WE,Combined TRACON& Tower with Radar,32,34,15,8,89,0,4,57,2,63,32,38,72,10,152,30,18,48,200
04/29/2013,COS,CO,ANM,WE,Combined TRACON& Tower with Radar,37,38,22,30,127,0,4,41,23,68,37,42,63,53,195,160,202,362,557
04/30/2013,COS,CO,ANM,WE,Combined TRACON& Tower with Radar,30,32,7,26,95,0,2,25,25,52,30,34,32,51,147,72,148,220,367
05/01/2013,COS,CO,ANM,WE,Combined TRACON& Tower with Radar,34,30,10,26,100,0,1,1,0,2,34,31,11,26,102,0,0,0,102
05/02/2013,COS,CO,ANM,WE,Combined TRACON& Tower with Radar,44,30,19,14,107,0,5,53,26,84,44,35,72,40,191,102,94,196,387
05/03/2013,COS,CO,ANM,WE,Combined TRACON& Tower with Radar,39,37,32,26,134,0,0,70,34,104,39,37,102,60,238,166,174,340,578
05/04/2013,COS,CO,ANM,WE,Combined TRACON& Tower with Radar,29,30,11,25,95,0,0,59,8,67,29,30,70,33,162,52,66,118,280
05/05/2013,COS,CO,ANM,WE,Combined TRACON& Tower with Radar,36,30,28,12,106,0,2,58,10,70,36,32,86,22,176,80,28,108,284
05/06/2013,COS,CO,ANM,WE,Combined TRACON& Tower with Radar,38,37,26,25,126,0,0,39,16,55,38,37,65,41,181,116,118,234,415
05/07/2013,COS,CO,ANM,WE,Combined TRACON& Tower with Radar,37,33,20,20,110,0,8,24,21,53,37,41,44,41,163,90,66,156,319
05/08/2013,COS,CO,ANM,WE,Combined TRACON& Tower with Radar,47,40,23,29,139,0,0,9,6,15,47,40,32,35,154,74,38,112,266
05/09/2013,COS,CO,ANM,WE,Combined TRACON& Tower with Radar,43,39,22,24,128,0,0,7,13,20,43,39,29,37,148,26,24,50,198
05/10/2013,COS,CO,ANM,WE,Combined TRACON& Tower with Radar,42,48,21,9,120,0,2,36,12,50,42,50,57,21,170,88,76,164,334
05/11/2013,COS,CO,ANM,WE,Combined TRACON& Tower with Radar,30,28,22,6,86,0,6,51,4,61,30,34,73,10,147,185,0,185,332
05/12/2013,COS,CO,ANM,WE,Combined TRACON& Tower with Radar,41,30,26,10,107,0,4,67,0,71,41,34,93,10,178,106,10,116,294
05/13/2013,COS,CO,ANM,WE,Combined TRACON& Tower with Radar,37,30,30,6,103,0,17,53,8,78,37,47,83,14,181,142,50,192,373
05/14/2013,COS,CO,ANM,WE,Combined TRACON& Tower with Radar,37,44,28,50,159,0,3,28,31,62,37,47,56,81,221,96,124,220,441
05/15/2013,COS,CO,ANM,WE,Combined TRACON& Tower with Radar,41,49,32,24,146,0,2,37,21,60,41,51,69,45,206,96,80,176,382
05/16/2013,COS,CO,ANM,WE,Combined TRACON& Tower with Radar,39,46,32,25,142,0,11,69,27,107,39,57,101,52,249,242,180,422,671
05/17/2013,COS,CO,ANM,WE,Combined TRACON& Tower with Radar,38,33,35,12,118,0,5,46,16,67,38,38,81,28,185,118,122,240,425
05/18/2013,COS,CO,ANM,WE,Combined TRACON& Tower with Radar,28,31,27,30,116,0,0,67,12,79,28,31,94,42,195,66,42,108,303
05/19/2013,COS,CO,ANM,WE,Combined TRACON& Tower with Radar,40,32,27,11,110,0,2,46,2,50,40,34,73,13,160,55,2,57,217
05/20/2013,COS,CO,ANM,WE,Combined TRACON& Tower with Radar,36,44,26,17,123,0,1,33,13,47,36,45,59,30,170,46,86,132,302
05/21/2013,COS,CO,ANM,WE,Combined TRACON& Tower with Radar,30,38,25,24,117,0,10,51,14,75,30,48,76,38,192,0,0,0,192
05/22/2013,COS,CO,ANM,WE,Combined TRACON& Tower with Radar,34,35,32,21,122,0,12,56,23,91,34,47,88,44,213,84,124,208,421
05/23/2013,COS,CO,ANM,WE,Combined TRACON& Tower with Radar,37,40,21,29,127,0,3,4,1,8,37,43,25,30,135,16,24,40,175
05/24/2013,COS,CO,ANM,WE,Combined TRACON& Tower with Radar,39,35,23,5,102,0,9,36,4,49,39,44,59,9,151,150,4,154,305
05/25/2013,COS,CO,ANM,WE,Combined TRACON& Tower with Radar,32,20,26,2,80,0,2,78,0,80,32,22,104,2,160,92,4,96,256
05/26/2013,COS,CO,ANM,WE,Combined TRACON& Tower with Radar,34,24,14,8,80,0,7,63,7,77,34,31,77,15,157,75,36,111,268
05/27/2013,COS,CO,ANM,WE,Combined TRACON& Tower with Radar,39,31,18,5,93,0,7,73,7,87,39,38,91,12,180,104,0,104,284
05/28/2013,COS,CO,ANM,WE,Combined TRACON& Tower with Radar,53,45,24,29,151,0,2,59,20,81,53,47,83,49,232,102,166,268,500
05/29/2013,COS,CO,ANM,WE,Combined TRACON& Tower with Radar,32,38,31,23,124,0,0,30,2,32,32,38,61,25,156,22,14,36,192
05/30/2013,COS,CO,ANM,WE,Combined TRACON& Tower with Radar,38,37,24,16,115,0,0,23,6,29,38,37,47,22,144,8,24,32,176
05/31/2013,COS,CO,ANM,WE,Combined TRACON& Tower with Radar,61,44,38,17,160,0,5,28,6,39,61,49,66,23,199,93,2,95,294
06/01/2013,COS,CO,ANM,WE,Combined TRACON& Tower with Radar,30,26,17,10,83,0,10,61,6,77,30,36,78,16,160,147,20,167,327
06/02/2013,COS,CO,ANM,WE,Combined TRACON& Tower with Radar,36,30,41,7,114,0,2,56,1,59,36,32,97,8,173,133,4,137,310
06/03/2013,COS,CO,ANM,WE,Combined TRACON& Tower with Radar,34,50,34,18,136,0,6,42,21,69,34,56,76,39,205,72,160,232,437
06/04/2013,COS,CO,ANM,WE,Combined TRACON& Tower with Radar,25,40,41,19,125,0,3,44,35,82,25,43,85,54,207,160,168,328,535
06/05/2013,COS,CO,ANM,WE,Combined TRACON& Tower with Radar,32,50,67,35,184,0,0,20,2,22,32,50,87,37,206,110,24,134,340
06/06/2013,COS,CO,ANM,WE,Combined TRACON& Tower with Radar,40,43,33,24,140,0,4,48,48,100,40,47,81,72,240,230,198,428,668
06/07/2013,COS,CO,ANM,WE,Combined TRACON& Tower with Radar,36,37,36,13,122,0,3,58,28,89,36,40,94,41,211,44,56,100,311
06/08/2013,COS,CO,ANM,WE,Combined TRACON& Tower with Radar,34,35,13,10,92,0,3,53,4,60,34,38,66,14,152,64,0,64,216
06/09/2013,COS,CO,ANM,WE,Combined TRACON& Tower with Radar,36,35,28,8,107,0,2,81,8,91,36,37,109,16,198,56,10,66,264
06/10/2013,COS,CO,ANM,WE,Combined TRACON& Tower with Radar,33,38,21,12,104,0,2,51,45,98,33,40,72,57,202,122,168,290,492
06/11/2013,COS,CO,ANM,WE,Combined TRACON& Tower with Radar,35,41,23,16,115,0,0,28,35,63,35,41,51,51,178,30,182,212,390
06/12/2013,COS,CO,ANM,WE,Combined TRACON& Tower with Radar,36,42,33,7,118,0,3,21,11,35,36,45,54,18,153,18,4,22,175
06/13/2013,COS,CO,ANM,WE,Combined TRACON& Tower with Radar,56,49,24,15,144,0,6,42,12,60,56,55,66,27,204,16,0,16,220
06/14/2013,COS,CO,ANM,WE,Combined TRACON& Tower with Radar,38,44,29,16,127,0,4,53,18,75,38,48,82,34,202,56,88,144,346
06/15/2013,COS,CO,ANM,WE,Combined TRACON& Tower with Radar,33,45,22,4,104,0,6,62,8,76,33,51,84,12,180,108,18,126,306
06/16/2013,COS,CO,ANM,WE,Combined TRACON& Tower with Radar,39,38,25,5,107,0,8,66,6,80,39,46,91,11,187,44,0,44,231
06/17/2013,COS,CO,ANM,WE,Combined TRACON& Tower with Radar,34,32,18,9,93,0,7,46,7,60,34,39,64,16,153,94,8,102,255
06/18/2013,COS,CO,ANM,WE,Combined TRACON& Tower with Radar,43,38,20,15,116,0,5,57,54,116,43,43,77,69,232,134,168,302,534
06/19/2013,COS,CO,ANM,WE,Combined TRACON& Tower with Radar,34,42,37,24,137,0,2,45,37,84,34,44,82,61,221,52,110,162,383
06/20/2013,COS,CO,ANM,WE,Combined TRACON& Tower with Radar,35,44,35,22,136,0,2,57,43,102,35,46,92,65,238,128,178,306,544
06/21/2013,COS,CO,ANM,WE,Combined TRACON& Tower with Radar,38,43,29,16,126,0,7,67,25,99,38,50,96,41,225,80,52,132,357
06/22/2013,COS,CO,ANM,WE,Combined TRACON& Tower with Radar,38,39,29,17,123,0,1,73,5,79,38,40,102,22,202,132,0,132,334
06/23/2013,COS,CO,ANM,WE,Combined TRACON& Tower with Radar,66,47,30,8,151,0,5,67,4,76,66,52,97,12,227,168,46,214,441
06/24/2013,COS,CO,ANM,WE,Combined TRACON& Tower with Radar,45,38,32,22,137,0,7,34,5,46,45,45,66,27,183,164,12,176,359
06/25/2013,COS,CO,ANM,WE,Combined TRACON& Tower with Radar,37,36,31,37,141,0,2,68,48,118,37,38,99,85,259,162,202,364,623
06/26/2013,COS,CO,ANM,WE,Combined TRACON& Tower with Radar,34,40,38,28,140,0,4,107,42,153,34,44,145,70,293,226,165,391,684
06/27/2013,COS,CO,ANM,WE,Combined TRACON& Tower with Radar,39,39,24,19,121,0,3,61,37,101,39,42,85,56,222,74,158,232,454
06/28/2013,COS,CO,ANM,WE,Combined TRACON& Tower with Radar,37,36,49,19,141,0,4,56,24,84,37,40,105,43,225,98,101,199,424
06/29/2013,COS,CO,ANM,WE,Combined TRACON& Tower with Radar,32,41,15,8,96,0,1,70,0,71,32,42,85,8,167,168,0,168,335
06/30/2013,COS,CO,ANM,WE,Combined TRACON& Tower with Radar,33,30,15,5,83,0,6,48,2,56,33,36,63,7,139,98,0,98,237
07/01/2013,COS,CO,ANM,WE,Combined TRACON& Tower with Radar,34,31,16,15,96,0,2,48,31,81,34,33,64,46,177,124,180,304,481
07/02/2013,COS,CO,ANM,WE,Combined TRACON& Tower with Radar,38,26,17,16,97,0,4,49,40,93,38,30,66,56,190,122,180,302,492
07/03/2013,COS,CO,ANM,WE,Combined TRACON& Tower with Radar,41,38,41,14,134,0,6,66,37,109,41,44,107,51,243,166,238,404,647
07/04/2013,COS,CO,ANM,WE,Combined TRACON& Tower with Radar,30,21,24,0,75,0,9,42,2,53,30,30,66,2,128,84,2,86,214
07/05/2013,COS,CO,ANM,WE,Combined TRACON& Tower with Radar,35,21,25,0,81,0,6,47,40,93,35,27,72,40,174,168,194,362,536
07/06/2013,COS,CO,ANM,WE,Combined TRACON& Tower with Radar,36,32,23,2,93,0,4,75,5,84,36,36,98,7,177,222,10,232,409
07/07/2013,COS,CO,ANM,WE,Combined TRACON& Tower with Radar,41,35,33,3,112,0,10,57,4,71,41,45,90,7,183,76,0,76,259
07/08/2013,COS,CO,ANM,WE,Combined TRACON& Tower with Radar,39,40,33,8,120,0,0,48,25,73,39,40,81,33,193,176,114,290,483
07/09/2013,COS,CO,ANM,WE,Combined TRACON& Tower with Radar,41,42,38,17,138,0,6,52,24,82,41,48,90,41,220,176,108,284,504
07/10/2013,COS,CO,ANM,WE,Combined TRACON& Tower with Radar,41,34,26,23,124,0,2,37,38,77,41,36,63,61,201,94,150,244,445
07/11/2013,COS,CO,ANM,WE,Combined TRACON& Tower with Radar,45,34,35,33,147,0,3,68,36,107,45,37,103,69,254,130,242,372,626
07/12/2013,COS,CO,ANM,WE,Combined TRACON& Tower with Radar,56,47,45,15,163,0,6,57,32,95,56,53,102,47,258,92,64,156,414
07/13/2013,COS,CO,ANM,WE,Combined TRACON& Tower with Radar,53,50,27,18,148,0,3,62,12,77,53,53,89,30,225,146,40,186,411
07/14/2013,COS,CO,ANM,WE,Combined TRACON& Tower with Radar,37,29,45,12,123,0,6,36,5,47,37,35,81,17,170,112,0,112,282
07/15/2013,COS,CO,ANM,WE,Combined TRACON& Tower with Radar,52,36,34,26,148,2,3,13,7,25,54,39,47,33,173,8,24,32,205
07/16/2013,COS,CO,ANM,WE,Combined TRACON& Tower with Radar,40,38,37,24,139,0,6,69,44,119,40,44,106,68,258,166,180,346,604
07/17/2013,COS,CO,ANM,WE,Combined TRACON& Tower with Radar,44,38,40,18,140,0,2,34,34,70,44,40,74,52,210,20,166,186,396
07/18/2013,COS,CO,ANM,WE,Combined TRACON& Tower with Radar,42,42,32,18,134,0,10,51,50,111,42,52,83,68,245,162,248,410,655
07/19/2013,COS,CO,ANM,WE,Combined TRACON& Tower with Radar,42,48,45,4,139,0,1,45,46,92,42,49,90,50,231,160,154,314,545
07/20/2013,COS,CO,ANM,WE,Combined TRACON& Tower with Radar,40,49,24,13,126,0,9,83,3,95,40,58,107,16,221,132,38,170,391
07/21/2013,COS,CO,ANM,WE,Combined TRACON& Tower with Radar,37,37,37,5,116,0,10,72,4,86,37,47,109,9,202,124,8,132,334
07/22/2013,COS,CO,ANM,WE,Combined TRACON& Tower with Radar,40,35,24,27,126,0,3,100,40,143,40,38,124,67,269,186,214,400,669
07/23/2013,COS,CO,ANM,WE,Combined TRACON& Tower with Radar,37,38,32,23,130,0,5,119,64,188,37,43,151,87,318,264,412,676,994
07/24/2013,COS,CO,ANM,WE,Combined TRACON& Tower with Radar,42,37,33,28,140,0,0,5,1,6,42,37,38,29,146,4,50,54,200
07/25/2013,COS,CO,ANM,WE,Combined TRACON& Tower with Radar,40,37,38,27,142,0,0,47,60,107,40,37,85,87,249,66,320,386,635
07/26/2013,COS,CO,ANM,WE,Combined TRACON& Tower with Radar,41,35,21,46,143,0,4,68,48,120,41,39,89,94,263,150,268,418,681
07/27/2013,COS,CO,ANM,WE,Combined TRACON& Tower with Radar,36,35,23,19,113,0,10,65,8,83,36,45,88,27,196,240,38,278,474
07/28/2013,COS,CO,ANM,WE,Combined TRACON& Tower with Radar,37,33,53,11,134,0,1,6,1,8,37,34,59,12,142,6,2,8,150
07/29/2013,COS,CO,ANM,WE,Combined TRACON& Tower with Radar,59,52,36,8,155,0,3,25,13,41,59,55,61,21,196,32,22,54,250
07/30/2013,COS,CO,ANM,WE,Combined TRACON& Tower with Radar,42,37,22,49,150,0,1,56,47,104,42,38,78,96,254,134,330,464,718
07/31/2013,COS,CO,ANM,WE,Combined TRACON& Tower with Radar,37,41,33,26,137,0,1,53,35,89,37,42,86,61,226,48,154,202,428
08/01/2013,COS,CO,ANM,WE,Combined TRACON& Tower with Radar,44,30,49,29,152,0,2,40,34,76,44,32,89,63,228,94,132,226,454
08/02/2013,COS,CO,ANM,WE,Combined TRACON& Tower with Radar,42,40,36,13,131,0,5,65,5,75,42,45,101,18,206,162,22,184,390
08/03/2013,COS,CO,ANM,WE,Combined TRACON& Tower with Radar,44,33,19,5,101,0,2,67,2,71,44,35,86,7,172,118,4,122,294
08/04/2013,COS,CO,ANM,WE,Combined TRACON& Tower with Radar,37,37,37,5,116,0,10,72,4,86,37,47,109,9,202,124,14,138,340
08/05/2013,COS,CO,ANM,WE,Combined TRACON& Tower with Radar,43,34,25,23,125,0,2,76,32,110,43,36,101,55,235,74,30,104,339
08/06/2013,COS,CO,ANM,WE,Combined TRACON& Tower with Radar,42,32,22,36,132,0,5,53,17,75,42,37,75,53,207,184,64,248,455
08/07/2013,COS,CO,ANM,WE,Combined TRACON& Tower with Radar,40,35,35,44,154,0,2,16,16,34,40,37,51,60,188,114,120,234,422
08/08/2013,COS,CO,ANM,WE,Combined TRACON& Tower with Radar,48,39,49,18,154,0,0,31,18,49,48,39,80,36,203,134,78,212,415
08/09/2013,COS,CO,ANM,WE,Combined TRACON& Tower with Radar,45,42,42,22,151,0,2,59,10,71,45,44,101,32,222,130,26,156,378
08/10/2013,COS,CO,ANM,WE,Combined TRACON& Tower with Radar,38,38,40,5,121,0,2,42,7,51,38,40,82,12,172,146,18,164,336
08/11/2013,COS,CO,ANM,WE,Combined TRACON& Tower with Radar,34,39,29,4,106,0,3,34,1,38,34,42,63,5,144,100,2,102,246
08/12/2013,COS,CO,ANM,WE,Combined TRACON& Tower with Radar,42,34,31,10,117,0,6,50,12,68,42,40,81,22,185,126,0,126,311
08/13/2013,COS,CO,ANM,WE,Combined TRACON& Tower with Radar,32,37,27,14,110,0,4,47,16,67,32,41,74,30,177,156,12,168,345
08/14/2013,COS,CO,ANM,WE,Combined TRACON& Tower with Radar,34,42,41,33,150,0,6,80,25,111,34,48,121,58,261,146,190,336,597
08/15/2013,COS,CO,ANM,WE,Combined TRACON& Tower with Radar,36,39,38,21,134,0,4,52,36,92,36,43,90,57,226,96,86,182,408
08/16/2013,COS,CO,ANM,WE,Combined TRACON& Tower with Radar,38,36,49,16,139,0,5,75,25,105,38,41,124,41,244,98,150,248,492
08/17/2013,COS,CO,ANM,WE,Combined TRACON& Tower with Radar,31,33,34,6,104,0,6,103,6,115,31,39,137,12,219,180,0,180,399
08/18/2013,COS,CO,ANM,WE,Combined TRACON& Tower with Radar,31,39,29,10,109,0,3,68,4,75,31,42,97,14,184,142,22,164,348
08/19/2013,COS,CO,ANM,WE,Combined TRACON& Tower with Radar,37,37,32,18,124,0,0,59,8,67,37,37,91,26,191,132,0,132,323
08/20/2013,COS,CO,ANM,WE,Combined TRACON& Tower with Radar,36,35,42,38,151,0,3,57,51,111,36,38,99,89,262,140,252,392,654
08/21/2013,COS,CO,ANM,WE,Combined TRACON& Tower with Radar,37,38,27,26,128,0,0,52,20,72,37,38,79,46,200,58,34,92,292
08/22/2013,COS,CO,ANM,WE,Combined TRACON& Tower with Radar,36,35,37,19,127,0,1,54,31,86,36,36,91,50,213,94,98,192,405
08/23/2013,COS,CO,ANM,WE,Combined TRACON& Tower with Radar,42,36,35,24,137,0,0,56,36,92,42,36,91,60,229,136,118,254,483
08/24/2013,COS,CO,ANM,WE,Combined TRACON& Tower with Radar,29,29,20,6,84,0,1,68,24,93,29,30,88,30,177,98,52,150,327
08/25/2013,COS,CO,ANM,WE,Combined TRACON& Tower with Radar,35,31,25,11,102,0,0,50,3,53,35,31,75,14,155,160,6,166,321
08/26/2013,COS,CO,ANM,WE,Combined TRACON& Tower with Radar,34,36,29,12,111,0,6,47,8,61,34,42,76,20,172,182,12,194,366
08/27/2013,COS,CO,ANM,WE,Combined TRACON& Tower with Radar,38,30,30,35,133,0,3,61,35,99,38,33,91,70,232,70,148,218,450
08/28/2013,COS,CO,ANM,WE,Combined TRACON& Tower with Radar,36,26,29,31,122,0,3,69,26,98,36,29,98,57,220,170,110,280,500
08/29/2013,COS,CO,ANM,WE,Combined TRACON& Tower with Radar,44,32,38,24,138,0,4,66,24,94,44,36,104,48,232,154,76,230,462
08/30/2013,COS,CO,ANM,WE,Combined TRACON& Tower with Radar,41,31,38,7,117,0,3,85,16,104,41,34,123,23,221,98,52,150,371
08/31/2013,COS,CO,ANM,WE,Combined TRACON& Tower with Radar,36,27,22,1,86,2,1,71,4,78,38,28,93,5,164,132,0,132,296
09/01/2013,COS,CO,ANM,WE,Combined TRACON& Tower with Radar,41,15,11,4,71,0,0,19,0,19,41,15,30,4,90,14,18,32,122
09/02/2013,COS,CO,ANM,WE,Combined TRACON& Tower with Radar,38,32,37,5,112,0,4,88,3,95,38,36,125,8,207,130,24,154,361
09/03/2013,COS,CO,ANM,WE,Combined TRACON& Tower with Radar,38,47,17,21,123,0,7,46,29,82,38,54,63,50,205,98,100,198,403
09/04/2013,COS,CO,ANM,WE,Combined TRACON& Tower with Radar,57,45,24,41,167,0,9,55,25,89,57,54,79,66,256,106,76,182,438
09/05/2013,COS,CO,ANM,WE,Combined TRACON& Tower with Radar,46,37,26,29,138,0,6,60,36,102,46,43,86,65,240,86,248,334,574
09/06/2013,COS,CO,ANM,WE,Combined TRACON& Tower with Radar,42,32,46,45,165,0,6,68,23,97,42,38,114,68,262,164,20,184,446
09/07/2013,COS,CO,ANM,WE,Combined TRACON& Tower with Radar,32,27,27,16,102,0,7,67,4,78,32,34,94,20,180,64,86,150,330
09/08/2013,COS,CO,ANM,WE,Combined TRACON& Tower with Radar,43,25,42,18,128,0,1,57,10,68,43,26,99,28,196,62,14,76,272
09/09/2013,COS,CO,ANM,WE,Combined TRACON& Tower with Radar,54,54,36,47,191,0,0,56,24,80,54,54,92,71,271,166,170,336,607
09/10/2013,COS,CO,ANM,WE,Combined TRACON& Tower with Radar,69,50,38,34,191,0,3,25,12,40,69,53,63,46,231,70,118,188,419
09/11/2013,COS,CO,ANM,WE,Combined TRACON& Tower with Radar,39,32,29,28,128,0,3,4,3,10,39,35,33,31,138,62,34,96,234
09/12/2013,COS,CO,ANM,WE,Combined TRACON& Tower with Radar,41,33,57,23,154,0,1,4,2,7,41,34,61,25,161,16,12,28,189
09/13/2013,COS,CO,ANM,WE,Combined TRACON& Tower with Radar,38,37,14,7,96,0,0,7,0,7,38,37,21,7,103,10,0,10,113
09/14/2013,COS,CO,ANM,WE,Combined TRACON& Tower with Radar,60,41,26,8,135,0,5,57,15,77,60,46,83,23,212,144,2,146,358
09/15/2013,COS,CO,ANM,WE,Combined TRACON& Tower with Radar,41,27,31,8,107,0,1,22,0,23,41,28,53,8,130,88,0,88,218
09/16/2013,COS,CO,ANM,WE,Combined TRACON& Tower with Radar,39,27,14,16,96,0,1,4,4,9,39,28,18,20,105,32,42,74,179
09/17/2013,COS,CO,ANM,WE,Combined TRACON& Tower with Radar,40,32,33,29,134,0,5,61,35,101,40,37,94,64,235,152,136,288,523
09/18/2013,COS,CO,ANM,WE,Combined TRACON& Tower with Radar,38,33,23,30,124,0,1,46,31,78,38,34,69,61,202,38,120,158,360
09/19/2013,COS,CO,ANM,WE,Combined TRACON& Tower with Radar,43,30,32,19,124,0,8,52,20,80,43,38,84,39,204,38,34,72,276
09/20/2013,COS,CO,ANM,WE,Combined TRACON& Tower with Radar,46,37,54,49,186,0,1,44,19,64,46,38,98,68,250,52,56,108,358
09/21/2013,COS,CO,ANM,WE,Combined TRACON& Tower with Radar,33,30,37,8,108,0,5,88,13,106,33,35,125,21,214,154,10,164,378
09/22/2013,COS,CO,ANM,WE,Combined TRACON& Tower with Radar,49,34,53,15,151,0,6,47,4,57,49,40,100,19,208,100,30,130,338
09/23/2013,COS,CO,ANM,WE,Combined TRACON& Tower with Radar,40,31,32,18,121,0,1,28,13,42,40,32,60,31,163,54,40,94,257
09/24/2013,COS,CO,ANM,WE,Combined TRACON& Tower with Radar,40,34,40,19,133,0,0,58,9,67,40,34,98,28,200,120,32,152,352
09/25/2013,COS,CO,ANM,WE,Combined TRACON& Tower with Radar,41,29,17,12,99,0,7,29,5,41,41,36,46,17,140,28,8,36,176
09/26/2013,COS,CO,ANM,WE,Combined TRACON& Tower with Radar,42,26,27,47,142,0,3,37,28,68,42,29,64,75,210,40,100,140,350
09/27/2013,COS,CO,ANM,WE,Combined TRACON& Tower with Radar,44,33,27,31,135,0,4,31,15,50,44,37,58,46,185,92,64,156,341
09/28/2013,COS,CO,ANM,WE,Combined TRACON& Tower with Radar,34,29,24,24,111,0,10,119,21,150,34,39,143,45,261,114,62,176,437
09/29/2013,COS,CO,ANM,WE,Combined TRACON& Tower with Radar,36,28,23,6,93,0,4,71,1,76,36,32,94,7,169,62,10,72,241
09/30/2013,COS,CO,ANM,WE,Combined TRACON& Tower with Radar,39,30,22,17,108,0,7,62,15,84,39,37,84,32,192,128,26,154,346
10/01/2013,COS,CO,ANM,WE,Combined TRACON& Tower with Radar,39,24,22,22,107,0,2,49,0,51,39,26,71,22,158,126,12,138,296
10/02/2013,COS,CO,ANM,WE,Combined TRACON& Tower with Radar,44,30,30,9,113,0,2,76,0,78,44,32,106,9,191,146,0,146,337
10/03/2013,COS,CO,ANM,WE,Combined TRACON& Tower with Radar,48,28,43,13,132,0,1,51,7,59,48,29,94,20,191,206,46,252,443
10/04/2013,COS,CO,ANM,WE,Combined TRACON& Tower with Radar,45,43,41,32,161,0,0,11,2,13,45,43,52,34,174,4,28,32,206
10/05/2013,COS,CO,ANM,WE,Combined TRACON& Tower with Radar,30,48,39,13,130,0,2,66,5,73,30,50,105,18,203,40,28,68,271
10/06/2013,COS,CO,ANM,WE,Combined TRACON& Tower with Radar,37,40,39,2,118,0,4,66,2,72,37,44,105,4,190,60,18,78,268
10/07/2013,COS,CO,ANM,WE,Combined TRACON& Tower with Radar,41,33,40,1,115,0,1,48,3,52,41,34,88,4,167,98,0,98,265
10/08/2013,COS,CO,ANM,WE,Combined TRACON& Tower with Radar,34,56,52,10,152,0,0,58,10,68,34,56,110,20,220,74,78,152,372
10/09/2013,COS,CO,ANM,WE,Combined TRACON& Tower with Radar,42,36,44,10,132,0,3,55,3,61,42,39,99,13,193,148,30,178,371
10/10/2013,COS,CO,ANM,WE,Combined TRACON& Tower with Radar,48,38,26,5,117,0,2,25,0,27,48,40,51,5,144,36,2,38,182
10/11/2013,COS,CO,ANM,WE,Combined TRACON& Tower with Radar,47,36,33,5,121,0,2,35,0,37,47,38,68,5,158,32,10,42,200
10/12/2013,COS,CO,ANM,WE,Combined TRACON& Tower with Radar,36,22,27,2,87,0,0,26,0,26,36,22,53,2,113,46,28,74,187
10/13/2013,COS,CO,ANM,WE,Combined TRACON& Tower with Radar,35,26,19,0,80,0,2,40,2,44,35,28,59,2,124,58,2,60,184
10/14/2013,COS,CO,ANM,WE,Combined TRACON& Tower with Radar,71,54,33,1,159,0,2,18,1,21,71,56,51,2,180,10,18,28,208
10/15/2013,COS,CO,ANM,WE,Combined TRACON& Tower with Radar,40,32,28,17,117,0,1,21,4,26,40,33,49,21,143,48,26,74,217
10/16/2013,COS,CO,ANM,WE,Combined TRACON& Tower with Radar,43,28,37,31,139,0,1,34,5,40,43,29,71,36,179,72,42,114,293
10/17/2013,COS,CO,ANM,WE,Combined TRACON& Tower with Radar,47,29,27,15,118,0,2,55,9,66,47,31,82,24,184,172,38,210,394
10/18/2013,COS,CO,ANM,WE,Combined TRACON& Tower with Radar,44,25,19,23,111,0,3,13,3,19,44,28,32,26,130,36,50,86,216
10/19/2013,COS,CO,ANM,WE,Combined TRACON& Tower with Radar,32,31,17,0,80,0,2,92,5,99,32,33,109,5,179,94,56,150,329
10/20/2013,COS,CO,ANM,WE,Combined TRACON& Tower with Radar,36,24,24,2,86,0,1,32,3,36,36,25,56,5,122,30,24,54,176
10/21/2013,COS,CO,ANM,WE,Combined TRACON& Tower with Radar,42,31,22,19,114,0,1,59,2,62,42,32,81,21,176,168,20,188,364
10/22/2013,COS,CO,ANM,WE,Combined TRACON& Tower with Radar,39,24,24,20,107,0,3,62,12,77,39,27,86,32,184,140,26,166,350
10/23/2013,COS,CO,ANM,WE,Combined TRACON& Tower with Radar,41,30,19,21,111,0,7,68,16,91,41,37,87,37,202,156,50,206,408
10/24/2013,COS,CO,ANM,WE,Combined TRACON& Tower with Radar,47,33,41,27,148,0,2,55,13,70,47,35,96,40,218,90,0,90,308
10/25/2013,COS,CO,ANM,WE,Combined TRACON& Tower with Radar,46,28,24,12,110,0,4,86,7,97,46,32,110,19,207,60,22,82,289
10/26/2013,COS,CO,ANM,WE,Combined TRACON& Tower with Radar,35,30,25,17,107,0,3,91,4,98,35,33,116,21,205,204,122,326,531
10/27/2013,COS,CO,ANM,WE,Combined TRACON& Tower with Radar,36,31,30,20,117,0,1,59,14,74,36,32,89,34,191,112,18,130,321
10/28/2013,COS,CO,ANM,WE,Combined TRACON& Tower with Radar,44,34,34,19,131,0,3,32,8,43,44,37,66,27,174,40,62,102,276
10/29/2013,COS,CO,ANM,WE,Combined TRACON& Tower with Radar,40,29,21,25,115,0,4,14,30,48,40,33,35,55,163,82,106,188,351
10/30/2013,COS,CO,ANM,WE,Combined TRACON& Tower with Radar,41,25,32,49,147,0,5,23,35,63,41,30,55,84,210,46,130,176,386
10/31/2013,COS,CO,ANM,WE,Combined TRACON& Tower with Radar,37,28,30,30,125,0,2,45,9,56,37,30,75,39,181,54,38,92,273
11/01/2013,COS,CO,ANM,WE,Combined TRACON& Tower with Radar,43,33,26,59,161,0,2,62,32,96,43,35,88,91,257,42,90,132,389
11/02/2013,COS,CO,ANM,WE,Combined TRACON& Tower with Radar,35,27,23,12,97,0,2,86,14,102,35,29,109,26,199,74,14,88,287
11/03/2013,COS,CO,ANM,WE,Combined TRACON& Tower with Radar,38,28,24,21,111,0,4,46,2,52,38,32,70,23,163,53,24,77,240
11/04/2013,COS,CO,ANM,WE,Combined TRACON& Tower with Radar,45,30,23,18,116,0,2,6,11,19,45,32,29,29,135,2,72,74,209
11/05/2013,COS,CO,ANM,WE,Combined TRACON& Tower with Radar,45,31,11,42,129,0,2,2,15,19,45,33,13,57,148,0,34,34,182
11/06/2013,COS,CO,ANM,WE,Combined TRACON& Tower with Radar,42,30,31,64,167,0,5,53,47,105,42,35,84,111,272,59,120,179,451
11/07/2013,COS,CO,ANM,WE,Combined TRACON& Tower with Radar,46,34,34,25,139,0,0,50,44,94,46,34,84,69,233,84,122,206,439
11/08/2013,COS,CO,ANM,WE,Combined TRACON& Tower with Radar,45,35,25,22,127,0,0,45,6,51,45,35,70,28,178,74,4,78,256
11/09/2013,COS,CO,ANM,WE,Combined TRACON& Tower with Radar,36,26,21,13,96,0,10,77,10,97,36,36,98,23,193,130,34,164,357
11/10/2013,COS,CO,ANM,WE,Combined TRACON& Tower with Radar,40,30,23,7,100,0,8,57,5,70,40,38,80,12,170,46,8,54,224
11/11/2013,COS,CO,ANM,WE,Combined TRACON& Tower with Radar,39,34,32,2,107,0,3,58,5,66,39,37,90,7,173,94,0,94,267
11/12/2013,COS,CO,ANM,WE,Combined TRACON& Tower with Radar,44,26,30,33,133,0,3,39,48,90,44,29,69,81,223,38,66,104,327
11/13/2013,COS,CO,ANM,WE,Combined TRACON& Tower with Radar,44,30,27,37,138,0,4,46,51,101,44,34,73,88,239,96,200,296,535
11/14/2013,COS,CO,ANM,WE,Combined TRACON& Tower with Radar,44,34,21,25,124,0,7,41,61,109,44,41,62,86,233,52,100,152,385
11/15/2013,COS,CO,ANM,WE,Combined TRACON& Tower with Radar,41,32,26,12,111,0,4,46,20,70,41,36,72,32,181,46,44,90,271
11/16/2013,COS,CO,ANM,WE,Combined TRACON& Tower with Radar,35,27,19,5,86,0,1,46,1,48,35,28,65,6,134,0,78,78,212
11/17/2013,COS,CO,ANM,WE,Combined TRACON& Tower with Radar,43,28,17,7,95,0,3,31,3,37,43,31,48,10,132,38,2,40,172
11/18/2013,COS,CO,ANM,WE,Combined TRACON& Tower with Radar,39,38,16,35,128,0,2,63,58,123,39,40,79,93,251,90,204,294,545
11/19/2013,COS,CO,ANM,WE,Combined TRACON& Tower with Radar,45,32,22,35,134,0,8,53,16,77,45,40,75,51,211,132,58,190,401
11/20/2013,COS,CO,ANM,WE,Combined TRACON& Tower with Radar,44,36,29,27,136,0,6,56,59,121,44,42,85,86,257,146,216,362,619
11/21/2013,COS,CO,ANM,WE,Combined TRACON& Tower with Radar,45,31,15,24,115,0,0,0,0,0,45,31,15,24,115,16,0,16,131
11/22/2013,COS,CO,ANM,WE,Combined TRACON& Tower with Radar,42,39,18,39,138,0,0,2,1,3,42,39,20,40,141,2,14,16,157
11/23/2013,COS,CO,ANM,WE,Combined TRACON& Tower with Radar,34,25,19,7,85,0,0,23,4,27,34,25,42,11,112,50,0,50,162
11/24/2013,COS,CO,ANM,WE,Combined TRACON& Tower with Radar,35,25,5,5,70,0,0,0,0,0,35,25,5,5,70,30,2,32,102
11/25/2013,COS,CO,ANM,WE,Combined TRACON& Tower with Radar,37,26,15,25,103,0,1,15,11,27,37,27,30,36,130,32,42,74,204
11/26/2013,COS,CO,ANM,WE,Combined TRACON& Tower with Radar,40,31,17,43,131,0,7,75,20,102,40,38,92,63,233,108,124,232,465
11/27/2013,COS,CO,ANM,WE,Combined TRACON& Tower with Radar,39,45,28,11,123,0,0,72,11,83,39,45,100,22,206,136,52,188,394
11/28/2013,COS,CO,ANM,WE,Combined TRACON& Tower with Radar,23,15,9,1,48,0,2,9,0,11,23,17,18,1,59,16,0,16,75
11/29/2013,COS,CO,ANM,WE,Combined TRACON& Tower with Radar,35,24,28,1,88,0,4,60,5,69,35,28,88,6,157,52,10,62,219
11/30/2013,COS,CO,ANM,WE,Combined TRACON& Tower with Radar,42,33,22,2,99,0,4,82,0,86,42,37,104,2,185,214,34,248,433
12/01/2013,COS,CO,ANM,WE,Combined TRACON& Tower with Radar,46,35,34,7,122,0,2,46,2,50,46,37,80,9,172,38,12,50,222
12/02/2013,COS,CO,ANM,WE,Combined TRACON& Tower with Radar,40,36,16,24,116,0,0,12,1,13,40,36,28,25,129,4,0,4,133
12/03/2013,COS,CO,ANM,WE,Combined TRACON& Tower with Radar,46,31,20,37,134,0,6,13,10,29,46,37,33,47,163,0,0,0,163
12/04/2013,COS,CO,ANM,WE,Combined TRACON& Tower with Radar,36,20,6,9,71,0,0,0,0,0,36,20,6,9,71,0,0,0,71
12/05/2013,COS,CO,ANM,WE,Combined TRACON& Tower with Radar,35,26,13,15,89,0,1,0,0,1,35,27,13,15,90,0,0,0,90
12/06/2013,COS,CO,ANM,WE,Combined TRACON& Tower with Radar,25,24,6,20,75,0,0,1,3,4,25,24,7,23,79,14,20,34,113
12/07/2013,COS,CO,ANM,WE,Combined TRACON& Tower with Radar,29,28,15,0,72,0,0,4,0,4,29,28,19,0,76,14,0,14,90
12/08/2013,COS,CO,ANM,WE,Combined TRACON& Tower with Radar,30,24,13,16,83,0,0,11,3,14,30,24,24,19,97,14,22,36,133
12/09/2013,COS,CO,ANM,WE,Combined TRACON& Tower with Radar,31,31,29,23,114,0,1,17,8,26,31,32,46,31,140,72,52,124,264
12/10/2013,COS,CO,ANM,WE,Combined TRACON& Tower with Radar,36,33,24,24,117,0,5,22,10,37,36,38,46,34,154,48,44,92,246
12/11/2013,COS,CO,ANM,WE,Combined TRACON& Tower with Radar,39,29,27,56,151,0,2,42,46,90,39,31,69,102,241,94,132,226,467
12/12/2013,COS,CO,ANM,WE,Combined TRACON& Tower with Radar,42,30,23,47,142,0,6,48,39,93,42,36,71,86,235,104,104,208,443
12/13/2013,COS,CO,ANM,WE,Combined TRACON& Tower with Radar,39,35,21,34,129,0,7,50,33,90,39,42,71,67,219,72,134,206,425
12/14/2013,COS,CO,ANM,WE,Combined TRACON& Tower with Radar,33,28,17,6,84,2,10,99,4,115,35,38,116,10,199,144,36,180,379
12/15/2013,COS,CO,ANM,WE,Combined TRACON& Tower with Radar,38,25,24,4,91,0,0,74,1,75,38,25,98,5,166,78,56,134,300
12/16/2013,COS,CO,ANM,WE,Combined TRACON& Tower with Radar,35,30,16,13,94,0,6,36,3,45,35,36,52,16,139,82,38,120,259
12/17/2013,COS,CO,ANM,WE,Combined TRACON& Tower with Radar,37,31,30,36,134,0,4,76,25,105,37,35,106,61,239,108,108,216,455
12/18/2013,COS,CO,ANM,WE,Combined TRACON& Tower with Radar,42,29,26,35,132,2,2,68,32,104,44,31,94,67,236,78,88,166,402
12/19/2013,COS,CO,ANM,WE,Combined TRACON& Tower with Radar,47,30,35,19,131,0,2,38,18,58,47,32,73,37,189,76,68,144,333
12/20/2013,COS,CO,ANM,WE,Combined TRACON& Tower with Radar,40,34,15,2,91,0,0,0,0,0,40,34,15,2,91,0,0,0,91
12/21/2013,COS,CO,ANM,WE,Combined TRACON& Tower with Radar,47,66,25,12,150,0,0,47,5,52,47,66,72,17,202,134,30,164,366
12/22/2013,COS,CO,ANM,WE,Combined TRACON& Tower with Radar,38,33,21,5,97,0,2,29,4,35,38,35,50,9,132,48,4,52,184
12/23/2013,COS,CO,ANM,WE,Combined TRACON& Tower with Radar,41,26,18,15,100,0,2,23,8,33,41,28,41,23,133,8,10,18,151
12/24/2013,COS,CO,ANM,WE,Combined TRACON& Tower with Radar,27,30,11,2,70,0,0,32,2,34,27,30,43,4,104,16,0,16,120
12/25/2013,COS,CO,ANM,WE,Combined TRACON& Tower with Radar,28,23,4,1,56,0,5,20,0,25,28,28,24,1,81,12,0,12,93
12/26/2013,COS,CO,ANM,WE,Combined TRACON& Tower with Radar,38,31,33,0,102,0,9,77,1,87,38,40,110,1,189,82,2,84,273
12/27/2013,COS,CO,ANM,WE,Combined TRACON& Tower with Radar,41,34,32,7,114,0,7,93,6,106,41,41,125,13,220,0,0,0,220
12/28/2013,COS,CO,ANM,WE,Combined TRACON& Tower with Radar,37,41,32,1,111,0,3,75,0,78,37,44,107,1,189,0,0,0,189
12/29/2013,COS,CO,ANM,WE,Combined TRACON& Tower with Radar,35,36,19,4,94,0,1,11,0,12,35,37,30,4,106,0,0,0,106
12/30/2013,COS,CO,ANM,WE,Combined TRACON& Tower with Radar,40,31,37,14,122,0,3,73,3,79,40,34,110,17,201,102,6,108,309
12/31/2013,COS,CO,ANM,WE,Combined TRACON& Tower with Radar,30,29,25,1,85,0,7,64,3,74,30,36,89,4,159,118,0,118,277
01/01/2014,COS,CO,ANM,WE,Combined TRACON& Tower with Radar,29,33,10,1,73,0,2,15,0,17,29,35,25,1,90,0,0,0,90
01/02/2014,COS,CO,ANM,WE,Combined TRACON& Tower with Radar,38,30,19,11,98,0,2,62,1,65,38,32,81,12,163,120,0,120,283
01/03/2014,COS,CO,ANM,WE,Combined TRACON& Tower with Radar,43,42,26,11,122,0,3,56,3,62,43,45,82,14,184,104,20,124,308
01/04/2014,COS,CO,ANM,WE,Combined TRACON& Tower with Radar,31,31,9,2,73,0,0,0,0,0,31,31,9,2,73,0,0,0,73
01/05/2014,COS,CO,ANM,WE,Combined TRACON& Tower with Radar,31,30,20,3,84,0,1,9,0,10,31,31,29,3,94,52,6,58,152
01/06/2014,COS,CO,ANM,WE,Combined TRACON& Tower with Radar,35,30,19,10,94,0,10,25,2,37,35,40,44,12,131,104,0,104,235
01/07/2014,COS,CO,ANM,WE,Combined TRACON& Tower with Radar,29,32,26,34,121,0,9,40,27,76,29,41,66,61,197,122,94,216,413
01/08/2014,COS,CO,ANM,WE,Combined TRACON& Tower with Radar,32,34,17,44,127,0,0,57,21,78,32,34,74,65,205,104,88,192,397
01/09/2014,COS,CO,ANM,WE,Combined TRACON& Tower with Radar,33,30,20,19,102,0,1,40,16,57,33,31,60,35,159,90,54,144,303
01/10/2014,COS,CO,ANM,WE,Combined TRACON& Tower with Radar,32,34,20,30,116,0,1,13,2,16,32,35,33,32,132,198,88,286,418
01/11/2014,COS,CO,ANM,WE,Combined TRACON& Tower with Radar,25,31,47,11,114,0,8,115,19,142,25,39,162,30,256,8,58,66,322
01/12/2014,COS,CO,ANM,WE,Combined TRACON& Tower with Radar,31,29,14,11,85,0,2,12,4,18,31,31,26,15,103,22,0,22,125
01/13/2014,COS,CO,ANM,WE,Combined TRACON& Tower with Radar,31,31,23,16,101,0,2,13,5,20,31,33,36,21,121,16,26,42,163
01/14/2014,COS,CO,ANM,WE,Combined TRACON& Tower with Radar,30,39,23,30,122,0,5,13,12,30,30,44,36,42,152,90,112,202,354
01/15/2014,COS,CO,ANM,WE,Combined TRACON& Tower with Radar,33,32,29,34,128,0,8,64,22,94,33,40,93,56,222,128,104,232,454
01/16/2014,COS,CO,ANM,WE,Combined TRACON& Tower with Radar,34,28,10,50,122,0,8,42,32,82,34,36,52,82,204,154,116,270,474
01/17/2014,COS,CO,ANM,WE,Combined TRACON& Tower with Radar,31,34,20,18,103,0,9,63,31,103,31,43,83,49,206,214,102,316,522
01/18/2014,COS,CO,ANM,WE,Combined TRACON& Tower with Radar,27,28,19,7,81,0,3,89,14,106,27,31,108,21,187,172,20,192,379
01/19/2014,COS,CO,ANM,WE,Combined TRACON& Tower with Radar,30,24,15,0,69,0,4,45,6,55,30,28,60,6,124,70,0,70,194
01/20/2014,COS,CO,ANM,WE,Combined TRACON& Tower with Radar,30,34,45,7,116,0,3,39,7,49,30,37,84,14,165,108,16,124,289
01/21/2014,COS,CO,ANM,WE,Combined TRACON& Tower with Radar,32,31,40,34,137,0,4,58,33,95,32,35,98,67,232,128,136,264,496
01/22/2014,COS,CO,ANM,WE,Combined TRACON& Tower with Radar,31,26,33,51,141,0,3,43,55,101,31,29,76,106,242,120,252,372,614
01/23/2014,COS,CO,ANM,WE,Combined TRACON& Tower with Radar,36,33,16,19,104,0,1,8,5,14,36,34,24,24,118,44,38,82,200
01/24/2014,COS,CO,ANM,WE,Combined TRACON& Tower with Radar,35,26,29,32,122,0,4,58,29,91,35,30,87,61,213,84,114,198,411
01/25/2014,COS,CO,ANM,WE,Combined TRACON& Tower with Radar,29,31,13,12,85,0,10,122,10,142,29,41,135,22,227,198,38,236,463
01/26/2014,COS,CO,ANM,WE,Combined TRACON& Tower with Radar,31,25,28,13,97,0,3,47,4,54,31,28,75,17,151,76,14,90,241
01/27/2014,COS,CO,ANM,WE,Combined TRACON& Tower with Radar,25,23,9,26,83,0,0,0,2,2,25,23,9,28,85,0,0,0,85
01/28/2014,COS,CO,ANM,WE,Combined TRACON& Tower with Radar,24,29,23,19,95,0,10,24,10,44,24,39,47,29,139,24,0,24,163
01/29/2014,COS,CO,ANM,WE,Combined TRACON& Tower with Radar,33,28,12,17,90,0,12,33,28,73,33,40,45,45,163,80,122,202,365
01/30/2014,COS,CO,ANM,WE,Combined TRACON& Tower with Radar,34,29,25,11,99,0,3,17,26,46,34,32,42,37,145,36,106,142,287
01/31/2014,COS,CO,ANM,WE,Combined TRACON& Tower with Radar,27,33,11,5,76,0,0,0,0,0,27,33,11,5,76,0,0,0,76
02/01/2014,COS,CO,ANM,WE,Combined TRACON& Tower with Radar,24,24,12,8,68,0,0,0,0,0,24,24,12,8,68,0,0,0,68
02/02/2014,COS,CO,ANM,WE,Combined TRACON& Tower with Radar,28,27,14,4,73,0,1,19,0,20,28,28,33,4,93,54,0,54,147
02/03/2014,COS,CO,ANM,WE,Combined TRACON& Tower with Radar,33,39,29,12,113,0,3,27,24,54,33,42,56,36,167,64,132,196,363
02/04/2014,COS,CO,ANM,WE,Combined TRACON& Tower with Radar,30,28,8,7,73,0,0,0,0,0,30,28,8,7,73,0,0,0,73
02/05/2014,COS,CO,ANM,WE,Combined TRACON& Tower with Radar,33,27,13,27,100,0,0,0,0,0,33,27,13,27,100,0,0,0,100
02/06/2014,COS,CO,ANM,WE,Combined TRACON& Tower with Radar,43,34,13,19,109,5,2,6,5,18,48,36,19,24,127,22,10,32,159
02/07/2014,COS,CO,ANM,WE,Combined TRACON& Tower with Radar,47,40,31,24,142,6,6,51,27,90,53,46,82,51,232,84,156,240,472
02/08/2014,COS,CO,ANM,WE,Combined TRACON& Tower with Radar,28,31,21,5,85,0,2,59,3,64,28,33,80,8,149,106,22,128,277
02/09/2014,COS,CO,ANM,WE,Combined TRACON& Tower with Radar,13,6,7,6,32,0,1,0,0,1,13,7,7,6,33,0,0,0,33
02/10/2014,COS,CO,ANM,WE,Combined TRACON& Tower with Radar,16,28,16,8,68,0,0,2,0,2,16,28,18,8,70,0,0,0,70
02/11/2014,COS,CO,ANM,WE,Combined TRACON& Tower with Radar,28,36,32,39,135,0,5,45,40,90,28,41,77,79,225,52,164,216,441
02/12/2014,COS,CO,ANM,WE,Combined TRACON& Tower with Radar,31,29,33,60,153,0,1,36,43,80,31,30,69,103,233,98,188,286,519
02/13/2014,COS,CO,ANM,WE,Combined TRACON& Tower with Radar,38,33,33,32,136,0,5,27,22,54,38,38,60,54,190,118,160,278,468
02/14/2014,COS,CO,ANM,WE,Combined TRACON& Tower with Radar,39,28,29,12,108,0,5,33,4,42,39,33,62,16,150,26,18,44,194
02/15/2014,COS,CO,ANM,WE,Combined TRACON& Tower with Radar,28,22,7,4,61,0,0,17,0,17,28,22,24,4,78,0,0,0,78
02/16/2014,COS,CO,ANM,WE,Combined TRACON& Tower with Radar,34,29,12,9,84,0,5,48,0,53,34,34,60,9,137,64,0,64,201
02/17/2014,COS,CO,ANM,WE,Combined TRACON& Tower with Radar,33,30,45,6,114,0,1,81,2,84,33,31,126,8,198,110,8,118,316
02/18/2014,COS,CO,ANM,WE,Combined TRACON& Tower with Radar,38,39,21,50,148,0,8,17,22,47,38,47,38,72,195,8,104,112,307
02/19/2014,COS,CO,ANM,WE,Combined TRACON& Tower with Radar,34,35,42,42,153,0,0,39,26,65,34,35,81,68,218,54,112,166,384
02/20/2014,COS,CO,ANM,WE,Combined TRACON& Tower with Radar,38,41,17,24,120,0,0,13,12,25,38,41,30,36,145,74,106,180,325
02/21/2014,COS,CO,ANM,WE,Combined TRACON& Tower with Radar,43,38,16,22,119,0,2,6,8,16,43,40,22,30,135,6,24,30,165
02/22/2014,COS,CO,ANM,WE,Combined TRACON& Tower with Radar,31,25,11,9,76,0,3,59,6,68,31,28,70,15,144,58,28,86,230
02/23/2014,COS,CO,ANM,WE,Combined TRACON& Tower with Radar,35,40,20,14,109,0,4,51,3,58,35,44,71,17,167,52,32,84,251
02/24/2014,COS,CO,ANM,WE,Combined TRACON& Tower with Radar,36,38,14,37,125,0,1,23,52,76,36,39,37,89,201,94,178,272,473
02/25/2014,COS,CO,ANM,WE,Combined TRACON& Tower with Radar,34,31,13,20,98,0,2,13,11,26,34,33,26,31,124,28,32,60,184
02/26/2014,COS,CO,ANM,WE,Combined TRACON& Tower with Radar,33,35,32,30,130,0,1,55,36,92,33,36,87,66,222,58,172,230,452
02/27/2014,COS,CO,ANM,WE,Combined TRACON& Tower with Radar,36,35,27,32,130,0,4,43,25,72,36,39,70,57,202,94,78,172,374
02/28/2014,COS,CO,ANM,WE,Combined TRACON& Tower with Radar,39,38,19,32,128,0,0,34,11,45,39,38,53,43,173,138,74,212,385
03/01/2014,COS,CO,ANM,WE,Combined TRACON& Tower with Radar,20,17,5,3,45,0,0,0,0,0,20,17,5,3,45,0,0,0,45
03/02/2014,COS,CO,ANM,WE,Combined TRACON& Tower with Radar,20,31,25,11,87,0,0,13,0,13,20,31,38,11,100,38,0,38,138
03/03/2014,COS,CO,ANM,WE,Combined TRACON& Tower with Radar,38,27,24,11,100,0,0,46,20,66,38,27,70,31,166,54,100,154,320
03/04/2014,COS,CO,ANM,WE,Combined TRACON& Tower with Radar,35,30,20,30,115,0,0,51,34,85,35,30,71,64,200,46,170,216,416
03/05/2014,COS,CO,ANM,WE,Combined TRACON& Tower with Radar,34,37,33,36,140,0,2,62,29,93,34,39,95,65,233,158,172,330,563
03/06/2014,COS,CO,ANM,WE,Combined TRACON& Tower with Radar,36,33,22,45,136,0,6,47,30,83,36,39,69,75,219,174,198,372,591
03/07/2014,COS,CO,ANM,WE,Combined TRACON& Tower with Radar,38,36,15,17,106,0,1,5,11,17,38,37,20,28,123,64,34,98,221
03/08/2014,COS,CO,ANM,WE,Combined TRACON& Tower with Radar,31,36,22,7,96,0,1,62,10,73,31,37,84,17,169,136,4,140,309
03/09/2014,COS,CO,ANM,WE,Combined TRACON& Tower with Radar,34,35,22,16,107,0,6,63,10,79,34,41,85,26,186,40,24,64,250
03/10/2014,COS,CO,ANM,WE,Combined TRACON& Tower with Radar,34,38,32,37,141,0,2,47,23,72,34,40,79,60,213,70,68,138,351
03/11/2014,COS,CO,ANM,WE,Combined TRACON& Tower with Radar,38,33,19,33,123,0,3,11,15,29,38,36,30,48,152,24,34,58,210
03/12/2014,COS,CO,ANM,WE,Combined TRACON& Tower with Radar,35,36,28,17,116,0,4,42,21,67,35,40,70,38,183,156,76,232,415
03/13/2014,COS,CO,ANM,WE,Combined TRACON& Tower with Radar,34,35,23,27,119,0,6,51,39,96,34,41,74,66,215,58,110,168,383
03/14/2014,COS,CO,ANM,WE,Combined TRACON& Tower with Radar,39,40,24,51,154,0,16,57,22,95,39,56,81,73,249,68,100,168,417
03/15/2014,COS,CO,ANM,WE,Combined TRACON& Tower with Radar,31,49,5,26,111,0,6,22,4,32,31,55,27,30,143,22,24,46,189
03/16/2014,COS,CO,ANM,WE,Combined TRACON& Tower with Radar,32,27,24,12,95,0,0,73,10,83,32,27,97,22,178,54,26,80,258
03/17/2014,COS,CO,ANM,WE,Combined TRACON& Tower with Radar,39,33,17,22,111,0,0,18,13,31,39,33,35,35,142,14,68,82,224
03/18/2014,COS,CO,ANM,WE,Combined TRACON& Tower with Radar,38,46,15,19,118,0,3,1,6,10,38,49,16,25,128,0,50,50,178
03/19/2014,COS,CO,ANM,WE,Combined TRACON& Tower with Radar,35,35,29,33,132,0,5,71,30,106,35,40,100,63,238,136,206,342,580
03/20/2014,COS,CO,ANM,WE,Combined TRACON& Tower with Radar,34,33,18,24,109,0,5,42,24,71,34,38,60,48,180,134,58,192,372
03/21/2014,COS,CO,ANM,WE,Combined TRACON& Tower with Radar,41,37,24,19,121,0,1,57,18,76,41,38,81,37,197,116,98,214,411
03/22/2014,COS,CO,ANM,WE,Combined TRACON& Tower with Radar,34,39,13,7,93,0,1,0,0,1,34,40,13,7,94,0,0,0,94
03/23/2014,COS,CO,ANM,WE,Combined TRACON& Tower with Radar,30,31,14,2,77,0,1,6,1,8,30,32,20,3,85,0,0,0,85
03/24/2014,COS,CO,ANM,WE,Combined TRACON& Tower with Radar,35,34,26,18,113,0,0,47,14,61,35,34,73,32,174,168,52,220,394
03/25/2014,COS,CO,ANM,WE,Combined TRACON& Tower with Radar,37,29,20,25,111,0,4,69,28,101,37,33,89,53,212,140,136,276,488
03/26/2014,COS,CO,ANM,WE,Combined TRACON& Tower with Radar,37,34,16,31,118,0,2,27,21,50,37,36,43,52,168,74,116,190,358
03/27/2014,COS,CO,ANM,WE,Combined TRACON& Tower with Radar,37,37,20,20,114,0,3,16,10,29,37,40,36,30,143,96,98,194,337
03/28/2014,COS,CO,ANM,WE,Combined TRACON& Tower with Radar,38,42,22,21,123,0,1,23,8,32,38,43,45,29,155,76,52,128,283
03/29/2014,COS,CO,ANM,WE,Combined TRACON& Tower with Radar,30,42,14,9,95,0,2,111,6,119,30,44,125,15,214,166,12,178,392
03/30/2014,COS,CO,ANM,WE,Combined TRACON& Tower with Radar,33,28,29,8,98,1,0,32,7,40,34,28,61,15,138,54,14,68,206
03/31/2014,COS,CO,ANM,WE,Combined TRACON& Tower with Radar,35,42,10,19,106,0,2,4,6,12,35,44,14,25,118,6,18,24,142
04/01/2014,COS,CO,ANM,WE,Combined TRACON& Tower with Radar,32,31,16,40,119,0,0,21,38,59,32,31,37,78,178,64,178,242,420
04/02/2014,COS,CO,ANM,WE,Combined TRACON& Tower with Radar,32,29,26,32,119,0,4,44,37,85,32,33,70,69,204,134,188,322,526
04/03/2014,COS,CO,ANM,WE,Combined TRACON& Tower with Radar,37,34,12,24,107,0,0,0,2,2,37,34,12,26,109,0,16,16,125
04/04/2014,COS,CO,ANM,WE,Combined TRACON& Tower with Radar,41,45,27,33,146,0,10,76,35,121,41,55,103,68,267,178,238,416,683
04/05/2014,COS,CO,ANM,WE,Combined TRACON& Tower with Radar,35,36,12,2,85,0,6,64,7,77,35,42,76,9,162,222,16,238,400
04/06/2014,COS,CO,ANM,WE,Combined TRACON& Tower with Radar,28,38,21,19,106,0,2,14,3,19,28,40,35,22,125,54,14,68,193
04/07/2014,COS,CO,ANM,WE,Combined TRACON& Tower with Radar,38,37,16,29,120,0,4,4,5,13,38,41,20,34,133,2,30,32,165
04/08/2014,COS,CO,ANM,WE,Combined TRACON& Tower with Radar,32,33,22,44,131,0,8,75,36,119,32,41,97,80,250,192,256,448,698
04/09/2014,COS,CO,ANM,WE,Combined TRACON& Tower with Radar,32,32,25,37,126,0,2,33,22,57,32,34,58,59,183,44,152,196,379
04/10/2014,COS,CO,ANM,WE,Combined TRACON& Tower with Radar,36,34,14,42,126,0,1,48,47,96,36,35,62,89,222,144,226,370,592
04/11/2014,COS,CO,ANM,WE,Combined TRACON& Tower with Radar,42,28,44,32,146,0,2,83,28,113,42,30,127,60,259,84,162,246,505
04/12/2014,COS,CO,ANM,WE,Combined TRACON& Tower with Radar,34,31,26,8,99,0,2,87,7,96,34,33,113,15,195,264,6,270,465
04/13/2014,COS,CO,ANM,WE,Combined TRACON& Tower with Radar,30,35,6,20,91,0,1,0,0,1,30,36,6,20,92,0,0,0,92
04/14/2014,COS,CO,ANM,WE,Combined TRACON& Tower with Radar,36,28,38,17,119,0,6,30,10,46,36,34,68,27,165,128,90,218,383
04/15/2014,COS,CO,ANM,WE,Combined TRACON& Tower with Radar,32,34,37,33,136,0,6,80,44,130,32,40,117,77,266,204,150,354,620
04/16/2014,COS,CO,ANM,WE,Combined TRACON& Tower with Radar,32,25,26,35,118,0,1,27,25,53,32,26,53,60,171,100,192,292,463
04/17/2014,COS,CO,ANM,WE,Combined TRACON& Tower with Radar,49,35,15,40,139,0,4,18,8,30,49,39,33,48,169,88,92,180,349
04/18/2014,COS,CO,ANM,WE,Combined TRACON& Tower with Radar,40,31,18,39,128,0,4,59,34,97,40,35,77,73,225,85,280,365,590
04/19/2014,COS,CO,ANM,WE,Combined TRACON& Tower with Radar,35,22,24,12,93,0,2,73,6,81,35,24,97,18,174,160,46,206,380
04/20/2014,COS,CO,ANM,WE,Combined TRACON& Tower with Radar,31,30,22,3,86,0,2,24,0,26,31,32,46,3,112,26,0,26,138
04/21/2014,COS,CO,ANM,WE,Combined TRACON& Tower with Radar,38,31,25,23,117,0,6,52,26,84,38,37,77,49,201,116,230,346,547
04/22/2014,COS,CO,ANM,WE,Combined TRACON& Tower with Radar,50,45,25,23,143,0,2,44,29,75,50,47,69,52,218,116,150,266,484
04/23/2014,COS,CO,ANM,WE,Combined TRACON& Tower with Radar,34,27,25,20,106,0,2,21,18,41,34,29,46,38,147,34,84,118,265
04/24/2014,COS,CO,ANM,WE,Combined TRACON& Tower with Radar,51,38,30,35,154,13,5,64,41,123,64,43,94,76,277,132,196,328,605
04/25/2014,COS,CO,ANM,WE,Combined TRACON& Tower with Radar,38,38,36,33,145,0,5,61,25,91,38,43,97,58,236,86,114,200,436
04/26/2014,COS,CO,ANM,WE,Combined TRACON& Tower with Radar,35,27,13,7,82,0,3,65,0,68,35,30,78,7,150,120,0,120,270
04/27/2014,COS,CO,ANM,WE,Combined TRACON& Tower with Radar,33,31,11,11,86,0,0,6,0,6,33,31,17,11,92,0,0,0,92
04/28/2014,COS,CO,ANM,WE,Combined TRACON& Tower with Radar,36,36,16,45,133,0,3,9,35,47,36,39,25,80,180,2,102,104,284
04/29/2014,COS,CO,ANM,WE,Combined TRACON& Tower with Radar,32,32,9,9,82,0,2,2,6,10,32,34,11,15,92,0,8,8,100
04/30/2014,COS,CO,ANM,WE,Combined TRACON& Tower with Radar,34,27,29,28,118,0,1,8,26,35,34,28,37,54,153,2,164,166,319
05/01/2014,COS,CO,ANM,WE,Combined TRACON& Tower with Radar,45,39,32,37,153,0,12,25,18,55,45,51,57,55,208,48,112,160,368
05/02/2014,COS,CO,ANM,WE,Combined TRACON& Tower with Radar,58,45,42,24,169,0,5,82,19,106,58,50,124,43,275,134,122,256,531
05/03/2014,COS,CO,ANM,WE,Combined TRACON& Tower with Radar,35,25,26,12,98,0,3,109,7,119,35,28,135,19,217,132,50,182,399
05/04/2014,COS,CO,ANM,WE,Combined TRACON& Tower with Radar,32,31,18,15,96,0,2,40,4,46,32,33,58,19,142,30,0,30,172
05/05/2014,COS,CO,ANM,WE,Combined TRACON& Tower with Radar,38,30,23,20,111,0,3,47,17,67,38,33,70,37,178,40,54,94,272
05/06/2014,COS,CO,ANM,WE,Combined TRACON& Tower with Radar,35,35,21,21,112,0,1,33,24,58,35,36,54,45,170,78,140,218,388
05/07/2014,COS,CO,ANM,WE,Combined TRACON& Tower with Radar,36,41,33,29,139,0,1,20,28,49,36,42,53,57,188,14,114,128,316
05/08/2014,COS,CO,ANM,WE,Combined TRACON& Tower with Radar,38,37,33,42,150,0,11,21,21,53,38,48,54,63,203,100,74,174,377
05/09/2014,COS,CO,ANM,WE,Combined TRACON& Tower with Radar,36,35,19,25,115,0,4,45,24,73,36,39,64,49,188,56,80,136,324
05/10/2014,COS,CO,ANM,WE,Combined TRACON& Tower with Radar,51,43,16,11,121,0,6,71,2,79,51,49,87,13,200,100,8,108,308
05/11/2014,COS,CO,ANM,WE,Combined TRACON& Tower with Radar,40,28,10,2,80,0,1,2,0,3,40,29,12,2,83,6,2,8,91
05/12/2014,COS,CO,ANM,WE,Combined TRACON& Tower with Radar,34,41,12,29,116,0,3,2,1,6,34,44,14,30,122,4,18,22,144
05/13/2014,COS,CO,ANM,WE,Combined TRACON& Tower with Radar,32,27,35,43,137,0,3,33,43,79,32,30,68,86,216,70,146,216,432
05/14/2014,COS,CO,ANM,WE,Combined TRACON& Tower with Radar,43,40,25,35,143,0,3,42,25,70,43,43,67,60,213,80,80,160,373
05/15/2014,COS,CO,ANM,WE,Combined TRACON& Tower with Radar,45,33,27,25,130,0,6,50,35,91,45,39,77,60,221,164,186,350,571
05/16/2014,COS,CO,ANM,WE,Combined TRACON& Tower with Radar,40,32,23,46,141,0,3,41,7,51,40,35,64,53,192,84,71,155,347
05/17/2014,COS,CO,ANM,WE,Combined TRACON& Tower with Radar,32,26,22,12,92,0,2,61,25,88,32,28,83,37,180,110,14,124,304
05/18/2014,COS,CO,ANM,WE,Combined TRACON& Tower with Radar,35,32,13,53,133,0,3,74,28,105,35,35,87,81,238,104,36,140,378
05/19/2014,COS,CO,ANM,WE,Combined TRACON& Tower with Radar,39,38,17,20,114,0,14,39,34,87,39,52,56,54,201,148,92,240,441
05/20/2014,COS,CO,ANM,WE,Combined TRACON& Tower with Radar,71,45,28,18,162,0,4,66,24,94,71,49,94,42,256,86,86,172,428
05/21/2014,COS,CO,ANM,WE,Combined TRACON& Tower with Radar,71,55,34,38,198,0,8,32,13,53,71,63,66,51,251,114,62,176,427
05/22/2014,COS,CO,ANM,WE,Combined TRACON& Tower with Radar,55,35,36,33,159,0,4,34,17,55,55,39,70,50,214,124,210,334,548
05/23/2014,COS,CO,ANM,WE,Combined TRACON& Tower with Radar,38,36,22,30,126,0,1,43,12,56,38,37,65,42,182,96,84,180,362
05/24/2014,COS,CO,ANM,WE,Combined TRACON& Tower with Radar,29,28,25,4,86,0,2,186,0,188,29,30,211,4,274,0,0,0,274
05/25/2014,COS,CO,ANM,WE,Combined TRACON& Tower with Radar,34,21,19,3,77,0,5,46,1,52,34,26,65,4,129,108,0,108,237
05/26/2014,COS,CO,ANM,WE,Combined TRACON& Tower with Radar,36,30,12,6,84,0,0,47,6,53,36,30,59,12,137,66,22,88,225
05/27/2014,COS,CO,ANM,WE,Combined TRACON& Tower with Radar,32,36,27,28,123,0,8,42,25,75,32,44,69,53,198,42,48,90,288
05/28/2014,COS,CO,ANM,WE,Combined TRACON& Tower with Radar,36,45,38,17,136,0,4,36,21,61,36,49,74,38,197,64,130,194,391
05/29/2014,COS,CO,ANM,WE,Combined TRACON& Tower with Radar,43,34,42,30,149,0,4,59,19,82,43,38,101,49,231,162,164,326,557
05/30/2014,COS,CO,ANM,WE,Combined TRACON& Tower with Radar,44,30,22,19,115,0,2,37,8,47,44,32,59,27,162,92,46,138,300
05/31/2014,COS,CO,ANM,WE,Combined TRACON& Tower with Radar,34,30,22,6,92,0,2,81,0,83,34,32,103,6,175,168,4,172,347
06/01/2014,COS,CO,ANM,WE,Combined TRACON& Tower with Radar,39,37,40,16,132,0,2,52,1,55,39,39,92,17,187,42,0,42,229
06/02/2014,COS,CO,ANM,WE,Combined TRACON& Tower with Radar,38,38,31,16,123,0,7,48,22,77,38,45,79,38,200,70,128,198,398
06/03/2014,COS,CO,ANM,WE,Combined TRACON& Tower with Radar,40,37,28,11,116,0,8,29,32,69,40,45,57,43,185,108,190,298,483
06/04/2014,COS,CO,ANM,WE,Combined TRACON& Tower with Radar,43,56,47,21,167,0,3,44,40,87,43,59,91,61,254,90,240,330,584
06/05/2014,COS,CO,ANM,WE,Combined TRACON& Tower with Radar,29,24,9,15,77,0,2,21,15,38,29,26,30,30,115,130,242,372,487
06/06/2014,COS,CO,ANM,WE,Combined TRACON& Tower with Radar,41,36,28,23,128,0,2,39,32,73,41,38,67,55,201,68,188,256,457
06/07/2014,COS,CO,ANM,WE,Combined TRACON& Tower with Radar,33,30,29,24,116,0,2,26,7,35,33,32,55,31,151,126,14,140,291
06/08/2014,COS,CO,ANM,WE,Combined TRACON& Tower with Radar,46,31,39,13,129,0,2,6,0,8,46,33,45,13,137,2,0,2,139
06/09/2014,COS,CO,ANM,WE,Combined TRACON& Tower with Radar,38,43,40,23,144,0,6,24,31,61,38,49,64,54,205,12,140,152,357
06/10/2014,COS,CO,ANM,WE,Combined TRACON& Tower with Radar,39,39,41,12,131,0,10,62,44,116,39,49,103,56,247,142,210,352,599
06/11/2014,COS,CO,ANM,WE,Combined TRACON& Tower with Radar,39,40,33,13,125,0,1,35,47,83,39,41,68,60,208,120,240,360,568
06/12/2014,COS,CO,ANM,WE,Combined TRACON& Tower with Radar,38,42,45,28,153,0,4,24,25,53,38,46,69,53,206,82,84,166,372
06/13/2014,COS,CO,ANM,WE,Combined TRACON& Tower with Radar,41,42,39,14,136,0,3,62,38,103,41,45,101,52,239,112,196,308,547
06/14/2014,COS,CO,ANM,WE,Combined TRACON& Tower with Radar,53,47,22,12,134,0,3,69,0,72,53,50,91,12,206,70,0,70,276
06/15/2014,COS,CO,ANM,WE,Combined TRACON& Tower with Radar,37,35,27,17,116,0,1,49,1,51,37,36,76,18,167,96,0,96,263
06/16/2014,COS,CO,ANM,WE,Combined TRACON& Tower with Radar,41,33,35,20,129,0,1,36,34,71,41,34,71,54,200,80,242,322,522
06/17/2014,COS,CO,ANM,WE,Combined TRACON& Tower with Radar,39,32,26,22,119,0,7,43,44,94,39,39,69,66,213,80,254,334,547
06/18/2014,COS,CO,ANM,WE,Combined TRACON& Tower with Radar,64,53,40,27,184,0,9,47,67,123,64,62,87,94,307,112,380,492,799
06/19/2014,COS,CO,ANM,WE,Combined TRACON& Tower with Radar,43,37,35,45,160,0,6,81,44,131,43,43,116,89,291,142,218,360,651
06/20/2014,COS,CO,ANM,WE,Combined TRACON& Tower with Radar,39,33,45,37,154,0,8,83,30,121,39,41,128,67,275,78,110,188,463
06/21/2014,COS,CO,ANM,WE,Combined TRACON& Tower with Radar,32,37,31,29,129,0,2,83,5,90,32,39,114,34,219,98,36,134,353
06/22/2014,COS,CO,ANM,WE,Combined TRACON& Tower with Radar,40,41,52,19,152,0,11,52,4,67,40,52,104,23,219,118,36,154,373
06/23/2014,COS,CO,ANM,WE,Combined TRACON& Tower with Radar,57,48,25,45,175,0,7,54,32,93,57,55,79,77,268,82,170,252,520
06/24/2014,COS,CO,ANM,WE,Combined TRACON& Tower with Radar,41,40,38,38,157,0,7,43,42,92,41,47,81,80,249,116,236,352,601
06/25/2014,COS,CO,ANM,WE,Combined TRACON& Tower with Radar,31,36,36,13,116,0,6,46,32,84,31,42,82,45,200,128,178,306,506
06/26/2014,COS,CO,ANM,WE,Combined TRACON& Tower with Radar,51,34,21,34,140,0,6,78,35,119,51,40,99,69,259,203,224,427,686
06/27/2014,COS,CO,ANM,WE,Combined TRACON& Tower with Radar,44,43,29,26,142,0,8,66,42,116,44,51,95,68,258,158,134,292,550
06/28/2014,COS,CO,ANM,WE,Combined TRACON& Tower with Radar,36,31,33,19,119,0,9,103,14,126,36,40,136,33,245,138,8,146,391
06/29/2014,COS,CO,ANM,WE,Combined TRACON& Tower with Radar,36,38,26,10,110,0,13,61,3,77,36,51,87,13,187,95,0,95,282
06/30/2014,COS,CO,ANM,WE,Combined TRACON& Tower with Radar,35,30,21,15,101,0,4,37,25,66,35,34,58,40,167,64,82,146,313
07/01/2014,COS,CO,ANM,WE,Combined TRACON& Tower with Radar,35,29,34,35,133,0,0,49,39,88,35,29,83,74,221,129,254,383,604
07/02/2014,COS,CO,ANM,WE,Combined TRACON& Tower with Radar,39,45,43,36,163,0,1,20,15,36,39,46,63,51,199,141,42,183,382
07/03/2014,COS,CO,ANM,WE,Combined TRACON& Tower with Radar,42,42,47,4,135,0,14,58,12,84,42,56,105,16,219,206,66,272,491
07/04/2014,COS,CO,ANM,WE,Combined TRACON& Tower with Radar,27,27,17,1,72,0,4,56,0,60,27,31,73,1,132,89,4,93,225
07/05/2014,COS,CO,ANM,WE,Combined TRACON& Tower with Radar,39,23,20,1,83,0,5,55,0,60,39,28,75,1,143,116,0,116,259
07/06/2014,COS,CO,ANM,WE,Combined TRACON& Tower with Radar,40,34,40,4,118,0,6,55,1,62,40,40,95,5,180,40,0,40,220
07/07/2014,COS,CO,ANM,WE,Combined TRACON& Tower with Radar,64,47,28,8,147,0,3,57,29,89,64,50,85,37,236,88,64,152,388
07/08/2014,COS,CO,ANM,WE,Combined TRACON& Tower with Radar,51,41,34,54,180,0,2,14,5,21,51,43,48,59,201,44,36,80,281
07/09/2014,COS,CO,ANM,WE,Combined TRACON& Tower with Radar,37,42,57,29,165,0,2,64,52,118,37,44,121,81,283,104,254,358,641
07/10/2014,COS,CO,ANM,WE,Combined TRACON& Tower with Radar,44,38,46,28,156,0,8,56,21,85,44,46,102,49,241,130,84,214,455
07/11/2014,COS,CO,ANM,WE,Combined TRACON& Tower with Radar,47,33,30,30,140,0,5,56,28,89,47,38,86,58,229,69,114,183,412
07/12/2014,COS,CO,ANM,WE,Combined TRACON& Tower with Radar,43,36,21,13,113,0,0,50,7,57,43,36,71,20,170,0,0,0,170
07/13/2014,COS,CO,ANM,WE,Combined TRACON& Tower with Radar,21,12,13,7,53,0,0,2,1,3,21,12,15,8,56,178,64,242,298
07/14/2014,COS,CO,ANM,WE,Combined TRACON& Tower with Radar,38,35,35,38,146,0,2,53,14,69,38,37,88,52,215,310,144,454,669
07/15/2014,COS,CO,ANM,WE,Combined TRACON& Tower with Radar,43,35,42,33,153,0,0,2,3,5,43,35,44,36,158,0,0,0,158
07/16/2014,COS,CO,ANM,WE,Combined TRACON& Tower with Radar,42,37,33,44,156,0,3,15,19,37,42,40,48,63,193,8,40,48,241
07/17/2014,COS,CO,ANM,WE,Combined TRACON& Tower with Radar,37,45,44,38,164,0,3,35,62,100,37,48,79,100,264,170,196,366,630
07/18/2014,COS,CO,ANM,WE,Combined TRACON& Tower with Radar,40,31,34,35,140,0,5,92,76,173,40,36,126,111,313,148,240,388,701
07/19/2014,COS,CO,ANM,WE,Combined TRACON& Tower with Radar,36,40,26,12,114,0,4,73,10,87,36,44,99,22,201,192,0,192,393
07/20/2014,COS,CO,ANM,WE,Combined TRACON& Tower with Radar,39,41,37,13,130,0,6,57,21,84,39,47,94,34,214,73,0,73,287
07/21/2014,COS,CO,ANM,WE,Combined TRACON& Tower with Radar,41,37,24,36,138,0,7,92,70,169,41,44,116,106,307,128,360,488,795
07/22/2014,COS,CO,ANM,WE,Combined TRACON& Tower with Radar,39,35,32,13,119,0,5,96,70,171,39,40,128,83,290,120,126,246,536
07/23/2014,COS,CO,ANM,WE,Combined TRACON& Tower with Radar,41,37,28,30,136,0,2,65,43,110,41,39,93,73,246,34,80,114,360
07/24/2014,COS,CO,ANM,WE,Combined TRACON& Tower with Radar,47,47,35,38,167,0,3,65,17,85,47,50,100,55,252,172,72,244,496
07/25/2014,COS,CO,ANM,WE,Combined TRACON& Tower with Radar,43,61,67,20,191,0,2,70,21,93,43,63,137,41,284,150,104,254,538
07/26/2014,COS,CO,ANM,WE,Combined TRACON& Tower with Radar,36,35,24,14,109,0,1,57,4,62,36,36,81,18,171,72,0,72,243
07/27/2014,COS,CO,ANM,WE,Combined TRACON& Tower with Radar,36,34,39,5,114,0,3,57,4,64,36,37,96,9,178,124,2,126,304
07/28/2014,COS,CO,ANM,WE,Combined TRACON& Tower with Radar,38,35,42,43,158,0,3,12,7,22,38,38,54,50,180,64,224,288,468
07/29/2014,COS,CO,ANM,WE,Combined TRACON& Tower with Radar,35,34,34,13,116,0,1,40,38,79,35,35,74,51,195,114,312,426,621
07/30/2014,COS,CO,ANM,WE,Combined TRACON& Tower with Radar,41,34,42,32,149,0,0,1,0,1,41,34,43,32,150,8,12,20,170
07/31/2014,COS,CO,ANM,WE,Combined TRACON& Tower with Radar,40,38,57,42,177,0,3,13,3,19,40,41,70,45,196,72,56,128,324
08/01/2014,COS,CO,ANM,WE,Combined TRACON& Tower with Radar,38,38,34,36,146,0,2,52,20,74,38,40,86,56,220,150,102,252,472
08/02/2014,COS,CO,ANM,WE,Combined TRACON& Tower with Radar,35,36,24,9,104,0,4,99,3,106,35,40,123,12,210,158,16,174,384
08/03/2014,COS,CO,ANM,WE,Combined TRACON& Tower with Radar,40,37,50,11,138,0,1,69,8,78,40,38,119,19,216,60,28,88,304
08/04/2014,COS,CO,ANM,WE,Combined TRACON& Tower with Radar,35,42,31,20,128,0,5,50,16,71,35,47,81,36,199,140,118,258,457
08/05/2014,COS,CO,ANM,WE,Combined TRACON& Tower with Radar,41,41,24,52,158,0,11,35,26,72,41,52,59,78,230,66,70,136,366
08/06/2014,COS,CO,ANM,WE,Combined TRACON& Tower with Radar,45,57,46,35,183,0,1,66,26,93,45,58,112,61,276,87,118,205,481
08/07/2014,COS,CO,ANM,WE,Combined TRACON& Tower with Radar,67,60,41,25,193,0,1,78,27,106,67,61,119,52,299,140,98,238,537
08/08/2014,COS,CO,ANM,WE,Combined TRACON& Tower with Radar,39,57,41,8,145,0,6,77,13,96,39,63,118,21,241,74,4,78,319
08/09/2014,COS,CO,ANM,WE,Combined TRACON& Tower with Radar,64,46,16,12,138,1,7,61,7,76,65,53,77,19,214,68,6,74,288
08/10/2014,COS,CO,ANM,WE,Combined TRACON& Tower with Radar,43,41,29,12,125,0,3,66,13,82,43,44,95,25,207,13,0,13,220
08/11/2014,COS,CO,ANM,WE,Combined TRACON& Tower with Radar,38,38,39,20,135,0,8,79,22,109,38,46,118,42,244,94,98,192,436
08/12/2014,COS,CO,ANM,WE,Combined TRACON& Tower with Radar,33,38,25,23,119,0,3,72,30,105,33,41,97,53,224,109,222,331,555
08/13/2014,COS,CO,ANM,WE,Combined TRACON& Tower with Radar,37,35,39,22,133,0,9,82,21,112,37,44,121,43,245,119,192,311,556
08/14/2014,COS,CO,ANM,WE,Combined TRACON& Tower with Radar,38,39,42,39,158,0,4,52,27,83,38,43,94,66,241,40,88,128,369
08/15/2014,COS,CO,ANM,WE,Combined TRACON& Tower with Radar,47,33,27,32,139,0,2,66,26,94,47,35,93,58,233,61,116,177,410
08/16/2014,COS,CO,ANM,WE,Combined TRACON& Tower with Radar,36,34,31,22,123,0,6,84,14,104,36,40,115,36,227,158,44,202,429
08/17/2014,COS,CO,ANM,WE,Combined TRACON& Tower with Radar,34,32,30,8,104,0,10,20,3,33,34,42,50,11,137,98,14,112,249
08/18/2014,COS,CO,ANM,WE,Combined TRACON& Tower with Radar,37,36,44,20,137,0,5,60,26,91,37,41,104,46,228,44,58,102,330
08/19/2014,COS,CO,ANM,WE,Combined TRACON& Tower with Radar,37,37,52,16,142,0,5,58,24,87,37,42,110,40,229,249,202,451,680
08/20/2014,COS,CO,ANM,WE,Combined TRACON& Tower with Radar,40,38,40,14,132,0,5,44,28,77,40,43,84,42,209,130,138,268,477
08/21/2014,COS,CO,ANM,WE,Combined TRACON& Tower with Radar,41,40,60,28,169,0,4,83,35,122,41,44,143,63,291,210,162,372,663
08/22/2014,COS,CO,ANM,WE,Combined TRACON& Tower with Radar,37,37,62,20,156,0,3,59,43,105,37,40,121,63,261,96,158,254,515
08/23/2014,COS,CO,ANM,WE,Combined TRACON& Tower with Radar,30,49,26,25,130,0,4,78,15,97,30,53,104,40,227,96,74,170,397
08/24/2014,COS,CO,ANM,WE,Combined TRACON& Tower with Radar,40,32,36,15,123,0,2,43,7,52,40,34,79,22,175,52,12,64,239
08/25/2014,COS,CO,ANM,WE,Combined TRACON& Tower with Radar,37,39,27,23,126,0,3,33,31,67,37,42,60,54,193,86,246,332,525
08/26/2014,COS,CO,ANM,WE,Combined TRACON& Tower with Radar,36,42,43,27,148,0,2,12,8,22,36,44,55,35,170,50,0,50,220
08/27/2014,COS,CO,ANM,WE,Combined TRACON& Tower with Radar,35,36,45,38,154,0,5,18,29,52,35,41,63,67,206,66,210,276,482
08/28/2014,COS,CO,ANM,WE,Combined TRACON& Tower with Radar,44,40,30,35,149,0,5,47,39,91,44,45,77,74,240,106,330,436,676
08/29/2014,COS,CO,ANM,WE,Combined TRACON& Tower with Radar,44,42,57,9,152,0,4,78,12,94,44,46,135,21,246,214,66,280,526
08/30/2014,COS,CO,ANM,WE,Combined TRACON& Tower with Radar,29,33,30,4,96,0,5,69,6,80,29,38,99,10,176,166,42,208,384
08/31/2014,COS,CO,ANM,WE,Combined TRACON& Tower with Radar,24,32,20,1,77,0,2,51,0,53,24,34,71,1,130,40,4,44,174
09/01/2014,COS,CO,ANM,WE,Combined TRACON& Tower with Radar,38,43,45,0,126,0,2,56,3,61,38,45,101,3,187,70,0,70,257
09/02/2014,COS,CO,ANM,WE,Combined TRACON& Tower with Radar,33,39,50,20,142,0,7,46,24,77,33,46,96,44,219,108,188,296,515
09/03/2014,COS,CO,ANM,WE,Combined TRACON& Tower with Radar,32,35,47,37,151,0,6,55,37,98,32,41,102,74,249,82,200,282,531
09/04/2014,COS,CO,ANM,WE,Combined TRACON& Tower with Radar,38,39,45,24,146,0,3,56,55,114,38,42,101,79,260,62,282,344,604
09/05/2014,COS,CO,ANM,WE,Combined TRACON& Tower with Radar,36,38,46,43,163,0,1,6,0,7,36,39,52,43,170,26,58,84,254
09/06/2014,COS,CO,ANM,WE,Combined TRACON& Tower with Radar,28,37,66,17,148,0,2,17,2,21,28,39,83,19,169,20,16,36,205
09/07/2014,COS,CO,ANM,WE,Combined TRACON& Tower with Radar,40,46,18,16,120,0,2,38,8,48,40,48,56,24,168,90,40,130,298
09/08/2014,COS,CO,ANM,WE,Combined TRACON& Tower with Radar,36,38,27,43,144,0,3,33,26,62,36,41,60,69,206,86,188,274,480
09/09/2014,COS,CO,ANM,WE,Combined TRACON& Tower with Radar,34,35,26,24,119,0,1,32,41,74,34,36,58,65,193,72,296,368,561
09/10/2014,COS,CO,ANM,WE,Combined TRACON& Tower with Radar,37,36,30,23,126,0,1,34,26,61,37,37,64,49,187,102,170,272,459
09/11/2014,COS,CO,ANM,WE,Combined TRACON& Tower with Radar,43,42,27,61,173,0,3,51,27,81,43,45,78,88,254,126,218,344,598
09/12/2014,COS,CO,ANM,WE,Combined TRACON& Tower with Radar,40,35,30,41,146,0,1,13,0,14,40,36,43,41,160,72,16,88,248
09/13/2014,COS,CO,ANM,WE,Combined TRACON& Tower with Radar,28,32,21,35,116,0,5,91,9,105,28,37,112,44,221,50,20,70,291
09/14/2014,COS,CO,ANM,WE,Combined TRACON& Tower with Radar,38,30,34,22,124,0,4,79,5,88,38,34,113,27,212,66,32,98,310
09/15/2014,COS,CO,ANM,WE,Combined TRACON& Tower with Radar,37,49,29,18,133,0,2,51,34,87,37,51,80,52,220,122,254,376,596
09/16/2014,COS,CO,ANM,WE,Combined TRACON& Tower with Radar,39,42,26,38,145,0,6,52,36,94,39,48,78,74,239,60,168,228,467
09/17/2014,COS,CO,ANM,WE,Combined TRACON& Tower with Radar,32,40,39,32,143,0,3,62,16,81,32,43,101,48,224,122,132,254,478
09/18/2014,COS,CO,ANM,WE,Combined TRACON& Tower with Radar,42,36,48,38,164,0,6,54,38,98,42,42,102,76,262,94,206,300,562
09/19/2014,COS,CO,ANM,WE,Combined TRACON& Tower with Radar,38,47,46,68,199,0,8,68,28,104,38,55,114,96,303,124,174,298,601
09/20/2014,COS,CO,ANM,WE,Combined TRACON& Tower with Radar,26,29,41,13,109,0,0,75,18,93,26,29,116,31,202,116,28,144,346
09/21/2014,COS,CO,ANM,WE,Combined TRACON& Tower with Radar,44,37,44,13,138,0,4,38,8,50,44,41,82,21,188,54,26,80,268
09/22/2014,COS,CO,ANM,WE,Combined TRACON& Tower with Radar,35,28,24,37,124,0,2,25,14,41,35,30,49,51,165,140,186,326,491
09/23/2014,COS,CO,ANM,WE,Combined TRACON& Tower with Radar,34,31,30,26,121,0,0,63,31,94,34,31,93,57,215,116,170,286,501
09/24/2014,COS,CO,ANM,WE,Combined TRACON& Tower with Radar,34,44,28,24,130,0,0,49,22,71,34,44,77,46,201,68,130,198,399
09/25/2014,COS,CO,ANM,WE,Combined TRACON& Tower with Radar,39,34,47,17,137,0,6,66,11,83,39,40,113,28,220,164,64,228,448
09/26/2014,COS,CO,ANM,WE,Combined TRACON& Tower with Radar,41,34,29,31,135,0,5,65,18,88,41,39,94,49,223,172,86,258,481
09/27/2014,COS,CO,ANM,WE,Combined TRACON& Tower with Radar,26,27,19,10,82,1,4,63,9,77,27,31,82,19,159,237,46,283,442
09/28/2014,COS,CO,ANM,WE,Combined TRACON& Tower with Radar,45,36,59,9,149,0,7,49,0,56,45,43,108,9,205,112,0,112,317
09/29/2014,COS,CO,ANM,WE,Combined TRACON& Tower with Radar,55,41,28,20,144,0,8,35,7,50,55,49,63,27,194,112,40,152,346
09/30/2014,COS,CO,ANM,WE,Combined TRACON& Tower with Radar,39,35,41,15,130,1,7,41,23,72,40,42,82,38,202,112,66,178,380
10/01/2014,COS,CO,ANM,WE,Combined TRACON& Tower with Radar,63,38,41,33,175,0,10,31,12,53,63,48,72,45,228,136,66,202,430
10/02/2014,COS,CO,ANM,WE,Combined TRACON& Tower with Radar,42,38,23,35,138,0,3,67,27,97,42,41,90,62,235,138,104,242,477
10/03/2014,COS,CO,ANM,WE,Combined TRACON& Tower with Radar,48,39,32,67,186,0,5,46,42,93,48,44,78,109,279,106,106,212,491
10/04/2014,COS,CO,ANM,WE,Combined TRACON& Tower with Radar,27,33,25,14,99,1,14,99,16,130,28,47,124,30,229,222,24,246,475
10/05/2014,COS,CO,ANM,WE,Combined TRACON& Tower with Radar,47,34,36,32,149,0,8,65,15,88,47,42,101,47,237,130,20,150,387
10/06/2014,COS,CO,ANM,WE,Combined TRACON& Tower with Radar,39,33,22,17,111,0,3,50,12,65,39,36,72,29,176,78,48,126,302
10/07/2014,COS,CO,ANM,WE,Combined TRACON& Tower with Radar,40,31,24,18,113,0,2,50,25,77,40,33,74,43,190,116,126,242,432
10/08/2014,COS,CO,ANM,WE,Combined TRACON& Tower with Radar,34,35,41,21,131,0,11,47,20,78,34,46,88,41,209,70,122,192,401
10/09/2014,COS,CO,ANM,WE,Combined TRACON& Tower with Radar,48,35,24,24,131,0,1,7,8,16,48,36,31,32,147,20,46,66,213
10/10/2014,COS,CO,ANM,WE,Combined TRACON& Tower with Radar,39,36,44,22,141,0,0,0,2,2,39,36,44,24,143,0,26,26,169
10/11/2014,COS,CO,ANM,WE,Combined TRACON& Tower with Radar,30,45,50,5,130,0,5,41,1,47,30,50,91,6,177,80,0,80,257
10/12/2014,COS,CO,ANM,WE,Combined TRACON& Tower with Radar,39,43,23,11,116,0,3,17,2,22,39,46,40,13,138,46,22,68,206
10/13/2014,COS,CO,ANM,WE,Combined TRACON& Tower with Radar,35,42,38,10,125,0,4,43,2,49,35,46,81,12,174,66,14,80,254
10/14/2014,COS,CO,ANM,WE,Combined TRACON& Tower with Radar,37,55,52,16,160,0,3,60,22,85,37,58,112,38,245,80,62,142,387
10/15/2014,COS,CO,ANM,WE,Combined TRACON& Tower with Radar,38,45,48,15,146,0,3,70,21,94,38,48,118,36,240,120,114,234,474
10/16/2014,COS,CO,ANM,WE,Combined TRACON& Tower with Radar,40,38,41,28,147,0,0,53,35,88,40,38,94,63,235,146,146,292,527
10/17/2014,COS,CO,ANM,WE,Combined TRACON& Tower with Radar,43,36,39,27,145,0,4,78,23,105,43,40,117,50,250,102,60,162,412
10/18/2014,COS,CO,ANM,WE,Combined TRACON& Tower with Radar,28,33,15,20,96,0,2,91,14,107,28,35,106,34,203,142,22,164,367
10/19/2014,COS,CO,ANM,WE,Combined TRACON& Tower with Radar,38,38,25,16,117,0,3,68,4,75,38,41,93,20,192,36,4,40,232
10/20/2014,COS,CO,ANM,WE,Combined TRACON& Tower with Radar,36,29,28,9,102,0,0,36,13,49,36,29,64,22,151,72,52,124,275
10/21/2014,COS,CO,ANM,WE,Combined TRACON& Tower with Radar,40,30,31,18,119,0,0,50,29,79,40,30,81,47,198,90,88,178,376
10/22/2014,COS,CO,ANM,WE,Combined TRACON& Tower with Radar,36,31,39,25,131,0,3,42,34,79,36,34,81,59,210,102,134,236,446
10/23/2014,COS,CO,ANM,WE,Combined TRACON& Tower with Radar,47,31,34,30,142,0,4,40,29,73,47,35,74,59,215,134,134,268,483
10/24/2014,COS,CO,ANM,WE,Combined TRACON& Tower with Radar,42,37,40,38,157,0,4,56,27,87,42,41,96,65,244,82,104,186,430
10/25/2014,COS,CO,ANM,WE,Combined TRACON& Tower with Radar,26,33,22,22,103,0,6,104,11,121,26,39,126,33,224,158,44,202,426
10/26/2014,COS,CO,ANM,WE,Combined TRACON& Tower with Radar,35,25,24,9,93,0,0,48,1,49,35,25,72,10,142,26,6,32,174
10/27/2014,COS,CO,ANM,WE,Combined TRACON& Tower with Radar,38,31,24,16,109,0,1,27,29,57,38,32,51,45,166,30,112,142,308
10/28/2014,COS,CO,ANM,WE,Combined TRACON& Tower with Radar,36,29,21,14,100,0,2,36,43,81,36,31,57,57,181,96,196,292,473
10/29/2014,COS,CO,ANM,WE,Combined TRACON& Tower with Radar,38,34,29,21,122,0,0,72,62,134,38,34,101,83,256,108,254,362,618
10/30/2014,COS,CO,ANM,WE,Combined TRACON& Tower with Radar,40,40,24,41,145,0,0,69,34,103,40,40,93,75,248,84,194,278,526
10/31/2014,COS,CO,ANM,WE,Combined TRACON& Tower with Radar,36,23,27,20,106,0,2,48,34,84,36,25,75,54,190,68,220,288,478
11/01/2014,COS,CO,ANM,WE,Combined TRACON& Tower with Radar,33,26,24,10,93,0,5,65,13,83,33,31,89,23,176,82,12,94,270
11/02/2014,COS,CO,ANM,WE,Combined TRACON& Tower with Radar,33,27,14,29,103,0,3,20,0,23,33,30,34,29,126,40,0,40,166
11/03/2014,COS,CO,ANM,WE,Combined TRACON& Tower with Radar,38,40,24,15,117,0,13,10,11,34,38,53,34,26,151,14,62,76,227
11/04/2014,COS,CO,ANM,WE,Combined TRACON& Tower with Radar,29,27,35,18,109,0,4,38,27,69,29,31,73,45,178,102,154,256,434
11/05/2014,COS,CO,ANM,WE,Combined TRACON& Tower with Radar,39,30,29,21,119,0,1,56,33,90,39,31,85,54,209,82,190,272,481
11/06/2014,COS,CO,ANM,WE,Combined TRACON& Tower with Radar,40,33,27,40,140,0,6,73,35,114,40,39,100,75,254,78,210,288,542
11/07/2014,COS,CO,ANM,WE,Combined TRACON& Tower with Radar,44,35,20,19,118,0,4,36,14,54,44,39,56,33,172,108,40,148,320
11/08/2014,COS,CO,ANM,WE,Combined TRACON& Tower with Radar,30,34,13,5,82,0,5,87,4,96,30,39,100,9,178,96,48,144,322
11/09/2014,COS,CO,ANM,WE,Combined TRACON& Tower with Radar,34,28,21,10,93,0,8,60,4,72,34,36,81,14,165,66,6,72,237
11/10/2014,COS,CO,ANM,WE,Combined TRACON& Tower with Radar,38,28,17,3,86,0,1,20,1,22,38,29,37,4,108,10,0,10,118
11/11/2014,COS,CO,ANM,WE,Combined TRACON& Tower with Radar,36,24,10,2,72,0,0,0,0,0,36,24,10,2,72,10,0,10,82
11/12/2014,COS,CO,ANM,WE,Combined TRACON& Tower with Radar,33,34,12,5,84,0,0,0,0,0,33,34,12,5,84,0,0,0,84
11/13/2014,COS,CO,ANM,WE,Combined TRACON& Tower with Radar,41,33,13,24,111,0,0,3,0,3,41,33,16,24,114,0,0,0,114
11/14/2014,COS,CO,ANM,WE,Combined TRACON& Tower with Radar,46,42,22,30,140,0,3,45,13,61,46,45,67,43,201,102,86,188,389
11/15/2014,COS,CO,ANM,WE,Combined TRACON& Tower with Radar,32,22,11,5,70,0,4,18,3,25,32,26,29,8,95,54,0,54,149
11/16/2014,COS,CO,ANM,WE,Combined TRACON& Tower with Radar,34,24,11,18,87,0,4,25,0,29,34,28,36,18,116,42,0,42,158
11/17/2014,COS,CO,ANM,WE,Combined TRACON& Tower with Radar,36,28,33,24,121,0,7,35,40,82,36,35,68,64,203,190,202,392,595
11/18/2014,COS,CO,ANM,WE,Combined TRACON& Tower with Radar,34,32,38,40,144,0,2,57,21,80,34,34,95,61,224,230,258,488,712
11/19/2014,COS,CO,ANM,WE,Combined TRACON& Tower with Radar,36,30,27,29,122,0,3,35,28,66,36,33,62,57,188,54,148,202,390
11/20/2014,COS,CO,ANM,WE,Combined TRACON& Tower with Radar,44,38,42,31,155,0,1,50,30,81,44,39,92,61,236,138,72,210,446
11/21/2014,COS,CO,ANM,WE,Combined TRACON& Tower with Radar,41,29,38,64,172,0,16,53,25,94,41,45,91,89,266,52,112,164,430
11/22/2014,COS,CO,ANM,WE,Combined TRACON& Tower with Radar,33,25,19,31,108,0,0,74,4,78,33,25,93,35,186,146,52,198,384
11/23/2014,COS,CO,ANM,WE,Combined TRACON& Tower with Radar,37,24,18,15,94,0,0,2,0,2,37,24,20,15,96,0,0,0,96
11/24/2014,COS,CO,ANM,WE,Combined TRACON& Tower with Radar,27,28,20,14,89,0,0,14,3,17,27,28,34,17,106,8,138,146,252
11/25/2014,COS,CO,ANM,WE,Combined TRACON& Tower with Radar,38,34,36,16,124,0,2,15,7,24,38,36,51,23,148,4,10,14,162
11/26/2014,COS,CO,ANM,WE,Combined TRACON& Tower with Radar,38,33,30,35,136,0,4,18,0,22,38,37,48,35,158,62,44,106,264
11/27/2014,COS,CO,ANM,WE,Combined TRACON& Tower with Radar,21,18,6,2,47,0,3,23,0,26,21,21,29,2,73,26,0,26,99
11/28/2014,COS,CO,ANM,WE,Combined TRACON& Tower with Radar,37,21,29,3,90,0,4,63,7,74,37,25,92,10,164,135,4,139,303
11/29/2014,COS,CO,ANM,WE,Combined TRACON& Tower with Radar,32,38,13,1,84,0,5,39,1,45,32,43,52,2,129,68,0,68,197
11/30/2014,COS,CO,ANM,WE,Combined TRACON& Tower with Radar,87,51,36,4,178,1,8,38,4,51,88,59,74,8,229,48,4,52,281
12/01/2014,COS,CO,ANM,WE,Combined TRACON& Tower with Radar,38,25,24,23,110,0,1,33,19,53,38,26,57,42,163,24,162,186,349
12/02/2014,COS,CO,ANM,WE,Combined TRACON& Tower with Radar,33,27,33,34,127,0,3,42,23,68,33,30,75,57,195,96,126,222,417
12/03/2014,COS,CO,ANM,WE,Combined TRACON& Tower with Radar,29,31,36,47,143,0,1,52,27,80,29,32,88,74,223,94,165,259,482
12/04/2014,COS,CO,ANM,WE,Combined TRACON& Tower with Radar,32,35,31,30,128,0,7,34,18,59,32,42,65,48,187,108,96,204,391
12/05/2014,COS,CO,ANM,WE,Combined TRACON& Tower with Radar,35,33,42,41,151,0,6,77,21,104,35,39,119,62,255,108,96,204,459
12/06/2014,COS,CO,ANM,WE,Combined TRACON& Tower with Radar,25,25,23,18,91,0,2,75,28,105,25,27,98,46,196,104,34,138,334
12/07/2014,COS,CO,ANM,WE,Combined TRACON& Tower with Radar,35,21,22,21,99,0,3,69,8,80,35,24,91,29,179,84,10,94,273
12/08/2014,COS,CO,ANM,WE,Combined TRACON& Tower with Radar,34,28,22,22,106,0,8,34,29,71,34,36,56,51,177,66,90,156,333
12/09/2014,COS,CO,ANM,WE,Combined TRACON& Tower with Radar,29,29,24,19,101,0,11,54,24,89,29,40,78,43,190,44,62,106,296
12/10/2014,COS,CO,ANM,WE,Combined TRACON& Tower with Radar,30,22,31,24,107,0,1,47,24,72,30,23,78,48,179,74,64,138,317
12/11/2014,COS,CO,ANM,WE,Combined TRACON& Tower with Radar,36,27,24,21,108,0,4,54,27,85,36,31,78,48,193,86,74,160,353
12/12/2014,COS,CO,ANM,WE,Combined TRACON& Tower with Radar,35,28,23,29,115,0,2,56,19,77,35,30,79,48,192,104,28,132,324
12/13/2014,COS,CO,ANM,WE,Combined TRACON& Tower with Radar,27,26,45,6,104,0,3,112,5,120,27,29,157,11,224,172,14,186,410
12/14/2014,COS,CO,ANM,WE,Combined TRACON& Tower with Radar,32,25,16,8,81,0,1,0,0,1,32,26,16,8,82,0,0,0,82
12/15/2014,COS,CO,ANM,WE,Combined TRACON& Tower with Radar,35,27,29,52,143,0,3,23,5,31,35,30,52,57,174,82,92,174,348
12/16/2014,COS,CO,ANM,WE,Combined TRACON& Tower with Radar,35,31,15,27,108,0,5,38,14,57,35,36,53,41,165,28,96,124,289
12/17/2014,COS,CO,ANM,WE,Combined TRACON& Tower with Radar,34,35,25,38,132,0,3,29,14,46,34,38,54,52,178,56,32,88,266
12/18/2014,COS,CO,ANM,WE,Combined TRACON& Tower with Radar,39,31,26,35,131,0,1,38,9,48,39,32,64,44,179,58,172,230,409
12/19/2014,COS,CO,ANM,WE,Combined TRACON& Tower with Radar,43,40,34,49,166,0,4,80,17,101,43,44,114,66,267,124,92,216,483
12/20/2014,COS,CO,ANM,WE,Combined TRACON& Tower with Radar,37,30,26,11,104,0,6,91,4,101,37,36,117,15,205,120,0,120,325
12/21/2014,COS,CO,ANM,WE,Combined TRACON& Tower with Radar,36,28,17,6,87,0,1,37,2,40,36,29,54,8,127,14,2,16,143
12/22/2014,COS,CO,ANM,WE,Combined TRACON& Tower with Radar,37,24,19,18,98,0,1,11,1,13,37,25,30,19,111,6,36,42,153
12/23/2014,COS,CO,ANM,WE,Combined TRACON& Tower with Radar,39,29,13,7,88,0,2,24,1,27,39,31,37,8,115,2,10,12,127
12/24/2014,COS,CO,ANM,WE,Combined TRACON& Tower with Radar,36,25,10,0,71,0,0,55,2,57,36,25,65,2,128,42,0,42,170
12/25/2014,COS,CO,ANM,WE,Combined TRACON& Tower with Radar,30,17,10,0,57,0,2,13,0,15,30,19,23,0,72,0,0,0,72
12/26/2014,COS,CO,ANM,WE,Combined TRACON& Tower with Radar,43,27,21,0,91,0,0,2,0,2,43,27,23,0,93,12,0,12,105
12/27/2014,COS,CO,ANM,WE,Combined TRACON& Tower with Radar,35,38,19,2,94,0,4,81,1,86,35,42,100,3,180,84,0,84,264
12/28/2014,COS,CO,ANM,WE,Combined TRACON& Tower with Radar,33,29,33,0,95,0,0,48,0,48,33,29,81,0,143,42,0,42,185
12/29/2014,COS,CO,ANM,WE,Combined TRACON& Tower with Radar,36,25,15,7,83,0,1,2,0,3,36,26,17,7,86,0,0,0,86
12/30/2014,COS,CO,ANM,WE,Combined TRACON& Tower with Radar,39,36,16,4,95,0,0,0,0,0,39,36,16,4,95,0,0,0,95
12/31/2014,COS,CO,ANM,WE,Combined TRACON& Tower with Radar,41,24,11,8,84,0,1,35,0,36,41,25,46,8,120,112,24,136,256
01/01/2015,COS,CO,ANM,WE,Combined TRACON& Tower with Radar,33,21,6,0,60,0,0,5,1,6,33,21,11,1,66,0,0,0,66
01/02/2015,COS,CO,ANM,WE,Combined TRACON& Tower with Radar,42,35,29,1,107,0,2,56,4,62,42,37,85,5,169,84,0,84,253
01/03/2015,COS,CO,ANM,WE,Combined TRACON& Tower with Radar,34,32,23,6,95,0,2,31,0,33,34,34,54,6,128,70,0,70,198
01/04/2015,COS,CO,ANM,WE,Combined TRACON& Tower with Radar,35,29,22,6,92,0,2,41,1,44,35,31,63,7,136,24,0,24,160
01/05/2015,COS,CO,ANM,WE,Combined TRACON& Tower with Radar,38,31,19,16,104,0,3,2,3,8,38,34,21,19,112,46,0,46,158
01/06/2015,COS,CO,ANM,WE,Combined TRACON& Tower with Radar,27,24,29,17,97,0,0,55,18,73,27,24,84,35,170,172,112,284,454
01/07/2015,COS,CO,ANM,WE,Combined TRACON& Tower with Radar,26,25,3,1,55,0,0,0,0,0,26,25,3,1,55,16,0,16,71
01/08/2015,COS,CO,ANM,WE,Combined TRACON& Tower with Radar,28,30,27,32,117,0,3,44,27,74,28,33,71,59,191,108,120,228,419
01/09/2015,COS,CO,ANM,WE,Combined TRACON& Tower with Radar,24,23,7,8,62,0,0,0,0,0,24,23,7,8,62,0,2,2,64
01/10/2015,COS,CO,ANM,WE,Combined TRACON& Tower with Radar,24,18,19,14,75,0,3,101,13,117,24,21,120,27,192,120,24,144,336
01/11/2015,COS,CO,ANM,WE,Combined TRACON& Tower with Radar,29,21,13,9,72,0,1,38,3,42,29,22,51,12,114,134,26,160,274
01/12/2015,COS,CO,ANM,WE,Combined TRACON& Tower with Radar,7,6,1,8,22,0,0,0,0,0,7,6,1,8,22,0,0,0,22
01/13/2015,COS,CO,ANM,WE,Combined TRACON& Tower with Radar,28,25,8,7,68,0,0,0,0,0,28,25,8,7,68,0,0,0,68
01/14/2015,COS,CO,ANM,WE,Combined TRACON& Tower with Radar,23,23,14,29,89,0,1,5,3,9,23,24,19,32,98,0,68,68,166
01/15/2015,COS,CO,ANM,WE,Combined TRACON& Tower with Radar,32,35,26,30,123,0,7,55,33,95,32,42,81,63,218,126,134,260,478
01/16/2015,COS,CO,ANM,WE,Combined TRACON& Tower with Radar,34,28,27,15,104,0,2,29,28,59,34,30,56,43,163,68,72,140,303
01/17/2015,COS,CO,ANM,WE,Combined TRACON& Tower with Radar,26,19,14,1,60,0,6,43,3,52,26,25,57,4,112,86,28,114,226
01/18/2015,COS,CO,ANM,WE,Combined TRACON& Tower with Radar,24,22,15,0,61,0,0,35,0,35,24,22,50,0,96,12,12,24,120
01/19/2015,COS,CO,ANM,WE,Combined TRACON& Tower with Radar,28,33,31,10,102,0,0,73,2,75,28,33,104,12,177,114,48,162,339
01/20/2015,COS,CO,ANM,WE,Combined TRACON& Tower with Radar,37,29,8,13,87,0,2,5,11,18,37,31,13,24,105,14,56,70,175
01/21/2015,COS,CO,ANM,WE,Combined TRACON& Tower with Radar,28,21,2,2,53,0,0,0,0,0,28,21,2,2,53,0,0,0,53
01/22/2015,COS,CO,ANM,WE,Combined TRACON& Tower with Radar,36,27,22,18,103,0,2,13,17,32,36,29,35,35,135,106,138,244,379
01/23/2015,COS,CO,ANM,WE,Combined TRACON& Tower with Radar,32,28,25,48,133,0,2,52,28,82,32,30,77,76,215,102,134,236,451
01/24/2015,COS,CO,ANM,WE,Combined TRACON& Tower with Radar,27,28,24,11,90,0,0,90,34,124,27,28,114,45,214,184,138,322,536
01/25/2015,COS,CO,ANM,WE,Combined TRACON& Tower with Radar,26,20,22,12,80,0,0,57,7,64,26,20,79,19,144,88,20,108,252
01/26/2015,COS,CO,ANM,WE,Combined TRACON& Tower with Radar,32,25,22,39,118,0,0,67,26,93,32,25,89,65,211,68,184,252,463
01/27/2015,COS,CO,ANM,WE,Combined TRACON& Tower with Radar,26,29,29,21,105,0,3,54,34,91,26,32,83,55,196,58,158,216,412
01/28/2015,COS,CO,ANM,WE,Combined TRACON& Tower with Radar,26,25,18,15,84,0,1,12,29,42,26,26,30,44,126,32,102,134,260
01/29/2015,COS,CO,ANM,WE,Combined TRACON& Tower with Radar,31,30,23,46,130,0,4,40,44,88,31,34,63,90,218,90,206,296,514
01/30/2015,COS,CO,ANM,WE,Combined TRACON& Tower with Radar,37,29,13,31,110,0,0,30,34,64,37,29,43,65,174,96,136,232,406
01/31/2015,COS,CO,ANM,WE,Combined TRACON& Tower with Radar,24,20,11,9,64,0,0,16,6,22,24,20,27,15,86,46,0,46,132
02/01/2015,COS,CO,ANM,WE,Combined TRACON& Tower with Radar,23,25,21,5,74,0,0,11,0,11,23,25,32,5,85,50,0,50,135
02/02/2015,COS,CO,ANM,WE,Combined TRACON& Tower with Radar,29,27,23,18,97,0,6,47,28,81,29,33,70,46,178,72,122,194,372
02/03/2015,COS,CO,ANM,WE,Combined TRACON& Tower with Radar,24,30,27,28,109,0,3,45,31,79,24,33,72,59,188,62,208,270,458
02/04/2015,COS,CO,ANM,WE,Combined TRACON& Tower with Radar,29,26,17,15,87,0,2,0,1,3,29,28,17,16,90,6,4,10,100
02/05/2015,COS,CO,ANM,WE,Combined TRACON& Tower with Radar,34,25,20,50,129,0,5,48,39,92,34,30,68,89,221,68,236,304,525
02/06/2015,COS,CO,ANM,WE,Combined TRACON& Tower with Radar,34,25,24,28,111,0,0,64,32,96,34,25,88,60,207,112,210,322,529
02/07/2015,COS,CO,ANM,WE,Combined TRACON& Tower with Radar,24,20,18,6,68,0,3,66,7,76,24,23,84,13,144,64,48,112,256
02/08/2015,COS,CO,ANM,WE,Combined TRACON& Tower with Radar,29,24,12,17,82,0,0,60,6,66,29,24,72,23,148,106,22,128,276
02/09/2015,COS,CO,ANM,WE,Combined TRACON& Tower with Radar,29,25,34,36,124,0,0,52,36,88,29,25,86,72,212,112,120,232,444
02/10/2015,COS,CO,ANM,WE,Combined TRACON& Tower with Radar,24,26,18,29,97,0,1,23,28,52,24,27,41,57,149,46,122,168,317
02/11/2015,COS,CO,ANM,WE,Combined TRACON& Tower with Radar,27,26,18,25,96,0,1,11,9,21,27,27,29,34,117,85,70,155,272
02/12/2015,COS,CO,ANM,WE,Combined TRACON& Tower with Radar,39,26,26,28,119,0,10,55,16,81,39,36,81,44,200,194,190,384,584
02/13/2015,COS,CO,ANM,WE,Combined TRACON& Tower with Radar,42,28,30,7,107,0,0,62,11,73,42,28,92,18,180,92,44,136,316
02/14/2015,COS,CO,ANM,WE,Combined TRACON& Tower with Radar,26,20,17,20,83,0,2,100,9,111,26,22,117,29,194,160,16,176,370
02/15/2015,COS,CO,ANM,WE,Combined TRACON& Tower with Radar,26,22,24,6,78,0,1,0,0,1,26,23,24,6,79,4,0,4,83
02/16/2015,COS,CO,ANM,WE,Combined TRACON& Tower with Radar,41,33,14,7,95,0,1,0,0,1,41,34,14,7,96,4,0,4,100
02/17/2015,COS,CO,ANM,WE,Combined TRACON& Tower with Radar,32,45,22,23,122,0,2,29,20,51,32,47,51,43,173,102,226,328,501
02/18/2015,COS,CO,ANM,WE,Combined TRACON& Tower with Radar,31,29,12,45,117,0,3,50,26,79,31,32,62,71,196,54,164,218,414
02/19/2015,COS,CO,ANM,WE,Combined TRACON& Tower with Radar,35,29,16,24,104,0,1,41,17,59,35,30,57,41,163,86,68,154,317
02/20/2015,COS,CO,ANM,WE,Combined TRACON& Tower with Radar,42,28,21,14,105,0,3,39,5,47,42,31,60,19,152,86,6,92,244
02/21/2015,COS,CO,ANM,WE,Combined TRACON& Tower with Radar,28,17,8,0,53,0,0,0,0,0,28,17,8,0,53,86,6,92,145
02/22/2015,COS,CO,ANM,WE,Combined TRACON& Tower with Radar,25,19,4,8,56,0,0,0,0,0,25,19,4,8,56,0,0,0,56
02/23/2015,COS,CO,ANM,WE,Combined TRACON& Tower with Radar,34,40,5,14,93,0,3,0,2,5,34,43,5,16,98,4,18,22,120
02/24/2015,COS,CO,ANM,WE,Combined TRACON& Tower with Radar,32,29,20,26,107,0,2,59,14,75,32,31,79,40,182,166,136,302,484
02/25/2015,COS,CO,ANM,WE,Combined TRACON& Tower with Radar,35,27,21,25,108,0,2,13,8,23,35,29,34,33,131,24,30,54,185
02/26/2015,COS,CO,ANM,WE,Combined TRACON& Tower with Radar,40,16,5,16,77,0,0,0,0,0,40,16,5,16,77,0,0,0,77
02/27/2015,COS,CO,ANM,WE,Combined TRACON& Tower with Radar,33,27,16,10,86,0,0,0,0,0,33,27,16,10,86,0,0,0,86
02/28/2015,COS,CO,ANM,WE,Combined TRACON& Tower with Radar,30,28,10,8,76,0,0,22,2,24,30,28,32,10,100,58,8,66,166
03/01/2015,COS,CO,ANM,WE,Combined TRACON& Tower with Radar,30,26,23,10,89,0,0,11,0,11,30,26,34,10,100,88,0,88,188
03/02/2015,COS,CO,ANM,WE,Combined TRACON& Tower with Radar,40,25,19,12,96,0,4,6,22,32,40,29,25,34,128,0,0,0,128
03/03/2015,COS,CO,ANM,WE,Combined TRACON& Tower with Radar,32,21,14,13,80,0,0,5,4,9,32,21,19,17,89,2,32,34,123
03/04/2015,COS,CO,ANM,WE,Combined TRACON& Tower with Radar,28,30,16,8,82,0,1,0,0,1,28,31,16,8,83,0,0,0,83
03/05/2015,COS,CO,ANM,WE,Combined TRACON& Tower with Radar,30,27,29,41,127,0,2,50,19,71,30,29,79,60,198,84,114,198,396
03/06/2015,COS,CO,ANM,WE,Combined TRACON& Tower with Radar,31,30,24,48,133,0,6,77,24,107,31,36,101,72,240,176,176,352,592
03/07/2015,COS,CO,ANM,WE,Combined TRACON& Tower with Radar,31,27,15,33,106,0,4,89,13,106,31,31,104,46,212,180,66,246,458
03/08/2015,COS,CO,ANM,WE,Combined TRACON& Tower with Radar,27,21,26,15,89,0,2,64,8,74,27,23,90,23,163,94,10,104,267
03/09/2015,COS,CO,ANM,WE,Combined TRACON& Tower with Radar,32,21,22,37,112,0,2,52,20,74,32,23,74,57,186,82,124,206,392
03/10/2015,COS,CO,ANM,WE,Combined TRACON& Tower with Radar,32,27,14,23,96,0,2,65,60,127,32,29,79,83,223,128,232,360,583
03/11/2015,COS,CO,ANM,WE,Combined TRACON& Tower with Radar,31,28,30,39,128,0,2,61,55,118,31,30,91,94,246,150,270,420,666
03/12/2015,COS,CO,ANM,WE,Combined TRACON& Tower with Radar,33,27,23,81,164,0,0,60,43,103,33,27,83,124,267,80,218,298,565
03/13/2015,COS,CO,ANM,WE,Combined TRACON& Tower with Radar,34,27,23,25,109,0,3,30,32,65,34,30,53,57,174,18,122,140,314
03/14/2015,COS,CO,ANM,WE,Combined TRACON& Tower with Radar,31,16,28,23,98,0,1,117,7,125,31,17,145,30,223,142,18,160,383
03/15/2015,COS,CO,ANM,WE,Combined TRACON& Tower with Radar,30,27,22,10,89,0,0,59,1,60,30,27,81,11,149,64,12,76,225
03/16/2015,COS,CO,ANM,WE,Combined TRACON& Tower with Radar,34,25,27,26,112,0,6,49,31,86,34,31,76,57,198,96,221,317,515
03/17/2015,COS,CO,ANM,WE,Combined TRACON& Tower with Radar,33,27,27,25,112,0,2,2,6,10,33,29,29,31,122,14,12,26,148
03/18/2015,COS,CO,ANM,WE,Combined TRACON& Tower with Radar,33,26,20,27,106,0,5,34,23,62,33,31,54,50,168,110,158,268,436
03/19/2015,COS,CO,ANM,WE,Combined TRACON& Tower with Radar,34,23,13,16,86,0,2,3,0,5,34,25,16,16,91,0,34,34,125
03/20/2015,COS,CO,ANM,WE,Combined TRACON& Tower with Radar,32,24,29,34,119,0,9,77,27,113,32,33,106,61,232,150,154,304,536
03/21/2015,COS,CO,ANM,WE,Combined TRACON& Tower with Radar,30,21,14,19,84,0,8,93,11,112,30,29,107,30,196,126,2,128,324
03/22/2015,COS,CO,ANM,WE,Combined TRACON& Tower with Radar,31,23,18,14,86,0,3,62,16,81,31,26,80,30,167,42,2,44,211
03/23/2015,COS,CO,ANM,WE,Combined TRACON& Tower with Radar,36,25,14,12,87,0,10,26,20,56,36,35,40,32,143,36,58,94,237
03/24/2015,COS,CO,ANM,WE,Combined TRACON& Tower with Radar,31,25,31,9,96,0,4,24,12,40,31,29,55,21,136,38,38,76,212
03/25/2015,COS,CO,ANM,WE,Combined TRACON& Tower with Radar,33,23,18,16,90,0,4,12,7,23,33,27,30,23,113,10,66,76,189
03/26/2015,COS,CO,ANM,WE,Combined TRACON& Tower with Radar,35,32,38,15,120,0,2,61,15,78,35,34,99,30,198,64,36,100,298
03/27/2015,COS,CO,ANM,WE,Combined TRACON& Tower with Radar,40,24,26,20,110,0,5,70,13,88,40,29,96,33,198,136,70,206,404
03/28/2015,COS,CO,ANM,WE,Combined TRACON& Tower with Radar,34,23,27,18,102,0,1,87,9,97,34,24,114,27,199,98,18,116,315
03/29/2015,COS,CO,ANM,WE,Combined TRACON& Tower with Radar,27,23,26,21,97,0,4,39,7,50,27,27,65,28,147,60,0,60,207
03/30/2015,COS,CO,ANM,WE,Combined TRACON& Tower with Radar,34,24,18,21,97,0,0,28,36,64,34,24,46,57,161,64,192,256,417
03/31/2015,COS,CO,ANM,WE,Combined TRACON& Tower with Radar,31,23,26,20,100,0,5,47,43,95,31,28,73,63,195,110,282,392,587
04/01/2015,COS,CO,ANM,WE,Combined TRACON& Tower with Radar,43,34,30,16,123,0,2,30,29,61,43,36,60,45,184,64,144,208,392
04/02/2015,COS,CO,ANM,WE,Combined TRACON& Tower with Radar,37,25,18,18,98,0,1,3,0,4,37,26,21,18,102,12,30,42,144
04/03/2015,COS,CO,ANM,WE,Combined TRACON& Tower with Radar,36,27,18,20,101,0,3,44,32,79,36,30,62,52,180,118,214,332,512
04/04/2015,COS,CO,ANM,WE,Combined TRACON& Tower with Radar,27,17,15,21,80,0,6,81,14,101,27,23,96,35,181,132,26,158,339
04/05/2015,COS,CO,ANM,WE,Combined TRACON& Tower with Radar,27,21,10,9,67,0,2,24,0,26,27,23,34,9,93,18,20,38,131
04/06/2015,COS,CO,ANM,WE,Combined TRACON& Tower with Radar,33,30,26,14,103,0,8,28,26,62,33,38,54,40,165,98,122,220,385
04/07/2015,COS,CO,ANM,WE,Combined TRACON& Tower with Radar,33,30,28,23,114,0,6,25,30,61,33,36,53,53,175,36,186,222,397
04/08/2015,COS,CO,ANM,WE,Combined TRACON& Tower with Radar,29,30,32,31,122,0,4,17,29,50,29,34,49,60,172,38,156,194,366
04/09/2015,COS,CO,ANM,WE,Combined TRACON& Tower with Radar,33,26,26,31,116,0,2,32,41,75,33,28,58,72,191,56,240,296,487
04/10/2015,COS,CO,ANM,WE,Combined TRACON& Tower with Radar,37,31,20,22,110,0,5,50,23,78,37,36,70,45,188,102,112,214,402
04/11/2015,COS,CO,ANM,WE,Combined TRACON& Tower with Radar,26,20,21,6,73,0,2,92,7,101,26,22,113,13,174,114,12,126,300
04/12/2015,COS,CO,ANM,WE,Combined TRACON& Tower with Radar,30,23,19,20,92,0,2,43,1,46,30,25,62,21,138,8,10,18,156
04/13/2015,COS,CO,ANM,WE,Combined TRACON& Tower with Radar,35,28,25,39,127,0,3,24,30,57,35,31,49,69,184,100,220,320,504
04/14/2015,COS,CO,ANM,WE,Combined TRACON& Tower with Radar,34,25,32,28,119,0,2,50,24,76,34,27,82,52,195,62,134,196,391
04/15/2015,COS,CO,ANM,WE,Combined TRACON& Tower with Radar,34,25,14,15,88,0,2,20,24,46,34,27,34,39,134,10,144,154,288
04/16/2015,COS,CO,ANM,WE,Combined TRACON& Tower with Radar,33,24,13,27,97,0,1,0,0,1,33,25,13,27,98,0,24,24,122
04/17/2015,COS,CO,ANM,WE,Combined TRACON& Tower with Radar,54,39,33,21,147,0,1,7,11,19,54,40,40,32,166,22,10,32,198
04/18/2015,COS,CO,ANM,WE,Combined TRACON& Tower with Radar,25,25,18,9,77,0,2,27,4,33,25,27,45,13,110,80,6,86,196
04/19/2015,COS,CO,ANM,WE,Combined TRACON& Tower with Radar,29,23,20,18,90,0,2,10,2,14,29,25,30,20,104,30,0,30,134
04/20/2015,COS,CO,ANM,WE,Combined TRACON& Tower with Radar,32,27,13,11,83,0,0,41,16,57,32,27,54,27,140,140,116,256,396
04/21/2015,COS,CO,ANM,WE,Combined TRACON& Tower with Radar,29,29,11,29,98,0,0,48,19,67,29,29,59,48,165,146,110,256,421
04/22/2015,COS,CO,ANM,WE,Combined TRACON& Tower with Radar,31,31,24,22,108,0,3,36,14,53,31,34,60,36,161,90,36,126,287
04/23/2015,COS,CO,ANM,WE,Combined TRACON& Tower with Radar,38,24,12,36,110,0,1,43,20,64,38,25,55,56,174,118,120,238,412
04/24/2015,COS,CO,ANM,WE,Combined TRACON& Tower with Radar,43,33,29,45,150,0,6,37,9,52,43,39,66,54,202,78,100,178,380
04/25/2015,COS,CO,ANM,WE,Combined TRACON& Tower with Radar,26,22,18,6,72,0,2,76,28,106,26,24,94,34,178,104,28,132,310
04/26/2015,COS,CO,ANM,WE,Combined TRACON& Tower with Radar,28,22,9,14,73,0,0,0,0,0,28,22,9,14,73,0,0,0,73
04/27/2015,COS,CO,ANM,WE,Combined TRACON& Tower with Radar,32,23,17,9,81,0,0,2,12,14,32,23,19,21,95,0,73,73,168
04/28/2015,COS,CO,ANM,WE,Combined TRACON& Tower with Radar,30,29,22,27,108,0,2,46,21,69,30,31,68,48,177,144,134,278,455
04/29/2015,COS,CO,ANM,WE,Combined TRACON& Tower with Radar,34,33,28,29,124,0,4,54,17,75,34,37,82,46,199,66,102,168,367
04/30/2015,COS,CO,ANM,WE,Combined TRACON& Tower with Radar,40,26,28,25,119,0,4,86,22,112,40,30,114,47,231,162,70,232,463
05/01/2015,COS,CO,ANM,WE,Combined TRACON& Tower with Radar,33,26,30,38,127,0,3,31,15,49,33,29,61,53,176,50,60,110,286
05/02/2015,COS,CO,ANM,WE,Combined TRACON& Tower with Radar,31,19,16,27,93,0,7,86,15,108,31,26,102,42,201,122,20,142,343
05/03/2015,COS,CO,ANM,WE,Combined TRACON& Tower with Radar,32,27,20,22,101,0,2,41,8,51,32,29,61,30,152,84,12,96,248
05/04/2015,COS,CO,ANM,WE,Combined TRACON& Tower with Radar,32,22,13,24,91,0,0,25,24,49,32,22,38,48,140,24,84,108,248
05/05/2015,COS,CO,ANM,WE,Combined TRACON& Tower with Radar,29,30,17,26,102,0,0,0,1,1,29,30,17,27,103,0,0,0,103
05/06/2015,COS,CO,ANM,WE,Combined TRACON& Tower with Radar,39,26,34,24,123,0,5,4,10,19,39,31,38,34,142,60,10,70,212
05/07/2015,COS,CO,ANM,WE,Combined TRACON& Tower with Radar,47,20,32,17,116,0,4,12,12,28,47,24,44,29,144,72,4,76,220
05/08/2015,COS,CO,ANM,WE,Combined TRACON& Tower with Radar,47,27,5,27,106,0,0,1,0,1,47,27,6,27,107,0,0,0,107
05/09/2015,COS,CO,ANM,WE,Combined TRACON& Tower with Radar,38,12,11,9,70,0,1,1,0,2,38,13,12,9,72,0,4,4,76
05/10/2015,COS,CO,ANM,WE,Combined TRACON& Tower with Radar,31,14,10,5,60,0,4,8,5,17,31,18,18,10,77,0,8,8,85
05/11/2015,COS,CO,ANM,WE,Combined TRACON& Tower with Radar,41,19,31,20,111,0,13,35,38,86,41,32,66,58,197,70,158,228,425
05/12/2015,COS,CO,ANM,WE,Combined TRACON& Tower with Radar,42,18,26,23,109,0,8,33,41,82,42,26,59,64,191,52,130,182,373
05/13/2015,COS,CO,ANM,WE,Combined TRACON& Tower with Radar,40,32,28,45,145,1,11,23,28,63,41,43,51,73,208,86,100,186,394
05/14/2015,COS,CO,ANM,WE,Combined TRACON& Tower with Radar,67,25,37,38,167,0,1,61,35,97,67,26,98,73,264,134,128,262,526
05/15/2015,COS,CO,ANM,WE,Combined TRACON& Tower with Radar,51,25,32,56,164,0,6,35,26,67,51,31,67,82,231,48,70,118,349
05/16/2015,COS,CO,ANM,WE,Combined TRACON& Tower with Radar,39,31,28,27,125,0,5,66,31,102,39,36,94,58,227,74,78,152,379
05/17/2015,COS,CO,ANM,WE,Combined TRACON& Tower with Radar,43,22,20,19,104,0,4,58,27,89,43,26,78,46,193,114,2,116,309
05/18/2015,COS,CO,ANM,WE,Combined TRACON& Tower with Radar,46,20,21,21,108,0,1,7,4,12,46,21,28,25,120,0,0,0,120
05/19/2015,COS,CO,ANM,WE,Combined TRACON& Tower with Radar,44,25,21,28,118,0,0,2,0,2,44,25,23,28,120,0,0,0,120
05/20/2015,COS,CO,ANM,WE,Combined TRACON& Tower with Radar,44,20,33,44,141,0,1,2,3,6,44,21,35,47,147,0,24,24,171
05/21/2015,COS,CO,ANM,WE,Combined TRACON& Tower with Radar,48,20,27,22,117,0,0,0,0,0,48,20,27,22,117,0,10,10,127
05/22/2015,COS,CO,ANM,WE,Combined TRACON& Tower with Radar,51,27,55,9,142,0,0,28,7,35,51,27,83,16,177,142,18,160,337
05/23/2015,COS,CO,ANM,WE,Combined TRACON& Tower with Radar,42,23,27,4,96,0,2,19,2,23,42,25,46,6,119,220,16,236,355
05/24/2015,COS,CO,ANM,WE,Combined TRACON& Tower with Radar,38,10,15,1,64,0,2,30,4,36,38,12,45,5,100,144,6,150,250
05/25/2015,COS,CO,ANM,WE,Combined TRACON& Tower with Radar,48,20,20,8,96,0,2,48,1,51,48,22,68,9,147,106,16,122,269
05/26/2015,COS,CO,ANM,WE,Combined TRACON& Tower with Radar,37,25,34,19,115,0,2,44,30,76,37,27,78,49,191,36,82,118,309
05/27/2015,COS,CO,ANM,WE,Combined TRACON& Tower with Radar,36,25,44,29,134,0,4,67,22,93,36,29,111,51,227,42,98,140,367
05/28/2015,COS,CO,ANM,WE,Combined TRACON& Tower with Radar,45,21,35,19,120,0,0,34,9,43,45,21,69,28,163,22,68,90,253
05/29/2015,COS,CO,ANM,WE,Combined TRACON& Tower with Radar,46,28,27,32,133,0,2,48,7,57,46,30,75,39,190,56,22,78,268
05/30/2015,COS,CO,ANM,WE,Combined TRACON& Tower with Radar,40,17,34,14,105,0,2,68,3,73,40,19,102,17,178,108,24,132,310
05/31/2015,COS,CO,ANM,WE,Combined TRACON& Tower with Radar,40,25,58,11,134,0,2,64,1,67,40,27,122,12,201,95,68,163,364
06/01/2015,COS,CO,ANM,WE,Combined TRACON& Tower with Radar,49,33,31,7,120,0,2,35,45,82,49,35,66,52,202,28,200,228,430
06/02/2015,COS,CO,ANM,WE,Combined TRACON& Tower with Radar,40,25,45,30,140,0,2,46,57,105,40,27,91,87,245,68,276,344,589
06/03/2015,COS,CO,ANM,WE,Combined TRACON& Tower with Radar,43,42,46,40,171,0,4,31,62,97,43,46,77,102,268,48,298,346,614
06/04/2015,COS,CO,ANM,WE,Combined TRACON& Tower with Radar,54,37,25,24,140,0,6,31,44,81,54,43,56,68,221,100,270,370,591
06/05/2015,COS,CO,ANM,WE,Combined TRACON& Tower with Radar,56,32,45,24,157,0,5,26,23,54,56,37,71,47,211,56,104,160,371
06/06/2015,COS,CO,ANM,WE,Combined TRACON& Tower with Radar,40,30,13,17,100,0,6,73,10,89,40,36,86,27,189,182,28,210,399
06/07/2015,COS,CO,ANM,WE,Combined TRACON& Tower with Radar,57,32,25,17,131,0,4,55,8,67,57,36,80,25,198,134,12,146,344
06/08/2015,COS,CO,ANM,WE,Combined TRACON& Tower with Radar,46,25,34,27,132,0,4,67,46,117,46,29,101,73,249,86,114,200,449
06/09/2015,COS,CO,ANM,WE,Combined TRACON& Tower with Radar,67,32,33,22,154,0,1,50,57,108,67,33,83,79,262,100,248,348,610
06/10/2015,COS,CO,ANM,WE,Combined TRACON& Tower with Radar,44,23,37,22,126,0,4,47,64,115,44,27,84,86,241,92,284,376,617
06/11/2015,COS,CO,ANM,WE,Combined TRACON& Tower with Radar,41,24,41,27,133,0,3,31,39,73,41,27,72,66,206,74,230,304,510
06/12/2015,COS,CO,ANM,WE,Combined TRACON& Tower with Radar,52,21,34,11,118,0,2,15,16,33,52,23,49,27,151,90,90,180,331
06/13/2015,COS,CO,ANM,WE,Combined TRACON& Tower with Radar,54,23,32,7,116,0,5,89,8,102,54,28,121,15,218,166,26,192,410
06/14/2015,COS,CO,ANM,WE,Combined TRACON& Tower with Radar,41,29,30,6,106,0,1,47,1,49,41,30,77,7,155,116,0,116,271
06/15/2015,COS,CO,ANM,WE,Combined TRACON& Tower with Radar,38,27,42,33,140,0,3,44,56,103,38,30,86,89,243,136,350,486,729
06/16/2015,COS,CO,ANM,WE,Combined TRACON& Tower with Radar,57,33,35,22,147,0,2,27,41,70,57,35,62,63,217,60,170,230,447
06/17/2015,COS,CO,ANM,WE,Combined TRACON& Tower with Radar,42,29,32,32,135,0,6,37,48,91,42,35,69,80,226,86,340,426,652
06/18/2015,COS,CO,ANM,WE,Combined TRACON& Tower with Radar,41,28,55,21,145,0,3,53,30,86,41,31,108,51,231,36,210,246,477
06/19/2015,COS,CO,ANM,WE,Combined TRACON& Tower with Radar,52,22,48,21,143,0,4,76,3,83,52,26,124,24,226,126,0,126,352
06/20/2015,COS,CO,ANM,WE,Combined TRACON& Tower with Radar,38,29,31,15,113,0,4,74,11,89,38,33,105,26,202,132,0,132,334
06/21/2015,COS,CO,ANM,WE,Combined TRACON& Tower with Radar,40,20,17,5,82,0,2,50,10,62,40,22,67,15,144,82,2,84,228
06/22/2015,COS,CO,ANM,WE,Combined TRACON& Tower with Radar,51,23,32,22,128,0,3,35,64,102,51,26,67,86,230,94,272,366,596
06/23/2015,COS,CO,ANM,WE,Combined TRACON& Tower with Radar,46,21,33,27,127,0,6,32,37,75,46,27,65,64,202,22,178,200,402
06/24/2015,COS,CO,ANM,WE,Combined TRACON& Tower with Radar,54,25,41,27,147,0,11,39,69,119,54,36,80,96,266,76,298,374,640
06/25/2015,COS,CO,ANM,WE,Combined TRACON& Tower with Radar,49,28,29,33,139,0,8,74,64,146,49,36,103,97,285,146,294,440,725
06/26/2015,COS,CO,ANM,WE,Combined TRACON& Tower with Radar,47,20,33,30,130,0,6,52,45,103,47,26,85,75,233,118,230,348,581
06/27/2015,COS,CO,ANM,WE,Combined TRACON& Tower with Radar,40,22,19,21,102,0,10,99,6,115,40,32,118,27,217,106,48,154,371
06/28/2015,COS,CO,ANM,WE,Combined TRACON& Tower with Radar,42,20,42,5,109,0,2,50,1,53,42,22,92,6,162,62,0,62,224
06/29/2015,COS,CO,ANM,WE,Combined TRACON& Tower with Radar,48,19,36,30,133,0,2,79,45,126,48,21,115,75,259,72,268,340,599
06/30/2015,COS,CO,ANM,WE,Combined TRACON& Tower with Radar,43,19,34,27,123,0,3,51,51,105,43,22,85,78,228,60,221,281,509
07/01/2015,COS,CO,ANM,WE,Combined TRACON& Tower with Radar,39,20,35,35,129,0,1,43,59,103,39,21,78,94,232,52,272,324,556
07/02/2015,COS,CO,ANM,WE,Combined TRACON& Tower with Radar,57,48,42,10,157,0,2,48,66,116,57,50,90,76,273,96,246,342,615
07/03/2015,COS,CO,ANM,WE,Combined TRACON& Tower with Radar,39,18,24,1,82,0,0,83,2,85,39,18,107,3,167,114,18,132,299
07/04/2015,COS,CO,ANM,WE,Combined TRACON& Tower with Radar,33,12,13,0,58,0,6,53,0,59,33,18,66,0,117,90,4,94,211
07/05/2015,COS,CO,ANM,WE,Combined TRACON& Tower with Radar,39,20,30,1,90,0,2,41,1,44,39,22,71,2,134,102,26,128,262
07/06/2015,COS,CO,ANM,WE,Combined TRACON& Tower with Radar,43,32,32,19,126,0,3,9,30,42,43,35,41,49,168,24,134,158,326
07/07/2015,COS,CO,ANM,WE,Combined TRACON& Tower with Radar,47,23,35,35,140,0,0,0,0,0,47,23,35,35,140,0,0,0,140
07/08/2015,COS,CO,ANM,WE,Combined TRACON& Tower with Radar,38,20,33,61,152,0,0,2,4,6,38,20,35,65,158,0,110,110,268
07/09/2015,COS,CO,ANM,WE,Combined TRACON& Tower with Radar,49,30,34,34,147,0,0,17,14,31,49,30,51,48,178,50,92,142,320
07/10/2015,COS,CO,ANM,WE,Combined TRACON& Tower with Radar,50,26,51,36,163,0,15,126,38,179,50,41,177,74,342,178,132,310,652
07/11/2015,COS,CO,ANM,WE,Combined TRACON& Tower with Radar,44,25,38,13,120,0,14,108,17,139,44,39,146,30,259,150,58,208,467
07/12/2015,COS,CO,ANM,WE,Combined TRACON& Tower with Radar,38,21,47,10,116,0,4,83,2,89,38,25,130,12,205,94,32,126,331
07/13/2015,COS,CO,ANM,WE,Combined TRACON& Tower with Radar,43,21,31,30,125,0,5,33,72,110,43,26,64,102,235,60,294,354,589
07/14/2015,COS,CO,ANM,WE,Combined TRACON& Tower with Radar,56,19,18,24,117,0,4,44,61,109,56,23,62,85,226,76,216,292,518
07/15/2015,COS,CO,ANM,WE,Combined TRACON& Tower with Radar,50,30,52,24,156,0,1,71,60,132,50,31,123,84,288,56,252,308,596
07/16/2015,COS,CO,ANM,WE,Combined TRACON& Tower with Radar,45,26,37,17,125,0,0,85,63,148,45,26,122,80,273,98,302,400,673
07/17/2015,COS,CO,ANM,WE,Combined TRACON& Tower with Radar,45,29,46,15,135,0,3,61,47,111,45,32,107,62,246,84,238,322,568
07/18/2015,COS,CO,ANM,WE,Combined TRACON& Tower with Radar,34,23,27,18,102,0,4,96,4,104,34,27,123,22,206,196,12,208,414
07/19/2015,COS,CO,ANM,WE,Combined TRACON& Tower with Radar,38,25,43,5,111,0,6,34,4,44,38,31,77,9,155,94,8,102,257
07/20/2015,COS,CO,ANM,WE,Combined TRACON& Tower with Radar,42,26,16,15,99,0,4,67,43,114,42,30,83,58,213,24,238,262,475
07/21/2015,COS,CO,ANM,WE,Combined TRACON& Tower with Radar,44,29,30,13,116,0,3,55,52,110,44,32,85,65,226,90,350,440,666
07/22/2015,COS,CO,ANM,WE,Combined TRACON& Tower with Radar,39,27,22,19,107,0,1,75,59,135,39,28,97,78,242,168,302,470,712
07/23/2015,COS,CO,ANM,WE,Combined TRACON& Tower with Radar,44,28,30,29,131,0,6,94,54,154,44,34,124,83,285,204,248,452,737
07/24/2015,COS,CO,ANM,WE,Combined TRACON& Tower with Radar,48,25,43,17,133,0,2,74,49,125,48,27,117,66,258,126,196,322,580
07/25/2015,COS,CO,ANM,WE,Combined TRACON& Tower with Radar,39,17,36,4,96,0,4,78,7,89,39,21,114,11,185,112,0,112,297
07/26/2015,COS,CO,ANM,WE,Combined TRACON& Tower with Radar,22,20,6,2,50,0,2,22,1,25,22,22,28,3,75,92,0,92,167
07/27/2015,COS,CO,ANM,WE,Combined TRACON& Tower with Radar,48,17,30,14,109,0,1,53,34,88,48,18,83,48,197,50,140,190,387
07/28/2015,COS,CO,ANM,WE,Combined TRACON& Tower with Radar,40,22,21,23,106,0,5,56,28,89,40,27,77,51,195,50,242,292,487
07/29/2015,COS,CO,ANM,WE,Combined TRACON& Tower with Radar,41,19,36,20,116,0,11,58,38,107,41,30,94,58,223,132,264,396,619
07/30/2015,COS,CO,ANM,WE,Combined TRACON& Tower with Radar,42,21,40,23,126,0,1,81,26,108,42,22,121,49,234,188,192,380,614
07/31/2015,COS,CO,ANM,WE,Combined TRACON& Tower with Radar,45,35,52,21,153,0,1,68,20,89,45,36,120,41,242,124,104,228,470
08/01/2015,COS,CO,ANM,WE,Combined TRACON& Tower with Radar,38,23,25,11,97,0,2,70,0,72,38,25,95,11,169,110,28,138,307
08/02/2015,COS,CO,ANM,WE,Combined TRACON& Tower with Radar,40,27,39,16,122,0,4,41,4,49,40,31,80,20,171,55,50,105,276
08/03/2015,COS,CO,ANM,WE,Combined TRACON& Tower with Radar,44,20,35,17,116,0,5,45,1,51,44,25,80,18,167,38,30,68,235
08/04/2015,COS,CO,ANM,WE,Combined TRACON& Tower with Radar,43,23,41,17,124,0,2,71,181,254,43,25,112,198,378,66,76,142,520
08/05/2015,COS,CO,ANM,WE,Combined TRACON& Tower with Radar,42,24,43,43,152,0,7,61,23,91,42,31,104,66,243,128,76,204,447
08/06/2015,COS,CO,ANM,WE,Combined TRACON& Tower with Radar,43,24,51,32,150,0,0,105,32,137,43,24,156,64,287,100,148,248,535
08/07/2015,COS,CO,ANM,WE,Combined TRACON& Tower with Radar,30,11,36,23,100,0,3,59,19,81,30,14,95,42,181,90,104,194,375
08/08/2015,COS,CO,ANM,WE,Combined TRACON& Tower with Radar,21,11,5,13,50,0,0,118,0,118,21,11,123,13,168,197,30,227,395
08/09/2015,COS,CO,ANM,WE,Combined TRACON& Tower with Radar,56,35,35,10,136,0,2,63,5,70,56,37,98,15,206,106,12,118,324
08/10/2015,COS,CO,ANM,WE,Combined TRACON& Tower with Radar,43,16,29,13,101,0,1,24,10,35,43,17,53,23,136,46,62,108,244
08/11/2015,COS,CO,ANM,WE,Combined TRACON& Tower with Radar,60,27,30,13,130,0,5,25,19,49,60,32,55,32,179,102,68,170,349
08/12/2015,COS,CO,ANM,WE,Combined TRACON& Tower with Radar,38,26,52,27,143,0,0,54,18,72,38,26,106,45,215,190,86,276,491
08/13/2015,COS,CO,ANM,WE,Combined TRACON& Tower with Radar,43,33,49,20,145,0,0,73,25,98,43,33,122,45,243,80,102,182,425
08/14/2015,COS,CO,ANM,WE,Combined TRACON& Tower with Radar,42,34,46,24,146,0,6,57,25,88,42,40,103,49,234,78,128,206,440
08/15/2015,COS,CO,ANM,WE,Combined TRACON& Tower with Radar,40,26,30,17,113,0,2,69,7,78,40,28,99,24,191,188,10,198,389
08/16/2015,COS,CO,ANM,WE,Combined TRACON& Tower with Radar,39,28,41,18,126,0,7,51,6,64,39,35,92,24,190,76,8,84,274
08/17/2015,COS,CO,ANM,WE,Combined TRACON& Tower with Radar,40,25,43,9,117,0,1,34,9,44,40,26,77,18,161,42,52,94,255
08/18/2015,COS,CO,ANM,WE,Combined TRACON& Tower with Radar,43,15,38,21,117,0,5,34,58,97,43,20,72,79,214,70,204,274,488
08/19/2015,COS,CO,ANM,WE,Combined TRACON& Tower with Radar,39,27,49,29,144,0,3,57,44,104,39,30,106,73,248,80,208,288,536
08/20/2015,COS,CO,ANM,WE,Combined TRACON& Tower with Radar,48,18,33,27,126,0,4,67,29,100,48,22,100,56,226,94,132,226,452
08/21/2015,COS,CO,ANM,WE,Combined TRACON& Tower with Radar,48,28,35,26,137,0,1,43,25,69,48,29,78,51,206,68,136,204,410
08/22/2015,COS,CO,ANM,WE,Combined TRACON& Tower with Radar,34,23,25,8,90,0,14,69,16,99,34,37,94,24,189,64,22,86,275
08/23/2015,COS,CO,ANM,WE,Combined TRACON& Tower with Radar,42,16,33,3,94,0,3,25,10,38,42,19,58,13,132,61,0,61,193
08/24/2015,COS,CO,ANM,WE,Combined TRACON& Tower with Radar,45,22,36,27,130,0,1,49,23,73,45,23,85,50,203,130,62,192,395
08/25/2015,COS,CO,ANM,WE,Combined TRACON& Tower with Radar,38,25,31,14,108,0,4,45,23,72,38,29,76,37,180,100,88,188,368
08/26/2015,COS,CO,ANM,WE,Combined TRACON& Tower with Radar,60,22,26,23,131,0,3,49,29,81,60,25,75,52,212,100,170,270,482
08/27/2015,COS,CO,ANM,WE,Combined TRACON& Tower with Radar,46,19,36,31,132,0,3,30,34,67,46,22,66,65,199,50,140,190,389
08/28/2015,COS,CO,ANM,WE,Combined TRACON& Tower with Radar,47,19,47,40,153,0,5,84,27,116,47,24,131,67,269,68,156,224,493
08/29/2015,COS,CO,ANM,WE,Combined TRACON& Tower with Radar,30,20,15,6,71,0,1,93,13,107,30,21,108,19,178,222,28,250,428
08/30/2015,COS,CO,ANM,WE,Combined TRACON& Tower with Radar,40,17,35,2,94,0,0,86,5,91,40,17,121,7,185,140,0,140,325
08/31/2015,COS,CO,ANM,WE,Combined TRACON& Tower with Radar,47,20,24,5,96,0,4,42,18,64,47,24,66,23,160,90,116,206,366
09/01/2015,COS,CO,ANM,WE,Combined TRACON& Tower with Radar,40,16,35,14,105,0,3,43,29,75,40,19,78,43,180,80,166,246,426
09/02/2015,COS,CO,ANM,WE,Combined TRACON& Tower with Radar,40,17,30,15,102,0,7,55,29,91,40,24,85,44,193,102,88,190,383
09/03/2015,COS,CO,ANM,WE,Combined TRACON& Tower with Radar,46,16,54,21,137,0,0,62,39,101,46,16,116,60,238,46,92,138,376
09/04/2015,COS,CO,ANM,WE,Combined TRACON& Tower with Radar,47,21,44,7,119,0,3,94,10,107,47,24,138,17,226,106,26,132,358
09/05/2015,COS,CO,ANM,WE,Combined TRACON& Tower with Radar,36,17,24,2,79,0,2,66,10,78,36,19,90,12,157,138,68,206,363
09/06/2015,COS,CO,ANM,WE,Combined TRACON& Tower with Radar,28,8,30,3,69,0,2,54,3,59,28,10,84,6,128,106,34,140,268
09/07/2015,COS,CO,ANM,WE,Combined TRACON& Tower with Radar,41,13,45,4,103,0,0,78,2,80,41,13,123,6,183,50,22,72,255
09/08/2015,COS,CO,ANM,WE,Combined TRACON& Tower with Radar,43,24,52,18,137,0,3,56,29,88,43,27,108,47,225,140,158,298,523
09/09/2015,COS,CO,ANM,WE,Combined TRACON& Tower with Radar,67,19,113,43,242,0,6,43,28,77,67,25,156,71,319,124,198,322,641
09/10/2015,COS,CO,ANM,WE,Combined TRACON& Tower with Radar,44,19,83,21,167,0,6,71,24,101,44,25,154,45,268,96,112,208,476
09/11/2015,COS,CO,ANM,WE,Combined TRACON& Tower with Radar,42,16,79,29,166,0,3,31,11,45,42,19,110,40,211,121,144,265,476
09/12/2015,COS,CO,ANM,WE,Combined TRACON& Tower with Radar,34,20,67,23,144,0,9,90,21,120,34,29,157,44,264,218,52,270,534
09/13/2015,COS,CO,ANM,WE,Combined TRACON& Tower with Radar,39,21,86,42,188,0,1,64,15,80,39,22,150,57,268,82,70,152,420
09/14/2015,COS,CO,ANM,WE,Combined TRACON& Tower with Radar,42,14,30,34,120,0,4,38,33,75,42,18,68,67,195,112,114,226,421
09/15/2015,COS,CO,ANM,WE,Combined TRACON& Tower with Radar,38,13,14,55,120,0,4,27,37,68,38,17,41,92,188,44,116,160,348
09/16/2015,COS,CO,ANM,WE,Combined TRACON& Tower with Radar,42,16,38,41,137,0,0,43,24,67,42,16,81,65,204,48,46,94,298
09/17/2015,COS,CO,ANM,WE,Combined TRACON& Tower with Radar,43,27,46,60,176,0,2,57,44,103,43,29,103,104,279,62,162,224,503
09/18/2015,COS,CO,ANM,WE,Combined TRACON& Tower with Radar,49,18,36,32,135,0,0,29,16,45,49,18,65,48,180,16,40,56,236
09/19/2015,COS,CO,ANM,WE,Combined TRACON& Tower with Radar,40,15,19,10,84,0,2,68,13,83,40,17,87,23,167,106,14,120,287
09/20/2015,COS,CO,ANM,WE,Combined TRACON& Tower with Radar,40,20,34,41,135,0,0,68,2,70,40,20,102,43,205,132,26,158,363
09/21/2015,COS,CO,ANM,WE,Combined TRACON& Tower with Radar,43,28,32,24,127,0,5,52,26,83,43,33,84,50,210,48,83,131,341
09/22/2015,COS,CO,ANM,WE,Combined TRACON& Tower with Radar,36,19,31,27,113,0,3,37,27,67,36,22,68,54,180,46,78,124,304
09/23/2015,COS,CO,ANM,WE,Combined TRACON& Tower with Radar,36,16,17,43,112,0,0,48,50,98,36,16,65,93,210,42,182,224,434
09/24/2015,COS,CO,ANM,WE,Combined TRACON& Tower with Radar,47,38,60,18,163,0,4,71,13,88,47,42,131,31,251,72,96,168,419
09/25/2015,COS,CO,ANM,WE,Combined TRACON& Tower with Radar,46,29,72,28,175,0,3,169,5,177,46,32,241,33,352,80,34,114,466
09/26/2015,COS,CO,ANM,WE,Combined TRACON& Tower with Radar,32,21,48,24,125,0,4,496,3,503,32,25,544,27,628,26,0,26,654
09/27/2015,COS,CO,ANM,WE,Combined TRACON& Tower with Radar,42,33,51,10,136,0,5,146,5,156,42,38,197,15,292,98,0,98,390
09/28/2015,COS,CO,ANM,WE,Combined TRACON& Tower with Radar,44,15,33,21,113,0,1,59,19,79,44,16,92,40,192,76,50,126,318
09/29/2015,COS,CO,ANM,WE,Combined TRACON& Tower with Radar,41,19,30,32,122,0,1,36,15,52,41,20,66,47,174,124,146,270,444
09/30/2015,COS,CO,ANM,WE,Combined TRACON& Tower with Radar,44,17,33,13,107,0,2,33,9,44,44,19,66,22,151,42,72,114,265
10/01/2015,COS,CO,ANM,WE,Combined TRACON& Tower with Radar,55,22,33,26,136,0,0,33,2,35,55,22,66,28,171,56,12,68,239
10/02/2015,COS,CO,ANM,WE,Combined TRACON& Tower with Radar,51,30,43,41,165,0,0,0,0,0,51,30,43,41,165,0,0,0,165
10/03/2015,COS,CO,ANM,WE,Combined TRACON& Tower with Radar,33,43,65,6,147,0,2,12,6,20,33,45,77,12,167,36,28,64,231
10/04/2015,COS,CO,ANM,WE,Combined TRACON& Tower with Radar,40,23,44,19,126,0,0,5,5,10,40,23,49,24,136,28,38,66,202
10/05/2015,COS,CO,ANM,WE,Combined TRACON& Tower with Radar,48,26,31,17,122,0,2,18,8,28,48,28,49,25,150,126,52,178,328
10/06/2015,COS,CO,ANM,WE,Combined TRACON& Tower with Radar,47,48,53,13,161,0,2,32,16,50,47,50,85,29,211,120,106,226,437
10/07/2015,COS,CO,ANM,WE,Combined TRACON& Tower with Radar,46,23,48,35,152,0,3,38,43,84,46,26,86,78,236,66,250,316,552
10/08/2015,COS,CO,ANM,WE,Combined TRACON& Tower with Radar,48,18,31,33,130,0,9,59,24,92,48,27,90,57,222,114,48,162,384
10/09/2015,COS,CO,ANM,WE,Combined TRACON& Tower with Radar,46,22,46,17,131,0,7,57,44,108,46,29,103,61,239,126,140,266,505
10/10/2015,COS,CO,ANM,WE,Combined TRACON& Tower with Radar,32,16,36,22,106,0,3,101,13,117,32,19,137,35,223,96,8,104,327
10/11/2015,COS,CO,ANM,WE,Combined TRACON& Tower with Radar,42,21,34,1,98,0,1,65,7,73,42,22,99,8,171,118,32,150,321
10/12/2015,COS,CO,ANM,WE,Combined TRACON& Tower with Radar,44,20,29,9,102,0,1,55,2,58,44,21,84,11,160,161,10,171,331
10/13/2015,COS,CO,ANM,WE,Combined TRACON& Tower with Radar,41,13,27,25,106,0,1,50,22,73,41,14,77,47,179,226,213,439,618
10/14/2015,COS,CO,ANM,WE,Combined TRACON& Tower with Radar,46,24,35,27,132,0,2,62,36,100,46,26,97,63,232,116,134,250,482
10/15/2015,COS,CO,ANM,WE,Combined TRACON& Tower with Radar,48,34,72,43,197,0,2,27,22,51,48,36,99,65,248,44,132,176,424
10/16/2015,COS,CO,ANM,WE,Combined TRACON& Tower with Radar,46,42,65,24,177,0,2,50,10,62,46,44,115,34,239,72,48,120,359
10/17/2015,COS,CO,ANM,WE,Combined TRACON& Tower with Radar,32,13,33,16,94,0,4,161,17,182,32,17,194,33,276,159,44,203,479
10/18/2015,COS,CO,ANM,WE,Combined TRACON& Tower with Radar,39,21,34,12,106,0,2,64,7,73,39,23,98,19,179,94,18,112,291
10/19/2015,COS,CO,ANM,WE,Combined TRACON& Tower with Radar,44,18,26,22,110,0,10,42,25,77,44,28,68,47,187,122,180,302,489
10/20/2015,COS,CO,ANM,WE,Combined TRACON& Tower with Radar,44,16,22,16,98,0,4,38,36,78,44,20,60,52,176,50,126,176,352
10/21/2015,COS,CO,ANM,WE,Combined TRACON& Tower with Radar,54,24,36,28,142,0,0,0,0,0,54,24,36,28,142,14,66,80,222
10/22/2015,COS,CO,ANM,WE,Combined TRACON& Tower with Radar,47,21,25,43,136,0,1,16,7,24,47,22,41,50,160,56,146,202,362
10/23/2015,COS,CO,ANM,WE,Combined TRACON& Tower with Radar,47,21,22,38,128,0,1,23,8,32,47,22,45,46,160,58,24,82,242
10/24/2015,COS,CO,ANM,WE,Combined TRACON& Tower with Radar,36,13,22,18,89,0,6,98,17,121,36,19,120,35,210,256,66,322,532
10/25/2015,COS,CO,ANM,WE,Combined TRACON& Tower with Radar,36,23,29,18,106,0,3,68,2,73,36,26,97,20,179,160,18,178,357
10/26/2015,COS,CO,ANM,WE,Combined TRACON& Tower with Radar,41,20,22,33,116,0,0,20,34,54,41,20,42,67,170,106,180,286,456
10/27/2015,COS,CO,ANM,WE,Combined TRACON& Tower with Radar,37,21,19,31,108,0,3,34,28,65,37,24,53,59,173,66,108,174,347
10/28/2015,COS,CO,ANM,WE,Combined TRACON& Tower with Radar,41,28,23,40,132,0,9,50,30,89,41,37,73,70,221,116,144,260,481
10/29/2015,COS,CO,ANM,WE,Combined TRACON& Tower with Radar,40,28,36,41,145,0,2,56,34,92,40,30,92,75,237,98,74,172,409
10/30/2015,COS,CO,ANM,WE,Combined TRACON& Tower with Radar,44,27,12,7,90,0,2,19,19,40,44,29,31,26,130,62,60,122,252
10/31/2015,COS,CO,ANM,WE,Combined TRACON& Tower with Radar,34,15,26,10,85,0,2,82,2,86,34,17,108,12,171,140,46,186,357
11/01/2015,COS,CO,ANM,WE,Combined TRACON& Tower with Radar,36,17,17,25,95,0,2,56,6,64,36,19,73,31,159,100,0,100,259
11/02/2015,COS,CO,ANM,WE,Combined TRACON& Tower with Radar,36,20,29,29,114,0,8,36,20,64,36,28,65,49,178,24,132,156,334
11/03/2015,COS,CO,ANM,WE,Combined TRACON& Tower with Radar,37,20,25,37,119,0,2,26,30,58,37,22,51,67,177,66,116,182,359
11/04/2015,COS,CO,ANM,WE,Combined TRACON& Tower with Radar,41,24,30,26,121,0,1,16,19,36,41,25,46,45,157,30,124,154,311
11/05/2015,COS,CO,ANM,WE,Combined TRACON& Tower with Radar,39,34,27,20,120,0,1,16,12,29,39,35,43,32,149,84,66,150,299
11/06/2015,COS,CO,ANM,WE,Combined TRACON& Tower with Radar,44,33,30,28,135,0,11,50,21,82,44,44,80,49,217,78,96,174,391
11/07/2015,COS,CO,ANM,WE,Combined TRACON& Tower with Radar,35,24,24,37,120,0,9,85,15,109,35,33,109,52,229,206,18,224,453
11/08/2015,COS,CO,ANM,WE,Combined TRACON& Tower with Radar,36,26,31,20,113,0,5,72,7,84,36,31,103,27,197,196,12,208,405
11/09/2015,COS,CO,ANM,WE,Combined TRACON& Tower with Radar,43,25,16,9,93,0,0,36,10,46,43,25,52,19,139,56,64,120,259
11/10/2015,COS,CO,ANM,WE,Combined TRACON& Tower with Radar,35,22,19,20,96,0,3,33,11,47,35,25,52,31,143,22,128,150,293
11/11/2015,COS,CO,ANM,WE,Combined TRACON& Tower with Radar,35,30,11,10,86,0,1,7,2,10,35,31,18,12,96,34,0,34,130
11/12/2015,COS,CO,ANM,WE,Combined TRACON& Tower with Radar,42,29,37,22,130,0,2,54,30,86,42,31,91,52,216,138,114,252,468
11/13/2015,COS,CO,ANM,WE,Combined TRACON& Tower with Radar,44,24,29,25,122,0,6,66,29,101,44,30,95,54,223,108,70,178,401
11/14/2015,COS,CO,ANM,WE,Combined TRACON& Tower with Radar,32,17,26,44,119,0,0,79,18,97,32,17,105,62,216,284,28,312,528
11/15/2015,COS,CO,ANM,WE,Combined TRACON& Tower with Radar,39,16,28,28,111,0,0,41,8,49,39,16,69,36,160,76,28,104,264
11/16/2015,COS,CO,ANM,WE,Combined TRACON& Tower with Radar,34,21,19,23,97,0,3,22,11,36,34,24,41,34,133,78,130,208,341
11/17/2015,COS,CO,ANM,WE,Combined TRACON& Tower with Radar,35,17,10,1,63,0,1,2,0,3,35,18,12,1,66,0,0,0,66
11/18/2015,COS,CO,ANM,WE,Combined TRACON& Tower with Radar,33,25,29,15,102,0,0,9,9,18,33,25,38,24,120,0,0,0,120
11/19/2015,COS,CO,ANM,WE,Combined TRACON& Tower with Radar,40,30,31,26,127,0,3,56,26,85,40,33,87,52,212,140,120,260,472
11/20/2015,COS,CO,ANM,WE,Combined TRACON& Tower with Radar,39,34,20,15,108,0,1,9,7,17,39,35,29,22,125,2,46,48,173
11/21/2015,COS,CO,ANM,WE,Combined TRACON& Tower with Radar,32,22,19,14,87,0,2,54,3,59,32,24,73,17,146,200,0,200,346
11/22/2015,COS,CO,ANM,WE,Combined TRACON& Tower with Radar,33,17,16,13,79,0,2,65,4,71,33,19,81,17,150,146,40,186,336
11/23/2015,COS,CO,ANM,WE,Combined TRACON& Tower with Radar,31,18,15,23,87,0,0,62,32,94,31,18,77,55,181,114,161,275,456
11/24/2015,COS,CO,ANM,WE,Combined TRACON& Tower with Radar,31,23,34,14,102,0,4,55,22,81,31,27,89,36,183,36,114,150,333
11/25/2015,COS,CO,ANM,WE,Combined TRACON& Tower with Radar,46,24,20,3,93,0,2,43,10,55,46,26,63,13,148,130,54,184,332
11/26/2015,COS,CO,ANM,WE,Combined TRACON& Tower with Radar,20,9,3,0,32,0,0,0,0,0,20,9,3,0,32,0,0,0,32
11/27/2015,COS,CO,ANM,WE,Combined TRACON& Tower with Radar,33,18,10,0,61,0,0,0,0,0,33,18,10,0,61,0,0,0,61
11/28/2015,COS,CO,ANM,WE,Combined TRACON& Tower with Radar,41,31,14,0,86,0,0,0,0,0,41,31,14,0,86,0,0,0,86
11/29/2015,COS,CO,ANM,WE,Combined TRACON& Tower with Radar,46,21,22,0,89,0,0,0,0,0,46,21,22,0,89,0,0,0,89
11/30/2015,COS,CO,ANM,WE,Combined TRACON& Tower with Radar,49,19,19,21,108,0,3,18,4,25,49,22,37,25,133,16,12,28,161
12/01/2015,COS,CO,ANM,WE,Combined TRACON& Tower with Radar,36,37,25,28,126,0,3,36,15,54,36,40,61,43,180,76,94,170,350
12/02/2015,COS,CO,ANM,WE,Combined TRACON& Tower with Radar,38,24,31,27,120,0,2,60,20,82,38,26,91,47,202,168,82,250,452
12/03/2015,COS,CO,ANM,WE,Combined TRACON& Tower with Radar,41,29,13,20,103,0,10,47,20,77,41,39,60,40,180,86,46,132,312
12/04/2015,COS,CO,ANM,WE,Combined TRACON& Tower with Radar,44,26,24,17,111,0,9,70,28,107,44,35,94,45,218,90,86,176,394
12/05/2015,COS,CO,ANM,WE,Combined TRACON& Tower with Radar,31,20,17,17,85,0,4,27,6,37,31,24,44,23,122,80,0,80,202
12/06/2015,COS,CO,ANM,WE,Combined TRACON& Tower with Radar,38,15,21,13,87,0,5,51,12,68,38,20,72,25,155,86,42,128,283
12/07/2015,COS,CO,ANM,WE,Combined TRACON& Tower with Radar,39,24,18,20,101,0,8,29,13,50,39,32,47,33,151,90,113,203,354
12/08/2015,COS,CO,ANM,WE,Combined TRACON& Tower with Radar,34,24,18,24,100,0,0,15,5,20,34,24,33,29,120,32,34,66,186
12/09/2015,COS,CO,ANM,WE,Combined TRACON& Tower with Radar,37,27,33,16,113,0,7,47,16,70,37,34,80,32,183,94,54,148,331
12/10/2015,COS,CO,ANM,WE,Combined TRACON& Tower with Radar,42,24,31,14,111,0,3,56,13,72,42,27,87,27,183,144,54,198,381
12/11/2015,COS,CO,ANM,WE,Combined TRACON& Tower with Radar,41,20,15,11,87,0,3,14,4,21,41,23,29,15,108,32,18,50,158
12/12/2015,COS,CO,ANM,WE,Combined TRACON& Tower with Radar,32,13,11,6,62,0,1,0,0,1,32,14,11,6,63,12,2,14,77
12/13/2015,COS,CO,ANM,WE,Combined TRACON& Tower with Radar,32,28,12,9,81,0,5,31,2,38,32,33,43,11,119,10,8,18,137
12/14/2015,COS,CO,ANM,WE,Combined TRACON& Tower with Radar,42,21,24,11,98,0,3,30,9,42,42,24,54,20,140,38,74,112,252
12/15/2015,COS,CO,ANM,WE,Combined TRACON& Tower with Radar,33,19,12,5,69,0,3,9,1,13,33,22,21,6,82,0,20,20,102
12/16/2015,COS,CO,ANM,WE,Combined TRACON& Tower with Radar,41,36,23,38,138,0,0,55,11,66,41,36,78,49,204,54,28,82,286
12/17/2015,COS,CO,ANM,WE,Combined TRACON& Tower with Radar,43,31,21,37,132,0,7,52,16,75,43,38,73,53,207,112,166,278,485
12/18/2015,COS,CO,ANM,WE,Combined TRACON& Tower with Radar,41,34,43,14,132,0,2,70,10,82,41,36,113,24,214,152,44,196,410
12/19/2015,COS,CO,ANM,WE,Combined TRACON& Tower with Radar,35,29,34,4,102,0,0,116,6,122,35,29,150,10,224,178,16,194,418
12/20/2015,COS,CO,ANM,WE,Combined TRACON& Tower with Radar,30,25,13,7,75,0,0,24,0,24,30,25,37,7,99,73,0,73,172
12/21/2015,COS,CO,ANM,WE,Combined TRACON& Tower with Radar,39,27,26,18,110,0,1,75,6,82,39,28,101,24,192,157,30,187,379
12/22/2015,COS,CO,ANM,WE,Combined TRACON& Tower with Radar,37,21,11,16,85,0,3,59,11,73,37,24,70,27,158,42,20,62,220
12/23/2015,COS,CO,ANM,WE,Combined TRACON& Tower with Radar,37,27,24,9,97,0,1,36,7,44,37,28,60,16,141,58,20,78,219
12/24/2015,COS,CO,ANM,WE,Combined TRACON& Tower with Radar,34,20,9,0,63,0,2,36,0,38,34,22,45,0,101,52,0,52,153
12/25/2015,COS,CO,ANM,WE,Combined TRACON& Tower with Radar,27,10,4,0,41,0,2,15,0,17,27,12,19,0,58,52,0,52,110
12/26/2015,COS,CO,ANM,WE,Combined TRACON& Tower with Radar,25,29,21,3,78,0,2,2,2,6,25,31,23,5,84,24,14,38,122
12/27/2015,COS,CO,ANM,WE,Combined TRACON& Tower with Radar,26,22,16,0,64,0,4,66,0,70,26,26,82,0,134,110,12,122,256
12/28/2015,COS,CO,ANM,WE,Combined TRACON& Tower with Radar,34,29,33,4,100,0,1,58,7,66,34,30,91,11,166,72,8,80,246
12/29/2015,COS,CO,ANM,WE,Combined TRACON& Tower with Radar,37,30,23,6,96,0,0,47,3,50,37,30,70,9,146,48,18,66,212
12/30/2015,COS,CO,ANM,WE,Combined TRACON& Tower with Radar,37,27,38,10,112,0,2,60,15,77,37,29,98,25,189,100,40,140,329
12/31/2015,COS,CO,ANM,WE,Combined TRACON& Tower with Radar,31,18,30,4,83,0,0,28,0,28,31,18,58,4,111,16,8,24,135
01/01/2016,COS,CO,ANM,WE,Combined TRACON& Tower with Radar,27,16,15,0,58,0,4,33,0,37,27,20,48,0,95,24,0,24,119
01/02/2016,COS,CO,ANM,WE,Combined TRACON& Tower with Radar,28,30,34,2,94,0,4,69,0,73,28,34,103,2,167,176,0,176,343
01/03/2016,COS,CO,ANM,WE,Combined TRACON& Tower with Radar,32,28,27,0,87,0,4,56,2,62,32,32,83,2,149,64,0,64,213
01/04/2016,COS,CO,ANM,WE,Combined TRACON& Tower with Radar,40,29,32,10,111,0,6,44,4,54,40,35,76,14,165,153,44,197,362
01/05/2016,COS,CO,ANM,WE,Combined TRACON& Tower with Radar,32,19,22,25,98,0,0,38,8,46,32,19,60,33,144,126,62,188,332
01/06/2016,COS,CO,ANM,WE,Combined TRACON& Tower with Radar,31,18,25,22,96,0,2,27,15,44,31,20,52,37,140,106,64,170,310
01/07/2016,COS,CO,ANM,WE,Combined TRACON& Tower with Radar,40,25,11,12,88,0,1,0,0,1,40,26,11,12,89,22,0,22,111
01/08/2016,COS,CO,ANM,WE,Combined TRACON& Tower with Radar,34,21,5,34,94,0,0,1,0,1,34,21,6,34,95,6,0,6,101
01/09/2016,COS,CO,ANM,WE,Combined TRACON& Tower with Radar,26,19,10,19,74,0,1,11,0,12,26,20,21,19,86,28,10,38,124
01/10/2016,COS,CO,ANM,WE,Combined TRACON& Tower with Radar,28,25,21,6,80,0,0,49,8,57,28,25,70,14,137,140,8,148,285
01/11/2016,COS,CO,ANM,WE,Combined TRACON& Tower with Radar,34,22,22,9,87,0,2,39,11,52,34,24,61,20,139,110,50,160,299
01/12/2016,COS,CO,ANM,WE,Combined TRACON& Tower with Radar,30,21,14,21,86,0,0,42,31,73,30,21,56,52,159,124,152,276,435
01/13/2016,COS,CO,ANM,WE,Combined TRACON& Tower with Radar,30,18,30,14,92,0,5,52,24,81,30,23,82,38,173,148,64,212,385
01/14/2016,COS,CO,ANM,WE,Combined TRACON& Tower with Radar,37,23,27,18,105,0,0,12,6,18,37,23,39,24,123,18,36,54,177
01/15/2016,COS,CO,ANM,WE,Combined TRACON& Tower with Radar,34,25,25,7,91,0,2,36,16,54,34,27,61,23,145,164,30,194,339
01/16/2016,COS,CO,ANM,WE,Combined TRACON& Tower with Radar,29,19,20,0,68,0,4,50,2,56,29,23,70,2,124,142,32,174,298
01/17/2016,COS,CO,ANM,WE,Combined TRACON& Tower with Radar,25,23,18,5,71,0,2,57,8,67,25,25,75,13,138,144,0,144,282
01/18/2016,COS,CO,ANM,WE,Combined TRACON& Tower with Radar,33,33,32,6,104,0,4,69,4,77,33,37,101,10,181,142,0,142,323
01/19/2016,COS,CO,ANM,WE,Combined TRACON& Tower with Radar,33,25,20,15,93,0,1,16,19,36,33,26,36,34,129,122,0,122,251
01/20/2016,COS,CO,ANM,WE,Combined TRACON& Tower with Radar,30,20,11,41,102,0,4,12,25,41,30,24,23,66,143,34,148,182,325
01/21/2016,COS,CO,ANM,WE,Combined TRACON& Tower with Radar,37,23,23,28,111,0,2,31,36,69,37,25,54,64,180,66,188,254,434
01/22/2016,COS,CO,ANM,WE,Combined TRACON& Tower with Radar,37,26,31,28,122,0,2,41,30,73,37,28,72,58,195,190,144,334,529
01/23/2016,COS,CO,ANM,WE,Combined TRACON& Tower with Radar,24,17,25,17,83,0,5,92,9,106,24,22,117,26,189,258,28,286,475
01/24/2016,COS,CO,ANM,WE,Combined TRACON& Tower with Radar,27,25,9,4,65,0,3,18,2,23,27,28,27,6,88,60,6,66,154
01/25/2016,COS,CO,ANM,WE,Combined TRACON& Tower with Radar,38,31,24,11,104,0,1,10,6,17,38,32,34,17,121,26,48,74,195
01/26/2016,COS,CO,ANM,WE,Combined TRACON& Tower with Radar,30,26,19,14,89,0,0,27,26,53,30,26,46,40,142,94,147,241,383
01/27/2016,COS,CO,ANM,WE,Combined TRACON& Tower with Radar,36,23,19,23,101,0,4,49,36,89,36,27,68,59,190,260,112,372,562
01/28/2016,COS,CO,ANM,WE,Combined TRACON& Tower with Radar,37,27,22,20,106,0,0,57,36,93,37,27,79,56,199,178,144,322,521
01/29/2016,COS,CO,ANM,WE,Combined TRACON& Tower with Radar,40,29,17,21,107,0,6,38,17,61,40,35,55,38,168,56,108,164,332
01/30/2016,COS,CO,ANM,WE,Combined TRACON& Tower with Radar,28,26,13,5,72,0,7,44,1,52,28,33,57,6,124,120,0,120,244
01/31/2016,COS,CO,ANM,WE,Combined TRACON& Tower with Radar,26,26,10,5,67,0,0,0,0,0,26,26,10,5,67,0,0,0,67
02/01/2016,COS,CO,ANM,WE,Combined TRACON& Tower with Radar,29,14,0,0,43,0,0,0,0,0,29,14,0,0,43,0,0,0,43
02/02/2016,COS,CO,ANM,WE,Combined TRACON& Tower with Radar,38,23,5,5,71,0,1,0,0,1,38,24,5,5,72,0,0,0,72
02/03/2016,COS,CO,ANM,WE,Combined TRACON& Tower with Radar,33,22,26,7,88,0,7,10,12,29,33,29,36,19,117,18,0,18,135
02/04/2016,COS,CO,ANM,WE,Combined TRACON& Tower with Radar,36,23,21,26,106,0,4,26,10,40,36,27,47,36,146,90,18,108,254
02/05/2016,COS,CO,ANM,WE,Combined TRACON& Tower with Radar,37,29,24,20,110,0,1,33,14,48,37,30,57,34,158,76,30,106,264
02/06/2016,COS,CO,ANM,WE,Combined TRACON& Tower with Radar,24,20,21,5,70,0,11,68,19,98,24,31,89,24,168,177,4,181,349
02/07/2016,COS,CO,ANM,WE,Combined TRACON& Tower with Radar,27,21,20,7,75,0,3,39,2,44,27,24,59,9,119,114,0,114,233
02/08/2016,COS,CO,ANM,WE,Combined TRACON& Tower with Radar,34,30,22,8,94,0,1,40,20,61,34,31,62,28,155,106,114,220,375
02/09/2016,COS,CO,ANM,WE,Combined TRACON& Tower with Radar,38,22,41,21,122,0,6,43,27,76,38,28,84,48,198,110,142,252,450
02/10/2016,COS,CO,ANM,WE,Combined TRACON& Tower with Radar,32,26,22,27,107,0,6,33,16,55,32,32,55,43,162,66,72,138,300
02/11/2016,COS,CO,ANM,WE,Combined TRACON& Tower with Radar,35,26,28,23,112,0,10,55,41,106,35,36,83,64,218,144,244,388,606
02/12/2016,COS,CO,ANM,WE,Combined TRACON& Tower with Radar,41,30,45,19,135,0,2,74,20,96,41,32,119,39,231,182,102,284,515
02/13/2016,COS,CO,ANM,WE,Combined TRACON& Tower with Radar,25,19,26,3,73,0,3,80,1,84,25,22,106,4,157,204,2,206,363
02/14/2016,COS,CO,ANM,WE,Combined TRACON& Tower with Radar,24,28,9,7,68,0,3,50,1,54,24,31,59,8,122,67,18,85,207
02/15/2016,COS,CO,ANM,WE,Combined TRACON& Tower with Radar,33,25,32,2,92,0,4,44,0,48,33,29,76,2,140,46,6,52,192
02/16/2016,COS,CO,ANM,WE,Combined TRACON& Tower with Radar,28,30,16,30,104,0,0,26,9,35,28,30,42,39,139,52,70,122,261
02/17/2016,COS,CO,ANM,WE,Combined TRACON& Tower with Radar,32,19,27,10,88,0,5,37,23,65,32,24,64,33,153,160,178,338,491
02/18/2016,COS,CO,ANM,WE,Combined TRACON& Tower with Radar,36,27,22,4,89,0,4,8,1,13,36,31,30,5,102,2,0,2,104
02/19/2016,COS,CO,ANM,WE,Combined TRACON& Tower with Radar,31,23,14,24,92,0,5,18,5,28,31,28,32,29,120,114,8,122,242
02/20/2016,COS,CO,ANM,WE,Combined TRACON& Tower with Radar,21,23,35,18,97,0,2,98,14,114,21,25,133,32,211,266,23,289,500
02/21/2016,COS,CO,ANM,WE,Combined TRACON& Tower with Radar,24,23,24,12,83,0,3,71,0,74,24,26,95,12,157,114,10,124,281
02/22/2016,COS,CO,ANM,WE,Combined TRACON& Tower with Radar,29,24,27,19,99,0,10,37,7,54,29,34,64,26,153,52,58,110,263
02/23/2016,COS,CO,ANM,WE,Combined TRACON& Tower with Radar,29,29,14,10,82,0,1,5,35,41,29,30,19,45,123,14,52,66,189
02/24/2016,COS,CO,ANM,WE,Combined TRACON& Tower with Radar,37,17,18,62,134,0,8,63,33,104,37,25,81,95,238,122,110,232,470
02/25/2016,COS,CO,ANM,WE,Combined TRACON& Tower with Radar,34,27,20,17,98,0,8,65,27,100,34,35,85,44,198,240,62,302,500
02/26/2016,COS,CO,ANM,WE,Combined TRACON& Tower with Radar,34,21,25,37,117,0,2,81,10,93,34,23,106,47,210,143,26,169,379
02/27/2016,COS,CO,ANM,WE,Combined TRACON& Tower with Radar,28,20,18,4,70,0,3,78,7,88,28,23,96,11,158,152,56,208,366
02/28/2016,COS,CO,ANM,WE,Combined TRACON& Tower with Radar,20,16,14,7,57,0,4,70,6,80,20,20,84,13,137,128,18,146,283
02/29/2016,COS,CO,ANM,WE,Combined TRACON& Tower with Radar,35,23,14,21,93,0,0,15,13,28,35,23,29,34,121,34,70,104,225
03/01/2016,COS,CO,ANM,WE,Combined TRACON& Tower with Radar,27,32,21,27,107,0,3,33,15,51,27,35,54,42,158,80,96,176,334
03/02/2016,COS,CO,ANM,WE,Combined TRACON& Tower with Radar,31,24,15,19,89,0,4,9,3,16,31,28,24,22,105,24,10,34,139
03/03/2016,COS,CO,ANM,WE,Combined TRACON& Tower with Radar,33,32,23,12,100,0,4,71,17,92,33,36,94,29,192,120,70,190,382
03/04/2016,COS,CO,ANM,WE,Combined TRACON& Tower with Radar,38,36,15,15,104,0,4,51,13,68,38,40,66,28,172,94,53,147,319
03/05/2016,COS,CO,ANM,WE,Combined TRACON& Tower with Radar,22,21,17,7,67,0,2,76,9,87,22,23,93,16,154,210,20,230,384
03/06/2016,COS,CO,ANM,WE,Combined TRACON& Tower with Radar,27,25,12,14,78,0,11,71,2,84,27,36,83,16,162,114,54,168,330
03/07/2016,COS,CO,ANM,WE,Combined TRACON& Tower with Radar,33,28,10,19,90,0,1,5,2,8,33,29,15,21,98,6,14,20,118
03/08/2016,COS,CO,ANM,WE,Combined TRACON& Tower with Radar,26,30,21,33,110,0,7,37,92,136,26,37,58,125,246,134,106,240,486
03/09/2016,COS,CO,ANM,WE,Combined TRACON& Tower with Radar,31,30,24,12,97,0,8,59,14,81,31,38,83,26,178,142,72,214,392
03/10/2016,COS,CO,ANM,WE,Combined TRACON& Tower with Radar,34,30,33,29,126,0,0,59,17,76,34,30,92,46,202,170,14,184,386
03/11/2016,COS,CO,ANM,WE,Combined TRACON& Tower with Radar,34,25,35,25,119,0,4,89,6,99,34,29,124,31,218,200,30,230,448
03/12/2016,COS,CO,ANM,WE,Combined TRACON& Tower with Radar,22,21,29,22,94,0,5,74,4,83,22,26,103,26,177,240,42,282,459
03/13/2016,COS,CO,ANM,WE,Combined TRACON& Tower with Radar,27,21,30,11,89,0,5,66,4,75,27,26,96,15,164,140,0,140,304
03/14/2016,COS,CO,ANM,WE,Combined TRACON& Tower with Radar,33,29,27,13,102,0,5,18,7,30,33,34,45,20,132,34,26,60,192
03/15/2016,COS,CO,ANM,WE,Combined TRACON& Tower with Radar,27,32,24,10,93,0,16,13,18,47,27,48,37,28,140,30,20,50,190
03/16/2016,COS,CO,ANM,WE,Combined TRACON& Tower with Radar,33,26,32,15,106,0,2,16,20,38,33,28,48,35,144,28,68,96,240
03/17/2016,COS,CO,ANM,WE,Combined TRACON& Tower with Radar,34,24,49,25,132,0,1,51,38,90,34,25,100,63,222,50,144,194,416
03/18/2016,COS,CO,ANM,WE,Combined TRACON& Tower with Radar,35,27,16,6,84,0,0,1,0,1,35,27,17,6,85,0,2,2,87
03/19/2016,COS,CO,ANM,WE,Combined TRACON& Tower with Radar,20,35,41,5,101,0,4,46,8,58,20,39,87,13,159,130,0,130,289
03/20/2016,COS,CO,ANM,WE,Combined TRACON& Tower with Radar,26,36,20,8,90,0,5,63,1,69,26,41,83,9,159,38,42,80,239
03/21/2016,COS,CO,ANM,WE,Combined TRACON& Tower with Radar,35,23,25,19,102,0,2,35,8,45,35,25,60,27,147,48,52,100,247
03/22/2016,COS,CO,ANM,WE,Combined TRACON& Tower with Radar,29,24,20,7,80,0,3,14,14,31,29,27,34,21,111,22,158,180,291
03/23/2016,COS,CO,ANM,WE,Combined TRACON& Tower with Radar,22,13,4,10,49,0,1,1,0,2,22,14,5,10,51,0,0,0,51
03/24/2016,COS,CO,ANM,WE,Combined TRACON& Tower with Radar,35,30,22,8,95,0,2,40,4,46,35,32,62,12,141,76,18,94,235
03/25/2016,COS,CO,ANM,WE,Combined TRACON& Tower with Radar,29,19,29,11,88,0,3,24,7,34,29,22,53,18,122,112,20,132,254
03/26/2016,COS,CO,ANM,WE,Combined TRACON& Tower with Radar,22,31,7,4,64,0,1,4,0,5,22,32,11,4,69,0,0,0,69
03/27/2016,COS,CO,ANM,WE,Combined TRACON& Tower with Radar,23,25,21,5,74,0,10,46,4,60,23,35,67,9,134,72,4,76,210
03/28/2016,COS,CO,ANM,WE,Combined TRACON& Tower with Radar,39,33,20,6,98,0,7,48,23,78,39,40,68,29,176,136,151,287,463
03/29/2016,COS,CO,ANM,WE,Combined TRACON& Tower with Radar,38,35,24,10,107,0,5,27,18,50,38,40,51,28,157,94,106,200,357
03/30/2016,COS,CO,ANM,WE,Combined TRACON& Tower with Radar,32,33,10,7,82,0,7,12,22,41,32,40,22,29,123,48,110,158,281
03/31/2016,COS,CO,ANM,WE,Combined TRACON& Tower with Radar,31,30,17,16,94,0,3,10,3,16,31,33,27,19,110,52,56,108,218
04/01/2016,COS,CO,ANM,WE,Combined TRACON& Tower with Radar,33,31,28,43,135,0,0,70,9,79,33,31,98,52,214,98,26,124,338
04/02/2016,COS,CO,ANM,WE,Combined TRACON& Tower with Radar,24,26,25,29,104,0,7,101,43,151,24,33,126,72,255,132,116,248,503
04/03/2016,COS,CO,ANM,WE,Combined TRACON& Tower with Radar,25,24,34,16,99,0,12,79,3,94,25,36,113,19,193,66,0,66,259
04/04/2016,COS,CO,ANM,WE,Combined TRACON& Tower with Radar,33,35,19,15,102,0,6,69,29,104,33,41,88,44,206,0,0,0,206
04/05/2016,COS,CO,ANM,WE,Combined TRACON& Tower with Radar,20,9,4,9,42,0,6,5,5,16,20,15,9,14,58,71,76,147,205
04/06/2016,COS,CO,ANM,WE,Combined TRACON& Tower with Radar,16,14,6,5,41,0,0,11,9,20,16,14,17,14,61,184,252,436,497
04/07/2016,COS,CO,ANM,WE,Combined TRACON& Tower with Radar,15,9,13,36,73,0,4,13,13,30,15,13,26,49,103,162,180,342,445
04/08/2016,COS,CO,ANM,WE,Combined TRACON& Tower with Radar,41,27,31,29,128,0,1,70,32,103,41,28,101,61,231,93,154,247,478
04/09/2016,COS,CO,ANM,WE,Combined TRACON& Tower with Radar,27,21,18,10,76,0,10,83,16,109,27,31,101,26,185,92,54,146,331
04/10/2016,COS,CO,ANM,WE,Combined TRACON& Tower with Radar,35,21,26,27,109,0,3,50,1,54,35,24,76,28,163,86,31,117,280
04/11/2016,COS,CO,ANM,WE,Combined TRACON& Tower with Radar,37,23,36,7,103,0,3,2,0,5,37,26,38,7,108,0,0,0,108
04/12/2016,COS,CO,ANM,WE,Combined TRACON& Tower with Radar,34,23,25,26,108,0,2,23,23,48,34,25,48,49,156,57,97,154,310
04/13/2016,COS,CO,ANM,WE,Combined TRACON& Tower with Radar,35,33,40,21,129,9,4,36,40,89,44,37,76,61,218,155,329,484,702
04/14/2016,COS,CO,ANM,WE,Combined TRACON& Tower with Radar,44,28,25,17,114,2,4,49,46,101,46,32,74,63,215,86,230,316,531
04/15/2016,COS,CO,ANM,WE,Combined TRACON& Tower with Radar,43,28,23,13,107,5,13,22,51,91,48,41,45,64,198,72,278,350,548
04/16/2016,COS,CO,ANM,WE,Combined TRACON& Tower with Radar,23,10,6,3,42,0,0,0,0,0,23,10,6,3,42,0,0,0,42
04/17/2016,COS,CO,ANM,WE,Combined TRACON& Tower with Radar,29,31,14,7,81,0,1,2,0,3,29,32,16,7,84,14,0,14,98
04/18/2016,COS,CO,ANM,WE,Combined TRACON& Tower with Radar,37,21,16,5,79,0,2,0,6,8,37,23,16,11,87,26,30,56,143
04/19/2016,COS,CO,ANM,WE,Combined TRACON& Tower with Radar,36,20,27,33,116,0,4,25,20,49,36,24,52,53,165,114,208,322,487
04/20/2016,COS,CO,ANM,WE,Combined TRACON& Tower with Radar,34,28,36,36,134,0,4,66,42,112,34,32,102,78,246,94,230,324,570
04/21/2016,COS,CO,ANM,WE,Combined TRACON& Tower with Radar,41,18,42,23,124,0,2,83,41,126,41,20,125,64,250,214,142,356,606
04/22/2016,COS,CO,ANM,WE,Combined TRACON& Tower with Radar,44,29,40,27,140,0,1,77,47,125,44,30,117,74,265,170,166,336,601
04/23/2016,COS,CO,ANM,WE,Combined TRACON& Tower with Radar,26,15,30,17,88,0,0,57,7,64,26,15,87,24,152,102,55,157,309
04/24/2016,COS,CO,ANM,WE,Combined TRACON& Tower with Radar,38,16,19,15,88,0,0,36,5,41,38,16,55,20,129,32,22,54,183
04/25/2016,COS,CO,ANM,WE,Combined TRACON& Tower with Radar,43,32,31,17,123,0,0,38,34,72,43,32,69,51,195,55,156,211,406
04/26/2016,COS,CO,ANM,WE,Combined TRACON& Tower with Radar,36,23,38,17,114,0,7,42,32,81,36,30,80,49,195,80,170,250,445
04/27/2016,COS,CO,ANM,WE,Combined TRACON& Tower with Radar,36,25,32,27,120,0,5,65,50,120,36,30,97,77,240,246,270,516,756
04/28/2016,COS,CO,ANM,WE,Combined TRACON& Tower with Radar,43,24,26,9,102,0,1,3,1,5,43,25,29,10,107,0,0,0,107
04/29/2016,COS,CO,ANM,WE,Combined TRACON& Tower with Radar,41,22,13,13,89,0,0,0,0,0,41,22,13,13,89,0,0,0,89
04/30/2016,COS,CO,ANM,WE,Combined TRACON& Tower with Radar,26,18,25,17,86,0,1,7,7,15,26,19,32,24,101,24,0,24,125
05/01/2016,COS,CO,ANM,WE,Combined TRACON& Tower with Radar,36,21,16,11,84,0,0,1,2,3,36,21,17,13,87,0,0,0,87
05/02/2016,COS,CO,ANM,WE,Combined TRACON& Tower with Radar,38,27,39,15,119,0,0,54,41,95,38,27,93,56,214,100,188,288,502
05/03/2016,COS,CO,ANM,WE,Combined TRACON& Tower with Radar,35,24,31,31,121,0,0,47,28,75,35,24,78,59,196,84,262,346,542
05/04/2016,COS,CO,ANM,WE,Combined TRACON& Tower with Radar,35,23,36,24,118,0,1,91,29,121,35,24,127,53,239,170,162,332,571
05/05/2016,COS,CO,ANM,WE,Combined TRACON& Tower with Radar,42,22,43,14,121,0,6,84,29,119,42,28,127,43,240,104,72,176,416
05/06/2016,COS,CO,ANM,WE,Combined TRACON& Tower with Radar,62,24,26,31,143,0,0,41,13,54,62,24,67,44,197,77,34,111,308
05/07/2016,COS,CO,ANM,WE,Combined TRACON& Tower with Radar,34,20,24,4,82,0,2,38,4,44,34,22,62,8,126,54,8,62,188
05/08/2016,COS,CO,ANM,WE,Combined TRACON& Tower with Radar,48,29,29,11,117,0,0,54,1,55,48,29,83,12,172,46,0,46,218
05/09/2016,COS,CO,ANM,WE,Combined TRACON& Tower with Radar,40,28,47,33,148,0,3,45,13,61,40,31,92,46,209,186,158,344,553
05/10/2016,COS,CO,ANM,WE,Combined TRACON& Tower with Radar,68,32,29,27,156,0,1,71,13,85,68,33,100,40,241,62,62,124,365
05/11/2016,COS,CO,ANM,WE,Combined TRACON& Tower with Radar,57,26,53,17,153,0,4,42,15,61,57,30,95,32,214,148,40,188,402
05/12/2016,COS,CO,ANM,WE,Combined TRACON& Tower with Radar,43,28,65,12,148,0,0,125,15,140,43,28,190,27,288,260,150,410,698
05/13/2016,COS,CO,ANM,WE,Combined TRACON& Tower with Radar,42,29,44,22,137,0,5,96,18,119,42,34,140,40,256,132,44,176,432
05/14/2016,COS,CO,ANM,WE,Combined TRACON& Tower with Radar,34,27,48,13,122,0,2,11,3,16,34,29,59,16,138,142,0,142,280
05/15/2016,COS,CO,ANM,WE,Combined TRACON& Tower with Radar,34,29,46,10,119,0,2,16,0,18,34,31,62,10,137,98,0,98,235
05/16/2016,COS,CO,ANM,WE,Combined TRACON& Tower with Radar,57,34,40,13,144,0,0,0,0,0,57,34,40,13,144,0,0,0,144
05/17/2016,COS,CO,ANM,WE,Combined TRACON& Tower with Radar,49,28,44,14,135,0,1,4,5,10,49,29,48,19,145,32,6,38,183
05/18/2016,COS,CO,ANM,WE,Combined TRACON& Tower with Radar,38,31,55,51,175,0,1,21,24,46,38,32,76,75,221,34,52,86,307
05/19/2016,COS,CO,ANM,WE,Combined TRACON& Tower with Radar,43,21,38,29,131,0,7,87,44,138,43,28,125,73,269,176,70,246,515
05/20/2016,COS,CO,ANM,WE,Combined TRACON& Tower with Radar,47,29,30,21,127,0,7,76,24,107,47,36,106,45,234,118,43,161,395
05/21/2016,COS,CO,ANM,WE,Combined TRACON& Tower with Radar,32,22,29,10,93,0,12,64,6,82,32,34,93,16,175,60,18,78,253
05/22/2016,COS,CO,ANM,WE,Combined TRACON& Tower with Radar,30,24,15,3,72,0,0,26,7,33,30,24,41,10,105,60,18,78,183
05/23/2016,COS,CO,ANM,WE,Combined TRACON& Tower with Radar,40,26,38,13,117,0,5,60,20,85,40,31,98,33,202,0,0,0,202
05/24/2016,COS,CO,ANM,WE,Combined TRACON& Tower with Radar,49,26,52,43,170,0,1,71,16,88,49,27,123,59,258,106,139,245,503
05/25/2016,COS,CO,ANM,WE,Combined TRACON& Tower with Radar,40,28,36,67,171,0,5,86,12,103,40,33,122,79,274,176,148,324,598
05/26/2016,COS,CO,ANM,WE,Combined TRACON& Tower with Radar,40,26,38,33,137,0,6,30,11,47,40,32,68,44,184,80,98,178,362
05/27/2016,COS,CO,ANM,WE,Combined TRACON& Tower with Radar,36,25,33,7,101,0,1,12,4,17,36,26,45,11,118,18,0,18,136
05/28/2016,COS,CO,ANM,WE,Combined TRACON& Tower with Radar,44,23,23,5,95,0,8,81,3,92,44,31,104,8,187,140,0,140,327
05/29/2016,COS,CO,ANM,WE,Combined TRACON& Tower with Radar,29,20,18,4,71,0,4,50,3,57,29,24,68,7,128,92,10,102,230
05/30/2016,COS,CO,ANM,WE,Combined TRACON& Tower with Radar,43,40,26,2,111,0,2,68,13,83,43,42,94,15,194,160,2,162,356
05/31/2016,COS,CO,ANM,WE,Combined TRACON& Tower with Radar,37,34,40,23,134,1,5,36,10,52,38,39,76,33,186,71,24,95,281
06/01/2016,COS,CO,ANM,WE,Combined TRACON& Tower with Radar,36,32,41,14,123,0,0,27,10,37,36,32,68,24,160,68,20,88,248
06/02/2016,COS,CO,ANM,WE,Combined TRACON& Tower with Radar,41,33,33,12,119,0,4,20,15,39,41,37,53,27,158,58,0,58,216
06/03/2016,COS,CO,ANM,WE,Combined TRACON& Tower with Radar,42,23,32,41,138,0,2,73,6,81,42,25,105,47,219,111,29,140,359
06/04/2016,COS,CO,ANM,WE,Combined TRACON& Tower with Radar,35,19,42,13,109,0,10,106,8,124,35,29,148,21,233,156,32,188,421
06/05/2016,COS,CO,ANM,WE,Combined TRACON& Tower with Radar,32,40,35,10,117,0,4,75,7,86,32,44,110,17,203,147,28,175,378
06/06/2016,COS,CO,ANM,WE,Combined TRACON& Tower with Radar,57,31,32,16,136,0,4,59,24,87,57,35,91,40,223,142,196,338,561
06/07/2016,COS,CO,ANM,WE,Combined TRACON& Tower with Radar,58,44,42,12,156,0,3,50,41,94,58,47,92,53,250,102,192,294,544
06/08/2016,COS,CO,ANM,WE,Combined TRACON& Tower with Radar,40,43,50,7,140,0,3,47,31,81,40,46,97,38,221,70,146,216,437
06/09/2016,COS,CO,ANM,WE,Combined TRACON& Tower with Radar,40,24,34,12,110,0,5,64,51,120,40,29,98,63,230,130,311,441,671
06/10/2016,COS,CO,ANM,WE,Combined TRACON& Tower with Radar,39,31,29,19,118,0,4,60,27,91,39,35,89,46,209,74,112,186,395
06/11/2016,COS,CO,ANM,WE,Combined TRACON& Tower with Radar,35,32,14,17,98,0,3,63,2,68,35,35,77,19,166,80,32,112,278
06/12/2016,COS,CO,ANM,WE,Combined TRACON& Tower with Radar,34,34,27,17,112,0,2,48,6,56,34,36,75,23,168,56,10,66,234
06/13/2016,COS,CO,ANM,WE,Combined TRACON& Tower with Radar,49,33,22,25,129,0,3,15,34,52,49,36,37,59,181,56,192,248,429
06/14/2016,COS,CO,ANM,WE,Combined TRACON& Tower with Radar,42,32,23,20,117,0,6,61,50,117,42,38,84,70,234,142,206,348,582
06/15/2016,COS,CO,ANM,WE,Combined TRACON& Tower with Radar,37,33,40,28,138,0,1,63,39,103,37,34,103,67,241,122,277,399,640
06/16/2016,COS,CO,ANM,WE,Combined TRACON& Tower with Radar,41,35,42,20,138,0,3,61,35,99,41,38,103,55,237,132,144,276,513
06/17/2016,COS,CO,ANM,WE,Combined TRACON& Tower with Radar,39,30,39,24,132,0,2,79,40,121,39,32,118,64,253,116,174,290,543
06/18/2016,COS,CO,ANM,WE,Combined TRACON& Tower with Radar,30,30,24,12,96,0,0,68,9,77,30,30,92,21,173,66,14,80,253
06/19/2016,COS,CO,ANM,WE,Combined TRACON& Tower with Radar,39,28,42,22,131,0,2,60,0,62,39,30,102,22,193,82,18,100,293
06/20/2016,COS,CO,ANM,WE,Combined TRACON& Tower with Radar,37,34,47,12,130,0,0,54,49,103,37,34,101,61,233,120,280,400,633
06/21/2016,COS,CO,ANM,WE,Combined TRACON& Tower with Radar,46,29,27,15,117,0,0,36,57,93,46,29,63,72,210,98,314,412,622
06/22/2016,COS,CO,ANM,WE,Combined TRACON& Tower with Radar,44,31,25,47,147,0,2,40,59,101,44,33,65,106,248,158,240,398,646
06/23/2016,COS,CO,ANM,WE,Combined TRACON& Tower with Radar,50,32,50,17,149,0,4,66,28,98,50,36,116,45,247,92,106,198,445
06/24/2016,COS,CO,ANM,WE,Combined TRACON& Tower with Radar,41,30,55,36,162,0,5,80,20,105,41,35,135,56,267,110,68,178,445
06/25/2016,COS,CO,ANM,WE,Combined TRACON& Tower with Radar,32,26,40,15,113,0,0,91,3,94,32,26,131,18,207,126,8,134,341
06/26/2016,COS,CO,ANM,WE,Combined TRACON& Tower with Radar,36,22,49,8,115,0,5,73,1,79,36,27,122,9,194,156,30,186,380
06/27/2016,COS,CO,ANM,WE,Combined TRACON& Tower with Radar,37,30,48,6,121,0,5,65,48,118,37,35,113,54,239,186,258,444,683
06/28/2016,COS,CO,ANM,WE,Combined TRACON& Tower with Radar,73,48,41,13,175,0,0,48,53,101,73,48,89,66,276,62,172,234,510
06/29/2016,COS,CO,ANM,WE,Combined TRACON& Tower with Radar,50,42,64,22,178,0,6,76,59,141,50,48,140,81,319,114,274,388,707
06/30/2016,COS,CO,ANM,WE,Combined TRACON& Tower with Radar,45,32,42,10,129,0,6,37,39,82,45,38,79,49,211,62,202,264,475
07/01/2016,COS,CO,ANM,WE,Combined TRACON& Tower with Radar,45,30,67,15,157,0,0,13,1,14,45,30,80,16,171,6,0,6,177
07/02/2016,COS,CO,ANM,WE,Combined TRACON& Tower with Radar,37,24,42,0,103,0,3,26,0,29,37,27,68,0,132,88,0,88,220
07/03/2016,COS,CO,ANM,WE,Combined TRACON& Tower with Radar,45,26,25,1,97,0,2,69,0,71,45,28,94,1,168,88,0,88,256
07/04/2016,COS,CO,ANM,WE,Combined TRACON& Tower with Radar,27,26,24,3,80,0,3,47,2,52,27,29,71,5,132,76,4,80,212
07/05/2016,COS,CO,ANM,WE,Combined TRACON& Tower with Radar,36,38,29,19,122,0,2,60,43,105,36,40,89,62,227,52,154,206,433
07/06/2016,COS,CO,ANM,WE,Combined TRACON& Tower with Radar,52,29,44,45,170,3,10,52,53,118,55,39,96,98,288,104,312,416,704
07/07/2016,COS,CO,ANM,WE,Combined TRACON& Tower with Radar,51,31,28,14,124,13,10,37,43,103,64,41,65,57,227,92,124,216,443
07/08/2016,COS,CO,ANM,WE,Combined TRACON& Tower with Radar,43,34,30,27,134,0,10,33,42,85,43,44,63,69,219,58,290,348,567
07/09/2016,COS,CO,ANM,WE,Combined TRACON& Tower with Radar,36,31,21,3,91,0,10,90,46,146,36,41,111,49,237,134,168,302,539
07/10/2016,COS,CO,ANM,WE,Combined TRACON& Tower with Radar,31,30,40,5,106,0,4,61,3,68,31,34,101,8,174,104,8,112,286
07/11/2016,COS,CO,ANM,WE,Combined TRACON& Tower with Radar,42,32,44,16,134,0,6,46,47,99,42,38,90,63,233,62,204,266,499
07/12/2016,COS,CO,ANM,WE,Combined TRACON& Tower with Radar,43,43,31,22,139,0,9,40,71,120,43,52,71,93,259,76,428,504,763
07/13/2016,COS,CO,ANM,WE,Combined TRACON& Tower with Radar,42,39,45,46,172,0,14,59,57,130,42,53,104,103,302,104,268,372,674
07/14/2016,COS,CO,ANM,WE,Combined TRACON& Tower with Radar,46,33,38,19,136,0,1,50,40,91,46,34,88,59,227,72,162,234,461
07/15/2016,COS,CO,ANM,WE,Combined TRACON& Tower with Radar,40,32,34,22,128,0,7,105,28,140,40,39,139,50,268,134,88,222,490
07/16/2016,COS,CO,ANM,WE,Combined TRACON& Tower with Radar,36,27,45,6,114,0,0,50,4,54,36,27,95,10,168,136,0,136,304
07/17/2016,COS,CO,ANM,WE,Combined TRACON& Tower with Radar,32,35,52,8,127,0,8,78,12,98,32,43,130,20,225,130,88,218,443
07/18/2016,COS,CO,ANM,WE,Combined TRACON& Tower with Radar,56,37,33,23,149,0,11,96,34,141,56,48,129,57,290,108,124,232,522
07/19/2016,COS,CO,ANM,WE,Combined TRACON& Tower with Radar,41,32,16,25,114,0,6,87,30,123,41,38,103,55,237,75,129,204,441
07/20/2016,COS,CO,ANM,WE,Combined TRACON& Tower with Radar,44,22,33,15,114,0,4,53,65,122,44,26,86,80,236,105,284,389,625
07/21/2016,COS,CO,ANM,WE,Combined TRACON& Tower with Radar,38,32,38,13,121,0,6,65,70,141,38,38,103,83,262,182,292,474,736
07/22/2016,COS,CO,ANM,WE,Combined TRACON& Tower with Radar,35,28,45,18,126,0,5,66,45,116,35,33,111,63,242,200,164,364,606
07/23/2016,COS,CO,ANM,WE,Combined TRACON& Tower with Radar,43,39,34,8,124,0,5,68,2,75,43,44,102,10,199,166,44,210,409
07/24/2016,COS,CO,ANM,WE,Combined TRACON& Tower with Radar,27,42,40,1,110,0,4,52,2,58,27,46,92,3,168,124,0,124,292
07/25/2016,COS,CO,ANM,WE,Combined TRACON& Tower with Radar,34,38,28,17,117,0,5,43,57,105,34,43,71,74,222,264,250,514,736
07/26/2016,COS,CO,ANM,WE,Combined TRACON& Tower with Radar,33,34,30,26,123,0,2,55,67,124,33,36,85,93,247,114,240,354,601
07/27/2016,COS,CO,ANM,WE,Combined TRACON& Tower with Radar,32,35,42,28,137,0,2,99,54,155,32,37,141,82,292,268,296,564,856
07/28/2016,COS,CO,ANM,WE,Combined TRACON& Tower with Radar,35,42,37,14,128,0,7,71,58,136,35,49,108,72,264,129,252,381,645
07/29/2016,COS,CO,ANM,WE,Combined TRACON& Tower with Radar,40,53,76,13,182,0,4,37,28,69,40,57,113,41,251,58,164,222,473
07/30/2016,COS,CO,ANM,WE,Combined TRACON& Tower with Radar,31,46,73,4,154,0,0,46,3,49,31,46,119,7,203,62,14,76,279
07/31/2016,COS,CO,ANM,WE,Combined TRACON& Tower with Radar,23,48,48,8,127,0,6,49,6,61,23,54,97,14,188,46,2,48,236
08/01/2016,COS,CO,ANM,WE,Combined TRACON& Tower with Radar,38,49,60,31,178,0,0,35,64,99,38,49,95,95,277,186,448,634,911
08/02/2016,COS,CO,ANM,WE,Combined TRACON& Tower with Radar,36,51,59,12,158,0,1,36,56,93,36,52,95,68,251,62,329,391,642
08/03/2016,COS,CO,ANM,WE,Combined TRACON& Tower with Radar,38,36,45,25,144,0,2,38,35,75,38,38,83,60,219,132,94,226,445
08/04/2016,COS,CO,ANM,WE,Combined TRACON& Tower with Radar,35,37,30,21,123,0,5,17,2,24,35,42,47,23,147,0,2,2,149
08/05/2016,COS,CO,ANM,WE,Combined TRACON& Tower with Radar,39,44,36,19,138,0,0,36,11,47,39,44,72,30,185,74,2,76,261
08/06/2016,COS,CO,ANM,WE,Combined TRACON& Tower with Radar,28,31,31,4,94,0,6,28,4,38,28,37,59,8,132,50,6,56,188
08/07/2016,COS,CO,ANM,WE,Combined TRACON& Tower with Radar,32,58,37,10,137,0,2,54,2,58,32,60,91,12,195,60,6,66,261
08/08/2016,COS,CO,ANM,WE,Combined TRACON& Tower with Radar,34,40,33,25,132,0,0,42,11,53,34,40,75,36,185,26,8,34,219
08/09/2016,COS,CO,ANM,WE,Combined TRACON& Tower with Radar,45,37,43,14,139,0,2,72,20,94,45,39,115,34,233,94,98,192,425
08/10/2016,COS,CO,ANM,WE,Combined TRACON& Tower with Radar,39,40,36,9,124,0,2,49,5,56,39,42,85,14,180,90,44,134,314
08/11/2016,COS,CO,ANM,WE,Combined TRACON& Tower with Radar,39,55,15,12,121,0,2,48,9,59,39,57,63,21,180,40,24,64,244
08/12/2016,COS,CO,ANM,WE,Combined TRACON& Tower with Radar,38,40,35,36,149,0,0,73,13,86,38,40,108,49,235,117,48,165,400
08/13/2016,COS,CO,ANM,WE,Combined TRACON& Tower with Radar,28,36,25,7,96,0,0,74,11,85,28,36,99,18,181,108,12,120,301
08/14/2016,COS,CO,ANM,WE,Combined TRACON& Tower with Radar,30,41,24,21,116,0,4,60,1,65,30,45,84,22,181,34,2,36,217
08/15/2016,COS,CO,ANM,WE,Combined TRACON& Tower with Radar,32,37,49,12,130,0,1,38,39,78,32,38,87,51,208,38,130,168,376
08/16/2016,COS,CO,ANM,WE,Combined TRACON& Tower with Radar,32,27,33,19,111,0,2,34,28,64,32,29,67,47,175,46,54,100,275
08/17/2016,COS,CO,ANM,WE,Combined TRACON& Tower with Radar,29,37,45,17,128,0,0,53,47,100,29,37,98,64,228,65,128,193,421
08/18/2016,COS,CO,ANM,WE,Combined TRACON& Tower with Radar,33,36,31,27,127,0,2,65,41,108,33,38,96,68,235,128,112,240,475
08/19/2016,COS,CO,ANM,WE,Combined TRACON& Tower with Radar,31,39,42,14,126,0,4,36,38,78,31,43,78,52,204,100,169,269,473
08/20/2016,COS,CO,ANM,WE,Combined TRACON& Tower with Radar,20,45,36,7,108,0,4,63,4,71,20,49,99,11,179,66,16,82,261
08/21/2016,COS,CO,ANM,WE,Combined TRACON& Tower with Radar,25,38,41,11,115,0,2,60,3,65,25,40,101,14,180,42,0,42,222
08/22/2016,COS,CO,ANM,WE,Combined TRACON& Tower with Radar,64,50,44,14,172,0,5,47,43,95,64,55,91,57,267,158,188,346,613
08/23/2016,COS,CO,ANM,WE,Combined TRACON& Tower with Radar,29,32,40,25,126,0,3,49,37,89,29,35,89,62,215,84,188,272,487
08/24/2016,COS,CO,ANM,WE,Combined TRACON& Tower with Radar,24,39,32,22,117,0,2,25,57,84,24,41,57,79,201,75,202,277,478
08/25/2016,COS,CO,ANM,WE,Combined TRACON& Tower with Radar,31,36,32,22,121,0,6,45,47,98,31,42,77,69,219,100,162,262,481
08/26/2016,COS,CO,ANM,WE,Combined TRACON& Tower with Radar,30,43,35,34,142,0,3,26,36,65,30,46,61,70,207,68,118,186,393
08/27/2016,COS,CO,ANM,WE,Combined TRACON& Tower with Radar,24,41,21,20,106,0,2,92,9,103,24,43,113,29,209,90,12,102,311
08/28/2016,COS,CO,ANM,WE,Combined TRACON& Tower with Radar,28,33,19,11,91,0,0,58,1,59,28,33,77,12,150,60,0,60,210
08/29/2016,COS,CO,ANM,WE,Combined TRACON& Tower with Radar,27,45,34,5,111,0,5,36,12,53,27,50,70,17,164,118,128,246,410
08/30/2016,COS,CO,ANM,WE,Combined TRACON& Tower with Radar,28,30,26,15,99,0,3,53,29,85,28,33,79,44,184,189,138,327,511
08/31/2016,COS,CO,ANM,WE,Combined TRACON& Tower with Radar,26,46,41,36,149,0,7,60,53,120,26,53,101,89,269,122,238,360,629
09/01/2016,COS,CO,ANM,WE,Combined TRACON& Tower with Radar,32,36,63,47,178,0,0,18,11,29,32,36,81,58,207,74,76,150,357
09/02/2016,COS,CO,ANM,WE,Combined TRACON& Tower with Radar,34,40,51,25,150,0,2,36,7,45,34,42,87,32,195,60,48,108,303
09/03/2016,COS,CO,ANM,WE,Combined TRACON& Tower with Radar,25,28,20,2,75,0,0,62,8,70,25,28,82,10,145,114,0,114,259
09/04/2016,COS,CO,ANM,WE,Combined TRACON& Tower with Radar,23,24,13,3,63,0,3,32,2,37,23,27,45,5,100,86,8,94,194
09/05/2016,COS,CO,ANM,WE,Combined TRACON& Tower with Radar,26,40,53,5,124,0,0,55,1,56,26,40,108,6,180,10,4,14,194
09/06/2016,COS,CO,ANM,WE,Combined TRACON& Tower with Radar,30,40,57,24,151,0,3,43,49,95,30,43,100,73,246,64,146,210,456
09/07/2016,COS,CO,ANM,WE,Combined TRACON& Tower with Radar,27,31,64,27,149,0,6,64,34,104,27,37,128,61,253,124,110,234,487
09/08/2016,COS,CO,ANM,WE,Combined TRACON& Tower with Radar,28,37,46,52,163,0,8,84,39,131,28,45,130,91,294,170,180,350,644
09/09/2016,COS,CO,ANM,WE,Combined TRACON& Tower with Radar,31,32,33,54,150,0,8,47,46,101,31,40,80,100,251,60,234,294,545
09/10/2016,COS,CO,ANM,WE,Combined TRACON& Tower with Radar,23,34,29,12,98,0,10,71,8,89,23,44,100,20,187,34,6,40,227
09/11/2016,COS,CO,ANM,WE,Combined TRACON& Tower with Radar,24,45,30,17,116,0,8,73,17,98,24,53,103,34,214,102,0,102,316
09/12/2016,COS,CO,ANM,WE,Combined TRACON& Tower with Radar,33,31,21,9,94,0,4,16,42,62,33,35,37,51,156,26,144,170,326
09/13/2016,COS,CO,ANM,WE,Combined TRACON& Tower with Radar,29,36,47,24,136,0,6,11,14,31,29,42,58,38,167,6,66,72,239
09/14/2016,COS,CO,ANM,WE,Combined TRACON& Tower with Radar,34,42,30,40,146,0,3,22,32,57,34,45,52,72,203,94,56,150,353
09/15/2016,COS,CO,ANM,WE,Combined TRACON& Tower with Radar,37,28,22,18,105,0,4,60,42,106,37,32,82,60,211,76,182,258,469
09/16/2016,COS,CO,ANM,WE,Combined TRACON& Tower with Radar,37,29,26,30,122,0,1,57,23,81,37,30,83,53,203,18,72,90,293
09/17/2016,COS,CO,ANM,WE,Combined TRACON& Tower with Radar,30,27,17,31,105,0,2,66,12,80,30,29,83,43,185,132,32,164,349
09/18/2016,COS,CO,ANM,WE,Combined TRACON& Tower with Radar,32,30,22,10,94,0,2,59,4,65,32,32,81,14,159,54,22,76,235
09/19/2016,COS,CO,ANM,WE,Combined TRACON& Tower with Radar,36,28,44,20,128,0,5,40,31,76,36,33,84,51,204,50,186,236,440
09/20/2016,COS,CO,ANM,WE,Combined TRACON& Tower with Radar,35,28,36,28,127,0,3,34,25,62,35,31,70,53,189,40,58,98,287
09/21/2016,COS,CO,ANM,WE,Combined TRACON& Tower with Radar,35,26,50,39,150,0,5,28,52,85,35,31,78,91,235,182,276,458,693
09/22/2016,COS,CO,ANM,WE,Combined TRACON& Tower with Radar,39,37,51,33,160,0,2,42,32,76,39,39,93,65,236,74,166,240,476
09/23/2016,COS,CO,ANM,WE,Combined TRACON& Tower with Radar,50,42,35,31,158,0,0,26,23,49,50,42,61,54,207,92,112,204,411
09/24/2016,COS,CO,ANM,WE,Combined TRACON& Tower with Radar,30,30,32,17,109,0,2,79,9,90,30,32,111,26,199,90,0,90,289
09/25/2016,COS,CO,ANM,WE,Combined TRACON& Tower with Radar,34,28,27,20,109,0,0,63,1,64,34,28,90,21,173,52,22,74,247
09/26/2016,COS,CO,ANM,WE,Combined TRACON& Tower with Radar,36,34,26,40,136,0,4,45,11,60,36,38,71,51,196,46,64,110,306
09/27/2016,COS,CO,ANM,WE,Combined TRACON& Tower with Radar,33,35,37,31,136,0,2,55,28,85,33,37,92,59,221,80,114,194,415
09/28/2016,COS,CO,ANM,WE,Combined TRACON& Tower with Radar,32,32,57,19,140,0,0,75,13,88,32,32,132,32,228,40,18,58,286
09/29/2016,COS,CO,ANM,WE,Combined TRACON& Tower with Radar,41,35,41,23,140,0,5,68,18,91,41,40,109,41,231,90,62,152,383
09/30/2016,COS,CO,ANM,WE,Combined TRACON& Tower with Radar,40,37,46,22,145,0,4,57,9,70,40,41,103,31,215,58,6,64,279
10/01/2016,COS,CO,ANM,WE,Combined TRACON& Tower with Radar,33,29,25,26,113,0,0,56,5,61,33,29,81,31,174,34,30,64,238
10/02/2016,COS,CO,ANM,WE,Combined TRACON& Tower with Radar,32,35,45,10,122,0,4,62,2,68,32,39,107,12,190,10,18,28,218
10/03/2016,COS,CO,ANM,WE,Combined TRACON& Tower with Radar,34,30,24,21,109,0,5,15,6,26,34,35,39,27,135,0,60,60,195
10/04/2016,COS,CO,ANM,WE,Combined TRACON& Tower with Radar,35,30,40,39,144,0,4,54,24,82,35,34,94,63,226,104,50,154,380
10/05/2016,COS,CO,ANM,WE,Combined TRACON& Tower with Radar,40,25,35,17,117,0,1,43,20,64,40,26,78,37,181,92,102,194,375
10/06/2016,COS,CO,ANM,WE,Combined TRACON& Tower with Radar,38,39,34,24,135,0,1,17,27,45,38,40,51,51,180,62,42,104,284
10/07/2016,COS,CO,ANM,WE,Combined TRACON& Tower with Radar,36,53,42,24,155,0,5,49,9,63,36,58,91,33,218,62,32,94,312
10/08/2016,COS,CO,ANM,WE,Combined TRACON& Tower with Radar,30,55,48,6,139,0,1,99,6,106,30,56,147,12,245,157,2,159,404
10/09/2016,COS,CO,ANM,WE,Combined TRACON& Tower with Radar,34,33,39,5,111,0,7,42,3,52,34,40,81,8,163,106,0,106,269
10/10/2016,COS,CO,ANM,WE,Combined TRACON& Tower with Radar,33,41,32,10,116,0,0,60,0,60,33,41,92,10,176,34,10,44,220
10/11/2016,COS,CO,ANM,WE,Combined TRACON& Tower with Radar,34,65,55,33,187,0,1,27,24,52,34,66,82,57,239,40,66,106,345
10/12/2016,COS,CO,ANM,WE,Combined TRACON& Tower with Radar,29,39,42,40,150,0,1,1,0,2,29,40,43,40,152,0,0,0,152
10/13/2016,COS,CO,ANM,WE,Combined TRACON& Tower with Radar,40,33,52,52,177,0,8,59,45,112,40,41,111,97,289,120,106,226,515
10/14/2016,COS,CO,ANM,WE,Combined TRACON& Tower with Radar,39,29,72,36,176,0,3,84,10,97,39,32,156,46,273,86,72,158,431
10/15/2016,COS,CO,ANM,WE,Combined TRACON& Tower with Radar,29,26,31,22,108,0,5,66,9,80,29,31,97,31,188,80,32,112,300
10/16/2016,COS,CO,ANM,WE,Combined TRACON& Tower with Radar,35,37,27,27,126,0,6,33,41,80,35,43,60,68,206,20,30,50,256
10/17/2016,COS,CO,ANM,WE,Combined TRACON& Tower with Radar,35,30,28,8,101,0,1,19,6,26,35,31,47,14,127,0,12,12,139
10/18/2016,COS,CO,ANM,WE,Combined TRACON& Tower with Radar,32,25,22,40,119,0,0,38,49,87,32,25,60,89,206,74,124,198,404
10/19/2016,COS,CO,ANM,WE,Combined TRACON& Tower with Radar,40,32,34,35,141,0,5,39,42,86,40,37,73,77,227,0,0,0,227
10/20/2016,COS,CO,ANM,WE,Combined TRACON& Tower with Radar,38,32,32,25,127,0,8,65,37,110,38,40,97,62,237,88,82,170,407
10/21/2016,COS,CO,ANM,WE,Combined TRACON& Tower with Radar,40,26,29,28,123,0,6,83,33,122,40,32,112,61,245,140,126,266,511
10/22/2016,COS,CO,ANM,WE,Combined TRACON& Tower with Radar,28,33,24,25,110,0,12,96,14,122,28,45,120,39,232,139,126,265,497
10/23/2016,COS,CO,ANM,WE,Combined TRACON& Tower with Radar,34,26,28,8,96,0,2,48,3,53,34,28,76,11,149,98,34,132,281
10/24/2016,COS,CO,ANM,WE,Combined TRACON& Tower with Radar,35,28,33,21,117,0,2,53,44,99,35,30,86,65,216,141,386,527,743
10/25/2016,COS,CO,ANM,WE,Combined TRACON& Tower with Radar,31,36,22,26,115,0,9,37,62,108,31,45,59,88,223,134,154,288,511
10/26/2016,COS,CO,ANM,WE,Combined TRACON& Tower with Radar,37,39,17,35,128,0,6,55,33,94,37,45,72,68,222,156,286,442,664
10/27/2016,COS,CO,ANM,WE,Combined TRACON& Tower with Radar,40,28,31,27,126,0,12,55,43,110,40,40,86,70,236,112,140,252,488
10/28/2016,COS,CO,ANM,WE,Combined TRACON& Tower with Radar,38,29,37,14,118,0,13,46,12,71,38,42,83,26,189,72,32,104,293
10/29/2016,COS,CO,ANM,WE,Combined TRACON& Tower with Radar,38,26,14,10,88,0,6,58,4,68,38,32,72,14,156,170,2,172,328
10/30/2016,COS,CO,ANM,WE,Combined TRACON& Tower with Radar,37,31,27,15,110,0,3,48,3,54,37,34,75,18,164,48,0,48,212
10/31/2016,COS,CO,ANM,WE,Combined TRACON& Tower with Radar,35,26,25,25,111,0,2,20,19,41,35,28,45,44,152,26,66,92,244
11/01/2016,COS,CO,ANM,WE,Combined TRACON& Tower with Radar,34,23,25,15,97,0,2,45,59,106,34,25,70,74,203,98,242,340,543
11/02/2016,COS,CO,ANM,WE,Combined TRACON& Tower with Radar,37,33,28,49,147,0,8,28,47,83,37,41,56,96,230,58,148,206,436
11/03/2016,COS,CO,ANM,WE,Combined TRACON& Tower with Radar,44,27,31,22,124,0,10,61,59,130,44,37,92,81,254,0,0,0,254
11/04/2016,COS,CO,ANM,WE,Combined TRACON& Tower with Radar,39,31,26,37,133,0,13,165,136,314,39,44,191,173,447,29,44,73,520
11/05/2016,COS,CO,ANM,WE,Combined TRACON& Tower with Radar,33,31,31,9,104,0,3,100,28,131,33,34,131,37,235,126,58,184,419
11/06/2016,COS,CO,ANM,WE,Combined TRACON& Tower with Radar,34,33,32,27,126,0,7,47,22,76,34,40,79,49,202,18,8,26,228
11/07/2016,COS,CO,ANM,WE,Combined TRACON& Tower with Radar,40,27,21,56,144,0,3,45,60,108,40,30,66,116,252,36,246,282,534
11/08/2016,COS,CO,ANM,WE,Combined TRACON& Tower with Radar,37,21,19,32,109,0,2,43,49,94,37,23,62,81,203,70,136,206,409
11/09/2016,COS,CO,ANM,WE,Combined TRACON& Tower with Radar,39,38,24,51,152,0,8,47,76,131,39,46,71,127,283,84,318,402,685
11/10/2016,COS,CO,ANM,WE,Combined TRACON& Tower with Radar,39,29,27,38,133,0,4,58,59,121,39,33,85,97,254,124,234,358,612
11/11/2016,COS,CO,ANM,WE,Combined TRACON& Tower with Radar,42,29,20,13,104,0,9,68,29,106,42,38,88,42,210,110,116,226,436
11/12/2016,COS,CO,ANM,WE,Combined TRACON& Tower with Radar,30,29,24,4,87,0,2,87,5,94,30,31,111,9,181,204,0,204,385
11/13/2016,COS,CO,ANM,WE,Combined TRACON& Tower with Radar,41,22,28,17,108,0,6,55,2,63,41,28,83,19,171,14,20,34,205
11/14/2016,COS,CO,ANM,WE,Combined TRACON& Tower with Radar,41,32,24,19,116,0,4,61,22,87,41,36,85,41,203,222,262,484,687
11/15/2016,COS,CO,ANM,WE,Combined TRACON& Tower with Radar,35,27,22,23,107,0,0,47,47,94,35,27,69,70,201,258,158,416,617
11/16/2016,COS,CO,ANM,WE,Combined TRACON& Tower with Radar,40,29,25,24,118,0,8,28,25,61,40,37,53,49,179,51,80,131,310
11/17/2016,COS,CO,ANM,WE,Combined TRACON& Tower with Radar,37,30,27,8,102,0,1,8,10,19,37,31,35,18,121,10,8,18,139
11/18/2016,COS,CO,ANM,WE,Combined TRACON& Tower with Radar,48,34,38,49,169,0,5,61,25,91,48,39,99,74,260,106,170,276,536
11/19/2016,COS,CO,ANM,WE,Combined TRACON& Tower with Radar,26,28,17,14,85,0,5,82,6,93,26,33,99,20,178,178,16,194,372
11/20/2016,COS,CO,ANM,WE,Combined TRACON& Tower with Radar,36,29,24,11,100,0,4,58,5,67,36,33,82,16,167,48,0,48,215
11/21/2016,COS,CO,ANM,WE,Combined TRACON& Tower with Radar,35,27,25,18,105,0,5,51,32,88,35,32,76,50,193,130,126,256,449
11/22/2016,COS,CO,ANM,WE,Combined TRACON& Tower with Radar,36,30,45,23,134,0,2,2,6,10,36,32,47,29,144,4,44,48,192
11/23/2016,COS,CO,ANM,WE,Combined TRACON& Tower with Radar,41,30,39,2,112,0,3,68,3,74,41,33,107,5,186,200,24,224,410
11/24/2016,COS,CO,ANM,WE,Combined TRACON& Tower with Radar,31,11,5,0,47,0,8,6,0,14,31,19,11,0,61,0,0,0,61
11/25/2016,COS,CO,ANM,WE,Combined TRACON& Tower with Radar,38,16,37,0,91,0,2,51,4,57,38,18,88,4,148,150,0,150,298
11/26/2016,COS,CO,ANM,WE,Combined TRACON& Tower with Radar,40,34,37,2,113,0,4,86,4,94,40,38,123,6,207,40,0,40,247
11/27/2016,COS,CO,ANM,WE,Combined TRACON& Tower with Radar,38,34,27,5,104,0,4,6,3,13,38,38,33,8,117,0,0,0,117
11/28/2016,COS,CO,ANM,WE,Combined TRACON& Tower with Radar,36,32,28,45,141,0,0,23,24,47,36,32,51,69,188,46,84,130,318
11/29/2016,COS,CO,ANM,WE,Combined TRACON& Tower with Radar,33,27,28,22,110,0,4,21,39,64,33,31,49,61,174,74,188,262,436
11/30/2016,COS,CO,ANM,WE,Combined TRACON& Tower with Radar,38,26,58,32,154,0,3,63,34,100,38,29,121,66,254,126,104,230,484
12/01/2016,COS,CO,ANM,WE,Combined TRACON& Tower with Radar,31,20,9,28,88,0,6,24,19,49,31,26,33,47,137,96,180,276,413
12/02/2016,COS,CO,ANM,WE,Combined TRACON& Tower with Radar,40,26,18,18,102,0,4,4,5,13,40,30,22,23,115,8,14,22,137
12/03/2016,COS,CO,ANM,WE,Combined TRACON& Tower with Radar,32,21,16,14,83,0,2,71,8,81,32,23,87,22,164,102,10,112,276
12/04/2016,COS,CO,ANM,WE,Combined TRACON& Tower with Radar,36,20,21,10,87,0,2,52,5,59,36,22,73,15,146,28,2,30,176
12/05/2016,COS,CO,ANM,WE,Combined TRACON& Tower with Radar,39,30,15,21,105,0,9,15,10,34,39,39,30,31,139,38,0,38,177
12/06/2016,COS,CO,ANM,WE,Combined TRACON& Tower with Radar,36,29,28,12,105,0,13,28,30,71,36,42,56,42,176,56,96,152,328
12/07/2016,COS,CO,ANM,WE,Combined TRACON& Tower with Radar,36,34,11,9,90,0,1,0,5,6,36,35,11,14,96,0,0,0,96
12/08/2016,COS,CO,ANM,WE,Combined TRACON& Tower with Radar,52,28,6,15,101,0,0,6,0,6,52,28,12,15,107,10,8,18,125
12/09/2016,COS,CO,ANM,WE,Combined TRACON& Tower with Radar,41,29,18,20,108,0,5,62,13,80,41,34,80,33,188,110,74,184,372
12/10/2016,COS,CO,ANM,WE,Combined TRACON& Tower with Radar,31,23,16,10,80,0,4,42,4,50,31,27,58,14,130,162,0,162,292
12/11/2016,COS,CO,ANM,WE,Combined TRACON& Tower with Radar,38,20,19,15,92,0,1,26,2,29,38,21,45,17,121,16,20,36,157
12/12/2016,COS,CO,ANM,WE,Combined TRACON& Tower with Radar,39,25,26,12,102,0,4,29,14,47,39,29,55,26,149,44,184,228,377
12/13/2016,COS,CO,ANM,WE,Combined TRACON& Tower with Radar,36,32,26,19,113,0,7,58,14,79,36,39,84,33,192,122,48,170,362
12/14/2016,COS,CO,ANM,WE,Combined TRACON& Tower with Radar,38,25,24,14,101,0,6,39,33,78,38,31,63,47,179,128,84,212,391
12/15/2016,COS,CO,ANM,WE,Combined TRACON& Tower with Radar,53,26,18,6,103,0,2,32,12,46,53,28,50,18,149,74,8,82,231
12/16/2016,COS,CO,ANM,WE,Combined TRACON& Tower with Radar,36,37,19,14,106,0,2,4,3,9,36,39,23,17,115,20,6,26,141
12/17/2016,COS,CO,ANM,WE,Combined TRACON& Tower with Radar,25,34,11,3,73,0,1,24,0,25,25,35,35,3,98,0,0,0,98
12/18/2016,COS,CO,ANM,WE,Combined TRACON& Tower with Radar,27,36,27,6,96,0,8,54,0,62,27,44,81,6,158,60,0,60,218
12/19/2016,COS,CO,ANM,WE,Combined TRACON& Tower with Radar,35,39,25,10,109,0,5,65,1,71,35,44,90,11,180,70,30,100,280
12/20/2016,COS,CO,ANM,WE,Combined TRACON& Tower with Radar,33,37,26,32,128,0,3,97,16,116,33,40,123,48,244,246,56,302,546
12/21/2016,COS,CO,ANM,WE,Combined TRACON& Tower with Radar,35,39,35,19,128,0,3,48,9,60,35,42,83,28,188,58,30,88,276
12/22/2016,COS,CO,ANM,WE,Combined TRACON& Tower with Radar,37,45,28,19,129,0,0,11,1,12,37,45,39,20,141,54,26,80,221
12/23/2016,COS,CO,ANM,WE,Combined TRACON& Tower with Radar,37,41,36,0,114,0,6,101,2,109,37,47,137,2,223,86,0,86,309
12/24/2016,COS,CO,ANM,WE,Combined TRACON& Tower with Radar,31,20,11,0,62,0,7,58,2,67,31,27,69,2,129,94,0,94,223
12/25/2016,COS,CO,ANM,WE,Combined TRACON& Tower with Radar,29,20,4,0,53,0,0,0,0,0,29,20,4,0,53,0,0,0,53
12/26/2016,COS,CO,ANM,WE,Combined TRACON& Tower with Radar,32,42,38,0,112,0,9,62,1,72,32,51,100,1,184,94,0,94,278
12/27/2016,COS,CO,ANM,WE,Combined TRACON& Tower with Radar,31,34,25,20,110,0,5,43,3,51,31,39,68,23,161,80,10,90,251
12/28/2016,COS,CO,ANM,WE,Combined TRACON& Tower with Radar,39,38,18,23,118,0,6,32,9,47,39,44,50,32,165,6,0,6,171
12/29/2016,COS,CO,ANM,WE,Combined TRACON& Tower with Radar,36,34,20,23,113,0,6,87,12,105,36,40,107,35,218,112,40,152,370
12/30/2016,COS,CO,ANM,WE,Combined TRACON& Tower with Radar,36,39,19,4,98,0,4,79,4,87,36,43,98,8,185,128,0,128,313
12/31/2016,COS,CO,ANM,WE,Combined TRACON& Tower with Radar,32,29,11,0,72,0,0,61,1,62,32,29,72,1,134,82,0,82,216
01/01/2017,COS,CO,ANM,WE,Combined TRACON& Tower with Radar,30,36,14,0,80,0,4,41,2,47,30,40,55,2,127,64,2,66,193
01/02/2017,COS,CO,ANM,WE,Combined TRACON& Tower with Radar,33,35,30,2,100,0,2,15,0,17,33,37,45,2,117,8,0,8,125
01/03/2017,COS,CO,ANM,WE,Combined TRACON& Tower with Radar,31,35,11,2,79,0,0,1,2,3,31,35,12,4,82,0,0,0,82
01/04/2017,COS,CO,ANM,WE,Combined TRACON& Tower with Radar,38,22,27,8,95,0,1,11,7,19,38,23,38,15,114,42,8,50,164
01/05/2017,COS,CO,ANM,WE,Combined TRACON& Tower with Radar,38,35,8,2,83,0,0,0,0,0,38,35,8,2,83,0,0,0,83
01/06/2017,COS,CO,ANM,WE,Combined TRACON& Tower with Radar,42,32,21,12,107,0,3,37,11,51,42,35,58,23,158,24,20,44,202
01/07/2017,COS,CO,ANM,WE,Combined TRACON& Tower with Radar,33,22,22,29,106,0,6,51,20,77,33,28,73,49,183,80,24,104,287
01/08/2017,COS,CO,ANM,WE,Combined TRACON& Tower with Radar,40,30,21,15,106,0,5,42,9,56,40,35,63,24,162,102,14,116,278
01/09/2017,COS,CO,ANM,WE,Combined TRACON& Tower with Radar,21,22,4,1,48,0,1,0,0,1,21,23,4,1,49,0,0,0,49
01/10/2017,COS,CO,ANM,WE,Combined TRACON& Tower with Radar,38,22,15,8,83,0,2,7,3,12,38,24,22,11,95,0,0,0,95
01/11/2017,COS,CO,ANM,WE,Combined TRACON& Tower with Radar,35,26,17,18,96,0,2,7,9,18,35,28,24,27,114,0,34,34,148
01/12/2017,COS,CO,ANM,WE,Combined TRACON& Tower with Radar,35,36,33,29,133,0,3,43,21,67,35,39,76,50,200,106,78,184,384
01/13/2017,COS,CO,ANM,WE,Combined TRACON& Tower with Radar,35,29,25,31,120,0,3,38,21,62,35,32,63,52,182,110,34,144,326
01/14/2017,COS,CO,ANM,WE,Combined TRACON& Tower with Radar,30,20,21,4,75,0,6,65,6,77,30,26,86,10,152,112,0,112,264
01/15/2017,COS,CO,ANM,WE,Combined TRACON& Tower with Radar,33,20,7,3,63,0,1,0,0,1,33,21,7,3,64,112,0,112,176
01/16/2017,COS,CO,ANM,WE,Combined TRACON& Tower with Radar,35,28,10,5,78,0,0,0,0,0,35,28,10,5,78,0,0,0,78
01/17/2017,COS,CO,ANM,WE,Combined TRACON& Tower with Radar,34,21,32,25,112,0,4,22,17,43,34,25,54,42,155,38,124,162,317
01/18/2017,COS,CO,ANM,WE,Combined TRACON& Tower with Radar,35,23,27,36,121,0,10,50,46,106,35,33,77,82,227,49,156,205,432
01/19/2017,COS,CO,ANM,WE,Combined TRACON& Tower with Radar,36,32,27,15,110,0,9,57,37,103,36,41,84,52,213,126,154,280,493
01/20/2017,COS,CO,ANM,WE,Combined TRACON& Tower with Radar,37,37,19,26,119,0,0,1,9,10,37,37,20,35,129,50,94,144,273
01/21/2017,COS,CO,ANM,WE,Combined TRACON& Tower with Radar,28,20,34,6,88,0,0,49,6,55,28,20,83,12,143,224,94,318,461
01/22/2017,COS,CO,ANM,WE,Combined TRACON& Tower with Radar,33,29,19,19,100,0,1,30,1,32,33,30,49,20,132,40,8,48,180
01/23/2017,COS,CO,ANM,WE,Combined TRACON& Tower with Radar,50,30,19,16,115,2,4,10,30,46,52,34,29,46,161,8,170,178,339
01/24/2017,COS,CO,ANM,WE,Combined TRACON& Tower with Radar,47,39,12,59,157,0,4,12,35,51,47,43,24,94,208,16,120,136,344
01/25/2017,COS,CO,ANM,WE,Combined TRACON& Tower with Radar,35,27,21,34,117,0,0,10,15,25,35,27,31,49,142,56,70,126,268
01/26/2017,COS,CO,ANM,WE,Combined TRACON& Tower with Radar,37,30,16,33,116,0,0,19,12,31,37,30,35,45,147,52,42,94,241
01/27/2017,COS,CO,ANM,WE,Combined TRACON& Tower with Radar,40,28,33,27,128,0,0,68,30,98,40,28,101,57,226,132,114,246,472
01/28/2017,COS,CO,ANM,WE,Combined TRACON& Tower with Radar,31,28,22,30,111,0,0,36,10,46,31,28,58,40,157,56,46,102,259
01/29/2017,COS,CO,ANM,WE,Combined TRACON& Tower with Radar,32,26,20,4,82,0,9,76,6,91,32,35,96,10,173,48,22,70,243
01/30/2017,COS,CO,ANM,WE,Combined TRACON& Tower with Radar,34,31,20,15,100,0,2,42,27,71,34,33,62,42,171,100,118,218,389
01/31/2017,COS,CO,ANM,WE,Combined TRACON& Tower with Radar,33,25,14,23,95,0,6,28,45,79,33,31,42,68,174,90,160,250,424
02/01/2017,COS,CO,ANM,WE,Combined TRACON& Tower with Radar,42,25,45,21,133,0,4,40,31,75,42,29,85,52,208,112,90,202,410
02/02/2017,COS,CO,ANM,WE,Combined TRACON& Tower with Radar,36,31,6,2,75,0,0,0,0,0,36,31,6,2,75,0,0,0,75
02/03/2017,COS,CO,ANM,WE,Combined TRACON& Tower with Radar,40,36,20,10,106,0,0,0,1,1,40,36,20,11,107,0,4,4,111
02/04/2017,COS,CO,ANM,WE,Combined TRACON& Tower with Radar,27,18,7,10,62,6,1,15,0,22,33,19,22,10,84,4,0,4,88
02/05/2017,COS,CO,ANM,WE,Combined TRACON& Tower with Radar,32,21,21,6,80,6,0,65,1,72,38,21,86,7,152,84,0,84,236
02/06/2017,COS,CO,ANM,WE,Combined TRACON& Tower with Radar,32,31,15,11,89,0,5,13,11,29,32,36,28,22,118,38,88,126,244
02/07/2017,COS,CO,ANM,WE,Combined TRACON& Tower with Radar,33,23,21,18,95,0,4,15,23,42,33,27,36,41,137,26,36,62,199
02/08/2017,COS,CO,ANM,WE,Combined TRACON& Tower with Radar,34,23,14,22,93,0,6,12,6,24,34,29,26,28,117,10,22,32,149
02/09/2017,COS,CO,ANM,WE,Combined TRACON& Tower with Radar,37,30,25,18,110,0,6,45,42,93,37,36,70,60,203,128,378,506,709
02/10/2017,COS,CO,ANM,WE,Combined TRACON& Tower with Radar,40,29,16,23,108,0,2,33,11,46,40,31,49,34,154,54,28,82,236
02/11/2017,COS,CO,ANM,WE,Combined TRACON& Tower with Radar,26,21,4,7,58,0,1,4,1,6,26,22,8,8,64,0,10,10,74
02/12/2017,COS,CO,ANM,WE,Combined TRACON& Tower with Radar,33,28,25,17,103,0,1,12,0,13,33,29,37,17,116,30,10,40,156
02/13/2017,COS,CO,ANM,WE,Combined TRACON& Tower with Radar,37,25,23,13,98,0,6,20,36,62,37,31,43,49,160,128,186,314,474
02/14/2017,COS,CO,ANM,WE,Combined TRACON& Tower with Radar,31,20,16,34,101,0,3,27,42,72,31,23,43,76,173,96,194,290,463
02/15/2017,COS,CO,ANM,WE,Combined TRACON& Tower with Radar,33,23,46,19,121,0,6,60,39,105,33,29,106,58,226,214,198,412,638
02/16/2017,COS,CO,ANM,WE,Combined TRACON& Tower with Radar,40,31,35,25,131,0,5,60,35,100,40,36,95,60,231,210,280,490,721
02/17/2017,COS,CO,ANM,WE,Combined TRACON& Tower with Radar,38,34,35,33,140,0,6,77,28,111,38,40,112,61,251,214,186,400,651
02/18/2017,COS,CO,ANM,WE,Combined TRACON& Tower with Radar,30,20,28,10,88,0,2,66,5,73,30,22,94,15,161,142,8,150,311
02/19/2017,COS,CO,ANM,WE,Combined TRACON& Tower with Radar,35,29,31,6,101,0,0,36,0,36,35,29,67,6,137,44,10,54,191
02/20/2017,COS,CO,ANM,WE,Combined TRACON& Tower with Radar,38,30,25,7,100,0,9,64,1,74,38,39,89,8,174,127,40,167,341
02/21/2017,COS,CO,ANM,WE,Combined TRACON& Tower with Radar,39,32,22,19,112,0,5,16,9,30,39,37,38,28,142,20,54,74,216
02/22/2017,COS,CO,ANM,WE,Combined TRACON& Tower with Radar,35,26,14,19,94,0,10,10,15,35,35,36,24,34,129,22,54,76,205
02/23/2017,COS,CO,ANM,WE,Combined TRACON& Tower with Radar,40,34,20,15,109,0,6,4,27,37,40,40,24,42,146,88,182,270,416
02/24/2017,COS,CO,ANM,WE,Combined TRACON& Tower with Radar,38,33,19,5,95,0,3,13,14,30,38,36,32,19,125,44,72,116,241
02/25/2017,COS,CO,ANM,WE,Combined TRACON& Tower with Radar,30,24,16,36,106,0,6,59,15,80,30,30,75,51,186,100,60,160,346
02/26/2017,COS,CO,ANM,WE,Combined TRACON& Tower with Radar,35,23,22,17,97,0,7,58,5,70,35,30,80,22,167,118,6,124,291
02/27/2017,COS,CO,ANM,WE,Combined TRACON& Tower with Radar,38,34,10,8,90,0,2,10,19,31,38,36,20,27,121,10,144,154,275
02/28/2017,COS,CO,ANM,WE,Combined TRACON& Tower with Radar,32,28,10,11,81,0,3,6,7,16,32,31,16,18,97,0,0,0,97
03/01/2017,COS,CO,ANM,WE,Combined TRACON& Tower with Radar,42,24,37,15,118,0,6,63,19,88,42,30,100,34,206,114,46,160,366
03/02/2017,COS,CO,ANM,WE,Combined TRACON& Tower with Radar,42,37,25,39,143,0,5,74,39,118,42,42,99,78,261,144,180,324,585
03/03/2017,COS,CO,ANM,WE,Combined TRACON& Tower with Radar,38,34,27,33,132,0,4,65,15,84,38,38,92,48,216,174,64,238,454
03/04/2017,COS,CO,ANM,WE,Combined TRACON& Tower with Radar,28,23,24,35,110,0,15,82,26,123,28,38,106,61,233,114,26,140,373
03/05/2017,COS,CO,ANM,WE,Combined TRACON& Tower with Radar,36,21,19,9,85,0,6,27,4,37,36,27,46,13,122,46,16,62,184
03/06/2017,COS,CO,ANM,WE,Combined TRACON& Tower with Radar,28,29,18,8,83,0,0,3,0,3,28,29,21,8,86,10,0,10,96
03/07/2017,COS,CO,ANM,WE,Combined TRACON& Tower with Radar,35,21,21,11,88,0,5,18,16,39,35,26,39,27,127,30,8,38,165
03/08/2017,COS,CO,ANM,WE,Combined TRACON& Tower with Radar,39,28,15,18,100,0,11,33,13,57,39,39,48,31,157,14,44,58,215
03/09/2017,COS,CO,ANM,WE,Combined TRACON& Tower with Radar,35,32,28,23,118,0,4,56,32,92,35,36,84,55,210,172,218,390,600
03/10/2017,COS,CO,ANM,WE,Combined TRACON& Tower with Radar,38,30,15,36,119,0,4,75,5,84,38,34,90,41,203,174,42,216,419
03/11/2017,COS,CO,ANM,WE,Combined TRACON& Tower with Radar,29,29,27,42,127,0,11,50,7,68,29,40,77,49,195,136,46,182,377
03/12/2017,COS,CO,ANM,WE,Combined TRACON& Tower with Radar,33,25,18,28,104,0,2,32,3,37,33,27,50,31,141,52,0,52,193
03/13/2017,COS,CO,ANM,WE,Combined TRACON& Tower with Radar,35,33,27,18,113,0,4,49,18,71,35,37,76,36,184,164,70,234,418
03/14/2017,COS,CO,ANM,WE,Combined TRACON& Tower with Radar,34,30,28,23,115,0,3,45,60,108,34,33,73,83,223,122,246,368,591
03/15/2017,COS,CO,ANM,WE,Combined TRACON& Tower with Radar,34,39,36,28,137,0,4,61,45,110,34,43,97,73,247,112,206,318,565
03/16/2017,COS,CO,ANM,WE,Combined TRACON& Tower with Radar,38,38,42,42,160,0,7,65,30,102,38,45,107,72,262,114,110,224,486
03/17/2017,COS,CO,ANM,WE,Combined TRACON& Tower with Radar,34,29,27,19,109,0,9,56,16,81,34,38,83,35,190,124,106,230,420
03/18/2017,COS,CO,ANM,WE,Combined TRACON& Tower with Radar,30,33,33,10,106,0,5,89,3,97,30,38,122,13,203,294,6,300,503
03/19/2017,COS,CO,ANM,WE,Combined TRACON& Tower with Radar,30,33,19,3,85,0,1,59,7,67,30,34,78,10,152,138,0,138,290
03/20/2017,COS,CO,ANM,WE,Combined TRACON& Tower with Radar,41,30,40,29,140,0,2,60,30,92,41,32,100,59,232,48,166,214,446
03/21/2017,COS,CO,ANM,WE,Combined TRACON& Tower with Radar,31,21,11,18,81,0,1,10,19,30,31,22,21,37,111,130,114,244,355
03/22/2017,COS,CO,ANM,WE,Combined TRACON& Tower with Radar,31,28,23,12,94,0,1,14,22,37,31,29,37,34,131,146,226,372,503
03/23/2017,COS,CO,ANM,WE,Combined TRACON& Tower with Radar,38,37,29,11,115,0,10,25,24,59,38,47,54,35,174,66,72,138,312
03/24/2017,COS,CO,ANM,WE,Combined TRACON& Tower with Radar,36,32,7,5,80,0,1,3,1,5,36,33,10,6,85,0,0,0,85
03/25/2017,COS,CO,ANM,WE,Combined TRACON& Tower with Radar,30,30,29,10,99,0,4,89,1,94,30,34,118,11,193,178,28,206,399
03/26/2017,COS,CO,ANM,WE,Combined TRACON& Tower with Radar,29,32,20,2,83,0,0,10,2,12,29,32,30,4,95,32,0,32,127
03/27/2017,COS,CO,ANM,WE,Combined TRACON& Tower with Radar,34,34,24,5,97,0,0,64,15,79,34,34,88,20,176,106,46,152,328
03/28/2017,COS,CO,ANM,WE,Combined TRACON& Tower with Radar,31,28,6,13,78,0,1,4,4,9,31,29,10,17,87,56,0,56,143
03/29/2017,COS,CO,ANM,WE,Combined TRACON& Tower with Radar,36,33,16,22,107,2,7,17,15,41,38,40,33,37,148,14,44,58,206
03/30/2017,COS,CO,ANM,WE,Combined TRACON& Tower with Radar,42,40,27,20,129,0,6,84,7,97,42,46,111,27,226,148,38,186,412
03/31/2017,COS,CO,ANM,WE,Combined TRACON& Tower with Radar,40,30,9,19,98,0,1,0,1,2,40,31,9,20,100,134,48,182,282
04/01/2017,COS,CO,ANM,WE,Combined TRACON& Tower with Radar,30,25,4,8,67,0,0,0,0,0,30,25,4,8,67,0,0,0,67
04/02/2017,COS,CO,ANM,WE,Combined TRACON& Tower with Radar,35,32,55,17,139,0,3,83,10,96,35,35,138,27,235,134,50,184,419
04/03/2017,COS,CO,ANM,WE,Combined TRACON& Tower with Radar,37,33,29,15,114,0,3,35,16,54,37,36,64,31,168,160,54,214,382
04/04/2017,COS,CO,ANM,WE,Combined TRACON& Tower with Radar,36,24,13,1,74,0,1,1,0,2,36,25,14,1,76,0,0,0,76
04/05/2017,COS,CO,ANM,WE,Combined TRACON& Tower with Radar,37,27,39,31,134,0,1,66,34,101,37,28,105,65,235,158,198,356,591
04/06/2017,COS,CO,ANM,WE,Combined TRACON& Tower with Radar,42,32,33,34,141,0,7,82,39,128,42,39,115,73,269,116,270,386,655
04/07/2017,COS,CO,ANM,WE,Combined TRACON& Tower with Radar,41,32,27,21,121,0,3,66,31,100,41,35,93,52,221,131,136,267,488
04/08/2017,COS,CO,ANM,WE,Combined TRACON& Tower with Radar,36,18,32,7,93,0,2,54,10,66,36,20,86,17,159,80,8,88,247
04/09/2017,COS,CO,ANM,WE,Combined TRACON& Tower with Radar,38,25,19,6,88,0,0,14,0,14,38,25,33,6,102,0,0,0,102
04/10/2017,COS,CO,ANM,WE,Combined TRACON& Tower with Radar,51,29,41,19,140,0,0,69,37,106,51,29,110,56,246,138,226,364,610
04/11/2017,COS,CO,ANM,WE,Combined TRACON& Tower with Radar,36,30,31,54,151,0,7,67,48,122,36,37,98,102,273,106,213,319,592
04/12/2017,COS,CO,ANM,WE,Combined TRACON& Tower with Radar,38,31,21,26,116,0,11,77,57,145,38,42,98,83,261,156,186,342,603
04/13/2017,COS,CO,ANM,WE,Combined TRACON& Tower with Radar,41,32,33,29,135,0,9,63,24,96,41,41,96,53,231,194,126,320,551
04/14/2017,COS,CO,ANM,WE,Combined TRACON& Tower with Radar,43,33,29,11,116,0,4,55,16,75,43,37,84,27,191,40,90,130,321
04/15/2017,COS,CO,ANM,WE,Combined TRACON& Tower with Radar,30,21,37,10,98,0,2,118,9,129,30,23,155,19,227,104,24,128,355
04/16/2017,COS,CO,ANM,WE,Combined TRACON& Tower with Radar,37,27,13,14,91,0,4,37,3,44,37,31,50,17,135,132,24,156,291
04/17/2017,COS,CO,ANM,WE,Combined TRACON& Tower with Radar,37,33,21,27,118,0,5,29,35,69,37,38,50,62,187,114,130,244,431
04/18/2017,COS,CO,ANM,WE,Combined TRACON& Tower with Radar,39,21,25,24,109,0,5,206,213,424,39,26,231,237,533,0,0,0,533
04/19/2017,COS,CO,ANM,WE,Combined TRACON& Tower with Radar,43,30,13,23,109,0,5,11,14,30,43,35,24,37,139,4,24,28,167
04/20/2017,COS,CO,ANM,WE,Combined TRACON& Tower with Radar,50,31,26,25,132,0,4,39,38,81,50,35,65,63,213,166,228,394,607
04/21/2017,COS,CO,ANM,WE,Combined TRACON& Tower with Radar,43,28,27,25,123,0,0,12,6,18,43,28,39,31,141,46,8,54,195
04/22/2017,COS,CO,ANM,WE,Combined TRACON& Tower with Radar,33,29,22,7,91,0,6,10,13,29,33,35,32,20,120,94,16,110,230
04/23/2017,COS,CO,ANM,WE,Combined TRACON& Tower with Radar,37,27,26,22,112,0,6,52,6,64,37,33,78,28,176,230,0,230,406
04/24/2017,COS,CO,ANM,WE,Combined TRACON& Tower with Radar,51,36,33,18,138,0,8,50,30,88,51,44,83,48,226,166,84,250,476
04/25/2017,COS,CO,ANM,WE,Combined TRACON& Tower with Radar,41,36,22,22,121,0,3,59,22,84,41,39,81,44,205,0,0,0,205
04/26/2017,COS,CO,ANM,WE,Combined TRACON& Tower with Radar,37,31,24,22,114,0,3,49,46,98,37,34,73,68,212,108,214,322,534
04/27/2017,COS,CO,ANM,WE,Combined TRACON& Tower with Radar,46,32,28,23,129,0,2,19,36,57,46,34,47,59,186,80,116,196,382
04/28/2017,COS,CO,ANM,WE,Combined TRACON& Tower with Radar,44,38,30,24,136,0,2,43,29,74,44,40,73,53,210,172,109,281,491
04/29/2017,COS,CO,ANM,WE,Combined TRACON& Tower with Radar,35,23,2,5,65,0,0,0,0,0,35,23,2,5,65,0,0,0,65
04/30/2017,COS,CO,ANM,WE,Combined TRACON& Tower with Radar,36,27,14,6,83,0,3,10,2,15,36,30,24,8,98,0,0,0,98
05/01/2017,COS,CO,ANM,WE,Combined TRACON& Tower with Radar,43,25,22,35,125,0,2,69,25,96,43,27,91,60,221,274,210,484,705
05/02/2017,COS,CO,ANM,WE,Combined TRACON& Tower with Radar,39,23,24,13,99,0,2,36,19,57,39,25,60,32,156,126,102,228,384
05/03/2017,COS,CO,ANM,WE,Combined TRACON& Tower with Radar,39,30,30,43,142,0,7,30,23,60,39,37,60,66,202,76,128,204,406
05/04/2017,COS,CO,ANM,WE,Combined TRACON& Tower with Radar,44,26,14,29,113,0,3,80,29,112,44,29,94,58,225,170,188,358,583
05/05/2017,COS,CO,ANM,WE,Combined TRACON& Tower with Radar,40,38,35,18,131,0,0,94,15,109,40,38,129,33,240,172,70,242,482
05/06/2017,COS,CO,ANM,WE,Combined TRACON& Tower with Radar,35,24,28,4,91,0,5,89,14,108,35,29,117,18,199,284,52,336,535
05/07/2017,COS,CO,ANM,WE,Combined TRACON& Tower with Radar,34,31,14,7,86,0,3,24,2,29,34,34,38,9,115,12,58,70,185
05/08/2017,COS,CO,ANM,WE,Combined TRACON& Tower with Radar,44,26,22,23,115,0,1,38,8,47,44,27,60,31,162,170,20,190,352
05/09/2017,COS,CO,ANM,WE,Combined TRACON& Tower with Radar,36,34,21,49,140,0,3,2,3,8,36,37,23,52,148,20,22,42,190
05/10/2017,COS,CO,ANM,WE,Combined TRACON& Tower with Radar,42,39,24,16,121,0,2,25,14,41,42,41,49,30,162,64,70,134,296
05/11/2017,COS,CO,ANM,WE,Combined TRACON& Tower with Radar,43,35,31,21,130,0,2,35,23,60,43,37,66,44,190,84,76,160,350
05/12/2017,COS,CO,ANM,WE,Combined TRACON& Tower with Radar,41,38,58,31,168,0,2,114,13,129,41,40,172,44,297,108,50,158,455
05/13/2017,COS,CO,ANM,WE,Combined TRACON& Tower with Radar,33,24,25,5,87,0,7,57,8,72,33,31,82,13,159,26,6,32,191
05/14/2017,COS,CO,ANM,WE,Combined TRACON& Tower with Radar,35,28,34,9,106,0,0,39,2,41,35,28,73,11,147,66,12,78,225
05/15/2017,COS,CO,ANM,WE,Combined TRACON& Tower with Radar,39,33,30,18,120,0,0,47,16,63,39,33,77,34,183,130,106,236,419
05/16/2017,COS,CO,ANM,WE,Combined TRACON& Tower with Radar,42,36,12,24,114,0,4,49,16,69,42,40,61,40,183,104,56,160,343
05/17/2017,COS,CO,ANM,WE,Combined TRACON& Tower with Radar,44,42,30,27,143,0,6,53,21,80,44,48,83,48,223,120,122,242,465
05/18/2017,COS,CO,ANM,WE,Combined TRACON& Tower with Radar,40,30,8,14,92,0,0,0,2,2,40,30,8,16,94,0,0,0,94
05/19/2017,COS,CO,ANM,WE,Combined TRACON& Tower with Radar,40,32,24,13,109,0,0,19,6,25,40,32,43,19,134,40,4,44,178
05/20/2017,COS,CO,ANM,WE,Combined TRACON& Tower with Radar,38,26,38,5,107,0,9,114,2,125,38,35,152,7,232,260,46,306,538
05/21/2017,COS,CO,ANM,WE,Combined TRACON& Tower with Radar,41,33,34,6,114,0,4,77,1,82,41,37,111,7,196,80,0,80,276
05/22/2017,COS,CO,ANM,WE,Combined TRACON& Tower with Radar,38,29,36,29,132,0,2,49,17,68,38,31,85,46,200,104,34,138,338
05/23/2017,COS,CO,ANM,WE,Combined TRACON& Tower with Radar,38,37,50,27,152,0,4,60,24,88,38,41,110,51,240,162,42,204,444
05/24/2017,COS,CO,ANM,WE,Combined TRACON& Tower with Radar,41,38,28,30,137,0,7,93,11,111,41,45,121,41,248,240,132,372,620
05/25/2017,COS,CO,ANM,WE,Combined TRACON& Tower with Radar,41,33,28,27,129,0,2,46,5,53,41,35,74,32,182,78,94,172,354
05/26/2017,COS,CO,ANM,WE,Combined TRACON& Tower with Radar,49,31,39,13,132,0,4,57,3,64,49,35,96,16,196,68,40,108,304
05/27/2017,COS,CO,ANM,WE,Combined TRACON& Tower with Radar,28,19,14,0,61,0,5,24,3,32,28,24,38,3,93,146,2,148,241
05/28/2017,COS,CO,ANM,WE,Combined TRACON& Tower with Radar,30,18,23,4,75,0,4,87,0,91,30,22,110,4,166,64,42,106,272
05/29/2017,COS,CO,ANM,WE,Combined TRACON& Tower with Radar,34,22,31,0,87,0,4,50,3,57,34,26,81,3,144,92,0,92,236
05/30/2017,COS,CO,ANM,WE,Combined TRACON& Tower with Radar,35,30,31,20,116,0,0,45,9,54,35,30,76,29,170,148,104,252,422
05/31/2017,COS,CO,ANM,WE,Combined TRACON& Tower with Radar,38,43,27,26,134,0,7,57,20,84,38,50,84,46,218,70,58,128,346
06/01/2017,COS,CO,ANM,WE,Combined TRACON& Tower with Radar,40,39,29,37,145,0,5,48,38,91,40,44,77,75,236,94,218,312,548
06/02/2017,COS,CO,ANM,WE,Combined TRACON& Tower with Radar,36,32,25,39,132,0,2,41,16,59,36,34,66,55,191,112,108,220,411
06/03/2017,COS,CO,ANM,WE,Combined TRACON& Tower with Radar,34,23,21,35,113,0,3,60,14,77,34,26,81,49,190,98,84,182,372
06/04/2017,COS,CO,ANM,WE,Combined TRACON& Tower with Radar,36,42,43,22,143,0,3,67,16,86,36,45,110,38,229,130,10,140,369
06/05/2017,COS,CO,ANM,WE,Combined TRACON& Tower with Radar,38,37,22,20,117,0,4,36,15,55,38,41,58,35,172,52,42,94,266
06/06/2017,COS,CO,ANM,WE,Combined TRACON& Tower with Radar,35,37,36,22,130,0,2,25,46,73,35,39,61,68,203,36,192,228,431
06/07/2017,COS,CO,ANM,WE,Combined TRACON& Tower with Radar,37,48,59,25,169,0,3,51,52,106,37,51,110,77,275,78,292,370,645
06/08/2017,COS,CO,ANM,WE,Combined TRACON& Tower with Radar,38,48,34,36,156,0,3,53,40,96,38,51,87,76,252,156,200,356,608
06/09/2017,COS,CO,ANM,WE,Combined TRACON& Tower with Radar,36,31,47,28,142,0,6,85,31,122,36,37,132,59,264,116,0,116,380
06/10/2017,COS,CO,ANM,WE,Combined TRACON& Tower with Radar,35,23,32,3,93,0,9,78,7,94,35,32,110,10,187,204,134,338,525
06/11/2017,COS,CO,ANM,WE,Combined TRACON& Tower with Radar,40,31,32,25,128,0,1,53,8,62,40,32,85,33,190,146,20,166,356
06/12/2017,COS,CO,ANM,WE,Combined TRACON& Tower with Radar,47,41,34,30,152,0,9,62,41,112,47,50,96,71,264,154,330,484,748
06/13/2017,COS,CO,ANM,WE,Combined TRACON& Tower with Radar,38,33,19,15,105,0,3,38,46,87,38,36,57,61,192,66,200,266,458
06/14/2017,COS,CO,ANM,WE,Combined TRACON& Tower with Radar,38,33,30,19,120,0,6,69,61,136,38,39,99,80,256,142,294,436,692
06/15/2017,COS,CO,ANM,WE,Combined TRACON& Tower with Radar,44,35,39,35,153,0,4,92,44,140,44,39,131,79,293,196,182,378,671
06/16/2017,COS,CO,ANM,WE,Combined TRACON& Tower with Radar,48,40,57,30,175,0,7,74,19,100,48,47,131,49,275,108,60,168,443
06/17/2017,COS,CO,ANM,WE,Combined TRACON& Tower with Radar,43,31,37,18,129,0,2,68,14,84,43,33,105,32,213,124,26,150,363
06/18/2017,COS,CO,ANM,WE,Combined TRACON& Tower with Radar,39,31,45,11,126,0,4,53,1,58,39,35,98,12,184,60,2,62,246
06/19/2017,COS,CO,ANM,WE,Combined TRACON& Tower with Radar,42,43,46,18,149,0,4,69,38,111,42,47,115,56,260,128,190,318,578
06/20/2017,COS,CO,ANM,WE,Combined TRACON& Tower with Radar,36,41,34,18,129,0,2,64,26,92,36,43,98,44,221,134,76,210,431
06/21/2017,COS,CO,ANM,WE,Combined TRACON& Tower with Radar,40,37,44,22,143,0,6,64,28,98,40,43,108,50,241,0,0,0,241
06/22/2017,COS,CO,ANM,WE,Combined TRACON& Tower with Radar,38,46,37,11,132,0,4,56,29,89,38,50,93,40,221,192,160,352,573
06/23/2017,COS,CO,ANM,WE,Combined TRACON& Tower with Radar,43,56,50,45,194,0,1,5,8,14,43,57,55,53,208,2,34,36,244
06/24/2017,COS,CO,ANM,WE,Combined TRACON& Tower with Radar,39,51,57,23,170,0,5,73,17,95,39,56,130,40,265,260,28,288,553
06/25/2017,COS,CO,ANM,WE,Combined TRACON& Tower with Radar,41,37,36,14,128,0,4,45,3,52,41,41,81,17,180,42,20,62,242
06/26/2017,COS,CO,ANM,WE,Combined TRACON& Tower with Radar,42,38,78,29,187,0,0,46,46,92,42,38,124,75,279,148,168,316,595
06/27/2017,COS,CO,ANM,WE,Combined TRACON& Tower with Radar,46,59,48,20,173,0,3,76,45,124,46,62,124,65,297,230,212,442,739
06/28/2017,COS,CO,ANM,WE,Combined TRACON& Tower with Radar,38,49,32,24,143,0,5,65,42,112,38,54,97,66,255,144,238,382,637
06/29/2017,COS,CO,ANM,WE,Combined TRACON& Tower with Radar,40,35,53,18,146,0,2,92,33,127,40,37,145,51,273,246,148,394,667
06/30/2017,COS,CO,ANM,WE,Combined TRACON& Tower with Radar,42,40,61,38,181,0,2,47,37,86,42,42,108,75,267,224,201,425,692
07/01/2017,COS,CO,ANM,WE,Combined TRACON& Tower with Radar,37,43,47,0,127,0,2,82,6,90,37,45,129,6,217,184,2,186,403
07/02/2017,COS,CO,ANM,WE,Combined TRACON& Tower with Radar,36,22,23,0,81,0,4,45,2,51,36,26,68,2,132,100,2,102,234
07/03/2017,COS,CO,ANM,WE,Combined TRACON& Tower with Radar,37,31,25,0,93,0,1,57,1,59,37,32,82,1,152,126,42,168,320
07/04/2017,COS,CO,ANM,WE,Combined TRACON& Tower with Radar,36,18,13,0,67,0,11,50,2,63,36,29,63,2,130,154,20,174,304
07/05/2017,COS,CO,ANM,WE,Combined TRACON& Tower with Radar,52,39,43,17,151,9,1,48,26,84,61,40,91,43,235,142,104,246,481
07/06/2017,COS,CO,ANM,WE,Combined TRACON& Tower with Radar,47,44,35,12,138,0,8,50,64,122,47,52,85,76,260,196,234,430,690
07/07/2017,COS,CO,ANM,WE,Combined TRACON& Tower with Radar,45,32,28,21,126,0,6,44,47,97,45,38,72,68,223,114,200,314,537
07/08/2017,COS,CO,ANM,WE,Combined TRACON& Tower with Radar,39,32,16,17,104,0,2,72,52,126,39,34,88,69,230,168,162,330,560
07/09/2017,COS,CO,ANM,WE,Combined TRACON& Tower with Radar,37,44,29,6,116,0,6,56,4,66,37,50,85,10,182,112,30,142,324
07/10/2017,COS,CO,ANM,WE,Combined TRACON& Tower with Radar,46,46,33,9,134,0,6,56,28,90,46,52,89,37,224,102,142,244,468
07/11/2017,COS,CO,ANM,WE,Combined TRACON& Tower with Radar,50,40,35,11,136,0,5,35,30,70,50,45,70,41,206,63,124,187,393
07/12/2017,COS,CO,ANM,WE,Combined TRACON& Tower with Radar,45,40,37,4,126,0,4,51,38,93,45,44,88,42,219,196,256,452,671
07/13/2017,COS,CO,ANM,WE,Combined TRACON& Tower with Radar,48,37,31,21,137,0,3,53,34,90,48,40,84,55,227,80,122,202,429
07/14/2017,COS,CO,ANM,WE,Combined TRACON& Tower with Radar,49,29,43,15,136,0,3,52,7,62,49,32,95,22,198,131,64,195,393
07/15/2017,COS,CO,ANM,WE,Combined TRACON& Tower with Radar,45,23,20,3,91,0,6,47,1,54,45,29,67,4,145,132,0,132,277
07/16/2017,COS,CO,ANM,WE,Combined TRACON& Tower with Radar,44,35,38,7,124,0,3,68,0,71,44,38,106,7,195,118,14,132,327
07/17/2017,COS,CO,ANM,WE,Combined TRACON& Tower with Radar,49,32,37,17,135,1,2,65,14,82,50,34,102,31,217,128,78,206,423
07/18/2017,COS,CO,ANM,WE,Combined TRACON& Tower with Radar,51,38,16,11,116,0,2,66,39,107,51,40,82,50,223,187,246,433,656
07/19/2017,COS,CO,ANM,WE,Combined TRACON& Tower with Radar,46,35,43,19,143,0,1,66,33,100,46,36,109,52,243,210,192,402,645
07/20/2017,COS,CO,ANM,WE,Combined TRACON& Tower with Radar,50,40,41,20,151,0,12,86,32,130,50,52,127,52,281,224,140,364,645
07/21/2017,COS,CO,ANM,WE,Combined TRACON& Tower with Radar,86,38,36,21,181,0,11,58,32,101,86,49,94,53,282,144,168,312,594
07/22/2017,COS,CO,ANM,WE,Combined TRACON& Tower with Radar,46,34,20,18,118,0,3,68,6,77,46,37,88,24,195,140,0,140,335
07/23/2017,COS,CO,ANM,WE,Combined TRACON& Tower with Radar,42,46,48,8,144,0,7,49,0,56,42,53,97,8,200,68,6,74,274
07/24/2017,COS,CO,ANM,WE,Combined TRACON& Tower with Radar,45,38,15,23,121,0,12,46,33,91,45,50,61,56,212,120,154,274,486
07/25/2017,COS,CO,ANM,WE,Combined TRACON& Tower with Radar,45,40,30,14,129,0,1,42,23,66,45,41,72,37,195,90,150,240,435
07/26/2017,COS,CO,ANM,WE,Combined TRACON& Tower with Radar,44,45,29,23,141,0,5,34,36,75,44,50,63,59,216,138,254,392,608
07/27/2017,COS,CO,ANM,WE,Combined TRACON& Tower with Radar,53,34,31,33,151,0,3,52,29,84,53,37,83,62,235,172,162,334,569
07/28/2017,COS,CO,ANM,WE,Combined TRACON& Tower with Radar,52,39,37,27,155,0,0,37,17,54,52,39,74,44,209,63,36,99,308
07/29/2017,COS,CO,ANM,WE,Combined TRACON& Tower with Radar,45,30,42,8,125,0,0,41,3,44,45,30,83,11,169,82,0,82,251
07/30/2017,COS,CO,ANM,WE,Combined TRACON& Tower with Radar,43,42,43,7,135,0,0,42,4,46,43,42,85,11,181,118,46,164,345
07/31/2017,COS,CO,ANM,WE,Combined TRACON& Tower with Radar,52,41,35,10,138,0,2,60,32,94,52,43,95,42,232,218,282,500,732
08/01/2017,COS,CO,ANM,WE,Combined TRACON& Tower with Radar,44,44,48,38,174,0,1,70,39,110,44,45,118,77,284,166,168,334,618
08/02/2017,COS,CO,ANM,WE,Combined TRACON& Tower with Radar,48,39,53,17,157,0,4,78,25,107,48,43,131,42,264,126,102,228,492
08/03/2017,COS,CO,ANM,WE,Combined TRACON& Tower with Radar,47,44,34,33,158,0,0,38,28,66,47,44,72,61,224,66,134,200,424
08/04/2017,COS,CO,ANM,WE,Combined TRACON& Tower with Radar,62,37,33,36,168,0,4,59,14,77,62,41,92,50,245,47,38,85,330
08/05/2017,COS,CO,ANM,WE,Combined TRACON& Tower with Radar,44,35,38,13,130,0,6,74,5,85,44,41,112,18,215,196,10,206,421
08/06/2017,COS,CO,ANM,WE,Combined TRACON& Tower with Radar,41,42,52,13,148,0,0,47,5,52,41,42,99,18,200,134,8,142,342
08/07/2017,COS,CO,ANM,WE,Combined TRACON& Tower with Radar,46,35,51,9,141,0,0,10,0,10,46,35,61,9,151,42,0,42,193
08/08/2017,COS,CO,ANM,WE,Combined TRACON& Tower with Radar,50,40,69,28,187,0,0,14,6,20,50,40,83,34,207,174,20,194,401
08/09/2017,COS,CO,ANM,WE,Combined TRACON& Tower with Radar,46,44,39,14,143,0,6,68,20,94,46,50,107,34,237,108,82,190,427
08/10/2017,COS,CO,ANM,WE,Combined TRACON& Tower with Radar,51,55,38,27,171,0,7,50,24,81,51,62,88,51,252,96,82,178,430
08/11/2017,COS,CO,ANM,WE,Combined TRACON& Tower with Radar,55,32,59,10,156,0,1,4,0,5,55,33,63,10,161,16,18,34,195
08/12/2017,COS,CO,ANM,WE,Combined TRACON& Tower with Radar,61,45,29,5,140,0,3,50,8,61,61,48,79,13,201,64,92,156,357
08/13/2017,COS,CO,ANM,WE,Combined TRACON& Tower with Radar,44,38,46,18,146,0,3,62,4,69,44,41,108,22,215,120,8,128,343
08/14/2017,COS,CO,ANM,WE,Combined TRACON& Tower with Radar,56,39,32,10,137,0,6,50,34,90,56,45,82,44,227,56,162,218,445
08/15/2017,COS,CO,ANM,WE,Combined TRACON& Tower with Radar,43,35,37,13,128,0,2,70,50,122,43,37,107,63,250,140,178,318,568
08/16/2017,COS,CO,ANM,WE,Combined TRACON& Tower with Radar,47,33,36,31,147,0,4,65,25,94,47,37,101,56,241,166,98,264,505
08/17/2017,COS,CO,ANM,WE,Combined TRACON& Tower with Radar,51,41,44,35,171,0,2,91,43,136,51,43,135,78,307,178,158,336,643
08/18/2017,COS,CO,ANM,WE,Combined TRACON& Tower with Radar,50,33,34,28,145,0,9,87,47,143,50,42,121,75,288,112,82,194,482
08/19/2017,COS,CO,ANM,WE,Combined TRACON& Tower with Radar,61,31,26,32,150,0,3,111,16,130,61,34,137,48,280,176,184,360,640
08/20/2017,COS,CO,ANM,WE,Combined TRACON& Tower with Radar,48,42,41,25,156,0,4,61,6,71,48,46,102,31,227,64,48,112,339
08/21/2017,COS,CO,ANM,WE,Combined TRACON& Tower with Radar,49,22,41,15,127,0,2,84,58,144,49,24,125,73,271,98,222,320,591
08/22/2017,COS,CO,ANM,WE,Combined TRACON& Tower with Radar,43,31,36,42,152,0,3,41,28,72,43,34,77,70,224,89,112,201,425
08/23/2017,COS,CO,ANM,WE,Combined TRACON& Tower with Radar,48,32,15,30,125,0,5,61,43,109,48,37,76,73,234,108,256,364,598
08/24/2017,COS,CO,ANM,WE,Combined TRACON& Tower with Radar,47,34,28,35,144,0,3,50,25,78,47,37,78,60,222,96,114,210,432
08/25/2017,COS,CO,ANM,WE,Combined TRACON& Tower with Radar,51,32,48,65,196,0,2,83,17,102,51,34,131,82,298,214,48,262,560
08/26/2017,COS,CO,ANM,WE,Combined TRACON& Tower with Radar,42,24,21,37,124,0,3,78,10,91,42,27,99,47,215,122,36,158,373
08/27/2017,COS,CO,ANM,WE,Combined TRACON& Tower with Radar,44,38,32,15,129,0,2,52,4,58,44,40,84,19,187,46,0,46,233
08/28/2017,COS,CO,ANM,WE,Combined TRACON& Tower with Radar,47,44,53,20,164,0,2,52,13,67,47,46,105,33,231,96,68,164,395
08/29/2017,COS,CO,ANM,WE,Combined TRACON& Tower with Radar,43,39,35,37,154,0,7,66,22,95,43,46,101,59,249,120,106,226,475
08/30/2017,COS,CO,ANM,WE,Combined TRACON& Tower with Radar,47,43,37,41,168,0,5,58,19,82,47,48,95,60,250,142,64,206,456
08/31/2017,COS,CO,ANM,WE,Combined TRACON& Tower with Radar,48,52,68,10,178,0,7,83,28,118,48,59,151,38,296,138,148,286,582
09/01/2017,COS,CO,ANM,WE,Combined TRACON& Tower with Radar,50,37,44,14,145,0,4,75,9,88,50,41,119,23,233,200,26,226,459
09/02/2017,COS,CO,ANM,WE,Combined TRACON& Tower with Radar,45,22,31,10,108,0,0,74,11,85,45,22,105,21,193,138,24,162,355
09/03/2017,COS,CO,ANM,WE,Combined TRACON& Tower with Radar,42,20,28,5,95,0,10,68,2,80,42,30,96,7,175,158,8,166,341
09/04/2017,COS,CO,ANM,WE,Combined TRACON& Tower with Radar,45,42,53,1,141,0,0,24,0,24,45,42,77,1,165,68,0,68,233
09/05/2017,COS,CO,ANM,WE,Combined TRACON& Tower with Radar,47,41,82,15,185,0,2,34,12,48,47,43,116,27,233,154,144,298,531
09/06/2017,COS,CO,ANM,WE,Combined TRACON& Tower with Radar,42,34,44,32,152,0,3,88,21,112,42,37,132,53,264,158,92,250,514
09/07/2017,COS,CO,ANM,WE,Combined TRACON& Tower with Radar,44,43,52,31,170,0,4,65,17,86,44,47,117,48,256,109,56,165,421
09/08/2017,COS,CO,ANM,WE,Combined TRACON& Tower with Radar,41,39,34,34,148,0,9,63,13,85,41,48,97,47,233,204,68,272,505
09/09/2017,COS,CO,ANM,WE,Combined TRACON& Tower with Radar,40,32,29,18,119,0,6,71,6,83,40,38,100,24,202,210,60,270,472
09/10/2017,COS,CO,ANM,WE,Combined TRACON& Tower with Radar,46,40,39,22,147,0,0,58,5,63,46,40,97,27,210,104,62,166,376
09/11/2017,COS,CO,ANM,WE,Combined TRACON& Tower with Radar,42,35,27,22,126,0,2,41,19,62,42,37,68,41,188,144,84,228,416
09/12/2017,COS,CO,ANM,WE,Combined TRACON& Tower with Radar,40,36,41,40,157,0,0,59,26,85,40,36,100,66,242,54,120,174,416
09/13/2017,COS,CO,ANM,WE,Combined TRACON& Tower with Radar,41,52,55,11,159,0,2,58,11,71,41,54,113,22,230,44,22,66,296
09/14/2017,COS,CO,ANM,WE,Combined TRACON& Tower with Radar,52,44,33,27,156,0,0,69,20,89,52,44,102,47,245,90,80,170,415
09/15/2017,COS,CO,ANM,WE,Combined TRACON& Tower with Radar,50,42,46,29,167,0,6,42,7,55,50,48,88,36,222,156,46,202,424
09/16/2017,COS,CO,ANM,WE,Combined TRACON& Tower with Radar,44,29,28,9,110,0,2,67,2,71,44,31,95,11,181,156,10,166,347
09/17/2017,COS,CO,ANM,WE,Combined TRACON& Tower with Radar,43,36,52,17,148,0,0,19,0,19,43,36,71,17,167,52,2,54,221
09/18/2017,COS,CO,ANM,WE,Combined TRACON& Tower with Radar,41,36,25,65,167,0,2,80,40,122,41,38,105,105,289,152,146,298,587
09/19/2017,COS,CO,ANM,WE,Combined TRACON& Tower with Radar,46,44,15,47,152,0,7,28,25,60,46,51,43,72,212,90,58,148,360
09/20/2017,COS,CO,ANM,WE,Combined TRACON& Tower with Radar,46,32,29,43,150,0,6,57,36,99,46,38,86,79,249,40,74,114,363
09/21/2017,COS,CO,ANM,WE,Combined TRACON& Tower with Radar,49,39,35,33,156,0,4,32,44,80,49,43,67,77,236,28,64,92,328
09/22/2017,COS,CO,ANM,WE,Combined TRACON& Tower with Radar,47,42,30,24,143,0,3,27,45,75,47,45,57,69,218,4,0,4,222
09/23/2017,COS,CO,ANM,WE,Combined TRACON& Tower with Radar,46,29,23,14,112,0,2,23,3,28,46,31,46,17,140,60,0,60,200
09/24/2017,COS,CO,ANM,WE,Combined TRACON& Tower with Radar,46,38,33,12,129,0,0,6,15,21,46,38,39,27,150,10,0,10,160
09/25/2017,COS,CO,ANM,WE,Combined TRACON& Tower with Radar,44,38,34,29,145,0,0,12,20,32,44,38,46,49,177,100,100,200,377
09/26/2017,COS,CO,ANM,WE,Combined TRACON& Tower with Radar,42,35,48,58,183,0,3,10,5,18,42,38,58,63,201,62,42,104,305
09/27/2017,COS,CO,ANM,WE,Combined TRACON& Tower with Radar,40,28,47,53,168,0,0,2,2,4,40,28,49,55,172,4,18,22,194
09/28/2017,COS,CO,ANM,WE,Combined TRACON& Tower with Radar,52,38,47,23,160,0,0,0,0,0,52,38,47,23,160,2,2,4,164
09/29/2017,COS,CO,ANM,WE,Combined TRACON& Tower with Radar,53,42,32,12,139,0,0,2,2,4,53,42,34,14,143,0,0,0,143
09/30/2017,COS,CO,ANM,WE,Combined TRACON& Tower with Radar,45,31,30,3,109,0,4,71,3,78,45,35,101,6,187,168,4,172,359
10/01/2017,COS,CO,ANM,WE,Combined TRACON& Tower with Radar,45,34,36,2,117,0,4,65,0,69,45,38,101,2,186,58,4,62,248
10/02/2017,COS,CO,ANM,WE,Combined TRACON& Tower with Radar,33,25,11,9,78,0,4,20,4,28,33,29,31,13,106,114,30,144,250
10/03/2017,COS,CO,ANM,WE,Combined TRACON& Tower with Radar,41,25,26,38,130,0,4,25,17,46,41,29,51,55,176,144,216,360,536
10/04/2017,COS,CO,ANM,WE,Combined TRACON& Tower with Radar,46,33,30,43,152,0,0,1,0,1,46,33,31,43,153,2,0,2,155
10/05/2017,COS,CO,ANM,WE,Combined TRACON& Tower with Radar,51,39,45,40,175,0,4,71,38,113,51,43,116,78,288,152,116,268,556
10/06/2017,COS,CO,ANM,WE,Combined TRACON& Tower with Radar,66,59,70,24,219,0,1,20,5,26,66,60,90,29,245,32,10,42,287
10/07/2017,COS,CO,ANM,WE,Combined TRACON& Tower with Radar,42,49,52,16,159,0,1,99,5,105,42,50,151,21,264,172,12,184,448
10/08/2017,COS,CO,ANM,WE,Combined TRACON& Tower with Radar,41,50,44,4,139,0,4,74,0,78,41,54,118,4,217,116,6,122,339
10/09/2017,COS,CO,ANM,WE,Combined TRACON& Tower with Radar,45,41,31,4,121,0,1,3,0,4,45,42,34,4,125,4,0,4,129
10/10/2017,COS,CO,ANM,WE,Combined TRACON& Tower with Radar,44,85,70,19,218,0,6,94,29,129,44,91,164,48,347,137,102,239,586
10/11/2017,COS,CO,ANM,WE,Combined TRACON& Tower with Radar,43,34,29,21,127,0,0,77,44,121,43,34,106,65,248,152,106,258,506
10/12/2017,COS,CO,ANM,WE,Combined TRACON& Tower with Radar,45,33,40,19,137,0,4,52,30,86,45,37,92,49,223,86,114,200,423
10/13/2017,COS,CO,ANM,WE,Combined TRACON& Tower with Radar,45,36,38,15,134,0,6,78,9,93,45,42,116,24,227,104,14,118,345
10/14/2017,COS,CO,ANM,WE,Combined TRACON& Tower with Radar,60,46,15,51,172,0,4,25,25,54,60,50,40,76,226,28,10,38,264
10/15/2017,COS,CO,ANM,WE,Combined TRACON& Tower with Radar,44,30,46,22,142,0,0,96,14,110,44,30,142,36,252,82,24,106,358
10/16/2017,COS,CO,ANM,WE,Combined TRACON& Tower with Radar,41,38,25,13,117,0,2,54,50,106,41,40,79,63,223,216,242,458,681
10/17/2017,COS,CO,ANM,WE,Combined TRACON& Tower with Radar,38,36,23,15,112,0,2,54,50,106,38,38,77,65,218,101,158,259,477
10/18/2017,COS,CO,ANM,WE,Combined TRACON& Tower with Radar,42,39,46,38,165,0,2,62,32,96,42,41,108,70,261,64,78,142,403
10/19/2017,COS,CO,ANM,WE,Combined TRACON& Tower with Radar,46,32,39,28,145,0,4,52,58,114,46,36,91,86,259,114,200,314,573
10/20/2017,COS,CO,ANM,WE,Combined TRACON& Tower with Radar,45,45,29,19,138,0,4,36,15,55,45,49,65,34,193,94,34,128,321
10/21/2017,COS,CO,ANM,WE,Combined TRACON& Tower with Radar,39,31,23,13,106,0,11,47,7,65,39,42,70,20,171,62,6,68,239
10/22/2017,COS,CO,ANM,WE,Combined TRACON& Tower with Radar,43,30,23,16,112,0,4,71,7,82,43,34,94,23,194,100,20,120,314
10/23/2017,COS,CO,ANM,WE,Combined TRACON& Tower with Radar,43,31,19,9,102,0,1,37,57,95,43,32,56,66,197,96,192,288,485
10/24/2017,COS,CO,ANM,WE,Combined TRACON& Tower with Radar,38,39,30,15,122,0,5,78,49,132,38,44,108,64,254,126,146,272,526
10/25/2017,COS,CO,ANM,WE,Combined TRACON& Tower with Radar,44,36,20,40,140,0,2,92,50,144,44,38,112,90,284,186,256,442,726
10/26/2017,COS,CO,ANM,WE,Combined TRACON& Tower with Radar,44,32,19,15,110,0,1,12,27,40,44,33,31,42,150,16,84,100,250
10/27/2017,COS,CO,ANM,WE,Combined TRACON& Tower with Radar,45,36,30,30,141,0,5,65,28,98,45,41,95,58,239,142,60,202,441
10/28/2017,COS,CO,ANM,WE,Combined TRACON& Tower with Radar,39,27,25,3,94,0,0,63,13,76,39,27,88,16,170,138,38,176,346
10/29/2017,COS,CO,ANM,WE,Combined TRACON& Tower with Radar,43,31,39,22,135,0,0,98,3,101,43,31,137,25,236,58,6,64,300
10/30/2017,COS,CO,ANM,WE,Combined TRACON& Tower with Radar,47,30,10,12,99,0,1,0,1,2,47,31,10,13,101,18,0,18,119
10/31/2017,COS,CO,ANM,WE,Combined TRACON& Tower with Radar,42,30,19,19,110,0,1,25,11,37,42,31,44,30,147,64,44,108,255
11/01/2017,COS,CO,ANM,WE,Combined TRACON& Tower with Radar,44,42,35,22,143,0,1,27,19,47,44,43,62,41,190,18,74,92,282
11/02/2017,COS,CO,ANM,WE,Combined TRACON& Tower with Radar,42,37,33,40,152,0,0,69,40,109,42,37,102,80,261,202,132,334,595
11/03/2017,COS,CO,ANM,WE,Combined TRACON& Tower with Radar,42,30,33,45,150,0,3,42,21,66,42,33,75,66,216,60,54,114,330
11/04/2017,COS,CO,ANM,WE,Combined TRACON& Tower with Radar,40,20,20,12,92,0,0,6,3,9,40,20,26,15,101,0,10,10,111
11/05/2017,COS,CO,ANM,WE,Combined TRACON& Tower with Radar,37,32,35,18,122,0,2,61,18,81,37,34,96,36,203,188,10,198,401
11/06/2017,COS,CO,ANM,WE,Combined TRACON& Tower with Radar,37,37,32,46,152,0,3,41,66,110,37,40,73,112,262,204,344,548,810
11/07/2017,COS,CO,ANM,WE,Combined TRACON& Tower with Radar,39,33,16,6,94,0,0,0,0,0,39,33,16,6,94,0,0,0,94
11/08/2017,COS,CO,ANM,WE,Combined TRACON& Tower with Radar,49,25,30,4,108,0,1,2,0,3,49,26,32,4,111,0,0,0,111
11/09/2017,COS,CO,ANM,WE,Combined TRACON& Tower with Radar,49,31,26,56,162,6,4,59,30,99,55,35,85,86,261,134,86,220,481
11/10/2017,COS,CO,ANM,WE,Combined TRACON& Tower with Radar,39,31,28,10,108,0,0,48,12,60,39,31,76,22,168,94,28,122,290
11/11/2017,COS,CO,ANM,WE,Combined TRACON& Tower with Radar,35,27,30,3,95,0,2,84,7,93,35,29,114,10,188,144,0,144,332
11/12/2017,COS,CO,ANM,WE,Combined TRACON& Tower with Radar,37,30,40,2,109,0,2,71,9,82,37,32,111,11,191,84,18,102,293
11/13/2017,COS,CO,ANM,WE,Combined TRACON& Tower with Radar,40,29,30,9,108,0,2,67,10,79,40,31,97,19,187,108,36,144,331
11/14/2017,COS,CO,ANM,WE,Combined TRACON& Tower with Radar,47,30,34,34,145,0,9,87,30,126,47,39,121,64,271,170,150,320,591
11/15/2017,COS,CO,ANM,WE,Combined TRACON& Tower with Radar,40,30,47,23,140,0,4,82,31,117,40,34,129,54,257,174,92,266,523
11/16/2017,COS,CO,ANM,WE,Combined TRACON& Tower with Radar,38,35,26,42,141,0,3,51,31,85,38,38,77,73,226,54,140,194,420
11/17/2017,COS,CO,ANM,WE,Combined TRACON& Tower with Radar,49,33,33,5,120,0,1,9,1,11,49,34,42,6,131,0,0,0,131
11/18/2017,COS,CO,ANM,WE,Combined TRACON& Tower with Radar,37,23,34,8,102,0,10,103,11,124,37,33,137,19,226,208,50,258,484
11/19/2017,COS,CO,ANM,WE,Combined TRACON& Tower with Radar,35,26,32,16,109,0,4,86,9,99,35,30,118,25,208,66,72,138,346
11/20/2017,COS,CO,ANM,WE,Combined TRACON& Tower with Radar,40,37,16,22,115,0,3,27,25,55,40,40,43,47,170,6,40,46,216
11/21/2017,COS,CO,ANM,WE,Combined TRACON& Tower with Radar,47,34,20,22,123,0,1,28,27,56,47,35,48,49,179,88,170,258,437
11/22/2017,COS,CO,ANM,WE,Combined TRACON& Tower with Radar,43,34,44,11,132,0,6,102,5,113,43,40,146,16,245,132,108,240,485
11/23/2017,COS,CO,ANM,WE,Combined TRACON& Tower with Radar,24,16,9,1,50,0,2,19,0,21,24,18,28,1,71,4,2,6,77
11/24/2017,COS,CO,ANM,WE,Combined TRACON& Tower with Radar,37,24,16,2,79,0,3,43,0,46,37,27,59,2,125,55,0,55,180
11/25/2017,COS,CO,ANM,WE,Combined TRACON& Tower with Radar,38,36,28,14,116,0,0,76,8,84,38,36,104,22,200,94,14,108,308
11/26/2017,COS,CO,ANM,WE,Combined TRACON& Tower with Radar,36,37,31,5,109,0,4,64,3,71,36,41,95,8,180,56,0,56,236
11/27/2017,COS,CO,ANM,WE,Combined TRACON& Tower with Radar,40,31,37,8,116,0,4,34,9,47,40,35,71,17,163,26,26,52,215
11/28/2017,COS,CO,ANM,WE,Combined TRACON& Tower with Radar,41,30,26,26,123,0,3,31,32,66,41,33,57,58,189,118,96,214,403
11/29/2017,COS,CO,ANM,WE,Combined TRACON& Tower with Radar,44,26,38,28,136,0,3,70,15,88,44,29,108,43,224,128,80,208,432
11/30/2017,COS,CO,ANM,WE,Combined TRACON& Tower with Radar,43,30,29,42,144,0,0,54,9,63,43,30,83,51,207,192,162,354,561
12/01/2017,COS,CO,ANM,WE,Combined TRACON& Tower with Radar,43,36,41,16,136,0,6,55,44,105,43,42,96,60,241,72,122,194,435
12/02/2017,COS,CO,ANM,WE,Combined TRACON& Tower with Radar,34,24,25,5,88,0,3,85,8,96,34,27,110,13,184,160,20,180,364
12/03/2017,COS,CO,ANM,WE,Combined TRACON& Tower with Radar,33,29,19,5,86,0,0,46,3,49,33,29,65,8,135,52,68,120,255
12/04/2017,COS,CO,ANM,WE,Combined TRACON& Tower with Radar,41,32,19,47,139,0,4,14,15,33,41,36,33,62,172,0,18,18,190
12/05/2017,COS,CO,ANM,WE,Combined TRACON& Tower with Radar,46,28,23,23,120,0,0,54,44,98,46,28,77,67,218,124,168,292,510
12/06/2017,COS,CO,ANM,WE,Combined TRACON& Tower with Radar,40,28,28,70,166,0,5,59,32,96,40,33,87,102,262,112,150,262,524
12/07/2017,COS,CO,ANM,WE,Combined TRACON& Tower with Radar,47,29,36,43,155,0,2,33,13,48,47,31,69,56,203,104,130,234,437
12/08/2017,COS,CO,ANM,WE,Combined TRACON& Tower with Radar,45,27,17,18,107,0,5,0,0,5,45,32,17,18,112,4,18,22,134
12/09/2017,COS,CO,ANM,WE,Combined TRACON& Tower with Radar,36,26,32,5,99,0,6,85,2,93,36,32,117,7,192,216,30,246,438
12/10/2017,COS,CO,ANM,WE,Combined TRACON& Tower with Radar,36,27,31,7,101,0,2,65,6,73,36,29,96,13,174,98,56,154,328
12/11/2017,COS,CO,ANM,WE,Combined TRACON& Tower with Radar,50,27,21,21,119,21,2,76,10,109,71,29,97,31,228,96,90,186,414
12/12/2017,COS,CO,ANM,WE,Combined TRACON& Tower with Radar,41,33,29,22,125,0,0,68,25,93,41,33,97,47,218,188,118,306,524
12/13/2017,COS,CO,ANM,WE,Combined TRACON& Tower with Radar,40,32,22,21,115,0,1,42,16,59,40,33,64,37,174,80,34,114,288
12/14/2017,COS,CO,ANM,WE,Combined TRACON& Tower with Radar,43,33,30,8,114,0,1,17,8,26,43,34,47,16,140,74,24,98,238
12/15/2017,COS,CO,ANM,WE,Combined TRACON& Tower with Radar,43,37,31,18,129,0,4,77,12,93,43,41,108,30,222,108,16,124,346
12/16/2017,COS,CO,ANM,WE,Combined TRACON& Tower with Radar,36,22,20,11,89,0,3,87,5,95,36,25,107,16,184,72,34,106,290
12/17/2017,COS,CO,ANM,WE,Combined TRACON& Tower with Radar,32,31,24,3,90,0,2,18,0,20,32,33,42,3,110,34,14,48,158
12/18/2017,COS,CO,ANM,WE,Combined TRACON& Tower with Radar,43,25,47,6,121,0,0,115,6,121,43,25,162,12,242,154,44,198,440
12/19/2017,COS,CO,ANM,WE,Combined TRACON& Tower with Radar,40,29,16,39,124,0,0,71,7,78,40,29,87,46,202,144,52,196,398
12/20/2017,COS,CO,ANM,WE,Combined TRACON& Tower with Radar,35,41,24,30,130,0,6,76,12,94,35,47,100,42,224,122,58,180,404
12/21/2017,COS,CO,ANM,WE,Combined TRACON& Tower with Radar,41,43,15,17,116,0,2,2,1,5,41,45,17,18,121,0,6,6,127
12/22/2017,COS,CO,ANM,WE,Combined TRACON& Tower with Radar,37,49,58,2,146,0,4,120,0,124,37,53,178,2,270,170,36,206,476
12/23/2017,COS,CO,ANM,WE,Combined TRACON& Tower with Radar,36,34,26,0,96,0,1,65,0,66,36,35,91,0,162,108,0,108,270
12/24/2017,COS,CO,ANM,WE,Combined TRACON& Tower with Radar,28,33,15,0,76,0,0,41,0,41,28,33,56,0,117,0,0,0,117
12/25/2017,COS,CO,ANM,WE,Combined TRACON& Tower with Radar,36,23,8,0,67,0,0,39,1,40,36,23,47,1,107,26,0,26,133
12/26/2017,COS,CO,ANM,WE,Combined TRACON& Tower with Radar,37,39,15,0,91,0,1,4,0,5,37,40,19,0,96,0,0,0,96
12/27/2017,COS,CO,ANM,WE,Combined TRACON& Tower with Radar,36,42,36,6,120,0,6,99,7,112,36,48,135,13,232,126,20,146,378
12/28/2017,COS,CO,ANM,WE,Combined TRACON& Tower with Radar,34,49,29,2,114,0,4,106,18,128,34,53,135,20,242,130,62,192,434
12/29/2017,COS,CO,ANM,WE,Combined TRACON& Tower with Radar,37,48,28,4,117,0,8,87,2,97,37,56,115,6,214,42,6,48,262
12/30/2017,COS,CO,ANM,WE,Combined TRACON& Tower with Radar,40,29,18,1,88,0,1,45,0,46,40,30,63,1,134,76,16,92,226
12/31/2017,COS,CO,ANM,WE,Combined TRACON& Tower with Radar,28,28,13,0,69,0,0,59,0,59,28,28,72,0,128,24,10,34,162
01/01/2018,COS,CO,ANM,WE,Combined TRACON& Tower with Radar,38,29,24,2,93,0,4,40,0,44,38,33,64,2,137,32,10,42,179
01/02/2018,COS,CO,ANM,WE,Combined TRACON& Tower with Radar,34,44,19,1,98,0,0,60,0,60,34,44,79,1,158,132,44,176,334
01/03/2018,COS,CO,ANM,WE,Combined TRACON& Tower with Radar,33,41,27,25,126,0,5,50,5,60,33,46,77,30,186,76,70,146,332
01/04/2018,COS,CO,ANM,WE,Combined TRACON& Tower with Radar,32,38,34,25,129,0,1,84,29,114,32,39,118,54,243,264,128,392,635
01/05/2018,COS,CO,ANM,WE,Combined TRACON& Tower with Radar,37,46,23,11,117,0,0,75,20,95,37,46,98,31,212,112,99,211,423
01/06/2018,COS,CO,ANM,WE,Combined TRACON& Tower with Radar,31,34,26,5,96,0,0,89,7,96,31,34,115,12,192,110,116,226,418
01/07/2018,COS,CO,ANM,WE,Combined TRACON& Tower with Radar,30,28,20,10,88,0,0,52,2,54,30,28,72,12,142,30,24,54,196
01/08/2018,COS,CO,ANM,WE,Combined TRACON& Tower with Radar,39,32,29,21,121,0,3,66,26,95,39,35,95,47,216,174,102,276,492
01/09/2018,COS,CO,ANM,WE,Combined TRACON& Tower with Radar,30,36,32,13,111,0,3,59,37,99,30,39,91,50,210,150,148,298,508
01/10/2018,COS,CO,ANM,WE,Combined TRACON& Tower with Radar,31,34,17,13,95,0,1,23,32,56,31,35,40,45,151,40,132,172,323
01/11/2018,COS,CO,ANM,WE,Combined TRACON& Tower with Radar,36,32,17,14,99,0,1,64,48,113,36,33,81,62,212,108,132,240,452
01/12/2018,COS,CO,ANM,WE,Combined TRACON& Tower with Radar,40,33,37,28,138,0,6,24,17,47,40,39,61,45,185,54,66,120,305
01/13/2018,COS,CO,ANM,WE,Combined TRACON& Tower with Radar,31,30,20,19,100,0,0,83,5,88,31,30,103,24,188,158,46,204,392
01/14/2018,COS,CO,ANM,WE,Combined TRACON& Tower with Radar,32,35,27,5,99,0,0,77,1,78,32,35,104,6,177,94,4,98,275
01/15/2018,COS,CO,ANM,WE,Combined TRACON& Tower with Radar,39,30,14,3,86,0,2,0,0,2,39,32,14,3,88,0,0,0,88
01/16/2018,COS,CO,ANM,WE,Combined TRACON& Tower with Radar,30,37,30,16,113,0,1,54,42,97,30,38,84,58,210,128,334,462,672
01/17/2018,COS,CO,ANM,WE,Combined TRACON& Tower with Radar,30,37,54,18,139,0,9,86,31,126,30,46,140,49,265,110,148,258,523
01/18/2018,COS,CO,ANM,WE,Combined TRACON& Tower with Radar,38,36,36,7,117,0,4,81,43,128,38,40,117,50,245,124,182,306,551
01/19/2018,COS,CO,ANM,WE,Combined TRACON& Tower with Radar,39,39,36,42,156,0,5,55,19,79,39,44,91,61,235,166,128,294,529
01/20/2018,COS,CO,ANM,WE,Combined TRACON& Tower with Radar,31,37,19,2,89,0,7,69,4,80,31,44,88,6,169,70,24,94,263
01/21/2018,COS,CO,ANM,WE,Combined TRACON& Tower with Radar,34,31,9,3,77,0,0,0,0,0,34,31,9,3,77,0,0,0,77
01/22/2018,COS,CO,ANM,WE,Combined TRACON& Tower with Radar,39,31,24,2,96,0,7,14,7,28,39,38,38,9,124,28,36,64,188
01/23/2018,COS,CO,ANM,WE,Combined TRACON& Tower with Radar,33,38,22,23,116,0,7,38,34,79,33,45,60,57,195,120,156,276,471
01/24/2018,COS,CO,ANM,WE,Combined TRACON& Tower with Radar,33,35,29,30,127,0,3,47,45,95,33,38,76,75,222,85,150,235,457
01/25/2018,COS,CO,ANM,WE,Combined TRACON& Tower with Radar,39,35,35,23,132,0,7,40,33,80,39,42,75,56,212,82,160,242,454
01/26/2018,COS,CO,ANM,WE,Combined TRACON& Tower with Radar,39,37,28,35,139,0,3,23,27,53,39,40,51,62,192,52,66,118,310
01/27/2018,COS,CO,ANM,WE,Combined TRACON& Tower with Radar,34,27,34,43,138,0,1,104,21,126,34,28,138,64,264,158,108,266,530
01/28/2018,COS,CO,ANM,WE,Combined TRACON& Tower with Radar,38,29,45,10,122,0,3,78,1,82,38,32,123,11,204,192,26,218,422
01/29/2018,COS,CO,ANM,WE,Combined TRACON& Tower with Radar,39,35,30,7,111,0,1,76,23,100,39,36,106,30,211,64,134,198,409
01/30/2018,COS,CO,ANM,WE,Combined TRACON& Tower with Radar,29,40,19,17,105,0,4,52,34,90,29,44,71,51,195,82,232,314,509
01/31/2018,COS,CO,ANM,WE,Combined TRACON& Tower with Radar,33,32,30,41,136,0,3,46,37,86,33,35,76,78,222,128,206,334,556
02/01/2018,COS,CO,ANM,WE,Combined TRACON& Tower with Radar,36,33,16,26,111,0,4,16,22,42,36,37,32,48,153,64,122,186,339
02/02/2018,COS,CO,ANM,WE,Combined TRACON& Tower with Radar,45,32,30,8,115,0,3,75,31,109,45,35,105,39,224,144,182,326,550
02/03/2018,COS,CO,ANM,WE,Combined TRACON& Tower with Radar,34,37,29,5,105,0,2,55,10,67,34,39,84,15,172,56,34,90,262
02/04/2018,COS,CO,ANM,WE,Combined TRACON& Tower with Radar,37,27,13,6,83,0,0,15,0,15,37,27,28,6,98,76,0,76,174
02/05/2018,COS,CO,ANM,WE,Combined TRACON& Tower with Radar,38,34,25,9,106,0,1,10,6,17,38,35,35,15,123,0,0,0,123
02/06/2018,COS,CO,ANM,WE,Combined TRACON& Tower with Radar,28,41,19,18,106,0,1,20,25,46,28,42,39,43,152,116,136,252,404
02/07/2018,COS,CO,ANM,WE,Combined TRACON& Tower with Radar,34,43,32,22,131,0,2,53,24,79,34,45,85,46,210,178,44,222,432
02/08/2018,COS,CO,ANM,WE,Combined TRACON& Tower with Radar,38,40,26,17,121,0,2,64,24,90,38,42,90,41,211,48,100,148,359
02/09/2018,COS,CO,ANM,WE,Combined TRACON& Tower with Radar,47,40,46,16,149,0,1,62,23,86,47,41,108,39,235,178,142,320,555
02/10/2018,COS,CO,ANM,WE,Combined TRACON& Tower with Radar,31,28,4,2,65,0,1,0,0,1,31,29,4,2,66,0,0,0,66
02/11/2018,COS,CO,ANM,WE,Combined TRACON& Tower with Radar,31,31,37,7,106,0,6,48,2,56,31,37,85,9,162,8,14,22,184
02/12/2018,COS,CO,ANM,WE,Combined TRACON& Tower with Radar,37,34,32,13,116,0,2,24,18,44,37,36,56,31,160,92,76,168,328
02/13/2018,COS,CO,ANM,WE,Combined TRACON& Tower with Radar,29,36,18,19,102,0,0,57,37,94,29,36,75,56,196,170,128,298,494
02/14/2018,COS,CO,ANM,WE,Combined TRACON& Tower with Radar,35,30,24,22,111,0,1,14,6,21,35,31,38,28,132,0,18,18,150
02/15/2018,COS,CO,ANM,WE,Combined TRACON& Tower with Radar,35,45,29,22,131,0,1,15,19,35,35,46,44,41,166,82,84,166,332
02/16/2018,COS,CO,ANM,WE,Combined TRACON& Tower with Radar,36,57,33,12,138,0,1,4,2,7,36,58,37,14,145,12,8,20,165
02/17/2018,COS,CO,ANM,WE,Combined TRACON& Tower with Radar,38,31,17,11,97,0,2,60,6,68,38,33,77,17,165,162,46,208,373
02/18/2018,COS,CO,ANM,WE,Combined TRACON& Tower with Radar,34,40,28,5,107,0,2,12,1,15,34,42,40,6,122,162,46,208,330
02/19/2018,COS,CO,ANM,WE,Combined TRACON& Tower with Radar,35,34,19,1,89,0,0,0,0,0,35,34,19,1,89,0,0,0,89
02/20/2018,COS,CO,ANM,WE,Combined TRACON& Tower with Radar,34,42,19,11,106,0,3,3,3,9,34,45,22,14,115,114,88,202,317
02/21/2018,COS,CO,ANM,WE,Combined TRACON& Tower with Radar,36,37,50,29,152,0,7,75,18,100,36,44,125,47,252,0,0,0,252
02/22/2018,COS,CO,ANM,WE,Combined TRACON& Tower with Radar,41,43,18,23,125,0,0,25,14,39,41,43,43,37,164,68,82,150,314
02/23/2018,COS,CO,ANM,WE,Combined TRACON& Tower with Radar,38,38,36,16,128,0,4,56,10,70,38,42,92,26,198,164,92,256,454
02/24/2018,COS,CO,ANM,WE,Combined TRACON& Tower with Radar,40,37,26,8,111,0,5,30,4,39,40,42,56,12,150,60,10,70,220
02/25/2018,COS,CO,ANM,WE,Combined TRACON& Tower with Radar,34,37,31,5,107,0,6,69,2,77,34,43,100,7,184,58,24,82,266
02/26/2018,COS,CO,ANM,WE,Combined TRACON& Tower with Radar,41,41,23,9,114,0,2,53,21,76,41,43,76,30,190,61,142,203,393
02/27/2018,COS,CO,ANM,WE,Combined TRACON& Tower with Radar,34,33,33,28,128,0,4,60,29,93,34,37,93,57,221,114,94,208,429
02/28/2018,COS,CO,ANM,WE,Combined TRACON& Tower with Radar,33,39,19,32,123,0,5,24,16,45,33,44,43,48,168,58,22,80,248
03/01/2018,COS,CO,ANM,WE,Combined TRACON& Tower with Radar,36,39,20,46,141,0,5,43,38,86,36,44,63,84,227,144,84,228,455
03/02/2018,COS,CO,ANM,WE,Combined TRACON& Tower with Radar,39,37,29,20,125,0,2,47,21,70,39,39,76,41,195,110,2,112,307
03/03/2018,COS,CO,ANM,WE,Combined TRACON& Tower with Radar,37,30,28,11,106,0,1,53,5,59,37,31,81,16,165,76,12,88,253
03/04/2018,COS,CO,ANM,WE,Combined TRACON& Tower with Radar,31,35,13,11,90,0,2,6,7,15,31,37,19,18,105,0,0,0,105
03/05/2018,COS,CO,ANM,WE,Combined TRACON& Tower with Radar,37,28,15,7,87,0,0,8,1,9,37,28,23,8,96,0,0,0,96
03/06/2018,COS,CO,ANM,WE,Combined TRACON& Tower with Radar,34,39,29,15,117,0,0,54,20,74,34,39,83,35,191,72,78,150,341
03/07/2018,COS,CO,ANM,WE,Combined TRACON& Tower with Radar,34,42,34,28,138,0,0,70,45,115,34,42,104,73,253,190,202,392,645
03/08/2018,COS,CO,ANM,WE,Combined TRACON& Tower with Radar,38,33,35,26,132,0,0,56,30,86,38,33,91,56,218,148,132,280,498
03/09/2018,COS,CO,ANM,WE,Combined TRACON& Tower with Radar,36,34,29,18,117,0,0,59,6,65,36,34,88,24,182,96,26,122,304
03/10/2018,COS,CO,ANM,WE,Combined TRACON& Tower with Radar,35,29,18,2,84,0,2,26,2,30,35,31,44,4,114,48,12,60,174
03/11/2018,COS,CO,ANM,WE,Combined TRACON& Tower with Radar,36,30,34,21,121,0,0,73,4,77,36,30,107,25,198,132,56,188,386
03/12/2018,COS,CO,ANM,WE,Combined TRACON& Tower with Radar,33,36,27,12,108,0,2,78,25,105,33,38,105,37,213,202,132,334,547
03/13/2018,COS,CO,ANM,WE,Combined TRACON& Tower with Radar,33,40,24,30,127,0,4,59,33,96,33,44,83,63,223,122,160,282,505
03/14/2018,COS,CO,ANM,WE,Combined TRACON& Tower with Radar,33,38,49,25,145,0,0,97,46,143,33,38,146,71,288,248,206,454,742
03/15/2018,COS,CO,ANM,WE,Combined TRACON& Tower with Radar,43,39,33,16,131,0,0,38,33,71,43,39,71,49,202,80,168,248,450
03/16/2018,COS,CO,ANM,WE,Combined TRACON& Tower with Radar,37,36,28,30,131,0,5,13,21,39,37,41,41,51,170,0,10,10,180
03/17/2018,COS,CO,ANM,WE,Combined TRACON& Tower with Radar,37,26,27,4,94,0,3,99,4,106,37,29,126,8,200,98,38,136,336
03/18/2018,COS,CO,ANM,WE,Combined TRACON& Tower with Radar,34,30,26,3,93,0,2,47,4,53,34,32,73,7,146,64,0,64,210
03/19/2018,COS,CO,ANM,WE,Combined TRACON& Tower with Radar,38,30,26,7,101,0,0,19,26,45,38,30,45,33,146,16,142,158,304
03/20/2018,COS,CO,ANM,WE,Combined TRACON& Tower with Radar,34,31,42,40,147,0,8,78,51,137,34,39,120,91,284,254,220,474,758
03/21/2018,COS,CO,ANM,WE,Combined TRACON& Tower with Radar,36,33,22,41,132,0,0,84,38,122,36,33,106,79,254,162,216,378,632
03/22/2018,COS,CO,ANM,WE,Combined TRACON& Tower with Radar,41,41,23,34,139,0,2,74,35,111,41,43,97,69,250,170,168,338,588
03/23/2018,COS,CO,ANM,WE,Combined TRACON& Tower with Radar,39,36,21,16,112,0,4,7,2,13,39,40,28,18,125,14,24,38,163
03/24/2018,COS,CO,ANM,WE,Combined TRACON& Tower with Radar,34,29,20,23,106,0,5,69,5,79,34,34,89,28,185,74,38,112,297
03/25/2018,COS,CO,ANM,WE,Combined TRACON& Tower with Radar,36,33,36,10,115,0,5,68,3,76,36,38,104,13,191,90,0,90,281
03/26/2018,COS,CO,ANM,WE,Combined TRACON& Tower with Radar,44,36,23,11,114,0,2,16,9,27,44,38,39,20,141,98,24,122,263
03/27/2018,COS,CO,ANM,WE,Combined TRACON& Tower with Radar,33,38,14,24,109,0,0,23,12,35,33,38,37,36,144,178,82,260,404
03/28/2018,COS,CO,ANM,WE,Combined TRACON& Tower with Radar,38,42,15,31,126,0,0,39,16,55,38,42,54,47,181,104,54,158,339
03/29/2018,COS,CO,ANM,WE,Combined TRACON& Tower with Radar,37,36,34,81,188,0,2,69,26,97,37,38,103,107,285,185,122,307,592
03/30/2018,COS,CO,ANM,WE,Combined TRACON& Tower with Radar,36,41,38,17,132,0,1,74,11,86,36,42,112,28,218,270,12,282,500
03/31/2018,COS,CO,ANM,WE,Combined TRACON& Tower with Radar,33,31,35,8,107,0,4,84,11,99,33,35,119,19,206,136,44,180,386
04/01/2018,COS,CO,ANM,WE,Combined TRACON& Tower with Radar,35,34,25,4,98,0,0,26,0,26,35,34,51,4,124,32,24,56,180
04/02/2018,COS,CO,ANM,WE,Combined TRACON& Tower with Radar,39,28,21,6,94,0,1,41,8,50,39,29,62,14,144,118,48,166,310
04/03/2018,COS,CO,ANM,WE,Combined TRACON& Tower with Radar,31,38,20,12,101,0,0,45,29,74,31,38,65,41,175,48,260,308,483
04/04/2018,COS,CO,ANM,WE,Combined TRACON& Tower with Radar,33,38,39,20,130,0,0,76,42,118,33,38,115,62,248,128,110,238,486
04/05/2018,COS,CO,ANM,WE,Combined TRACON& Tower with Radar,36,41,32,11,120,0,6,76,37,119,36,47,108,48,239,278,179,457,696
04/06/2018,COS,CO,ANM,WE,Combined TRACON& Tower with Radar,53,46,24,23,146,0,0,11,15,26,53,46,35,38,172,64,48,112,284
04/07/2018,COS,CO,ANM,WE,Combined TRACON& Tower with Radar,34,28,13,18,93,0,0,0,2,2,34,28,13,20,95,8,0,8,103
04/08/2018,COS,CO,ANM,WE,Combined TRACON& Tower with Radar,43,31,14,18,106,0,2,30,5,37,43,33,44,23,143,52,6,58,201
04/09/2018,COS,CO,ANM,WE,Combined TRACON& Tower with Radar,38,33,41,19,131,0,0,30,15,45,38,33,71,34,176,68,170,238,414
04/10/2018,COS,CO,ANM,WE,Combined TRACON& Tower with Radar,34,29,39,22,124,0,2,94,32,128,34,31,133,54,252,270,180,450,702
04/11/2018,COS,CO,ANM,WE,Combined TRACON& Tower with Radar,38,30,24,39,131,0,0,26,16,42,38,30,50,55,173,186,78,264,437
04/12/2018,COS,CO,ANM,WE,Combined TRACON& Tower with Radar,43,28,8,19,98,0,2,8,30,40,43,30,16,49,138,26,54,80,218
04/13/2018,COS,CO,ANM,WE,Combined TRACON& Tower with Radar,38,44,20,17,119,0,1,1,6,8,38,45,21,23,127,16,8,24,151
04/14/2018,COS,CO,ANM,WE,Combined TRACON& Tower with Radar,35,31,12,6,84,0,0,5,6,11,35,31,17,12,95,20,6,26,121
04/15/2018,COS,CO,ANM,WE,Combined TRACON& Tower with Radar,34,31,37,7,109,0,0,88,4,92,34,31,125,11,201,168,63,231,432
04/16/2018,COS,CO,ANM,WE,Combined TRACON& Tower with Radar,37,39,22,12,110,0,0,45,10,55,37,39,67,22,165,88,36,124,289
04/17/2018,COS,CO,ANM,WE,Combined TRACON& Tower with Radar,18,21,18,6,63,0,0,1,1,2,18,21,19,7,65,0,0,0,65
04/18/2018,COS,CO,ANM,WE,Combined TRACON& Tower with Radar,37,36,33,52,158,0,2,131,32,165,37,38,164,84,323,300,190,490,813
04/19/2018,COS,CO,ANM,WE,Combined TRACON& Tower with Radar,40,33,36,20,129,0,2,37,37,76,40,35,73,57,205,82,148,230,435
04/20/2018,COS,CO,ANM,WE,Combined TRACON& Tower with Radar,43,28,7,19,97,0,0,4,15,19,43,28,11,34,116,34,64,98,214
04/21/2018,COS,CO,ANM,WE,Combined TRACON& Tower with Radar,36,27,18,6,87,0,0,2,7,9,36,27,20,13,96,0,0,0,96
04/22/2018,COS,CO,ANM,WE,Combined TRACON& Tower with Radar,36,37,32,3,108,0,3,95,5,103,36,40,127,8,211,174,0,174,385
04/23/2018,COS,CO,ANM,WE,Combined TRACON& Tower with Radar,38,43,27,10,118,0,0,78,30,108,38,43,105,40,226,208,110,318,544
04/24/2018,COS,CO,ANM,WE,Combined TRACON& Tower with Radar,36,37,18,10,101,0,0,3,6,9,36,37,21,16,110,12,24,36,146
04/25/2018,COS,CO,ANM,WE,Combined TRACON& Tower with Radar,39,44,38,31,152,0,1,114,31,146,39,45,152,62,298,162,184,346,644
04/26/2018,COS,CO,ANM,WE,Combined TRACON& Tower with Radar,38,39,40,24,141,0,2,22,26,50,38,41,62,50,191,0,0,0,191
04/27/2018,COS,CO,ANM,WE,Combined TRACON& Tower with Radar,41,35,50,28,154,0,1,109,22,132,41,36,159,50,286,248,104,352,638
04/28/2018,COS,CO,ANM,WE,Combined TRACON& Tower with Radar,36,32,28,5,101,0,1,111,6,118,36,33,139,11,219,172,0,172,391
04/29/2018,COS,CO,ANM,WE,Combined TRACON& Tower with Radar,34,41,29,12,116,0,0,63,3,66,34,41,92,15,182,0,0,0,182
04/30/2018,COS,CO,ANM,WE,Combined TRACON& Tower with Radar,38,43,24,29,134,0,0,28,29,57,38,43,52,58,191,12,98,110,301
05/01/2018,COS,CO,ANM,WE,Combined TRACON& Tower with Radar,34,34,17,16,101,0,1,44,32,77,34,35,61,48,178,100,106,206,384
05/02/2018,COS,CO,ANM,WE,Combined TRACON& Tower with Radar,34,40,29,19,122,0,0,13,6,19,34,40,42,25,141,88,72,160,301
05/03/2018,COS,CO,ANM,WE,Combined TRACON& Tower with Radar,38,39,27,19,123,0,2,10,10,22,38,41,37,29,145,0,0,0,145
05/04/2018,COS,CO,ANM,WE,Combined TRACON& Tower with Radar,43,34,34,19,130,0,0,135,22,157,43,34,169,41,287,0,26,26,313
05/05/2018,COS,CO,ANM,WE,Combined TRACON& Tower with Radar,37,40,20,44,141,0,10,94,22,126,37,50,114,66,267,208,102,310,577
05/06/2018,COS,CO,ANM,WE,Combined TRACON& Tower with Radar,39,33,25,28,125,0,2,90,5,97,39,35,115,33,222,68,56,124,346
05/07/2018,COS,CO,ANM,WE,Combined TRACON& Tower with Radar,37,36,36,14,123,0,2,67,22,91,37,38,103,36,214,94,142,236,450
05/08/2018,COS,CO,ANM,WE,Combined TRACON& Tower with Radar,42,39,30,42,153,0,6,59,49,114,42,45,89,91,267,54,150,204,471
05/09/2018,COS,CO,ANM,WE,Combined TRACON& Tower with Radar,36,37,29,9,111,0,0,83,25,108,36,37,112,34,219,144,82,226,445
05/10/2018,COS,CO,ANM,WE,Combined TRACON& Tower with Radar,39,44,15,20,118,0,0,53,34,87,39,44,68,54,205,52,76,128,333
05/11/2018,COS,CO,ANM,WE,Combined TRACON& Tower with Radar,43,38,16,20,117,0,3,54,16,73,43,41,70,36,190,38,58,96,286
05/12/2018,COS,CO,ANM,WE,Combined TRACON& Tower with Radar,38,37,32,2,109,0,1,33,11,45,38,38,65,13,154,0,0,0,154
05/13/2018,COS,CO,ANM,WE,Combined TRACON& Tower with Radar,35,35,23,11,104,0,0,33,2,35,35,35,56,13,139,14,10,24,163
05/14/2018,COS,CO,ANM,WE,Combined TRACON& Tower with Radar,38,36,29,18,121,0,0,46,5,51,38,36,75,23,172,0,0,0,172
05/15/2018,COS,CO,ANM,WE,Combined TRACON& Tower with Radar,42,39,33,34,148,0,1,68,32,101,42,40,101,66,249,112,34,146,395
05/16/2018,COS,CO,ANM,WE,Combined TRACON& Tower with Radar,39,33,24,14,110,0,0,108,13,121,39,33,132,27,231,80,156,236,467
05/17/2018,COS,CO,ANM,WE,Combined TRACON& Tower with Radar,37,34,27,16,114,0,0,88,23,111,37,34,115,39,225,92,58,150,375
05/18/2018,COS,CO,ANM,WE,Combined TRACON& Tower with Radar,34,36,26,9,105,0,1,24,10,35,34,37,50,19,140,8,22,30,170
05/19/2018,COS,CO,ANM,WE,Combined TRACON& Tower with Radar,44,33,24,4,105,0,2,13,2,17,44,35,37,6,122,102,0,102,224
05/20/2018,COS,CO,ANM,WE,Combined TRACON& Tower with Radar,39,35,41,6,121,0,0,17,0,17,39,35,58,6,138,28,14,42,180
05/21/2018,COS,CO,ANM,WE,Combined TRACON& Tower with Radar,36,49,47,18,150,0,2,78,25,105,36,51,125,43,255,0,0,0,255
05/22/2018,COS,CO,ANM,WE,Combined TRACON& Tower with Radar,37,37,39,24,137,0,1,61,46,108,37,38,100,70,245,80,236,316,561
05/23/2018,COS,CO,ANM,WE,Combined TRACON& Tower with Radar,40,43,40,29,152,0,0,106,30,136,40,43,146,59,288,64,180,244,532
05/24/2018,COS,CO,ANM,WE,Combined TRACON& Tower with Radar,36,42,21,23,122,0,1,90,23,114,36,43,111,46,236,108,50,158,394
05/25/2018,COS,CO,ANM,WE,Combined TRACON& Tower with Radar,41,43,55,7,146,0,1,113,14,128,41,44,168,21,274,264,18,282,556
05/26/2018,COS,CO,ANM,WE,Combined TRACON& Tower with Radar,50,33,31,1,115,0,2,106,5,113,50,35,137,6,228,96,54,150,378
05/27/2018,COS,CO,ANM,WE,Combined TRACON& Tower with Radar,42,35,24,4,105,0,0,60,1,61,42,35,84,5,166,83,2,85,251
05/28/2018,COS,CO,ANM,WE,Combined TRACON& Tower with Radar,48,37,25,1,111,0,0,33,5,38,48,37,58,6,149,28,0,28,177
05/29/2018,COS,CO,ANM,WE,Combined TRACON& Tower with Radar,40,43,66,12,161,0,0,86,19,105,40,43,152,31,266,202,62,264,530
05/30/2018,COS,CO,ANM,WE,Combined TRACON& Tower with Radar,45,44,37,11,137,0,0,67,16,83,45,44,104,27,220,0,0,0,220
05/31/2018,COS,CO,ANM,WE,Combined TRACON& Tower with Radar,38,42,55,9,144,0,4,130,26,160,38,46,185,35,304,148,62,210,514
06/01/2018,COS,CO,ANM,WE,Combined TRACON& Tower with Radar,36,42,39,39,156,0,3,70,8,81,36,45,109,47,237,114,36,150,387
06/02/2018,COS,CO,ANM,WE,Combined TRACON& Tower with Radar,43,43,47,32,165,0,5,110,28,143,43,48,157,60,308,228,72,300,608
06/03/2018,COS,CO,ANM,WE,Combined TRACON& Tower with Radar,42,38,51,41,172,0,0,44,7,51,42,38,95,48,223,102,8,110,333
06/04/2018,COS,CO,ANM,WE,Combined TRACON& Tower with Radar,36,43,43,16,138,0,4,84,14,102,36,47,127,30,240,0,0,0,240
06/05/2018,COS,CO,ANM,WE,Combined TRACON& Tower with Radar,38,42,47,8,135,0,0,74,37,111,38,42,121,45,246,64,98,162,408
06/06/2018,COS,CO,ANM,WE,Combined TRACON& Tower with Radar,57,51,62,35,205,0,2,116,33,151,57,53,178,68,356,158,258,416,772
06/07/2018,COS,CO,ANM,WE,Combined TRACON& Tower with Radar,56,51,34,32,173,0,5,57,37,99,56,56,91,69,272,122,54,176,448
06/08/2018,COS,CO,ANM,WE,Combined TRACON& Tower with Radar,45,35,44,30,154,2,1,79,38,120,47,36,123,68,274,128,152,280,554
06/09/2018,COS,CO,ANM,WE,Combined TRACON& Tower with Radar,43,47,37,33,160,0,1,89,16,106,43,48,126,49,266,80,56,136,402
06/10/2018,COS,CO,ANM,WE,Combined TRACON& Tower with Radar,43,37,27,22,129,0,2,61,6,69,43,39,88,28,198,60,22,82,280
06/11/2018,COS,CO,ANM,WE,Combined TRACON& Tower with Radar,44,42,22,17,125,0,6,78,42,126,44,48,100,59,251,128,208,336,587
06/12/2018,COS,CO,ANM,WE,Combined TRACON& Tower with Radar,45,38,31,31,145,0,4,69,64,137,45,42,100,95,282,152,156,308,590
06/13/2018,COS,CO,ANM,WE,Combined TRACON& Tower with Radar,46,39,57,17,159,0,4,58,35,97,46,43,115,52,256,132,110,242,498
06/14/2018,COS,CO,ANM,WE,Combined TRACON& Tower with Radar,80,36,26,9,151,0,0,66,10,76,80,36,92,19,227,96,64,160,387
06/15/2018,COS,CO,ANM,WE,Combined TRACON& Tower with Radar,46,48,39,17,150,0,3,76,29,108,46,51,115,46,258,92,34,126,384
06/16/2018,COS,CO,ANM,WE,Combined TRACON& Tower with Radar,49,36,26,8,119,0,1,70,4,75,49,37,96,12,194,110,4,114,308
06/17/2018,COS,CO,ANM,WE,Combined TRACON& Tower with Radar,40,34,31,8,113,0,0,51,2,53,40,34,82,10,166,86,0,86,252
06/18/2018,COS,CO,ANM,WE,Combined TRACON& Tower with Radar,43,33,36,15,127,1,2,55,46,104,44,35,91,61,231,0,0,0,231
06/19/2018,COS,CO,ANM,WE,Combined TRACON& Tower with Radar,71,51,54,18,194,0,2,38,26,66,71,53,92,44,260,168,310,478,738
06/20/2018,COS,CO,ANM,WE,Combined TRACON& Tower with Radar,43,33,55,12,143,0,0,113,22,135,43,33,168,34,278,176,82,258,536
06/21/2018,COS,CO,ANM,WE,Combined TRACON& Tower with Radar,49,37,43,9,138,0,1,100,39,140,49,38,143,48,278,198,132,330,608
06/22/2018,COS,CO,ANM,WE,Combined TRACON& Tower with Radar,59,50,57,14,180,0,2,79,24,105,59,52,136,38,285,132,38,170,455
06/23/2018,COS,CO,ANM,WE,Combined TRACON& Tower with Radar,45,48,33,24,150,0,0,109,22,131,45,48,142,46,281,78,40,118,399
06/24/2018,COS,CO,ANM,WE,Combined TRACON& Tower with Radar,55,50,29,5,139,0,4,16,11,31,55,54,45,16,170,0,0,0,170
06/25/2018,COS,CO,ANM,WE,Combined TRACON& Tower with Radar,43,33,47,20,143,0,1,99,24,124,43,34,146,44,267,104,108,212,479
06/26/2018,COS,CO,ANM,WE,Combined TRACON& Tower with Radar,41,44,57,11,153,0,4,104,38,146,41,48,161,49,299,146,250,396,695
06/27/2018,COS,CO,ANM,WE,Combined TRACON& Tower with Radar,47,58,37,10,152,0,3,77,40,120,47,61,114,50,272,196,136,332,604
06/28/2018,COS,CO,ANM,WE,Combined TRACON& Tower with Radar,51,47,51,22,171,0,0,64,31,95,51,47,115,53,266,199,146,345,611
06/29/2018,COS,CO,ANM,WE,Combined TRACON& Tower with Radar,73,54,32,18,177,2,3,77,55,137,75,57,109,73,314,210,86,296,610
06/30/2018,COS,CO,ANM,WE,Combined TRACON& Tower with Radar,44,36,46,9,135,0,0,40,31,71,44,36,86,40,206,64,2,66,272
07/01/2018,COS,CO,ANM,WE,Combined TRACON& Tower with Radar,41,49,40,6,136,0,3,85,37,125,41,52,125,43,261,106,20,126,387
07/02/2018,COS,CO,ANM,WE,Combined TRACON& Tower with Radar,42,47,45,13,147,1,2,69,92,164,43,49,114,105,311,134,132,266,577
07/03/2018,COS,CO,ANM,WE,Combined TRACON& Tower with Radar,49,40,30,12,131,0,5,68,69,142,49,45,98,81,273,0,0,0,273
07/04/2018,COS,CO,ANM,WE,Combined TRACON& Tower with Radar,30,26,20,2,78,0,4,73,56,133,30,30,93,58,211,76,24,100,311
07/05/2018,COS,CO,ANM,WE,Combined TRACON& Tower with Radar,43,35,24,17,119,1,2,48,41,92,44,37,72,58,211,92,90,182,393
07/06/2018,COS,CO,ANM,WE,Combined TRACON& Tower with Radar,47,32,48,7,134,0,4,88,27,119,47,36,136,34,253,254,140,394,647
07/07/2018,COS,CO,ANM,WE,Combined TRACON& Tower with Radar,43,41,35,3,122,0,1,107,0,108,43,42,142,3,230,130,32,162,392
07/08/2018,COS,CO,ANM,WE,Combined TRACON& Tower with Radar,42,35,46,7,130,0,0,79,20,99,42,35,125,27,229,88,14,102,331
07/09/2018,COS,CO,ANM,WE,Combined TRACON& Tower with Radar,45,34,43,19,141,0,2,93,34,129,45,36,136,53,270,96,130,226,496
07/10/2018,COS,CO,ANM,WE,Combined TRACON& Tower with Radar,41,39,50,27,157,0,3,97,25,125,41,42,147,52,282,82,92,174,456
07/11/2018,COS,CO,ANM,WE,Combined TRACON& Tower with Radar,48,39,41,25,153,0,4,74,23,101,48,43,115,48,254,88,88,176,430
07/12/2018,COS,CO,ANM,WE,Combined TRACON& Tower with Radar,45,41,32,20,138,0,5,55,13,73,45,46,87,33,211,0,0,0,211
07/13/2018,COS,CO,ANM,WE,Combined TRACON& Tower with Radar,51,41,36,13,141,0,3,106,19,128,51,44,142,32,269,242,60,302,571
07/14/2018,COS,CO,ANM,WE,Combined TRACON& Tower with Radar,46,37,26,16,125,0,0,88,12,100,46,37,114,28,225,138,14,152,377
07/15/2018,COS,CO,ANM,WE,Combined TRACON& Tower with Radar,41,42,28,19,130,0,0,35,9,44,41,42,63,28,174,62,34,96,270
07/16/2018,COS,CO,ANM,WE,Combined TRACON& Tower with Radar,68,43,33,14,158,0,0,48,17,65,68,43,81,31,223,72,74,146,369
07/17/2018,COS,CO,ANM,WE,Combined TRACON& Tower with Radar,46,27,44,25,142,0,0,62,38,100,46,27,106,63,242,120,166,286,528
07/18/2018,COS,CO,ANM,WE,Combined TRACON& Tower with Radar,48,42,31,13,134,0,1,97,55,153,48,43,128,68,287,76,180,256,543
07/19/2018,COS,CO,ANM,WE,Combined TRACON& Tower with Radar,42,37,52,18,149,0,2,81,40,123,42,39,133,58,272,198,122,320,592
07/20/2018,COS,CO,ANM,WE,Combined TRACON& Tower with Radar,50,48,27,47,172,0,8,64,45,117,50,56,91,92,289,138,224,362,651
07/21/2018,COS,CO,ANM,WE,Combined TRACON& Tower with Radar,49,42,32,10,133,0,6,75,10,91,49,48,107,20,224,0,0,0,224
07/22/2018,COS,CO,ANM,WE,Combined TRACON& Tower with Radar,46,36,26,17,125,0,7,42,5,54,46,43,68,22,179,24,18,42,221
07/23/2018,COS,CO,ANM,WE,Combined TRACON& Tower with Radar,46,53,34,7,140,0,5,45,25,75,46,58,79,32,215,82,152,234,449
07/24/2018,COS,CO,ANM,WE,Combined TRACON& Tower with Radar,47,32,29,14,122,0,0,49,47,96,47,32,78,61,218,52,212,264,482
07/25/2018,COS,CO,ANM,WE,Combined TRACON& Tower with Radar,53,40,29,23,145,0,1,53,40,94,53,41,82,63,239,0,0,0,239
07/26/2018,COS,CO,ANM,WE,Combined TRACON& Tower with Radar,59,45,37,10,151,0,0,34,42,76,59,45,71,52,227,82,180,262,489
07/27/2018,COS,CO,ANM,WE,Combined TRACON& Tower with Radar,54,46,45,21,166,0,0,26,21,47,54,46,71,42,213,146,176,322,535
07/28/2018,COS,CO,ANM,WE,Combined TRACON& Tower with Radar,49,62,74,0,185,0,1,67,3,71,49,63,141,3,256,112,22,134,390
07/29/2018,COS,CO,ANM,WE,Combined TRACON& Tower with Radar,38,55,62,6,161,0,0,38,3,41,38,55,100,9,202,142,10,152,354
07/30/2018,COS,CO,ANM,WE,Combined TRACON& Tower with Radar,48,47,35,23,153,0,2,70,32,104,48,49,105,55,257,164,180,344,601
07/31/2018,COS,CO,ANM,WE,Combined TRACON& Tower with Radar,45,54,57,9,165,0,0,93,15,108,45,54,150,24,273,145,144,289,562
08/01/2018,COS,CO,ANM,WE,Combined TRACON& Tower with Radar,46,38,43,10,137,0,0,60,33,93,46,38,103,43,230,154,120,274,504
08/02/2018,COS,CO,ANM,WE,Combined TRACON& Tower with Radar,48,36,44,11,139,0,3,80,25,108,48,39,124,36,247,174,110,284,531
08/03/2018,COS,CO,ANM,WE,Combined TRACON& Tower with Radar,44,51,25,27,147,0,3,48,29,80,44,54,73,56,227,132,100,232,459
08/04/2018,COS,CO,ANM,WE,Combined TRACON& Tower with Radar,44,41,37,5,127,0,2,75,16,93,44,43,112,21,220,128,58,186,406
08/05/2018,COS,CO,ANM,WE,Combined TRACON& Tower with Radar,40,36,35,12,123,0,0,45,13,58,40,36,80,25,181,96,28,124,305
08/06/2018,COS,CO,ANM,WE,Combined TRACON& Tower with Radar,44,36,34,12,126,0,2,58,6,66,44,38,92,18,192,84,12,96,288
08/07/2018,COS,CO,ANM,WE,Combined TRACON& Tower with Radar,57,45,29,29,160,0,0,62,23,85,57,45,91,52,245,234,102,336,581
08/08/2018,COS,CO,ANM,WE,Combined TRACON& Tower with Radar,44,42,36,24,146,0,0,47,7,54,44,42,83,31,200,298,94,392,592
08/09/2018,COS,CO,ANM,WE,Combined TRACON& Tower with Radar,40,37,32,22,131,0,0,103,26,129,40,37,135,48,260,160,142,302,562
08/10/2018,COS,CO,ANM,WE,Combined TRACON& Tower with Radar,54,39,47,45,185,0,3,81,32,116,54,42,128,77,301,186,102,288,589
08/11/2018,COS,CO,ANM,WE,Combined TRACON& Tower with Radar,46,39,34,10,129,0,2,79,12,93,46,41,113,22,222,140,14,154,376
08/12/2018,COS,CO,ANM,WE,Combined TRACON& Tower with Radar,31,50,32,4,117,0,1,52,12,65,31,51,84,16,182,48,0,48,230
08/13/2018,COS,CO,ANM,WE,Combined TRACON& Tower with Radar,38,36,22,5,101,0,1,64,38,103,38,37,86,43,204,0,0,0,204
08/14/2018,COS,CO,ANM,WE,Combined TRACON& Tower with Radar,58,56,42,22,178,0,1,72,25,98,58,57,114,47,276,154,132,286,562
08/15/2018,COS,CO,ANM,WE,Combined TRACON& Tower with Radar,46,57,50,16,169,0,1,70,42,113,46,58,120,58,282,0,0,0,282
08/16/2018,COS,CO,ANM,WE,Combined TRACON& Tower with Radar,42,34,41,32,149,0,5,62,25,92,42,39,103,57,241,166,86,252,493
08/17/2018,COS,CO,ANM,WE,Combined TRACON& Tower with Radar,45,43,35,29,152,0,4,39,28,71,45,47,74,57,223,94,140,234,457
08/18/2018,COS,CO,ANM,WE,Combined TRACON& Tower with Radar,39,41,56,16,152,0,1,18,3,22,39,42,74,19,174,60,4,64,238
08/19/2018,COS,CO,ANM,WE,Combined TRACON& Tower with Radar,34,44,32,15,125,0,3,48,15,66,34,47,80,30,191,0,0,0,191
08/20/2018,COS,CO,ANM,WE,Combined TRACON& Tower with Radar,40,40,38,22,140,0,0,69,21,90,40,40,107,43,230,244,106,350,580
08/21/2018,COS,CO,ANM,WE,Combined TRACON& Tower with Radar,36,41,33,19,129,0,3,40,26,69,36,44,73,45,198,0,0,0,198
08/22/2018,COS,CO,ANM,WE,Combined TRACON& Tower with Radar,39,44,46,22,151,0,0,3,12,15,39,44,49,34,166,0,0,0,166
08/23/2018,COS,CO,ANM,WE,Combined TRACON& Tower with Radar,36,41,44,26,147,0,0,93,50,143,36,41,137,76,290,0,0,0,290
08/24/2018,COS,CO,ANM,WE,Combined TRACON& Tower with Radar,43,38,51,49,181,0,1,100,40,141,43,39,151,89,322,338,328,666,988
08/25/2018,COS,CO,ANM,WE,Combined TRACON& Tower with Radar,39,36,31,29,135,0,3,94,11,108,39,39,125,40,243,0,0,0,243
08/26/2018,COS,CO,ANM,WE,Combined TRACON& Tower with Radar,49,40,34,8,131,0,3,73,5,81,49,43,107,13,212,0,0,0,212
08/27/2018,COS,CO,ANM,WE,Combined TRACON& Tower with Radar,43,46,37,9,135,0,4,47,7,58,43,50,84,16,193,0,0,0,193
08/28/2018,COS,CO,ANM,WE,Combined TRACON& Tower with Radar,37,34,25,31,127,0,3,66,63,132,37,37,91,94,259,0,0,0,259
08/29/2018,COS,CO,ANM,WE,Combined TRACON& Tower with Radar,40,40,41,17,138,0,0,67,51,118,40,40,108,68,256,0,0,0,256
08/30/2018,COS,CO,ANM,WE,Combined TRACON& Tower with Radar,49,48,31,18,146,0,6,83,37,126,49,54,114,55,272,0,0,0,272
08/31/2018,COS,CO,ANM,WE,Combined TRACON& Tower with Radar,71,64,56,5,196,0,1,83,19,103,71,65,139,24,299,138,52,190,489
09/01/2018,COS,CO,ANM,WE,Combined TRACON& Tower with Radar,44,35,21,7,107,0,2,66,6,74,44,37,87,13,181,106,44,150,331
09/02/2018,COS,CO,ANM,WE,Combined TRACON& Tower with Radar,28,33,29,5,95,0,0,45,7,52,28,33,74,12,147,54,14,68,215
09/03/2018,COS,CO,ANM,WE,Combined TRACON& Tower with Radar,37,32,52,4,125,0,2,58,2,62,37,34,110,6,187,112,10,122,309
09/04/2018,COS,CO,ANM,WE,Combined TRACON& Tower with Radar,39,45,49,17,150,0,0,51,32,83,39,45,100,49,233,0,0,0,233
09/05/2018,COS,CO,ANM,WE,Combined TRACON& Tower with Radar,42,40,31,13,126,0,0,36,32,68,42,40,67,45,194,0,0,0,194
09/06/2018,COS,CO,ANM,WE,Combined TRACON& Tower with Radar,38,44,60,30,172,0,0,11,8,19,38,44,71,38,191,62,36,98,289
09/07/2018,COS,CO,ANM,WE,Combined TRACON& Tower with Radar,38,35,52,38,163,0,2,90,43,135,38,37,142,81,298,260,170,430,728
09/08/2018,COS,CO,ANM,WE,Combined TRACON& Tower with Radar,42,33,33,17,125,0,0,50,6,56,42,33,83,23,181,0,0,0,181
09/09/2018,COS,CO,ANM,WE,Combined TRACON& Tower with Radar,38,45,36,14,133,0,1,49,13,63,38,46,85,27,196,114,34,148,344
09/10/2018,COS,CO,ANM,WE,Combined TRACON& Tower with Radar,42,39,31,12,124,0,3,81,30,114,42,42,112,42,238,0,0,0,238
09/11/2018,COS,CO,ANM,WE,Combined TRACON& Tower with Radar,38,39,58,12,147,0,1,77,59,137,38,40,135,71,284,0,0,0,284
09/12/2018,COS,CO,ANM,WE,Combined TRACON& Tower with Radar,38,41,55,11,145,0,0,85,11,96,38,41,140,22,241,138,182,320,561
09/13/2018,COS,CO,ANM,WE,Combined TRACON& Tower with Radar,37,37,46,8,128,0,2,93,28,123,37,39,139,36,251,62,62,124,375
09/14/2018,COS,CO,ANM,WE,Combined TRACON& Tower with Radar,42,45,47,21,155,0,4,99,38,141,42,49,146,59,296,106,134,240,536
09/15/2018,COS,CO,ANM,WE,Combined TRACON& Tower with Radar,40,28,21,9,98,0,3,115,11,129,40,31,136,20,227,220,14,234,461
09/16/2018,COS,CO,ANM,WE,Combined TRACON& Tower with Radar,36,35,39,16,126,0,3,106,12,121,36,38,145,28,247,104,6,110,357
09/17/2018,COS,CO,ANM,WE,Combined TRACON& Tower with Radar,40,42,29,17,128,0,1,71,28,100,40,43,100,45,228,134,170,304,532
09/18/2018,COS,CO,ANM,WE,Combined TRACON& Tower with Radar,42,37,24,36,139,0,5,72,37,114,42,42,96,73,253,60,50,110,363
09/19/2018,COS,CO,ANM,WE,Combined TRACON& Tower with Radar,58,56,32,22,168,0,5,59,40,104,58,61,91,62,272,52,102,154,426
09/20/2018,COS,CO,ANM,WE,Combined TRACON& Tower with Radar,36,45,31,11,123,0,0,41,27,68,36,45,72,38,191,124,100,224,415
09/21/2018,COS,CO,ANM,WE,Combined TRACON& Tower with Radar,42,42,24,35,143,0,0,54,38,92,42,42,78,73,235,208,140,348,583
09/22/2018,COS,CO,ANM,WE,Combined TRACON& Tower with Radar,38,26,25,7,96,0,2,72,6,80,38,28,97,13,176,0,0,0,176
09/23/2018,COS,CO,ANM,WE,Combined TRACON& Tower with Radar,35,41,27,9,112,0,0,94,2,96,35,41,121,11,208,82,2,84,292
09/24/2018,COS,CO,ANM,WE,Combined TRACON& Tower with Radar,54,42,27,16,139,0,0,42,11,53,54,42,69,27,192,64,108,172,364
09/25/2018,COS,CO,ANM,WE,Combined TRACON& Tower with Radar,41,37,42,20,140,0,4,55,26,85,41,41,97,46,225,110,74,184,409
09/26/2018,COS,CO,ANM,WE,Combined TRACON& Tower with Radar,38,40,43,21,142,0,0,89,22,111,38,40,132,43,253,176,130,306,559
09/27/2018,COS,CO,ANM,WE,Combined TRACON& Tower with Radar,42,33,62,25,162,0,2,84,24,110,42,35,146,49,272,179,164,343,615
09/28/2018,COS,CO,ANM,WE,Combined TRACON& Tower with Radar,43,51,44,41,179,0,0,51,27,78,43,51,95,68,257,156,124,280,537
09/29/2018,COS,CO,ANM,WE,Combined TRACON& Tower with Radar,45,51,40,32,168,0,0,56,11,67,45,51,96,43,235,118,38,156,391
09/30/2018,COS,CO,ANM,WE,Combined TRACON& Tower with Radar,37,53,63,21,174,0,0,86,11,97,37,53,149,32,271,134,2,136,407
10/01/2018,COS,CO,ANM,WE,Combined TRACON& Tower with Radar,35,59,40,12,146,0,2,53,17,72,35,61,93,29,218,136,108,244,462
10/02/2018,COS,CO,ANM,WE,Combined TRACON& Tower with Radar,35,89,78,18,220,0,4,63,32,99,35,93,141,50,319,148,114,262,581
10/03/2018,COS,CO,ANM,WE,Combined TRACON& Tower with Radar,35,39,105,26,205,0,2,76,16,94,35,41,181,42,299,154,38,192,491
10/04/2018,COS,CO,ANM,WE,Combined TRACON& Tower with Radar,40,33,47,18,138,0,2,22,19,43,40,35,69,37,181,34,70,104,285
10/05/2018,COS,CO,ANM,WE,Combined TRACON& Tower with Radar,40,36,50,22,148,0,0,82,25,107,40,36,132,47,255,226,54,280,535
10/06/2018,COS,CO,ANM,WE,Combined TRACON& Tower with Radar,38,33,71,12,154,0,3,38,18,59,38,36,109,30,213,0,0,0,213
10/07/2018,COS,CO,ANM,WE,Combined TRACON& Tower with Radar,34,31,87,7,159,0,0,0,1,1,34,31,87,8,160,14,0,14,174
10/08/2018,COS,CO,ANM,WE,Combined TRACON& Tower with Radar,41,45,37,6,129,0,0,3,2,5,41,45,40,8,134,0,0,0,134
10/09/2018,COS,CO,ANM,WE,Combined TRACON& Tower with Radar,35,36,12,5,88,0,0,0,0,0,35,36,12,5,88,0,0,0,88
10/10/2018,COS,CO,ANM,WE,Combined TRACON& Tower with Radar,39,34,25,6,104,0,0,0,0,0,39,34,25,6,104,0,0,0,104
10/11/2018,COS,CO,ANM,WE,Combined TRACON& Tower with Radar,43,31,19,10,103,0,0,0,0,0,43,31,19,10,103,0,0,0,103
10/12/2018,COS,CO,ANM,WE,Combined TRACON& Tower with Radar,38,44,46,68,196,0,2,90,24,116,38,46,136,92,312,170,52,222,534
10/13/2018,COS,CO,ANM,WE,Combined TRACON& Tower with Radar,36,24,29,23,112,0,1,102,16,119,36,25,131,39,231,106,54,160,391
10/14/2018,COS,CO,ANM,WE,Combined TRACON& Tower with Radar,30,28,21,15,94,0,0,0,0,0,30,28,21,15,94,0,0,0,94
10/15/2018,COS,CO,ANM,WE,Combined TRACON& Tower with Radar,40,39,47,32,158,0,0,75,41,116,40,39,122,73,274,326,166,492,766
10/16/2018,COS,CO,ANM,WE,Combined TRACON& Tower with Radar,40,36,32,18,126,0,0,73,39,112,40,36,105,57,238,0,0,0,238
10/17/2018,COS,CO,ANM,WE,Combined TRACON& Tower with Radar,39,45,39,19,142,0,8,53,50,111,39,53,92,69,253,180,132,312,565
10/18/2018,COS,CO,ANM,WE,Combined TRACON& Tower with Radar,45,56,45,55,201,0,8,40,44,92,45,64,85,99,293,96,132,228,521
10/19/2018,COS,CO,ANM,WE,Combined TRACON& Tower with Radar,41,35,47,43,166,0,0,79,31,110,41,35,126,74,276,142,200,342,618
10/20/2018,COS,CO,ANM,WE,Combined TRACON& Tower with Radar,36,25,45,14,120,0,5,97,12,114,36,30,142,26,234,0,0,0,234
10/21/2018,COS,CO,ANM,WE,Combined TRACON& Tower with Radar,33,41,32,34,140,0,3,64,7,74,33,44,96,41,214,86,0,86,300
10/22/2018,COS,CO,ANM,WE,Combined TRACON& Tower with Radar,38,33,23,5,99,0,3,66,45,114,38,36,89,50,213,58,128,186,399
10/23/2018,COS,CO,ANM,WE,Combined TRACON& Tower with Radar,39,41,32,18,130,0,0,38,24,62,39,41,70,42,192,97,60,157,349
10/24/2018,COS,CO,ANM,WE,Combined TRACON& Tower with Radar,37,35,35,19,126,0,0,0,1,1,37,35,35,20,127,8,6,14,141
10/25/2018,COS,CO,ANM,WE,Combined TRACON& Tower with Radar,41,39,44,101,225,0,1,88,44,133,41,40,132,145,358,224,192,416,774
10/26/2018,COS,CO,ANM,WE,Combined TRACON& Tower with Radar,41,37,67,18,163,0,2,96,33,131,41,39,163,51,294,200,154,354,648
10/27/2018,COS,CO,ANM,WE,Combined TRACON& Tower with Radar,36,27,27,18,108,0,1,101,11,113,36,28,128,29,221,250,96,346,567
10/28/2018,COS,CO,ANM,WE,Combined TRACON& Tower with Radar,31,33,35,20,119,0,0,88,10,98,31,33,123,30,217,146,32,178,395
10/29/2018,COS,CO,ANM,WE,Combined TRACON& Tower with Radar,32,37,40,11,120,0,1,57,23,81,32,38,97,34,201,162,94,256,457
10/30/2018,COS,CO,ANM,WE,Combined TRACON& Tower with Radar,39,40,24,8,111,0,2,23,22,47,39,42,47,30,158,40,48,88,246
10/31/2018,COS,CO,ANM,WE,Combined TRACON& Tower with Radar,29,44,21,15,109,0,0,10,9,19,29,44,31,24,128,0,0,0,128
11/01/2018,COS,CO,ANM,WE,Combined TRACON& Tower with Radar,35,35,27,43,140,0,1,60,29,90,35,36,87,72,230,100,88,188,418
11/02/2018,COS,CO,ANM,WE,Combined TRACON& Tower with Radar,37,44,43,19,143,0,1,73,22,96,37,45,116,41,239,260,126,386,625
11/03/2018,COS,CO,ANM,WE,Combined TRACON& Tower with Radar,33,29,18,23,103,0,1,9,18,28,33,30,27,41,131,0,0,0,131
11/04/2018,COS,CO,ANM,WE,Combined TRACON& Tower with Radar,28,38,41,22,129,0,0,69,10,79,28,38,110,32,208,116,24,140,348
11/05/2018,COS,CO,ANM,WE,Combined TRACON& Tower with Radar,31,34,37,26,128,0,0,51,45,96,31,34,88,71,224,74,86,160,384
11/06/2018,COS,CO,ANM,WE,Combined TRACON& Tower with Radar,35,35,22,28,120,0,0,72,51,123,35,35,94,79,243,134,132,266,509
11/07/2018,COS,CO,ANM,WE,Combined TRACON& Tower with Radar,37,34,33,44,148,0,0,8,15,23,37,34,41,59,171,20,8,28,199
11/08/2018,COS,CO,ANM,WE,Combined TRACON& Tower with Radar,38,28,26,25,117,0,0,22,24,46,38,28,48,49,163,0,0,0,163
11/09/2018,COS,CO,ANM,WE,Combined TRACON& Tower with Radar,40,35,45,33,153,0,0,74,26,100,40,35,119,59,253,122,106,228,481
11/10/2018,COS,CO,ANM,WE,Combined TRACON& Tower with Radar,33,35,49,5,122,0,0,103,15,118,33,35,152,20,240,192,48,240,480
11/11/2018,COS,CO,ANM,WE,Combined TRACON& Tower with Radar,34,31,14,0,79,0,0,3,0,3,34,31,17,0,82,0,0,0,82
11/12/2018,COS,CO,ANM,WE,Combined TRACON& Tower with Radar,38,33,29,4,104,0,0,30,1,31,38,33,59,5,135,54,20,74,209
11/13/2018,COS,CO,ANM,WE,Combined TRACON& Tower with Radar,49,35,24,18,126,0,2,51,29,82,49,37,75,47,208,224,158,382,590
11/14/2018,COS,CO,ANM,WE,Combined TRACON& Tower with Radar,42,40,39,12,133,0,1,80,25,106,42,41,119,37,239,162,118,280,519
11/15/2018,COS,CO,ANM,WE,Combined TRACON& Tower with Radar,41,43,52,17,153,0,3,81,12,96,41,46,133,29,249,165,62,227,476
11/16/2018,COS,CO,ANM,WE,Combined TRACON& Tower with Radar,43,47,54,57,201,0,4,85,17,106,43,51,139,74,307,222,72,294,601
11/17/2018,COS,CO,ANM,WE,Combined TRACON& Tower with Radar,31,32,8,3,74,0,0,0,1,1,31,32,8,4,75,0,0,0,75
11/18/2018,COS,CO,ANM,WE,Combined TRACON& Tower with Radar,41,36,33,4,114,0,0,20,3,23,41,36,53,7,137,76,0,76,213
11/19/2018,COS,CO,ANM,WE,Combined TRACON& Tower with Radar,42,39,27,10,118,0,2,83,39,124,42,41,110,49,242,78,142,220,462
11/20/2018,COS,CO,ANM,WE,Combined TRACON& Tower with Radar,47,43,28,23,141,0,1,73,12,86,47,44,101,35,227,130,56,186,413
11/21/2018,COS,CO,ANM,WE,Combined TRACON& Tower with Radar,48,40,40,31,159,0,2,64,5,71,48,42,104,36,230,88,18,106,336
11/22/2018,COS,CO,ANM,WE,Combined TRACON& Tower with Radar,20,21,8,2,51,0,4,30,6,40,20,25,38,8,91,24,0,24,115
11/23/2018,COS,CO,ANM,WE,Combined TRACON& Tower with Radar,33,25,11,0,69,0,2,11,0,13,33,27,22,0,82,0,0,0,82
11/24/2018,COS,CO,ANM,WE,Combined TRACON& Tower with Radar,36,38,24,0,98,0,0,20,1,21,36,38,44,1,119,38,0,38,157
11/25/2018,COS,CO,ANM,WE,Combined TRACON& Tower with Radar,31,49,46,4,130,0,0,30,14,44,31,49,76,18,174,0,0,0,174
11/26/2018,COS,CO,ANM,WE,Combined TRACON& Tower with Radar,30,36,39,20,125,0,4,57,19,80,30,40,96,39,205,70,52,122,327
11/27/2018,COS,CO,ANM,WE,Combined TRACON& Tower with Radar,36,31,23,27,117,0,4,43,29,76,36,35,66,56,193,0,0,0,193
11/28/2018,COS,CO,ANM,WE,Combined TRACON& Tower with Radar,28,38,28,15,109,0,5,46,21,72,28,43,74,36,181,168,62,230,411
11/29/2018,COS,CO,ANM,WE,Combined TRACON& Tower with Radar,35,44,44,13,136,0,2,65,35,102,35,46,109,48,238,232,182,414,652
11/30/2018,COS,CO,ANM,WE,Combined TRACON& Tower with Radar,47,56,28,20,151,0,1,51,26,78,47,57,79,46,229,170,138,308,537
12/01/2018,COS,CO,ANM,WE,Combined TRACON& Tower with Radar,33,28,38,6,105,0,0,67,15,82,33,28,105,21,187,32,26,58,245
12/02/2018,COS,CO,ANM,WE,Combined TRACON& Tower with Radar,30,34,22,13,99,0,2,47,10,59,30,36,69,23,158,116,40,156,314
12/03/2018,COS,CO,ANM,WE,Combined TRACON& Tower with Radar,33,32,18,8,91,0,0,1,3,4,33,32,19,11,95,0,0,0,95
12/04/2018,COS,CO,ANM,WE,Combined TRACON& Tower with Radar,35,32,17,30,114,0,0,55,24,79,35,32,72,54,193,36,22,58,251
12/05/2018,COS,CO,ANM,WE,Combined TRACON& Tower with Radar,30,41,31,10,112,0,11,58,11,80,30,52,89,21,192,106,0,106,298
12/06/2018,COS,CO,ANM,WE,Combined TRACON& Tower with Radar,36,35,12,22,105,0,1,29,15,45,36,36,41,37,150,112,80,192,342
12/07/2018,COS,CO,ANM,WE,Combined TRACON& Tower with Radar,36,33,23,35,127,0,0,63,25,88,36,33,86,60,215,138,122,260,475
12/08/2018,COS,CO,ANM,WE,Combined TRACON& Tower with Radar,36,25,19,29,109,0,0,109,14,123,36,25,128,43,232,88,36,124,356
12/09/2018,COS,CO,ANM,WE,Combined TRACON& Tower with Radar,32,28,26,6,92,0,2,68,8,78,32,30,94,14,170,62,62,124,294
12/10/2018,COS,CO,ANM,WE,Combined TRACON& Tower with Radar,31,38,28,16,113,0,0,45,17,62,31,38,73,33,175,98,24,122,297
12/11/2018,COS,CO,ANM,WE,Combined TRACON& Tower with Radar,35,31,23,5,94,0,0,21,9,30,35,31,44,14,124,32,14,46,170
12/12/2018,COS,CO,ANM,WE,Combined TRACON& Tower with Radar,32,35,25,24,116,0,2,19,27,48,32,37,44,51,164,22,60,82,246
12/13/2018,COS,CO,ANM,WE,Combined TRACON& Tower with Radar,34,33,22,35,124,0,0,38,27,65,34,33,60,62,189,58,112,170,359
12/14/2018,COS,CO,ANM,WE,Combined TRACON& Tower with Radar,40,36,42,12,130,0,0,89,10,99,40,36,131,22,229,174,42,216,445
12/15/2018,COS,CO,ANM,WE,Combined TRACON& Tower with Radar,32,28,19,13,92,0,1,107,9,117,32,29,126,22,209,104,24,128,337
12/16/2018,COS,CO,ANM,WE,Combined TRACON& Tower with Radar,32,30,22,17,101,0,5,68,8,81,32,35,90,25,182,128,4,132,314
12/17/2018,COS,CO,ANM,WE,Combined TRACON& Tower with Radar,33,36,28,28,125,0,2,94,16,112,33,38,122,44,237,82,54,136,373
12/18/2018,COS,CO,ANM,WE,Combined TRACON& Tower with Radar,35,45,35,15,130,0,2,98,18,118,35,47,133,33,248,128,16,144,392
12/19/2018,COS,CO,ANM,WE,Combined TRACON& Tower with Radar,32,35,33,11,111,0,3,12,15,30,32,38,45,26,141,8,8,16,157
12/20/2018,COS,CO,ANM,WE,Combined TRACON& Tower with Radar,36,31,29,31,127,0,1,113,17,131,36,32,142,48,258,102,72,174,432
12/21/2018,COS,CO,ANM,WE,Combined TRACON& Tower with Radar,32,32,24,1,89,0,2,83,10,95,32,34,107,11,184,140,4,144,328
12/22/2018,COS,CO,ANM,WE,Combined TRACON& Tower with Radar,34,29,17,0,80,0,1,42,1,44,34,30,59,1,124,44,22,66,190
12/23/2018,COS,CO,ANM,WE,Combined TRACON& Tower with Radar,29,34,25,0,88,0,0,85,3,88,29,34,110,3,176,116,0,116,292
12/24/2018,COS,CO,ANM,WE,Combined TRACON& Tower with Radar,29,37,19,0,85,0,7,65,4,76,29,44,84,4,161,62,0,62,223
12/25/2018,COS,CO,ANM,WE,Combined TRACON& Tower with Radar,27,27,6,0,60,0,0,41,0,41,27,27,47,0,101,24,0,24,125
12/26/2018,COS,CO,ANM,WE,Combined TRACON& Tower with Radar,28,38,18,2,86,0,3,30,3,36,28,41,48,5,122,82,4,86,208
12/27/2018,COS,CO,ANM,WE,Combined TRACON& Tower with Radar,32,46,26,24,128,0,1,40,10,51,32,47,66,34,179,18,56,74,253
12/28/2018,COS,CO,ANM,WE,Combined TRACON& Tower with Radar,36,46,25,5,112,0,0,18,2,20,36,46,43,7,132,100,48,148,280
12/29/2018,COS,CO,ANM,WE,Combined TRACON& Tower with Radar,29,35,18,0,82,0,1,75,1,77,29,36,93,1,159,118,32,150,309
12/30/2018,COS,CO,ANM,WE,Combined TRACON& Tower with Radar,30,37,44,0,111,0,0,99,2,101,30,37,143,2,212,164,0,164,376
12/31/2018,COS,CO,ANM,WE,Combined TRACON& Tower with Radar,28,40,2,0,70,0,0,0,3,3,28,40,2,3,73,0,0,0,73
01/01/2019,COS,CO,ANM,WE,Combined TRACON& Tower with Radar,27,33,15,0,75,0,0,13,1,14,27,33,28,1,89,0,0,0,89
01/02/2019,COS,CO,ANM,WE,Combined TRACON& Tower with Radar,33,32,33,4,102,0,0,40,4,44,33,32,73,8,146,144,0,144,290
01/03/2019,COS,CO,ANM,WE,Combined TRACON& Tower with Radar,32,35,28,7,102,0,0,94,17,111,32,35,122,24,213,202,82,284,497
01/04/2019,COS,CO,ANM,WE,Combined TRACON& Tower with Radar,33,37,40,10,120,0,3,65,18,86,33,40,105,28,206,168,76,244,450
01/05/2019,COS,CO,ANM,WE,Combined TRACON& Tower with Radar,32,35,31,5,103,0,2,101,9,112,32,37,132,14,215,162,34,196,411
01/06/2019,COS,CO,ANM,WE,Combined TRACON& Tower with Radar,26,27,27,3,83,0,0,47,7,54,26,27,74,10,137,38,18,56,193
01/07/2019,COS,CO,ANM,WE,Combined TRACON& Tower with Radar,27,37,17,3,84,0,4,5,6,15,27,41,22,9,99,0,12,12,111
01/08/2019,COS,CO,ANM,WE,Combined TRACON& Tower with Radar,33,36,24,8,101,0,1,85,22,108,33,37,109,30,209,66,32,98,307
01/09/2019,COS,CO,ANM,WE,Combined TRACON& Tower with Radar,28,30,23,23,104,0,0,74,19,93,28,30,97,42,197,114,38,152,349
01/10/2019,COS,CO,ANM,WE,Combined TRACON& Tower with Radar,29,37,32,8,106,0,0,87,24,111,29,37,119,32,217,270,30,300,517
01/11/2019,COS,CO,ANM,WE,Combined TRACON& Tower with Radar,33,40,10,5,88,0,0,0,0,0,33,40,10,5,88,0,0,0,88
01/12/2019,COS,CO,ANM,WE,Combined TRACON& Tower with Radar,25,36,18,14,93,0,0,3,8,11,25,36,21,22,104,28,6,34,138
01/13/2019,COS,CO,ANM,WE,Combined TRACON& Tower with Radar,31,29,19,19,98,0,0,5,0,5,31,29,24,19,103,6,8,14,117
01/14/2019,COS,CO,ANM,WE,Combined TRACON& Tower with Radar,27,40,20,6,93,1,0,67,7,75,28,40,87,13,168,74,36,110,278
01/15/2019,COS,CO,ANM,WE,Combined TRACON& Tower with Radar,34,39,29,11,113,0,2,82,15,99,34,41,111,26,212,0,0,0,212
01/16/2019,COS,CO,ANM,WE,Combined TRACON& Tower with Radar,32,34,38,15,119,0,2,39,10,51,32,36,77,25,170,76,58,134,304
01/17/2019,COS,CO,ANM,WE,Combined TRACON& Tower with Radar,33,31,27,11,102,0,0,54,19,73,33,31,81,30,175,80,80,160,335
01/18/2019,COS,CO,ANM,WE,Combined TRACON& Tower with Radar,31,35,21,12,99,0,0,2,8,10,31,35,23,20,109,2,40,42,151
01/19/2019,COS,CO,ANM,WE,Combined TRACON& Tower with Radar,23,30,32,18,103,0,1,69,12,82,23,31,101,30,185,71,14,85,270
01/20/2019,COS,CO,ANM,WE,Combined TRACON& Tower with Radar,31,32,32,14,109,0,6,91,7,104,31,38,123,21,213,0,0,0,213
01/21/2019,COS,CO,ANM,WE,Combined TRACON& Tower with Radar,32,35,29,11,107,0,0,10,3,13,32,35,39,14,120,0,0,0,120
01/22/2019,COS,CO,ANM,WE,Combined TRACON& Tower with Radar,39,33,7,9,88,0,0,6,1,7,39,33,13,10,95,0,0,0,95
01/23/2019,COS,CO,ANM,WE,Combined TRACON& Tower with Radar,29,28,28,26,111,0,4,58,12,74,29,32,86,38,185,130,10,140,325
01/24/2019,COS,CO,ANM,WE,Combined TRACON& Tower with Radar,34,41,22,13,110,0,0,7,11,18,34,41,29,24,128,26,24,50,178
01/25/2019,COS,CO,ANM,WE,Combined TRACON& Tower with Radar,31,35,34,25,125,0,4,101,36,141,31,39,135,61,266,172,204,376,642
01/26/2019,COS,CO,ANM,WE,Combined TRACON& Tower with Radar,28,27,29,22,106,0,1,62,7,70,28,28,91,29,176,70,58,128,304
01/27/2019,COS,CO,ANM,WE,Combined TRACON& Tower with Radar,34,29,32,23,118,0,3,64,10,77,34,32,96,33,195,130,78,208,403
01/28/2019,COS,CO,ANM,WE,Combined TRACON& Tower with Radar,30,28,11,2,71,0,0,3,4,7,30,28,14,6,78,20,0,20,98
01/29/2019,COS,CO,ANM,WE,Combined TRACON& Tower with Radar,34,38,30,13,115,0,2,78,18,98,34,40,108,31,213,0,0,0,213
01/30/2019,COS,CO,ANM,WE,Combined TRACON& Tower with Radar,34,28,24,15,101,0,0,84,15,99,34,28,108,30,200,186,28,214,414
01/31/2019,COS,CO,ANM,WE,Combined TRACON& Tower with Radar,28,30,28,22,108,0,2,74,35,111,28,32,102,57,219,130,114,244,463
02/01/2019,COS,CO,ANM,WE,Combined TRACON& Tower with Radar,31,44,25,23,123,0,1,101,31,133,31,45,126,54,256,154,140,294,550
02/02/2019,COS,CO,ANM,WE,Combined TRACON& Tower with Radar,30,38,41,21,130,0,0,96,29,125,30,38,137,50,255,176,44,220,475
02/03/2019,COS,CO,ANM,WE,Combined TRACON& Tower with Radar,30,26,11,19,86,0,0,5,5,10,30,26,16,24,96,26,8,34,130
02/04/2019,COS,CO,ANM,WE,Combined TRACON& Tower with Radar,33,36,21,6,96,0,2,16,10,28,33,38,37,16,124,24,24,48,172
02/05/2019,COS,CO,ANM,WE,Combined TRACON& Tower with Radar,35,33,15,29,112,0,0,20,6,26,35,33,35,35,138,16,0,16,154
02/06/2019,COS,CO,ANM,WE,Combined TRACON& Tower with Radar,31,38,21,14,104,0,0,7,15,22,31,38,28,29,126,0,30,30,156
02/07/2019,COS,CO,ANM,WE,Combined TRACON& Tower with Radar,31,38,25,9,103,0,4,19,27,50,31,42,44,36,153,34,58,92,245
02/08/2019,COS,CO,ANM,WE,Combined TRACON& Tower with Radar,34,40,40,51,165,0,0,84,52,136,34,40,124,103,301,156,186,342,643
02/09/2019,COS,CO,ANM,WE,Combined TRACON& Tower with Radar,29,32,23,3,87,0,0,62,18,80,29,32,85,21,167,94,32,126,293
02/10/2019,COS,CO,ANM,WE,Combined TRACON& Tower with Radar,33,31,32,13,109,0,1,46,22,69,33,32,78,35,178,24,0,24,202
02/11/2019,COS,CO,ANM,WE,Combined TRACON& Tower with Radar,27,50,25,14,116,0,3,20,17,40,27,53,45,31,156,64,92,156,312
02/12/2019,COS,CO,ANM,WE,Combined TRACON& Tower with Radar,31,32,20,12,95,0,0,72,37,109,31,32,92,49,204,162,84,246,450
02/13/2019,COS,CO,ANM,WE,Combined TRACON& Tower with Radar,35,47,19,10,111,0,1,29,9,39,35,48,48,19,150,100,12,112,262
02/14/2019,COS,CO,ANM,WE,Combined TRACON& Tower with Radar,45,36,34,10,125,0,4,10,19,33,45,40,44,29,158,12,30,42,200
02/15/2019,COS,CO,ANM,WE,Combined TRACON& Tower with Radar,42,42,41,5,130,0,2,68,2,72,42,44,109,7,202,92,22,114,316
02/16/2019,COS,CO,ANM,WE,Combined TRACON& Tower with Radar,27,30,23,5,85,0,2,14,5,21,27,32,37,10,106,82,0,82,188
02/17/2019,COS,CO,ANM,WE,Combined TRACON& Tower with Radar,33,38,21,8,100,0,5,56,11,72,33,43,77,19,172,156,0,156,328
02/18/2019,COS,CO,ANM,WE,Combined TRACON& Tower with Radar,40,33,22,2,97,0,0,0,0,0,40,33,22,2,97,0,0,0,97
02/19/2019,COS,CO,ANM,WE,Combined TRACON& Tower with Radar,33,40,10,6,89,0,0,1,0,1,33,40,11,6,90,0,0,0,90
02/20/2019,COS,CO,ANM,WE,Combined TRACON& Tower with Radar,36,46,33,22,137,0,5,97,19,121,36,51,130,41,258,230,120,350,608
02/21/2019,COS,CO,ANM,WE,Combined TRACON& Tower with Radar,41,36,28,47,152,0,1,64,15,80,41,37,92,62,232,184,90,274,506
02/22/2019,COS,CO,ANM,WE,Combined TRACON& Tower with Radar,43,37,31,49,160,0,0,6,1,7,43,37,37,50,167,40,34,74,241
02/23/2019,COS,CO,ANM,WE,Combined TRACON& Tower with Radar,32,35,15,8,90,0,0,20,2,22,32,35,35,10,112,30,0,30,142
02/24/2019,COS,CO,ANM,WE,Combined TRACON& Tower with Radar,43,28,15,6,92,0,1,79,7,87,43,29,94,13,179,136,32,168,347
02/25/2019,COS,CO,ANM,WE,Combined TRACON& Tower with Radar,43,35,36,14,128,0,5,86,7,98,43,40,122,21,226,104,20,124,350
02/26/2019,COS,CO,ANM,WE,Combined TRACON& Tower with Radar,42,37,46,21,146,0,1,60,29,90,42,38,106,50,236,110,16,126,362
02/27/2019,COS,CO,ANM,WE,Combined TRACON& Tower with Radar,37,32,12,7,88,0,0,10,2,12,37,32,22,9,100,40,40,80,180
02/28/2019,COS,CO,ANM,WE,Combined TRACON& Tower with Radar,39,39,25,20,123,0,4,63,36,103,39,43,88,56,226,114,118,232,458
03/01/2019,COS,CO,ANM,WE,Combined TRACON& Tower with Radar,40,39,27,35,141,0,1,30,22,53,40,40,57,57,194,60,76,136,330
03/02/2019,COS,CO,ANM,WE,Combined TRACON& Tower with Radar,38,26,9,6,79,0,0,0,0,0,38,26,9,6,79,0,0,0,79
03/03/2019,COS,CO,ANM,WE,Combined TRACON& Tower with Radar,37,27,3,7,74,0,0,0,0,0,37,27,3,7,74,0,0,0,74
03/04/2019,COS,CO,ANM,WE,Combined TRACON& Tower with Radar,40,30,15,16,101,0,0,6,2,8,40,30,21,18,109,0,0,0,109
03/05/2019,COS,CO,ANM,WE,Combined TRACON& Tower with Radar,32,44,31,18,125,0,1,55,28,84,32,45,86,46,209,230,76,306,515
03/06/2019,COS,CO,ANM,WE,Combined TRACON& Tower with Radar,35,35,37,45,152,0,1,80,43,124,35,36,117,88,276,210,146,356,632
03/07/2019,COS,CO,ANM,WE,Combined TRACON& Tower with Radar,42,36,16,8,102,0,2,24,17,43,42,38,40,25,145,8,12,20,165
03/08/2019,COS,CO,ANM,WE,Combined TRACON& Tower with Radar,34,45,23,19,121,0,1,34,7,42,34,46,57,26,163,94,10,104,267
03/09/2019,COS,CO,ANM,WE,Combined TRACON& Tower with Radar,33,43,27,10,113,0,1,39,16,56,33,44,66,26,169,70,0,70,239
03/10/2019,COS,CO,ANM,WE,Combined TRACON& Tower with Radar,25,43,47,7,122,0,0,64,3,67,25,43,111,10,189,130,48,178,367
03/11/2019,COS,CO,ANM,WE,Combined TRACON& Tower with Radar,34,44,22,10,110,0,2,54,23,79,34,46,76,33,189,114,74,188,377
03/12/2019,COS,CO,ANM,WE,Combined TRACON& Tower with Radar,28,47,15,29,119,0,2,41,21,64,28,49,56,50,183,112,40,152,335
03/13/2019,COS,CO,ANM,WE,Combined TRACON& Tower with Radar,6,7,0,0,13,0,0,0,0,0,6,7,0,0,13,0,0,0,13
03/14/2019,COS,CO,ANM,WE,Combined TRACON& Tower with Radar,23,50,13,10,96,0,0,9,1,10,23,50,22,11,106,0,0,0,106
03/15/2019,COS,CO,ANM,WE,Combined TRACON& Tower with Radar,35,46,43,7,131,0,0,79,14,93,35,46,122,21,224,250,0,250,474
03/16/2019,COS,CO,ANM,WE,Combined TRACON& Tower with Radar,27,43,38,9,117,0,2,133,6,141,27,45,171,15,258,218,2,220,478
03/17/2019,COS,CO,ANM,WE,Combined TRACON& Tower with Radar,28,39,43,12,122,0,1,85,10,96,28,40,128,22,218,82,40,122,340
03/18/2019,COS,CO,ANM,WE,Combined TRACON& Tower with Radar,29,49,25,21,124,0,13,73,28,114,29,62,98,49,238,140,98,238,476
03/19/2019,COS,CO,ANM,WE,Combined TRACON& Tower with Radar,28,52,26,24,130,0,1,47,27,75,28,53,73,51,205,78,82,160,365
03/20/2019,COS,CO,ANM,WE,Combined TRACON& Tower with Radar,30,49,38,27,144,0,1,65,33,99,30,50,103,60,243,186,84,270,513
03/21/2019,COS,CO,ANM,WE,Combined TRACON& Tower with Radar,31,48,35,37,151,0,1,58,26,85,31,49,93,63,236,77,178,255,491
03/22/2019,COS,CO,ANM,WE,Combined TRACON& Tower with Radar,33,43,30,13,119,0,1,25,17,43,33,44,55,30,162,80,72,152,314
03/23/2019,COS,CO,ANM,WE,Combined TRACON& Tower with Radar,26,42,28,6,102,0,7,53,6,66,26,49,81,12,168,89,2,91,259
03/24/2019,COS,CO,ANM,WE,Combined TRACON& Tower with Radar,30,36,37,2,105,0,3,46,4,53,30,39,83,6,158,121,42,163,321
03/25/2019,COS,CO,ANM,WE,Combined TRACON& Tower with Radar,29,49,32,24,134,0,1,48,7,56,29,50,80,31,190,226,46,272,462
03/26/2019,COS,CO,ANM,WE,Combined TRACON& Tower with Radar,30,39,30,18,117,0,0,51,5,56,30,39,81,23,173,180,16,196,369
03/27/2019,COS,CO,ANM,WE,Combined TRACON& Tower with Radar,31,36,48,17,132,0,4,68,32,104,31,40,116,49,236,98,26,124,360
03/28/2019,COS,CO,ANM,WE,Combined TRACON& Tower with Radar,35,49,39,23,146,0,2,65,20,87,35,51,104,43,233,122,14,136,369
03/29/2019,COS,CO,ANM,WE,Combined TRACON& Tower with Radar,36,33,21,6,96,0,0,6,3,9,36,33,27,9,105,6,0,6,111
03/30/2019,COS,CO,ANM,WE,Combined TRACON& Tower with Radar,31,37,13,7,88,0,3,25,11,39,31,40,38,18,127,108,0,108,235
03/31/2019,COS,CO,ANM,WE,Combined TRACON& Tower with Radar,30,38,39,14,121,0,0,51,8,59,30,38,90,22,180,106,56,162,342
04/01/2019,COS,CO,ANM,WE,Combined TRACON& Tower with Radar,31,42,33,6,112,0,2,83,27,112,31,44,116,33,224,123,96,219,443
04/02/2019,COS,CO,ANM,WE,Combined TRACON& Tower with Radar,28,34,29,40,131,0,6,70,39,115,28,40,99,79,246,122,142,264,510
04/03/2019,COS,CO,ANM,WE,Combined TRACON& Tower with Radar,30,40,37,12,119,0,3,46,33,82,30,43,83,45,201,122,174,296,497
04/04/2019,COS,CO,ANM,WE,Combined TRACON& Tower with Radar,34,52,37,24,147,0,1,79,51,131,34,53,116,75,278,215,274,489,767
04/05/2019,COS,CO,ANM,WE,Combined TRACON& Tower with Radar,37,36,29,24,126,0,0,61,31,92,37,36,90,55,218,140,224,364,582
04/06/2019,COS,CO,ANM,WE,Combined TRACON& Tower with Radar,33,35,19,12,99,0,5,52,12,69,33,40,71,24,168,120,0,120,288
04/07/2019,COS,CO,ANM,WE,Combined TRACON& Tower with Radar,29,37,23,10,99,0,2,90,3,95,29,39,113,13,194,130,0,130,324
04/08/2019,COS,CO,ANM,WE,Combined TRACON& Tower with Radar,36,34,22,17,109,0,0,67,27,94,36,34,89,44,203,75,84,159,362
04/09/2019,COS,CO,ANM,WE,Combined TRACON& Tower with Radar,26,38,30,20,114,0,0,60,22,82,26,38,90,42,196,62,78,140,336
04/10/2019,COS,CO,ANM,WE,Combined TRACON& Tower with Radar,27,23,30,9,89,0,1,2,6,9,27,24,32,15,98,0,0,0,98
04/11/2019,COS,CO,ANM,WE,Combined TRACON& Tower with Radar,36,41,33,29,139,0,0,10,11,21,36,41,43,40,160,6,42,48,208
04/12/2019,COS,CO,ANM,WE,Combined TRACON& Tower with Radar,36,46,30,22,134,0,3,14,3,20,36,49,44,25,154,24,16,40,194
04/13/2019,COS,CO,ANM,WE,Combined TRACON& Tower with Radar,29,30,13,4,76,0,1,0,0,1,29,31,13,4,77,28,0,28,105
04/14/2019,COS,CO,ANM,WE,Combined TRACON& Tower with Radar,30,28,25,14,97,0,2,85,8,95,30,30,110,22,192,60,10,70,262
04/15/2019,COS,CO,ANM,WE,Combined TRACON& Tower with Radar,30,40,24,18,112,0,2,50,25,77,30,42,74,43,189,52,60,112,301
04/16/2019,COS,CO,ANM,WE,Combined TRACON& Tower with Radar,26,35,30,28,119,0,0,66,25,91,26,35,96,53,210,111,54,165,375
04/17/2019,COS,CO,ANM,WE,Combined TRACON& Tower with Radar,30,45,26,33,134,0,0,34,25,59,30,45,60,58,193,98,48,146,339
04/18/2019,COS,CO,ANM,WE,Combined TRACON& Tower with Radar,34,44,29,15,122,0,0,50,50,100,34,44,79,65,222,58,142,200,422
04/19/2019,COS,CO,ANM,WE,Combined TRACON& Tower with Radar,36,39,49,27,151,0,1,108,35,144,36,40,157,62,295,171,110,281,576
04/20/2019,COS,CO,ANM,WE,Combined TRACON& Tower with Radar,26,34,23,12,95,0,0,93,21,114,26,34,116,33,209,150,24,174,383
04/21/2019,COS,CO,ANM,WE,Combined TRACON& Tower with Radar,30,36,18,6,90,0,0,28,3,31,30,36,46,9,121,86,0,86,207
04/22/2019,COS,CO,ANM,WE,Combined TRACON& Tower with Radar,32,40,25,24,121,0,0,8,3,11,32,40,33,27,132,66,12,78,210
04/23/2019,COS,CO,ANM,WE,Combined TRACON& Tower with Radar,28,40,40,60,168,0,0,48,30,78,28,40,88,90,246,146,66,212,458
04/24/2019,COS,CO,ANM,WE,Combined TRACON& Tower with Radar,37,35,39,45,156,0,4,103,68,175,37,39,142,113,331,220,154,374,705
04/25/2019,COS,CO,ANM,WE,Combined TRACON& Tower with Radar,37,35,25,28,125,0,0,51,32,83,37,35,76,60,208,66,142,208,416
04/26/2019,COS,CO,ANM,WE,Combined TRACON& Tower with Radar,33,44,34,18,129,0,3,76,22,101,33,47,110,40,230,202,98,300,530
04/27/2019,COS,CO,ANM,WE,Combined TRACON& Tower with Radar,26,32,40,7,105,0,2,67,12,81,26,34,107,19,186,38,0,38,224
04/28/2019,COS,CO,ANM,WE,Combined TRACON& Tower with Radar,36,38,26,11,111,0,4,29,3,36,36,42,55,14,147,104,0,104,251
04/29/2019,COS,CO,ANM,WE,Combined TRACON& Tower with Radar,37,30,19,10,96,0,2,3,19,24,37,32,22,29,120,38,34,72,192
04/30/2019,COS,CO,ANM,WE,Combined TRACON& Tower with Radar,47,34,23,22,126,0,0,6,6,12,47,34,29,28,138,44,86,130,268
05/01/2019,COS,CO,ANM,WE,Combined TRACON& Tower with Radar,45,32,78,29,184,0,0,20,16,36,45,32,98,45,220,52,42,94,314
05/02/2019,COS,CO,ANM,WE,Combined TRACON& Tower with Radar,43,42,38,47,170,0,0,11,20,31,43,42,49,67,201,6,68,74,275
05/03/2019,COS,CO,ANM,WE,Combined TRACON& Tower with Radar,39,40,55,52,186,0,2,112,26,140,39,42,167,78,326,280,131,411,737
05/04/2019,COS,CO,ANM,WE,Combined TRACON& Tower with Radar,37,40,54,23,154,0,0,87,28,115,37,40,141,51,269,156,10,166,435
05/05/2019,COS,CO,ANM,WE,Combined TRACON& Tower with Radar,71,37,46,19,173,0,0,57,11,68,71,37,103,30,241,36,16,52,293
05/06/2019,COS,CO,ANM,WE,Combined TRACON& Tower with Radar,37,46,32,30,145,0,3,53,63,119,37,49,85,93,264,60,110,170,434
05/07/2019,COS,CO,ANM,WE,Combined TRACON& Tower with Radar,41,29,31,29,130,0,0,2,2,4,41,29,33,31,134,0,18,18,152
05/08/2019,COS,CO,ANM,WE,Combined TRACON& Tower with Radar,35,34,22,32,123,0,0,13,29,42,35,34,35,61,165,0,0,0,165
05/09/2019,COS,CO,ANM,WE,Combined TRACON& Tower with Radar,43,29,15,8,95,0,0,0,0,0,43,29,15,8,95,0,24,24,119
05/10/2019,COS,CO,ANM,WE,Combined TRACON& Tower with Radar,40,39,28,19,126,0,0,10,52,62,40,39,38,71,188,28,42,70,258
05/11/2019,COS,CO,ANM,WE,Combined TRACON& Tower with Radar,34,32,38,30,134,0,8,111,62,181,34,40,149,92,315,204,14,218,533
05/12/2019,COS,CO,ANM,WE,Combined TRACON& Tower with Radar,36,30,24,7,97,0,4,72,13,89,36,34,96,20,186,204,8,212,398
05/13/2019,COS,CO,ANM,WE,Combined TRACON& Tower with Radar,39,35,34,19,127,0,4,61,43,108,39,39,95,62,235,24,48,72,307
05/14/2019,COS,CO,ANM,WE,Combined TRACON& Tower with Radar,39,39,34,30,142,0,4,76,30,110,39,43,110,60,252,52,50,102,354
05/15/2019,COS,CO,ANM,WE,Combined TRACON& Tower with Radar,40,40,40,28,148,0,2,84,31,117,40,42,124,59,265,90,46,136,401
05/16/2019,COS,CO,ANM,WE,Combined TRACON& Tower with Radar,40,34,28,30,132,0,4,77,38,119,40,38,105,68,251,162,110,272,523
05/17/2019,COS,CO,ANM,WE,Combined TRACON& Tower with Radar,42,44,35,31,152,0,4,35,17,56,42,48,70,48,208,22,14,36,244
05/18/2019,COS,CO,ANM,WE,Combined TRACON& Tower with Radar,30,33,30,14,107,0,3,51,8,62,30,36,81,22,169,42,10,52,221
05/19/2019,COS,CO,ANM,WE,Combined TRACON& Tower with Radar,30,53,40,9,132,0,5,32,11,48,30,58,72,20,180,54,14,68,248
05/20/2019,COS,CO,ANM,WE,Combined TRACON& Tower with Radar,37,32,25,5,99,0,0,0,0,0,37,32,25,5,99,0,0,0,99
05/21/2019,COS,CO,ANM,WE,Combined TRACON& Tower with Radar,40,31,22,9,102,0,0,3,8,11,40,31,25,17,113,0,0,0,113
05/22/2019,COS,CO,ANM,WE,Combined TRACON& Tower with Radar,41,29,44,53,167,0,2,31,14,47,41,31,75,67,214,0,0,0,214
05/23/2019,COS,CO,ANM,WE,Combined TRACON& Tower with Radar,38,40,54,35,167,0,0,2,7,9,38,40,56,42,176,48,56,104,280
05/24/2019,COS,CO,ANM,WE,Combined TRACON& Tower with Radar,44,35,58,14,151,0,4,83,6,93,44,39,141,20,244,118,80,198,442
05/25/2019,COS,CO,ANM,WE,Combined TRACON& Tower with Radar,38,31,34,8,111,0,0,109,10,119,38,31,143,18,230,226,12,238,468
05/26/2019,COS,CO,ANM,WE,Combined TRACON& Tower with Radar,63,42,27,2,134,0,2,34,7,43,63,44,61,9,177,124,32,156,333
05/27/2019,COS,CO,ANM,WE,Combined TRACON& Tower with Radar,48,41,32,5,126,0,4,67,7,78,48,45,99,12,204,114,0,114,318
05/28/2019,COS,CO,ANM,WE,Combined TRACON& Tower with Radar,41,36,34,17,128,0,4,26,31,61,41,40,60,48,189,104,92,196,385
05/29/2019,COS,CO,ANM,WE,Combined TRACON& Tower with Radar,38,40,38,37,153,0,1,36,38,75,38,41,74,75,228,0,0,0,228
05/30/2019,COS,CO,ANM,WE,Combined TRACON& Tower with Radar,43,34,14,15,106,0,4,17,9,30,43,38,31,24,136,0,0,0,136
05/31/2019,COS,CO,ANM,WE,Combined TRACON& Tower with Radar,53,31,52,23,159,0,0,108,10,118,53,31,160,33,277,0,0,0,277
06/01/2019,COS,CO,ANM,WE,Combined TRACON& Tower with Radar,36,38,33,9,116,0,4,84,13,101,36,42,117,22,217,138,54,192,409
06/02/2019,COS,CO,ANM,WE,Combined TRACON& Tower with Radar,32,40,38,15,125,0,1,46,2,49,32,41,84,17,174,130,12,142,316
06/03/2019,COS,CO,ANM,WE,Combined TRACON& Tower with Radar,45,40,36,9,130,0,0,63,5,68,45,40,99,14,198,110,8,118,316
06/04/2019,COS,CO,ANM,WE,Combined TRACON& Tower with Radar,39,40,34,14,127,0,7,66,29,102,39,47,100,43,229,126,82,208,437
06/05/2019,COS,CO,ANM,WE,Combined TRACON& Tower with Radar,35,57,45,13,150,0,0,73,20,93,35,57,118,33,243,134,76,210,453
06/06/2019,COS,CO,ANM,WE,Combined TRACON& Tower with Radar,41,47,38,28,154,0,6,87,71,164,41,53,125,99,318,159,138,297,615
06/07/2019,COS,CO,ANM,WE,Combined TRACON& Tower with Radar,48,43,21,7,119,0,1,95,59,155,48,44,116,66,274,0,0,0,274
06/08/2019,COS,CO,ANM,WE,Combined TRACON& Tower with Radar,41,42,18,5,106,0,7,75,4,86,41,49,93,9,192,190,2,192,384
06/09/2019,COS,CO,ANM,WE,Combined TRACON& Tower with Radar,29,37,45,3,114,0,2,40,5,47,29,39,85,8,161,76,0,76,237
06/10/2019,COS,CO,ANM,WE,Combined TRACON& Tower with Radar,33,41,31,42,147,0,0,49,82,131,33,41,80,124,278,0,0,0,278
06/11/2019,COS,CO,ANM,WE,Combined TRACON& Tower with Radar,38,42,31,30,141,0,4,92,69,165,38,46,123,99,306,120,138,258,564
06/12/2019,COS,CO,ANM,WE,Combined TRACON& Tower with Radar,42,53,53,28,176,0,2,85,45,132,42,55,138,73,308,184,142,326,634
06/13/2019,COS,CO,ANM,WE,Combined TRACON& Tower with Radar,46,57,38,0,141,0,2,65,33,100,46,59,103,33,241,0,0,0,241
06/14/2019,COS,CO,ANM,WE,Combined TRACON& Tower with Radar,44,42,26,13,125,1,0,82,26,109,45,42,108,39,234,104,78,182,416
06/15/2019,COS,CO,ANM,WE,Combined TRACON& Tower with Radar,41,41,34,7,123,0,0,44,18,62,41,41,78,25,185,128,68,196,381
06/16/2019,COS,CO,ANM,WE,Combined TRACON& Tower with Radar,39,29,51,2,121,0,0,57,1,58,39,29,108,3,179,120,0,120,299
06/17/2019,COS,CO,ANM,WE,Combined TRACON& Tower with Radar,46,52,43,31,172,0,0,32,9,41,46,52,75,40,213,28,28,56,269
06/18/2019,COS,CO,ANM,WE,Combined TRACON& Tower with Radar,43,43,41,24,151,0,0,42,38,80,43,43,83,62,231,127,112,239,470
06/19/2019,COS,CO,ANM,WE,Combined TRACON& Tower with Radar,38,40,27,29,134,0,0,106,64,170,38,40,133,93,304,230,166,396,700
06/20/2019,COS,CO,ANM,WE,Combined TRACON& Tower with Radar,44,68,34,33,179,0,0,83,36,119,44,68,117,69,298,88,108,196,494
06/21/2019,COS,CO,ANM,WE,Combined TRACON& Tower with Radar,57,63,49,5,174,0,2,61,20,83,57,65,110,25,257,0,0,0,257
06/22/2019,COS,CO,ANM,WE,Combined TRACON& Tower with Radar,39,44,42,3,128,0,2,41,2,45,39,46,83,5,173,46,0,46,219
06/23/2019,COS,CO,ANM,WE,Combined TRACON& Tower with Radar,29,42,33,9,113,0,4,60,8,72,29,46,93,17,185,0,0,0,185
06/24/2019,COS,CO,ANM,WE,Combined TRACON& Tower with Radar,38,51,43,13,145,0,0,102,18,120,38,51,145,31,265,74,14,88,353
06/25/2019,COS,CO,ANM,WE,Combined TRACON& Tower with Radar,37,47,28,30,142,0,0,82,46,128,37,47,110,76,270,173,72,245,515
06/26/2019,COS,CO,ANM,WE,Combined TRACON& Tower with Radar,39,45,33,44,161,0,0,90,57,147,39,45,123,101,308,150,196,346,654
06/27/2019,COS,CO,ANM,WE,Combined TRACON& Tower with Radar,37,56,46,34,173,0,0,96,49,145,37,56,142,83,318,148,246,394,712
06/28/2019,COS,CO,ANM,WE,Combined TRACON& Tower with Radar,48,49,47,27,171,0,5,103,19,127,48,54,150,46,298,0,0,0,298
06/29/2019,COS,CO,ANM,WE,Combined TRACON& Tower with Radar,36,67,47,1,151,0,8,91,8,107,36,75,138,9,258,122,64,186,444
06/30/2019,COS,CO,ANM,WE,Combined TRACON& Tower with Radar,34,62,41,8,145,0,2,69,8,79,34,64,110,16,224,96,50,146,370
07/01/2019,COS,CO,ANM,WE,Combined TRACON& Tower with Radar,35,66,47,27,175,0,2,59,38,99,35,68,106,65,274,90,70,160,434
07/02/2019,COS,CO,ANM,WE,Combined TRACON& Tower with Radar,38,49,48,22,157,0,2,77,44,123,38,51,125,66,280,88,142,230,510
07/03/2019,COS,CO,ANM,WE,Combined TRACON& Tower with Radar,34,45,36,16,131,0,1,70,43,114,34,46,106,59,245,108,142,250,495
07/04/2019,COS,CO,ANM,WE,Combined TRACON& Tower with Radar,38,31,15,0,84,0,2,83,8,93,38,33,98,8,177,120,0,120,297
07/05/2019,COS,CO,ANM,WE,Combined TRACON& Tower with Radar,37,46,41,2,126,0,0,72,24,96,37,46,113,26,222,0,0,0,222
07/06/2019,COS,CO,ANM,WE,Combined TRACON& Tower with Radar,37,38,26,2,103,0,0,19,0,19,37,38,45,2,122,92,0,92,214
07/07/2019,COS,CO,ANM,WE,Combined TRACON& Tower with Radar,55,51,51,2,159,0,2,71,0,73,55,53,122,2,232,88,44,132,364
07/08/2019,COS,CO,ANM,WE,Combined TRACON& Tower with Radar,36,67,63,8,174,0,2,40,35,77,36,69,103,43,251,108,88,196,447
07/09/2019,COS,CO,ANM,WE,Combined TRACON& Tower with Radar,41,52,30,28,151,0,4,127,73,204,41,56,157,101,355,186,176,362,717
07/10/2019,COS,CO,ANM,WE,Combined TRACON& Tower with Radar,36,62,63,24,185,0,1,125,82,208,36,63,188,106,393,152,216,368,761
07/11/2019,COS,CO,ANM,WE,Combined TRACON& Tower with Radar,35,45,49,30,159,0,2,86,37,125,35,47,135,67,284,28,90,118,402
07/12/2019,COS,CO,ANM,WE,Combined TRACON& Tower with Radar,59,52,44,14,169,0,7,89,49,145,59,59,133,63,314,0,0,0,314
07/13/2019,COS,CO,ANM,WE,Combined TRACON& Tower with Radar,42,43,24,13,122,0,3,84,21,108,42,46,108,34,230,78,4,82,312
07/14/2019,COS,CO,ANM,WE,Combined TRACON& Tower with Radar,35,59,21,12,127,0,2,26,7,35,35,61,47,19,162,138,28,166,328
07/15/2019,COS,CO,ANM,WE,Combined TRACON& Tower with Radar,38,50,28,4,120,0,5,78,25,108,38,55,106,29,228,130,62,192,420
07/16/2019,COS,CO,ANM,WE,Combined TRACON& Tower with Radar,41,50,38,7,136,0,1,99,39,139,41,51,137,46,275,64,56,120,395
07/17/2019,COS,CO,ANM,WE,Combined TRACON& Tower with Radar,39,43,33,16,131,0,3,89,21,113,39,46,122,37,244,192,34,226,470
07/18/2019,COS,CO,ANM,WE,Combined TRACON& Tower with Radar,37,50,40,19,146,0,2,102,44,148,37,52,142,63,294,126,58,184,478
07/19/2019,COS,CO,ANM,WE,Combined TRACON& Tower with Radar,37,50,41,29,157,0,2,120,18,140,37,52,161,47,297,0,0,0,297
07/20/2019,COS,CO,ANM,WE,Combined TRACON& Tower with Radar,36,35,25,1,97,0,2,84,6,92,36,37,109,7,189,96,26,122,311
07/21/2019,COS,CO,ANM,WE,Combined TRACON& Tower with Radar,32,47,42,7,128,0,0,61,10,71,32,47,103,17,199,152,12,164,363
07/22/2019,COS,CO,ANM,WE,Combined TRACON& Tower with Radar,42,48,45,13,148,0,0,35,19,54,42,48,80,32,202,146,58,204,406
07/23/2019,COS,CO,ANM,WE,Combined TRACON& Tower with Radar,38,51,45,15,149,0,0,57,29,86,38,51,102,44,235,200,108,308,543
07/24/2019,COS,CO,ANM,WE,Combined TRACON& Tower with Radar,42,64,27,25,158,0,2,97,53,152,42,66,124,78,310,176,200,376,686
07/25/2019,COS,CO,ANM,WE,Combined TRACON& Tower with Radar,38,51,39,11,139,0,4,62,31,97,38,55,101,42,236,116,98,214,450
07/26/2019,COS,CO,ANM,WE,Combined TRACON& Tower with Radar,38,47,48,11,144,0,6,115,38,159,38,53,163,49,303,0,0,0,303
07/27/2019,COS,CO,ANM,WE,Combined TRACON& Tower with Radar,37,53,61,2,153,0,0,89,7,96,37,53,150,9,249,158,0,158,407
07/28/2019,COS,CO,ANM,WE,Combined TRACON& Tower with Radar,32,56,45,6,139,0,0,71,6,77,32,56,116,12,216,130,0,130,346
07/29/2019,COS,CO,ANM,WE,Combined TRACON& Tower with Radar,36,43,54,12,145,0,0,93,32,125,36,43,147,44,270,130,122,252,522
07/30/2019,COS,CO,ANM,WE,Combined TRACON& Tower with Radar,66,61,35,11,173,0,0,82,22,104,66,61,117,33,277,194,100,294,571
07/31/2019,COS,CO,ANM,WE,Combined TRACON& Tower with Radar,42,53,40,19,154,0,0,75,59,134,42,53,115,78,288,150,228,378,666
08/01/2019,COS,CO,ANM,WE,Combined TRACON& Tower with Radar,38,39,44,24,145,0,4,93,37,134,38,43,137,61,279,134,126,260,539
08/02/2019,COS,CO,ANM,WE,Combined TRACON& Tower with Radar,45,62,35,22,164,0,1,69,9,79,45,63,104,31,243,0,0,0,243
08/03/2019,COS,CO,ANM,WE,Combined TRACON& Tower with Radar,36,44,33,6,119,0,0,95,4,99,36,44,128,10,218,114,0,114,332
08/04/2019,COS,CO,ANM,WE,Combined TRACON& Tower with Radar,35,41,41,14,131,0,4,80,3,87,35,45,121,17,218,174,16,190,408
08/05/2019,COS,CO,ANM,WE,Combined TRACON& Tower with Radar,35,45,25,4,109,0,2,67,11,80,35,47,92,15,189,84,8,92,281
08/06/2019,COS,CO,ANM,WE,Combined TRACON& Tower with Radar,39,53,34,8,134,0,2,79,30,111,39,55,113,38,245,72,54,126,371
08/07/2019,COS,CO,ANM,WE,Combined TRACON& Tower with Radar,38,42,38,7,125,0,2,87,16,105,38,44,125,23,230,108,6,114,344
08/08/2019,COS,CO,ANM,WE,Combined TRACON& Tower with Radar,45,47,53,25,170,0,0,62,7,69,45,47,115,32,239,162,45,207,446
08/09/2019,COS,CO,ANM,WE,Combined TRACON& Tower with Radar,44,47,45,14,150,0,1,79,22,102,44,48,124,36,252,158,74,232,484
08/10/2019,COS,CO,ANM,WE,Combined TRACON& Tower with Radar,38,47,40,14,139,0,0,91,7,98,38,47,131,21,237,163,19,182,419
08/11/2019,COS,CO,ANM,WE,Combined TRACON& Tower with Radar,35,41,44,5,125,0,6,61,4,71,35,47,105,9,196,122,14,136,332
08/12/2019,COS,CO,ANM,WE,Combined TRACON& Tower with Radar,35,45,25,6,111,0,4,84,16,104,35,49,109,22,215,108,34,142,357
08/13/2019,COS,CO,ANM,WE,Combined TRACON& Tower with Radar,42,43,27,16,128,0,1,95,28,124,42,44,122,44,252,122,68,190,442
08/14/2019,COS,CO,ANM,WE,Combined TRACON& Tower with Radar,37,58,62,22,179,0,4,27,17,48,37,62,89,39,227,42,40,82,309
08/15/2019,COS,CO,ANM,WE,Combined TRACON& Tower with Radar,40,44,52,36,172,0,4,92,47,143,40,48,144,83,315,152,120,272,587
08/16/2019,COS,CO,ANM,WE,Combined TRACON& Tower with Radar,61,70,40,28,199,0,0,99,27,126,61,70,139,55,325,135,86,221,546
08/17/2019,COS,CO,ANM,WE,Combined TRACON& Tower with Radar,31,50,40,16,137,0,2,111,23,136,31,52,151,39,273,108,6,114,387
08/18/2019,COS,CO,ANM,WE,Combined TRACON& Tower with Radar,29,58,48,18,153,0,0,93,9,102,29,58,141,27,255,158,18,176,431
08/19/2019,COS,CO,ANM,WE,Combined TRACON& Tower with Radar,40,54,31,23,148,0,1,90,29,120,40,55,121,52,268,148,104,252,520
08/20/2019,COS,CO,ANM,WE,Combined TRACON& Tower with Radar,49,36,28,29,142,0,2,66,26,94,49,38,94,55,236,110,36,146,382
08/21/2019,COS,CO,ANM,WE,Combined TRACON& Tower with Radar,53,42,31,31,157,0,2,49,34,85,53,44,80,65,242,134,62,196,438
08/22/2019,COS,CO,ANM,WE,Combined TRACON& Tower with Radar,53,54,47,21,175,0,1,58,28,87,53,55,105,49,262,118,64,182,444
08/23/2019,COS,CO,ANM,WE,Combined TRACON& Tower with Radar,49,40,41,20,150,0,0,77,36,113,49,40,118,56,263,86,92,178,441
08/24/2019,COS,CO,ANM,WE,Combined TRACON& Tower with Radar,38,36,44,17,135,0,0,70,11,81,38,36,114,28,216,210,4,214,430
08/25/2019,COS,CO,ANM,WE,Combined TRACON& Tower with Radar,43,38,46,14,141,0,2,78,12,92,43,40,124,26,233,134,24,158,391
08/26/2019,COS,CO,ANM,WE,Combined TRACON& Tower with Radar,49,29,34,23,135,0,8,55,29,92,49,37,89,52,227,108,130,238,465
08/27/2019,COS,CO,ANM,WE,Combined TRACON& Tower with Radar,49,34,95,39,217,0,3,53,21,77,49,37,148,60,294,142,90,232,526
08/28/2019,COS,CO,ANM,WE,Combined TRACON& Tower with Radar,51,39,62,44,196,0,1,108,44,153,51,40,170,88,349,184,194,378,727
08/29/2019,COS,CO,ANM,WE,Combined TRACON& Tower with Radar,48,36,55,36,175,0,5,93,46,144,48,41,148,82,319,138,160,298,617
08/30/2019,COS,CO,ANM,WE,Combined TRACON& Tower with Radar,44,37,75,10,166,0,7,93,28,128,44,44,168,38,294,158,108,266,560
08/31/2019,COS,CO,ANM,WE,Combined TRACON& Tower with Radar,34,33,35,2,104,0,0,79,13,92,34,33,114,15,196,58,56,114,310
09/01/2019,COS,CO,ANM,WE,Combined TRACON& Tower with Radar,37,31,19,19,106,0,4,65,16,85,37,35,84,35,191,58,8,66,257
09/02/2019,COS,CO,ANM,WE,Combined TRACON& Tower with Radar,42,40,62,7,151,0,0,87,4,91,42,40,149,11,242,120,0,120,362
09/03/2019,COS,CO,ANM,WE,Combined TRACON& Tower with Radar,53,38,69,19,179,0,4,53,37,94,53,42,122,56,273,88,114,202,475
09/04/2019,COS,CO,ANM,WE,Combined TRACON& Tower with Radar,46,36,130,26,238,0,0,85,46,131,46,36,215,72,369,106,110,216,585
09/05/2019,COS,CO,ANM,WE,Combined TRACON& Tower with Radar,45,35,76,37,193,0,4,78,47,129,45,39,154,84,322,132,112,244,566
09/06/2019,COS,CO,ANM,WE,Combined TRACON& Tower with Radar,51,36,82,24,193,0,2,90,26,118,51,38,172,50,311,140,94,234,545
09/07/2019,COS,CO,ANM,WE,Combined TRACON& Tower with Radar,44,36,129,7,216,0,2,84,14,100,44,38,213,21,316,116,46,162,478
09/08/2019,COS,CO,ANM,WE,Combined TRACON& Tower with Radar,42,45,85,7,179,0,2,78,4,84,42,47,163,11,263,101,8,109,372
09/09/2019,COS,CO,ANM,WE,Combined TRACON& Tower with Radar,46,38,56,22,162,0,4,87,23,114,46,42,143,45,276,78,76,154,430
09/10/2019,COS,CO,ANM,WE,Combined TRACON& Tower with Radar,54,39,40,19,152,0,0,62,65,127,54,39,102,84,279,198,170,368,647
09/11/2019,COS,CO,ANM,WE,Combined TRACON& Tower with Radar,48,48,55,13,164,0,2,67,36,105,48,50,122,49,269,144,34,178,447
09/12/2019,COS,CO,ANM,WE,Combined TRACON& Tower with Radar,42,46,51,25,164,0,2,87,33,122,42,48,138,58,286,124,54,178,464
09/13/2019,COS,CO,ANM,WE,Combined TRACON& Tower with Radar,46,32,35,42,155,0,0,100,29,129,46,32,135,71,284,122,76,198,482
09/14/2019,COS,CO,ANM,WE,Combined TRACON& Tower with Radar,40,29,36,5,110,0,0,105,27,132,40,29,141,32,242,174,50,224,466
09/15/2019,COS,CO,ANM,WE,Combined TRACON& Tower with Radar,41,45,39,11,136,0,2,101,5,108,41,47,140,16,244,0,0,0,244
09/16/2019,COS,CO,ANM,WE,Combined TRACON& Tower with Radar,45,32,52,39,168,0,2,83,47,132,45,34,135,86,300,138,216,354,654
09/17/2019,COS,CO,ANM,WE,Combined TRACON& Tower with Radar,46,44,38,9,137,0,0,87,26,113,46,44,125,35,250,164,214,378,628
09/18/2019,COS,CO,ANM,WE,Combined TRACON& Tower with Radar,46,41,49,18,154,0,4,75,64,143,46,45,124,82,297,286,68,354,651
09/19/2019,COS,CO,ANM,WE,Combined TRACON& Tower with Radar,43,33,49,19,144,0,0,96,46,142,43,33,145,65,286,228,140,368,654
09/20/2019,COS,CO,ANM,WE,Combined TRACON& Tower with Radar,45,31,21,16,113,0,3,78,19,100,45,34,99,35,213,100,76,176,389
09/21/2019,COS,CO,ANM,WE,Combined TRACON& Tower with Radar,49,28,23,6,106,0,9,76,15,100,49,37,99,21,206,60,0,60,266
09/22/2019,COS,CO,ANM,WE,Combined TRACON& Tower with Radar,39,33,29,7,108,0,4,73,8,85,39,37,102,15,193,84,10,94,287
09/23/2019,COS,CO,ANM,WE,Combined TRACON& Tower with Radar,46,32,36,29,143,0,0,115,28,143,46,32,151,57,286,198,124,322,608
09/24/2019,COS,CO,ANM,WE,Combined TRACON& Tower with Radar,44,45,35,31,155,0,0,93,27,120,44,45,128,58,275,160,128,288,563
09/25/2019,COS,CO,ANM,WE,Combined TRACON& Tower with Radar,46,35,36,43,160,0,0,111,44,155,46,35,147,87,315,184,96,280,595
09/26/2019,COS,CO,ANM,WE,Combined TRACON& Tower with Radar,45,38,49,33,165,0,0,52,19,71,45,38,101,52,236,104,84,188,424
09/27/2019,COS,CO,ANM,WE,Combined TRACON& Tower with Radar,48,32,49,34,163,0,0,69,20,89,48,32,118,54,252,76,62,138,390
09/28/2019,COS,CO,ANM,WE,Combined TRACON& Tower with Radar,43,34,27,8,112,0,3,18,3,24,43,37,45,11,136,4,0,4,140
09/29/2019,COS,CO,ANM,WE,Combined TRACON& Tower with Radar,40,33,38,9,120,0,0,24,4,28,40,33,62,13,148,126,18,144,292
09/30/2019,COS,CO,ANM,WE,Combined TRACON& Tower with Radar,42,33,28,15,118,0,2,34,7,43,42,35,62,22,161,16,8,24,185
10/01/2019,COS,CO,ANM,WE,Combined TRACON& Tower with Radar,46,35,48,44,173,0,1,33,21,55,46,36,81,65,228,254,102,356,584
10/02/2019,COS,CO,ANM,WE,Combined TRACON& Tower with Radar,48,35,29,31,143,0,0,51,21,72,48,35,80,52,215,110,116,226,441
10/03/2019,COS,CO,ANM,WE,Combined TRACON& Tower with Radar,47,43,57,51,198,0,0,38,27,65,47,43,95,78,263,104,76,180,443
10/04/2019,COS,CO,ANM,WE,Combined TRACON& Tower with Radar,42,58,39,49,188,0,4,84,42,130,42,62,123,91,318,114,112,226,544
10/05/2019,COS,CO,ANM,WE,Combined TRACON& Tower with Radar,40,74,41,8,163,0,0,84,12,96,40,74,125,20,259,136,40,176,435
10/06/2019,COS,CO,ANM,WE,Combined TRACON& Tower with Radar,38,57,40,22,157,0,0,54,4,58,38,57,94,26,215,48,28,76,291
10/07/2019,COS,CO,ANM,WE,Combined TRACON& Tower with Radar,37,74,59,13,183,0,0,95,13,108,37,74,154,26,291,216,32,248,539
10/08/2019,COS,CO,ANM,WE,Combined TRACON& Tower with Radar,37,95,65,20,217,0,2,103,40,145,37,97,168,60,362,147,84,231,593
10/09/2019,COS,CO,ANM,WE,Combined TRACON& Tower with Radar,43,52,39,36,170,0,0,101,26,127,43,52,140,62,297,156,108,264,561
10/10/2019,COS,CO,ANM,WE,Combined TRACON& Tower with Radar,39,45,30,3,117,0,0,1,1,2,39,45,31,4,119,0,0,0,119
10/11/2019,COS,CO,ANM,WE,Combined TRACON& Tower with Radar,45,51,48,5,149,0,4,81,23,108,45,55,129,28,257,158,68,226,483
10/12/2019,COS,CO,ANM,WE,Combined TRACON& Tower with Radar,36,44,30,9,119,0,4,130,28,162,36,48,160,37,281,172,16,188,469
10/13/2019,COS,CO,ANM,WE,Combined TRACON& Tower with Radar,32,34,29,5,100,0,2,75,8,85,32,36,104,13,185,161,0,161,346
10/14/2019,COS,CO,ANM,WE,Combined TRACON& Tower with Radar,36,50,43,4,133,0,6,104,11,121,36,56,147,15,254,130,28,158,412
10/15/2019,COS,CO,ANM,WE,Combined TRACON& Tower with Radar,44,40,33,13,130,0,6,119,40,165,44,46,152,53,295,158,146,304,599
10/16/2019,COS,CO,ANM,WE,Combined TRACON& Tower with Radar,39,43,37,9,128,0,4,113,27,144,39,47,150,36,272,230,98,328,600
10/17/2019,COS,CO,ANM,WE,Combined TRACON& Tower with Radar,56,45,34,12,147,0,4,97,43,144,56,49,131,55,291,188,70,258,549
10/18/2019,COS,CO,ANM,WE,Combined TRACON& Tower with Radar,36,52,43,29,160,0,0,70,8,78,36,52,113,37,238,100,0,100,338
10/19/2019,COS,CO,ANM,WE,Combined TRACON& Tower with Radar,33,42,24,9,108,0,3,82,18,103,33,45,106,27,211,144,42,186,397
10/20/2019,COS,CO,ANM,WE,Combined TRACON& Tower with Radar,34,32,16,9,91,0,0,6,3,9,34,32,22,12,100,0,0,0,100
10/21/2019,COS,CO,ANM,WE,Combined TRACON& Tower with Radar,35,42,26,67,170,0,7,67,41,115,35,49,93,108,285,112,158,270,555
10/22/2019,COS,CO,ANM,WE,Combined TRACON& Tower with Radar,40,46,25,19,130,0,0,86,51,137,40,46,111,70,267,235,218,453,720
10/23/2019,COS,CO,ANM,WE,Combined TRACON& Tower with Radar,37,43,21,29,130,0,0,40,39,79,37,43,61,68,209,100,68,168,377
10/24/2019,COS,CO,ANM,WE,Combined TRACON& Tower with Radar,30,51,36,24,141,0,0,48,35,83,30,51,84,59,224,142,68,210,434
10/25/2019,COS,CO,ANM,WE,Combined TRACON& Tower with Radar,42,47,28,16,133,0,1,137,23,161,42,48,165,39,294,168,70,238,532
10/26/2019,COS,CO,ANM,WE,Combined TRACON& Tower with Radar,35,35,43,7,120,0,0,164,15,179,35,35,207,22,299,116,0,116,415
10/27/2019,COS,CO,ANM,WE,Combined TRACON& Tower with Radar,43,31,23,22,119,0,1,1,2,4,43,32,24,24,123,2,0,2,125
10/28/2019,COS,CO,ANM,WE,Combined TRACON& Tower with Radar,47,37,16,4,104,0,0,0,0,0,47,37,16,4,104,0,0,0,104
10/29/2019,COS,CO,ANM,WE,Combined TRACON& Tower with Radar,37,37,20,6,100,0,0,0,0,0,37,37,20,6,100,0,0,0,100
10/30/2019,COS,CO,ANM,WE,Combined TRACON& Tower with Radar,41,40,13,6,100,0,1,13,9,23,41,41,26,15,123,0,0,0,123
10/31/2019,COS,CO,ANM,WE,Combined TRACON& Tower with Radar,36,34,40,15,125,0,3,86,15,104,36,37,126,30,229,202,98,300,529
11/01/2019,COS,CO,ANM,WE,Combined TRACON& Tower with Radar,47,38,51,12,148,0,1,91,36,128,47,39,142,48,276,186,208,394,670
11/02/2019,COS,CO,ANM,WE,Combined TRACON& Tower with Radar,37,34,33,15,119,0,2,115,16,133,37,36,148,31,252,164,14,178,430
11/03/2019,COS,CO,ANM,WE,Combined TRACON& Tower with Radar,36,40,23,13,112,0,0,71,14,85,36,40,94,27,197,0,0,0,197
11/04/2019,COS,CO,ANM,WE,Combined TRACON& Tower with Radar,40,37,28,6,111,0,0,81,24,105,40,37,109,30,216,272,222,494,710
11/05/2019,COS,CO,ANM,WE,Combined TRACON& Tower with Radar,41,41,39,19,140,0,0,72,46,118,41,41,111,65,258,152,154,306,564
11/06/2019,COS,CO,ANM,WE,Combined TRACON& Tower with Radar,49,47,37,15,148,0,5,76,27,108,49,52,113,42,256,0,0,0,256
11/07/2019,COS,CO,ANM,WE,Combined TRACON& Tower with Radar,47,47,18,25,137,0,0,10,1,11,47,47,28,26,148,126,126,252,400
11/08/2019,COS,CO,ANM,WE,Combined TRACON& Tower with Radar,42,46,43,11,142,0,6,109,22,137,42,52,152,33,279,283,80,363,642
11/09/2019,COS,CO,ANM,WE,Combined TRACON& Tower with Radar,33,38,23,6,100,0,4,104,10,118,33,42,127,16,218,164,34,198,416
11/10/2019,COS,CO,ANM,WE,Combined TRACON& Tower with Radar,45,32,37,4,118,0,6,80,3,89,45,38,117,7,207,144,38,182,389
11/11/2019,COS,CO,ANM,WE,Combined TRACON& Tower with Radar,45,35,31,3,114,0,2,28,6,36,45,37,59,9,150,94,0,94,244
11/12/2019,COS,CO,ANM,WE,Combined TRACON& Tower with Radar,35,41,33,14,123,0,2,101,38,141,35,43,134,52,264,156,134,290,554
11/13/2019,COS,CO,ANM,WE,Combined TRACON& Tower with Radar,47,37,23,13,120,0,1,54,13,68,47,38,77,26,188,250,174,424,612
11/14/2019,COS,CO,ANM,WE,Combined TRACON& Tower with Radar,49,50,40,28,167,0,1,99,28,128,49,51,139,56,295,198,98,296,591
11/15/2019,COS,CO,ANM,WE,Combined TRACON& Tower with Radar,43,40,37,61,181,0,0,100,29,129,43,40,137,90,310,158,110,268,578
11/16/2019,COS,CO,ANM,WE,Combined TRACON& Tower with Radar,29,31,23,28,111,0,0,81,29,110,29,31,104,57,221,74,34,108,329
11/17/2019,COS,CO,ANM,WE,Combined TRACON& Tower with Radar,40,34,40,20,134,0,1,84,5,90,40,35,124,25,224,136,0,136,360
11/18/2019,COS,CO,ANM,WE,Combined TRACON& Tower with Radar,41,39,29,14,123,0,3,95,27,125,41,42,124,41,248,58,174,232,480
11/19/2019,COS,CO,ANM,WE,Combined TRACON& Tower with Radar,40,39,41,29,149,0,0,104,37,141,40,39,145,66,290,172,86,258,548
11/20/2019,COS,CO,ANM,WE,Combined TRACON& Tower with Radar,40,40,34,27,141,0,2,32,21,55,40,42,66,48,196,92,82,174,370
11/21/2019,COS,CO,ANM,WE,Combined TRACON& Tower with Radar,46,32,15,4,97,0,0,1,0,1,46,32,16,4,98,0,0,0,98
11/22/2019,COS,CO,ANM,WE,Combined TRACON& Tower with Radar,42,47,38,8,135,0,0,0,1,1,42,47,38,9,136,10,0,10,146
11/23/2019,COS,CO,ANM,WE,Combined TRACON& Tower with Radar,33,43,46,4,126,0,0,95,7,102,33,43,141,11,228,156,0,156,384
11/24/2019,COS,CO,ANM,WE,Combined TRACON& Tower with Radar,40,35,21,13,109,0,0,82,5,87,40,35,103,18,196,184,4,188,384
11/25/2019,COS,CO,ANM,WE,Combined TRACON& Tower with Radar,42,42,31,19,134,0,2,80,19,101,42,44,111,38,235,186,72,258,493
11/26/2019,COS,CO,ANM,WE,Combined TRACON& Tower with Radar,49,33,11,0,93,0,0,3,1,4,49,33,14,1,97,0,0,0,97
11/27/2019,COS,CO,ANM,WE,Combined TRACON& Tower with Radar,40,38,36,13,127,0,4,45,3,52,40,42,81,16,179,20,32,52,231
11/28/2019,COS,CO,ANM,WE,Combined TRACON& Tower with Radar,26,24,4,0,54,0,2,0,3,5,26,26,4,3,59,0,0,0,59
11/29/2019,COS,CO,ANM,WE,Combined TRACON& Tower with Radar,35,24,17,3,79,0,0,19,1,20,35,24,36,4,99,98,4,102,201
11/30/2019,COS,CO,ANM,WE,Combined TRACON& Tower with Radar,40,53,35,0,128,0,0,10,1,11,40,53,45,1,139,0,0,0,139
12/01/2019,COS,CO,ANM,WE,Combined TRACON& Tower with Radar,42,43,40,2,127,0,3,77,10,90,42,46,117,12,217,194,26,220,437
12/02/2019,COS,CO,ANM,WE,Combined TRACON& Tower with Radar,40,35,30,13,118,0,0,67,25,92,40,35,97,38,210,30,0,30,240
12/03/2019,COS,CO,ANM,WE,Combined TRACON& Tower with Radar,37,41,17,27,122,0,4,42,24,70,37,45,59,51,192,90,80,170,362
12/04/2019,COS,CO,ANM,WE,Combined TRACON& Tower with Radar,32,39,24,17,112,0,0,94,37,131,32,39,118,54,243,194,81,275,518
12/05/2019,COS,CO,ANM,WE,Combined TRACON& Tower with Radar,38,40,29,24,131,0,0,17,10,27,38,40,46,34,158,62,66,128,286
12/06/2019,COS,CO,ANM,WE,Combined TRACON& Tower with Radar,31,44,30,45,150,0,0,76,17,93,31,44,106,62,243,226,64,290,533
12/07/2019,COS,CO,ANM,WE,Combined TRACON& Tower with Radar,25,34,32,6,97,2,0,100,3,105,27,34,132,9,202,88,30,118,320
12/08/2019,COS,CO,ANM,WE,Combined TRACON& Tower with Radar,32,44,26,11,113,0,0,58,7,65,32,44,84,18,178,82,2,84,262
12/09/2019,COS,CO,ANM,WE,Combined TRACON& Tower with Radar,30,45,25,8,108,0,4,55,23,82,30,49,80,31,190,160,138,298,488
12/10/2019,COS,CO,ANM,WE,Combined TRACON& Tower with Radar,38,46,20,21,125,0,3,75,27,105,38,49,95,48,230,162,44,206,436
12/11/2019,COS,CO,ANM,WE,Combined TRACON& Tower with Radar,30,44,46,28,148,0,0,120,18,138,30,44,166,46,286,252,50,302,588
12/12/2019,COS,CO,ANM,WE,Combined TRACON& Tower with Radar,42,51,28,26,147,0,3,81,39,123,42,54,109,65,270,126,142,268,538
12/13/2019,COS,CO,ANM,WE,Combined TRACON& Tower with Radar,33,49,31,11,124,0,1,45,10,56,33,50,76,21,180,41,60,101,281
12/14/2019,COS,CO,ANM,WE,Combined TRACON& Tower with Radar,23,37,26,1,87,0,0,104,8,112,23,37,130,9,199,72,12,84,283
12/15/2019,COS,CO,ANM,WE,Combined TRACON& Tower with Radar,27,41,7,5,80,0,0,1,1,2,27,41,8,6,82,0,0,0,82
12/16/2019,COS,CO,ANM,WE,Combined TRACON& Tower with Radar,29,36,26,11,102,0,0,17,3,20,29,36,43,14,122,26,2,28,150
12/17/2019,COS,CO,ANM,WE,Combined TRACON& Tower with Radar,37,44,31,13,125,0,1,89,23,113,37,45,120,36,238,158,48,206,444
12/18/2019,COS,CO,ANM,WE,Combined TRACON& Tower with Radar,37,44,38,14,133,0,0,128,14,142,37,44,166,28,275,204,36,240,515
12/19/2019,COS,CO,ANM,WE,Combined TRACON& Tower with Radar,41,45,35,29,150,0,0,89,12,101,41,45,124,41,251,212,146,358,609
12/20/2019,COS,CO,ANM,WE,Combined TRACON& Tower with Radar,34,49,30,10,123,0,0,114,22,136,34,49,144,32,259,200,200,400,659
12/21/2019,COS,CO,ANM,WE,Combined TRACON& Tower with Radar,31,43,44,5,123,0,2,117,9,128,31,45,161,14,251,40,10,50,301
12/22/2019,COS,CO,ANM,WE,Combined TRACON& Tower with Radar,37,37,34,2,110,0,2,96,3,101,37,39,130,5,211,116,12,128,339
12/23/2019,COS,CO,ANM,WE,Combined TRACON& Tower with Radar,34,46,26,13,119,0,0,90,19,109,34,46,116,32,228,72,16,88,316
12/24/2019,COS,CO,ANM,WE,Combined TRACON& Tower with Radar,38,31,16,0,85,0,0,67,2,69,38,31,83,2,154,46,0,46,200
12/25/2019,COS,CO,ANM,WE,Combined TRACON& Tower with Radar,24,34,5,0,63,0,0,22,0,22,24,34,27,0,85,20,0,20,105
12/26/2019,COS,CO,ANM,WE,Combined TRACON& Tower with Radar,49,52,56,0,157,0,2,80,3,85,49,54,136,3,242,0,0,0,242
12/27/2019,COS,CO,ANM,WE,Combined TRACON& Tower with Radar,35,51,26,0,112,0,0,2,1,3,35,51,28,1,115,58,26,84,199
12/28/2019,COS,CO,ANM,WE,Combined TRACON& Tower with Radar,27,47,16,0,90,0,0,0,1,1,27,47,16,1,91,0,0,0,91
12/29/2019,COS,CO,ANM,WE,Combined TRACON& Tower with Radar,38,49,33,0,120,0,2,63,3,68,38,51,96,3,188,64,0,64,252
12/30/2019,COS,CO,ANM,WE,Combined TRACON& Tower with Radar,30,52,29,3,114,0,4,107,13,124,30,56,136,16,238,146,6,152,390
12/31/2019,COS,CO,ANM,WE,Combined TRACON& Tower with Radar,38,37,33,0,108,0,2,121,9,132,38,39,154,9,240,140,0,140,380
01/01/2020,COS,CO,ANM,WE,Combined TRACON& Tower with Radar,28,37,17,2,84,0,2,32,1,35,28,39,49,3,119,52,0,52,171
01/02/2020,COS,CO,ANM,WE,Combined TRACON& Tower with Radar,40,49,25,16,130,0,1,45,12,58,40,50,70,28,188,170,34,204,392
01/03/2020,COS,CO,ANM,WE,Combined TRACON& Tower with Radar,36,43,33,8,120,0,2,71,13,86,36,45,104,21,206,108,118,226,432
01/04/2020,COS,CO,ANM,WE,Combined TRACON& Tower with Radar,30,43,37,4,114,0,0,88,6,94,30,43,125,10,208,114,44,158,366
01/05/2020,COS,CO,ANM,WE,Combined TRACON& Tower with Radar,34,41,25,3,103,0,0,27,9,36,34,41,52,12,139,32,20,52,191
01/06/2020,COS,CO,ANM,WE,Combined TRACON& Tower with Radar,33,37,16,4,90,0,6,15,10,31,33,43,31,14,121,26,18,44,165
01/07/2020,COS,CO,ANM,WE,Combined TRACON& Tower with Radar,41,38,26,28,133,0,4,87,32,123,41,42,113,60,256,110,88,198,454
01/08/2020,COS,CO,ANM,WE,Combined TRACON& Tower with Radar,51,36,29,10,126,0,3,52,22,77,51,39,81,32,203,116,44,160,363
01/09/2020,COS,CO,ANM,WE,Combined TRACON& Tower with Radar,41,36,31,14,122,0,0,66,30,96,41,36,97,44,218,136,172,308,526
01/10/2020,COS,CO,ANM,WE,Combined TRACON& Tower with Radar,30,52,18,18,118,0,1,16,50,67,30,53,34,68,185,94,92,186,371
01/11/2020,COS,CO,ANM,WE,Combined TRACON& Tower with Radar,28,30,29,7,94,0,2,86,17,105,28,32,115,24,199,118,48,166,365
01/12/2020,COS,CO,ANM,WE,Combined TRACON& Tower with Radar,37,38,25,9,109,0,0,57,23,80,37,38,82,32,189,146,36,182,371
01/13/2020,COS,CO,ANM,WE,Combined TRACON& Tower with Radar,33,34,21,28,116,0,2,55,21,78,33,36,76,49,194,68,60,128,322
01/14/2020,COS,CO,ANM,WE,Combined TRACON& Tower with Radar,37,41,20,23,121,0,7,51,32,90,37,48,71,55,211,96,54,150,361
01/15/2020,COS,CO,ANM,WE,Combined TRACON& Tower with Radar,31,39,20,19,109,0,5,54,62,121,31,44,74,81,230,196,148,344,574
01/16/2020,COS,CO,ANM,WE,Combined TRACON& Tower with Radar,42,38,39,19,138,0,2,61,44,107,42,40,100,63,245,220,192,412,657
01/17/2020,COS,CO,ANM,WE,Combined TRACON& Tower with Radar,33,39,15,8,95,0,0,7,7,14,33,39,22,15,109,24,30,54,163
01/18/2020,COS,CO,ANM,WE,Combined TRACON& Tower with Radar,26,31,27,25,109,0,2,116,17,135,26,33,143,42,244,152,12,164,408
01/19/2020,COS,CO,ANM,WE,Combined TRACON& Tower with Radar,31,38,17,13,99,0,5,60,9,74,31,43,77,22,173,138,8,146,319
01/20/2020,COS,CO,ANM,WE,Combined TRACON& Tower with Radar,29,45,44,11,129,0,3,127,11,141,29,48,171,22,270,130,14,144,414
01/21/2020,COS,CO,ANM,WE,Combined TRACON& Tower with Radar,40,34,31,8,113,0,6,68,45,119,40,40,99,53,232,174,174,348,580
01/22/2020,COS,CO,ANM,WE,Combined TRACON& Tower with Radar,36,41,41,28,146,0,2,74,60,136,36,43,115,88,282,184,276,460,742
01/23/2020,COS,CO,ANM,WE,Combined TRACON& Tower with Radar,43,45,48,26,162,0,3,77,49,129,43,48,125,75,291,104,146,250,541
01/24/2020,COS,CO,ANM,WE,Combined TRACON& Tower with Radar,34,40,31,35,140,0,0,108,28,136,34,40,139,63,276,200,96,296,572
01/25/2020,COS,CO,ANM,WE,Combined TRACON& Tower with Radar,25,34,26,44,129,0,3,98,28,129,25,37,124,72,258,172,90,262,520
01/26/2020,COS,CO,ANM,WE,Combined TRACON& Tower with Radar,35,34,37,22,128,0,8,91,15,114,35,42,128,37,242,138,46,184,426
01/27/2020,COS,CO,ANM,WE,Combined TRACON& Tower with Radar,34,46,23,6,109,0,3,40,15,58,34,49,63,21,167,86,80,166,333
01/28/2020,COS,CO,ANM,WE,Combined TRACON& Tower with Radar,43,35,41,48,167,0,2,66,30,98,43,37,107,78,265,222,78,300,565
01/29/2020,COS,CO,ANM,WE,Combined TRACON& Tower with Radar,32,29,19,30,110,0,1,35,18,54,32,30,54,48,164,156,48,204,368
01/30/2020,COS,CO,ANM,WE,Combined TRACON& Tower with Radar,38,36,24,19,117,0,0,74,27,101,38,36,98,46,218,114,84,198,416
01/31/2020,COS,CO,ANM,WE,Combined TRACON& Tower with Radar,32,33,35,8,108,0,2,57,8,67,32,35,92,16,175,108,40,148,323
02/01/2020,COS,CO,ANM,WE,Combined TRACON& Tower with Radar,28,33,39,9,109,0,4,77,19,100,28,37,116,28,209,162,12,174,383
02/02/2020,COS,CO,ANM,WE,Combined TRACON& Tower with Radar,39,36,20,1,96,0,5,51,4,60,39,41,71,5,156,64,0,64,220
02/03/2020,COS,CO,ANM,WE,Combined TRACON& Tower with Radar,32,33,18,3,86,0,0,0,1,1,32,33,18,4,87,0,0,0,87
02/04/2020,COS,CO,ANM,WE,Combined TRACON& Tower with Radar,39,48,18,5,110,0,2,1,4,7,39,50,19,9,117,4,0,4,121
02/05/2020,COS,CO,ANM,WE,Combined TRACON& Tower with Radar,35,41,33,19,128,0,0,68,22,90,35,41,101,41,218,0,0,0,218
02/06/2020,COS,CO,ANM,WE,Combined TRACON& Tower with Radar,38,30,22,32,122,0,4,36,29,69,38,34,58,61,191,106,116,222,413
02/07/2020,COS,CO,ANM,WE,Combined TRACON& Tower with Radar,30,31,12,4,77,0,0,0,0,0,30,31,12,4,77,0,0,0,77
02/08/2020,COS,CO,ANM,WE,Combined TRACON& Tower with Radar,28,36,28,5,97,0,0,57,7,64,28,36,85,12,161,128,28,156,317
02/09/2020,COS,CO,ANM,WE,Combined TRACON& Tower with Radar,35,32,14,19,100,0,0,2,2,4,35,32,16,21,104,0,0,0,104
02/10/2020,COS,CO,ANM,WE,Combined TRACON& Tower with Radar,36,39,39,11,125,0,0,44,25,69,36,39,83,36,194,64,78,142,336
02/11/2020,COS,CO,ANM,WE,Combined TRACON& Tower with Radar,38,40,20,19,117,0,0,35,12,47,38,40,55,31,164,128,31,159,323
02/12/2020,COS,CO,ANM,WE,Combined TRACON& Tower with Radar,41,45,34,18,138,0,2,28,14,44,41,47,62,32,182,0,0,0,182
02/13/2020,COS,CO,ANM,WE,Combined TRACON& Tower with Radar,36,50,42,12,140,0,0,16,5,21,36,50,58,17,161,0,0,0,161
02/14/2020,COS,CO,ANM,WE,Combined TRACON& Tower with Radar,30,50,44,14,138,0,2,104,43,149,30,52,148,57,287,210,62,272,559
02/15/2020,COS,CO,ANM,WE,Combined TRACON& Tower with Radar,30,44,38,6,118,0,0,108,10,118,30,44,146,16,236,158,0,158,394
02/16/2020,COS,CO,ANM,WE,Combined TRACON& Tower with Radar,31,49,38,2,120,0,2,92,9,103,31,51,130,11,223,146,22,168,391
02/17/2020,COS,CO,ANM,WE,Combined TRACON& Tower with Radar,28,44,36,5,113,0,0,27,4,31,28,44,63,9,144,120,0,120,264
02/18/2020,COS,CO,ANM,WE,Combined TRACON& Tower with Radar,32,39,19,1,91,0,0,1,0,1,32,39,20,1,92,0,0,0,92
02/19/2020,COS,CO,ANM,WE,Combined TRACON& Tower with Radar,26,47,21,18,112,0,1,6,11,18,26,48,27,29,130,30,26,56,186
02/20/2020,COS,CO,ANM,WE,Combined TRACON& Tower with Radar,34,45,27,27,133,0,0,2,13,15,34,45,29,40,148,4,6,10,158
02/21/2020,COS,CO,ANM,WE,Combined TRACON& Tower with Radar,29,50,53,18,150,0,3,150,19,172,29,53,203,37,322,146,106,252,574
02/22/2020,COS,CO,ANM,WE,Combined TRACON& Tower with Radar,25,41,49,6,121,0,1,125,7,133,25,42,174,13,254,208,6,214,468
02/23/2020,COS,CO,ANM,WE,Combined TRACON& Tower with Radar,31,37,16,6,90,0,4,2,4,10,31,41,18,10,100,0,0,0,100
02/24/2020,COS,CO,ANM,WE,Combined TRACON& Tower with Radar,29,43,23,10,105,0,0,16,10,26,29,43,39,20,131,0,20,20,151
02/25/2020,COS,CO,ANM,WE,Combined TRACON& Tower with Radar,32,37,15,8,92,0,0,1,1,2,32,37,16,9,94,0,18,18,112
02/26/2020,COS,CO,ANM,WE,Combined TRACON& Tower with Radar,26,40,39,23,128,0,0,100,41,141,26,40,139,64,269,142,62,204,473
02/27/2020,COS,CO,ANM,WE,Combined TRACON& Tower with Radar,34,40,24,24,122,0,3,59,65,127,34,43,83,89,249,120,160,280,529
02/28/2020,COS,CO,ANM,WE,Combined TRACON& Tower with Radar,27,45,33,29,134,0,7,95,38,140,27,52,128,67,274,210,86,296,570
02/29/2020,COS,CO,ANM,WE,Combined TRACON& Tower with Radar,25,37,29,9,100,0,0,128,18,146,25,37,157,27,246,141,30,171,417
03/01/2020,COS,CO,ANM,WE,Combined TRACON& Tower with Radar,33,40,26,7,106,0,3,46,0,49,33,43,72,7,155,56,0,56,211
03/02/2020,COS,CO,ANM,WE,Combined TRACON& Tower with Radar,27,37,10,10,84,0,1,23,6,30,27,38,33,16,114,48,16,64,178
03/03/2020,COS,CO,ANM,WE,Combined TRACON& Tower with Radar,32,49,33,15,129,0,4,111,39,154,32,53,144,54,283,276,110,386,669
03/04/2020,COS,CO,ANM,WE,Combined TRACON& Tower with Radar,28,44,38,16,126,0,1,84,29,114,28,45,122,45,240,98,36,134,374
03/05/2020,COS,CO,ANM,WE,Combined TRACON& Tower with Radar,32,43,36,18,129,0,0,110,36,146,32,43,146,54,275,0,0,0,275
03/06/2020,COS,CO,ANM,WE,Combined TRACON& Tower with Radar,29,48,42,19,138,0,0,121,31,152,29,48,163,50,290,122,83,205,495
03/07/2020,COS,CO,ANM,WE,Combined TRACON& Tower with Radar,25,42,25,10,102,0,7,84,3,94,25,49,109,13,196,138,60,198,394
03/08/2020,COS,CO,ANM,WE,Combined TRACON& Tower with Radar,39,46,18,8,111,0,4,49,5,58,39,50,67,13,169,96,0,96,265
03/09/2020,COS,CO,ANM,WE,Combined TRACON& Tower with Radar,31,49,51,20,151,0,0,68,38,106,31,49,119,58,257,290,56,346,603
03/10/2020,COS,CO,ANM,WE,Combined TRACON& Tower with Radar,30,46,18,22,116,0,0,62,30,92,30,46,80,52,208,110,53,163,371
03/11/2020,COS,CO,ANM,WE,Combined TRACON& Tower with Radar,27,46,39,16,128,0,13,89,49,151,27,59,128,65,279,232,88,320,599
03/12/2020,COS,CO,ANM,WE,Combined TRACON& Tower with Radar,33,54,21,38,146,0,6,42,34,82,33,60,63,72,228,128,60,188,416
03/13/2020,COS,CO,ANM,WE,Combined TRACON& Tower with Radar,26,49,10,6,91,0,1,0,0,1,26,50,10,6,92,0,0,0,92
03/14/2020,COS,CO,ANM,WE,Combined TRACON& Tower with Radar,33,35,21,2,91,0,0,1,0,1,33,35,22,2,92,0,0,0,92
03/15/2020,COS,CO,ANM,WE,Combined TRACON& Tower with Radar,29,46,29,1,105,0,1,1,0,2,29,47,30,1,107,12,0,12,119
03/16/2020,COS,CO,ANM,WE,Combined TRACON& Tower with Radar,25,54,33,16,128,0,3,104,12,119,25,57,137,28,247,122,24,146,393
03/17/2020,COS,CO,ANM,WE,Combined TRACON& Tower with Radar,28,43,6,9,86,0,1,7,7,15,28,44,13,16,101,0,22,22,123
03/18/2020,COS,CO,ANM,WE,Combined TRACON& Tower with Radar,36,54,31,13,134,0,3,75,21,99,36,57,106,34,233,126,36,162,395
03/19/2020,COS,CO,ANM,WE,Combined TRACON& Tower with Radar,28,32,4,2,66,0,1,1,0,2,28,33,5,2,68,0,0,0,68
03/20/2020,COS,CO,ANM,WE,Combined TRACON& Tower with Radar,25,38,10,2,75,0,1,0,2,3,25,39,10,4,78,0,0,0,78
03/21/2020,COS,CO,ANM,WE,Combined TRACON& Tower with Radar,27,41,29,0,97,0,0,65,2,67,27,41,94,2,164,194,0,194,358
03/22/2020,COS,CO,ANM,WE,Combined TRACON& Tower with Radar,30,36,15,0,81,0,0,45,3,48,30,36,60,3,129,102,0,102,231
03/23/2020,COS,CO,ANM,WE,Combined TRACON& Tower with Radar,17,31,15,7,70,0,2,55,17,74,17,33,70,24,144,158,30,188,332
03/24/2020,COS,CO,ANM,WE,Combined TRACON& Tower with Radar,26,29,15,9,79,0,0,61,56,117,26,29,76,65,196,158,178,336,532
03/25/2020,COS,CO,ANM,WE,Combined TRACON& Tower with Radar,18,29,8,14,69,0,0,23,14,37,18,29,31,28,106,40,0,40,146
03/26/2020,COS,CO,ANM,WE,Combined TRACON& Tower with Radar,18,28,5,0,51,0,8,2,2,12,18,36,7,2,63,0,0,0,63
03/27/2020,COS,CO,ANM,WE,Combined TRACON& Tower with Radar,20,24,10,4,58,0,3,19,0,22,20,27,29,4,80,88,0,88,168
03/28/2020,COS,CO,ANM,WE,Combined TRACON& Tower with Radar,11,33,14,0,58,0,7,15,2,24,11,40,29,2,82,14,0,14,96
03/29/2020,COS,CO,ANM,WE,Combined TRACON& Tower with Radar,8,26,31,0,65,0,3,51,0,54,8,29,82,0,119,6,0,6,125
03/30/2020,COS,CO,ANM,WE,Combined TRACON& Tower with Radar,12,37,15,3,67,0,6,28,2,36,12,43,43,5,103,34,2,36,139
03/31/2020,COS,CO,ANM,WE,Combined TRACON& Tower with Radar,17,23,18,10,68,0,4,51,15,70,17,27,69,25,138,46,44,90,228
04/01/2020,COS,CO,ANM,WE,Combined TRACON& Tower with Radar,19,18,12,8,57,0,4,37,13,54,19,22,49,21,111,66,28,94,205
04/02/2020,COS,CO,ANM,WE,Combined TRACON& Tower with Radar,16,17,1,32,66,0,3,0,0,3,16,20,1,32,69,0,0,0,69
04/03/2020,COS,CO,ANM,WE,Combined TRACON& Tower with Radar,14,20,19,25,78,0,1,11,1,13,14,21,30,26,91,24,16,40,131
04/04/2020,COS,CO,ANM,WE,Combined TRACON& Tower with Radar,16,17,30,0,63,0,11,38,0,49,16,28,68,0,112,50,0,50,162
04/05/2020,COS,CO,ANM,WE,Combined TRACON& Tower with Radar,15,15,10,0,40,0,0,39,2,41,15,15,49,2,81,40,0,40,121
04/06/2020,COS,CO,ANM,WE,Combined TRACON& Tower with Radar,19,17,15,11,62,0,2,29,9,40,19,19,44,20,102,28,36,64,166
04/07/2020,COS,CO,ANM,WE,Combined TRACON& Tower with Radar,14,16,6,10,46,0,6,30,4,40,14,22,36,14,86,26,12,38,124
04/08/2020,COS,CO,ANM,WE,Combined TRACON& Tower with Radar,18,22,14,2,56,0,2,42,2,46,18,24,56,4,102,46,6,52,154
04/09/2020,COS,CO,ANM,WE,Combined TRACON& Tower with Radar,23,14,17,8,62,0,0,34,2,36,23,14,51,10,98,24,18,42,140
04/10/2020,COS,CO,ANM,WE,Combined TRACON& Tower with Radar,18,13,9,2,42,0,2,38,2,42,18,15,47,4,84,52,0,52,136
04/11/2020,COS,CO,ANM,WE,Combined TRACON& Tower with Radar,16,13,18,3,50,0,2,54,7,63,16,15,72,10,113,42,4,46,159
04/12/2020,COS,CO,ANM,WE,Combined TRACON& Tower with Radar,11,8,1,0,20,0,1,0,0,1,11,9,1,0,21,0,0,0,21
04/13/2020,COS,CO,ANM,WE,Combined TRACON& Tower with Radar,14,12,3,1,30,0,0,0,0,0,14,12,3,1,30,0,0,0,30
04/14/2020,COS,CO,ANM,WE,Combined TRACON& Tower with Radar,19,12,12,9,52,0,3,13,4,20,19,15,25,13,72,34,6,40,112
04/15/2020,COS,CO,ANM,WE,Combined TRACON& Tower with Radar,15,15,10,15,55,0,12,36,14,62,15,27,46,29,117,106,22,128,245
04/16/2020,COS,CO,ANM,WE,Combined TRACON& Tower with Radar,19,19,2,1,41,0,1,1,1,3,19,20,3,2,44,0,16,16,60
04/17/2020,COS,CO,ANM,WE,Combined TRACON& Tower with Radar,12,15,18,6,51,0,5,34,20,59,12,20,52,26,110,42,104,146,256
04/18/2020,COS,CO,ANM,WE,Combined TRACON& Tower with Radar,11,12,6,6,35,0,0,15,3,18,11,12,21,9,53,30,0,30,83
04/19/2020,COS,CO,ANM,WE,Combined TRACON& Tower with Radar,17,7,12,0,36,0,0,31,0,31,17,7,43,0,67,34,0,34,101
04/20/2020,COS,CO,ANM,WE,Combined TRACON& Tower with Radar,18,11,18,5,52,0,2,24,14,40,18,13,42,19,92,34,46,80,172
04/21/2020,COS,CO,ANM,WE,Combined TRACON& Tower with Radar,12,9,8,14,43,0,6,18,22,46,12,15,26,36,89,12,78,90,179
04/22/2020,COS,CO,ANM,WE,Combined TRACON& Tower with Radar,17,13,13,12,55,0,2,27,28,57,17,15,40,40,112,50,62,112,224
04/23/2020,COS,CO,ANM,WE,Combined TRACON& Tower with Radar,12,17,22,8,59,0,4,34,16,54,12,21,56,24,113,100,76,176,289
04/24/2020,COS,CO,ANM,WE,Combined TRACON& Tower with Radar,18,13,16,2,49,0,2,15,4,21,18,15,31,6,70,10,0,10,80
04/25/2020,COS,CO,ANM,WE,Combined TRACON& Tower with Radar,14,12,7,0,33,0,1,50,1,52,14,13,57,1,85,80,10,90,175
04/26/2020,COS,CO,ANM,WE,Combined TRACON& Tower with Radar,9,10,16,0,35,0,0,41,0,41,9,10,57,0,76,62,0,62,138
04/27/2020,COS,CO,ANM,WE,Combined TRACON& Tower with Radar,14,15,11,23,63,0,0,72,39,111,14,15,83,62,174,145,118,263,437
04/28/2020,COS,CO,ANM,WE,Combined TRACON& Tower with Radar,14,13,7,13,47,0,0,38,27,65,14,13,45,40,112,74,68,142,254
04/29/2020,COS,CO,ANM,WE,Combined TRACON& Tower with Radar,20,10,21,4,55,0,4,118,20,142,20,14,139,24,197,204,26,230,427
04/30/2020,COS,CO,ANM,WE,Combined TRACON& Tower with Radar,18,14,18,14,64,0,2,49,25,76,18,16,67,39,140,166,125,291,431
05/01/2020,COS,CO,ANM,WE,Combined TRACON& Tower with Radar,21,19,30,11,81,0,1,76,23,100,21,20,106,34,181,164,54,218,399
05/02/2020,COS,CO,ANM,WE,Combined TRACON& Tower with Radar,14,15,21,0,50,0,3,19,0,22,14,18,40,0,72,150,0,150,222
05/03/2020,COS,CO,ANM,WE,Combined TRACON& Tower with Radar,8,14,17,0,39,0,0,57,0,57,8,14,74,0,96,58,0,58,154
05/04/2020,COS,CO,ANM,WE,Combined TRACON& Tower with Radar,11,15,29,7,62,0,4,17,12,33,11,19,46,19,95,62,78,140,235
05/05/2020,COS,CO,ANM,WE,Combined TRACON& Tower with Radar,12,14,24,13,63,0,0,74,32,106,12,14,98,45,169,176,108,284,453
05/06/2020,COS,CO,ANM,WE,Combined TRACON& Tower with Radar,16,8,34,12,70,0,1,75,21,97,16,9,109,33,167,196,106,302,469
05/07/2020,COS,CO,ANM,WE,Combined TRACON& Tower with Radar,14,19,18,8,59,0,1,34,11,46,14,20,52,19,105,96,18,114,219
05/08/2020,COS,CO,ANM,WE,Combined TRACON& Tower with Radar,12,19,42,8,81,0,5,75,8,88,12,24,117,16,169,264,10,274,443
05/09/2020,COS,CO,ANM,WE,Combined TRACON& Tower with Radar,8,14,10,0,32,0,2,8,0,10,8,16,18,0,42,0,0,0,42
05/10/2020,COS,CO,ANM,WE,Combined TRACON& Tower with Radar,8,7,18,4,37,0,3,96,0,99,8,10,114,4,136,128,0,128,264
05/11/2020,COS,CO,ANM,WE,Combined TRACON& Tower with Radar,9,8,18,20,55,0,1,49,9,59,9,9,67,29,114,224,30,254,368
05/12/2020,COS,CO,ANM,WE,Combined TRACON& Tower with Radar,12,12,29,24,77,0,5,20,9,34,12,17,49,33,111,24,32,56,167
05/13/2020,COS,CO,ANM,WE,Combined TRACON& Tower with Radar,11,13,39,26,89,0,2,96,32,130,11,15,135,58,219,150,112,262,481
05/14/2020,COS,CO,ANM,WE,Combined TRACON& Tower with Radar,17,8,25,8,58,0,2,64,19,85,17,10,89,27,143,120,32,152,295
05/15/2020,COS,CO,ANM,WE,Combined TRACON& Tower with Radar,15,8,36,7,66,0,2,64,17,83,15,10,100,24,149,132,32,164,313
05/16/2020,COS,CO,ANM,WE,Combined TRACON& Tower with Radar,9,7,21,0,37,0,0,84,4,88,9,7,105,4,125,140,0,140,265
05/17/2020,COS,CO,ANM,WE,Combined TRACON& Tower with Radar,11,5,26,0,42,0,0,89,4,93,11,5,115,4,135,168,0,168,303
05/18/2020,COS,CO,ANM,WE,Combined TRACON& Tower with Radar,12,12,41,5,70,0,3,92,16,111,12,15,133,21,181,174,68,242,423
05/19/2020,COS,CO,ANM,WE,Combined TRACON& Tower with Radar,13,11,27,28,79,0,2,99,25,126,13,13,126,53,205,186,74,260,465
05/20/2020,COS,CO,ANM,WE,Combined TRACON& Tower with Radar,12,13,35,15,75,0,1,37,13,51,12,14,72,28,126,132,38,170,296
05/21/2020,COS,CO,ANM,WE,Combined TRACON& Tower with Radar,14,14,50,14,92,0,8,119,14,141,14,22,169,28,233,244,50,294,527
05/22/2020,COS,CO,ANM,WE,Combined TRACON& Tower with Radar,16,9,38,0,63,0,2,85,8,95,16,11,123,8,158,139,14,153,311
05/23/2020,COS,CO,ANM,WE,Combined TRACON& Tower with Radar,12,9,36,3,60,0,0,60,5,65,12,9,96,8,125,78,0,78,203
05/24/2020,COS,CO,ANM,WE,Combined TRACON& Tower with Radar,8,6,18,3,35,0,2,19,2,23,8,8,37,5,58,66,14,80,138
05/25/2020,COS,CO,ANM,WE,Combined TRACON& Tower with Radar,14,5,29,1,49,0,2,79,1,82,14,7,108,2,131,104,34,138,269
05/26/2020,COS,CO,ANM,WE,Combined TRACON& Tower with Radar,12,14,29,18,73,0,2,109,33,144,12,16,138,51,217,240,106,346,563
05/27/2020,COS,CO,ANM,WE,Combined TRACON& Tower with Radar,12,11,28,29,80,0,2,80,30,112,12,13,108,59,192,204,174,378,570
05/28/2020,COS,CO,ANM,WE,Combined TRACON& Tower with Radar,14,13,28,9,64,0,2,51,22,75,14,15,79,31,139,118,80,198,337
05/29/2020,COS,CO,ANM,WE,Combined TRACON& Tower with Radar,19,7,35,18,79,0,9,106,18,133,19,16,141,36,212,196,84,280,492
05/30/2020,COS,CO,ANM,WE,Combined TRACON& Tower with Radar,11,13,21,2,47,0,5,80,1,86,11,18,101,3,133,146,2,148,281
05/31/2020,COS,CO,ANM,WE,Combined TRACON& Tower with Radar,6,11,21,1,39,0,2,79,4,85,6,13,100,5,124,112,0,112,236
06/01/2020,COS,CO,ANM,WE,Combined TRACON& Tower with Radar,17,9,23,15,64,0,4,55,17,76,17,13,78,32,140,208,86,294,434
06/02/2020,COS,CO,ANM,WE,Combined TRACON& Tower with Radar,11,13,16,13,53,0,6,35,9,50,11,19,51,22,103,120,54,174,277
06/03/2020,COS,CO,ANM,WE,Combined TRACON& Tower with Radar,12,23,27,13,75,0,0,93,19,112,12,23,120,32,187,190,72,262,449
06/04/2020,COS,CO,ANM,WE,Combined TRACON& Tower with Radar,19,11,35,8,73,0,4,73,23,100,19,15,108,31,173,220,148,368,541
06/05/2020,COS,CO,ANM,WE,Combined TRACON& Tower with Radar,18,17,43,13,91,0,4,84,23,111,18,21,127,36,202,102,154,256,458
06/06/2020,COS,CO,ANM,WE,Combined TRACON& Tower with Radar,11,10,10,3,34,0,2,12,2,16,11,12,22,5,50,8,0,8,58
06/07/2020,COS,CO,ANM,WE,Combined TRACON& Tower with Radar,9,12,11,4,36,0,0,30,0,30,9,12,41,4,66,84,0,84,150
06/08/2020,COS,CO,ANM,WE,Combined TRACON& Tower with Radar,17,10,40,2,69,0,2,87,17,106,17,12,127,19,175,90,48,138,313
06/09/2020,COS,CO,ANM,WE,Combined TRACON& Tower with Radar,10,14,13,9,46,0,3,11,6,20,10,17,24,15,66,0,34,34,100
06/10/2020,COS,CO,ANM,WE,Combined TRACON& Tower with Radar,14,9,35,13,71,0,11,153,27,191,14,20,188,40,262,448,100,548,810
06/11/2020,COS,CO,ANM,WE,Combined TRACON& Tower with Radar,12,18,46,14,90,0,4,121,28,153,12,22,167,42,243,145,76,221,464
06/12/2020,COS,CO,ANM,WE,Combined TRACON& Tower with Radar,18,26,43,2,89,0,4,98,15,117,18,30,141,17,206,111,64,175,381
06/13/2020,COS,CO,ANM,WE,Combined TRACON& Tower with Radar,9,15,25,6,55,0,1,59,2,62,9,16,84,8,117,132,0,132,249
06/14/2020,COS,CO,ANM,WE,Combined TRACON& Tower with Radar,7,16,20,4,47,0,4,51,5,60,7,20,71,9,107,68,26,94,201
06/15/2020,COS,CO,ANM,WE,Combined TRACON& Tower with Radar,14,17,44,5,80,0,4,97,18,119,14,21,141,23,199,160,44,204,403
06/16/2020,COS,CO,ANM,WE,Combined TRACON& Tower with Radar,10,15,19,17,61,0,4,75,20,99,10,19,94,37,160,94,38,132,292
06/17/2020,COS,CO,ANM,WE,Combined TRACON& Tower with Radar,18,23,36,26,103,0,3,55,31,89,18,26,91,57,192,42,80,122,314
06/18/2020,COS,CO,ANM,WE,Combined TRACON& Tower with Radar,13,23,44,14,94,0,0,53,33,86,13,23,97,47,180,46,44,90,270
06/19/2020,COS,CO,ANM,WE,Combined TRACON& Tower with Radar,17,19,57,6,99,0,7,69,6,82,17,26,126,12,181,172,20,192,373
06/20/2020,COS,CO,ANM,WE,Combined TRACON& Tower with Radar,13,17,34,10,74,0,6,133,15,154,13,23,167,25,228,218,4,222,450
06/21/2020,COS,CO,ANM,WE,Combined TRACON& Tower with Radar,9,16,35,0,60,0,3,92,4,99,9,19,127,4,159,0,0,0,159
06/22/2020,COS,CO,ANM,WE,Combined TRACON& Tower with Radar,7,32,29,9,77,0,4,86,23,113,7,36,115,32,190,156,58,214,404
06/23/2020,COS,CO,ANM,WE,Combined TRACON& Tower with Radar,11,17,30,9,67,0,2,76,28,106,11,19,106,37,173,156,50,206,379
06/24/2020,COS,CO,ANM,WE,Combined TRACON& Tower with Radar,17,15,33,34,99,0,2,102,29,133,17,17,135,63,232,252,130,382,614
06/25/2020,COS,CO,ANM,WE,Combined TRACON& Tower with Radar,26,16,33,13,88,0,7,70,23,100,26,23,103,36,188,168,65,233,421
06/26/2020,COS,CO,ANM,WE,Combined TRACON& Tower with Radar,25,22,45,5,97,0,4,67,25,96,25,26,112,30,193,102,70,172,365
06/27/2020,COS,CO,ANM,WE,Combined TRACON& Tower with Radar,13,17,39,0,69,0,2,83,1,86,13,19,122,1,155,190,0,190,345
06/28/2020,COS,CO,ANM,WE,Combined TRACON& Tower with Radar,15,20,37,0,72,0,0,82,0,82,15,20,119,0,154,158,10,168,322
06/29/2020,COS,CO,ANM,WE,Combined TRACON& Tower with Radar,16,16,38,7,77,0,5,79,4,88,16,21,117,11,165,176,2,178,343
06/30/2020,COS,CO,ANM,WE,Combined TRACON& Tower with Radar,11,25,34,22,92,0,0,76,24,100,11,25,110,46,192,72,72,144,336
07/01/2020,COS,CO,ANM,WE,Combined TRACON& Tower with Radar,11,28,66,22,127,0,4,111,33,148,11,32,177,55,275,250,94,344,619
07/02/2020,COS,CO,ANM,WE,Combined TRACON& Tower with Radar,18,24,60,23,125,0,4,92,38,134,18,28,152,61,259,174,158,332,591
07/03/2020,COS,CO,ANM,WE,Combined TRACON& Tower with Radar,18,15,37,5,75,0,2,93,6,101,18,17,130,11,176,174,158,332,508
07/04/2020,COS,CO,ANM,WE,Combined TRACON& Tower with Radar,8,11,14,7,40,0,2,41,9,52,8,13,55,16,92,182,6,188,280
07/05/2020,COS,CO,ANM,WE,Combined TRACON& Tower with Radar,16,20,45,1,82,0,0,69,2,71,16,20,114,3,153,142,22,164,317
07/06/2020,COS,CO,ANM,WE,Combined TRACON& Tower with Radar,20,28,39,6,93,0,4,131,28,163,20,32,170,34,256,290,158,448,704
07/07/2020,COS,CO,ANM,WE,Combined TRACON& Tower with Radar,24,20,43,7,94,0,2,86,33,121,24,22,129,40,215,222,118,340,555
07/08/2020,COS,CO,ANM,WE,Combined TRACON& Tower with Radar,24,25,53,18,120,0,8,109,20,137,24,33,162,38,257,242,76,318,575
07/09/2020,COS,CO,ANM,WE,Combined TRACON& Tower with Radar,37,11,53,28,129,0,1,89,46,136,37,12,142,74,265,154,116,270,535
07/10/2020,COS,CO,ANM,WE,Combined TRACON& Tower with Radar,32,15,61,37,145,0,6,59,18,83,32,21,120,55,228,204,148,352,580
07/11/2020,COS,CO,ANM,WE,Combined TRACON& Tower with Radar,24,20,42,3,89,0,7,57,1,65,24,27,99,4,154,84,8,92,246
07/12/2020,COS,CO,ANM,WE,Combined TRACON& Tower with Radar,27,20,57,7,111,0,4,33,11,48,27,24,90,18,159,98,18,116,275
07/13/2020,COS,CO,ANM,WE,Combined TRACON& Tower with Radar,30,19,48,8,105,0,6,67,18,91,30,25,115,26,196,102,40,142,338
07/14/2020,COS,CO,ANM,WE,Combined TRACON& Tower with Radar,22,16,36,16,90,0,0,56,24,80,22,16,92,40,170,174,57,231,401
07/15/2020,COS,CO,ANM,WE,Combined TRACON& Tower with Radar,24,19,37,4,84,0,6,91,33,130,24,25,128,37,214,154,138,292,506
07/16/2020,COS,CO,ANM,WE,Combined TRACON& Tower with Radar,35,21,43,8,107,0,2,140,29,171,35,23,183,37,278,228,84,312,590
07/17/2020,COS,CO,ANM,WE,Combined TRACON& Tower with Radar,35,20,59,11,125,0,6,101,30,137,35,26,160,41,262,286,170,456,718
07/18/2020,COS,CO,ANM,WE,Combined TRACON& Tower with Radar,36,20,55,5,116,0,0,89,13,102,36,20,144,18,218,145,62,207,425
07/19/2020,COS,CO,ANM,WE,Combined TRACON& Tower with Radar,29,14,37,3,83,0,6,56,1,63,29,20,93,4,146,90,0,90,236
07/20/2020,COS,CO,ANM,WE,Combined TRACON& Tower with Radar,35,15,62,13,125,0,4,88,20,112,35,19,150,33,237,188,58,246,483
07/21/2020,COS,CO,ANM,WE,Combined TRACON& Tower with Radar,22,22,56,12,112,0,5,80,37,122,22,27,136,49,234,262,118,380,614
07/22/2020,COS,CO,ANM,WE,Combined TRACON& Tower with Radar,22,28,66,17,133,0,9,118,37,164,22,37,184,54,297,294,112,406,703
07/23/2020,COS,CO,ANM,WE,Combined TRACON& Tower with Radar,32,21,69,26,148,0,3,106,28,137,32,24,175,54,285,204,126,330,615
07/24/2020,COS,CO,ANM,WE,Combined TRACON& Tower with Radar,36,19,65,29,149,0,4,74,30,108,36,23,139,59,257,178,124,302,559
07/25/2020,COS,CO,ANM,WE,Combined TRACON& Tower with Radar,24,11,31,47,113,0,0,78,7,85,24,11,109,54,198,188,10,198,396
07/26/2020,COS,CO,ANM,WE,Combined TRACON& Tower with Radar,27,27,44,13,111,0,2,54,5,61,27,29,98,18,172,104,0,104,276
07/27/2020,COS,CO,ANM,WE,Combined TRACON& Tower with Radar,30,27,49,19,125,0,2,74,17,93,30,29,123,36,218,220,72,292,510
07/28/2020,COS,CO,ANM,WE,Combined TRACON& Tower with Radar,16,23,62,10,111,0,2,16,10,28,16,25,78,20,139,62,10,72,211
07/29/2020,COS,CO,ANM,WE,Combined TRACON& Tower with Radar,19,19,52,18,108,0,9,123,21,153,19,28,175,39,261,144,74,218,479
07/30/2020,COS,CO,ANM,WE,Combined TRACON& Tower with Radar,32,23,43,15,113,0,4,63,26,93,32,27,106,41,206,152,36,188,394
07/31/2020,COS,CO,ANM,WE,Combined TRACON& Tower with Radar,38,23,57,24,142,0,9,128,13,150,38,32,185,37,292,278,46,324,616
08/01/2020,COS,CO,ANM,WE,Combined TRACON& Tower with Radar,22,25,40,1,88,0,5,60,16,81,22,30,100,17,169,104,36,140,309
08/02/2020,COS,CO,ANM,WE,Combined TRACON& Tower with Radar,28,18,48,8,102,0,4,77,5,86,28,22,125,13,188,142,42,184,372
08/03/2020,COS,CO,ANM,WE,Combined TRACON& Tower with Radar,32,15,57,33,137,0,7,10,12,29,32,22,67,45,166,54,36,90,256
08/04/2020,COS,CO,ANM,WE,Combined TRACON& Tower with Radar,18,32,37,36,123,0,3,94,49,146,18,35,131,85,269,270,172,442,711
08/05/2020,COS,CO,ANM,WE,Combined TRACON& Tower with Radar,18,25,30,20,93,0,5,86,21,112,18,30,116,41,205,140,14,154,359
08/06/2020,COS,CO,ANM,WE,Combined TRACON& Tower with Radar,27,27,51,22,127,0,8,86,39,133,27,35,137,61,260,204,62,266,526
08/07/2020,COS,CO,ANM,WE,Combined TRACON& Tower with Radar,31,28,42,24,125,0,11,115,21,147,31,39,157,45,272,271,92,363,635
08/08/2020,COS,CO,ANM,WE,Combined TRACON& Tower with Radar,22,26,33,26,107,0,4,75,18,97,22,30,108,44,204,96,52,148,352
08/09/2020,COS,CO,ANM,WE,Combined TRACON& Tower with Radar,25,30,41,16,112,0,3,82,19,104,25,33,123,35,216,169,21,190,406
08/10/2020,COS,CO,ANM,WE,Combined TRACON& Tower with Radar,28,31,36,7,102,0,4,51,15,70,28,35,87,22,172,196,56,252,424
08/11/2020,COS,CO,ANM,WE,Combined TRACON& Tower with Radar,17,33,32,22,104,2,8,103,29,142,19,41,135,51,246,232,38,270,516
08/12/2020,COS,CO,ANM,WE,Combined TRACON& Tower with Radar,31,50,47,22,150,3,2,46,34,85,34,52,93,56,235,278,52,330,565
08/13/2020,COS,CO,ANM,WE,Combined TRACON& Tower with Radar,24,34,57,8,123,0,4,97,59,160,24,38,154,67,283,246,92,338,621
08/14/2020,COS,CO,ANM,WE,Combined TRACON& Tower with Radar,26,41,49,46,162,0,4,99,50,153,26,45,148,96,315,278,168,446,761
08/15/2020,COS,CO,ANM,WE,Combined TRACON& Tower with Radar,22,27,48,18,115,0,2,75,25,102,22,29,123,43,217,170,66,236,453
08/16/2020,COS,CO,ANM,WE,Combined TRACON& Tower with Radar,25,32,48,4,109,0,0,85,21,106,25,32,133,25,215,150,0,150,365
08/17/2020,COS,CO,ANM,WE,Combined TRACON& Tower with Radar,23,28,37,19,107,2,0,102,35,139,25,28,139,54,246,150,88,238,484
08/18/2020,COS,CO,ANM,WE,Combined TRACON& Tower with Radar,18,38,38,19,113,0,4,101,35,140,18,42,139,54,253,250,84,334,587
08/19/2020,COS,CO,ANM,WE,Combined TRACON& Tower with Radar,15,36,44,20,115,0,10,79,44,133,15,46,123,64,248,158,118,276,524
08/20/2020,COS,CO,ANM,WE,Combined TRACON& Tower with Radar,29,35,44,19,127,0,4,85,25,114,29,39,129,44,241,70,52,122,363
08/21/2020,COS,CO,ANM,WE,Combined TRACON& Tower with Radar,23,36,63,51,173,0,12,142,40,194,23,48,205,91,367,206,172,378,745
08/22/2020,COS,CO,ANM,WE,Combined TRACON& Tower with Radar,21,30,48,26,125,0,4,73,8,85,21,34,121,34,210,152,22,174,384
08/23/2020,COS,CO,ANM,WE,Combined TRACON& Tower with Radar,25,24,65,16,130,0,6,43,21,70,25,30,108,37,200,80,46,126,326
08/24/2020,COS,CO,ANM,WE,Combined TRACON& Tower with Radar,25,20,49,6,100,0,0,69,21,90,25,20,118,27,190,196,82,278,468
08/25/2020,COS,CO,ANM,WE,Combined TRACON& Tower with Radar,16,34,41,9,100,1,8,80,41,130,17,42,121,50,230,234,116,350,580
08/26/2020,COS,CO,ANM,WE,Combined TRACON& Tower with Radar,21,30,37,23,111,0,0,97,17,114,21,30,134,40,225,138,56,194,419
08/27/2020,COS,CO,ANM,WE,Combined TRACON& Tower with Radar,29,26,53,19,127,0,6,115,19,140,29,32,168,38,267,217,48,265,532
08/28/2020,COS,CO,ANM,WE,Combined TRACON& Tower with Radar,32,33,39,18,122,0,0,32,18,50,32,33,71,36,172,10,26,36,208
08/29/2020,COS,CO,ANM,WE,Combined TRACON& Tower with Radar,24,24,40,13,101,0,3,94,11,108,24,27,134,24,209,131,34,165,374
08/30/2020,COS,CO,ANM,WE,Combined TRACON& Tower with Radar,26,24,40,11,101,0,2,92,3,97,26,26,132,14,198,212,20,232,430
08/31/2020,COS,CO,ANM,WE,Combined TRACON& Tower with Radar,33,17,30,13,93,0,6,70,33,109,33,23,100,46,202,86,116,202,404
09/01/2020,COS,CO,ANM,WE,Combined TRACON& Tower with Radar,18,29,36,25,108,0,7,111,22,140,18,36,147,47,248,250,42,292,540
09/02/2020,COS,CO,ANM,WE,Combined TRACON& Tower with Radar,19,29,43,24,115,0,5,134,22,161,19,34,177,46,276,0,0,0,276
09/03/2020,COS,CO,ANM,WE,Combined TRACON& Tower with Radar,29,41,41,25,136,0,3,89,26,118,29,44,130,51,254,142,58,200,454
09/04/2020,COS,CO,ANM,WE,Combined TRACON& Tower with Radar,29,38,66,9,142,0,1,110,15,126,29,39,176,24,268,256,48,304,572
09/05/2020,COS,CO,ANM,WE,Combined TRACON& Tower with Radar,22,15,30,3,70,0,6,88,3,97,22,21,118,6,167,132,4,136,303
09/06/2020,COS,CO,ANM,WE,Combined TRACON& Tower with Radar,20,21,23,4,68,0,1,58,0,59,20,22,81,4,127,106,0,106,233
09/07/2020,COS,CO,ANM,WE,Combined TRACON& Tower with Radar,28,37,82,3,150,0,6,107,0,113,28,43,189,3,263,204,10,214,477
09/08/2020,COS,CO,ANM,WE,Combined TRACON& Tower with Radar,23,20,20,5,68,0,0,1,0,1,23,20,21,5,69,0,0,0,69
09/09/2020,COS,CO,ANM,WE,Combined TRACON& Tower with Radar,17,32,29,10,88,0,0,2,0,2,17,32,31,10,90,0,0,0,90
09/10/2020,COS,CO,ANM,WE,Combined TRACON& Tower with Radar,28,38,38,4,108,0,1,1,7,9,28,39,39,11,117,36,0,36,153
09/11/2020,COS,CO,ANM,WE,Combined TRACON& Tower with Radar,30,28,50,26,134,0,2,110,27,139,30,30,160,53,273,224,62,286,559
09/12/2020,COS,CO,ANM,WE,Combined TRACON& Tower with Radar,26,31,46,8,111,0,1,139,18,158,26,32,185,26,269,210,56,266,535
09/13/2020,COS,CO,ANM,WE,Combined TRACON& Tower with Radar,32,25,45,11,113,0,6,107,14,127,32,31,152,25,240,191,58,249,489
09/14/2020,COS,CO,ANM,WE,Combined TRACON& Tower with Radar,27,27,43,37,134,0,0,103,38,141,27,27,146,75,275,126,108,234,509
09/15/2020,COS,CO,ANM,WE,Combined TRACON& Tower with Radar,18,20,46,11,95,0,6,100,38,144,18,26,146,49,239,238,48,286,525
09/16/2020,COS,CO,ANM,WE,Combined TRACON& Tower with Radar,26,34,43,7,110,0,2,49,57,108,26,36,92,64,218,40,76,116,334
09/17/2020,COS,CO,ANM,WE,Combined TRACON& Tower with Radar,26,28,53,37,144,0,5,82,56,143,26,33,135,93,287,169,144,313,600
09/18/2020,COS,CO,ANM,WE,Combined TRACON& Tower with Radar,29,27,66,44,166,0,2,103,41,146,29,29,169,85,312,204,128,332,644
09/19/2020,COS,CO,ANM,WE,Combined TRACON& Tower with Radar,28,22,41,44,135,0,4,96,7,107,28,26,137,51,242,222,52,274,516
09/20/2020,COS,CO,ANM,WE,Combined TRACON& Tower with Radar,36,39,58,18,151,0,4,82,10,96,36,43,140,28,247,158,38,196,443
09/21/2020,COS,CO,ANM,WE,Combined TRACON& Tower with Radar,26,31,35,31,123,0,6,114,34,154,26,37,149,65,277,122,120,242,519
09/22/2020,COS,CO,ANM,WE,Combined TRACON& Tower with Radar,17,36,42,23,118,0,2,90,42,134,17,38,132,65,252,263,51,314,566
09/23/2020,COS,CO,ANM,WE,Combined TRACON& Tower with Radar,20,43,38,26,127,0,1,103,34,138,20,44,141,60,265,180,50,230,495
09/24/2020,COS,CO,ANM,WE,Combined TRACON& Tower with Radar,28,42,58,24,152,0,3,115,33,151,28,45,173,57,303,86,54,140,443
09/25/2020,COS,CO,ANM,WE,Combined TRACON& Tower with Radar,29,32,51,28,140,0,4,100,34,138,29,36,151,62,278,156,126,282,560
09/26/2020,COS,CO,ANM,WE,Combined TRACON& Tower with Radar,26,24,24,5,79,0,6,80,5,91,26,30,104,10,170,100,44,144,314
09/27/2020,COS,CO,ANM,WE,Combined TRACON& Tower with Radar,27,40,44,20,131,0,0,59,6,65,27,40,103,26,196,76,8,84,280
09/28/2020,COS,CO,ANM,WE,Combined TRACON& Tower with Radar,28,28,37,37,130,0,3,56,20,79,28,31,93,57,209,126,82,208,417
09/29/2020,COS,CO,ANM,WE,Combined TRACON& Tower with Radar,18,22,38,17,95,0,2,90,17,109,18,24,128,34,204,163,58,221,425
09/30/2020,COS,CO,ANM,WE,Combined TRACON& Tower with Radar,23,29,51,12,115,0,0,62,31,93,23,29,113,43,208,146,156,302,510
10/01/2020,COS,CO,ANM,WE,Combined TRACON& Tower with Radar,27,22,32,11,92,0,4,104,39,147,27,26,136,50,239,146,100,246,485
10/02/2020,COS,CO,ANM,WE,Combined TRACON& Tower with Radar,33,22,38,33,126,0,0,99,12,111,33,22,137,45,237,228,128,356,593
10/03/2020,COS,CO,ANM,WE,Combined TRACON& Tower with Radar,30,24,47,10,111,0,1,128,14,143,30,25,175,24,254,258,4,262,516
10/04/2020,COS,CO,ANM,WE,Combined TRACON& Tower with Radar,24,26,37,10,97,0,5,97,15,117,24,31,134,25,214,250,4,254,468
10/05/2020,COS,CO,ANM,WE,Combined TRACON& Tower with Radar,25,38,30,14,107,0,6,97,45,148,25,44,127,59,255,108,74,182,437
10/06/2020,COS,CO,ANM,WE,Combined TRACON& Tower with Radar,22,32,51,20,125,0,4,141,17,162,22,36,192,37,287,313,78,391,678
10/07/2020,COS,CO,ANM,WE,Combined TRACON& Tower with Radar,26,25,36,20,107,0,11,92,25,128,26,36,128,45,235,236,54,290,525
10/08/2020,COS,CO,ANM,WE,Combined TRACON& Tower with Radar,27,39,60,28,154,0,5,99,21,125,27,44,159,49,279,258,98,356,635
10/09/2020,COS,CO,ANM,WE,Combined TRACON& Tower with Radar,33,32,53,17,135,0,4,96,18,118,33,36,149,35,253,126,74,200,453
10/10/2020,COS,CO,ANM,WE,Combined TRACON& Tower with Radar,30,28,35,7,100,0,0,76,6,82,30,28,111,13,182,134,32,166,348
10/11/2020,COS,CO,ANM,WE,Combined TRACON& Tower with Radar,31,27,19,4,81,0,2,13,1,16,31,29,32,5,97,0,0,0,97
10/12/2020,COS,CO,ANM,WE,Combined TRACON& Tower with Radar,35,44,37,8,124,0,4,61,13,78,35,48,98,21,202,130,0,130,332
10/13/2020,COS,CO,ANM,WE,Combined TRACON& Tower with Radar,30,27,46,25,128,0,8,93,48,149,30,35,139,73,277,160,153,313,590
10/14/2020,COS,CO,ANM,WE,Combined TRACON& Tower with Radar,27,29,28,9,93,0,2,23,8,33,27,31,51,17,126,18,16,34,160
10/15/2020,COS,CO,ANM,WE,Combined TRACON& Tower with Radar,28,38,37,12,115,0,0,62,31,93,28,38,99,43,208,282,87,369,577
10/16/2020,COS,CO,ANM,WE,Combined TRACON& Tower with Radar,31,31,57,32,151,0,5,100,55,160,31,36,157,87,311,390,130,520,831
10/17/2020,COS,CO,ANM,WE,Combined TRACON& Tower with Radar,30,24,33,32,119,0,2,96,12,110,30,26,129,44,229,222,24,246,475
10/18/2020,COS,CO,ANM,WE,Combined TRACON& Tower with Radar,28,26,41,15,110,0,0,1,0,1,28,26,42,15,111,0,0,0,111
10/19/2020,COS,CO,ANM,WE,Combined TRACON& Tower with Radar,27,33,27,20,107,0,3,82,41,126,27,36,109,61,233,246,142,388,621
10/20/2020,COS,CO,ANM,WE,Combined TRACON& Tower with Radar,24,32,38,21,115,0,7,78,47,132,24,39,116,68,247,292,160,452,699
10/21/2020,COS,CO,ANM,WE,Combined TRACON& Tower with Radar,23,29,39,14,105,4,3,94,45,146,27,32,133,59,251,262,62,324,575
10/22/2020,COS,CO,ANM,WE,Combined TRACON& Tower with Radar,30,46,63,15,154,0,6,71,23,100,30,52,134,38,254,130,58,188,442
10/23/2020,COS,CO,ANM,WE,Combined TRACON& Tower with Radar,38,47,29,23,137,0,1,13,0,14,38,48,42,23,151,80,22,102,253
10/24/2020,COS,CO,ANM,WE,Combined TRACON& Tower with Radar,31,29,29,0,89,0,6,99,17,122,31,35,128,17,211,176,0,176,387
10/25/2020,COS,CO,ANM,WE,Combined TRACON& Tower with Radar,32,25,18,7,82,0,1,0,0,1,32,26,18,7,83,0,0,0,83
10/26/2020,COS,CO,ANM,WE,Combined TRACON& Tower with Radar,30,21,17,2,70,0,1,0,0,1,30,22,17,2,71,0,0,0,71
10/27/2020,COS,CO,ANM,WE,Combined TRACON& Tower with Radar,27,31,33,16,107,0,3,69,23,95,27,34,102,39,202,164,48,212,414
10/28/2020,COS,CO,ANM,WE,Combined TRACON& Tower with Radar,29,27,37,31,124,0,1,77,40,118,29,28,114,71,242,82,58,140,382
10/29/2020,COS,CO,ANM,WE,Combined TRACON& Tower with Radar,26,45,45,34,150,0,0,132,76,208,26,45,177,110,358,300,116,416,774
10/30/2020,COS,CO,ANM,WE,Combined TRACON& Tower with Radar,28,31,35,28,122,0,1,107,39,147,28,32,142,67,269,201,136,337,606
10/31/2020,COS,CO,ANM,WE,Combined TRACON& Tower with Radar,20,27,27,2,76,0,2,69,9,80,20,29,96,11,156,66,4,70,226
11/01/2020,COS,CO,ANM,WE,Combined TRACON& Tower with Radar,24,26,24,0,74,0,3,114,11,128,24,29,138,11,202,142,16,158,360
11/02/2020,COS,CO,ANM,WE,Combined TRACON& Tower with Radar,25,31,34,6,96,0,0,107,24,131,25,31,141,30,227,178,28,206,433
11/03/2020,COS,CO,ANM,WE,Combined TRACON& Tower with Radar,22,33,44,25,124,0,1,89,16,106,22,34,133,41,230,160,46,206,436
11/04/2020,COS,CO,ANM,WE,Combined TRACON& Tower with Radar,23,30,35,19,107,0,4,94,17,115,23,34,129,36,222,160,48,208,430
11/05/2020,COS,CO,ANM,WE,Combined TRACON& Tower with Radar,32,35,46,13,126,0,2,91,18,111,32,37,137,31,237,274,6,280,517
11/06/2020,COS,CO,ANM,WE,Combined TRACON& Tower with Radar,33,32,35,24,124,0,0,96,29,125,33,32,131,53,249,288,90,378,627
11/07/2020,COS,CO,ANM,WE,Combined TRACON& Tower with Radar,27,27,17,8,79,0,7,30,9,46,27,34,47,17,125,142,20,162,287
11/08/2020,COS,CO,ANM,WE,Combined TRACON& Tower with Radar,33,28,18,4,83,0,7,13,1,21,33,35,31,5,104,0,0,0,104
11/09/2020,COS,CO,ANM,WE,Combined TRACON& Tower with Radar,28,21,15,13,77,0,4,9,8,21,28,25,24,21,98,84,22,106,204
11/10/2020,COS,CO,ANM,WE,Combined TRACON& Tower with Radar,25,25,30,32,112,0,1,85,12,98,25,26,115,44,210,212,72,284,494
11/11/2020,COS,CO,ANM,WE,Combined TRACON& Tower with Radar,18,32,21,1,72,0,6,71,5,82,18,38,92,6,154,142,10,152,306
11/12/2020,COS,CO,ANM,WE,Combined TRACON& Tower with Radar,32,25,33,6,96,0,4,37,11,52,32,29,70,17,148,252,32,284,432
11/13/2020,COS,CO,ANM,WE,Combined TRACON& Tower with Radar,31,30,30,10,101,0,2,14,5,21,31,32,44,15,122,172,34,206,328
11/14/2020,COS,CO,ANM,WE,Combined TRACON& Tower with Radar,30,24,6,1,61,0,4,0,3,7,30,28,6,4,68,0,0,0,68
11/15/2020,COS,CO,ANM,WE,Combined TRACON& Tower with Radar,27,22,16,9,74,0,0,20,5,25,27,22,36,14,99,88,0,88,187
11/16/2020,COS,CO,ANM,WE,Combined TRACON& Tower with Radar,28,31,19,12,90,0,2,45,8,55,28,33,64,20,145,290,6,296,441
11/17/2020,COS,CO,ANM,WE,Combined TRACON& Tower with Radar,22,24,17,7,70,0,5,41,11,57,22,29,58,18,127,290,38,328,455
11/18/2020,COS,CO,ANM,WE,Combined TRACON& Tower with Radar,23,40,26,3,92,0,4,36,8,48,23,44,62,11,140,184,24,208,348
11/19/2020,COS,CO,ANM,WE,Combined TRACON& Tower with Radar,30,33,16,8,87,0,2,13,7,22,30,35,29,15,109,23,4,27,136
11/20/2020,COS,CO,ANM,WE,Combined TRACON& Tower with Radar,32,29,23,12,96,0,4,21,10,35,32,33,44,22,131,166,20,186,317
11/21/2020,COS,CO,ANM,WE,Combined TRACON& Tower with Radar,35,25,13,5,78,0,2,15,2,19,35,27,28,7,97,170,20,190,287
11/22/2020,COS,CO,ANM,WE,Combined TRACON& Tower with Radar,30,33,9,4,76,0,2,25,2,29,30,35,34,6,105,160,0,160,265
11/23/2020,COS,CO,ANM,WE,Combined TRACON& Tower with Radar,26,29,21,8,84,0,7,37,12,56,26,36,58,20,140,154,12,166,306
11/24/2020,COS,CO,ANM,WE,Combined TRACON& Tower with Radar,35,40,20,4,99,0,2,2,6,10,35,42,22,10,109,0,16,16,125
11/25/2020,COS,CO,ANM,WE,Combined TRACON& Tower with Radar,38,24,31,5,98,0,4,72,10,86,38,28,103,15,184,176,12,188,372
11/26/2020,COS,CO,ANM,WE,Combined TRACON& Tower with Radar,11,18,2,0,31,0,2,13,4,19,11,20,15,4,50,28,0,28,78
11/27/2020,COS,CO,ANM,WE,Combined TRACON& Tower with Radar,28,16,18,2,64,0,4,59,9,72,28,20,77,11,136,114,10,124,260
11/28/2020,COS,CO,ANM,WE,Combined TRACON& Tower with Radar,34,33,33,0,100,0,0,88,0,88,34,33,121,0,188,178,0,178,366
11/29/2020,COS,CO,ANM,WE,Combined TRACON& Tower with Radar,33,37,26,5,101,0,2,46,8,56,33,39,72,13,157,139,0,139,296
11/30/2020,COS,CO,ANM,WE,Combined TRACON& Tower with Radar,33,28,37,13,111,0,4,83,16,103,33,32,120,29,214,288,102,390,604
12/01/2020,COS,CO,ANM,WE,Combined TRACON& Tower with Radar,26,34,17,25,102,0,4,1,12,17,26,38,18,37,119,0,54,54,173
12/02/2020,COS,CO,ANM,WE,Combined TRACON& Tower with Radar,19,32,14,20,85,0,2,10,12,24,19,34,24,32,109,0,0,0,109
12/03/2020,COS,CO,ANM,WE,Combined TRACON& Tower with Radar,27,28,54,29,138,0,1,64,37,102,27,29,118,66,240,8,52,60,300
12/04/2020,COS,CO,ANM,WE,Combined TRACON& Tower with Radar,28,29,42,53,152,0,4,120,17,141,28,33,162,70,293,226,106,332,625
12/05/2020,COS,CO,ANM,WE,Combined TRACON& Tower with Radar,21,28,34,29,112,0,2,98,15,115,21,30,132,44,227,126,46,172,399
12/06/2020,COS,CO,ANM,WE,Combined TRACON& Tower with Radar,22,32,38,10,102,0,7,103,6,116,22,39,141,16,218,120,18,138,356
12/07/2020,COS,CO,ANM,WE,Combined TRACON& Tower with Radar,25,41,37,11,114,0,0,88,16,104,25,41,125,27,218,116,38,154,372
12/08/2020,COS,CO,ANM,WE,Combined TRACON& Tower with Radar,18,31,40,10,99,0,8,115,13,136,18,39,155,23,235,270,108,378,613
12/09/2020,COS,CO,ANM,WE,Combined TRACON& Tower with Radar,20,36,46,18,120,0,2,133,22,157,20,38,179,40,277,246,40,286,563
12/10/2020,COS,CO,ANM,WE,Combined TRACON& Tower with Radar,27,31,34,19,111,0,2,63,17,82,27,33,97,36,193,176,48,224,417
12/11/2020,COS,CO,ANM,WE,Combined TRACON& Tower with Radar,29,37,15,4,85,0,0,0,0,0,29,37,15,4,85,0,0,0,85
12/12/2020,COS,CO,ANM,WE,Combined TRACON& Tower with Radar,22,29,11,6,68,0,0,0,0,0,22,29,11,6,68,0,0,0,68
12/13/2020,COS,CO,ANM,WE,Combined TRACON& Tower with Radar,24,27,19,2,72,0,9,74,5,88,24,36,93,7,160,180,6,186,346
12/14/2020,COS,CO,ANM,WE,Combined TRACON& Tower with Radar,25,31,43,10,109,0,5,69,9,83,25,36,112,19,192,194,26,220,412
12/15/2020,COS,CO,ANM,WE,Combined TRACON& Tower with Radar,17,33,17,27,94,0,1,15,4,20,17,34,32,31,114,34,22,56,170
12/16/2020,COS,CO,ANM,WE,Combined TRACON& Tower with Radar,22,45,50,16,133,0,5,124,22,151,22,50,174,38,284,226,60,286,570
12/17/2020,COS,CO,ANM,WE,Combined TRACON& Tower with Radar,33,36,43,19,131,0,3,96,18,117,33,39,139,37,248,260,90,350,598
12/18/2020,COS,CO,ANM,WE,Combined TRACON& Tower with Radar,32,43,35,10,120,0,2,23,0,25,32,45,58,10,145,42,0,42,187
12/19/2020,COS,CO,ANM,WE,Combined TRACON& Tower with Radar,28,40,39,4,111,0,4,85,8,97,28,44,124,12,208,84,34,118,326
12/20/2020,COS,CO,ANM,WE,Combined TRACON& Tower with Radar,26,33,23,14,96,0,0,86,5,91,26,33,109,19,187,118,12,130,317
12/21/2020,COS,CO,ANM,WE,Combined TRACON& Tower with Radar,29,36,38,13,116,0,8,150,14,172,29,44,188,27,288,280,20,300,588
12/22/2020,COS,CO,ANM,WE,Combined TRACON& Tower with Radar,36,35,40,11,122,0,7,64,10,81,36,42,104,21,203,58,20,78,281
12/23/2020,COS,CO,ANM,WE,Combined TRACON& Tower with Radar,32,37,22,17,108,0,1,23,7,31,32,38,45,24,139,6,16,22,161
12/24/2020,COS,CO,ANM,WE,Combined TRACON& Tower with Radar,20,26,19,1,66,0,2,26,4,32,20,28,45,5,98,48,10,58,156
12/25/2020,COS,CO,ANM,WE,Combined TRACON& Tower with Radar,17,21,7,0,45,0,0,23,2,25,17,21,30,2,70,30,0,30,100
12/26/2020,COS,CO,ANM,WE,Combined TRACON& Tower with Radar,26,36,38,0,100,0,4,86,3,93,26,40,124,3,193,90,0,90,283
12/27/2020,COS,CO,ANM,WE,Combined TRACON& Tower with Radar,26,33,35,1,95,0,3,50,5,58,26,36,85,6,153,88,0,88,241
12/28/2020,COS,CO,ANM,WE,Combined TRACON& Tower with Radar,27,35,15,1,78,0,2,4,1,7,27,37,19,2,85,96,0,96,181
12/29/2020,COS,CO,ANM,WE,Combined TRACON& Tower with Radar,36,28,16,7,87,0,2,11,5,18,36,30,27,12,105,26,6,32,137
12/30/2020,COS,CO,ANM,WE,Combined TRACON& Tower with Radar,35,28,21,11,95,0,1,51,11,63,35,29,72,22,158,198,38,236,394
12/31/2020,COS,CO,ANM,WE,Combined TRACON& Tower with Radar,17,31,26,0,74,0,0,111,4,115,17,31,137,4,189,130,0,130,319
01/01/2021,COS,CO,ANM,WE,Combined TRACON& Tower with Radar,22,21,17,0,60,0,6,52,2,60,22,27,69,2,120,66,18,84,204
01/02/2021,COS,CO,ANM,WE,Combined TRACON& Tower with Radar,27,37,42,0,106,0,2,81,0,83,27,39,123,0,189,202,0,202,391
01/03/2021,COS,CO,ANM,WE,Combined TRACON& Tower with Radar,31,31,44,4,110,0,4,74,3,81,31,35,118,7,191,96,20,116,307
01/04/2021,COS,CO,ANM,WE,Combined TRACON& Tower with Radar,32,34,22,5,93,0,7,97,3,107,32,41,119,8,200,248,2,250,450
01/05/2021,COS,CO,ANM,WE,Combined TRACON& Tower with Radar,18,37,23,17,95,0,3,25,9,37,18,40,48,26,132,12,42,54,186
01/06/2021,COS,CO,ANM,WE,Combined TRACON& Tower with Radar,19,33,47,25,124,0,2,83,22,107,19,35,130,47,231,226,104,330,561
01/07/2021,COS,CO,ANM,WE,Combined TRACON& Tower with Radar,26,37,34,14,111,0,1,92,23,116,26,38,126,37,227,136,58,194,421
01/08/2021,COS,CO,ANM,WE,Combined TRACON& Tower with Radar,20,27,50,24,121,0,5,118,27,150,20,32,168,51,271,117,22,139,410
01/09/2021,COS,CO,ANM,WE,Combined TRACON& Tower with Radar,18,26,7,3,54,0,1,0,0,1,18,27,7,3,55,10,4,14,69
01/10/2021,COS,CO,ANM,WE,Combined TRACON& Tower with Radar,22,24,15,2,63,0,0,0,0,0,22,24,15,2,63,0,0,0,63
01/11/2021,COS,CO,ANM,WE,Combined TRACON& Tower with Radar,23,28,28,15,94,0,7,102,19,128,23,35,130,34,222,210,60,270,492
01/12/2021,COS,CO,ANM,WE,Combined TRACON& Tower with Radar,14,34,32,16,96,0,10,114,25,149,14,44,146,41,245,332,60,392,637
01/13/2021,COS,CO,ANM,WE,Combined TRACON& Tower with Radar,14,27,24,20,85,0,0,80,29,109,14,27,104,49,194,271,72,343,537
01/14/2021,COS,CO,ANM,WE,Combined TRACON& Tower with Radar,20,35,22,6,83,0,7,21,10,38,20,42,43,16,121,16,10,26,147
01/15/2021,COS,CO,ANM,WE,Combined TRACON& Tower with Radar,19,31,38,37,125,0,1,47,13,61,19,32,85,50,186,82,96,178,364
01/16/2021,COS,CO,ANM,WE,Combined TRACON& Tower with Radar,18,24,37,1,80,0,2,74,12,88,18,26,111,13,168,228,12,240,408
01/17/2021,COS,CO,ANM,WE,Combined TRACON& Tower with Radar,16,29,36,10,91,0,0,101,13,114,16,29,137,23,205,240,24,264,469
01/18/2021,COS,CO,ANM,WE,Combined TRACON& Tower with Radar,19,33,34,5,91,0,2,39,2,43,19,35,73,7,134,120,10,130,264
01/19/2021,COS,CO,ANM,WE,Combined TRACON& Tower with Radar,14,26,29,23,92,0,1,82,31,114,14,27,111,54,206,252,42,294,500
01/20/2021,COS,CO,ANM,WE,Combined TRACON& Tower with Radar,14,37,43,48,142,0,7,63,36,106,14,44,106,84,248,156,86,242,490
01/21/2021,COS,CO,ANM,WE,Combined TRACON& Tower with Radar,19,40,35,17,111,0,5,101,32,138,19,45,136,49,249,224,88,312,561
01/22/2021,COS,CO,ANM,WE,Combined TRACON& Tower with Radar,20,29,43,42,134,0,2,124,49,175,20,31,167,91,309,258,262,520,829
01/23/2021,COS,CO,ANM,WE,Combined TRACON& Tower with Radar,17,27,27,28,99,0,8,102,22,132,17,35,129,50,231,172,38,210,441
01/24/2021,COS,CO,ANM,WE,Combined TRACON& Tower with Radar,16,28,7,15,66,0,0,0,0,0,16,28,7,15,66,0,0,0,66
01/25/2021,COS,CO,ANM,WE,Combined TRACON& Tower with Radar,17,27,11,0,55,0,2,2,2,6,17,29,13,2,61,0,0,0,61
01/26/2021,COS,CO,ANM,WE,Combined TRACON& Tower with Radar,14,33,11,1,59,0,0,0,0,0,14,33,11,1,59,0,0,0,59
01/27/2021,COS,CO,ANM,WE,Combined TRACON& Tower with Radar,14,36,49,18,117,0,3,66,21,90,14,39,115,39,207,148,62,210,417
01/28/2021,COS,CO,ANM,WE,Combined TRACON& Tower with Radar,18,39,32,15,104,0,2,90,40,132,18,41,122,55,236,260,156,416,652
01/29/2021,COS,CO,ANM,WE,Combined TRACON& Tower with Radar,23,36,31,19,109,0,5,46,8,59,23,41,77,27,168,64,34,98,266
01/30/2021,COS,CO,ANM,WE,Combined TRACON& Tower with Radar,16,27,26,24,93,0,7,37,27,71,16,34,63,51,164,108,176,284,448
01/31/2021,COS,CO,ANM,WE,Combined TRACON& Tower with Radar,16,30,50,4,100,0,7,135,4,146,16,37,185,8,246,156,32,188,434
02/01/2021,COS,CO,ANM,WE,Combined TRACON& Tower with Radar,17,33,44,20,114,0,0,85,22,107,17,33,129,42,221,258,36,294,515
02/02/2021,COS,CO,ANM,WE,Combined TRACON& Tower with Radar,14,29,49,22,114,0,2,119,29,150,14,31,168,51,264,244,70,314,578
02/03/2021,COS,CO,ANM,WE,Combined TRACON& Tower with Radar,15,32,23,16,86,0,2,43,11,56,15,34,66,27,142,0,0,0,142
02/04/2021,COS,CO,ANM,WE,Combined TRACON& Tower with Radar,21,38,33,20,112,0,0,43,25,68,21,38,76,45,180,50,38,88,268
02/05/2021,COS,CO,ANM,WE,Combined TRACON& Tower with Radar,19,29,41,26,115,1,5,110,31,147,20,34,151,57,262,238,98,336,598
02/06/2021,COS,CO,ANM,WE,Combined TRACON& Tower with Radar,17,31,38,10,96,0,2,61,15,78,17,33,99,25,174,86,0,86,260
02/07/2021,COS,CO,ANM,WE,Combined TRACON& Tower with Radar,20,27,20,7,74,0,0,25,1,26,20,27,45,8,100,14,6,20,120
02/08/2021,COS,CO,ANM,WE,Combined TRACON& Tower with Radar,19,31,20,16,86,0,2,28,8,38,19,33,48,24,124,74,0,74,198
02/09/2021,COS,CO,ANM,WE,Combined TRACON& Tower with Radar,20,38,33,20,111,0,3,16,19,38,20,41,49,39,149,20,36,56,205
02/10/2021,COS,CO,ANM,WE,Combined TRACON& Tower with Radar,18,37,23,21,99,0,0,0,0,0,18,37,23,21,99,0,6,6,105
02/11/2021,COS,CO,ANM,WE,Combined TRACON& Tower with Radar,36,30,40,26,132,0,2,45,9,56,36,32,85,35,188,222,18,240,428
02/12/2021,COS,CO,ANM,WE,Combined TRACON& Tower with Radar,37,33,14,9,93,0,0,0,0,0,37,33,14,9,93,0,0,0,93
02/13/2021,COS,CO,ANM,WE,Combined TRACON& Tower with Radar,26,22,15,7,70,0,0,0,0,0,26,22,15,7,70,0,0,0,70
02/14/2021,COS,CO,ANM,WE,Combined TRACON& Tower with Radar,28,18,4,0,50,0,1,0,0,1,28,19,4,0,51,0,0,0,51
02/15/2021,COS,CO,ANM,WE,Combined TRACON& Tower with Radar,22,20,25,1,68,0,5,85,2,92,22,25,110,3,160,83,0,83,243
02/16/2021,COS,CO,ANM,WE,Combined TRACON& Tower with Radar,17,27,30,27,101,0,4,54,31,89,17,31,84,58,190,212,26,238,428
02/17/2021,COS,CO,ANM,WE,Combined TRACON& Tower with Radar,16,43,26,11,96,0,2,20,12,34,16,45,46,23,130,140,14,154,284
02/18/2021,COS,CO,ANM,WE,Combined TRACON& Tower with Radar,24,33,30,16,103,0,4,6,1,11,24,37,36,17,114,20,0,20,134
02/19/2021,COS,CO,ANM,WE,Combined TRACON& Tower with Radar,28,29,29,28,114,0,6,68,25,99,28,35,97,53,213,102,28,130,343
02/20/2021,COS,CO,ANM,WE,Combined TRACON& Tower with Radar,24,20,37,5,86,0,2,128,14,144,24,22,165,19,230,230,20,250,480
02/21/2021,COS,CO,ANM,WE,Combined TRACON& Tower with Radar,31,26,39,9,105,0,0,73,4,77,31,26,112,13,182,168,6,174,356
02/22/2021,COS,CO,ANM,WE,Combined TRACON& Tower with Radar,29,27,57,23,136,0,6,118,31,155,29,33,175,54,291,376,90,466,757
02/23/2021,COS,CO,ANM,WE,Combined TRACON& Tower with Radar,27,32,34,13,106,0,2,72,22,96,27,34,106,35,202,129,38,167,369
02/24/2021,COS,CO,ANM,WE,Combined TRACON& Tower with Radar,25,34,18,10,87,0,4,13,13,30,25,38,31,23,117,86,4,90,207
02/25/2021,COS,CO,ANM,WE,Combined TRACON& Tower with Radar,30,32,23,8,93,0,1,3,0,4,30,33,26,8,97,0,0,0,97
02/26/2021,COS,CO,ANM,WE,Combined TRACON& Tower with Radar,30,29,59,15,133,0,6,81,9,96,30,35,140,24,229,192,28,220,449
02/27/2021,COS,CO,ANM,WE,Combined TRACON& Tower with Radar,31,28,18,3,80,0,2,41,5,48,31,30,59,8,128,54,4,58,186
02/28/2021,COS,CO,ANM,WE,Combined TRACON& Tower with Radar,29,27,30,5,91,0,0,88,3,91,29,27,118,8,182,172,54,226,408
03/01/2021,COS,CO,ANM,WE,Combined TRACON& Tower with Radar,29,32,48,18,127,0,6,104,39,149,29,38,152,57,276,0,0,0,276
03/02/2021,COS,CO,ANM,WE,Combined TRACON& Tower with Radar,31,33,54,25,143,0,9,121,30,160,31,42,175,55,303,264,154,418,721
03/03/2021,COS,CO,ANM,WE,Combined TRACON& Tower with Radar,29,31,50,28,138,0,0,146,40,186,29,31,196,68,324,214,62,276,600
03/04/2021,COS,CO,ANM,WE,Combined TRACON& Tower with Radar,30,46,29,11,116,0,1,17,4,22,30,47,46,15,138,142,12,154,292
03/05/2021,COS,CO,ANM,WE,Combined TRACON& Tower with Radar,26,32,50,15,123,0,5,97,28,130,26,37,147,43,253,306,84,390,643
03/06/2021,COS,CO,ANM,WE,Combined TRACON& Tower with Radar,22,31,40,8,101,0,8,86,13,107,22,39,126,21,208,191,0,191,399
03/07/2021,COS,CO,ANM,WE,Combined TRACON& Tower with Radar,20,30,35,18,103,0,0,88,18,106,20,30,123,36,209,167,39,206,415
03/08/2021,COS,CO,ANM,WE,Combined TRACON& Tower with Radar,27,36,35,15,113,0,4,57,37,98,27,40,92,52,211,234,80,314,525
03/09/2021,COS,CO,ANM,WE,Combined TRACON& Tower with Radar,34,26,38,25,123,0,2,100,37,139,34,28,138,62,262,196,180,376,638
03/10/2021,COS,CO,ANM,WE,Combined TRACON& Tower with Radar,28,36,25,7,96,0,0,24,5,29,28,36,49,12,125,10,0,10,135
03/11/2021,COS,CO,ANM,WE,Combined TRACON& Tower with Radar,54,46,34,18,152,0,3,27,16,46,54,49,61,34,198,76,30,106,304
03/12/2021,COS,CO,ANM,WE,Combined TRACON& Tower with Radar,53,33,38,9,133,0,0,0,2,2,53,33,38,11,135,6,0,6,141
03/13/2021,COS,CO,ANM,WE,Combined TRACON& Tower with Radar,21,21,0,1,43,0,0,0,0,0,21,21,0,1,43,0,0,0,43
03/14/2021,COS,CO,ANM,WE,Combined TRACON& Tower with Radar,5,16,6,0,27,0,0,0,0,0,5,16,6,0,27,0,0,0,27
03/15/2021,COS,CO,ANM,WE,Combined TRACON& Tower with Radar,39,25,33,10,107,0,3,38,1,42,39,28,71,11,149,68,0,68,217
03/16/2021,COS,CO,ANM,WE,Combined TRACON& Tower with Radar,54,32,27,17,130,0,1,24,7,32,54,33,51,24,162,68,10,78,240
03/17/2021,COS,CO,ANM,WE,Combined TRACON& Tower with Radar,53,37,35,31,156,0,1,9,27,37,53,38,44,58,193,70,22,92,285
03/18/2021,COS,CO,ANM,WE,Combined TRACON& Tower with Radar,51,36,55,40,182,0,2,122,39,163,51,38,177,79,345,140,148,288,633
03/19/2021,COS,CO,ANM,WE,Combined TRACON& Tower with Radar,53,28,54,23,158,0,0,134,33,167,53,28,188,56,325,376,94,470,795
03/20/2021,COS,CO,ANM,WE,Combined TRACON& Tower with Radar,52,36,50,7,145,0,4,69,7,80,52,40,119,14,225,202,16,218,443
03/21/2021,COS,CO,ANM,WE,Combined TRACON& Tower with Radar,50,27,45,4,126,0,1,33,2,36,50,28,78,6,162,40,12,52,214
03/22/2021,COS,CO,ANM,WE,Combined TRACON& Tower with Radar,50,29,21,3,103,0,9,4,10,23,50,38,25,13,126,0,0,0,126
03/23/2021,COS,CO,ANM,WE,Combined TRACON& Tower with Radar,61,26,35,22,144,0,1,54,42,97,61,27,89,64,241,146,110,256,497
03/24/2021,COS,CO,ANM,WE,Combined TRACON& Tower with Radar,54,28,26,13,121,0,5,9,10,24,54,33,35,23,145,102,56,158,303
03/25/2021,COS,CO,ANM,WE,Combined TRACON& Tower with Radar,55,40,41,37,173,0,6,128,43,177,55,46,169,80,350,259,152,411,761
03/26/2021,COS,CO,ANM,WE,Combined TRACON& Tower with Radar,52,36,26,11,125,0,1,51,5,57,52,37,77,16,182,122,82,204,386
03/27/2021,COS,CO,ANM,WE,Combined TRACON& Tower with Radar,49,37,50,22,158,0,0,90,5,95,49,37,140,27,253,114,20,134,387
03/28/2021,COS,CO,ANM,WE,Combined TRACON& Tower with Radar,54,29,35,11,129,0,4,123,7,134,54,33,158,18,263,278,54,332,595
03/29/2021,COS,CO,ANM,WE,Combined TRACON& Tower with Radar,57,27,22,4,110,0,2,15,2,19,57,29,37,6,129,14,2,16,145
03/30/2021,COS,CO,ANM,WE,Combined TRACON& Tower with Radar,67,26,17,15,125,0,6,3,2,11,67,32,20,17,136,36,4,40,176
03/31/2021,COS,CO,ANM,WE,Combined TRACON& Tower with Radar,59,28,42,18,147,0,9,118,25,152,59,37,160,43,299,262,42,304,603
04/01/2021,COS,CO,ANM,WE,Combined TRACON& Tower with Radar,66,35,37,38,176,0,10,115,43,168,66,45,152,81,344,208,88,296,640
04/02/2021,COS,CO,ANM,WE,Combined TRACON& Tower with Radar,60,34,57,26,177,0,10,121,23,154,60,44,178,49,331,238,28,266,597
04/03/2021,COS,CO,ANM,WE,Combined TRACON& Tower with Radar,54,23,30,8,115,0,3,122,18,143,54,26,152,26,258,174,12,186,444
04/04/2021,COS,CO,ANM,WE,Combined TRACON& Tower with Radar,62,32,23,16,133,0,3,56,9,68,62,35,79,25,201,36,20,56,257
04/05/2021,COS,CO,ANM,WE,Combined TRACON& Tower with Radar,57,33,33,14,137,0,4,67,34,105,57,37,100,48,242,0,0,0,242
04/06/2021,COS,CO,ANM,WE,Combined TRACON& Tower with Radar,54,29,39,22,144,0,0,41,6,47,54,29,80,28,191,170,120,290,481
04/07/2021,COS,CO,ANM,WE,Combined TRACON& Tower with Radar,54,25,23,42,144,0,2,33,42,77,54,27,56,84,221,126,100,226,447
04/08/2021,COS,CO,ANM,WE,Combined TRACON& Tower with Radar,58,26,40,38,162,0,6,69,32,107,58,32,109,70,269,140,78,218,487
04/09/2021,COS,CO,ANM,WE,Combined TRACON& Tower with Radar,57,36,29,13,135,0,0,16,7,23,57,36,45,20,158,0,0,0,158
04/10/2021,COS,CO,ANM,WE,Combined TRACON& Tower with Radar,52,24,27,11,114,0,8,139,11,158,52,32,166,22,272,246,0,246,518
04/11/2021,COS,CO,ANM,WE,Combined TRACON& Tower with Radar,55,26,21,7,109,0,5,42,5,52,55,31,63,12,161,52,16,68,229
04/12/2021,COS,CO,ANM,WE,Combined TRACON& Tower with Radar,57,30,48,25,160,0,4,102,20,126,57,34,150,45,286,163,30,193,479
04/13/2021,COS,CO,ANM,WE,Combined TRACON& Tower with Radar,56,23,32,7,118,0,5,23,22,50,56,28,55,29,168,122,84,206,374
04/14/2021,COS,CO,ANM,WE,Combined TRACON& Tower with Radar,54,31,32,31,148,0,2,48,47,97,54,33,80,78,245,138,114,252,497
04/15/2021,COS,CO,ANM,WE,Combined TRACON& Tower with Radar,58,27,20,33,138,0,0,0,0,0,58,27,20,33,138,0,0,0,138
04/16/2021,COS,CO,ANM,WE,Combined TRACON& Tower with Radar,59,32,15,34,140,0,4,5,6,15,59,36,20,40,155,40,54,94,249
04/17/2021,COS,CO,ANM,WE,Combined TRACON& Tower with Radar,52,24,31,8,115,0,2,26,3,31,52,26,57,11,146,186,14,200,346
04/18/2021,COS,CO,ANM,WE,Combined TRACON& Tower with Radar,54,32,41,22,149,0,2,136,16,154,54,34,177,38,303,230,8,238,541
04/19/2021,COS,CO,ANM,WE,Combined TRACON& Tower with Radar,66,50,36,21,173,0,6,42,18,66,66,56,78,39,239,100,6,106,345
04/20/2021,COS,CO,ANM,WE,Combined TRACON& Tower with Radar,54,30,30,21,135,0,5,77,38,120,54,35,107,59,255,166,186,352,607
04/21/2021,COS,CO,ANM,WE,Combined TRACON& Tower with Radar,52,43,17,27,139,0,4,38,39,81,52,47,55,66,220,170,154,324,544
04/22/2021,COS,CO,ANM,WE,Combined TRACON& Tower with Radar,60,36,34,37,167,0,0,78,56,134,60,36,112,93,301,172,164,336,637
04/23/2021,COS,CO,ANM,WE,Combined TRACON& Tower with Radar,62,37,42,26,167,0,6,60,17,83,62,43,102,43,250,222,54,276,526
04/24/2021,COS,CO,ANM,WE,Combined TRACON& Tower with Radar,59,39,44,23,165,0,2,153,18,173,59,41,197,41,338,234,6,240,578
04/25/2021,COS,CO,ANM,WE,Combined TRACON& Tower with Radar,58,32,25,15,130,0,4,69,17,90,58,36,94,32,220,94,46,140,360
04/26/2021,COS,CO,ANM,WE,Combined TRACON& Tower with Radar,59,25,17,14,115,0,1,28,15,44,59,26,45,29,159,44,14,58,217
04/27/2021,COS,CO,ANM,WE,Combined TRACON& Tower with Radar,55,29,32,16,132,0,3,33,29,65,55,32,65,45,197,192,88,280,477
04/28/2021,COS,CO,ANM,WE,Combined TRACON& Tower with Radar,57,36,38,13,144,0,3,30,33,66,57,39,68,46,210,90,76,166,376
04/29/2021,COS,CO,ANM,WE,Combined TRACON& Tower with Radar,62,29,39,50,180,0,3,118,46,167,62,32,157,96,347,400,110,510,857
04/30/2021,COS,CO,ANM,WE,Combined TRACON& Tower with Radar,64,23,43,43,173,0,2,160,38,200,64,25,203,81,373,248,92,340,713
05/01/2021,COS,CO,ANM,WE,Combined TRACON& Tower with Radar,61,35,42,14,152,0,10,114,24,148,61,45,156,38,300,170,16,186,486
05/02/2021,COS,CO,ANM,WE,Combined TRACON& Tower with Radar,66,41,22,10,139,0,7,25,4,36,66,48,47,14,175,86,0,86,261
05/03/2021,COS,CO,ANM,WE,Combined TRACON& Tower with Radar,60,31,12,6,109,0,0,0,0,0,60,31,12,6,109,0,0,0,109
05/04/2021,COS,CO,ANM,WE,Combined TRACON& Tower with Radar,58,28,33,16,135,0,1,22,16,39,58,29,55,32,174,168,14,182,356
05/05/2021,COS,CO,ANM,WE,Combined TRACON& Tower with Radar,72,37,33,14,156,0,2,87,24,113,72,39,120,38,269,234,48,282,551
05/06/2021,COS,CO,ANM,WE,Combined TRACON& Tower with Radar,62,46,50,16,174,0,10,143,24,177,62,56,193,40,351,282,32,314,665
05/07/2021,COS,CO,ANM,WE,Combined TRACON& Tower with Radar,63,36,53,19,171,0,4,81,22,107,63,40,134,41,278,200,26,226,504
05/08/2021,COS,CO,ANM,WE,Combined TRACON& Tower with Radar,60,30,31,10,131,0,1,61,3,65,60,31,92,13,196,180,0,180,376
05/09/2021,COS,CO,ANM,WE,Combined TRACON& Tower with Radar,56,30,20,2,108,0,1,15,1,17,56,31,35,3,125,46,0,46,171
05/10/2021,COS,CO,ANM,WE,Combined TRACON& Tower with Radar,64,28,12,4,108,0,0,0,0,0,64,28,12,4,108,0,0,0,108
05/11/2021,COS,CO,ANM,WE,Combined TRACON& Tower with Radar,53,36,16,0,105,0,0,0,0,0,53,36,16,0,105,0,0,0,105
05/12/2021,COS,CO,ANM,WE,Combined TRACON& Tower with Radar,58,34,41,11,144,0,3,72,23,98,58,37,113,34,242,78,64,142,384
05/13/2021,COS,CO,ANM,WE,Combined TRACON& Tower with Radar,60,36,50,19,165,0,5,113,25,143,60,41,163,44,308,114,18,132,440
05/14/2021,COS,CO,ANM,WE,Combined TRACON& Tower with Radar,62,35,40,14,151,0,0,79,24,103,62,35,119,38,254,40,6,46,300
05/15/2021,COS,CO,ANM,WE,Combined TRACON& Tower with Radar,56,36,41,18,151,0,5,45,4,54,56,41,86,22,205,18,0,18,223
05/16/2021,COS,CO,ANM,WE,Combined TRACON& Tower with Radar,52,32,44,14,142,0,0,40,2,42,52,32,84,16,184,18,2,20,204
05/17/2021,COS,CO,ANM,WE,Combined TRACON& Tower with Radar,62,33,47,8,150,0,2,19,14,35,62,35,66,22,185,30,26,56,241
05/18/2021,COS,CO,ANM,WE,Combined TRACON& Tower with Radar,59,31,29,42,161,0,0,6,3,9,59,31,35,45,170,10,2,12,182
05/19/2021,COS,CO,ANM,WE,Combined TRACON& Tower with Radar,58,29,43,26,156,0,3,99,12,114,58,32,142,38,270,112,4,116,386
05/20/2021,COS,CO,ANM,WE,Combined TRACON& Tower with Radar,90,48,48,25,211,0,2,114,22,138,90,50,162,47,349,138,34,172,521
05/21/2021,COS,CO,ANM,WE,Combined TRACON& Tower with Radar,60,34,34,26,154,0,0,41,10,51,60,34,75,36,205,0,0,0,205
05/22/2021,COS,CO,ANM,WE,Combined TRACON& Tower with Radar,61,26,31,1,119,10,4,63,3,80,71,30,94,4,199,48,0,48,247
05/23/2021,COS,CO,ANM,WE,Combined TRACON& Tower with Radar,60,31,40,4,135,0,1,6,0,7,60,32,46,4,142,0,0,0,142
05/24/2021,COS,CO,ANM,WE,Combined TRACON& Tower with Radar,59,41,36,36,172,8,6,119,12,145,67,47,155,48,317,86,8,94,411
05/25/2021,COS,CO,ANM,WE,Combined TRACON& Tower with Radar,60,30,34,14,138,0,2,108,26,136,60,32,142,40,274,96,8,104,378
05/26/2021,COS,CO,ANM,WE,Combined TRACON& Tower with Radar,66,31,50,33,180,0,1,37,9,47,66,32,87,42,227,106,18,124,351
05/27/2021,COS,CO,ANM,WE,Combined TRACON& Tower with Radar,62,28,50,11,151,0,7,110,26,143,62,35,160,37,294,168,102,270,564
05/28/2021,COS,CO,ANM,WE,Combined TRACON& Tower with Radar,60,32,66,19,177,0,0,94,5,99,60,32,160,24,276,132,6,138,414
05/29/2021,COS,CO,ANM,WE,Combined TRACON& Tower with Radar,57,22,16,2,97,0,0,59,3,62,57,22,75,5,159,146,0,146,305
05/30/2021,COS,CO,ANM,WE,Combined TRACON& Tower with Radar,57,49,19,2,127,0,0,12,0,12,57,49,31,2,139,38,18,56,195
05/31/2021,COS,CO,ANM,WE,Combined TRACON& Tower with Radar,57,40,57,0,154,0,0,0,0,0,57,40,57,0,154,0,0,0,154
06/01/2021,COS,CO,ANM,WE,Combined TRACON& Tower with Radar,60,32,50,14,156,0,0,65,17,82,60,32,115,31,238,24,10,34,272
06/02/2021,COS,CO,ANM,WE,Combined TRACON& Tower with Radar,62,30,45,24,161,0,8,119,19,146,62,38,164,43,307,226,26,252,559
06/03/2021,COS,CO,ANM,WE,Combined TRACON& Tower with Radar,62,43,49,13,167,0,3,100,19,122,62,46,149,32,289,200,10,210,499
06/04/2021,COS,CO,ANM,WE,Combined TRACON& Tower with Radar,64,30,56,26,176,0,4,136,24,164,64,34,192,50,340,60,26,86,426
06/05/2021,COS,CO,ANM,WE,Combined TRACON& Tower with Radar,60,40,45,25,170,0,10,120,3,133,60,50,165,28,303,72,0,72,375
06/06/2021,COS,CO,ANM,WE,Combined TRACON& Tower with Radar,67,37,31,8,143,0,2,52,3,57,67,39,83,11,200,62,8,70,270
06/07/2021,COS,CO,ANM,WE,Combined TRACON& Tower with Radar,64,46,35,13,158,0,4,76,24,104,64,50,111,37,262,112,18,130,392
06/08/2021,COS,CO,ANM,WE,Combined TRACON& Tower with Radar,65,48,54,31,198,0,1,129,29,159,65,49,183,60,357,160,58,218,575
06/09/2021,COS,CO,ANM,WE,Combined TRACON& Tower with Radar,66,48,49,37,200,0,6,111,29,146,66,54,160,66,346,160,32,192,538
06/10/2021,COS,CO,ANM,WE,Combined TRACON& Tower with Radar,59,41,43,32,175,0,3,76,39,118,59,44,119,71,293,84,38,122,415
06/11/2021,COS,CO,ANM,WE,Combined TRACON& Tower with Radar,60,42,49,15,166,0,1,59,32,92,60,43,108,47,258,66,16,82,340
06/12/2021,COS,CO,ANM,WE,Combined TRACON& Tower with Radar,49,39,35,26,149,0,2,119,10,131,49,41,154,36,280,54,26,80,360
06/13/2021,COS,CO,ANM,WE,Combined TRACON& Tower with Radar,48,39,60,2,149,0,0,77,14,91,48,39,137,16,240,58,20,78,318
06/14/2021,COS,CO,ANM,WE,Combined TRACON& Tower with Radar,56,47,41,21,165,0,3,93,27,123,56,50,134,48,288,216,30,246,534
06/15/2021,COS,CO,ANM,WE,Combined TRACON& Tower with Radar,52,40,50,15,157,0,12,116,23,151,52,52,166,38,308,154,8,162,470
06/16/2021,COS,CO,ANM,WE,Combined TRACON& Tower with Radar,61,43,45,21,170,0,7,98,31,136,61,50,143,52,306,86,44,130,436
06/17/2021,COS,CO,ANM,WE,Combined TRACON& Tower with Radar,71,62,38,10,181,0,7,98,16,121,71,69,136,26,302,96,18,114,416
06/18/2021,COS,CO,ANM,WE,Combined TRACON& Tower with Radar,61,53,40,27,181,0,7,92,7,106,61,60,132,34,287,74,14,88,375
06/19/2021,COS,CO,ANM,WE,Combined TRACON& Tower with Radar,57,46,47,3,153,0,6,99,10,115,57,52,146,13,268,78,2,80,348
06/20/2021,COS,CO,ANM,WE,Combined TRACON& Tower with Radar,54,53,33,8,148,0,5,57,6,68,54,58,90,14,216,46,12,58,274
06/21/2021,COS,CO,ANM,WE,Combined TRACON& Tower with Radar,58,34,78,9,179,0,2,25,8,35,58,36,103,17,214,110,24,134,348
06/22/2021,COS,CO,ANM,WE,Combined TRACON& Tower with Radar,64,35,46,24,169,0,3,117,21,141,64,38,163,45,310,132,26,158,468
06/23/2021,COS,CO,ANM,WE,Combined TRACON& Tower with Radar,63,52,50,13,178,3,10,94,30,137,66,62,144,43,315,126,34,160,475
06/24/2021,COS,CO,ANM,WE,Combined TRACON& Tower with Radar,70,56,47,16,189,0,11,64,26,101,70,67,111,42,290,58,16,74,364
06/25/2021,COS,CO,ANM,WE,Combined TRACON& Tower with Radar,85,41,49,31,206,0,0,94,15,109,85,41,143,46,315,110,10,120,435
06/26/2021,COS,CO,ANM,WE,Combined TRACON& Tower with Radar,64,46,40,10,160,0,2,34,5,41,64,48,74,15,201,82,8,90,291
06/27/2021,COS,CO,ANM,WE,Combined TRACON& Tower with Radar,54,39,40,5,138,0,2,46,6,54,54,41,86,11,192,88,46,134,326
06/28/2021,COS,CO,ANM,WE,Combined TRACON& Tower with Radar,61,46,60,16,183,0,8,72,14,94,61,54,132,30,277,158,56,214,491
06/29/2021,COS,CO,ANM,WE,Combined TRACON& Tower with Radar,60,42,40,36,178,0,0,86,18,104,60,42,126,54,282,258,18,276,558
06/30/2021,COS,CO,ANM,WE,Combined TRACON& Tower with Radar,58,48,72,20,198,0,6,117,23,146,58,54,189,43,344,54,12,66,410
07/01/2021,COS,CO,ANM,WE,Combined TRACON& Tower with Radar,68,40,52,11,171,0,2,64,15,81,68,42,116,26,252,30,0,30,282
07/02/2021,COS,CO,ANM,WE,Combined TRACON& Tower with Radar,63,46,60,4,173,0,0,16,3,19,63,46,76,7,192,52,0,52,244
07/03/2021,COS,CO,ANM,WE,Combined TRACON& Tower with Radar,54,41,39,7,141,0,10,101,3,114,54,51,140,10,255,158,0,158,413
07/04/2021,COS,CO,ANM,WE,Combined TRACON& Tower with Radar,53,30,14,0,97,0,12,47,0,59,53,42,61,0,156,96,10,106,262
07/05/2021,COS,CO,ANM,WE,Combined TRACON& Tower with Radar,59,40,48,1,148,0,3,81,16,100,59,43,129,17,248,106,36,142,390
07/06/2021,COS,CO,ANM,WE,Combined TRACON& Tower with Radar,64,40,37,13,154,0,5,54,10,69,64,45,91,23,223,62,12,74,297
07/07/2021,COS,CO,ANM,WE,Combined TRACON& Tower with Radar,62,44,47,25,178,0,4,121,10,135,62,48,168,35,313,256,8,264,577
07/08/2021,COS,CO,ANM,WE,Combined TRACON& Tower with Radar,66,56,56,31,209,0,12,71,21,104,66,68,127,52,313,120,12,132,445
07/09/2021,COS,CO,ANM,WE,Combined TRACON& Tower with Radar,63,44,78,22,207,0,4,102,11,117,63,48,180,33,324,120,30,150,474
07/10/2021,COS,CO,ANM,WE,Combined TRACON& Tower with Radar,54,44,44,13,155,1,3,70,3,77,55,47,114,16,232,36,0,36,268
07/11/2021,COS,CO,ANM,WE,Combined TRACON& Tower with Radar,55,39,54,5,153,0,5,90,1,96,55,44,144,6,249,138,28,166,415
07/12/2021,COS,CO,ANM,WE,Combined TRACON& Tower with Radar,63,41,55,9,168,0,6,92,13,111,63,47,147,22,279,102,14,116,395
07/13/2021,COS,CO,ANM,WE,Combined TRACON& Tower with Radar,64,45,47,14,170,0,6,85,12,103,64,51,132,26,273,76,8,84,357
07/14/2021,COS,CO,ANM,WE,Combined TRACON& Tower with Radar,57,50,69,8,184,0,7,73,22,102,57,57,142,30,286,70,12,82,368
07/15/2021,COS,CO,ANM,WE,Combined TRACON& Tower with Radar,56,48,57,14,175,0,5,102,18,125,56,53,159,32,300,92,16,108,408
07/16/2021,COS,CO,ANM,WE,Combined TRACON& Tower with Radar,64,55,48,18,185,0,9,77,9,95,64,64,125,27,280,118,20,138,418
07/17/2021,COS,CO,ANM,WE,Combined TRACON& Tower with Radar,58,41,39,6,144,0,3,84,10,97,58,44,123,16,241,84,38,122,363
07/18/2021,COS,CO,ANM,WE,Combined TRACON& Tower with Radar,52,45,56,6,159,0,4,80,2,86,52,49,136,8,245,84,0,84,329
07/19/2021,COS,CO,ANM,WE,Combined TRACON& Tower with Radar,63,47,45,16,171,0,2,83,23,108,63,49,128,39,279,170,64,234,513
07/20/2021,COS,CO,ANM,WE,Combined TRACON& Tower with Radar,65,46,56,34,201,0,16,105,30,151,65,62,161,64,352,154,62,216,568
07/21/2021,COS,CO,ANM,WE,Combined TRACON& Tower with Radar,62,46,52,14,174,0,14,80,14,108,62,60,132,28,282,172,24,196,478
07/22/2021,COS,CO,ANM,WE,Combined TRACON& Tower with Radar,81,39,51,31,202,0,6,64,9,79,81,45,115,40,281,112,2,114,395
07/23/2021,COS,CO,ANM,WE,Combined TRACON& Tower with Radar,60,47,35,36,178,0,4,75,11,90,60,51,110,47,268,132,36,168,436
07/24/2021,COS,CO,ANM,WE,Combined TRACON& Tower with Radar,55,48,42,3,148,0,2,57,2,61,55,50,99,5,209,144,0,144,353
07/25/2021,COS,CO,ANM,WE,Combined TRACON& Tower with Radar,55,44,54,1,154,0,4,38,2,44,55,48,92,3,198,82,22,104,302
07/26/2021,COS,CO,ANM,WE,Combined TRACON& Tower with Radar,62,46,40,11,159,0,4,87,18,109,62,50,127,29,268,176,22,198,466
07/27/2021,COS,CO,ANM,WE,Combined TRACON& Tower with Radar,64,39,37,17,157,0,9,77,16,102,64,48,114,33,259,156,4,160,419
07/28/2021,COS,CO,ANM,WE,Combined TRACON& Tower with Radar,64,54,62,13,193,0,8,74,15,97,64,62,136,28,290,70,2,72,362
07/29/2021,COS,CO,ANM,WE,Combined TRACON& Tower with Radar,60,45,50,26,181,0,5,81,27,113,60,50,131,53,294,166,6,172,466
07/30/2021,COS,CO,ANM,WE,Combined TRACON& Tower with Radar,76,67,77,18,238,0,6,82,15,103,76,73,159,33,341,74,12,86,427
07/31/2021,COS,CO,ANM,WE,Combined TRACON& Tower with Radar,53,47,38,4,142,0,4,30,9,43,53,51,68,13,185,26,0,26,211
08/01/2021,COS,CO,ANM,WE,Combined TRACON& Tower with Radar,44,91,82,5,222,0,4,12,6,22,44,95,94,11,244,94,0,94,338
08/02/2021,COS,CO,ANM,WE,Combined TRACON& Tower with Radar,61,56,44,10,171,0,6,67,5,78,61,62,111,15,249,92,0,92,341
08/03/2021,COS,CO,ANM,WE,Combined TRACON& Tower with Radar,58,54,34,23,169,0,2,44,20,66,58,56,78,43,235,124,8,132,367
08/04/2021,COS,CO,ANM,WE,Combined TRACON& Tower with Radar,61,43,57,24,185,0,10,66,19,95,61,53,123,43,280,88,28,116,396
08/05/2021,COS,CO,ANM,WE,Combined TRACON& Tower with Radar,63,48,57,17,185,0,2,105,13,120,63,50,162,30,305,146,42,188,493
08/06/2021,COS,CO,ANM,WE,Combined TRACON& Tower with Radar,80,68,51,19,218,0,13,84,11,108,80,81,135,30,326,158,16,174,500
08/07/2021,COS,CO,ANM,WE,Combined TRACON& Tower with Radar,51,52,57,12,172,0,6,72,8,86,51,58,129,20,258,70,12,82,340
08/08/2021,COS,CO,ANM,WE,Combined TRACON& Tower with Radar,49,64,83,6,202,0,1,47,4,52,49,65,130,10,254,92,30,122,376
08/09/2021,COS,CO,ANM,WE,Combined TRACON& Tower with Radar,55,61,53,15,184,0,9,65,9,83,55,70,118,24,267,114,8,122,389
08/10/2021,COS,CO,ANM,WE,Combined TRACON& Tower with Radar,69,52,61,24,206,0,4,107,16,127,69,56,168,40,333,128,10,138,471
08/11/2021,COS,CO,ANM,WE,Combined TRACON& Tower with Radar,64,53,58,22,197,0,1,100,36,137,64,54,158,58,334,190,46,236,570
08/12/2021,COS,CO,ANM,WE,Combined TRACON& Tower with Radar,58,54,54,20,186,0,5,81,31,117,58,59,135,51,303,142,54,196,499
08/13/2021,COS,CO,ANM,WE,Combined TRACON& Tower with Radar,65,53,60,33,211,0,4,89,27,120,65,57,149,60,331,137,101,238,569
08/14/2021,COS,CO,ANM,WE,Combined TRACON& Tower with Radar,50,38,43,7,138,0,14,98,13,125,50,52,141,20,263,130,10,140,403
08/15/2021,COS,CO,ANM,WE,Combined TRACON& Tower with Radar,47,53,55,2,157,0,9,63,3,75,47,62,118,5,232,64,18,82,314
08/16/2021,COS,CO,ANM,WE,Combined TRACON& Tower with Radar,60,42,63,12,177,0,12,81,21,114,60,54,144,33,291,248,6,254,545
08/17/2021,COS,CO,ANM,WE,Combined TRACON& Tower with Radar,50,43,31,22,146,0,7,57,19,83,50,50,88,41,229,210,25,235,464
08/18/2021,COS,CO,ANM,WE,Combined TRACON& Tower with Radar,55,52,58,33,198,0,7,85,32,124,55,59,143,65,322,158,36,194,516
08/19/2021,COS,CO,ANM,WE,Combined TRACON& Tower with Radar,86,59,57,37,239,0,8,62,36,106,86,67,119,73,345,144,44,188,533
08/20/2021,COS,CO,ANM,WE,Combined TRACON& Tower with Radar,58,53,61,9,181,0,12,105,15,132,58,65,166,24,313,144,36,180,493
08/21/2021,COS,CO,ANM,WE,Combined TRACON& Tower with Radar,54,54,43,8,159,0,16,82,7,105,54,70,125,15,264,134,6,140,404
08/22/2021,COS,CO,ANM,WE,Combined TRACON& Tower with Radar,49,66,67,4,186,0,7,94,8,109,49,73,161,12,295,96,24,120,415
08/23/2021,COS,CO,ANM,WE,Combined TRACON& Tower with Radar,56,49,61,16,182,0,7,87,17,111,56,56,148,33,293,188,18,206,499
08/24/2021,COS,CO,ANM,WE,Combined TRACON& Tower with Radar,58,45,49,15,167,0,5,96,26,127,58,50,145,41,294,112,12,124,418
08/25/2021,COS,CO,ANM,WE,Combined TRACON& Tower with Radar,61,47,66,19,193,3,11,105,24,143,64,58,171,43,336,164,48,212,548
08/26/2021,COS,CO,ANM,WE,Combined TRACON& Tower with Radar,63,40,49,20,172,0,0,72,18,90,63,40,121,38,262,204,54,258,520
08/27/2021,COS,CO,ANM,WE,Combined TRACON& Tower with Radar,60,50,52,38,200,0,10,98,28,136,60,60,150,66,336,126,88,214,550
08/28/2021,COS,CO,ANM,WE,Combined TRACON& Tower with Radar,54,43,33,6,136,0,4,94,10,108,54,47,127,16,244,157,0,157,401
08/29/2021,COS,CO,ANM,WE,Combined TRACON& Tower with Radar,46,47,40,8,141,0,3,53,6,62,46,50,93,14,203,182,16,198,401
08/30/2021,COS,CO,ANM,WE,Combined TRACON& Tower with Radar,66,57,54,36,213,7,15,104,22,148,73,72,158,58,361,208,56,264,625
08/31/2021,COS,CO,ANM,WE,Combined TRACON& Tower with Radar,60,41,40,27,168,0,19,78,31,128,60,60,118,58,296,208,66,274,570
09/01/2021,COS,CO,ANM,WE,Combined TRACON& Tower with Radar,60,54,45,27,186,0,5,87,37,129,60,59,132,64,315,188,48,236,551
09/02/2021,COS,CO,ANM,WE,Combined TRACON& Tower with Radar,72,53,65,18,208,2,6,70,29,107,74,59,135,47,315,118,52,170,485
09/03/2021,COS,CO,ANM,WE,Combined TRACON& Tower with Radar,101,68,57,9,235,0,2,84,19,105,101,70,141,28,340,188,28,216,556
09/04/2021,COS,CO,ANM,WE,Combined TRACON& Tower with Radar,49,40,45,4,138,0,4,117,16,137,49,44,162,20,275,128,20,148,423
09/05/2021,COS,CO,ANM,WE,Combined TRACON& Tower with Radar,44,41,41,0,126,0,16,96,13,125,44,57,137,13,251,122,28,150,401
09/06/2021,COS,CO,ANM,WE,Combined TRACON& Tower with Radar,57,43,51,5,156,0,6,104,13,123,57,49,155,18,279,118,0,118,397
09/07/2021,COS,CO,ANM,WE,Combined TRACON& Tower with Radar,56,55,72,24,207,0,7,85,22,114,56,62,157,46,321,212,6,218,539
09/08/2021,COS,CO,ANM,WE,Combined TRACON& Tower with Radar,63,62,46,26,197,0,6,88,17,111,63,68,134,43,308,216,28,244,552
09/09/2021,COS,CO,ANM,WE,Combined TRACON& Tower with Radar,62,53,73,24,212,0,9,84,31,124,62,62,157,55,336,142,50,192,528
09/10/2021,COS,CO,ANM,WE,Combined TRACON& Tower with Radar,59,60,69,31,219,0,7,99,17,123,59,67,168,48,342,114,70,184,526
09/11/2021,COS,CO,ANM,WE,Combined TRACON& Tower with Radar,50,51,41,14,156,0,3,87,12,102,50,54,128,26,258,66,0,66,324
09/12/2021,COS,CO,ANM,WE,Combined TRACON& Tower with Radar,56,44,58,25,183,0,4,81,12,97,56,48,139,37,280,75,16,91,371
09/13/2021,COS,CO,ANM,WE,Combined TRACON& Tower with Radar,62,51,46,32,191,0,7,72,30,109,62,58,118,62,300,136,82,218,518
09/14/2021,COS,CO,ANM,WE,Combined TRACON& Tower with Radar,60,47,45,30,182,0,7,65,33,105,60,54,110,63,287,0,0,0,287
09/15/2021,COS,CO,ANM,WE,Combined TRACON& Tower with Radar,60,42,54,28,184,0,5,142,41,188,60,47,196,69,372,284,76,360,732
09/16/2021,COS,CO,ANM,WE,Combined TRACON& Tower with Radar,65,37,61,29,192,0,9,97,40,146,65,46,158,69,338,106,24,130,468
09/17/2021,COS,CO,ANM,WE,Combined TRACON& Tower with Radar,62,33,50,58,203,0,8,76,17,101,62,41,126,75,304,0,0,0,304
09/18/2021,COS,CO,ANM,WE,Combined TRACON& Tower with Radar,47,38,52,22,159,0,8,103,24,135,47,46,155,46,294,130,36,166,460
09/19/2021,COS,CO,ANM,WE,Combined TRACON& Tower with Radar,54,45,43,27,169,0,6,37,9,52,54,51,80,36,221,56,30,86,307
09/20/2021,COS,CO,ANM,WE,Combined TRACON& Tower with Radar,58,39,57,49,203,0,9,73,17,99,58,48,130,66,302,90,38,128,430
09/21/2021,COS,CO,ANM,WE,Combined TRACON& Tower with Radar,59,34,63,25,181,2,4,93,21,120,61,38,156,46,301,222,22,244,545
09/22/2021,COS,CO,ANM,WE,Combined TRACON& Tower with Radar,63,47,42,28,180,0,11,120,34,165,63,58,162,62,345,186,64,250,595
09/23/2021,COS,CO,ANM,WE,Combined TRACON& Tower with Radar,64,53,70,46,233,0,6,104,32,142,64,59,174,78,375,304,56,360,735
09/24/2021,COS,CO,ANM,WE,Combined TRACON& Tower with Radar,60,43,59,10,172,0,8,114,20,142,60,51,173,30,314,223,22,245,559
09/25/2021,COS,CO,ANM,WE,Combined TRACON& Tower with Radar,47,40,40,9,136,0,13,118,29,160,47,53,158,38,296,247,26,273,569
09/26/2021,COS,CO,ANM,WE,Combined TRACON& Tower with Radar,49,60,59,13,181,0,11,70,26,107,49,71,129,39,288,128,16,144,432
09/27/2021,COS,CO,ANM,WE,Combined TRACON& Tower with Radar,57,46,60,8,171,0,8,63,13,84,57,54,123,21,255,126,22,148,403
09/28/2021,COS,CO,ANM,WE,Combined TRACON& Tower with Radar,57,42,62,8,169,0,6,68,8,82,57,48,130,16,251,184,0,184,435
09/29/2021,COS,CO,ANM,WE,Combined TRACON& Tower with Radar,61,41,62,13,177,0,0,61,22,83,61,41,123,35,260,224,38,262,522
09/30/2021,COS,CO,ANM,WE,Combined TRACON& Tower with Radar,56,54,73,14,197,0,2,46,39,87,56,56,119,53,284,222,184,406,690
10/01/2021,COS,CO,ANM,WE,Combined TRACON& Tower with Radar,61,57,52,37,207,0,10,52,12,74,61,67,104,49,281,180,120,300,581
10/02/2021,COS,CO,ANM,WE,Combined TRACON& Tower with Radar,48,71,57,9,185,0,12,92,16,120,48,83,149,25,305,182,22,204,509
10/03/2021,COS,CO,ANM,WE,Combined TRACON& Tower with Radar,45,48,49,12,154,0,4,73,16,93,45,52,122,28,247,40,18,58,305
10/04/2021,COS,CO,ANM,WE,Combined TRACON& Tower with Radar,60,66,57,3,186,0,0,105,8,113,60,66,162,11,299,154,20,174,473
10/05/2021,COS,CO,ANM,WE,Combined TRACON& Tower with Radar,55,64,53,27,199,0,6,126,26,158,55,70,179,53,357,154,46,200,557
10/06/2021,COS,CO,ANM,WE,Combined TRACON& Tower with Radar,57,41,80,18,196,0,8,94,10,112,57,49,174,28,308,152,26,178,486
10/07/2021,COS,CO,ANM,WE,Combined TRACON& Tower with Radar,60,40,63,20,183,0,7,103,19,129,60,47,166,39,312,230,98,328,640
10/08/2021,COS,CO,ANM,WE,Combined TRACON& Tower with Radar,56,46,86,9,197,0,3,87,40,130,56,49,173,49,327,0,0,0,327
10/09/2021,COS,CO,ANM,WE,Combined TRACON& Tower with Radar,41,43,27,0,111,0,6,22,5,33,41,49,49,5,144,20,0,20,164
10/10/2021,COS,CO,ANM,WE,Combined TRACON& Tower with Radar,36,37,71,5,149,0,4,123,15,142,36,41,194,20,291,156,18,174,465
10/11/2021,COS,CO,ANM,WE,Combined TRACON& Tower with Radar,50,40,49,0,139,0,5,64,5,74,50,45,113,5,213,176,12,188,401
10/12/2021,COS,CO,ANM,WE,Combined TRACON& Tower with Radar,59,42,21,25,147,0,0,17,17,34,59,42,38,42,181,18,48,66,247
10/13/2021,COS,CO,ANM,WE,Combined TRACON& Tower with Radar,60,51,69,22,202,0,10,89,22,121,60,61,158,44,323,228,40,268,591
10/14/2021,COS,CO,ANM,WE,Combined TRACON& Tower with Radar,58,41,36,20,155,0,1,36,23,60,58,42,72,43,215,164,60,224,439
10/15/2021,COS,CO,ANM,WE,Combined TRACON& Tower with Radar,61,43,51,22,177,0,9,136,31,176,61,52,187,53,353,272,138,410,763
10/16/2021,COS,CO,ANM,WE,Combined TRACON& Tower with Radar,49,34,27,9,119,0,10,136,8,154,49,44,163,17,273,178,2,180,453
10/17/2021,COS,CO,ANM,WE,Combined TRACON& Tower with Radar,48,39,40,17,144,0,4,128,5,137,48,43,168,22,281,190,32,222,503
10/18/2021,COS,CO,ANM,WE,Combined TRACON& Tower with Radar,64,34,42,40,180,0,3,116,19,138,64,37,158,59,318,204,64,268,586
10/19/2021,COS,CO,ANM,WE,Combined TRACON& Tower with Radar,56,43,34,10,143,0,5,37,5,47,56,48,71,15,190,54,14,68,258
10/20/2021,COS,CO,ANM,WE,Combined TRACON& Tower with Radar,58,49,41,14,162,0,4,109,26,139,58,53,150,40,301,230,110,340,641
10/21/2021,COS,CO,ANM,WE,Combined TRACON& Tower with Radar,55,43,51,14,163,0,7,97,50,154,55,50,148,64,317,166,144,310,627
10/22/2021,COS,CO,ANM,WE,Combined TRACON& Tower with Radar,57,33,47,28,165,0,12,91,25,128,57,45,138,53,293,282,194,476,769
10/23/2021,COS,CO,ANM,WE,Combined TRACON& Tower with Radar,49,36,45,19,149,0,9,84,13,106,49,45,129,32,255,122,4,126,381
10/24/2021,COS,CO,ANM,WE,Combined TRACON& Tower with Radar,48,40,58,21,167,0,9,56,4,69,48,49,114,25,236,32,4,36,272
10/25/2021,COS,CO,ANM,WE,Combined TRACON& Tower with Radar,65,51,38,17,171,0,16,62,32,110,65,67,100,49,281,184,96,280,561
10/26/2021,COS,CO,ANM,WE,Combined TRACON& Tower with Radar,57,31,19,12,119,0,3,22,7,32,57,34,41,19,151,38,20,58,209
10/27/2021,COS,CO,ANM,WE,Combined TRACON& Tower with Radar,61,40,40,29,170,0,10,31,22,63,61,50,71,51,233,78,78,156,389
10/28/2021,COS,CO,ANM,WE,Combined TRACON& Tower with Radar,56,38,41,26,161,0,6,92,35,133,56,44,133,61,294,262,80,342,636
10/29/2021,COS,CO,ANM,WE,Combined TRACON& Tower with Radar,58,35,50,14,157,0,10,119,21,150,58,45,169,35,307,234,118,352,659
10/30/2021,COS,CO,ANM,WE,Combined TRACON& Tower with Radar,48,27,48,6,129,0,13,109,9,131,48,40,157,15,260,192,28,220,480
10/31/2021,COS,CO,ANM,WE,Combined TRACON& Tower with Radar,36,47,62,6,151,0,2,0,0,2,36,49,62,6,153,0,0,0,153
11/01/2021,COS,CO,ANM,WE,Combined TRACON& Tower with Radar,54,47,46,19,166,0,2,39,4,45,54,49,85,23,211,258,10,268,479
11/02/2021,COS,CO,ANM,WE,Combined TRACON& Tower with Radar,52,47,23,15,137,0,2,0,5,7,52,49,23,20,144,68,18,86,230
11/03/2021,COS,CO,ANM,WE,Combined TRACON& Tower with Radar,53,57,73,15,198,0,8,122,13,143,53,65,195,28,341,260,36,296,637
11/04/2021,COS,CO,ANM,WE,Combined TRACON& Tower with Radar,56,36,52,29,173,0,6,149,33,188,56,42,201,62,361,194,108,302,663
11/05/2021,COS,CO,ANM,WE,Combined TRACON& Tower with Radar,55,52,53,37,197,0,9,107,10,126,55,61,160,47,323,209,36,245,568
11/06/2021,COS,CO,ANM,WE,Combined TRACON& Tower with Radar,44,43,36,9,132,0,11,111,19,141,44,54,147,28,273,219,10,229,502
11/07/2021,COS,CO,ANM,WE,Combined TRACON& Tower with Radar,39,36,39,14,128,0,3,73,7,83,39,39,112,21,211,178,2,180,391
11/08/2021,COS,CO,ANM,WE,Combined TRACON& Tower with Radar,51,42,50,21,164,0,14,80,28,122,51,56,130,49,286,274,32,306,592
11/09/2021,COS,CO,ANM,WE,Combined TRACON& Tower with Radar,47,33,38,28,146,0,10,100,40,150,47,43,138,68,296,248,114,362,658
11/10/2021,COS,CO,ANM,WE,Combined TRACON& Tower with Radar,48,35,40,40,163,0,2,46,26,74,48,37,86,66,237,98,56,154,391
11/11/2021,COS,CO,ANM,WE,Combined TRACON& Tower with Radar,47,39,45,0,131,0,6,69,30,105,47,45,114,30,236,131,20,151,387
11/12/2021,COS,CO,ANM,WE,Combined TRACON& Tower with Radar,50,33,54,19,156,0,8,110,44,162,50,41,164,63,318,284,102,386,704
11/13/2021,COS,CO,ANM,WE,Combined TRACON& Tower with Radar,39,39,23,9,110,0,2,70,30,102,39,41,93,39,212,214,48,262,474
11/14/2021,COS,CO,ANM,WE,Combined TRACON& Tower with Radar,43,38,41,13,135,0,11,59,21,91,43,49,100,34,226,172,54,226,452
11/15/2021,COS,CO,ANM,WE,Combined TRACON& Tower with Radar,55,36,55,15,161,0,5,120,33,158,55,41,175,48,319,280,120,400,719
11/16/2021,COS,CO,ANM,WE,Combined TRACON& Tower with Radar,46,31,32,15,124,0,5,53,21,79,46,36,85,36,203,96,26,122,325
11/17/2021,COS,CO,ANM,WE,Combined TRACON& Tower with Radar,49,43,37,25,154,0,13,93,25,131,49,56,130,50,285,300,74,374,659
11/18/2021,COS,CO,ANM,WE,Combined TRACON& Tower with Radar,46,39,43,18,146,0,11,106,31,148,46,50,149,49,294,152,54,206,500
11/19/2021,COS,CO,ANM,WE,Combined TRACON& Tower with Radar,52,42,46,14,154,0,5,82,24,111,52,47,128,38,265,66,40,106,371
11/20/2021,COS,CO,ANM,WE,Combined TRACON& Tower with Radar,44,33,27,9,113,0,6,67,14,87,44,39,94,23,200,186,42,228,428
11/21/2021,COS,CO,ANM,WE,Combined TRACON& Tower with Radar,41,36,38,13,128,0,6,88,0,94,41,42,126,13,222,298,0,298,520
11/22/2021,COS,CO,ANM,WE,Combined TRACON& Tower with Radar,52,39,37,32,160,0,12,89,28,129,52,51,126,60,289,318,56,374,663
11/23/2021,COS,CO,ANM,WE,Combined TRACON& Tower with Radar,55,44,63,22,184,0,4,62,18,84,55,48,125,40,268,132,84,216,484
11/24/2021,COS,CO,ANM,WE,Combined TRACON& Tower with Radar,60,31,35,0,126,0,6,7,1,14,60,37,42,1,140,6,0,6,146
11/25/2021,COS,CO,ANM,WE,Combined TRACON& Tower with Radar,33,23,11,0,67,0,9,13,3,25,33,32,24,3,92,0,0,0,92
11/26/2021,COS,CO,ANM,WE,Combined TRACON& Tower with Radar,53,39,31,1,124,0,8,73,7,88,53,47,104,8,212,206,42,248,460
11/27/2021,COS,CO,ANM,WE,Combined TRACON& Tower with Radar,47,37,32,3,119,0,6,74,8,88,47,43,106,11,207,204,10,214,421
11/28/2021,COS,CO,ANM,WE,Combined TRACON& Tower with Radar,55,43,58,3,159,0,9,115,12,136,55,52,173,15,295,234,24,258,553
11/29/2021,COS,CO,ANM,WE,Combined TRACON& Tower with Radar,63,32,40,18,153,0,3,95,18,116,63,35,135,36,269,258,24,282,551
11/30/2021,COS,CO,ANM,WE,Combined TRACON& Tower with Radar,45,34,36,34,149,0,14,91,21,126,45,48,127,55,275,138,50,188,463
12/01/2021,COS,CO,ANM,WE,Combined TRACON& Tower with Radar,50,34,47,21,152,0,11,122,20,153,50,45,169,41,305,302,64,366,671
12/02/2021,COS,CO,ANM,WE,Combined TRACON& Tower with Radar,48,42,37,12,139,0,7,127,20,154,48,49,164,32,293,204,36,240,533
12/03/2021,COS,CO,ANM,WE,Combined TRACON& Tower with Radar,54,39,38,43,174,0,6,118,13,137,54,45,156,56,311,230,94,324,635
12/04/2021,COS,CO,ANM,WE,Combined TRACON& Tower with Radar,40,37,42,10,129,0,11,128,14,153,40,48,170,24,282,204,8,212,494
12/05/2021,COS,CO,ANM,WE,Combined TRACON& Tower with Radar,41,30,24,10,105,0,2,23,0,25,41,32,47,10,130,11,10,21,151
12/06/2021,COS,CO,ANM,WE,Combined TRACON& Tower with Radar,50,35,31,15,131,0,4,65,13,82,50,39,96,28,213,174,16,190,403
12/07/2021,COS,CO,ANM,WE,Combined TRACON& Tower with Radar,52,36,42,13,143,0,2,69,24,95,52,38,111,37,238,206,34,240,478
12/08/2021,COS,CO,ANM,WE,Combined TRACON& Tower with Radar,52,40,44,11,147,0,6,102,14,122,52,46,146,25,269,236,6,242,511
12/09/2021,COS,CO,ANM,WE,Combined TRACON& Tower with Radar,50,40,26,15,131,0,12,68,14,94,50,52,94,29,225,144,34,178,403
12/10/2021,COS,CO,ANM,WE,Combined TRACON& Tower with Radar,53,44,19,12,128,0,4,1,10,15,53,48,20,22,143,4,24,28,171
12/11/2021,COS,CO,ANM,WE,Combined TRACON& Tower with Radar,41,40,18,8,107,0,6,72,7,85,41,46,90,15,192,150,26,176,368
12/12/2021,COS,CO,ANM,WE,Combined TRACON& Tower with Radar,43,38,47,7,135,0,6,74,3,83,43,44,121,10,218,114,0,114,332
12/13/2021,COS,CO,ANM,WE,Combined TRACON& Tower with Radar,51,44,47,7,149,0,16,124,12,152,51,60,171,19,301,224,16,240,541
12/14/2021,COS,CO,ANM,WE,Combined TRACON& Tower with Radar,46,36,29,28,139,0,6,70,14,90,46,42,99,42,229,182,54,236,465
12/15/2021,COS,CO,ANM,WE,Combined TRACON& Tower with Radar,32,27,5,4,68,0,1,2,0,3,32,28,7,4,71,0,0,0,71
12/16/2021,COS,CO,ANM,WE,Combined TRACON& Tower with Radar,41,41,65,17,164,0,10,130,19,159,41,51,195,36,323,204,44,248,571
12/17/2021,COS,CO,ANM,WE,Combined TRACON& Tower with Radar,48,50,60,31,189,0,11,111,8,130,48,61,171,39,319,250,96,346,665
12/18/2021,COS,CO,ANM,WE,Combined TRACON& Tower with Radar,37,27,38,30,132,0,2,124,11,137,37,29,162,41,269,153,0,153,422
12/19/2021,COS,CO,ANM,WE,Combined TRACON& Tower with Radar,37,44,38,17,136,0,15,84,7,106,37,59,122,24,242,128,50,178,420
12/20/2021,COS,CO,ANM,WE,Combined TRACON& Tower with Radar,50,36,41,31,158,0,4,156,7,167,50,40,197,38,325,202,6,208,533
12/21/2021,COS,CO,ANM,WE,Combined TRACON& Tower with Radar,46,39,55,19,159,0,9,80,9,98,46,48,135,28,257,98,36,134,391
12/22/2021,COS,CO,ANM,WE,Combined TRACON& Tower with Radar,46,48,37,12,143,0,13,112,5,130,46,61,149,17,273,180,61,241,514
12/23/2021,COS,CO,ANM,WE,Combined TRACON& Tower with Radar,46,37,43,0,126,0,2,57,0,59,46,39,100,0,185,62,0,62,247
12/24/2021,COS,CO,ANM,WE,Combined TRACON& Tower with Radar,52,37,13,0,102,0,0,3,0,3,52,37,16,0,105,0,0,0,105
12/25/2021,COS,CO,ANM,WE,Combined TRACON& Tower with Radar,33,44,14,0,91,0,0,5,0,5,33,44,19,0,96,0,0,0,96
12/26/2021,COS,CO,ANM,WE,Combined TRACON& Tower with Radar,39,39,27,2,107,0,1,12,0,13,39,40,39,2,120,46,0,46,166
12/27/2021,COS,CO,ANM,WE,Combined TRACON& Tower with Radar,50,48,54,8,160,0,9,87,8,104,50,57,141,16,264,146,2,148,412
12/28/2021,COS,CO,ANM,WE,Combined TRACON& Tower with Radar,47,51,38,11,147,0,9,72,13,94,47,60,110,24,241,44,14,58,299
12/29/2021,COS,CO,ANM,WE,Combined TRACON& Tower with Radar,51,44,33,12,140,0,6,106,12,124,51,50,139,24,264,0,0,0,264
12/30/2021,COS,CO,ANM,WE,Combined TRACON& Tower with Radar,58,37,18,2,115,0,5,14,11,30,58,42,32,13,145,0,12,12,157
12/31/2021,COS,CO,ANM,WE,Combined TRACON& Tower with Radar,43,32,18,2,95,0,1,10,8,19,43,33,28,10,114,0,6,6,120
01/01/2022,COS,CO,ANM,WE,Combined TRACON& Tower with Radar,32,44,13,0,89,0,2,4,0,6,32,46,17,0,95,0,0,0,95
01/02/2022,COS,CO,ANM,WE,Combined TRACON& Tower with Radar,41,45,45,6,137,0,9,59,12,80,41,54,104,18,217,74,0,74,291
01/03/2022,COS,CO,ANM,WE,Combined TRACON& Tower with Radar,45,40,57,12,154,0,6,94,9,109,45,46,151,21,263,108,0,108,371
01/04/2022,COS,CO,ANM,WE,Combined TRACON& Tower with Radar,51,36,28,8,123,0,1,8,4,13,51,37,36,12,136,6,0,6,142
01/05/2022,COS,CO,ANM,WE,Combined TRACON& Tower with Radar,43,34,19,12,108,0,0,11,3,14,43,34,30,15,122,36,30,66,188
01/06/2022,COS,CO,ANM,WE,Combined TRACON& Tower with Radar,46,33,34,18,131,0,6,48,12,66,46,39,82,30,197,98,122,220,417
01/07/2022,COS,CO,ANM,WE,Combined TRACON& Tower with Radar,42,35,46,28,151,0,2,105,24,131,42,37,151,52,282,166,86,252,534
01/08/2022,COS,CO,ANM,WE,Combined TRACON& Tower with Radar,34,35,33,6,108,0,2,82,11,95,34,37,115,17,203,96,30,126,329
01/09/2022,COS,CO,ANM,WE,Combined TRACON& Tower with Radar,40,28,29,9,106,0,0,28,0,28,40,28,57,9,134,28,0,28,162
01/10/2022,COS,CO,ANM,WE,Combined TRACON& Tower with Radar,39,31,39,31,140,0,0,121,35,156,39,31,160,66,296,258,72,330,626
01/11/2022,COS,CO,ANM,WE,Combined TRACON& Tower with Radar,37,35,39,16,127,0,3,82,28,113,37,38,121,44,240,193,114,307,547
01/12/2022,COS,CO,ANM,WE,Combined TRACON& Tower with Radar,49,24,44,11,128,0,2,114,16,132,49,26,158,27,260,236,32,268,528
01/13/2022,COS,CO,ANM,WE,Combined TRACON& Tower with Radar,45,35,57,9,146,0,4,111,25,140,45,39,168,34,286,180,54,234,520
01/14/2022,COS,CO,ANM,WE,Combined TRACON& Tower with Radar,43,31,17,0,91,0,1,0,19,20,43,32,17,19,111,0,12,12,123
01/15/2022,COS,CO,ANM,WE,Combined TRACON& Tower with Radar,42,32,44,2,120,0,6,85,12,103,42,38,129,14,223,230,8,238,461
01/16/2022,COS,CO,ANM,WE,Combined TRACON& Tower with Radar,39,21,38,2,100,0,0,96,9,105,39,21,134,11,205,0,0,0,205
01/17/2022,COS,CO,ANM,WE,Combined TRACON& Tower with Radar,51,32,40,3,126,0,0,118,8,126,51,32,158,11,252,282,22,304,556
01/18/2022,COS,CO,ANM,WE,Combined TRACON& Tower with Radar,43,27,38,43,151,0,3,83,31,117,43,30,121,74,268,166,96,262,530
01/19/2022,COS,CO,ANM,WE,Combined TRACON& Tower with Radar,48,25,10,1,84,0,1,1,0,2,48,26,11,1,86,0,0,0,86
01/20/2022,COS,CO,ANM,WE,Combined TRACON& Tower with Radar,50,38,38,11,137,0,0,5,5,10,50,38,43,16,147,10,10,20,167
01/21/2022,COS,CO,ANM,WE,Combined TRACON& Tower with Radar,57,36,32,15,140,0,3,38,21,62,57,39,70,36,202,44,26,70,272
01/22/2022,COS,CO,ANM,WE,Combined TRACON& Tower with Radar,40,27,27,7,101,0,0,49,17,66,40,27,76,24,167,38,4,42,209
01/23/2022,COS,CO,ANM,WE,Combined TRACON& Tower with Radar,44,28,50,11,133,0,0,114,14,128,44,28,164,25,261,184,32,216,477
01/24/2022,COS,CO,ANM,WE,Combined TRACON& Tower with Radar,45,26,55,10,136,0,4,107,26,137,45,30,162,36,273,168,12,180,453
01/25/2022,COS,CO,ANM,WE,Combined TRACON& Tower with Radar,42,38,18,23,121,0,2,4,10,16,42,40,22,33,137,0,0,0,137
01/26/2022,COS,CO,ANM,WE,Combined TRACON& Tower with Radar,45,33,47,19,144,0,2,87,22,111,45,35,134,41,255,166,42,208,463
01/27/2022,COS,CO,ANM,WE,Combined TRACON& Tower with Radar,47,31,12,11,101,0,0,4,5,9,47,31,16,16,110,4,16,20,130
01/28/2022,COS,CO,ANM,WE,Combined TRACON& Tower with Radar,49,41,42,12,144,0,4,94,19,117,49,45,136,31,261,112,36,148,409
01/29/2022,COS,CO,ANM,WE,Combined TRACON& Tower with Radar,41,31,63,8,143,0,7,161,15,183,41,38,224,23,326,294,0,294,620
01/30/2022,COS,CO,ANM,WE,Combined TRACON& Tower with Radar,45,34,52,7,138,0,9,115,9,133,45,43,167,16,271,270,20,290,561
01/31/2022,COS,CO,ANM,WE,Combined TRACON& Tower with Radar,47,34,45,7,133,0,0,102,10,112,47,34,147,17,245,140,48,188,433
02/01/2022,COS,CO,ANM,WE,Combined TRACON& Tower with Radar,44,45,17,19,125,0,4,47,21,72,44,49,64,40,197,208,56,264,461
02/02/2022,COS,CO,ANM,WE,Combined TRACON& Tower with Radar,44,40,10,2,96,0,0,0,0,0,44,40,10,2,96,0,0,0,96
02/03/2022,COS,CO,ANM,WE,Combined TRACON& Tower with Radar,33,33,30,4,100,0,3,20,11,34,33,36,50,15,134,48,8,56,190
02/04/2022,COS,CO,ANM,WE,Combined TRACON& Tower with Radar,46,36,53,17,152,0,4,83,12,99,46,40,136,29,251,152,14,166,417
02/05/2022,COS,CO,ANM,WE,Combined TRACON& Tower with Radar,37,24,45,5,111,0,7,94,21,122,37,31,139,26,233,200,6,206,439
02/06/2022,COS,CO,ANM,WE,Combined TRACON& Tower with Radar,42,40,28,7,117,0,0,42,8,50,42,40,70,15,167,198,38,236,403
02/07/2022,COS,CO,ANM,WE,Combined TRACON& Tower with Radar,47,37,30,10,124,0,9,73,10,92,47,46,103,20,216,218,0,218,434
02/08/2022,COS,CO,ANM,WE,Combined TRACON& Tower with Radar,44,35,46,14,139,0,3,81,28,112,44,38,127,42,251,252,54,306,557
02/09/2022,COS,CO,ANM,WE,Combined TRACON& Tower with Radar,47,29,36,19,131,0,10,106,31,147,47,39,142,50,278,282,64,346,624
02/10/2022,COS,CO,ANM,WE,Combined TRACON& Tower with Radar,51,41,66,12,170,0,4,110,25,139,51,45,176,37,309,342,114,456,765
02/11/2022,COS,CO,ANM,WE,Combined TRACON& Tower with Radar,50,32,26,9,117,0,2,8,8,18,50,34,34,17,135,40,30,70,205
02/12/2022,COS,CO,ANM,WE,Combined TRACON& Tower with Radar,44,28,41,1,114,0,8,77,13,98,44,36,118,14,212,176,0,176,388
02/13/2022,COS,CO,ANM,WE,Combined TRACON& Tower with Radar,49,27,34,5,115,0,0,99,13,112,49,27,133,18,227,176,6,182,409
02/14/2022,COS,CO,ANM,WE,Combined TRACON& Tower with Radar,52,33,36,9,130,0,4,87,17,108,52,37,123,26,238,190,36,226,464
02/15/2022,COS,CO,ANM,WE,Combined TRACON& Tower with Radar,55,33,55,17,160,0,12,108,31,151,55,45,163,48,311,200,118,318,629
02/16/2022,COS,CO,ANM,WE,Combined TRACON& Tower with Radar,56,31,47,20,154,0,0,40,32,72,56,31,87,52,226,172,92,264,490
02/17/2022,COS,CO,ANM,WE,Combined TRACON& Tower with Radar,52,29,41,25,147,0,6,73,22,101,52,35,114,47,248,168,96,264,512
02/18/2022,COS,CO,ANM,WE,Combined TRACON& Tower with Radar,53,33,53,18,157,0,2,147,22,171,53,35,200,40,328,362,69,431,759
02/19/2022,COS,CO,ANM,WE,Combined TRACON& Tower with Radar,48,34,32,9,123,0,9,147,10,166,48,43,179,19,289,218,50,268,557
02/20/2022,COS,CO,ANM,WE,Combined TRACON& Tower with Radar,47,25,35,7,114,0,5,86,8,99,47,30,121,15,213,97,6,103,316
02/21/2022,COS,CO,ANM,WE,Combined TRACON& Tower with Radar,55,32,47,5,139,0,5,46,14,65,55,37,93,19,204,98,0,98,302
02/22/2022,COS,CO,ANM,WE,Combined TRACON& Tower with Radar,53,32,12,3,100,0,0,2,0,2,53,32,14,3,102,0,0,0,102
02/23/2022,COS,CO,ANM,WE,Combined TRACON& Tower with Radar,51,20,12,4,87,0,0,0,0,0,51,20,12,4,87,0,0,0,87
02/24/2022,COS,CO,ANM,WE,Combined TRACON& Tower with Radar,52,27,43,23,145,0,2,64,16,82,52,29,107,39,227,182,62,244,471
02/25/2022,COS,CO,ANM,WE,Combined TRACON& Tower with Radar,52,39,40,29,160,0,13,94,12,119,52,52,134,41,279,306,54,360,639
02/26/2022,COS,CO,ANM,WE,Combined TRACON& Tower with Radar,45,27,42,7,121,0,5,110,13,128,45,32,152,20,249,276,42,318,567
02/27/2022,COS,CO,ANM,WE,Combined TRACON& Tower with Radar,47,38,44,12,141,0,15,116,13,144,47,53,160,25,285,252,40,292,577
02/28/2022,COS,CO,ANM,WE,Combined TRACON& Tower with Radar,55,28,32,14,129,0,11,119,30,160,55,39,151,44,289,226,30,256,545
03/01/2022,COS,CO,ANM,WE,Combined TRACON& Tower with Radar,48,32,34,29,143,0,4,135,41,180,48,36,169,70,323,156,110,266,589
03/02/2022,COS,CO,ANM,WE,Combined TRACON& Tower with Radar,55,32,50,33,170,0,10,139,20,169,55,42,189,53,339,261,62,323,662
03/03/2022,COS,CO,ANM,WE,Combined TRACON& Tower with Radar,48,31,41,20,140,0,0,117,33,150,48,31,158,53,290,262,152,414,704
03/04/2022,COS,CO,ANM,WE,Combined TRACON& Tower with Radar,61,25,39,12,137,0,0,86,10,96,61,25,125,22,233,179,6,185,418
03/05/2022,COS,CO,ANM,WE,Combined TRACON& Tower with Radar,42,32,30,2,106,0,2,36,4,42,42,34,66,6,148,126,24,150,298
03/06/2022,COS,CO,ANM,WE,Combined TRACON& Tower with Radar,49,24,9,1,83,0,0,0,0,0,49,24,9,1,83,0,0,0,83
03/07/2022,COS,CO,ANM,WE,Combined TRACON& Tower with Radar,58,35,28,10,131,0,0,1,0,1,58,35,29,10,132,0,0,0,132
03/08/2022,COS,CO,ANM,WE,Combined TRACON& Tower with Radar,52,37,31,18,138,0,3,94,25,122,52,40,125,43,260,136,106,242,502
03/09/2022,COS,CO,ANM,WE,Combined TRACON& Tower with Radar,59,22,28,4,113,0,1,22,5,28,59,23,50,9,141,118,40,158,299
03/10/2022,COS,CO,ANM,WE,Combined TRACON& Tower with Radar,58,27,22,10,117,0,0,0,0,0,58,27,22,10,117,0,0,0,117
03/11/2022,COS,CO,ANM,WE,Combined TRACON& Tower with Radar,52,28,43,7,130,0,3,112,10,125,52,31,155,17,255,189,16,205,460
03/12/2022,COS,CO,ANM,WE,Combined TRACON& Tower with Radar,47,22,32,6,107,0,3,134,15,152,47,25,166,21,259,190,26,216,475
03/13/2022,COS,CO,ANM,WE,Combined TRACON& Tower with Radar,47,22,48,14,131,0,4,118,8,130,47,26,166,22,261,204,0,204,465
03/14/2022,COS,CO,ANM,WE,Combined TRACON& Tower with Radar,54,43,34,16,147,0,11,47,10,68,54,54,81,26,215,20,0,20,235
03/15/2022,COS,CO,ANM,WE,Combined TRACON& Tower with Radar,55,26,55,17,153,0,9,135,30,174,55,35,190,47,327,292,98,390,717
03/16/2022,COS,CO,ANM,WE,Combined TRACON& Tower with Radar,58,30,43,22,153,0,4,54,38,96,58,34,97,60,249,202,86,288,537
03/17/2022,COS,CO,ANM,WE,Combined TRACON& Tower with Radar,56,28,25,8,117,0,2,2,3,7,56,30,27,11,124,2,6,8,132
03/18/2022,COS,CO,ANM,WE,Combined TRACON& Tower with Radar,57,30,58,14,159,0,2,135,26,163,57,32,193,40,322,378,38,416,738
03/19/2022,COS,CO,ANM,WE,Combined TRACON& Tower with Radar,49,23,50,10,132,0,7,151,17,175,49,30,201,27,307,310,4,314,621
03/20/2022,COS,CO,ANM,WE,Combined TRACON& Tower with Radar,46,24,43,4,117,0,3,57,16,76,46,27,100,20,193,116,38,154,347
03/21/2022,COS,CO,ANM,WE,Combined TRACON& Tower with Radar,53,22,13,1,89,0,0,0,1,1,53,22,13,2,90,0,0,0,90
03/22/2022,COS,CO,ANM,WE,Combined TRACON& Tower with Radar,55,29,16,7,107,0,2,2,2,6,55,31,18,9,113,0,9,9,122
03/23/2022,COS,CO,ANM,WE,Combined TRACON& Tower with Radar,56,28,10,13,107,0,1,12,11,24,56,29,22,24,131,4,52,56,187
03/24/2022,COS,CO,ANM,WE,Combined TRACON& Tower with Radar,56,29,34,19,138,0,5,83,14,102,56,34,117,33,240,134,18,152,392
03/25/2022,COS,CO,ANM,WE,Combined TRACON& Tower with Radar,52,28,42,8,130,0,1,99,13,113,52,29,141,21,243,306,12,318,561
03/26/2022,COS,CO,ANM,WE,Combined TRACON& Tower with Radar,49,25,33,7,114,0,2,102,12,116,49,27,135,19,230,206,32,238,468
03/27/2022,COS,CO,ANM,WE,Combined TRACON& Tower with Radar,52,24,58,5,139,0,7,100,5,112,52,31,158,10,251,120,8,128,379
03/28/2022,COS,CO,ANM,WE,Combined TRACON& Tower with Radar,51,40,41,12,144,0,0,82,18,100,51,40,123,30,244,220,76,296,540
03/29/2022,COS,CO,ANM,WE,Combined TRACON& Tower with Radar,58,38,18,3,117,0,0,9,8,17,58,38,27,11,134,52,38,90,224
03/30/2022,COS,CO,ANM,WE,Combined TRACON& Tower with Radar,59,29,19,15,122,0,0,4,8,12,59,29,23,23,134,34,0,34,168
03/31/2022,COS,CO,ANM,WE,Combined TRACON& Tower with Radar,52,38,56,19,165,0,2,115,27,144,52,40,171,46,309,266,110,376,685
04/01/2022,COS,CO,ANM,WE,Combined TRACON& Tower with Radar,52,32,45,32,161,0,12,74,10,96,52,44,119,42,257,170,24,194,451
04/02/2022,COS,CO,ANM,WE,Combined TRACON& Tower with Radar,43,26,44,6,119,0,8,111,18,137,43,34,155,24,256,166,32,198,454
04/03/2022,COS,CO,ANM,WE,Combined TRACON& Tower with Radar,43,26,33,11,113,0,3,22,9,34,43,29,55,20,147,54,36,90,237
04/04/2022,COS,CO,ANM,WE,Combined TRACON& Tower with Radar,55,33,44,40,172,0,2,47,10,59,55,35,91,50,231,72,64,136,367
04/05/2022,COS,CO,ANM,WE,Combined TRACON& Tower with Radar,60,37,18,2,117,0,0,5,0,5,60,37,23,2,122,0,0,0,122
04/06/2022,COS,CO,ANM,WE,Combined TRACON& Tower with Radar,63,38,30,11,142,0,1,15,2,18,63,39,45,13,160,0,0,0,160
04/07/2022,COS,CO,ANM,WE,Combined TRACON& Tower with Radar,58,28,40,23,149,0,7,42,18,67,58,35,82,41,216,94,52,146,362
04/08/2022,COS,CO,ANM,WE,Combined TRACON& Tower with Radar,57,29,74,34,194,0,3,196,48,247,57,32,270,82,441,252,92,344,785
04/09/2022,COS,CO,ANM,WE,Combined TRACON& Tower with Radar,49,23,39,5,116,0,4,116,26,146,49,27,155,31,262,132,12,144,406
04/10/2022,COS,CO,ANM,WE,Combined TRACON& Tower with Radar,57,25,26,5,113,0,2,26,16,44,57,27,52,21,157,42,8,50,207
04/11/2022,COS,CO,ANM,WE,Combined TRACON& Tower with Radar,60,37,27,26,150,0,4,63,7,74,60,41,90,33,224,104,20,124,348
04/12/2022,COS,CO,ANM,WE,Combined TRACON& Tower with Radar,59,31,10,6,106,0,0,1,8,9,59,31,11,14,115,0,16,16,131
04/13/2022,COS,CO,ANM,WE,Combined TRACON& Tower with Radar,64,33,37,14,148,0,4,32,20,56,64,37,69,34,204,92,32,124,328
04/14/2022,COS,CO,ANM,WE,Combined TRACON& Tower with Radar,60,29,30,13,132,0,6,66,11,83,60,35,96,24,215,214,26,240,455
04/15/2022,COS,CO,ANM,WE,Combined TRACON& Tower with Radar,57,29,40,9,135,0,4,52,20,76,57,33,92,29,211,122,82,204,415
04/16/2022,COS,CO,ANM,WE,Combined TRACON& Tower with Radar,49,27,30,8,114,0,2,79,6,87,49,29,109,14,201,124,0,124,325
04/17/2022,COS,CO,ANM,WE,Combined TRACON& Tower with Radar,56,23,24,2,105,0,0,30,2,32,56,23,54,4,137,20,4,24,161
04/18/2022,COS,CO,ANM,WE,Combined TRACON& Tower with Radar,59,29,40,7,135,0,5,97,29,131,59,34,137,36,266,220,38,258,524
04/19/2022,COS,CO,ANM,WE,Combined TRACON& Tower with Radar,56,33,42,39,170,0,2,93,33,128,56,35,135,72,298,186,80,266,564
04/20/2022,COS,CO,ANM,WE,Combined TRACON& Tower with Radar,62,34,49,25,170,0,9,83,41,133,62,43,132,66,303,168,68,236,539
04/21/2022,COS,CO,ANM,WE,Combined TRACON& Tower with Radar,58,29,43,33,163,0,3,78,53,134,58,32,121,86,297,308,98,406,703
04/22/2022,COS,CO,ANM,WE,Combined TRACON& Tower with Radar,60,31,22,13,126,0,0,21,13,34,60,31,43,26,160,0,0,0,160
04/23/2022,COS,CO,ANM,WE,Combined TRACON& Tower with Radar,48,26,18,9,101,4,3,9,10,26,52,29,27,19,127,10,0,10,137
04/24/2022,COS,CO,ANM,WE,Combined TRACON& Tower with Radar,51,27,32,23,133,0,0,54,9,63,51,27,86,32,196,234,18,252,448
04/25/2022,COS,CO,ANM,WE,Combined TRACON& Tower with Radar,60,32,49,11,152,0,5,118,23,146,60,37,167,34,298,286,16,302,600
04/26/2022,COS,CO,ANM,WE,Combined TRACON& Tower with Radar,61,27,36,9,133,1,6,125,37,169,62,33,161,46,302,288,86,374,676
04/27/2022,COS,CO,ANM,WE,Combined TRACON& Tower with Radar,73,33,34,15,155,0,4,89,20,113,73,37,123,35,268,102,30,132,400
04/28/2022,COS,CO,ANM,WE,Combined TRACON& Tower with Radar,61,32,56,9,158,0,7,121,24,152,61,39,177,33,310,275,24,299,609
04/29/2022,COS,CO,ANM,WE,Combined TRACON& Tower with Radar,65,33,33,11,142,0,5,12,9,26,65,38,45,20,168,80,6,86,254
04/30/2022,COS,CO,ANM,WE,Combined TRACON& Tower with Radar,48,31,26,11,116,0,4,124,20,148,48,35,150,31,264,224,22,246,510
05/01/2022,COS,CO,ANM,WE,Combined TRACON& Tower with Radar,56,24,26,12,118,0,2,77,11,90,56,26,103,23,208,160,40,200,408
05/02/2022,COS,CO,ANM,WE,Combined TRACON& Tower with Radar,55,36,14,10,115,0,0,7,17,24,55,36,21,27,139,14,0,14,153
05/03/2022,COS,CO,ANM,WE,Combined TRACON& Tower with Radar,59,39,20,27,145,0,5,54,26,85,59,44,74,53,230,140,46,186,416
05/04/2022,COS,CO,ANM,WE,Combined TRACON& Tower with Radar,58,31,60,22,171,0,0,17,24,41,58,31,77,46,212,62,48,110,322
05/05/2022,COS,CO,ANM,WE,Combined TRACON& Tower with Radar,60,29,34,26,149,0,5,138,56,199,60,34,172,82,348,220,132,352,700
05/06/2022,COS,CO,ANM,WE,Combined TRACON& Tower with Radar,66,31,46,34,177,0,4,108,43,155,66,35,154,77,332,308,106,414,746
05/07/2022,COS,CO,ANM,WE,Combined TRACON& Tower with Radar,56,29,18,9,112,0,9,56,24,89,56,38,74,33,201,68,34,102,303
05/08/2022,COS,CO,ANM,WE,Combined TRACON& Tower with Radar,54,23,30,5,112,0,3,41,5,49,54,26,71,10,161,58,30,88,249
05/09/2022,COS,CO,ANM,WE,Combined TRACON& Tower with Radar,58,29,11,3,101,0,3,7,10,20,58,32,18,13,121,0,0,0,121
05/10/2022,COS,CO,ANM,WE,Combined TRACON& Tower with Radar,66,39,38,20,163,0,3,97,27,127,66,42,135,47,290,214,55,269,559
05/11/2022,COS,CO,ANM,WE,Combined TRACON& Tower with Radar,59,28,40,18,145,0,7,64,32,103,59,35,104,50,248,220,52,272,520
05/12/2022,COS,CO,ANM,WE,Combined TRACON& Tower with Radar,55,44,22,4,125,0,2,14,11,27,55,46,36,15,152,0,0,0,152
05/13/2022,COS,CO,ANM,WE,Combined TRACON& Tower with Radar,52,25,26,22,125,1,7,121,22,151,53,32,147,44,276,240,12,252,528
05/14/2022,COS,CO,ANM,WE,Combined TRACON& Tower with Radar,48,30,38,5,121,0,8,116,27,151,48,38,154,32,272,154,30,184,456
05/15/2022,COS,CO,ANM,WE,Combined TRACON& Tower with Radar,53,36,34,14,137,8,7,92,34,141,61,43,126,48,278,56,44,100,378
05/16/2022,COS,CO,ANM,WE,Combined TRACON& Tower with Radar,56,49,28,27,160,0,4,90,41,135,56,53,118,68,295,244,114,358,653
05/17/2022,COS,CO,ANM,WE,Combined TRACON& Tower with Radar,74,36,45,37,192,0,0,90,65,155,74,36,135,102,347,148,52,200,547
05/18/2022,COS,CO,ANM,WE,Combined TRACON& Tower with Radar,62,26,39,18,145,0,4,85,48,137,62,30,124,66,282,196,82,278,560
05/19/2022,COS,CO,ANM,WE,Combined TRACON& Tower with Radar,63,34,39,27,163,1,2,66,43,112,64,36,105,70,275,228,80,308,583
05/20/2022,COS,CO,ANM,WE,Combined TRACON& Tower with Radar,50,61,36,10,157,0,0,1,4,5,50,61,37,14,162,0,0,0,162
05/21/2022,COS,CO,ANM,WE,Combined TRACON& Tower with Radar,46,35,25,2,108,0,0,0,0,0,46,35,25,2,108,0,0,0,108
05/22/2022,COS,CO,ANM,WE,Combined TRACON& Tower with Radar,59,42,39,7,147,0,0,2,1,3,59,42,41,8,150,0,0,0,150
05/23/2022,COS,CO,ANM,WE,Combined TRACON& Tower with Radar,55,42,50,19,166,0,0,30,11,41,55,42,80,30,207,180,8,188,395
05/24/2022,COS,CO,ANM,WE,Combined TRACON& Tower with Radar,58,42,24,34,158,0,0,0,18,18,58,42,24,52,176,60,18,78,254
05/25/2022,COS,CO,ANM,WE,Combined TRACON& Tower with Radar,59,37,50,28,174,0,1,117,20,138,59,38,167,48,312,280,38,318,630
05/26/2022,COS,CO,ANM,WE,Combined TRACON& Tower with Radar,62,45,38,16,161,0,2,172,12,186,62,47,210,28,347,306,0,306,653
05/27/2022,COS,CO,ANM,WE,Combined TRACON& Tower with Radar,71,46,41,0,158,0,2,104,7,113,71,48,145,7,271,166,20,186,457
05/28/2022,COS,CO,ANM,WE,Combined TRACON& Tower with Radar,58,31,44,6,139,0,2,97,13,112,58,33,141,19,251,132,4,136,387
05/29/2022,COS,CO,ANM,WE,Combined TRACON& Tower with Radar,83,51,21,7,162,0,0,68,13,81,83,51,89,20,243,126,44,170,413
05/30/2022,COS,CO,ANM,WE,Combined TRACON& Tower with Radar,54,39,24,0,117,0,2,22,7,31,54,41,46,7,148,12,0,12,160
05/31/2022,COS,CO,ANM,WE,Combined TRACON& Tower with Radar,60,37,49,28,174,0,2,85,41,128,60,39,134,69,302,118,76,194,496
06/01/2022,COS,CO,ANM,WE,Combined TRACON& Tower with Radar,53,33,67,23,176,0,0,9,4,13,53,33,76,27,189,0,0,0,189
06/02/2022,COS,CO,ANM,WE,Combined TRACON& Tower with Radar,58,36,66,13,173,0,0,60,9,69,58,36,126,22,242,214,48,262,504
06/03/2022,COS,CO,ANM,WE,Combined TRACON& Tower with Radar,55,38,69,19,181,0,0,26,10,36,55,38,95,29,217,82,4,86,303
06/04/2022,COS,CO,ANM,WE,Combined TRACON& Tower with Radar,51,21,35,7,114,0,1,103,25,129,51,22,138,32,243,174,12,186,429
06/05/2022,COS,CO,ANM,WE,Combined TRACON& Tower with Radar,58,35,66,15,174,0,1,105,11,117,58,36,171,26,291,134,36,170,461
06/06/2022,COS,CO,ANM,WE,Combined TRACON& Tower with Radar,60,44,47,28,179,0,0,97,40,137,60,44,144,68,316,240,94,334,650
06/07/2022,COS,CO,ANM,WE,Combined TRACON& Tower with Radar,65,37,44,34,180,0,2,81,61,144,65,39,125,95,324,210,178,388,712
06/08/2022,COS,CO,ANM,WE,Combined TRACON& Tower with Radar,57,40,68,32,197,0,0,138,51,189,57,40,206,83,386,180,68,248,634
06/09/2022,COS,CO,ANM,WE,Combined TRACON& Tower with Radar,58,32,46,14,150,1,2,121,35,159,59,34,167,49,309,0,0,0,309
06/10/2022,COS,CO,ANM,WE,Combined TRACON& Tower with Radar,56,35,70,16,177,0,5,139,46,190,56,40,209,62,367,0,0,0,367
06/11/2022,COS,CO,ANM,WE,Combined TRACON& Tower with Radar,69,37,40,8,154,5,3,124,39,171,74,40,164,47,325,120,28,148,473
06/12/2022,COS,CO,ANM,WE,Combined TRACON& Tower with Radar,99,38,51,2,190,0,8,90,7,105,99,46,141,9,295,119,0,119,414
06/13/2022,COS,CO,ANM,WE,Combined TRACON& Tower with Radar,64,37,42,14,157,0,2,49,11,62,64,39,91,25,219,52,10,62,281
06/14/2022,COS,CO,ANM,WE,Combined TRACON& Tower with Radar,62,28,33,21,144,0,0,106,46,152,62,28,139,67,296,220,76,296,592
06/15/2022,COS,CO,ANM,WE,Combined TRACON& Tower with Radar,60,28,58,16,162,0,1,123,52,176,60,29,181,68,338,126,62,188,526
06/16/2022,COS,CO,ANM,WE,Combined TRACON& Tower with Radar,61,35,57,30,183,0,0,127,41,168,61,35,184,71,351,222,54,276,627
06/17/2022,COS,CO,ANM,WE,Combined TRACON& Tower with Radar,76,39,47,20,182,0,9,74,29,112,76,48,121,49,294,224,0,224,518
06/18/2022,COS,CO,ANM,WE,Combined TRACON& Tower with Radar,55,28,26,6,115,3,7,72,59,141,58,35,98,65,256,112,18,130,386
06/19/2022,COS,CO,ANM,WE,Combined TRACON& Tower with Radar,61,39,30,3,133,0,0,47,16,63,61,39,77,19,196,52,30,82,278
06/20/2022,COS,CO,ANM,WE,Combined TRACON& Tower with Radar,59,34,35,6,134,0,7,71,18,96,59,41,106,24,230,168,14,182,412
06/21/2022,COS,CO,ANM,WE,Combined TRACON& Tower with Radar,57,35,53,18,163,0,4,116,23,143,57,39,169,41,306,302,18,320,626
06/22/2022,COS,CO,ANM,WE,Combined TRACON& Tower with Radar,57,38,35,24,154,0,1,125,35,161,57,39,160,59,315,320,93,413,728
06/23/2022,COS,CO,ANM,WE,Combined TRACON& Tower with Radar,55,43,49,16,163,0,1,113,47,161,55,44,162,63,324,0,0,0,324
06/24/2022,COS,CO,ANM,WE,Combined TRACON& Tower with Radar,56,42,55,29,182,0,3,109,37,149,56,45,164,66,331,256,102,358,689
06/25/2022,COS,CO,ANM,WE,Combined TRACON& Tower with Radar,59,22,32,2,115,0,0,25,15,40,59,22,57,17,155,60,4,64,219
06/26/2022,COS,CO,ANM,WE,Combined TRACON& Tower with Radar,59,29,79,8,175,0,0,7,2,9,59,29,86,10,184,42,6,48,232
06/27/2022,COS,CO,ANM,WE,Combined TRACON& Tower with Radar,65,33,65,32,195,0,4,54,28,86,65,37,119,60,281,206,80,286,567
06/28/2022,COS,CO,ANM,WE,Combined TRACON& Tower with Radar,62,41,54,29,186,0,6,116,43,165,62,47,170,72,351,456,68,524,875
06/29/2022,COS,CO,ANM,WE,Combined TRACON& Tower with Radar,71,38,44,23,176,0,6,99,39,144,71,44,143,62,320,204,74,278,598
06/30/2022,COS,CO,ANM,WE,Combined TRACON& Tower with Radar,65,23,42,15,145,0,0,53,32,85,65,23,95,47,230,144,130,274,504
07/01/2022,COS,CO,ANM,WE,Combined TRACON& Tower with Radar,63,30,63,19,175,0,1,106,19,126,63,31,169,38,301,192,26,218,519
07/02/2022,COS,CO,ANM,WE,Combined TRACON& Tower with Radar,52,21,40,7,120,0,0,78,16,94,52,21,118,23,214,168,38,206,420
07/03/2022,COS,CO,ANM,WE,Combined TRACON& Tower with Radar,62,20,25,4,111,0,1,79,8,88,62,21,104,12,199,130,42,172,371
07/04/2022,COS,CO,ANM,WE,Combined TRACON& Tower with Radar,59,31,24,1,115,0,6,83,16,105,59,37,107,17,220,94,0,94,314
07/05/2022,COS,CO,ANM,WE,Combined TRACON& Tower with Radar,67,38,48,10,163,0,1,103,23,127,67,39,151,33,290,206,18,224,514
07/06/2022,COS,CO,ANM,WE,Combined TRACON& Tower with Radar,76,40,47,10,173,0,3,68,30,101,76,43,115,40,274,216,42,258,532
07/07/2022,COS,CO,ANM,WE,Combined TRACON& Tower with Radar,72,26,39,11,148,0,3,90,31,124,72,29,129,42,272,0,0,0,272
07/08/2022,COS,CO,ANM,WE,Combined TRACON& Tower with Radar,68,40,67,10,185,0,0,104,31,135,68,40,171,41,320,170,58,228,548
07/09/2022,COS,CO,ANM,WE,Combined TRACON& Tower with Radar,56,31,50,6,143,0,5,92,26,123,56,36,142,32,266,254,8,262,528
07/10/2022,COS,CO,ANM,WE,Combined TRACON& Tower with Radar,61,30,59,9,159,0,1,64,11,76,61,31,123,20,235,95,22,117,352
07/11/2022,COS,CO,ANM,WE,Combined TRACON& Tower with Radar,64,40,35,11,150,0,2,33,16,51,64,42,68,27,201,46,14,60,261
07/12/2022,COS,CO,ANM,WE,Combined TRACON& Tower with Radar,75,43,42,21,181,0,2,104,34,140,75,45,146,55,321,304,104,408,729
07/13/2022,COS,CO,ANM,WE,Combined TRACON& Tower with Radar,66,40,52,15,173,0,0,101,73,174,66,40,153,88,347,282,66,348,695
07/14/2022,COS,CO,ANM,WE,Combined TRACON& Tower with Radar,82,29,41,14,166,0,0,84,30,114,82,29,125,44,280,138,28,166,446
07/15/2022,COS,CO,ANM,WE,Combined TRACON& Tower with Radar,71,25,69,17,182,0,0,80,44,124,71,25,149,61,306,212,82,294,600
07/16/2022,COS,CO,ANM,WE,Combined TRACON& Tower with Radar,55,33,41,6,135,0,1,106,10,117,55,34,147,16,252,150,6,156,408
07/17/2022,COS,CO,ANM,WE,Combined TRACON& Tower with Radar,62,37,78,13,190,0,1,87,25,113,62,38,165,38,303,180,16,196,499
07/18/2022,COS,CO,ANM,WE,Combined TRACON& Tower with Radar,66,32,37,12,147,0,3,88,40,131,66,35,125,52,278,236,26,262,540
07/19/2022,COS,CO,ANM,WE,Combined TRACON& Tower with Radar,69,24,52,16,161,2,4,59,30,95,71,28,111,46,256,216,114,330,586
07/20/2022,COS,CO,ANM,WE,Combined TRACON& Tower with Radar,79,48,69,10,206,0,4,87,44,135,79,52,156,54,341,172,78,250,591
07/21/2022,COS,CO,ANM,WE,Combined TRACON& Tower with Radar,66,38,51,17,172,0,6,117,29,152,66,44,168,46,324,0,0,0,324
07/22/2022,COS,CO,ANM,WE,Combined TRACON& Tower with Radar,64,31,61,18,174,0,5,115,25,145,64,36,176,43,319,289,60,349,668
07/23/2022,COS,CO,ANM,WE,Combined TRACON& Tower with Radar,56,33,49,6,144,0,2,108,12,122,56,35,157,18,266,84,20,104,370
07/24/2022,COS,CO,ANM,WE,Combined TRACON& Tower with Radar,81,43,79,10,213,0,0,83,12,95,81,43,162,22,308,136,4,140,448
07/25/2022,COS,CO,ANM,WE,Combined TRACON& Tower with Radar,58,27,44,9,138,0,1,70,23,94,58,28,114,32,232,108,28,136,368
07/26/2022,COS,CO,ANM,WE,Combined TRACON& Tower with Radar,64,26,50,13,153,0,0,66,22,88,64,26,116,35,241,76,48,124,365
07/27/2022,COS,CO,ANM,WE,Combined TRACON& Tower with Radar,63,43,70,22,198,0,6,104,34,144,63,49,174,56,342,226,60,286,628
07/28/2022,COS,CO,ANM,WE,Combined TRACON& Tower with Radar,64,46,61,3,174,0,2,34,16,52,64,48,95,19,226,170,50,220,446
07/29/2022,COS,CO,ANM,WE,Combined TRACON& Tower with Radar,70,56,100,7,233,0,0,21,9,30,70,56,121,16,263,126,0,126,389
07/30/2022,COS,CO,ANM,WE,Combined TRACON& Tower with Radar,57,41,52,8,158,0,2,81,10,93,57,43,133,18,251,200,26,226,477
07/31/2022,COS,CO,ANM,WE,Combined TRACON& Tower with Radar,68,45,74,7,194,0,2,101,11,114,68,47,175,18,308,154,10,164,472
08/01/2022,COS,CO,ANM,WE,Combined TRACON& Tower with Radar,62,50,64,11,187,0,2,93,14,109,62,52,157,25,296,170,0,170,466
08/02/2022,COS,CO,ANM,WE,Combined TRACON& Tower with Radar,65,28,41,16,150,0,2,99,19,120,65,30,140,35,270,242,52,294,564
08/03/2022,COS,CO,ANM,WE,Combined TRACON& Tower with Radar,61,35,46,17,159,0,4,88,34,126,61,39,134,51,285,160,58,218,503
08/04/2022,COS,CO,ANM,WE,Combined TRACON& Tower with Radar,60,30,58,8,156,0,4,109,22,135,60,34,167,30,291,0,0,0,291
08/05/2022,COS,CO,ANM,WE,Combined TRACON& Tower with Radar,66,35,55,15,171,0,2,103,13,118,66,37,158,28,289,130,20,150,439
08/06/2022,COS,CO,ANM,WE,Combined TRACON& Tower with Radar,67,41,55,11,174,0,1,69,29,99,67,42,124,40,273,82,22,104,377
08/07/2022,COS,CO,ANM,WE,Combined TRACON& Tower with Radar,65,40,43,18,166,0,0,52,9,61,65,40,95,27,227,58,6,64,291
08/08/2022,COS,CO,ANM,WE,Combined TRACON& Tower with Radar,67,40,58,5,170,0,5,73,26,104,67,45,131,31,274,170,16,186,460
08/09/2022,COS,CO,ANM,WE,Combined TRACON& Tower with Radar,62,22,45,17,146,0,2,123,41,166,62,24,168,58,312,276,112,388,700
08/10/2022,COS,CO,ANM,WE,Combined TRACON& Tower with Radar,59,44,65,14,182,0,2,125,24,151,59,46,190,38,333,210,38,248,581
08/11/2022,COS,CO,ANM,WE,Combined TRACON& Tower with Radar,65,30,53,34,182,0,2,115,24,141,65,32,168,58,323,142,80,222,545
08/12/2022,COS,CO,ANM,WE,Combined TRACON& Tower with Radar,62,35,61,50,208,0,1,127,59,187,62,36,188,109,395,292,100,392,787
08/13/2022,COS,CO,ANM,WE,Combined TRACON& Tower with Radar,55,29,32,5,121,0,1,94,32,127,55,30,126,37,248,98,26,124,372
08/14/2022,COS,CO,ANM,WE,Combined TRACON& Tower with Radar,65,32,51,13,161,0,2,115,17,134,65,34,166,30,295,158,0,158,453
08/15/2022,COS,CO,ANM,WE,Combined TRACON& Tower with Radar,64,40,60,15,179,0,3,83,12,98,64,43,143,27,277,202,24,226,503
08/16/2022,COS,CO,ANM,WE,Combined TRACON& Tower with Radar,64,44,59,12,179,0,6,37,13,56,64,50,96,25,235,180,48,228,463
08/17/2022,COS,CO,ANM,WE,Combined TRACON& Tower with Radar,62,35,70,19,186,0,8,136,50,194,62,43,206,69,380,336,78,414,794
08/18/2022,COS,CO,ANM,WE,Combined TRACON& Tower with Radar,65,28,46,25,164,0,3,78,50,131,65,31,124,75,295,174,98,272,567
08/19/2022,COS,CO,ANM,WE,Combined TRACON& Tower with Radar,67,32,55,15,169,0,1,100,22,123,67,33,155,37,292,272,14,286,578
08/20/2022,COS,CO,ANM,WE,Combined TRACON& Tower with Radar,51,28,33,6,118,0,0,40,8,48,51,28,73,14,166,186,28,214,380
08/21/2022,COS,CO,ANM,WE,Combined TRACON& Tower with Radar,85,46,37,18,186,0,1,80,36,117,85,47,117,54,303,96,50,146,449
08/22/2022,COS,CO,ANM,WE,Combined TRACON& Tower with Radar,61,39,52,16,168,0,3,71,29,103,61,42,123,45,271,254,56,310,581
08/23/2022,COS,CO,ANM,WE,Combined TRACON& Tower with Radar,66,21,44,26,157,0,0,127,46,173,66,21,171,72,330,200,110,310,640
08/24/2022,COS,CO,ANM,WE,Combined TRACON& Tower with Radar,62,29,56,24,171,0,1,117,27,145,62,30,173,51,316,252,62,314,630
08/25/2022,COS,CO,ANM,WE,Combined TRACON& Tower with Radar,64,21,51,19,155,0,4,87,30,121,64,25,138,49,276,192,80,272,548
08/26/2022,COS,CO,ANM,WE,Combined TRACON& Tower with Radar,65,38,57,7,167,0,3,73,24,100,65,41,130,31,267,250,12,262,529
08/27/2022,COS,CO,ANM,WE,Combined TRACON& Tower with Radar,51,25,37,13,126,0,0,118,24,142,51,25,155,37,268,78,18,96,364
08/28/2022,COS,CO,ANM,WE,Combined TRACON& Tower with Radar,88,58,39,8,193,0,1,64,11,76,88,59,103,19,269,60,6,66,335
08/29/2022,COS,CO,ANM,WE,Combined TRACON& Tower with Radar,63,28,38,18,147,0,4,104,19,127,63,32,142,37,274,82,22,104,378
08/30/2022,COS,CO,ANM,WE,Combined TRACON& Tower with Radar,63,37,56,12,168,0,6,129,17,152,63,43,185,29,320,154,14,168,488
08/31/2022,COS,CO,ANM,WE,Combined TRACON& Tower with Radar,64,32,44,14,154,0,0,96,24,120,64,32,140,38,274,92,12,104,378
09/01/2022,COS,CO,ANM,WE,Combined TRACON& Tower with Radar,63,36,65,14,178,0,1,118,20,139,63,37,183,34,317,115,8,123,440
09/02/2022,COS,CO,ANM,WE,Combined TRACON& Tower with Radar,82,37,57,12,188,0,4,118,8,130,82,41,175,20,318,76,25,101,419
09/03/2022,COS,CO,ANM,WE,Combined TRACON& Tower with Radar,68,35,45,0,148,0,4,96,13,113,68,39,141,13,261,182,24,206,467
09/04/2022,COS,CO,ANM,WE,Combined TRACON& Tower with Radar,54,24,33,2,113,0,2,74,17,93,54,26,107,19,206,116,38,154,360
09/05/2022,COS,CO,ANM,WE,Combined TRACON& Tower with Radar,62,30,54,6,152,0,0,111,18,129,62,30,165,24,281,232,0,232,513
09/06/2022,COS,CO,ANM,WE,Combined TRACON& Tower with Radar,61,41,78,18,198,0,2,108,21,131,61,43,186,39,329,100,32,132,461
09/07/2022,COS,CO,ANM,WE,Combined TRACON& Tower with Radar,58,36,49,14,157,0,1,105,18,124,58,37,154,32,281,196,26,222,503
09/08/2022,COS,CO,ANM,WE,Combined TRACON& Tower with Radar,65,38,54,14,171,0,0,98,26,124,65,38,152,40,295,228,50,278,573
09/09/2022,COS,CO,ANM,WE,Combined TRACON& Tower with Radar,66,29,60,10,165,0,2,73,20,95,66,31,133,30,260,152,102,254,514
09/10/2022,COS,CO,ANM,WE,Combined TRACON& Tower with Radar,57,25,43,9,134,0,0,0,0,0,57,25,43,9,134,0,0,0,134
09/11/2022,COS,CO,ANM,WE,Combined TRACON& Tower with Radar,55,30,64,28,177,0,0,61,15,76,55,30,125,43,253,120,12,132,385
09/12/2022,COS,CO,ANM,WE,Combined TRACON& Tower with Radar,64,28,53,38,183,0,2,93,34,129,64,30,146,72,312,272,50,322,634
09/13/2022,COS,CO,ANM,WE,Combined TRACON& Tower with Radar,62,14,41,11,128,0,2,111,37,150,62,16,152,48,278,326,76,402,680
09/14/2022,COS,CO,ANM,WE,Combined TRACON& Tower with Radar,56,29,46,12,143,0,2,97,30,129,56,31,143,42,272,222,50,272,544
09/15/2022,COS,CO,ANM,WE,Combined TRACON& Tower with Radar,62,44,55,21,182,0,0,101,18,119,62,44,156,39,301,216,32,248,549
09/16/2022,COS,CO,ANM,WE,Combined TRACON& Tower with Radar,65,26,59,25,175,0,3,125,33,161,65,29,184,58,336,130,64,194,530
09/17/2022,COS,CO,ANM,WE,Combined TRACON& Tower with Radar,52,33,45,5,135,0,7,79,21,107,52,40,124,26,242,130,18,148,390
09/18/2022,COS,CO,ANM,WE,Combined TRACON& Tower with Radar,53,32,56,14,155,0,1,94,20,115,53,33,150,34,270,80,28,108,378
09/19/2022,COS,CO,ANM,WE,Combined TRACON& Tower with Radar,65,29,41,24,159,0,2,118,42,162,65,31,159,66,321,192,56,248,569
09/20/2022,COS,CO,ANM,WE,Combined TRACON& Tower with Radar,65,36,48,18,167,0,1,132,34,167,65,37,180,52,334,126,28,154,488
09/21/2022,COS,CO,ANM,WE,Combined TRACON& Tower with Radar,58,43,41,28,170,0,4,26,26,56,58,47,67,54,226,62,76,138,364
09/22/2022,COS,CO,ANM,WE,Combined TRACON& Tower with Radar,62,30,55,14,161,0,0,1,1,2,62,30,56,15,163,10,0,10,173
09/23/2022,COS,CO,ANM,WE,Combined TRACON& Tower with Radar,67,37,56,7,167,0,1,116,22,139,67,38,172,29,306,165,70,235,541
09/24/2022,COS,CO,ANM,WE,Combined TRACON& Tower with Radar,54,22,21,2,99,0,0,69,20,89,54,22,90,22,188,174,0,174,362
09/25/2022,COS,CO,ANM,WE,Combined TRACON& Tower with Radar,51,29,27,3,110,0,2,81,16,99,51,31,108,19,209,42,22,64,273
09/26/2022,COS,CO,ANM,WE,Combined TRACON& Tower with Radar,67,31,36,17,151,0,4,114,23,141,67,35,150,40,292,210,26,236,528
09/27/2022,COS,CO,ANM,WE,Combined TRACON& Tower with Radar,67,41,33,18,159,0,3,95,32,130,67,44,128,50,289,188,72,260,549
09/28/2022,COS,CO,ANM,WE,Combined TRACON& Tower with Radar,61,35,65,19,180,0,3,113,25,141,61,38,178,44,321,0,0,0,321
09/29/2022,COS,CO,ANM,WE,Combined TRACON& Tower with Radar,66,43,62,14,185,0,3,103,20,126,66,46,165,34,311,226,30,256,567
09/30/2022,COS,CO,ANM,WE,Combined TRACON& Tower with Radar,59,40,64,12,175,0,3,91,22,116,59,43,155,34,291,0,0,0,291
10/01/2022,COS,CO,ANM,WE,Combined TRACON& Tower with Radar,68,45,53,9,175,0,2,73,21,96,68,47,126,30,271,216,16,232,503
10/02/2022,COS,CO,ANM,WE,Combined TRACON& Tower with Radar,56,36,49,14,155,0,0,66,30,96,56,36,115,44,251,92,26,118,369
10/03/2022,COS,CO,ANM,WE,Combined TRACON& Tower with Radar,65,25,30,13,133,0,0,90,39,129,65,25,120,52,262,0,0,0,262
10/04/2022,COS,CO,ANM,WE,Combined TRACON& Tower with Radar,65,31,45,7,148,0,0,84,23,107,65,31,129,30,255,0,0,0,255
10/05/2022,COS,CO,ANM,WE,Combined TRACON& Tower with Radar,59,36,74,19,188,0,1,61,28,90,59,37,135,47,278,0,0,0,278
10/06/2022,COS,CO,ANM,WE,Combined TRACON& Tower with Radar,69,33,49,42,193,0,2,131,26,159,69,35,180,68,352,0,0,0,352
10/07/2022,COS,CO,ANM,WE,Combined TRACON& Tower with Radar,82,60,51,1,194,0,0,2,0,2,82,60,53,1,196,0,0,0,196
10/08/2022,COS,CO,ANM,WE,Combined TRACON& Tower with Radar,57,52,73,7,189,0,3,58,10,71,57,55,131,17,260,0,0,0,260
10/09/2022,COS,CO,ANM,WE,Combined TRACON& Tower with Radar,59,44,51,8,162,0,4,141,18,163,59,48,192,26,325,0,0,0,325
10/10/2022,COS,CO,ANM,WE,Combined TRACON& Tower with Radar,65,56,73,3,197,0,3,126,12,141,65,59,199,15,338,0,0,0,338
10/11/2022,COS,CO,ANM,WE,Combined TRACON& Tower with Radar,75,81,76,13,245,0,0,82,13,95,75,81,158,26,340,0,0,0,340
10/12/2022,COS,CO,ANM,WE,Combined TRACON& Tower with Radar,63,27,68,31,189,0,2,115,28,145,63,29,183,59,334,0,0,0,334
10/13/2022,COS,CO,ANM,WE,Combined TRACON& Tower with Radar,70,21,47,29,167,0,0,107,22,129,70,21,154,51,296,0,0,0,296
10/14/2022,COS,CO,ANM,WE,Combined TRACON& Tower with Radar,65,30,74,38,207,0,0,138,24,162,65,30,212,62,369,0,0,0,369
10/15/2022,COS,CO,ANM,WE,Combined TRACON& Tower with Radar,55,28,32,46,161,0,0,89,37,126,55,28,121,83,287,0,0,0,287
10/16/2022,COS,CO,ANM,WE,Combined TRACON& Tower with Radar,60,23,47,34,164,0,2,59,17,78,60,25,106,51,242,0,0,0,242
10/17/2022,COS,CO,ANM,WE,Combined TRACON& Tower with Radar,66,33,52,37,188,0,1,106,36,143,66,34,158,73,331,0,0,0,331
10/18/2022,COS,CO,ANM,WE,Combined TRACON& Tower with Radar,62,20,45,20,147,0,3,132,27,162,62,23,177,47,309,0,0,0,309
10/19/2022,COS,CO,ANM,WE,Combined TRACON& Tower with Radar,63,30,63,16,172,0,0,142,46,188,63,30,205,62,360,0,0,0,360
10/20/2022,COS,CO,ANM,WE,Combined TRACON& Tower with Radar,70,25,59,17,171,0,2,126,56,184,70,27,185,73,355,310,112,422,777
10/21/2022,COS,CO,ANM,WE,Combined TRACON& Tower with Radar,66,42,39,30,177,0,10,105,28,143,66,52,144,58,320,162,32,194,514
10/22/2022,COS,CO,ANM,WE,Combined TRACON& Tower with Radar,57,32,36,22,147,0,0,64,15,79,57,32,100,37,226,226,0,226,452
10/23/2022,COS,CO,ANM,WE,Combined TRACON& Tower with Radar,61,29,44,13,147,0,0,7,4,11,61,29,51,17,158,6,0,6,164
10/24/2022,COS,CO,ANM,WE,Combined TRACON& Tower with Radar,64,42,56,39,201,0,0,78,23,101,64,42,134,62,302,0,0,0,302
10/25/2022,COS,CO,ANM,WE,Combined TRACON& Tower with Radar,65,20,55,20,160,0,0,113,42,155,65,20,168,62,315,307,66,373,688
10/26/2022,COS,CO,ANM,WE,Combined TRACON& Tower with Radar,61,21,70,20,172,0,0,116,41,157,61,21,186,61,329,150,84,234,563
10/27/2022,COS,CO,ANM,WE,Combined TRACON& Tower with Radar,64,33,23,15,135,0,0,3,2,5,64,33,26,17,140,0,0,0,140
10/28/2022,COS,CO,ANM,WE,Combined TRACON& Tower with Radar,65,31,54,45,195,0,3,137,32,172,65,34,191,77,367,394,88,482,849
10/29/2022,COS,CO,ANM,WE,Combined TRACON& Tower with Radar,53,24,40,11,128,0,3,105,18,126,53,27,145,29,254,0,0,0,254
10/30/2022,COS,CO,ANM,WE,Combined TRACON& Tower with Radar,56,28,31,18,133,0,5,109,13,127,56,33,140,31,260,244,30,274,534
10/31/2022,COS,CO,ANM,WE,Combined TRACON& Tower with Radar,59,20,39,19,137,0,0,101,19,120,59,20,140,38,257,310,70,380,637
11/01/2022,COS,CO,ANM,WE,Combined TRACON& Tower with Radar,60,23,46,15,144,0,0,104,28,132,60,23,150,43,276,174,76,250,526
11/02/2022,COS,CO,ANM,WE,Combined TRACON& Tower with Radar,63,32,54,15,164,0,0,58,9,67,63,32,112,24,231,40,4,44,275
11/03/2022,COS,CO,ANM,WE,Combined TRACON& Tower with Radar,67,21,19,10,117,0,0,28,14,42,67,21,47,24,159,0,0,0,159
11/04/2022,COS,CO,ANM,WE,Combined TRACON& Tower with Radar,64,34,42,21,161,0,2,103,21,126,64,36,145,42,287,310,72,382,669
11/05/2022,COS,CO,ANM,WE,Combined TRACON& Tower with Radar,55,26,12,7,100,0,1,44,12,57,55,27,56,19,157,32,14,46,203
11/06/2022,COS,CO,ANM,WE,Combined TRACON& Tower with Radar,58,23,30,11,122,0,3,83,22,108,58,26,113,33,230,130,26,156,386
11/07/2022,COS,CO,ANM,WE,Combined TRACON& Tower with Radar,56,31,25,24,136,0,0,36,21,57,56,31,61,45,193,98,52,150,343
11/08/2022,COS,CO,ANM,WE,Combined TRACON& Tower with Radar,58,31,39,17,145,0,1,86,29,116,58,32,125,46,261,260,77,337,598
11/09/2022,COS,CO,ANM,WE,Combined TRACON& Tower with Radar,63,27,27,6,123,0,0,47,16,63,63,27,74,22,186,106,2,108,294
11/10/2022,COS,CO,ANM,WE,Combined TRACON& Tower with Radar,59,22,57,10,148,0,0,104,22,126,59,22,161,32,274,0,0,0,274
11/11/2022,COS,CO,ANM,WE,Combined TRACON& Tower with Radar,59,28,42,6,135,0,1,39,3,43,59,29,81,9,178,103,10,113,291
11/12/2022,COS,CO,ANM,WE,Combined TRACON& Tower with Radar,53,32,46,10,141,0,1,152,22,175,53,33,198,32,316,316,4,320,636
11/13/2022,COS,CO,ANM,WE,Combined TRACON& Tower with Radar,56,25,37,8,126,0,0,116,16,132,56,25,153,24,258,186,18,204,462
11/14/2022,COS,CO,ANM,WE,Combined TRACON& Tower with Radar,60,24,47,26,157,0,1,105,15,121,60,25,152,41,278,204,26,230,508
11/15/2022,COS,CO,ANM,WE,Combined TRACON& Tower with Radar,63,26,38,17,144,0,0,43,14,57,63,26,81,31,201,298,18,316,517
11/16/2022,COS,CO,ANM,WE,Combined TRACON& Tower with Radar,69,24,63,23,179,0,4,178,39,221,69,28,241,62,400,344,128,472,872
11/17/2022,COS,CO,ANM,WE,Combined TRACON& Tower with Radar,60,30,30,22,142,0,0,41,29,70,60,30,71,51,212,0,0,0,212
11/18/2022,COS,CO,ANM,WE,Combined TRACON& Tower with Radar,60,27,38,19,144,0,1,4,2,7,60,28,42,21,151,0,0,0,151
11/19/2022,COS,CO,ANM,WE,Combined TRACON& Tower with Radar,54,26,43,9,132,0,0,126,26,152,54,26,169,35,284,350,6,356,640
11/20/2022,COS,CO,ANM,WE,Combined TRACON& Tower with Radar,60,21,46,11,138,0,2,141,8,151,60,23,187,19,289,232,26,258,547
11/21/2022,COS,CO,ANM,WE,Combined TRACON& Tower with Radar,59,24,50,20,153,0,2,135,37,174,59,26,185,57,327,270,68,338,665
11/22/2022,COS,CO,ANM,WE,Combined TRACON& Tower with Radar,62,29,65,11,167,0,1,121,52,174,62,30,186,63,341,214,70,284,625
11/23/2022,COS,CO,ANM,WE,Combined TRACON& Tower with Radar,67,21,51,10,149,0,0,102,22,124,67,21,153,32,273,240,6,246,519
11/24/2022,COS,CO,ANM,WE,Combined TRACON& Tower with Radar,47,9,4,0,60,0,0,0,3,3,47,9,4,3,63,0,0,0,63
11/25/2022,COS,CO,ANM,WE,Combined TRACON& Tower with Radar,60,19,51,2,132,0,0,97,12,109,60,19,148,14,241,321,28,349,590
11/26/2022,COS,CO,ANM,WE,Combined TRACON& Tower with Radar,57,25,36,9,127,0,0,103,21,124,57,25,139,30,251,128,6,134,385
11/27/2022,COS,CO,ANM,WE,Combined TRACON& Tower with Radar,65,28,43,7,143,0,0,36,9,45,65,28,79,16,188,110,0,110,298
11/28/2022,COS,CO,ANM,WE,Combined TRACON& Tower with Radar,71,27,61,12,171,0,1,80,6,87,71,28,141,18,258,278,16,294,552
11/29/2022,COS,CO,ANM,WE,Combined TRACON& Tower with Radar,57,20,12,8,97,0,2,5,7,14,57,22,17,15,111,28,14,42,153
11/30/2022,COS,CO,ANM,WE,Combined TRACON& Tower with Radar,66,15,61,35,177,0,2,135,26,163,66,17,196,61,340,400,72,472,812
12/01/2022,COS,CO,ANM,WE,Combined TRACON& Tower with Radar,61,20,33,30,144,0,1,52,16,69,61,21,85,46,213,0,0,0,213
12/02/2022,COS,CO,ANM,WE,Combined TRACON& Tower with Radar,71,21,16,4,112,0,0,2,6,8,71,21,18,10,120,12,6,18,138
12/03/2022,COS,CO,ANM,WE,Combined TRACON& Tower with Radar,52,24,53,14,143,0,1,112,18,131,52,25,165,32,274,298,22,320,594
12/04/2022,COS,CO,ANM,WE,Combined TRACON& Tower with Radar,59,18,43,9,129,0,0,108,25,133,59,18,151,34,262,192,28,220,482
12/05/2022,COS,CO,ANM,WE,Combined TRACON& Tower with Radar,69,19,37,8,133,0,1,69,21,91,69,20,106,29,224,169,6,175,399
12/06/2022,COS,CO,ANM,WE,Combined TRACON& Tower with Radar,63,23,76,35,197,0,4,96,50,150,63,27,172,85,347,214,106,320,667
12/07/2022,COS,CO,ANM,WE,Combined TRACON& Tower with Radar,68,30,55,20,173,0,4,106,28,138,68,34,161,48,311,318,42,360,671
12/08/2022,COS,CO,ANM,WE,Combined TRACON& Tower with Radar,72,35,27,8,142,0,0,22,9,31,72,35,49,17,173,0,0,0,173
12/09/2022,COS,CO,ANM,WE,Combined TRACON& Tower with Radar,66,32,48,33,179,0,3,131,20,154,66,35,179,53,333,336,48,384,717
12/10/2022,COS,CO,ANM,WE,Combined TRACON& Tower with Radar,51,26,39,23,139,0,1,99,28,128,51,27,138,51,267,194,16,210,477
12/11/2022,COS,CO,ANM,WE,Combined TRACON& Tower with Radar,58,17,47,19,141,0,0,96,9,105,58,17,143,28,246,144,32,176,422
12/12/2022,COS,CO,ANM,WE,Combined TRACON& Tower with Radar,65,30,47,19,161,0,0,85,23,108,65,30,132,42,269,280,84,364,633
12/13/2022,COS,CO,ANM,WE,Combined TRACON& Tower with Radar,61,23,21,25,130,0,1,24,24,49,61,24,45,49,179,212,20,232,411
12/14/2022,COS,CO,ANM,WE,Combined TRACON& Tower with Radar,59,14,40,20,133,0,0,117,34,151,59,14,157,54,284,306,140,446,730
12/15/2022,COS,CO,ANM,WE,Combined TRACON& Tower with Radar,57,22,31,21,131,0,0,72,22,94,57,22,103,43,225,0,0,0,225
12/16/2022,COS,CO,ANM,WE,Combined TRACON& Tower with Radar,53,29,43,11,136,0,3,88,17,108,53,32,131,28,244,234,26,260,504
12/17/2022,COS,CO,ANM,WE,Combined TRACON& Tower with Radar,50,24,43,11,128,0,4,168,2,174,50,28,211,13,302,242,24,266,568
12/18/2022,COS,CO,ANM,WE,Combined TRACON& Tower with Radar,54,22,50,2,128,0,0,87,17,104,54,22,137,19,232,126,26,152,384
12/19/2022,COS,CO,ANM,WE,Combined TRACON& Tower with Radar,55,24,48,7,134,0,6,159,17,182,55,30,207,24,316,290,0,290,606
12/20/2022,COS,CO,ANM,WE,Combined TRACON& Tower with Radar,52,27,60,22,161,0,0,135,31,166,52,27,195,53,327,346,38,384,711
12/21/2022,COS,CO,ANM,WE,Combined TRACON& Tower with Radar,56,26,30,12,124,0,0,8,11,19,56,26,38,23,143,0,0,0,143
12/22/2022,COS,CO,ANM,WE,Combined TRACON& Tower with Radar,49,24,31,0,104,0,0,5,1,6,49,24,36,1,110,0,0,0,110
12/23/2022,COS,CO,ANM,WE,Combined TRACON& Tower with Radar,54,18,32,3,107,0,0,93,9,102,54,18,125,12,209,198,2,200,409
12/24/2022,COS,CO,ANM,WE,Combined TRACON& Tower with Radar,35,17,20,0,72,0,0,57,9,66,35,17,77,9,138,66,0,66,204
12/25/2022,COS,CO,ANM,WE,Combined TRACON& Tower with Radar,30,29,7,0,66,0,0,15,9,24,30,29,22,9,90,2,0,2,92
12/26/2022,COS,CO,ANM,WE,Combined TRACON& Tower with Radar,33,26,51,6,116,0,0,146,7,153,33,26,197,13,269,146,0,146,415
12/27/2022,COS,CO,ANM,WE,Combined TRACON& Tower with Radar,38,30,63,12,143,0,2,111,20,133,38,32,174,32,276,322,36,358,634
12/28/2022,COS,CO,ANM,WE,Combined TRACON& Tower with Radar,37,38,56,12,143,0,2,61,11,74,37,40,117,23,217,154,44,198,415
12/29/2022,COS,CO,ANM,WE,Combined TRACON& Tower with Radar,41,36,32,3,112,0,1,27,10,38,41,37,59,13,150,0,0,0,150
12/30/2022,COS,CO,ANM,WE,Combined TRACON& Tower with Radar,59,33,53,6,151,0,4,147,13,164,59,37,200,19,315,306,48,354,669
12/31/2022,COS,CO,ANM,WE,Combined TRACON& Tower with Radar,46,26,31,3,106,0,3,81,18,102,46,29,112,21,208,0,0,0,208
01/01/2023,COS,CO,ANM,WE,Combined TRACON& Tower with Radar,55,31,27,1,114,0,0,38,7,45,55,31,65,8,159,36,10,46,205
01/02/2023,COS,CO,ANM,WE,Combined TRACON& Tower with Radar,79,61,25,0,165,0,0,1,0,1,79,61,26,0,166,0,0,0,166
01/03/2023,COS,CO,ANM,WE,Combined TRACON& Tower with Radar,54,32,28,14,128,0,0,29,18,47,54,32,57,32,175,154,4,158,333
01/04/2023,COS,CO,ANM,WE,Combined TRACON& Tower with Radar,64,36,61,25,186,0,1,111,16,128,64,37,172,41,314,286,34,320,634
01/05/2023,COS,CO,ANM,WE,Combined TRACON& Tower with Radar,59,27,42,21,149,0,0,116,37,153,59,27,158,58,302,0,0,0,302
01/06/2023,COS,CO,ANM,WE,Combined TRACON& Tower with Radar,62,19,55,16,152,0,1,116,37,154,62,20,171,53,306,380,34,414,720
01/07/2023,COS,CO,ANM,WE,Combined TRACON& Tower with Radar,47,12,32,10,101,0,4,124,27,155,47,16,156,37,256,235,12,247,503
01/08/2023,COS,CO,ANM,WE,Combined TRACON& Tower with Radar,53,21,39,14,127,0,0,109,16,125,53,21,148,30,252,202,14,216,468
01/09/2023,COS,CO,ANM,WE,Combined TRACON& Tower with Radar,56,25,42,19,142,0,0,103,20,123,56,25,145,39,265,252,26,278,543
01/10/2023,COS,CO,ANM,WE,Combined TRACON& Tower with Radar,60,29,18,8,115,0,0,62,21,83,60,29,80,29,198,72,12,84,282
01/11/2023,COS,CO,ANM,WE,Combined TRACON& Tower with Radar,66,40,47,12,165,0,1,8,6,15,66,41,55,18,180,10,16,26,206
01/12/2023,COS,CO,ANM,WE,Combined TRACON& Tower with Radar,60,35,58,30,183,0,0,140,34,174,60,35,198,64,357,0,0,0,357
01/13/2023,COS,CO,ANM,WE,Combined TRACON& Tower with Radar,58,24,65,8,155,0,3,158,48,209,58,27,223,56,364,224,90,314,678
01/14/2023,COS,CO,ANM,WE,Combined TRACON& Tower with Radar,48,15,48,2,113,0,0,125,13,138,48,15,173,15,251,292,2,294,545
01/15/2023,COS,CO,ANM,WE,Combined TRACON& Tower with Radar,51,22,19,4,96,0,1,60,6,67,51,23,79,10,163,174,26,200,363
01/16/2023,COS,CO,ANM,WE,Combined TRACON& Tower with Radar,57,20,41,8,126,0,0,138,10,148,57,20,179,18,274,328,10,338,612
01/17/2023,COS,CO,ANM,WE,Combined TRACON& Tower with Radar,56,28,34,17,135,0,0,83,21,104,56,28,117,38,239,266,60,326,565
01/18/2023,COS,CO,ANM,WE,Combined TRACON& Tower with Radar,63,19,11,8,101,0,2,1,8,11,63,21,12,16,112,0,42,42,154
01/19/2023,COS,CO,ANM,WE,Combined TRACON& Tower with Radar,61,24,47,21,153,0,0,108,10,118,61,24,155,31,271,338,44,382,653
01/20/2023,COS,CO,ANM,WE,Combined TRACON& Tower with Radar,60,24,23,10,117,0,0,63,12,75,60,24,86,22,192,248,20,268,460
01/21/2023,COS,CO,ANM,WE,Combined TRACON& Tower with Radar,45,20,18,10,93,0,0,8,10,18,45,20,26,20,111,24,24,48,159
01/22/2023,COS,CO,ANM,WE,Combined TRACON& Tower with Radar,52,15,41,8,116,0,0,106,6,112,52,15,147,14,228,258,0,258,486
01/23/2023,COS,CO,ANM,WE,Combined TRACON& Tower with Radar,59,16,9,6,90,0,1,11,2,14,59,17,20,8,104,44,6,50,154
01/24/2023,COS,CO,ANM,WE,Combined TRACON& Tower with Radar,61,24,40,31,156,0,0,87,28,115,61,24,127,59,271,222,44,266,537
01/25/2023,COS,CO,ANM,WE,Combined TRACON& Tower with Radar,60,24,29,9,122,0,2,48,24,74,60,26,77,33,196,136,80,216,412
01/26/2023,COS,CO,ANM,WE,Combined TRACON& Tower with Radar,58,23,64,14,159,1,3,128,23,155,59,26,192,37,314,0,0,0,314
01/27/2023,COS,CO,ANM,WE,Combined TRACON& Tower with Radar,56,28,68,21,173,0,0,167,39,206,56,28,235,60,379,172,64,236,615
01/28/2023,COS,CO,ANM,WE,Combined TRACON& Tower with Radar,58,24,27,10,119,0,0,79,20,99,58,24,106,30,218,252,8,260,478
01/29/2023,COS,CO,ANM,WE,Combined TRACON& Tower with Radar,52,22,22,2,98,0,0,0,0,0,52,22,22,2,98,0,0,0,98
01/30/2023,COS,CO,ANM,WE,Combined TRACON& Tower with Radar,44,21,19,4,88,0,0,0,2,2,44,21,19,6,90,0,0,0,90
01/31/2023,COS,CO,ANM,WE,Combined TRACON& Tower with Radar,45,27,45,6,123,0,0,84,13,97,45,27,129,19,220,30,0,30,250
02/01/2023,COS,CO,ANM,WE,Combined TRACON& Tower with Radar,43,18,49,17,127,0,0,148,27,175,43,18,197,44,302,378,102,480,782
02/02/2023,COS,CO,ANM,WE,Combined TRACON& Tower with Radar,51,25,50,20,146,0,3,162,63,228,51,28,212,83,374,0,0,0,374
02/03/2023,COS,CO,ANM,WE,Combined TRACON& Tower with Radar,63,24,46,16,149,0,4,130,19,153,63,28,176,35,302,382,62,444,746
02/04/2023,COS,CO,ANM,WE,Combined TRACON& Tower with Radar,47,26,31,3,107,0,1,76,14,91,47,27,107,17,198,88,0,88,286
02/05/2023,COS,CO,ANM,WE,Combined TRACON& Tower with Radar,54,19,53,1,127,0,1,129,12,142,54,20,182,13,269,198,0,198,467
02/06/2023,COS,CO,ANM,WE,Combined TRACON& Tower with Radar,57,21,40,15,133,0,0,41,28,69,57,21,81,43,202,98,34,132,334
02/07/2023,COS,CO,ANM,WE,Combined TRACON& Tower with Radar,58,28,61,22,169,0,1,134,59,194,58,29,195,81,363,314,84,398,761
02/08/2023,COS,CO,ANM,WE,Combined TRACON& Tower with Radar,60,26,53,36,175,0,0,99,39,138,60,26,152,75,313,306,62,368,681
02/09/2023,COS,CO,ANM,WE,Combined TRACON& Tower with Radar,58,26,26,7,117,0,0,12,2,14,58,26,38,9,131,0,0,0,131
02/10/2023,COS,CO,ANM,WE,Combined TRACON& Tower with Radar,58,18,57,23,156,0,0,144,36,180,58,18,201,59,336,372,48,420,756
02/11/2023,COS,CO,ANM,WE,Combined TRACON& Tower with Radar,46,30,48,11,135,0,2,184,25,211,46,32,232,36,346,342,20,362,708
02/12/2023,COS,CO,ANM,WE,Combined TRACON& Tower with Radar,48,22,28,8,106,0,0,104,15,119,48,22,132,23,225,0,0,0,225
02/13/2023,COS,CO,ANM,WE,Combined TRACON& Tower with Radar,56,29,44,9,138,0,1,102,26,129,56,30,146,35,267,176,4,180,447
02/14/2023,COS,CO,ANM,WE,Combined TRACON& Tower with Radar,52,23,21,14,110,0,2,10,4,16,52,25,31,18,126,6,38,44,170
02/15/2023,COS,CO,ANM,WE,Combined TRACON& Tower with Radar,44,14,8,1,67,0,0,0,0,0,44,14,8,1,67,0,0,0,67
02/16/2023,COS,CO,ANM,WE,Combined TRACON& Tower with Radar,59,42,43,5,149,0,2,45,6,53,59,44,88,11,202,82,2,84,286
02/17/2023,COS,CO,ANM,WE,Combined TRACON& Tower with Radar,60,28,64,17,169,0,12,139,22,173,60,40,203,39,342,411,50,461,803
02/18/2023,COS,CO,ANM,WE,Combined TRACON& Tower with Radar,42,36,52,9,139,0,22,135,11,168,42,58,187,20,307,246,6,252,559
02/19/2023,COS,CO,ANM,WE,Combined TRACON& Tower with Radar,50,23,23,8,104,0,0,15,8,23,50,23,38,16,127,12,0,12,139
02/20/2023,COS,CO,ANM,WE,Combined TRACON& Tower with Radar,58,25,36,6,125,0,0,42,2,44,58,25,78,8,169,8,0,8,177
02/21/2023,COS,CO,ANM,WE,Combined TRACON& Tower with Radar,57,31,47,11,146,0,0,72,17,89,57,31,119,28,235,252,50,302,537
02/22/2023,COS,CO,ANM,WE,Combined TRACON& Tower with Radar,49,23,9,1,82,0,0,1,0,1,49,23,10,1,83,0,0,0,83
02/23/2023,COS,CO,ANM,WE,Combined TRACON& Tower with Radar,57,39,45,16,157,0,2,206,10,218,57,41,251,26,375,0,0,0,375
02/24/2023,COS,CO,ANM,WE,Combined TRACON& Tower with Radar,59,29,42,25,155,0,2,101,27,130,59,31,143,52,285,0,0,0,285
02/25/2023,COS,CO,ANM,WE,Combined TRACON& Tower with Radar,51,37,33,7,128,0,18,98,20,136,51,55,131,27,264,206,2,208,472
02/26/2023,COS,CO,ANM,WE,Combined TRACON& Tower with Radar,48,19,26,11,104,0,5,25,15,45,48,24,51,26,149,68,2,70,219
02/27/2023,COS,CO,ANM,WE,Combined TRACON& Tower with Radar,53,29,23,14,119,0,3,53,31,87,53,32,76,45,206,196,4,200,406
02/28/2023,COS,CO,ANM,WE,Combined TRACON& Tower with Radar,57,28,24,11,120,0,5,5,19,29,57,33,29,30,149,16,10,26,175
03/01/2023,COS,CO,ANM,WE,Combined TRACON& Tower with Radar,53,30,35,21,139,0,7,41,13,61,53,37,76,34,200,140,40,180,380
03/02/2023,COS,CO,ANM,WE,Combined TRACON& Tower with Radar,53,29,57,20,159,0,11,102,38,151,53,40,159,58,310,0,0,0,310
03/03/2023,COS,CO,ANM,WE,Combined TRACON& Tower with Radar,68,29,54,21,172,0,16,123,38,177,68,45,177,59,349,241,28,269,618
03/04/2023,COS,CO,ANM,WE,Combined TRACON& Tower with Radar,51,17,21,4,93,0,0,24,4,28,51,17,45,8,121,110,0,110,231
03/05/2023,COS,CO,ANM,WE,Combined TRACON& Tower with Radar,53,14,17,4,88,0,0,21,9,30,53,14,38,13,118,28,0,28,146
03/06/2023,COS,CO,ANM,WE,Combined TRACON& Tower with Radar,61,22,56,17,156,0,15,129,21,165,61,37,185,38,321,232,16,248,569
03/07/2023,COS,CO,ANM,WE,Combined TRACON& Tower with Radar,61,19,13,7,100,0,0,0,0,0,61,19,13,7,100,0,0,0,100
03/08/2023,COS,CO,ANM,WE,Combined TRACON& Tower with Radar,57,17,23,6,103,0,0,4,3,7,57,17,27,9,110,30,0,30,140
03/09/2023,COS,CO,ANM,WE,Combined TRACON& Tower with Radar,59,34,61,18,172,0,5,109,14,128,59,39,170,32,300,404,24,428,728
03/10/2023,COS,CO,ANM,WE,Combined TRACON& Tower with Radar,62,34,48,8,152,0,20,94,12,126,62,54,142,20,278,268,8,276,554
03/11/2023,COS,CO,ANM,WE,Combined TRACON& Tower with Radar,48,34,52,5,139,0,4,63,11,78,48,38,115,16,217,222,0,222,439
03/12/2023,COS,CO,ANM,WE,Combined TRACON& Tower with Radar,49,25,48,9,131,0,10,68,3,81,49,35,116,12,212,198,4,202,414
03/13/2023,COS,CO,ANM,WE,Combined TRACON& Tower with Radar,65,49,49,13,176,0,25,137,15,177,65,74,186,28,353,430,2,432,785
03/14/2023,COS,CO,ANM,WE,Combined TRACON& Tower with Radar,60,29,45,23,157,0,12,138,28,178,60,41,183,51,335,0,0,0,335
03/15/2023,COS,CO,ANM,WE,Combined TRACON& Tower with Radar,58,32,40,21,151,0,12,86,18,116,58,44,126,39,267,170,42,212,479
03/16/2023,COS,CO,ANM,WE,Combined TRACON& Tower with Radar,59,28,16,11,114,0,1,0,9,10,59,29,16,20,124,0,0,0,124
03/17/2023,COS,CO,ANM,WE,Combined TRACON& Tower with Radar,60,41,49,8,158,0,8,45,11,64,60,49,94,19,222,154,24,178,400
03/18/2023,COS,CO,ANM,WE,Combined TRACON& Tower with Radar,47,24,44,1,116,0,25,138,26,189,47,49,182,27,305,230,20,250,555
03/19/2023,COS,CO,ANM,WE,Combined TRACON& Tower with Radar,49,23,28,6,106,0,19,100,7,126,49,42,128,13,232,264,0,264,496
03/20/2023,COS,CO,ANM,WE,Combined TRACON& Tower with Radar,61,14,44,6,125,0,15,84,36,135,61,29,128,42,260,260,122,382,642
03/21/2023,COS,CO,ANM,WE,Combined TRACON& Tower with Radar,58,23,29,21,131,0,16,97,17,130,58,39,126,38,261,332,38,370,631
03/22/2023,COS,CO,ANM,WE,Combined TRACON& Tower with Radar,63,15,16,13,107,0,4,20,2,26,63,19,36,15,133,56,0,56,189
03/23/2023,COS,CO,ANM,WE,Combined TRACON& Tower with Radar,68,37,37,25,167,0,20,94,35,149,68,57,131,60,316,0,0,0,316
03/24/2023,COS,CO,ANM,WE,Combined TRACON& Tower with Radar,63,25,49,26,163,0,12,69,26,107,63,37,118,52,270,196,42,238,508
03/25/2023,COS,CO,ANM,WE,Combined TRACON& Tower with Radar,50,26,26,3,105,0,2,4,8,14,50,28,30,11,119,0,0,0,119
03/26/2023,COS,CO,ANM,WE,Combined TRACON& Tower with Radar,45,23,37,2,107,0,11,99,17,127,45,34,136,19,234,208,18,226,460
03/27/2023,COS,CO,ANM,WE,Combined TRACON& Tower with Radar,59,21,20,13,113,0,6,8,8,22,59,27,28,21,135,48,0,48,183
03/28/2023,COS,CO,ANM,WE,Combined TRACON& Tower with Radar,58,46,41,12,157,0,19,126,19,164,58,65,167,31,321,374,0,374,695
03/29/2023,COS,CO,ANM,WE,Combined TRACON& Tower with Radar,57,48,34,18,157,0,30,102,21,153,57,78,136,39,310,280,26,306,616
03/30/2023,COS,CO,ANM,WE,Combined TRACON& Tower with Radar,68,35,17,4,124,0,6,22,8,36,68,41,39,12,160,156,0,156,316
03/31/2023,COS,CO,ANM,WE,Combined TRACON& Tower with Radar,59,14,21,5,99,0,0,3,6,9,59,14,24,11,108,12,0,12,120
04/01/2023,COS,CO,ANM,WE,Combined TRACON& Tower with Radar,49,38,35,3,125,0,22,84,17,123,49,60,119,20,248,162,12,174,422
04/02/2023,COS,CO,ANM,WE,Combined TRACON& Tower with Radar,48,26,29,11,114,0,5,50,11,66,48,31,79,22,180,150,28,178,358
04/03/2023,COS,CO,ANM,WE,Combined TRACON& Tower with Radar,62,30,30,14,136,0,14,61,17,92,62,44,91,31,228,106,10,116,344
04/04/2023,COS,CO,ANM,WE,Combined TRACON& Tower with Radar,65,21,16,29,131,0,0,5,11,16,65,21,21,40,147,14,26,40,187
04/05/2023,COS,CO,ANM,WE,Combined TRACON& Tower with Radar,57,28,42,29,156,0,14,85,19,118,57,42,127,48,274,362,26,388,662
04/06/2023,COS,CO,ANM,WE,Combined TRACON& Tower with Radar,60,46,40,20,166,0,17,121,22,160,60,63,161,42,326,322,44,366,692
04/07/2023,COS,CO,ANM,WE,Combined TRACON& Tower with Radar,65,22,30,6,123,0,23,121,35,179,65,45,151,41,302,162,48,210,512
04/08/2023,COS,CO,ANM,WE,Combined TRACON& Tower with Radar,93,34,27,20,174,0,22,120,22,164,93,56,147,42,338,268,58,326,664
04/09/2023,COS,CO,ANM,WE,Combined TRACON& Tower with Radar,52,25,31,10,118,0,21,92,14,127,52,46,123,24,245,206,48,254,499
04/10/2023,COS,CO,ANM,WE,Combined TRACON& Tower with Radar,62,36,57,7,162,0,23,139,12,174,62,59,196,19,336,326,0,326,662
04/11/2023,COS,CO,ANM,WE,Combined TRACON& Tower with Radar,59,34,39,28,160,0,12,134,38,184,59,46,173,66,344,432,34,466,810
04/12/2023,COS,CO,ANM,WE,Combined TRACON& Tower with Radar,60,29,43,14,146,0,18,78,13,109,60,47,121,27,255,104,24,128,383
04/13/2023,COS,CO,ANM,WE,Combined TRACON& Tower with Radar,60,34,34,18,146,0,0,37,17,54,60,34,71,35,200,0,0,0,200
04/14/2023,COS,CO,ANM,WE,Combined TRACON& Tower with Radar,63,30,26,11,130,0,7,33,19,59,63,37,59,30,189,128,22,150,339
04/15/2023,COS,CO,ANM,WE,Combined TRACON& Tower with Radar,49,33,32,19,133,0,12,58,33,103,49,45,90,52,236,90,14,104,340
04/16/2023,COS,CO,ANM,WE,Combined TRACON& Tower with Radar,54,38,43,14,149,0,35,125,12,172,54,73,168,26,321,389,20,409,730
04/17/2023,COS,CO,ANM,WE,Combined TRACON& Tower with Radar,61,25,45,28,159,0,27,134,35,196,61,52,179,63,355,558,32,590,945
04/18/2023,COS,CO,ANM,WE,Combined TRACON& Tower with Radar,70,30,50,21,171,1,12,58,31,102,71,42,108,52,273,182,18,200,473
04/19/2023,COS,CO,ANM,WE,Combined TRACON& Tower with Radar,95,30,27,19,171,0,3,40,18,61,95,33,67,37,232,72,44,116,348
04/20/2023,COS,CO,ANM,WE,Combined TRACON& Tower with Radar,56,23,39,15,133,0,8,55,25,88,56,31,94,40,221,98,26,124,345
04/21/2023,COS,CO,ANM,WE,Combined TRACON& Tower with Radar,64,33,45,20,162,0,26,159,29,214,64,59,204,49,376,332,76,408,784
04/22/2023,COS,CO,ANM,WE,Combined TRACON& Tower with Radar,48,29,9,5,91,0,0,3,6,9,48,29,12,11,100,0,0,0,100
04/23/2023,COS,CO,ANM,WE,Combined TRACON& Tower with Radar,50,31,35,10,126,0,21,104,13,138,50,52,139,23,264,310,18,328,592
04/24/2023,COS,CO,ANM,WE,Combined TRACON& Tower with Radar,61,27,36,22,146,0,21,119,28,168,61,48,155,50,314,220,10,230,544
04/25/2023,COS,CO,ANM,WE,Combined TRACON& Tower with Radar,91,22,28,19,160,0,0,9,2,11,91,22,37,21,171,14,10,24,195
04/26/2023,COS,CO,ANM,WE,Combined TRACON& Tower with Radar,65,22,26,13,126,0,0,13,0,13,65,22,39,13,139,150,0,150,289
04/27/2023,COS,CO,ANM,WE,Combined TRACON& Tower with Radar,64,28,52,15,159,0,12,106,33,151,64,40,158,48,310,416,98,514,824
04/28/2023,COS,CO,ANM,WE,Combined TRACON& Tower with Radar,67,26,39,17,149,0,5,44,27,76,67,31,83,44,225,76,62,138,363
04/29/2023,COS,CO,ANM,WE,Combined TRACON& Tower with Radar,48,25,36,7,116,0,27,160,18,205,48,52,196,25,321,430,22,452,773
04/30/2023,COS,CO,ANM,WE,Combined TRACON& Tower with Radar,51,27,44,13,135,0,31,116,8,155,51,58,160,21,290,288,2,290,580
05/01/2023,COS,CO,ANM,WE,Combined TRACON& Tower with Radar,62,26,34,21,143,0,15,91,10,116,62,41,125,31,259,308,2,310,569
05/02/2023,COS,CO,ANM,WE,Combined TRACON& Tower with Radar,60,23,38,9,130,1,19,109,20,149,61,42,147,29,279,416,20,436,715
05/03/2023,COS,CO,ANM,WE,Combined TRACON& Tower with Radar,65,24,35,22,146,0,25,110,11,146,65,49,145,33,292,342,6,348,640
05/04/2023,COS,CO,ANM,WE,Combined TRACON& Tower with Radar,67,24,35,28,154,0,15,50,22,87,67,39,85,50,241,166,50,216,457
05/05/2023,COS,CO,ANM,WE,Combined TRACON& Tower with Radar,98,31,46,45,220,0,25,80,22,127,98,56,126,67,347,198,32,230,577
05/06/2023,COS,CO,ANM,WE,Combined TRACON& Tower with Radar,57,36,33,12,138,0,19,100,24,143,57,55,133,36,281,238,12,250,531
05/07/2023,COS,CO,ANM,WE,Combined TRACON& Tower with Radar,47,26,43,17,133,0,8,93,26,127,47,34,136,43,260,172,0,172,432
05/08/2023,COS,CO,ANM,WE,Combined TRACON& Tower with Radar,58,39,46,6,149,0,14,62,26,102,58,53,108,32,251,218,66,284,535
05/09/2023,COS,CO,ANM,WE,Combined TRACON& Tower with Radar,57,37,42,33,169,0,11,153,10,174,57,48,195,43,343,372,26,398,741
05/10/2023,COS,CO,ANM,WE,Combined TRACON& Tower with Radar,63,42,65,11,181,0,3,48,20,71,63,45,113,31,252,174,14,188,440
05/11/2023,COS,CO,ANM,WE,Combined TRACON& Tower with Radar,61,43,17,9,130,0,0,0,0,0,61,43,17,9,130,0,0,0,130
05/12/2023,COS,CO,ANM,WE,Combined TRACON& Tower with Radar,59,42,33,26,160,0,0,11,18,29,59,42,44,44,189,18,50,68,257
05/13/2023,COS,CO,ANM,WE,Combined TRACON& Tower with Radar,48,42,43,4,137,0,23,87,8,118,48,65,130,12,255,306,62,368,623
05/14/2023,COS,CO,ANM,WE,Combined TRACON& Tower with Radar,46,34,41,9,130,0,3,21,2,26,46,37,62,11,156,114,0,114,270
05/15/2023,COS,CO,ANM,WE,Combined TRACON& Tower with Radar,58,41,79,10,188,0,10,60,19,89,58,51,139,29,277,464,72,536,813
05/16/2023,COS,CO,ANM,WE,Combined TRACON& Tower with Radar,59,27,66,19,171,0,22,117,32,171,59,49,183,51,342,360,30,390,732
05/17/2023,COS,CO,ANM,WE,Combined TRACON& Tower with Radar,61,39,44,12,156,0,25,110,23,158,61,64,154,35,314,322,40,362,676
05/18/2023,COS,CO,ANM,WE,Combined TRACON& Tower with Radar,61,36,64,7,168,0,12,60,19,91,61,48,124,26,259,224,46,270,529
05/19/2023,COS,CO,ANM,WE,Combined TRACON& Tower with Radar,57,36,64,12,169,0,1,0,1,2,57,37,64,13,171,36,0,36,207
05/20/2023,COS,CO,ANM,WE,Combined TRACON& Tower with Radar,51,25,45,5,126,0,1,7,0,8,51,26,52,5,134,38,0,38,172
05/21/2023,COS,CO,ANM,WE,Combined TRACON& Tower with Radar,51,35,38,11,135,0,30,106,13,149,51,65,144,24,284,0,0,0,284
05/22/2023,COS,CO,ANM,WE,Combined TRACON& Tower with Radar,57,31,60,7,155,0,15,98,36,149,57,46,158,43,304,432,60,492,796
05/23/2023,COS,CO,ANM,WE,Combined TRACON& Tower with Radar,58,38,42,11,149,0,5,66,12,83,58,43,108,23,232,318,12,330,562
05/24/2023,COS,CO,ANM,WE,Combined TRACON& Tower with Radar,53,29,47,15,144,1,1,20,5,27,54,30,67,20,171,120,4,124,295
05/25/2023,COS,CO,ANM,WE,Combined TRACON& Tower with Radar,71,52,83,24,230,0,15,50,8,73,71,67,133,32,303,142,0,142,445
05/26/2023,COS,CO,ANM,WE,Combined TRACON& Tower with Radar,62,42,59,2,165,0,15,123,11,149,62,57,182,13,314,366,12,378,692
05/27/2023,COS,CO,ANM,WE,Combined TRACON& Tower with Radar,68,34,64,5,171,0,3,57,17,77,68,37,121,22,248,108,6,114,362
05/28/2023,COS,CO,ANM,WE,Combined TRACON& Tower with Radar,49,46,68,1,164,0,31,98,13,142,49,77,166,14,306,0,0,0,306
05/29/2023,COS,CO,ANM,WE,Combined TRACON& Tower with Radar,71,40,48,5,164,0,22,135,18,175,71,62,183,23,339,426,0,426,765
05/30/2023,COS,CO,ANM,WE,Combined TRACON& Tower with Radar,77,38,37,14,166,0,11,76,19,106,77,49,113,33,272,208,10,218,490
05/31/2023,COS,CO,ANM,WE,Combined TRACON& Tower with Radar,62,33,35,11,141,0,10,60,23,93,62,43,95,34,234,398,38,436,670
06/01/2023,COS,CO,ANM,WE,Combined TRACON& Tower with Radar,61,29,20,22,132,0,1,5,9,15,61,30,25,31,147,10,0,10,157
06/02/2023,COS,CO,ANM,WE,Combined TRACON& Tower with Radar,58,39,62,22,181,0,25,129,24,178,58,64,191,46,359,260,28,288,647
06/03/2023,COS,CO,ANM,WE,Combined TRACON& Tower with Radar,48,42,44,0,134,0,0,16,0,16,48,42,60,0,150,104,0,104,254
06/04/2023,COS,CO,ANM,WE,Combined TRACON& Tower with Radar,53,44,81,5,183,0,1,11,4,16,53,45,92,9,199,130,10,140,339
06/05/2023,COS,CO,ANM,WE,Combined TRACON& Tower with Radar,61,46,47,19,173,0,1,10,19,30,61,47,57,38,203,50,14,64,267
06/06/2023,COS,CO,ANM,WE,Combined TRACON& Tower with Radar,75,44,61,32,212,0,30,82,37,149,75,74,143,69,361,348,42,390,751
06/07/2023,COS,CO,ANM,WE,Combined TRACON& Tower with Radar,65,46,58,13,182,0,16,110,32,158,65,62,168,45,340,282,60,342,682
06/08/2023,COS,CO,ANM,WE,Combined TRACON& Tower with Radar,76,30,60,11,177,0,26,119,41,186,76,56,179,52,363,348,62,410,773
06/09/2023,COS,CO,ANM,WE,Combined TRACON& Tower with Radar,83,37,35,13,168,0,23,114,30,167,83,60,149,43,335,0,0,0,335
06/10/2023,COS,CO,ANM,WE,Combined TRACON& Tower with Radar,55,38,45,2,140,0,24,113,15,152,55,62,158,17,292,228,10,238,530
06/11/2023,COS,CO,ANM,WE,Combined TRACON& Tower with Radar,52,48,59,3,162,0,10,72,10,92,52,58,131,13,254,160,14,174,428
06/12/2023,COS,CO,ANM,WE,Combined TRACON& Tower with Radar,60,14,17,1,92,0,1,5,1,7,60,15,22,2,99,0,0,0,99
06/13/2023,COS,CO,ANM,WE,Combined TRACON& Tower with Radar,67,33,50,25,175,0,4,20,15,39,67,37,70,40,214,52,26,78,292
06/14/2023,COS,CO,ANM,WE,Combined TRACON& Tower with Radar,65,36,39,12,152,0,23,119,43,185,65,59,158,55,337,376,146,522,859
06/15/2023,COS,CO,ANM,WE,Combined TRACON& Tower with Radar,68,33,40,13,154,0,22,70,24,116,68,55,110,37,270,222,22,244,514
06/16/2023,COS,CO,ANM,WE,Combined TRACON& Tower with Radar,66,31,54,2,153,1,12,70,18,101,67,43,124,20,254,86,0,86,340
06/17/2023,COS,CO,ANM,WE,Combined TRACON& Tower with Radar,58,34,29,4,125,0,17,60,8,85,58,51,89,12,210,232,0,232,442
06/18/2023,COS,CO,ANM,WE,Combined TRACON& Tower with Radar,54,35,49,8,146,0,32,113,23,168,54,67,162,31,314,226,22,248,562
06/19/2023,COS,CO,ANM,WE,Combined TRACON& Tower with Radar,67,22,55,4,148,0,27,129,14,170,67,49,184,18,318,0,0,0,318
06/20/2023,COS,CO,ANM,WE,Combined TRACON& Tower with Radar,66,25,35,11,137,0,32,127,34,193,66,57,162,45,330,296,100,396,726
06/21/2023,COS,CO,ANM,WE,Combined TRACON& Tower with Radar,66,26,48,13,153,0,25,88,18,131,66,51,136,31,284,0,0,0,284
06/22/2023,COS,CO,ANM,WE,Combined TRACON& Tower with Radar,69,32,50,29,180,0,14,85,22,121,69,46,135,51,301,272,18,290,591
06/23/2023,COS,CO,ANM,WE,Combined TRACON& Tower with Radar,67,38,56,8,169,0,14,83,39,136,67,52,139,47,305,0,0,0,305
06/24/2023,COS,CO,ANM,WE,Combined TRACON& Tower with Radar,62,30,42,16,150,0,26,120,14,160,62,56,162,30,310,268,122,390,700
06/25/2023,COS,CO,ANM,WE,Combined TRACON& Tower with Radar,57,46,67,12,182,0,22,84,10,116,57,68,151,22,298,178,0,178,476
06/26/2023,COS,CO,ANM,WE,Combined TRACON& Tower with Radar,64,23,45,16,148,0,17,95,30,142,64,40,140,46,290,0,0,0,290
06/27/2023,COS,CO,ANM,WE,Combined TRACON& Tower with Radar,72,33,25,7,137,0,8,16,17,41,72,41,41,24,178,0,0,0,178
06/28/2023,COS,CO,ANM,WE,Combined TRACON& Tower with Radar,68,36,47,28,179,0,18,100,44,162,68,54,147,72,341,0,0,0,341
06/29/2023,COS,CO,ANM,WE,Combined TRACON& Tower with Radar,102,42,60,23,227,1,14,72,38,125,103,56,132,61,352,199,28,227,579
06/30/2023,COS,CO,ANM,WE,Combined TRACON& Tower with Radar,72,43,68,3,186,0,3,51,14,68,72,46,119,17,254,222,48,270,524
07/01/2023,COS,CO,ANM,WE,Combined TRACON& Tower with Radar,61,37,59,1,158,0,26,146,22,194,61,63,205,23,352,240,0,240,592
07/02/2023,COS,CO,ANM,WE,Combined TRACON& Tower with Radar,54,22,33,2,111,0,9,81,6,96,54,31,114,8,207,0,0,0,207
07/03/2023,COS,CO,ANM,WE,Combined TRACON& Tower with Radar,70,18,59,3,150,0,13,139,22,174,70,31,198,25,324,0,0,0,324
07/04/2023,COS,CO,ANM,WE,Combined TRACON& Tower with Radar,66,25,17,1,109,0,9,83,12,104,66,34,100,13,213,194,20,214,427
07/05/2023,COS,CO,ANM,WE,Combined TRACON& Tower with Radar,75,31,67,24,197,0,0,0,7,7,75,31,67,31,204,0,0,0,204
07/06/2023,COS,CO,ANM,WE,Combined TRACON& Tower with Radar,100,33,41,18,192,0,3,6,9,18,100,36,47,27,210,72,12,84,294
07/07/2023,COS,CO,ANM,WE,Combined TRACON& Tower with Radar,74,35,55,8,172,0,7,59,19,85,74,42,114,27,257,94,32,126,383
07/08/2023,COS,CO,ANM,WE,Combined TRACON& Tower with Radar,60,43,53,7,163,0,10,34,8,52,60,53,87,15,215,194,38,232,447
07/09/2023,COS,CO,ANM,WE,Combined TRACON& Tower with Radar,62,38,74,5,179,0,12,64,14,90,62,50,138,19,269,148,36,184,453
07/10/2023,COS,CO,ANM,WE,Combined TRACON& Tower with Radar,66,26,55,9,156,0,9,78,20,107,66,35,133,29,263,0,0,0,263
07/11/2023,COS,CO,ANM,WE,Combined TRACON& Tower with Radar,74,30,48,30,182,1,27,129,43,200,75,57,177,73,382,512,84,596,978
07/12/2023,COS,CO,ANM,WE,Combined TRACON& Tower with Radar,68,36,63,19,186,0,24,101,44,169,68,60,164,63,355,0,0,0,355
07/13/2023,COS,CO,ANM,WE,Combined TRACON& Tower with Radar,83,22,61,27,193,0,21,97,37,155,83,43,158,64,348,0,0,0,348
07/14/2023,COS,CO,ANM,WE,Combined TRACON& Tower with Radar,73,49,71,37,230,0,21,93,32,146,73,70,164,69,376,180,66,246,622
07/15/2023,COS,CO,ANM,WE,Combined TRACON& Tower with Radar,63,38,51,3,155,0,20,71,18,109,63,58,122,21,264,228,0,228,492
07/16/2023,COS,CO,ANM,WE,Combined TRACON& Tower with Radar,66,41,37,2,146,0,29,116,16,161,66,70,153,18,307,216,0,216,523
07/17/2023,COS,CO,ANM,WE,Combined TRACON& Tower with Radar,76,29,41,16,162,0,18,94,21,133,76,47,135,37,295,0,0,0,295
07/18/2023,COS,CO,ANM,WE,Combined TRACON& Tower with Radar,74,25,56,33,188,0,19,94,31,144,74,44,150,64,332,388,78,466,798
07/19/2023,COS,CO,ANM,WE,Combined TRACON& Tower with Radar,74,39,46,15,174,0,10,109,40,159,74,49,155,55,333,0,0,0,333
07/20/2023,COS,CO,ANM,WE,Combined TRACON& Tower with Radar,83,23,45,20,171,0,3,70,41,114,83,26,115,61,285,0,0,0,285
07/21/2023,COS,CO,ANM,WE,Combined TRACON& Tower with Radar,80,59,69,21,229,0,17,71,17,105,80,76,140,38,334,0,0,0,334
07/22/2023,COS,CO,ANM,WE,Combined TRACON& Tower with Radar,63,26,57,1,147,0,31,108,31,170,63,57,165,32,317,220,52,272,589
07/23/2023,COS,CO,ANM,WE,Combined TRACON& Tower with Radar,82,34,47,4,167,0,25,66,16,107,82,59,113,20,274,158,0,158,432
07/24/2023,COS,CO,ANM,WE,Combined TRACON& Tower with Radar,78,41,94,32,245,0,16,35,14,65,78,57,129,46,310,0,0,0,310
07/25/2023,COS,CO,ANM,WE,Combined TRACON& Tower with Radar,80,44,80,27,231,0,12,38,10,60,80,56,118,37,291,260,40,300,591
07/26/2023,COS,CO,ANM,WE,Combined TRACON& Tower with Radar,88,38,82,45,253,0,13,38,18,69,88,51,120,63,322,0,0,0,322
07/27/2023,COS,CO,ANM,WE,Combined TRACON& Tower with Radar,74,37,80,36,227,0,10,31,18,59,74,47,111,54,286,138,104,242,528
07/28/2023,COS,CO,ANM,WE,Combined TRACON& Tower with Radar,74,63,106,36,279,0,11,53,12,76,74,74,159,48,355,242,98,340,695
07/29/2023,COS,CO,ANM,WE,Combined TRACON& Tower with Radar,63,50,66,3,182,0,5,37,5,47,63,55,103,8,229,116,0,116,345
07/30/2023,COS,CO,ANM,WE,Combined TRACON& Tower with Radar,64,53,111,12,240,0,12,39,4,55,64,65,150,16,295,258,0,258,553
07/31/2023,COS,CO,ANM,WE,Combined TRACON& Tower with Radar,68,47,76,16,207,0,11,35,11,57,68,58,111,27,264,0,0,0,264
08/01/2023,COS,CO,ANM,WE,Combined TRACON& Tower with Radar,71,35,76,16,198,0,6,42,10,58,71,41,118,26,256,370,54,424,680
08/02/2023,COS,CO,ANM,WE,Combined TRACON& Tower with Radar,70,30,78,42,220,0,7,51,13,71,70,37,129,55,291,340,92,432,723
08/03/2023,COS,CO,ANM,WE,Combined TRACON& Tower with Radar,80,39,100,25,244,0,12,60,22,94,80,51,160,47,338,304,86,390,728
08/04/2023,COS,CO,ANM,WE,Combined TRACON& Tower with Radar,70,47,109,38,264,0,13,57,16,86,70,60,166,54,350,300,74,374,724
08/05/2023,COS,CO,ANM,WE,Combined TRACON& Tower with Radar,65,37,73,5,180,0,6,38,11,55,65,43,111,16,235,162,50,212,447
08/06/2023,COS,CO,ANM,WE,Combined TRACON& Tower with Radar,85,66,108,11,270,2,2,20,7,31,87,68,128,18,301,84,8,92,393
08/07/2023,COS,CO,ANM,WE,Combined TRACON& Tower with Radar,70,51,79,17,217,0,5,28,8,41,70,56,107,25,258,274,24,298,556
08/08/2023,COS,CO,ANM,WE,Combined TRACON& Tower with Radar,77,48,87,33,245,0,4,21,4,29,77,52,108,37,274,142,26,168,442
08/09/2023,COS,CO,ANM,WE,Combined TRACON& Tower with Radar,68,65,135,52,320,0,10,56,36,102,68,75,191,88,422,512,104,616,1038
08/10/2023,COS,CO,ANM,WE,Combined TRACON& Tower with Radar,79,75,68,19,241,0,22,118,22,162,79,97,186,41,403,352,52,404,807
08/11/2023,COS,CO,ANM,WE,Combined TRACON& Tower with Radar,73,34,41,33,181,0,18,140,16,174,73,52,181,49,355,328,22,350,705
08/12/2023,COS,CO,ANM,WE,Combined TRACON& Tower with Radar,61,34,43,1,139,0,8,68,9,85,61,42,111,10,224,124,0,124,348
08/13/2023,COS,CO,ANM,WE,Combined TRACON& Tower with Radar,61,48,43,4,156,0,6,43,9,58,61,54,86,13,214,72,12,84,298
08/14/2023,COS,CO,ANM,WE,Combined TRACON& Tower with Radar,65,38,61,8,172,0,16,114,18,148,65,54,175,26,320,448,68,516,836
08/15/2023,COS,CO,ANM,WE,Combined TRACON& Tower with Radar,72,38,83,31,224,0,29,153,48,230,72,67,236,79,454,364,90,454,908
08/16/2023,COS,CO,ANM,WE,Combined TRACON& Tower with Radar,73,44,56,9,182,0,13,88,28,129,73,57,144,37,311,324,40,364,675
08/17/2023,COS,CO,ANM,WE,Combined TRACON& Tower with Radar,75,50,68,19,212,0,24,127,54,205,75,74,195,73,417,380,88,468,885
08/18/2023,COS,CO,ANM,WE,Combined TRACON& Tower with Radar,90,41,43,25,199,0,18,132,34,184,90,59,175,59,383,210,106,316,699
08/19/2023,COS,CO,ANM,WE,Combined TRACON& Tower with Radar,76,52,34,19,181,0,29,119,24,172,76,81,153,43,353,242,62,304,657
08/20/2023,COS,CO,ANM,WE,Combined TRACON& Tower with Radar,64,41,58,3,166,0,13,82,13,108,64,54,140,16,274,150,0,150,424
08/21/2023,COS,CO,ANM,WE,Combined TRACON& Tower with Radar,80,52,56,16,204,0,19,72,29,120,80,71,128,45,324,104,22,126,450
08/22/2023,COS,CO,ANM,WE,Combined TRACON& Tower with Radar,82,48,42,11,183,0,21,86,28,135,82,69,128,39,318,246,60,306,624
08/23/2023,COS,CO,ANM,WE,Combined TRACON& Tower with Radar,67,35,55,16,173,0,18,122,37,177,67,53,177,53,350,248,88,336,686
08/24/2023,COS,CO,ANM,WE,Combined TRACON& Tower with Radar,80,42,57,30,209,0,16,91,26,133,80,58,148,56,342,318,68,386,728
08/25/2023,COS,CO,ANM,WE,Combined TRACON& Tower with Radar,78,47,59,13,197,0,5,45,13,63,78,52,104,26,260,54,56,110,370
08/26/2023,COS,CO,ANM,WE,Combined TRACON& Tower with Radar,64,31,53,9,157,0,1,92,12,105,64,32,145,21,262,224,4,228,490
08/27/2023,COS,CO,ANM,WE,Combined TRACON& Tower with Radar,70,30,47,2,149,0,10,94,6,110,70,40,141,8,259,128,2,130,389
08/28/2023,COS,CO,ANM,WE,Combined TRACON& Tower with Radar,69,35,31,16,151,0,13,66,13,92,69,48,97,29,243,0,0,0,243
08/29/2023,COS,CO,ANM,WE,Combined TRACON& Tower with Radar,70,37,54,24,185,0,27,120,25,172,70,64,174,49,357,358,62,420,777
08/30/2023,COS,CO,ANM,WE,Combined TRACON& Tower with Radar,71,34,103,40,248,0,34,151,38,223,71,68,254,78,471,336,110,446,917
08/31/2023,COS,CO,ANM,WE,Combined TRACON& Tower with Radar,75,37,131,15,258,0,23,112,20,155,75,60,243,35,413,278,102,380,793
