01/01/2000,COU,MO,ACE,CE,Federal Contract Tower,0,3,6,0,9,0,12,16,0,28,0,15,22,0,37,0,0,0,37
01/02/2000,COU,MO,ACE,CE,Federal Contract Tower,0,9,13,0,22,0,9,12,0,21,0,18,25,0,43,16,2,18,61
01/03/2000,COU,MO,ACE,CE,Federal Contract Tower,0,5,9,0,14,0,1,1,0,2,0,6,10,0,16,0,0,0,16
01/04/2000,COU,MO,ACE,CE,Federal Contract Tower,0,9,13,0,22,0,3,23,0,26,0,12,36,0,48,0,0,0,48
01/05/2000,COU,MO,ACE,CE,Federal Contract Tower,0,16,22,0,38,0,10,35,0,45,0,26,57,0,83,26,10,36,119
01/06/2000,COU,MO,ACE,CE,Federal Contract Tower,0,14,20,0,34,0,4,20,4,28,0,18,40,4,62,8,0,8,70
01/07/2000,COU,MO,ACE,CE,Federal Contract Tower,1,8,13,0,22,0,8,21,2,31,1,16,34,2,53,28,0,28,81
01/08/2000,COU,MO,ACE,CE,Federal Contract Tower,1,10,16,0,27,1,0,4,0,5,2,10,20,0,32,0,0,0,32
01/09/2000,COU,MO,ACE,CE,Federal Contract Tower,0,10,24,0,34,0,0,9,0,9,0,10,33,0,43,12,0,12,55
01/10/2000,COU,MO,ACE,CE,Federal Contract Tower,0,15,19,0,34,0,5,29,0,34,0,20,48,0,68,28,0,28,96
01/11/2000,COU,MO,ACE,CE,Federal Contract Tower,0,13,16,0,29,0,0,34,2,36,0,13,50,2,65,30,12,42,107
01/12/2000,COU,MO,ACE,CE,Federal Contract Tower,0,13,26,0,39,0,0,59,1,60,0,13,85,1,99,10,0,10,109
01/13/2000,COU,MO,ACE,CE,Federal Contract Tower,0,14,18,0,32,0,2,25,0,27,0,16,43,0,59,20,0,20,79
01/14/2000,COU,MO,ACE,CE,Federal Contract Tower,0,20,25,1,46,2,3,47,2,54,2,23,72,3,100,16,4,20,120
01/15/2000,COU,MO,ACE,CE,Federal Contract Tower,0,12,21,1,34,1,0,49,3,53,1,12,70,4,87,6,10,16,103
01/16/2000,COU,MO,ACE,CE,Federal Contract Tower,0,14,18,0,32,0,26,48,0,74,0,40,66,0,106,44,0,44,150
01/17/2000,COU,MO,ACE,CE,Federal Contract Tower,0,10,14,0,24,5,3,1,0,9,5,13,15,0,33,12,0,12,45
01/18/2000,COU,MO,ACE,CE,Federal Contract Tower,0,15,19,0,34,0,1,8,0,9,0,16,27,0,43,12,0,12,55
01/19/2000,COU,MO,ACE,CE,Federal Contract Tower,0,16,20,1,37,0,7,0,0,7,0,23,20,1,44,2,0,2,46
01/20/2000,COU,MO,ACE,CE,Federal Contract Tower,0,7,10,0,17,0,10,15,0,25,0,17,25,0,42,8,0,8,50
01/21/2000,COU,MO,ACE,CE,Federal Contract Tower,0,18,22,1,41,0,17,53,3,73,0,35,75,4,114,12,12,24,138
01/22/2000,COU,MO,ACE,CE,Federal Contract Tower,0,10,13,1,24,1,1,13,3,18,1,11,26,4,42,16,6,22,64
01/23/2000,COU,MO,ACE,CE,Federal Contract Tower,0,12,16,0,28,0,0,5,0,5,0,12,21,0,33,4,0,4,37
01/24/2000,COU,MO,ACE,CE,Federal Contract Tower,0,14,23,0,37,0,0,40,2,42,0,14,63,2,79,18,0,18,97
01/25/2000,COU,MO,ACE,CE,Federal Contract Tower,0,12,21,0,33,0,0,16,0,16,0,12,37,0,49,8,0,8,57
01/26/2000,COU,MO,ACE,CE,Federal Contract Tower,0,14,20,0,34,0,0,48,2,50,0,14,68,2,84,6,18,24,108
01/27/2000,COU,MO,ACE,CE,Federal Contract Tower,0,14,20,0,34,0,0,20,0,20,0,14,40,0,54,12,0,12,66
01/28/2000,COU,MO,ACE,CE,Federal Contract Tower,0,14,19,0,33,0,1,13,2,16,0,15,32,2,49,14,0,14,63
01/29/2000,COU,MO,ACE,CE,Federal Contract Tower,0,3,3,0,6,0,1,0,0,1,0,4,3,0,7,0,0,0,7
01/30/2000,COU,MO,ACE,CE,Federal Contract Tower,0,8,10,0,18,0,2,0,2,4,0,10,10,2,22,4,0,4,26
01/31/2000,COU,MO,ACE,CE,Federal Contract Tower,0,15,21,0,36,0,7,19,0,26,0,22,40,0,62,24,0,24,86
02/01/2000,COU,MO,ACE,CE,Federal Contract Tower,0,17,28,0,45,0,0,44,0,44,0,17,72,0,89,42,0,42,131
02/02/2000,COU,MO,ACE,CE,Federal Contract Tower,0,11,19,0,30,0,0,35,0,35,0,11,54,0,65,36,0,36,101
02/03/2000,COU,MO,ACE,CE,Federal Contract Tower,0,12,18,0,30,0,12,27,12,51,0,24,45,12,81,12,12,24,105
02/04/2000,COU,MO,ACE,CE,Federal Contract Tower,1,11,16,0,28,1,0,28,4,33,2,11,44,4,61,6,4,10,71
02/05/2000,COU,MO,ACE,CE,Federal Contract Tower,1,10,21,0,32,1,0,71,0,72,2,10,92,0,104,66,0,66,170
02/06/2000,COU,MO,ACE,CE,Federal Contract Tower,0,11,16,0,27,0,1,50,0,51,0,12,66,0,78,52,0,52,130
02/07/2000,COU,MO,ACE,CE,Federal Contract Tower,0,15,22,0,37,0,1,48,2,51,0,16,70,2,88,36,18,54,142
02/08/2000,COU,MO,ACE,CE,Federal Contract Tower,0,17,31,1,49,0,0,33,3,36,0,17,64,4,85,18,0,18,103
02/09/2000,COU,MO,ACE,CE,Federal Contract Tower,0,17,31,1,49,0,0,43,1,44,0,17,74,2,93,10,0,10,103
02/10/2000,COU,MO,ACE,CE,Federal Contract Tower,0,12,24,1,37,0,0,34,1,35,0,12,58,2,72,26,4,30,102
02/11/2000,COU,MO,ACE,CE,Federal Contract Tower,0,14,27,1,42,0,0,3,5,8,0,14,30,6,50,2,18,20,70
02/12/2000,COU,MO,ACE,CE,Federal Contract Tower,0,8,14,1,23,1,0,3,3,7,1,8,17,4,30,0,22,22,52
02/13/2000,COU,MO,ACE,CE,Federal Contract Tower,0,5,6,0,11,0,3,0,0,3,0,8,6,0,14,0,0,0,14
02/14/2000,COU,MO,ACE,CE,Federal Contract Tower,0,7,10,0,17,0,1,25,0,26,0,8,35,0,43,6,0,6,49
02/15/2000,COU,MO,ACE,CE,Federal Contract Tower,0,12,23,0,35,0,0,57,0,57,0,12,80,0,92,36,0,36,128
02/16/2000,COU,MO,ACE,CE,Federal Contract Tower,0,18,28,0,46,0,0,33,2,35,0,18,61,2,81,14,6,20,101
02/17/2000,COU,MO,ACE,CE,Federal Contract Tower,0,9,14,0,23,0,1,0,0,1,0,10,14,0,24,0,0,0,24
02/18/2000,COU,MO,ACE,CE,Federal Contract Tower,0,8,8,0,16,0,5,0,0,5,0,13,8,0,21,0,0,0,21
02/19/2000,COU,MO,ACE,CE,Federal Contract Tower,0,12,18,0,30,0,1,11,4,16,0,13,29,4,46,42,0,42,88
02/20/2000,COU,MO,ACE,CE,Federal Contract Tower,0,11,18,0,29,0,2,62,0,64,0,13,80,0,93,64,0,64,157
02/21/2000,COU,MO,ACE,CE,Federal Contract Tower,0,17,27,0,44,0,8,32,0,40,0,25,59,0,84,36,0,36,120
02/22/2000,COU,MO,ACE,CE,Federal Contract Tower,0,18,27,0,45,0,0,35,2,37,0,18,62,2,82,42,22,64,146
02/23/2000,COU,MO,ACE,CE,Federal Contract Tower,0,17,29,0,46,0,0,15,0,15,0,17,44,0,61,6,0,6,67
02/24/2000,COU,MO,ACE,CE,Federal Contract Tower,0,17,27,0,44,0,1,29,0,30,0,18,56,0,74,18,0,18,92
02/25/2000,COU,MO,ACE,CE,Federal Contract Tower,0,13,21,0,34,0,7,5,4,16,0,20,26,4,50,32,24,56,106
02/26/2000,COU,MO,ACE,CE,Federal Contract Tower,0,10,23,0,33,0,0,41,0,41,0,10,64,0,74,40,10,50,124
02/27/2000,COU,MO,ACE,CE,Federal Contract Tower,0,10,15,0,25,0,5,82,4,91,0,15,97,4,116,28,0,28,144
02/28/2000,COU,MO,ACE,CE,Federal Contract Tower,0,11,17,0,28,2,5,91,2,100,2,16,108,2,128,50,10,60,188
02/29/2000,COU,MO,ACE,CE,Federal Contract Tower,0,15,22,0,37,0,1,14,2,17,0,16,36,2,54,36,14,50,104
03/01/2000,COU,MO,ACE,CE,Federal Contract Tower,1,23,28,0,52,1,2,55,0,58,2,25,83,0,110,24,0,24,134
03/02/2000,COU,MO,ACE,CE,Federal Contract Tower,1,20,25,0,46,1,5,35,0,41,2,25,60,0,87,40,0,40,127
03/03/2000,COU,MO,ACE,CE,Federal Contract Tower,0,19,26,0,45,0,0,11,0,11,0,19,37,0,56,0,0,0,56
03/04/2000,COU,MO,ACE,CE,Federal Contract Tower,0,13,16,0,29,0,0,87,2,89,0,13,103,2,118,66,0,66,184
03/05/2000,COU,MO,ACE,CE,Federal Contract Tower,0,13,15,0,28,0,15,71,0,86,0,28,86,0,114,42,0,42,156
03/06/2000,COU,MO,ACE,CE,Federal Contract Tower,0,19,21,0,40,0,16,46,0,62,0,35,67,0,102,10,0,10,112
03/07/2000,COU,MO,ACE,CE,Federal Contract Tower,0,15,16,0,31,0,20,11,0,31,0,35,27,0,62,14,0,14,76
03/08/2000,COU,MO,ACE,CE,Federal Contract Tower,0,16,21,0,37,0,0,4,2,6,0,16,25,2,43,4,24,28,71
03/09/2000,COU,MO,ACE,CE,Federal Contract Tower,0,23,26,0,49,0,2,28,4,34,0,25,54,4,83,24,10,34,117
03/10/2000,COU,MO,ACE,CE,Federal Contract Tower,0,22,25,0,47,0,6,28,0,34,0,28,53,0,81,30,0,30,111
03/11/2000,COU,MO,ACE,CE,Federal Contract Tower,0,14,20,0,34,2,0,29,0,31,2,14,49,0,65,36,0,36,101
03/12/2000,COU,MO,ACE,CE,Federal Contract Tower,0,18,20,0,38,0,7,69,0,76,0,25,89,0,114,52,0,52,166
03/13/2000,COU,MO,ACE,CE,Federal Contract Tower,0,18,21,0,39,0,7,16,0,23,0,25,37,0,62,0,6,6,68
03/14/2000,COU,MO,ACE,CE,Federal Contract Tower,0,23,27,1,51,0,0,17,1,18,0,23,44,2,69,0,0,0,69
03/15/2000,COU,MO,ACE,CE,Federal Contract Tower,0,19,25,0,44,2,0,30,0,32,2,19,55,0,76,6,0,6,82
03/16/2000,COU,MO,ACE,CE,Federal Contract Tower,0,23,25,0,48,0,3,13,0,16,0,26,38,0,64,0,0,0,64
03/17/2000,COU,MO,ACE,CE,Federal Contract Tower,0,28,31,1,60,0,1,76,5,82,0,29,107,6,142,34,6,40,182
03/18/2000,COU,MO,ACE,CE,Federal Contract Tower,0,18,21,0,39,2,5,8,0,15,2,23,29,0,54,10,0,10,64
03/19/2000,COU,MO,ACE,CE,Federal Contract Tower,0,10,8,0,18,0,5,0,0,5,0,15,8,0,23,0,0,0,23
03/20/2000,COU,MO,ACE,CE,Federal Contract Tower,0,21,26,0,47,0,0,16,0,16,0,21,42,0,63,0,0,0,63
03/21/2000,COU,MO,ACE,CE,Federal Contract Tower,0,22,30,0,52,0,0,36,0,36,0,22,66,0,88,52,0,52,140
03/22/2000,COU,MO,ACE,CE,Federal Contract Tower,0,25,29,0,54,0,2,71,2,75,0,27,100,2,129,38,12,50,179
03/23/2000,COU,MO,ACE,CE,Federal Contract Tower,0,23,30,0,53,0,0,54,0,54,0,23,84,0,107,22,0,22,129
03/24/2000,COU,MO,ACE,CE,Federal Contract Tower,0,31,35,0,66,0,0,31,2,33,0,31,66,2,99,30,2,32,131
03/25/2000,COU,MO,ACE,CE,Federal Contract Tower,0,16,20,0,36,0,10,58,4,72,0,26,78,4,108,34,4,38,146
03/26/2000,COU,MO,ACE,CE,Federal Contract Tower,0,12,15,0,27,0,3,26,0,29,0,15,41,0,56,20,0,20,76
03/27/2000,COU,MO,ACE,CE,Federal Contract Tower,0,22,28,0,50,0,0,23,0,23,0,22,51,0,73,12,0,12,85
03/28/2000,COU,MO,ACE,CE,Federal Contract Tower,0,16,20,0,36,0,8,35,4,47,0,24,55,4,83,28,30,58,141
03/29/2000,COU,MO,ACE,CE,Federal Contract Tower,0,20,24,0,44,0,6,31,2,39,0,26,55,2,83,16,10,26,109
03/30/2000,COU,MO,ACE,CE,Federal Contract Tower,0,19,23,0,42,0,7,70,0,77,0,26,93,0,119,26,0,26,145
03/31/2000,COU,MO,ACE,CE,Federal Contract Tower,0,23,26,0,49,0,4,57,0,61,0,27,83,0,110,12,0,12,122
04/01/2000,COU,MO,ACE,CE,Federal Contract Tower,0,15,19,0,34,0,7,39,2,48,0,22,58,2,82,36,0,36,118
04/02/2000,COU,MO,ACE,CE,Federal Contract Tower,0,20,24,0,44,0,12,16,2,30,0,32,40,2,74,2,0,2,76
04/03/2000,COU,MO,ACE,CE,Federal Contract Tower,0,22,25,0,47,0,3,30,0,33,0,25,55,0,80,14,0,14,94
04/04/2000,COU,MO,ACE,CE,Federal Contract Tower,0,28,32,0,60,0,1,37,4,42,0,29,69,4,102,14,0,14,116
04/05/2000,COU,MO,ACE,CE,Federal Contract Tower,0,15,18,0,33,0,7,11,2,20,0,22,29,2,53,6,16,22,75
04/06/2000,COU,MO,ACE,CE,Federal Contract Tower,0,20,23,0,43,0,5,37,0,42,0,25,60,0,85,32,0,32,117
04/07/2000,COU,MO,ACE,CE,Federal Contract Tower,0,24,29,0,53,0,3,16,0,19,0,27,45,0,72,12,0,12,84
04/08/2000,COU,MO,ACE,CE,Federal Contract Tower,0,9,11,0,20,0,1,77,0,78,0,10,88,0,98,24,0,24,122
04/09/2000,COU,MO,ACE,CE,Federal Contract Tower,0,23,27,0,50,0,4,72,0,76,0,27,99,0,126,32,0,32,158
04/10/2000,COU,MO,ACE,CE,Federal Contract Tower,0,24,29,0,53,0,2,43,8,53,0,26,72,8,106,54,16,70,176
04/11/2000,COU,MO,ACE,CE,Federal Contract Tower,1,22,25,0,48,2,0,28,4,34,3,22,53,4,82,12,22,34,116
04/12/2000,COU,MO,ACE,CE,Federal Contract Tower,1,23,28,0,52,0,0,35,2,37,1,23,63,2,89,6,16,22,111
04/13/2000,COU,MO,ACE,CE,Federal Contract Tower,1,24,25,0,50,0,2,64,4,70,1,26,89,4,120,24,18,42,162
04/14/2000,COU,MO,ACE,CE,Federal Contract Tower,1,24,32,0,57,0,0,48,18,66,1,24,80,18,123,20,42,62,185
04/15/2000,COU,MO,ACE,CE,Federal Contract Tower,0,14,15,0,29,0,23,83,2,108,0,37,98,2,137,60,4,64,201
04/16/2000,COU,MO,ACE,CE,Federal Contract Tower,1,17,19,0,37,5,6,3,0,14,6,23,22,0,51,4,0,4,55
04/17/2000,COU,MO,ACE,CE,Federal Contract Tower,1,27,29,0,57,0,2,9,0,11,1,29,38,0,68,22,0,22,90
04/18/2000,COU,MO,ACE,CE,Federal Contract Tower,0,28,31,0,59,0,1,74,2,77,0,29,105,2,136,20,20,40,176
04/19/2000,COU,MO,ACE,CE,Federal Contract Tower,1,21,23,0,45,0,2,13,0,15,1,23,36,0,60,6,0,6,66
04/20/2000,COU,MO,ACE,CE,Federal Contract Tower,0,18,19,0,37,0,6,6,0,12,0,24,25,0,49,4,0,4,53
04/21/2000,COU,MO,ACE,CE,Federal Contract Tower,0,23,24,0,47,2,2,61,0,65,2,25,85,0,112,28,0,28,140
04/22/2000,COU,MO,ACE,CE,Federal Contract Tower,0,12,14,0,26,0,30,79,0,109,0,42,93,0,135,56,0,56,191
04/23/2000,COU,MO,ACE,CE,Federal Contract Tower,0,13,15,0,28,0,20,7,0,27,0,33,22,0,55,26,0,26,81
04/24/2000,COU,MO,ACE,CE,Federal Contract Tower,0,24,26,1,51,0,2,17,1,20,0,26,43,2,71,12,0,12,83
04/25/2000,COU,MO,ACE,CE,Federal Contract Tower,0,21,29,1,51,1,0,60,3,64,1,21,89,4,115,28,12,40,155
04/26/2000,COU,MO,ACE,CE,Federal Contract Tower,0,24,25,1,50,0,1,54,3,58,0,25,79,4,108,38,26,64,172
04/27/2000,COU,MO,ACE,CE,Federal Contract Tower,0,22,28,1,51,0,0,44,3,47,0,22,72,4,98,10,36,46,144
04/28/2000,COU,MO,ACE,CE,Federal Contract Tower,0,24,35,0,59,3,0,76,0,79,3,24,111,0,138,22,0,22,160
04/29/2000,COU,MO,ACE,CE,Federal Contract Tower,0,10,11,0,21,0,29,58,0,87,0,39,69,0,108,42,0,42,150
04/30/2000,COU,MO,ACE,CE,Federal Contract Tower,0,18,21,0,39,0,18,31,6,55,0,36,52,6,94,14,0,14,108
05/01/2000,COU,MO,ACE,CE,Federal Contract Tower,0,14,17,0,31,0,9,13,0,22,0,23,30,0,53,22,0,22,75
05/02/2000,COU,MO,ACE,CE,Federal Contract Tower,1,24,31,0,56,0,0,20,2,22,1,24,51,2,78,12,20,32,110
05/03/2000,COU,MO,ACE,CE,Federal Contract Tower,1,24,28,0,53,0,4,43,0,47,1,28,71,0,100,28,0,28,128
05/04/2000,COU,MO,ACE,CE,Federal Contract Tower,0,22,25,0,47,0,6,57,0,63,0,28,82,0,110,34,0,34,144
05/05/2000,COU,MO,ACE,CE,Federal Contract Tower,0,20,24,0,44,0,1,44,6,51,0,21,68,6,95,22,0,22,117
05/06/2000,COU,MO,ACE,CE,Federal Contract Tower,0,10,23,0,33,0,0,29,0,29,0,10,52,0,62,16,0,16,78
05/07/2000,COU,MO,ACE,CE,Federal Contract Tower,0,14,26,0,40,0,0,42,0,42,0,14,68,0,82,34,0,34,116
05/08/2000,COU,MO,ACE,CE,Federal Contract Tower,0,22,26,0,48,0,0,31,0,31,0,22,57,0,79,18,0,18,97
05/09/2000,COU,MO,ACE,CE,Federal Contract Tower,0,16,20,0,36,0,11,76,0,87,0,27,96,0,123,46,0,46,169
05/10/2000,COU,MO,ACE,CE,Federal Contract Tower,1,23,25,0,49,0,0,0,0,0,1,23,25,0,49,4,0,4,53
05/11/2000,COU,MO,ACE,CE,Federal Contract Tower,1,14,16,0,31,0,6,14,0,20,1,20,30,0,51,6,0,6,57
05/12/2000,COU,MO,ACE,CE,Federal Contract Tower,1,22,28,0,51,0,0,37,0,37,1,22,65,0,88,12,4,16,104
05/13/2000,COU,MO,ACE,CE,Federal Contract Tower,0,15,17,0,32,0,13,74,0,87,0,28,91,0,119,12,2,14,133
05/14/2000,COU,MO,ACE,CE,Federal Contract Tower,0,12,13,0,25,0,13,64,0,77,0,25,77,0,102,46,0,46,148
05/15/2000,COU,MO,ACE,CE,Federal Contract Tower,0,24,25,0,49,0,2,49,0,51,0,26,74,0,100,22,0,22,122
05/16/2000,COU,MO,ACE,CE,Federal Contract Tower,0,25,28,1,54,1,2,44,7,54,1,27,72,8,108,20,34,54,162
05/17/2000,COU,MO,ACE,CE,Federal Contract Tower,0,24,25,1,50,1,26,12,1,40,1,50,37,2,90,12,0,12,102
05/18/2000,COU,MO,ACE,CE,Federal Contract Tower,0,25,28,1,54,1,3,22,1,27,1,28,50,2,81,12,26,38,119
05/19/2000,COU,MO,ACE,CE,Federal Contract Tower,0,19,25,0,44,1,0,12,0,13,1,19,37,0,57,10,0,10,67
05/20/2000,COU,MO,ACE,CE,Federal Contract Tower,0,10,10,0,20,0,1,45,0,46,0,11,55,0,66,38,0,38,104
05/21/2000,COU,MO,ACE,CE,Federal Contract Tower,0,15,16,1,32,0,1,25,1,27,0,16,41,2,59,10,2,12,71
05/22/2000,COU,MO,ACE,CE,Federal Contract Tower,0,27,29,1,57,3,10,70,1,84,3,37,99,2,141,66,10,76,217
05/23/2000,COU,MO,ACE,CE,Federal Contract Tower,0,21,23,1,45,1,4,41,1,47,1,25,64,2,92,46,2,48,140
05/24/2000,COU,MO,ACE,CE,Federal Contract Tower,0,22,24,1,47,1,6,47,2,56,1,28,71,3,103,14,6,20,123
05/25/2000,COU,MO,ACE,CE,Federal Contract Tower,0,21,22,1,44,0,5,65,17,87,0,26,87,18,131,30,32,62,193
05/26/2000,COU,MO,ACE,CE,Federal Contract Tower,0,5,5,1,11,3,10,35,7,55,3,15,40,8,66,8,10,18,84
05/27/2000,COU,MO,ACE,CE,Federal Contract Tower,0,9,10,1,20,0,1,45,37,83,0,10,55,38,103,64,58,122,225
05/28/2000,COU,MO,ACE,CE,Federal Contract Tower,0,9,11,0,20,0,1,100,33,134,0,10,111,33,154,44,56,100,254
05/29/2000,COU,MO,ACE,CE,Federal Contract Tower,0,16,18,0,34,0,7,52,47,106,0,23,70,47,140,14,34,48,188
05/30/2000,COU,MO,ACE,CE,Federal Contract Tower,0,20,22,0,42,0,5,62,6,73,0,25,84,6,115,44,14,58,173
05/31/2000,COU,MO,ACE,CE,Federal Contract Tower,0,21,24,0,45,1,3,96,2,102,1,24,120,2,147,22,20,42,189
06/01/2000,COU,MO,ACE,CE,Federal Contract Tower,1,19,24,0,44,0,2,47,0,49,1,21,71,0,93,32,0,32,125
06/02/2000,COU,MO,ACE,CE,Federal Contract Tower,1,23,30,1,55,1,0,33,3,37,2,23,63,4,92,50,0,50,142
06/03/2000,COU,MO,ACE,CE,Federal Contract Tower,0,10,12,1,23,0,3,77,4,84,0,13,89,5,107,16,0,16,123
06/04/2000,COU,MO,ACE,CE,Federal Contract Tower,0,19,24,1,44,0,4,49,5,58,0,23,73,6,102,42,0,42,144
06/05/2000,COU,MO,ACE,CE,Federal Contract Tower,0,20,24,1,45,0,0,12,6,18,0,20,36,7,63,12,0,12,75
06/06/2000,COU,MO,ACE,CE,Federal Contract Tower,0,18,22,0,40,0,3,80,4,87,0,21,102,4,127,28,8,36,163
06/07/2000,COU,MO,ACE,CE,Federal Contract Tower,1,21,26,0,48,0,0,64,2,66,1,21,90,2,114,20,14,34,148
06/08/2000,COU,MO,ACE,CE,Federal Contract Tower,0,19,25,0,44,0,7,77,0,84,0,26,102,0,128,42,0,42,170
06/09/2000,COU,MO,ACE,CE,Federal Contract Tower,1,23,30,0,54,0,5,60,8,73,1,28,90,8,127,10,44,54,181
06/10/2000,COU,MO,ACE,CE,Federal Contract Tower,0,12,16,0,28,0,1,68,13,82,0,13,84,13,110,8,20,28,138
06/11/2000,COU,MO,ACE,CE,Federal Contract Tower,0,10,18,0,28,0,0,23,0,23,0,10,41,0,51,10,0,10,61
06/12/2000,COU,MO,ACE,CE,Federal Contract Tower,0,16,20,0,36,0,0,20,2,22,0,16,40,2,58,30,0,30,88
06/13/2000,COU,MO,ACE,CE,Federal Contract Tower,1,17,22,0,40,0,4,20,2,26,1,21,42,2,66,30,2,32,98
06/14/2000,COU,MO,ACE,CE,Federal Contract Tower,1,19,23,0,43,0,3,32,4,39,1,22,55,4,82,4,24,28,110
06/15/2000,COU,MO,ACE,CE,Federal Contract Tower,0,23,29,0,52,0,1,82,4,87,0,24,111,4,139,48,16,64,203
06/16/2000,COU,MO,ACE,CE,Federal Contract Tower,0,18,20,1,39,1,0,0,3,4,1,18,20,4,43,2,0,2,45
06/17/2000,COU,MO,ACE,CE,Federal Contract Tower,0,10,13,0,23,0,0,27,0,27,0,10,40,0,50,12,0,12,62
06/18/2000,COU,MO,ACE,CE,Federal Contract Tower,0,17,20,0,37,0,0,26,0,26,0,17,46,0,63,18,0,18,81
06/19/2000,COU,MO,ACE,CE,Federal Contract Tower,0,22,26,1,49,0,12,29,1,42,0,34,55,2,91,38,10,48,139
06/20/2000,COU,MO,ACE,CE,Federal Contract Tower,0,20,22,0,42,0,2,46,0,48,0,22,68,0,90,48,0,48,138
06/21/2000,COU,MO,ACE,CE,Federal Contract Tower,0,24,29,0,53,0,0,57,0,57,0,24,86,0,110,62,0,62,172
06/22/2000,COU,MO,ACE,CE,Federal Contract Tower,0,20,23,1,44,0,3,67,1,71,0,23,90,2,115,64,0,64,179
06/23/2000,COU,MO,ACE,CE,Federal Contract Tower,0,20,25,1,46,1,0,34,1,36,1,20,59,2,82,6,18,24,106
06/24/2000,COU,MO,ACE,CE,Federal Contract Tower,0,9,10,1,20,0,5,32,3,40,0,14,42,4,60,12,0,12,72
06/25/2000,COU,MO,ACE,CE,Federal Contract Tower,0,13,19,0,32,0,0,68,0,68,0,13,87,0,100,52,0,52,152
06/26/2000,COU,MO,ACE,CE,Federal Contract Tower,0,20,27,0,47,2,0,28,0,30,2,20,55,0,77,30,0,30,107
06/27/2000,COU,MO,ACE,CE,Federal Contract Tower,0,17,20,1,38,1,4,81,1,87,1,21,101,2,125,68,18,86,211
06/28/2000,COU,MO,ACE,CE,Federal Contract Tower,0,20,22,0,42,1,4,81,0,86,1,24,103,0,128,56,0,56,184
06/29/2000,COU,MO,ACE,CE,Federal Contract Tower,0,20,23,0,43,1,4,78,0,83,1,24,101,0,126,46,0,46,172
06/30/2000,COU,MO,ACE,CE,Federal Contract Tower,0,18,29,0,47,1,0,11,0,12,1,18,40,0,59,54,0,54,113
07/01/2000,COU,MO,ACE,CE,Federal Contract Tower,0,12,17,0,29,0,2,40,0,42,0,14,57,0,71,30,0,30,101
07/02/2000,COU,MO,ACE,CE,Federal Contract Tower,0,16,22,0,38,0,3,46,8,57,0,19,68,8,95,34,0,34,129
07/03/2000,COU,MO,ACE,CE,Federal Contract Tower,1,10,15,0,26,0,8,39,6,53,1,18,54,6,79,16,6,22,101
07/04/2000,COU,MO,ACE,CE,Federal Contract Tower,0,12,16,0,28,0,3,44,0,47,0,15,60,0,75,30,0,30,105
07/05/2000,COU,MO,ACE,CE,Federal Contract Tower,0,20,30,0,50,0,0,40,3,43,0,20,70,3,93,18,16,34,127
07/06/2000,COU,MO,ACE,CE,Federal Contract Tower,5,23,34,0,62,3,0,36,5,44,8,23,70,5,106,58,0,58,164
07/07/2000,COU,MO,ACE,CE,Federal Contract Tower,1,16,23,0,40,0,4,75,4,83,1,20,98,4,123,18,0,18,141
07/08/2000,COU,MO,ACE,CE,Federal Contract Tower,0,8,12,0,20,0,6,52,0,58,0,14,64,0,78,76,0,76,154
07/09/2000,COU,MO,ACE,CE,Federal Contract Tower,0,15,21,0,36,0,1,92,4,97,0,16,113,4,133,30,0,30,163
07/10/2000,COU,MO,ACE,CE,Federal Contract Tower,1,17,24,0,42,1,2,19,0,22,2,19,43,0,64,28,0,28,92
07/11/2000,COU,MO,ACE,CE,Federal Contract Tower,1,20,28,0,49,1,0,42,2,45,2,20,70,2,94,2,12,14,108
07/12/2000,COU,MO,ACE,CE,Federal Contract Tower,0,17,24,0,41,0,3,44,0,47,0,20,68,0,88,8,0,8,96
07/13/2000,COU,MO,ACE,CE,Federal Contract Tower,0,18,24,0,42,0,6,53,0,59,0,24,77,0,101,60,0,60,161
07/14/2000,COU,MO,ACE,CE,Federal Contract Tower,1,20,25,0,46,0,4,43,2,49,1,24,68,2,95,28,20,48,143
07/15/2000,COU,MO,ACE,CE,Federal Contract Tower,0,11,14,0,25,0,0,52,0,52,0,11,66,0,77,56,0,56,133
07/16/2000,COU,MO,ACE,CE,Federal Contract Tower,0,8,14,1,23,0,0,88,3,91,0,8,102,4,114,66,0,66,180
07/17/2000,COU,MO,ACE,CE,Federal Contract Tower,0,13,15,0,28,0,7,18,0,25,0,20,33,0,53,14,0,14,67
07/18/2000,COU,MO,ACE,CE,Federal Contract Tower,0,18,22,0,40,1,3,13,0,17,1,21,35,0,57,8,0,8,65
07/19/2000,COU,MO,ACE,CE,Federal Contract Tower,1,17,29,0,47,0,0,48,0,48,1,17,77,0,95,30,0,30,125
07/20/2000,COU,MO,ACE,CE,Federal Contract Tower,0,22,30,1,53,1,0,61,1,63,1,22,91,2,116,16,0,16,132
07/21/2000,COU,MO,ACE,CE,Federal Contract Tower,0,18,27,0,45,1,0,59,0,60,1,18,86,0,105,40,0,40,145
07/22/2000,COU,MO,ACE,CE,Federal Contract Tower,0,10,15,0,25,0,0,95,0,95,0,10,110,0,120,32,0,32,152
07/23/2000,COU,MO,ACE,CE,Federal Contract Tower,0,13,17,0,30,0,0,79,0,79,0,13,96,0,109,24,0,24,133
07/24/2000,COU,MO,ACE,CE,Federal Contract Tower,0,21,29,0,50,0,0,49,0,49,0,21,78,0,99,34,0,34,133
07/25/2000,COU,MO,ACE,CE,Federal Contract Tower,0,18,23,0,41,0,4,95,0,99,0,22,118,0,140,50,0,50,190
07/26/2000,COU,MO,ACE,CE,Federal Contract Tower,0,21,26,1,48,1,0,108,11,120,1,21,134,12,168,52,0,52,220
07/27/2000,COU,MO,ACE,CE,Federal Contract Tower,0,25,32,0,57,0,2,79,0,81,0,27,111,0,138,24,0,24,162
07/28/2000,COU,MO,ACE,CE,Federal Contract Tower,0,14,26,0,40,1,0,38,0,39,1,14,64,0,79,12,0,12,91
07/29/2000,COU,MO,ACE,CE,Federal Contract Tower,0,15,22,0,37,0,0,44,0,44,0,15,66,0,81,24,0,24,105
07/30/2000,COU,MO,ACE,CE,Federal Contract Tower,0,13,21,0,34,0,0,34,0,34,0,13,55,0,68,8,0,8,76
07/31/2000,COU,MO,ACE,CE,Federal Contract Tower,0,21,30,0,51,0,0,62,0,62,0,21,92,0,113,20,0,20,133
08/01/2000,COU,MO,ACE,CE,Federal Contract Tower,0,22,24,0,46,0,0,102,2,104,0,22,126,2,150,60,12,72,222
08/02/2000,COU,MO,ACE,CE,Federal Contract Tower,1,20,20,0,41,0,3,50,0,53,1,23,70,0,94,46,0,46,140
08/03/2000,COU,MO,ACE,CE,Federal Contract Tower,0,20,21,0,41,0,9,71,8,88,0,29,92,8,129,50,22,72,201
08/04/2000,COU,MO,ACE,CE,Federal Contract Tower,1,22,26,0,49,0,0,20,6,26,1,22,46,6,75,30,12,42,117
08/05/2000,COU,MO,ACE,CE,Federal Contract Tower,0,9,10,0,19,0,27,30,4,61,0,36,40,4,80,26,0,26,106
08/06/2000,COU,MO,ACE,CE,Federal Contract Tower,0,10,10,0,20,0,4,31,2,37,0,14,41,2,57,18,0,18,75
08/07/2000,COU,MO,ACE,CE,Federal Contract Tower,0,11,12,0,23,0,24,20,6,50,0,35,32,6,73,42,24,66,139
08/08/2000,COU,MO,ACE,CE,Federal Contract Tower,0,12,12,0,24,0,6,29,0,35,0,18,41,0,59,56,0,56,115
08/09/2000,COU,MO,ACE,CE,Federal Contract Tower,0,26,25,0,51,0,9,68,6,83,0,35,93,6,134,44,34,78,212
08/10/2000,COU,MO,ACE,CE,Federal Contract Tower,0,19,20,1,40,0,11,69,3,83,0,30,89,4,123,80,16,96,219
08/11/2000,COU,MO,ACE,CE,Federal Contract Tower,0,18,19,0,37,1,3,63,0,67,1,21,82,0,104,10,0,10,114
08/12/2000,COU,MO,ACE,CE,Federal Contract Tower,0,12,20,1,33,0,0,96,7,103,0,12,116,8,136,44,0,44,180
08/13/2000,COU,MO,ACE,CE,Federal Contract Tower,0,12,15,0,27,0,0,126,0,126,0,12,141,0,153,34,0,34,187
08/14/2000,COU,MO,ACE,CE,Federal Contract Tower,0,16,17,0,33,0,11,52,0,63,0,27,69,0,96,78,0,78,174
08/15/2000,COU,MO,ACE,CE,Federal Contract Tower,0,13,18,1,32,0,0,44,1,45,0,13,62,2,77,64,18,82,159
08/16/2000,COU,MO,ACE,CE,Federal Contract Tower,0,14,18,0,32,0,0,57,0,57,0,14,75,0,89,70,0,70,159
08/17/2000,COU,MO,ACE,CE,Federal Contract Tower,0,11,12,0,23,0,4,28,0,32,0,15,40,0,55,34,0,34,89
08/18/2000,COU,MO,ACE,CE,Federal Contract Tower,0,22,26,0,48,1,0,53,8,62,1,22,79,8,110,40,20,60,170
08/19/2000,COU,MO,ACE,CE,Federal Contract Tower,0,15,16,0,31,0,40,49,6,95,0,55,65,6,126,24,6,30,156
08/20/2000,COU,MO,ACE,CE,Federal Contract Tower,0,14,15,0,29,0,18,41,2,61,0,32,56,2,90,62,0,62,152
08/21/2000,COU,MO,ACE,CE,Federal Contract Tower,0,19,22,0,41,0,0,35,2,37,0,19,57,2,78,38,0,38,116
08/22/2000,COU,MO,ACE,CE,Federal Contract Tower,0,18,20,0,38,1,4,34,0,39,1,22,54,0,77,70,0,70,147
08/23/2000,COU,MO,ACE,CE,Federal Contract Tower,0,23,25,0,48,1,1,49,0,51,1,24,74,0,99,96,0,96,195
08/24/2000,COU,MO,ACE,CE,Federal Contract Tower,0,23,24,0,47,0,8,55,0,63,0,31,79,0,110,68,0,68,178
08/25/2000,COU,MO,ACE,CE,Federal Contract Tower,0,25,26,0,51,0,27,69,0,96,0,52,95,0,147,94,0,94,241
08/26/2000,COU,MO,ACE,CE,Federal Contract Tower,0,11,18,0,29,0,0,66,0,66,0,11,84,0,95,70,0,70,165
08/27/2000,COU,MO,ACE,CE,Federal Contract Tower,0,17,19,0,36,0,1,36,2,39,0,18,55,2,75,46,0,46,121
08/28/2000,COU,MO,ACE,CE,Federal Contract Tower,0,17,18,0,35,0,16,33,0,49,0,33,51,0,84,72,0,72,156
08/29/2000,COU,MO,ACE,CE,Federal Contract Tower,0,17,18,0,35,1,13,36,0,50,1,30,54,0,85,34,0,34,119
08/30/2000,COU,MO,ACE,CE,Federal Contract Tower,0,14,15,0,29,0,19,16,0,35,0,33,31,0,64,12,0,12,76
08/31/2000,COU,MO,ACE,CE,Federal Contract Tower,0,20,21,0,41,1,4,42,0,47,1,24,63,0,88,22,0,22,110
09/01/2000,COU,MO,ACE,CE,Federal Contract Tower,0,21,30,0,51,0,0,50,0,50,0,21,80,0,101,32,0,32,133
09/02/2000,COU,MO,ACE,CE,Federal Contract Tower,0,12,18,0,30,0,39,56,0,95,0,51,74,0,125,16,0,16,141
09/03/2000,COU,MO,ACE,CE,Federal Contract Tower,0,8,13,0,21,0,2,38,4,44,0,10,51,4,65,6,0,6,71
09/04/2000,COU,MO,ACE,CE,Federal Contract Tower,0,15,20,0,35,0,3,43,0,46,0,18,63,0,81,14,0,14,95
09/05/2000,COU,MO,ACE,CE,Federal Contract Tower,1,18,22,0,41,0,3,34,0,37,1,21,56,0,78,80,0,80,158
09/06/2000,COU,MO,ACE,CE,Federal Contract Tower,1,20,25,0,46,0,7,95,0,102,1,27,120,0,148,72,0,72,220
09/07/2000,COU,MO,ACE,CE,Federal Contract Tower,0,20,28,0,48,0,0,59,0,59,0,20,87,0,107,26,0,26,133
09/08/2000,COU,MO,ACE,CE,Federal Contract Tower,1,23,31,0,55,1,0,65,2,68,2,23,96,2,123,50,10,60,183
09/09/2000,COU,MO,ACE,CE,Federal Contract Tower,0,13,16,0,29,0,3,48,4,55,0,16,64,4,84,34,12,46,130
09/10/2000,COU,MO,ACE,CE,Federal Contract Tower,0,15,23,0,38,0,0,92,8,100,0,15,115,8,138,46,2,48,186
09/11/2000,COU,MO,ACE,CE,Federal Contract Tower,0,16,20,0,36,0,15,28,0,43,0,31,48,0,79,34,0,34,113
09/12/2000,COU,MO,ACE,CE,Federal Contract Tower,1,20,26,0,47,0,1,35,0,36,1,21,61,0,83,64,0,64,147
09/13/2000,COU,MO,ACE,CE,Federal Contract Tower,1,22,27,0,50,0,11,65,0,76,1,33,92,0,126,32,0,32,158
09/14/2000,COU,MO,ACE,CE,Federal Contract Tower,0,20,26,0,46,0,5,31,0,36,0,25,57,0,82,38,0,38,120
09/15/2000,COU,MO,ACE,CE,Federal Contract Tower,0,20,35,1,56,4,0,62,1,67,4,20,97,2,123,26,4,30,153
09/16/2000,COU,MO,ACE,CE,Federal Contract Tower,0,13,21,0,34,1,0,71,0,72,1,13,92,0,106,10,0,10,116
09/17/2000,COU,MO,ACE,CE,Federal Contract Tower,0,17,22,0,39,0,1,98,2,101,0,18,120,2,140,24,0,24,164
09/18/2000,COU,MO,ACE,CE,Federal Contract Tower,0,19,25,0,44,0,8,57,2,67,0,27,82,2,111,62,4,66,177
09/19/2000,COU,MO,ACE,CE,Federal Contract Tower,0,17,23,0,40,0,8,13,2,23,0,25,36,2,63,16,0,16,79
09/20/2000,COU,MO,ACE,CE,Federal Contract Tower,0,19,25,0,44,0,5,27,0,32,0,24,52,0,76,0,0,0,76
09/21/2000,COU,MO,ACE,CE,Federal Contract Tower,0,23,35,0,58,0,0,92,0,92,0,23,127,0,150,100,0,100,250
09/22/2000,COU,MO,ACE,CE,Federal Contract Tower,0,22,35,0,57,3,0,38,0,41,3,22,73,0,98,12,0,12,110
09/23/2000,COU,MO,ACE,CE,Federal Contract Tower,0,11,18,0,29,0,0,3,0,3,0,11,21,0,32,0,0,0,32
09/24/2000,COU,MO,ACE,CE,Federal Contract Tower,0,15,19,0,34,0,1,0,0,1,0,16,19,0,35,4,0,4,39
09/25/2000,COU,MO,ACE,CE,Federal Contract Tower,0,15,22,0,37,0,0,39,2,41,0,15,61,2,78,20,14,34,112
09/26/2000,COU,MO,ACE,CE,Federal Contract Tower,0,22,29,0,51,0,3,72,6,81,0,25,101,6,132,114,18,132,264
09/27/2000,COU,MO,ACE,CE,Federal Contract Tower,0,17,23,0,40,2,11,59,2,74,2,28,82,2,114,44,11,55,169
09/28/2000,COU,MO,ACE,CE,Federal Contract Tower,0,17,22,0,39,0,5,30,9,44,0,22,52,9,83,76,7,83,166
09/29/2000,COU,MO,ACE,CE,Federal Contract Tower,0,19,26,0,45,2,19,51,6,78,2,38,77,6,123,30,16,46,169
09/30/2000,COU,MO,ACE,CE,Federal Contract Tower,0,11,15,0,26,0,5,71,0,76,0,16,86,0,102,20,0,20,122
10/01/2000,COU,MO,ACE,CE,Federal Contract Tower,0,10,14,0,24,0,2,37,0,39,0,12,51,0,63,12,0,12,75
10/02/2000,COU,MO,ACE,CE,Federal Contract Tower,0,12,16,0,28,0,14,66,0,80,0,26,82,0,108,58,0,58,166
10/03/2000,COU,MO,ACE,CE,Federal Contract Tower,0,17,24,0,41,0,15,59,4,78,0,32,83,4,119,44,0,44,163
10/04/2000,COU,MO,ACE,CE,Federal Contract Tower,0,22,30,1,53,0,2,0,1,3,0,24,30,2,56,0,0,0,56
10/05/2000,COU,MO,ACE,CE,Federal Contract Tower,1,16,24,0,41,0,0,1,0,1,1,16,25,0,42,0,0,0,42
10/06/2000,COU,MO,ACE,CE,Federal Contract Tower,1,20,27,2,50,1,18,67,4,90,2,38,94,6,140,66,30,96,236
10/07/2000,COU,MO,ACE,CE,Federal Contract Tower,1,14,27,2,44,0,0,50,8,58,1,14,77,10,102,18,0,18,120
10/08/2000,COU,MO,ACE,CE,Federal Contract Tower,0,13,18,0,31,0,0,105,0,105,0,13,123,0,136,54,0,54,190
10/09/2000,COU,MO,ACE,CE,Federal Contract Tower,0,19,25,0,44,0,2,38,0,40,0,21,63,0,84,28,0,28,112
10/10/2000,COU,MO,ACE,CE,Federal Contract Tower,1,16,21,0,38,0,42,61,2,105,1,58,82,2,143,40,0,40,183
10/11/2000,COU,MO,ACE,CE,Federal Contract Tower,1,17,23,0,41,0,3,64,0,67,1,20,87,0,108,32,0,32,140
10/12/2000,COU,MO,ACE,CE,Federal Contract Tower,0,19,30,1,50,0,0,44,5,49,0,19,74,6,99,6,4,10,109
10/13/2000,COU,MO,ACE,CE,Federal Contract Tower,0,25,33,1,59,0,0,52,1,53,0,25,85,2,112,48,0,48,160
10/14/2000,COU,MO,ACE,CE,Federal Contract Tower,0,10,27,0,37,0,0,53,0,53,0,10,80,0,90,20,0,20,110
10/15/2000,COU,MO,ACE,CE,Federal Contract Tower,0,12,26,0,38,0,0,39,0,39,0,12,65,0,77,0,0,0,77
10/16/2000,COU,MO,ACE,CE,Federal Contract Tower,0,16,22,0,38,0,0,6,0,6,0,16,28,0,44,2,0,2,46
10/17/2000,COU,MO,ACE,CE,Federal Contract Tower,0,23,27,2,52,0,1,89,11,101,0,24,116,13,153,52,14,66,219
10/18/2000,COU,MO,ACE,CE,Federal Contract Tower,1,26,33,2,62,1,0,102,1,104,2,26,135,3,166,18,2,20,186
10/19/2000,COU,MO,ACE,CE,Federal Contract Tower,0,22,27,2,51,0,8,124,9,141,0,30,151,11,192,62,0,62,254
10/20/2000,COU,MO,ACE,CE,Federal Contract Tower,1,32,42,2,77,12,0,60,14,86,13,32,102,16,163,40,6,46,209
10/21/2000,COU,MO,ACE,CE,Federal Contract Tower,0,13,16,1,30,2,2,53,6,63,2,15,69,7,93,34,0,34,127
10/22/2000,COU,MO,ACE,CE,Federal Contract Tower,0,12,18,0,30,0,0,8,0,8,0,12,26,0,38,18,0,18,56
10/23/2000,COU,MO,ACE,CE,Federal Contract Tower,0,22,26,0,48,0,3,27,0,30,0,25,53,0,78,12,0,12,90
10/24/2000,COU,MO,ACE,CE,Federal Contract Tower,0,16,19,0,35,0,5,11,0,16,0,21,30,0,51,20,0,20,71
10/25/2000,COU,MO,ACE,CE,Federal Contract Tower,0,23,27,2,52,0,4,41,0,45,0,27,68,2,97,10,20,30,127
10/26/2000,COU,MO,ACE,CE,Federal Contract Tower,0,25,32,0,57,0,11,25,0,36,0,36,57,0,93,24,0,24,117
10/27/2000,COU,MO,ACE,CE,Federal Contract Tower,1,24,32,0,57,1,8,16,0,25,2,32,48,0,82,14,0,14,96
10/28/2000,COU,MO,ACE,CE,Federal Contract Tower,0,11,19,0,30,2,0,46,0,48,2,11,65,0,78,24,0,24,102
10/29/2000,COU,MO,ACE,CE,Federal Contract Tower,0,14,18,0,32,0,0,16,0,16,0,14,34,0,48,10,0,10,58
10/30/2000,COU,MO,ACE,CE,Federal Contract Tower,0,22,27,0,49,0,2,43,0,45,0,24,70,0,94,32,2,34,128
10/31/2000,COU,MO,ACE,CE,Federal Contract Tower,0,19,24,0,43,0,5,23,0,28,0,24,47,0,71,30,0,30,101
11/01/2000,COU,MO,ACE,CE,Federal Contract Tower,0,20,25,0,45,0,0,37,0,37,0,20,62,0,82,10,0,10,92
11/02/2000,COU,MO,ACE,CE,Federal Contract Tower,1,19,22,0,42,1,6,66,6,79,2,25,88,6,121,40,30,70,191
11/03/2000,COU,MO,ACE,CE,Federal Contract Tower,1,26,33,0,60,1,0,70,8,79,2,26,103,8,139,12,20,32,171
11/04/2000,COU,MO,ACE,CE,Federal Contract Tower,1,18,22,0,41,1,2,51,4,58,2,20,73,4,99,40,10,50,149
11/05/2000,COU,MO,ACE,CE,Federal Contract Tower,0,15,21,0,36,0,0,48,4,52,0,15,69,4,88,28,0,28,116
11/06/2000,COU,MO,ACE,CE,Federal Contract Tower,0,12,15,0,27,0,4,0,2,6,0,16,15,2,33,4,14,18,51
11/07/2000,COU,MO,ACE,CE,Federal Contract Tower,0,20,24,0,44,0,1,11,4,16,0,21,35,4,60,36,4,40,100
11/08/2000,COU,MO,ACE,CE,Federal Contract Tower,0,22,28,0,50,0,0,17,0,17,0,22,45,0,67,0,0,0,67
11/09/2000,COU,MO,ACE,CE,Federal Contract Tower,1,14,14,0,29,1,12,6,0,19,2,26,20,0,48,4,0,4,52
11/10/2000,COU,MO,ACE,CE,Federal Contract Tower,1,12,23,0,36,1,0,0,0,1,2,12,23,0,37,0,0,0,37
11/11/2000,COU,MO,ACE,CE,Federal Contract Tower,0,14,15,0,29,0,3,20,0,23,0,17,35,0,52,0,0,0,52
11/12/2000,COU,MO,ACE,CE,Federal Contract Tower,0,16,13,0,29,0,0,0,0,0,0,16,13,0,29,0,0,0,29
11/13/2000,COU,MO,ACE,CE,Federal Contract Tower,0,20,22,0,42,0,0,37,2,39,0,20,59,2,81,20,8,28,109
11/14/2000,COU,MO,ACE,CE,Federal Contract Tower,0,23,25,0,48,0,0,29,8,37,0,23,54,8,85,22,0,22,107
11/15/2000,COU,MO,ACE,CE,Federal Contract Tower,0,23,27,1,51,0,0,37,1,38,0,23,64,2,89,46,12,58,147
11/16/2000,COU,MO,ACE,CE,Federal Contract Tower,0,20,21,0,41,0,0,20,0,20,0,20,41,0,61,14,0,14,75
11/17/2000,COU,MO,ACE,CE,Federal Contract Tower,0,16,17,1,34,2,2,30,1,35,2,18,47,2,69,36,0,36,105
11/18/2000,COU,MO,ACE,CE,Federal Contract Tower,0,15,24,0,39,2,0,97,0,99,2,15,121,0,138,8,0,8,146
11/19/2000,COU,MO,ACE,CE,Federal Contract Tower,0,14,15,0,29,0,11,21,0,32,0,25,36,0,61,18,0,18,79
11/20/2000,COU,MO,ACE,CE,Federal Contract Tower,0,19,20,0,39,0,6,4,0,10,0,25,24,0,49,0,0,0,49
11/21/2000,COU,MO,ACE,CE,Federal Contract Tower,0,19,22,1,42,0,0,60,1,61,0,19,82,2,103,34,0,34,137
11/22/2000,COU,MO,ACE,CE,Federal Contract Tower,0,22,23,0,45,0,0,37,0,37,0,22,60,0,82,2,0,2,84
11/23/2000,COU,MO,ACE,CE,Federal Contract Tower,0,9,11,0,20,0,0,47,0,47,0,9,58,0,67,12,0,12,79
11/24/2000,COU,MO,ACE,CE,Federal Contract Tower,0,10,12,0,22,0,1,22,0,23,0,11,34,0,45,30,0,30,75
11/25/2000,COU,MO,ACE,CE,Federal Contract Tower,0,11,13,0,24,0,0,1,0,1,0,11,14,0,25,0,0,0,25
11/26/2000,COU,MO,ACE,CE,Federal Contract Tower,0,18,20,0,38,0,2,33,0,35,0,20,53,0,73,24,0,24,97
11/27/2000,COU,MO,ACE,CE,Federal Contract Tower,0,18,20,0,38,0,2,27,2,31,0,20,47,2,69,6,12,18,87
11/28/2000,COU,MO,ACE,CE,Federal Contract Tower,0,15,16,0,31,0,8,34,2,44,0,23,50,2,75,12,0,12,87
11/29/2000,COU,MO,ACE,CE,Federal Contract Tower,0,23,25,0,48,0,0,33,4,37,0,23,58,4,85,14,2,16,101
11/30/2000,COU,MO,ACE,CE,Federal Contract Tower,0,24,29,0,53,0,0,45,8,53,0,24,74,8,106,22,24,46,152
12/01/2000,COU,MO,ACE,CE,Federal Contract Tower,0,23,23,0,46,0,0,21,0,21,0,23,44,0,67,0,0,0,67
12/02/2000,COU,MO,ACE,CE,Federal Contract Tower,0,10,10,0,20,0,6,11,0,17,0,16,21,0,37,20,0,20,57
12/03/2000,COU,MO,ACE,CE,Federal Contract Tower,0,16,14,0,30,0,4,82,4,90,0,20,96,4,120,66,0,66,186
12/04/2000,COU,MO,ACE,CE,Federal Contract Tower,0,21,20,0,41,0,5,27,0,32,0,26,47,0,73,20,0,20,93
12/05/2000,COU,MO,ACE,CE,Federal Contract Tower,0,17,16,0,33,0,11,57,0,68,0,28,73,0,101,10,0,10,111
12/06/2000,COU,MO,ACE,CE,Federal Contract Tower,0,21,21,0,42,0,0,14,2,16,0,21,35,2,58,0,2,2,60
12/07/2000,COU,MO,ACE,CE,Federal Contract Tower,0,17,16,0,33,0,4,32,0,36,0,21,48,0,69,16,0,16,85
12/08/2000,COU,MO,ACE,CE,Federal Contract Tower,1,23,28,0,52,0,0,33,0,33,1,23,61,0,85,24,0,24,109
12/09/2000,COU,MO,ACE,CE,Federal Contract Tower,0,11,10,0,21,0,0,37,0,37,0,11,47,0,58,30,0,30,88
12/10/2000,COU,MO,ACE,CE,Federal Contract Tower,0,12,16,0,28,0,0,9,0,9,0,12,25,0,37,4,0,4,41
12/11/2000,COU,MO,ACE,CE,Federal Contract Tower,0,3,3,0,6,0,1,0,0,1,0,4,3,0,7,0,0,0,7
12/12/2000,COU,MO,ACE,CE,Federal Contract Tower,0,17,15,1,33,0,0,18,0,18,0,17,33,1,51,8,6,14,65
12/13/2000,COU,MO,ACE,CE,Federal Contract Tower,0,3,2,0,5,0,0,1,0,1,0,3,3,0,6,0,0,0,6
12/14/2000,COU,MO,ACE,CE,Federal Contract Tower,0,15,14,1,30,0,3,2,2,7,0,18,16,3,37,4,10,14,51
12/15/2000,COU,MO,ACE,CE,Federal Contract Tower,0,6,3,0,9,2,0,0,0,2,2,6,3,0,11,0,0,0,11
12/16/2000,COU,MO,ACE,CE,Federal Contract Tower,0,14,8,0,22,3,2,0,0,5,3,16,8,0,27,4,0,4,31
12/17/2000,COU,MO,ACE,CE,Federal Contract Tower,0,14,12,0,26,0,5,15,0,20,0,19,27,0,46,0,0,0,46
12/18/2000,COU,MO,ACE,CE,Federal Contract Tower,0,13,8,0,21,0,5,0,0,5,0,18,8,0,26,0,0,0,26
12/19/2000,COU,MO,ACE,CE,Federal Contract Tower,0,20,21,0,41,1,0,15,0,16,1,20,36,0,57,4,0,4,61
12/20/2000,COU,MO,ACE,CE,Federal Contract Tower,0,19,17,0,36,1,2,40,4,47,1,21,57,4,83,0,12,12,95
12/21/2000,COU,MO,ACE,CE,Federal Contract Tower,0,13,13,0,26,0,0,14,0,14,0,13,27,0,40,6,0,6,46
12/22/2000,COU,MO,ACE,CE,Federal Contract Tower,0,18,20,0,38,1,0,21,0,22,1,18,41,0,60,18,0,18,78
12/23/2000,COU,MO,ACE,CE,Federal Contract Tower,0,7,5,0,12,0,7,29,0,36,0,14,34,0,48,14,0,14,62
12/24/2000,COU,MO,ACE,CE,Federal Contract Tower,0,9,9,0,18,0,0,10,0,10,0,9,19,0,28,2,0,2,30
12/25/2000,COU,MO,ACE,CE,Federal Contract Tower,0,7,1,0,8,0,5,0,0,5,0,12,1,0,13,0,0,0,13
12/26/2000,COU,MO,ACE,CE,Federal Contract Tower,0,16,13,0,29,0,4,2,0,6,0,20,15,0,35,0,0,0,35
12/27/2000,COU,MO,ACE,CE,Federal Contract Tower,0,14,11,0,25,0,2,4,0,6,0,16,15,0,31,0,0,0,31
12/28/2000,COU,MO,ACE,CE,Federal Contract Tower,0,20,18,0,38,0,0,13,0,13,0,20,31,0,51,0,0,0,51
12/29/2000,COU,MO,ACE,CE,Federal Contract Tower,0,14,13,0,27,0,0,8,0,8,0,14,21,0,35,0,0,0,35
12/30/2000,COU,MO,ACE,CE,Federal Contract Tower,0,9,9,0,18,0,0,11,0,11,0,9,20,0,29,0,0,0,29
12/31/2000,COU,MO,ACE,CE,Federal Contract Tower,0,4,7,0,11,0,0,23,0,23,0,4,30,0,34,0,16,16,50
01/01/2001,COU,MO,ACE,CE,Federal Contract Tower,0,10,9,0,19,0,0,15,0,15,0,10,24,0,34,0,2,2,36
01/02/2001,COU,MO,ACE,CE,Federal Contract Tower,0,25,23,0,48,0,0,49,12,61,0,25,72,12,109,2,12,14,123
01/03/2001,COU,MO,ACE,CE,Federal Contract Tower,0,16,16,0,32,0,8,39,0,47,0,24,55,0,79,34,0,34,113
01/04/2001,COU,MO,ACE,CE,Federal Contract Tower,0,19,19,0,38,0,3,36,2,41,0,22,55,2,79,36,12,48,127
01/05/2001,COU,MO,ACE,CE,Federal Contract Tower,0,19,17,0,36,0,1,19,4,24,0,20,36,4,60,6,8,14,74
01/06/2001,COU,MO,ACE,CE,Federal Contract Tower,0,6,12,0,18,0,0,53,4,57,0,6,65,4,75,22,4,26,101
01/07/2001,COU,MO,ACE,CE,Federal Contract Tower,0,11,10,0,21,0,4,39,0,43,0,15,49,0,64,56,0,56,120
01/08/2001,COU,MO,ACE,CE,Federal Contract Tower,0,17,15,0,32,0,5,7,0,12,0,22,22,0,44,40,0,40,84
01/09/2001,COU,MO,ACE,CE,Federal Contract Tower,0,23,19,0,42,0,4,45,0,49,0,27,64,0,91,32,0,32,123
01/10/2001,COU,MO,ACE,CE,Federal Contract Tower,0,23,20,0,43,0,1,60,3,64,0,24,80,3,107,40,8,48,155
01/11/2001,COU,MO,ACE,CE,Federal Contract Tower,0,17,15,0,32,0,1,3,0,4,0,18,18,0,36,2,0,2,38
01/12/2001,COU,MO,ACE,CE,Federal Contract Tower,0,25,25,0,50,0,0,21,0,21,0,25,46,0,71,0,0,0,71
01/13/2001,COU,MO,ACE,CE,Federal Contract Tower,0,10,9,0,19,0,0,7,0,7,0,10,16,0,26,6,0,6,32
01/14/2001,COU,MO,ACE,CE,Federal Contract Tower,0,12,9,0,21,0,1,19,0,20,0,13,28,0,41,76,0,76,117
01/15/2001,COU,MO,ACE,CE,Federal Contract Tower,0,30,24,0,54,0,1,40,0,41,0,31,64,0,95,26,0,26,121
01/16/2001,COU,MO,ACE,CE,Federal Contract Tower,0,24,19,0,43,0,6,6,4,16,0,30,25,4,59,32,30,62,121
01/17/2001,COU,MO,ACE,CE,Federal Contract Tower,0,23,18,0,41,0,0,53,4,57,0,23,71,4,98,52,0,52,150
01/18/2001,COU,MO,ACE,CE,Federal Contract Tower,0,19,15,0,34,0,0,61,0,61,0,19,76,0,95,60,0,60,155
01/19/2001,COU,MO,ACE,CE,Federal Contract Tower,0,21,16,0,37,0,4,16,0,20,0,25,32,0,57,16,0,16,73
01/20/2001,COU,MO,ACE,CE,Federal Contract Tower,0,11,11,0,22,0,0,43,0,43,0,11,54,0,65,30,0,30,95
01/21/2001,COU,MO,ACE,CE,Federal Contract Tower,0,14,10,0,24,0,0,64,0,64,0,14,74,0,88,42,0,42,130
01/22/2001,COU,MO,ACE,CE,Federal Contract Tower,0,20,15,0,35,0,0,32,0,32,0,20,47,0,67,38,0,38,105
01/23/2001,COU,MO,ACE,CE,Federal Contract Tower,0,25,20,0,45,0,3,25,0,28,0,28,45,0,73,0,6,6,79
01/24/2001,COU,MO,ACE,CE,Federal Contract Tower,0,23,19,0,42,0,0,38,0,38,0,23,57,0,80,38,0,38,118
01/25/2001,COU,MO,ACE,CE,Federal Contract Tower,0,19,18,0,37,0,0,68,0,68,0,19,86,0,105,18,0,18,123
01/26/2001,COU,MO,ACE,CE,Federal Contract Tower,0,18,13,0,31,0,5,4,0,9,0,23,17,0,40,6,0,6,46
01/27/2001,COU,MO,ACE,CE,Federal Contract Tower,0,12,11,0,23,0,0,73,0,73,0,12,84,0,96,42,0,42,138
01/28/2001,COU,MO,ACE,CE,Federal Contract Tower,0,10,2,0,12,0,6,0,0,6,0,16,2,0,18,0,0,0,18
01/29/2001,COU,MO,ACE,CE,Federal Contract Tower,0,16,12,0,28,0,1,0,0,1,0,17,12,0,29,0,0,0,29
01/30/2001,COU,MO,ACE,CE,Federal Contract Tower,0,18,14,0,32,0,4,7,0,11,0,22,21,0,43,4,0,4,47
01/31/2001,COU,MO,ACE,CE,Federal Contract Tower,0,19,21,0,40,0,0,31,2,33,0,19,52,2,73,10,0,10,83
02/01/2001,COU,MO,ACE,CE,Federal Contract Tower,1,23,19,0,43,0,30,24,0,54,1,53,43,0,97,24,0,24,121
02/02/2001,COU,MO,ACE,CE,Federal Contract Tower,0,19,16,0,35,0,3,46,0,49,0,22,62,0,84,6,0,6,90
02/03/2001,COU,MO,ACE,CE,Federal Contract Tower,0,15,12,0,27,0,2,54,0,56,0,17,66,0,83,14,0,14,97
02/04/2001,COU,MO,ACE,CE,Federal Contract Tower,0,13,13,0,26,0,0,14,0,14,0,13,27,0,40,2,2,4,44
02/05/2001,COU,MO,ACE,CE,Federal Contract Tower,0,18,15,0,33,0,21,16,0,37,0,39,31,0,70,4,0,4,74
02/06/2001,COU,MO,ACE,CE,Federal Contract Tower,0,24,21,0,45,0,10,45,0,55,0,34,66,0,100,24,0,24,124
02/07/2001,COU,MO,ACE,CE,Federal Contract Tower,0,30,27,0,57,3,15,20,2,40,3,45,47,2,97,14,0,14,111
02/08/2001,COU,MO,ACE,CE,Federal Contract Tower,0,21,18,0,39,0,21,0,0,21,0,42,18,0,60,4,0,4,64
02/09/2001,COU,MO,ACE,CE,Federal Contract Tower,0,9,4,0,13,0,5,0,0,5,0,14,4,0,18,0,0,0,18
02/10/2001,COU,MO,ACE,CE,Federal Contract Tower,0,13,12,0,25,0,20,72,6,98,0,33,84,6,123,26,0,26,149
02/11/2001,COU,MO,ACE,CE,Federal Contract Tower,0,13,13,0,26,0,0,63,0,63,0,13,76,0,89,42,0,42,131
02/12/2001,COU,MO,ACE,CE,Federal Contract Tower,0,21,19,0,40,0,9,15,0,24,0,30,34,0,64,20,0,20,84
02/13/2001,COU,MO,ACE,CE,Federal Contract Tower,0,14,12,0,26,0,0,3,0,3,0,14,15,0,29,0,0,0,29
02/14/2001,COU,MO,ACE,CE,Federal Contract Tower,0,18,12,0,30,0,6,0,0,6,0,24,12,0,36,0,0,0,36
02/15/2001,COU,MO,ACE,CE,Federal Contract Tower,0,14,12,0,26,0,0,0,0,0,0,14,12,0,26,0,0,0,26
02/16/2001,COU,MO,ACE,CE,Federal Contract Tower,0,27,23,0,50,0,32,20,0,52,0,59,43,0,102,26,0,26,128
02/17/2001,COU,MO,ACE,CE,Federal Contract Tower,0,14,12,0,26,0,2,36,0,38,0,16,48,0,64,50,0,50,114
02/18/2001,COU,MO,ACE,CE,Federal Contract Tower,0,11,9,0,20,0,26,26,0,52,0,37,35,0,72,36,0,36,108
02/19/2001,COU,MO,ACE,CE,Federal Contract Tower,0,27,22,0,49,0,14,49,0,63,0,41,71,0,112,10,0,10,122
02/20/2001,COU,MO,ACE,CE,Federal Contract Tower,0,23,19,0,42,0,7,40,0,47,0,30,59,0,89,32,0,32,121
02/21/2001,COU,MO,ACE,CE,Federal Contract Tower,0,27,22,0,49,0,6,16,0,22,0,33,38,0,71,8,0,8,79
02/22/2001,COU,MO,ACE,CE,Federal Contract Tower,0,24,23,0,47,0,0,14,0,14,0,24,37,0,61,12,0,12,73
02/23/2001,COU,MO,ACE,CE,Federal Contract Tower,0,19,17,0,36,0,0,2,0,2,0,19,19,0,38,4,0,4,42
02/24/2001,COU,MO,ACE,CE,Federal Contract Tower,0,5,3,0,8,0,2,1,0,3,0,7,4,0,11,0,0,0,11
02/25/2001,COU,MO,ACE,CE,Federal Contract Tower,0,13,12,0,25,2,0,16,0,18,2,13,28,0,43,16,0,16,59
02/26/2001,COU,MO,ACE,CE,Federal Contract Tower,0,19,15,0,34,0,13,49,0,62,0,32,64,0,96,30,0,30,126
02/27/2001,COU,MO,ACE,CE,Federal Contract Tower,0,7,8,0,15,0,0,3,0,3,0,7,11,0,18,0,0,0,18
02/28/2001,COU,MO,ACE,CE,Federal Contract Tower,0,18,15,0,33,0,9,28,0,37,0,27,43,0,70,14,0,14,84
03/01/2001,COU,MO,ACE,CE,Federal Contract Tower,0,13,17,0,30,0,0,35,0,35,0,13,52,0,65,14,0,14,79
03/02/2001,COU,MO,ACE,CE,Federal Contract Tower,0,16,25,0,41,0,0,21,1,22,0,16,46,1,63,22,0,22,85
03/03/2001,COU,MO,ACE,CE,Federal Contract Tower,0,9,19,0,28,0,0,46,0,46,0,9,65,0,74,12,0,12,86
03/04/2001,COU,MO,ACE,CE,Federal Contract Tower,0,12,21,0,33,0,0,46,1,47,0,12,67,1,80,60,0,60,140
03/05/2001,COU,MO,ACE,CE,Federal Contract Tower,0,11,16,0,27,0,21,58,0,79,0,32,74,0,106,34,0,34,140
03/06/2001,COU,MO,ACE,CE,Federal Contract Tower,0,14,20,0,34,0,0,77,0,77,0,14,97,0,111,50,0,50,161
03/07/2001,COU,MO,ACE,CE,Federal Contract Tower,0,13,18,0,31,0,2,49,2,53,0,15,67,2,84,16,0,16,100
03/08/2001,COU,MO,ACE,CE,Federal Contract Tower,0,12,17,0,29,0,0,66,0,66,0,12,83,0,95,14,0,14,109
03/09/2001,COU,MO,ACE,CE,Federal Contract Tower,0,19,25,0,44,0,14,40,0,54,0,33,65,0,98,12,0,12,110
03/10/2001,COU,MO,ACE,CE,Federal Contract Tower,0,8,11,0,19,0,1,69,0,70,0,9,80,0,89,18,0,18,107
03/11/2001,COU,MO,ACE,CE,Federal Contract Tower,0,12,15,0,27,0,3,45,0,48,0,15,60,0,75,10,0,10,85
03/12/2001,COU,MO,ACE,CE,Federal Contract Tower,0,9,12,0,21,0,1,8,0,9,0,10,20,0,30,4,0,4,34
03/13/2001,COU,MO,ACE,CE,Federal Contract Tower,0,13,17,0,30,2,1,15,0,18,2,14,32,0,48,4,0,4,52
03/14/2001,COU,MO,ACE,CE,Federal Contract Tower,0,10,15,0,25,2,2,39,0,43,2,12,54,0,68,32,0,32,100
03/15/2001,COU,MO,ACE,CE,Federal Contract Tower,0,13,17,0,30,0,2,25,0,27,0,15,42,0,57,6,0,6,63
03/16/2001,COU,MO,ACE,CE,Federal Contract Tower,0,15,23,0,38,0,3,10,0,13,0,18,33,0,51,0,0,0,51
03/17/2001,COU,MO,ACE,CE,Federal Contract Tower,0,10,20,0,30,1,0,70,0,71,1,10,90,0,101,10,0,10,111
03/18/2001,COU,MO,ACE,CE,Federal Contract Tower,0,13,18,0,31,2,7,56,0,65,2,20,74,0,96,16,0,16,112
03/19/2001,COU,MO,ACE,CE,Federal Contract Tower,0,13,19,0,32,0,5,62,0,67,0,18,81,0,99,26,0,26,125
03/20/2001,COU,MO,ACE,CE,Federal Contract Tower,0,21,31,0,52,0,0,50,0,50,0,21,81,0,102,40,0,40,142
03/21/2001,COU,MO,ACE,CE,Federal Contract Tower,0,14,26,0,40,0,0,68,0,68,0,14,94,0,108,38,0,38,146
03/22/2001,COU,MO,ACE,CE,Federal Contract Tower,0,16,25,0,41,1,0,27,0,28,1,16,52,0,69,10,2,12,81
03/23/2001,COU,MO,ACE,CE,Federal Contract Tower,0,17,25,0,42,0,6,24,0,30,0,23,49,0,72,32,0,32,104
03/24/2001,COU,MO,ACE,CE,Federal Contract Tower,0,12,20,0,32,0,0,60,0,60,0,12,80,0,92,20,0,20,112
03/25/2001,COU,MO,ACE,CE,Federal Contract Tower,0,11,16,0,27,0,0,60,0,60,0,11,76,0,87,6,0,6,93
03/26/2001,COU,MO,ACE,CE,Federal Contract Tower,0,12,17,0,29,0,22,62,0,84,0,34,79,0,113,10,0,10,123
03/27/2001,COU,MO,ACE,CE,Federal Contract Tower,0,13,18,0,31,0,10,53,4,67,0,23,71,4,98,26,0,26,124
03/28/2001,COU,MO,ACE,CE,Federal Contract Tower,0,17,24,0,41,0,2,6,0,8,0,19,30,0,49,0,0,0,49
03/29/2001,COU,MO,ACE,CE,Federal Contract Tower,0,11,17,0,28,0,0,15,0,15,0,11,32,0,43,26,0,26,69
03/30/2001,COU,MO,ACE,CE,Federal Contract Tower,0,16,23,0,39,0,1,28,0,29,0,17,51,0,68,50,0,50,118
03/31/2001,COU,MO,ACE,CE,Federal Contract Tower,0,10,15,0,25,0,1,6,0,7,0,11,21,0,32,2,0,2,34
04/01/2001,COU,MO,ACE,CE,Federal Contract Tower,0,13,26,0,39,0,0,90,0,90,0,13,116,0,129,28,0,28,157
04/02/2001,COU,MO,ACE,CE,Federal Contract Tower,0,7,12,0,19,0,15,12,2,29,0,22,24,2,48,28,0,28,76
04/03/2001,COU,MO,ACE,CE,Federal Contract Tower,0,8,18,0,26,0,0,10,0,10,0,8,28,0,36,0,0,0,36
04/04/2001,COU,MO,ACE,CE,Federal Contract Tower,0,13,23,0,36,0,14,21,2,37,0,27,44,2,73,28,20,48,121
04/05/2001,COU,MO,ACE,CE,Federal Contract Tower,0,9,17,0,26,0,4,3,0,7,0,13,20,0,33,6,0,6,39
04/06/2001,COU,MO,ACE,CE,Federal Contract Tower,0,10,20,0,30,0,0,26,0,26,0,10,46,0,56,2,0,2,58
04/07/2001,COU,MO,ACE,CE,Federal Contract Tower,0,5,9,0,14,0,5,10,0,15,0,10,19,0,29,2,0,2,31
04/08/2001,COU,MO,ACE,CE,Federal Contract Tower,0,8,16,0,24,0,4,68,0,72,0,12,84,0,96,26,0,26,122
04/09/2001,COU,MO,ACE,CE,Federal Contract Tower,0,11,20,0,31,0,1,47,2,50,0,12,67,2,81,14,20,34,115
04/10/2001,COU,MO,ACE,CE,Federal Contract Tower,0,8,20,0,28,2,0,8,2,12,2,8,28,2,40,8,20,28,68
04/11/2001,COU,MO,ACE,CE,Federal Contract Tower,0,8,14,0,22,0,4,0,0,4,0,12,14,0,26,2,0,2,28
04/12/2001,COU,MO,ACE,CE,Federal Contract Tower,0,10,33,0,43,0,0,32,0,32,0,10,65,0,75,10,0,10,85
04/13/2001,COU,MO,ACE,CE,Federal Contract Tower,0,16,30,0,46,2,0,55,4,61,2,16,85,4,107,24,0,24,131
04/14/2001,COU,MO,ACE,CE,Federal Contract Tower,0,9,20,0,29,0,0,43,0,43,0,9,63,0,72,42,0,42,114
04/15/2001,COU,MO,ACE,CE,Federal Contract Tower,0,6,12,0,18,0,8,26,0,34,0,14,38,0,52,10,0,10,62
04/16/2001,COU,MO,ACE,CE,Federal Contract Tower,0,12,23,0,35,0,3,33,4,40,0,15,56,4,75,16,0,16,91
04/17/2001,COU,MO,ACE,CE,Federal Contract Tower,0,9,20,0,29,0,0,65,6,71,0,9,85,6,100,22,14,36,136
04/18/2001,COU,MO,ACE,CE,Federal Contract Tower,0,9,22,0,31,1,0,58,0,59,1,9,80,0,90,24,0,24,114
04/19/2001,COU,MO,ACE,CE,Federal Contract Tower,0,10,20,0,30,0,2,54,0,56,0,12,74,0,86,8,0,8,94
04/20/2001,COU,MO,ACE,CE,Federal Contract Tower,0,13,35,0,48,2,0,21,0,23,2,13,56,0,71,16,0,16,87
04/21/2001,COU,MO,ACE,CE,Federal Contract Tower,0,8,24,0,32,0,0,21,0,21,0,8,45,0,53,8,0,8,61
04/22/2001,COU,MO,ACE,CE,Federal Contract Tower,0,9,19,0,28,0,2,15,0,17,0,11,34,0,45,10,0,10,55
04/23/2001,COU,MO,ACE,CE,Federal Contract Tower,0,8,15,0,23,0,3,2,4,9,0,11,17,4,32,0,20,20,52
04/24/2001,COU,MO,ACE,CE,Federal Contract Tower,0,8,16,0,24,0,1,53,3,57,0,9,69,3,81,36,16,52,133
04/25/2001,COU,MO,ACE,CE,Federal Contract Tower,0,10,22,0,32,0,0,76,0,76,0,10,98,0,108,62,0,62,170
04/26/2001,COU,MO,ACE,CE,Federal Contract Tower,0,9,17,0,26,0,8,44,1,53,0,17,61,1,79,30,0,30,109
04/27/2001,COU,MO,ACE,CE,Federal Contract Tower,0,13,25,0,38,3,6,57,0,66,3,19,82,0,104,42,0,42,146
04/28/2001,COU,MO,ACE,CE,Federal Contract Tower,0,7,15,0,22,0,5,49,0,54,0,12,64,0,76,20,0,20,96
04/29/2001,COU,MO,ACE,CE,Federal Contract Tower,0,9,18,0,27,0,7,70,0,77,0,16,88,0,104,24,0,24,128
04/30/2001,COU,MO,ACE,CE,Federal Contract Tower,0,12,24,0,36,0,4,44,0,48,0,16,68,0,84,32,0,32,116
05/01/2001,COU,MO,ACE,CE,Federal Contract Tower,0,9,15,0,24,0,32,30,0,62,0,41,45,0,86,28,0,28,114
05/02/2001,COU,MO,ACE,CE,Federal Contract Tower,0,13,18,0,31,0,0,54,0,54,0,13,72,0,85,12,0,12,97
05/03/2001,COU,MO,ACE,CE,Federal Contract Tower,0,12,18,0,30,0,4,25,0,29,0,16,43,0,59,6,0,6,65
05/04/2001,COU,MO,ACE,CE,Federal Contract Tower,1,14,20,0,35,1,17,38,0,56,2,31,58,0,91,22,0,22,113
05/05/2001,COU,MO,ACE,CE,Federal Contract Tower,0,11,18,1,30,0,7,16,3,26,0,18,34,4,56,8,0,8,64
05/06/2001,COU,MO,ACE,CE,Federal Contract Tower,0,8,13,0,21,0,4,17,0,21,0,12,30,0,42,12,0,12,54
05/07/2001,COU,MO,ACE,CE,Federal Contract Tower,0,10,17,0,27,0,7,15,0,22,0,17,32,0,49,22,0,22,71
05/08/2001,COU,MO,ACE,CE,Federal Contract Tower,0,10,16,0,26,0,19,61,2,82,0,29,77,2,108,26,10,36,144
05/09/2001,COU,MO,ACE,CE,Federal Contract Tower,0,18,28,0,46,0,8,58,0,66,0,26,86,0,112,46,0,46,158
05/10/2001,COU,MO,ACE,CE,Federal Contract Tower,0,14,20,2,36,0,0,45,2,47,0,14,65,4,83,28,2,30,113
05/11/2001,COU,MO,ACE,CE,Federal Contract Tower,0,19,28,2,49,2,12,40,4,58,2,31,68,6,107,22,16,38,145
05/12/2001,COU,MO,ACE,CE,Federal Contract Tower,0,5,7,0,12,0,2,33,0,35,0,7,40,0,47,20,0,20,67
05/13/2001,COU,MO,ACE,CE,Federal Contract Tower,0,11,14,0,25,0,5,17,0,22,0,16,31,0,47,12,0,12,59
05/14/2001,COU,MO,ACE,CE,Federal Contract Tower,0,14,20,0,34,0,19,26,0,45,0,33,46,0,79,22,0,22,101
05/15/2001,COU,MO,ACE,CE,Federal Contract Tower,0,18,25,0,43,0,18,65,0,83,0,36,90,0,126,24,0,24,150
05/16/2001,COU,MO,ACE,CE,Federal Contract Tower,0,11,15,1,27,0,33,56,1,90,0,44,71,2,117,34,10,44,161
05/17/2001,COU,MO,ACE,CE,Federal Contract Tower,0,11,15,0,26,0,29,21,0,50,0,40,36,0,76,16,0,16,92
05/18/2001,COU,MO,ACE,CE,Federal Contract Tower,0,13,25,0,38,2,0,20,0,22,2,13,45,0,60,2,0,2,62
05/19/2001,COU,MO,ACE,CE,Federal Contract Tower,0,13,20,2,35,0,26,62,2,90,0,39,82,4,125,14,0,14,139
05/20/2001,COU,MO,ACE,CE,Federal Contract Tower,0,9,13,0,22,0,13,14,0,27,0,22,27,0,49,14,0,14,63
05/21/2001,COU,MO,ACE,CE,Federal Contract Tower,0,15,21,0,36,0,19,23,0,42,0,34,44,0,78,18,0,18,96
05/22/2001,COU,MO,ACE,CE,Federal Contract Tower,0,10,20,2,32,2,0,48,1,51,2,10,68,3,83,2,0,2,85
05/23/2001,COU,MO,ACE,CE,Federal Contract Tower,0,17,25,2,44,0,18,33,2,53,0,35,58,4,97,16,10,26,123
05/24/2001,COU,MO,ACE,CE,Federal Contract Tower,0,18,25,2,45,0,19,28,10,57,0,37,53,12,102,10,20,30,132
05/25/2001,COU,MO,ACE,CE,Federal Contract Tower,0,16,31,1,48,0,0,71,25,96,0,16,102,26,144,26,50,76,220
05/26/2001,COU,MO,ACE,CE,Federal Contract Tower,0,3,6,0,9,0,2,9,6,17,0,5,15,6,26,2,4,6,32
05/27/2001,COU,MO,ACE,CE,Federal Contract Tower,0,6,10,0,16,0,4,32,47,83,0,10,42,47,99,18,24,42,141
05/28/2001,COU,MO,ACE,CE,Federal Contract Tower,0,10,15,0,25,0,3,78,19,100,0,13,93,19,125,36,0,36,161
05/29/2001,COU,MO,ACE,CE,Federal Contract Tower,0,10,15,0,25,0,3,33,9,45,0,13,48,9,70,20,24,44,114
05/30/2001,COU,MO,ACE,CE,Federal Contract Tower,0,10,15,0,25,0,0,7,0,7,0,10,22,0,32,0,0,0,32
05/31/2001,COU,MO,ACE,CE,Federal Contract Tower,0,11,17,0,28,0,1,15,0,16,0,12,32,0,44,12,0,12,56
06/01/2001,COU,MO,ACE,CE,Federal Contract Tower,0,12,21,0,33,0,1,67,2,70,0,13,88,2,103,102,0,102,205
06/02/2001,COU,MO,ACE,CE,Federal Contract Tower,0,6,17,0,23,0,1,44,0,45,0,7,61,0,68,42,0,42,110
06/03/2001,COU,MO,ACE,CE,Federal Contract Tower,0,12,6,0,18,0,1,5,0,6,0,13,11,0,24,0,0,0,24
06/04/2001,COU,MO,ACE,CE,Federal Contract Tower,0,9,14,0,23,0,0,0,0,0,0,9,14,0,23,4,0,4,27
06/05/2001,COU,MO,ACE,CE,Federal Contract Tower,0,11,12,0,23,0,0,13,4,17,0,11,25,4,40,16,12,28,68
06/06/2001,COU,MO,ACE,CE,Federal Contract Tower,1,10,29,0,40,0,0,30,1,31,1,10,59,1,71,12,0,12,83
06/07/2001,COU,MO,ACE,CE,Federal Contract Tower,0,13,35,0,48,0,0,36,4,40,0,13,71,4,88,4,16,20,108
06/08/2001,COU,MO,ACE,CE,Federal Contract Tower,2,11,33,2,48,0,0,77,2,79,2,11,110,4,127,36,4,40,167
06/09/2001,COU,MO,ACE,CE,Federal Contract Tower,0,10,14,1,25,0,0,55,0,55,0,10,69,1,80,34,0,34,114
06/10/2001,COU,MO,ACE,CE,Federal Contract Tower,0,13,22,0,35,0,1,64,2,67,0,14,86,2,102,28,2,30,132
06/11/2001,COU,MO,ACE,CE,Federal Contract Tower,2,14,18,2,36,0,0,51,0,51,2,14,69,2,87,18,2,20,107
06/12/2001,COU,MO,ACE,CE,Federal Contract Tower,0,11,28,0,39,0,0,60,4,64,0,11,88,4,103,28,20,48,151
06/13/2001,COU,MO,ACE,CE,Federal Contract Tower,0,14,27,0,41,0,0,39,2,41,0,14,66,2,82,30,8,38,120
06/14/2001,COU,MO,ACE,CE,Federal Contract Tower,0,10,15,0,25,0,0,22,1,23,0,10,37,1,48,4,0,4,52
06/15/2001,COU,MO,ACE,CE,Federal Contract Tower,0,11,28,0,39,0,0,68,0,68,0,11,96,0,107,42,0,42,149
06/16/2001,COU,MO,ACE,CE,Federal Contract Tower,0,7,6,0,13,0,0,68,0,68,0,7,74,0,81,32,0,32,113
06/17/2001,COU,MO,ACE,CE,Federal Contract Tower,0,10,16,0,26,0,3,72,0,75,0,13,88,0,101,36,0,36,137
06/18/2001,COU,MO,ACE,CE,Federal Contract Tower,0,14,14,0,28,0,0,57,0,57,0,14,71,0,85,22,0,22,107
06/19/2001,COU,MO,ACE,CE,Federal Contract Tower,0,10,12,0,22,0,0,20,0,20,0,10,32,0,42,18,0,18,60
06/20/2001,COU,MO,ACE,CE,Federal Contract Tower,0,13,28,0,41,0,0,10,2,12,0,13,38,2,53,0,0,0,53
06/21/2001,COU,MO,ACE,CE,Federal Contract Tower,0,9,29,0,38,0,6,25,0,31,0,15,54,0,69,8,0,8,77
06/22/2001,COU,MO,ACE,CE,Federal Contract Tower,0,12,22,0,34,2,4,67,0,73,2,16,89,0,107,12,0,12,119
06/23/2001,COU,MO,ACE,CE,Federal Contract Tower,0,8,12,0,20,0,1,50,0,51,0,9,62,0,71,48,0,48,119
06/24/2001,COU,MO,ACE,CE,Federal Contract Tower,0,11,6,0,17,0,0,73,0,73,0,11,79,0,90,18,0,18,108
06/25/2001,COU,MO,ACE,CE,Federal Contract Tower,0,13,8,0,21,0,0,60,0,60,0,13,68,0,81,30,0,30,111
06/26/2001,COU,MO,ACE,CE,Federal Contract Tower,0,13,22,0,35,0,0,34,6,40,0,13,56,6,75,18,4,22,97
06/27/2001,COU,MO,ACE,CE,Federal Contract Tower,2,12,18,0,32,0,0,40,4,44,2,12,58,4,76,22,22,44,120
06/28/2001,COU,MO,ACE,CE,Federal Contract Tower,0,12,19,0,31,0,0,53,4,57,0,12,72,4,88,24,20,44,132
06/29/2001,COU,MO,ACE,CE,Federal Contract Tower,0,10,21,0,31,0,2,54,4,60,0,12,75,4,91,36,4,40,131
06/30/2001,COU,MO,ACE,CE,Federal Contract Tower,0,7,16,0,23,0,0,53,0,53,0,7,69,0,76,70,0,70,146
07/01/2001,COU,MO,ACE,CE,Federal Contract Tower,0,15,8,0,23,0,2,21,0,23,0,17,29,0,46,10,0,10,56
07/02/2001,COU,MO,ACE,CE,Federal Contract Tower,0,19,22,0,41,0,2,64,0,66,0,21,86,0,107,34,0,34,141
07/03/2001,COU,MO,ACE,CE,Federal Contract Tower,0,14,30,0,44,0,0,50,0,50,0,14,80,0,94,46,0,46,140
07/04/2001,COU,MO,ACE,CE,Federal Contract Tower,0,5,9,0,14,0,0,32,0,32,0,5,41,0,46,20,0,20,66
07/05/2001,COU,MO,ACE,CE,Federal Contract Tower,0,11,37,0,48,0,0,43,0,43,0,11,80,0,91,6,0,6,97
07/06/2001,COU,MO,ACE,CE,Federal Contract Tower,4,13,29,0,46,0,0,38,4,42,4,13,67,4,88,4,14,18,106
07/07/2001,COU,MO,ACE,CE,Federal Contract Tower,0,10,18,0,28,0,3,85,4,92,0,13,103,4,120,16,0,16,136
07/08/2001,COU,MO,ACE,CE,Federal Contract Tower,0,10,22,0,32,0,0,65,0,65,0,10,87,0,97,10,0,10,107
07/09/2001,COU,MO,ACE,CE,Federal Contract Tower,0,18,16,0,34,0,0,49,0,49,0,18,65,0,83,38,0,38,121
07/10/2001,COU,MO,ACE,CE,Federal Contract Tower,0,11,17,0,28,0,0,52,0,52,0,11,69,0,80,12,0,12,92
07/11/2001,COU,MO,ACE,CE,Federal Contract Tower,0,10,30,2,42,0,0,42,0,42,0,10,72,2,84,44,0,44,128
07/12/2001,COU,MO,ACE,CE,Federal Contract Tower,0,15,27,0,42,0,1,21,0,22,0,16,48,0,64,16,0,16,80
07/13/2001,COU,MO,ACE,CE,Federal Contract Tower,0,13,27,0,40,0,0,55,4,59,0,13,82,4,99,28,30,58,157
07/14/2001,COU,MO,ACE,CE,Federal Contract Tower,0,9,19,0,28,0,0,82,2,84,0,9,101,2,112,36,20,56,168
07/15/2001,COU,MO,ACE,CE,Federal Contract Tower,0,10,11,0,21,0,0,67,0,67,0,10,78,0,88,34,0,34,122
07/16/2001,COU,MO,ACE,CE,Federal Contract Tower,0,14,24,0,38,0,0,45,0,45,0,14,69,0,83,34,0,34,117
07/17/2001,COU,MO,ACE,CE,Federal Contract Tower,0,12,30,0,42,0,8,72,3,83,0,20,102,3,125,38,30,68,193
07/18/2001,COU,MO,ACE,CE,Federal Contract Tower,2,12,28,0,42,0,3,26,0,29,2,15,54,0,71,42,0,42,113
07/19/2001,COU,MO,ACE,CE,Federal Contract Tower,0,10,25,0,35,0,0,25,0,25,0,10,50,0,60,20,0,20,80
07/20/2001,COU,MO,ACE,CE,Federal Contract Tower,0,11,22,0,33,0,0,35,0,35,0,11,57,0,68,22,0,22,90
07/21/2001,COU,MO,ACE,CE,Federal Contract Tower,0,7,7,0,14,0,1,45,4,50,0,8,52,4,64,12,20,32,96
07/22/2001,COU,MO,ACE,CE,Federal Contract Tower,0,10,15,0,25,0,4,39,0,43,0,14,54,0,68,8,2,10,78
07/23/2001,COU,MO,ACE,CE,Federal Contract Tower,2,14,18,0,34,0,3,36,2,41,2,17,54,2,75,6,12,18,93
07/24/2001,COU,MO,ACE,CE,Federal Contract Tower,0,9,27,0,36,0,0,50,10,60,0,9,77,10,96,18,14,32,128
07/25/2001,COU,MO,ACE,CE,Federal Contract Tower,0,12,15,0,27,0,0,22,0,22,0,12,37,0,49,50,0,50,99
07/26/2001,COU,MO,ACE,CE,Federal Contract Tower,0,10,43,0,53,0,0,42,0,42,0,10,85,0,95,32,0,32,127
07/27/2001,COU,MO,ACE,CE,Federal Contract Tower,2,10,25,0,37,0,0,5,0,5,2,10,30,0,42,0,0,0,42
07/28/2001,COU,MO,ACE,CE,Federal Contract Tower,0,5,10,0,15,0,0,26,0,26,0,5,36,0,41,28,0,28,69
07/29/2001,COU,MO,ACE,CE,Federal Contract Tower,0,12,18,2,32,0,0,92,2,94,0,12,110,4,126,8,2,10,136
07/30/2001,COU,MO,ACE,CE,Federal Contract Tower,0,14,18,0,32,0,0,58,0,58,0,14,76,0,90,22,0,22,112
07/31/2001,COU,MO,ACE,CE,Federal Contract Tower,0,12,19,0,31,0,2,88,2,92,0,14,107,2,123,22,0,22,145
08/01/2001,COU,MO,ACE,CE,Federal Contract Tower,0,12,29,0,41,0,3,74,0,77,0,15,103,0,118,58,0,58,176
08/02/2001,COU,MO,ACE,CE,Federal Contract Tower,0,12,24,0,36,0,2,85,2,89,0,14,109,2,125,40,0,40,165
08/03/2001,COU,MO,ACE,CE,Federal Contract Tower,0,12,24,0,36,0,1,33,0,34,0,13,57,0,70,4,4,8,78
08/04/2001,COU,MO,ACE,CE,Federal Contract Tower,0,9,14,0,23,0,4,49,0,53,0,13,63,0,76,30,0,30,106
08/05/2001,COU,MO,ACE,CE,Federal Contract Tower,0,10,16,0,26,0,0,40,0,40,0,10,56,0,66,12,0,12,78
08/06/2001,COU,MO,ACE,CE,Federal Contract Tower,0,14,17,0,31,0,0,54,0,54,0,14,71,0,85,8,0,8,93
08/07/2001,COU,MO,ACE,CE,Federal Contract Tower,0,12,15,0,27,0,0,47,0,47,0,12,62,0,74,32,0,32,106
08/08/2001,COU,MO,ACE,CE,Federal Contract Tower,0,10,35,0,45,0,0,39,0,39,0,10,74,0,84,32,0,32,116
08/09/2001,COU,MO,ACE,CE,Federal Contract Tower,2,8,33,2,45,0,2,45,0,47,2,10,78,2,92,20,0,20,112
08/10/2001,COU,MO,ACE,CE,Federal Contract Tower,2,11,12,0,25,0,0,26,0,26,2,11,38,0,51,40,0,40,91
08/11/2001,COU,MO,ACE,CE,Federal Contract Tower,0,10,18,0,28,0,0,56,3,59,0,10,74,3,87,18,12,30,117
08/12/2001,COU,MO,ACE,CE,Federal Contract Tower,0,11,19,0,30,0,0,71,2,73,0,11,90,2,103,16,0,16,119
08/13/2001,COU,MO,ACE,CE,Federal Contract Tower,0,17,16,0,33,0,0,49,2,51,0,17,65,2,84,16,6,22,106
08/14/2001,COU,MO,ACE,CE,Federal Contract Tower,0,17,17,2,36,0,1,27,0,28,0,18,44,2,64,30,0,30,94
08/15/2001,COU,MO,ACE,CE,Federal Contract Tower,0,10,9,0,19,0,0,25,0,25,0,10,34,0,44,16,0,16,60
08/16/2001,COU,MO,ACE,CE,Federal Contract Tower,0,13,12,0,25,0,0,46,2,48,0,13,58,2,73,18,0,18,91
08/17/2001,COU,MO,ACE,CE,Federal Contract Tower,0,0,16,0,16,0,0,4,0,4,0,0,20,0,20,8,0,8,28
08/18/2001,COU,MO,ACE,CE,Federal Contract Tower,0,0,7,0,7,0,7,45,0,52,0,7,52,0,59,14,0,14,73
08/19/2001,COU,MO,ACE,CE,Federal Contract Tower,0,7,14,0,21,0,6,45,2,53,0,13,59,2,74,14,12,26,100
08/20/2001,COU,MO,ACE,CE,Federal Contract Tower,0,11,13,0,24,0,0,32,0,32,0,11,45,0,56,12,0,12,68
08/21/2001,COU,MO,ACE,CE,Federal Contract Tower,0,11,18,0,29,0,0,61,0,61,0,11,79,0,90,28,0,28,118
08/22/2001,COU,MO,ACE,CE,Federal Contract Tower,0,11,14,0,25,0,0,38,2,40,0,11,52,2,65,12,10,22,87
08/23/2001,COU,MO,ACE,CE,Federal Contract Tower,0,11,17,0,28,2,9,58,4,73,2,20,75,4,101,26,10,36,137
08/24/2001,COU,MO,ACE,CE,Federal Contract Tower,0,7,30,0,37,0,0,0,1,1,0,7,30,1,38,8,0,8,46
08/25/2001,COU,MO,ACE,CE,Federal Contract Tower,0,5,12,0,17,0,3,69,0,72,0,8,81,0,89,34,0,34,123
08/26/2001,COU,MO,ACE,CE,Federal Contract Tower,0,8,19,0,27,0,6,37,2,45,0,14,56,2,72,18,10,28,100
08/27/2001,COU,MO,ACE,CE,Federal Contract Tower,0,12,17,0,29,0,2,39,2,43,0,14,56,2,72,18,10,28,100
08/28/2001,COU,MO,ACE,CE,Federal Contract Tower,0,11,22,0,33,0,0,47,2,49,0,11,69,2,82,22,8,30,112
08/29/2001,COU,MO,ACE,CE,Federal Contract Tower,0,12,24,0,36,0,0,75,0,75,0,12,99,0,111,16,0,16,127
08/30/2001,COU,MO,ACE,CE,Federal Contract Tower,0,11,20,2,33,0,0,28,2,30,0,11,48,4,63,28,2,30,93
08/31/2001,COU,MO,ACE,CE,Federal Contract Tower,0,16,22,0,38,0,0,46,8,54,0,16,68,8,92,22,12,34,126
09/01/2001,COU,MO,ACE,CE,Federal Contract Tower,1,5,11,0,17,0,0,53,0,53,1,5,64,0,70,4,0,4,74
09/02/2001,COU,MO,ACE,CE,Federal Contract Tower,1,4,19,0,24,0,0,39,0,39,1,4,58,0,63,30,0,30,93
09/03/2001,COU,MO,ACE,CE,Federal Contract Tower,0,11,23,0,34,0,0,42,0,42,0,11,65,0,76,30,0,30,106
09/04/2001,COU,MO,ACE,CE,Federal Contract Tower,0,8,17,1,26,0,0,32,4,36,0,8,49,5,62,14,2,16,78
09/05/2001,COU,MO,ACE,CE,Federal Contract Tower,0,11,23,0,34,0,0,60,0,60,0,11,83,0,94,27,0,27,121
09/06/2001,COU,MO,ACE,CE,Federal Contract Tower,0,8,19,0,27,0,0,32,0,32,0,8,51,0,59,8,0,8,67
09/07/2001,COU,MO,ACE,CE,Federal Contract Tower,0,13,12,0,25,0,0,17,6,23,0,13,29,6,48,6,12,18,66
09/08/2001,COU,MO,ACE,CE,Federal Contract Tower,0,7,22,0,29,0,0,20,0,20,0,7,42,0,49,10,0,10,59
09/09/2001,COU,MO,ACE,CE,Federal Contract Tower,0,7,28,0,35,0,2,28,0,30,0,9,56,0,65,10,0,10,75
09/10/2001,COU,MO,ACE,CE,Federal Contract Tower,0,11,35,0,46,0,0,52,0,52,0,11,87,0,98,42,2,44,142
09/11/2001,COU,MO,ACE,CE,Federal Contract Tower,0,1,2,0,3,0,0,7,0,7,0,1,9,0,10,8,0,8,18
09/12/2001,COU,MO,ACE,CE,Federal Contract Tower,0,0,0,0,0,0,0,0,0,0,0,0,0,0,0,0,0,0,0
09/13/2001,COU,MO,ACE,CE,Federal Contract Tower,0,4,5,0,9,0,5,3,0,8,0,9,8,0,17,0,0,0,17
09/14/2001,COU,MO,ACE,CE,Federal Contract Tower,0,10,3,0,13,0,0,9,0,9,0,10,12,0,22,2,2,4,26
09/15/2001,COU,MO,ACE,CE,Federal Contract Tower,0,4,14,0,18,0,1,4,0,5,0,5,18,0,23,0,0,0,23
09/16/2001,COU,MO,ACE,CE,Federal Contract Tower,0,6,12,2,20,0,0,5,4,9,0,6,17,6,29,0,0,0,29
09/17/2001,COU,MO,ACE,CE,Federal Contract Tower,0,13,15,0,28,0,0,0,0,0,0,13,15,0,28,0,0,0,28
09/18/2001,COU,MO,ACE,CE,Federal Contract Tower,0,6,7,0,13,0,0,0,0,0,0,6,7,0,13,0,0,0,13
09/19/2001,COU,MO,ACE,CE,Federal Contract Tower,0,10,29,2,41,0,0,5,0,5,0,10,34,2,46,0,2,2,48
09/20/2001,COU,MO,ACE,CE,Federal Contract Tower,0,6,38,0,44,0,2,1,0,3,0,8,39,0,47,6,0,6,53
09/21/2001,COU,MO,ACE,CE,Federal Contract Tower,2,7,24,0,33,0,0,42,0,42,2,7,66,0,75,8,0,8,83
09/22/2001,COU,MO,ACE,CE,Federal Contract Tower,0,2,19,0,21,0,0,36,0,36,0,2,55,0,57,8,0,8,65
09/23/2001,COU,MO,ACE,CE,Federal Contract Tower,0,3,29,0,32,0,0,26,0,26,0,3,55,0,58,0,0,0,58
09/24/2001,COU,MO,ACE,CE,Federal Contract Tower,0,7,13,0,20,0,0,21,0,21,0,7,34,0,41,4,0,4,45
09/25/2001,COU,MO,ACE,CE,Federal Contract Tower,0,8,36,0,44,0,0,33,0,33,0,8,69,0,77,24,0,24,101
09/26/2001,COU,MO,ACE,CE,Federal Contract Tower,0,15,23,0,38,0,0,26,0,26,0,15,49,0,64,24,0,24,88
09/27/2001,COU,MO,ACE,CE,Federal Contract Tower,0,6,27,0,33,0,0,36,0,36,0,6,63,0,69,42,0,42,111
09/28/2001,COU,MO,ACE,CE,Federal Contract Tower,0,4,41,0,45,0,1,21,2,24,0,5,62,2,69,36,10,46,115
09/29/2001,COU,MO,ACE,CE,Federal Contract Tower,1,7,64,0,72,3,0,41,0,44,4,7,105,0,116,14,0,14,130
09/30/2001,COU,MO,ACE,CE,Federal Contract Tower,0,6,43,0,49,0,1,37,0,38,0,7,80,0,87,8,0,8,95
10/01/2001,COU,MO,ACE,CE,Federal Contract Tower,0,9,28,0,37,0,1,40,0,41,0,10,68,0,78,22,0,22,100
10/02/2001,COU,MO,ACE,CE,Federal Contract Tower,0,5,16,0,21,0,8,28,0,36,0,13,44,0,57,10,0,10,67
10/03/2001,COU,MO,ACE,CE,Federal Contract Tower,7,6,27,0,40,0,1,30,0,31,7,7,57,0,71,22,0,22,93
10/04/2001,COU,MO,ACE,CE,Federal Contract Tower,0,5,27,0,32,0,1,19,0,20,0,6,46,0,52,20,0,20,72
10/05/2001,COU,MO,ACE,CE,Federal Contract Tower,4,6,22,0,32,0,1,7,0,8,4,7,29,0,40,4,0,4,44
10/06/2001,COU,MO,ACE,CE,Federal Contract Tower,0,3,9,0,12,0,1,46,0,47,0,4,55,0,59,38,0,38,97
10/07/2001,COU,MO,ACE,CE,Federal Contract Tower,0,6,16,0,22,0,0,48,0,48,0,6,64,0,70,32,0,32,102
10/08/2001,COU,MO,ACE,CE,Federal Contract Tower,0,11,24,0,35,0,0,38,2,40,0,11,62,2,75,18,2,20,95
10/09/2001,COU,MO,ACE,CE,Federal Contract Tower,0,8,13,0,21,0,0,7,4,11,0,8,20,4,32,6,16,22,54
10/10/2001,COU,MO,ACE,CE,Federal Contract Tower,0,12,14,0,26,0,0,13,0,13,0,12,27,0,39,0,0,0,39
10/11/2001,COU,MO,ACE,CE,Federal Contract Tower,0,7,18,0,25,0,0,14,0,14,0,7,32,0,39,6,0,6,45
10/12/2001,COU,MO,ACE,CE,Federal Contract Tower,3,6,40,0,49,0,1,2,0,3,3,7,42,0,52,7,0,7,59
10/13/2001,COU,MO,ACE,CE,Federal Contract Tower,1,5,34,0,40,0,0,19,0,19,1,5,53,0,59,0,0,0,59
10/14/2001,COU,MO,ACE,CE,Federal Contract Tower,0,6,21,0,27,0,2,52,0,54,0,8,73,0,81,0,0,0,81
10/15/2001,COU,MO,ACE,CE,Federal Contract Tower,0,9,14,0,23,0,0,12,0,12,0,9,26,0,35,6,0,6,41
10/16/2001,COU,MO,ACE,CE,Federal Contract Tower,0,10,37,0,47,0,5,53,0,58,0,15,90,0,105,102,0,102,207
10/17/2001,COU,MO,ACE,CE,Federal Contract Tower,0,10,30,0,40,0,0,60,0,60,0,10,90,0,100,26,0,26,126
10/18/2001,COU,MO,ACE,CE,Federal Contract Tower,2,7,50,0,59,6,0,7,2,15,8,7,57,2,74,6,20,26,100
10/19/2001,COU,MO,ACE,CE,Federal Contract Tower,0,6,18,0,24,0,1,128,0,129,0,7,146,0,153,20,0,20,173
10/20/2001,COU,MO,ACE,CE,Federal Contract Tower,0,5,19,0,24,0,0,67,0,67,0,5,86,0,91,36,0,36,127
10/21/2001,COU,MO,ACE,CE,Federal Contract Tower,0,5,27,0,32,0,0,28,0,28,0,5,55,0,60,24,0,24,84
10/22/2001,COU,MO,ACE,CE,Federal Contract Tower,0,7,21,0,28,0,4,39,0,43,0,11,60,0,71,28,0,28,99
10/23/2001,COU,MO,ACE,CE,Federal Contract Tower,0,6,20,0,26,0,0,14,0,14,0,6,34,0,40,10,0,10,50
10/24/2001,COU,MO,ACE,CE,Federal Contract Tower,2,11,22,2,37,0,0,14,5,19,2,11,36,7,56,24,16,40,96
10/25/2001,COU,MO,ACE,CE,Federal Contract Tower,0,8,22,0,30,0,0,23,4,27,0,8,45,4,57,10,0,10,67
10/26/2001,COU,MO,ACE,CE,Federal Contract Tower,2,8,36,0,46,0,0,19,4,23,2,8,55,4,69,10,6,16,85
10/27/2001,COU,MO,ACE,CE,Federal Contract Tower,2,8,23,0,33,0,0,69,0,69,2,8,92,0,102,20,0,20,122
10/28/2001,COU,MO,ACE,CE,Federal Contract Tower,0,6,17,0,23,0,2,58,2,62,0,8,75,2,85,6,0,6,91
10/29/2001,COU,MO,ACE,CE,Federal Contract Tower,0,9,22,0,31,0,0,42,0,42,0,9,64,0,73,21,0,21,94
10/30/2001,COU,MO,ACE,CE,Federal Contract Tower,0,6,20,0,26,0,0,39,2,41,0,6,59,2,67,19,6,25,92
10/31/2001,COU,MO,ACE,CE,Federal Contract Tower,0,11,15,0,26,0,0,20,2,22,0,11,35,2,48,30,14,44,92
11/01/2001,COU,MO,ACE,CE,Federal Contract Tower,0,18,19,2,39,0,0,7,4,11,0,18,26,6,50,2,10,12,62
11/02/2001,COU,MO,ACE,CE,Federal Contract Tower,2,12,21,0,35,0,0,31,0,31,2,12,52,0,66,12,0,12,78
11/03/2001,COU,MO,ACE,CE,Federal Contract Tower,0,8,12,0,20,0,0,63,2,65,0,8,75,2,85,32,16,48,133
11/04/2001,COU,MO,ACE,CE,Federal Contract Tower,0,8,13,0,21,0,0,14,0,14,0,8,27,0,35,0,0,0,35
11/05/2001,COU,MO,ACE,CE,Federal Contract Tower,0,16,22,1,39,0,0,55,1,56,0,16,77,2,95,32,2,34,129
11/06/2001,COU,MO,ACE,CE,Federal Contract Tower,0,11,14,0,25,0,0,52,0,52,0,11,66,0,77,16,0,16,93
11/07/2001,COU,MO,ACE,CE,Federal Contract Tower,0,15,16,0,31,0,0,40,0,40,0,15,56,0,71,20,0,20,91
11/08/2001,COU,MO,ACE,CE,Federal Contract Tower,0,10,16,0,26,0,0,41,2,43,0,10,57,2,69,16,18,34,103
11/09/2001,COU,MO,ACE,CE,Federal Contract Tower,2,13,26,0,41,1,0,63,2,66,3,13,89,2,107,32,10,42,149
11/10/2001,COU,MO,ACE,CE,Federal Contract Tower,1,5,16,0,22,0,0,62,2,64,1,5,78,2,86,36,0,36,122
11/11/2001,COU,MO,ACE,CE,Federal Contract Tower,0,9,19,0,28,0,0,65,0,65,0,9,84,0,93,79,0,79,172
11/12/2001,COU,MO,ACE,CE,Federal Contract Tower,0,10,11,0,21,0,0,59,0,59,0,10,70,0,80,46,0,46,126
11/13/2001,COU,MO,ACE,CE,Federal Contract Tower,0,8,31,0,39,0,0,44,2,46,0,8,75,2,85,44,16,60,145
11/14/2001,COU,MO,ACE,CE,Federal Contract Tower,0,10,27,0,37,0,0,46,8,54,0,10,73,8,91,36,16,52,143
11/15/2001,COU,MO,ACE,CE,Federal Contract Tower,0,8,23,0,31,0,0,45,2,47,0,8,68,2,78,60,12,72,150
11/16/2001,COU,MO,ACE,CE,Federal Contract Tower,2,9,27,0,38,0,0,27,2,29,2,9,54,2,67,20,20,40,107
11/17/2001,COU,MO,ACE,CE,Federal Contract Tower,0,7,15,0,22,0,0,43,0,43,0,7,58,0,65,50,0,50,115
11/18/2001,COU,MO,ACE,CE,Federal Contract Tower,0,7,14,0,21,0,3,17,0,20,0,10,31,0,41,10,4,14,55
11/19/2001,COU,MO,ACE,CE,Federal Contract Tower,0,9,17,0,26,0,1,25,2,28,0,10,42,2,54,8,10,18,72
11/20/2001,COU,MO,ACE,CE,Federal Contract Tower,0,8,28,0,36,0,0,34,0,34,0,8,62,0,70,14,0,14,84
11/21/2001,COU,MO,ACE,CE,Federal Contract Tower,0,11,32,0,43,0,0,54,0,54,0,11,86,0,97,62,0,62,159
11/22/2001,COU,MO,ACE,CE,Federal Contract Tower,0,6,10,0,16,0,0,23,0,23,0,6,33,0,39,16,0,16,55
11/23/2001,COU,MO,ACE,CE,Federal Contract Tower,2,7,12,0,21,0,0,9,0,9,2,7,21,0,30,4,0,4,34
11/24/2001,COU,MO,ACE,CE,Federal Contract Tower,2,7,11,0,20,0,0,11,0,11,2,7,22,0,31,4,0,4,35
11/25/2001,COU,MO,ACE,CE,Federal Contract Tower,0,12,28,0,40,0,0,51,0,51,0,12,79,0,91,14,0,14,105
11/26/2001,COU,MO,ACE,CE,Federal Contract Tower,0,12,8,0,20,0,0,33,0,33,0,12,41,0,53,24,0,24,77
11/27/2001,COU,MO,ACE,CE,Federal Contract Tower,0,8,20,0,28,0,0,14,0,14,0,8,34,0,42,12,0,12,54
11/28/2001,COU,MO,ACE,CE,Federal Contract Tower,0,8,9,0,17,0,0,11,2,13,0,8,20,2,30,14,6,20,50
11/29/2001,COU,MO,ACE,CE,Federal Contract Tower,0,8,14,0,22,0,0,0,0,0,0,8,14,0,22,0,0,0,22
11/30/2001,COU,MO,ACE,CE,Federal Contract Tower,4,7,35,0,46,0,2,17,10,29,4,9,52,10,75,6,30,36,111
12/01/2001,COU,MO,ACE,CE,Federal Contract Tower,2,6,22,0,30,0,1,46,2,49,2,7,68,2,79,18,12,30,109
12/02/2001,COU,MO,ACE,CE,Federal Contract Tower,0,8,13,0,21,0,0,28,0,28,0,8,41,0,49,13,0,13,62
12/03/2001,COU,MO,ACE,CE,Federal Contract Tower,0,10,26,0,36,0,0,46,2,48,0,10,72,2,84,24,18,42,126
12/04/2001,COU,MO,ACE,CE,Federal Contract Tower,0,7,24,0,31,0,0,34,2,36,0,7,58,2,67,4,10,14,81
12/05/2001,COU,MO,ACE,CE,Federal Contract Tower,0,8,13,0,21,0,0,17,0,17,0,8,30,0,38,36,0,36,74
12/06/2001,COU,MO,ACE,CE,Federal Contract Tower,0,8,24,0,32,0,0,40,4,44,0,8,64,4,76,16,0,16,92
12/07/2001,COU,MO,ACE,CE,Federal Contract Tower,0,12,33,0,45,0,0,48,0,48,0,12,81,0,93,34,0,34,127
12/08/2001,COU,MO,ACE,CE,Federal Contract Tower,0,5,19,4,28,0,0,15,6,21,0,5,34,10,49,12,30,42,91
12/09/2001,COU,MO,ACE,CE,Federal Contract Tower,0,7,17,0,24,0,0,74,0,74,0,7,91,0,98,38,0,38,136
12/10/2001,COU,MO,ACE,CE,Federal Contract Tower,0,9,7,0,16,0,0,48,0,48,0,9,55,0,64,28,0,28,92
12/11/2001,COU,MO,ACE,CE,Federal Contract Tower,0,8,30,0,38,0,0,50,0,50,0,8,80,0,88,46,0,46,134
12/12/2001,COU,MO,ACE,CE,Federal Contract Tower,0,8,42,0,50,0,0,0,0,0,0,8,42,0,50,0,0,0,50
12/13/2001,COU,MO,ACE,CE,Federal Contract Tower,0,7,27,0,34,0,0,2,0,2,0,7,29,0,36,0,0,0,36
12/14/2001,COU,MO,ACE,CE,Federal Contract Tower,2,12,10,0,24,0,0,31,0,31,2,12,41,0,55,8,0,8,63
12/15/2001,COU,MO,ACE,CE,Federal Contract Tower,1,7,24,0,32,0,0,30,0,30,1,7,54,0,62,12,0,12,74
12/16/2001,COU,MO,ACE,CE,Federal Contract Tower,0,6,13,0,19,0,0,3,0,3,0,6,16,0,22,4,0,4,26
12/17/2001,COU,MO,ACE,CE,Federal Contract Tower,0,10,11,0,21,0,0,18,2,20,0,10,29,2,41,6,20,26,67
12/18/2001,COU,MO,ACE,CE,Federal Contract Tower,0,5,16,2,23,0,0,36,2,38,0,5,52,4,61,34,12,46,107
12/19/2001,COU,MO,ACE,CE,Federal Contract Tower,0,11,26,2,39,0,0,42,0,42,0,11,68,2,81,22,0,22,103
12/20/2001,COU,MO,ACE,CE,Federal Contract Tower,0,8,26,0,34,0,0,56,2,58,0,8,82,2,92,12,12,24,116
12/21/2001,COU,MO,ACE,CE,Federal Contract Tower,0,11,21,0,32,0,0,37,2,39,0,11,58,2,71,14,14,28,99
12/22/2001,COU,MO,ACE,CE,Federal Contract Tower,0,4,18,0,22,0,0,13,0,13,0,4,31,0,35,0,0,0,35
12/23/2001,COU,MO,ACE,CE,Federal Contract Tower,0,6,10,0,16,0,0,13,0,13,0,6,23,0,29,2,0,2,31
12/24/2001,COU,MO,ACE,CE,Federal Contract Tower,0,8,14,0,22,0,0,7,0,7,0,8,21,0,29,20,0,20,49
12/25/2001,COU,MO,ACE,CE,Federal Contract Tower,0,4,0,0,4,0,0,10,0,10,0,4,10,0,14,0,0,0,14
12/26/2001,COU,MO,ACE,CE,Federal Contract Tower,0,13,12,0,25,0,0,32,0,32,0,13,44,0,57,6,0,6,63
12/27/2001,COU,MO,ACE,CE,Federal Contract Tower,0,10,13,0,23,0,0,39,0,39,0,10,52,0,62,18,0,18,80
12/28/2001,COU,MO,ACE,CE,Federal Contract Tower,0,6,15,0,21,0,1,27,0,28,0,7,42,0,49,16,0,16,65
12/29/2001,COU,MO,ACE,CE,Federal Contract Tower,0,4,6,0,10,0,0,38,0,38,0,4,44,0,48,40,0,40,88
12/30/2001,COU,MO,ACE,CE,Federal Contract Tower,0,6,14,0,20,0,0,33,0,33,0,6,47,0,53,36,1,37,90
12/31/2001,COU,MO,ACE,CE,Federal Contract Tower,0,6,6,0,12,0,0,2,0,2,0,6,8,0,14,8,0,8,22
01/01/2002,COU,MO,ACE,CE,Federal Contract Tower,0,1,6,0,7,0,1,14,0,15,0,2,20,0,22,4,0,4,26
01/02/2002,COU,MO,ACE,CE,Federal Contract Tower,0,7,19,0,26,0,2,11,0,13,0,9,30,0,39,10,0,10,49
01/03/2002,COU,MO,ACE,CE,Federal Contract Tower,0,12,10,0,22,0,1,16,2,19,0,13,26,2,41,32,22,54,95
01/04/2002,COU,MO,ACE,CE,Federal Contract Tower,1,18,14,0,33,1,0,48,0,49,2,18,62,0,82,16,2,18,100
01/05/2002,COU,MO,ACE,CE,Federal Contract Tower,2,9,2,0,13,0,1,0,0,1,2,10,2,0,14,0,0,0,14
01/06/2002,COU,MO,ACE,CE,Federal Contract Tower,1,5,9,0,15,0,1,0,0,1,1,6,9,0,16,0,0,0,16
01/07/2002,COU,MO,ACE,CE,Federal Contract Tower,0,10,14,0,24,0,1,38,2,41,0,11,52,2,65,14,10,24,89
01/08/2002,COU,MO,ACE,CE,Federal Contract Tower,4,7,22,0,33,0,1,34,2,37,4,8,56,2,70,10,12,22,92
01/09/2002,COU,MO,ACE,CE,Federal Contract Tower,2,8,32,0,42,0,1,21,2,24,2,9,53,2,66,14,0,14,80
01/10/2002,COU,MO,ACE,CE,Federal Contract Tower,0,11,29,0,40,0,1,31,0,32,0,12,60,0,72,22,2,24,96
01/11/2002,COU,MO,ACE,CE,Federal Contract Tower,0,9,33,0,42,0,1,41,0,42,0,10,74,0,84,88,0,88,172
01/12/2002,COU,MO,ACE,CE,Federal Contract Tower,0,10,45,0,55,0,0,0,0,0,0,10,45,0,55,54,0,54,109
01/13/2002,COU,MO,ACE,CE,Federal Contract Tower,0,5,10,0,15,0,1,55,2,58,0,6,65,2,73,60,0,60,133
01/14/2002,COU,MO,ACE,CE,Federal Contract Tower,0,11,12,0,23,0,0,21,0,21,0,11,33,0,44,12,0,12,56
01/15/2002,COU,MO,ACE,CE,Federal Contract Tower,1,10,17,0,28,0,0,23,2,25,1,10,40,2,53,22,20,42,95
01/16/2002,COU,MO,ACE,CE,Federal Contract Tower,0,8,20,0,28,0,0,25,2,27,0,8,45,2,55,0,24,24,79
01/17/2002,COU,MO,ACE,CE,Federal Contract Tower,0,13,17,2,32,0,0,27,2,29,0,13,44,4,61,20,0,20,81
01/18/2002,COU,MO,ACE,CE,Federal Contract Tower,0,8,24,0,32,0,0,35,0,35,0,8,59,0,67,10,0,10,77
01/19/2002,COU,MO,ACE,CE,Federal Contract Tower,0,7,12,0,19,0,0,5,0,5,0,7,17,0,24,0,0,0,24
01/20/2002,COU,MO,ACE,CE,Federal Contract Tower,2,11,16,0,29,0,0,30,0,30,2,11,46,0,59,22,0,22,81
01/21/2002,COU,MO,ACE,CE,Federal Contract Tower,2,9,21,0,32,0,0,31,0,31,2,9,52,0,63,14,0,14,77
01/22/2002,COU,MO,ACE,CE,Federal Contract Tower,0,7,23,0,30,0,0,12,0,12,0,7,35,0,42,16,0,16,58
01/23/2002,COU,MO,ACE,CE,Federal Contract Tower,0,13,18,0,31,0,0,11,0,11,0,13,29,0,42,12,0,12,54
01/24/2002,COU,MO,ACE,CE,Federal Contract Tower,0,11,26,0,37,0,0,31,0,31,0,11,57,0,68,50,0,50,118
01/25/2002,COU,MO,ACE,CE,Federal Contract Tower,0,11,25,0,36,0,0,51,4,55,0,11,76,4,91,4,38,42,133
01/26/2002,COU,MO,ACE,CE,Federal Contract Tower,0,8,13,0,21,0,0,55,4,59,0,8,68,4,80,0,52,52,132
01/27/2002,COU,MO,ACE,CE,Federal Contract Tower,0,7,16,0,23,0,0,40,0,40,0,7,56,0,63,0,0,0,63
01/28/2002,COU,MO,ACE,CE,Federal Contract Tower,0,12,14,0,26,0,0,29,0,29,0,12,43,0,55,26,0,26,81
01/29/2002,COU,MO,ACE,CE,Federal Contract Tower,0,10,28,0,38,0,0,4,0,4,0,10,32,0,42,6,0,6,48
01/30/2002,COU,MO,ACE,CE,Federal Contract Tower,0,6,6,2,14,0,0,0,0,0,0,6,6,2,14,0,0,0,14
01/31/2002,COU,MO,ACE,CE,Federal Contract Tower,3,6,12,0,21,0,0,0,0,0,3,6,12,0,21,0,0,0,21
02/01/2002,COU,MO,ACE,CE,Federal Contract Tower,0,12,24,0,36,0,0,30,0,30,0,12,54,0,66,12,0,12,78
02/02/2002,COU,MO,ACE,CE,Federal Contract Tower,0,8,18,0,26,0,0,57,0,57,0,8,75,0,83,0,0,0,83
02/03/2002,COU,MO,ACE,CE,Federal Contract Tower,0,8,18,0,26,0,0,37,0,37,0,8,55,0,63,0,0,0,63
02/04/2002,COU,MO,ACE,CE,Federal Contract Tower,0,15,31,0,46,0,0,23,0,23,0,15,54,0,69,12,0,12,81
02/05/2002,COU,MO,ACE,CE,Federal Contract Tower,0,10,23,0,33,0,0,51,6,57,0,10,74,6,90,32,24,56,146
02/06/2002,COU,MO,ACE,CE,Federal Contract Tower,0,9,24,0,33,0,0,15,2,17,0,9,39,2,50,18,4,22,72
02/07/2002,COU,MO,ACE,CE,Federal Contract Tower,0,12,26,0,38,0,0,26,0,26,0,12,52,0,64,14,0,14,78
02/08/2002,COU,MO,ACE,CE,Federal Contract Tower,4,14,16,0,34,0,0,44,0,44,4,14,60,0,78,20,0,20,98
02/09/2002,COU,MO,ACE,CE,Federal Contract Tower,0,8,11,1,20,0,0,19,0,19,0,8,30,1,39,4,0,4,43
02/10/2002,COU,MO,ACE,CE,Federal Contract Tower,0,12,7,1,20,0,0,13,0,13,0,12,20,1,33,0,0,0,33
02/11/2002,COU,MO,ACE,CE,Federal Contract Tower,0,17,22,0,39,0,0,40,4,44,0,17,62,4,83,4,21,25,108
02/12/2002,COU,MO,ACE,CE,Federal Contract Tower,2,11,16,0,29,0,0,36,4,40,2,11,52,4,69,38,22,60,129
02/13/2002,COU,MO,ACE,CE,Federal Contract Tower,0,10,25,0,35,0,0,51,0,51,0,10,76,0,86,18,0,18,104
02/14/2002,COU,MO,ACE,CE,Federal Contract Tower,0,12,18,0,30,0,0,30,0,30,0,12,48,0,60,22,0,22,82
02/15/2002,COU,MO,ACE,CE,Federal Contract Tower,2,11,34,0,47,0,0,38,0,38,2,11,72,0,85,14,0,14,99
02/16/2002,COU,MO,ACE,CE,Federal Contract Tower,0,8,9,0,17,0,0,66,0,66,0,8,75,0,83,60,0,60,143
02/17/2002,COU,MO,ACE,CE,Federal Contract Tower,0,10,38,0,48,0,0,42,0,42,0,10,80,0,90,64,0,64,154
02/18/2002,COU,MO,ACE,CE,Federal Contract Tower,0,13,8,0,21,0,0,35,0,35,0,13,43,0,56,6,0,6,62
02/19/2002,COU,MO,ACE,CE,Federal Contract Tower,0,10,18,0,28,0,0,15,0,15,0,10,33,0,43,0,0,0,43
02/20/2002,COU,MO,ACE,CE,Federal Contract Tower,0,9,28,0,37,0,0,44,0,44,0,9,72,0,81,18,0,18,99
02/21/2002,COU,MO,ACE,CE,Federal Contract Tower,0,11,20,0,31,0,0,28,2,30,0,11,48,2,61,6,2,8,69
02/22/2002,COU,MO,ACE,CE,Federal Contract Tower,2,9,22,0,33,0,0,53,2,55,2,9,75,2,88,26,20,46,134
02/23/2002,COU,MO,ACE,CE,Federal Contract Tower,3,9,12,0,24,0,0,52,2,54,3,9,64,2,78,56,12,68,146
02/24/2002,COU,MO,ACE,CE,Federal Contract Tower,1,7,19,0,27,0,0,13,0,13,1,7,32,0,40,2,0,2,42
02/25/2002,COU,MO,ACE,CE,Federal Contract Tower,0,12,12,2,26,0,0,1,0,1,0,12,13,2,27,2,0,2,29
02/26/2002,COU,MO,ACE,CE,Federal Contract Tower,0,2,19,0,21,0,0,3,0,3,0,2,22,0,24,4,0,4,28
02/27/2002,COU,MO,ACE,CE,Federal Contract Tower,2,8,25,0,35,0,1,42,2,45,2,9,67,2,80,12,4,16,96
02/28/2002,COU,MO,ACE,CE,Federal Contract Tower,0,10,16,0,26,0,0,64,0,64,0,10,80,0,90,74,0,74,164
03/01/2002,COU,MO,ACE,CE,Federal Contract Tower,0,9,10,0,19,0,0,9,2,11,0,9,19,2,30,28,2,30,60
03/02/2002,COU,MO,ACE,CE,Federal Contract Tower,0,6,6,0,12,0,0,0,0,0,0,6,6,0,12,0,0,0,12
03/03/2002,COU,MO,ACE,CE,Federal Contract Tower,0,13,21,0,34,0,0,9,0,9,0,13,30,0,43,0,0,0,43
03/04/2002,COU,MO,ACE,CE,Federal Contract Tower,0,22,13,0,35,0,0,18,0,18,0,22,31,0,53,4,0,4,57
03/05/2002,COU,MO,ACE,CE,Federal Contract Tower,0,8,13,2,23,0,0,44,4,48,0,8,57,6,71,26,20,46,117
03/06/2002,COU,MO,ACE,CE,Federal Contract Tower,0,11,41,0,52,0,0,29,4,33,0,11,70,4,85,8,10,18,103
03/07/2002,COU,MO,ACE,CE,Federal Contract Tower,0,12,23,0,35,0,0,17,2,19,0,12,40,2,54,32,20,52,106
03/08/2002,COU,MO,ACE,CE,Federal Contract Tower,0,11,15,0,26,0,0,12,2,14,0,11,27,2,40,12,0,12,52
03/09/2002,COU,MO,ACE,CE,Federal Contract Tower,0,7,5,0,12,0,0,5,0,5,0,7,10,0,17,0,0,0,17
03/10/2002,COU,MO,ACE,CE,Federal Contract Tower,0,0,0,0,0,0,8,97,0,105,0,8,97,0,105,20,0,20,125
03/11/2002,COU,MO,ACE,CE,Federal Contract Tower,0,20,24,0,44,0,0,27,0,27,0,20,51,0,71,4,0,4,75
03/12/2002,COU,MO,ACE,CE,Federal Contract Tower,2,13,30,0,45,0,0,42,0,42,2,13,72,0,87,16,0,16,103
03/13/2002,COU,MO,ACE,CE,Federal Contract Tower,0,13,23,0,36,0,0,40,2,42,0,13,63,2,78,10,18,28,106
03/14/2002,COU,MO,ACE,CE,Federal Contract Tower,0,10,15,0,25,0,0,19,0,19,0,10,34,0,44,6,0,6,50
03/15/2002,COU,MO,ACE,CE,Federal Contract Tower,0,11,26,0,37,0,0,33,4,37,0,11,59,4,74,20,20,40,114
03/16/2002,COU,MO,ACE,CE,Federal Contract Tower,2,6,16,0,24,0,0,35,6,41,2,6,51,6,65,2,30,32,97
03/17/2002,COU,MO,ACE,CE,Federal Contract Tower,0,8,26,0,34,0,0,21,0,21,0,8,47,0,55,50,0,50,105
03/18/2002,COU,MO,ACE,CE,Federal Contract Tower,0,15,20,0,35,0,0,16,0,16,0,15,36,0,51,8,0,8,59
03/19/2002,COU,MO,ACE,CE,Federal Contract Tower,2,12,19,0,33,0,0,0,0,0,2,12,19,0,33,0,0,0,33
03/20/2002,COU,MO,ACE,CE,Federal Contract Tower,0,12,29,0,41,0,0,20,4,24,0,12,49,4,65,10,14,24,89
03/21/2002,COU,MO,ACE,CE,Federal Contract Tower,0,11,27,0,38,0,0,23,0,23,0,11,50,0,61,18,0,18,79
03/22/2002,COU,MO,ACE,CE,Federal Contract Tower,0,10,23,0,33,0,0,57,0,57,0,10,80,0,90,28,0,28,118
03/23/2002,COU,MO,ACE,CE,Federal Contract Tower,0,10,17,0,27,0,0,55,0,55,0,10,72,0,82,22,0,22,104
03/24/2002,COU,MO,ACE,CE,Federal Contract Tower,0,9,12,0,21,0,0,13,0,13,0,9,25,0,34,24,0,24,58
03/25/2002,COU,MO,ACE,CE,Federal Contract Tower,0,9,8,2,19,0,0,0,0,0,0,9,8,2,19,0,0,0,19
03/26/2002,COU,MO,ACE,CE,Federal Contract Tower,0,9,15,0,24,0,0,28,0,28,0,9,43,0,52,24,0,24,76
03/27/2002,COU,MO,ACE,CE,Federal Contract Tower,0,9,19,0,28,0,0,42,1,43,0,9,61,1,71,16,0,16,87
03/28/2002,COU,MO,ACE,CE,Federal Contract Tower,0,8,24,0,32,0,0,33,0,33,0,8,57,0,65,26,0,26,91
03/29/2002,COU,MO,ACE,CE,Federal Contract Tower,0,9,21,0,30,0,0,24,0,24,0,9,45,0,54,12,0,12,66
03/30/2002,COU,MO,ACE,CE,Federal Contract Tower,0,10,5,0,15,0,0,41,0,41,0,10,46,0,56,38,0,38,94
03/31/2002,COU,MO,ACE,CE,Federal Contract Tower,0,7,11,0,18,0,0,31,0,31,0,7,42,0,49,4,0,4,53
04/01/2002,COU,MO,ACE,CE,Federal Contract Tower,0,14,22,0,36,0,0,21,0,21,0,14,43,0,57,24,0,24,81
04/02/2002,COU,MO,ACE,CE,Federal Contract Tower,0,13,14,6,33,0,0,13,2,15,0,13,27,8,48,2,4,6,54
04/03/2002,COU,MO,ACE,CE,Federal Contract Tower,0,11,32,0,43,0,0,38,2,40,0,11,70,2,83,16,10,26,109
04/04/2002,COU,MO,ACE,CE,Federal Contract Tower,0,11,28,0,39,0,0,72,0,72,0,11,100,0,111,10,0,10,121
04/05/2002,COU,MO,ACE,CE,Federal Contract Tower,0,10,36,3,49,0,0,41,0,41,0,10,77,3,90,48,6,54,144
04/06/2002,COU,MO,ACE,CE,Federal Contract Tower,0,4,8,0,12,0,0,41,0,41,0,4,49,0,53,0,0,0,53
04/07/2002,COU,MO,ACE,CE,Federal Contract Tower,0,6,14,0,20,0,0,8,0,8,0,6,22,0,28,0,0,0,28
04/08/2002,COU,MO,ACE,CE,Federal Contract Tower,0,11,14,0,25,0,0,0,0,0,0,11,14,0,25,0,0,0,25
04/09/2002,COU,MO,ACE,CE,Federal Contract Tower,0,8,19,2,29,0,0,49,0,49,0,8,68,2,78,26,2,28,106
04/10/2002,COU,MO,ACE,CE,Federal Contract Tower,0,7,12,0,19,0,0,44,0,44,0,7,56,0,63,4,0,4,67
04/11/2002,COU,MO,ACE,CE,Federal Contract Tower,0,12,23,0,35,0,0,28,0,28,0,12,51,0,63,34,0,34,97
04/12/2002,COU,MO,ACE,CE,Federal Contract Tower,0,8,29,0,37,0,0,15,2,17,0,8,44,2,54,0,22,22,76
04/13/2002,COU,MO,ACE,CE,Federal Contract Tower,0,7,12,0,19,0,0,20,0,20,0,7,32,0,39,26,0,26,65
04/14/2002,COU,MO,ACE,CE,Federal Contract Tower,0,6,24,0,30,0,0,30,0,30,0,6,54,0,60,24,0,24,84
04/15/2002,COU,MO,ACE,CE,Federal Contract Tower,0,9,19,0,28,0,0,20,0,20,0,9,39,0,48,18,0,18,66
04/16/2002,COU,MO,ACE,CE,Federal Contract Tower,0,7,19,2,28,0,0,21,2,23,0,7,40,4,51,10,4,14,65
04/17/2002,COU,MO,ACE,CE,Federal Contract Tower,0,9,19,0,28,0,0,48,4,52,0,9,67,4,80,30,30,60,140
04/18/2002,COU,MO,ACE,CE,Federal Contract Tower,0,11,23,0,34,0,0,24,2,26,0,11,47,2,60,6,2,8,68
04/19/2002,COU,MO,ACE,CE,Federal Contract Tower,0,9,11,0,20,0,0,17,0,17,0,9,28,0,37,12,0,12,49
04/20/2002,COU,MO,ACE,CE,Federal Contract Tower,0,7,13,0,20,0,0,0,0,0,0,7,13,0,20,0,0,0,20
04/21/2002,COU,MO,ACE,CE,Federal Contract Tower,0,10,16,0,26,0,0,10,0,10,0,10,26,0,36,0,0,0,36
04/22/2002,COU,MO,ACE,CE,Federal Contract Tower,0,9,26,0,35,0,0,65,0,65,0,9,91,0,100,60,0,60,160
04/23/2002,COU,MO,ACE,CE,Federal Contract Tower,0,7,23,0,30,0,0,58,0,58,0,7,81,0,88,30,0,30,118
04/24/2002,COU,MO,ACE,CE,Federal Contract Tower,0,11,17,0,28,0,0,14,0,14,0,11,31,0,42,0,14,14,56
04/25/2002,COU,MO,ACE,CE,Federal Contract Tower,0,8,20,0,28,0,0,39,2,41,0,8,59,2,69,38,20,58,127
04/26/2002,COU,MO,ACE,CE,Federal Contract Tower,0,9,29,0,38,0,0,22,4,26,0,9,51,4,64,14,20,34,98
04/27/2002,COU,MO,ACE,CE,Federal Contract Tower,0,6,6,0,12,0,0,3,0,3,0,6,9,0,15,6,0,6,21
04/28/2002,COU,MO,ACE,CE,Federal Contract Tower,0,8,14,0,22,0,0,32,0,32,0,8,46,0,54,6,0,6,60
04/29/2002,COU,MO,ACE,CE,Federal Contract Tower,0,11,20,0,31,0,0,59,0,59,0,11,79,0,90,40,0,40,130
04/30/2002,COU,MO,ACE,CE,Federal Contract Tower,0,7,20,0,27,0,0,31,2,33,0,7,51,2,60,10,14,24,84
05/01/2002,COU,MO,ACE,CE,Federal Contract Tower,2,13,29,0,44,0,0,11,0,11,2,13,40,0,55,0,0,0,55
05/02/2002,COU,MO,ACE,CE,Federal Contract Tower,0,13,41,0,54,0,0,54,0,54,0,13,95,0,108,30,0,30,138
05/03/2002,COU,MO,ACE,CE,Federal Contract Tower,0,9,33,0,42,0,0,56,0,56,0,9,89,0,98,22,0,22,120
05/04/2002,COU,MO,ACE,CE,Federal Contract Tower,0,3,20,0,23,0,0,90,0,90,0,3,110,0,113,58,0,58,171
05/05/2002,COU,MO,ACE,CE,Federal Contract Tower,0,10,23,0,33,0,0,54,0,54,0,10,77,0,87,22,0,22,109
05/06/2002,COU,MO,ACE,CE,Federal Contract Tower,0,12,19,0,31,0,0,36,0,36,0,12,55,0,67,20,0,20,87
05/07/2002,COU,MO,ACE,CE,Federal Contract Tower,0,11,8,0,19,0,0,19,0,19,0,11,27,0,38,0,0,0,38
05/08/2002,COU,MO,ACE,CE,Federal Contract Tower,0,10,20,0,30,0,0,30,0,30,0,10,50,0,60,10,0,10,70
05/09/2002,COU,MO,ACE,CE,Federal Contract Tower,0,10,22,0,32,0,0,63,0,63,0,10,85,0,95,48,0,48,143
05/10/2002,COU,MO,ACE,CE,Federal Contract Tower,0,10,16,0,26,0,0,56,0,56,0,10,72,0,82,67,0,67,149
05/11/2002,COU,MO,ACE,CE,Federal Contract Tower,2,6,11,0,19,0,0,7,0,7,2,6,18,0,26,14,0,14,40
05/12/2002,COU,MO,ACE,CE,Federal Contract Tower,0,8,7,0,15,0,0,6,0,6,0,8,13,0,21,0,0,0,21
05/13/2002,COU,MO,ACE,CE,Federal Contract Tower,0,16,33,1,50,1,2,32,1,36,1,18,65,2,86,14,10,24,110
05/14/2002,COU,MO,ACE,CE,Federal Contract Tower,0,9,23,0,32,0,0,54,4,58,0,9,77,4,90,44,18,62,152
05/15/2002,COU,MO,ACE,CE,Federal Contract Tower,0,13,27,0,40,0,0,26,4,30,0,13,53,4,70,4,26,30,100
05/16/2002,COU,MO,ACE,CE,Federal Contract Tower,0,11,14,2,27,0,0,2,2,4,0,11,16,4,31,0,0,0,31
05/17/2002,COU,MO,ACE,CE,Federal Contract Tower,0,10,34,0,44,0,0,3,6,9,0,10,37,6,53,2,0,2,55
05/18/2002,COU,MO,ACE,CE,Federal Contract Tower,0,2,21,0,23,0,0,61,2,63,0,2,82,2,86,42,0,42,128
05/19/2002,COU,MO,ACE,CE,Federal Contract Tower,0,10,21,0,31,0,0,59,2,61,0,10,80,2,92,2,0,2,94
05/20/2002,COU,MO,ACE,CE,Federal Contract Tower,0,8,20,1,29,0,3,36,3,42,0,11,56,4,71,42,10,52,123
05/21/2002,COU,MO,ACE,CE,Federal Contract Tower,0,12,27,0,39,0,0,59,4,63,0,12,86,4,102,30,2,32,134
05/22/2002,COU,MO,ACE,CE,Federal Contract Tower,0,13,22,0,35,0,0,33,2,35,0,13,55,2,70,30,2,32,102
05/23/2002,COU,MO,ACE,CE,Federal Contract Tower,0,11,17,6,34,0,0,20,5,25,0,11,37,11,59,16,12,28,87
05/24/2002,COU,MO,ACE,CE,Federal Contract Tower,0,12,16,5,33,0,0,17,19,36,0,12,33,24,69,10,34,44,113
05/25/2002,COU,MO,ACE,CE,Federal Contract Tower,0,2,5,3,10,0,0,28,104,132,0,2,33,107,142,4,0,4,146
05/26/2002,COU,MO,ACE,CE,Federal Contract Tower,0,2,7,4,13,0,0,171,41,212,0,2,178,45,225,0,0,0,225
05/27/2002,COU,MO,ACE,CE,Federal Contract Tower,0,8,19,9,36,0,0,35,19,54,0,8,54,28,90,27,4,31,121
05/28/2002,COU,MO,ACE,CE,Federal Contract Tower,0,13,28,1,42,0,0,0,1,1,0,13,28,2,43,18,4,22,65
05/29/2002,COU,MO,ACE,CE,Federal Contract Tower,0,12,37,1,50,0,0,7,2,9,0,12,44,3,59,2,0,2,61
05/30/2002,COU,MO,ACE,CE,Federal Contract Tower,0,9,26,0,35,0,0,37,0,37,0,9,63,0,72,16,0,16,88
05/31/2002,COU,MO,ACE,CE,Federal Contract Tower,0,9,21,5,35,0,0,35,0,35,0,9,56,5,70,24,0,24,94
06/01/2002,COU,MO,ACE,CE,Federal Contract Tower,0,6,15,0,21,0,0,60,1,61,0,6,75,1,82,28,0,28,110
06/02/2002,COU,MO,ACE,CE,Federal Contract Tower,0,8,21,2,31,0,0,27,2,29,0,8,48,4,60,14,0,14,74
06/03/2002,COU,MO,ACE,CE,Federal Contract Tower,0,14,15,1,30,0,0,35,2,37,0,14,50,3,67,18,6,24,91
06/04/2002,COU,MO,ACE,CE,Federal Contract Tower,0,15,15,0,30,0,0,36,0,36,0,15,51,0,66,14,0,14,80
06/05/2002,COU,MO,ACE,CE,Federal Contract Tower,0,12,18,0,30,0,0,26,0,26,0,12,44,0,56,16,0,16,72
06/06/2002,COU,MO,ACE,CE,Federal Contract Tower,0,11,18,0,29,0,2,56,5,63,0,13,74,5,92,40,0,40,132
06/07/2002,COU,MO,ACE,CE,Federal Contract Tower,0,12,28,0,40,0,0,56,0,56,0,12,84,0,96,32,0,32,128
06/08/2002,COU,MO,ACE,CE,Federal Contract Tower,0,2,13,5,20,0,0,31,0,31,0,2,44,5,51,14,0,14,65
06/09/2002,COU,MO,ACE,CE,Federal Contract Tower,0,12,17,2,31,0,0,28,0,28,0,12,45,2,59,6,0,6,65
06/10/2002,COU,MO,ACE,CE,Federal Contract Tower,2,12,10,0,24,0,0,14,2,16,2,12,24,2,40,16,0,16,56
06/11/2002,COU,MO,ACE,CE,Federal Contract Tower,0,11,18,0,29,0,0,38,4,42,0,11,56,4,71,28,30,58,129
06/12/2002,COU,MO,ACE,CE,Federal Contract Tower,2,11,21,0,34,0,0,35,0,35,2,11,56,0,69,21,0,21,90
06/13/2002,COU,MO,ACE,CE,Federal Contract Tower,0,11,24,2,37,0,0,36,0,36,0,11,60,2,73,59,0,59,132
06/14/2002,COU,MO,ACE,CE,Federal Contract Tower,0,10,37,2,49,0,0,41,4,45,0,10,78,6,94,40,20,60,154
06/15/2002,COU,MO,ACE,CE,Federal Contract Tower,0,5,14,0,19,0,0,39,0,39,0,5,53,0,58,38,0,38,96
06/16/2002,COU,MO,ACE,CE,Federal Contract Tower,0,10,20,0,30,0,0,37,0,37,0,10,57,0,67,10,0,10,77
06/17/2002,COU,MO,ACE,CE,Federal Contract Tower,0,15,25,0,40,0,0,54,2,56,0,15,79,2,96,26,0,26,122
06/18/2002,COU,MO,ACE,CE,Federal Contract Tower,0,11,20,0,31,0,0,35,12,47,0,11,55,12,78,30,4,34,112
06/19/2002,COU,MO,ACE,CE,Federal Contract Tower,0,13,28,0,41,0,0,52,0,52,0,13,80,0,93,10,0,10,103
06/20/2002,COU,MO,ACE,CE,Federal Contract Tower,0,16,24,0,40,0,0,52,2,54,0,16,76,2,94,32,18,50,144
06/21/2002,COU,MO,ACE,CE,Federal Contract Tower,0,8,21,4,33,0,0,53,0,53,0,8,74,4,86,20,0,20,106
06/22/2002,COU,MO,ACE,CE,Federal Contract Tower,0,3,15,0,18,0,0,40,0,40,0,3,55,0,58,16,22,38,96
06/23/2002,COU,MO,ACE,CE,Federal Contract Tower,0,10,15,0,25,0,0,29,0,29,0,10,44,0,54,24,0,24,78
06/24/2002,COU,MO,ACE,CE,Federal Contract Tower,0,11,21,0,32,2,1,31,0,34,2,12,52,0,66,24,0,24,90
06/25/2002,COU,MO,ACE,CE,Federal Contract Tower,0,15,20,0,35,0,0,40,13,53,0,15,60,13,88,30,35,65,153
06/26/2002,COU,MO,ACE,CE,Federal Contract Tower,0,10,14,0,24,0,0,37,0,37,0,10,51,0,61,12,0,12,73
06/27/2002,COU,MO,ACE,CE,Federal Contract Tower,0,14,17,2,33,0,0,39,0,39,0,14,56,2,72,42,0,42,114
06/28/2002,COU,MO,ACE,CE,Federal Contract Tower,2,10,19,0,31,0,0,21,0,21,2,10,40,0,52,22,0,22,74
06/29/2002,COU,MO,ACE,CE,Federal Contract Tower,0,2,15,0,17,0,0,34,0,34,0,2,49,0,51,2,0,2,53
06/30/2002,COU,MO,ACE,CE,Federal Contract Tower,0,10,16,0,26,0,0,21,0,21,0,10,37,0,47,8,0,8,55
07/01/2002,COU,MO,ACE,CE,Federal Contract Tower,0,16,16,0,32,0,0,35,2,37,0,16,51,2,69,6,20,26,95
07/02/2002,COU,MO,ACE,CE,Federal Contract Tower,0,18,16,0,34,0,0,48,2,50,0,18,64,2,84,26,20,46,130
07/03/2002,COU,MO,ACE,CE,Federal Contract Tower,0,10,19,0,29,0,0,26,0,26,0,10,45,0,55,14,0,14,69
07/04/2002,COU,MO,ACE,CE,Federal Contract Tower,0,4,14,0,18,0,0,36,0,36,0,4,50,0,54,24,0,24,78
07/05/2002,COU,MO,ACE,CE,Federal Contract Tower,0,6,27,0,33,0,0,52,2,54,0,6,79,2,87,10,0,10,97
07/06/2002,COU,MO,ACE,CE,Federal Contract Tower,0,4,8,0,12,0,0,22,0,22,0,4,30,0,34,10,0,10,44
07/07/2002,COU,MO,ACE,CE,Federal Contract Tower,0,20,31,0,51,0,0,25,0,25,0,20,56,0,76,14,0,14,90
07/08/2002,COU,MO,ACE,CE,Federal Contract Tower,0,14,14,1,29,0,1,32,0,33,0,15,46,1,62,34,0,34,96
07/09/2002,COU,MO,ACE,CE,Federal Contract Tower,0,10,28,0,38,0,0,55,4,59,0,10,83,4,97,87,0,87,184
07/10/2002,COU,MO,ACE,CE,Federal Contract Tower,0,9,18,0,27,0,0,26,0,26,0,9,44,0,53,52,0,52,105
07/11/2002,COU,MO,ACE,CE,Federal Contract Tower,0,13,29,0,42,0,0,25,0,25,0,13,54,0,67,52,0,52,119
07/12/2002,COU,MO,ACE,CE,Federal Contract Tower,0,11,17,0,28,0,0,40,6,46,0,11,57,6,74,22,0,22,96
07/13/2002,COU,MO,ACE,CE,Federal Contract Tower,0,2,10,1,13,0,0,82,7,89,0,2,92,8,102,52,0,52,154
07/14/2002,COU,MO,ACE,CE,Federal Contract Tower,0,8,18,0,26,0,0,56,4,60,0,8,74,4,86,20,0,20,106
07/15/2002,COU,MO,ACE,CE,Federal Contract Tower,0,19,20,0,39,0,0,50,4,54,0,19,70,4,93,10,50,60,153
07/16/2002,COU,MO,ACE,CE,Federal Contract Tower,0,9,22,0,31,0,1,38,2,41,0,10,60,2,72,18,20,38,110
07/17/2002,COU,MO,ACE,CE,Federal Contract Tower,0,13,38,0,51,0,0,36,2,38,0,13,74,2,89,24,20,44,133
07/18/2002,COU,MO,ACE,CE,Federal Contract Tower,0,8,25,0,33,0,1,39,0,40,0,9,64,0,73,20,0,20,93
07/19/2002,COU,MO,ACE,CE,Federal Contract Tower,2,12,24,4,42,0,0,37,0,37,2,12,61,4,79,22,0,22,101
07/20/2002,COU,MO,ACE,CE,Federal Contract Tower,0,5,22,0,27,0,1,46,2,49,0,6,68,2,76,42,0,42,118
07/21/2002,COU,MO,ACE,CE,Federal Contract Tower,0,12,21,0,33,0,0,46,16,62,0,12,67,16,95,42,0,42,137
07/22/2002,COU,MO,ACE,CE,Federal Contract Tower,0,11,18,0,29,0,0,24,0,24,0,11,42,0,53,22,0,22,75
07/23/2002,COU,MO,ACE,CE,Federal Contract Tower,0,9,17,0,26,0,0,43,0,43,0,9,60,0,69,32,0,32,101
07/24/2002,COU,MO,ACE,CE,Federal Contract Tower,0,9,25,0,34,0,0,63,2,65,0,9,88,2,99,27,12,39,138
07/25/2002,COU,MO,ACE,CE,Federal Contract Tower,0,13,30,0,43,0,0,50,2,52,0,13,80,2,95,22,24,46,141
07/26/2002,COU,MO,ACE,CE,Federal Contract Tower,2,11,26,0,39,0,0,58,0,58,2,11,84,0,97,12,0,12,109
07/27/2002,COU,MO,ACE,CE,Federal Contract Tower,0,2,16,0,18,0,0,41,0,41,0,2,57,0,59,12,0,12,71
07/28/2002,COU,MO,ACE,CE,Federal Contract Tower,0,8,21,2,31,0,0,36,0,36,0,8,57,2,67,12,0,12,79
07/29/2002,COU,MO,ACE,CE,Federal Contract Tower,0,21,15,0,36,0,0,28,0,28,0,21,43,0,64,24,0,24,88
07/30/2002,COU,MO,ACE,CE,Federal Contract Tower,0,15,27,0,42,0,0,45,0,45,0,15,72,0,87,38,0,38,125
07/31/2002,COU,MO,ACE,CE,Federal Contract Tower,0,11,28,0,39,0,0,48,0,48,0,11,76,0,87,12,0,12,99
08/01/2002,COU,MO,ACE,CE,Federal Contract Tower,0,9,24,1,34,0,1,31,0,32,0,10,55,1,66,26,2,28,94
08/02/2002,COU,MO,ACE,CE,Federal Contract Tower,0,9,19,3,31,0,2,52,0,54,0,11,71,3,85,28,0,28,113
08/03/2002,COU,MO,ACE,CE,Federal Contract Tower,0,0,13,0,13,0,2,57,0,59,0,2,70,0,72,34,0,34,106
08/04/2002,COU,MO,ACE,CE,Federal Contract Tower,0,5,16,0,21,0,3,36,0,39,0,8,52,0,60,34,0,34,94
08/05/2002,COU,MO,ACE,CE,Federal Contract Tower,0,16,25,0,41,0,2,41,0,43,0,18,66,0,84,24,0,24,108
08/06/2002,COU,MO,ACE,CE,Federal Contract Tower,0,10,19,0,29,0,1,23,0,24,0,11,42,0,53,16,0,16,69
08/07/2002,COU,MO,ACE,CE,Federal Contract Tower,0,12,23,1,36,0,1,44,1,46,0,13,67,2,82,18,10,28,110
08/08/2002,COU,MO,ACE,CE,Federal Contract Tower,0,11,26,1,38,0,1,43,1,45,0,12,69,2,83,18,12,30,113
08/09/2002,COU,MO,ACE,CE,Federal Contract Tower,0,12,19,1,32,0,1,57,1,59,0,13,76,2,91,26,12,38,129
08/10/2002,COU,MO,ACE,CE,Federal Contract Tower,0,6,11,1,18,0,1,45,3,49,0,7,56,4,67,35,0,35,102
08/11/2002,COU,MO,ACE,CE,Federal Contract Tower,0,9,24,0,33,0,0,43,0,43,0,9,67,0,76,0,0,0,76
08/12/2002,COU,MO,ACE,CE,Federal Contract Tower,0,13,23,0,36,0,0,29,0,29,0,13,52,0,65,22,0,22,87
08/13/2002,COU,MO,ACE,CE,Federal Contract Tower,0,12,19,0,31,0,0,6,0,6,0,12,25,0,37,10,2,12,49
08/14/2002,COU,MO,ACE,CE,Federal Contract Tower,0,15,33,0,48,0,0,69,0,69,0,15,102,0,117,56,0,56,173
08/15/2002,COU,MO,ACE,CE,Federal Contract Tower,0,11,30,1,42,0,0,36,5,41,0,11,66,6,83,24,14,38,121
08/16/2002,COU,MO,ACE,CE,Federal Contract Tower,0,11,25,0,36,0,0,43,0,43,0,11,68,0,79,30,4,34,113
08/17/2002,COU,MO,ACE,CE,Federal Contract Tower,0,2,19,2,23,0,0,23,0,23,0,2,42,2,46,30,0,30,76
08/18/2002,COU,MO,ACE,CE,Federal Contract Tower,0,8,12,2,22,0,0,34,0,34,0,8,46,2,56,10,0,10,66
08/19/2002,COU,MO,ACE,CE,Federal Contract Tower,0,15,16,2,33,0,0,44,6,50,0,15,60,8,83,6,20,26,109
08/20/2002,COU,MO,ACE,CE,Federal Contract Tower,0,11,27,1,39,0,0,29,3,32,0,11,56,4,71,24,10,34,105
08/21/2002,COU,MO,ACE,CE,Federal Contract Tower,0,13,28,2,43,0,0,35,0,35,0,13,63,2,78,28,0,28,106
08/22/2002,COU,MO,ACE,CE,Federal Contract Tower,0,12,28,0,40,0,0,40,0,40,0,12,68,0,80,30,0,30,110
08/23/2002,COU,MO,ACE,CE,Federal Contract Tower,0,16,16,0,32,0,0,38,2,40,0,16,54,2,72,22,0,22,94
08/24/2002,COU,MO,ACE,CE,Federal Contract Tower,0,5,18,3,26,0,0,30,0,30,0,5,48,3,56,18,0,18,74
08/25/2002,COU,MO,ACE,CE,Federal Contract Tower,0,12,11,4,27,0,0,42,0,42,0,12,53,4,69,40,0,40,109
08/26/2002,COU,MO,ACE,CE,Federal Contract Tower,0,16,12,0,28,0,0,46,2,48,0,16,58,2,76,21,6,27,103
08/27/2002,COU,MO,ACE,CE,Federal Contract Tower,0,12,17,0,29,0,0,35,0,35,0,12,52,0,64,42,0,42,106
08/28/2002,COU,MO,ACE,CE,Federal Contract Tower,0,12,22,0,34,0,0,34,0,34,0,12,56,0,68,36,4,40,108
08/29/2002,COU,MO,ACE,CE,Federal Contract Tower,0,16,20,0,36,0,2,30,0,32,0,18,50,0,68,22,2,24,92
08/30/2002,COU,MO,ACE,CE,Federal Contract Tower,0,9,27,0,36,0,0,41,0,41,0,9,68,0,77,34,0,34,111
08/31/2002,COU,MO,ACE,CE,Federal Contract Tower,0,6,11,0,17,0,0,26,0,26,0,6,37,0,43,44,0,44,87
09/01/2002,COU,MO,ACE,CE,Federal Contract Tower,0,3,9,0,12,0,0,38,0,38,0,3,47,0,50,38,0,38,88
09/02/2002,COU,MO,ACE,CE,Federal Contract Tower,0,8,17,0,25,0,0,44,4,48,0,8,61,4,73,14,6,20,93
09/03/2002,COU,MO,ACE,CE,Federal Contract Tower,0,12,19,0,31,0,6,21,2,29,0,18,40,2,60,14,0,14,74
09/04/2002,COU,MO,ACE,CE,Federal Contract Tower,0,14,23,0,37,0,0,60,0,60,0,14,83,0,97,30,0,30,127
09/05/2002,COU,MO,ACE,CE,Federal Contract Tower,0,15,31,0,46,0,0,53,2,55,0,15,84,2,101,12,8,20,121
09/06/2002,COU,MO,ACE,CE,Federal Contract Tower,2,10,30,0,42,0,0,46,2,48,2,10,76,2,90,22,12,34,124
09/07/2002,COU,MO,ACE,CE,Federal Contract Tower,0,9,23,0,32,0,0,73,0,73,0,9,96,0,105,4,0,4,109
09/08/2002,COU,MO,ACE,CE,Federal Contract Tower,0,10,25,0,35,0,0,46,0,46,0,10,71,0,81,16,0,16,97
09/09/2002,COU,MO,ACE,CE,Federal Contract Tower,0,15,17,0,32,0,0,34,2,36,0,15,51,2,68,52,18,70,138
09/10/2002,COU,MO,ACE,CE,Federal Contract Tower,0,9,18,0,27,0,0,48,2,50,0,9,66,2,77,22,15,37,114
09/11/2002,COU,MO,ACE,CE,Federal Contract Tower,0,12,33,2,47,0,0,29,3,32,0,12,62,5,79,32,12,44,123
09/12/2002,COU,MO,ACE,CE,Federal Contract Tower,0,15,28,0,43,0,0,38,2,40,0,15,66,2,83,8,0,8,91
09/13/2002,COU,MO,ACE,CE,Federal Contract Tower,2,15,27,1,45,0,0,37,1,38,2,15,64,2,83,32,2,34,117
09/14/2002,COU,MO,ACE,CE,Federal Contract Tower,0,7,19,0,26,0,0,14,0,14,0,7,33,0,40,22,0,22,62
09/15/2002,COU,MO,ACE,CE,Federal Contract Tower,0,10,19,2,31,0,0,6,2,8,0,10,25,4,39,2,0,2,41
09/16/2002,COU,MO,ACE,CE,Federal Contract Tower,2,20,28,0,50,0,0,17,0,17,2,20,45,0,67,20,0,20,87
09/17/2002,COU,MO,ACE,CE,Federal Contract Tower,0,11,23,2,36,0,0,9,0,9,0,11,32,2,45,18,0,18,63
09/18/2002,COU,MO,ACE,CE,Federal Contract Tower,0,19,22,0,41,0,0,11,0,11,0,19,33,0,52,10,0,10,62
09/19/2002,COU,MO,ACE,CE,Federal Contract Tower,3,10,19,2,34,0,0,6,0,6,3,10,25,2,40,10,4,14,54
09/20/2002,COU,MO,ACE,CE,Federal Contract Tower,2,19,30,0,51,0,0,36,4,40,2,19,66,4,91,24,0,24,115
09/21/2002,COU,MO,ACE,CE,Federal Contract Tower,0,4,11,0,15,0,0,52,0,52,0,4,63,0,67,42,0,42,109
09/22/2002,COU,MO,ACE,CE,Federal Contract Tower,0,13,15,0,28,0,0,44,0,44,0,13,59,0,72,22,0,22,94
09/23/2002,COU,MO,ACE,CE,Federal Contract Tower,0,17,9,0,26,0,0,44,2,46,0,17,53,2,72,32,0,32,104
09/24/2002,COU,MO,ACE,CE,Federal Contract Tower,0,15,22,0,37,0,0,33,0,33,0,15,55,0,70,30,0,30,100
09/25/2002,COU,MO,ACE,CE,Federal Contract Tower,0,10,22,2,34,0,0,18,0,18,0,10,40,2,52,26,0,26,78
09/26/2002,COU,MO,ACE,CE,Federal Contract Tower,0,16,21,0,37,0,0,42,6,48,0,16,63,6,85,22,44,66,151
09/27/2002,COU,MO,ACE,CE,Federal Contract Tower,1,13,34,3,51,0,0,44,0,44,1,13,78,3,95,56,6,62,157
09/28/2002,COU,MO,ACE,CE,Federal Contract Tower,1,7,39,0,47,0,0,64,0,64,1,7,103,0,111,8,0,8,119
09/29/2002,COU,MO,ACE,CE,Federal Contract Tower,0,12,28,1,41,0,0,45,0,45,0,12,73,1,86,18,0,18,104
09/30/2002,COU,MO,ACE,CE,Federal Contract Tower,0,18,17,0,35,0,0,35,0,35,0,18,52,0,70,30,0,30,100
10/01/2002,COU,MO,ACE,CE,Federal Contract Tower,0,14,23,0,37,0,0,25,4,29,0,14,48,4,66,34,30,64,130
10/02/2002,COU,MO,ACE,CE,Federal Contract Tower,0,21,24,0,45,0,0,19,0,19,0,21,43,0,64,12,0,12,76
10/03/2002,COU,MO,ACE,CE,Federal Contract Tower,0,15,35,0,50,0,0,9,0,9,0,15,44,0,59,0,0,0,59
10/04/2002,COU,MO,ACE,CE,Federal Contract Tower,2,13,29,0,44,0,0,20,0,20,2,13,49,0,64,8,0,8,72
10/05/2002,COU,MO,ACE,CE,Federal Contract Tower,1,13,37,1,52,0,0,63,2,65,1,13,100,3,117,12,16,28,145
10/06/2002,COU,MO,ACE,CE,Federal Contract Tower,0,11,14,0,25,0,0,41,0,41,0,11,55,0,66,20,0,20,86
10/07/2002,COU,MO,ACE,CE,Federal Contract Tower,0,15,24,0,39,0,0,32,0,32,0,15,56,0,71,26,0,26,97
10/08/2002,COU,MO,ACE,CE,Federal Contract Tower,0,16,25,0,41,0,0,24,0,24,0,16,49,0,65,39,0,39,104
10/09/2002,COU,MO,ACE,CE,Federal Contract Tower,0,13,24,0,37,0,0,47,0,47,0,13,71,0,84,36,0,36,120
10/10/2002,COU,MO,ACE,CE,Federal Contract Tower,0,15,22,5,42,0,0,37,1,38,0,15,59,6,80,18,6,24,104
10/11/2002,COU,MO,ACE,CE,Federal Contract Tower,2,16,22,0,40,0,0,42,0,42,2,16,64,0,82,56,0,56,138
10/12/2002,COU,MO,ACE,CE,Federal Contract Tower,2,4,18,0,24,0,0,2,0,2,2,4,20,0,26,0,0,0,26
10/13/2002,COU,MO,ACE,CE,Federal Contract Tower,0,14,13,0,27,0,0,56,0,56,0,14,69,0,83,20,0,20,103
10/14/2002,COU,MO,ACE,CE,Federal Contract Tower,0,15,25,0,40,0,0,60,0,60,0,15,85,0,100,8,0,8,108
10/15/2002,COU,MO,ACE,CE,Federal Contract Tower,0,13,24,0,37,0,0,40,3,43,0,13,64,3,80,18,10,28,108
10/16/2002,COU,MO,ACE,CE,Federal Contract Tower,0,15,18,0,33,0,0,42,0,42,0,15,60,0,75,26,0,26,101
10/17/2002,COU,MO,ACE,CE,Federal Contract Tower,0,13,38,0,51,0,0,29,0,29,0,13,67,0,80,10,0,10,90
10/18/2002,COU,MO,ACE,CE,Federal Contract Tower,0,12,31,4,47,2,0,20,0,22,2,12,51,4,69,6,8,14,83
10/19/2002,COU,MO,ACE,CE,Federal Contract Tower,0,8,24,0,32,0,0,34,2,36,0,8,58,2,68,10,20,30,98
10/20/2002,COU,MO,ACE,CE,Federal Contract Tower,0,10,21,2,33,0,0,63,4,67,0,10,84,6,100,18,4,22,122
10/21/2002,COU,MO,ACE,CE,Federal Contract Tower,0,16,26,0,42,0,0,61,4,65,0,16,87,4,107,24,28,52,159
10/22/2002,COU,MO,ACE,CE,Federal Contract Tower,0,11,26,0,37,0,0,12,2,14,0,11,38,2,51,20,26,46,97
10/23/2002,COU,MO,ACE,CE,Federal Contract Tower,0,9,25,0,34,0,0,31,2,33,0,9,56,2,67,10,0,10,77
10/24/2002,COU,MO,ACE,CE,Federal Contract Tower,0,12,30,0,42,0,0,30,0,30,0,12,60,0,72,14,0,14,86
10/25/2002,COU,MO,ACE,CE,Federal Contract Tower,1,17,37,0,55,0,0,0,0,0,1,17,37,0,55,0,0,0,55
10/26/2002,COU,MO,ACE,CE,Federal Contract Tower,0,5,44,0,49,0,0,9,4,13,0,5,53,4,62,0,25,25,87
10/27/2002,COU,MO,ACE,CE,Federal Contract Tower,0,10,20,0,30,0,0,8,0,8,0,10,28,0,38,6,0,6,44
10/28/2002,COU,MO,ACE,CE,Federal Contract Tower,0,15,10,0,25,0,0,0,0,0,0,15,10,0,25,0,0,0,25
10/29/2002,COU,MO,ACE,CE,Federal Contract Tower,0,13,19,0,32,0,0,2,0,2,0,13,21,0,34,0,0,0,34
10/30/2002,COU,MO,ACE,CE,Federal Contract Tower,0,21,23,0,44,0,1,1,0,2,0,22,24,0,46,0,0,0,46
10/31/2002,COU,MO,ACE,CE,Federal Contract Tower,0,18,21,0,39,0,3,3,0,6,0,21,24,0,45,4,0,4,49
11/01/2002,COU,MO,ACE,CE,Federal Contract Tower,1,11,28,0,40,0,5,73,12,90,1,16,101,12,130,34,40,74,204
11/02/2002,COU,MO,ACE,CE,Federal Contract Tower,0,3,18,0,21,0,0,24,4,28,0,3,42,4,49,14,31,45,94
11/03/2002,COU,MO,ACE,CE,Federal Contract Tower,0,12,9,0,21,0,2,1,0,3,0,14,10,0,24,0,0,0,24
11/04/2002,COU,MO,ACE,CE,Federal Contract Tower,2,18,22,0,42,0,7,19,0,26,2,25,41,0,68,12,4,16,84
11/05/2002,COU,MO,ACE,CE,Federal Contract Tower,0,14,15,0,29,0,0,8,0,8,0,14,23,0,37,0,0,0,37
11/06/2002,COU,MO,ACE,CE,Federal Contract Tower,0,9,22,0,31,0,0,56,0,56,0,9,78,0,87,25,0,25,112
11/07/2002,COU,MO,ACE,CE,Federal Contract Tower,0,13,13,0,26,0,0,56,2,58,0,13,69,2,84,28,20,48,132
11/08/2002,COU,MO,ACE,CE,Federal Contract Tower,1,10,27,0,38,0,0,41,0,41,1,10,68,0,79,32,0,32,111
11/09/2002,COU,MO,ACE,CE,Federal Contract Tower,1,7,24,0,32,0,0,34,0,34,1,7,58,0,66,0,0,0,66
11/10/2002,COU,MO,ACE,CE,Federal Contract Tower,0,9,23,0,32,0,0,46,0,46,0,9,69,0,78,32,0,32,110
11/11/2002,COU,MO,ACE,CE,Federal Contract Tower,0,14,11,0,25,0,0,30,0,30,0,14,41,0,55,24,0,24,79
11/12/2002,COU,MO,ACE,CE,Federal Contract Tower,0,10,21,1,32,0,8,41,4,53,0,18,62,5,85,18,0,18,103
11/13/2002,COU,MO,ACE,CE,Federal Contract Tower,0,10,19,0,29,0,9,34,2,45,0,19,53,2,74,26,10,36,110
11/14/2002,COU,MO,ACE,CE,Federal Contract Tower,0,10,32,0,42,0,0,27,2,29,0,10,59,2,71,4,32,36,107
11/15/2002,COU,MO,ACE,CE,Federal Contract Tower,2,12,33,1,48,0,0,9,5,14,2,12,42,6,62,2,0,2,64
11/16/2002,COU,MO,ACE,CE,Federal Contract Tower,2,5,14,1,22,0,0,38,1,39,2,5,52,2,61,18,2,20,81
11/17/2002,COU,MO,ACE,CE,Federal Contract Tower,0,8,16,0,24,0,0,58,0,58,0,8,74,0,82,0,10,10,92
11/18/2002,COU,MO,ACE,CE,Federal Contract Tower,0,16,32,2,50,0,4,28,0,32,0,20,60,2,82,12,6,18,100
11/19/2002,COU,MO,ACE,CE,Federal Contract Tower,0,11,29,0,40,0,7,37,0,44,0,18,66,0,84,12,0,12,96
11/20/2002,COU,MO,ACE,CE,Federal Contract Tower,0,10,29,0,39,0,0,43,2,45,0,10,72,2,84,68,0,68,152
11/21/2002,COU,MO,ACE,CE,Federal Contract Tower,0,10,19,0,29,0,0,25,0,25,0,10,44,0,54,19,2,21,75
11/22/2002,COU,MO,ACE,CE,Federal Contract Tower,2,9,22,3,36,0,0,39,0,39,2,9,61,3,75,31,10,41,116
11/23/2002,COU,MO,ACE,CE,Federal Contract Tower,2,9,24,0,35,0,0,51,0,51,2,9,75,0,86,34,0,34,120
11/24/2002,COU,MO,ACE,CE,Federal Contract Tower,0,11,13,0,24,0,0,22,0,22,0,11,35,0,46,4,0,4,50
11/25/2002,COU,MO,ACE,CE,Federal Contract Tower,0,17,15,0,32,0,0,44,8,52,0,17,59,8,84,12,0,12,96
11/26/2002,COU,MO,ACE,CE,Federal Contract Tower,0,9,30,0,39,0,0,15,6,21,0,9,45,6,60,22,18,40,100
11/27/2002,COU,MO,ACE,CE,Federal Contract Tower,0,13,22,0,35,0,0,27,0,27,0,13,49,0,62,18,0,18,80
11/28/2002,COU,MO,ACE,CE,Federal Contract Tower,0,6,1,0,7,0,0,8,0,8,0,6,9,0,15,8,0,8,23
11/29/2002,COU,MO,ACE,CE,Federal Contract Tower,0,6,9,0,15,0,0,52,0,52,0,6,61,0,67,12,0,12,79
11/30/2002,COU,MO,ACE,CE,Federal Contract Tower,0,4,7,0,11,0,0,6,0,6,0,4,13,0,17,2,0,2,19
12/01/2002,COU,MO,ACE,CE,Federal Contract Tower,0,13,19,0,32,0,0,59,0,59,0,13,78,0,91,34,0,34,125
12/02/2002,COU,MO,ACE,CE,Federal Contract Tower,0,12,17,0,29,0,0,41,0,41,0,12,58,0,70,16,0,16,86
12/03/2002,COU,MO,ACE,CE,Federal Contract Tower,1,8,12,0,21,0,0,33,0,33,1,8,45,0,54,20,0,20,74
12/04/2002,COU,MO,ACE,CE,Federal Contract Tower,1,12,7,0,20,0,0,7,0,7,1,12,14,0,27,0,0,0,27
12/05/2002,COU,MO,ACE,CE,Federal Contract Tower,2,12,22,0,36,0,0,60,4,64,2,12,82,4,100,12,2,14,114
12/06/2002,COU,MO,ACE,CE,Federal Contract Tower,0,10,19,0,29,0,0,50,2,52,0,10,69,2,81,36,0,36,117
12/07/2002,COU,MO,ACE,CE,Federal Contract Tower,0,6,13,0,19,0,0,37,0,37,0,6,50,0,56,18,2,20,76
12/08/2002,COU,MO,ACE,CE,Federal Contract Tower,0,8,24,0,32,0,0,31,0,31,0,8,55,0,63,18,0,18,81
12/09/2002,COU,MO,ACE,CE,Federal Contract Tower,2,16,20,0,38,0,0,47,0,47,2,16,67,0,85,24,0,24,109
12/10/2002,COU,MO,ACE,CE,Federal Contract Tower,4,12,14,0,30,0,0,35,0,35,4,12,49,0,65,24,0,24,89
12/11/2002,COU,MO,ACE,CE,Federal Contract Tower,0,12,19,0,31,0,14,15,0,29,0,26,34,0,60,6,0,6,66
12/12/2002,COU,MO,ACE,CE,Federal Contract Tower,0,13,21,0,34,0,0,25,0,25,0,13,46,0,59,6,0,6,65
12/13/2002,COU,MO,ACE,CE,Federal Contract Tower,2,11,12,0,25,0,0,11,4,15,2,11,23,4,40,6,0,6,46
12/14/2002,COU,MO,ACE,CE,Federal Contract Tower,1,8,15,0,24,0,0,46,0,46,1,8,61,0,70,4,0,4,74
12/15/2002,COU,MO,ACE,CE,Federal Contract Tower,3,8,15,0,26,0,0,40,0,40,3,8,55,0,66,18,0,18,84
12/16/2002,COU,MO,ACE,CE,Federal Contract Tower,0,16,16,0,32,0,0,33,2,35,0,16,49,2,67,0,10,10,77
12/17/2002,COU,MO,ACE,CE,Federal Contract Tower,2,13,17,0,32,0,0,5,0,5,2,13,22,0,37,0,0,0,37
12/18/2002,COU,MO,ACE,CE,Federal Contract Tower,2,11,9,4,26,0,0,15,0,15,2,11,24,4,41,4,0,4,45
12/19/2002,COU,MO,ACE,CE,Federal Contract Tower,0,12,21,1,34,0,6,36,3,45,0,18,57,4,79,34,0,34,113
12/20/2002,COU,MO,ACE,CE,Federal Contract Tower,0,12,25,0,37,0,2,34,2,38,0,14,59,2,75,10,14,24,99
12/21/2002,COU,MO,ACE,CE,Federal Contract Tower,0,5,18,0,23,0,0,37,0,37,0,5,55,0,60,28,0,28,88
12/22/2002,COU,MO,ACE,CE,Federal Contract Tower,0,8,23,0,31,0,0,29,0,29,0,8,52,0,60,12,0,12,72
12/23/2002,COU,MO,ACE,CE,Federal Contract Tower,0,13,14,0,27,0,0,23,0,23,0,13,37,0,50,33,0,33,83
12/24/2002,COU,MO,ACE,CE,Federal Contract Tower,0,2,6,0,8,0,0,0,0,0,0,2,6,0,8,0,0,0,8
12/25/2002,COU,MO,ACE,CE,Federal Contract Tower,0,3,8,0,11,0,0,9,0,9,0,3,17,0,20,6,0,6,26
12/26/2002,COU,MO,ACE,CE,Federal Contract Tower,0,10,16,0,26,0,0,18,0,18,0,10,34,0,44,24,0,24,68
12/27/2002,COU,MO,ACE,CE,Federal Contract Tower,0,13,10,0,23,0,4,9,0,13,0,17,19,0,36,20,0,20,56
12/28/2002,COU,MO,ACE,CE,Federal Contract Tower,0,9,4,0,13,0,9,22,0,31,0,18,26,0,44,4,0,4,48
12/29/2002,COU,MO,ACE,CE,Federal Contract Tower,0,12,14,0,26,0,0,15,0,15,0,12,29,0,41,0,0,0,41
12/30/2002,COU,MO,ACE,CE,Federal Contract Tower,0,13,14,0,27,0,0,13,0,13,0,13,27,0,40,8,0,8,48
12/31/2002,COU,MO,ACE,CE,Federal Contract Tower,0,2,10,0,12,0,0,34,0,34,0,2,44,0,46,32,0,32,78
01/01/2003,COU,MO,ACE,CE,Federal Contract Tower,0,4,8,0,12,0,0,44,0,44,0,4,52,0,56,6,0,6,62
01/02/2003,COU,MO,ACE,CE,Federal Contract Tower,0,8,11,0,19,0,0,4,0,4,0,8,15,0,23,0,0,0,23
01/03/2003,COU,MO,ACE,CE,Federal Contract Tower,0,11,6,0,17,0,0,48,0,48,0,11,54,0,65,62,0,62,127
01/04/2003,COU,MO,ACE,CE,Federal Contract Tower,0,6,14,0,20,0,26,19,0,45,0,32,33,0,65,14,0,14,79
01/05/2003,COU,MO,ACE,CE,Federal Contract Tower,0,8,13,0,21,0,0,19,0,19,0,8,32,0,40,0,0,0,40
01/06/2003,COU,MO,ACE,CE,Federal Contract Tower,0,17,19,0,36,0,0,26,0,26,0,17,45,0,62,2,2,4,66
01/07/2003,COU,MO,ACE,CE,Federal Contract Tower,2,13,19,0,34,0,0,38,4,42,2,13,57,4,76,26,0,26,102
01/08/2003,COU,MO,ACE,CE,Federal Contract Tower,0,11,26,0,37,0,0,41,8,49,0,11,67,8,86,20,22,42,128
01/09/2003,COU,MO,ACE,CE,Federal Contract Tower,0,8,16,0,24,0,0,41,4,45,0,8,57,4,69,16,29,45,114
01/10/2003,COU,MO,ACE,CE,Federal Contract Tower,0,12,24,0,36,0,7,27,0,34,0,19,51,0,70,8,4,12,82
01/11/2003,COU,MO,ACE,CE,Federal Contract Tower,0,8,9,0,17,0,25,46,2,73,0,33,55,2,90,24,10,34,124
01/12/2003,COU,MO,ACE,CE,Federal Contract Tower,2,12,11,0,25,0,12,57,0,69,2,24,68,0,94,18,0,18,112
01/13/2003,COU,MO,ACE,CE,Federal Contract Tower,0,11,13,0,24,0,0,43,0,43,0,11,56,0,67,22,0,22,89
01/14/2003,COU,MO,ACE,CE,Federal Contract Tower,0,9,18,0,27,0,0,25,0,25,0,9,43,0,52,4,0,4,56
01/15/2003,COU,MO,ACE,CE,Federal Contract Tower,0,11,22,0,33,0,0,21,2,23,0,11,43,2,56,36,6,42,98
01/16/2003,COU,MO,ACE,CE,Federal Contract Tower,0,11,6,0,17,0,0,8,0,8,0,11,14,0,25,0,0,0,25
01/17/2003,COU,MO,ACE,CE,Federal Contract Tower,0,12,26,0,38,0,0,31,0,31,0,12,57,0,69,24,0,24,93
01/18/2003,COU,MO,ACE,CE,Federal Contract Tower,0,7,13,0,20,0,0,5,0,5,0,7,18,0,25,12,0,12,37
01/19/2003,COU,MO,ACE,CE,Federal Contract Tower,0,13,9,0,22,0,0,24,0,24,0,13,33,0,46,12,0,12,58
01/20/2003,COU,MO,ACE,CE,Federal Contract Tower,0,13,20,0,33,0,0,20,2,22,0,13,40,2,55,12,0,12,67
01/21/2003,COU,MO,ACE,CE,Federal Contract Tower,0,11,19,0,30,0,0,22,0,22,0,11,41,0,52,36,2,38,90
01/22/2003,COU,MO,ACE,CE,Federal Contract Tower,0,7,24,0,31,0,0,6,0,6,0,7,30,0,37,6,0,6,43
01/23/2003,COU,MO,ACE,CE,Federal Contract Tower,0,15,19,0,34,0,0,25,0,25,0,15,44,0,59,22,0,22,81
01/24/2003,COU,MO,ACE,CE,Federal Contract Tower,2,11,24,0,37,0,0,19,2,21,2,11,43,2,58,18,0,18,76
01/25/2003,COU,MO,ACE,CE,Federal Contract Tower,0,8,8,0,16,0,0,27,4,31,0,8,35,4,47,22,34,56,103
01/26/2003,COU,MO,ACE,CE,Federal Contract Tower,0,8,7,0,15,0,0,19,0,19,0,8,26,0,34,20,0,20,54
01/27/2003,COU,MO,ACE,CE,Federal Contract Tower,0,18,11,0,29,0,0,34,0,34,0,18,45,0,63,12,0,12,75
01/28/2003,COU,MO,ACE,CE,Federal Contract Tower,0,15,16,0,31,0,0,9,0,9,0,15,25,0,40,10,0,10,50
01/29/2003,COU,MO,ACE,CE,Federal Contract Tower,0,16,23,1,40,0,0,31,2,33,0,16,54,3,73,12,2,14,87
01/30/2003,COU,MO,ACE,CE,Federal Contract Tower,0,16,26,0,42,0,0,48,6,54,0,16,74,6,96,24,18,42,138
01/31/2003,COU,MO,ACE,CE,Federal Contract Tower,0,10,27,0,37,0,0,15,3,18,0,10,42,3,55,6,18,24,79
02/01/2003,COU,MO,ACE,CE,Federal Contract Tower,0,3,13,0,16,0,1,29,0,30,0,4,42,0,46,12,0,12,58
02/02/2003,COU,MO,ACE,CE,Federal Contract Tower,0,7,13,0,20,0,1,25,1,27,0,8,38,1,47,10,0,10,57
02/03/2003,COU,MO,ACE,CE,Federal Contract Tower,0,17,4,0,21,0,6,6,0,12,0,23,10,0,33,0,0,0,33
02/04/2003,COU,MO,ACE,CE,Federal Contract Tower,2,10,32,1,45,0,0,27,3,30,2,10,59,4,75,20,8,28,103
02/05/2003,COU,MO,ACE,CE,Federal Contract Tower,0,10,19,0,29,0,0,49,2,51,0,10,68,2,80,54,0,54,134
02/06/2003,COU,MO,ACE,CE,Federal Contract Tower,0,14,17,0,31,0,0,17,0,17,0,14,34,0,48,4,0,4,52
02/07/2003,COU,MO,ACE,CE,Federal Contract Tower,1,12,24,0,37,0,0,27,0,27,1,12,51,0,64,10,0,10,74
02/08/2003,COU,MO,ACE,CE,Federal Contract Tower,1,8,14,0,23,0,0,40,4,44,1,8,54,4,67,16,24,40,107
02/09/2003,COU,MO,ACE,CE,Federal Contract Tower,0,14,18,0,32,0,0,7,4,11,0,14,25,4,43,10,0,10,53
02/10/2003,COU,MO,ACE,CE,Federal Contract Tower,0,22,14,0,36,0,0,15,21,36,0,22,29,21,72,16,20,36,108
02/11/2003,COU,MO,ACE,CE,Federal Contract Tower,0,19,14,1,34,0,0,57,1,58,0,19,71,2,92,24,0,24,116
02/12/2003,COU,MO,ACE,CE,Federal Contract Tower,1,11,24,0,36,0,0,53,0,53,1,11,77,0,89,18,0,18,107
02/13/2003,COU,MO,ACE,CE,Federal Contract Tower,0,9,14,0,23,0,0,46,0,46,0,9,60,0,69,22,0,22,91
02/14/2003,COU,MO,ACE,CE,Federal Contract Tower,0,8,9,0,17,0,0,1,0,1,0,8,10,0,18,0,0,0,18
02/15/2003,COU,MO,ACE,CE,Federal Contract Tower,2,1,3,0,6,0,0,0,0,0,2,1,3,0,6,0,0,0,6
02/16/2003,COU,MO,ACE,CE,Federal Contract Tower,0,17,7,0,24,0,2,2,0,4,0,19,9,0,28,0,0,0,28
02/17/2003,COU,MO,ACE,CE,Federal Contract Tower,0,16,25,0,41,0,1,13,0,14,0,17,38,0,55,2,0,2,57
02/18/2003,COU,MO,ACE,CE,Federal Contract Tower,0,14,23,2,39,0,1,13,0,14,0,15,36,2,53,14,2,16,69
02/19/2003,COU,MO,ACE,CE,Federal Contract Tower,0,13,29,0,42,0,0,25,0,25,0,13,54,0,67,35,0,35,102
02/20/2003,COU,MO,ACE,CE,Federal Contract Tower,0,15,28,0,43,0,0,24,0,24,0,15,52,0,67,24,0,24,91
02/21/2003,COU,MO,ACE,CE,Federal Contract Tower,1,10,28,0,39,0,0,11,2,13,1,10,39,2,52,8,6,14,66
02/22/2003,COU,MO,ACE,CE,Federal Contract Tower,0,8,12,0,20,2,0,0,2,4,2,8,12,2,24,0,0,0,24
02/23/2003,COU,MO,ACE,CE,Federal Contract Tower,0,11,12,0,23,0,0,0,0,0,0,11,12,0,23,0,0,0,23
02/24/2003,COU,MO,ACE,CE,Federal Contract Tower,0,11,19,0,30,0,0,20,2,22,0,11,39,2,52,12,10,22,74
02/25/2003,COU,MO,ACE,CE,Federal Contract Tower,0,13,22,0,35,0,9,44,0,53,0,22,66,0,88,56,0,56,144
02/26/2003,COU,MO,ACE,CE,Federal Contract Tower,0,19,10,0,29,0,14,28,0,42,0,33,38,0,71,36,0,36,107
02/27/2003,COU,MO,ACE,CE,Federal Contract Tower,0,13,15,0,28,0,2,6,0,8,0,15,21,0,36,22,0,22,58
02/28/2003,COU,MO,ACE,CE,Federal Contract Tower,0,17,18,2,37,0,0,1,0,1,0,17,19,2,38,0,16,16,54
03/01/2003,COU,MO,ACE,CE,Federal Contract Tower,3,7,17,0,27,0,0,5,0,5,3,7,22,0,32,0,0,0,32
03/02/2003,COU,MO,ACE,CE,Federal Contract Tower,0,10,7,0,17,0,5,33,0,38,0,15,40,0,55,22,0,22,77
03/03/2003,COU,MO,ACE,CE,Federal Contract Tower,0,14,12,0,26,0,4,27,0,31,0,18,39,0,57,14,0,14,71
03/04/2003,COU,MO,ACE,CE,Federal Contract Tower,0,14,8,0,22,0,6,24,0,30,0,20,32,0,52,50,0,50,102
03/05/2003,COU,MO,ACE,CE,Federal Contract Tower,0,11,14,0,25,0,7,17,0,24,0,18,31,0,49,12,0,12,61
03/06/2003,COU,MO,ACE,CE,Federal Contract Tower,1,10,18,0,29,0,2,16,0,18,1,12,34,0,47,26,0,26,73
03/07/2003,COU,MO,ACE,CE,Federal Contract Tower,0,10,24,0,34,0,0,49,2,51,0,10,73,2,85,51,0,51,136
03/08/2003,COU,MO,ACE,CE,Federal Contract Tower,0,3,17,0,20,0,0,37,0,37,0,3,54,0,57,14,0,14,71
03/09/2003,COU,MO,ACE,CE,Federal Contract Tower,0,9,28,0,37,0,0,43,2,45,0,9,71,2,82,18,0,18,100
03/10/2003,COU,MO,ACE,CE,Federal Contract Tower,2,11,9,0,22,0,1,70,2,73,2,12,79,2,95,30,22,52,147
03/11/2003,COU,MO,ACE,CE,Federal Contract Tower,0,19,19,0,38,0,1,52,2,55,0,20,71,2,93,34,22,56,149
03/12/2003,COU,MO,ACE,CE,Federal Contract Tower,0,14,27,0,41,0,0,28,0,28,0,14,55,0,69,36,0,36,105
03/13/2003,COU,MO,ACE,CE,Federal Contract Tower,1,18,45,4,68,0,2,0,4,6,1,20,45,8,74,0,0,0,74
03/14/2003,COU,MO,ACE,CE,Federal Contract Tower,0,17,23,0,40,0,0,50,0,50,0,17,73,0,90,40,0,40,130
03/15/2003,COU,MO,ACE,CE,Federal Contract Tower,0,3,21,0,24,0,0,14,0,14,0,3,35,0,38,0,0,0,38
03/16/2003,COU,MO,ACE,CE,Federal Contract Tower,2,10,25,0,37,0,0,53,0,53,2,10,78,0,90,10,0,10,100
03/17/2003,COU,MO,ACE,CE,Federal Contract Tower,0,12,13,0,25,0,0,53,0,53,0,12,66,0,78,26,0,26,104
03/18/2003,COU,MO,ACE,CE,Federal Contract Tower,2,12,22,1,37,0,0,23,0,23,2,12,45,1,60,36,0,36,96
03/19/2003,COU,MO,ACE,CE,Federal Contract Tower,0,10,17,0,27,0,0,23,4,27,0,10,40,4,54,6,6,12,66
03/20/2003,COU,MO,ACE,CE,Federal Contract Tower,0,10,17,0,27,0,0,26,0,26,0,10,43,0,53,62,0,62,115
03/21/2003,COU,MO,ACE,CE,Federal Contract Tower,0,12,27,0,39,0,0,55,0,55,0,12,82,0,94,14,0,14,108
03/22/2003,COU,MO,ACE,CE,Federal Contract Tower,2,7,22,0,31,0,0,38,0,38,2,7,60,0,69,22,0,22,91
03/23/2003,COU,MO,ACE,CE,Federal Contract Tower,0,10,16,0,26,0,0,34,0,34,0,10,50,0,60,16,0,16,76
03/24/2003,COU,MO,ACE,CE,Federal Contract Tower,0,11,14,0,25,0,0,38,0,38,0,11,52,0,63,14,0,14,77
03/25/2003,COU,MO,ACE,CE,Federal Contract Tower,0,10,20,0,30,0,0,26,2,28,0,10,46,2,58,18,0,18,76
03/26/2003,COU,MO,ACE,CE,Federal Contract Tower,1,13,22,0,36,0,0,39,0,39,1,13,61,0,75,46,0,46,121
03/27/2003,COU,MO,ACE,CE,Federal Contract Tower,0,11,10,0,21,0,3,11,0,14,0,14,21,0,35,4,0,4,39
03/28/2003,COU,MO,ACE,CE,Federal Contract Tower,0,10,13,0,23,0,0,4,0,4,0,10,17,0,27,4,0,4,31
03/29/2003,COU,MO,ACE,CE,Federal Contract Tower,0,5,14,0,19,0,0,19,0,19,0,5,33,0,38,4,0,4,42
03/30/2003,COU,MO,ACE,CE,Federal Contract Tower,0,11,19,0,30,0,0,34,0,34,0,11,53,0,64,14,0,14,78
03/31/2003,COU,MO,ACE,CE,Federal Contract Tower,0,15,22,0,37,0,0,35,0,35,0,15,57,0,72,14,0,14,86
04/01/2003,COU,MO,ACE,CE,Federal Contract Tower,0,10,30,0,40,0,0,30,4,34,0,10,60,4,74,62,20,82,156
04/02/2003,COU,MO,ACE,CE,Federal Contract Tower,0,11,24,0,35,0,0,21,0,21,0,11,45,0,56,34,2,36,92
04/03/2003,COU,MO,ACE,CE,Federal Contract Tower,0,18,11,0,29,0,2,41,0,43,0,20,52,0,72,20,0,20,92
04/04/2003,COU,MO,ACE,CE,Federal Contract Tower,1,15,25,0,41,0,0,27,0,27,1,15,52,0,68,30,0,30,98
04/05/2003,COU,MO,ACE,CE,Federal Contract Tower,0,3,18,0,21,0,0,26,0,26,0,3,44,0,47,40,0,40,87
04/06/2003,COU,MO,ACE,CE,Federal Contract Tower,0,9,3,0,12,0,0,2,0,2,0,9,5,0,14,6,0,6,20
04/07/2003,COU,MO,ACE,CE,Federal Contract Tower,0,13,24,0,37,0,0,43,0,43,0,13,67,0,80,16,0,16,96
04/08/2003,COU,MO,ACE,CE,Federal Contract Tower,0,10,12,0,22,0,0,2,0,2,0,10,14,0,24,2,0,2,26
04/09/2003,COU,MO,ACE,CE,Federal Contract Tower,0,12,34,0,46,0,0,31,0,31,0,12,65,0,77,58,0,58,135
04/10/2003,COU,MO,ACE,CE,Federal Contract Tower,0,9,27,0,36,0,0,58,2,60,0,9,85,2,96,70,20,90,186
04/11/2003,COU,MO,ACE,CE,Federal Contract Tower,0,9,26,0,35,0,0,52,0,52,0,9,78,0,87,52,0,52,139
04/12/2003,COU,MO,ACE,CE,Federal Contract Tower,0,4,4,0,8,0,0,43,0,43,0,4,47,0,51,34,0,34,85
04/13/2003,COU,MO,ACE,CE,Federal Contract Tower,0,10,6,0,16,0,0,49,0,49,0,10,55,0,65,38,0,38,103
04/14/2003,COU,MO,ACE,CE,Federal Contract Tower,0,11,15,0,26,0,0,31,0,31,0,11,46,0,57,32,2,34,91
04/15/2003,COU,MO,ACE,CE,Federal Contract Tower,0,15,19,2,36,0,0,26,0,26,0,15,45,2,62,60,0,60,122
04/16/2003,COU,MO,ACE,CE,Federal Contract Tower,0,11,22,0,33,0,0,24,0,24,0,11,46,0,57,20,0,20,77
04/17/2003,COU,MO,ACE,CE,Federal Contract Tower,0,12,30,0,42,0,0,22,0,22,0,12,52,0,64,4,0,4,68
04/18/2003,COU,MO,ACE,CE,Federal Contract Tower,0,13,28,0,41,0,2,33,0,35,0,15,61,0,76,8,0,8,84
04/19/2003,COU,MO,ACE,CE,Federal Contract Tower,0,4,4,0,8,0,0,10,0,10,0,4,14,0,18,0,0,0,18
04/20/2003,COU,MO,ACE,CE,Federal Contract Tower,0,13,20,8,41,0,0,16,4,20,0,13,36,12,61,0,0,0,61
04/21/2003,COU,MO,ACE,CE,Federal Contract Tower,0,14,25,0,39,0,0,28,0,28,0,14,53,0,67,82,0,82,149
04/22/2003,COU,MO,ACE,CE,Federal Contract Tower,0,12,21,0,33,0,0,57,4,61,0,12,78,4,94,56,0,56,150
04/23/2003,COU,MO,ACE,CE,Federal Contract Tower,0,10,25,2,37,0,0,32,7,39,0,10,57,9,76,61,11,72,148
04/24/2003,COU,MO,ACE,CE,Federal Contract Tower,2,14,26,0,42,0,0,21,2,23,2,14,47,2,65,4,20,24,89
04/25/2003,COU,MO,ACE,CE,Federal Contract Tower,0,11,21,0,32,0,0,6,0,6,0,11,27,0,38,0,0,0,38
04/26/2003,COU,MO,ACE,CE,Federal Contract Tower,0,5,16,0,21,0,0,87,6,93,0,5,103,6,114,42,0,42,156
04/27/2003,COU,MO,ACE,CE,Federal Contract Tower,0,19,15,0,34,0,0,59,0,59,0,19,74,0,93,34,0,34,127
04/28/2003,COU,MO,ACE,CE,Federal Contract Tower,0,13,21,0,34,0,0,10,0,10,0,13,31,0,44,44,0,44,88
04/29/2003,COU,MO,ACE,CE,Federal Contract Tower,0,8,24,0,32,0,2,25,2,29,0,10,49,2,61,42,0,42,103
04/30/2003,COU,MO,ACE,CE,Federal Contract Tower,0,12,19,0,31,0,0,36,4,40,0,12,55,4,71,46,10,56,127
05/01/2003,COU,MO,ACE,CE,Federal Contract Tower,0,10,12,0,22,0,0,32,8,40,0,10,44,8,62,26,24,50,112
05/02/2003,COU,MO,ACE,CE,Federal Contract Tower,0,9,37,0,46,0,0,25,2,27,0,9,62,2,73,14,16,30,103
05/03/2003,COU,MO,ACE,CE,Federal Contract Tower,0,8,18,0,26,0,0,36,0,36,0,8,54,0,62,20,0,20,82
05/04/2003,COU,MO,ACE,CE,Federal Contract Tower,4,8,6,0,18,0,0,6,0,6,4,8,12,0,24,0,0,0,24
05/05/2003,COU,MO,ACE,CE,Federal Contract Tower,0,11,17,0,28,0,0,27,0,27,0,11,44,0,55,38,0,38,93
05/06/2003,COU,MO,ACE,CE,Federal Contract Tower,0,7,24,0,31,0,0,8,0,8,0,7,32,0,39,22,0,22,61
05/07/2003,COU,MO,ACE,CE,Federal Contract Tower,0,11,52,0,63,0,0,36,7,43,0,11,88,7,106,26,30,56,162
05/08/2003,COU,MO,ACE,CE,Federal Contract Tower,0,14,27,0,41,0,0,0,0,0,0,14,27,0,41,0,0,0,41
05/09/2003,COU,MO,ACE,CE,Federal Contract Tower,0,16,40,0,56,0,0,23,0,23,0,16,63,0,79,56,0,56,135
05/10/2003,COU,MO,ACE,CE,Federal Contract Tower,0,6,14,0,20,0,0,18,0,18,0,6,32,0,38,10,0,10,48
05/11/2003,COU,MO,ACE,CE,Federal Contract Tower,0,13,16,0,29,0,0,18,0,18,0,13,34,0,47,0,0,0,47
05/12/2003,COU,MO,ACE,CE,Federal Contract Tower,0,15,17,2,34,0,0,35,0,35,0,15,52,2,69,36,16,52,121
05/13/2003,COU,MO,ACE,CE,Federal Contract Tower,2,11,18,0,31,0,0,43,0,43,2,11,61,0,74,30,26,56,130
05/14/2003,COU,MO,ACE,CE,Federal Contract Tower,0,11,26,2,39,0,0,21,0,21,0,11,47,2,60,36,0,36,96
05/15/2003,COU,MO,ACE,CE,Federal Contract Tower,0,16,21,0,37,0,0,34,0,34,0,16,55,0,71,58,0,58,129
05/16/2003,COU,MO,ACE,CE,Federal Contract Tower,0,10,29,0,39,0,0,19,2,21,0,10,48,2,60,6,18,24,84
05/17/2003,COU,MO,ACE,CE,Federal Contract Tower,0,3,23,3,29,0,0,12,0,12,0,3,35,3,41,6,0,6,47
05/18/2003,COU,MO,ACE,CE,Federal Contract Tower,0,10,20,5,35,0,0,20,0,20,0,10,40,5,55,0,0,0,55
05/19/2003,COU,MO,ACE,CE,Federal Contract Tower,0,14,21,0,35,0,0,31,4,35,0,14,52,4,70,46,16,62,132
05/20/2003,COU,MO,ACE,CE,Federal Contract Tower,0,13,33,1,47,0,0,20,2,22,0,13,53,3,69,57,4,61,130
05/21/2003,COU,MO,ACE,CE,Federal Contract Tower,0,13,27,0,40,0,0,36,4,40,0,13,63,4,80,72,8,80,160
05/22/2003,COU,MO,ACE,CE,Federal Contract Tower,0,14,18,5,37,0,0,36,7,43,0,14,54,12,80,57,46,103,183
05/23/2003,COU,MO,ACE,CE,Federal Contract Tower,0,12,12,3,27,0,0,37,32,69,0,12,49,35,96,50,58,108,204
05/24/2003,COU,MO,ACE,CE,Federal Contract Tower,0,2,7,0,9,0,0,6,28,34,0,2,13,28,43,42,20,62,105
05/25/2003,COU,MO,ACE,CE,Federal Contract Tower,0,2,5,2,9,0,0,25,75,100,0,2,30,77,109,10,54,64,173
05/26/2003,COU,MO,ACE,CE,Federal Contract Tower,0,6,12,3,21,0,0,77,27,104,0,6,89,30,125,18,14,32,157
05/27/2003,COU,MO,ACE,CE,Federal Contract Tower,0,12,24,2,38,0,0,46,0,46,0,12,70,2,84,110,0,110,194
05/28/2003,COU,MO,ACE,CE,Federal Contract Tower,0,11,19,0,30,0,0,15,0,15,0,11,34,0,45,36,4,40,85
05/29/2003,COU,MO,ACE,CE,Federal Contract Tower,0,9,28,0,37,0,0,33,0,33,0,9,61,0,70,82,0,82,152
05/30/2003,COU,MO,ACE,CE,Federal Contract Tower,0,12,31,0,43,0,0,59,4,63,0,12,90,4,106,48,0,48,154
05/31/2003,COU,MO,ACE,CE,Federal Contract Tower,0,2,17,5,24,0,0,34,11,45,0,2,51,16,69,34,22,56,125
06/01/2003,COU,MO,ACE,CE,Federal Contract Tower,0,9,6,3,18,0,0,40,2,42,0,9,46,5,60,12,0,12,72
06/02/2003,COU,MO,ACE,CE,Federal Contract Tower,0,9,10,0,19,0,0,18,0,18,0,9,28,0,37,10,0,10,47
06/03/2003,COU,MO,ACE,CE,Federal Contract Tower,0,15,34,2,51,0,0,24,0,24,0,15,58,2,75,14,14,28,103
06/04/2003,COU,MO,ACE,CE,Federal Contract Tower,0,9,28,0,37,0,0,36,0,36,0,9,64,0,73,75,0,75,148
06/05/2003,COU,MO,ACE,CE,Federal Contract Tower,0,10,32,1,43,0,0,43,0,43,0,10,75,1,86,24,0,24,110
06/06/2003,COU,MO,ACE,CE,Federal Contract Tower,0,7,24,0,31,0,0,19,0,19,0,7,43,0,50,16,0,16,66
06/07/2003,COU,MO,ACE,CE,Federal Contract Tower,2,2,18,0,22,0,0,46,0,46,2,2,64,0,68,6,0,6,74
06/08/2003,COU,MO,ACE,CE,Federal Contract Tower,0,6,19,0,25,0,0,13,2,15,0,6,32,2,40,6,0,6,46
06/09/2003,COU,MO,ACE,CE,Federal Contract Tower,0,9,16,0,25,0,0,64,4,68,0,9,80,4,93,36,50,86,179
06/10/2003,COU,MO,ACE,CE,Federal Contract Tower,0,15,16,0,31,0,0,9,0,9,0,15,25,0,40,26,0,26,66
06/11/2003,COU,MO,ACE,CE,Federal Contract Tower,0,7,20,0,27,0,0,21,10,31,0,7,41,10,58,12,36,48,106
06/12/2003,COU,MO,ACE,CE,Federal Contract Tower,1,9,25,0,35,0,0,23,0,23,1,9,48,0,58,32,2,34,92
06/13/2003,COU,MO,ACE,CE,Federal Contract Tower,0,8,26,0,34,0,0,28,0,28,0,8,54,0,62,38,4,42,104
06/14/2003,COU,MO,ACE,CE,Federal Contract Tower,0,2,14,0,16,0,0,26,0,26,0,2,40,0,42,6,0,6,48
06/15/2003,COU,MO,ACE,CE,Federal Contract Tower,0,5,12,2,19,0,0,24,0,24,0,5,36,2,43,10,0,10,53
06/16/2003,COU,MO,ACE,CE,Federal Contract Tower,0,9,23,0,32,0,0,26,2,28,0,9,49,2,60,58,2,60,120
06/17/2003,COU,MO,ACE,CE,Federal Contract Tower,0,7,23,0,30,0,0,24,0,24,0,7,47,0,54,40,0,40,94
06/18/2003,COU,MO,ACE,CE,Federal Contract Tower,0,6,41,0,47,0,2,35,2,39,0,8,76,2,86,54,0,54,140
06/19/2003,COU,MO,ACE,CE,Federal Contract Tower,0,10,32,2,44,0,0,42,0,42,0,10,74,2,86,51,0,51,137
06/20/2003,COU,MO,ACE,CE,Federal Contract Tower,0,11,32,2,45,0,0,50,4,54,0,11,82,6,99,50,4,54,153
06/21/2003,COU,MO,ACE,CE,Federal Contract Tower,0,5,22,2,29,0,0,33,0,33,0,5,55,2,62,12,0,12,74
06/22/2003,COU,MO,ACE,CE,Federal Contract Tower,0,10,12,2,24,0,0,46,2,48,0,10,58,4,72,11,4,15,87
06/23/2003,COU,MO,ACE,CE,Federal Contract Tower,0,12,30,0,42,0,3,36,0,39,0,15,66,0,81,71,0,71,152
06/24/2003,COU,MO,ACE,CE,Federal Contract Tower,0,8,21,0,29,0,0,32,0,32,0,8,53,0,61,46,0,46,107
06/25/2003,COU,MO,ACE,CE,Federal Contract Tower,0,7,11,0,18,0,0,17,0,17,0,7,28,0,35,22,0,22,57
06/26/2003,COU,MO,ACE,CE,Federal Contract Tower,0,7,20,2,29,0,0,39,0,39,0,7,59,2,68,60,0,60,128
06/27/2003,COU,MO,ACE,CE,Federal Contract Tower,0,8,30,0,38,0,0,40,4,44,0,8,70,4,82,48,30,78,160
06/28/2003,COU,MO,ACE,CE,Federal Contract Tower,0,5,7,2,14,0,0,25,4,29,0,5,32,6,43,16,0,16,59
06/29/2003,COU,MO,ACE,CE,Federal Contract Tower,0,6,16,0,22,0,0,33,0,33,0,6,49,0,55,20,0,20,75
06/30/2003,COU,MO,ACE,CE,Federal Contract Tower,0,19,14,0,33,0,0,31,0,31,0,19,45,0,64,78,0,78,142
07/01/2003,COU,MO,ACE,CE,Federal Contract Tower,0,7,14,0,21,0,0,19,0,19,0,7,33,0,40,34,0,34,74
07/02/2003,COU,MO,ACE,CE,Federal Contract Tower,0,7,17,2,26,0,0,43,2,45,0,7,60,4,71,40,2,42,113
07/03/2003,COU,MO,ACE,CE,Federal Contract Tower,0,8,32,0,40,0,0,38,0,38,0,8,70,0,78,46,0,46,124
07/04/2003,COU,MO,ACE,CE,Federal Contract Tower,0,4,11,0,15,0,0,31,0,31,0,4,42,0,46,21,0,21,67
07/05/2003,COU,MO,ACE,CE,Federal Contract Tower,0,4,20,0,24,0,0,24,0,24,0,4,44,0,48,23,0,23,71
07/06/2003,COU,MO,ACE,CE,Federal Contract Tower,0,9,14,0,23,0,0,25,0,25,0,9,39,0,48,0,0,0,48
07/07/2003,COU,MO,ACE,CE,Federal Contract Tower,0,10,24,0,34,0,0,25,0,25,0,10,49,0,59,67,0,67,126
07/08/2003,COU,MO,ACE,CE,Federal Contract Tower,0,9,18,0,27,0,0,35,2,37,0,9,53,2,64,61,14,75,139
07/09/2003,COU,MO,ACE,CE,Federal Contract Tower,0,9,17,0,26,0,0,40,0,40,0,9,57,0,66,40,0,40,106
07/10/2003,COU,MO,ACE,CE,Federal Contract Tower,0,12,18,0,30,0,0,20,0,20,0,12,38,0,50,32,0,32,82
07/11/2003,COU,MO,ACE,CE,Federal Contract Tower,0,8,16,0,24,0,0,36,0,36,0,8,52,0,60,16,0,16,76
07/12/2003,COU,MO,ACE,CE,Federal Contract Tower,0,5,24,0,29,0,0,32,0,32,0,5,56,0,61,48,0,48,109
07/13/2003,COU,MO,ACE,CE,Federal Contract Tower,0,6,12,4,22,0,0,67,4,71,0,6,79,8,93,28,22,50,143
07/14/2003,COU,MO,ACE,CE,Federal Contract Tower,0,10,13,2,25,0,0,51,0,51,0,10,64,2,76,52,0,52,128
07/15/2003,COU,MO,ACE,CE,Federal Contract Tower,0,10,26,0,36,0,0,26,0,26,0,10,52,0,62,12,0,12,74
07/16/2003,COU,MO,ACE,CE,Federal Contract Tower,0,10,25,0,35,0,0,31,6,37,0,10,56,6,72,44,16,60,132
07/17/2003,COU,MO,ACE,CE,Federal Contract Tower,0,8,25,0,33,0,0,13,0,13,0,8,38,0,46,10,0,10,56
07/18/2003,COU,MO,ACE,CE,Federal Contract Tower,0,21,28,0,49,0,0,41,0,41,0,21,69,0,90,42,0,42,132
07/19/2003,COU,MO,ACE,CE,Federal Contract Tower,0,7,20,0,27,0,0,34,0,34,0,7,54,0,61,17,0,17,78
07/20/2003,COU,MO,ACE,CE,Federal Contract Tower,0,6,12,0,18,0,0,39,0,39,0,6,51,0,57,33,0,33,90
07/21/2003,COU,MO,ACE,CE,Federal Contract Tower,0,10,30,0,40,0,0,41,0,41,0,10,71,0,81,47,0,47,128
07/22/2003,COU,MO,ACE,CE,Federal Contract Tower,0,8,19,0,27,0,0,34,4,38,0,8,53,4,65,33,18,51,116
07/23/2003,COU,MO,ACE,CE,Federal Contract Tower,0,8,30,0,38,0,1,51,6,58,0,9,81,6,96,89,12,101,197
07/24/2003,COU,MO,ACE,CE,Federal Contract Tower,0,9,25,0,34,0,0,51,0,51,0,9,76,0,85,60,0,60,145
07/25/2003,COU,MO,ACE,CE,Federal Contract Tower,0,7,15,4,26,0,0,63,2,65,0,7,78,6,91,38,10,48,139
07/26/2003,COU,MO,ACE,CE,Federal Contract Tower,0,4,10,0,14,0,0,18,0,18,0,4,28,0,32,4,0,4,36
07/27/2003,COU,MO,ACE,CE,Federal Contract Tower,0,10,13,1,24,0,0,33,0,33,0,10,46,1,57,16,0,16,73
07/28/2003,COU,MO,ACE,CE,Federal Contract Tower,0,10,15,5,30,0,0,50,1,51,0,10,65,6,81,32,8,40,121
07/29/2003,COU,MO,ACE,CE,Federal Contract Tower,0,10,33,0,43,0,0,37,2,39,0,10,70,2,82,58,22,80,162
07/30/2003,COU,MO,ACE,CE,Federal Contract Tower,0,11,25,0,36,0,0,58,0,58,0,11,83,0,94,112,0,112,206
07/31/2003,COU,MO,ACE,CE,Federal Contract Tower,0,8,25,1,34,0,0,52,3,55,0,8,77,4,89,26,16,42,131
08/01/2003,COU,MO,ACE,CE,Federal Contract Tower,0,7,25,0,32,0,1,42,2,45,0,8,67,2,77,52,14,66,143
08/02/2003,COU,MO,ACE,CE,Federal Contract Tower,0,4,9,0,13,0,0,20,0,20,0,4,29,0,33,6,0,6,39
08/03/2003,COU,MO,ACE,CE,Federal Contract Tower,0,8,15,0,23,0,0,50,0,50,0,8,65,0,73,17,0,17,90
08/04/2003,COU,MO,ACE,CE,Federal Contract Tower,0,10,20,0,30,0,0,57,0,57,0,10,77,0,87,59,0,59,146
08/05/2003,COU,MO,ACE,CE,Federal Contract Tower,0,10,21,0,31,0,0,31,0,31,0,10,52,0,62,26,0,26,88
08/06/2003,COU,MO,ACE,CE,Federal Contract Tower,0,9,25,0,34,0,0,40,0,40,0,9,65,0,74,49,0,49,123
08/07/2003,COU,MO,ACE,CE,Federal Contract Tower,2,10,30,0,42,0,0,41,0,41,2,10,71,0,83,27,0,27,110
08/08/2003,COU,MO,ACE,CE,Federal Contract Tower,0,13,14,0,27,0,0,57,0,57,0,13,71,0,84,56,0,56,140
08/09/2003,COU,MO,ACE,CE,Federal Contract Tower,0,4,8,0,12,0,0,49,0,49,0,4,57,0,61,6,0,6,67
08/10/2003,COU,MO,ACE,CE,Federal Contract Tower,0,6,10,0,16,0,0,52,0,52,0,6,62,0,68,24,0,24,92
08/11/2003,COU,MO,ACE,CE,Federal Contract Tower,0,11,27,0,38,0,0,46,0,46,0,11,73,0,84,42,0,42,126
08/12/2003,COU,MO,ACE,CE,Federal Contract Tower,0,7,31,0,38,0,0,28,0,28,0,7,59,0,66,24,0,24,90
08/13/2003,COU,MO,ACE,CE,Federal Contract Tower,0,10,24,0,34,0,0,18,0,18,0,10,42,0,52,12,0,12,64
08/14/2003,COU,MO,ACE,CE,Federal Contract Tower,0,9,18,0,27,0,0,17,0,17,0,9,35,0,44,12,0,12,56
08/15/2003,COU,MO,ACE,CE,Federal Contract Tower,0,10,19,1,30,0,0,59,4,63,0,10,78,5,93,22,20,42,135
08/16/2003,COU,MO,ACE,CE,Federal Contract Tower,0,9,20,1,30,0,0,35,0,35,0,9,55,1,65,24,0,24,89
08/17/2003,COU,MO,ACE,CE,Federal Contract Tower,0,8,15,0,23,0,0,32,0,32,0,8,47,0,55,16,0,16,71
08/18/2003,COU,MO,ACE,CE,Federal Contract Tower,0,14,20,2,36,0,0,35,0,35,0,14,55,2,71,33,0,33,104
08/19/2003,COU,MO,ACE,CE,Federal Contract Tower,0,13,20,0,33,0,0,25,0,25,0,13,45,0,58,25,12,37,95
08/20/2003,COU,MO,ACE,CE,Federal Contract Tower,2,9,21,0,32,0,2,29,0,31,2,11,50,0,63,44,0,44,107
08/21/2003,COU,MO,ACE,CE,Federal Contract Tower,0,15,25,0,40,0,0,26,2,28,0,15,51,2,68,43,17,60,128
08/22/2003,COU,MO,ACE,CE,Federal Contract Tower,0,9,19,4,32,0,0,60,1,61,0,9,79,5,93,72,0,72,165
08/23/2003,COU,MO,ACE,CE,Federal Contract Tower,0,4,19,17,40,0,0,58,19,77,0,4,77,36,117,34,6,40,157
08/24/2003,COU,MO,ACE,CE,Federal Contract Tower,0,10,19,0,29,0,0,34,0,34,0,10,53,0,63,6,0,6,69
08/25/2003,COU,MO,ACE,CE,Federal Contract Tower,0,12,14,0,26,0,0,31,4,35,0,12,45,4,61,42,22,64,125
08/26/2003,COU,MO,ACE,CE,Federal Contract Tower,0,12,27,0,39,0,0,33,0,33,0,12,60,0,72,54,0,54,126
08/27/2003,COU,MO,ACE,CE,Federal Contract Tower,0,9,30,0,39,0,0,35,0,35,0,9,65,0,74,10,0,10,84
08/28/2003,COU,MO,ACE,CE,Federal Contract Tower,0,9,18,0,27,0,0,47,0,47,0,9,65,0,74,14,0,14,88
08/29/2003,COU,MO,ACE,CE,Federal Contract Tower,0,10,22,0,32,0,0,29,3,32,0,10,51,3,64,16,2,18,82
08/30/2003,COU,MO,ACE,CE,Federal Contract Tower,0,5,19,0,24,0,0,15,0,15,0,5,34,0,39,12,0,12,51
08/31/2003,COU,MO,ACE,CE,Federal Contract Tower,0,7,6,0,13,0,0,0,0,0,0,7,6,0,13,0,0,0,13
09/01/2003,COU,MO,ACE,CE,Federal Contract Tower,0,5,16,1,22,0,0,1,0,1,0,5,17,1,23,0,0,0,23
09/02/2003,COU,MO,ACE,CE,Federal Contract Tower,0,11,34,5,50,0,0,19,0,19,0,11,53,5,69,23,0,23,92
09/03/2003,COU,MO,ACE,CE,Federal Contract Tower,2,9,26,0,37,0,0,39,6,45,2,9,65,6,82,35,0,35,117
09/04/2003,COU,MO,ACE,CE,Federal Contract Tower,0,10,29,0,39,0,0,49,0,49,0,10,78,0,88,26,0,26,114
09/05/2003,COU,MO,ACE,CE,Federal Contract Tower,0,14,29,1,44,2,2,48,3,55,2,16,77,4,99,47,14,61,160
09/06/2003,COU,MO,ACE,CE,Federal Contract Tower,0,5,15,0,20,1,0,46,0,47,1,5,61,0,67,26,0,26,93
09/07/2003,COU,MO,ACE,CE,Federal Contract Tower,0,15,7,2,24,0,0,69,2,71,0,15,76,4,95,6,6,12,107
09/08/2003,COU,MO,ACE,CE,Federal Contract Tower,0,10,14,0,24,0,0,22,0,22,0,10,36,0,46,20,0,20,66
09/09/2003,COU,MO,ACE,CE,Federal Contract Tower,0,12,25,2,39,0,0,38,2,40,0,12,63,4,79,48,0,48,127
09/10/2003,COU,MO,ACE,CE,Federal Contract Tower,0,10,34,0,44,0,0,44,0,44,0,10,78,0,88,26,0,26,114
09/11/2003,COU,MO,ACE,CE,Federal Contract Tower,0,10,23,0,33,0,0,24,0,24,0,10,47,0,57,14,0,14,71
09/12/2003,COU,MO,ACE,CE,Federal Contract Tower,0,8,21,1,30,0,0,11,3,14,0,8,32,4,44,6,12,18,62
09/13/2003,COU,MO,ACE,CE,Federal Contract Tower,0,3,29,0,32,0,0,16,0,16,0,3,45,0,48,0,0,0,48
09/14/2003,COU,MO,ACE,CE,Federal Contract Tower,0,7,30,0,37,0,0,47,7,54,0,7,77,7,91,4,20,24,115
09/15/2003,COU,MO,ACE,CE,Federal Contract Tower,0,12,18,0,30,0,0,24,0,24,0,12,42,0,54,20,0,20,74
09/16/2003,COU,MO,ACE,CE,Federal Contract Tower,0,10,18,0,28,0,0,48,2,50,0,10,66,2,78,46,2,48,126
09/17/2003,COU,MO,ACE,CE,Federal Contract Tower,0,12,18,0,30,0,0,63,0,63,0,12,81,0,93,37,0,37,130
09/18/2003,COU,MO,ACE,CE,Federal Contract Tower,0,13,25,0,38,0,0,24,2,26,0,13,49,2,64,34,0,34,98
09/19/2003,COU,MO,ACE,CE,Federal Contract Tower,2,10,35,2,49,0,1,47,2,50,2,11,82,4,99,47,0,47,146
09/20/2003,COU,MO,ACE,CE,Federal Contract Tower,0,8,30,0,38,0,0,42,0,42,0,8,72,0,80,0,0,0,80
09/21/2003,COU,MO,ACE,CE,Federal Contract Tower,0,6,17,3,26,0,0,15,1,16,0,6,32,4,42,0,0,0,42
09/22/2003,COU,MO,ACE,CE,Federal Contract Tower,0,13,15,0,28,0,0,37,0,37,0,13,52,0,65,18,0,18,83
09/23/2003,COU,MO,ACE,CE,Federal Contract Tower,0,10,13,0,23,0,0,49,0,49,0,10,62,0,72,46,0,46,118
09/24/2003,COU,MO,ACE,CE,Federal Contract Tower,0,14,25,0,39,0,0,38,0,38,0,14,63,0,77,8,0,8,85
09/25/2003,COU,MO,ACE,CE,Federal Contract Tower,0,10,29,0,39,0,0,59,0,59,0,10,88,0,98,22,0,22,120
09/26/2003,COU,MO,ACE,CE,Federal Contract Tower,0,10,27,0,37,0,0,20,4,24,0,10,47,4,61,6,0,6,67
09/27/2003,COU,MO,ACE,CE,Federal Contract Tower,0,3,9,0,12,0,0,89,0,89,0,3,98,0,101,18,0,18,119
09/28/2003,COU,MO,ACE,CE,Federal Contract Tower,0,8,20,0,28,0,2,28,0,30,0,10,48,0,58,20,0,20,78
09/29/2003,COU,MO,ACE,CE,Federal Contract Tower,0,13,22,0,35,0,2,26,0,28,0,15,48,0,63,18,2,20,83
09/30/2003,COU,MO,ACE,CE,Federal Contract Tower,0,11,15,0,26,0,0,8,0,8,0,11,23,0,34,10,0,10,44
10/01/2003,COU,MO,ACE,CE,Federal Contract Tower,0,11,28,0,39,0,7,22,2,31,0,18,50,2,70,10,16,26,96
10/02/2003,COU,MO,ACE,CE,Federal Contract Tower,0,13,33,0,46,0,2,44,2,48,0,15,77,2,94,21,0,21,115
10/03/2003,COU,MO,ACE,CE,Federal Contract Tower,0,12,32,0,44,0,0,19,7,26,0,12,51,7,70,19,2,21,91
10/04/2003,COU,MO,ACE,CE,Federal Contract Tower,0,4,15,0,19,0,0,37,10,47,0,4,52,10,66,26,0,26,92
10/05/2003,COU,MO,ACE,CE,Federal Contract Tower,0,7,19,0,26,0,1,23,4,28,0,8,42,4,54,6,0,6,60
10/06/2003,COU,MO,ACE,CE,Federal Contract Tower,0,8,21,0,29,0,5,37,2,44,0,13,58,2,73,38,14,52,125
10/07/2003,COU,MO,ACE,CE,Federal Contract Tower,0,12,28,0,40,0,2,42,0,44,0,14,70,0,84,14,2,16,100
10/08/2003,COU,MO,ACE,CE,Federal Contract Tower,0,9,21,0,30,0,0,31,0,31,0,9,52,0,61,4,0,4,65
10/09/2003,COU,MO,ACE,CE,Federal Contract Tower,0,9,44,0,53,0,0,13,0,13,0,9,57,0,66,4,0,4,70
10/10/2003,COU,MO,ACE,CE,Federal Contract Tower,0,12,36,0,48,2,0,29,0,31,2,12,65,0,79,4,0,4,83
10/11/2003,COU,MO,ACE,CE,Federal Contract Tower,0,5,42,0,47,0,0,80,0,80,0,5,122,0,127,0,0,0,127
10/12/2003,COU,MO,ACE,CE,Federal Contract Tower,0,6,21,0,27,0,0,87,0,87,0,6,108,0,114,36,0,36,150
10/13/2003,COU,MO,ACE,CE,Federal Contract Tower,0,10,24,1,35,0,2,45,1,48,0,12,69,2,83,28,0,28,111
10/14/2003,COU,MO,ACE,CE,Federal Contract Tower,0,8,30,0,38,0,0,29,0,29,0,8,59,0,67,10,0,10,77
10/15/2003,COU,MO,ACE,CE,Federal Contract Tower,0,12,27,0,39,0,4,40,0,44,0,16,67,0,83,40,0,40,123
10/16/2003,COU,MO,ACE,CE,Federal Contract Tower,0,11,30,1,42,0,0,30,1,31,0,11,60,2,73,26,0,26,99
10/17/2003,COU,MO,ACE,CE,Federal Contract Tower,0,11,27,1,39,2,0,40,1,43,2,11,67,2,82,16,14,30,112
10/18/2003,COU,MO,ACE,CE,Federal Contract Tower,0,3,12,0,15,0,0,77,0,77,0,3,89,0,92,33,0,33,125
10/19/2003,COU,MO,ACE,CE,Federal Contract Tower,0,9,23,0,32,0,5,37,0,42,0,14,60,0,74,21,0,21,95
10/20/2003,COU,MO,ACE,CE,Federal Contract Tower,0,8,19,0,27,0,3,30,0,33,0,11,49,0,60,23,0,23,83
10/21/2003,COU,MO,ACE,CE,Federal Contract Tower,0,14,34,0,48,0,4,26,9,39,0,18,60,9,87,31,34,65,152
10/22/2003,COU,MO,ACE,CE,Federal Contract Tower,0,11,26,0,37,0,1,22,2,25,0,12,48,2,62,28,14,42,104
10/23/2003,COU,MO,ACE,CE,Federal Contract Tower,0,10,30,0,40,0,0,50,2,52,0,10,80,2,92,14,4,18,110
10/24/2003,COU,MO,ACE,CE,Federal Contract Tower,0,8,24,0,32,2,0,43,4,49,2,8,67,4,81,30,12,42,123
10/25/2003,COU,MO,ACE,CE,Federal Contract Tower,0,6,19,0,25,2,0,8,2,12,2,6,27,2,37,0,0,0,37
10/26/2003,COU,MO,ACE,CE,Federal Contract Tower,0,7,19,0,26,0,0,39,0,39,0,7,58,0,65,18,0,18,83
10/27/2003,COU,MO,ACE,CE,Federal Contract Tower,0,15,35,0,50,0,2,62,4,68,0,17,97,4,118,24,0,24,142
10/28/2003,COU,MO,ACE,CE,Federal Contract Tower,0,11,28,0,39,0,0,23,2,25,0,11,51,2,64,32,8,40,104
10/29/2003,COU,MO,ACE,CE,Federal Contract Tower,0,10,26,0,36,0,1,41,2,44,0,11,67,2,80,38,6,44,124
10/30/2003,COU,MO,ACE,CE,Federal Contract Tower,0,14,34,0,48,0,5,22,2,29,0,19,56,2,77,28,0,28,105
10/31/2003,COU,MO,ACE,CE,Federal Contract Tower,0,11,27,0,38,0,1,13,0,14,0,12,40,0,52,16,0,16,68
11/01/2003,COU,MO,ACE,CE,Federal Contract Tower,0,3,11,0,14,0,0,2,0,2,0,3,13,0,16,2,0,2,18
11/02/2003,COU,MO,ACE,CE,Federal Contract Tower,0,5,23,0,28,0,0,50,2,52,0,5,73,2,80,17,2,19,99
11/03/2003,COU,MO,ACE,CE,Federal Contract Tower,0,2,11,0,13,0,3,22,2,27,0,5,33,2,40,16,18,34,74
11/04/2003,COU,MO,ACE,CE,Federal Contract Tower,0,4,18,0,22,0,3,20,0,23,0,7,38,0,45,10,0,10,55
11/05/2003,COU,MO,ACE,CE,Federal Contract Tower,0,7,25,0,32,0,0,24,0,24,0,7,49,0,56,16,0,16,72
11/06/2003,COU,MO,ACE,CE,Federal Contract Tower,0,7,26,0,33,0,2,14,0,16,0,9,40,0,49,36,0,36,85
11/07/2003,COU,MO,ACE,CE,Federal Contract Tower,1,5,21,0,27,2,0,37,2,41,3,5,58,2,68,16,20,36,104
11/08/2003,COU,MO,ACE,CE,Federal Contract Tower,1,3,24,0,28,1,0,25,15,41,2,3,49,15,69,10,16,26,95
11/09/2003,COU,MO,ACE,CE,Federal Contract Tower,0,3,15,0,18,0,2,50,2,54,0,5,65,2,72,12,0,12,84
11/10/2003,COU,MO,ACE,CE,Federal Contract Tower,0,7,27,0,34,0,0,7,2,9,0,7,34,2,43,22,0,22,65
11/11/2003,COU,MO,ACE,CE,Federal Contract Tower,0,4,15,0,19,0,0,16,4,20,0,4,31,4,39,0,0,0,39
11/12/2003,COU,MO,ACE,CE,Federal Contract Tower,0,8,27,0,35,0,2,33,0,35,0,10,60,0,70,18,0,18,88
11/13/2003,COU,MO,ACE,CE,Federal Contract Tower,0,3,20,0,23,0,0,28,0,28,0,3,48,0,51,32,0,32,83
11/14/2003,COU,MO,ACE,CE,Federal Contract Tower,1,4,17,0,22,0,0,19,0,19,1,4,36,0,41,8,0,8,49
11/15/2003,COU,MO,ACE,CE,Federal Contract Tower,1,6,28,0,35,1,0,8,4,13,2,6,36,4,48,12,0,12,60
11/16/2003,COU,MO,ACE,CE,Federal Contract Tower,0,7,25,0,32,0,0,19,1,20,0,7,44,1,52,14,0,14,66
11/17/2003,COU,MO,ACE,CE,Federal Contract Tower,0,3,10,0,13,0,5,0,0,5,0,8,10,0,18,2,0,2,20
11/18/2003,COU,MO,ACE,CE,Federal Contract Tower,0,6,18,1,25,0,5,8,5,18,0,11,26,6,43,12,0,12,55
11/19/2003,COU,MO,ACE,CE,Federal Contract Tower,0,5,23,0,28,1,0,30,0,31,1,5,53,0,59,33,0,33,92
11/20/2003,COU,MO,ACE,CE,Federal Contract Tower,0,8,27,1,36,1,2,29,1,33,1,10,56,2,69,28,0,28,97
11/21/2003,COU,MO,ACE,CE,Federal Contract Tower,0,3,24,0,27,3,0,43,0,46,3,3,67,0,73,42,0,42,115
11/22/2003,COU,MO,ACE,CE,Federal Contract Tower,0,5,14,0,19,0,21,22,0,43,0,26,36,0,62,10,0,10,72
11/23/2003,COU,MO,ACE,CE,Federal Contract Tower,0,3,11,0,14,0,1,7,0,8,0,4,18,0,22,2,0,2,24
11/24/2003,COU,MO,ACE,CE,Federal Contract Tower,0,4,13,1,18,0,1,42,1,44,0,5,55,2,62,13,18,31,93
11/25/2003,COU,MO,ACE,CE,Federal Contract Tower,0,6,24,0,30,0,0,42,0,42,0,6,66,0,72,14,0,14,86
11/26/2003,COU,MO,ACE,CE,Federal Contract Tower,0,5,23,0,28,0,0,25,0,25,0,5,48,0,53,26,0,26,79
11/27/2003,COU,MO,ACE,CE,Federal Contract Tower,0,2,6,0,8,0,2,10,0,12,0,4,16,0,20,10,0,10,30
11/28/2003,COU,MO,ACE,CE,Federal Contract Tower,0,0,3,0,3,2,2,22,0,26,2,2,25,0,29,18,0,18,47
11/29/2003,COU,MO,ACE,CE,Federal Contract Tower,0,8,27,0,35,2,13,38,0,53,2,21,65,0,88,22,0,22,110
11/30/2003,COU,MO,ACE,CE,Federal Contract Tower,0,6,20,0,26,0,0,52,0,52,0,6,72,0,78,10,2,12,90
12/01/2003,COU,MO,ACE,CE,Federal Contract Tower,0,4,20,0,24,0,2,16,2,20,0,6,36,2,44,15,14,29,73
12/02/2003,COU,MO,ACE,CE,Federal Contract Tower,0,6,30,0,36,0,0,29,2,31,0,6,59,2,67,29,21,50,117
12/03/2003,COU,MO,ACE,CE,Federal Contract Tower,0,5,16,0,21,0,1,3,0,4,0,6,19,0,25,10,0,10,35
12/04/2003,COU,MO,ACE,CE,Federal Contract Tower,1,7,23,0,31,1,0,0,1,2,2,7,23,1,33,4,0,4,37
12/05/2003,COU,MO,ACE,CE,Federal Contract Tower,1,3,29,0,33,1,0,14,0,15,2,3,43,0,48,10,0,10,58
12/06/2003,COU,MO,ACE,CE,Federal Contract Tower,0,4,19,0,23,0,0,4,0,4,0,4,23,0,27,2,0,2,29
12/07/2003,COU,MO,ACE,CE,Federal Contract Tower,0,3,12,0,15,0,2,16,4,22,0,5,28,4,37,4,0,4,41
12/08/2003,COU,MO,ACE,CE,Federal Contract Tower,0,4,14,0,18,0,3,44,2,49,0,7,58,2,67,54,16,70,137
12/09/2003,COU,MO,ACE,CE,Federal Contract Tower,0,6,21,0,27,0,1,9,0,10,0,7,30,0,37,6,0,6,43
12/10/2003,COU,MO,ACE,CE,Federal Contract Tower,0,4,18,0,22,0,0,0,0,0,0,4,18,0,22,0,0,0,22
12/11/2003,COU,MO,ACE,CE,Federal Contract Tower,0,6,19,0,25,0,1,34,4,39,0,7,53,4,64,16,24,40,104
12/12/2003,COU,MO,ACE,CE,Federal Contract Tower,0,3,12,0,15,0,2,36,6,44,0,5,48,6,59,16,22,38,97
12/13/2003,COU,MO,ACE,CE,Federal Contract Tower,0,0,2,0,2,0,1,0,0,1,0,1,2,0,3,0,0,0,3
12/14/2003,COU,MO,ACE,CE,Federal Contract Tower,1,4,12,0,17,1,0,0,3,4,2,4,12,3,21,0,4,4,25
12/15/2003,COU,MO,ACE,CE,Federal Contract Tower,0,7,26,1,34,0,5,13,1,19,0,12,39,2,53,8,14,22,75
12/16/2003,COU,MO,ACE,CE,Federal Contract Tower,0,5,19,0,24,0,6,5,0,11,0,11,24,0,35,12,0,12,47
12/17/2003,COU,MO,ACE,CE,Federal Contract Tower,0,8,29,1,38,0,0,39,3,42,0,8,68,4,80,28,20,48,128
12/18/2003,COU,MO,ACE,CE,Federal Contract Tower,0,7,22,1,30,0,5,21,1,27,0,12,43,2,57,26,9,35,92
12/19/2003,COU,MO,ACE,CE,Federal Contract Tower,0,7,24,1,32,0,3,35,1,39,0,10,59,2,71,16,23,39,110
12/20/2003,COU,MO,ACE,CE,Federal Contract Tower,0,8,29,0,37,1,3,53,2,59,1,11,82,2,96,37,12,49,145
12/21/2003,COU,MO,ACE,CE,Federal Contract Tower,0,7,26,0,33,2,3,25,0,30,2,10,51,0,63,12,0,12,75
12/22/2003,COU,MO,ACE,CE,Federal Contract Tower,0,5,17,0,22,0,3,9,0,12,0,8,26,0,34,14,0,14,48
12/23/2003,COU,MO,ACE,CE,Federal Contract Tower,0,5,20,0,25,0,4,20,0,24,0,9,40,0,49,12,0,12,61
12/24/2003,COU,MO,ACE,CE,Federal Contract Tower,0,1,5,0,6,0,0,29,0,29,0,1,34,0,35,19,0,19,54
12/25/2003,COU,MO,ACE,CE,Federal Contract Tower,0,0,3,0,3,0,3,13,0,16,0,3,16,0,19,2,0,2,21
12/26/2003,COU,MO,ACE,CE,Federal Contract Tower,0,3,19,0,22,0,0,29,0,29,0,3,48,0,51,26,0,26,77
12/27/2003,COU,MO,ACE,CE,Federal Contract Tower,0,18,40,0,58,0,0,0,0,0,0,18,40,0,58,18,0,18,76
12/28/2003,COU,MO,ACE,CE,Federal Contract Tower,0,3,14,0,17,0,2,11,0,13,0,5,25,0,30,8,0,8,38
12/29/2003,COU,MO,ACE,CE,Federal Contract Tower,0,5,17,0,22,2,1,35,0,38,2,6,52,0,60,28,0,28,88
12/30/2003,COU,MO,ACE,CE,Federal Contract Tower,0,6,23,0,29,6,3,19,0,28,6,9,42,0,57,10,0,10,67
12/31/2003,COU,MO,ACE,CE,Federal Contract Tower,0,4,19,0,23,0,0,52,0,52,0,4,71,0,75,11,0,11,86
01/01/2004,COU,MO,ACE,CE,Federal Contract Tower,1,4,16,0,21,5,0,7,0,12,6,4,23,0,33,0,0,0,33
01/02/2004,COU,MO,ACE,CE,Federal Contract Tower,1,6,14,0,21,0,2,16,0,18,1,8,30,0,39,11,0,11,50
01/03/2004,COU,MO,ACE,CE,Federal Contract Tower,1,6,13,0,20,0,0,14,0,14,1,6,27,0,34,12,0,12,46
01/04/2004,COU,MO,ACE,CE,Federal Contract Tower,1,6,13,0,20,2,0,1,1,4,3,6,14,1,24,0,0,0,24
01/05/2004,COU,MO,ACE,CE,Federal Contract Tower,0,8,18,0,26,1,3,12,0,16,1,11,30,0,42,0,0,0,42
01/06/2004,COU,MO,ACE,CE,Federal Contract Tower,0,6,14,0,20,0,6,21,0,27,0,12,35,0,47,2,0,2,49
01/07/2004,COU,MO,ACE,CE,Federal Contract Tower,0,5,15,0,20,0,0,43,0,43,0,5,58,0,63,16,0,16,79
01/08/2004,COU,MO,ACE,CE,Federal Contract Tower,0,3,9,0,12,0,2,20,0,22,0,5,29,0,34,4,0,4,38
01/09/2004,COU,MO,ACE,CE,Federal Contract Tower,0,5,12,0,17,0,0,16,0,16,0,5,28,0,33,10,0,10,43
01/10/2004,COU,MO,ACE,CE,Federal Contract Tower,2,4,17,1,24,0,0,34,1,35,2,4,51,2,59,20,12,32,91
01/11/2004,COU,MO,ACE,CE,Federal Contract Tower,0,3,6,1,10,0,4,38,2,44,0,7,44,3,54,28,10,38,92
01/12/2004,COU,MO,ACE,CE,Federal Contract Tower,0,9,17,0,26,0,2,28,0,30,0,11,45,0,56,36,0,36,92
01/13/2004,COU,MO,ACE,CE,Federal Contract Tower,0,8,15,0,23,0,2,25,0,27,0,10,40,0,50,24,0,24,74
01/14/2004,COU,MO,ACE,CE,Federal Contract Tower,0,5,15,0,20,0,0,38,0,38,0,5,53,0,58,22,0,22,80
01/15/2004,COU,MO,ACE,CE,Federal Contract Tower,0,11,24,0,35,0,2,37,0,39,0,13,61,0,74,26,0,26,100
01/16/2004,COU,MO,ACE,CE,Federal Contract Tower,2,11,25,2,40,0,0,6,6,12,2,11,31,8,52,6,4,10,62
01/17/2004,COU,MO,ACE,CE,Federal Contract Tower,0,4,10,0,14,2,0,1,0,3,2,4,11,0,17,0,0,0,17
01/18/2004,COU,MO,ACE,CE,Federal Contract Tower,0,9,17,0,26,2,2,17,0,21,2,11,34,0,47,34,0,34,81
01/19/2004,COU,MO,ACE,CE,Federal Contract Tower,0,8,14,0,22,2,0,54,0,56,2,8,68,0,78,38,0,38,116
01/20/2004,COU,MO,ACE,CE,Federal Contract Tower,0,8,17,1,26,0,3,14,3,20,0,11,31,4,46,42,4,46,92
01/21/2004,COU,MO,ACE,CE,Federal Contract Tower,0,7,18,0,25,0,0,22,0,22,0,7,40,0,47,30,0,30,77
01/22/2004,COU,MO,ACE,CE,Federal Contract Tower,0,7,17,0,24,0,0,32,0,32,0,7,49,0,56,32,2,34,90
01/23/2004,COU,MO,ACE,CE,Federal Contract Tower,0,9,17,1,27,0,1,38,0,39,0,10,55,1,66,22,18,40,106
01/24/2004,COU,MO,ACE,CE,Federal Contract Tower,0,9,17,1,27,0,22,32,7,61,0,31,49,8,88,24,4,28,116
01/25/2004,COU,MO,ACE,CE,Federal Contract Tower,0,1,3,0,4,1,0,0,0,1,1,1,3,0,5,0,0,0,5
01/26/2004,COU,MO,ACE,CE,Federal Contract Tower,0,4,2,0,6,0,6,0,0,6,0,10,2,0,12,0,0,0,12
01/27/2004,COU,MO,ACE,CE,Federal Contract Tower,2,6,18,0,26,1,0,15,0,16,3,6,33,0,42,0,0,0,42
01/28/2004,COU,MO,ACE,CE,Federal Contract Tower,0,9,22,1,32,0,0,34,7,41,0,9,56,8,73,44,0,44,117
01/29/2004,COU,MO,ACE,CE,Federal Contract Tower,0,8,15,0,23,0,1,4,0,5,0,9,19,0,28,12,0,12,40
01/30/2004,COU,MO,ACE,CE,Federal Contract Tower,0,6,17,0,23,0,0,14,4,18,0,6,31,4,41,40,12,52,93
01/31/2004,COU,MO,ACE,CE,Federal Contract Tower,0,3,13,0,16,1,0,40,0,41,1,3,53,0,57,47,0,47,104
02/01/2004,COU,MO,ACE,CE,Federal Contract Tower,0,2,9,0,11,0,3,6,0,9,0,5,15,0,20,6,0,6,26
02/02/2004,COU,MO,ACE,CE,Federal Contract Tower,0,6,13,0,19,0,3,0,0,3,0,9,13,0,22,0,0,0,22
02/03/2004,COU,MO,ACE,CE,Federal Contract Tower,0,8,18,0,26,0,1,23,2,26,0,9,41,2,52,36,0,36,88
02/04/2004,COU,MO,ACE,CE,Federal Contract Tower,0,7,17,0,24,0,0,30,0,30,0,7,47,0,54,26,0,26,80
02/05/2004,COU,MO,ACE,CE,Federal Contract Tower,0,4,5,0,9,0,2,0,0,2,0,6,5,0,11,0,0,0,11
02/06/2004,COU,MO,ACE,CE,Federal Contract Tower,0,10,22,0,32,0,4,7,0,11,0,14,29,0,43,0,0,0,43
02/07/2004,COU,MO,ACE,CE,Federal Contract Tower,0,6,13,0,19,0,2,9,0,11,0,8,22,0,30,0,0,0,30
02/08/2004,COU,MO,ACE,CE,Federal Contract Tower,0,8,17,0,25,0,3,33,0,36,0,11,50,0,61,15,0,15,76
02/09/2004,COU,MO,ACE,CE,Federal Contract Tower,0,9,20,0,29,0,3,22,0,25,0,12,42,0,54,50,0,50,104
02/10/2004,COU,MO,ACE,CE,Federal Contract Tower,0,9,23,1,33,0,0,45,1,46,0,9,68,2,79,28,2,30,109
02/11/2004,COU,MO,ACE,CE,Federal Contract Tower,0,5,21,0,26,1,0,37,0,38,1,5,58,0,64,16,0,16,80
02/12/2004,COU,MO,ACE,CE,Federal Contract Tower,0,8,26,0,34,2,0,24,0,26,2,8,50,0,60,26,0,26,86
02/13/2004,COU,MO,ACE,CE,Federal Contract Tower,0,8,32,0,40,1,0,43,6,50,1,8,75,6,90,20,0,20,110
02/14/2004,COU,MO,ACE,CE,Federal Contract Tower,0,4,12,0,16,0,6,62,0,68,0,10,74,0,84,21,0,21,105
02/15/2004,COU,MO,ACE,CE,Federal Contract Tower,0,7,26,0,33,1,0,31,0,32,1,7,57,0,65,16,0,16,81
02/16/2004,COU,MO,ACE,CE,Federal Contract Tower,0,11,28,0,39,0,0,25,0,25,0,11,53,0,64,40,0,40,104
02/17/2004,COU,MO,ACE,CE,Federal Contract Tower,0,9,24,0,33,0,5,21,0,26,0,14,45,0,59,19,0,19,78
02/18/2004,COU,MO,ACE,CE,Federal Contract Tower,0,6,21,0,27,0,0,37,4,41,0,6,58,4,68,30,28,58,126
02/19/2004,COU,MO,ACE,CE,Federal Contract Tower,0,8,21,0,29,0,1,19,0,20,0,9,40,0,49,26,0,26,75
02/20/2004,COU,MO,ACE,CE,Federal Contract Tower,0,6,23,0,29,0,0,5,0,5,0,6,28,0,34,2,0,2,36
02/21/2004,COU,MO,ACE,CE,Federal Contract Tower,0,6,20,0,26,0,0,32,1,33,0,6,52,1,59,28,0,28,87
02/22/2004,COU,MO,ACE,CE,Federal Contract Tower,0,7,26,0,33,0,0,29,1,30,0,7,55,1,63,2,0,2,65
02/23/2004,COU,MO,ACE,CE,Federal Contract Tower,0,10,26,0,36,0,2,26,0,28,0,12,52,0,64,46,0,46,110
02/24/2004,COU,MO,ACE,CE,Federal Contract Tower,0,6,16,0,22,0,0,30,6,36,0,6,46,6,58,20,26,46,104
02/25/2004,COU,MO,ACE,CE,Federal Contract Tower,0,8,29,0,37,0,0,44,0,44,0,8,73,0,81,28,0,28,109
02/26/2004,COU,MO,ACE,CE,Federal Contract Tower,0,8,19,0,27,1,6,40,2,49,1,14,59,2,76,16,10,26,102
02/27/2004,COU,MO,ACE,CE,Federal Contract Tower,0,6,17,0,23,0,1,55,0,56,0,7,72,0,79,24,0,24,103
02/28/2004,COU,MO,ACE,CE,Federal Contract Tower,0,3,14,0,17,0,0,36,0,36,0,3,50,0,53,10,0,10,63
02/29/2004,COU,MO,ACE,CE,Federal Contract Tower,0,6,19,0,25,0,0,12,0,12,0,6,31,0,37,15,0,15,52
03/01/2004,COU,MO,ACE,CE,Federal Contract Tower,0,7,18,0,25,0,0,3,0,3,0,7,21,0,28,0,0,0,28
03/02/2004,COU,MO,ACE,CE,Federal Contract Tower,0,11,28,0,39,0,4,15,4,23,0,15,43,4,62,16,2,18,80
03/03/2004,COU,MO,ACE,CE,Federal Contract Tower,0,8,21,0,29,0,0,11,0,11,0,8,32,0,40,0,0,0,40
03/04/2004,COU,MO,ACE,CE,Federal Contract Tower,0,6,11,0,17,0,7,0,0,7,0,13,11,0,24,0,0,0,24
03/05/2004,COU,MO,ACE,CE,Federal Contract Tower,0,13,29,0,42,0,0,25,4,29,0,13,54,4,71,16,18,34,105
03/06/2004,COU,MO,ACE,CE,Federal Contract Tower,0,6,16,0,22,0,0,52,4,56,0,6,68,4,78,46,2,48,126
03/07/2004,COU,MO,ACE,CE,Federal Contract Tower,0,7,20,0,27,0,0,27,0,27,0,7,47,0,54,0,0,0,54
03/08/2004,COU,MO,ACE,CE,Federal Contract Tower,1,9,20,0,30,1,9,0,2,12,2,18,20,2,42,26,2,28,70
03/09/2004,COU,MO,ACE,CE,Federal Contract Tower,0,11,24,0,35,0,11,19,4,34,0,22,43,4,69,28,24,52,121
03/10/2004,COU,MO,ACE,CE,Federal Contract Tower,1,16,36,0,53,0,5,29,0,34,1,21,65,0,87,22,0,22,109
03/11/2004,COU,MO,ACE,CE,Federal Contract Tower,1,5,20,0,26,2,0,31,0,33,3,5,51,0,59,120,0,120,179
03/12/2004,COU,MO,ACE,CE,Federal Contract Tower,0,10,21,0,31,0,3,59,2,64,0,13,80,2,95,28,0,28,123
03/13/2004,COU,MO,ACE,CE,Federal Contract Tower,0,7,18,0,25,0,0,30,8,38,0,7,48,8,63,10,0,10,73
03/14/2004,COU,MO,ACE,CE,Federal Contract Tower,1,11,25,0,37,1,0,40,2,43,2,11,65,2,80,0,0,0,80
03/15/2004,COU,MO,ACE,CE,Federal Contract Tower,1,12,24,0,37,2,2,8,0,12,3,14,32,0,49,0,0,0,49
03/16/2004,COU,MO,ACE,CE,Federal Contract Tower,0,8,20,0,28,0,0,31,0,31,0,8,51,0,59,13,0,13,72
03/17/2004,COU,MO,ACE,CE,Federal Contract Tower,1,8,24,0,33,0,0,28,0,28,1,8,52,0,61,14,0,14,75
03/18/2004,COU,MO,ACE,CE,Federal Contract Tower,1,6,19,0,26,2,0,23,0,25,3,6,42,0,51,27,0,27,78
03/19/2004,COU,MO,ACE,CE,Federal Contract Tower,1,10,24,0,35,1,0,54,0,55,2,10,78,0,90,27,0,27,117
03/20/2004,COU,MO,ACE,CE,Federal Contract Tower,0,2,14,1,17,0,0,15,1,16,0,2,29,2,33,2,0,2,35
03/21/2004,COU,MO,ACE,CE,Federal Contract Tower,0,5,11,0,16,2,9,16,0,27,2,14,27,0,43,6,0,6,49
03/22/2004,COU,MO,ACE,CE,Federal Contract Tower,0,7,14,0,21,0,2,30,0,32,0,9,44,0,53,26,0,26,79
03/23/2004,COU,MO,ACE,CE,Federal Contract Tower,0,6,13,0,19,0,0,11,0,11,0,6,24,0,30,0,0,0,30
03/24/2004,COU,MO,ACE,CE,Federal Contract Tower,0,7,17,0,24,0,0,31,0,31,0,7,48,0,55,23,0,23,78
03/25/2004,COU,MO,ACE,CE,Federal Contract Tower,0,10,25,0,35,0,0,16,0,16,0,10,41,0,51,34,0,34,85
03/26/2004,COU,MO,ACE,CE,Federal Contract Tower,0,7,19,0,26,3,0,1,0,4,3,7,20,0,30,8,0,8,38
03/27/2004,COU,MO,ACE,CE,Federal Contract Tower,0,6,15,0,21,0,1,36,0,37,0,7,51,0,58,16,0,16,74
03/28/2004,COU,MO,ACE,CE,Federal Contract Tower,0,9,20,0,29,2,0,12,0,14,2,9,32,0,43,4,0,4,47
03/29/2004,COU,MO,ACE,CE,Federal Contract Tower,0,13,27,0,40,0,5,32,2,39,0,18,59,2,79,28,0,28,107
03/30/2004,COU,MO,ACE,CE,Federal Contract Tower,0,10,24,0,34,0,0,28,0,28,0,10,52,0,62,17,0,17,79
03/31/2004,COU,MO,ACE,CE,Federal Contract Tower,0,6,25,0,31,0,0,33,0,33,0,6,58,0,64,26,0,26,90
04/01/2004,COU,MO,ACE,CE,Federal Contract Tower,1,10,25,0,36,1,4,37,0,42,2,14,62,0,78,21,0,21,99
04/02/2004,COU,MO,ACE,CE,Federal Contract Tower,0,10,26,0,36,0,4,42,0,46,0,14,68,0,82,24,0,24,106
04/03/2004,COU,MO,ACE,CE,Federal Contract Tower,0,4,12,0,16,0,1,44,0,45,0,5,56,0,61,34,0,34,95
04/04/2004,COU,MO,ACE,CE,Federal Contract Tower,0,5,14,0,19,0,2,55,0,57,0,7,69,0,76,24,0,24,100
04/05/2004,COU,MO,ACE,CE,Federal Contract Tower,0,8,23,0,31,0,3,32,0,35,0,11,55,0,66,20,0,20,86
04/06/2004,COU,MO,ACE,CE,Federal Contract Tower,0,7,31,0,38,0,0,46,0,46,0,7,77,0,84,10,0,10,94
04/07/2004,COU,MO,ACE,CE,Federal Contract Tower,0,6,18,0,24,0,3,51,0,54,0,9,69,0,78,18,0,18,96
04/08/2004,COU,MO,ACE,CE,Federal Contract Tower,0,7,27,0,34,1,0,45,0,46,1,7,72,0,80,38,0,38,118
04/09/2004,COU,MO,ACE,CE,Federal Contract Tower,0,9,23,1,33,0,0,43,1,44,0,9,66,2,77,16,0,16,93
04/10/2004,COU,MO,ACE,CE,Federal Contract Tower,0,4,10,1,15,0,1,25,1,27,0,5,35,2,42,14,16,30,72
04/11/2004,COU,MO,ACE,CE,Federal Contract Tower,0,6,13,0,19,0,4,32,0,36,0,10,45,0,55,16,0,16,71
04/12/2004,COU,MO,ACE,CE,Federal Contract Tower,0,11,24,0,35,0,0,33,0,33,0,11,57,0,68,16,0,16,84
04/13/2004,COU,MO,ACE,CE,Federal Contract Tower,0,8,19,0,27,0,5,29,0,34,0,13,48,0,61,24,0,24,85
04/14/2004,COU,MO,ACE,CE,Federal Contract Tower,0,7,30,1,38,0,0,50,3,53,0,7,80,4,91,37,0,37,128
04/15/2004,COU,MO,ACE,CE,Federal Contract Tower,0,12,31,0,43,0,0,38,0,38,0,12,69,0,81,25,0,25,106
04/16/2004,COU,MO,ACE,CE,Federal Contract Tower,0,9,35,1,45,0,0,41,3,44,0,9,76,4,89,20,17,37,126
04/17/2004,COU,MO,ACE,CE,Federal Contract Tower,0,2,18,1,21,0,0,30,1,31,0,2,48,2,52,15,0,15,67
04/18/2004,COU,MO,ACE,CE,Federal Contract Tower,0,6,22,1,29,0,0,19,3,22,0,6,41,4,51,11,0,11,62
04/19/2004,COU,MO,ACE,CE,Federal Contract Tower,0,7,18,0,25,0,2,31,0,33,0,9,49,0,58,48,0,48,106
04/20/2004,COU,MO,ACE,CE,Federal Contract Tower,0,7,18,0,25,0,2,9,0,11,0,9,27,0,36,12,0,12,48
04/21/2004,COU,MO,ACE,CE,Federal Contract Tower,0,8,21,1,30,0,0,60,0,60,0,8,81,1,90,54,2,56,146
04/22/2004,COU,MO,ACE,CE,Federal Contract Tower,0,7,25,0,32,0,0,29,5,34,0,7,54,5,66,8,0,8,74
04/23/2004,COU,MO,ACE,CE,Federal Contract Tower,0,7,21,0,28,2,0,1,2,5,2,7,22,2,33,10,0,10,43
04/24/2004,COU,MO,ACE,CE,Federal Contract Tower,0,7,10,0,17,0,10,0,0,10,0,17,10,0,27,0,0,0,27
04/25/2004,COU,MO,ACE,CE,Federal Contract Tower,0,8,19,0,27,0,7,55,2,64,0,15,74,2,91,22,0,22,113
04/26/2004,COU,MO,ACE,CE,Federal Contract Tower,0,9,23,0,32,2,2,32,1,37,2,11,55,1,69,18,0,18,87
04/27/2004,COU,MO,ACE,CE,Federal Contract Tower,0,8,19,0,27,0,0,63,1,64,0,8,82,1,91,60,0,60,151
04/28/2004,COU,MO,ACE,CE,Federal Contract Tower,0,8,21,0,29,0,0,19,0,19,0,8,40,0,48,24,0,24,72
04/29/2004,COU,MO,ACE,CE,Federal Contract Tower,0,8,24,0,32,0,0,8,0,8,0,8,32,0,40,36,0,36,76
04/30/2004,COU,MO,ACE,CE,Federal Contract Tower,0,10,24,0,34,0,4,2,0,6,0,14,26,0,40,14,0,14,54
05/01/2004,COU,MO,ACE,CE,Federal Contract Tower,0,3,9,0,12,0,0,22,0,22,0,3,31,0,34,15,0,15,49
05/02/2004,COU,MO,ACE,CE,Federal Contract Tower,0,5,15,0,20,0,2,22,0,24,0,7,37,0,44,13,0,13,57
05/03/2004,COU,MO,ACE,CE,Federal Contract Tower,0,8,25,2,35,0,2,52,2,56,0,10,77,4,91,21,2,23,114
05/04/2004,COU,MO,ACE,CE,Federal Contract Tower,0,6,21,2,29,0,12,31,0,43,0,18,52,2,72,24,24,48,120
05/05/2004,COU,MO,ACE,CE,Federal Contract Tower,0,8,25,2,35,0,0,56,1,57,0,8,81,3,92,12,20,32,124
05/06/2004,COU,MO,ACE,CE,Federal Contract Tower,0,10,21,0,31,0,1,64,0,65,0,11,85,0,96,54,0,54,150
05/07/2004,COU,MO,ACE,CE,Federal Contract Tower,0,10,21,0,31,0,1,45,0,46,0,11,66,0,77,36,0,36,113
05/08/2004,COU,MO,ACE,CE,Federal Contract Tower,0,5,11,0,16,0,6,94,0,100,0,11,105,0,116,34,0,34,150
05/09/2004,COU,MO,ACE,CE,Federal Contract Tower,0,8,17,2,27,0,4,44,0,48,0,12,61,2,75,10,0,10,85
05/10/2004,COU,MO,ACE,CE,Federal Contract Tower,1,11,26,2,40,0,0,20,2,22,1,11,46,4,62,26,4,30,92
05/11/2004,COU,MO,ACE,CE,Federal Contract Tower,0,6,14,0,20,2,2,30,0,34,2,8,44,0,54,16,0,16,70
05/12/2004,COU,MO,ACE,CE,Federal Contract Tower,0,8,20,3,31,1,0,20,1,22,1,8,40,4,53,6,0,6,59
05/13/2004,COU,MO,ACE,CE,Federal Contract Tower,0,7,16,0,23,0,0,13,0,13,0,7,29,0,36,0,0,0,36
05/14/2004,COU,MO,ACE,CE,Federal Contract Tower,0,11,24,0,35,0,1,8,0,9,0,12,32,0,44,18,0,18,62
05/15/2004,COU,MO,ACE,CE,Federal Contract Tower,0,9,27,2,38,0,0,70,2,72,0,9,97,4,110,19,0,19,129
05/16/2004,COU,MO,ACE,CE,Federal Contract Tower,0,9,29,0,38,0,0,38,0,38,0,9,67,0,76,30,0,30,106
05/17/2004,COU,MO,ACE,CE,Federal Contract Tower,0,11,26,0,37,1,4,33,0,38,1,15,59,0,75,26,0,26,101
05/18/2004,COU,MO,ACE,CE,Federal Contract Tower,0,6,23,0,29,1,0,10,0,11,1,6,33,0,40,8,0,8,48
05/19/2004,COU,MO,ACE,CE,Federal Contract Tower,0,8,23,1,32,0,0,10,1,11,0,8,33,2,43,26,0,26,69
05/20/2004,COU,MO,ACE,CE,Federal Contract Tower,0,11,27,1,39,0,0,21,3,24,0,11,48,4,63,30,0,30,93
05/21/2004,COU,MO,ACE,CE,Federal Contract Tower,0,8,29,1,38,4,0,65,7,76,4,8,94,8,114,36,2,38,152
05/22/2004,COU,MO,ACE,CE,Federal Contract Tower,0,5,24,0,29,0,0,62,0,62,0,5,86,0,91,4,0,4,95
05/23/2004,COU,MO,ACE,CE,Federal Contract Tower,0,7,16,0,23,2,2,12,0,16,2,9,28,0,39,22,0,22,61
05/24/2004,COU,MO,ACE,CE,Federal Contract Tower,0,8,21,0,29,0,5,39,0,44,0,13,60,0,73,28,0,28,101
05/25/2004,COU,MO,ACE,CE,Federal Contract Tower,0,8,21,1,30,0,4,24,2,30,0,12,45,3,60,10,0,10,70
05/26/2004,COU,MO,ACE,CE,Federal Contract Tower,0,9,23,0,32,0,0,17,0,17,0,9,40,0,49,4,0,4,53
05/27/2004,COU,MO,ACE,CE,Federal Contract Tower,0,6,18,0,24,0,0,14,24,38,0,6,32,24,62,28,44,72,134
05/28/2004,COU,MO,ACE,CE,Federal Contract Tower,0,6,21,1,28,0,0,21,39,60,0,6,42,40,88,48,70,118,206
05/29/2004,COU,MO,ACE,CE,Federal Contract Tower,0,1,4,0,5,0,0,19,31,50,0,1,23,31,55,117,34,151,206
05/30/2004,COU,MO,ACE,CE,Federal Contract Tower,0,4,11,0,15,0,0,24,32,56,0,4,35,32,71,23,40,63,134
05/31/2004,COU,MO,ACE,CE,Federal Contract Tower,0,8,18,0,26,0,0,23,21,44,0,8,41,21,70,25,8,33,103
06/01/2004,COU,MO,ACE,CE,Federal Contract Tower,0,12,24,0,36,0,2,43,5,50,0,14,67,5,86,19,0,19,105
06/02/2004,COU,MO,ACE,CE,Federal Contract Tower,0,8,20,0,28,0,0,31,4,35,0,8,51,4,63,88,6,94,157
06/03/2004,COU,MO,ACE,CE,Federal Contract Tower,1,9,20,0,30,1,1,62,0,64,2,10,82,0,94,60,0,60,154
06/04/2004,COU,MO,ACE,CE,Federal Contract Tower,0,11,21,0,32,0,9,40,2,51,0,20,61,2,83,10,0,10,93
06/05/2004,COU,MO,ACE,CE,Federal Contract Tower,0,5,11,0,16,0,0,35,0,35,0,5,46,0,51,24,0,24,75
06/06/2004,COU,MO,ACE,CE,Federal Contract Tower,0,7,15,1,23,0,4,40,3,47,0,11,55,4,70,18,6,24,94
06/07/2004,COU,MO,ACE,CE,Federal Contract Tower,0,11,21,0,32,0,4,36,0,40,0,15,57,0,72,36,0,36,108
06/08/2004,COU,MO,ACE,CE,Federal Contract Tower,0,9,20,0,29,0,0,56,0,56,0,9,76,0,85,40,0,40,125
06/09/2004,COU,MO,ACE,CE,Federal Contract Tower,0,14,26,0,40,0,8,7,0,15,0,22,33,0,55,6,0,6,61
06/10/2004,COU,MO,ACE,CE,Federal Contract Tower,0,11,20,0,31,0,9,28,0,37,0,20,48,0,68,10,0,10,78
06/11/2004,COU,MO,ACE,CE,Federal Contract Tower,0,15,27,0,42,0,6,31,0,37,0,21,58,0,79,6,0,6,85
06/12/2004,COU,MO,ACE,CE,Federal Contract Tower,0,4,8,0,12,0,0,8,0,8,0,4,16,0,20,30,0,30,50
06/13/2004,COU,MO,ACE,CE,Federal Contract Tower,0,10,19,1,30,0,0,32,1,33,0,10,51,2,63,32,0,32,95
06/14/2004,COU,MO,ACE,CE,Federal Contract Tower,0,12,25,0,37,0,0,38,0,38,0,12,63,0,75,23,0,23,98
06/15/2004,COU,MO,ACE,CE,Federal Contract Tower,0,10,22,0,32,0,0,32,0,32,0,10,54,0,64,23,0,23,87
06/16/2004,COU,MO,ACE,CE,Federal Contract Tower,0,12,29,1,42,0,0,40,3,43,0,12,69,4,85,28,0,28,113
06/17/2004,COU,MO,ACE,CE,Federal Contract Tower,0,11,26,0,37,0,0,30,0,30,0,11,56,0,67,30,0,30,97
06/18/2004,COU,MO,ACE,CE,Federal Contract Tower,0,12,26,0,38,2,0,10,0,12,2,12,36,0,50,42,0,42,92
06/19/2004,COU,MO,ACE,CE,Federal Contract Tower,0,4,10,0,14,0,0,45,0,45,0,4,55,0,59,12,0,12,71
06/20/2004,COU,MO,ACE,CE,Federal Contract Tower,0,8,13,1,22,0,1,54,10,65,0,9,67,11,87,34,0,34,121
06/21/2004,COU,MO,ACE,CE,Federal Contract Tower,0,10,18,0,28,0,4,25,0,29,0,14,43,0,57,18,0,18,75
06/22/2004,COU,MO,ACE,CE,Federal Contract Tower,0,17,31,0,48,0,3,42,0,45,0,20,73,0,93,16,0,16,109
06/23/2004,COU,MO,ACE,CE,Federal Contract Tower,0,15,28,0,43,0,0,61,2,63,0,15,89,2,106,30,2,32,138
06/24/2004,COU,MO,ACE,CE,Federal Contract Tower,0,11,27,0,38,0,0,42,4,46,0,11,69,4,84,42,0,42,126
06/25/2004,COU,MO,ACE,CE,Federal Contract Tower,0,9,18,0,27,0,0,51,0,51,0,9,69,0,78,28,0,28,106
06/26/2004,COU,MO,ACE,CE,Federal Contract Tower,0,8,18,0,26,0,0,51,10,61,0,8,69,10,87,10,18,28,115
06/27/2004,COU,MO,ACE,CE,Federal Contract Tower,0,9,17,0,26,0,0,23,0,23,0,9,40,0,49,12,0,12,61
06/28/2004,COU,MO,ACE,CE,Federal Contract Tower,0,11,25,0,36,0,0,20,2,22,0,11,45,2,58,26,2,28,86
06/29/2004,COU,MO,ACE,CE,Federal Contract Tower,0,14,27,0,41,0,3,50,2,55,0,17,77,2,96,23,14,37,133
06/30/2004,COU,MO,ACE,CE,Federal Contract Tower,0,13,32,0,45,0,0,31,0,31,0,13,63,0,76,41,0,41,117
07/01/2004,COU,MO,ACE,CE,Federal Contract Tower,0,11,23,0,34,0,0,23,2,25,0,11,46,2,59,54,0,54,113
07/02/2004,COU,MO,ACE,CE,Federal Contract Tower,0,17,33,0,50,0,2,26,0,28,0,19,59,0,78,2,0,2,80
07/03/2004,COU,MO,ACE,CE,Federal Contract Tower,0,3,9,0,12,0,0,10,0,10,0,3,19,0,22,2,0,2,24
07/04/2004,COU,MO,ACE,CE,Federal Contract Tower,0,1,3,0,4,0,1,23,0,24,0,2,26,0,28,6,0,6,34
07/05/2004,COU,MO,ACE,CE,Federal Contract Tower,0,8,15,0,23,0,8,18,0,26,0,16,33,0,49,12,0,12,61
07/06/2004,COU,MO,ACE,CE,Federal Contract Tower,0,14,27,0,41,0,0,20,0,20,0,14,47,0,61,20,0,20,81
07/07/2004,COU,MO,ACE,CE,Federal Contract Tower,0,8,15,0,23,0,6,36,0,42,0,14,51,0,65,10,4,14,79
07/08/2004,COU,MO,ACE,CE,Federal Contract Tower,0,9,17,0,26,0,3,75,0,78,0,12,92,0,104,20,0,20,124
07/09/2004,COU,MO,ACE,CE,Federal Contract Tower,0,10,19,1,30,0,8,45,2,55,0,18,64,3,85,30,0,30,115
07/10/2004,COU,MO,ACE,CE,Federal Contract Tower,0,5,10,0,15,0,26,41,0,67,0,31,51,0,82,18,0,18,100
07/11/2004,COU,MO,ACE,CE,Federal Contract Tower,0,7,14,0,21,0,0,61,0,61,0,7,75,0,82,12,0,12,94
07/12/2004,COU,MO,ACE,CE,Federal Contract Tower,0,14,27,1,42,2,3,16,1,22,2,17,43,2,64,16,0,16,80
07/13/2004,COU,MO,ACE,CE,Federal Contract Tower,0,8,17,1,26,0,0,55,1,56,0,8,72,2,82,21,0,21,103
07/14/2004,COU,MO,ACE,CE,Federal Contract Tower,0,10,27,0,37,0,0,51,0,51,0,10,78,0,88,24,0,24,112
07/15/2004,COU,MO,ACE,CE,Federal Contract Tower,0,8,22,0,30,0,0,72,0,72,0,8,94,0,102,20,0,20,122
07/16/2004,COU,MO,ACE,CE,Federal Contract Tower,0,10,25,0,35,2,0,73,0,75,2,10,98,0,110,6,0,6,116
07/17/2004,COU,MO,ACE,CE,Federal Contract Tower,0,4,18,0,22,0,0,57,2,59,0,4,75,2,81,20,0,20,101
07/18/2004,COU,MO,ACE,CE,Federal Contract Tower,0,13,27,0,40,0,0,58,3,61,0,13,85,3,101,10,0,10,111
07/19/2004,COU,MO,ACE,CE,Federal Contract Tower,0,13,27,0,40,0,10,56,3,69,0,23,83,3,109,28,0,28,137
07/20/2004,COU,MO,ACE,CE,Federal Contract Tower,0,14,33,0,47,0,0,47,0,47,0,14,80,0,94,34,0,34,128
07/21/2004,COU,MO,ACE,CE,Federal Contract Tower,0,14,30,0,44,0,0,49,0,49,0,14,79,0,93,12,0,12,105
07/22/2004,COU,MO,ACE,CE,Federal Contract Tower,0,13,27,0,40,2,6,44,2,54,2,19,71,2,94,64,0,64,158
07/23/2004,COU,MO,ACE,CE,Federal Contract Tower,0,9,19,0,28,0,3,41,1,45,0,12,60,1,73,26,0,26,99
07/24/2004,COU,MO,ACE,CE,Federal Contract Tower,0,4,12,0,16,0,0,7,0,7,0,4,19,0,23,6,0,6,29
07/25/2004,COU,MO,ACE,CE,Federal Contract Tower,0,9,21,0,30,0,0,45,0,45,0,9,66,0,75,12,0,12,87
07/26/2004,COU,MO,ACE,CE,Federal Contract Tower,0,8,18,0,26,0,2,61,0,63,0,10,79,0,89,24,0,24,113
07/27/2004,COU,MO,ACE,CE,Federal Contract Tower,0,7,21,0,28,0,0,43,4,47,0,7,64,4,75,44,24,68,143
07/28/2004,COU,MO,ACE,CE,Federal Contract Tower,0,10,23,0,33,0,0,45,2,47,0,10,68,2,80,30,6,36,116
07/29/2004,COU,MO,ACE,CE,Federal Contract Tower,0,11,29,0,40,0,0,37,2,39,0,11,66,2,79,28,4,32,111
07/30/2004,COU,MO,ACE,CE,Federal Contract Tower,0,7,21,0,28,0,0,16,3,19,0,7,37,3,47,6,0,6,53
07/31/2004,COU,MO,ACE,CE,Federal Contract Tower,0,4,14,0,18,0,0,45,3,48,0,4,59,3,66,30,0,30,96
08/01/2004,COU,MO,ACE,CE,Federal Contract Tower,0,7,19,0,26,0,0,101,0,101,0,7,120,0,127,56,0,56,183
08/02/2004,COU,MO,ACE,CE,Federal Contract Tower,1,10,23,0,34,1,3,20,2,26,2,13,43,2,60,32,24,56,116
08/03/2004,COU,MO,ACE,CE,Federal Contract Tower,0,10,25,0,35,0,2,27,0,29,0,12,52,0,64,30,0,30,94
08/04/2004,COU,MO,ACE,CE,Federal Contract Tower,1,8,19,0,28,1,4,28,2,35,2,12,47,2,63,30,2,32,95
08/05/2004,COU,MO,ACE,CE,Federal Contract Tower,0,9,21,0,30,0,6,50,0,56,0,15,71,0,86,40,0,40,126
08/06/2004,COU,MO,ACE,CE,Federal Contract Tower,0,7,17,0,24,0,0,31,0,31,0,7,48,0,55,52,0,52,107
08/07/2004,COU,MO,ACE,CE,Federal Contract Tower,0,5,11,0,16,0,1,89,0,90,0,6,100,0,106,18,0,18,124
08/08/2004,COU,MO,ACE,CE,Federal Contract Tower,0,6,13,0,19,0,1,81,0,82,0,7,94,0,101,32,0,32,133
08/09/2004,COU,MO,ACE,CE,Federal Contract Tower,0,5,12,0,17,0,5,41,0,46,0,10,53,0,63,30,0,30,93
08/10/2004,COU,MO,ACE,CE,Federal Contract Tower,0,9,18,0,27,0,3,48,2,53,0,12,66,2,80,36,0,36,116
08/11/2004,COU,MO,ACE,CE,Federal Contract Tower,0,7,24,0,31,0,0,52,0,52,0,7,76,0,83,34,0,34,117
08/12/2004,COU,MO,ACE,CE,Federal Contract Tower,0,7,28,1,36,0,0,21,3,24,0,7,49,4,60,20,2,22,82
08/13/2004,COU,MO,ACE,CE,Federal Contract Tower,0,10,24,1,35,0,0,38,3,41,0,10,62,4,76,36,0,36,112
08/14/2004,COU,MO,ACE,CE,Federal Contract Tower,0,3,8,1,12,0,0,52,2,54,0,3,60,3,66,27,0,27,93
08/15/2004,COU,MO,ACE,CE,Federal Contract Tower,0,8,17,0,25,0,0,71,0,71,0,8,88,0,96,17,0,17,113
08/16/2004,COU,MO,ACE,CE,Federal Contract Tower,0,11,24,0,35,0,5,48,0,53,0,16,72,0,88,35,0,35,123
08/17/2004,COU,MO,ACE,CE,Federal Contract Tower,0,12,26,1,39,2,2,12,3,19,2,14,38,4,58,10,2,12,70
08/18/2004,COU,MO,ACE,CE,Federal Contract Tower,0,10,21,0,31,0,4,41,0,45,0,14,62,0,76,12,0,12,88
08/19/2004,COU,MO,ACE,CE,Federal Contract Tower,0,13,28,0,41,0,0,28,0,28,0,13,56,0,69,6,0,6,75
08/20/2004,COU,MO,ACE,CE,Federal Contract Tower,0,11,37,0,48,2,0,7,0,9,2,11,44,0,57,2,0,2,59
08/21/2004,COU,MO,ACE,CE,Federal Contract Tower,0,4,12,0,16,0,0,110,0,110,0,4,122,0,126,24,0,24,150
08/22/2004,COU,MO,ACE,CE,Federal Contract Tower,0,6,12,0,18,0,7,51,0,58,0,13,63,0,76,35,0,35,111
08/23/2004,COU,MO,ACE,CE,Federal Contract Tower,0,7,16,0,23,0,1,39,0,40,0,8,55,0,63,6,0,6,69
08/24/2004,COU,MO,ACE,CE,Federal Contract Tower,0,10,21,0,31,3,34,25,0,62,3,44,46,0,93,18,0,18,111
08/25/2004,COU,MO,ACE,CE,Federal Contract Tower,0,14,31,0,45,0,0,16,0,16,0,14,47,0,61,20,0,20,81
08/26/2004,COU,MO,ACE,CE,Federal Contract Tower,0,7,26,0,33,0,0,63,1,64,0,7,89,1,97,30,0,30,127
08/27/2004,COU,MO,ACE,CE,Federal Contract Tower,0,7,20,0,27,0,0,13,0,13,0,7,33,0,40,12,0,12,52
08/28/2004,COU,MO,ACE,CE,Federal Contract Tower,0,4,9,0,13,0,2,0,0,2,0,6,9,0,15,18,0,18,33
08/29/2004,COU,MO,ACE,CE,Federal Contract Tower,0,9,21,0,30,0,4,48,0,52,0,13,69,0,82,60,0,60,142
08/30/2004,COU,MO,ACE,CE,Federal Contract Tower,0,10,22,0,32,0,7,60,6,73,0,17,82,6,105,22,0,22,127
08/31/2004,COU,MO,ACE,CE,Federal Contract Tower,0,7,23,0,30,0,0,67,0,67,0,7,90,0,97,23,0,23,120
09/01/2004,COU,MO,ACE,CE,Federal Contract Tower,0,9,20,1,30,0,21,68,0,89,0,30,88,1,119,36,0,36,155
09/02/2004,COU,MO,ACE,CE,Federal Contract Tower,0,11,26,1,38,0,21,66,3,90,0,32,92,4,128,22,0,22,150
09/03/2004,COU,MO,ACE,CE,Federal Contract Tower,0,9,22,1,32,0,4,47,3,54,0,13,69,4,86,32,4,36,122
09/04/2004,COU,MO,ACE,CE,Federal Contract Tower,0,8,19,0,27,0,0,49,0,49,0,8,68,0,76,14,0,14,90
09/05/2004,COU,MO,ACE,CE,Federal Contract Tower,0,6,12,0,18,0,2,22,12,36,0,8,34,12,54,24,0,24,78
09/06/2004,COU,MO,ACE,CE,Federal Contract Tower,0,10,21,1,32,0,1,44,2,47,0,11,65,3,79,32,0,32,111
09/07/2004,COU,MO,ACE,CE,Federal Contract Tower,1,12,25,1,39,1,0,52,24,77,2,12,77,25,116,20,0,20,136
09/08/2004,COU,MO,ACE,CE,Federal Contract Tower,1,14,28,2,45,1,2,36,0,39,2,16,64,2,84,22,2,24,108
09/09/2004,COU,MO,ACE,CE,Federal Contract Tower,0,12,23,1,36,0,3,35,1,39,0,15,58,2,75,26,6,32,107
09/10/2004,COU,MO,ACE,CE,Federal Contract Tower,0,7,24,0,31,0,0,67,0,67,0,7,91,0,98,26,0,26,124
09/11/2004,COU,MO,ACE,CE,Federal Contract Tower,0,3,8,0,11,0,0,62,3,65,0,3,70,3,76,12,0,12,88
09/12/2004,COU,MO,ACE,CE,Federal Contract Tower,1,10,21,1,33,0,1,80,1,82,1,11,101,2,115,31,0,31,146
09/13/2004,COU,MO,ACE,CE,Federal Contract Tower,1,10,19,0,30,0,1,40,0,41,1,11,59,0,71,38,0,38,109
09/14/2004,COU,MO,ACE,CE,Federal Contract Tower,0,9,19,1,29,0,1,41,1,43,0,10,60,2,72,30,12,42,114
09/15/2004,COU,MO,ACE,CE,Federal Contract Tower,0,9,25,2,36,0,0,32,2,34,0,9,57,4,70,14,0,14,84
09/16/2004,COU,MO,ACE,CE,Federal Contract Tower,0,8,27,2,37,1,0,49,4,54,1,8,76,6,91,22,0,22,113
09/17/2004,COU,MO,ACE,CE,Federal Contract Tower,0,12,25,0,37,1,0,60,0,61,1,12,85,0,98,32,0,32,130
09/18/2004,COU,MO,ACE,CE,Federal Contract Tower,0,10,28,0,38,3,0,27,0,30,3,10,55,0,68,6,0,6,74
09/19/2004,COU,MO,ACE,CE,Federal Contract Tower,0,9,18,2,29,0,2,43,5,50,0,11,61,7,79,26,0,26,105
09/20/2004,COU,MO,ACE,CE,Federal Contract Tower,0,9,17,0,26,0,4,36,0,40,0,13,53,0,66,44,0,44,110
09/21/2004,COU,MO,ACE,CE,Federal Contract Tower,0,10,21,0,31,0,2,75,0,77,0,12,96,0,108,39,0,39,147
09/22/2004,COU,MO,ACE,CE,Federal Contract Tower,0,8,21,0,29,0,0,59,0,59,0,8,80,0,88,54,0,54,142
09/23/2004,COU,MO,ACE,CE,Federal Contract Tower,0,9,20,0,29,0,19,27,0,46,0,28,47,0,75,24,0,24,99
09/24/2004,COU,MO,ACE,CE,Federal Contract Tower,0,7,18,0,25,0,0,40,0,40,0,7,58,0,65,23,0,23,88
09/25/2004,COU,MO,ACE,CE,Federal Contract Tower,0,2,5,0,7,0,3,75,0,78,0,5,80,0,85,64,0,64,149
09/26/2004,COU,MO,ACE,CE,Federal Contract Tower,0,8,19,0,27,3,0,63,0,66,3,8,82,0,93,20,0,20,113
09/27/2004,COU,MO,ACE,CE,Federal Contract Tower,0,11,24,1,36,0,2,43,7,52,0,13,67,8,88,15,0,15,103
09/28/2004,COU,MO,ACE,CE,Federal Contract Tower,0,12,29,2,43,0,0,40,0,40,0,12,69,2,83,28,0,28,111
09/29/2004,COU,MO,ACE,CE,Federal Contract Tower,0,12,25,0,37,0,0,60,0,60,0,12,85,0,97,32,0,32,129
09/30/2004,COU,MO,ACE,CE,Federal Contract Tower,0,12,26,0,38,0,1,49,0,50,0,13,75,0,88,34,0,34,122
10/01/2004,COU,MO,ACE,CE,Federal Contract Tower,1,14,22,0,37,0,0,30,4,34,1,14,52,4,71,58,0,58,129
10/02/2004,COU,MO,ACE,CE,Federal Contract Tower,1,3,28,0,32,0,0,55,0,55,1,3,83,0,87,22,0,22,109
10/03/2004,COU,MO,ACE,CE,Federal Contract Tower,0,7,18,3,28,0,0,40,5,45,0,7,58,8,73,16,4,20,93
10/04/2004,COU,MO,ACE,CE,Federal Contract Tower,0,11,13,0,24,0,4,37,8,49,0,15,50,8,73,5,30,35,108
10/05/2004,COU,MO,ACE,CE,Federal Contract Tower,0,10,26,2,38,0,0,51,4,55,0,10,77,6,93,25,20,45,138
10/06/2004,COU,MO,ACE,CE,Federal Contract Tower,0,9,26,0,35,0,0,47,0,47,0,9,73,0,82,22,0,22,104
10/07/2004,COU,MO,ACE,CE,Federal Contract Tower,0,8,19,0,27,0,0,15,2,17,0,8,34,2,44,8,2,10,54
10/08/2004,COU,MO,ACE,CE,Federal Contract Tower,2,11,30,0,43,0,0,36,0,36,2,11,66,0,79,12,0,12,91
10/09/2004,COU,MO,ACE,CE,Federal Contract Tower,0,4,18,0,22,0,0,34,2,36,0,4,52,2,58,22,0,22,80
10/10/2004,COU,MO,ACE,CE,Federal Contract Tower,0,14,13,0,27,0,0,33,0,33,0,14,46,0,60,16,0,16,76
10/11/2004,COU,MO,ACE,CE,Federal Contract Tower,0,15,35,0,50,0,1,16,0,17,0,16,51,0,67,2,0,2,69
10/12/2004,COU,MO,ACE,CE,Federal Contract Tower,0,9,10,2,21,0,0,0,0,0,0,9,10,2,21,0,0,0,21
10/13/2004,COU,MO,ACE,CE,Federal Contract Tower,0,12,20,0,32,0,0,29,0,29,0,12,49,0,61,18,0,18,79
10/14/2004,COU,MO,ACE,CE,Federal Contract Tower,0,18,36,0,54,0,0,18,0,18,0,18,54,0,72,18,0,18,90
10/15/2004,COU,MO,ACE,CE,Federal Contract Tower,2,8,73,9,92,0,0,20,4,24,2,8,93,13,116,21,12,33,149
10/16/2004,COU,MO,ACE,CE,Federal Contract Tower,0,4,24,10,38,0,0,51,7,58,0,4,75,17,96,24,4,28,124
10/17/2004,COU,MO,ACE,CE,Federal Contract Tower,0,7,24,0,31,0,0,41,0,41,0,7,65,0,72,12,0,12,84
10/18/2004,COU,MO,ACE,CE,Federal Contract Tower,0,12,26,0,38,0,0,4,0,4,0,12,30,0,42,4,0,4,46
10/19/2004,COU,MO,ACE,CE,Federal Contract Tower,0,8,37,0,45,0,0,0,0,0,0,8,37,0,45,0,0,0,45
10/20/2004,COU,MO,ACE,CE,Federal Contract Tower,0,8,38,0,46,0,0,5,0,5,0,8,43,0,51,0,0,0,51
10/21/2004,COU,MO,ACE,CE,Federal Contract Tower,0,12,39,2,53,0,0,0,0,0,0,12,39,2,53,2,0,2,55
10/22/2004,COU,MO,ACE,CE,Federal Contract Tower,1,12,23,1,37,0,0,0,0,0,1,12,23,1,37,12,0,12,49
10/23/2004,COU,MO,ACE,CE,Federal Contract Tower,2,19,38,0,59,0,0,50,0,50,2,19,88,0,109,20,0,20,129
10/24/2004,COU,MO,ACE,CE,Federal Contract Tower,0,8,11,1,20,0,0,42,0,42,0,8,53,1,62,12,0,12,74
10/25/2004,COU,MO,ACE,CE,Federal Contract Tower,0,14,20,0,34,0,1,33,0,34,0,15,53,0,68,56,0,56,124
10/26/2004,COU,MO,ACE,CE,Federal Contract Tower,0,9,35,0,44,0,0,3,0,3,0,9,38,0,47,2,0,2,49
10/27/2004,COU,MO,ACE,CE,Federal Contract Tower,0,6,18,0,24,0,0,0,0,0,0,6,18,0,24,0,0,0,24
10/28/2004,COU,MO,ACE,CE,Federal Contract Tower,2,15,23,0,40,0,0,20,0,20,2,15,43,0,60,22,0,22,82
10/29/2004,COU,MO,ACE,CE,Federal Contract Tower,2,11,31,0,44,0,0,25,0,25,2,11,56,0,69,14,0,14,83
10/30/2004,COU,MO,ACE,CE,Federal Contract Tower,3,13,20,0,36,0,0,46,0,46,3,13,66,0,82,30,0,30,112
10/31/2004,COU,MO,ACE,CE,Federal Contract Tower,0,9,12,0,21,0,0,51,0,51,0,9,63,0,72,38,0,38,110
11/01/2004,COU,MO,ACE,CE,Federal Contract Tower,0,12,18,0,30,0,3,0,0,3,0,15,18,0,33,21,0,21,54
11/02/2004,COU,MO,ACE,CE,Federal Contract Tower,0,7,21,0,28,0,0,16,0,16,0,7,37,0,44,8,0,8,52
11/03/2004,COU,MO,ACE,CE,Federal Contract Tower,0,9,30,3,42,0,0,12,0,12,0,9,42,3,54,0,0,0,54
11/04/2004,COU,MO,ACE,CE,Federal Contract Tower,0,8,20,0,28,0,0,14,1,15,0,8,34,1,43,8,0,8,51
11/05/2004,COU,MO,ACE,CE,Federal Contract Tower,1,15,41,0,57,0,0,68,0,68,1,15,109,0,125,31,0,31,156
11/06/2004,COU,MO,ACE,CE,Federal Contract Tower,1,8,33,0,42,0,0,95,0,95,1,8,128,0,137,42,0,42,179
11/07/2004,COU,MO,ACE,CE,Federal Contract Tower,2,7,14,0,23,0,0,58,0,58,2,7,72,0,81,36,0,36,117
11/08/2004,COU,MO,ACE,CE,Federal Contract Tower,0,14,15,0,29,0,0,27,2,29,0,14,42,2,58,16,16,32,90
11/09/2004,COU,MO,ACE,CE,Federal Contract Tower,0,11,22,0,33,0,0,49,2,51,0,11,71,2,84,36,16,52,136
11/10/2004,COU,MO,ACE,CE,Federal Contract Tower,0,12,28,0,40,0,0,25,0,25,0,12,53,0,65,20,0,20,85
11/11/2004,COU,MO,ACE,CE,Federal Contract Tower,0,10,23,0,33,0,0,5,0,5,0,10,28,0,38,2,0,2,40
11/12/2004,COU,MO,ACE,CE,Federal Contract Tower,0,9,33,0,42,0,0,59,0,59,0,9,92,0,101,36,0,36,137
11/13/2004,COU,MO,ACE,CE,Federal Contract Tower,1,5,15,0,21,0,0,71,0,71,1,5,86,0,92,47,0,47,139
11/14/2004,COU,MO,ACE,CE,Federal Contract Tower,4,10,29,2,45,0,0,59,2,61,4,10,88,4,106,47,0,47,153
11/15/2004,COU,MO,ACE,CE,Federal Contract Tower,0,16,23,0,39,0,0,33,2,35,0,16,56,2,74,22,14,36,110
11/16/2004,COU,MO,ACE,CE,Federal Contract Tower,0,10,20,0,30,0,0,14,2,16,0,10,34,2,46,12,0,12,58
11/17/2004,COU,MO,ACE,CE,Federal Contract Tower,1,7,26,0,34,0,0,40,0,40,1,7,66,0,74,32,0,32,106
11/18/2004,COU,MO,ACE,CE,Federal Contract Tower,0,9,27,0,36,0,0,11,0,11,0,9,38,0,47,0,0,0,47
11/19/2004,COU,MO,ACE,CE,Federal Contract Tower,0,7,48,10,65,0,0,6,4,10,0,7,54,14,75,4,16,20,95
11/20/2004,COU,MO,ACE,CE,Federal Contract Tower,1,4,41,2,48,0,0,29,2,31,1,4,70,4,79,16,4,20,99
11/21/2004,COU,MO,ACE,CE,Federal Contract Tower,4,8,28,0,40,0,0,34,0,34,4,8,62,0,74,18,0,18,92
11/22/2004,COU,MO,ACE,CE,Federal Contract Tower,0,12,19,0,31,0,0,0,0,0,0,12,19,0,31,0,0,0,31
11/23/2004,COU,MO,ACE,CE,Federal Contract Tower,0,11,14,3,28,0,0,19,2,21,0,11,33,5,49,14,2,16,65
11/24/2004,COU,MO,ACE,CE,Federal Contract Tower,0,8,6,0,14,0,0,0,0,0,0,8,6,0,14,0,0,0,14
11/25/2004,COU,MO,ACE,CE,Federal Contract Tower,0,4,6,0,10,0,0,18,0,18,0,4,24,0,28,6,0,6,34
11/26/2004,COU,MO,ACE,CE,Federal Contract Tower,2,2,14,0,18,0,0,47,2,49,2,2,61,2,67,19,0,19,86
11/27/2004,COU,MO,ACE,CE,Federal Contract Tower,2,3,33,0,38,0,0,11,0,11,2,3,44,0,49,0,0,0,49
11/28/2004,COU,MO,ACE,CE,Federal Contract Tower,0,10,28,0,38,0,0,32,0,32,0,10,60,0,70,13,0,13,83
11/29/2004,COU,MO,ACE,CE,Federal Contract Tower,0,9,24,2,35,0,0,0,0,0,0,9,24,2,35,0,0,0,35
11/30/2004,COU,MO,ACE,CE,Federal Contract Tower,0,8,11,1,20,0,0,0,0,0,0,8,11,1,20,0,0,0,20
12/01/2004,COU,MO,ACE,CE,Federal Contract Tower,0,12,44,0,56,0,0,25,4,29,0,12,69,4,85,36,0,36,121
12/02/2004,COU,MO,ACE,CE,Federal Contract Tower,0,12,39,0,51,0,10,41,0,51,0,22,80,0,102,31,0,31,133
12/03/2004,COU,MO,ACE,CE,Federal Contract Tower,0,0,25,0,25,0,0,47,2,49,0,0,72,2,74,32,0,32,106
12/04/2004,COU,MO,ACE,CE,Federal Contract Tower,1,5,6,0,12,0,0,54,0,54,1,5,60,0,66,27,0,27,93
12/05/2004,COU,MO,ACE,CE,Federal Contract Tower,4,9,16,0,29,0,0,18,0,18,4,9,34,0,47,6,0,6,53
12/06/2004,COU,MO,ACE,CE,Federal Contract Tower,1,11,18,0,30,0,0,34,0,34,1,11,52,0,64,6,0,6,70
12/07/2004,COU,MO,ACE,CE,Federal Contract Tower,0,13,35,0,48,0,0,0,0,0,0,13,35,0,48,0,0,0,48
12/08/2004,COU,MO,ACE,CE,Federal Contract Tower,0,11,28,0,39,0,0,35,0,35,0,11,63,0,74,26,0,26,100
12/09/2004,COU,MO,ACE,CE,Federal Contract Tower,0,7,25,0,32,0,0,41,0,41,0,7,66,0,73,20,0,20,93
12/10/2004,COU,MO,ACE,CE,Federal Contract Tower,0,7,22,0,29,0,0,5,2,7,0,7,27,2,36,4,10,14,50
12/11/2004,COU,MO,ACE,CE,Federal Contract Tower,1,4,21,0,26,0,0,28,0,28,1,4,49,0,54,14,0,14,68
12/12/2004,COU,MO,ACE,CE,Federal Contract Tower,1,7,16,0,24,0,0,51,0,51,1,7,67,0,75,31,0,31,106
12/13/2004,COU,MO,ACE,CE,Federal Contract Tower,0,13,24,0,37,0,0,18,0,18,0,13,42,0,55,15,0,15,70
12/14/2004,COU,MO,ACE,CE,Federal Contract Tower,0,11,16,0,27,0,0,21,2,23,0,11,37,2,50,22,6,28,78
12/15/2004,COU,MO,ACE,CE,Federal Contract Tower,0,8,29,0,37,0,0,22,0,22,0,8,51,0,59,19,0,19,78
12/16/2004,COU,MO,ACE,CE,Federal Contract Tower,0,7,27,0,34,0,0,38,0,38,0,7,65,0,72,38,0,38,110
12/17/2004,COU,MO,ACE,CE,Federal Contract Tower,0,8,35,0,43,0,0,45,0,45,0,8,80,0,88,22,0,22,110
12/18/2004,COU,MO,ACE,CE,Federal Contract Tower,0,6,15,0,21,0,0,39,0,39,0,6,54,0,60,34,0,34,94
12/19/2004,COU,MO,ACE,CE,Federal Contract Tower,3,8,16,0,27,0,0,31,0,31,3,8,47,0,58,14,0,14,72
12/20/2004,COU,MO,ACE,CE,Federal Contract Tower,0,14,18,0,32,0,0,35,0,35,0,14,53,0,67,0,0,0,67
12/21/2004,COU,MO,ACE,CE,Federal Contract Tower,0,8,24,1,33,0,0,43,3,46,0,8,67,4,79,30,0,30,109
12/22/2004,COU,MO,ACE,CE,Federal Contract Tower,0,12,6,0,18,0,0,9,0,9,0,12,15,0,27,6,0,6,33
12/23/2004,COU,MO,ACE,CE,Federal Contract Tower,0,8,15,0,23,0,1,35,0,36,0,9,50,0,59,10,0,10,69
12/24/2004,COU,MO,ACE,CE,Federal Contract Tower,0,2,11,0,13,20,3,21,0,44,20,5,32,0,57,0,0,0,57
12/25/2004,COU,MO,ACE,CE,Federal Contract Tower,0,2,2,0,4,0,0,10,0,10,0,2,12,0,14,10,0,10,24
12/26/2004,COU,MO,ACE,CE,Federal Contract Tower,0,11,15,0,26,0,0,27,0,27,0,11,42,0,53,17,0,17,70
12/27/2004,COU,MO,ACE,CE,Federal Contract Tower,0,9,24,0,33,0,0,41,0,41,0,9,65,0,74,39,0,39,113
12/28/2004,COU,MO,ACE,CE,Federal Contract Tower,0,10,11,0,21,0,0,21,2,23,0,10,32,2,44,24,0,24,68
12/29/2004,COU,MO,ACE,CE,Federal Contract Tower,0,8,13,0,21,0,0,19,0,19,0,8,32,0,40,36,0,36,76
12/30/2004,COU,MO,ACE,CE,Federal Contract Tower,0,8,25,0,33,0,0,17,0,17,0,8,42,0,50,18,0,18,68
12/31/2004,COU,MO,ACE,CE,Federal Contract Tower,0,6,13,0,19,0,0,48,0,48,0,6,61,0,67,38,0,38,105
01/01/2005,COU,MO,ACE,CE,Federal Contract Tower,0,1,6,0,7,0,1,8,0,9,0,2,14,0,16,0,0,0,16
01/02/2005,COU,MO,ACE,CE,Federal Contract Tower,0,5,10,0,15,0,0,0,0,0,0,5,10,0,15,0,0,0,15
01/03/2005,COU,MO,ACE,CE,Federal Contract Tower,0,11,17,0,28,0,0,0,0,0,0,11,17,0,28,0,0,0,28
01/04/2005,COU,MO,ACE,CE,Federal Contract Tower,1,12,4,0,17,0,0,0,0,0,1,12,4,0,17,0,0,0,17
01/05/2005,COU,MO,ACE,CE,Federal Contract Tower,0,6,0,0,6,0,0,0,0,0,0,6,0,0,6,0,0,0,6
01/06/2005,COU,MO,ACE,CE,Federal Contract Tower,0,11,18,0,29,0,0,2,1,3,0,11,20,1,32,4,0,4,36
01/07/2005,COU,MO,ACE,CE,Federal Contract Tower,0,9,21,0,30,0,0,9,2,11,0,9,30,2,41,8,10,18,59
01/08/2005,COU,MO,ACE,CE,Federal Contract Tower,0,6,14,0,20,0,0,13,2,15,0,6,27,2,35,16,8,24,59
01/09/2005,COU,MO,ACE,CE,Federal Contract Tower,0,10,25,0,35,0,0,61,0,61,0,10,86,0,96,38,0,38,134
01/10/2005,COU,MO,ACE,CE,Federal Contract Tower,4,8,33,0,45,0,0,0,0,0,4,8,33,0,45,2,0,2,47
01/11/2005,COU,MO,ACE,CE,Federal Contract Tower,0,7,14,0,21,0,0,0,0,0,0,7,14,0,21,0,0,0,21
01/12/2005,COU,MO,ACE,CE,Federal Contract Tower,0,9,18,0,27,0,0,3,0,3,0,9,21,0,30,2,0,2,32
01/13/2005,COU,MO,ACE,CE,Federal Contract Tower,0,16,21,0,37,0,0,20,0,20,0,16,41,0,57,26,0,26,83
01/14/2005,COU,MO,ACE,CE,Federal Contract Tower,1,11,21,0,33,0,0,21,0,21,1,11,42,0,54,24,0,24,78
01/15/2005,COU,MO,ACE,CE,Federal Contract Tower,2,6,31,0,39,18,0,6,0,24,20,6,37,0,63,10,0,10,73
01/16/2005,COU,MO,ACE,CE,Federal Contract Tower,1,7,20,0,28,0,0,46,0,46,1,7,66,0,74,24,0,24,98
01/17/2005,COU,MO,ACE,CE,Federal Contract Tower,0,13,26,0,39,0,0,55,0,55,0,13,81,0,94,41,0,41,135
01/18/2005,COU,MO,ACE,CE,Federal Contract Tower,0,13,26,0,39,0,3,29,7,39,0,16,55,7,78,27,18,45,123
01/19/2005,COU,MO,ACE,CE,Federal Contract Tower,0,10,32,0,42,0,0,21,4,25,0,10,53,4,67,10,16,26,93
01/20/2005,COU,MO,ACE,CE,Federal Contract Tower,0,7,28,0,35,0,0,36,0,36,0,7,64,0,71,20,0,20,91
01/21/2005,COU,MO,ACE,CE,Federal Contract Tower,0,7,19,0,26,0,0,6,2,8,0,7,25,2,34,2,2,4,38
01/22/2005,COU,MO,ACE,CE,Federal Contract Tower,3,8,9,0,20,0,0,16,0,16,3,8,25,0,36,7,0,7,43
01/23/2005,COU,MO,ACE,CE,Federal Contract Tower,0,6,20,0,26,0,0,42,0,42,0,6,62,0,68,23,0,23,91
01/24/2005,COU,MO,ACE,CE,Federal Contract Tower,0,16,16,2,34,0,1,50,0,51,0,17,66,2,85,22,0,22,107
01/25/2005,COU,MO,ACE,CE,Federal Contract Tower,2,9,26,0,37,0,0,47,4,51,2,9,73,4,88,35,18,53,141
01/26/2005,COU,MO,ACE,CE,Federal Contract Tower,0,13,27,0,40,0,0,15,0,15,0,13,42,0,55,22,0,22,77
01/27/2005,COU,MO,ACE,CE,Federal Contract Tower,0,7,19,0,26,0,0,17,2,19,0,7,36,2,45,24,8,32,77
01/28/2005,COU,MO,ACE,CE,Federal Contract Tower,2,8,29,0,39,0,0,30,0,30,2,8,59,0,69,18,0,18,87
01/29/2005,COU,MO,ACE,CE,Federal Contract Tower,2,4,5,0,11,0,0,2,0,2,2,4,7,0,13,0,0,0,13
01/30/2005,COU,MO,ACE,CE,Federal Contract Tower,1,7,10,0,18,0,1,12,0,13,1,8,22,0,31,0,0,0,31
01/31/2005,COU,MO,ACE,CE,Federal Contract Tower,0,14,15,0,29,0,0,20,0,20,0,14,35,0,49,14,0,14,63
02/01/2005,COU,MO,ACE,CE,Federal Contract Tower,0,11,31,0,42,0,0,35,8,43,0,11,66,8,85,15,30,45,130
02/02/2005,COU,MO,ACE,CE,Federal Contract Tower,0,13,22,0,35,0,0,0,0,0,0,13,22,0,35,2,0,2,37
02/03/2005,COU,MO,ACE,CE,Federal Contract Tower,0,10,24,0,34,0,0,6,0,6,0,10,30,0,40,14,0,14,54
02/04/2005,COU,MO,ACE,CE,Federal Contract Tower,0,8,34,1,43,0,0,45,1,46,0,8,79,2,89,36,6,42,131
02/05/2005,COU,MO,ACE,CE,Federal Contract Tower,0,9,14,0,23,0,0,35,0,35,0,9,49,0,58,36,0,36,94
02/06/2005,COU,MO,ACE,CE,Federal Contract Tower,0,7,16,0,23,0,0,15,0,15,0,7,31,0,38,2,0,2,40
02/07/2005,COU,MO,ACE,CE,Federal Contract Tower,0,9,10,0,19,0,0,0,0,0,0,9,10,0,19,2,0,2,21
02/08/2005,COU,MO,ACE,CE,Federal Contract Tower,2,12,19,0,33,0,0,4,0,4,2,12,23,0,37,0,0,0,37
02/09/2005,COU,MO,ACE,CE,Federal Contract Tower,0,9,12,0,21,0,0,6,4,10,0,9,18,4,31,8,12,20,51
02/10/2005,COU,MO,ACE,CE,Federal Contract Tower,0,8,22,0,30,0,0,31,2,33,0,8,53,2,63,26,2,28,91
02/11/2005,COU,MO,ACE,CE,Federal Contract Tower,2,9,19,0,30,0,0,52,2,54,2,9,71,2,84,42,4,46,130
02/12/2005,COU,MO,ACE,CE,Federal Contract Tower,2,5,15,0,22,0,1,58,6,65,2,6,73,6,87,19,0,19,106
02/13/2005,COU,MO,ACE,CE,Federal Contract Tower,3,10,14,0,27,0,0,1,0,1,3,10,15,0,28,0,0,0,28
02/14/2005,COU,MO,ACE,CE,Federal Contract Tower,0,11,18,0,29,0,0,41,6,47,0,11,59,6,76,25,0,25,101
02/15/2005,COU,MO,ACE,CE,Federal Contract Tower,2,14,30,2,48,0,0,29,0,29,2,14,59,2,77,19,0,19,96
02/16/2005,COU,MO,ACE,CE,Federal Contract Tower,0,7,30,0,37,0,0,18,3,21,0,7,48,3,58,12,22,34,92
02/17/2005,COU,MO,ACE,CE,Federal Contract Tower,0,7,34,0,41,0,0,35,0,35,0,7,69,0,76,24,0,24,100
02/18/2005,COU,MO,ACE,CE,Federal Contract Tower,1,9,19,0,29,0,0,40,0,40,1,9,59,0,69,34,0,34,103
02/19/2005,COU,MO,ACE,CE,Federal Contract Tower,1,3,13,0,17,0,0,0,0,0,1,3,13,0,17,0,0,0,17
02/20/2005,COU,MO,ACE,CE,Federal Contract Tower,0,8,21,0,29,0,1,38,0,39,0,9,59,0,68,20,0,20,88
02/21/2005,COU,MO,ACE,CE,Federal Contract Tower,0,14,32,0,46,0,0,10,0,10,0,14,42,0,56,6,0,6,62
02/22/2005,COU,MO,ACE,CE,Federal Contract Tower,0,11,25,0,36,0,0,35,3,38,0,11,60,3,74,24,9,33,107
02/23/2005,COU,MO,ACE,CE,Federal Contract Tower,0,11,18,0,29,0,0,22,7,29,0,11,40,7,58,16,11,27,85
02/24/2005,COU,MO,ACE,CE,Federal Contract Tower,0,12,26,6,44,0,0,0,6,6,0,12,26,12,50,4,0,4,54
02/25/2005,COU,MO,ACE,CE,Federal Contract Tower,0,11,39,0,50,0,0,67,0,67,0,11,106,0,117,30,4,34,151
02/26/2005,COU,MO,ACE,CE,Federal Contract Tower,2,10,32,1,45,0,0,52,0,52,2,10,84,1,97,34,0,34,131
02/27/2005,COU,MO,ACE,CE,Federal Contract Tower,0,12,23,0,35,0,0,10,0,10,0,12,33,0,45,10,0,10,55
02/28/2005,COU,MO,ACE,CE,Federal Contract Tower,0,19,25,0,44,0,0,15,0,15,0,19,40,0,59,8,0,8,67
03/01/2005,COU,MO,ACE,CE,Federal Contract Tower,2,10,19,0,31,0,0,32,2,34,2,10,51,2,65,14,0,14,79
03/02/2005,COU,MO,ACE,CE,Federal Contract Tower,0,9,29,0,38,0,0,47,0,47,0,9,76,0,85,15,0,15,100
03/03/2005,COU,MO,ACE,CE,Federal Contract Tower,0,10,37,0,47,0,0,43,0,43,0,10,80,0,90,22,2,24,114
03/04/2005,COU,MO,ACE,CE,Federal Contract Tower,0,7,27,0,34,0,0,38,5,43,0,7,65,5,77,34,0,34,111
03/05/2005,COU,MO,ACE,CE,Federal Contract Tower,0,3,20,0,23,0,0,41,0,41,0,3,61,0,64,24,0,24,88
03/06/2005,COU,MO,ACE,CE,Federal Contract Tower,0,10,28,0,38,0,0,29,0,29,0,10,57,0,67,28,4,32,99
03/07/2005,COU,MO,ACE,CE,Federal Contract Tower,0,10,28,0,38,0,4,27,2,33,0,14,55,2,71,24,0,24,95
03/08/2005,COU,MO,ACE,CE,Federal Contract Tower,0,9,30,0,39,0,0,39,2,41,0,9,69,2,80,24,8,32,112
03/09/2005,COU,MO,ACE,CE,Federal Contract Tower,0,14,16,3,33,0,0,24,2,26,0,14,40,5,59,26,6,32,91
03/10/2005,COU,MO,ACE,CE,Federal Contract Tower,0,8,23,0,31,0,0,17,0,17,0,8,40,0,48,28,0,28,76
03/11/2005,COU,MO,ACE,CE,Federal Contract Tower,0,12,17,0,29,0,3,13,0,16,0,15,30,0,45,14,0,14,59
03/12/2005,COU,MO,ACE,CE,Federal Contract Tower,0,3,14,0,17,0,0,60,0,60,0,3,74,0,77,24,0,24,101
03/13/2005,COU,MO,ACE,CE,Federal Contract Tower,0,2,18,0,20,0,4,59,0,63,0,6,77,0,83,32,0,32,115
03/14/2005,COU,MO,ACE,CE,Federal Contract Tower,0,9,26,0,35,0,0,48,5,53,0,9,74,5,88,20,18,38,126
03/15/2005,COU,MO,ACE,CE,Federal Contract Tower,0,8,31,0,39,0,0,24,0,24,0,8,55,0,63,22,0,22,85
03/16/2005,COU,MO,ACE,CE,Federal Contract Tower,0,7,16,0,23,0,0,34,4,38,0,7,50,4,61,16,14,30,91
03/17/2005,COU,MO,ACE,CE,Federal Contract Tower,0,7,21,0,28,0,0,25,0,25,0,7,46,0,53,16,0,16,69
03/18/2005,COU,MO,ACE,CE,Federal Contract Tower,0,11,28,0,39,0,0,28,0,28,0,11,56,0,67,31,2,33,100
03/19/2005,COU,MO,ACE,CE,Federal Contract Tower,0,5,20,0,25,0,2,24,0,26,0,7,44,0,51,20,0,20,71
03/20/2005,COU,MO,ACE,CE,Federal Contract Tower,0,9,15,0,24,0,0,39,0,39,0,9,54,0,63,46,0,46,109
03/21/2005,COU,MO,ACE,CE,Federal Contract Tower,0,14,13,0,27,0,0,30,0,30,0,14,43,0,57,26,0,26,83
03/22/2005,COU,MO,ACE,CE,Federal Contract Tower,0,12,18,0,30,0,0,0,0,0,0,12,18,0,30,2,0,2,32
03/23/2005,COU,MO,ACE,CE,Federal Contract Tower,1,9,31,2,43,0,0,3,0,3,1,9,34,2,46,0,22,22,68
03/24/2005,COU,MO,ACE,CE,Federal Contract Tower,4,13,23,0,40,0,0,20,0,20,4,13,43,0,60,24,0,24,84
03/25/2005,COU,MO,ACE,CE,Federal Contract Tower,1,10,21,0,32,0,0,0,0,0,1,10,21,0,32,0,0,0,32
03/26/2005,COU,MO,ACE,CE,Federal Contract Tower,0,5,24,0,29,0,0,10,0,10,0,5,34,0,39,4,0,4,43
03/27/2005,COU,MO,ACE,CE,Federal Contract Tower,0,4,15,0,19,0,0,25,0,25,0,4,40,0,44,32,0,32,76
03/28/2005,COU,MO,ACE,CE,Federal Contract Tower,0,11,19,0,30,0,0,43,0,43,0,11,62,0,73,44,0,44,117
03/29/2005,COU,MO,ACE,CE,Federal Contract Tower,0,11,19,0,30,0,0,13,0,13,0,11,32,0,43,8,2,10,53
03/30/2005,COU,MO,ACE,CE,Federal Contract Tower,0,10,27,2,39,0,0,4,0,4,0,10,31,2,43,2,2,4,47
03/31/2005,COU,MO,ACE,CE,Federal Contract Tower,0,10,24,0,34,0,3,35,0,38,0,13,59,0,72,28,0,28,100
04/01/2005,COU,MO,ACE,CE,Federal Contract Tower,0,14,23,0,37,0,0,42,0,42,0,14,65,0,79,6,0,6,85
04/02/2005,COU,MO,ACE,CE,Federal Contract Tower,0,1,0,0,1,0,0,18,0,18,0,1,18,0,19,4,0,4,23
04/03/2005,COU,MO,ACE,CE,Federal Contract Tower,0,0,0,0,0,0,0,0,0,0,0,0,0,0,0,0,0,0,0
04/04/2005,COU,MO,ACE,CE,Federal Contract Tower,0,12,13,0,25,0,0,37,2,39,0,12,50,2,64,14,16,30,94
04/05/2005,COU,MO,ACE,CE,Federal Contract Tower,0,10,26,0,36,0,0,34,2,36,0,10,60,2,72,26,2,28,100
04/06/2005,COU,MO,ACE,CE,Federal Contract Tower,0,9,16,0,25,0,0,26,9,35,0,9,42,9,60,12,0,12,72
04/07/2005,COU,MO,ACE,CE,Federal Contract Tower,1,13,33,0,47,0,0,3,0,3,1,13,36,0,50,0,2,2,52
04/08/2005,COU,MO,ACE,CE,Federal Contract Tower,0,7,40,0,47,0,0,29,4,33,0,7,69,4,80,22,20,42,122
04/09/2005,COU,MO,ACE,CE,Federal Contract Tower,0,3,18,0,21,0,0,31,0,31,0,3,49,0,52,10,0,10,62
04/10/2005,COU,MO,ACE,CE,Federal Contract Tower,0,12,30,0,42,0,0,29,0,29,0,12,59,0,71,23,0,23,94
04/11/2005,COU,MO,ACE,CE,Federal Contract Tower,0,8,23,0,31,0,0,8,0,8,0,8,31,0,39,6,0,6,45
04/12/2005,COU,MO,ACE,CE,Federal Contract Tower,0,7,17,3,27,0,0,12,3,15,0,7,29,6,42,12,4,16,58
04/13/2005,COU,MO,ACE,CE,Federal Contract Tower,0,12,38,0,50,0,0,21,0,21,0,12,59,0,71,20,0,20,91
04/14/2005,COU,MO,ACE,CE,Federal Contract Tower,0,11,29,0,40,0,3,38,1,42,0,14,67,1,82,34,2,36,118
04/15/2005,COU,MO,ACE,CE,Federal Contract Tower,0,8,16,0,24,0,0,45,0,45,0,8,61,0,69,56,0,56,125
04/16/2005,COU,MO,ACE,CE,Federal Contract Tower,0,5,10,4,19,0,0,38,4,42,0,5,48,8,61,24,0,24,85
04/17/2005,COU,MO,ACE,CE,Federal Contract Tower,0,7,26,3,36,0,0,39,1,40,0,7,65,4,76,32,0,32,108
04/18/2005,COU,MO,ACE,CE,Federal Contract Tower,0,9,18,0,27,0,0,49,2,51,0,9,67,2,78,47,0,47,125
04/19/2005,COU,MO,ACE,CE,Federal Contract Tower,0,11,22,0,33,0,1,25,2,28,0,12,47,2,61,15,2,17,78
04/20/2005,COU,MO,ACE,CE,Federal Contract Tower,0,8,24,0,32,0,0,14,2,16,0,8,38,2,48,9,14,23,71
04/21/2005,COU,MO,ACE,CE,Federal Contract Tower,0,15,25,0,40,0,2,25,0,27,0,17,50,0,67,6,0,6,73
04/22/2005,COU,MO,ACE,CE,Federal Contract Tower,0,7,29,0,36,0,0,16,0,16,0,7,45,0,52,30,0,30,82
04/23/2005,COU,MO,ACE,CE,Federal Contract Tower,0,5,12,4,21,0,0,36,0,36,0,5,48,4,57,19,0,19,76
04/24/2005,COU,MO,ACE,CE,Federal Contract Tower,0,10,17,0,27,0,0,40,0,40,0,10,57,0,67,20,0,20,87
04/25/2005,COU,MO,ACE,CE,Federal Contract Tower,0,11,19,0,30,0,0,31,0,31,0,11,50,0,61,20,0,20,81
04/26/2005,COU,MO,ACE,CE,Federal Contract Tower,0,11,17,0,28,0,0,40,4,44,0,11,57,4,72,8,15,23,95
04/27/2005,COU,MO,ACE,CE,Federal Contract Tower,0,10,26,0,36,0,0,31,0,31,0,10,57,0,67,20,0,20,87
04/28/2005,COU,MO,ACE,CE,Federal Contract Tower,0,14,26,0,40,0,0,14,0,14,0,14,40,0,54,0,0,0,54
04/29/2005,COU,MO,ACE,CE,Federal Contract Tower,0,11,28,0,39,0,0,8,0,8,0,11,36,0,47,2,0,2,49
04/30/2005,COU,MO,ACE,CE,Federal Contract Tower,0,6,17,0,23,0,0,43,0,43,0,6,60,0,66,18,0,18,84
05/01/2005,COU,MO,ACE,CE,Federal Contract Tower,0,7,18,0,25,0,0,37,0,37,0,7,55,0,62,19,0,19,81
05/02/2005,COU,MO,ACE,CE,Federal Contract Tower,0,9,20,0,29,0,0,42,0,42,0,9,62,0,71,31,0,31,102
05/03/2005,COU,MO,ACE,CE,Federal Contract Tower,0,9,20,0,29,0,0,48,2,50,0,9,68,2,79,20,10,30,109
05/04/2005,COU,MO,ACE,CE,Federal Contract Tower,0,9,20,0,29,0,0,49,0,49,0,9,69,0,78,26,4,30,108
05/05/2005,COU,MO,ACE,CE,Federal Contract Tower,0,9,21,0,30,0,0,25,0,25,0,9,46,0,55,26,0,26,81
05/06/2005,COU,MO,ACE,CE,Federal Contract Tower,1,10,29,0,40,0,0,32,0,32,1,10,61,0,72,34,0,34,106
05/07/2005,COU,MO,ACE,CE,Federal Contract Tower,0,2,17,5,24,0,1,44,5,50,0,3,61,10,74,29,13,42,116
05/08/2005,COU,MO,ACE,CE,Federal Contract Tower,0,6,7,0,13,0,0,42,0,42,0,6,49,0,55,16,0,16,71
05/09/2005,COU,MO,ACE,CE,Federal Contract Tower,0,7,25,0,32,0,2,53,0,55,0,9,78,0,87,23,0,23,110
05/10/2005,COU,MO,ACE,CE,Federal Contract Tower,1,7,8,0,16,0,0,37,5,42,1,7,45,5,58,11,2,13,71
05/11/2005,COU,MO,ACE,CE,Federal Contract Tower,0,9,12,0,21,0,0,12,0,12,0,9,24,0,33,12,0,12,45
05/12/2005,COU,MO,ACE,CE,Federal Contract Tower,1,12,20,1,34,0,1,18,1,20,1,13,38,2,54,14,0,14,68
05/13/2005,COU,MO,ACE,CE,Federal Contract Tower,0,9,20,0,29,0,0,18,2,20,0,9,38,2,49,12,4,16,65
05/14/2005,COU,MO,ACE,CE,Federal Contract Tower,2,5,19,0,26,0,0,46,0,46,2,5,65,0,72,18,4,22,94
05/15/2005,COU,MO,ACE,CE,Federal Contract Tower,0,12,16,0,28,0,0,48,0,48,0,12,64,0,76,19,0,19,95
05/16/2005,COU,MO,ACE,CE,Federal Contract Tower,0,11,26,4,41,0,0,41,4,45,0,11,67,8,86,42,2,44,130
05/17/2005,COU,MO,ACE,CE,Federal Contract Tower,0,9,23,0,32,0,0,54,4,58,0,9,77,4,90,27,0,27,117
05/18/2005,COU,MO,ACE,CE,Federal Contract Tower,0,9,23,0,32,0,0,35,0,35,0,9,58,0,67,18,0,18,85
05/19/2005,COU,MO,ACE,CE,Federal Contract Tower,1,7,30,0,38,0,0,47,2,49,1,7,77,2,87,32,2,34,121
05/20/2005,COU,MO,ACE,CE,Federal Contract Tower,1,8,43,0,52,0,0,34,0,34,1,8,77,0,86,14,0,14,100
05/21/2005,COU,MO,ACE,CE,Federal Contract Tower,0,8,17,0,25,0,0,57,2,59,0,8,74,2,84,16,4,20,104
05/22/2005,COU,MO,ACE,CE,Federal Contract Tower,0,8,19,0,27,0,0,45,4,49,0,8,64,4,76,19,0,19,95
05/23/2005,COU,MO,ACE,CE,Federal Contract Tower,1,9,21,0,31,0,0,59,0,59,1,9,80,0,90,32,2,34,124
05/24/2005,COU,MO,ACE,CE,Federal Contract Tower,0,8,17,0,25,0,0,52,0,52,0,8,69,0,77,29,0,29,106
05/25/2005,COU,MO,ACE,CE,Federal Contract Tower,1,8,20,0,29,0,0,54,36,90,1,8,74,36,119,42,30,72,191
05/26/2005,COU,MO,ACE,CE,Federal Contract Tower,0,8,26,12,46,0,0,34,14,48,0,8,60,26,94,16,28,44,138
05/27/2005,COU,MO,ACE,CE,Federal Contract Tower,0,9,29,3,41,0,0,36,26,62,0,9,65,29,103,19,94,113,216
05/28/2005,COU,MO,ACE,CE,Federal Contract Tower,0,1,7,0,8,0,0,49,27,76,0,1,56,27,84,54,92,146,230
05/29/2005,COU,MO,ACE,CE,Federal Contract Tower,0,2,5,2,9,0,0,31,22,53,0,2,36,24,62,12,98,110,172
05/30/2005,COU,MO,ACE,CE,Federal Contract Tower,0,8,15,3,26,0,1,45,20,66,0,9,60,23,92,17,34,51,143
05/31/2005,COU,MO,ACE,CE,Federal Contract Tower,0,10,10,5,25,0,1,42,3,46,0,11,52,8,71,19,0,19,90
06/01/2005,COU,MO,ACE,CE,Federal Contract Tower,0,10,31,0,41,0,0,46,0,46,0,10,77,0,87,29,0,29,116
06/02/2005,COU,MO,ACE,CE,Federal Contract Tower,0,9,21,4,34,0,0,33,8,41,0,9,54,12,75,40,15,55,130
06/03/2005,COU,MO,ACE,CE,Federal Contract Tower,0,11,27,0,38,0,0,22,0,22,0,11,49,0,60,20,0,20,80
06/04/2005,COU,MO,ACE,CE,Federal Contract Tower,0,5,12,0,17,0,0,17,0,17,0,5,29,0,34,10,0,10,44
06/05/2005,COU,MO,ACE,CE,Federal Contract Tower,0,15,14,0,29,0,0,32,0,32,0,15,46,0,61,14,0,14,75
06/06/2005,COU,MO,ACE,CE,Federal Contract Tower,0,10,24,0,34,0,0,27,8,35,0,10,51,8,69,20,14,34,103
06/07/2005,COU,MO,ACE,CE,Federal Contract Tower,0,10,23,0,33,0,0,52,0,52,0,10,75,0,85,31,0,31,116
06/08/2005,COU,MO,ACE,CE,Federal Contract Tower,0,12,18,0,30,0,0,39,0,39,0,12,57,0,69,8,0,8,77
06/09/2005,COU,MO,ACE,CE,Federal Contract Tower,0,11,16,0,27,0,1,46,0,47,0,12,62,0,74,16,0,16,90
06/10/2005,COU,MO,ACE,CE,Federal Contract Tower,0,6,18,5,29,0,0,14,2,16,0,6,32,7,45,16,0,16,61
06/11/2005,COU,MO,ACE,CE,Federal Contract Tower,0,6,13,0,19,0,0,24,0,24,0,6,37,0,43,22,0,22,65
06/12/2005,COU,MO,ACE,CE,Federal Contract Tower,0,13,11,0,24,0,0,42,0,42,0,13,53,0,66,26,0,26,92
06/13/2005,COU,MO,ACE,CE,Federal Contract Tower,6,12,20,0,38,0,0,34,2,36,6,12,54,2,74,20,0,20,94
06/14/2005,COU,MO,ACE,CE,Federal Contract Tower,0,10,17,0,27,0,1,44,2,47,0,11,61,2,74,20,0,20,94
06/15/2005,COU,MO,ACE,CE,Federal Contract Tower,0,7,20,0,27,0,0,29,0,29,0,7,49,0,56,24,0,24,80
06/16/2005,COU,MO,ACE,CE,Federal Contract Tower,0,10,12,2,24,0,0,50,0,50,0,10,62,2,74,28,0,28,102
06/17/2005,COU,MO,ACE,CE,Federal Contract Tower,0,8,28,4,40,0,0,28,1,29,0,8,56,5,69,26,4,30,99
06/18/2005,COU,MO,ACE,CE,Federal Contract Tower,0,3,16,0,19,0,0,50,0,50,0,3,66,0,69,52,0,52,121
06/19/2005,COU,MO,ACE,CE,Federal Contract Tower,0,7,14,9,30,0,0,46,0,46,0,7,60,9,76,36,0,36,112
06/20/2005,COU,MO,ACE,CE,Federal Contract Tower,0,10,13,0,23,0,0,53,0,53,0,10,66,0,76,29,0,29,105
06/21/2005,COU,MO,ACE,CE,Federal Contract Tower,0,8,14,0,22,0,0,34,6,40,0,8,48,6,62,6,14,20,82
06/22/2005,COU,MO,ACE,CE,Federal Contract Tower,0,8,24,0,32,0,0,28,2,30,0,8,52,2,62,22,0,22,84
06/23/2005,COU,MO,ACE,CE,Federal Contract Tower,0,11,22,0,33,0,0,53,2,55,0,11,75,2,88,22,0,22,110
06/24/2005,COU,MO,ACE,CE,Federal Contract Tower,0,11,19,2,32,0,0,49,8,57,0,11,68,10,89,32,14,46,135
06/25/2005,COU,MO,ACE,CE,Federal Contract Tower,0,4,20,0,24,0,0,51,0,51,0,4,71,0,75,43,0,43,118
06/26/2005,COU,MO,ACE,CE,Federal Contract Tower,0,8,17,0,25,0,0,43,0,43,0,8,60,0,68,35,4,39,107
06/27/2005,COU,MO,ACE,CE,Federal Contract Tower,0,9,17,0,26,0,0,45,0,45,0,9,62,0,71,38,0,38,109
06/28/2005,COU,MO,ACE,CE,Federal Contract Tower,0,6,21,0,27,0,1,46,0,47,0,7,67,0,74,31,0,31,105
06/29/2005,COU,MO,ACE,CE,Federal Contract Tower,0,8,22,0,30,0,0,26,2,28,0,8,48,2,58,18,2,20,78
06/30/2005,COU,MO,ACE,CE,Federal Contract Tower,0,9,12,0,21,0,0,15,8,23,0,9,27,8,44,32,36,68,112
07/01/2005,COU,MO,ACE,CE,Federal Contract Tower,0,10,17,0,27,0,0,40,0,40,0,10,57,0,67,32,0,32,99
07/02/2005,COU,MO,ACE,CE,Federal Contract Tower,0,3,9,0,12,0,0,59,0,59,0,3,68,0,71,20,0,20,91
07/03/2005,COU,MO,ACE,CE,Federal Contract Tower,0,7,14,0,21,0,0,38,0,38,0,7,52,0,59,37,0,37,96
07/04/2005,COU,MO,ACE,CE,Federal Contract Tower,0,4,13,2,19,0,0,34,2,36,0,4,47,4,55,18,2,20,75
07/05/2005,COU,MO,ACE,CE,Federal Contract Tower,0,9,14,0,23,0,0,50,0,50,0,9,64,0,73,29,2,31,104
07/06/2005,COU,MO,ACE,CE,Federal Contract Tower,0,7,23,0,30,0,0,27,0,27,0,7,50,0,57,16,0,16,73
07/07/2005,COU,MO,ACE,CE,Federal Contract Tower,0,9,23,0,32,0,0,36,0,36,0,9,59,0,68,26,0,26,94
07/08/2005,COU,MO,ACE,CE,Federal Contract Tower,0,8,13,0,21,0,1,28,0,29,0,9,41,0,50,24,2,26,76
07/09/2005,COU,MO,ACE,CE,Federal Contract Tower,0,4,19,0,23,0,0,47,0,47,0,4,66,0,70,18,0,18,88
07/10/2005,COU,MO,ACE,CE,Federal Contract Tower,0,7,26,2,35,0,0,47,0,47,0,7,73,2,82,20,0,20,102
07/11/2005,COU,MO,ACE,CE,Federal Contract Tower,0,8,19,0,27,0,1,37,0,38,0,9,56,0,65,46,0,46,111
07/12/2005,COU,MO,ACE,CE,Federal Contract Tower,0,11,19,0,30,0,0,27,0,27,0,11,46,0,57,28,0,28,85
07/13/2005,COU,MO,ACE,CE,Federal Contract Tower,0,8,32,0,40,0,0,24,0,24,0,8,56,0,64,22,0,22,86
07/14/2005,COU,MO,ACE,CE,Federal Contract Tower,0,9,27,0,36,0,0,37,0,37,0,9,64,0,73,12,0,12,85
07/15/2005,COU,MO,ACE,CE,Federal Contract Tower,0,13,26,0,39,0,0,33,0,33,0,13,59,0,72,28,0,28,100
07/16/2005,COU,MO,ACE,CE,Federal Contract Tower,0,3,13,0,16,0,12,49,0,61,0,15,62,0,77,14,0,14,91
07/17/2005,COU,MO,ACE,CE,Federal Contract Tower,0,7,23,0,30,0,0,33,0,33,0,7,56,0,63,30,0,30,93
07/18/2005,COU,MO,ACE,CE,Federal Contract Tower,0,11,13,0,24,0,0,51,2,53,0,11,64,2,77,28,0,28,105
07/19/2005,COU,MO,ACE,CE,Federal Contract Tower,0,7,18,3,28,0,0,47,1,48,0,7,65,4,76,26,0,26,102
07/20/2005,COU,MO,ACE,CE,Federal Contract Tower,0,11,32,4,47,0,0,31,5,36,0,11,63,9,83,28,10,38,121
07/21/2005,COU,MO,ACE,CE,Federal Contract Tower,0,10,23,0,33,0,0,40,0,40,0,10,63,0,73,22,0,22,95
07/22/2005,COU,MO,ACE,CE,Federal Contract Tower,0,8,24,9,41,0,0,25,7,32,0,8,49,16,73,28,26,54,127
07/23/2005,COU,MO,ACE,CE,Federal Contract Tower,0,3,10,0,13,0,0,71,0,71,0,3,81,0,84,24,0,24,108
07/24/2005,COU,MO,ACE,CE,Federal Contract Tower,0,7,25,0,32,0,0,46,0,46,0,7,71,0,78,34,0,34,112
07/25/2005,COU,MO,ACE,CE,Federal Contract Tower,0,13,14,0,27,0,0,45,0,45,0,13,59,0,72,17,0,17,89
07/26/2005,COU,MO,ACE,CE,Federal Contract Tower,0,9,33,0,42,0,0,39,2,41,0,9,72,2,83,32,0,32,115
07/27/2005,COU,MO,ACE,CE,Federal Contract Tower,0,13,22,0,35,0,0,37,0,37,0,13,59,0,72,36,0,36,108
07/28/2005,COU,MO,ACE,CE,Federal Contract Tower,0,12,30,2,44,0,0,43,4,47,0,12,73,6,91,26,6,32,123
07/29/2005,COU,MO,ACE,CE,Federal Contract Tower,0,7,18,0,25,0,0,46,0,46,0,7,64,0,71,30,0,30,101
07/30/2005,COU,MO,ACE,CE,Federal Contract Tower,0,3,16,0,19,0,1,52,0,53,0,4,68,0,72,26,4,30,102
07/31/2005,COU,MO,ACE,CE,Federal Contract Tower,0,9,17,1,27,0,0,68,0,68,0,9,85,1,95,38,0,38,133
08/01/2005,COU,MO,ACE,CE,Federal Contract Tower,0,10,19,0,29,0,0,48,0,48,0,10,67,0,77,29,0,29,106
08/02/2005,COU,MO,ACE,CE,Federal Contract Tower,0,10,26,0,36,0,0,42,0,42,0,10,68,0,78,25,0,25,103
08/03/2005,COU,MO,ACE,CE,Federal Contract Tower,0,9,33,0,42,0,0,31,0,31,0,9,64,0,73,20,0,20,93
08/04/2005,COU,MO,ACE,CE,Federal Contract Tower,0,12,21,1,34,0,0,28,0,28,0,12,49,1,62,12,0,12,74
08/05/2005,COU,MO,ACE,CE,Federal Contract Tower,0,7,23,0,30,0,0,19,7,26,0,7,42,7,56,18,20,38,94
08/06/2005,COU,MO,ACE,CE,Federal Contract Tower,0,3,16,0,19,0,0,32,2,34,0,3,48,2,53,20,2,22,75
08/07/2005,COU,MO,ACE,CE,Federal Contract Tower,0,14,21,0,35,0,0,45,0,45,0,14,66,0,80,26,0,26,106
08/08/2005,COU,MO,ACE,CE,Federal Contract Tower,0,14,29,0,43,0,0,35,0,35,0,14,64,0,78,24,0,24,102
08/09/2005,COU,MO,ACE,CE,Federal Contract Tower,0,10,12,0,22,0,0,46,2,48,0,10,58,2,70,30,8,38,108
08/10/2005,COU,MO,ACE,CE,Federal Contract Tower,0,9,25,0,34,0,0,42,2,44,0,9,67,2,78,29,24,53,131
08/11/2005,COU,MO,ACE,CE,Federal Contract Tower,0,12,35,0,47,0,0,23,4,27,0,12,58,4,74,28,0,28,102
08/12/2005,COU,MO,ACE,CE,Federal Contract Tower,0,10,29,0,39,0,0,31,2,33,0,10,60,2,72,20,2,22,94
08/13/2005,COU,MO,ACE,CE,Federal Contract Tower,2,8,11,0,21,0,0,28,0,28,2,8,39,0,49,17,0,17,66
08/14/2005,COU,MO,ACE,CE,Federal Contract Tower,0,9,33,0,42,0,0,0,0,0,0,9,33,0,42,0,0,0,42
08/15/2005,COU,MO,ACE,CE,Federal Contract Tower,0,10,21,0,31,0,0,0,0,0,0,10,21,0,31,2,0,2,33
08/16/2005,COU,MO,ACE,CE,Federal Contract Tower,0,7,19,0,26,0,0,33,0,33,0,7,52,0,59,32,0,32,91
08/17/2005,COU,MO,ACE,CE,Federal Contract Tower,0,8,33,0,41,0,0,25,0,25,0,8,58,0,66,34,0,34,100
08/18/2005,COU,MO,ACE,CE,Federal Contract Tower,0,8,23,0,31,0,0,37,0,37,0,8,60,0,68,40,0,40,108
08/19/2005,COU,MO,ACE,CE,Federal Contract Tower,0,11,26,0,37,1,0,36,0,37,1,11,62,0,74,38,0,38,112
08/20/2005,COU,MO,ACE,CE,Federal Contract Tower,0,4,13,0,17,0,0,40,0,40,0,4,53,0,57,22,0,22,79
08/21/2005,COU,MO,ACE,CE,Federal Contract Tower,0,6,17,0,23,0,0,37,2,39,0,6,54,2,62,26,0,26,88
08/22/2005,COU,MO,ACE,CE,Federal Contract Tower,0,9,22,0,31,0,0,20,4,24,0,9,42,4,55,29,18,47,102
08/23/2005,COU,MO,ACE,CE,Federal Contract Tower,0,8,16,0,24,0,0,30,4,34,0,8,46,4,58,24,2,26,84
08/24/2005,COU,MO,ACE,CE,Federal Contract Tower,0,5,19,0,24,0,1,16,0,17,0,6,35,0,41,29,0,29,70
08/25/2005,COU,MO,ACE,CE,Federal Contract Tower,0,8,14,0,22,0,0,18,0,18,0,8,32,0,40,4,0,4,44
08/26/2005,COU,MO,ACE,CE,Federal Contract Tower,0,7,12,1,20,0,0,13,1,14,0,7,25,2,34,8,0,8,42
08/27/2005,COU,MO,ACE,CE,Federal Contract Tower,0,6,16,0,22,0,0,55,0,55,0,6,71,0,77,37,0,37,114
08/28/2005,COU,MO,ACE,CE,Federal Contract Tower,0,5,17,0,22,0,0,52,4,56,0,5,69,4,78,27,0,27,105
08/29/2005,COU,MO,ACE,CE,Federal Contract Tower,0,8,19,0,27,0,0,51,5,56,0,8,70,5,83,43,0,43,126
08/30/2005,COU,MO,ACE,CE,Federal Contract Tower,0,5,19,0,24,0,0,50,0,50,0,5,69,0,74,18,0,18,92
08/31/2005,COU,MO,ACE,CE,Federal Contract Tower,0,6,33,0,39,0,0,43,0,43,0,6,76,0,82,32,0,32,114
09/01/2005,COU,MO,ACE,CE,Federal Contract Tower,0,8,22,0,30,0,0,37,0,37,0,8,59,0,67,16,0,16,83
09/02/2005,COU,MO,ACE,CE,Federal Contract Tower,0,6,27,0,33,0,0,38,0,38,0,6,65,0,71,18,0,18,89
09/03/2005,COU,MO,ACE,CE,Federal Contract Tower,0,1,14,0,15,0,0,16,0,16,0,1,30,0,31,10,0,10,41
09/04/2005,COU,MO,ACE,CE,Federal Contract Tower,0,4,13,0,17,0,0,51,0,51,0,4,64,0,68,26,2,28,96
09/05/2005,COU,MO,ACE,CE,Federal Contract Tower,4,7,17,0,28,0,0,51,0,51,4,7,68,0,79,42,0,42,121
09/06/2005,COU,MO,ACE,CE,Federal Contract Tower,0,5,24,0,29,0,1,51,4,56,0,6,75,4,85,32,0,32,117
09/07/2005,COU,MO,ACE,CE,Federal Contract Tower,0,5,28,0,33,0,0,32,0,32,0,5,60,0,65,36,0,36,101
09/08/2005,COU,MO,ACE,CE,Federal Contract Tower,0,5,23,1,29,0,0,30,1,31,0,5,53,2,60,38,0,38,98
09/09/2005,COU,MO,ACE,CE,Federal Contract Tower,1,7,19,2,29,0,0,28,0,28,1,7,47,2,57,20,2,22,79
09/10/2005,COU,MO,ACE,CE,Federal Contract Tower,1,7,17,2,27,0,0,85,3,88,1,7,102,5,115,60,6,66,181
09/11/2005,COU,MO,ACE,CE,Federal Contract Tower,0,5,19,0,24,0,0,52,0,52,0,5,71,0,76,28,0,28,104
09/12/2005,COU,MO,ACE,CE,Federal Contract Tower,2,17,12,1,32,0,0,36,1,37,2,17,48,2,69,24,2,26,95
09/13/2005,COU,MO,ACE,CE,Federal Contract Tower,0,8,13,0,21,0,0,47,0,47,0,8,60,0,68,20,0,20,88
09/14/2005,COU,MO,ACE,CE,Federal Contract Tower,0,10,23,2,35,0,0,29,0,29,0,10,52,2,64,14,0,14,78
09/15/2005,COU,MO,ACE,CE,Federal Contract Tower,0,11,40,0,51,0,0,0,0,0,0,11,40,0,51,6,0,6,57
09/16/2005,COU,MO,ACE,CE,Federal Contract Tower,1,9,40,0,50,0,0,21,0,21,1,9,61,0,71,18,0,18,89
09/17/2005,COU,MO,ACE,CE,Federal Contract Tower,1,5,25,0,31,0,0,57,0,57,1,5,82,0,88,42,2,44,132
09/18/2005,COU,MO,ACE,CE,Federal Contract Tower,0,7,17,0,24,0,0,35,0,35,0,7,52,0,59,19,0,19,78
09/19/2005,COU,MO,ACE,CE,Federal Contract Tower,0,7,18,2,27,0,0,37,0,37,0,7,55,2,64,25,0,25,89
09/20/2005,COU,MO,ACE,CE,Federal Contract Tower,0,7,22,0,29,0,0,46,0,46,0,7,68,0,75,23,0,23,98
09/21/2005,COU,MO,ACE,CE,Federal Contract Tower,0,8,25,0,33,0,0,47,0,47,0,8,72,0,80,36,0,36,116
09/22/2005,COU,MO,ACE,CE,Federal Contract Tower,2,5,18,0,25,0,0,32,0,32,2,5,50,0,57,22,6,28,85
09/23/2005,COU,MO,ACE,CE,Federal Contract Tower,1,10,23,0,34,0,0,22,0,22,1,10,45,0,56,0,0,0,56
09/24/2005,COU,MO,ACE,CE,Federal Contract Tower,0,3,11,0,14,0,0,53,0,53,0,3,64,0,67,25,0,25,92
09/25/2005,COU,MO,ACE,CE,Federal Contract Tower,0,7,21,0,28,0,0,31,2,33,0,7,52,2,61,16,0,16,77
09/26/2005,COU,MO,ACE,CE,Federal Contract Tower,0,9,25,0,34,0,0,28,0,28,0,9,53,0,62,20,0,20,82
09/27/2005,COU,MO,ACE,CE,Federal Contract Tower,0,6,30,0,36,0,0,38,0,38,0,6,68,0,74,17,0,17,91
09/28/2005,COU,MO,ACE,CE,Federal Contract Tower,0,4,28,0,32,0,0,4,0,4,0,4,32,0,36,0,0,0,36
09/29/2005,COU,MO,ACE,CE,Federal Contract Tower,0,5,21,0,26,0,0,41,0,41,0,5,62,0,67,40,0,40,107
09/30/2005,COU,MO,ACE,CE,Federal Contract Tower,2,8,26,0,36,0,0,37,0,37,2,8,63,0,73,16,0,16,89
10/01/2005,COU,MO,ACE,CE,Federal Contract Tower,8,9,28,0,45,0,0,52,0,52,8,9,80,0,97,8,0,8,105
10/02/2005,COU,MO,ACE,CE,Federal Contract Tower,0,8,14,0,22,0,0,32,0,32,0,8,46,0,54,12,0,12,66
10/03/2005,COU,MO,ACE,CE,Federal Contract Tower,0,10,9,0,19,0,13,47,0,60,0,23,56,0,79,29,0,29,108
10/04/2005,COU,MO,ACE,CE,Federal Contract Tower,0,15,12,0,27,0,0,32,2,34,0,15,44,2,61,22,8,30,91
10/05/2005,COU,MO,ACE,CE,Federal Contract Tower,0,10,26,0,36,0,0,29,0,29,0,10,55,0,65,18,0,18,83
10/06/2005,COU,MO,ACE,CE,Federal Contract Tower,0,8,13,1,22,0,0,29,1,30,0,8,42,2,52,26,8,34,86
10/07/2005,COU,MO,ACE,CE,Federal Contract Tower,2,7,22,6,37,0,0,27,2,29,2,7,49,8,66,14,2,16,82
10/08/2005,COU,MO,ACE,CE,Federal Contract Tower,2,3,17,4,26,0,0,49,0,49,2,3,66,4,75,30,0,30,105
10/09/2005,COU,MO,ACE,CE,Federal Contract Tower,0,7,14,2,23,0,0,62,0,62,0,7,76,2,85,38,0,38,123
10/10/2005,COU,MO,ACE,CE,Federal Contract Tower,0,13,18,1,32,0,0,50,1,51,0,13,68,2,83,36,0,36,119
10/11/2005,COU,MO,ACE,CE,Federal Contract Tower,0,6,30,0,36,0,0,29,0,29,0,6,59,0,65,29,0,29,94
10/12/2005,COU,MO,ACE,CE,Federal Contract Tower,0,7,17,2,26,0,0,27,0,27,0,7,44,2,53,36,0,36,89
10/13/2005,COU,MO,ACE,CE,Federal Contract Tower,0,11,28,0,39,0,0,42,0,42,0,11,70,0,81,28,0,28,109
10/14/2005,COU,MO,ACE,CE,Federal Contract Tower,1,9,29,0,39,0,0,50,0,50,1,9,79,0,89,20,0,20,109
10/15/2005,COU,MO,ACE,CE,Federal Contract Tower,1,5,21,0,27,0,0,55,0,55,1,5,76,0,82,19,0,19,101
10/16/2005,COU,MO,ACE,CE,Federal Contract Tower,0,10,15,0,25,0,0,45,0,45,0,10,60,0,70,32,0,32,102
10/17/2005,COU,MO,ACE,CE,Federal Contract Tower,0,8,14,0,22,0,2,46,0,48,0,10,60,0,70,39,2,41,111
10/18/2005,COU,MO,ACE,CE,Federal Contract Tower,0,11,28,0,39,0,0,45,0,45,0,11,73,0,84,22,0,22,106
10/19/2005,COU,MO,ACE,CE,Federal Contract Tower,0,12,21,0,33,0,0,26,0,26,0,12,47,0,59,24,0,24,83
10/20/2005,COU,MO,ACE,CE,Federal Contract Tower,0,11,39,0,50,0,4,10,0,14,0,15,49,0,64,18,0,18,82
10/21/2005,COU,MO,ACE,CE,Federal Contract Tower,4,10,35,0,49,0,0,21,0,21,4,10,56,0,70,46,0,46,116
10/22/2005,COU,MO,ACE,CE,Federal Contract Tower,4,15,43,0,62,0,6,52,0,58,4,21,95,0,120,22,0,22,142
10/23/2005,COU,MO,ACE,CE,Federal Contract Tower,0,9,36,0,45,0,0,32,0,32,0,9,68,0,77,20,0,20,97
10/24/2005,COU,MO,ACE,CE,Federal Contract Tower,0,9,43,0,52,0,5,31,0,36,0,14,74,0,88,14,0,14,102
10/25/2005,COU,MO,ACE,CE,Federal Contract Tower,0,8,20,0,28,0,1,31,0,32,0,9,51,0,60,21,0,21,81
10/26/2005,COU,MO,ACE,CE,Federal Contract Tower,0,10,18,0,28,0,0,63,2,65,0,10,81,2,93,12,2,14,107
10/27/2005,COU,MO,ACE,CE,Federal Contract Tower,0,12,28,0,40,0,0,41,0,41,0,12,69,0,81,32,0,32,113
10/28/2005,COU,MO,ACE,CE,Federal Contract Tower,0,7,18,0,25,0,0,38,0,38,0,7,56,0,63,38,0,38,101
10/29/2005,COU,MO,ACE,CE,Federal Contract Tower,0,3,12,0,15,0,0,37,0,37,0,3,49,0,52,24,16,40,92
10/30/2005,COU,MO,ACE,CE,Federal Contract Tower,0,11,10,0,21,0,0,40,6,46,0,11,50,6,67,29,0,29,96
10/31/2005,COU,MO,ACE,CE,Federal Contract Tower,0,9,31,0,40,0,0,2,0,2,0,9,33,0,42,0,0,0,42
11/01/2005,COU,MO,ACE,CE,Federal Contract Tower,2,9,16,0,27,0,0,59,2,61,2,9,75,2,88,32,8,40,128
11/02/2005,COU,MO,ACE,CE,Federal Contract Tower,0,10,21,0,31,0,2,39,0,41,0,12,60,0,72,20,4,24,96
11/03/2005,COU,MO,ACE,CE,Federal Contract Tower,0,11,16,0,27,0,0,26,0,26,0,11,42,0,53,16,0,16,69
11/04/2005,COU,MO,ACE,CE,Federal Contract Tower,2,11,29,0,42,0,4,36,2,42,2,15,65,2,84,38,12,50,134
11/05/2005,COU,MO,ACE,CE,Federal Contract Tower,0,11,5,0,16,0,0,29,0,29,0,11,34,0,45,32,0,32,77
11/06/2005,COU,MO,ACE,CE,Federal Contract Tower,0,9,26,0,35,0,0,50,0,50,0,9,76,0,85,35,0,35,120
11/07/2005,COU,MO,ACE,CE,Federal Contract Tower,0,11,11,1,23,0,0,52,6,58,0,11,63,7,81,30,12,42,123
11/08/2005,COU,MO,ACE,CE,Federal Contract Tower,0,6,21,0,27,0,0,57,4,61,0,6,78,4,88,30,0,30,118
11/09/2005,COU,MO,ACE,CE,Federal Contract Tower,0,11,21,1,33,0,0,25,2,27,0,11,46,3,60,24,6,30,90
11/10/2005,COU,MO,ACE,CE,Federal Contract Tower,0,17,19,0,36,0,0,30,0,30,0,17,49,0,66,28,0,28,94
11/11/2005,COU,MO,ACE,CE,Federal Contract Tower,1,8,19,11,39,0,0,54,0,54,1,8,73,11,93,26,0,26,119
11/12/2005,COU,MO,ACE,CE,Federal Contract Tower,1,5,18,0,24,0,0,32,0,32,1,5,50,0,56,13,0,13,69
11/13/2005,COU,MO,ACE,CE,Federal Contract Tower,0,9,19,0,28,0,0,54,6,60,0,9,73,6,88,48,0,48,136
11/14/2005,COU,MO,ACE,CE,Federal Contract Tower,0,11,22,0,33,0,0,13,0,13,0,11,35,0,46,8,0,8,54
11/15/2005,COU,MO,ACE,CE,Federal Contract Tower,0,9,7,0,16,0,0,2,3,5,0,9,9,3,21,0,12,12,33
11/16/2005,COU,MO,ACE,CE,Federal Contract Tower,0,9,13,0,22,0,0,29,0,29,0,9,42,0,51,14,0,14,65
11/17/2005,COU,MO,ACE,CE,Federal Contract Tower,0,8,32,0,40,0,0,43,0,43,0,8,75,0,83,32,2,34,117
11/18/2005,COU,MO,ACE,CE,Federal Contract Tower,2,6,24,0,32,0,1,41,0,42,2,7,65,0,74,22,0,22,96
11/19/2005,COU,MO,ACE,CE,Federal Contract Tower,2,5,15,0,22,0,0,51,0,51,2,5,66,0,73,25,0,25,98
11/20/2005,COU,MO,ACE,CE,Federal Contract Tower,0,7,26,0,33,0,2,7,0,9,0,9,33,0,42,0,0,0,42
11/21/2005,COU,MO,ACE,CE,Federal Contract Tower,0,12,20,0,32,0,1,52,0,53,0,13,72,0,85,24,0,24,109
11/22/2005,COU,MO,ACE,CE,Federal Contract Tower,0,10,25,0,35,0,0,44,0,44,0,10,69,0,79,26,0,26,105
11/23/2005,COU,MO,ACE,CE,Federal Contract Tower,0,7,15,0,22,0,0,48,0,48,0,7,63,0,70,19,0,19,89
11/24/2005,COU,MO,ACE,CE,Federal Contract Tower,0,1,0,0,1,0,0,20,0,20,0,1,20,0,21,2,0,2,23
11/25/2005,COU,MO,ACE,CE,Federal Contract Tower,0,4,5,0,9,0,0,27,0,27,0,4,32,0,36,20,0,20,56
11/26/2005,COU,MO,ACE,CE,Federal Contract Tower,0,9,13,2,24,0,0,35,1,36,0,9,48,3,60,12,0,12,72
11/27/2005,COU,MO,ACE,CE,Federal Contract Tower,0,6,10,1,17,0,0,25,0,25,0,6,35,1,42,16,0,16,58
11/28/2005,COU,MO,ACE,CE,Federal Contract Tower,0,10,11,0,21,0,0,37,0,37,0,10,48,0,58,16,2,18,76
11/29/2005,COU,MO,ACE,CE,Federal Contract Tower,0,12,18,0,30,0,0,41,0,41,0,12,59,0,71,22,0,22,93
11/30/2005,COU,MO,ACE,CE,Federal Contract Tower,0,10,24,0,34,0,0,28,0,28,0,10,52,0,62,26,0,26,88
12/01/2005,COU,MO,ACE,CE,Federal Contract Tower,0,14,14,0,28,0,0,18,0,18,0,14,32,0,46,40,0,40,86
12/02/2005,COU,MO,ACE,CE,Federal Contract Tower,0,5,21,0,26,0,3,25,0,28,0,8,46,0,54,38,0,38,92
12/03/2005,COU,MO,ACE,CE,Federal Contract Tower,0,4,2,0,6,0,0,42,0,42,0,4,44,0,48,27,0,27,75
12/04/2005,COU,MO,ACE,CE,Federal Contract Tower,0,6,6,0,12,0,2,48,0,50,0,8,54,0,62,23,0,23,85
12/05/2005,COU,MO,ACE,CE,Federal Contract Tower,0,7,16,0,23,0,0,42,5,47,0,7,58,5,70,28,8,36,106
12/06/2005,COU,MO,ACE,CE,Federal Contract Tower,1,5,21,0,27,0,0,37,4,41,1,5,58,4,68,14,10,24,92
12/07/2005,COU,MO,ACE,CE,Federal Contract Tower,0,11,10,0,21,0,0,9,0,9,0,11,19,0,30,10,2,12,42
12/08/2005,COU,MO,ACE,CE,Federal Contract Tower,0,9,11,0,20,0,0,2,0,2,0,9,13,0,22,4,0,4,26
12/09/2005,COU,MO,ACE,CE,Federal Contract Tower,0,8,15,0,23,0,6,30,2,38,0,14,45,2,61,34,6,40,101
12/10/2005,COU,MO,ACE,CE,Federal Contract Tower,0,4,26,0,30,0,0,21,3,24,0,4,47,3,54,10,2,12,66
12/11/2005,COU,MO,ACE,CE,Federal Contract Tower,0,6,14,0,20,0,0,44,0,44,0,6,58,0,64,22,0,22,86
12/12/2005,COU,MO,ACE,CE,Federal Contract Tower,0,8,17,0,25,0,0,41,6,47,0,8,58,6,72,25,8,33,105
12/13/2005,COU,MO,ACE,CE,Federal Contract Tower,0,9,19,1,29,0,0,43,4,47,0,9,62,5,76,20,12,32,108
12/14/2005,COU,MO,ACE,CE,Federal Contract Tower,0,7,24,0,31,0,0,18,3,21,0,7,42,3,52,16,4,20,72
12/15/2005,COU,MO,ACE,CE,Federal Contract Tower,0,8,14,0,22,0,0,15,2,17,0,8,29,2,39,4,0,4,43
12/16/2005,COU,MO,ACE,CE,Federal Contract Tower,0,5,29,0,34,0,0,31,2,33,0,5,60,2,67,10,0,10,77
12/17/2005,COU,MO,ACE,CE,Federal Contract Tower,0,5,11,6,22,0,0,11,0,11,0,5,22,6,33,2,6,8,41
12/18/2005,COU,MO,ACE,CE,Federal Contract Tower,0,6,3,0,9,0,0,40,2,42,0,6,43,2,51,6,30,36,87
12/19/2005,COU,MO,ACE,CE,Federal Contract Tower,0,7,18,0,25,0,0,55,0,55,0,7,73,0,80,28,2,30,110
12/20/2005,COU,MO,ACE,CE,Federal Contract Tower,0,4,18,0,22,0,1,54,0,55,0,5,72,0,77,25,0,25,102
12/21/2005,COU,MO,ACE,CE,Federal Contract Tower,0,8,26,0,34,0,0,37,6,43,0,8,63,6,77,16,6,22,99
12/22/2005,COU,MO,ACE,CE,Federal Contract Tower,0,8,15,0,23,0,0,38,0,38,0,8,53,0,61,18,0,18,79
12/23/2005,COU,MO,ACE,CE,Federal Contract Tower,0,8,14,0,22,0,0,18,0,18,0,8,32,0,40,8,0,8,48
12/24/2005,COU,MO,ACE,CE,Federal Contract Tower,0,2,2,0,4,0,0,0,0,0,0,2,2,0,4,0,0,0,4
12/25/2005,COU,MO,ACE,CE,Federal Contract Tower,2,5,2,0,9,0,0,0,0,0,2,5,2,0,9,0,0,0,9
12/26/2005,COU,MO,ACE,CE,Federal Contract Tower,0,9,10,0,19,0,1,53,0,54,0,10,63,0,73,32,0,32,105
12/27/2005,COU,MO,ACE,CE,Federal Contract Tower,7,6,8,0,21,0,1,52,0,53,7,7,60,0,74,28,0,28,102
12/28/2005,COU,MO,ACE,CE,Federal Contract Tower,0,6,6,0,12,0,0,0,0,0,0,6,6,0,12,0,0,0,12
12/29/2005,COU,MO,ACE,CE,Federal Contract Tower,0,5,15,0,20,0,0,6,2,8,0,5,21,2,28,4,2,6,34
12/30/2005,COU,MO,ACE,CE,Federal Contract Tower,1,5,16,0,22,0,0,19,0,19,1,5,35,0,41,36,0,36,77
12/31/2005,COU,MO,ACE,CE,Federal Contract Tower,0,4,11,0,15,0,0,47,0,47,0,4,58,0,62,28,0,28,90
01/01/2006,COU,MO,ACE,CE,Federal Contract Tower,0,4,14,0,18,0,0,30,0,30,0,4,44,0,48,14,0,14,62
01/02/2006,COU,MO,ACE,CE,Federal Contract Tower,0,9,12,0,21,0,2,10,0,12,0,11,22,0,33,6,0,6,39
01/03/2006,COU,MO,ACE,CE,Federal Contract Tower,0,9,20,0,29,0,0,25,2,27,0,9,45,2,56,16,0,16,72
01/04/2006,COU,MO,ACE,CE,Federal Contract Tower,0,7,15,0,22,0,0,34,0,34,0,7,49,0,56,10,0,10,66
01/05/2006,COU,MO,ACE,CE,Federal Contract Tower,0,5,12,0,17,0,0,18,0,18,0,5,30,0,35,14,0,14,49
01/06/2006,COU,MO,ACE,CE,Federal Contract Tower,0,7,13,0,20,0,0,37,1,38,0,7,50,1,58,54,18,72,130
01/07/2006,COU,MO,ACE,CE,Federal Contract Tower,0,11,16,0,27,0,0,51,0,51,0,11,67,0,78,20,0,20,98
01/08/2006,COU,MO,ACE,CE,Federal Contract Tower,0,5,7,0,12,0,0,54,0,54,0,5,61,0,66,15,0,15,81
01/09/2006,COU,MO,ACE,CE,Federal Contract Tower,0,12,18,1,31,0,0,25,1,26,0,12,43,2,57,2,0,2,59
01/10/2006,COU,MO,ACE,CE,Federal Contract Tower,0,7,10,0,17,0,0,0,0,0,0,7,10,0,17,0,0,0,17
01/11/2006,COU,MO,ACE,CE,Federal Contract Tower,0,11,15,0,26,0,0,30,2,32,0,11,45,2,58,30,0,30,88
01/12/2006,COU,MO,ACE,CE,Federal Contract Tower,0,6,18,0,24,0,0,34,0,34,0,6,52,0,58,20,0,20,78
01/13/2006,COU,MO,ACE,CE,Federal Contract Tower,0,9,10,2,21,0,0,10,0,10,0,9,20,2,31,4,0,4,35
01/14/2006,COU,MO,ACE,CE,Federal Contract Tower,0,5,16,0,21,0,0,57,4,61,0,5,73,4,82,24,10,34,116
01/15/2006,COU,MO,ACE,CE,Federal Contract Tower,0,5,4,0,9,0,0,58,0,58,0,5,62,0,67,21,0,21,88
01/16/2006,COU,MO,ACE,CE,Federal Contract Tower,0,5,14,0,19,0,0,60,0,60,0,5,74,0,79,26,0,26,105
01/17/2006,COU,MO,ACE,CE,Federal Contract Tower,0,7,20,0,27,0,0,43,0,43,0,7,63,0,70,34,0,34,104
01/18/2006,COU,MO,ACE,CE,Federal Contract Tower,0,6,15,0,21,0,0,37,0,37,0,6,52,0,58,40,0,40,98
01/19/2006,COU,MO,ACE,CE,Federal Contract Tower,0,5,16,0,21,0,0,30,0,30,0,5,46,0,51,10,0,10,61
01/20/2006,COU,MO,ACE,CE,Federal Contract Tower,0,9,10,0,19,0,0,7,0,7,0,9,17,0,26,4,0,4,30
01/21/2006,COU,MO,ACE,CE,Federal Contract Tower,0,4,12,0,16,0,0,2,0,2,0,4,14,0,18,0,0,0,18
01/22/2006,COU,MO,ACE,CE,Federal Contract Tower,0,5,14,0,19,0,0,4,0,4,0,5,18,0,23,12,0,12,35
01/23/2006,COU,MO,ACE,CE,Federal Contract Tower,0,11,13,0,24,0,0,16,0,16,0,11,29,0,40,0,0,0,40
01/24/2006,COU,MO,ACE,CE,Federal Contract Tower,0,7,11,0,18,0,0,54,0,54,0,7,65,0,72,36,0,36,108
01/25/2006,COU,MO,ACE,CE,Federal Contract Tower,0,6,26,0,32,0,0,25,0,25,0,6,51,0,57,42,0,42,99
01/26/2006,COU,MO,ACE,CE,Federal Contract Tower,0,11,17,0,28,0,0,24,0,24,0,11,41,0,52,38,0,38,90
01/27/2006,COU,MO,ACE,CE,Federal Contract Tower,0,10,13,0,23,0,0,32,0,32,0,10,45,0,55,26,0,26,81
01/28/2006,COU,MO,ACE,CE,Federal Contract Tower,2,7,8,0,17,0,0,3,0,3,2,7,11,0,20,0,0,0,20
01/29/2006,COU,MO,ACE,CE,Federal Contract Tower,0,5,5,0,10,0,0,56,0,56,0,5,61,0,66,40,0,40,106
01/30/2006,COU,MO,ACE,CE,Federal Contract Tower,8,7,16,0,31,0,1,49,0,50,8,8,65,0,81,32,0,32,113
01/31/2006,COU,MO,ACE,CE,Federal Contract Tower,0,8,12,0,20,0,0,45,4,49,0,8,57,4,69,40,8,48,117
02/01/2006,COU,MO,ACE,CE,Federal Contract Tower,0,5,24,0,29,0,0,34,2,36,0,5,58,2,65,26,0,26,91
02/02/2006,COU,MO,ACE,CE,Federal Contract Tower,0,5,18,0,23,0,0,33,0,33,0,5,51,0,56,14,0,14,70
02/03/2006,COU,MO,ACE,CE,Federal Contract Tower,0,8,19,0,27,0,0,20,0,20,0,8,39,0,47,16,0,16,63
02/04/2006,COU,MO,ACE,CE,Federal Contract Tower,0,6,15,0,21,0,0,26,0,26,0,6,41,0,47,4,0,4,51
02/05/2006,COU,MO,ACE,CE,Federal Contract Tower,0,3,2,0,5,0,2,57,2,61,0,5,59,2,66,24,0,24,90
02/06/2006,COU,MO,ACE,CE,Federal Contract Tower,2,6,16,0,24,0,1,62,0,63,2,7,78,0,87,32,0,32,119
02/07/2006,COU,MO,ACE,CE,Federal Contract Tower,2,5,11,0,18,0,1,50,0,51,2,6,61,0,69,36,0,36,105
02/08/2006,COU,MO,ACE,CE,Federal Contract Tower,0,11,27,0,38,0,0,9,0,9,0,11,36,0,47,12,0,12,59
02/09/2006,COU,MO,ACE,CE,Federal Contract Tower,0,12,8,0,20,0,0,31,0,31,0,12,39,0,51,12,0,12,63
02/10/2006,COU,MO,ACE,CE,Federal Contract Tower,0,10,16,0,26,0,0,36,0,36,0,10,52,0,62,20,0,20,82
02/11/2006,COU,MO,ACE,CE,Federal Contract Tower,0,3,2,0,5,0,0,36,0,36,0,3,38,0,41,24,0,24,65
02/12/2006,COU,MO,ACE,CE,Federal Contract Tower,0,9,14,0,23,0,0,25,0,25,0,9,39,0,48,8,0,8,56
02/13/2006,COU,MO,ACE,CE,Federal Contract Tower,0,15,11,0,26,0,0,55,0,55,0,15,66,0,81,32,0,32,113
02/14/2006,COU,MO,ACE,CE,Federal Contract Tower,0,8,13,0,21,0,1,52,0,53,0,9,65,0,74,22,0,22,96
02/15/2006,COU,MO,ACE,CE,Federal Contract Tower,0,6,20,0,26,0,0,26,0,26,0,6,46,0,52,38,0,38,90
02/16/2006,COU,MO,ACE,CE,Federal Contract Tower,0,8,22,0,30,0,0,2,0,2,0,8,24,0,32,4,0,4,36
02/17/2006,COU,MO,ACE,CE,Federal Contract Tower,0,10,28,0,38,0,0,35,0,35,0,10,63,0,73,28,0,28,101
02/18/2006,COU,MO,ACE,CE,Federal Contract Tower,0,4,7,0,11,0,0,47,0,47,0,4,54,0,58,48,0,48,106
02/19/2006,COU,MO,ACE,CE,Federal Contract Tower,0,6,11,0,17,0,0,43,0,43,0,6,54,0,60,32,0,32,92
02/20/2006,COU,MO,ACE,CE,Federal Contract Tower,2,7,16,0,25,0,0,50,0,50,2,7,66,0,75,28,0,28,103
02/21/2006,COU,MO,ACE,CE,Federal Contract Tower,1,12,15,0,28,0,0,45,0,45,1,12,60,0,73,33,6,39,112
02/22/2006,COU,MO,ACE,CE,Federal Contract Tower,0,9,20,5,34,0,0,26,3,29,0,9,46,8,63,44,8,52,115
02/23/2006,COU,MO,ACE,CE,Federal Contract Tower,0,9,23,0,32,0,0,42,0,42,0,9,65,0,74,30,0,30,104
02/24/2006,COU,MO,ACE,CE,Federal Contract Tower,0,12,21,0,33,0,0,41,0,41,0,12,62,0,74,30,0,30,104
02/25/2006,COU,MO,ACE,CE,Federal Contract Tower,0,7,11,0,18,0,0,42,0,42,0,7,53,0,60,6,0,6,66
02/26/2006,COU,MO,ACE,CE,Federal Contract Tower,0,7,14,0,21,0,0,47,0,47,0,7,61,0,68,29,2,31,99
02/27/2006,COU,MO,ACE,CE,Federal Contract Tower,1,12,17,0,30,0,0,53,0,53,1,12,70,0,83,38,0,38,121
02/28/2006,COU,MO,ACE,CE,Federal Contract Tower,0,10,18,0,28,0,0,48,0,48,0,10,66,0,76,29,0,29,105
03/01/2006,COU,MO,ACE,CE,Federal Contract Tower,0,7,9,0,16,0,0,45,0,45,0,7,54,0,61,42,0,42,103
03/02/2006,COU,MO,ACE,CE,Federal Contract Tower,0,7,22,0,29,0,0,23,2,25,0,7,45,2,54,16,0,16,70
03/03/2006,COU,MO,ACE,CE,Federal Contract Tower,0,9,15,0,24,0,0,27,0,27,0,9,42,0,51,22,0,22,73
03/04/2006,COU,MO,ACE,CE,Federal Contract Tower,0,8,12,0,20,0,0,29,0,29,0,8,41,0,49,22,0,22,71
03/05/2006,COU,MO,ACE,CE,Federal Contract Tower,2,13,20,2,37,0,0,32,0,32,2,13,52,2,69,14,6,20,89
03/06/2006,COU,MO,ACE,CE,Federal Contract Tower,2,8,19,0,29,0,0,43,2,45,2,8,62,2,74,28,6,34,108
03/07/2006,COU,MO,ACE,CE,Federal Contract Tower,0,9,17,2,28,0,0,32,0,32,0,9,49,2,60,16,4,20,80
03/08/2006,COU,MO,ACE,CE,Federal Contract Tower,1,9,19,2,31,0,0,37,0,37,1,9,56,2,68,14,6,20,88
03/09/2006,COU,MO,ACE,CE,Federal Contract Tower,0,8,14,0,22,0,1,1,0,2,0,9,15,0,24,0,0,0,24
03/10/2006,COU,MO,ACE,CE,Federal Contract Tower,2,11,29,0,42,0,0,60,0,60,2,11,89,0,102,26,0,26,128
03/11/2006,COU,MO,ACE,CE,Federal Contract Tower,0,3,13,0,16,0,0,50,0,50,0,3,63,0,66,20,0,20,86
03/12/2006,COU,MO,ACE,CE,Federal Contract Tower,0,9,11,0,20,0,0,14,0,14,0,9,25,0,34,10,0,10,44
03/13/2006,COU,MO,ACE,CE,Federal Contract Tower,0,7,16,0,23,0,0,29,0,29,0,7,45,0,52,22,0,22,74
03/14/2006,COU,MO,ACE,CE,Federal Contract Tower,0,6,28,1,35,0,0,39,2,41,0,6,67,3,76,16,14,30,106
03/15/2006,COU,MO,ACE,CE,Federal Contract Tower,0,7,22,0,29,0,0,45,0,45,0,7,67,0,74,32,0,32,106
03/16/2006,COU,MO,ACE,CE,Federal Contract Tower,0,5,17,0,22,0,0,42,0,42,0,5,59,0,64,10,0,10,74
03/17/2006,COU,MO,ACE,CE,Federal Contract Tower,2,8,25,0,35,0,0,30,0,30,2,8,55,0,65,12,0,12,77
03/18/2006,COU,MO,ACE,CE,Federal Contract Tower,0,5,15,5,25,0,0,42,2,44,0,5,57,7,69,26,12,38,107
03/19/2006,COU,MO,ACE,CE,Federal Contract Tower,0,5,10,10,25,0,0,41,0,41,0,5,51,10,66,19,6,25,91
03/20/2006,COU,MO,ACE,CE,Federal Contract Tower,2,9,9,0,20,0,0,22,4,26,2,9,31,4,46,14,0,14,60
03/21/2006,COU,MO,ACE,CE,Federal Contract Tower,0,10,10,0,20,0,0,2,0,2,0,10,12,0,22,0,0,0,22
03/22/2006,COU,MO,ACE,CE,Federal Contract Tower,0,10,16,7,33,0,0,44,0,44,0,10,60,7,77,29,2,31,108
03/23/2006,COU,MO,ACE,CE,Federal Contract Tower,1,10,29,6,46,0,0,33,0,33,1,10,62,6,79,14,0,14,93
03/24/2006,COU,MO,ACE,CE,Federal Contract Tower,1,7,20,0,28,0,0,35,0,35,1,7,55,0,63,12,0,12,75
03/25/2006,COU,MO,ACE,CE,Federal Contract Tower,0,5,11,0,16,0,0,47,0,47,0,5,58,0,63,42,0,42,105
03/26/2006,COU,MO,ACE,CE,Federal Contract Tower,0,5,7,0,12,0,0,58,0,58,0,5,65,0,70,50,0,50,120
03/27/2006,COU,MO,ACE,CE,Federal Contract Tower,0,7,9,0,16,0,0,42,0,42,0,7,51,0,58,16,0,16,74
03/28/2006,COU,MO,ACE,CE,Federal Contract Tower,0,3,18,4,25,0,0,33,0,33,0,3,51,4,58,24,0,24,82
03/29/2006,COU,MO,ACE,CE,Federal Contract Tower,2,5,23,0,30,0,0,43,0,43,2,5,66,0,73,16,0,16,89
03/30/2006,COU,MO,ACE,CE,Federal Contract Tower,1,5,14,0,20,0,0,8,0,8,1,5,22,0,28,8,0,8,36
03/31/2006,COU,MO,ACE,CE,Federal Contract Tower,0,7,17,1,25,0,0,23,0,23,0,7,40,1,48,10,2,12,60
04/01/2006,COU,MO,ACE,CE,Federal Contract Tower,0,3,7,0,10,0,0,72,0,72,0,3,79,0,82,34,0,34,116
04/02/2006,COU,MO,ACE,CE,Federal Contract Tower,0,5,3,0,8,0,0,39,0,39,0,5,42,0,47,22,0,22,69
04/03/2006,COU,MO,ACE,CE,Federal Contract Tower,2,12,17,0,31,0,0,48,0,48,2,12,65,0,79,44,0,44,123
04/04/2006,COU,MO,ACE,CE,Federal Contract Tower,1,5,20,0,26,0,0,44,0,44,1,5,64,0,70,42,2,44,114
04/05/2006,COU,MO,ACE,CE,Federal Contract Tower,1,6,14,0,21,0,0,39,0,39,1,6,53,0,60,26,0,26,86
04/06/2006,COU,MO,ACE,CE,Federal Contract Tower,0,9,14,0,23,0,0,22,0,22,0,9,36,0,45,24,4,28,73
04/07/2006,COU,MO,ACE,CE,Federal Contract Tower,1,7,23,0,31,0,0,34,4,38,1,7,57,4,69,18,4,22,91
04/08/2006,COU,MO,ACE,CE,Federal Contract Tower,0,4,25,2,31,0,0,38,16,54,0,4,63,18,85,20,2,22,107
04/09/2006,COU,MO,ACE,CE,Federal Contract Tower,0,6,10,0,16,0,0,64,0,64,0,6,74,0,80,26,0,26,106
04/10/2006,COU,MO,ACE,CE,Federal Contract Tower,2,13,24,0,39,0,0,43,3,46,2,13,67,3,85,36,0,36,121
04/11/2006,COU,MO,ACE,CE,Federal Contract Tower,4,8,19,3,34,0,0,27,0,27,4,8,46,3,61,30,0,30,91
04/12/2006,COU,MO,ACE,CE,Federal Contract Tower,3,8,13,4,28,0,0,72,3,75,3,8,85,7,103,39,0,39,142
04/13/2006,COU,MO,ACE,CE,Federal Contract Tower,1,8,18,0,27,0,0,37,0,37,1,8,55,0,64,22,0,22,86
04/14/2006,COU,MO,ACE,CE,Federal Contract Tower,0,7,18,0,25,0,0,50,0,50,0,7,68,0,75,24,0,24,99
04/15/2006,COU,MO,ACE,CE,Federal Contract Tower,0,3,9,0,12,0,0,58,0,58,0,3,67,0,70,34,0,34,104
04/16/2006,COU,MO,ACE,CE,Federal Contract Tower,0,6,8,0,14,0,0,45,0,45,0,6,53,0,59,6,0,6,65
04/17/2006,COU,MO,ACE,CE,Federal Contract Tower,0,8,35,0,43,0,0,21,0,21,0,8,56,0,64,14,0,14,78
04/18/2006,COU,MO,ACE,CE,Federal Contract Tower,0,7,21,2,30,0,0,38,0,38,0,7,59,2,68,0,0,0,68
04/19/2006,COU,MO,ACE,CE,Federal Contract Tower,1,6,14,0,21,0,0,41,0,41,1,6,55,0,62,24,0,24,86
04/20/2006,COU,MO,ACE,CE,Federal Contract Tower,0,8,27,0,35,0,0,43,0,43,0,8,70,0,78,32,0,32,110
04/21/2006,COU,MO,ACE,CE,Federal Contract Tower,0,9,26,0,35,0,0,46,0,46,0,9,72,0,81,22,0,22,103
04/22/2006,COU,MO,ACE,CE,Federal Contract Tower,0,7,13,0,20,0,0,52,4,56,0,7,65,4,76,30,0,30,106
04/23/2006,COU,MO,ACE,CE,Federal Contract Tower,0,4,11,0,15,0,0,33,0,33,0,4,44,0,48,4,0,4,52
04/24/2006,COU,MO,ACE,CE,Federal Contract Tower,0,15,23,0,38,0,0,32,0,32,0,15,55,0,70,10,0,10,80
04/25/2006,COU,MO,ACE,CE,Federal Contract Tower,0,9,37,2,48,0,0,7,8,15,0,9,44,10,63,16,10,26,89
04/26/2006,COU,MO,ACE,CE,Federal Contract Tower,0,11,25,0,36,0,0,34,4,38,0,11,59,4,74,24,0,24,98
04/27/2006,COU,MO,ACE,CE,Federal Contract Tower,3,8,24,0,35,0,0,29,11,40,3,8,53,11,75,24,10,34,109
04/28/2006,COU,MO,ACE,CE,Federal Contract Tower,1,8,12,0,21,0,0,33,0,33,1,8,45,0,54,10,0,10,64
04/29/2006,COU,MO,ACE,CE,Federal Contract Tower,3,3,5,0,11,0,0,1,0,1,3,3,6,0,12,0,0,0,12
04/30/2006,COU,MO,ACE,CE,Federal Contract Tower,1,13,19,0,33,0,0,19,0,19,1,13,38,0,52,32,0,32,84
05/01/2006,COU,MO,ACE,CE,Federal Contract Tower,4,7,17,2,30,0,0,39,2,41,4,7,56,4,71,22,6,28,99
05/02/2006,COU,MO,ACE,CE,Federal Contract Tower,0,8,17,0,25,0,0,41,0,41,0,8,58,0,66,26,0,26,92
05/03/2006,COU,MO,ACE,CE,Federal Contract Tower,0,6,23,0,29,0,0,14,0,14,0,6,37,0,43,12,0,12,55
05/04/2006,COU,MO,ACE,CE,Federal Contract Tower,0,11,13,0,24,0,0,34,0,34,0,11,47,0,58,24,0,24,82
05/05/2006,COU,MO,ACE,CE,Federal Contract Tower,0,9,15,0,24,0,0,26,0,26,0,9,41,0,50,14,0,14,64
05/06/2006,COU,MO,ACE,CE,Federal Contract Tower,0,6,13,0,19,0,0,47,0,47,0,6,60,0,66,37,0,37,103
05/07/2006,COU,MO,ACE,CE,Federal Contract Tower,0,7,15,0,22,0,0,37,2,39,0,7,52,2,61,28,8,36,97
05/08/2006,COU,MO,ACE,CE,Federal Contract Tower,1,10,12,0,23,0,0,48,2,50,1,10,60,2,73,31,14,45,118
05/09/2006,COU,MO,ACE,CE,Federal Contract Tower,0,6,8,0,14,0,0,27,2,29,0,6,35,2,43,6,4,10,53
05/10/2006,COU,MO,ACE,CE,Federal Contract Tower,2,10,26,0,38,0,0,33,0,33,2,10,59,0,71,28,0,28,99
05/11/2006,COU,MO,ACE,CE,Federal Contract Tower,1,6,23,0,30,0,0,18,2,20,1,6,41,2,50,14,0,14,64
05/12/2006,COU,MO,ACE,CE,Federal Contract Tower,0,6,23,0,29,0,0,27,0,27,0,6,50,0,56,28,0,28,84
05/13/2006,COU,MO,ACE,CE,Federal Contract Tower,0,3,23,0,26,0,0,46,0,46,0,3,69,0,72,34,0,34,106
05/14/2006,COU,MO,ACE,CE,Federal Contract Tower,0,11,21,0,32,0,0,42,0,42,0,11,63,0,74,10,0,10,84
05/15/2006,COU,MO,ACE,CE,Federal Contract Tower,0,8,31,0,39,0,0,29,0,29,0,8,60,0,68,16,0,16,84
05/16/2006,COU,MO,ACE,CE,Federal Contract Tower,1,10,35,0,46,0,0,26,0,26,1,10,61,0,72,0,0,0,72
05/17/2006,COU,MO,ACE,CE,Federal Contract Tower,1,11,17,2,31,0,0,56,0,56,1,11,73,2,87,26,0,26,113
05/18/2006,COU,MO,ACE,CE,Federal Contract Tower,0,10,22,0,32,0,0,25,0,25,0,10,47,0,57,12,2,14,71
05/19/2006,COU,MO,ACE,CE,Federal Contract Tower,0,8,17,0,25,0,0,39,0,39,0,8,56,0,64,30,0,30,94
05/20/2006,COU,MO,ACE,CE,Federal Contract Tower,0,7,15,4,26,0,0,60,10,70,0,7,75,14,96,10,46,56,152
05/21/2006,COU,MO,ACE,CE,Federal Contract Tower,0,5,14,2,21,0,0,47,0,47,0,5,61,2,68,22,0,22,90
05/22/2006,COU,MO,ACE,CE,Federal Contract Tower,1,12,29,0,42,0,0,56,0,56,1,12,85,0,98,38,0,38,136
05/23/2006,COU,MO,ACE,CE,Federal Contract Tower,0,8,41,0,49,0,0,43,0,43,0,8,84,0,92,22,0,22,114
05/24/2006,COU,MO,ACE,CE,Federal Contract Tower,0,7,30,7,44,0,0,38,0,38,0,7,68,7,82,24,0,24,106
05/25/2006,COU,MO,ACE,CE,Federal Contract Tower,1,6,36,8,51,0,0,50,10,60,1,6,86,18,111,48,10,58,169
05/26/2006,COU,MO,ACE,CE,Federal Contract Tower,0,4,33,2,39,0,0,70,26,96,0,4,103,28,135,82,40,122,257
05/27/2006,COU,MO,ACE,CE,Federal Contract Tower,0,1,9,0,10,0,1,20,31,52,0,2,29,31,62,20,82,102,164
05/28/2006,COU,MO,ACE,CE,Federal Contract Tower,0,4,2,0,6,0,0,29,45,74,0,4,31,45,80,12,64,76,156
05/29/2006,COU,MO,ACE,CE,Federal Contract Tower,0,13,13,2,28,0,0,37,23,60,0,13,50,25,88,18,10,28,116
05/30/2006,COU,MO,ACE,CE,Federal Contract Tower,0,12,14,2,28,0,1,52,2,55,0,13,66,4,83,28,0,28,111
05/31/2006,COU,MO,ACE,CE,Federal Contract Tower,0,5,9,0,14,0,0,24,2,26,0,5,33,2,40,12,0,12,52
06/01/2006,COU,MO,ACE,CE,Federal Contract Tower,0,8,38,0,46,0,0,12,0,12,0,8,50,0,58,2,0,2,60
06/02/2006,COU,MO,ACE,CE,Federal Contract Tower,1,8,25,0,34,0,0,52,0,52,1,8,77,0,86,16,0,16,102
06/03/2006,COU,MO,ACE,CE,Federal Contract Tower,0,11,10,0,21,0,2,52,0,54,0,13,62,0,75,30,0,30,105
06/04/2006,COU,MO,ACE,CE,Federal Contract Tower,0,5,6,2,13,0,0,46,1,47,0,5,52,3,60,27,16,43,103
06/05/2006,COU,MO,ACE,CE,Federal Contract Tower,0,7,8,0,15,0,0,35,4,39,0,7,43,4,54,18,26,44,98
06/06/2006,COU,MO,ACE,CE,Federal Contract Tower,2,6,21,0,29,0,0,42,2,44,2,6,63,2,73,37,6,43,116
06/07/2006,COU,MO,ACE,CE,Federal Contract Tower,0,6,23,0,29,0,0,31,2,33,0,6,54,2,62,34,22,56,118
06/08/2006,COU,MO,ACE,CE,Federal Contract Tower,0,10,22,0,32,0,0,40,2,42,0,10,62,2,74,14,22,36,110
06/09/2006,COU,MO,ACE,CE,Federal Contract Tower,1,9,22,0,32,0,0,34,0,34,1,9,56,0,66,24,2,26,92
06/10/2006,COU,MO,ACE,CE,Federal Contract Tower,0,4,13,0,17,0,1,21,0,22,0,5,34,0,39,20,2,22,61
06/11/2006,COU,MO,ACE,CE,Federal Contract Tower,0,7,23,0,30,0,0,24,0,24,0,7,47,0,54,22,0,22,76
06/12/2006,COU,MO,ACE,CE,Federal Contract Tower,0,11,29,0,40,0,0,28,4,32,0,11,57,4,72,30,8,38,110
06/13/2006,COU,MO,ACE,CE,Federal Contract Tower,0,8,30,0,38,0,0,48,2,50,0,8,78,2,88,26,4,30,118
06/14/2006,COU,MO,ACE,CE,Federal Contract Tower,1,10,25,0,36,0,0,59,2,61,1,10,84,2,97,62,20,82,179
06/15/2006,COU,MO,ACE,CE,Federal Contract Tower,0,8,35,0,43,0,0,30,1,31,0,8,65,1,74,14,0,14,88
06/16/2006,COU,MO,ACE,CE,Federal Contract Tower,0,6,25,0,31,0,0,24,2,26,0,6,49,2,57,18,10,28,85
06/17/2006,COU,MO,ACE,CE,Federal Contract Tower,0,6,10,0,16,0,0,18,0,18,0,6,28,0,34,0,0,0,34
06/18/2006,COU,MO,ACE,CE,Federal Contract Tower,0,15,17,0,32,0,0,24,0,24,0,15,41,0,56,22,0,22,78
06/19/2006,COU,MO,ACE,CE,Federal Contract Tower,0,8,33,2,43,0,0,30,2,32,0,8,63,4,75,16,6,22,97
06/20/2006,COU,MO,ACE,CE,Federal Contract Tower,0,13,36,0,49,0,0,46,2,48,0,13,82,2,97,16,0,16,113
06/21/2006,COU,MO,ACE,CE,Federal Contract Tower,0,7,24,0,31,0,0,34,0,34,0,7,58,0,65,34,0,34,99
06/22/2006,COU,MO,ACE,CE,Federal Contract Tower,0,7,18,0,25,0,0,18,0,18,0,7,36,0,43,8,0,8,51
06/23/2006,COU,MO,ACE,CE,Federal Contract Tower,0,6,23,0,29,0,0,41,2,43,0,6,64,2,72,28,10,38,110
06/24/2006,COU,MO,ACE,CE,Federal Contract Tower,0,6,13,0,19,0,0,46,0,46,0,6,59,0,65,28,0,28,93
06/25/2006,COU,MO,ACE,CE,Federal Contract Tower,0,6,11,4,21,0,0,40,0,40,0,6,51,4,61,32,0,32,93
06/26/2006,COU,MO,ACE,CE,Federal Contract Tower,0,8,25,0,33,0,0,35,0,35,0,8,60,0,68,25,0,25,93
06/27/2006,COU,MO,ACE,CE,Federal Contract Tower,0,5,19,0,24,0,0,40,0,40,0,5,59,0,64,30,0,30,94
06/28/2006,COU,MO,ACE,CE,Federal Contract Tower,0,9,30,0,39,0,0,47,0,47,0,9,77,0,86,56,0,56,142
06/29/2006,COU,MO,ACE,CE,Federal Contract Tower,0,7,20,0,27,0,0,35,0,35,0,7,55,0,62,10,0,10,72
06/30/2006,COU,MO,ACE,CE,Federal Contract Tower,0,6,24,2,32,0,0,55,0,55,0,6,79,2,87,28,0,28,115
07/01/2006,COU,MO,ACE,CE,Federal Contract Tower,0,4,14,0,18,0,0,46,0,46,0,4,60,0,64,14,0,14,78
07/02/2006,COU,MO,ACE,CE,Federal Contract Tower,0,3,10,0,13,0,0,28,0,28,0,3,38,0,41,12,0,12,53
07/03/2006,COU,MO,ACE,CE,Federal Contract Tower,0,4,7,0,11,0,0,43,2,45,0,4,50,2,56,20,8,28,84
07/04/2006,COU,MO,ACE,CE,Federal Contract Tower,0,2,9,0,11,0,0,21,0,21,0,2,30,0,32,6,0,6,38
07/05/2006,COU,MO,ACE,CE,Federal Contract Tower,0,7,30,0,37,0,0,41,2,43,0,7,71,2,80,22,0,22,102
07/06/2006,COU,MO,ACE,CE,Federal Contract Tower,0,6,16,1,23,0,0,45,1,46,0,6,61,2,69,28,4,32,101
07/07/2006,COU,MO,ACE,CE,Federal Contract Tower,0,6,29,0,35,0,0,43,0,43,0,6,72,0,78,30,0,30,108
07/08/2006,COU,MO,ACE,CE,Federal Contract Tower,0,4,8,0,12,0,0,61,0,61,0,4,69,0,73,42,0,42,115
07/09/2006,COU,MO,ACE,CE,Federal Contract Tower,0,7,17,0,24,0,0,47,0,47,0,7,64,0,71,20,0,20,91
07/10/2006,COU,MO,ACE,CE,Federal Contract Tower,0,11,15,0,26,0,0,8,0,8,0,11,23,0,34,2,0,2,36
07/11/2006,COU,MO,ACE,CE,Federal Contract Tower,0,6,30,0,36,0,0,29,0,29,0,6,59,0,65,30,0,30,95
07/12/2006,COU,MO,ACE,CE,Federal Contract Tower,0,8,28,2,38,0,0,47,2,49,0,8,75,4,87,28,6,34,121
07/13/2006,COU,MO,ACE,CE,Federal Contract Tower,0,3,22,0,25,0,0,50,0,50,0,3,72,0,75,20,0,20,95
07/14/2006,COU,MO,ACE,CE,Federal Contract Tower,0,7,23,0,30,0,0,39,0,39,0,7,62,0,69,28,0,28,97
07/15/2006,COU,MO,ACE,CE,Federal Contract Tower,0,6,6,0,12,0,0,57,0,57,0,6,63,0,69,36,0,36,105
07/16/2006,COU,MO,ACE,CE,Federal Contract Tower,0,8,13,0,21,0,0,38,2,40,0,8,51,2,61,22,4,26,87
07/17/2006,COU,MO,ACE,CE,Federal Contract Tower,0,9,12,0,21,0,0,28,2,30,0,9,40,2,51,26,0,26,77
07/18/2006,COU,MO,ACE,CE,Federal Contract Tower,0,6,17,0,23,0,0,42,0,42,0,6,59,0,65,40,0,40,105
07/19/2006,COU,MO,ACE,CE,Federal Contract Tower,8,12,46,1,67,0,0,45,0,45,8,12,91,1,112,38,0,38,150
07/20/2006,COU,MO,ACE,CE,Federal Contract Tower,0,10,16,0,26,0,0,28,0,28,0,10,44,0,54,20,0,20,74
07/21/2006,COU,MO,ACE,CE,Federal Contract Tower,0,6,21,0,27,0,0,15,0,15,0,6,36,0,42,10,0,10,52
07/22/2006,COU,MO,ACE,CE,Federal Contract Tower,0,4,18,0,22,0,0,48,2,50,0,4,66,2,72,36,4,40,112
07/23/2006,COU,MO,ACE,CE,Federal Contract Tower,0,4,6,0,10,0,0,49,0,49,0,4,55,0,59,28,0,28,87
07/24/2006,COU,MO,ACE,CE,Federal Contract Tower,0,6,11,0,17,0,0,48,2,50,0,6,59,2,67,16,32,48,115
07/25/2006,COU,MO,ACE,CE,Federal Contract Tower,0,8,21,0,29,0,0,44,0,44,0,8,65,0,73,24,0,24,97
07/26/2006,COU,MO,ACE,CE,Federal Contract Tower,0,7,21,0,28,0,0,42,0,42,0,7,63,0,70,42,0,42,112
07/27/2006,COU,MO,ACE,CE,Federal Contract Tower,0,12,21,0,33,0,0,23,0,23,0,12,44,0,56,16,0,16,72
07/28/2006,COU,MO,ACE,CE,Federal Contract Tower,0,9,20,0,29,0,0,14,4,18,0,9,34,4,47,8,6,14,61
07/29/2006,COU,MO,ACE,CE,Federal Contract Tower,0,10,6,0,16,0,2,41,0,43,0,12,47,0,59,16,2,18,77
07/30/2006,COU,MO,ACE,CE,Federal Contract Tower,0,6,12,0,18,0,0,40,0,40,0,6,52,0,58,20,0,20,78
07/31/2006,COU,MO,ACE,CE,Federal Contract Tower,0,13,15,0,28,0,0,32,2,34,0,13,47,2,62,28,0,28,90
08/01/2006,COU,MO,ACE,CE,Federal Contract Tower,0,6,20,0,26,0,0,37,0,37,0,6,57,0,63,54,0,54,117
08/02/2006,COU,MO,ACE,CE,Federal Contract Tower,0,6,16,0,22,0,0,35,0,35,0,6,51,0,57,28,0,28,85
08/03/2006,COU,MO,ACE,CE,Federal Contract Tower,0,6,25,0,31,0,0,15,4,19,0,6,40,4,50,48,12,60,110
08/04/2006,COU,MO,ACE,CE,Federal Contract Tower,0,6,39,7,52,0,0,32,11,43,0,6,71,18,95,6,20,26,121
08/05/2006,COU,MO,ACE,CE,Federal Contract Tower,0,4,17,8,29,0,0,46,2,48,0,4,63,10,77,16,24,40,117
08/06/2006,COU,MO,ACE,CE,Federal Contract Tower,0,8,19,1,28,0,0,30,0,30,0,8,49,1,58,6,2,8,66
08/07/2006,COU,MO,ACE,CE,Federal Contract Tower,0,9,18,0,27,0,0,40,2,42,0,9,58,2,69,16,8,24,93
08/08/2006,COU,MO,ACE,CE,Federal Contract Tower,0,11,14,0,25,0,0,24,0,24,0,11,38,0,49,14,0,14,63
08/09/2006,COU,MO,ACE,CE,Federal Contract Tower,0,8,24,0,32,0,0,42,2,44,0,8,66,2,76,30,8,38,114
08/10/2006,COU,MO,ACE,CE,Federal Contract Tower,0,7,15,0,22,0,0,27,0,27,0,7,42,0,49,2,0,2,51
08/11/2006,COU,MO,ACE,CE,Federal Contract Tower,0,14,17,0,31,0,0,15,0,15,0,14,32,0,46,12,0,12,58
08/12/2006,COU,MO,ACE,CE,Federal Contract Tower,0,8,15,0,23,0,0,18,0,18,0,8,33,0,41,4,0,4,45
08/13/2006,COU,MO,ACE,CE,Federal Contract Tower,0,7,22,0,29,0,1,42,0,43,0,8,64,0,72,0,0,0,72
08/14/2006,COU,MO,ACE,CE,Federal Contract Tower,0,8,22,0,30,0,0,25,0,25,0,8,47,0,55,16,0,16,71
08/15/2006,COU,MO,ACE,CE,Federal Contract Tower,0,6,23,0,29,0,0,35,2,37,0,6,58,2,66,20,6,26,92
08/16/2006,COU,MO,ACE,CE,Federal Contract Tower,0,9,14,0,23,0,0,50,0,50,0,9,64,0,73,38,0,38,111
08/17/2006,COU,MO,ACE,CE,Federal Contract Tower,0,8,24,0,32,0,0,39,0,39,0,8,63,0,71,14,0,14,85
08/18/2006,COU,MO,ACE,CE,Federal Contract Tower,0,5,31,0,36,0,0,20,0,20,0,5,51,0,56,20,0,20,76
08/19/2006,COU,MO,ACE,CE,Federal Contract Tower,0,4,11,0,15,0,0,24,0,24,0,4,35,0,39,14,0,14,53
08/20/2006,COU,MO,ACE,CE,Federal Contract Tower,0,6,24,0,30,0,0,18,0,18,0,6,42,0,48,26,0,26,74
08/21/2006,COU,MO,ACE,CE,Federal Contract Tower,0,10,26,2,38,0,0,39,0,39,0,10,65,2,77,20,0,20,97
08/22/2006,COU,MO,ACE,CE,Federal Contract Tower,0,9,25,0,34,0,0,37,0,37,0,9,62,0,71,20,0,20,91
08/23/2006,COU,MO,ACE,CE,Federal Contract Tower,0,7,27,0,34,0,0,55,0,55,0,7,82,0,89,24,0,24,113
08/24/2006,COU,MO,ACE,CE,Federal Contract Tower,0,4,19,0,23,0,0,32,0,32,0,4,51,0,55,14,0,14,69
08/25/2006,COU,MO,ACE,CE,Federal Contract Tower,0,8,21,0,29,0,0,29,0,29,0,8,50,0,58,2,0,2,60
08/26/2006,COU,MO,ACE,CE,Federal Contract Tower,0,4,14,0,18,0,0,44,0,44,0,4,58,0,62,28,0,28,90
08/27/2006,COU,MO,ACE,CE,Federal Contract Tower,0,6,18,0,24,0,0,27,2,29,0,6,45,2,53,0,0,0,53
08/28/2006,COU,MO,ACE,CE,Federal Contract Tower,0,9,9,0,18,0,0,18,0,18,0,9,27,0,36,2,0,2,38
08/29/2006,COU,MO,ACE,CE,Federal Contract Tower,0,6,22,0,28,0,0,18,0,18,0,6,40,0,46,20,0,20,66
08/30/2006,COU,MO,ACE,CE,Federal Contract Tower,0,7,27,0,34,0,0,39,0,39,0,7,66,0,73,58,0,58,131
08/31/2006,COU,MO,ACE,CE,Federal Contract Tower,0,6,28,0,34,0,0,28,0,28,0,6,56,0,62,18,0,18,80
09/01/2006,COU,MO,ACE,CE,Federal Contract Tower,0,8,32,6,46,0,0,31,4,35,0,8,63,10,81,22,0,22,103
09/02/2006,COU,MO,ACE,CE,Federal Contract Tower,0,4,9,0,13,0,0,62,0,62,0,4,71,0,75,40,0,40,115
09/03/2006,COU,MO,ACE,CE,Federal Contract Tower,0,6,12,0,18,0,0,44,0,44,0,6,56,0,62,22,0,22,84
09/04/2006,COU,MO,ACE,CE,Federal Contract Tower,0,13,16,0,29,0,0,53,0,53,0,13,69,0,82,38,0,38,120
09/05/2006,COU,MO,ACE,CE,Federal Contract Tower,0,8,28,0,36,0,0,30,2,32,0,8,58,2,68,34,16,50,118
09/06/2006,COU,MO,ACE,CE,Federal Contract Tower,0,7,26,0,33,0,0,50,0,50,0,7,76,0,83,30,0,30,113
09/07/2006,COU,MO,ACE,CE,Federal Contract Tower,0,10,20,1,31,0,2,40,2,44,0,12,60,3,75,18,10,28,103
09/08/2006,COU,MO,ACE,CE,Federal Contract Tower,2,10,38,2,52,0,0,31,2,33,2,10,69,4,85,32,0,32,117
09/09/2006,COU,MO,ACE,CE,Federal Contract Tower,2,6,40,0,48,0,0,50,2,52,2,6,90,2,100,30,0,30,130
09/10/2006,COU,MO,ACE,CE,Federal Contract Tower,0,9,35,0,44,0,0,51,5,56,0,9,86,5,100,24,4,28,128
09/11/2006,COU,MO,ACE,CE,Federal Contract Tower,0,9,19,0,28,0,0,44,0,44,0,9,63,0,72,30,0,30,102
09/12/2006,COU,MO,ACE,CE,Federal Contract Tower,0,8,29,0,37,0,0,30,0,30,0,8,59,0,67,4,0,4,71
09/13/2006,COU,MO,ACE,CE,Federal Contract Tower,0,7,40,0,47,0,0,37,0,37,0,7,77,0,84,46,0,46,130
09/14/2006,COU,MO,ACE,CE,Federal Contract Tower,0,11,21,0,32,0,0,41,0,41,0,11,62,0,73,22,0,22,95
09/15/2006,COU,MO,ACE,CE,Federal Contract Tower,2,10,16,0,28,0,0,63,0,63,2,10,79,0,91,12,2,14,105
09/16/2006,COU,MO,ACE,CE,Federal Contract Tower,0,5,16,0,21,0,0,35,0,35,0,5,51,0,56,4,0,4,60
09/17/2006,COU,MO,ACE,CE,Federal Contract Tower,0,6,16,0,22,0,0,6,0,6,0,6,22,0,28,0,0,0,28
09/18/2006,COU,MO,ACE,CE,Federal Contract Tower,0,11,14,2,27,0,0,53,4,57,0,11,67,6,84,24,10,34,118
09/19/2006,COU,MO,ACE,CE,Federal Contract Tower,0,7,20,0,27,0,0,42,7,49,0,7,62,7,76,40,4,44,120
09/20/2006,COU,MO,ACE,CE,Federal Contract Tower,0,11,17,3,31,0,0,40,0,40,0,11,57,3,71,36,0,36,107
09/21/2006,COU,MO,ACE,CE,Federal Contract Tower,0,0,0,0,0,0,0,32,0,32,0,0,32,0,32,12,2,14,46
09/22/2006,COU,MO,ACE,CE,Federal Contract Tower,1,5,27,0,33,0,0,18,0,18,1,5,45,0,51,14,0,14,65
09/23/2006,COU,MO,ACE,CE,Federal Contract Tower,1,10,18,0,29,0,0,42,0,42,1,10,60,0,71,47,0,47,118
09/24/2006,COU,MO,ACE,CE,Federal Contract Tower,0,10,12,0,22,0,0,32,0,32,0,10,44,0,54,30,0,30,84
09/25/2006,COU,MO,ACE,CE,Federal Contract Tower,0,10,23,4,37,0,0,40,2,42,0,10,63,6,79,26,16,42,121
09/26/2006,COU,MO,ACE,CE,Federal Contract Tower,0,8,23,0,31,0,0,66,0,66,0,8,89,0,97,58,0,58,155
09/27/2006,COU,MO,ACE,CE,Federal Contract Tower,0,6,19,0,25,0,0,29,2,31,0,6,48,2,56,18,2,20,76
09/28/2006,COU,MO,ACE,CE,Federal Contract Tower,0,9,20,2,31,0,0,16,2,18,0,9,36,4,49,20,10,30,79
09/29/2006,COU,MO,ACE,CE,Federal Contract Tower,2,9,35,0,46,0,0,24,0,24,2,9,59,0,70,30,4,34,104
09/30/2006,COU,MO,ACE,CE,Federal Contract Tower,1,6,27,0,34,0,0,49,0,49,1,6,76,0,83,20,0,20,103
10/01/2006,COU,MO,ACE,CE,Federal Contract Tower,0,7,17,0,24,0,0,69,0,69,0,7,86,0,93,10,0,10,103
10/02/2006,COU,MO,ACE,CE,Federal Contract Tower,0,9,14,0,23,0,0,50,2,52,0,9,64,2,75,24,20,44,119
10/03/2006,COU,MO,ACE,CE,Federal Contract Tower,0,11,15,0,26,0,0,45,2,47,0,11,60,2,73,36,2,38,111
10/04/2006,COU,MO,ACE,CE,Federal Contract Tower,0,12,26,0,38,0,0,48,2,50,0,12,74,2,88,36,8,44,132
10/05/2006,COU,MO,ACE,CE,Federal Contract Tower,2,8,20,0,30,0,0,64,0,64,2,8,84,0,94,22,6,28,122
10/06/2006,COU,MO,ACE,CE,Federal Contract Tower,2,8,34,0,44,0,0,67,4,71,2,8,101,4,115,30,6,36,151
10/07/2006,COU,MO,ACE,CE,Federal Contract Tower,0,4,13,0,17,0,0,67,0,67,0,4,80,0,84,38,0,38,122
10/08/2006,COU,MO,ACE,CE,Federal Contract Tower,0,3,17,0,20,0,0,64,0,64,0,3,81,0,84,26,0,26,110
10/09/2006,COU,MO,ACE,CE,Federal Contract Tower,0,11,12,0,23,0,0,53,0,53,0,11,65,0,76,18,0,18,94
10/10/2006,COU,MO,ACE,CE,Federal Contract Tower,0,10,26,0,36,0,0,39,2,41,0,10,65,2,77,4,0,4,81
10/11/2006,COU,MO,ACE,CE,Federal Contract Tower,0,9,23,0,32,0,0,22,0,22,0,9,45,0,54,8,0,8,62
10/12/2006,COU,MO,ACE,CE,Federal Contract Tower,0,6,29,0,35,0,0,34,0,34,0,6,63,0,69,12,0,12,81
10/13/2006,COU,MO,ACE,CE,Federal Contract Tower,2,6,19,2,29,0,0,41,10,51,2,6,60,12,80,20,0,20,100
10/14/2006,COU,MO,ACE,CE,Federal Contract Tower,1,9,26,4,40,0,0,55,0,55,1,9,81,4,95,42,0,42,137
10/15/2006,COU,MO,ACE,CE,Federal Contract Tower,0,5,25,0,30,0,0,16,0,16,0,5,41,0,46,0,0,0,46
10/16/2006,COU,MO,ACE,CE,Federal Contract Tower,0,11,14,0,25,0,0,0,0,0,0,11,14,0,25,2,0,2,27
10/17/2006,COU,MO,ACE,CE,Federal Contract Tower,0,6,31,0,37,0,0,32,0,32,0,6,63,0,69,42,0,42,111
10/18/2006,COU,MO,ACE,CE,Federal Contract Tower,0,10,28,0,38,0,0,0,0,0,0,10,28,0,38,0,0,0,38
10/19/2006,COU,MO,ACE,CE,Federal Contract Tower,0,9,38,0,47,0,0,54,0,54,0,9,92,0,101,22,0,22,123
10/20/2006,COU,MO,ACE,CE,Federal Contract Tower,1,12,30,0,43,0,0,53,0,53,1,12,83,0,96,12,0,12,108
10/21/2006,COU,MO,ACE,CE,Federal Contract Tower,1,13,23,0,37,0,0,23,0,23,1,13,46,0,60,4,0,4,64
10/22/2006,COU,MO,ACE,CE,Federal Contract Tower,0,7,20,5,32,0,0,47,7,54,0,7,67,12,86,8,0,8,94
10/23/2006,COU,MO,ACE,CE,Federal Contract Tower,0,9,12,2,23,0,0,39,3,42,0,9,51,5,65,20,20,40,105
10/24/2006,COU,MO,ACE,CE,Federal Contract Tower,0,9,27,0,36,0,0,51,0,51,0,9,78,0,87,48,0,48,135
10/25/2006,COU,MO,ACE,CE,Federal Contract Tower,0,13,31,0,44,0,0,24,0,24,0,13,55,0,68,16,0,16,84
10/26/2006,COU,MO,ACE,CE,Federal Contract Tower,0,14,38,0,52,0,0,0,0,0,0,14,38,0,52,6,0,6,58
10/27/2006,COU,MO,ACE,CE,Federal Contract Tower,2,14,28,0,44,0,0,0,0,0,2,14,28,0,44,0,0,0,44
10/28/2006,COU,MO,ACE,CE,Federal Contract Tower,2,7,35,1,45,0,0,73,1,74,2,7,108,2,119,28,0,28,147
10/29/2006,COU,MO,ACE,CE,Federal Contract Tower,0,8,9,0,17,0,0,47,0,47,0,8,56,0,64,6,0,6,70
10/30/2006,COU,MO,ACE,CE,Federal Contract Tower,0,14,15,0,29,0,0,49,0,49,0,14,64,0,78,18,0,18,96
10/31/2006,COU,MO,ACE,CE,Federal Contract Tower,0,6,27,0,33,0,0,32,7,39,0,6,59,7,72,20,6,26,98
11/01/2006,COU,MO,ACE,CE,Federal Contract Tower,0,6,31,0,37,0,0,47,1,48,0,6,78,1,85,30,4,34,119
11/02/2006,COU,MO,ACE,CE,Federal Contract Tower,0,15,30,4,49,0,0,47,3,50,0,15,77,7,99,28,4,32,131
11/03/2006,COU,MO,ACE,CE,Federal Contract Tower,2,6,15,0,23,0,0,51,2,53,2,6,66,2,76,44,10,54,130
11/04/2006,COU,MO,ACE,CE,Federal Contract Tower,2,6,37,0,45,0,0,66,0,66,2,6,103,0,111,30,0,30,141
11/05/2006,COU,MO,ACE,CE,Federal Contract Tower,0,5,22,0,27,0,0,19,0,19,0,5,41,0,46,10,0,10,56
11/06/2006,COU,MO,ACE,CE,Federal Contract Tower,0,10,33,0,43,0,0,9,0,9,0,10,42,0,52,0,0,0,52
11/07/2006,COU,MO,ACE,CE,Federal Contract Tower,2,12,32,0,46,0,0,30,0,30,2,12,62,0,76,26,0,26,102
11/08/2006,COU,MO,ACE,CE,Federal Contract Tower,0,8,20,0,28,0,0,49,2,51,0,8,69,2,79,26,18,44,123
11/09/2006,COU,MO,ACE,CE,Federal Contract Tower,0,11,16,0,27,0,0,47,2,49,0,11,63,2,76,46,10,56,132
11/10/2006,COU,MO,ACE,CE,Federal Contract Tower,0,10,18,0,28,0,0,22,0,22,0,10,40,0,50,6,0,6,56
11/11/2006,COU,MO,ACE,CE,Federal Contract Tower,0,6,18,0,24,0,0,43,0,43,0,6,61,0,67,30,0,30,97
11/12/2006,COU,MO,ACE,CE,Federal Contract Tower,0,6,14,0,20,0,0,59,2,61,0,6,73,2,81,20,8,28,109
11/13/2006,COU,MO,ACE,CE,Federal Contract Tower,0,9,17,0,26,0,0,30,0,30,0,9,47,0,56,30,0,30,86
11/14/2006,COU,MO,ACE,CE,Federal Contract Tower,0,11,39,0,50,0,0,2,0,2,0,11,41,0,52,0,0,0,52
11/15/2006,COU,MO,ACE,CE,Federal Contract Tower,0,8,21,0,29,0,0,0,0,0,0,8,21,0,29,4,0,4,33
11/16/2006,COU,MO,ACE,CE,Federal Contract Tower,0,9,24,0,33,0,0,9,0,9,0,9,33,0,42,20,0,20,62
11/17/2006,COU,MO,ACE,CE,Federal Contract Tower,2,9,29,0,40,0,1,61,2,64,2,10,90,2,104,40,10,50,154
11/18/2006,COU,MO,ACE,CE,Federal Contract Tower,2,3,81,0,86,0,0,5,0,5,2,3,86,0,91,44,0,44,135
11/19/2006,COU,MO,ACE,CE,Federal Contract Tower,0,3,15,0,18,0,0,36,0,36,0,3,51,0,54,24,0,24,78
11/20/2006,COU,MO,ACE,CE,Federal Contract Tower,0,10,11,0,21,0,0,54,0,54,0,10,65,0,75,30,0,30,105
11/21/2006,COU,MO,ACE,CE,Federal Contract Tower,0,8,16,0,24,0,0,57,0,57,0,8,73,0,81,34,0,34,115
11/22/2006,COU,MO,ACE,CE,Federal Contract Tower,0,8,24,0,32,0,0,56,0,56,0,8,80,0,88,26,0,26,114
11/23/2006,COU,MO,ACE,CE,Federal Contract Tower,0,6,6,0,12,0,0,38,0,38,0,6,44,0,50,22,0,22,72
11/24/2006,COU,MO,ACE,CE,Federal Contract Tower,0,7,18,0,25,0,0,37,0,37,0,7,55,0,62,20,0,20,82
11/25/2006,COU,MO,ACE,CE,Federal Contract Tower,0,7,32,0,39,0,0,54,0,54,0,7,86,0,93,48,0,48,141
11/26/2006,COU,MO,ACE,CE,Federal Contract Tower,0,5,21,0,26,0,0,26,0,26,0,5,47,0,52,12,0,12,64
11/27/2006,COU,MO,ACE,CE,Federal Contract Tower,0,11,27,2,40,0,0,38,0,38,0,11,65,2,78,34,0,34,112
11/28/2006,COU,MO,ACE,CE,Federal Contract Tower,0,6,14,0,20,0,0,39,2,41,0,6,53,2,61,18,8,26,87
11/29/2006,COU,MO,ACE,CE,Federal Contract Tower,2,4,22,0,28,0,0,14,0,14,2,4,36,0,42,10,0,10,52
11/30/2006,COU,MO,ACE,CE,Federal Contract Tower,0,3,2,0,5,0,0,0,0,0,0,3,2,0,5,6,0,6,11
12/01/2006,COU,MO,ACE,CE,Federal Contract Tower,0,0,0,0,0,0,0,1,0,1,0,0,1,0,1,14,0,14,15
12/02/2006,COU,MO,ACE,CE,Federal Contract Tower,0,0,0,0,0,0,0,0,0,0,0,0,0,0,0,9,0,9,9
12/03/2006,COU,MO,ACE,CE,Federal Contract Tower,0,3,8,0,11,0,0,4,0,4,0,3,12,0,15,0,0,0,15
12/04/2006,COU,MO,ACE,CE,Federal Contract Tower,0,8,14,0,22,0,0,25,0,25,0,8,39,0,47,10,0,10,57
12/05/2006,COU,MO,ACE,CE,Federal Contract Tower,2,10,21,0,33,0,0,33,2,35,2,10,54,2,68,34,8,42,110
12/06/2006,COU,MO,ACE,CE,Federal Contract Tower,0,6,30,0,36,0,0,43,0,43,0,6,73,0,79,26,0,26,105
12/07/2006,COU,MO,ACE,CE,Federal Contract Tower,0,9,30,0,39,0,0,28,0,28,0,9,58,0,67,18,0,18,85
12/08/2006,COU,MO,ACE,CE,Federal Contract Tower,2,14,18,2,36,0,0,36,0,36,2,14,54,2,72,22,4,26,98
12/09/2006,COU,MO,ACE,CE,Federal Contract Tower,4,5,15,2,26,0,0,36,2,38,4,5,51,4,64,20,0,20,84
12/10/2006,COU,MO,ACE,CE,Federal Contract Tower,0,3,15,0,18,0,0,28,0,28,0,3,43,0,46,28,0,28,74
12/11/2006,COU,MO,ACE,CE,Federal Contract Tower,0,8,25,2,35,0,0,9,0,9,0,8,34,2,44,0,0,0,44
12/12/2006,COU,MO,ACE,CE,Federal Contract Tower,0,7,27,0,34,0,0,34,0,34,0,7,61,0,68,6,0,6,74
12/13/2006,COU,MO,ACE,CE,Federal Contract Tower,0,10,18,0,28,0,0,42,0,42,0,10,60,0,70,32,0,32,102
12/14/2006,COU,MO,ACE,CE,Federal Contract Tower,0,13,23,1,37,0,0,44,1,45,0,13,67,2,82,28,0,28,110
12/15/2006,COU,MO,ACE,CE,Federal Contract Tower,0,11,30,0,41,0,1,62,0,63,0,12,92,0,104,20,0,20,124
12/16/2006,COU,MO,ACE,CE,Federal Contract Tower,0,10,18,2,30,0,0,44,2,46,0,10,62,4,76,22,0,22,98
12/17/2006,COU,MO,ACE,CE,Federal Contract Tower,0,3,28,0,31,0,0,7,0,7,0,3,35,0,38,10,0,10,48
12/18/2006,COU,MO,ACE,CE,Federal Contract Tower,0,11,13,0,24,0,0,31,2,33,0,11,44,2,57,26,4,30,87
12/19/2006,COU,MO,ACE,CE,Federal Contract Tower,0,9,17,0,26,0,0,31,4,35,0,9,48,4,61,44,0,44,105
12/20/2006,COU,MO,ACE,CE,Federal Contract Tower,2,8,22,0,32,0,0,0,0,0,2,8,22,0,32,12,0,12,44
12/21/2006,COU,MO,ACE,CE,Federal Contract Tower,0,11,21,0,32,0,0,15,0,15,0,11,36,0,47,2,0,2,49
12/22/2006,COU,MO,ACE,CE,Federal Contract Tower,0,10,32,0,42,0,0,15,0,15,0,10,47,0,57,20,0,20,77
12/23/2006,COU,MO,ACE,CE,Federal Contract Tower,4,4,27,0,35,0,0,29,6,35,4,4,56,6,70,14,0,14,84
12/24/2006,COU,MO,ACE,CE,Federal Contract Tower,0,6,4,0,10,0,0,13,0,13,0,6,17,0,23,0,0,0,23
12/25/2006,COU,MO,ACE,CE,Federal Contract Tower,0,12,13,0,25,0,0,7,0,7,0,12,20,0,32,10,0,10,42
12/26/2006,COU,MO,ACE,CE,Federal Contract Tower,0,8,10,0,18,0,0,37,0,37,0,8,47,0,55,22,0,22,77
12/27/2006,COU,MO,ACE,CE,Federal Contract Tower,2,7,11,0,20,0,0,58,0,58,2,7,69,0,78,42,0,42,120
12/28/2006,COU,MO,ACE,CE,Federal Contract Tower,2,6,14,0,22,0,0,18,2,20,2,6,32,2,42,14,8,22,64
12/29/2006,COU,MO,ACE,CE,Federal Contract Tower,0,8,21,0,29,0,0,23,0,23,0,8,44,0,52,16,0,16,68
12/30/2006,COU,MO,ACE,CE,Federal Contract Tower,0,3,9,0,12,0,0,33,0,33,0,3,42,0,45,20,0,20,65
12/31/2006,COU,MO,ACE,CE,Federal Contract Tower,0,5,4,0,9,0,0,8,0,8,0,5,12,0,17,0,0,0,17
01/01/2007,COU,MO,ACE,CE,Federal Contract Tower,0,8,9,0,17,0,0,41,0,41,0,8,50,0,58,2,0,2,60
01/02/2007,COU,MO,ACE,CE,Federal Contract Tower,1,8,24,0,33,0,0,37,0,37,1,8,61,0,70,24,0,24,94
01/03/2007,COU,MO,ACE,CE,Federal Contract Tower,0,6,15,0,21,0,0,67,0,67,0,6,82,0,88,26,0,26,114
01/04/2007,COU,MO,ACE,CE,Federal Contract Tower,0,7,16,0,23,0,0,11,0,11,0,7,27,0,34,12,0,12,46
01/05/2007,COU,MO,ACE,CE,Federal Contract Tower,0,12,17,2,31,0,2,9,0,11,0,14,26,2,42,12,6,18,60
01/06/2007,COU,MO,ACE,CE,Federal Contract Tower,0,4,12,0,16,0,0,43,0,43,0,4,55,0,59,28,0,28,87
01/07/2007,COU,MO,ACE,CE,Federal Contract Tower,0,3,24,0,27,0,0,36,2,38,0,3,60,2,65,2,2,4,69
01/08/2007,COU,MO,ACE,CE,Federal Contract Tower,0,10,11,0,21,0,0,15,0,15,0,10,26,0,36,12,2,14,50
01/09/2007,COU,MO,ACE,CE,Federal Contract Tower,4,10,46,0,60,0,0,20,0,20,4,10,66,0,80,30,0,30,110
01/10/2007,COU,MO,ACE,CE,Federal Contract Tower,1,10,22,0,33,0,0,59,0,59,1,10,81,0,92,18,0,18,110
01/11/2007,COU,MO,ACE,CE,Federal Contract Tower,0,13,21,2,36,0,0,23,0,23,0,13,44,2,59,12,0,12,71
01/12/2007,COU,MO,ACE,CE,Federal Contract Tower,0,6,14,0,20,0,0,1,0,1,0,6,15,0,21,0,0,0,21
01/13/2007,COU,MO,ACE,CE,Federal Contract Tower,0,5,3,0,8,0,0,0,0,0,0,5,3,0,8,0,0,0,8
01/14/2007,COU,MO,ACE,CE,Federal Contract Tower,0,0,0,0,0,0,0,0,0,0,0,0,0,0,0,0,0,0,0
01/15/2007,COU,MO,ACE,CE,Federal Contract Tower,0,3,4,0,7,0,0,3,0,3,0,3,7,0,10,0,0,0,10
01/16/2007,COU,MO,ACE,CE,Federal Contract Tower,1,5,3,0,9,0,0,1,0,1,1,5,4,0,10,4,0,4,14
01/17/2007,COU,MO,ACE,CE,Federal Contract Tower,0,15,18,0,33,0,0,18,0,18,0,15,36,0,51,6,0,6,57
01/18/2007,COU,MO,ACE,CE,Federal Contract Tower,0,11,27,0,38,0,0,9,0,9,0,11,36,0,47,4,2,6,53
01/19/2007,COU,MO,ACE,CE,Federal Contract Tower,0,10,28,6,44,0,0,35,2,37,0,10,63,8,81,22,0,22,103
01/20/2007,COU,MO,ACE,CE,Federal Contract Tower,0,2,4,0,6,0,0,27,0,27,0,2,31,0,33,28,0,28,61
01/21/2007,COU,MO,ACE,CE,Federal Contract Tower,0,3,13,0,16,0,0,1,0,1,0,3,14,0,17,0,0,0,17
01/22/2007,COU,MO,ACE,CE,Federal Contract Tower,0,8,7,0,15,0,0,11,0,11,0,8,18,0,26,12,0,12,38
01/23/2007,COU,MO,ACE,CE,Federal Contract Tower,0,8,13,3,24,0,0,44,4,48,0,8,57,7,72,28,8,36,108
01/24/2007,COU,MO,ACE,CE,Federal Contract Tower,0,7,16,0,23,0,0,2,0,2,0,7,18,0,25,0,0,0,25
01/25/2007,COU,MO,ACE,CE,Federal Contract Tower,0,10,29,0,39,0,0,37,0,37,0,10,66,0,76,18,2,20,96
01/26/2007,COU,MO,ACE,CE,Federal Contract Tower,0,11,16,0,27,0,2,43,0,45,0,13,59,0,72,18,0,18,90
01/27/2007,COU,MO,ACE,CE,Federal Contract Tower,0,6,12,0,18,0,0,28,0,28,0,6,40,0,46,4,0,4,50
01/28/2007,COU,MO,ACE,CE,Federal Contract Tower,0,4,4,0,8,0,0,22,2,24,0,4,26,2,32,2,2,4,36
01/29/2007,COU,MO,ACE,CE,Federal Contract Tower,0,13,20,0,33,0,0,31,0,31,0,13,51,0,64,20,0,20,84
01/30/2007,COU,MO,ACE,CE,Federal Contract Tower,5,6,15,0,26,0,0,46,0,46,5,6,61,0,72,38,0,38,110
01/31/2007,COU,MO,ACE,CE,Federal Contract Tower,0,6,13,0,19,0,0,16,0,16,0,6,29,0,35,6,0,6,41
02/01/2007,COU,MO,ACE,CE,Federal Contract Tower,0,12,20,0,32,0,0,5,0,5,0,12,25,0,37,4,0,4,41
02/02/2007,COU,MO,ACE,CE,Federal Contract Tower,0,9,20,0,29,0,0,27,0,27,0,9,47,0,56,4,0,4,60
02/03/2007,COU,MO,ACE,CE,Federal Contract Tower,1,7,19,0,27,0,0,40,0,40,1,7,59,0,67,22,0,22,89
02/04/2007,COU,MO,ACE,CE,Federal Contract Tower,0,5,7,0,12,0,0,16,0,16,0,5,23,0,28,6,0,6,34
02/05/2007,COU,MO,ACE,CE,Federal Contract Tower,0,10,20,0,30,0,0,20,0,20,0,10,40,0,50,0,0,0,50
02/06/2007,COU,MO,ACE,CE,Federal Contract Tower,1,7,20,0,28,0,0,39,0,39,1,7,59,0,67,12,0,12,79
02/07/2007,COU,MO,ACE,CE,Federal Contract Tower,2,11,28,0,41,0,0,27,0,27,2,11,55,0,68,18,0,18,86
02/08/2007,COU,MO,ACE,CE,Federal Contract Tower,0,11,30,0,41,0,0,33,0,33,0,11,63,0,74,16,0,16,90
02/09/2007,COU,MO,ACE,CE,Federal Contract Tower,0,10,24,0,34,0,0,21,0,21,0,10,45,0,55,6,0,6,61
02/10/2007,COU,MO,ACE,CE,Federal Contract Tower,2,4,28,0,34,0,0,41,0,41,2,4,69,0,75,14,0,14,89
02/11/2007,COU,MO,ACE,CE,Federal Contract Tower,0,5,18,0,23,0,0,34,0,34,0,5,52,0,57,20,0,20,77
02/12/2007,COU,MO,ACE,CE,Federal Contract Tower,0,10,11,0,21,0,0,2,0,2,0,10,13,0,23,0,0,0,23
02/13/2007,COU,MO,ACE,CE,Federal Contract Tower,1,7,9,0,17,0,0,1,0,1,1,7,10,0,18,0,0,0,18
02/14/2007,COU,MO,ACE,CE,Federal Contract Tower,3,10,16,0,29,0,0,18,0,18,3,10,34,0,47,14,0,14,61
02/15/2007,COU,MO,ACE,CE,Federal Contract Tower,1,6,22,0,29,0,0,15,0,15,1,6,37,0,44,26,0,26,70
02/16/2007,COU,MO,ACE,CE,Federal Contract Tower,1,8,26,0,35,0,0,10,0,10,1,8,36,0,45,0,0,0,45
02/17/2007,COU,MO,ACE,CE,Federal Contract Tower,2,7,16,0,25,0,0,8,0,8,2,7,24,0,33,0,0,0,33
02/18/2007,COU,MO,ACE,CE,Federal Contract Tower,0,6,13,0,19,0,0,33,0,33,0,6,46,0,52,36,0,36,88
02/19/2007,COU,MO,ACE,CE,Federal Contract Tower,2,8,28,0,38,0,0,29,0,29,2,8,57,0,67,22,0,22,89
02/20/2007,COU,MO,ACE,CE,Federal Contract Tower,1,6,32,0,39,0,0,38,2,40,1,6,70,2,79,22,0,22,101
02/21/2007,COU,MO,ACE,CE,Federal Contract Tower,0,6,18,2,26,0,0,56,0,56,0,6,74,2,82,32,0,32,114
02/22/2007,COU,MO,ACE,CE,Federal Contract Tower,1,11,16,1,29,0,0,42,0,42,1,11,58,1,71,60,0,60,131
02/23/2007,COU,MO,ACE,CE,Federal Contract Tower,0,11,18,0,29,0,0,34,0,34,0,11,52,0,63,20,0,20,83
02/24/2007,COU,MO,ACE,CE,Federal Contract Tower,0,7,4,3,14,0,0,0,0,0,0,7,4,3,14,0,0,0,14
02/25/2007,COU,MO,ACE,CE,Federal Contract Tower,0,8,8,0,16,0,0,9,0,9,0,8,17,0,25,12,0,12,37
02/26/2007,COU,MO,ACE,CE,Federal Contract Tower,0,11,10,0,21,0,0,25,0,25,0,11,35,0,46,16,0,16,62
02/27/2007,COU,MO,ACE,CE,Federal Contract Tower,0,12,23,0,35,0,0,55,2,57,0,12,78,2,92,18,0,18,110
02/28/2007,COU,MO,ACE,CE,Federal Contract Tower,0,11,22,0,33,0,0,21,0,21,0,11,43,0,54,14,0,14,68
03/01/2007,COU,MO,ACE,CE,Federal Contract Tower,0,9,23,0,32,0,0,8,0,8,0,9,31,0,40,12,0,12,52
03/02/2007,COU,MO,ACE,CE,Federal Contract Tower,0,9,18,0,27,0,0,7,0,7,0,9,25,0,34,2,0,2,36
03/03/2007,COU,MO,ACE,CE,Federal Contract Tower,0,9,19,0,28,0,0,9,0,9,0,9,28,0,37,0,0,0,37
03/04/2007,COU,MO,ACE,CE,Federal Contract Tower,0,3,9,0,12,0,0,46,2,48,0,3,55,2,60,30,2,32,92
03/05/2007,COU,MO,ACE,CE,Federal Contract Tower,0,16,12,0,28,0,0,44,0,44,0,16,56,0,72,42,0,42,114
03/06/2007,COU,MO,ACE,CE,Federal Contract Tower,0,11,15,0,26,0,0,46,4,50,0,11,61,4,76,38,4,42,118
03/07/2007,COU,MO,ACE,CE,Federal Contract Tower,0,13,22,0,35,0,0,50,0,50,0,13,72,0,85,48,0,48,133
03/08/2007,COU,MO,ACE,CE,Federal Contract Tower,0,12,17,0,29,0,0,40,0,40,0,12,57,0,69,38,2,40,109
03/09/2007,COU,MO,ACE,CE,Federal Contract Tower,0,12,19,2,33,0,0,14,0,14,0,12,33,2,47,0,0,0,47
03/10/2007,COU,MO,ACE,CE,Federal Contract Tower,0,9,19,0,28,0,0,50,0,50,0,9,69,0,78,26,0,26,104
03/11/2007,COU,MO,ACE,CE,Federal Contract Tower,0,4,15,0,19,0,0,43,0,43,0,4,58,0,62,12,0,12,74
03/12/2007,COU,MO,ACE,CE,Federal Contract Tower,0,8,26,0,34,0,0,44,4,48,0,8,70,4,82,20,2,22,104
03/13/2007,COU,MO,ACE,CE,Federal Contract Tower,1,7,14,0,22,0,0,53,0,53,1,7,67,0,75,22,0,22,97
03/14/2007,COU,MO,ACE,CE,Federal Contract Tower,0,6,24,0,30,0,0,48,0,48,0,6,72,0,78,48,0,48,126
03/15/2007,COU,MO,ACE,CE,Federal Contract Tower,2,7,25,2,36,0,0,46,0,46,2,7,71,2,82,18,0,18,100
03/16/2007,COU,MO,ACE,CE,Federal Contract Tower,0,6,34,0,40,0,0,33,0,33,0,6,67,0,73,16,2,18,91
03/17/2007,COU,MO,ACE,CE,Federal Contract Tower,0,2,4,1,7,0,0,2,0,2,0,2,6,1,9,9,0,9,18
03/18/2007,COU,MO,ACE,CE,Federal Contract Tower,0,3,11,1,15,0,0,37,0,37,0,3,48,1,52,2,0,2,54
03/19/2007,COU,MO,ACE,CE,Federal Contract Tower,0,9,9,5,23,0,0,9,5,14,0,9,18,10,37,4,0,4,41
03/20/2007,COU,MO,ACE,CE,Federal Contract Tower,0,6,17,0,23,0,0,9,0,9,0,6,26,0,32,12,0,12,44
03/21/2007,COU,MO,ACE,CE,Federal Contract Tower,0,7,27,0,34,0,0,25,0,25,0,7,52,0,59,10,0,10,69
03/22/2007,COU,MO,ACE,CE,Federal Contract Tower,0,7,16,0,23,0,1,28,0,29,0,8,44,0,52,10,0,10,62
03/23/2007,COU,MO,ACE,CE,Federal Contract Tower,0,7,19,0,26,0,0,5,0,5,0,7,24,0,31,4,0,4,35
03/24/2007,COU,MO,ACE,CE,Federal Contract Tower,0,4,14,0,18,0,0,35,0,35,0,4,49,0,53,22,0,22,75
03/25/2007,COU,MO,ACE,CE,Federal Contract Tower,0,3,10,0,13,0,0,34,0,34,0,3,44,0,47,14,0,14,61
03/26/2007,COU,MO,ACE,CE,Federal Contract Tower,0,10,11,0,21,0,0,30,0,30,0,10,41,0,51,12,0,12,63
03/27/2007,COU,MO,ACE,CE,Federal Contract Tower,0,7,16,0,23,0,0,48,0,48,0,7,64,0,71,40,0,40,111
03/28/2007,COU,MO,ACE,CE,Federal Contract Tower,0,7,21,0,28,0,0,44,0,44,0,7,65,0,72,18,0,18,90
03/29/2007,COU,MO,ACE,CE,Federal Contract Tower,0,13,19,0,32,0,0,13,1,14,0,13,32,1,46,26,0,26,72
03/30/2007,COU,MO,ACE,CE,Federal Contract Tower,0,7,11,0,18,0,0,6,0,6,0,7,17,0,24,10,0,10,34
03/31/2007,COU,MO,ACE,CE,Federal Contract Tower,0,4,19,0,23,0,0,36,0,36,0,4,55,0,59,12,0,12,71
04/01/2007,COU,MO,ACE,CE,Federal Contract Tower,0,7,12,0,19,0,0,19,0,19,0,7,31,0,38,20,0,20,58
04/02/2007,COU,MO,ACE,CE,Federal Contract Tower,0,10,14,0,24,0,0,45,0,45,0,10,59,0,69,24,0,24,93
04/03/2007,COU,MO,ACE,CE,Federal Contract Tower,0,9,16,0,25,0,0,19,4,23,0,9,35,4,48,12,4,16,64
04/04/2007,COU,MO,ACE,CE,Federal Contract Tower,0,8,20,0,28,0,0,46,0,46,0,8,66,0,74,14,0,14,88
04/05/2007,COU,MO,ACE,CE,Federal Contract Tower,0,11,28,0,39,0,1,38,2,41,0,12,66,2,80,14,6,20,100
04/06/2007,COU,MO,ACE,CE,Federal Contract Tower,0,7,22,0,29,0,0,20,0,20,0,7,42,0,49,14,0,14,63
04/07/2007,COU,MO,ACE,CE,Federal Contract Tower,0,8,5,0,13,0,1,45,0,46,0,9,50,0,59,30,0,30,89
04/08/2007,COU,MO,ACE,CE,Federal Contract Tower,0,6,10,0,16,0,0,38,0,38,0,6,48,0,54,8,0,8,62
04/09/2007,COU,MO,ACE,CE,Federal Contract Tower,0,7,20,0,27,0,0,36,2,38,0,7,56,2,65,20,8,28,93
04/10/2007,COU,MO,ACE,CE,Federal Contract Tower,1,6,9,0,16,0,0,29,4,33,1,6,38,4,49,4,8,12,61
04/11/2007,COU,MO,ACE,CE,Federal Contract Tower,1,10,18,0,29,0,0,0,0,0,1,10,18,0,29,2,0,2,31
04/12/2007,COU,MO,ACE,CE,Federal Contract Tower,2,9,25,0,36,0,0,33,1,34,2,9,58,1,70,14,0,14,84
04/13/2007,COU,MO,ACE,CE,Federal Contract Tower,0,5,20,0,25,0,0,12,0,12,0,5,32,0,37,2,0,2,39
04/14/2007,COU,MO,ACE,CE,Federal Contract Tower,0,3,22,0,25,0,0,11,2,13,0,3,33,2,38,0,0,0,38
04/15/2007,COU,MO,ACE,CE,Federal Contract Tower,1,3,10,0,14,0,0,36,0,36,1,3,46,0,50,26,0,26,76
04/16/2007,COU,MO,ACE,CE,Federal Contract Tower,0,10,17,0,27,0,0,46,0,46,0,10,63,0,73,30,0,30,103
04/17/2007,COU,MO,ACE,CE,Federal Contract Tower,0,10,22,0,32,0,0,52,2,54,0,10,74,2,86,24,0,24,110
04/18/2007,COU,MO,ACE,CE,Federal Contract Tower,0,13,21,0,34,0,0,50,0,50,0,13,71,0,84,20,0,20,104
04/19/2007,COU,MO,ACE,CE,Federal Contract Tower,0,9,12,6,27,0,2,39,4,45,0,11,51,10,72,14,4,18,90
04/20/2007,COU,MO,ACE,CE,Federal Contract Tower,0,8,21,1,30,0,0,61,3,64,0,8,82,4,94,24,0,24,118
04/21/2007,COU,MO,ACE,CE,Federal Contract Tower,0,6,11,0,17,0,0,46,0,46,0,6,57,0,63,24,0,24,87
04/22/2007,COU,MO,ACE,CE,Federal Contract Tower,0,3,8,0,11,0,0,33,2,35,0,3,41,2,46,6,0,6,52
04/23/2007,COU,MO,ACE,CE,Federal Contract Tower,0,8,10,0,18,0,0,17,0,17,0,8,27,0,35,6,0,6,41
04/24/2007,COU,MO,ACE,CE,Federal Contract Tower,0,9,13,0,22,0,0,30,0,30,0,9,43,0,52,12,0,12,64
04/25/2007,COU,MO,ACE,CE,Federal Contract Tower,0,11,26,0,37,0,0,23,0,23,0,11,49,0,60,32,0,32,92
04/26/2007,COU,MO,ACE,CE,Federal Contract Tower,0,15,29,0,44,0,0,9,0,9,0,15,38,0,53,0,0,0,53
04/27/2007,COU,MO,ACE,CE,Federal Contract Tower,0,9,27,5,41,0,0,59,5,64,0,9,86,10,105,22,28,50,155
04/28/2007,COU,MO,ACE,CE,Federal Contract Tower,0,5,21,0,26,0,0,60,0,60,0,5,81,0,86,22,0,22,108
04/29/2007,COU,MO,ACE,CE,Federal Contract Tower,0,5,17,0,22,0,0,65,0,65,0,5,82,0,87,12,0,12,99
04/30/2007,COU,MO,ACE,CE,Federal Contract Tower,2,7,14,4,27,0,0,30,4,34,2,7,44,8,61,22,0,22,83
05/01/2007,COU,MO,ACE,CE,Federal Contract Tower,0,11,18,0,29,0,0,34,0,34,0,11,52,0,63,26,0,26,89
05/02/2007,COU,MO,ACE,CE,Federal Contract Tower,0,8,34,4,46,0,0,0,4,4,0,8,34,8,50,0,0,0,50
05/03/2007,COU,MO,ACE,CE,Federal Contract Tower,0,11,18,0,29,0,0,3,0,3,0,11,21,0,32,0,0,0,32
05/04/2007,COU,MO,ACE,CE,Federal Contract Tower,0,16,22,0,38,0,0,4,0,4,0,16,26,0,42,8,0,8,50
05/05/2007,COU,MO,ACE,CE,Federal Contract Tower,0,11,17,0,28,0,0,39,0,39,0,11,56,0,67,22,0,22,89
05/06/2007,COU,MO,ACE,CE,Federal Contract Tower,0,4,12,0,16,0,0,5,0,5,0,4,17,0,21,0,0,0,21
05/07/2007,COU,MO,ACE,CE,Federal Contract Tower,0,11,4,0,15,0,0,37,0,37,0,11,41,0,52,20,0,20,72
05/08/2007,COU,MO,ACE,CE,Federal Contract Tower,0,6,16,0,22,0,0,49,0,49,0,6,65,0,71,16,0,16,87
05/09/2007,COU,MO,ACE,CE,Federal Contract Tower,2,10,22,0,34,0,0,36,0,36,2,10,58,0,70,32,0,32,102
05/10/2007,COU,MO,ACE,CE,Federal Contract Tower,0,9,30,1,40,0,0,22,0,22,0,9,52,1,62,22,2,24,86
05/11/2007,COU,MO,ACE,CE,Federal Contract Tower,2,12,26,0,40,0,2,39,0,41,2,14,65,0,81,6,0,6,87
05/12/2007,COU,MO,ACE,CE,Federal Contract Tower,0,4,27,0,31,0,0,41,6,47,0,4,68,6,78,12,2,14,92
05/13/2007,COU,MO,ACE,CE,Federal Contract Tower,0,5,19,0,24,0,0,31,2,33,0,5,50,2,57,8,8,16,73
05/14/2007,COU,MO,ACE,CE,Federal Contract Tower,8,14,33,0,55,0,2,57,1,60,8,16,90,1,115,20,0,20,135
05/15/2007,COU,MO,ACE,CE,Federal Contract Tower,2,12,31,0,45,0,0,26,2,28,2,12,57,2,73,10,0,10,83
05/16/2007,COU,MO,ACE,CE,Federal Contract Tower,0,8,21,4,33,0,0,15,0,15,0,8,36,4,48,22,22,44,92
05/17/2007,COU,MO,ACE,CE,Federal Contract Tower,3,6,31,0,40,2,0,36,0,38,5,6,67,0,78,34,0,34,112
05/18/2007,COU,MO,ACE,CE,Federal Contract Tower,0,8,26,0,34,0,0,38,0,38,0,8,64,0,72,24,0,24,96
05/19/2007,COU,MO,ACE,CE,Federal Contract Tower,0,4,16,0,20,0,0,62,0,62,0,4,78,0,82,32,0,32,114
05/20/2007,COU,MO,ACE,CE,Federal Contract Tower,0,3,12,4,19,0,0,42,2,44,0,3,54,6,63,16,16,32,95
05/21/2007,COU,MO,ACE,CE,Federal Contract Tower,0,9,12,0,21,0,0,44,0,44,0,9,56,0,65,18,0,18,83
05/22/2007,COU,MO,ACE,CE,Federal Contract Tower,0,7,21,0,28,0,0,52,0,52,0,7,73,0,80,24,0,24,104
05/23/2007,COU,MO,ACE,CE,Federal Contract Tower,0,6,23,3,32,0,0,32,0,32,0,6,55,3,64,26,0,26,90
05/24/2007,COU,MO,ACE,CE,Federal Contract Tower,0,10,21,2,33,0,0,35,11,46,0,10,56,13,79,16,14,30,109
05/25/2007,COU,MO,ACE,CE,Federal Contract Tower,0,9,17,3,29,0,0,1,8,9,0,9,18,11,38,6,7,13,51
05/26/2007,COU,MO,ACE,CE,Federal Contract Tower,0,7,2,0,9,0,0,37,39,76,0,7,39,39,85,110,54,164,249
05/27/2007,COU,MO,ACE,CE,Federal Contract Tower,0,4,1,0,5,0,4,38,19,61,0,8,39,19,66,138,86,224,290
05/28/2007,COU,MO,ACE,CE,Federal Contract Tower,0,9,19,2,30,0,0,38,12,50,0,9,57,14,80,18,6,24,104
05/29/2007,COU,MO,ACE,CE,Federal Contract Tower,0,7,17,7,31,0,0,54,1,55,0,7,71,8,86,42,4,46,132
05/30/2007,COU,MO,ACE,CE,Federal Contract Tower,0,11,30,0,41,0,0,32,6,38,0,11,62,6,79,18,0,18,97
05/31/2007,COU,MO,ACE,CE,Federal Contract Tower,0,7,29,0,36,0,0,29,6,35,0,7,58,6,71,6,0,6,77
06/01/2007,COU,MO,ACE,CE,Federal Contract Tower,0,9,29,0,38,0,0,11,0,11,0,9,40,0,49,6,4,10,59
06/02/2007,COU,MO,ACE,CE,Federal Contract Tower,0,3,6,0,9,0,0,43,4,47,0,3,49,4,56,12,0,12,68
06/03/2007,COU,MO,ACE,CE,Federal Contract Tower,0,13,18,0,31,0,0,31,6,37,0,13,49,6,68,20,4,24,92
06/04/2007,COU,MO,ACE,CE,Federal Contract Tower,0,8,19,0,27,0,0,27,0,27,0,8,46,0,54,26,4,30,84
06/05/2007,COU,MO,ACE,CE,Federal Contract Tower,0,8,27,0,35,0,0,43,0,43,0,8,70,0,78,24,0,24,102
06/06/2007,COU,MO,ACE,CE,Federal Contract Tower,0,10,7,0,17,0,0,43,2,45,0,10,50,2,62,22,2,24,86
06/07/2007,COU,MO,ACE,CE,Federal Contract Tower,0,8,20,4,32,0,0,11,3,14,0,8,31,7,46,8,2,10,56
06/08/2007,COU,MO,ACE,CE,Federal Contract Tower,0,10,17,9,36,0,0,30,19,49,0,10,47,28,85,20,26,46,131
06/09/2007,COU,MO,ACE,CE,Federal Contract Tower,0,3,6,13,22,0,0,56,4,60,0,3,62,17,82,8,8,16,98
06/10/2007,COU,MO,ACE,CE,Federal Contract Tower,2,5,14,2,23,0,0,18,2,20,2,5,32,4,43,12,0,12,55
06/11/2007,COU,MO,ACE,CE,Federal Contract Tower,0,10,14,0,24,0,0,33,5,38,0,10,47,5,62,20,0,20,82
06/12/2007,COU,MO,ACE,CE,Federal Contract Tower,0,8,16,0,24,0,0,51,0,51,0,8,67,0,75,24,0,24,99
06/13/2007,COU,MO,ACE,CE,Federal Contract Tower,2,9,16,0,27,0,0,49,26,75,2,9,65,26,102,26,0,26,128
06/14/2007,COU,MO,ACE,CE,Federal Contract Tower,0,10,17,0,27,0,0,39,0,39,0,10,56,0,66,20,0,20,86
06/15/2007,COU,MO,ACE,CE,Federal Contract Tower,1,7,23,5,36,0,0,32,4,36,1,7,55,9,72,12,12,24,96
06/16/2007,COU,MO,ACE,CE,Federal Contract Tower,0,3,12,0,15,0,0,40,0,40,0,3,52,0,55,24,0,24,79
06/17/2007,COU,MO,ACE,CE,Federal Contract Tower,0,6,16,0,22,0,0,30,0,30,0,6,46,0,52,10,0,10,62
06/18/2007,COU,MO,ACE,CE,Federal Contract Tower,2,9,19,0,30,0,0,22,0,22,2,9,41,0,52,6,0,6,58
06/19/2007,COU,MO,ACE,CE,Federal Contract Tower,0,6,20,0,26,0,0,50,3,53,0,6,70,3,79,28,0,28,107
06/20/2007,COU,MO,ACE,CE,Federal Contract Tower,2,14,26,0,42,0,0,56,0,56,2,14,82,0,98,22,0,22,120
06/21/2007,COU,MO,ACE,CE,Federal Contract Tower,1,10,22,0,33,0,0,50,0,50,1,10,72,0,83,26,0,26,109
06/22/2007,COU,MO,ACE,CE,Federal Contract Tower,4,8,25,0,37,0,0,48,0,48,4,8,73,0,85,24,0,24,109
06/23/2007,COU,MO,ACE,CE,Federal Contract Tower,0,5,14,0,19,0,0,16,3,19,0,5,30,3,38,12,0,12,50
06/24/2007,COU,MO,ACE,CE,Federal Contract Tower,0,4,17,0,21,0,0,43,0,43,0,4,60,0,64,24,0,24,88
06/25/2007,COU,MO,ACE,CE,Federal Contract Tower,0,12,21,0,33,0,0,47,2,49,0,12,68,2,82,26,6,32,114
06/26/2007,COU,MO,ACE,CE,Federal Contract Tower,0,10,18,0,28,0,0,42,0,42,0,10,60,0,70,22,0,22,92
06/27/2007,COU,MO,ACE,CE,Federal Contract Tower,2,6,17,0,25,0,0,27,0,27,2,6,44,0,52,14,0,14,66
06/28/2007,COU,MO,ACE,CE,Federal Contract Tower,4,11,19,0,34,0,0,3,0,3,4,11,22,0,37,0,0,0,37
06/29/2007,COU,MO,ACE,CE,Federal Contract Tower,8,8,19,0,35,0,0,6,0,6,8,8,25,0,41,2,0,2,43
06/30/2007,COU,MO,ACE,CE,Federal Contract Tower,0,4,6,0,10,0,0,2,0,2,0,4,8,0,12,0,0,0,12
07/01/2007,COU,MO,ACE,CE,Federal Contract Tower,0,4,18,0,22,0,0,19,6,25,0,4,37,6,47,26,0,26,73
07/02/2007,COU,MO,ACE,CE,Federal Contract Tower,0,9,10,0,19,0,0,39,0,39,0,9,49,0,58,36,0,36,94
07/03/2007,COU,MO,ACE,CE,Federal Contract Tower,6,6,9,0,21,0,0,32,0,32,6,6,41,0,53,20,0,20,73
07/04/2007,COU,MO,ACE,CE,Federal Contract Tower,0,9,5,0,14,0,0,22,0,22,0,9,27,0,36,4,0,4,40
07/05/2007,COU,MO,ACE,CE,Federal Contract Tower,0,7,10,0,17,0,0,34,0,34,0,7,44,0,51,44,0,44,95
07/06/2007,COU,MO,ACE,CE,Federal Contract Tower,0,7,22,0,29,0,0,31,0,31,0,7,53,0,60,12,0,12,72
07/07/2007,COU,MO,ACE,CE,Federal Contract Tower,0,5,6,0,11,0,0,53,0,53,0,5,59,0,64,30,0,30,94
07/08/2007,COU,MO,ACE,CE,Federal Contract Tower,0,4,19,0,23,0,0,50,0,50,0,4,69,0,73,32,0,32,105
07/09/2007,COU,MO,ACE,CE,Federal Contract Tower,0,10,24,0,34,0,0,42,0,42,0,10,66,0,76,26,0,26,102
07/10/2007,COU,MO,ACE,CE,Federal Contract Tower,0,7,20,0,27,0,0,33,0,33,0,7,53,0,60,20,0,20,80
07/11/2007,COU,MO,ACE,CE,Federal Contract Tower,0,4,20,0,24,0,0,51,0,51,0,4,71,0,75,28,0,28,103
07/12/2007,COU,MO,ACE,CE,Federal Contract Tower,0,10,27,1,38,0,0,40,3,43,0,10,67,4,81,34,4,38,119
07/13/2007,COU,MO,ACE,CE,Federal Contract Tower,0,10,11,6,27,0,0,38,4,42,0,10,49,10,69,12,10,22,91
07/14/2007,COU,MO,ACE,CE,Federal Contract Tower,0,3,9,0,12,0,0,51,0,51,0,3,60,0,63,20,0,20,83
07/15/2007,COU,MO,ACE,CE,Federal Contract Tower,0,4,12,0,16,0,0,53,0,53,0,4,65,0,69,18,0,18,87
07/16/2007,COU,MO,ACE,CE,Federal Contract Tower,0,8,18,4,30,0,0,46,2,48,0,8,64,6,78,20,8,28,106
07/17/2007,COU,MO,ACE,CE,Federal Contract Tower,0,11,33,0,44,0,0,24,0,24,0,11,57,0,68,12,0,12,80
07/18/2007,COU,MO,ACE,CE,Federal Contract Tower,0,12,18,0,30,0,0,44,0,44,0,12,62,0,74,20,0,20,94
07/19/2007,COU,MO,ACE,CE,Federal Contract Tower,0,8,23,0,31,0,0,22,0,22,0,8,45,0,53,28,2,30,83
07/20/2007,COU,MO,ACE,CE,Federal Contract Tower,8,8,23,0,39,0,0,43,0,43,8,8,66,0,82,26,0,26,108
07/21/2007,COU,MO,ACE,CE,Federal Contract Tower,0,3,10,0,13,0,0,64,3,67,0,3,74,3,80,22,8,30,110
07/22/2007,COU,MO,ACE,CE,Federal Contract Tower,0,3,17,0,20,0,0,50,0,50,0,3,67,0,70,36,0,36,106
07/23/2007,COU,MO,ACE,CE,Federal Contract Tower,0,9,12,0,21,0,0,54,0,54,0,9,66,0,75,22,0,22,97
07/24/2007,COU,MO,ACE,CE,Federal Contract Tower,6,9,13,0,28,0,0,36,0,36,6,9,49,0,64,34,0,34,98
07/25/2007,COU,MO,ACE,CE,Federal Contract Tower,0,10,22,0,32,0,0,39,0,39,0,10,61,0,71,30,0,30,101
07/26/2007,COU,MO,ACE,CE,Federal Contract Tower,0,8,26,0,34,0,0,25,0,25,0,8,51,0,59,18,0,18,77
07/27/2007,COU,MO,ACE,CE,Federal Contract Tower,0,11,10,0,21,0,1,23,0,24,0,12,33,0,45,12,0,12,57
07/28/2007,COU,MO,ACE,CE,Federal Contract Tower,0,4,15,0,19,0,0,48,0,48,0,4,63,0,67,32,0,32,99
07/29/2007,COU,MO,ACE,CE,Federal Contract Tower,0,6,20,0,26,0,0,33,0,33,0,6,53,0,59,14,0,14,73
07/30/2007,COU,MO,ACE,CE,Federal Contract Tower,0,9,17,0,26,0,0,50,0,50,0,9,67,0,76,16,0,16,92
07/31/2007,COU,MO,ACE,CE,Federal Contract Tower,0,9,24,0,33,0,0,47,0,47,0,9,71,0,80,68,0,68,148
08/01/2007,COU,MO,ACE,CE,Federal Contract Tower,0,8,17,0,25,0,0,46,0,46,0,8,63,0,71,24,0,24,95
08/02/2007,COU,MO,ACE,CE,Federal Contract Tower,0,5,9,0,14,0,0,15,0,15,0,5,24,0,29,6,0,6,35
08/03/2007,COU,MO,ACE,CE,Federal Contract Tower,0,6,22,0,28,0,0,25,0,25,0,6,47,0,53,4,0,4,57
08/04/2007,COU,MO,ACE,CE,Federal Contract Tower,0,3,9,0,12,0,0,41,0,41,0,3,50,0,53,12,0,12,65
08/05/2007,COU,MO,ACE,CE,Federal Contract Tower,0,6,15,0,21,0,0,46,0,46,0,6,61,0,67,20,0,20,87
08/06/2007,COU,MO,ACE,CE,Federal Contract Tower,0,11,22,0,33,0,0,33,0,33,0,11,55,0,66,20,0,20,86
08/07/2007,COU,MO,ACE,CE,Federal Contract Tower,6,7,16,0,29,0,0,44,0,44,6,7,60,0,73,20,0,20,93
08/08/2007,COU,MO,ACE,CE,Federal Contract Tower,0,7,26,7,40,0,0,36,5,41,0,7,62,12,81,18,4,22,103
08/09/2007,COU,MO,ACE,CE,Federal Contract Tower,0,4,7,0,11,0,1,18,0,19,0,5,25,0,30,22,0,22,52
08/10/2007,COU,MO,ACE,CE,Federal Contract Tower,0,7,16,0,23,0,0,24,0,24,0,7,40,0,47,4,0,4,51
08/11/2007,COU,MO,ACE,CE,Federal Contract Tower,0,8,3,0,11,0,0,10,0,10,0,8,13,0,21,8,0,8,29
08/12/2007,COU,MO,ACE,CE,Federal Contract Tower,0,3,13,0,16,0,0,22,0,22,0,3,35,0,38,6,0,6,44
08/13/2007,COU,MO,ACE,CE,Federal Contract Tower,0,7,15,0,22,0,0,14,0,14,0,7,29,0,36,14,0,14,50
08/14/2007,COU,MO,ACE,CE,Federal Contract Tower,0,6,15,0,21,0,0,23,0,23,0,6,38,0,44,18,0,18,62
08/15/2007,COU,MO,ACE,CE,Federal Contract Tower,0,9,12,0,21,0,0,55,0,55,0,9,67,0,76,54,0,54,130
08/16/2007,COU,MO,ACE,CE,Federal Contract Tower,0,6,20,0,26,0,2,10,0,12,0,8,30,0,38,8,0,8,46
08/17/2007,COU,MO,ACE,CE,Federal Contract Tower,0,9,21,0,30,0,0,21,4,25,0,9,42,4,55,30,0,30,85
08/18/2007,COU,MO,ACE,CE,Federal Contract Tower,0,7,6,1,14,0,0,41,1,42,0,7,47,2,56,18,0,18,74
08/19/2007,COU,MO,ACE,CE,Federal Contract Tower,0,3,12,0,15,0,0,27,0,27,0,3,39,0,42,32,0,32,74
08/20/2007,COU,MO,ACE,CE,Federal Contract Tower,0,16,18,0,34,0,0,9,10,19,0,16,27,10,53,10,0,10,63
08/21/2007,COU,MO,ACE,CE,Federal Contract Tower,0,8,24,0,32,0,2,42,0,44,0,10,66,0,76,16,0,16,92
08/22/2007,COU,MO,ACE,CE,Federal Contract Tower,0,7,19,1,27,0,0,21,3,24,0,7,40,4,51,16,16,32,83
08/23/2007,COU,MO,ACE,CE,Federal Contract Tower,0,10,20,0,30,2,1,27,0,30,2,11,47,0,60,20,0,20,80
08/24/2007,COU,MO,ACE,CE,Federal Contract Tower,0,10,17,0,27,0,0,21,0,21,0,10,38,0,48,0,0,0,48
08/25/2007,COU,MO,ACE,CE,Federal Contract Tower,0,7,22,0,29,0,0,46,0,46,0,7,68,0,75,24,0,24,99
08/26/2007,COU,MO,ACE,CE,Federal Contract Tower,0,3,17,0,20,0,0,47,0,47,0,3,64,0,67,42,0,42,109
08/27/2007,COU,MO,ACE,CE,Federal Contract Tower,4,12,11,0,27,0,0,36,2,38,4,12,47,2,65,8,2,10,75
08/28/2007,COU,MO,ACE,CE,Federal Contract Tower,3,6,15,0,24,0,2,36,0,38,3,8,51,0,62,14,0,14,76
08/29/2007,COU,MO,ACE,CE,Federal Contract Tower,5,11,26,0,42,0,0,32,0,32,5,11,58,0,74,18,0,18,92
08/30/2007,COU,MO,ACE,CE,Federal Contract Tower,2,9,24,0,35,0,0,24,8,32,2,9,48,8,67,10,0,10,77
08/31/2007,COU,MO,ACE,CE,Federal Contract Tower,2,8,24,2,36,0,0,47,4,51,2,8,71,6,87,12,0,12,99
09/01/2007,COU,MO,ACE,CE,Federal Contract Tower,0,3,11,0,14,0,0,66,0,66,0,3,77,0,80,18,0,18,98
09/02/2007,COU,MO,ACE,CE,Federal Contract Tower,0,5,2,0,7,0,0,71,0,71,0,5,73,0,78,14,0,14,92
09/03/2007,COU,MO,ACE,CE,Federal Contract Tower,0,11,15,0,26,0,0,72,0,72,0,11,87,0,98,20,0,20,118
09/04/2007,COU,MO,ACE,CE,Federal Contract Tower,0,8,30,0,38,0,0,33,0,33,0,8,63,0,71,24,0,24,95
09/05/2007,COU,MO,ACE,CE,Federal Contract Tower,0,7,9,0,16,0,0,25,0,25,0,7,34,0,41,10,0,10,51
09/06/2007,COU,MO,ACE,CE,Federal Contract Tower,0,8,11,0,19,0,0,19,0,19,0,8,30,0,38,20,0,20,58
09/07/2007,COU,MO,ACE,CE,Federal Contract Tower,2,8,14,6,30,0,0,4,6,10,2,8,18,12,40,2,0,2,42
09/08/2007,COU,MO,ACE,CE,Federal Contract Tower,0,3,23,0,26,0,0,53,0,53,0,3,76,0,79,6,0,6,85
09/09/2007,COU,MO,ACE,CE,Federal Contract Tower,0,7,20,0,27,0,2,63,0,65,0,9,83,0,92,28,0,28,120
09/10/2007,COU,MO,ACE,CE,Federal Contract Tower,0,11,14,0,25,0,0,33,2,35,0,11,47,2,60,12,0,12,72
09/11/2007,COU,MO,ACE,CE,Federal Contract Tower,0,9,22,0,31,0,0,37,0,37,0,9,59,0,68,6,0,6,74
09/12/2007,COU,MO,ACE,CE,Federal Contract Tower,0,10,29,0,39,0,0,27,2,29,0,10,56,2,68,34,0,34,102
09/13/2007,COU,MO,ACE,CE,Federal Contract Tower,2,8,20,2,32,0,0,21,0,21,2,8,41,2,53,20,2,22,75
09/14/2007,COU,MO,ACE,CE,Federal Contract Tower,3,10,26,0,39,0,0,35,0,35,3,10,61,0,74,22,2,24,98
09/15/2007,COU,MO,ACE,CE,Federal Contract Tower,3,6,16,0,25,0,0,52,0,52,3,6,68,0,77,18,0,18,95
09/16/2007,COU,MO,ACE,CE,Federal Contract Tower,0,4,14,0,18,0,0,54,0,54,0,4,68,0,72,24,0,24,96
09/17/2007,COU,MO,ACE,CE,Federal Contract Tower,0,11,22,0,33,0,0,40,0,40,0,11,62,0,73,24,0,24,97
09/18/2007,COU,MO,ACE,CE,Federal Contract Tower,0,9,19,0,28,0,0,29,0,29,0,9,48,0,57,14,0,14,71
09/19/2007,COU,MO,ACE,CE,Federal Contract Tower,0,12,25,0,37,0,0,40,2,42,0,12,65,2,79,22,0,22,101
09/20/2007,COU,MO,ACE,CE,Federal Contract Tower,0,5,22,6,33,0,0,23,0,23,0,5,45,6,56,15,2,17,73
09/21/2007,COU,MO,ACE,CE,Federal Contract Tower,0,7,17,0,24,0,0,35,0,35,0,7,52,0,59,18,0,18,77
09/22/2007,COU,MO,ACE,CE,Federal Contract Tower,0,7,16,0,23,0,1,64,0,65,0,8,80,0,88,30,0,30,118
09/23/2007,COU,MO,ACE,CE,Federal Contract Tower,0,5,24,0,29,0,2,46,0,48,0,7,70,0,77,20,0,20,97
09/24/2007,COU,MO,ACE,CE,Federal Contract Tower,0,8,13,0,21,0,0,48,0,48,0,8,61,0,69,20,0,20,89
09/25/2007,COU,MO,ACE,CE,Federal Contract Tower,0,12,21,0,33,0,0,3,0,3,0,12,24,0,36,0,0,0,36
09/26/2007,COU,MO,ACE,CE,Federal Contract Tower,0,11,23,6,40,0,0,31,1,32,0,11,54,7,72,42,0,42,114
09/27/2007,COU,MO,ACE,CE,Federal Contract Tower,1,6,24,4,35,0,0,43,2,45,1,6,67,6,80,18,4,22,102
09/28/2007,COU,MO,ACE,CE,Federal Contract Tower,0,8,18,0,26,0,0,51,0,51,0,8,69,0,77,12,0,12,89
09/29/2007,COU,MO,ACE,CE,Federal Contract Tower,0,5,6,0,11,0,0,54,2,56,0,5,60,2,67,22,0,22,89
09/30/2007,COU,MO,ACE,CE,Federal Contract Tower,0,6,13,0,19,0,0,50,0,50,0,6,63,0,69,22,0,22,91
10/01/2007,COU,MO,ACE,CE,Federal Contract Tower,0,8,19,9,36,0,2,36,2,40,0,10,55,11,76,32,4,36,112
10/02/2007,COU,MO,ACE,CE,Federal Contract Tower,0,5,5,1,11,0,0,8,1,9,0,5,13,2,20,8,0,8,28
10/03/2007,COU,MO,ACE,CE,Federal Contract Tower,2,8,14,8,32,0,2,31,4,37,2,10,45,12,69,28,13,41,110
10/04/2007,COU,MO,ACE,CE,Federal Contract Tower,0,15,24,0,39,0,0,36,0,36,0,15,60,0,75,40,2,42,117
10/05/2007,COU,MO,ACE,CE,Federal Contract Tower,2,11,31,0,44,0,0,51,0,51,2,11,82,0,95,16,0,16,111
10/06/2007,COU,MO,ACE,CE,Federal Contract Tower,0,10,25,6,41,0,0,71,0,71,0,10,96,6,112,40,10,50,162
10/07/2007,COU,MO,ACE,CE,Federal Contract Tower,0,5,11,0,16,0,0,31,0,31,0,5,42,0,47,20,0,20,67
10/08/2007,COU,MO,ACE,CE,Federal Contract Tower,0,11,14,0,25,0,0,28,0,28,0,11,42,0,53,20,0,20,73
10/09/2007,COU,MO,ACE,CE,Federal Contract Tower,0,6,21,0,27,0,2,60,0,62,0,8,81,0,89,26,0,26,115
10/10/2007,COU,MO,ACE,CE,Federal Contract Tower,0,7,30,0,37,0,0,39,0,39,0,7,69,0,76,22,0,22,98
10/11/2007,COU,MO,ACE,CE,Federal Contract Tower,0,6,15,0,21,0,0,36,0,36,0,6,51,0,57,20,0,20,77
10/12/2007,COU,MO,ACE,CE,Federal Contract Tower,2,7,36,0,45,0,0,36,1,37,2,7,72,1,82,14,2,16,98
10/13/2007,COU,MO,ACE,CE,Federal Contract Tower,0,6,25,0,31,0,0,9,0,9,0,6,34,0,40,0,0,0,40
10/14/2007,COU,MO,ACE,CE,Federal Contract Tower,0,6,24,0,30,0,0,60,0,60,0,6,84,0,90,28,4,32,122
10/15/2007,COU,MO,ACE,CE,Federal Contract Tower,0,10,17,0,27,0,0,33,0,33,0,10,50,0,60,24,0,24,84
10/16/2007,COU,MO,ACE,CE,Federal Contract Tower,0,6,16,4,26,0,0,21,5,26,0,6,37,9,52,24,0,24,76
10/17/2007,COU,MO,ACE,CE,Federal Contract Tower,2,9,39,5,55,0,0,5,0,5,2,9,44,5,60,12,0,12,72
10/18/2007,COU,MO,ACE,CE,Federal Contract Tower,1,13,34,3,51,0,0,18,5,23,1,13,52,8,74,6,10,16,90
10/19/2007,COU,MO,ACE,CE,Federal Contract Tower,2,12,39,2,55,0,2,19,4,25,2,14,58,6,80,20,0,20,100
10/20/2007,COU,MO,ACE,CE,Federal Contract Tower,2,6,41,0,49,0,0,32,0,32,2,6,73,0,81,14,0,14,95
10/21/2007,COU,MO,ACE,CE,Federal Contract Tower,0,3,32,0,35,0,0,37,0,37,0,3,69,0,72,14,0,14,86
10/22/2007,COU,MO,ACE,CE,Federal Contract Tower,0,9,28,0,37,0,0,5,0,5,0,9,33,0,42,2,0,2,44
10/23/2007,COU,MO,ACE,CE,Federal Contract Tower,1,11,25,0,37,0,2,52,0,54,1,13,77,0,91,46,0,46,137
10/24/2007,COU,MO,ACE,CE,Federal Contract Tower,0,6,17,0,23,0,0,33,0,33,0,6,50,0,56,18,2,20,76
10/25/2007,COU,MO,ACE,CE,Federal Contract Tower,1,13,34,0,48,0,0,1,7,8,1,13,35,7,56,25,6,31,87
10/26/2007,COU,MO,ACE,CE,Federal Contract Tower,3,10,38,0,51,0,0,0,0,0,3,10,38,0,51,8,0,8,59
10/27/2007,COU,MO,ACE,CE,Federal Contract Tower,1,6,17,0,24,0,0,68,0,68,1,6,85,0,92,16,0,16,108
10/28/2007,COU,MO,ACE,CE,Federal Contract Tower,0,3,24,0,27,0,0,43,0,43,0,3,67,0,70,42,2,44,114
10/29/2007,COU,MO,ACE,CE,Federal Contract Tower,0,12,14,0,26,0,0,56,3,59,0,12,70,3,85,30,10,40,125
10/30/2007,COU,MO,ACE,CE,Federal Contract Tower,0,6,15,0,21,0,0,45,1,46,0,6,60,1,67,44,4,48,115
10/31/2007,COU,MO,ACE,CE,Federal Contract Tower,0,8,14,1,23,0,0,30,2,32,0,8,44,3,55,32,18,50,105
11/01/2007,COU,MO,ACE,CE,Federal Contract Tower,0,12,31,0,43,0,0,49,2,51,0,12,80,2,94,38,10,48,142
11/02/2007,COU,MO,ACE,CE,Federal Contract Tower,2,11,21,1,35,0,0,33,1,34,2,11,54,2,69,24,8,32,101
11/03/2007,COU,MO,ACE,CE,Federal Contract Tower,0,6,14,0,20,0,1,48,3,52,0,7,62,3,72,36,6,42,114
11/04/2007,COU,MO,ACE,CE,Federal Contract Tower,0,1,11,0,12,0,2,47,0,49,0,3,58,0,61,32,0,32,93
11/05/2007,COU,MO,ACE,CE,Federal Contract Tower,0,8,13,2,23,0,0,49,0,49,0,8,62,2,72,34,0,34,106
11/06/2007,COU,MO,ACE,CE,Federal Contract Tower,4,8,19,2,33,0,1,22,4,27,4,9,41,6,60,44,16,60,120
11/07/2007,COU,MO,ACE,CE,Federal Contract Tower,1,10,12,0,23,0,3,18,2,23,1,13,30,2,46,22,0,22,68
11/08/2007,COU,MO,ACE,CE,Federal Contract Tower,0,5,21,2,28,0,0,30,10,40,0,5,51,12,68,12,29,41,109
11/09/2007,COU,MO,ACE,CE,Federal Contract Tower,2,10,25,1,38,0,0,28,3,31,2,10,53,4,69,20,0,20,89
11/10/2007,COU,MO,ACE,CE,Federal Contract Tower,2,14,35,0,51,0,0,55,0,55,2,14,90,0,106,10,0,10,116
11/11/2007,COU,MO,ACE,CE,Federal Contract Tower,0,4,28,0,32,0,0,28,0,28,0,4,56,0,60,46,0,46,106
11/12/2007,COU,MO,ACE,CE,Federal Contract Tower,0,4,31,0,35,0,1,3,0,4,0,5,34,0,39,0,0,0,39
11/13/2007,COU,MO,ACE,CE,Federal Contract Tower,0,6,13,0,19,0,0,19,2,21,0,6,32,2,40,22,0,22,62
11/14/2007,COU,MO,ACE,CE,Federal Contract Tower,0,7,27,0,34,0,0,30,0,30,0,7,57,0,64,12,0,12,76
11/15/2007,COU,MO,ACE,CE,Federal Contract Tower,0,8,24,0,32,0,1,20,6,27,0,9,44,6,59,26,18,44,103
11/16/2007,COU,MO,ACE,CE,Federal Contract Tower,2,9,39,0,50,0,0,42,2,44,2,9,81,2,94,28,4,32,126
11/17/2007,COU,MO,ACE,CE,Federal Contract Tower,2,11,18,0,31,0,1,49,0,50,2,12,67,0,81,40,0,40,121
11/18/2007,COU,MO,ACE,CE,Federal Contract Tower,0,7,26,0,33,0,0,43,0,43,0,7,69,0,76,22,0,22,98
11/19/2007,COU,MO,ACE,CE,Federal Contract Tower,0,12,30,0,42,0,0,32,0,32,0,12,62,0,74,24,0,24,98
11/20/2007,COU,MO,ACE,CE,Federal Contract Tower,0,10,18,8,36,0,0,23,4,27,0,10,41,12,63,12,2,14,77
11/21/2007,COU,MO,ACE,CE,Federal Contract Tower,0,7,9,0,16,0,0,0,0,0,0,7,9,0,16,0,0,0,16
11/22/2007,COU,MO,ACE,CE,Federal Contract Tower,0,11,4,0,15,0,0,11,0,11,0,11,15,0,26,8,0,8,34
11/23/2007,COU,MO,ACE,CE,Federal Contract Tower,2,8,8,0,18,0,0,13,0,13,2,8,21,0,31,14,0,14,45
11/24/2007,COU,MO,ACE,CE,Federal Contract Tower,0,7,4,0,11,0,0,13,0,13,0,7,17,0,24,0,0,0,24
11/25/2007,COU,MO,ACE,CE,Federal Contract Tower,0,5,21,0,26,0,2,20,0,22,0,7,41,0,48,0,0,0,48
11/26/2007,COU,MO,ACE,CE,Federal Contract Tower,0,8,16,0,24,0,0,13,6,19,0,8,29,6,43,14,8,22,65
11/27/2007,COU,MO,ACE,CE,Federal Contract Tower,0,7,16,0,23,0,1,37,2,40,0,8,53,2,63,40,4,44,107
11/28/2007,COU,MO,ACE,CE,Federal Contract Tower,0,9,14,0,23,0,0,6,0,6,0,9,20,0,29,6,0,6,35
11/29/2007,COU,MO,ACE,CE,Federal Contract Tower,0,8,11,1,20,0,0,16,11,27,0,8,27,12,47,12,6,18,65
11/30/2007,COU,MO,ACE,CE,Federal Contract Tower,4,6,26,0,36,0,0,25,0,25,4,6,51,0,61,10,2,12,73
12/01/2007,COU,MO,ACE,CE,Federal Contract Tower,4,6,8,0,18,0,0,21,0,21,4,6,29,0,39,0,0,0,39
12/02/2007,COU,MO,ACE,CE,Federal Contract Tower,3,3,19,0,25,0,3,9,0,12,3,6,28,0,37,6,0,6,43
12/03/2007,COU,MO,ACE,CE,Federal Contract Tower,0,10,18,0,28,0,0,32,0,32,0,10,50,0,60,14,0,14,74
12/04/2007,COU,MO,ACE,CE,Federal Contract Tower,0,10,10,0,20,0,1,31,0,32,0,11,41,0,52,20,0,20,72
12/05/2007,COU,MO,ACE,CE,Federal Contract Tower,0,7,25,0,32,0,0,11,2,13,0,7,36,2,45,14,2,16,61
12/06/2007,COU,MO,ACE,CE,Federal Contract Tower,0,7,15,0,22,0,0,2,0,2,0,7,17,0,24,6,0,6,30
12/07/2007,COU,MO,ACE,CE,Federal Contract Tower,0,11,12,0,23,0,0,0,0,0,0,11,12,0,23,2,0,2,25
12/08/2007,COU,MO,ACE,CE,Federal Contract Tower,1,2,3,0,6,0,0,0,0,0,1,2,3,0,6,0,0,0,6
12/09/2007,COU,MO,ACE,CE,Federal Contract Tower,0,0,3,0,3,0,0,0,0,0,0,0,3,0,3,0,0,0,3
12/10/2007,COU,MO,ACE,CE,Federal Contract Tower,0,12,4,0,16,0,0,0,0,0,0,12,4,0,16,0,0,0,16
12/11/2007,COU,MO,ACE,CE,Federal Contract Tower,0,1,5,0,6,0,0,0,0,0,0,1,5,0,6,0,0,0,6
12/12/2007,COU,MO,ACE,CE,Federal Contract Tower,0,4,3,0,7,0,0,0,0,0,0,4,3,0,7,0,0,0,7
12/13/2007,COU,MO,ACE,CE,Federal Contract Tower,0,9,8,0,17,0,0,2,0,2,0,9,10,0,19,4,0,4,23
12/14/2007,COU,MO,ACE,CE,Federal Contract Tower,2,9,22,0,33,0,0,5,0,5,2,9,27,0,38,6,0,6,44
12/15/2007,COU,MO,ACE,CE,Federal Contract Tower,1,4,1,0,6,0,0,0,0,0,1,4,1,0,6,0,0,0,6
12/16/2007,COU,MO,ACE,CE,Federal Contract Tower,0,4,12,0,16,0,0,13,0,13,0,4,25,0,29,4,0,4,33
12/17/2007,COU,MO,ACE,CE,Federal Contract Tower,0,11,12,0,23,0,0,24,0,24,0,11,36,0,47,8,0,8,55
12/18/2007,COU,MO,ACE,CE,Federal Contract Tower,1,7,22,0,30,0,0,29,0,29,1,7,51,0,59,34,0,34,93
12/19/2007,COU,MO,ACE,CE,Federal Contract Tower,0,9,33,1,43,0,0,26,3,29,0,9,59,4,72,20,0,20,92
12/20/2007,COU,MO,ACE,CE,Federal Contract Tower,1,0,1,0,2,0,0,0,0,0,1,0,1,0,2,0,0,0,2
12/21/2007,COU,MO,ACE,CE,Federal Contract Tower,1,6,24,2,33,0,0,11,0,11,1,6,35,2,44,8,0,8,52
12/22/2007,COU,MO,ACE,CE,Federal Contract Tower,0,1,13,0,14,0,0,5,0,5,0,1,18,0,19,2,0,2,21
12/23/2007,COU,MO,ACE,CE,Federal Contract Tower,0,6,5,0,11,0,0,2,0,2,0,6,7,0,13,0,0,0,13
12/24/2007,COU,MO,ACE,CE,Federal Contract Tower,0,7,4,0,11,0,0,16,0,16,0,7,20,0,27,6,0,6,33
12/25/2007,COU,MO,ACE,CE,Federal Contract Tower,0,5,0,0,5,0,0,15,0,15,0,5,15,0,20,10,0,10,30
12/26/2007,COU,MO,ACE,CE,Federal Contract Tower,2,15,18,0,35,0,0,11,0,11,2,15,29,0,46,2,0,2,48
12/27/2007,COU,MO,ACE,CE,Federal Contract Tower,0,10,7,0,17,0,2,0,0,2,0,12,7,0,19,0,0,0,19
12/28/2007,COU,MO,ACE,CE,Federal Contract Tower,0,3,9,0,12,0,0,2,0,2,0,3,11,0,14,6,0,6,20
12/29/2007,COU,MO,ACE,CE,Federal Contract Tower,3,4,15,0,22,0,0,35,4,39,3,4,50,4,61,26,0,26,87
12/30/2007,COU,MO,ACE,CE,Federal Contract Tower,2,6,17,0,25,0,0,35,0,35,2,6,52,0,60,14,0,14,74
12/31/2007,COU,MO,ACE,CE,Federal Contract Tower,0,8,10,0,18,0,0,15,0,15,0,8,25,0,33,12,0,12,45
01/01/2008,COU,MO,ACE,CE,Federal Contract Tower,4,8,12,0,24,0,0,10,0,10,4,8,22,0,34,0,0,0,34
01/02/2008,COU,MO,ACE,CE,Federal Contract Tower,0,9,19,0,28,0,0,16,4,20,0,9,35,4,48,0,0,0,48
01/03/2008,COU,MO,ACE,CE,Federal Contract Tower,0,9,20,1,30,0,0,11,1,12,0,9,31,2,42,6,2,8,50
01/04/2008,COU,MO,ACE,CE,Federal Contract Tower,0,8,12,0,20,0,0,22,2,24,0,8,34,2,44,6,6,12,56
01/05/2008,COU,MO,ACE,CE,Federal Contract Tower,0,3,10,0,13,0,0,38,0,38,0,3,48,0,51,16,0,16,67
01/06/2008,COU,MO,ACE,CE,Federal Contract Tower,0,5,15,0,20,0,1,36,0,37,0,6,51,0,57,16,0,16,73
01/07/2008,COU,MO,ACE,CE,Federal Contract Tower,0,6,13,0,19,0,1,23,0,24,0,7,36,0,43,12,0,12,55
01/08/2008,COU,MO,ACE,CE,Federal Contract Tower,0,5,8,0,13,0,0,0,0,0,0,5,8,0,13,2,0,2,15
01/09/2008,COU,MO,ACE,CE,Federal Contract Tower,0,6,11,2,19,0,2,41,4,47,0,8,52,6,66,8,20,28,94
01/10/2008,COU,MO,ACE,CE,Federal Contract Tower,0,8,24,0,32,0,2,4,0,6,0,10,28,0,38,4,0,4,42
01/11/2008,COU,MO,ACE,CE,Federal Contract Tower,0,9,18,0,27,0,0,38,0,38,0,9,56,0,65,24,8,32,97
01/12/2008,COU,MO,ACE,CE,Federal Contract Tower,1,3,11,0,15,0,1,42,0,43,1,4,53,0,58,16,0,16,74
01/13/2008,COU,MO,ACE,CE,Federal Contract Tower,0,2,13,0,15,0,1,28,3,32,0,3,41,3,47,10,8,18,65
01/14/2008,COU,MO,ACE,CE,Federal Contract Tower,0,7,18,0,25,0,0,31,4,35,0,7,49,4,60,14,4,18,78
01/15/2008,COU,MO,ACE,CE,Federal Contract Tower,2,6,16,0,24,0,0,43,2,45,2,6,59,2,69,20,4,24,93
01/16/2008,COU,MO,ACE,CE,Federal Contract Tower,0,10,15,2,27,0,1,30,6,37,0,11,45,8,64,18,0,18,82
01/17/2008,COU,MO,ACE,CE,Federal Contract Tower,0,6,19,2,27,0,0,6,0,6,0,6,25,2,33,4,0,4,37
01/18/2008,COU,MO,ACE,CE,Federal Contract Tower,0,9,17,0,26,0,0,14,0,14,0,9,31,0,40,10,2,12,52
01/19/2008,COU,MO,ACE,CE,Federal Contract Tower,0,3,5,0,8,0,0,24,0,24,0,3,29,0,32,10,0,10,42
01/20/2008,COU,MO,ACE,CE,Federal Contract Tower,0,7,10,0,17,0,0,18,0,18,0,7,28,0,35,10,0,10,45
01/21/2008,COU,MO,ACE,CE,Federal Contract Tower,0,10,11,2,23,0,0,15,0,15,0,10,26,2,38,6,4,10,48
01/22/2008,COU,MO,ACE,CE,Federal Contract Tower,0,8,10,0,18,0,0,30,2,32,0,8,40,2,50,14,2,16,66
01/23/2008,COU,MO,ACE,CE,Federal Contract Tower,0,8,21,0,29,0,1,31,4,36,0,9,52,4,65,22,4,26,91
01/24/2008,COU,MO,ACE,CE,Federal Contract Tower,0,10,23,0,33,0,0,35,0,35,0,10,58,0,68,18,2,20,88
01/25/2008,COU,MO,ACE,CE,Federal Contract Tower,0,10,18,0,28,0,0,7,0,7,0,10,25,0,35,8,0,8,43
01/26/2008,COU,MO,ACE,CE,Federal Contract Tower,2,3,10,0,15,0,0,42,0,42,2,3,52,0,57,14,6,20,77
01/27/2008,COU,MO,ACE,CE,Federal Contract Tower,0,7,13,0,20,0,0,39,2,41,0,7,52,2,61,30,0,30,91
01/28/2008,COU,MO,ACE,CE,Federal Contract Tower,8,9,15,0,32,0,3,20,0,23,8,12,35,0,55,22,0,22,77
01/29/2008,COU,MO,ACE,CE,Federal Contract Tower,2,9,11,0,22,0,1,4,0,5,2,10,15,0,27,10,0,10,37
01/30/2008,COU,MO,ACE,CE,Federal Contract Tower,2,10,22,1,35,0,4,36,3,43,2,14,58,4,78,34,0,34,112
01/31/2008,COU,MO,ACE,CE,Federal Contract Tower,0,10,10,0,20,0,0,4,0,4,0,10,14,0,24,0,0,0,24
02/01/2008,COU,MO,ACE,CE,Federal Contract Tower,0,5,10,0,15,0,0,13,0,13,0,5,23,0,28,24,0,24,52
02/02/2008,COU,MO,ACE,CE,Federal Contract Tower,1,6,23,0,30,0,0,44,0,44,1,6,67,0,74,32,0,32,106
02/03/2008,COU,MO,ACE,CE,Federal Contract Tower,0,5,7,0,12,0,0,1,0,1,0,5,8,0,13,0,0,0,13
02/04/2008,COU,MO,ACE,CE,Federal Contract Tower,0,14,19,0,33,0,0,17,0,17,0,14,36,0,50,12,0,12,62
02/05/2008,COU,MO,ACE,CE,Federal Contract Tower,4,7,3,0,14,0,0,0,0,0,4,7,3,0,14,0,0,0,14
02/06/2008,COU,MO,ACE,CE,Federal Contract Tower,2,4,5,0,11,0,0,2,0,2,2,4,7,0,13,0,0,0,13
02/07/2008,COU,MO,ACE,CE,Federal Contract Tower,0,8,17,0,25,0,0,15,4,19,0,8,32,4,44,10,0,10,54
02/08/2008,COU,MO,ACE,CE,Federal Contract Tower,1,11,28,2,42,0,0,34,0,34,1,11,62,2,76,22,0,22,98
02/09/2008,COU,MO,ACE,CE,Federal Contract Tower,1,4,14,0,19,0,2,24,0,26,1,6,38,0,45,10,0,10,55
02/10/2008,COU,MO,ACE,CE,Federal Contract Tower,0,3,10,0,13,0,0,42,0,42,0,3,52,0,55,6,0,6,61
02/11/2008,COU,MO,ACE,CE,Federal Contract Tower,0,6,5,0,11,0,0,8,0,8,0,6,13,0,19,0,0,0,19
02/12/2008,COU,MO,ACE,CE,Federal Contract Tower,0,6,3,0,9,0,0,1,0,1,0,6,4,0,10,0,0,0,10
02/13/2008,COU,MO,ACE,CE,Federal Contract Tower,1,7,14,0,22,0,0,8,0,8,1,7,22,0,30,18,0,18,48
02/14/2008,COU,MO,ACE,CE,Federal Contract Tower,0,7,11,0,18,0,0,5,0,5,0,7,16,0,23,8,0,8,31
02/15/2008,COU,MO,ACE,CE,Federal Contract Tower,0,8,20,2,30,0,0,18,0,18,0,8,38,2,48,12,20,32,80
02/16/2008,COU,MO,ACE,CE,Federal Contract Tower,0,6,21,0,27,0,0,8,0,8,0,6,29,0,35,2,0,2,37
02/17/2008,COU,MO,ACE,CE,Federal Contract Tower,0,4,6,0,10,0,0,1,0,1,0,4,7,0,11,0,0,0,11
02/18/2008,COU,MO,ACE,CE,Federal Contract Tower,0,11,22,0,33,0,0,29,0,29,0,11,51,0,62,18,0,18,80
02/19/2008,COU,MO,ACE,CE,Federal Contract Tower,0,8,13,0,21,0,0,31,0,31,0,8,44,0,52,26,0,26,78
02/20/2008,COU,MO,ACE,CE,Federal Contract Tower,0,8,24,0,32,0,0,42,2,44,0,8,66,2,76,20,0,20,96
02/21/2008,COU,MO,ACE,CE,Federal Contract Tower,0,1,8,0,9,0,0,0,0,0,0,1,8,0,9,2,0,2,11
02/22/2008,COU,MO,ACE,CE,Federal Contract Tower,2,10,8,0,20,0,0,4,0,4,2,10,12,0,24,0,0,0,24
02/23/2008,COU,MO,ACE,CE,Federal Contract Tower,1,8,5,1,15,0,2,28,0,30,1,10,33,1,45,26,0,26,71
02/24/2008,COU,MO,ACE,CE,Federal Contract Tower,0,4,5,0,9,0,0,0,0,0,0,4,5,0,9,0,0,0,9
02/25/2008,COU,MO,ACE,CE,Federal Contract Tower,1,10,12,0,23,0,0,10,1,11,1,10,22,1,34,10,4,14,48
02/26/2008,COU,MO,ACE,CE,Federal Contract Tower,2,9,9,0,20,0,0,20,2,22,2,9,29,2,42,26,0,26,68
02/27/2008,COU,MO,ACE,CE,Federal Contract Tower,0,8,12,0,20,0,0,32,0,32,0,8,44,0,52,22,0,22,74
02/28/2008,COU,MO,ACE,CE,Federal Contract Tower,0,6,24,0,30,0,0,9,0,9,0,6,33,0,39,6,0,6,45
02/29/2008,COU,MO,ACE,CE,Federal Contract Tower,0,9,23,0,32,0,0,37,0,37,0,9,60,0,69,26,8,34,103
03/01/2008,COU,MO,ACE,CE,Federal Contract Tower,2,3,11,0,16,0,1,43,6,50,2,4,54,6,66,32,0,32,98
03/02/2008,COU,MO,ACE,CE,Federal Contract Tower,0,5,13,0,18,0,0,25,2,27,0,5,38,2,45,18,0,18,63
03/03/2008,COU,MO,ACE,CE,Federal Contract Tower,0,8,5,0,13,0,3,31,4,38,0,11,36,4,51,14,4,18,69
03/04/2008,COU,MO,ACE,CE,Federal Contract Tower,2,7,9,0,18,0,0,12,2,14,2,7,21,2,32,12,0,12,44
03/05/2008,COU,MO,ACE,CE,Federal Contract Tower,0,8,11,0,19,0,1,32,0,33,0,9,43,0,52,20,0,20,72
03/06/2008,COU,MO,ACE,CE,Federal Contract Tower,0,6,23,0,29,0,0,18,0,18,0,6,41,0,47,12,0,12,59
03/07/2008,COU,MO,ACE,CE,Federal Contract Tower,0,12,19,0,31,0,0,18,2,20,0,12,37,2,51,6,0,6,57
03/08/2008,COU,MO,ACE,CE,Federal Contract Tower,4,6,20,0,30,0,0,37,0,37,4,6,57,0,67,24,0,24,91
03/09/2008,COU,MO,ACE,CE,Federal Contract Tower,0,4,19,0,23,0,0,46,0,46,0,4,65,0,69,26,0,26,95
03/10/2008,COU,MO,ACE,CE,Federal Contract Tower,0,8,7,0,15,0,0,48,0,48,0,8,55,0,63,42,0,42,105
03/11/2008,COU,MO,ACE,CE,Federal Contract Tower,0,6,29,0,35,0,0,44,4,48,0,6,73,4,83,14,10,24,107
03/12/2008,COU,MO,ACE,CE,Federal Contract Tower,0,4,21,1,26,0,0,33,3,36,0,4,54,4,62,26,0,26,88
03/13/2008,COU,MO,ACE,CE,Federal Contract Tower,1,6,11,0,18,0,0,15,0,15,1,6,26,0,33,8,0,8,41
03/14/2008,COU,MO,ACE,CE,Federal Contract Tower,0,6,14,0,20,0,0,19,0,19,0,6,33,0,39,16,0,16,55
03/15/2008,COU,MO,ACE,CE,Federal Contract Tower,1,6,5,1,13,0,0,8,0,8,1,6,13,1,21,0,0,0,21
03/16/2008,COU,MO,ACE,CE,Federal Contract Tower,0,5,12,0,17,0,0,50,0,50,0,5,62,0,67,30,0,30,97
03/17/2008,COU,MO,ACE,CE,Federal Contract Tower,0,7,12,1,20,0,0,11,0,11,0,7,23,1,31,0,0,0,31
03/18/2008,COU,MO,ACE,CE,Federal Contract Tower,2,7,7,0,16,0,0,0,0,0,2,7,7,0,16,0,0,0,16
03/19/2008,COU,MO,ACE,CE,Federal Contract Tower,0,6,27,0,33,0,0,12,0,12,0,6,39,0,45,12,0,12,57
03/20/2008,COU,MO,ACE,CE,Federal Contract Tower,0,7,26,0,33,0,0,48,2,50,0,7,74,2,83,28,10,38,121
03/21/2008,COU,MO,ACE,CE,Federal Contract Tower,0,6,14,0,20,0,0,23,0,23,0,6,37,0,43,14,0,14,57
03/22/2008,COU,MO,ACE,CE,Federal Contract Tower,0,3,15,0,18,0,0,15,0,15,0,3,30,0,33,6,0,6,39
03/23/2008,COU,MO,ACE,CE,Federal Contract Tower,0,5,1,0,6,0,0,13,0,13,0,5,14,0,19,0,0,0,19
03/24/2008,COU,MO,ACE,CE,Federal Contract Tower,0,9,6,2,17,0,0,38,2,40,0,9,44,4,57,22,8,30,87
03/25/2008,COU,MO,ACE,CE,Federal Contract Tower,0,9,14,0,23,0,0,31,5,36,0,9,45,5,59,30,2,32,91
03/26/2008,COU,MO,ACE,CE,Federal Contract Tower,0,5,6,3,14,0,0,10,5,15,0,5,16,8,29,10,8,18,47
03/27/2008,COU,MO,ACE,CE,Federal Contract Tower,0,7,20,0,27,0,0,3,0,3,0,7,23,0,30,0,0,0,30
03/28/2008,COU,MO,ACE,CE,Federal Contract Tower,1,8,22,4,35,0,0,30,2,32,1,8,52,6,67,14,6,20,87
03/29/2008,COU,MO,ACE,CE,Federal Contract Tower,0,7,9,2,18,0,0,40,2,42,0,7,49,4,60,26,0,26,86
03/30/2008,COU,MO,ACE,CE,Federal Contract Tower,0,4,7,2,13,0,0,0,0,0,0,4,7,2,13,0,0,0,13
03/31/2008,COU,MO,ACE,CE,Federal Contract Tower,0,14,8,0,22,0,0,0,0,0,0,14,8,0,22,0,0,0,22
04/01/2008,COU,MO,ACE,CE,Federal Contract Tower,0,14,17,0,31,0,0,20,0,20,0,14,37,0,51,28,0,28,79
04/02/2008,COU,MO,ACE,CE,Federal Contract Tower,0,13,19,0,32,0,0,41,0,41,0,13,60,0,73,14,0,14,87
04/03/2008,COU,MO,ACE,CE,Federal Contract Tower,0,12,17,0,29,0,0,0,0,0,0,12,17,0,29,4,0,4,33
04/04/2008,COU,MO,ACE,CE,Federal Contract Tower,0,7,42,0,49,0,0,10,0,10,0,7,52,0,59,14,0,14,73
04/05/2008,COU,MO,ACE,CE,Federal Contract Tower,0,3,12,0,15,0,0,51,0,51,0,3,63,0,66,50,0,50,116
04/06/2008,COU,MO,ACE,CE,Federal Contract Tower,1,6,18,2,27,0,0,42,0,42,1,6,60,2,69,26,2,28,97
04/07/2008,COU,MO,ACE,CE,Federal Contract Tower,0,13,25,0,38,0,0,45,0,45,0,13,70,0,83,20,0,20,103
04/08/2008,COU,MO,ACE,CE,Federal Contract Tower,0,8,9,0,17,0,0,1,0,1,0,8,10,0,18,0,0,0,18
04/09/2008,COU,MO,ACE,CE,Federal Contract Tower,0,6,17,0,23,0,0,13,0,13,0,6,30,0,36,18,0,18,54
04/10/2008,COU,MO,ACE,CE,Federal Contract Tower,2,10,19,6,37,0,0,5,4,9,2,10,24,10,46,0,0,0,46
04/11/2008,COU,MO,ACE,CE,Federal Contract Tower,0,5,9,0,14,0,0,3,0,3,0,5,12,0,17,2,0,2,19
04/12/2008,COU,MO,ACE,CE,Federal Contract Tower,1,5,3,0,9,0,0,0,0,0,1,5,3,0,9,0,0,0,9
04/13/2008,COU,MO,ACE,CE,Federal Contract Tower,1,9,16,0,26,0,0,3,0,3,1,9,19,0,29,0,0,0,29
04/14/2008,COU,MO,ACE,CE,Federal Contract Tower,1,9,15,3,28,0,0,37,3,40,1,9,52,6,68,40,16,56,124
04/15/2008,COU,MO,ACE,CE,Federal Contract Tower,0,6,19,0,25,0,0,39,1,40,0,6,58,1,65,14,12,26,91
04/16/2008,COU,MO,ACE,CE,Federal Contract Tower,0,8,14,0,22,0,0,29,2,31,0,8,43,2,53,26,4,30,83
04/17/2008,COU,MO,ACE,CE,Federal Contract Tower,0,6,13,0,19,0,0,18,0,18,0,6,31,0,37,20,0,20,57
04/18/2008,COU,MO,ACE,CE,Federal Contract Tower,0,11,23,0,34,0,0,7,0,7,0,11,30,0,41,4,0,4,45
04/19/2008,COU,MO,ACE,CE,Federal Contract Tower,0,4,18,0,22,0,0,1,0,1,0,4,19,0,23,0,0,0,23
04/20/2008,COU,MO,ACE,CE,Federal Contract Tower,0,3,14,3,20,0,0,37,0,37,0,3,51,3,57,44,6,50,107
04/21/2008,COU,MO,ACE,CE,Federal Contract Tower,0,6,19,0,25,0,0,39,0,39,0,6,58,0,64,40,0,40,104
04/22/2008,COU,MO,ACE,CE,Federal Contract Tower,0,7,21,0,28,0,0,27,0,27,0,7,48,0,55,44,0,44,99
04/23/2008,COU,MO,ACE,CE,Federal Contract Tower,0,7,18,0,25,0,0,22,0,22,0,7,40,0,47,30,0,30,77
04/24/2008,COU,MO,ACE,CE,Federal Contract Tower,0,14,24,0,38,0,0,16,0,16,0,14,40,0,54,18,0,18,72
04/25/2008,COU,MO,ACE,CE,Federal Contract Tower,4,8,20,0,32,0,0,14,0,14,4,8,34,0,46,2,2,4,50
04/26/2008,COU,MO,ACE,CE,Federal Contract Tower,0,3,2,0,5,0,0,57,0,57,0,3,59,0,62,24,0,24,86
04/27/2008,COU,MO,ACE,CE,Federal Contract Tower,2,5,14,0,21,0,0,10,0,10,2,5,24,0,31,10,0,10,41
04/28/2008,COU,MO,ACE,CE,Federal Contract Tower,0,10,16,0,26,0,0,31,0,31,0,10,47,0,57,24,0,24,81
04/29/2008,COU,MO,ACE,CE,Federal Contract Tower,0,10,16,0,26,0,0,27,3,30,0,10,43,3,56,26,12,38,94
04/30/2008,COU,MO,ACE,CE,Federal Contract Tower,0,7,8,0,15,0,0,35,1,36,0,7,43,1,51,50,2,52,103
05/01/2008,COU,MO,ACE,CE,Federal Contract Tower,0,6,10,0,16,0,0,16,2,18,0,6,26,2,34,2,0,2,36
05/02/2008,COU,MO,ACE,CE,Federal Contract Tower,1,9,6,0,16,0,0,15,0,15,1,9,21,0,31,4,0,4,35
05/03/2008,COU,MO,ACE,CE,Federal Contract Tower,0,2,7,0,9,0,0,21,0,21,0,2,28,0,30,16,6,22,52
05/04/2008,COU,MO,ACE,CE,Federal Contract Tower,0,2,15,0,17,0,0,51,0,51,0,2,66,0,68,40,0,40,108
05/05/2008,COU,MO,ACE,CE,Federal Contract Tower,0,8,25,0,33,0,2,34,0,36,0,10,59,0,69,54,0,54,123
05/06/2008,COU,MO,ACE,CE,Federal Contract Tower,0,7,17,0,24,0,0,15,0,15,0,7,32,0,39,16,0,16,55
05/07/2008,COU,MO,ACE,CE,Federal Contract Tower,0,10,19,0,29,0,0,0,0,0,0,10,19,0,29,12,0,12,41
05/08/2008,COU,MO,ACE,CE,Federal Contract Tower,0,8,40,0,48,0,0,5,0,5,0,8,45,0,53,8,0,8,61
05/09/2008,COU,MO,ACE,CE,Federal Contract Tower,0,11,23,0,34,0,0,14,0,14,0,11,37,0,48,2,0,2,50
05/10/2008,COU,MO,ACE,CE,Federal Contract Tower,2,4,11,0,17,0,1,25,0,26,2,5,36,0,43,12,0,12,55
05/11/2008,COU,MO,ACE,CE,Federal Contract Tower,0,13,6,0,19,0,0,15,0,15,0,13,21,0,34,6,0,6,40
05/12/2008,COU,MO,ACE,CE,Federal Contract Tower,0,12,16,0,28,0,0,39,0,39,0,12,55,0,67,22,0,22,89
05/13/2008,COU,MO,ACE,CE,Federal Contract Tower,0,8,20,0,28,0,0,26,2,28,0,8,46,2,56,16,0,16,72
05/14/2008,COU,MO,ACE,CE,Federal Contract Tower,0,6,18,0,24,0,0,20,1,21,0,6,38,1,45,28,2,30,75
05/15/2008,COU,MO,ACE,CE,Federal Contract Tower,0,9,30,0,39,0,0,11,2,13,0,9,41,2,52,2,0,2,54
05/16/2008,COU,MO,ACE,CE,Federal Contract Tower,0,9,22,0,31,0,0,30,3,33,0,9,52,3,64,28,8,36,100
05/17/2008,COU,MO,ACE,CE,Federal Contract Tower,0,3,11,0,14,0,1,45,0,46,0,4,56,0,60,24,0,24,84
05/18/2008,COU,MO,ACE,CE,Federal Contract Tower,0,4,21,0,25,0,0,40,0,40,0,4,61,0,65,24,0,24,89
05/19/2008,COU,MO,ACE,CE,Federal Contract Tower,0,5,15,0,20,0,3,44,0,47,0,8,59,0,67,20,0,20,87
05/20/2008,COU,MO,ACE,CE,Federal Contract Tower,0,4,15,0,19,0,1,34,0,35,0,5,49,0,54,36,0,36,90
05/21/2008,COU,MO,ACE,CE,Federal Contract Tower,0,6,21,0,27,0,0,36,4,40,0,6,57,4,67,36,0,36,103
05/22/2008,COU,MO,ACE,CE,Federal Contract Tower,0,4,11,10,25,0,0,8,4,12,0,4,19,14,37,10,24,34,71
05/23/2008,COU,MO,ACE,CE,Federal Contract Tower,0,6,16,5,27,0,0,19,21,40,0,6,35,26,67,28,26,54,121
05/24/2008,COU,MO,ACE,CE,Federal Contract Tower,0,4,2,0,6,0,0,10,0,10,0,4,12,0,16,10,0,10,26
05/25/2008,COU,MO,ACE,CE,Federal Contract Tower,0,1,3,1,5,0,1,45,22,68,0,2,48,23,73,28,24,52,125
05/26/2008,COU,MO,ACE,CE,Federal Contract Tower,0,10,9,10,29,0,0,2,3,5,0,10,11,13,34,0,0,0,34
05/27/2008,COU,MO,ACE,CE,Federal Contract Tower,0,6,10,0,16,0,1,2,4,7,0,7,12,4,23,0,4,4,27
05/28/2008,COU,MO,ACE,CE,Federal Contract Tower,0,6,18,0,24,0,0,34,4,38,0,6,52,4,62,30,0,30,92
05/29/2008,COU,MO,ACE,CE,Federal Contract Tower,0,9,6,0,15,0,0,29,4,33,0,9,35,4,48,26,4,30,78
05/30/2008,COU,MO,ACE,CE,Federal Contract Tower,2,5,5,0,12,0,0,11,0,11,2,5,16,0,23,8,0,8,31
05/31/2008,COU,MO,ACE,CE,Federal Contract Tower,2,5,5,0,12,0,0,11,0,11,2,5,16,0,23,8,0,8,31
06/01/2008,COU,MO,ACE,CE,Federal Contract Tower,0,3,3,4,10,0,0,28,0,28,0,3,31,4,38,30,6,36,74
06/02/2008,COU,MO,ACE,CE,Federal Contract Tower,0,12,12,0,24,0,0,11,0,11,0,12,23,0,35,22,0,22,57
06/03/2008,COU,MO,ACE,CE,Federal Contract Tower,0,8,11,0,19,0,1,31,0,32,0,9,42,0,51,20,0,20,71
06/04/2008,COU,MO,ACE,CE,Federal Contract Tower,2,9,8,0,19,0,1,7,0,8,2,10,15,0,27,28,0,28,55
06/05/2008,COU,MO,ACE,CE,Federal Contract Tower,0,11,17,0,28,0,0,17,0,17,0,11,34,0,45,16,0,16,61
06/06/2008,COU,MO,ACE,CE,Federal Contract Tower,0,13,14,2,29,0,0,17,0,17,0,13,31,2,46,16,0,16,62
06/07/2008,COU,MO,ACE,CE,Federal Contract Tower,0,4,11,0,15,0,0,12,0,12,0,4,23,0,27,10,0,10,37
06/08/2008,COU,MO,ACE,CE,Federal Contract Tower,0,5,13,1,19,0,0,32,0,32,0,5,45,1,51,22,0,22,73
06/09/2008,COU,MO,ACE,CE,Federal Contract Tower,0,10,7,1,18,0,0,4,0,4,0,10,11,1,22,0,0,0,22
06/10/2008,COU,MO,ACE,CE,Federal Contract Tower,0,10,20,0,30,0,0,21,0,21,0,10,41,0,51,20,0,20,71
06/11/2008,COU,MO,ACE,CE,Federal Contract Tower,0,7,19,0,26,0,0,23,0,23,0,7,42,0,49,16,0,16,65
06/12/2008,COU,MO,ACE,CE,Federal Contract Tower,0,8,13,0,21,0,0,20,0,20,0,8,33,0,41,8,0,8,49
06/13/2008,COU,MO,ACE,CE,Federal Contract Tower,0,10,14,0,24,0,0,9,0,9,0,10,23,0,33,2,0,2,35
06/14/2008,COU,MO,ACE,CE,Federal Contract Tower,0,3,8,4,15,0,0,59,1,60,0,3,67,5,75,30,0,30,105
06/15/2008,COU,MO,ACE,CE,Federal Contract Tower,0,8,11,0,19,0,0,21,0,21,0,8,32,0,40,12,0,12,52
06/16/2008,COU,MO,ACE,CE,Federal Contract Tower,0,12,15,0,27,0,0,24,0,24,0,12,39,0,51,6,0,6,57
06/17/2008,COU,MO,ACE,CE,Federal Contract Tower,0,6,23,0,29,0,0,43,0,43,0,6,66,0,72,34,0,34,106
06/18/2008,COU,MO,ACE,CE,Federal Contract Tower,0,8,19,0,27,0,0,43,0,43,0,8,62,0,70,26,0,26,96
06/19/2008,COU,MO,ACE,CE,Federal Contract Tower,0,8,13,0,21,0,0,11,0,11,0,8,24,0,32,2,0,2,34
06/20/2008,COU,MO,ACE,CE,Federal Contract Tower,0,6,10,0,16,0,0,18,0,18,0,6,28,0,34,14,0,14,48
06/21/2008,COU,MO,ACE,CE,Federal Contract Tower,0,2,19,0,21,0,1,39,2,42,0,3,58,2,63,42,0,42,105
06/22/2008,COU,MO,ACE,CE,Federal Contract Tower,0,3,17,0,20,0,0,39,0,39,0,3,56,0,59,34,0,34,93
06/23/2008,COU,MO,ACE,CE,Federal Contract Tower,0,7,14,0,21,0,1,40,0,41,0,8,54,0,62,32,0,32,94
06/24/2008,COU,MO,ACE,CE,Federal Contract Tower,0,12,23,4,39,0,0,12,1,13,0,12,35,5,52,8,10,18,70
06/25/2008,COU,MO,ACE,CE,Federal Contract Tower,0,6,13,3,22,0,0,28,2,30,0,6,41,5,52,18,12,30,82
06/26/2008,COU,MO,ACE,CE,Federal Contract Tower,0,7,17,0,24,0,0,10,0,10,0,7,27,0,34,12,0,12,46
06/27/2008,COU,MO,ACE,CE,Federal Contract Tower,0,8,13,0,21,0,0,33,0,33,0,8,46,0,54,12,0,12,66
06/28/2008,COU,MO,ACE,CE,Federal Contract Tower,0,3,10,0,13,0,0,22,0,22,0,3,32,0,35,4,0,4,39
06/29/2008,COU,MO,ACE,CE,Federal Contract Tower,0,3,7,0,10,0,1,38,1,40,0,4,45,1,50,20,0,20,70
06/30/2008,COU,MO,ACE,CE,Federal Contract Tower,0,12,19,0,31,0,0,44,2,46,0,12,63,2,77,34,0,34,111
07/01/2008,COU,MO,ACE,CE,Federal Contract Tower,0,5,16,0,21,0,0,41,0,41,0,5,57,0,62,30,0,30,92
07/02/2008,COU,MO,ACE,CE,Federal Contract Tower,0,0,16,0,16,0,0,9,0,9,0,0,25,0,25,0,0,0,25
07/03/2008,COU,MO,ACE,CE,Federal Contract Tower,0,6,12,0,18,0,0,4,0,4,0,6,16,0,22,8,0,8,30
07/04/2008,COU,MO,ACE,CE,Federal Contract Tower,0,0,13,0,13,0,0,14,0,14,0,0,27,0,27,6,0,6,33
07/05/2008,COU,MO,ACE,CE,Federal Contract Tower,0,0,8,0,8,0,0,37,0,37,0,0,45,0,45,30,0,30,75
07/06/2008,COU,MO,ACE,CE,Federal Contract Tower,0,1,12,0,13,0,0,42,0,42,0,1,54,0,55,20,0,20,75
07/07/2008,COU,MO,ACE,CE,Federal Contract Tower,0,2,16,0,18,0,0,31,0,31,0,2,47,0,49,32,0,32,81
07/08/2008,COU,MO,ACE,CE,Federal Contract Tower,0,0,11,0,11,0,0,10,0,10,0,0,21,0,21,0,0,0,21
07/09/2008,COU,MO,ACE,CE,Federal Contract Tower,0,0,31,0,31,0,0,37,0,37,0,0,68,0,68,16,0,16,84
07/10/2008,COU,MO,ACE,CE,Federal Contract Tower,0,1,15,0,16,0,1,37,2,40,0,2,52,2,56,14,8,22,78
07/11/2008,COU,MO,ACE,CE,Federal Contract Tower,0,2,19,0,21,0,0,39,0,39,0,2,58,0,60,16,2,18,78
07/12/2008,COU,MO,ACE,CE,Federal Contract Tower,1,1,12,0,14,0,0,30,0,30,1,1,42,0,44,20,0,20,64
07/13/2008,COU,MO,ACE,CE,Federal Contract Tower,0,0,11,0,11,0,0,70,0,70,0,0,81,0,81,52,0,52,133
07/14/2008,COU,MO,ACE,CE,Federal Contract Tower,0,2,12,0,14,0,0,61,0,61,0,2,73,0,75,28,0,28,103
07/15/2008,COU,MO,ACE,CE,Federal Contract Tower,0,0,16,0,16,0,1,27,0,28,0,1,43,0,44,28,0,28,72
07/16/2008,COU,MO,ACE,CE,Federal Contract Tower,0,1,25,5,31,0,0,51,4,55,0,1,76,9,86,28,2,30,116
07/17/2008,COU,MO,ACE,CE,Federal Contract Tower,0,1,19,0,20,0,0,34,0,34,0,1,53,0,54,24,0,24,78
07/18/2008,COU,MO,ACE,CE,Federal Contract Tower,0,1,12,0,13,0,1,30,0,31,0,2,42,0,44,8,0,8,52
07/19/2008,COU,MO,ACE,CE,Federal Contract Tower,0,0,7,0,7,0,0,42,0,42,0,0,49,0,49,25,0,25,74
07/20/2008,COU,MO,ACE,CE,Federal Contract Tower,0,0,6,2,8,0,0,37,0,37,0,0,43,2,45,20,0,20,65
07/21/2008,COU,MO,ACE,CE,Federal Contract Tower,0,3,14,2,19,0,0,45,2,47,0,3,59,4,66,34,2,36,102
07/22/2008,COU,MO,ACE,CE,Federal Contract Tower,0,0,8,0,8,0,0,12,2,14,0,0,20,2,22,0,16,16,38
07/23/2008,COU,MO,ACE,CE,Federal Contract Tower,0,0,30,0,30,0,0,31,0,31,0,0,61,0,61,26,0,26,87
07/24/2008,COU,MO,ACE,CE,Federal Contract Tower,0,8,15,0,23,0,0,21,0,21,0,8,36,0,44,4,0,4,48
07/25/2008,COU,MO,ACE,CE,Federal Contract Tower,0,1,18,0,19,0,0,31,2,33,0,1,49,2,52,10,4,14,66
07/26/2008,COU,MO,ACE,CE,Federal Contract Tower,0,0,14,0,14,0,0,30,0,30,0,0,44,0,44,4,0,4,48
07/27/2008,COU,MO,ACE,CE,Federal Contract Tower,0,0,11,0,11,0,0,50,4,54,0,0,61,4,65,54,0,54,119
07/28/2008,COU,MO,ACE,CE,Federal Contract Tower,0,1,15,0,16,0,0,27,0,27,0,1,42,0,43,14,0,14,57
07/29/2008,COU,MO,ACE,CE,Federal Contract Tower,0,2,15,0,17,0,0,44,0,44,0,2,59,0,61,24,0,24,85
07/30/2008,COU,MO,ACE,CE,Federal Contract Tower,0,0,12,0,12,0,0,4,0,4,0,0,16,0,16,4,0,4,20
07/31/2008,COU,MO,ACE,CE,Federal Contract Tower,0,4,25,0,29,0,0,13,1,14,0,4,38,1,43,22,2,24,67
08/01/2008,COU,MO,ACE,CE,Federal Contract Tower,0,2,9,0,11,0,0,28,4,32,0,2,37,4,43,10,2,12,55
08/02/2008,COU,MO,ACE,CE,Federal Contract Tower,0,0,6,0,6,0,0,41,3,44,0,0,47,3,50,34,0,34,84
08/03/2008,COU,MO,ACE,CE,Federal Contract Tower,0,0,11,0,11,0,0,57,2,59,0,0,68,2,70,26,2,28,98
08/04/2008,COU,MO,ACE,CE,Federal Contract Tower,0,2,15,0,17,0,0,58,1,59,0,2,73,1,76,30,0,30,106
08/05/2008,COU,MO,ACE,CE,Federal Contract Tower,0,1,9,0,10,0,0,26,4,30,0,1,35,4,40,0,0,0,40
08/06/2008,COU,MO,ACE,CE,Federal Contract Tower,0,4,14,0,18,0,0,24,0,24,0,4,38,0,42,14,0,14,56
08/07/2008,COU,MO,ACE,CE,Federal Contract Tower,0,3,11,0,14,0,0,45,0,45,0,3,56,0,59,10,2,12,71
08/08/2008,COU,MO,ACE,CE,Federal Contract Tower,0,0,14,0,14,0,0,35,2,37,0,0,49,2,51,12,0,12,63
08/09/2008,COU,MO,ACE,CE,Federal Contract Tower,0,1,8,0,9,0,0,34,0,34,0,1,42,0,43,22,0,22,65
08/10/2008,COU,MO,ACE,CE,Federal Contract Tower,0,0,13,0,13,0,0,33,0,33,0,0,46,0,46,40,0,40,86
08/11/2008,COU,MO,ACE,CE,Federal Contract Tower,0,5,15,0,20,0,0,29,0,29,0,5,44,0,49,26,0,26,75
08/12/2008,COU,MO,ACE,CE,Federal Contract Tower,0,2,16,0,18,0,0,22,0,22,0,2,38,0,40,12,0,12,52
08/13/2008,COU,MO,ACE,CE,Federal Contract Tower,0,2,40,0,42,0,0,29,0,29,0,2,69,0,71,26,0,26,97
08/14/2008,COU,MO,ACE,CE,Federal Contract Tower,0,1,24,0,25,0,0,27,0,27,0,1,51,0,52,10,0,10,62
08/15/2008,COU,MO,ACE,CE,Federal Contract Tower,0,2,16,0,18,0,0,32,0,32,0,2,48,0,50,14,0,14,64
08/16/2008,COU,MO,ACE,CE,Federal Contract Tower,0,1,5,4,10,0,0,44,0,44,0,1,49,4,54,24,16,40,94
08/17/2008,COU,MO,ACE,CE,Federal Contract Tower,0,0,10,0,10,0,0,54,2,56,0,0,64,2,66,34,0,34,100
08/18/2008,COU,MO,ACE,CE,Federal Contract Tower,0,2,9,0,11,0,0,48,0,48,0,2,57,0,59,24,0,24,83
08/19/2008,COU,MO,ACE,CE,Federal Contract Tower,0,7,16,0,23,0,1,33,0,34,0,8,49,0,57,20,0,20,77
08/20/2008,COU,MO,ACE,CE,Federal Contract Tower,0,10,24,0,34,0,0,24,2,26,0,10,48,2,60,20,6,26,86
08/21/2008,COU,MO,ACE,CE,Federal Contract Tower,0,8,16,0,24,0,0,8,2,10,0,8,24,2,34,16,2,18,52
08/22/2008,COU,MO,ACE,CE,Federal Contract Tower,0,0,0,0,0,0,0,28,2,30,0,0,28,2,30,18,0,18,48
08/23/2008,COU,MO,ACE,CE,Federal Contract Tower,0,6,16,0,22,0,2,42,0,44,0,8,58,0,66,28,0,28,94
08/24/2008,COU,MO,ACE,CE,Federal Contract Tower,0,12,13,0,25,0,0,47,0,47,0,12,60,0,72,26,0,26,98
08/25/2008,COU,MO,ACE,CE,Federal Contract Tower,0,9,19,0,28,0,0,32,0,32,0,9,51,0,60,22,0,22,82
08/26/2008,COU,MO,ACE,CE,Federal Contract Tower,0,6,21,4,31,0,0,30,0,30,0,6,51,4,61,16,8,24,85
08/27/2008,COU,MO,ACE,CE,Federal Contract Tower,0,8,15,0,23,0,0,26,2,28,0,8,41,2,51,12,0,12,63
08/28/2008,COU,MO,ACE,CE,Federal Contract Tower,0,8,22,0,30,0,0,21,0,21,0,8,43,0,51,16,0,16,67
08/29/2008,COU,MO,ACE,CE,Federal Contract Tower,0,5,18,0,23,0,0,30,0,30,0,5,48,0,53,20,0,20,73
08/30/2008,COU,MO,ACE,CE,Federal Contract Tower,0,5,6,0,11,0,0,51,0,51,0,5,57,0,62,24,0,24,86
08/31/2008,COU,MO,ACE,CE,Federal Contract Tower,0,5,7,0,12,0,0,36,0,36,0,5,43,0,48,16,0,16,64
09/01/2008,COU,MO,ACE,CE,Federal Contract Tower,0,11,7,0,18,0,0,46,0,46,0,11,53,0,64,20,0,20,84
09/02/2008,COU,MO,ACE,CE,Federal Contract Tower,2,7,8,4,21,0,0,28,0,28,2,7,36,4,49,20,0,20,69
09/03/2008,COU,MO,ACE,CE,Federal Contract Tower,0,5,6,0,11,0,0,0,0,0,0,5,6,0,11,2,0,2,13
09/04/2008,COU,MO,ACE,CE,Federal Contract Tower,0,5,9,0,14,0,0,0,0,0,0,5,9,0,14,0,0,0,14
09/05/2008,COU,MO,ACE,CE,Federal Contract Tower,0,5,24,0,29,0,0,37,0,37,0,5,61,0,66,30,0,30,96
09/06/2008,COU,MO,ACE,CE,Federal Contract Tower,0,7,10,0,17,0,0,47,0,47,0,7,57,0,64,26,0,26,90
09/07/2008,COU,MO,ACE,CE,Federal Contract Tower,0,7,24,0,31,0,0,32,0,32,0,7,56,0,63,16,0,16,79
09/08/2008,COU,MO,ACE,CE,Federal Contract Tower,0,7,14,0,21,0,0,24,0,24,0,7,38,0,45,14,0,14,59
09/09/2008,COU,MO,ACE,CE,Federal Contract Tower,0,7,9,0,16,0,0,26,1,27,0,7,35,1,43,16,2,18,61
09/10/2008,COU,MO,ACE,CE,Federal Contract Tower,0,5,15,0,20,0,0,33,0,33,0,5,48,0,53,24,0,24,77
09/11/2008,COU,MO,ACE,CE,Federal Contract Tower,0,10,13,0,23,0,0,1,0,1,0,10,14,0,24,0,0,0,24
09/12/2008,COU,MO,ACE,CE,Federal Contract Tower,1,8,24,0,33,0,0,6,0,6,1,8,30,0,39,16,0,16,55
09/13/2008,COU,MO,ACE,CE,Federal Contract Tower,1,3,12,0,16,0,0,0,0,0,1,3,12,0,16,0,0,0,16
09/14/2008,COU,MO,ACE,CE,Federal Contract Tower,0,4,13,0,17,0,0,11,0,11,0,4,24,0,28,0,0,0,28
09/15/2008,COU,MO,ACE,CE,Federal Contract Tower,0,7,17,1,25,0,0,17,0,17,0,7,34,1,42,24,0,24,66
09/16/2008,COU,MO,ACE,CE,Federal Contract Tower,0,9,16,1,26,0,0,46,0,46,0,9,62,1,72,34,0,34,106
09/17/2008,COU,MO,ACE,CE,Federal Contract Tower,0,5,22,0,27,0,0,41,0,41,0,5,63,0,68,46,0,46,114
09/18/2008,COU,MO,ACE,CE,Federal Contract Tower,0,4,26,0,30,0,0,33,0,33,0,4,59,0,63,12,0,12,75
09/19/2008,COU,MO,ACE,CE,Federal Contract Tower,2,6,18,0,26,0,0,33,2,35,2,6,51,2,61,28,2,30,91
09/20/2008,COU,MO,ACE,CE,Federal Contract Tower,2,5,19,0,26,0,0,46,0,46,2,5,65,0,72,16,0,16,88
09/21/2008,COU,MO,ACE,CE,Federal Contract Tower,0,4,21,0,25,0,0,30,0,30,0,4,51,0,55,20,0,20,75
09/22/2008,COU,MO,ACE,CE,Federal Contract Tower,0,8,15,2,25,0,0,33,0,33,0,8,48,2,58,26,0,26,84
09/23/2008,COU,MO,ACE,CE,Federal Contract Tower,0,10,14,0,24,0,3,17,0,20,0,13,31,0,44,22,0,22,66
09/24/2008,COU,MO,ACE,CE,Federal Contract Tower,0,5,14,0,19,0,0,19,1,20,0,5,33,1,39,18,2,20,59
09/25/2008,COU,MO,ACE,CE,Federal Contract Tower,0,8,27,0,35,0,0,47,0,47,0,8,74,0,82,39,0,39,121
09/26/2008,COU,MO,ACE,CE,Federal Contract Tower,0,5,25,0,30,0,0,30,5,35,0,5,55,5,65,16,2,18,83
09/27/2008,COU,MO,ACE,CE,Federal Contract Tower,0,5,6,0,11,0,0,78,0,78,0,5,84,0,89,34,0,34,123
09/28/2008,COU,MO,ACE,CE,Federal Contract Tower,0,10,22,0,32,0,0,55,0,55,0,10,77,0,87,32,0,32,119
09/29/2008,COU,MO,ACE,CE,Federal Contract Tower,0,14,24,1,39,0,0,31,0,31,0,14,55,1,70,18,0,18,88
09/30/2008,COU,MO,ACE,CE,Federal Contract Tower,0,5,19,0,24,0,0,37,0,37,0,5,56,0,61,32,0,32,93
10/01/2008,COU,MO,ACE,CE,Federal Contract Tower,0,5,30,0,35,0,0,39,2,41,0,5,69,2,76,20,2,22,98
10/02/2008,COU,MO,ACE,CE,Federal Contract Tower,0,4,19,0,23,0,0,34,0,34,0,4,53,0,57,8,0,8,65
10/03/2008,COU,MO,ACE,CE,Federal Contract Tower,1,5,11,0,17,0,0,40,0,40,1,5,51,0,57,6,0,6,63
10/04/2008,COU,MO,ACE,CE,Federal Contract Tower,0,7,16,0,23,0,0,57,0,57,0,7,73,0,80,30,0,30,110
10/05/2008,COU,MO,ACE,CE,Federal Contract Tower,0,6,19,2,27,0,0,52,2,54,0,6,71,4,81,48,0,48,129
10/06/2008,COU,MO,ACE,CE,Federal Contract Tower,0,9,14,0,23,0,0,46,0,46,0,9,60,0,69,28,0,28,97
10/07/2008,COU,MO,ACE,CE,Federal Contract Tower,0,5,17,0,22,0,0,0,0,0,0,5,17,0,22,0,0,0,22
10/08/2008,COU,MO,ACE,CE,Federal Contract Tower,8,7,25,0,40,0,0,36,0,36,8,7,61,0,76,22,0,22,98
10/09/2008,COU,MO,ACE,CE,Federal Contract Tower,1,6,29,0,36,0,0,46,0,46,1,6,75,0,82,28,0,28,110
10/10/2008,COU,MO,ACE,CE,Federal Contract Tower,2,8,32,1,43,0,0,32,0,32,2,8,64,1,75,22,0,22,97
10/11/2008,COU,MO,ACE,CE,Federal Contract Tower,1,8,19,0,28,0,0,48,0,48,1,8,67,0,76,22,0,22,98
10/12/2008,COU,MO,ACE,CE,Federal Contract Tower,0,7,26,0,33,0,0,35,0,35,0,7,61,0,68,22,0,22,90
10/13/2008,COU,MO,ACE,CE,Federal Contract Tower,0,7,5,0,12,0,0,7,0,7,0,7,12,0,19,14,0,14,33
10/14/2008,COU,MO,ACE,CE,Federal Contract Tower,0,6,19,0,25,0,0,3,2,5,0,6,22,2,30,12,10,22,52
10/15/2008,COU,MO,ACE,CE,Federal Contract Tower,0,5,9,0,14,0,0,1,0,1,0,5,10,0,15,10,0,10,25
10/16/2008,COU,MO,ACE,CE,Federal Contract Tower,1,6,44,0,51,0,0,41,2,43,1,6,85,2,94,18,4,22,116
10/17/2008,COU,MO,ACE,CE,Federal Contract Tower,1,8,34,0,43,0,0,35,6,41,1,8,69,6,84,8,0,8,92
10/18/2008,COU,MO,ACE,CE,Federal Contract Tower,0,8,19,4,31,0,0,51,4,55,0,8,70,8,86,6,0,6,92
10/19/2008,COU,MO,ACE,CE,Federal Contract Tower,0,7,34,0,41,0,0,46,4,50,0,7,80,4,91,26,0,26,117
10/20/2008,COU,MO,ACE,CE,Federal Contract Tower,2,8,16,0,26,0,0,40,0,40,2,8,56,0,66,30,0,30,96
10/21/2008,COU,MO,ACE,CE,Federal Contract Tower,0,7,18,0,25,0,0,23,6,29,0,7,41,6,54,8,6,14,68
10/22/2008,COU,MO,ACE,CE,Federal Contract Tower,0,5,20,0,25,0,0,18,0,18,0,5,38,0,43,16,0,16,59
10/23/2008,COU,MO,ACE,CE,Federal Contract Tower,0,6,19,4,29,0,0,10,0,10,0,6,29,4,39,16,0,16,55
10/24/2008,COU,MO,ACE,CE,Federal Contract Tower,2,9,25,0,36,0,0,12,0,12,2,9,37,0,48,8,0,8,56
10/25/2008,COU,MO,ACE,CE,Federal Contract Tower,0,8,25,0,33,0,0,58,0,58,0,8,83,0,91,34,0,34,125
10/26/2008,COU,MO,ACE,CE,Federal Contract Tower,0,7,23,0,30,0,0,45,0,45,0,7,68,0,75,17,0,17,92
10/27/2008,COU,MO,ACE,CE,Federal Contract Tower,12,8,24,0,44,8,0,34,2,44,20,8,58,2,88,30,0,30,118
10/28/2008,COU,MO,ACE,CE,Federal Contract Tower,0,6,16,0,22,0,0,33,0,33,0,6,49,0,55,36,0,36,91
10/29/2008,COU,MO,ACE,CE,Federal Contract Tower,0,6,12,0,18,0,0,32,0,32,0,6,44,0,50,34,2,36,86
10/30/2008,COU,MO,ACE,CE,Federal Contract Tower,1,7,20,0,28,0,0,27,6,33,1,7,47,6,61,14,4,18,79
10/31/2008,COU,MO,ACE,CE,Federal Contract Tower,3,9,13,0,25,0,0,38,0,38,3,9,51,0,63,14,2,16,79
11/01/2008,COU,MO,ACE,CE,Federal Contract Tower,1,6,25,0,32,0,0,40,0,40,1,6,65,0,72,20,0,20,92
11/02/2008,COU,MO,ACE,CE,Federal Contract Tower,0,4,13,0,17,0,0,48,0,48,0,4,61,0,65,34,0,34,99
11/03/2008,COU,MO,ACE,CE,Federal Contract Tower,2,9,19,0,30,0,0,35,2,37,2,9,54,2,67,18,18,36,103
11/04/2008,COU,MO,ACE,CE,Federal Contract Tower,0,5,8,4,17,0,0,29,6,35,0,5,37,10,52,22,20,42,94
11/05/2008,COU,MO,ACE,CE,Federal Contract Tower,0,7,18,0,25,0,0,23,0,23,0,7,41,0,48,10,0,10,58
11/06/2008,COU,MO,ACE,CE,Federal Contract Tower,0,6,18,4,28,0,0,33,0,33,0,6,51,4,61,10,4,14,75
11/07/2008,COU,MO,ACE,CE,Federal Contract Tower,0,9,23,0,32,0,0,19,0,19,0,9,42,0,51,2,0,2,53
11/08/2008,COU,MO,ACE,CE,Federal Contract Tower,0,4,14,0,18,0,0,14,0,14,0,4,28,0,32,2,0,2,34
11/09/2008,COU,MO,ACE,CE,Federal Contract Tower,0,7,20,0,27,0,0,31,0,31,0,7,51,0,58,20,0,20,78
11/10/2008,COU,MO,ACE,CE,Federal Contract Tower,0,7,11,0,18,0,0,33,2,35,0,7,44,2,53,10,0,10,63
11/11/2008,COU,MO,ACE,CE,Federal Contract Tower,0,5,9,0,14,0,0,7,0,7,0,5,16,0,21,0,0,0,21
11/12/2008,COU,MO,ACE,CE,Federal Contract Tower,0,11,13,0,24,0,0,3,0,3,0,11,16,0,27,2,0,2,29
11/13/2008,COU,MO,ACE,CE,Federal Contract Tower,0,5,19,0,24,0,0,23,0,23,0,5,42,0,47,4,0,4,51
11/14/2008,COU,MO,ACE,CE,Federal Contract Tower,2,6,15,2,25,0,0,2,0,2,2,6,17,2,27,2,0,2,29
11/15/2008,COU,MO,ACE,CE,Federal Contract Tower,0,5,11,0,16,0,0,0,0,0,0,5,11,0,16,0,0,0,16
11/16/2008,COU,MO,ACE,CE,Federal Contract Tower,0,8,9,0,17,0,12,15,0,27,0,20,24,0,44,18,0,18,62
11/17/2008,COU,MO,ACE,CE,Federal Contract Tower,0,10,16,0,26,0,0,32,2,34,0,10,48,2,60,16,18,34,94
11/18/2008,COU,MO,ACE,CE,Federal Contract Tower,0,12,22,0,34,0,0,37,5,42,0,12,59,5,76,20,4,24,100
11/19/2008,COU,MO,ACE,CE,Federal Contract Tower,0,13,16,0,29,0,0,26,4,30,0,13,42,4,59,8,4,12,71
11/20/2008,COU,MO,ACE,CE,Federal Contract Tower,0,11,15,0,26,0,1,32,8,41,0,12,47,8,67,4,0,4,71
11/21/2008,COU,MO,ACE,CE,Federal Contract Tower,0,8,16,0,24,0,0,39,0,39,0,8,55,0,63,24,0,24,87
11/22/2008,COU,MO,ACE,CE,Federal Contract Tower,0,6,12,0,18,0,0,45,0,45,0,6,57,0,63,28,0,28,91
11/23/2008,COU,MO,ACE,CE,Federal Contract Tower,0,5,20,0,25,0,0,46,2,48,0,5,66,2,73,32,0,32,105
11/24/2008,COU,MO,ACE,CE,Federal Contract Tower,0,17,18,4,39,0,0,39,0,39,0,17,57,4,78,26,0,26,104
11/25/2008,COU,MO,ACE,CE,Federal Contract Tower,0,6,20,0,26,0,0,35,0,35,0,6,55,0,61,26,0,26,87
11/26/2008,COU,MO,ACE,CE,Federal Contract Tower,0,4,18,0,22,0,0,48,0,48,0,4,66,0,70,16,0,16,86
11/27/2008,COU,MO,ACE,CE,Federal Contract Tower,0,4,8,0,12,0,0,23,0,23,0,4,31,0,35,8,0,8,43
11/28/2008,COU,MO,ACE,CE,Federal Contract Tower,0,5,16,2,23,0,0,24,0,24,0,5,40,2,47,10,0,10,57
11/29/2008,COU,MO,ACE,CE,Federal Contract Tower,0,5,4,0,9,0,0,6,0,6,0,5,10,0,15,0,0,0,15
11/30/2008,COU,MO,ACE,CE,Federal Contract Tower,0,6,13,0,19,0,0,0,0,0,0,6,13,0,19,0,0,0,19
12/01/2008,COU,MO,ACE,CE,Federal Contract Tower,0,9,10,0,19,0,0,20,0,20,0,9,30,0,39,16,0,16,55
12/02/2008,COU,MO,ACE,CE,Federal Contract Tower,1,8,9,2,20,0,0,27,0,27,1,8,36,2,47,6,10,16,63
12/03/2008,COU,MO,ACE,CE,Federal Contract Tower,0,5,3,0,8,0,0,5,0,5,0,5,8,0,13,4,0,4,17
12/04/2008,COU,MO,ACE,CE,Federal Contract Tower,0,13,12,0,25,0,0,22,0,22,0,13,34,0,47,6,0,6,53
12/05/2008,COU,MO,ACE,CE,Federal Contract Tower,0,6,12,0,18,0,0,27,0,27,0,6,39,0,45,18,0,18,63
12/06/2008,COU,MO,ACE,CE,Federal Contract Tower,0,7,8,0,15,0,0,34,0,34,0,7,42,0,49,14,0,14,63
12/07/2008,COU,MO,ACE,CE,Federal Contract Tower,0,2,7,0,9,0,0,42,1,43,0,2,49,1,52,38,1,39,91
12/08/2008,COU,MO,ACE,CE,Federal Contract Tower,0,7,14,0,21,0,0,41,0,41,0,7,55,0,62,16,0,16,78
12/09/2008,COU,MO,ACE,CE,Federal Contract Tower,0,6,10,0,16,0,0,1,0,1,0,6,11,0,17,4,0,4,21
12/10/2008,COU,MO,ACE,CE,Federal Contract Tower,0,11,9,0,20,0,0,22,0,22,0,11,31,0,42,16,0,16,58
12/11/2008,COU,MO,ACE,CE,Federal Contract Tower,0,6,19,2,27,0,0,39,9,48,0,6,58,11,75,12,0,12,87
12/12/2008,COU,MO,ACE,CE,Federal Contract Tower,0,6,26,0,32,0,0,52,0,52,0,6,78,0,84,28,0,28,112
12/13/2008,COU,MO,ACE,CE,Federal Contract Tower,0,8,6,0,14,0,0,4,0,4,0,8,10,0,18,0,0,0,18
12/14/2008,COU,MO,ACE,CE,Federal Contract Tower,0,4,6,0,10,0,0,2,0,2,0,4,8,0,12,0,0,0,12
12/15/2008,COU,MO,ACE,CE,Federal Contract Tower,0,10,8,0,18,0,0,3,0,3,0,10,11,0,21,4,0,4,25
12/16/2008,COU,MO,ACE,CE,Federal Contract Tower,0,5,4,0,9,0,0,0,0,0,0,5,4,0,9,0,0,0,9
12/17/2008,COU,MO,ACE,CE,Federal Contract Tower,0,6,5,1,12,0,0,12,2,14,0,6,17,3,26,2,0,2,28
12/18/2008,COU,MO,ACE,CE,Federal Contract Tower,0,5,4,0,9,0,0,0,0,0,0,5,4,0,9,0,0,0,9
12/19/2008,COU,MO,ACE,CE,Federal Contract Tower,0,12,22,2,36,0,0,15,1,16,0,12,37,3,52,20,8,28,80
12/20/2008,COU,MO,ACE,CE,Federal Contract Tower,0,5,9,0,14,0,0,0,0,0,0,5,9,0,14,0,0,0,14
12/21/2008,COU,MO,ACE,CE,Federal Contract Tower,0,4,6,0,10,0,0,9,0,9,0,4,15,0,19,0,0,0,19
12/22/2008,COU,MO,ACE,CE,Federal Contract Tower,0,9,15,1,25,0,0,46,0,46,0,9,61,1,71,20,0,20,91
12/23/2008,COU,MO,ACE,CE,Federal Contract Tower,0,5,2,0,7,0,0,2,0,2,0,5,4,0,9,0,0,0,9
12/24/2008,COU,MO,ACE,CE,Federal Contract Tower,0,7,6,0,13,0,0,8,0,8,0,7,14,0,21,8,0,8,29
12/25/2008,COU,MO,ACE,CE,Federal Contract Tower,0,5,1,0,6,0,0,5,0,5,0,5,6,0,11,12,0,12,23
12/26/2008,COU,MO,ACE,CE,Federal Contract Tower,0,7,13,0,20,0,0,8,0,8,0,7,21,0,28,0,0,0,28
12/27/2008,COU,MO,ACE,CE,Federal Contract Tower,0,4,2,0,6,0,0,1,0,1,0,4,3,0,7,0,0,0,7
12/28/2008,COU,MO,ACE,CE,Federal Contract Tower,2,4,6,0,12,0,0,15,0,15,2,4,21,0,27,14,0,14,41
12/29/2008,COU,MO,ACE,CE,Federal Contract Tower,7,9,12,0,28,8,0,43,0,51,15,9,55,0,79,18,0,18,97
12/30/2008,COU,MO,ACE,CE,Federal Contract Tower,6,7,7,0,20,0,0,26,0,26,6,7,33,0,46,0,0,0,46
12/31/2008,COU,MO,ACE,CE,Federal Contract Tower,0,6,7,0,13,0,0,19,0,19,0,6,26,0,32,14,0,14,46
01/01/2009,COU,MO,ACE,CE,Federal Contract Tower,2,3,4,0,9,0,0,2,0,2,2,3,6,0,11,0,0,0,11
01/02/2009,COU,MO,ACE,CE,Federal Contract Tower,0,7,3,0,10,0,0,34,0,34,0,7,37,0,44,18,0,18,62
01/03/2009,COU,MO,ACE,CE,Federal Contract Tower,2,4,19,0,25,0,0,24,0,24,2,4,43,0,49,14,0,14,63
01/04/2009,COU,MO,ACE,CE,Federal Contract Tower,0,7,6,0,13,0,0,30,0,30,0,7,36,0,43,14,0,14,57
01/05/2009,COU,MO,ACE,CE,Federal Contract Tower,0,8,12,0,20,0,0,34,2,36,0,8,46,2,56,16,0,16,72
01/06/2009,COU,MO,ACE,CE,Federal Contract Tower,0,7,14,0,21,0,0,6,0,6,0,7,20,0,27,0,0,0,27
01/07/2009,COU,MO,ACE,CE,Federal Contract Tower,0,4,14,0,18,0,0,16,0,16,0,4,30,0,34,10,0,10,44
01/08/2009,COU,MO,ACE,CE,Federal Contract Tower,0,5,13,0,18,0,0,27,2,29,0,5,40,2,47,22,0,22,69
01/09/2009,COU,MO,ACE,CE,Federal Contract Tower,0,9,12,0,21,0,0,18,2,20,0,9,30,2,41,4,6,10,51
01/10/2009,COU,MO,ACE,CE,Federal Contract Tower,2,7,9,0,18,0,0,0,0,0,2,7,9,0,18,0,0,0,18
01/11/2009,COU,MO,ACE,CE,Federal Contract Tower,0,8,11,0,19,0,0,45,0,45,0,8,56,0,64,14,0,14,78
01/12/2009,COU,MO,ACE,CE,Federal Contract Tower,0,7,16,0,23,0,0,35,0,35,0,7,51,0,58,8,0,8,66
01/13/2009,COU,MO,ACE,CE,Federal Contract Tower,0,7,8,0,15,0,0,26,4,30,0,7,34,4,45,30,0,30,75
01/14/2009,COU,MO,ACE,CE,Federal Contract Tower,0,8,16,0,24,0,0,19,0,19,0,8,35,0,43,16,0,16,59
01/15/2009,COU,MO,ACE,CE,Federal Contract Tower,0,5,11,0,16,0,0,17,0,17,0,5,28,0,33,6,0,6,39
01/16/2009,COU,MO,ACE,CE,Federal Contract Tower,0,7,6,0,13,0,0,0,5,5,0,7,6,5,18,2,8,10,28
01/17/2009,COU,MO,ACE,CE,Federal Contract Tower,0,7,7,0,14,0,0,3,0,3,0,7,10,0,17,2,0,2,19
01/18/2009,COU,MO,ACE,CE,Federal Contract Tower,0,2,3,0,5,0,0,18,0,18,0,2,21,0,23,16,0,16,39
01/19/2009,COU,MO,ACE,CE,Federal Contract Tower,0,7,8,0,15,0,2,34,0,36,0,9,42,0,51,38,0,38,89
01/20/2009,COU,MO,ACE,CE,Federal Contract Tower,2,7,12,2,23,0,0,19,3,22,2,7,31,5,45,6,12,18,63
01/21/2009,COU,MO,ACE,CE,Federal Contract Tower,0,11,19,0,30,0,0,32,0,32,0,11,51,0,62,26,0,26,88
01/22/2009,COU,MO,ACE,CE,Federal Contract Tower,0,10,17,0,27,0,0,38,0,38,0,10,55,0,65,8,0,8,73
01/23/2009,COU,MO,ACE,CE,Federal Contract Tower,0,10,24,0,34,0,0,22,2,24,0,10,46,2,58,8,14,22,80
01/24/2009,COU,MO,ACE,CE,Federal Contract Tower,0,10,7,1,18,0,0,36,3,39,0,10,43,4,57,24,2,26,83
01/25/2009,COU,MO,ACE,CE,Federal Contract Tower,0,4,8,0,12,0,0,12,0,12,0,4,20,0,24,8,0,8,32
01/26/2009,COU,MO,ACE,CE,Federal Contract Tower,0,9,9,0,18,0,0,6,0,6,0,9,15,0,24,4,0,4,28
01/27/2009,COU,MO,ACE,CE,Federal Contract Tower,1,6,3,0,10,0,0,0,0,0,1,6,3,0,10,0,0,0,10
01/28/2009,COU,MO,ACE,CE,Federal Contract Tower,0,8,12,0,20,0,0,14,0,14,0,8,26,0,34,6,0,6,40
01/29/2009,COU,MO,ACE,CE,Federal Contract Tower,0,4,5,0,9,0,2,6,4,12,0,6,11,4,21,10,2,12,33
01/30/2009,COU,MO,ACE,CE,Federal Contract Tower,0,8,15,0,23,0,0,24,0,24,0,8,39,0,47,6,0,6,53
01/31/2009,COU,MO,ACE,CE,Federal Contract Tower,0,6,12,1,19,0,0,43,0,43,0,6,55,1,62,32,2,34,96
02/01/2009,COU,MO,ACE,CE,Federal Contract Tower,2,8,1,0,11,0,0,32,0,32,2,8,33,0,43,18,0,18,61
02/02/2009,COU,MO,ACE,CE,Federal Contract Tower,0,12,12,2,26,0,0,31,10,41,0,12,43,12,67,32,0,32,99
02/03/2009,COU,MO,ACE,CE,Federal Contract Tower,0,5,15,0,20,0,0,24,0,24,0,5,39,0,44,2,0,2,46
02/04/2009,COU,MO,ACE,CE,Federal Contract Tower,0,6,5,0,11,0,2,28,0,30,0,8,33,0,41,16,0,16,57
02/05/2009,COU,MO,ACE,CE,Federal Contract Tower,0,8,10,0,18,0,0,33,0,33,0,8,43,0,51,12,0,12,63
02/06/2009,COU,MO,ACE,CE,Federal Contract Tower,0,6,21,0,27,0,0,33,8,41,0,6,54,8,68,0,0,0,68
02/07/2009,COU,MO,ACE,CE,Federal Contract Tower,0,4,12,0,16,0,0,22,0,22,0,4,34,0,38,8,0,8,46
02/08/2009,COU,MO,ACE,CE,Federal Contract Tower,0,8,14,2,24,0,0,29,0,29,0,8,43,2,53,20,0,20,73
02/09/2009,COU,MO,ACE,CE,Federal Contract Tower,0,8,20,0,28,0,0,14,0,14,0,8,34,0,42,4,0,4,46
02/10/2009,COU,MO,ACE,CE,Federal Contract Tower,0,7,22,0,29,0,0,30,0,30,0,7,52,0,59,26,0,26,85
02/11/2009,COU,MO,ACE,CE,Federal Contract Tower,0,3,4,0,7,0,0,0,0,0,0,3,4,0,7,0,0,0,7
02/12/2009,COU,MO,ACE,CE,Federal Contract Tower,0,6,15,6,27,0,0,30,13,43,0,6,45,19,70,18,14,32,102
02/13/2009,COU,MO,ACE,CE,Federal Contract Tower,0,11,25,1,37,0,0,35,12,47,0,11,60,13,84,24,0,24,108
02/14/2009,COU,MO,ACE,CE,Federal Contract Tower,2,6,10,0,18,0,0,18,4,22,2,6,28,4,40,6,0,6,46
02/15/2009,COU,MO,ACE,CE,Federal Contract Tower,0,5,6,0,11,0,0,41,0,41,0,5,47,0,52,30,0,30,82
02/16/2009,COU,MO,ACE,CE,Federal Contract Tower,0,7,12,0,19,0,0,38,0,38,0,7,50,0,57,32,0,32,89
02/17/2009,COU,MO,ACE,CE,Federal Contract Tower,1,6,13,0,20,0,0,6,0,6,1,6,19,0,26,0,0,0,26
02/18/2009,COU,MO,ACE,CE,Federal Contract Tower,0,10,8,0,18,0,0,5,0,5,0,10,13,0,23,0,0,0,23
02/19/2009,COU,MO,ACE,CE,Federal Contract Tower,0,8,13,0,21,0,0,26,0,26,0,8,39,0,47,20,0,20,67
02/20/2009,COU,MO,ACE,CE,Federal Contract Tower,0,7,13,0,20,0,0,28,2,30,0,7,41,2,50,18,0,18,68
02/21/2009,COU,MO,ACE,CE,Federal Contract Tower,0,9,10,0,19,0,0,28,0,28,0,9,38,0,47,14,0,14,61
02/22/2009,COU,MO,ACE,CE,Federal Contract Tower,1,6,16,0,23,0,0,46,0,46,1,6,62,0,69,22,0,22,91
02/23/2009,COU,MO,ACE,CE,Federal Contract Tower,1,5,15,0,21,0,0,31,10,41,1,5,46,10,62,8,54,62,124
02/24/2009,COU,MO,ACE,CE,Federal Contract Tower,1,7,9,0,17,0,0,22,12,34,1,7,31,12,51,8,130,138,189
02/25/2009,COU,MO,ACE,CE,Federal Contract Tower,0,7,12,0,19,0,0,19,14,33,0,7,31,14,52,10,166,176,228
02/26/2009,COU,MO,ACE,CE,Federal Contract Tower,0,4,15,0,19,0,0,11,12,23,0,4,26,12,42,2,139,141,183
02/27/2009,COU,MO,ACE,CE,Federal Contract Tower,0,9,26,1,36,0,0,11,2,13,0,9,37,3,49,6,20,26,75
02/28/2009,COU,MO,ACE,CE,Federal Contract Tower,0,7,9,1,17,0,1,4,0,5,0,8,13,1,22,0,0,0,22
03/01/2009,COU,MO,ACE,CE,Federal Contract Tower,0,7,10,0,17,0,0,29,0,29,0,7,39,0,46,14,0,14,60
03/02/2009,COU,MO,ACE,CE,Federal Contract Tower,0,9,17,0,26,0,0,22,0,22,0,9,39,0,48,14,0,14,62
03/03/2009,COU,MO,ACE,CE,Federal Contract Tower,0,9,11,0,20,0,1,21,0,22,0,10,32,0,42,20,0,20,62
03/04/2009,COU,MO,ACE,CE,Federal Contract Tower,0,7,14,0,21,0,0,33,0,33,0,7,47,0,54,18,0,18,72
03/05/2009,COU,MO,ACE,CE,Federal Contract Tower,0,9,13,2,24,0,0,10,4,14,0,9,23,6,38,12,4,16,54
03/06/2009,COU,MO,ACE,CE,Federal Contract Tower,0,13,19,2,34,0,4,27,2,33,0,17,46,4,67,32,10,42,109
03/07/2009,COU,MO,ACE,CE,Federal Contract Tower,2,7,9,0,18,0,0,19,0,19,2,7,28,0,37,0,0,0,37
03/08/2009,COU,MO,ACE,CE,Federal Contract Tower,0,9,9,0,18,0,0,11,0,11,0,9,20,0,29,2,0,2,31
03/09/2009,COU,MO,ACE,CE,Federal Contract Tower,8,10,12,0,30,0,0,15,0,15,8,10,27,0,45,12,0,12,57
03/10/2009,COU,MO,ACE,CE,Federal Contract Tower,1,7,8,4,20,0,0,12,4,16,1,7,20,8,36,0,24,24,60
03/11/2009,COU,MO,ACE,CE,Federal Contract Tower,0,9,25,0,34,0,0,22,0,22,0,9,47,0,56,10,2,12,68
03/12/2009,COU,MO,ACE,CE,Federal Contract Tower,0,6,16,0,22,0,0,40,0,40,0,6,56,0,62,34,0,34,96
03/13/2009,COU,MO,ACE,CE,Federal Contract Tower,0,17,21,0,38,0,0,31,0,31,0,17,52,0,69,20,0,20,89
03/14/2009,COU,MO,ACE,CE,Federal Contract Tower,0,7,17,0,24,0,0,37,0,37,0,7,54,0,61,26,0,26,87
03/15/2009,COU,MO,ACE,CE,Federal Contract Tower,0,9,20,0,29,0,0,40,0,40,0,9,60,0,69,28,0,28,97
03/16/2009,COU,MO,ACE,CE,Federal Contract Tower,5,11,21,0,37,0,0,42,1,43,5,11,63,1,80,34,4,38,118
03/17/2009,COU,MO,ACE,CE,Federal Contract Tower,0,8,22,0,30,0,0,39,0,39,0,8,61,0,69,22,0,22,91
03/18/2009,COU,MO,ACE,CE,Federal Contract Tower,2,7,15,0,24,0,0,23,2,25,2,7,38,2,49,8,8,16,65
03/19/2009,COU,MO,ACE,CE,Federal Contract Tower,0,10,12,0,22,0,0,35,1,36,0,10,47,1,58,22,4,26,84
03/20/2009,COU,MO,ACE,CE,Federal Contract Tower,0,8,20,0,28,0,0,43,3,46,0,8,63,3,74,16,0,16,90
03/21/2009,COU,MO,ACE,CE,Federal Contract Tower,0,4,15,0,19,0,0,34,0,34,0,4,49,0,53,10,0,10,63
03/22/2009,COU,MO,ACE,CE,Federal Contract Tower,1,6,15,0,22,0,0,27,0,27,1,6,42,0,49,18,0,18,67
03/23/2009,COU,MO,ACE,CE,Federal Contract Tower,0,9,14,0,23,0,0,15,0,15,0,9,29,0,38,10,0,10,48
03/24/2009,COU,MO,ACE,CE,Federal Contract Tower,2,10,12,0,24,0,0,1,0,1,2,10,13,0,25,6,0,6,31
03/25/2009,COU,MO,ACE,CE,Federal Contract Tower,0,5,11,0,16,0,0,20,0,20,0,5,31,0,36,16,0,16,52
03/26/2009,COU,MO,ACE,CE,Federal Contract Tower,0,6,14,0,20,0,0,24,0,24,0,6,38,0,44,20,0,20,64
03/27/2009,COU,MO,ACE,CE,Federal Contract Tower,0,6,12,0,18,0,0,9,0,9,0,6,21,0,27,6,0,6,33
03/28/2009,COU,MO,ACE,CE,Federal Contract Tower,0,4,0,0,4,0,0,0,0,0,0,4,0,0,4,0,0,0,4
03/29/2009,COU,MO,ACE,CE,Federal Contract Tower,2,11,12,0,25,0,1,31,0,32,2,12,43,0,57,22,0,22,79
03/30/2009,COU,MO,ACE,CE,Federal Contract Tower,0,10,18,0,28,0,1,22,0,23,0,11,40,0,51,6,0,6,57
03/31/2009,COU,MO,ACE,CE,Federal Contract Tower,0,8,11,0,19,0,0,4,0,4,0,8,15,0,23,10,0,10,33
04/01/2009,COU,MO,ACE,CE,Federal Contract Tower,0,7,15,0,22,0,0,27,0,27,0,7,42,0,49,16,0,16,65
04/02/2009,COU,MO,ACE,CE,Federal Contract Tower,0,8,10,1,19,0,0,5,1,6,0,8,15,2,25,2,2,4,29
04/03/2009,COU,MO,ACE,CE,Federal Contract Tower,0,8,19,0,27,0,0,29,0,29,0,8,48,0,56,12,4,16,72
04/04/2009,COU,MO,ACE,CE,Federal Contract Tower,0,4,15,0,19,0,0,41,0,41,0,4,56,0,60,0,0,0,60
04/05/2009,COU,MO,ACE,CE,Federal Contract Tower,0,5,11,0,16,0,0,16,0,16,0,5,27,0,32,0,0,0,32
04/06/2009,COU,MO,ACE,CE,Federal Contract Tower,0,12,12,0,24,0,0,4,2,6,0,12,16,2,30,4,0,4,34
04/07/2009,COU,MO,ACE,CE,Federal Contract Tower,0,14,12,0,26,0,0,27,0,27,0,14,39,0,53,26,0,26,79
04/08/2009,COU,MO,ACE,CE,Federal Contract Tower,0,8,15,0,23,0,0,34,0,34,0,8,49,0,57,18,0,18,75
04/09/2009,COU,MO,ACE,CE,Federal Contract Tower,0,8,9,0,17,0,0,12,0,12,0,8,21,0,29,4,0,4,33
04/10/2009,COU,MO,ACE,CE,Federal Contract Tower,0,7,8,2,17,0,0,6,0,6,0,7,14,2,23,4,0,4,27
04/11/2009,COU,MO,ACE,CE,Federal Contract Tower,0,4,12,0,16,0,0,36,0,36,0,4,48,0,52,36,0,36,88
04/12/2009,COU,MO,ACE,CE,Federal Contract Tower,0,5,8,0,13,0,0,25,0,25,0,5,33,0,38,18,0,18,56
04/13/2009,COU,MO,ACE,CE,Federal Contract Tower,0,7,12,0,19,0,0,0,0,0,0,7,12,0,19,0,0,0,19
04/14/2009,COU,MO,ACE,CE,Federal Contract Tower,0,7,9,0,16,0,0,25,0,25,0,7,34,0,41,28,0,28,69
04/15/2009,COU,MO,ACE,CE,Federal Contract Tower,0,6,11,1,18,0,0,45,2,47,0,6,56,3,65,20,2,22,87
04/16/2009,COU,MO,ACE,CE,Federal Contract Tower,2,7,5,6,20,0,0,24,4,28,2,7,29,10,48,12,14,26,74
04/17/2009,COU,MO,ACE,CE,Federal Contract Tower,0,5,10,4,19,0,0,27,2,29,0,5,37,6,48,27,22,49,97
04/18/2009,COU,MO,ACE,CE,Federal Contract Tower,0,4,10,1,15,0,0,12,1,13,0,4,22,2,28,0,0,0,28
04/19/2009,COU,MO,ACE,CE,Federal Contract Tower,0,9,9,0,18,0,0,0,0,0,0,9,9,0,18,0,0,0,18
04/20/2009,COU,MO,ACE,CE,Federal Contract Tower,0,8,15,0,23,0,0,45,2,47,0,8,60,2,70,18,16,34,104
04/21/2009,COU,MO,ACE,CE,Federal Contract Tower,0,7,8,0,15,0,0,22,0,22,0,7,30,0,37,8,0,8,45
04/22/2009,COU,MO,ACE,CE,Federal Contract Tower,0,8,15,0,23,0,0,27,0,27,0,8,42,0,50,30,0,30,80
04/23/2009,COU,MO,ACE,CE,Federal Contract Tower,0,10,13,0,23,0,0,14,0,14,0,10,27,0,37,8,2,10,47
04/24/2009,COU,MO,ACE,CE,Federal Contract Tower,0,13,13,2,28,0,0,23,4,27,0,13,36,6,55,26,4,30,85
04/25/2009,COU,MO,ACE,CE,Federal Contract Tower,0,4,14,0,18,0,0,37,0,37,0,4,51,0,55,26,0,26,81
04/26/2009,COU,MO,ACE,CE,Federal Contract Tower,0,9,12,0,21,0,0,24,0,24,0,9,36,0,45,14,0,14,59
04/27/2009,COU,MO,ACE,CE,Federal Contract Tower,0,8,9,0,17,0,0,0,0,0,0,8,9,0,17,0,0,0,17
04/28/2009,COU,MO,ACE,CE,Federal Contract Tower,0,7,15,2,24,0,0,27,2,29,0,7,42,4,53,30,8,38,91
04/29/2009,COU,MO,ACE,CE,Federal Contract Tower,0,7,14,1,22,0,0,1,0,1,0,7,15,1,23,2,0,2,25
04/30/2009,COU,MO,ACE,CE,Federal Contract Tower,0,6,21,1,28,0,0,9,0,9,0,6,30,1,37,14,0,14,51
05/01/2009,COU,MO,ACE,CE,Federal Contract Tower,0,7,17,2,26,0,0,33,0,33,0,7,50,2,59,4,0,4,63
05/02/2009,COU,MO,ACE,CE,Federal Contract Tower,0,8,9,0,17,0,0,24,6,30,0,8,33,6,47,22,2,24,71
05/03/2009,COU,MO,ACE,CE,Federal Contract Tower,0,5,14,1,20,0,0,38,2,40,0,5,52,3,60,18,0,18,78
05/04/2009,COU,MO,ACE,CE,Federal Contract Tower,0,7,10,0,17,0,0,35,1,36,0,7,45,1,53,30,0,30,83
05/05/2009,COU,MO,ACE,CE,Federal Contract Tower,0,7,15,0,22,0,0,31,0,31,0,7,46,0,53,34,0,34,87
05/06/2009,COU,MO,ACE,CE,Federal Contract Tower,0,6,19,4,29,0,0,10,3,13,0,6,29,7,42,16,8,24,66
05/07/2009,COU,MO,ACE,CE,Federal Contract Tower,0,10,21,0,31,0,0,25,3,28,0,10,46,3,59,8,18,26,85
05/08/2009,COU,MO,ACE,CE,Federal Contract Tower,0,5,11,0,16,0,0,18,1,19,0,5,29,1,35,10,2,12,47
05/09/2009,COU,MO,ACE,CE,Federal Contract Tower,0,4,5,0,9,0,0,38,0,38,0,4,43,0,47,16,0,16,63
05/10/2009,COU,MO,ACE,CE,Federal Contract Tower,0,7,8,0,15,0,0,28,0,28,0,7,36,0,43,18,0,18,61
05/11/2009,COU,MO,ACE,CE,Federal Contract Tower,0,8,14,6,28,0,0,46,5,51,0,8,60,11,79,42,22,64,143
05/12/2009,COU,MO,ACE,CE,Federal Contract Tower,0,8,15,12,35,0,0,22,5,27,0,8,37,17,62,28,0,28,90
05/13/2009,COU,MO,ACE,CE,Federal Contract Tower,0,6,6,1,13,0,0,4,4,8,0,6,10,5,21,4,0,4,25
05/14/2009,COU,MO,ACE,CE,Federal Contract Tower,0,8,20,0,28,0,0,26,1,27,0,8,46,1,55,12,0,12,67
05/15/2009,COU,MO,ACE,CE,Federal Contract Tower,1,8,14,2,25,0,0,21,0,21,1,8,35,2,46,6,0,6,52
05/16/2009,COU,MO,ACE,CE,Federal Contract Tower,0,7,21,0,28,0,0,41,0,41,0,7,62,0,69,12,0,12,81
05/17/2009,COU,MO,ACE,CE,Federal Contract Tower,0,11,15,0,26,0,0,49,0,49,0,11,64,0,75,24,0,24,99
05/18/2009,COU,MO,ACE,CE,Federal Contract Tower,0,6,17,0,23,0,0,39,0,39,0,6,56,0,62,16,0,16,78
05/19/2009,COU,MO,ACE,CE,Federal Contract Tower,0,5,10,0,15,0,0,25,6,31,0,5,35,6,46,18,36,54,100
05/20/2009,COU,MO,ACE,CE,Federal Contract Tower,0,9,18,0,27,0,0,34,0,34,0,9,52,0,61,14,0,14,75
05/21/2009,COU,MO,ACE,CE,Federal Contract Tower,0,12,33,4,49,0,0,41,4,45,0,12,74,8,94,18,46,64,158
05/22/2009,COU,MO,ACE,CE,Federal Contract Tower,0,5,21,2,28,0,0,77,6,83,0,5,98,8,111,38,12,50,161
05/23/2009,COU,MO,ACE,CE,Federal Contract Tower,0,3,56,1,60,0,0,34,10,44,0,3,90,11,104,88,28,116,220
05/24/2009,COU,MO,ACE,CE,Federal Contract Tower,0,4,7,1,12,0,0,67,5,72,0,4,74,6,84,92,58,150,234
05/25/2009,COU,MO,ACE,CE,Federal Contract Tower,0,7,11,4,22,0,0,2,0,2,0,7,13,4,24,0,0,0,24
05/26/2009,COU,MO,ACE,CE,Federal Contract Tower,0,8,5,2,15,0,0,3,2,5,0,8,8,4,20,0,2,2,22
05/27/2009,COU,MO,ACE,CE,Federal Contract Tower,0,7,14,0,21,0,3,10,0,13,0,10,24,0,34,8,0,8,42
05/28/2009,COU,MO,ACE,CE,Federal Contract Tower,0,14,10,8,32,0,0,9,1,10,0,14,19,9,42,24,20,44,86
05/29/2009,COU,MO,ACE,CE,Federal Contract Tower,0,6,10,0,16,0,0,26,0,26,0,6,36,0,42,38,0,38,80
05/30/2009,COU,MO,ACE,CE,Federal Contract Tower,0,6,6,0,12,0,0,33,0,33,0,6,39,0,45,24,0,24,69
05/31/2009,COU,MO,ACE,CE,Federal Contract Tower,0,9,11,0,20,0,0,37,0,37,0,9,48,0,57,34,0,34,91
06/01/2009,COU,MO,ACE,CE,Federal Contract Tower,0,10,13,0,23,0,0,49,0,49,0,10,62,0,72,40,0,40,112
06/02/2009,COU,MO,ACE,CE,Federal Contract Tower,0,9,7,0,16,0,0,14,0,14,0,9,21,0,30,8,0,8,38
06/03/2009,COU,MO,ACE,CE,Federal Contract Tower,0,5,15,0,20,0,0,7,2,9,0,5,22,2,29,14,2,16,45
06/04/2009,COU,MO,ACE,CE,Federal Contract Tower,0,6,25,0,31,0,0,39,0,39,0,6,64,0,70,24,0,24,94
06/05/2009,COU,MO,ACE,CE,Federal Contract Tower,0,4,12,0,16,0,0,34,0,34,0,4,46,0,50,30,0,30,80
06/06/2009,COU,MO,ACE,CE,Federal Contract Tower,0,4,12,0,16,0,0,43,0,43,0,4,55,0,59,24,0,24,83
06/07/2009,COU,MO,ACE,CE,Federal Contract Tower,0,5,1,0,6,0,0,22,0,22,0,5,23,0,28,14,0,14,42
06/08/2009,COU,MO,ACE,CE,Federal Contract Tower,0,7,17,5,29,0,0,31,1,32,0,7,48,6,61,30,16,46,107
06/09/2009,COU,MO,ACE,CE,Federal Contract Tower,0,4,5,0,9,0,0,10,0,10,0,4,15,0,19,0,0,0,19
06/10/2009,COU,MO,ACE,CE,Federal Contract Tower,0,6,12,0,18,0,0,9,2,11,0,6,21,2,29,20,0,20,49
06/11/2009,COU,MO,ACE,CE,Federal Contract Tower,0,7,16,0,23,0,0,24,0,24,0,7,40,0,47,26,0,26,73
06/12/2009,COU,MO,ACE,CE,Federal Contract Tower,0,5,10,4,19,0,0,23,3,26,0,5,33,7,45,4,26,30,75
06/13/2009,COU,MO,ACE,CE,Federal Contract Tower,0,4,14,0,18,0,0,9,0,9,0,4,23,0,27,0,0,0,27
06/14/2009,COU,MO,ACE,CE,Federal Contract Tower,0,6,9,3,18,0,0,6,1,7,0,6,15,4,25,2,0,2,27
06/15/2009,COU,MO,ACE,CE,Federal Contract Tower,0,7,12,0,19,0,0,2,0,2,0,7,14,0,21,12,0,12,33
06/16/2009,COU,MO,ACE,CE,Federal Contract Tower,0,7,1,0,8,0,0,6,0,6,0,7,7,0,14,4,0,4,18
06/17/2009,COU,MO,ACE,CE,Federal Contract Tower,0,5,17,2,24,0,0,20,0,20,0,5,37,2,44,20,0,20,64
06/18/2009,COU,MO,ACE,CE,Federal Contract Tower,0,6,14,1,21,0,0,37,0,37,0,6,51,1,58,22,4,26,84
06/19/2009,COU,MO,ACE,CE,Federal Contract Tower,0,8,11,0,19,0,0,30,1,31,0,8,41,1,50,16,0,16,66
06/20/2009,COU,MO,ACE,CE,Federal Contract Tower,0,4,9,0,13,0,0,29,3,32,0,4,38,3,45,20,0,20,65
06/21/2009,COU,MO,ACE,CE,Federal Contract Tower,0,7,16,0,23,0,0,35,0,35,0,7,51,0,58,22,0,22,80
06/22/2009,COU,MO,ACE,CE,Federal Contract Tower,2,8,16,0,26,0,0,44,0,44,2,8,60,0,70,42,0,42,112
06/23/2009,COU,MO,ACE,CE,Federal Contract Tower,0,5,9,0,14,0,0,31,1,32,0,5,40,1,46,22,4,26,72
06/24/2009,COU,MO,ACE,CE,Federal Contract Tower,0,7,8,0,15,0,0,30,0,30,0,7,38,0,45,20,0,20,65
06/25/2009,COU,MO,ACE,CE,Federal Contract Tower,0,10,23,2,35,0,0,19,8,27,0,10,42,10,62,14,10,24,86
06/26/2009,COU,MO,ACE,CE,Federal Contract Tower,0,5,17,0,22,0,0,14,2,16,0,5,31,2,38,22,8,30,68
06/27/2009,COU,MO,ACE,CE,Federal Contract Tower,0,4,3,0,7,0,0,29,0,29,0,4,32,0,36,28,0,28,64
06/28/2009,COU,MO,ACE,CE,Federal Contract Tower,0,7,6,0,13,0,0,21,0,21,0,7,27,0,34,22,0,22,56
06/29/2009,COU,MO,ACE,CE,Federal Contract Tower,0,7,20,0,27,0,0,30,0,30,0,7,50,0,57,34,0,34,91
06/30/2009,COU,MO,ACE,CE,Federal Contract Tower,0,8,9,3,20,0,0,30,6,36,0,8,39,9,56,30,16,46,102
07/01/2009,COU,MO,ACE,CE,Federal Contract Tower,0,4,10,0,14,0,0,36,0,36,0,4,46,0,50,28,0,28,78
07/02/2009,COU,MO,ACE,CE,Federal Contract Tower,0,10,14,0,24,0,1,41,0,42,0,11,55,0,66,42,0,42,108
07/03/2009,COU,MO,ACE,CE,Federal Contract Tower,0,5,6,0,11,0,0,31,0,31,0,5,37,0,42,46,0,46,88
07/04/2009,COU,MO,ACE,CE,Federal Contract Tower,0,4,1,0,5,0,0,15,0,15,0,4,16,0,20,2,0,2,22
07/05/2009,COU,MO,ACE,CE,Federal Contract Tower,0,6,9,0,15,0,0,35,0,35,0,6,44,0,50,8,0,8,58
07/06/2009,COU,MO,ACE,CE,Federal Contract Tower,0,7,18,0,25,0,0,45,0,45,0,7,63,0,70,48,0,48,118
07/07/2009,COU,MO,ACE,CE,Federal Contract Tower,0,7,16,0,23,0,2,25,2,29,0,9,41,2,52,28,4,32,84
07/08/2009,COU,MO,ACE,CE,Federal Contract Tower,0,9,26,0,35,0,0,35,0,35,0,9,61,0,70,18,0,18,88
07/09/2009,COU,MO,ACE,CE,Federal Contract Tower,0,5,5,0,10,0,0,25,0,25,0,5,30,0,35,30,0,30,65
07/10/2009,COU,MO,ACE,CE,Federal Contract Tower,0,7,13,0,20,0,0,25,0,25,0,7,38,0,45,14,0,14,59
07/11/2009,COU,MO,ACE,CE,Federal Contract Tower,0,5,5,0,10,0,0,27,0,27,0,5,32,0,37,22,0,22,59
07/12/2009,COU,MO,ACE,CE,Federal Contract Tower,0,5,8,0,13,0,0,24,0,24,0,5,32,0,37,24,0,24,61
07/13/2009,COU,MO,ACE,CE,Federal Contract Tower,0,7,26,0,33,0,0,38,0,38,0,7,64,0,71,38,0,38,109
07/14/2009,COU,MO,ACE,CE,Federal Contract Tower,0,5,10,0,15,0,0,11,0,11,0,5,21,0,26,0,0,0,26
07/15/2009,COU,MO,ACE,CE,Federal Contract Tower,0,5,17,2,24,0,0,22,0,22,0,5,39,2,46,30,2,32,78
07/16/2009,COU,MO,ACE,CE,Federal Contract Tower,0,6,9,0,15,0,0,13,0,13,0,6,22,0,28,26,0,26,54
07/17/2009,COU,MO,ACE,CE,Federal Contract Tower,0,5,18,0,23,0,0,40,0,40,0,5,58,0,63,28,0,28,91
07/18/2009,COU,MO,ACE,CE,Federal Contract Tower,0,6,19,0,25,0,0,42,0,42,0,6,61,0,67,20,0,20,87
07/19/2009,COU,MO,ACE,CE,Federal Contract Tower,0,7,18,0,25,0,0,38,0,38,0,7,56,0,63,24,0,24,87
07/20/2009,COU,MO,ACE,CE,Federal Contract Tower,0,7,11,0,18,0,0,39,2,41,0,7,50,2,59,22,20,42,101
07/21/2009,COU,MO,ACE,CE,Federal Contract Tower,0,9,13,1,23,0,0,5,2,7,0,9,18,3,30,6,0,6,36
07/22/2009,COU,MO,ACE,CE,Federal Contract Tower,0,6,21,0,27,0,0,28,4,32,0,6,49,4,59,16,0,16,75
07/23/2009,COU,MO,ACE,CE,Federal Contract Tower,0,6,25,0,31,0,0,41,2,43,0,6,66,2,74,38,12,50,124
07/24/2009,COU,MO,ACE,CE,Federal Contract Tower,0,13,20,1,34,0,0,46,2,48,0,13,66,3,82,24,8,32,114
07/25/2009,COU,MO,ACE,CE,Federal Contract Tower,0,7,8,0,15,0,0,9,0,9,0,7,17,0,24,18,0,18,42
07/26/2009,COU,MO,ACE,CE,Federal Contract Tower,0,5,15,1,21,0,0,39,0,39,0,5,54,1,60,44,4,48,108
07/27/2009,COU,MO,ACE,CE,Federal Contract Tower,0,11,18,3,32,0,0,40,0,40,0,11,58,3,72,32,2,34,106
07/28/2009,COU,MO,ACE,CE,Federal Contract Tower,0,6,19,0,25,0,0,11,0,11,0,6,30,0,36,2,0,2,38
07/29/2009,COU,MO,ACE,CE,Federal Contract Tower,0,7,14,0,21,0,0,40,2,42,0,7,54,2,63,36,0,36,99
07/30/2009,COU,MO,ACE,CE,Federal Contract Tower,0,5,14,0,19,0,0,17,0,17,0,5,31,0,36,22,0,22,58
07/31/2009,COU,MO,ACE,CE,Federal Contract Tower,0,7,17,2,26,0,0,27,0,27,0,7,44,2,53,20,0,20,73
08/01/2009,COU,MO,ACE,CE,Federal Contract Tower,0,3,14,3,20,0,0,33,1,34,0,3,47,4,54,20,12,32,86
08/02/2009,COU,MO,ACE,CE,Federal Contract Tower,0,9,9,5,23,0,0,54,10,64,0,9,63,15,87,16,16,32,119
08/03/2009,COU,MO,ACE,CE,Federal Contract Tower,0,11,21,0,32,0,0,34,0,34,0,11,55,0,66,30,0,30,96
08/04/2009,COU,MO,ACE,CE,Federal Contract Tower,0,7,19,0,26,0,0,19,0,19,0,7,38,0,45,18,0,18,63
08/05/2009,COU,MO,ACE,CE,Federal Contract Tower,0,7,17,0,24,0,0,20,0,20,0,7,37,0,44,16,0,16,60
08/06/2009,COU,MO,ACE,CE,Federal Contract Tower,0,5,15,0,20,0,0,25,0,25,0,5,40,0,45,14,0,14,59
08/07/2009,COU,MO,ACE,CE,Federal Contract Tower,0,9,21,0,30,0,0,13,0,13,0,9,34,0,43,32,0,32,75
08/08/2009,COU,MO,ACE,CE,Federal Contract Tower,0,4,7,0,11,0,0,37,0,37,0,4,44,0,48,18,0,18,66
08/09/2009,COU,MO,ACE,CE,Federal Contract Tower,0,7,15,0,22,0,0,45,0,45,0,7,60,0,67,18,0,18,85
08/10/2009,COU,MO,ACE,CE,Federal Contract Tower,0,7,10,0,17,0,0,20,2,22,0,7,30,2,39,8,0,8,47
08/11/2009,COU,MO,ACE,CE,Federal Contract Tower,0,5,14,3,22,0,0,17,0,17,0,5,31,3,39,18,4,22,61
08/12/2009,COU,MO,ACE,CE,Federal Contract Tower,0,10,22,0,32,0,2,9,6,17,0,12,31,6,49,12,0,12,61
08/13/2009,COU,MO,ACE,CE,Federal Contract Tower,0,7,17,0,24,0,0,20,8,28,0,7,37,8,52,18,0,18,70
08/14/2009,COU,MO,ACE,CE,Federal Contract Tower,0,5,8,0,13,0,0,25,1,26,0,5,33,1,39,12,6,18,57
08/15/2009,COU,MO,ACE,CE,Federal Contract Tower,0,4,5,0,9,0,0,30,0,30,0,4,35,0,39,36,0,36,75
08/16/2009,COU,MO,ACE,CE,Federal Contract Tower,0,9,2,1,12,0,0,14,0,14,0,9,16,1,26,0,0,0,26
08/17/2009,COU,MO,ACE,CE,Federal Contract Tower,0,4,12,0,16,0,0,22,0,22,0,4,34,0,38,0,0,0,38
08/18/2009,COU,MO,ACE,CE,Federal Contract Tower,0,8,9,0,17,0,0,21,0,21,0,8,30,0,38,14,0,14,52
08/19/2009,COU,MO,ACE,CE,Federal Contract Tower,0,5,10,0,15,0,0,10,2,12,0,5,20,2,27,10,0,10,37
08/20/2009,COU,MO,ACE,CE,Federal Contract Tower,0,7,10,0,17,0,0,32,4,36,0,7,42,4,53,4,0,4,57
08/21/2009,COU,MO,ACE,CE,Federal Contract Tower,0,5,6,0,11,0,0,24,10,34,0,5,30,10,45,18,20,38,83
08/22/2009,COU,MO,ACE,CE,Federal Contract Tower,0,4,11,9,24,0,0,33,0,33,0,4,44,9,57,34,0,34,91
08/23/2009,COU,MO,ACE,CE,Federal Contract Tower,0,5,5,0,10,0,0,49,0,49,0,5,54,0,59,52,0,52,111
08/24/2009,COU,MO,ACE,CE,Federal Contract Tower,0,7,16,7,30,0,0,54,0,54,0,7,70,7,84,50,18,68,152
08/25/2009,COU,MO,ACE,CE,Federal Contract Tower,0,5,15,5,25,0,0,44,5,49,0,5,59,10,74,50,12,62,136
08/26/2009,COU,MO,ACE,CE,Federal Contract Tower,0,5,9,13,27,0,0,28,0,28,0,5,37,13,55,34,32,66,121
08/27/2009,COU,MO,ACE,CE,Federal Contract Tower,0,5,13,0,18,0,0,27,2,29,0,5,40,2,47,10,10,20,67
08/28/2009,COU,MO,ACE,CE,Federal Contract Tower,0,6,8,0,14,0,0,1,0,1,0,6,9,0,15,0,0,0,15
08/29/2009,COU,MO,ACE,CE,Federal Contract Tower,0,7,7,2,16,0,0,37,0,37,0,7,44,2,53,38,0,38,91
08/30/2009,COU,MO,ACE,CE,Federal Contract Tower,0,5,9,0,14,0,0,38,0,38,0,5,47,0,52,48,0,48,100
08/31/2009,COU,MO,ACE,CE,Federal Contract Tower,0,7,11,0,18,0,0,33,0,33,0,7,44,0,51,36,0,36,87
09/01/2009,COU,MO,ACE,CE,Federal Contract Tower,0,4,8,0,12,0,0,29,0,29,0,4,37,0,41,38,0,38,79
09/02/2009,COU,MO,ACE,CE,Federal Contract Tower,0,7,9,0,16,0,0,27,0,27,0,7,36,0,43,48,0,48,91
09/03/2009,COU,MO,ACE,CE,Federal Contract Tower,0,6,26,2,34,0,0,42,0,42,0,6,68,2,76,52,4,56,132
09/04/2009,COU,MO,ACE,CE,Federal Contract Tower,0,9,19,0,28,0,0,9,0,9,0,9,28,0,37,14,0,14,51
09/05/2009,COU,MO,ACE,CE,Federal Contract Tower,0,4,7,0,11,0,0,11,0,11,0,4,18,0,22,8,0,8,30
09/06/2009,COU,MO,ACE,CE,Federal Contract Tower,0,5,7,0,12,0,0,16,0,16,0,5,23,0,28,22,0,22,50
09/07/2009,COU,MO,ACE,CE,Federal Contract Tower,0,10,23,0,33,0,0,23,0,23,0,10,46,0,56,12,0,12,68
09/08/2009,COU,MO,ACE,CE,Federal Contract Tower,0,7,33,0,40,0,0,32,0,32,0,7,65,0,72,20,0,20,92
09/09/2009,COU,MO,ACE,CE,Federal Contract Tower,0,5,17,0,22,0,0,18,0,18,0,5,35,0,40,32,0,32,72
09/10/2009,COU,MO,ACE,CE,Federal Contract Tower,0,7,17,0,24,0,1,20,0,21,0,8,37,0,45,32,0,32,77
09/11/2009,COU,MO,ACE,CE,Federal Contract Tower,1,8,20,8,37,0,1,33,9,43,1,9,53,17,80,28,28,56,136
09/12/2009,COU,MO,ACE,CE,Federal Contract Tower,0,9,15,10,34,0,0,44,2,46,0,9,59,12,80,20,6,26,106
09/13/2009,COU,MO,ACE,CE,Federal Contract Tower,0,5,30,0,35,0,0,40,0,40,0,5,70,0,75,18,0,18,93
09/14/2009,COU,MO,ACE,CE,Federal Contract Tower,0,7,19,0,26,0,2,46,0,48,0,9,65,0,74,22,0,22,96
09/15/2009,COU,MO,ACE,CE,Federal Contract Tower,0,7,20,0,27,0,0,26,2,28,0,7,46,2,55,44,2,46,101
09/16/2009,COU,MO,ACE,CE,Federal Contract Tower,0,7,14,0,21,0,0,23,0,23,0,7,37,0,44,22,0,22,66
09/17/2009,COU,MO,ACE,CE,Federal Contract Tower,0,7,16,0,23,0,0,19,0,19,0,7,35,0,42,26,0,26,68
09/18/2009,COU,MO,ACE,CE,Federal Contract Tower,1,8,18,2,29,0,0,38,0,38,1,8,56,2,67,34,0,34,101
09/19/2009,COU,MO,ACE,CE,Federal Contract Tower,1,4,10,0,15,0,0,29,0,29,1,4,39,0,44,14,0,14,58
09/20/2009,COU,MO,ACE,CE,Federal Contract Tower,0,5,20,0,25,0,13,0,0,13,0,18,20,0,38,0,0,0,38
09/21/2009,COU,MO,ACE,CE,Federal Contract Tower,0,7,9,0,16,0,0,14,0,14,0,7,23,0,30,6,0,6,36
09/22/2009,COU,MO,ACE,CE,Federal Contract Tower,0,6,19,0,25,0,0,0,0,0,0,6,19,0,25,6,0,6,31
09/23/2009,COU,MO,ACE,CE,Federal Contract Tower,0,5,26,0,31,0,0,21,1,22,0,5,47,1,53,44,14,58,111
09/24/2009,COU,MO,ACE,CE,Federal Contract Tower,1,5,16,2,24,0,0,9,0,9,1,5,25,2,33,18,0,18,51
09/25/2009,COU,MO,ACE,CE,Federal Contract Tower,0,7,15,0,22,0,0,29,0,29,0,7,44,0,51,26,0,26,77
09/26/2009,COU,MO,ACE,CE,Federal Contract Tower,0,7,7,0,14,0,2,25,2,29,0,9,32,2,43,42,12,54,97
09/27/2009,COU,MO,ACE,CE,Federal Contract Tower,0,5,6,0,11,0,0,37,0,37,0,5,43,0,48,48,0,48,96
09/28/2009,COU,MO,ACE,CE,Federal Contract Tower,0,10,12,0,22,0,0,38,0,38,0,10,50,0,60,18,0,18,78
09/29/2009,COU,MO,ACE,CE,Federal Contract Tower,0,9,6,0,15,0,0,36,0,36,0,9,42,0,51,42,0,42,93
09/30/2009,COU,MO,ACE,CE,Federal Contract Tower,0,9,16,0,25,0,2,34,0,36,0,11,50,0,61,36,0,36,97
10/01/2009,COU,MO,ACE,CE,Federal Contract Tower,0,6,11,0,17,0,0,1,0,1,0,6,12,0,18,2,0,2,20
10/02/2009,COU,MO,ACE,CE,Federal Contract Tower,0,7,10,0,17,0,0,21,0,21,0,7,31,0,38,8,0,8,46
10/03/2009,COU,MO,ACE,CE,Federal Contract Tower,0,6,7,0,13,0,0,23,3,26,0,6,30,3,39,24,0,24,63
10/04/2009,COU,MO,ACE,CE,Federal Contract Tower,0,5,6,0,11,0,0,28,0,28,0,5,34,0,39,36,2,38,77
10/05/2009,COU,MO,ACE,CE,Federal Contract Tower,0,7,17,0,24,0,0,21,0,21,0,7,38,0,45,36,0,36,81
10/06/2009,COU,MO,ACE,CE,Federal Contract Tower,0,8,5,0,13,0,1,15,4,20,0,9,20,4,33,20,0,20,53
10/07/2009,COU,MO,ACE,CE,Federal Contract Tower,2,24,10,0,36,0,0,38,0,38,2,24,48,0,74,34,0,34,108
10/08/2009,COU,MO,ACE,CE,Federal Contract Tower,0,13,21,0,34,0,0,0,0,0,0,13,21,0,34,0,0,0,34
10/09/2009,COU,MO,ACE,CE,Federal Contract Tower,0,9,29,2,40,0,0,6,0,6,0,9,35,2,46,12,0,12,58
10/10/2009,COU,MO,ACE,CE,Federal Contract Tower,0,8,10,0,18,0,0,34,4,38,0,8,44,4,56,34,0,34,90
10/11/2009,COU,MO,ACE,CE,Federal Contract Tower,0,7,15,1,23,0,1,22,0,23,0,8,37,1,46,6,2,8,54
10/12/2009,COU,MO,ACE,CE,Federal Contract Tower,0,13,21,0,34,0,0,4,0,4,0,13,25,0,38,6,0,6,44
10/13/2009,COU,MO,ACE,CE,Federal Contract Tower,0,9,14,2,25,0,0,3,0,3,0,9,17,2,28,2,0,2,30
10/14/2009,COU,MO,ACE,CE,Federal Contract Tower,0,9,29,0,38,0,0,0,0,0,0,9,29,0,38,4,0,4,42
10/15/2009,COU,MO,ACE,CE,Federal Contract Tower,0,7,17,2,26,0,0,4,2,6,0,7,21,4,32,16,10,26,58
10/16/2009,COU,MO,ACE,CE,Federal Contract Tower,2,8,17,0,27,0,0,13,0,13,2,8,30,0,40,18,0,18,58
10/17/2009,COU,MO,ACE,CE,Federal Contract Tower,0,9,7,0,16,0,0,28,0,28,0,9,35,0,44,68,0,68,112
10/18/2009,COU,MO,ACE,CE,Federal Contract Tower,0,12,9,0,21,0,0,38,0,38,0,12,47,0,59,42,0,42,101
10/19/2009,COU,MO,ACE,CE,Federal Contract Tower,0,8,25,0,33,0,0,32,2,34,0,8,57,2,67,36,0,36,103
10/20/2009,COU,MO,ACE,CE,Federal Contract Tower,0,5,10,0,15,0,0,19,0,19,0,5,29,0,34,18,0,18,52
10/21/2009,COU,MO,ACE,CE,Federal Contract Tower,0,9,12,0,21,0,0,26,0,26,0,9,38,0,47,36,0,36,83
10/22/2009,COU,MO,ACE,CE,Federal Contract Tower,0,7,14,0,21,0,0,0,0,0,0,7,14,0,21,0,0,0,21
10/23/2009,COU,MO,ACE,CE,Federal Contract Tower,2,5,19,0,26,0,0,7,0,7,2,5,26,0,33,4,0,4,37
10/24/2009,COU,MO,ACE,CE,Federal Contract Tower,3,9,28,0,40,0,0,38,0,38,3,9,66,0,78,40,0,40,118
10/25/2009,COU,MO,ACE,CE,Federal Contract Tower,0,7,21,0,28,0,0,23,0,23,0,7,44,0,51,0,6,6,57
10/26/2009,COU,MO,ACE,CE,Federal Contract Tower,0,7,21,0,28,0,0,6,0,6,0,7,27,0,34,14,0,14,48
10/27/2009,COU,MO,ACE,CE,Federal Contract Tower,0,5,16,0,21,0,0,0,0,0,0,5,16,0,21,0,0,0,21
10/28/2009,COU,MO,ACE,CE,Federal Contract Tower,0,8,13,0,21,0,0,38,8,46,0,8,51,8,67,78,0,78,145
10/29/2009,COU,MO,ACE,CE,Federal Contract Tower,0,9,2,0,11,0,0,0,0,0,0,9,2,0,11,0,0,0,11
10/30/2009,COU,MO,ACE,CE,Federal Contract Tower,2,12,23,0,37,0,0,16,0,16,2,12,39,0,53,22,0,22,75
10/31/2009,COU,MO,ACE,CE,Federal Contract Tower,2,6,14,0,22,0,0,35,0,35,2,6,49,0,57,48,0,48,105
11/01/2009,COU,MO,ACE,CE,Federal Contract Tower,0,8,18,0,26,0,0,40,0,40,0,8,58,0,66,66,0,66,132
11/02/2009,COU,MO,ACE,CE,Federal Contract Tower,0,8,17,0,25,0,0,36,0,36,0,8,53,0,61,32,0,32,93
11/03/2009,COU,MO,ACE,CE,Federal Contract Tower,0,9,14,0,23,0,0,29,0,29,0,9,43,0,52,34,2,36,88
11/04/2009,COU,MO,ACE,CE,Federal Contract Tower,0,7,27,0,34,0,0,24,4,28,0,7,51,4,62,38,0,38,100
11/05/2009,COU,MO,ACE,CE,Federal Contract Tower,0,13,33,0,46,0,0,15,2,17,0,13,48,2,63,18,12,30,93
11/06/2009,COU,MO,ACE,CE,Federal Contract Tower,2,8,22,0,32,0,0,50,9,59,2,8,72,9,91,14,32,46,137
11/07/2009,COU,MO,ACE,CE,Federal Contract Tower,2,3,8,2,15,0,0,45,2,47,2,3,53,4,62,38,0,38,100
11/08/2009,COU,MO,ACE,CE,Federal Contract Tower,0,8,15,0,23,0,0,37,2,39,0,8,52,2,62,66,0,66,128
11/09/2009,COU,MO,ACE,CE,Federal Contract Tower,0,9,13,0,22,0,0,23,0,23,0,9,36,0,45,32,4,36,81
11/10/2009,COU,MO,ACE,CE,Federal Contract Tower,0,6,19,0,25,0,0,15,0,15,0,6,34,0,40,36,0,36,76
11/11/2009,COU,MO,ACE,CE,Federal Contract Tower,0,7,18,0,25,0,0,28,0,28,0,7,46,0,53,28,0,28,81
11/12/2009,COU,MO,ACE,CE,Federal Contract Tower,0,6,17,0,23,0,0,17,0,17,0,6,34,0,40,10,4,14,54
11/13/2009,COU,MO,ACE,CE,Federal Contract Tower,2,12,19,2,35,0,0,20,0,20,2,12,39,2,55,38,4,42,97
11/14/2009,COU,MO,ACE,CE,Federal Contract Tower,2,10,11,0,23,0,0,19,0,19,2,10,30,0,42,42,0,42,84
11/15/2009,COU,MO,ACE,CE,Federal Contract Tower,0,8,4,0,12,0,0,0,0,0,0,8,4,0,12,0,0,0,12
11/16/2009,COU,MO,ACE,CE,Federal Contract Tower,0,8,17,0,25,0,0,0,0,0,0,8,17,0,25,0,0,0,25
11/17/2009,COU,MO,ACE,CE,Federal Contract Tower,0,8,13,0,21,0,0,0,0,0,0,8,13,0,21,0,0,0,21
11/18/2009,COU,MO,ACE,CE,Federal Contract Tower,0,7,12,0,19,0,0,1,0,1,0,7,13,0,20,2,0,2,22
11/19/2009,COU,MO,ACE,CE,Federal Contract Tower,0,8,21,2,31,0,0,17,0,17,0,8,38,2,48,14,4,18,66
11/20/2009,COU,MO,ACE,CE,Federal Contract Tower,0,5,32,0,37,0,0,49,0,49,0,5,81,0,86,18,0,18,104
11/21/2009,COU,MO,ACE,CE,Federal Contract Tower,0,13,22,0,35,0,0,39,0,39,0,13,61,0,74,24,0,24,98
11/22/2009,COU,MO,ACE,CE,Federal Contract Tower,0,10,21,0,31,0,0,35,0,35,0,10,56,0,66,32,0,32,98
11/23/2009,COU,MO,ACE,CE,Federal Contract Tower,0,6,12,3,21,0,0,28,1,29,0,6,40,4,50,26,0,26,76
11/24/2009,COU,MO,ACE,CE,Federal Contract Tower,0,11,7,0,18,0,0,3,0,3,0,11,10,0,21,0,0,0,21
11/25/2009,COU,MO,ACE,CE,Federal Contract Tower,0,7,16,0,23,0,0,18,0,18,0,7,34,0,41,12,0,12,53
11/26/2009,COU,MO,ACE,CE,Federal Contract Tower,0,10,5,0,15,0,0,15,0,15,0,10,20,0,30,10,0,10,40
11/27/2009,COU,MO,ACE,CE,Federal Contract Tower,0,13,9,0,22,0,0,31,0,31,0,13,40,0,53,27,0,27,80
11/28/2009,COU,MO,ACE,CE,Federal Contract Tower,0,6,11,0,17,0,0,41,0,41,0,6,52,0,58,26,0,26,84
11/29/2009,COU,MO,ACE,CE,Federal Contract Tower,0,11,20,0,31,0,0,9,0,9,0,11,29,0,40,0,0,0,40
11/30/2009,COU,MO,ACE,CE,Federal Contract Tower,0,12,21,0,33,0,0,35,3,38,0,12,56,3,71,36,34,70,141
12/01/2009,COU,MO,ACE,CE,Federal Contract Tower,0,6,17,0,23,0,0,30,3,33,0,6,47,3,56,44,6,50,106
12/02/2009,COU,MO,ACE,CE,Federal Contract Tower,0,5,6,0,11,0,0,5,0,5,0,5,11,0,16,2,0,2,18
12/03/2009,COU,MO,ACE,CE,Federal Contract Tower,0,8,14,0,22,0,0,6,4,10,0,8,20,4,32,10,2,12,44
12/04/2009,COU,MO,ACE,CE,Federal Contract Tower,0,4,5,0,9,0,0,24,0,24,0,4,29,0,33,4,0,4,37
12/05/2009,COU,MO,ACE,CE,Federal Contract Tower,0,4,12,0,16,0,0,29,2,31,0,4,41,2,47,14,4,18,65
12/06/2009,COU,MO,ACE,CE,Federal Contract Tower,0,6,5,0,11,0,0,33,0,33,0,6,38,0,44,30,0,30,74
12/07/2009,COU,MO,ACE,CE,Federal Contract Tower,0,7,14,0,21,0,0,7,0,7,0,7,21,0,28,0,0,0,28
12/08/2009,COU,MO,ACE,CE,Federal Contract Tower,0,7,3,0,10,0,0,1,0,1,0,7,4,0,11,0,0,0,11
12/09/2009,COU,MO,ACE,CE,Federal Contract Tower,0,5,8,0,13,0,0,0,0,0,0,5,8,0,13,0,0,0,13
12/10/2009,COU,MO,ACE,CE,Federal Contract Tower,0,4,27,0,31,0,0,21,4,25,0,4,48,4,56,28,2,30,86
12/11/2009,COU,MO,ACE,CE,Federal Contract Tower,0,9,10,0,19,0,0,26,0,26,0,9,36,0,45,16,0,16,61
12/12/2009,COU,MO,ACE,CE,Federal Contract Tower,0,5,8,0,13,0,0,13,0,13,0,5,21,0,26,4,0,4,30
12/13/2009,COU,MO,ACE,CE,Federal Contract Tower,0,5,10,0,15,0,0,10,0,10,0,5,20,0,25,0,0,0,25
12/14/2009,COU,MO,ACE,CE,Federal Contract Tower,0,7,9,0,16,0,0,10,1,11,0,7,19,1,27,0,0,0,27
12/15/2009,COU,MO,ACE,CE,Federal Contract Tower,0,9,9,0,18,0,0,28,0,28,0,9,37,0,46,18,0,18,64
12/16/2009,COU,MO,ACE,CE,Federal Contract Tower,0,9,23,0,32,0,0,13,0,13,0,9,36,0,45,12,0,12,57
12/17/2009,COU,MO,ACE,CE,Federal Contract Tower,0,8,17,0,25,0,0,17,0,17,0,8,34,0,42,18,0,18,60
12/18/2009,COU,MO,ACE,CE,Federal Contract Tower,0,8,15,0,23,0,0,0,0,0,0,8,15,0,23,6,0,6,29
12/19/2009,COU,MO,ACE,CE,Federal Contract Tower,0,5,5,0,10,0,0,1,0,1,0,5,6,0,11,0,0,0,11
12/20/2009,COU,MO,ACE,CE,Federal Contract Tower,0,5,3,0,8,0,0,2,0,2,0,5,5,0,10,0,0,0,10
12/21/2009,COU,MO,ACE,CE,Federal Contract Tower,0,6,9,2,17,0,0,19,0,19,0,6,28,2,36,28,0,28,64
12/22/2009,COU,MO,ACE,CE,Federal Contract Tower,0,6,16,0,22,0,0,8,0,8,0,6,24,0,30,8,2,10,40
12/23/2009,COU,MO,ACE,CE,Federal Contract Tower,0,8,8,0,16,0,0,0,0,0,0,8,8,0,16,0,0,0,16
12/24/2009,COU,MO,ACE,CE,Federal Contract Tower,0,5,4,0,9,0,0,0,0,0,0,5,4,0,9,0,0,0,9
12/25/2009,COU,MO,ACE,CE,Federal Contract Tower,0,4,0,0,4,0,0,0,0,0,0,4,0,0,4,0,0,0,4
12/26/2009,COU,MO,ACE,CE,Federal Contract Tower,0,4,6,0,10,0,0,4,0,4,0,4,10,0,14,0,0,0,14
12/27/2009,COU,MO,ACE,CE,Federal Contract Tower,0,4,8,0,12,0,0,10,0,10,0,4,18,0,22,0,0,0,22
12/28/2009,COU,MO,ACE,CE,Federal Contract Tower,0,13,15,0,28,0,0,24,0,24,0,13,39,0,52,10,0,10,62
12/29/2009,COU,MO,ACE,CE,Federal Contract Tower,0,6,8,0,14,0,0,10,2,12,0,6,18,2,26,14,26,40,66
12/30/2009,COU,MO,ACE,CE,Federal Contract Tower,0,7,4,0,11,0,0,1,0,1,0,7,5,0,12,0,0,0,12
12/31/2009,COU,MO,ACE,CE,Federal Contract Tower,0,6,3,0,9,0,0,2,0,2,0,6,5,0,11,0,0,0,11
01/01/2010,COU,MO,ACE,CE,Federal Contract Tower,0,4,4,0,8,0,0,9,0,9,0,4,13,0,17,0,2,2,19
01/02/2010,COU,MO,ACE,CE,Federal Contract Tower,0,8,11,0,19,0,0,41,0,41,0,8,52,0,60,20,0,20,80
01/03/2010,COU,MO,ACE,CE,Federal Contract Tower,0,6,8,0,14,0,0,4,0,4,0,6,12,0,18,0,0,0,18
01/04/2010,COU,MO,ACE,CE,Federal Contract Tower,0,7,20,0,27,0,0,12,10,22,0,7,32,10,49,2,124,126,175
01/05/2010,COU,MO,ACE,CE,Federal Contract Tower,0,5,13,0,18,0,0,18,7,25,0,5,31,7,43,10,182,192,235
01/06/2010,COU,MO,ACE,CE,Federal Contract Tower,0,5,6,0,11,0,0,4,6,10,0,5,10,6,21,4,150,154,175
01/07/2010,COU,MO,ACE,CE,Federal Contract Tower,0,4,0,0,4,0,0,2,0,2,0,4,2,0,6,0,0,0,6
01/08/2010,COU,MO,ACE,CE,Federal Contract Tower,0,12,17,0,29,0,0,3,12,15,0,12,20,12,44,8,220,228,272
01/09/2010,COU,MO,ACE,CE,Federal Contract Tower,0,5,17,0,22,0,0,21,0,21,0,5,38,0,43,8,0,8,51
01/10/2010,COU,MO,ACE,CE,Federal Contract Tower,0,6,9,0,15,0,0,33,0,33,0,6,42,0,48,23,0,23,71
01/11/2010,COU,MO,ACE,CE,Federal Contract Tower,0,7,10,0,17,0,0,35,0,35,0,7,45,0,52,18,0,18,70
01/12/2010,COU,MO,ACE,CE,Federal Contract Tower,0,7,17,0,24,0,0,0,0,0,0,7,17,0,24,0,0,0,24
01/13/2010,COU,MO,ACE,CE,Federal Contract Tower,0,8,15,0,23,0,0,22,2,24,0,8,37,2,47,24,0,24,71
01/14/2010,COU,MO,ACE,CE,Federal Contract Tower,0,5,12,0,17,0,0,11,0,11,0,5,23,0,28,0,0,0,28
01/15/2010,COU,MO,ACE,CE,Federal Contract Tower,0,6,15,0,21,0,0,0,0,0,0,6,15,0,21,12,0,12,33
01/16/2010,COU,MO,ACE,CE,Federal Contract Tower,0,5,9,0,14,0,0,0,0,0,0,5,9,0,14,0,0,0,14
01/17/2010,COU,MO,ACE,CE,Federal Contract Tower,0,3,6,0,9,0,0,0,0,0,0,3,6,0,9,0,0,0,9
01/18/2010,COU,MO,ACE,CE,Federal Contract Tower,0,6,3,0,9,0,0,0,0,0,0,6,3,0,9,0,0,0,9
01/19/2010,COU,MO,ACE,CE,Federal Contract Tower,1,8,18,0,27,0,0,13,0,13,1,8,31,0,40,0,0,0,40
01/20/2010,COU,MO,ACE,CE,Federal Contract Tower,0,6,11,0,17,0,0,4,0,4,0,6,15,0,21,6,0,6,27
01/21/2010,COU,MO,ACE,CE,Federal Contract Tower,0,9,6,0,15,0,0,0,0,0,0,9,6,0,15,0,0,0,15
01/22/2010,COU,MO,ACE,CE,Federal Contract Tower,2,7,13,2,24,0,0,0,0,0,2,7,13,2,24,0,0,0,24
01/23/2010,COU,MO,ACE,CE,Federal Contract Tower,2,8,0,0,10,0,0,0,0,0,2,8,0,0,10,0,0,0,10
01/24/2010,COU,MO,ACE,CE,Federal Contract Tower,0,6,2,0,8,0,0,5,0,5,0,6,7,0,13,0,0,0,13
01/25/2010,COU,MO,ACE,CE,Federal Contract Tower,0,6,16,0,22,0,0,0,0,0,0,6,16,0,22,0,0,0,22
01/26/2010,COU,MO,ACE,CE,Federal Contract Tower,0,7,11,0,18,0,0,32,0,32,0,7,43,0,50,28,0,28,78
01/27/2010,COU,MO,ACE,CE,Federal Contract Tower,0,6,12,0,18,0,0,20,0,20,0,6,32,0,38,10,0,10,48
01/28/2010,COU,MO,ACE,CE,Federal Contract Tower,0,8,12,0,20,0,0,14,0,14,0,8,26,0,34,22,0,22,56
01/29/2010,COU,MO,ACE,CE,Federal Contract Tower,0,1,9,0,10,0,0,9,0,9,0,1,18,0,19,0,0,0,19
01/30/2010,COU,MO,ACE,CE,Federal Contract Tower,0,5,9,1,15,0,0,36,0,36,0,5,45,1,51,24,0,24,75
01/31/2010,COU,MO,ACE,CE,Federal Contract Tower,0,5,12,0,17,0,0,42,0,42,0,5,54,0,59,62,0,62,121
02/01/2010,COU,MO,ACE,CE,Federal Contract Tower,0,8,12,0,20,0,0,37,0,37,0,8,49,0,57,32,0,32,89
02/02/2010,COU,MO,ACE,CE,Federal Contract Tower,0,11,9,0,20,0,0,11,4,15,0,11,20,4,35,4,36,40,75
02/03/2010,COU,MO,ACE,CE,Federal Contract Tower,0,9,14,1,24,0,1,26,0,27,0,10,40,1,51,56,2,58,109
02/04/2010,COU,MO,ACE,CE,Federal Contract Tower,0,8,16,0,24,0,0,9,0,9,0,8,25,0,33,16,0,16,49
02/05/2010,COU,MO,ACE,CE,Federal Contract Tower,0,6,7,0,13,0,0,0,0,0,0,6,7,0,13,0,0,0,13
02/06/2010,COU,MO,ACE,CE,Federal Contract Tower,0,6,3,0,9,0,0,8,4,12,0,6,11,4,21,22,0,22,43
02/07/2010,COU,MO,ACE,CE,Federal Contract Tower,0,7,13,0,20,0,0,27,0,27,0,7,40,0,47,54,0,54,101
02/08/2010,COU,MO,ACE,CE,Federal Contract Tower,0,6,4,0,10,0,0,0,0,0,0,6,4,0,10,0,0,0,10
02/09/2010,COU,MO,ACE,CE,Federal Contract Tower,0,9,9,0,18,0,0,0,0,0,0,9,9,0,18,0,0,0,18
02/10/2010,COU,MO,ACE,CE,Federal Contract Tower,0,9,20,0,29,0,0,8,0,8,0,9,28,0,37,28,0,28,65
02/11/2010,COU,MO,ACE,CE,Federal Contract Tower,0,4,9,0,13,0,0,12,14,26,0,4,21,14,39,26,16,42,81
02/12/2010,COU,MO,ACE,CE,Federal Contract Tower,0,5,11,0,16,0,0,2,0,2,0,5,13,0,18,0,0,0,18
02/13/2010,COU,MO,ACE,CE,Federal Contract Tower,1,14,4,0,19,0,0,16,0,16,1,14,20,0,35,4,0,4,39
02/14/2010,COU,MO,ACE,CE,Federal Contract Tower,1,4,2,0,7,0,0,0,0,0,1,4,2,0,7,0,0,0,7
02/15/2010,COU,MO,ACE,CE,Federal Contract Tower,0,6,5,0,11,0,0,0,0,0,0,6,5,0,11,0,0,0,11
02/16/2010,COU,MO,ACE,CE,Federal Contract Tower,1,8,8,1,18,0,0,18,3,21,1,8,26,4,39,0,28,28,67
02/17/2010,COU,MO,ACE,CE,Federal Contract Tower,0,8,23,0,31,0,0,24,1,25,0,8,47,1,56,24,2,26,82
02/18/2010,COU,MO,ACE,CE,Federal Contract Tower,0,9,19,2,30,0,0,23,6,29,0,9,42,8,59,38,0,38,97
02/19/2010,COU,MO,ACE,CE,Federal Contract Tower,1,9,23,0,33,0,0,21,0,21,1,9,44,0,54,0,0,0,54
02/20/2010,COU,MO,ACE,CE,Federal Contract Tower,0,7,3,0,10,0,0,0,2,2,0,7,3,2,12,0,10,10,22
02/21/2010,COU,MO,ACE,CE,Federal Contract Tower,1,4,6,0,11,0,1,0,0,1,1,5,6,0,12,0,0,0,12
02/22/2010,COU,MO,ACE,CE,Federal Contract Tower,1,9,16,0,26,0,0,29,1,30,1,9,45,1,56,24,4,28,84
02/23/2010,COU,MO,ACE,CE,Federal Contract Tower,1,5,7,0,13,0,0,28,8,36,1,5,35,8,49,24,22,46,95
02/24/2010,COU,MO,ACE,CE,Federal Contract Tower,0,9,13,2,24,0,0,13,2,15,0,9,26,4,39,12,6,18,57
02/25/2010,COU,MO,ACE,CE,Federal Contract Tower,0,5,14,0,19,0,0,23,0,23,0,5,37,0,42,10,0,10,52
02/26/2010,COU,MO,ACE,CE,Federal Contract Tower,0,8,20,2,30,0,0,37,0,37,0,8,57,2,67,44,0,44,111
02/27/2010,COU,MO,ACE,CE,Federal Contract Tower,1,7,14,3,25,0,0,43,0,43,1,7,57,3,68,22,0,22,90
02/28/2010,COU,MO,ACE,CE,Federal Contract Tower,1,6,6,0,13,0,0,37,0,37,1,6,43,0,50,50,0,50,100
03/01/2010,COU,MO,ACE,CE,Federal Contract Tower,1,8,16,0,25,0,0,29,0,29,1,8,45,0,54,18,0,18,72
03/02/2010,COU,MO,ACE,CE,Federal Contract Tower,1,9,14,0,24,0,2,19,10,31,1,11,33,10,55,16,6,22,77
03/03/2010,COU,MO,ACE,CE,Federal Contract Tower,0,7,11,1,19,0,0,30,4,34,0,7,41,5,53,44,2,46,99
03/04/2010,COU,MO,ACE,CE,Federal Contract Tower,0,11,13,0,24,0,0,15,1,16,0,11,28,1,40,22,2,24,64
03/05/2010,COU,MO,ACE,CE,Federal Contract Tower,0,11,12,0,23,0,0,14,2,16,0,11,26,2,39,20,0,20,59
03/06/2010,COU,MO,ACE,CE,Federal Contract Tower,0,10,24,0,34,0,0,45,0,45,0,10,69,0,79,18,0,18,97
03/07/2010,COU,MO,ACE,CE,Federal Contract Tower,1,10,8,0,19,0,0,34,0,34,1,10,42,0,53,50,0,50,103
03/08/2010,COU,MO,ACE,CE,Federal Contract Tower,1,7,22,0,30,0,0,28,0,28,1,7,50,0,58,10,0,10,68
03/09/2010,COU,MO,ACE,CE,Federal Contract Tower,1,6,15,0,22,0,0,1,0,1,1,6,16,0,23,4,0,4,27
03/10/2010,COU,MO,ACE,CE,Federal Contract Tower,0,9,19,0,28,0,0,22,0,22,0,9,41,0,50,22,0,22,72
03/11/2010,COU,MO,ACE,CE,Federal Contract Tower,0,5,15,0,20,0,0,23,0,23,0,5,38,0,43,6,0,6,49
03/12/2010,COU,MO,ACE,CE,Federal Contract Tower,0,8,15,0,23,0,0,21,0,21,0,8,36,0,44,8,0,8,52
03/13/2010,COU,MO,ACE,CE,Federal Contract Tower,1,3,15,0,19,0,0,0,0,0,1,3,15,0,19,0,0,0,19
03/14/2010,COU,MO,ACE,CE,Federal Contract Tower,1,6,14,0,21,0,0,12,3,15,1,6,26,3,36,4,0,4,40
03/15/2010,COU,MO,ACE,CE,Federal Contract Tower,1,6,23,0,30,0,0,20,0,20,1,6,43,0,50,20,0,20,70
03/16/2010,COU,MO,ACE,CE,Federal Contract Tower,1,7,13,0,21,0,0,0,0,0,1,7,13,0,21,0,0,0,21
03/17/2010,COU,MO,ACE,CE,Federal Contract Tower,3,9,16,0,28,0,0,6,0,6,3,9,22,0,34,8,0,8,42
03/18/2010,COU,MO,ACE,CE,Federal Contract Tower,0,6,21,0,27,0,0,31,0,31,0,6,52,0,58,26,0,26,84
03/19/2010,COU,MO,ACE,CE,Federal Contract Tower,0,8,10,0,18,0,0,45,5,50,0,8,55,5,68,12,0,12,80
03/20/2010,COU,MO,ACE,CE,Federal Contract Tower,0,5,5,0,10,0,0,0,0,0,0,5,5,0,10,0,0,0,10
03/21/2010,COU,MO,ACE,CE,Federal Contract Tower,0,7,8,0,15,0,0,0,0,0,0,7,8,0,15,0,0,0,15
03/22/2010,COU,MO,ACE,CE,Federal Contract Tower,2,6,21,0,29,0,0,36,0,36,2,6,57,0,65,26,0,26,91
03/23/2010,COU,MO,ACE,CE,Federal Contract Tower,1,5,13,0,19,0,0,44,0,44,1,5,57,0,63,36,2,38,101
03/24/2010,COU,MO,ACE,CE,Federal Contract Tower,0,13,19,0,32,0,0,17,0,17,0,13,36,0,49,20,0,20,69
03/25/2010,COU,MO,ACE,CE,Federal Contract Tower,0,10,21,0,31,0,0,7,0,7,0,10,28,0,38,0,0,0,38
03/26/2010,COU,MO,ACE,CE,Federal Contract Tower,0,7,22,0,29,0,0,40,0,40,0,7,62,0,69,14,0,14,83
03/27/2010,COU,MO,ACE,CE,Federal Contract Tower,0,5,8,0,13,0,1,22,0,23,0,6,30,0,36,20,0,20,56
03/28/2010,COU,MO,ACE,CE,Federal Contract Tower,0,7,7,0,14,0,0,7,7,14,0,7,14,7,28,10,6,16,44
03/29/2010,COU,MO,ACE,CE,Federal Contract Tower,1,10,18,1,30,0,0,28,0,28,1,10,46,1,58,34,0,34,92
03/30/2010,COU,MO,ACE,CE,Federal Contract Tower,0,4,14,0,18,0,2,24,0,26,0,6,38,0,44,16,0,16,60
03/31/2010,COU,MO,ACE,CE,Federal Contract Tower,0,8,24,0,32,0,0,19,0,19,0,8,43,0,51,20,0,20,71
04/01/2010,COU,MO,ACE,CE,Federal Contract Tower,0,7,13,0,20,0,0,22,0,22,0,7,35,0,42,10,2,12,54
04/02/2010,COU,MO,ACE,CE,Federal Contract Tower,0,10,18,0,28,0,0,15,0,15,0,10,33,0,43,8,0,8,51
04/03/2010,COU,MO,ACE,CE,Federal Contract Tower,1,4,6,0,11,0,0,34,0,34,1,4,40,0,45,24,0,24,69
04/04/2010,COU,MO,ACE,CE,Federal Contract Tower,0,7,10,0,17,0,0,33,0,33,0,7,43,0,50,4,0,4,54
04/05/2010,COU,MO,ACE,CE,Federal Contract Tower,1,7,23,0,31,0,0,44,2,46,1,7,67,2,77,40,0,40,117
04/06/2010,COU,MO,ACE,CE,Federal Contract Tower,0,11,16,0,27,0,0,17,0,17,0,11,33,0,44,0,0,0,44
04/07/2010,COU,MO,ACE,CE,Federal Contract Tower,0,12,21,0,33,0,0,3,0,3,0,12,24,0,36,12,0,12,48
04/08/2010,COU,MO,ACE,CE,Federal Contract Tower,0,8,20,0,28,0,0,30,0,30,0,8,50,0,58,36,0,36,94
04/09/2010,COU,MO,ACE,CE,Federal Contract Tower,0,7,18,0,25,0,0,46,0,46,0,7,64,0,71,22,0,22,93
04/10/2010,COU,MO,ACE,CE,Federal Contract Tower,0,5,7,0,12,0,0,52,0,52,0,5,59,0,64,36,0,36,100
04/11/2010,COU,MO,ACE,CE,Federal Contract Tower,0,6,10,0,16,0,0,53,0,53,0,6,63,0,69,36,0,36,105
04/12/2010,COU,MO,ACE,CE,Federal Contract Tower,0,13,18,0,31,0,0,43,0,43,0,13,61,0,74,48,0,48,122
04/13/2010,COU,MO,ACE,CE,Federal Contract Tower,0,8,23,0,31,0,0,37,0,37,0,8,60,0,68,24,0,24,92
04/14/2010,COU,MO,ACE,CE,Federal Contract Tower,0,6,20,0,26,0,0,51,0,51,0,6,71,0,77,26,0,26,103
04/15/2010,COU,MO,ACE,CE,Federal Contract Tower,0,5,12,0,17,0,2,32,0,34,0,7,44,0,51,20,0,20,71
04/16/2010,COU,MO,ACE,CE,Federal Contract Tower,0,5,14,0,19,0,0,17,0,17,0,5,31,0,36,8,0,8,44
04/17/2010,COU,MO,ACE,CE,Federal Contract Tower,0,7,9,0,16,0,0,21,0,21,0,7,30,0,37,6,0,6,43
04/18/2010,COU,MO,ACE,CE,Federal Contract Tower,0,9,8,0,17,0,0,36,0,36,0,9,44,0,53,28,0,28,81
04/19/2010,COU,MO,ACE,CE,Federal Contract Tower,0,8,12,0,20,0,0,41,2,43,0,8,53,2,63,42,16,58,121
04/20/2010,COU,MO,ACE,CE,Federal Contract Tower,0,5,9,0,14,0,0,24,3,27,0,5,33,3,41,26,42,68,109
04/21/2010,COU,MO,ACE,CE,Federal Contract Tower,0,6,17,0,23,0,0,26,0,26,0,6,43,0,49,14,0,14,63
04/22/2010,COU,MO,ACE,CE,Federal Contract Tower,0,12,16,3,31,0,0,16,3,19,0,12,32,6,50,10,14,24,74
04/23/2010,COU,MO,ACE,CE,Federal Contract Tower,0,9,10,2,21,0,0,9,0,9,0,9,19,2,30,8,0,8,38
04/24/2010,COU,MO,ACE,CE,Federal Contract Tower,0,8,1,0,9,0,0,0,0,0,0,8,1,0,9,0,0,0,9
04/25/2010,COU,MO,ACE,CE,Federal Contract Tower,0,13,16,1,30,0,0,2,0,2,0,13,18,1,32,0,0,0,32
04/26/2010,COU,MO,ACE,CE,Federal Contract Tower,0,7,24,0,31,0,0,16,0,16,0,7,40,0,47,36,0,36,83
04/27/2010,COU,MO,ACE,CE,Federal Contract Tower,0,8,17,0,25,0,0,29,0,29,0,8,46,0,54,50,0,50,104
04/28/2010,COU,MO,ACE,CE,Federal Contract Tower,0,10,17,0,27,0,0,23,0,23,0,10,40,0,50,36,0,36,86
04/29/2010,COU,MO,ACE,CE,Federal Contract Tower,0,6,17,0,23,0,0,9,0,9,0,6,26,0,32,14,2,16,48
04/30/2010,COU,MO,ACE,CE,Federal Contract Tower,0,5,11,0,16,0,0,9,0,9,0,5,20,0,25,8,0,8,33
05/01/2010,COU,MO,ACE,CE,Federal Contract Tower,0,6,4,0,10,0,0,11,2,13,0,6,15,2,23,4,0,4,27
05/02/2010,COU,MO,ACE,CE,Federal Contract Tower,0,5,8,0,13,0,0,25,0,25,0,5,33,0,38,14,0,14,52
05/03/2010,COU,MO,ACE,CE,Federal Contract Tower,0,7,13,2,22,0,0,37,0,37,0,7,50,2,59,20,0,20,79
05/04/2010,COU,MO,ACE,CE,Federal Contract Tower,0,8,14,0,22,0,0,40,0,40,0,8,54,0,62,36,0,36,98
05/05/2010,COU,MO,ACE,CE,Federal Contract Tower,0,8,16,0,24,0,0,40,2,42,0,8,56,2,66,28,4,32,98
05/06/2010,COU,MO,ACE,CE,Federal Contract Tower,0,8,15,0,23,0,0,37,0,37,0,8,52,0,60,36,0,36,96
05/07/2010,COU,MO,ACE,CE,Federal Contract Tower,0,5,6,1,12,0,0,20,0,20,0,5,26,1,32,4,0,4,36
05/08/2010,COU,MO,ACE,CE,Federal Contract Tower,0,5,8,0,13,0,0,37,0,37,0,5,45,0,50,20,0,20,70
05/09/2010,COU,MO,ACE,CE,Federal Contract Tower,0,5,9,0,14,0,0,35,0,35,0,5,44,0,49,42,0,42,91
05/10/2010,COU,MO,ACE,CE,Federal Contract Tower,0,7,14,0,21,0,0,2,0,2,0,7,16,0,23,0,0,0,23
05/11/2010,COU,MO,ACE,CE,Federal Contract Tower,0,8,25,0,33,0,0,20,11,31,0,8,45,11,64,14,12,26,90
05/12/2010,COU,MO,ACE,CE,Federal Contract Tower,0,12,14,0,26,0,0,4,0,4,0,12,18,0,30,12,0,12,42
05/13/2010,COU,MO,ACE,CE,Federal Contract Tower,0,6,9,0,15,0,0,8,0,8,0,6,17,0,23,22,0,22,45
05/14/2010,COU,MO,ACE,CE,Federal Contract Tower,0,6,19,0,25,0,0,29,2,31,0,6,48,2,56,40,10,50,106
05/15/2010,COU,MO,ACE,CE,Federal Contract Tower,0,7,8,0,15,0,0,0,0,0,0,7,8,0,15,0,0,0,15
05/16/2010,COU,MO,ACE,CE,Federal Contract Tower,0,6,16,0,22,0,0,0,0,0,0,6,16,0,22,0,0,0,22
05/17/2010,COU,MO,ACE,CE,Federal Contract Tower,0,8,16,0,24,0,0,7,0,7,0,8,23,0,31,0,0,0,31
05/18/2010,COU,MO,ACE,CE,Federal Contract Tower,0,7,15,0,22,0,0,45,0,45,0,7,60,0,67,78,0,78,145
05/19/2010,COU,MO,ACE,CE,Federal Contract Tower,0,9,13,0,22,0,0,26,0,26,0,9,39,0,48,26,0,26,74
05/20/2010,COU,MO,ACE,CE,Federal Contract Tower,0,6,25,0,31,0,0,2,0,2,0,6,27,0,33,4,0,4,37
05/21/2010,COU,MO,ACE,CE,Federal Contract Tower,0,7,21,0,28,0,0,9,0,9,0,7,30,0,37,20,0,20,57
05/22/2010,COU,MO,ACE,CE,Federal Contract Tower,0,6,18,0,24,0,0,39,0,39,0,6,57,0,63,68,0,68,131
05/23/2010,COU,MO,ACE,CE,Federal Contract Tower,0,8,12,0,20,0,0,44,0,44,0,8,56,0,64,22,0,22,86
05/24/2010,COU,MO,ACE,CE,Federal Contract Tower,0,8,17,0,25,0,0,41,2,43,0,8,58,2,68,34,2,36,104
05/25/2010,COU,MO,ACE,CE,Federal Contract Tower,0,6,9,0,15,0,0,36,0,36,0,6,45,0,51,34,0,34,85
05/26/2010,COU,MO,ACE,CE,Federal Contract Tower,0,9,20,2,31,0,0,30,0,30,0,9,50,2,61,26,8,34,95
05/27/2010,COU,MO,ACE,CE,Federal Contract Tower,0,12,23,2,37,0,0,46,8,54,0,12,69,10,91,32,12,44,135
05/28/2010,COU,MO,ACE,CE,Federal Contract Tower,0,8,11,4,23,0,0,85,17,102,0,8,96,21,125,38,90,128,253
05/29/2010,COU,MO,ACE,CE,Federal Contract Tower,0,5,6,0,11,0,0,44,22,66,0,5,50,22,77,200,89,289,366
05/30/2010,COU,MO,ACE,CE,Federal Contract Tower,0,5,2,1,8,0,0,31,19,50,0,5,33,20,58,34,26,60,118
05/31/2010,COU,MO,ACE,CE,Federal Contract Tower,0,7,11,6,24,0,0,39,13,52,0,7,50,19,76,26,10,36,112
06/01/2010,COU,MO,ACE,CE,Federal Contract Tower,2,6,13,1,22,0,0,37,2,39,2,6,50,3,61,41,0,41,102
06/02/2010,COU,MO,ACE,CE,Federal Contract Tower,0,6,16,2,24,0,0,23,0,23,0,6,39,2,47,38,0,38,85
06/03/2010,COU,MO,ACE,CE,Federal Contract Tower,0,10,21,2,33,0,0,20,0,20,0,10,41,2,53,16,0,16,69
06/04/2010,COU,MO,ACE,CE,Federal Contract Tower,0,5,11,0,16,0,0,26,2,28,0,5,37,2,44,26,1,27,71
06/05/2010,COU,MO,ACE,CE,Federal Contract Tower,0,6,6,0,12,0,0,33,0,33,0,6,39,0,45,38,0,38,83
06/06/2010,COU,MO,ACE,CE,Federal Contract Tower,0,7,11,0,18,0,0,26,0,26,0,7,37,0,44,28,0,28,72
06/07/2010,COU,MO,ACE,CE,Federal Contract Tower,0,7,11,0,18,0,0,34,0,34,0,7,45,0,52,26,0,26,78
06/08/2010,COU,MO,ACE,CE,Federal Contract Tower,0,11,8,0,19,0,0,17,0,17,0,11,25,0,36,26,0,26,62
06/09/2010,COU,MO,ACE,CE,Federal Contract Tower,0,7,12,0,19,0,0,20,2,22,0,7,32,2,41,16,30,46,87
06/10/2010,COU,MO,ACE,CE,Federal Contract Tower,0,7,26,0,33,0,0,29,0,29,0,7,55,0,62,24,0,24,86
06/11/2010,COU,MO,ACE,CE,Federal Contract Tower,0,5,13,0,18,0,0,12,0,12,0,5,25,0,30,6,0,6,36
06/12/2010,COU,MO,ACE,CE,Federal Contract Tower,6,2,4,2,14,0,0,25,0,25,6,2,29,2,39,10,0,10,49
06/13/2010,COU,MO,ACE,CE,Federal Contract Tower,0,5,9,0,14,0,0,39,0,39,0,5,48,0,53,26,0,26,79
06/14/2010,COU,MO,ACE,CE,Federal Contract Tower,0,6,13,0,19,0,0,21,0,21,0,6,34,0,40,4,0,4,44
06/15/2010,COU,MO,ACE,CE,Federal Contract Tower,0,5,10,0,15,0,0,26,0,26,0,5,36,0,41,4,0,4,45
06/16/2010,COU,MO,ACE,CE,Federal Contract Tower,0,6,18,0,24,0,0,37,0,37,0,6,55,0,61,14,0,14,75
06/17/2010,COU,MO,ACE,CE,Federal Contract Tower,0,9,16,0,25,0,0,32,0,32,0,9,48,0,57,12,0,12,69
06/18/2010,COU,MO,ACE,CE,Federal Contract Tower,0,6,13,1,20,0,0,16,0,16,0,6,29,1,36,6,4,10,46
06/19/2010,COU,MO,ACE,CE,Federal Contract Tower,0,8,13,0,21,0,0,35,0,35,0,8,48,0,56,20,0,20,76
06/20/2010,COU,MO,ACE,CE,Federal Contract Tower,0,5,5,0,10,0,0,32,0,32,0,5,37,0,42,22,2,24,66
06/21/2010,COU,MO,ACE,CE,Federal Contract Tower,1,10,10,0,21,0,0,19,0,19,1,10,29,0,40,16,0,16,56
06/22/2010,COU,MO,ACE,CE,Federal Contract Tower,0,10,20,0,30,0,0,26,0,26,0,10,46,0,56,24,0,24,80
06/23/2010,COU,MO,ACE,CE,Federal Contract Tower,0,5,14,0,19,0,0,22,0,22,0,5,36,0,41,10,0,10,51
06/24/2010,COU,MO,ACE,CE,Federal Contract Tower,0,7,24,0,31,0,0,33,0,33,0,7,57,0,64,26,0,26,90
06/25/2010,COU,MO,ACE,CE,Federal Contract Tower,0,7,11,2,20,0,0,23,2,25,0,7,34,4,45,20,0,20,65
06/26/2010,COU,MO,ACE,CE,Federal Contract Tower,0,3,7,6,16,0,0,36,0,36,0,3,43,6,52,42,0,42,94
06/27/2010,COU,MO,ACE,CE,Federal Contract Tower,0,7,20,0,27,0,0,18,0,18,0,7,38,0,45,4,0,4,49
06/28/2010,COU,MO,ACE,CE,Federal Contract Tower,0,10,10,0,20,0,0,37,0,37,0,10,47,0,57,44,0,44,101
06/29/2010,COU,MO,ACE,CE,Federal Contract Tower,0,9,10,0,19,0,0,19,0,19,0,9,29,0,38,18,0,18,56
06/30/2010,COU,MO,ACE,CE,Federal Contract Tower,0,5,18,3,26,0,0,28,0,28,0,5,46,3,54,16,0,16,70
07/01/2010,COU,MO,ACE,CE,Federal Contract Tower,0,8,14,0,22,0,0,26,3,29,0,8,40,3,51,26,0,26,77
07/02/2010,COU,MO,ACE,CE,Federal Contract Tower,0,8,10,0,18,0,0,36,4,40,0,8,46,4,58,16,10,26,84
07/03/2010,COU,MO,ACE,CE,Federal Contract Tower,0,3,4,0,7,0,0,30,2,32,0,3,34,2,39,14,0,14,53
07/04/2010,COU,MO,ACE,CE,Federal Contract Tower,0,6,6,0,12,0,0,21,0,21,0,6,27,0,33,10,0,10,43
07/05/2010,COU,MO,ACE,CE,Federal Contract Tower,0,12,15,0,27,0,0,40,0,40,0,12,55,0,67,20,0,20,87
07/06/2010,COU,MO,ACE,CE,Federal Contract Tower,0,5,7,0,12,0,0,9,0,9,0,5,16,0,21,0,0,0,21
07/07/2010,COU,MO,ACE,CE,Federal Contract Tower,0,4,13,0,17,0,0,10,0,10,0,4,23,0,27,2,0,2,29
07/08/2010,COU,MO,ACE,CE,Federal Contract Tower,0,7,13,0,20,0,0,0,0,0,0,7,13,0,20,0,0,0,20
07/09/2010,COU,MO,ACE,CE,Federal Contract Tower,0,9,22,0,31,0,0,29,4,33,0,9,51,4,64,0,46,46,110
07/10/2010,COU,MO,ACE,CE,Federal Contract Tower,0,3,18,0,21,0,0,45,0,45,0,3,63,0,66,30,0,30,96
07/11/2010,COU,MO,ACE,CE,Federal Contract Tower,0,6,11,0,17,0,0,22,0,22,0,6,33,0,39,14,0,14,53
07/12/2010,COU,MO,ACE,CE,Federal Contract Tower,0,6,8,0,14,0,0,35,0,35,0,6,43,0,49,14,0,14,63
07/13/2010,COU,MO,ACE,CE,Federal Contract Tower,0,9,15,0,24,0,0,26,0,26,0,9,41,0,50,14,0,14,64
07/14/2010,COU,MO,ACE,CE,Federal Contract Tower,0,12,24,0,36,0,0,31,0,31,0,12,55,0,67,24,0,24,91
07/15/2010,COU,MO,ACE,CE,Federal Contract Tower,0,11,20,0,31,0,0,13,0,13,0,11,33,0,44,24,0,24,68
07/16/2010,COU,MO,ACE,CE,Federal Contract Tower,0,3,12,15,30,0,0,18,0,18,0,3,30,15,48,14,23,37,85
07/17/2010,COU,MO,ACE,CE,Federal Contract Tower,0,5,3,6,14,0,0,45,2,47,0,5,48,8,61,30,4,34,95
07/18/2010,COU,MO,ACE,CE,Federal Contract Tower,0,6,12,0,18,0,0,24,0,24,0,6,36,0,42,44,0,44,86
07/19/2010,COU,MO,ACE,CE,Federal Contract Tower,0,12,10,0,22,0,0,5,0,5,0,12,15,0,27,16,0,16,43
07/20/2010,COU,MO,ACE,CE,Federal Contract Tower,0,8,15,0,23,0,0,21,0,21,0,8,36,0,44,14,0,14,58
07/21/2010,COU,MO,ACE,CE,Federal Contract Tower,0,8,15,0,23,0,0,14,0,14,0,8,29,0,37,12,0,12,49
07/22/2010,COU,MO,ACE,CE,Federal Contract Tower,0,5,10,0,15,0,0,15,0,15,0,5,25,0,30,16,0,16,46
07/23/2010,COU,MO,ACE,CE,Federal Contract Tower,0,8,18,4,30,0,0,46,2,48,0,8,64,6,78,22,2,24,102
07/24/2010,COU,MO,ACE,CE,Federal Contract Tower,0,4,4,0,8,0,0,39,0,39,0,4,43,0,47,18,0,18,65
07/25/2010,COU,MO,ACE,CE,Federal Contract Tower,0,5,13,7,25,0,0,36,4,40,0,5,49,11,65,18,4,22,87
07/26/2010,COU,MO,ACE,CE,Federal Contract Tower,0,5,26,0,31,0,0,30,0,30,0,5,56,0,61,14,0,14,75
07/27/2010,COU,MO,ACE,CE,Federal Contract Tower,0,3,32,0,35,0,0,28,4,32,0,3,60,4,67,8,12,20,87
07/28/2010,COU,MO,ACE,CE,Federal Contract Tower,0,9,16,0,25,0,0,29,0,29,0,9,45,0,54,22,0,22,76
07/29/2010,COU,MO,ACE,CE,Federal Contract Tower,0,9,7,0,16,0,0,36,0,36,0,9,43,0,52,16,0,16,68
07/30/2010,COU,MO,ACE,CE,Federal Contract Tower,0,6,15,3,24,0,0,12,1,13,0,6,27,4,37,10,4,14,51
07/31/2010,COU,MO,ACE,CE,Federal Contract Tower,0,3,32,0,35,0,0,28,0,28,0,3,60,0,63,28,0,28,91
08/01/2010,COU,MO,ACE,CE,Federal Contract Tower,0,6,5,14,25,0,0,28,4,32,0,6,33,18,57,40,28,68,125
08/02/2010,COU,MO,ACE,CE,Federal Contract Tower,0,10,17,0,27,0,0,39,0,39,0,10,56,0,66,18,4,22,88
08/03/2010,COU,MO,ACE,CE,Federal Contract Tower,0,6,20,0,26,0,0,29,2,31,0,6,49,2,57,10,8,18,75
08/04/2010,COU,MO,ACE,CE,Federal Contract Tower,0,6,14,0,20,0,0,28,4,32,0,6,42,4,52,16,4,20,72
08/05/2010,COU,MO,ACE,CE,Federal Contract Tower,0,7,15,0,22,0,0,13,1,14,0,7,28,1,36,32,2,34,70
08/06/2010,COU,MO,ACE,CE,Federal Contract Tower,0,4,19,6,29,0,0,34,4,38,0,4,53,10,67,52,26,78,145
08/07/2010,COU,MO,ACE,CE,Federal Contract Tower,0,3,11,21,35,0,0,0,45,45,0,3,11,66,80,32,4,36,116
08/08/2010,COU,MO,ACE,CE,Federal Contract Tower,0,5,9,0,14,0,0,35,0,35,0,5,44,0,49,14,0,14,63
08/09/2010,COU,MO,ACE,CE,Federal Contract Tower,0,10,17,0,27,0,0,39,4,43,0,10,56,4,70,28,0,28,98
08/10/2010,COU,MO,ACE,CE,Federal Contract Tower,0,7,24,0,31,0,0,21,0,21,0,7,45,0,52,14,0,14,66
08/11/2010,COU,MO,ACE,CE,Federal Contract Tower,0,8,12,0,20,0,0,23,0,23,0,8,35,0,43,38,0,38,81
08/12/2010,COU,MO,ACE,CE,Federal Contract Tower,0,8,11,0,19,0,0,19,0,19,0,8,30,0,38,34,0,34,72
08/13/2010,COU,MO,ACE,CE,Federal Contract Tower,0,6,14,8,28,0,0,21,0,21,0,6,35,8,49,46,14,60,109
08/14/2010,COU,MO,ACE,CE,Federal Contract Tower,0,4,16,0,20,0,0,30,3,33,0,4,46,3,53,12,6,18,71
08/15/2010,COU,MO,ACE,CE,Federal Contract Tower,0,8,8,0,16,0,0,35,0,35,0,8,43,0,51,24,0,24,75
08/16/2010,COU,MO,ACE,CE,Federal Contract Tower,0,9,11,0,20,0,0,22,0,22,0,9,33,0,42,12,0,12,54
08/17/2010,COU,MO,ACE,CE,Federal Contract Tower,0,5,10,3,18,0,0,11,3,14,0,5,21,6,32,30,0,30,62
08/18/2010,COU,MO,ACE,CE,Federal Contract Tower,0,8,27,0,35,0,0,21,3,24,0,8,48,3,59,16,2,18,77
08/19/2010,COU,MO,ACE,CE,Federal Contract Tower,0,5,13,0,18,0,0,27,0,27,0,5,40,0,45,26,0,26,71
08/20/2010,COU,MO,ACE,CE,Federal Contract Tower,0,6,14,1,21,0,0,22,3,25,0,6,36,4,46,34,14,48,94
08/21/2010,COU,MO,ACE,CE,Federal Contract Tower,0,5,11,0,16,0,0,17,0,17,0,5,28,0,33,0,0,0,33
08/22/2010,COU,MO,ACE,CE,Federal Contract Tower,0,9,20,0,29,0,0,37,0,37,0,9,57,0,66,44,0,44,110
08/23/2010,COU,MO,ACE,CE,Federal Contract Tower,0,12,17,0,29,0,0,54,2,56,0,12,71,2,85,26,12,38,123
08/24/2010,COU,MO,ACE,CE,Federal Contract Tower,0,7,15,0,22,0,0,22,0,22,0,7,37,0,44,10,0,10,54
08/25/2010,COU,MO,ACE,CE,Federal Contract Tower,0,6,15,0,21,0,0,17,0,17,0,6,32,0,38,20,0,20,58
08/26/2010,COU,MO,ACE,CE,Federal Contract Tower,0,6,8,2,16,0,0,17,0,17,0,6,25,2,33,16,6,22,55
08/27/2010,COU,MO,ACE,CE,Federal Contract Tower,0,5,9,4,18,0,0,32,2,34,0,5,41,6,52,48,16,64,116
08/28/2010,COU,MO,ACE,CE,Federal Contract Tower,0,1,4,2,7,0,0,40,0,40,0,1,44,2,47,38,0,38,85
08/29/2010,COU,MO,ACE,CE,Federal Contract Tower,0,8,12,0,20,0,0,46,0,46,0,8,58,0,66,20,0,20,86
08/30/2010,COU,MO,ACE,CE,Federal Contract Tower,0,8,23,0,31,0,0,38,2,40,0,8,61,2,71,14,12,26,97
08/31/2010,COU,MO,ACE,CE,Federal Contract Tower,0,6,11,0,17,0,0,17,0,17,0,6,28,0,34,22,0,22,56
09/01/2010,COU,MO,ACE,CE,Federal Contract Tower,0,7,13,0,20,0,0,1,2,3,0,7,14,2,23,2,4,6,29
09/02/2010,COU,MO,ACE,CE,Federal Contract Tower,0,4,18,0,22,0,0,7,4,11,0,4,25,4,33,12,26,38,71
09/03/2010,COU,MO,ACE,CE,Federal Contract Tower,0,5,14,0,19,0,0,30,2,32,0,5,44,2,51,14,20,34,85
09/04/2010,COU,MO,ACE,CE,Federal Contract Tower,0,3,16,0,19,0,0,37,0,37,0,3,53,0,56,20,0,20,76
09/05/2010,COU,MO,ACE,CE,Federal Contract Tower,0,4,4,0,8,0,0,32,0,32,0,4,36,0,40,8,0,8,48
09/06/2010,COU,MO,ACE,CE,Federal Contract Tower,0,4,15,0,19,0,37,0,0,37,0,41,15,0,56,2,0,2,58
09/07/2010,COU,MO,ACE,CE,Federal Contract Tower,0,5,11,0,16,0,0,28,0,28,0,5,39,0,44,18,0,18,62
09/08/2010,COU,MO,ACE,CE,Federal Contract Tower,0,10,14,0,24,0,0,13,0,13,0,10,27,0,37,16,0,16,53
09/09/2010,COU,MO,ACE,CE,Federal Contract Tower,2,6,12,0,20,0,0,4,12,16,2,6,16,12,36,6,4,10,46
09/10/2010,COU,MO,ACE,CE,Federal Contract Tower,1,5,15,0,21,0,0,0,0,0,1,5,15,0,21,0,0,0,21
09/11/2010,COU,MO,ACE,CE,Federal Contract Tower,0,5,15,0,20,0,0,23,0,23,0,5,38,0,43,20,0,20,63
09/12/2010,COU,MO,ACE,CE,Federal Contract Tower,0,8,17,0,25,0,0,46,0,46,0,8,63,0,71,14,0,14,85
09/13/2010,COU,MO,ACE,CE,Federal Contract Tower,0,8,13,0,21,0,0,43,0,43,0,8,56,0,64,34,0,34,98
09/14/2010,COU,MO,ACE,CE,Federal Contract Tower,0,8,14,0,22,0,0,23,0,23,0,8,37,0,45,16,0,16,61
09/15/2010,COU,MO,ACE,CE,Federal Contract Tower,0,8,18,0,26,0,0,6,0,6,0,8,24,0,32,10,2,12,44
09/16/2010,COU,MO,ACE,CE,Federal Contract Tower,0,6,25,0,31,0,0,42,0,42,0,6,67,0,73,18,0,18,91
09/17/2010,COU,MO,ACE,CE,Federal Contract Tower,2,6,18,0,26,0,0,32,4,36,2,6,50,4,62,22,12,34,96
09/18/2010,COU,MO,ACE,CE,Federal Contract Tower,0,4,12,0,16,0,0,30,0,30,0,4,42,0,46,18,0,18,64
09/19/2010,COU,MO,ACE,CE,Federal Contract Tower,0,5,14,0,19,0,0,15,0,15,0,5,29,0,34,22,0,22,56
09/20/2010,COU,MO,ACE,CE,Federal Contract Tower,0,6,13,0,19,0,0,36,2,38,0,6,49,2,57,26,2,28,85
09/21/2010,COU,MO,ACE,CE,Federal Contract Tower,0,9,28,0,37,0,0,25,4,29,0,9,53,4,66,26,34,60,126
09/22/2010,COU,MO,ACE,CE,Federal Contract Tower,0,8,22,2,32,0,0,23,0,23,0,8,45,2,55,20,0,20,75
09/23/2010,COU,MO,ACE,CE,Federal Contract Tower,0,9,13,0,22,0,0,29,1,30,0,9,42,1,52,2,4,6,58
09/24/2010,COU,MO,ACE,CE,Federal Contract Tower,1,7,39,0,47,0,0,32,0,32,1,7,71,0,79,6,0,6,85
09/25/2010,COU,MO,ACE,CE,Federal Contract Tower,1,10,18,0,29,0,0,52,0,52,1,10,70,0,81,14,0,14,95
09/26/2010,COU,MO,ACE,CE,Federal Contract Tower,0,11,26,0,37,0,0,30,0,30,0,11,56,0,67,6,0,6,73
09/27/2010,COU,MO,ACE,CE,Federal Contract Tower,0,12,30,0,42,0,0,45,0,45,0,12,75,0,87,22,0,22,109
09/28/2010,COU,MO,ACE,CE,Federal Contract Tower,0,5,17,0,22,0,0,39,0,39,0,5,56,0,61,42,0,42,103
09/29/2010,COU,MO,ACE,CE,Federal Contract Tower,0,9,22,0,31,0,0,25,0,25,0,9,47,0,56,54,0,54,110
09/30/2010,COU,MO,ACE,CE,Federal Contract Tower,0,8,23,0,31,0,0,23,3,26,0,8,46,3,57,36,24,60,117
10/01/2010,COU,MO,ACE,CE,Federal Contract Tower,0,10,25,0,35,0,0,51,0,51,0,10,76,0,86,48,0,48,134
10/02/2010,COU,MO,ACE,CE,Federal Contract Tower,0,5,14,0,19,0,0,35,2,37,0,5,49,2,56,40,4,44,100
10/03/2010,COU,MO,ACE,CE,Federal Contract Tower,0,9,15,1,25,0,0,47,1,48,0,9,62,2,73,26,0,26,99
10/04/2010,COU,MO,ACE,CE,Federal Contract Tower,0,9,18,1,28,0,0,41,4,45,0,9,59,5,73,22,4,26,99
10/05/2010,COU,MO,ACE,CE,Federal Contract Tower,0,6,17,0,23,0,0,32,4,36,0,6,49,4,59,48,12,60,119
10/06/2010,COU,MO,ACE,CE,Federal Contract Tower,0,7,19,0,26,0,0,20,0,20,0,7,39,0,46,34,0,34,80
10/07/2010,COU,MO,ACE,CE,Federal Contract Tower,0,5,23,0,28,0,0,29,0,29,0,5,52,0,57,22,2,24,81
10/08/2010,COU,MO,ACE,CE,Federal Contract Tower,2,10,23,0,35,0,0,27,0,27,2,10,50,0,62,10,0,10,72
10/09/2010,COU,MO,ACE,CE,Federal Contract Tower,0,7,10,0,17,0,0,47,0,47,0,7,57,0,64,42,0,42,106
10/10/2010,COU,MO,ACE,CE,Federal Contract Tower,0,7,11,0,18,0,0,49,0,49,0,7,60,0,67,20,0,20,87
10/11/2010,COU,MO,ACE,CE,Federal Contract Tower,0,14,12,0,26,0,0,46,0,46,0,14,58,0,72,28,0,28,100
10/12/2010,COU,MO,ACE,CE,Federal Contract Tower,0,5,21,0,26,0,0,32,0,32,0,5,53,0,58,40,0,40,98
10/13/2010,COU,MO,ACE,CE,Federal Contract Tower,0,8,19,0,27,0,0,25,0,25,0,8,44,0,52,16,0,16,68
10/14/2010,COU,MO,ACE,CE,Federal Contract Tower,0,10,7,0,17,0,0,25,0,25,0,10,32,0,42,20,0,20,62
10/15/2010,COU,MO,ACE,CE,Federal Contract Tower,2,5,23,0,30,0,0,33,0,33,2,5,56,0,63,34,0,34,97
10/16/2010,COU,MO,ACE,CE,Federal Contract Tower,2,9,18,0,29,0,0,45,0,45,2,9,63,0,74,22,0,22,96
10/17/2010,COU,MO,ACE,CE,Federal Contract Tower,0,8,14,0,22,0,0,41,0,41,0,8,55,0,63,26,0,26,89
10/18/2010,COU,MO,ACE,CE,Federal Contract Tower,0,11,19,0,30,0,0,24,4,28,0,11,43,4,58,16,10,26,84
10/19/2010,COU,MO,ACE,CE,Federal Contract Tower,0,6,21,0,27,0,0,36,0,36,0,6,57,0,63,42,0,42,105
10/20/2010,COU,MO,ACE,CE,Federal Contract Tower,0,9,24,0,33,0,0,28,7,35,0,9,52,7,68,10,34,44,112
10/21/2010,COU,MO,ACE,CE,Federal Contract Tower,0,15,19,0,34,0,2,23,0,25,0,17,42,0,59,16,0,16,75
10/22/2010,COU,MO,ACE,CE,Federal Contract Tower,2,9,27,0,38,0,0,10,2,12,2,9,37,2,50,12,18,30,80
10/23/2010,COU,MO,ACE,CE,Federal Contract Tower,1,5,25,2,33,0,0,20,0,20,1,5,45,2,53,12,0,12,65
10/24/2010,COU,MO,ACE,CE,Federal Contract Tower,0,5,11,0,16,0,0,15,0,15,0,5,26,0,31,4,0,4,35
10/25/2010,COU,MO,ACE,CE,Federal Contract Tower,0,8,20,0,28,0,0,16,0,16,0,8,36,0,44,8,0,8,52
10/26/2010,COU,MO,ACE,CE,Federal Contract Tower,0,5,10,0,15,0,0,7,0,7,0,5,17,0,22,0,0,0,22
10/27/2010,COU,MO,ACE,CE,Federal Contract Tower,0,6,19,0,25,0,0,22,4,26,0,6,41,4,51,22,0,22,73
10/28/2010,COU,MO,ACE,CE,Federal Contract Tower,0,10,32,2,44,0,0,15,1,16,0,10,47,3,60,14,0,14,74
10/29/2010,COU,MO,ACE,CE,Federal Contract Tower,2,9,16,4,31,0,0,30,4,34,2,9,46,8,65,4,22,26,91
10/30/2010,COU,MO,ACE,CE,Federal Contract Tower,1,8,17,0,26,0,0,30,0,30,1,8,47,0,56,18,0,18,74
10/31/2010,COU,MO,ACE,CE,Federal Contract Tower,0,7,18,0,25,0,0,35,0,35,0,7,53,0,60,20,0,20,80
11/01/2010,COU,MO,ACE,CE,Federal Contract Tower,0,9,15,0,24,0,0,31,2,33,0,9,46,2,57,18,4,22,79
11/02/2010,COU,MO,ACE,CE,Federal Contract Tower,0,11,22,0,33,0,0,30,0,30,0,11,52,0,63,14,0,14,77
11/03/2010,COU,MO,ACE,CE,Federal Contract Tower,0,9,21,0,30,0,1,16,0,17,0,10,37,0,47,18,0,18,65
11/04/2010,COU,MO,ACE,CE,Federal Contract Tower,0,8,11,0,19,0,0,11,4,15,0,8,22,4,34,12,4,16,50
11/05/2010,COU,MO,ACE,CE,Federal Contract Tower,2,9,25,0,36,0,0,42,2,44,2,9,67,2,80,20,4,24,104
11/06/2010,COU,MO,ACE,CE,Federal Contract Tower,0,5,16,0,21,0,0,51,0,51,0,5,67,0,72,42,0,42,114
11/07/2010,COU,MO,ACE,CE,Federal Contract Tower,0,9,14,0,23,0,0,38,0,38,0,9,52,0,61,22,0,22,83
11/08/2010,COU,MO,ACE,CE,Federal Contract Tower,0,14,16,0,30,0,0,40,2,42,0,14,56,2,72,16,0,16,88
11/09/2010,COU,MO,ACE,CE,Federal Contract Tower,0,10,22,0,32,0,1,37,2,40,0,11,59,2,72,16,0,16,88
11/10/2010,COU,MO,ACE,CE,Federal Contract Tower,0,9,12,0,21,0,0,16,0,16,0,9,28,0,37,34,0,34,71
11/11/2010,COU,MO,ACE,CE,Federal Contract Tower,0,7,19,0,26,0,0,20,0,20,0,7,39,0,46,16,0,16,62
11/12/2010,COU,MO,ACE,CE,Federal Contract Tower,0,14,26,0,40,0,2,15,0,17,0,16,41,0,57,6,0,6,63
11/13/2010,COU,MO,ACE,CE,Federal Contract Tower,2,4,21,0,27,0,0,24,0,24,2,4,45,0,51,16,0,16,67
11/14/2010,COU,MO,ACE,CE,Federal Contract Tower,0,7,15,0,22,0,0,57,0,57,0,7,72,0,79,20,0,20,99
11/15/2010,COU,MO,ACE,CE,Federal Contract Tower,0,10,7,0,17,0,0,32,0,32,0,10,39,0,49,18,0,18,67
11/16/2010,COU,MO,ACE,CE,Federal Contract Tower,0,13,11,0,24,0,0,19,0,19,0,13,30,0,43,20,0,20,63
11/17/2010,COU,MO,ACE,CE,Federal Contract Tower,0,10,16,0,26,0,0,12,0,12,0,10,28,0,38,2,0,2,40
11/18/2010,COU,MO,ACE,CE,Federal Contract Tower,0,7,23,0,30,0,0,12,2,14,0,7,35,2,44,12,8,20,64
11/19/2010,COU,MO,ACE,CE,Federal Contract Tower,2,7,14,26,49,0,1,21,4,26,2,8,35,30,75,10,22,32,107
11/20/2010,COU,MO,ACE,CE,Federal Contract Tower,0,4,11,13,28,0,0,35,14,49,0,4,46,27,77,18,0,18,95
11/21/2010,COU,MO,ACE,CE,Federal Contract Tower,0,8,18,13,39,0,0,25,5,30,0,8,43,18,69,18,0,18,87
11/22/2010,COU,MO,ACE,CE,Federal Contract Tower,0,12,18,0,30,0,0,28,0,28,0,12,46,0,58,4,0,4,62
11/23/2010,COU,MO,ACE,CE,Federal Contract Tower,0,9,25,0,34,0,0,18,8,26,0,9,43,8,60,14,4,18,78
11/24/2010,COU,MO,ACE,CE,Federal Contract Tower,0,6,10,0,16,0,0,0,0,0,0,6,10,0,16,0,0,0,16
11/25/2010,COU,MO,ACE,CE,Federal Contract Tower,0,9,0,0,9,0,0,5,0,5,0,9,5,0,14,0,0,0,14
11/26/2010,COU,MO,ACE,CE,Federal Contract Tower,0,8,6,0,14,0,0,13,0,13,0,8,19,0,27,14,0,14,41
11/27/2010,COU,MO,ACE,CE,Federal Contract Tower,0,5,10,0,15,0,0,25,0,25,0,5,35,0,40,24,0,24,64
11/28/2010,COU,MO,ACE,CE,Federal Contract Tower,0,10,18,0,28,0,0,26,0,26,0,10,44,0,54,24,0,24,78
11/29/2010,COU,MO,ACE,CE,Federal Contract Tower,0,11,14,0,25,0,0,0,0,0,0,11,14,0,25,4,0,4,29
11/30/2010,COU,MO,ACE,CE,Federal Contract Tower,0,17,8,0,25,0,1,4,0,5,0,18,12,0,30,10,0,10,40
12/01/2010,COU,MO,ACE,CE,Federal Contract Tower,0,7,11,0,18,0,1,15,2,18,0,8,26,2,36,12,0,12,48
12/02/2010,COU,MO,ACE,CE,Federal Contract Tower,0,15,23,0,38,0,0,28,0,28,0,15,51,0,66,14,0,14,80
12/03/2010,COU,MO,ACE,CE,Federal Contract Tower,0,10,17,0,27,0,0,28,0,28,0,10,45,0,55,6,0,6,61
12/04/2010,COU,MO,ACE,CE,Federal Contract Tower,0,5,12,0,17,0,0,8,0,8,0,5,20,0,25,6,0,6,31
12/05/2010,COU,MO,ACE,CE,Federal Contract Tower,0,9,8,0,17,0,0,21,0,21,0,9,29,0,38,0,0,0,38
12/06/2010,COU,MO,ACE,CE,Federal Contract Tower,0,11,18,0,29,0,0,33,0,33,0,11,51,0,62,10,0,10,72
12/07/2010,COU,MO,ACE,CE,Federal Contract Tower,1,9,10,1,21,0,0,23,0,23,1,9,33,1,44,14,8,22,66
12/08/2010,COU,MO,ACE,CE,Federal Contract Tower,2,7,22,0,31,0,0,26,0,26,2,7,48,0,57,12,0,12,69
12/09/2010,COU,MO,ACE,CE,Federal Contract Tower,0,9,13,0,22,0,0,13,0,13,0,9,26,0,35,6,0,6,41
12/10/2010,COU,MO,ACE,CE,Federal Contract Tower,0,12,14,0,26,0,0,39,0,39,0,12,53,0,65,16,0,16,81
12/11/2010,COU,MO,ACE,CE,Federal Contract Tower,0,4,11,0,15,0,0,0,0,0,0,4,11,0,15,0,0,0,15
12/12/2010,COU,MO,ACE,CE,Federal Contract Tower,0,5,3,0,8,0,0,1,0,1,0,5,4,0,9,0,0,0,9
12/13/2010,COU,MO,ACE,CE,Federal Contract Tower,0,9,19,4,32,0,0,27,0,27,0,9,46,4,59,8,0,8,67
12/14/2010,COU,MO,ACE,CE,Federal Contract Tower,0,11,21,0,32,0,0,16,0,16,0,11,37,0,48,18,0,18,66
12/15/2010,COU,MO,ACE,CE,Federal Contract Tower,0,11,3,0,14,0,0,1,4,5,0,11,4,4,19,2,12,14,33
12/16/2010,COU,MO,ACE,CE,Federal Contract Tower,0,7,9,0,16,0,0,1,0,1,0,7,10,0,17,0,0,0,17
12/17/2010,COU,MO,ACE,CE,Federal Contract Tower,0,8,15,0,23,0,0,17,0,17,0,8,32,0,40,12,0,12,52
12/18/2010,COU,MO,ACE,CE,Federal Contract Tower,0,7,16,0,23,0,0,53,0,53,0,7,69,0,76,30,0,30,106
12/19/2010,COU,MO,ACE,CE,Federal Contract Tower,0,6,15,0,21,0,0,18,0,18,0,6,33,0,39,2,0,2,41
12/20/2010,COU,MO,ACE,CE,Federal Contract Tower,0,8,20,0,28,0,0,37,0,37,0,8,57,0,65,16,0,16,81
12/21/2010,COU,MO,ACE,CE,Federal Contract Tower,0,7,13,0,20,0,0,25,0,25,0,7,38,0,45,20,0,20,65
12/22/2010,COU,MO,ACE,CE,Federal Contract Tower,4,9,9,0,22,0,0,6,0,6,4,9,15,0,28,2,0,2,30
12/23/2010,COU,MO,ACE,CE,Federal Contract Tower,0,12,13,0,25,0,0,28,0,28,0,12,41,0,53,12,0,12,65
12/24/2010,COU,MO,ACE,CE,Federal Contract Tower,0,3,2,0,5,0,0,0,0,0,0,3,2,0,5,0,0,0,5
12/25/2010,COU,MO,ACE,CE,Federal Contract Tower,0,6,1,0,7,0,0,1,0,1,0,6,2,0,8,2,0,2,10
12/26/2010,COU,MO,ACE,CE,Federal Contract Tower,5,10,5,0,20,0,0,15,0,15,5,10,20,0,35,0,0,0,35
12/27/2010,COU,MO,ACE,CE,Federal Contract Tower,2,10,13,0,25,0,0,13,4,17,2,10,26,4,42,6,14,20,62
12/28/2010,COU,MO,ACE,CE,Federal Contract Tower,0,7,6,0,13,0,0,20,0,20,0,7,26,0,33,22,0,22,55
12/29/2010,COU,MO,ACE,CE,Federal Contract Tower,7,9,7,0,23,0,0,2,0,2,7,9,9,0,25,0,0,0,25
12/30/2010,COU,MO,ACE,CE,Federal Contract Tower,0,10,15,0,25,0,0,6,0,6,0,10,21,0,31,2,0,2,33
12/31/2010,COU,MO,ACE,CE,Federal Contract Tower,0,6,2,0,8,0,0,10,0,10,0,6,12,0,18,6,0,6,24
01/01/2011,COU,MO,ACE,CE,Federal Contract Tower,1,4,3,0,8,0,0,22,0,22,1,4,25,0,30,12,0,12,42
01/02/2011,COU,MO,ACE,CE,Federal Contract Tower,1,10,11,0,22,0,0,38,0,38,1,10,49,0,60,12,0,12,72
01/03/2011,COU,MO,ACE,CE,Federal Contract Tower,0,9,16,0,25,0,0,34,2,36,0,9,50,2,61,12,16,28,89
01/04/2011,COU,MO,ACE,CE,Federal Contract Tower,0,11,7,0,18,0,0,26,0,26,0,11,33,0,44,30,0,30,74
01/05/2011,COU,MO,ACE,CE,Federal Contract Tower,0,9,5,0,14,0,0,34,0,34,0,9,39,0,48,28,0,28,76
01/06/2011,COU,MO,ACE,CE,Federal Contract Tower,0,9,15,0,24,0,0,29,0,29,0,9,44,0,53,18,0,18,71
01/07/2011,COU,MO,ACE,CE,Federal Contract Tower,1,8,18,0,27,0,0,3,0,3,1,8,21,0,30,2,0,2,32
01/08/2011,COU,MO,ACE,CE,Federal Contract Tower,0,6,11,0,17,0,0,30,0,30,0,6,41,0,47,36,0,36,83
01/09/2011,COU,MO,ACE,CE,Federal Contract Tower,0,8,6,0,14,0,0,32,0,32,0,8,38,0,46,12,0,12,58
01/10/2011,COU,MO,ACE,CE,Federal Contract Tower,0,4,1,0,5,0,0,2,0,2,0,4,3,0,7,0,0,0,7
01/11/2011,COU,MO,ACE,CE,Federal Contract Tower,0,6,4,0,10,0,0,4,0,4,0,6,8,0,14,2,0,2,16
01/12/2011,COU,MO,ACE,CE,Federal Contract Tower,0,17,16,0,33,0,0,15,0,15,0,17,31,0,48,8,0,8,56
01/13/2011,COU,MO,ACE,CE,Federal Contract Tower,0,9,18,0,27,0,0,26,0,26,0,9,44,0,53,26,0,26,79
01/14/2011,COU,MO,ACE,CE,Federal Contract Tower,0,12,13,0,25,0,0,21,0,21,0,12,34,0,46,28,0,28,74
01/15/2011,COU,MO,ACE,CE,Federal Contract Tower,2,6,8,0,16,0,3,14,0,17,2,9,22,0,33,0,0,0,33
01/16/2011,COU,MO,ACE,CE,Federal Contract Tower,0,7,5,0,12,0,0,23,0,23,0,7,28,0,35,10,0,10,45
01/17/2011,COU,MO,ACE,CE,Federal Contract Tower,0,20,16,0,36,0,0,20,0,20,0,20,36,0,56,0,0,0,56
01/18/2011,COU,MO,ACE,CE,Federal Contract Tower,0,9,22,0,31,0,0,0,0,0,0,9,22,0,31,0,0,0,31
01/19/2011,COU,MO,ACE,CE,Federal Contract Tower,0,6,13,0,19,0,0,20,0,20,0,6,33,0,39,10,0,10,49
01/20/2011,COU,MO,ACE,CE,Federal Contract Tower,0,8,4,0,12,0,0,3,0,3,0,8,7,0,15,2,0,2,17
01/21/2011,COU,MO,ACE,CE,Federal Contract Tower,1,7,7,0,15,0,0,6,0,6,1,7,13,0,21,10,0,10,31
01/22/2011,COU,MO,ACE,CE,Federal Contract Tower,0,6,10,0,16,0,0,19,0,19,0,6,29,0,35,4,0,4,39
01/23/2011,COU,MO,ACE,CE,Federal Contract Tower,0,6,2,0,8,0,0,0,0,0,0,6,2,0,8,0,0,0,8
01/24/2011,COU,MO,ACE,CE,Federal Contract Tower,0,8,13,1,22,0,0,18,1,19,0,8,31,2,41,0,0,0,41
01/25/2011,COU,MO,ACE,CE,Federal Contract Tower,0,9,15,0,24,0,0,22,0,22,0,9,37,0,46,16,0,16,62
01/26/2011,COU,MO,ACE,CE,Federal Contract Tower,0,6,18,0,24,0,0,20,0,20,0,6,38,0,44,24,0,24,68
01/27/2011,COU,MO,ACE,CE,Federal Contract Tower,0,9,17,2,28,0,0,11,0,11,0,9,28,2,39,2,2,4,43
01/28/2011,COU,MO,ACE,CE,Federal Contract Tower,0,11,16,0,27,0,0,24,0,24,0,11,40,0,51,12,0,12,63
01/29/2011,COU,MO,ACE,CE,Federal Contract Tower,0,7,7,0,14,0,0,41,0,41,0,7,48,0,55,46,0,46,101
01/30/2011,COU,MO,ACE,CE,Federal Contract Tower,0,9,31,0,40,0,0,0,0,0,0,9,31,0,40,0,0,0,40
01/31/2011,COU,MO,ACE,CE,Federal Contract Tower,0,4,0,0,4,0,0,0,0,0,0,4,0,0,4,0,0,0,4
02/01/2011,COU,MO,ACE,CE,Federal Contract Tower,0,0,0,0,0,0,0,0,0,0,0,0,0,0,0,0,0,0,0
02/02/2011,COU,MO,ACE,CE,Federal Contract Tower,0,0,0,0,0,0,0,1,0,1,0,0,1,0,1,4,0,4,5
02/03/2011,COU,MO,ACE,CE,Federal Contract Tower,0,3,2,0,5,0,0,4,0,4,0,3,6,0,9,0,0,0,9
02/04/2011,COU,MO,ACE,CE,Federal Contract Tower,0,4,13,0,17,0,0,17,0,17,0,4,30,0,34,2,0,2,36
02/05/2011,COU,MO,ACE,CE,Federal Contract Tower,0,8,6,0,14,0,0,24,0,24,0,8,30,0,38,14,0,14,52
02/06/2011,COU,MO,ACE,CE,Federal Contract Tower,0,5,9,0,14,0,0,2,0,2,0,5,11,0,16,0,0,0,16
02/07/2011,COU,MO,ACE,CE,Federal Contract Tower,0,15,13,0,28,0,6,0,0,6,0,21,13,0,34,0,0,0,34
02/08/2011,COU,MO,ACE,CE,Federal Contract Tower,0,10,16,0,26,0,0,16,0,16,0,10,32,0,42,4,0,4,46
02/09/2011,COU,MO,ACE,CE,Federal Contract Tower,0,3,17,0,20,0,0,21,6,27,0,3,38,6,47,10,0,10,57
02/10/2011,COU,MO,ACE,CE,Federal Contract Tower,0,8,23,0,31,0,0,25,0,25,0,8,48,0,56,19,0,19,75
02/11/2011,COU,MO,ACE,CE,Federal Contract Tower,1,13,22,0,36,0,0,39,0,39,1,13,61,0,75,30,0,30,105
02/12/2011,COU,MO,ACE,CE,Federal Contract Tower,1,8,5,0,14,0,0,32,0,32,1,8,37,0,46,36,0,36,82
02/13/2011,COU,MO,ACE,CE,Federal Contract Tower,0,5,11,0,16,0,0,47,0,47,0,5,58,0,63,24,0,24,87
02/14/2011,COU,MO,ACE,CE,Federal Contract Tower,0,8,9,0,17,0,0,43,0,43,0,8,52,0,60,56,0,56,116
02/15/2011,COU,MO,ACE,CE,Federal Contract Tower,0,9,10,0,19,0,4,34,0,38,0,13,44,0,57,40,0,40,97
02/16/2011,COU,MO,ACE,CE,Federal Contract Tower,0,14,20,0,34,0,0,21,0,21,0,14,41,0,55,16,0,16,71
02/17/2011,COU,MO,ACE,CE,Federal Contract Tower,0,7,16,0,23,0,0,12,0,12,0,7,28,0,35,4,0,4,39
02/18/2011,COU,MO,ACE,CE,Federal Contract Tower,0,15,9,2,26,0,0,52,0,52,0,15,61,2,78,34,0,34,112
02/19/2011,COU,MO,ACE,CE,Federal Contract Tower,0,8,5,0,13,0,0,12,0,12,0,8,17,0,25,12,0,12,37
02/20/2011,COU,MO,ACE,CE,Federal Contract Tower,0,6,16,0,22,0,0,17,0,17,0,6,33,0,39,8,0,8,47
02/21/2011,COU,MO,ACE,CE,Federal Contract Tower,0,11,10,0,21,0,0,16,0,16,0,11,26,0,37,18,0,18,55
02/22/2011,COU,MO,ACE,CE,Federal Contract Tower,1,9,18,3,31,0,0,29,3,32,1,9,47,6,63,18,4,22,85
02/23/2011,COU,MO,ACE,CE,Federal Contract Tower,0,10,19,0,29,0,0,16,0,16,0,10,35,0,45,6,0,6,51
02/24/2011,COU,MO,ACE,CE,Federal Contract Tower,0,3,5,0,8,0,0,1,0,1,0,3,6,0,9,0,0,0,9
02/25/2011,COU,MO,ACE,CE,Federal Contract Tower,0,13,28,0,41,0,0,0,0,0,0,13,28,0,41,0,0,0,41
02/26/2011,COU,MO,ACE,CE,Federal Contract Tower,0,14,5,1,20,0,0,0,0,0,0,14,5,1,20,0,0,0,20
02/27/2011,COU,MO,ACE,CE,Federal Contract Tower,0,8,8,0,16,0,0,2,0,2,0,8,10,0,18,0,0,0,18
02/28/2011,COU,MO,ACE,CE,Federal Contract Tower,0,11,12,0,23,0,0,25,0,25,0,11,37,0,48,28,0,28,76
03/01/2011,COU,MO,ACE,CE,Federal Contract Tower,0,7,15,0,22,0,0,49,0,49,0,7,64,0,71,52,0,52,123
03/02/2011,COU,MO,ACE,CE,Federal Contract Tower,0,8,19,2,29,0,0,31,0,31,0,8,50,2,60,28,0,28,88
03/03/2011,COU,MO,ACE,CE,Federal Contract Tower,0,8,25,0,33,0,0,20,0,20,0,8,45,0,53,44,2,46,99
03/04/2011,COU,MO,ACE,CE,Federal Contract Tower,0,9,26,0,35,0,0,15,4,19,0,9,41,4,54,12,12,24,78
03/05/2011,COU,MO,ACE,CE,Federal Contract Tower,0,7,19,0,26,0,0,2,0,2,0,7,21,0,28,0,0,0,28
03/06/2011,COU,MO,ACE,CE,Federal Contract Tower,0,9,18,0,27,0,0,33,0,33,0,9,51,0,60,10,0,10,70
03/07/2011,COU,MO,ACE,CE,Federal Contract Tower,0,12,20,1,33,0,0,20,0,20,0,12,40,1,53,28,0,28,81
03/08/2011,COU,MO,ACE,CE,Federal Contract Tower,0,7,14,4,25,0,0,1,0,1,0,7,15,4,26,0,0,0,26
03/09/2011,COU,MO,ACE,CE,Federal Contract Tower,0,10,6,0,16,0,0,5,0,5,0,10,11,0,21,0,0,0,21
03/10/2011,COU,MO,ACE,CE,Federal Contract Tower,0,9,16,5,30,0,4,20,0,24,0,13,36,5,54,6,0,6,60
03/11/2011,COU,MO,ACE,CE,Federal Contract Tower,0,12,29,0,41,0,0,65,0,65,0,12,94,0,106,46,0,46,152
03/12/2011,COU,MO,ACE,CE,Federal Contract Tower,0,8,15,0,23,0,0,39,0,39,0,8,54,0,62,26,0,26,88
03/13/2011,COU,MO,ACE,CE,Federal Contract Tower,0,8,18,0,26,0,0,31,0,31,0,8,49,0,57,24,0,24,81
03/14/2011,COU,MO,ACE,CE,Federal Contract Tower,0,6,0,0,6,0,0,0,0,0,0,6,0,0,6,0,0,0,6
03/15/2011,COU,MO,ACE,CE,Federal Contract Tower,2,12,11,1,26,0,0,19,8,27,2,12,30,9,53,10,0,10,63
03/16/2011,COU,MO,ACE,CE,Federal Contract Tower,0,11,10,0,21,0,0,36,0,36,0,11,46,0,57,22,0,22,79
03/17/2011,COU,MO,ACE,CE,Federal Contract Tower,0,10,17,0,27,0,0,21,0,21,0,10,38,0,48,0,2,2,50
03/18/2011,COU,MO,ACE,CE,Federal Contract Tower,2,12,13,1,28,0,0,9,2,11,2,12,22,3,39,22,6,28,67
03/19/2011,COU,MO,ACE,CE,Federal Contract Tower,0,5,10,0,15,0,0,27,0,27,0,5,37,0,42,12,0,12,54
03/20/2011,COU,MO,ACE,CE,Federal Contract Tower,0,7,8,0,15,0,0,25,0,25,0,7,33,0,40,12,0,12,52
03/21/2011,COU,MO,ACE,CE,Federal Contract Tower,0,10,11,0,21,0,0,41,0,41,0,10,52,0,62,40,0,40,102
03/22/2011,COU,MO,ACE,CE,Federal Contract Tower,0,6,19,0,25,0,0,29,0,29,0,6,48,0,54,22,0,22,76
03/23/2011,COU,MO,ACE,CE,Federal Contract Tower,0,10,13,0,23,0,0,28,2,30,0,10,41,2,53,8,2,10,63
03/24/2011,COU,MO,ACE,CE,Federal Contract Tower,0,13,15,0,28,0,0,20,0,20,0,13,35,0,48,20,0,20,68
03/25/2011,COU,MO,ACE,CE,Federal Contract Tower,0,17,7,0,24,0,0,0,0,0,0,17,7,0,24,2,0,2,26
03/26/2011,COU,MO,ACE,CE,Federal Contract Tower,0,7,1,0,8,0,0,2,0,2,0,7,3,0,10,0,0,0,10
03/27/2011,COU,MO,ACE,CE,Federal Contract Tower,0,5,4,0,9,0,0,23,0,23,0,5,27,0,32,36,0,36,68
03/28/2011,COU,MO,ACE,CE,Federal Contract Tower,0,11,18,0,29,0,0,27,0,27,0,11,45,0,56,20,0,20,76
03/29/2011,COU,MO,ACE,CE,Federal Contract Tower,0,6,11,0,17,0,0,5,1,6,0,6,16,1,23,10,2,12,35
03/30/2011,COU,MO,ACE,CE,Federal Contract Tower,0,9,14,2,25,0,0,36,0,36,0,9,50,2,61,30,8,38,99
03/31/2011,COU,MO,ACE,CE,Federal Contract Tower,0,7,21,0,28,0,0,28,2,30,0,7,49,2,58,22,0,22,80
04/01/2011,COU,MO,ACE,CE,Federal Contract Tower,0,8,15,0,23,0,0,21,0,21,0,8,36,0,44,8,0,8,52
04/02/2011,COU,MO,ACE,CE,Federal Contract Tower,0,4,12,0,16,0,0,41,0,41,0,4,53,0,57,37,0,37,94
04/03/2011,COU,MO,ACE,CE,Federal Contract Tower,0,7,14,0,21,0,0,7,0,7,0,7,21,0,28,0,0,0,28
04/04/2011,COU,MO,ACE,CE,Federal Contract Tower,0,14,10,1,25,0,0,0,0,0,0,14,10,1,25,0,0,0,25
04/05/2011,COU,MO,ACE,CE,Federal Contract Tower,0,8,11,0,19,0,0,37,0,37,0,8,48,0,56,8,0,8,64
04/06/2011,COU,MO,ACE,CE,Federal Contract Tower,0,8,9,4,21,0,0,39,2,41,0,8,48,6,62,40,10,50,112
04/07/2011,COU,MO,ACE,CE,Federal Contract Tower,0,10,18,0,28,0,0,32,0,32,0,10,50,0,60,28,0,28,88
04/08/2011,COU,MO,ACE,CE,Federal Contract Tower,0,9,23,0,32,0,0,23,0,23,0,9,46,0,55,14,0,14,69
04/09/2011,COU,MO,ACE,CE,Federal Contract Tower,0,5,13,1,19,0,0,31,0,31,0,5,44,1,50,26,0,26,76
04/10/2011,COU,MO,ACE,CE,Federal Contract Tower,0,10,11,0,21,0,0,28,0,28,0,10,39,0,49,14,0,14,63
04/11/2011,COU,MO,ACE,CE,Federal Contract Tower,0,12,11,0,23,0,0,35,0,35,0,12,46,0,58,20,0,20,78
04/12/2011,COU,MO,ACE,CE,Federal Contract Tower,0,10,17,0,27,0,0,41,4,45,0,10,58,4,72,50,0,50,122
04/13/2011,COU,MO,ACE,CE,Federal Contract Tower,0,8,15,0,23,0,0,35,0,35,0,8,50,0,58,22,0,22,80
04/14/2011,COU,MO,ACE,CE,Federal Contract Tower,0,9,13,2,24,0,0,14,3,17,0,9,27,5,41,0,2,2,43
04/15/2011,COU,MO,ACE,CE,Federal Contract Tower,0,12,15,0,27,0,0,0,0,0,0,12,15,0,27,0,0,0,27
04/16/2011,COU,MO,ACE,CE,Federal Contract Tower,0,5,5,0,10,0,0,12,0,12,0,5,17,0,22,0,0,0,22
04/17/2011,COU,MO,ACE,CE,Federal Contract Tower,0,9,18,18,45,0,0,48,0,48,0,9,66,18,93,26,0,26,119
04/18/2011,COU,MO,ACE,CE,Federal Contract Tower,0,9,17,0,26,0,0,27,0,27,0,9,44,0,53,18,0,18,71
04/19/2011,COU,MO,ACE,CE,Federal Contract Tower,0,7,13,0,20,0,0,5,0,5,0,7,18,0,25,0,0,0,25
04/20/2011,COU,MO,ACE,CE,Federal Contract Tower,0,7,31,0,38,0,0,22,0,22,0,7,53,0,60,12,2,14,74
04/21/2011,COU,MO,ACE,CE,Federal Contract Tower,0,5,19,0,24,0,1,12,0,13,0,6,31,0,37,10,0,10,47
04/22/2011,COU,MO,ACE,CE,Federal Contract Tower,0,11,9,0,20,0,0,2,0,2,0,11,11,0,22,4,0,4,26
04/23/2011,COU,MO,ACE,CE,Federal Contract Tower,0,4,8,0,12,0,0,28,0,28,0,4,36,0,40,16,0,16,56
04/24/2011,COU,MO,ACE,CE,Federal Contract Tower,0,7,10,0,17,0,0,8,0,8,0,7,18,0,25,2,0,2,27
04/25/2011,COU,MO,ACE,CE,Federal Contract Tower,0,9,1,0,10,0,0,0,0,0,0,9,1,0,10,0,0,0,10
04/26/2011,COU,MO,ACE,CE,Federal Contract Tower,0,12,27,0,39,0,0,18,2,20,0,12,45,2,59,28,0,28,87
04/27/2011,COU,MO,ACE,CE,Federal Contract Tower,0,10,25,0,35,0,0,11,0,11,0,10,36,0,46,0,0,0,46
04/28/2011,COU,MO,ACE,CE,Federal Contract Tower,0,11,22,0,33,0,0,24,0,24,0,11,46,0,57,6,0,6,63
04/29/2011,COU,MO,ACE,CE,Federal Contract Tower,0,9,24,0,33,0,0,36,0,36,0,9,60,0,69,42,0,42,111
04/30/2011,COU,MO,ACE,CE,Federal Contract Tower,0,6,12,0,18,0,0,26,0,26,0,6,38,0,44,12,0,12,56
05/01/2011,COU,MO,ACE,CE,Federal Contract Tower,2,7,12,0,21,0,0,24,0,24,2,7,36,0,45,12,0,12,57
05/02/2011,COU,MO,ACE,CE,Federal Contract Tower,0,14,3,10,27,0,0,30,1,31,0,14,33,11,58,24,6,30,88
05/03/2011,COU,MO,ACE,CE,Federal Contract Tower,0,11,19,0,30,0,0,32,0,32,0,11,51,0,62,24,0,24,86
05/04/2011,COU,MO,ACE,CE,Federal Contract Tower,0,7,7,0,14,0,0,29,0,29,0,7,36,0,43,22,1,23,66
05/05/2011,COU,MO,ACE,CE,Federal Contract Tower,0,8,9,0,17,0,0,2,0,2,0,8,11,0,19,2,0,2,21
05/06/2011,COU,MO,ACE,CE,Federal Contract Tower,0,9,10,0,19,0,0,55,0,55,0,9,65,0,74,10,0,10,84
05/07/2011,COU,MO,ACE,CE,Federal Contract Tower,0,13,14,0,27,0,7,32,0,39,0,20,46,0,66,18,0,18,84
05/08/2011,COU,MO,ACE,CE,Federal Contract Tower,0,6,6,0,12,0,0,33,0,33,0,6,39,0,45,12,0,12,57
05/09/2011,COU,MO,ACE,CE,Federal Contract Tower,0,18,12,0,30,0,0,24,0,24,0,18,36,0,54,12,0,12,66
05/10/2011,COU,MO,ACE,CE,Federal Contract Tower,0,11,16,0,27,0,0,18,4,22,0,11,34,4,49,18,0,18,67
05/11/2011,COU,MO,ACE,CE,Federal Contract Tower,0,8,15,0,23,0,0,27,0,27,0,8,42,0,50,34,0,34,84
05/12/2011,COU,MO,ACE,CE,Federal Contract Tower,0,8,20,0,28,0,0,11,2,13,0,8,31,2,41,10,0,10,51
05/13/2011,COU,MO,ACE,CE,Federal Contract Tower,0,12,21,0,33,0,0,0,0,0,0,12,21,0,33,8,0,8,41
05/14/2011,COU,MO,ACE,CE,Federal Contract Tower,0,6,6,0,12,0,0,10,0,10,0,6,16,0,22,10,0,10,32
05/15/2011,COU,MO,ACE,CE,Federal Contract Tower,1,8,24,0,33,0,0,0,0,0,1,8,24,0,33,0,0,0,33
05/16/2011,COU,MO,ACE,CE,Federal Contract Tower,0,16,8,0,24,0,0,30,0,30,0,16,38,0,54,42,0,42,96
05/17/2011,COU,MO,ACE,CE,Federal Contract Tower,0,7,13,0,20,0,1,50,2,53,0,8,63,2,73,34,16,50,123
05/18/2011,COU,MO,ACE,CE,Federal Contract Tower,0,10,14,3,27,0,0,20,0,20,0,10,34,3,47,6,0,6,53
05/19/2011,COU,MO,ACE,CE,Federal Contract Tower,0,9,11,2,22,0,0,2,4,6,0,9,13,6,28,0,0,0,28
05/20/2011,COU,MO,ACE,CE,Federal Contract Tower,0,9,20,2,31,0,0,7,0,7,0,9,27,2,38,2,0,2,40
05/21/2011,COU,MO,ACE,CE,Federal Contract Tower,0,8,3,0,11,0,0,20,2,22,0,8,23,2,33,10,4,14,47
05/22/2011,COU,MO,ACE,CE,Federal Contract Tower,0,6,4,3,13,0,0,20,0,20,0,6,24,3,33,30,0,30,63
05/23/2011,COU,MO,ACE,CE,Federal Contract Tower,0,13,8,0,21,0,0,28,0,28,0,13,36,0,49,8,0,8,57
05/24/2011,COU,MO,ACE,CE,Federal Contract Tower,0,7,13,0,20,0,0,17,7,24,0,7,30,7,44,16,0,16,60
05/25/2011,COU,MO,ACE,CE,Federal Contract Tower,0,6,6,0,12,0,0,11,0,11,0,6,17,0,23,0,0,0,23
05/26/2011,COU,MO,ACE,CE,Federal Contract Tower,0,10,19,4,33,0,1,26,13,40,0,11,45,17,73,4,20,24,97
05/27/2011,COU,MO,ACE,CE,Federal Contract Tower,0,9,17,11,37,0,0,77,27,104,0,9,94,38,141,42,22,64,205
05/28/2011,COU,MO,ACE,CE,Federal Contract Tower,0,6,1,0,7,0,0,16,14,30,0,6,17,14,37,114,12,126,163
05/29/2011,COU,MO,ACE,CE,Federal Contract Tower,0,3,6,0,9,0,0,35,15,50,0,3,41,15,59,50,18,68,127
05/30/2011,COU,MO,ACE,CE,Federal Contract Tower,0,9,7,1,17,0,0,24,11,35,0,9,31,12,52,16,6,22,74
05/31/2011,COU,MO,ACE,CE,Federal Contract Tower,0,9,13,3,25,0,0,22,1,23,0,9,35,4,48,16,0,16,64
06/01/2011,COU,MO,ACE,CE,Federal Contract Tower,0,15,14,0,29,0,0,24,0,24,0,15,38,0,53,28,0,28,81
06/02/2011,COU,MO,ACE,CE,Federal Contract Tower,0,7,18,2,27,0,0,20,0,20,0,7,38,2,47,18,0,18,65
06/03/2011,COU,MO,ACE,CE,Federal Contract Tower,0,9,19,0,28,0,0,36,2,38,0,9,55,2,66,10,8,18,84
06/04/2011,COU,MO,ACE,CE,Federal Contract Tower,0,5,5,0,10,0,0,29,0,29,0,5,34,0,39,18,0,18,57
06/05/2011,COU,MO,ACE,CE,Federal Contract Tower,2,5,8,0,15,0,0,35,0,35,2,5,43,0,50,44,0,44,94
06/06/2011,COU,MO,ACE,CE,Federal Contract Tower,0,9,12,0,21,0,0,32,0,32,0,9,44,0,53,24,0,24,77
06/07/2011,COU,MO,ACE,CE,Federal Contract Tower,0,9,18,2,29,0,0,23,4,27,0,9,41,6,56,28,24,52,108
06/08/2011,COU,MO,ACE,CE,Federal Contract Tower,0,11,13,6,30,0,0,23,3,26,0,11,36,9,56,20,4,24,80
06/09/2011,COU,MO,ACE,CE,Federal Contract Tower,0,7,12,0,19,0,0,15,0,15,0,7,27,0,34,16,0,16,50
06/10/2011,COU,MO,ACE,CE,Federal Contract Tower,0,6,15,0,21,0,0,10,0,10,0,6,25,0,31,14,0,14,45
06/11/2011,COU,MO,ACE,CE,Federal Contract Tower,0,3,23,0,26,0,0,7,0,7,0,3,30,0,33,14,2,16,49
06/12/2011,COU,MO,ACE,CE,Federal Contract Tower,0,7,15,0,22,0,0,16,0,16,0,7,31,0,38,10,0,10,48
06/13/2011,COU,MO,ACE,CE,Federal Contract Tower,0,10,9,2,21,0,0,22,0,22,0,10,31,2,43,26,0,26,69
06/14/2011,COU,MO,ACE,CE,Federal Contract Tower,0,8,16,0,24,0,0,21,0,21,0,8,37,0,45,42,0,42,87
06/15/2011,COU,MO,ACE,CE,Federal Contract Tower,0,10,18,4,32,0,6,24,3,33,0,16,42,7,65,60,2,62,127
06/16/2011,COU,MO,ACE,CE,Federal Contract Tower,0,6,25,0,31,0,0,35,0,35,0,6,60,0,66,10,0,10,76
06/17/2011,COU,MO,ACE,CE,Federal Contract Tower,0,7,20,0,27,0,0,17,0,17,0,7,37,0,44,6,0,6,50
06/18/2011,COU,MO,ACE,CE,Federal Contract Tower,0,3,9,0,12,0,0,23,0,23,0,3,32,0,35,24,0,24,59
06/19/2011,COU,MO,ACE,CE,Federal Contract Tower,0,8,10,0,18,0,0,39,1,40,0,8,49,1,58,22,8,30,88
06/20/2011,COU,MO,ACE,CE,Federal Contract Tower,0,10,11,0,21,0,0,36,0,36,0,10,47,0,57,18,0,18,75
06/21/2011,COU,MO,ACE,CE,Federal Contract Tower,0,8,18,0,26,0,0,21,1,22,0,8,39,1,48,10,10,20,68
06/22/2011,COU,MO,ACE,CE,Federal Contract Tower,0,7,17,0,24,0,0,17,2,19,0,7,34,2,43,4,4,8,51
06/23/2011,COU,MO,ACE,CE,Federal Contract Tower,0,8,12,2,22,0,0,34,1,35,0,8,46,3,57,26,0,26,83
06/24/2011,COU,MO,ACE,CE,Federal Contract Tower,0,11,18,0,29,0,0,16,2,18,0,11,34,2,47,0,2,2,49
06/25/2011,COU,MO,ACE,CE,Federal Contract Tower,0,3,6,0,9,0,0,60,0,60,0,3,66,0,69,2,0,2,71
06/26/2011,COU,MO,ACE,CE,Federal Contract Tower,0,8,18,0,26,0,0,26,0,26,0,8,44,0,52,12,0,12,64
06/27/2011,COU,MO,ACE,CE,Federal Contract Tower,0,9,16,0,25,0,0,10,0,10,0,9,26,0,35,22,0,22,57
06/28/2011,COU,MO,ACE,CE,Federal Contract Tower,0,7,19,0,26,0,0,19,2,21,0,7,38,2,47,14,2,16,63
06/29/2011,COU,MO,ACE,CE,Federal Contract Tower,0,7,24,0,31,0,2,21,0,23,0,9,45,0,54,38,0,38,92
06/30/2011,COU,MO,ACE,CE,Federal Contract Tower,0,10,12,0,22,0,0,19,4,23,0,10,31,4,45,18,0,18,63
07/01/2011,COU,MO,ACE,CE,Federal Contract Tower,0,12,12,0,24,0,0,27,0,27,0,12,39,0,51,22,0,22,73
07/02/2011,COU,MO,ACE,CE,Federal Contract Tower,0,3,8,0,11,0,0,30,0,30,0,3,38,0,41,24,0,24,65
07/03/2011,COU,MO,ACE,CE,Federal Contract Tower,0,3,5,0,8,0,0,15,0,15,0,3,20,0,23,12,0,12,35
07/04/2011,COU,MO,ACE,CE,Federal Contract Tower,0,9,12,0,21,0,0,27,2,29,0,9,39,2,50,12,0,12,62
07/05/2011,COU,MO,ACE,CE,Federal Contract Tower,0,10,14,0,24,0,0,12,0,12,0,10,26,0,36,16,0,16,52
07/06/2011,COU,MO,ACE,CE,Federal Contract Tower,0,9,17,0,26,0,0,27,0,27,0,9,44,0,53,22,0,22,75
07/07/2011,COU,MO,ACE,CE,Federal Contract Tower,0,11,13,0,24,0,0,10,0,10,0,11,23,0,34,4,0,4,38
07/08/2011,COU,MO,ACE,CE,Federal Contract Tower,0,7,15,0,22,0,0,21,0,21,0,7,36,0,43,4,0,4,47
07/09/2011,COU,MO,ACE,CE,Federal Contract Tower,0,3,9,0,12,0,0,34,0,34,0,3,43,0,46,16,0,16,62
07/10/2011,COU,MO,ACE,CE,Federal Contract Tower,0,5,9,0,14,0,0,28,0,28,0,5,37,0,42,34,0,34,76
07/11/2011,COU,MO,ACE,CE,Federal Contract Tower,0,9,6,0,15,0,0,27,0,27,0,9,33,0,42,30,0,30,72
07/12/2011,COU,MO,ACE,CE,Federal Contract Tower,0,10,18,0,28,0,0,31,0,31,0,10,49,0,59,24,0,24,83
07/13/2011,COU,MO,ACE,CE,Federal Contract Tower,0,10,25,0,35,0,0,14,0,14,0,10,39,0,49,26,0,26,75
07/14/2011,COU,MO,ACE,CE,Federal Contract Tower,0,6,13,0,19,0,1,19,0,20,0,7,32,0,39,34,0,34,73
07/15/2011,COU,MO,ACE,CE,Federal Contract Tower,0,7,12,10,29,0,0,28,2,30,0,7,40,12,59,32,6,38,97
07/16/2011,COU,MO,ACE,CE,Federal Contract Tower,0,3,8,0,11,0,0,26,0,26,0,3,34,0,37,14,0,14,51
07/17/2011,COU,MO,ACE,CE,Federal Contract Tower,0,5,16,0,21,0,0,32,0,32,0,5,48,0,53,26,0,26,79
07/18/2011,COU,MO,ACE,CE,Federal Contract Tower,0,10,11,3,24,0,0,22,2,24,0,10,33,5,48,26,0,26,74
07/19/2011,COU,MO,ACE,CE,Federal Contract Tower,0,10,5,0,15,0,0,25,2,27,0,10,30,2,42,36,12,48,90
07/20/2011,COU,MO,ACE,CE,Federal Contract Tower,0,7,15,1,23,0,0,18,2,20,0,7,33,3,43,56,22,78,121
07/21/2011,COU,MO,ACE,CE,Federal Contract Tower,0,8,21,0,29,0,0,26,0,26,0,8,47,0,55,26,0,26,81
07/22/2011,COU,MO,ACE,CE,Federal Contract Tower,0,12,13,2,27,0,0,33,0,33,0,12,46,2,60,6,0,6,66
07/23/2011,COU,MO,ACE,CE,Federal Contract Tower,0,4,5,0,9,0,0,43,0,43,0,4,48,0,52,0,2,2,54
07/24/2011,COU,MO,ACE,CE,Federal Contract Tower,0,8,13,0,21,0,0,37,0,37,0,8,50,0,58,58,0,58,116
07/25/2011,COU,MO,ACE,CE,Federal Contract Tower,0,9,15,0,24,0,0,24,0,24,0,9,39,0,48,30,0,30,78
07/26/2011,COU,MO,ACE,CE,Federal Contract Tower,0,6,19,0,25,0,0,30,0,30,0,6,49,0,55,34,0,34,89
07/27/2011,COU,MO,ACE,CE,Federal Contract Tower,0,8,7,0,15,0,0,23,2,25,0,8,30,2,40,34,6,40,80
07/28/2011,COU,MO,ACE,CE,Federal Contract Tower,0,7,30,0,37,0,0,25,0,25,0,7,55,0,62,14,0,14,76
07/29/2011,COU,MO,ACE,CE,Federal Contract Tower,0,8,20,2,30,0,1,15,0,16,0,9,35,2,46,10,2,12,58
07/30/2011,COU,MO,ACE,CE,Federal Contract Tower,0,5,11,0,16,0,0,15,0,15,0,5,26,0,31,14,0,14,45
07/31/2011,COU,MO,ACE,CE,Federal Contract Tower,0,7,3,0,10,0,0,28,0,28,0,7,31,0,38,24,0,24,62
08/01/2011,COU,MO,ACE,CE,Federal Contract Tower,0,10,19,0,29,0,0,34,0,34,0,10,53,0,63,28,0,28,91
08/02/2011,COU,MO,ACE,CE,Federal Contract Tower,0,7,19,0,26,0,0,22,0,22,0,7,41,0,48,16,0,16,64
08/03/2011,COU,MO,ACE,CE,Federal Contract Tower,0,5,16,0,21,0,0,12,1,13,0,5,28,1,34,14,0,14,48
08/04/2011,COU,MO,ACE,CE,Federal Contract Tower,0,5,11,0,16,0,2,15,1,18,0,7,26,1,34,16,0,16,50
08/05/2011,COU,MO,ACE,CE,Federal Contract Tower,0,7,15,0,22,0,0,24,0,24,0,7,39,0,46,22,0,22,68
08/06/2011,COU,MO,ACE,CE,Federal Contract Tower,0,4,6,0,10,0,0,14,0,14,0,4,20,0,24,8,0,8,32
08/07/2011,COU,MO,ACE,CE,Federal Contract Tower,0,9,12,23,44,0,0,26,0,26,0,9,38,23,70,22,18,40,110
08/08/2011,COU,MO,ACE,CE,Federal Contract Tower,0,9,12,0,21,0,0,9,0,9,0,9,21,0,30,10,0,10,40
08/09/2011,COU,MO,ACE,CE,Federal Contract Tower,0,7,31,4,42,0,0,26,0,26,0,7,57,4,68,32,0,32,100
08/10/2011,COU,MO,ACE,CE,Federal Contract Tower,0,12,22,0,34,0,0,17,0,17,0,12,39,0,51,12,0,12,63
08/11/2011,COU,MO,ACE,CE,Federal Contract Tower,0,9,21,1,31,0,0,25,4,29,0,9,46,5,60,20,2,22,82
08/12/2011,COU,MO,ACE,CE,Federal Contract Tower,0,9,7,1,17,0,0,14,1,15,0,9,21,2,32,8,6,14,46
08/13/2011,COU,MO,ACE,CE,Federal Contract Tower,0,3,9,1,13,0,0,20,2,22,0,3,29,3,35,8,8,16,51
08/14/2011,COU,MO,ACE,CE,Federal Contract Tower,0,7,15,0,22,0,0,35,0,35,0,7,50,0,57,12,0,12,69
08/15/2011,COU,MO,ACE,CE,Federal Contract Tower,0,9,14,2,25,0,1,33,0,34,0,10,47,2,59,22,0,22,81
08/16/2011,COU,MO,ACE,CE,Federal Contract Tower,0,12,20,0,32,0,0,3,0,3,0,12,23,0,35,4,0,4,39
08/17/2011,COU,MO,ACE,CE,Federal Contract Tower,0,9,15,0,24,0,0,16,0,16,0,9,31,0,40,12,0,12,52
08/18/2011,COU,MO,ACE,CE,Federal Contract Tower,0,6,29,0,35,0,0,30,0,30,0,6,59,0,65,28,0,28,93
08/19/2011,COU,MO,ACE,CE,Federal Contract Tower,0,7,16,0,23,0,0,29,0,29,0,7,45,0,52,32,2,34,86
08/20/2011,COU,MO,ACE,CE,Federal Contract Tower,0,4,11,0,15,0,0,19,0,19,0,4,30,0,34,14,0,14,48
08/21/2011,COU,MO,ACE,CE,Federal Contract Tower,0,5,12,30,47,0,0,33,4,37,0,5,45,34,84,16,16,32,116
08/22/2011,COU,MO,ACE,CE,Federal Contract Tower,0,11,16,0,27,0,0,21,0,21,0,11,37,0,48,12,0,12,60
08/23/2011,COU,MO,ACE,CE,Federal Contract Tower,0,9,19,3,31,0,0,25,2,27,0,9,44,5,58,40,0,40,98
08/24/2011,COU,MO,ACE,CE,Federal Contract Tower,0,8,16,0,24,0,0,18,0,18,0,8,34,0,42,20,0,20,62
08/25/2011,COU,MO,ACE,CE,Federal Contract Tower,0,7,24,0,31,0,0,29,0,29,0,7,53,0,60,24,0,24,84
08/26/2011,COU,MO,ACE,CE,Federal Contract Tower,0,10,23,6,39,0,0,36,2,38,0,10,59,8,77,14,4,18,95
08/27/2011,COU,MO,ACE,CE,Federal Contract Tower,0,5,8,8,21,0,0,41,0,41,0,5,49,8,62,46,4,50,112
08/28/2011,COU,MO,ACE,CE,Federal Contract Tower,0,5,19,14,38,0,0,31,4,35,0,5,50,18,73,10,20,30,103
08/29/2011,COU,MO,ACE,CE,Federal Contract Tower,0,8,14,0,22,0,0,31,0,31,0,8,45,0,53,34,0,34,87
08/30/2011,COU,MO,ACE,CE,Federal Contract Tower,0,4,20,1,25,0,0,24,0,24,0,4,44,1,49,14,0,14,63
08/31/2011,COU,MO,ACE,CE,Federal Contract Tower,0,7,17,1,25,0,0,32,2,34,0,7,49,3,59,16,4,20,79
09/01/2011,COU,MO,ACE,CE,Federal Contract Tower,0,9,23,0,32,0,0,41,1,42,0,9,64,1,74,30,2,32,106
09/02/2011,COU,MO,ACE,CE,Federal Contract Tower,1,13,19,0,33,0,0,28,0,28,1,13,47,0,61,18,0,18,79
09/03/2011,COU,MO,ACE,CE,Federal Contract Tower,3,5,11,0,19,0,0,28,0,28,3,5,39,0,47,12,0,12,59
09/04/2011,COU,MO,ACE,CE,Federal Contract Tower,0,7,8,0,15,0,0,19,0,19,0,7,27,0,34,2,0,2,36
09/05/2011,COU,MO,ACE,CE,Federal Contract Tower,0,13,5,0,18,0,0,36,0,36,0,13,41,0,54,24,0,24,78
09/06/2011,COU,MO,ACE,CE,Federal Contract Tower,0,7,21,0,28,0,0,21,2,23,0,7,42,2,51,10,12,22,73
09/07/2011,COU,MO,ACE,CE,Federal Contract Tower,0,9,9,0,18,0,0,25,0,25,0,9,34,0,43,20,2,22,65
09/08/2011,COU,MO,ACE,CE,Federal Contract Tower,2,9,18,0,29,0,0,22,0,22,2,9,40,0,51,16,0,16,67
09/09/2011,COU,MO,ACE,CE,Federal Contract Tower,0,12,22,14,48,0,0,20,0,20,0,12,42,14,68,4,8,12,80
09/10/2011,COU,MO,ACE,CE,Federal Contract Tower,1,4,6,1,12,0,0,24,1,25,1,4,30,2,37,14,0,14,51
09/11/2011,COU,MO,ACE,CE,Federal Contract Tower,0,8,17,1,26,0,0,43,0,43,0,8,60,1,69,26,0,26,95
09/12/2011,COU,MO,ACE,CE,Federal Contract Tower,0,12,12,0,24,0,0,26,0,26,0,12,38,0,50,20,0,20,70
09/13/2011,COU,MO,ACE,CE,Federal Contract Tower,0,13,19,0,32,0,0,31,0,31,0,13,50,0,63,10,0,10,73
09/14/2011,COU,MO,ACE,CE,Federal Contract Tower,0,8,24,0,32,0,0,16,0,16,0,8,40,0,48,24,0,24,72
09/15/2011,COU,MO,ACE,CE,Federal Contract Tower,0,13,13,0,26,0,0,27,0,27,0,13,40,0,53,30,0,30,83
09/16/2011,COU,MO,ACE,CE,Federal Contract Tower,0,9,22,0,31,0,0,28,2,30,0,9,50,2,61,16,0,16,77
09/17/2011,COU,MO,ACE,CE,Federal Contract Tower,0,5,10,1,16,0,0,11,0,11,0,5,21,1,27,2,0,2,29
09/18/2011,COU,MO,ACE,CE,Federal Contract Tower,0,7,16,0,23,0,0,6,0,6,0,7,22,0,29,2,0,2,31
09/19/2011,COU,MO,ACE,CE,Federal Contract Tower,0,7,20,0,27,0,0,9,0,9,0,7,29,0,36,2,0,2,38
09/20/2011,COU,MO,ACE,CE,Federal Contract Tower,0,11,13,0,24,0,0,29,0,29,0,11,42,0,53,4,0,4,57
09/21/2011,COU,MO,ACE,CE,Federal Contract Tower,0,14,12,0,26,0,1,19,0,20,0,15,31,0,46,10,2,12,58
09/22/2011,COU,MO,ACE,CE,Federal Contract Tower,0,9,6,0,15,0,1,19,0,20,0,10,25,0,35,22,0,22,57
09/23/2011,COU,MO,ACE,CE,Federal Contract Tower,2,12,18,13,45,0,0,22,3,25,2,12,40,16,70,20,24,44,114
09/24/2011,COU,MO,ACE,CE,Federal Contract Tower,0,7,21,0,28,0,4,34,0,38,0,11,55,0,66,26,0,26,92
09/25/2011,COU,MO,ACE,CE,Federal Contract Tower,0,8,13,0,21,0,0,37,0,37,0,8,50,0,58,18,0,18,76
09/26/2011,COU,MO,ACE,CE,Federal Contract Tower,0,12,13,0,25,0,1,23,0,24,0,13,36,0,49,8,0,8,57
09/27/2011,COU,MO,ACE,CE,Federal Contract Tower,0,12,18,0,30,0,0,26,0,26,0,12,44,0,56,20,4,24,80
09/28/2011,COU,MO,ACE,CE,Federal Contract Tower,0,8,20,0,28,0,0,26,0,26,0,8,46,0,54,18,0,18,72
09/29/2011,COU,MO,ACE,CE,Federal Contract Tower,2,8,19,4,33,0,0,30,0,30,2,8,49,4,63,30,0,30,93
09/30/2011,COU,MO,ACE,CE,Federal Contract Tower,0,10,22,0,32,0,0,30,2,32,0,10,52,2,64,22,0,22,86
10/01/2011,COU,MO,ACE,CE,Federal Contract Tower,0,5,16,0,21,0,0,48,2,50,0,5,64,2,71,32,0,32,103
10/02/2011,COU,MO,ACE,CE,Federal Contract Tower,0,7,17,0,24,0,0,24,0,24,0,7,41,0,48,22,0,22,70
10/03/2011,COU,MO,ACE,CE,Federal Contract Tower,0,9,7,0,16,0,1,23,0,24,0,10,30,0,40,8,0,8,48
10/04/2011,COU,MO,ACE,CE,Federal Contract Tower,0,15,9,0,24,0,0,22,0,22,0,15,31,0,46,22,0,22,68
10/05/2011,COU,MO,ACE,CE,Federal Contract Tower,0,8,18,0,26,0,0,25,0,25,0,8,43,0,51,16,0,16,67
10/06/2011,COU,MO,ACE,CE,Federal Contract Tower,0,12,29,4,45,0,2,49,8,59,0,14,78,12,104,34,0,34,138
10/07/2011,COU,MO,ACE,CE,Federal Contract Tower,2,10,27,20,59,0,0,41,7,48,2,10,68,27,107,14,24,38,145
10/08/2011,COU,MO,ACE,CE,Federal Contract Tower,1,8,4,0,13,0,0,34,0,34,1,8,38,0,47,8,0,8,55
10/09/2011,COU,MO,ACE,CE,Federal Contract Tower,0,8,15,0,23,0,0,39,0,39,0,8,54,0,62,26,0,26,88
10/10/2011,COU,MO,ACE,CE,Federal Contract Tower,0,11,18,0,29,0,0,27,0,27,0,11,45,0,56,30,0,30,86
10/11/2011,COU,MO,ACE,CE,Federal Contract Tower,0,7,26,0,33,0,0,23,0,23,0,7,49,0,56,22,0,22,78
10/12/2011,COU,MO,ACE,CE,Federal Contract Tower,0,10,22,0,32,0,0,17,3,20,0,10,39,3,52,14,10,24,76
10/13/2011,COU,MO,ACE,CE,Federal Contract Tower,0,8,24,0,32,0,0,29,2,31,0,8,53,2,63,12,6,18,81
10/14/2011,COU,MO,ACE,CE,Federal Contract Tower,1,10,20,0,31,0,0,22,0,22,1,10,42,0,53,12,0,12,65
10/15/2011,COU,MO,ACE,CE,Federal Contract Tower,0,10,15,0,25,0,2,30,0,32,0,12,45,0,57,22,0,22,79
10/16/2011,COU,MO,ACE,CE,Federal Contract Tower,0,13,8,0,21,0,0,20,0,20,0,13,28,0,41,4,0,4,45
10/17/2011,COU,MO,ACE,CE,Federal Contract Tower,0,11,11,0,22,0,0,13,0,13,0,11,24,0,35,2,0,2,37
10/18/2011,COU,MO,ACE,CE,Federal Contract Tower,0,13,14,0,27,0,0,19,4,23,0,13,33,4,50,2,8,10,60
10/19/2011,COU,MO,ACE,CE,Federal Contract Tower,0,13,17,0,30,0,0,11,0,11,0,13,28,0,41,30,0,30,71
10/20/2011,COU,MO,ACE,CE,Federal Contract Tower,0,10,19,0,29,0,1,33,0,34,0,11,52,0,63,16,0,16,79
10/21/2011,COU,MO,ACE,CE,Federal Contract Tower,2,15,34,0,51,0,0,63,0,63,2,15,97,0,114,44,0,44,158
10/22/2011,COU,MO,ACE,CE,Federal Contract Tower,2,11,28,0,41,0,0,55,0,55,2,11,83,0,96,20,0,20,116
10/23/2011,COU,MO,ACE,CE,Federal Contract Tower,0,8,23,0,31,0,0,41,0,41,0,8,64,0,72,44,0,44,116
10/24/2011,COU,MO,ACE,CE,Federal Contract Tower,0,18,20,0,38,0,0,28,0,28,0,18,48,0,66,20,0,20,86
10/25/2011,COU,MO,ACE,CE,Federal Contract Tower,0,11,21,2,34,0,0,4,0,4,0,11,25,2,38,6,2,8,46
10/26/2011,COU,MO,ACE,CE,Federal Contract Tower,0,12,22,2,36,0,0,0,0,0,0,12,22,2,36,2,0,2,38
10/27/2011,COU,MO,ACE,CE,Federal Contract Tower,0,9,14,0,23,0,2,31,0,33,0,11,45,0,56,66,0,66,122
10/28/2011,COU,MO,ACE,CE,Federal Contract Tower,2,10,18,38,68,0,0,34,7,41,2,10,52,45,109,26,16,42,151
10/29/2011,COU,MO,ACE,CE,Federal Contract Tower,2,6,8,0,16,0,0,38,0,38,2,6,46,0,54,42,0,42,96
10/30/2011,COU,MO,ACE,CE,Federal Contract Tower,0,8,13,0,21,0,0,14,0,14,0,8,27,0,35,0,0,0,35
10/31/2011,COU,MO,ACE,CE,Federal Contract Tower,0,15,14,0,29,0,2,28,0,30,0,17,42,0,59,20,0,20,79
11/01/2011,COU,MO,ACE,CE,Federal Contract Tower,0,7,15,9,31,0,0,21,0,21,0,7,36,9,52,6,10,16,68
11/02/2011,COU,MO,ACE,CE,Federal Contract Tower,0,9,33,0,42,0,0,21,3,24,0,9,54,3,66,2,8,10,76
11/03/2011,COU,MO,ACE,CE,Federal Contract Tower,0,10,13,0,23,0,0,4,0,4,0,10,17,0,27,10,0,10,37
11/04/2011,COU,MO,ACE,CE,Federal Contract Tower,2,10,29,0,41,0,0,36,4,40,2,10,65,4,81,32,6,38,119
11/05/2011,COU,MO,ACE,CE,Federal Contract Tower,0,5,9,0,14,0,0,20,4,24,0,5,29,4,38,0,0,0,38
11/06/2011,COU,MO,ACE,CE,Federal Contract Tower,0,7,13,2,22,0,0,4,0,4,0,7,17,2,26,2,0,2,28
11/07/2011,COU,MO,ACE,CE,Federal Contract Tower,0,9,8,0,17,0,0,0,0,0,0,9,8,0,17,0,0,0,17
11/08/2011,COU,MO,ACE,CE,Federal Contract Tower,0,7,7,0,14,0,0,0,0,0,0,7,7,0,14,0,0,0,14
11/09/2011,COU,MO,ACE,CE,Federal Contract Tower,0,9,26,0,35,0,0,12,4,16,0,9,38,4,51,12,8,20,71
11/10/2011,COU,MO,ACE,CE,Federal Contract Tower,2,7,11,0,20,0,0,28,0,28,2,7,39,0,48,22,0,22,70
11/11/2011,COU,MO,ACE,CE,Federal Contract Tower,2,13,28,0,43,0,0,37,0,37,2,13,65,0,80,22,0,22,102
11/12/2011,COU,MO,ACE,CE,Federal Contract Tower,3,22,29,0,54,0,0,25,0,25,3,22,54,0,79,6,0,6,85
11/13/2011,COU,MO,ACE,CE,Federal Contract Tower,0,9,8,4,21,0,0,17,0,17,0,9,25,4,38,4,0,4,42
11/14/2011,COU,MO,ACE,CE,Federal Contract Tower,0,11,15,0,26,0,2,16,0,18,0,13,31,0,44,0,0,0,44
11/15/2011,COU,MO,ACE,CE,Federal Contract Tower,0,11,14,0,25,0,0,16,0,16,0,11,30,0,41,30,0,30,71
11/16/2011,COU,MO,ACE,CE,Federal Contract Tower,0,10,14,1,25,0,0,13,1,14,0,10,27,2,39,10,6,16,55
11/17/2011,COU,MO,ACE,CE,Federal Contract Tower,0,9,20,0,29,0,2,35,0,37,0,11,55,0,66,38,0,38,104
11/18/2011,COU,MO,ACE,CE,Federal Contract Tower,2,15,19,0,36,0,0,19,1,20,2,15,38,1,56,18,8,26,82
11/19/2011,COU,MO,ACE,CE,Federal Contract Tower,2,11,12,0,25,0,0,15,4,19,2,11,27,4,44,12,6,18,62
11/20/2011,COU,MO,ACE,CE,Federal Contract Tower,0,5,9,3,17,0,0,9,0,9,0,5,18,3,26,18,0,18,44
11/21/2011,COU,MO,ACE,CE,Federal Contract Tower,0,7,16,4,27,0,0,0,0,0,0,7,16,4,27,0,0,0,27
11/22/2011,COU,MO,ACE,CE,Federal Contract Tower,0,9,11,1,21,0,0,0,2,2,0,9,11,3,23,0,0,0,23
11/23/2011,COU,MO,ACE,CE,Federal Contract Tower,0,12,29,0,41,0,0,1,0,1,0,12,30,0,42,0,2,2,44
11/24/2011,COU,MO,ACE,CE,Federal Contract Tower,0,3,4,0,7,0,0,17,0,17,0,3,21,0,24,8,0,8,32
11/25/2011,COU,MO,ACE,CE,Federal Contract Tower,0,9,9,0,18,0,0,22,0,22,0,9,31,0,40,10,0,10,50
11/26/2011,COU,MO,ACE,CE,Federal Contract Tower,0,7,7,0,14,0,0,0,0,0,0,7,7,0,14,0,0,0,14
11/27/2011,COU,MO,ACE,CE,Federal Contract Tower,0,14,15,0,29,0,0,7,0,7,0,14,22,0,36,2,0,2,38
11/28/2011,COU,MO,ACE,CE,Federal Contract Tower,0,11,26,0,37,0,0,13,0,13,0,11,39,0,50,14,0,14,64
11/29/2011,COU,MO,ACE,CE,Federal Contract Tower,0,8,16,0,24,0,0,23,4,27,0,8,39,4,51,6,0,6,57
11/30/2011,COU,MO,ACE,CE,Federal Contract Tower,0,10,20,0,30,0,0,30,3,33,0,10,50,3,63,60,4,64,127
12/01/2011,COU,MO,ACE,CE,Federal Contract Tower,0,10,11,0,21,0,1,34,0,35,0,11,45,0,56,32,0,32,88
12/02/2011,COU,MO,ACE,CE,Federal Contract Tower,0,4,9,0,13,0,0,21,2,23,0,4,30,2,36,6,0,6,42
12/03/2011,COU,MO,ACE,CE,Federal Contract Tower,0,2,14,0,16,0,0,7,0,7,0,2,21,0,23,10,0,10,33
12/04/2011,COU,MO,ACE,CE,Federal Contract Tower,0,3,3,0,6,0,0,0,0,0,0,3,3,0,6,0,0,0,6
12/05/2011,COU,MO,ACE,CE,Federal Contract Tower,0,11,16,0,27,0,0,2,0,2,0,11,18,0,29,0,0,0,29
12/06/2011,COU,MO,ACE,CE,Federal Contract Tower,0,10,7,0,17,0,0,0,0,0,0,10,7,0,17,0,0,0,17
12/07/2011,COU,MO,ACE,CE,Federal Contract Tower,3,10,11,0,24,0,0,26,0,26,3,10,37,0,50,10,0,10,60
12/08/2011,COU,MO,ACE,CE,Federal Contract Tower,0,12,12,0,24,0,0,24,2,26,0,12,36,2,50,22,36,58,108
12/09/2011,COU,MO,ACE,CE,Federal Contract Tower,0,7,9,21,37,0,0,21,1,22,0,7,30,22,59,16,6,22,81
12/10/2011,COU,MO,ACE,CE,Federal Contract Tower,0,2,16,6,24,0,0,34,0,34,0,2,50,6,58,42,0,42,100
12/11/2011,COU,MO,ACE,CE,Federal Contract Tower,0,8,24,0,32,0,0,38,0,38,0,8,62,0,70,12,0,12,82
12/12/2011,COU,MO,ACE,CE,Federal Contract Tower,0,8,9,0,17,0,0,24,2,26,0,8,33,2,43,12,0,12,55
12/13/2011,COU,MO,ACE,CE,Federal Contract Tower,0,6,6,0,12,0,0,3,0,3,0,6,9,0,15,0,0,0,15
12/14/2011,COU,MO,ACE,CE,Federal Contract Tower,0,8,16,0,24,0,0,1,0,1,0,8,17,0,25,0,0,0,25
12/15/2011,COU,MO,ACE,CE,Federal Contract Tower,0,7,26,0,33,0,0,6,0,6,0,7,32,0,39,4,0,4,43
12/16/2011,COU,MO,ACE,CE,Federal Contract Tower,0,6,15,0,21,0,0,40,2,42,0,6,55,2,63,12,0,12,75
12/17/2011,COU,MO,ACE,CE,Federal Contract Tower,0,6,8,0,14,0,0,37,4,41,0,6,45,4,55,24,8,32,87
12/18/2011,COU,MO,ACE,CE,Federal Contract Tower,0,4,13,2,19,0,0,26,0,26,0,4,39,2,45,34,0,34,79
12/19/2011,COU,MO,ACE,CE,Federal Contract Tower,0,9,6,0,15,0,0,5,0,5,0,9,11,0,20,2,0,2,22
12/20/2011,COU,MO,ACE,CE,Federal Contract Tower,0,6,14,0,20,0,0,0,0,0,0,6,14,0,20,0,0,0,20
12/21/2011,COU,MO,ACE,CE,Federal Contract Tower,1,11,14,0,26,0,0,13,0,13,1,11,27,0,39,0,0,0,39
12/22/2011,COU,MO,ACE,CE,Federal Contract Tower,0,4,33,2,39,0,0,4,0,4,0,4,37,2,43,0,0,0,43
12/23/2011,COU,MO,ACE,CE,Federal Contract Tower,0,7,10,0,17,0,0,22,0,22,0,7,32,0,39,12,0,12,51
12/24/2011,COU,MO,ACE,CE,Federal Contract Tower,0,2,2,0,4,0,0,11,0,11,0,2,13,0,15,0,0,0,15
12/25/2011,COU,MO,ACE,CE,Federal Contract Tower,1,2,2,0,5,0,0,5,0,5,1,2,7,0,10,4,0,4,14
12/26/2011,COU,MO,ACE,CE,Federal Contract Tower,2,8,7,4,21,0,0,12,0,12,2,8,19,4,33,2,0,2,35
12/27/2011,COU,MO,ACE,CE,Federal Contract Tower,1,9,12,1,23,0,0,18,1,19,1,9,30,2,42,0,4,4,46
12/28/2011,COU,MO,ACE,CE,Federal Contract Tower,0,7,10,0,17,0,0,22,0,22,0,7,32,0,39,0,0,0,39
12/29/2011,COU,MO,ACE,CE,Federal Contract Tower,0,3,12,1,16,0,0,28,0,28,0,3,40,1,44,12,0,12,56
12/30/2011,COU,MO,ACE,CE,Federal Contract Tower,0,3,7,0,10,0,1,11,0,12,0,4,18,0,22,6,0,6,28
12/31/2011,COU,MO,ACE,CE,Federal Contract Tower,0,3,6,0,9,0,0,18,0,18,0,3,24,0,27,8,0,8,35
01/01/2012,COU,MO,ACE,CE,Federal Contract Tower,0,4,5,0,9,0,0,1,0,1,0,4,6,0,10,0,0,0,10
01/02/2012,COU,MO,ACE,CE,Federal Contract Tower,0,7,12,0,19,0,0,0,0,0,0,7,12,0,19,0,0,0,19
01/03/2012,COU,MO,ACE,CE,Federal Contract Tower,2,11,13,0,26,0,0,22,0,22,2,11,35,0,48,0,0,0,48
01/04/2012,COU,MO,ACE,CE,Federal Contract Tower,0,7,9,0,16,0,0,16,0,16,0,7,25,0,32,20,0,20,52
01/05/2012,COU,MO,ACE,CE,Federal Contract Tower,0,7,14,2,23,0,0,34,2,36,0,7,48,4,59,34,6,40,99
01/06/2012,COU,MO,ACE,CE,Federal Contract Tower,0,7,14,0,21,0,0,30,2,32,0,7,44,2,53,28,6,34,87
01/07/2012,COU,MO,ACE,CE,Federal Contract Tower,2,4,8,0,14,0,0,27,0,27,2,4,35,0,41,24,0,24,65
01/08/2012,COU,MO,ACE,CE,Federal Contract Tower,0,5,7,8,20,0,0,13,4,17,0,5,20,12,37,10,4,14,51
01/09/2012,COU,MO,ACE,CE,Federal Contract Tower,0,8,18,0,26,0,0,30,0,30,0,8,48,0,56,22,0,22,78
01/10/2012,COU,MO,ACE,CE,Federal Contract Tower,0,7,19,0,26,0,0,24,0,24,0,7,43,0,50,2,0,2,52
01/11/2012,COU,MO,ACE,CE,Federal Contract Tower,0,7,17,2,26,0,2,47,3,52,0,9,64,5,78,10,4,14,92
01/12/2012,COU,MO,ACE,CE,Federal Contract Tower,0,8,6,0,14,0,0,1,0,1,0,8,7,0,15,0,0,0,15
01/13/2012,COU,MO,ACE,CE,Federal Contract Tower,1,5,11,2,19,0,0,37,0,37,1,5,48,2,56,28,0,28,84
01/14/2012,COU,MO,ACE,CE,Federal Contract Tower,1,10,18,0,29,0,0,15,0,15,1,10,33,0,44,8,0,8,52
01/15/2012,COU,MO,ACE,CE,Federal Contract Tower,0,4,6,0,10,0,0,11,0,11,0,4,17,0,21,6,0,6,27
01/16/2012,COU,MO,ACE,CE,Federal Contract Tower,0,9,14,0,23,0,0,7,0,7,0,9,21,0,30,2,0,2,32
01/17/2012,COU,MO,ACE,CE,Federal Contract Tower,0,8,11,1,20,0,0,2,0,2,0,8,13,1,22,2,0,2,24
01/18/2012,COU,MO,ACE,CE,Federal Contract Tower,0,16,12,1,29,0,0,10,8,18,0,16,22,9,47,14,18,32,79
01/19/2012,COU,MO,ACE,CE,Federal Contract Tower,0,10,19,0,29,0,0,25,2,27,0,10,44,2,56,18,4,22,78
01/20/2012,COU,MO,ACE,CE,Federal Contract Tower,2,9,20,0,31,0,0,2,0,2,2,9,22,0,33,6,0,6,39
01/21/2012,COU,MO,ACE,CE,Federal Contract Tower,2,5,17,0,24,0,0,21,0,21,2,5,38,0,45,28,0,28,73
01/22/2012,COU,MO,ACE,CE,Federal Contract Tower,0,3,8,0,11,0,0,2,0,2,0,3,10,0,13,0,0,0,13
01/23/2012,COU,MO,ACE,CE,Federal Contract Tower,0,6,15,0,21,0,0,13,0,13,0,6,28,0,34,24,0,24,58
01/24/2012,COU,MO,ACE,CE,Federal Contract Tower,0,9,14,0,23,0,1,21,0,22,0,10,35,0,45,14,0,14,59
01/25/2012,COU,MO,ACE,CE,Federal Contract Tower,0,9,16,0,25,0,0,5,0,5,0,9,21,0,30,18,0,18,48
01/26/2012,COU,MO,ACE,CE,Federal Contract Tower,0,9,7,2,18,0,0,3,0,3,0,9,10,2,21,2,0,2,23
01/27/2012,COU,MO,ACE,CE,Federal Contract Tower,2,10,21,0,33,0,0,16,0,16,2,10,37,0,49,12,0,12,61
01/28/2012,COU,MO,ACE,CE,Federal Contract Tower,0,8,18,0,26,0,0,28,0,28,0,8,46,0,54,24,0,24,78
01/29/2012,COU,MO,ACE,CE,Federal Contract Tower,2,6,14,0,22,0,0,20,0,20,2,6,34,0,42,12,0,12,54
01/30/2012,COU,MO,ACE,CE,Federal Contract Tower,0,8,9,0,17,0,0,29,3,32,0,8,38,3,49,20,14,34,83
01/31/2012,COU,MO,ACE,CE,Federal Contract Tower,0,9,10,1,20,0,0,28,1,29,0,9,38,2,49,30,0,30,79
02/01/2012,COU,MO,ACE,CE,Federal Contract Tower,0,10,21,0,31,0,1,20,1,22,0,11,41,1,53,36,2,38,91
02/02/2012,COU,MO,ACE,CE,Federal Contract Tower,0,9,14,4,27,0,0,32,1,33,0,9,46,5,60,36,2,38,98
02/03/2012,COU,MO,ACE,CE,Federal Contract Tower,0,23,11,0,34,0,0,18,0,18,0,23,29,0,52,10,0,10,62
02/04/2012,COU,MO,ACE,CE,Federal Contract Tower,0,6,16,0,22,0,0,0,0,0,0,6,16,0,22,0,0,0,22
02/05/2012,COU,MO,ACE,CE,Federal Contract Tower,0,8,11,0,19,0,0,29,0,29,0,8,40,0,48,6,0,6,54
02/06/2012,COU,MO,ACE,CE,Federal Contract Tower,0,9,24,0,33,0,0,17,0,17,0,9,41,0,50,14,0,14,64
02/07/2012,COU,MO,ACE,CE,Federal Contract Tower,0,7,12,0,19,0,0,9,0,9,0,7,21,0,28,4,0,4,32
02/08/2012,COU,MO,ACE,CE,Federal Contract Tower,0,9,15,0,24,0,0,3,2,5,0,9,18,2,29,24,0,24,53
02/09/2012,COU,MO,ACE,CE,Federal Contract Tower,0,5,19,0,24,0,0,20,0,20,0,5,39,0,44,36,4,40,84
02/10/2012,COU,MO,ACE,CE,Federal Contract Tower,1,5,20,0,26,0,0,24,0,24,1,5,44,0,50,10,0,10,60
02/11/2012,COU,MO,ACE,CE,Federal Contract Tower,1,5,14,5,25,0,0,28,2,30,1,5,42,7,55,34,12,46,101
02/12/2012,COU,MO,ACE,CE,Federal Contract Tower,0,4,23,0,27,0,0,29,0,29,0,4,52,0,56,16,0,16,72
02/13/2012,COU,MO,ACE,CE,Federal Contract Tower,0,6,2,0,8,0,0,0,0,0,0,6,2,0,8,0,0,0,8
02/14/2012,COU,MO,ACE,CE,Federal Contract Tower,0,9,8,0,17,0,0,6,0,6,0,9,14,0,23,36,0,36,59
02/15/2012,COU,MO,ACE,CE,Federal Contract Tower,0,5,14,0,19,0,0,0,0,0,0,5,14,0,19,0,0,0,19
02/16/2012,COU,MO,ACE,CE,Federal Contract Tower,0,4,24,0,28,0,0,30,1,31,0,4,54,1,59,48,2,50,109
02/17/2012,COU,MO,ACE,CE,Federal Contract Tower,0,9,16,0,25,0,0,50,1,51,0,9,66,1,76,76,0,76,152
02/18/2012,COU,MO,ACE,CE,Federal Contract Tower,0,8,10,0,18,0,1,29,0,30,0,9,39,0,48,34,0,34,82
02/19/2012,COU,MO,ACE,CE,Federal Contract Tower,0,8,22,0,30,0,0,26,0,26,0,8,48,0,56,26,0,26,82
02/20/2012,COU,MO,ACE,CE,Federal Contract Tower,0,14,6,0,20,0,0,17,0,17,0,14,23,0,37,4,0,4,41
02/21/2012,COU,MO,ACE,CE,Federal Contract Tower,0,9,18,0,27,0,0,7,4,11,0,9,25,4,38,36,2,38,76
02/22/2012,COU,MO,ACE,CE,Federal Contract Tower,0,5,15,0,20,0,0,15,0,15,0,5,30,0,35,4,0,4,39
02/23/2012,COU,MO,ACE,CE,Federal Contract Tower,0,9,14,0,23,0,0,21,2,23,0,9,35,2,46,34,0,34,80
02/24/2012,COU,MO,ACE,CE,Federal Contract Tower,0,13,13,0,26,0,0,20,0,20,0,13,33,0,46,32,0,32,78
02/25/2012,COU,MO,ACE,CE,Federal Contract Tower,0,12,11,0,23,0,0,52,2,54,0,12,63,2,77,62,4,66,143
02/26/2012,COU,MO,ACE,CE,Federal Contract Tower,0,3,5,0,8,0,0,8,0,8,0,3,13,0,16,0,0,0,16
02/27/2012,COU,MO,ACE,CE,Federal Contract Tower,1,10,10,0,21,0,1,24,2,27,1,11,34,2,48,44,10,54,102
02/28/2012,COU,MO,ACE,CE,Federal Contract Tower,0,11,13,0,24,0,0,8,0,8,0,11,21,0,32,22,0,22,54
02/29/2012,COU,MO,ACE,CE,Federal Contract Tower,0,8,16,0,24,0,0,16,1,17,0,8,32,1,41,6,2,8,49
03/01/2012,COU,MO,ACE,CE,Federal Contract Tower,0,15,34,0,49,0,0,36,0,36,0,15,70,0,85,44,0,44,129
03/02/2012,COU,MO,ACE,CE,Federal Contract Tower,0,16,7,0,23,0,0,12,0,12,0,16,19,0,35,0,0,0,35
03/03/2012,COU,MO,ACE,CE,Federal Contract Tower,0,7,17,14,38,0,0,32,1,33,0,7,49,15,71,30,4,34,105
03/04/2012,COU,MO,ACE,CE,Federal Contract Tower,0,9,11,0,20,0,0,21,0,21,0,9,32,0,41,30,0,30,71
03/05/2012,COU,MO,ACE,CE,Federal Contract Tower,0,11,17,0,28,0,0,12,0,12,0,11,29,0,40,6,0,6,46
03/06/2012,COU,MO,ACE,CE,Federal Contract Tower,0,8,22,0,30,0,0,8,0,8,0,8,30,0,38,0,0,0,38
03/07/2012,COU,MO,ACE,CE,Federal Contract Tower,0,8,11,3,22,0,0,1,3,4,0,8,12,6,26,0,2,2,28
03/08/2012,COU,MO,ACE,CE,Federal Contract Tower,0,10,9,0,19,0,0,17,0,17,0,10,26,0,36,42,0,42,78
03/09/2012,COU,MO,ACE,CE,Federal Contract Tower,0,8,22,0,30,0,0,33,0,33,0,8,55,0,63,56,0,56,119
03/10/2012,COU,MO,ACE,CE,Federal Contract Tower,0,6,6,15,27,0,1,29,0,30,0,7,35,15,57,50,12,62,119
03/11/2012,COU,MO,ACE,CE,Federal Contract Tower,0,7,3,7,17,0,0,6,2,8,0,7,9,9,25,4,12,16,41
03/12/2012,COU,MO,ACE,CE,Federal Contract Tower,0,25,12,0,37,0,0,25,2,27,0,25,37,2,64,42,0,42,106
03/13/2012,COU,MO,ACE,CE,Federal Contract Tower,0,13,15,0,28,0,1,21,4,26,0,14,36,4,54,28,8,36,90
03/14/2012,COU,MO,ACE,CE,Federal Contract Tower,0,8,18,3,29,0,0,23,7,30,0,8,41,10,59,24,6,30,89
03/15/2012,COU,MO,ACE,CE,Federal Contract Tower,1,12,19,0,32,0,0,38,4,42,1,12,57,4,74,54,0,54,128
03/16/2012,COU,MO,ACE,CE,Federal Contract Tower,0,15,15,2,32,0,0,29,0,29,0,15,44,2,61,20,0,20,81
03/17/2012,COU,MO,ACE,CE,Federal Contract Tower,0,7,9,0,16,0,0,25,0,25,0,7,34,0,41,6,0,6,47
03/18/2012,COU,MO,ACE,CE,Federal Contract Tower,0,8,10,0,18,0,0,14,0,14,0,8,24,0,32,18,0,18,50
03/19/2012,COU,MO,ACE,CE,Federal Contract Tower,0,13,17,0,30,0,0,15,0,15,0,13,32,0,45,12,0,12,57
03/20/2012,COU,MO,ACE,CE,Federal Contract Tower,4,7,18,0,29,0,0,20,0,20,4,7,38,0,49,7,0,7,56
03/21/2012,COU,MO,ACE,CE,Federal Contract Tower,0,16,16,0,32,0,0,7,0,7,0,16,23,0,39,26,0,26,65
03/22/2012,COU,MO,ACE,CE,Federal Contract Tower,1,9,20,0,30,0,0,28,3,31,1,9,48,3,61,62,14,76,137
03/23/2012,COU,MO,ACE,CE,Federal Contract Tower,0,9,11,0,20,0,0,9,0,9,0,9,20,0,29,50,0,50,79
03/24/2012,COU,MO,ACE,CE,Federal Contract Tower,0,9,19,14,42,0,5,43,3,51,0,14,62,17,93,86,18,104,197
03/25/2012,COU,MO,ACE,CE,Federal Contract Tower,0,8,10,1,19,0,1,29,3,33,0,9,39,4,52,28,4,32,84
03/26/2012,COU,MO,ACE,CE,Federal Contract Tower,0,10,16,0,26,0,0,24,0,24,0,10,40,0,50,12,0,12,62
03/27/2012,COU,MO,ACE,CE,Federal Contract Tower,0,14,16,0,30,0,0,30,0,30,0,14,46,0,60,12,0,12,72
03/28/2012,COU,MO,ACE,CE,Federal Contract Tower,0,8,17,0,25,0,2,39,2,43,0,10,56,2,68,54,4,58,126
03/29/2012,COU,MO,ACE,CE,Federal Contract Tower,0,8,5,0,13,0,0,21,0,21,0,8,26,0,34,40,0,40,74
03/30/2012,COU,MO,ACE,CE,Federal Contract Tower,0,12,28,0,40,0,0,26,4,30,0,12,54,4,70,28,0,28,98
03/31/2012,COU,MO,ACE,CE,Federal Contract Tower,0,8,12,0,20,0,0,34,0,34,0,8,46,0,54,22,0,22,76
04/01/2012,COU,MO,ACE,CE,Federal Contract Tower,0,14,11,0,25,0,0,32,0,32,0,14,43,0,57,24,0,24,81
04/02/2012,COU,MO,ACE,CE,Federal Contract Tower,0,14,6,0,20,0,1,53,0,54,0,15,59,0,74,72,0,72,146
04/03/2012,COU,MO,ACE,CE,Federal Contract Tower,0,13,15,0,28,0,0,11,0,11,0,13,26,0,39,4,0,4,43
04/04/2012,COU,MO,ACE,CE,Federal Contract Tower,2,8,24,0,34,0,0,10,0,10,2,8,34,0,44,0,0,0,44
04/05/2012,COU,MO,ACE,CE,Federal Contract Tower,0,13,21,2,36,0,0,1,0,1,0,13,22,2,37,2,0,2,39
04/06/2012,COU,MO,ACE,CE,Federal Contract Tower,2,10,15,0,27,0,1,34,0,35,2,11,49,0,62,38,0,38,100
04/07/2012,COU,MO,ACE,CE,Federal Contract Tower,0,4,9,0,13,0,0,12,0,12,0,4,21,0,25,4,0,4,29
04/08/2012,COU,MO,ACE,CE,Federal Contract Tower,0,7,9,6,22,0,0,34,1,35,0,7,43,7,57,8,6,14,71
04/09/2012,COU,MO,ACE,CE,Federal Contract Tower,0,11,18,0,29,0,0,40,0,40,0,11,58,0,69,24,0,24,93
04/10/2012,COU,MO,ACE,CE,Federal Contract Tower,0,15,27,0,42,0,0,41,0,41,0,15,68,0,83,12,6,18,101
04/11/2012,COU,MO,ACE,CE,Federal Contract Tower,0,7,19,0,26,0,0,37,1,38,0,7,56,1,64,30,2,32,96
04/12/2012,COU,MO,ACE,CE,Federal Contract Tower,0,14,25,2,41,0,0,22,0,22,0,14,47,2,63,22,0,22,85
04/13/2012,COU,MO,ACE,CE,Federal Contract Tower,0,12,12,3,27,0,0,0,0,0,0,12,12,3,27,0,0,0,27
04/14/2012,COU,MO,ACE,CE,Federal Contract Tower,0,8,22,0,30,0,0,4,0,4,0,8,26,0,34,0,0,0,34
04/15/2012,COU,MO,ACE,CE,Federal Contract Tower,0,5,5,0,10,0,0,1,0,1,0,5,6,0,11,0,0,0,11
04/16/2012,COU,MO,ACE,CE,Federal Contract Tower,0,11,11,0,22,0,1,12,0,13,0,12,23,0,35,14,0,14,49
04/17/2012,COU,MO,ACE,CE,Federal Contract Tower,0,15,13,2,30,0,0,33,1,34,0,15,46,3,64,46,10,56,120
04/18/2012,COU,MO,ACE,CE,Federal Contract Tower,0,10,10,0,20,0,0,29,0,29,0,10,39,0,49,20,0,20,69
04/19/2012,COU,MO,ACE,CE,Federal Contract Tower,0,12,35,0,47,0,0,32,0,32,0,12,67,0,79,18,0,18,97
04/20/2012,COU,MO,ACE,CE,Federal Contract Tower,0,7,28,0,35,0,0,10,0,10,0,7,38,0,45,10,0,10,55
04/21/2012,COU,MO,ACE,CE,Federal Contract Tower,0,5,19,0,24,0,0,27,0,27,0,5,46,0,51,38,0,38,89
04/22/2012,COU,MO,ACE,CE,Federal Contract Tower,0,7,8,0,15,0,0,15,0,15,0,7,23,0,30,78,0,78,108
04/23/2012,COU,MO,ACE,CE,Federal Contract Tower,0,9,10,0,19,0,0,16,0,16,0,9,26,0,35,12,0,12,47
04/24/2012,COU,MO,ACE,CE,Federal Contract Tower,0,9,26,0,35,0,0,35,0,35,0,9,61,0,70,6,0,6,76
04/25/2012,COU,MO,ACE,CE,Federal Contract Tower,0,11,13,5,29,0,0,50,0,50,0,11,63,5,79,26,0,26,105
04/26/2012,COU,MO,ACE,CE,Federal Contract Tower,0,9,13,0,22,0,0,27,0,27,0,9,40,0,49,38,0,38,87
04/27/2012,COU,MO,ACE,CE,Federal Contract Tower,0,5,23,0,28,0,0,27,0,27,0,5,50,0,55,0,0,0,55
04/28/2012,COU,MO,ACE,CE,Federal Contract Tower,0,6,9,0,15,0,0,18,0,18,0,6,27,0,33,20,0,20,53
04/29/2012,COU,MO,ACE,CE,Federal Contract Tower,0,8,5,0,13,0,0,5,0,5,0,8,10,0,18,6,0,6,24
04/30/2012,COU,MO,ACE,CE,Federal Contract Tower,0,12,8,0,20,0,0,18,0,18,0,12,26,0,38,0,0,0,38
05/01/2012,COU,MO,ACE,CE,Federal Contract Tower,0,8,18,0,26,0,0,12,0,12,0,8,30,0,38,14,0,14,52
05/02/2012,COU,MO,ACE,CE,Federal Contract Tower,0,7,29,0,36,0,0,24,0,24,0,7,53,0,60,8,0,8,68
05/03/2012,COU,MO,ACE,CE,Federal Contract Tower,1,11,21,2,35,0,0,32,0,32,1,11,53,2,67,16,0,16,83
05/04/2012,COU,MO,ACE,CE,Federal Contract Tower,0,10,19,0,29,0,0,24,0,24,0,10,43,0,53,20,0,20,73
05/05/2012,COU,MO,ACE,CE,Federal Contract Tower,0,6,10,0,16,0,0,34,0,34,0,6,44,0,50,34,1,35,85
05/06/2012,COU,MO,ACE,CE,Federal Contract Tower,1,11,12,0,24,0,0,17,0,17,1,11,29,0,41,6,0,6,47
05/07/2012,COU,MO,ACE,CE,Federal Contract Tower,0,9,18,0,27,0,1,7,0,8,0,10,25,0,35,16,0,16,51
05/08/2012,COU,MO,ACE,CE,Federal Contract Tower,0,9,13,0,22,0,0,20,0,20,0,9,33,0,42,26,0,26,68
05/09/2012,COU,MO,ACE,CE,Federal Contract Tower,0,8,16,0,24,0,0,33,0,33,0,8,49,0,57,20,0,20,77
05/10/2012,COU,MO,ACE,CE,Federal Contract Tower,0,9,11,0,20,0,2,22,3,27,0,11,33,3,47,26,0,26,73
05/11/2012,COU,MO,ACE,CE,Federal Contract Tower,0,9,14,0,23,0,1,33,0,34,0,10,47,0,57,36,0,36,93
05/12/2012,COU,MO,ACE,CE,Federal Contract Tower,0,5,17,0,22,0,0,33,0,33,0,5,50,0,55,16,0,16,71
05/13/2012,COU,MO,ACE,CE,Federal Contract Tower,0,3,17,2,22,0,0,11,0,11,0,3,28,2,33,8,0,8,41
05/14/2012,COU,MO,ACE,CE,Federal Contract Tower,0,10,6,0,16,0,0,24,0,24,0,10,30,0,40,16,0,16,56
05/15/2012,COU,MO,ACE,CE,Federal Contract Tower,0,9,24,5,38,0,0,27,0,27,0,9,51,5,65,12,0,12,77
05/16/2012,COU,MO,ACE,CE,Federal Contract Tower,0,7,10,0,17,0,0,24,0,24,0,7,34,0,41,22,4,26,67
05/17/2012,COU,MO,ACE,CE,Federal Contract Tower,0,8,24,0,32,0,0,28,0,28,0,8,52,0,60,30,0,30,90
05/18/2012,COU,MO,ACE,CE,Federal Contract Tower,0,7,18,0,25,0,0,32,0,32,0,7,50,0,57,38,0,38,95
05/19/2012,COU,MO,ACE,CE,Federal Contract Tower,0,4,4,0,8,0,0,32,0,32,0,4,36,0,40,32,0,32,72
05/20/2012,COU,MO,ACE,CE,Federal Contract Tower,0,9,6,16,31,0,0,17,3,20,0,9,23,19,51,10,18,28,79
05/21/2012,COU,MO,ACE,CE,Federal Contract Tower,0,10,14,0,24,0,0,18,0,18,0,10,32,0,42,12,0,12,54
05/22/2012,COU,MO,ACE,CE,Federal Contract Tower,0,8,14,0,22,0,0,41,0,41,0,8,55,0,63,26,0,26,89
05/23/2012,COU,MO,ACE,CE,Federal Contract Tower,0,11,15,1,27,0,0,24,5,29,0,11,39,6,56,6,4,10,66
05/24/2012,COU,MO,ACE,CE,Federal Contract Tower,0,9,17,12,38,0,2,38,11,51,0,11,55,23,89,28,18,46,135
05/25/2012,COU,MO,ACE,CE,Federal Contract Tower,0,12,13,5,30,0,0,42,12,54,0,12,55,17,84,50,30,80,164
05/26/2012,COU,MO,ACE,CE,Federal Contract Tower,0,4,3,0,7,0,0,32,9,41,0,4,35,9,48,64,14,78,126
05/27/2012,COU,MO,ACE,CE,Federal Contract Tower,0,5,7,1,13,0,0,39,9,48,0,5,46,10,61,24,16,40,101
05/28/2012,COU,MO,ACE,CE,Federal Contract Tower,2,11,15,1,29,0,0,25,1,26,2,11,40,2,55,8,0,8,63
05/29/2012,COU,MO,ACE,CE,Federal Contract Tower,0,10,13,7,30,0,0,37,1,38,0,10,50,8,68,6,2,8,76
05/30/2012,COU,MO,ACE,CE,Federal Contract Tower,0,10,14,0,24,0,2,28,2,32,0,12,42,2,56,20,4,24,80
05/31/2012,COU,MO,ACE,CE,Federal Contract Tower,0,8,15,1,24,0,0,22,0,22,0,8,37,1,46,26,4,30,76
06/01/2012,COU,MO,ACE,CE,Federal Contract Tower,0,9,15,0,24,0,0,33,0,33,0,9,48,0,57,24,0,24,81
06/02/2012,COU,MO,ACE,CE,Federal Contract Tower,0,4,12,0,16,0,0,31,0,31,0,4,43,0,47,24,0,24,71
06/03/2012,COU,MO,ACE,CE,Federal Contract Tower,0,6,9,10,25,0,0,20,10,30,0,6,29,20,55,14,10,24,79
06/04/2012,COU,MO,ACE,CE,Federal Contract Tower,1,10,15,0,26,0,0,21,0,21,1,10,36,0,47,24,0,24,71
06/05/2012,COU,MO,ACE,CE,Federal Contract Tower,1,8,12,0,21,0,0,16,0,16,1,8,28,0,37,16,0,16,53
06/06/2012,COU,MO,ACE,CE,Federal Contract Tower,0,7,15,1,23,0,0,38,1,39,0,7,53,2,62,14,0,14,76
06/07/2012,COU,MO,ACE,CE,Federal Contract Tower,0,6,23,0,29,0,1,37,0,38,0,7,60,0,67,32,0,32,99
06/08/2012,COU,MO,ACE,CE,Federal Contract Tower,0,7,18,0,25,0,0,46,0,46,0,7,64,0,71,30,0,30,101
06/09/2012,COU,MO,ACE,CE,Federal Contract Tower,0,9,20,0,29,0,0,39,0,39,0,9,59,0,68,6,0,6,74
06/10/2012,COU,MO,ACE,CE,Federal Contract Tower,0,7,12,0,19,0,0,13,0,13,0,7,25,0,32,0,0,0,32
06/11/2012,COU,MO,ACE,CE,Federal Contract Tower,0,11,7,0,18,0,0,8,2,10,0,11,15,2,28,20,4,24,52
06/12/2012,COU,MO,ACE,CE,Federal Contract Tower,0,10,17,0,27,0,0,31,2,33,0,10,48,2,60,36,4,40,100
06/13/2012,COU,MO,ACE,CE,Federal Contract Tower,0,7,21,0,28,0,0,40,0,40,0,7,61,0,68,14,0,14,82
06/14/2012,COU,MO,ACE,CE,Federal Contract Tower,0,10,32,0,42,0,0,53,0,53,0,10,85,0,95,28,0,28,123
06/15/2012,COU,MO,ACE,CE,Federal Contract Tower,0,8,8,2,18,0,3,33,0,36,0,11,41,2,54,24,0,24,78
06/16/2012,COU,MO,ACE,CE,Federal Contract Tower,0,4,11,0,15,0,0,16,0,16,0,4,27,0,31,14,0,14,45
06/17/2012,COU,MO,ACE,CE,Federal Contract Tower,0,4,7,0,11,0,0,21,0,21,0,4,28,0,32,16,0,16,48
06/18/2012,COU,MO,ACE,CE,Federal Contract Tower,0,6,14,0,20,0,1,20,2,23,0,7,34,2,43,14,0,14,57
06/19/2012,COU,MO,ACE,CE,Federal Contract Tower,0,10,18,0,28,0,0,20,0,20,0,10,38,0,48,2,0,2,50
06/20/2012,COU,MO,ACE,CE,Federal Contract Tower,0,8,15,0,23,0,0,38,0,38,0,8,53,0,61,58,2,60,121
06/21/2012,COU,MO,ACE,CE,Federal Contract Tower,0,9,25,0,34,0,0,18,0,18,0,9,43,0,52,32,0,32,84
06/22/2012,COU,MO,ACE,CE,Federal Contract Tower,0,8,15,8,31,0,1,33,1,35,0,9,48,9,66,30,10,40,106
06/23/2012,COU,MO,ACE,CE,Federal Contract Tower,0,4,12,13,29,0,0,34,1,35,0,4,46,14,64,21,0,21,85
06/24/2012,COU,MO,ACE,CE,Federal Contract Tower,0,7,18,16,41,0,1,31,4,36,0,8,49,20,77,14,18,32,109
06/25/2012,COU,MO,ACE,CE,Federal Contract Tower,0,10,5,0,15,0,0,20,0,20,0,10,25,0,35,10,0,10,45
06/26/2012,COU,MO,ACE,CE,Federal Contract Tower,0,12,23,0,35,0,0,36,2,38,0,12,59,2,73,30,2,32,105
06/27/2012,COU,MO,ACE,CE,Federal Contract Tower,0,9,10,0,19,0,0,19,2,21,0,9,29,2,40,22,0,22,62
06/28/2012,COU,MO,ACE,CE,Federal Contract Tower,0,12,14,4,30,0,0,31,2,33,0,12,45,6,63,12,8,20,83
06/29/2012,COU,MO,ACE,CE,Federal Contract Tower,0,9,9,0,18,0,0,28,0,28,0,9,37,0,46,24,0,24,70
06/30/2012,COU,MO,ACE,CE,Federal Contract Tower,0,4,14,11,29,0,1,16,11,28,0,5,30,22,57,10,10,20,77
07/01/2012,COU,MO,ACE,CE,Federal Contract Tower,2,6,13,1,22,0,2,25,0,27,2,8,38,1,49,10,0,10,59
07/02/2012,COU,MO,ACE,CE,Federal Contract Tower,0,6,9,0,15,0,2,12,0,14,0,8,21,0,29,6,0,6,35
07/03/2012,COU,MO,ACE,CE,Federal Contract Tower,0,17,10,0,27,0,0,28,0,28,0,17,38,0,55,2,0,2,57
07/04/2012,COU,MO,ACE,CE,Federal Contract Tower,0,6,10,0,16,0,0,16,0,16,0,6,26,0,32,8,0,8,40
07/05/2012,COU,MO,ACE,CE,Federal Contract Tower,0,10,6,0,16,0,0,27,0,27,0,10,33,0,43,14,0,14,57
07/06/2012,COU,MO,ACE,CE,Federal Contract Tower,0,4,11,0,15,0,0,31,0,31,0,4,42,0,46,14,0,14,60
07/07/2012,COU,MO,ACE,CE,Federal Contract Tower,0,8,8,0,16,0,0,28,0,28,0,8,36,0,44,18,0,18,62
07/08/2012,COU,MO,ACE,CE,Federal Contract Tower,0,5,10,0,15,0,0,19,0,19,0,5,29,0,34,8,0,8,42
07/09/2012,COU,MO,ACE,CE,Federal Contract Tower,0,8,17,0,25,0,0,16,0,16,0,8,33,0,41,10,0,10,51
07/10/2012,COU,MO,ACE,CE,Federal Contract Tower,0,9,19,0,28,0,0,15,10,25,0,9,34,10,53,12,0,12,65
07/11/2012,COU,MO,ACE,CE,Federal Contract Tower,0,9,16,0,25,0,0,32,0,32,0,9,48,0,57,10,0,10,67
07/12/2012,COU,MO,ACE,CE,Federal Contract Tower,0,8,11,1,20,0,0,34,0,34,0,8,45,1,54,24,2,26,80
07/13/2012,COU,MO,ACE,CE,Federal Contract Tower,0,12,12,0,24,0,3,25,0,28,0,15,37,0,52,10,0,10,62
07/14/2012,COU,MO,ACE,CE,Federal Contract Tower,0,4,7,0,11,0,0,24,0,24,0,4,31,0,35,4,0,4,39
07/15/2012,COU,MO,ACE,CE,Federal Contract Tower,0,10,14,0,24,0,0,19,0,19,0,10,33,0,43,26,0,26,69
07/16/2012,COU,MO,ACE,CE,Federal Contract Tower,0,12,16,0,28,0,0,20,0,20,0,12,36,0,48,22,0,22,70
07/17/2012,COU,MO,ACE,CE,Federal Contract Tower,0,7,19,0,26,0,4,23,0,27,0,11,42,0,53,10,0,10,63
07/18/2012,COU,MO,ACE,CE,Federal Contract Tower,0,7,19,0,26,0,0,37,0,37,0,7,56,0,63,48,0,48,111
07/19/2012,COU,MO,ACE,CE,Federal Contract Tower,0,10,20,0,30,0,0,31,0,31,0,10,51,0,61,28,0,28,89
07/20/2012,COU,MO,ACE,CE,Federal Contract Tower,0,8,18,0,26,0,0,34,0,34,0,8,52,0,60,46,0,46,106
07/21/2012,COU,MO,ACE,CE,Federal Contract Tower,0,7,10,0,17,0,0,35,0,35,0,7,45,0,52,16,0,16,68
07/22/2012,COU,MO,ACE,CE,Federal Contract Tower,0,10,13,5,28,0,0,32,4,36,0,10,45,9,64,12,2,14,78
07/23/2012,COU,MO,ACE,CE,Federal Contract Tower,0,7,14,2,23,0,1,26,12,39,0,8,40,14,62,10,14,24,86
07/24/2012,COU,MO,ACE,CE,Federal Contract Tower,0,11,8,0,19,0,2,25,0,27,0,13,33,0,46,36,0,36,82
07/25/2012,COU,MO,ACE,CE,Federal Contract Tower,0,11,23,0,34,0,0,49,0,49,0,11,72,0,83,24,0,24,107
07/26/2012,COU,MO,ACE,CE,Federal Contract Tower,0,8,12,0,20,0,0,27,0,27,0,8,39,0,47,30,0,30,77
07/27/2012,COU,MO,ACE,CE,Federal Contract Tower,0,9,18,0,27,0,0,30,0,30,0,9,48,0,57,40,0,40,97
07/28/2012,COU,MO,ACE,CE,Federal Contract Tower,0,4,10,0,14,0,0,43,1,44,0,4,53,1,58,32,0,32,90
07/29/2012,COU,MO,ACE,CE,Federal Contract Tower,0,6,10,0,16,0,0,0,0,0,0,6,10,0,16,8,0,8,24
07/30/2012,COU,MO,ACE,CE,Federal Contract Tower,0,8,4,0,12,0,0,23,0,23,0,8,27,0,35,32,0,32,67
07/31/2012,COU,MO,ACE,CE,Federal Contract Tower,0,5,17,0,22,0,0,24,0,24,0,5,41,0,46,4,0,4,50
08/01/2012,COU,MO,ACE,CE,Federal Contract Tower,0,5,7,4,16,0,2,31,0,33,0,7,38,4,49,12,8,20,69
08/02/2012,COU,MO,ACE,CE,Federal Contract Tower,0,7,13,0,20,0,0,26,4,30,0,7,39,4,50,8,0,8,58
08/03/2012,COU,MO,ACE,CE,Federal Contract Tower,0,7,11,17,35,0,0,28,2,30,0,7,39,19,65,24,12,36,101
08/04/2012,COU,MO,ACE,CE,Federal Contract Tower,0,8,20,3,31,0,0,11,18,29,0,8,31,21,60,6,34,40,100
08/05/2012,COU,MO,ACE,CE,Federal Contract Tower,0,9,12,0,21,0,0,23,0,23,0,9,35,0,44,18,0,18,62
08/06/2012,COU,MO,ACE,CE,Federal Contract Tower,0,9,14,0,23,0,0,15,0,15,0,9,29,0,38,2,0,2,40
08/07/2012,COU,MO,ACE,CE,Federal Contract Tower,0,15,16,0,31,0,1,19,0,20,0,16,35,0,51,10,0,10,61
08/08/2012,COU,MO,ACE,CE,Federal Contract Tower,0,5,11,0,16,0,0,27,0,27,0,5,38,0,43,8,0,8,51
08/09/2012,COU,MO,ACE,CE,Federal Contract Tower,0,8,14,4,26,0,0,29,0,29,0,8,43,4,55,14,12,26,81
08/10/2012,COU,MO,ACE,CE,Federal Contract Tower,0,5,19,0,24,0,0,37,0,37,0,5,56,0,61,18,0,18,79
08/11/2012,COU,MO,ACE,CE,Federal Contract Tower,0,8,4,2,14,0,0,41,2,43,0,8,45,4,57,12,0,12,69
08/12/2012,COU,MO,ACE,CE,Federal Contract Tower,0,6,13,0,19,0,0,10,0,10,0,6,23,0,29,4,0,4,33
08/13/2012,COU,MO,ACE,CE,Federal Contract Tower,0,14,5,0,19,0,0,10,0,10,0,14,15,0,29,0,0,0,29
08/14/2012,COU,MO,ACE,CE,Federal Contract Tower,0,9,18,4,31,0,0,16,2,18,0,9,34,6,49,2,2,4,53
08/15/2012,COU,MO,ACE,CE,Federal Contract Tower,0,9,14,0,23,0,0,21,0,21,0,9,35,0,44,6,0,6,50
08/16/2012,COU,MO,ACE,CE,Federal Contract Tower,0,8,8,0,16,0,0,23,0,23,0,8,31,0,39,38,0,38,77
08/17/2012,COU,MO,ACE,CE,Federal Contract Tower,0,11,16,0,27,0,0,37,0,37,0,11,53,0,64,40,0,40,104
08/18/2012,COU,MO,ACE,CE,Federal Contract Tower,0,8,16,0,24,0,0,36,0,36,0,8,52,0,60,32,0,32,92
08/19/2012,COU,MO,ACE,CE,Federal Contract Tower,0,7,13,0,20,0,0,32,0,32,0,7,45,0,52,12,0,12,64
08/20/2012,COU,MO,ACE,CE,Federal Contract Tower,0,6,13,0,19,0,0,24,3,27,0,6,37,3,46,12,0,12,58
08/21/2012,COU,MO,ACE,CE,Federal Contract Tower,0,8,21,0,29,0,0,18,2,20,0,8,39,2,49,14,2,16,65
08/22/2012,COU,MO,ACE,CE,Federal Contract Tower,0,6,14,1,21,0,0,28,0,28,0,6,42,1,49,16,2,18,67
08/23/2012,COU,MO,ACE,CE,Federal Contract Tower,0,5,13,0,18,0,0,22,0,22,0,5,35,0,40,20,0,20,60
08/24/2012,COU,MO,ACE,CE,Federal Contract Tower,0,7,12,2,21,0,0,22,1,23,0,7,34,3,44,40,10,50,94
08/25/2012,COU,MO,ACE,CE,Federal Contract Tower,0,4,6,0,10,0,0,20,2,22,0,4,26,2,32,12,0,12,44
08/26/2012,COU,MO,ACE,CE,Federal Contract Tower,0,5,13,0,18,0,0,4,0,4,0,5,17,0,22,0,0,0,22
08/27/2012,COU,MO,ACE,CE,Federal Contract Tower,0,7,8,0,15,0,0,15,2,17,0,7,23,2,32,2,0,2,34
08/28/2012,COU,MO,ACE,CE,Federal Contract Tower,0,5,14,0,19,0,0,20,4,24,0,5,34,4,43,14,0,14,57
08/29/2012,COU,MO,ACE,CE,Federal Contract Tower,0,5,16,0,21,0,0,26,2,28,0,5,42,2,49,18,2,20,69
08/30/2012,COU,MO,ACE,CE,Federal Contract Tower,0,9,13,0,22,0,0,28,2,30,0,9,41,2,52,16,2,18,70
08/31/2012,COU,MO,ACE,CE,Federal Contract Tower,1,9,14,0,24,0,0,0,0,0,1,9,14,0,24,0,0,0,24
09/01/2012,COU,MO,ACE,CE,Federal Contract Tower,0,4,10,0,14,0,0,0,0,0,0,4,10,0,14,0,0,0,14
09/02/2012,COU,MO,ACE,CE,Federal Contract Tower,0,3,8,0,11,0,0,1,0,1,0,3,9,0,12,0,0,0,12
09/03/2012,COU,MO,ACE,CE,Federal Contract Tower,0,7,7,0,14,0,0,23,0,23,0,7,30,0,37,18,0,18,55
09/04/2012,COU,MO,ACE,CE,Federal Contract Tower,0,8,12,0,20,0,0,11,0,11,0,8,23,0,31,4,0,4,35
09/05/2012,COU,MO,ACE,CE,Federal Contract Tower,0,10,11,0,21,0,0,12,0,12,0,10,23,0,33,0,0,0,33
09/06/2012,COU,MO,ACE,CE,Federal Contract Tower,0,11,19,2,32,0,0,33,2,35,0,11,52,4,67,20,2,22,89
09/07/2012,COU,MO,ACE,CE,Federal Contract Tower,0,14,15,0,29,0,0,16,0,16,0,14,31,0,45,8,0,8,53
09/08/2012,COU,MO,ACE,CE,Federal Contract Tower,1,19,39,0,59,0,2,45,0,47,1,21,84,0,106,14,0,14,120
09/09/2012,COU,MO,ACE,CE,Federal Contract Tower,0,18,21,0,39,0,0,0,0,0,0,18,21,0,39,10,0,10,49
09/10/2012,COU,MO,ACE,CE,Federal Contract Tower,0,9,15,0,24,0,2,27,0,29,0,11,42,0,53,14,0,14,67
09/11/2012,COU,MO,ACE,CE,Federal Contract Tower,0,7,23,1,31,0,0,23,2,25,0,7,46,3,56,10,2,12,68
09/12/2012,COU,MO,ACE,CE,Federal Contract Tower,0,7,27,0,34,0,0,23,4,27,0,7,50,4,61,20,10,30,91
09/13/2012,COU,MO,ACE,CE,Federal Contract Tower,0,8,11,0,19,0,0,16,0,16,0,8,27,0,35,10,0,10,45
09/14/2012,COU,MO,ACE,CE,Federal Contract Tower,3,10,19,3,35,0,0,25,6,31,3,10,44,9,66,46,12,58,124
09/15/2012,COU,MO,ACE,CE,Federal Contract Tower,2,9,21,0,32,0,0,29,0,29,2,9,50,0,61,20,0,20,81
09/16/2012,COU,MO,ACE,CE,Federal Contract Tower,2,10,27,0,39,0,0,16,0,16,2,10,43,0,55,24,0,24,79
09/17/2012,COU,MO,ACE,CE,Federal Contract Tower,0,14,13,0,27,0,0,4,0,4,0,14,17,0,31,0,0,0,31
09/18/2012,COU,MO,ACE,CE,Federal Contract Tower,0,5,25,2,32,0,0,27,4,31,0,5,52,6,63,8,8,16,79
09/19/2012,COU,MO,ACE,CE,Federal Contract Tower,0,11,19,4,34,0,0,22,2,24,0,11,41,6,58,14,0,14,72
09/20/2012,COU,MO,ACE,CE,Federal Contract Tower,0,11,19,0,30,0,0,30,0,30,0,11,49,0,60,22,0,22,82
09/21/2012,COU,MO,ACE,CE,Federal Contract Tower,1,12,23,5,41,0,0,32,0,32,1,12,55,5,73,38,0,38,111
09/22/2012,COU,MO,ACE,CE,Federal Contract Tower,0,9,12,0,21,0,0,21,0,21,0,9,33,0,42,12,0,12,54
09/23/2012,COU,MO,ACE,CE,Federal Contract Tower,0,10,11,0,21,0,0,16,0,16,0,10,27,0,37,12,0,12,49
09/24/2012,COU,MO,ACE,CE,Federal Contract Tower,0,7,15,2,24,0,2,21,0,23,0,9,36,2,47,8,0,8,55
09/25/2012,COU,MO,ACE,CE,Federal Contract Tower,0,8,16,0,24,0,0,7,0,7,0,8,23,0,31,0,0,0,31
09/26/2012,COU,MO,ACE,CE,Federal Contract Tower,0,8,10,0,18,0,0,17,0,17,0,8,27,0,35,24,0,24,59
09/27/2012,COU,MO,ACE,CE,Federal Contract Tower,0,12,19,1,32,0,0,8,1,9,0,12,27,2,41,30,2,32,73
09/28/2012,COU,MO,ACE,CE,Federal Contract Tower,4,14,25,0,43,0,0,33,0,33,4,14,58,0,76,30,0,30,106
09/29/2012,COU,MO,ACE,CE,Federal Contract Tower,2,9,6,0,17,0,0,21,0,21,2,9,27,0,38,28,2,30,68
09/30/2012,COU,MO,ACE,CE,Federal Contract Tower,0,6,10,1,17,0,0,22,0,22,0,6,32,1,39,26,0,26,65
10/01/2012,COU,MO,ACE,CE,Federal Contract Tower,0,9,14,0,23,0,0,23,0,23,0,9,37,0,46,16,0,16,62
10/02/2012,COU,MO,ACE,CE,Federal Contract Tower,0,6,20,0,26,0,0,19,0,19,0,6,39,0,45,26,0,26,71
10/03/2012,COU,MO,ACE,CE,Federal Contract Tower,0,5,15,0,20,0,0,25,3,28,0,5,40,3,48,20,8,28,76
10/04/2012,COU,MO,ACE,CE,Federal Contract Tower,0,10,20,0,30,0,0,27,0,27,0,10,47,0,57,28,0,28,85
10/05/2012,COU,MO,ACE,CE,Federal Contract Tower,2,8,20,0,30,0,0,13,0,13,2,8,33,0,43,4,0,4,47
10/06/2012,COU,MO,ACE,CE,Federal Contract Tower,1,8,8,2,19,0,0,24,1,25,1,8,32,3,44,16,2,18,62
10/07/2012,COU,MO,ACE,CE,Federal Contract Tower,0,11,25,0,36,0,0,55,2,57,0,11,80,2,93,34,0,34,127
10/08/2012,COU,MO,ACE,CE,Federal Contract Tower,0,12,10,0,22,0,0,28,4,32,0,12,38,4,54,32,0,32,86
10/09/2012,COU,MO,ACE,CE,Federal Contract Tower,0,6,20,0,26,0,0,14,2,16,0,6,34,2,42,6,2,8,50
10/10/2012,COU,MO,ACE,CE,Federal Contract Tower,0,9,26,0,35,0,0,27,0,27,0,9,53,0,62,14,0,14,76
10/11/2012,COU,MO,ACE,CE,Federal Contract Tower,0,6,27,4,37,0,0,14,2,16,0,6,41,6,53,12,8,20,73
10/12/2012,COU,MO,ACE,CE,Federal Contract Tower,2,9,31,0,42,0,0,21,0,21,2,9,52,0,63,22,0,22,85
10/13/2012,COU,MO,ACE,CE,Federal Contract Tower,4,16,55,0,75,0,0,19,0,19,4,16,74,0,94,6,0,6,100
10/14/2012,COU,MO,ACE,CE,Federal Contract Tower,0,7,22,0,29,0,2,7,0,9,0,9,29,0,38,4,0,4,42
10/15/2012,COU,MO,ACE,CE,Federal Contract Tower,0,18,11,0,29,0,0,26,0,26,0,18,37,0,55,8,0,8,63
10/16/2012,COU,MO,ACE,CE,Federal Contract Tower,0,8,23,0,31,0,2,18,0,20,0,10,41,0,51,0,0,0,51
10/17/2012,COU,MO,ACE,CE,Federal Contract Tower,0,4,10,0,14,0,0,3,0,3,0,4,13,0,17,4,0,4,21
10/18/2012,COU,MO,ACE,CE,Federal Contract Tower,0,6,12,0,18,0,0,5,8,13,0,6,17,8,31,4,0,4,35
10/19/2012,COU,MO,ACE,CE,Federal Contract Tower,0,11,21,0,32,0,0,8,2,10,0,11,29,2,42,24,2,26,68
10/20/2012,COU,MO,ACE,CE,Federal Contract Tower,0,9,8,0,17,0,0,19,0,19,0,9,27,0,36,16,0,16,52
10/21/2012,COU,MO,ACE,CE,Federal Contract Tower,0,10,12,0,22,0,0,23,0,23,0,10,35,0,45,4,0,4,49
10/22/2012,COU,MO,ACE,CE,Federal Contract Tower,0,12,17,0,29,0,0,13,0,13,0,12,30,0,42,6,0,6,48
10/23/2012,COU,MO,ACE,CE,Federal Contract Tower,0,9,26,0,35,0,2,11,0,13,0,11,37,0,48,14,0,14,62
10/24/2012,COU,MO,ACE,CE,Federal Contract Tower,0,6,17,0,23,0,0,14,4,18,0,6,31,4,41,16,0,16,57
10/25/2012,COU,MO,ACE,CE,Federal Contract Tower,0,10,21,0,31,0,0,12,0,12,0,10,33,0,43,6,0,6,49
10/26/2012,COU,MO,ACE,CE,Federal Contract Tower,2,11,27,0,40,0,0,30,2,32,2,11,57,2,72,16,4,20,92
10/27/2012,COU,MO,ACE,CE,Federal Contract Tower,2,8,26,0,36,0,0,38,0,38,2,8,64,0,74,22,0,22,96
10/28/2012,COU,MO,ACE,CE,Federal Contract Tower,0,8,22,1,31,0,0,24,2,26,0,8,46,3,57,26,0,26,83
10/29/2012,COU,MO,ACE,CE,Federal Contract Tower,0,8,22,0,30,0,2,17,0,19,0,10,39,0,49,24,0,24,73
10/30/2012,COU,MO,ACE,CE,Federal Contract Tower,0,7,15,0,22,0,2,24,0,26,0,9,39,0,48,30,2,32,80
10/31/2012,COU,MO,ACE,CE,Federal Contract Tower,0,9,14,0,23,0,0,26,0,26,0,9,40,0,49,4,0,4,53
11/01/2012,COU,MO,ACE,CE,Federal Contract Tower,0,7,17,1,25,0,0,29,0,29,0,7,46,1,54,18,0,18,72
11/02/2012,COU,MO,ACE,CE,Federal Contract Tower,2,5,15,1,23,0,1,26,0,27,2,6,41,1,50,26,0,26,76
11/03/2012,COU,MO,ACE,CE,Federal Contract Tower,2,7,7,0,16,0,0,15,2,17,2,7,22,2,33,8,4,12,45
11/04/2012,COU,MO,ACE,CE,Federal Contract Tower,0,8,15,2,25,0,0,18,6,24,0,8,33,8,49,6,0,6,55
11/05/2012,COU,MO,ACE,CE,Federal Contract Tower,0,9,15,4,28,0,0,1,0,1,0,9,16,4,29,0,0,0,29
11/06/2012,COU,MO,ACE,CE,Federal Contract Tower,0,11,10,0,21,0,0,11,0,11,0,11,21,0,32,10,0,10,42
11/07/2012,COU,MO,ACE,CE,Federal Contract Tower,1,6,16,0,23,0,0,31,0,31,1,6,47,0,54,18,0,18,72
11/08/2012,COU,MO,ACE,CE,Federal Contract Tower,0,8,16,0,24,0,0,29,0,29,0,8,45,0,53,16,0,16,69
11/09/2012,COU,MO,ACE,CE,Federal Contract Tower,2,10,14,0,26,0,0,26,0,26,2,10,40,0,52,18,0,18,70
11/10/2012,COU,MO,ACE,CE,Federal Contract Tower,2,12,10,0,24,0,0,3,0,3,2,12,13,0,27,2,0,2,29
11/11/2012,COU,MO,ACE,CE,Federal Contract Tower,0,8,9,0,17,0,0,1,0,1,0,8,10,0,18,0,0,0,18
11/12/2012,COU,MO,ACE,CE,Federal Contract Tower,0,10,22,0,32,0,0,24,0,24,0,10,46,0,56,14,0,14,70
11/13/2012,COU,MO,ACE,CE,Federal Contract Tower,0,5,20,0,25,0,0,13,0,13,0,5,33,0,38,24,0,24,62
11/14/2012,COU,MO,ACE,CE,Federal Contract Tower,0,9,15,1,25,0,0,20,2,22,0,9,35,3,47,10,2,12,59
11/15/2012,COU,MO,ACE,CE,Federal Contract Tower,0,9,19,0,28,0,0,18,0,18,0,9,37,0,46,16,0,16,62
11/16/2012,COU,MO,ACE,CE,Federal Contract Tower,2,6,20,0,28,0,0,26,0,26,2,6,46,0,54,42,0,42,96
11/17/2012,COU,MO,ACE,CE,Federal Contract Tower,1,20,13,0,34,0,0,38,0,38,1,20,51,0,72,44,0,44,116
11/18/2012,COU,MO,ACE,CE,Federal Contract Tower,0,7,13,4,24,0,0,19,0,19,0,7,32,4,43,22,0,22,65
11/19/2012,COU,MO,ACE,CE,Federal Contract Tower,0,6,15,0,21,0,0,16,0,16,0,6,31,0,37,0,0,0,37
11/20/2012,COU,MO,ACE,CE,Federal Contract Tower,2,6,13,0,21,0,0,24,0,24,2,6,37,0,45,22,0,22,67
11/21/2012,COU,MO,ACE,CE,Federal Contract Tower,0,10,20,2,32,0,0,36,2,38,0,10,56,4,70,28,16,44,114
11/22/2012,COU,MO,ACE,CE,Federal Contract Tower,0,2,4,0,6,0,2,7,0,9,0,4,11,0,15,0,0,0,15
11/23/2012,COU,MO,ACE,CE,Federal Contract Tower,2,3,3,0,8,0,0,6,0,6,2,3,9,0,14,0,0,0,14
11/24/2012,COU,MO,ACE,CE,Federal Contract Tower,4,5,2,0,11,0,0,24,0,24,4,5,26,0,35,26,0,26,61
11/25/2012,COU,MO,ACE,CE,Federal Contract Tower,0,8,23,0,31,0,0,22,0,22,0,8,45,0,53,12,0,12,65
11/26/2012,COU,MO,ACE,CE,Federal Contract Tower,0,9,17,0,26,0,0,15,0,15,0,9,32,0,41,10,0,10,51
11/27/2012,COU,MO,ACE,CE,Federal Contract Tower,2,5,20,0,27,0,0,32,0,32,2,5,52,0,59,10,0,10,69
11/28/2012,COU,MO,ACE,CE,Federal Contract Tower,0,9,13,0,22,0,0,18,0,18,0,9,31,0,40,44,0,44,84
11/29/2012,COU,MO,ACE,CE,Federal Contract Tower,0,7,26,0,33,0,0,22,0,22,0,7,48,0,55,64,0,64,119
11/30/2012,COU,MO,ACE,CE,Federal Contract Tower,0,7,19,5,31,0,0,20,0,20,0,7,39,5,51,26,6,32,83
12/01/2012,COU,MO,ACE,CE,Federal Contract Tower,2,2,6,1,11,0,0,15,0,15,2,2,21,1,26,40,0,40,66
12/02/2012,COU,MO,ACE,CE,Federal Contract Tower,0,9,14,0,23,0,2,24,0,26,0,11,38,0,49,14,0,14,63
12/03/2012,COU,MO,ACE,CE,Federal Contract Tower,0,9,12,0,21,0,0,14,0,14,0,9,26,0,35,16,0,16,51
12/04/2012,COU,MO,ACE,CE,Federal Contract Tower,0,6,11,5,22,0,0,36,9,45,0,6,47,14,67,32,6,38,105
12/05/2012,COU,MO,ACE,CE,Federal Contract Tower,0,8,16,3,27,0,0,30,1,31,0,8,46,4,58,50,4,54,112
12/06/2012,COU,MO,ACE,CE,Federal Contract Tower,0,4,20,2,26,0,0,25,0,25,0,4,45,2,51,54,0,54,105
12/07/2012,COU,MO,ACE,CE,Federal Contract Tower,0,5,18,0,23,0,0,16,0,16,0,5,34,0,39,4,0,4,43
12/08/2012,COU,MO,ACE,CE,Federal Contract Tower,2,2,12,0,16,0,0,15,0,15,2,2,27,0,31,36,0,36,67
12/09/2012,COU,MO,ACE,CE,Federal Contract Tower,0,7,11,0,18,0,0,1,0,1,0,7,12,0,19,0,0,0,19
12/10/2012,COU,MO,ACE,CE,Federal Contract Tower,0,6,9,1,16,0,0,14,0,14,0,6,23,1,30,12,4,16,46
12/11/2012,COU,MO,ACE,CE,Federal Contract Tower,2,9,12,2,25,0,0,26,0,26,2,9,38,2,51,16,0,16,67
12/12/2012,COU,MO,ACE,CE,Federal Contract Tower,0,7,21,0,28,0,0,14,1,15,0,7,35,1,43,14,0,14,57
12/13/2012,COU,MO,ACE,CE,Federal Contract Tower,0,6,23,0,29,0,0,19,0,19,0,6,42,0,48,24,0,24,72
12/14/2012,COU,MO,ACE,CE,Federal Contract Tower,0,10,15,2,27,0,0,20,5,25,0,10,35,7,52,8,6,14,66
12/15/2012,COU,MO,ACE,CE,Federal Contract Tower,2,7,10,0,19,0,0,7,0,7,2,7,17,0,26,4,0,4,30
12/16/2012,COU,MO,ACE,CE,Federal Contract Tower,0,5,13,0,18,0,0,0,0,0,0,5,13,0,18,0,0,0,18
12/17/2012,COU,MO,ACE,CE,Federal Contract Tower,0,8,14,0,22,0,0,5,0,5,0,8,19,0,27,0,0,0,27
12/18/2012,COU,MO,ACE,CE,Federal Contract Tower,0,5,17,4,26,0,1,70,3,74,0,6,87,7,100,65,33,98,198
12/19/2012,COU,MO,ACE,CE,Federal Contract Tower,0,9,8,0,17,0,0,5,0,5,0,9,13,0,22,6,0,6,28
12/20/2012,COU,MO,ACE,CE,Federal Contract Tower,0,6,3,0,9,0,0,1,0,1,0,6,4,0,10,2,0,2,12
12/21/2012,COU,MO,ACE,CE,Federal Contract Tower,0,6,17,0,23,0,0,28,0,28,0,6,45,0,51,20,0,20,71
12/22/2012,COU,MO,ACE,CE,Federal Contract Tower,2,8,7,0,17,0,0,16,0,16,2,8,23,0,33,10,0,10,43
12/23/2012,COU,MO,ACE,CE,Federal Contract Tower,0,7,6,0,13,0,0,18,0,18,0,7,24,0,31,16,0,16,47
12/24/2012,COU,MO,ACE,CE,Federal Contract Tower,0,5,4,0,9,0,0,0,0,0,0,5,4,0,9,0,0,0,9
12/25/2012,COU,MO,ACE,CE,Federal Contract Tower,2,4,0,0,6,0,0,2,0,2,2,4,2,0,8,0,0,0,8
12/26/2012,COU,MO,ACE,CE,Federal Contract Tower,0,0,8,4,12,0,0,13,2,15,0,0,21,6,27,8,6,14,41
12/27/2012,COU,MO,ACE,CE,Federal Contract Tower,0,6,11,0,17,0,0,19,0,19,0,6,30,0,36,11,0,11,47
12/28/2012,COU,MO,ACE,CE,Federal Contract Tower,0,7,7,0,14,0,0,11,0,11,0,7,18,0,25,12,0,12,37
12/29/2012,COU,MO,ACE,CE,Federal Contract Tower,1,7,8,0,16,0,0,17,0,17,1,7,25,0,33,10,0,10,43
12/30/2012,COU,MO,ACE,CE,Federal Contract Tower,0,7,17,0,24,0,0,33,0,33,0,7,50,0,57,12,0,12,69
12/31/2012,COU,MO,ACE,CE,Federal Contract Tower,0,3,3,0,6,0,0,0,0,0,0,3,3,0,6,0,0,0,6
01/01/2013,COU,MO,ACE,CE,Federal Contract Tower,0,2,2,6,10,0,0,7,0,7,0,2,9,6,17,2,0,2,19
01/02/2013,COU,MO,ACE,CE,Federal Contract Tower,0,10,12,0,22,0,0,19,0,19,0,10,31,0,41,16,0,16,57
01/03/2013,COU,MO,ACE,CE,Federal Contract Tower,0,4,6,0,10,0,0,13,0,13,0,4,19,0,23,20,0,20,43
01/04/2013,COU,MO,ACE,CE,Federal Contract Tower,0,5,9,0,14,0,0,18,0,18,0,5,27,0,32,14,0,14,46
01/05/2013,COU,MO,ACE,CE,Federal Contract Tower,3,7,12,0,22,0,0,9,0,9,3,7,21,0,31,4,0,4,35
01/06/2013,COU,MO,ACE,CE,Federal Contract Tower,2,6,7,0,15,0,0,25,0,25,2,6,32,0,40,24,0,24,64
01/07/2013,COU,MO,ACE,CE,Federal Contract Tower,1,11,25,0,37,0,0,19,2,21,1,11,44,2,58,20,0,20,78
01/08/2013,COU,MO,ACE,CE,Federal Contract Tower,2,5,13,0,20,0,0,14,0,14,2,5,27,0,34,10,0,10,44
01/09/2013,COU,MO,ACE,CE,Federal Contract Tower,0,10,21,0,31,0,0,17,5,22,0,10,38,5,53,12,6,18,71
01/10/2013,COU,MO,ACE,CE,Federal Contract Tower,0,6,19,0,25,0,0,0,0,0,0,6,19,0,25,0,0,0,25
01/11/2013,COU,MO,ACE,CE,Federal Contract Tower,0,4,25,0,29,0,0,17,6,23,0,4,42,6,52,8,2,10,62
01/12/2013,COU,MO,ACE,CE,Federal Contract Tower,3,6,5,0,14,0,0,12,4,16,3,6,17,4,30,6,0,6,36
01/13/2013,COU,MO,ACE,CE,Federal Contract Tower,1,6,6,0,13,0,0,5,0,5,1,6,11,0,18,4,0,4,22
01/14/2013,COU,MO,ACE,CE,Federal Contract Tower,0,7,17,0,24,0,2,12,0,14,0,9,29,0,38,12,0,12,50
01/15/2013,COU,MO,ACE,CE,Federal Contract Tower,2,6,17,0,25,0,0,11,0,11,2,6,28,0,36,4,0,4,40
01/16/2013,COU,MO,ACE,CE,Federal Contract Tower,0,4,20,0,24,0,0,18,2,20,0,4,38,2,44,0,0,0,44
01/17/2013,COU,MO,ACE,CE,Federal Contract Tower,0,6,15,0,21,0,0,17,0,17,0,6,32,0,38,8,0,8,46
01/18/2013,COU,MO,ACE,CE,Federal Contract Tower,3,8,16,0,27,0,0,25,0,25,3,8,41,0,52,14,0,14,66
01/19/2013,COU,MO,ACE,CE,Federal Contract Tower,4,7,6,0,17,0,0,11,0,11,4,7,17,0,28,10,0,10,38
01/20/2013,COU,MO,ACE,CE,Federal Contract Tower,0,9,11,0,20,0,0,18,0,18,0,9,29,0,38,8,0,8,46
01/21/2013,COU,MO,ACE,CE,Federal Contract Tower,0,9,14,0,23,0,0,13,0,13,0,9,27,0,36,14,0,14,50
01/22/2013,COU,MO,ACE,CE,Federal Contract Tower,2,3,12,0,17,0,0,9,0,9,2,3,21,0,26,2,0,2,28
01/23/2013,COU,MO,ACE,CE,Federal Contract Tower,0,11,14,0,25,0,0,26,0,26,0,11,40,0,51,10,0,10,61
01/24/2013,COU,MO,ACE,CE,Federal Contract Tower,0,4,20,2,26,0,0,24,2,26,0,4,44,4,52,10,8,18,70
01/25/2013,COU,MO,ACE,CE,Federal Contract Tower,0,6,22,0,28,0,0,30,0,30,0,6,52,0,58,14,0,14,72
01/26/2013,COU,MO,ACE,CE,Federal Contract Tower,2,7,6,3,18,0,0,28,0,28,2,7,34,3,46,26,0,26,72
01/27/2013,COU,MO,ACE,CE,Federal Contract Tower,0,7,10,3,20,0,0,1,0,1,0,7,11,3,21,1,0,1,22
01/28/2013,COU,MO,ACE,CE,Federal Contract Tower,0,5,13,1,19,0,0,13,0,13,0,5,26,1,32,0,0,0,32
01/29/2013,COU,MO,ACE,CE,Federal Contract Tower,4,3,4,0,11,0,0,4,0,4,4,3,8,0,15,0,0,0,15
01/30/2013,COU,MO,ACE,CE,Federal Contract Tower,0,8,11,0,19,0,0,2,0,2,0,8,13,0,21,0,0,0,21
01/31/2013,COU,MO,ACE,CE,Federal Contract Tower,0,4,21,0,25,0,0,22,0,22,0,4,43,0,47,0,0,0,47
02/01/2013,COU,MO,ACE,CE,Federal Contract Tower,1,4,26,0,31,0,0,23,2,25,1,4,49,2,56,14,20,34,90
02/02/2013,COU,MO,ACE,CE,Federal Contract Tower,3,4,16,0,23,0,0,18,0,18,3,4,34,0,41,26,0,26,67
02/03/2013,COU,MO,ACE,CE,Federal Contract Tower,0,4,15,0,19,0,0,16,0,16,0,4,31,0,35,4,0,4,39
02/04/2013,COU,MO,ACE,CE,Federal Contract Tower,0,2,18,0,20,0,0,15,2,17,0,2,33,2,37,6,0,6,43
02/05/2013,COU,MO,ACE,CE,Federal Contract Tower,2,4,8,0,14,0,2,9,0,11,2,6,17,0,25,6,0,6,31
02/06/2013,COU,MO,ACE,CE,Federal Contract Tower,0,6,24,0,30,0,0,19,7,26,0,6,43,7,56,44,0,44,100
02/07/2013,COU,MO,ACE,CE,Federal Contract Tower,0,10,18,0,28,0,0,0,0,0,0,10,18,0,28,0,0,0,28
02/08/2013,COU,MO,ACE,CE,Federal Contract Tower,0,8,11,0,19,0,0,6,2,8,0,8,17,2,27,2,0,2,29
02/09/2013,COU,MO,ACE,CE,Federal Contract Tower,2,4,15,0,21,0,0,16,0,16,2,4,31,0,37,6,0,6,43
02/10/2013,COU,MO,ACE,CE,Federal Contract Tower,0,3,7,18,28,0,0,2,3,5,0,3,9,21,33,0,6,6,39
02/11/2013,COU,MO,ACE,CE,Federal Contract Tower,0,2,8,4,14,0,0,12,0,12,0,2,20,4,26,8,0,8,34
02/12/2013,COU,MO,ACE,CE,Federal Contract Tower,2,4,7,0,13,0,0,16,4,20,2,4,23,4,33,24,14,38,71
02/13/2013,COU,MO,ACE,CE,Federal Contract Tower,2,8,29,1,40,0,0,22,0,22,2,8,51,1,62,8,0,8,70
02/14/2013,COU,MO,ACE,CE,Federal Contract Tower,0,8,11,0,19,0,0,28,1,29,0,8,39,1,48,34,2,36,84
02/15/2013,COU,MO,ACE,CE,Federal Contract Tower,0,9,15,0,24,0,0,27,4,31,0,9,42,4,55,12,0,12,67
02/16/2013,COU,MO,ACE,CE,Federal Contract Tower,2,6,7,0,15,0,0,23,0,23,2,6,30,0,38,22,0,22,60
02/17/2013,COU,MO,ACE,CE,Federal Contract Tower,0,10,2,0,12,0,0,17,3,20,0,10,19,3,32,18,4,22,54
02/18/2013,COU,MO,ACE,CE,Federal Contract Tower,0,10,14,0,24,0,0,8,0,8,0,10,22,0,32,4,0,4,36
02/19/2013,COU,MO,ACE,CE,Federal Contract Tower,2,6,9,0,17,0,0,14,4,18,2,6,23,4,35,12,2,14,49
02/20/2013,COU,MO,ACE,CE,Federal Contract Tower,0,8,25,0,33,0,1,22,2,25,0,9,47,2,58,20,4,24,82
02/21/2013,COU,MO,ACE,CE,Federal Contract Tower,0,0,1,0,1,0,0,0,0,0,0,0,1,0,1,0,0,0,1
02/22/2013,COU,MO,ACE,CE,Federal Contract Tower,0,10,10,0,20,0,0,12,0,12,0,10,22,0,32,0,0,0,32
02/23/2013,COU,MO,ACE,CE,Federal Contract Tower,2,9,12,0,23,0,0,15,0,15,2,9,27,0,38,14,0,14,52
02/24/2013,COU,MO,ACE,CE,Federal Contract Tower,0,9,7,0,16,0,0,20,0,20,0,9,27,0,36,16,0,16,52
02/25/2013,COU,MO,ACE,CE,Federal Contract Tower,0,7,20,2,29,0,0,16,0,16,0,7,36,2,45,8,4,12,57
02/26/2013,COU,MO,ACE,CE,Federal Contract Tower,2,0,0,0,2,0,0,0,0,0,2,0,0,0,2,0,0,0,2
02/27/2013,COU,MO,ACE,CE,Federal Contract Tower,1,3,6,0,10,0,0,0,0,0,1,3,6,0,10,0,0,0,10
02/28/2013,COU,MO,ACE,CE,Federal Contract Tower,1,6,16,0,23,0,0,10,0,10,1,6,26,0,33,0,0,0,33
03/01/2013,COU,MO,ACE,CE,Federal Contract Tower,1,10,16,0,27,0,0,0,0,0,1,10,16,0,27,0,0,0,27
03/02/2013,COU,MO,ACE,CE,Federal Contract Tower,2,7,19,0,28,0,0,18,1,19,2,7,37,1,47,12,0,12,59
03/03/2013,COU,MO,ACE,CE,Federal Contract Tower,0,12,10,0,22,0,0,10,0,10,0,12,20,0,32,8,0,8,40
03/04/2013,COU,MO,ACE,CE,Federal Contract Tower,0,9,6,0,15,0,0,11,0,11,0,9,17,0,26,12,2,14,40
03/05/2013,COU,MO,ACE,CE,Federal Contract Tower,2,7,7,0,16,0,0,4,0,4,2,7,11,0,20,4,0,4,24
03/06/2013,COU,MO,ACE,CE,Federal Contract Tower,0,6,20,0,26,0,0,12,0,12,0,6,32,0,38,12,0,12,50
03/07/2013,COU,MO,ACE,CE,Federal Contract Tower,2,7,24,0,33,0,0,22,2,24,2,7,46,2,57,16,22,38,95
03/08/2013,COU,MO,ACE,CE,Federal Contract Tower,0,9,9,27,45,0,0,29,1,30,0,9,38,28,75,46,14,60,135
03/09/2013,COU,MO,ACE,CE,Federal Contract Tower,2,11,12,0,25,0,0,16,0,16,2,11,28,0,41,52,0,52,93
03/10/2013,COU,MO,ACE,CE,Federal Contract Tower,0,8,3,0,11,0,0,1,0,1,0,8,4,0,12,2,0,2,14
03/11/2013,COU,MO,ACE,CE,Federal Contract Tower,0,7,7,0,14,0,0,9,0,9,0,7,16,0,23,6,0,6,29
03/12/2013,COU,MO,ACE,CE,Federal Contract Tower,4,11,17,0,32,0,0,16,2,18,4,11,33,2,50,26,4,30,80
03/13/2013,COU,MO,ACE,CE,Federal Contract Tower,0,6,17,0,23,0,0,36,0,36,0,6,53,0,59,40,0,40,99
03/14/2013,COU,MO,ACE,CE,Federal Contract Tower,0,7,20,0,27,0,0,12,0,12,0,7,32,0,39,38,0,38,77
03/15/2013,COU,MO,ACE,CE,Federal Contract Tower,0,6,19,10,35,0,0,33,4,37,0,6,52,14,72,60,12,72,144
03/16/2013,COU,MO,ACE,CE,Federal Contract Tower,4,7,14,0,25,0,0,5,0,5,4,7,19,0,30,40,0,40,70
03/17/2013,COU,MO,ACE,CE,Federal Contract Tower,0,7,4,0,11,0,0,0,0,0,0,7,4,0,11,0,0,0,11
03/18/2013,COU,MO,ACE,CE,Federal Contract Tower,0,9,11,0,20,0,0,5,0,5,0,9,16,0,25,4,0,4,29
03/19/2013,COU,MO,ACE,CE,Federal Contract Tower,4,6,24,1,35,0,0,19,0,19,4,6,43,1,54,12,0,12,66
03/20/2013,COU,MO,ACE,CE,Federal Contract Tower,0,10,14,5,29,0,0,9,8,17,0,10,23,13,46,12,0,12,58
03/21/2013,COU,MO,ACE,CE,Federal Contract Tower,0,6,20,0,26,0,0,24,0,24,0,6,44,0,50,0,0,0,50
03/22/2013,COU,MO,ACE,CE,Federal Contract Tower,2,8,24,0,34,0,0,15,0,15,2,8,39,0,49,12,0,12,61
03/23/2013,COU,MO,ACE,CE,Federal Contract Tower,2,9,12,0,23,0,0,14,0,14,2,9,26,0,37,10,0,10,47
03/24/2013,COU,MO,ACE,CE,Federal Contract Tower,0,1,0,0,1,0,0,0,0,0,0,1,0,0,1,0,0,0,1
03/25/2013,COU,MO,ACE,CE,Federal Contract Tower,0,6,14,0,20,0,0,1,0,1,0,6,15,0,21,2,0,2,23
03/26/2013,COU,MO,ACE,CE,Federal Contract Tower,2,8,9,0,19,0,0,25,0,25,2,8,34,0,44,36,0,36,80
03/27/2013,COU,MO,ACE,CE,Federal Contract Tower,1,5,9,0,15,0,0,10,1,11,1,5,19,1,26,12,2,14,40
03/28/2013,COU,MO,ACE,CE,Federal Contract Tower,0,7,18,0,25,0,0,29,0,29,0,7,47,0,54,36,0,36,90
03/29/2013,COU,MO,ACE,CE,Federal Contract Tower,0,9,9,0,18,0,0,23,8,31,0,9,32,8,49,34,32,66,115
03/30/2013,COU,MO,ACE,CE,Federal Contract Tower,2,9,14,0,25,0,0,0,0,0,2,9,14,0,25,0,0,0,25
03/31/2013,COU,MO,ACE,CE,Federal Contract Tower,0,14,7,0,21,0,0,16,0,16,0,14,23,0,37,10,0,10,47
04/01/2013,COU,MO,ACE,CE,Federal Contract Tower,0,5,15,0,20,0,0,20,2,22,0,5,35,2,42,36,0,36,78
04/02/2013,COU,MO,ACE,CE,Federal Contract Tower,2,8,10,0,20,0,0,29,2,31,2,8,39,2,51,60,0,60,111
04/03/2013,COU,MO,ACE,CE,Federal Contract Tower,0,8,13,0,21,0,0,20,2,22,0,8,33,2,43,18,6,24,67
04/04/2013,COU,MO,ACE,CE,Federal Contract Tower,0,7,24,0,31,0,2,26,0,28,0,9,50,0,59,10,0,10,69
04/05/2013,COU,MO,ACE,CE,Federal Contract Tower,0,7,14,0,21,0,0,39,0,39,0,7,53,0,60,34,0,34,94
04/06/2013,COU,MO,ACE,CE,Federal Contract Tower,0,7,6,0,13,0,0,13,0,13,0,7,19,0,26,8,0,8,34
04/07/2013,COU,MO,ACE,CE,Federal Contract Tower,0,5,7,0,12,0,0,18,2,20,0,5,25,2,32,22,0,22,54
04/08/2013,COU,MO,ACE,CE,Federal Contract Tower,2,7,6,1,16,0,0,12,0,12,2,7,18,1,28,6,2,8,36
04/09/2013,COU,MO,ACE,CE,Federal Contract Tower,2,5,7,0,14,0,0,11,0,11,2,5,18,0,25,30,0,30,55
04/10/2013,COU,MO,ACE,CE,Federal Contract Tower,0,10,3,0,13,0,0,5,0,5,0,10,8,0,18,4,0,4,22
04/11/2013,COU,MO,ACE,CE,Federal Contract Tower,1,7,13,0,21,0,0,17,0,17,1,7,30,0,38,42,0,42,80
04/12/2013,COU,MO,ACE,CE,Federal Contract Tower,2,7,21,16,46,0,0,18,6,24,2,7,39,22,70,12,26,38,108
04/13/2013,COU,MO,ACE,CE,Federal Contract Tower,0,5,16,6,27,0,0,25,0,25,0,5,41,6,52,16,0,16,68
04/14/2013,COU,MO,ACE,CE,Federal Contract Tower,0,8,9,0,17,0,0,16,4,20,0,8,25,4,37,14,0,14,51
04/15/2013,COU,MO,ACE,CE,Federal Contract Tower,2,11,8,0,21,0,0,7,0,7,2,11,15,0,28,22,0,22,50
04/16/2013,COU,MO,ACE,CE,Federal Contract Tower,0,3,13,0,16,0,0,1,0,1,0,3,14,0,17,2,0,2,19
04/17/2013,COU,MO,ACE,CE,Federal Contract Tower,0,12,11,1,24,0,0,4,0,4,0,12,15,1,28,10,0,10,38
04/18/2013,COU,MO,ACE,CE,Federal Contract Tower,0,6,7,2,15,0,0,0,0,0,0,6,7,2,15,0,0,0,15
04/19/2013,COU,MO,ACE,CE,Federal Contract Tower,1,13,33,0,47,0,17,0,0,17,1,30,33,0,64,10,0,10,74
04/20/2013,COU,MO,ACE,CE,Federal Contract Tower,0,7,10,4,21,0,0,33,2,35,0,7,43,6,56,50,0,50,106
04/21/2013,COU,MO,ACE,CE,Federal Contract Tower,0,5,12,2,19,0,0,17,0,17,0,5,29,2,36,14,0,14,50
04/22/2013,COU,MO,ACE,CE,Federal Contract Tower,2,7,23,0,32,0,0,19,0,19,2,7,42,0,51,10,0,10,61
04/23/2013,COU,MO,ACE,CE,Federal Contract Tower,0,5,11,0,16,0,0,1,0,1,0,5,12,0,17,2,0,2,19
04/24/2013,COU,MO,ACE,CE,Federal Contract Tower,0,6,19,1,26,0,0,26,4,30,0,6,45,5,56,10,2,12,68
04/25/2013,COU,MO,ACE,CE,Federal Contract Tower,2,12,25,0,39,0,0,38,2,40,2,12,63,2,79,16,20,36,115
04/26/2013,COU,MO,ACE,CE,Federal Contract Tower,2,8,21,1,32,0,0,15,0,15,2,8,36,1,47,8,0,8,55
04/27/2013,COU,MO,ACE,CE,Federal Contract Tower,0,12,9,0,21,0,0,0,0,0,0,12,9,0,21,0,0,0,21
04/28/2013,COU,MO,ACE,CE,Federal Contract Tower,0,10,17,0,27,0,1,18,0,19,0,11,35,0,46,52,0,52,98
04/29/2013,COU,MO,ACE,CE,Federal Contract Tower,2,5,16,0,23,0,0,18,0,18,2,5,34,0,41,16,0,16,57
04/30/2013,COU,MO,ACE,CE,Federal Contract Tower,0,8,17,2,27,0,0,23,0,23,0,8,40,2,50,38,2,40,90
05/01/2013,COU,MO,ACE,CE,Federal Contract Tower,0,5,30,0,35,0,0,21,0,21,0,5,51,0,56,18,0,18,74
05/02/2013,COU,MO,ACE,CE,Federal Contract Tower,0,10,18,0,28,0,0,0,0,0,0,10,18,0,28,0,0,0,28
05/03/2013,COU,MO,ACE,CE,Federal Contract Tower,2,9,15,0,26,0,0,0,0,0,2,9,15,0,26,0,0,0,26
05/04/2013,COU,MO,ACE,CE,Federal Contract Tower,0,5,9,0,14,0,0,5,0,5,0,5,14,0,19,28,0,28,47
05/05/2013,COU,MO,ACE,CE,Federal Contract Tower,0,5,14,0,19,0,0,3,0,3,0,5,17,0,22,26,0,26,48
05/06/2013,COU,MO,ACE,CE,Federal Contract Tower,2,5,11,3,21,0,0,20,0,20,2,5,31,3,41,48,0,48,89
05/07/2013,COU,MO,ACE,CE,Federal Contract Tower,0,5,11,0,16,0,0,22,2,24,0,5,33,2,40,16,0,16,56
05/08/2013,COU,MO,ACE,CE,Federal Contract Tower,0,16,19,0,35,0,0,21,0,21,0,16,40,0,56,30,0,30,86
05/09/2013,COU,MO,ACE,CE,Federal Contract Tower,0,5,5,0,10,0,0,10,0,10,0,5,15,0,20,6,0,6,26
05/10/2013,COU,MO,ACE,CE,Federal Contract Tower,2,7,31,0,40,0,0,7,0,7,2,7,38,0,47,2,0,2,49
05/11/2013,COU,MO,ACE,CE,Federal Contract Tower,0,5,8,1,14,0,0,15,0,15,0,5,23,1,29,12,2,14,43
05/12/2013,COU,MO,ACE,CE,Federal Contract Tower,0,6,15,9,30,0,0,29,0,29,0,6,44,9,59,10,6,16,75
05/13/2013,COU,MO,ACE,CE,Federal Contract Tower,2,9,11,0,22,0,0,28,0,28,2,9,39,0,50,40,0,40,90
05/14/2013,COU,MO,ACE,CE,Federal Contract Tower,0,7,21,0,28,0,0,25,0,25,0,7,46,0,53,20,0,20,73
05/15/2013,COU,MO,ACE,CE,Federal Contract Tower,2,8,20,3,33,0,0,35,3,38,2,8,55,6,71,24,6,30,101
05/16/2013,COU,MO,ACE,CE,Federal Contract Tower,0,10,15,0,25,0,0,16,0,16,0,10,31,0,41,6,0,6,47
05/17/2013,COU,MO,ACE,CE,Federal Contract Tower,0,5,17,0,22,0,0,27,4,31,0,5,44,4,53,24,0,24,77
05/18/2013,COU,MO,ACE,CE,Federal Contract Tower,3,7,12,0,22,0,0,25,0,25,3,7,37,0,47,20,0,20,67
05/19/2013,COU,MO,ACE,CE,Federal Contract Tower,1,6,10,0,17,0,0,9,0,9,1,6,19,0,26,0,0,0,26
05/20/2013,COU,MO,ACE,CE,Federal Contract Tower,0,5,12,0,17,0,0,12,0,12,0,5,24,0,29,16,0,16,45
05/21/2013,COU,MO,ACE,CE,Federal Contract Tower,0,5,11,0,16,0,0,27,0,27,0,5,38,0,43,34,0,34,77
05/22/2013,COU,MO,ACE,CE,Federal Contract Tower,0,9,16,2,27,0,0,24,0,24,0,9,40,2,51,40,2,42,93
05/23/2013,COU,MO,ACE,CE,Federal Contract Tower,0,12,13,0,25,0,0,28,0,28,0,12,41,0,53,46,0,46,99
05/24/2013,COU,MO,ACE,CE,Federal Contract Tower,0,7,9,1,17,0,0,78,0,78,0,7,87,1,95,48,0,48,143
05/25/2013,COU,MO,ACE,CE,Federal Contract Tower,2,8,3,0,13,0,0,18,4,22,2,8,21,4,35,36,4,40,75
05/26/2013,COU,MO,ACE,CE,Federal Contract Tower,1,6,5,0,12,0,0,23,0,23,1,6,28,0,35,82,4,86,121
05/27/2013,COU,MO,ACE,CE,Federal Contract Tower,0,12,13,0,25,0,0,19,0,19,0,12,32,0,44,10,0,10,54
05/28/2013,COU,MO,ACE,CE,Federal Contract Tower,0,6,11,0,17,0,0,14,0,14,0,6,25,0,31,16,0,16,47
05/29/2013,COU,MO,ACE,CE,Federal Contract Tower,0,8,17,0,25,0,0,33,0,33,0,8,50,0,58,38,0,38,96
05/30/2013,COU,MO,ACE,CE,Federal Contract Tower,0,13,12,0,25,0,0,13,0,13,0,13,25,0,38,10,0,10,48
05/31/2013,COU,MO,ACE,CE,Federal Contract Tower,0,11,12,0,23,0,0,10,0,10,0,11,22,0,33,0,0,0,33
06/01/2013,COU,MO,ACE,CE,Federal Contract Tower,0,12,10,0,22,0,0,68,0,68,0,12,78,0,90,24,0,24,114
06/02/2013,COU,MO,ACE,CE,Federal Contract Tower,0,6,13,0,19,0,0,28,0,28,0,6,41,0,47,10,0,10,57
06/03/2013,COU,MO,ACE,CE,Federal Contract Tower,0,5,21,0,26,0,0,26,1,27,0,5,47,1,53,24,0,24,77
06/04/2013,COU,MO,ACE,CE,Federal Contract Tower,0,6,18,0,24,0,0,27,0,27,0,6,45,0,51,14,0,14,65
06/05/2013,COU,MO,ACE,CE,Federal Contract Tower,0,7,21,0,28,0,0,26,0,26,0,7,47,0,54,4,0,4,58
06/06/2013,COU,MO,ACE,CE,Federal Contract Tower,0,5,17,0,22,0,0,49,4,53,0,5,66,4,75,28,0,28,103
06/07/2013,COU,MO,ACE,CE,Federal Contract Tower,0,7,17,0,24,0,0,40,0,40,0,7,57,0,64,32,0,32,96
06/08/2013,COU,MO,ACE,CE,Federal Contract Tower,0,5,10,0,15,0,0,34,0,34,0,5,44,0,49,40,0,40,89
06/09/2013,COU,MO,ACE,CE,Federal Contract Tower,0,4,7,0,11,0,0,17,0,17,0,4,24,0,28,16,0,16,44
06/10/2013,COU,MO,ACE,CE,Federal Contract Tower,0,5,23,0,28,0,0,24,0,24,0,5,47,0,52,38,0,38,90
06/11/2013,COU,MO,ACE,CE,Federal Contract Tower,0,8,6,0,14,0,0,18,0,18,0,8,24,0,32,16,0,16,48
06/12/2013,COU,MO,ACE,CE,Federal Contract Tower,0,7,19,0,26,0,0,13,0,13,0,7,32,0,39,12,0,12,51
06/13/2013,COU,MO,ACE,CE,Federal Contract Tower,0,7,15,0,22,0,0,34,0,34,0,7,49,0,56,32,0,32,88
06/14/2013,COU,MO,ACE,CE,Federal Contract Tower,0,7,21,0,28,0,0,33,0,33,0,7,54,0,61,18,0,18,79
06/15/2013,COU,MO,ACE,CE,Federal Contract Tower,0,3,3,0,6,0,0,14,4,18,0,3,17,4,24,12,0,12,36
06/16/2013,COU,MO,ACE,CE,Federal Contract Tower,2,5,10,0,17,0,0,7,0,7,2,5,17,0,24,6,0,6,30
06/17/2013,COU,MO,ACE,CE,Federal Contract Tower,0,6,11,0,17,0,0,8,0,8,0,6,19,0,25,12,0,12,37
06/18/2013,COU,MO,ACE,CE,Federal Contract Tower,0,4,10,2,16,0,0,28,0,28,0,4,38,2,44,20,0,20,64
06/19/2013,COU,MO,ACE,CE,Federal Contract Tower,0,8,10,0,18,0,0,16,0,16,0,8,26,0,34,38,0,38,72
06/20/2013,COU,MO,ACE,CE,Federal Contract Tower,0,6,11,0,17,0,0,30,0,30,0,6,41,0,47,0,0,0,47
06/21/2013,COU,MO,ACE,CE,Federal Contract Tower,0,3,20,0,23,0,0,15,0,15,0,3,35,0,38,0,0,0,38
06/22/2013,COU,MO,ACE,CE,Federal Contract Tower,0,4,8,0,12,0,0,21,0,21,0,4,29,0,33,10,0,10,43
06/23/2013,COU,MO,ACE,CE,Federal Contract Tower,2,6,4,1,13,0,0,17,0,17,2,6,21,1,30,8,2,10,40
06/24/2013,COU,MO,ACE,CE,Federal Contract Tower,0,7,16,0,23,0,0,12,0,12,0,7,28,0,35,0,0,0,35
06/25/2013,COU,MO,ACE,CE,Federal Contract Tower,0,7,10,1,18,0,1,18,1,20,0,8,28,2,38,13,0,13,51
06/26/2013,COU,MO,ACE,CE,Federal Contract Tower,0,10,19,0,29,0,0,14,0,14,0,10,33,0,43,4,0,4,47
06/27/2013,COU,MO,ACE,CE,Federal Contract Tower,0,9,12,0,21,0,0,34,0,34,0,9,46,0,55,14,0,14,69
06/28/2013,COU,MO,ACE,CE,Federal Contract Tower,0,8,18,0,26,0,0,37,0,37,0,8,55,0,63,18,0,18,81
06/29/2013,COU,MO,ACE,CE,Federal Contract Tower,0,4,6,0,10,0,0,34,0,34,0,4,40,0,44,20,0,20,64
06/30/2013,COU,MO,ACE,CE,Federal Contract Tower,0,10,17,3,30,0,0,25,0,25,0,10,42,3,55,14,2,16,71
07/01/2013,COU,MO,ACE,CE,Federal Contract Tower,0,7,16,0,23,0,0,21,0,21,0,7,37,0,44,16,0,16,60
07/02/2013,COU,MO,ACE,CE,Federal Contract Tower,0,5,5,0,10,0,0,23,0,23,0,5,28,0,33,30,0,30,63
07/03/2013,COU,MO,ACE,CE,Federal Contract Tower,0,5,15,0,20,0,0,36,0,36,0,5,51,0,56,46,0,46,102
07/04/2013,COU,MO,ACE,CE,Federal Contract Tower,0,3,9,0,12,0,0,27,0,27,0,3,36,0,39,18,0,18,57
07/05/2013,COU,MO,ACE,CE,Federal Contract Tower,0,5,5,0,10,0,0,21,0,21,0,5,26,0,31,18,0,18,49
07/06/2013,COU,MO,ACE,CE,Federal Contract Tower,0,3,10,0,13,0,0,20,0,20,0,3,30,0,33,18,0,18,51
07/07/2013,COU,MO,ACE,CE,Federal Contract Tower,0,5,17,0,22,0,0,25,0,25,0,5,42,0,47,14,0,14,61
07/08/2013,COU,MO,ACE,CE,Federal Contract Tower,1,7,6,0,14,0,0,20,0,20,1,7,26,0,34,24,0,24,58
07/09/2013,COU,MO,ACE,CE,Federal Contract Tower,0,6,9,0,15,0,0,17,0,17,0,6,26,0,32,12,2,14,46
07/10/2013,COU,MO,ACE,CE,Federal Contract Tower,0,4,16,0,20,0,0,17,0,17,0,4,33,0,37,0,0,0,37
07/11/2013,COU,MO,ACE,CE,Federal Contract Tower,0,6,14,0,20,0,0,32,0,32,0,6,46,0,52,18,0,18,70
07/12/2013,COU,MO,ACE,CE,Federal Contract Tower,1,8,8,0,17,0,0,34,0,34,1,8,42,0,51,20,0,20,71
07/13/2013,COU,MO,ACE,CE,Federal Contract Tower,0,3,14,3,20,0,0,29,3,32,0,3,43,6,52,40,8,48,100
07/14/2013,COU,MO,ACE,CE,Federal Contract Tower,0,8,6,0,14,0,0,17,0,17,0,8,23,0,31,10,0,10,41
07/15/2013,COU,MO,ACE,CE,Federal Contract Tower,0,5,14,0,19,0,0,15,0,15,0,5,29,0,34,44,0,44,78
07/16/2013,COU,MO,ACE,CE,Federal Contract Tower,0,5,5,0,10,0,0,20,0,20,0,5,25,0,30,10,0,10,40
07/17/2013,COU,MO,ACE,CE,Federal Contract Tower,0,8,8,0,16,0,0,31,0,31,0,8,39,0,47,68,0,68,115
07/18/2013,COU,MO,ACE,CE,Federal Contract Tower,0,7,11,0,18,0,0,25,0,25,0,7,36,0,43,14,0,14,57
07/19/2013,COU,MO,ACE,CE,Federal Contract Tower,0,5,15,0,20,0,0,22,0,22,0,5,37,0,42,0,0,0,42
07/20/2013,COU,MO,ACE,CE,Federal Contract Tower,0,4,5,0,9,0,0,36,0,36,0,4,41,0,45,26,0,26,71
07/21/2013,COU,MO,ACE,CE,Federal Contract Tower,0,8,9,0,17,0,0,14,0,14,0,8,23,0,31,14,0,14,45
07/22/2013,COU,MO,ACE,CE,Federal Contract Tower,0,6,21,0,27,0,0,17,0,17,0,6,38,0,44,18,0,18,62
07/23/2013,COU,MO,ACE,CE,Federal Contract Tower,0,7,15,0,22,0,0,32,0,32,0,7,47,0,54,2,0,2,56
07/24/2013,COU,MO,ACE,CE,Federal Contract Tower,0,8,10,0,18,0,0,25,0,25,0,8,35,0,43,10,0,10,53
07/25/2013,COU,MO,ACE,CE,Federal Contract Tower,0,11,20,0,31,0,0,30,0,30,0,11,50,0,61,24,0,24,85
07/26/2013,COU,MO,ACE,CE,Federal Contract Tower,0,6,18,0,24,0,0,7,0,7,0,6,25,0,31,4,0,4,35
07/27/2013,COU,MO,ACE,CE,Federal Contract Tower,0,5,14,0,19,0,0,26,0,26,0,5,40,0,45,16,0,16,61
07/28/2013,COU,MO,ACE,CE,Federal Contract Tower,0,9,13,0,22,0,0,32,0,32,0,9,45,0,54,20,0,20,74
07/29/2013,COU,MO,ACE,CE,Federal Contract Tower,0,6,4,0,10,0,0,8,0,8,0,6,12,0,18,12,0,12,30
07/30/2013,COU,MO,ACE,CE,Federal Contract Tower,0,5,18,0,23,0,0,10,0,10,0,5,28,0,33,6,0,6,39
07/31/2013,COU,MO,ACE,CE,Federal Contract Tower,0,6,28,0,34,0,0,12,0,12,0,6,40,0,46,6,0,6,52
08/01/2013,COU,MO,ACE,CE,Federal Contract Tower,1,6,11,0,18,0,0,27,0,27,1,6,38,0,45,28,0,28,73
08/02/2013,COU,MO,ACE,CE,Federal Contract Tower,0,9,19,0,28,0,0,19,0,19,0,9,38,0,47,0,0,0,47
08/03/2013,COU,MO,ACE,CE,Federal Contract Tower,0,4,5,0,9,0,0,21,0,21,0,4,26,0,30,8,0,8,38
08/04/2013,COU,MO,ACE,CE,Federal Contract Tower,0,9,11,0,20,0,0,24,2,26,0,9,35,2,46,44,0,44,90
08/05/2013,COU,MO,ACE,CE,Federal Contract Tower,0,10,14,0,24,0,0,10,0,10,0,10,24,0,34,16,0,16,50
08/06/2013,COU,MO,ACE,CE,Federal Contract Tower,0,11,1,0,12,0,0,7,2,9,0,11,8,2,21,12,6,18,39
08/07/2013,COU,MO,ACE,CE,Federal Contract Tower,0,5,23,0,28,0,0,5,0,5,0,5,28,0,33,0,0,0,33
08/08/2013,COU,MO,ACE,CE,Federal Contract Tower,0,8,13,0,21,0,0,10,0,10,0,8,23,0,31,26,0,26,57
08/09/2013,COU,MO,ACE,CE,Federal Contract Tower,0,7,14,1,22,0,0,12,0,12,0,7,26,1,34,0,0,0,34
08/10/2013,COU,MO,ACE,CE,Federal Contract Tower,0,12,8,0,20,0,0,15,10,25,0,12,23,10,45,8,0,8,53
08/11/2013,COU,MO,ACE,CE,Federal Contract Tower,0,5,10,0,15,0,0,20,0,20,0,5,30,0,35,22,0,22,57
08/12/2013,COU,MO,ACE,CE,Federal Contract Tower,0,9,6,0,15,0,0,4,0,4,0,9,10,0,19,4,0,4,23
08/13/2013,COU,MO,ACE,CE,Federal Contract Tower,0,6,7,0,13,0,0,15,0,15,0,6,22,0,28,14,0,14,42
08/14/2013,COU,MO,ACE,CE,Federal Contract Tower,0,10,29,0,39,0,0,23,0,23,0,10,52,0,62,24,0,24,86
08/15/2013,COU,MO,ACE,CE,Federal Contract Tower,0,5,15,0,20,0,0,33,2,35,0,5,48,2,55,30,0,30,85
08/16/2013,COU,MO,ACE,CE,Federal Contract Tower,0,5,16,0,21,0,0,31,0,31,0,5,47,0,52,18,0,18,70
08/17/2013,COU,MO,ACE,CE,Federal Contract Tower,0,2,10,0,12,0,0,33,0,33,0,2,43,0,45,12,0,12,57
08/18/2013,COU,MO,ACE,CE,Federal Contract Tower,0,8,15,0,23,0,0,18,0,18,0,8,33,0,41,22,0,22,63
08/19/2013,COU,MO,ACE,CE,Federal Contract Tower,0,5,9,0,14,0,0,16,0,16,0,5,25,0,30,32,0,32,62
08/20/2013,COU,MO,ACE,CE,Federal Contract Tower,0,5,8,3,16,0,0,28,1,29,0,5,36,4,45,20,0,20,65
08/21/2013,COU,MO,ACE,CE,Federal Contract Tower,0,7,14,0,21,0,0,24,2,26,0,7,38,2,47,16,4,20,67
08/22/2013,COU,MO,ACE,CE,Federal Contract Tower,0,6,10,0,16,0,0,30,0,30,0,6,40,0,46,22,0,22,68
08/23/2013,COU,MO,ACE,CE,Federal Contract Tower,0,9,14,39,62,0,0,26,10,36,0,9,40,49,98,14,42,56,154
08/24/2013,COU,MO,ACE,CE,Federal Contract Tower,0,7,6,0,13,0,0,23,0,23,0,7,29,0,36,6,0,6,42
08/25/2013,COU,MO,ACE,CE,Federal Contract Tower,0,4,12,4,20,0,0,28,0,28,0,4,40,4,48,24,4,28,76
08/26/2013,COU,MO,ACE,CE,Federal Contract Tower,0,6,18,0,24,0,0,19,0,19,0,6,37,0,43,26,0,26,69
08/27/2013,COU,MO,ACE,CE,Federal Contract Tower,0,5,14,0,19,0,0,11,0,11,0,5,25,0,30,18,0,18,48
08/28/2013,COU,MO,ACE,CE,Federal Contract Tower,0,7,13,0,20,0,0,16,0,16,0,7,29,0,36,2,0,2,38
08/29/2013,COU,MO,ACE,CE,Federal Contract Tower,0,5,16,0,21,0,0,28,0,28,0,5,44,0,49,24,0,24,73
08/30/2013,COU,MO,ACE,CE,Federal Contract Tower,0,11,17,0,28,0,0,21,0,21,0,11,38,0,49,16,0,16,65
08/31/2013,COU,MO,ACE,CE,Federal Contract Tower,0,3,12,0,15,0,0,31,0,31,0,3,43,0,46,18,0,18,64
09/01/2013,COU,MO,ACE,CE,Federal Contract Tower,4,5,6,3,18,0,0,18,0,18,4,5,24,3,36,6,2,8,44
09/02/2013,COU,MO,ACE,CE,Federal Contract Tower,0,5,9,0,14,0,0,23,0,23,0,5,32,0,37,24,0,24,61
09/03/2013,COU,MO,ACE,CE,Federal Contract Tower,0,5,15,0,20,0,0,13,3,16,0,5,28,3,36,30,10,40,76
09/04/2013,COU,MO,ACE,CE,Federal Contract Tower,0,6,15,0,21,0,0,23,2,25,0,6,38,2,46,18,0,18,64
09/05/2013,COU,MO,ACE,CE,Federal Contract Tower,0,5,16,0,21,0,0,24,3,27,0,5,40,3,48,22,20,42,90
09/06/2013,COU,MO,ACE,CE,Federal Contract Tower,3,6,18,0,27,0,0,37,2,39,3,6,55,2,66,24,0,24,90
09/07/2013,COU,MO,ACE,CE,Federal Contract Tower,1,13,13,0,27,0,0,39,0,39,1,13,52,0,66,20,0,20,86
09/08/2013,COU,MO,ACE,CE,Federal Contract Tower,0,9,18,2,29,0,0,21,0,21,0,9,39,2,50,44,0,44,94
09/09/2013,COU,MO,ACE,CE,Federal Contract Tower,0,9,16,0,25,0,0,19,2,21,0,9,35,2,46,20,2,22,68
09/10/2013,COU,MO,ACE,CE,Federal Contract Tower,0,5,18,0,23,0,0,26,2,28,0,5,44,2,51,22,10,32,83
09/11/2013,COU,MO,ACE,CE,Federal Contract Tower,0,7,15,0,22,0,0,25,0,25,0,7,40,0,47,22,0,22,69
09/12/2013,COU,MO,ACE,CE,Federal Contract Tower,0,9,17,0,26,0,0,41,0,41,0,9,58,0,67,38,0,38,105
09/13/2013,COU,MO,ACE,CE,Federal Contract Tower,0,10,11,0,21,0,0,27,0,27,0,10,38,0,48,22,0,22,70
09/14/2013,COU,MO,ACE,CE,Federal Contract Tower,0,6,7,0,13,0,0,36,0,36,0,6,43,0,49,18,0,18,67
09/15/2013,COU,MO,ACE,CE,Federal Contract Tower,0,6,4,0,10,0,0,15,0,15,0,6,19,0,25,10,0,10,35
09/16/2013,COU,MO,ACE,CE,Federal Contract Tower,0,9,8,4,21,0,0,5,0,5,0,9,13,4,26,8,8,16,42
09/17/2013,COU,MO,ACE,CE,Federal Contract Tower,0,6,5,0,11,0,0,0,0,0,0,6,5,0,11,2,0,2,13
09/18/2013,COU,MO,ACE,CE,Federal Contract Tower,0,7,19,0,26,0,0,25,1,26,0,7,44,1,52,16,2,18,70
09/19/2013,COU,MO,ACE,CE,Federal Contract Tower,2,6,20,0,28,0,0,35,0,35,2,6,55,0,63,34,0,34,97
09/20/2013,COU,MO,ACE,CE,Federal Contract Tower,2,10,17,3,32,0,0,25,0,25,2,10,42,3,57,30,0,30,87
09/21/2013,COU,MO,ACE,CE,Federal Contract Tower,0,7,9,0,16,0,0,34,6,40,0,7,43,6,56,22,18,40,96
09/22/2013,COU,MO,ACE,CE,Federal Contract Tower,2,11,11,0,24,0,0,27,3,30,2,11,38,3,54,26,10,36,90
09/23/2013,COU,MO,ACE,CE,Federal Contract Tower,0,7,22,0,29,0,0,16,1,17,0,7,38,1,46,6,8,14,60
09/24/2013,COU,MO,ACE,CE,Federal Contract Tower,0,7,26,0,33,0,0,20,0,20,0,7,46,0,53,22,0,22,75
09/25/2013,COU,MO,ACE,CE,Federal Contract Tower,0,7,12,0,19,0,0,13,0,13,0,7,25,0,32,22,0,22,54
09/26/2013,COU,MO,ACE,CE,Federal Contract Tower,0,9,17,2,28,0,0,29,0,29,0,9,46,2,57,20,0,20,77
09/27/2013,COU,MO,ACE,CE,Federal Contract Tower,0,6,22,1,29,0,0,34,0,34,0,6,56,1,63,24,0,24,87
09/28/2013,COU,MO,ACE,CE,Federal Contract Tower,0,7,14,0,21,0,0,11,0,11,0,7,25,0,32,6,0,6,38
09/29/2013,COU,MO,ACE,CE,Federal Contract Tower,0,7,20,0,27,0,0,28,0,28,0,7,48,0,55,14,0,14,69
09/30/2013,COU,MO,ACE,CE,Federal Contract Tower,0,8,34,0,42,0,0,3,0,3,0,8,37,0,45,16,0,16,61
10/01/2013,COU,MO,ACE,CE,Federal Contract Tower,0,7,11,0,18,0,0,11,0,11,0,7,22,0,29,14,0,14,43
10/02/2013,COU,MO,ACE,CE,Federal Contract Tower,0,8,7,0,15,0,0,14,0,14,0,8,21,0,29,2,0,2,31
10/03/2013,COU,MO,ACE,CE,Federal Contract Tower,0,6,21,0,27,0,0,23,0,23,0,6,44,0,50,6,0,6,56
10/04/2013,COU,MO,ACE,CE,Federal Contract Tower,2,9,17,1,29,0,0,30,0,30,2,9,47,1,59,26,0,26,85
10/05/2013,COU,MO,ACE,CE,Federal Contract Tower,0,10,4,0,14,0,0,2,0,2,0,10,6,0,16,0,0,0,16
10/06/2013,COU,MO,ACE,CE,Federal Contract Tower,0,13,8,0,21,0,0,15,0,15,0,13,23,0,36,6,0,6,42
10/07/2013,COU,MO,ACE,CE,Federal Contract Tower,0,6,10,0,16,0,0,45,0,45,0,6,55,0,61,24,0,24,85
10/08/2013,COU,MO,ACE,CE,Federal Contract Tower,0,5,12,0,17,0,0,16,0,16,0,5,28,0,33,34,0,34,67
10/09/2013,COU,MO,ACE,CE,Federal Contract Tower,0,7,18,0,25,0,0,30,0,30,0,7,48,0,55,14,0,14,69
10/10/2013,COU,MO,ACE,CE,Federal Contract Tower,0,10,19,0,29,0,0,38,0,38,0,10,57,0,67,36,0,36,103
10/11/2013,COU,MO,ACE,CE,Federal Contract Tower,2,12,17,0,31,0,0,34,0,34,2,12,51,0,65,20,0,20,85
10/12/2013,COU,MO,ACE,CE,Federal Contract Tower,3,6,9,0,18,0,0,24,0,24,3,6,33,0,42,12,0,12,54
10/13/2013,COU,MO,ACE,CE,Federal Contract Tower,0,13,8,0,21,0,0,19,0,19,0,13,27,0,40,44,0,44,84
10/14/2013,COU,MO,ACE,CE,Federal Contract Tower,0,11,9,0,20,0,0,19,0,19,0,11,28,0,39,26,0,26,65
10/15/2013,COU,MO,ACE,CE,Federal Contract Tower,0,6,15,0,21,0,0,5,0,5,0,6,20,0,26,18,0,18,44
10/16/2013,COU,MO,ACE,CE,Federal Contract Tower,0,6,20,0,26,0,0,13,0,13,0,6,33,0,39,24,0,24,63
10/17/2013,COU,MO,ACE,CE,Federal Contract Tower,0,9,10,0,19,0,0,23,0,23,0,9,33,0,42,0,0,0,42
10/18/2013,COU,MO,ACE,CE,Federal Contract Tower,3,17,17,0,37,0,0,20,0,20,3,17,37,0,57,4,0,4,61
10/19/2013,COU,MO,ACE,CE,Federal Contract Tower,3,12,23,0,38,0,0,27,0,27,3,12,50,0,65,26,0,26,91
10/20/2013,COU,MO,ACE,CE,Federal Contract Tower,0,8,15,0,23,0,0,26,0,26,0,8,41,0,49,14,0,14,63
10/21/2013,COU,MO,ACE,CE,Federal Contract Tower,0,5,17,0,22,0,0,14,0,14,0,5,31,0,36,8,0,8,44
10/22/2013,COU,MO,ACE,CE,Federal Contract Tower,0,10,17,0,27,0,0,15,2,17,0,10,32,2,44,16,2,18,62
10/23/2013,COU,MO,ACE,CE,Federal Contract Tower,0,7,19,0,26,0,0,33,0,33,0,7,52,0,59,0,0,0,59
10/24/2013,COU,MO,ACE,CE,Federal Contract Tower,0,11,18,4,33,0,0,38,6,44,0,11,56,10,77,31,22,53,130
10/25/2013,COU,MO,ACE,CE,Federal Contract Tower,2,13,18,0,33,0,0,27,0,27,2,13,45,0,60,20,0,20,80
10/26/2013,COU,MO,ACE,CE,Federal Contract Tower,0,5,22,0,27,0,0,26,0,26,0,5,48,0,53,26,0,26,79
10/27/2013,COU,MO,ACE,CE,Federal Contract Tower,0,11,22,0,33,0,0,34,0,34,0,11,56,0,67,8,0,8,75
10/28/2013,COU,MO,ACE,CE,Federal Contract Tower,0,7,10,0,17,0,0,17,2,19,0,7,27,2,36,18,2,20,56
10/29/2013,COU,MO,ACE,CE,Federal Contract Tower,0,4,16,0,20,0,0,0,0,0,0,4,16,0,20,0,0,0,20
10/30/2013,COU,MO,ACE,CE,Federal Contract Tower,0,6,11,0,17,0,0,1,0,1,0,6,12,0,18,0,0,0,18
10/31/2013,COU,MO,ACE,CE,Federal Contract Tower,0,6,9,0,15,0,0,0,0,0,0,6,9,0,15,0,0,0,15
11/01/2013,COU,MO,ACE,CE,Federal Contract Tower,2,9,30,0,41,0,0,38,0,38,2,9,68,0,79,36,0,36,115
11/02/2013,COU,MO,ACE,CE,Federal Contract Tower,1,10,30,0,41,0,0,34,5,39,1,10,64,5,80,28,0,28,108
11/03/2013,COU,MO,ACE,CE,Federal Contract Tower,0,7,24,0,31,0,0,27,0,27,0,7,51,0,58,20,0,20,78
11/04/2013,COU,MO,ACE,CE,Federal Contract Tower,0,6,13,0,19,0,0,10,0,10,0,6,23,0,29,4,0,4,33
11/05/2013,COU,MO,ACE,CE,Federal Contract Tower,0,5,23,0,28,0,0,0,0,0,0,5,23,0,28,4,0,4,32
11/06/2013,COU,MO,ACE,CE,Federal Contract Tower,0,5,11,0,16,0,0,8,0,8,0,5,19,0,24,28,0,28,52
11/07/2013,COU,MO,ACE,CE,Federal Contract Tower,0,9,21,0,30,0,0,30,8,38,0,9,51,8,68,20,4,24,92
11/08/2013,COU,MO,ACE,CE,Federal Contract Tower,2,8,19,2,31,0,0,34,0,34,2,8,53,2,65,26,0,26,91
11/09/2013,COU,MO,ACE,CE,Federal Contract Tower,2,8,14,0,24,0,0,20,0,20,2,8,34,0,44,16,0,16,60
11/10/2013,COU,MO,ACE,CE,Federal Contract Tower,0,9,8,0,17,0,0,31,0,31,0,9,39,0,48,30,0,30,78
11/11/2013,COU,MO,ACE,CE,Federal Contract Tower,0,6,11,0,17,0,0,15,0,15,0,6,26,0,32,4,0,4,36
11/12/2013,COU,MO,ACE,CE,Federal Contract Tower,0,6,18,0,24,0,0,26,0,26,0,6,44,0,50,32,0,32,82
11/13/2013,COU,MO,ACE,CE,Federal Contract Tower,0,6,19,0,25,0,0,23,0,23,0,6,42,0,48,4,0,4,52
11/14/2013,COU,MO,ACE,CE,Federal Contract Tower,0,9,15,0,24,0,0,27,0,27,0,9,42,0,51,20,0,20,71
11/15/2013,COU,MO,ACE,CE,Federal Contract Tower,0,5,24,8,37,0,2,30,8,40,0,7,54,16,77,24,0,24,101
11/16/2013,COU,MO,ACE,CE,Federal Contract Tower,0,4,8,0,12,0,0,5,0,5,0,4,13,0,17,2,0,2,19
11/17/2013,COU,MO,ACE,CE,Federal Contract Tower,0,8,5,0,13,0,0,5,0,5,0,8,10,0,18,4,0,4,22
11/18/2013,COU,MO,ACE,CE,Federal Contract Tower,0,11,22,0,33,0,0,21,0,21,0,11,43,0,54,30,0,30,84
11/19/2013,COU,MO,ACE,CE,Federal Contract Tower,0,6,27,0,33,0,0,37,0,37,0,6,64,0,70,18,0,18,88
11/20/2013,COU,MO,ACE,CE,Federal Contract Tower,0,5,24,0,29,0,0,9,0,9,0,5,33,0,38,12,0,12,50
11/21/2013,COU,MO,ACE,CE,Federal Contract Tower,0,5,16,0,21,0,0,0,0,0,0,5,16,0,21,0,0,0,21
11/22/2013,COU,MO,ACE,CE,Federal Contract Tower,2,11,36,0,49,0,0,2,0,2,2,11,38,0,51,2,0,2,53
11/23/2013,COU,MO,ACE,CE,Federal Contract Tower,0,11,9,0,20,0,0,19,0,19,0,11,28,0,39,16,0,16,55
11/24/2013,COU,MO,ACE,CE,Federal Contract Tower,0,10,17,0,27,0,0,17,0,17,0,10,34,0,44,20,0,20,64
11/25/2013,COU,MO,ACE,CE,Federal Contract Tower,0,6,13,0,19,0,0,8,2,10,0,6,21,2,29,8,2,10,39
11/26/2013,COU,MO,ACE,CE,Federal Contract Tower,0,8,8,0,16,0,0,23,0,23,0,8,31,0,39,14,0,14,53
11/27/2013,COU,MO,ACE,CE,Federal Contract Tower,0,7,13,0,20,0,0,22,2,24,0,7,35,2,44,34,8,42,86
11/28/2013,COU,MO,ACE,CE,Federal Contract Tower,0,5,4,0,9,0,0,6,0,6,0,5,10,0,15,0,0,0,15
11/29/2013,COU,MO,ACE,CE,Federal Contract Tower,2,6,2,0,10,0,0,13,0,13,2,6,15,0,23,10,0,10,33
11/30/2013,COU,MO,ACE,CE,Federal Contract Tower,0,10,35,0,45,0,0,35,0,35,0,10,70,0,80,16,0,16,96
12/01/2013,COU,MO,ACE,CE,Federal Contract Tower,0,8,18,0,26,0,0,28,0,28,0,8,46,0,54,44,0,44,98
12/02/2013,COU,MO,ACE,CE,Federal Contract Tower,0,7,18,0,25,0,0,9,0,9,0,7,27,0,34,20,0,20,54
12/03/2013,COU,MO,ACE,CE,Federal Contract Tower,0,5,20,0,25,0,0,9,2,11,0,5,29,2,36,4,6,10,46
12/04/2013,COU,MO,ACE,CE,Federal Contract Tower,2,4,21,0,27,0,0,0,0,0,2,4,21,0,27,0,0,0,27
12/05/2013,COU,MO,ACE,CE,Federal Contract Tower,2,8,13,0,23,0,0,6,0,6,2,8,19,0,29,10,0,10,39
12/06/2013,COU,MO,ACE,CE,Federal Contract Tower,4,3,10,0,17,0,0,6,8,14,4,3,16,8,31,0,0,0,31
12/07/2013,COU,MO,ACE,CE,Federal Contract Tower,0,9,18,0,27,0,0,14,0,14,0,9,32,0,41,0,0,0,41
12/08/2013,COU,MO,ACE,CE,Federal Contract Tower,2,4,12,0,18,0,0,0,0,0,2,4,12,0,18,0,0,0,18
12/09/2013,COU,MO,ACE,CE,Federal Contract Tower,0,6,11,0,17,0,0,10,2,12,0,6,21,2,29,22,0,22,51
12/10/2013,COU,MO,ACE,CE,Federal Contract Tower,0,8,14,0,22,0,0,18,2,20,0,8,32,2,42,10,4,14,56
12/11/2013,COU,MO,ACE,CE,Federal Contract Tower,0,11,25,0,36,0,0,19,0,19,0,11,44,0,55,14,0,14,69
12/12/2013,COU,MO,ACE,CE,Federal Contract Tower,0,7,22,0,29,0,0,22,0,22,0,7,44,0,51,26,0,26,77
12/13/2013,COU,MO,ACE,CE,Federal Contract Tower,0,6,5,0,11,0,0,0,0,0,0,6,5,0,11,0,0,0,11
12/14/2013,COU,MO,ACE,CE,Federal Contract Tower,0,10,3,0,13,0,0,0,0,0,0,10,3,0,13,0,0,0,13
12/15/2013,COU,MO,ACE,CE,Federal Contract Tower,0,5,5,0,10,0,0,24,0,24,0,5,29,0,34,14,0,14,48
12/16/2013,COU,MO,ACE,CE,Federal Contract Tower,0,8,8,0,16,0,0,10,0,10,0,8,18,0,26,24,0,24,50
12/17/2013,COU,MO,ACE,CE,Federal Contract Tower,0,5,30,0,35,0,0,15,0,15,0,5,45,0,50,10,0,10,60
12/18/2013,COU,MO,ACE,CE,Federal Contract Tower,0,9,21,0,30,0,0,26,0,26,0,9,47,0,56,28,0,28,84
12/19/2013,COU,MO,ACE,CE,Federal Contract Tower,0,5,17,0,22,0,0,24,0,24,0,5,41,0,46,6,0,6,52
12/20/2013,COU,MO,ACE,CE,Federal Contract Tower,0,8,10,0,18,0,0,0,0,0,0,8,10,0,18,0,0,0,18
12/21/2013,COU,MO,ACE,CE,Federal Contract Tower,0,5,0,0,5,0,0,0,0,0,0,5,0,0,5,0,0,0,5
12/22/2013,COU,MO,ACE,CE,Federal Contract Tower,0,8,4,0,12,0,0,2,0,2,0,8,6,0,14,2,0,2,16
12/23/2013,COU,MO,ACE,CE,Federal Contract Tower,0,5,12,0,17,0,0,6,0,6,0,5,18,0,23,20,0,20,43
12/24/2013,COU,MO,ACE,CE,Federal Contract Tower,0,6,2,0,8,0,0,6,0,6,0,6,8,0,14,2,0,2,16
12/25/2013,COU,MO,ACE,CE,Federal Contract Tower,0,6,3,0,9,0,0,0,0,0,0,6,3,0,9,0,0,0,9
12/26/2013,COU,MO,ACE,CE,Federal Contract Tower,0,5,2,0,7,0,0,12,0,12,0,5,14,0,19,0,0,0,19
12/27/2013,COU,MO,ACE,CE,Federal Contract Tower,2,7,8,0,17,0,0,23,0,23,2,7,31,0,40,24,0,24,64
12/28/2013,COU,MO,ACE,CE,Federal Contract Tower,0,4,2,0,6,0,0,22,0,22,0,4,24,0,28,18,0,18,46
12/29/2013,COU,MO,ACE,CE,Federal Contract Tower,0,6,5,0,11,0,0,4,0,4,0,6,9,0,15,2,0,2,17
12/30/2013,COU,MO,ACE,CE,Federal Contract Tower,0,8,4,0,12,0,0,9,0,9,0,8,13,0,21,4,0,4,25
12/31/2013,COU,MO,ACE,CE,Federal Contract Tower,0,8,11,0,19,0,0,5,0,5,0,8,16,0,24,2,0,2,26
01/01/2014,COU,MO,ACE,CE,Federal Contract Tower,0,7,5,0,12,0,0,3,0,3,0,7,8,0,15,6,0,6,21
01/02/2014,COU,MO,ACE,CE,Federal Contract Tower,3,8,6,0,17,0,0,7,0,7,3,8,13,0,24,0,0,0,24
01/03/2014,COU,MO,ACE,CE,Federal Contract Tower,0,7,10,0,17,0,0,12,2,14,0,7,22,2,31,6,4,10,41
01/04/2014,COU,MO,ACE,CE,Federal Contract Tower,8,11,14,0,33,0,0,13,0,13,8,11,27,0,46,6,0,6,52
01/05/2014,COU,MO,ACE,CE,Federal Contract Tower,0,7,5,0,12,0,0,2,0,2,0,7,7,0,14,2,0,2,16
01/06/2014,COU,MO,ACE,CE,Federal Contract Tower,0,11,2,0,13,0,0,0,0,0,0,11,2,0,13,2,0,2,15
01/07/2014,COU,MO,ACE,CE,Federal Contract Tower,0,8,9,2,19,0,0,5,0,5,0,8,14,2,24,2,0,2,26
01/08/2014,COU,MO,ACE,CE,Federal Contract Tower,0,10,17,0,27,0,0,17,4,21,0,10,34,4,48,4,18,22,70
01/09/2014,COU,MO,ACE,CE,Federal Contract Tower,0,8,5,0,13,0,0,0,0,0,0,8,5,0,13,0,0,0,13
01/10/2014,COU,MO,ACE,CE,Federal Contract Tower,0,12,6,0,18,0,0,0,0,0,0,12,6,0,18,0,0,0,18
01/11/2014,COU,MO,ACE,CE,Federal Contract Tower,0,10,11,0,21,0,0,5,0,5,0,10,16,0,26,8,0,8,34
01/12/2014,COU,MO,ACE,CE,Federal Contract Tower,0,8,2,0,10,0,0,8,0,8,0,8,10,0,18,2,0,2,20
01/13/2014,COU,MO,ACE,CE,Federal Contract Tower,0,6,14,0,20,0,0,20,0,20,0,6,34,0,40,2,0,2,42
01/14/2014,COU,MO,ACE,CE,Federal Contract Tower,0,7,11,2,20,0,0,6,2,8,0,7,17,4,28,2,10,12,40
01/15/2014,COU,MO,ACE,CE,Federal Contract Tower,0,13,19,0,32,0,0,14,0,14,0,13,33,0,46,4,0,4,50
01/16/2014,COU,MO,ACE,CE,Federal Contract Tower,0,5,11,2,18,0,0,10,4,14,0,5,21,6,32,0,10,10,42
01/17/2014,COU,MO,ACE,CE,Federal Contract Tower,0,11,13,0,24,0,0,21,0,21,0,11,34,0,45,6,0,6,51
01/18/2014,COU,MO,ACE,CE,Federal Contract Tower,0,7,8,0,15,0,0,15,0,15,0,7,23,0,30,6,0,6,36
01/19/2014,COU,MO,ACE,CE,Federal Contract Tower,0,15,10,0,25,0,0,16,0,16,0,15,26,0,41,26,0,26,67
01/20/2014,COU,MO,ACE,CE,Federal Contract Tower,0,15,10,0,25,0,2,22,0,24,0,17,32,0,49,10,0,10,59
01/21/2014,COU,MO,ACE,CE,Federal Contract Tower,0,10,11,0,21,0,0,19,0,19,0,10,30,0,40,18,0,18,58
01/22/2014,COU,MO,ACE,CE,Federal Contract Tower,0,10,12,2,24,0,2,5,3,10,0,12,17,5,34,10,18,28,62
01/23/2014,COU,MO,ACE,CE,Federal Contract Tower,0,8,12,0,20,0,0,18,4,22,0,8,30,4,42,18,10,28,70
01/24/2014,COU,MO,ACE,CE,Federal Contract Tower,0,12,9,0,21,0,0,16,2,18,0,12,25,2,39,10,4,14,53
01/25/2014,COU,MO,ACE,CE,Federal Contract Tower,0,5,10,0,15,0,0,17,0,17,0,5,27,0,32,8,0,8,40
01/26/2014,COU,MO,ACE,CE,Federal Contract Tower,0,10,4,0,14,0,0,7,0,7,0,10,11,0,21,14,0,14,35
01/27/2014,COU,MO,ACE,CE,Federal Contract Tower,0,12,13,0,25,0,0,6,0,6,0,12,19,0,31,0,0,0,31
01/28/2014,COU,MO,ACE,CE,Federal Contract Tower,0,7,19,0,26,0,0,16,0,16,0,7,35,0,42,14,0,14,56
01/29/2014,COU,MO,ACE,CE,Federal Contract Tower,0,8,15,0,23,0,0,8,0,8,0,8,23,0,31,0,0,0,31
01/30/2014,COU,MO,ACE,CE,Federal Contract Tower,0,13,14,0,27,0,0,25,0,25,0,13,39,0,52,16,0,16,68
01/31/2014,COU,MO,ACE,CE,Federal Contract Tower,0,5,7,0,12,0,0,11,0,11,0,5,18,0,23,10,0,10,33
02/01/2014,COU,MO,ACE,CE,Federal Contract Tower,0,6,2,0,8,0,0,0,0,0,0,6,2,0,8,0,0,0,8
02/02/2014,COU,MO,ACE,CE,Federal Contract Tower,0,6,3,0,9,0,0,11,0,11,0,6,14,0,20,2,0,2,22
02/03/2014,COU,MO,ACE,CE,Federal Contract Tower,0,8,12,0,20,0,0,9,2,11,0,8,21,2,31,14,4,18,49
02/04/2014,COU,MO,ACE,CE,Federal Contract Tower,0,5,3,0,8,0,0,0,0,0,0,5,3,0,8,0,0,0,8
02/05/2014,COU,MO,ACE,CE,Federal Contract Tower,0,11,8,0,19,0,0,6,0,6,0,11,14,0,25,4,0,4,29
02/06/2014,COU,MO,ACE,CE,Federal Contract Tower,0,12,21,0,33,0,0,33,2,35,0,12,54,2,68,12,0,12,80
02/07/2014,COU,MO,ACE,CE,Federal Contract Tower,0,8,15,1,24,0,0,14,2,16,0,8,29,3,40,12,0,12,52
02/08/2014,COU,MO,ACE,CE,Federal Contract Tower,0,7,2,0,9,0,0,0,0,0,0,7,2,0,9,0,0,0,9
02/09/2014,COU,MO,ACE,CE,Federal Contract Tower,0,9,7,0,16,0,0,1,0,1,0,9,8,0,17,4,0,4,21
02/10/2014,COU,MO,ACE,CE,Federal Contract Tower,0,7,3,3,13,0,0,6,2,8,0,7,9,5,21,2,4,6,27
02/11/2014,COU,MO,ACE,CE,Federal Contract Tower,0,5,7,1,13,0,0,7,5,12,0,5,14,6,25,6,26,32,57
02/12/2014,COU,MO,ACE,CE,Federal Contract Tower,0,10,10,0,20,0,0,18,6,24,0,10,28,6,44,18,4,22,66
02/13/2014,COU,MO,ACE,CE,Federal Contract Tower,0,9,31,0,40,0,0,22,2,24,0,9,53,2,64,18,20,38,102
02/14/2014,COU,MO,ACE,CE,Federal Contract Tower,0,12,11,0,23,0,0,16,0,16,0,12,27,0,39,10,0,10,49
02/15/2014,COU,MO,ACE,CE,Federal Contract Tower,0,10,14,0,24,0,0,21,0,21,0,10,35,0,45,36,0,36,81
02/16/2014,COU,MO,ACE,CE,Federal Contract Tower,0,10,23,0,33,0,0,4,0,4,0,10,27,0,37,4,0,4,41
02/17/2014,COU,MO,ACE,CE,Federal Contract Tower,0,9,16,0,25,0,0,22,0,22,0,9,38,0,47,10,0,10,57
02/18/2014,COU,MO,ACE,CE,Federal Contract Tower,0,11,12,0,23,0,0,13,2,15,0,11,25,2,38,2,16,18,56
02/19/2014,COU,MO,ACE,CE,Federal Contract Tower,0,6,20,0,26,0,0,16,0,16,0,6,36,0,42,10,0,10,52
02/20/2014,COU,MO,ACE,CE,Federal Contract Tower,0,7,15,0,22,0,0,0,0,0,0,7,15,0,22,0,0,0,22
02/21/2014,COU,MO,ACE,CE,Federal Contract Tower,1,8,15,0,24,0,0,22,0,22,1,8,37,0,46,24,0,24,70
02/22/2014,COU,MO,ACE,CE,Federal Contract Tower,2,5,14,2,23,0,0,31,2,33,2,5,45,4,56,34,0,34,90
02/23/2014,COU,MO,ACE,CE,Federal Contract Tower,0,7,8,0,15,0,0,19,0,19,0,7,27,0,34,16,0,16,50
02/24/2014,COU,MO,ACE,CE,Federal Contract Tower,0,10,15,0,25,0,0,15,0,15,0,10,30,0,40,12,0,12,52
02/25/2014,COU,MO,ACE,CE,Federal Contract Tower,0,5,10,0,15,0,0,9,4,13,0,5,19,4,28,8,0,8,36
02/26/2014,COU,MO,ACE,CE,Federal Contract Tower,0,12,18,0,30,0,1,22,0,23,0,13,40,0,53,14,0,14,67
02/27/2014,COU,MO,ACE,CE,Federal Contract Tower,0,7,14,0,21,0,0,29,2,31,0,7,43,2,52,38,2,40,92
02/28/2014,COU,MO,ACE,CE,Federal Contract Tower,0,9,15,0,24,0,0,21,2,23,0,9,36,2,47,18,0,18,65
03/01/2014,COU,MO,ACE,CE,Federal Contract Tower,0,3,8,0,11,0,0,4,0,4,0,3,12,0,15,0,0,0,15
03/02/2014,COU,MO,ACE,CE,Federal Contract Tower,0,6,1,0,7,0,0,1,0,1,0,6,2,0,8,2,0,2,10
03/03/2014,COU,MO,ACE,CE,Federal Contract Tower,0,11,8,0,19,0,0,9,0,9,0,11,17,0,28,2,0,2,30
03/04/2014,COU,MO,ACE,CE,Federal Contract Tower,1,10,11,0,22,0,0,15,4,19,1,10,26,4,41,10,24,34,75
03/05/2014,COU,MO,ACE,CE,Federal Contract Tower,0,10,12,0,22,0,0,11,8,19,0,10,23,8,41,12,6,18,59
03/06/2014,COU,MO,ACE,CE,Federal Contract Tower,0,8,15,0,23,0,0,27,8,35,0,8,42,8,58,8,26,34,92
03/07/2014,COU,MO,ACE,CE,Federal Contract Tower,0,14,10,0,24,0,0,19,8,27,0,14,29,8,51,24,36,60,111
03/08/2014,COU,MO,ACE,CE,Federal Contract Tower,0,5,9,0,14,0,0,1,0,1,0,5,10,0,15,2,0,2,17
03/09/2014,COU,MO,ACE,CE,Federal Contract Tower,0,17,6,0,23,0,0,19,0,19,0,17,25,0,42,16,0,16,58
03/10/2014,COU,MO,ACE,CE,Federal Contract Tower,0,7,17,0,24,0,0,20,0,20,0,7,37,0,44,44,0,44,88
03/11/2014,COU,MO,ACE,CE,Federal Contract Tower,0,12,15,0,27,0,0,16,4,20,0,12,31,4,47,14,2,16,63
03/12/2014,COU,MO,ACE,CE,Federal Contract Tower,0,7,0,0,7,0,0,6,0,6,0,7,6,0,13,12,4,16,29
03/13/2014,COU,MO,ACE,CE,Federal Contract Tower,0,8,17,0,25,0,0,27,0,27,0,8,44,0,52,12,0,12,64
03/14/2014,COU,MO,ACE,CE,Federal Contract Tower,0,7,20,22,49,0,0,23,0,23,0,7,43,22,72,18,14,32,104
03/15/2014,COU,MO,ACE,CE,Federal Contract Tower,0,5,8,0,13,0,0,32,0,32,0,5,40,0,45,28,0,28,73
03/16/2014,COU,MO,ACE,CE,Federal Contract Tower,0,8,1,0,9,0,0,2,0,2,0,8,3,0,11,2,0,2,13
03/17/2014,COU,MO,ACE,CE,Federal Contract Tower,0,16,10,0,26,0,0,20,0,20,0,16,30,0,46,12,0,12,58
03/18/2014,COU,MO,ACE,CE,Federal Contract Tower,0,5,11,0,16,0,0,9,0,9,0,5,20,0,25,4,0,4,29
03/19/2014,COU,MO,ACE,CE,Federal Contract Tower,0,14,18,0,32,0,0,8,0,8,0,14,26,0,40,4,0,4,44
03/20/2014,COU,MO,ACE,CE,Federal Contract Tower,0,10,9,0,19,0,0,31,0,31,0,10,40,0,50,34,0,34,84
03/21/2014,COU,MO,ACE,CE,Federal Contract Tower,0,11,18,0,29,0,0,37,0,37,0,11,55,0,66,28,0,28,94
03/22/2014,COU,MO,ACE,CE,Federal Contract Tower,0,8,9,0,17,0,0,31,0,31,0,8,40,0,48,20,0,20,68
03/23/2014,COU,MO,ACE,CE,Federal Contract Tower,0,10,11,0,21,0,0,20,0,20,0,10,31,0,41,16,0,16,57
03/24/2014,COU,MO,ACE,CE,Federal Contract Tower,0,10,11,2,23,0,0,11,0,11,0,10,22,2,34,12,0,12,46
03/25/2014,COU,MO,ACE,CE,Federal Contract Tower,0,7,12,1,20,0,0,12,3,15,0,7,24,4,35,16,2,18,53
03/26/2014,COU,MO,ACE,CE,Federal Contract Tower,0,14,18,2,34,0,0,10,0,10,0,14,28,2,44,12,2,14,58
03/27/2014,COU,MO,ACE,CE,Federal Contract Tower,0,10,1,0,11,0,6,7,0,13,0,16,8,0,24,0,0,0,24
03/28/2014,COU,MO,ACE,CE,Federal Contract Tower,0,10,24,0,34,0,0,19,0,19,0,10,43,0,53,14,0,14,67
03/29/2014,COU,MO,ACE,CE,Federal Contract Tower,0,15,11,0,26,0,0,21,0,21,0,15,32,0,47,40,0,40,87
03/30/2014,COU,MO,ACE,CE,Federal Contract Tower,0,9,5,0,14,0,0,21,0,21,0,9,26,0,35,34,0,34,69
03/31/2014,COU,MO,ACE,CE,Federal Contract Tower,0,6,12,0,18,0,0,5,0,5,0,6,17,0,23,2,0,2,25
04/01/2014,COU,MO,ACE,CE,Federal Contract Tower,0,12,12,0,24,0,0,20,0,20,0,12,32,0,44,8,2,10,54
04/02/2014,COU,MO,ACE,CE,Federal Contract Tower,0,9,8,0,17,0,0,1,0,1,0,9,9,0,18,0,0,0,18
04/03/2014,COU,MO,ACE,CE,Federal Contract Tower,0,6,5,0,11,0,0,3,0,3,0,6,8,0,14,0,0,0,14
04/04/2014,COU,MO,ACE,CE,Federal Contract Tower,0,10,9,0,19,0,0,8,2,10,0,10,17,2,29,0,0,0,29
04/05/2014,COU,MO,ACE,CE,Federal Contract Tower,0,6,10,0,16,0,0,31,0,31,0,6,41,0,47,50,0,50,97
04/06/2014,COU,MO,ACE,CE,Federal Contract Tower,0,8,6,0,14,0,0,26,2,28,0,8,32,2,42,32,2,34,76
04/07/2014,COU,MO,ACE,CE,Federal Contract Tower,0,9,8,0,17,0,0,12,0,12,0,9,20,0,29,8,0,8,37
04/08/2014,COU,MO,ACE,CE,Federal Contract Tower,0,8,6,1,15,0,0,13,11,24,0,8,19,12,39,22,18,40,79
04/09/2014,COU,MO,ACE,CE,Federal Contract Tower,0,13,11,0,24,0,0,23,6,29,0,13,34,6,53,8,12,20,73
04/10/2014,COU,MO,ACE,CE,Federal Contract Tower,0,11,14,2,27,0,0,24,0,24,0,11,38,2,51,16,0,16,67
04/11/2014,COU,MO,ACE,CE,Federal Contract Tower,0,9,18,2,29,0,0,27,2,29,0,9,45,4,58,26,4,30,88
04/12/2014,COU,MO,ACE,CE,Federal Contract Tower,0,14,9,6,29,0,0,31,0,31,0,14,40,6,60,40,0,40,100
04/13/2014,COU,MO,ACE,CE,Federal Contract Tower,0,11,2,0,13,0,0,1,0,1,0,11,3,0,14,0,0,0,14
04/14/2014,COU,MO,ACE,CE,Federal Contract Tower,0,8,12,0,20,0,0,3,0,3,0,8,15,0,23,2,0,2,25
04/15/2014,COU,MO,ACE,CE,Federal Contract Tower,0,9,16,0,25,0,0,30,0,30,0,9,46,0,55,32,0,32,87
04/16/2014,COU,MO,ACE,CE,Federal Contract Tower,0,8,18,0,26,0,0,25,0,25,0,8,43,0,51,22,0,22,73
04/17/2014,COU,MO,ACE,CE,Federal Contract Tower,0,10,22,0,32,0,2,33,0,35,0,12,55,0,67,36,0,36,103
04/18/2014,COU,MO,ACE,CE,Federal Contract Tower,0,13,17,0,30,0,0,35,0,35,0,13,52,0,65,20,0,20,85
04/19/2014,COU,MO,ACE,CE,Federal Contract Tower,0,4,9,4,17,0,0,33,0,33,0,4,42,4,50,52,0,52,102
04/20/2014,COU,MO,ACE,CE,Federal Contract Tower,0,9,3,0,12,0,0,17,0,17,0,9,20,0,29,10,0,10,39
04/21/2014,COU,MO,ACE,CE,Federal Contract Tower,0,10,24,0,34,0,0,18,0,18,0,10,42,0,52,18,0,18,70
04/22/2014,COU,MO,ACE,CE,Federal Contract Tower,0,10,14,0,24,0,0,39,2,41,0,10,53,2,65,26,2,28,93
04/23/2014,COU,MO,ACE,CE,Federal Contract Tower,0,11,18,0,29,0,0,12,2,14,0,11,30,2,43,10,16,26,69
04/24/2014,COU,MO,ACE,CE,Federal Contract Tower,0,10,5,2,17,0,0,19,2,21,0,10,24,4,38,10,20,30,68
04/25/2014,COU,MO,ACE,CE,Federal Contract Tower,0,9,24,0,33,0,0,28,0,28,0,9,52,0,61,34,0,34,95
04/26/2014,COU,MO,ACE,CE,Federal Contract Tower,0,12,9,0,21,0,0,11,0,11,0,12,20,0,32,12,0,12,44
04/27/2014,COU,MO,ACE,CE,Federal Contract Tower,0,8,11,0,19,0,0,7,0,7,0,8,18,0,26,2,0,2,28
04/28/2014,COU,MO,ACE,CE,Federal Contract Tower,0,7,7,0,14,0,0,9,0,9,0,7,16,0,23,10,0,10,33
04/29/2014,COU,MO,ACE,CE,Federal Contract Tower,0,7,3,0,10,0,0,1,0,1,0,7,4,0,11,0,0,0,11
04/30/2014,COU,MO,ACE,CE,Federal Contract Tower,0,11,17,0,28,0,0,13,0,13,0,11,30,0,41,0,0,0,41
05/01/2014,COU,MO,ACE,CE,Federal Contract Tower,0,9,18,0,27,0,0,29,0,29,0,9,47,0,56,28,0,28,84
05/02/2014,COU,MO,ACE,CE,Federal Contract Tower,0,12,20,0,32,0,0,36,0,36,0,12,56,0,68,44,0,44,112
05/03/2014,COU,MO,ACE,CE,Federal Contract Tower,0,5,18,9,32,0,0,36,6,42,0,5,54,15,74,42,22,64,138
05/04/2014,COU,MO,ACE,CE,Federal Contract Tower,0,8,8,0,16,0,0,20,3,23,0,8,28,3,39,28,0,28,67
05/05/2014,COU,MO,ACE,CE,Federal Contract Tower,0,8,12,0,20,0,0,11,0,11,0,8,23,0,31,22,0,22,53
05/06/2014,COU,MO,ACE,CE,Federal Contract Tower,0,10,11,0,21,0,0,26,0,26,0,10,37,0,47,22,0,22,69
05/07/2014,COU,MO,ACE,CE,Federal Contract Tower,0,9,10,0,19,0,0,20,0,20,0,9,30,0,39,12,0,12,51
05/08/2014,COU,MO,ACE,CE,Federal Contract Tower,0,11,7,0,18,0,0,7,0,7,0,11,14,0,25,0,0,0,25
05/09/2014,COU,MO,ACE,CE,Federal Contract Tower,0,8,20,0,28,0,0,22,0,22,0,8,42,0,50,0,0,0,50
05/10/2014,COU,MO,ACE,CE,Federal Contract Tower,0,7,10,0,17,0,0,33,0,33,0,7,43,0,50,44,0,44,94
05/11/2014,COU,MO,ACE,CE,Federal Contract Tower,0,16,9,0,25,0,0,20,0,20,0,16,29,0,45,20,0,20,65
05/12/2014,COU,MO,ACE,CE,Federal Contract Tower,0,4,9,0,13,0,0,8,0,8,0,4,17,0,21,8,0,8,29
05/13/2014,COU,MO,ACE,CE,Federal Contract Tower,0,12,26,0,38,0,0,8,0,8,0,12,34,0,46,10,0,10,56
05/14/2014,COU,MO,ACE,CE,Federal Contract Tower,0,8,3,0,11,0,0,5,0,5,0,8,8,0,16,6,0,6,22
05/15/2014,COU,MO,ACE,CE,Federal Contract Tower,0,17,11,0,28,0,0,20,0,20,0,17,31,0,48,10,0,10,58
05/16/2014,COU,MO,ACE,CE,Federal Contract Tower,0,13,16,0,29,0,0,30,6,36,0,13,46,6,65,26,0,26,91
05/17/2014,COU,MO,ACE,CE,Federal Contract Tower,0,12,25,0,37,0,0,27,0,27,0,12,52,0,64,28,0,28,92
05/18/2014,COU,MO,ACE,CE,Federal Contract Tower,0,13,10,0,23,0,0,17,0,17,0,13,27,0,40,18,0,18,58
05/19/2014,COU,MO,ACE,CE,Federal Contract Tower,0,6,18,0,24,0,0,27,0,27,0,6,45,0,51,8,0,8,59
05/20/2014,COU,MO,ACE,CE,Federal Contract Tower,2,5,18,0,25,0,0,17,0,17,2,5,35,0,42,10,0,10,52
05/21/2014,COU,MO,ACE,CE,Federal Contract Tower,0,9,14,2,25,0,0,32,9,41,0,9,46,11,66,12,22,34,100
05/22/2014,COU,MO,ACE,CE,Federal Contract Tower,0,7,15,4,26,0,0,27,7,34,0,7,42,11,60,44,0,44,104
05/23/2014,COU,MO,ACE,CE,Federal Contract Tower,0,8,5,0,13,0,0,47,24,71,0,8,52,24,84,24,208,232,316
05/24/2014,COU,MO,ACE,CE,Federal Contract Tower,0,6,3,0,9,0,0,86,4,90,0,6,89,4,99,20,4,24,123
05/25/2014,COU,MO,ACE,CE,Federal Contract Tower,0,4,4,0,8,0,0,44,0,44,0,4,48,0,52,190,0,190,242
05/26/2014,COU,MO,ACE,CE,Federal Contract Tower,0,9,12,11,32,0,0,18,0,18,0,9,30,11,50,12,0,12,62
05/27/2014,COU,MO,ACE,CE,Federal Contract Tower,0,6,9,0,15,0,0,15,0,15,0,6,24,0,30,28,2,30,60
05/28/2014,COU,MO,ACE,CE,Federal Contract Tower,0,9,13,1,23,0,0,16,3,19,0,9,29,4,42,24,20,44,86
05/29/2014,COU,MO,ACE,CE,Federal Contract Tower,0,10,14,0,24,0,0,33,0,33,0,10,47,0,57,62,0,62,119
05/30/2014,COU,MO,ACE,CE,Federal Contract Tower,0,12,10,8,30,0,0,20,2,22,0,12,30,10,52,14,14,28,80
05/31/2014,COU,MO,ACE,CE,Federal Contract Tower,0,6,3,1,10,0,0,21,0,21,0,6,24,1,31,26,0,26,57
06/01/2014,COU,MO,ACE,CE,Federal Contract Tower,0,9,11,4,24,0,0,25,0,25,0,9,36,4,49,18,8,26,75
06/02/2014,COU,MO,ACE,CE,Federal Contract Tower,0,14,11,0,25,0,0,17,0,17,0,14,28,0,42,24,0,24,66
06/03/2014,COU,MO,ACE,CE,Federal Contract Tower,0,9,11,0,20,0,0,22,1,23,0,9,33,1,43,22,12,34,77
06/04/2014,COU,MO,ACE,CE,Federal Contract Tower,0,10,7,0,17,0,0,13,0,13,0,10,20,0,30,20,0,20,50
06/05/2014,COU,MO,ACE,CE,Federal Contract Tower,0,7,9,0,16,0,0,3,0,3,0,7,12,0,19,0,0,0,19
06/06/2014,COU,MO,ACE,CE,Federal Contract Tower,0,8,17,0,25,0,0,20,0,20,0,8,37,0,45,14,0,14,59
06/07/2014,COU,MO,ACE,CE,Federal Contract Tower,0,6,6,0,12,0,0,3,0,3,0,6,9,0,15,2,0,2,17
06/08/2014,COU,MO,ACE,CE,Federal Contract Tower,0,11,12,0,23,0,0,18,0,18,0,11,30,0,41,34,0,34,75
06/09/2014,COU,MO,ACE,CE,Federal Contract Tower,0,16,6,0,22,0,0,7,0,7,0,16,13,0,29,0,0,0,29
06/10/2014,COU,MO,ACE,CE,Federal Contract Tower,0,10,10,0,20,0,0,2,0,2,0,10,12,0,22,4,0,4,26
06/11/2014,COU,MO,ACE,CE,Federal Contract Tower,0,9,30,0,39,0,0,21,0,21,0,9,51,0,60,46,0,46,106
06/12/2014,COU,MO,ACE,CE,Federal Contract Tower,0,14,11,0,25,0,0,18,0,18,0,14,29,0,43,28,0,28,71
06/13/2014,COU,MO,ACE,CE,Federal Contract Tower,0,7,11,0,18,0,0,32,4,36,0,7,43,4,54,38,4,42,96
06/14/2014,COU,MO,ACE,CE,Federal Contract Tower,0,4,12,1,17,0,0,21,0,21,0,4,33,1,38,14,0,14,52
06/15/2014,COU,MO,ACE,CE,Federal Contract Tower,0,12,11,0,23,0,0,15,0,15,0,12,26,0,38,20,0,20,58
06/16/2014,COU,MO,ACE,CE,Federal Contract Tower,0,11,15,0,26,0,0,18,0,18,0,11,33,0,44,16,0,16,60
06/17/2014,COU,MO,ACE,CE,Federal Contract Tower,0,16,22,1,39,0,0,18,3,21,0,16,40,4,60,26,6,32,92
06/18/2014,COU,MO,ACE,CE,Federal Contract Tower,0,12,20,0,32,0,0,33,2,35,0,12,53,2,67,12,2,14,81
06/19/2014,COU,MO,ACE,CE,Federal Contract Tower,0,13,17,2,32,0,0,24,4,28,0,13,41,6,60,40,12,52,112
06/20/2014,COU,MO,ACE,CE,Federal Contract Tower,0,9,14,0,23,0,0,34,0,34,0,9,48,0,57,22,0,22,79
06/21/2014,COU,MO,ACE,CE,Federal Contract Tower,0,8,7,0,15,0,0,17,0,17,0,8,24,0,32,10,0,10,42
06/22/2014,COU,MO,ACE,CE,Federal Contract Tower,0,13,10,0,23,0,0,22,0,22,0,13,32,0,45,16,0,16,61
06/23/2014,COU,MO,ACE,CE,Federal Contract Tower,0,10,20,0,30,0,0,11,0,11,0,10,31,0,41,24,0,24,65
06/24/2014,COU,MO,ACE,CE,Federal Contract Tower,0,5,11,0,16,0,0,29,0,29,0,5,40,0,45,26,0,26,71
06/25/2014,COU,MO,ACE,CE,Federal Contract Tower,0,6,13,0,19,0,0,27,0,27,0,6,40,0,46,18,2,20,66
06/26/2014,COU,MO,ACE,CE,Federal Contract Tower,0,11,8,0,19,0,0,20,0,20,0,11,28,0,39,14,0,14,53
06/27/2014,COU,MO,ACE,CE,Federal Contract Tower,0,10,20,0,30,0,0,25,0,25,0,10,45,0,55,30,0,30,85
06/28/2014,COU,MO,ACE,CE,Federal Contract Tower,0,4,12,2,18,0,0,13,0,13,0,4,25,2,31,16,6,22,53
06/29/2014,COU,MO,ACE,CE,Federal Contract Tower,0,6,11,0,17,0,0,10,0,10,0,6,21,0,27,12,0,12,39
06/30/2014,COU,MO,ACE,CE,Federal Contract Tower,0,7,15,0,22,0,0,17,0,17,0,7,32,0,39,16,0,16,55
07/01/2014,COU,MO,ACE,CE,Federal Contract Tower,0,6,11,0,17,0,0,22,0,22,0,6,33,0,39,6,0,6,45
07/02/2014,COU,MO,ACE,CE,Federal Contract Tower,0,12,13,1,26,0,0,33,3,36,0,12,46,4,62,16,2,18,80
07/03/2014,COU,MO,ACE,CE,Federal Contract Tower,0,8,8,0,16,0,0,35,0,35,0,8,43,0,51,18,0,18,69
07/04/2014,COU,MO,ACE,CE,Federal Contract Tower,0,8,12,1,21,0,0,27,2,29,0,8,39,3,50,24,2,26,76
07/05/2014,COU,MO,ACE,CE,Federal Contract Tower,0,6,6,0,12,0,0,18,0,18,0,6,24,0,30,14,0,14,44
07/06/2014,COU,MO,ACE,CE,Federal Contract Tower,0,8,11,0,19,0,0,21,0,21,0,8,32,0,40,8,0,8,48
07/07/2014,COU,MO,ACE,CE,Federal Contract Tower,0,11,7,0,18,0,0,12,0,12,0,11,19,0,30,8,0,8,38
07/08/2014,COU,MO,ACE,CE,Federal Contract Tower,0,13,13,0,26,0,0,12,0,12,0,13,25,0,38,8,0,8,46
07/09/2014,COU,MO,ACE,CE,Federal Contract Tower,1,10,18,0,29,0,0,17,0,17,1,10,35,0,46,28,0,28,74
07/10/2014,COU,MO,ACE,CE,Federal Contract Tower,0,6,16,0,22,0,0,17,0,17,0,6,33,0,39,16,0,16,55
07/11/2014,COU,MO,ACE,CE,Federal Contract Tower,0,9,19,14,42,0,0,24,8,32,0,9,43,22,74,16,12,28,102
07/12/2014,COU,MO,ACE,CE,Federal Contract Tower,0,6,12,1,19,0,0,15,1,16,0,6,27,2,35,16,0,16,51
07/13/2014,COU,MO,ACE,CE,Federal Contract Tower,0,9,13,1,23,0,0,15,0,15,0,9,28,1,38,20,0,20,58
07/14/2014,COU,MO,ACE,CE,Federal Contract Tower,0,9,11,0,20,0,0,8,2,10,0,9,19,2,30,6,4,10,40
07/15/2014,COU,MO,ACE,CE,Federal Contract Tower,0,7,9,0,16,0,0,19,0,19,0,7,28,0,35,10,0,10,45
07/16/2014,COU,MO,ACE,CE,Federal Contract Tower,0,6,7,0,13,0,0,22,4,26,0,6,29,4,39,22,12,34,73
07/17/2014,COU,MO,ACE,CE,Federal Contract Tower,0,9,13,0,22,0,0,31,0,31,0,9,44,0,53,16,0,16,69
07/18/2014,COU,MO,ACE,CE,Federal Contract Tower,0,11,11,2,24,0,0,29,1,30,0,11,40,3,54,20,2,22,76
07/19/2014,COU,MO,ACE,CE,Federal Contract Tower,0,9,7,0,16,0,0,27,0,27,0,9,34,0,43,24,0,24,67
07/20/2014,COU,MO,ACE,CE,Federal Contract Tower,0,7,12,0,19,0,0,20,0,20,0,7,32,0,39,10,0,10,49
07/21/2014,COU,MO,ACE,CE,Federal Contract Tower,0,7,10,0,17,0,0,21,0,21,0,7,31,0,38,12,0,12,50
07/22/2014,COU,MO,ACE,CE,Federal Contract Tower,0,9,18,0,27,0,0,15,2,17,0,9,33,2,44,4,0,4,48
07/23/2014,COU,MO,ACE,CE,Federal Contract Tower,0,8,15,0,23,0,0,9,12,21,0,8,24,12,44,2,28,30,74
07/24/2014,COU,MO,ACE,CE,Federal Contract Tower,0,13,13,0,26,0,0,22,10,32,0,13,35,10,58,0,24,24,82
07/25/2014,COU,MO,ACE,CE,Federal Contract Tower,0,10,28,4,42,0,0,19,2,21,0,10,47,6,63,2,0,2,65
07/26/2014,COU,MO,ACE,CE,Federal Contract Tower,0,6,13,0,19,0,0,14,2,16,0,6,27,2,35,8,10,18,53
07/27/2014,COU,MO,ACE,CE,Federal Contract Tower,0,11,9,5,25,0,0,25,0,25,0,11,34,5,50,24,0,24,74
07/28/2014,COU,MO,ACE,CE,Federal Contract Tower,0,8,28,0,36,0,1,22,11,34,0,9,50,11,70,10,0,10,80
07/29/2014,COU,MO,ACE,CE,Federal Contract Tower,0,6,13,0,19,0,0,27,3,30,0,6,40,3,49,10,0,10,59
07/30/2014,COU,MO,ACE,CE,Federal Contract Tower,0,13,25,0,38,0,0,29,6,35,0,13,54,6,73,14,4,18,91
07/31/2014,COU,MO,ACE,CE,Federal Contract Tower,0,8,12,1,21,0,0,27,2,29,0,8,39,3,50,24,2,26,76
08/01/2014,COU,MO,ACE,CE,Federal Contract Tower,0,7,8,0,15,0,2,30,0,32,0,9,38,0,47,24,0,24,71
08/02/2014,COU,MO,ACE,CE,Federal Contract Tower,0,6,6,0,12,0,0,25,2,27,0,6,31,2,39,20,4,24,63
08/03/2014,COU,MO,ACE,CE,Federal Contract Tower,0,7,7,0,14,0,0,25,0,25,0,7,32,0,39,18,0,18,57
08/04/2014,COU,MO,ACE,CE,Federal Contract Tower,0,9,15,0,24,0,0,11,0,11,0,9,26,0,35,14,0,14,49
08/05/2014,COU,MO,ACE,CE,Federal Contract Tower,0,16,13,2,31,0,0,7,0,7,0,16,20,2,38,12,0,12,50
08/06/2014,COU,MO,ACE,CE,Federal Contract Tower,0,12,31,0,43,0,0,27,0,27,0,12,58,0,70,26,0,26,96
08/07/2014,COU,MO,ACE,CE,Federal Contract Tower,2,8,15,0,25,0,0,4,0,4,2,8,19,0,29,0,0,0,29
08/08/2014,COU,MO,ACE,CE,Federal Contract Tower,0,6,21,0,27,0,0,6,0,6,0,6,27,0,33,0,0,0,33
08/09/2014,COU,MO,ACE,CE,Federal Contract Tower,0,6,4,0,10,0,0,13,0,13,0,6,17,0,23,12,0,12,35
08/10/2014,COU,MO,ACE,CE,Federal Contract Tower,0,5,6,1,12,0,0,7,0,7,0,5,13,1,19,2,0,2,21
08/11/2014,COU,MO,ACE,CE,Federal Contract Tower,0,11,11,0,22,0,0,11,0,11,0,11,22,0,33,14,0,14,47
08/12/2014,COU,MO,ACE,CE,Federal Contract Tower,0,15,17,0,32,0,0,18,0,18,0,15,35,0,50,4,0,4,54
08/13/2014,COU,MO,ACE,CE,Federal Contract Tower,0,12,13,0,25,0,1,30,0,31,0,13,43,0,56,20,0,20,76
08/14/2014,COU,MO,ACE,CE,Federal Contract Tower,0,6,23,0,29,0,0,32,8,40,0,6,55,8,69,16,4,20,89
08/15/2014,COU,MO,ACE,CE,Federal Contract Tower,0,7,12,0,19,0,0,27,3,30,0,7,39,3,49,28,4,32,81
08/16/2014,COU,MO,ACE,CE,Federal Contract Tower,0,9,8,0,17,0,0,21,1,22,0,9,29,1,39,14,0,14,53
08/17/2014,COU,MO,ACE,CE,Federal Contract Tower,0,8,4,0,12,0,0,1,0,1,0,8,5,0,13,6,0,6,19
08/18/2014,COU,MO,ACE,CE,Federal Contract Tower,0,9,29,0,38,0,0,16,2,18,0,9,45,2,56,18,0,18,74
08/19/2014,COU,MO,ACE,CE,Federal Contract Tower,0,10,14,0,24,0,0,4,0,4,0,10,18,0,28,6,0,6,34
08/20/2014,COU,MO,ACE,CE,Federal Contract Tower,0,13,13,1,27,0,0,9,2,11,0,13,22,3,38,6,14,20,58
08/21/2014,COU,MO,ACE,CE,Federal Contract Tower,0,9,12,0,21,0,0,29,1,30,0,9,41,1,51,26,2,28,79
08/22/2014,COU,MO,ACE,CE,Federal Contract Tower,0,13,16,0,29,0,0,25,3,28,0,13,41,3,57,22,12,34,91
08/23/2014,COU,MO,ACE,CE,Federal Contract Tower,0,8,8,0,16,0,0,28,1,29,0,8,36,1,45,16,8,24,69
08/24/2014,COU,MO,ACE,CE,Federal Contract Tower,0,7,13,0,20,0,0,20,0,20,0,7,33,0,40,8,0,8,48
08/25/2014,COU,MO,ACE,CE,Federal Contract Tower,0,5,15,0,20,0,0,21,0,21,0,5,36,0,41,8,0,8,49
08/26/2014,COU,MO,ACE,CE,Federal Contract Tower,0,8,13,0,21,0,0,11,0,11,0,8,24,0,32,18,0,18,50
08/27/2014,COU,MO,ACE,CE,Federal Contract Tower,0,8,11,0,19,0,0,11,2,13,0,8,22,2,32,10,0,10,42
08/28/2014,COU,MO,ACE,CE,Federal Contract Tower,0,6,10,0,16,0,0,31,0,31,0,6,41,0,47,16,0,16,63
08/29/2014,COU,MO,ACE,CE,Federal Contract Tower,0,12,21,0,33,0,0,4,0,4,0,12,25,0,37,0,0,0,37
08/30/2014,COU,MO,ACE,CE,Federal Contract Tower,0,10,17,0,27,0,2,23,0,25,0,12,40,0,52,28,0,28,80
08/31/2014,COU,MO,ACE,CE,Federal Contract Tower,0,8,8,0,16,0,0,18,0,18,0,8,26,0,34,10,0,10,44
09/01/2014,COU,MO,ACE,CE,Federal Contract Tower,0,16,15,0,31,0,0,13,0,13,0,16,28,0,44,14,0,14,58
09/02/2014,COU,MO,ACE,CE,Federal Contract Tower,0,8,10,0,18,0,0,7,0,7,0,8,17,0,25,8,2,10,35
09/03/2014,COU,MO,ACE,CE,Federal Contract Tower,0,6,16,1,23,0,0,12,0,12,0,6,28,1,35,4,0,4,39
09/04/2014,COU,MO,ACE,CE,Federal Contract Tower,0,3,20,0,23,0,0,30,3,33,0,3,50,3,56,18,16,34,90
09/05/2014,COU,MO,ACE,CE,Federal Contract Tower,2,6,7,0,15,0,0,31,2,33,2,6,38,2,48,10,10,20,68
09/06/2014,COU,MO,ACE,CE,Federal Contract Tower,2,5,12,0,19,0,0,14,0,14,2,5,26,0,33,12,0,12,45
09/07/2014,COU,MO,ACE,CE,Federal Contract Tower,0,7,8,0,15,0,0,15,0,15,0,7,23,0,30,18,0,18,48
09/08/2014,COU,MO,ACE,CE,Federal Contract Tower,0,8,21,0,29,0,0,23,2,25,0,8,44,2,54,20,0,20,74
09/09/2014,COU,MO,ACE,CE,Federal Contract Tower,0,5,18,0,23,0,0,14,0,14,0,5,32,0,37,16,0,16,53
09/10/2014,COU,MO,ACE,CE,Federal Contract Tower,0,6,11,0,17,0,0,2,2,4,0,6,13,2,21,6,0,6,27
09/11/2014,COU,MO,ACE,CE,Federal Contract Tower,0,13,19,3,35,0,0,11,0,11,0,13,30,3,46,0,0,0,46
09/12/2014,COU,MO,ACE,CE,Federal Contract Tower,1,18,10,1,30,0,0,16,8,24,1,18,26,9,54,0,0,0,54
09/13/2014,COU,MO,ACE,CE,Federal Contract Tower,1,9,12,0,22,0,2,28,0,30,1,11,40,0,52,16,0,16,68
09/14/2014,COU,MO,ACE,CE,Federal Contract Tower,0,10,14,0,24,0,0,35,0,35,0,10,49,0,59,22,0,22,81
09/15/2014,COU,MO,ACE,CE,Federal Contract Tower,0,9,21,0,30,0,0,11,0,11,0,9,32,0,41,6,0,6,47
09/16/2014,COU,MO,ACE,CE,Federal Contract Tower,0,10,12,0,22,0,0,8,0,8,0,10,20,0,30,10,0,10,40
09/17/2014,COU,MO,ACE,CE,Federal Contract Tower,0,10,28,0,38,0,0,0,0,0,0,10,28,0,38,0,0,0,38
09/18/2014,COU,MO,ACE,CE,Federal Contract Tower,0,11,9,0,20,0,0,13,0,13,0,11,22,0,33,6,0,6,39
09/19/2014,COU,MO,ACE,CE,Federal Contract Tower,2,15,16,0,33,0,0,36,1,37,2,15,52,1,70,22,10,32,102
09/20/2014,COU,MO,ACE,CE,Federal Contract Tower,2,14,15,0,31,0,0,28,0,28,2,14,43,0,59,24,0,24,83
09/21/2014,COU,MO,ACE,CE,Federal Contract Tower,0,13,11,0,24,0,0,22,0,22,0,13,33,0,46,26,0,26,72
09/22/2014,COU,MO,ACE,CE,Federal Contract Tower,0,6,14,0,20,0,0,26,0,26,0,6,40,0,46,22,0,22,68
09/23/2014,COU,MO,ACE,CE,Federal Contract Tower,0,6,11,0,17,0,0,21,0,21,0,6,32,0,38,14,0,14,52
09/24/2014,COU,MO,ACE,CE,Federal Contract Tower,0,7,19,0,26,0,0,15,0,15,0,7,34,0,41,4,0,4,45
09/25/2014,COU,MO,ACE,CE,Federal Contract Tower,0,12,15,0,27,0,0,19,0,19,0,12,34,0,46,36,0,36,82
09/26/2014,COU,MO,ACE,CE,Federal Contract Tower,2,8,19,7,36,0,0,33,4,37,2,8,52,11,73,30,0,30,103
09/27/2014,COU,MO,ACE,CE,Federal Contract Tower,0,5,18,0,23,0,0,29,0,29,0,5,47,0,52,16,0,16,68
09/28/2014,COU,MO,ACE,CE,Federal Contract Tower,0,4,15,0,19,0,0,26,0,26,0,4,41,0,45,30,0,30,75
09/29/2014,COU,MO,ACE,CE,Federal Contract Tower,0,8,25,0,33,0,0,22,0,22,0,8,47,0,55,42,0,42,97
09/30/2014,COU,MO,ACE,CE,Federal Contract Tower,0,14,25,0,39,0,0,15,0,15,0,14,40,0,54,22,0,22,76
10/01/2014,COU,MO,ACE,CE,Federal Contract Tower,0,8,10,0,18,0,0,8,0,8,0,8,18,0,26,6,0,6,32
10/02/2014,COU,MO,ACE,CE,Federal Contract Tower,0,9,3,0,12,0,0,2,0,2,0,9,5,0,14,0,0,0,14
10/03/2014,COU,MO,ACE,CE,Federal Contract Tower,0,14,13,0,27,0,0,24,3,27,0,14,37,3,54,22,0,22,76
10/04/2014,COU,MO,ACE,CE,Federal Contract Tower,0,9,2,6,17,0,0,23,3,26,0,9,25,9,43,20,0,20,63
10/05/2014,COU,MO,ACE,CE,Federal Contract Tower,0,11,15,0,26,0,0,26,4,30,0,11,41,4,56,10,2,12,68
10/06/2014,COU,MO,ACE,CE,Federal Contract Tower,0,8,19,0,27,0,0,19,0,19,0,8,38,0,46,2,0,2,48
10/07/2014,COU,MO,ACE,CE,Federal Contract Tower,0,6,17,0,23,0,0,11,4,15,0,6,28,4,38,8,0,8,46
10/08/2014,COU,MO,ACE,CE,Federal Contract Tower,0,9,23,0,32,0,0,13,0,13,0,9,36,0,45,2,0,2,47
10/09/2014,COU,MO,ACE,CE,Federal Contract Tower,0,11,11,0,22,0,0,0,0,0,0,11,11,0,22,0,0,0,22
10/10/2014,COU,MO,ACE,CE,Federal Contract Tower,2,9,18,10,39,0,0,12,2,14,2,9,30,12,53,6,8,14,67
10/11/2014,COU,MO,ACE,CE,Federal Contract Tower,2,11,36,0,49,0,0,27,0,27,2,11,63,0,76,24,0,24,100
10/12/2014,COU,MO,ACE,CE,Federal Contract Tower,0,10,14,0,24,0,0,1,0,1,0,10,15,0,25,2,0,2,27
10/13/2014,COU,MO,ACE,CE,Federal Contract Tower,0,8,9,0,17,0,0,0,0,0,0,8,9,0,17,0,0,0,17
10/14/2014,COU,MO,ACE,CE,Federal Contract Tower,0,7,9,0,16,0,0,1,0,1,0,7,10,0,17,4,0,4,21
10/15/2014,COU,MO,ACE,CE,Federal Contract Tower,0,7,20,0,27,0,0,8,2,10,0,7,28,2,37,10,14,24,61
10/16/2014,COU,MO,ACE,CE,Federal Contract Tower,0,7,22,1,30,0,0,23,3,26,0,7,45,4,56,20,2,22,78
10/17/2014,COU,MO,ACE,CE,Federal Contract Tower,2,9,15,0,26,0,0,19,0,19,2,9,34,0,45,14,0,14,59
10/18/2014,COU,MO,ACE,CE,Federal Contract Tower,0,12,16,0,28,0,0,21,2,23,0,12,37,2,51,20,2,22,73
10/19/2014,COU,MO,ACE,CE,Federal Contract Tower,0,12,17,0,29,0,0,19,0,19,0,12,36,0,48,28,0,28,76
10/20/2014,COU,MO,ACE,CE,Federal Contract Tower,0,10,12,0,22,0,0,23,0,23,0,10,35,0,45,24,0,24,69
10/21/2014,COU,MO,ACE,CE,Federal Contract Tower,0,15,11,0,26,0,0,16,0,16,0,15,27,0,42,14,0,14,56
10/22/2014,COU,MO,ACE,CE,Federal Contract Tower,0,8,13,1,22,0,0,15,0,15,0,8,28,1,37,10,0,10,47
10/23/2014,COU,MO,ACE,CE,Federal Contract Tower,0,10,17,1,28,0,2,27,2,31,0,12,44,3,59,20,4,24,83
10/24/2014,COU,MO,ACE,CE,Federal Contract Tower,2,17,22,11,52,0,0,27,8,35,2,17,49,19,87,21,32,53,140
10/25/2014,COU,MO,ACE,CE,Federal Contract Tower,2,8,15,3,28,0,0,35,2,37,2,8,50,5,65,12,4,16,81
10/26/2014,COU,MO,ACE,CE,Federal Contract Tower,0,16,23,4,43,0,0,33,0,33,0,16,56,4,76,26,0,26,102
10/27/2014,COU,MO,ACE,CE,Federal Contract Tower,0,8,11,0,19,0,0,16,0,16,0,8,27,0,35,10,0,10,45
10/28/2014,COU,MO,ACE,CE,Federal Contract Tower,0,8,14,0,22,0,1,12,0,13,0,9,26,0,35,12,2,14,49
10/29/2014,COU,MO,ACE,CE,Federal Contract Tower,0,6,12,0,18,0,0,15,0,15,0,6,27,0,33,22,0,22,55
10/30/2014,COU,MO,ACE,CE,Federal Contract Tower,0,8,9,0,17,0,0,24,0,24,0,8,33,0,41,18,0,18,59
10/31/2014,COU,MO,ACE,CE,Federal Contract Tower,2,7,19,0,28,0,0,20,0,20,2,7,39,0,48,18,0,18,66
11/01/2014,COU,MO,ACE,CE,Federal Contract Tower,9,9,28,0,46,0,0,22,0,22,9,9,50,0,68,24,0,24,92
11/02/2014,COU,MO,ACE,CE,Federal Contract Tower,0,9,16,0,25,0,0,18,2,20,0,9,34,2,45,20,0,20,65
11/03/2014,COU,MO,ACE,CE,Federal Contract Tower,0,7,12,0,19,0,0,10,0,10,0,7,22,0,29,14,0,14,43
11/04/2014,COU,MO,ACE,CE,Federal Contract Tower,0,8,13,0,21,0,0,11,0,11,0,8,24,0,32,10,0,10,42
11/05/2014,COU,MO,ACE,CE,Federal Contract Tower,0,8,13,0,21,0,1,11,0,12,0,9,24,0,33,12,0,12,45
11/06/2014,COU,MO,ACE,CE,Federal Contract Tower,0,8,13,0,21,0,0,13,0,13,0,8,26,0,34,0,0,0,34
11/07/2014,COU,MO,ACE,CE,Federal Contract Tower,0,12,13,0,25,0,0,28,2,30,0,12,41,2,55,32,12,44,99
11/08/2014,COU,MO,ACE,CE,Federal Contract Tower,0,10,4,0,14,0,0,19,0,19,0,10,23,0,33,10,0,10,43
11/09/2014,COU,MO,ACE,CE,Federal Contract Tower,0,9,6,3,18,0,0,27,3,30,0,9,33,6,48,10,24,34,82
11/10/2014,COU,MO,ACE,CE,Federal Contract Tower,0,7,6,0,13,0,0,18,0,18,0,7,24,0,31,14,0,14,45
11/11/2014,COU,MO,ACE,CE,Federal Contract Tower,0,5,13,0,18,0,2,5,0,7,0,7,18,0,25,8,0,8,33
11/12/2014,COU,MO,ACE,CE,Federal Contract Tower,0,6,19,1,26,0,0,14,1,15,0,6,33,2,41,4,0,4,45
11/13/2014,COU,MO,ACE,CE,Federal Contract Tower,0,10,12,0,22,0,0,12,0,12,0,10,24,0,34,4,0,4,38
11/14/2014,COU,MO,ACE,CE,Federal Contract Tower,2,10,16,0,28,0,0,27,0,27,2,10,43,0,55,0,0,0,55
11/15/2014,COU,MO,ACE,CE,Federal Contract Tower,0,9,6,0,15,0,0,10,0,10,0,9,16,0,25,6,0,6,31
11/16/2014,COU,MO,ACE,CE,Federal Contract Tower,0,8,10,0,18,0,0,0,0,0,0,8,10,0,18,2,0,2,20
11/17/2014,COU,MO,ACE,CE,Federal Contract Tower,1,5,8,0,14,0,1,7,0,8,1,6,15,0,22,4,0,4,26
11/18/2014,COU,MO,ACE,CE,Federal Contract Tower,0,12,20,0,32,0,0,11,0,11,0,12,31,0,43,12,0,12,55
11/19/2014,COU,MO,ACE,CE,Federal Contract Tower,0,9,20,1,30,0,0,15,2,17,0,9,35,3,47,14,0,14,61
11/20/2014,COU,MO,ACE,CE,Federal Contract Tower,0,14,20,0,34,0,0,36,4,40,0,14,56,4,74,22,0,22,96
11/21/2014,COU,MO,ACE,CE,Federal Contract Tower,1,12,13,0,26,0,0,24,1,25,1,12,37,1,51,12,2,14,65
11/22/2014,COU,MO,ACE,CE,Federal Contract Tower,0,18,6,0,24,0,0,15,0,15,0,18,21,0,39,14,0,14,53
11/23/2014,COU,MO,ACE,CE,Federal Contract Tower,0,16,5,0,21,0,0,0,0,0,0,16,5,0,21,0,0,0,21
11/24/2014,COU,MO,ACE,CE,Federal Contract Tower,0,6,23,0,29,0,0,11,0,11,0,6,34,0,40,4,0,4,44
11/25/2014,COU,MO,ACE,CE,Federal Contract Tower,0,8,19,0,27,0,0,25,2,27,0,8,44,2,54,22,0,22,76
11/26/2014,COU,MO,ACE,CE,Federal Contract Tower,0,11,6,0,17,0,0,4,0,4,0,11,10,0,21,4,0,4,25
11/27/2014,COU,MO,ACE,CE,Federal Contract Tower,2,7,5,0,14,0,2,12,0,14,2,9,17,0,28,4,0,4,32
11/28/2014,COU,MO,ACE,CE,Federal Contract Tower,2,8,72,0,82,0,0,43,0,43,2,8,115,0,125,12,0,12,137
11/29/2014,COU,MO,ACE,CE,Federal Contract Tower,0,13,5,0,18,0,0,37,0,37,0,13,42,0,55,16,0,16,71
11/30/2014,COU,MO,ACE,CE,Federal Contract Tower,0,11,6,0,17,0,0,12,0,12,0,11,18,0,29,10,0,10,39
12/01/2014,COU,MO,ACE,CE,Federal Contract Tower,0,8,6,0,14,0,0,19,0,19,0,8,25,0,33,4,0,4,37
12/02/2014,COU,MO,ACE,CE,Federal Contract Tower,0,9,24,0,33,0,0,14,1,15,0,9,38,1,48,0,2,2,50
12/03/2014,COU,MO,ACE,CE,Federal Contract Tower,0,13,13,1,27,0,1,11,0,12,0,14,24,1,39,4,0,4,43
12/04/2014,COU,MO,ACE,CE,Federal Contract Tower,0,10,3,0,13,0,0,0,0,0,0,10,3,0,13,0,0,0,13
12/05/2014,COU,MO,ACE,CE,Federal Contract Tower,1,12,8,0,21,0,0,0,0,0,1,12,8,0,21,0,0,0,21
12/06/2014,COU,MO,ACE,CE,Federal Contract Tower,0,14,7,0,21,0,0,0,0,0,0,14,7,0,21,0,0,0,21
12/07/2014,COU,MO,ACE,CE,Federal Contract Tower,0,13,6,0,19,0,0,4,0,4,0,13,10,0,23,6,0,6,29
12/08/2014,COU,MO,ACE,CE,Federal Contract Tower,0,12,12,0,24,0,0,6,0,6,0,12,18,0,30,4,0,4,34
12/09/2014,COU,MO,ACE,CE,Federal Contract Tower,0,9,11,0,20,0,0,5,4,9,0,9,16,4,29,0,0,0,29
12/10/2014,COU,MO,ACE,CE,Federal Contract Tower,0,7,15,0,22,0,0,1,0,1,0,7,16,0,23,2,0,2,25
12/11/2014,COU,MO,ACE,CE,Federal Contract Tower,0,9,16,0,25,0,0,2,0,2,0,9,18,0,27,0,0,0,27
12/12/2014,COU,MO,ACE,CE,Federal Contract Tower,0,7,14,0,21,0,3,16,4,23,0,10,30,4,44,30,0,30,74
12/13/2014,COU,MO,ACE,CE,Federal Contract Tower,1,6,8,0,15,0,0,8,0,8,1,6,16,0,23,6,0,6,29
12/14/2014,COU,MO,ACE,CE,Federal Contract Tower,0,7,11,0,18,0,0,20,0,20,0,7,31,0,38,4,0,4,42
12/15/2014,COU,MO,ACE,CE,Federal Contract Tower,0,5,15,0,20,0,0,21,0,21,0,5,36,0,41,24,0,24,65
12/16/2014,COU,MO,ACE,CE,Federal Contract Tower,0,9,12,0,21,0,1,5,0,6,0,10,17,0,27,6,2,8,35
12/17/2014,COU,MO,ACE,CE,Federal Contract Tower,0,9,13,0,22,0,2,20,0,22,0,11,33,0,44,10,0,10,54
12/18/2014,COU,MO,ACE,CE,Federal Contract Tower,0,7,4,0,11,0,0,3,0,3,0,7,7,0,14,0,0,0,14
12/19/2014,COU,MO,ACE,CE,Federal Contract Tower,0,10,15,0,25,0,0,3,0,3,0,10,18,0,28,2,0,2,30
12/20/2014,COU,MO,ACE,CE,Federal Contract Tower,0,11,7,0,18,0,0,5,0,5,0,11,12,0,23,6,0,6,29
12/21/2014,COU,MO,ACE,CE,Federal Contract Tower,0,9,7,0,16,0,0,3,0,3,0,9,10,0,19,4,0,4,23
12/22/2014,COU,MO,ACE,CE,Federal Contract Tower,4,9,11,0,24,0,0,0,0,0,4,9,11,0,24,2,0,2,26
12/23/2014,COU,MO,ACE,CE,Federal Contract Tower,0,10,10,0,20,0,0,14,1,15,0,10,24,1,35,10,2,12,47
12/24/2014,COU,MO,ACE,CE,Federal Contract Tower,0,7,4,0,11,0,0,1,0,1,0,7,5,0,12,0,0,0,12
12/25/2014,COU,MO,ACE,CE,Federal Contract Tower,0,8,3,0,11,0,0,3,0,3,0,8,6,0,14,8,0,8,22
12/26/2014,COU,MO,ACE,CE,Federal Contract Tower,0,8,9,0,17,0,0,7,0,7,0,8,16,0,24,0,0,0,24
12/27/2014,COU,MO,ACE,CE,Federal Contract Tower,0,12,3,0,15,0,0,3,0,3,0,12,6,0,18,0,0,0,18
12/28/2014,COU,MO,ACE,CE,Federal Contract Tower,1,7,8,0,16,0,0,18,0,18,1,7,26,0,34,14,0,14,48
12/29/2014,COU,MO,ACE,CE,Federal Contract Tower,2,6,10,0,18,0,0,15,2,17,2,6,25,2,35,8,0,8,43
12/30/2014,COU,MO,ACE,CE,Federal Contract Tower,2,8,11,0,21,0,0,16,9,25,2,8,27,9,46,28,8,36,82
12/31/2014,COU,MO,ACE,CE,Federal Contract Tower,0,7,4,0,11,0,1,9,0,10,0,8,13,0,21,6,0,6,27
01/01/2015,COU,MO,ACE,CE,Federal Contract Tower,3,11,3,0,17,0,0,13,0,13,3,11,16,0,30,0,0,0,30
01/02/2015,COU,MO,ACE,CE,Federal Contract Tower,2,7,10,0,19,0,0,11,0,11,2,7,21,0,30,4,0,4,34
01/03/2015,COU,MO,ACE,CE,Federal Contract Tower,0,6,3,0,9,0,0,3,0,3,0,6,6,0,12,0,0,0,12
01/04/2015,COU,MO,ACE,CE,Federal Contract Tower,0,12,6,2,20,0,0,2,0,2,0,12,8,2,22,2,0,2,24
01/05/2015,COU,MO,ACE,CE,Federal Contract Tower,0,9,9,0,18,0,0,5,0,5,0,9,14,0,23,10,0,10,33
01/06/2015,COU,MO,ACE,CE,Federal Contract Tower,2,7,13,0,22,0,0,8,3,11,2,7,21,3,33,8,10,18,51
01/07/2015,COU,MO,ACE,CE,Federal Contract Tower,2,10,6,0,18,0,1,6,4,11,2,11,12,4,29,18,0,18,47
01/08/2015,COU,MO,ACE,CE,Federal Contract Tower,1,10,17,0,28,0,0,7,0,7,1,10,24,0,35,6,0,6,41
01/09/2015,COU,MO,ACE,CE,Federal Contract Tower,4,7,15,1,27,0,0,14,5,19,4,7,29,6,46,4,4,8,54
01/10/2015,COU,MO,ACE,CE,Federal Contract Tower,3,7,10,0,20,0,0,16,0,16,3,7,26,0,36,16,0,16,52
01/11/2015,COU,MO,ACE,CE,Federal Contract Tower,3,4,5,0,12,0,0,0,0,0,3,4,5,0,12,0,0,0,12
01/12/2015,COU,MO,ACE,CE,Federal Contract Tower,2,9,12,0,23,0,0,16,2,18,2,9,28,2,41,10,6,16,57
01/13/2015,COU,MO,ACE,CE,Federal Contract Tower,3,5,20,1,29,0,0,9,4,13,3,5,29,5,42,24,10,34,76
01/14/2015,COU,MO,ACE,CE,Federal Contract Tower,2,9,8,0,19,0,0,17,3,20,2,9,25,3,39,18,16,34,73
01/15/2015,COU,MO,ACE,CE,Federal Contract Tower,7,10,13,0,30,0,0,19,5,24,7,10,32,5,54,0,56,56,110
01/16/2015,COU,MO,ACE,CE,Federal Contract Tower,6,8,12,0,26,2,0,20,3,25,8,8,32,3,51,10,8,18,69
01/17/2015,COU,MO,ACE,CE,Federal Contract Tower,3,10,8,0,21,0,0,13,0,13,3,10,21,0,34,22,0,22,56
01/18/2015,COU,MO,ACE,CE,Federal Contract Tower,2,11,7,0,20,0,0,18,0,18,2,11,25,0,38,10,0,10,48
01/19/2015,COU,MO,ACE,CE,Federal Contract Tower,3,6,8,0,17,0,0,18,0,18,3,6,26,0,35,10,0,10,45
01/20/2015,COU,MO,ACE,CE,Federal Contract Tower,4,14,10,0,28,0,4,14,2,20,4,18,24,2,48,12,22,34,82
01/21/2015,COU,MO,ACE,CE,Federal Contract Tower,3,13,19,0,35,0,0,23,0,23,3,13,42,0,58,0,0,0,58
01/22/2015,COU,MO,ACE,CE,Federal Contract Tower,5,4,10,0,19,0,0,11,3,14,5,4,21,3,33,0,42,42,75
01/23/2015,COU,MO,ACE,CE,Federal Contract Tower,3,11,4,0,18,0,0,23,1,24,3,11,27,1,42,19,0,19,61
01/24/2015,COU,MO,ACE,CE,Federal Contract Tower,2,9,13,0,24,0,4,18,1,23,2,13,31,1,47,18,6,24,71
01/25/2015,COU,MO,ACE,CE,Federal Contract Tower,2,7,6,0,15,0,0,0,0,0,2,7,6,0,15,0,0,0,15
01/26/2015,COU,MO,ACE,CE,Federal Contract Tower,2,8,6,0,16,0,0,14,0,14,2,8,20,0,30,14,0,14,44
01/27/2015,COU,MO,ACE,CE,Federal Contract Tower,3,8,10,0,21,0,2,9,0,11,3,10,19,0,32,16,0,16,48
01/28/2015,COU,MO,ACE,CE,Federal Contract Tower,2,10,12,2,26,0,1,17,6,24,2,11,29,8,50,20,4,24,74
01/29/2015,COU,MO,ACE,CE,Federal Contract Tower,3,8,9,0,20,0,12,0,0,12,3,20,9,0,32,22,0,22,54
01/30/2015,COU,MO,ACE,CE,Federal Contract Tower,3,9,14,0,26,0,0,30,2,32,3,9,44,2,58,30,0,30,88
01/31/2015,COU,MO,ACE,CE,Federal Contract Tower,2,8,9,0,19,0,0,6,0,6,2,8,15,0,25,6,0,6,31
02/01/2015,COU,MO,ACE,CE,Federal Contract Tower,0,6,1,0,7,0,0,0,0,0,0,6,1,0,7,0,0,0,7
02/02/2015,COU,MO,ACE,CE,Federal Contract Tower,1,6,8,0,15,0,2,14,0,16,1,8,22,0,31,16,0,16,47
02/03/2015,COU,MO,ACE,CE,Federal Contract Tower,3,10,12,0,25,0,2,6,6,14,3,12,18,6,39,12,26,38,77
02/04/2015,COU,MO,ACE,CE,Federal Contract Tower,2,8,4,0,14,0,1,6,2,9,2,9,10,2,23,10,10,20,43
02/05/2015,COU,MO,ACE,CE,Federal Contract Tower,2,7,8,0,17,0,0,18,1,19,2,7,26,1,36,12,4,16,52
02/06/2015,COU,MO,ACE,CE,Federal Contract Tower,5,4,13,1,23,0,1,15,4,20,5,5,28,5,43,4,24,28,71
02/07/2015,COU,MO,ACE,CE,Federal Contract Tower,4,9,12,0,25,0,0,26,0,26,4,9,38,0,51,20,0,20,71
02/08/2015,COU,MO,ACE,CE,Federal Contract Tower,2,7,7,0,16,0,0,20,0,20,2,7,27,0,36,12,0,12,48
02/09/2015,COU,MO,ACE,CE,Federal Contract Tower,4,6,12,0,22,0,0,4,0,4,4,6,16,0,26,8,0,8,34
02/10/2015,COU,MO,ACE,CE,Federal Contract Tower,3,6,25,0,34,0,0,13,0,13,3,6,38,0,47,14,0,14,61
02/11/2015,COU,MO,ACE,CE,Federal Contract Tower,3,4,14,2,23,0,0,8,4,12,3,4,22,6,35,10,24,34,69
02/12/2015,COU,MO,ACE,CE,Federal Contract Tower,4,13,9,0,26,0,0,14,1,15,4,13,23,1,41,2,12,14,55
02/13/2015,COU,MO,ACE,CE,Federal Contract Tower,9,6,12,0,27,0,0,26,0,26,9,6,38,0,53,14,0,14,67
02/14/2015,COU,MO,ACE,CE,Federal Contract Tower,8,3,6,0,17,0,0,11,0,11,8,3,17,0,28,6,0,6,34
02/15/2015,COU,MO,ACE,CE,Federal Contract Tower,4,3,4,0,11,0,0,4,0,4,4,3,8,0,15,2,0,2,17
02/16/2015,COU,MO,ACE,CE,Federal Contract Tower,6,3,3,0,12,0,0,1,0,1,6,3,4,0,13,2,0,2,15
02/17/2015,COU,MO,ACE,CE,Federal Contract Tower,6,6,12,0,24,0,0,5,2,7,6,6,17,2,31,6,14,20,51
02/18/2015,COU,MO,ACE,CE,Federal Contract Tower,6,5,11,0,22,0,0,8,2,10,6,5,19,2,32,4,4,8,40
02/19/2015,COU,MO,ACE,CE,Federal Contract Tower,9,1,16,2,28,0,0,19,0,19,9,1,35,2,47,16,0,16,63
02/20/2015,COU,MO,ACE,CE,Federal Contract Tower,5,4,4,0,13,0,6,0,0,6,5,10,4,0,19,0,0,0,19
02/21/2015,COU,MO,ACE,CE,Federal Contract Tower,10,3,4,0,17,0,0,0,0,0,10,3,4,0,17,0,0,0,17
02/23/2015,COU,MO,ACE,CE,Federal Contract Tower,1,6,16,0,23,0,0,17,0,17,1,6,33,0,40,12,0,12,52
02/24/2015,COU,MO,ACE,CE,Federal Contract Tower,3,1,15,0,19,0,1,21,3,25,3,2,36,3,44,24,16,40,84
02/25/2015,COU,MO,ACE,CE,Federal Contract Tower,6,4,14,3,27,0,0,12,0,12,6,4,26,3,39,10,4,14,53
02/26/2015,COU,MO,ACE,CE,Federal Contract Tower,7,1,19,3,30,0,1,7,6,14,7,2,26,9,44,0,46,46,90
02/27/2015,COU,MO,ACE,CE,Federal Contract Tower,5,3,22,0,30,0,4,26,0,30,5,7,48,0,60,20,0,20,80
02/28/2015,COU,MO,ACE,CE,Federal Contract Tower,2,2,5,0,9,0,0,2,0,2,2,2,7,0,11,0,0,0,11
03/01/2015,COU,MO,ACE,CE,Federal Contract Tower,5,2,5,0,12,0,0,1,0,1,5,2,6,0,13,2,0,2,15
03/02/2015,COU,MO,ACE,CE,Federal Contract Tower,4,7,12,0,23,0,0,3,0,3,4,7,15,0,26,10,0,10,36
03/03/2015,COU,MO,ACE,CE,Federal Contract Tower,3,8,8,0,19,0,0,0,0,0,3,8,8,0,19,0,0,0,19
03/04/2015,COU,MO,ACE,CE,Federal Contract Tower,3,3,8,0,14,0,0,4,0,4,3,3,12,0,18,14,0,14,32
03/05/2015,COU,MO,ACE,CE,Federal Contract Tower,1,4,13,0,18,0,2,29,0,31,1,6,42,0,49,20,0,20,69
03/06/2015,COU,MO,ACE,CE,Federal Contract Tower,5,4,8,0,17,0,2,27,2,31,5,6,35,2,48,32,4,36,84
03/07/2015,COU,MO,ACE,CE,Federal Contract Tower,6,2,7,0,15,0,0,30,6,36,6,2,37,6,51,14,4,18,69
03/10/2015,COU,MO,ACE,CE,Federal Contract Tower,4,7,13,0,24,0,0,9,0,9,4,7,22,0,33,12,0,12,45
03/11/2015,COU,MO,ACE,CE,Federal Contract Tower,7,6,23,0,36,0,0,17,2,19,7,6,40,2,55,8,0,8,63
03/12/2015,COU,MO,ACE,CE,Federal Contract Tower,7,2,27,0,36,0,0,30,0,30,7,2,57,0,66,12,0,12,78
03/13/2015,COU,MO,ACE,CE,Federal Contract Tower,5,10,19,0,34,0,0,18,0,18,5,10,37,0,52,20,0,20,72
03/15/2015,COU,MO,ACE,CE,Federal Contract Tower,6,2,7,0,15,0,0,31,0,31,6,2,38,0,46,24,2,26,72
03/16/2015,COU,MO,ACE,CE,Federal Contract Tower,6,5,15,2,28,0,0,28,0,28,6,5,43,2,56,16,0,16,72
03/17/2015,COU,MO,ACE,CE,Federal Contract Tower,8,4,15,0,27,0,0,6,4,10,8,4,21,4,37,10,2,12,49
03/18/2015,COU,MO,ACE,CE,Federal Contract Tower,6,7,13,5,31,0,0,12,4,16,6,7,25,9,47,28,24,52,99
03/19/2015,COU,MO,ACE,CE,Federal Contract Tower,6,11,12,2,31,0,0,5,0,5,6,11,17,2,36,4,0,4,40
03/20/2015,COU,MO,ACE,CE,Federal Contract Tower,7,0,23,0,30,0,0,15,2,17,7,0,38,2,47,8,4,12,59
03/21/2015,COU,MO,ACE,CE,Federal Contract Tower,7,4,8,0,19,0,0,30,0,30,7,4,38,0,49,28,0,28,77
03/22/2015,COU,MO,ACE,CE,Federal Contract Tower,5,2,4,0,11,0,0,29,0,29,5,2,33,0,40,38,0,38,78
03/23/2015,COU,MO,ACE,CE,Federal Contract Tower,4,5,21,0,30,0,0,21,0,21,4,5,42,0,51,12,0,12,63
03/24/2015,COU,MO,ACE,CE,Federal Contract Tower,6,0,10,0,16,0,0,0,0,0,6,0,10,0,16,0,0,0,16
03/25/2015,COU,MO,ACE,CE,Federal Contract Tower,5,5,20,0,30,0,0,11,0,11,5,5,31,0,41,12,0,12,53
03/26/2015,COU,MO,ACE,CE,Federal Contract Tower,6,0,9,2,17,0,0,15,6,21,6,0,24,8,38,6,18,24,62
03/27/2015,COU,MO,ACE,CE,Federal Contract Tower,7,0,14,0,21,0,0,27,0,27,7,0,41,0,48,20,0,20,68
03/28/2015,COU,MO,ACE,CE,Federal Contract Tower,7,6,6,0,19,0,0,21,0,21,7,6,27,0,40,14,0,14,54
03/29/2015,COU,MO,ACE,CE,Federal Contract Tower,4,2,5,0,11,0,0,6,0,6,4,2,11,0,17,10,0,10,27
03/30/2015,COU,MO,ACE,CE,Federal Contract Tower,4,4,12,0,20,0,4,32,0,36,4,8,44,0,56,30,0,30,86
03/31/2015,COU,MO,ACE,CE,Federal Contract Tower,6,6,15,0,27,0,0,26,4,30,6,6,41,4,57,38,2,40,97
04/01/2015,COU,MO,ACE,CE,Federal Contract Tower,4,7,17,0,28,0,0,11,0,11,4,7,28,0,39,2,0,2,41
04/02/2015,COU,MO,ACE,CE,Federal Contract Tower,6,3,7,0,16,0,0,3,0,3,6,3,10,0,19,16,0,16,35
04/03/2015,COU,MO,ACE,CE,Federal Contract Tower,4,3,12,0,19,0,0,23,0,23,4,3,35,0,42,4,0,4,46
04/04/2015,COU,MO,ACE,CE,Federal Contract Tower,3,0,5,0,8,0,0,21,0,21,3,0,26,0,29,22,0,22,51
04/05/2015,COU,MO,ACE,CE,Federal Contract Tower,4,6,3,0,13,0,0,16,0,16,4,6,19,0,29,16,0,16,45
04/06/2015,COU,MO,ACE,CE,Federal Contract Tower,5,0,25,1,31,0,0,1,0,1,5,0,26,1,32,6,4,10,42
04/07/2015,COU,MO,ACE,CE,Federal Contract Tower,9,5,21,0,35,0,0,8,2,10,9,5,29,2,45,8,14,22,67
04/08/2015,COU,MO,ACE,CE,Federal Contract Tower,3,9,14,0,26,0,1,0,0,1,3,10,14,0,27,0,0,0,27
04/09/2015,COU,MO,ACE,CE,Federal Contract Tower,4,0,10,0,14,0,1,8,0,9,4,1,18,0,23,0,0,0,23
04/10/2015,COU,MO,ACE,CE,Federal Contract Tower,4,5,21,0,30,0,0,25,0,25,4,5,46,0,55,16,0,16,71
04/11/2015,COU,MO,ACE,CE,Federal Contract Tower,7,0,10,0,17,0,0,22,0,22,7,0,32,0,39,34,0,34,73
04/12/2015,COU,MO,ACE,CE,Federal Contract Tower,4,12,14,0,30,0,0,7,0,7,4,12,21,0,37,8,0,8,45
04/13/2015,COU,MO,ACE,CE,Federal Contract Tower,4,4,14,0,22,0,2,18,0,20,4,6,32,0,42,20,0,20,62
04/14/2015,COU,MO,ACE,CE,Federal Contract Tower,5,1,17,0,23,0,0,7,0,7,5,1,24,0,30,6,4,10,40
04/15/2015,COU,MO,ACE,CE,Federal Contract Tower,4,2,8,0,14,0,2,11,1,14,4,4,19,1,28,16,2,18,46
04/16/2015,COU,MO,ACE,CE,Federal Contract Tower,4,9,20,0,33,0,0,33,0,33,4,9,53,0,66,36,0,36,102
04/17/2015,COU,MO,ACE,CE,Federal Contract Tower,5,11,28,0,44,0,1,30,3,34,5,12,58,3,78,24,4,28,106
04/18/2015,COU,MO,ACE,CE,Federal Contract Tower,4,6,7,0,17,0,0,4,0,4,4,6,11,0,21,8,0,8,29
04/19/2015,COU,MO,ACE,CE,Federal Contract Tower,4,6,6,0,16,0,0,7,0,7,4,6,13,0,23,8,0,8,31
04/20/2015,COU,MO,ACE,CE,Federal Contract Tower,4,4,14,0,22,0,0,22,2,24,4,4,36,2,46,24,0,24,70
04/21/2015,COU,MO,ACE,CE,Federal Contract Tower,4,2,22,0,28,0,0,11,0,11,4,2,33,0,39,14,0,14,53
04/22/2015,COU,MO,ACE,CE,Federal Contract Tower,4,4,21,1,30,0,0,26,0,26,4,4,47,1,56,32,0,32,88
04/23/2015,COU,MO,ACE,CE,Federal Contract Tower,4,6,17,1,28,0,0,23,3,26,4,6,40,4,54,48,6,54,108
04/24/2015,COU,MO,ACE,CE,Federal Contract Tower,3,7,22,0,32,0,0,11,1,12,3,7,33,1,44,6,10,16,60
04/25/2015,COU,MO,ACE,CE,Federal Contract Tower,4,3,11,0,18,0,0,3,0,3,4,3,14,0,21,0,0,0,21
04/26/2015,COU,MO,ACE,CE,Federal Contract Tower,4,7,24,0,35,0,0,17,0,17,4,7,41,0,52,14,0,14,66
04/27/2015,COU,MO,ACE,CE,Federal Contract Tower,4,1,14,0,19,0,2,12,0,14,4,3,26,0,33,32,0,32,65
04/28/2015,COU,MO,ACE,CE,Federal Contract Tower,4,2,7,0,13,0,0,22,2,24,4,2,29,2,37,38,10,48,85
04/29/2015,COU,MO,ACE,CE,Federal Contract Tower,4,0,20,0,24,0,2,15,0,17,4,2,35,0,41,18,2,20,61
04/30/2015,COU,MO,ACE,CE,Federal Contract Tower,4,6,17,0,27,0,0,28,9,37,4,6,45,9,64,22,30,52,116
05/02/2015,COU,MO,ACE,CE,Federal Contract Tower,4,3,8,0,15,0,0,29,0,29,4,3,37,0,44,20,0,20,64
05/03/2015,COU,MO,ACE,CE,Federal Contract Tower,4,4,12,0,20,0,0,14,0,14,4,4,26,0,34,6,2,8,42
05/04/2015,COU,MO,ACE,CE,Federal Contract Tower,4,0,16,0,20,0,0,20,7,27,4,0,36,7,47,30,18,48,95
05/05/2015,COU,MO,ACE,CE,Federal Contract Tower,4,0,25,1,30,0,0,16,2,18,4,0,41,3,48,60,6,66,114
05/06/2015,COU,MO,ACE,CE,Federal Contract Tower,6,7,28,1,42,0,0,16,1,17,6,7,44,2,59,10,0,10,69
05/07/2015,COU,MO,ACE,CE,Federal Contract Tower,6,8,9,0,23,1,4,9,2,16,7,12,18,2,39,18,0,18,57
05/08/2015,COU,MO,ACE,CE,Federal Contract Tower,4,5,8,0,17,0,0,3,0,3,4,5,11,0,20,6,0,6,26
05/09/2015,COU,MO,ACE,CE,Federal Contract Tower,2,0,8,0,10,0,0,0,0,0,2,0,8,0,10,0,0,0,10
05/10/2015,COU,MO,ACE,CE,Federal Contract Tower,3,3,0,0,6,0,0,2,0,2,3,3,2,0,8,4,0,4,12
05/11/2015,COU,MO,ACE,CE,Federal Contract Tower,1,3,11,0,15,0,0,18,0,18,1,3,29,0,33,10,0,10,43
05/12/2015,COU,MO,ACE,CE,Federal Contract Tower,9,1,19,0,29,0,2,17,3,22,9,3,36,3,51,20,6,26,77
05/13/2015,COU,MO,ACE,CE,Federal Contract Tower,4,4,15,2,25,0,3,25,0,28,4,7,40,2,53,16,0,16,69
05/14/2015,COU,MO,ACE,CE,Federal Contract Tower,4,9,20,5,38,0,0,5,1,6,4,9,25,6,44,0,0,0,44
05/15/2015,COU,MO,ACE,CE,Federal Contract Tower,5,12,25,4,46,0,1,14,1,16,5,13,39,5,62,10,22,32,94
05/16/2015,COU,MO,ACE,CE,Federal Contract Tower,4,9,12,0,25,0,0,12,0,12,4,9,24,0,37,10,0,10,47
05/17/2015,COU,MO,ACE,CE,Federal Contract Tower,5,9,9,0,23,0,2,13,2,17,5,11,22,2,40,6,0,6,46
05/18/2015,COU,MO,ACE,CE,Federal Contract Tower,4,7,30,0,41,0,0,22,2,24,4,7,52,2,65,18,0,18,83
05/19/2015,COU,MO,ACE,CE,Federal Contract Tower,4,2,28,2,36,0,0,19,2,21,4,2,47,4,57,38,12,50,107
05/20/2015,COU,MO,ACE,CE,Federal Contract Tower,4,5,20,0,29,0,0,0,0,0,4,5,20,0,29,6,0,6,35
05/21/2015,COU,MO,ACE,CE,Federal Contract Tower,3,2,25,5,35,0,0,26,5,31,3,2,51,10,66,34,16,50,116
05/22/2015,COU,MO,ACE,CE,Federal Contract Tower,3,4,14,0,21,0,0,16,32,48,3,4,30,32,69,10,58,68,137
05/23/2015,COU,MO,ACE,CE,Federal Contract Tower,5,0,3,0,8,0,0,22,13,35,5,0,25,13,43,56,48,104,147
05/24/2015,COU,MO,ACE,CE,Federal Contract Tower,4,0,11,3,18,0,0,60,28,88,4,0,71,31,106,38,42,80,186
05/25/2015,COU,MO,ACE,CE,Federal Contract Tower,3,3,8,5,19,0,0,20,0,20,3,3,28,5,39,16,0,16,55
05/26/2015,COU,MO,ACE,CE,Federal Contract Tower,6,4,19,7,36,0,0,3,1,4,6,4,22,8,40,10,4,14,54
05/27/2015,COU,MO,ACE,CE,Federal Contract Tower,4,1,22,0,27,0,0,30,4,34,4,1,52,4,61,14,4,18,79
05/28/2015,COU,MO,ACE,CE,Federal Contract Tower,4,0,15,0,19,0,1,6,0,7,4,1,21,0,26,14,0,14,40
05/29/2015,COU,MO,ACE,CE,Federal Contract Tower,3,1,16,0,20,0,0,15,0,15,3,1,31,0,35,14,0,14,49
05/30/2015,COU,MO,ACE,CE,Federal Contract Tower,5,1,26,21,53,0,0,17,0,17,5,1,43,21,70,16,0,16,86
05/31/2015,COU,MO,ACE,CE,Federal Contract Tower,4,4,36,0,44,0,0,17,0,17,4,4,53,0,61,36,0,36,97
06/01/2015,COU,MO,ACE,CE,Federal Contract Tower,3,4,40,0,47,0,0,17,0,17,3,4,57,0,64,22,0,22,86
06/02/2015,COU,MO,ACE,CE,Federal Contract Tower,4,0,37,0,41,0,1,16,0,17,4,1,53,0,58,40,4,44,102
06/03/2015,COU,MO,ACE,CE,Federal Contract Tower,4,1,32,0,37,0,0,10,0,10,4,1,42,0,47,14,0,14,61
06/04/2015,COU,MO,ACE,CE,Federal Contract Tower,4,0,16,3,23,0,0,13,0,13,4,0,29,3,36,10,0,10,46
06/05/2015,COU,MO,ACE,CE,Federal Contract Tower,4,3,21,0,28,0,2,37,0,39,4,5,58,0,67,28,0,28,95
06/06/2015,COU,MO,ACE,CE,Federal Contract Tower,4,5,13,0,22,0,0,23,0,23,4,5,36,0,45,16,0,16,61
06/07/2015,COU,MO,ACE,CE,Federal Contract Tower,4,3,11,0,18,0,0,22,0,22,4,3,33,0,40,18,0,18,58
06/08/2015,COU,MO,ACE,CE,Federal Contract Tower,1,5,16,2,24,0,2,29,1,32,1,7,45,3,56,18,4,22,78
06/09/2015,COU,MO,ACE,CE,Federal Contract Tower,7,0,6,3,16,0,2,18,2,22,7,2,24,5,38,6,4,10,48
06/10/2015,COU,MO,ACE,CE,Federal Contract Tower,4,5,17,4,30,0,5,24,2,31,4,10,41,6,61,30,0,30,91
06/11/2015,COU,MO,ACE,CE,Federal Contract Tower,3,7,20,1,31,0,0,30,1,31,3,7,50,2,62,18,0,18,80
06/12/2015,COU,MO,ACE,CE,Federal Contract Tower,5,0,13,1,19,0,0,16,2,18,5,0,29,3,37,12,0,12,49
06/13/2015,COU,MO,ACE,CE,Federal Contract Tower,6,0,9,0,15,0,2,1,0,3,6,2,10,0,18,2,0,2,20
06/14/2015,COU,MO,ACE,CE,Federal Contract Tower,5,7,5,3,20,0,0,12,0,12,5,7,17,3,32,1,0,1,33
06/15/2015,COU,MO,ACE,CE,Federal Contract Tower,3,0,19,1,23,0,0,8,0,8,3,0,27,1,31,8,0,8,39
06/16/2015,COU,MO,ACE,CE,Federal Contract Tower,4,0,26,0,30,0,0,1,0,1,4,0,27,0,31,2,0,2,33
06/17/2015,COU,MO,ACE,CE,Federal Contract Tower,4,3,15,0,22,0,0,5,0,5,4,3,20,0,27,2,0,2,29
06/18/2015,COU,MO,ACE,CE,Federal Contract Tower,4,3,15,2,24,0,5,3,0,8,4,8,18,2,32,0,0,0,32
06/19/2015,COU,MO,ACE,CE,Federal Contract Tower,4,2,16,6,28,0,1,4,0,5,4,3,20,6,33,2,2,4,37
06/21/2015,COU,MO,ACE,CE,Federal Contract Tower,4,1,9,0,14,0,0,6,0,6,4,1,15,0,20,0,0,0,20
06/22/2015,COU,MO,ACE,CE,Federal Contract Tower,2,2,14,0,18,0,0,25,0,25,2,2,39,0,43,34,0,34,77
06/23/2015,COU,MO,ACE,CE,Federal Contract Tower,5,7,11,1,24,0,4,18,2,24,5,11,29,3,48,34,8,42,90
06/24/2015,COU,MO,ACE,CE,Federal Contract Tower,3,10,13,0,26,0,2,21,4,27,3,12,34,4,53,12,12,24,77
06/25/2015,COU,MO,ACE,CE,Federal Contract Tower,2,4,20,2,28,0,2,13,1,16,2,6,33,3,44,2,0,2,46
06/26/2015,COU,MO,ACE,CE,Federal Contract Tower,4,5,23,1,33,0,0,4,6,10,4,5,27,7,43,0,0,0,43
06/27/2015,COU,MO,ACE,CE,Federal Contract Tower,4,4,8,0,16,0,0,22,0,22,4,4,30,0,38,20,0,20,58
06/28/2015,COU,MO,ACE,CE,Federal Contract Tower,4,8,15,3,30,0,0,13,0,13,4,8,28,3,43,12,0,12,55
06/29/2015,COU,MO,ACE,CE,Federal Contract Tower,4,6,22,0,32,0,0,29,0,29,4,6,51,0,61,34,0,34,95
06/30/2015,COU,MO,ACE,CE,Federal Contract Tower,4,2,31,6,43,0,0,17,0,17,4,2,48,6,60,38,2,40,100
07/01/2015,COU,MO,ACE,CE,Federal Contract Tower,4,4,20,2,30,0,0,13,0,13,4,4,33,2,43,30,0,30,73
07/02/2015,COU,MO,ACE,CE,Federal Contract Tower,5,0,24,0,29,0,0,10,0,10,5,0,34,0,39,10,0,10,49
07/03/2015,COU,MO,ACE,CE,Federal Contract Tower,4,0,7,0,11,0,0,21,0,21,4,0,28,0,32,26,0,26,58
07/04/2015,COU,MO,ACE,CE,Federal Contract Tower,4,0,6,0,10,0,0,12,0,12,4,0,18,0,22,12,0,12,34
07/05/2015,COU,MO,ACE,CE,Federal Contract Tower,4,3,18,0,25,0,0,24,0,24,4,3,42,0,49,8,0,8,57
07/06/2015,COU,MO,ACE,CE,Federal Contract Tower,4,0,19,0,23,0,0,14,1,15,4,0,33,1,38,30,2,32,70
07/07/2015,COU,MO,ACE,CE,Federal Contract Tower,4,0,18,0,22,0,0,0,0,0,4,0,18,0,22,0,0,0,22
07/08/2015,COU,MO,ACE,CE,Federal Contract Tower,3,5,24,0,32,0,0,0,0,0,3,5,24,0,32,0,0,0,32
07/09/2015,COU,MO,ACE,CE,Federal Contract Tower,5,5,24,2,36,0,0,29,4,33,5,5,53,6,69,26,30,56,125
07/10/2015,COU,MO,ACE,CE,Federal Contract Tower,4,8,21,0,33,0,0,13,0,13,4,8,34,0,46,8,0,8,54
07/11/2015,COU,MO,ACE,CE,Federal Contract Tower,2,3,15,2,22,0,0,23,3,26,2,3,38,5,48,32,20,52,100
07/12/2015,COU,MO,ACE,CE,Federal Contract Tower,2,2,6,0,10,0,0,20,0,20,2,2,26,0,30,38,0,38,68
07/13/2015,COU,MO,ACE,CE,Federal Contract Tower,2,6,22,0,30,0,0,19,0,19,2,6,41,0,49,18,0,18,67
07/14/2015,COU,MO,ACE,CE,Federal Contract Tower,3,5,11,3,22,0,3,20,4,27,3,8,31,7,49,8,6,14,63
07/15/2015,COU,MO,ACE,CE,Federal Contract Tower,2,6,26,0,34,0,1,19,1,21,2,7,45,1,55,20,2,22,77
07/16/2015,COU,MO,ACE,CE,Federal Contract Tower,2,10,12,3,27,0,0,36,6,42,2,10,48,9,69,26,14,40,109
07/17/2015,COU,MO,ACE,CE,Federal Contract Tower,2,4,24,0,30,0,0,24,1,25,2,4,48,1,55,28,16,44,99
07/18/2015,COU,MO,ACE,CE,Federal Contract Tower,2,4,15,0,21,0,2,20,0,22,2,6,35,0,43,34,0,34,77
07/19/2015,COU,MO,ACE,CE,Federal Contract Tower,2,8,15,0,25,0,0,17,0,17,2,8,32,0,42,8,0,8,50
07/20/2015,COU,MO,ACE,CE,Federal Contract Tower,2,12,20,0,34,0,0,11,0,11,2,12,31,0,45,14,0,14,59
07/21/2015,COU,MO,ACE,CE,Federal Contract Tower,2,5,24,0,31,0,0,15,1,16,2,5,39,1,47,22,6,28,75
07/22/2015,COU,MO,ACE,CE,Federal Contract Tower,2,8,20,0,30,0,0,9,0,9,2,8,29,0,39,20,0,20,59
07/23/2015,COU,MO,ACE,CE,Federal Contract Tower,4,3,37,2,46,0,0,22,1,23,4,3,59,3,69,56,0,56,125
07/24/2015,COU,MO,ACE,CE,Federal Contract Tower,4,3,28,1,36,0,0,23,12,35,4,3,51,13,71,18,0,18,89
07/25/2015,COU,MO,ACE,CE,Federal Contract Tower,2,2,6,0,10,0,0,26,0,26,2,2,32,0,36,22,0,22,58
07/26/2015,COU,MO,ACE,CE,Federal Contract Tower,2,6,13,2,23,0,0,29,0,29,2,6,42,2,52,24,0,24,76
07/27/2015,COU,MO,ACE,CE,Federal Contract Tower,2,2,23,2,29,0,0,18,0,18,2,2,41,2,47,20,0,20,67
07/28/2015,COU,MO,ACE,CE,Federal Contract Tower,2,2,32,2,38,0,0,13,5,18,2,2,45,7,56,18,8,26,82
07/29/2015,COU,MO,ACE,CE,Federal Contract Tower,2,6,18,2,28,0,0,26,0,26,2,6,44,2,54,26,0,26,80
07/30/2015,COU,MO,ACE,CE,Federal Contract Tower,3,4,19,0,26,0,0,25,0,25,3,4,44,0,51,38,0,38,89
07/31/2015,COU,MO,ACE,CE,Federal Contract Tower,4,0,21,6,31,0,4,35,0,39,4,4,56,6,70,30,14,44,114
08/01/2015,COU,MO,ACE,CE,Federal Contract Tower,5,0,4,2,11,0,0,22,5,27,5,0,26,7,38,12,42,54,92
08/02/2015,COU,MO,ACE,CE,Federal Contract Tower,0,5,13,0,18,0,0,20,0,20,0,5,33,0,38,12,0,12,50
08/03/2015,COU,MO,ACE,CE,Federal Contract Tower,2,2,15,0,19,0,0,26,0,26,2,2,41,0,45,28,4,32,77
08/04/2015,COU,MO,ACE,CE,Federal Contract Tower,2,6,13,0,21,0,0,17,3,20,2,6,30,3,41,16,6,22,63
08/05/2015,COU,MO,ACE,CE,Federal Contract Tower,0,7,19,1,27,0,0,10,1,11,0,7,29,2,38,2,0,2,40
08/06/2015,COU,MO,ACE,CE,Federal Contract Tower,2,2,14,2,20,0,0,12,0,12,2,2,26,2,32,12,0,12,44
08/07/2015,COU,MO,ACE,CE,Federal Contract Tower,2,6,19,1,28,0,1,12,5,18,2,7,31,6,46,6,4,10,56
08/08/2015,COU,MO,ACE,CE,Federal Contract Tower,2,3,7,0,12,0,0,15,1,16,2,3,22,1,28,16,4,20,48
08/09/2015,COU,MO,ACE,CE,Federal Contract Tower,2,7,18,0,27,0,0,22,0,22,2,7,40,0,49,30,0,30,79
08/10/2015,COU,MO,ACE,CE,Federal Contract Tower,2,6,22,10,40,0,0,15,1,16,2,6,37,11,56,14,2,16,72
08/11/2015,COU,MO,ACE,CE,Federal Contract Tower,2,8,18,1,29,0,1,22,0,23,2,9,40,1,52,6,0,6,58
08/12/2015,COU,MO,ACE,CE,Federal Contract Tower,2,9,21,0,32,0,0,16,0,16,2,9,37,0,48,22,4,26,74
08/13/2015,COU,MO,ACE,CE,Federal Contract Tower,3,5,14,0,22,0,0,20,0,20,3,5,34,0,42,32,0,32,74
08/14/2015,COU,MO,ACE,CE,Federal Contract Tower,4,4,14,0,22,0,2,32,1,35,4,6,46,1,57,20,2,22,79
08/15/2015,COU,MO,ACE,CE,Federal Contract Tower,2,6,5,0,13,0,0,14,0,14,2,6,19,0,27,2,0,2,29
08/16/2015,COU,MO,ACE,CE,Federal Contract Tower,2,6,10,0,18,0,0,15,0,15,2,6,25,0,33,20,0,20,53
08/17/2015,COU,MO,ACE,CE,Federal Contract Tower,2,4,7,0,13,0,0,6,0,6,2,4,13,0,19,0,0,0,19
08/18/2015,COU,MO,ACE,CE,Federal Contract Tower,3,4,7,1,15,0,0,4,1,5,3,4,11,2,20,0,2,2,22
08/19/2015,COU,MO,ACE,CE,Federal Contract Tower,4,5,5,0,14,0,2,9,0,11,4,7,14,0,25,0,0,0,25
08/20/2015,COU,MO,ACE,CE,Federal Contract Tower,4,2,23,0,29,0,0,17,2,19,4,2,40,2,48,0,12,12,60
08/21/2015,COU,MO,ACE,CE,Federal Contract Tower,4,2,26,0,32,0,0,16,1,17,4,2,42,1,49,12,0,12,61
08/22/2015,COU,MO,ACE,CE,Federal Contract Tower,5,1,8,0,14,0,0,20,0,20,5,1,28,0,34,8,0,8,42
08/23/2015,COU,MO,ACE,CE,Federal Contract Tower,2,4,13,0,19,0,0,18,0,18,2,4,31,0,37,6,0,6,43
08/24/2015,COU,MO,ACE,CE,Federal Contract Tower,2,2,3,0,7,0,0,5,0,5,2,2,8,0,12,12,0,12,24
08/25/2015,COU,MO,ACE,CE,Federal Contract Tower,3,5,9,0,17,0,0,16,0,16,3,5,25,0,33,10,2,12,45
08/26/2015,COU,MO,ACE,CE,Federal Contract Tower,2,4,13,0,19,0,3,20,0,23,2,7,33,0,42,36,0,36,78
08/27/2015,COU,MO,ACE,CE,Federal Contract Tower,4,0,14,3,21,0,0,15,0,15,4,0,29,3,36,18,0,18,54
08/28/2015,COU,MO,ACE,CE,Federal Contract Tower,4,5,16,0,25,0,1,19,4,24,4,6,35,4,49,18,0,18,67
08/29/2015,COU,MO,ACE,CE,Federal Contract Tower,2,2,9,0,13,0,0,19,0,19,2,2,28,0,32,10,0,10,42
08/30/2015,COU,MO,ACE,CE,Federal Contract Tower,2,3,8,0,13,0,0,13,0,13,2,3,21,0,26,28,0,28,54
08/31/2015,COU,MO,ACE,CE,Federal Contract Tower,2,4,10,0,16,0,0,22,0,22,2,4,32,0,38,28,0,28,66
09/01/2015,COU,MO,ACE,CE,Federal Contract Tower,2,2,10,0,14,0,0,11,2,13,2,2,21,2,27,6,4,10,37
09/02/2015,COU,MO,ACE,CE,Federal Contract Tower,3,5,10,0,18,0,2,21,2,25,3,7,31,2,43,26,4,30,73
09/03/2015,COU,MO,ACE,CE,Federal Contract Tower,4,1,11,0,16,0,0,15,0,15,4,1,26,0,31,11,0,11,42
09/04/2015,COU,MO,ACE,CE,Federal Contract Tower,3,3,12,0,18,0,2,21,0,23,3,5,33,0,41,12,0,12,53
09/05/2015,COU,MO,ACE,CE,Federal Contract Tower,4,0,15,0,19,0,0,26,0,26,4,0,41,0,45,18,0,18,63
09/06/2015,COU,MO,ACE,CE,Federal Contract Tower,2,2,6,0,10,0,0,14,0,14,2,2,20,0,24,10,0,10,34
09/07/2015,COU,MO,ACE,CE,Federal Contract Tower,2,4,17,0,23,0,0,8,0,8,2,4,25,0,31,2,0,2,33
09/08/2015,COU,MO,ACE,CE,Federal Contract Tower,2,7,7,0,16,0,0,4,0,4,2,7,11,0,20,2,0,2,22
09/09/2015,COU,MO,ACE,CE,Federal Contract Tower,2,2,5,0,9,0,0,20,0,20,2,2,25,0,29,12,0,12,41
09/10/2015,COU,MO,ACE,CE,Federal Contract Tower,5,0,15,0,20,0,6,16,0,22,5,6,31,0,42,16,0,16,58
09/11/2015,COU,MO,ACE,CE,Federal Contract Tower,7,2,21,2,32,0,0,30,6,36,7,2,51,8,68,22,10,32,100
09/12/2015,COU,MO,ACE,CE,Federal Contract Tower,3,4,6,0,13,0,0,19,0,19,3,4,25,0,32,18,0,18,50
09/13/2015,COU,MO,ACE,CE,Federal Contract Tower,0,8,16,2,26,0,0,31,0,31,0,8,47,2,57,30,10,40,97
09/14/2015,COU,MO,ACE,CE,Federal Contract Tower,3,2,11,0,16,0,0,13,0,13,3,2,24,0,29,8,0,8,37
09/15/2015,COU,MO,ACE,CE,Federal Contract Tower,2,8,16,0,26,0,0,20,0,20,2,8,36,0,46,14,0,14,60
09/16/2015,COU,MO,ACE,CE,Federal Contract Tower,2,13,23,2,40,0,0,17,0,17,2,13,40,2,57,18,0,18,75
09/17/2015,COU,MO,ACE,CE,Federal Contract Tower,5,5,22,0,32,0,0,31,0,31,5,5,53,0,63,12,0,12,75
09/18/2015,COU,MO,ACE,CE,Federal Contract Tower,4,3,29,0,36,0,0,26,5,31,4,3,55,5,67,12,2,14,81
09/19/2015,COU,MO,ACE,CE,Federal Contract Tower,3,5,14,0,22,0,0,21,0,21,3,5,35,0,43,12,0,12,55
09/20/2015,COU,MO,ACE,CE,Federal Contract Tower,2,5,14,0,21,0,0,26,0,26,2,5,40,0,47,18,0,18,65
09/21/2015,COU,MO,ACE,CE,Federal Contract Tower,3,4,11,0,18,0,0,17,0,17,3,4,28,0,35,24,0,24,59
09/22/2015,COU,MO,ACE,CE,Federal Contract Tower,2,11,19,2,34,0,3,18,0,21,2,14,37,2,55,26,0,26,81
09/23/2015,COU,MO,ACE,CE,Federal Contract Tower,3,11,19,0,33,0,0,8,3,11,3,11,27,3,44,2,22,24,68
09/24/2015,COU,MO,ACE,CE,Federal Contract Tower,4,5,24,0,33,0,0,16,0,16,4,5,40,0,49,12,0,12,61
09/25/2015,COU,MO,ACE,CE,Federal Contract Tower,6,8,7,0,21,0,0,34,4,38,6,8,41,4,59,10,18,28,87
09/26/2015,COU,MO,ACE,CE,Federal Contract Tower,4,4,2,0,10,0,0,23,0,23,4,4,25,0,33,16,0,16,49
09/27/2015,COU,MO,ACE,CE,Federal Contract Tower,2,10,22,0,34,0,1,20,0,21,2,11,42,0,55,12,0,12,67
09/28/2015,COU,MO,ACE,CE,Federal Contract Tower,2,5,22,0,29,0,0,13,0,13,2,5,35,0,42,10,0,10,52
09/29/2015,COU,MO,ACE,CE,Federal Contract Tower,2,8,40,0,50,0,0,10,0,10,2,8,50,0,60,12,0,12,72
09/30/2015,COU,MO,ACE,CE,Federal Contract Tower,2,5,12,0,19,0,0,9,0,9,2,5,21,0,28,6,0,6,34
10/01/2015,COU,MO,ACE,CE,Federal Contract Tower,4,8,18,0,30,0,1,20,0,21,4,9,38,0,51,10,0,10,61
10/02/2015,COU,MO,ACE,CE,Federal Contract Tower,4,9,16,0,29,0,0,29,3,32,4,9,45,3,61,16,26,42,103
10/03/2015,COU,MO,ACE,CE,Federal Contract Tower,4,13,13,1,31,0,0,26,2,28,4,13,39,3,59,16,0,16,75
10/04/2015,COU,MO,ACE,CE,Federal Contract Tower,2,9,17,0,28,0,0,14,0,14,2,9,31,0,42,2,0,2,44
10/05/2015,COU,MO,ACE,CE,Federal Contract Tower,2,5,8,0,15,0,0,7,0,7,2,5,15,0,22,20,0,20,42
10/06/2015,COU,MO,ACE,CE,Federal Contract Tower,2,6,10,0,18,0,0,23,0,23,2,6,33,0,41,48,2,50,91
10/07/2015,COU,MO,ACE,CE,Federal Contract Tower,3,10,11,1,25,0,2,23,0,25,3,12,34,1,50,52,0,52,102
10/08/2015,COU,MO,ACE,CE,Federal Contract Tower,3,6,23,2,34,0,0,15,0,15,3,6,38,2,49,18,6,24,73
10/09/2015,COU,MO,ACE,CE,Federal Contract Tower,5,4,25,0,34,0,0,24,0,24,5,4,49,0,58,24,0,24,82
10/10/2015,COU,MO,ACE,CE,Federal Contract Tower,2,5,18,0,25,0,2,28,0,30,2,7,46,0,55,10,0,10,65
10/11/2015,COU,MO,ACE,CE,Federal Contract Tower,2,6,33,5,46,0,0,25,4,29,2,6,58,9,75,22,16,38,113
10/12/2015,COU,MO,ACE,CE,Federal Contract Tower,2,4,11,0,17,0,0,4,0,4,2,4,15,0,21,6,0,6,27
10/13/2015,COU,MO,ACE,CE,Federal Contract Tower,2,7,12,0,21,0,0,13,0,13,2,7,25,0,34,8,0,8,42
10/14/2015,COU,MO,ACE,CE,Federal Contract Tower,4,2,11,2,19,0,0,26,2,28,4,2,37,4,47,30,0,30,77
10/15/2015,COU,MO,ACE,CE,Federal Contract Tower,2,9,22,0,33,0,0,11,0,11,2,9,33,0,44,0,0,0,44
10/16/2015,COU,MO,ACE,CE,Federal Contract Tower,2,11,12,9,34,0,0,18,8,26,2,11,30,17,60,4,0,4,64
10/17/2015,COU,MO,ACE,CE,Federal Contract Tower,2,15,10,0,27,0,0,35,0,35,2,15,45,0,62,40,0,40,102
10/18/2015,COU,MO,ACE,CE,Federal Contract Tower,2,10,22,0,34,0,0,32,0,32,2,10,54,0,66,20,0,20,86
10/19/2015,COU,MO,ACE,CE,Federal Contract Tower,3,9,12,0,24,0,1,20,0,21,3,10,32,0,45,0,0,0,45
10/20/2015,COU,MO,ACE,CE,Federal Contract Tower,2,5,9,0,16,0,2,25,0,27,2,7,34,0,43,14,0,14,57
10/21/2015,COU,MO,ACE,CE,Federal Contract Tower,2,16,7,0,25,0,4,30,0,34,2,20,37,0,59,30,2,32,91
10/22/2015,COU,MO,ACE,CE,Federal Contract Tower,5,9,12,0,26,0,2,18,0,20,5,11,30,0,46,10,0,10,56
10/23/2015,COU,MO,ACE,CE,Federal Contract Tower,5,4,18,0,27,0,0,7,0,7,5,4,25,0,34,2,0,2,36
10/24/2015,COU,MO,ACE,CE,Federal Contract Tower,5,7,15,0,27,0,0,13,0,13,5,7,28,0,40,0,0,0,40
10/25/2015,COU,MO,ACE,CE,Federal Contract Tower,2,13,15,0,30,0,2,21,0,23,2,15,36,0,53,4,0,4,57
10/26/2015,COU,MO,ACE,CE,Federal Contract Tower,2,5,12,0,19,0,0,19,0,19,2,5,31,0,38,8,0,8,46
10/27/2015,COU,MO,ACE,CE,Federal Contract Tower,3,10,11,0,24,0,0,0,0,0,3,10,11,0,24,0,0,0,24
10/28/2015,COU,MO,ACE,CE,Federal Contract Tower,4,7,16,0,27,0,0,5,2,7,4,7,21,2,34,0,0,0,34
10/29/2015,COU,MO,ACE,CE,Federal Contract Tower,4,0,10,0,14,0,0,16,2,18,4,0,26,2,32,6,0,6,38
10/30/2015,COU,MO,ACE,CE,Federal Contract Tower,3,3,11,0,17,0,0,19,1,20,3,3,30,1,37,22,0,22,59
10/31/2015,COU,MO,ACE,CE,Federal Contract Tower,2,2,2,0,6,0,0,1,0,1,2,2,3,0,7,2,0,2,9
11/01/2015,COU,MO,ACE,CE,Federal Contract Tower,4,4,12,0,20,0,0,27,0,27,4,4,39,0,47,42,0,42,89
11/02/2015,COU,MO,ACE,CE,Federal Contract Tower,2,4,3,0,9,0,0,7,0,7,2,4,10,0,16,36,0,36,52
11/03/2015,COU,MO,ACE,CE,Federal Contract Tower,2,4,8,0,14,0,0,14,0,14,2,4,22,0,28,6,0,6,34
11/04/2015,COU,MO,ACE,CE,Federal Contract Tower,3,5,14,0,22,0,3,11,0,14,3,8,25,0,36,6,0,6,42
11/05/2015,COU,MO,ACE,CE,Federal Contract Tower,6,4,19,0,29,0,0,0,0,0,6,4,19,0,29,0,0,0,29
11/06/2015,COU,MO,ACE,CE,Federal Contract Tower,6,2,11,0,19,0,0,19,2,21,6,2,30,2,40,8,4,12,52
11/07/2015,COU,MO,ACE,CE,Federal Contract Tower,4,4,13,0,21,0,0,32,0,32,4,4,45,0,53,10,0,10,63
11/08/2015,COU,MO,ACE,CE,Federal Contract Tower,2,5,6,0,13,0,0,24,0,24,2,5,30,0,37,14,0,14,51
11/09/2015,COU,MO,ACE,CE,Federal Contract Tower,2,2,8,0,12,0,0,9,2,11,2,2,17,2,23,16,0,16,39
11/10/2015,COU,MO,ACE,CE,Federal Contract Tower,4,2,6,0,12,0,0,8,0,8,4,2,14,0,20,12,0,12,32
11/11/2015,COU,MO,ACE,CE,Federal Contract Tower,3,6,6,0,15,0,0,4,0,4,3,6,10,0,19,4,0,4,23
11/12/2015,COU,MO,ACE,CE,Federal Contract Tower,2,5,8,0,15,0,0,7,2,9,2,5,15,2,24,4,0,4,28
11/13/2015,COU,MO,ACE,CE,Federal Contract Tower,4,3,13,0,20,0,2,17,0,19,4,5,30,0,39,26,0,26,65
11/14/2015,COU,MO,ACE,CE,Federal Contract Tower,2,14,9,0,25,0,0,26,0,26,2,14,35,0,51,24,0,24,75
11/15/2015,COU,MO,ACE,CE,Federal Contract Tower,2,10,4,0,16,0,0,15,0,15,2,10,19,0,31,12,0,12,43
11/16/2015,COU,MO,ACE,CE,Federal Contract Tower,2,7,9,0,18,0,0,0,0,0,2,7,9,0,18,0,0,0,18
11/17/2015,COU,MO,ACE,CE,Federal Contract Tower,2,12,18,0,32,0,0,0,0,0,2,12,18,0,32,2,0,2,34
11/18/2015,COU,MO,ACE,CE,Federal Contract Tower,2,5,15,0,22,0,2,7,2,11,2,7,22,2,33,18,0,18,51
11/19/2015,COU,MO,ACE,CE,Federal Contract Tower,4,0,16,0,20,0,2,31,4,37,4,2,47,4,57,8,0,8,65
11/20/2015,COU,MO,ACE,CE,Federal Contract Tower,4,9,16,1,30,0,0,18,1,19,4,9,34,2,49,20,20,40,89
11/21/2015,COU,MO,ACE,CE,Federal Contract Tower,1,6,22,0,29,0,0,13,0,13,1,6,35,0,42,0,0,0,42
11/22/2015,COU,MO,ACE,CE,Federal Contract Tower,2,6,17,0,25,0,0,34,2,36,2,6,51,2,61,18,0,18,79
11/23/2015,COU,MO,ACE,CE,Federal Contract Tower,2,5,12,0,19,0,0,21,0,21,2,5,33,0,40,18,0,18,58
11/24/2015,COU,MO,ACE,CE,Federal Contract Tower,2,6,17,0,25,0,0,22,2,24,2,6,39,2,49,6,18,24,73
11/25/2015,COU,MO,ACE,CE,Federal Contract Tower,2,11,6,0,19,0,0,21,0,21,2,11,27,0,40,14,0,14,54
11/26/2015,COU,MO,ACE,CE,Federal Contract Tower,3,1,4,0,8,0,0,0,0,0,3,1,4,0,8,0,0,0,8
11/27/2015,COU,MO,ACE,CE,Federal Contract Tower,3,5,4,0,12,0,0,0,0,0,3,5,4,0,12,0,0,0,12
11/28/2015,COU,MO,ACE,CE,Federal Contract Tower,2,5,0,0,7,0,0,0,0,0,2,5,0,0,7,0,0,0,7
11/29/2015,COU,MO,ACE,CE,Federal Contract Tower,2,9,17,0,28,0,0,1,0,1,2,9,18,0,29,2,0,2,31
11/30/2015,COU,MO,ACE,CE,Federal Contract Tower,4,4,11,0,19,0,0,0,0,0,4,4,11,0,19,0,0,0,19
12/01/2015,COU,MO,ACE,CE,Federal Contract Tower,0,10,16,2,28,0,2,11,0,13,0,12,27,2,41,16,0,16,57
12/02/2015,COU,MO,ACE,CE,Federal Contract Tower,0,9,9,0,18,0,1,3,0,4,0,10,12,0,22,0,0,0,22
12/03/2015,COU,MO,ACE,CE,Federal Contract Tower,4,3,15,1,23,0,0,18,1,19,4,3,33,2,42,26,0,26,68
12/04/2015,COU,MO,ACE,CE,Federal Contract Tower,3,3,6,0,12,0,2,39,4,45,3,5,45,4,57,26,20,46,103
12/05/2015,COU,MO,ACE,CE,Federal Contract Tower,2,2,6,0,10,0,0,24,0,24,2,2,30,0,34,16,0,16,50
12/06/2015,COU,MO,ACE,CE,Federal Contract Tower,0,9,1,0,10,0,0,8,0,8,0,9,9,0,18,24,0,24,42
12/07/2015,COU,MO,ACE,CE,Federal Contract Tower,0,10,13,2,25,0,0,16,1,17,0,10,29,3,42,20,0,20,62
12/08/2015,COU,MO,ACE,CE,Federal Contract Tower,0,10,23,0,33,0,0,8,1,9,0,10,31,1,42,18,0,18,60
12/09/2015,COU,MO,ACE,CE,Federal Contract Tower,1,11,12,1,25,0,0,21,0,21,1,11,33,1,46,32,0,32,78
12/10/2015,COU,MO,ACE,CE,Federal Contract Tower,3,4,24,0,31,0,1,17,3,21,3,5,41,3,52,16,0,16,68
12/11/2015,COU,MO,ACE,CE,Federal Contract Tower,4,4,17,0,25,0,0,23,1,24,4,4,40,1,49,10,16,26,75
12/12/2015,COU,MO,ACE,CE,Federal Contract Tower,1,5,8,0,14,0,0,10,0,10,1,5,18,0,24,8,0,8,32
12/13/2015,COU,MO,ACE,CE,Federal Contract Tower,4,1,5,0,10,0,0,0,0,0,4,1,5,0,10,0,0,0,10
12/14/2015,COU,MO,ACE,CE,Federal Contract Tower,0,7,11,0,18,0,0,2,0,2,0,7,13,0,20,18,0,18,38
12/15/2015,COU,MO,ACE,CE,Federal Contract Tower,0,6,25,0,31,0,0,7,0,7,0,6,32,0,38,16,0,16,54
12/16/2015,COU,MO,ACE,CE,Federal Contract Tower,0,9,11,0,20,0,0,16,0,16,0,9,27,0,36,16,0,16,52
12/17/2015,COU,MO,ACE,CE,Federal Contract Tower,4,3,19,0,26,0,0,20,1,21,4,3,39,1,47,30,6,36,83
12/18/2015,COU,MO,ACE,CE,Federal Contract Tower,4,9,19,0,32,0,0,30,0,30,4,9,49,0,62,16,0,16,78
12/19/2015,COU,MO,ACE,CE,Federal Contract Tower,3,4,8,0,15,0,0,25,0,25,3,4,33,0,40,40,0,40,80
12/20/2015,COU,MO,ACE,CE,Federal Contract Tower,2,4,8,2,16,0,0,11,0,11,2,4,19,2,27,8,0,8,35
12/21/2015,COU,MO,ACE,CE,Federal Contract Tower,2,5,10,0,17,0,0,3,0,3,2,5,13,0,20,0,0,0,20
12/22/2015,COU,MO,ACE,CE,Federal Contract Tower,2,5,13,0,20,0,0,12,4,16,2,5,25,4,36,12,20,32,68
12/23/2015,COU,MO,ACE,CE,Federal Contract Tower,2,10,8,0,20,0,0,18,0,18,2,10,26,0,38,12,0,12,50
12/24/2015,COU,MO,ACE,CE,Federal Contract Tower,3,5,9,0,17,0,0,10,0,10,3,5,19,0,27,20,0,20,47
12/25/2015,COU,MO,ACE,CE,Federal Contract Tower,3,5,0,0,8,0,0,0,0,0,3,5,0,0,8,0,0,0,8
12/26/2015,COU,MO,ACE,CE,Federal Contract Tower,2,4,8,8,22,0,0,0,0,0,2,4,8,8,22,0,0,0,22
12/27/2015,COU,MO,ACE,CE,Federal Contract Tower,2,2,3,0,7,0,0,0,0,0,2,2,3,0,7,0,0,0,7
12/28/2015,COU,MO,ACE,CE,Federal Contract Tower,0,7,0,0,7,0,0,0,0,0,0,7,0,0,7,0,0,0,7
12/29/2015,COU,MO,ACE,CE,Federal Contract Tower,2,7,5,0,14,0,0,10,0,10,2,7,15,0,24,38,0,38,62
12/30/2015,COU,MO,ACE,CE,Federal Contract Tower,2,2,8,0,12,0,0,6,0,6,2,2,14,0,18,14,0,14,32
12/31/2015,COU,MO,ACE,CE,Federal Contract Tower,2,3,5,0,10,0,0,12,0,12,2,3,17,0,22,14,0,14,36
01/01/2016,COU,MO,ACE,CE,Federal Contract Tower,2,5,2,0,9,0,0,21,0,21,2,5,23,0,30,12,0,12,42
01/02/2016,COU,MO,ACE,CE,Federal Contract Tower,2,6,7,0,15,0,0,21,0,21,2,6,28,0,36,22,0,22,58
01/03/2016,COU,MO,ACE,CE,Federal Contract Tower,2,5,3,0,10,0,0,11,0,11,2,5,14,0,21,8,0,8,29
01/04/2016,COU,MO,ACE,CE,Federal Contract Tower,2,4,6,0,12,0,0,15,0,15,2,4,21,0,27,4,0,4,31
01/05/2016,COU,MO,ACE,CE,Federal Contract Tower,0,10,10,0,20,0,0,10,0,10,0,10,20,0,30,8,2,10,40
01/06/2016,COU,MO,ACE,CE,Federal Contract Tower,0,10,14,0,24,0,0,11,0,11,0,10,25,0,35,0,0,0,35
01/07/2016,COU,MO,ACE,CE,Federal Contract Tower,2,3,9,2,16,0,1,0,0,1,2,4,9,2,17,0,0,0,17
01/08/2016,COU,MO,ACE,CE,Federal Contract Tower,4,4,18,2,28,0,0,6,0,6,4,4,24,2,34,4,0,4,38
01/09/2016,COU,MO,ACE,CE,Federal Contract Tower,2,4,5,0,11,0,0,0,0,0,2,4,5,0,11,0,0,0,11
01/10/2016,COU,MO,ACE,CE,Federal Contract Tower,0,10,8,0,18,0,0,16,0,16,0,10,24,0,34,18,0,18,52
01/11/2016,COU,MO,ACE,CE,Federal Contract Tower,0,7,6,0,13,0,0,16,0,16,0,7,22,0,29,0,0,0,29
01/12/2016,COU,MO,ACE,CE,Federal Contract Tower,0,7,19,0,26,0,0,14,6,20,0,7,33,6,46,8,0,8,54
01/13/2016,COU,MO,ACE,CE,Federal Contract Tower,1,12,23,0,36,0,4,12,2,18,1,16,35,2,54,6,0,6,60
01/14/2016,COU,MO,ACE,CE,Federal Contract Tower,0,10,10,0,20,0,0,19,4,23,0,10,29,4,43,12,8,20,63
01/15/2016,COU,MO,ACE,CE,Federal Contract Tower,0,8,20,0,28,0,0,2,0,2,0,8,22,0,30,0,0,0,30
01/16/2016,COU,MO,ACE,CE,Federal Contract Tower,0,10,9,18,37,0,2,24,0,26,0,12,33,18,63,32,28,60,123
01/17/2016,COU,MO,ACE,CE,Federal Contract Tower,0,7,10,7,24,0,1,9,9,19,0,8,19,16,43,12,0,12,55
01/18/2016,COU,MO,ACE,CE,Federal Contract Tower,0,10,8,0,18,0,0,11,0,11,0,10,19,0,29,4,0,4,33
01/19/2016,COU,MO,ACE,CE,Federal Contract Tower,0,11,12,0,23,0,1,1,0,2,0,12,13,0,25,2,0,2,27
01/20/2016,COU,MO,ACE,CE,Federal Contract Tower,0,11,10,0,21,0,0,2,0,2,0,11,12,0,23,6,2,8,31
01/21/2016,COU,MO,ACE,CE,Federal Contract Tower,0,8,21,0,29,0,0,14,0,14,0,8,35,0,43,12,0,12,55
01/22/2016,COU,MO,ACE,CE,Federal Contract Tower,2,8,19,0,29,0,0,13,0,13,2,8,32,0,42,4,0,4,46
01/23/2016,COU,MO,ACE,CE,Federal Contract Tower,1,8,12,0,21,0,0,11,0,11,1,8,23,0,32,10,0,10,42
01/24/2016,COU,MO,ACE,CE,Federal Contract Tower,2,9,7,0,18,0,0,18,0,18,2,9,25,0,36,24,0,24,60
01/25/2016,COU,MO,ACE,CE,Federal Contract Tower,0,7,11,0,18,0,0,13,0,13,0,7,24,0,31,10,0,10,41
01/26/2016,COU,MO,ACE,CE,Federal Contract Tower,0,11,6,0,17,0,0,7,0,7,0,11,13,0,24,12,0,12,36
01/27/2016,COU,MO,ACE,CE,Federal Contract Tower,0,9,16,0,25,0,0,12,0,12,0,9,28,0,37,6,0,6,43
01/28/2016,COU,MO,ACE,CE,Federal Contract Tower,3,9,26,0,38,0,0,26,0,26,3,9,52,0,64,18,0,18,82
01/29/2016,COU,MO,ACE,CE,Federal Contract Tower,1,7,25,0,33,0,0,23,0,23,1,7,48,0,56,10,0,10,66
01/30/2016,COU,MO,ACE,CE,Federal Contract Tower,0,9,11,0,20,0,0,28,0,28,0,9,39,0,48,26,0,26,74
01/31/2016,COU,MO,ACE,CE,Federal Contract Tower,0,12,14,0,26,0,0,29,0,29,0,12,43,0,55,30,0,30,85
02/01/2016,COU,MO,ACE,CE,Federal Contract Tower,0,6,18,0,24,0,0,19,0,19,0,6,37,0,43,16,0,16,59
02/02/2016,COU,MO,ACE,CE,Federal Contract Tower,0,6,9,0,15,0,1,9,0,10,0,7,18,0,25,4,0,4,29
02/03/2016,COU,MO,ACE,CE,Federal Contract Tower,0,8,9,0,17,0,0,2,0,2,0,8,11,0,19,2,0,2,21
02/04/2016,COU,MO,ACE,CE,Federal Contract Tower,0,7,25,0,32,0,0,26,2,28,0,7,51,2,60,20,0,20,80
02/05/2016,COU,MO,ACE,CE,Federal Contract Tower,2,12,16,1,31,0,0,24,0,24,2,12,40,1,55,12,2,14,69
02/06/2016,COU,MO,ACE,CE,Federal Contract Tower,4,8,3,0,15,0,0,22,0,22,4,8,25,0,37,30,0,30,67
02/07/2016,COU,MO,ACE,CE,Federal Contract Tower,0,9,3,0,12,0,0,13,0,13,0,9,16,0,25,10,0,10,35
02/08/2016,COU,MO,ACE,CE,Federal Contract Tower,0,9,11,0,20,0,0,5,0,5,0,9,16,0,25,2,0,2,27
02/09/2016,COU,MO,ACE,CE,Federal Contract Tower,0,11,8,0,19,0,0,4,0,4,0,11,12,0,23,4,0,4,27
02/10/2016,COU,MO,ACE,CE,Federal Contract Tower,0,8,7,0,15,0,0,7,0,7,0,8,14,0,22,4,0,4,26
02/11/2016,COU,MO,ACE,CE,Federal Contract Tower,1,11,17,0,29,0,0,21,0,21,1,11,38,0,50,10,0,10,60
02/12/2016,COU,MO,ACE,CE,Federal Contract Tower,4,10,11,0,25,0,2,18,2,22,4,12,29,2,47,6,8,14,61
02/13/2016,COU,MO,ACE,CE,Federal Contract Tower,2,7,6,0,15,0,0,4,0,4,2,7,10,0,19,0,0,0,19
02/14/2016,COU,MO,ACE,CE,Federal Contract Tower,0,6,7,0,13,0,0,0,0,0,0,6,7,0,13,0,0,0,13
02/15/2016,COU,MO,ACE,CE,Federal Contract Tower,0,13,11,0,24,0,0,5,0,5,0,13,16,0,29,2,0,2,31
02/16/2016,COU,MO,ACE,CE,Federal Contract Tower,0,9,12,0,21,0,0,0,0,0,0,9,12,0,21,0,0,0,21
02/17/2016,COU,MO,ACE,CE,Federal Contract Tower,0,9,17,0,26,0,2,18,0,20,0,11,35,0,46,20,0,20,66
02/18/2016,COU,MO,ACE,CE,Federal Contract Tower,0,4,7,0,11,0,2,26,0,28,0,6,33,0,39,8,0,8,47
02/19/2016,COU,MO,ACE,CE,Federal Contract Tower,1,4,14,0,19,0,0,24,0,24,1,4,38,0,43,18,0,18,61
02/20/2016,COU,MO,ACE,CE,Federal Contract Tower,0,6,9,0,15,0,0,23,0,23,0,6,32,0,38,24,0,24,62
02/21/2016,COU,MO,ACE,CE,Federal Contract Tower,0,8,13,0,21,0,0,21,0,21,0,8,34,0,42,24,0,24,66
02/22/2016,COU,MO,ACE,CE,Federal Contract Tower,0,7,18,0,25,0,0,19,0,19,0,7,37,0,44,8,0,8,52
02/23/2016,COU,MO,ACE,CE,Federal Contract Tower,0,2,11,0,13,0,0,8,2,10,0,2,19,2,23,30,0,30,53
02/24/2016,COU,MO,ACE,CE,Federal Contract Tower,0,11,19,0,30,0,0,4,2,6,0,11,23,2,36,6,12,18,54
02/25/2016,COU,MO,ACE,CE,Federal Contract Tower,0,14,16,0,30,0,0,16,0,16,0,14,32,0,46,10,0,10,56
02/26/2016,COU,MO,ACE,CE,Federal Contract Tower,1,9,18,3,31,0,0,23,0,23,1,9,41,3,54,36,12,48,102
02/27/2016,COU,MO,ACE,CE,Federal Contract Tower,2,21,12,1,36,0,0,33,0,33,2,21,45,1,69,32,0,32,101
02/28/2016,COU,MO,ACE,CE,Federal Contract Tower,0,6,5,0,11,0,0,10,0,10,0,6,15,0,21,6,0,6,27
02/29/2016,COU,MO,ACE,CE,Federal Contract Tower,0,9,14,0,23,0,0,24,0,24,0,9,38,0,47,26,0,26,73
03/01/2016,COU,MO,ACE,CE,Federal Contract Tower,0,5,10,0,15,0,0,6,0,6,0,5,16,0,21,8,0,8,29
03/02/2016,COU,MO,ACE,CE,Federal Contract Tower,0,8,6,0,14,0,0,16,1,17,0,8,22,1,31,24,30,54,85
03/03/2016,COU,MO,ACE,CE,Federal Contract Tower,0,7,18,0,25,0,0,1,0,1,0,7,19,0,26,2,0,2,28
03/04/2016,COU,MO,ACE,CE,Federal Contract Tower,1,6,13,0,20,0,1,29,0,30,1,7,42,0,50,16,0,16,66
03/05/2016,COU,MO,ACE,CE,Federal Contract Tower,1,4,7,0,12,0,0,34,0,34,1,4,41,0,46,32,0,32,78
03/06/2016,COU,MO,ACE,CE,Federal Contract Tower,0,4,15,0,19,0,0,15,0,15,0,4,30,0,34,38,0,38,72
03/07/2016,COU,MO,ACE,CE,Federal Contract Tower,0,5,13,5,23,0,0,11,0,11,0,5,24,5,34,0,0,0,34
03/08/2016,COU,MO,ACE,CE,Federal Contract Tower,0,7,4,0,11,0,0,0,0,0,0,7,4,0,11,0,0,0,11
03/09/2016,COU,MO,ACE,CE,Federal Contract Tower,0,7,11,0,18,0,0,0,0,0,0,7,11,0,18,0,0,0,18
03/10/2016,COU,MO,ACE,CE,Federal Contract Tower,0,8,19,0,27,0,0,19,0,19,0,8,38,0,46,16,0,16,62
03/11/2016,COU,MO,ACE,CE,Federal Contract Tower,0,11,16,0,27,0,0,35,0,35,0,11,51,0,62,44,0,44,106
03/12/2016,COU,MO,ACE,CE,Federal Contract Tower,0,14,10,0,24,0,0,0,0,0,0,14,10,0,24,0,0,0,24
03/13/2016,COU,MO,ACE,CE,Federal Contract Tower,0,11,9,0,20,0,0,5,0,5,0,11,14,0,25,8,0,8,33
03/14/2016,COU,MO,ACE,CE,Federal Contract Tower,0,6,11,0,17,0,0,13,0,13,0,6,24,0,30,4,0,4,34
03/15/2016,COU,MO,ACE,CE,Federal Contract Tower,0,9,9,0,18,0,0,13,0,13,0,9,22,0,31,36,0,36,67
03/16/2016,COU,MO,ACE,CE,Federal Contract Tower,1,8,23,0,32,0,0,13,2,15,1,8,36,2,47,10,4,14,61
03/17/2016,COU,MO,ACE,CE,Federal Contract Tower,2,7,14,0,23,0,0,32,2,34,2,7,46,2,57,12,14,26,83
03/18/2016,COU,MO,ACE,CE,Federal Contract Tower,1,6,22,0,29,0,2,21,0,23,1,8,43,0,52,2,0,2,54
03/19/2016,COU,MO,ACE,CE,Federal Contract Tower,0,7,5,0,12,0,0,19,12,31,0,7,24,12,43,32,0,32,75
03/20/2016,COU,MO,ACE,CE,Federal Contract Tower,0,10,13,0,23,0,0,18,0,18,0,10,31,0,41,82,0,82,123
03/21/2016,COU,MO,ACE,CE,Federal Contract Tower,0,8,11,0,19,0,0,30,0,30,0,8,41,0,49,22,0,22,71
03/22/2016,COU,MO,ACE,CE,Federal Contract Tower,2,4,24,0,30,0,0,18,0,18,2,4,42,0,48,16,0,16,64
03/23/2016,COU,MO,ACE,CE,Federal Contract Tower,0,9,19,0,28,0,2,13,0,15,0,11,32,0,43,0,0,0,43
03/24/2016,COU,MO,ACE,CE,Federal Contract Tower,8,8,7,0,23,0,1,5,2,8,8,9,12,2,31,0,0,0,31
03/25/2016,COU,MO,ACE,CE,Federal Contract Tower,0,6,23,0,29,0,0,34,2,36,0,6,57,2,65,24,0,24,89
03/26/2016,COU,MO,ACE,CE,Federal Contract Tower,0,5,6,0,11,0,0,14,0,14,0,5,20,0,25,38,0,38,63
03/27/2016,COU,MO,ACE,CE,Federal Contract Tower,0,4,4,0,8,0,0,3,0,3,0,4,7,0,11,2,0,2,13
03/28/2016,COU,MO,ACE,CE,Federal Contract Tower,0,6,13,0,19,0,0,20,0,20,0,6,33,0,39,30,0,30,69
03/29/2016,COU,MO,ACE,CE,Federal Contract Tower,0,5,16,0,21,0,0,12,0,12,0,5,28,0,33,16,0,16,49
03/30/2016,COU,MO,ACE,CE,Federal Contract Tower,0,13,2,0,15,0,2,3,0,5,0,15,5,0,20,8,0,8,28
03/31/2016,COU,MO,ACE,CE,Federal Contract Tower,0,4,15,0,19,0,1,22,3,26,0,5,37,3,45,24,38,62,107
04/01/2016,COU,MO,ACE,CE,Federal Contract Tower,0,5,10,0,15,0,0,23,0,23,0,5,33,0,38,4,0,4,42
04/02/2016,COU,MO,ACE,CE,Federal Contract Tower,0,7,5,0,12,0,0,18,2,20,0,7,23,2,32,10,8,18,50
04/03/2016,COU,MO,ACE,CE,Federal Contract Tower,0,7,12,4,23,0,0,17,0,17,0,7,29,4,40,6,0,6,46
04/04/2016,COU,MO,ACE,CE,Federal Contract Tower,0,6,11,0,17,0,0,18,0,18,0,6,29,0,35,12,0,12,47
04/05/2016,COU,MO,ACE,CE,Federal Contract Tower,0,4,21,2,27,0,2,14,0,16,0,6,35,2,43,4,0,4,47
04/06/2016,COU,MO,ACE,CE,Federal Contract Tower,1,13,19,0,33,0,0,15,0,15,1,13,34,0,48,20,0,20,68
04/07/2016,COU,MO,ACE,CE,Federal Contract Tower,0,9,18,1,28,0,0,18,0,18,0,9,36,1,46,24,0,24,70
04/08/2016,COU,MO,ACE,CE,Federal Contract Tower,1,11,13,0,25,0,0,18,0,18,1,11,31,0,43,0,0,0,43
04/09/2016,COU,MO,ACE,CE,Federal Contract Tower,2,12,7,1,22,0,2,30,1,33,2,14,37,2,55,26,8,34,89
04/10/2016,COU,MO,ACE,CE,Federal Contract Tower,0,6,24,0,30,0,0,11,0,11,0,6,35,0,41,10,0,10,51
04/11/2016,COU,MO,ACE,CE,Federal Contract Tower,1,9,9,0,19,0,0,20,0,20,1,9,29,0,39,12,0,12,51
04/12/2016,COU,MO,ACE,CE,Federal Contract Tower,0,4,9,2,15,0,0,24,5,29,0,4,33,7,44,48,28,76,120
04/13/2016,COU,MO,ACE,CE,Federal Contract Tower,0,8,17,0,25,0,0,16,0,16,0,8,33,0,41,34,0,34,75
04/14/2016,COU,MO,ACE,CE,Federal Contract Tower,0,7,29,0,36,0,0,33,0,33,0,7,62,0,69,16,0,16,85
04/15/2016,COU,MO,ACE,CE,Federal Contract Tower,0,4,23,0,27,0,1,31,2,34,0,5,54,2,61,14,6,20,81
04/16/2016,COU,MO,ACE,CE,Federal Contract Tower,0,8,12,0,20,0,2,24,0,26,0,10,36,0,46,26,0,26,72
04/17/2016,COU,MO,ACE,CE,Federal Contract Tower,0,8,18,0,26,0,0,19,0,19,0,8,37,0,45,38,0,38,83
04/18/2016,COU,MO,ACE,CE,Federal Contract Tower,1,10,20,0,31,0,0,18,0,18,1,10,38,0,49,20,0,20,69
04/19/2016,COU,MO,ACE,CE,Federal Contract Tower,0,5,12,0,17,0,0,17,0,17,0,5,29,0,34,24,4,28,62
04/20/2016,COU,MO,ACE,CE,Federal Contract Tower,0,14,17,0,31,0,0,4,0,4,0,14,21,0,35,10,0,10,45
04/21/2016,COU,MO,ACE,CE,Federal Contract Tower,0,16,16,0,32,0,3,22,2,27,0,19,38,2,59,8,12,20,79
04/22/2016,COU,MO,ACE,CE,Federal Contract Tower,4,10,13,1,28,0,0,34,1,35,4,10,47,2,63,34,0,34,97
04/23/2016,COU,MO,ACE,CE,Federal Contract Tower,0,6,4,13,23,0,0,22,1,23,0,6,26,14,46,18,20,38,84
04/24/2016,COU,MO,ACE,CE,Federal Contract Tower,0,9,12,0,21,0,0,22,0,22,0,9,34,0,43,8,0,8,51
04/25/2016,COU,MO,ACE,CE,Federal Contract Tower,0,7,19,0,26,0,0,11,2,13,0,7,30,2,39,10,0,10,49
04/26/2016,COU,MO,ACE,CE,Federal Contract Tower,0,5,11,0,16,0,5,10,4,19,0,10,21,4,35,38,8,46,81
04/27/2016,COU,MO,ACE,CE,Federal Contract Tower,0,6,13,0,19,0,1,17,0,18,0,7,30,0,37,20,0,20,57
04/28/2016,COU,MO,ACE,CE,Federal Contract Tower,0,6,20,0,26,0,0,30,2,32,0,6,50,2,58,46,4,50,108
04/29/2016,COU,MO,ACE,CE,Federal Contract Tower,0,5,15,2,22,0,5,30,4,39,0,10,45,6,61,8,0,8,69
04/30/2016,COU,MO,ACE,CE,Federal Contract Tower,0,6,6,2,14,0,0,4,0,4,0,6,10,2,18,2,0,2,20
05/01/2016,COU,MO,ACE,CE,Federal Contract Tower,0,6,12,0,18,0,0,8,0,8,0,6,20,0,26,20,0,20,46
05/02/2016,COU,MO,ACE,CE,Federal Contract Tower,0,4,13,0,17,0,0,8,0,8,0,4,21,0,25,2,0,2,27
05/03/2016,COU,MO,ACE,CE,Federal Contract Tower,0,6,8,0,14,0,1,16,2,19,0,7,24,2,33,24,0,24,57
05/04/2016,COU,MO,ACE,CE,Federal Contract Tower,0,6,13,0,19,0,0,11,3,14,0,6,24,3,33,14,0,14,47
05/05/2016,COU,MO,ACE,CE,Federal Contract Tower,0,7,11,1,19,0,0,22,11,33,0,7,33,12,52,16,2,18,70
05/06/2016,COU,MO,ACE,CE,Federal Contract Tower,2,3,16,0,21,0,0,22,0,22,2,3,38,0,43,16,0,16,59
05/07/2016,COU,MO,ACE,CE,Federal Contract Tower,0,10,9,0,19,0,0,26,0,26,0,10,35,0,45,24,0,24,69
05/08/2016,COU,MO,ACE,CE,Federal Contract Tower,0,7,6,25,38,0,0,13,3,16,0,7,19,28,54,8,8,16,70
05/09/2016,COU,MO,ACE,CE,Federal Contract Tower,0,11,5,0,16,0,0,9,4,13,0,11,14,4,29,26,42,68,97
05/10/2016,COU,MO,ACE,CE,Federal Contract Tower,1,7,16,0,24,0,0,15,3,18,1,7,31,3,42,26,0,26,68
05/11/2016,COU,MO,ACE,CE,Federal Contract Tower,1,12,12,1,26,0,0,9,0,9,1,12,21,1,35,8,0,8,43
05/12/2016,COU,MO,ACE,CE,Federal Contract Tower,0,12,15,0,27,0,0,35,0,35,0,12,50,0,62,20,0,20,82
05/13/2016,COU,MO,ACE,CE,Federal Contract Tower,0,7,17,0,24,0,0,25,0,25,0,7,42,0,49,14,0,14,63
05/14/2016,COU,MO,ACE,CE,Federal Contract Tower,3,6,6,2,17,0,0,10,0,10,3,6,16,2,27,12,0,12,39
05/15/2016,COU,MO,ACE,CE,Federal Contract Tower,3,8,17,0,28,0,0,25,0,25,3,8,42,0,53,30,0,30,83
05/16/2016,COU,MO,ACE,CE,Federal Contract Tower,3,6,9,0,18,0,0,1,0,1,3,6,10,0,19,4,0,4,23
05/17/2016,COU,MO,ACE,CE,Federal Contract Tower,2,5,14,0,21,0,0,3,0,3,2,5,17,0,24,6,0,6,30
05/18/2016,COU,MO,ACE,CE,Federal Contract Tower,0,17,19,2,38,0,2,21,1,24,0,19,40,3,62,2,10,12,74
05/19/2016,COU,MO,ACE,CE,Federal Contract Tower,0,10,14,0,24,0,0,20,2,22,0,10,34,2,46,14,20,34,80
05/20/2016,COU,MO,ACE,CE,Federal Contract Tower,0,8,6,0,14,0,0,16,1,17,0,8,22,1,31,38,16,54,85
05/21/2016,COU,MO,ACE,CE,Federal Contract Tower,2,4,12,0,18,0,0,18,0,18,2,4,30,0,36,4,0,4,40
05/22/2016,COU,MO,ACE,CE,Federal Contract Tower,3,7,9,0,19,0,0,21,5,26,3,7,30,5,45,14,22,36,81
05/23/2016,COU,MO,ACE,CE,Federal Contract Tower,4,10,13,0,27,0,0,15,0,15,4,10,28,0,42,26,0,26,68
05/24/2016,COU,MO,ACE,CE,Federal Contract Tower,3,7,11,0,21,0,0,8,2,10,3,7,19,2,31,4,8,12,43
05/25/2016,COU,MO,ACE,CE,Federal Contract Tower,3,4,8,0,15,0,0,23,1,24,3,4,31,1,39,54,0,54,93
05/26/2016,COU,MO,ACE,CE,Federal Contract Tower,0,6,11,3,20,0,1,9,4,14,0,7,20,7,34,10,18,28,62
05/27/2016,COU,MO,ACE,CE,Federal Contract Tower,0,7,8,2,17,0,0,14,29,43,0,7,22,31,60,0,74,74,134
05/28/2016,COU,MO,ACE,CE,Federal Contract Tower,3,4,1,0,8,0,0,18,4,22,3,4,19,4,30,102,0,102,132
05/29/2016,COU,MO,ACE,CE,Federal Contract Tower,2,3,3,0,8,0,0,33,5,38,2,3,36,5,46,110,32,142,188
05/30/2016,COU,MO,ACE,CE,Federal Contract Tower,3,4,7,7,21,0,0,21,7,28,3,4,28,14,49,58,4,62,111
05/31/2016,COU,MO,ACE,CE,Federal Contract Tower,1,3,21,1,26,0,2,18,2,22,1,5,39,3,48,30,10,40,88
06/01/2016,COU,MO,ACE,CE,Federal Contract Tower,3,5,10,0,18,0,0,19,0,19,3,5,29,0,37,36,0,36,73
06/02/2016,COU,MO,ACE,CE,Federal Contract Tower,0,13,17,0,30,0,1,35,2,38,0,14,52,2,68,48,8,56,124
06/03/2016,COU,MO,ACE,CE,Federal Contract Tower,0,6,19,0,25,0,0,11,0,11,0,6,30,0,36,6,0,6,42
06/04/2016,COU,MO,ACE,CE,Federal Contract Tower,2,4,5,6,17,0,0,14,5,19,2,4,19,11,36,12,26,38,74
06/05/2016,COU,MO,ACE,CE,Federal Contract Tower,3,2,9,0,14,0,0,25,7,32,3,2,34,7,46,16,0,16,62
06/06/2016,COU,MO,ACE,CE,Federal Contract Tower,3,4,13,0,20,0,0,27,0,27,3,4,40,0,47,36,0,36,83
06/07/2016,COU,MO,ACE,CE,Federal Contract Tower,3,2,9,0,14,0,1,31,0,32,3,3,40,0,46,16,0,16,62
06/08/2016,COU,MO,ACE,CE,Federal Contract Tower,3,5,14,0,22,0,1,15,5,21,3,6,29,5,43,10,0,10,53
06/09/2016,COU,MO,ACE,CE,Federal Contract Tower,0,5,27,0,32,0,4,31,0,35,0,9,58,0,67,24,0,24,91
06/10/2016,COU,MO,ACE,CE,Federal Contract Tower,1,6,9,0,16,0,2,23,6,31,1,8,32,6,47,26,2,28,75
06/11/2016,COU,MO,ACE,CE,Federal Contract Tower,0,4,23,0,27,0,0,11,0,11,0,4,34,0,38,6,0,6,44
06/12/2016,COU,MO,ACE,CE,Federal Contract Tower,2,8,15,0,25,0,0,13,0,13,2,8,28,0,38,18,0,18,56
06/13/2016,COU,MO,ACE,CE,Federal Contract Tower,1,7,11,0,19,0,0,9,0,9,1,7,20,0,28,2,0,2,30
06/14/2016,COU,MO,ACE,CE,Federal Contract Tower,4,1,4,0,9,0,0,15,0,15,4,1,19,0,24,14,0,14,38
06/15/2016,COU,MO,ACE,CE,Federal Contract Tower,2,10,19,1,32,0,0,12,0,12,2,10,31,1,44,16,2,18,62
06/16/2016,COU,MO,ACE,CE,Federal Contract Tower,0,9,20,0,29,0,0,28,1,29,0,9,48,1,58,32,16,48,106
06/17/2016,COU,MO,ACE,CE,Federal Contract Tower,0,5,19,10,34,0,0,35,0,35,0,5,54,10,69,22,12,34,103
06/18/2016,COU,MO,ACE,CE,Federal Contract Tower,0,4,15,0,19,0,0,22,5,27,0,4,37,5,46,12,6,18,64
06/19/2016,COU,MO,ACE,CE,Federal Contract Tower,1,6,9,0,16,0,0,16,0,16,1,6,25,0,32,22,0,22,54
06/20/2016,COU,MO,ACE,CE,Federal Contract Tower,1,11,17,0,29,0,0,9,2,11,1,11,26,2,40,8,6,14,54
06/21/2016,COU,MO,ACE,CE,Federal Contract Tower,3,6,9,1,19,0,2,9,2,13,3,8,18,3,32,10,2,12,44
06/22/2016,COU,MO,ACE,CE,Federal Contract Tower,0,9,16,2,27,0,0,14,0,14,0,9,30,2,41,0,0,0,41
06/23/2016,COU,MO,ACE,CE,Federal Contract Tower,2,8,20,2,32,0,4,33,6,43,2,12,53,8,75,38,16,54,129
06/24/2016,COU,MO,ACE,CE,Federal Contract Tower,0,7,14,0,21,0,2,38,1,41,0,9,52,1,62,16,6,22,84
06/25/2016,COU,MO,ACE,CE,Federal Contract Tower,0,7,6,0,13,0,0,18,0,18,0,7,24,0,31,8,0,8,39
06/26/2016,COU,MO,ACE,CE,Federal Contract Tower,2,2,8,0,12,0,0,15,0,15,2,2,23,0,27,12,0,12,39
06/27/2016,COU,MO,ACE,CE,Federal Contract Tower,0,6,11,0,17,0,0,21,0,21,0,6,32,0,38,20,0,20,58
06/28/2016,COU,MO,ACE,CE,Federal Contract Tower,3,5,11,0,19,0,0,10,2,12,3,5,21,2,31,12,4,16,47
06/29/2016,COU,MO,ACE,CE,Federal Contract Tower,2,4,14,0,20,0,0,21,0,21,2,4,35,0,41,18,0,18,59
06/30/2016,COU,MO,ACE,CE,Federal Contract Tower,0,7,11,0,18,0,0,21,0,21,0,7,32,0,39,14,0,14,53
07/01/2016,COU,MO,ACE,CE,Federal Contract Tower,0,9,16,0,25,0,0,25,0,25,0,9,41,0,50,42,0,42,92
07/02/2016,COU,MO,ACE,CE,Federal Contract Tower,0,7,3,0,10,0,0,2,0,2,0,7,5,0,12,2,0,2,14
07/03/2016,COU,MO,ACE,CE,Federal Contract Tower,1,5,4,0,10,0,0,0,0,0,1,5,4,0,10,0,0,0,10
07/04/2016,COU,MO,ACE,CE,Federal Contract Tower,1,4,7,0,12,0,0,2,0,2,1,4,9,0,14,6,0,6,20
07/05/2016,COU,MO,ACE,CE,Federal Contract Tower,3,4,10,0,17,0,0,16,2,18,3,4,26,2,35,2,4,6,41
07/06/2016,COU,MO,ACE,CE,Federal Contract Tower,4,11,13,0,28,1,1,5,0,7,5,12,18,0,35,0,0,0,35
07/07/2016,COU,MO,ACE,CE,Federal Contract Tower,0,8,10,0,18,0,0,16,0,16,0,8,26,0,34,14,0,14,48
07/08/2016,COU,MO,ACE,CE,Federal Contract Tower,1,8,16,0,25,0,21,22,0,43,1,29,38,0,68,36,0,36,104
07/09/2016,COU,MO,ACE,CE,Federal Contract Tower,2,5,5,9,21,0,3,26,1,30,2,8,31,10,51,36,14,50,101
07/10/2016,COU,MO,ACE,CE,Federal Contract Tower,3,8,9,0,20,0,4,27,0,31,3,12,36,0,51,12,0,12,63
07/11/2016,COU,MO,ACE,CE,Federal Contract Tower,1,10,12,0,23,0,0,23,0,23,1,10,35,0,46,22,0,22,68
07/12/2016,COU,MO,ACE,CE,Federal Contract Tower,3,2,10,0,15,0,1,14,2,17,3,3,24,2,32,6,12,18,50
07/13/2016,COU,MO,ACE,CE,Federal Contract Tower,0,7,13,0,20,0,1,14,0,15,0,8,27,0,35,10,0,10,45
07/14/2016,COU,MO,ACE,CE,Federal Contract Tower,0,6,11,2,19,0,5,22,0,27,0,11,33,2,46,6,0,6,52
07/15/2016,COU,MO,ACE,CE,Federal Contract Tower,0,9,14,0,23,0,1,31,0,32,0,10,45,0,55,38,0,38,93
07/16/2016,COU,MO,ACE,CE,Federal Contract Tower,0,7,9,0,16,0,4,20,0,24,0,11,29,0,40,10,0,10,50
07/17/2016,COU,MO,ACE,CE,Federal Contract Tower,1,16,7,0,24,0,0,26,0,26,1,16,33,0,50,22,0,22,72
07/18/2016,COU,MO,ACE,CE,Federal Contract Tower,3,5,10,0,18,0,0,23,0,23,3,5,33,0,41,56,0,56,97
07/19/2016,COU,MO,ACE,CE,Federal Contract Tower,4,5,16,1,26,0,0,15,0,15,4,5,31,1,41,2,2,4,45
07/20/2016,COU,MO,ACE,CE,Federal Contract Tower,3,7,19,0,29,0,0,27,0,27,3,7,46,0,56,22,0,22,78
07/21/2016,COU,MO,ACE,CE,Federal Contract Tower,2,6,16,0,24,0,4,14,0,18,2,10,30,0,42,6,0,6,48
07/22/2016,COU,MO,ACE,CE,Federal Contract Tower,1,12,13,11,37,0,0,18,8,26,1,12,31,19,63,30,34,64,127
07/23/2016,COU,MO,ACE,CE,Federal Contract Tower,2,3,11,0,16,0,8,13,0,21,2,11,24,0,37,10,0,10,47
07/24/2016,COU,MO,ACE,CE,Federal Contract Tower,3,3,5,0,11,0,5,20,0,25,3,8,25,0,36,16,0,16,52
07/25/2016,COU,MO,ACE,CE,Federal Contract Tower,2,7,13,0,22,0,0,20,0,20,2,7,33,0,42,4,0,4,46
07/26/2016,COU,MO,ACE,CE,Federal Contract Tower,2,10,11,0,23,0,2,9,0,11,2,12,20,0,34,28,0,28,62
07/27/2016,COU,MO,ACE,CE,Federal Contract Tower,2,2,13,0,17,0,0,24,0,24,2,2,37,0,41,10,0,10,51
07/28/2016,COU,MO,ACE,CE,Federal Contract Tower,0,9,24,0,33,0,0,29,2,31,0,9,53,2,64,26,0,26,90
07/29/2016,COU,MO,ACE,CE,Federal Contract Tower,0,10,7,7,24,0,0,21,1,22,0,10,28,8,46,30,4,34,80
07/30/2016,COU,MO,ACE,CE,Federal Contract Tower,2,5,14,0,21,0,0,24,0,24,2,5,38,0,45,18,0,18,63
07/31/2016,COU,MO,ACE,CE,Federal Contract Tower,3,5,10,0,18,0,0,12,0,12,3,5,22,0,30,4,0,4,34
08/01/2016,COU,MO,ACE,CE,Federal Contract Tower,0,6,10,0,16,0,0,14,0,14,0,6,24,0,30,6,0,6,36
08/02/2016,COU,MO,ACE,CE,Federal Contract Tower,3,4,8,0,15,0,0,21,0,21,3,4,29,0,36,32,2,34,70
08/03/2016,COU,MO,ACE,CE,Federal Contract Tower,3,4,12,0,19,0,0,19,0,19,3,4,31,0,38,18,0,18,56
08/04/2016,COU,MO,ACE,CE,Federal Contract Tower,0,8,9,0,17,0,5,22,0,27,0,13,31,0,44,40,0,40,84
08/05/2016,COU,MO,ACE,CE,Federal Contract Tower,0,6,13,0,19,0,0,17,0,17,0,6,30,0,36,26,0,26,62
08/06/2016,COU,MO,ACE,CE,Federal Contract Tower,2,4,9,0,15,0,2,17,0,19,2,6,26,0,34,12,0,12,46
08/07/2016,COU,MO,ACE,CE,Federal Contract Tower,2,8,9,0,19,0,0,18,4,22,2,8,27,4,41,12,0,12,53
08/08/2016,COU,MO,ACE,CE,Federal Contract Tower,3,2,16,4,25,0,1,12,2,15,3,3,28,6,40,8,4,12,52
08/09/2016,COU,MO,ACE,CE,Federal Contract Tower,2,5,8,0,15,0,0,23,2,25,2,5,31,2,40,40,0,40,80
08/10/2016,COU,MO,ACE,CE,Federal Contract Tower,2,3,8,0,13,0,5,20,0,25,2,8,28,0,38,2,0,2,40
08/11/2016,COU,MO,ACE,CE,Federal Contract Tower,3,4,10,0,17,0,2,33,6,41,3,6,43,6,58,30,16,46,104
08/12/2016,COU,MO,ACE,CE,Federal Contract Tower,0,5,19,0,24,0,0,7,0,7,0,5,26,0,31,24,0,24,55
08/13/2016,COU,MO,ACE,CE,Federal Contract Tower,2,10,11,1,24,0,4,24,0,28,2,14,35,1,52,18,0,18,70
08/14/2016,COU,MO,ACE,CE,Federal Contract Tower,3,5,11,0,19,0,0,15,0,15,3,5,26,0,34,20,0,20,54
08/15/2016,COU,MO,ACE,CE,Federal Contract Tower,3,4,21,0,28,0,0,4,1,5,3,4,25,1,33,2,2,4,37
08/16/2016,COU,MO,ACE,CE,Federal Contract Tower,3,8,15,1,27,0,0,12,6,18,3,8,27,7,45,20,4,24,69
08/17/2016,COU,MO,ACE,CE,Federal Contract Tower,3,7,25,0,35,0,0,21,3,24,3,7,46,3,59,30,10,40,99
08/18/2016,COU,MO,ACE,CE,Federal Contract Tower,3,7,13,0,23,0,4,21,0,25,3,11,34,0,48,12,0,12,60
08/19/2016,COU,MO,ACE,CE,Federal Contract Tower,1,5,7,0,13,0,2,12,0,14,1,7,19,0,27,16,0,16,43
08/20/2016,COU,MO,ACE,CE,Federal Contract Tower,1,5,10,4,20,0,1,13,0,14,1,6,23,4,34,14,0,14,48
08/21/2016,COU,MO,ACE,CE,Federal Contract Tower,3,4,10,0,17,0,0,18,0,18,3,4,28,0,35,8,0,8,43
08/22/2016,COU,MO,ACE,CE,Federal Contract Tower,2,7,21,0,30,0,0,19,1,20,2,7,40,1,50,6,0,6,56
08/23/2016,COU,MO,ACE,CE,Federal Contract Tower,3,4,12,0,19,0,1,15,2,18,3,5,27,2,37,6,0,6,43
08/24/2016,COU,MO,ACE,CE,Federal Contract Tower,3,7,8,0,18,0,0,13,0,13,3,7,21,0,31,18,0,18,49
08/25/2016,COU,MO,ACE,CE,Federal Contract Tower,2,4,13,0,19,0,4,17,1,22,2,8,30,1,41,18,2,20,61
08/26/2016,COU,MO,ACE,CE,Federal Contract Tower,2,4,6,2,14,0,3,9,0,12,2,7,15,2,26,0,0,0,26
08/27/2016,COU,MO,ACE,CE,Federal Contract Tower,2,10,4,0,16,0,2,28,6,36,2,12,32,6,52,18,0,18,70
08/28/2016,COU,MO,ACE,CE,Federal Contract Tower,2,5,11,3,21,0,0,15,0,15,2,5,26,3,36,22,2,24,60
08/29/2016,COU,MO,ACE,CE,Federal Contract Tower,3,7,16,0,26,0,0,29,0,29,3,7,45,0,55,24,0,24,79
08/30/2016,COU,MO,ACE,CE,Federal Contract Tower,2,5,17,1,25,0,2,11,0,13,2,7,28,1,38,12,2,14,52
08/31/2016,COU,MO,ACE,CE,Federal Contract Tower,3,8,22,1,34,0,0,11,0,11,3,8,33,1,45,10,0,10,55
09/01/2016,COU,MO,ACE,CE,Federal Contract Tower,0,18,22,0,40,0,0,25,0,25,0,18,47,0,65,18,0,18,83
09/02/2016,COU,MO,ACE,CE,Federal Contract Tower,5,8,12,0,25,0,13,25,0,38,5,21,37,0,63,12,0,12,75
09/03/2016,COU,MO,ACE,CE,Federal Contract Tower,2,7,8,0,17,0,2,22,0,24,2,9,30,0,41,16,0,16,57
09/04/2016,COU,MO,ACE,CE,Federal Contract Tower,3,6,0,0,9,0,0,12,0,12,3,6,12,0,21,8,0,8,29
09/05/2016,COU,MO,ACE,CE,Federal Contract Tower,3,4,6,0,13,0,5,21,0,26,3,9,27,0,39,20,0,20,59
09/06/2016,COU,MO,ACE,CE,Federal Contract Tower,3,2,18,0,23,0,3,6,2,11,3,5,24,2,34,20,14,34,68
09/07/2016,COU,MO,ACE,CE,Federal Contract Tower,3,7,24,0,34,0,8,12,4,24,3,15,36,4,58,6,6,12,70
09/08/2016,COU,MO,ACE,CE,Federal Contract Tower,1,9,14,0,24,0,0,3,0,3,1,9,17,0,27,0,0,0,27
09/09/2016,COU,MO,ACE,CE,Federal Contract Tower,3,5,6,5,19,0,4,13,0,17,3,9,19,5,36,24,0,24,60
09/10/2016,COU,MO,ACE,CE,Federal Contract Tower,3,4,12,0,19,0,2,23,0,25,3,6,35,0,44,20,0,20,64
09/11/2016,COU,MO,ACE,CE,Federal Contract Tower,3,2,12,0,17,0,0,25,2,27,3,2,37,2,44,24,0,24,68
09/12/2016,COU,MO,ACE,CE,Federal Contract Tower,3,4,7,0,14,0,2,19,0,21,3,6,26,0,35,50,0,50,85
09/13/2016,COU,MO,ACE,CE,Federal Contract Tower,3,10,7,0,20,0,2,14,4,20,3,12,21,4,40,0,10,10,50
09/14/2016,COU,MO,ACE,CE,Federal Contract Tower,4,13,26,0,43,0,0,9,2,11,4,13,35,2,54,30,2,32,86
09/15/2016,COU,MO,ACE,CE,Federal Contract Tower,0,7,20,0,27,0,8,20,0,28,0,15,40,0,55,12,0,12,67
09/16/2016,COU,MO,ACE,CE,Federal Contract Tower,4,16,16,0,36,0,0,3,0,3,4,16,19,0,39,0,0,0,39
09/17/2016,COU,MO,ACE,CE,Federal Contract Tower,3,15,12,0,30,0,0,17,0,17,3,15,29,0,47,10,0,10,57
09/18/2016,COU,MO,ACE,CE,Federal Contract Tower,3,9,20,0,32,0,2,27,0,29,3,11,47,0,61,12,0,12,73
09/19/2016,COU,MO,ACE,CE,Federal Contract Tower,3,3,11,0,17,0,2,21,0,23,3,5,32,0,40,16,0,16,56
09/20/2016,COU,MO,ACE,CE,Federal Contract Tower,3,8,19,2,32,0,6,17,2,25,3,14,36,4,57,6,12,18,75
09/21/2016,COU,MO,ACE,CE,Federal Contract Tower,2,12,17,0,31,0,2,25,0,27,2,14,42,0,58,24,0,24,82
09/22/2016,COU,MO,ACE,CE,Federal Contract Tower,3,3,24,0,30,0,15,28,5,48,3,18,52,5,78,12,56,68,146
09/23/2016,COU,MO,ACE,CE,Federal Contract Tower,5,8,9,0,22,0,6,22,1,29,5,14,31,1,51,10,10,20,71
09/24/2016,COU,MO,ACE,CE,Federal Contract Tower,4,5,14,0,23,0,7,19,0,26,4,12,33,0,49,10,0,10,59
09/25/2016,COU,MO,ACE,CE,Federal Contract Tower,3,10,6,0,19,0,4,14,0,18,3,14,20,0,37,6,0,6,43
09/26/2016,COU,MO,ACE,CE,Federal Contract Tower,3,7,14,0,24,0,1,14,0,15,3,8,28,0,39,24,0,24,63
09/27/2016,COU,MO,ACE,CE,Federal Contract Tower,3,5,12,0,20,0,0,14,0,14,3,5,26,0,34,8,2,10,44
09/28/2016,COU,MO,ACE,CE,Federal Contract Tower,3,6,19,0,28,0,0,14,0,14,3,6,33,0,42,2,0,2,44
09/29/2016,COU,MO,ACE,CE,Federal Contract Tower,2,3,22,3,30,0,3,25,0,28,2,6,47,3,58,14,0,14,72
09/30/2016,COU,MO,ACE,CE,Federal Contract Tower,4,6,29,1,40,0,7,20,4,31,4,13,49,5,71,22,20,42,113
10/01/2016,COU,MO,ACE,CE,Federal Contract Tower,2,9,19,0,30,0,2,12,0,14,2,11,31,0,44,4,0,4,48
10/02/2016,COU,MO,ACE,CE,Federal Contract Tower,3,5,14,0,22,0,4,18,0,22,3,9,32,0,44,12,0,12,56
10/03/2016,COU,MO,ACE,CE,Federal Contract Tower,3,7,20,0,30,0,2,44,0,46,3,9,64,0,76,26,0,26,102
10/04/2016,COU,MO,ACE,CE,Federal Contract Tower,3,6,15,0,24,0,0,15,0,15,3,6,30,0,39,12,0,12,51
10/05/2016,COU,MO,ACE,CE,Federal Contract Tower,4,8,5,0,17,0,0,16,0,16,4,8,21,0,33,30,0,30,63
10/06/2016,COU,MO,ACE,CE,Federal Contract Tower,5,7,8,0,20,0,4,22,0,26,5,11,30,0,46,12,0,12,58
10/07/2016,COU,MO,ACE,CE,Federal Contract Tower,5,2,22,0,29,0,5,29,0,34,5,7,51,0,63,30,0,30,93
10/08/2016,COU,MO,ACE,CE,Federal Contract Tower,3,4,11,0,18,0,2,22,0,24,3,6,33,0,42,48,0,48,90
10/09/2016,COU,MO,ACE,CE,Federal Contract Tower,7,9,6,0,22,0,0,25,0,25,7,9,31,0,47,34,0,34,81
10/10/2016,COU,MO,ACE,CE,Federal Contract Tower,5,8,12,0,25,0,0,18,0,18,5,8,30,0,43,10,0,10,53
10/11/2016,COU,MO,ACE,CE,Federal Contract Tower,5,5,17,1,28,0,5,16,1,22,5,10,33,2,50,2,0,2,52
10/12/2016,COU,MO,ACE,CE,Federal Contract Tower,6,5,8,0,19,0,0,7,0,7,6,5,15,0,26,0,0,0,26
10/13/2016,COU,MO,ACE,CE,Federal Contract Tower,3,7,18,2,30,0,0,34,2,36,3,7,52,4,66,24,0,24,90
10/14/2016,COU,MO,ACE,CE,Federal Contract Tower,7,4,31,0,42,0,5,22,0,27,7,9,53,0,69,20,0,20,89
10/15/2016,COU,MO,ACE,CE,Federal Contract Tower,3,11,10,0,24,0,3,19,0,22,3,14,29,0,46,24,0,24,70
10/16/2016,COU,MO,ACE,CE,Federal Contract Tower,5,11,9,0,25,0,0,19,0,19,5,11,28,0,44,4,0,4,48
10/17/2016,COU,MO,ACE,CE,Federal Contract Tower,6,2,14,0,22,0,2,14,2,18,6,4,28,2,40,9,22,31,71
10/18/2016,COU,MO,ACE,CE,Federal Contract Tower,5,5,12,0,22,0,2,12,0,14,5,7,24,0,36,8,0,8,44
10/19/2016,COU,MO,ACE,CE,Federal Contract Tower,5,7,22,0,34,0,0,6,3,9,5,7,28,3,43,0,12,12,55
10/20/2016,COU,MO,ACE,CE,Federal Contract Tower,4,6,15,3,28,0,3,20,0,23,4,9,35,3,51,32,8,40,91
10/21/2016,COU,MO,ACE,CE,Federal Contract Tower,6,0,20,0,26,0,0,37,0,37,6,0,57,0,63,22,0,22,85
10/22/2016,COU,MO,ACE,CE,Federal Contract Tower,3,1,15,0,19,0,0,18,0,18,3,1,33,0,37,14,0,14,51
10/23/2016,COU,MO,ACE,CE,Federal Contract Tower,5,2,14,0,21,0,0,23,0,23,5,2,37,0,44,14,0,14,58
10/24/2016,COU,MO,ACE,CE,Federal Contract Tower,6,1,19,0,26,0,0,18,0,18,6,1,37,0,44,8,0,8,52
10/25/2016,COU,MO,ACE,CE,Federal Contract Tower,4,6,15,2,27,0,0,9,0,9,4,6,24,2,36,4,2,6,42
10/26/2016,COU,MO,ACE,CE,Federal Contract Tower,4,6,13,2,25,0,2,13,1,16,4,8,26,3,41,24,0,24,65
10/27/2016,COU,MO,ACE,CE,Federal Contract Tower,4,3,17,2,26,0,5,25,1,31,4,8,42,3,57,12,0,12,69
10/28/2016,COU,MO,ACE,CE,Federal Contract Tower,7,5,21,0,33,0,8,32,0,40,7,13,53,0,73,28,0,28,101
10/29/2016,COU,MO,ACE,CE,Federal Contract Tower,5,1,20,0,26,0,3,20,0,23,5,4,40,0,49,10,0,10,59
10/30/2016,COU,MO,ACE,CE,Federal Contract Tower,4,6,25,0,35,0,0,8,0,8,4,6,33,0,43,4,0,4,47
10/31/2016,COU,MO,ACE,CE,Federal Contract Tower,5,6,15,0,26,0,0,8,0,8,5,6,23,0,34,6,0,6,40
11/01/2016,COU,MO,ACE,CE,Federal Contract Tower,6,11,7,1,25,0,4,19,2,25,6,15,26,3,50,8,6,14,64
11/02/2016,COU,MO,ACE,CE,Federal Contract Tower,4,13,3,0,20,0,0,7,0,7,4,13,10,0,27,6,0,6,33
11/03/2016,COU,MO,ACE,CE,Federal Contract Tower,5,12,13,2,32,1,0,10,0,11,6,12,23,2,43,8,0,8,51
11/04/2016,COU,MO,ACE,CE,Federal Contract Tower,6,9,17,0,32,0,5,36,0,41,6,14,53,0,73,4,0,4,77
11/05/2016,COU,MO,ACE,CE,Federal Contract Tower,3,6,7,0,16,0,0,18,0,18,3,6,25,0,34,2,0,2,36
11/06/2016,COU,MO,ACE,CE,Federal Contract Tower,6,5,8,0,19,0,2,17,0,19,6,7,25,0,38,4,0,4,42
11/07/2016,COU,MO,ACE,CE,Federal Contract Tower,5,6,14,0,25,0,0,19,0,19,5,6,33,0,44,8,0,8,52
11/08/2016,COU,MO,ACE,CE,Federal Contract Tower,5,4,7,0,16,0,0,5,0,5,5,4,12,0,21,2,0,2,23
11/09/2016,COU,MO,ACE,CE,Federal Contract Tower,5,3,7,0,15,0,0,16,0,16,5,3,23,0,31,10,0,10,41
11/10/2016,COU,MO,ACE,CE,Federal Contract Tower,6,3,14,0,23,0,2,32,1,35,6,5,46,1,58,24,2,26,84
11/11/2016,COU,MO,ACE,CE,Federal Contract Tower,7,3,16,0,26,0,0,31,0,31,7,3,47,0,57,18,0,18,75
11/12/2016,COU,MO,ACE,CE,Federal Contract Tower,7,7,8,0,22,0,2,31,0,33,7,9,39,0,55,8,0,8,63
11/13/2016,COU,MO,ACE,CE,Federal Contract Tower,7,4,9,0,20,0,0,38,0,38,7,4,47,0,58,46,0,46,104
11/14/2016,COU,MO,ACE,CE,Federal Contract Tower,4,7,12,0,23,0,0,28,0,28,4,7,40,0,51,10,0,10,61
11/15/2016,COU,MO,ACE,CE,Federal Contract Tower,5,2,16,0,23,0,0,16,2,18,5,2,32,2,41,14,12,26,67
11/16/2016,COU,MO,ACE,CE,Federal Contract Tower,6,8,18,0,32,0,3,17,0,20,6,11,35,0,52,10,2,12,64
11/17/2016,COU,MO,ACE,CE,Federal Contract Tower,5,6,18,1,30,0,0,22,1,23,5,6,40,2,53,16,12,28,81
11/18/2016,COU,MO,ACE,CE,Federal Contract Tower,7,4,17,6,34,0,6,12,0,18,7,10,29,6,52,10,0,10,62
11/19/2016,COU,MO,ACE,CE,Federal Contract Tower,4,3,11,1,19,0,0,19,8,27,4,3,30,9,46,12,0,12,58
11/20/2016,COU,MO,ACE,CE,Federal Contract Tower,7,2,7,0,16,0,0,26,0,26,7,2,33,0,42,2,0,2,44
11/21/2016,COU,MO,ACE,CE,Federal Contract Tower,5,0,17,0,22,0,6,32,0,38,5,6,49,0,60,26,0,26,86
11/22/2016,COU,MO,ACE,CE,Federal Contract Tower,7,4,15,0,26,0,2,5,0,7,7,6,20,0,33,8,0,8,41
11/23/2016,COU,MO,ACE,CE,Federal Contract Tower,6,3,13,0,22,0,0,6,0,6,6,3,19,0,28,2,0,2,30
11/24/2016,COU,MO,ACE,CE,Federal Contract Tower,4,1,9,0,14,0,11,9,0,20,4,12,18,0,34,0,0,0,34
11/25/2016,COU,MO,ACE,CE,Federal Contract Tower,10,9,29,0,48,0,3,20,0,23,10,12,49,0,71,2,0,2,73
11/26/2016,COU,MO,ACE,CE,Federal Contract Tower,5,3,13,0,21,0,2,25,0,27,5,5,38,0,48,12,0,12,60
11/27/2016,COU,MO,ACE,CE,Federal Contract Tower,5,5,17,0,27,0,0,13,0,13,5,5,30,0,40,8,0,8,48
11/28/2016,COU,MO,ACE,CE,Federal Contract Tower,5,6,8,0,19,0,0,3,0,3,5,6,11,0,22,6,2,8,30
11/29/2016,COU,MO,ACE,CE,Federal Contract Tower,5,4,22,1,32,0,3,16,0,19,5,7,38,1,51,54,2,56,107
11/30/2016,COU,MO,ACE,CE,Federal Contract Tower,3,6,15,0,24,0,0,16,0,16,3,6,31,0,40,6,4,10,50
12/01/2016,COU,MO,ACE,CE,Federal Contract Tower,3,8,12,0,23,0,2,11,1,14,3,10,23,1,37,18,4,22,59
12/02/2016,COU,MO,ACE,CE,Federal Contract Tower,3,11,16,0,30,0,0,23,1,24,3,11,39,1,54,40,12,52,106
12/03/2016,COU,MO,ACE,CE,Federal Contract Tower,0,8,10,0,18,0,0,13,0,13,0,8,23,0,31,20,0,20,51
12/04/2016,COU,MO,ACE,CE,Federal Contract Tower,2,5,3,0,10,0,0,1,0,1,2,5,4,0,11,4,0,4,15
12/05/2016,COU,MO,ACE,CE,Federal Contract Tower,4,8,11,0,23,0,0,10,0,10,4,8,21,0,33,14,0,14,47
12/06/2016,COU,MO,ACE,CE,Federal Contract Tower,3,6,20,0,29,0,0,6,0,6,3,6,26,0,35,4,0,4,39
12/07/2016,COU,MO,ACE,CE,Federal Contract Tower,4,4,12,0,20,0,0,4,4,8,4,4,16,4,28,4,0,4,32
12/08/2016,COU,MO,ACE,CE,Federal Contract Tower,3,10,16,0,29,0,2,23,0,25,3,12,39,0,54,4,0,4,58
12/09/2016,COU,MO,ACE,CE,Federal Contract Tower,4,11,18,0,33,0,4,25,3,32,4,15,43,3,65,26,12,38,103
12/10/2016,COU,MO,ACE,CE,Federal Contract Tower,1,7,7,0,15,0,1,12,0,13,1,8,19,0,28,4,0,4,32
12/11/2016,COU,MO,ACE,CE,Federal Contract Tower,5,2,5,0,12,0,0,2,0,2,5,2,7,0,14,2,0,2,16
12/12/2016,COU,MO,ACE,CE,Federal Contract Tower,3,9,18,0,30,0,0,8,0,8,3,9,26,0,38,8,4,12,50
12/13/2016,COU,MO,ACE,CE,Federal Contract Tower,4,6,14,0,24,0,1,15,2,18,4,7,29,2,42,36,26,62,104
12/14/2016,COU,MO,ACE,CE,Federal Contract Tower,3,7,17,0,27,0,4,15,1,20,3,11,32,1,47,32,10,42,89
12/15/2016,COU,MO,ACE,CE,Federal Contract Tower,3,8,21,0,32,0,1,32,0,33,3,9,53,0,65,12,0,12,77
12/16/2016,COU,MO,ACE,CE,Federal Contract Tower,2,3,2,0,7,0,0,0,0,0,2,3,2,0,7,0,0,0,7
12/17/2016,COU,MO,ACE,CE,Federal Contract Tower,0,2,1,0,3,0,0,0,0,0,0,2,1,0,3,0,0,0,3
12/18/2016,COU,MO,ACE,CE,Federal Contract Tower,5,5,12,0,22,0,0,9,0,9,5,5,21,0,31,12,0,12,43
12/19/2016,COU,MO,ACE,CE,Federal Contract Tower,7,0,18,0,25,0,0,10,0,10,7,0,28,0,35,22,0,22,57
12/20/2016,COU,MO,ACE,CE,Federal Contract Tower,5,1,8,1,15,0,1,17,3,21,5,2,25,4,36,20,12,32,68
12/21/2016,COU,MO,ACE,CE,Federal Contract Tower,3,12,10,0,25,0,0,37,0,37,3,12,47,0,62,70,0,70,132
12/22/2016,COU,MO,ACE,CE,Federal Contract Tower,5,6,14,0,25,0,4,27,0,31,5,10,41,0,56,22,0,22,78
12/23/2016,COU,MO,ACE,CE,Federal Contract Tower,7,2,5,0,14,0,0,2,0,2,7,2,7,0,16,22,0,22,38
12/24/2016,COU,MO,ACE,CE,Federal Contract Tower,3,0,6,0,9,0,0,0,0,0,3,0,6,0,9,0,0,0,9
12/25/2016,COU,MO,ACE,CE,Federal Contract Tower,7,0,4,0,11,0,0,0,0,0,7,0,4,0,11,0,0,0,11
12/26/2016,COU,MO,ACE,CE,Federal Contract Tower,5,2,9,0,16,0,0,8,0,8,5,2,17,0,24,8,0,8,32
12/27/2016,COU,MO,ACE,CE,Federal Contract Tower,3,6,4,0,13,0,0,13,0,13,3,6,17,0,26,10,0,10,36
12/28/2016,COU,MO,ACE,CE,Federal Contract Tower,4,5,5,0,14,0,0,20,0,20,4,5,25,0,34,8,0,8,42
12/29/2016,COU,MO,ACE,CE,Federal Contract Tower,7,1,12,0,20,0,0,5,2,7,7,1,17,2,27,0,0,0,27
12/30/2016,COU,MO,ACE,CE,Federal Contract Tower,6,2,18,0,26,0,2,24,0,26,6,4,42,0,52,0,0,0,52
12/31/2016,COU,MO,ACE,CE,Federal Contract Tower,4,1,8,0,13,0,0,25,0,25,4,1,33,0,38,18,0,18,56
01/01/2017,COU,MO,ACE,CE,Federal Contract Tower,6,3,6,0,15,0,0,16,0,16,6,3,22,0,31,6,0,6,37
01/02/2017,COU,MO,ACE,CE,Federal Contract Tower,2,4,3,0,9,0,0,0,0,0,2,4,3,0,9,0,0,0,9
01/03/2017,COU,MO,ACE,CE,Federal Contract Tower,7,11,14,0,32,0,0,0,0,0,7,11,14,0,32,0,0,0,32
01/04/2017,COU,MO,ACE,CE,Federal Contract Tower,5,4,10,0,19,0,0,21,0,21,5,4,31,0,40,16,0,16,56
01/05/2017,COU,MO,ACE,CE,Federal Contract Tower,6,4,3,0,13,0,1,0,0,1,6,5,3,0,14,0,0,0,14
01/06/2017,COU,MO,ACE,CE,Federal Contract Tower,7,2,15,24,48,0,0,22,6,28,7,2,37,30,76,12,18,30,106
01/07/2017,COU,MO,ACE,CE,Federal Contract Tower,7,3,8,24,42,0,0,19,5,24,7,3,27,29,66,18,14,32,98
01/08/2017,COU,MO,ACE,CE,Federal Contract Tower,6,2,10,5,23,0,0,15,0,15,6,2,25,5,38,18,2,20,58
01/09/2017,COU,MO,ACE,CE,Federal Contract Tower,0,6,8,0,14,0,0,6,0,6,0,6,14,0,20,2,2,4,24
01/10/2017,COU,MO,ACE,CE,Federal Contract Tower,0,7,13,1,21,0,0,2,0,2,0,7,15,1,23,2,0,2,25
01/11/2017,COU,MO,ACE,CE,Federal Contract Tower,0,12,20,0,32,0,0,16,0,16,0,12,36,0,48,24,0,24,72
01/12/2017,COU,MO,ACE,CE,Federal Contract Tower,4,8,11,0,23,0,0,0,0,0,4,8,11,0,23,0,0,0,23
01/13/2017,COU,MO,ACE,CE,Federal Contract Tower,1,4,3,0,8,0,0,0,0,0,1,4,3,0,8,0,0,0,8
01/14/2017,COU,MO,ACE,CE,Federal Contract Tower,3,0,1,0,4,0,0,0,0,0,3,0,1,0,4,0,0,0,4
01/15/2017,COU,MO,ACE,CE,Federal Contract Tower,2,4,4,0,10,0,0,0,0,0,2,4,4,0,10,0,0,0,10
01/16/2017,COU,MO,ACE,CE,Federal Contract Tower,0,10,6,0,16,0,0,0,0,0,0,10,6,0,16,0,0,0,16
01/17/2017,COU,MO,ACE,CE,Federal Contract Tower,1,6,15,2,24,0,0,0,0,0,1,6,15,2,24,0,0,0,24
01/18/2017,COU,MO,ACE,CE,Federal Contract Tower,0,8,25,0,33,0,1,12,0,13,0,9,37,0,46,12,0,12,58
01/19/2017,COU,MO,ACE,CE,Federal Contract Tower,1,5,6,0,12,0,0,0,0,0,1,5,6,0,12,0,0,0,12
01/20/2017,COU,MO,ACE,CE,Federal Contract Tower,1,9,17,10,37,0,2,2,4,8,1,11,19,14,45,6,16,22,67
01/21/2017,COU,MO,ACE,CE,Federal Contract Tower,3,4,12,0,19,0,2,28,2,32,3,6,40,2,51,32,0,32,83
01/22/2017,COU,MO,ACE,CE,Federal Contract Tower,0,6,2,0,8,0,0,0,0,0,0,6,2,0,8,0,0,0,8
01/23/2017,COU,MO,ACE,CE,Federal Contract Tower,0,5,15,0,20,0,0,2,0,2,0,5,17,0,22,6,0,6,28
01/24/2017,COU,MO,ACE,CE,Federal Contract Tower,2,7,19,0,28,0,0,13,0,13,2,7,32,0,41,30,0,30,71
01/25/2017,COU,MO,ACE,CE,Federal Contract Tower,0,9,12,0,21,0,0,7,0,7,0,9,19,0,28,26,0,26,54
01/26/2017,COU,MO,ACE,CE,Federal Contract Tower,1,7,11,0,19,0,0,10,0,10,1,7,21,0,29,0,0,0,29
01/27/2017,COU,MO,ACE,CE,Federal Contract Tower,1,8,17,0,26,0,4,17,0,21,1,12,34,0,47,6,0,6,53
01/28/2017,COU,MO,ACE,CE,Federal Contract Tower,2,4,5,0,11,0,0,12,0,12,2,4,17,0,23,8,0,8,31
01/29/2017,COU,MO,ACE,CE,Federal Contract Tower,1,4,6,0,11,0,1,7,0,8,1,5,13,0,19,2,0,2,21
01/30/2017,COU,MO,ACE,CE,Federal Contract Tower,0,4,15,0,19,0,0,25,0,25,0,4,40,0,44,8,0,8,52
01/31/2017,COU,MO,ACE,CE,Federal Contract Tower,0,7,17,0,24,0,2,19,0,21,0,9,36,0,45,0,0,0,45
02/01/2017,COU,MO,ACE,CE,Federal Contract Tower,2,10,15,0,27,0,0,20,0,20,2,10,35,0,47,36,0,36,83
02/02/2017,COU,MO,ACE,CE,Federal Contract Tower,0,7,15,0,22,0,4,36,0,40,0,11,51,0,62,12,0,12,74
02/03/2017,COU,MO,ACE,CE,Federal Contract Tower,0,6,12,0,18,0,2,20,4,26,0,8,32,4,44,18,0,18,62
02/04/2017,COU,MO,ACE,CE,Federal Contract Tower,2,4,7,0,13,0,9,16,0,25,2,13,23,0,38,18,0,18,56
02/05/2017,COU,MO,ACE,CE,Federal Contract Tower,0,8,12,0,20,0,5,19,0,24,0,13,31,0,44,4,0,4,48
02/06/2017,COU,MO,ACE,CE,Federal Contract Tower,1,7,13,0,21,0,0,5,0,5,1,7,18,0,26,0,0,0,26
02/07/2017,COU,MO,ACE,CE,Federal Contract Tower,1,4,21,0,26,0,0,0,0,0,1,4,21,0,26,0,0,0,26
02/08/2017,COU,MO,ACE,CE,Federal Contract Tower,0,13,14,0,27,0,0,5,0,5,0,13,19,0,32,2,0,2,34
02/09/2017,COU,MO,ACE,CE,Federal Contract Tower,0,10,12,0,22,0,2,8,2,12,0,12,20,2,34,2,12,14,48
02/10/2017,COU,MO,ACE,CE,Federal Contract Tower,2,7,22,3,34,0,4,12,0,16,2,11,34,3,50,2,2,4,54
02/11/2017,COU,MO,ACE,CE,Federal Contract Tower,4,4,10,5,23,0,2,27,0,29,4,6,37,5,52,22,0,22,74
02/12/2017,COU,MO,ACE,CE,Federal Contract Tower,0,7,14,0,21,0,4,16,0,20,0,11,30,0,41,4,0,4,45
02/13/2017,COU,MO,ACE,CE,Federal Contract Tower,0,7,13,0,20,0,0,14,0,14,0,7,27,0,34,24,0,24,58
02/14/2017,COU,MO,ACE,CE,Federal Contract Tower,0,15,21,0,36,0,1,15,6,22,0,16,36,6,58,6,2,8,66
02/15/2017,COU,MO,ACE,CE,Federal Contract Tower,0,8,21,0,29,0,0,16,0,16,0,8,37,0,45,20,0,20,65
02/16/2017,COU,MO,ACE,CE,Federal Contract Tower,5,10,15,0,30,0,4,20,0,24,5,14,35,0,54,20,0,20,74
02/17/2017,COU,MO,ACE,CE,Federal Contract Tower,5,13,14,0,32,0,4,25,0,29,5,17,39,0,61,6,0,6,67
02/18/2017,COU,MO,ACE,CE,Federal Contract Tower,6,4,14,10,34,0,6,33,0,39,6,10,47,10,73,28,0,28,101
02/19/2017,COU,MO,ACE,CE,Federal Contract Tower,3,6,4,0,13,0,0,33,0,33,3,6,37,0,46,20,0,20,66
02/20/2017,COU,MO,ACE,CE,Federal Contract Tower,4,9,7,0,20,0,2,6,0,8,4,11,13,0,28,2,0,2,30
02/21/2017,COU,MO,ACE,CE,Federal Contract Tower,4,7,19,0,30,0,0,12,0,12,4,7,31,0,42,16,2,18,60
02/22/2017,COU,MO,ACE,CE,Federal Contract Tower,2,9,9,0,20,0,0,10,0,10,2,9,19,0,30,4,0,4,34
02/23/2017,COU,MO,ACE,CE,Federal Contract Tower,3,8,17,0,28,0,6,13,2,21,3,14,30,2,49,20,0,20,69
02/24/2017,COU,MO,ACE,CE,Federal Contract Tower,5,4,11,1,21,0,6,3,0,9,5,10,14,1,30,0,2,2,32
02/25/2017,COU,MO,ACE,CE,Federal Contract Tower,5,7,6,0,18,0,5,15,4,24,5,12,21,4,42,10,0,10,52
02/26/2017,COU,MO,ACE,CE,Federal Contract Tower,5,2,2,0,9,0,9,7,0,16,5,11,9,0,25,2,0,2,27
02/27/2017,COU,MO,ACE,CE,Federal Contract Tower,4,10,11,0,25,0,0,12,0,12,4,10,23,0,37,6,0,6,43
02/28/2017,COU,MO,ACE,CE,Federal Contract Tower,3,3,12,0,18,0,2,4,0,6,3,5,16,0,24,4,0,4,28
03/01/2017,COU,MO,ACE,CE,Federal Contract Tower,3,4,12,0,19,0,0,12,2,14,3,4,24,2,33,2,0,2,35
03/02/2017,COU,MO,ACE,CE,Federal Contract Tower,3,5,16,0,24,0,4,20,0,24,3,9,36,0,48,12,0,12,60
03/03/2017,COU,MO,ACE,CE,Federal Contract Tower,5,6,16,0,27,0,11,44,0,55,5,17,60,0,82,22,0,22,104
03/04/2017,COU,MO,ACE,CE,Federal Contract Tower,4,4,6,0,14,0,6,27,12,45,4,10,33,12,59,36,0,36,95
03/05/2017,COU,MO,ACE,CE,Federal Contract Tower,3,6,10,0,19,0,0,11,0,11,3,6,21,0,30,12,0,12,42
03/06/2017,COU,MO,ACE,CE,Federal Contract Tower,4,2,12,0,18,0,0,5,2,7,4,2,17,2,25,6,0,6,31
03/07/2017,COU,MO,ACE,CE,Federal Contract Tower,3,5,12,0,20,0,0,14,0,14,3,5,26,0,34,8,0,8,42
03/08/2017,COU,MO,ACE,CE,Federal Contract Tower,3,3,19,0,25,0,0,27,0,27,3,3,46,0,52,12,0,12,64
03/09/2017,COU,MO,ACE,CE,Federal Contract Tower,3,6,26,0,35,0,4,13,0,17,3,10,39,0,52,2,0,2,54
03/10/2017,COU,MO,ACE,CE,Federal Contract Tower,6,4,10,0,20,0,6,21,0,27,6,10,31,0,47,10,0,10,57
03/11/2017,COU,MO,ACE,CE,Federal Contract Tower,5,2,3,0,10,0,0,0,0,0,5,2,3,0,10,0,0,0,10
03/12/2017,COU,MO,ACE,CE,Federal Contract Tower,3,2,7,0,12,0,0,17,0,17,3,2,24,0,29,0,0,0,29
03/13/2017,COU,MO,ACE,CE,Federal Contract Tower,4,2,12,0,18,0,0,0,0,0,4,2,12,0,18,0,0,0,18
03/14/2017,COU,MO,ACE,CE,Federal Contract Tower,5,6,17,0,28,0,0,8,2,10,5,6,25,2,38,0,32,32,70
03/15/2017,COU,MO,ACE,CE,Federal Contract Tower,4,4,15,0,23,0,7,20,0,27,4,11,35,0,50,6,0,6,56
03/16/2017,COU,MO,ACE,CE,Federal Contract Tower,3,4,20,1,28,0,7,24,3,34,3,11,44,4,62,12,22,34,96
03/17/2017,COU,MO,ACE,CE,Federal Contract Tower,2,5,14,0,21,0,0,20,4,24,2,5,34,4,45,16,0,16,61
03/18/2017,COU,MO,ACE,CE,Federal Contract Tower,3,1,10,0,14,0,13,34,0,47,3,14,44,0,61,26,0,26,87
03/19/2017,COU,MO,ACE,CE,Federal Contract Tower,4,6,13,0,23,0,4,16,0,20,4,10,29,0,43,4,0,4,47
03/20/2017,COU,MO,ACE,CE,Federal Contract Tower,3,11,9,1,24,0,2,20,0,22,3,13,29,1,46,18,0,18,64
03/21/2017,COU,MO,ACE,CE,Federal Contract Tower,3,6,9,2,20,0,4,12,0,16,3,10,21,2,36,26,6,32,68
03/22/2017,COU,MO,ACE,CE,Federal Contract Tower,3,6,11,0,20,0,4,13,2,19,3,10,24,2,39,18,0,18,57
03/23/2017,COU,MO,ACE,CE,Federal Contract Tower,3,8,8,2,21,0,12,17,0,29,3,20,25,2,50,0,0,0,50
03/24/2017,COU,MO,ACE,CE,Federal Contract Tower,5,9,13,0,27,0,6,17,0,23,5,15,30,0,50,0,0,0,50
03/25/2017,COU,MO,ACE,CE,Federal Contract Tower,3,7,5,0,15,0,0,3,0,3,3,7,8,0,18,2,0,2,20
03/26/2017,COU,MO,ACE,CE,Federal Contract Tower,3,4,9,0,16,0,0,1,0,1,3,4,10,0,17,6,0,6,23
03/27/2017,COU,MO,ACE,CE,Federal Contract Tower,3,6,9,0,18,0,0,0,0,0,3,6,9,0,18,0,0,0,18
03/28/2017,COU,MO,ACE,CE,Federal Contract Tower,3,9,18,1,31,0,0,5,0,5,3,9,23,1,36,12,2,14,50
03/29/2017,COU,MO,ACE,CE,Federal Contract Tower,3,3,14,0,20,0,0,1,0,1,3,3,15,0,21,0,0,0,21
03/30/2017,COU,MO,ACE,CE,Federal Contract Tower,3,21,14,0,38,0,8,10,0,18,3,29,24,0,56,0,0,0,56
03/31/2017,COU,MO,ACE,CE,Federal Contract Tower,3,4,23,0,30,0,6,8,0,14,3,10,31,0,44,0,0,0,44
04/01/2017,COU,MO,ACE,CE,Federal Contract Tower,2,4,4,0,10,0,0,7,2,9,2,4,11,2,19,6,0,6,25
04/02/2017,COU,MO,ACE,CE,Federal Contract Tower,3,6,11,0,20,0,0,12,0,12,3,6,23,0,32,8,0,8,40
04/03/2017,COU,MO,ACE,CE,Federal Contract Tower,3,4,7,0,14,0,0,2,0,2,3,4,9,0,16,2,0,2,18
04/04/2017,COU,MO,ACE,CE,Federal Contract Tower,3,6,20,0,29,0,0,13,0,13,3,6,33,0,42,14,0,14,56
04/05/2017,COU,MO,ACE,CE,Federal Contract Tower,3,2,11,0,16,0,0,6,0,6,3,2,17,0,22,6,0,6,28
04/06/2017,COU,MO,ACE,CE,Federal Contract Tower,5,1,19,0,25,0,4,23,0,27,5,5,42,0,52,10,0,10,62
04/07/2017,COU,MO,ACE,CE,Federal Contract Tower,5,7,11,0,23,0,13,27,0,40,5,20,38,0,63,24,0,24,87
04/08/2017,COU,MO,ACE,CE,Federal Contract Tower,3,4,4,0,11,0,6,21,0,27,3,10,25,0,38,20,0,20,58
04/09/2017,COU,MO,ACE,CE,Federal Contract Tower,3,4,10,0,17,0,2,15,0,17,3,6,25,0,34,16,0,16,50
04/10/2017,COU,MO,ACE,CE,Federal Contract Tower,3,6,12,0,21,0,6,15,0,21,3,12,27,0,42,8,0,8,50
04/11/2017,COU,MO,ACE,CE,Federal Contract Tower,3,5,16,0,24,0,0,27,0,27,3,5,43,0,51,26,0,26,77
04/12/2017,COU,MO,ACE,CE,Federal Contract Tower,3,7,13,0,23,0,0,37,0,37,3,7,50,0,60,22,0,22,82
04/13/2017,COU,MO,ACE,CE,Federal Contract Tower,3,3,9,0,15,0,2,16,2,20,3,5,25,2,35,6,4,10,45
04/14/2017,COU,MO,ACE,CE,Federal Contract Tower,4,4,25,0,33,0,2,23,0,25,4,6,48,0,58,22,0,22,80
04/15/2017,COU,MO,ACE,CE,Federal Contract Tower,3,1,5,0,9,0,0,10,0,10,3,1,15,0,19,4,0,4,23
04/16/2017,COU,MO,ACE,CE,Federal Contract Tower,3,6,5,0,14,0,2,12,0,14,3,8,17,0,28,6,0,6,34
04/17/2017,COU,MO,ACE,CE,Federal Contract Tower,3,2,11,0,16,0,0,28,0,28,3,2,39,0,44,22,0,22,66
04/18/2017,COU,MO,ACE,CE,Federal Contract Tower,3,6,13,4,26,0,0,28,2,30,3,6,41,6,56,16,10,26,82
04/19/2017,COU,MO,ACE,CE,Federal Contract Tower,3,5,28,4,40,0,0,16,2,18,3,5,44,6,58,22,2,24,82
04/20/2017,COU,MO,ACE,CE,Federal Contract Tower,4,4,8,0,16,0,6,17,0,23,4,10,25,0,39,10,0,10,49
04/21/2017,COU,MO,ACE,CE,Federal Contract Tower,3,11,8,1,23,0,6,28,3,37,3,17,36,4,60,12,14,26,86
04/22/2017,COU,MO,ACE,CE,Federal Contract Tower,3,3,13,0,19,0,2,15,0,17,3,5,28,0,36,8,0,8,44
04/23/2017,COU,MO,ACE,CE,Federal Contract Tower,3,10,22,0,35,0,4,28,0,32,3,14,50,0,67,30,0,30,97
04/24/2017,COU,MO,ACE,CE,Federal Contract Tower,4,3,9,0,16,0,0,22,0,22,4,3,31,0,38,28,2,30,68
04/25/2017,COU,MO,ACE,CE,Federal Contract Tower,3,6,17,0,26,0,0,24,0,24,3,6,41,0,50,18,0,18,68
04/26/2017,COU,MO,ACE,CE,Federal Contract Tower,3,9,10,2,24,0,0,0,0,0,3,9,10,2,24,0,0,0,24
04/27/2017,COU,MO,ACE,CE,Federal Contract Tower,3,9,19,1,32,0,6,35,5,46,3,15,54,6,78,26,0,26,104
04/28/2017,COU,MO,ACE,CE,Federal Contract Tower,3,3,11,0,17,0,2,5,0,7,3,5,16,0,24,0,0,0,24
04/29/2017,COU,MO,ACE,CE,Federal Contract Tower,1,0,5,0,6,0,0,0,0,0,1,0,5,0,6,0,0,0,6
04/30/2017,COU,MO,ACE,CE,Federal Contract Tower,3,5,8,0,16,0,2,9,0,11,3,7,17,0,27,0,0,0,27
05/01/2017,COU,MO,ACE,CE,Federal Contract Tower,3,2,11,0,16,0,0,4,0,4,3,2,15,0,20,6,0,6,26
05/02/2017,COU,MO,ACE,CE,Federal Contract Tower,3,2,14,0,19,0,0,18,0,18,3,2,32,0,37,18,0,18,55
05/03/2017,COU,MO,ACE,CE,Federal Contract Tower,3,4,12,0,19,0,0,0,0,0,3,4,12,0,19,2,0,2,21
05/04/2017,COU,MO,ACE,CE,Federal Contract Tower,2,5,27,0,34,0,4,16,0,20,2,9,43,0,54,4,0,4,58
05/05/2017,COU,MO,ACE,CE,Federal Contract Tower,3,3,8,0,14,0,6,29,0,35,3,9,37,0,49,22,0,22,71
05/06/2017,COU,MO,ACE,CE,Federal Contract Tower,3,2,4,0,9,0,2,26,0,28,3,4,30,0,37,12,0,12,49
05/07/2017,COU,MO,ACE,CE,Federal Contract Tower,3,4,14,0,21,0,4,25,0,29,3,8,39,0,50,14,0,14,64
05/08/2017,COU,MO,ACE,CE,Federal Contract Tower,3,5,8,0,16,0,2,20,0,22,3,7,28,0,38,28,0,28,66
05/09/2017,COU,MO,ACE,CE,Federal Contract Tower,3,7,22,0,32,0,0,25,0,25,3,7,47,0,57,18,0,18,75
05/10/2017,COU,MO,ACE,CE,Federal Contract Tower,3,7,11,0,21,0,0,6,0,6,3,7,17,0,27,12,0,12,39
05/11/2017,COU,MO,ACE,CE,Federal Contract Tower,3,14,18,2,37,0,0,0,0,0,3,14,18,2,37,0,0,0,37
05/12/2017,COU,MO,ACE,CE,Federal Contract Tower,3,12,21,0,36,0,0,26,0,26,3,12,47,0,62,20,0,20,82
05/13/2017,COU,MO,ACE,CE,Federal Contract Tower,3,5,24,0,32,0,0,51,4,55,3,5,75,4,87,32,0,32,119
05/14/2017,COU,MO,ACE,CE,Federal Contract Tower,4,8,7,0,19,0,0,21,0,21,4,8,28,0,40,10,0,10,50
05/15/2017,COU,MO,ACE,CE,Federal Contract Tower,3,6,22,0,31,0,0,22,3,25,3,6,44,3,56,18,6,24,80
05/16/2017,COU,MO,ACE,CE,Federal Contract Tower,2,7,22,0,31,0,0,16,0,16,2,7,38,0,47,18,0,18,65
05/17/2017,COU,MO,ACE,CE,Federal Contract Tower,3,8,18,0,29,0,0,11,0,11,3,8,29,0,40,30,0,30,70
05/18/2017,COU,MO,ACE,CE,Federal Contract Tower,4,4,21,0,29,0,2,28,1,31,4,6,49,1,60,30,0,30,90
05/19/2017,COU,MO,ACE,CE,Federal Contract Tower,3,6,28,5,42,0,2,16,0,18,3,8,44,5,60,4,0,4,64
05/20/2017,COU,MO,ACE,CE,Federal Contract Tower,3,3,13,0,19,0,4,3,0,7,3,7,16,0,26,8,0,8,34
05/21/2017,COU,MO,ACE,CE,Federal Contract Tower,3,4,18,6,31,0,4,17,2,23,3,8,35,8,54,20,8,28,82
05/22/2017,COU,MO,ACE,CE,Federal Contract Tower,4,5,12,0,21,0,4,27,0,31,4,9,39,0,52,60,0,60,112
05/23/2017,COU,MO,ACE,CE,Federal Contract Tower,3,2,15,0,20,0,0,4,0,4,3,2,19,0,24,4,0,4,28
05/24/2017,COU,MO,ACE,CE,Federal Contract Tower,2,5,11,1,19,0,0,19,1,20,2,5,30,2,39,40,0,40,79
05/25/2017,COU,MO,ACE,CE,Federal Contract Tower,4,7,9,5,25,0,8,26,8,42,4,15,35,13,67,20,16,36,103
05/26/2017,COU,MO,ACE,CE,Federal Contract Tower,3,3,13,1,20,0,2,14,36,52,3,5,27,37,72,26,40,66,138
05/27/2017,COU,MO,ACE,CE,Federal Contract Tower,3,0,1,0,4,0,0,11,2,13,3,0,12,2,17,22,14,36,53
05/28/2017,COU,MO,ACE,CE,Federal Contract Tower,4,6,3,0,13,0,0,13,21,34,4,6,16,21,47,8,74,82,129
05/29/2017,COU,MO,ACE,CE,Federal Contract Tower,3,6,8,2,19,0,4,25,3,32,3,10,33,5,51,22,8,30,81
05/30/2017,COU,MO,ACE,CE,Federal Contract Tower,3,6,11,1,21,0,0,25,2,27,3,6,36,3,48,48,2,50,98
05/31/2017,COU,MO,ACE,CE,Federal Contract Tower,3,6,10,1,20,0,0,27,0,27,3,6,37,1,47,42,0,42,89
06/01/2017,COU,MO,ACE,CE,Federal Contract Tower,3,4,8,2,17,0,4,20,2,26,3,8,28,4,43,20,2,22,65
06/02/2017,COU,MO,ACE,CE,Federal Contract Tower,2,11,12,2,27,0,2,19,3,24,2,13,31,5,51,16,2,18,69
06/03/2017,COU,MO,ACE,CE,Federal Contract Tower,2,3,5,0,10,0,0,14,0,14,2,3,19,0,24,16,0,16,40
06/04/2017,COU,MO,ACE,CE,Federal Contract Tower,2,5,7,2,16,0,0,10,0,10,2,5,17,2,26,4,0,4,30
06/05/2017,COU,MO,ACE,CE,Federal Contract Tower,3,3,11,1,18,0,0,12,2,14,3,3,23,3,32,6,6,12,44
06/06/2017,COU,MO,ACE,CE,Federal Contract Tower,2,3,14,0,19,0,0,17,0,17,2,3,31,0,36,14,0,14,50
06/07/2017,COU,MO,ACE,CE,Federal Contract Tower,2,5,18,1,26,0,0,23,1,24,2,5,41,2,50,20,6,26,76
06/08/2017,COU,MO,ACE,CE,Federal Contract Tower,2,6,12,0,20,0,0,15,0,15,2,6,27,0,35,28,0,28,63
06/09/2017,COU,MO,ACE,CE,Federal Contract Tower,3,8,15,10,36,0,0,31,7,38,3,8,46,17,74,66,4,70,144
06/10/2017,COU,MO,ACE,CE,Federal Contract Tower,2,0,9,0,11,0,0,19,3,22,2,0,28,3,33,18,0,18,51
06/11/2017,COU,MO,ACE,CE,Federal Contract Tower,2,4,9,2,17,0,4,21,0,25,2,8,30,2,42,40,0,40,82
06/12/2017,COU,MO,ACE,CE,Federal Contract Tower,2,3,8,0,13,0,4,19,0,23,2,7,27,0,36,40,0,40,76
06/13/2017,COU,MO,ACE,CE,Federal Contract Tower,2,3,5,0,10,0,1,23,0,24,2,4,28,0,34,24,0,24,58
06/14/2017,COU,MO,ACE,CE,Federal Contract Tower,2,3,11,0,16,0,0,17,0,17,2,3,28,0,33,6,0,6,39
06/15/2017,COU,MO,ACE,CE,Federal Contract Tower,2,4,8,0,14,0,8,23,0,31,2,12,31,0,45,30,0,30,75
06/16/2017,COU,MO,ACE,CE,Federal Contract Tower,3,5,13,4,25,0,4,26,2,32,3,9,39,6,57,44,0,44,101
06/17/2017,COU,MO,ACE,CE,Federal Contract Tower,2,2,6,0,10,0,3,19,0,22,2,5,25,0,32,10,0,10,42
06/18/2017,COU,MO,ACE,CE,Federal Contract Tower,4,4,5,10,23,0,4,17,2,23,4,8,22,12,46,8,10,18,64
06/19/2017,COU,MO,ACE,CE,Federal Contract Tower,3,4,14,0,21,0,2,27,0,29,3,6,41,0,50,32,0,32,82
06/20/2017,COU,MO,ACE,CE,Federal Contract Tower,2,5,16,0,23,0,0,23,4,27,2,5,39,4,50,12,0,12,62
06/21/2017,COU,MO,ACE,CE,Federal Contract Tower,2,7,12,0,21,0,1,19,0,20,2,8,31,0,41,2,0,2,43
06/22/2017,COU,MO,ACE,CE,Federal Contract Tower,3,7,28,2,40,0,0,30,0,30,3,7,58,2,70,36,0,36,106
06/23/2017,COU,MO,ACE,CE,Federal Contract Tower,2,7,18,0,27,0,8,20,0,28,2,15,38,0,55,38,0,38,93
06/24/2017,COU,MO,ACE,CE,Federal Contract Tower,3,1,8,0,12,0,0,22,0,22,3,1,30,0,34,10,0,10,44
06/25/2017,COU,MO,ACE,CE,Federal Contract Tower,2,3,13,0,18,0,4,29,0,33,2,7,42,0,51,26,0,26,77
06/26/2017,COU,MO,ACE,CE,Federal Contract Tower,1,3,15,0,19,0,0,21,0,21,1,3,36,0,40,14,0,14,54
06/27/2017,COU,MO,ACE,CE,Federal Contract Tower,2,2,18,0,22,0,0,25,0,25,2,2,43,0,47,18,0,18,65
06/28/2017,COU,MO,ACE,CE,Federal Contract Tower,2,4,15,0,21,0,0,25,2,27,2,4,40,2,48,14,0,14,62
06/29/2017,COU,MO,ACE,CE,Federal Contract Tower,2,5,5,0,12,0,2,11,0,13,2,7,16,0,25,0,0,0,25
06/30/2017,COU,MO,ACE,CE,Federal Contract Tower,2,7,7,0,16,0,2,19,0,21,2,9,26,0,37,12,0,12,49
07/01/2017,COU,MO,ACE,CE,Federal Contract Tower,2,0,6,0,8,0,4,18,0,22,2,4,24,0,30,18,0,18,48
07/02/2017,COU,MO,ACE,CE,Federal Contract Tower,2,2,1,0,5,0,0,15,0,15,2,2,16,0,20,4,0,4,24
07/03/2017,COU,MO,ACE,CE,Federal Contract Tower,2,2,2,0,6,0,8,15,0,23,2,10,17,0,29,30,0,30,59
07/04/2017,COU,MO,ACE,CE,Federal Contract Tower,2,2,1,0,5,0,0,13,0,13,2,2,14,0,18,22,0,22,40
07/05/2017,COU,MO,ACE,CE,Federal Contract Tower,3,9,15,3,30,0,0,3,0,3,3,9,18,3,33,10,0,10,43
07/06/2017,COU,MO,ACE,CE,Federal Contract Tower,2,5,13,0,20,0,2,27,0,29,2,7,40,0,49,22,0,22,71
07/07/2017,COU,MO,ACE,CE,Federal Contract Tower,2,7,21,4,34,0,0,35,2,37,2,7,56,6,71,14,6,20,91
07/08/2017,COU,MO,ACE,CE,Federal Contract Tower,0,5,13,0,18,0,4,26,0,30,0,9,39,0,48,14,0,14,62
07/09/2017,COU,MO,ACE,CE,Federal Contract Tower,2,6,6,0,14,0,2,21,0,23,2,8,27,0,37,20,0,20,57
07/10/2017,COU,MO,ACE,CE,Federal Contract Tower,3,1,4,1,9,0,0,21,0,21,3,1,25,1,30,24,0,24,54
07/11/2017,COU,MO,ACE,CE,Federal Contract Tower,2,4,26,1,33,0,0,22,3,25,2,4,48,4,58,18,22,40,98
07/12/2017,COU,MO,ACE,CE,Federal Contract Tower,3,7,20,0,30,0,0,20,0,20,3,7,40,0,50,34,0,34,84
07/13/2017,COU,MO,ACE,CE,Federal Contract Tower,2,4,5,0,11,0,3,25,0,28,2,7,30,0,39,22,0,22,61
07/14/2017,COU,MO,ACE,CE,Federal Contract Tower,2,1,23,0,26,0,4,22,0,26,2,5,45,0,52,30,0,30,82
07/15/2017,COU,MO,ACE,CE,Federal Contract Tower,2,0,7,0,9,0,0,17,0,17,2,0,24,0,26,2,0,2,28
07/16/2017,COU,MO,ACE,CE,Federal Contract Tower,2,12,7,3,24,0,2,23,2,27,2,14,30,5,51,10,4,14,65
07/17/2017,COU,MO,ACE,CE,Federal Contract Tower,2,6,11,0,19,0,4,21,0,25,2,10,32,0,44,28,0,28,72
07/18/2017,COU,MO,ACE,CE,Federal Contract Tower,2,6,3,2,13,0,0,26,2,28,2,6,29,4,41,20,4,24,65
07/19/2017,COU,MO,ACE,CE,Federal Contract Tower,4,25,8,0,37,0,0,14,2,16,4,25,22,2,53,18,4,22,75
07/20/2017,COU,MO,ACE,CE,Federal Contract Tower,4,4,18,0,26,0,4,36,0,40,4,8,54,0,66,14,0,14,80
07/21/2017,COU,MO,ACE,CE,Federal Contract Tower,4,4,8,1,17,0,6,29,1,36,4,10,37,2,53,49,0,49,102
07/22/2017,COU,MO,ACE,CE,Federal Contract Tower,2,1,7,0,10,0,0,26,0,26,2,1,33,0,36,18,0,18,54
07/23/2017,COU,MO,ACE,CE,Federal Contract Tower,2,5,5,0,12,0,4,22,0,26,2,9,27,0,38,14,0,14,52
07/24/2017,COU,MO,ACE,CE,Federal Contract Tower,0,7,12,0,19,0,2,25,2,29,0,9,37,2,48,6,0,6,54
07/25/2017,COU,MO,ACE,CE,Federal Contract Tower,2,2,8,0,12,0,0,19,0,19,2,2,27,0,31,0,0,0,31
07/26/2017,COU,MO,ACE,CE,Federal Contract Tower,2,5,22,0,29,0,0,13,0,13,2,5,35,0,42,6,0,6,48
07/27/2017,COU,MO,ACE,CE,Federal Contract Tower,9,14,6,0,29,0,14,5,0,19,9,28,11,0,48,0,0,0,48
07/28/2017,COU,MO,ACE,CE,Federal Contract Tower,3,7,14,16,40,0,2,45,2,49,3,9,59,18,89,6,8,14,103
07/29/2017,COU,MO,ACE,CE,Federal Contract Tower,2,0,6,2,10,0,3,16,3,22,2,3,22,5,32,20,0,20,52
07/30/2017,COU,MO,ACE,CE,Federal Contract Tower,2,5,11,3,21,0,0,31,1,32,2,5,42,4,53,22,10,32,85
07/31/2017,COU,MO,ACE,CE,Federal Contract Tower,2,7,11,0,20,0,4,16,0,20,2,11,27,0,40,12,0,12,52
08/01/2017,COU,MO,ACE,CE,Federal Contract Tower,4,6,21,0,31,0,0,12,0,12,4,6,33,0,43,14,0,14,57
08/02/2017,COU,MO,ACE,CE,Federal Contract Tower,2,5,17,0,24,0,0,15,0,15,2,5,32,0,39,4,0,4,43
08/03/2017,COU,MO,ACE,CE,Federal Contract Tower,6,6,18,0,30,0,0,18,0,18,6,6,36,0,48,6,6,12,60
08/04/2017,COU,MO,ACE,CE,Federal Contract Tower,5,10,12,0,27,0,2,27,0,29,5,12,39,0,56,4,0,4,60
08/05/2017,COU,MO,ACE,CE,Federal Contract Tower,2,11,13,0,26,0,0,15,2,17,2,11,28,2,43,4,20,24,67
08/06/2017,COU,MO,ACE,CE,Federal Contract Tower,2,7,7,0,16,0,0,3,0,3,2,7,10,0,19,4,0,4,23
08/07/2017,COU,MO,ACE,CE,Federal Contract Tower,4,4,13,1,22,0,2,18,0,20,4,6,31,1,42,2,0,2,44
08/08/2017,COU,MO,ACE,CE,Federal Contract Tower,5,12,15,0,32,0,6,18,0,24,5,18,33,0,56,4,0,4,60
08/09/2017,COU,MO,ACE,CE,Federal Contract Tower,4,5,18,0,27,0,0,26,0,26,4,5,44,0,53,16,0,16,69
08/10/2017,COU,MO,ACE,CE,Federal Contract Tower,4,7,6,0,17,0,7,16,0,23,4,14,22,0,40,24,0,24,64
08/11/2017,COU,MO,ACE,CE,Federal Contract Tower,4,4,11,0,19,0,7,22,2,31,4,11,33,2,50,18,0,18,68
08/12/2017,COU,MO,ACE,CE,Federal Contract Tower,2,6,8,0,16,0,0,16,0,16,2,6,24,0,32,18,0,18,50
08/13/2017,COU,MO,ACE,CE,Federal Contract Tower,2,8,8,3,21,0,2,25,2,29,2,10,33,5,50,14,0,14,64
08/14/2017,COU,MO,ACE,CE,Federal Contract Tower,3,9,15,0,27,0,4,14,0,18,3,13,29,0,45,16,0,16,61
08/15/2017,COU,MO,ACE,CE,Federal Contract Tower,3,12,11,0,26,0,0,32,2,34,3,12,43,2,60,30,0,30,90
08/16/2017,COU,MO,ACE,CE,Federal Contract Tower,4,7,11,0,22,0,0,5,2,7,4,7,16,2,29,2,8,10,39
08/17/2017,COU,MO,ACE,CE,Federal Contract Tower,7,14,21,0,42,0,4,19,0,23,7,18,40,0,65,8,0,8,73
08/18/2017,COU,MO,ACE,CE,Federal Contract Tower,6,8,17,0,31,0,2,25,0,27,6,10,42,0,58,30,0,30,88
08/19/2017,COU,MO,ACE,CE,Federal Contract Tower,2,5,16,0,23,0,6,25,4,35,2,11,41,4,58,12,0,12,70
08/20/2017,COU,MO,ACE,CE,Federal Contract Tower,2,9,22,0,33,0,4,25,0,29,2,13,47,0,62,16,0,16,78
08/21/2017,COU,MO,ACE,CE,Federal Contract Tower,3,17,56,0,76,0,0,83,0,83,3,17,139,0,159,4,0,4,163
08/22/2017,COU,MO,ACE,CE,Federal Contract Tower,4,7,14,1,26,0,0,12,2,14,4,7,26,3,40,14,10,24,64
08/23/2017,COU,MO,ACE,CE,Federal Contract Tower,2,8,9,0,19,0,0,31,0,31,2,8,40,0,50,14,0,14,64
08/24/2017,COU,MO,ACE,CE,Federal Contract Tower,4,14,15,0,33,0,0,27,0,27,4,14,42,0,60,0,0,0,60
08/25/2017,COU,MO,ACE,CE,Federal Contract Tower,3,6,10,0,19,0,0,24,0,24,3,6,34,0,43,0,0,0,43
08/26/2017,COU,MO,ACE,CE,Federal Contract Tower,4,5,2,1,12,0,0,35,0,35,4,5,37,1,47,8,16,24,71
08/27/2017,COU,MO,ACE,CE,Federal Contract Tower,2,7,11,2,22,0,0,18,1,19,2,7,29,3,41,2,2,4,45
08/28/2017,COU,MO,ACE,CE,Federal Contract Tower,4,5,10,0,19,0,0,16,0,16,4,5,26,0,35,26,0,26,61
08/29/2017,COU,MO,ACE,CE,Federal Contract Tower,2,7,18,0,27,0,0,23,4,27,2,7,41,4,54,20,8,28,82
08/30/2017,COU,MO,ACE,CE,Federal Contract Tower,4,5,31,0,40,0,5,15,0,20,4,10,46,0,60,12,0,12,72
08/31/2017,COU,MO,ACE,CE,Federal Contract Tower,4,3,21,0,28,0,2,15,0,17,4,5,36,0,45,0,0,0,45
09/01/2017,COU,MO,ACE,CE,Federal Contract Tower,3,7,6,0,16,0,2,35,0,37,3,9,41,0,53,20,0,20,73
09/02/2017,COU,MO,ACE,CE,Federal Contract Tower,7,4,7,0,18,0,2,21,0,23,7,6,28,0,41,10,0,10,51
09/03/2017,COU,MO,ACE,CE,Federal Contract Tower,3,6,8,0,17,0,0,18,0,18,3,6,26,0,35,10,2,12,47
09/04/2017,COU,MO,ACE,CE,Federal Contract Tower,2,6,10,0,18,0,0,31,0,31,2,6,41,0,49,38,0,38,87
09/05/2017,COU,MO,ACE,CE,Federal Contract Tower,4,8,17,0,29,0,0,21,0,21,4,8,38,0,50,12,0,12,62
09/06/2017,COU,MO,ACE,CE,Federal Contract Tower,6,10,9,1,26,0,2,16,0,18,6,12,25,1,44,8,0,8,52
09/07/2017,COU,MO,ACE,CE,Federal Contract Tower,4,6,21,1,32,0,18,29,4,51,4,24,50,5,83,22,0,22,105
09/08/2017,COU,MO,ACE,CE,Federal Contract Tower,8,16,16,0,40,0,0,27,3,30,8,16,43,3,70,20,20,40,110
09/09/2017,COU,MO,ACE,CE,Federal Contract Tower,4,9,11,0,24,0,6,44,0,50,4,15,55,0,74,14,0,14,88
09/10/2017,COU,MO,ACE,CE,Federal Contract Tower,3,9,13,5,30,0,2,35,0,37,3,11,48,5,67,18,0,18,85
09/11/2017,COU,MO,ACE,CE,Federal Contract Tower,2,6,8,0,16,0,0,20,4,24,2,6,28,4,40,18,2,20,60
09/12/2017,COU,MO,ACE,CE,Federal Contract Tower,2,7,12,1,22,0,0,13,1,14,2,7,25,2,36,6,6,12,48
09/13/2017,COU,MO,ACE,CE,Federal Contract Tower,6,5,17,0,28,0,0,25,0,25,6,5,42,0,53,38,0,38,91
09/14/2017,COU,MO,ACE,CE,Federal Contract Tower,9,10,21,0,40,0,2,29,0,31,9,12,50,0,71,30,0,30,101
09/15/2017,COU,MO,ACE,CE,Federal Contract Tower,4,14,25,0,43,0,16,31,0,47,4,30,56,0,90,44,0,44,134
09/16/2017,COU,MO,ACE,CE,Federal Contract Tower,5,11,28,0,44,0,4,31,0,35,5,15,59,0,79,4,0,4,83
09/17/2017,COU,MO,ACE,CE,Federal Contract Tower,2,9,15,0,26,0,0,5,0,5,2,9,20,0,31,2,0,2,33
09/18/2017,COU,MO,ACE,CE,Federal Contract Tower,2,26,11,0,39,0,2,15,0,17,2,28,26,0,56,30,0,30,86
09/19/2017,COU,MO,ACE,CE,Federal Contract Tower,2,5,15,0,22,0,0,13,0,13,2,5,28,0,35,6,0,6,41
09/20/2017,COU,MO,ACE,CE,Federal Contract Tower,4,11,21,0,36,0,0,25,0,25,4,11,46,0,61,30,2,32,93
09/21/2017,COU,MO,ACE,CE,Federal Contract Tower,4,6,27,1,38,0,4,30,0,34,4,10,57,1,72,6,0,6,78
09/22/2017,COU,MO,ACE,CE,Federal Contract Tower,5,17,17,0,39,0,8,29,0,37,5,25,46,0,76,20,0,20,96
09/23/2017,COU,MO,ACE,CE,Federal Contract Tower,8,9,18,0,35,0,10,23,0,33,8,19,41,0,68,6,0,6,74
09/24/2017,COU,MO,ACE,CE,Federal Contract Tower,2,15,24,0,41,0,2,26,0,28,2,17,50,0,69,22,0,22,91
09/25/2017,COU,MO,ACE,CE,Federal Contract Tower,2,14,8,0,24,0,2,16,6,24,2,16,24,6,48,30,2,32,80
09/26/2017,COU,MO,ACE,CE,Federal Contract Tower,3,8,15,0,26,0,0,17,2,19,3,8,32,2,45,18,2,20,65
09/27/2017,COU,MO,ACE,CE,Federal Contract Tower,4,13,12,1,30,0,0,32,1,33,4,13,44,2,63,46,0,46,109
09/28/2017,COU,MO,ACE,CE,Federal Contract Tower,4,5,28,0,37,0,6,27,0,33,4,11,55,0,70,12,0,12,82
09/29/2017,COU,MO,ACE,CE,Federal Contract Tower,3,7,15,0,25,0,2,29,0,31,3,9,44,0,56,24,2,26,82
09/30/2017,COU,MO,ACE,CE,Federal Contract Tower,2,7,13,0,22,0,5,35,0,40,2,12,48,0,62,16,0,16,78
10/01/2017,COU,MO,ACE,CE,Federal Contract Tower,3,7,19,0,29,0,0,37,0,37,3,7,56,0,66,28,0,28,94
10/02/2017,COU,MO,ACE,CE,Federal Contract Tower,2,9,8,0,19,0,4,16,0,20,2,13,24,0,39,12,0,12,51
10/03/2017,COU,MO,ACE,CE,Federal Contract Tower,2,8,20,0,30,0,0,7,0,7,2,8,27,0,37,26,0,26,63
10/04/2017,COU,MO,ACE,CE,Federal Contract Tower,3,9,19,2,33,0,0,3,0,3,3,9,22,2,36,0,0,0,36
10/05/2017,COU,MO,ACE,CE,Federal Contract Tower,2,10,15,0,27,0,4,11,0,15,2,14,26,0,42,0,0,0,42
10/06/2017,COU,MO,ACE,CE,Federal Contract Tower,4,12,9,0,25,0,2,21,0,23,4,14,30,0,48,30,0,30,78
10/07/2017,COU,MO,ACE,CE,Federal Contract Tower,7,3,15,0,25,0,4,11,0,15,7,7,26,0,40,12,0,12,52
10/08/2017,COU,MO,ACE,CE,Federal Contract Tower,3,13,12,0,28,0,1,35,0,36,3,14,47,0,64,56,0,56,120
10/09/2017,COU,MO,ACE,CE,Federal Contract Tower,3,9,10,0,22,0,0,34,0,34,3,9,44,0,56,24,0,24,80
10/10/2017,COU,MO,ACE,CE,Federal Contract Tower,4,5,5,0,14,0,0,2,0,2,4,5,7,0,16,0,0,0,16
10/11/2017,COU,MO,ACE,CE,Federal Contract Tower,4,6,7,0,17,0,0,6,0,6,4,6,13,0,23,0,0,0,23
10/12/2017,COU,MO,ACE,CE,Federal Contract Tower,5,9,13,2,29,0,3,18,3,24,5,12,31,5,53,10,6,16,69
10/13/2017,COU,MO,ACE,CE,Federal Contract Tower,3,17,17,0,37,0,4,34,5,43,3,21,51,5,80,18,2,20,100
10/14/2017,COU,MO,ACE,CE,Federal Contract Tower,3,13,10,0,26,0,5,16,0,21,3,18,26,0,47,6,0,6,53
10/15/2017,COU,MO,ACE,CE,Federal Contract Tower,2,17,17,0,36,0,2,17,0,19,2,19,34,0,55,2,0,2,57
10/16/2017,COU,MO,ACE,CE,Federal Contract Tower,3,10,17,0,30,0,2,19,2,23,3,12,36,2,53,10,0,10,63
10/17/2017,COU,MO,ACE,CE,Federal Contract Tower,9,5,11,0,25,0,3,28,2,33,9,8,39,2,58,20,6,26,84
10/18/2017,COU,MO,ACE,CE,Federal Contract Tower,3,8,17,0,28,0,0,27,4,31,3,8,44,4,59,8,0,8,67
10/19/2017,COU,MO,ACE,CE,Federal Contract Tower,7,10,30,1,48,0,4,38,3,45,7,14,68,4,93,36,0,36,129
10/20/2017,COU,MO,ACE,CE,Federal Contract Tower,6,7,26,0,39,0,0,44,0,44,6,7,70,0,83,30,0,30,113
10/21/2017,COU,MO,ACE,CE,Federal Contract Tower,6,8,8,1,23,0,0,8,0,8,6,8,16,1,31,0,0,0,31
10/22/2017,COU,MO,ACE,CE,Federal Contract Tower,3,7,12,0,22,0,0,5,0,5,3,7,17,0,27,4,0,4,31
10/23/2017,COU,MO,ACE,CE,Federal Contract Tower,4,10,18,0,32,0,0,26,0,26,4,10,44,0,58,18,0,18,76
10/24/2017,COU,MO,ACE,CE,Federal Contract Tower,4,9,16,1,30,0,0,10,1,11,4,9,26,2,41,10,0,10,51
10/25/2017,COU,MO,ACE,CE,Federal Contract Tower,7,4,17,0,28,0,0,30,3,33,7,4,47,3,61,24,0,24,85
10/26/2017,COU,MO,ACE,CE,Federal Contract Tower,10,11,21,0,42,0,4,27,5,36,10,15,48,5,78,28,6,34,112
10/27/2017,COU,MO,ACE,CE,Federal Contract Tower,4,17,23,0,44,0,6,19,0,25,4,23,42,0,69,10,0,10,79
10/28/2017,COU,MO,ACE,CE,Federal Contract Tower,7,3,7,0,17,0,6,7,0,13,7,9,14,0,30,0,0,0,30
10/29/2017,COU,MO,ACE,CE,Federal Contract Tower,2,11,13,0,26,0,2,27,0,29,2,13,40,0,55,18,0,18,73
10/30/2017,COU,MO,ACE,CE,Federal Contract Tower,3,6,15,0,24,0,0,9,0,9,3,6,24,0,33,2,0,2,35
10/31/2017,COU,MO,ACE,CE,Federal Contract Tower,6,2,13,0,21,0,8,16,0,24,6,10,29,0,45,2,0,2,47
11/01/2017,COU,MO,ACE,CE,Federal Contract Tower,3,5,18,0,26,0,0,3,0,3,3,5,21,0,29,4,0,4,33
11/02/2017,COU,MO,ACE,CE,Federal Contract Tower,4,9,26,0,39,0,6,23,0,29,4,15,49,0,68,16,0,16,84
11/03/2017,COU,MO,ACE,CE,Federal Contract Tower,7,10,21,1,39,0,4,20,1,25,7,14,41,2,64,12,0,12,76
11/04/2017,COU,MO,ACE,CE,Federal Contract Tower,6,16,25,0,47,0,6,9,0,15,6,22,34,0,62,0,0,0,62
11/05/2017,COU,MO,ACE,CE,Federal Contract Tower,2,11,15,0,28,0,0,1,0,1,2,11,16,0,29,0,0,0,29
11/06/2017,COU,MO,ACE,CE,Federal Contract Tower,3,12,13,0,28,0,0,12,0,12,3,12,25,0,40,16,0,16,56
11/07/2017,COU,MO,ACE,CE,Federal Contract Tower,4,13,15,0,32,0,0,4,6,10,4,13,19,6,42,8,2,10,52
11/08/2017,COU,MO,ACE,CE,Federal Contract Tower,5,13,22,0,40,0,0,25,0,25,5,13,47,0,65,16,0,16,81
11/09/2017,COU,MO,ACE,CE,Federal Contract Tower,5,12,21,1,39,0,4,24,6,34,5,16,45,7,73,10,0,10,83
11/10/2017,COU,MO,ACE,CE,Federal Contract Tower,6,11,21,0,38,0,6,41,0,47,6,17,62,0,85,22,0,22,107
11/11/2017,COU,MO,ACE,CE,Federal Contract Tower,6,4,8,0,18,0,11,28,0,39,6,15,36,0,57,30,0,30,87
11/12/2017,COU,MO,ACE,CE,Federal Contract Tower,3,12,11,0,26,0,0,5,0,5,3,12,16,0,31,2,0,2,33
11/13/2017,COU,MO,ACE,CE,Federal Contract Tower,3,11,13,2,29,0,0,10,0,10,3,11,23,2,39,12,0,12,51
11/14/2017,COU,MO,ACE,CE,Federal Contract Tower,5,9,9,0,23,0,0,3,0,3,5,9,12,0,26,2,0,2,28
11/15/2017,COU,MO,ACE,CE,Federal Contract Tower,8,10,19,0,37,0,0,8,0,8,8,10,27,0,45,10,0,10,55
11/16/2017,COU,MO,ACE,CE,Federal Contract Tower,5,12,19,3,39,0,10,23,8,41,5,22,42,11,80,8,0,8,88
11/17/2017,COU,MO,ACE,CE,Federal Contract Tower,4,7,25,0,36,0,8,13,0,21,4,15,38,0,57,10,0,10,67
11/18/2017,COU,MO,ACE,CE,Federal Contract Tower,4,5,2,0,11,0,5,0,4,9,4,10,2,4,20,2,0,2,22
11/19/2017,COU,MO,ACE,CE,Federal Contract Tower,3,8,4,0,15,0,4,18,0,22,3,12,22,0,37,20,0,20,57
11/20/2017,COU,MO,ACE,CE,Federal Contract Tower,3,5,6,0,14,0,0,18,0,18,3,5,24,0,32,2,0,2,34
11/21/2017,COU,MO,ACE,CE,Federal Contract Tower,5,9,12,0,26,0,0,9,0,9,5,9,21,0,35,20,0,20,55
11/22/2017,COU,MO,ACE,CE,Federal Contract Tower,8,8,15,0,31,0,0,12,0,12,8,8,27,0,43,0,0,0,43
11/23/2017,COU,MO,ACE,CE,Federal Contract Tower,4,6,9,0,19,0,8,10,0,18,4,14,19,0,37,0,0,0,37
11/24/2017,COU,MO,ACE,CE,Federal Contract Tower,9,7,14,0,30,0,8,18,0,26,9,15,32,0,56,0,0,0,56
11/25/2017,COU,MO,ACE,CE,Federal Contract Tower,6,8,7,0,21,0,0,23,0,23,6,8,30,0,44,6,0,6,50
11/26/2017,COU,MO,ACE,CE,Federal Contract Tower,4,16,16,0,36,0,2,22,0,24,4,18,38,0,60,20,0,20,80
11/27/2017,COU,MO,ACE,CE,Federal Contract Tower,5,7,11,0,23,0,2,10,0,12,5,9,21,0,35,6,0,6,41
11/28/2017,COU,MO,ACE,CE,Federal Contract Tower,4,8,19,0,31,0,4,22,2,28,4,12,41,2,59,10,0,10,69
11/29/2017,COU,MO,ACE,CE,Federal Contract Tower,5,8,11,2,26,0,0,29,7,36,5,8,40,9,62,4,6,10,72
11/30/2017,COU,MO,ACE,CE,Federal Contract Tower,8,7,22,0,37,0,2,27,2,31,8,9,49,2,68,32,30,62,130
12/01/2017,COU,MO,ACE,CE,Federal Contract Tower,5,6,9,0,20,0,5,23,2,30,5,11,32,2,50,6,0,6,56
12/02/2017,COU,MO,ACE,CE,Federal Contract Tower,2,6,10,0,18,0,20,19,0,39,2,26,29,0,57,22,0,22,79
12/03/2017,COU,MO,ACE,CE,Federal Contract Tower,5,6,17,0,28,0,6,28,0,34,5,12,45,0,62,14,0,14,76
12/04/2017,COU,MO,ACE,CE,Federal Contract Tower,3,8,9,2,22,0,6,21,4,31,3,14,30,6,53,4,0,4,57
12/05/2017,COU,MO,ACE,CE,Federal Contract Tower,3,9,28,2,42,0,4,24,1,29,3,13,52,3,71,10,4,14,85
12/06/2017,COU,MO,ACE,CE,Federal Contract Tower,6,7,10,0,23,0,8,19,0,27,6,15,29,0,50,24,0,24,74
12/07/2017,COU,MO,ACE,CE,Federal Contract Tower,4,8,10,4,26,0,2,13,4,19,4,10,23,8,45,0,8,8,53
12/08/2017,COU,MO,ACE,CE,Federal Contract Tower,6,6,17,0,29,0,1,19,0,20,6,7,36,0,49,8,0,8,57
12/09/2017,COU,MO,ACE,CE,Federal Contract Tower,6,3,6,0,15,0,6,16,0,22,6,9,22,0,37,12,0,12,49
12/10/2017,COU,MO,ACE,CE,Federal Contract Tower,5,5,10,0,20,0,6,29,0,35,5,11,39,0,55,14,0,14,69
12/11/2017,COU,MO,ACE,CE,Federal Contract Tower,2,8,11,0,21,0,6,19,0,25,2,14,30,0,46,0,0,0,46
12/12/2017,COU,MO,ACE,CE,Federal Contract Tower,3,10,19,0,32,0,4,21,0,25,3,14,40,0,57,30,0,30,87
12/13/2017,COU,MO,ACE,CE,Federal Contract Tower,3,8,14,0,25,0,4,27,0,31,3,12,41,0,56,0,0,0,56
12/14/2017,COU,MO,ACE,CE,Federal Contract Tower,7,8,25,0,40,0,0,8,8,16,7,8,33,8,56,0,0,0,56
12/15/2017,COU,MO,ACE,CE,Federal Contract Tower,6,6,16,2,30,0,0,17,0,17,6,6,33,2,47,4,4,8,55
12/16/2017,COU,MO,ACE,CE,Federal Contract Tower,7,3,13,0,23,0,11,22,0,33,7,14,35,0,56,4,0,4,60
12/17/2017,COU,MO,ACE,CE,Federal Contract Tower,7,5,10,0,22,0,0,0,0,0,7,5,10,0,22,0,0,0,22
12/18/2017,COU,MO,ACE,CE,Federal Contract Tower,6,4,10,0,20,0,6,11,0,17,6,10,21,0,37,8,0,8,45
12/19/2017,COU,MO,ACE,CE,Federal Contract Tower,5,11,10,1,27,0,2,7,2,11,5,13,17,3,38,6,0,6,44
12/20/2017,COU,MO,ACE,CE,Federal Contract Tower,3,7,19,0,29,0,4,19,0,23,3,11,38,0,52,12,0,12,64
12/21/2017,COU,MO,ACE,CE,Federal Contract Tower,6,4,15,2,27,0,0,11,4,15,6,4,26,6,42,4,0,4,46
12/22/2017,COU,MO,ACE,CE,Federal Contract Tower,12,3,3,0,18,0,0,0,0,0,12,3,3,0,18,0,0,0,18
12/23/2017,COU,MO,ACE,CE,Federal Contract Tower,5,3,8,0,16,0,2,7,0,9,5,5,15,0,25,10,0,10,35
12/24/2017,COU,MO,ACE,CE,Federal Contract Tower,0,6,0,0,6,0,4,0,0,4,0,10,0,0,10,0,0,0,10
12/25/2017,COU,MO,ACE,CE,Federal Contract Tower,7,3,2,0,12,0,2,6,0,8,7,5,8,0,20,0,0,0,20
12/26/2017,COU,MO,ACE,CE,Federal Contract Tower,8,12,8,0,28,0,4,5,0,9,8,16,13,0,37,4,0,4,41
12/27/2017,COU,MO,ACE,CE,Federal Contract Tower,3,8,25,2,38,0,0,8,2,10,3,8,33,4,48,0,0,0,48
12/28/2017,COU,MO,ACE,CE,Federal Contract Tower,11,1,15,0,27,0,2,15,2,19,11,3,30,2,46,0,2,2,48
12/29/2017,COU,MO,ACE,CE,Federal Contract Tower,6,1,3,0,10,0,3,4,0,7,6,4,7,0,17,0,0,0,17
12/30/2017,COU,MO,ACE,CE,Federal Contract Tower,8,0,6,0,14,0,8,11,0,19,8,8,17,0,33,0,0,0,33
12/31/2017,COU,MO,ACE,CE,Federal Contract Tower,7,2,3,0,12,0,2,10,0,12,7,4,13,0,24,0,0,0,24
01/01/2018,COU,MO,ACE,CE,Federal Contract Tower,6,4,6,0,16,0,10,23,0,33,6,14,29,0,49,36,0,36,85
01/02/2018,COU,MO,ACE,CE,Federal Contract Tower,10,9,14,0,33,0,4,24,0,28,10,13,38,0,61,6,0,6,67
01/03/2018,COU,MO,ACE,CE,Federal Contract Tower,8,8,9,0,25,0,5,13,0,18,8,13,22,0,43,0,0,0,43
01/04/2018,COU,MO,ACE,CE,Federal Contract Tower,5,7,9,0,21,0,2,15,4,21,5,9,24,4,42,2,0,2,44
01/05/2018,COU,MO,ACE,CE,Federal Contract Tower,3,7,6,0,16,0,2,20,2,24,3,9,26,2,40,10,0,10,50
01/06/2018,COU,MO,ACE,CE,Federal Contract Tower,10,9,16,0,35,0,8,35,0,43,10,17,51,0,78,22,0,22,100
01/07/2018,COU,MO,ACE,CE,Federal Contract Tower,6,3,1,0,10,0,0,0,0,0,6,3,1,0,10,0,0,0,10
01/08/2018,COU,MO,ACE,CE,Federal Contract Tower,6,4,12,2,24,0,0,0,0,0,6,4,12,2,24,0,0,0,24
01/09/2018,COU,MO,ACE,CE,Federal Contract Tower,9,3,9,0,21,0,0,0,0,0,9,3,9,0,21,0,0,0,21
01/10/2018,COU,MO,ACE,CE,Federal Contract Tower,8,7,18,0,33,0,6,21,0,27,8,13,39,0,60,14,12,26,86
01/11/2018,COU,MO,ACE,CE,Federal Contract Tower,5,9,6,0,20,0,1,0,0,1,5,10,6,0,21,0,0,0,21
01/12/2018,COU,MO,ACE,CE,Federal Contract Tower,9,2,7,0,18,0,2,16,0,18,9,4,23,0,36,16,0,16,52
01/13/2018,COU,MO,ACE,CE,Federal Contract Tower,7,2,21,0,30,0,15,11,0,26,7,17,32,0,56,14,0,14,70
01/14/2018,COU,MO,ACE,CE,Federal Contract Tower,8,5,9,0,22,0,1,0,0,1,8,6,9,0,23,0,0,0,23
01/15/2018,COU,MO,ACE,CE,Federal Contract Tower,1,11,13,0,25,0,21,5,0,26,1,32,18,0,51,0,0,0,51
01/16/2018,COU,MO,ACE,CE,Federal Contract Tower,2,13,19,0,34,0,6,7,0,13,2,19,26,0,47,0,0,0,47
01/17/2018,COU,MO,ACE,CE,Federal Contract Tower,8,11,9,1,29,0,0,20,3,23,8,11,29,4,52,26,0,26,78
01/18/2018,COU,MO,ACE,CE,Federal Contract Tower,5,7,11,0,23,0,2,11,0,13,5,9,22,0,36,2,0,2,38
01/19/2018,COU,MO,ACE,CE,Federal Contract Tower,9,5,10,0,24,0,7,23,0,30,9,12,33,0,54,6,0,6,60
01/20/2018,COU,MO,ACE,CE,Federal Contract Tower,9,5,9,0,23,0,0,3,0,3,9,5,12,0,26,0,0,0,26
01/21/2018,COU,MO,ACE,CE,Federal Contract Tower,5,9,11,0,25,0,6,16,0,22,5,15,27,0,47,6,0,6,53
01/22/2018,COU,MO,ACE,CE,Federal Contract Tower,3,11,10,6,30,0,6,10,2,18,3,17,20,8,48,8,8,16,64
01/23/2018,COU,MO,ACE,CE,Federal Contract Tower,5,4,5,0,14,0,7,7,0,14,5,11,12,0,28,14,0,14,42
01/24/2018,COU,MO,ACE,CE,Federal Contract Tower,5,9,9,0,23,0,8,19,0,27,5,17,28,0,50,32,0,32,82
01/25/2018,COU,MO,ACE,CE,Federal Contract Tower,7,7,26,0,40,0,3,22,0,25,7,10,48,0,65,0,0,0,65
01/26/2018,COU,MO,ACE,CE,Federal Contract Tower,4,10,11,0,25,0,0,2,0,2,4,10,13,0,27,0,0,0,27
01/27/2018,COU,MO,ACE,CE,Federal Contract Tower,6,5,8,3,22,0,4,19,3,26,6,9,27,6,48,12,54,66,114
01/28/2018,COU,MO,ACE,CE,Federal Contract Tower,5,6,13,1,25,0,4,29,3,36,5,10,42,4,61,14,0,14,75
01/29/2018,COU,MO,ACE,CE,Federal Contract Tower,6,4,15,3,28,0,6,20,1,27,6,10,35,4,55,10,0,10,65
01/30/2018,COU,MO,ACE,CE,Federal Contract Tower,5,6,15,0,26,0,7,23,0,30,5,13,38,0,56,18,0,18,74
01/31/2018,COU,MO,ACE,CE,Federal Contract Tower,2,12,11,0,25,0,6,20,2,28,2,18,31,2,53,38,0,38,91
02/01/2018,COU,MO,ACE,CE,Federal Contract Tower,7,5,7,0,19,0,4,16,1,21,7,9,23,1,40,8,0,8,48
02/02/2018,COU,MO,ACE,CE,Federal Contract Tower,6,11,17,0,34,0,0,21,0,21,6,11,38,0,55,12,0,12,67
02/03/2018,COU,MO,ACE,CE,Federal Contract Tower,7,7,3,0,17,0,11,14,0,25,7,18,17,0,42,8,0,8,50
02/04/2018,COU,MO,ACE,CE,Federal Contract Tower,9,9,5,0,23,0,4,0,0,4,9,13,5,0,27,0,0,0,27
02/05/2018,COU,MO,ACE,CE,Federal Contract Tower,4,4,9,0,17,0,2,5,0,7,4,6,14,0,24,0,0,0,24
02/06/2018,COU,MO,ACE,CE,Federal Contract Tower,0,3,9,0,12,0,7,5,0,12,0,10,14,0,24,0,0,0,24
02/07/2018,COU,MO,ACE,CE,Federal Contract Tower,4,10,8,2,24,0,0,13,0,13,4,10,21,2,37,0,0,0,37
02/08/2018,COU,MO,ACE,CE,Federal Contract Tower,3,10,12,0,25,0,2,18,4,24,3,12,30,4,49,6,0,6,55
02/09/2018,COU,MO,ACE,CE,Federal Contract Tower,5,6,15,0,26,0,0,21,0,21,5,6,36,0,47,30,0,30,77
02/10/2018,COU,MO,ACE,CE,Federal Contract Tower,3,2,4,0,9,0,0,0,0,0,3,2,4,0,9,0,0,0,9
02/11/2018,COU,MO,ACE,CE,Federal Contract Tower,0,8,4,0,12,0,6,1,0,7,0,14,5,0,19,0,0,0,19
02/12/2018,COU,MO,ACE,CE,Federal Contract Tower,7,6,7,0,20,0,6,8,0,14,7,12,15,0,34,8,0,8,42
02/13/2018,COU,MO,ACE,CE,Federal Contract Tower,4,11,15,0,30,0,6,30,8,44,4,17,45,8,74,18,0,18,92
02/14/2018,COU,MO,ACE,CE,Federal Contract Tower,4,7,14,0,25,0,4,13,0,17,4,11,27,0,42,14,0,14,56
02/15/2018,COU,MO,ACE,CE,Federal Contract Tower,8,6,17,0,31,0,0,9,2,11,8,6,26,2,42,0,0,0,42
02/16/2018,COU,MO,ACE,CE,Federal Contract Tower,5,17,27,0,49,0,0,22,0,22,5,17,49,0,71,10,0,10,81
02/17/2018,COU,MO,ACE,CE,Federal Contract Tower,6,8,7,0,21,0,6,8,0,14,6,14,15,0,35,0,0,0,35
02/18/2018,COU,MO,ACE,CE,Federal Contract Tower,6,8,11,0,25,0,4,15,0,19,6,12,26,0,44,6,0,6,50
02/19/2018,COU,MO,ACE,CE,Federal Contract Tower,6,14,16,0,36,0,5,3,0,8,6,19,19,0,44,0,0,0,44
02/20/2018,COU,MO,ACE,CE,Federal Contract Tower,4,12,7,0,23,0,1,0,0,1,4,13,7,0,24,0,0,0,24
02/21/2018,COU,MO,ACE,CE,Federal Contract Tower,7,4,15,2,28,0,6,4,0,10,7,10,19,2,38,18,0,18,56
02/22/2018,COU,MO,ACE,CE,Federal Contract Tower,11,7,13,0,31,0,0,0,0,0,11,7,13,0,31,0,0,0,31
02/23/2018,COU,MO,ACE,CE,Federal Contract Tower,9,7,14,0,30,0,0,0,0,0,9,7,14,0,30,0,0,0,30
02/24/2018,COU,MO,ACE,CE,Federal Contract Tower,5,7,3,0,15,0,0,0,0,0,5,7,3,0,15,0,0,0,15
02/25/2018,COU,MO,ACE,CE,Federal Contract Tower,5,7,14,0,26,0,6,26,2,34,5,13,40,2,60,28,0,28,88
02/26/2018,COU,MO,ACE,CE,Federal Contract Tower,2,10,23,0,35,0,6,17,0,23,2,16,40,0,58,12,0,12,70
02/27/2018,COU,MO,ACE,CE,Federal Contract Tower,4,10,25,0,39,0,10,29,2,41,4,20,54,2,80,26,0,26,106
02/28/2018,COU,MO,ACE,CE,Federal Contract Tower,6,10,16,0,32,0,2,3,0,5,6,12,19,0,37,0,0,0,37
03/01/2018,COU,MO,ACE,CE,Federal Contract Tower,5,7,14,0,26,0,0,10,5,15,5,7,24,5,41,6,2,8,49
03/02/2018,COU,MO,ACE,CE,Federal Contract Tower,6,8,7,0,21,0,0,30,0,30,6,8,37,0,51,20,0,20,71
03/03/2018,COU,MO,ACE,CE,Federal Contract Tower,5,15,16,0,36,0,11,36,0,47,5,26,52,0,83,34,0,34,117
03/04/2018,COU,MO,ACE,CE,Federal Contract Tower,5,4,9,0,18,0,6,16,0,22,5,10,25,0,40,10,0,10,50
03/06/2018,COU,MO,ACE,CE,Federal Contract Tower,5,4,15,0,24,0,0,6,0,6,5,4,21,0,30,0,0,0,30
03/07/2018,COU,MO,ACE,CE,Federal Contract Tower,6,5,10,0,21,0,8,24,0,32,6,13,34,0,53,18,0,18,71
03/08/2018,COU,MO,ACE,CE,Federal Contract Tower,4,9,17,0,30,0,2,44,0,46,4,11,61,0,76,28,0,28,104
03/09/2018,COU,MO,ACE,CE,Federal Contract Tower,7,6,13,0,26,0,0,16,0,16,7,6,29,0,42,4,0,4,46
03/10/2018,COU,MO,ACE,CE,Federal Contract Tower,5,2,10,0,17,0,4,25,0,29,5,6,35,0,46,24,0,24,70
03/11/2018,COU,MO,ACE,CE,Federal Contract Tower,5,8,9,0,22,0,0,0,0,0,5,8,9,0,22,0,0,0,22
03/12/2018,COU,MO,ACE,CE,Federal Contract Tower,2,6,24,0,32,0,4,18,6,28,2,10,42,6,60,10,0,10,70
03/13/2018,COU,MO,ACE,CE,Federal Contract Tower,8,4,19,0,31,0,9,37,0,46,8,13,56,0,77,10,0,10,87
03/14/2018,COU,MO,ACE,CE,Federal Contract Tower,6,8,11,0,25,0,6,32,0,38,6,14,43,0,63,40,0,40,103
03/15/2018,COU,MO,ACE,CE,Federal Contract Tower,6,9,15,0,30,0,2,21,8,31,6,11,36,8,61,22,0,22,83
03/16/2018,COU,MO,ACE,CE,Federal Contract Tower,5,4,22,0,31,0,2,11,0,13,5,6,33,0,44,4,0,4,48
03/17/2018,COU,MO,ACE,CE,Federal Contract Tower,5,3,8,0,16,0,0,0,0,0,5,3,8,0,16,0,0,0,16
03/18/2018,COU,MO,ACE,CE,Federal Contract Tower,5,3,12,0,20,0,1,3,0,4,5,4,15,0,24,16,0,16,40
03/19/2018,COU,MO,ACE,CE,Federal Contract Tower,6,1,11,0,18,0,0,0,0,0,6,1,11,0,18,0,0,0,18
03/20/2018,COU,MO,ACE,CE,Federal Contract Tower,5,3,7,0,15,0,8,23,0,31,5,11,30,0,46,22,0,22,68
03/21/2018,COU,MO,ACE,CE,Federal Contract Tower,5,5,16,3,29,0,10,26,0,36,5,15,42,3,65,20,0,20,85
03/22/2018,COU,MO,ACE,CE,Federal Contract Tower,9,6,16,0,31,0,2,28,1,31,9,8,44,1,62,6,0,6,68
03/23/2018,COU,MO,ACE,CE,Federal Contract Tower,7,6,24,0,37,0,0,15,0,15,7,6,39,0,52,16,0,16,68
03/24/2018,COU,MO,ACE,CE,Federal Contract Tower,4,8,12,0,24,0,0,0,0,0,4,8,12,0,24,0,0,0,24
03/25/2018,COU,MO,ACE,CE,Federal Contract Tower,9,2,15,0,26,0,4,5,0,9,9,6,20,0,35,0,0,0,35
03/26/2018,COU,MO,ACE,CE,Federal Contract Tower,3,7,9,0,19,0,1,0,0,1,3,8,9,0,20,0,0,0,20
03/27/2018,COU,MO,ACE,CE,Federal Contract Tower,4,3,8,0,15,0,0,0,0,0,4,3,8,0,15,0,0,0,15
03/28/2018,COU,MO,ACE,CE,Federal Contract Tower,2,9,18,0,29,0,0,0,0,0,2,9,18,0,29,0,0,0,29
03/29/2018,COU,MO,ACE,CE,Federal Contract Tower,5,8,19,1,33,0,2,2,0,4,5,10,21,1,37,0,0,0,37
03/30/2018,COU,MO,ACE,CE,Federal Contract Tower,2,3,15,18,38,0,7,23,14,44,2,10,38,32,82,30,36,66,148
03/31/2018,COU,MO,ACE,CE,Federal Contract Tower,5,5,8,2,20,0,4,14,0,18,5,9,22,2,38,10,0,10,48
04/01/2018,COU,MO,ACE,CE,Federal Contract Tower,6,6,13,1,26,0,2,2,0,4,6,8,15,1,30,0,0,0,30
04/02/2018,COU,MO,ACE,CE,Federal Contract Tower,2,8,6,0,16,0,0,0,0,0,2,8,6,0,16,0,0,0,16
04/03/2018,COU,MO,ACE,CE,Federal Contract Tower,8,9,8,0,25,0,1,0,0,1,8,10,8,0,26,0,0,0,26
04/04/2018,COU,MO,ACE,CE,Federal Contract Tower,12,11,18,2,43,0,6,25,0,31,12,17,43,2,74,20,0,20,94
04/05/2018,COU,MO,ACE,CE,Federal Contract Tower,12,7,12,4,35,0,0,17,2,19,12,7,29,6,54,0,4,4,58
04/06/2018,COU,MO,ACE,CE,Federal Contract Tower,5,9,9,0,23,0,0,4,4,8,5,9,13,4,31,0,10,10,41
04/07/2018,COU,MO,ACE,CE,Federal Contract Tower,6,6,9,0,21,0,2,35,1,38,6,8,44,1,59,38,0,38,97
04/08/2018,COU,MO,ACE,CE,Federal Contract Tower,6,8,12,0,26,0,1,0,0,1,6,9,12,0,27,0,0,0,27
04/09/2018,COU,MO,ACE,CE,Federal Contract Tower,6,7,14,2,29,0,7,11,2,20,6,14,25,4,49,14,0,14,63
04/10/2018,COU,MO,ACE,CE,Federal Contract Tower,7,6,24,0,37,0,6,26,2,34,7,12,50,2,71,46,0,46,117
04/11/2018,COU,MO,ACE,CE,Federal Contract Tower,8,9,23,0,40,0,6,21,2,29,8,15,44,2,69,8,0,8,77
04/12/2018,COU,MO,ACE,CE,Federal Contract Tower,12,2,17,0,31,0,2,24,1,27,12,4,41,1,58,12,0,12,70
04/13/2018,COU,MO,ACE,CE,Federal Contract Tower,11,8,13,0,32,0,1,1,0,2,11,9,14,0,34,0,0,0,34
04/14/2018,COU,MO,ACE,CE,Federal Contract Tower,6,5,14,0,25,0,9,9,0,18,6,14,23,0,43,10,0,10,53
04/15/2018,COU,MO,ACE,CE,Federal Contract Tower,6,13,4,0,23,0,0,0,0,0,6,13,4,0,23,0,0,0,23
04/16/2018,COU,MO,ACE,CE,Federal Contract Tower,2,16,15,0,33,0,8,19,0,27,2,24,34,0,60,20,0,20,80
04/17/2018,COU,MO,ACE,CE,Federal Contract Tower,9,9,24,1,43,0,4,30,2,36,9,13,54,3,79,16,0,16,95
04/18/2018,COU,MO,ACE,CE,Federal Contract Tower,7,19,25,0,51,0,4,12,0,16,7,23,37,0,67,14,0,14,81
04/19/2018,COU,MO,ACE,CE,Federal Contract Tower,11,1,16,0,28,0,2,23,0,25,11,3,39,0,53,28,0,28,81
04/20/2018,COU,MO,ACE,CE,Federal Contract Tower,10,2,18,0,30,0,14,47,0,61,10,16,65,0,91,0,34,34,125
04/21/2018,COU,MO,ACE,CE,Federal Contract Tower,8,7,11,0,26,0,8,34,0,42,8,15,45,0,68,0,0,0,68
04/22/2018,COU,MO,ACE,CE,Federal Contract Tower,7,10,15,0,32,0,4,9,0,13,7,14,24,0,45,4,0,4,49
04/23/2018,COU,MO,ACE,CE,Federal Contract Tower,7,8,21,0,36,0,6,28,0,34,7,14,49,0,70,20,0,20,90
04/24/2018,COU,MO,ACE,CE,Federal Contract Tower,7,7,16,0,30,0,0,0,0,0,7,7,16,0,30,20,0,20,50
04/25/2018,COU,MO,ACE,CE,Federal Contract Tower,7,10,14,4,35,0,1,8,4,13,7,11,22,8,48,25,0,25,73
04/26/2018,COU,MO,ACE,CE,Federal Contract Tower,10,5,18,2,35,0,6,20,7,33,10,11,38,9,68,22,0,22,90
04/27/2018,COU,MO,ACE,CE,Federal Contract Tower,11,2,11,2,26,0,2,23,0,25,11,4,34,2,51,20,0,20,71
04/28/2018,COU,MO,ACE,CE,Federal Contract Tower,5,6,6,21,38,0,4,28,0,32,5,10,34,21,70,12,0,12,82
04/29/2018,COU,MO,ACE,CE,Federal Contract Tower,7,4,10,9,30,0,4,22,2,28,7,8,32,11,58,6,0,6,64
04/30/2018,COU,MO,ACE,CE,Federal Contract Tower,8,6,6,0,20,0,12,24,2,38,8,18,30,2,58,14,20,34,92
05/01/2018,COU,MO,ACE,CE,Federal Contract Tower,8,8,4,2,22,0,4,24,2,30,8,12,28,4,52,10,20,30,82
05/02/2018,COU,MO,ACE,CE,Federal Contract Tower,6,15,19,0,40,0,8,14,0,22,6,23,33,0,62,8,0,8,70
05/03/2018,COU,MO,ACE,CE,Federal Contract Tower,7,7,13,4,31,0,0,5,2,7,7,7,18,6,38,4,4,8,46
05/04/2018,COU,MO,ACE,CE,Federal Contract Tower,8,11,18,0,37,2,5,8,0,15,10,16,26,0,52,4,0,4,56
05/05/2018,COU,MO,ACE,CE,Federal Contract Tower,3,7,4,0,14,0,4,25,0,29,3,11,29,0,43,14,0,14,57
05/06/2018,COU,MO,ACE,CE,Federal Contract Tower,5,7,6,0,18,0,6,18,0,24,5,13,24,0,42,8,0,8,50
05/07/2018,COU,MO,ACE,CE,Federal Contract Tower,4,16,15,0,35,0,6,28,0,34,4,22,43,0,69,40,0,40,109
05/08/2018,COU,MO,ACE,CE,Federal Contract Tower,7,11,12,0,30,0,15,29,0,44,7,26,41,0,74,16,0,16,90
05/09/2018,COU,MO,ACE,CE,Federal Contract Tower,8,12,22,0,42,0,6,21,0,27,8,18,43,0,69,10,0,10,79
05/10/2018,COU,MO,ACE,CE,Federal Contract Tower,10,5,12,0,27,0,6,24,0,30,10,11,36,0,57,2,0,2,59
05/11/2018,COU,MO,ACE,CE,Federal Contract Tower,6,14,21,2,43,0,2,7,0,9,6,16,28,2,52,0,0,0,52
05/12/2018,COU,MO,ACE,CE,Federal Contract Tower,6,8,15,0,29,0,2,4,0,6,6,10,19,0,35,0,0,0,35
05/13/2018,COU,MO,ACE,CE,Federal Contract Tower,6,11,17,0,34,0,9,15,0,24,6,20,32,0,58,12,0,12,70
05/14/2018,COU,MO,ACE,CE,Federal Contract Tower,3,5,16,0,24,0,5,5,0,10,3,10,21,0,34,0,0,0,34
05/15/2018,COU,MO,ACE,CE,Federal Contract Tower,5,5,9,0,19,0,13,19,0,32,5,18,28,0,51,14,0,14,65
05/16/2018,COU,MO,ACE,CE,Federal Contract Tower,6,10,14,0,30,0,12,21,0,33,6,22,35,0,63,34,0,34,97
05/17/2018,COU,MO,ACE,CE,Federal Contract Tower,8,9,6,0,23,0,4,6,0,10,8,13,12,0,33,0,0,0,33
05/18/2018,COU,MO,ACE,CE,Federal Contract Tower,10,4,26,0,40,0,1,15,0,16,10,5,41,0,56,4,0,4,60
05/19/2018,COU,MO,ACE,CE,Federal Contract Tower,3,6,5,0,14,0,0,4,0,4,3,6,9,0,18,0,0,0,18
05/20/2018,COU,MO,ACE,CE,Federal Contract Tower,10,6,11,0,27,0,4,11,0,15,10,10,22,0,42,6,0,6,48
05/21/2018,COU,MO,ACE,CE,Federal Contract Tower,4,7,21,0,32,0,10,18,0,28,4,17,39,0,60,8,0,8,68
05/22/2018,COU,MO,ACE,CE,Federal Contract Tower,7,6,20,0,33,0,8,21,4,33,7,14,41,4,66,10,0,10,76
05/23/2018,COU,MO,ACE,CE,Federal Contract Tower,3,8,16,0,27,0,6,33,0,39,3,14,49,0,66,12,0,12,78
05/24/2018,COU,MO,ACE,CE,Federal Contract Tower,7,8,5,5,25,0,6,29,5,40,7,14,34,10,65,18,14,32,97
05/25/2018,COU,MO,ACE,CE,Federal Contract Tower,9,2,11,0,22,0,6,10,2,18,9,8,21,2,40,10,12,22,62
05/26/2018,COU,MO,ACE,CE,Federal Contract Tower,3,5,8,0,16,0,6,12,14,32,3,11,20,14,48,90,56,146,194
05/27/2018,COU,MO,ACE,CE,Federal Contract Tower,6,6,1,0,13,0,4,22,4,30,6,10,23,4,43,110,18,128,171
05/28/2018,COU,MO,ACE,CE,Federal Contract Tower,4,7,6,0,17,0,4,19,1,24,4,11,25,1,41,6,0,6,47
05/29/2018,COU,MO,ACE,CE,Federal Contract Tower,7,8,13,5,33,0,4,29,3,36,7,12,42,8,69,30,6,36,105
05/30/2018,COU,MO,ACE,CE,Federal Contract Tower,7,12,24,0,43,0,4,15,0,19,7,16,39,0,62,8,0,8,70
05/31/2018,COU,MO,ACE,CE,Federal Contract Tower,8,3,15,0,26,0,3,9,0,12,8,6,24,0,38,0,0,0,38
06/01/2018,COU,MO,ACE,CE,Federal Contract Tower,9,5,6,0,20,0,0,43,0,43,9,5,49,0,63,14,0,14,77
06/02/2018,COU,MO,ACE,CE,Federal Contract Tower,5,6,6,0,17,0,1,1,0,2,5,7,7,0,19,0,0,0,19
06/03/2018,COU,MO,ACE,CE,Federal Contract Tower,7,10,2,0,19,0,0,20,0,20,7,10,22,0,39,26,0,26,65
06/04/2018,COU,MO,ACE,CE,Federal Contract Tower,6,11,13,0,30,0,2,27,0,29,6,13,40,0,59,8,0,8,67
06/05/2018,COU,MO,ACE,CE,Federal Contract Tower,6,3,10,2,21,0,0,22,1,23,6,3,32,3,44,6,0,6,50
06/06/2018,COU,MO,ACE,CE,Federal Contract Tower,4,13,20,0,37,0,2,15,0,17,4,15,35,0,54,0,0,0,54
06/07/2018,COU,MO,ACE,CE,Federal Contract Tower,8,1,20,0,29,0,4,16,0,20,8,5,36,0,49,6,0,6,55
06/08/2018,COU,MO,ACE,CE,Federal Contract Tower,7,6,7,0,20,0,4,32,0,36,7,10,39,0,56,6,0,6,62
06/09/2018,COU,MO,ACE,CE,Federal Contract Tower,4,8,13,0,25,0,9,20,0,29,4,17,33,0,54,10,0,10,64
06/10/2018,COU,MO,ACE,CE,Federal Contract Tower,6,3,6,8,23,0,3,18,0,21,6,6,24,8,44,2,0,2,46
06/11/2018,COU,MO,ACE,CE,Federal Contract Tower,5,6,16,0,27,0,8,27,4,39,5,14,43,4,66,18,0,18,84
06/12/2018,COU,MO,ACE,CE,Federal Contract Tower,6,4,19,0,29,0,22,17,5,44,6,26,36,5,73,12,0,12,85
06/13/2018,COU,MO,ACE,CE,Federal Contract Tower,5,12,14,11,42,0,2,17,7,26,5,14,31,18,68,4,8,12,80
06/14/2018,COU,MO,ACE,CE,Federal Contract Tower,8,3,24,0,35,0,1,11,0,12,8,4,35,0,47,0,0,0,47
06/15/2018,COU,MO,ACE,CE,Federal Contract Tower,5,5,16,0,26,0,4,27,0,31,5,9,43,0,57,12,0,12,69
06/16/2018,COU,MO,ACE,CE,Federal Contract Tower,3,5,8,0,16,2,7,11,0,20,5,12,19,0,36,8,0,8,44
06/17/2018,COU,MO,ACE,CE,Federal Contract Tower,4,5,11,0,20,0,0,36,0,36,4,5,47,0,56,14,0,14,70
06/18/2018,COU,MO,ACE,CE,Federal Contract Tower,4,5,19,0,28,0,6,28,0,34,4,11,47,0,62,18,0,18,80
06/19/2018,COU,MO,ACE,CE,Federal Contract Tower,3,10,13,0,26,0,8,20,0,28,3,18,33,0,54,10,0,10,64
06/20/2018,COU,MO,ACE,CE,Federal Contract Tower,4,11,17,0,32,0,7,19,2,28,4,18,36,2,60,12,0,12,72
06/21/2018,COU,MO,ACE,CE,Federal Contract Tower,8,7,16,0,31,0,2,8,4,14,8,9,24,4,45,6,0,6,51
06/22/2018,COU,MO,ACE,CE,Federal Contract Tower,8,14,20,5,47,0,2,2,0,4,8,16,22,5,51,0,0,0,51
06/23/2018,COU,MO,ACE,CE,Federal Contract Tower,3,5,8,1,17,0,14,40,0,54,3,19,48,1,71,32,0,32,103
06/24/2018,COU,MO,ACE,CE,Federal Contract Tower,5,6,6,8,25,0,10,19,0,29,5,16,25,8,54,20,0,20,74
06/25/2018,COU,MO,ACE,CE,Federal Contract Tower,6,7,13,0,26,0,9,20,0,29,6,16,33,0,55,10,0,10,65
06/26/2018,COU,MO,ACE,CE,Federal Contract Tower,5,11,10,0,26,0,0,4,0,4,5,11,14,0,30,0,0,0,30
06/27/2018,COU,MO,ACE,CE,Federal Contract Tower,4,8,15,0,27,0,12,35,0,47,4,20,50,0,74,32,0,32,106
06/28/2018,COU,MO,ACE,CE,Federal Contract Tower,7,10,19,0,36,0,0,23,0,23,7,10,42,0,59,28,0,28,87
06/29/2018,COU,MO,ACE,CE,Federal Contract Tower,4,20,13,0,37,0,0,33,2,35,4,20,46,2,72,20,0,20,92
06/30/2018,COU,MO,ACE,CE,Federal Contract Tower,3,8,8,0,19,0,9,34,0,43,3,17,42,0,62,22,0,22,84
07/01/2018,COU,MO,ACE,CE,Federal Contract Tower,4,14,11,0,29,0,11,9,0,20,4,25,20,0,49,6,0,6,55
07/02/2018,COU,MO,ACE,CE,Federal Contract Tower,5,5,16,0,26,0,6,24,0,30,5,11,40,0,56,24,0,24,80
07/03/2018,COU,MO,ACE,CE,Federal Contract Tower,6,4,10,0,20,0,10,38,3,51,6,14,48,3,71,30,0,30,101
07/04/2018,COU,MO,ACE,CE,Federal Contract Tower,6,3,8,0,17,0,9,20,0,29,6,12,28,0,46,0,0,0,46
07/05/2018,COU,MO,ACE,CE,Federal Contract Tower,7,6,18,0,31,0,3,19,0,22,7,9,37,0,53,6,0,6,59
07/06/2018,COU,MO,ACE,CE,Federal Contract Tower,6,7,8,10,31,0,6,18,2,26,6,13,26,12,57,24,0,24,81
07/07/2018,COU,MO,ACE,CE,Federal Contract Tower,3,3,4,0,10,0,4,37,0,41,3,7,41,0,51,6,0,6,57
07/08/2018,COU,MO,ACE,CE,Federal Contract Tower,5,3,17,0,25,0,4,23,0,27,5,7,40,0,52,8,0,8,60
07/09/2018,COU,MO,ACE,CE,Federal Contract Tower,5,5,22,0,32,0,6,29,0,35,5,11,51,0,67,22,0,22,89
07/10/2018,COU,MO,ACE,CE,Federal Contract Tower,5,9,19,0,33,0,5,28,0,33,5,14,47,0,66,26,0,26,92
07/11/2018,COU,MO,ACE,CE,Federal Contract Tower,6,12,20,4,42,0,2,26,4,32,6,14,46,8,74,26,4,30,104
07/12/2018,COU,MO,ACE,CE,Federal Contract Tower,5,7,6,0,18,0,1,20,12,33,5,8,26,12,51,10,0,10,61
07/13/2018,COU,MO,ACE,CE,Federal Contract Tower,6,5,12,2,25,0,4,11,0,15,6,9,23,2,40,0,0,0,40
07/14/2018,COU,MO,ACE,CE,Federal Contract Tower,4,6,7,0,17,0,0,8,0,8,4,6,15,0,25,8,0,8,33
07/15/2018,COU,MO,ACE,CE,Federal Contract Tower,3,5,9,0,17,0,0,10,0,10,3,5,19,0,27,14,0,14,41
07/16/2018,COU,MO,ACE,CE,Federal Contract Tower,7,6,11,1,25,0,3,19,1,23,7,9,30,2,48,1,8,9,57
07/17/2018,COU,MO,ACE,CE,Federal Contract Tower,4,13,14,0,31,0,0,31,2,33,4,13,45,2,64,32,2,34,98
07/18/2018,COU,MO,ACE,CE,Federal Contract Tower,4,9,22,2,37,0,0,16,0,16,4,9,38,2,53,2,0,2,55
07/19/2018,COU,MO,ACE,CE,Federal Contract Tower,6,16,15,0,37,0,2,3,0,5,6,18,18,0,42,0,0,0,42
07/20/2018,COU,MO,ACE,CE,Federal Contract Tower,7,9,12,0,28,0,4,18,0,22,7,13,30,0,50,0,0,0,50
07/21/2018,COU,MO,ACE,CE,Federal Contract Tower,3,6,10,0,19,0,22,22,0,44,3,28,32,0,63,30,0,30,93
07/22/2018,COU,MO,ACE,CE,Federal Contract Tower,5,12,13,1,31,0,12,22,0,34,5,24,35,1,65,16,0,16,81
07/23/2018,COU,MO,ACE,CE,Federal Contract Tower,2,13,18,0,33,0,5,41,0,46,2,18,59,0,79,32,0,32,111
07/24/2018,COU,MO,ACE,CE,Federal Contract Tower,5,10,11,0,26,0,20,40,6,66,5,30,51,6,92,8,0,8,100
07/25/2018,COU,MO,ACE,CE,Federal Contract Tower,5,10,19,0,34,0,8,21,0,29,5,18,40,0,63,4,0,4,67
07/26/2018,COU,MO,ACE,CE,Federal Contract Tower,7,11,20,4,42,0,0,15,4,19,7,11,35,8,61,0,4,4,65
07/27/2018,COU,MO,ACE,CE,Federal Contract Tower,6,5,16,0,27,0,4,53,0,57,6,9,69,0,84,22,0,22,106
07/28/2018,COU,MO,ACE,CE,Federal Contract Tower,4,4,12,0,20,0,11,25,0,36,4,15,37,0,56,4,0,4,60
07/29/2018,COU,MO,ACE,CE,Federal Contract Tower,4,10,13,0,27,0,0,2,0,2,4,10,15,0,29,8,0,8,37
07/30/2018,COU,MO,ACE,CE,Federal Contract Tower,5,7,19,0,31,0,5,18,0,23,5,12,37,0,54,28,0,28,82
07/31/2018,COU,MO,ACE,CE,Federal Contract Tower,4,11,16,0,31,0,6,23,0,29,4,17,39,0,60,22,0,22,82
08/01/2018,COU,MO,ACE,CE,Federal Contract Tower,4,9,22,14,49,0,14,31,6,51,4,23,53,20,100,6,6,12,112
08/02/2018,COU,MO,ACE,CE,Federal Contract Tower,6,5,16,0,27,0,2,18,0,20,6,7,34,0,47,0,0,0,47
08/03/2018,COU,MO,ACE,CE,Federal Contract Tower,6,5,5,0,16,0,0,27,0,27,6,5,32,0,43,4,0,4,47
08/04/2018,COU,MO,ACE,CE,Federal Contract Tower,3,3,13,0,19,0,6,27,0,33,3,9,40,0,52,22,0,22,74
08/05/2018,COU,MO,ACE,CE,Federal Contract Tower,4,10,15,0,29,0,6,28,0,34,4,16,43,0,63,14,0,14,77
08/06/2018,COU,MO,ACE,CE,Federal Contract Tower,3,8,9,0,20,0,9,22,0,31,3,17,31,0,51,8,0,8,59
08/07/2018,COU,MO,ACE,CE,Federal Contract Tower,5,6,15,0,26,0,7,14,0,21,5,13,29,0,47,2,0,2,49
08/08/2018,COU,MO,ACE,CE,Federal Contract Tower,4,5,9,0,18,0,8,17,0,25,4,13,26,0,43,12,0,12,55
08/09/2018,COU,MO,ACE,CE,Federal Contract Tower,6,10,21,0,37,0,4,27,0,31,6,14,48,0,68,16,0,16,84
08/10/2018,COU,MO,ACE,CE,Federal Contract Tower,7,3,24,0,34,0,0,27,2,29,7,3,51,2,63,48,0,48,111
08/11/2018,COU,MO,ACE,CE,Federal Contract Tower,5,6,20,18,49,0,1,15,4,20,5,7,35,22,69,6,0,6,75
08/12/2018,COU,MO,ACE,CE,Federal Contract Tower,6,2,9,0,17,0,0,18,0,18,6,2,27,0,35,0,0,0,35
08/13/2018,COU,MO,ACE,CE,Federal Contract Tower,7,10,27,0,44,0,2,25,0,27,7,12,52,0,71,0,0,0,71
08/14/2018,COU,MO,ACE,CE,Federal Contract Tower,5,8,8,0,21,0,9,10,0,19,5,17,18,0,40,34,0,34,74
08/15/2018,COU,MO,ACE,CE,Federal Contract Tower,4,9,10,0,23,0,0,4,2,6,4,9,14,2,29,10,0,10,39
08/16/2018,COU,MO,ACE,CE,Federal Contract Tower,8,9,20,0,37,0,0,23,0,23,8,9,43,0,60,32,0,32,92
08/17/2018,COU,MO,ACE,CE,Federal Contract Tower,6,11,15,1,33,0,0,18,2,20,6,11,33,3,53,10,4,14,67
08/18/2018,COU,MO,ACE,CE,Federal Contract Tower,3,5,14,2,24,0,6,28,0,34,3,11,42,2,58,6,0,6,64
08/19/2018,COU,MO,ACE,CE,Federal Contract Tower,3,11,11,0,25,0,7,21,0,28,3,18,32,0,53,4,0,4,57
08/20/2018,COU,MO,ACE,CE,Federal Contract Tower,4,8,16,0,28,0,6,18,0,24,4,14,34,0,52,6,0,6,58
08/21/2018,COU,MO,ACE,CE,Federal Contract Tower,4,7,10,2,23,0,8,27,0,35,4,15,37,2,58,22,0,22,80
08/22/2018,COU,MO,ACE,CE,Federal Contract Tower,4,7,19,2,32,0,4,30,0,34,4,11,49,2,66,26,0,26,92
08/23/2018,COU,MO,ACE,CE,Federal Contract Tower,4,8,20,0,32,0,0,7,3,10,4,8,27,3,42,22,6,28,70
08/24/2018,COU,MO,ACE,CE,Federal Contract Tower,6,4,16,6,32,0,3,12,0,15,6,7,28,6,47,6,0,6,53
08/25/2018,COU,MO,ACE,CE,Federal Contract Tower,3,9,11,0,23,0,4,28,0,32,3,13,39,0,55,10,0,10,65
08/26/2018,COU,MO,ACE,CE,Federal Contract Tower,3,5,17,0,25,0,6,33,0,39,3,11,50,0,64,6,0,6,70
08/27/2018,COU,MO,ACE,CE,Federal Contract Tower,4,6,15,0,25,0,15,24,2,41,4,21,39,2,66,22,6,28,94
08/28/2018,COU,MO,ACE,CE,Federal Contract Tower,3,15,27,0,45,0,8,24,0,32,3,23,51,0,77,10,0,10,87
08/29/2018,COU,MO,ACE,CE,Federal Contract Tower,4,3,22,0,29,0,0,0,0,0,4,3,22,0,29,0,0,0,29
08/30/2018,COU,MO,ACE,CE,Federal Contract Tower,4,2,29,0,35,0,2,16,0,18,4,4,45,0,53,8,0,8,61
08/31/2018,COU,MO,ACE,CE,Federal Contract Tower,5,4,7,0,16,0,0,7,0,7,5,4,14,0,23,0,0,0,23
09/01/2018,COU,MO,ACE,CE,Federal Contract Tower,3,1,1,0,5,0,8,19,0,27,3,9,20,0,32,12,0,12,44
09/02/2018,COU,MO,ACE,CE,Federal Contract Tower,4,4,4,2,14,0,6,22,0,28,4,10,26,2,42,12,0,12,54
09/03/2018,COU,MO,ACE,CE,Federal Contract Tower,2,7,6,0,15,0,0,7,0,7,2,7,13,0,22,0,0,0,22
09/04/2018,COU,MO,ACE,CE,Federal Contract Tower,4,4,17,0,25,0,6,25,4,35,4,10,42,4,60,29,0,29,89
09/05/2018,COU,MO,ACE,CE,Federal Contract Tower,5,9,12,0,26,0,4,23,6,33,5,13,35,6,59,10,0,10,69
09/06/2018,COU,MO,ACE,CE,Federal Contract Tower,5,8,9,0,22,0,0,20,0,20,5,8,29,0,42,16,0,16,58
09/07/2018,COU,MO,ACE,CE,Federal Contract Tower,8,13,11,0,32,0,0,0,0,0,8,13,11,0,32,0,0,0,32
09/08/2018,COU,MO,ACE,CE,Federal Contract Tower,3,6,6,0,15,0,0,0,0,0,3,6,6,0,15,0,0,0,15
09/09/2018,COU,MO,ACE,CE,Federal Contract Tower,4,14,16,0,34,0,4,5,0,9,4,18,21,0,43,0,0,0,43
09/10/2018,COU,MO,ACE,CE,Federal Contract Tower,4,8,10,0,22,0,7,21,0,28,4,15,31,0,50,14,0,14,64
09/11/2018,COU,MO,ACE,CE,Federal Contract Tower,6,8,25,0,39,0,6,31,0,37,6,14,56,0,76,44,0,44,120
09/12/2018,COU,MO,ACE,CE,Federal Contract Tower,4,9,18,0,31,0,9,38,4,51,4,18,56,4,82,10,0,10,92
09/13/2018,COU,MO,ACE,CE,Federal Contract Tower,7,6,28,0,41,0,0,28,8,36,7,6,56,8,77,8,0,8,85
09/14/2018,COU,MO,ACE,CE,Federal Contract Tower,9,8,17,2,36,0,2,24,2,28,9,10,41,4,64,0,0,0,64
09/15/2018,COU,MO,ACE,CE,Federal Contract Tower,5,8,7,0,20,0,4,16,0,20,5,12,23,0,40,16,0,16,56
09/16/2018,COU,MO,ACE,CE,Federal Contract Tower,5,13,19,0,37,0,0,20,0,20,5,13,39,0,57,4,0,4,61
09/17/2018,COU,MO,ACE,CE,Federal Contract Tower,5,7,14,3,29,0,4,21,8,33,5,11,35,11,62,10,0,10,72
09/18/2018,COU,MO,ACE,CE,Federal Contract Tower,4,8,17,0,29,0,11,32,0,43,4,19,49,0,72,26,0,26,98
09/19/2018,COU,MO,ACE,CE,Federal Contract Tower,6,9,10,0,25,0,6,26,0,32,6,15,36,0,57,28,0,28,85
09/20/2018,COU,MO,ACE,CE,Federal Contract Tower,4,9,13,0,26,0,4,16,0,20,4,13,29,0,46,10,0,10,56
09/21/2018,COU,MO,ACE,CE,Federal Contract Tower,10,6,25,0,41,0,0,21,0,21,10,6,46,0,62,36,0,36,98
09/22/2018,COU,MO,ACE,CE,Federal Contract Tower,7,13,47,4,71,0,6,32,0,38,7,19,79,4,109,0,0,0,109
09/23/2018,COU,MO,ACE,CE,Federal Contract Tower,5,7,13,0,25,0,11,33,0,44,5,18,46,0,69,44,0,44,113
09/24/2018,COU,MO,ACE,CE,Federal Contract Tower,4,5,30,2,41,0,6,17,0,23,4,11,47,2,64,14,0,14,78
09/25/2018,COU,MO,ACE,CE,Federal Contract Tower,5,9,21,0,35,0,6,21,0,27,5,15,42,0,62,38,0,38,100
09/26/2018,COU,MO,ACE,CE,Federal Contract Tower,4,8,22,0,34,0,8,33,0,41,4,16,55,0,75,26,0,26,101
09/27/2018,COU,MO,ACE,CE,Federal Contract Tower,6,5,19,0,30,0,5,41,9,55,6,10,60,9,85,16,8,24,109
09/28/2018,COU,MO,ACE,CE,Federal Contract Tower,6,12,14,0,32,0,0,34,0,34,6,12,48,0,66,28,0,28,94
09/29/2018,COU,MO,ACE,CE,Federal Contract Tower,2,10,10,0,22,0,11,14,0,25,2,21,24,0,47,0,0,0,47
09/30/2018,COU,MO,ACE,CE,Federal Contract Tower,4,13,22,0,39,0,4,31,0,35,4,17,53,0,74,18,0,18,92
10/01/2018,COU,MO,ACE,CE,Federal Contract Tower,4,6,17,0,27,0,5,17,0,22,4,11,34,0,49,0,0,0,49
10/02/2018,COU,MO,ACE,CE,Federal Contract Tower,4,4,13,2,23,0,0,30,0,30,4,4,43,2,53,8,0,8,61
10/03/2018,COU,MO,ACE,CE,Federal Contract Tower,4,17,12,0,33,0,0,30,0,30,4,17,42,0,63,48,0,48,111
10/04/2018,COU,MO,ACE,CE,Federal Contract Tower,6,10,9,0,25,0,0,7,0,7,6,10,16,0,32,28,0,28,60
10/05/2018,COU,MO,ACE,CE,Federal Contract Tower,8,17,15,0,40,0,5,23,0,28,8,22,38,0,68,8,0,8,76
10/06/2018,COU,MO,ACE,CE,Federal Contract Tower,6,16,5,0,27,0,2,11,0,13,6,18,16,0,40,16,0,16,56
10/07/2018,COU,MO,ACE,CE,Federal Contract Tower,4,7,5,0,16,0,0,0,0,0,4,7,5,0,16,0,0,0,16
10/08/2018,COU,MO,ACE,CE,Federal Contract Tower,6,9,17,0,32,0,11,17,0,28,6,20,34,0,60,12,0,12,72
10/09/2018,COU,MO,ACE,CE,Federal Contract Tower,4,8,18,0,30,0,9,18,0,27,4,17,36,0,57,22,0,22,79
10/10/2018,COU,MO,ACE,CE,Federal Contract Tower,4,13,26,4,47,0,3,12,0,15,4,16,38,4,62,8,0,8,70
10/11/2018,COU,MO,ACE,CE,Federal Contract Tower,7,7,16,2,32,0,2,11,2,15,7,9,27,4,47,6,8,14,61
10/12/2018,COU,MO,ACE,CE,Federal Contract Tower,10,10,18,0,38,0,0,1,2,3,10,10,19,2,41,0,0,0,41
10/13/2018,COU,MO,ACE,CE,Federal Contract Tower,3,5,13,0,21,0,2,5,0,7,3,7,18,0,28,0,0,0,28
10/14/2018,COU,MO,ACE,CE,Federal Contract Tower,4,8,18,0,30,0,0,0,0,0,4,8,18,0,30,0,0,0,30
10/15/2018,COU,MO,ACE,CE,Federal Contract Tower,4,7,17,2,30,0,6,20,0,26,4,13,37,2,56,26,0,26,82
10/16/2018,COU,MO,ACE,CE,Federal Contract Tower,5,9,18,7,39,0,2,38,6,46,5,11,56,13,85,34,2,36,121
10/17/2018,COU,MO,ACE,CE,Federal Contract Tower,3,19,23,0,45,0,6,19,0,25,3,25,42,0,70,40,0,40,110
10/18/2018,COU,MO,ACE,CE,Federal Contract Tower,6,6,29,0,41,0,4,39,0,43,6,10,68,0,84,30,0,30,114
10/19/2018,COU,MO,ACE,CE,Federal Contract Tower,7,13,47,0,67,0,0,16,2,18,7,13,63,2,85,12,0,12,97
10/20/2018,COU,MO,ACE,CE,Federal Contract Tower,5,15,17,2,39,0,4,25,0,29,5,19,42,2,68,0,0,0,68
10/21/2018,COU,MO,ACE,CE,Federal Contract Tower,5,13,16,0,34,0,4,12,0,16,5,17,28,0,50,6,0,6,56
10/22/2018,COU,MO,ACE,CE,Federal Contract Tower,5,9,19,0,33,0,4,24,4,32,5,13,43,4,65,16,0,16,81
10/23/2018,COU,MO,ACE,CE,Federal Contract Tower,5,10,21,2,38,0,7,20,0,27,5,17,41,2,65,0,0,0,65
10/24/2018,COU,MO,ACE,CE,Federal Contract Tower,4,10,28,0,42,0,4,26,0,30,4,14,54,0,72,30,0,30,102
10/25/2018,COU,MO,ACE,CE,Federal Contract Tower,5,7,35,0,47,0,5,44,0,49,5,12,79,0,96,2,0,2,98
10/26/2018,COU,MO,ACE,CE,Federal Contract Tower,7,19,20,2,48,0,2,0,0,2,7,21,20,2,50,0,0,0,50
10/27/2018,COU,MO,ACE,CE,Federal Contract Tower,5,16,18,0,39,0,20,28,0,48,5,36,46,0,87,10,0,10,97
10/28/2018,COU,MO,ACE,CE,Federal Contract Tower,4,17,21,2,44,0,5,22,2,29,4,22,43,4,73,14,0,14,87
10/29/2018,COU,MO,ACE,CE,Federal Contract Tower,4,18,36,0,58,0,12,35,6,53,4,30,71,6,111,28,0,28,139
10/30/2018,COU,MO,ACE,CE,Federal Contract Tower,4,8,10,0,22,0,6,17,0,23,4,14,27,0,45,14,0,14,59
10/31/2018,COU,MO,ACE,CE,Federal Contract Tower,5,9,8,1,23,0,8,16,0,24,5,17,24,1,47,0,0,0,47
11/01/2018,COU,MO,ACE,CE,Federal Contract Tower,6,13,14,3,36,0,0,32,0,32,6,13,46,3,68,0,0,0,68
11/02/2018,COU,MO,ACE,CE,Federal Contract Tower,6,7,24,3,40,0,5,4,2,11,6,12,28,5,51,0,0,0,51
11/03/2018,COU,MO,ACE,CE,Federal Contract Tower,4,7,11,1,23,0,2,19,1,22,4,9,30,2,45,0,0,0,45
11/04/2018,COU,MO,ACE,CE,Federal Contract Tower,4,5,3,0,12,0,0,0,0,0,4,5,3,0,12,0,0,0,12
11/05/2018,COU,MO,ACE,CE,Federal Contract Tower,4,14,12,0,30,0,0,2,0,2,4,14,14,0,32,0,0,0,32
11/06/2018,COU,MO,ACE,CE,Federal Contract Tower,4,18,21,0,43,0,6,39,0,45,4,24,60,0,88,30,0,30,118
11/07/2018,COU,MO,ACE,CE,Federal Contract Tower,5,6,8,2,21,2,0,25,0,27,7,6,33,2,48,0,0,0,48
11/08/2018,COU,MO,ACE,CE,Federal Contract Tower,8,9,23,0,40,0,6,17,2,25,8,15,40,2,65,4,0,4,69
11/09/2018,COU,MO,ACE,CE,Federal Contract Tower,5,9,18,0,32,0,1,10,0,11,5,10,28,0,43,26,0,26,69
11/10/2018,COU,MO,ACE,CE,Federal Contract Tower,7,14,31,0,52,0,4,21,0,25,7,18,52,0,77,0,0,0,77
11/11/2018,COU,MO,ACE,CE,Federal Contract Tower,4,7,15,0,26,0,11,21,0,32,4,18,36,0,58,8,0,8,66
11/12/2018,COU,MO,ACE,CE,Federal Contract Tower,4,10,11,0,25,0,0,0,0,0,4,10,11,0,25,0,0,0,25
11/13/2018,COU,MO,ACE,CE,Federal Contract Tower,2,12,16,0,30,0,6,25,0,31,2,18,41,0,61,10,0,10,71
11/14/2018,COU,MO,ACE,CE,Federal Contract Tower,5,14,19,0,38,0,8,25,0,33,5,22,44,0,71,10,0,10,81
11/15/2018,COU,MO,ACE,CE,Federal Contract Tower,7,9,20,0,36,0,0,27,8,35,7,9,47,8,71,36,0,36,107
11/16/2018,COU,MO,ACE,CE,Federal Contract Tower,8,6,14,0,28,0,5,23,2,30,8,11,37,2,58,50,0,50,108
11/17/2018,COU,MO,ACE,CE,Federal Contract Tower,4,8,16,0,28,0,2,5,0,7,4,10,21,0,35,0,0,0,35
11/18/2018,COU,MO,ACE,CE,Federal Contract Tower,5,9,7,0,21,0,0,0,0,0,5,9,7,0,21,0,0,0,21
11/19/2018,COU,MO,ACE,CE,Federal Contract Tower,4,9,19,0,32,0,5,18,0,23,4,14,37,0,55,12,0,12,67
11/20/2018,COU,MO,ACE,CE,Federal Contract Tower,7,8,11,0,26,0,4,18,2,24,7,12,29,2,50,0,0,0,50
11/21/2018,COU,MO,ACE,CE,Federal Contract Tower,5,10,16,0,31,0,6,37,0,43,5,16,53,0,74,44,0,44,118
11/22/2018,COU,MO,ACE,CE,Federal Contract Tower,6,3,0,0,9,0,1,1,0,2,6,4,1,0,11,0,0,0,11
11/23/2018,COU,MO,ACE,CE,Federal Contract Tower,7,8,22,0,37,0,0,1,0,1,7,8,23,0,38,0,0,0,38
11/24/2018,COU,MO,ACE,CE,Federal Contract Tower,7,13,8,0,28,0,4,26,0,30,7,17,34,0,58,6,0,6,64
11/25/2018,COU,MO,ACE,CE,Federal Contract Tower,5,10,5,0,20,0,0,0,0,0,5,10,5,0,20,0,0,0,20
11/26/2018,COU,MO,ACE,CE,Federal Contract Tower,4,9,18,1,32,0,6,2,0,8,4,15,20,1,40,0,0,0,40
11/27/2018,COU,MO,ACE,CE,Federal Contract Tower,6,12,16,0,34,0,8,25,2,35,6,20,41,2,69,6,0,6,75
11/28/2018,COU,MO,ACE,CE,Federal Contract Tower,3,10,16,0,29,0,6,11,4,21,3,16,27,4,50,8,4,12,62
11/29/2018,COU,MO,ACE,CE,Federal Contract Tower,6,7,15,0,28,0,0,22,0,22,6,7,37,0,50,0,0,0,50
11/30/2018,COU,MO,ACE,CE,Federal Contract Tower,5,7,13,0,25,0,0,0,0,0,5,7,13,0,25,0,0,0,25
12/01/2018,COU,MO,ACE,CE,Federal Contract Tower,4,14,11,0,29,0,5,10,1,16,4,19,21,1,45,10,0,10,55
12/02/2018,COU,MO,ACE,CE,Federal Contract Tower,4,6,9,0,19,0,1,1,0,2,4,7,10,0,21,0,0,0,21
12/03/2018,COU,MO,ACE,CE,Federal Contract Tower,4,13,12,0,29,0,5,23,0,28,4,18,35,0,57,0,0,0,57
12/04/2018,COU,MO,ACE,CE,Federal Contract Tower,4,8,19,0,31,0,0,0,0,0,4,8,19,0,31,0,0,0,31
12/05/2018,COU,MO,ACE,CE,Federal Contract Tower,4,8,16,0,28,0,0,70,0,70,4,8,86,0,98,2,0,2,100
12/06/2018,COU,MO,ACE,CE,Federal Contract Tower,5,7,12,0,24,0,0,1,0,1,5,7,13,0,25,0,0,0,25
12/07/2018,COU,MO,ACE,CE,Federal Contract Tower,4,7,26,0,37,0,0,28,0,28,4,7,54,0,65,26,0,26,91
12/08/2018,COU,MO,ACE,CE,Federal Contract Tower,4,6,8,0,18,0,6,27,0,33,4,12,35,0,51,16,0,16,67
12/09/2018,COU,MO,ACE,CE,Federal Contract Tower,4,7,16,0,27,0,6,14,0,20,4,13,30,0,47,0,0,0,47
12/10/2018,COU,MO,ACE,CE,Federal Contract Tower,3,15,31,0,49,0,4,37,0,41,3,19,68,0,90,40,0,40,130
12/11/2018,COU,MO,ACE,CE,Federal Contract Tower,4,9,20,0,33,0,18,31,0,49,4,27,51,0,82,28,0,28,110
12/12/2018,COU,MO,ACE,CE,Federal Contract Tower,4,9,20,0,33,0,12,29,0,41,4,21,49,0,74,52,0,52,126
12/13/2018,COU,MO,ACE,CE,Federal Contract Tower,4,7,18,0,29,0,0,0,0,0,4,7,18,0,29,0,0,0,29
12/14/2018,COU,MO,ACE,CE,Federal Contract Tower,5,10,18,2,35,0,0,0,0,0,5,10,18,2,35,0,0,0,35
12/15/2018,COU,MO,ACE,CE,Federal Contract Tower,4,11,7,0,22,0,0,24,0,24,4,11,31,0,46,20,0,20,66
12/16/2018,COU,MO,ACE,CE,Federal Contract Tower,4,8,9,0,21,0,6,32,0,38,4,14,41,0,59,36,0,36,95
12/17/2018,COU,MO,ACE,CE,Federal Contract Tower,5,8,33,0,46,0,4,26,0,30,5,12,59,0,76,12,0,12,88
12/18/2018,COU,MO,ACE,CE,Federal Contract Tower,3,12,12,0,27,0,6,36,0,42,3,18,48,0,69,26,0,26,95
12/19/2018,COU,MO,ACE,CE,Federal Contract Tower,3,10,25,0,38,0,10,28,0,38,3,20,53,0,76,16,0,16,92
12/20/2018,COU,MO,ACE,CE,Federal Contract Tower,6,9,24,4,43,0,0,0,0,0,6,9,24,4,43,0,0,0,43
12/21/2018,COU,MO,ACE,CE,Federal Contract Tower,5,2,10,0,17,0,0,8,0,8,5,2,18,0,25,8,0,8,33
12/22/2018,COU,MO,ACE,CE,Federal Contract Tower,5,5,8,0,18,0,4,20,0,24,5,9,28,0,42,0,0,0,42
12/23/2018,COU,MO,ACE,CE,Federal Contract Tower,0,9,7,0,16,0,2,19,0,21,0,11,26,0,37,4,0,4,41
12/24/2018,COU,MO,ACE,CE,Federal Contract Tower,2,12,2,0,16,0,4,7,0,11,2,16,9,0,27,0,0,0,27
12/25/2018,COU,MO,ACE,CE,Federal Contract Tower,3,7,0,0,10,0,1,3,0,4,3,8,3,0,14,0,0,0,14
12/26/2018,COU,MO,ACE,CE,Federal Contract Tower,4,12,10,0,26,0,3,16,0,19,4,15,26,0,45,4,0,4,49
12/27/2018,COU,MO,ACE,CE,Federal Contract Tower,6,5,10,0,21,0,0,2,0,2,6,5,12,0,23,0,0,0,23
12/28/2018,COU,MO,ACE,CE,Federal Contract Tower,0,13,9,0,22,0,0,13,0,13,0,13,22,0,35,4,0,4,39
12/29/2018,COU,MO,ACE,CE,Federal Contract Tower,2,12,6,0,20,0,2,16,0,18,2,14,22,0,38,6,0,6,44
12/30/2018,COU,MO,ACE,CE,Federal Contract Tower,0,15,5,0,20,0,9,23,0,32,0,24,28,0,52,14,0,14,66
12/31/2018,COU,MO,ACE,CE,Federal Contract Tower,2,13,4,0,19,0,0,0,0,0,2,13,4,0,19,0,0,0,19
01/01/2019,COU,MO,ACE,CE,Federal Contract Tower,4,12,8,0,24,0,0,0,0,0,4,12,8,0,24,0,0,0,24
01/02/2019,COU,MO,ACE,CE,Federal Contract Tower,5,12,0,0,17,0,10,7,0,17,5,22,7,0,34,0,0,0,34
01/03/2019,COU,MO,ACE,CE,Federal Contract Tower,3,11,3,0,17,0,4,10,0,14,3,15,13,0,31,6,0,6,37
01/04/2019,COU,MO,ACE,CE,Federal Contract Tower,2,11,6,0,19,0,0,25,0,25,2,11,31,0,44,14,0,14,58
01/05/2019,COU,MO,ACE,CE,Federal Contract Tower,1,18,6,0,25,0,8,25,0,33,1,26,31,0,58,18,0,18,76
01/06/2019,COU,MO,ACE,CE,Federal Contract Tower,4,10,2,2,18,0,7,10,0,17,4,17,12,2,35,4,0,4,39
01/07/2019,COU,MO,ACE,CE,Federal Contract Tower,5,10,11,0,26,0,6,9,0,15,5,16,20,0,41,8,0,8,49
01/08/2019,COU,MO,ACE,CE,Federal Contract Tower,4,11,11,0,26,0,2,17,4,23,4,13,28,4,49,10,4,14,63
01/09/2019,COU,MO,ACE,CE,Federal Contract Tower,5,8,9,0,22,0,8,35,0,43,5,16,44,0,65,4,0,4,69
01/10/2019,COU,MO,ACE,CE,Federal Contract Tower,3,14,28,0,45,0,0,16,0,16,3,14,44,0,61,0,0,0,61
01/11/2019,COU,MO,ACE,CE,Federal Contract Tower,2,3,1,0,6,0,0,1,0,1,2,3,2,0,7,0,0,0,7
01/12/2019,COU,MO,ACE,CE,Federal Contract Tower,0,1,0,0,1,0,0,0,0,0,0,1,0,0,1,0,0,0,1
01/13/2019,COU,MO,ACE,CE,Federal Contract Tower,4,9,5,6,24,0,0,0,0,0,4,9,5,6,24,0,0,0,24
01/14/2019,COU,MO,ACE,CE,Federal Contract Tower,4,9,5,6,24,0,0,0,0,0,4,9,5,6,24,0,0,0,24
01/15/2019,COU,MO,ACE,CE,Federal Contract Tower,3,13,14,0,30,0,0,0,0,0,3,13,14,0,30,0,0,0,30
01/16/2019,COU,MO,ACE,CE,Federal Contract Tower,4,9,8,0,21,0,0,0,0,0,4,9,8,0,21,0,0,0,21
01/17/2019,COU,MO,ACE,CE,Federal Contract Tower,4,5,3,0,12,0,0,0,0,0,4,5,3,0,12,0,0,0,12
01/18/2019,COU,MO,ACE,CE,Federal Contract Tower,4,4,21,0,29,0,0,0,0,0,4,4,21,0,29,0,0,0,29
01/19/2019,COU,MO,ACE,CE,Federal Contract Tower,4,4,6,0,14,0,1,0,0,1,4,5,6,0,15,0,0,0,15
01/20/2019,COU,MO,ACE,CE,Federal Contract Tower,3,7,13,0,23,0,2,11,0,13,3,9,24,0,36,2,0,2,38
01/21/2019,COU,MO,ACE,CE,Federal Contract Tower,4,12,20,0,36,0,8,14,0,22,4,20,34,0,58,0,0,0,58
01/22/2019,COU,MO,ACE,CE,Federal Contract Tower,2,13,24,0,39,0,1,4,0,5,2,14,28,0,44,0,0,0,44
01/23/2019,COU,MO,ACE,CE,Federal Contract Tower,2,11,20,2,35,0,6,10,2,18,2,17,30,4,53,0,12,12,65
01/24/2019,COU,MO,ACE,CE,Federal Contract Tower,6,12,14,0,32,0,4,5,0,9,6,16,19,0,41,10,0,10,51
01/25/2019,COU,MO,ACE,CE,Federal Contract Tower,3,10,17,0,30,0,2,10,7,19,3,12,27,7,49,0,12,12,61
01/26/2019,COU,MO,ACE,CE,Federal Contract Tower,2,9,5,0,16,0,7,8,0,15,2,16,13,0,31,6,0,6,37
01/27/2019,COU,MO,ACE,CE,Federal Contract Tower,2,6,15,0,23,0,10,14,0,24,2,16,29,0,47,6,0,6,53
01/28/2019,COU,MO,ACE,CE,Federal Contract Tower,2,7,9,0,18,0,5,1,6,12,2,12,10,6,30,0,10,10,40
01/29/2019,COU,MO,ACE,CE,Federal Contract Tower,5,15,9,2,31,0,12,22,2,36,5,27,31,4,67,0,0,0,67
01/30/2019,COU,MO,ACE,CE,Federal Contract Tower,3,9,8,0,20,0,6,6,0,12,3,15,14,0,32,0,0,0,32
01/31/2019,COU,MO,ACE,CE,Federal Contract Tower,3,4,13,0,20,0,1,10,0,11,3,5,23,0,31,0,0,0,31
02/01/2019,COU,MO,ACE,CE,Federal Contract Tower,5,10,11,2,28,0,4,27,2,33,5,14,38,4,61,6,0,6,67
02/02/2019,COU,MO,ACE,CE,Federal Contract Tower,5,22,9,0,36,0,4,13,0,17,5,26,22,0,53,0,0,0,53
02/03/2019,COU,MO,ACE,CE,Federal Contract Tower,2,12,6,0,20,0,6,8,0,14,2,18,14,0,34,0,0,0,34
02/04/2019,COU,MO,ACE,CE,Federal Contract Tower,7,15,10,0,32,0,0,0,0,0,7,15,10,0,32,0,0,0,32
02/05/2019,COU,MO,ACE,CE,Federal Contract Tower,6,8,8,0,22,0,1,0,0,1,6,9,8,0,23,0,0,0,23
02/06/2019,COU,MO,ACE,CE,Federal Contract Tower,5,7,4,0,16,0,0,0,0,0,5,7,4,0,16,0,0,0,16
02/07/2019,COU,MO,ACE,CE,Federal Contract Tower,1,8,9,0,18,0,1,0,0,1,1,9,9,0,19,0,0,0,19
02/08/2019,COU,MO,ACE,CE,Federal Contract Tower,5,13,12,0,30,0,2,10,0,12,5,15,22,0,42,0,0,0,42
02/09/2019,COU,MO,ACE,CE,Federal Contract Tower,3,20,3,0,26,6,30,0,0,36,9,50,3,0,62,18,0,18,80
02/10/2019,COU,MO,ACE,CE,Federal Contract Tower,2,4,3,0,9,0,0,0,0,0,2,4,3,0,9,0,0,0,9
02/11/2019,COU,MO,ACE,CE,Federal Contract Tower,6,10,7,0,23,0,0,0,0,0,6,10,7,0,23,0,0,0,23
02/12/2019,COU,MO,ACE,CE,Federal Contract Tower,4,6,11,0,21,0,2,2,0,4,4,8,13,0,25,0,0,0,25
02/13/2019,COU,MO,ACE,CE,Federal Contract Tower,4,15,12,0,31,0,4,12,2,18,4,19,24,2,49,18,2,20,69
02/14/2019,COU,MO,ACE,CE,Federal Contract Tower,4,10,14,0,28,0,1,16,2,19,4,11,30,2,47,0,0,0,47
02/15/2019,COU,MO,ACE,CE,Federal Contract Tower,2,7,8,0,17,0,0,0,0,0,2,7,8,0,17,0,0,0,17
02/16/2019,COU,MO,ACE,CE,Federal Contract Tower,6,8,6,0,20,0,5,18,0,23,6,13,24,0,43,0,0,0,43
02/17/2019,COU,MO,ACE,CE,Federal Contract Tower,3,8,11,0,22,8,0,0,0,8,11,8,11,0,30,0,0,0,30
02/18/2019,COU,MO,ACE,CE,Federal Contract Tower,7,12,12,0,31,0,4,5,0,9,7,16,17,0,40,0,0,0,40
02/19/2019,COU,MO,ACE,CE,Federal Contract Tower,4,6,10,0,20,0,7,0,0,7,4,13,10,0,27,0,0,0,27
02/20/2019,COU,MO,ACE,CE,Federal Contract Tower,4,7,22,0,33,0,4,6,0,10,4,11,28,0,43,0,0,0,43
02/21/2019,COU,MO,ACE,CE,Federal Contract Tower,4,11,14,0,29,0,0,32,4,36,4,11,46,4,65,30,16,46,111
02/22/2019,COU,MO,ACE,CE,Federal Contract Tower,5,10,10,4,29,0,2,18,6,26,5,12,28,10,55,4,10,14,69
02/23/2019,COU,MO,ACE,CE,Federal Contract Tower,2,6,8,1,17,0,0,0,0,0,2,6,8,1,17,0,0,0,17
02/24/2019,COU,MO,ACE,CE,Federal Contract Tower,2,8,9,0,19,0,4,2,0,6,2,12,11,0,25,0,0,0,25
02/25/2019,COU,MO,ACE,CE,Federal Contract Tower,5,11,13,0,29,0,6,20,0,26,5,17,33,0,55,24,0,24,79
02/26/2019,COU,MO,ACE,CE,Federal Contract Tower,2,7,22,0,31,0,8,26,2,36,2,15,48,2,67,26,0,26,93
02/27/2019,COU,MO,ACE,CE,Federal Contract Tower,4,10,15,0,29,0,0,0,0,0,4,10,15,0,29,0,0,0,29
02/28/2019,COU,MO,ACE,CE,Federal Contract Tower,4,4,16,0,24,0,4,10,0,14,4,8,26,0,38,36,0,36,74
03/01/2019,COU,MO,ACE,CE,Federal Contract Tower,3,12,16,0,31,0,0,14,2,16,3,12,30,2,47,20,10,30,77
03/02/2019,COU,MO,ACE,CE,Federal Contract Tower,2,14,8,0,24,0,8,19,0,27,2,22,27,0,51,32,0,32,83
03/03/2019,COU,MO,ACE,CE,Federal Contract Tower,2,12,5,0,19,0,6,10,0,16,2,18,15,0,35,16,0,16,51
03/04/2019,COU,MO,ACE,CE,Federal Contract Tower,4,13,15,0,32,0,10,21,0,31,4,23,36,0,63,0,0,0,63
03/05/2019,COU,MO,ACE,CE,Federal Contract Tower,4,8,15,0,27,0,12,29,0,41,4,20,44,0,68,50,0,50,118
03/06/2019,COU,MO,ACE,CE,Federal Contract Tower,6,12,22,0,40,0,11,22,2,35,6,23,44,2,75,26,0,26,101
03/07/2019,COU,MO,ACE,CE,Federal Contract Tower,7,6,17,0,30,0,2,16,0,18,7,8,33,0,48,16,0,16,64
03/08/2019,COU,MO,ACE,CE,Federal Contract Tower,6,11,5,0,22,0,0,5,0,5,6,11,10,0,27,12,0,12,39
03/09/2019,COU,MO,ACE,CE,Federal Contract Tower,2,11,7,0,20,0,1,0,0,1,2,12,7,0,21,0,0,0,21
03/10/2019,COU,MO,ACE,CE,Federal Contract Tower,2,16,14,0,32,0,14,32,0,46,2,30,46,0,78,20,0,20,98
03/11/2019,COU,MO,ACE,CE,Federal Contract Tower,6,10,13,0,29,0,7,23,0,30,6,17,36,0,59,20,4,24,83
03/12/2019,COU,MO,ACE,CE,Federal Contract Tower,4,17,11,2,34,0,12,11,4,27,4,29,22,6,61,22,0,22,83
03/13/2019,COU,MO,ACE,CE,Federal Contract Tower,4,11,15,2,32,0,8,3,4,15,4,19,18,6,47,0,4,4,51
03/14/2019,COU,MO,ACE,CE,Federal Contract Tower,4,13,8,0,25,0,0,6,2,8,4,13,14,2,33,0,0,0,33
03/15/2019,COU,MO,ACE,CE,Federal Contract Tower,5,11,16,2,34,0,6,16,2,24,5,17,32,4,58,0,0,0,58
03/16/2019,COU,MO,ACE,CE,Federal Contract Tower,2,8,14,10,34,0,6,35,5,46,2,14,49,15,80,24,10,34,114
03/17/2019,COU,MO,ACE,CE,Federal Contract Tower,2,16,10,2,30,0,4,12,0,16,2,20,22,2,46,16,0,16,62
03/18/2019,COU,MO,ACE,CE,Federal Contract Tower,2,13,18,0,33,0,4,32,0,36,2,17,50,0,69,28,0,28,97
03/19/2019,COU,MO,ACE,CE,Federal Contract Tower,4,16,12,2,34,0,6,24,0,30,4,22,36,2,64,72,0,72,136
03/20/2019,COU,MO,ACE,CE,Federal Contract Tower,4,12,18,0,34,0,4,15,0,19,4,16,33,0,53,30,0,30,83
03/21/2019,COU,MO,ACE,CE,Federal Contract Tower,2,11,19,0,32,0,5,39,2,46,2,16,58,2,78,6,0,6,84
03/22/2019,COU,MO,ACE,CE,Federal Contract Tower,4,21,16,0,41,0,2,20,0,22,4,23,36,0,63,6,0,6,69
03/23/2019,COU,MO,ACE,CE,Federal Contract Tower,2,15,8,0,25,0,8,16,0,24,2,23,24,0,49,6,0,6,55
03/24/2019,COU,MO,ACE,CE,Federal Contract Tower,2,14,15,0,31,0,8,11,0,19,2,22,26,0,50,16,0,16,66
03/25/2019,COU,MO,ACE,CE,Federal Contract Tower,2,16,18,2,38,0,12,12,0,24,2,28,30,2,62,12,0,12,74
03/26/2019,COU,MO,ACE,CE,Federal Contract Tower,5,11,7,0,23,0,8,33,2,43,5,19,40,2,66,18,4,22,88
03/27/2019,COU,MO,ACE,CE,Federal Contract Tower,4,13,14,0,31,0,6,31,0,37,4,19,45,0,68,20,0,20,88
03/28/2019,COU,MO,ACE,CE,Federal Contract Tower,4,9,9,0,22,0,3,12,8,23,4,12,21,8,45,10,0,10,55
03/29/2019,COU,MO,ACE,CE,Federal Contract Tower,3,9,8,0,20,0,0,1,0,1,3,9,9,0,21,0,0,0,21
03/30/2019,COU,MO,ACE,CE,Federal Contract Tower,1,10,13,0,24,0,5,7,0,12,1,15,20,0,36,10,0,10,46
03/31/2019,COU,MO,ACE,CE,Federal Contract Tower,3,14,14,0,31,0,6,38,0,44,3,20,52,0,75,16,0,16,91
04/01/2019,COU,MO,ACE,CE,Federal Contract Tower,3,18,15,0,36,0,9,21,0,30,3,27,36,0,66,0,0,0,66
04/02/2019,COU,MO,ACE,CE,Federal Contract Tower,0,9,17,2,28,0,9,15,0,24,0,18,32,2,52,0,0,0,52
04/03/2019,COU,MO,ACE,CE,Federal Contract Tower,3,11,22,1,37,0,0,21,1,22,3,11,43,2,59,16,0,16,75
04/04/2019,COU,MO,ACE,CE,Federal Contract Tower,9,8,17,0,34,0,0,0,0,0,9,8,17,0,34,0,0,0,34
04/05/2019,COU,MO,ACE,CE,Federal Contract Tower,5,11,17,0,33,0,3,4,0,7,5,14,21,0,40,0,0,0,40
04/06/2019,COU,MO,ACE,CE,Federal Contract Tower,5,14,9,4,32,0,4,33,1,38,5,18,42,5,70,4,6,10,80
04/07/2019,COU,MO,ACE,CE,Federal Contract Tower,0,11,5,0,16,0,4,5,0,9,0,15,10,0,25,4,0,4,29
04/08/2019,COU,MO,ACE,CE,Federal Contract Tower,0,8,18,0,26,0,12,37,0,49,0,20,55,0,75,12,0,12,87
04/09/2019,COU,MO,ACE,CE,Federal Contract Tower,0,0,2,0,2,0,0,2,0,2,0,0,4,0,4,0,0,0,4
04/10/2019,COU,MO,ACE,CE,Federal Contract Tower,0,0,0,2,2,0,4,0,0,4,0,4,0,2,6,0,0,0,6
04/11/2019,COU,MO,ACE,CE,Federal Contract Tower,0,0,0,0,0,0,0,0,0,0,0,0,0,0,0,0,0,0,0
04/12/2019,COU,MO,ACE,CE,Federal Contract Tower,0,0,0,0,0,0,0,0,2,2,0,0,0,2,2,0,0,0,2
04/13/2019,COU,MO,ACE,CE,Federal Contract Tower,0,0,3,3,6,0,4,12,4,20,0,4,15,7,26,0,12,12,38
04/14/2019,COU,MO,ACE,CE,Federal Contract Tower,0,0,7,0,7,0,0,7,0,7,0,0,14,0,14,0,0,0,14
04/15/2019,COU,MO,ACE,CE,Federal Contract Tower,0,9,16,0,25,0,7,32,0,39,0,16,48,0,64,34,0,34,98
04/16/2019,COU,MO,ACE,CE,Federal Contract Tower,4,7,17,0,28,0,6,40,0,46,4,13,57,0,74,8,0,8,82
04/17/2019,COU,MO,ACE,CE,Federal Contract Tower,9,9,20,0,38,0,6,20,0,26,9,15,40,0,64,8,0,8,72
04/18/2019,COU,MO,ACE,CE,Federal Contract Tower,4,11,14,2,31,0,0,11,0,11,4,11,25,2,42,0,0,0,42
04/19/2019,COU,MO,ACE,CE,Federal Contract Tower,5,14,24,2,45,0,3,16,2,21,5,17,40,4,66,0,0,0,66
04/20/2019,COU,MO,ACE,CE,Federal Contract Tower,4,10,6,0,20,0,6,22,2,30,4,16,28,2,50,18,6,24,74
04/21/2019,COU,MO,ACE,CE,Federal Contract Tower,3,12,10,0,25,0,2,14,0,16,3,14,24,0,41,8,0,8,49
04/22/2019,COU,MO,ACE,CE,Federal Contract Tower,2,12,17,0,31,0,6,14,0,20,2,18,31,0,51,12,0,12,63
04/23/2019,COU,MO,ACE,CE,Federal Contract Tower,5,24,14,0,43,0,4,15,6,25,5,28,29,6,68,4,0,4,72
04/24/2019,COU,MO,ACE,CE,Federal Contract Tower,4,12,18,0,34,0,2,0,1,3,4,14,18,1,37,0,8,8,45
04/25/2019,COU,MO,ACE,CE,Federal Contract Tower,4,14,17,0,35,0,2,2,0,4,4,16,19,0,39,0,0,0,39
04/26/2019,COU,MO,ACE,CE,Federal Contract Tower,4,9,31,0,44,0,0,17,0,17,4,9,48,0,61,0,0,0,61
04/27/2019,COU,MO,ACE,CE,Federal Contract Tower,3,11,9,0,23,0,2,7,0,9,3,13,16,0,32,0,0,0,32
04/28/2019,COU,MO,ACE,CE,Federal Contract Tower,4,14,8,0,26,0,2,10,0,12,4,16,18,0,38,0,0,0,38
04/29/2019,COU,MO,ACE,CE,Federal Contract Tower,3,15,20,0,38,0,12,14,0,26,3,27,34,0,64,0,0,0,64
04/30/2019,COU,MO,ACE,CE,Federal Contract Tower,7,7,8,0,22,0,0,0,0,0,7,7,8,0,22,0,0,0,22
05/01/2019,COU,MO,ACE,CE,Federal Contract Tower,4,9,33,0,46,0,4,22,0,26,4,13,55,0,72,22,0,22,94
05/02/2019,COU,MO,ACE,CE,Federal Contract Tower,4,13,16,0,33,0,1,1,0,2,4,14,17,0,35,0,0,0,35
05/03/2019,COU,MO,ACE,CE,Federal Contract Tower,1,27,23,0,51,0,0,2,0,2,1,27,25,0,53,0,0,0,53
05/04/2019,COU,MO,ACE,CE,Federal Contract Tower,0,15,17,3,35,0,6,31,4,41,0,21,48,7,76,10,0,10,86
05/05/2019,COU,MO,ACE,CE,Federal Contract Tower,0,18,18,0,36,0,6,29,0,35,0,24,47,0,71,26,0,26,97
05/06/2019,COU,MO,ACE,CE,Federal Contract Tower,0,22,12,2,36,0,4,21,0,25,0,26,33,2,61,12,0,12,73
05/07/2019,COU,MO,ACE,CE,Federal Contract Tower,2,21,16,0,39,0,6,18,0,24,2,27,34,0,63,36,0,36,99
05/08/2019,COU,MO,ACE,CE,Federal Contract Tower,4,16,7,0,27,0,4,12,0,16,4,20,19,0,43,4,0,4,47
05/09/2019,COU,MO,ACE,CE,Federal Contract Tower,3,25,10,0,38,0,0,4,0,4,3,25,14,0,42,0,0,0,42
05/10/2019,COU,MO,ACE,CE,Federal Contract Tower,2,19,23,6,50,0,2,41,0,43,2,21,64,6,93,10,0,10,103
05/11/2019,COU,MO,ACE,CE,Federal Contract Tower,0,16,10,5,31,0,0,6,0,6,0,16,16,5,37,8,0,8,45
05/12/2019,COU,MO,ACE,CE,Federal Contract Tower,0,18,13,0,31,0,4,14,0,18,0,22,27,0,49,6,0,6,55
05/13/2019,COU,MO,ACE,CE,Federal Contract Tower,0,19,7,0,26,0,2,51,0,53,0,21,58,0,79,44,0,44,123
05/14/2019,COU,MO,ACE,CE,Federal Contract Tower,2,16,25,0,43,0,2,47,9,58,2,18,72,9,101,14,0,14,115
05/15/2019,COU,MO,ACE,CE,Federal Contract Tower,2,17,13,0,32,0,6,31,2,39,2,23,44,2,71,6,0,6,77
05/16/2019,COU,MO,ACE,CE,Federal Contract Tower,0,25,23,0,48,0,0,12,0,12,0,25,35,0,60,12,0,12,72
05/17/2019,COU,MO,ACE,CE,Federal Contract Tower,2,19,21,0,42,0,0,28,0,28,2,19,49,0,70,4,0,4,74
05/18/2019,COU,MO,ACE,CE,Federal Contract Tower,3,11,9,0,23,0,0,3,0,3,3,11,12,0,26,0,0,0,26
05/19/2019,COU,MO,ACE,CE,Federal Contract Tower,2,16,25,0,43,0,4,19,0,23,2,20,44,0,66,6,0,6,72
05/20/2019,COU,MO,ACE,CE,Federal Contract Tower,2,21,18,0,41,0,2,28,0,30,2,23,46,0,71,18,0,18,89
05/21/2019,COU,MO,ACE,CE,Federal Contract Tower,2,11,18,0,31,0,6,24,0,30,2,17,42,0,61,0,0,0,61
05/22/2019,COU,MO,ACE,CE,Federal Contract Tower,2,19,34,0,55,0,8,55,2,65,2,27,89,2,120,8,0,8,128
05/23/2019,COU,MO,ACE,CE,Federal Contract Tower,6,18,35,3,62,0,0,34,0,34,6,18,69,3,96,56,0,56,152
05/24/2019,COU,MO,ACE,CE,Federal Contract Tower,6,20,23,0,49,0,0,32,0,32,6,20,55,0,81,44,0,44,125
05/25/2019,COU,MO,ACE,CE,Federal Contract Tower,2,17,9,0,28,0,4,31,0,35,2,21,40,0,63,12,0,12,75
05/26/2019,COU,MO,ACE,CE,Federal Contract Tower,0,18,5,0,23,0,4,26,0,30,0,22,31,0,53,36,0,36,89
05/27/2019,COU,MO,ACE,CE,Federal Contract Tower,5,9,18,0,32,0,2,20,0,22,5,11,38,0,54,20,0,20,74
05/28/2019,COU,MO,ACE,CE,Federal Contract Tower,6,16,25,0,47,0,10,36,3,49,6,26,61,3,96,10,0,10,106
05/29/2019,COU,MO,ACE,CE,Federal Contract Tower,5,10,34,0,49,0,0,21,2,23,5,10,55,2,72,6,0,6,78
05/30/2019,COU,MO,ACE,CE,Federal Contract Tower,6,17,30,0,53,0,1,50,0,51,6,18,80,0,104,52,0,52,156
05/31/2019,COU,MO,ACE,CE,Federal Contract Tower,6,16,19,0,41,0,0,66,6,72,6,16,85,6,113,52,0,52,165
06/01/2019,COU,MO,ACE,CE,Federal Contract Tower,2,12,15,0,29,0,8,35,1,44,2,20,50,1,73,10,0,10,83
06/02/2019,COU,MO,ACE,CE,Federal Contract Tower,2,20,13,0,35,0,8,54,10,72,2,28,67,10,107,28,0,28,135
06/03/2019,COU,MO,ACE,CE,Federal Contract Tower,7,17,34,0,58,0,0,46,1,47,7,17,80,1,105,36,0,36,141
06/04/2019,COU,MO,ACE,CE,Federal Contract Tower,6,15,31,0,52,0,0,38,1,39,6,15,69,1,91,52,1,53,144
06/05/2019,COU,MO,ACE,CE,Federal Contract Tower,2,27,29,0,58,0,6,37,9,52,2,33,66,9,110,32,0,32,142
06/06/2019,COU,MO,ACE,CE,Federal Contract Tower,8,14,25,0,47,0,3,37,0,40,8,17,62,0,87,28,0,28,115
06/07/2019,COU,MO,ACE,CE,Federal Contract Tower,8,8,13,0,29,0,2,42,2,46,8,10,55,2,75,32,0,32,107
06/08/2019,COU,MO,ACE,CE,Federal Contract Tower,8,13,12,0,33,0,0,44,0,44,8,13,56,0,77,32,0,32,109
06/09/2019,COU,MO,ACE,CE,Federal Contract Tower,2,22,17,0,41,0,4,27,0,31,2,26,44,0,72,24,0,24,96
06/10/2019,COU,MO,ACE,CE,Federal Contract Tower,2,23,24,4,53,0,6,37,0,43,2,29,61,4,96,18,0,18,114
06/11/2019,COU,MO,ACE,CE,Federal Contract Tower,2,16,23,0,41,0,2,65,4,71,2,18,88,4,112,60,0,60,172
06/12/2019,COU,MO,ACE,CE,Federal Contract Tower,2,23,40,0,65,0,0,48,0,48,2,23,88,0,113,36,0,36,149
06/13/2019,COU,MO,ACE,CE,Federal Contract Tower,7,13,32,0,52,0,4,49,4,57,7,17,81,4,109,28,0,28,137
06/14/2019,COU,MO,ACE,CE,Federal Contract Tower,8,10,22,0,40,0,1,33,0,34,8,11,55,0,74,22,0,22,96
06/15/2019,COU,MO,ACE,CE,Federal Contract Tower,4,14,6,0,24,0,6,27,0,33,4,20,33,0,57,28,0,28,85
06/16/2019,COU,MO,ACE,CE,Federal Contract Tower,2,15,8,0,25,0,6,22,0,28,2,21,30,0,53,54,0,54,107
06/17/2019,COU,MO,ACE,CE,Federal Contract Tower,4,22,28,0,54,0,2,1,0,3,4,24,29,0,57,0,0,0,57
06/18/2019,COU,MO,ACE,CE,Federal Contract Tower,1,17,41,0,59,0,4,15,0,19,1,21,56,0,78,18,0,18,96
06/19/2019,COU,MO,ACE,CE,Federal Contract Tower,6,10,27,0,43,0,0,11,0,11,6,10,38,0,54,4,0,4,58
06/20/2019,COU,MO,ACE,CE,Federal Contract Tower,9,9,37,0,55,0,2,47,2,51,9,11,84,2,106,60,0,60,166
06/21/2019,COU,MO,ACE,CE,Federal Contract Tower,6,16,20,0,42,0,0,4,0,4,6,16,24,0,46,0,0,0,46
06/22/2019,COU,MO,ACE,CE,Federal Contract Tower,2,13,14,0,29,0,8,24,0,32,2,21,38,0,61,14,0,14,75
06/23/2019,COU,MO,ACE,CE,Federal Contract Tower,3,16,9,0,28,0,0,0,0,0,3,16,9,0,28,14,0,14,42
06/24/2019,COU,MO,ACE,CE,Federal Contract Tower,0,21,34,0,55,0,4,39,0,43,0,25,73,0,98,20,0,20,118
06/25/2019,COU,MO,ACE,CE,Federal Contract Tower,2,17,24,0,43,0,8,53,0,61,2,25,77,0,104,42,0,42,146
06/26/2019,COU,MO,ACE,CE,Federal Contract Tower,2,16,36,0,54,0,4,48,0,52,2,20,84,0,106,28,0,28,134
06/27/2019,COU,MO,ACE,CE,Federal Contract Tower,12,9,27,0,48,0,0,53,0,53,12,9,80,0,101,46,0,46,147
06/28/2019,COU,MO,ACE,CE,Federal Contract Tower,8,8,30,0,46,0,0,67,4,71,8,8,97,4,117,54,0,54,171
06/29/2019,COU,MO,ACE,CE,Federal Contract Tower,2,14,19,0,35,0,6,64,0,70,2,20,83,0,105,56,0,56,161
06/30/2019,COU,MO,ACE,CE,Federal Contract Tower,3,11,14,0,28,0,4,51,0,55,3,15,65,0,83,38,0,38,121
07/01/2019,COU,MO,ACE,CE,Federal Contract Tower,2,24,21,0,47,0,2,66,0,68,2,26,87,0,115,60,0,60,175
07/02/2019,COU,MO,ACE,CE,Federal Contract Tower,6,16,24,0,46,0,4,53,0,57,6,20,77,0,103,40,0,40,143
07/03/2019,COU,MO,ACE,CE,Federal Contract Tower,2,12,23,0,37,0,4,46,0,50,2,16,69,0,87,20,0,20,107
07/04/2019,COU,MO,ACE,CE,Federal Contract Tower,3,7,2,0,12,0,3,7,0,10,3,10,9,0,22,4,0,4,26
07/05/2019,COU,MO,ACE,CE,Federal Contract Tower,8,7,8,0,23,0,0,8,0,8,8,7,16,0,31,0,0,0,31
07/06/2019,COU,MO,ACE,CE,Federal Contract Tower,2,13,4,0,19,0,8,10,0,18,2,21,14,0,37,0,0,0,37
07/07/2019,COU,MO,ACE,CE,Federal Contract Tower,0,19,15,0,34,0,2,20,0,22,0,21,35,0,56,16,0,16,72
07/08/2019,COU,MO,ACE,CE,Federal Contract Tower,0,22,10,0,32,0,4,47,0,51,0,26,57,0,83,52,0,52,135
07/09/2019,COU,MO,ACE,CE,Federal Contract Tower,5,22,15,0,42,0,4,41,2,47,5,26,56,2,89,22,4,26,115
07/10/2019,COU,MO,ACE,CE,Federal Contract Tower,4,16,23,0,43,0,0,46,3,49,4,16,69,3,92,50,0,50,142
07/11/2019,COU,MO,ACE,CE,Federal Contract Tower,4,11,32,0,47,0,0,44,0,44,4,11,76,0,91,42,0,42,133
07/12/2019,COU,MO,ACE,CE,Federal Contract Tower,4,19,19,0,42,0,2,33,0,35,4,21,52,0,77,10,0,10,87
07/13/2019,COU,MO,ACE,CE,Federal Contract Tower,6,8,5,0,19,0,2,38,0,40,6,10,43,0,59,24,0,24,83
07/14/2019,COU,MO,ACE,CE,Federal Contract Tower,0,15,23,1,39,0,4,26,2,32,0,19,49,3,71,14,4,18,89
07/15/2019,COU,MO,ACE,CE,Federal Contract Tower,0,22,16,0,38,0,0,16,0,16,0,22,32,0,54,24,0,24,78
07/16/2019,COU,MO,ACE,CE,Federal Contract Tower,0,17,20,3,40,0,2,24,0,26,0,19,44,3,66,24,0,24,90
07/17/2019,COU,MO,ACE,CE,Federal Contract Tower,0,21,26,0,47,0,0,40,5,45,0,21,66,5,92,28,0,28,120
07/18/2019,COU,MO,ACE,CE,Federal Contract Tower,2,11,27,0,40,0,0,22,4,26,2,11,49,4,66,0,0,0,66
07/19/2019,COU,MO,ACE,CE,Federal Contract Tower,4,23,20,0,47,0,0,39,5,44,4,23,59,5,91,20,0,20,111
07/20/2019,COU,MO,ACE,CE,Federal Contract Tower,2,13,16,6,37,0,9,29,3,41,2,22,45,9,78,18,0,18,96
07/21/2019,COU,MO,ACE,CE,Federal Contract Tower,0,16,10,0,26,0,6,29,0,35,0,22,39,0,61,6,0,6,67
07/22/2019,COU,MO,ACE,CE,Federal Contract Tower,0,19,18,0,37,0,8,39,2,49,0,27,57,2,86,10,0,10,96
07/23/2019,COU,MO,ACE,CE,Federal Contract Tower,0,19,18,3,40,0,8,33,2,43,0,27,51,5,83,24,0,24,107
07/24/2019,COU,MO,ACE,CE,Federal Contract Tower,0,23,19,0,42,0,5,34,2,41,0,28,53,2,83,32,6,38,121
07/25/2019,COU,MO,ACE,CE,Federal Contract Tower,4,15,21,0,40,0,2,31,0,33,4,17,52,0,73,16,0,16,89
07/26/2019,COU,MO,ACE,CE,Federal Contract Tower,4,15,14,0,33,0,9,40,0,49,4,24,54,0,82,12,0,12,94
07/27/2019,COU,MO,ACE,CE,Federal Contract Tower,1,12,15,0,28,0,2,48,4,54,1,14,63,4,82,30,2,32,114
07/28/2019,COU,MO,ACE,CE,Federal Contract Tower,1,21,17,0,39,0,2,47,0,49,1,23,64,0,88,18,0,18,106
07/29/2019,COU,MO,ACE,CE,Federal Contract Tower,0,13,26,0,39,0,2,34,0,36,0,15,60,0,75,32,0,32,107
07/30/2019,COU,MO,ACE,CE,Federal Contract Tower,0,20,26,0,46,0,0,49,0,49,0,20,75,0,95,52,0,52,147
07/31/2019,COU,MO,ACE,CE,Federal Contract Tower,0,15,18,0,33,0,0,42,0,42,0,15,60,0,75,24,0,24,99
08/01/2019,COU,MO,ACE,CE,Federal Contract Tower,4,11,29,0,44,0,0,48,0,48,4,11,77,0,92,40,0,40,132
08/02/2019,COU,MO,ACE,CE,Federal Contract Tower,4,16,17,3,40,0,2,30,4,36,4,18,47,7,76,34,8,42,118
08/03/2019,COU,MO,ACE,CE,Federal Contract Tower,0,15,15,0,30,0,4,34,0,38,0,19,49,0,68,10,0,10,78
08/04/2019,COU,MO,ACE,CE,Federal Contract Tower,0,20,14,0,34,0,6,33,0,39,0,26,47,0,73,0,0,0,73
08/05/2019,COU,MO,ACE,CE,Federal Contract Tower,0,21,10,0,31,0,10,40,0,50,0,31,50,0,81,48,0,48,129
08/06/2019,COU,MO,ACE,CE,Federal Contract Tower,0,25,24,0,49,0,6,41,0,47,0,31,65,0,96,0,0,0,96
08/07/2019,COU,MO,ACE,CE,Federal Contract Tower,0,20,19,0,39,0,2,23,0,25,0,22,42,0,64,10,0,10,74
08/08/2019,COU,MO,ACE,CE,Federal Contract Tower,4,12,17,0,33,0,2,17,0,19,4,14,34,0,52,30,0,30,82
08/09/2019,COU,MO,ACE,CE,Federal Contract Tower,4,13,14,0,31,0,0,45,2,47,4,13,59,2,78,34,0,34,112
08/10/2019,COU,MO,ACE,CE,Federal Contract Tower,1,13,11,0,25,0,6,49,0,55,1,19,60,0,80,36,0,36,116
08/11/2019,COU,MO,ACE,CE,Federal Contract Tower,0,20,13,0,33,0,0,5,0,5,0,20,18,0,38,0,0,0,38
08/12/2019,COU,MO,ACE,CE,Federal Contract Tower,4,15,10,2,31,0,0,27,4,31,4,15,37,6,62,42,2,44,106
08/13/2019,COU,MO,ACE,CE,Federal Contract Tower,4,15,13,1,33,0,5,29,3,37,4,20,42,4,70,8,0,8,78
08/14/2019,COU,MO,ACE,CE,Federal Contract Tower,4,12,24,0,40,0,0,34,0,34,4,12,58,0,74,20,0,20,94
08/15/2019,COU,MO,ACE,CE,Federal Contract Tower,4,9,20,0,33,0,0,25,3,28,4,9,45,3,61,4,0,4,65
08/16/2019,COU,MO,ACE,CE,Federal Contract Tower,5,11,14,2,32,0,0,16,3,19,5,11,30,5,51,14,2,16,67
08/17/2019,COU,MO,ACE,CE,Federal Contract Tower,5,7,0,0,12,0,0,8,0,8,5,7,8,0,20,6,0,6,26
08/18/2019,COU,MO,ACE,CE,Federal Contract Tower,0,14,14,1,29,0,4,26,0,30,0,18,40,1,59,34,0,34,93
08/19/2019,COU,MO,ACE,CE,Federal Contract Tower,1,17,14,0,32,0,2,36,1,39,1,19,50,1,71,30,2,32,103
08/20/2019,COU,MO,ACE,CE,Federal Contract Tower,1,12,14,0,27,0,4,24,0,28,1,16,38,0,55,12,0,12,67
08/21/2019,COU,MO,ACE,CE,Federal Contract Tower,0,23,24,0,47,0,6,18,0,24,0,29,42,0,71,6,0,6,77
08/22/2019,COU,MO,ACE,CE,Federal Contract Tower,4,8,9,4,25,0,0,7,0,7,4,8,16,4,32,0,0,0,32
08/23/2019,COU,MO,ACE,CE,Federal Contract Tower,4,10,26,7,47,0,0,34,4,38,4,10,60,11,85,48,14,62,147
08/24/2019,COU,MO,ACE,CE,Federal Contract Tower,1,8,11,2,22,0,6,25,0,31,1,14,36,2,53,46,0,46,99
08/25/2019,COU,MO,ACE,CE,Federal Contract Tower,2,15,11,1,29,0,0,3,0,3,2,15,14,1,32,2,0,2,34
08/26/2019,COU,MO,ACE,CE,Federal Contract Tower,0,20,11,2,33,0,2,2,0,4,0,22,13,2,37,0,0,0,37
08/27/2019,COU,MO,ACE,CE,Federal Contract Tower,0,15,18,1,34,0,6,28,0,34,0,21,46,1,68,40,0,40,108
08/28/2019,COU,MO,ACE,CE,Federal Contract Tower,0,19,17,0,36,0,4,43,2,49,0,23,60,2,85,50,0,50,135
08/29/2019,COU,MO,ACE,CE,Federal Contract Tower,3,10,22,0,35,0,2,48,0,50,3,12,70,0,85,16,0,16,101
08/30/2019,COU,MO,ACE,CE,Federal Contract Tower,6,11,11,0,28,0,0,0,0,0,6,11,11,0,28,0,0,0,28
08/31/2019,COU,MO,ACE,CE,Federal Contract Tower,1,4,11,0,16,0,0,2,0,2,1,4,13,0,18,12,0,12,30
09/01/2019,COU,MO,ACE,CE,Federal Contract Tower,0,11,9,0,20,0,0,2,0,2,0,11,11,0,22,22,0,22,44
09/02/2019,COU,MO,ACE,CE,Federal Contract Tower,0,18,18,0,36,0,4,36,0,40,0,22,54,0,76,38,0,38,114
09/03/2019,COU,MO,ACE,CE,Federal Contract Tower,0,16,17,0,33,0,2,22,2,26,0,18,39,2,59,24,0,24,83
09/04/2019,COU,MO,ACE,CE,Federal Contract Tower,0,21,11,0,32,0,6,34,0,40,0,27,45,0,72,26,0,26,98
09/05/2019,COU,MO,ACE,CE,Federal Contract Tower,8,7,26,0,41,0,4,26,2,32,8,11,52,2,73,4,6,10,83
09/06/2019,COU,MO,ACE,CE,Federal Contract Tower,7,8,17,4,36,0,6,47,0,53,7,14,64,4,89,22,0,22,111
09/07/2019,COU,MO,ACE,CE,Federal Contract Tower,3,17,15,6,41,0,4,42,2,48,3,21,57,8,89,20,0,20,109
09/08/2019,COU,MO,ACE,CE,Federal Contract Tower,1,20,13,1,35,0,4,15,0,19,1,24,28,1,54,10,0,10,64
09/09/2019,COU,MO,ACE,CE,Federal Contract Tower,1,23,17,0,41,0,4,31,0,35,1,27,48,0,76,28,0,28,104
09/10/2019,COU,MO,ACE,CE,Federal Contract Tower,1,20,19,0,40,0,6,33,0,39,1,26,52,0,79,18,0,18,97
09/11/2019,COU,MO,ACE,CE,Federal Contract Tower,4,10,22,0,36,0,8,31,2,41,4,18,53,2,77,20,0,20,97
09/12/2019,COU,MO,ACE,CE,Federal Contract Tower,8,7,19,0,34,0,0,30,0,30,8,7,49,0,64,16,0,16,80
09/13/2019,COU,MO,ACE,CE,Federal Contract Tower,7,13,31,0,51,0,2,37,0,39,7,15,68,0,90,18,0,18,108
09/14/2019,COU,MO,ACE,CE,Federal Contract Tower,3,11,19,0,33,0,1,38,0,39,3,12,57,0,72,42,0,42,114
09/15/2019,COU,MO,ACE,CE,Federal Contract Tower,6,11,21,0,38,0,1,33,16,50,6,12,54,16,88,28,0,28,116
09/16/2019,COU,MO,ACE,CE,Federal Contract Tower,6,16,7,0,29,0,6,33,0,39,6,22,40,0,68,18,0,18,86
09/17/2019,COU,MO,ACE,CE,Federal Contract Tower,5,8,25,0,38,0,5,23,0,28,5,13,48,0,66,38,0,38,104
09/18/2019,COU,MO,ACE,CE,Federal Contract Tower,6,11,27,0,44,0,2,29,0,31,6,13,56,0,75,30,0,30,105
09/19/2019,COU,MO,ACE,CE,Federal Contract Tower,6,15,16,0,37,0,1,19,0,20,6,16,35,0,57,16,0,16,73
09/20/2019,COU,MO,ACE,CE,Federal Contract Tower,8,21,20,3,52,0,2,21,0,23,8,23,41,3,75,64,10,74,149
09/21/2019,COU,MO,ACE,CE,Federal Contract Tower,2,18,15,0,35,0,10,23,0,33,2,28,38,0,68,12,0,12,80
09/22/2019,COU,MO,ACE,CE,Federal Contract Tower,0,18,19,0,37,0,0,0,0,0,0,18,19,0,37,0,0,0,37
09/23/2019,COU,MO,ACE,CE,Federal Contract Tower,0,16,18,0,34,0,6,26,0,32,0,22,44,0,66,34,0,34,100
09/24/2019,COU,MO,ACE,CE,Federal Contract Tower,0,16,14,1,31,0,8,21,1,30,0,24,35,2,61,10,0,10,71
09/25/2019,COU,MO,ACE,CE,Federal Contract Tower,1,19,26,0,46,0,6,16,0,22,1,25,42,0,68,4,0,4,72
09/26/2019,COU,MO,ACE,CE,Federal Contract Tower,6,13,17,6,42,0,3,36,1,40,6,16,53,7,82,18,0,18,100
09/27/2019,COU,MO,ACE,CE,Federal Contract Tower,4,10,19,2,35,0,2,18,0,20,4,12,37,2,55,6,0,6,61
09/28/2019,COU,MO,ACE,CE,Federal Contract Tower,0,15,18,0,33,0,4,26,0,30,0,19,44,0,63,4,0,4,67
09/29/2019,COU,MO,ACE,CE,Federal Contract Tower,0,16,22,0,38,0,6,26,0,32,0,22,48,0,70,32,0,32,102
09/30/2019,COU,MO,ACE,CE,Federal Contract Tower,0,30,6,0,36,0,2,40,0,42,0,32,46,0,78,24,0,24,102
10/01/2019,COU,MO,ACE,CE,Federal Contract Tower,0,15,25,0,40,0,2,30,0,32,0,17,55,0,72,26,0,26,98
10/02/2019,COU,MO,ACE,CE,Federal Contract Tower,6,13,10,0,29,0,2,25,2,29,6,15,35,2,58,14,0,14,72
10/03/2019,COU,MO,ACE,CE,Federal Contract Tower,7,7,23,0,37,0,0,12,0,12,7,7,35,0,49,4,0,4,53
10/04/2019,COU,MO,ACE,CE,Federal Contract Tower,7,6,27,0,40,0,0,41,0,41,7,6,68,0,81,32,0,32,113
10/05/2019,COU,MO,ACE,CE,Federal Contract Tower,0,14,13,0,27,0,2,16,0,18,0,16,29,0,45,0,0,0,45
10/06/2019,COU,MO,ACE,CE,Federal Contract Tower,5,10,16,0,31,0,0,25,0,25,5,10,41,0,56,14,0,14,70
10/07/2019,COU,MO,ACE,CE,Federal Contract Tower,0,19,12,0,31,0,4,21,0,25,0,23,33,0,56,18,0,18,74
10/08/2019,COU,MO,ACE,CE,Federal Contract Tower,0,17,29,2,48,0,7,27,3,37,0,24,56,5,85,20,0,20,105
10/09/2019,COU,MO,ACE,CE,Federal Contract Tower,0,16,16,0,32,0,8,19,2,29,0,24,35,2,61,14,6,20,81
10/10/2019,COU,MO,ACE,CE,Federal Contract Tower,5,11,12,0,28,0,0,3,0,3,5,11,15,0,31,0,0,0,31
10/11/2019,COU,MO,ACE,CE,Federal Contract Tower,9,17,20,2,48,0,1,5,0,6,9,18,25,2,54,0,2,2,56
10/12/2019,COU,MO,ACE,CE,Federal Contract Tower,0,20,22,0,42,0,10,22,2,34,0,30,44,2,76,2,0,2,78
10/13/2019,COU,MO,ACE,CE,Federal Contract Tower,0,25,31,2,58,0,4,34,0,38,0,29,65,2,96,26,0,26,122
10/14/2019,COU,MO,ACE,CE,Federal Contract Tower,0,17,16,1,34,0,5,32,0,37,0,22,48,1,71,22,0,22,93
10/15/2019,COU,MO,ACE,CE,Federal Contract Tower,0,21,12,1,34,0,3,11,0,14,0,24,23,1,48,0,0,0,48
10/16/2019,COU,MO,ACE,CE,Federal Contract Tower,7,14,34,7,62,0,1,25,0,26,7,15,59,7,88,2,8,10,98
10/17/2019,COU,MO,ACE,CE,Federal Contract Tower,6,11,29,0,46,0,1,24,0,25,6,12,53,0,71,0,0,0,71
10/18/2019,COU,MO,ACE,CE,Federal Contract Tower,8,8,22,0,38,0,3,18,0,21,8,11,40,0,59,8,0,8,67
10/19/2019,COU,MO,ACE,CE,Federal Contract Tower,5,11,4,0,20,0,0,1,0,1,5,11,5,0,21,0,0,0,21
10/20/2019,COU,MO,ACE,CE,Federal Contract Tower,0,14,10,0,24,0,2,16,0,18,0,16,26,0,42,12,0,12,54
10/21/2019,COU,MO,ACE,CE,Federal Contract Tower,0,22,17,0,39,0,0,4,0,4,0,22,21,0,43,0,0,0,43
10/22/2019,COU,MO,ACE,CE,Federal Contract Tower,0,17,13,0,30,0,4,7,0,11,0,21,20,0,41,0,0,0,41
10/23/2019,COU,MO,ACE,CE,Federal Contract Tower,0,20,17,0,37,0,11,10,0,21,0,31,27,0,58,8,0,8,66
10/24/2019,COU,MO,ACE,CE,Federal Contract Tower,4,18,28,0,50,0,2,7,0,9,4,20,35,0,59,0,0,0,59
10/25/2019,COU,MO,ACE,CE,Federal Contract Tower,8,11,17,1,37,0,0,23,1,24,8,11,40,2,61,4,0,4,65
10/26/2019,COU,MO,ACE,CE,Federal Contract Tower,0,17,10,0,27,0,0,3,0,3,0,17,13,0,30,0,0,0,30
10/27/2019,COU,MO,ACE,CE,Federal Contract Tower,0,24,13,0,37,0,6,37,0,43,0,30,50,0,80,2,0,2,82
10/28/2019,COU,MO,ACE,CE,Federal Contract Tower,0,23,20,2,45,0,8,3,0,11,0,31,23,2,56,0,0,0,56
10/29/2019,COU,MO,ACE,CE,Federal Contract Tower,0,17,19,3,39,0,2,0,0,2,0,19,19,3,41,0,0,0,41
10/30/2019,COU,MO,ACE,CE,Federal Contract Tower,1,21,8,0,30,0,0,0,0,0,1,21,8,0,30,0,0,0,30
10/31/2019,COU,MO,ACE,CE,Federal Contract Tower,4,18,14,4,40,0,3,9,2,14,4,21,23,6,54,18,0,18,72
11/01/2019,COU,MO,ACE,CE,Federal Contract Tower,6,13,9,0,28,0,0,14,0,14,6,13,23,0,42,0,0,0,42
11/02/2019,COU,MO,ACE,CE,Federal Contract Tower,7,11,15,0,33,0,2,14,0,16,7,13,29,0,49,8,0,8,57
11/03/2019,COU,MO,ACE,CE,Federal Contract Tower,7,16,11,0,34,0,6,14,0,20,7,22,25,0,54,0,0,0,54
11/04/2019,COU,MO,ACE,CE,Federal Contract Tower,9,11,11,0,31,0,10,15,0,25,9,21,26,0,56,6,0,6,62
11/05/2019,COU,MO,ACE,CE,Federal Contract Tower,5,18,23,1,47,0,6,22,0,28,5,24,45,1,75,14,0,14,89
11/06/2019,COU,MO,ACE,CE,Federal Contract Tower,5,14,24,2,45,0,6,11,0,17,5,20,35,2,62,0,0,0,62
11/07/2019,COU,MO,ACE,CE,Federal Contract Tower,6,11,22,0,39,0,0,9,6,15,6,11,31,6,54,2,0,2,56
11/08/2019,COU,MO,ACE,CE,Federal Contract Tower,9,10,15,0,34,0,0,21,0,21,9,10,36,0,55,16,0,16,71
11/09/2019,COU,MO,ACE,CE,Federal Contract Tower,6,8,10,0,24,0,4,24,0,28,6,12,34,0,52,8,0,8,60
11/10/2019,COU,MO,ACE,CE,Federal Contract Tower,6,15,6,0,27,0,2,13,0,15,6,17,19,0,42,30,0,30,72
11/11/2019,COU,MO,ACE,CE,Federal Contract Tower,6,6,5,0,17,0,0,0,0,0,6,6,5,0,17,0,0,0,17
11/12/2019,COU,MO,ACE,CE,Federal Contract Tower,7,15,15,0,37,0,0,12,0,12,7,15,27,0,49,8,0,8,57
11/13/2019,COU,MO,ACE,CE,Federal Contract Tower,9,15,28,0,52,0,7,20,0,27,9,22,48,0,79,14,0,14,93
11/14/2019,COU,MO,ACE,CE,Federal Contract Tower,6,15,17,2,40,0,0,38,0,38,6,15,55,2,78,58,0,58,136
11/15/2019,COU,MO,ACE,CE,Federal Contract Tower,9,14,24,0,47,0,0,27,2,29,9,14,51,2,76,0,0,0,76
11/16/2019,COU,MO,ACE,CE,Federal Contract Tower,10,21,18,0,49,0,4,25,0,29,10,25,43,0,78,38,0,38,116
11/17/2019,COU,MO,ACE,CE,Federal Contract Tower,8,14,16,0,38,0,0,11,0,11,8,14,27,0,49,34,0,34,83
11/18/2019,COU,MO,ACE,CE,Federal Contract Tower,6,13,12,0,31,0,4,24,0,28,6,17,36,0,59,26,0,26,85
11/19/2019,COU,MO,ACE,CE,Federal Contract Tower,8,10,13,0,31,0,6,29,0,35,8,16,42,0,66,6,0,6,72
11/20/2019,COU,MO,ACE,CE,Federal Contract Tower,7,13,24,0,44,0,4,21,0,25,7,17,45,0,69,12,0,12,81
11/21/2019,COU,MO,ACE,CE,Federal Contract Tower,6,9,16,0,31,0,0,6,0,6,6,9,22,0,37,0,0,0,37
11/22/2019,COU,MO,ACE,CE,Federal Contract Tower,7,17,19,0,43,0,0,24,0,24,7,17,43,0,67,28,0,28,95
11/23/2019,COU,MO,ACE,CE,Federal Contract Tower,5,18,24,0,47,0,4,18,0,22,5,22,42,0,69,16,0,16,85
11/24/2019,COU,MO,ACE,CE,Federal Contract Tower,6,16,10,0,32,0,2,27,0,29,6,18,37,0,61,54,0,54,115
11/25/2019,COU,MO,ACE,CE,Federal Contract Tower,8,16,7,0,31,0,6,21,0,27,8,22,28,0,58,36,0,36,94
11/26/2019,COU,MO,ACE,CE,Federal Contract Tower,8,14,16,0,38,0,3,0,0,3,8,17,16,0,41,0,0,0,41
11/27/2019,COU,MO,ACE,CE,Federal Contract Tower,9,14,6,0,29,0,5,5,0,10,9,19,11,0,39,0,0,0,39
11/28/2019,COU,MO,ACE,CE,Federal Contract Tower,4,6,3,0,13,0,3,1,0,4,4,9,4,0,17,0,0,0,17
11/29/2019,COU,MO,ACE,CE,Federal Contract Tower,8,8,6,0,22,0,0,0,0,0,8,8,6,0,22,0,0,0,22
11/30/2019,COU,MO,ACE,CE,Federal Contract Tower,8,9,13,0,30,0,4,9,0,13,8,13,22,0,43,0,0,0,43
12/01/2019,COU,MO,ACE,CE,Federal Contract Tower,6,20,8,0,34,0,4,0,0,4,6,24,8,0,38,0,0,0,38
12/02/2019,COU,MO,ACE,CE,Federal Contract Tower,5,17,5,0,27,0,7,8,0,15,5,24,13,0,42,0,0,0,42
12/03/2019,COU,MO,ACE,CE,Federal Contract Tower,6,11,7,0,24,0,0,27,0,27,6,11,34,0,51,12,0,12,63
12/04/2019,COU,MO,ACE,CE,Federal Contract Tower,6,16,17,0,39,0,0,40,0,40,6,16,57,0,79,40,0,40,119
12/05/2019,COU,MO,ACE,CE,Federal Contract Tower,6,15,22,0,43,0,2,15,0,17,6,17,37,0,60,12,0,12,72
12/06/2019,COU,MO,ACE,CE,Federal Contract Tower,7,15,21,0,43,0,0,27,0,27,7,15,48,0,70,26,0,26,96
12/07/2019,COU,MO,ACE,CE,Federal Contract Tower,5,13,11,0,29,0,4,34,0,38,5,17,45,0,67,6,0,6,73
12/08/2019,COU,MO,ACE,CE,Federal Contract Tower,7,16,10,0,33,0,4,13,0,17,7,20,23,0,50,66,0,66,116
12/09/2019,COU,MO,ACE,CE,Federal Contract Tower,5,17,21,4,47,0,0,0,0,0,5,17,21,4,47,0,0,0,47
12/10/2019,COU,MO,ACE,CE,Federal Contract Tower,6,15,20,2,43,0,2,32,0,34,6,17,52,2,77,32,0,32,109
12/11/2019,COU,MO,ACE,CE,Federal Contract Tower,8,12,14,0,34,0,8,35,0,43,8,20,49,0,77,26,0,26,103
12/12/2019,COU,MO,ACE,CE,Federal Contract Tower,6,8,13,0,27,0,2,18,2,22,6,10,31,2,49,12,4,16,65
12/13/2019,COU,MO,ACE,CE,Federal Contract Tower,6,13,18,0,37,0,7,20,0,27,6,20,38,0,64,32,0,32,96
12/14/2019,COU,MO,ACE,CE,Federal Contract Tower,5,9,18,0,32,0,1,3,0,4,5,10,21,0,36,0,0,0,36
12/15/2019,COU,MO,ACE,CE,Federal Contract Tower,5,12,5,0,22,0,0,0,0,0,5,12,5,0,22,0,0,0,22
12/16/2019,COU,MO,ACE,CE,Federal Contract Tower,7,7,4,0,18,0,0,0,0,0,7,7,4,0,18,0,0,0,18
12/17/2019,COU,MO,ACE,CE,Federal Contract Tower,8,10,17,0,35,0,0,0,0,0,8,10,17,0,35,0,0,0,35
12/18/2019,COU,MO,ACE,CE,Federal Contract Tower,8,13,20,0,41,0,5,28,0,33,8,18,48,0,74,20,0,20,94
12/19/2019,COU,MO,ACE,CE,Federal Contract Tower,5,11,13,0,29,0,0,30,0,30,5,11,43,0,59,8,0,8,67
12/20/2019,COU,MO,ACE,CE,Federal Contract Tower,7,7,5,0,19,0,0,33,0,33,7,7,38,0,52,14,0,14,66
12/21/2019,COU,MO,ACE,CE,Federal Contract Tower,5,8,12,0,25,0,4,30,0,34,5,12,42,0,59,10,0,10,69
12/22/2019,COU,MO,ACE,CE,Federal Contract Tower,4,4,6,0,14,0,5,12,0,17,4,9,18,0,31,48,0,48,79
12/23/2019,COU,MO,ACE,CE,Federal Contract Tower,8,18,8,0,34,0,4,24,6,34,8,22,32,6,68,6,4,10,78
12/24/2019,COU,MO,ACE,CE,Federal Contract Tower,6,11,7,0,24,0,5,11,0,16,6,16,18,0,40,2,0,2,42
12/25/2019,COU,MO,ACE,CE,Federal Contract Tower,7,5,0,0,12,0,2,1,0,3,7,7,1,0,15,0,0,0,15
12/26/2019,COU,MO,ACE,CE,Federal Contract Tower,6,8,15,3,32,0,0,6,1,7,6,8,21,4,39,0,0,0,39
12/27/2019,COU,MO,ACE,CE,Federal Contract Tower,5,10,12,0,27,0,0,16,0,16,5,10,28,0,43,10,0,10,53
12/28/2019,COU,MO,ACE,CE,Federal Contract Tower,5,4,6,0,15,0,0,0,0,0,5,4,6,0,15,0,0,0,15
12/29/2019,COU,MO,ACE,CE,Federal Contract Tower,7,4,3,0,14,0,4,6,0,10,7,8,9,0,24,12,0,12,36
12/30/2019,COU,MO,ACE,CE,Federal Contract Tower,8,11,9,0,28,0,2,2,0,4,8,13,11,0,32,0,0,0,32
12/31/2019,COU,MO,ACE,CE,Federal Contract Tower,6,5,8,0,19,0,4,11,0,15,6,9,19,0,34,14,0,14,48
01/01/2020,COU,MO,ACE,CE,Federal Contract Tower,9,7,8,0,24,0,4,16,0,20,9,11,24,0,44,0,0,0,44
01/02/2020,COU,MO,ACE,CE,Federal Contract Tower,6,10,17,0,33,0,0,17,0,17,6,10,34,0,50,4,0,4,54
01/03/2020,COU,MO,ACE,CE,Federal Contract Tower,7,7,4,0,18,0,0,3,0,3,7,7,7,0,21,0,0,0,21
01/04/2020,COU,MO,ACE,CE,Federal Contract Tower,8,12,7,0,27,0,4,15,0,19,8,16,22,0,46,8,0,8,54
01/05/2020,COU,MO,ACE,CE,Federal Contract Tower,9,11,12,0,32,0,4,17,0,21,9,15,29,0,53,4,0,4,57
01/06/2020,COU,MO,ACE,CE,Federal Contract Tower,8,15,15,0,38,0,6,11,0,17,8,21,26,0,55,12,0,12,67
01/07/2020,COU,MO,ACE,CE,Federal Contract Tower,7,7,20,0,34,0,6,14,2,22,7,13,34,2,56,44,0,44,100
01/08/2020,COU,MO,ACE,CE,Federal Contract Tower,6,7,15,0,28,0,4,17,0,21,6,11,32,0,49,28,0,28,77
01/09/2020,COU,MO,ACE,CE,Federal Contract Tower,6,6,11,0,23,0,0,2,0,2,6,6,13,0,25,0,0,0,25
01/10/2020,COU,MO,ACE,CE,Federal Contract Tower,6,6,10,0,22,0,0,0,0,0,6,6,10,0,22,0,0,0,22
01/11/2020,COU,MO,ACE,CE,Federal Contract Tower,4,1,3,0,8,0,0,0,0,0,4,1,3,0,8,0,0,0,8
01/12/2020,COU,MO,ACE,CE,Federal Contract Tower,10,8,12,0,30,0,0,0,0,0,10,8,12,0,30,0,0,0,30
01/13/2020,COU,MO,ACE,CE,Federal Contract Tower,8,13,13,0,34,0,0,1,0,1,8,13,14,0,35,0,0,0,35
01/14/2020,COU,MO,ACE,CE,Federal Contract Tower,4,7,16,0,27,0,4,11,0,15,4,11,27,0,42,18,0,18,60
01/15/2020,COU,MO,ACE,CE,Federal Contract Tower,7,7,37,6,57,0,0,4,0,4,7,7,41,6,61,4,0,4,65
01/16/2020,COU,MO,ACE,CE,Federal Contract Tower,6,8,19,2,35,0,0,21,6,27,6,8,40,8,62,12,4,16,78
01/17/2020,COU,MO,ACE,CE,Federal Contract Tower,0,3,3,0,6,0,0,0,0,0,0,3,3,0,6,0,0,0,6
01/18/2020,COU,MO,ACE,CE,Federal Contract Tower,3,8,14,0,25,0,3,1,0,4,3,11,15,0,29,0,0,0,29
01/19/2020,COU,MO,ACE,CE,Federal Contract Tower,7,7,13,0,27,0,2,10,0,12,7,9,23,0,39,28,0,28,67
01/20/2020,COU,MO,ACE,CE,Federal Contract Tower,7,17,20,0,44,0,0,0,0,0,7,17,20,0,44,0,0,0,44
01/21/2020,COU,MO,ACE,CE,Federal Contract Tower,4,12,18,1,35,0,4,15,0,19,4,16,33,1,54,12,0,12,66
01/22/2020,COU,MO,ACE,CE,Federal Contract Tower,5,14,19,0,38,0,1,3,0,4,5,15,22,0,42,0,0,0,42
01/23/2020,COU,MO,ACE,CE,Federal Contract Tower,5,9,7,0,21,0,0,1,0,1,5,9,8,0,22,0,0,0,22
01/24/2020,COU,MO,ACE,CE,Federal Contract Tower,7,4,7,0,18,0,0,0,0,0,7,4,7,0,18,0,0,0,18
01/25/2020,COU,MO,ACE,CE,Federal Contract Tower,4,11,3,0,18,0,0,5,0,5,4,11,8,0,23,0,0,0,23
01/26/2020,COU,MO,ACE,CE,Federal Contract Tower,6,13,12,0,31,0,0,17,0,17,6,13,29,0,48,6,0,6,54
01/27/2020,COU,MO,ACE,CE,Federal Contract Tower,4,13,19,0,36,0,0,0,0,0,4,13,19,0,36,0,0,0,36
01/28/2020,COU,MO,ACE,CE,Federal Contract Tower,4,7,11,0,22,0,0,0,0,0,4,7,11,0,22,0,0,0,22
01/29/2020,COU,MO,ACE,CE,Federal Contract Tower,5,8,4,0,17,0,0,0,0,0,5,8,4,0,17,0,0,0,17
01/30/2020,COU,MO,ACE,CE,Federal Contract Tower,6,6,18,0,30,0,0,11,0,11,6,6,29,0,41,32,0,32,73
01/31/2020,COU,MO,ACE,CE,Federal Contract Tower,7,10,23,0,40,0,0,5,0,5,7,10,28,0,45,0,0,0,45
02/01/2020,COU,MO,ACE,CE,Federal Contract Tower,4,10,13,0,27,0,2,22,0,24,4,12,35,0,51,104,0,104,155
02/02/2020,COU,MO,ACE,CE,Federal Contract Tower,6,7,8,0,21,0,2,41,0,43,6,9,49,0,64,58,0,58,122
02/03/2020,COU,MO,ACE,CE,Federal Contract Tower,6,15,11,0,32,0,6,20,0,26,6,21,31,0,58,6,0,6,64
02/04/2020,COU,MO,ACE,CE,Federal Contract Tower,4,7,14,0,25,0,0,2,0,2,4,7,16,0,27,0,0,0,27
02/05/2020,COU,MO,ACE,CE,Federal Contract Tower,0,5,7,5,17,0,0,0,0,0,0,5,7,5,17,0,0,0,17
02/06/2020,COU,MO,ACE,CE,Federal Contract Tower,6,12,13,0,31,0,0,9,0,9,6,12,22,0,40,0,0,0,40
02/07/2020,COU,MO,ACE,CE,Federal Contract Tower,6,12,11,0,29,0,0,9,0,9,6,12,20,0,38,22,0,22,60
02/08/2020,COU,MO,ACE,CE,Federal Contract Tower,5,10,9,1,25,0,4,41,0,45,5,14,50,1,70,16,0,16,86
02/09/2020,COU,MO,ACE,CE,Federal Contract Tower,8,13,2,0,23,0,0,2,0,2,8,13,4,0,25,0,0,0,25
02/10/2020,COU,MO,ACE,CE,Federal Contract Tower,6,12,10,0,28,0,4,3,0,7,6,16,13,0,35,11,0,11,46
02/11/2020,COU,MO,ACE,CE,Federal Contract Tower,4,18,19,0,41,0,4,26,5,35,4,22,45,5,76,34,6,40,116
02/12/2020,COU,MO,ACE,CE,Federal Contract Tower,5,7,6,0,18,0,0,1,0,1,5,7,7,0,19,0,0,0,19
02/13/2020,COU,MO,ACE,CE,Federal Contract Tower,7,18,11,0,36,0,0,14,0,14,7,18,25,0,50,24,0,24,74
02/14/2020,COU,MO,ACE,CE,Federal Contract Tower,6,11,24,0,41,0,0,26,0,26,6,11,50,0,67,18,0,18,85
02/15/2020,COU,MO,ACE,CE,Federal Contract Tower,7,9,13,0,29,0,2,19,0,21,7,11,32,0,50,14,0,14,64
02/16/2020,COU,MO,ACE,CE,Federal Contract Tower,7,13,15,0,35,0,4,19,0,23,7,17,34,0,58,46,0,46,104
02/17/2020,COU,MO,ACE,CE,Federal Contract Tower,4,22,19,0,45,0,0,0,0,0,4,22,19,0,45,0,0,0,45
02/18/2020,COU,MO,ACE,CE,Federal Contract Tower,4,15,28,0,47,0,4,15,0,19,4,19,43,0,66,10,0,10,76
02/19/2020,COU,MO,ACE,CE,Federal Contract Tower,8,16,30,6,60,0,0,10,0,10,8,16,40,6,70,6,0,6,76
02/20/2020,COU,MO,ACE,CE,Federal Contract Tower,7,15,29,0,51,0,0,24,0,24,7,15,53,0,75,0,0,0,75
02/21/2020,COU,MO,ACE,CE,Federal Contract Tower,7,13,29,0,49,0,0,22,0,22,7,13,51,0,71,8,0,8,79
02/22/2020,COU,MO,ACE,CE,Federal Contract Tower,10,5,15,0,30,0,2,20,0,22,10,7,35,0,52,8,0,8,60
02/23/2020,COU,MO,ACE,CE,Federal Contract Tower,6,9,7,2,24,0,7,13,0,20,6,16,20,2,44,6,0,6,50
02/24/2020,COU,MO,ACE,CE,Federal Contract Tower,8,8,11,0,27,0,0,0,0,0,8,8,11,0,27,0,0,0,27
02/25/2020,COU,MO,ACE,CE,Federal Contract Tower,5,11,11,0,27,0,0,0,0,0,5,11,11,0,27,0,0,0,27
02/26/2020,COU,MO,ACE,CE,Federal Contract Tower,5,9,17,0,31,0,9,12,2,23,5,18,29,2,54,6,14,20,74
02/27/2020,COU,MO,ACE,CE,Federal Contract Tower,7,12,13,0,32,0,0,8,0,8,7,12,21,0,40,6,0,6,46
02/28/2020,COU,MO,ACE,CE,Federal Contract Tower,6,11,17,2,36,0,0,18,0,18,6,11,35,2,54,22,0,22,76
02/29/2020,COU,MO,ACE,CE,Federal Contract Tower,6,15,11,0,32,0,7,40,0,47,6,22,51,0,79,32,0,32,111
03/01/2020,COU,MO,ACE,CE,Federal Contract Tower,6,12,13,0,31,0,4,16,0,20,6,16,29,0,51,14,0,14,65
03/02/2020,COU,MO,ACE,CE,Federal Contract Tower,6,15,9,0,30,0,4,14,0,18,6,19,23,0,48,14,0,14,62
03/03/2020,COU,MO,ACE,CE,Federal Contract Tower,7,14,18,0,39,0,4,26,2,32,7,18,44,2,71,16,0,16,87
03/04/2020,COU,MO,ACE,CE,Federal Contract Tower,6,9,13,0,28,0,6,21,0,27,6,15,34,0,55,18,0,18,73
03/05/2020,COU,MO,ACE,CE,Federal Contract Tower,7,13,20,0,40,0,0,8,0,8,7,13,28,0,48,0,0,0,48
03/06/2020,COU,MO,ACE,CE,Federal Contract Tower,9,9,11,0,29,0,0,10,3,13,9,9,21,3,42,0,0,0,42
03/07/2020,COU,MO,ACE,CE,Federal Contract Tower,7,14,11,0,32,0,6,27,4,37,7,20,38,4,69,12,0,12,81
03/08/2020,COU,MO,ACE,CE,Federal Contract Tower,6,12,14,2,34,0,4,19,2,25,6,16,33,4,59,10,0,10,69
03/09/2020,COU,MO,ACE,CE,Federal Contract Tower,6,14,19,0,39,0,0,0,0,0,6,14,19,0,39,0,0,0,39
03/10/2020,COU,MO,ACE,CE,Federal Contract Tower,6,12,16,0,34,0,0,2,2,4,6,12,18,2,38,0,0,0,38
03/11/2020,COU,MO,ACE,CE,Federal Contract Tower,5,10,16,0,31,0,4,14,0,18,5,14,30,0,49,14,0,14,63
03/12/2020,COU,MO,ACE,CE,Federal Contract Tower,9,14,17,0,40,0,0,1,0,1,9,14,18,0,41,0,0,0,41
03/13/2020,COU,MO,ACE,CE,Federal Contract Tower,6,9,6,0,21,0,0,9,0,9,6,9,15,0,30,12,0,12,42
03/14/2020,COU,MO,ACE,CE,Federal Contract Tower,4,11,3,0,18,0,0,0,0,0,4,11,3,0,18,0,0,0,18
03/15/2020,COU,MO,ACE,CE,Federal Contract Tower,6,8,8,0,22,0,2,3,0,5,6,10,11,0,27,18,0,18,45
03/16/2020,COU,MO,ACE,CE,Federal Contract Tower,5,17,9,0,31,0,0,0,0,0,5,17,9,0,31,0,0,0,31
03/17/2020,COU,MO,ACE,CE,Federal Contract Tower,5,11,21,0,37,0,4,3,0,7,5,15,24,0,44,0,0,0,44
03/18/2020,COU,MO,ACE,CE,Federal Contract Tower,5,9,6,0,20,0,0,4,0,4,5,9,10,0,24,0,0,0,24
03/19/2020,COU,MO,ACE,CE,Federal Contract Tower,6,5,6,0,17,0,0,2,0,2,6,5,8,0,19,0,0,0,19
03/20/2020,COU,MO,ACE,CE,Federal Contract Tower,6,11,5,0,22,0,0,1,0,1,6,11,6,0,23,0,0,0,23
03/21/2020,COU,MO,ACE,CE,Federal Contract Tower,4,9,10,0,23,0,0,27,0,27,4,9,37,0,50,6,0,6,56
03/22/2020,COU,MO,ACE,CE,Federal Contract Tower,4,4,0,0,8,0,0,0,0,0,4,4,0,0,8,0,0,0,8
03/23/2020,COU,MO,ACE,CE,Federal Contract Tower,7,18,5,0,30,0,4,4,0,8,7,22,9,0,38,0,0,0,38
03/24/2020,COU,MO,ACE,CE,Federal Contract Tower,3,9,2,0,14,0,0,0,0,0,3,9,2,0,14,0,0,0,14
03/25/2020,COU,MO,ACE,CE,Federal Contract Tower,3,4,15,0,22,0,0,9,0,9,3,4,24,0,31,0,0,0,31
03/26/2020,COU,MO,ACE,CE,Federal Contract Tower,4,2,3,0,9,0,0,33,0,33,4,2,36,0,42,10,0,10,52
03/27/2020,COU,MO,ACE,CE,Federal Contract Tower,4,5,0,0,9,0,0,6,0,6,4,5,6,0,15,0,0,0,15
03/28/2020,COU,MO,ACE,CE,Federal Contract Tower,4,0,2,0,6,0,0,0,0,0,4,0,2,0,6,0,0,0,6
03/29/2020,COU,MO,ACE,CE,Federal Contract Tower,4,2,2,0,8,0,0,5,0,5,4,2,7,0,13,20,0,20,33
03/30/2020,COU,MO,ACE,CE,Federal Contract Tower,4,8,13,0,25,0,0,27,0,27,4,8,40,0,52,14,0,14,66
03/31/2020,COU,MO,ACE,CE,Federal Contract Tower,4,5,8,1,18,0,4,3,3,10,4,9,11,4,28,0,0,0,28
04/01/2020,COU,MO,ACE,CE,Federal Contract Tower,4,7,4,0,15,0,2,20,4,26,4,9,24,4,41,34,0,34,75
04/02/2020,COU,MO,ACE,CE,Federal Contract Tower,4,5,5,0,14,0,0,7,0,7,4,5,12,0,21,22,0,22,43
04/03/2020,COU,MO,ACE,CE,Federal Contract Tower,6,4,0,0,10,0,0,2,0,2,6,4,2,0,12,46,0,46,58
04/04/2020,COU,MO,ACE,CE,Federal Contract Tower,4,5,0,0,9,0,0,1,0,1,4,5,1,0,10,0,0,0,10
04/05/2020,COU,MO,ACE,CE,Federal Contract Tower,7,3,4,0,14,0,0,0,0,0,7,3,4,0,14,0,0,0,14
04/06/2020,COU,MO,ACE,CE,Federal Contract Tower,4,9,3,0,16,0,2,5,0,7,4,11,8,0,23,0,0,0,23
04/07/2020,COU,MO,ACE,CE,Federal Contract Tower,1,8,8,0,17,0,2,8,0,10,1,10,16,0,27,0,0,0,27
04/08/2020,COU,MO,ACE,CE,Federal Contract Tower,1,7,4,0,12,0,0,5,0,5,1,7,9,0,17,0,0,0,17
04/09/2020,COU,MO,ACE,CE,Federal Contract Tower,0,6,3,3,12,0,2,4,1,7,0,8,7,4,19,0,0,0,19
04/10/2020,COU,MO,ACE,CE,Federal Contract Tower,0,10,6,0,16,0,0,10,0,10,0,10,16,0,26,0,0,0,26
04/11/2020,COU,MO,ACE,CE,Federal Contract Tower,0,5,3,0,8,0,0,6,0,6,0,5,9,0,14,0,0,0,14
04/12/2020,COU,MO,ACE,CE,Federal Contract Tower,1,8,0,0,9,0,0,0,0,0,1,8,0,0,9,0,0,0,9
04/13/2020,COU,MO,ACE,CE,Federal Contract Tower,1,13,0,0,14,0,2,4,0,6,1,15,4,0,20,0,0,0,20
04/14/2020,COU,MO,ACE,CE,Federal Contract Tower,1,8,5,3,17,0,0,18,4,22,1,8,23,7,39,36,6,42,81
04/15/2020,COU,MO,ACE,CE,Federal Contract Tower,1,8,0,0,9,0,0,39,0,39,1,8,39,0,48,12,0,12,60
04/16/2020,COU,MO,ACE,CE,Federal Contract Tower,0,9,1,0,10,0,0,4,0,4,0,9,5,0,14,0,0,0,14
04/17/2020,COU,MO,ACE,CE,Federal Contract Tower,1,10,0,0,11,0,0,2,0,2,1,10,2,0,13,30,0,30,43
04/18/2020,COU,MO,ACE,CE,Federal Contract Tower,1,6,15,0,22,0,0,19,0,19,1,6,34,0,41,14,0,14,55
04/19/2020,COU,MO,ACE,CE,Federal Contract Tower,0,7,3,0,10,0,2,13,0,15,0,9,16,0,25,4,0,4,29
04/20/2020,COU,MO,ACE,CE,Federal Contract Tower,0,17,6,0,23,0,0,31,0,31,0,17,37,0,54,18,0,18,72
04/21/2020,COU,MO,ACE,CE,Federal Contract Tower,0,8,6,0,14,0,2,23,0,25,0,10,29,0,39,24,0,24,63
04/22/2020,COU,MO,ACE,CE,Federal Contract Tower,0,7,10,0,17,0,0,11,2,13,0,7,21,2,30,6,0,6,36
04/23/2020,COU,MO,ACE,CE,Federal Contract Tower,0,7,10,0,17,0,0,9,0,9,0,7,19,0,26,26,0,26,52
04/24/2020,COU,MO,ACE,CE,Federal Contract Tower,2,8,3,0,13,0,0,4,2,6,2,8,7,2,19,0,0,0,19
04/25/2020,COU,MO,ACE,CE,Federal Contract Tower,0,4,5,0,9,0,0,2,0,2,0,4,7,0,11,16,0,16,27
04/26/2020,COU,MO,ACE,CE,Federal Contract Tower,0,4,6,0,10,0,4,40,0,44,0,8,46,0,54,48,0,48,102
04/27/2020,COU,MO,ACE,CE,Federal Contract Tower,0,11,3,0,14,0,2,8,0,10,0,13,11,0,24,10,0,10,34
04/28/2020,COU,MO,ACE,CE,Federal Contract Tower,1,4,1,0,6,0,3,6,0,9,1,7,7,0,15,0,0,0,15
04/29/2020,COU,MO,ACE,CE,Federal Contract Tower,0,8,3,0,11,0,0,3,0,3,0,8,6,0,14,0,0,0,14
04/30/2020,COU,MO,ACE,CE,Federal Contract Tower,0,6,11,0,17,0,2,7,4,13,0,8,18,4,30,4,0,4,34
05/01/2020,COU,MO,ACE,CE,Federal Contract Tower,2,7,9,0,18,0,0,25,0,25,2,7,34,0,43,22,0,22,65
05/02/2020,COU,MO,ACE,CE,Federal Contract Tower,1,3,4,0,8,0,4,14,0,18,1,7,18,0,26,30,0,30,56
05/03/2020,COU,MO,ACE,CE,Federal Contract Tower,0,7,1,0,8,0,2,9,0,11,0,9,10,0,19,32,0,32,51
05/04/2020,COU,MO,ACE,CE,Federal Contract Tower,0,14,4,0,18,0,2,2,0,4,0,16,6,0,22,2,0,2,24
05/05/2020,COU,MO,ACE,CE,Federal Contract Tower,1,3,10,0,14,0,2,7,2,11,1,5,17,2,25,18,0,18,43
05/06/2020,COU,MO,ACE,CE,Federal Contract Tower,1,2,10,2,15,0,4,16,0,20,1,6,26,2,35,34,0,34,69
05/07/2020,COU,MO,ACE,CE,Federal Contract Tower,1,6,10,0,17,0,0,15,0,15,1,6,25,0,32,36,0,36,68
05/08/2020,COU,MO,ACE,CE,Federal Contract Tower,0,7,13,0,20,0,0,16,0,16,0,7,29,0,36,2,0,2,38
05/09/2020,COU,MO,ACE,CE,Federal Contract Tower,0,8,5,0,13,0,0,27,0,27,0,8,32,0,40,28,0,28,68
05/10/2020,COU,MO,ACE,CE,Federal Contract Tower,0,8,7,0,15,0,2,5,0,7,0,10,12,0,22,0,0,0,22
05/11/2020,COU,MO,ACE,CE,Federal Contract Tower,0,17,9,0,26,0,2,22,0,24,0,19,31,0,50,22,0,22,72
05/12/2020,COU,MO,ACE,CE,Federal Contract Tower,0,7,11,0,18,0,3,15,0,18,0,10,26,0,36,4,0,4,40
05/13/2020,COU,MO,ACE,CE,Federal Contract Tower,0,6,14,0,20,0,0,0,0,0,0,6,14,0,20,0,0,0,20
05/14/2020,COU,MO,ACE,CE,Federal Contract Tower,0,6,11,0,17,0,0,11,0,11,0,6,22,0,28,14,0,14,42
05/15/2020,COU,MO,ACE,CE,Federal Contract Tower,0,11,14,0,25,0,0,3,0,3,0,11,17,0,28,0,0,0,28
05/16/2020,COU,MO,ACE,CE,Federal Contract Tower,0,7,7,0,14,0,0,0,0,0,0,7,7,0,14,0,0,0,14
05/17/2020,COU,MO,ACE,CE,Federal Contract Tower,0,7,5,0,12,0,0,0,0,0,0,7,5,0,12,0,0,0,12
05/18/2020,COU,MO,ACE,CE,Federal Contract Tower,0,12,13,0,25,0,0,0,0,0,0,12,13,0,25,0,0,0,25
05/19/2020,COU,MO,ACE,CE,Federal Contract Tower,0,8,9,4,21,0,4,5,11,20,0,12,14,15,41,10,0,10,51
05/20/2020,COU,MO,ACE,CE,Federal Contract Tower,0,10,22,2,34,0,4,2,10,16,0,14,24,12,50,0,0,0,50
05/21/2020,COU,MO,ACE,CE,Federal Contract Tower,0,8,27,0,35,0,0,4,0,4,0,8,31,0,39,0,0,0,39
05/22/2020,COU,MO,ACE,CE,Federal Contract Tower,0,11,16,0,27,0,0,10,0,10,0,11,26,0,37,0,0,0,37
05/23/2020,COU,MO,ACE,CE,Federal Contract Tower,0,5,5,0,10,0,0,4,8,12,0,5,9,8,22,8,0,8,30
05/24/2020,COU,MO,ACE,CE,Federal Contract Tower,0,7,1,0,8,0,0,14,0,14,0,7,15,0,22,4,0,4,26
05/25/2020,COU,MO,ACE,CE,Federal Contract Tower,0,15,3,0,18,0,4,8,0,12,0,19,11,0,30,0,0,0,30
05/26/2020,COU,MO,ACE,CE,Federal Contract Tower,0,6,12,0,18,0,0,3,0,3,0,6,15,0,21,0,0,0,21
05/27/2020,COU,MO,ACE,CE,Federal Contract Tower,0,6,8,0,14,0,0,2,0,2,0,6,10,0,16,0,0,0,16
05/28/2020,COU,MO,ACE,CE,Federal Contract Tower,0,7,14,8,29,0,0,4,0,4,0,7,18,8,33,0,0,0,33
05/29/2020,COU,MO,ACE,CE,Federal Contract Tower,0,10,18,0,28,0,5,33,4,42,0,15,51,4,70,0,12,12,82
05/30/2020,COU,MO,ACE,CE,Federal Contract Tower,0,4,4,0,8,0,2,26,0,28,0,6,30,0,36,8,0,8,44
05/31/2020,COU,MO,ACE,CE,Federal Contract Tower,0,6,3,0,9,0,0,14,0,14,0,6,17,0,23,6,0,6,29
06/01/2020,COU,MO,ACE,CE,Federal Contract Tower,0,13,13,0,26,0,4,25,0,29,0,17,38,0,55,20,0,20,75
06/02/2020,COU,MO,ACE,CE,Federal Contract Tower,0,5,6,4,15,0,2,10,0,12,0,7,16,4,27,6,0,6,33
06/03/2020,COU,MO,ACE,CE,Federal Contract Tower,0,7,9,0,16,0,4,18,0,22,0,11,27,0,38,8,0,8,46
06/04/2020,COU,MO,ACE,CE,Federal Contract Tower,0,10,5,0,15,0,0,13,0,13,0,10,18,0,28,14,0,14,42
06/05/2020,COU,MO,ACE,CE,Federal Contract Tower,0,4,10,0,14,0,1,17,2,20,0,5,27,2,34,0,8,8,42
06/06/2020,COU,MO,ACE,CE,Federal Contract Tower,0,4,9,0,13,0,0,17,0,17,0,4,26,0,30,8,0,8,38
06/07/2020,COU,MO,ACE,CE,Federal Contract Tower,0,7,6,0,13,0,0,17,0,17,0,7,23,0,30,8,0,8,38
06/08/2020,COU,MO,ACE,CE,Federal Contract Tower,0,11,9,0,20,0,2,8,0,10,0,13,17,0,30,0,0,0,30
06/09/2020,COU,MO,ACE,CE,Federal Contract Tower,0,4,5,0,9,0,0,0,0,0,0,4,5,0,9,0,0,0,9
06/10/2020,COU,MO,ACE,CE,Federal Contract Tower,0,4,9,0,13,0,1,7,4,12,0,5,16,4,25,0,0,0,25
06/11/2020,COU,MO,ACE,CE,Federal Contract Tower,0,7,12,0,19,0,0,21,1,22,0,7,33,1,41,4,0,4,45
06/12/2020,COU,MO,ACE,CE,Federal Contract Tower,0,6,17,0,23,0,0,32,0,32,0,6,49,0,55,8,0,8,63
06/13/2020,COU,MO,ACE,CE,Federal Contract Tower,0,4,7,0,11,0,2,40,0,42,0,6,47,0,53,52,0,52,105
06/14/2020,COU,MO,ACE,CE,Federal Contract Tower,0,10,20,0,30,0,4,39,0,43,0,14,59,0,73,30,0,30,103
06/15/2020,COU,MO,ACE,CE,Federal Contract Tower,0,14,16,0,30,0,4,24,0,28,0,18,40,0,58,16,0,16,74
06/16/2020,COU,MO,ACE,CE,Federal Contract Tower,0,6,19,0,25,0,4,24,0,28,0,10,43,0,53,34,0,34,87
06/17/2020,COU,MO,ACE,CE,Federal Contract Tower,0,6,21,0,27,0,4,17,0,21,0,10,38,0,48,18,0,18,66
06/18/2020,COU,MO,ACE,CE,Federal Contract Tower,0,10,25,0,35,0,1,30,2,33,0,11,55,2,68,16,6,22,90
06/19/2020,COU,MO,ACE,CE,Federal Contract Tower,0,6,9,0,15,0,0,12,0,12,0,6,21,0,27,24,0,24,51
06/20/2020,COU,MO,ACE,CE,Federal Contract Tower,0,3,9,0,12,0,4,6,2,12,0,7,15,2,24,8,0,8,32
06/21/2020,COU,MO,ACE,CE,Federal Contract Tower,0,16,9,0,25,0,2,19,0,21,0,18,28,0,46,30,0,30,76
06/22/2020,COU,MO,ACE,CE,Federal Contract Tower,0,15,17,0,32,0,8,29,0,37,0,23,46,0,69,46,0,46,115
06/23/2020,COU,MO,ACE,CE,Federal Contract Tower,0,8,16,0,24,0,4,36,2,42,0,12,52,2,66,50,2,52,118
06/24/2020,COU,MO,ACE,CE,Federal Contract Tower,0,4,15,0,19,0,3,40,0,43,0,7,55,0,62,36,0,36,98
06/25/2020,COU,MO,ACE,CE,Federal Contract Tower,0,7,9,0,16,0,0,40,0,40,0,7,49,0,56,20,0,20,76
06/26/2020,COU,MO,ACE,CE,Federal Contract Tower,0,7,18,0,25,0,0,24,0,24,0,7,42,0,49,10,0,10,59
06/27/2020,COU,MO,ACE,CE,Federal Contract Tower,0,5,12,0,17,0,2,7,0,9,0,7,19,0,26,0,0,0,26
06/28/2020,COU,MO,ACE,CE,Federal Contract Tower,0,10,9,0,19,0,2,12,0,14,0,12,21,0,33,8,0,8,41
06/29/2020,COU,MO,ACE,CE,Federal Contract Tower,0,13,9,0,22,0,0,4,0,4,0,13,13,0,26,0,0,0,26
06/30/2020,COU,MO,ACE,CE,Federal Contract Tower,0,7,11,0,18,0,2,8,0,10,0,9,19,0,28,14,0,14,42
07/01/2020,COU,MO,ACE,CE,Federal Contract Tower,0,4,17,0,21,0,1,20,0,21,0,5,37,0,42,16,0,16,58
07/02/2020,COU,MO,ACE,CE,Federal Contract Tower,0,8,8,0,16,0,0,32,2,34,0,8,40,2,50,12,0,12,62
07/03/2020,COU,MO,ACE,CE,Federal Contract Tower,0,6,5,0,11,0,0,6,0,6,0,6,11,0,17,22,0,22,39
07/04/2020,COU,MO,ACE,CE,Federal Contract Tower,0,3,4,0,7,0,2,5,0,7,0,5,9,0,14,8,0,8,22
07/05/2020,COU,MO,ACE,CE,Federal Contract Tower,0,7,12,0,19,0,4,16,0,20,0,11,28,0,39,10,0,10,49
07/06/2020,COU,MO,ACE,CE,Federal Contract Tower,0,18,9,0,27,0,4,31,0,35,0,22,40,0,62,36,0,36,98
07/07/2020,COU,MO,ACE,CE,Federal Contract Tower,2,12,14,0,28,0,2,18,2,22,2,14,32,2,50,34,0,34,84
07/08/2020,COU,MO,ACE,CE,Federal Contract Tower,5,10,8,0,23,0,2,20,0,22,5,12,28,0,45,22,0,22,67
07/09/2020,COU,MO,ACE,CE,Federal Contract Tower,6,9,20,0,35,0,0,24,4,28,6,9,44,4,63,40,0,40,103
07/10/2020,COU,MO,ACE,CE,Federal Contract Tower,5,8,11,0,24,0,1,22,0,23,5,9,33,0,47,2,0,2,49
07/11/2020,COU,MO,ACE,CE,Federal Contract Tower,5,3,5,0,13,0,2,11,0,13,5,5,16,0,26,0,0,0,26
07/12/2020,COU,MO,ACE,CE,Federal Contract Tower,4,6,5,0,15,0,2,18,0,20,4,8,23,0,35,8,0,8,43
07/13/2020,COU,MO,ACE,CE,Federal Contract Tower,5,14,13,0,32,0,2,10,0,12,5,16,23,0,44,0,0,0,44
07/14/2020,COU,MO,ACE,CE,Federal Contract Tower,6,5,16,0,27,0,0,3,0,3,6,5,19,0,30,0,0,0,30
07/15/2020,COU,MO,ACE,CE,Federal Contract Tower,6,7,11,0,24,0,0,3,0,3,6,7,14,0,27,0,0,0,27
07/16/2020,COU,MO,ACE,CE,Federal Contract Tower,5,12,10,0,27,0,4,17,0,21,5,16,27,0,48,0,0,0,48
07/17/2020,COU,MO,ACE,CE,Federal Contract Tower,5,8,8,0,21,0,0,8,0,8,5,8,16,0,29,6,0,6,35
07/18/2020,COU,MO,ACE,CE,Federal Contract Tower,4,10,3,0,17,0,2,8,0,10,4,12,11,0,27,0,0,0,27
07/19/2020,COU,MO,ACE,CE,Federal Contract Tower,4,7,13,0,24,0,0,4,0,4,4,7,17,0,28,0,0,0,28
07/20/2020,COU,MO,ACE,CE,Federal Contract Tower,3,16,9,0,28,0,4,5,0,9,3,20,14,0,37,4,0,4,41
07/21/2020,COU,MO,ACE,CE,Federal Contract Tower,5,6,15,0,26,0,3,4,0,7,5,9,19,0,33,0,0,0,33
07/22/2020,COU,MO,ACE,CE,Federal Contract Tower,6,4,17,0,27,0,4,16,0,20,6,8,33,0,47,20,0,20,67
07/23/2020,COU,MO,ACE,CE,Federal Contract Tower,5,8,10,0,23,0,0,23,0,23,5,8,33,0,46,0,0,0,46
07/24/2020,COU,MO,ACE,CE,Federal Contract Tower,5,14,7,0,26,0,0,35,2,37,5,14,42,2,63,0,0,0,63
07/25/2020,COU,MO,ACE,CE,Federal Contract Tower,4,16,3,0,23,0,4,36,0,40,4,20,39,0,63,12,0,12,75
07/26/2020,COU,MO,ACE,CE,Federal Contract Tower,3,15,11,0,29,0,4,29,10,43,3,19,40,10,72,34,0,34,106
07/27/2020,COU,MO,ACE,CE,Federal Contract Tower,8,19,6,0,33,0,2,13,0,15,8,21,19,0,48,20,0,20,68
07/28/2020,COU,MO,ACE,CE,Federal Contract Tower,6,8,8,1,23,0,4,30,8,42,6,12,38,9,65,30,0,30,95
07/29/2020,COU,MO,ACE,CE,Federal Contract Tower,6,9,14,0,29,0,0,13,0,13,6,9,27,0,42,18,0,18,60
07/30/2020,COU,MO,ACE,CE,Federal Contract Tower,3,6,9,0,18,0,1,0,0,1,3,7,9,0,19,0,0,0,19
07/31/2020,COU,MO,ACE,CE,Federal Contract Tower,3,13,13,0,29,0,0,6,0,6,3,13,19,0,35,22,0,22,57
08/01/2020,COU,MO,ACE,CE,Federal Contract Tower,3,4,6,0,13,0,4,32,0,36,3,8,38,0,49,34,0,34,83
08/02/2020,COU,MO,ACE,CE,Federal Contract Tower,2,12,3,0,17,0,2,10,0,12,2,14,13,0,29,0,0,0,29
08/03/2020,COU,MO,ACE,CE,Federal Contract Tower,2,19,15,0,36,0,4,20,0,24,2,23,35,0,60,26,0,26,86
08/04/2020,COU,MO,ACE,CE,Federal Contract Tower,4,8,9,0,21,0,4,26,0,30,4,12,35,0,51,14,0,14,65
08/05/2020,COU,MO,ACE,CE,Federal Contract Tower,5,7,13,1,26,0,6,33,0,39,5,13,46,1,65,58,0,58,123
08/06/2020,COU,MO,ACE,CE,Federal Contract Tower,3,11,6,0,20,0,0,18,2,20,3,11,24,2,40,10,0,10,50
08/07/2020,COU,MO,ACE,CE,Federal Contract Tower,3,7,14,0,24,0,0,16,0,16,3,7,30,0,40,0,0,0,40
08/08/2020,COU,MO,ACE,CE,Federal Contract Tower,3,3,10,0,16,0,4,18,0,22,3,7,28,0,38,34,0,34,72
08/09/2020,COU,MO,ACE,CE,Federal Contract Tower,2,9,10,0,21,0,2,19,0,21,2,11,29,0,42,26,0,26,68
08/10/2020,COU,MO,ACE,CE,Federal Contract Tower,4,13,9,0,26,0,0,10,0,10,4,13,19,0,36,14,0,14,50
08/11/2020,COU,MO,ACE,CE,Federal Contract Tower,5,6,18,0,29,0,0,3,2,5,5,6,21,2,34,6,0,6,40
08/12/2020,COU,MO,ACE,CE,Federal Contract Tower,4,6,17,2,29,0,0,7,4,11,4,6,24,6,40,0,0,0,40
08/13/2020,COU,MO,ACE,CE,Federal Contract Tower,3,16,15,0,34,0,2,12,0,14,3,18,27,0,48,6,0,6,54
08/14/2020,COU,MO,ACE,CE,Federal Contract Tower,3,19,23,0,45,0,0,14,0,14,3,19,37,0,59,0,0,0,59
08/15/2020,COU,MO,ACE,CE,Federal Contract Tower,3,5,10,0,18,0,4,17,0,21,3,9,27,0,39,14,0,14,53
08/16/2020,COU,MO,ACE,CE,Federal Contract Tower,3,11,11,0,25,0,4,24,0,28,3,15,35,0,53,30,0,30,83
08/17/2020,COU,MO,ACE,CE,Federal Contract Tower,3,14,10,2,29,0,6,20,0,26,3,20,30,2,55,22,0,22,77
08/18/2020,COU,MO,ACE,CE,Federal Contract Tower,4,14,19,2,39,0,4,22,0,26,4,18,41,2,65,34,0,34,99
08/19/2020,COU,MO,ACE,CE,Federal Contract Tower,4,11,18,0,33,0,2,45,0,47,4,13,63,0,80,16,0,16,96
08/20/2020,COU,MO,ACE,CE,Federal Contract Tower,2,10,12,0,24,0,0,38,4,42,2,10,50,4,66,0,0,0,66
08/21/2020,COU,MO,ACE,CE,Federal Contract Tower,2,10,9,2,23,0,0,23,0,23,2,10,32,2,46,8,8,16,62
08/22/2020,COU,MO,ACE,CE,Federal Contract Tower,2,8,3,0,13,0,4,30,0,34,2,12,33,0,47,20,0,20,67
08/23/2020,COU,MO,ACE,CE,Federal Contract Tower,3,11,8,0,22,0,4,19,0,23,3,15,27,0,45,10,0,10,55
08/24/2020,COU,MO,ACE,CE,Federal Contract Tower,2,15,9,0,26,0,4,27,0,31,2,19,36,0,57,8,0,8,65
08/25/2020,COU,MO,ACE,CE,Federal Contract Tower,5,5,12,0,22,0,4,28,0,32,5,9,40,0,54,4,0,4,58
08/26/2020,COU,MO,ACE,CE,Federal Contract Tower,4,7,17,0,28,0,0,20,0,20,4,7,37,0,48,6,0,6,54
08/27/2020,COU,MO,ACE,CE,Federal Contract Tower,1,7,14,0,22,0,0,20,0,20,1,7,34,0,42,56,0,56,98
08/28/2020,COU,MO,ACE,CE,Federal Contract Tower,2,6,15,0,23,0,0,11,2,13,2,6,26,2,36,16,0,16,52
08/29/2020,COU,MO,ACE,CE,Federal Contract Tower,2,3,7,0,12,0,2,14,0,16,2,5,21,0,28,6,0,6,34
08/30/2020,COU,MO,ACE,CE,Federal Contract Tower,2,10,4,0,16,0,0,22,0,22,2,10,26,0,38,22,0,22,60
08/31/2020,COU,MO,ACE,CE,Federal Contract Tower,2,15,6,0,23,0,2,5,0,7,2,17,11,0,30,8,0,8,38
09/01/2020,COU,MO,ACE,CE,Federal Contract Tower,2,4,10,0,16,0,2,5,0,7,2,6,15,0,23,0,0,0,23
09/03/2020,COU,MO,ACE,CE,Federal Contract Tower,2,8,35,5,50,0,0,24,5,29,2,8,59,10,79,8,0,8,87
09/04/2020,COU,MO,ACE,CE,Federal Contract Tower,2,7,5,0,14,0,0,29,0,29,2,7,34,0,43,26,0,26,69
09/05/2020,COU,MO,ACE,CE,Federal Contract Tower,1,1,6,0,8,0,5,38,0,43,1,6,44,0,51,26,0,26,77
09/06/2020,COU,MO,ACE,CE,Federal Contract Tower,2,8,6,0,16,0,4,10,0,14,2,12,16,0,30,4,0,4,34
09/07/2020,COU,MO,ACE,CE,Federal Contract Tower,2,21,7,0,30,0,4,30,0,34,2,25,37,0,64,44,0,44,108
09/08/2020,COU,MO,ACE,CE,Federal Contract Tower,3,10,12,4,29,0,2,22,0,24,3,12,34,4,53,12,10,22,75
09/09/2020,COU,MO,ACE,CE,Federal Contract Tower,1,10,20,2,33,0,2,6,0,8,1,12,26,2,41,0,0,0,41
09/10/2020,COU,MO,ACE,CE,Federal Contract Tower,0,14,16,0,30,0,0,0,0,0,0,14,16,0,30,0,0,0,30
09/11/2020,COU,MO,ACE,CE,Federal Contract Tower,0,11,11,0,22,0,0,4,0,4,0,11,15,0,26,0,0,0,26
09/12/2020,COU,MO,ACE,CE,Federal Contract Tower,0,8,12,0,20,0,0,11,0,11,0,8,23,0,31,36,0,36,67
09/13/2020,COU,MO,ACE,CE,Federal Contract Tower,0,9,10,0,19,0,0,25,0,25,0,9,35,0,44,6,0,6,50
09/14/2020,COU,MO,ACE,CE,Federal Contract Tower,0,17,7,0,24,0,2,24,0,26,0,19,31,0,50,2,0,2,52
09/15/2020,COU,MO,ACE,CE,Federal Contract Tower,0,13,12,0,25,0,0,28,0,28,0,13,40,0,53,30,0,30,83
09/16/2020,COU,MO,ACE,CE,Federal Contract Tower,0,8,14,2,24,0,2,21,0,23,0,10,35,2,47,32,0,32,79
09/17/2020,COU,MO,ACE,CE,Federal Contract Tower,0,7,15,3,25,0,2,28,3,33,0,9,43,6,58,10,0,10,68
09/18/2020,COU,MO,ACE,CE,Federal Contract Tower,0,10,14,2,26,0,0,41,0,41,0,10,55,2,67,56,0,56,123
09/19/2020,COU,MO,ACE,CE,Federal Contract Tower,1,7,3,0,11,0,2,24,0,26,1,9,27,0,37,0,0,0,37
09/20/2020,COU,MO,ACE,CE,Federal Contract Tower,1,7,12,0,20,0,2,28,0,30,1,9,40,0,50,0,0,0,50
09/21/2020,COU,MO,ACE,CE,Federal Contract Tower,0,16,8,0,24,0,4,24,0,28,0,20,32,0,52,10,0,10,62
09/22/2020,COU,MO,ACE,CE,Federal Contract Tower,0,12,8,0,20,0,4,26,0,30,0,16,34,0,50,18,0,18,68
09/23/2020,COU,MO,ACE,CE,Federal Contract Tower,0,7,19,0,26,0,2,10,0,12,0,9,29,0,38,6,0,6,44
09/24/2020,COU,MO,ACE,CE,Federal Contract Tower,0,9,17,2,28,0,0,7,6,13,0,9,24,8,41,0,0,0,41
09/25/2020,COU,MO,ACE,CE,Federal Contract Tower,2,9,10,0,21,0,4,12,0,16,2,13,22,0,37,0,0,0,37
09/26/2020,COU,MO,ACE,CE,Federal Contract Tower,0,11,18,0,29,0,7,32,0,39,0,18,50,0,68,20,0,20,88
09/27/2020,COU,MO,ACE,CE,Federal Contract Tower,0,12,7,0,19,0,0,2,0,2,0,12,9,0,21,0,0,0,21
09/28/2020,COU,MO,ACE,CE,Federal Contract Tower,0,16,13,0,29,0,2,30,0,32,0,18,43,0,61,20,0,20,81
09/29/2020,COU,MO,ACE,CE,Federal Contract Tower,0,10,26,0,36,0,0,31,0,31,0,10,57,0,67,16,0,16,83
09/30/2020,COU,MO,ACE,CE,Federal Contract Tower,0,15,14,0,29,0,2,26,0,28,0,17,40,0,57,14,0,14,71
10/01/2020,COU,MO,ACE,CE,Federal Contract Tower,0,8,11,0,19,0,0,28,0,28,0,8,39,0,47,34,0,34,81
10/02/2020,COU,MO,ACE,CE,Federal Contract Tower,2,9,12,0,23,0,2,29,0,31,2,11,41,0,54,14,0,14,68
10/03/2020,COU,MO,ACE,CE,Federal Contract Tower,3,8,8,0,19,0,4,9,0,13,3,12,17,0,32,0,0,0,32
10/04/2020,COU,MO,ACE,CE,Federal Contract Tower,1,11,12,0,24,0,2,17,0,19,1,13,29,0,43,18,0,18,61
10/05/2020,COU,MO,ACE,CE,Federal Contract Tower,0,19,11,0,30,0,4,25,0,29,0,23,36,0,59,34,0,34,93
10/06/2020,COU,MO,ACE,CE,Federal Contract Tower,0,10,9,0,19,0,5,22,2,29,0,15,31,2,48,24,0,24,72
10/07/2020,COU,MO,ACE,CE,Federal Contract Tower,0,8,23,0,31,0,4,28,0,32,0,12,51,0,63,50,0,50,113
10/08/2020,COU,MO,ACE,CE,Federal Contract Tower,2,10,25,0,37,0,0,16,2,18,2,10,41,2,55,6,6,12,67
10/09/2020,COU,MO,ACE,CE,Federal Contract Tower,0,10,5,0,15,0,18,22,0,40,0,28,27,0,55,2,0,2,57
10/10/2020,COU,MO,ACE,CE,Federal Contract Tower,2,10,16,0,28,0,2,39,0,41,2,12,55,0,69,22,0,22,91
10/11/2020,COU,MO,ACE,CE,Federal Contract Tower,0,13,14,0,27,0,2,31,0,33,0,15,45,0,60,18,0,18,78
10/12/2020,COU,MO,ACE,CE,Federal Contract Tower,0,17,13,0,30,0,2,12,0,14,0,19,25,0,44,14,0,14,58
10/13/2020,COU,MO,ACE,CE,Federal Contract Tower,0,13,9,0,22,0,6,33,0,39,0,19,42,0,61,26,0,26,87
10/14/2020,COU,MO,ACE,CE,Federal Contract Tower,0,10,13,0,23,0,2,26,0,28,0,12,39,0,51,50,0,50,101
10/15/2020,COU,MO,ACE,CE,Federal Contract Tower,1,12,13,0,26,0,2,23,0,25,1,14,36,0,51,24,0,24,75
10/16/2020,COU,MO,ACE,CE,Federal Contract Tower,1,8,11,13,33,0,4,35,8,47,1,12,46,21,80,32,26,58,138
10/17/2020,COU,MO,ACE,CE,Federal Contract Tower,0,7,4,9,20,0,2,14,0,16,0,9,18,9,36,8,8,16,52
10/18/2020,COU,MO,ACE,CE,Federal Contract Tower,0,12,11,0,23,0,2,7,0,9,0,14,18,0,32,4,0,4,36
10/19/2020,COU,MO,ACE,CE,Federal Contract Tower,0,17,12,0,29,0,0,10,0,10,0,17,22,0,39,0,0,0,39
10/20/2020,COU,MO,ACE,CE,Federal Contract Tower,0,9,14,0,23,0,0,0,0,0,0,9,14,0,23,0,0,0,23
10/21/2020,COU,MO,ACE,CE,Federal Contract Tower,0,15,19,0,34,0,0,0,0,0,0,15,19,0,34,0,0,0,34
10/22/2020,COU,MO,ACE,CE,Federal Contract Tower,0,7,13,0,20,0,7,27,0,34,0,14,40,0,54,28,0,28,82
10/23/2020,COU,MO,ACE,CE,Federal Contract Tower,2,9,14,0,25,0,0,0,0,0,2,9,14,0,25,22,0,22,47
10/24/2020,COU,MO,ACE,CE,Federal Contract Tower,2,10,11,0,23,0,6,18,0,24,2,16,29,0,47,22,0,22,69
10/25/2020,COU,MO,ACE,CE,Federal Contract Tower,0,8,16,0,24,0,0,6,0,6,0,8,22,0,30,0,0,0,30
10/26/2020,COU,MO,ACE,CE,Federal Contract Tower,0,14,5,0,19,0,0,0,0,0,0,14,5,0,19,0,0,0,19
10/27/2020,COU,MO,ACE,CE,Federal Contract Tower,0,9,8,0,17,0,0,0,0,0,0,9,8,0,17,0,0,0,17
10/28/2020,COU,MO,ACE,CE,Federal Contract Tower,0,10,17,2,29,0,0,0,0,0,0,10,17,2,29,0,0,0,29
10/29/2020,COU,MO,ACE,CE,Federal Contract Tower,1,7,5,0,13,0,1,2,0,3,1,8,7,0,16,0,0,0,16
10/30/2020,COU,MO,ACE,CE,Federal Contract Tower,1,16,19,0,36,0,0,24,0,24,1,16,43,0,60,12,0,12,72
10/31/2020,COU,MO,ACE,CE,Federal Contract Tower,0,9,10,5,24,0,2,24,0,26,0,11,34,5,50,2,0,2,52
11/01/2020,COU,MO,ACE,CE,Federal Contract Tower,0,7,10,0,17,0,3,17,0,20,0,10,27,0,37,6,0,6,43
11/02/2020,COU,MO,ACE,CE,Federal Contract Tower,4,11,15,0,30,0,2,30,0,32,4,13,45,0,62,66,0,66,128
11/03/2020,COU,MO,ACE,CE,Federal Contract Tower,2,6,8,0,16,0,4,28,0,32,2,10,36,0,48,42,0,42,90
11/04/2020,COU,MO,ACE,CE,Federal Contract Tower,0,12,21,0,33,0,2,26,0,28,0,14,47,0,61,36,0,36,97
11/05/2020,COU,MO,ACE,CE,Federal Contract Tower,0,7,26,0,33,0,0,53,8,61,0,7,79,8,94,76,0,76,170
11/06/2020,COU,MO,ACE,CE,Federal Contract Tower,0,9,17,0,26,0,0,21,0,21,0,9,38,0,47,28,0,28,75
11/07/2020,COU,MO,ACE,CE,Federal Contract Tower,0,5,4,0,9,0,4,20,4,28,0,9,24,4,37,26,0,26,63
11/08/2020,COU,MO,ACE,CE,Federal Contract Tower,0,7,13,0,20,0,2,7,2,11,0,9,20,2,31,8,0,8,39
11/09/2020,COU,MO,ACE,CE,Federal Contract Tower,0,17,7,0,24,0,4,7,0,11,0,21,14,0,35,16,0,16,51
11/10/2020,COU,MO,ACE,CE,Federal Contract Tower,0,10,14,0,24,0,0,1,0,1,0,10,15,0,25,0,0,0,25
11/11/2020,COU,MO,ACE,CE,Federal Contract Tower,0,11,11,0,22,0,2,22,0,24,0,13,33,0,46,38,0,38,84
11/12/2020,COU,MO,ACE,CE,Federal Contract Tower,1,6,7,0,14,0,0,42,0,42,1,6,49,0,56,78,0,78,134
11/13/2020,COU,MO,ACE,CE,Federal Contract Tower,1,8,22,1,32,0,0,27,0,27,1,8,49,1,59,34,2,36,95
11/14/2020,COU,MO,ACE,CE,Federal Contract Tower,0,11,5,0,16,0,2,1,0,3,0,13,6,0,19,0,0,0,19
11/15/2020,COU,MO,ACE,CE,Federal Contract Tower,1,8,6,0,15,0,7,11,0,18,1,15,17,0,33,0,0,0,33
11/16/2020,COU,MO,ACE,CE,Federal Contract Tower,1,19,3,2,25,0,2,18,0,20,1,21,21,2,45,44,0,44,89
11/17/2020,COU,MO,ACE,CE,Federal Contract Tower,1,6,30,4,41,0,4,29,0,33,1,10,59,4,74,40,0,40,114
11/18/2020,COU,MO,ACE,CE,Federal Contract Tower,1,9,18,0,28,0,2,19,0,21,1,11,37,0,49,10,0,10,59
11/19/2020,COU,MO,ACE,CE,Federal Contract Tower,2,6,19,0,27,0,1,13,3,17,2,7,32,3,44,18,0,18,62
11/20/2020,COU,MO,ACE,CE,Federal Contract Tower,4,8,6,0,18,0,0,18,3,21,4,8,24,3,39,72,0,72,111
11/21/2020,COU,MO,ACE,CE,Federal Contract Tower,1,8,16,0,25,0,0,1,0,1,1,8,17,0,26,0,0,0,26
11/22/2020,COU,MO,ACE,CE,Federal Contract Tower,2,8,14,0,24,0,0,4,0,4,2,8,18,0,28,16,0,16,44
11/23/2020,COU,MO,ACE,CE,Federal Contract Tower,3,13,16,0,32,0,2,26,0,28,3,15,42,0,60,18,0,18,78
11/24/2020,COU,MO,ACE,CE,Federal Contract Tower,0,10,6,0,16,0,1,6,1,8,0,11,12,1,24,4,0,4,28
11/25/2020,COU,MO,ACE,CE,Federal Contract Tower,1,11,10,0,22,0,0,0,0,0,1,11,10,0,22,0,0,0,22
11/26/2020,COU,MO,ACE,CE,Federal Contract Tower,1,2,3,0,6,0,1,10,0,11,1,3,13,0,17,0,0,0,17
11/27/2020,COU,MO,ACE,CE,Federal Contract Tower,2,11,8,0,21,0,0,43,0,43,2,11,51,0,64,26,0,26,90
11/28/2020,COU,MO,ACE,CE,Federal Contract Tower,0,10,16,2,28,0,2,46,0,48,0,12,62,2,76,6,0,6,82
11/29/2020,COU,MO,ACE,CE,Federal Contract Tower,2,7,7,0,16,0,4,22,1,27,2,11,29,1,43,4,0,4,47
11/30/2020,COU,MO,ACE,CE,Federal Contract Tower,1,18,4,1,24,0,1,19,0,20,1,19,23,1,44,10,0,10,54
12/01/2020,COU,MO,ACE,CE,Federal Contract Tower,0,11,16,0,27,0,5,23,2,30,0,16,39,2,57,0,0,0,57
12/02/2020,COU,MO,ACE,CE,Federal Contract Tower,0,8,17,2,27,0,2,15,0,17,0,10,32,2,44,0,0,0,44
12/03/2020,COU,MO,ACE,CE,Federal Contract Tower,0,7,5,0,12,0,0,2,0,2,0,7,7,0,14,42,0,42,56
12/04/2020,COU,MO,ACE,CE,Federal Contract Tower,0,6,17,1,24,0,0,16,1,17,0,6,33,2,41,0,0,0,41
12/05/2020,COU,MO,ACE,CE,Federal Contract Tower,0,8,20,14,42,0,2,26,0,28,0,10,46,14,70,12,0,12,82
12/06/2020,COU,MO,ACE,CE,Federal Contract Tower,0,11,14,0,25,0,4,22,0,26,0,15,36,0,51,10,0,10,61
12/07/2020,COU,MO,ACE,CE,Federal Contract Tower,0,20,10,0,30,0,4,15,0,19,0,24,25,0,49,10,0,10,59
12/08/2020,COU,MO,ACE,CE,Federal Contract Tower,0,10,18,1,29,0,2,19,2,23,0,12,37,3,52,19,0,19,71
12/09/2020,COU,MO,ACE,CE,Federal Contract Tower,0,11,12,0,23,0,4,34,7,45,0,15,46,7,68,10,0,10,78
12/10/2020,COU,MO,ACE,CE,Federal Contract Tower,0,9,18,0,27,0,0,35,0,35,0,9,53,0,62,0,0,0,62
12/11/2020,COU,MO,ACE,CE,Federal Contract Tower,5,24,4,0,33,0,0,0,0,0,5,24,4,0,33,0,0,0,33
12/12/2020,COU,MO,ACE,CE,Federal Contract Tower,6,14,22,0,42,0,0,0,0,0,6,14,22,0,42,0,0,0,42
12/13/2020,COU,MO,ACE,CE,Federal Contract Tower,0,7,7,0,14,0,0,3,0,3,0,7,10,0,17,12,0,12,29
12/14/2020,COU,MO,ACE,CE,Federal Contract Tower,0,14,11,0,25,0,2,35,0,37,0,16,46,0,62,6,0,6,68
12/15/2020,COU,MO,ACE,CE,Federal Contract Tower,0,13,14,0,27,0,2,27,0,29,0,15,41,0,56,38,0,38,94
12/16/2020,COU,MO,ACE,CE,Federal Contract Tower,0,4,17,0,21,0,4,27,0,31,0,8,44,0,52,126,0,126,178
12/17/2020,COU,MO,ACE,CE,Federal Contract Tower,0,10,19,0,29,0,0,19,0,19,0,10,38,0,48,14,0,14,62
12/18/2020,COU,MO,ACE,CE,Federal Contract Tower,2,8,11,0,21,0,0,12,0,12,2,8,23,0,33,36,0,36,69
12/19/2020,COU,MO,ACE,CE,Federal Contract Tower,1,12,10,0,23,0,0,1,0,1,1,12,11,0,24,0,0,0,24
12/20/2020,COU,MO,ACE,CE,Federal Contract Tower,0,14,8,0,22,0,0,24,0,24,0,14,32,0,46,30,0,30,76
12/21/2020,COU,MO,ACE,CE,Federal Contract Tower,0,15,10,0,25,0,0,14,0,14,0,15,24,0,39,0,0,0,39
12/22/2020,COU,MO,ACE,CE,Federal Contract Tower,0,8,12,0,20,0,4,28,6,38,0,12,40,6,58,4,0,4,62
12/23/2020,COU,MO,ACE,CE,Federal Contract Tower,0,11,4,0,15,0,0,6,0,6,0,11,10,0,21,10,0,10,31
12/24/2020,COU,MO,ACE,CE,Federal Contract Tower,0,4,6,0,10,0,0,2,0,2,0,4,8,0,12,0,0,0,12
12/25/2020,COU,MO,ACE,CE,Federal Contract Tower,0,2,0,0,2,0,0,2,0,2,0,2,2,0,4,0,0,0,4
12/26/2020,COU,MO,ACE,CE,Federal Contract Tower,0,12,8,0,20,0,2,27,0,29,0,14,35,0,49,60,0,60,109
12/27/2020,COU,MO,ACE,CE,Federal Contract Tower,0,10,9,0,19,0,0,4,0,4,0,10,13,0,23,26,0,26,49
12/28/2020,COU,MO,ACE,CE,Federal Contract Tower,0,15,9,0,24,0,6,15,0,21,0,21,24,0,45,74,0,74,119
12/29/2020,COU,MO,ACE,CE,Federal Contract Tower,1,7,4,0,12,0,0,2,0,2,1,7,6,0,14,16,0,16,30
12/30/2020,COU,MO,ACE,CE,Federal Contract Tower,1,10,5,0,16,0,2,14,0,16,1,12,19,0,32,18,0,18,50
12/31/2020,COU,MO,ACE,CE,Federal Contract Tower,0,8,4,0,12,0,0,13,0,13,0,8,17,0,25,6,0,6,31
01/01/2021,COU,MO,ACE,CE,Federal Contract Tower,0,4,2,0,6,0,0,0,0,0,0,4,2,0,6,0,0,0,6
01/02/2021,COU,MO,ACE,CE,Federal Contract Tower,0,10,5,0,15,0,0,0,0,0,0,10,5,0,15,0,0,0,15
01/03/2021,COU,MO,ACE,CE,Federal Contract Tower,0,5,5,0,10,0,0,0,0,0,0,5,5,0,10,0,0,0,10
01/04/2021,COU,MO,ACE,CE,Federal Contract Tower,0,17,6,0,23,0,0,0,0,0,0,17,6,0,23,0,0,0,23
01/05/2021,COU,MO,ACE,CE,Federal Contract Tower,0,4,14,0,18,0,4,27,0,31,0,8,41,0,49,16,0,16,65
01/06/2021,COU,MO,ACE,CE,Federal Contract Tower,0,8,8,0,16,0,4,19,0,23,0,12,27,0,39,56,0,56,95
01/07/2021,COU,MO,ACE,CE,Federal Contract Tower,0,7,7,0,14,0,0,0,0,0,0,7,7,0,14,0,0,0,14
01/08/2021,COU,MO,ACE,CE,Federal Contract Tower,0,7,4,0,11,0,0,10,0,10,0,7,14,0,21,22,0,22,43
01/09/2021,COU,MO,ACE,CE,Federal Contract Tower,0,6,6,0,12,0,0,5,0,5,0,6,11,0,17,12,0,12,29
01/10/2021,COU,MO,ACE,CE,Federal Contract Tower,0,12,2,0,14,0,0,4,0,4,0,12,6,0,18,24,0,24,42
01/11/2021,COU,MO,ACE,CE,Federal Contract Tower,0,8,10,0,18,0,4,18,0,22,0,12,28,0,40,44,0,44,84
01/12/2021,COU,MO,ACE,CE,Federal Contract Tower,0,4,12,0,16,0,2,29,0,31,0,6,41,0,47,36,0,36,83
01/13/2021,COU,MO,ACE,CE,Federal Contract Tower,0,5,20,0,25,0,4,25,0,29,0,9,45,0,54,14,0,14,68
01/14/2021,COU,MO,ACE,CE,Federal Contract Tower,1,7,5,0,13,0,0,3,0,3,1,7,8,0,16,0,0,0,16
01/15/2021,COU,MO,ACE,CE,Federal Contract Tower,1,5,0,0,6,0,0,0,0,0,1,5,0,0,6,0,0,0,6
01/16/2021,COU,MO,ACE,CE,Federal Contract Tower,2,13,3,0,18,0,1,0,0,1,2,14,3,0,19,0,0,0,19
01/17/2021,COU,MO,ACE,CE,Federal Contract Tower,2,14,4,0,20,0,0,0,0,0,2,14,4,0,20,0,0,0,20
01/18/2021,COU,MO,ACE,CE,Federal Contract Tower,1,15,10,0,26,0,4,21,0,25,1,19,31,0,51,10,0,10,61
01/19/2021,COU,MO,ACE,CE,Federal Contract Tower,0,6,10,2,18,0,4,18,0,22,0,10,28,2,40,6,0,6,46
01/21/2021,COU,MO,ACE,CE,Federal Contract Tower,0,7,17,0,24,0,0,25,0,25,0,7,42,0,49,0,0,0,49
01/22/2021,COU,MO,ACE,CE,Federal Contract Tower,2,12,9,0,23,0,0,13,4,17,2,12,22,4,40,12,0,12,52
01/23/2021,COU,MO,ACE,CE,Federal Contract Tower,1,9,7,2,19,0,0,24,0,24,1,9,31,2,43,0,0,0,43
01/24/2021,COU,MO,ACE,CE,Federal Contract Tower,1,13,2,0,16,0,0,0,0,0,1,13,2,0,16,0,0,0,16
01/25/2021,COU,MO,ACE,CE,Federal Contract Tower,0,21,10,0,31,0,0,0,0,0,0,21,10,0,31,0,0,0,31
01/26/2021,COU,MO,ACE,CE,Federal Contract Tower,0,4,18,0,22,0,2,1,0,3,0,6,19,0,25,0,0,0,25
01/27/2021,COU,MO,ACE,CE,Federal Contract Tower,0,6,9,0,15,0,0,0,0,0,0,6,9,0,15,0,0,0,15
01/28/2021,COU,MO,ACE,CE,Federal Contract Tower,0,12,7,0,19,0,0,8,0,8,0,12,15,0,27,6,0,6,33
01/29/2021,COU,MO,ACE,CE,Federal Contract Tower,0,9,8,0,17,0,0,15,0,15,0,9,23,0,32,0,0,0,32
01/30/2021,COU,MO,ACE,CE,Federal Contract Tower,2,6,7,0,15,0,0,0,0,0,2,6,7,0,15,0,0,0,15
01/31/2021,COU,MO,ACE,CE,Federal Contract Tower,0,7,6,0,13,0,0,0,0,0,0,7,6,0,13,0,0,0,13
02/01/2021,COU,MO,ACE,CE,Federal Contract Tower,0,15,8,0,23,0,0,1,0,1,0,15,9,0,24,0,0,0,24
02/02/2021,COU,MO,ACE,CE,Federal Contract Tower,1,4,17,0,22,0,4,24,0,28,1,8,41,0,50,14,0,14,64
02/03/2021,COU,MO,ACE,CE,Federal Contract Tower,0,6,13,0,19,0,2,25,2,29,0,8,38,2,48,14,0,14,62
02/04/2021,COU,MO,ACE,CE,Federal Contract Tower,0,11,13,0,24,0,0,2,2,4,0,11,15,2,28,0,0,0,28
02/05/2021,COU,MO,ACE,CE,Federal Contract Tower,1,10,7,0,18,0,0,6,2,8,1,10,13,2,26,0,2,2,28
02/06/2021,COU,MO,ACE,CE,Federal Contract Tower,3,8,2,0,13,0,2,3,0,5,3,10,5,0,18,2,0,2,20
02/07/2021,COU,MO,ACE,CE,Federal Contract Tower,0,8,4,0,12,0,1,2,0,3,0,9,6,0,15,0,0,0,15
02/08/2021,COU,MO,ACE,CE,Federal Contract Tower,0,13,4,0,17,0,0,0,0,0,0,13,4,0,17,0,0,0,17
02/09/2021,COU,MO,ACE,CE,Federal Contract Tower,2,12,10,0,24,0,3,10,0,13,2,15,20,0,37,0,0,0,37
02/10/2021,COU,MO,ACE,CE,Federal Contract Tower,0,10,18,0,28,0,0,1,0,1,0,10,19,0,29,0,0,0,29
02/11/2021,COU,MO,ACE,CE,Federal Contract Tower,0,7,3,2,12,0,0,2,2,4,0,7,5,4,16,0,0,0,16
02/12/2021,COU,MO,ACE,CE,Federal Contract Tower,1,13,16,0,30,0,0,8,0,8,1,13,24,0,38,0,0,0,38
02/13/2021,COU,MO,ACE,CE,Federal Contract Tower,1,8,7,0,16,0,0,1,0,1,1,8,8,0,17,0,0,0,17
02/14/2021,COU,MO,ACE,CE,Federal Contract Tower,0,1,1,0,2,0,0,0,0,0,0,1,1,0,2,0,0,0,2
02/15/2021,COU,MO,ACE,CE,Federal Contract Tower,0,1,1,0,2,0,0,0,0,0,0,1,1,0,2,0,0,0,2
02/16/2021,COU,MO,ACE,CE,Federal Contract Tower,0,8,12,0,20,0,3,1,0,4,0,11,13,0,24,0,0,0,24
02/17/2021,COU,MO,ACE,CE,Federal Contract Tower,0,8,6,0,14,0,0,0,0,0,0,8,6,0,14,0,0,0,14
02/18/2021,COU,MO,ACE,CE,Federal Contract Tower,0,7,6,0,13,0,2,6,6,14,0,9,12,6,27,0,4,4,31
02/19/2021,COU,MO,ACE,CE,Federal Contract Tower,2,10,8,0,20,0,2,13,0,15,2,12,21,0,35,0,0,0,35
02/20/2021,COU,MO,ACE,CE,Federal Contract Tower,3,9,10,0,22,0,2,32,0,34,3,11,42,0,56,38,0,38,94
02/21/2021,COU,MO,ACE,CE,Federal Contract Tower,1,10,1,0,12,0,0,0,0,0,1,10,1,0,12,0,0,0,12
02/22/2021,COU,MO,ACE,CE,Federal Contract Tower,0,22,11,0,33,0,4,24,0,28,0,26,35,0,61,18,0,18,79
02/23/2021,COU,MO,ACE,CE,Federal Contract Tower,0,4,14,0,18,0,2,29,2,33,0,6,43,2,51,28,0,28,79
02/24/2021,COU,MO,ACE,CE,Federal Contract Tower,1,7,20,2,30,0,2,29,0,31,1,9,49,2,61,8,0,8,69
02/25/2021,COU,MO,ACE,CE,Federal Contract Tower,0,9,21,0,30,0,2,28,2,32,0,11,49,2,62,0,0,0,62
02/26/2021,COU,MO,ACE,CE,Federal Contract Tower,0,14,8,0,22,0,0,18,0,18,0,14,26,0,40,0,0,0,40
02/27/2021,COU,MO,ACE,CE,Federal Contract Tower,2,10,2,0,14,0,2,27,0,29,2,12,29,0,43,14,0,14,57
02/28/2021,COU,MO,ACE,CE,Federal Contract Tower,0,11,10,2,23,0,4,14,0,18,0,15,24,2,41,6,0,6,47
03/01/2021,COU,MO,ACE,CE,Federal Contract Tower,0,20,11,0,31,0,4,33,0,37,0,24,44,0,68,10,0,10,78
03/02/2021,COU,MO,ACE,CE,Federal Contract Tower,1,9,11,0,21,0,4,20,0,24,1,13,31,0,45,12,0,12,57
03/03/2021,COU,MO,ACE,CE,Federal Contract Tower,0,6,19,0,25,0,0,31,0,31,0,6,50,0,56,28,0,28,84
03/04/2021,COU,MO,ACE,CE,Federal Contract Tower,0,11,13,0,24,0,0,20,0,20,0,11,33,0,44,20,0,20,64
03/05/2021,COU,MO,ACE,CE,Federal Contract Tower,2,10,17,0,29,0,0,19,0,19,2,10,36,0,48,34,0,34,82
03/06/2021,COU,MO,ACE,CE,Federal Contract Tower,2,6,8,0,16,0,4,29,0,33,2,10,37,0,49,10,0,10,59
03/07/2021,COU,MO,ACE,CE,Federal Contract Tower,0,7,5,0,12,0,4,27,0,31,0,11,32,0,43,18,0,18,61
03/08/2021,COU,MO,ACE,CE,Federal Contract Tower,0,15,9,0,24,0,1,29,0,30,0,16,38,0,54,24,0,24,78
03/09/2021,COU,MO,ACE,CE,Federal Contract Tower,2,5,9,0,16,0,2,13,0,15,2,7,22,0,31,0,0,0,31
03/10/2021,COU,MO,ACE,CE,Federal Contract Tower,0,7,18,0,25,0,0,8,0,8,0,7,26,0,33,0,0,0,33
03/11/2021,COU,MO,ACE,CE,Federal Contract Tower,0,8,19,0,27,0,0,9,2,11,0,8,28,2,38,8,6,14,52
03/12/2021,COU,MO,ACE,CE,Federal Contract Tower,0,8,13,4,25,0,0,2,4,6,0,8,15,8,31,0,0,0,31
03/13/2021,COU,MO,ACE,CE,Federal Contract Tower,0,12,10,0,22,0,0,2,0,2,0,12,12,0,24,0,0,0,24
03/14/2021,COU,MO,ACE,CE,Federal Contract Tower,0,7,17,0,24,0,0,0,0,0,0,7,17,0,24,0,0,0,24
03/15/2021,COU,MO,ACE,CE,Federal Contract Tower,0,13,5,0,18,0,0,0,0,0,0,13,5,0,18,0,0,0,18
03/16/2021,COU,MO,ACE,CE,Federal Contract Tower,0,7,14,0,21,0,0,0,0,0,0,7,14,0,21,0,0,0,21
03/17/2021,COU,MO,ACE,CE,Federal Contract Tower,0,6,14,0,20,0,0,0,0,0,0,6,14,0,20,0,0,0,20
03/18/2021,COU,MO,ACE,CE,Federal Contract Tower,0,14,10,0,24,0,0,0,0,0,0,14,10,0,24,0,0,0,24
03/19/2021,COU,MO,ACE,CE,Federal Contract Tower,0,13,16,0,29,0,2,16,0,18,0,15,32,0,47,0,0,0,47
03/20/2021,COU,MO,ACE,CE,Federal Contract Tower,0,11,18,0,29,0,2,43,0,45,0,13,61,0,74,60,0,60,134
03/21/2021,COU,MO,ACE,CE,Federal Contract Tower,0,7,14,18,39,0,4,32,0,36,0,11,46,18,75,0,0,0,75
03/22/2021,COU,MO,ACE,CE,Federal Contract Tower,0,18,10,0,28,0,0,9,0,9,0,18,19,0,37,28,0,28,65
03/23/2021,COU,MO,ACE,CE,Federal Contract Tower,2,5,8,0,15,0,1,5,0,6,2,6,13,0,21,0,0,0,21
03/24/2021,COU,MO,ACE,CE,Federal Contract Tower,2,15,25,19,61,0,0,8,10,18,2,15,33,29,79,0,0,0,79
03/25/2021,COU,MO,ACE,CE,Federal Contract Tower,0,11,8,0,19,0,0,0,0,0,0,11,8,0,19,0,0,0,19
03/26/2021,COU,MO,ACE,CE,Federal Contract Tower,1,11,20,18,50,0,0,20,4,24,1,11,40,22,74,12,0,12,86
03/27/2021,COU,MO,ACE,CE,Federal Contract Tower,0,19,17,0,36,0,4,16,0,20,0,23,33,0,56,12,0,12,68
03/28/2021,COU,MO,ACE,CE,Federal Contract Tower,0,6,10,2,18,0,4,11,0,15,0,10,21,2,33,0,0,0,33
03/29/2021,COU,MO,ACE,CE,Federal Contract Tower,0,21,13,0,34,0,2,13,0,15,0,23,26,0,49,0,0,0,49
03/30/2021,COU,MO,ACE,CE,Federal Contract Tower,0,9,11,2,22,0,4,20,0,24,0,13,31,2,46,16,0,16,62
03/31/2021,COU,MO,ACE,CE,Federal Contract Tower,1,11,24,3,39,0,4,20,0,24,1,15,44,3,63,0,0,0,63
04/01/2021,COU,MO,ACE,CE,Federal Contract Tower,0,10,15,1,26,0,6,23,0,29,0,16,38,1,55,10,0,10,65
04/02/2021,COU,MO,ACE,CE,Federal Contract Tower,2,7,6,0,15,0,0,25,0,25,2,7,31,0,40,8,0,8,48
04/03/2021,COU,MO,ACE,CE,Federal Contract Tower,1,14,9,0,24,0,4,27,0,31,1,18,36,0,55,4,0,4,59
04/04/2021,COU,MO,ACE,CE,Federal Contract Tower,1,10,6,0,17,0,3,10,0,13,1,13,16,0,30,8,0,8,38
04/05/2021,COU,MO,ACE,CE,Federal Contract Tower,2,13,14,0,29,0,2,22,0,24,2,15,36,0,53,38,0,38,91
04/06/2021,COU,MO,ACE,CE,Federal Contract Tower,0,8,8,0,16,0,2,22,0,24,0,10,30,0,40,0,0,0,40
04/07/2021,COU,MO,ACE,CE,Federal Contract Tower,2,8,2,0,12,0,0,0,0,0,2,8,2,0,12,0,0,0,12
04/08/2021,COU,MO,ACE,CE,Federal Contract Tower,3,12,20,0,35,0,0,0,0,0,3,12,20,0,35,0,0,0,35
04/09/2021,COU,MO,ACE,CE,Federal Contract Tower,2,5,12,2,21,0,3,50,2,55,2,8,62,4,76,42,0,42,118
04/10/2021,COU,MO,ACE,CE,Federal Contract Tower,3,4,1,0,8,0,1,0,0,1,3,5,1,0,9,0,0,0,9
04/11/2021,COU,MO,ACE,CE,Federal Contract Tower,5,4,7,0,16,0,2,28,0,30,5,6,35,0,46,48,0,48,94
04/12/2021,COU,MO,ACE,CE,Federal Contract Tower,4,14,10,0,28,0,2,27,4,33,4,16,37,4,61,48,0,48,109
04/13/2021,COU,MO,ACE,CE,Federal Contract Tower,3,7,12,0,22,0,2,40,0,42,3,9,52,0,64,32,0,32,96
04/14/2021,COU,MO,ACE,CE,Federal Contract Tower,3,19,20,0,42,0,2,38,2,42,3,21,58,2,84,64,0,64,148
04/15/2021,COU,MO,ACE,CE,Federal Contract Tower,2,4,16,7,29,0,1,37,1,39,2,5,53,8,68,14,16,30,98
04/16/2021,COU,MO,ACE,CE,Federal Contract Tower,4,8,8,0,20,0,0,14,0,14,4,8,22,0,34,12,0,12,46
04/17/2021,COU,MO,ACE,CE,Federal Contract Tower,4,2,1,0,7,0,0,10,0,10,4,2,11,0,17,12,0,12,29
04/18/2021,COU,MO,ACE,CE,Federal Contract Tower,4,4,7,0,15,0,2,33,0,35,4,6,40,0,50,56,0,56,106
04/19/2021,COU,MO,ACE,CE,Federal Contract Tower,3,17,13,0,33,0,2,34,0,36,3,19,47,0,69,14,0,14,83
04/20/2021,COU,MO,ACE,CE,Federal Contract Tower,1,8,8,0,17,0,0,0,0,0,1,8,8,0,17,0,0,0,17
04/21/2021,COU,MO,ACE,CE,Federal Contract Tower,2,9,11,0,22,0,2,25,0,27,2,11,36,0,49,28,0,28,77
04/22/2021,COU,MO,ACE,CE,Federal Contract Tower,4,7,16,0,27,0,0,22,0,22,4,7,38,0,49,0,0,0,49
04/23/2021,COU,MO,ACE,CE,Federal Contract Tower,4,8,18,1,31,0,0,19,0,19,4,8,37,1,50,0,0,0,50
04/24/2021,COU,MO,ACE,CE,Federal Contract Tower,4,2,2,0,8,0,2,3,4,9,4,4,5,4,17,0,0,0,17
04/25/2021,COU,MO,ACE,CE,Federal Contract Tower,4,9,15,0,28,0,4,24,0,28,4,13,39,0,56,0,0,0,56
04/26/2021,COU,MO,ACE,CE,Federal Contract Tower,3,15,12,0,30,0,2,9,0,11,3,17,21,0,41,0,0,0,41
04/27/2021,COU,MO,ACE,CE,Federal Contract Tower,4,5,10,0,19,0,2,10,0,12,4,7,20,0,31,0,0,0,31
04/28/2021,COU,MO,ACE,CE,Federal Contract Tower,1,5,10,2,18,0,2,7,0,9,1,7,17,2,27,12,0,12,39
04/29/2021,COU,MO,ACE,CE,Federal Contract Tower,4,9,13,0,26,0,0,8,0,8,4,9,21,0,34,6,0,6,40
04/30/2021,COU,MO,ACE,CE,Federal Contract Tower,4,4,9,0,17,0,0,20,0,20,4,4,29,0,37,18,0,18,55
05/01/2021,COU,MO,ACE,CE,Federal Contract Tower,4,7,3,0,14,0,0,15,0,15,4,7,18,0,29,8,0,8,37
05/02/2021,COU,MO,ACE,CE,Federal Contract Tower,3,6,8,0,17,0,0,6,0,6,3,6,14,0,23,8,0,8,31
05/03/2021,COU,MO,ACE,CE,Federal Contract Tower,4,12,13,0,29,0,4,13,0,17,4,16,26,0,46,16,0,16,62
05/04/2021,COU,MO,ACE,CE,Federal Contract Tower,3,5,18,0,26,0,2,7,0,9,3,7,25,0,35,8,0,8,43
05/05/2021,COU,MO,ACE,CE,Federal Contract Tower,4,8,27,0,39,0,2,34,0,36,4,10,61,0,75,26,0,26,101
05/06/2021,COU,MO,ACE,CE,Federal Contract Tower,7,7,18,0,32,0,0,27,0,27,7,7,45,0,59,4,0,4,63
05/07/2021,COU,MO,ACE,CE,Federal Contract Tower,7,8,16,0,31,0,0,15,0,15,7,8,31,0,46,12,0,12,58
05/08/2021,COU,MO,ACE,CE,Federal Contract Tower,5,4,5,0,14,0,0,4,0,4,5,4,9,0,18,0,0,0,18
05/09/2021,COU,MO,ACE,CE,Federal Contract Tower,6,3,7,0,16,0,0,4,0,4,6,3,11,0,20,0,0,0,20
05/10/2021,COU,MO,ACE,CE,Federal Contract Tower,7,14,22,0,43,0,4,23,0,27,7,18,45,0,70,22,0,22,92
05/11/2021,COU,MO,ACE,CE,Federal Contract Tower,3,9,24,0,36,0,4,17,0,21,3,13,41,0,57,6,0,6,63
05/12/2021,COU,MO,ACE,CE,Federal Contract Tower,4,7,24,0,35,0,2,27,0,29,4,9,51,0,64,12,0,12,76
05/13/2021,COU,MO,ACE,CE,Federal Contract Tower,7,6,12,0,25,0,0,27,0,27,7,6,39,0,52,42,0,42,94
05/14/2021,COU,MO,ACE,CE,Federal Contract Tower,7,9,19,0,35,0,14,25,1,40,7,23,44,1,75,14,0,14,89
05/15/2021,COU,MO,ACE,CE,Federal Contract Tower,5,5,10,0,20,0,2,9,0,11,5,7,19,0,31,34,0,34,65
05/16/2021,COU,MO,ACE,CE,Federal Contract Tower,6,5,14,0,25,0,2,6,0,8,6,7,20,0,33,8,0,8,41
05/17/2021,COU,MO,ACE,CE,Federal Contract Tower,5,16,14,0,35,0,0,0,0,0,5,16,14,0,35,0,0,0,35
05/18/2021,COU,MO,ACE,CE,Federal Contract Tower,5,12,25,0,42,0,1,5,2,8,5,13,30,2,50,0,0,0,50
05/19/2021,COU,MO,ACE,CE,Federal Contract Tower,5,7,18,0,30,0,0,7,0,7,5,7,25,0,37,8,0,8,45
05/20/2021,COU,MO,ACE,CE,Federal Contract Tower,7,6,18,0,31,0,0,12,0,12,7,6,30,0,43,10,0,10,53
05/21/2021,COU,MO,ACE,CE,Federal Contract Tower,7,6,14,0,27,0,0,11,0,11,7,6,25,0,38,68,0,68,106
05/22/2021,COU,MO,ACE,CE,Federal Contract Tower,5,13,9,0,27,0,2,5,0,7,5,15,14,0,34,16,0,16,50
05/23/2021,COU,MO,ACE,CE,Federal Contract Tower,6,5,10,0,21,0,2,21,0,23,6,7,31,0,44,24,0,24,68
05/24/2021,COU,MO,ACE,CE,Federal Contract Tower,7,16,20,0,43,0,2,30,0,32,7,18,50,0,75,60,0,60,135
05/25/2021,COU,MO,ACE,CE,Federal Contract Tower,4,8,14,0,26,0,0,7,0,7,4,8,21,0,33,0,0,0,33
05/26/2021,COU,MO,ACE,CE,Federal Contract Tower,4,2,18,1,25,0,2,17,0,19,4,4,35,1,44,20,0,20,64
05/27/2021,COU,MO,ACE,CE,Federal Contract Tower,7,3,12,0,22,0,0,3,0,3,7,3,15,0,25,0,0,0,25
05/28/2021,COU,MO,ACE,CE,Federal Contract Tower,7,2,13,0,22,0,0,1,0,1,7,2,14,0,23,0,0,0,23
05/29/2021,COU,MO,ACE,CE,Federal Contract Tower,6,11,13,0,30,0,4,25,0,29,6,15,38,0,59,6,0,6,65
05/30/2021,COU,MO,ACE,CE,Federal Contract Tower,8,8,5,0,21,0,6,23,0,29,8,14,28,0,50,20,0,20,70
05/31/2021,COU,MO,ACE,CE,Federal Contract Tower,6,20,6,0,32,0,0,10,0,10,6,20,16,0,42,0,0,0,42
06/01/2021,COU,MO,ACE,CE,Federal Contract Tower,5,6,18,0,29,0,2,21,0,23,5,8,39,0,52,0,0,0,52
06/02/2021,COU,MO,ACE,CE,Federal Contract Tower,6,6,22,0,34,0,2,19,0,21,6,8,41,0,55,26,0,26,81
06/03/2021,COU,MO,ACE,CE,Federal Contract Tower,7,5,12,0,24,0,0,16,0,16,7,5,28,0,40,26,0,26,66
06/04/2021,COU,MO,ACE,CE,Federal Contract Tower,8,4,14,0,26,0,1,29,0,30,8,5,43,0,56,40,0,40,96
06/05/2021,COU,MO,ACE,CE,Federal Contract Tower,7,5,9,0,21,0,0,30,0,30,7,5,39,0,51,28,0,28,79
06/06/2021,COU,MO,ACE,CE,Federal Contract Tower,8,7,17,0,32,0,0,5,0,5,8,7,22,0,37,38,0,38,75
06/07/2021,COU,MO,ACE,CE,Federal Contract Tower,6,9,11,0,26,0,0,7,0,7,6,9,18,0,33,4,0,4,37
06/08/2021,COU,MO,ACE,CE,Federal Contract Tower,8,4,13,4,29,0,0,10,0,10,8,4,23,4,39,28,0,28,67
06/09/2021,COU,MO,ACE,CE,Federal Contract Tower,8,9,24,0,41,0,0,23,0,23,8,9,47,0,64,16,0,16,80
06/10/2021,COU,MO,ACE,CE,Federal Contract Tower,8,5,18,0,31,0,0,18,0,18,8,5,36,0,49,38,0,38,87
06/11/2021,COU,MO,ACE,CE,Federal Contract Tower,8,14,10,0,32,0,0,24,0,24,8,14,34,0,56,30,0,30,86
06/12/2021,COU,MO,ACE,CE,Federal Contract Tower,6,2,6,0,14,0,6,41,0,47,6,8,47,0,61,16,0,16,77
06/13/2021,COU,MO,ACE,CE,Federal Contract Tower,9,13,6,0,28,0,2,46,0,48,9,15,52,0,76,48,0,48,124
06/14/2021,COU,MO,ACE,CE,Federal Contract Tower,9,15,16,0,40,0,2,37,0,39,9,17,53,0,79,28,0,28,107
06/15/2021,COU,MO,ACE,CE,Federal Contract Tower,8,3,17,0,28,0,4,40,0,44,8,7,57,0,72,28,0,28,100
06/16/2021,COU,MO,ACE,CE,Federal Contract Tower,8,3,8,0,19,0,4,37,0,41,8,7,45,0,60,38,0,38,98
06/17/2021,COU,MO,ACE,CE,Federal Contract Tower,10,8,9,0,27,0,0,16,0,16,10,8,25,0,43,48,0,48,91
06/18/2021,COU,MO,ACE,CE,Federal Contract Tower,7,7,19,0,33,0,2,23,0,25,7,9,42,0,58,0,0,0,58
06/19/2021,COU,MO,ACE,CE,Federal Contract Tower,9,3,8,0,20,0,4,39,0,43,9,7,47,0,63,6,0,6,69
06/20/2021,COU,MO,ACE,CE,Federal Contract Tower,11,2,12,0,25,0,6,15,0,21,11,8,27,0,46,24,0,24,70
06/21/2021,COU,MO,ACE,CE,Federal Contract Tower,9,12,15,2,38,0,2,27,2,31,9,14,42,4,69,16,0,16,85
06/22/2021,COU,MO,ACE,CE,Federal Contract Tower,8,2,13,0,23,0,4,28,0,32,8,6,41,0,55,46,0,46,101
06/23/2021,COU,MO,ACE,CE,Federal Contract Tower,8,4,24,0,36,0,4,30,0,34,8,8,54,0,70,12,0,12,82
06/24/2021,COU,MO,ACE,CE,Federal Contract Tower,6,5,8,0,19,0,0,9,0,9,6,5,17,0,28,0,0,0,28
06/25/2021,COU,MO,ACE,CE,Federal Contract Tower,4,8,15,1,28,0,2,20,0,22,4,10,35,1,50,0,0,0,50
06/26/2021,COU,MO,ACE,CE,Federal Contract Tower,10,5,9,0,24,0,0,4,0,4,10,5,13,0,28,0,0,0,28
06/27/2021,COU,MO,ACE,CE,Federal Contract Tower,4,11,16,0,31,0,0,2,0,2,4,11,18,0,33,0,0,0,33
06/28/2021,COU,MO,ACE,CE,Federal Contract Tower,6,10,13,1,30,0,0,7,0,7,6,10,20,1,37,56,0,56,93
06/29/2021,COU,MO,ACE,CE,Federal Contract Tower,6,4,9,0,19,0,0,10,2,12,6,4,19,2,31,18,0,18,49
06/30/2021,COU,MO,ACE,CE,Federal Contract Tower,8,9,16,0,33,0,0,9,0,9,8,9,25,0,42,0,0,0,42
07/01/2021,COU,MO,ACE,CE,Federal Contract Tower,6,10,6,0,22,0,0,10,0,10,6,10,16,0,32,8,0,8,40
07/02/2021,COU,MO,ACE,CE,Federal Contract Tower,4,6,16,0,26,0,7,34,0,41,4,13,50,0,67,14,0,14,81
07/03/2021,COU,MO,ACE,CE,Federal Contract Tower,10,9,7,0,26,0,6,24,0,30,10,15,31,0,56,8,0,8,64
07/04/2021,COU,MO,ACE,CE,Federal Contract Tower,5,5,4,0,14,0,4,20,0,24,5,9,24,0,38,54,0,54,92
07/05/2021,COU,MO,ACE,CE,Federal Contract Tower,9,24,14,0,47,0,4,33,0,37,9,28,47,0,84,38,0,38,122
07/06/2021,COU,MO,ACE,CE,Federal Contract Tower,9,6,16,0,31,0,4,28,0,32,9,10,44,0,63,32,0,32,95
07/07/2021,COU,MO,ACE,CE,Federal Contract Tower,8,10,5,0,23,0,4,24,2,30,8,14,29,2,53,32,4,36,89
07/08/2021,COU,MO,ACE,CE,Federal Contract Tower,6,11,21,0,38,0,0,13,0,13,6,11,34,0,51,8,0,8,59
07/09/2021,COU,MO,ACE,CE,Federal Contract Tower,7,14,8,5,34,0,0,25,0,25,7,14,33,5,59,20,0,20,79
07/10/2021,COU,MO,ACE,CE,Federal Contract Tower,9,5,6,0,20,0,1,0,0,1,9,6,6,0,21,0,0,0,21
07/11/2021,COU,MO,ACE,CE,Federal Contract Tower,8,10,15,0,33,0,1,1,0,2,8,11,16,0,35,0,0,0,35
07/12/2021,COU,MO,ACE,CE,Federal Contract Tower,7,20,11,0,38,0,0,0,0,0,7,20,11,0,38,0,0,0,38
07/13/2021,COU,MO,ACE,CE,Federal Contract Tower,7,5,4,0,16,0,4,31,0,35,7,9,35,0,51,22,0,22,73
07/14/2021,COU,MO,ACE,CE,Federal Contract Tower,9,7,15,0,31,0,2,20,0,22,9,9,35,0,53,0,0,0,53
07/15/2021,COU,MO,ACE,CE,Federal Contract Tower,6,10,8,0,24,0,0,15,0,15,6,10,23,0,39,28,0,28,67
07/16/2021,COU,MO,ACE,CE,Federal Contract Tower,5,8,10,0,23,0,0,12,0,12,5,8,22,0,35,38,0,38,73
07/17/2021,COU,MO,ACE,CE,Federal Contract Tower,7,8,15,0,30,0,0,6,0,6,7,8,21,0,36,0,0,0,36
07/18/2021,COU,MO,ACE,CE,Federal Contract Tower,7,9,14,0,30,0,2,25,0,27,7,11,39,0,57,6,0,6,63
07/19/2021,COU,MO,ACE,CE,Federal Contract Tower,7,17,18,0,42,0,2,26,0,28,7,19,44,0,70,24,0,24,94
07/20/2021,COU,MO,ACE,CE,Federal Contract Tower,9,7,12,0,28,0,4,24,0,28,9,11,36,0,56,14,0,14,70
07/21/2021,COU,MO,ACE,CE,Federal Contract Tower,11,5,9,0,25,0,6,34,0,40,11,11,43,0,65,22,0,22,87
07/22/2021,COU,MO,ACE,CE,Federal Contract Tower,7,8,28,0,43,0,0,13,0,13,7,8,41,0,56,0,0,0,56
07/23/2021,COU,MO,ACE,CE,Federal Contract Tower,7,13,19,0,39,0,0,20,2,22,7,13,39,2,61,62,0,62,123
07/24/2021,COU,MO,ACE,CE,Federal Contract Tower,7,2,25,0,34,0,6,11,0,17,7,8,36,0,51,0,0,0,51
07/25/2021,COU,MO,ACE,CE,Federal Contract Tower,8,8,18,0,34,0,4,18,2,24,8,12,36,2,58,0,0,0,58
07/26/2021,COU,MO,ACE,CE,Federal Contract Tower,5,22,16,0,43,0,2,21,0,23,5,24,37,0,66,32,0,32,98
07/27/2021,COU,MO,ACE,CE,Federal Contract Tower,9,8,15,0,32,0,4,30,0,34,9,12,45,0,66,8,0,8,74
07/28/2021,COU,MO,ACE,CE,Federal Contract Tower,7,14,8,0,29,0,3,31,0,34,7,17,39,0,63,42,0,42,105
07/29/2021,COU,MO,ACE,CE,Federal Contract Tower,7,8,16,0,31,0,1,25,0,26,7,9,41,0,57,0,0,0,57
07/30/2021,COU,MO,ACE,CE,Federal Contract Tower,8,6,16,2,32,0,0,17,2,19,8,6,33,4,51,12,6,18,69
07/31/2021,COU,MO,ACE,CE,Federal Contract Tower,7,9,14,0,30,0,0,3,0,3,7,9,17,0,33,0,0,0,33
08/01/2021,COU,MO,ACE,CE,Federal Contract Tower,7,13,19,0,39,0,4,21,0,25,7,17,40,0,64,12,0,12,76
08/02/2021,COU,MO,ACE,CE,Federal Contract Tower,7,18,10,0,35,0,4,21,8,33,7,22,31,8,68,50,0,50,118
08/03/2021,COU,MO,ACE,CE,Federal Contract Tower,7,9,11,1,28,0,4,30,0,34,7,13,41,1,62,24,0,24,86
08/04/2021,COU,MO,ACE,CE,Federal Contract Tower,7,9,10,0,26,0,6,40,0,46,7,15,50,0,72,40,0,40,112
08/05/2021,COU,MO,ACE,CE,Federal Contract Tower,6,5,8,0,19,0,0,11,0,11,6,5,19,0,30,8,0,8,38
08/06/2021,COU,MO,ACE,CE,Federal Contract Tower,8,8,12,0,28,0,0,31,0,31,8,8,43,0,59,72,0,72,131
08/07/2021,COU,MO,ACE,CE,Federal Contract Tower,6,6,7,0,19,0,4,20,0,24,6,10,27,0,43,26,0,26,69
08/08/2021,COU,MO,ACE,CE,Federal Contract Tower,2,10,16,0,28,0,4,9,2,15,2,14,25,2,43,0,0,0,43
08/09/2021,COU,MO,ACE,CE,Federal Contract Tower,5,13,11,0,29,0,2,15,2,19,5,15,26,2,48,10,0,10,58
08/10/2021,COU,MO,ACE,CE,Federal Contract Tower,5,13,15,0,33,0,2,12,0,14,5,15,27,0,47,0,0,0,47
08/11/2021,COU,MO,ACE,CE,Federal Contract Tower,7,10,14,0,31,0,2,19,0,21,7,12,33,0,52,0,0,0,52
08/12/2021,COU,MO,ACE,CE,Federal Contract Tower,3,6,17,0,26,0,0,16,0,16,3,6,33,0,42,0,0,0,42
08/13/2021,COU,MO,ACE,CE,Federal Contract Tower,5,5,11,0,21,0,0,11,0,11,5,5,22,0,32,12,0,12,44
08/14/2021,COU,MO,ACE,CE,Federal Contract Tower,6,2,6,6,20,0,0,26,2,28,6,2,32,8,48,6,0,6,54
08/15/2021,COU,MO,ACE,CE,Federal Contract Tower,6,6,18,0,30,0,0,15,0,15,6,6,33,0,45,16,0,16,61
08/16/2021,COU,MO,ACE,CE,Federal Contract Tower,7,16,9,0,32,0,2,32,0,34,7,18,41,0,66,24,0,24,90
08/17/2021,COU,MO,ACE,CE,Federal Contract Tower,8,4,17,0,29,0,2,13,2,17,8,6,30,2,46,18,0,18,64
08/18/2021,COU,MO,ACE,CE,Federal Contract Tower,8,4,9,0,21,0,0,24,0,24,8,4,33,0,45,54,0,54,99
08/19/2021,COU,MO,ACE,CE,Federal Contract Tower,8,9,28,0,45,0,0,15,0,15,8,9,43,0,60,18,0,18,78
08/20/2021,COU,MO,ACE,CE,Federal Contract Tower,6,3,4,0,13,0,2,26,0,28,6,5,30,0,41,4,0,4,45
08/21/2021,COU,MO,ACE,CE,Federal Contract Tower,6,7,3,1,17,0,4,15,0,19,6,11,18,1,36,54,0,54,90
08/22/2021,COU,MO,ACE,CE,Federal Contract Tower,7,11,4,0,22,0,2,16,0,18,7,13,20,0,40,48,0,48,88
08/23/2021,COU,MO,ACE,CE,Federal Contract Tower,8,16,7,0,31,0,4,28,0,32,8,20,35,0,63,18,0,18,81
08/24/2021,COU,MO,ACE,CE,Federal Contract Tower,6,21,15,0,42,0,4,24,0,28,6,25,39,0,70,22,0,22,92
08/25/2021,COU,MO,ACE,CE,Federal Contract Tower,7,9,8,0,24,0,6,28,0,34,7,15,36,0,58,12,0,12,70
08/26/2021,COU,MO,ACE,CE,Federal Contract Tower,6,9,15,0,30,0,4,16,0,20,6,13,31,0,50,0,0,0,50
08/27/2021,COU,MO,ACE,CE,Federal Contract Tower,8,7,18,0,33,0,0,21,0,21,8,7,39,0,54,14,0,14,68
08/28/2021,COU,MO,ACE,CE,Federal Contract Tower,6,6,8,0,20,0,2,32,2,36,6,8,40,2,56,14,0,14,70
08/29/2021,COU,MO,ACE,CE,Federal Contract Tower,5,5,3,0,13,0,4,14,0,18,5,9,17,0,31,20,0,20,51
08/30/2021,COU,MO,ACE,CE,Federal Contract Tower,4,14,17,0,35,0,4,13,0,17,4,18,30,0,52,0,0,0,52
08/31/2021,COU,MO,ACE,CE,Federal Contract Tower,4,12,13,0,29,0,0,0,0,0,4,12,13,0,29,0,0,0,29
09/01/2021,COU,MO,ACE,CE,Federal Contract Tower,8,4,11,0,23,0,4,24,0,28,8,8,35,0,51,12,0,12,63
09/02/2021,COU,MO,ACE,CE,Federal Contract Tower,7,24,16,0,47,0,2,8,0,10,7,26,24,0,57,0,14,14,71
09/03/2021,COU,MO,ACE,CE,Federal Contract Tower,5,11,18,0,34,0,0,9,0,9,5,11,27,0,43,28,0,28,71
09/04/2021,COU,MO,ACE,CE,Federal Contract Tower,2,6,4,0,12,0,0,0,0,0,2,6,4,0,12,0,0,0,12
09/05/2021,COU,MO,ACE,CE,Federal Contract Tower,4,12,3,0,19,0,4,13,0,17,4,16,16,0,36,22,0,22,58
09/06/2021,COU,MO,ACE,CE,Federal Contract Tower,4,15,9,0,28,0,2,38,0,40,4,17,47,0,68,52,0,52,120
09/07/2021,COU,MO,ACE,CE,Federal Contract Tower,8,9,21,0,38,0,4,21,2,27,8,13,42,2,65,12,0,12,77
09/08/2021,COU,MO,ACE,CE,Federal Contract Tower,9,3,12,0,24,0,2,14,0,16,9,5,26,0,40,36,0,36,76
09/09/2021,COU,MO,ACE,CE,Federal Contract Tower,10,10,9,0,29,0,0,12,0,12,10,10,21,0,41,0,0,0,41
09/10/2021,COU,MO,ACE,CE,Federal Contract Tower,9,7,11,0,27,0,0,21,0,21,9,7,32,0,48,12,0,12,60
09/11/2021,COU,MO,ACE,CE,Federal Contract Tower,5,7,16,0,28,0,4,40,0,44,5,11,56,0,72,30,0,30,102
09/12/2021,COU,MO,ACE,CE,Federal Contract Tower,8,3,10,0,21,0,4,31,0,35,8,7,41,0,56,6,0,6,62
09/13/2021,COU,MO,ACE,CE,Federal Contract Tower,6,15,11,0,32,0,4,18,0,22,6,19,29,0,54,10,0,10,64
09/14/2021,COU,MO,ACE,CE,Federal Contract Tower,3,7,12,0,22,0,4,24,0,28,3,11,36,0,50,14,0,14,64
09/15/2021,COU,MO,ACE,CE,Federal Contract Tower,8,11,19,0,38,0,2,36,0,38,8,13,55,0,76,30,0,30,106
09/16/2021,COU,MO,ACE,CE,Federal Contract Tower,7,5,17,0,29,0,2,25,0,27,7,7,42,0,56,36,0,36,92
09/17/2021,COU,MO,ACE,CE,Federal Contract Tower,7,11,31,0,49,0,0,31,0,31,7,11,62,0,80,0,0,0,80
09/18/2021,COU,MO,ACE,CE,Federal Contract Tower,6,10,18,0,34,0,6,36,0,42,6,16,54,0,76,22,0,22,98
09/19/2021,COU,MO,ACE,CE,Federal Contract Tower,7,11,26,0,44,0,4,30,0,34,7,15,56,0,78,12,0,12,90
09/20/2021,COU,MO,ACE,CE,Federal Contract Tower,6,14,20,0,40,0,4,15,0,19,6,18,35,0,59,20,0,20,79
09/21/2021,COU,MO,ACE,CE,Federal Contract Tower,6,13,22,0,41,0,4,8,0,12,6,17,30,0,53,16,0,16,69
09/22/2021,COU,MO,ACE,CE,Federal Contract Tower,8,8,15,0,31,0,4,19,0,23,8,12,34,0,54,32,0,32,86
09/23/2021,COU,MO,ACE,CE,Federal Contract Tower,10,9,18,0,37,0,0,20,0,20,10,9,38,0,57,8,0,8,65
09/24/2021,COU,MO,ACE,CE,Federal Contract Tower,6,6,13,0,25,0,2,13,0,15,6,8,26,0,40,0,0,0,40
09/25/2021,COU,MO,ACE,CE,Federal Contract Tower,9,13,7,0,29,0,4,32,0,36,9,17,39,0,65,20,0,20,85
09/26/2021,COU,MO,ACE,CE,Federal Contract Tower,8,15,18,0,41,0,2,29,0,31,8,17,47,0,72,0,0,0,72
09/27/2021,COU,MO,ACE,CE,Federal Contract Tower,6,14,14,0,34,0,2,28,0,30,6,16,42,0,64,18,0,18,82
09/28/2021,COU,MO,ACE,CE,Federal Contract Tower,4,6,13,0,23,0,4,22,0,26,4,10,35,0,49,18,0,18,67
09/29/2021,COU,MO,ACE,CE,Federal Contract Tower,10,8,9,0,27,0,2,19,0,21,10,10,28,0,48,8,4,12,60
09/30/2021,COU,MO,ACE,CE,Federal Contract Tower,5,8,12,0,25,0,3,7,0,10,5,11,19,0,35,36,0,36,71
10/01/2021,COU,MO,ACE,CE,Federal Contract Tower,7,9,24,0,40,0,0,2,0,2,7,9,26,0,42,0,0,0,42
10/02/2021,COU,MO,ACE,CE,Federal Contract Tower,1,8,15,0,24,0,0,3,0,3,1,8,18,0,27,0,0,0,27
10/03/2021,COU,MO,ACE,CE,Federal Contract Tower,10,4,24,0,38,0,4,0,0,4,10,8,24,0,42,0,0,0,42
10/04/2021,COU,MO,ACE,CE,Federal Contract Tower,12,19,23,0,54,0,2,34,0,36,12,21,57,0,90,22,0,22,112
10/05/2021,COU,MO,ACE,CE,Federal Contract Tower,4,15,15,0,34,0,2,8,0,10,4,17,23,0,44,0,0,0,44
10/06/2021,COU,MO,ACE,CE,Federal Contract Tower,6,29,19,2,56,0,0,1,0,1,6,29,20,2,57,0,0,0,57
10/07/2021,COU,MO,ACE,CE,Federal Contract Tower,9,16,19,0,44,0,0,12,0,12,9,16,31,0,56,20,0,20,76
10/08/2021,COU,MO,ACE,CE,Federal Contract Tower,7,4,21,2,34,0,0,29,8,37,7,4,50,10,71,6,0,6,77
10/09/2021,COU,MO,ACE,CE,Federal Contract Tower,5,2,13,4,24,0,2,35,4,41,5,4,48,8,65,32,0,32,97
10/10/2021,COU,MO,ACE,CE,Federal Contract Tower,8,9,21,0,38,0,4,22,0,26,8,13,43,0,64,50,0,50,114
10/11/2021,COU,MO,ACE,CE,Federal Contract Tower,2,10,11,0,23,0,0,0,0,0,2,10,11,0,23,0,0,0,23
10/12/2021,COU,MO,ACE,CE,Federal Contract Tower,6,5,10,0,21,0,4,32,0,36,6,9,42,0,57,24,0,24,81
10/13/2021,COU,MO,ACE,CE,Federal Contract Tower,3,8,11,0,22,0,0,11,0,11,3,8,22,0,33,12,0,12,45
10/14/2021,COU,MO,ACE,CE,Federal Contract Tower,7,10,18,0,35,0,1,11,0,12,7,11,29,0,47,22,0,22,69
10/15/2021,COU,MO,ACE,CE,Federal Contract Tower,4,18,28,0,50,0,0,10,0,10,4,18,38,0,60,0,0,0,60
10/16/2021,COU,MO,ACE,CE,Federal Contract Tower,13,8,14,0,35,0,2,30,0,32,13,10,44,0,67,54,0,54,121
10/17/2021,COU,MO,ACE,CE,Federal Contract Tower,7,16,26,0,49,0,1,36,0,37,7,17,62,0,86,36,0,36,122
10/18/2021,COU,MO,ACE,CE,Federal Contract Tower,4,16,9,0,29,0,2,18,0,20,4,18,27,0,49,2,0,2,51
10/19/2021,COU,MO,ACE,CE,Federal Contract Tower,7,6,15,2,30,0,0,19,0,19,7,6,34,2,49,36,0,36,85
10/20/2021,COU,MO,ACE,CE,Federal Contract Tower,11,7,18,0,36,0,25,0,0,25,11,32,18,0,61,8,0,8,69
10/21/2021,COU,MO,ACE,CE,Federal Contract Tower,3,13,14,0,30,0,0,22,0,22,3,13,36,0,52,44,0,44,96
10/22/2021,COU,MO,ACE,CE,Federal Contract Tower,2,5,16,0,23,0,0,12,0,12,2,5,28,0,35,0,0,0,35
10/23/2021,COU,MO,ACE,CE,Federal Contract Tower,3,8,4,0,15,0,0,1,0,1,3,8,5,0,16,0,0,0,16
10/24/2021,COU,MO,ACE,CE,Federal Contract Tower,3,14,7,0,24,0,0,0,0,0,3,14,7,0,24,0,0,0,24
10/25/2021,COU,MO,ACE,CE,Federal Contract Tower,2,19,15,0,36,0,0,1,0,1,2,19,16,0,37,0,0,0,37
10/26/2021,COU,MO,ACE,CE,Federal Contract Tower,8,9,18,0,35,0,2,28,0,30,8,11,46,0,65,18,0,18,83
10/27/2021,COU,MO,ACE,CE,Federal Contract Tower,8,7,16,0,31,0,0,21,0,21,8,7,37,0,52,10,0,10,62
10/28/2021,COU,MO,ACE,CE,Federal Contract Tower,3,13,9,0,25,0,0,0,0,0,3,13,9,0,25,0,0,0,25
10/29/2021,COU,MO,ACE,CE,Federal Contract Tower,11,7,26,0,44,0,0,0,0,0,11,7,26,0,44,0,0,0,44
10/30/2021,COU,MO,ACE,CE,Federal Contract Tower,6,6,8,0,20,0,4,28,0,32,6,10,36,0,52,0,0,0,52
10/31/2021,COU,MO,ACE,CE,Federal Contract Tower,8,6,8,0,22,0,4,20,0,24,8,10,28,0,46,4,0,4,50
11/01/2021,COU,MO,ACE,CE,Federal Contract Tower,7,12,22,0,41,0,0,10,0,10,7,12,32,0,51,4,0,4,55
11/02/2021,COU,MO,ACE,CE,Federal Contract Tower,4,11,12,0,27,0,4,25,0,29,4,15,37,0,56,16,0,16,72
11/03/2021,COU,MO,ACE,CE,Federal Contract Tower,6,6,10,0,22,0,4,27,4,35,6,10,37,4,57,18,0,18,75
11/04/2021,COU,MO,ACE,CE,Federal Contract Tower,6,6,20,0,32,0,0,13,0,13,6,6,33,0,45,0,0,0,45
11/05/2021,COU,MO,ACE,CE,Federal Contract Tower,10,10,21,0,41,0,0,22,2,24,10,10,43,2,65,46,0,46,111
11/06/2021,COU,MO,ACE,CE,Federal Contract Tower,9,6,8,0,23,0,2,18,0,20,9,8,26,0,43,40,0,40,83
11/07/2021,COU,MO,ACE,CE,Federal Contract Tower,7,9,28,0,44,0,4,27,0,31,7,13,55,0,75,20,0,20,95
11/08/2021,COU,MO,ACE,CE,Federal Contract Tower,4,16,11,0,31,0,4,19,0,23,4,20,30,0,54,14,0,14,68
11/09/2021,COU,MO,ACE,CE,Federal Contract Tower,6,12,5,0,23,0,3,5,0,8,6,15,10,0,31,0,0,0,31
11/10/2021,COU,MO,ACE,CE,Federal Contract Tower,7,11,15,0,33,0,0,2,0,2,7,11,17,0,35,0,0,0,35
11/11/2021,COU,MO,ACE,CE,Federal Contract Tower,6,7,17,0,30,0,0,12,0,12,6,7,29,0,42,6,0,6,48
11/12/2021,COU,MO,ACE,CE,Federal Contract Tower,6,17,17,0,40,0,0,2,0,2,6,17,19,0,42,0,0,0,42
11/13/2021,COU,MO,ACE,CE,Federal Contract Tower,5,20,12,0,37,0,4,15,0,19,5,24,27,0,56,6,0,6,62
11/14/2021,COU,MO,ACE,CE,Federal Contract Tower,6,8,11,0,25,0,4,11,0,15,6,12,22,0,40,4,0,4,44
11/15/2021,COU,MO,ACE,CE,Federal Contract Tower,5,22,14,0,41,0,4,22,0,26,5,26,36,0,67,16,0,16,83
11/16/2021,COU,MO,ACE,CE,Federal Contract Tower,4,10,16,0,30,0,4,12,1,17,4,14,28,1,47,0,0,0,47
11/17/2021,COU,MO,ACE,CE,Federal Contract Tower,6,9,15,0,30,0,4,14,3,21,6,13,29,3,51,4,0,4,55
11/18/2021,COU,MO,ACE,CE,Federal Contract Tower,6,13,25,0,44,0,0,14,0,14,6,13,39,0,58,24,0,24,82
11/19/2021,COU,MO,ACE,CE,Federal Contract Tower,6,7,19,2,34,0,0,25,0,25,6,7,44,2,59,40,0,40,99
11/20/2021,COU,MO,ACE,CE,Federal Contract Tower,8,11,9,0,28,0,6,25,0,31,8,17,34,0,59,42,0,42,101
11/21/2021,COU,MO,ACE,CE,Federal Contract Tower,4,11,18,0,33,0,6,26,0,32,4,17,44,0,65,36,0,36,101
11/22/2021,COU,MO,ACE,CE,Federal Contract Tower,5,14,13,0,32,0,4,28,0,32,5,18,41,0,64,18,0,18,82
11/23/2021,COU,MO,ACE,CE,Federal Contract Tower,6,6,12,0,24,0,4,21,0,25,6,10,33,0,49,0,0,0,49
11/24/2021,COU,MO,ACE,CE,Federal Contract Tower,6,10,14,0,30,0,4,13,0,17,6,14,27,0,47,0,0,0,47
11/25/2021,COU,MO,ACE,CE,Federal Contract Tower,9,7,2,0,18,0,0,0,0,0,9,7,2,0,18,0,0,0,18
11/26/2021,COU,MO,ACE,CE,Federal Contract Tower,4,3,18,0,25,0,0,6,0,6,4,3,24,0,31,0,0,0,31
11/27/2021,COU,MO,ACE,CE,Federal Contract Tower,6,10,10,0,26,0,4,13,0,17,6,14,23,0,43,0,0,0,43
11/28/2021,COU,MO,ACE,CE,Federal Contract Tower,8,12,18,0,38,0,6,29,0,35,8,18,47,0,73,26,0,26,99
11/29/2021,COU,MO,ACE,CE,Federal Contract Tower,6,21,12,0,39,0,2,10,0,12,6,23,22,0,51,0,0,0,51
11/30/2021,COU,MO,ACE,CE,Federal Contract Tower,5,8,8,0,21,0,0,16,0,16,5,8,24,0,37,0,0,0,37
12/01/2021,COU,MO,ACE,CE,Federal Contract Tower,6,5,16,0,27,0,3,32,0,35,6,8,48,0,62,0,0,0,62
12/02/2021,COU,MO,ACE,CE,Federal Contract Tower,7,3,17,0,27,0,0,22,0,22,7,3,39,0,49,32,0,32,81
12/03/2021,COU,MO,ACE,CE,Federal Contract Tower,8,5,23,0,36,0,0,27,0,27,8,5,50,0,63,34,0,34,97
12/04/2021,COU,MO,ACE,CE,Federal Contract Tower,6,3,7,0,16,0,1,16,0,17,6,4,23,0,33,22,0,22,55
12/05/2021,COU,MO,ACE,CE,Federal Contract Tower,7,10,10,0,27,0,4,7,0,11,7,14,17,0,38,0,0,0,38
12/06/2021,COU,MO,ACE,CE,Federal Contract Tower,6,16,15,0,37,0,6,13,0,19,6,22,28,0,56,12,0,12,68
12/07/2021,COU,MO,ACE,CE,Federal Contract Tower,6,4,11,0,21,0,2,10,0,12,6,6,21,0,33,18,0,18,51
12/08/2021,COU,MO,ACE,CE,Federal Contract Tower,6,9,18,0,33,0,2,16,2,20,6,11,34,2,53,30,0,30,83
12/09/2021,COU,MO,ACE,CE,Federal Contract Tower,7,7,17,0,31,0,17,3,0,20,7,24,20,0,51,0,0,0,51
12/10/2021,COU,MO,ACE,CE,Federal Contract Tower,5,10,9,0,24,0,0,1,0,1,5,10,10,0,25,0,0,0,25
12/11/2021,COU,MO,ACE,CE,Federal Contract Tower,6,3,7,0,16,0,4,12,0,16,6,7,19,0,32,6,0,6,38
12/12/2021,COU,MO,ACE,CE,Federal Contract Tower,8,6,6,0,20,0,4,18,0,22,8,10,24,0,42,2,0,2,44
12/13/2021,COU,MO,ACE,CE,Federal Contract Tower,5,21,15,0,41,0,4,27,0,31,5,25,42,0,72,20,0,20,92
12/14/2021,COU,MO,ACE,CE,Federal Contract Tower,6,10,12,0,28,0,4,18,0,22,6,14,30,0,50,44,0,44,94
12/15/2021,COU,MO,ACE,CE,Federal Contract Tower,6,3,19,0,28,0,0,3,0,3,6,3,22,0,31,0,0,0,31
12/16/2021,COU,MO,ACE,CE,Federal Contract Tower,7,5,14,0,26,0,2,24,2,28,7,7,38,2,54,22,0,22,76
12/17/2021,COU,MO,ACE,CE,Federal Contract Tower,10,6,7,0,23,0,0,4,0,4,10,6,11,0,27,16,0,16,43
12/18/2021,COU,MO,ACE,CE,Federal Contract Tower,7,10,9,0,26,0,4,8,0,12,7,14,17,0,38,0,0,0,38
12/19/2021,COU,MO,ACE,CE,Federal Contract Tower,7,4,6,0,17,0,2,13,0,15,7,6,19,0,32,22,0,22,54
12/20/2021,COU,MO,ACE,CE,Federal Contract Tower,8,12,9,0,29,0,4,22,0,26,8,16,31,0,55,36,0,36,91
12/21/2021,COU,MO,ACE,CE,Federal Contract Tower,8,8,14,0,30,0,4,11,0,15,8,12,25,0,45,28,0,28,73
12/22/2021,COU,MO,ACE,CE,Federal Contract Tower,9,7,6,0,22,0,4,21,0,25,9,11,27,0,47,26,0,26,73
12/23/2021,COU,MO,ACE,CE,Federal Contract Tower,9,11,10,0,30,0,0,16,1,17,9,11,26,1,47,20,0,20,67
12/24/2021,COU,MO,ACE,CE,Federal Contract Tower,2,2,1,0,5,0,4,9,0,13,2,6,10,0,18,16,0,16,34
12/25/2021,COU,MO,ACE,CE,Federal Contract Tower,3,8,2,0,13,0,0,4,0,4,3,8,6,0,17,0,0,0,17
12/26/2021,COU,MO,ACE,CE,Federal Contract Tower,6,15,16,0,37,0,0,2,0,2,6,15,18,0,39,0,0,0,39
12/27/2021,COU,MO,ACE,CE,Federal Contract Tower,6,15,11,0,32,0,2,7,0,9,6,17,18,0,41,18,0,18,59
12/28/2021,COU,MO,ACE,CE,Federal Contract Tower,8,2,15,0,25,0,0,0,0,0,8,2,15,0,25,0,0,0,25
12/29/2021,COU,MO,ACE,CE,Federal Contract Tower,9,8,20,0,37,0,0,0,0,0,9,8,20,0,37,0,0,0,37
12/30/2021,COU,MO,ACE,CE,Federal Contract Tower,7,8,4,0,19,0,0,2,0,2,7,8,6,0,21,0,0,0,21
12/31/2021,COU,MO,ACE,CE,Federal Contract Tower,2,2,1,0,5,0,11,0,0,11,2,13,1,0,16,6,0,6,22
01/01/2022,COU,MO,ACE,CE,Federal Contract Tower,0,2,3,0,5,0,0,0,0,0,0,2,3,0,5,0,0,0,5
01/02/2022,COU,MO,ACE,CE,Federal Contract Tower,8,2,2,0,12,0,0,10,0,10,8,2,12,0,22,8,0,8,30
01/03/2022,COU,MO,ACE,CE,Federal Contract Tower,5,8,9,0,22,0,2,20,0,22,5,10,29,0,44,4,0,4,48
01/04/2022,COU,MO,ACE,CE,Federal Contract Tower,7,6,16,0,29,0,5,19,1,25,7,11,35,1,54,18,0,18,72
01/05/2022,COU,MO,ACE,CE,Federal Contract Tower,7,6,9,2,24,0,10,19,0,29,7,16,28,2,53,8,0,8,61
01/06/2022,COU,MO,ACE,CE,Federal Contract Tower,7,8,13,0,28,0,0,6,0,6,7,8,19,0,34,0,0,0,34
01/07/2022,COU,MO,ACE,CE,Federal Contract Tower,7,1,10,0,18,0,0,17,0,17,7,1,27,0,35,16,0,16,51
01/08/2022,COU,MO,ACE,CE,Federal Contract Tower,5,4,3,0,12,0,0,0,0,0,5,4,3,0,12,0,0,0,12
01/09/2022,COU,MO,ACE,CE,Federal Contract Tower,3,6,6,0,15,0,2,12,0,14,3,8,18,0,29,14,0,14,43
01/10/2022,COU,MO,ACE,CE,Federal Contract Tower,8,15,8,0,31,0,4,32,0,36,8,19,40,0,67,20,0,20,87
01/11/2022,COU,MO,ACE,CE,Federal Contract Tower,6,7,9,0,22,0,4,28,0,32,6,11,37,0,54,38,0,38,92
01/12/2022,COU,MO,ACE,CE,Federal Contract Tower,6,6,16,0,28,0,2,31,0,33,6,8,47,0,61,0,0,0,61
01/13/2022,COU,MO,ACE,CE,Federal Contract Tower,5,0,15,2,22,0,0,18,0,18,5,0,33,2,40,0,0,0,40
01/14/2022,COU,MO,ACE,CE,Federal Contract Tower,7,10,11,0,28,0,0,10,0,10,7,10,21,0,38,0,0,0,38
01/15/2022,COU,MO,ACE,CE,Federal Contract Tower,6,1,1,0,8,0,0,0,0,0,6,1,1,0,8,0,0,0,8
01/16/2022,COU,MO,ACE,CE,Federal Contract Tower,6,4,0,0,10,0,0,0,0,0,6,4,0,0,10,0,0,0,10
01/17/2022,COU,MO,ACE,CE,Federal Contract Tower,5,17,3,0,25,0,2,20,0,22,5,19,23,0,47,8,0,8,55
01/18/2022,COU,MO,ACE,CE,Federal Contract Tower,3,4,17,0,24,0,2,23,0,25,3,6,40,0,49,38,0,38,87
01/19/2022,COU,MO,ACE,CE,Federal Contract Tower,5,4,10,4,23,0,0,2,0,2,5,4,12,4,25,0,0,0,25
01/20/2022,COU,MO,ACE,CE,Federal Contract Tower,5,9,15,0,29,0,0,8,0,8,5,9,23,0,37,0,0,0,37
01/21/2022,COU,MO,ACE,CE,Federal Contract Tower,6,6,7,1,20,0,0,29,2,31,6,6,36,3,51,28,0,28,79
01/22/2022,COU,MO,ACE,CE,Federal Contract Tower,6,7,4,0,17,0,0,26,0,26,6,7,30,0,43,18,0,18,61
01/23/2022,COU,MO,ACE,CE,Federal Contract Tower,6,8,5,0,19,0,0,2,0,2,6,8,7,0,21,0,0,0,21
01/24/2022,COU,MO,ACE,CE,Federal Contract Tower,7,13,14,0,34,0,4,17,0,21,7,17,31,0,55,0,0,0,55
01/25/2022,COU,MO,ACE,CE,Federal Contract Tower,7,2,18,0,27,0,10,21,0,31,7,12,39,0,58,32,0,32,90
01/26/2022,COU,MO,ACE,CE,Federal Contract Tower,6,8,16,0,30,0,4,20,0,24,6,12,36,0,54,10,0,10,64
01/27/2022,COU,MO,ACE,CE,Federal Contract Tower,4,5,14,0,23,0,0,10,2,12,4,5,24,2,35,10,0,10,45
01/28/2022,COU,MO,ACE,CE,Federal Contract Tower,7,5,19,0,31,0,0,21,0,21,7,5,40,0,52,16,0,16,68
01/29/2022,COU,MO,ACE,CE,Federal Contract Tower,7,3,14,0,24,0,4,38,0,42,7,7,52,0,66,22,0,22,88
01/30/2022,COU,MO,ACE,CE,Federal Contract Tower,4,3,14,0,21,0,2,16,0,18,4,5,30,0,39,2,0,2,41
01/31/2022,COU,MO,ACE,CE,Federal Contract Tower,4,14,17,0,35,0,2,25,3,30,4,16,42,3,65,46,0,46,111
02/01/2022,COU,MO,ACE,CE,Federal Contract Tower,8,5,13,0,26,0,0,2,1,3,8,5,15,1,29,6,0,6,35
02/02/2022,COU,MO,ACE,CE,Federal Contract Tower,1,2,1,0,4,0,0,0,0,0,1,2,1,0,4,0,0,0,4
02/03/2022,COU,MO,ACE,CE,Federal Contract Tower,2,8,3,0,13,0,0,0,0,0,2,8,3,0,13,0,0,0,13
02/04/2022,COU,MO,ACE,CE,Federal Contract Tower,7,6,8,0,21,0,0,7,0,7,7,6,15,0,28,0,0,0,28
02/05/2022,COU,MO,ACE,CE,Federal Contract Tower,4,5,7,0,16,0,2,20,0,22,4,7,27,0,38,16,0,16,54
02/06/2022,COU,MO,ACE,CE,Federal Contract Tower,5,9,6,0,20,0,2,18,0,20,5,11,24,0,40,18,0,18,58
02/07/2022,COU,MO,ACE,CE,Federal Contract Tower,3,14,11,0,28,0,4,31,0,35,3,18,42,0,63,22,0,22,85
02/08/2022,COU,MO,ACE,CE,Federal Contract Tower,7,11,20,0,38,0,4,18,0,22,7,15,38,0,60,0,0,0,60
02/09/2022,COU,MO,ACE,CE,Federal Contract Tower,4,9,18,0,31,0,3,25,0,28,4,12,43,0,59,0,0,0,59
02/10/2022,COU,MO,ACE,CE,Federal Contract Tower,7,4,14,0,25,0,0,21,0,21,7,4,35,0,46,4,0,4,50
02/11/2022,COU,MO,ACE,CE,Federal Contract Tower,5,9,18,0,32,0,0,7,0,7,5,9,25,0,39,16,0,16,55
02/12/2022,COU,MO,ACE,CE,Federal Contract Tower,5,11,10,0,26,0,2,32,0,34,5,13,42,0,60,2,0,2,62
02/13/2022,COU,MO,ACE,CE,Federal Contract Tower,3,4,6,0,13,0,2,18,0,20,3,6,24,0,33,10,0,10,43
02/14/2022,COU,MO,ACE,CE,Federal Contract Tower,6,18,7,0,31,0,4,26,0,30,6,22,33,0,61,18,0,18,79
02/15/2022,COU,MO,ACE,CE,Federal Contract Tower,6,9,18,0,33,0,0,16,1,17,6,9,34,1,50,0,0,0,50
02/16/2022,COU,MO,ACE,CE,Federal Contract Tower,6,5,17,1,29,0,0,2,0,2,6,5,19,1,31,0,0,0,31
02/17/2022,COU,MO,ACE,CE,Federal Contract Tower,0,0,1,0,1,0,0,0,0,0,0,0,1,0,1,0,0,0,1
02/18/2022,COU,MO,ACE,CE,Federal Contract Tower,8,9,8,0,25,0,0,11,0,11,8,9,19,0,36,12,0,12,48
02/19/2022,COU,MO,ACE,CE,Federal Contract Tower,4,2,10,0,16,0,4,36,0,40,4,6,46,0,56,18,0,18,74
02/20/2022,COU,MO,ACE,CE,Federal Contract Tower,2,6,9,0,17,0,2,25,0,27,2,8,34,0,44,10,0,10,54
02/21/2022,COU,MO,ACE,CE,Federal Contract Tower,5,18,11,0,34,0,2,30,0,32,5,20,41,0,66,4,0,4,70
02/22/2022,COU,MO,ACE,CE,Federal Contract Tower,9,7,16,0,32,0,0,0,0,0,9,7,16,0,32,0,0,0,32
02/23/2022,COU,MO,ACE,CE,Federal Contract Tower,4,10,28,0,42,0,0,4,0,4,4,10,32,0,46,0,0,0,46
02/24/2022,COU,MO,ACE,CE,Federal Contract Tower,0,3,6,0,9,0,0,0,0,0,0,3,6,0,9,0,0,0,9
02/25/2022,COU,MO,ACE,CE,Federal Contract Tower,4,2,14,0,20,0,0,3,0,3,4,2,17,0,23,0,0,0,23
02/26/2022,COU,MO,ACE,CE,Federal Contract Tower,4,6,9,0,19,0,2,28,0,30,4,8,37,0,49,18,0,18,67
02/27/2022,COU,MO,ACE,CE,Federal Contract Tower,5,7,16,0,28,0,2,47,0,49,5,9,63,0,77,62,0,62,139
02/28/2022,COU,MO,ACE,CE,Federal Contract Tower,5,12,21,0,38,0,2,34,0,36,5,14,55,0,74,8,0,8,82
03/01/2022,COU,MO,ACE,CE,Federal Contract Tower,2,1,14,0,17,0,4,23,0,27,2,5,37,0,44,30,0,30,74
03/02/2022,COU,MO,ACE,CE,Federal Contract Tower,7,1,15,0,23,0,4,35,0,39,7,5,50,0,62,24,0,24,86
03/03/2022,COU,MO,ACE,CE,Federal Contract Tower,4,4,17,0,25,0,0,40,2,42,4,4,57,2,67,14,0,14,81
03/04/2022,COU,MO,ACE,CE,Federal Contract Tower,5,8,11,0,24,0,0,33,0,33,5,8,44,0,57,20,0,20,77
03/05/2022,COU,MO,ACE,CE,Federal Contract Tower,5,5,11,0,21,0,2,9,3,14,5,7,20,3,35,0,0,0,35
03/06/2022,COU,MO,ACE,CE,Federal Contract Tower,3,3,17,0,23,0,2,26,0,28,3,5,43,0,51,12,0,12,63
03/07/2022,COU,MO,ACE,CE,Federal Contract Tower,8,16,13,2,39,0,0,0,0,0,8,16,13,2,39,0,0,0,39
03/08/2022,COU,MO,ACE,CE,Federal Contract Tower,7,9,11,0,27,0,4,27,0,31,7,13,38,0,58,32,0,32,90
03/09/2022,COU,MO,ACE,CE,Federal Contract Tower,7,4,19,0,30,0,2,29,0,31,7,6,48,0,61,0,0,0,61
03/10/2022,COU,MO,ACE,CE,Federal Contract Tower,7,2,12,0,21,0,0,0,0,0,7,2,12,0,21,0,0,0,21
03/11/2022,COU,MO,ACE,CE,Federal Contract Tower,9,6,6,0,21,0,0,8,0,8,9,6,14,0,29,6,0,6,35
03/12/2022,COU,MO,ACE,CE,Federal Contract Tower,5,13,5,0,23,0,4,11,0,15,5,17,16,0,38,6,0,6,44
03/13/2022,COU,MO,ACE,CE,Federal Contract Tower,7,1,14,0,22,0,2,16,0,18,7,3,30,0,40,8,0,8,48
03/14/2022,COU,MO,ACE,CE,Federal Contract Tower,6,16,17,0,39,0,4,32,0,36,6,20,49,0,75,18,0,18,93
03/15/2022,COU,MO,ACE,CE,Federal Contract Tower,6,6,17,0,29,0,2,31,0,33,6,8,48,0,62,50,0,50,112
03/16/2022,COU,MO,ACE,CE,Federal Contract Tower,7,7,21,0,35,0,4,31,0,35,7,11,52,0,70,42,0,42,112
03/17/2022,COU,MO,ACE,CE,Federal Contract Tower,7,4,14,0,25,0,0,29,0,29,7,4,43,0,54,32,0,32,86
03/18/2022,COU,MO,ACE,CE,Federal Contract Tower,7,3,10,0,20,0,0,0,0,0,7,3,10,0,20,0,0,0,20
03/19/2022,COU,MO,ACE,CE,Federal Contract Tower,5,5,11,0,21,0,2,40,0,42,5,7,51,0,63,20,0,20,83
03/20/2022,COU,MO,ACE,CE,Federal Contract Tower,4,9,15,0,28,0,2,32,0,34,4,11,47,0,62,0,0,0,62
03/21/2022,COU,MO,ACE,CE,Federal Contract Tower,3,10,14,0,27,0,2,17,0,19,3,12,31,0,46,66,0,66,112
03/22/2022,COU,MO,ACE,CE,Federal Contract Tower,6,7,19,0,32,0,0,7,0,7,6,7,26,0,39,0,0,0,39
03/23/2022,COU,MO,ACE,CE,Federal Contract Tower,6,3,7,0,16,0,0,0,0,0,6,3,7,0,16,0,0,0,16
03/24/2022,COU,MO,ACE,CE,Federal Contract Tower,4,12,12,0,28,0,0,2,0,2,4,12,14,0,30,0,0,0,30
03/25/2022,COU,MO,ACE,CE,Federal Contract Tower,5,6,14,0,25,0,0,10,0,10,5,6,24,0,35,2,0,2,37
03/26/2022,COU,MO,ACE,CE,Federal Contract Tower,5,8,10,0,23,0,0,15,0,15,5,8,25,0,38,0,0,0,38
03/27/2022,COU,MO,ACE,CE,Federal Contract Tower,7,11,7,0,25,0,2,17,0,19,7,13,24,0,44,16,0,16,60
03/28/2022,COU,MO,ACE,CE,Federal Contract Tower,5,14,10,0,29,0,4,24,0,28,5,18,34,0,57,12,0,12,69
03/29/2022,COU,MO,ACE,CE,Federal Contract Tower,6,2,13,0,21,0,2,16,0,18,6,4,29,0,39,0,0,0,39
03/30/2022,COU,MO,ACE,CE,Federal Contract Tower,6,8,8,2,24,0,0,0,0,0,6,8,8,2,24,0,0,0,24
03/31/2022,COU,MO,ACE,CE,Federal Contract Tower,6,5,19,0,30,0,0,4,0,4,6,5,23,0,34,36,0,36,70
04/01/2022,COU,MO,ACE,CE,Federal Contract Tower,6,3,11,0,20,0,0,25,0,25,6,3,36,0,45,10,0,10,55
04/02/2022,COU,MO,ACE,CE,Federal Contract Tower,5,4,6,4,19,0,2,18,0,20,5,6,24,4,39,16,0,16,55
04/03/2022,COU,MO,ACE,CE,Federal Contract Tower,7,11,25,1,44,0,2,33,0,35,7,13,58,1,79,12,0,12,91
04/04/2022,COU,MO,ACE,CE,Federal Contract Tower,5,18,16,0,39,0,2,27,0,29,5,20,43,0,68,22,0,22,90
04/05/2022,COU,MO,ACE,CE,Federal Contract Tower,6,4,19,0,29,0,4,10,0,14,6,8,29,0,43,0,0,0,43
04/06/2022,COU,MO,ACE,CE,Federal Contract Tower,7,2,7,0,16,0,2,8,0,10,7,4,15,0,26,0,0,0,26
04/07/2022,COU,MO,ACE,CE,Federal Contract Tower,5,6,17,0,28,0,0,2,0,2,5,6,19,0,30,0,0,0,30
04/08/2022,COU,MO,ACE,CE,Federal Contract Tower,5,3,17,0,25,0,0,2,0,2,5,3,19,0,27,4,0,4,31
04/09/2022,COU,MO,ACE,CE,Federal Contract Tower,10,1,12,0,23,0,2,15,0,17,10,3,27,0,40,14,0,14,54
04/10/2022,COU,MO,ACE,CE,Federal Contract Tower,8,6,4,0,18,0,0,2,0,2,8,6,6,0,20,0,0,0,20
04/11/2022,COU,MO,ACE,CE,Federal Contract Tower,7,19,13,4,43,0,2,11,0,13,7,21,24,4,56,18,0,18,74
04/12/2022,COU,MO,ACE,CE,Federal Contract Tower,7,4,19,0,30,0,0,6,1,7,7,4,25,1,37,0,0,0,37
04/13/2022,COU,MO,ACE,CE,Federal Contract Tower,4,4,9,0,17,0,0,0,0,0,4,4,9,0,17,0,0,0,17
04/14/2022,COU,MO,ACE,CE,Federal Contract Tower,5,14,26,0,45,0,0,16,1,17,5,14,42,1,62,24,0,24,86
04/15/2022,COU,MO,ACE,CE,Federal Contract Tower,5,2,15,0,22,0,0,15,0,15,5,2,30,0,37,10,0,10,47
04/16/2022,COU,MO,ACE,CE,Federal Contract Tower,7,10,9,0,26,0,2,19,0,21,7,12,28,0,47,2,0,2,49
04/17/2022,COU,MO,ACE,CE,Federal Contract Tower,8,3,3,0,14,0,0,0,0,0,8,3,3,0,14,0,0,0,14
04/18/2022,COU,MO,ACE,CE,Federal Contract Tower,6,28,19,0,53,0,2,15,0,17,6,30,34,0,70,42,0,42,112
04/19/2022,COU,MO,ACE,CE,Federal Contract Tower,6,9,15,2,32,0,0,19,0,19,6,9,34,2,51,4,0,4,55
04/20/2022,COU,MO,ACE,CE,Federal Contract Tower,7,1,15,0,23,0,0,0,0,0,7,1,15,0,23,0,0,0,23
04/21/2022,COU,MO,ACE,CE,Federal Contract Tower,5,8,15,0,28,0,0,19,0,19,5,8,34,0,47,26,0,26,73
04/22/2022,COU,MO,ACE,CE,Federal Contract Tower,5,11,18,0,34,0,0,10,0,10,5,11,28,0,44,8,0,8,52
04/23/2022,COU,MO,ACE,CE,Federal Contract Tower,9,0,6,0,15,0,0,0,0,0,9,0,6,0,15,0,0,0,15
04/24/2022,COU,MO,ACE,CE,Federal Contract Tower,7,5,15,0,27,0,0,3,0,3,7,5,18,0,30,16,0,16,46
04/25/2022,COU,MO,ACE,CE,Federal Contract Tower,6,11,25,0,42,0,2,34,0,36,6,13,59,0,78,74,0,74,152
04/26/2022,COU,MO,ACE,CE,Federal Contract Tower,6,3,17,0,26,0,2,31,0,33,6,5,48,0,59,60,0,60,119
04/27/2022,COU,MO,ACE,CE,Federal Contract Tower,6,5,24,0,35,0,2,22,0,24,6,7,46,0,59,30,0,30,89
04/28/2022,COU,MO,ACE,CE,Federal Contract Tower,6,4,19,0,29,0,0,9,0,9,6,4,28,0,38,30,0,30,68
04/29/2022,COU,MO,ACE,CE,Federal Contract Tower,6,8,5,0,19,0,0,2,0,2,6,8,7,0,21,20,0,20,41
04/30/2022,COU,MO,ACE,CE,Federal Contract Tower,8,2,8,0,18,0,2,15,0,17,8,4,23,0,35,8,0,8,43
05/01/2022,COU,MO,ACE,CE,Federal Contract Tower,9,0,6,0,15,0,0,26,0,26,9,0,32,0,41,6,0,6,47
05/02/2022,COU,MO,ACE,CE,Federal Contract Tower,7,21,8,0,36,0,0,10,0,10,7,21,18,0,46,4,0,4,50
05/03/2022,COU,MO,ACE,CE,Federal Contract Tower,8,6,32,4,50,0,0,9,0,9,8,6,41,4,59,18,0,18,77
05/04/2022,COU,MO,ACE,CE,Federal Contract Tower,7,11,23,0,41,0,0,0,0,0,7,11,23,0,41,0,0,0,41
05/05/2022,COU,MO,ACE,CE,Federal Contract Tower,6,11,14,0,31,0,0,2,0,2,6,11,16,0,33,0,0,0,33
05/06/2022,COU,MO,ACE,CE,Federal Contract Tower,4,3,28,2,37,0,0,8,0,8,4,3,36,2,45,0,0,0,45
05/07/2022,COU,MO,ACE,CE,Federal Contract Tower,7,8,19,0,34,0,4,65,0,69,7,12,84,0,103,26,0,26,129
05/08/2022,COU,MO,ACE,CE,Federal Contract Tower,7,6,15,0,28,0,0,8,0,8,7,6,23,0,36,4,0,4,40
05/09/2022,COU,MO,ACE,CE,Federal Contract Tower,6,13,18,0,37,0,2,15,0,17,6,15,33,0,54,10,0,10,64
05/10/2022,COU,MO,ACE,CE,Federal Contract Tower,7,4,20,0,31,0,4,26,0,30,7,8,46,0,61,28,0,28,89
05/11/2022,COU,MO,ACE,CE,Federal Contract Tower,6,10,23,0,39,0,6,22,2,30,6,16,45,2,69,28,8,36,105
05/12/2022,COU,MO,ACE,CE,Federal Contract Tower,4,8,21,2,35,0,0,22,0,22,4,8,43,2,57,40,0,40,97
05/13/2022,COU,MO,ACE,CE,Federal Contract Tower,4,7,20,0,31,0,0,24,0,24,4,7,44,0,55,2,0,2,57
05/14/2022,COU,MO,ACE,CE,Federal Contract Tower,6,4,11,0,21,0,4,24,0,28,6,8,35,0,49,38,0,38,87
05/15/2022,COU,MO,ACE,CE,Federal Contract Tower,4,9,8,0,21,0,2,16,0,18,4,11,24,0,39,0,0,0,39
05/16/2022,COU,MO,ACE,CE,Federal Contract Tower,6,17,15,0,38,0,2,38,0,40,6,19,53,0,78,40,0,40,118
05/17/2022,COU,MO,ACE,CE,Federal Contract Tower,6,3,31,0,40,0,4,23,0,27,6,7,54,0,67,26,0,26,93
05/18/2022,COU,MO,ACE,CE,Federal Contract Tower,5,7,20,2,34,0,4,22,0,26,5,11,42,2,60,22,0,22,82
05/19/2022,COU,MO,ACE,CE,Federal Contract Tower,6,9,17,0,32,0,0,9,0,9,6,9,26,0,41,42,0,42,83
05/20/2022,COU,MO,ACE,CE,Federal Contract Tower,6,2,23,2,33,0,0,22,0,22,6,2,45,2,55,38,0,38,93
05/21/2022,COU,MO,ACE,CE,Federal Contract Tower,6,1,2,0,9,0,0,3,0,3,6,1,5,0,12,0,0,0,12
05/22/2022,COU,MO,ACE,CE,Federal Contract Tower,6,2,27,0,35,0,2,26,0,28,6,4,53,0,63,8,0,8,71
05/23/2022,COU,MO,ACE,CE,Federal Contract Tower,4,14,21,0,39,0,4,53,0,57,4,18,74,0,96,128,0,128,224
05/24/2022,COU,MO,ACE,CE,Federal Contract Tower,5,30,18,2,55,0,0,22,0,22,5,30,40,2,77,26,0,26,103
05/25/2022,COU,MO,ACE,CE,Federal Contract Tower,6,6,26,0,38,0,0,0,0,0,6,6,26,0,38,0,0,0,38
05/26/2022,COU,MO,ACE,CE,Federal Contract Tower,4,8,13,2,27,0,0,4,0,4,4,8,17,2,31,14,4,18,49
05/27/2022,COU,MO,ACE,CE,Federal Contract Tower,6,7,19,0,32,0,0,8,0,8,6,7,27,0,40,8,0,8,48
05/28/2022,COU,MO,ACE,CE,Federal Contract Tower,4,3,1,0,8,0,0,16,0,16,4,3,17,0,24,0,0,0,24
05/29/2022,COU,MO,ACE,CE,Federal Contract Tower,4,0,8,0,12,0,0,1,0,1,4,0,9,0,13,0,0,0,13
05/30/2022,COU,MO,ACE,CE,Federal Contract Tower,7,11,7,0,25,0,0,3,0,3,7,11,10,0,28,0,0,0,28
05/31/2022,COU,MO,ACE,CE,Federal Contract Tower,7,0,22,0,29,0,2,19,0,21,7,2,41,0,50,22,0,22,72
06/01/2022,COU,MO,ACE,CE,Federal Contract Tower,4,4,7,0,15,0,0,1,0,1,4,4,8,0,16,0,0,0,16
06/02/2022,COU,MO,ACE,CE,Federal Contract Tower,4,2,19,0,25,0,4,36,0,40,4,6,55,0,65,64,0,64,129
06/03/2022,COU,MO,ACE,CE,Federal Contract Tower,3,2,20,0,25,0,0,40,0,40,3,2,60,0,65,24,0,24,89
06/04/2022,COU,MO,ACE,CE,Federal Contract Tower,2,9,14,0,25,0,2,25,0,27,2,11,39,0,52,58,0,58,110
06/05/2022,COU,MO,ACE,CE,Federal Contract Tower,4,2,4,6,16,0,2,21,0,23,4,4,25,6,39,16,0,16,55
06/06/2022,COU,MO,ACE,CE,Federal Contract Tower,7,13,14,0,34,0,4,19,0,23,7,17,33,0,57,14,0,14,71
06/07/2022,COU,MO,ACE,CE,Federal Contract Tower,5,4,19,0,28,0,2,33,4,39,5,6,52,4,67,56,0,56,123
06/08/2022,COU,MO,ACE,CE,Federal Contract Tower,7,0,20,0,27,0,2,10,0,12,7,2,30,0,39,8,0,8,47
06/09/2022,COU,MO,ACE,CE,Federal Contract Tower,6,0,13,0,19,0,0,50,0,50,6,0,63,0,69,20,0,20,89
06/10/2022,COU,MO,ACE,CE,Federal Contract Tower,6,5,14,2,27,0,2,16,2,20,6,7,30,4,47,52,8,60,107
06/11/2022,COU,MO,ACE,CE,Federal Contract Tower,2,4,20,0,26,0,3,12,0,15,2,7,32,0,41,40,0,40,81
06/12/2022,COU,MO,ACE,CE,Federal Contract Tower,4,15,17,0,36,0,0,20,0,20,4,15,37,0,56,18,0,18,74
06/13/2022,COU,MO,ACE,CE,Federal Contract Tower,4,16,9,0,29,0,2,38,1,41,4,18,47,1,70,38,0,38,108
06/14/2022,COU,MO,ACE,CE,Federal Contract Tower,4,2,11,0,17,0,4,23,2,29,4,6,34,2,46,34,0,34,80
06/15/2022,COU,MO,ACE,CE,Federal Contract Tower,4,2,18,0,24,0,4,42,4,50,4,6,60,4,74,22,10,32,106
06/16/2022,COU,MO,ACE,CE,Federal Contract Tower,6,3,12,0,21,0,6,25,2,33,6,9,37,2,54,0,0,0,54
06/17/2022,COU,MO,ACE,CE,Federal Contract Tower,4,2,21,0,27,0,1,20,0,21,4,3,41,0,48,24,0,24,72
06/18/2022,COU,MO,ACE,CE,Federal Contract Tower,2,8,6,0,16,0,2,23,0,25,2,10,29,0,41,28,0,28,69
06/19/2022,COU,MO,ACE,CE,Federal Contract Tower,6,5,5,0,16,0,2,32,0,34,6,7,37,0,50,30,0,30,80
06/20/2022,COU,MO,ACE,CE,Federal Contract Tower,4,16,9,0,29,0,4,33,0,37,4,20,42,0,66,50,0,50,116
06/21/2022,COU,MO,ACE,CE,Federal Contract Tower,7,1,20,0,28,0,0,22,0,22,7,1,42,0,50,36,0,36,86
06/22/2022,COU,MO,ACE,CE,Federal Contract Tower,4,5,24,0,33,0,2,35,0,37,4,7,59,0,70,102,0,102,172
06/23/2022,COU,MO,ACE,CE,Federal Contract Tower,3,8,15,0,26,0,1,29,0,30,3,9,44,0,56,56,0,56,112
06/24/2022,COU,MO,ACE,CE,Federal Contract Tower,5,4,12,0,21,0,0,14,0,14,5,4,26,0,35,14,0,14,49
06/25/2022,COU,MO,ACE,CE,Federal Contract Tower,6,2,11,0,19,0,0,4,0,4,6,2,15,0,23,0,0,0,23
06/26/2022,COU,MO,ACE,CE,Federal Contract Tower,4,2,7,0,13,0,2,33,0,35,4,4,40,0,48,20,0,20,68
06/27/2022,COU,MO,ACE,CE,Federal Contract Tower,5,20,12,0,37,0,20,38,0,58,5,40,50,0,95,24,0,24,119
06/28/2022,COU,MO,ACE,CE,Federal Contract Tower,4,8,26,2,40,0,4,44,0,48,4,12,70,2,88,42,0,42,130
06/29/2022,COU,MO,ACE,CE,Federal Contract Tower,4,10,17,0,31,0,4,32,0,36,4,14,49,0,67,50,0,50,117
06/30/2022,COU,MO,ACE,CE,Federal Contract Tower,6,7,17,0,30,0,0,24,0,24,6,7,41,0,54,84,0,84,138
07/01/2022,COU,MO,ACE,CE,Federal Contract Tower,6,2,12,0,20,0,2,20,0,22,6,4,32,0,42,30,0,30,72
07/02/2022,COU,MO,ACE,CE,Federal Contract Tower,2,3,6,0,11,0,0,2,0,2,2,3,8,0,13,0,0,0,13
07/03/2022,COU,MO,ACE,CE,Federal Contract Tower,4,3,8,0,15,0,0,2,0,2,4,3,10,0,17,0,0,0,17
07/04/2022,COU,MO,ACE,CE,Federal Contract Tower,4,5,1,0,10,0,2,9,0,11,4,7,10,0,21,12,0,12,33
07/05/2022,COU,MO,ACE,CE,Federal Contract Tower,4,13,18,0,35,0,2,26,0,28,4,15,44,0,63,40,0,40,103
07/06/2022,COU,MO,ACE,CE,Federal Contract Tower,4,6,12,0,22,0,4,41,0,45,4,10,53,0,67,20,0,20,87
07/07/2022,COU,MO,ACE,CE,Federal Contract Tower,4,6,11,0,21,0,0,23,0,23,4,6,34,0,44,36,0,36,80
07/08/2022,COU,MO,ACE,CE,Federal Contract Tower,6,1,14,0,21,0,0,23,2,25,6,1,37,2,46,72,0,72,118
07/09/2022,COU,MO,ACE,CE,Federal Contract Tower,5,2,3,0,10,0,2,9,0,11,5,4,12,0,21,22,0,22,43
07/10/2022,COU,MO,ACE,CE,Federal Contract Tower,4,4,11,0,19,0,0,29,0,29,4,4,40,0,48,46,0,46,94
07/11/2022,COU,MO,ACE,CE,Federal Contract Tower,3,21,5,0,29,0,2,39,0,41,3,23,44,0,70,64,0,64,134
07/12/2022,COU,MO,ACE,CE,Federal Contract Tower,9,1,21,0,31,0,2,34,4,40,9,3,55,4,71,84,0,84,155
07/13/2022,COU,MO,ACE,CE,Federal Contract Tower,6,2,23,0,31,0,2,26,0,28,6,4,49,0,59,84,0,84,143
07/14/2022,COU,MO,ACE,CE,Federal Contract Tower,4,2,15,2,23,0,0,27,0,27,4,2,42,2,50,46,0,46,96
07/15/2022,COU,MO,ACE,CE,Federal Contract Tower,5,2,8,0,15,0,0,17,0,17,5,2,25,0,32,68,0,68,100
07/16/2022,COU,MO,ACE,CE,Federal Contract Tower,3,9,5,0,17,0,2,22,0,24,3,11,27,0,41,36,0,36,77
07/17/2022,COU,MO,ACE,CE,Federal Contract Tower,6,5,10,0,21,0,0,0,0,0,6,5,10,0,21,0,0,0,21
07/18/2022,COU,MO,ACE,CE,Federal Contract Tower,5,15,8,0,28,0,4,28,4,36,5,19,36,4,64,16,10,26,90
07/19/2022,COU,MO,ACE,CE,Federal Contract Tower,6,1,9,0,16,0,0,0,0,0,6,1,9,0,16,10,0,10,26
07/20/2022,COU,MO,ACE,CE,Federal Contract Tower,5,2,13,0,20,0,0,0,0,0,5,2,13,0,20,2,0,2,22
07/21/2022,COU,MO,ACE,CE,Federal Contract Tower,6,4,16,2,28,0,3,22,10,35,6,7,38,12,63,6,0,6,69
07/22/2022,COU,MO,ACE,CE,Federal Contract Tower,6,13,12,2,33,0,4,22,4,30,6,17,34,6,63,28,0,28,91
07/23/2022,COU,MO,ACE,CE,Federal Contract Tower,2,3,12,0,17,0,6,22,0,28,2,9,34,0,45,18,0,18,63
07/24/2022,COU,MO,ACE,CE,Federal Contract Tower,4,9,11,0,24,0,2,19,0,21,4,11,30,0,45,0,0,0,45
07/25/2022,COU,MO,ACE,CE,Federal Contract Tower,4,12,13,0,29,0,0,23,0,23,4,12,36,0,52,70,0,70,122
07/26/2022,COU,MO,ACE,CE,Federal Contract Tower,6,0,15,0,21,0,2,24,0,26,6,2,39,0,47,24,0,24,71
07/27/2022,COU,MO,ACE,CE,Federal Contract Tower,6,9,22,0,37,0,4,17,0,21,6,13,39,0,58,46,0,46,104
07/28/2022,COU,MO,ACE,CE,Federal Contract Tower,6,8,21,2,37,0,0,16,0,16,6,8,37,2,53,68,0,68,121
07/29/2022,COU,MO,ACE,CE,Federal Contract Tower,1,7,13,0,21,0,0,33,0,33,1,7,46,0,54,22,0,22,76
07/30/2022,COU,MO,ACE,CE,Federal Contract Tower,2,3,9,0,14,0,0,16,0,16,2,3,25,0,30,14,0,14,44
07/31/2022,COU,MO,ACE,CE,Federal Contract Tower,5,5,15,0,25,0,0,14,0,14,5,5,29,0,39,18,0,18,57
08/01/2022,COU,MO,ACE,CE,Federal Contract Tower,4,4,6,0,14,0,2,26,0,28,4,6,32,0,42,56,0,56,98
08/02/2022,COU,MO,ACE,CE,Federal Contract Tower,6,1,13,4,24,0,2,34,4,40,6,3,47,8,64,78,10,88,152
08/03/2022,COU,MO,ACE,CE,Federal Contract Tower,7,3,13,0,23,0,6,25,2,33,7,9,38,2,56,58,0,58,114
08/04/2022,COU,MO,ACE,CE,Federal Contract Tower,6,9,8,2,25,0,0,12,4,16,6,9,20,6,41,46,0,46,87
08/05/2022,COU,MO,ACE,CE,Federal Contract Tower,5,2,14,2,23,0,0,21,0,21,5,2,35,2,44,24,0,24,68
08/06/2022,COU,MO,ACE,CE,Federal Contract Tower,6,2,6,0,14,0,2,13,1,16,6,4,19,1,30,14,0,14,44
08/07/2022,COU,MO,ACE,CE,Federal Contract Tower,4,6,13,0,23,0,2,20,1,23,4,8,33,1,46,6,0,6,52
08/08/2022,COU,MO,ACE,CE,Federal Contract Tower,3,11,15,0,29,0,2,23,0,25,3,13,38,0,54,0,0,0,54
08/09/2022,COU,MO,ACE,CE,Federal Contract Tower,4,8,16,2,30,0,0,17,0,17,4,8,33,2,47,22,0,22,69
08/10/2022,COU,MO,ACE,CE,Federal Contract Tower,4,6,20,0,30,0,0,20,6,26,4,6,40,6,56,36,0,36,92
08/11/2022,COU,MO,ACE,CE,Federal Contract Tower,6,7,19,0,32,0,0,17,2,19,6,7,36,2,51,50,0,50,101
08/12/2022,COU,MO,ACE,CE,Federal Contract Tower,6,5,7,0,18,0,0,36,0,36,6,5,43,0,54,32,0,32,86
08/13/2022,COU,MO,ACE,CE,Federal Contract Tower,4,2,7,0,13,0,0,20,0,20,4,2,27,0,33,0,0,0,33
08/14/2022,COU,MO,ACE,CE,Federal Contract Tower,3,4,7,0,14,0,2,14,0,16,3,6,21,0,30,18,0,18,48
08/15/2022,COU,MO,ACE,CE,Federal Contract Tower,4,6,19,0,29,0,2,11,0,13,4,8,30,0,42,28,0,28,70
08/16/2022,COU,MO,ACE,CE,Federal Contract Tower,6,6,12,0,24,0,2,5,0,7,6,8,17,0,31,0,0,0,31
08/17/2022,COU,MO,ACE,CE,Federal Contract Tower,4,2,16,0,22,0,2,31,2,35,4,4,47,2,57,50,0,50,107
08/18/2022,COU,MO,ACE,CE,Federal Contract Tower,3,8,17,0,28,0,0,26,2,28,3,8,43,2,56,62,0,62,118
08/19/2022,COU,MO,ACE,CE,Federal Contract Tower,6,2,8,0,16,0,0,6,0,6,6,2,14,0,22,58,0,58,80
08/20/2022,COU,MO,ACE,CE,Federal Contract Tower,1,4,7,0,12,0,2,18,2,22,1,6,25,2,34,20,6,26,60
08/21/2022,COU,MO,ACE,CE,Federal Contract Tower,3,3,16,2,24,0,2,16,0,18,3,5,32,2,42,44,0,44,86
08/22/2022,COU,MO,ACE,CE,Federal Contract Tower,4,4,13,0,21,0,2,46,0,48,4,6,59,0,69,76,0,76,145
08/23/2022,COU,MO,ACE,CE,Federal Contract Tower,3,4,17,0,24,0,2,41,0,43,3,6,58,0,67,108,0,108,175
08/24/2022,COU,MO,ACE,CE,Federal Contract Tower,2,4,16,0,22,0,2,43,0,45,2,6,59,0,67,66,0,66,133
08/25/2022,COU,MO,ACE,CE,Federal Contract Tower,2,7,19,0,28,0,0,47,0,47,2,7,66,0,75,58,0,58,133
08/26/2022,COU,MO,ACE,CE,Federal Contract Tower,7,5,10,1,23,0,0,26,1,27,7,5,36,2,50,38,0,38,88
08/27/2022,COU,MO,ACE,CE,Federal Contract Tower,3,4,4,0,11,0,0,11,0,11,3,4,15,0,22,34,0,34,56
08/28/2022,COU,MO,ACE,CE,Federal Contract Tower,4,5,5,0,14,0,2,17,0,19,4,7,22,0,33,10,0,10,43
08/29/2022,COU,MO,ACE,CE,Federal Contract Tower,7,15,18,0,40,0,4,28,0,32,7,19,46,0,72,52,0,52,124
08/30/2022,COU,MO,ACE,CE,Federal Contract Tower,7,0,15,0,22,0,2,25,0,27,7,2,40,0,49,114,0,114,163
08/31/2022,COU,MO,ACE,CE,Federal Contract Tower,5,6,17,0,28,0,2,29,0,31,5,8,46,0,59,84,0,84,143
09/01/2022,COU,MO,ACE,CE,Federal Contract Tower,5,12,17,2,36,0,0,35,0,35,5,12,52,2,71,80,0,80,151
09/02/2022,COU,MO,ACE,CE,Federal Contract Tower,7,9,16,0,32,0,0,26,0,26,7,9,42,0,58,64,0,64,122
09/03/2022,COU,MO,ACE,CE,Federal Contract Tower,6,3,10,0,19,0,0,11,0,11,6,3,21,0,30,70,0,70,100
09/04/2022,COU,MO,ACE,CE,Federal Contract Tower,3,5,4,0,12,0,0,11,0,11,3,5,15,0,23,78,0,78,101
09/05/2022,COU,MO,ACE,CE,Federal Contract Tower,5,18,13,0,36,0,0,2,0,2,5,18,15,0,38,0,0,0,38
09/06/2022,COU,MO,ACE,CE,Federal Contract Tower,5,13,25,0,43,0,2,20,0,22,5,15,45,0,65,106,0,106,171
09/07/2022,COU,MO,ACE,CE,Federal Contract Tower,7,12,14,0,33,0,0,41,0,41,7,12,55,0,74,96,0,96,170
09/08/2022,COU,MO,ACE,CE,Federal Contract Tower,6,7,24,0,37,0,0,29,0,29,6,7,53,0,66,120,0,120,186
09/09/2022,COU,MO,ACE,CE,Federal Contract Tower,6,6,10,3,25,0,0,24,4,28,6,6,34,7,53,34,0,34,87
09/10/2022,COU,MO,ACE,CE,Federal Contract Tower,9,8,7,0,24,0,6,24,4,34,9,14,31,4,58,6,0,6,64
09/11/2022,COU,MO,ACE,CE,Federal Contract Tower,7,8,14,0,29,0,2,6,0,8,7,10,20,0,37,0,0,0,37
09/12/2022,COU,MO,ACE,CE,Federal Contract Tower,7,18,24,0,49,0,4,20,0,24,7,22,44,0,73,42,0,42,115
09/13/2022,COU,MO,ACE,CE,Federal Contract Tower,7,5,26,0,38,0,4,34,4,42,7,9,60,4,80,44,16,60,140
09/14/2022,COU,MO,ACE,CE,Federal Contract Tower,6,7,18,0,31,0,0,27,0,27,6,7,45,0,58,102,0,102,160
09/15/2022,COU,MO,ACE,CE,Federal Contract Tower,6,7,11,0,24,0,0,21,2,23,6,7,32,2,47,56,0,56,103
09/16/2022,COU,MO,ACE,CE,Federal Contract Tower,7,8,26,0,41,0,0,32,0,32,7,8,58,0,73,72,0,72,145
09/17/2022,COU,MO,ACE,CE,Federal Contract Tower,8,10,19,0,37,0,0,16,0,16,8,10,35,0,53,28,0,28,81
09/18/2022,COU,MO,ACE,CE,Federal Contract Tower,7,3,10,0,20,0,2,10,0,12,7,5,20,0,32,72,0,72,104
09/19/2022,COU,MO,ACE,CE,Federal Contract Tower,6,8,19,0,33,0,4,29,0,33,6,12,48,0,66,64,0,64,130
09/20/2022,COU,MO,ACE,CE,Federal Contract Tower,10,8,21,0,39,0,2,46,0,48,10,10,67,0,87,70,0,70,157
09/21/2022,COU,MO,ACE,CE,Federal Contract Tower,9,3,19,0,31,0,0,34,0,34,9,3,53,0,65,84,0,84,149
09/22/2022,COU,MO,ACE,CE,Federal Contract Tower,6,7,11,0,24,0,0,23,0,23,6,7,34,0,47,190,0,190,237
09/23/2022,COU,MO,ACE,CE,Federal Contract Tower,8,9,16,0,33,0,0,7,0,7,8,9,23,0,40,30,0,30,70
09/24/2022,COU,MO,ACE,CE,Federal Contract Tower,9,3,20,0,32,0,0,29,0,29,9,3,49,0,61,32,0,32,93
09/25/2022,COU,MO,ACE,CE,Federal Contract Tower,7,4,17,0,28,0,0,9,0,9,7,4,26,0,37,0,0,0,37
09/26/2022,COU,MO,ACE,CE,Federal Contract Tower,7,23,21,0,51,0,0,28,0,28,7,23,49,0,79,88,0,88,167
09/27/2022,COU,MO,ACE,CE,Federal Contract Tower,7,7,19,0,33,0,0,38,0,38,7,7,57,0,71,140,0,140,211
09/28/2022,COU,MO,ACE,CE,Federal Contract Tower,7,5,23,0,35,0,2,29,0,31,7,7,52,0,66,92,0,92,158
09/29/2022,COU,MO,ACE,CE,Federal Contract Tower,5,5,11,0,21,0,0,22,0,22,5,5,33,0,43,84,0,84,127
09/30/2022,COU,MO,ACE,CE,Federal Contract Tower,9,14,17,0,40,0,0,41,1,42,9,14,58,1,82,118,8,126,208
10/01/2022,COU,MO,ACE,CE,Federal Contract Tower,9,13,21,0,43,0,2,34,6,42,9,15,55,6,85,48,12,60,145
10/02/2022,COU,MO,ACE,CE,Federal Contract Tower,7,13,19,0,39,0,0,34,6,40,7,13,53,6,79,84,6,90,169
10/03/2022,COU,MO,ACE,CE,Federal Contract Tower,5,18,15,0,38,0,0,37,0,37,5,18,52,0,75,18,0,18,93
10/04/2022,COU,MO,ACE,CE,Federal Contract Tower,8,4,21,6,39,0,0,41,0,41,8,4,62,6,80,156,0,156,236
10/05/2022,COU,MO,ACE,CE,Federal Contract Tower,8,7,23,0,38,0,2,32,0,34,8,9,55,0,72,104,0,104,176
10/06/2022,COU,MO,ACE,CE,Federal Contract Tower,8,11,22,0,41,0,0,21,2,23,8,11,43,2,64,48,0,48,112
10/07/2022,COU,MO,ACE,CE,Federal Contract Tower,9,5,20,0,34,0,0,18,2,20,9,5,38,2,54,22,0,22,76
10/08/2022,COU,MO,ACE,CE,Federal Contract Tower,5,9,12,0,26,0,0,34,0,34,5,9,46,0,60,0,0,0,60
10/09/2022,COU,MO,ACE,CE,Federal Contract Tower,8,8,22,0,38,0,2,12,0,14,8,10,34,0,52,12,0,12,64
10/10/2022,COU,MO,ACE,CE,Federal Contract Tower,7,14,10,0,31,0,4,26,0,30,7,18,36,0,61,82,0,82,143
10/11/2022,COU,MO,ACE,CE,Federal Contract Tower,7,5,10,0,22,0,2,7,0,9,7,7,17,0,31,34,0,34,65
10/12/2022,COU,MO,ACE,CE,Federal Contract Tower,6,23,18,0,47,0,2,30,2,34,6,25,48,2,81,48,0,48,129
10/13/2022,COU,MO,ACE,CE,Federal Contract Tower,7,18,20,0,45,0,0,13,24,37,7,18,33,24,82,8,0,8,90
10/14/2022,COU,MO,ACE,CE,Federal Contract Tower,6,6,24,0,36,0,0,29,0,29,6,6,53,0,65,78,0,78,143
10/15/2022,COU,MO,ACE,CE,Federal Contract Tower,9,4,10,0,23,0,0,45,0,45,9,4,55,0,68,114,0,114,182
10/16/2022,COU,MO,ACE,CE,Federal Contract Tower,6,9,16,0,31,0,2,21,0,23,6,11,37,0,54,72,0,72,126
10/17/2022,COU,MO,ACE,CE,Federal Contract Tower,6,21,14,0,41,0,0,23,0,23,6,21,37,0,64,26,0,26,90
10/18/2022,COU,MO,ACE,CE,Federal Contract Tower,7,3,30,0,40,0,3,25,0,28,7,6,55,0,68,120,0,120,188
10/19/2022,COU,MO,ACE,CE,Federal Contract Tower,8,8,26,0,42,0,2,28,0,30,8,10,54,0,72,106,0,106,178
10/20/2022,COU,MO,ACE,CE,Federal Contract Tower,6,9,26,0,41,0,1,35,9,45,6,10,61,9,86,112,6,118,204
10/21/2022,COU,MO,ACE,CE,Federal Contract Tower,7,11,32,0,50,0,0,36,2,38,7,11,68,2,88,108,0,108,196
10/22/2022,COU,MO,ACE,CE,Federal Contract Tower,4,16,12,0,32,0,0,10,0,10,4,16,22,0,42,6,0,6,48
10/23/2022,COU,MO,ACE,CE,Federal Contract Tower,6,12,17,0,35,0,0,5,0,5,6,12,22,0,40,0,0,0,40
10/24/2022,COU,MO,ACE,CE,Federal Contract Tower,4,18,19,4,45,0,3,3,0,6,4,21,22,4,51,10,10,20,71
10/25/2022,COU,MO,ACE,CE,Federal Contract Tower,5,6,15,1,27,0,0,0,1,1,5,6,15,2,28,0,0,0,28
10/26/2022,COU,MO,ACE,CE,Federal Contract Tower,6,4,27,0,37,0,0,39,0,39,6,4,66,0,76,120,0,120,196
10/27/2022,COU,MO,ACE,CE,Federal Contract Tower,6,6,34,0,46,0,1,30,0,31,6,7,64,0,77,44,0,44,121
10/28/2022,COU,MO,ACE,CE,Federal Contract Tower,7,10,18,0,35,0,0,24,6,30,7,10,42,6,65,56,2,58,123
10/29/2022,COU,MO,ACE,CE,Federal Contract Tower,5,5,7,0,17,0,2,28,2,32,5,7,35,2,49,60,0,60,109
10/30/2022,COU,MO,ACE,CE,Federal Contract Tower,7,5,9,0,21,0,0,0,0,0,7,5,9,0,21,0,0,0,21
10/31/2022,COU,MO,ACE,CE,Federal Contract Tower,5,17,7,0,29,0,5,25,0,30,5,22,32,0,59,62,0,62,121
11/01/2022,COU,MO,ACE,CE,Federal Contract Tower,6,7,17,0,30,0,2,32,0,34,6,9,49,0,64,138,0,138,202
11/02/2022,COU,MO,ACE,CE,Federal Contract Tower,6,4,10,0,20,0,0,36,0,36,6,4,46,0,56,58,0,58,114
11/03/2022,COU,MO,ACE,CE,Federal Contract Tower,4,6,12,2,24,0,0,29,0,29,4,6,41,2,53,22,2,24,77
11/04/2022,COU,MO,ACE,CE,Federal Contract Tower,5,8,16,0,29,0,0,9,0,9,5,8,25,0,38,0,0,0,38
11/05/2022,COU,MO,ACE,CE,Federal Contract Tower,6,8,10,0,24,0,0,4,0,4,6,8,14,0,28,0,0,0,28
11/06/2022,COU,MO,ACE,CE,Federal Contract Tower,6,11,17,0,34,0,2,41,0,43,6,13,58,0,77,14,0,14,91
11/07/2022,COU,MO,ACE,CE,Federal Contract Tower,4,13,18,0,35,0,2,28,0,30,4,15,46,0,65,76,0,76,141
11/08/2022,COU,MO,ACE,CE,Federal Contract Tower,3,6,13,2,24,0,0,18,2,20,3,6,31,4,44,98,0,98,142
11/09/2022,COU,MO,ACE,CE,Federal Contract Tower,3,6,15,0,24,0,0,31,0,31,3,6,46,0,55,68,0,68,123
11/10/2022,COU,MO,ACE,CE,Federal Contract Tower,2,6,13,1,22,0,0,17,0,17,2,6,30,1,39,92,0,92,131
11/11/2022,COU,MO,ACE,CE,Federal Contract Tower,4,8,20,0,32,0,0,20,0,20,4,8,40,0,52,48,0,48,100
11/12/2022,COU,MO,ACE,CE,Federal Contract Tower,7,5,6,0,18,0,2,3,0,5,7,7,9,0,23,36,0,36,59
11/13/2022,COU,MO,ACE,CE,Federal Contract Tower,5,8,5,0,18,0,2,29,0,31,5,10,34,0,49,48,0,48,97
11/14/2022,COU,MO,ACE,CE,Federal Contract Tower,3,19,7,0,29,0,0,26,0,26,3,19,33,0,55,12,0,12,67
11/15/2022,COU,MO,ACE,CE,Federal Contract Tower,5,6,5,0,16,0,0,1,0,1,5,6,6,0,17,0,0,0,17
11/16/2022,COU,MO,ACE,CE,Federal Contract Tower,5,10,13,0,28,0,0,19,0,19,5,10,32,0,47,30,0,30,77
11/17/2022,COU,MO,ACE,CE,Federal Contract Tower,2,14,14,0,30,0,0,27,0,27,2,14,41,0,57,64,0,64,121
11/18/2022,COU,MO,ACE,CE,Federal Contract Tower,4,8,26,0,38,0,0,30,0,30,4,8,56,0,68,8,2,10,78
11/19/2022,COU,MO,ACE,CE,Federal Contract Tower,6,4,14,0,24,0,2,6,0,8,6,6,20,0,32,0,0,0,32
11/20/2022,COU,MO,ACE,CE,Federal Contract Tower,6,12,13,2,33,0,2,25,0,27,6,14,38,2,60,54,0,54,114
11/21/2022,COU,MO,ACE,CE,Federal Contract Tower,4,17,8,0,29,0,2,26,0,28,4,19,34,0,57,28,0,28,85
11/22/2022,COU,MO,ACE,CE,Federal Contract Tower,4,8,16,0,28,0,0,40,2,42,4,8,56,2,70,50,0,50,120
11/23/2022,COU,MO,ACE,CE,Federal Contract Tower,3,5,16,0,24,0,0,40,0,40,3,5,56,0,64,34,0,34,98
11/24/2022,COU,MO,ACE,CE,Federal Contract Tower,4,6,1,0,11,0,0,0,0,0,4,6,1,0,11,0,0,0,11
11/25/2022,COU,MO,ACE,CE,Federal Contract Tower,5,9,17,0,31,0,0,24,0,24,5,9,41,0,55,40,0,40,95
11/26/2022,COU,MO,ACE,CE,Federal Contract Tower,9,8,11,0,28,0,0,21,0,21,9,8,32,0,49,14,0,14,63
11/27/2022,COU,MO,ACE,CE,Federal Contract Tower,8,9,8,0,25,0,0,2,0,2,8,9,10,0,27,20,0,20,47
11/28/2022,COU,MO,ACE,CE,Federal Contract Tower,3,24,15,0,42,0,0,17,0,17,3,24,32,0,59,58,0,58,117
11/29/2022,COU,MO,ACE,CE,Federal Contract Tower,2,10,22,0,34,0,1,14,0,15,2,11,36,0,49,6,0,6,55
11/30/2022,COU,MO,ACE,CE,Federal Contract Tower,2,7,11,0,20,0,2,27,0,29,2,9,38,0,49,50,0,50,99
12/01/2022,COU,MO,ACE,CE,Federal Contract Tower,2,9,17,0,28,0,0,35,0,35,2,9,52,0,63,50,0,50,113
12/02/2022,COU,MO,ACE,CE,Federal Contract Tower,5,3,16,0,24,0,0,5,0,5,5,3,21,0,29,0,0,0,29
12/03/2022,COU,MO,ACE,CE,Federal Contract Tower,4,10,18,0,32,0,2,47,1,50,4,12,65,1,82,40,2,42,124
12/04/2022,COU,MO,ACE,CE,Federal Contract Tower,4,14,8,0,26,0,2,43,0,45,4,16,51,0,71,84,0,84,155
12/05/2022,COU,MO,ACE,CE,Federal Contract Tower,3,14,17,0,34,0,2,32,0,34,3,16,49,0,68,68,0,68,136
12/06/2022,COU,MO,ACE,CE,Federal Contract Tower,3,9,12,1,25,0,1,1,1,3,3,10,13,2,28,26,0,26,54
12/07/2022,COU,MO,ACE,CE,Federal Contract Tower,4,3,15,0,22,0,0,2,0,2,4,3,17,0,24,22,0,22,46
12/08/2022,COU,MO,ACE,CE,Federal Contract Tower,2,7,24,0,33,0,0,0,0,0,2,7,24,0,33,0,0,0,33
12/09/2022,COU,MO,ACE,CE,Federal Contract Tower,5,10,31,0,46,0,1,4,0,5,5,11,35,0,51,8,0,8,59
12/10/2022,COU,MO,ACE,CE,Federal Contract Tower,2,6,15,0,23,0,0,0,0,0,2,6,15,0,23,0,0,0,23
12/11/2022,COU,MO,ACE,CE,Federal Contract Tower,3,4,10,0,17,0,0,6,0,6,3,4,16,0,23,16,0,16,39
12/12/2022,COU,MO,ACE,CE,Federal Contract Tower,3,15,27,0,45,0,1,2,0,3,3,16,29,0,48,8,0,8,56
12/13/2022,COU,MO,ACE,CE,Federal Contract Tower,3,10,19,0,32,0,0,0,0,0,3,10,19,0,32,0,0,0,32
12/14/2022,COU,MO,ACE,CE,Federal Contract Tower,3,6,22,2,33,0,2,19,0,21,3,8,41,2,54,86,0,86,140
12/15/2022,COU,MO,ACE,CE,Federal Contract Tower,5,5,21,0,31,0,0,7,2,9,5,5,28,2,40,0,0,0,40
12/16/2022,COU,MO,ACE,CE,Federal Contract Tower,5,5,8,0,18,0,0,3,0,3,5,5,11,0,21,2,0,2,23
12/17/2022,COU,MO,ACE,CE,Federal Contract Tower,6,5,6,0,17,0,2,14,0,16,6,7,20,0,33,24,0,24,57
12/18/2022,COU,MO,ACE,CE,Federal Contract Tower,8,8,4,0,20,0,0,42,0,42,8,8,46,0,62,60,0,60,122
12/19/2022,COU,MO,ACE,CE,Federal Contract Tower,10,17,14,0,41,2,32,0,0,34,12,49,14,0,75,44,0,44,119
12/20/2022,COU,MO,ACE,CE,Federal Contract Tower,8,5,11,0,24,0,1,13,0,14,8,6,24,0,38,34,0,34,72
12/21/2022,COU,MO,ACE,CE,Federal Contract Tower,9,8,15,0,32,0,0,19,0,19,9,8,34,0,51,88,0,88,139
12/22/2022,COU,MO,ACE,CE,Federal Contract Tower,3,3,1,0,7,0,0,0,0,0,3,3,1,0,7,0,0,0,7
12/23/2022,COU,MO,ACE,CE,Federal Contract Tower,4,10,7,0,21,0,0,0,0,0,4,10,7,0,21,0,0,0,21
12/24/2022,COU,MO,ACE,CE,Federal Contract Tower,5,0,4,0,9,0,0,1,0,1,5,0,5,0,10,0,0,0,10
12/25/2022,COU,MO,ACE,CE,Federal Contract Tower,4,4,1,0,9,0,1,6,0,7,4,5,7,0,16,4,0,4,20
12/26/2022,COU,MO,ACE,CE,Federal Contract Tower,9,13,6,0,28,0,0,2,0,2,9,13,8,0,30,0,0,0,30
12/27/2022,COU,MO,ACE,CE,Federal Contract Tower,6,4,20,0,30,0,1,25,0,26,6,5,45,0,56,28,0,28,84
12/28/2022,COU,MO,ACE,CE,Federal Contract Tower,5,14,16,2,37,0,3,27,0,30,5,17,43,2,67,16,0,16,83
12/29/2022,COU,MO,ACE,CE,Federal Contract Tower,5,9,12,3,29,0,0,16,0,16,5,9,28,3,45,2,10,12,57
12/30/2022,COU,MO,ACE,CE,Federal Contract Tower,7,6,8,0,21,0,0,39,0,39,7,6,47,0,60,34,0,34,94
12/31/2022,COU,MO,ACE,CE,Federal Contract Tower,4,7,10,0,21,0,0,20,0,20,4,7,30,0,41,56,0,56,97
01/01/2023,COU,MO,ACE,CE,Federal Contract Tower,8,3,9,0,20,0,0,19,0,19,8,3,28,0,39,16,0,16,55
01/02/2023,COU,MO,ACE,CE,Federal Contract Tower,7,12,11,0,30,0,0,0,0,0,7,12,11,0,30,0,0,0,30
01/03/2023,COU,MO,ACE,CE,Federal Contract Tower,8,5,19,0,32,0,2,28,0,30,8,7,47,0,62,32,0,32,94
01/04/2023,COU,MO,ACE,CE,Federal Contract Tower,6,5,17,1,29,0,0,25,0,25,6,5,42,1,54,40,0,40,94
01/05/2023,COU,MO,ACE,CE,Federal Contract Tower,3,9,23,2,37,0,0,9,0,9,3,9,32,2,46,42,0,42,88
01/06/2023,COU,MO,ACE,CE,Federal Contract Tower,5,7,16,0,28,0,0,39,0,39,5,7,55,0,67,18,0,18,85
01/07/2023,COU,MO,ACE,CE,Federal Contract Tower,8,3,8,0,19,0,0,14,0,14,8,3,22,0,33,30,0,30,63
01/08/2023,COU,MO,ACE,CE,Federal Contract Tower,7,2,7,0,16,0,0,21,0,21,7,2,28,0,37,128,0,128,165
01/09/2023,COU,MO,ACE,CE,Federal Contract Tower,7,9,13,0,29,0,0,36,0,36,7,9,49,0,65,80,0,80,145
01/10/2023,COU,MO,ACE,CE,Federal Contract Tower,3,5,17,0,25,0,2,40,0,42,3,7,57,0,67,60,0,60,127
01/11/2023,COU,MO,ACE,CE,Federal Contract Tower,6,4,12,2,24,0,0,32,0,32,6,4,44,2,56,122,0,122,178
01/12/2023,COU,MO,ACE,CE,Federal Contract Tower,4,9,11,0,24,0,0,1,0,1,4,9,12,0,25,0,0,0,25
01/13/2023,COU,MO,ACE,CE,Federal Contract Tower,3,8,13,0,24,0,0,6,0,6,3,8,19,0,30,24,0,24,54
01/14/2023,COU,MO,ACE,CE,Federal Contract Tower,2,5,4,0,11,0,2,39,0,41,2,7,43,0,52,22,0,22,74
01/15/2023,COU,MO,ACE,CE,Federal Contract Tower,7,3,6,0,16,0,0,14,0,14,7,3,20,0,30,4,0,4,34
01/16/2023,COU,MO,ACE,CE,Federal Contract Tower,6,9,15,0,30,0,2,20,0,22,6,11,35,0,52,16,0,16,68
01/17/2023,COU,MO,ACE,CE,Federal Contract Tower,7,0,25,0,32,0,2,25,2,29,7,2,50,2,61,54,4,58,119
01/18/2023,COU,MO,ACE,CE,Federal Contract Tower,5,2,15,0,22,0,0,3,0,3,5,2,18,0,25,0,0,0,25
01/19/2023,COU,MO,ACE,CE,Federal Contract Tower,3,4,22,0,29,0,1,6,3,10,3,5,28,3,39,0,0,0,39
01/20/2023,COU,MO,ACE,CE,Federal Contract Tower,4,10,21,1,36,0,0,18,4,22,4,10,39,5,58,42,0,42,100
01/21/2023,COU,MO,ACE,CE,Federal Contract Tower,8,6,15,0,29,0,0,32,0,32,8,6,47,0,61,84,0,84,145
01/22/2023,COU,MO,ACE,CE,Federal Contract Tower,6,7,7,0,20,0,0,0,0,0,6,7,7,0,20,0,0,0,20
01/23/2023,COU,MO,ACE,CE,Federal Contract Tower,6,13,17,0,36,0,0,29,0,29,6,13,46,0,65,110,0,110,175
01/24/2023,COU,MO,ACE,CE,Federal Contract Tower,2,2,20,0,24,0,0,32,0,32,2,2,52,0,56,106,0,106,162
01/25/2023,COU,MO,ACE,CE,Federal Contract Tower,3,2,7,0,12,0,0,0,0,0,3,2,7,0,12,0,0,0,12
01/26/2023,COU,MO,ACE,CE,Federal Contract Tower,2,13,21,2,38,0,0,33,0,33,2,13,54,2,71,42,0,42,113
01/27/2023,COU,MO,ACE,CE,Federal Contract Tower,4,6,11,0,21,0,19,0,0,19,4,25,11,0,40,56,0,56,96
01/28/2023,COU,MO,ACE,CE,Federal Contract Tower,4,5,14,0,23,0,1,21,0,22,4,6,35,0,45,22,0,22,67
01/29/2023,COU,MO,ACE,CE,Federal Contract Tower,2,3,1,0,6,0,0,0,0,0,2,3,1,0,6,0,0,0,6
01/30/2023,COU,MO,ACE,CE,Federal Contract Tower,8,14,13,3,38,0,1,16,3,20,8,15,29,6,58,24,0,24,82
01/31/2023,COU,MO,ACE,CE,Federal Contract Tower,3,3,31,0,37,0,2,30,11,43,3,5,61,11,80,26,0,26,106
02/01/2023,COU,MO,ACE,CE,Federal Contract Tower,4,5,9,0,18,0,0,27,0,27,4,5,36,0,45,76,0,76,121
02/02/2023,COU,MO,ACE,CE,Federal Contract Tower,3,2,10,0,15,0,0,28,0,28,3,2,38,0,43,84,0,84,127
02/03/2023,COU,MO,ACE,CE,Federal Contract Tower,6,4,17,0,27,0,0,35,0,35,6,4,52,0,62,78,0,78,140
02/04/2023,COU,MO,ACE,CE,Federal Contract Tower,5,5,7,0,17,0,0,19,0,19,5,5,26,0,36,84,0,84,120
02/05/2023,COU,MO,ACE,CE,Federal Contract Tower,9,5,24,0,38,0,2,43,0,45,9,7,67,0,83,28,0,28,111
02/06/2023,COU,MO,ACE,CE,Federal Contract Tower,5,6,12,0,23,0,0,5,0,5,5,6,17,0,28,16,0,16,44
02/07/2023,COU,MO,ACE,CE,Federal Contract Tower,5,4,15,0,24,0,0,33,2,35,5,4,48,2,59,46,0,46,105
02/08/2023,COU,MO,ACE,CE,Federal Contract Tower,3,8,10,0,21,0,1,3,0,4,3,9,13,0,25,12,0,12,37
02/09/2023,COU,MO,ACE,CE,Federal Contract Tower,5,3,17,0,25,0,0,2,0,2,5,3,19,0,27,40,0,40,67
02/10/2023,COU,MO,ACE,CE,Federal Contract Tower,5,7,15,0,27,0,0,23,0,23,5,7,38,0,50,98,0,98,148
02/11/2023,COU,MO,ACE,CE,Federal Contract Tower,5,5,8,12,30,0,0,39,0,39,5,5,47,12,69,66,0,66,135
02/12/2023,COU,MO,ACE,CE,Federal Contract Tower,5,5,18,0,28,0,0,47,0,47,5,5,65,0,75,62,0,62,137
02/13/2023,COU,MO,ACE,CE,Federal Contract Tower,5,12,31,2,50,0,0,40,0,40,5,12,71,2,90,94,0,94,184
02/14/2023,COU,MO,ACE,CE,Federal Contract Tower,5,3,11,0,19,0,0,5,0,5,5,3,16,0,24,0,0,0,24
02/15/2023,COU,MO,ACE,CE,Federal Contract Tower,5,9,25,0,39,0,5,36,4,45,5,14,61,4,84,90,0,90,174
02/16/2023,COU,MO,ACE,CE,Federal Contract Tower,5,5,18,0,28,0,0,0,0,0,5,5,18,0,28,0,0,0,28
02/17/2023,COU,MO,ACE,CE,Federal Contract Tower,6,4,16,0,26,0,0,31,0,31,6,4,47,0,57,76,0,76,133
02/18/2023,COU,MO,ACE,CE,Federal Contract Tower,5,6,10,0,21,0,0,28,0,28,5,6,38,0,49,58,0,58,107
02/19/2023,COU,MO,ACE,CE,Federal Contract Tower,5,10,22,0,37,0,0,30,0,30,5,10,52,0,67,68,0,68,135
02/20/2023,COU,MO,ACE,CE,Federal Contract Tower,3,12,12,0,27,0,1,38,0,39,3,13,50,0,66,60,0,60,126
02/21/2023,COU,MO,ACE,CE,Federal Contract Tower,6,13,20,0,39,0,0,41,0,41,6,13,61,0,80,22,0,22,102
02/22/2023,COU,MO,ACE,CE,Federal Contract Tower,5,5,12,0,22,0,0,7,0,7,5,5,19,0,29,0,0,0,29
02/23/2023,COU,MO,ACE,CE,Federal Contract Tower,8,1,21,0,30,0,1,15,0,16,8,2,36,0,46,94,0,94,140
02/24/2023,COU,MO,ACE,CE,Federal Contract Tower,7,11,7,0,25,0,2,40,4,46,7,13,47,4,71,124,6,130,201
02/25/2023,COU,MO,ACE,CE,Federal Contract Tower,9,6,13,0,28,0,0,28,0,28,9,6,41,0,56,68,0,68,124
02/26/2023,COU,MO,ACE,CE,Federal Contract Tower,6,5,13,0,24,0,0,1,0,1,6,5,14,0,25,40,0,40,65
02/27/2023,COU,MO,ACE,CE,Federal Contract Tower,5,8,15,0,28,0,0,7,0,7,5,8,22,0,35,0,0,0,35
02/28/2023,COU,MO,ACE,CE,Federal Contract Tower,5,8,32,0,45,0,0,39,0,39,5,8,71,0,84,112,0,112,196
03/01/2023,COU,MO,ACE,CE,Federal Contract Tower,5,8,12,0,25,0,0,46,0,46,5,8,58,0,71,154,0,154,225
03/02/2023,COU,MO,ACE,CE,Federal Contract Tower,4,7,17,6,34,0,0,12,0,12,4,7,29,6,46,26,0,26,72
03/03/2023,COU,MO,ACE,CE,Federal Contract Tower,6,7,8,0,21,0,0,7,0,7,6,7,15,0,28,20,0,20,48
03/04/2023,COU,MO,ACE,CE,Federal Contract Tower,3,7,16,0,26,0,0,38,0,38,3,7,54,0,64,66,0,66,130
03/05/2023,COU,MO,ACE,CE,Federal Contract Tower,5,3,15,0,23,0,0,36,0,36,5,3,51,0,59,32,0,32,91
03/06/2023,COU,MO,ACE,CE,Federal Contract Tower,6,7,18,0,31,0,0,29,2,31,6,7,47,2,62,122,4,126,188
03/07/2023,COU,MO,ACE,CE,Federal Contract Tower,8,9,10,0,27,0,0,14,0,14,8,9,24,0,41,42,0,42,83
03/08/2023,COU,MO,ACE,CE,Federal Contract Tower,8,7,14,0,29,0,0,20,0,20,8,7,34,0,49,48,0,48,97
03/09/2023,COU,MO,ACE,CE,Federal Contract Tower,8,4,11,4,27,0,0,2,0,2,8,4,13,4,29,2,0,2,31
03/10/2023,COU,MO,ACE,CE,Federal Contract Tower,5,7,15,0,27,0,0,23,0,23,5,7,38,0,50,186,0,186,236
03/11/2023,COU,MO,ACE,CE,Federal Contract Tower,6,7,7,0,20,0,0,4,0,4,6,7,11,0,24,8,0,8,32
03/12/2023,COU,MO,ACE,CE,Federal Contract Tower,9,6,9,0,24,0,0,18,0,18,9,6,27,0,42,68,0,68,110
03/13/2023,COU,MO,ACE,CE,Federal Contract Tower,10,15,15,0,40,0,0,24,1,25,10,15,39,1,65,94,10,104,169
03/14/2023,COU,MO,ACE,CE,Federal Contract Tower,8,10,11,2,31,0,5,34,0,39,8,15,45,2,70,140,0,140,210
03/15/2023,COU,MO,ACE,CE,Federal Contract Tower,10,11,15,0,36,0,2,39,0,41,10,13,54,0,77,22,0,22,99
03/16/2023,COU,MO,ACE,CE,Federal Contract Tower,5,6,10,0,21,0,0,2,0,2,5,6,12,0,23,36,0,36,59
03/17/2023,COU,MO,ACE,CE,Federal Contract Tower,5,9,8,0,22,0,0,24,0,24,5,9,32,0,46,10,0,10,56
03/18/2023,COU,MO,ACE,CE,Federal Contract Tower,8,6,5,0,19,0,0,12,0,12,8,6,17,0,31,18,0,18,49
03/19/2023,COU,MO,ACE,CE,Federal Contract Tower,10,12,18,5,45,0,2,55,1,58,10,14,73,6,103,116,0,116,219
03/20/2023,COU,MO,ACE,CE,Federal Contract Tower,8,15,12,3,38,0,2,36,1,39,8,17,48,4,77,36,0,36,113
03/21/2023,COU,MO,ACE,CE,Federal Contract Tower,7,2,12,0,21,0,0,5,0,5,7,2,17,0,26,46,0,46,72
03/22/2023,COU,MO,ACE,CE,Federal Contract Tower,8,8,27,0,43,0,0,18,0,18,8,8,45,0,61,48,0,48,109
03/23/2023,COU,MO,ACE,CE,Federal Contract Tower,7,10,8,0,25,0,0,0,0,0,7,10,8,0,25,0,0,0,25
03/24/2023,COU,MO,ACE,CE,Federal Contract Tower,3,20,10,0,33,0,0,0,0,0,3,20,10,0,33,50,0,50,83
03/25/2023,COU,MO,ACE,CE,Federal Contract Tower,7,3,15,0,25,0,0,21,0,21,7,3,36,0,46,94,0,94,140
03/26/2023,COU,MO,ACE,CE,Federal Contract Tower,8,3,7,0,18,0,0,34,0,34,8,3,41,0,52,86,0,86,138
03/27/2023,COU,MO,ACE,CE,Federal Contract Tower,8,5,7,0,20,0,0,0,0,0,8,5,7,0,20,78,0,78,98
03/28/2023,COU,MO,ACE,CE,Federal Contract Tower,8,2,9,0,19,0,1,14,0,15,8,3,23,0,34,44,0,44,78
03/29/2023,COU,MO,ACE,CE,Federal Contract Tower,8,4,11,4,27,0,2,36,0,38,8,6,47,4,65,108,0,108,173
03/30/2023,COU,MO,ACE,CE,Federal Contract Tower,5,10,15,0,30,0,4,20,2,26,5,14,35,2,56,40,0,40,96
03/31/2023,COU,MO,ACE,CE,Federal Contract Tower,5,7,6,0,18,0,0,2,0,2,5,7,8,0,20,0,0,0,20
04/01/2023,COU,MO,ACE,CE,Federal Contract Tower,9,8,5,0,22,0,2,19,0,21,9,10,24,0,43,0,0,0,43
04/02/2023,COU,MO,ACE,CE,Federal Contract Tower,8,5,11,0,24,0,0,37,0,37,8,5,48,0,61,8,0,8,69
04/03/2023,COU,MO,ACE,CE,Federal Contract Tower,8,11,21,0,40,0,0,39,0,39,8,11,60,0,79,80,0,80,159
04/04/2023,COU,MO,ACE,CE,Federal Contract Tower,6,8,16,0,30,0,0,10,0,10,6,8,26,0,40,20,0,20,60
04/05/2023,COU,MO,ACE,CE,Federal Contract Tower,5,9,13,0,27,0,0,20,0,20,5,9,33,0,47,30,0,30,77
04/06/2023,COU,MO,ACE,CE,Federal Contract Tower,5,10,15,0,30,0,2,48,2,52,5,12,63,2,82,120,0,120,202
04/07/2023,COU,MO,ACE,CE,Federal Contract Tower,5,7,16,0,28,0,0,50,0,50,5,7,66,0,78,74,0,74,152
04/08/2023,COU,MO,ACE,CE,Federal Contract Tower,9,5,9,2,25,0,2,40,6,48,9,7,49,8,73,42,8,50,123
04/09/2023,COU,MO,ACE,CE,Federal Contract Tower,6,2,8,0,16,0,2,40,0,42,6,4,48,0,58,38,0,38,96
04/10/2023,COU,MO,ACE,CE,Federal Contract Tower,7,14,9,0,30,0,2,44,0,46,7,16,53,0,76,42,0,42,118
04/11/2023,COU,MO,ACE,CE,Federal Contract Tower,6,4,20,0,30,0,1,33,0,34,6,5,53,0,64,66,0,66,130
04/12/2023,COU,MO,ACE,CE,Federal Contract Tower,8,3,25,0,36,0,0,56,0,56,8,3,81,0,92,80,0,80,172
04/13/2023,COU,MO,ACE,CE,Federal Contract Tower,5,4,20,0,29,0,0,40,0,40,5,4,60,0,69,50,0,50,119
04/14/2023,COU,MO,ACE,CE,Federal Contract Tower,7,4,20,0,31,0,0,44,0,44,7,4,64,0,75,90,0,90,165
04/15/2023,COU,MO,ACE,CE,Federal Contract Tower,9,6,5,0,20,0,0,2,0,2,9,6,7,0,22,0,0,0,22
04/16/2023,COU,MO,ACE,CE,Federal Contract Tower,6,6,10,0,22,0,2,14,0,16,6,8,24,0,38,28,0,28,66
04/17/2023,COU,MO,ACE,CE,Federal Contract Tower,6,15,11,0,32,0,0,32,0,32,6,15,43,0,64,10,0,10,74
04/18/2023,COU,MO,ACE,CE,Federal Contract Tower,8,7,24,0,39,0,0,38,0,38,8,7,62,0,77,96,0,96,173
04/19/2023,COU,MO,ACE,CE,Federal Contract Tower,8,6,23,1,38,0,0,7,0,7,8,6,30,1,45,2,0,2,47
04/20/2023,COU,MO,ACE,CE,Federal Contract Tower,5,8,24,0,37,0,0,4,0,4,5,8,28,0,41,0,0,0,41
04/21/2023,COU,MO,ACE,CE,Federal Contract Tower,4,9,18,0,31,0,0,44,4,48,4,9,62,4,79,70,0,70,149
04/22/2023,COU,MO,ACE,CE,Federal Contract Tower,6,6,7,0,19,0,0,26,0,26,6,6,33,0,45,62,0,62,107
04/23/2023,COU,MO,ACE,CE,Federal Contract Tower,9,12,21,0,42,0,2,57,4,63,9,14,78,4,105,132,0,132,237
04/25/2023,COU,MO,ACE,CE,Federal Contract Tower,8,1,25,0,34,0,0,46,0,46,8,1,71,0,80,102,0,102,182
04/26/2023,COU,MO,ACE,CE,Federal Contract Tower,7,6,20,0,33,0,0,44,0,44,7,6,64,0,77,66,0,66,143
04/27/2023,COU,MO,ACE,CE,Federal Contract Tower,5,5,24,0,34,0,0,34,0,34,5,5,58,0,68,58,0,58,126
04/28/2023,COU,MO,ACE,CE,Federal Contract Tower,4,12,18,0,34,0,4,55,4,63,4,16,73,4,97,64,0,64,161
04/29/2023,COU,MO,ACE,CE,Federal Contract Tower,8,3,8,0,19,0,2,24,0,26,8,5,32,0,45,18,0,18,63
04/30/2023,COU,MO,ACE,CE,Federal Contract Tower,9,1,11,0,21,0,4,5,0,9,9,5,16,0,30,0,0,0,30
05/01/2023,COU,MO,ACE,CE,Federal Contract Tower,8,5,22,0,35,0,2,13,0,15,8,7,35,0,50,20,0,20,70
05/02/2023,COU,MO,ACE,CE,Federal Contract Tower,8,2,18,0,28,0,0,26,0,26,8,2,44,0,54,10,0,10,64
05/03/2023,COU,MO,ACE,CE,Federal Contract Tower,10,4,19,0,33,0,2,46,0,48,10,6,65,0,81,150,0,150,231
05/04/2023,COU,MO,ACE,CE,Federal Contract Tower,5,9,16,0,30,0,0,33,0,33,5,9,49,0,63,80,0,80,143
05/05/2023,COU,MO,ACE,CE,Federal Contract Tower,5,9,17,0,31,0,0,19,0,19,5,9,36,0,50,80,0,80,130
05/06/2023,COU,MO,ACE,CE,Federal Contract Tower,8,2,3,0,13,0,0,12,0,12,8,2,15,0,25,10,0,10,35
05/07/2023,COU,MO,ACE,CE,Federal Contract Tower,10,19,9,0,38,0,2,42,0,44,10,21,51,0,82,24,0,24,106
05/08/2023,COU,MO,ACE,CE,Federal Contract Tower,8,2,25,0,35,0,2,48,0,50,8,4,73,0,85,126,0,126,211
05/09/2023,COU,MO,ACE,CE,Federal Contract Tower,5,3,26,0,34,0,0,42,0,42,5,3,68,0,76,96,0,96,172
05/10/2023,COU,MO,ACE,CE,Federal Contract Tower,8,3,27,0,38,0,2,42,0,44,8,5,69,0,82,122,0,122,204
05/11/2023,COU,MO,ACE,CE,Federal Contract Tower,5,7,35,0,47,0,0,3,0,3,5,7,38,0,50,30,0,30,80
05/12/2023,COU,MO,ACE,CE,Federal Contract Tower,5,8,30,0,43,0,0,23,0,23,5,8,53,0,66,88,0,88,154
05/13/2023,COU,MO,ACE,CE,Federal Contract Tower,4,9,17,0,30,0,0,32,6,38,4,9,49,6,68,16,0,16,84
05/14/2023,COU,MO,ACE,CE,Federal Contract Tower,10,6,7,0,23,0,1,17,0,18,10,7,24,0,41,20,0,20,61
05/15/2023,COU,MO,ACE,CE,Federal Contract Tower,9,12,22,4,47,0,0,2,0,2,9,12,24,4,49,0,0,0,49
05/16/2023,COU,MO,ACE,CE,Federal Contract Tower,5,3,34,0,42,0,0,15,0,15,5,3,49,0,57,54,0,54,111
05/17/2023,COU,MO,ACE,CE,Federal Contract Tower,8,4,24,0,36,0,0,58,0,58,8,4,82,0,94,114,0,114,208
05/18/2023,COU,MO,ACE,CE,Federal Contract Tower,5,7,35,0,47,0,0,33,0,33,5,7,68,0,80,76,0,76,156
05/19/2023,COU,MO,ACE,CE,Federal Contract Tower,5,7,19,0,31,0,0,8,0,8,5,7,27,0,39,112,0,112,151
05/20/2023,COU,MO,ACE,CE,Federal Contract Tower,6,4,13,0,23,0,0,32,2,34,6,4,45,2,57,68,8,76,133
05/21/2023,COU,MO,ACE,CE,Federal Contract Tower,7,2,11,0,20,0,0,34,0,34,7,2,45,0,54,78,0,78,132
05/22/2023,COU,MO,ACE,CE,Federal Contract Tower,8,14,7,0,29,0,2,32,0,34,8,16,39,0,63,34,0,34,97
05/23/2023,COU,MO,ACE,CE,Federal Contract Tower,5,8,21,0,34,0,2,48,0,50,5,10,69,0,84,92,0,92,176
05/24/2023,COU,MO,ACE,CE,Federal Contract Tower,7,7,25,0,39,0,2,32,0,34,7,9,57,0,73,48,0,48,121
05/25/2023,COU,MO,ACE,CE,Federal Contract Tower,6,14,20,0,40,0,0,38,2,40,6,14,58,2,80,46,0,46,126
05/26/2023,COU,MO,ACE,CE,Federal Contract Tower,6,11,19,0,36,0,4,45,0,49,6,15,64,0,85,10,0,10,95
05/27/2023,COU,MO,ACE,CE,Federal Contract Tower,4,3,9,0,16,0,2,30,0,32,4,5,39,0,48,74,0,74,122
05/28/2023,COU,MO,ACE,CE,Federal Contract Tower,5,3,7,0,15,0,2,33,0,35,5,5,40,0,50,16,0,16,66
05/29/2023,COU,MO,ACE,CE,Federal Contract Tower,8,10,9,0,27,0,0,39,0,39,8,10,48,0,66,76,0,76,142
05/30/2023,COU,MO,ACE,CE,Federal Contract Tower,10,5,20,0,35,0,2,38,0,40,10,7,58,0,75,92,0,92,167
05/31/2023,COU,MO,ACE,CE,Federal Contract Tower,7,4,29,0,40,0,0,36,0,36,7,4,65,0,76,114,0,114,190
06/01/2023,COU,MO,ACE,CE,Federal Contract Tower,4,2,16,0,22,0,0,19,0,19,4,2,35,0,41,32,0,32,73
06/02/2023,COU,MO,ACE,CE,Federal Contract Tower,4,4,16,0,24,0,0,16,0,16,4,4,32,0,40,120,0,120,160
06/03/2023,COU,MO,ACE,CE,Federal Contract Tower,2,4,5,0,11,0,0,33,0,33,2,4,38,0,44,40,0,40,84
06/04/2023,COU,MO,ACE,CE,Federal Contract Tower,5,11,6,0,22,0,0,30,0,30,5,11,36,0,52,114,0,114,166
06/05/2023,COU,MO,ACE,CE,Federal Contract Tower,4,13,13,0,30,0,4,34,0,38,4,17,47,0,68,142,0,142,210
06/06/2023,COU,MO,ACE,CE,Federal Contract Tower,5,3,20,0,28,0,0,38,0,38,5,3,58,0,66,170,0,170,236
06/07/2023,COU,MO,ACE,CE,Federal Contract Tower,6,2,21,0,29,0,0,34,0,34,6,2,55,0,63,136,0,136,199
06/08/2023,COU,MO,ACE,CE,Federal Contract Tower,4,2,13,0,19,0,0,25,0,25,4,2,38,0,44,94,0,94,138
06/09/2023,COU,MO,ACE,CE,Federal Contract Tower,4,6,12,0,22,0,0,35,2,37,4,6,47,2,59,90,0,90,149
06/10/2023,COU,MO,ACE,CE,Federal Contract Tower,3,1,11,0,15,0,1,29,0,30,3,2,40,0,45,24,0,24,69
06/11/2023,COU,MO,ACE,CE,Federal Contract Tower,8,8,12,0,28,0,0,1,0,1,8,8,13,0,29,0,0,0,29
06/12/2023,COU,MO,ACE,CE,Federal Contract Tower,5,13,19,0,37,0,2,37,0,39,5,15,56,0,76,56,0,56,132
06/13/2023,COU,MO,ACE,CE,Federal Contract Tower,5,4,17,0,26,0,0,35,9,44,5,4,52,9,70,102,2,104,174
06/14/2023,COU,MO,ACE,CE,Federal Contract Tower,6,2,22,0,30,0,0,37,1,38,6,2,59,1,68,22,0,22,90
06/15/2023,COU,MO,ACE,CE,Federal Contract Tower,5,6,10,0,21,0,0,45,0,45,5,6,55,0,66,72,0,72,138
06/16/2023,COU,MO,ACE,CE,Federal Contract Tower,6,8,25,0,39,0,2,52,0,54,6,10,77,0,93,64,0,64,157
06/17/2023,COU,MO,ACE,CE,Federal Contract Tower,2,4,17,0,23,0,0,43,0,43,2,4,60,0,66,74,0,74,140
06/18/2023,COU,MO,ACE,CE,Federal Contract Tower,5,3,9,0,17,0,2,17,0,19,5,5,26,0,36,14,0,14,50
06/19/2023,COU,MO,ACE,CE,Federal Contract Tower,4,19,16,0,39,0,0,46,0,46,4,19,62,0,85,82,0,82,167
06/20/2023,COU,MO,ACE,CE,Federal Contract Tower,6,5,20,2,33,0,2,32,2,36,6,7,52,4,69,78,0,78,147
06/21/2023,COU,MO,ACE,CE,Federal Contract Tower,5,7,14,1,27,0,2,32,0,34,5,9,46,1,61,36,0,36,97
06/22/2023,COU,MO,ACE,CE,Federal Contract Tower,4,12,10,2,28,0,6,50,2,58,4,18,60,4,86,74,0,74,160
06/23/2023,COU,MO,ACE,CE,Federal Contract Tower,4,3,15,0,22,0,4,59,0,63,4,7,74,0,85,50,0,50,135
06/24/2023,COU,MO,ACE,CE,Federal Contract Tower,2,4,3,0,9,0,2,77,0,79,2,6,80,0,88,2,0,2,90
06/25/2023,COU,MO,ACE,CE,Federal Contract Tower,4,4,3,0,11,0,0,6,0,6,4,4,9,0,17,4,0,4,21
06/26/2023,COU,MO,ACE,CE,Federal Contract Tower,6,12,26,0,44,0,6,24,0,30,6,18,50,0,74,90,0,90,164
06/27/2023,COU,MO,ACE,CE,Federal Contract Tower,5,5,24,0,34,0,4,35,2,41,5,9,59,2,75,82,0,82,157
06/28/2023,COU,MO,ACE,CE,Federal Contract Tower,6,10,22,0,38,0,2,39,0,41,6,12,61,0,79,86,0,86,165
06/29/2023,COU,MO,ACE,CE,Federal Contract Tower,4,9,13,0,26,0,0,24,0,24,4,9,37,0,50,28,0,28,78
06/30/2023,COU,MO,ACE,CE,Federal Contract Tower,2,6,28,0,36,0,5,26,0,31,2,11,54,0,67,30,0,30,97
07/01/2023,COU,MO,ACE,CE,Federal Contract Tower,2,2,8,0,12,0,0,23,0,23,2,2,31,0,35,54,0,54,89
07/02/2023,COU,MO,ACE,CE,Federal Contract Tower,6,1,11,0,18,0,0,19,0,19,6,1,30,0,37,38,0,38,75
07/03/2023,COU,MO,ACE,CE,Federal Contract Tower,5,14,17,0,36,0,3,32,0,35,5,17,49,0,71,50,0,50,121
07/04/2023,COU,MO,ACE,CE,Federal Contract Tower,6,5,6,0,17,0,2,50,0,52,6,7,56,0,69,26,0,26,95
07/05/2023,COU,MO,ACE,CE,Federal Contract Tower,6,4,10,0,20,0,0,36,0,36,6,4,46,0,56,86,0,86,142
07/06/2023,COU,MO,ACE,CE,Federal Contract Tower,4,5,13,0,22,0,0,44,0,44,4,5,57,0,66,90,0,90,156
07/07/2023,COU,MO,ACE,CE,Federal Contract Tower,4,9,21,0,34,0,2,24,0,26,4,11,45,0,60,28,0,28,88
07/08/2023,COU,MO,ACE,CE,Federal Contract Tower,5,1,12,0,18,0,0,7,0,7,5,1,19,0,25,12,0,12,37
07/09/2023,COU,MO,ACE,CE,Federal Contract Tower,6,7,10,0,23,0,2,44,4,50,6,9,54,4,73,32,0,32,105
07/10/2023,COU,MO,ACE,CE,Federal Contract Tower,4,14,22,0,40,0,2,41,0,43,4,16,63,0,83,44,0,44,127
07/11/2023,COU,MO,ACE,CE,Federal Contract Tower,7,2,9,1,19,0,2,42,4,48,7,4,51,5,67,78,0,78,145
07/12/2023,COU,MO,ACE,CE,Federal Contract Tower,4,6,11,0,21,0,2,23,0,25,4,8,34,0,46,36,0,36,82
07/13/2023,COU,MO,ACE,CE,Federal Contract Tower,5,3,29,0,37,0,0,6,4,10,5,3,35,4,47,30,0,30,77
07/14/2023,COU,MO,ACE,CE,Federal Contract Tower,3,2,10,0,15,0,1,26,0,27,3,3,36,0,42,18,0,18,60
07/15/2023,COU,MO,ACE,CE,Federal Contract Tower,2,2,17,0,21,0,2,34,0,36,2,4,51,0,57,36,0,36,93
07/16/2023,COU,MO,ACE,CE,Federal Contract Tower,6,4,10,0,20,0,0,14,0,14,6,4,24,0,34,24,0,24,58
07/17/2023,COU,MO,ACE,CE,Federal Contract Tower,5,9,27,0,41,0,0,20,2,22,5,9,47,2,63,24,0,24,87
07/18/2023,COU,MO,ACE,CE,Federal Contract Tower,5,8,24,0,37,0,0,12,0,12,5,8,36,0,49,0,0,0,49
07/19/2023,COU,MO,ACE,CE,Federal Contract Tower,4,11,33,3,51,0,0,27,0,27,4,11,60,3,78,64,0,64,142
07/20/2023,COU,MO,ACE,CE,Federal Contract Tower,4,9,8,0,21,0,0,34,0,34,4,9,42,0,55,34,0,34,89
07/21/2023,COU,MO,ACE,CE,Federal Contract Tower,4,7,17,2,30,0,0,50,0,50,4,7,67,2,80,48,0,48,128
07/22/2023,COU,MO,ACE,CE,Federal Contract Tower,2,2,13,0,17,0,0,40,0,40,2,2,53,0,57,46,0,46,103
07/23/2023,COU,MO,ACE,CE,Federal Contract Tower,4,2,11,0,17,0,0,42,0,42,4,2,53,0,59,22,0,22,81
07/24/2023,COU,MO,ACE,CE,Federal Contract Tower,4,14,12,0,30,0,0,13,0,13,4,14,25,0,43,44,0,44,87
07/25/2023,COU,MO,ACE,CE,Federal Contract Tower,6,7,16,2,31,0,2,31,2,35,6,9,47,4,66,24,0,24,90
07/26/2023,COU,MO,ACE,CE,Federal Contract Tower,4,4,21,0,29,0,0,12,0,12,4,4,33,0,41,4,0,4,45
07/27/2023,COU,MO,ACE,CE,Federal Contract Tower,4,15,25,0,44,0,0,22,2,24,4,15,47,2,68,70,0,70,138
07/28/2023,COU,MO,ACE,CE,Federal Contract Tower,4,9,21,0,34,0,0,27,4,31,4,9,48,4,65,78,0,78,143
07/29/2023,COU,MO,ACE,CE,Federal Contract Tower,2,2,13,0,17,0,2,16,0,18,2,4,29,0,35,26,0,26,61
07/30/2023,COU,MO,ACE,CE,Federal Contract Tower,4,5,17,0,26,0,0,18,0,18,4,5,35,0,44,90,0,90,134
08/01/2023,COU,MO,ACE,CE,Federal Contract Tower,4,6,27,2,39,0,1,17,2,20,4,7,44,4,59,32,0,32,91
08/02/2023,COU,MO,ACE,CE,Federal Contract Tower,5,3,21,0,29,0,0,20,0,20,5,3,41,0,49,24,0,24,73
08/03/2023,COU,MO,ACE,CE,Federal Contract Tower,4,6,29,0,39,0,0,5,0,5,4,6,34,0,44,52,0,52,96
08/04/2023,COU,MO,ACE,CE,Federal Contract Tower,4,3,22,0,29,0,0,13,0,13,4,3,35,0,42,12,0,12,54
08/05/2023,COU,MO,ACE,CE,Federal Contract Tower,3,2,6,0,11,0,3,13,0,16,3,5,19,0,27,30,0,30,57
08/06/2023,COU,MO,ACE,CE,Federal Contract Tower,6,5,10,0,21,0,4,16,0,20,6,9,26,0,41,4,0,4,45
08/08/2023,COU,MO,ACE,CE,Federal Contract Tower,4,12,5,2,23,0,2,33,4,39,4,14,38,6,62,152,0,152,214
08/09/2023,COU,MO,ACE,CE,Federal Contract Tower,4,8,12,0,24,0,3,12,0,15,4,11,24,0,39,74,0,74,113
08/10/2023,COU,MO,ACE,CE,Federal Contract Tower,4,6,32,0,42,0,0,54,0,54,4,6,86,0,96,66,0,66,162
08/11/2023,COU,MO,ACE,CE,Federal Contract Tower,5,5,15,0,25,0,0,33,2,35,5,5,48,2,60,68,0,68,128
08/12/2023,COU,MO,ACE,CE,Federal Contract Tower,3,5,12,0,20,0,2,68,0,70,3,7,80,0,90,56,0,56,146
08/13/2023,COU,MO,ACE,CE,Federal Contract Tower,4,3,4,0,11,0,1,10,0,11,4,4,14,0,22,0,0,0,22
08/14/2023,COU,MO,ACE,CE,Federal Contract Tower,5,13,22,0,40,0,0,32,0,32,5,13,54,0,72,44,0,44,116
08/15/2023,COU,MO,ACE,CE,Federal Contract Tower,3,7,20,1,31,0,0,24,2,26,3,7,44,3,57,72,0,72,129
08/16/2023,COU,MO,ACE,CE,Federal Contract Tower,4,2,22,1,29,0,1,39,1,41,4,3,61,2,70,62,0,62,132
08/17/2023,COU,MO,ACE,CE,Federal Contract Tower,2,6,19,0,27,0,1,54,2,57,2,7,73,2,84,34,4,38,122
08/18/2023,COU,MO,ACE,CE,Federal Contract Tower,2,4,15,6,27,0,1,40,0,41,2,5,55,6,68,104,0,104,172
08/19/2023,COU,MO,ACE,CE,Federal Contract Tower,4,2,10,1,17,0,0,28,0,28,4,2,38,1,45,36,0,36,81
08/20/2023,COU,MO,ACE,CE,Federal Contract Tower,6,0,14,0,20,0,3,27,0,30,6,3,41,0,50,18,0,18,68
08/21/2023,COU,MO,ACE,CE,Federal Contract Tower,7,13,23,0,43,0,2,26,0,28,7,15,49,0,71,60,0,60,131
08/22/2023,COU,MO,ACE,CE,Federal Contract Tower,4,6,17,0,27,0,0,10,0,10,4,6,27,0,37,24,0,24,61
08/23/2023,COU,MO,ACE,CE,Federal Contract Tower,4,4,16,0,24,0,0,23,0,23,4,4,39,0,47,16,0,16,63
08/24/2023,COU,MO,ACE,CE,Federal Contract Tower,2,10,21,0,33,0,0,23,0,23,2,10,44,0,56,4,0,4,60
08/25/2023,COU,MO,ACE,CE,Federal Contract Tower,4,5,14,0,23,0,0,31,0,31,4,5,45,0,54,38,0,38,92
08/26/2023,COU,MO,ACE,CE,Federal Contract Tower,4,3,12,0,19,0,0,16,4,20,4,3,28,4,39,34,0,34,73
08/27/2023,COU,MO,ACE,CE,Federal Contract Tower,4,5,14,0,23,0,2,28,0,30,4,7,42,0,53,52,0,52,105
08/28/2023,COU,MO,ACE,CE,Federal Contract Tower,6,9,16,2,33,0,2,41,0,43,6,11,57,2,76,84,0,84,160
08/29/2023,COU,MO,ACE,CE,Federal Contract Tower,4,2,14,2,22,0,2,41,0,43,4,4,55,2,65,132,0,132,197
08/30/2023,COU,MO,ACE,CE,Federal Contract Tower,4,5,21,0,30,0,0,38,0,38,4,5,59,0,68,72,0,72,140
08/31/2023,COU,MO,ACE,CE,Federal Contract Tower,5,7,24,0,36,0,0,57,0,57,5,7,81,0,93,98,0,98,191
