01/01/2000,CPR,WY,ANM,WE,Towers with Radar,0,15,7,0,22,0,1,19,0,20,0,16,26,0,42,8,0,8,50
01/02/2000,CPR,WY,ANM,WE,Towers with Radar,0,21,6,0,27,0,0,5,0,5,0,21,11,0,32,0,0,0,32
01/03/2000,CPR,WY,ANM,WE,Towers with Radar,0,38,17,0,55,0,6,11,0,17,0,44,28,0,72,0,0,0,72
01/04/2000,CPR,WY,ANM,WE,Towers with Radar,2,35,15,0,52,3,12,23,0,38,5,47,38,0,90,4,0,4,94
01/05/2000,CPR,WY,ANM,WE,Towers with Radar,3,44,26,0,73,0,0,22,0,22,3,44,48,0,95,10,0,10,105
01/06/2000,CPR,WY,ANM,WE,Towers with Radar,4,52,12,0,68,0,2,34,0,36,4,54,46,0,104,0,0,0,104
01/07/2000,CPR,WY,ANM,WE,Towers with Radar,13,50,16,0,79,7,0,12,0,19,20,50,28,0,98,20,0,20,118
01/08/2000,CPR,WY,ANM,WE,Towers with Radar,0,32,14,0,46,0,11,3,0,14,0,43,17,0,60,0,0,0,60
01/09/2000,CPR,WY,ANM,WE,Towers with Radar,0,18,7,0,25,0,11,18,0,29,0,29,25,0,54,0,0,0,54
01/10/2000,CPR,WY,ANM,WE,Towers with Radar,1,45,30,0,76,0,1,8,0,9,1,46,38,0,85,22,0,22,107
01/11/2000,CPR,WY,ANM,WE,Towers with Radar,3,52,19,0,74,0,2,7,0,9,3,54,26,0,83,10,0,10,93
01/12/2000,CPR,WY,ANM,WE,Towers with Radar,3,52,25,0,80,0,3,26,0,29,3,55,51,0,109,20,0,20,129
01/13/2000,CPR,WY,ANM,WE,Towers with Radar,2,42,23,0,67,0,0,29,0,29,2,42,52,0,96,22,0,22,118
01/14/2000,CPR,WY,ANM,WE,Towers with Radar,4,45,14,0,63,0,3,24,0,27,4,48,38,0,90,14,0,14,104
01/15/2000,CPR,WY,ANM,WE,Towers with Radar,0,37,13,0,50,0,1,25,0,26,0,38,38,0,76,8,0,8,84
01/16/2000,CPR,WY,ANM,WE,Towers with Radar,11,18,3,0,32,1,3,29,0,33,12,21,32,0,65,40,0,40,105
01/17/2000,CPR,WY,ANM,WE,Towers with Radar,0,37,13,0,50,0,0,39,0,39,0,37,52,0,89,44,0,44,133
01/18/2000,CPR,WY,ANM,WE,Towers with Radar,3,46,24,0,73,0,0,13,0,13,3,46,37,0,86,2,0,2,88
01/19/2000,CPR,WY,ANM,WE,Towers with Radar,3,52,21,0,76,0,1,21,0,22,3,53,42,0,98,18,0,18,116
01/20/2000,CPR,WY,ANM,WE,Towers with Radar,3,46,17,0,66,0,0,20,0,20,3,46,37,0,86,22,0,22,108
01/21/2000,CPR,WY,ANM,WE,Towers with Radar,3,48,19,0,70,0,0,23,0,23,3,48,42,0,93,30,0,30,123
01/22/2000,CPR,WY,ANM,WE,Towers with Radar,0,38,6,0,44,0,0,18,0,18,0,38,24,0,62,14,0,14,76
01/23/2000,CPR,WY,ANM,WE,Towers with Radar,0,16,7,0,23,0,10,27,0,37,0,26,34,0,60,16,0,16,76
01/24/2000,CPR,WY,ANM,WE,Towers with Radar,1,42,17,0,60,0,0,6,0,6,1,42,23,0,66,34,0,34,100
01/25/2000,CPR,WY,ANM,WE,Towers with Radar,1,46,26,0,73,0,0,17,0,17,1,46,43,0,90,16,0,16,106
01/26/2000,CPR,WY,ANM,WE,Towers with Radar,3,51,30,0,84,0,3,23,0,26,3,54,53,0,110,40,0,40,150
01/27/2000,CPR,WY,ANM,WE,Towers with Radar,4,50,26,0,80,0,0,10,0,10,4,50,36,0,90,6,10,16,106
01/28/2000,CPR,WY,ANM,WE,Towers with Radar,2,49,22,0,73,0,0,5,0,5,2,49,27,0,78,2,0,2,80
01/29/2000,CPR,WY,ANM,WE,Towers with Radar,0,39,19,0,58,0,1,27,0,28,0,40,46,0,86,4,0,4,90
01/30/2000,CPR,WY,ANM,WE,Towers with Radar,0,20,2,0,22,0,0,19,0,19,0,20,21,0,41,8,0,8,49
01/31/2000,CPR,WY,ANM,WE,Towers with Radar,1,46,21,0,68,0,0,27,0,27,1,46,48,0,95,14,0,14,109
02/01/2000,CPR,WY,ANM,WE,Towers with Radar,2,47,15,0,64,2,1,25,0,28,4,48,40,0,92,2,0,2,94
02/02/2000,CPR,WY,ANM,WE,Towers with Radar,4,48,25,0,77,0,4,11,0,15,4,52,36,0,92,16,0,16,108
02/03/2000,CPR,WY,ANM,WE,Towers with Radar,3,51,16,0,70,0,1,0,0,1,3,52,16,0,71,0,0,0,71
02/04/2000,CPR,WY,ANM,WE,Towers with Radar,4,42,14,0,60,0,10,31,0,41,4,52,45,0,101,16,0,16,117
02/05/2000,CPR,WY,ANM,WE,Towers with Radar,0,37,4,0,41,0,0,32,0,32,0,37,36,0,73,56,0,56,129
02/06/2000,CPR,WY,ANM,WE,Towers with Radar,0,24,6,0,30,0,0,20,0,20,0,24,26,0,50,30,0,30,80
02/07/2000,CPR,WY,ANM,WE,Towers with Radar,2,39,15,0,56,0,6,33,2,41,2,45,48,2,97,32,2,34,131
02/08/2000,CPR,WY,ANM,WE,Towers with Radar,2,48,12,0,62,0,4,38,0,42,2,52,50,0,104,18,0,18,122
02/09/2000,CPR,WY,ANM,WE,Towers with Radar,3,51,20,0,74,0,0,40,0,40,3,51,60,0,114,52,0,52,166
02/10/2000,CPR,WY,ANM,WE,Towers with Radar,3,49,19,0,71,0,0,11,0,11,3,49,30,0,82,0,0,0,82
02/11/2000,CPR,WY,ANM,WE,Towers with Radar,3,57,23,0,83,0,1,18,0,19,3,58,41,0,102,18,0,18,120
02/12/2000,CPR,WY,ANM,WE,Towers with Radar,1,29,1,0,31,0,11,0,0,11,1,40,1,0,42,0,0,0,42
02/13/2000,CPR,WY,ANM,WE,Towers with Radar,0,20,6,0,26,0,0,4,0,4,0,20,10,0,30,0,0,0,30
02/14/2000,CPR,WY,ANM,WE,Towers with Radar,1,42,18,0,61,0,2,6,0,8,1,44,24,0,69,2,0,2,71
02/15/2000,CPR,WY,ANM,WE,Towers with Radar,4,44,27,0,75,0,3,18,0,21,4,47,45,0,96,16,0,16,112
02/16/2000,CPR,WY,ANM,WE,Towers with Radar,3,49,30,2,84,0,1,16,0,17,3,50,46,2,101,14,2,16,117
02/17/2000,CPR,WY,ANM,WE,Towers with Radar,3,44,17,0,64,0,0,2,0,2,3,44,19,0,66,0,0,0,66
02/18/2000,CPR,WY,ANM,WE,Towers with Radar,3,48,20,0,71,0,3,19,0,22,3,51,39,0,93,18,0,18,111
02/19/2000,CPR,WY,ANM,WE,Towers with Radar,0,35,9,0,44,0,1,36,0,37,0,36,45,0,81,6,0,6,87
02/20/2000,CPR,WY,ANM,WE,Towers with Radar,0,19,9,0,28,0,1,15,0,16,0,20,24,0,44,4,0,4,48
02/21/2000,CPR,WY,ANM,WE,Towers with Radar,2,36,11,2,51,0,2,31,0,33,2,38,42,2,84,4,0,4,88
02/22/2000,CPR,WY,ANM,WE,Towers with Radar,2,44,22,2,70,0,1,28,0,29,2,45,50,2,99,24,10,34,133
02/23/2000,CPR,WY,ANM,WE,Towers with Radar,2,34,13,0,49,3,16,44,0,63,5,50,57,0,112,126,0,126,238
02/24/2000,CPR,WY,ANM,WE,Towers with Radar,3,42,24,0,69,0,4,18,0,22,3,46,42,0,91,4,0,4,95
02/25/2000,CPR,WY,ANM,WE,Towers with Radar,2,40,5,0,47,0,14,0,0,14,2,54,5,0,61,12,0,12,73
02/26/2000,CPR,WY,ANM,WE,Towers with Radar,0,37,15,0,52,0,2,21,0,23,0,39,36,0,75,0,0,0,75
02/27/2000,CPR,WY,ANM,WE,Towers with Radar,0,21,4,0,25,0,4,2,0,6,0,25,6,0,31,0,0,0,31
02/28/2000,CPR,WY,ANM,WE,Towers with Radar,1,43,17,0,61,0,2,29,0,31,1,45,46,0,92,0,0,0,92
02/29/2000,CPR,WY,ANM,WE,Towers with Radar,4,47,21,0,72,0,1,40,0,41,4,48,61,0,113,22,0,22,135
03/01/2000,CPR,WY,ANM,WE,Towers with Radar,2,46,10,0,58,1,4,20,0,25,3,50,30,0,83,32,0,32,115
03/02/2000,CPR,WY,ANM,WE,Towers with Radar,1,41,21,0,63,1,4,27,0,32,2,45,48,0,95,50,0,50,145
03/03/2000,CPR,WY,ANM,WE,Towers with Radar,3,45,16,0,64,0,3,33,0,36,3,48,49,0,100,22,0,22,122
03/04/2000,CPR,WY,ANM,WE,Towers with Radar,0,38,8,0,46,0,1,37,0,38,0,39,45,0,84,32,0,32,116
03/05/2000,CPR,WY,ANM,WE,Towers with Radar,0,21,11,0,32,0,3,33,0,36,0,24,44,0,68,22,0,22,90
03/06/2000,CPR,WY,ANM,WE,Towers with Radar,1,38,17,0,56,0,4,29,0,33,1,42,46,0,89,42,0,42,131
03/07/2000,CPR,WY,ANM,WE,Towers with Radar,4,42,26,6,78,0,3,18,0,21,4,45,44,6,99,62,6,68,167
03/08/2000,CPR,WY,ANM,WE,Towers with Radar,3,44,21,0,68,0,0,7,0,7,3,44,28,0,75,10,0,10,85
03/09/2000,CPR,WY,ANM,WE,Towers with Radar,3,53,32,0,88,0,0,35,0,35,3,53,67,0,123,0,0,0,123
03/10/2000,CPR,WY,ANM,WE,Towers with Radar,2,43,21,0,66,2,3,14,0,19,4,46,35,0,85,8,0,8,93
03/11/2000,CPR,WY,ANM,WE,Towers with Radar,0,31,16,0,47,0,9,15,0,24,0,40,31,0,71,0,0,0,71
03/12/2000,CPR,WY,ANM,WE,Towers with Radar,0,20,6,0,26,0,0,33,0,33,0,20,39,0,59,22,0,22,81
03/13/2000,CPR,WY,ANM,WE,Towers with Radar,1,39,16,0,56,0,0,30,0,30,1,39,46,0,86,16,0,16,102
03/14/2000,CPR,WY,ANM,WE,Towers with Radar,5,48,24,0,77,0,0,23,0,23,5,48,47,0,100,0,0,0,100
03/15/2000,CPR,WY,ANM,WE,Towers with Radar,3,44,22,0,69,0,0,10,0,10,3,44,32,0,79,68,0,68,147
03/16/2000,CPR,WY,ANM,WE,Towers with Radar,3,45,14,0,62,0,8,54,0,62,3,53,68,0,124,28,0,28,152
03/17/2000,CPR,WY,ANM,WE,Towers with Radar,2,49,25,0,76,2,0,9,0,11,4,49,34,0,87,12,0,12,99
03/18/2000,CPR,WY,ANM,WE,Towers with Radar,0,23,12,0,35,0,19,17,0,36,0,42,29,0,71,0,0,0,71
03/19/2000,CPR,WY,ANM,WE,Towers with Radar,0,21,11,0,32,0,8,4,0,12,0,29,15,0,44,0,0,0,44
03/20/2000,CPR,WY,ANM,WE,Towers with Radar,1,35,22,0,58,0,1,5,0,6,1,36,27,0,64,0,0,0,64
03/21/2000,CPR,WY,ANM,WE,Towers with Radar,2,42,18,0,62,0,0,16,0,16,2,42,34,0,78,28,0,28,106
03/22/2000,CPR,WY,ANM,WE,Towers with Radar,4,42,16,2,64,0,0,39,2,41,4,42,55,4,105,34,6,40,145
03/23/2000,CPR,WY,ANM,WE,Towers with Radar,2,44,24,0,70,0,0,41,0,41,2,44,65,0,111,20,0,20,131
03/24/2000,CPR,WY,ANM,WE,Towers with Radar,3,45,24,0,72,0,2,53,0,55,3,47,77,0,127,28,0,28,155
03/25/2000,CPR,WY,ANM,WE,Towers with Radar,0,36,6,0,42,0,4,34,0,38,0,40,40,0,80,6,0,6,86
03/26/2000,CPR,WY,ANM,WE,Towers with Radar,0,18,9,0,27,0,4,34,0,38,0,22,43,0,65,44,0,44,109
03/27/2000,CPR,WY,ANM,WE,Towers with Radar,1,41,20,1,63,0,4,32,1,37,1,45,52,2,100,10,12,22,122
03/28/2000,CPR,WY,ANM,WE,Towers with Radar,4,45,27,0,76,0,0,24,0,24,4,45,51,0,100,4,0,4,104
03/29/2000,CPR,WY,ANM,WE,Towers with Radar,2,45,24,1,72,2,0,15,1,18,4,45,39,2,90,26,0,26,116
03/30/2000,CPR,WY,ANM,WE,Towers with Radar,4,40,28,2,74,2,0,18,0,20,6,40,46,2,94,32,6,38,132
03/31/2000,CPR,WY,ANM,WE,Towers with Radar,2,47,22,0,71,0,2,45,0,47,2,49,67,0,118,10,0,10,128
04/01/2000,CPR,WY,ANM,WE,Towers with Radar,0,29,15,0,44,0,9,19,0,28,0,38,34,0,72,0,0,0,72
04/02/2000,CPR,WY,ANM,WE,Towers with Radar,0,19,10,0,29,0,0,3,0,3,0,19,13,0,32,0,0,0,32
04/03/2000,CPR,WY,ANM,WE,Towers with Radar,0,45,16,2,63,0,6,46,2,54,0,51,62,4,117,12,2,14,131
04/04/2000,CPR,WY,ANM,WE,Towers with Radar,2,50,26,0,78,2,0,23,0,25,4,50,49,0,103,6,0,6,109
04/05/2000,CPR,WY,ANM,WE,Towers with Radar,2,46,23,0,71,0,2,30,1,33,2,48,53,1,104,12,0,12,116
04/06/2000,CPR,WY,ANM,WE,Towers with Radar,3,51,20,0,74,0,5,29,0,34,3,56,49,0,108,26,0,26,134
04/07/2000,CPR,WY,ANM,WE,Towers with Radar,2,41,21,0,64,0,8,38,0,46,2,49,59,0,110,38,0,38,148
04/08/2000,CPR,WY,ANM,WE,Towers with Radar,0,40,6,0,46,0,11,54,0,65,0,51,60,0,111,0,0,0,111
04/09/2000,CPR,WY,ANM,WE,Towers with Radar,0,27,10,0,37,0,0,20,0,20,0,27,30,0,57,52,0,52,109
04/10/2000,CPR,WY,ANM,WE,Towers with Radar,1,40,21,2,64,0,3,26,0,29,1,43,47,2,93,4,6,10,103
04/11/2000,CPR,WY,ANM,WE,Towers with Radar,2,45,22,0,69,2,9,51,2,64,4,54,73,2,133,30,2,32,165
04/12/2000,CPR,WY,ANM,WE,Towers with Radar,2,49,31,0,82,0,2,33,0,35,2,51,64,0,117,16,0,16,133
04/13/2000,CPR,WY,ANM,WE,Towers with Radar,3,45,26,0,74,0,1,21,0,22,3,46,47,0,96,0,0,0,96
04/14/2000,CPR,WY,ANM,WE,Towers with Radar,2,45,22,0,69,2,3,4,0,9,4,48,26,0,78,2,0,2,80
04/15/2000,CPR,WY,ANM,WE,Towers with Radar,0,31,18,0,49,0,0,1,0,1,0,31,19,0,50,0,0,0,50
04/16/2000,CPR,WY,ANM,WE,Towers with Radar,0,20,14,0,34,0,3,21,0,24,0,23,35,0,58,44,0,44,102
04/17/2000,CPR,WY,ANM,WE,Towers with Radar,1,43,21,2,67,0,1,31,0,32,1,44,52,2,99,4,0,4,103
04/18/2000,CPR,WY,ANM,WE,Towers with Radar,4,49,15,0,68,0,1,15,0,16,4,50,30,0,84,20,0,20,104
04/19/2000,CPR,WY,ANM,WE,Towers with Radar,2,45,39,0,86,0,1,1,0,2,2,46,40,0,88,8,0,8,96
04/20/2000,CPR,WY,ANM,WE,Towers with Radar,2,44,23,0,69,1,0,28,0,29,3,44,51,0,98,10,0,10,108
04/21/2000,CPR,WY,ANM,WE,Towers with Radar,4,50,9,0,63,0,0,50,0,50,4,50,59,0,113,28,0,28,141
04/22/2000,CPR,WY,ANM,WE,Towers with Radar,0,26,13,0,39,0,9,32,0,41,0,35,45,0,80,26,0,26,106
04/23/2000,CPR,WY,ANM,WE,Towers with Radar,0,20,4,0,24,0,1,9,0,10,0,21,13,0,34,0,0,0,34
04/24/2000,CPR,WY,ANM,WE,Towers with Radar,2,41,24,0,67,0,0,11,0,11,2,41,35,0,78,20,0,20,98
04/25/2000,CPR,WY,ANM,WE,Towers with Radar,4,48,28,0,80,0,0,40,0,40,4,48,68,0,120,8,0,8,128
04/26/2000,CPR,WY,ANM,WE,Towers with Radar,4,49,22,1,76,0,1,56,1,58,4,50,78,2,134,4,0,4,138
04/27/2000,CPR,WY,ANM,WE,Towers with Radar,3,46,22,0,71,0,3,35,0,38,3,49,57,0,109,24,0,24,133
04/28/2000,CPR,WY,ANM,WE,Towers with Radar,2,48,23,0,73,2,7,62,0,71,4,55,85,0,144,32,0,32,176
04/29/2000,CPR,WY,ANM,WE,Towers with Radar,0,39,6,0,45,0,0,2,0,2,0,39,8,0,47,0,0,0,47
04/30/2000,CPR,WY,ANM,WE,Towers with Radar,0,25,17,0,42,0,0,51,0,51,0,25,68,0,93,18,0,18,111
05/01/2000,CPR,WY,ANM,WE,Towers with Radar,1,39,23,0,63,1,0,35,0,36,2,39,58,0,99,38,0,38,137
05/02/2000,CPR,WY,ANM,WE,Towers with Radar,4,45,20,0,69,0,0,35,0,35,4,45,55,0,104,52,0,52,156
05/03/2000,CPR,WY,ANM,WE,Towers with Radar,3,53,13,0,69,1,0,76,28,105,4,53,89,28,174,0,0,0,174
05/04/2000,CPR,WY,ANM,WE,Towers with Radar,3,56,21,0,80,0,5,33,0,38,3,61,54,0,118,22,0,22,140
05/05/2000,CPR,WY,ANM,WE,Towers with Radar,3,48,11,0,62,0,5,37,0,42,3,53,48,0,104,16,0,16,120
05/06/2000,CPR,WY,ANM,WE,Towers with Radar,0,35,17,0,52,0,3,47,0,50,0,38,64,0,102,18,0,18,120
05/07/2000,CPR,WY,ANM,WE,Towers with Radar,0,22,15,0,37,0,0,8,0,8,0,22,23,0,45,14,0,14,59
05/08/2000,CPR,WY,ANM,WE,Towers with Radar,2,47,34,0,83,0,0,22,70,92,2,47,56,70,175,0,0,0,175
05/09/2000,CPR,WY,ANM,WE,Towers with Radar,1,33,16,0,50,2,19,52,2,75,3,52,68,2,125,48,12,60,185
05/10/2000,CPR,WY,ANM,WE,Towers with Radar,3,51,29,0,83,0,2,29,0,31,3,53,58,0,114,46,0,46,160
05/11/2000,CPR,WY,ANM,WE,Towers with Radar,3,46,16,0,65,0,2,3,0,5,3,48,19,0,70,0,0,0,70
05/12/2000,CPR,WY,ANM,WE,Towers with Radar,2,47,22,0,71,2,1,32,0,35,4,48,54,0,106,12,0,12,118
05/13/2000,CPR,WY,ANM,WE,Towers with Radar,0,40,5,0,45,0,0,47,0,47,0,40,52,0,92,40,0,40,132
05/14/2000,CPR,WY,ANM,WE,Towers with Radar,0,0,0,0,0,0,0,0,0,0,0,0,0,0,0,0,0,0,0
05/15/2000,CPR,WY,ANM,WE,Towers with Radar,0,27,13,0,40,0,15,45,0,60,0,42,58,0,100,12,0,12,112
05/16/2000,CPR,WY,ANM,WE,Towers with Radar,2,44,21,0,67,2,4,38,0,44,4,48,59,0,111,26,0,26,137
05/17/2000,CPR,WY,ANM,WE,Towers with Radar,4,47,18,0,69,0,1,0,0,1,4,48,18,0,70,0,0,0,70
05/18/2000,CPR,WY,ANM,WE,Towers with Radar,0,0,0,0,0,0,0,0,0,0,0,0,0,0,0,0,0,0,0
05/19/2000,CPR,WY,ANM,WE,Towers with Radar,4,45,22,0,71,0,0,50,0,50,4,45,72,0,121,62,0,62,183
05/20/2000,CPR,WY,ANM,WE,Towers with Radar,0,36,17,0,53,0,6,27,0,33,0,42,44,0,86,2,0,2,88
05/21/2000,CPR,WY,ANM,WE,Towers with Radar,0,23,8,0,31,0,0,36,0,36,0,23,44,0,67,14,0,14,81
05/22/2000,CPR,WY,ANM,WE,Towers with Radar,1,36,18,0,55,1,5,20,0,26,2,41,38,0,81,12,0,12,93
05/23/2000,CPR,WY,ANM,WE,Towers with Radar,0,0,0,0,0,0,0,0,0,0,0,0,0,0,0,0,0,0,0
05/24/2000,CPR,WY,ANM,WE,Towers with Radar,2,57,28,0,87,2,0,36,0,38,4,57,64,0,125,34,0,34,159
05/25/2000,CPR,WY,ANM,WE,Towers with Radar,3,48,11,0,62,0,5,22,0,27,3,53,33,0,89,82,0,82,171
05/26/2000,CPR,WY,ANM,WE,Towers with Radar,2,42,20,0,64,1,5,31,0,37,3,47,51,0,101,18,0,18,119
05/27/2000,CPR,WY,ANM,WE,Towers with Radar,0,36,4,0,40,0,0,59,0,59,0,36,63,0,99,42,0,42,141
05/28/2000,CPR,WY,ANM,WE,Towers with Radar,0,19,8,0,27,0,3,25,0,28,0,22,33,0,55,20,0,20,75
05/29/2000,CPR,WY,ANM,WE,Towers with Radar,0,17,6,0,23,0,2,35,0,37,0,19,41,0,60,26,0,26,86
05/30/2000,CPR,WY,ANM,WE,Towers with Radar,1,48,33,0,82,0,1,5,0,6,1,49,38,0,88,0,0,0,88
05/31/2000,CPR,WY,ANM,WE,Towers with Radar,3,45,28,0,76,0,0,15,0,15,3,45,43,0,91,14,0,14,105
06/01/2000,CPR,WY,ANM,WE,Towers with Radar,1,49,27,0,77,4,0,45,0,49,5,49,72,0,126,12,0,12,138
06/02/2000,CPR,WY,ANM,WE,Towers with Radar,0,0,0,0,0,0,0,0,0,0,0,0,0,0,0,0,0,0,0
06/03/2000,CPR,WY,ANM,WE,Towers with Radar,0,32,18,0,50,0,8,19,0,27,0,40,37,0,77,6,0,6,83
06/04/2000,CPR,WY,ANM,WE,Towers with Radar,0,21,10,0,31,0,1,24,0,25,0,22,34,0,56,6,0,6,62
06/05/2000,CPR,WY,ANM,WE,Towers with Radar,2,46,11,0,59,0,2,36,0,38,2,48,47,0,97,24,0,24,121
06/06/2000,CPR,WY,ANM,WE,Towers with Radar,4,46,23,0,73,0,4,56,0,60,4,50,79,0,133,10,0,10,143
06/07/2000,CPR,WY,ANM,WE,Towers with Radar,4,46,27,0,77,0,4,63,0,67,4,50,90,0,144,44,0,44,188
06/08/2000,CPR,WY,ANM,WE,Towers with Radar,3,48,14,0,65,0,6,39,0,45,3,54,53,0,110,12,0,12,122
06/09/2000,CPR,WY,ANM,WE,Towers with Radar,3,45,7,0,55,0,4,48,0,52,3,49,55,0,107,8,0,8,115
06/10/2000,CPR,WY,ANM,WE,Towers with Radar,0,26,14,0,40,0,12,49,0,61,0,38,63,0,101,26,0,26,127
06/11/2000,CPR,WY,ANM,WE,Towers with Radar,0,17,14,0,31,0,0,65,0,65,0,17,79,0,96,40,0,40,136
06/12/2000,CPR,WY,ANM,WE,Towers with Radar,1,27,14,0,42,1,15,37,0,53,2,42,51,0,95,34,0,34,129
06/13/2000,CPR,WY,ANM,WE,Towers with Radar,3,50,23,0,76,0,0,25,0,25,3,50,48,0,101,50,0,50,151
06/14/2000,CPR,WY,ANM,WE,Towers with Radar,2,49,32,4,87,0,1,48,1,50,2,50,80,5,137,16,0,16,153
06/15/2000,CPR,WY,ANM,WE,Towers with Radar,3,47,24,0,74,1,0,30,1,32,4,47,54,1,106,22,0,22,128
06/16/2000,CPR,WY,ANM,WE,Towers with Radar,3,54,10,0,67,0,0,41,1,42,3,54,51,1,109,18,0,18,127
06/17/2000,CPR,WY,ANM,WE,Towers with Radar,0,34,17,0,51,0,11,65,0,76,0,45,82,0,127,16,0,16,143
06/18/2000,CPR,WY,ANM,WE,Towers with Radar,0,21,5,0,26,0,1,34,0,35,0,22,39,0,61,24,0,24,85
06/19/2000,CPR,WY,ANM,WE,Towers with Radar,1,41,22,0,64,0,7,36,0,43,1,48,58,0,107,12,0,12,119
06/20/2000,CPR,WY,ANM,WE,Towers with Radar,4,49,21,0,74,0,5,52,0,57,4,54,73,0,131,56,0,56,187
06/21/2000,CPR,WY,ANM,WE,Towers with Radar,4,53,22,0,79,0,5,52,0,57,4,58,74,0,136,52,0,52,188
06/22/2000,CPR,WY,ANM,WE,Towers with Radar,3,49,25,0,77,0,10,62,0,72,3,59,87,0,149,14,0,14,163
06/23/2000,CPR,WY,ANM,WE,Towers with Radar,2,41,20,0,63,2,9,35,0,46,4,50,55,0,109,30,0,30,139
06/24/2000,CPR,WY,ANM,WE,Towers with Radar,0,38,5,0,43,0,2,37,2,41,0,40,42,2,84,84,0,84,168
06/25/2000,CPR,WY,ANM,WE,Towers with Radar,0,17,10,0,27,0,3,43,0,46,0,20,53,0,73,44,0,44,117
06/26/2000,CPR,WY,ANM,WE,Towers with Radar,2,38,24,0,64,0,4,39,0,43,2,42,63,0,107,24,0,24,131
06/27/2000,CPR,WY,ANM,WE,Towers with Radar,3,52,29,0,84,1,0,20,0,21,4,52,49,0,105,24,0,24,129
06/28/2000,CPR,WY,ANM,WE,Towers with Radar,3,55,26,0,84,1,2,67,0,70,4,57,93,0,154,28,0,28,182
06/29/2000,CPR,WY,ANM,WE,Towers with Radar,4,52,44,0,100,0,4,67,0,71,4,56,111,0,171,64,0,64,235
06/30/2000,CPR,WY,ANM,WE,Towers with Radar,3,54,27,0,84,0,0,103,0,103,3,54,130,0,187,44,0,44,231
07/01/2000,CPR,WY,ANM,WE,Towers with Radar,0,30,10,0,40,0,4,46,0,50,0,34,56,0,90,24,0,24,114
07/02/2000,CPR,WY,ANM,WE,Towers with Radar,0,20,7,0,27,0,0,22,0,22,0,20,29,0,49,6,0,6,55
07/03/2000,CPR,WY,ANM,WE,Towers with Radar,2,47,21,0,70,0,3,36,0,39,2,50,57,0,109,60,0,60,169
07/04/2000,CPR,WY,ANM,WE,Towers with Radar,0,13,7,0,20,0,7,21,0,28,0,20,28,0,48,36,0,36,84
07/05/2000,CPR,WY,ANM,WE,Towers with Radar,3,46,22,0,71,0,10,51,0,61,3,56,73,0,132,26,0,26,158
07/06/2000,CPR,WY,ANM,WE,Towers with Radar,2,54,30,0,86,0,2,25,0,27,2,56,55,0,113,28,0,28,141
07/07/2000,CPR,WY,ANM,WE,Towers with Radar,4,50,22,0,76,0,0,56,0,56,4,50,78,0,132,4,0,4,136
07/08/2000,CPR,WY,ANM,WE,Towers with Radar,0,37,21,0,58,0,0,44,0,44,0,37,65,0,102,36,0,36,138
07/09/2000,CPR,WY,ANM,WE,Towers with Radar,0,20,26,0,46,0,0,24,0,24,0,20,50,0,70,38,0,38,108
07/10/2000,CPR,WY,ANM,WE,Towers with Radar,1,30,15,0,46,1,16,40,0,57,2,46,55,0,103,34,0,34,137
07/11/2000,CPR,WY,ANM,WE,Towers with Radar,4,46,35,2,87,0,0,40,0,40,4,46,75,2,127,24,2,26,153
07/12/2000,CPR,WY,ANM,WE,Towers with Radar,3,45,29,2,79,0,2,54,0,56,3,47,83,2,135,66,8,74,209
07/13/2000,CPR,WY,ANM,WE,Towers with Radar,1,48,12,0,61,0,5,30,0,35,1,53,42,0,96,38,0,38,134
07/14/2000,CPR,WY,ANM,WE,Towers with Radar,2,46,22,0,70,2,5,40,0,47,4,51,62,0,117,34,0,34,151
07/15/2000,CPR,WY,ANM,WE,Towers with Radar,0,37,10,0,47,0,0,35,0,35,0,37,45,0,82,44,0,44,126
07/16/2000,CPR,WY,ANM,WE,Towers with Radar,0,26,13,0,39,0,0,22,0,22,0,26,35,0,61,24,0,24,85
07/17/2000,CPR,WY,ANM,WE,Towers with Radar,1,43,21,0,65,0,3,31,2,36,1,46,52,2,101,18,0,18,119
07/18/2000,CPR,WY,ANM,WE,Towers with Radar,1,31,15,0,47,3,16,54,0,73,4,47,69,0,120,20,0,20,140
07/19/2000,CPR,WY,ANM,WE,Towers with Radar,3,51,32,0,86,0,2,35,0,37,3,53,67,0,123,38,0,38,161
07/20/2000,CPR,WY,ANM,WE,Towers with Radar,3,52,18,1,74,0,1,43,1,45,3,53,61,2,119,12,0,12,131
07/21/2000,CPR,WY,ANM,WE,Towers with Radar,4,43,13,2,62,0,6,52,0,58,4,49,65,2,120,30,0,30,150
07/22/2000,CPR,WY,ANM,WE,Towers with Radar,0,41,11,2,54,0,0,40,0,40,0,41,51,2,94,22,6,28,122
07/23/2000,CPR,WY,ANM,WE,Towers with Radar,0,17,9,0,26,0,0,27,0,27,0,17,36,0,53,18,0,18,71
07/24/2000,CPR,WY,ANM,WE,Towers with Radar,2,41,20,0,63,0,0,43,0,43,2,41,63,0,106,8,0,8,114
07/25/2000,CPR,WY,ANM,WE,Towers with Radar,4,44,15,0,63,0,3,32,1,36,4,47,47,1,99,38,0,38,137
07/26/2000,CPR,WY,ANM,WE,Towers with Radar,4,50,17,0,71,0,2,50,2,54,4,52,67,2,125,60,0,60,185
07/27/2000,CPR,WY,ANM,WE,Towers with Radar,3,54,21,0,78,0,2,46,0,48,3,56,67,0,126,12,0,12,138
07/28/2000,CPR,WY,ANM,WE,Towers with Radar,2,49,13,0,64,0,1,60,0,61,2,50,73,0,125,30,0,30,155
07/29/2000,CPR,WY,ANM,WE,Towers with Radar,1,40,12,0,53,0,0,59,0,59,1,40,71,0,112,56,0,56,168
07/30/2000,CPR,WY,ANM,WE,Towers with Radar,0,27,16,0,43,0,0,48,0,48,0,27,64,0,91,4,0,4,95
07/31/2000,CPR,WY,ANM,WE,Towers with Radar,2,38,13,0,53,0,0,87,0,87,2,38,100,0,140,18,0,18,158
08/01/2000,CPR,WY,ANM,WE,Towers with Radar,0,31,16,0,47,3,15,61,0,79,3,46,77,0,126,34,0,34,160
08/02/2000,CPR,WY,ANM,WE,Towers with Radar,3,46,32,2,83,0,5,50,0,55,3,51,82,2,138,34,0,34,172
08/03/2000,CPR,WY,ANM,WE,Towers with Radar,4,48,20,0,72,0,0,32,0,32,4,48,52,0,104,34,0,34,138
08/04/2000,CPR,WY,ANM,WE,Towers with Radar,3,50,9,0,62,0,0,60,24,84,3,50,69,24,146,0,0,0,146
08/05/2000,CPR,WY,ANM,WE,Towers with Radar,0,34,18,0,52,0,3,39,2,44,0,37,57,2,96,34,0,34,130
08/06/2000,CPR,WY,ANM,WE,Towers with Radar,0,28,13,0,41,0,0,37,0,37,0,28,50,0,78,24,0,24,102
08/07/2000,CPR,WY,ANM,WE,Towers with Radar,2,42,21,0,65,0,5,38,6,49,2,47,59,6,114,40,0,40,154
08/08/2000,CPR,WY,ANM,WE,Towers with Radar,3,47,18,0,68,0,0,40,0,40,3,47,58,0,108,16,2,18,126
08/09/2000,CPR,WY,ANM,WE,Towers with Radar,4,48,31,0,83,0,3,70,2,75,4,51,101,2,158,68,6,74,232
08/10/2000,CPR,WY,ANM,WE,Towers with Radar,5,52,25,0,82,1,0,48,0,49,6,52,73,0,131,38,0,38,169
08/11/2000,CPR,WY,ANM,WE,Towers with Radar,2,44,23,0,69,2,4,46,0,52,4,48,69,0,121,38,0,38,159
08/12/2000,CPR,WY,ANM,WE,Towers with Radar,0,39,17,0,56,0,0,43,0,43,0,39,60,0,99,42,0,42,141
08/13/2000,CPR,WY,ANM,WE,Towers with Radar,0,24,12,0,36,0,3,42,2,47,0,27,54,2,83,32,0,32,115
08/14/2000,CPR,WY,ANM,WE,Towers with Radar,2,40,15,0,57,0,3,36,0,39,2,43,51,0,96,58,0,58,154
08/15/2000,CPR,WY,ANM,WE,Towers with Radar,2,50,33,0,85,0,2,35,0,37,2,52,68,0,122,48,0,48,170
08/16/2000,CPR,WY,ANM,WE,Towers with Radar,3,49,28,0,80,0,0,56,0,56,3,49,84,0,136,30,0,30,166
08/17/2000,CPR,WY,ANM,WE,Towers with Radar,3,46,23,0,72,2,0,48,6,56,5,46,71,6,128,26,0,26,154
08/18/2000,CPR,WY,ANM,WE,Towers with Radar,3,44,23,0,70,0,0,49,0,49,3,44,72,0,119,56,0,56,175
08/19/2000,CPR,WY,ANM,WE,Towers with Radar,0,39,15,0,54,0,2,65,0,67,0,41,80,0,121,48,0,48,169
08/20/2000,CPR,WY,ANM,WE,Towers with Radar,0,22,12,0,34,0,2,22,0,24,0,24,34,0,58,92,0,92,150
08/21/2000,CPR,WY,ANM,WE,Towers with Radar,2,42,21,0,65,0,7,43,0,50,2,49,64,0,115,40,0,40,155
08/22/2000,CPR,WY,ANM,WE,Towers with Radar,2,48,17,0,67,0,2,37,0,39,2,50,54,0,106,42,0,42,148
08/23/2000,CPR,WY,ANM,WE,Towers with Radar,3,46,26,0,75,0,0,51,0,51,3,46,77,0,126,32,4,36,162
08/24/2000,CPR,WY,ANM,WE,Towers with Radar,5,38,19,0,62,0,2,24,0,26,5,40,43,0,88,4,0,4,92
08/25/2000,CPR,WY,ANM,WE,Towers with Radar,3,50,19,0,72,0,0,36,0,36,3,50,55,0,108,0,0,0,108
08/26/2000,CPR,WY,ANM,WE,Towers with Radar,0,32,6,0,38,1,6,49,0,56,1,38,55,0,94,42,0,42,136
08/27/2000,CPR,WY,ANM,WE,Towers with Radar,0,20,15,0,35,0,3,21,0,24,0,23,36,0,59,28,0,28,87
08/28/2000,CPR,WY,ANM,WE,Towers with Radar,0,41,18,0,59,0,4,24,0,28,0,45,42,0,87,12,0,12,99
08/29/2000,CPR,WY,ANM,WE,Towers with Radar,2,47,27,0,76,0,0,55,0,55,2,47,82,0,131,54,0,54,185
08/30/2000,CPR,WY,ANM,WE,Towers with Radar,2,46,19,0,67,0,0,44,0,44,2,46,63,0,111,52,0,52,163
08/31/2000,CPR,WY,ANM,WE,Towers with Radar,3,44,29,0,76,0,0,40,0,40,3,44,69,0,116,52,0,52,168
09/01/2000,CPR,WY,ANM,WE,Towers with Radar,2,48,15,0,65,1,10,41,0,52,3,58,56,0,117,14,0,14,131
09/02/2000,CPR,WY,ANM,WE,Towers with Radar,0,29,12,0,41,1,7,27,0,35,1,36,39,0,76,30,0,30,106
09/03/2000,CPR,WY,ANM,WE,Towers with Radar,0,16,4,0,20,0,4,53,0,57,0,20,57,0,77,52,0,52,129
09/04/2000,CPR,WY,ANM,WE,Towers with Radar,0,17,9,0,26,0,0,45,0,45,0,17,54,0,71,38,0,38,109
09/05/2000,CPR,WY,ANM,WE,Towers with Radar,0,38,16,0,54,1,1,42,1,45,1,39,58,1,99,34,0,34,133
09/06/2000,CPR,WY,ANM,WE,Towers with Radar,2,45,25,0,72,0,0,36,5,41,2,45,61,5,113,80,0,80,193
09/07/2000,CPR,WY,ANM,WE,Towers with Radar,2,51,24,0,77,0,1,50,0,51,2,52,74,0,128,30,0,30,158
09/08/2000,CPR,WY,ANM,WE,Towers with Radar,3,50,14,0,67,0,0,29,0,29,3,50,43,0,96,18,0,18,114
09/09/2000,CPR,WY,ANM,WE,Towers with Radar,0,33,13,0,46,0,0,14,0,14,0,33,27,0,60,8,0,8,68
09/10/2000,CPR,WY,ANM,WE,Towers with Radar,0,26,11,0,37,0,3,13,0,16,0,29,24,0,53,16,0,16,69
09/11/2000,CPR,WY,ANM,WE,Towers with Radar,2,52,22,0,76,0,0,64,2,66,2,52,86,2,142,26,0,26,168
09/12/2000,CPR,WY,ANM,WE,Towers with Radar,2,49,20,0,71,1,1,65,0,67,3,50,85,0,138,76,0,76,214
09/13/2000,CPR,WY,ANM,WE,Towers with Radar,2,47,19,0,68,0,1,58,0,59,2,48,77,0,127,138,0,138,265
09/14/2000,CPR,WY,ANM,WE,Towers with Radar,4,49,11,0,64,0,3,65,0,68,4,52,76,0,132,24,0,24,156
09/15/2000,CPR,WY,ANM,WE,Towers with Radar,1,43,19,0,63,2,5,57,3,67,3,48,76,3,130,20,0,20,150
09/16/2000,CPR,WY,ANM,WE,Towers with Radar,0,38,6,1,45,0,4,57,0,61,0,42,63,1,106,12,0,12,118
09/17/2000,CPR,WY,ANM,WE,Towers with Radar,0,29,13,0,42,0,0,29,4,33,0,29,42,4,75,52,0,52,127
09/18/2000,CPR,WY,ANM,WE,Towers with Radar,1,38,19,0,58,0,6,39,0,45,1,44,58,0,103,38,0,38,141
09/19/2000,CPR,WY,ANM,WE,Towers with Radar,4,55,33,0,92,0,0,17,0,17,4,55,50,0,109,8,0,8,117
09/20/2000,CPR,WY,ANM,WE,Towers with Radar,2,48,21,0,71,1,0,68,0,69,3,48,89,0,140,40,0,40,180
09/21/2000,CPR,WY,ANM,WE,Towers with Radar,1,45,19,0,65,2,3,25,0,30,3,48,44,0,95,18,0,18,113
09/22/2000,CPR,WY,ANM,WE,Towers with Radar,1,41,17,0,59,1,5,1,0,7,2,46,18,0,66,0,0,0,66
09/23/2000,CPR,WY,ANM,WE,Towers with Radar,0,26,7,0,33,0,9,0,0,9,0,35,7,0,42,2,0,2,44
09/24/2000,CPR,WY,ANM,WE,Towers with Radar,0,26,3,0,29,0,0,13,0,13,0,26,16,0,42,14,0,14,56
09/25/2000,CPR,WY,ANM,WE,Towers with Radar,1,43,28,0,72,0,5,53,0,58,1,48,81,0,130,10,0,10,140
09/26/2000,CPR,WY,ANM,WE,Towers with Radar,3,61,19,0,83,0,2,38,0,40,3,63,57,0,123,12,0,12,135
09/27/2000,CPR,WY,ANM,WE,Towers with Radar,3,46,21,0,70,0,2,45,0,47,3,48,66,0,117,20,0,20,137
09/28/2000,CPR,WY,ANM,WE,Towers with Radar,4,51,19,1,75,0,0,56,0,56,4,51,75,1,131,44,0,44,175
09/29/2000,CPR,WY,ANM,WE,Towers with Radar,3,52,12,0,67,0,0,44,1,45,3,52,56,1,112,66,0,66,178
09/30/2000,CPR,WY,ANM,WE,Towers with Radar,0,39,15,0,54,0,4,39,0,43,0,43,54,0,97,58,0,58,155
10/01/2000,CPR,WY,ANM,WE,Towers with Radar,0,17,9,0,26,0,9,47,0,56,0,26,56,0,82,42,0,42,124
10/02/2000,CPR,WY,ANM,WE,Towers with Radar,1,43,17,0,61,0,6,41,0,47,1,49,58,0,108,36,0,36,144
10/03/2000,CPR,WY,ANM,WE,Towers with Radar,2,50,25,0,77,0,0,40,0,40,2,50,65,0,117,130,0,130,247
10/04/2000,CPR,WY,ANM,WE,Towers with Radar,3,52,36,0,91,0,1,39,0,40,3,53,75,0,131,74,0,74,205
10/05/2000,CPR,WY,ANM,WE,Towers with Radar,4,44,47,0,95,0,0,4,0,4,4,44,51,0,99,14,0,14,113
10/06/2000,CPR,WY,ANM,WE,Towers with Radar,4,51,33,0,88,0,0,57,0,57,4,51,90,0,145,86,0,86,231
10/07/2000,CPR,WY,ANM,WE,Towers with Radar,2,40,13,0,55,0,0,37,0,37,2,40,50,0,92,84,0,84,176
10/08/2000,CPR,WY,ANM,WE,Towers with Radar,0,24,17,0,41,0,0,15,0,15,0,24,32,0,56,70,0,70,126
10/09/2000,CPR,WY,ANM,WE,Towers with Radar,1,37,19,0,57,1,4,53,0,58,2,41,72,0,115,62,0,62,177
10/10/2000,CPR,WY,ANM,WE,Towers with Radar,2,51,25,0,78,0,3,48,0,51,2,54,73,0,129,46,0,46,175
10/11/2000,CPR,WY,ANM,WE,Towers with Radar,2,49,25,0,76,0,0,42,0,42,2,49,67,0,118,62,0,62,180
10/12/2000,CPR,WY,ANM,WE,Towers with Radar,1,46,24,0,71,1,2,30,0,33,2,48,54,0,104,104,0,104,208
10/13/2000,CPR,WY,ANM,WE,Towers with Radar,2,51,25,0,78,3,5,35,0,43,5,56,60,0,121,50,0,50,171
10/14/2000,CPR,WY,ANM,WE,Towers with Radar,0,43,13,0,56,0,0,32,0,32,0,43,45,0,88,34,0,34,122
10/15/2000,CPR,WY,ANM,WE,Towers with Radar,0,23,9,0,32,0,0,9,0,9,0,23,18,0,41,14,0,14,55
10/16/2000,CPR,WY,ANM,WE,Towers with Radar,1,39,19,0,59,1,4,46,0,51,2,43,65,0,110,34,0,34,144
10/17/2000,CPR,WY,ANM,WE,Towers with Radar,2,43,21,0,66,0,5,47,0,52,2,48,68,0,118,22,0,22,140
10/18/2000,CPR,WY,ANM,WE,Towers with Radar,2,51,18,0,71,0,1,33,0,34,2,52,51,0,105,0,0,0,105
10/19/2000,CPR,WY,ANM,WE,Towers with Radar,4,46,25,0,75,0,0,29,3,32,4,46,54,3,107,22,0,22,129
10/20/2000,CPR,WY,ANM,WE,Towers with Radar,2,50,13,0,65,0,1,39,0,40,2,51,52,0,105,54,0,54,159
10/21/2000,CPR,WY,ANM,WE,Towers with Radar,0,39,5,0,44,0,0,15,0,15,0,39,20,0,59,10,0,10,69
10/22/2000,CPR,WY,ANM,WE,Towers with Radar,0,20,10,0,30,0,0,0,0,0,0,20,10,0,30,0,0,0,30
10/23/2000,CPR,WY,ANM,WE,Towers with Radar,1,40,20,0,61,1,0,18,5,24,2,40,38,5,85,14,0,14,99
10/24/2000,CPR,WY,ANM,WE,Towers with Radar,2,53,22,0,77,0,0,34,2,36,2,53,56,2,113,28,0,28,141
10/25/2000,CPR,WY,ANM,WE,Towers with Radar,1,52,25,0,78,0,0,16,3,19,1,52,41,3,97,12,0,12,109
10/26/2000,CPR,WY,ANM,WE,Towers with Radar,2,50,24,0,76,0,2,27,0,29,2,52,51,0,105,26,0,26,131
10/27/2000,CPR,WY,ANM,WE,Towers with Radar,2,45,28,0,75,0,3,19,0,22,2,48,47,0,97,56,0,56,153
10/28/2000,CPR,WY,ANM,WE,Towers with Radar,0,35,17,0,52,0,2,8,2,12,0,37,25,2,64,20,0,20,84
10/29/2000,CPR,WY,ANM,WE,Towers with Radar,0,23,9,2,34,0,0,31,0,31,0,23,40,2,65,4,0,4,69
10/30/2000,CPR,WY,ANM,WE,Towers with Radar,1,45,14,0,60,0,2,13,0,15,1,47,27,0,75,16,0,16,91
10/31/2000,CPR,WY,ANM,WE,Towers with Radar,2,47,16,0,65,1,0,0,0,1,3,47,16,0,66,0,0,0,66
11/01/2000,CPR,WY,ANM,WE,Towers with Radar,1,48,21,0,70,1,1,14,0,16,2,49,35,0,86,6,0,6,92
11/02/2000,CPR,WY,ANM,WE,Towers with Radar,0,47,31,0,78,1,4,44,0,49,1,51,75,0,127,30,0,30,157
11/03/2000,CPR,WY,ANM,WE,Towers with Radar,1,40,23,0,64,1,6,31,0,38,2,46,54,0,102,34,0,34,136
11/04/2000,CPR,WY,ANM,WE,Towers with Radar,0,34,6,0,40,0,3,18,0,21,0,37,24,0,61,8,0,8,69
11/05/2000,CPR,WY,ANM,WE,Towers with Radar,0,13,7,0,20,0,0,0,0,0,0,13,7,0,20,0,0,0,20
11/06/2000,CPR,WY,ANM,WE,Towers with Radar,0,40,22,0,62,0,1,3,0,4,0,41,25,0,66,0,0,0,66
11/07/2000,CPR,WY,ANM,WE,Towers with Radar,1,48,17,0,66,0,0,12,0,12,1,48,29,0,78,2,0,2,80
11/08/2000,CPR,WY,ANM,WE,Towers with Radar,6,47,31,0,84,0,0,36,0,36,6,47,67,0,120,88,0,88,208
11/09/2000,CPR,WY,ANM,WE,Towers with Radar,4,45,20,0,69,0,0,0,0,0,4,45,20,0,69,0,0,0,69
11/10/2000,CPR,WY,ANM,WE,Towers with Radar,2,50,22,4,78,0,1,0,0,1,2,51,22,4,79,0,0,0,79
11/11/2000,CPR,WY,ANM,WE,Towers with Radar,2,34,20,0,56,0,1,9,0,10,2,35,29,0,66,26,0,26,92
11/12/2000,CPR,WY,ANM,WE,Towers with Radar,0,17,11,0,28,0,0,16,0,16,0,17,27,0,44,4,0,4,48
11/13/2000,CPR,WY,ANM,WE,Towers with Radar,0,42,22,0,64,0,0,25,0,25,0,42,47,0,89,4,0,4,93
11/14/2000,CPR,WY,ANM,WE,Towers with Radar,3,42,24,0,69,0,0,36,0,36,3,42,60,0,105,0,0,0,105
11/15/2000,CPR,WY,ANM,WE,Towers with Radar,2,22,36,0,60,0,26,0,0,26,2,48,36,0,86,14,0,14,100
11/16/2000,CPR,WY,ANM,WE,Towers with Radar,3,47,36,0,86,0,0,23,0,23,3,47,59,0,109,64,0,64,173
11/17/2000,CPR,WY,ANM,WE,Towers with Radar,3,51,27,0,81,0,0,4,0,4,3,51,31,0,85,18,0,18,103
11/18/2000,CPR,WY,ANM,WE,Towers with Radar,0,35,6,0,41,0,0,6,0,6,0,35,12,0,47,6,0,6,53
11/19/2000,CPR,WY,ANM,WE,Towers with Radar,0,21,12,0,33,0,7,31,0,38,0,28,43,0,71,40,0,40,111
11/20/2000,CPR,WY,ANM,WE,Towers with Radar,1,40,24,0,65,0,2,40,0,42,1,42,64,0,107,84,0,84,191
11/21/2000,CPR,WY,ANM,WE,Towers with Radar,4,48,21,0,73,0,0,38,1,39,4,48,59,1,112,50,0,50,162
11/22/2000,CPR,WY,ANM,WE,Towers with Radar,5,50,13,6,74,0,0,53,0,53,5,50,66,6,127,52,6,58,185
11/23/2000,CPR,WY,ANM,WE,Towers with Radar,0,14,3,0,17,0,0,15,0,15,0,14,18,0,32,24,0,24,56
11/24/2000,CPR,WY,ANM,WE,Towers with Radar,3,46,11,0,60,0,0,41,0,41,3,46,52,0,101,90,0,90,191
11/25/2000,CPR,WY,ANM,WE,Towers with Radar,0,36,9,0,45,0,0,10,0,10,0,36,19,0,55,12,0,12,67
11/26/2000,CPR,WY,ANM,WE,Towers with Radar,0,16,10,0,26,0,5,11,0,16,0,21,21,0,42,6,0,6,48
11/27/2000,CPR,WY,ANM,WE,Towers with Radar,1,42,20,4,67,0,0,16,0,16,1,42,36,4,83,24,10,34,117
11/28/2000,CPR,WY,ANM,WE,Towers with Radar,4,50,21,4,79,0,0,27,2,29,4,50,48,6,108,10,6,16,124
11/29/2000,CPR,WY,ANM,WE,Towers with Radar,2,50,17,3,72,0,0,38,0,38,2,50,55,3,110,40,0,40,150
11/30/2000,CPR,WY,ANM,WE,Towers with Radar,4,41,22,0,67,0,7,3,0,10,4,48,25,0,77,10,0,10,87
12/01/2000,CPR,WY,ANM,WE,Towers with Radar,2,48,14,0,64,1,2,36,0,39,3,50,50,0,103,28,0,28,131
12/02/2000,CPR,WY,ANM,WE,Towers with Radar,0,36,32,0,68,0,0,27,0,27,0,36,59,0,95,18,0,18,113
12/03/2000,CPR,WY,ANM,WE,Towers with Radar,0,23,10,0,33,0,0,30,0,30,0,23,40,0,63,28,0,28,91
12/04/2000,CPR,WY,ANM,WE,Towers with Radar,1,45,19,0,65,1,0,55,0,56,2,45,74,0,121,20,0,20,141
12/05/2000,CPR,WY,ANM,WE,Towers with Radar,0,37,12,0,49,3,8,22,0,33,3,45,34,0,82,12,0,12,94
12/06/2000,CPR,WY,ANM,WE,Towers with Radar,3,43,26,0,72,0,1,21,0,22,3,44,47,0,94,4,0,4,98
12/07/2000,CPR,WY,ANM,WE,Towers with Radar,4,46,15,0,65,0,1,19,0,20,4,47,34,0,85,20,0,20,105
12/08/2000,CPR,WY,ANM,WE,Towers with Radar,2,48,17,1,68,0,0,8,1,9,2,48,25,2,77,14,4,18,95
12/09/2000,CPR,WY,ANM,WE,Towers with Radar,0,37,10,1,48,0,1,11,0,12,0,38,21,1,60,20,0,20,80
12/10/2000,CPR,WY,ANM,WE,Towers with Radar,0,17,9,0,26,0,0,0,0,0,0,17,9,0,26,0,0,0,26
12/11/2000,CPR,WY,ANM,WE,Towers with Radar,0,42,22,0,64,0,0,21,0,21,0,42,43,0,85,4,0,4,89
12/12/2000,CPR,WY,ANM,WE,Towers with Radar,5,47,16,0,68,0,3,31,0,34,5,50,47,0,102,22,0,22,124
12/13/2000,CPR,WY,ANM,WE,Towers with Radar,3,52,14,0,69,0,2,26,0,28,3,54,40,0,97,26,0,26,123
12/14/2000,CPR,WY,ANM,WE,Towers with Radar,2,48,18,0,68,6,0,5,0,11,8,48,23,0,79,0,0,0,79
12/15/2000,CPR,WY,ANM,WE,Towers with Radar,2,54,17,0,73,1,0,0,0,1,3,54,17,0,74,4,0,4,78
12/16/2000,CPR,WY,ANM,WE,Towers with Radar,0,35,11,0,46,0,0,19,0,19,0,35,30,0,65,0,0,0,65
12/17/2000,CPR,WY,ANM,WE,Towers with Radar,0,18,3,0,21,0,0,2,0,2,0,18,5,0,23,0,0,0,23
12/18/2000,CPR,WY,ANM,WE,Towers with Radar,1,46,15,0,62,0,4,21,4,29,1,50,36,4,91,52,6,58,149
12/19/2000,CPR,WY,ANM,WE,Towers with Radar,4,52,17,0,73,0,1,35,0,36,4,53,52,0,109,2,0,2,111
12/20/2000,CPR,WY,ANM,WE,Towers with Radar,2,53,18,0,73,2,0,12,0,14,4,53,30,0,87,24,0,24,111
12/21/2000,CPR,WY,ANM,WE,Towers with Radar,2,56,20,0,78,0,0,16,2,18,2,56,36,2,96,18,0,18,114
12/22/2000,CPR,WY,ANM,WE,Towers with Radar,3,57,20,0,80,1,0,18,0,19,4,57,38,0,99,0,0,0,99
12/23/2000,CPR,WY,ANM,WE,Towers with Radar,1,37,12,0,50,0,1,10,1,12,1,38,22,1,62,4,0,4,66
12/24/2000,CPR,WY,ANM,WE,Towers with Radar,0,18,6,0,24,0,0,6,0,6,0,18,12,0,30,0,0,0,30
12/25/2000,CPR,WY,ANM,WE,Towers with Radar,0,21,3,0,24,0,0,5,0,5,0,21,8,0,29,0,0,0,29
12/26/2000,CPR,WY,ANM,WE,Towers with Radar,1,43,4,0,48,0,3,37,0,40,1,46,41,0,88,22,0,22,110
12/27/2000,CPR,WY,ANM,WE,Towers with Radar,4,45,6,0,55,0,0,22,0,22,4,45,28,0,77,28,0,28,105
12/28/2000,CPR,WY,ANM,WE,Towers with Radar,3,44,2,2,51,0,4,23,1,28,3,48,25,3,79,6,0,6,85
12/29/2000,CPR,WY,ANM,WE,Towers with Radar,2,50,16,0,68,1,8,38,0,47,3,58,54,0,115,50,0,50,165
12/30/2000,CPR,WY,ANM,WE,Towers with Radar,0,27,2,0,29,0,0,6,0,6,0,27,8,0,35,18,0,18,53
12/31/2000,CPR,WY,ANM,WE,Towers with Radar,0,22,0,0,22,0,4,19,0,23,0,26,19,0,45,40,0,40,85
01/01/2001,CPR,WY,ANM,WE,Towers with Radar,0,14,4,0,18,0,1,5,0,6,0,15,9,0,24,0,0,0,24
01/02/2001,CPR,WY,ANM,WE,Towers with Radar,2,39,5,0,46,0,10,24,0,34,2,49,29,0,80,14,0,14,94
01/03/2001,CPR,WY,ANM,WE,Towers with Radar,2,42,18,2,64,0,6,8,6,20,2,48,26,8,84,4,24,28,112
01/04/2001,CPR,WY,ANM,WE,Towers with Radar,3,44,28,0,75,0,0,23,0,23,3,44,51,0,98,42,0,42,140
01/05/2001,CPR,WY,ANM,WE,Towers with Radar,4,41,17,0,62,0,17,10,0,27,4,58,27,0,89,44,0,44,133
01/06/2001,CPR,WY,ANM,WE,Towers with Radar,0,32,11,0,43,0,2,48,0,50,0,34,59,0,93,52,0,52,145
01/07/2001,CPR,WY,ANM,WE,Towers with Radar,0,22,9,0,31,0,2,31,0,33,0,24,40,0,64,70,0,70,134
01/08/2001,CPR,WY,ANM,WE,Towers with Radar,1,41,12,0,54,0,1,25,0,26,1,42,37,0,80,14,0,14,94
01/09/2001,CPR,WY,ANM,WE,Towers with Radar,2,51,22,2,77,0,0,36,0,36,2,51,58,2,113,8,0,8,121
01/10/2001,CPR,WY,ANM,WE,Towers with Radar,4,35,13,0,52,5,5,0,0,10,9,40,13,0,62,50,0,50,112
01/11/2001,CPR,WY,ANM,WE,Towers with Radar,3,41,37,0,81,1,4,19,0,24,4,45,56,0,105,120,0,120,225
01/12/2001,CPR,WY,ANM,WE,Towers with Radar,3,43,18,0,64,0,8,36,0,44,3,51,54,0,108,70,0,70,178
01/13/2001,CPR,WY,ANM,WE,Towers with Radar,0,33,6,0,39,0,0,0,0,0,0,33,6,0,39,0,0,0,39
01/14/2001,CPR,WY,ANM,WE,Towers with Radar,0,17,0,0,17,0,1,29,0,30,0,18,29,0,47,24,0,24,71
01/15/2001,CPR,WY,ANM,WE,Towers with Radar,1,34,19,0,54,2,1,21,0,24,3,35,40,0,78,30,0,30,108
01/16/2001,CPR,WY,ANM,WE,Towers with Radar,3,45,24,0,72,0,0,22,0,22,3,45,46,0,94,54,0,54,148
01/17/2001,CPR,WY,ANM,WE,Towers with Radar,3,44,18,0,65,4,0,33,0,37,7,44,51,0,102,58,0,58,160
01/18/2001,CPR,WY,ANM,WE,Towers with Radar,7,49,20,0,76,24,1,28,0,53,31,50,48,0,129,92,0,92,221
01/19/2001,CPR,WY,ANM,WE,Towers with Radar,2,41,16,0,59,35,2,30,0,67,37,43,46,0,126,32,0,32,158
01/20/2001,CPR,WY,ANM,WE,Towers with Radar,0,30,10,1,41,0,6,0,3,9,0,36,10,4,50,0,0,0,50
01/21/2001,CPR,WY,ANM,WE,Towers with Radar,2,15,6,1,24,0,3,25,0,28,2,18,31,1,52,4,0,4,56
01/22/2001,CPR,WY,ANM,WE,Towers with Radar,2,42,21,0,65,33,0,37,0,70,35,42,58,0,135,28,0,28,163
01/23/2001,CPR,WY,ANM,WE,Towers with Radar,6,46,18,0,70,19,1,17,0,37,25,47,35,0,107,6,0,6,113
01/24/2001,CPR,WY,ANM,WE,Towers with Radar,3,44,18,0,65,17,7,17,0,41,20,51,35,0,106,40,0,40,146
01/25/2001,CPR,WY,ANM,WE,Towers with Radar,3,50,21,0,74,2,0,12,0,14,5,50,33,0,88,14,0,14,102
01/26/2001,CPR,WY,ANM,WE,Towers with Radar,2,51,22,2,77,0,0,32,0,32,2,51,54,2,109,46,0,46,155
01/27/2001,CPR,WY,ANM,WE,Towers with Radar,0,30,12,0,42,0,10,24,0,34,0,40,36,0,76,22,0,22,98
01/28/2001,CPR,WY,ANM,WE,Towers with Radar,0,17,5,0,22,0,0,3,0,3,0,17,8,0,25,34,0,34,59
01/29/2001,CPR,WY,ANM,WE,Towers with Radar,1,42,20,0,63,0,0,0,0,0,1,42,20,0,63,40,0,40,103
01/30/2001,CPR,WY,ANM,WE,Towers with Radar,2,55,13,0,70,0,0,25,0,25,2,55,38,0,95,58,0,58,153
01/31/2001,CPR,WY,ANM,WE,Towers with Radar,2,46,22,0,70,0,0,25,0,25,2,46,47,0,95,28,0,28,123
02/01/2001,CPR,WY,ANM,WE,Towers with Radar,1,45,21,0,67,4,0,16,0,20,5,45,37,0,87,0,0,0,87
02/02/2001,CPR,WY,ANM,WE,Towers with Radar,1,46,20,0,67,2,2,18,0,22,3,48,38,0,89,8,0,8,97
02/03/2001,CPR,WY,ANM,WE,Towers with Radar,0,40,13,0,53,0,0,35,0,35,0,40,48,0,88,70,0,70,158
02/04/2001,CPR,WY,ANM,WE,Towers with Radar,0,15,4,0,19,0,0,9,0,9,0,15,13,0,28,28,0,28,56
02/05/2001,CPR,WY,ANM,WE,Towers with Radar,2,41,12,0,55,0,1,12,0,13,2,42,24,0,68,0,0,0,68
02/06/2001,CPR,WY,ANM,WE,Towers with Radar,6,43,12,2,63,0,1,2,0,3,6,44,14,2,66,2,0,2,68
02/07/2001,CPR,WY,ANM,WE,Towers with Radar,1,25,14,0,40,2,0,4,0,6,3,25,18,0,46,0,0,0,46
02/08/2001,CPR,WY,ANM,WE,Towers with Radar,2,41,15,0,58,0,1,15,0,16,2,42,30,0,74,12,0,12,86
02/09/2001,CPR,WY,ANM,WE,Towers with Radar,2,45,20,0,67,1,3,24,0,28,3,48,44,0,95,0,0,0,95
02/10/2001,CPR,WY,ANM,WE,Towers with Radar,0,32,5,0,37,0,0,21,0,21,0,32,26,0,58,70,0,70,128
02/11/2001,CPR,WY,ANM,WE,Towers with Radar,0,20,6,0,26,0,0,17,3,20,0,20,23,3,46,26,0,26,72
02/12/2001,CPR,WY,ANM,WE,Towers with Radar,1,41,16,0,58,0,5,22,0,27,1,46,38,0,85,10,0,10,95
02/13/2001,CPR,WY,ANM,WE,Towers with Radar,2,47,19,0,68,1,2,12,0,15,3,49,31,0,83,14,0,14,97
02/14/2001,CPR,WY,ANM,WE,Towers with Radar,2,48,21,1,72,0,0,30,0,30,2,48,51,1,102,0,0,0,102
02/15/2001,CPR,WY,ANM,WE,Towers with Radar,2,44,19,0,65,2,0,12,0,14,4,44,31,0,79,12,0,12,91
02/16/2001,CPR,WY,ANM,WE,Towers with Radar,4,56,18,0,78,0,3,8,0,11,4,59,26,0,89,0,0,0,89
02/17/2001,CPR,WY,ANM,WE,Towers with Radar,1,31,13,0,45,0,0,37,1,38,1,31,50,1,83,18,0,18,101
02/18/2001,CPR,WY,ANM,WE,Towers with Radar,0,20,6,0,26,0,0,21,0,21,0,20,27,0,47,34,0,34,81
02/19/2001,CPR,WY,ANM,WE,Towers with Radar,2,34,29,0,65,0,0,23,0,23,2,34,52,0,88,50,0,50,138
02/20/2001,CPR,WY,ANM,WE,Towers with Radar,3,43,21,0,67,0,0,0,0,0,3,43,21,0,67,0,0,0,67
02/21/2001,CPR,WY,ANM,WE,Towers with Radar,2,47,20,0,69,0,0,24,0,24,2,47,44,0,93,0,0,0,93
02/22/2001,CPR,WY,ANM,WE,Towers with Radar,2,43,17,0,62,1,21,50,0,72,3,64,67,0,134,0,0,0,134
02/23/2001,CPR,WY,ANM,WE,Towers with Radar,2,33,17,0,52,0,0,11,0,11,2,33,28,0,63,0,0,0,63
02/24/2001,CPR,WY,ANM,WE,Towers with Radar,0,33,9,0,42,0,4,18,0,22,0,37,27,0,64,0,0,0,64
02/25/2001,CPR,WY,ANM,WE,Towers with Radar,0,18,7,0,25,0,2,18,0,20,0,20,25,0,45,20,0,20,65
02/26/2001,CPR,WY,ANM,WE,Towers with Radar,1,37,25,0,63,0,0,16,0,16,1,37,41,0,79,56,0,56,135
02/27/2001,CPR,WY,ANM,WE,Towers with Radar,2,56,23,0,81,0,0,0,0,0,2,56,23,0,81,66,0,66,147
02/28/2001,CPR,WY,ANM,WE,Towers with Radar,4,47,26,0,77,0,1,31,0,32,4,48,57,0,109,76,0,76,185
03/01/2001,CPR,WY,ANM,WE,Towers with Radar,2,47,22,0,71,1,0,50,0,51,3,47,72,0,122,46,0,46,168
03/02/2001,CPR,WY,ANM,WE,Towers with Radar,2,43,17,0,62,0,4,36,0,40,2,47,53,0,102,30,0,30,132
03/03/2001,CPR,WY,ANM,WE,Towers with Radar,0,27,10,0,37,0,3,39,0,42,0,30,49,0,79,38,0,38,117
03/04/2001,CPR,WY,ANM,WE,Towers with Radar,0,18,4,0,22,0,0,34,0,34,0,18,38,0,56,56,0,56,112
03/05/2001,CPR,WY,ANM,WE,Towers with Radar,1,40,16,0,57,0,1,32,0,33,1,41,48,0,90,80,0,80,170
03/06/2001,CPR,WY,ANM,WE,Towers with Radar,4,46,20,0,70,0,1,43,0,44,4,47,63,0,114,122,0,122,236
03/07/2001,CPR,WY,ANM,WE,Towers with Radar,2,46,17,0,65,2,1,49,0,52,4,47,66,0,117,54,0,54,171
03/08/2001,CPR,WY,ANM,WE,Towers with Radar,2,50,22,0,74,0,0,52,0,52,2,50,74,0,126,64,0,64,190
03/09/2001,CPR,WY,ANM,WE,Towers with Radar,2,48,18,0,68,0,0,51,0,51,2,48,69,0,119,50,0,50,169
03/10/2001,CPR,WY,ANM,WE,Towers with Radar,1,31,11,1,44,0,1,1,3,5,1,32,12,4,49,20,0,20,69
03/11/2001,CPR,WY,ANM,WE,Towers with Radar,0,13,5,0,18,0,0,2,0,2,0,13,7,0,20,0,0,0,20
03/12/2001,CPR,WY,ANM,WE,Towers with Radar,1,43,8,0,52,0,0,20,0,20,1,43,28,0,72,18,0,18,90
03/13/2001,CPR,WY,ANM,WE,Towers with Radar,3,50,15,0,68,0,0,41,0,41,3,50,56,0,109,92,0,92,201
03/14/2001,CPR,WY,ANM,WE,Towers with Radar,2,45,18,0,65,0,0,1,0,1,2,45,19,0,66,10,0,10,76
03/15/2001,CPR,WY,ANM,WE,Towers with Radar,3,49,29,0,81,0,0,15,0,15,3,49,44,0,96,20,0,20,116
03/16/2001,CPR,WY,ANM,WE,Towers with Radar,2,45,23,1,71,0,0,23,0,23,2,45,46,1,94,2,2,4,98
03/17/2001,CPR,WY,ANM,WE,Towers with Radar,0,26,10,0,36,0,5,21,0,26,0,31,31,0,62,18,0,18,80
03/18/2001,CPR,WY,ANM,WE,Towers with Radar,0,19,8,0,27,0,0,17,0,17,0,19,25,0,44,10,0,10,54
03/19/2001,CPR,WY,ANM,WE,Towers with Radar,4,44,13,0,61,0,0,35,0,35,4,44,48,0,96,12,0,12,108
03/20/2001,CPR,WY,ANM,WE,Towers with Radar,2,47,19,0,68,1,0,38,2,41,3,47,57,2,109,34,0,34,143
03/21/2001,CPR,WY,ANM,WE,Towers with Radar,2,42,16,0,60,1,4,29,0,34,3,46,45,0,94,2,0,2,96
03/22/2001,CPR,WY,ANM,WE,Towers with Radar,3,44,16,0,63,0,0,44,0,44,3,44,60,0,107,34,0,34,141
03/23/2001,CPR,WY,ANM,WE,Towers with Radar,0,5,1,0,6,3,49,59,0,111,3,54,60,0,117,46,0,46,163
03/24/2001,CPR,WY,ANM,WE,Towers with Radar,0,30,5,0,35,0,0,0,0,0,0,30,5,0,35,0,0,0,35
03/25/2001,CPR,WY,ANM,WE,Towers with Radar,0,21,16,0,37,0,0,0,0,0,0,21,16,0,37,0,0,0,37
03/26/2001,CPR,WY,ANM,WE,Towers with Radar,2,37,14,0,53,0,0,11,0,11,2,37,25,0,64,48,0,48,112
03/27/2001,CPR,WY,ANM,WE,Towers with Radar,3,44,18,0,65,0,0,9,0,9,3,44,27,0,74,0,0,0,74
03/28/2001,CPR,WY,ANM,WE,Towers with Radar,3,50,15,6,74,0,0,35,0,35,3,50,50,6,109,36,0,36,145
03/29/2001,CPR,WY,ANM,WE,Towers with Radar,1,32,13,0,46,1,12,23,0,36,2,44,36,0,82,0,0,0,82
03/30/2001,CPR,WY,ANM,WE,Towers with Radar,2,47,28,0,77,0,0,8,0,8,2,47,36,0,85,14,0,14,99
03/31/2001,CPR,WY,ANM,WE,Towers with Radar,0,32,4,0,36,0,0,37,0,37,0,32,41,0,73,42,0,42,115
04/01/2001,CPR,WY,ANM,WE,Towers with Radar,0,15,8,0,23,0,2,33,0,35,0,17,41,0,58,30,0,30,88
04/02/2001,CPR,WY,ANM,WE,Towers with Radar,1,44,21,0,66,0,0,28,0,28,1,44,49,0,94,30,0,30,124
04/03/2001,CPR,WY,ANM,WE,Towers with Radar,2,46,20,0,68,2,0,22,0,24,4,46,42,0,92,22,0,22,114
04/04/2001,CPR,WY,ANM,WE,Towers with Radar,1,39,17,0,57,2,12,31,0,45,3,51,48,0,102,62,0,62,164
04/05/2001,CPR,WY,ANM,WE,Towers with Radar,2,46,21,1,70,1,0,17,0,18,3,46,38,1,88,10,0,10,98
04/06/2001,CPR,WY,ANM,WE,Towers with Radar,2,45,9,1,57,0,1,32,1,34,2,46,41,2,91,32,0,32,123
04/07/2001,CPR,WY,ANM,WE,Towers with Radar,1,31,16,0,48,0,1,18,0,19,1,32,34,0,67,14,0,14,81
04/08/2001,CPR,WY,ANM,WE,Towers with Radar,0,23,5,0,28,0,0,11,0,11,0,23,16,0,39,0,0,0,39
04/09/2001,CPR,WY,ANM,WE,Towers with Radar,3,40,21,0,64,0,1,37,0,38,3,41,58,0,102,46,0,46,148
04/10/2001,CPR,WY,ANM,WE,Towers with Radar,1,35,14,0,50,1,11,39,0,51,2,46,53,0,101,16,0,16,117
04/11/2001,CPR,WY,ANM,WE,Towers with Radar,1,25,16,0,42,3,0,21,0,24,4,25,37,0,66,28,0,28,94
04/12/2001,CPR,WY,ANM,WE,Towers with Radar,3,40,26,0,69,0,1,40,0,41,3,41,66,0,110,0,0,0,110
04/13/2001,CPR,WY,ANM,WE,Towers with Radar,4,46,15,0,65,0,3,34,0,37,4,49,49,0,102,40,0,40,142
04/14/2001,CPR,WY,ANM,WE,Towers with Radar,0,41,2,0,43,0,2,46,0,48,0,43,48,0,91,8,0,8,99
04/15/2001,CPR,WY,ANM,WE,Towers with Radar,0,21,1,0,22,0,0,25,0,25,0,21,26,0,47,0,0,0,47
04/16/2001,CPR,WY,ANM,WE,Towers with Radar,2,37,18,0,57,0,0,26,0,26,2,37,44,0,83,46,0,46,129
04/17/2001,CPR,WY,ANM,WE,Towers with Radar,3,46,23,0,72,0,0,60,0,60,3,46,83,0,132,72,0,72,204
04/18/2001,CPR,WY,ANM,WE,Towers with Radar,1,37,15,0,53,2,14,42,0,58,3,51,57,0,111,56,0,56,167
04/19/2001,CPR,WY,ANM,WE,Towers with Radar,3,42,25,0,70,0,6,21,0,27,3,48,46,0,97,6,0,6,103
04/20/2001,CPR,WY,ANM,WE,Towers with Radar,2,45,31,0,78,0,2,6,0,8,2,47,37,0,86,14,0,14,100
04/21/2001,CPR,WY,ANM,WE,Towers with Radar,0,32,15,0,47,0,0,4,0,4,0,32,19,0,51,2,0,2,53
04/22/2001,CPR,WY,ANM,WE,Towers with Radar,0,13,8,1,22,0,0,2,0,2,0,13,10,1,24,0,0,0,24
04/23/2001,CPR,WY,ANM,WE,Towers with Radar,1,40,16,1,58,0,2,27,0,29,1,42,43,1,87,24,0,24,111
04/24/2001,CPR,WY,ANM,WE,Towers with Radar,2,47,20,0,69,8,3,53,3,67,10,50,73,3,136,56,2,58,194
04/25/2001,CPR,WY,ANM,WE,Towers with Radar,2,45,24,0,71,2,0,55,0,57,4,45,79,0,128,46,0,46,174
04/26/2001,CPR,WY,ANM,WE,Towers with Radar,1,42,14,4,61,0,0,59,0,59,1,42,73,4,120,74,10,84,204
04/27/2001,CPR,WY,ANM,WE,Towers with Radar,2,43,21,0,66,1,0,51,2,54,3,43,72,2,120,72,4,76,196
04/28/2001,CPR,WY,ANM,WE,Towers with Radar,0,32,20,0,52,0,1,19,0,20,0,33,39,0,72,36,0,36,108
04/29/2001,CPR,WY,ANM,WE,Towers with Radar,0,18,7,0,25,0,0,23,1,24,0,18,30,1,49,46,0,46,95
04/30/2001,CPR,WY,ANM,WE,Towers with Radar,2,46,6,0,54,0,5,37,0,42,2,51,43,0,96,32,0,32,128
05/01/2001,CPR,WY,ANM,WE,Towers with Radar,2,45,21,0,68,1,0,25,0,26,3,45,46,0,94,0,0,0,94
05/02/2001,CPR,WY,ANM,WE,Towers with Radar,2,47,25,0,74,2,0,22,0,24,4,47,47,0,98,20,0,20,118
05/03/2001,CPR,WY,ANM,WE,Towers with Radar,1,46,24,0,71,3,0,17,0,20,4,46,41,0,91,12,0,12,103
05/04/2001,CPR,WY,ANM,WE,Towers with Radar,1,45,23,0,69,0,7,14,0,21,1,52,37,0,90,48,0,48,138
05/05/2001,CPR,WY,ANM,WE,Towers with Radar,0,46,14,0,60,0,0,23,0,23,0,46,37,0,83,12,0,12,95
05/06/2001,CPR,WY,ANM,WE,Towers with Radar,0,16,10,0,26,0,6,21,0,27,0,22,31,0,53,12,0,12,65
05/07/2001,CPR,WY,ANM,WE,Towers with Radar,4,46,21,0,71,0,0,42,0,42,4,46,63,0,113,14,4,18,131
05/08/2001,CPR,WY,ANM,WE,Towers with Radar,2,42,22,0,66,1,4,20,0,25,3,46,42,0,91,10,0,10,101
05/09/2001,CPR,WY,ANM,WE,Towers with Radar,2,45,24,0,71,0,11,26,0,37,2,56,50,0,108,2,0,2,110
05/10/2001,CPR,WY,ANM,WE,Towers with Radar,3,44,30,0,77,0,4,46,0,50,3,48,76,0,127,0,0,0,127
05/11/2001,CPR,WY,ANM,WE,Towers with Radar,4,51,24,1,80,0,2,58,0,60,4,53,82,1,140,36,2,38,178
05/12/2001,CPR,WY,ANM,WE,Towers with Radar,0,39,13,0,52,0,0,49,0,49,0,39,62,0,101,48,0,48,149
05/13/2001,CPR,WY,ANM,WE,Towers with Radar,0,17,12,0,29,0,1,31,2,34,0,18,43,2,63,34,0,34,97
05/14/2001,CPR,WY,ANM,WE,Towers with Radar,2,36,18,0,56,0,19,24,0,43,2,55,42,0,99,4,0,4,103
05/15/2001,CPR,WY,ANM,WE,Towers with Radar,4,52,12,0,68,0,0,12,0,12,4,52,24,0,80,0,0,0,80
05/16/2001,CPR,WY,ANM,WE,Towers with Radar,3,44,25,0,72,0,0,24,0,24,3,44,49,0,96,28,0,28,124
05/17/2001,CPR,WY,ANM,WE,Towers with Radar,3,44,24,0,71,0,1,54,0,55,3,45,78,0,126,58,0,58,184
05/18/2001,CPR,WY,ANM,WE,Towers with Radar,1,39,20,0,60,0,4,34,0,38,1,43,54,0,98,30,0,30,128
05/19/2001,CPR,WY,ANM,WE,Towers with Radar,2,45,14,2,63,0,0,47,0,47,2,45,61,2,110,20,2,22,132
05/20/2001,CPR,WY,ANM,WE,Towers with Radar,0,15,13,0,28,0,0,0,0,0,0,15,13,0,28,4,0,4,32
05/21/2001,CPR,WY,ANM,WE,Towers with Radar,2,39,20,0,61,0,0,25,0,25,2,39,45,0,86,60,0,60,146
05/22/2001,CPR,WY,ANM,WE,Towers with Radar,3,44,32,0,79,0,0,19,0,19,3,44,51,0,98,32,0,32,130
05/23/2001,CPR,WY,ANM,WE,Towers with Radar,4,44,25,0,73,0,4,44,0,48,4,48,69,0,121,36,0,36,157
05/24/2001,CPR,WY,ANM,WE,Towers with Radar,4,45,13,0,62,0,0,63,0,63,4,45,76,0,125,78,0,78,203
05/25/2001,CPR,WY,ANM,WE,Towers with Radar,2,39,20,0,61,3,8,35,6,52,5,47,55,6,113,52,12,64,177
05/26/2001,CPR,WY,ANM,WE,Towers with Radar,0,32,18,0,50,0,0,20,1,21,0,32,38,1,71,78,2,80,151
05/27/2001,CPR,WY,ANM,WE,Towers with Radar,2,18,6,0,26,0,5,41,0,46,2,23,47,0,72,24,0,24,96
05/28/2001,CPR,WY,ANM,WE,Towers with Radar,0,14,8,0,22,0,4,25,1,30,0,18,33,1,52,16,0,16,68
05/29/2001,CPR,WY,ANM,WE,Towers with Radar,3,48,25,0,76,0,1,44,0,45,3,49,69,0,121,66,0,66,187
05/30/2001,CPR,WY,ANM,WE,Towers with Radar,6,44,35,0,85,0,1,22,0,23,6,45,57,0,108,12,0,12,120
05/31/2001,CPR,WY,ANM,WE,Towers with Radar,6,58,28,0,92,0,10,39,0,49,6,68,67,0,141,74,0,74,215
06/01/2001,CPR,WY,ANM,WE,Towers with Radar,1,43,20,0,64,1,3,44,0,48,2,46,64,0,112,18,0,18,130
06/02/2001,CPR,WY,ANM,WE,Towers with Radar,0,34,9,0,43,0,14,29,7,50,0,48,38,7,93,76,0,76,169
06/03/2001,CPR,WY,ANM,WE,Towers with Radar,0,21,7,0,28,0,0,27,0,27,0,21,34,0,55,20,0,20,75
06/04/2001,CPR,WY,ANM,WE,Towers with Radar,2,44,35,0,81,1,1,22,0,24,3,45,57,0,105,6,0,6,111
06/05/2001,CPR,WY,ANM,WE,Towers with Radar,4,42,8,0,54,0,0,31,2,33,4,42,39,2,87,56,28,84,171
06/06/2001,CPR,WY,ANM,WE,Towers with Radar,2,50,27,0,79,0,0,36,0,36,2,50,63,0,115,32,0,32,147
06/07/2001,CPR,WY,ANM,WE,Towers with Radar,2,51,38,0,91,0,1,31,0,32,2,52,69,0,123,52,0,52,175
06/08/2001,CPR,WY,ANM,WE,Towers with Radar,1,37,19,0,57,2,18,49,0,69,3,55,68,0,126,70,0,70,196
06/09/2001,CPR,WY,ANM,WE,Towers with Radar,0,33,17,0,50,0,5,21,0,26,0,38,38,0,76,68,0,68,144
06/10/2001,CPR,WY,ANM,WE,Towers with Radar,0,25,10,0,35,0,2,24,0,26,0,27,34,0,61,74,0,74,135
06/11/2001,CPR,WY,ANM,WE,Towers with Radar,2,41,17,0,60,0,1,34,0,35,2,42,51,0,95,34,0,34,129
06/12/2001,CPR,WY,ANM,WE,Towers with Radar,4,52,13,0,69,0,0,31,0,31,4,52,44,0,100,38,0,38,138
06/13/2001,CPR,WY,ANM,WE,Towers with Radar,2,48,23,0,73,0,1,25,0,26,2,49,48,0,99,16,0,16,115
06/14/2001,CPR,WY,ANM,WE,Towers with Radar,2,52,27,0,81,0,0,27,0,27,2,52,54,0,108,4,0,4,112
06/15/2001,CPR,WY,ANM,WE,Towers with Radar,2,45,21,0,68,1,9,56,0,66,3,54,77,0,134,66,0,66,200
06/16/2001,CPR,WY,ANM,WE,Towers with Radar,0,34,7,0,41,0,0,67,0,67,0,34,74,0,108,52,0,52,160
06/17/2001,CPR,WY,ANM,WE,Towers with Radar,0,16,7,0,23,0,0,22,0,22,0,16,29,0,45,16,0,16,61
06/18/2001,CPR,WY,ANM,WE,Towers with Radar,1,38,14,0,53,0,0,36,0,36,1,38,50,0,89,20,0,20,109
06/19/2001,CPR,WY,ANM,WE,Towers with Radar,5,52,23,0,80,0,0,32,0,32,5,52,55,0,112,44,0,44,156
06/20/2001,CPR,WY,ANM,WE,Towers with Radar,3,48,28,0,79,0,0,35,0,35,3,48,63,0,114,46,0,46,160
06/21/2001,CPR,WY,ANM,WE,Towers with Radar,4,44,26,1,75,0,0,59,1,60,4,44,85,2,135,72,2,74,209
06/22/2001,CPR,WY,ANM,WE,Towers with Radar,3,52,26,0,81,0,0,71,2,73,3,52,97,2,154,82,2,84,238
06/23/2001,CPR,WY,ANM,WE,Towers with Radar,0,25,11,0,36,0,9,53,0,62,0,34,64,0,98,24,0,24,122
06/24/2001,CPR,WY,ANM,WE,Towers with Radar,0,33,6,0,39,0,0,34,0,34,0,33,40,0,73,4,0,4,77
06/25/2001,CPR,WY,ANM,WE,Towers with Radar,1,40,20,0,61,0,0,26,0,26,1,40,46,0,87,0,0,0,87
06/26/2001,CPR,WY,ANM,WE,Towers with Radar,5,49,20,0,74,0,1,2,0,3,5,50,22,0,77,28,0,28,105
06/27/2001,CPR,WY,ANM,WE,Towers with Radar,4,53,32,0,89,0,3,29,0,32,4,56,61,0,121,60,0,60,181
06/28/2001,CPR,WY,ANM,WE,Towers with Radar,4,54,25,1,84,0,0,53,0,53,4,54,78,1,137,68,0,68,205
06/29/2001,CPR,WY,ANM,WE,Towers with Radar,3,34,29,0,66,0,13,39,0,52,3,47,68,0,118,22,0,22,140
06/30/2001,CPR,WY,ANM,WE,Towers with Radar,0,29,13,0,42,0,11,41,0,52,0,40,54,0,94,22,0,22,116
07/01/2001,CPR,WY,ANM,WE,Towers with Radar,0,21,13,0,34,0,0,12,0,12,0,21,25,0,46,0,0,0,46
07/02/2001,CPR,WY,ANM,WE,Towers with Radar,2,40,14,0,56,0,0,16,0,16,2,40,30,0,72,40,0,40,112
07/03/2001,CPR,WY,ANM,WE,Towers with Radar,4,48,19,0,71,0,0,26,0,26,4,48,45,0,97,32,0,32,129
07/04/2001,CPR,WY,ANM,WE,Towers with Radar,0,20,7,0,27,0,1,35,48,84,0,21,42,48,111,0,0,0,111
07/05/2001,CPR,WY,ANM,WE,Towers with Radar,3,41,16,0,60,0,1,34,0,35,3,42,50,0,95,12,0,12,107
07/06/2001,CPR,WY,ANM,WE,Towers with Radar,1,39,21,0,61,3,7,25,0,35,4,46,46,0,96,8,0,8,104
07/07/2001,CPR,WY,ANM,WE,Towers with Radar,0,33,18,0,51,0,7,24,0,31,0,40,42,0,82,28,0,28,110
07/08/2001,CPR,WY,ANM,WE,Towers with Radar,0,21,10,0,31,0,8,19,0,27,0,29,29,0,58,14,0,14,72
07/09/2001,CPR,WY,ANM,WE,Towers with Radar,2,44,22,0,68,0,0,8,0,8,2,44,30,0,76,0,0,0,76
07/10/2001,CPR,WY,ANM,WE,Towers with Radar,3,51,30,4,88,0,0,30,0,30,3,51,60,4,118,22,0,22,140
07/11/2001,CPR,WY,ANM,WE,Towers with Radar,2,47,24,0,73,1,5,41,0,47,3,52,65,0,120,28,0,28,148
07/12/2001,CPR,WY,ANM,WE,Towers with Radar,4,43,31,4,82,0,2,38,0,40,4,45,69,4,122,50,4,54,176
07/13/2001,CPR,WY,ANM,WE,Towers with Radar,2,46,24,0,72,1,7,25,0,33,3,53,49,0,105,56,0,56,161
07/14/2001,CPR,WY,ANM,WE,Towers with Radar,0,39,17,0,56,0,0,52,0,52,0,39,69,0,108,120,0,120,228
07/15/2001,CPR,WY,ANM,WE,Towers with Radar,0,13,17,0,30,0,0,34,0,34,0,13,51,0,64,18,0,18,82
07/16/2001,CPR,WY,ANM,WE,Towers with Radar,1,43,26,1,71,0,5,22,5,32,1,48,48,6,103,8,0,8,111
07/17/2001,CPR,WY,ANM,WE,Towers with Radar,3,55,18,0,76,0,4,55,0,59,3,59,73,0,135,8,0,8,143
07/18/2001,CPR,WY,ANM,WE,Towers with Radar,3,45,25,4,77,0,0,20,0,20,3,45,45,4,97,12,6,18,115
07/19/2001,CPR,WY,ANM,WE,Towers with Radar,3,51,28,0,82,0,0,37,0,37,3,51,65,0,119,28,0,28,147
07/20/2001,CPR,WY,ANM,WE,Towers with Radar,4,50,22,0,76,0,2,53,0,55,4,52,75,0,131,12,0,12,143
07/21/2001,CPR,WY,ANM,WE,Towers with Radar,0,37,10,0,47,0,1,20,0,21,0,38,30,0,68,46,0,46,114
07/22/2001,CPR,WY,ANM,WE,Towers with Radar,0,24,14,0,38,0,0,19,0,19,0,24,33,0,57,8,0,8,65
07/23/2001,CPR,WY,ANM,WE,Towers with Radar,0,44,20,0,64,0,0,29,0,29,0,44,49,0,93,12,0,12,105
07/24/2001,CPR,WY,ANM,WE,Towers with Radar,3,48,31,0,82,0,0,22,0,22,3,48,53,0,104,32,0,32,136
07/25/2001,CPR,WY,ANM,WE,Towers with Radar,2,51,28,0,81,0,0,74,0,74,2,51,102,0,155,46,0,46,201
07/26/2001,CPR,WY,ANM,WE,Towers with Radar,3,43,19,0,65,0,0,29,0,29,3,43,48,0,94,10,0,10,104
07/27/2001,CPR,WY,ANM,WE,Towers with Radar,2,56,28,0,86,2,0,27,0,29,4,56,55,0,115,6,0,6,121
07/28/2001,CPR,WY,ANM,WE,Towers with Radar,0,38,17,0,55,0,0,39,0,39,0,38,56,0,94,100,0,100,194
07/29/2001,CPR,WY,ANM,WE,Towers with Radar,0,17,22,0,39,0,0,47,0,47,0,17,69,0,86,4,0,4,90
07/30/2001,CPR,WY,ANM,WE,Towers with Radar,2,44,19,0,65,0,0,37,0,37,2,44,56,0,102,18,0,18,120
07/31/2001,CPR,WY,ANM,WE,Towers with Radar,2,47,21,0,70,0,0,37,0,37,2,47,58,0,107,0,0,0,107
08/01/2001,CPR,WY,ANM,WE,Towers with Radar,0,49,19,0,68,2,14,21,0,37,2,63,40,0,105,10,0,10,115
08/02/2001,CPR,WY,ANM,WE,Towers with Radar,3,48,23,0,74,0,4,29,0,33,3,52,52,0,107,84,0,84,191
08/03/2001,CPR,WY,ANM,WE,Towers with Radar,1,51,28,0,80,1,4,41,0,46,2,55,69,0,126,40,0,40,166
08/04/2001,CPR,WY,ANM,WE,Towers with Radar,0,35,14,0,49,0,0,43,0,43,0,35,57,0,92,28,0,28,120
08/05/2001,CPR,WY,ANM,WE,Towers with Radar,0,21,13,1,35,0,2,21,1,24,0,23,34,2,59,24,0,24,83
08/06/2001,CPR,WY,ANM,WE,Towers with Radar,1,42,16,0,59,0,3,39,0,42,1,45,55,0,101,12,0,12,113
08/07/2001,CPR,WY,ANM,WE,Towers with Radar,2,50,27,0,79,0,0,32,0,32,2,50,59,0,111,22,0,22,133
08/08/2001,CPR,WY,ANM,WE,Towers with Radar,1,46,26,0,73,1,4,34,0,39,2,50,60,0,112,22,0,22,134
08/09/2001,CPR,WY,ANM,WE,Towers with Radar,3,52,40,0,95,0,1,38,0,39,3,53,78,0,134,6,0,6,140
08/10/2001,CPR,WY,ANM,WE,Towers with Radar,1,43,24,0,68,2,4,62,0,68,3,47,86,0,136,26,0,26,162
08/11/2001,CPR,WY,ANM,WE,Towers with Radar,0,34,0,0,34,0,4,0,0,4,0,38,0,0,38,8,0,8,46
08/12/2001,CPR,WY,ANM,WE,Towers with Radar,0,22,10,1,33,0,0,54,0,54,0,22,64,1,87,30,0,30,117
08/13/2001,CPR,WY,ANM,WE,Towers with Radar,0,40,35,0,75,0,0,42,0,42,0,40,77,0,117,32,0,32,149
08/14/2001,CPR,WY,ANM,WE,Towers with Radar,4,45,29,0,78,0,9,28,0,37,4,54,57,0,115,16,0,16,131
08/15/2001,CPR,WY,ANM,WE,Towers with Radar,2,48,30,0,80,0,0,44,0,44,2,48,74,0,124,30,0,30,154
08/16/2001,CPR,WY,ANM,WE,Towers with Radar,2,46,15,0,63,0,0,46,0,46,2,46,61,0,109,16,0,16,125
08/17/2001,CPR,WY,ANM,WE,Towers with Radar,3,50,20,1,74,1,0,37,0,38,4,50,57,1,112,24,0,24,136
08/18/2001,CPR,WY,ANM,WE,Towers with Radar,1,37,21,0,59,0,3,46,5,54,1,40,67,5,113,42,0,42,155
08/19/2001,CPR,WY,ANM,WE,Towers with Radar,0,20,20,0,40,0,0,17,0,17,0,20,37,0,57,56,0,56,113
08/20/2001,CPR,WY,ANM,WE,Towers with Radar,2,46,25,0,73,0,0,30,0,30,2,46,55,0,103,8,0,8,111
08/21/2001,CPR,WY,ANM,WE,Towers with Radar,3,50,25,0,78,0,0,29,0,29,3,50,54,0,107,14,0,14,121
08/22/2001,CPR,WY,ANM,WE,Towers with Radar,2,43,25,0,70,0,9,37,0,46,2,52,62,0,116,4,0,4,120
08/23/2001,CPR,WY,ANM,WE,Towers with Radar,3,53,22,0,78,0,0,36,0,36,3,53,58,0,114,8,0,8,122
08/24/2001,CPR,WY,ANM,WE,Towers with Radar,3,51,21,0,75,0,0,65,0,65,3,51,86,0,140,56,0,56,196
08/25/2001,CPR,WY,ANM,WE,Towers with Radar,0,31,17,0,48,0,8,69,0,77,0,39,86,0,125,20,0,20,145
08/26/2001,CPR,WY,ANM,WE,Towers with Radar,0,25,2,0,27,0,0,18,0,18,0,25,20,0,45,28,0,28,73
08/27/2001,CPR,WY,ANM,WE,Towers with Radar,1,41,33,0,75,0,3,23,0,26,1,44,56,0,101,62,0,62,163
08/28/2001,CPR,WY,ANM,WE,Towers with Radar,1,35,19,0,55,0,7,37,0,44,1,42,56,0,99,26,0,26,125
08/29/2001,CPR,WY,ANM,WE,Towers with Radar,1,42,29,0,72,0,0,44,0,44,1,42,73,0,116,4,4,8,124
08/30/2001,CPR,WY,ANM,WE,Towers with Radar,1,44,18,0,63,0,0,44,0,44,1,44,62,0,107,0,0,0,107
08/31/2001,CPR,WY,ANM,WE,Towers with Radar,2,44,15,0,61,0,0,43,0,43,2,44,58,0,104,0,0,0,104
09/01/2001,CPR,WY,ANM,WE,Towers with Radar,0,30,3,0,33,1,2,26,0,29,1,32,29,0,62,0,0,0,62
09/02/2001,CPR,WY,ANM,WE,Towers with Radar,0,22,2,1,25,0,0,22,0,22,0,22,24,1,47,0,0,0,47
09/03/2001,CPR,WY,ANM,WE,Towers with Radar,0,14,15,1,30,0,0,36,0,36,0,14,51,1,66,40,0,40,106
09/04/2001,CPR,WY,ANM,WE,Towers with Radar,0,40,10,0,50,0,2,32,0,34,0,42,42,0,84,12,0,12,96
09/05/2001,CPR,WY,ANM,WE,Towers with Radar,4,45,21,0,70,0,0,20,0,20,4,45,41,0,90,8,0,8,98
09/06/2001,CPR,WY,ANM,WE,Towers with Radar,1,46,29,0,76,0,0,27,0,27,1,46,56,0,103,8,0,8,111
09/07/2001,CPR,WY,ANM,WE,Towers with Radar,6,55,21,0,82,0,0,9,0,9,6,55,30,0,91,0,0,0,91
09/08/2001,CPR,WY,ANM,WE,Towers with Radar,0,38,11,0,49,0,1,14,0,15,0,39,25,0,64,12,0,12,76
09/09/2001,CPR,WY,ANM,WE,Towers with Radar,1,18,13,0,32,0,0,32,0,32,1,18,45,0,64,32,0,32,96
09/10/2001,CPR,WY,ANM,WE,Towers with Radar,0,27,15,0,42,2,14,45,0,61,2,41,60,0,103,12,0,12,115
09/11/2001,CPR,WY,ANM,WE,Towers with Radar,1,10,2,0,13,0,1,1,0,2,1,11,3,0,15,2,0,2,17
09/12/2001,CPR,WY,ANM,WE,Towers with Radar,0,0,4,0,4,0,0,0,2,2,0,0,4,2,6,0,0,0,6
09/13/2001,CPR,WY,ANM,WE,Towers with Radar,0,25,0,0,25,0,15,0,0,15,0,40,0,0,40,0,0,0,40
09/14/2001,CPR,WY,ANM,WE,Towers with Radar,3,45,4,0,52,0,0,0,0,0,3,45,4,0,52,0,0,0,52
09/15/2001,CPR,WY,ANM,WE,Towers with Radar,0,34,27,0,61,0,0,6,0,6,0,34,33,0,67,0,0,0,67
09/16/2001,CPR,WY,ANM,WE,Towers with Radar,0,21,13,0,34,0,0,0,0,0,0,21,13,0,34,0,0,0,34
09/17/2001,CPR,WY,ANM,WE,Towers with Radar,1,38,31,0,70,0,0,0,0,0,1,38,31,0,70,0,0,0,70
09/18/2001,CPR,WY,ANM,WE,Towers with Radar,1,34,18,0,53,1,18,16,0,35,2,52,34,0,88,0,0,0,88
09/19/2001,CPR,WY,ANM,WE,Towers with Radar,1,46,23,0,70,2,6,25,0,33,3,52,48,0,103,0,0,0,103
09/20/2001,CPR,WY,ANM,WE,Towers with Radar,2,51,25,0,78,0,0,20,0,20,2,51,45,0,98,8,0,8,106
09/21/2001,CPR,WY,ANM,WE,Towers with Radar,2,47,16,0,65,0,0,30,0,30,2,47,46,0,95,10,0,10,105
09/22/2001,CPR,WY,ANM,WE,Towers with Radar,0,27,6,0,33,0,1,33,0,34,0,28,39,0,67,32,0,32,99
09/23/2001,CPR,WY,ANM,WE,Towers with Radar,0,12,8,0,20,0,0,24,0,24,0,12,32,0,44,12,0,12,56
09/24/2001,CPR,WY,ANM,WE,Towers with Radar,0,34,22,0,56,0,3,19,0,22,0,37,41,0,78,26,0,26,104
09/25/2001,CPR,WY,ANM,WE,Towers with Radar,3,44,16,0,63,0,2,26,0,28,3,46,42,0,91,36,0,36,127
09/26/2001,CPR,WY,ANM,WE,Towers with Radar,1,40,26,0,67,0,0,16,0,16,1,40,42,0,83,12,0,12,95
09/27/2001,CPR,WY,ANM,WE,Towers with Radar,2,43,23,0,68,0,0,20,0,20,2,43,43,0,88,14,0,14,102
09/28/2001,CPR,WY,ANM,WE,Towers with Radar,1,42,18,0,61,0,1,30,0,31,1,43,48,0,92,18,0,18,110
09/29/2001,CPR,WY,ANM,WE,Towers with Radar,0,27,14,0,41,0,12,21,0,33,0,39,35,0,74,20,0,20,94
09/30/2001,CPR,WY,ANM,WE,Towers with Radar,0,16,17,2,35,0,3,26,0,29,0,19,43,2,64,0,0,0,64
10/01/2001,CPR,WY,ANM,WE,Towers with Radar,0,32,16,0,48,0,7,24,6,37,0,39,40,6,85,52,0,52,137
10/02/2001,CPR,WY,ANM,WE,Towers with Radar,1,45,25,0,71,0,7,32,1,40,1,52,57,1,111,28,0,28,139
10/03/2001,CPR,WY,ANM,WE,Towers with Radar,1,52,19,0,72,0,1,32,0,33,1,53,51,0,105,34,0,34,139
10/04/2001,CPR,WY,ANM,WE,Towers with Radar,2,48,33,0,83,0,0,1,1,2,2,48,34,1,85,34,0,34,119
10/05/2001,CPR,WY,ANM,WE,Towers with Radar,4,42,16,0,62,0,2,45,0,47,4,44,61,0,109,74,0,74,183
10/06/2001,CPR,WY,ANM,WE,Towers with Radar,0,25,16,0,41,0,0,17,0,17,0,25,33,0,58,4,0,4,62
10/07/2001,CPR,WY,ANM,WE,Towers with Radar,0,14,10,0,24,0,0,25,2,27,0,14,35,2,51,28,0,28,79
10/08/2001,CPR,WY,ANM,WE,Towers with Radar,0,36,19,0,55,0,0,24,0,24,0,36,43,0,79,36,0,36,115
10/09/2001,CPR,WY,ANM,WE,Towers with Radar,2,48,25,0,75,0,0,12,0,12,2,48,37,0,87,40,2,42,129
10/10/2001,CPR,WY,ANM,WE,Towers with Radar,1,52,36,0,89,0,3,23,0,26,1,55,59,0,115,38,0,38,153
10/11/2001,CPR,WY,ANM,WE,Towers with Radar,2,50,26,0,78,5,0,11,2,18,7,50,37,2,96,28,6,34,130
10/12/2001,CPR,WY,ANM,WE,Towers with Radar,1,40,24,0,65,3,5,14,0,22,4,45,38,0,87,42,0,42,129
10/13/2001,CPR,WY,ANM,WE,Towers with Radar,1,22,11,0,34,1,8,9,0,18,2,30,20,0,52,12,0,12,64
10/14/2001,CPR,WY,ANM,WE,Towers with Radar,0,18,12,0,30,0,0,14,0,14,0,18,26,0,44,28,0,28,72
10/15/2001,CPR,WY,ANM,WE,Towers with Radar,1,38,23,0,62,0,4,21,0,25,1,42,44,0,87,32,0,32,119
10/16/2001,CPR,WY,ANM,WE,Towers with Radar,1,35,18,0,54,1,5,44,0,50,2,40,62,0,104,22,0,22,126
10/17/2001,CPR,WY,ANM,WE,Towers with Radar,2,42,26,0,70,0,0,14,0,14,2,42,40,0,84,28,0,28,112
10/18/2001,CPR,WY,ANM,WE,Towers with Radar,1,42,29,2,74,0,2,20,0,22,1,44,49,2,96,42,0,42,138
10/19/2001,CPR,WY,ANM,WE,Towers with Radar,3,44,16,0,63,0,3,22,0,25,3,47,38,0,88,28,0,28,116
10/20/2001,CPR,WY,ANM,WE,Towers with Radar,0,20,11,0,31,0,10,27,0,37,0,30,38,0,68,58,0,58,126
10/21/2001,CPR,WY,ANM,WE,Towers with Radar,0,20,6,0,26,0,0,23,0,23,0,20,29,0,49,34,0,34,83
10/22/2001,CPR,WY,ANM,WE,Towers with Radar,0,43,25,0,68,0,0,26,0,26,0,43,51,0,94,22,0,22,116
10/23/2001,CPR,WY,ANM,WE,Towers with Radar,1,46,18,0,65,0,1,5,0,6,1,47,23,0,71,0,0,0,71
10/24/2001,CPR,WY,ANM,WE,Towers with Radar,1,47,25,0,73,0,1,18,0,19,1,48,43,0,92,0,0,0,92
10/25/2001,CPR,WY,ANM,WE,Towers with Radar,2,52,25,1,80,1,2,25,1,29,3,54,50,2,109,10,0,10,119
10/26/2001,CPR,WY,ANM,WE,Towers with Radar,3,46,13,1,63,0,1,24,0,25,3,47,37,1,88,34,0,34,122
10/27/2001,CPR,WY,ANM,WE,Towers with Radar,0,22,10,0,32,0,16,22,0,38,0,38,32,0,70,22,0,22,92
10/28/2001,CPR,WY,ANM,WE,Towers with Radar,0,13,1,0,14,0,0,24,0,24,0,13,25,0,38,34,0,34,72
10/29/2001,CPR,WY,ANM,WE,Towers with Radar,0,44,19,0,63,0,0,16,0,16,0,44,35,0,79,22,0,22,101
10/30/2001,CPR,WY,ANM,WE,Towers with Radar,2,42,9,0,53,0,2,22,0,24,2,44,31,0,77,14,0,14,91
10/31/2001,CPR,WY,ANM,WE,Towers with Radar,2,60,19,0,81,0,0,11,0,11,2,60,30,0,92,4,0,4,96
11/01/2001,CPR,WY,ANM,WE,Towers with Radar,0,48,19,0,67,1,0,17,0,18,1,48,36,0,85,20,0,20,105
11/02/2001,CPR,WY,ANM,WE,Towers with Radar,16,52,16,0,84,0,4,24,0,28,16,56,40,0,112,32,0,32,144
11/03/2001,CPR,WY,ANM,WE,Towers with Radar,0,25,10,0,35,0,7,34,0,41,0,32,44,0,76,36,0,36,112
11/04/2001,CPR,WY,ANM,WE,Towers with Radar,0,21,11,0,32,0,0,26,0,26,0,21,37,0,58,18,0,18,76
11/05/2001,CPR,WY,ANM,WE,Towers with Radar,1,51,22,0,74,0,0,26,0,26,1,51,48,0,100,10,0,10,110
11/06/2001,CPR,WY,ANM,WE,Towers with Radar,1,48,19,0,68,0,1,20,0,21,1,49,39,0,89,50,0,50,139
11/07/2001,CPR,WY,ANM,WE,Towers with Radar,1,46,19,0,66,0,2,0,0,2,1,48,19,0,68,0,0,0,68
11/08/2001,CPR,WY,ANM,WE,Towers with Radar,1,50,11,0,62,0,1,20,0,21,1,51,31,0,83,28,0,28,111
11/09/2001,CPR,WY,ANM,WE,Towers with Radar,1,42,9,0,52,0,0,21,0,21,1,42,30,0,73,0,0,0,73
11/10/2001,CPR,WY,ANM,WE,Towers with Radar,0,23,10,0,33,0,11,28,0,39,0,34,38,0,72,46,0,46,118
11/11/2001,CPR,WY,ANM,WE,Towers with Radar,0,21,16,0,37,0,2,28,0,30,0,23,44,0,67,42,0,42,109
11/12/2001,CPR,WY,ANM,WE,Towers with Radar,1,43,14,0,58,0,0,27,0,27,1,43,41,0,85,48,0,48,133
11/13/2001,CPR,WY,ANM,WE,Towers with Radar,1,54,15,0,70,1,0,39,0,40,2,54,54,0,110,16,0,16,126
11/14/2001,CPR,WY,ANM,WE,Towers with Radar,1,49,20,0,70,0,0,33,0,33,1,49,53,0,103,24,0,24,127
11/15/2001,CPR,WY,ANM,WE,Towers with Radar,1,51,21,0,73,0,0,56,0,56,1,51,77,0,129,56,0,56,185
11/16/2001,CPR,WY,ANM,WE,Towers with Radar,1,30,24,2,57,0,8,58,0,66,1,38,82,2,123,44,0,44,167
11/17/2001,CPR,WY,ANM,WE,Towers with Radar,1,52,15,0,68,0,0,41,2,43,1,52,56,2,111,44,0,44,155
11/18/2001,CPR,WY,ANM,WE,Towers with Radar,0,4,2,0,6,0,10,4,2,16,0,14,6,2,22,0,0,0,22
11/19/2001,CPR,WY,ANM,WE,Towers with Radar,1,45,16,0,62,0,6,31,0,37,1,51,47,0,99,18,0,18,117
11/20/2001,CPR,WY,ANM,WE,Towers with Radar,2,45,15,1,63,0,3,17,1,21,2,48,32,2,84,22,0,22,106
11/21/2001,CPR,WY,ANM,WE,Towers with Radar,1,46,15,0,62,0,0,0,0,0,1,46,15,0,62,0,0,0,62
11/22/2001,CPR,WY,ANM,WE,Towers with Radar,0,16,0,0,16,0,0,0,0,0,0,16,0,0,16,0,0,0,16
11/23/2001,CPR,WY,ANM,WE,Towers with Radar,2,41,5,0,48,0,1,4,0,5,2,42,9,0,53,0,0,0,53
11/24/2001,CPR,WY,ANM,WE,Towers with Radar,0,25,10,0,35,0,8,10,0,18,0,33,20,0,53,6,0,6,59
11/25/2001,CPR,WY,ANM,WE,Towers with Radar,0,12,5,0,17,0,2,4,0,6,0,14,9,0,23,36,0,36,59
11/26/2001,CPR,WY,ANM,WE,Towers with Radar,0,37,13,0,50,0,1,0,0,1,0,38,13,0,51,0,0,0,51
11/27/2001,CPR,WY,ANM,WE,Towers with Radar,2,53,20,0,75,1,0,11,0,12,3,53,31,0,87,4,0,4,91
11/28/2001,CPR,WY,ANM,WE,Towers with Radar,2,41,16,0,59,0,0,16,0,16,2,41,32,0,75,0,0,0,75
11/29/2001,CPR,WY,ANM,WE,Towers with Radar,1,47,18,0,66,2,0,21,0,23,3,47,39,0,89,4,0,4,93
11/30/2001,CPR,WY,ANM,WE,Towers with Radar,2,47,21,0,70,2,0,34,0,36,4,47,55,0,106,46,0,46,152
12/01/2001,CPR,WY,ANM,WE,Towers with Radar,0,31,21,0,52,0,4,14,0,18,0,35,35,0,70,4,0,4,74
12/02/2001,CPR,WY,ANM,WE,Towers with Radar,0,19,19,0,38,0,0,7,0,7,0,19,26,0,45,8,0,8,53
12/03/2001,CPR,WY,ANM,WE,Towers with Radar,5,46,14,0,65,0,1,23,0,24,5,47,37,0,89,4,0,4,93
12/04/2001,CPR,WY,ANM,WE,Towers with Radar,2,49,25,0,76,0,1,22,2,25,2,50,47,2,101,40,0,40,141
12/05/2001,CPR,WY,ANM,WE,Towers with Radar,4,53,24,0,81,0,1,20,0,21,4,54,44,0,102,34,0,34,136
12/06/2001,CPR,WY,ANM,WE,Towers with Radar,2,52,20,0,74,1,0,11,0,12,3,52,31,0,86,0,0,0,86
12/07/2001,CPR,WY,ANM,WE,Towers with Radar,2,49,22,0,73,1,0,21,4,26,3,49,43,4,99,12,0,12,111
12/08/2001,CPR,WY,ANM,WE,Towers with Radar,1,32,7,0,40,0,2,11,0,13,1,34,18,0,53,0,0,0,53
12/09/2001,CPR,WY,ANM,WE,Towers with Radar,0,17,9,0,26,0,1,9,0,10,0,18,18,0,36,2,0,2,38
12/10/2001,CPR,WY,ANM,WE,Towers with Radar,1,44,13,1,59,0,1,28,0,29,1,45,41,1,88,60,0,60,148
12/11/2001,CPR,WY,ANM,WE,Towers with Radar,1,54,25,1,81,0,0,15,0,15,1,54,40,1,96,12,0,12,108
12/12/2001,CPR,WY,ANM,WE,Towers with Radar,2,49,21,0,72,0,1,23,2,26,2,50,44,2,98,26,0,26,124
12/13/2001,CPR,WY,ANM,WE,Towers with Radar,3,52,22,0,77,0,0,9,2,11,3,52,31,2,88,4,0,4,92
12/14/2001,CPR,WY,ANM,WE,Towers with Radar,2,49,21,0,72,1,4,7,0,12,3,53,28,0,84,10,0,10,94
12/15/2001,CPR,WY,ANM,WE,Towers with Radar,1,32,10,0,43,0,3,6,0,9,1,35,16,0,52,18,0,18,70
12/16/2001,CPR,WY,ANM,WE,Towers with Radar,1,20,12,0,33,0,1,7,0,8,1,21,19,0,41,18,0,18,59
12/17/2001,CPR,WY,ANM,WE,Towers with Radar,0,3,2,0,5,2,38,27,2,69,2,41,29,2,74,14,0,14,88
12/18/2001,CPR,WY,ANM,WE,Towers with Radar,3,46,21,0,70,3,0,8,6,17,6,46,29,6,87,16,0,16,103
12/19/2001,CPR,WY,ANM,WE,Towers with Radar,5,47,25,3,80,0,1,27,0,28,5,48,52,3,108,44,0,44,152
12/20/2001,CPR,WY,ANM,WE,Towers with Radar,6,59,14,0,79,0,3,24,0,27,6,62,38,0,106,16,0,16,122
12/21/2001,CPR,WY,ANM,WE,Towers with Radar,3,61,26,1,91,2,0,40,3,45,5,61,66,4,136,30,0,30,166
12/22/2001,CPR,WY,ANM,WE,Towers with Radar,0,36,15,0,51,0,1,17,0,18,0,37,32,0,69,74,0,74,143
12/23/2001,CPR,WY,ANM,WE,Towers with Radar,0,20,11,0,31,0,0,36,0,36,0,20,47,0,67,18,0,18,85
12/24/2001,CPR,WY,ANM,WE,Towers with Radar,2,39,7,0,48,0,0,37,0,37,2,39,44,0,85,48,0,48,133
12/25/2001,CPR,WY,ANM,WE,Towers with Radar,0,14,0,0,14,0,0,17,0,17,0,14,17,0,31,10,0,10,41
12/26/2001,CPR,WY,ANM,WE,Towers with Radar,2,42,16,0,60,0,3,21,0,24,2,45,37,0,84,56,0,56,140
12/27/2001,CPR,WY,ANM,WE,Towers with Radar,4,53,15,0,72,0,7,29,0,36,4,60,44,0,108,38,0,38,146
12/28/2001,CPR,WY,ANM,WE,Towers with Radar,3,54,23,0,80,0,0,21,0,21,3,54,44,0,101,12,0,12,113
12/29/2001,CPR,WY,ANM,WE,Towers with Radar,0,30,12,1,43,0,2,16,0,18,0,32,28,1,61,42,0,42,103
12/30/2001,CPR,WY,ANM,WE,Towers with Radar,0,18,10,0,28,0,0,11,0,11,0,18,21,0,39,16,0,16,55
12/31/2001,CPR,WY,ANM,WE,Towers with Radar,0,39,9,3,51,0,1,15,0,16,0,40,24,3,67,36,0,36,103
01/01/2002,CPR,WY,ANM,WE,Towers with Radar,0,17,3,0,20,0,1,9,0,10,0,18,12,0,30,2,0,2,32
01/02/2002,CPR,WY,ANM,WE,Towers with Radar,2,47,17,1,67,0,5,0,4,9,2,52,17,5,76,0,0,0,76
01/03/2002,CPR,WY,ANM,WE,Towers with Radar,2,42,4,4,52,0,1,25,0,26,2,43,29,4,78,8,0,8,86
01/04/2002,CPR,WY,ANM,WE,Towers with Radar,2,49,19,0,70,1,0,16,0,17,3,49,35,0,87,34,0,34,121
01/05/2002,CPR,WY,ANM,WE,Towers with Radar,0,27,9,0,36,0,10,12,0,22,0,37,21,0,58,0,0,0,58
01/06/2002,CPR,WY,ANM,WE,Towers with Radar,0,24,8,0,32,0,0,24,0,24,0,24,32,0,56,8,0,8,64
01/07/2002,CPR,WY,ANM,WE,Towers with Radar,0,44,16,0,60,0,1,18,0,19,0,45,34,0,79,0,0,0,79
01/08/2002,CPR,WY,ANM,WE,Towers with Radar,4,59,19,0,82,0,0,29,0,29,4,59,48,0,111,6,0,6,117
01/09/2002,CPR,WY,ANM,WE,Towers with Radar,2,58,16,0,76,0,1,23,0,24,2,59,39,0,100,54,0,54,154
01/10/2002,CPR,WY,ANM,WE,Towers with Radar,2,56,23,0,81,3,0,19,0,22,5,56,42,0,103,24,0,24,127
01/11/2002,CPR,WY,ANM,WE,Towers with Radar,1,50,21,0,72,2,0,20,0,22,3,50,41,0,94,18,0,18,112
01/12/2002,CPR,WY,ANM,WE,Towers with Radar,0,33,9,0,42,0,0,18,0,18,0,33,27,0,60,0,0,0,60
01/13/2002,CPR,WY,ANM,WE,Towers with Radar,0,23,9,0,32,0,3,15,0,18,0,26,24,0,50,40,0,40,90
01/14/2002,CPR,WY,ANM,WE,Towers with Radar,0,45,29,2,76,0,0,20,0,20,0,45,49,2,96,66,0,66,162
01/15/2002,CPR,WY,ANM,WE,Towers with Radar,2,57,14,0,73,0,1,0,0,1,2,58,14,0,74,6,0,6,80
01/16/2002,CPR,WY,ANM,WE,Towers with Radar,1,52,20,0,73,0,0,9,0,9,1,52,29,0,82,34,0,34,116
01/17/2002,CPR,WY,ANM,WE,Towers with Radar,0,55,21,0,76,0,0,14,0,14,0,55,35,0,90,42,0,42,132
01/18/2002,CPR,WY,ANM,WE,Towers with Radar,2,52,23,0,77,0,0,17,0,17,2,52,40,0,94,58,0,58,152
01/19/2002,CPR,WY,ANM,WE,Towers with Radar,0,30,8,0,38,0,0,8,0,8,0,30,16,0,46,18,0,18,64
01/20/2002,CPR,WY,ANM,WE,Towers with Radar,0,14,6,0,20,0,6,5,0,11,0,20,11,0,31,26,0,26,57
01/21/2002,CPR,WY,ANM,WE,Towers with Radar,0,40,22,0,62,0,0,3,0,3,0,40,25,0,65,0,0,0,65
01/22/2002,CPR,WY,ANM,WE,Towers with Radar,1,45,9,0,55,0,9,0,0,9,1,54,9,0,64,0,0,0,64
01/23/2002,CPR,WY,ANM,WE,Towers with Radar,3,55,19,0,77,0,0,14,0,14,3,55,33,0,91,40,0,40,131
01/24/2002,CPR,WY,ANM,WE,Towers with Radar,1,48,19,0,68,1,5,1,0,7,2,53,20,0,75,4,0,4,79
01/25/2002,CPR,WY,ANM,WE,Towers with Radar,2,52,21,0,75,2,0,14,0,16,4,52,35,0,91,0,0,0,91
01/26/2002,CPR,WY,ANM,WE,Towers with Radar,0,26,10,0,36,0,2,14,0,16,0,28,24,0,52,16,0,16,68
01/27/2002,CPR,WY,ANM,WE,Towers with Radar,0,23,8,0,31,0,0,12,0,12,0,23,20,0,43,24,0,24,67
01/28/2002,CPR,WY,ANM,WE,Towers with Radar,1,46,20,0,67,1,0,0,0,1,2,46,20,0,68,0,0,0,68
01/29/2002,CPR,WY,ANM,WE,Towers with Radar,3,51,36,0,90,0,0,36,0,36,3,51,72,0,126,64,0,64,190
01/30/2002,CPR,WY,ANM,WE,Towers with Radar,3,53,34,0,90,0,0,35,0,35,3,53,69,0,125,42,0,42,167
01/31/2002,CPR,WY,ANM,WE,Towers with Radar,2,53,27,0,82,0,5,44,0,49,2,58,71,0,131,52,0,52,183
02/01/2002,CPR,WY,ANM,WE,Towers with Radar,2,47,21,0,70,0,0,21,0,21,2,47,42,0,91,4,0,4,95
02/02/2002,CPR,WY,ANM,WE,Towers with Radar,2,30,6,0,38,0,1,33,0,34,2,31,39,0,72,10,0,10,82
02/03/2002,CPR,WY,ANM,WE,Towers with Radar,0,25,11,0,36,0,0,14,0,14,0,25,25,0,50,18,0,18,68
02/04/2002,CPR,WY,ANM,WE,Towers with Radar,1,46,25,0,72,0,1,25,0,26,1,47,50,0,98,46,0,46,144
02/05/2002,CPR,WY,ANM,WE,Towers with Radar,3,51,17,2,73,0,0,13,0,13,3,51,30,2,86,4,0,4,90
02/06/2002,CPR,WY,ANM,WE,Towers with Radar,4,54,20,0,78,0,4,27,0,31,4,58,47,0,109,22,0,22,131
02/07/2002,CPR,WY,ANM,WE,Towers with Radar,2,35,17,0,54,2,15,10,20,47,4,50,27,20,101,0,0,0,101
02/08/2002,CPR,WY,ANM,WE,Towers with Radar,3,41,9,0,53,0,2,0,0,2,3,43,9,0,55,0,0,0,55
02/09/2002,CPR,WY,ANM,WE,Towers with Radar,0,28,8,0,36,0,4,3,0,7,0,32,11,0,43,0,0,0,43
02/10/2002,CPR,WY,ANM,WE,Towers with Radar,0,21,11,0,32,0,2,17,1,20,0,23,28,1,52,14,0,14,66
02/11/2002,CPR,WY,ANM,WE,Towers with Radar,3,49,22,0,74,2,4,6,4,16,5,53,28,4,90,12,0,12,102
02/12/2002,CPR,WY,ANM,WE,Towers with Radar,4,51,19,0,74,0,1,14,0,15,4,52,33,0,89,40,0,40,129
02/13/2002,CPR,WY,ANM,WE,Towers with Radar,4,56,21,0,81,0,1,15,0,16,4,57,36,0,97,20,0,20,117
02/14/2002,CPR,WY,ANM,WE,Towers with Radar,3,49,13,0,65,0,0,15,0,15,3,49,28,0,80,18,0,18,98
02/15/2002,CPR,WY,ANM,WE,Towers with Radar,6,55,20,0,81,0,1,28,0,29,6,56,48,0,110,26,0,26,136
02/16/2002,CPR,WY,ANM,WE,Towers with Radar,4,32,10,0,46,0,3,20,0,23,4,35,30,0,69,30,0,30,99
02/17/2002,CPR,WY,ANM,WE,Towers with Radar,0,20,12,0,32,0,0,17,0,17,0,20,29,0,49,8,0,8,57
02/18/2002,CPR,WY,ANM,WE,Towers with Radar,2,41,20,0,63,0,0,17,0,17,2,41,37,0,80,76,0,76,156
02/19/2002,CPR,WY,ANM,WE,Towers with Radar,3,44,21,0,68,0,0,11,0,11,3,44,32,0,79,32,0,32,111
02/20/2002,CPR,WY,ANM,WE,Towers with Radar,2,50,28,0,80,0,0,21,0,21,2,50,49,0,101,8,0,8,109
02/21/2002,CPR,WY,ANM,WE,Towers with Radar,6,46,20,0,72,0,0,21,0,21,6,46,41,0,93,34,0,34,127
02/22/2002,CPR,WY,ANM,WE,Towers with Radar,4,49,22,0,75,0,2,28,0,30,4,51,50,0,105,12,0,12,117
02/23/2002,CPR,WY,ANM,WE,Towers with Radar,3,36,11,0,50,0,0,12,0,12,3,36,23,0,62,4,0,4,66
02/24/2002,CPR,WY,ANM,WE,Towers with Radar,0,19,4,1,24,0,2,4,0,6,0,21,8,1,30,2,0,2,32
02/25/2002,CPR,WY,ANM,WE,Towers with Radar,1,46,20,1,68,0,1,6,0,7,1,47,26,1,75,2,0,2,77
02/26/2002,CPR,WY,ANM,WE,Towers with Radar,2,46,20,0,68,2,0,22,4,28,4,46,42,4,96,22,0,22,118
02/27/2002,CPR,WY,ANM,WE,Towers with Radar,2,52,25,0,79,0,0,8,1,9,2,52,33,1,88,14,0,14,102
02/28/2002,CPR,WY,ANM,WE,Towers with Radar,2,58,22,0,82,0,0,0,0,0,2,58,22,0,82,0,0,0,82
03/01/2002,CPR,WY,ANM,WE,Towers with Radar,3,57,9,0,69,1,5,5,0,11,4,62,14,0,80,28,0,28,108
03/02/2002,CPR,WY,ANM,WE,Towers with Radar,1,31,4,0,36,0,0,26,0,26,1,31,30,0,62,0,0,0,62
03/03/2002,CPR,WY,ANM,WE,Towers with Radar,0,21,8,0,29,0,1,7,0,8,0,22,15,0,37,18,0,18,55
03/04/2002,CPR,WY,ANM,WE,Towers with Radar,1,44,26,0,71,0,0,23,0,23,1,44,49,0,94,10,0,10,104
03/05/2002,CPR,WY,ANM,WE,Towers with Radar,2,53,22,0,77,0,0,16,4,20,2,53,38,4,97,8,2,10,107
03/06/2002,CPR,WY,ANM,WE,Towers with Radar,6,51,12,0,69,0,0,9,0,9,6,51,21,0,78,4,0,4,82
03/07/2002,CPR,WY,ANM,WE,Towers with Radar,2,51,16,0,69,0,2,0,0,2,2,53,16,0,71,22,0,22,93
03/08/2002,CPR,WY,ANM,WE,Towers with Radar,1,35,8,0,44,2,1,0,2,5,3,36,8,2,49,0,0,0,49
03/09/2002,CPR,WY,ANM,WE,Towers with Radar,2,35,10,0,47,0,6,23,0,29,2,41,33,0,76,6,0,6,82
03/10/2002,CPR,WY,ANM,WE,Towers with Radar,0,22,10,2,34,0,0,16,0,16,0,22,26,2,50,8,0,8,58
03/11/2002,CPR,WY,ANM,WE,Towers with Radar,2,42,17,0,61,0,0,30,0,30,2,42,47,0,91,20,0,20,111
03/12/2002,CPR,WY,ANM,WE,Towers with Radar,3,54,14,0,71,0,3,10,0,13,3,57,24,0,84,0,0,0,84
03/13/2002,CPR,WY,ANM,WE,Towers with Radar,1,45,12,0,58,0,7,0,0,7,1,52,12,0,65,0,0,0,65
03/14/2002,CPR,WY,ANM,WE,Towers with Radar,2,49,18,0,69,1,1,2,0,4,3,50,20,0,73,0,0,0,73
03/15/2002,CPR,WY,ANM,WE,Towers with Radar,2,51,16,0,69,0,7,22,0,29,2,58,38,0,98,10,0,10,108
03/16/2002,CPR,WY,ANM,WE,Towers with Radar,2,38,13,0,53,0,2,19,0,21,2,40,32,0,74,14,0,14,88
03/17/2002,CPR,WY,ANM,WE,Towers with Radar,0,19,9,0,28,0,1,1,0,2,0,20,10,0,30,0,0,0,30
03/18/2002,CPR,WY,ANM,WE,Towers with Radar,2,46,11,0,59,0,0,22,0,22,2,46,33,0,81,26,0,26,107
03/19/2002,CPR,WY,ANM,WE,Towers with Radar,1,44,11,0,56,0,1,24,0,25,1,45,35,0,81,20,0,20,101
03/20/2002,CPR,WY,ANM,WE,Towers with Radar,4,67,18,0,89,0,0,23,0,23,4,67,41,0,112,2,0,2,114
03/21/2002,CPR,WY,ANM,WE,Towers with Radar,3,55,20,0,78,0,0,18,0,18,3,55,38,0,96,16,0,16,112
03/22/2002,CPR,WY,ANM,WE,Towers with Radar,5,48,15,0,68,0,2,47,0,49,5,50,62,0,117,56,0,56,173
03/23/2002,CPR,WY,ANM,WE,Towers with Radar,0,0,0,0,0,0,0,0,0,0,0,0,0,0,0,0,0,0,0
03/24/2002,CPR,WY,ANM,WE,Towers with Radar,0,20,10,0,30,0,0,0,0,0,0,20,10,0,30,0,0,0,30
03/25/2002,CPR,WY,ANM,WE,Towers with Radar,1,42,17,0,60,0,1,25,0,26,1,43,42,0,86,24,0,24,110
03/26/2002,CPR,WY,ANM,WE,Towers with Radar,3,50,11,0,64,0,0,27,0,27,3,50,38,0,91,24,0,24,115
03/27/2002,CPR,WY,ANM,WE,Towers with Radar,4,53,32,0,89,0,0,19,0,19,4,53,51,0,108,40,0,40,148
03/28/2002,CPR,WY,ANM,WE,Towers with Radar,2,55,20,0,77,0,1,23,0,24,2,56,43,0,101,0,0,0,101
03/29/2002,CPR,WY,ANM,WE,Towers with Radar,7,50,13,0,70,0,0,47,0,47,7,50,60,0,117,70,0,70,187
03/30/2002,CPR,WY,ANM,WE,Towers with Radar,1,35,13,0,49,0,5,27,0,32,1,40,40,0,81,72,0,72,153
03/31/2002,CPR,WY,ANM,WE,Towers with Radar,0,23,10,0,33,0,7,10,0,17,0,30,20,0,50,0,0,0,50
04/01/2002,CPR,WY,ANM,WE,Towers with Radar,1,40,22,0,63,0,0,6,0,6,1,40,28,0,69,20,0,20,89
04/02/2002,CPR,WY,ANM,WE,Towers with Radar,1,50,31,0,82,2,0,24,0,26,3,50,55,0,108,50,0,50,158
04/03/2002,CPR,WY,ANM,WE,Towers with Radar,5,50,27,2,84,0,1,40,0,41,5,51,67,2,125,68,0,68,193
04/04/2002,CPR,WY,ANM,WE,Towers with Radar,3,46,40,0,89,0,0,34,0,34,3,46,74,0,123,60,0,60,183
04/05/2002,CPR,WY,ANM,WE,Towers with Radar,3,44,30,0,77,0,0,40,0,40,3,44,70,0,117,74,0,74,191
04/06/2002,CPR,WY,ANM,WE,Towers with Radar,1,38,13,2,54,0,3,40,0,43,1,41,53,2,97,30,0,30,127
04/07/2002,CPR,WY,ANM,WE,Towers with Radar,0,21,8,0,29,0,0,33,0,33,0,21,41,0,62,32,0,32,94
04/08/2002,CPR,WY,ANM,WE,Towers with Radar,1,43,29,0,73,0,0,7,2,9,1,43,36,2,82,4,0,4,86
04/09/2002,CPR,WY,ANM,WE,Towers with Radar,3,42,22,0,67,0,3,0,0,3,3,45,22,0,70,12,0,12,82
04/10/2002,CPR,WY,ANM,WE,Towers with Radar,2,54,30,0,86,1,0,7,0,8,3,54,37,0,94,24,0,24,118
04/11/2002,CPR,WY,ANM,WE,Towers with Radar,2,48,25,0,75,1,9,22,2,34,3,57,47,2,109,52,0,52,161
04/12/2002,CPR,WY,ANM,WE,Towers with Radar,4,44,13,0,61,0,1,38,0,39,4,45,51,0,100,26,0,26,126
04/13/2002,CPR,WY,ANM,WE,Towers with Radar,1,32,11,0,44,0,0,45,3,48,1,32,56,3,92,38,0,38,130
04/14/2002,CPR,WY,ANM,WE,Towers with Radar,0,20,11,0,31,0,1,6,0,7,0,21,17,0,38,0,0,0,38
04/15/2002,CPR,WY,ANM,WE,Towers with Radar,1,41,26,0,68,0,2,20,0,22,1,43,46,0,90,4,0,4,94
04/16/2002,CPR,WY,ANM,WE,Towers with Radar,2,44,24,0,70,0,0,17,0,17,2,44,41,0,87,0,0,0,87
04/17/2002,CPR,WY,ANM,WE,Towers with Radar,3,45,25,0,73,0,0,24,0,24,3,45,49,0,97,12,0,12,109
04/18/2002,CPR,WY,ANM,WE,Towers with Radar,2,47,25,0,74,1,2,17,0,20,3,49,42,0,94,18,0,18,112
04/19/2002,CPR,WY,ANM,WE,Towers with Radar,4,44,25,0,73,0,0,4,0,4,4,44,29,0,77,2,0,2,79
04/20/2002,CPR,WY,ANM,WE,Towers with Radar,1,29,5,0,35,0,0,1,0,1,1,29,6,0,36,0,0,0,36
04/21/2002,CPR,WY,ANM,WE,Towers with Radar,0,21,9,0,30,0,0,19,0,19,0,21,28,0,49,10,0,10,59
04/22/2002,CPR,WY,ANM,WE,Towers with Radar,1,43,16,0,60,0,2,18,0,20,1,45,34,0,80,26,0,26,106
04/23/2002,CPR,WY,ANM,WE,Towers with Radar,2,46,23,0,71,2,0,7,0,9,4,46,30,0,80,14,0,14,94
04/24/2002,CPR,WY,ANM,WE,Towers with Radar,2,49,27,0,78,0,0,32,0,32,2,49,59,0,110,74,0,74,184
04/25/2002,CPR,WY,ANM,WE,Towers with Radar,1,32,16,0,49,2,12,43,0,57,3,44,59,0,106,50,0,50,156
04/26/2002,CPR,WY,ANM,WE,Towers with Radar,3,44,19,0,66,0,0,7,0,7,3,44,26,0,73,24,0,24,97
04/27/2002,CPR,WY,ANM,WE,Towers with Radar,0,11,3,0,14,1,21,0,0,22,1,32,3,0,36,0,0,0,36
04/28/2002,CPR,WY,ANM,WE,Towers with Radar,0,22,11,0,33,0,0,22,0,22,0,22,33,0,55,0,0,0,55
04/29/2002,CPR,WY,ANM,WE,Towers with Radar,2,47,18,0,67,0,0,39,0,39,2,47,57,0,106,20,0,20,126
04/30/2002,CPR,WY,ANM,WE,Towers with Radar,2,51,34,0,87,0,0,31,0,31,2,51,65,0,118,60,0,60,178
05/01/2002,CPR,WY,ANM,WE,Towers with Radar,1,53,26,0,80,3,0,6,0,9,4,53,32,0,89,6,0,6,95
05/02/2002,CPR,WY,ANM,WE,Towers with Radar,2,51,25,0,78,0,0,40,0,40,2,51,65,0,118,28,0,28,146
05/03/2002,CPR,WY,ANM,WE,Towers with Radar,2,48,23,0,73,0,0,23,0,23,2,48,46,0,96,0,0,0,96
05/04/2002,CPR,WY,ANM,WE,Towers with Radar,1,32,19,0,52,0,2,38,0,40,1,34,57,0,92,18,0,18,110
05/05/2002,CPR,WY,ANM,WE,Towers with Radar,0,24,18,0,42,0,0,18,0,18,0,24,36,0,60,42,0,42,102
05/06/2002,CPR,WY,ANM,WE,Towers with Radar,2,51,19,0,72,0,5,16,0,21,2,56,35,0,93,6,0,6,99
05/07/2002,CPR,WY,ANM,WE,Towers with Radar,2,55,28,0,85,0,0,17,0,17,2,55,45,0,102,6,0,6,108
05/08/2002,CPR,WY,ANM,WE,Towers with Radar,3,54,22,0,79,0,0,20,0,20,3,54,42,0,99,46,0,46,145
05/09/2002,CPR,WY,ANM,WE,Towers with Radar,4,57,20,0,81,0,0,40,0,40,4,57,60,0,121,74,0,74,195
05/10/2002,CPR,WY,ANM,WE,Towers with Radar,3,55,33,0,91,0,3,53,0,56,3,58,86,0,147,34,0,34,181
05/11/2002,CPR,WY,ANM,WE,Towers with Radar,1,25,12,0,38,2,6,24,1,33,3,31,36,1,71,18,0,18,89
05/12/2002,CPR,WY,ANM,WE,Towers with Radar,0,26,11,1,38,0,0,50,0,50,0,26,61,1,88,66,0,66,154
05/13/2002,CPR,WY,ANM,WE,Towers with Radar,1,48,34,0,83,0,5,44,0,49,1,53,78,0,132,42,0,42,174
05/14/2002,CPR,WY,ANM,WE,Towers with Radar,3,48,19,0,70,1,0,34,0,35,4,48,53,0,105,34,0,34,139
05/15/2002,CPR,WY,ANM,WE,Towers with Radar,3,48,18,0,69,0,0,33,0,33,3,48,51,0,102,54,0,54,156
05/16/2002,CPR,WY,ANM,WE,Towers with Radar,2,57,26,0,85,1,0,12,0,13,3,57,38,0,98,32,0,32,130
05/17/2002,CPR,WY,ANM,WE,Towers with Radar,2,51,26,0,79,1,0,39,0,40,3,51,65,0,119,28,0,28,147
05/18/2002,CPR,WY,ANM,WE,Towers with Radar,2,33,3,0,38,0,0,12,0,12,2,33,15,0,50,24,0,24,74
05/19/2002,CPR,WY,ANM,WE,Towers with Radar,0,24,8,0,32,0,0,34,0,34,0,24,42,0,66,12,0,12,78
05/20/2002,CPR,WY,ANM,WE,Towers with Radar,3,46,13,0,62,0,3,29,0,32,3,49,42,0,94,42,0,42,136
05/21/2002,CPR,WY,ANM,WE,Towers with Radar,4,49,14,0,67,0,0,19,0,19,4,49,33,0,86,24,0,24,110
05/22/2002,CPR,WY,ANM,WE,Towers with Radar,3,54,14,0,71,0,0,5,0,5,3,54,19,0,76,0,0,0,76
05/23/2002,CPR,WY,ANM,WE,Towers with Radar,3,24,43,0,70,0,35,0,0,35,3,59,43,0,105,82,0,82,187
05/24/2002,CPR,WY,ANM,WE,Towers with Radar,2,55,24,0,81,3,2,25,0,30,5,57,49,0,111,18,0,18,129
05/25/2002,CPR,WY,ANM,WE,Towers with Radar,1,35,9,0,45,0,1,34,0,35,1,36,43,0,80,22,0,22,102
05/26/2002,CPR,WY,ANM,WE,Towers with Radar,0,25,8,0,33,0,0,25,0,25,0,25,33,0,58,10,0,10,68
05/27/2002,CPR,WY,ANM,WE,Towers with Radar,0,25,9,0,34,0,0,40,0,40,0,25,49,0,74,14,0,14,88
05/28/2002,CPR,WY,ANM,WE,Towers with Radar,2,50,28,0,80,0,0,17,0,17,2,50,45,0,97,14,0,14,111
05/29/2002,CPR,WY,ANM,WE,Towers with Radar,3,56,21,0,80,0,0,61,0,61,3,56,82,0,141,36,0,36,177
05/30/2002,CPR,WY,ANM,WE,Towers with Radar,3,50,22,0,75,0,0,42,0,42,3,50,64,0,117,22,0,22,139
05/31/2002,CPR,WY,ANM,WE,Towers with Radar,3,52,16,1,72,0,1,36,0,37,3,53,52,1,109,42,0,42,151
06/01/2002,CPR,WY,ANM,WE,Towers with Radar,0,29,8,1,38,1,1,41,0,43,1,30,49,1,81,12,0,12,93
06/02/2002,CPR,WY,ANM,WE,Towers with Radar,0,20,9,0,29,0,0,22,0,22,0,20,31,0,51,22,0,22,73
06/03/2002,CPR,WY,ANM,WE,Towers with Radar,1,42,23,0,66,0,0,6,0,6,1,42,29,0,72,0,0,0,72
06/04/2002,CPR,WY,ANM,WE,Towers with Radar,5,53,16,0,74,0,0,17,0,17,5,53,33,0,91,28,0,28,119
06/05/2002,CPR,WY,ANM,WE,Towers with Radar,3,51,24,0,78,1,4,22,2,29,4,55,46,2,107,24,0,24,131
06/06/2002,CPR,WY,ANM,WE,Towers with Radar,5,46,23,0,74,0,0,24,0,24,5,46,47,0,98,20,0,20,118
06/07/2002,CPR,WY,ANM,WE,Towers with Radar,4,60,19,0,83,0,0,25,1,26,4,60,44,1,109,42,0,42,151
06/08/2002,CPR,WY,ANM,WE,Towers with Radar,1,19,7,2,29,0,15,82,0,97,1,34,89,2,126,62,0,62,188
06/09/2002,CPR,WY,ANM,WE,Towers with Radar,0,21,11,0,32,0,0,7,2,9,0,21,18,2,41,8,0,8,49
06/10/2002,CPR,WY,ANM,WE,Towers with Radar,1,45,20,0,66,0,0,28,0,28,1,45,48,0,94,18,0,18,112
06/11/2002,CPR,WY,ANM,WE,Towers with Radar,12,42,28,0,82,4,14,13,0,31,16,56,41,0,113,28,0,28,141
06/12/2002,CPR,WY,ANM,WE,Towers with Radar,4,50,26,0,80,0,0,38,0,38,4,50,64,0,118,34,0,34,152
06/13/2002,CPR,WY,ANM,WE,Towers with Radar,2,51,24,0,77,0,10,32,0,42,2,61,56,0,119,14,0,14,133
06/14/2002,CPR,WY,ANM,WE,Towers with Radar,3,57,26,0,86,0,0,41,0,41,3,57,67,0,127,8,0,8,135
06/15/2002,CPR,WY,ANM,WE,Towers with Radar,1,36,13,1,51,0,0,26,0,26,1,36,39,1,77,8,0,8,85
06/16/2002,CPR,WY,ANM,WE,Towers with Radar,0,17,8,0,25,0,0,18,0,18,0,17,26,0,43,10,0,10,53
06/17/2002,CPR,WY,ANM,WE,Towers with Radar,2,43,18,0,63,0,1,26,0,27,2,44,44,0,90,30,0,30,120
06/18/2002,CPR,WY,ANM,WE,Towers with Radar,2,36,17,0,55,1,14,19,0,34,3,50,36,0,89,6,0,6,95
06/19/2002,CPR,WY,ANM,WE,Towers with Radar,3,53,23,0,79,0,0,28,0,28,3,53,51,0,107,58,0,58,165
06/20/2002,CPR,WY,ANM,WE,Towers with Radar,2,51,29,0,82,0,0,34,0,34,2,51,63,0,116,38,0,38,154
06/21/2002,CPR,WY,ANM,WE,Towers with Radar,3,57,28,1,89,0,2,19,2,23,3,59,47,3,112,68,0,68,180
06/22/2002,CPR,WY,ANM,WE,Towers with Radar,1,39,10,1,51,0,0,28,0,28,1,39,38,1,79,10,0,10,89
06/23/2002,CPR,WY,ANM,WE,Towers with Radar,0,24,12,1,37,0,0,21,2,23,0,24,33,3,60,22,0,22,82
06/24/2002,CPR,WY,ANM,WE,Towers with Radar,0,47,24,0,71,0,6,48,3,57,0,53,72,3,128,40,0,40,168
06/25/2002,CPR,WY,ANM,WE,Towers with Radar,3,48,18,0,69,0,9,48,0,57,3,57,66,0,126,22,0,22,148
06/26/2002,CPR,WY,ANM,WE,Towers with Radar,4,54,21,0,79,0,1,36,0,37,4,55,57,0,116,44,0,44,160
06/27/2002,CPR,WY,ANM,WE,Towers with Radar,2,56,22,0,80,0,3,39,0,42,2,59,61,0,122,38,0,38,160
06/28/2002,CPR,WY,ANM,WE,Towers with Radar,4,53,32,0,89,0,2,42,0,44,4,55,74,0,133,54,0,54,187
06/29/2002,CPR,WY,ANM,WE,Towers with Radar,2,32,12,0,46,0,0,43,0,43,2,32,55,0,89,20,0,20,109
06/30/2002,CPR,WY,ANM,WE,Towers with Radar,0,20,12,0,32,0,0,39,0,39,0,20,51,0,71,38,0,38,109
07/01/2002,CPR,WY,ANM,WE,Towers with Radar,0,37,12,0,49,1,7,49,0,57,1,44,61,0,106,14,0,14,120
07/02/2002,CPR,WY,ANM,WE,Towers with Radar,2,45,22,0,69,0,11,20,0,31,2,56,42,0,100,2,0,2,102
07/03/2002,CPR,WY,ANM,WE,Towers with Radar,2,52,27,0,81,0,12,14,0,26,2,64,41,0,107,20,0,20,127
07/04/2002,CPR,WY,ANM,WE,Towers with Radar,0,13,14,0,27,2,0,13,0,15,2,13,27,0,42,22,0,22,64
07/05/2002,CPR,WY,ANM,WE,Towers with Radar,3,42,18,0,63,0,4,44,0,48,3,46,62,0,111,60,0,60,171
07/06/2002,CPR,WY,ANM,WE,Towers with Radar,1,23,15,0,39,0,10,21,1,32,1,33,36,1,71,40,0,40,111
07/07/2002,CPR,WY,ANM,WE,Towers with Radar,0,21,21,3,45,0,0,22,2,24,0,21,43,5,69,36,0,36,105
07/08/2002,CPR,WY,ANM,WE,Towers with Radar,1,38,28,0,67,0,7,21,0,28,1,45,49,0,95,64,0,64,159
07/09/2002,CPR,WY,ANM,WE,Towers with Radar,2,58,33,0,93,1,0,37,1,39,3,58,70,1,132,66,0,66,198
07/10/2002,CPR,WY,ANM,WE,Towers with Radar,2,47,27,0,76,0,4,38,1,43,2,51,65,1,119,54,0,54,173
07/11/2002,CPR,WY,ANM,WE,Towers with Radar,4,51,20,0,75,0,6,40,0,46,4,57,60,0,121,72,0,72,193
07/12/2002,CPR,WY,ANM,WE,Towers with Radar,3,55,35,0,93,0,4,76,2,82,3,59,111,2,175,100,0,100,275
07/13/2002,CPR,WY,ANM,WE,Towers with Radar,1,31,27,0,59,0,0,32,0,32,1,31,59,0,91,44,0,44,135
07/14/2002,CPR,WY,ANM,WE,Towers with Radar,0,20,13,0,33,0,0,40,1,41,0,20,53,1,74,54,0,54,128
07/15/2002,CPR,WY,ANM,WE,Towers with Radar,1,40,27,0,68,0,2,31,0,33,1,42,58,0,101,28,0,28,129
07/16/2002,CPR,WY,ANM,WE,Towers with Radar,3,48,15,0,66,0,2,55,0,57,3,50,70,0,123,46,0,46,169
07/17/2002,CPR,WY,ANM,WE,Towers with Radar,2,52,34,0,88,2,0,18,1,21,4,52,52,1,109,42,0,42,151
07/18/2002,CPR,WY,ANM,WE,Towers with Radar,2,45,25,0,72,0,1,52,0,53,2,46,77,0,125,44,0,44,169
07/19/2002,CPR,WY,ANM,WE,Towers with Radar,3,45,23,0,71,0,1,57,0,58,3,46,80,0,129,40,0,40,169
07/20/2002,CPR,WY,ANM,WE,Towers with Radar,1,29,11,0,41,0,3,31,0,34,1,32,42,0,75,38,0,38,113
07/21/2002,CPR,WY,ANM,WE,Towers with Radar,0,15,11,0,26,0,1,30,0,31,0,16,41,0,57,16,0,16,73
07/22/2002,CPR,WY,ANM,WE,Towers with Radar,0,46,26,0,72,0,2,44,0,46,0,48,70,0,118,39,0,39,157
07/23/2002,CPR,WY,ANM,WE,Towers with Radar,2,47,17,0,66,0,3,46,0,49,2,50,63,0,115,36,0,36,151
07/24/2002,CPR,WY,ANM,WE,Towers with Radar,5,46,21,0,72,0,10,61,0,71,5,56,82,0,143,24,0,24,167
07/25/2002,CPR,WY,ANM,WE,Towers with Radar,2,52,30,0,84,1,0,51,0,52,3,52,81,0,136,24,0,24,160
07/26/2002,CPR,WY,ANM,WE,Towers with Radar,3,46,38,0,87,0,6,59,0,65,3,52,97,0,152,24,0,24,176
07/27/2002,CPR,WY,ANM,WE,Towers with Radar,1,30,13,0,44,0,11,24,0,35,1,41,37,0,79,42,0,42,121
07/28/2002,CPR,WY,ANM,WE,Towers with Radar,0,17,11,0,28,0,1,72,0,73,0,18,83,0,101,12,0,12,113
07/29/2002,CPR,WY,ANM,WE,Towers with Radar,1,41,15,0,57,0,4,55,0,59,1,45,70,0,116,16,0,16,132
07/30/2002,CPR,WY,ANM,WE,Towers with Radar,1,45,15,0,61,0,11,0,0,11,1,56,15,0,72,32,0,32,104
07/31/2002,CPR,WY,ANM,WE,Towers with Radar,3,51,21,0,75,0,0,0,0,0,3,51,21,0,75,22,0,22,97
08/01/2002,CPR,WY,ANM,WE,Towers with Radar,1,42,16,0,59,1,3,44,0,48,2,45,60,0,107,26,0,26,133
08/02/2002,CPR,WY,ANM,WE,Towers with Radar,4,44,20,0,68,0,5,42,0,47,4,49,62,0,115,24,0,24,139
08/03/2002,CPR,WY,ANM,WE,Towers with Radar,1,31,6,0,38,0,1,31,0,32,1,32,37,0,70,20,0,20,90
08/04/2002,CPR,WY,ANM,WE,Towers with Radar,0,20,12,0,32,0,3,37,2,42,0,23,49,2,74,16,0,16,90
08/05/2002,CPR,WY,ANM,WE,Towers with Radar,1,42,13,0,56,0,5,40,0,45,1,47,53,0,101,6,0,6,107
08/06/2002,CPR,WY,ANM,WE,Towers with Radar,2,44,23,0,69,1,6,22,2,31,3,50,45,2,100,8,0,8,108
08/07/2002,CPR,WY,ANM,WE,Towers with Radar,2,48,25,0,75,2,3,17,0,22,4,51,42,0,97,38,0,38,135
08/08/2002,CPR,WY,ANM,WE,Towers with Radar,3,59,26,0,88,0,4,14,2,20,3,63,40,2,108,18,0,18,126
08/09/2002,CPR,WY,ANM,WE,Towers with Radar,3,49,25,0,77,0,3,50,0,53,3,52,75,0,130,28,0,28,158
08/10/2002,CPR,WY,ANM,WE,Towers with Radar,0,34,8,0,42,0,0,26,0,26,0,34,34,0,68,12,4,16,84
08/11/2002,CPR,WY,ANM,WE,Towers with Radar,0,18,10,0,28,0,1,18,0,19,0,19,28,0,47,0,0,0,47
08/12/2002,CPR,WY,ANM,WE,Towers with Radar,0,42,29,0,71,0,6,16,0,22,0,48,45,0,93,20,0,20,113
08/13/2002,CPR,WY,ANM,WE,Towers with Radar,3,46,8,0,57,0,3,17,0,20,3,49,25,0,77,2,0,2,79
08/14/2002,CPR,WY,ANM,WE,Towers with Radar,2,46,22,0,70,2,8,44,0,54,4,54,66,0,124,32,2,34,158
08/15/2002,CPR,WY,ANM,WE,Towers with Radar,4,51,20,0,75,0,5,35,0,40,4,56,55,0,115,36,0,36,151
08/16/2002,CPR,WY,ANM,WE,Towers with Radar,1,45,22,0,68,0,11,9,0,20,1,56,31,0,88,4,0,4,92
08/17/2002,CPR,WY,ANM,WE,Towers with Radar,1,30,10,0,41,0,6,44,0,50,1,36,54,0,91,24,0,24,115
08/18/2002,CPR,WY,ANM,WE,Towers with Radar,0,21,10,0,31,0,0,26,0,26,0,21,36,0,57,10,0,10,67
08/19/2002,CPR,WY,ANM,WE,Towers with Radar,1,41,17,0,59,0,7,40,0,47,1,48,57,0,106,22,0,22,128
08/20/2002,CPR,WY,ANM,WE,Towers with Radar,2,49,27,0,78,2,0,9,0,11,4,49,36,0,89,6,0,6,95
08/21/2002,CPR,WY,ANM,WE,Towers with Radar,3,50,24,0,77,0,16,63,0,79,3,66,87,0,156,18,0,18,174
08/22/2002,CPR,WY,ANM,WE,Towers with Radar,3,53,25,0,81,1,8,23,14,46,4,61,48,14,127,4,6,10,137
08/23/2002,CPR,WY,ANM,WE,Towers with Radar,2,40,23,0,65,0,5,40,0,45,2,45,63,0,110,0,0,0,110
08/24/2002,CPR,WY,ANM,WE,Towers with Radar,2,34,4,0,40,0,0,26,0,26,2,34,30,0,66,58,0,58,124
08/25/2002,CPR,WY,ANM,WE,Towers with Radar,0,17,19,0,36,0,5,35,0,40,0,22,54,0,76,60,0,60,136
08/26/2002,CPR,WY,ANM,WE,Towers with Radar,1,42,19,0,62,0,7,36,0,43,1,49,55,0,105,32,0,32,137
08/27/2002,CPR,WY,ANM,WE,Towers with Radar,3,51,21,0,75,0,7,25,0,32,3,58,46,0,107,4,0,4,111
08/28/2002,CPR,WY,ANM,WE,Towers with Radar,4,56,36,0,96,0,0,33,0,33,4,56,69,0,129,16,0,16,145
08/29/2002,CPR,WY,ANM,WE,Towers with Radar,2,47,22,0,71,4,12,11,2,29,6,59,33,2,100,8,0,8,108
08/30/2002,CPR,WY,ANM,WE,Towers with Radar,2,40,19,0,61,1,4,25,0,30,3,44,44,0,91,8,0,8,99
08/31/2002,CPR,WY,ANM,WE,Towers with Radar,1,27,14,0,42,0,12,32,0,44,1,39,46,0,86,38,0,38,124
09/01/2002,CPR,WY,ANM,WE,Towers with Radar,0,13,8,0,21,0,0,22,3,25,0,13,30,3,46,2,2,4,50
09/02/2002,CPR,WY,ANM,WE,Towers with Radar,0,16,10,0,26,0,0,30,2,32,0,16,40,2,58,24,0,24,82
09/03/2002,CPR,WY,ANM,WE,Towers with Radar,2,37,12,2,53,0,11,46,0,57,2,48,58,2,110,12,0,12,122
09/04/2002,CPR,WY,ANM,WE,Towers with Radar,2,46,30,0,78,0,8,30,0,38,2,54,60,0,116,32,0,32,148
09/05/2002,CPR,WY,ANM,WE,Towers with Radar,3,46,16,0,65,0,14,29,0,43,3,60,45,0,108,76,0,76,184
09/06/2002,CPR,WY,ANM,WE,Towers with Radar,2,37,19,0,58,1,12,19,0,32,3,49,38,0,90,44,0,44,134
09/07/2002,CPR,WY,ANM,WE,Towers with Radar,1,27,14,0,42,0,4,24,0,28,1,31,38,0,70,22,0,22,92
09/08/2002,CPR,WY,ANM,WE,Towers with Radar,0,19,12,0,31,0,1,13,0,14,0,20,25,0,45,44,0,44,89
09/09/2002,CPR,WY,ANM,WE,Towers with Radar,1,39,20,0,60,0,10,24,2,36,1,49,44,2,96,32,0,32,128
09/10/2002,CPR,WY,ANM,WE,Towers with Radar,3,49,16,0,68,0,3,28,0,31,3,52,44,0,99,12,0,12,111
09/11/2002,CPR,WY,ANM,WE,Towers with Radar,2,55,17,0,74,0,3,27,2,32,2,58,44,2,106,36,0,36,142
09/12/2002,CPR,WY,ANM,WE,Towers with Radar,3,55,28,0,86,0,0,0,0,0,3,55,28,0,86,8,0,8,94
09/13/2002,CPR,WY,ANM,WE,Towers with Radar,3,51,32,0,86,0,0,20,0,20,3,51,52,0,106,50,0,50,156
09/14/2002,CPR,WY,ANM,WE,Towers with Radar,1,38,17,0,56,0,0,35,0,35,1,38,52,0,91,90,0,90,181
09/15/2002,CPR,WY,ANM,WE,Towers with Radar,0,18,14,8,40,0,2,49,7,58,0,20,63,15,98,52,12,64,162
09/16/2002,CPR,WY,ANM,WE,Towers with Radar,1,39,17,0,57,0,9,35,0,44,1,48,52,0,101,0,0,0,101
09/17/2002,CPR,WY,ANM,WE,Towers with Radar,4,50,18,0,72,0,0,24,0,24,4,50,42,0,96,8,0,8,104
09/18/2002,CPR,WY,ANM,WE,Towers with Radar,2,48,23,1,74,0,11,16,0,27,2,59,39,1,101,0,0,0,101
09/19/2002,CPR,WY,ANM,WE,Towers with Radar,2,45,22,0,69,0,0,56,2,58,2,45,78,2,127,76,0,76,203
09/20/2002,CPR,WY,ANM,WE,Towers with Radar,2,43,21,0,66,2,0,15,4,21,4,43,36,4,87,20,0,20,107
09/21/2002,CPR,WY,ANM,WE,Towers with Radar,1,34,17,0,52,0,0,12,0,12,1,34,29,0,64,50,0,50,114
09/22/2002,CPR,WY,ANM,WE,Towers with Radar,0,20,6,1,27,0,6,39,1,46,0,26,45,2,73,30,0,30,103
09/23/2002,CPR,WY,ANM,WE,Towers with Radar,1,27,16,1,45,0,11,40,0,51,1,38,56,1,96,38,0,38,134
09/24/2002,CPR,WY,ANM,WE,Towers with Radar,3,58,16,0,77,0,7,33,0,40,3,65,49,0,117,50,0,50,167
09/25/2002,CPR,WY,ANM,WE,Towers with Radar,4,49,35,0,88,0,0,3,0,3,4,49,38,0,91,26,0,26,117
09/26/2002,CPR,WY,ANM,WE,Towers with Radar,5,46,30,0,81,0,6,21,0,27,5,52,51,0,108,24,0,24,132
09/27/2002,CPR,WY,ANM,WE,Towers with Radar,3,46,19,0,68,1,1,35,0,37,4,47,54,0,105,38,0,38,143
09/28/2002,CPR,WY,ANM,WE,Towers with Radar,1,32,15,0,48,0,0,39,0,39,1,32,54,0,87,62,0,62,149
09/29/2002,CPR,WY,ANM,WE,Towers with Radar,0,17,14,0,31,0,0,10,0,10,0,17,24,0,41,2,0,2,43
09/30/2002,CPR,WY,ANM,WE,Towers with Radar,1,42,17,2,62,0,7,37,0,44,1,49,54,2,106,18,0,18,124
10/01/2002,CPR,WY,ANM,WE,Towers with Radar,2,39,21,0,62,1,0,14,0,15,3,39,35,0,77,6,0,6,83
10/02/2002,CPR,WY,ANM,WE,Towers with Radar,2,59,29,0,90,0,0,2,0,2,2,59,31,0,92,0,0,0,92
10/03/2002,CPR,WY,ANM,WE,Towers with Radar,3,51,32,8,94,0,0,22,10,32,3,51,54,18,126,30,10,40,166
10/04/2002,CPR,WY,ANM,WE,Towers with Radar,5,43,25,0,73,0,0,17,0,17,5,43,42,0,90,6,0,6,96
10/05/2002,CPR,WY,ANM,WE,Towers with Radar,2,33,13,0,48,0,0,15,0,15,2,33,28,0,63,28,0,28,91
10/06/2002,CPR,WY,ANM,WE,Towers with Radar,0,19,19,0,38,0,0,15,0,15,0,19,34,0,53,42,0,42,95
10/07/2002,CPR,WY,ANM,WE,Towers with Radar,1,39,14,0,54,0,11,36,4,51,1,50,50,4,105,60,0,60,165
10/08/2002,CPR,WY,ANM,WE,Towers with Radar,3,48,24,0,75,3,2,16,2,23,6,50,40,2,98,134,0,134,232
10/09/2002,CPR,WY,ANM,WE,Towers with Radar,1,47,46,0,94,0,11,29,0,40,1,58,75,0,134,80,0,80,214
10/10/2002,CPR,WY,ANM,WE,Towers with Radar,4,51,23,0,78,0,3,30,4,37,4,54,53,4,115,12,0,12,127
10/11/2002,CPR,WY,ANM,WE,Towers with Radar,4,48,22,0,74,0,0,21,0,21,4,48,43,0,95,58,0,58,153
10/12/2002,CPR,WY,ANM,WE,Towers with Radar,2,31,9,0,42,0,0,16,0,16,2,31,25,0,58,26,0,26,84
10/13/2002,CPR,WY,ANM,WE,Towers with Radar,0,18,9,0,27,0,0,14,0,14,0,18,23,0,41,24,0,24,65
10/14/2002,CPR,WY,ANM,WE,Towers with Radar,2,37,15,0,54,0,5,29,0,34,2,42,44,0,88,22,0,22,110
10/15/2002,CPR,WY,ANM,WE,Towers with Radar,3,46,24,0,73,0,2,30,0,32,3,48,54,0,105,16,0,16,121
10/16/2002,CPR,WY,ANM,WE,Towers with Radar,4,45,34,0,83,0,0,10,0,10,4,45,44,0,93,10,0,10,103
10/17/2002,CPR,WY,ANM,WE,Towers with Radar,3,53,27,0,83,0,1,18,0,19,3,54,45,0,102,42,0,42,144
10/18/2002,CPR,WY,ANM,WE,Towers with Radar,6,41,12,0,59,0,6,30,0,36,6,47,42,0,95,4,0,4,99
10/19/2002,CPR,WY,ANM,WE,Towers with Radar,2,29,3,0,34,3,7,36,0,46,5,36,39,0,80,48,0,48,128
10/20/2002,CPR,WY,ANM,WE,Towers with Radar,0,18,16,0,34,0,0,31,0,31,0,18,47,0,65,92,0,92,157
10/21/2002,CPR,WY,ANM,WE,Towers with Radar,4,53,19,0,76,0,6,26,0,32,4,59,45,0,108,20,0,20,128
10/22/2002,CPR,WY,ANM,WE,Towers with Radar,5,47,15,0,67,0,0,2,0,2,5,47,17,0,69,0,0,0,69
10/23/2002,CPR,WY,ANM,WE,Towers with Radar,3,55,18,0,76,2,10,0,0,12,5,65,18,0,88,12,0,12,100
10/24/2002,CPR,WY,ANM,WE,Towers with Radar,3,59,25,0,87,0,5,0,0,5,3,64,25,0,92,20,0,20,112
10/25/2002,CPR,WY,ANM,WE,Towers with Radar,4,51,19,0,74,0,4,26,0,30,4,55,45,0,104,26,0,26,130
10/26/2002,CPR,WY,ANM,WE,Towers with Radar,1,24,12,0,37,1,14,36,0,51,2,38,48,0,88,30,0,30,118
10/27/2002,CPR,WY,ANM,WE,Towers with Radar,0,25,14,0,39,0,0,40,0,40,0,25,54,0,79,58,0,58,137
10/28/2002,CPR,WY,ANM,WE,Towers with Radar,3,47,16,0,66,0,1,34,0,35,3,48,50,0,101,58,0,58,159
10/29/2002,CPR,WY,ANM,WE,Towers with Radar,3,49,13,0,65,0,0,0,0,0,3,49,13,0,65,0,0,0,65
10/30/2002,CPR,WY,ANM,WE,Towers with Radar,3,55,20,0,78,0,9,0,0,9,3,64,20,0,87,0,0,0,87
10/31/2002,CPR,WY,ANM,WE,Towers with Radar,3,56,25,0,84,0,0,6,0,6,3,56,31,0,90,14,0,14,104
11/01/2002,CPR,WY,ANM,WE,Towers with Radar,4,55,25,2,86,3,5,22,0,30,7,60,47,2,116,28,0,28,144
11/02/2002,CPR,WY,ANM,WE,Towers with Radar,1,35,14,0,50,2,1,20,0,23,3,36,34,0,73,60,0,60,133
11/03/2002,CPR,WY,ANM,WE,Towers with Radar,0,21,6,1,28,0,5,37,0,42,0,26,43,1,70,46,0,46,116
11/04/2002,CPR,WY,ANM,WE,Towers with Radar,1,44,11,0,56,0,0,22,0,22,1,44,33,0,78,54,0,54,132
11/05/2002,CPR,WY,ANM,WE,Towers with Radar,3,51,15,0,69,0,0,26,0,26,3,51,41,0,95,34,0,34,129
11/06/2002,CPR,WY,ANM,WE,Towers with Radar,3,51,12,0,66,0,3,19,0,22,3,54,31,0,88,20,0,20,108
11/07/2002,CPR,WY,ANM,WE,Towers with Radar,3,53,14,0,70,0,2,28,0,30,3,55,42,0,100,4,0,4,104
11/08/2002,CPR,WY,ANM,WE,Towers with Radar,3,51,21,0,75,0,0,26,0,26,3,51,47,0,101,0,0,0,101
11/09/2002,CPR,WY,ANM,WE,Towers with Radar,1,32,11,0,44,0,0,16,0,16,1,32,27,0,60,36,0,36,96
11/10/2002,CPR,WY,ANM,WE,Towers with Radar,0,20,25,0,45,0,5,17,0,22,0,25,42,0,67,76,0,76,143
11/11/2002,CPR,WY,ANM,WE,Towers with Radar,2,42,17,0,61,0,6,22,0,28,2,48,39,0,89,58,0,58,147
11/12/2002,CPR,WY,ANM,WE,Towers with Radar,7,48,23,0,78,0,10,27,0,37,7,58,50,0,115,30,0,30,145
11/13/2002,CPR,WY,ANM,WE,Towers with Radar,2,56,22,0,80,0,8,29,0,37,2,64,51,0,117,26,0,26,143
11/14/2002,CPR,WY,ANM,WE,Towers with Radar,3,58,22,2,85,0,0,30,0,30,3,58,52,2,115,108,0,108,223
11/15/2002,CPR,WY,ANM,WE,Towers with Radar,4,54,23,0,81,0,10,24,0,34,4,64,47,0,115,62,0,62,177
11/16/2002,CPR,WY,ANM,WE,Towers with Radar,2,37,6,4,49,0,1,25,0,26,2,38,31,4,75,28,0,28,103
11/17/2002,CPR,WY,ANM,WE,Towers with Radar,0,22,11,0,33,0,3,27,0,30,0,25,38,0,63,28,0,28,91
11/18/2002,CPR,WY,ANM,WE,Towers with Radar,0,50,29,0,79,0,9,47,0,56,0,59,76,0,135,71,0,71,206
11/19/2002,CPR,WY,ANM,WE,Towers with Radar,3,53,14,0,70,0,0,12,0,12,3,53,26,0,82,98,0,98,180
11/20/2002,CPR,WY,ANM,WE,Towers with Radar,3,54,21,0,78,0,3,54,0,57,3,57,75,0,135,148,0,148,283
11/21/2002,CPR,WY,ANM,WE,Towers with Radar,2,54,22,0,78,1,5,22,2,30,3,59,44,2,108,0,0,0,108
11/22/2002,CPR,WY,ANM,WE,Towers with Radar,4,50,12,0,66,0,0,14,0,14,4,50,26,0,80,18,0,18,98
11/23/2002,CPR,WY,ANM,WE,Towers with Radar,1,30,13,0,44,1,9,11,0,21,2,39,24,0,65,38,0,38,103
11/24/2002,CPR,WY,ANM,WE,Towers with Radar,0,13,8,0,21,0,0,6,0,6,0,13,14,0,27,28,0,28,55
11/25/2002,CPR,WY,ANM,WE,Towers with Radar,2,41,16,0,59,0,19,21,0,40,2,60,37,0,99,8,0,8,107
11/26/2002,CPR,WY,ANM,WE,Towers with Radar,3,57,18,0,78,0,1,26,0,27,3,58,44,0,105,58,0,58,163
11/27/2002,CPR,WY,ANM,WE,Towers with Radar,2,52,31,0,85,2,0,22,0,24,4,52,53,0,109,42,0,42,151
11/28/2002,CPR,WY,ANM,WE,Towers with Radar,0,11,3,0,14,1,0,18,1,20,1,11,21,1,34,6,0,6,40
11/29/2002,CPR,WY,ANM,WE,Towers with Radar,3,46,5,3,57,0,0,14,0,14,3,46,19,3,71,8,0,8,79
11/30/2002,CPR,WY,ANM,WE,Towers with Radar,1,30,15,0,46,0,4,30,0,34,1,34,45,0,80,14,0,14,94
12/01/2002,CPR,WY,ANM,WE,Towers with Radar,0,17,10,0,27,0,3,17,0,20,0,20,27,0,47,10,0,10,57
12/02/2002,CPR,WY,ANM,WE,Towers with Radar,1,50,21,0,72,0,8,52,0,60,1,58,73,0,132,50,0,50,182
12/03/2002,CPR,WY,ANM,WE,Towers with Radar,3,46,12,0,61,0,8,0,0,8,3,54,12,0,69,0,0,0,69
12/04/2002,CPR,WY,ANM,WE,Towers with Radar,3,54,17,0,74,0,11,16,0,27,3,65,33,0,101,0,0,0,101
12/05/2002,CPR,WY,ANM,WE,Towers with Radar,3,55,33,0,91,0,5,29,0,34,3,60,62,0,125,54,0,54,179
12/06/2002,CPR,WY,ANM,WE,Towers with Radar,4,57,25,0,86,0,4,27,0,31,4,61,52,0,117,18,0,18,135
12/07/2002,CPR,WY,ANM,WE,Towers with Radar,2,40,11,0,53,0,3,40,0,43,2,43,51,0,96,44,0,44,140
12/08/2002,CPR,WY,ANM,WE,Towers with Radar,0,22,13,0,35,0,0,37,0,37,0,22,50,0,72,72,0,72,144
12/09/2002,CPR,WY,ANM,WE,Towers with Radar,1,51,21,0,73,0,2,28,0,30,1,53,49,0,103,40,0,40,143
12/10/2002,CPR,WY,ANM,WE,Towers with Radar,5,56,13,0,74,0,0,24,0,24,5,56,37,0,98,52,0,52,150
12/11/2002,CPR,WY,ANM,WE,Towers with Radar,4,63,26,0,93,0,4,37,0,41,4,67,63,0,134,84,0,84,218
12/12/2002,CPR,WY,ANM,WE,Towers with Radar,8,55,25,0,88,0,4,23,0,27,8,59,48,0,115,60,0,60,175
12/13/2002,CPR,WY,ANM,WE,Towers with Radar,6,58,15,0,79,0,1,26,46,73,6,59,41,46,152,0,0,0,152
12/14/2002,CPR,WY,ANM,WE,Towers with Radar,1,36,13,0,50,0,0,23,0,23,1,36,36,0,73,20,0,20,93
12/15/2002,CPR,WY,ANM,WE,Towers with Radar,0,23,9,2,34,0,6,32,0,38,0,29,41,2,72,40,0,40,112
12/16/2002,CPR,WY,ANM,WE,Towers with Radar,1,46,13,0,60,0,7,15,0,22,1,53,28,0,82,30,0,30,112
12/17/2002,CPR,WY,ANM,WE,Towers with Radar,4,52,24,0,80,2,0,31,0,33,6,52,55,0,113,120,0,120,233
12/18/2002,CPR,WY,ANM,WE,Towers with Radar,10,69,22,0,101,0,7,11,0,18,10,76,33,0,119,48,0,48,167
12/19/2002,CPR,WY,ANM,WE,Towers with Radar,6,58,35,0,99,0,0,30,2,32,6,58,65,2,131,64,0,64,195
12/20/2002,CPR,WY,ANM,WE,Towers with Radar,5,69,13,0,87,0,0,29,3,32,5,69,42,3,119,28,0,28,147
12/21/2002,CPR,WY,ANM,WE,Towers with Radar,4,43,16,0,63,0,0,31,0,31,4,43,47,0,94,66,0,66,160
12/22/2002,CPR,WY,ANM,WE,Towers with Radar,1,24,7,0,32,0,0,23,0,23,1,24,30,0,55,54,0,54,109
12/23/2002,CPR,WY,ANM,WE,Towers with Radar,1,51,17,0,69,0,7,28,0,35,1,58,45,0,104,28,0,28,132
12/24/2002,CPR,WY,ANM,WE,Towers with Radar,2,44,15,0,61,2,7,16,0,25,4,51,31,0,86,4,0,4,90
12/25/2002,CPR,WY,ANM,WE,Towers with Radar,0,10,0,0,10,11,2,0,0,13,11,12,0,0,23,0,0,0,23
12/26/2002,CPR,WY,ANM,WE,Towers with Radar,2,43,3,0,48,0,3,23,0,26,2,46,26,0,74,2,0,2,76
12/27/2002,CPR,WY,ANM,WE,Towers with Radar,4,46,16,0,66,0,8,7,0,15,4,54,23,0,81,4,0,4,85
12/28/2002,CPR,WY,ANM,WE,Towers with Radar,1,30,10,0,41,0,5,16,0,21,1,35,26,0,62,0,0,0,62
12/29/2002,CPR,WY,ANM,WE,Towers with Radar,0,18,3,0,21,0,0,2,0,2,0,18,5,0,23,0,0,0,23
12/30/2002,CPR,WY,ANM,WE,Towers with Radar,1,41,6,0,48,0,0,22,0,22,1,41,28,0,70,10,0,10,80
12/31/2002,CPR,WY,ANM,WE,Towers with Radar,3,49,6,0,58,0,0,23,0,23,3,49,29,0,81,4,0,4,85
01/01/2003,CPR,WY,ANM,WE,Towers with Radar,0,14,9,2,25,1,2,23,0,26,1,16,32,2,51,16,0,16,67
01/02/2003,CPR,WY,ANM,WE,Towers with Radar,1,49,8,0,58,0,3,38,0,41,1,52,46,0,99,12,0,12,111
01/03/2003,CPR,WY,ANM,WE,Towers with Radar,4,46,14,0,64,0,6,29,0,35,4,52,43,0,99,6,0,6,105
01/04/2003,CPR,WY,ANM,WE,Towers with Radar,1,31,5,0,37,0,0,39,0,39,1,31,44,0,76,44,0,44,120
01/05/2003,CPR,WY,ANM,WE,Towers with Radar,1,20,14,0,35,0,3,3,0,6,1,23,17,0,41,28,0,28,69
01/06/2003,CPR,WY,ANM,WE,Towers with Radar,1,45,17,0,63,0,12,32,0,44,1,57,49,0,107,44,0,44,151
01/07/2003,CPR,WY,ANM,WE,Towers with Radar,3,47,26,0,76,0,17,34,0,51,3,64,60,0,127,10,0,10,137
01/08/2003,CPR,WY,ANM,WE,Towers with Radar,5,44,22,0,71,0,2,31,0,33,5,46,53,0,104,42,0,42,146
01/09/2003,CPR,WY,ANM,WE,Towers with Radar,2,45,19,0,66,1,2,26,0,29,3,47,45,0,95,94,0,94,189
01/10/2003,CPR,WY,ANM,WE,Towers with Radar,3,56,9,0,68,0,4,27,0,31,3,60,36,0,99,94,0,94,193
01/11/2003,CPR,WY,ANM,WE,Towers with Radar,1,39,9,0,49,2,3,34,0,39,3,42,43,0,88,44,0,44,132
01/12/2003,CPR,WY,ANM,WE,Towers with Radar,0,20,13,0,33,0,2,16,0,18,0,22,29,0,51,20,0,20,71
01/13/2003,CPR,WY,ANM,WE,Towers with Radar,1,41,13,0,55,0,4,10,0,14,1,45,23,0,69,14,0,14,83
01/14/2003,CPR,WY,ANM,WE,Towers with Radar,3,43,21,0,67,0,2,12,0,14,3,45,33,0,81,32,0,32,113
01/15/2003,CPR,WY,ANM,WE,Towers with Radar,5,59,17,0,81,0,0,7,0,7,5,59,24,0,88,0,0,0,88
01/16/2003,CPR,WY,ANM,WE,Towers with Radar,4,46,14,0,64,0,0,39,0,39,4,46,53,0,103,56,0,56,159
01/17/2003,CPR,WY,ANM,WE,Towers with Radar,4,43,21,0,68,0,5,20,0,25,4,48,41,0,93,68,0,68,161
01/18/2003,CPR,WY,ANM,WE,Towers with Radar,2,32,13,0,47,0,0,32,0,32,2,32,45,0,79,24,0,24,103
01/19/2003,CPR,WY,ANM,WE,Towers with Radar,0,20,11,0,31,0,2,11,0,13,0,22,22,0,44,0,0,0,44
01/20/2003,CPR,WY,ANM,WE,Towers with Radar,2,46,18,0,66,0,1,64,0,65,2,47,82,0,131,10,0,10,141
01/21/2003,CPR,WY,ANM,WE,Towers with Radar,3,65,24,0,92,1,6,0,0,7,4,71,24,0,99,0,0,0,99
01/22/2003,CPR,WY,ANM,WE,Towers with Radar,3,48,13,0,64,0,0,4,0,4,3,48,17,0,68,6,0,6,74
01/23/2003,CPR,WY,ANM,WE,Towers with Radar,2,57,19,0,78,0,0,21,0,21,2,57,40,0,99,14,0,14,113
01/24/2003,CPR,WY,ANM,WE,Towers with Radar,4,45,24,0,73,0,3,34,0,37,4,48,58,0,110,40,0,40,150
01/25/2003,CPR,WY,ANM,WE,Towers with Radar,4,32,8,0,44,0,0,23,0,23,4,32,31,0,67,54,0,54,121
01/26/2003,CPR,WY,ANM,WE,Towers with Radar,0,18,10,0,28,0,2,5,0,7,0,20,15,0,35,14,0,14,49
01/27/2003,CPR,WY,ANM,WE,Towers with Radar,1,44,29,0,74,1,1,0,0,2,2,45,29,0,76,70,0,70,146
01/28/2003,CPR,WY,ANM,WE,Towers with Radar,2,43,20,0,65,0,0,22,0,22,2,43,42,0,87,52,0,52,139
01/29/2003,CPR,WY,ANM,WE,Towers with Radar,3,50,16,0,69,0,5,35,0,40,3,55,51,0,109,22,0,22,131
01/30/2003,CPR,WY,ANM,WE,Towers with Radar,3,49,21,0,73,2,1,24,0,27,5,50,45,0,100,18,0,18,118
01/31/2003,CPR,WY,ANM,WE,Towers with Radar,2,44,26,2,74,0,3,10,0,13,2,47,36,2,87,4,0,4,91
02/01/2003,CPR,WY,ANM,WE,Towers with Radar,1,33,10,0,44,1,5,16,0,22,2,38,26,0,66,30,0,30,96
02/02/2003,CPR,WY,ANM,WE,Towers with Radar,0,18,5,0,23,0,0,8,0,8,0,18,13,0,31,0,0,0,31
02/03/2003,CPR,WY,ANM,WE,Towers with Radar,1,45,17,0,63,0,0,30,0,30,1,45,47,0,93,60,0,60,153
02/04/2003,CPR,WY,ANM,WE,Towers with Radar,3,42,14,0,59,0,4,34,0,38,3,46,48,0,97,52,0,52,149
02/05/2003,CPR,WY,ANM,WE,Towers with Radar,3,53,33,2,91,0,4,13,1,18,3,57,46,3,109,32,2,34,143
02/06/2003,CPR,WY,ANM,WE,Towers with Radar,0,7,1,0,8,3,45,25,0,73,3,52,26,0,81,12,0,12,93
02/07/2003,CPR,WY,ANM,WE,Towers with Radar,2,42,15,0,59,1,5,22,0,28,3,47,37,0,87,66,0,66,153
02/08/2003,CPR,WY,ANM,WE,Towers with Radar,1,34,11,0,46,0,11,0,0,11,1,45,11,0,57,0,0,0,57
02/09/2003,CPR,WY,ANM,WE,Towers with Radar,0,22,15,0,37,0,7,20,0,27,0,29,35,0,64,30,0,30,94
02/10/2003,CPR,WY,ANM,WE,Towers with Radar,1,42,9,0,52,0,0,19,0,19,1,42,28,0,71,56,0,56,127
02/11/2003,CPR,WY,ANM,WE,Towers with Radar,1,35,13,0,49,2,7,47,0,56,3,42,60,0,105,102,0,102,207
02/12/2003,CPR,WY,ANM,WE,Towers with Radar,4,49,20,1,74,0,13,63,2,78,4,62,83,3,152,42,0,42,194
02/13/2003,CPR,WY,ANM,WE,Towers with Radar,1,22,9,0,32,2,37,64,0,103,3,59,73,0,135,28,0,28,163
02/14/2003,CPR,WY,ANM,WE,Towers with Radar,3,50,17,0,70,0,0,8,0,8,3,50,25,0,78,10,0,10,88
02/15/2003,CPR,WY,ANM,WE,Towers with Radar,2,31,5,2,40,0,0,15,0,15,2,31,20,2,55,22,0,22,77
02/16/2003,CPR,WY,ANM,WE,Towers with Radar,0,19,6,0,25,0,0,21,0,21,0,19,27,0,46,0,0,0,46
02/17/2003,CPR,WY,ANM,WE,Towers with Radar,1,40,18,0,59,0,0,32,0,32,1,40,50,0,91,54,0,54,145
02/18/2003,CPR,WY,ANM,WE,Towers with Radar,3,52,33,0,88,0,5,19,0,24,3,57,52,0,112,66,0,66,178
02/19/2003,CPR,WY,ANM,WE,Towers with Radar,3,50,15,0,68,0,2,50,0,52,3,52,65,0,120,54,0,54,174
02/20/2003,CPR,WY,ANM,WE,Towers with Radar,5,47,24,0,76,0,14,33,0,47,5,61,57,0,123,72,0,72,195
02/21/2003,CPR,WY,ANM,WE,Towers with Radar,3,55,35,0,93,0,0,19,20,39,3,55,54,20,132,0,0,0,132
02/22/2003,CPR,WY,ANM,WE,Towers with Radar,1,32,13,0,46,1,2,7,0,10,2,34,20,0,56,0,0,0,56
02/23/2003,CPR,WY,ANM,WE,Towers with Radar,1,21,3,0,25,1,0,0,1,2,2,21,3,1,27,0,0,0,27
02/24/2003,CPR,WY,ANM,WE,Towers with Radar,0,42,14,3,59,0,10,8,0,18,0,52,22,3,77,4,0,4,81
02/25/2003,CPR,WY,ANM,WE,Towers with Radar,2,47,19,0,68,1,18,17,0,36,3,65,36,0,104,56,0,56,160
02/26/2003,CPR,WY,ANM,WE,Towers with Radar,4,58,15,0,77,0,0,54,0,54,4,58,69,0,131,88,0,88,219
02/27/2003,CPR,WY,ANM,WE,Towers with Radar,2,38,23,0,63,3,0,7,0,10,5,38,30,0,73,6,0,6,79
02/28/2003,CPR,WY,ANM,WE,Towers with Radar,0,0,0,0,0,0,0,0,0,0,0,0,0,0,0,0,0,0,0
03/01/2003,CPR,WY,ANM,WE,Towers with Radar,0,32,2,0,34,0,5,4,0,9,0,37,6,0,43,0,0,0,43
03/02/2003,CPR,WY,ANM,WE,Towers with Radar,0,17,12,4,33,1,3,28,0,32,1,20,40,4,65,30,0,30,95
03/03/2003,CPR,WY,ANM,WE,Towers with Radar,1,46,16,0,63,0,8,32,0,40,1,54,48,0,103,86,0,86,189
03/04/2003,CPR,WY,ANM,WE,Towers with Radar,3,47,16,0,66,0,5,6,0,11,3,52,22,0,77,0,0,0,77
03/05/2003,CPR,WY,ANM,WE,Towers with Radar,3,57,19,0,79,0,2,29,0,31,3,59,48,0,110,0,0,0,110
03/06/2003,CPR,WY,ANM,WE,Towers with Radar,6,45,19,0,70,0,0,27,0,27,6,45,46,0,97,30,0,30,127
03/07/2003,CPR,WY,ANM,WE,Towers with Radar,4,47,28,2,81,0,2,6,0,8,4,49,34,2,89,2,0,2,91
03/08/2003,CPR,WY,ANM,WE,Towers with Radar,3,33,15,0,51,0,2,13,0,15,3,35,28,0,66,12,0,12,78
03/09/2003,CPR,WY,ANM,WE,Towers with Radar,0,18,10,3,31,0,0,16,1,17,0,18,26,4,48,20,0,20,68
03/10/2003,CPR,WY,ANM,WE,Towers with Radar,1,44,15,0,60,0,0,40,0,40,1,44,55,0,100,52,0,52,152
03/11/2003,CPR,WY,ANM,WE,Towers with Radar,3,57,31,0,91,0,1,18,0,19,3,58,49,0,110,34,0,34,144
03/12/2003,CPR,WY,ANM,WE,Towers with Radar,6,48,21,0,75,0,0,28,0,28,6,48,49,0,103,0,0,0,103
03/13/2003,CPR,WY,ANM,WE,Towers with Radar,3,52,18,0,73,1,10,58,0,69,4,62,76,0,142,54,0,54,196
03/14/2003,CPR,WY,ANM,WE,Towers with Radar,2,45,17,0,64,0,2,12,0,14,2,47,29,0,78,50,0,50,128
03/15/2003,CPR,WY,ANM,WE,Towers with Radar,1,30,9,0,40,0,2,29,0,31,1,32,38,0,71,44,0,44,115
03/16/2003,CPR,WY,ANM,WE,Towers with Radar,0,20,7,0,27,0,0,24,0,24,0,20,31,0,51,10,0,10,61
03/17/2003,CPR,WY,ANM,WE,Towers with Radar,0,47,4,0,51,0,0,5,0,5,0,47,9,0,56,0,0,0,56
03/18/2003,CPR,WY,ANM,WE,Towers with Radar,3,30,2,0,35,0,1,0,0,1,3,31,2,0,36,0,0,0,36
03/19/2003,CPR,WY,ANM,WE,Towers with Radar,6,33,5,0,44,0,0,4,0,4,6,33,9,0,48,0,0,0,48
03/20/2003,CPR,WY,ANM,WE,Towers with Radar,5,45,10,0,60,0,1,11,0,12,5,46,21,0,72,34,0,34,106
03/21/2003,CPR,WY,ANM,WE,Towers with Radar,3,54,30,0,87,0,0,12,0,12,3,54,42,0,99,38,0,38,137
03/22/2003,CPR,WY,ANM,WE,Towers with Radar,2,35,17,0,54,0,0,21,0,21,2,35,38,0,75,34,0,34,109
03/23/2003,CPR,WY,ANM,WE,Towers with Radar,0,21,8,0,29,0,0,12,0,12,0,21,20,0,41,10,0,10,51
03/24/2003,CPR,WY,ANM,WE,Towers with Radar,1,48,19,0,68,0,0,9,0,9,1,48,28,0,77,36,0,36,113
03/25/2003,CPR,WY,ANM,WE,Towers with Radar,1,30,11,0,42,2,18,51,0,71,3,48,62,0,113,54,0,54,167
03/26/2003,CPR,WY,ANM,WE,Towers with Radar,4,57,20,0,81,0,3,11,0,14,4,60,31,0,95,0,0,0,95
03/27/2003,CPR,WY,ANM,WE,Towers with Radar,4,56,7,0,67,0,1,3,0,4,4,57,10,0,71,0,0,0,71
03/28/2003,CPR,WY,ANM,WE,Towers with Radar,4,49,29,1,83,0,4,21,0,25,4,53,50,1,108,8,0,8,116
03/29/2003,CPR,WY,ANM,WE,Towers with Radar,1,32,6,0,39,0,1,43,0,44,1,33,49,0,83,22,0,22,105
03/30/2003,CPR,WY,ANM,WE,Towers with Radar,0,21,4,0,25,0,2,22,0,24,0,23,26,0,49,20,0,20,69
03/31/2003,CPR,WY,ANM,WE,Towers with Radar,1,43,16,0,60,0,5,27,0,32,1,48,43,0,92,20,0,20,112
04/01/2003,CPR,WY,ANM,WE,Towers with Radar,2,53,5,0,60,1,10,45,0,56,3,63,50,0,116,16,0,16,132
04/02/2003,CPR,WY,ANM,WE,Towers with Radar,5,53,14,0,72,0,4,28,0,32,5,57,42,0,104,56,0,56,160
04/03/2003,CPR,WY,ANM,WE,Towers with Radar,2,45,11,0,58,0,0,11,0,11,2,45,22,0,69,20,0,20,89
04/04/2003,CPR,WY,ANM,WE,Towers with Radar,4,49,14,2,69,0,0,28,0,28,4,49,42,2,97,68,6,74,171
04/05/2003,CPR,WY,ANM,WE,Towers with Radar,3,32,3,1,39,0,0,30,0,30,3,32,33,1,69,56,0,56,125
04/06/2003,CPR,WY,ANM,WE,Towers with Radar,0,15,5,0,20,0,0,3,1,4,0,15,8,1,24,0,0,0,24
04/07/2003,CPR,WY,ANM,WE,Towers with Radar,0,48,11,0,59,0,5,37,0,42,0,53,48,0,101,32,0,32,133
04/08/2003,CPR,WY,ANM,WE,Towers with Radar,4,57,22,0,83,0,0,44,0,44,4,57,66,0,127,60,0,60,187
04/09/2003,CPR,WY,ANM,WE,Towers with Radar,3,49,19,0,71,0,15,32,3,50,3,64,51,3,121,52,0,52,173
04/10/2003,CPR,WY,ANM,WE,Towers with Radar,5,48,15,0,68,0,10,70,0,80,5,58,85,0,148,122,0,122,270
04/11/2003,CPR,WY,ANM,WE,Towers with Radar,3,44,30,4,81,0,4,28,0,32,3,48,58,4,113,106,0,106,219
04/12/2003,CPR,WY,ANM,WE,Towers with Radar,2,29,16,0,47,0,5,32,0,37,2,34,48,0,84,42,0,42,126
04/13/2003,CPR,WY,ANM,WE,Towers with Radar,0,19,23,0,42,0,3,21,0,24,0,22,44,0,66,102,0,102,168
04/14/2003,CPR,WY,ANM,WE,Towers with Radar,1,37,30,0,68,0,6,23,6,35,1,43,53,6,103,90,12,102,205
04/15/2003,CPR,WY,ANM,WE,Towers with Radar,2,51,37,0,90,0,10,29,0,39,2,61,66,0,129,56,0,56,185
04/16/2003,CPR,WY,ANM,WE,Towers with Radar,2,60,37,0,99,0,9,27,0,36,2,69,64,0,135,60,0,60,195
04/17/2003,CPR,WY,ANM,WE,Towers with Radar,5,54,20,0,79,0,7,28,2,37,5,61,48,2,116,32,10,42,158
04/18/2003,CPR,WY,ANM,WE,Towers with Radar,3,53,16,0,72,0,2,41,0,43,3,55,57,0,115,52,0,52,167
04/19/2003,CPR,WY,ANM,WE,Towers with Radar,1,31,11,0,43,0,6,0,0,6,1,37,11,0,49,18,0,18,67
04/20/2003,CPR,WY,ANM,WE,Towers with Radar,0,19,4,0,23,0,1,21,0,22,0,20,25,0,45,6,0,6,51
04/21/2003,CPR,WY,ANM,WE,Towers with Radar,2,39,11,0,52,0,1,34,0,35,2,40,45,0,87,2,0,2,89
04/22/2003,CPR,WY,ANM,WE,Towers with Radar,2,44,14,0,60,0,3,8,0,11,2,47,22,0,71,18,0,18,89
04/23/2003,CPR,WY,ANM,WE,Towers with Radar,2,51,22,0,75,0,1,18,0,19,2,52,40,0,94,4,0,4,98
04/24/2003,CPR,WY,ANM,WE,Towers with Radar,3,59,22,0,84,0,3,25,2,30,3,62,47,2,114,10,10,20,134
04/25/2003,CPR,WY,ANM,WE,Towers with Radar,5,46,13,0,64,0,6,15,0,21,5,52,28,0,85,34,0,34,119
04/26/2003,CPR,WY,ANM,WE,Towers with Radar,0,43,10,0,53,2,2,64,0,68,2,45,74,0,121,42,0,42,163
04/27/2003,CPR,WY,ANM,WE,Towers with Radar,2,19,8,0,29,0,0,27,0,27,2,19,35,0,56,44,0,44,100
04/28/2003,CPR,WY,ANM,WE,Towers with Radar,1,49,16,0,66,0,2,22,0,24,1,51,38,0,90,40,0,40,130
04/29/2003,CPR,WY,ANM,WE,Towers with Radar,4,49,19,0,72,0,0,11,0,11,4,49,30,0,83,36,0,36,119
04/30/2003,CPR,WY,ANM,WE,Towers with Radar,3,60,17,0,80,0,13,26,0,39,3,73,43,0,119,30,0,30,149
05/01/2003,CPR,WY,ANM,WE,Towers with Radar,3,49,24,0,76,1,10,12,0,23,4,59,36,0,99,30,0,30,129
05/02/2003,CPR,WY,ANM,WE,Towers with Radar,2,53,11,0,66,0,0,45,0,45,2,53,56,0,111,44,0,44,155
05/03/2003,CPR,WY,ANM,WE,Towers with Radar,2,29,4,0,35,1,2,28,0,31,3,31,32,0,66,54,0,54,120
05/04/2003,CPR,WY,ANM,WE,Towers with Radar,0,20,6,0,26,0,1,23,0,24,0,21,29,0,50,46,0,46,96
05/05/2003,CPR,WY,ANM,WE,Towers with Radar,2,46,14,0,62,0,2,17,0,19,2,48,31,0,81,24,0,24,105
05/06/2003,CPR,WY,ANM,WE,Towers with Radar,4,49,19,0,72,0,3,49,0,52,4,52,68,0,124,82,0,82,206
05/07/2003,CPR,WY,ANM,WE,Towers with Radar,4,57,26,2,89,0,11,58,0,69,4,68,84,2,158,80,0,80,238
05/08/2003,CPR,WY,ANM,WE,Towers with Radar,3,56,24,0,83,0,4,3,0,7,3,60,27,0,90,6,0,6,96
05/09/2003,CPR,WY,ANM,WE,Towers with Radar,4,52,10,0,66,0,2,2,0,4,4,54,12,0,70,0,0,0,70
05/10/2003,CPR,WY,ANM,WE,Towers with Radar,2,28,13,0,43,0,10,1,0,11,2,38,14,0,54,8,0,8,62
05/11/2003,CPR,WY,ANM,WE,Towers with Radar,0,20,25,0,45,0,3,26,2,31,0,23,51,2,76,34,0,34,110
05/12/2003,CPR,WY,ANM,WE,Towers with Radar,2,41,20,0,63,0,0,0,2,2,2,41,20,2,65,44,0,44,109
05/13/2003,CPR,WY,ANM,WE,Towers with Radar,4,49,15,0,68,0,4,29,0,33,4,53,44,0,101,52,0,52,153
05/14/2003,CPR,WY,ANM,WE,Towers with Radar,4,44,25,4,77,0,16,52,1,69,4,60,77,5,146,66,0,66,212
05/15/2003,CPR,WY,ANM,WE,Towers with Radar,4,51,27,0,82,0,1,59,2,62,4,52,86,2,144,140,0,140,284
05/16/2003,CPR,WY,ANM,WE,Towers with Radar,4,28,27,0,59,0,17,45,0,62,4,45,72,0,121,80,0,80,201
05/17/2003,CPR,WY,ANM,WE,Towers with Radar,2,26,18,0,46,0,4,33,0,37,2,30,51,0,83,54,0,54,137
05/18/2003,CPR,WY,ANM,WE,Towers with Radar,0,25,18,0,43,0,3,11,0,14,0,28,29,0,57,4,0,4,61
05/19/2003,CPR,WY,ANM,WE,Towers with Radar,1,45,30,0,76,0,1,29,0,30,1,46,59,0,106,50,0,50,156
05/20/2003,CPR,WY,ANM,WE,Towers with Radar,3,54,24,0,81,0,15,50,0,65,3,69,74,0,146,94,0,94,240
05/21/2003,CPR,WY,ANM,WE,Towers with Radar,3,48,29,1,81,0,5,43,0,48,3,53,72,1,129,96,0,96,225
05/22/2003,CPR,WY,ANM,WE,Towers with Radar,5,50,29,1,85,0,12,45,0,57,5,62,74,1,142,80,0,80,222
05/23/2003,CPR,WY,ANM,WE,Towers with Radar,4,52,19,0,75,0,14,62,0,76,4,66,81,0,151,80,0,80,231
05/24/2003,CPR,WY,ANM,WE,Towers with Radar,3,30,12,0,45,0,1,31,2,34,3,31,43,2,79,104,0,104,183
05/25/2003,CPR,WY,ANM,WE,Towers with Radar,0,19,7,0,26,0,3,20,0,23,0,22,27,0,49,0,0,0,49
05/26/2003,CPR,WY,ANM,WE,Towers with Radar,2,18,8,0,28,0,0,31,0,31,2,18,39,0,59,56,0,56,115
05/27/2003,CPR,WY,ANM,WE,Towers with Radar,2,41,19,0,62,0,7,36,0,43,2,48,55,0,105,58,0,58,163
05/28/2003,CPR,WY,ANM,WE,Towers with Radar,2,51,36,0,89,0,10,31,0,41,2,61,67,0,130,72,0,72,202
05/29/2003,CPR,WY,ANM,WE,Towers with Radar,3,55,26,0,84,0,7,32,0,39,3,62,58,0,123,40,0,40,163
05/30/2003,CPR,WY,ANM,WE,Towers with Radar,7,48,26,2,83,0,17,37,0,54,7,65,63,2,137,40,0,40,177
05/31/2003,CPR,WY,ANM,WE,Towers with Radar,1,27,15,0,43,0,10,27,0,37,1,37,42,0,80,16,0,16,96
06/01/2003,CPR,WY,ANM,WE,Towers with Radar,0,19,20,0,39,0,4,10,0,14,0,23,30,0,53,10,0,10,63
06/02/2003,CPR,WY,ANM,WE,Towers with Radar,2,44,9,0,55,0,0,29,0,29,2,44,38,0,84,10,0,10,94
06/03/2003,CPR,WY,ANM,WE,Towers with Radar,2,47,25,0,74,0,4,35,0,39,2,51,60,0,113,74,0,74,187
06/04/2003,CPR,WY,ANM,WE,Towers with Radar,2,45,24,0,71,1,7,31,0,39,3,52,55,0,110,56,0,56,166
06/05/2003,CPR,WY,ANM,WE,Towers with Radar,4,59,23,0,86,0,1,27,0,28,4,60,50,0,114,16,0,16,130
06/06/2003,CPR,WY,ANM,WE,Towers with Radar,3,48,31,0,82,1,0,29,0,30,4,48,60,0,112,16,0,16,128
06/07/2003,CPR,WY,ANM,WE,Towers with Radar,1,37,14,0,52,0,0,35,0,35,1,37,49,0,87,34,0,34,121
06/08/2003,CPR,WY,ANM,WE,Towers with Radar,0,21,11,0,32,0,9,33,0,42,0,30,44,0,74,60,0,60,134
06/09/2003,CPR,WY,ANM,WE,Towers with Radar,1,44,24,0,69,0,0,33,0,33,1,44,57,0,102,20,0,20,122
06/10/2003,CPR,WY,ANM,WE,Towers with Radar,3,50,20,0,73,0,2,21,0,23,3,52,41,0,96,46,0,46,142
06/11/2003,CPR,WY,ANM,WE,Towers with Radar,4,49,33,0,86,0,4,36,0,40,4,53,69,0,126,52,0,52,178
06/12/2003,CPR,WY,ANM,WE,Towers with Radar,3,59,19,0,81,0,1,41,0,42,3,60,60,0,123,60,0,60,183
06/13/2003,CPR,WY,ANM,WE,Towers with Radar,2,52,28,0,82,2,0,44,2,48,4,52,72,2,130,42,0,42,172
06/14/2003,CPR,WY,ANM,WE,Towers with Radar,1,39,13,0,53,0,3,36,0,39,1,42,49,0,92,34,0,34,126
06/15/2003,CPR,WY,ANM,WE,Towers with Radar,1,24,13,0,38,0,2,18,0,20,1,26,31,0,58,20,0,20,78
06/16/2003,CPR,WY,ANM,WE,Towers with Radar,1,46,21,0,68,0,0,29,0,29,1,46,50,0,97,30,0,30,127
06/17/2003,CPR,WY,ANM,WE,Towers with Radar,2,42,22,0,66,3,19,41,0,63,5,61,63,0,129,30,0,30,159
06/18/2003,CPR,WY,ANM,WE,Towers with Radar,3,46,33,0,82,0,10,26,0,36,3,56,59,0,118,38,0,38,156
06/19/2003,CPR,WY,ANM,WE,Towers with Radar,5,50,24,0,79,0,12,57,0,69,5,62,81,0,148,52,0,52,200
06/20/2003,CPR,WY,ANM,WE,Towers with Radar,4,50,17,0,71,0,13,27,0,40,4,63,44,0,111,48,0,48,159
06/21/2003,CPR,WY,ANM,WE,Towers with Radar,1,35,14,0,50,0,2,91,0,93,1,37,105,0,143,6,0,6,149
06/22/2003,CPR,WY,ANM,WE,Towers with Radar,0,23,25,0,48,0,0,15,0,15,0,23,40,0,63,4,0,4,67
06/23/2003,CPR,WY,ANM,WE,Towers with Radar,1,47,26,0,74,0,0,9,0,9,1,47,35,0,83,16,0,16,99
06/24/2003,CPR,WY,ANM,WE,Towers with Radar,2,42,13,0,57,1,14,0,0,15,3,56,13,0,72,0,0,0,72
06/25/2003,CPR,WY,ANM,WE,Towers with Radar,4,56,29,0,89,0,0,24,0,24,4,56,53,0,113,30,0,30,143
06/26/2003,CPR,WY,ANM,WE,Towers with Radar,3,55,32,0,90,0,0,37,0,37,3,55,69,0,127,60,0,60,187
06/27/2003,CPR,WY,ANM,WE,Towers with Radar,4,54,22,0,80,0,8,44,0,52,4,62,66,0,132,72,0,72,204
06/28/2003,CPR,WY,ANM,WE,Towers with Radar,2,34,21,0,57,0,0,28,0,28,2,34,49,0,85,24,0,24,109
06/29/2003,CPR,WY,ANM,WE,Towers with Radar,0,21,22,0,43,0,0,13,0,13,0,21,35,0,56,4,0,4,60
06/30/2003,CPR,WY,ANM,WE,Towers with Radar,1,40,18,0,59,0,6,21,0,27,1,46,39,0,86,58,0,58,144
07/01/2003,CPR,WY,ANM,WE,Towers with Radar,3,52,29,0,84,0,0,32,0,32,3,52,61,0,116,54,0,54,170
07/02/2003,CPR,WY,ANM,WE,Towers with Radar,4,52,15,0,71,0,5,22,0,27,4,57,37,0,98,48,0,48,146
07/03/2003,CPR,WY,ANM,WE,Towers with Radar,2,57,22,0,81,0,9,46,0,55,2,66,68,0,136,100,0,100,236
07/04/2003,CPR,WY,ANM,WE,Towers with Radar,1,18,11,0,30,0,2,12,0,14,1,20,23,0,44,64,0,64,108
07/05/2003,CPR,WY,ANM,WE,Towers with Radar,1,33,10,0,44,0,4,18,0,22,1,37,28,0,66,0,0,0,66
07/06/2003,CPR,WY,ANM,WE,Towers with Radar,0,23,14,0,37,0,2,35,2,39,0,25,49,2,76,48,0,48,124
07/07/2003,CPR,WY,ANM,WE,Towers with Radar,3,35,22,0,60,0,13,49,0,62,3,48,71,0,122,48,0,48,170
07/08/2003,CPR,WY,ANM,WE,Towers with Radar,3,46,37,0,86,0,2,30,0,32,3,48,67,0,118,12,0,12,130
07/09/2003,CPR,WY,ANM,WE,Towers with Radar,4,54,29,0,87,4,12,49,8,73,8,66,78,8,160,46,0,46,206
07/10/2003,CPR,WY,ANM,WE,Towers with Radar,3,52,24,0,79,0,15,52,0,67,3,67,76,0,146,80,0,80,226
07/11/2003,CPR,WY,ANM,WE,Towers with Radar,4,51,30,0,85,0,18,41,0,59,4,69,71,0,144,62,0,62,206
07/12/2003,CPR,WY,ANM,WE,Towers with Radar,3,35,19,0,57,0,0,99,0,99,3,35,118,0,156,110,0,110,266
07/13/2003,CPR,WY,ANM,WE,Towers with Radar,0,24,25,0,49,0,0,29,0,29,0,24,54,0,78,12,0,12,90
07/14/2003,CPR,WY,ANM,WE,Towers with Radar,1,36,21,0,58,0,13,27,2,42,1,49,48,2,100,20,0,20,120
07/15/2003,CPR,WY,ANM,WE,Towers with Radar,2,33,19,0,54,1,23,41,0,65,3,56,60,0,119,60,0,60,179
07/16/2003,CPR,WY,ANM,WE,Towers with Radar,4,52,29,0,85,0,11,28,2,41,4,63,57,2,126,60,0,60,186
07/17/2003,CPR,WY,ANM,WE,Towers with Radar,5,56,25,5,91,0,16,53,0,69,5,72,78,5,160,32,0,32,192
07/18/2003,CPR,WY,ANM,WE,Towers with Radar,4,53,21,0,78,0,8,40,1,49,4,61,61,1,127,46,0,46,173
07/19/2003,CPR,WY,ANM,WE,Towers with Radar,1,35,5,0,41,0,6,31,0,37,1,41,36,0,78,46,0,46,124
07/20/2003,CPR,WY,ANM,WE,Towers with Radar,0,29,13,0,42,0,1,38,0,39,0,30,51,0,81,12,0,12,93
07/21/2003,CPR,WY,ANM,WE,Towers with Radar,2,45,11,0,58,0,4,43,2,49,2,49,54,2,107,44,0,44,151
07/22/2003,CPR,WY,ANM,WE,Towers with Radar,3,49,24,0,76,0,4,62,2,68,3,53,86,2,144,20,0,20,164
07/23/2003,CPR,WY,ANM,WE,Towers with Radar,4,47,39,0,90,0,12,39,0,51,4,59,78,0,141,44,0,44,185
07/24/2003,CPR,WY,ANM,WE,Towers with Radar,4,55,17,2,78,0,17,51,0,68,4,72,68,2,146,54,0,54,200
07/25/2003,CPR,WY,ANM,WE,Towers with Radar,4,51,27,0,82,0,6,35,0,41,4,57,62,0,123,53,0,53,176
07/26/2003,CPR,WY,ANM,WE,Towers with Radar,1,41,10,0,52,0,13,56,0,69,1,54,66,0,121,40,0,40,161
07/27/2003,CPR,WY,ANM,WE,Towers with Radar,0,24,12,0,36,0,0,39,0,39,0,24,51,0,75,54,0,54,129
07/28/2003,CPR,WY,ANM,WE,Towers with Radar,1,44,24,0,69,0,0,49,0,49,1,44,73,0,118,52,0,52,170
07/29/2003,CPR,WY,ANM,WE,Towers with Radar,3,45,20,0,68,0,0,59,0,59,3,45,79,0,127,14,0,14,141
07/30/2003,CPR,WY,ANM,WE,Towers with Radar,5,53,28,0,86,0,9,36,2,47,5,62,64,2,133,108,0,108,241
07/31/2003,CPR,WY,ANM,WE,Towers with Radar,3,44,25,0,72,0,0,48,0,48,3,44,73,0,120,40,0,40,160
08/01/2003,CPR,WY,ANM,WE,Towers with Radar,5,55,29,1,90,1,7,74,0,82,6,62,103,1,172,52,0,52,224
08/02/2003,CPR,WY,ANM,WE,Towers with Radar,1,38,17,0,56,0,1,28,2,31,1,39,45,2,87,54,0,54,141
08/03/2003,CPR,WY,ANM,WE,Towers with Radar,0,23,12,0,35,0,1,50,0,51,0,24,62,0,86,20,0,20,106
08/04/2003,CPR,WY,ANM,WE,Towers with Radar,1,40,24,0,65,0,6,47,1,54,1,46,71,1,119,20,0,20,139
08/05/2003,CPR,WY,ANM,WE,Towers with Radar,2,41,23,0,66,2,1,25,9,37,4,42,48,9,103,82,12,94,197
08/06/2003,CPR,WY,ANM,WE,Towers with Radar,5,50,19,0,74,0,6,34,0,40,5,56,53,0,114,60,0,60,174
08/07/2003,CPR,WY,ANM,WE,Towers with Radar,3,45,19,1,68,0,6,62,3,71,3,51,81,4,139,60,0,60,199
08/08/2003,CPR,WY,ANM,WE,Towers with Radar,5,41,14,0,60,0,14,50,1,65,5,55,64,1,125,60,0,60,185
08/09/2003,CPR,WY,ANM,WE,Towers with Radar,1,38,18,2,59,0,4,28,2,34,1,42,46,4,93,50,0,50,143
08/10/2003,CPR,WY,ANM,WE,Towers with Radar,0,22,13,2,37,0,0,22,2,24,0,22,35,4,61,14,0,14,75
08/11/2003,CPR,WY,ANM,WE,Towers with Radar,1,54,25,0,80,0,11,39,2,52,1,65,64,2,132,60,0,60,192
08/12/2003,CPR,WY,ANM,WE,Towers with Radar,4,48,35,4,91,0,8,36,2,46,4,56,71,6,137,70,14,84,221
08/13/2003,CPR,WY,ANM,WE,Towers with Radar,4,43,31,0,78,0,9,35,1,45,4,52,66,1,123,38,0,38,161
08/14/2003,CPR,WY,ANM,WE,Towers with Radar,3,49,27,0,79,0,5,45,0,50,3,54,72,0,129,44,0,44,173
08/15/2003,CPR,WY,ANM,WE,Towers with Radar,2,47,31,0,80,0,0,31,1,32,2,47,62,1,112,12,0,12,124
08/16/2003,CPR,WY,ANM,WE,Towers with Radar,2,31,19,0,52,1,8,53,0,62,3,39,72,0,114,46,0,46,160
08/17/2003,CPR,WY,ANM,WE,Towers with Radar,0,27,23,0,50,0,0,30,0,30,0,27,53,0,80,12,0,12,92
08/18/2003,CPR,WY,ANM,WE,Towers with Radar,1,43,14,0,58,0,4,31,0,35,1,47,45,0,93,40,0,40,133
08/19/2003,CPR,WY,ANM,WE,Towers with Radar,4,50,22,0,76,0,14,24,3,41,4,64,46,3,117,56,18,74,191
08/20/2003,CPR,WY,ANM,WE,Towers with Radar,3,46,24,0,73,0,8,44,0,52,3,54,68,0,125,30,0,30,155
08/21/2003,CPR,WY,ANM,WE,Towers with Radar,4,53,12,0,69,0,5,42,0,47,4,58,54,0,116,90,0,90,206
08/22/2003,CPR,WY,ANM,WE,Towers with Radar,3,48,19,0,70,0,4,26,0,30,3,52,45,0,100,28,0,28,128
08/23/2003,CPR,WY,ANM,WE,Towers with Radar,2,39,12,0,53,0,6,8,0,14,2,45,20,0,67,40,0,40,107
08/24/2003,CPR,WY,ANM,WE,Towers with Radar,0,24,25,0,49,0,13,43,0,56,0,37,68,0,105,60,0,60,165
08/25/2003,CPR,WY,ANM,WE,Towers with Radar,1,37,21,0,59,0,10,37,5,52,1,47,58,5,111,80,2,82,193
08/26/2003,CPR,WY,ANM,WE,Towers with Radar,2,43,25,0,70,2,12,26,1,41,4,55,51,1,111,24,0,24,135
08/27/2003,CPR,WY,ANM,WE,Towers with Radar,2,44,27,0,73,0,12,20,0,32,2,56,47,0,105,58,0,58,163
08/28/2003,CPR,WY,ANM,WE,Towers with Radar,2,51,26,1,80,0,0,26,3,29,2,51,52,4,109,38,2,40,149
08/29/2003,CPR,WY,ANM,WE,Towers with Radar,4,46,4,0,54,0,0,37,0,37,4,46,41,0,91,14,0,14,105
08/30/2003,CPR,WY,ANM,WE,Towers with Radar,3,34,19,0,56,0,0,0,1,1,3,34,19,1,57,6,0,6,63
08/31/2003,CPR,WY,ANM,WE,Towers with Radar,0,21,10,2,33,0,0,14,1,15,0,21,24,3,48,10,6,16,64
09/01/2003,CPR,WY,ANM,WE,Towers with Radar,0,21,14,0,35,0,0,30,1,31,0,21,44,1,66,18,0,18,84
09/02/2003,CPR,WY,ANM,WE,Towers with Radar,1,41,20,4,66,0,11,25,8,44,1,52,45,12,110,22,6,28,138
09/03/2003,CPR,WY,ANM,WE,Towers with Radar,4,46,29,0,79,0,9,57,0,66,4,55,86,0,145,126,0,126,271
09/04/2003,CPR,WY,ANM,WE,Towers with Radar,4,47,20,0,71,0,12,52,0,64,4,59,72,0,135,66,0,66,201
09/05/2003,CPR,WY,ANM,WE,Towers with Radar,3,45,30,0,78,0,1,44,0,45,3,46,74,0,123,38,0,38,161
09/06/2003,CPR,WY,ANM,WE,Towers with Radar,1,44,14,0,59,0,0,51,0,51,1,44,65,0,110,52,0,52,162
09/07/2003,CPR,WY,ANM,WE,Towers with Radar,0,20,18,0,38,0,3,13,0,16,0,23,31,0,54,10,0,10,64
09/08/2003,CPR,WY,ANM,WE,Towers with Radar,1,43,20,0,64,0,8,29,0,37,1,51,49,0,101,20,0,20,121
09/09/2003,CPR,WY,ANM,WE,Towers with Radar,4,44,16,0,64,0,14,27,0,41,4,58,43,0,105,92,0,92,197
09/10/2003,CPR,WY,ANM,WE,Towers with Radar,3,53,31,1,88,1,0,1,1,3,4,53,32,2,91,0,0,0,91
09/11/2003,CPR,WY,ANM,WE,Towers with Radar,1,45,26,2,74,0,0,19,2,21,1,45,45,4,95,20,0,20,115
09/12/2003,CPR,WY,ANM,WE,Towers with Radar,2,46,26,0,74,2,2,9,0,13,4,48,35,0,87,32,0,32,119
09/13/2003,CPR,WY,ANM,WE,Towers with Radar,1,36,16,0,53,0,1,27,0,28,1,37,43,0,81,58,0,58,139
09/14/2003,CPR,WY,ANM,WE,Towers with Radar,1,24,14,0,39,0,4,27,0,31,1,28,41,0,70,26,0,26,96
09/15/2003,CPR,WY,ANM,WE,Towers with Radar,1,35,20,0,56,0,5,35,0,40,1,40,55,0,96,66,0,66,162
09/16/2003,CPR,WY,ANM,WE,Towers with Radar,5,47,12,2,66,0,1,13,2,16,5,48,25,4,82,30,12,42,124
09/17/2003,CPR,WY,ANM,WE,Towers with Radar,5,50,23,0,78,0,1,0,0,1,5,51,23,0,79,0,0,0,79
09/18/2003,CPR,WY,ANM,WE,Towers with Radar,3,49,27,6,85,0,0,51,2,53,3,49,78,8,138,62,16,78,216
09/19/2003,CPR,WY,ANM,WE,Towers with Radar,2,32,18,0,52,2,21,44,0,67,4,53,62,0,119,34,0,34,153
09/20/2003,CPR,WY,ANM,WE,Towers with Radar,1,37,18,0,56,0,6,34,0,40,1,43,52,0,96,32,0,32,128
09/21/2003,CPR,WY,ANM,WE,Towers with Radar,0,22,16,0,38,0,4,26,0,30,0,26,42,0,68,4,0,4,72
09/22/2003,CPR,WY,ANM,WE,Towers with Radar,1,43,17,0,61,0,5,48,0,53,1,48,65,0,114,88,0,88,202
09/23/2003,CPR,WY,ANM,WE,Towers with Radar,4,47,27,0,78,0,0,33,0,33,4,47,60,0,111,70,0,70,181
09/24/2003,CPR,WY,ANM,WE,Towers with Radar,2,52,30,2,86,0,0,37,2,39,2,52,67,4,125,44,6,50,175
09/25/2003,CPR,WY,ANM,WE,Towers with Radar,3,45,30,2,80,0,13,23,1,37,3,58,53,3,117,16,10,26,143
09/26/2003,CPR,WY,ANM,WE,Towers with Radar,4,45,28,1,78,0,5,30,2,37,4,50,58,3,115,52,6,58,173
09/27/2003,CPR,WY,ANM,WE,Towers with Radar,3,38,28,1,70,0,6,35,0,41,3,44,63,1,111,30,0,30,141
09/28/2003,CPR,WY,ANM,WE,Towers with Radar,0,30,18,1,49,0,2,44,1,47,0,32,62,2,96,30,0,30,126
09/29/2003,CPR,WY,ANM,WE,Towers with Radar,1,45,26,0,72,0,1,58,0,59,1,46,84,0,131,50,0,50,181
09/30/2003,CPR,WY,ANM,WE,Towers with Radar,3,42,32,1,78,0,0,47,5,52,3,42,79,6,130,50,8,58,188
10/01/2003,CPR,WY,ANM,WE,Towers with Radar,3,45,24,0,72,0,12,36,0,48,3,57,60,0,120,74,0,74,194
10/02/2003,CPR,WY,ANM,WE,Towers with Radar,3,52,28,0,83,1,1,39,0,41,4,53,67,0,124,32,0,32,156
10/03/2003,CPR,WY,ANM,WE,Towers with Radar,3,46,25,0,74,0,5,42,0,47,3,51,67,0,121,44,0,44,165
10/04/2003,CPR,WY,ANM,WE,Towers with Radar,2,29,17,0,48,0,11,25,2,38,2,40,42,2,86,46,0,46,132
10/05/2003,CPR,WY,ANM,WE,Towers with Radar,0,24,14,0,38,0,0,43,0,43,0,24,57,0,81,72,0,72,153
10/06/2003,CPR,WY,ANM,WE,Towers with Radar,1,41,23,0,65,0,5,28,8,41,1,46,51,8,106,76,0,76,182
10/07/2003,CPR,WY,ANM,WE,Towers with Radar,2,39,21,0,62,0,9,35,4,48,2,48,56,4,110,66,0,66,176
10/08/2003,CPR,WY,ANM,WE,Towers with Radar,1,44,24,0,69,0,11,42,0,53,1,55,66,0,122,110,0,110,232
10/09/2003,CPR,WY,ANM,WE,Towers with Radar,2,43,23,0,68,0,0,28,4,32,2,43,51,4,100,18,0,18,118
10/10/2003,CPR,WY,ANM,WE,Towers with Radar,3,45,29,0,77,0,0,59,0,59,3,45,88,0,136,76,0,76,212
10/11/2003,CPR,WY,ANM,WE,Towers with Radar,2,38,21,0,61,0,18,57,0,75,2,56,78,0,136,40,0,40,176
10/12/2003,CPR,WY,ANM,WE,Towers with Radar,0,25,14,0,39,0,7,18,0,25,0,32,32,0,64,14,0,14,78
10/13/2003,CPR,WY,ANM,WE,Towers with Radar,2,37,23,0,62,0,0,32,0,32,2,37,55,0,94,38,0,38,132
10/14/2003,CPR,WY,ANM,WE,Towers with Radar,2,49,27,1,79,0,7,55,3,65,2,56,82,4,144,122,16,138,282
10/15/2003,CPR,WY,ANM,WE,Towers with Radar,2,44,29,1,76,1,0,43,1,45,3,44,72,2,121,64,0,64,185
10/16/2003,CPR,WY,ANM,WE,Towers with Radar,2,44,24,1,71,0,5,26,2,33,2,49,50,3,104,92,0,92,196
10/17/2003,CPR,WY,ANM,WE,Towers with Radar,2,41,22,0,65,1,7,39,0,47,3,48,61,0,112,30,0,30,142
10/18/2003,CPR,WY,ANM,WE,Towers with Radar,1,38,21,0,60,0,2,39,0,41,1,40,60,0,101,76,0,76,177
10/19/2003,CPR,WY,ANM,WE,Towers with Radar,0,23,18,0,41,0,0,28,0,28,0,23,46,0,69,10,0,10,79
10/20/2003,CPR,WY,ANM,WE,Towers with Radar,1,52,27,1,81,0,8,43,1,52,1,60,70,2,133,130,0,130,263
10/21/2003,CPR,WY,ANM,WE,Towers with Radar,2,44,22,0,68,1,12,49,0,62,3,56,71,0,130,46,0,46,176
10/22/2003,CPR,WY,ANM,WE,Towers with Radar,2,47,25,0,74,2,3,24,0,29,4,50,49,0,103,4,0,4,107
10/23/2003,CPR,WY,ANM,WE,Towers with Radar,2,37,19,1,59,0,8,21,1,30,2,45,40,2,89,34,0,34,123
10/24/2003,CPR,WY,ANM,WE,Towers with Radar,2,49,25,1,77,1,5,19,7,32,3,54,44,8,109,26,4,30,139
10/25/2003,CPR,WY,ANM,WE,Towers with Radar,1,36,19,0,56,1,5,39,0,45,2,41,58,0,101,8,0,8,109
10/26/2003,CPR,WY,ANM,WE,Towers with Radar,0,20,11,0,31,0,0,3,0,3,0,20,14,0,34,0,0,0,34
10/27/2003,CPR,WY,ANM,WE,Towers with Radar,2,41,21,0,64,5,11,18,0,34,7,52,39,0,98,20,0,20,118
10/28/2003,CPR,WY,ANM,WE,Towers with Radar,2,45,23,0,70,1,5,40,0,46,3,50,63,0,116,82,0,82,198
10/29/2003,CPR,WY,ANM,WE,Towers with Radar,2,45,27,0,74,2,0,12,0,14,4,45,39,0,88,0,0,0,88
10/30/2003,CPR,WY,ANM,WE,Towers with Radar,1,32,16,0,49,1,4,1,0,6,2,36,17,0,55,0,0,0,55
10/31/2003,CPR,WY,ANM,WE,Towers with Radar,2,31,21,0,54,1,0,12,0,13,3,31,33,0,67,2,0,2,69
11/01/2003,CPR,WY,ANM,WE,Towers with Radar,1,25,12,0,38,0,9,0,0,9,1,34,12,0,47,4,0,4,51
11/02/2003,CPR,WY,ANM,WE,Towers with Radar,0,20,11,0,31,0,0,9,1,10,0,20,20,1,41,32,0,32,73
11/03/2003,CPR,WY,ANM,WE,Towers with Radar,1,39,19,0,59,0,8,12,0,20,1,47,31,0,79,0,0,0,79
11/04/2003,CPR,WY,ANM,WE,Towers with Radar,3,59,31,0,93,0,0,30,0,30,3,59,61,0,123,6,0,6,129
11/05/2003,CPR,WY,ANM,WE,Towers with Radar,2,54,28,0,84,0,0,10,0,10,2,54,38,0,94,22,0,22,116
11/06/2003,CPR,WY,ANM,WE,Towers with Radar,3,50,26,0,79,1,0,36,0,37,4,50,62,0,116,26,0,26,142
11/07/2003,CPR,WY,ANM,WE,Towers with Radar,3,52,26,0,81,2,0,30,5,37,5,52,56,5,118,62,10,72,190
11/08/2003,CPR,WY,ANM,WE,Towers with Radar,1,29,15,0,45,0,11,54,0,65,1,40,69,0,110,66,0,66,176
11/09/2003,CPR,WY,ANM,WE,Towers with Radar,0,21,11,0,32,0,7,24,0,31,0,28,35,0,63,6,0,6,69
11/10/2003,CPR,WY,ANM,WE,Towers with Radar,1,44,22,0,67,0,8,18,1,27,1,52,40,1,94,80,0,80,174
11/11/2003,CPR,WY,ANM,WE,Towers with Radar,3,44,25,0,72,18,0,23,0,41,21,44,48,0,113,40,0,40,153
11/12/2003,CPR,WY,ANM,WE,Towers with Radar,2,51,25,0,78,0,4,36,0,40,2,55,61,0,118,70,0,70,188
11/13/2003,CPR,WY,ANM,WE,Towers with Radar,2,45,22,0,69,0,4,28,0,32,2,49,50,0,101,82,0,82,183
11/14/2003,CPR,WY,ANM,WE,Towers with Radar,3,38,19,0,60,0,6,15,0,21,3,44,34,0,81,2,0,2,83
11/15/2003,CPR,WY,ANM,WE,Towers with Radar,1,33,17,0,51,2,11,34,0,47,3,44,51,0,98,64,0,64,162
11/16/2003,CPR,WY,ANM,WE,Towers with Radar,0,24,20,0,44,0,0,19,0,19,0,24,39,0,63,80,0,80,143
11/17/2003,CPR,WY,ANM,WE,Towers with Radar,1,47,22,0,70,0,0,10,0,10,1,47,32,0,80,16,0,16,96
11/18/2003,CPR,WY,ANM,WE,Towers with Radar,3,51,30,0,84,1,0,32,0,33,4,51,62,0,117,28,0,28,145
11/19/2003,CPR,WY,ANM,WE,Towers with Radar,2,53,25,0,80,2,2,17,0,21,4,55,42,0,101,12,0,12,113
11/20/2003,CPR,WY,ANM,WE,Towers with Radar,2,51,28,0,81,0,0,9,0,9,2,51,37,0,90,18,0,18,108
11/21/2003,CPR,WY,ANM,WE,Towers with Radar,3,57,26,0,86,2,2,0,0,4,5,59,26,0,90,0,0,0,90
11/22/2003,CPR,WY,ANM,WE,Towers with Radar,1,26,4,0,31,0,8,0,0,8,1,34,4,0,39,0,0,0,39
11/23/2003,CPR,WY,ANM,WE,Towers with Radar,0,17,9,0,26,0,0,4,0,4,0,17,13,0,30,6,0,6,36
11/24/2003,CPR,WY,ANM,WE,Towers with Radar,1,24,11,0,36,0,14,13,0,27,1,38,24,0,63,0,0,0,63
11/25/2003,CPR,WY,ANM,WE,Towers with Radar,2,45,22,0,69,1,5,19,14,39,3,50,41,14,108,0,0,0,108
11/26/2003,CPR,WY,ANM,WE,Towers with Radar,2,42,20,0,64,1,2,24,0,27,3,44,44,0,91,32,0,32,123
11/27/2003,CPR,WY,ANM,WE,Towers with Radar,0,13,6,0,19,1,2,4,0,7,1,15,10,0,26,0,0,0,26
11/28/2003,CPR,WY,ANM,WE,Towers with Radar,1,29,14,0,44,2,5,6,0,13,3,34,20,0,57,0,0,0,57
11/29/2003,CPR,WY,ANM,WE,Towers with Radar,1,26,12,0,39,1,11,2,0,14,2,37,14,0,53,0,0,0,53
11/30/2003,CPR,WY,ANM,WE,Towers with Radar,0,17,8,0,25,0,4,7,0,11,0,21,15,0,36,22,0,22,58
12/01/2003,CPR,WY,ANM,WE,Towers with Radar,1,44,18,0,63,0,3,34,0,37,1,47,52,0,100,30,0,30,130
12/02/2003,CPR,WY,ANM,WE,Towers with Radar,2,49,20,0,71,0,1,52,0,53,2,50,72,0,124,70,0,70,194
12/03/2003,CPR,WY,ANM,WE,Towers with Radar,1,44,19,0,64,0,6,33,0,39,1,50,52,0,103,34,0,34,137
12/04/2003,CPR,WY,ANM,WE,Towers with Radar,1,48,20,0,69,0,4,37,0,41,1,52,57,0,110,46,0,46,156
12/05/2003,CPR,WY,ANM,WE,Towers with Radar,2,44,19,0,65,0,0,23,0,23,2,44,42,0,88,34,0,34,122
12/06/2003,CPR,WY,ANM,WE,Towers with Radar,2,38,16,0,56,0,2,30,2,34,2,40,46,2,90,52,18,70,160
12/07/2003,CPR,WY,ANM,WE,Towers with Radar,0,24,13,0,37,0,0,11,0,11,0,24,24,0,48,10,0,10,58
12/08/2003,CPR,WY,ANM,WE,Towers with Radar,1,41,17,0,59,0,6,2,0,8,1,47,19,0,67,0,0,0,67
12/09/2003,CPR,WY,ANM,WE,Towers with Radar,3,40,18,0,61,1,0,21,0,22,4,40,39,0,83,18,0,18,101
12/10/2003,CPR,WY,ANM,WE,Towers with Radar,3,59,24,0,86,0,2,36,0,38,3,61,60,0,124,58,0,58,182
12/11/2003,CPR,WY,ANM,WE,Towers with Radar,3,46,20,0,69,0,0,19,0,19,3,46,39,0,88,6,0,6,94
12/12/2003,CPR,WY,ANM,WE,Towers with Radar,2,41,17,0,60,0,5,28,0,33,2,46,45,0,93,34,0,34,127
12/13/2003,CPR,WY,ANM,WE,Towers with Radar,2,32,14,0,48,1,5,5,0,11,3,37,19,0,59,6,0,6,65
12/14/2003,CPR,WY,ANM,WE,Towers with Radar,0,20,6,0,26,0,2,4,0,6,0,22,10,0,32,2,0,2,34
12/15/2003,CPR,WY,ANM,WE,Towers with Radar,1,43,16,0,60,0,2,6,0,8,1,45,22,0,68,8,0,8,76
12/16/2003,CPR,WY,ANM,WE,Towers with Radar,2,53,21,0,76,3,7,14,0,24,5,60,35,0,100,8,0,8,108
12/17/2003,CPR,WY,ANM,WE,Towers with Radar,2,53,23,0,78,3,0,17,0,20,5,53,40,0,98,4,0,4,102
12/18/2003,CPR,WY,ANM,WE,Towers with Radar,2,54,22,0,78,3,12,30,24,69,5,66,52,24,147,0,0,0,147
12/19/2003,CPR,WY,ANM,WE,Towers with Radar,2,55,23,0,80,3,3,29,0,35,5,58,52,0,115,34,0,34,149
12/20/2003,CPR,WY,ANM,WE,Towers with Radar,2,41,17,0,60,0,2,27,1,30,2,43,44,1,90,12,0,12,102
12/21/2003,CPR,WY,ANM,WE,Towers with Radar,0,21,10,0,31,0,0,13,0,13,0,21,23,0,44,0,0,0,44
12/22/2003,CPR,WY,ANM,WE,Towers with Radar,1,33,14,0,48,0,8,28,0,36,1,41,42,0,84,32,0,32,116
12/23/2003,CPR,WY,ANM,WE,Towers with Radar,2,50,21,0,73,0,4,28,0,32,2,54,49,0,105,0,0,0,105
12/24/2003,CPR,WY,ANM,WE,Towers with Radar,2,44,17,0,63,2,12,0,0,14,4,56,17,0,77,10,0,10,87
12/25/2003,CPR,WY,ANM,WE,Towers with Radar,0,18,8,0,26,1,3,4,0,8,1,21,12,0,34,0,0,0,34
12/26/2003,CPR,WY,ANM,WE,Towers with Radar,1,31,9,0,41,2,15,0,0,17,3,46,9,0,58,18,0,18,76
12/27/2003,CPR,WY,ANM,WE,Towers with Radar,2,43,18,0,63,0,2,5,0,7,2,45,23,0,70,12,0,12,82
12/28/2003,CPR,WY,ANM,WE,Towers with Radar,0,19,9,0,28,0,0,10,0,10,0,19,19,0,38,0,0,0,38
12/29/2003,CPR,WY,ANM,WE,Towers with Radar,1,44,18,0,63,0,2,21,0,23,1,46,39,0,86,2,0,2,88
12/30/2003,CPR,WY,ANM,WE,Towers with Radar,2,54,23,0,79,1,6,2,0,9,3,60,25,0,88,8,0,8,96
12/31/2003,CPR,WY,ANM,WE,Towers with Radar,2,41,16,0,59,2,4,3,0,9,4,45,19,0,68,10,0,10,78
01/01/2004,CPR,WY,ANM,WE,Towers with Radar,1,18,7,0,26,0,10,0,0,10,1,28,7,0,36,0,0,0,36
01/02/2004,CPR,WY,ANM,WE,Towers with Radar,2,43,17,0,62,0,10,6,0,16,2,53,23,0,78,20,0,20,98
01/03/2004,CPR,WY,ANM,WE,Towers with Radar,1,32,12,0,45,0,13,14,0,27,1,45,26,0,72,34,0,34,106
01/04/2004,CPR,WY,ANM,WE,Towers with Radar,0,19,7,0,26,0,4,7,0,11,0,23,14,0,37,26,0,26,63
01/05/2004,CPR,WY,ANM,WE,Towers with Radar,1,41,17,0,59,0,2,17,0,19,1,43,34,0,78,0,0,0,78
01/06/2004,CPR,WY,ANM,WE,Towers with Radar,3,47,19,0,69,0,4,4,0,8,3,51,23,0,77,22,0,22,99
01/07/2004,CPR,WY,ANM,WE,Towers with Radar,4,51,30,0,85,0,0,9,0,9,4,51,39,0,94,6,0,6,100
01/08/2004,CPR,WY,ANM,WE,Towers with Radar,2,43,18,0,63,1,7,24,0,32,3,50,42,0,95,14,0,14,109
01/09/2004,CPR,WY,ANM,WE,Towers with Radar,3,50,24,1,78,1,0,33,3,37,4,50,57,4,115,44,0,44,159
01/10/2004,CPR,WY,ANM,WE,Towers with Radar,2,33,14,0,49,0,19,10,0,29,2,52,24,0,78,16,0,16,94
01/11/2004,CPR,WY,ANM,WE,Towers with Radar,0,22,10,1,33,0,0,3,2,5,0,22,13,3,38,18,0,18,56
01/12/2004,CPR,WY,ANM,WE,Towers with Radar,1,44,19,0,64,0,5,41,0,46,1,49,60,0,110,26,0,26,136
01/13/2004,CPR,WY,ANM,WE,Towers with Radar,0,47,19,0,66,0,0,35,0,35,0,47,54,0,101,16,0,16,117
01/14/2004,CPR,WY,ANM,WE,Towers with Radar,1,43,18,0,62,0,8,25,0,33,1,51,43,0,95,20,0,20,115
01/15/2004,CPR,WY,ANM,WE,Towers with Radar,2,46,18,0,66,0,1,34,0,35,2,47,52,0,101,0,0,0,101
01/16/2004,CPR,WY,ANM,WE,Towers with Radar,1,52,20,1,74,0,1,27,23,51,1,53,47,24,125,34,20,54,179
01/17/2004,CPR,WY,ANM,WE,Towers with Radar,1,37,14,0,52,0,9,49,0,58,1,46,63,0,110,30,0,30,140
01/18/2004,CPR,WY,ANM,WE,Towers with Radar,0,21,8,1,30,0,2,20,0,22,0,23,28,1,52,32,0,32,84
01/19/2004,CPR,WY,ANM,WE,Towers with Radar,2,44,17,0,63,0,0,25,0,25,2,44,42,0,88,30,0,30,118
01/20/2004,CPR,WY,ANM,WE,Towers with Radar,2,50,20,0,72,0,8,2,0,10,2,58,22,0,82,0,0,0,82
01/21/2004,CPR,WY,ANM,WE,Towers with Radar,0,50,21,1,72,0,0,33,2,35,0,50,54,3,107,32,8,40,147
01/22/2004,CPR,WY,ANM,WE,Towers with Radar,2,31,13,0,46,1,20,39,0,60,3,51,52,0,106,48,0,48,154
01/23/2004,CPR,WY,ANM,WE,Towers with Radar,2,44,18,0,64,2,10,2,0,14,4,54,20,0,78,0,0,0,78
01/24/2004,CPR,WY,ANM,WE,Towers with Radar,1,43,18,0,62,0,5,2,4,11,1,48,20,4,73,10,4,14,87
01/25/2004,CPR,WY,ANM,WE,Towers with Radar,0,15,9,0,24,0,0,7,0,7,0,15,16,0,31,0,0,0,31
01/26/2004,CPR,WY,ANM,WE,Towers with Radar,0,38,19,0,57,0,0,35,0,35,0,38,54,0,92,28,0,28,120
01/27/2004,CPR,WY,ANM,WE,Towers with Radar,1,51,21,0,73,0,3,9,0,12,1,54,30,0,85,32,0,32,117
01/28/2004,CPR,WY,ANM,WE,Towers with Radar,2,45,19,0,66,0,0,12,0,12,2,45,31,0,78,3,0,3,81
01/29/2004,CPR,WY,ANM,WE,Towers with Radar,0,46,19,0,65,0,2,32,0,34,0,48,51,0,99,46,0,46,145
01/30/2004,CPR,WY,ANM,WE,Towers with Radar,2,41,17,0,60,0,8,11,0,19,2,49,28,0,79,32,0,32,111
01/31/2004,CPR,WY,ANM,WE,Towers with Radar,0,35,14,0,49,0,7,18,0,25,0,42,32,0,74,14,0,14,88
02/01/2004,CPR,WY,ANM,WE,Towers with Radar,0,20,8,0,28,0,0,11,0,11,0,20,19,0,39,0,0,0,39
02/02/2004,CPR,WY,ANM,WE,Towers with Radar,1,32,13,0,46,0,15,26,0,41,1,47,39,0,87,30,0,30,117
02/03/2004,CPR,WY,ANM,WE,Towers with Radar,2,45,19,0,66,0,3,25,0,28,2,48,44,0,94,42,0,42,136
02/04/2004,CPR,WY,ANM,WE,Towers with Radar,2,48,22,0,72,0,0,5,0,5,2,48,27,0,77,0,0,0,77
02/05/2004,CPR,WY,ANM,WE,Towers with Radar,3,34,15,0,52,1,11,10,2,24,4,45,25,2,76,0,0,0,76
02/06/2004,CPR,WY,ANM,WE,Towers with Radar,3,48,21,0,72,0,3,25,0,28,3,51,46,0,100,16,0,16,116
02/07/2004,CPR,WY,ANM,WE,Towers with Radar,2,35,16,0,53,0,12,8,0,20,2,47,24,0,73,0,0,0,73
02/08/2004,CPR,WY,ANM,WE,Towers with Radar,0,22,12,0,34,0,0,5,0,5,0,22,17,0,39,2,0,2,41
02/09/2004,CPR,WY,ANM,WE,Towers with Radar,1,37,16,0,54,0,13,14,0,27,1,50,30,0,81,18,0,18,99
02/10/2004,CPR,WY,ANM,WE,Towers with Radar,2,49,22,0,73,2,6,30,0,38,4,55,52,0,111,42,0,42,153
02/11/2004,CPR,WY,ANM,WE,Towers with Radar,3,51,22,0,76,1,3,11,0,15,4,54,33,0,91,16,0,16,107
02/12/2004,CPR,WY,ANM,WE,Towers with Radar,2,45,21,0,68,0,0,45,0,45,2,45,66,0,113,14,0,14,127
02/13/2004,CPR,WY,ANM,WE,Towers with Radar,2,50,22,0,74,2,0,36,0,38,4,50,58,0,112,30,0,30,142
02/14/2004,CPR,WY,ANM,WE,Towers with Radar,2,34,15,0,51,0,11,28,0,39,2,45,43,0,90,14,0,14,104
02/15/2004,CPR,WY,ANM,WE,Towers with Radar,0,22,11,1,34,0,0,31,1,32,0,22,42,2,66,18,4,22,88
02/16/2004,CPR,WY,ANM,WE,Towers with Radar,2,38,17,0,57,0,7,42,0,49,2,45,59,0,106,72,0,72,178
02/17/2004,CPR,WY,ANM,WE,Towers with Radar,2,40,18,1,61,0,7,10,2,19,2,47,28,3,80,8,4,12,92
02/18/2004,CPR,WY,ANM,WE,Towers with Radar,2,48,21,1,72,2,0,27,0,29,4,48,48,1,101,0,0,0,101
02/19/2004,CPR,WY,ANM,WE,Towers with Radar,2,43,20,1,66,1,0,3,1,5,3,43,23,2,71,0,0,0,71
02/20/2004,CPR,WY,ANM,WE,Towers with Radar,3,49,25,1,78,1,0,67,1,69,4,49,92,2,147,84,0,84,231
02/21/2004,CPR,WY,ANM,WE,Towers with Radar,2,33,13,0,48,0,6,27,0,33,2,39,40,0,81,38,0,38,119
02/22/2004,CPR,WY,ANM,WE,Towers with Radar,0,19,7,0,26,0,0,27,0,27,0,19,34,0,53,0,0,0,53
02/23/2004,CPR,WY,ANM,WE,Towers with Radar,1,44,18,1,64,0,2,60,11,73,1,46,78,12,137,12,0,12,149
02/24/2004,CPR,WY,ANM,WE,Towers with Radar,2,44,18,1,65,2,0,17,1,20,4,44,35,2,85,70,0,70,155
02/25/2004,CPR,WY,ANM,WE,Towers with Radar,3,45,23,1,72,2,0,45,3,50,5,45,68,4,122,74,14,88,210
02/26/2004,CPR,WY,ANM,WE,Towers with Radar,3,49,20,1,73,0,2,38,0,40,3,51,58,1,113,54,0,54,167
02/27/2004,CPR,WY,ANM,WE,Towers with Radar,3,66,29,1,99,3,0,42,11,56,6,66,71,12,155,94,0,94,249
02/28/2004,CPR,WY,ANM,WE,Towers with Radar,1,31,4,0,36,1,10,0,0,11,2,41,4,0,47,0,0,0,47
02/29/2004,CPR,WY,ANM,WE,Towers with Radar,0,15,3,0,18,0,4,0,0,4,0,19,3,0,22,0,0,0,22
03/01/2004,CPR,WY,ANM,WE,Towers with Radar,1,43,18,0,62,0,10,4,0,14,1,53,22,0,76,16,0,16,92
03/02/2004,CPR,WY,ANM,WE,Towers with Radar,3,38,16,0,57,1,10,30,0,41,4,48,46,0,98,38,0,38,136
03/03/2004,CPR,WY,ANM,WE,Towers with Radar,2,49,21,0,72,0,7,31,0,38,2,56,52,0,110,68,0,68,178
03/04/2004,CPR,WY,ANM,WE,Towers with Radar,2,44,19,1,66,0,0,26,1,27,2,44,45,2,93,24,0,24,117
03/05/2004,CPR,WY,ANM,WE,Towers with Radar,3,48,21,0,72,2,0,32,0,34,5,48,53,0,106,58,0,58,164
03/06/2004,CPR,WY,ANM,WE,Towers with Radar,1,32,9,0,42,0,7,0,0,7,1,39,9,0,49,0,0,0,49
03/07/2004,CPR,WY,ANM,WE,Towers with Radar,0,21,9,0,30,0,1,9,0,10,0,22,18,0,40,24,0,24,64
03/08/2004,CPR,WY,ANM,WE,Towers with Radar,1,40,19,0,60,0,0,36,0,36,1,40,55,0,96,36,0,36,132
03/09/2004,CPR,WY,ANM,WE,Towers with Radar,3,42,18,0,63,0,6,37,0,43,3,48,55,0,106,30,0,30,136
03/10/2004,CPR,WY,ANM,WE,Towers with Radar,2,46,20,0,68,1,2,6,0,9,3,48,26,0,77,0,0,0,77
03/11/2004,CPR,WY,ANM,WE,Towers with Radar,2,44,19,0,65,0,2,52,0,54,2,46,71,0,119,58,0,58,177
03/12/2004,CPR,WY,ANM,WE,Towers with Radar,2,40,18,0,60,0,0,31,0,31,2,40,49,0,91,56,0,56,147
03/13/2004,CPR,WY,ANM,WE,Towers with Radar,1,36,16,0,53,0,6,12,0,18,1,42,28,0,71,44,0,44,115
03/14/2004,CPR,WY,ANM,WE,Towers with Radar,0,20,8,0,28,0,1,20,0,21,0,21,28,0,49,8,0,8,57
03/15/2004,CPR,WY,ANM,WE,Towers with Radar,1,38,16,0,55,0,0,13,0,13,1,38,29,0,68,30,0,30,98
03/16/2004,CPR,WY,ANM,WE,Towers with Radar,2,46,20,2,70,1,0,21,4,26,3,46,41,6,96,28,0,28,124
03/17/2004,CPR,WY,ANM,WE,Towers with Radar,3,50,25,0,78,1,0,11,0,12,4,50,36,0,90,0,0,0,90
03/18/2004,CPR,WY,ANM,WE,Towers with Radar,2,39,17,0,58,1,0,20,0,21,3,39,37,0,79,14,0,14,93
03/19/2004,CPR,WY,ANM,WE,Towers with Radar,2,47,19,2,70,0,5,16,0,21,2,52,35,2,91,4,0,4,95
03/20/2004,CPR,WY,ANM,WE,Towers with Radar,2,43,16,0,61,0,5,37,0,42,2,48,53,0,103,20,0,20,123
03/21/2004,CPR,WY,ANM,WE,Towers with Radar,0,19,9,0,28,0,0,29,0,29,0,19,38,0,57,32,0,32,89
03/22/2004,CPR,WY,ANM,WE,Towers with Radar,2,45,18,0,65,0,3,28,0,31,2,48,46,0,96,14,0,14,110
03/23/2004,CPR,WY,ANM,WE,Towers with Radar,2,47,22,1,72,0,0,20,4,24,2,47,42,5,96,80,10,90,186
03/24/2004,CPR,WY,ANM,WE,Towers with Radar,2,47,20,1,70,2,6,32,1,41,4,53,52,2,111,24,0,24,135
03/25/2004,CPR,WY,ANM,WE,Towers with Radar,2,49,21,0,72,1,8,36,0,45,3,57,57,0,117,52,0,52,169
03/26/2004,CPR,WY,ANM,WE,Towers with Radar,2,46,19,1,68,0,17,7,1,25,2,63,26,2,93,18,0,18,111
03/27/2004,CPR,WY,ANM,WE,Towers with Radar,1,35,15,0,51,1,2,9,0,12,2,37,24,0,63,46,0,46,109
03/28/2004,CPR,WY,ANM,WE,Towers with Radar,0,19,8,0,27,0,1,11,0,12,0,20,19,0,39,6,0,6,45
03/29/2004,CPR,WY,ANM,WE,Towers with Radar,1,43,19,0,63,0,0,44,0,44,1,43,63,0,107,28,0,28,135
03/30/2004,CPR,WY,ANM,WE,Towers with Radar,2,39,16,0,57,1,10,30,7,48,3,49,46,7,105,30,14,44,149
03/31/2004,CPR,WY,ANM,WE,Towers with Radar,2,38,16,0,56,2,0,17,0,19,4,38,33,0,75,34,0,34,109
04/01/2004,CPR,WY,ANM,WE,Towers with Radar,3,40,21,0,64,0,4,28,0,32,3,44,49,0,96,16,0,16,112
04/02/2004,CPR,WY,ANM,WE,Towers with Radar,3,45,24,1,73,0,0,4,1,5,3,45,28,2,78,16,0,16,94
04/03/2004,CPR,WY,ANM,WE,Towers with Radar,1,30,16,0,47,0,9,12,0,21,1,39,28,0,68,6,0,6,74
04/04/2004,CPR,WY,ANM,WE,Towers with Radar,0,15,8,0,23,0,5,24,0,29,0,20,32,0,52,8,0,8,60
04/05/2004,CPR,WY,ANM,WE,Towers with Radar,1,29,15,0,45,0,7,16,0,23,1,36,31,0,68,64,0,64,132
04/06/2004,CPR,WY,ANM,WE,Towers with Radar,2,23,13,0,38,0,20,47,0,67,2,43,60,0,105,66,0,66,171
04/07/2004,CPR,WY,ANM,WE,Towers with Radar,3,42,22,1,68,0,4,23,4,31,3,46,45,5,99,8,14,22,121
04/08/2004,CPR,WY,ANM,WE,Towers with Radar,3,41,21,1,66,2,4,9,3,18,5,45,30,4,84,4,8,12,96
04/09/2004,CPR,WY,ANM,WE,Towers with Radar,3,33,10,0,46,0,4,0,0,4,3,37,10,0,50,0,0,0,50
04/10/2004,CPR,WY,ANM,WE,Towers with Radar,2,24,13,0,39,0,15,10,0,25,2,39,23,0,64,22,0,22,86
04/11/2004,CPR,WY,ANM,WE,Towers with Radar,0,18,10,0,28,0,0,3,0,3,0,18,13,0,31,0,0,0,31
04/12/2004,CPR,WY,ANM,WE,Towers with Radar,1,42,24,2,69,0,0,21,2,23,1,42,45,4,92,36,4,40,132
04/13/2004,CPR,WY,ANM,WE,Towers with Radar,3,50,28,0,81,1,0,35,0,36,4,50,63,0,117,38,0,38,155
04/14/2004,CPR,WY,ANM,WE,Towers with Radar,3,51,26,1,81,1,0,29,0,30,4,51,55,1,111,8,0,8,119
04/15/2004,CPR,WY,ANM,WE,Towers with Radar,2,39,20,0,61,0,5,16,0,21,2,44,36,0,82,44,0,44,126
04/16/2004,CPR,WY,ANM,WE,Towers with Radar,2,54,26,0,82,0,0,15,0,15,2,54,41,0,97,40,0,40,137
04/17/2004,CPR,WY,ANM,WE,Towers with Radar,2,34,17,0,53,0,4,26,0,30,2,38,43,0,83,24,0,24,107
04/18/2004,CPR,WY,ANM,WE,Towers with Radar,0,17,11,0,28,0,0,7,0,7,0,17,18,0,35,4,0,4,39
04/19/2004,CPR,WY,ANM,WE,Towers with Radar,1,36,17,0,54,0,0,36,0,36,1,36,53,0,90,0,0,0,90
04/20/2004,CPR,WY,ANM,WE,Towers with Radar,2,43,22,2,69,1,0,12,1,14,3,43,34,3,83,14,0,14,97
04/21/2004,CPR,WY,ANM,WE,Towers with Radar,3,48,25,0,76,1,0,23,0,24,4,48,48,0,100,13,0,13,113
04/22/2004,CPR,WY,ANM,WE,Towers with Radar,2,44,21,2,69,2,2,2,2,8,4,46,23,4,77,0,0,0,77
04/23/2004,CPR,WY,ANM,WE,Towers with Radar,3,46,23,0,72,0,0,47,0,47,3,46,70,0,119,54,0,54,173
04/24/2004,CPR,WY,ANM,WE,Towers with Radar,2,33,16,0,51,1,7,33,0,41,3,40,49,0,92,32,0,32,124
04/25/2004,CPR,WY,ANM,WE,Towers with Radar,0,19,9,0,28,0,1,8,0,9,0,20,17,0,37,26,0,26,63
04/26/2004,CPR,WY,ANM,WE,Towers with Radar,1,36,18,0,55,0,1,26,0,27,1,37,44,0,82,14,0,14,96
04/27/2004,CPR,WY,ANM,WE,Towers with Radar,2,41,23,0,66,2,0,31,0,33,4,41,54,0,99,6,0,6,105
04/28/2004,CPR,WY,ANM,WE,Towers with Radar,2,36,17,0,55,0,9,6,0,15,2,45,23,0,70,0,0,0,70
04/29/2004,CPR,WY,ANM,WE,Towers with Radar,2,40,21,0,63,1,0,5,0,6,3,40,26,0,69,0,0,0,69
04/30/2004,CPR,WY,ANM,WE,Towers with Radar,2,32,17,0,51,1,12,15,4,32,3,44,32,4,83,62,0,62,145
05/01/2004,CPR,WY,ANM,WE,Towers with Radar,2,28,16,0,46,0,6,30,0,36,2,34,46,0,82,56,0,56,138
05/02/2004,CPR,WY,ANM,WE,Towers with Radar,0,19,12,0,31,0,0,23,4,27,0,19,35,4,58,26,0,26,84
05/03/2004,CPR,WY,ANM,WE,Towers with Radar,1,28,20,0,49,0,0,44,0,44,1,28,64,0,93,120,0,120,213
05/04/2004,CPR,WY,ANM,WE,Towers with Radar,3,36,23,0,62,0,0,38,0,38,3,36,61,0,100,66,0,66,166
05/05/2004,CPR,WY,ANM,WE,Towers with Radar,3,43,24,0,70,1,0,14,0,15,4,43,38,0,85,2,0,2,87
05/06/2004,CPR,WY,ANM,WE,Towers with Radar,2,41,23,0,66,1,3,30,0,34,3,44,53,0,100,14,0,14,114
05/07/2004,CPR,WY,ANM,WE,Towers with Radar,3,44,24,0,71,2,6,37,0,45,5,50,61,0,116,50,0,50,166
05/08/2004,CPR,WY,ANM,WE,Towers with Radar,1,33,18,0,52,0,0,29,0,29,1,33,47,0,81,20,0,20,101
05/09/2004,CPR,WY,ANM,WE,Towers with Radar,0,17,11,0,28,0,0,14,0,14,0,17,25,0,42,24,0,24,66
05/10/2004,CPR,WY,ANM,WE,Towers with Radar,3,46,25,0,74,0,0,36,0,36,3,46,61,0,110,14,0,14,124
05/11/2004,CPR,WY,ANM,WE,Towers with Radar,3,40,22,0,65,0,5,9,0,14,3,45,31,0,79,0,0,0,79
05/12/2004,CPR,WY,ANM,WE,Towers with Radar,3,46,21,1,71,1,3,0,2,6,4,49,21,3,77,0,6,6,83
05/13/2004,CPR,WY,ANM,WE,Towers with Radar,3,40,22,0,65,2,3,9,0,14,5,43,31,0,79,16,0,16,95
05/14/2004,CPR,WY,ANM,WE,Towers with Radar,3,39,22,0,64,0,0,48,0,48,3,39,70,0,112,26,0,26,138
05/15/2004,CPR,WY,ANM,WE,Towers with Radar,2,34,20,0,56,1,0,41,0,42,3,34,61,0,98,18,0,18,116
05/16/2004,CPR,WY,ANM,WE,Towers with Radar,0,14,8,0,22,0,4,18,0,22,0,18,26,0,44,4,0,4,48
05/17/2004,CPR,WY,ANM,WE,Towers with Radar,1,34,19,0,54,0,0,20,0,20,1,34,39,0,74,24,0,24,98
05/18/2004,CPR,WY,ANM,WE,Towers with Radar,3,42,24,0,69,1,0,15,0,16,4,42,39,0,85,0,0,0,85
05/19/2004,CPR,WY,ANM,WE,Towers with Radar,3,47,25,0,75,0,0,41,0,41,3,47,66,0,116,32,0,32,148
05/20/2004,CPR,WY,ANM,WE,Towers with Radar,3,42,22,0,67,0,5,2,0,7,3,47,24,0,74,2,0,2,76
05/21/2004,CPR,WY,ANM,WE,Towers with Radar,2,39,20,1,62,0,11,25,6,42,2,50,45,7,104,32,0,32,136
05/22/2004,CPR,WY,ANM,WE,Towers with Radar,2,30,15,0,47,0,14,2,0,16,2,44,17,0,63,14,0,14,77
05/23/2004,CPR,WY,ANM,WE,Towers with Radar,0,14,7,0,21,0,6,13,0,19,0,20,20,0,40,26,0,26,66
05/24/2004,CPR,WY,ANM,WE,Towers with Radar,1,33,16,0,50,0,9,24,0,33,1,42,40,0,83,12,0,12,95
05/25/2004,CPR,WY,ANM,WE,Towers with Radar,2,41,21,0,64,1,9,14,0,24,3,50,35,0,88,22,0,22,110
05/26/2004,CPR,WY,ANM,WE,Towers with Radar,3,43,27,0,73,1,0,38,0,39,4,43,65,0,112,10,0,10,122
05/27/2004,CPR,WY,ANM,WE,Towers with Radar,3,43,27,0,73,0,0,30,2,32,3,43,57,2,105,20,2,22,127
05/28/2004,CPR,WY,ANM,WE,Towers with Radar,2,35,19,0,56,4,4,19,0,27,6,39,38,0,83,34,0,34,117
05/29/2004,CPR,WY,ANM,WE,Towers with Radar,1,25,13,0,39,0,10,5,0,15,1,35,18,0,54,8,0,8,62
05/30/2004,CPR,WY,ANM,WE,Towers with Radar,0,12,8,0,20,0,0,12,0,12,0,12,20,0,32,6,0,6,38
05/31/2004,CPR,WY,ANM,WE,Towers with Radar,1,16,8,0,25,0,4,27,1,32,1,20,35,1,57,8,0,8,65
06/01/2004,CPR,WY,ANM,WE,Towers with Radar,2,38,25,1,66,0,0,9,6,15,2,38,34,7,81,18,6,24,105
06/02/2004,CPR,WY,ANM,WE,Towers with Radar,2,40,25,1,68,0,1,41,3,45,2,41,66,4,113,34,0,34,147
06/03/2004,CPR,WY,ANM,WE,Towers with Radar,2,33,21,1,57,0,7,38,1,46,2,40,59,2,103,14,0,14,117
06/04/2004,CPR,WY,ANM,WE,Towers with Radar,3,43,28,0,74,2,1,29,0,32,5,44,57,0,106,34,0,34,140
06/05/2004,CPR,WY,ANM,WE,Towers with Radar,1,26,16,0,43,0,13,38,0,51,1,39,54,0,94,72,0,72,166
06/06/2004,CPR,WY,ANM,WE,Towers with Radar,0,17,11,0,28,0,3,16,0,19,0,20,27,0,47,0,0,0,47
06/07/2004,CPR,WY,ANM,WE,Towers with Radar,1,31,20,0,52,0,14,14,0,28,1,45,34,0,80,24,0,24,104
06/08/2004,CPR,WY,ANM,WE,Towers with Radar,1,37,24,1,63,0,7,21,2,30,1,44,45,3,93,0,2,2,95
06/09/2004,CPR,WY,ANM,WE,Towers with Radar,2,37,24,1,64,0,0,14,1,15,2,37,38,2,79,0,0,0,79
06/10/2004,CPR,WY,ANM,WE,Towers with Radar,2,37,24,0,63,0,8,2,0,10,2,45,26,0,73,0,0,0,73
06/11/2004,CPR,WY,ANM,WE,Towers with Radar,3,45,29,1,78,0,8,13,0,21,3,53,42,1,99,6,0,6,105
06/12/2004,CPR,WY,ANM,WE,Towers with Radar,1,28,18,0,47,2,7,16,0,25,3,35,34,0,72,2,0,2,74
06/13/2004,CPR,WY,ANM,WE,Towers with Radar,0,18,12,0,30,0,0,17,0,17,0,18,29,0,47,2,0,2,49
06/14/2004,CPR,WY,ANM,WE,Towers with Radar,2,33,27,0,62,0,0,52,0,52,2,33,79,0,114,10,0,10,124
06/15/2004,CPR,WY,ANM,WE,Towers with Radar,2,45,29,0,76,1,8,33,0,42,3,53,62,0,118,60,0,60,178
06/16/2004,CPR,WY,ANM,WE,Towers with Radar,2,48,30,0,80,1,0,11,0,12,3,48,41,0,92,13,0,13,105
06/17/2004,CPR,WY,ANM,WE,Towers with Radar,2,48,31,0,81,0,0,15,0,15,2,48,46,0,96,0,0,0,96
06/18/2004,CPR,WY,ANM,WE,Towers with Radar,2,36,13,0,51,1,6,0,0,7,3,42,13,0,58,0,0,0,58
06/19/2004,CPR,WY,ANM,WE,Towers with Radar,1,32,19,2,54,1,6,18,0,25,2,38,37,2,79,2,0,2,81
06/20/2004,CPR,WY,ANM,WE,Towers with Radar,0,20,12,0,32,0,0,19,0,19,0,20,31,0,51,0,0,0,51
06/21/2004,CPR,WY,ANM,WE,Towers with Radar,1,39,24,0,64,0,0,16,0,16,1,39,40,0,80,12,0,12,92
06/22/2004,CPR,WY,ANM,WE,Towers with Radar,2,35,25,2,64,2,0,29,5,36,4,35,54,7,100,4,24,28,128
06/23/2004,CPR,WY,ANM,WE,Towers with Radar,1,33,20,0,54,2,5,32,0,39,3,38,52,0,93,12,0,12,105
06/24/2004,CPR,WY,ANM,WE,Towers with Radar,2,43,26,0,71,0,3,32,0,35,2,46,58,0,106,26,0,26,132
06/25/2004,CPR,WY,ANM,WE,Towers with Radar,2,43,26,2,73,1,4,22,3,30,3,47,48,5,103,28,0,28,131
06/26/2004,CPR,WY,ANM,WE,Towers with Radar,1,32,19,0,52,2,9,33,0,44,3,41,52,0,96,16,0,16,112
06/27/2004,CPR,WY,ANM,WE,Towers with Radar,1,21,17,1,40,1,0,22,3,26,2,21,39,4,66,6,0,6,72
06/28/2004,CPR,WY,ANM,WE,Towers with Radar,1,38,24,1,64,0,2,35,3,40,1,40,59,4,104,42,0,42,146
06/29/2004,CPR,WY,ANM,WE,Towers with Radar,2,45,30,1,78,0,0,42,1,43,2,45,72,2,121,40,8,48,169
06/30/2004,CPR,WY,ANM,WE,Towers with Radar,2,42,26,0,70,3,1,35,0,39,5,43,61,0,109,24,0,24,133
07/01/2004,CPR,WY,ANM,WE,Towers with Radar,2,41,24,0,67,0,0,42,0,42,2,41,66,0,109,40,0,40,149
07/02/2004,CPR,WY,ANM,WE,Towers with Radar,3,47,26,0,76,0,0,41,0,41,3,47,67,0,117,32,0,32,149
07/03/2004,CPR,WY,ANM,WE,Towers with Radar,1,31,18,0,50,0,3,12,0,15,1,34,30,0,65,14,0,14,79
07/04/2004,CPR,WY,ANM,WE,Towers with Radar,0,8,5,0,13,0,11,17,0,28,0,19,22,0,41,0,0,0,41
07/05/2004,CPR,WY,ANM,WE,Towers with Radar,0,27,16,0,43,0,5,18,0,23,0,32,34,0,66,30,0,30,96
07/06/2004,CPR,WY,ANM,WE,Towers with Radar,1,29,17,0,47,0,6,40,0,46,1,35,57,0,93,34,0,34,127
07/07/2004,CPR,WY,ANM,WE,Towers with Radar,2,37,23,0,62,0,0,19,0,19,2,37,42,0,81,10,0,10,91
07/08/2004,CPR,WY,ANM,WE,Towers with Radar,3,37,21,0,61,0,6,32,0,38,3,43,53,0,99,18,0,18,117
07/09/2004,CPR,WY,ANM,WE,Towers with Radar,2,44,27,0,73,0,0,58,0,58,2,44,85,0,131,28,0,28,159
07/10/2004,CPR,WY,ANM,WE,Towers with Radar,2,29,17,0,48,0,6,28,0,34,2,35,45,0,82,4,0,4,86
07/11/2004,CPR,WY,ANM,WE,Towers with Radar,0,18,13,0,31,0,0,22,0,22,0,18,35,0,53,32,0,32,85
07/12/2004,CPR,WY,ANM,WE,Towers with Radar,1,36,21,0,58,0,6,28,0,34,1,42,49,0,92,8,0,8,100
07/13/2004,CPR,WY,ANM,WE,Towers with Radar,2,26,13,0,41,1,9,47,0,57,3,35,60,0,98,2,0,2,100
07/14/2004,CPR,WY,ANM,WE,Towers with Radar,3,40,20,0,63,0,3,6,0,9,3,43,26,0,72,8,0,8,80
07/15/2004,CPR,WY,ANM,WE,Towers with Radar,3,46,25,0,74,0,2,23,0,25,3,48,48,0,99,18,0,18,117
07/16/2004,CPR,WY,ANM,WE,Towers with Radar,1,32,16,1,50,3,8,16,0,27,4,40,32,1,77,14,0,14,91
07/17/2004,CPR,WY,ANM,WE,Towers with Radar,1,33,18,1,53,0,1,15,1,17,1,34,33,2,70,0,0,0,70
07/18/2004,CPR,WY,ANM,WE,Towers with Radar,0,0,0,0,0,0,26,26,0,52,0,26,26,0,52,26,0,26,78
07/19/2004,CPR,WY,ANM,WE,Towers with Radar,1,35,19,0,55,0,4,29,0,33,1,39,48,0,88,16,0,16,104
07/20/2004,CPR,WY,ANM,WE,Towers with Radar,2,42,22,1,67,1,0,30,4,35,3,42,52,5,102,4,0,4,106
07/21/2004,CPR,WY,ANM,WE,Towers with Radar,2,42,21,0,65,1,0,30,0,31,3,42,51,0,96,12,0,12,108
07/22/2004,CPR,WY,ANM,WE,Towers with Radar,2,42,26,1,71,1,0,25,0,26,3,42,51,1,97,8,0,8,105
07/23/2004,CPR,WY,ANM,WE,Towers with Radar,2,46,24,0,72,0,0,0,1,1,2,46,24,1,73,0,0,0,73
07/24/2004,CPR,WY,ANM,WE,Towers with Radar,2,39,22,0,63,0,0,20,2,22,2,39,42,2,85,4,0,4,89
07/25/2004,CPR,WY,ANM,WE,Towers with Radar,0,19,10,0,29,0,2,44,0,46,0,21,54,0,75,10,0,10,85
07/26/2004,CPR,WY,ANM,WE,Towers with Radar,1,32,18,0,51,0,5,42,0,47,1,37,60,0,98,12,0,12,110
07/27/2004,CPR,WY,ANM,WE,Towers with Radar,2,38,22,0,62,0,0,21,0,21,2,38,43,0,83,16,0,16,99
07/28/2004,CPR,WY,ANM,WE,Towers with Radar,2,47,30,0,79,1,0,44,0,45,3,47,74,0,124,0,0,0,124
07/29/2004,CPR,WY,ANM,WE,Towers with Radar,2,47,28,0,77,1,0,3,0,4,3,47,31,0,81,20,0,20,101
07/30/2004,CPR,WY,ANM,WE,Towers with Radar,2,40,22,0,64,1,1,48,1,51,3,41,70,1,115,34,0,34,149
07/31/2004,CPR,WY,ANM,WE,Towers with Radar,1,34,19,0,54,0,8,49,0,57,1,42,68,0,111,20,0,20,131
08/01/2004,CPR,WY,ANM,WE,Towers with Radar,0,19,11,0,30,0,2,38,1,41,0,21,49,1,71,2,0,2,73
08/02/2004,CPR,WY,ANM,WE,Towers with Radar,1,36,21,0,58,0,3,64,0,67,1,39,85,0,125,16,0,16,141
08/03/2004,CPR,WY,ANM,WE,Towers with Radar,2,41,26,1,70,0,0,0,12,12,2,41,26,13,82,0,14,14,96
08/04/2004,CPR,WY,ANM,WE,Towers with Radar,3,34,21,0,58,1,2,31,0,34,4,36,52,0,92,10,0,10,102
08/05/2004,CPR,WY,ANM,WE,Towers with Radar,3,34,21,0,58,2,19,23,2,46,5,53,44,2,104,14,0,14,118
08/06/2004,CPR,WY,ANM,WE,Towers with Radar,2,37,22,0,61,0,9,33,0,42,2,46,55,0,103,12,0,12,115
08/07/2004,CPR,WY,ANM,WE,Towers with Radar,2,34,20,0,56,0,1,26,0,27,2,35,46,0,83,4,0,4,87
08/08/2004,CPR,WY,ANM,WE,Towers with Radar,0,21,12,0,33,0,2,27,0,29,0,23,39,0,62,34,0,34,96
08/09/2004,CPR,WY,ANM,WE,Towers with Radar,1,30,22,0,53,0,0,40,0,40,1,30,62,0,93,28,0,28,121
08/10/2004,CPR,WY,ANM,WE,Towers with Radar,2,41,24,1,68,2,1,33,0,36,4,42,57,1,104,16,0,16,120
08/11/2004,CPR,WY,ANM,WE,Towers with Radar,1,27,16,0,44,1,16,61,0,78,2,43,77,0,122,4,0,4,126
08/12/2004,CPR,WY,ANM,WE,Towers with Radar,2,34,21,0,57,2,6,38,0,46,4,40,59,0,103,32,0,32,135
08/13/2004,CPR,WY,ANM,WE,Towers with Radar,2,33,21,0,56,1,0,20,0,21,3,33,41,0,77,36,0,36,113
08/14/2004,CPR,WY,ANM,WE,Towers with Radar,2,31,18,0,51,2,9,79,0,90,4,40,97,0,141,8,0,8,149
08/15/2004,CPR,WY,ANM,WE,Towers with Radar,0,18,10,0,28,0,2,24,0,26,0,20,34,0,54,22,0,22,76
08/16/2004,CPR,WY,ANM,WE,Towers with Radar,2,32,19,0,53,0,0,28,0,28,2,32,47,0,81,4,0,4,85
08/17/2004,CPR,WY,ANM,WE,Towers with Radar,3,40,22,0,65,2,2,29,0,33,5,42,51,0,98,30,0,30,128
08/18/2004,CPR,WY,ANM,WE,Towers with Radar,2,47,26,0,75,2,10,9,0,21,4,57,35,0,96,0,0,0,96
08/19/2004,CPR,WY,ANM,WE,Towers with Radar,2,47,26,0,75,1,2,34,0,37,3,49,60,0,112,10,0,10,122
08/20/2004,CPR,WY,ANM,WE,Towers with Radar,3,41,25,1,70,0,0,49,11,60,3,41,74,12,130,46,10,56,186
08/21/2004,CPR,WY,ANM,WE,Towers with Radar,1,29,16,1,47,0,11,22,2,35,1,40,38,3,82,16,0,16,98
08/22/2004,CPR,WY,ANM,WE,Towers with Radar,0,16,8,0,24,0,0,15,0,15,0,16,23,0,39,18,0,18,57
08/23/2004,CPR,WY,ANM,WE,Towers with Radar,2,33,18,0,53,0,2,35,0,37,2,35,53,0,90,0,0,0,90
08/24/2004,CPR,WY,ANM,WE,Towers with Radar,3,42,23,1,69,0,0,20,3,23,3,42,43,4,92,34,4,38,130
08/25/2004,CPR,WY,ANM,WE,Towers with Radar,3,49,27,0,79,0,1,7,0,8,3,50,34,0,87,12,0,12,99
08/26/2004,CPR,WY,ANM,WE,Towers with Radar,2,41,25,0,68,1,0,21,0,22,3,41,46,0,90,30,0,30,120
08/27/2004,CPR,WY,ANM,WE,Towers with Radar,2,39,25,0,66,1,0,17,2,20,3,39,42,2,86,0,0,0,86
08/28/2004,CPR,WY,ANM,WE,Towers with Radar,1,33,19,0,53,0,0,59,0,59,1,33,78,0,112,46,0,46,158
08/29/2004,CPR,WY,ANM,WE,Towers with Radar,0,16,9,0,25,0,0,23,0,23,0,16,32,0,48,24,0,24,72
08/30/2004,CPR,WY,ANM,WE,Towers with Radar,1,35,21,0,57,0,2,21,2,25,1,37,42,2,82,0,0,0,82
08/31/2004,CPR,WY,ANM,WE,Towers with Radar,2,34,23,0,59,0,0,39,2,41,2,34,62,2,100,20,2,22,122
09/01/2004,CPR,WY,ANM,WE,Towers with Radar,2,40,23,0,65,0,2,53,0,55,2,42,76,0,120,34,0,34,154
09/02/2004,CPR,WY,ANM,WE,Towers with Radar,2,34,20,0,56,0,13,21,0,34,2,47,41,0,90,16,0,16,106
09/03/2004,CPR,WY,ANM,WE,Towers with Radar,3,42,24,0,69,0,6,15,0,21,3,48,39,0,90,14,0,14,104
09/04/2004,CPR,WY,ANM,WE,Towers with Radar,2,36,21,0,59,2,3,5,0,10,4,39,26,0,69,0,0,0,69
09/05/2004,CPR,WY,ANM,WE,Towers with Radar,0,14,9,0,23,0,2,20,0,22,0,16,29,0,45,12,0,12,57
09/06/2004,CPR,WY,ANM,WE,Towers with Radar,0,19,11,0,30,0,0,22,0,22,0,19,33,0,52,30,0,30,82
09/07/2004,CPR,WY,ANM,WE,Towers with Radar,1,33,19,0,53,0,10,11,0,21,1,43,30,0,74,18,0,18,92
09/08/2004,CPR,WY,ANM,WE,Towers with Radar,3,46,25,0,74,0,10,39,0,49,3,56,64,0,123,50,0,50,173
09/09/2004,CPR,WY,ANM,WE,Towers with Radar,2,44,25,2,73,1,3,49,2,55,3,47,74,4,128,46,18,64,192
09/10/2004,CPR,WY,ANM,WE,Towers with Radar,2,39,22,0,63,1,3,44,0,48,3,42,66,0,111,30,0,30,141
09/11/2004,CPR,WY,ANM,WE,Towers with Radar,0,31,18,1,50,0,1,37,1,39,0,32,55,2,89,28,2,30,119
09/12/2004,CPR,WY,ANM,WE,Towers with Radar,0,14,9,0,23,2,2,13,0,17,2,16,22,0,40,8,0,8,48
09/13/2004,CPR,WY,ANM,WE,Towers with Radar,1,30,18,0,49,0,7,24,0,31,1,37,42,0,80,24,0,24,104
09/14/2004,CPR,WY,ANM,WE,Towers with Radar,2,44,25,2,73,1,0,31,8,40,3,44,56,10,113,50,0,50,163
09/15/2004,CPR,WY,ANM,WE,Towers with Radar,2,38,22,0,62,2,18,33,0,53,4,56,55,0,115,18,0,18,133
09/16/2004,CPR,WY,ANM,WE,Towers with Radar,2,42,24,0,68,1,25,28,0,54,3,67,52,0,122,54,0,54,176
09/17/2004,CPR,WY,ANM,WE,Towers with Radar,2,44,24,0,70,1,14,43,0,58,3,58,67,0,128,18,0,18,146
09/18/2004,CPR,WY,ANM,WE,Towers with Radar,1,23,12,0,36,0,9,13,0,22,1,32,25,0,58,2,0,2,60
09/19/2004,CPR,WY,ANM,WE,Towers with Radar,0,18,10,0,28,0,0,6,0,6,0,18,16,0,34,6,0,6,40
09/20/2004,CPR,WY,ANM,WE,Towers with Radar,0,45,23,2,70,0,7,16,0,23,0,52,39,2,93,42,0,42,135
09/21/2004,CPR,WY,ANM,WE,Towers with Radar,2,35,26,0,63,1,0,1,0,2,3,35,27,0,65,0,0,0,65
09/22/2004,CPR,WY,ANM,WE,Towers with Radar,2,46,24,0,72,0,7,17,0,24,2,53,41,0,96,52,0,52,148
09/23/2004,CPR,WY,ANM,WE,Towers with Radar,2,38,24,0,64,1,0,23,0,24,3,38,47,0,88,54,0,54,142
09/24/2004,CPR,WY,ANM,WE,Towers with Radar,3,43,23,1,70,1,0,33,9,43,4,43,56,10,113,34,0,34,147
09/25/2004,CPR,WY,ANM,WE,Towers with Radar,1,32,17,0,50,0,0,25,0,25,1,32,42,0,75,30,2,32,107
09/26/2004,CPR,WY,ANM,WE,Towers with Radar,0,16,12,0,28,0,0,31,0,31,0,16,43,0,59,20,0,20,79
09/27/2004,CPR,WY,ANM,WE,Towers with Radar,1,34,19,0,54,0,3,28,4,35,1,37,47,4,89,30,0,30,119
09/28/2004,CPR,WY,ANM,WE,Towers with Radar,3,48,33,0,84,0,0,14,0,14,3,48,47,0,98,0,0,0,98
09/29/2004,CPR,WY,ANM,WE,Towers with Radar,2,47,26,0,75,0,3,50,0,53,2,50,76,0,128,52,0,52,180
09/30/2004,CPR,WY,ANM,WE,Towers with Radar,1,39,22,0,62,1,7,2,0,10,2,46,24,0,72,38,0,38,110
10/01/2004,CPR,WY,ANM,WE,Towers with Radar,3,39,16,1,59,1,10,13,0,24,4,49,29,1,83,0,0,0,83
10/02/2004,CPR,WY,ANM,WE,Towers with Radar,1,34,11,3,49,0,0,15,0,15,1,34,26,3,64,6,0,6,70
10/03/2004,CPR,WY,ANM,WE,Towers with Radar,0,18,7,0,25,0,0,20,0,20,0,18,27,0,45,36,0,36,81
10/04/2004,CPR,WY,ANM,WE,Towers with Radar,1,36,20,2,59,0,6,28,0,34,1,42,48,2,93,16,4,20,113
10/05/2004,CPR,WY,ANM,WE,Towers with Radar,2,45,16,2,65,0,6,20,0,26,2,51,36,2,91,32,0,32,123
10/06/2004,CPR,WY,ANM,WE,Towers with Radar,2,42,28,0,72,0,6,29,0,35,2,48,57,0,107,0,0,0,107
10/07/2004,CPR,WY,ANM,WE,Towers with Radar,3,42,33,5,83,0,3,29,1,33,3,45,62,6,116,36,0,36,152
10/08/2004,CPR,WY,ANM,WE,Towers with Radar,3,44,11,0,58,0,3,29,0,32,3,47,40,0,90,0,0,0,90
10/09/2004,CPR,WY,ANM,WE,Towers with Radar,2,36,9,0,47,0,0,17,0,17,2,36,26,0,64,8,0,8,72
10/10/2004,CPR,WY,ANM,WE,Towers with Radar,0,25,8,3,36,0,2,23,1,26,0,27,31,4,62,0,0,0,62
10/11/2004,CPR,WY,ANM,WE,Towers with Radar,1,36,16,2,55,0,4,26,0,30,1,40,42,2,85,34,0,34,119
10/12/2004,CPR,WY,ANM,WE,Towers with Radar,2,35,25,5,67,0,0,8,0,8,2,35,33,5,75,8,6,14,89
10/13/2004,CPR,WY,ANM,WE,Towers with Radar,2,41,14,2,59,0,5,25,0,30,2,46,39,2,89,20,0,20,109
10/14/2004,CPR,WY,ANM,WE,Towers with Radar,3,49,20,1,73,0,8,25,0,33,3,57,45,1,106,8,0,8,114
10/15/2004,CPR,WY,ANM,WE,Towers with Radar,2,42,18,0,62,0,0,4,0,4,2,42,22,0,66,0,0,0,66
10/16/2004,CPR,WY,ANM,WE,Towers with Radar,2,33,12,0,47,0,7,9,0,16,2,40,21,0,63,2,0,2,65
10/17/2004,CPR,WY,ANM,WE,Towers with Radar,0,22,9,0,31,0,0,12,0,12,0,22,21,0,43,0,0,0,43
10/18/2004,CPR,WY,ANM,WE,Towers with Radar,1,32,16,0,49,0,2,16,0,18,1,34,32,0,67,6,0,6,73
10/19/2004,CPR,WY,ANM,WE,Towers with Radar,4,46,22,1,73,0,8,21,0,29,4,54,43,1,102,2,8,10,112
10/20/2004,CPR,WY,ANM,WE,Towers with Radar,3,45,26,1,75,0,2,2,0,4,3,47,28,1,79,14,0,14,93
10/21/2004,CPR,WY,ANM,WE,Towers with Radar,3,46,20,0,69,0,2,9,5,16,3,48,29,5,85,22,0,22,107
10/22/2004,CPR,WY,ANM,WE,Towers with Radar,3,38,7,2,50,0,13,2,0,15,3,51,9,2,65,0,0,0,65
10/23/2004,CPR,WY,ANM,WE,Towers with Radar,1,39,12,0,52,0,0,6,0,6,1,39,18,0,58,4,0,4,62
10/24/2004,CPR,WY,ANM,WE,Towers with Radar,0,28,16,0,44,0,0,17,0,17,0,28,33,0,61,4,0,4,65
10/25/2004,CPR,WY,ANM,WE,Towers with Radar,1,33,17,2,53,0,0,1,0,1,1,33,18,2,54,0,0,0,54
10/26/2004,CPR,WY,ANM,WE,Towers with Radar,2,46,25,0,73,0,0,19,0,19,2,46,44,0,92,12,0,12,104
10/27/2004,CPR,WY,ANM,WE,Towers with Radar,3,48,17,0,68,0,3,36,0,39,3,51,53,0,107,24,0,24,131
10/28/2004,CPR,WY,ANM,WE,Towers with Radar,3,44,27,2,76,0,7,14,0,21,3,51,41,2,97,4,0,4,101
10/29/2004,CPR,WY,ANM,WE,Towers with Radar,3,49,13,1,66,0,4,5,0,9,3,53,18,1,75,0,0,0,75
10/30/2004,CPR,WY,ANM,WE,Towers with Radar,1,36,7,2,46,0,1,11,0,12,1,37,18,2,58,10,0,10,68
10/31/2004,CPR,WY,ANM,WE,Towers with Radar,0,21,2,1,24,0,0,0,0,0,0,21,2,1,24,0,0,0,24
11/01/2004,CPR,WY,ANM,WE,Combined TRACON& Tower with Radar,1,37,15,0,53,0,4,15,0,19,1,41,30,0,72,16,0,16,88
11/02/2004,CPR,WY,ANM,WE,Combined TRACON& Tower with Radar,2,40,6,1,49,0,6,10,0,16,2,46,16,1,65,0,0,0,65
11/03/2004,CPR,WY,ANM,WE,Combined TRACON& Tower with Radar,5,40,19,0,64,0,12,17,0,29,5,52,36,0,93,28,0,28,121
11/04/2004,CPR,WY,ANM,WE,Combined TRACON& Tower with Radar,2,41,22,0,65,0,8,27,0,35,2,49,49,0,100,24,0,24,124
11/05/2004,CPR,WY,ANM,WE,Combined TRACON& Tower with Radar,3,36,11,0,50,0,2,13,0,15,3,38,24,0,65,4,0,4,69
11/06/2004,CPR,WY,ANM,WE,Combined TRACON& Tower with Radar,1,33,8,0,42,0,0,26,0,26,1,33,34,0,68,8,0,8,76
11/07/2004,CPR,WY,ANM,WE,Combined TRACON& Tower with Radar,0,24,16,0,40,0,0,9,0,9,0,24,25,0,49,4,0,4,53
11/08/2004,CPR,WY,ANM,WE,Combined TRACON& Tower with Radar,1,34,31,0,66,0,0,15,0,15,1,34,46,0,81,8,0,8,89
11/09/2004,CPR,WY,ANM,WE,Combined TRACON& Tower with Radar,5,43,31,0,79,0,1,6,1,8,5,44,37,1,87,12,0,12,99
11/10/2004,CPR,WY,ANM,WE,Combined TRACON& Tower with Radar,2,47,19,0,68,0,0,3,0,3,2,47,22,0,71,0,0,0,71
11/11/2004,CPR,WY,ANM,WE,Combined TRACON& Tower with Radar,3,40,37,0,80,0,0,22,0,22,3,40,59,0,102,36,0,36,138
11/12/2004,CPR,WY,ANM,WE,Combined TRACON& Tower with Radar,2,39,18,0,59,1,0,21,0,22,3,39,39,0,81,24,0,24,105
11/13/2004,CPR,WY,ANM,WE,Combined TRACON& Tower with Radar,2,26,5,0,33,0,2,14,0,16,2,28,19,0,49,28,0,28,77
11/14/2004,CPR,WY,ANM,WE,Combined TRACON& Tower with Radar,0,32,15,0,47,0,0,23,0,23,0,32,38,0,70,48,0,48,118
11/15/2004,CPR,WY,ANM,WE,Combined TRACON& Tower with Radar,2,41,17,0,60,0,4,21,0,25,2,45,38,0,85,14,0,14,99
11/16/2004,CPR,WY,ANM,WE,Combined TRACON& Tower with Radar,2,46,12,0,60,0,2,16,0,18,2,48,28,0,78,12,0,12,90
11/17/2004,CPR,WY,ANM,WE,Combined TRACON& Tower with Radar,3,43,24,0,70,0,3,6,0,9,3,46,30,0,79,40,0,40,119
11/18/2004,CPR,WY,ANM,WE,Combined TRACON& Tower with Radar,3,50,29,0,82,0,5,34,0,39,3,55,63,0,121,18,0,18,139
11/19/2004,CPR,WY,ANM,WE,Combined TRACON& Tower with Radar,4,56,24,2,86,0,0,1,0,1,4,56,25,2,87,10,4,14,101
11/20/2004,CPR,WY,ANM,WE,Combined TRACON& Tower with Radar,1,36,7,0,44,0,0,0,0,0,1,36,7,0,44,0,0,0,44
11/21/2004,CPR,WY,ANM,WE,Combined TRACON& Tower with Radar,0,23,12,0,35,0,0,7,0,7,0,23,19,0,42,2,0,2,44
11/22/2004,CPR,WY,ANM,WE,Combined TRACON& Tower with Radar,2,34,5,0,41,0,2,22,0,24,2,36,27,0,65,12,0,12,77
11/23/2004,CPR,WY,ANM,WE,Combined TRACON& Tower with Radar,6,43,11,2,62,0,3,2,2,7,6,46,13,4,69,0,4,4,73
11/24/2004,CPR,WY,ANM,WE,Combined TRACON& Tower with Radar,3,49,17,0,69,0,7,19,0,26,3,56,36,0,95,2,0,2,97
11/25/2004,CPR,WY,ANM,WE,Combined TRACON& Tower with Radar,1,17,1,0,19,0,3,0,0,3,1,20,1,0,22,0,0,0,22
11/26/2004,CPR,WY,ANM,WE,Combined TRACON& Tower with Radar,3,42,4,0,49,0,0,0,0,0,3,42,4,0,49,0,0,0,49
11/27/2004,CPR,WY,ANM,WE,Combined TRACON& Tower with Radar,3,41,11,0,55,0,0,5,0,5,3,41,16,0,60,4,0,4,64
11/28/2004,CPR,WY,ANM,WE,Combined TRACON& Tower with Radar,0,23,10,0,33,0,0,0,0,0,0,23,10,0,33,0,0,0,33
11/29/2004,CPR,WY,ANM,WE,Combined TRACON& Tower with Radar,1,38,13,2,54,0,7,30,0,37,1,45,43,2,91,0,0,0,91
11/30/2004,CPR,WY,ANM,WE,Combined TRACON& Tower with Radar,3,49,15,0,67,0,0,22,0,22,3,49,37,0,89,4,0,4,93
12/01/2004,CPR,WY,ANM,WE,Combined TRACON& Tower with Radar,2,50,13,1,66,0,2,24,0,26,2,52,37,1,92,10,0,10,102
12/02/2004,CPR,WY,ANM,WE,Combined TRACON& Tower with Radar,3,47,28,0,78,0,4,11,0,15,3,51,39,0,93,14,0,14,107
12/03/2004,CPR,WY,ANM,WE,Combined TRACON& Tower with Radar,3,45,20,0,68,0,2,9,0,11,3,47,29,0,79,0,0,0,79
12/04/2004,CPR,WY,ANM,WE,Combined TRACON& Tower with Radar,1,30,12,0,43,0,3,11,0,14,1,33,23,0,57,16,0,16,73
12/05/2004,CPR,WY,ANM,WE,Combined TRACON& Tower with Radar,0,25,14,0,39,0,1,5,0,6,0,26,19,0,45,4,0,4,49
12/06/2004,CPR,WY,ANM,WE,Combined TRACON& Tower with Radar,1,43,25,0,69,0,8,21,0,29,1,51,46,0,98,22,0,22,120
12/07/2004,CPR,WY,ANM,WE,Combined TRACON& Tower with Radar,3,45,19,0,67,0,8,1,0,9,3,53,20,0,76,0,0,0,76
12/08/2004,CPR,WY,ANM,WE,Combined TRACON& Tower with Radar,3,51,18,0,72,0,4,15,0,19,3,55,33,0,91,0,0,0,91
12/09/2004,CPR,WY,ANM,WE,Combined TRACON& Tower with Radar,2,58,29,0,89,0,12,41,0,53,2,70,70,0,142,46,0,46,188
12/10/2004,CPR,WY,ANM,WE,Combined TRACON& Tower with Radar,3,44,0,0,47,0,5,0,0,5,3,49,0,0,52,6,0,6,58
12/11/2004,CPR,WY,ANM,WE,Combined TRACON& Tower with Radar,2,35,13,0,50,0,0,15,0,15,2,35,28,0,65,12,0,12,77
12/12/2004,CPR,WY,ANM,WE,Combined TRACON& Tower with Radar,0,24,1,0,25,0,0,0,0,0,0,24,1,0,25,0,0,0,25
12/13/2004,CPR,WY,ANM,WE,Combined TRACON& Tower with Radar,1,43,12,0,56,0,3,11,0,14,1,46,23,0,70,0,0,0,70
12/14/2004,CPR,WY,ANM,WE,Combined TRACON& Tower with Radar,6,43,15,0,64,0,8,8,0,16,6,51,23,0,80,8,0,8,88
12/15/2004,CPR,WY,ANM,WE,Combined TRACON& Tower with Radar,5,51,23,0,79,0,1,14,0,15,5,52,37,0,94,12,0,12,106
12/16/2004,CPR,WY,ANM,WE,Combined TRACON& Tower with Radar,4,54,14,2,74,0,5,24,0,29,4,59,38,2,103,8,0,8,111
12/17/2004,CPR,WY,ANM,WE,Combined TRACON& Tower with Radar,4,45,18,0,67,0,3,47,1,51,4,48,65,1,118,0,0,0,118
12/18/2004,CPR,WY,ANM,WE,Combined TRACON& Tower with Radar,3,33,15,0,51,0,3,32,0,35,3,36,47,0,86,6,0,6,92
12/19/2004,CPR,WY,ANM,WE,Combined TRACON& Tower with Radar,0,19,5,0,24,0,0,7,0,7,0,19,12,0,31,6,0,6,37
12/20/2004,CPR,WY,ANM,WE,Combined TRACON& Tower with Radar,1,40,12,0,53,0,1,14,0,15,1,41,26,0,68,0,0,0,68
12/21/2004,CPR,WY,ANM,WE,Combined TRACON& Tower with Radar,7,28,10,0,45,0,32,14,0,46,7,60,24,0,91,4,0,4,95
12/22/2004,CPR,WY,ANM,WE,Combined TRACON& Tower with Radar,3,56,29,0,88,0,0,8,0,8,3,56,37,0,96,20,0,20,116
12/23/2004,CPR,WY,ANM,WE,Combined TRACON& Tower with Radar,1,6,1,0,8,0,41,11,0,52,1,47,12,0,60,0,0,0,60
12/24/2004,CPR,WY,ANM,WE,Combined TRACON& Tower with Radar,2,39,2,0,43,0,3,13,0,16,2,42,15,0,59,0,0,0,59
12/25/2004,CPR,WY,ANM,WE,Combined TRACON& Tower with Radar,0,16,0,0,16,0,0,7,0,7,0,16,7,0,23,0,0,0,23
12/26/2004,CPR,WY,ANM,WE,Combined TRACON& Tower with Radar,0,24,9,0,33,0,2,11,0,13,0,26,20,0,46,24,0,24,70
12/27/2004,CPR,WY,ANM,WE,Combined TRACON& Tower with Radar,1,41,16,0,58,0,0,17,0,17,1,41,33,0,75,18,0,18,93
12/28/2004,CPR,WY,ANM,WE,Combined TRACON& Tower with Radar,2,43,9,0,54,0,6,30,0,36,2,49,39,0,90,18,0,18,108
12/29/2004,CPR,WY,ANM,WE,Combined TRACON& Tower with Radar,3,40,0,0,43,0,4,0,0,4,3,44,0,0,47,10,0,10,57
12/30/2004,CPR,WY,ANM,WE,Combined TRACON& Tower with Radar,2,41,0,0,43,0,0,5,0,5,2,41,5,0,48,0,0,0,48
12/31/2004,CPR,WY,ANM,WE,Combined TRACON& Tower with Radar,2,46,15,0,63,0,0,6,0,6,2,46,21,0,69,0,0,0,69
01/01/2005,CPR,WY,ANM,WE,Combined TRACON& Tower with Radar,0,26,7,0,33,0,2,3,0,5,0,28,10,0,38,36,0,36,74
01/02/2005,CPR,WY,ANM,WE,Combined TRACON& Tower with Radar,0,23,1,0,24,0,0,20,0,20,0,23,21,0,44,0,0,0,44
01/03/2005,CPR,WY,ANM,WE,Combined TRACON& Tower with Radar,1,41,8,2,52,0,0,25,0,25,1,41,33,2,77,8,2,10,87
01/04/2005,CPR,WY,ANM,WE,Combined TRACON& Tower with Radar,4,38,3,0,45,0,0,0,0,0,4,38,3,0,45,6,0,6,51
01/05/2005,CPR,WY,ANM,WE,Combined TRACON& Tower with Radar,3,51,24,0,78,0,5,3,0,8,3,56,27,0,86,2,0,2,88
01/06/2005,CPR,WY,ANM,WE,Combined TRACON& Tower with Radar,2,40,38,0,80,1,4,4,0,9,3,44,42,0,89,4,0,4,93
01/07/2005,CPR,WY,ANM,WE,Combined TRACON& Tower with Radar,4,43,17,0,64,0,8,37,0,45,4,51,54,0,109,30,0,30,139
01/08/2005,CPR,WY,ANM,WE,Combined TRACON& Tower with Radar,3,33,4,0,40,0,5,5,0,10,3,38,9,0,50,0,0,0,50
01/09/2005,CPR,WY,ANM,WE,Combined TRACON& Tower with Radar,0,17,8,0,25,0,0,15,0,15,0,17,23,0,40,0,0,0,40
01/10/2005,CPR,WY,ANM,WE,Combined TRACON& Tower with Radar,1,33,15,0,49,0,0,7,0,7,1,33,22,0,56,1,0,1,57
01/11/2005,CPR,WY,ANM,WE,Combined TRACON& Tower with Radar,3,41,15,0,59,0,0,0,0,0,3,41,15,0,59,16,0,16,75
01/12/2005,CPR,WY,ANM,WE,Combined TRACON& Tower with Radar,4,62,15,0,81,0,5,15,0,20,4,67,30,0,101,4,0,4,105
01/13/2005,CPR,WY,ANM,WE,Combined TRACON& Tower with Radar,3,61,15,0,79,0,0,8,0,8,3,61,23,0,87,6,0,6,93
01/14/2005,CPR,WY,ANM,WE,Combined TRACON& Tower with Radar,4,46,7,0,57,0,3,7,0,10,4,49,14,0,67,2,0,2,69
01/15/2005,CPR,WY,ANM,WE,Combined TRACON& Tower with Radar,3,34,1,0,38,0,0,16,0,16,3,34,17,0,54,8,0,8,62
01/16/2005,CPR,WY,ANM,WE,Combined TRACON& Tower with Radar,1,18,4,0,23,0,0,6,0,6,1,18,10,0,29,0,0,0,29
01/17/2005,CPR,WY,ANM,WE,Combined TRACON& Tower with Radar,1,40,22,0,63,0,3,17,0,20,1,43,39,0,83,16,0,16,99
01/18/2005,CPR,WY,ANM,WE,Combined TRACON& Tower with Radar,3,40,12,0,55,0,5,10,0,15,3,45,22,0,70,10,0,10,80
01/19/2005,CPR,WY,ANM,WE,Combined TRACON& Tower with Radar,2,50,9,0,61,0,1,14,0,15,2,51,23,0,76,2,0,2,78
01/20/2005,CPR,WY,ANM,WE,Combined TRACON& Tower with Radar,2,34,24,0,60,2,10,23,0,35,4,44,47,0,95,8,0,8,103
01/21/2005,CPR,WY,ANM,WE,Combined TRACON& Tower with Radar,4,38,18,0,60,0,6,30,0,36,4,44,48,0,96,12,0,12,108
01/22/2005,CPR,WY,ANM,WE,Combined TRACON& Tower with Radar,4,35,7,0,46,0,4,36,0,40,4,39,43,0,86,26,0,26,112
01/23/2005,CPR,WY,ANM,WE,Combined TRACON& Tower with Radar,0,18,12,0,30,0,7,24,0,31,0,25,36,0,61,8,0,8,69
01/24/2005,CPR,WY,ANM,WE,Combined TRACON& Tower with Radar,1,38,22,0,61,0,6,31,0,37,1,44,53,0,98,30,0,30,128
01/25/2005,CPR,WY,ANM,WE,Combined TRACON& Tower with Radar,5,58,14,0,77,1,3,28,0,32,6,61,42,0,109,32,0,32,141
01/26/2005,CPR,WY,ANM,WE,Combined TRACON& Tower with Radar,3,46,17,0,66,0,7,21,0,28,3,53,38,0,94,36,0,36,130
01/27/2005,CPR,WY,ANM,WE,Combined TRACON& Tower with Radar,4,52,16,0,72,0,0,7,0,7,4,52,23,0,79,4,0,4,83
01/28/2005,CPR,WY,ANM,WE,Combined TRACON& Tower with Radar,4,44,14,2,64,0,2,8,0,10,4,46,22,2,74,2,0,2,76
01/29/2005,CPR,WY,ANM,WE,Combined TRACON& Tower with Radar,1,31,10,0,42,0,0,34,0,34,1,31,44,0,76,52,0,52,128
01/30/2005,CPR,WY,ANM,WE,Combined TRACON& Tower with Radar,0,16,0,0,16,14,0,0,0,14,14,16,0,0,30,12,0,12,42
01/31/2005,CPR,WY,ANM,WE,Combined TRACON& Tower with Radar,1,37,13,0,51,0,4,12,0,16,1,41,25,0,67,6,0,6,73
02/01/2005,CPR,WY,ANM,WE,Combined TRACON& Tower with Radar,4,42,15,0,61,0,0,4,0,4,4,42,19,0,65,0,0,0,65
02/02/2005,CPR,WY,ANM,WE,Combined TRACON& Tower with Radar,4,37,18,0,59,0,6,26,0,32,4,43,44,0,91,42,0,42,133
02/03/2005,CPR,WY,ANM,WE,Combined TRACON& Tower with Radar,4,44,25,0,73,0,2,13,0,15,4,46,38,0,88,18,0,18,106
02/04/2005,CPR,WY,ANM,WE,Combined TRACON& Tower with Radar,3,45,17,0,65,0,3,34,0,37,3,48,51,0,102,16,0,16,118
02/05/2005,CPR,WY,ANM,WE,Combined TRACON& Tower with Radar,2,37,6,0,45,0,0,19,0,19,2,37,25,0,64,30,0,30,94
02/06/2005,CPR,WY,ANM,WE,Combined TRACON& Tower with Radar,0,22,6,0,28,0,0,10,0,10,0,22,16,0,38,14,0,14,52
02/07/2005,CPR,WY,ANM,WE,Combined TRACON& Tower with Radar,1,46,19,0,66,0,0,7,0,7,1,46,26,0,73,0,0,0,73
02/08/2005,CPR,WY,ANM,WE,Combined TRACON& Tower with Radar,3,44,15,0,62,0,0,19,0,19,3,44,34,0,81,48,0,48,129
02/09/2005,CPR,WY,ANM,WE,Combined TRACON& Tower with Radar,3,43,16,0,62,0,3,36,0,39,3,46,52,0,101,56,0,56,157
02/10/2005,CPR,WY,ANM,WE,Combined TRACON& Tower with Radar,6,50,16,0,72,0,0,35,0,35,6,50,51,0,107,36,0,36,143
02/11/2005,CPR,WY,ANM,WE,Combined TRACON& Tower with Radar,4,42,12,2,60,0,2,14,0,16,4,44,26,2,76,6,2,8,84
02/12/2005,CPR,WY,ANM,WE,Combined TRACON& Tower with Radar,2,36,6,0,44,0,1,14,0,15,2,37,20,0,59,0,0,0,59
02/13/2005,CPR,WY,ANM,WE,Combined TRACON& Tower with Radar,0,21,3,0,24,0,2,27,0,29,0,23,30,0,53,28,0,28,81
02/14/2005,CPR,WY,ANM,WE,Combined TRACON& Tower with Radar,1,41,11,0,53,0,6,11,0,17,1,47,22,0,70,0,0,0,70
02/15/2005,CPR,WY,ANM,WE,Combined TRACON& Tower with Radar,5,46,19,2,72,0,2,17,0,19,5,48,36,2,91,26,12,38,129
02/16/2005,CPR,WY,ANM,WE,Combined TRACON& Tower with Radar,4,42,29,0,75,0,6,24,0,30,4,48,53,0,105,40,0,40,145
02/17/2005,CPR,WY,ANM,WE,Combined TRACON& Tower with Radar,4,42,30,0,76,0,2,16,0,18,4,44,46,0,94,28,0,28,122
02/18/2005,CPR,WY,ANM,WE,Combined TRACON& Tower with Radar,5,39,21,0,65,0,4,22,0,26,5,43,43,0,91,36,0,36,127
02/19/2005,CPR,WY,ANM,WE,Combined TRACON& Tower with Radar,2,29,6,0,37,0,0,3,0,3,2,29,9,0,40,0,0,0,40
02/20/2005,CPR,WY,ANM,WE,Combined TRACON& Tower with Radar,0,21,6,0,27,0,0,8,0,8,0,21,14,0,35,18,0,18,53
02/21/2005,CPR,WY,ANM,WE,Combined TRACON& Tower with Radar,1,33,14,0,48,0,0,22,0,22,1,33,36,0,70,6,0,6,76
02/22/2005,CPR,WY,ANM,WE,Combined TRACON& Tower with Radar,3,45,18,0,66,0,7,23,0,30,3,52,41,0,96,12,0,12,108
02/23/2005,CPR,WY,ANM,WE,Combined TRACON& Tower with Radar,3,44,26,0,73,0,6,18,0,24,3,50,44,0,97,38,0,38,135
02/24/2005,CPR,WY,ANM,WE,Combined TRACON& Tower with Radar,3,42,14,0,59,1,7,46,0,54,4,49,60,0,113,52,0,52,165
02/25/2005,CPR,WY,ANM,WE,Combined TRACON& Tower with Radar,5,44,9,0,58,0,5,42,0,47,5,49,51,0,105,32,0,32,137
02/26/2005,CPR,WY,ANM,WE,Combined TRACON& Tower with Radar,1,32,14,0,47,0,6,36,0,42,1,38,50,0,89,14,0,14,103
02/27/2005,CPR,WY,ANM,WE,Combined TRACON& Tower with Radar,0,23,13,0,36,0,0,18,0,18,0,23,31,0,54,6,0,6,60
02/28/2005,CPR,WY,ANM,WE,Combined TRACON& Tower with Radar,1,38,18,0,57,0,12,26,0,38,1,50,44,0,95,8,0,8,103
03/01/2005,CPR,WY,ANM,WE,Combined TRACON& Tower with Radar,4,43,15,1,63,0,5,29,3,37,4,48,44,4,100,68,6,74,174
03/02/2005,CPR,WY,ANM,WE,Combined TRACON& Tower with Radar,2,52,26,0,80,1,1,31,0,33,3,53,57,0,113,100,0,100,213
03/03/2005,CPR,WY,ANM,WE,Combined TRACON& Tower with Radar,3,49,19,0,71,0,6,19,0,25,3,55,38,0,96,16,0,16,112
03/04/2005,CPR,WY,ANM,WE,Combined TRACON& Tower with Radar,4,45,24,2,75,0,3,34,0,37,4,48,58,2,112,78,0,78,190
03/05/2005,CPR,WY,ANM,WE,Combined TRACON& Tower with Radar,1,35,3,0,39,0,0,24,0,24,1,35,27,0,63,0,0,0,63
03/06/2005,CPR,WY,ANM,WE,Combined TRACON& Tower with Radar,0,22,8,0,30,0,0,34,0,34,0,22,42,0,64,24,0,24,88
03/07/2005,CPR,WY,ANM,WE,Combined TRACON& Tower with Radar,1,41,20,0,62,0,0,22,0,22,1,41,42,0,84,40,0,40,124
03/08/2005,CPR,WY,ANM,WE,Combined TRACON& Tower with Radar,4,44,20,0,68,0,8,15,0,23,4,52,35,0,91,22,0,22,113
03/09/2005,CPR,WY,ANM,WE,Combined TRACON& Tower with Radar,3,46,18,0,67,0,5,18,0,23,3,51,36,0,90,66,0,66,156
03/10/2005,CPR,WY,ANM,WE,Combined TRACON& Tower with Radar,3,48,17,0,68,0,0,11,0,11,3,48,28,0,79,30,0,30,109
03/11/2005,CPR,WY,ANM,WE,Combined TRACON& Tower with Radar,5,47,14,0,66,0,4,40,0,44,5,51,54,0,110,18,0,18,128
03/12/2005,CPR,WY,ANM,WE,Combined TRACON& Tower with Radar,2,32,3,0,37,0,5,5,0,10,2,37,8,0,47,20,0,20,67
03/13/2005,CPR,WY,ANM,WE,Combined TRACON& Tower with Radar,0,21,7,2,30,0,0,10,0,10,0,21,17,2,40,10,0,10,50
03/14/2005,CPR,WY,ANM,WE,Combined TRACON& Tower with Radar,3,39,17,0,59,0,0,7,14,21,3,39,24,14,80,0,0,0,80
03/15/2005,CPR,WY,ANM,WE,Combined TRACON& Tower with Radar,3,52,16,2,73,0,0,27,0,27,3,52,43,2,100,76,0,76,176
03/16/2005,CPR,WY,ANM,WE,Combined TRACON& Tower with Radar,3,51,16,0,70,0,6,26,0,32,3,57,42,0,102,54,0,54,156
03/17/2005,CPR,WY,ANM,WE,Combined TRACON& Tower with Radar,5,51,22,0,78,0,5,13,0,18,5,56,35,0,96,6,0,6,102
03/18/2005,CPR,WY,ANM,WE,Combined TRACON& Tower with Radar,3,43,22,0,68,0,3,25,0,28,3,46,47,0,96,8,0,8,104
03/19/2005,CPR,WY,ANM,WE,Combined TRACON& Tower with Radar,2,34,9,0,45,0,1,16,0,17,2,35,25,0,62,4,0,4,66
03/20/2005,CPR,WY,ANM,WE,Combined TRACON& Tower with Radar,0,21,4,0,25,1,0,8,0,9,1,21,12,0,34,4,0,4,38
03/21/2005,CPR,WY,ANM,WE,Combined TRACON& Tower with Radar,2,40,15,0,57,0,0,13,0,13,2,40,28,0,70,32,0,32,102
03/22/2005,CPR,WY,ANM,WE,Combined TRACON& Tower with Radar,3,49,25,0,77,0,2,17,0,19,3,51,42,0,96,84,2,86,182
03/23/2005,CPR,WY,ANM,WE,Combined TRACON& Tower with Radar,4,51,18,0,73,0,1,4,0,5,4,52,22,0,78,12,0,12,90
03/24/2005,CPR,WY,ANM,WE,Combined TRACON& Tower with Radar,4,47,16,4,71,0,0,4,0,4,4,47,20,4,75,0,0,0,75
03/25/2005,CPR,WY,ANM,WE,Combined TRACON& Tower with Radar,4,49,17,0,70,0,1,26,0,27,4,50,43,0,97,22,0,22,119
03/26/2005,CPR,WY,ANM,WE,Combined TRACON& Tower with Radar,3,28,4,0,35,0,0,20,0,20,3,28,24,0,55,16,0,16,71
03/27/2005,CPR,WY,ANM,WE,Combined TRACON& Tower with Radar,0,19,0,0,19,0,0,9,0,9,0,19,9,0,28,0,0,0,28
03/28/2005,CPR,WY,ANM,WE,Combined TRACON& Tower with Radar,1,39,16,10,66,0,3,21,0,24,1,42,37,10,90,2,0,2,92
03/29/2005,CPR,WY,ANM,WE,Combined TRACON& Tower with Radar,2,42,13,4,61,0,6,15,0,21,2,48,28,4,82,36,24,60,142
03/30/2005,CPR,WY,ANM,WE,Combined TRACON& Tower with Radar,3,50,15,0,68,0,0,1,0,1,3,50,16,0,69,0,0,0,69
03/31/2005,CPR,WY,ANM,WE,Combined TRACON& Tower with Radar,4,52,17,0,73,0,0,27,2,29,4,52,44,2,102,40,0,40,142
04/01/2005,CPR,WY,ANM,WE,Combined TRACON& Tower with Radar,3,46,17,2,68,0,3,26,0,29,3,49,43,2,97,6,0,6,103
04/02/2005,CPR,WY,ANM,WE,Combined TRACON& Tower with Radar,3,29,6,0,38,0,0,33,0,33,3,29,39,0,71,52,0,52,123
04/03/2005,CPR,WY,ANM,WE,Combined TRACON& Tower with Radar,0,27,11,3,41,0,0,28,0,28,0,27,39,3,69,8,0,8,77
04/04/2005,CPR,WY,ANM,WE,Combined TRACON& Tower with Radar,1,41,13,1,56,0,3,20,0,23,1,44,33,1,79,2,0,2,81
04/05/2005,CPR,WY,ANM,WE,Combined TRACON& Tower with Radar,3,52,17,0,72,0,0,9,0,9,3,52,26,0,81,48,0,48,129
04/06/2005,CPR,WY,ANM,WE,Combined TRACON& Tower with Radar,2,45,19,0,66,0,5,26,0,31,2,50,45,0,97,32,0,32,129
04/07/2005,CPR,WY,ANM,WE,Combined TRACON& Tower with Radar,3,50,13,0,66,0,0,41,0,41,3,50,54,0,107,14,0,14,121
04/08/2005,CPR,WY,ANM,WE,Combined TRACON& Tower with Radar,4,43,12,0,59,0,6,31,0,37,4,49,43,0,96,8,0,8,104
04/09/2005,CPR,WY,ANM,WE,Combined TRACON& Tower with Radar,1,30,3,0,34,0,2,17,0,19,1,32,20,0,53,16,0,16,69
04/10/2005,CPR,WY,ANM,WE,Combined TRACON& Tower with Radar,2,15,8,2,27,0,1,18,0,19,2,16,26,2,46,0,0,0,46
04/11/2005,CPR,WY,ANM,WE,Combined TRACON& Tower with Radar,3,55,21,0,79,0,3,24,0,27,3,58,45,0,106,24,0,24,130
04/12/2005,CPR,WY,ANM,WE,Combined TRACON& Tower with Radar,3,44,12,3,62,0,8,23,0,31,3,52,35,3,93,36,4,40,133
04/13/2005,CPR,WY,ANM,WE,Combined TRACON& Tower with Radar,3,45,14,8,70,0,8,38,0,46,3,53,52,8,116,26,10,36,152
04/14/2005,CPR,WY,ANM,WE,Combined TRACON& Tower with Radar,6,43,18,0,67,0,2,7,0,9,6,45,25,0,76,14,0,14,90
04/15/2005,CPR,WY,ANM,WE,Combined TRACON& Tower with Radar,3,42,14,0,59,0,5,27,0,32,3,47,41,0,91,38,0,38,129
04/16/2005,CPR,WY,ANM,WE,Combined TRACON& Tower with Radar,1,36,11,0,48,0,2,41,0,43,1,38,52,0,91,80,0,80,171
04/17/2005,CPR,WY,ANM,WE,Combined TRACON& Tower with Radar,0,23,7,0,30,0,0,26,0,26,0,23,33,0,56,6,0,6,62
04/18/2005,CPR,WY,ANM,WE,Combined TRACON& Tower with Radar,1,44,4,0,49,0,4,27,0,31,1,48,31,0,80,28,0,28,108
04/19/2005,CPR,WY,ANM,WE,Combined TRACON& Tower with Radar,4,60,14,0,78,0,0,2,0,2,4,60,16,0,80,2,0,2,82
04/20/2005,CPR,WY,ANM,WE,Combined TRACON& Tower with Radar,4,51,7,0,62,0,0,1,0,1,4,51,8,0,63,0,0,0,63
04/21/2005,CPR,WY,ANM,WE,Combined TRACON& Tower with Radar,3,27,11,0,41,3,31,17,0,51,6,58,28,0,92,0,0,0,92
04/22/2005,CPR,WY,ANM,WE,Combined TRACON& Tower with Radar,5,53,15,0,73,0,5,39,0,44,5,58,54,0,117,58,0,58,175
04/23/2005,CPR,WY,ANM,WE,Combined TRACON& Tower with Radar,2,28,2,0,32,1,3,28,0,32,3,31,30,0,64,50,0,50,114
04/24/2005,CPR,WY,ANM,WE,Combined TRACON& Tower with Radar,2,23,11,0,36,0,0,29,0,29,2,23,40,0,65,6,0,6,71
04/25/2005,CPR,WY,ANM,WE,Combined TRACON& Tower with Radar,1,47,17,0,65,0,1,31,0,32,1,48,48,0,97,2,0,2,99
04/26/2005,CPR,WY,ANM,WE,Combined TRACON& Tower with Radar,2,44,20,4,70,0,3,25,3,31,2,47,45,7,101,10,8,18,119
04/27/2005,CPR,WY,ANM,WE,Combined TRACON& Tower with Radar,4,56,20,0,80,0,0,1,0,1,4,56,21,0,81,0,0,0,81
04/28/2005,CPR,WY,ANM,WE,Combined TRACON& Tower with Radar,4,51,14,0,69,0,0,4,0,4,4,51,18,0,73,0,0,0,73
04/29/2005,CPR,WY,ANM,WE,Combined TRACON& Tower with Radar,4,50,22,0,76,0,0,19,0,19,4,50,41,0,95,12,0,12,107
04/30/2005,CPR,WY,ANM,WE,Combined TRACON& Tower with Radar,3,32,2,0,37,0,2,13,0,15,3,34,15,0,52,6,0,6,58
05/01/2005,CPR,WY,ANM,WE,Combined TRACON& Tower with Radar,0,25,4,0,29,0,0,24,0,24,0,25,28,0,53,16,0,16,69
05/02/2005,CPR,WY,ANM,WE,Combined TRACON& Tower with Radar,1,39,28,0,68,0,4,24,2,30,1,43,52,2,98,28,0,28,126
05/03/2005,CPR,WY,ANM,WE,Combined TRACON& Tower with Radar,5,42,14,0,61,0,3,36,0,39,5,45,50,0,100,44,0,44,144
05/04/2005,CPR,WY,ANM,WE,Combined TRACON& Tower with Radar,3,43,29,2,77,1,12,30,0,43,4,55,59,2,120,12,2,14,134
05/05/2005,CPR,WY,ANM,WE,Combined TRACON& Tower with Radar,3,40,32,7,82,0,10,47,1,58,3,50,79,8,140,52,2,54,194
05/06/2005,CPR,WY,ANM,WE,Combined TRACON& Tower with Radar,3,47,31,0,81,0,1,28,0,29,3,48,59,0,110,62,0,62,172
05/07/2005,CPR,WY,ANM,WE,Combined TRACON& Tower with Radar,2,35,11,0,48,0,1,0,0,1,2,36,11,0,49,4,0,4,53
05/08/2005,CPR,WY,ANM,WE,Combined TRACON& Tower with Radar,2,24,2,8,36,0,0,13,14,27,2,24,15,22,63,0,22,22,85
05/09/2005,CPR,WY,ANM,WE,Combined TRACON& Tower with Radar,1,45,23,0,69,0,2,24,0,26,1,47,47,0,95,48,2,50,145
05/10/2005,CPR,WY,ANM,WE,Combined TRACON& Tower with Radar,4,44,32,0,80,0,5,13,0,18,4,49,45,0,98,6,0,6,104
05/11/2005,CPR,WY,ANM,WE,Combined TRACON& Tower with Radar,3,45,17,0,65,0,0,7,0,7,3,45,24,0,72,0,0,0,72
05/12/2005,CPR,WY,ANM,WE,Combined TRACON& Tower with Radar,4,57,17,0,78,0,0,6,0,6,4,57,23,0,84,28,0,28,112
05/13/2005,CPR,WY,ANM,WE,Combined TRACON& Tower with Radar,3,54,17,0,74,0,0,24,0,24,3,54,41,0,98,56,0,56,154
05/14/2005,CPR,WY,ANM,WE,Combined TRACON& Tower with Radar,3,31,8,4,46,0,8,60,0,68,3,39,68,4,114,8,0,8,122
05/15/2005,CPR,WY,ANM,WE,Combined TRACON& Tower with Radar,0,22,10,0,32,0,2,33,0,35,0,24,43,0,67,6,0,6,73
05/16/2005,CPR,WY,ANM,WE,Combined TRACON& Tower with Radar,1,42,19,0,62,0,1,33,0,34,1,43,52,0,96,32,0,32,128
05/17/2005,CPR,WY,ANM,WE,Combined TRACON& Tower with Radar,3,49,17,0,69,0,0,9,0,9,3,49,26,0,78,10,0,10,88
05/18/2005,CPR,WY,ANM,WE,Combined TRACON& Tower with Radar,2,44,20,2,68,0,9,33,0,42,2,53,53,2,110,22,0,22,132
05/19/2005,CPR,WY,ANM,WE,Combined TRACON& Tower with Radar,5,48,16,0,69,0,7,43,0,50,5,55,59,0,119,76,0,76,195
05/20/2005,CPR,WY,ANM,WE,Combined TRACON& Tower with Radar,4,55,17,6,82,0,4,36,0,40,4,59,53,6,122,54,0,54,176
05/21/2005,CPR,WY,ANM,WE,Combined TRACON& Tower with Radar,2,24,3,0,29,0,0,12,0,12,2,24,15,0,41,18,0,18,59
05/22/2005,CPR,WY,ANM,WE,Combined TRACON& Tower with Radar,2,25,8,0,35,0,1,25,0,26,2,26,33,0,61,36,0,36,97
05/23/2005,CPR,WY,ANM,WE,Combined TRACON& Tower with Radar,1,50,15,0,66,0,0,20,0,20,1,50,35,0,86,36,0,36,122
05/24/2005,CPR,WY,ANM,WE,Combined TRACON& Tower with Radar,3,53,33,0,89,0,5,37,0,42,3,58,70,0,131,42,0,42,173
05/25/2005,CPR,WY,ANM,WE,Combined TRACON& Tower with Radar,3,53,23,0,79,0,1,34,0,35,3,54,57,0,114,30,0,30,144
05/26/2005,CPR,WY,ANM,WE,Combined TRACON& Tower with Radar,3,44,29,0,76,0,11,50,0,61,3,55,79,0,137,40,0,40,177
05/27/2005,CPR,WY,ANM,WE,Combined TRACON& Tower with Radar,4,45,15,0,64,0,2,59,0,61,4,47,74,0,125,32,0,32,157
05/28/2005,CPR,WY,ANM,WE,Combined TRACON& Tower with Radar,6,33,1,0,40,0,0,18,0,18,6,33,19,0,58,36,0,36,94
05/29/2005,CPR,WY,ANM,WE,Combined TRACON& Tower with Radar,0,21,9,0,30,0,0,22,0,22,0,21,31,0,52,0,0,0,52
05/30/2005,CPR,WY,ANM,WE,Combined TRACON& Tower with Radar,0,28,9,0,37,0,0,3,0,3,0,28,12,0,40,0,0,0,40
05/31/2005,CPR,WY,ANM,WE,Combined TRACON& Tower with Radar,1,37,19,0,57,0,0,35,0,35,1,37,54,0,92,52,0,52,144
06/01/2005,CPR,WY,ANM,WE,Combined TRACON& Tower with Radar,2,45,22,0,69,0,8,32,0,40,2,53,54,0,109,38,0,38,147
06/02/2005,CPR,WY,ANM,WE,Combined TRACON& Tower with Radar,3,45,15,0,63,0,3,19,0,22,3,48,34,0,85,38,0,38,123
06/03/2005,CPR,WY,ANM,WE,Combined TRACON& Tower with Radar,4,51,18,0,73,0,4,24,0,28,4,55,42,0,101,32,0,32,133
06/04/2005,CPR,WY,ANM,WE,Combined TRACON& Tower with Radar,1,32,4,0,37,0,2,17,0,19,1,34,21,0,56,8,0,8,64
06/05/2005,CPR,WY,ANM,WE,Combined TRACON& Tower with Radar,0,21,5,0,26,0,7,18,0,25,0,28,23,0,51,0,0,0,51
06/06/2005,CPR,WY,ANM,WE,Combined TRACON& Tower with Radar,1,43,21,0,65,0,4,33,0,37,1,47,54,0,102,12,0,12,114
06/07/2005,CPR,WY,ANM,WE,Combined TRACON& Tower with Radar,3,52,20,2,77,0,7,18,2,27,3,59,38,4,104,46,12,58,162
06/08/2005,CPR,WY,ANM,WE,Combined TRACON& Tower with Radar,2,55,12,0,69,1,0,51,2,54,3,55,63,2,123,22,0,22,145
06/09/2005,CPR,WY,ANM,WE,Combined TRACON& Tower with Radar,5,53,29,0,87,0,6,22,0,28,5,59,51,0,115,86,0,86,201
06/10/2005,CPR,WY,ANM,WE,Combined TRACON& Tower with Radar,3,46,18,2,69,0,3,24,0,27,3,49,42,2,96,14,0,14,110
06/11/2005,CPR,WY,ANM,WE,Combined TRACON& Tower with Radar,2,38,9,0,49,0,2,37,0,39,2,40,46,0,88,56,0,56,144
06/12/2005,CPR,WY,ANM,WE,Combined TRACON& Tower with Radar,2,27,13,0,42,0,3,9,2,14,2,30,22,2,56,16,0,16,72
06/13/2005,CPR,WY,ANM,WE,Combined TRACON& Tower with Radar,1,44,15,0,60,0,3,19,0,22,1,47,34,0,82,32,0,32,114
06/14/2005,CPR,WY,ANM,WE,Combined TRACON& Tower with Radar,3,52,21,0,76,0,8,45,0,53,3,60,66,0,129,52,0,52,181
06/15/2005,CPR,WY,ANM,WE,Combined TRACON& Tower with Radar,3,47,21,0,71,0,1,6,0,7,3,48,27,0,78,34,0,34,112
06/16/2005,CPR,WY,ANM,WE,Combined TRACON& Tower with Radar,3,55,15,0,73,0,1,31,0,32,3,56,46,0,105,50,0,50,155
06/17/2005,CPR,WY,ANM,WE,Combined TRACON& Tower with Radar,4,43,18,0,65,0,0,36,0,36,4,43,54,0,101,24,0,24,125
06/18/2005,CPR,WY,ANM,WE,Combined TRACON& Tower with Radar,1,38,14,6,59,0,0,26,0,26,1,38,40,6,85,18,0,18,103
06/19/2005,CPR,WY,ANM,WE,Combined TRACON& Tower with Radar,0,31,7,0,38,0,2,29,0,31,0,33,36,0,69,38,0,38,107
06/20/2005,CPR,WY,ANM,WE,Combined TRACON& Tower with Radar,3,43,12,2,60,0,5,41,0,46,3,48,53,2,106,44,4,48,154
06/21/2005,CPR,WY,ANM,WE,Combined TRACON& Tower with Radar,2,47,21,3,73,1,0,45,0,46,3,47,66,3,119,12,4,16,135
06/22/2005,CPR,WY,ANM,WE,Combined TRACON& Tower with Radar,2,50,29,1,82,0,2,36,0,38,2,52,65,1,120,54,0,54,174
06/23/2005,CPR,WY,ANM,WE,Combined TRACON& Tower with Radar,2,44,23,2,71,0,0,32,3,35,2,44,55,5,106,66,10,76,182
06/24/2005,CPR,WY,ANM,WE,Combined TRACON& Tower with Radar,3,48,27,1,79,0,9,48,0,57,3,57,75,1,136,40,0,40,176
06/25/2005,CPR,WY,ANM,WE,Combined TRACON& Tower with Radar,3,41,11,6,61,0,0,38,0,38,3,41,49,6,99,42,0,42,141
06/26/2005,CPR,WY,ANM,WE,Combined TRACON& Tower with Radar,4,39,13,5,61,0,4,18,0,22,4,43,31,5,83,0,0,0,83
06/27/2005,CPR,WY,ANM,WE,Combined TRACON& Tower with Radar,1,53,26,2,82,0,2,41,0,43,1,55,67,2,125,94,0,94,219
06/28/2005,CPR,WY,ANM,WE,Combined TRACON& Tower with Radar,2,51,37,4,94,0,0,17,0,17,2,51,54,4,111,48,12,60,171
06/29/2005,CPR,WY,ANM,WE,Combined TRACON& Tower with Radar,2,47,24,0,73,0,15,39,0,54,2,62,63,0,127,48,0,48,175
06/30/2005,CPR,WY,ANM,WE,Combined TRACON& Tower with Radar,4,55,28,0,87,0,0,9,0,9,4,55,37,0,96,26,0,26,122
07/01/2005,CPR,WY,ANM,WE,Combined TRACON& Tower with Radar,3,49,16,0,68,0,0,30,0,30,3,49,46,0,98,39,0,39,137
07/02/2005,CPR,WY,ANM,WE,Combined TRACON& Tower with Radar,1,34,7,1,43,0,0,28,1,29,1,34,35,2,72,0,0,0,72
07/03/2005,CPR,WY,ANM,WE,Combined TRACON& Tower with Radar,0,23,2,1,26,0,0,17,1,18,0,23,19,2,44,2,0,2,46
07/04/2005,CPR,WY,ANM,WE,Combined TRACON& Tower with Radar,0,20,7,0,27,0,6,36,0,42,0,26,43,0,69,2,0,2,71
07/05/2005,CPR,WY,ANM,WE,Combined TRACON& Tower with Radar,1,44,12,0,57,0,2,41,0,43,1,46,53,0,100,78,0,78,178
07/06/2005,CPR,WY,ANM,WE,Combined TRACON& Tower with Radar,3,45,25,0,73,0,4,31,0,35,3,49,56,0,108,2,0,2,110
07/07/2005,CPR,WY,ANM,WE,Combined TRACON& Tower with Radar,4,53,21,4,82,0,7,40,0,47,4,60,61,4,129,20,0,20,149
07/08/2005,CPR,WY,ANM,WE,Combined TRACON& Tower with Radar,3,41,14,0,58,0,5,50,0,55,3,46,64,0,113,24,0,24,137
07/09/2005,CPR,WY,ANM,WE,Combined TRACON& Tower with Radar,2,39,6,0,47,0,5,43,0,48,2,44,49,0,95,24,0,24,119
07/10/2005,CPR,WY,ANM,WE,Combined TRACON& Tower with Radar,0,27,10,0,37,0,0,29,0,29,0,27,39,0,66,12,0,12,78
07/11/2005,CPR,WY,ANM,WE,Combined TRACON& Tower with Radar,1,49,19,0,69,0,0,44,0,44,1,49,63,0,113,22,0,22,135
07/12/2005,CPR,WY,ANM,WE,Combined TRACON& Tower with Radar,3,52,19,0,74,0,3,45,0,48,3,55,64,0,122,58,0,58,180
07/13/2005,CPR,WY,ANM,WE,Combined TRACON& Tower with Radar,2,47,19,0,68,0,8,36,0,44,2,55,55,0,112,36,0,36,148
07/14/2005,CPR,WY,ANM,WE,Combined TRACON& Tower with Radar,6,46,16,2,70,0,10,34,1,45,6,56,50,3,115,26,0,26,141
07/15/2005,CPR,WY,ANM,WE,Combined TRACON& Tower with Radar,4,41,28,2,75,0,0,48,0,48,4,41,76,2,123,38,0,38,161
07/16/2005,CPR,WY,ANM,WE,Combined TRACON& Tower with Radar,2,35,9,1,47,0,2,44,0,46,2,37,53,1,93,24,0,24,117
07/17/2005,CPR,WY,ANM,WE,Combined TRACON& Tower with Radar,0,31,12,1,44,0,3,25,0,28,0,34,37,1,72,10,0,10,82
07/18/2005,CPR,WY,ANM,WE,Combined TRACON& Tower with Radar,1,47,20,0,68,0,5,27,0,32,1,52,47,0,100,56,0,56,156
07/19/2005,CPR,WY,ANM,WE,Combined TRACON& Tower with Radar,5,50,19,0,74,0,8,23,0,31,5,58,42,0,105,32,0,32,137
07/20/2005,CPR,WY,ANM,WE,Combined TRACON& Tower with Radar,3,52,21,0,76,1,7,46,0,54,4,59,67,0,130,52,0,52,182
07/21/2005,CPR,WY,ANM,WE,Combined TRACON& Tower with Radar,3,53,16,0,72,0,1,51,3,55,3,54,67,3,127,10,0,10,137
07/22/2005,CPR,WY,ANM,WE,Combined TRACON& Tower with Radar,5,47,19,0,71,0,4,35,0,39,5,51,54,0,110,20,0,20,130
07/23/2005,CPR,WY,ANM,WE,Combined TRACON& Tower with Radar,1,33,15,0,49,0,0,25,0,25,1,33,40,0,74,12,0,12,86
07/24/2005,CPR,WY,ANM,WE,Combined TRACON& Tower with Radar,0,29,11,0,40,0,0,21,0,21,0,29,32,0,61,10,0,10,71
07/25/2005,CPR,WY,ANM,WE,Combined TRACON& Tower with Radar,1,43,20,0,64,0,1,31,0,32,1,44,51,0,96,16,0,16,112
07/26/2005,CPR,WY,ANM,WE,Combined TRACON& Tower with Radar,3,50,27,0,80,0,2,11,0,13,3,52,38,0,93,14,0,14,107
07/27/2005,CPR,WY,ANM,WE,Combined TRACON& Tower with Radar,2,46,18,0,66,0,2,66,0,68,2,48,84,0,134,30,0,30,164
07/28/2005,CPR,WY,ANM,WE,Combined TRACON& Tower with Radar,4,53,24,0,81,0,2,32,1,35,4,55,56,1,116,34,0,34,150
07/29/2005,CPR,WY,ANM,WE,Combined TRACON& Tower with Radar,3,49,21,3,76,0,4,24,0,28,3,53,45,3,104,6,2,8,112
07/30/2005,CPR,WY,ANM,WE,Combined TRACON& Tower with Radar,2,37,10,1,50,0,2,42,1,45,2,39,52,2,95,32,0,32,127
07/31/2005,CPR,WY,ANM,WE,Combined TRACON& Tower with Radar,0,31,12,4,47,0,3,41,0,44,0,34,53,4,91,8,4,12,103
08/01/2005,CPR,WY,ANM,WE,Combined TRACON& Tower with Radar,1,41,12,0,54,0,2,43,0,45,1,43,55,0,99,12,0,12,111
08/02/2005,CPR,WY,ANM,WE,Combined TRACON& Tower with Radar,2,45,23,3,73,1,5,35,0,41,3,50,58,3,114,66,8,74,188
08/03/2005,CPR,WY,ANM,WE,Combined TRACON& Tower with Radar,3,47,30,2,82,0,7,32,0,39,3,54,62,2,121,64,20,84,205
08/04/2005,CPR,WY,ANM,WE,Combined TRACON& Tower with Radar,2,53,17,0,72,0,0,28,0,28,2,53,45,0,100,12,4,16,116
08/05/2005,CPR,WY,ANM,WE,Combined TRACON& Tower with Radar,3,46,18,3,70,0,0,42,1,43,3,46,60,4,113,6,0,6,119
08/06/2005,CPR,WY,ANM,WE,Combined TRACON& Tower with Radar,2,33,8,0,43,0,0,31,0,31,2,33,39,0,74,38,0,38,112
08/07/2005,CPR,WY,ANM,WE,Combined TRACON& Tower with Radar,0,35,1,0,36,0,2,34,0,36,0,37,35,0,72,16,0,16,88
08/08/2005,CPR,WY,ANM,WE,Combined TRACON& Tower with Radar,2,46,27,0,75,0,0,29,0,29,2,46,56,0,104,14,0,14,118
08/09/2005,CPR,WY,ANM,WE,Combined TRACON& Tower with Radar,4,50,31,0,85,0,10,37,0,47,4,60,68,0,132,42,0,42,174
08/10/2005,CPR,WY,ANM,WE,Combined TRACON& Tower with Radar,6,57,18,0,81,0,6,23,0,29,6,63,41,0,110,24,0,24,134
08/11/2005,CPR,WY,ANM,WE,Combined TRACON& Tower with Radar,3,49,24,0,76,0,1,29,2,32,3,50,53,2,108,30,4,34,142
08/12/2005,CPR,WY,ANM,WE,Combined TRACON& Tower with Radar,3,48,25,0,76,0,2,13,0,15,3,50,38,0,91,26,0,26,117
08/13/2005,CPR,WY,ANM,WE,Combined TRACON& Tower with Radar,1,26,15,1,43,0,0,0,0,0,1,26,15,1,43,6,0,6,49
08/14/2005,CPR,WY,ANM,WE,Combined TRACON& Tower with Radar,0,30,15,0,45,0,6,8,0,14,0,36,23,0,59,8,1,9,68
08/15/2005,CPR,WY,ANM,WE,Combined TRACON& Tower with Radar,1,44,18,1,64,0,2,29,0,31,1,46,47,1,95,36,0,36,131
08/16/2005,CPR,WY,ANM,WE,Combined TRACON& Tower with Radar,3,50,13,5,71,0,4,26,0,30,3,54,39,5,101,26,0,26,127
08/17/2005,CPR,WY,ANM,WE,Combined TRACON& Tower with Radar,2,58,12,1,73,0,2,21,0,23,2,60,33,1,96,24,0,24,120
08/18/2005,CPR,WY,ANM,WE,Combined TRACON& Tower with Radar,3,48,29,1,81,0,8,32,1,41,3,56,61,2,122,16,0,16,138
08/19/2005,CPR,WY,ANM,WE,Combined TRACON& Tower with Radar,3,49,23,1,76,0,9,26,0,35,3,58,49,1,111,26,0,26,137
08/20/2005,CPR,WY,ANM,WE,Combined TRACON& Tower with Radar,1,36,16,0,53,0,0,46,0,46,1,36,62,0,99,82,0,82,181
08/21/2005,CPR,WY,ANM,WE,Combined TRACON& Tower with Radar,0,27,16,2,45,0,2,28,0,30,0,29,44,2,75,28,0,28,103
08/22/2005,CPR,WY,ANM,WE,Combined TRACON& Tower with Radar,2,39,18,0,59,0,8,16,0,24,2,47,34,0,83,46,0,46,129
08/23/2005,CPR,WY,ANM,WE,Combined TRACON& Tower with Radar,4,45,12,0,61,0,0,37,0,37,4,45,49,0,98,44,0,44,142
08/24/2005,CPR,WY,ANM,WE,Combined TRACON& Tower with Radar,3,47,27,3,80,0,1,26,3,30,3,48,53,6,110,100,0,100,210
08/25/2005,CPR,WY,ANM,WE,Combined TRACON& Tower with Radar,6,47,18,2,73,1,4,36,0,41,7,51,54,2,114,60,6,66,180
08/26/2005,CPR,WY,ANM,WE,Combined TRACON& Tower with Radar,3,12,48,1,64,0,32,2,0,34,3,44,50,1,98,54,0,54,152
08/27/2005,CPR,WY,ANM,WE,Combined TRACON& Tower with Radar,5,85,17,1,108,0,0,28,0,28,5,85,45,1,136,40,0,40,176
08/28/2005,CPR,WY,ANM,WE,Combined TRACON& Tower with Radar,0,28,6,1,35,0,0,23,0,23,0,28,29,1,58,40,0,40,98
08/29/2005,CPR,WY,ANM,WE,Combined TRACON& Tower with Radar,1,38,15,0,54,0,0,37,0,37,1,38,52,0,91,42,0,42,133
08/30/2005,CPR,WY,ANM,WE,Combined TRACON& Tower with Radar,3,52,24,0,79,0,5,18,4,27,3,57,42,4,106,72,0,72,178
08/31/2005,CPR,WY,ANM,WE,Combined TRACON& Tower with Radar,5,47,24,0,76,0,1,21,0,22,5,48,45,0,98,42,0,42,140
09/01/2005,CPR,WY,ANM,WE,Combined TRACON& Tower with Radar,4,46,33,0,83,0,6,46,2,54,4,52,79,2,137,84,0,84,221
09/02/2005,CPR,WY,ANM,WE,Combined TRACON& Tower with Radar,2,53,13,0,68,0,0,35,0,35,2,53,48,0,103,32,0,32,135
09/03/2005,CPR,WY,ANM,WE,Combined TRACON& Tower with Radar,2,34,6,0,42,0,4,11,0,15,2,38,17,0,57,0,0,0,57
09/04/2005,CPR,WY,ANM,WE,Combined TRACON& Tower with Radar,0,20,2,2,24,0,0,40,0,40,0,20,42,2,64,8,0,8,72
09/05/2005,CPR,WY,ANM,WE,Combined TRACON& Tower with Radar,0,26,4,0,30,0,2,36,0,38,0,28,40,0,68,24,0,24,92
09/06/2005,CPR,WY,ANM,WE,Combined TRACON& Tower with Radar,1,47,20,0,68,0,5,36,2,43,1,52,56,2,111,94,0,94,205
09/07/2005,CPR,WY,ANM,WE,Combined TRACON& Tower with Radar,3,54,24,5,86,0,13,38,0,51,3,67,62,5,137,38,6,44,181
09/08/2005,CPR,WY,ANM,WE,Combined TRACON& Tower with Radar,3,45,15,1,64,0,0,36,1,37,3,45,51,2,101,66,8,74,175
09/09/2005,CPR,WY,ANM,WE,Combined TRACON& Tower with Radar,3,50,15,1,69,0,2,31,0,33,3,52,46,1,102,38,2,40,142
09/10/2005,CPR,WY,ANM,WE,Combined TRACON& Tower with Radar,2,37,11,0,50,0,0,10,1,11,2,37,21,1,61,4,0,4,65
09/11/2005,CPR,WY,ANM,WE,Combined TRACON& Tower with Radar,0,31,12,0,43,0,0,16,0,16,0,31,28,0,59,24,0,24,83
09/12/2005,CPR,WY,ANM,WE,Combined TRACON& Tower with Radar,1,41,11,1,54,0,0,32,3,35,1,41,43,4,89,40,0,40,129
09/13/2005,CPR,WY,ANM,WE,Combined TRACON& Tower with Radar,5,41,11,3,60,0,0,46,1,47,5,41,57,4,107,56,4,60,167
09/14/2005,CPR,WY,ANM,WE,Combined TRACON& Tower with Radar,3,52,14,0,69,0,2,19,0,21,3,54,33,0,90,38,0,38,128
09/15/2005,CPR,WY,ANM,WE,Combined TRACON& Tower with Radar,4,46,23,6,79,0,0,24,3,27,4,46,47,9,106,44,14,58,164
09/16/2005,CPR,WY,ANM,WE,Combined TRACON& Tower with Radar,3,48,27,0,78,0,4,27,0,31,3,52,54,0,109,34,0,34,143
09/17/2005,CPR,WY,ANM,WE,Combined TRACON& Tower with Radar,1,21,12,0,34,0,0,5,0,5,1,21,17,0,39,16,0,16,55
09/18/2005,CPR,WY,ANM,WE,Combined TRACON& Tower with Radar,1,25,6,0,32,0,2,30,1,33,1,27,36,1,65,56,0,56,121
09/19/2005,CPR,WY,ANM,WE,Combined TRACON& Tower with Radar,1,39,17,0,57,0,7,26,0,33,1,46,43,0,90,2,0,2,92
09/20/2005,CPR,WY,ANM,WE,Combined TRACON& Tower with Radar,3,42,21,0,66,0,4,36,0,40,3,46,57,0,106,68,0,68,174
09/21/2005,CPR,WY,ANM,WE,Combined TRACON& Tower with Radar,5,47,23,0,75,0,3,12,0,15,5,50,35,0,90,26,0,26,116
09/22/2005,CPR,WY,ANM,WE,Combined TRACON& Tower with Radar,5,48,22,1,76,0,0,23,1,24,5,48,45,2,100,52,0,52,152
09/23/2005,CPR,WY,ANM,WE,Combined TRACON& Tower with Radar,3,51,11,0,65,0,1,24,0,25,3,52,35,0,90,22,0,22,112
09/24/2005,CPR,WY,ANM,WE,Combined TRACON& Tower with Radar,1,35,12,0,48,0,0,0,0,0,1,35,12,0,48,0,0,0,48
09/25/2005,CPR,WY,ANM,WE,Combined TRACON& Tower with Radar,0,26,12,0,38,0,0,12,0,12,0,26,24,0,50,8,0,8,58
09/26/2005,CPR,WY,ANM,WE,Combined TRACON& Tower with Radar,3,48,8,0,59,0,0,31,1,32,3,48,39,1,91,72,0,72,163
09/27/2005,CPR,WY,ANM,WE,Combined TRACON& Tower with Radar,5,48,7,0,60,0,2,36,0,38,5,50,43,0,98,60,0,60,158
09/28/2005,CPR,WY,ANM,WE,Combined TRACON& Tower with Radar,3,47,32,0,82,0,0,11,0,11,3,47,43,0,93,10,0,10,103
09/29/2005,CPR,WY,ANM,WE,Combined TRACON& Tower with Radar,7,53,19,0,79,0,4,47,0,51,7,57,66,0,130,58,0,58,188
09/30/2005,CPR,WY,ANM,WE,Combined TRACON& Tower with Radar,3,45,26,0,74,0,10,19,0,29,3,55,45,0,103,24,0,24,127
10/01/2005,CPR,WY,ANM,WE,Combined TRACON& Tower with Radar,1,30,4,0,35,0,2,10,4,16,1,32,14,4,51,2,0,2,53
10/02/2005,CPR,WY,ANM,WE,Combined TRACON& Tower with Radar,0,28,6,0,34,0,2,32,0,34,0,30,38,0,68,14,0,14,82
10/03/2005,CPR,WY,ANM,WE,Combined TRACON& Tower with Radar,1,37,14,0,52,0,0,25,0,25,1,37,39,0,77,28,0,28,105
10/04/2005,CPR,WY,ANM,WE,Combined TRACON& Tower with Radar,2,50,21,0,73,0,0,3,0,3,2,50,24,0,76,0,0,0,76
10/05/2005,CPR,WY,ANM,WE,Combined TRACON& Tower with Radar,2,55,23,0,80,0,4,19,0,23,2,59,42,0,103,4,0,4,107
10/06/2005,CPR,WY,ANM,WE,Combined TRACON& Tower with Radar,3,50,28,2,83,0,4,9,1,14,3,54,37,3,97,12,2,14,111
10/07/2005,CPR,WY,ANM,WE,Combined TRACON& Tower with Radar,3,49,19,2,73,0,2,39,3,44,3,51,58,5,117,62,16,78,195
10/08/2005,CPR,WY,ANM,WE,Combined TRACON& Tower with Radar,3,30,5,0,38,0,0,18,3,21,3,30,23,3,59,8,0,8,67
10/09/2005,CPR,WY,ANM,WE,Combined TRACON& Tower with Radar,0,23,13,0,36,0,0,0,0,0,0,23,13,0,36,0,0,0,36
10/10/2005,CPR,WY,ANM,WE,Combined TRACON& Tower with Radar,1,39,10,0,50,0,2,9,0,11,1,41,19,0,61,4,0,4,65
10/11/2005,CPR,WY,ANM,WE,Combined TRACON& Tower with Radar,2,53,12,0,67,0,0,38,0,38,2,53,50,0,105,62,0,62,167
10/12/2005,CPR,WY,ANM,WE,Combined TRACON& Tower with Radar,4,51,14,0,69,0,0,34,0,34,4,51,48,0,103,70,0,70,173
10/13/2005,CPR,WY,ANM,WE,Combined TRACON& Tower with Radar,2,41,34,4,81,0,12,35,0,47,2,53,69,4,128,76,0,76,204
10/14/2005,CPR,WY,ANM,WE,Combined TRACON& Tower with Radar,4,51,11,1,67,0,1,36,1,38,4,52,47,2,105,64,0,64,169
10/15/2005,CPR,WY,ANM,WE,Combined TRACON& Tower with Radar,1,35,7,0,43,0,0,32,0,32,1,35,39,0,75,6,0,6,81
10/16/2005,CPR,WY,ANM,WE,Combined TRACON& Tower with Radar,0,22,8,2,32,0,7,34,0,41,0,29,42,2,73,8,0,8,81
10/17/2005,CPR,WY,ANM,WE,Combined TRACON& Tower with Radar,1,38,6,2,47,0,1,28,0,29,1,39,34,2,76,62,0,62,138
10/18/2005,CPR,WY,ANM,WE,Combined TRACON& Tower with Radar,2,48,18,0,68,0,4,24,0,28,2,52,42,0,96,68,0,68,164
10/19/2005,CPR,WY,ANM,WE,Combined TRACON& Tower with Radar,2,48,23,1,74,0,9,29,1,39,2,57,52,2,113,100,0,100,213
10/20/2005,CPR,WY,ANM,WE,Combined TRACON& Tower with Radar,2,51,30,0,83,0,4,28,0,32,2,55,58,0,115,78,0,78,193
10/21/2005,CPR,WY,ANM,WE,Combined TRACON& Tower with Radar,3,47,15,0,65,0,0,34,0,34,3,47,49,0,99,58,0,58,157
10/22/2005,CPR,WY,ANM,WE,Combined TRACON& Tower with Radar,3,32,9,0,44,0,4,22,0,26,3,36,31,0,70,20,0,20,90
10/23/2005,CPR,WY,ANM,WE,Combined TRACON& Tower with Radar,0,23,20,2,45,0,4,32,0,36,0,27,52,2,81,44,0,44,125
10/24/2005,CPR,WY,ANM,WE,Combined TRACON& Tower with Radar,3,42,17,1,63,0,3,45,0,48,3,45,62,1,111,86,0,86,197
10/25/2005,CPR,WY,ANM,WE,Combined TRACON& Tower with Radar,3,50,17,0,70,0,2,49,0,51,3,52,66,0,121,76,0,76,197
10/26/2005,CPR,WY,ANM,WE,Combined TRACON& Tower with Radar,2,42,23,0,67,0,1,37,0,38,2,43,60,0,105,56,0,56,161
10/27/2005,CPR,WY,ANM,WE,Combined TRACON& Tower with Radar,4,38,22,0,64,0,6,24,0,30,4,44,46,0,94,66,0,66,160
10/28/2005,CPR,WY,ANM,WE,Combined TRACON& Tower with Radar,6,51,20,0,77,0,2,17,0,19,6,53,37,0,96,22,0,22,118
10/29/2005,CPR,WY,ANM,WE,Combined TRACON& Tower with Radar,3,28,14,0,45,0,3,14,0,17,3,31,28,0,62,32,0,32,94
10/30/2005,CPR,WY,ANM,WE,Combined TRACON& Tower with Radar,0,21,6,0,27,0,0,26,0,26,0,21,32,0,53,28,0,28,81
10/31/2005,CPR,WY,ANM,WE,Combined TRACON& Tower with Radar,1,36,10,2,49,0,10,21,0,31,1,46,31,2,80,4,0,4,84
11/01/2005,CPR,WY,ANM,WE,Combined TRACON& Tower with Radar,5,45,19,0,69,0,7,28,1,36,5,52,47,1,105,36,0,36,141
11/02/2005,CPR,WY,ANM,WE,Combined TRACON& Tower with Radar,3,42,24,0,69,0,9,14,0,23,3,51,38,0,92,4,0,4,96
11/03/2005,CPR,WY,ANM,WE,Combined TRACON& Tower with Radar,3,49,19,2,73,0,6,17,0,23,3,55,36,2,96,0,0,0,96
11/04/2005,CPR,WY,ANM,WE,Combined TRACON& Tower with Radar,2,42,11,0,55,0,7,20,3,30,2,49,31,3,85,0,0,0,85
11/05/2005,CPR,WY,ANM,WE,Combined TRACON& Tower with Radar,1,26,5,0,32,0,3,19,0,22,1,29,24,0,54,38,0,38,92
11/06/2005,CPR,WY,ANM,WE,Combined TRACON& Tower with Radar,2,19,9,0,30,0,0,15,0,15,2,19,24,0,45,6,0,6,51
11/07/2005,CPR,WY,ANM,WE,Combined TRACON& Tower with Radar,1,38,40,0,79,0,4,38,0,42,1,42,78,0,121,78,0,78,199
11/08/2005,CPR,WY,ANM,WE,Combined TRACON& Tower with Radar,3,49,19,0,71,0,1,18,0,19,3,50,37,0,90,24,0,24,114
11/09/2005,CPR,WY,ANM,WE,Combined TRACON& Tower with Radar,6,40,16,0,62,0,9,51,0,60,6,49,67,0,122,128,0,128,250
11/10/2005,CPR,WY,ANM,WE,Combined TRACON& Tower with Radar,4,45,27,11,87,0,12,39,1,52,4,57,66,12,139,62,0,62,201
11/11/2005,CPR,WY,ANM,WE,Combined TRACON& Tower with Radar,3,46,18,0,67,0,0,25,0,25,3,46,43,0,92,98,0,98,190
11/12/2005,CPR,WY,ANM,WE,Combined TRACON& Tower with Radar,2,34,7,0,43,0,4,7,0,11,2,38,14,0,54,20,0,20,74
11/13/2005,CPR,WY,ANM,WE,Combined TRACON& Tower with Radar,0,22,14,6,42,0,0,29,0,29,0,22,43,6,71,78,0,78,149
11/14/2005,CPR,WY,ANM,WE,Combined TRACON& Tower with Radar,1,34,16,1,52,0,0,2,0,2,1,34,18,1,54,0,0,0,54
11/15/2005,CPR,WY,ANM,WE,Combined TRACON& Tower with Radar,3,45,11,0,59,0,3,24,1,28,3,48,35,1,87,16,0,16,103
11/16/2005,CPR,WY,ANM,WE,Combined TRACON& Tower with Radar,3,48,20,0,71,0,5,40,0,45,3,53,60,0,116,52,0,52,168
11/17/2005,CPR,WY,ANM,WE,Combined TRACON& Tower with Radar,3,49,21,4,77,0,0,11,0,11,3,49,32,4,88,44,0,44,132
11/18/2005,CPR,WY,ANM,WE,Combined TRACON& Tower with Radar,4,45,28,0,77,0,9,19,0,28,4,54,47,0,105,24,0,24,129
11/19/2005,CPR,WY,ANM,WE,Combined TRACON& Tower with Radar,1,27,12,0,40,0,2,27,2,31,1,29,39,2,71,32,0,32,103
11/20/2005,CPR,WY,ANM,WE,Combined TRACON& Tower with Radar,0,25,10,0,35,0,6,32,1,39,0,31,42,1,74,34,0,34,108
11/21/2005,CPR,WY,ANM,WE,Combined TRACON& Tower with Radar,1,42,21,0,64,0,5,50,0,55,1,47,71,0,119,38,0,38,157
11/22/2005,CPR,WY,ANM,WE,Combined TRACON& Tower with Radar,3,51,16,0,70,0,4,29,0,33,3,55,45,0,103,40,0,40,143
11/23/2005,CPR,WY,ANM,WE,Combined TRACON& Tower with Radar,4,46,18,0,68,0,2,32,0,34,4,48,50,0,102,30,0,30,132
11/24/2005,CPR,WY,ANM,WE,Combined TRACON& Tower with Radar,1,13,4,0,18,0,1,14,0,15,1,14,18,0,33,6,0,6,39
11/25/2005,CPR,WY,ANM,WE,Combined TRACON& Tower with Radar,3,31,6,0,40,0,4,25,0,29,3,35,31,0,69,24,0,24,93
11/26/2005,CPR,WY,ANM,WE,Combined TRACON& Tower with Radar,2,29,0,0,31,0,2,7,0,9,2,31,7,0,40,4,0,4,44
11/27/2005,CPR,WY,ANM,WE,Combined TRACON& Tower with Radar,0,22,5,0,27,0,0,4,0,4,0,22,9,0,31,0,0,0,31
11/28/2005,CPR,WY,ANM,WE,Combined TRACON& Tower with Radar,1,42,19,0,62,0,0,1,0,1,1,42,20,0,63,18,0,18,81
11/29/2005,CPR,WY,ANM,WE,Combined TRACON& Tower with Radar,4,45,15,0,64,0,2,20,0,22,4,47,35,0,86,54,0,54,140
11/30/2005,CPR,WY,ANM,WE,Combined TRACON& Tower with Radar,4,42,10,0,56,0,0,0,0,0,4,42,10,0,56,0,0,0,56
12/01/2005,CPR,WY,ANM,WE,Combined TRACON& Tower with Radar,5,38,27,2,72,0,0,22,0,22,5,38,49,2,94,50,0,50,144
12/02/2005,CPR,WY,ANM,WE,Combined TRACON& Tower with Radar,8,56,8,2,74,1,0,16,0,17,9,56,24,2,91,12,4,16,107
12/03/2005,CPR,WY,ANM,WE,Combined TRACON& Tower with Radar,2,34,10,0,46,0,1,14,0,15,2,35,24,0,61,8,0,8,69
12/04/2005,CPR,WY,ANM,WE,Combined TRACON& Tower with Radar,0,27,14,0,41,0,2,14,0,16,0,29,28,0,57,24,0,24,81
12/05/2005,CPR,WY,ANM,WE,Combined TRACON& Tower with Radar,1,41,28,0,70,0,0,14,0,14,1,41,42,0,84,46,0,46,130
12/06/2005,CPR,WY,ANM,WE,Combined TRACON& Tower with Radar,7,56,10,0,73,0,5,0,0,5,7,61,10,0,78,0,0,0,78
12/07/2005,CPR,WY,ANM,WE,Combined TRACON& Tower with Radar,5,48,31,0,84,0,1,19,0,20,5,49,50,0,104,40,0,40,144
12/08/2005,CPR,WY,ANM,WE,Combined TRACON& Tower with Radar,4,52,18,0,74,0,2,11,0,13,4,54,29,0,87,0,0,0,87
12/09/2005,CPR,WY,ANM,WE,Combined TRACON& Tower with Radar,7,38,22,0,67,0,0,13,0,13,7,38,35,0,80,14,0,14,94
12/10/2005,CPR,WY,ANM,WE,Combined TRACON& Tower with Radar,2,34,8,0,44,0,2,20,0,22,2,36,28,0,66,76,0,76,142
12/11/2005,CPR,WY,ANM,WE,Combined TRACON& Tower with Radar,0,21,9,0,30,0,0,13,0,13,0,21,22,0,43,4,0,4,47
12/12/2005,CPR,WY,ANM,WE,Combined TRACON& Tower with Radar,1,41,12,0,54,0,4,30,0,34,1,45,42,0,88,30,0,30,118
12/13/2005,CPR,WY,ANM,WE,Combined TRACON& Tower with Radar,3,53,12,0,68,0,1,2,0,3,3,54,14,0,71,16,0,16,87
12/14/2005,CPR,WY,ANM,WE,Combined TRACON& Tower with Radar,3,46,19,0,68,0,5,8,0,13,3,51,27,0,81,8,0,8,89
12/15/2005,CPR,WY,ANM,WE,Combined TRACON& Tower with Radar,3,53,14,0,70,0,1,22,0,23,3,54,36,0,93,2,0,2,95
12/16/2005,CPR,WY,ANM,WE,Combined TRACON& Tower with Radar,4,46,14,0,64,0,2,9,0,11,4,48,23,0,75,62,0,62,137
12/17/2005,CPR,WY,ANM,WE,Combined TRACON& Tower with Radar,2,36,8,0,46,0,3,6,0,9,2,39,14,0,55,0,0,0,55
12/18/2005,CPR,WY,ANM,WE,Combined TRACON& Tower with Radar,0,26,7,0,33,0,0,17,2,19,0,26,24,2,52,8,0,8,60
12/19/2005,CPR,WY,ANM,WE,Combined TRACON& Tower with Radar,1,41,18,1,61,0,6,39,1,46,1,47,57,2,107,92,2,94,201
12/20/2005,CPR,WY,ANM,WE,Combined TRACON& Tower with Radar,3,45,9,0,57,0,3,26,0,29,3,48,35,0,86,26,0,26,112
12/21/2005,CPR,WY,ANM,WE,Combined TRACON& Tower with Radar,3,52,15,2,72,0,3,30,0,33,3,55,45,2,105,48,0,48,153
12/22/2005,CPR,WY,ANM,WE,Combined TRACON& Tower with Radar,2,54,20,0,76,0,2,12,0,14,2,56,32,0,90,0,0,0,90
12/23/2005,CPR,WY,ANM,WE,Combined TRACON& Tower with Radar,6,45,9,0,60,0,4,17,0,21,6,49,26,0,81,44,0,44,125
12/24/2005,CPR,WY,ANM,WE,Combined TRACON& Tower with Radar,2,28,3,0,33,0,1,9,0,10,2,29,12,0,43,2,0,2,45
12/25/2005,CPR,WY,ANM,WE,Combined TRACON& Tower with Radar,0,16,6,0,22,0,1,0,0,1,0,17,6,0,23,0,0,0,23
12/26/2005,CPR,WY,ANM,WE,Combined TRACON& Tower with Radar,0,20,9,2,31,0,2,23,0,25,0,22,32,2,56,52,0,52,108
12/27/2005,CPR,WY,ANM,WE,Combined TRACON& Tower with Radar,5,41,10,0,56,0,3,24,0,27,5,44,34,0,83,36,0,36,119
12/28/2005,CPR,WY,ANM,WE,Combined TRACON& Tower with Radar,3,36,9,0,48,0,6,12,0,18,3,42,21,0,66,8,0,8,74
12/29/2005,CPR,WY,ANM,WE,Combined TRACON& Tower with Radar,3,40,8,0,51,0,6,4,0,10,3,46,12,0,61,0,0,0,61
12/30/2005,CPR,WY,ANM,WE,Combined TRACON& Tower with Radar,4,51,17,0,72,0,2,21,0,23,4,53,38,0,95,22,0,22,117
12/31/2005,CPR,WY,ANM,WE,Combined TRACON& Tower with Radar,2,28,6,0,36,0,1,12,0,13,2,29,18,0,49,2,0,2,51
01/01/2006,CPR,WY,ANM,WE,Combined TRACON& Tower with Radar,0,24,0,0,24,0,0,4,0,4,0,24,4,0,28,18,0,18,46
01/02/2006,CPR,WY,ANM,WE,Combined TRACON& Tower with Radar,0,24,9,2,35,0,2,16,0,18,0,26,25,2,53,0,0,0,53
01/03/2006,CPR,WY,ANM,WE,Combined TRACON& Tower with Radar,3,50,12,0,65,0,1,6,0,7,3,51,18,0,72,30,0,30,102
01/04/2006,CPR,WY,ANM,WE,Combined TRACON& Tower with Radar,3,47,17,2,69,0,4,27,0,31,3,51,44,2,100,46,0,46,146
01/05/2006,CPR,WY,ANM,WE,Combined TRACON& Tower with Radar,3,40,17,0,60,0,2,25,0,27,3,42,42,0,87,52,0,52,139
01/06/2006,CPR,WY,ANM,WE,Combined TRACON& Tower with Radar,5,44,13,0,62,0,3,21,0,24,5,47,34,0,86,2,0,2,88
01/07/2006,CPR,WY,ANM,WE,Combined TRACON& Tower with Radar,2,38,1,0,41,0,0,13,0,13,2,38,14,0,54,0,0,0,54
01/08/2006,CPR,WY,ANM,WE,Combined TRACON& Tower with Radar,0,18,4,0,22,0,0,4,0,4,0,18,8,0,26,0,0,0,26
01/09/2006,CPR,WY,ANM,WE,Combined TRACON& Tower with Radar,1,33,16,0,50,0,0,21,0,21,1,33,37,0,71,12,0,12,83
01/10/2006,CPR,WY,ANM,WE,Combined TRACON& Tower with Radar,2,42,23,0,67,0,2,9,0,11,2,44,32,0,78,4,0,4,82
01/11/2006,CPR,WY,ANM,WE,Combined TRACON& Tower with Radar,3,47,15,0,65,0,1,8,0,9,3,48,23,0,74,16,0,16,90
01/12/2006,CPR,WY,ANM,WE,Combined TRACON& Tower with Radar,4,46,14,2,66,0,1,20,0,21,4,47,34,2,87,39,4,43,130
01/13/2006,CPR,WY,ANM,WE,Combined TRACON& Tower with Radar,4,47,10,0,61,0,1,13,0,14,4,48,23,0,75,4,0,4,79
01/14/2006,CPR,WY,ANM,WE,Combined TRACON& Tower with Radar,3,28,6,0,37,0,1,12,0,13,3,29,18,0,50,0,0,0,50
01/15/2006,CPR,WY,ANM,WE,Combined TRACON& Tower with Radar,0,21,8,0,29,0,0,17,0,17,0,21,25,0,46,6,0,6,52
01/16/2006,CPR,WY,ANM,WE,Combined TRACON& Tower with Radar,2,29,15,2,48,0,0,15,0,15,2,29,30,2,63,24,0,24,87
01/17/2006,CPR,WY,ANM,WE,Combined TRACON& Tower with Radar,3,41,11,3,58,0,5,14,2,21,3,46,25,5,79,0,8,8,87
01/18/2006,CPR,WY,ANM,WE,Combined TRACON& Tower with Radar,3,46,15,2,66,0,0,13,0,13,3,46,28,2,79,18,0,18,97
01/19/2006,CPR,WY,ANM,WE,Combined TRACON& Tower with Radar,3,46,14,2,65,0,3,27,0,30,3,49,41,2,95,22,0,22,117
01/20/2006,CPR,WY,ANM,WE,Combined TRACON& Tower with Radar,3,55,10,1,69,0,2,27,0,29,3,57,37,1,98,34,0,34,132
01/21/2006,CPR,WY,ANM,WE,Combined TRACON& Tower with Radar,2,27,5,0,34,0,0,18,0,18,2,27,23,0,52,22,0,22,74
01/22/2006,CPR,WY,ANM,WE,Combined TRACON& Tower with Radar,0,19,5,0,24,0,0,19,0,19,0,19,24,0,43,38,0,38,81
01/23/2006,CPR,WY,ANM,WE,Combined TRACON& Tower with Radar,1,44,21,0,66,0,2,21,1,24,1,46,42,1,90,30,0,30,120
01/24/2006,CPR,WY,ANM,WE,Combined TRACON& Tower with Radar,2,44,25,0,71,0,9,37,0,46,2,53,62,0,117,22,0,22,139
01/25/2006,CPR,WY,ANM,WE,Combined TRACON& Tower with Radar,3,49,18,0,70,0,0,28,0,28,3,49,46,0,98,6,0,6,104
01/26/2006,CPR,WY,ANM,WE,Combined TRACON& Tower with Radar,3,51,15,0,69,0,0,5,0,5,3,51,20,0,74,6,0,6,80
01/27/2006,CPR,WY,ANM,WE,Combined TRACON& Tower with Radar,3,51,9,0,63,0,0,11,0,11,3,51,20,0,74,2,0,2,76
01/28/2006,CPR,WY,ANM,WE,Combined TRACON& Tower with Radar,2,28,4,0,34,0,1,8,0,9,2,29,12,0,43,0,0,0,43
01/29/2006,CPR,WY,ANM,WE,Combined TRACON& Tower with Radar,0,20,5,0,25,0,0,18,0,18,0,20,23,0,43,0,0,0,43
01/30/2006,CPR,WY,ANM,WE,Combined TRACON& Tower with Radar,1,37,8,0,46,0,7,15,0,22,1,44,23,0,68,0,0,0,68
01/31/2006,CPR,WY,ANM,WE,Combined TRACON& Tower with Radar,3,45,10,0,58,0,0,6,0,6,3,45,16,0,64,30,0,30,94
02/01/2006,CPR,WY,ANM,WE,Combined TRACON& Tower with Radar,3,49,26,0,78,0,2,11,0,13,3,51,37,0,91,14,0,14,105
02/02/2006,CPR,WY,ANM,WE,Combined TRACON& Tower with Radar,4,42,15,0,61,0,5,9,0,14,4,47,24,0,75,26,0,26,101
02/03/2006,CPR,WY,ANM,WE,Combined TRACON& Tower with Radar,3,42,16,2,63,0,7,14,0,21,3,49,30,2,84,26,0,26,110
02/04/2006,CPR,WY,ANM,WE,Combined TRACON& Tower with Radar,2,25,8,0,35,0,1,20,0,21,2,26,28,0,56,22,0,22,78
02/05/2006,CPR,WY,ANM,WE,Combined TRACON& Tower with Radar,0,20,10,0,30,0,0,16,0,16,0,20,26,0,46,10,0,10,56
02/06/2006,CPR,WY,ANM,WE,Combined TRACON& Tower with Radar,1,39,21,0,61,0,3,25,0,28,1,42,46,0,89,62,0,62,151
02/07/2006,CPR,WY,ANM,WE,Combined TRACON& Tower with Radar,3,45,21,0,69,0,6,30,0,36,3,51,51,0,105,24,0,24,129
02/08/2006,CPR,WY,ANM,WE,Combined TRACON& Tower with Radar,2,41,16,0,59,0,1,45,0,46,2,42,61,0,105,46,0,46,151
02/09/2006,CPR,WY,ANM,WE,Combined TRACON& Tower with Radar,4,47,18,0,69,0,0,7,0,7,4,47,25,0,76,0,0,0,76
02/10/2006,CPR,WY,ANM,WE,Combined TRACON& Tower with Radar,3,48,19,2,72,0,0,26,0,26,3,48,45,2,98,36,24,60,158
02/11/2006,CPR,WY,ANM,WE,Combined TRACON& Tower with Radar,2,30,4,0,36,0,0,20,0,20,2,30,24,0,56,72,0,72,128
02/12/2006,CPR,WY,ANM,WE,Combined TRACON& Tower with Radar,0,20,7,0,27,0,2,62,0,64,0,22,69,0,91,122,0,122,213
02/13/2006,CPR,WY,ANM,WE,Combined TRACON& Tower with Radar,4,37,13,0,54,0,5,32,0,37,4,42,45,0,91,48,0,48,139
02/14/2006,CPR,WY,ANM,WE,Combined TRACON& Tower with Radar,2,42,11,0,55,0,0,7,0,7,2,42,18,0,62,8,0,8,70
02/15/2006,CPR,WY,ANM,WE,Combined TRACON& Tower with Radar,3,46,14,0,63,0,0,0,0,0,3,46,14,0,63,0,0,0,63
02/16/2006,CPR,WY,ANM,WE,Combined TRACON& Tower with Radar,5,47,20,0,72,0,2,0,0,2,5,49,20,0,74,2,0,2,76
02/17/2006,CPR,WY,ANM,WE,Combined TRACON& Tower with Radar,4,50,13,0,67,0,1,1,0,2,4,51,14,0,69,0,0,0,69
02/18/2006,CPR,WY,ANM,WE,Combined TRACON& Tower with Radar,0,35,12,0,47,0,0,8,0,8,0,35,20,0,55,16,0,16,71
02/19/2006,CPR,WY,ANM,WE,Combined TRACON& Tower with Radar,2,24,7,0,33,0,6,9,0,15,2,30,16,0,48,4,0,4,52
02/20/2006,CPR,WY,ANM,WE,Combined TRACON& Tower with Radar,1,33,16,0,50,0,8,17,0,25,1,41,33,0,75,8,0,8,83
02/21/2006,CPR,WY,ANM,WE,Combined TRACON& Tower with Radar,4,39,15,0,58,0,7,30,0,37,4,46,45,0,95,50,0,50,145
02/22/2006,CPR,WY,ANM,WE,Combined TRACON& Tower with Radar,3,55,30,0,88,0,2,21,0,23,3,57,51,0,111,4,0,4,115
02/23/2006,CPR,WY,ANM,WE,Combined TRACON& Tower with Radar,3,44,22,0,69,0,2,25,0,27,3,46,47,0,96,18,0,18,114
02/24/2006,CPR,WY,ANM,WE,Combined TRACON& Tower with Radar,2,51,11,0,64,0,0,14,0,14,2,51,25,0,78,4,0,4,82
02/25/2006,CPR,WY,ANM,WE,Combined TRACON& Tower with Radar,2,33,7,4,46,0,6,14,0,20,2,39,21,4,66,4,0,4,70
02/26/2006,CPR,WY,ANM,WE,Combined TRACON& Tower with Radar,0,23,2,0,25,0,0,30,0,30,0,23,32,0,55,26,0,26,81
02/27/2006,CPR,WY,ANM,WE,Combined TRACON& Tower with Radar,1,42,13,0,56,0,13,33,0,46,1,55,46,0,102,78,0,78,180
02/28/2006,CPR,WY,ANM,WE,Combined TRACON& Tower with Radar,3,51,17,3,74,0,5,13,1,19,3,56,30,4,93,26,0,26,119
03/01/2006,CPR,WY,ANM,WE,Combined TRACON& Tower with Radar,5,41,21,0,67,0,6,38,0,44,5,47,59,0,111,128,0,128,239
03/02/2006,CPR,WY,ANM,WE,Combined TRACON& Tower with Radar,4,39,22,1,66,0,9,42,0,51,4,48,64,1,117,128,2,130,247
03/03/2006,CPR,WY,ANM,WE,Combined TRACON& Tower with Radar,4,44,7,3,58,1,7,50,3,61,5,51,57,6,119,88,0,88,207
03/04/2006,CPR,WY,ANM,WE,Combined TRACON& Tower with Radar,2,29,9,0,40,0,1,4,0,5,2,30,13,0,45,8,0,8,53
03/05/2006,CPR,WY,ANM,WE,Combined TRACON& Tower with Radar,0,25,3,2,30,0,0,19,1,20,0,25,22,3,50,30,0,30,80
03/06/2006,CPR,WY,ANM,WE,Combined TRACON& Tower with Radar,1,42,13,0,56,0,2,25,0,27,1,44,38,0,83,20,0,20,103
03/07/2006,CPR,WY,ANM,WE,Combined TRACON& Tower with Radar,3,47,12,2,64,0,6,13,0,19,3,53,25,2,83,24,0,24,107
03/08/2006,CPR,WY,ANM,WE,Combined TRACON& Tower with Radar,4,53,11,4,72,0,3,12,0,15,4,56,23,4,87,38,4,42,129
03/09/2006,CPR,WY,ANM,WE,Combined TRACON& Tower with Radar,3,49,10,1,63,0,0,17,1,18,3,49,27,2,81,34,0,34,115
03/10/2006,CPR,WY,ANM,WE,Combined TRACON& Tower with Radar,2,53,15,0,70,0,10,17,0,27,2,63,32,0,97,44,0,44,141
03/11/2006,CPR,WY,ANM,WE,Combined TRACON& Tower with Radar,2,32,9,0,43,0,0,18,0,18,2,32,27,0,61,52,0,52,113
03/12/2006,CPR,WY,ANM,WE,Combined TRACON& Tower with Radar,0,15,3,0,18,0,0,0,0,0,0,15,3,0,18,0,0,0,18
03/13/2006,CPR,WY,ANM,WE,Combined TRACON& Tower with Radar,1,41,24,2,68,0,6,24,0,30,1,47,48,2,98,30,0,30,128
03/14/2006,CPR,WY,ANM,WE,Combined TRACON& Tower with Radar,3,48,19,0,70,0,4,25,0,29,3,52,44,0,99,20,0,20,119
03/15/2006,CPR,WY,ANM,WE,Combined TRACON& Tower with Radar,3,45,14,0,62,0,0,16,0,16,3,45,30,0,78,44,0,44,122
03/16/2006,CPR,WY,ANM,WE,Combined TRACON& Tower with Radar,3,46,23,0,72,0,5,25,0,30,3,51,48,0,102,34,0,34,136
03/17/2006,CPR,WY,ANM,WE,Combined TRACON& Tower with Radar,3,40,15,0,58,0,0,22,0,22,3,40,37,0,80,28,0,28,108
03/18/2006,CPR,WY,ANM,WE,Combined TRACON& Tower with Radar,2,40,10,0,52,0,0,8,0,8,2,40,18,0,60,28,0,28,88
03/19/2006,CPR,WY,ANM,WE,Combined TRACON& Tower with Radar,0,18,2,0,20,0,0,0,0,0,0,18,2,0,20,0,0,0,20
03/20/2006,CPR,WY,ANM,WE,Combined TRACON& Tower with Radar,3,38,17,0,58,0,1,1,0,2,3,39,18,0,60,12,0,12,72
03/21/2006,CPR,WY,ANM,WE,Combined TRACON& Tower with Radar,3,44,21,0,68,0,6,11,0,17,3,50,32,0,85,40,0,40,125
03/22/2006,CPR,WY,ANM,WE,Combined TRACON& Tower with Radar,3,52,23,0,78,0,4,21,0,25,3,56,44,0,103,50,0,50,153
03/23/2006,CPR,WY,ANM,WE,Combined TRACON& Tower with Radar,5,42,26,1,74,0,6,27,1,34,5,48,53,2,108,70,0,70,178
03/24/2006,CPR,WY,ANM,WE,Combined TRACON& Tower with Radar,2,41,23,2,68,0,2,36,0,38,2,43,59,2,106,32,0,32,138
03/25/2006,CPR,WY,ANM,WE,Combined TRACON& Tower with Radar,2,36,13,0,51,0,3,43,0,46,2,39,56,0,97,56,0,56,153
03/26/2006,CPR,WY,ANM,WE,Combined TRACON& Tower with Radar,0,20,4,0,24,0,0,2,0,2,0,20,6,0,26,0,0,0,26
03/27/2006,CPR,WY,ANM,WE,Combined TRACON& Tower with Radar,1,40,20,0,61,0,8,32,0,40,1,48,52,0,101,24,0,24,125
03/28/2006,CPR,WY,ANM,WE,Combined TRACON& Tower with Radar,3,47,25,0,75,0,11,26,0,37,3,58,51,0,112,54,0,54,166
03/29/2006,CPR,WY,ANM,WE,Combined TRACON& Tower with Radar,3,47,23,0,73,0,2,17,0,19,3,49,40,0,92,28,0,28,120
03/30/2006,CPR,WY,ANM,WE,Combined TRACON& Tower with Radar,2,45,20,0,67,0,2,15,0,17,2,47,35,0,84,20,0,20,104
03/31/2006,CPR,WY,ANM,WE,Combined TRACON& Tower with Radar,5,48,20,0,73,0,12,34,1,47,5,60,54,1,120,6,0,6,126
04/01/2006,CPR,WY,ANM,WE,Combined TRACON& Tower with Radar,2,36,4,0,42,0,1,25,0,26,2,37,29,0,68,0,0,0,68
04/02/2006,CPR,WY,ANM,WE,Combined TRACON& Tower with Radar,0,18,5,0,23,0,0,6,0,6,0,18,11,0,29,4,0,4,33
04/03/2006,CPR,WY,ANM,WE,Combined TRACON& Tower with Radar,1,34,14,0,49,0,5,40,0,45,1,39,54,0,94,52,0,52,146
04/04/2006,CPR,WY,ANM,WE,Combined TRACON& Tower with Radar,4,37,15,0,56,0,5,22,0,27,4,42,37,0,83,24,0,24,107
04/05/2006,CPR,WY,ANM,WE,Combined TRACON& Tower with Radar,4,43,22,0,69,0,3,33,0,36,4,46,55,0,105,18,0,18,123
04/06/2006,CPR,WY,ANM,WE,Combined TRACON& Tower with Radar,2,41,18,0,61,0,7,9,0,16,2,48,27,0,77,14,0,14,91
04/07/2006,CPR,WY,ANM,WE,Combined TRACON& Tower with Radar,2,41,24,0,67,0,3,18,0,21,2,44,42,0,88,30,0,30,118
04/08/2006,CPR,WY,ANM,WE,Combined TRACON& Tower with Radar,2,29,13,0,44,0,3,32,2,37,2,32,45,2,81,14,0,14,95
04/09/2006,CPR,WY,ANM,WE,Combined TRACON& Tower with Radar,0,20,8,0,28,0,0,22,0,22,0,20,30,0,50,32,0,32,82
04/10/2006,CPR,WY,ANM,WE,Combined TRACON& Tower with Radar,1,42,19,0,62,0,3,37,0,40,1,45,56,0,102,16,0,16,118
04/11/2006,CPR,WY,ANM,WE,Combined TRACON& Tower with Radar,3,45,15,0,63,0,0,12,0,12,3,45,27,0,75,10,0,10,85
04/12/2006,CPR,WY,ANM,WE,Combined TRACON& Tower with Radar,3,41,31,0,75,0,4,26,0,30,3,45,57,0,105,30,0,30,135
04/13/2006,CPR,WY,ANM,WE,Combined TRACON& Tower with Radar,3,39,24,6,72,0,10,14,0,24,3,49,38,6,96,10,0,10,106
04/14/2006,CPR,WY,ANM,WE,Combined TRACON& Tower with Radar,5,44,9,0,58,0,8,42,0,50,5,52,51,0,108,4,0,4,112
04/15/2006,CPR,WY,ANM,WE,Combined TRACON& Tower with Radar,1,30,3,0,34,0,0,3,0,3,1,30,6,0,37,0,0,0,37
04/16/2006,CPR,WY,ANM,WE,Combined TRACON& Tower with Radar,0,22,5,0,27,0,0,34,0,34,0,22,39,0,61,0,0,0,61
04/17/2006,CPR,WY,ANM,WE,Combined TRACON& Tower with Radar,1,38,13,2,54,0,3,28,0,31,1,41,41,2,85,52,0,52,137
04/18/2006,CPR,WY,ANM,WE,Combined TRACON& Tower with Radar,3,51,18,5,77,0,2,0,0,2,3,53,18,5,79,0,6,6,85
04/19/2006,CPR,WY,ANM,WE,Combined TRACON& Tower with Radar,4,46,39,0,89,0,2,17,0,19,4,48,56,0,108,64,0,64,172
04/20/2006,CPR,WY,ANM,WE,Combined TRACON& Tower with Radar,3,44,31,0,78,0,2,37,0,39,3,46,68,0,117,68,0,68,185
04/21/2006,CPR,WY,ANM,WE,Combined TRACON& Tower with Radar,5,44,17,6,72,0,5,46,2,53,5,49,63,8,125,39,8,47,172
04/22/2006,CPR,WY,ANM,WE,Combined TRACON& Tower with Radar,1,28,9,0,38,0,4,42,2,48,1,32,51,2,86,48,0,48,134
04/23/2006,CPR,WY,ANM,WE,Combined TRACON& Tower with Radar,0,22,4,1,27,0,0,2,0,2,0,22,6,1,29,0,2,2,31
04/24/2006,CPR,WY,ANM,WE,Combined TRACON& Tower with Radar,3,33,10,1,47,0,0,0,0,0,3,33,10,1,47,0,0,0,47
04/25/2006,CPR,WY,ANM,WE,Combined TRACON& Tower with Radar,2,46,13,0,61,1,1,13,0,15,3,47,26,0,76,16,0,16,92
04/26/2006,CPR,WY,ANM,WE,Combined TRACON& Tower with Radar,4,47,19,0,70,0,7,46,0,53,4,54,65,0,123,106,0,106,229
04/27/2006,CPR,WY,ANM,WE,Combined TRACON& Tower with Radar,6,44,17,0,67,0,8,31,0,39,6,52,48,0,106,68,0,68,174
04/28/2006,CPR,WY,ANM,WE,Combined TRACON& Tower with Radar,3,48,7,5,63,0,7,36,0,43,3,55,43,5,106,6,2,8,114
04/29/2006,CPR,WY,ANM,WE,Combined TRACON& Tower with Radar,1,27,3,0,31,0,7,45,0,52,1,34,48,0,83,56,0,56,139
04/30/2006,CPR,WY,ANM,WE,Combined TRACON& Tower with Radar,0,20,9,0,29,0,0,25,1,26,0,20,34,1,55,26,0,26,81
05/01/2006,CPR,WY,ANM,WE,Combined TRACON& Tower with Radar,1,37,19,0,57,0,4,29,0,33,1,41,48,0,90,48,0,48,138
05/02/2006,CPR,WY,ANM,WE,Combined TRACON& Tower with Radar,3,43,23,0,69,0,6,26,0,32,3,49,49,0,101,36,0,36,137
05/03/2006,CPR,WY,ANM,WE,Combined TRACON& Tower with Radar,3,48,28,0,79,0,4,34,0,38,3,52,62,0,117,122,0,122,239
05/04/2006,CPR,WY,ANM,WE,Combined TRACON& Tower with Radar,3,52,15,0,70,0,0,0,0,0,3,52,15,0,70,2,0,2,72
05/05/2006,CPR,WY,ANM,WE,Combined TRACON& Tower with Radar,4,49,32,4,89,0,7,35,0,42,4,56,67,4,131,62,8,70,201
05/06/2006,CPR,WY,ANM,WE,Combined TRACON& Tower with Radar,1,29,14,0,44,0,5,29,0,34,1,34,43,0,78,48,0,48,126
05/07/2006,CPR,WY,ANM,WE,Combined TRACON& Tower with Radar,0,22,11,0,33,0,5,23,0,28,0,27,34,0,61,32,0,32,93
05/08/2006,CPR,WY,ANM,WE,Combined TRACON& Tower with Radar,1,34,12,0,47,0,0,8,0,8,1,34,20,0,55,0,0,0,55
05/09/2006,CPR,WY,ANM,WE,Combined TRACON& Tower with Radar,4,52,23,0,79,0,0,6,0,6,4,52,29,0,85,22,0,22,107
05/10/2006,CPR,WY,ANM,WE,Combined TRACON& Tower with Radar,3,44,34,0,81,0,3,14,0,17,3,47,48,0,98,60,0,60,158
05/11/2006,CPR,WY,ANM,WE,Combined TRACON& Tower with Radar,5,51,26,1,83,0,7,44,0,51,5,58,70,1,134,150,0,150,284
05/12/2006,CPR,WY,ANM,WE,Combined TRACON& Tower with Radar,4,46,19,1,70,0,8,57,0,65,4,54,76,1,135,24,0,24,159
05/13/2006,CPR,WY,ANM,WE,Combined TRACON& Tower with Radar,2,35,8,0,45,0,0,47,0,47,2,35,55,0,92,30,0,30,122
05/14/2006,CPR,WY,ANM,WE,Combined TRACON& Tower with Radar,0,23,2,4,29,0,4,37,2,43,0,27,39,6,72,28,0,28,100
05/15/2006,CPR,WY,ANM,WE,Combined TRACON& Tower with Radar,1,31,35,0,67,0,10,31,0,41,1,41,66,0,108,88,0,88,196
05/16/2006,CPR,WY,ANM,WE,Combined TRACON& Tower with Radar,4,38,15,2,59,0,4,27,0,31,4,42,42,2,90,64,0,64,154
05/17/2006,CPR,WY,ANM,WE,Combined TRACON& Tower with Radar,2,47,17,0,66,1,0,20,0,21,3,47,37,0,87,32,0,32,119
05/18/2006,CPR,WY,ANM,WE,Combined TRACON& Tower with Radar,4,40,29,2,75,0,6,29,0,35,4,46,58,2,110,88,0,88,198
05/19/2006,CPR,WY,ANM,WE,Combined TRACON& Tower with Radar,2,40,25,3,70,0,2,22,0,24,2,42,47,3,94,26,8,34,128
05/20/2006,CPR,WY,ANM,WE,Combined TRACON& Tower with Radar,2,30,4,0,36,0,3,23,0,26,2,33,27,0,62,80,0,80,142
05/21/2006,CPR,WY,ANM,WE,Combined TRACON& Tower with Radar,0,21,6,4,31,0,5,26,0,31,0,26,32,4,62,66,0,66,128
05/22/2006,CPR,WY,ANM,WE,Combined TRACON& Tower with Radar,1,40,16,3,60,0,0,25,0,25,1,40,41,3,85,26,34,60,145
05/23/2006,CPR,WY,ANM,WE,Combined TRACON& Tower with Radar,2,42,22,1,67,0,7,12,1,20,2,49,34,2,87,14,2,16,103
05/24/2006,CPR,WY,ANM,WE,Combined TRACON& Tower with Radar,2,48,33,1,84,0,2,21,3,26,2,50,54,4,110,68,0,68,178
05/25/2006,CPR,WY,ANM,WE,Combined TRACON& Tower with Radar,3,46,22,2,73,0,2,25,5,32,3,48,47,7,105,60,0,60,165
05/26/2006,CPR,WY,ANM,WE,Combined TRACON& Tower with Radar,4,45,13,1,63,0,3,41,1,45,4,48,54,2,108,28,0,28,136
05/27/2006,CPR,WY,ANM,WE,Combined TRACON& Tower with Radar,2,30,2,3,37,0,5,26,0,31,2,35,28,3,68,76,0,76,144
05/28/2006,CPR,WY,ANM,WE,Combined TRACON& Tower with Radar,0,18,0,0,18,0,3,20,0,23,0,21,20,0,41,6,0,6,47
05/29/2006,CPR,WY,ANM,WE,Combined TRACON& Tower with Radar,0,25,8,0,33,0,0,15,0,15,0,25,23,0,48,64,0,64,112
05/30/2006,CPR,WY,ANM,WE,Combined TRACON& Tower with Radar,1,43,23,0,67,0,1,33,2,36,1,44,56,2,103,12,0,12,115
05/31/2006,CPR,WY,ANM,WE,Combined TRACON& Tower with Radar,3,48,17,0,68,0,2,31,0,33,3,50,48,0,101,46,0,46,147
06/01/2006,CPR,WY,ANM,WE,Combined TRACON& Tower with Radar,4,46,24,1,75,0,2,30,1,33,4,48,54,2,108,34,6,40,148
06/02/2006,CPR,WY,ANM,WE,Combined TRACON& Tower with Radar,3,43,20,0,66,0,4,32,0,36,3,47,52,0,102,60,0,60,162
06/03/2006,CPR,WY,ANM,WE,Combined TRACON& Tower with Radar,2,28,4,0,34,0,2,48,0,50,2,30,52,0,84,14,0,14,98
06/04/2006,CPR,WY,ANM,WE,Combined TRACON& Tower with Radar,2,24,9,0,35,0,2,39,0,41,2,26,48,0,76,34,0,34,110
06/05/2006,CPR,WY,ANM,WE,Combined TRACON& Tower with Radar,1,34,21,0,56,0,0,26,0,26,1,34,47,0,82,22,0,22,104
06/06/2006,CPR,WY,ANM,WE,Combined TRACON& Tower with Radar,4,55,25,0,84,0,3,29,0,32,4,58,54,0,116,12,0,12,128
06/07/2006,CPR,WY,ANM,WE,Combined TRACON& Tower with Radar,4,52,19,0,75,2,7,19,1,29,6,59,38,1,104,36,0,36,140
06/08/2006,CPR,WY,ANM,WE,Combined TRACON& Tower with Radar,4,51,14,0,69,0,2,29,0,31,4,53,43,0,100,12,0,12,112
06/09/2006,CPR,WY,ANM,WE,Combined TRACON& Tower with Radar,2,55,22,0,79,0,3,35,2,40,2,58,57,2,119,26,0,26,145
06/10/2006,CPR,WY,ANM,WE,Combined TRACON& Tower with Radar,3,41,8,0,52,0,0,12,0,12,3,41,20,0,64,14,0,14,78
06/11/2006,CPR,WY,ANM,WE,Combined TRACON& Tower with Radar,0,22,10,0,32,0,0,33,0,33,0,22,43,0,65,16,0,16,81
06/12/2006,CPR,WY,ANM,WE,Combined TRACON& Tower with Radar,1,37,27,0,65,0,2,40,0,42,1,39,67,0,107,28,0,28,135
06/13/2006,CPR,WY,ANM,WE,Combined TRACON& Tower with Radar,2,52,19,0,73,1,6,31,0,38,3,58,50,0,111,34,0,34,145
06/14/2006,CPR,WY,ANM,WE,Combined TRACON& Tower with Radar,3,49,10,0,62,0,4,24,0,28,3,53,34,0,90,42,0,42,132
06/15/2006,CPR,WY,ANM,WE,Combined TRACON& Tower with Radar,3,51,26,0,80,0,3,21,0,24,3,54,47,0,104,16,4,20,124
06/16/2006,CPR,WY,ANM,WE,Combined TRACON& Tower with Radar,2,48,18,0,68,0,2,26,0,28,2,50,44,0,96,10,0,10,106
06/17/2006,CPR,WY,ANM,WE,Combined TRACON& Tower with Radar,1,36,7,0,44,0,2,25,0,27,1,38,32,0,71,16,0,16,87
06/18/2006,CPR,WY,ANM,WE,Combined TRACON& Tower with Radar,0,22,5,0,27,0,2,34,0,36,0,24,39,0,63,4,0,4,67
06/19/2006,CPR,WY,ANM,WE,Combined TRACON& Tower with Radar,1,40,25,0,66,0,4,27,0,31,1,44,52,0,97,76,0,76,173
06/20/2006,CPR,WY,ANM,WE,Combined TRACON& Tower with Radar,3,47,26,0,76,0,4,38,0,42,3,51,64,0,118,34,0,34,152
06/21/2006,CPR,WY,ANM,WE,Combined TRACON& Tower with Radar,3,54,14,0,71,0,2,33,0,35,3,56,47,0,106,64,0,64,170
06/22/2006,CPR,WY,ANM,WE,Combined TRACON& Tower with Radar,4,50,36,0,90,0,5,31,0,36,4,55,67,0,126,10,0,10,136
06/23/2006,CPR,WY,ANM,WE,Combined TRACON& Tower with Radar,4,47,25,0,76,0,4,36,0,40,4,51,61,0,116,66,0,66,182
06/24/2006,CPR,WY,ANM,WE,Combined TRACON& Tower with Radar,1,34,10,0,45,0,1,14,0,15,1,35,24,0,60,40,0,40,100
06/25/2006,CPR,WY,ANM,WE,Combined TRACON& Tower with Radar,0,30,5,0,35,0,2,38,0,40,0,32,43,0,75,38,0,38,113
06/26/2006,CPR,WY,ANM,WE,Combined TRACON& Tower with Radar,1,40,11,0,52,0,2,16,0,18,1,42,27,0,70,20,0,20,90
06/27/2006,CPR,WY,ANM,WE,Combined TRACON& Tower with Radar,2,41,23,0,66,0,7,47,0,54,2,48,70,0,120,18,0,18,138
06/28/2006,CPR,WY,ANM,WE,Combined TRACON& Tower with Radar,2,43,24,0,69,0,5,35,0,40,2,48,59,0,109,24,0,24,133
06/29/2006,CPR,WY,ANM,WE,Combined TRACON& Tower with Radar,3,44,17,0,64,0,0,30,0,30,3,44,47,0,94,58,0,58,152
06/30/2006,CPR,WY,ANM,WE,Combined TRACON& Tower with Radar,2,43,18,0,63,0,8,34,0,42,2,51,52,0,105,10,0,10,115
07/01/2006,CPR,WY,ANM,WE,Combined TRACON& Tower with Radar,1,39,15,0,55,0,0,31,0,31,1,39,46,0,86,18,0,18,104
07/02/2006,CPR,WY,ANM,WE,Combined TRACON& Tower with Radar,0,19,4,0,23,0,4,33,0,37,0,23,37,0,60,8,0,8,68
07/03/2006,CPR,WY,ANM,WE,Combined TRACON& Tower with Radar,2,34,5,0,41,0,0,27,0,27,2,34,32,0,68,22,0,22,90
07/04/2006,CPR,WY,ANM,WE,Combined TRACON& Tower with Radar,0,15,3,0,18,0,3,20,0,23,0,18,23,0,41,36,0,36,77
07/05/2006,CPR,WY,ANM,WE,Combined TRACON& Tower with Radar,3,42,21,0,66,0,3,24,0,27,3,45,45,0,93,16,0,16,109
07/06/2006,CPR,WY,ANM,WE,Combined TRACON& Tower with Radar,3,41,21,0,65,0,1,31,0,32,3,42,52,0,97,22,0,22,119
07/07/2006,CPR,WY,ANM,WE,Combined TRACON& Tower with Radar,5,41,19,0,65,0,6,21,0,27,5,47,40,0,92,10,0,10,102
07/08/2006,CPR,WY,ANM,WE,Combined TRACON& Tower with Radar,1,36,14,0,51,0,1,26,1,28,1,37,40,1,79,20,0,20,99
07/09/2006,CPR,WY,ANM,WE,Combined TRACON& Tower with Radar,0,26,19,0,45,0,0,6,0,6,0,26,25,0,51,0,0,0,51
07/10/2006,CPR,WY,ANM,WE,Combined TRACON& Tower with Radar,1,38,18,0,57,0,3,46,0,49,1,41,64,0,106,0,0,0,106
07/11/2006,CPR,WY,ANM,WE,Combined TRACON& Tower with Radar,6,41,13,0,60,0,0,48,0,48,6,41,61,0,108,28,0,28,136
07/12/2006,CPR,WY,ANM,WE,Combined TRACON& Tower with Radar,3,48,19,0,70,0,5,33,0,38,3,53,52,0,108,36,0,36,144
07/13/2006,CPR,WY,ANM,WE,Combined TRACON& Tower with Radar,3,43,19,0,65,0,1,17,0,18,3,44,36,0,83,30,0,30,113
07/14/2006,CPR,WY,ANM,WE,Combined TRACON& Tower with Radar,4,48,18,2,72,0,5,59,0,64,4,53,77,2,136,22,0,22,158
07/15/2006,CPR,WY,ANM,WE,Combined TRACON& Tower with Radar,1,41,13,0,55,0,7,43,0,50,1,48,56,0,105,30,0,30,135
07/16/2006,CPR,WY,ANM,WE,Combined TRACON& Tower with Radar,0,32,13,0,45,0,1,40,0,41,0,33,53,0,86,18,0,18,104
07/17/2006,CPR,WY,ANM,WE,Combined TRACON& Tower with Radar,3,38,24,0,65,0,3,44,0,47,3,41,68,0,112,40,0,40,152
07/18/2006,CPR,WY,ANM,WE,Combined TRACON& Tower with Radar,3,48,29,0,80,0,6,12,0,18,3,54,41,0,98,20,0,20,118
07/19/2006,CPR,WY,ANM,WE,Combined TRACON& Tower with Radar,4,41,23,2,70,0,8,28,0,36,4,49,51,2,106,58,0,58,164
07/20/2006,CPR,WY,ANM,WE,Combined TRACON& Tower with Radar,7,42,20,3,72,0,3,28,1,32,7,45,48,4,104,0,0,0,104
07/21/2006,CPR,WY,ANM,WE,Combined TRACON& Tower with Radar,3,47,19,6,75,0,3,36,4,43,3,50,55,10,118,28,2,30,148
07/22/2006,CPR,WY,ANM,WE,Combined TRACON& Tower with Radar,1,33,6,5,45,0,9,62,0,71,1,42,68,5,116,2,2,4,120
07/23/2006,CPR,WY,ANM,WE,Combined TRACON& Tower with Radar,0,27,7,10,44,0,2,52,0,54,0,29,59,10,98,4,6,10,108
07/24/2006,CPR,WY,ANM,WE,Combined TRACON& Tower with Radar,2,28,13,17,60,0,13,40,10,63,2,41,53,27,123,18,8,26,149
07/25/2006,CPR,WY,ANM,WE,Combined TRACON& Tower with Radar,2,45,17,0,64,0,5,31,0,36,2,50,48,0,100,4,2,6,106
07/26/2006,CPR,WY,ANM,WE,Combined TRACON& Tower with Radar,7,42,14,0,63,0,10,29,0,39,7,52,43,0,102,26,0,26,128
07/27/2006,CPR,WY,ANM,WE,Combined TRACON& Tower with Radar,2,47,32,0,81,1,3,51,4,59,3,50,83,4,140,26,0,26,166
07/28/2006,CPR,WY,ANM,WE,Combined TRACON& Tower with Radar,3,42,28,2,75,0,4,39,3,46,3,46,67,5,121,14,0,14,135
07/29/2006,CPR,WY,ANM,WE,Combined TRACON& Tower with Radar,1,37,11,2,51,0,3,30,2,35,1,40,41,4,86,18,0,18,104
07/30/2006,CPR,WY,ANM,WE,Combined TRACON& Tower with Radar,0,28,9,0,37,0,2,32,2,36,0,30,41,2,73,8,0,8,81
07/31/2006,CPR,WY,ANM,WE,Combined TRACON& Tower with Radar,1,38,23,0,62,0,5,21,0,26,1,43,44,0,88,12,0,12,100
08/01/2006,CPR,WY,ANM,WE,Combined TRACON& Tower with Radar,2,48,20,0,70,0,2,20,0,22,2,50,40,0,92,14,0,14,106
08/02/2006,CPR,WY,ANM,WE,Combined TRACON& Tower with Radar,3,50,18,0,71,0,2,36,0,38,3,52,54,0,109,30,0,30,139
08/03/2006,CPR,WY,ANM,WE,Combined TRACON& Tower with Radar,3,51,27,0,81,0,1,42,0,43,3,52,69,0,124,36,0,36,160
08/04/2006,CPR,WY,ANM,WE,Combined TRACON& Tower with Radar,3,50,20,0,73,1,3,37,0,41,4,53,57,0,114,34,0,34,148
08/05/2006,CPR,WY,ANM,WE,Combined TRACON& Tower with Radar,0,29,14,0,43,1,7,41,0,49,1,36,55,0,92,24,0,24,116
08/06/2006,CPR,WY,ANM,WE,Combined TRACON& Tower with Radar,0,21,6,0,27,0,2,28,0,30,0,23,34,0,57,22,0,22,79
08/07/2006,CPR,WY,ANM,WE,Combined TRACON& Tower with Radar,2,45,22,0,69,0,0,50,0,50,2,45,72,0,119,74,0,74,193
08/08/2006,CPR,WY,ANM,WE,Combined TRACON& Tower with Radar,4,42,31,0,77,0,2,45,0,47,4,44,76,0,124,54,0,54,178
08/09/2006,CPR,WY,ANM,WE,Combined TRACON& Tower with Radar,4,42,24,0,70,0,3,40,0,43,4,45,64,0,113,42,0,42,155
08/10/2006,CPR,WY,ANM,WE,Combined TRACON& Tower with Radar,3,46,13,0,62,0,2,54,0,56,3,48,67,0,118,18,0,18,136
08/11/2006,CPR,WY,ANM,WE,Combined TRACON& Tower with Radar,4,43,14,0,61,0,4,50,0,54,4,47,64,0,115,26,0,26,141
08/12/2006,CPR,WY,ANM,WE,Combined TRACON& Tower with Radar,3,38,7,0,48,0,2,37,0,39,3,40,44,0,87,18,0,18,105
08/13/2006,CPR,WY,ANM,WE,Combined TRACON& Tower with Radar,0,23,9,0,32,0,0,15,0,15,0,23,24,0,47,20,0,20,67
08/14/2006,CPR,WY,ANM,WE,Combined TRACON& Tower with Radar,1,45,17,0,63,0,0,28,0,28,1,45,45,0,91,26,0,26,117
08/15/2006,CPR,WY,ANM,WE,Combined TRACON& Tower with Radar,4,51,19,0,74,0,6,50,6,62,4,57,69,6,136,12,0,12,148
08/16/2006,CPR,WY,ANM,WE,Combined TRACON& Tower with Radar,5,43,28,0,76,0,0,58,13,71,5,43,86,13,147,22,0,22,169
08/17/2006,CPR,WY,ANM,WE,Combined TRACON& Tower with Radar,4,47,19,0,70,0,4,58,14,76,4,51,77,14,146,32,6,38,184
08/18/2006,CPR,WY,ANM,WE,Combined TRACON& Tower with Radar,4,51,16,0,71,1,4,44,6,55,5,55,60,6,126,12,0,12,138
08/19/2006,CPR,WY,ANM,WE,Combined TRACON& Tower with Radar,1,38,9,1,49,0,0,38,7,45,1,38,47,8,94,26,0,26,120
08/20/2006,CPR,WY,ANM,WE,Combined TRACON& Tower with Radar,2,24,6,2,34,0,0,25,3,28,2,24,31,5,62,2,0,2,64
08/21/2006,CPR,WY,ANM,WE,Combined TRACON& Tower with Radar,1,35,19,0,55,0,0,31,1,32,1,35,50,1,87,28,0,28,115
08/22/2006,CPR,WY,ANM,WE,Combined TRACON& Tower with Radar,3,54,11,0,68,0,2,49,1,52,3,56,60,1,120,2,0,2,122
08/23/2006,CPR,WY,ANM,WE,Combined TRACON& Tower with Radar,3,42,33,0,78,0,3,38,6,47,3,45,71,6,125,22,0,22,147
08/24/2006,CPR,WY,ANM,WE,Combined TRACON& Tower with Radar,3,43,16,0,62,0,7,39,12,58,3,50,55,12,120,18,0,18,138
08/25/2006,CPR,WY,ANM,WE,Combined TRACON& Tower with Radar,2,40,23,0,65,0,2,24,4,30,2,42,47,4,95,24,0,24,119
08/26/2006,CPR,WY,ANM,WE,Combined TRACON& Tower with Radar,2,29,10,1,42,1,3,23,3,30,3,32,33,4,72,14,0,14,86
08/27/2006,CPR,WY,ANM,WE,Combined TRACON& Tower with Radar,0,21,6,0,27,0,0,16,6,22,0,21,22,6,49,11,0,11,60
08/28/2006,CPR,WY,ANM,WE,Combined TRACON& Tower with Radar,1,43,32,0,76,0,3,36,9,48,1,46,68,9,124,38,0,38,162
08/29/2006,CPR,WY,ANM,WE,Combined TRACON& Tower with Radar,4,41,16,0,61,0,2,34,0,36,4,43,50,0,97,6,0,6,103
08/30/2006,CPR,WY,ANM,WE,Combined TRACON& Tower with Radar,4,24,13,0,41,0,19,45,0,64,4,43,58,0,105,36,2,38,143
08/31/2006,CPR,WY,ANM,WE,Combined TRACON& Tower with Radar,3,48,18,0,69,0,5,47,0,52,3,53,65,0,121,32,0,32,153
09/01/2006,CPR,WY,ANM,WE,Combined TRACON& Tower with Radar,4,44,14,2,64,1,3,35,0,39,5,47,49,2,103,44,0,44,147
09/02/2006,CPR,WY,ANM,WE,Combined TRACON& Tower with Radar,4,40,3,0,47,0,3,38,2,43,4,43,41,2,90,30,0,30,120
09/03/2006,CPR,WY,ANM,WE,Combined TRACON& Tower with Radar,0,19,5,0,24,0,0,22,0,22,0,19,27,0,46,18,0,18,64
09/04/2006,CPR,WY,ANM,WE,Combined TRACON& Tower with Radar,0,23,8,3,34,0,0,42,0,42,0,23,50,3,76,10,0,10,86
09/05/2006,CPR,WY,ANM,WE,Combined TRACON& Tower with Radar,0,44,20,1,65,0,5,55,1,61,0,49,75,2,126,42,4,46,172
09/06/2006,CPR,WY,ANM,WE,Combined TRACON& Tower with Radar,3,46,23,0,72,1,0,36,0,37,4,46,59,0,109,62,2,64,173
09/07/2006,CPR,WY,ANM,WE,Combined TRACON& Tower with Radar,4,43,22,0,69,0,4,35,0,39,4,47,57,0,108,58,0,58,166
09/08/2006,CPR,WY,ANM,WE,Combined TRACON& Tower with Radar,4,48,24,0,76,0,5,44,0,49,4,53,68,0,125,16,0,16,141
09/09/2006,CPR,WY,ANM,WE,Combined TRACON& Tower with Radar,1,36,16,0,53,0,5,24,0,29,1,41,40,0,82,54,0,54,136
09/10/2006,CPR,WY,ANM,WE,Combined TRACON& Tower with Radar,0,27,20,0,47,0,2,20,0,22,0,29,40,0,69,30,0,30,99
09/11/2006,CPR,WY,ANM,WE,Combined TRACON& Tower with Radar,1,48,37,0,86,0,0,37,1,38,1,48,74,1,124,76,2,78,202
09/12/2006,CPR,WY,ANM,WE,Combined TRACON& Tower with Radar,2,42,18,1,63,0,3,33,5,41,2,45,51,6,104,58,0,58,162
09/13/2006,CPR,WY,ANM,WE,Combined TRACON& Tower with Radar,3,54,20,1,78,0,0,41,0,41,3,54,61,1,119,44,0,44,163
09/14/2006,CPR,WY,ANM,WE,Combined TRACON& Tower with Radar,2,48,20,1,71,0,3,45,2,50,2,51,65,3,121,0,0,0,121
09/15/2006,CPR,WY,ANM,WE,Combined TRACON& Tower with Radar,3,51,32,0,86,1,2,11,1,15,4,53,43,1,101,34,0,34,135
09/16/2006,CPR,WY,ANM,WE,Combined TRACON& Tower with Radar,1,35,9,0,45,0,1,1,0,2,1,36,10,0,47,0,0,0,47
09/17/2006,CPR,WY,ANM,WE,Combined TRACON& Tower with Radar,0,21,10,1,32,0,0,14,0,14,0,21,24,1,46,30,0,30,76
09/18/2006,CPR,WY,ANM,WE,Combined TRACON& Tower with Radar,1,39,13,1,54,0,1,22,0,23,1,40,35,1,77,8,0,8,85
09/19/2006,CPR,WY,ANM,WE,Combined TRACON& Tower with Radar,2,46,23,7,78,0,9,17,0,26,2,55,40,7,104,50,0,50,154
09/20/2006,CPR,WY,ANM,WE,Combined TRACON& Tower with Radar,3,46,33,0,82,0,2,39,0,41,3,48,72,0,123,64,0,64,187
09/21/2006,CPR,WY,ANM,WE,Combined TRACON& Tower with Radar,3,49,20,0,72,0,0,34,0,34,3,49,54,0,106,42,0,42,148
09/22/2006,CPR,WY,ANM,WE,Combined TRACON& Tower with Radar,3,50,22,10,85,0,0,14,0,14,3,50,36,10,99,14,2,16,115
09/23/2006,CPR,WY,ANM,WE,Combined TRACON& Tower with Radar,4,44,1,2,51,0,0,4,0,4,4,44,5,2,55,14,0,14,69
09/24/2006,CPR,WY,ANM,WE,Combined TRACON& Tower with Radar,0,21,8,0,29,0,0,26,0,26,0,21,34,0,55,6,0,6,61
09/25/2006,CPR,WY,ANM,WE,Combined TRACON& Tower with Radar,0,39,12,0,51,0,0,50,0,50,0,39,62,0,101,82,0,82,183
09/26/2006,CPR,WY,ANM,WE,Combined TRACON& Tower with Radar,3,41,20,0,64,0,2,40,0,42,3,43,60,0,106,56,0,56,162
09/27/2006,CPR,WY,ANM,WE,Combined TRACON& Tower with Radar,3,45,25,1,74,0,0,11,1,12,3,45,36,2,86,18,2,20,106
09/28/2006,CPR,WY,ANM,WE,Combined TRACON& Tower with Radar,3,47,16,0,66,0,0,23,0,23,3,47,39,0,89,50,0,50,139
09/29/2006,CPR,WY,ANM,WE,Combined TRACON& Tower with Radar,4,41,15,0,60,0,6,45,0,51,4,47,60,0,111,66,0,66,177
09/30/2006,CPR,WY,ANM,WE,Combined TRACON& Tower with Radar,2,31,14,0,47,0,5,28,0,33,2,36,42,0,80,36,0,36,116
10/01/2006,CPR,WY,ANM,WE,Combined TRACON& Tower with Radar,0,18,13,1,32,0,0,22,0,22,0,18,35,1,54,10,0,10,64
10/02/2006,CPR,WY,ANM,WE,Combined TRACON& Tower with Radar,1,39,12,3,55,0,0,24,0,24,1,39,36,3,79,10,2,12,91
10/03/2006,CPR,WY,ANM,WE,Combined TRACON& Tower with Radar,3,54,22,0,79,0,2,35,0,37,3,56,57,0,116,82,0,82,198
10/04/2006,CPR,WY,ANM,WE,Combined TRACON& Tower with Radar,2,45,29,0,76,0,4,14,0,18,2,49,43,0,94,22,0,22,116
10/05/2006,CPR,WY,ANM,WE,Combined TRACON& Tower with Radar,3,47,22,0,72,0,0,40,0,40,3,47,62,0,112,108,0,108,220
10/06/2006,CPR,WY,ANM,WE,Combined TRACON& Tower with Radar,4,43,12,9,68,0,2,19,1,22,4,45,31,10,90,58,10,68,158
10/07/2006,CPR,WY,ANM,WE,Combined TRACON& Tower with Radar,1,29,9,1,40,0,0,6,0,6,1,29,15,1,46,8,0,8,54
10/08/2006,CPR,WY,ANM,WE,Combined TRACON& Tower with Radar,0,24,10,0,34,0,0,18,0,18,0,24,28,0,52,28,0,28,80
10/09/2006,CPR,WY,ANM,WE,Combined TRACON& Tower with Radar,1,39,19,0,59,0,0,0,0,0,1,39,19,0,59,0,0,0,59
10/10/2006,CPR,WY,ANM,WE,Combined TRACON& Tower with Radar,2,52,30,0,84,0,3,8,0,11,2,55,38,0,95,8,0,8,103
10/11/2006,CPR,WY,ANM,WE,Combined TRACON& Tower with Radar,3,44,22,0,69,0,6,10,0,16,3,50,32,0,85,0,0,0,85
10/12/2006,CPR,WY,ANM,WE,Combined TRACON& Tower with Radar,4,44,21,2,71,0,1,47,0,48,4,45,68,2,119,62,0,62,181
10/13/2006,CPR,WY,ANM,WE,Combined TRACON& Tower with Radar,3,50,22,0,75,0,2,54,8,64,3,52,76,8,139,110,4,114,253
10/14/2006,CPR,WY,ANM,WE,Combined TRACON& Tower with Radar,1,31,8,0,40,0,1,45,0,46,1,32,53,0,86,48,0,48,134
10/15/2006,CPR,WY,ANM,WE,Combined TRACON& Tower with Radar,0,24,6,0,30,0,2,29,0,31,0,26,35,0,61,16,0,16,77
10/16/2006,CPR,WY,ANM,WE,Combined TRACON& Tower with Radar,0,44,24,0,68,0,1,19,0,20,0,45,43,0,88,34,0,34,122
10/17/2006,CPR,WY,ANM,WE,Combined TRACON& Tower with Radar,2,44,11,4,61,0,0,3,2,5,2,44,14,6,66,6,0,6,72
10/18/2006,CPR,WY,ANM,WE,Combined TRACON& Tower with Radar,6,43,30,0,79,0,2,8,0,10,6,45,38,0,89,18,0,18,107
10/19/2006,CPR,WY,ANM,WE,Combined TRACON& Tower with Radar,4,52,19,0,75,0,3,32,0,35,4,55,51,0,110,82,0,82,192
10/20/2006,CPR,WY,ANM,WE,Combined TRACON& Tower with Radar,3,46,11,0,60,0,1,22,0,23,3,47,33,0,83,48,0,48,131
10/21/2006,CPR,WY,ANM,WE,Combined TRACON& Tower with Radar,3,36,4,0,43,0,0,13,0,13,3,36,17,0,56,4,0,4,60
10/22/2006,CPR,WY,ANM,WE,Combined TRACON& Tower with Radar,0,20,9,0,29,0,1,24,8,33,0,21,33,8,62,2,0,2,64
10/23/2006,CPR,WY,ANM,WE,Combined TRACON& Tower with Radar,1,40,32,0,73,0,0,22,0,22,1,40,54,0,95,54,0,54,149
10/24/2006,CPR,WY,ANM,WE,Combined TRACON& Tower with Radar,3,48,27,0,78,0,2,28,0,30,3,50,55,0,108,86,0,86,194
10/25/2006,CPR,WY,ANM,WE,Combined TRACON& Tower with Radar,3,48,31,0,82,0,0,8,0,8,3,48,39,0,90,14,0,14,104
10/26/2006,CPR,WY,ANM,WE,Combined TRACON& Tower with Radar,2,43,24,0,69,0,9,22,0,31,2,52,46,0,100,76,0,76,176
10/27/2006,CPR,WY,ANM,WE,Combined TRACON& Tower with Radar,3,41,23,6,73,0,2,39,1,42,3,43,62,7,115,8,1,9,124
10/28/2006,CPR,WY,ANM,WE,Combined TRACON& Tower with Radar,1,30,8,0,39,1,2,60,0,63,2,32,68,0,102,16,0,16,118
10/29/2006,CPR,WY,ANM,WE,Combined TRACON& Tower with Radar,0,20,18,0,38,0,4,8,0,12,0,24,26,0,50,8,0,8,58
10/30/2006,CPR,WY,ANM,WE,Combined TRACON& Tower with Radar,1,38,22,0,61,0,0,7,0,7,1,38,29,0,68,0,0,0,68
10/31/2006,CPR,WY,ANM,WE,Combined TRACON& Tower with Radar,3,44,21,0,68,0,0,20,0,20,3,44,41,0,88,76,0,76,164
11/01/2006,CPR,WY,ANM,WE,Combined TRACON& Tower with Radar,4,40,30,1,75,0,0,13,0,13,4,40,43,1,88,34,0,34,122
11/02/2006,CPR,WY,ANM,WE,Combined TRACON& Tower with Radar,3,43,13,1,60,0,2,38,0,40,3,45,51,1,100,54,0,54,154
11/03/2006,CPR,WY,ANM,WE,Combined TRACON& Tower with Radar,3,43,31,0,77,0,4,17,0,21,3,47,48,0,98,22,0,22,120
11/04/2006,CPR,WY,ANM,WE,Combined TRACON& Tower with Radar,1,31,17,0,49,0,2,19,2,23,1,33,36,2,72,32,0,32,104
11/05/2006,CPR,WY,ANM,WE,Combined TRACON& Tower with Radar,0,24,14,0,38,0,2,14,0,16,0,26,28,0,54,12,0,12,66
11/06/2006,CPR,WY,ANM,WE,Combined TRACON& Tower with Radar,1,40,33,0,74,0,2,33,0,35,1,42,66,0,109,30,0,30,139
11/07/2006,CPR,WY,ANM,WE,Combined TRACON& Tower with Radar,9,48,32,0,89,3,2,38,0,43,12,50,70,0,132,40,0,40,172
11/08/2006,CPR,WY,ANM,WE,Combined TRACON& Tower with Radar,4,51,27,0,82,0,3,21,0,24,4,54,48,0,106,4,0,4,110
11/09/2006,CPR,WY,ANM,WE,Combined TRACON& Tower with Radar,2,48,19,0,69,0,0,6,0,6,2,48,25,0,75,6,0,6,81
11/10/2006,CPR,WY,ANM,WE,Combined TRACON& Tower with Radar,4,44,16,6,70,0,6,29,0,35,4,50,45,6,105,12,6,18,123
11/11/2006,CPR,WY,ANM,WE,Combined TRACON& Tower with Radar,2,30,7,0,39,0,2,14,0,16,2,32,21,0,55,10,0,10,65
11/12/2006,CPR,WY,ANM,WE,Combined TRACON& Tower with Radar,0,22,7,0,29,0,0,18,0,18,0,22,25,0,47,18,0,18,65
11/13/2006,CPR,WY,ANM,WE,Combined TRACON& Tower with Radar,1,38,20,0,59,0,2,14,0,16,1,40,34,0,75,0,0,0,75
11/14/2006,CPR,WY,ANM,WE,Combined TRACON& Tower with Radar,3,49,14,2,68,0,1,0,0,1,3,50,14,2,69,4,2,6,75
11/15/2006,CPR,WY,ANM,WE,Combined TRACON& Tower with Radar,6,50,35,0,91,0,2,26,0,28,6,52,61,0,119,30,0,30,149
11/16/2006,CPR,WY,ANM,WE,Combined TRACON& Tower with Radar,4,43,16,0,63,0,2,15,0,17,4,45,31,0,80,40,0,40,120
11/17/2006,CPR,WY,ANM,WE,Combined TRACON& Tower with Radar,3,45,17,0,65,0,1,24,1,26,3,46,41,1,91,56,0,56,147
11/18/2006,CPR,WY,ANM,WE,Combined TRACON& Tower with Radar,2,29,5,0,36,0,2,27,0,29,2,31,32,0,65,60,0,60,125
11/19/2006,CPR,WY,ANM,WE,Combined TRACON& Tower with Radar,0,19,4,0,23,0,0,10,0,10,0,19,14,0,33,14,0,14,47
11/20/2006,CPR,WY,ANM,WE,Combined TRACON& Tower with Radar,1,46,20,0,67,0,1,19,0,20,1,47,39,0,87,20,0,20,107
11/21/2006,CPR,WY,ANM,WE,Combined TRACON& Tower with Radar,3,43,16,0,62,0,2,17,0,19,3,45,33,0,81,26,0,26,107
11/22/2006,CPR,WY,ANM,WE,Combined TRACON& Tower with Radar,3,40,7,0,50,0,1,25,0,26,3,41,32,0,76,14,0,14,90
11/23/2006,CPR,WY,ANM,WE,Combined TRACON& Tower with Radar,0,16,3,2,21,0,0,11,0,11,0,16,14,2,32,4,2,6,38
11/24/2006,CPR,WY,ANM,WE,Combined TRACON& Tower with Radar,4,32,0,0,36,0,4,10,0,14,4,36,10,0,50,0,0,0,50
11/25/2006,CPR,WY,ANM,WE,Combined TRACON& Tower with Radar,2,34,3,0,39,0,0,17,0,17,2,34,20,0,56,40,0,40,96
11/26/2006,CPR,WY,ANM,WE,Combined TRACON& Tower with Radar,0,17,12,2,31,0,0,3,0,3,0,17,15,2,34,4,0,4,38
11/27/2006,CPR,WY,ANM,WE,Combined TRACON& Tower with Radar,1,43,15,0,59,0,0,15,0,15,1,43,30,0,74,28,0,28,102
11/28/2006,CPR,WY,ANM,WE,Combined TRACON& Tower with Radar,2,44,24,0,70,0,1,13,0,14,2,45,37,0,84,44,0,44,128
11/29/2006,CPR,WY,ANM,WE,Combined TRACON& Tower with Radar,3,39,26,0,68,0,3,3,0,6,3,42,29,0,74,32,0,32,106
11/30/2006,CPR,WY,ANM,WE,Combined TRACON& Tower with Radar,9,43,17,0,69,9,8,27,0,44,18,51,44,0,113,32,0,32,145
12/01/2006,CPR,WY,ANM,WE,Combined TRACON& Tower with Radar,3,41,18,4,66,0,3,36,1,40,3,44,54,5,106,34,0,34,140
12/02/2006,CPR,WY,ANM,WE,Combined TRACON& Tower with Radar,2,29,8,0,39,0,1,13,0,14,2,30,21,0,53,54,0,54,107
12/03/2006,CPR,WY,ANM,WE,Combined TRACON& Tower with Radar,0,23,14,0,37,0,0,14,0,14,0,23,28,0,51,16,0,16,67
12/04/2006,CPR,WY,ANM,WE,Combined TRACON& Tower with Radar,4,35,19,0,58,0,1,16,0,17,4,36,35,0,75,4,0,4,79
12/05/2006,CPR,WY,ANM,WE,Combined TRACON& Tower with Radar,3,45,18,0,66,0,2,20,0,22,3,47,38,0,88,18,0,18,106
12/06/2006,CPR,WY,ANM,WE,Combined TRACON& Tower with Radar,2,40,18,0,60,0,2,22,0,24,2,42,40,0,84,32,0,32,116
12/07/2006,CPR,WY,ANM,WE,Combined TRACON& Tower with Radar,5,51,15,0,71,0,0,26,1,27,5,51,41,1,98,60,0,60,158
12/08/2006,CPR,WY,ANM,WE,Combined TRACON& Tower with Radar,3,39,18,0,60,0,4,28,1,33,3,43,46,1,93,0,0,0,93
12/09/2006,CPR,WY,ANM,WE,Combined TRACON& Tower with Radar,1,31,12,0,44,0,2,14,0,16,1,33,26,0,60,2,0,2,62
12/10/2006,CPR,WY,ANM,WE,Combined TRACON& Tower with Radar,0,20,3,0,23,0,3,22,1,26,0,23,25,1,49,26,2,28,77
12/11/2006,CPR,WY,ANM,WE,Combined TRACON& Tower with Radar,1,43,25,0,69,0,0,2,0,2,1,43,27,0,71,12,0,12,83
12/12/2006,CPR,WY,ANM,WE,Combined TRACON& Tower with Radar,5,45,14,0,64,0,3,24,0,27,5,48,38,0,91,44,0,44,135
12/13/2006,CPR,WY,ANM,WE,Combined TRACON& Tower with Radar,6,57,31,0,94,0,3,14,0,17,6,60,45,0,111,12,0,12,123
12/14/2006,CPR,WY,ANM,WE,Combined TRACON& Tower with Radar,4,48,14,0,66,0,4,12,0,16,4,52,26,0,82,10,0,10,92
12/15/2006,CPR,WY,ANM,WE,Combined TRACON& Tower with Radar,6,47,16,2,71,0,3,8,0,11,6,50,24,2,82,2,0,2,84
12/16/2006,CPR,WY,ANM,WE,Combined TRACON& Tower with Radar,2,36,3,0,41,0,1,12,0,13,2,37,15,0,54,64,0,64,118
12/17/2006,CPR,WY,ANM,WE,Combined TRACON& Tower with Radar,0,20,1,0,21,0,0,0,0,0,0,20,1,0,21,0,0,0,21
12/18/2006,CPR,WY,ANM,WE,Combined TRACON& Tower with Radar,1,46,19,0,66,0,0,38,0,38,1,46,57,0,104,38,0,38,142
12/19/2006,CPR,WY,ANM,WE,Combined TRACON& Tower with Radar,8,57,13,0,78,0,2,35,0,37,8,59,48,0,115,80,0,80,195
12/20/2006,CPR,WY,ANM,WE,Combined TRACON& Tower with Radar,3,39,13,0,55,0,5,15,0,20,3,44,28,0,75,16,0,16,91
12/21/2006,CPR,WY,ANM,WE,Combined TRACON& Tower with Radar,5,52,41,0,98,0,2,21,0,23,5,54,62,0,121,10,0,10,131
12/22/2006,CPR,WY,ANM,WE,Combined TRACON& Tower with Radar,5,45,14,0,64,0,0,26,0,26,5,45,40,0,90,54,0,54,144
12/23/2006,CPR,WY,ANM,WE,Combined TRACON& Tower with Radar,2,38,9,0,49,0,0,4,0,4,2,38,13,0,53,0,0,0,53
12/24/2006,CPR,WY,ANM,WE,Combined TRACON& Tower with Radar,0,18,4,0,22,0,3,13,0,16,0,21,17,0,38,0,0,0,38
12/25/2006,CPR,WY,ANM,WE,Combined TRACON& Tower with Radar,0,13,3,0,16,0,0,0,0,0,0,13,3,0,16,0,0,0,16
12/26/2006,CPR,WY,ANM,WE,Combined TRACON& Tower with Radar,1,42,3,0,46,0,2,8,0,10,1,44,11,0,56,2,0,2,58
12/27/2006,CPR,WY,ANM,WE,Combined TRACON& Tower with Radar,2,45,15,0,62,0,1,11,0,12,2,46,26,0,74,8,0,8,82
12/28/2006,CPR,WY,ANM,WE,Combined TRACON& Tower with Radar,2,41,14,0,57,0,0,0,0,0,2,41,14,0,57,0,0,0,57
12/29/2006,CPR,WY,ANM,WE,Combined TRACON& Tower with Radar,3,45,6,1,55,0,0,0,0,0,3,45,6,1,55,60,0,60,115
12/30/2006,CPR,WY,ANM,WE,Combined TRACON& Tower with Radar,1,38,15,1,55,0,4,13,0,17,1,42,28,1,72,28,0,28,100
12/31/2006,CPR,WY,ANM,WE,Combined TRACON& Tower with Radar,0,24,3,0,27,0,5,17,0,22,0,29,20,0,49,12,0,12,61
01/01/2007,CPR,WY,ANM,WE,Combined TRACON& Tower with Radar,0,29,5,0,34,0,4,19,0,23,0,33,24,0,57,38,0,38,95
01/02/2007,CPR,WY,ANM,WE,Combined TRACON& Tower with Radar,1,44,17,0,62,0,4,22,0,26,1,48,39,0,88,6,0,6,94
01/03/2007,CPR,WY,ANM,WE,Combined TRACON& Tower with Radar,2,40,11,0,53,0,2,17,0,19,2,42,28,0,72,2,0,2,74
01/04/2007,CPR,WY,ANM,WE,Combined TRACON& Tower with Radar,2,42,21,0,65,0,0,4,0,4,2,42,25,0,69,2,0,2,71
01/05/2007,CPR,WY,ANM,WE,Combined TRACON& Tower with Radar,3,38,24,0,65,0,3,5,0,8,3,41,29,0,73,28,0,28,101
01/06/2007,CPR,WY,ANM,WE,Combined TRACON& Tower with Radar,2,32,5,0,39,0,0,3,0,3,2,32,8,0,42,0,0,0,42
01/07/2007,CPR,WY,ANM,WE,Combined TRACON& Tower with Radar,0,28,8,0,36,0,0,7,0,7,0,28,15,0,43,10,0,10,53
01/08/2007,CPR,WY,ANM,WE,Combined TRACON& Tower with Radar,1,48,31,0,80,0,6,17,0,23,1,54,48,0,103,72,0,72,175
01/09/2007,CPR,WY,ANM,WE,Combined TRACON& Tower with Radar,3,40,18,0,61,0,4,38,0,42,3,44,56,0,103,40,0,40,143
01/10/2007,CPR,WY,ANM,WE,Combined TRACON& Tower with Radar,3,45,30,0,78,0,0,18,0,18,3,45,48,0,96,2,0,2,98
01/11/2007,CPR,WY,ANM,WE,Combined TRACON& Tower with Radar,3,43,16,0,62,0,0,0,0,0,3,43,16,0,62,0,0,0,62
01/12/2007,CPR,WY,ANM,WE,Combined TRACON& Tower with Radar,3,47,10,0,60,0,0,1,0,1,3,47,11,0,61,0,0,0,61
01/13/2007,CPR,WY,ANM,WE,Combined TRACON& Tower with Radar,1,29,3,0,33,0,1,8,0,9,1,30,11,0,42,0,0,0,42
01/14/2007,CPR,WY,ANM,WE,Combined TRACON& Tower with Radar,0,27,9,2,38,0,0,19,0,19,0,27,28,2,57,0,0,0,57
01/15/2007,CPR,WY,ANM,WE,Combined TRACON& Tower with Radar,1,32,12,0,45,0,0,29,0,29,1,32,41,0,74,0,0,0,74
01/16/2007,CPR,WY,ANM,WE,Combined TRACON& Tower with Radar,3,39,10,2,54,0,2,26,0,28,3,41,36,2,82,6,2,8,90
01/17/2007,CPR,WY,ANM,WE,Combined TRACON& Tower with Radar,3,41,7,4,55,0,4,21,0,25,3,45,28,4,80,0,12,12,92
01/18/2007,CPR,WY,ANM,WE,Combined TRACON& Tower with Radar,3,43,15,0,61,0,3,19,0,22,3,46,34,0,83,12,0,12,95
01/19/2007,CPR,WY,ANM,WE,Combined TRACON& Tower with Radar,3,39,15,0,57,0,4,18,0,22,3,43,33,0,79,6,0,6,85
01/20/2007,CPR,WY,ANM,WE,Combined TRACON& Tower with Radar,2,30,3,0,35,0,2,17,0,19,2,32,20,0,54,24,0,24,78
01/21/2007,CPR,WY,ANM,WE,Combined TRACON& Tower with Radar,2,20,5,0,27,0,0,1,0,1,2,20,6,0,28,0,0,0,28
01/22/2007,CPR,WY,ANM,WE,Combined TRACON& Tower with Radar,1,43,14,0,58,0,12,21,0,33,1,55,35,0,91,14,0,14,105
01/23/2007,CPR,WY,ANM,WE,Combined TRACON& Tower with Radar,3,41,18,0,62,0,8,27,0,35,3,49,45,0,97,6,0,6,103
01/24/2007,CPR,WY,ANM,WE,Combined TRACON& Tower with Radar,2,47,16,0,65,0,2,42,0,44,2,49,58,0,109,16,0,16,125
01/25/2007,CPR,WY,ANM,WE,Combined TRACON& Tower with Radar,6,49,19,0,74,0,6,29,0,35,6,55,48,0,109,38,0,38,147
01/26/2007,CPR,WY,ANM,WE,Combined TRACON& Tower with Radar,2,43,3,0,48,0,2,33,0,35,2,45,36,0,83,40,0,40,123
01/27/2007,CPR,WY,ANM,WE,Combined TRACON& Tower with Radar,3,28,6,2,39,0,1,9,0,10,3,29,15,2,49,6,0,6,55
01/28/2007,CPR,WY,ANM,WE,Combined TRACON& Tower with Radar,2,20,4,0,26,0,2,27,0,29,2,22,31,0,55,18,0,18,73
01/29/2007,CPR,WY,ANM,WE,Combined TRACON& Tower with Radar,1,40,16,2,59,0,1,25,0,26,1,41,41,2,85,0,0,0,85
01/30/2007,CPR,WY,ANM,WE,Combined TRACON& Tower with Radar,2,50,9,2,63,0,4,23,0,27,2,54,32,2,90,32,0,32,122
01/31/2007,CPR,WY,ANM,WE,Combined TRACON& Tower with Radar,3,51,19,0,73,0,2,9,0,11,3,53,28,0,84,18,0,18,102
02/01/2007,CPR,WY,ANM,WE,Combined TRACON& Tower with Radar,3,41,9,0,53,0,0,0,0,0,3,41,9,0,53,18,0,18,71
02/02/2007,CPR,WY,ANM,WE,Combined TRACON& Tower with Radar,3,56,16,0,75,0,3,7,0,10,3,59,23,0,85,0,0,0,85
02/03/2007,CPR,WY,ANM,WE,Combined TRACON& Tower with Radar,2,34,4,0,40,0,0,18,0,18,2,34,22,0,58,14,0,14,72
02/04/2007,CPR,WY,ANM,WE,Combined TRACON& Tower with Radar,0,22,6,0,28,0,2,23,0,25,0,24,29,0,53,0,0,0,53
02/05/2007,CPR,WY,ANM,WE,Combined TRACON& Tower with Radar,1,42,21,0,64,0,2,26,0,28,1,44,47,0,92,26,0,26,118
02/06/2007,CPR,WY,ANM,WE,Combined TRACON& Tower with Radar,3,40,11,0,54,0,3,27,0,30,3,43,38,0,84,44,0,44,128
02/07/2007,CPR,WY,ANM,WE,Combined TRACON& Tower with Radar,3,49,23,0,75,0,1,16,0,17,3,50,39,0,92,18,0,18,110
02/08/2007,CPR,WY,ANM,WE,Combined TRACON& Tower with Radar,4,36,17,4,61,0,0,0,0,0,4,36,17,4,61,16,0,16,77
02/09/2007,CPR,WY,ANM,WE,Combined TRACON& Tower with Radar,4,45,16,0,65,0,0,2,0,2,4,45,18,0,67,4,0,4,71
02/10/2007,CPR,WY,ANM,WE,Combined TRACON& Tower with Radar,2,33,7,2,44,0,3,28,0,31,2,36,35,2,75,72,0,72,147
02/11/2007,CPR,WY,ANM,WE,Combined TRACON& Tower with Radar,0,30,13,2,45,0,7,13,0,20,0,37,26,2,65,18,0,18,83
02/12/2007,CPR,WY,ANM,WE,Combined TRACON& Tower with Radar,1,39,22,0,62,0,0,0,0,0,1,39,22,0,62,0,0,0,62
02/13/2007,CPR,WY,ANM,WE,Combined TRACON& Tower with Radar,2,46,7,0,55,0,2,8,0,10,2,48,15,0,65,36,0,36,101
02/14/2007,CPR,WY,ANM,WE,Combined TRACON& Tower with Radar,3,46,23,0,72,0,2,1,0,3,3,48,24,0,75,2,0,2,77
02/15/2007,CPR,WY,ANM,WE,Combined TRACON& Tower with Radar,4,49,24,0,77,0,2,13,0,15,4,51,37,0,92,88,0,88,180
02/16/2007,CPR,WY,ANM,WE,Combined TRACON& Tower with Radar,3,45,16,0,64,0,2,6,0,8,3,47,22,0,72,2,0,2,74
02/17/2007,CPR,WY,ANM,WE,Combined TRACON& Tower with Radar,3,25,6,0,34,0,1,16,0,17,3,26,22,0,51,60,0,60,111
02/18/2007,CPR,WY,ANM,WE,Combined TRACON& Tower with Radar,0,27,8,0,35,0,0,19,0,19,0,27,27,0,54,24,0,24,78
02/19/2007,CPR,WY,ANM,WE,Combined TRACON& Tower with Radar,1,42,8,0,51,0,2,0,0,2,1,44,8,0,53,0,0,0,53
02/20/2007,CPR,WY,ANM,WE,Combined TRACON& Tower with Radar,2,49,19,0,70,0,2,19,0,21,2,51,38,0,91,14,0,14,105
02/21/2007,CPR,WY,ANM,WE,Combined TRACON& Tower with Radar,3,41,23,0,67,0,6,29,0,35,3,47,52,0,102,44,0,44,146
02/22/2007,CPR,WY,ANM,WE,Combined TRACON& Tower with Radar,3,31,21,0,55,0,0,8,0,8,3,31,29,0,63,14,0,14,77
02/23/2007,CPR,WY,ANM,WE,Combined TRACON& Tower with Radar,4,47,13,0,64,0,0,25,0,25,4,47,38,0,89,42,0,42,131
02/24/2007,CPR,WY,ANM,WE,Combined TRACON& Tower with Radar,2,28,3,0,33,0,0,9,0,9,2,28,12,0,42,40,0,40,82
02/25/2007,CPR,WY,ANM,WE,Combined TRACON& Tower with Radar,0,21,4,0,25,0,0,11,0,11,0,21,15,0,36,2,0,2,38
02/26/2007,CPR,WY,ANM,WE,Combined TRACON& Tower with Radar,1,38,18,0,57,0,1,9,0,10,1,39,27,0,67,10,0,10,77
02/27/2007,CPR,WY,ANM,WE,Combined TRACON& Tower with Radar,3,46,7,0,56,0,1,5,0,6,3,47,12,0,62,0,0,0,62
02/28/2007,CPR,WY,ANM,WE,Combined TRACON& Tower with Radar,3,48,22,0,73,0,1,14,0,15,3,49,36,0,88,54,0,54,142
03/01/2007,CPR,WY,ANM,WE,Combined TRACON& Tower with Radar,3,44,13,0,60,0,0,18,0,18,3,44,31,0,78,50,0,50,128
03/02/2007,CPR,WY,ANM,WE,Combined TRACON& Tower with Radar,3,55,8,0,66,0,0,5,0,5,3,55,13,0,71,24,0,24,95
03/03/2007,CPR,WY,ANM,WE,Combined TRACON& Tower with Radar,1,29,0,0,30,0,0,30,0,30,1,29,30,0,60,22,0,22,82
03/04/2007,CPR,WY,ANM,WE,Combined TRACON& Tower with Radar,0,28,12,0,40,0,0,20,0,20,0,28,32,0,60,66,0,66,126
03/05/2007,CPR,WY,ANM,WE,Combined TRACON& Tower with Radar,1,39,35,0,75,0,4,36,0,40,1,43,71,0,115,60,0,60,175
03/06/2007,CPR,WY,ANM,WE,Combined TRACON& Tower with Radar,3,39,18,0,60,0,4,33,0,37,3,43,51,0,97,92,0,92,189
03/07/2007,CPR,WY,ANM,WE,Combined TRACON& Tower with Radar,3,44,22,0,69,0,2,37,0,39,3,46,59,0,108,42,0,42,150
03/08/2007,CPR,WY,ANM,WE,Combined TRACON& Tower with Radar,2,50,18,0,70,1,0,11,0,12,3,50,29,0,82,38,0,38,120
03/09/2007,CPR,WY,ANM,WE,Combined TRACON& Tower with Radar,3,45,27,4,79,0,3,18,0,21,3,48,45,4,100,36,0,36,136
03/10/2007,CPR,WY,ANM,WE,Combined TRACON& Tower with Radar,1,32,9,0,42,0,2,19,0,21,1,34,28,0,63,84,0,84,147
03/11/2007,CPR,WY,ANM,WE,Combined TRACON& Tower with Radar,0,24,16,0,40,0,3,8,0,11,0,27,24,0,51,0,0,0,51
03/12/2007,CPR,WY,ANM,WE,Combined TRACON& Tower with Radar,1,38,28,0,67,0,3,31,0,34,1,41,59,0,101,12,0,12,113
03/13/2007,CPR,WY,ANM,WE,Combined TRACON& Tower with Radar,2,45,11,0,58,0,6,28,0,34,2,51,39,0,92,8,0,8,100
03/14/2007,CPR,WY,ANM,WE,Combined TRACON& Tower with Radar,5,51,17,0,73,0,2,8,0,10,5,53,25,0,83,12,0,12,95
03/15/2007,CPR,WY,ANM,WE,Combined TRACON& Tower with Radar,3,45,30,0,78,0,0,13,1,14,3,45,43,1,92,30,0,30,122
03/16/2007,CPR,WY,ANM,WE,Combined TRACON& Tower with Radar,4,48,21,5,78,0,0,18,0,18,4,48,39,5,96,28,0,28,124
03/17/2007,CPR,WY,ANM,WE,Combined TRACON& Tower with Radar,2,32,16,0,50,0,0,36,0,36,2,32,52,0,86,30,0,30,116
03/18/2007,CPR,WY,ANM,WE,Combined TRACON& Tower with Radar,0,22,11,0,33,0,0,33,0,33,0,22,44,0,66,12,0,12,78
03/19/2007,CPR,WY,ANM,WE,Combined TRACON& Tower with Radar,1,36,21,1,59,0,5,51,1,57,1,41,72,2,116,56,2,58,174
03/20/2007,CPR,WY,ANM,WE,Combined TRACON& Tower with Radar,3,46,19,0,68,0,5,21,0,26,3,51,40,0,94,62,0,62,156
03/21/2007,CPR,WY,ANM,WE,Combined TRACON& Tower with Radar,3,52,23,0,78,0,0,8,0,8,3,52,31,0,86,44,0,44,130
03/22/2007,CPR,WY,ANM,WE,Combined TRACON& Tower with Radar,5,42,21,0,68,0,3,34,0,37,5,45,55,0,105,32,0,32,137
03/23/2007,CPR,WY,ANM,WE,Combined TRACON& Tower with Radar,4,43,15,3,65,0,3,34,0,37,4,46,49,3,102,34,0,34,136
03/24/2007,CPR,WY,ANM,WE,Combined TRACON& Tower with Radar,1,33,25,0,59,0,2,19,0,21,1,35,44,0,80,44,0,44,124
03/25/2007,CPR,WY,ANM,WE,Combined TRACON& Tower with Radar,0,24,8,0,32,0,0,28,0,28,0,24,36,0,60,14,0,14,74
03/26/2007,CPR,WY,ANM,WE,Combined TRACON& Tower with Radar,2,39,12,0,53,0,4,26,0,30,2,43,38,0,83,60,0,60,143
03/27/2007,CPR,WY,ANM,WE,Combined TRACON& Tower with Radar,3,48,11,0,62,0,1,12,0,13,3,49,23,0,75,8,0,8,83
03/28/2007,CPR,WY,ANM,WE,Combined TRACON& Tower with Radar,3,48,5,0,56,0,0,0,0,0,3,48,5,0,56,0,0,0,56
03/29/2007,CPR,WY,ANM,WE,Combined TRACON& Tower with Radar,2,10,1,0,13,0,0,0,0,0,2,10,1,0,13,0,0,0,13
03/30/2007,CPR,WY,ANM,WE,Combined TRACON& Tower with Radar,5,63,9,0,77,0,4,15,0,19,5,67,24,0,96,0,2,2,98
03/31/2007,CPR,WY,ANM,WE,Combined TRACON& Tower with Radar,4,36,13,2,55,0,1,13,0,14,4,37,26,2,69,14,0,14,83
04/01/2007,CPR,WY,ANM,WE,Combined TRACON& Tower with Radar,2,24,1,0,27,0,0,14,0,14,2,24,15,0,41,6,0,6,47
04/02/2007,CPR,WY,ANM,WE,Combined TRACON& Tower with Radar,3,48,13,0,64,0,0,12,0,12,3,48,25,0,76,2,0,2,78
04/03/2007,CPR,WY,ANM,WE,Combined TRACON& Tower with Radar,3,42,20,0,65,0,2,41,0,43,3,44,61,0,108,42,0,42,150
04/04/2007,CPR,WY,ANM,WE,Combined TRACON& Tower with Radar,3,40,29,0,72,0,3,22,0,25,3,43,51,0,97,28,0,28,125
04/05/2007,CPR,WY,ANM,WE,Combined TRACON& Tower with Radar,7,49,22,4,82,0,0,0,0,0,7,49,22,4,82,12,0,12,94
04/06/2007,CPR,WY,ANM,WE,Combined TRACON& Tower with Radar,3,44,16,0,63,0,0,6,0,6,3,44,22,0,69,4,0,4,73
04/07/2007,CPR,WY,ANM,WE,Combined TRACON& Tower with Radar,2,31,2,0,35,0,2,20,0,22,2,33,22,0,57,26,0,26,83
04/08/2007,CPR,WY,ANM,WE,Combined TRACON& Tower with Radar,0,20,6,0,26,0,3,12,0,15,0,23,18,0,41,0,0,0,41
04/09/2007,CPR,WY,ANM,WE,Combined TRACON& Tower with Radar,1,45,18,0,64,0,3,39,0,42,1,48,57,0,106,70,0,70,176
04/10/2007,CPR,WY,ANM,WE,Combined TRACON& Tower with Radar,3,49,14,0,66,0,2,12,0,14,3,51,26,0,80,16,0,16,96
04/11/2007,CPR,WY,ANM,WE,Combined TRACON& Tower with Radar,4,47,34,2,87,0,2,27,0,29,4,49,61,2,116,46,0,46,162
04/12/2007,CPR,WY,ANM,WE,Combined TRACON& Tower with Radar,2,48,26,0,76,0,0,10,0,10,2,48,36,0,86,20,0,20,106
04/13/2007,CPR,WY,ANM,WE,Combined TRACON& Tower with Radar,2,38,20,0,60,0,3,28,0,31,2,41,48,0,91,38,0,38,129
04/14/2007,CPR,WY,ANM,WE,Combined TRACON& Tower with Radar,2,29,9,0,40,0,0,58,0,58,2,29,67,0,98,44,0,44,142
04/15/2007,CPR,WY,ANM,WE,Combined TRACON& Tower with Radar,0,19,1,0,20,0,0,28,0,28,0,19,29,0,48,20,0,20,68
04/16/2007,CPR,WY,ANM,WE,Combined TRACON& Tower with Radar,1,44,22,0,67,0,0,11,0,11,1,44,33,0,78,26,0,26,104
04/17/2007,CPR,WY,ANM,WE,Combined TRACON& Tower with Radar,4,44,14,0,62,0,2,24,0,26,4,46,38,0,88,22,0,22,110
04/18/2007,CPR,WY,ANM,WE,Combined TRACON& Tower with Radar,5,46,21,0,72,0,2,16,0,18,5,48,37,0,90,2,2,4,94
04/19/2007,CPR,WY,ANM,WE,Combined TRACON& Tower with Radar,3,49,16,0,68,0,0,7,0,7,3,49,23,0,75,0,0,0,75
04/20/2007,CPR,WY,ANM,WE,Combined TRACON& Tower with Radar,4,44,30,4,82,0,3,45,0,48,4,47,75,4,130,56,0,56,186
04/21/2007,CPR,WY,ANM,WE,Combined TRACON& Tower with Radar,2,27,14,0,43,0,7,29,0,36,2,34,43,0,79,50,0,50,129
04/22/2007,CPR,WY,ANM,WE,Combined TRACON& Tower with Radar,0,21,12,0,33,0,7,22,0,29,0,28,34,0,62,18,0,18,80
04/23/2007,CPR,WY,ANM,WE,Combined TRACON& Tower with Radar,1,40,28,0,69,0,3,9,0,12,1,43,37,0,81,22,0,22,103
04/24/2007,CPR,WY,ANM,WE,Combined TRACON& Tower with Radar,6,48,14,0,68,0,0,0,0,0,6,48,14,0,68,0,0,0,68
04/25/2007,CPR,WY,ANM,WE,Combined TRACON& Tower with Radar,3,44,36,3,86,0,0,22,0,22,3,44,58,3,108,18,2,20,128
04/26/2007,CPR,WY,ANM,WE,Combined TRACON& Tower with Radar,4,44,24,0,72,0,0,21,0,21,4,44,45,0,93,16,0,16,109
04/27/2007,CPR,WY,ANM,WE,Combined TRACON& Tower with Radar,4,42,21,3,70,0,6,55,0,61,4,48,76,3,131,32,0,32,163
04/28/2007,CPR,WY,ANM,WE,Combined TRACON& Tower with Radar,3,30,8,0,41,0,1,47,2,50,3,31,55,2,91,24,0,24,115
04/29/2007,CPR,WY,ANM,WE,Combined TRACON& Tower with Radar,0,23,10,0,33,0,2,38,0,40,0,25,48,0,73,32,0,32,105
04/30/2007,CPR,WY,ANM,WE,Combined TRACON& Tower with Radar,1,37,11,0,49,0,0,30,0,30,1,37,41,0,79,2,0,2,81
05/01/2007,CPR,WY,ANM,WE,Combined TRACON& Tower with Radar,4,40,15,0,59,0,0,18,0,18,4,40,33,0,77,2,0,2,79
05/02/2007,CPR,WY,ANM,WE,Combined TRACON& Tower with Radar,3,42,20,2,67,0,4,18,0,22,3,46,38,2,89,10,2,12,101
05/03/2007,CPR,WY,ANM,WE,Combined TRACON& Tower with Radar,4,40,14,0,58,0,4,12,0,16,4,44,26,0,74,6,0,6,80
05/04/2007,CPR,WY,ANM,WE,Combined TRACON& Tower with Radar,3,46,20,0,69,0,3,26,0,29,3,49,46,0,98,26,0,26,124
05/05/2007,CPR,WY,ANM,WE,Combined TRACON& Tower with Radar,2,27,1,0,30,0,0,4,0,4,2,27,5,0,34,0,0,0,34
05/06/2007,CPR,WY,ANM,WE,Combined TRACON& Tower with Radar,2,21,5,0,28,0,1,5,2,8,2,22,10,2,36,0,0,0,36
05/07/2007,CPR,WY,ANM,WE,Combined TRACON& Tower with Radar,1,36,15,0,52,0,0,33,0,33,1,36,48,0,85,38,0,38,123
05/08/2007,CPR,WY,ANM,WE,Combined TRACON& Tower with Radar,4,43,25,0,72,0,2,25,0,27,4,45,50,0,99,5,0,5,104
05/09/2007,CPR,WY,ANM,WE,Combined TRACON& Tower with Radar,3,40,23,0,66,0,5,44,0,49,3,45,67,0,115,24,0,24,139
05/10/2007,CPR,WY,ANM,WE,Combined TRACON& Tower with Radar,2,41,16,0,59,0,0,43,4,47,2,41,59,4,106,44,0,44,150
05/11/2007,CPR,WY,ANM,WE,Combined TRACON& Tower with Radar,5,41,13,0,59,0,4,50,0,54,5,45,63,0,113,24,0,24,137
05/12/2007,CPR,WY,ANM,WE,Combined TRACON& Tower with Radar,1,32,12,0,45,0,3,29,0,32,1,35,41,0,77,36,0,36,113
05/13/2007,CPR,WY,ANM,WE,Combined TRACON& Tower with Radar,0,20,4,0,24,0,0,24,0,24,0,20,28,0,48,28,0,28,76
05/14/2007,CPR,WY,ANM,WE,Combined TRACON& Tower with Radar,3,39,22,0,64,0,3,15,0,18,3,42,37,0,82,12,0,12,94
05/15/2007,CPR,WY,ANM,WE,Combined TRACON& Tower with Radar,3,51,22,0,76,0,1,37,0,38,3,52,59,0,114,32,0,32,146
05/16/2007,CPR,WY,ANM,WE,Combined TRACON& Tower with Radar,3,46,22,3,74,0,1,34,1,36,3,47,56,4,110,28,0,28,138
05/17/2007,CPR,WY,ANM,WE,Combined TRACON& Tower with Radar,4,40,24,0,68,0,4,24,0,28,4,44,48,0,96,30,0,30,126
05/18/2007,CPR,WY,ANM,WE,Combined TRACON& Tower with Radar,6,41,13,1,61,0,5,40,0,45,6,46,53,1,106,32,2,34,140
05/19/2007,CPR,WY,ANM,WE,Combined TRACON& Tower with Radar,2,26,4,3,35,0,0,31,1,32,2,26,35,4,67,34,0,34,101
05/20/2007,CPR,WY,ANM,WE,Combined TRACON& Tower with Radar,0,31,10,0,41,0,0,36,0,36,0,31,46,0,77,6,0,6,83
05/21/2007,CPR,WY,ANM,WE,Combined TRACON& Tower with Radar,1,45,18,0,64,0,1,28,0,29,1,46,46,0,93,38,0,38,131
05/22/2007,CPR,WY,ANM,WE,Combined TRACON& Tower with Radar,3,47,8,0,58,0,1,11,2,14,3,48,19,2,72,16,0,16,88
05/23/2007,CPR,WY,ANM,WE,Combined TRACON& Tower with Radar,3,41,30,0,74,1,15,27,0,43,4,56,57,0,117,36,0,36,153
05/24/2007,CPR,WY,ANM,WE,Combined TRACON& Tower with Radar,3,52,23,0,78,0,5,35,0,40,3,57,58,0,118,14,0,14,132
05/25/2007,CPR,WY,ANM,WE,Combined TRACON& Tower with Radar,3,43,16,0,62,0,8,38,0,46,3,51,54,0,108,22,0,22,130
05/26/2007,CPR,WY,ANM,WE,Combined TRACON& Tower with Radar,2,31,5,0,38,0,2,28,0,30,2,33,33,0,68,56,0,56,124
05/27/2007,CPR,WY,ANM,WE,Combined TRACON& Tower with Radar,0,21,4,0,25,0,1,28,0,29,0,22,32,0,54,34,0,34,88
05/28/2007,CPR,WY,ANM,WE,Combined TRACON& Tower with Radar,0,26,34,0,60,0,0,0,0,0,0,26,34,0,60,20,0,20,80
05/29/2007,CPR,WY,ANM,WE,Combined TRACON& Tower with Radar,1,44,37,0,82,0,0,0,0,0,1,44,37,0,82,6,0,6,88
05/30/2007,CPR,WY,ANM,WE,Combined TRACON& Tower with Radar,2,41,17,0,60,0,9,27,1,37,2,50,44,1,97,12,0,12,109
05/31/2007,CPR,WY,ANM,WE,Combined TRACON& Tower with Radar,3,46,10,0,59,0,0,22,0,22,3,46,32,0,81,22,0,22,103
06/01/2007,CPR,WY,ANM,WE,Combined TRACON& Tower with Radar,3,52,25,0,80,0,4,36,0,40,3,56,61,0,120,44,0,44,164
06/02/2007,CPR,WY,ANM,WE,Combined TRACON& Tower with Radar,3,31,5,1,40,0,0,36,0,36,3,31,41,1,76,16,0,16,92
06/03/2007,CPR,WY,ANM,WE,Combined TRACON& Tower with Radar,0,24,8,3,35,0,1,31,0,32,0,25,39,3,67,10,0,10,77
06/04/2007,CPR,WY,ANM,WE,Combined TRACON& Tower with Radar,1,45,20,3,69,0,2,8,0,10,1,47,28,3,79,8,6,14,93
06/05/2007,CPR,WY,ANM,WE,Combined TRACON& Tower with Radar,4,41,27,2,74,0,0,16,0,16,4,41,43,2,90,8,0,8,98
06/06/2007,CPR,WY,ANM,WE,Combined TRACON& Tower with Radar,3,36,12,0,51,0,1,15,0,16,3,37,27,0,67,40,0,40,107
06/07/2007,CPR,WY,ANM,WE,Combined TRACON& Tower with Radar,3,50,19,0,72,0,0,1,0,1,3,50,20,0,73,0,0,0,73
06/08/2007,CPR,WY,ANM,WE,Combined TRACON& Tower with Radar,4,45,21,1,71,0,8,42,0,50,4,53,63,1,121,20,0,20,141
06/09/2007,CPR,WY,ANM,WE,Combined TRACON& Tower with Radar,2,39,17,8,66,0,0,33,0,33,2,39,50,8,99,54,0,54,153
06/10/2007,CPR,WY,ANM,WE,Combined TRACON& Tower with Radar,0,29,10,0,39,0,0,34,0,34,0,29,44,0,73,8,0,8,81
06/11/2007,CPR,WY,ANM,WE,Combined TRACON& Tower with Radar,1,42,14,0,57,0,1,16,2,19,1,43,30,2,76,32,0,32,108
06/12/2007,CPR,WY,ANM,WE,Combined TRACON& Tower with Radar,3,42,19,0,64,0,3,23,3,29,3,45,42,3,93,8,0,8,101
06/13/2007,CPR,WY,ANM,WE,Combined TRACON& Tower with Radar,4,44,16,0,64,0,5,23,0,28,4,49,39,0,92,8,0,8,100
06/14/2007,CPR,WY,ANM,WE,Combined TRACON& Tower with Radar,3,45,23,11,82,0,1,31,0,32,3,46,54,11,114,28,4,32,146
06/15/2007,CPR,WY,ANM,WE,Combined TRACON& Tower with Radar,2,45,23,0,70,0,4,27,0,31,2,49,50,0,101,4,0,4,105
06/16/2007,CPR,WY,ANM,WE,Combined TRACON& Tower with Radar,1,33,7,0,41,0,0,25,0,25,1,33,32,0,66,28,0,28,94
06/17/2007,CPR,WY,ANM,WE,Combined TRACON& Tower with Radar,0,32,0,0,32,0,0,23,0,23,0,32,23,0,55,10,0,10,65
06/18/2007,CPR,WY,ANM,WE,Combined TRACON& Tower with Radar,1,43,17,0,61,0,3,22,0,25,1,46,39,0,86,22,2,24,110
06/19/2007,CPR,WY,ANM,WE,Combined TRACON& Tower with Radar,3,51,18,2,74,0,6,45,0,51,3,57,63,2,125,42,0,42,167
06/20/2007,CPR,WY,ANM,WE,Combined TRACON& Tower with Radar,4,50,16,0,70,0,5,25,0,30,4,55,41,0,100,0,0,0,100
06/21/2007,CPR,WY,ANM,WE,Combined TRACON& Tower with Radar,3,44,16,0,63,0,4,31,0,35,3,48,47,0,98,6,0,6,104
06/22/2007,CPR,WY,ANM,WE,Combined TRACON& Tower with Radar,3,49,8,0,60,0,0,28,0,28,3,49,36,0,88,64,0,64,152
06/23/2007,CPR,WY,ANM,WE,Combined TRACON& Tower with Radar,2,38,8,0,48,0,0,26,0,26,2,38,34,0,74,70,0,70,144
06/24/2007,CPR,WY,ANM,WE,Combined TRACON& Tower with Radar,2,28,3,0,33,0,0,22,0,22,2,28,25,0,55,16,0,16,71
06/25/2007,CPR,WY,ANM,WE,Combined TRACON& Tower with Radar,1,44,18,0,63,0,6,17,0,23,1,50,35,0,86,14,0,14,100
06/26/2007,CPR,WY,ANM,WE,Combined TRACON& Tower with Radar,2,44,15,2,63,0,4,28,0,32,2,48,43,2,95,26,6,32,127
06/27/2007,CPR,WY,ANM,WE,Combined TRACON& Tower with Radar,5,45,23,3,76,0,4,32,2,38,5,49,55,5,114,64,10,74,188
06/28/2007,CPR,WY,ANM,WE,Combined TRACON& Tower with Radar,2,50,24,0,76,0,6,38,0,44,2,56,62,0,120,34,0,34,154
06/29/2007,CPR,WY,ANM,WE,Combined TRACON& Tower with Radar,3,51,18,0,72,0,5,46,2,53,3,56,64,2,125,40,2,42,167
06/30/2007,CPR,WY,ANM,WE,Combined TRACON& Tower with Radar,2,35,10,0,47,0,3,47,0,50,2,38,57,0,97,24,0,24,121
07/01/2007,CPR,WY,ANM,WE,Combined TRACON& Tower with Radar,0,29,3,0,32,0,6,51,0,57,0,35,54,0,89,42,0,42,131
07/02/2007,CPR,WY,ANM,WE,Combined TRACON& Tower with Radar,1,38,14,1,54,0,0,31,0,31,1,38,45,1,85,56,0,56,141
07/03/2007,CPR,WY,ANM,WE,Combined TRACON& Tower with Radar,3,45,11,2,61,0,1,32,3,36,3,46,43,5,97,2,0,2,99
07/04/2007,CPR,WY,ANM,WE,Combined TRACON& Tower with Radar,0,18,5,0,23,0,1,25,0,26,0,19,30,0,49,34,0,34,83
07/05/2007,CPR,WY,ANM,WE,Combined TRACON& Tower with Radar,2,41,18,0,61,0,3,37,0,40,2,44,55,0,101,36,0,36,137
07/06/2007,CPR,WY,ANM,WE,Combined TRACON& Tower with Radar,4,42,12,0,58,0,8,29,0,37,4,50,41,0,95,70,0,70,165
07/07/2007,CPR,WY,ANM,WE,Combined TRACON& Tower with Radar,1,31,0,0,32,0,0,23,0,23,1,31,23,0,55,0,0,0,55
07/08/2007,CPR,WY,ANM,WE,Combined TRACON& Tower with Radar,0,21,8,2,31,0,0,19,0,19,0,21,27,2,50,40,0,40,90
07/09/2007,CPR,WY,ANM,WE,Combined TRACON& Tower with Radar,1,43,21,0,65,0,0,27,0,27,1,43,48,0,92,40,0,40,132
07/10/2007,CPR,WY,ANM,WE,Combined TRACON& Tower with Radar,3,54,12,0,69,0,0,37,0,37,3,54,49,0,106,32,0,32,138
07/11/2007,CPR,WY,ANM,WE,Combined TRACON& Tower with Radar,3,37,22,0,62,0,4,53,0,57,3,41,75,0,119,32,0,32,151
07/12/2007,CPR,WY,ANM,WE,Combined TRACON& Tower with Radar,3,37,19,0,59,0,5,56,0,61,3,42,75,0,120,54,0,54,174
07/13/2007,CPR,WY,ANM,WE,Combined TRACON& Tower with Radar,3,49,9,0,61,0,0,59,2,61,3,49,68,2,122,46,0,46,168
07/14/2007,CPR,WY,ANM,WE,Combined TRACON& Tower with Radar,1,39,12,0,52,0,0,38,0,38,1,39,50,0,90,20,0,20,110
07/15/2007,CPR,WY,ANM,WE,Combined TRACON& Tower with Radar,0,26,8,0,34,0,2,34,0,36,0,28,42,0,70,40,0,40,110
07/16/2007,CPR,WY,ANM,WE,Combined TRACON& Tower with Radar,1,45,8,0,54,0,0,37,0,37,1,45,45,0,91,14,0,14,105
07/17/2007,CPR,WY,ANM,WE,Combined TRACON& Tower with Radar,2,47,8,3,60,0,0,23,1,24,2,47,31,4,84,52,4,56,140
07/18/2007,CPR,WY,ANM,WE,Combined TRACON& Tower with Radar,3,55,31,0,89,0,4,38,0,42,3,59,69,0,131,44,0,44,175
07/19/2007,CPR,WY,ANM,WE,Combined TRACON& Tower with Radar,2,45,27,2,76,0,2,40,1,43,2,47,67,3,119,18,8,26,145
07/20/2007,CPR,WY,ANM,WE,Combined TRACON& Tower with Radar,4,55,23,0,82,0,5,35,0,40,4,60,58,0,122,22,0,22,144
07/21/2007,CPR,WY,ANM,WE,Combined TRACON& Tower with Radar,1,33,4,0,38,0,1,37,0,38,1,34,41,0,76,0,0,0,76
07/22/2007,CPR,WY,ANM,WE,Combined TRACON& Tower with Radar,0,24,9,0,33,0,0,33,1,34,0,24,42,1,67,14,0,14,81
07/23/2007,CPR,WY,ANM,WE,Combined TRACON& Tower with Radar,1,47,22,1,71,0,18,30,0,48,1,65,52,1,119,16,0,16,135
07/24/2007,CPR,WY,ANM,WE,Combined TRACON& Tower with Radar,2,34,20,0,56,0,0,43,0,43,2,34,63,0,99,32,0,32,131
07/25/2007,CPR,WY,ANM,WE,Combined TRACON& Tower with Radar,2,43,31,3,79,1,0,28,1,30,3,43,59,4,109,8,0,8,117
07/26/2007,CPR,WY,ANM,WE,Combined TRACON& Tower with Radar,1,25,9,0,35,0,18,41,0,59,1,43,50,0,94,2,0,2,96
07/27/2007,CPR,WY,ANM,WE,Combined TRACON& Tower with Radar,4,44,23,0,71,0,3,40,0,43,4,47,63,0,114,28,0,28,142
07/28/2007,CPR,WY,ANM,WE,Combined TRACON& Tower with Radar,1,32,6,1,40,0,0,43,0,43,1,32,49,1,83,42,0,42,125
07/29/2007,CPR,WY,ANM,WE,Combined TRACON& Tower with Radar,0,26,5,1,32,0,1,40,0,41,0,27,45,1,73,32,0,32,105
07/30/2007,CPR,WY,ANM,WE,Combined TRACON& Tower with Radar,1,43,32,0,76,0,4,59,0,63,1,47,91,0,139,98,0,98,237
07/31/2007,CPR,WY,ANM,WE,Combined TRACON& Tower with Radar,2,60,19,0,81,0,0,40,0,40,2,60,59,0,121,0,0,0,121
08/01/2007,CPR,WY,ANM,WE,Combined TRACON& Tower with Radar,4,49,27,0,80,0,12,35,1,48,4,61,62,1,128,48,0,48,176
08/02/2007,CPR,WY,ANM,WE,Combined TRACON& Tower with Radar,3,43,23,0,69,0,0,40,2,42,3,43,63,2,111,54,0,54,165
08/03/2007,CPR,WY,ANM,WE,Combined TRACON& Tower with Radar,4,52,18,0,74,0,12,26,2,40,4,64,44,2,114,36,0,36,150
08/04/2007,CPR,WY,ANM,WE,Combined TRACON& Tower with Radar,1,32,8,0,41,0,8,53,0,61,1,40,61,0,102,72,0,72,174
08/05/2007,CPR,WY,ANM,WE,Combined TRACON& Tower with Radar,0,22,5,0,27,0,3,35,2,40,0,25,40,2,67,52,0,52,119
08/06/2007,CPR,WY,ANM,WE,Combined TRACON& Tower with Radar,1,41,17,0,59,0,5,38,0,43,1,46,55,0,102,44,0,44,146
08/07/2007,CPR,WY,ANM,WE,Combined TRACON& Tower with Radar,2,46,19,0,67,0,5,28,0,33,2,51,47,0,100,22,0,22,122
08/08/2007,CPR,WY,ANM,WE,Combined TRACON& Tower with Radar,2,45,23,0,70,0,2,42,0,44,2,47,65,0,114,14,0,14,128
08/09/2007,CPR,WY,ANM,WE,Combined TRACON& Tower with Radar,3,36,17,0,56,0,2,63,0,65,3,38,80,0,121,12,0,12,133
08/10/2007,CPR,WY,ANM,WE,Combined TRACON& Tower with Radar,6,51,24,0,81,0,6,30,0,36,6,57,54,0,117,42,0,42,159
08/11/2007,CPR,WY,ANM,WE,Combined TRACON& Tower with Radar,1,39,7,0,47,0,2,25,1,28,1,41,32,1,75,8,0,8,83
08/12/2007,CPR,WY,ANM,WE,Combined TRACON& Tower with Radar,0,30,5,0,35,0,0,29,1,30,0,30,34,1,65,4,0,4,69
08/13/2007,CPR,WY,ANM,WE,Combined TRACON& Tower with Radar,2,44,25,0,71,0,2,37,0,39,2,46,62,0,110,20,0,20,130
08/14/2007,CPR,WY,ANM,WE,Combined TRACON& Tower with Radar,3,49,20,0,72,0,9,36,0,45,3,58,56,0,117,18,0,18,135
08/15/2007,CPR,WY,ANM,WE,Combined TRACON& Tower with Radar,2,47,33,0,82,0,4,60,0,64,2,51,93,0,146,48,0,48,194
08/16/2007,CPR,WY,ANM,WE,Combined TRACON& Tower with Radar,3,44,28,0,75,0,4,46,0,50,3,48,74,0,125,4,0,4,129
08/17/2007,CPR,WY,ANM,WE,Combined TRACON& Tower with Radar,4,46,15,1,66,0,1,49,1,51,4,47,64,2,117,18,0,18,135
08/18/2007,CPR,WY,ANM,WE,Combined TRACON& Tower with Radar,3,30,3,3,39,0,4,21,2,27,3,34,24,5,66,22,0,22,88
08/19/2007,CPR,WY,ANM,WE,Combined TRACON& Tower with Radar,0,31,5,2,38,0,0,26,1,27,0,31,31,3,65,38,0,38,103
08/20/2007,CPR,WY,ANM,WE,Combined TRACON& Tower with Radar,1,36,23,0,60,0,8,28,2,38,1,44,51,2,98,6,0,6,104
08/21/2007,CPR,WY,ANM,WE,Combined TRACON& Tower with Radar,2,56,15,0,73,0,2,32,0,34,2,58,47,0,107,0,0,0,107
08/22/2007,CPR,WY,ANM,WE,Combined TRACON& Tower with Radar,2,42,23,5,72,0,2,19,1,22,2,44,42,6,94,0,0,0,94
08/23/2007,CPR,WY,ANM,WE,Combined TRACON& Tower with Radar,3,47,22,1,73,0,1,25,0,26,3,48,47,1,99,34,0,34,133
08/24/2007,CPR,WY,ANM,WE,Combined TRACON& Tower with Radar,5,40,25,2,72,0,6,40,6,52,5,46,65,8,124,28,0,28,152
08/25/2007,CPR,WY,ANM,WE,Combined TRACON& Tower with Radar,2,34,10,0,46,0,0,45,0,45,2,34,55,0,91,62,0,62,153
08/26/2007,CPR,WY,ANM,WE,Combined TRACON& Tower with Radar,0,23,12,0,35,0,0,34,0,34,0,23,46,0,69,34,0,34,103
08/27/2007,CPR,WY,ANM,WE,Combined TRACON& Tower with Radar,1,44,18,0,63,0,0,35,0,35,1,44,53,0,98,24,0,24,122
08/28/2007,CPR,WY,ANM,WE,Combined TRACON& Tower with Radar,2,36,28,1,67,0,5,29,1,35,2,41,57,2,102,56,6,62,164
08/29/2007,CPR,WY,ANM,WE,Combined TRACON& Tower with Radar,3,42,24,4,73,0,1,26,2,29,3,43,50,6,102,48,18,66,168
08/30/2007,CPR,WY,ANM,WE,Combined TRACON& Tower with Radar,4,38,25,0,67,0,2,49,1,52,4,40,74,1,119,42,0,42,161
08/31/2007,CPR,WY,ANM,WE,Combined TRACON& Tower with Radar,3,46,16,0,65,0,2,39,2,43,3,48,55,2,108,44,0,44,152
09/01/2007,CPR,WY,ANM,WE,Combined TRACON& Tower with Radar,1,31,2,0,34,0,0,33,0,33,1,31,35,0,67,28,0,28,95
09/02/2007,CPR,WY,ANM,WE,Combined TRACON& Tower with Radar,0,15,12,1,28,0,4,24,0,28,0,19,36,1,56,14,0,14,70
09/03/2007,CPR,WY,ANM,WE,Combined TRACON& Tower with Radar,0,24,8,3,35,0,0,24,0,24,0,24,32,3,59,18,0,18,77
09/04/2007,CPR,WY,ANM,WE,Combined TRACON& Tower with Radar,2,43,22,0,67,1,4,45,0,50,3,47,67,0,117,26,0,26,143
09/05/2007,CPR,WY,ANM,WE,Combined TRACON& Tower with Radar,3,55,36,0,94,0,0,46,0,46,3,55,82,0,140,56,0,56,196
09/06/2007,CPR,WY,ANM,WE,Combined TRACON& Tower with Radar,3,49,12,0,64,0,0,44,0,44,3,49,56,0,108,28,0,28,136
09/07/2007,CPR,WY,ANM,WE,Combined TRACON& Tower with Radar,4,47,22,0,73,0,0,36,1,37,4,47,58,1,110,32,0,32,142
09/08/2007,CPR,WY,ANM,WE,Combined TRACON& Tower with Radar,1,35,9,0,45,0,2,28,0,30,1,37,37,0,75,10,0,10,85
09/09/2007,CPR,WY,ANM,WE,Combined TRACON& Tower with Radar,0,23,6,0,29,0,0,6,0,6,0,23,12,0,35,0,0,0,35
09/10/2007,CPR,WY,ANM,WE,Combined TRACON& Tower with Radar,2,45,17,0,64,0,0,25,0,25,2,45,42,0,89,2,0,2,91
09/11/2007,CPR,WY,ANM,WE,Combined TRACON& Tower with Radar,3,44,24,0,71,0,0,34,0,34,3,44,58,0,105,34,0,34,139
09/12/2007,CPR,WY,ANM,WE,Combined TRACON& Tower with Radar,2,48,25,0,75,0,0,40,0,40,2,48,65,0,115,22,0,22,137
09/13/2007,CPR,WY,ANM,WE,Combined TRACON& Tower with Radar,3,48,31,0,82,0,0,26,0,26,3,48,57,0,108,62,0,62,170
09/14/2007,CPR,WY,ANM,WE,Combined TRACON& Tower with Radar,3,53,22,0,78,0,5,56,0,61,3,58,78,0,139,64,0,64,203
09/15/2007,CPR,WY,ANM,WE,Combined TRACON& Tower with Radar,2,33,7,0,42,0,2,37,0,39,2,35,44,0,81,30,0,30,111
09/16/2007,CPR,WY,ANM,WE,Combined TRACON& Tower with Radar,0,26,12,0,38,0,4,36,0,40,0,30,48,0,78,8,0,8,86
09/17/2007,CPR,WY,ANM,WE,Combined TRACON& Tower with Radar,1,47,13,0,61,0,0,14,0,14,1,47,27,0,75,6,0,6,81
09/18/2007,CPR,WY,ANM,WE,Combined TRACON& Tower with Radar,2,45,25,6,78,0,7,27,4,38,2,52,52,10,116,70,0,70,186
09/19/2007,CPR,WY,ANM,WE,Combined TRACON& Tower with Radar,3,43,30,0,76,0,3,39,0,42,3,46,69,0,118,56,0,56,174
09/20/2007,CPR,WY,ANM,WE,Combined TRACON& Tower with Radar,4,41,25,0,70,0,0,26,0,26,4,41,51,0,96,18,0,18,114
09/21/2007,CPR,WY,ANM,WE,Combined TRACON& Tower with Radar,3,44,15,0,62,0,0,35,0,35,3,44,50,0,97,40,0,40,137
09/22/2007,CPR,WY,ANM,WE,Combined TRACON& Tower with Radar,2,22,9,0,33,0,0,12,0,12,2,22,21,0,45,4,0,4,49
09/23/2007,CPR,WY,ANM,WE,Combined TRACON& Tower with Radar,2,23,7,0,32,0,0,4,0,4,2,23,11,0,36,10,0,10,46
09/24/2007,CPR,WY,ANM,WE,Combined TRACON& Tower with Radar,1,34,20,0,55,0,0,0,0,0,1,34,20,0,55,0,0,0,55
09/25/2007,CPR,WY,ANM,WE,Combined TRACON& Tower with Radar,3,41,18,0,62,0,1,32,0,33,3,42,50,0,95,14,0,14,109
09/26/2007,CPR,WY,ANM,WE,Combined TRACON& Tower with Radar,3,44,21,8,76,0,0,27,0,27,3,44,48,8,103,28,6,34,137
09/27/2007,CPR,WY,ANM,WE,Combined TRACON& Tower with Radar,3,37,17,0,57,0,8,36,0,44,3,45,53,0,101,14,0,14,115
09/28/2007,CPR,WY,ANM,WE,Combined TRACON& Tower with Radar,3,48,28,0,79,0,0,36,0,36,3,48,64,0,115,56,0,56,171
09/29/2007,CPR,WY,ANM,WE,Combined TRACON& Tower with Radar,3,31,12,0,46,0,0,15,0,15,3,31,27,0,61,28,0,28,89
09/30/2007,CPR,WY,ANM,WE,Combined TRACON& Tower with Radar,0,30,7,2,39,0,0,16,0,16,0,30,23,2,55,10,0,10,65
10/01/2007,CPR,WY,ANM,WE,Combined TRACON& Tower with Radar,1,42,16,0,59,1,0,16,0,17,2,42,32,0,76,0,0,0,76
10/02/2007,CPR,WY,ANM,WE,Combined TRACON& Tower with Radar,3,39,15,0,57,0,0,9,0,9,3,39,24,0,66,8,0,8,74
10/03/2007,CPR,WY,ANM,WE,Combined TRACON& Tower with Radar,4,31,12,0,47,0,0,14,0,14,4,31,26,0,61,6,0,6,67
10/04/2007,CPR,WY,ANM,WE,Combined TRACON& Tower with Radar,3,45,24,3,75,0,1,22,0,23,3,46,46,3,98,62,0,62,160
10/05/2007,CPR,WY,ANM,WE,Combined TRACON& Tower with Radar,4,42,12,7,65,0,0,21,1,22,4,42,33,8,87,6,0,6,93
10/06/2007,CPR,WY,ANM,WE,Combined TRACON& Tower with Radar,2,32,8,0,42,0,0,4,0,4,2,32,12,0,46,0,0,0,46
10/07/2007,CPR,WY,ANM,WE,Combined TRACON& Tower with Radar,0,16,11,0,27,0,0,3,0,3,0,16,14,0,30,0,0,0,30
10/08/2007,CPR,WY,ANM,WE,Combined TRACON& Tower with Radar,3,30,12,3,48,0,2,29,1,32,3,32,41,4,80,26,0,26,106
10/09/2007,CPR,WY,ANM,WE,Combined TRACON& Tower with Radar,3,38,19,0,60,0,0,36,0,36,3,38,55,0,96,16,0,16,112
10/10/2007,CPR,WY,ANM,WE,Combined TRACON& Tower with Radar,6,45,24,0,75,1,0,26,0,27,7,45,50,0,102,16,0,16,118
10/11/2007,CPR,WY,ANM,WE,Combined TRACON& Tower with Radar,4,39,16,0,59,0,1,26,1,28,4,40,42,1,87,68,2,70,157
10/12/2007,CPR,WY,ANM,WE,Combined TRACON& Tower with Radar,4,44,11,10,69,0,3,55,5,63,4,47,66,15,132,56,0,56,188
10/13/2007,CPR,WY,ANM,WE,Combined TRACON& Tower with Radar,2,33,12,1,48,0,0,4,0,4,2,33,16,1,52,20,0,20,72
10/14/2007,CPR,WY,ANM,WE,Combined TRACON& Tower with Radar,0,20,6,0,26,0,0,16,0,16,0,20,22,0,42,4,0,4,46
10/15/2007,CPR,WY,ANM,WE,Combined TRACON& Tower with Radar,1,37,12,11,61,0,2,47,0,49,1,39,59,11,110,52,0,52,162
10/16/2007,CPR,WY,ANM,WE,Combined TRACON& Tower with Radar,3,38,18,0,59,0,1,26,0,27,3,39,44,0,86,14,0,14,100
10/17/2007,CPR,WY,ANM,WE,Combined TRACON& Tower with Radar,4,50,21,4,79,0,2,14,2,18,4,52,35,6,97,58,8,66,163
10/18/2007,CPR,WY,ANM,WE,Combined TRACON& Tower with Radar,3,49,20,0,72,0,1,0,0,1,3,50,20,0,73,62,0,62,135
10/19/2007,CPR,WY,ANM,WE,Combined TRACON& Tower with Radar,3,37,19,4,63,0,2,15,0,17,3,39,34,4,80,0,6,6,86
10/20/2007,CPR,WY,ANM,WE,Combined TRACON& Tower with Radar,1,29,2,2,34,0,0,7,0,7,1,29,9,2,41,36,0,36,77
10/21/2007,CPR,WY,ANM,WE,Combined TRACON& Tower with Radar,0,31,11,0,42,0,1,7,0,8,0,32,18,0,50,30,0,30,80
10/22/2007,CPR,WY,ANM,WE,Combined TRACON& Tower with Radar,2,42,14,0,58,0,2,43,0,45,2,44,57,0,103,24,0,24,127
10/23/2007,CPR,WY,ANM,WE,Combined TRACON& Tower with Radar,3,40,22,0,65,0,4,38,0,42,3,44,60,0,107,64,0,64,171
10/24/2007,CPR,WY,ANM,WE,Combined TRACON& Tower with Radar,3,42,30,0,75,0,0,28,0,28,3,42,58,0,103,44,0,44,147
10/25/2007,CPR,WY,ANM,WE,Combined TRACON& Tower with Radar,3,40,22,1,66,0,5,27,0,32,3,45,49,1,98,52,0,52,150
10/26/2007,CPR,WY,ANM,WE,Combined TRACON& Tower with Radar,4,41,21,3,69,0,1,3,0,4,4,42,24,3,73,0,0,0,73
10/27/2007,CPR,WY,ANM,WE,Combined TRACON& Tower with Radar,2,33,2,0,37,0,8,31,0,39,2,41,33,0,76,38,0,38,114
10/28/2007,CPR,WY,ANM,WE,Combined TRACON& Tower with Radar,0,23,9,6,38,0,0,26,0,26,0,23,35,6,64,14,0,14,78
10/29/2007,CPR,WY,ANM,WE,Combined TRACON& Tower with Radar,1,39,19,0,59,0,0,21,0,21,1,39,40,0,80,34,0,34,114
10/30/2007,CPR,WY,ANM,WE,Combined TRACON& Tower with Radar,3,43,17,0,63,0,4,14,0,18,3,47,31,0,81,0,0,0,81
10/31/2007,CPR,WY,ANM,WE,Combined TRACON& Tower with Radar,5,42,9,0,56,0,7,21,0,28,5,49,30,0,84,8,0,8,92
11/01/2007,CPR,WY,ANM,WE,Combined TRACON& Tower with Radar,3,46,20,2,71,0,2,10,0,12,3,48,30,2,83,10,6,16,99
11/02/2007,CPR,WY,ANM,WE,Combined TRACON& Tower with Radar,3,41,21,0,65,0,0,27,0,27,3,41,48,0,92,46,0,46,138
11/03/2007,CPR,WY,ANM,WE,Combined TRACON& Tower with Radar,4,29,5,1,39,0,3,19,0,22,4,32,24,1,61,0,0,0,61
11/04/2007,CPR,WY,ANM,WE,Combined TRACON& Tower with Radar,2,19,8,0,29,0,0,5,1,6,2,19,13,1,35,0,0,0,35
11/05/2007,CPR,WY,ANM,WE,Combined TRACON& Tower with Radar,1,42,26,4,73,0,1,0,0,1,1,43,26,4,74,20,4,24,98
11/06/2007,CPR,WY,ANM,WE,Combined TRACON& Tower with Radar,3,43,15,4,65,0,2,25,1,28,3,45,40,5,93,46,16,62,155
11/07/2007,CPR,WY,ANM,WE,Combined TRACON& Tower with Radar,3,39,20,0,62,0,2,19,0,21,3,41,39,0,83,78,0,78,161
11/08/2007,CPR,WY,ANM,WE,Combined TRACON& Tower with Radar,5,50,22,0,77,0,0,0,0,0,5,50,22,0,77,50,0,50,127
11/09/2007,CPR,WY,ANM,WE,Combined TRACON& Tower with Radar,3,41,24,3,71,0,5,35,0,40,3,46,59,3,111,24,0,24,135
11/10/2007,CPR,WY,ANM,WE,Combined TRACON& Tower with Radar,2,29,9,0,40,0,2,22,0,24,2,31,31,0,64,40,0,40,104
11/11/2007,CPR,WY,ANM,WE,Combined TRACON& Tower with Radar,0,22,7,0,29,0,1,1,0,2,0,23,8,0,31,0,0,0,31
11/12/2007,CPR,WY,ANM,WE,Combined TRACON& Tower with Radar,1,32,19,0,52,0,0,14,2,16,1,32,33,2,68,30,0,30,98
11/13/2007,CPR,WY,ANM,WE,Combined TRACON& Tower with Radar,3,43,27,2,75,0,1,13,0,14,3,44,40,2,89,0,0,0,89
11/14/2007,CPR,WY,ANM,WE,Combined TRACON& Tower with Radar,2,42,18,0,62,0,2,37,0,39,2,44,55,0,101,32,0,32,133
11/15/2007,CPR,WY,ANM,WE,Combined TRACON& Tower with Radar,4,41,13,1,59,0,0,17,3,20,4,41,30,4,79,22,0,22,101
11/16/2007,CPR,WY,ANM,WE,Combined TRACON& Tower with Radar,3,44,28,12,87,0,0,21,2,23,3,44,49,14,110,20,8,28,138
11/17/2007,CPR,WY,ANM,WE,Combined TRACON& Tower with Radar,3,32,6,0,41,0,2,33,0,35,3,34,39,0,76,2,0,2,78
11/18/2007,CPR,WY,ANM,WE,Combined TRACON& Tower with Radar,0,18,4,4,26,0,0,10,0,10,0,18,14,4,36,0,0,0,36
11/19/2007,CPR,WY,ANM,WE,Combined TRACON& Tower with Radar,1,37,11,7,56,0,0,21,0,21,1,37,32,7,77,6,0,6,83
11/20/2007,CPR,WY,ANM,WE,Combined TRACON& Tower with Radar,3,60,10,0,73,0,0,8,0,8,3,60,18,0,81,0,0,0,81
11/21/2007,CPR,WY,ANM,WE,Combined TRACON& Tower with Radar,3,52,31,0,86,0,0,4,0,4,3,52,35,0,90,16,0,16,106
11/22/2007,CPR,WY,ANM,WE,Combined TRACON& Tower with Radar,0,15,6,0,21,0,0,0,0,0,0,15,6,0,21,0,0,0,21
11/23/2007,CPR,WY,ANM,WE,Combined TRACON& Tower with Radar,2,40,7,0,49,0,0,22,0,22,2,40,29,0,71,28,0,28,99
11/24/2007,CPR,WY,ANM,WE,Combined TRACON& Tower with Radar,3,27,6,0,36,0,0,16,0,16,3,27,22,0,52,16,0,16,68
11/25/2007,CPR,WY,ANM,WE,Combined TRACON& Tower with Radar,0,20,7,0,27,0,0,20,0,20,0,20,27,0,47,8,0,8,55
11/26/2007,CPR,WY,ANM,WE,Combined TRACON& Tower with Radar,1,37,19,0,57,0,0,20,0,20,1,37,39,0,77,28,0,28,105
11/27/2007,CPR,WY,ANM,WE,Combined TRACON& Tower with Radar,3,47,11,0,61,0,0,1,0,1,3,47,12,0,62,0,0,0,62
11/28/2007,CPR,WY,ANM,WE,Combined TRACON& Tower with Radar,3,40,29,3,75,0,7,29,1,37,3,47,58,4,112,34,0,34,146
11/29/2007,CPR,WY,ANM,WE,Combined TRACON& Tower with Radar,3,47,18,0,68,0,0,15,0,15,3,47,33,0,83,18,0,18,101
11/30/2007,CPR,WY,ANM,WE,Combined TRACON& Tower with Radar,4,45,16,0,65,1,0,12,1,14,5,45,28,1,79,26,0,26,105
12/01/2007,CPR,WY,ANM,WE,Combined TRACON& Tower with Radar,2,31,8,0,41,0,0,2,0,2,2,31,10,0,43,0,0,0,43
12/02/2007,CPR,WY,ANM,WE,Combined TRACON& Tower with Radar,0,0,14,0,14,0,25,9,0,34,0,25,23,0,48,0,0,0,48
12/03/2007,CPR,WY,ANM,WE,Combined TRACON& Tower with Radar,3,39,16,0,58,0,1,10,0,11,3,40,26,0,69,2,0,2,71
12/04/2007,CPR,WY,ANM,WE,Combined TRACON& Tower with Radar,3,51,20,0,74,0,2,14,0,16,3,53,34,0,90,36,0,36,126
12/05/2007,CPR,WY,ANM,WE,Combined TRACON& Tower with Radar,3,35,34,6,78,0,7,32,0,39,3,42,66,6,117,62,0,62,179
12/06/2007,CPR,WY,ANM,WE,Combined TRACON& Tower with Radar,3,45,37,0,85,0,0,26,0,26,3,45,63,0,111,60,0,60,171
12/07/2007,CPR,WY,ANM,WE,Combined TRACON& Tower with Radar,4,35,10,0,49,0,0,0,0,0,4,35,10,0,49,0,0,0,49
12/08/2007,CPR,WY,ANM,WE,Combined TRACON& Tower with Radar,2,27,4,0,33,0,0,0,0,0,2,27,4,0,33,0,0,0,33
12/09/2007,CPR,WY,ANM,WE,Combined TRACON& Tower with Radar,0,20,6,0,26,0,1,2,0,3,0,21,8,0,29,0,0,0,29
12/10/2007,CPR,WY,ANM,WE,Combined TRACON& Tower with Radar,1,35,24,0,60,0,3,23,0,26,1,38,47,0,86,38,0,38,124
12/11/2007,CPR,WY,ANM,WE,Combined TRACON& Tower with Radar,5,43,20,0,68,0,1,32,0,33,5,44,52,0,101,24,0,24,125
12/12/2007,CPR,WY,ANM,WE,Combined TRACON& Tower with Radar,5,47,38,3,93,0,0,18,0,18,5,47,56,3,111,52,0,52,163
12/13/2007,CPR,WY,ANM,WE,Combined TRACON& Tower with Radar,5,53,11,2,71,0,0,19,0,19,5,53,30,2,90,60,0,60,150
12/14/2007,CPR,WY,ANM,WE,Combined TRACON& Tower with Radar,5,46,33,0,84,1,3,38,0,42,6,49,71,0,126,14,0,14,140
12/15/2007,CPR,WY,ANM,WE,Combined TRACON& Tower with Radar,2,28,4,1,35,0,3,9,3,15,2,31,13,4,50,4,0,4,54
12/16/2007,CPR,WY,ANM,WE,Combined TRACON& Tower with Radar,0,21,10,0,31,0,2,12,0,14,0,23,22,0,45,28,0,28,73
12/17/2007,CPR,WY,ANM,WE,Combined TRACON& Tower with Radar,1,38,33,0,72,0,1,15,1,17,1,39,48,1,89,8,0,8,97
12/18/2007,CPR,WY,ANM,WE,Combined TRACON& Tower with Radar,5,44,20,0,69,0,1,23,1,25,5,45,43,1,94,26,0,26,120
12/19/2007,CPR,WY,ANM,WE,Combined TRACON& Tower with Radar,5,49,32,0,86,0,0,20,0,20,5,49,52,0,106,20,0,20,126
12/20/2007,CPR,WY,ANM,WE,Combined TRACON& Tower with Radar,6,46,30,0,82,0,0,18,0,18,6,46,48,0,100,8,0,8,108
12/21/2007,CPR,WY,ANM,WE,Combined TRACON& Tower with Radar,3,57,14,0,74,0,0,5,0,5,3,57,19,0,79,0,0,0,79
12/22/2007,CPR,WY,ANM,WE,Combined TRACON& Tower with Radar,2,38,10,0,50,0,1,25,0,26,2,39,35,0,76,2,0,2,78
12/23/2007,CPR,WY,ANM,WE,Combined TRACON& Tower with Radar,2,19,7,0,28,0,1,6,0,7,2,20,13,0,35,0,0,0,35
12/24/2007,CPR,WY,ANM,WE,Combined TRACON& Tower with Radar,1,35,4,0,40,0,0,0,0,0,1,35,4,0,40,0,0,0,40
12/25/2007,CPR,WY,ANM,WE,Combined TRACON& Tower with Radar,0,21,3,0,24,0,0,0,0,0,0,21,3,0,24,2,0,2,26
12/26/2007,CPR,WY,ANM,WE,Combined TRACON& Tower with Radar,5,49,17,0,71,0,0,5,0,5,5,49,22,0,76,1,0,1,77
12/27/2007,CPR,WY,ANM,WE,Combined TRACON& Tower with Radar,3,46,18,0,67,0,1,17,0,18,3,47,35,0,85,6,0,6,91
12/28/2007,CPR,WY,ANM,WE,Combined TRACON& Tower with Radar,3,44,16,0,63,0,2,20,0,22,3,46,36,0,85,2,0,2,87
12/29/2007,CPR,WY,ANM,WE,Combined TRACON& Tower with Radar,1,30,5,0,36,0,1,20,0,21,1,31,25,0,57,8,0,8,65
12/30/2007,CPR,WY,ANM,WE,Combined TRACON& Tower with Radar,0,25,1,0,26,0,0,5,0,5,0,25,6,0,31,20,0,20,51
12/31/2007,CPR,WY,ANM,WE,Combined TRACON& Tower with Radar,1,28,5,0,34,0,5,30,1,36,1,33,35,1,70,16,0,16,86
01/01/2008,CPR,WY,ANM,WE,Combined TRACON& Tower with Radar,1,15,1,4,21,0,0,22,0,22,1,15,23,4,43,74,0,74,117
01/02/2008,CPR,WY,ANM,WE,Combined TRACON& Tower with Radar,3,42,12,0,57,0,0,19,0,19,3,42,31,0,76,22,0,22,98
01/03/2008,CPR,WY,ANM,WE,Combined TRACON& Tower with Radar,3,37,15,0,55,0,0,20,0,20,3,37,35,0,75,0,0,0,75
01/04/2008,CPR,WY,ANM,WE,Combined TRACON& Tower with Radar,3,46,7,0,56,0,2,13,0,15,3,48,20,0,71,0,0,0,71
01/05/2008,CPR,WY,ANM,WE,Combined TRACON& Tower with Radar,2,18,14,0,34,0,0,0,0,0,2,18,14,0,34,0,0,0,34
01/06/2008,CPR,WY,ANM,WE,Combined TRACON& Tower with Radar,0,10,1,0,11,0,16,23,0,39,0,26,24,0,50,20,0,20,70
01/07/2008,CPR,WY,ANM,WE,Combined TRACON& Tower with Radar,1,50,23,0,74,0,0,1,0,1,1,50,24,0,75,28,0,28,103
01/08/2008,CPR,WY,ANM,WE,Combined TRACON& Tower with Radar,3,42,19,0,64,0,7,28,0,35,3,49,47,0,99,0,0,0,99
01/09/2008,CPR,WY,ANM,WE,Combined TRACON& Tower with Radar,3,44,36,0,83,0,0,27,0,27,3,44,63,0,110,34,0,34,144
01/10/2008,CPR,WY,ANM,WE,Combined TRACON& Tower with Radar,3,42,25,0,70,0,0,7,0,7,3,42,32,0,77,0,0,0,77
01/11/2008,CPR,WY,ANM,WE,Combined TRACON& Tower with Radar,4,39,11,0,54,0,2,34,0,36,4,41,45,0,90,52,0,52,142
01/12/2008,CPR,WY,ANM,WE,Combined TRACON& Tower with Radar,1,27,13,0,41,0,1,18,0,19,1,28,31,0,60,20,0,20,80
01/13/2008,CPR,WY,ANM,WE,Combined TRACON& Tower with Radar,0,21,6,0,27,0,0,26,0,26,0,21,32,0,53,22,0,22,75
01/14/2008,CPR,WY,ANM,WE,Combined TRACON& Tower with Radar,1,40,9,0,50,0,2,20,0,22,1,42,29,0,72,2,0,2,74
01/15/2008,CPR,WY,ANM,WE,Combined TRACON& Tower with Radar,3,36,29,0,68,0,4,1,0,5,3,40,30,0,73,0,0,0,73
01/16/2008,CPR,WY,ANM,WE,Combined TRACON& Tower with Radar,2,46,24,0,72,0,5,20,0,25,2,51,44,0,97,36,0,36,133
01/17/2008,CPR,WY,ANM,WE,Combined TRACON& Tower with Radar,3,42,14,0,59,0,1,0,0,1,3,43,14,0,60,0,0,0,60
01/18/2008,CPR,WY,ANM,WE,Combined TRACON& Tower with Radar,3,44,17,0,64,0,0,12,0,12,3,44,29,0,76,14,0,14,90
01/19/2008,CPR,WY,ANM,WE,Combined TRACON& Tower with Radar,1,31,9,0,41,0,5,6,0,11,1,36,15,0,52,2,0,2,54
01/20/2008,CPR,WY,ANM,WE,Combined TRACON& Tower with Radar,0,22,5,0,27,0,0,0,0,0,0,22,5,0,27,0,0,0,27
01/21/2008,CPR,WY,ANM,WE,Combined TRACON& Tower with Radar,1,31,17,0,49,0,0,0,0,0,1,31,17,0,49,12,0,12,61
01/22/2008,CPR,WY,ANM,WE,Combined TRACON& Tower with Radar,3,39,22,0,64,0,2,11,0,13,3,41,33,0,77,16,0,16,93
01/23/2008,CPR,WY,ANM,WE,Combined TRACON& Tower with Radar,3,41,21,0,65,0,4,37,0,41,3,45,58,0,106,44,0,44,150
01/24/2008,CPR,WY,ANM,WE,Combined TRACON& Tower with Radar,3,37,17,0,57,0,0,28,0,28,3,37,45,0,85,24,0,24,109
01/25/2008,CPR,WY,ANM,WE,Combined TRACON& Tower with Radar,3,37,11,0,51,1,5,9,0,15,4,42,20,0,66,4,0,4,70
01/26/2008,CPR,WY,ANM,WE,Combined TRACON& Tower with Radar,2,30,2,0,34,0,0,11,0,11,2,30,13,0,45,6,0,6,51
01/27/2008,CPR,WY,ANM,WE,Combined TRACON& Tower with Radar,0,9,0,0,9,20,0,0,0,20,20,9,0,0,29,4,0,4,33
01/28/2008,CPR,WY,ANM,WE,Combined TRACON& Tower with Radar,2,44,11,0,57,0,1,8,0,9,2,45,19,0,66,10,0,10,76
01/29/2008,CPR,WY,ANM,WE,Combined TRACON& Tower with Radar,3,40,21,0,64,0,0,11,0,11,3,40,32,0,75,6,0,6,81
01/30/2008,CPR,WY,ANM,WE,Combined TRACON& Tower with Radar,3,37,24,0,64,0,0,10,0,10,3,37,34,0,74,26,0,26,100
01/31/2008,CPR,WY,ANM,WE,Combined TRACON& Tower with Radar,3,34,17,0,54,0,3,12,0,15,3,37,29,0,69,10,0,10,79
02/01/2008,CPR,WY,ANM,WE,Combined TRACON& Tower with Radar,4,41,21,0,66,0,3,19,0,22,4,44,40,0,88,18,0,18,106
02/02/2008,CPR,WY,ANM,WE,Combined TRACON& Tower with Radar,3,32,4,2,41,1,2,15,6,24,4,34,19,8,65,28,0,28,93
02/03/2008,CPR,WY,ANM,WE,Combined TRACON& Tower with Radar,1,21,3,0,25,0,2,5,0,7,1,23,8,0,32,10,0,10,42
02/04/2008,CPR,WY,ANM,WE,Combined TRACON& Tower with Radar,2,38,15,0,55,0,0,1,0,1,2,38,16,0,56,0,0,0,56
02/05/2008,CPR,WY,ANM,WE,Combined TRACON& Tower with Radar,3,46,18,0,67,0,0,23,0,23,3,46,41,0,90,72,0,72,162
02/06/2008,CPR,WY,ANM,WE,Combined TRACON& Tower with Radar,3,50,24,0,77,0,4,7,0,11,3,54,31,0,88,12,0,12,100
02/07/2008,CPR,WY,ANM,WE,Combined TRACON& Tower with Radar,4,42,10,0,56,0,1,1,0,2,4,43,11,0,58,0,0,0,58
02/08/2008,CPR,WY,ANM,WE,Combined TRACON& Tower with Radar,3,47,9,0,59,0,4,28,0,32,3,51,37,0,91,12,0,12,103
02/09/2008,CPR,WY,ANM,WE,Combined TRACON& Tower with Radar,2,29,4,0,35,0,0,16,0,16,2,29,20,0,51,58,0,58,109
02/10/2008,CPR,WY,ANM,WE,Combined TRACON& Tower with Radar,0,19,9,2,30,0,0,9,1,10,0,19,18,3,40,0,0,0,40
02/11/2008,CPR,WY,ANM,WE,Combined TRACON& Tower with Radar,5,37,16,0,58,0,1,7,2,10,5,38,23,2,68,54,0,54,122
02/12/2008,CPR,WY,ANM,WE,Combined TRACON& Tower with Radar,3,44,27,0,74,0,0,12,0,12,3,44,39,0,86,44,0,44,130
02/13/2008,CPR,WY,ANM,WE,Combined TRACON& Tower with Radar,3,54,22,0,79,0,0,6,0,6,3,54,28,0,85,4,0,4,89
02/14/2008,CPR,WY,ANM,WE,Combined TRACON& Tower with Radar,5,50,23,0,78,1,0,15,3,19,6,50,38,3,97,34,0,34,131
02/15/2008,CPR,WY,ANM,WE,Combined TRACON& Tower with Radar,6,37,8,0,51,0,3,35,0,38,6,40,43,0,89,16,0,16,105
02/16/2008,CPR,WY,ANM,WE,Combined TRACON& Tower with Radar,3,32,1,0,36,0,0,2,0,2,3,32,3,0,38,0,0,0,38
02/17/2008,CPR,WY,ANM,WE,Combined TRACON& Tower with Radar,0,22,10,2,34,0,0,15,0,15,0,22,25,2,49,64,0,64,113
02/18/2008,CPR,WY,ANM,WE,Combined TRACON& Tower with Radar,1,38,23,0,62,0,1,30,0,31,1,39,53,0,93,94,0,94,187
02/19/2008,CPR,WY,ANM,WE,Combined TRACON& Tower with Radar,3,48,41,0,92,0,0,0,0,0,3,48,41,0,92,6,0,6,98
02/20/2008,CPR,WY,ANM,WE,Combined TRACON& Tower with Radar,4,48,16,1,69,0,4,43,0,47,4,52,59,1,116,34,0,34,150
02/21/2008,CPR,WY,ANM,WE,Combined TRACON& Tower with Radar,5,45,23,1,74,0,0,53,0,53,5,45,76,1,127,96,2,98,225
02/22/2008,CPR,WY,ANM,WE,Combined TRACON& Tower with Radar,3,43,12,0,58,0,4,44,0,48,3,47,56,0,106,38,0,38,144
02/23/2008,CPR,WY,ANM,WE,Combined TRACON& Tower with Radar,2,28,14,0,44,0,0,45,3,48,2,28,59,3,92,80,0,80,172
02/24/2008,CPR,WY,ANM,WE,Combined TRACON& Tower with Radar,0,20,13,0,33,0,0,20,1,21,0,20,33,1,54,2,0,2,56
02/25/2008,CPR,WY,ANM,WE,Combined TRACON& Tower with Radar,1,42,17,0,60,0,0,3,0,3,1,42,20,0,63,8,0,8,71
02/26/2008,CPR,WY,ANM,WE,Combined TRACON& Tower with Radar,3,47,20,0,70,0,0,52,0,52,3,47,72,0,122,48,0,48,170
02/27/2008,CPR,WY,ANM,WE,Combined TRACON& Tower with Radar,4,42,27,0,73,0,2,37,0,39,4,44,64,0,112,36,0,36,148
02/28/2008,CPR,WY,ANM,WE,Combined TRACON& Tower with Radar,5,54,25,0,84,0,5,26,0,31,5,59,51,0,115,42,0,42,157
02/29/2008,CPR,WY,ANM,WE,Combined TRACON& Tower with Radar,3,39,11,0,53,1,1,29,0,31,4,40,40,0,84,26,0,26,110
03/01/2008,CPR,WY,ANM,WE,Combined TRACON& Tower with Radar,2,35,10,0,47,0,0,8,0,8,2,35,18,0,55,0,0,0,55
03/02/2008,CPR,WY,ANM,WE,Combined TRACON& Tower with Radar,0,25,9,0,34,0,0,4,0,4,0,25,13,0,38,0,0,0,38
03/03/2008,CPR,WY,ANM,WE,Combined TRACON& Tower with Radar,1,36,11,0,48,0,0,25,0,25,1,36,36,0,73,2,0,2,75
03/04/2008,CPR,WY,ANM,WE,Combined TRACON& Tower with Radar,3,46,23,0,72,0,0,5,0,5,3,46,28,0,77,22,0,22,99
03/05/2008,CPR,WY,ANM,WE,Combined TRACON& Tower with Radar,3,52,23,0,78,0,5,29,0,34,3,57,52,0,112,92,0,92,204
03/06/2008,CPR,WY,ANM,WE,Combined TRACON& Tower with Radar,4,46,30,1,81,0,4,21,0,25,4,50,51,1,106,56,0,56,162
03/07/2008,CPR,WY,ANM,WE,Combined TRACON& Tower with Radar,5,44,25,3,77,0,1,30,2,33,5,45,55,5,110,34,8,42,152
03/08/2008,CPR,WY,ANM,WE,Combined TRACON& Tower with Radar,2,27,15,0,44,0,2,28,0,30,2,29,43,0,74,40,0,40,114
03/09/2008,CPR,WY,ANM,WE,Combined TRACON& Tower with Radar,0,14,6,0,20,0,2,18,1,21,0,16,24,1,41,32,2,34,75
03/10/2008,CPR,WY,ANM,WE,Combined TRACON& Tower with Radar,1,39,21,2,63,0,9,20,0,29,1,48,41,2,92,20,0,20,112
03/11/2008,CPR,WY,ANM,WE,Combined TRACON& Tower with Radar,2,40,17,0,59,0,4,36,0,40,2,44,53,0,99,44,0,44,143
03/12/2008,CPR,WY,ANM,WE,Combined TRACON& Tower with Radar,3,46,22,6,77,0,2,34,2,38,3,48,56,8,115,54,2,56,171
03/13/2008,CPR,WY,ANM,WE,Combined TRACON& Tower with Radar,3,38,22,0,63,1,0,29,0,30,4,38,51,0,93,36,0,36,129
03/14/2008,CPR,WY,ANM,WE,Combined TRACON& Tower with Radar,3,42,11,2,58,0,1,5,0,6,3,43,16,2,64,2,0,2,66
03/15/2008,CPR,WY,ANM,WE,Combined TRACON& Tower with Radar,2,31,23,0,56,0,2,17,0,19,2,33,40,0,75,48,0,48,123
03/16/2008,CPR,WY,ANM,WE,Combined TRACON& Tower with Radar,2,27,6,4,39,0,0,2,0,2,2,27,8,4,41,0,0,0,41
03/17/2008,CPR,WY,ANM,WE,Combined TRACON& Tower with Radar,1,35,34,0,70,0,0,17,0,17,1,35,51,0,87,50,0,50,137
03/18/2008,CPR,WY,ANM,WE,Combined TRACON& Tower with Radar,4,46,25,2,77,0,0,28,0,28,4,46,53,2,105,56,0,56,161
03/19/2008,CPR,WY,ANM,WE,Combined TRACON& Tower with Radar,3,46,29,0,78,0,0,11,0,11,3,46,40,0,89,50,0,50,139
03/20/2008,CPR,WY,ANM,WE,Combined TRACON& Tower with Radar,5,52,20,6,83,0,0,19,0,19,5,52,39,6,102,70,0,70,172
03/21/2008,CPR,WY,ANM,WE,Combined TRACON& Tower with Radar,3,41,10,1,55,0,2,33,0,35,3,43,43,1,90,58,0,58,148
03/22/2008,CPR,WY,ANM,WE,Combined TRACON& Tower with Radar,3,28,11,0,42,0,0,1,0,1,3,28,12,0,43,16,0,16,59
03/23/2008,CPR,WY,ANM,WE,Combined TRACON& Tower with Radar,0,21,5,0,26,0,0,30,0,30,0,21,35,0,56,8,0,8,64
03/24/2008,CPR,WY,ANM,WE,Combined TRACON& Tower with Radar,1,36,14,2,53,0,0,18,0,18,1,36,32,2,71,0,0,0,71
03/25/2008,CPR,WY,ANM,WE,Combined TRACON& Tower with Radar,4,42,17,0,63,0,0,23,0,23,4,42,40,0,86,30,0,30,116
03/26/2008,CPR,WY,ANM,WE,Combined TRACON& Tower with Radar,3,39,20,0,62,0,2,6,0,8,3,41,26,0,70,0,0,0,70
03/27/2008,CPR,WY,ANM,WE,Combined TRACON& Tower with Radar,3,43,19,0,65,0,0,8,12,20,3,43,27,12,85,0,0,0,85
03/28/2008,CPR,WY,ANM,WE,Combined TRACON& Tower with Radar,4,42,33,0,79,0,3,36,0,39,4,45,69,0,118,52,0,52,170
03/29/2008,CPR,WY,ANM,WE,Combined TRACON& Tower with Radar,4,28,9,0,41,0,3,9,0,12,4,31,18,0,53,12,0,12,65
03/30/2008,CPR,WY,ANM,WE,Combined TRACON& Tower with Radar,0,23,4,0,27,0,0,0,0,0,0,23,4,0,27,0,0,0,27
03/31/2008,CPR,WY,ANM,WE,Combined TRACON& Tower with Radar,1,36,16,0,53,0,0,8,0,8,1,36,24,0,61,76,0,76,137
04/01/2008,CPR,WY,ANM,WE,Combined TRACON& Tower with Radar,3,44,22,0,69,0,1,35,0,36,3,45,57,0,105,50,0,50,155
04/02/2008,CPR,WY,ANM,WE,Combined TRACON& Tower with Radar,3,45,20,0,68,0,3,40,0,43,3,48,60,0,111,72,0,72,183
04/03/2008,CPR,WY,ANM,WE,Combined TRACON& Tower with Radar,5,39,22,0,66,0,4,28,0,32,5,43,50,0,98,38,0,38,136
04/04/2008,CPR,WY,ANM,WE,Combined TRACON& Tower with Radar,3,40,13,0,56,0,6,32,0,38,3,46,45,0,94,36,0,36,130
04/05/2008,CPR,WY,ANM,WE,Combined TRACON& Tower with Radar,1,31,5,0,37,0,3,8,0,11,1,34,13,0,48,6,0,6,54
04/06/2008,CPR,WY,ANM,WE,Combined TRACON& Tower with Radar,2,18,7,0,27,0,4,31,0,35,2,22,38,0,62,24,0,24,86
04/07/2008,CPR,WY,ANM,WE,Combined TRACON& Tower with Radar,2,37,16,0,55,0,0,16,2,18,2,37,32,2,73,56,0,56,129
04/08/2008,CPR,WY,ANM,WE,Combined TRACON& Tower with Radar,3,39,18,0,60,0,0,35,1,36,3,39,53,1,96,92,0,92,188
04/09/2008,CPR,WY,ANM,WE,Combined TRACON& Tower with Radar,3,49,24,0,76,0,0,10,0,10,3,49,34,0,86,30,0,30,116
04/10/2008,CPR,WY,ANM,WE,Combined TRACON& Tower with Radar,4,38,14,0,56,0,0,0,0,0,4,38,14,0,56,0,0,0,56
04/11/2008,CPR,WY,ANM,WE,Combined TRACON& Tower with Radar,4,39,15,0,58,0,3,13,0,16,4,42,28,0,74,26,0,26,100
04/12/2008,CPR,WY,ANM,WE,Combined TRACON& Tower with Radar,2,26,3,0,31,0,2,33,0,35,2,28,36,0,66,8,0,8,74
04/13/2008,CPR,WY,ANM,WE,Combined TRACON& Tower with Radar,0,17,7,5,29,0,0,30,0,30,0,17,37,5,59,46,4,50,109
04/14/2008,CPR,WY,ANM,WE,Combined TRACON& Tower with Radar,1,39,17,0,57,0,0,24,0,24,1,39,41,0,81,8,0,8,89
04/15/2008,CPR,WY,ANM,WE,Combined TRACON& Tower with Radar,3,41,14,0,58,0,0,8,0,8,3,41,22,0,66,8,0,8,74
04/16/2008,CPR,WY,ANM,WE,Combined TRACON& Tower with Radar,3,49,23,0,75,0,4,29,0,33,3,53,52,0,108,44,0,44,152
04/17/2008,CPR,WY,ANM,WE,Combined TRACON& Tower with Radar,4,41,31,0,76,0,5,36,0,41,4,46,67,0,117,62,0,62,179
04/18/2008,CPR,WY,ANM,WE,Combined TRACON& Tower with Radar,3,54,13,0,70,0,6,32,0,38,3,60,45,0,108,6,0,6,114
04/19/2008,CPR,WY,ANM,WE,Combined TRACON& Tower with Radar,3,31,12,0,46,0,2,15,0,17,3,33,27,0,63,8,0,8,71
04/20/2008,CPR,WY,ANM,WE,Combined TRACON& Tower with Radar,0,22,0,0,22,0,0,14,0,14,0,22,14,0,36,0,0,0,36
04/21/2008,CPR,WY,ANM,WE,Combined TRACON& Tower with Radar,2,34,11,0,47,0,0,0,0,0,2,34,11,0,47,18,0,18,65
04/22/2008,CPR,WY,ANM,WE,Combined TRACON& Tower with Radar,3,37,15,1,56,0,0,30,1,31,3,37,45,2,87,4,0,4,91
04/23/2008,CPR,WY,ANM,WE,Combined TRACON& Tower with Radar,3,41,26,0,70,0,6,27,0,33,3,47,53,0,103,44,0,44,147
04/24/2008,CPR,WY,ANM,WE,Combined TRACON& Tower with Radar,2,37,28,0,67,0,3,12,0,15,2,40,40,0,82,42,0,42,124
04/25/2008,CPR,WY,ANM,WE,Combined TRACON& Tower with Radar,3,35,16,0,54,0,1,27,0,28,3,36,43,0,82,50,0,50,132
04/26/2008,CPR,WY,ANM,WE,Combined TRACON& Tower with Radar,2,30,12,0,44,0,2,5,0,7,2,32,17,0,51,14,0,14,65
04/27/2008,CPR,WY,ANM,WE,Combined TRACON& Tower with Radar,0,20,13,0,33,0,0,27,0,27,0,20,40,0,60,38,0,38,98
04/28/2008,CPR,WY,ANM,WE,Combined TRACON& Tower with Radar,2,35,20,0,57,0,1,26,1,28,2,36,46,1,85,42,0,42,127
04/29/2008,CPR,WY,ANM,WE,Combined TRACON& Tower with Radar,2,32,26,0,60,0,1,25,1,27,2,33,51,1,87,44,0,44,131
04/30/2008,CPR,WY,ANM,WE,Combined TRACON& Tower with Radar,2,37,23,2,64,0,6,23,0,29,2,43,46,2,93,20,0,20,113
05/01/2008,CPR,WY,ANM,WE,Combined TRACON& Tower with Radar,2,43,16,0,61,0,0,0,0,0,2,43,16,0,61,0,0,0,61
05/02/2008,CPR,WY,ANM,WE,Combined TRACON& Tower with Radar,2,50,15,0,67,0,3,9,40,52,2,53,24,40,119,0,0,0,119
05/03/2008,CPR,WY,ANM,WE,Combined TRACON& Tower with Radar,4,28,0,0,32,0,5,33,0,38,4,33,33,0,70,26,0,26,96
05/04/2008,CPR,WY,ANM,WE,Combined TRACON& Tower with Radar,0,18,12,0,30,0,0,28,0,28,0,18,40,0,58,30,0,30,88
05/05/2008,CPR,WY,ANM,WE,Combined TRACON& Tower with Radar,1,44,14,0,59,0,0,36,0,36,1,44,50,0,95,20,0,20,115
05/06/2008,CPR,WY,ANM,WE,Combined TRACON& Tower with Radar,4,31,18,0,53,0,0,32,4,36,4,31,50,4,89,46,0,46,135
05/07/2008,CPR,WY,ANM,WE,Combined TRACON& Tower with Radar,4,43,24,0,71,0,3,11,0,14,4,46,35,0,85,8,0,8,93
05/08/2008,CPR,WY,ANM,WE,Combined TRACON& Tower with Radar,3,36,34,0,73,0,0,3,4,7,3,36,37,4,80,18,0,18,98
05/09/2008,CPR,WY,ANM,WE,Combined TRACON& Tower with Radar,2,49,14,0,65,0,4,18,0,22,2,53,32,0,87,18,0,18,105
05/10/2008,CPR,WY,ANM,WE,Combined TRACON& Tower with Radar,2,27,10,0,39,0,1,3,0,4,2,28,13,0,43,0,0,0,43
05/11/2008,CPR,WY,ANM,WE,Combined TRACON& Tower with Radar,0,21,8,0,29,0,1,29,0,30,0,22,37,0,59,2,0,2,61
05/12/2008,CPR,WY,ANM,WE,Combined TRACON& Tower with Radar,1,38,19,0,58,0,0,0,0,0,1,38,19,0,58,0,0,0,58
05/13/2008,CPR,WY,ANM,WE,Combined TRACON& Tower with Radar,4,47,21,0,72,0,10,0,1,11,4,57,21,1,83,24,0,24,107
05/14/2008,CPR,WY,ANM,WE,Combined TRACON& Tower with Radar,3,45,20,2,70,0,2,31,0,33,3,47,51,2,103,42,10,52,155
05/15/2008,CPR,WY,ANM,WE,Combined TRACON& Tower with Radar,2,35,20,0,57,0,2,44,1,47,2,37,64,1,104,64,0,64,168
05/16/2008,CPR,WY,ANM,WE,Combined TRACON& Tower with Radar,4,40,32,0,76,0,3,50,3,56,4,43,82,3,132,86,2,88,220
05/17/2008,CPR,WY,ANM,WE,Combined TRACON& Tower with Radar,1,32,7,0,40,0,2,39,0,41,1,34,46,0,81,28,0,28,109
05/18/2008,CPR,WY,ANM,WE,Combined TRACON& Tower with Radar,0,16,7,0,23,0,2,24,0,26,0,18,31,0,49,2,0,2,51
05/19/2008,CPR,WY,ANM,WE,Combined TRACON& Tower with Radar,1,35,17,6,59,0,0,39,0,39,1,35,56,6,98,62,14,76,174
05/20/2008,CPR,WY,ANM,WE,Combined TRACON& Tower with Radar,4,33,22,0,59,0,9,29,0,38,4,42,51,0,97,18,0,18,115
05/21/2008,CPR,WY,ANM,WE,Combined TRACON& Tower with Radar,0,5,18,0,23,0,0,0,0,0,0,5,18,0,23,24,0,24,47
05/22/2008,CPR,WY,ANM,WE,Combined TRACON& Tower with Radar,3,34,17,0,54,0,0,0,0,0,3,34,17,0,54,2,0,2,56
05/23/2008,CPR,WY,ANM,WE,Combined TRACON& Tower with Radar,3,41,12,0,56,0,1,4,0,5,3,42,16,0,61,0,0,0,61
05/24/2008,CPR,WY,ANM,WE,Combined TRACON& Tower with Radar,2,31,8,0,41,0,0,7,2,9,2,31,15,2,50,0,0,0,50
05/25/2008,CPR,WY,ANM,WE,Combined TRACON& Tower with Radar,0,15,6,0,21,0,0,8,0,8,0,15,14,0,29,40,0,40,69
05/26/2008,CPR,WY,ANM,WE,Combined TRACON& Tower with Radar,0,23,8,0,31,0,0,0,0,0,0,23,8,0,31,0,0,0,31
05/27/2008,CPR,WY,ANM,WE,Combined TRACON& Tower with Radar,2,40,21,0,63,0,0,7,0,7,2,40,28,0,70,38,0,38,108
05/28/2008,CPR,WY,ANM,WE,Combined TRACON& Tower with Radar,3,41,24,0,68,0,2,0,54,56,3,43,24,54,124,28,0,28,152
05/29/2008,CPR,WY,ANM,WE,Combined TRACON& Tower with Radar,3,45,20,0,68,0,0,29,1,30,3,45,49,1,98,24,0,24,122
05/30/2008,CPR,WY,ANM,WE,Combined TRACON& Tower with Radar,4,35,28,2,69,0,9,42,2,53,4,44,70,4,122,48,4,52,174
05/31/2008,CPR,WY,ANM,WE,Combined TRACON& Tower with Radar,2,27,9,2,40,0,2,35,0,37,2,29,44,2,77,56,2,58,135
06/01/2008,CPR,WY,ANM,WE,Combined TRACON& Tower with Radar,0,14,3,0,17,0,0,22,0,22,0,14,25,0,39,0,0,0,39
06/02/2008,CPR,WY,ANM,WE,Combined TRACON& Tower with Radar,2,33,23,0,58,0,0,18,0,18,2,33,41,0,76,36,0,36,112
06/03/2008,CPR,WY,ANM,WE,Combined TRACON& Tower with Radar,4,36,18,0,58,0,0,28,0,28,4,36,46,0,86,50,0,50,136
06/04/2008,CPR,WY,ANM,WE,Combined TRACON& Tower with Radar,3,39,13,0,55,0,4,26,0,30,3,43,39,0,85,82,0,82,167
06/05/2008,CPR,WY,ANM,WE,Combined TRACON& Tower with Radar,4,41,17,0,62,0,0,0,0,0,4,41,17,0,62,0,0,0,62
06/06/2008,CPR,WY,ANM,WE,Combined TRACON& Tower with Radar,4,30,17,0,51,0,1,21,0,22,4,31,38,0,73,12,0,12,85
06/07/2008,CPR,WY,ANM,WE,Combined TRACON& Tower with Radar,2,25,2,0,29,0,0,17,0,17,2,25,19,0,46,6,0,6,52
06/08/2008,CPR,WY,ANM,WE,Combined TRACON& Tower with Radar,0,15,3,0,18,0,0,19,0,19,0,15,22,0,37,0,0,0,37
06/09/2008,CPR,WY,ANM,WE,Combined TRACON& Tower with Radar,1,33,29,0,63,0,5,29,0,34,1,38,58,0,97,86,0,86,183
06/10/2008,CPR,WY,ANM,WE,Combined TRACON& Tower with Radar,3,46,10,0,59,0,0,22,0,22,3,46,32,0,81,32,0,32,113
06/11/2008,CPR,WY,ANM,WE,Combined TRACON& Tower with Radar,4,43,20,0,67,0,0,14,0,14,4,43,34,0,81,0,0,0,81
06/12/2008,CPR,WY,ANM,WE,Combined TRACON& Tower with Radar,2,42,25,0,69,0,2,36,0,38,2,44,61,0,107,18,0,18,125
06/13/2008,CPR,WY,ANM,WE,Combined TRACON& Tower with Radar,4,35,15,0,54,0,0,45,0,45,4,35,60,0,99,48,0,48,147
06/14/2008,CPR,WY,ANM,WE,Combined TRACON& Tower with Radar,2,28,8,0,38,0,0,18,0,18,2,28,26,0,56,44,0,44,100
06/15/2008,CPR,WY,ANM,WE,Combined TRACON& Tower with Radar,0,17,11,0,28,0,0,32,0,32,0,17,43,0,60,52,0,52,112
06/16/2008,CPR,WY,ANM,WE,Combined TRACON& Tower with Radar,2,30,29,0,61,0,0,15,0,15,2,30,44,0,76,0,0,0,76
06/17/2008,CPR,WY,ANM,WE,Combined TRACON& Tower with Radar,3,39,25,0,67,0,2,25,0,27,3,41,50,0,94,34,0,34,128
06/18/2008,CPR,WY,ANM,WE,Combined TRACON& Tower with Radar,2,40,27,0,69,0,2,12,1,15,2,42,39,1,84,30,0,30,114
06/19/2008,CPR,WY,ANM,WE,Combined TRACON& Tower with Radar,3,42,14,0,59,0,5,33,2,40,3,47,47,2,99,44,0,44,143
06/20/2008,CPR,WY,ANM,WE,Combined TRACON& Tower with Radar,3,37,18,1,59,0,5,30,0,35,3,42,48,1,94,32,0,32,126
06/21/2008,CPR,WY,ANM,WE,Combined TRACON& Tower with Radar,1,24,6,1,32,0,7,40,1,48,1,31,46,2,80,48,0,48,128
06/22/2008,CPR,WY,ANM,WE,Combined TRACON& Tower with Radar,1,20,4,5,30,0,0,20,0,20,1,20,24,5,50,18,0,18,68
06/23/2008,CPR,WY,ANM,WE,Combined TRACON& Tower with Radar,0,0,0,0,0,2,38,42,0,82,2,38,42,0,82,40,0,40,122
06/24/2008,CPR,WY,ANM,WE,Combined TRACON& Tower with Radar,3,48,13,0,64,0,1,34,0,35,3,49,47,0,99,16,0,16,115
06/25/2008,CPR,WY,ANM,WE,Combined TRACON& Tower with Radar,2,47,10,0,59,0,0,20,1,21,2,47,30,1,80,32,0,32,112
06/26/2008,CPR,WY,ANM,WE,Combined TRACON& Tower with Radar,5,38,24,0,67,0,1,30,0,31,5,39,54,0,98,8,0,8,106
06/27/2008,CPR,WY,ANM,WE,Combined TRACON& Tower with Radar,3,42,27,0,72,0,2,24,0,26,3,44,51,0,98,54,0,54,152
06/28/2008,CPR,WY,ANM,WE,Combined TRACON& Tower with Radar,1,28,9,0,38,0,0,39,0,39,1,28,48,0,77,68,0,68,145
06/29/2008,CPR,WY,ANM,WE,Combined TRACON& Tower with Radar,0,15,5,0,20,0,0,40,0,40,0,15,45,0,60,54,0,54,114
06/30/2008,CPR,WY,ANM,WE,Combined TRACON& Tower with Radar,1,34,16,0,51,0,0,32,1,33,1,34,48,1,84,24,0,24,108
07/01/2008,CPR,WY,ANM,WE,Combined TRACON& Tower with Radar,2,39,15,0,56,0,5,20,0,25,2,44,35,0,81,30,0,30,111
07/02/2008,CPR,WY,ANM,WE,Combined TRACON& Tower with Radar,2,33,31,0,66,0,8,23,0,31,2,41,54,0,97,14,0,14,111
07/03/2008,CPR,WY,ANM,WE,Combined TRACON& Tower with Radar,3,40,17,0,60,0,6,37,0,43,3,46,54,0,103,14,0,14,117
07/04/2008,CPR,WY,ANM,WE,Combined TRACON& Tower with Radar,1,16,10,0,27,0,0,21,0,21,1,16,31,0,48,10,0,10,58
07/05/2008,CPR,WY,ANM,WE,Combined TRACON& Tower with Radar,2,26,10,0,38,0,1,20,0,21,2,27,30,0,59,16,0,16,75
07/06/2008,CPR,WY,ANM,WE,Combined TRACON& Tower with Radar,0,18,6,1,25,0,0,19,2,21,0,18,25,3,46,24,0,24,70
07/07/2008,CPR,WY,ANM,WE,Combined TRACON& Tower with Radar,1,36,33,0,70,0,6,35,0,41,1,42,68,0,111,20,0,20,131
07/08/2008,CPR,WY,ANM,WE,Combined TRACON& Tower with Radar,2,35,13,6,56,0,0,40,0,40,2,35,53,6,96,28,4,32,128
07/09/2008,CPR,WY,ANM,WE,Combined TRACON& Tower with Radar,3,50,24,0,77,0,2,29,0,31,3,52,53,0,108,44,0,44,152
07/10/2008,CPR,WY,ANM,WE,Combined TRACON& Tower with Radar,4,44,17,3,68,0,2,44,1,47,4,46,61,4,115,38,0,38,153
07/11/2008,CPR,WY,ANM,WE,Combined TRACON& Tower with Radar,3,45,11,0,59,0,0,25,0,25,3,45,36,0,84,28,0,28,112
07/12/2008,CPR,WY,ANM,WE,Combined TRACON& Tower with Radar,3,25,7,0,35,0,3,36,0,39,3,28,43,0,74,18,0,18,92
07/13/2008,CPR,WY,ANM,WE,Combined TRACON& Tower with Radar,0,17,5,0,22,0,0,29,0,29,0,17,34,0,51,24,0,24,75
07/14/2008,CPR,WY,ANM,WE,Combined TRACON& Tower with Radar,1,31,10,0,42,1,31,32,0,64,2,62,42,0,106,14,0,14,120
07/15/2008,CPR,WY,ANM,WE,Combined TRACON& Tower with Radar,2,40,15,0,57,0,3,20,0,23,2,43,35,0,80,12,0,12,92
07/16/2008,CPR,WY,ANM,WE,Combined TRACON& Tower with Radar,2,43,25,0,70,0,4,43,0,47,2,47,68,0,117,26,0,26,143
07/17/2008,CPR,WY,ANM,WE,Combined TRACON& Tower with Radar,4,39,25,2,70,0,6,27,0,33,4,45,52,2,103,18,0,18,121
07/18/2008,CPR,WY,ANM,WE,Combined TRACON& Tower with Radar,2,42,13,0,57,0,1,45,0,46,2,43,58,0,103,36,2,38,141
07/19/2008,CPR,WY,ANM,WE,Combined TRACON& Tower with Radar,1,24,8,0,33,0,4,22,3,29,1,28,30,3,62,10,0,10,72
07/20/2008,CPR,WY,ANM,WE,Combined TRACON& Tower with Radar,0,0,0,0,0,0,2,17,0,19,0,2,17,0,19,34,0,34,53
07/21/2008,CPR,WY,ANM,WE,Combined TRACON& Tower with Radar,1,35,49,0,85,0,0,0,0,0,1,35,49,0,85,40,0,40,125
07/22/2008,CPR,WY,ANM,WE,Combined TRACON& Tower with Radar,2,41,15,0,58,0,0,26,0,26,2,41,41,0,84,28,0,28,112
07/23/2008,CPR,WY,ANM,WE,Combined TRACON& Tower with Radar,2,44,8,1,55,0,2,44,0,46,2,46,52,1,101,18,0,18,119
07/24/2008,CPR,WY,ANM,WE,Combined TRACON& Tower with Radar,3,37,36,0,76,0,1,36,0,37,3,38,72,0,113,30,0,30,143
07/25/2008,CPR,WY,ANM,WE,Combined TRACON& Tower with Radar,2,38,20,0,60,0,3,36,2,41,2,41,56,2,101,44,0,44,145
07/26/2008,CPR,WY,ANM,WE,Combined TRACON& Tower with Radar,2,27,29,0,58,0,0,0,0,0,2,27,29,0,58,14,0,14,72
07/27/2008,CPR,WY,ANM,WE,Combined TRACON& Tower with Radar,0,18,34,0,52,0,0,0,0,0,0,18,34,0,52,26,0,26,78
07/28/2008,CPR,WY,ANM,WE,Combined TRACON& Tower with Radar,1,39,23,0,63,0,1,17,0,18,1,40,40,0,81,30,0,30,111
07/29/2008,CPR,WY,ANM,WE,Combined TRACON& Tower with Radar,4,39,51,4,98,0,1,37,0,38,4,40,88,4,136,42,6,48,184
07/30/2008,CPR,WY,ANM,WE,Combined TRACON& Tower with Radar,3,0,0,2,5,30,0,0,3,33,33,0,0,5,38,36,0,36,74
07/31/2008,CPR,WY,ANM,WE,Combined TRACON& Tower with Radar,4,35,20,0,59,0,1,33,0,34,4,36,53,0,93,44,0,44,137
08/01/2008,CPR,WY,ANM,WE,Combined TRACON& Tower with Radar,2,42,50,2,96,0,0,0,0,0,2,42,50,2,96,70,1,71,167
08/02/2008,CPR,WY,ANM,WE,Combined TRACON& Tower with Radar,1,26,5,3,35,0,4,15,0,19,1,30,20,3,54,14,0,14,68
08/03/2008,CPR,WY,ANM,WE,Combined TRACON& Tower with Radar,0,20,7,0,27,0,0,25,0,25,0,20,32,0,52,22,0,22,74
08/04/2008,CPR,WY,ANM,WE,Combined TRACON& Tower with Radar,1,34,30,2,67,0,1,14,0,15,1,35,44,2,82,40,2,42,124
08/05/2008,CPR,WY,ANM,WE,Combined TRACON& Tower with Radar,3,45,31,0,79,0,2,34,1,37,3,47,65,1,116,68,1,69,185
08/06/2008,CPR,WY,ANM,WE,Combined TRACON& Tower with Radar,4,48,18,0,70,0,0,34,0,34,4,48,52,0,104,64,0,64,168
08/07/2008,CPR,WY,ANM,WE,Combined TRACON& Tower with Radar,3,44,57,4,108,0,0,12,0,12,3,44,69,4,120,50,8,58,178
08/08/2008,CPR,WY,ANM,WE,Combined TRACON& Tower with Radar,3,40,6,0,49,0,7,18,0,25,3,47,24,0,74,40,0,40,114
08/09/2008,CPR,WY,ANM,WE,Combined TRACON& Tower with Radar,1,27,6,0,34,0,2,18,0,20,1,29,24,0,54,50,0,50,104
08/10/2008,CPR,WY,ANM,WE,Combined TRACON& Tower with Radar,0,21,7,0,28,0,0,15,0,15,0,21,22,0,43,12,0,12,55
08/11/2008,CPR,WY,ANM,WE,Combined TRACON& Tower with Radar,2,36,27,0,65,0,2,11,0,13,2,38,38,0,78,22,0,22,100
08/12/2008,CPR,WY,ANM,WE,Combined TRACON& Tower with Radar,4,41,15,0,60,0,1,28,0,29,4,42,43,0,89,50,0,50,139
08/13/2008,CPR,WY,ANM,WE,Combined TRACON& Tower with Radar,2,44,11,0,57,0,2,33,0,35,2,46,44,0,92,20,0,20,112
08/14/2008,CPR,WY,ANM,WE,Combined TRACON& Tower with Radar,2,38,17,0,57,0,0,24,0,24,2,38,41,0,81,36,0,36,117
08/15/2008,CPR,WY,ANM,WE,Combined TRACON& Tower with Radar,3,36,23,2,64,0,3,12,2,17,3,39,35,4,81,16,0,16,97
08/16/2008,CPR,WY,ANM,WE,Combined TRACON& Tower with Radar,1,33,29,0,63,0,0,0,0,0,1,33,29,0,63,26,0,26,89
08/17/2008,CPR,WY,ANM,WE,Combined TRACON& Tower with Radar,0,19,9,0,28,0,0,19,0,19,0,19,28,0,47,10,0,10,57
08/18/2008,CPR,WY,ANM,WE,Combined TRACON& Tower with Radar,1,33,20,0,54,0,5,36,0,41,1,38,56,0,95,18,0,18,113
08/19/2008,CPR,WY,ANM,WE,Combined TRACON& Tower with Radar,3,37,31,0,71,0,6,40,1,47,3,43,71,1,118,56,2,58,176
08/20/2008,CPR,WY,ANM,WE,Combined TRACON& Tower with Radar,3,38,36,0,77,0,2,22,0,24,3,40,58,0,101,34,0,34,135
08/21/2008,CPR,WY,ANM,WE,Combined TRACON& Tower with Radar,4,37,20,2,63,0,4,25,0,29,4,41,45,2,92,22,0,22,114
08/22/2008,CPR,WY,ANM,WE,Combined TRACON& Tower with Radar,3,34,14,0,51,0,1,35,2,38,3,35,49,2,89,34,52,86,175
08/23/2008,CPR,WY,ANM,WE,Combined TRACON& Tower with Radar,2,27,33,0,62,0,0,10,0,10,2,27,43,0,72,16,2,18,90
08/24/2008,CPR,WY,ANM,WE,Combined TRACON& Tower with Radar,0,20,11,0,31,0,0,26,0,26,0,20,37,0,57,4,0,4,61
08/25/2008,CPR,WY,ANM,WE,Combined TRACON& Tower with Radar,0,35,59,10,104,0,0,0,0,0,0,35,59,10,104,28,24,52,156
08/26/2008,CPR,WY,ANM,WE,Combined TRACON& Tower with Radar,1,32,14,4,51,0,7,17,0,24,1,39,31,4,75,28,0,28,103
08/27/2008,CPR,WY,ANM,WE,Combined TRACON& Tower with Radar,2,50,28,0,80,0,6,22,1,29,2,56,50,1,109,22,0,22,131
08/28/2008,CPR,WY,ANM,WE,Combined TRACON& Tower with Radar,4,38,19,1,62,0,4,55,1,60,4,42,74,2,122,76,0,76,198
08/29/2008,CPR,WY,ANM,WE,Combined TRACON& Tower with Radar,3,43,24,4,74,0,3,48,4,55,3,46,72,8,129,44,0,44,173
08/30/2008,CPR,WY,ANM,WE,Combined TRACON& Tower with Radar,1,23,2,0,26,0,0,43,0,43,1,23,45,0,69,38,7,45,114
08/31/2008,CPR,WY,ANM,WE,Combined TRACON& Tower with Radar,0,14,8,0,22,0,0,11,0,11,0,14,19,0,33,22,0,22,55
09/01/2008,CPR,WY,ANM,WE,Combined TRACON& Tower with Radar,0,23,13,0,36,0,0,4,0,4,0,23,17,0,40,22,0,22,62
09/02/2008,CPR,WY,ANM,WE,Combined TRACON& Tower with Radar,1,38,16,0,55,0,0,54,0,54,1,38,70,0,109,76,0,76,185
09/03/2008,CPR,WY,ANM,WE,Combined TRACON& Tower with Radar,2,35,26,0,63,0,2,32,3,37,2,37,58,3,100,46,0,46,146
09/04/2008,CPR,WY,ANM,WE,Combined TRACON& Tower with Radar,3,41,23,0,67,0,5,28,0,33,3,46,51,0,100,48,0,48,148
09/05/2008,CPR,WY,ANM,WE,Combined TRACON& Tower with Radar,4,43,26,0,73,0,9,23,0,32,4,52,49,0,105,90,0,90,195
09/06/2008,CPR,WY,ANM,WE,Combined TRACON& Tower with Radar,1,27,36,0,64,0,1,8,0,9,1,28,44,0,73,20,0,20,93
09/07/2008,CPR,WY,ANM,WE,Combined TRACON& Tower with Radar,0,14,12,0,26,0,0,11,0,11,0,14,23,0,37,6,0,6,43
09/08/2008,CPR,WY,ANM,WE,Combined TRACON& Tower with Radar,1,41,14,2,58,0,0,12,0,12,1,41,26,2,70,4,0,4,74
09/09/2008,CPR,WY,ANM,WE,Combined TRACON& Tower with Radar,4,45,23,0,72,0,0,23,0,23,4,45,46,0,95,44,0,44,139
09/10/2008,CPR,WY,ANM,WE,Combined TRACON& Tower with Radar,2,36,26,0,64,0,0,28,0,28,2,36,54,0,92,52,0,52,144
09/11/2008,CPR,WY,ANM,WE,Combined TRACON& Tower with Radar,3,47,26,2,78,0,0,11,0,11,3,47,37,2,89,24,4,28,117
09/12/2008,CPR,WY,ANM,WE,Combined TRACON& Tower with Radar,2,39,24,0,65,0,3,23,0,26,2,42,47,0,91,32,0,32,123
09/13/2008,CPR,WY,ANM,WE,Combined TRACON& Tower with Radar,1,26,10,0,37,0,5,15,0,20,1,31,25,0,57,22,0,22,79
09/14/2008,CPR,WY,ANM,WE,Combined TRACON& Tower with Radar,0,13,13,0,26,0,1,17,0,18,0,14,30,0,44,8,0,8,52
09/15/2008,CPR,WY,ANM,WE,Combined TRACON& Tower with Radar,1,32,53,7,93,0,0,29,0,29,1,32,82,7,122,70,14,84,206
09/16/2008,CPR,WY,ANM,WE,Combined TRACON& Tower with Radar,2,35,19,0,56,0,2,25,0,27,2,37,44,0,83,60,0,60,143
09/17/2008,CPR,WY,ANM,WE,Combined TRACON& Tower with Radar,3,43,26,0,72,0,4,53,0,57,3,47,79,0,129,24,0,24,153
09/18/2008,CPR,WY,ANM,WE,Combined TRACON& Tower with Radar,3,39,26,0,68,0,2,30,3,35,3,41,56,3,103,26,0,26,129
09/19/2008,CPR,WY,ANM,WE,Combined TRACON& Tower with Radar,5,43,9,3,60,0,4,45,2,51,5,47,54,5,111,66,6,72,183
09/20/2008,CPR,WY,ANM,WE,Combined TRACON& Tower with Radar,3,29,37,1,70,0,0,9,0,9,3,29,46,1,79,44,0,44,123
09/21/2008,CPR,WY,ANM,WE,Combined TRACON& Tower with Radar,1,19,6,2,28,0,0,18,0,18,1,19,24,2,46,6,4,10,56
09/22/2008,CPR,WY,ANM,WE,Combined TRACON& Tower with Radar,4,37,24,0,65,0,0,16,0,16,4,37,40,0,81,40,0,40,121
09/23/2008,CPR,WY,ANM,WE,Combined TRACON& Tower with Radar,2,35,7,0,44,0,2,37,0,39,2,37,44,0,83,36,0,36,119
09/24/2008,CPR,WY,ANM,WE,Combined TRACON& Tower with Radar,4,36,19,0,59,0,5,60,0,65,4,41,79,0,124,58,0,58,182
09/25/2008,CPR,WY,ANM,WE,Combined TRACON& Tower with Radar,2,35,19,0,56,0,4,36,0,40,2,39,55,0,96,32,0,32,128
09/26/2008,CPR,WY,ANM,WE,Combined TRACON& Tower with Radar,4,36,14,4,58,0,4,36,0,40,4,40,50,4,98,46,0,46,144
09/27/2008,CPR,WY,ANM,WE,Combined TRACON& Tower with Radar,3,25,35,0,63,0,0,3,0,3,3,25,38,0,66,42,0,42,108
09/28/2008,CPR,WY,ANM,WE,Combined TRACON& Tower with Radar,1,12,42,0,55,0,0,0,0,0,1,12,42,0,55,24,0,24,79
09/29/2008,CPR,WY,ANM,WE,Combined TRACON& Tower with Radar,3,32,38,0,73,34,0,0,0,34,37,32,38,0,107,38,0,38,145
09/30/2008,CPR,WY,ANM,WE,Combined TRACON& Tower with Radar,3,42,15,0,60,0,3,39,0,42,3,45,54,0,102,42,0,42,144
10/01/2008,CPR,WY,ANM,WE,Combined TRACON& Tower with Radar,6,36,35,0,77,0,6,38,0,44,6,42,73,0,121,32,0,32,153
10/02/2008,CPR,WY,ANM,WE,Combined TRACON& Tower with Radar,2,49,25,0,76,0,4,37,0,41,2,53,62,0,117,46,0,46,163
10/03/2008,CPR,WY,ANM,WE,Combined TRACON& Tower with Radar,5,37,9,0,51,0,9,22,0,31,5,46,31,0,82,66,0,66,148
10/04/2008,CPR,WY,ANM,WE,Combined TRACON& Tower with Radar,1,22,10,0,33,0,0,18,0,18,1,22,28,0,51,58,0,58,109
10/05/2008,CPR,WY,ANM,WE,Combined TRACON& Tower with Radar,0,13,4,0,17,0,0,0,0,0,0,13,4,0,17,14,0,14,31
10/06/2008,CPR,WY,ANM,WE,Combined TRACON& Tower with Radar,3,35,34,0,72,0,5,46,0,51,3,40,80,0,123,36,0,36,159
10/07/2008,CPR,WY,ANM,WE,Combined TRACON& Tower with Radar,3,38,14,0,55,0,0,26,0,26,3,38,40,0,81,32,0,32,113
10/08/2008,CPR,WY,ANM,WE,Combined TRACON& Tower with Radar,3,44,20,0,67,0,1,56,0,57,3,45,76,0,124,62,0,62,186
10/09/2008,CPR,WY,ANM,WE,Combined TRACON& Tower with Radar,4,37,29,0,70,0,1,28,0,29,4,38,57,0,99,56,0,56,155
10/10/2008,CPR,WY,ANM,WE,Combined TRACON& Tower with Radar,4,39,19,0,62,0,1,0,0,1,4,40,19,0,63,0,0,0,63
10/11/2008,CPR,WY,ANM,WE,Combined TRACON& Tower with Radar,1,16,2,0,19,0,0,0,0,0,1,16,2,0,19,0,0,0,19
10/12/2008,CPR,WY,ANM,WE,Combined TRACON& Tower with Radar,0,20,5,0,25,0,0,2,0,2,0,20,7,0,27,0,0,0,27
10/13/2008,CPR,WY,ANM,WE,Combined TRACON& Tower with Radar,5,37,12,0,54,0,9,30,0,39,5,46,42,0,93,54,0,54,147
10/14/2008,CPR,WY,ANM,WE,Combined TRACON& Tower with Radar,2,39,17,0,58,0,4,54,0,58,2,43,71,0,116,38,0,38,154
10/15/2008,CPR,WY,ANM,WE,Combined TRACON& Tower with Radar,3,41,18,0,62,0,2,41,0,43,3,43,59,0,105,60,0,60,165
10/16/2008,CPR,WY,ANM,WE,Combined TRACON& Tower with Radar,2,41,14,0,57,0,3,46,0,49,2,44,60,0,106,38,0,38,144
10/17/2008,CPR,WY,ANM,WE,Combined TRACON& Tower with Radar,7,45,10,0,62,0,1,22,0,23,7,46,32,0,85,6,18,24,109
10/18/2008,CPR,WY,ANM,WE,Combined TRACON& Tower with Radar,2,22,5,0,29,0,2,14,0,16,2,24,19,0,45,20,0,20,65
10/19/2008,CPR,WY,ANM,WE,Combined TRACON& Tower with Radar,0,15,10,0,25,0,1,17,0,18,0,16,27,0,43,26,0,26,69
10/20/2008,CPR,WY,ANM,WE,Combined TRACON& Tower with Radar,4,31,20,0,55,0,0,18,1,19,4,31,38,1,74,20,0,20,94
10/21/2008,CPR,WY,ANM,WE,Combined TRACON& Tower with Radar,3,39,20,0,62,0,2,3,0,5,3,41,23,0,67,6,0,6,73
10/22/2008,CPR,WY,ANM,WE,Combined TRACON& Tower with Radar,3,40,24,9,76,0,0,44,1,45,3,40,68,10,121,46,32,78,199
10/23/2008,CPR,WY,ANM,WE,Combined TRACON& Tower with Radar,2,38,34,0,74,0,2,51,0,53,2,40,85,0,127,52,0,52,179
10/24/2008,CPR,WY,ANM,WE,Combined TRACON& Tower with Radar,7,33,4,0,44,0,2,47,0,49,7,35,51,0,93,58,0,58,151
10/25/2008,CPR,WY,ANM,WE,Combined TRACON& Tower with Radar,2,26,7,0,35,0,4,16,0,20,2,30,23,0,55,0,0,0,55
10/26/2008,CPR,WY,ANM,WE,Combined TRACON& Tower with Radar,0,16,8,0,24,0,0,26,0,26,0,16,34,0,50,8,0,8,58
10/27/2008,CPR,WY,ANM,WE,Combined TRACON& Tower with Radar,3,34,21,0,58,0,2,42,0,44,3,36,63,0,102,60,0,60,162
10/28/2008,CPR,WY,ANM,WE,Combined TRACON& Tower with Radar,3,36,26,0,65,0,0,50,0,50,3,36,76,0,115,72,0,72,187
10/29/2008,CPR,WY,ANM,WE,Combined TRACON& Tower with Radar,2,35,18,8,63,0,2,41,0,43,2,37,59,8,106,32,10,42,148
10/30/2008,CPR,WY,ANM,WE,Combined TRACON& Tower with Radar,2,35,17,0,54,0,10,39,0,49,2,45,56,0,103,74,0,74,177
10/31/2008,CPR,WY,ANM,WE,Combined TRACON& Tower with Radar,4,30,16,0,50,0,4,32,0,36,4,34,48,0,86,32,0,32,118
11/01/2008,CPR,WY,ANM,WE,Combined TRACON& Tower with Radar,2,22,3,0,27,0,1,19,0,20,2,23,22,0,47,0,0,0,47
11/02/2008,CPR,WY,ANM,WE,Combined TRACON& Tower with Radar,0,12,5,0,17,0,0,18,0,18,0,12,23,0,35,0,0,0,35
11/03/2008,CPR,WY,ANM,WE,Combined TRACON& Tower with Radar,3,32,17,0,52,0,3,32,0,35,3,35,49,0,87,66,0,66,153
11/04/2008,CPR,WY,ANM,WE,Combined TRACON& Tower with Radar,2,38,19,0,59,0,8,12,0,20,2,46,31,0,79,20,0,20,99
11/05/2008,CPR,WY,ANM,WE,Combined TRACON& Tower with Radar,2,44,18,0,64,0,0,13,0,13,2,44,31,0,77,16,0,16,93
11/06/2008,CPR,WY,ANM,WE,Combined TRACON& Tower with Radar,2,44,24,0,70,0,0,21,0,21,2,44,45,0,91,34,0,34,125
11/07/2008,CPR,WY,ANM,WE,Combined TRACON& Tower with Radar,9,39,11,0,59,0,1,8,0,9,9,40,19,0,68,0,0,0,68
11/08/2008,CPR,WY,ANM,WE,Combined TRACON& Tower with Radar,3,20,9,0,32,0,0,28,0,28,3,20,37,0,60,40,0,40,100
11/09/2008,CPR,WY,ANM,WE,Combined TRACON& Tower with Radar,1,13,15,0,29,0,0,17,0,17,1,13,32,0,46,4,0,4,50
11/10/2008,CPR,WY,ANM,WE,Combined TRACON& Tower with Radar,3,33,22,0,58,0,0,15,0,15,3,33,37,0,73,14,0,14,87
11/11/2008,CPR,WY,ANM,WE,Combined TRACON& Tower with Radar,3,31,28,0,62,0,3,8,3,14,3,34,36,3,76,6,0,6,82
11/12/2008,CPR,WY,ANM,WE,Combined TRACON& Tower with Radar,6,34,23,0,63,0,1,27,0,28,6,35,50,0,91,0,0,0,91
11/13/2008,CPR,WY,ANM,WE,Combined TRACON& Tower with Radar,4,38,18,0,60,0,0,15,0,15,4,38,33,0,75,58,0,58,133
11/14/2008,CPR,WY,ANM,WE,Combined TRACON& Tower with Radar,5,38,19,2,64,4,1,19,0,24,9,39,38,2,88,24,0,24,112
11/15/2008,CPR,WY,ANM,WE,Combined TRACON& Tower with Radar,2,20,0,0,22,0,0,8,0,8,2,20,8,0,30,6,0,6,36
11/16/2008,CPR,WY,ANM,WE,Combined TRACON& Tower with Radar,0,17,6,0,23,0,0,18,0,18,0,17,24,0,41,30,0,30,71
11/17/2008,CPR,WY,ANM,WE,Combined TRACON& Tower with Radar,3,32,28,0,63,0,5,35,0,40,3,37,63,0,103,18,0,18,121
11/18/2008,CPR,WY,ANM,WE,Combined TRACON& Tower with Radar,4,41,18,0,63,0,0,24,0,24,4,41,42,0,87,28,0,28,115
11/19/2008,CPR,WY,ANM,WE,Combined TRACON& Tower with Radar,2,42,33,0,77,0,0,50,0,50,2,42,83,0,127,30,0,30,157
11/20/2008,CPR,WY,ANM,WE,Combined TRACON& Tower with Radar,3,48,20,0,71,0,0,12,0,12,3,48,32,0,83,72,0,72,155
11/21/2008,CPR,WY,ANM,WE,Combined TRACON& Tower with Radar,4,39,20,0,63,0,1,14,0,15,4,40,34,0,78,6,0,6,84
11/22/2008,CPR,WY,ANM,WE,Combined TRACON& Tower with Radar,2,19,4,0,25,0,0,0,0,0,2,19,4,0,25,0,0,0,25
11/23/2008,CPR,WY,ANM,WE,Combined TRACON& Tower with Radar,0,12,7,0,19,0,0,7,0,7,0,12,14,0,26,0,0,0,26
11/24/2008,CPR,WY,ANM,WE,Combined TRACON& Tower with Radar,2,37,22,0,61,0,0,26,0,26,2,37,48,0,87,10,0,10,97
11/25/2008,CPR,WY,ANM,WE,Combined TRACON& Tower with Radar,3,44,20,0,67,0,1,33,0,34,3,45,53,0,101,62,0,62,163
11/26/2008,CPR,WY,ANM,WE,Combined TRACON& Tower with Radar,3,37,16,2,58,0,3,44,0,47,3,40,60,2,105,46,0,46,151
11/27/2008,CPR,WY,ANM,WE,Combined TRACON& Tower with Radar,1,7,1,0,9,0,0,0,0,0,1,7,1,0,9,16,0,16,25
11/28/2008,CPR,WY,ANM,WE,Combined TRACON& Tower with Radar,5,26,5,0,36,0,0,14,0,14,5,26,19,0,50,16,0,16,66
11/29/2008,CPR,WY,ANM,WE,Combined TRACON& Tower with Radar,0,22,5,0,27,0,0,10,0,10,0,22,15,0,37,16,0,16,53
11/30/2008,CPR,WY,ANM,WE,Combined TRACON& Tower with Radar,0,15,6,0,21,0,5,2,0,7,0,20,8,0,28,14,0,14,42
12/01/2008,CPR,WY,ANM,WE,Combined TRACON& Tower with Radar,5,32,16,0,53,0,0,6,0,6,5,32,22,0,59,16,0,16,75
12/02/2008,CPR,WY,ANM,WE,Combined TRACON& Tower with Radar,3,47,31,0,81,0,1,16,0,17,3,48,47,0,98,34,0,34,132
12/03/2008,CPR,WY,ANM,WE,Combined TRACON& Tower with Radar,3,40,23,0,66,0,0,15,0,15,3,40,38,0,81,44,0,44,125
12/04/2008,CPR,WY,ANM,WE,Combined TRACON& Tower with Radar,3,43,32,0,78,0,0,27,0,27,3,43,59,0,105,16,0,16,121
12/05/2008,CPR,WY,ANM,WE,Combined TRACON& Tower with Radar,5,35,15,0,55,0,1,12,1,14,5,36,27,1,69,24,0,24,93
12/06/2008,CPR,WY,ANM,WE,Combined TRACON& Tower with Radar,2,25,8,0,35,0,1,32,1,34,2,26,40,1,69,48,0,48,117
12/07/2008,CPR,WY,ANM,WE,Combined TRACON& Tower with Radar,0,13,20,0,33,0,0,15,0,15,0,13,35,0,48,60,0,60,108
12/08/2008,CPR,WY,ANM,WE,Combined TRACON& Tower with Radar,3,33,19,0,55,0,0,0,0,0,3,33,19,0,55,0,0,0,55
12/09/2008,CPR,WY,ANM,WE,Combined TRACON& Tower with Radar,5,38,29,2,74,0,2,20,0,22,5,40,49,2,96,20,0,20,116
12/10/2008,CPR,WY,ANM,WE,Combined TRACON& Tower with Radar,5,46,20,0,71,0,0,38,0,38,5,46,58,0,109,62,0,62,171
12/11/2008,CPR,WY,ANM,WE,Combined TRACON& Tower with Radar,5,47,21,0,73,0,1,23,0,24,5,48,44,0,97,32,0,32,129
12/12/2008,CPR,WY,ANM,WE,Combined TRACON& Tower with Radar,8,39,9,7,63,0,0,29,0,29,8,39,38,7,92,56,0,56,148
12/13/2008,CPR,WY,ANM,WE,Combined TRACON& Tower with Radar,2,30,13,0,45,0,1,5,0,6,2,31,18,0,51,10,0,10,61
12/14/2008,CPR,WY,ANM,WE,Combined TRACON& Tower with Radar,0,15,6,0,21,0,0,1,0,1,0,15,7,0,22,0,0,0,22
12/15/2008,CPR,WY,ANM,WE,Combined TRACON& Tower with Radar,3,40,25,2,70,1,1,11,0,13,4,41,36,2,83,0,0,0,83
12/16/2008,CPR,WY,ANM,WE,Combined TRACON& Tower with Radar,4,44,14,2,64,0,1,21,0,22,4,45,35,2,86,42,0,42,128
12/17/2008,CPR,WY,ANM,WE,Combined TRACON& Tower with Radar,5,46,34,0,85,0,1,15,0,16,5,47,49,0,101,0,0,0,101
12/18/2008,CPR,WY,ANM,WE,Combined TRACON& Tower with Radar,5,54,27,0,86,0,2,19,0,21,5,56,46,0,107,36,0,36,143
12/19/2008,CPR,WY,ANM,WE,Combined TRACON& Tower with Radar,7,45,30,0,82,0,1,14,0,15,7,46,44,0,97,4,0,4,101
12/20/2008,CPR,WY,ANM,WE,Combined TRACON& Tower with Radar,2,33,11,0,46,0,2,1,0,3,2,35,12,0,49,0,0,0,49
12/21/2008,CPR,WY,ANM,WE,Combined TRACON& Tower with Radar,0,15,2,0,17,0,1,13,0,14,0,16,15,0,31,8,0,8,39
12/22/2008,CPR,WY,ANM,WE,Combined TRACON& Tower with Radar,4,34,8,0,46,0,1,3,0,4,4,35,11,0,50,0,0,0,50
12/23/2008,CPR,WY,ANM,WE,Combined TRACON& Tower with Radar,5,51,3,0,59,0,5,6,0,11,5,56,9,0,70,6,0,6,76
12/24/2008,CPR,WY,ANM,WE,Combined TRACON& Tower with Radar,6,36,3,0,45,0,3,4,0,7,6,39,7,0,52,0,0,0,52
12/25/2008,CPR,WY,ANM,WE,Combined TRACON& Tower with Radar,0,11,0,0,11,0,0,0,0,0,0,11,0,0,11,0,0,0,11
12/26/2008,CPR,WY,ANM,WE,Combined TRACON& Tower with Radar,4,42,1,0,47,0,1,0,0,1,4,43,1,0,48,0,0,0,48
12/27/2008,CPR,WY,ANM,WE,Combined TRACON& Tower with Radar,1,28,9,0,38,0,0,0,0,0,1,28,9,0,38,0,0,0,38
12/28/2008,CPR,WY,ANM,WE,Combined TRACON& Tower with Radar,0,15,3,0,18,0,0,5,0,5,0,15,8,0,23,0,0,0,23
12/29/2008,CPR,WY,ANM,WE,Combined TRACON& Tower with Radar,3,34,8,0,45,0,0,8,0,8,3,34,16,0,53,0,0,0,53
12/30/2008,CPR,WY,ANM,WE,Combined TRACON& Tower with Radar,3,42,15,0,60,0,0,23,0,23,3,42,38,0,83,18,0,18,101
12/31/2008,CPR,WY,ANM,WE,Combined TRACON& Tower with Radar,3,37,2,0,42,0,0,18,0,18,3,37,20,0,60,16,0,16,76
01/01/2009,CPR,WY,ANM,WE,Combined TRACON& Tower with Radar,1,13,6,4,24,0,1,6,0,7,1,14,12,4,31,14,0,14,45
01/02/2009,CPR,WY,ANM,WE,Combined TRACON& Tower with Radar,5,38,6,0,49,0,2,0,0,2,5,40,6,0,51,0,0,0,51
01/03/2009,CPR,WY,ANM,WE,Combined TRACON& Tower with Radar,2,25,4,0,31,0,0,2,0,2,2,25,6,0,33,0,0,0,33
01/04/2009,CPR,WY,ANM,WE,Combined TRACON& Tower with Radar,1,17,5,0,23,0,0,24,0,24,1,17,29,0,47,4,0,4,51
01/05/2009,CPR,WY,ANM,WE,Combined TRACON& Tower with Radar,4,35,9,2,50,0,0,3,0,3,4,35,12,2,53,0,0,0,53
01/06/2009,CPR,WY,ANM,WE,Combined TRACON& Tower with Radar,3,37,20,0,60,0,0,29,0,29,3,37,49,0,89,22,0,22,111
01/07/2009,CPR,WY,ANM,WE,Combined TRACON& Tower with Radar,3,32,18,0,53,0,0,16,0,16,3,32,34,0,69,28,0,28,97
01/08/2009,CPR,WY,ANM,WE,Combined TRACON& Tower with Radar,6,38,28,0,72,0,0,11,0,11,6,38,39,0,83,0,0,0,83
01/09/2009,CPR,WY,ANM,WE,Combined TRACON& Tower with Radar,5,40,5,0,50,0,1,27,0,28,5,41,32,0,78,34,0,34,112
01/10/2009,CPR,WY,ANM,WE,Combined TRACON& Tower with Radar,2,23,8,0,33,0,0,27,0,27,2,23,35,0,60,10,0,10,70
01/11/2009,CPR,WY,ANM,WE,Combined TRACON& Tower with Radar,0,13,10,1,24,0,0,19,0,19,0,13,29,1,43,18,0,18,61
01/12/2009,CPR,WY,ANM,WE,Combined TRACON& Tower with Radar,3,38,13,1,55,0,3,9,0,12,3,41,22,1,67,26,0,26,93
01/13/2009,CPR,WY,ANM,WE,Combined TRACON& Tower with Radar,3,33,20,0,56,0,1,28,0,29,3,34,48,0,85,22,0,22,107
01/14/2009,CPR,WY,ANM,WE,Combined TRACON& Tower with Radar,3,46,10,0,59,0,0,0,0,0,3,46,10,0,59,16,0,16,75
01/15/2009,CPR,WY,ANM,WE,Combined TRACON& Tower with Radar,3,37,17,0,57,0,0,30,0,30,3,37,47,0,87,42,0,42,129
01/16/2009,CPR,WY,ANM,WE,Combined TRACON& Tower with Radar,8,34,8,0,50,0,1,28,0,29,8,35,36,0,79,18,0,18,97
01/17/2009,CPR,WY,ANM,WE,Combined TRACON& Tower with Radar,2,26,1,0,29,0,0,47,0,47,2,26,48,0,76,76,0,76,152
01/18/2009,CPR,WY,ANM,WE,Combined TRACON& Tower with Radar,0,18,8,0,26,0,0,27,0,27,0,18,35,0,53,80,0,80,133
01/19/2009,CPR,WY,ANM,WE,Combined TRACON& Tower with Radar,3,40,15,2,60,0,2,27,0,29,3,42,42,2,89,32,0,32,121
01/20/2009,CPR,WY,ANM,WE,Combined TRACON& Tower with Radar,3,43,21,2,69,0,4,27,0,31,3,47,48,2,100,20,0,20,120
01/21/2009,CPR,WY,ANM,WE,Combined TRACON& Tower with Radar,3,39,19,0,61,0,8,41,0,49,3,47,60,0,110,6,0,6,116
01/22/2009,CPR,WY,ANM,WE,Combined TRACON& Tower with Radar,2,44,20,0,66,0,17,12,0,29,2,61,32,0,95,36,0,36,131
01/23/2009,CPR,WY,ANM,WE,Combined TRACON& Tower with Radar,5,38,9,0,52,0,3,0,0,3,5,41,9,0,55,0,0,0,55
01/24/2009,CPR,WY,ANM,WE,Combined TRACON& Tower with Radar,2,23,0,0,25,0,0,0,0,0,2,23,0,0,25,0,0,0,25
01/25/2009,CPR,WY,ANM,WE,Combined TRACON& Tower with Radar,0,14,6,0,20,0,0,0,0,0,0,14,6,0,20,0,0,0,20
01/26/2009,CPR,WY,ANM,WE,Combined TRACON& Tower with Radar,3,38,17,0,58,0,1,2,0,3,3,39,19,0,61,0,0,0,61
01/27/2009,CPR,WY,ANM,WE,Combined TRACON& Tower with Radar,4,42,21,0,67,0,0,16,0,16,4,42,37,0,83,0,0,0,83
01/28/2009,CPR,WY,ANM,WE,Combined TRACON& Tower with Radar,3,47,21,0,71,0,0,14,0,14,3,47,35,0,85,48,0,48,133
01/29/2009,CPR,WY,ANM,WE,Combined TRACON& Tower with Radar,3,40,17,2,62,0,0,23,0,23,3,40,40,2,85,15,0,15,100
01/30/2009,CPR,WY,ANM,WE,Combined TRACON& Tower with Radar,5,35,10,2,52,0,0,15,1,16,5,35,25,3,68,0,0,0,68
01/31/2009,CPR,WY,ANM,WE,Combined TRACON& Tower with Radar,2,22,9,0,33,0,0,16,0,16,2,22,25,0,49,34,0,34,83
02/01/2009,CPR,WY,ANM,WE,Combined TRACON& Tower with Radar,0,14,3,0,17,0,0,18,0,18,0,14,21,0,35,14,0,14,49
02/02/2009,CPR,WY,ANM,WE,Combined TRACON& Tower with Radar,3,27,16,0,46,0,0,29,0,29,3,27,45,0,75,4,0,4,79
02/03/2009,CPR,WY,ANM,WE,Combined TRACON& Tower with Radar,3,43,21,0,67,0,3,24,0,27,3,46,45,0,94,60,0,60,154
02/04/2009,CPR,WY,ANM,WE,Combined TRACON& Tower with Radar,3,43,17,0,63,0,0,0,0,0,3,43,17,0,63,0,0,0,63
02/05/2009,CPR,WY,ANM,WE,Combined TRACON& Tower with Radar,4,35,13,0,52,0,0,21,0,21,4,35,34,0,73,12,0,12,85
02/06/2009,CPR,WY,ANM,WE,Combined TRACON& Tower with Radar,5,32,28,0,65,0,0,28,0,28,5,32,56,0,93,26,0,26,119
02/07/2009,CPR,WY,ANM,WE,Combined TRACON& Tower with Radar,1,22,9,0,32,0,0,41,0,41,1,22,50,0,73,110,0,110,183
02/08/2009,CPR,WY,ANM,WE,Combined TRACON& Tower with Radar,0,14,7,0,21,0,0,13,0,13,0,14,20,0,34,12,0,12,46
02/09/2009,CPR,WY,ANM,WE,Combined TRACON& Tower with Radar,3,32,19,0,54,0,0,3,0,3,3,32,22,0,57,18,0,18,75
02/10/2009,CPR,WY,ANM,WE,Combined TRACON& Tower with Radar,3,39,35,2,79,0,0,12,0,12,3,39,47,2,91,26,0,26,117
02/11/2009,CPR,WY,ANM,WE,Combined TRACON& Tower with Radar,2,38,24,0,64,0,0,26,0,26,2,38,50,0,90,18,0,18,108
02/12/2009,CPR,WY,ANM,WE,Combined TRACON& Tower with Radar,5,37,6,4,52,0,1,31,2,34,5,38,37,6,86,20,20,40,126
02/13/2009,CPR,WY,ANM,WE,Combined TRACON& Tower with Radar,5,42,11,0,58,0,3,0,0,3,5,45,11,0,61,4,0,4,65
02/14/2009,CPR,WY,ANM,WE,Combined TRACON& Tower with Radar,4,23,4,0,31,0,0,0,0,0,4,23,4,0,31,0,0,0,31
02/15/2009,CPR,WY,ANM,WE,Combined TRACON& Tower with Radar,2,13,3,0,18,0,0,12,0,12,2,13,15,0,30,10,0,10,40
02/16/2009,CPR,WY,ANM,WE,Combined TRACON& Tower with Radar,3,33,15,0,51,0,0,20,0,20,3,33,35,0,71,0,0,0,71
02/17/2009,CPR,WY,ANM,WE,Combined TRACON& Tower with Radar,3,39,13,0,55,0,13,0,0,13,3,52,13,0,68,22,0,22,90
02/18/2009,CPR,WY,ANM,WE,Combined TRACON& Tower with Radar,3,42,17,0,62,0,0,6,0,6,3,42,23,0,68,44,0,44,112
02/19/2009,CPR,WY,ANM,WE,Combined TRACON& Tower with Radar,5,37,17,0,59,0,0,39,0,39,5,37,56,0,98,64,0,64,162
02/20/2009,CPR,WY,ANM,WE,Combined TRACON& Tower with Radar,6,41,7,0,54,0,0,4,0,4,6,41,11,0,58,16,0,16,74
02/21/2009,CPR,WY,ANM,WE,Combined TRACON& Tower with Radar,2,24,5,0,31,0,0,33,0,33,2,24,38,0,64,14,0,14,78
02/22/2009,CPR,WY,ANM,WE,Combined TRACON& Tower with Radar,0,17,4,0,21,0,0,30,0,30,0,17,34,0,51,66,0,66,117
02/23/2009,CPR,WY,ANM,WE,Combined TRACON& Tower with Radar,5,31,12,0,48,0,3,30,0,33,5,34,42,0,81,26,0,26,107
02/24/2009,CPR,WY,ANM,WE,Combined TRACON& Tower with Radar,3,32,15,0,50,0,1,6,0,7,3,33,21,0,57,0,0,0,57
02/25/2009,CPR,WY,ANM,WE,Combined TRACON& Tower with Radar,7,40,18,0,65,0,0,18,0,18,7,40,36,0,83,68,0,68,151
02/26/2009,CPR,WY,ANM,WE,Combined TRACON& Tower with Radar,4,34,25,0,63,0,2,25,0,27,4,36,50,0,90,48,0,48,138
02/27/2009,CPR,WY,ANM,WE,Combined TRACON& Tower with Radar,6,35,13,2,56,0,0,8,0,8,6,35,21,2,64,18,0,18,82
02/28/2009,CPR,WY,ANM,WE,Combined TRACON& Tower with Radar,2,19,4,0,25,0,0,32,0,32,2,19,36,0,57,36,0,36,93
03/01/2009,CPR,WY,ANM,WE,Combined TRACON& Tower with Radar,0,16,6,0,22,0,0,16,0,16,0,16,22,0,38,30,0,30,68
03/02/2009,CPR,WY,ANM,WE,Combined TRACON& Tower with Radar,3,28,19,0,50,0,1,27,0,28,3,29,46,0,78,36,0,36,114
03/03/2009,CPR,WY,ANM,WE,Combined TRACON& Tower with Radar,3,32,26,0,61,0,1,0,0,1,3,33,26,0,62,4,0,4,66
03/04/2009,CPR,WY,ANM,WE,Combined TRACON& Tower with Radar,3,30,17,0,50,0,0,21,0,21,3,30,38,0,71,0,0,0,71
03/05/2009,CPR,WY,ANM,WE,Combined TRACON& Tower with Radar,5,34,30,2,71,0,0,8,0,8,5,34,38,2,79,14,0,14,93
03/06/2009,CPR,WY,ANM,WE,Combined TRACON& Tower with Radar,6,30,31,0,67,0,0,18,0,18,6,30,49,0,85,26,0,26,111
03/07/2009,CPR,WY,ANM,WE,Combined TRACON& Tower with Radar,2,27,3,0,32,0,0,32,0,32,2,27,35,0,64,44,0,44,108
03/08/2009,CPR,WY,ANM,WE,Combined TRACON& Tower with Radar,0,18,5,0,23,0,0,11,0,11,0,18,16,0,34,0,0,0,34
03/09/2009,CPR,WY,ANM,WE,Combined TRACON& Tower with Radar,4,38,15,0,57,0,1,0,0,1,4,39,15,0,58,0,0,0,58
03/10/2009,CPR,WY,ANM,WE,Combined TRACON& Tower with Radar,3,35,21,0,59,0,6,7,0,13,3,41,28,0,72,12,0,12,84
03/11/2009,CPR,WY,ANM,WE,Combined TRACON& Tower with Radar,3,38,31,4,76,0,0,3,0,3,3,38,34,4,79,26,0,26,105
03/12/2009,CPR,WY,ANM,WE,Combined TRACON& Tower with Radar,6,38,26,2,72,0,2,39,2,43,6,40,65,4,115,20,10,30,145
03/13/2009,CPR,WY,ANM,WE,Combined TRACON& Tower with Radar,5,30,12,0,47,0,2,33,0,35,5,32,45,0,82,14,0,14,96
03/14/2009,CPR,WY,ANM,WE,Combined TRACON& Tower with Radar,2,24,5,0,31,0,0,43,0,43,2,24,48,0,74,28,0,28,102
03/15/2009,CPR,WY,ANM,WE,Combined TRACON& Tower with Radar,0,18,2,0,20,0,0,11,0,11,0,18,13,0,31,0,0,0,31
03/16/2009,CPR,WY,ANM,WE,Combined TRACON& Tower with Radar,3,29,12,0,44,0,2,13,0,15,3,31,25,0,59,0,0,0,59
03/17/2009,CPR,WY,ANM,WE,Combined TRACON& Tower with Radar,4,48,14,3,69,0,0,26,0,26,4,48,40,3,95,12,0,12,107
03/18/2009,CPR,WY,ANM,WE,Combined TRACON& Tower with Radar,4,32,19,0,55,0,0,44,0,44,4,32,63,0,99,30,0,30,129
03/19/2009,CPR,WY,ANM,WE,Combined TRACON& Tower with Radar,4,32,29,0,65,0,3,49,0,52,4,35,78,0,117,44,0,44,161
03/20/2009,CPR,WY,ANM,WE,Combined TRACON& Tower with Radar,6,30,9,7,52,0,2,46,2,50,6,32,55,9,102,92,10,102,204
03/21/2009,CPR,WY,ANM,WE,Combined TRACON& Tower with Radar,2,21,15,0,38,0,0,51,0,51,2,21,66,0,89,54,0,54,143
03/22/2009,CPR,WY,ANM,WE,Combined TRACON& Tower with Radar,0,20,4,0,24,0,1,5,0,6,0,21,9,0,30,0,0,0,30
03/23/2009,CPR,WY,ANM,WE,Combined TRACON& Tower with Radar,3,18,4,0,25,0,0,0,0,0,3,18,4,0,25,0,0,0,25
03/24/2009,CPR,WY,ANM,WE,Combined TRACON& Tower with Radar,3,39,10,2,54,0,0,20,0,20,3,39,30,2,74,24,0,24,98
03/25/2009,CPR,WY,ANM,WE,Combined TRACON& Tower with Radar,3,32,18,0,53,0,0,11,0,11,3,32,29,0,64,16,0,16,80
03/26/2009,CPR,WY,ANM,WE,Combined TRACON& Tower with Radar,3,30,7,0,40,0,0,1,0,1,3,30,8,0,41,0,0,0,41
03/27/2009,CPR,WY,ANM,WE,Combined TRACON& Tower with Radar,5,40,14,2,61,0,0,32,0,32,5,40,46,2,93,18,0,18,111
03/28/2009,CPR,WY,ANM,WE,Combined TRACON& Tower with Radar,2,24,5,2,33,0,0,38,0,38,2,24,43,2,71,40,0,40,111
03/29/2009,CPR,WY,ANM,WE,Combined TRACON& Tower with Radar,4,14,11,2,31,0,1,3,0,4,4,15,14,2,35,0,0,0,35
03/30/2009,CPR,WY,ANM,WE,Combined TRACON& Tower with Radar,3,40,10,0,53,0,0,0,0,0,3,40,10,0,53,0,0,0,53
03/31/2009,CPR,WY,ANM,WE,Combined TRACON& Tower with Radar,3,31,10,0,44,0,2,20,0,22,3,33,30,0,66,20,0,20,86
04/01/2009,CPR,WY,ANM,WE,Combined TRACON& Tower with Radar,4,34,12,0,50,0,0,4,0,4,4,34,16,0,54,0,0,0,54
04/02/2009,CPR,WY,ANM,WE,Combined TRACON& Tower with Radar,6,32,21,2,61,0,0,45,0,45,6,32,66,2,106,18,0,18,124
04/03/2009,CPR,WY,ANM,WE,Combined TRACON& Tower with Radar,5,35,7,0,47,0,0,1,0,1,5,35,8,0,48,0,0,0,48
04/04/2009,CPR,WY,ANM,WE,Combined TRACON& Tower with Radar,2,20,2,0,24,0,0,0,0,0,2,20,2,0,24,0,0,0,24
04/05/2009,CPR,WY,ANM,WE,Combined TRACON& Tower with Radar,0,23,7,0,30,0,0,4,0,4,0,23,11,0,34,0,0,0,34
04/06/2009,CPR,WY,ANM,WE,Combined TRACON& Tower with Radar,3,24,15,10,52,0,2,60,0,62,3,26,75,10,114,38,6,44,158
04/07/2009,CPR,WY,ANM,WE,Combined TRACON& Tower with Radar,3,36,22,2,63,0,2,47,0,49,3,38,69,2,112,0,20,20,132
04/08/2009,CPR,WY,ANM,WE,Combined TRACON& Tower with Radar,5,41,16,6,68,0,0,26,0,26,5,41,42,6,94,20,0,20,114
04/09/2009,CPR,WY,ANM,WE,Combined TRACON& Tower with Radar,4,31,15,0,50,0,1,9,0,10,4,32,24,0,60,6,16,22,82
04/10/2009,CPR,WY,ANM,WE,Combined TRACON& Tower with Radar,5,40,9,2,56,0,0,25,0,25,5,40,34,2,81,36,2,38,119
04/11/2009,CPR,WY,ANM,WE,Combined TRACON& Tower with Radar,4,21,1,0,26,0,0,55,0,55,4,21,56,0,81,38,0,38,119
04/12/2009,CPR,WY,ANM,WE,Combined TRACON& Tower with Radar,0,10,2,0,12,0,0,8,0,8,0,10,10,0,20,0,0,0,20
04/13/2009,CPR,WY,ANM,WE,Combined TRACON& Tower with Radar,1,23,15,0,39,0,2,32,0,34,1,25,47,0,73,32,0,32,105
04/14/2009,CPR,WY,ANM,WE,Combined TRACON& Tower with Radar,5,32,20,0,57,0,1,27,0,28,5,33,47,0,85,32,0,32,117
04/15/2009,CPR,WY,ANM,WE,Combined TRACON& Tower with Radar,4,28,20,0,52,0,0,0,0,0,4,28,20,0,52,2,0,2,54
04/16/2009,CPR,WY,ANM,WE,Combined TRACON& Tower with Radar,4,38,7,0,49,0,0,0,0,0,4,38,7,0,49,0,0,0,49
04/17/2009,CPR,WY,ANM,WE,Combined TRACON& Tower with Radar,5,30,12,0,47,0,0,5,0,5,5,30,17,0,52,0,0,0,52
04/18/2009,CPR,WY,ANM,WE,Combined TRACON& Tower with Radar,2,22,4,2,30,0,0,11,0,11,2,22,15,2,41,8,0,8,49
04/19/2009,CPR,WY,ANM,WE,Combined TRACON& Tower with Radar,0,13,5,2,20,0,0,34,0,34,0,13,39,2,54,0,0,0,54
04/20/2009,CPR,WY,ANM,WE,Combined TRACON& Tower with Radar,7,26,14,6,53,0,0,19,0,19,7,26,33,6,72,10,0,10,82
04/21/2009,CPR,WY,ANM,WE,Combined TRACON& Tower with Radar,3,40,18,2,63,0,3,46,0,49,3,43,64,2,112,58,0,58,170
04/22/2009,CPR,WY,ANM,WE,Combined TRACON& Tower with Radar,6,37,22,0,65,0,4,32,0,36,6,41,54,0,101,32,0,32,133
04/23/2009,CPR,WY,ANM,WE,Combined TRACON& Tower with Radar,3,33,15,0,51,0,5,27,0,32,3,38,42,0,83,44,0,44,127
04/24/2009,CPR,WY,ANM,WE,Combined TRACON& Tower with Radar,5,35,16,0,56,0,0,3,0,3,5,35,19,0,59,0,0,0,59
04/25/2009,CPR,WY,ANM,WE,Combined TRACON& Tower with Radar,2,23,2,0,27,0,0,1,0,1,2,23,3,0,28,0,0,0,28
04/26/2009,CPR,WY,ANM,WE,Combined TRACON& Tower with Radar,1,15,9,0,25,0,0,3,0,3,1,15,12,0,28,2,0,2,30
04/27/2009,CPR,WY,ANM,WE,Combined TRACON& Tower with Radar,2,27,8,0,37,0,0,11,0,11,2,27,19,0,48,54,0,54,102
04/28/2009,CPR,WY,ANM,WE,Combined TRACON& Tower with Radar,3,35,28,0,66,0,0,40,0,40,3,35,68,0,106,58,0,58,164
04/29/2009,CPR,WY,ANM,WE,Combined TRACON& Tower with Radar,3,33,26,0,62,0,0,30,0,30,3,33,56,0,92,18,0,18,110
04/30/2009,CPR,WY,ANM,WE,Combined TRACON& Tower with Radar,3,31,21,0,55,0,0,19,0,19,3,31,40,0,74,64,0,64,138
05/01/2009,CPR,WY,ANM,WE,Combined TRACON& Tower with Radar,7,29,16,0,52,0,0,17,0,17,7,29,33,0,69,22,0,22,91
05/02/2009,CPR,WY,ANM,WE,Combined TRACON& Tower with Radar,2,23,7,2,34,0,0,27,4,31,2,23,34,6,65,20,8,28,93
05/03/2009,CPR,WY,ANM,WE,Combined TRACON& Tower with Radar,3,16,11,0,30,0,0,13,2,15,3,16,24,2,45,8,0,8,53
05/04/2009,CPR,WY,ANM,WE,Combined TRACON& Tower with Radar,4,26,9,0,39,0,4,14,0,18,4,30,23,0,57,12,0,12,69
05/05/2009,CPR,WY,ANM,WE,Combined TRACON& Tower with Radar,3,34,26,4,67,0,1,30,0,31,3,35,56,4,98,20,0,20,118
05/06/2009,CPR,WY,ANM,WE,Combined TRACON& Tower with Radar,4,33,26,0,63,0,0,32,0,32,4,33,58,0,95,12,0,12,107
05/07/2009,CPR,WY,ANM,WE,Combined TRACON& Tower with Radar,5,34,19,2,60,0,1,34,0,35,5,35,53,2,95,30,20,50,145
05/08/2009,CPR,WY,ANM,WE,Combined TRACON& Tower with Radar,5,34,16,0,55,0,1,46,0,47,5,35,62,0,102,22,0,22,124
05/09/2009,CPR,WY,ANM,WE,Combined TRACON& Tower with Radar,2,21,4,0,27,0,0,32,0,32,2,21,36,0,59,46,0,46,105
05/10/2009,CPR,WY,ANM,WE,Combined TRACON& Tower with Radar,2,13,4,0,19,0,0,21,0,21,2,13,25,0,40,0,0,0,40
05/11/2009,CPR,WY,ANM,WE,Combined TRACON& Tower with Radar,5,33,11,5,54,0,2,34,1,37,5,35,45,6,91,14,22,36,127
05/12/2009,CPR,WY,ANM,WE,Combined TRACON& Tower with Radar,3,33,18,0,54,0,2,16,0,18,3,35,34,0,72,12,0,12,84
05/13/2009,CPR,WY,ANM,WE,Combined TRACON& Tower with Radar,7,33,10,0,50,0,1,20,0,21,7,34,30,0,71,16,0,16,87
05/14/2009,CPR,WY,ANM,WE,Combined TRACON& Tower with Radar,3,33,25,0,61,0,0,32,0,32,3,33,57,0,93,35,0,35,128
05/15/2009,CPR,WY,ANM,WE,Combined TRACON& Tower with Radar,7,30,12,0,49,0,2,44,0,46,7,32,56,0,95,26,0,26,121
05/16/2009,CPR,WY,ANM,WE,Combined TRACON& Tower with Radar,3,22,9,0,34,0,0,43,2,45,3,22,52,2,79,62,0,62,141
05/17/2009,CPR,WY,ANM,WE,Combined TRACON& Tower with Radar,0,19,3,0,22,0,5,50,0,55,0,24,53,0,77,36,0,36,113
05/18/2009,CPR,WY,ANM,WE,Combined TRACON& Tower with Radar,3,33,19,0,55,0,1,50,0,51,3,34,69,0,106,36,0,36,142
05/19/2009,CPR,WY,ANM,WE,Combined TRACON& Tower with Radar,4,38,23,0,65,0,2,24,0,26,4,40,47,0,91,42,0,42,133
05/20/2009,CPR,WY,ANM,WE,Combined TRACON& Tower with Radar,4,33,23,0,60,0,1,34,0,35,4,34,57,0,95,34,0,34,129
05/21/2009,CPR,WY,ANM,WE,Combined TRACON& Tower with Radar,6,29,8,0,43,0,0,38,0,38,6,29,46,0,81,50,0,50,131
05/22/2009,CPR,WY,ANM,WE,Combined TRACON& Tower with Radar,5,29,9,0,43,0,0,34,0,34,5,29,43,0,77,24,0,24,101
05/23/2009,CPR,WY,ANM,WE,Combined TRACON& Tower with Radar,1,28,8,0,37,0,0,19,0,19,1,28,27,0,56,24,0,24,80
05/24/2009,CPR,WY,ANM,WE,Combined TRACON& Tower with Radar,2,4,4,0,10,0,0,7,0,7,2,4,11,0,17,10,0,10,27
05/25/2009,CPR,WY,ANM,WE,Combined TRACON& Tower with Radar,0,22,9,0,31,0,3,8,0,11,0,25,17,0,42,0,0,0,42
05/26/2009,CPR,WY,ANM,WE,Combined TRACON& Tower with Radar,1,34,10,6,51,0,1,27,0,28,1,35,37,6,79,10,14,24,103
05/27/2009,CPR,WY,ANM,WE,Combined TRACON& Tower with Radar,5,38,15,0,58,0,2,43,0,45,5,40,58,0,103,46,0,46,149
05/28/2009,CPR,WY,ANM,WE,Combined TRACON& Tower with Radar,10,33,27,0,70,0,1,42,0,43,10,34,69,0,113,26,0,26,139
05/29/2009,CPR,WY,ANM,WE,Combined TRACON& Tower with Radar,3,41,16,0,60,0,5,43,0,48,3,46,59,0,108,50,0,50,158
05/30/2009,CPR,WY,ANM,WE,Combined TRACON& Tower with Radar,2,22,3,0,27,0,0,33,0,33,2,22,36,0,60,24,0,24,84
05/31/2009,CPR,WY,ANM,WE,Combined TRACON& Tower with Radar,1,11,7,0,19,0,0,52,0,52,1,11,59,0,71,76,0,76,147
06/01/2009,CPR,WY,ANM,WE,Combined TRACON& Tower with Radar,2,24,7,0,33,0,0,23,0,23,2,24,30,0,56,8,0,8,64
06/02/2009,CPR,WY,ANM,WE,Combined TRACON& Tower with Radar,4,37,23,0,64,0,0,2,0,2,4,37,25,0,66,0,0,0,66
06/03/2009,CPR,WY,ANM,WE,Combined TRACON& Tower with Radar,3,33,21,0,57,0,0,21,0,21,3,33,42,0,78,38,0,38,116
06/04/2009,CPR,WY,ANM,WE,Combined TRACON& Tower with Radar,8,39,25,0,72,0,0,43,0,43,8,39,68,0,115,78,0,78,193
06/05/2009,CPR,WY,ANM,WE,Combined TRACON& Tower with Radar,4,33,15,0,52,0,1,32,0,33,4,34,47,0,85,46,0,46,131
06/06/2009,CPR,WY,ANM,WE,Combined TRACON& Tower with Radar,2,27,5,0,34,0,0,17,0,17,2,27,22,0,51,24,0,24,75
06/07/2009,CPR,WY,ANM,WE,Combined TRACON& Tower with Radar,0,17,14,2,33,0,0,4,0,4,0,17,18,2,37,12,0,12,49
06/08/2009,CPR,WY,ANM,WE,Combined TRACON& Tower with Radar,2,31,17,4,54,0,0,8,0,8,2,31,25,4,62,28,12,40,102
06/09/2009,CPR,WY,ANM,WE,Combined TRACON& Tower with Radar,3,45,19,5,72,0,1,13,0,14,3,46,32,5,86,12,18,30,116
06/10/2009,CPR,WY,ANM,WE,Combined TRACON& Tower with Radar,3,38,39,0,80,0,0,2,0,2,3,38,41,0,82,0,0,0,82
06/11/2009,CPR,WY,ANM,WE,Combined TRACON& Tower with Radar,5,40,33,0,78,0,0,2,0,2,5,40,35,0,80,0,0,0,80
06/12/2009,CPR,WY,ANM,WE,Combined TRACON& Tower with Radar,4,40,22,4,70,0,0,20,0,20,4,40,42,4,90,40,0,40,130
06/13/2009,CPR,WY,ANM,WE,Combined TRACON& Tower with Radar,2,26,1,0,29,0,0,37,2,39,2,26,38,2,68,48,0,48,116
06/14/2009,CPR,WY,ANM,WE,Combined TRACON& Tower with Radar,1,17,8,4,30,0,0,25,0,25,1,17,33,4,55,10,0,10,65
06/15/2009,CPR,WY,ANM,WE,Combined TRACON& Tower with Radar,1,37,12,0,50,0,1,24,1,26,1,38,36,1,76,12,0,12,88
06/16/2009,CPR,WY,ANM,WE,Combined TRACON& Tower with Radar,6,39,19,4,68,0,2,54,2,58,6,41,73,6,126,56,4,60,186
06/17/2009,CPR,WY,ANM,WE,Combined TRACON& Tower with Radar,5,38,19,0,62,0,3,32,0,35,5,41,51,0,97,26,0,26,123
06/18/2009,CPR,WY,ANM,WE,Combined TRACON& Tower with Radar,5,41,12,0,58,0,2,30,0,32,5,43,42,0,90,32,0,32,122
06/19/2009,CPR,WY,ANM,WE,Combined TRACON& Tower with Radar,4,35,20,0,59,0,0,61,0,61,4,35,81,0,120,34,0,34,154
06/20/2009,CPR,WY,ANM,WE,Combined TRACON& Tower with Radar,2,28,3,0,33,0,0,80,0,80,2,28,83,0,113,60,0,60,173
06/21/2009,CPR,WY,ANM,WE,Combined TRACON& Tower with Radar,1,15,12,4,32,0,0,15,0,15,1,15,27,4,47,0,0,0,47
06/22/2009,CPR,WY,ANM,WE,Combined TRACON& Tower with Radar,1,36,16,0,53,0,0,34,0,34,1,36,50,0,87,52,0,52,139
06/23/2009,CPR,WY,ANM,WE,Combined TRACON& Tower with Radar,3,43,10,3,59,0,0,54,0,54,3,43,64,3,113,88,0,88,201
06/24/2009,CPR,WY,ANM,WE,Combined TRACON& Tower with Radar,4,35,20,0,59,0,0,70,0,70,4,35,90,0,129,44,0,44,173
06/25/2009,CPR,WY,ANM,WE,Combined TRACON& Tower with Radar,9,32,12,0,53,0,0,51,0,51,9,32,63,0,104,24,0,24,128
06/26/2009,CPR,WY,ANM,WE,Combined TRACON& Tower with Radar,3,39,10,2,54,0,0,22,0,22,3,39,32,2,76,12,0,12,88
06/27/2009,CPR,WY,ANM,WE,Combined TRACON& Tower with Radar,2,26,11,0,39,0,0,44,0,44,2,26,55,0,83,22,0,22,105
06/28/2009,CPR,WY,ANM,WE,Combined TRACON& Tower with Radar,3,17,11,0,31,0,0,31,4,35,3,17,42,4,66,10,0,10,76
06/29/2009,CPR,WY,ANM,WE,Combined TRACON& Tower with Radar,1,39,7,0,47,0,0,33,0,33,1,39,40,0,80,62,0,62,142
06/30/2009,CPR,WY,ANM,WE,Combined TRACON& Tower with Radar,5,34,20,0,59,0,1,39,0,40,5,35,59,0,99,52,0,52,151
07/01/2009,CPR,WY,ANM,WE,Combined TRACON& Tower with Radar,3,36,15,0,54,0,3,44,0,47,3,39,59,0,101,70,0,70,171
07/02/2009,CPR,WY,ANM,WE,Combined TRACON& Tower with Radar,5,31,25,10,71,0,1,37,0,38,5,32,62,10,109,46,0,46,155
07/03/2009,CPR,WY,ANM,WE,Combined TRACON& Tower with Radar,2,29,3,2,36,0,1,15,0,16,2,30,18,2,52,0,0,0,52
07/04/2009,CPR,WY,ANM,WE,Combined TRACON& Tower with Radar,2,8,6,0,16,0,0,24,0,24,2,8,30,0,40,40,0,40,80
07/05/2009,CPR,WY,ANM,WE,Combined TRACON& Tower with Radar,1,26,4,0,31,0,0,37,0,37,1,26,41,0,68,16,0,16,84
07/06/2009,CPR,WY,ANM,WE,Combined TRACON& Tower with Radar,1,30,15,2,48,0,0,32,0,32,1,30,47,2,80,10,0,10,90
07/07/2009,CPR,WY,ANM,WE,Combined TRACON& Tower with Radar,3,41,28,0,72,0,4,44,0,48,3,45,72,0,120,20,0,20,140
07/08/2009,CPR,WY,ANM,WE,Combined TRACON& Tower with Radar,4,47,9,8,68,0,0,36,0,36,4,47,45,8,104,20,28,48,152
07/09/2009,CPR,WY,ANM,WE,Combined TRACON& Tower with Radar,5,34,31,5,75,0,0,49,0,49,5,34,80,5,124,50,0,50,174
07/10/2009,CPR,WY,ANM,WE,Combined TRACON& Tower with Radar,5,33,20,0,58,0,2,43,0,45,5,35,63,0,103,40,0,40,143
07/11/2009,CPR,WY,ANM,WE,Combined TRACON& Tower with Radar,2,28,9,0,39,0,0,54,0,54,2,28,63,0,93,36,0,36,129
07/12/2009,CPR,WY,ANM,WE,Combined TRACON& Tower with Radar,0,17,5,0,22,0,0,34,0,34,0,17,39,0,56,62,0,62,118
07/13/2009,CPR,WY,ANM,WE,Combined TRACON& Tower with Radar,1,35,10,0,46,0,0,19,0,19,1,35,29,0,65,44,0,44,109
07/14/2009,CPR,WY,ANM,WE,Combined TRACON& Tower with Radar,3,31,26,4,64,0,0,32,1,33,3,31,58,5,97,36,24,60,157
07/15/2009,CPR,WY,ANM,WE,Combined TRACON& Tower with Radar,4,36,17,0,57,0,0,52,0,52,4,36,69,0,109,33,0,33,142
07/16/2009,CPR,WY,ANM,WE,Combined TRACON& Tower with Radar,4,35,14,0,53,0,0,39,0,39,4,35,53,0,92,22,0,22,114
07/17/2009,CPR,WY,ANM,WE,Combined TRACON& Tower with Radar,6,30,9,2,47,0,0,47,4,51,6,30,56,6,98,80,0,80,178
07/18/2009,CPR,WY,ANM,WE,Combined TRACON& Tower with Radar,2,27,17,0,46,0,0,54,0,54,2,27,71,0,100,32,0,32,132
07/19/2009,CPR,WY,ANM,WE,Combined TRACON& Tower with Radar,0,20,10,0,30,0,0,33,0,33,0,20,43,0,63,20,0,20,83
07/20/2009,CPR,WY,ANM,WE,Combined TRACON& Tower with Radar,1,34,15,2,52,0,2,32,0,34,1,36,47,2,86,30,0,30,116
07/21/2009,CPR,WY,ANM,WE,Combined TRACON& Tower with Radar,3,36,20,2,61,0,1,44,0,45,3,37,64,2,106,38,10,48,154
07/22/2009,CPR,WY,ANM,WE,Combined TRACON& Tower with Radar,4,34,19,0,57,0,1,33,0,34,4,35,52,0,91,18,0,18,109
07/23/2009,CPR,WY,ANM,WE,Combined TRACON& Tower with Radar,4,34,25,0,63,0,0,48,0,48,4,34,73,0,111,18,0,18,129
07/24/2009,CPR,WY,ANM,WE,Combined TRACON& Tower with Radar,5,43,6,0,54,0,1,59,0,60,5,44,65,0,114,42,0,42,156
07/25/2009,CPR,WY,ANM,WE,Combined TRACON& Tower with Radar,2,31,4,0,37,0,0,35,0,35,2,31,39,0,72,16,0,16,88
07/26/2009,CPR,WY,ANM,WE,Combined TRACON& Tower with Radar,1,17,10,0,28,0,0,28,0,28,1,17,38,0,56,0,0,0,56
07/27/2009,CPR,WY,ANM,WE,Combined TRACON& Tower with Radar,1,45,13,0,59,0,1,29,0,30,1,46,42,0,89,0,0,0,89
07/28/2009,CPR,WY,ANM,WE,Combined TRACON& Tower with Radar,3,35,30,0,68,0,1,28,1,30,3,36,58,1,98,30,0,30,128
07/29/2009,CPR,WY,ANM,WE,Combined TRACON& Tower with Radar,3,42,26,0,71,0,0,15,0,15,3,42,41,0,86,0,0,0,86
07/30/2009,CPR,WY,ANM,WE,Combined TRACON& Tower with Radar,6,40,24,2,72,0,8,36,0,44,6,48,60,2,116,38,8,46,162
07/31/2009,CPR,WY,ANM,WE,Combined TRACON& Tower with Radar,4,34,14,0,52,0,1,46,0,47,4,35,60,0,99,14,0,14,113
08/01/2009,CPR,WY,ANM,WE,Combined TRACON& Tower with Radar,2,29,15,0,46,0,0,50,0,50,2,29,65,0,96,22,0,22,118
08/02/2009,CPR,WY,ANM,WE,Combined TRACON& Tower with Radar,1,22,14,0,37,0,0,21,0,21,1,22,35,0,58,32,0,32,90
08/03/2009,CPR,WY,ANM,WE,Combined TRACON& Tower with Radar,1,26,24,0,51,0,0,31,0,31,1,26,55,0,82,28,0,28,110
08/04/2009,CPR,WY,ANM,WE,Combined TRACON& Tower with Radar,3,37,23,0,63,0,5,62,0,67,3,42,85,0,130,22,0,22,152
08/05/2009,CPR,WY,ANM,WE,Combined TRACON& Tower with Radar,4,32,11,0,47,0,2,51,2,55,4,34,62,2,102,64,0,64,166
08/06/2009,CPR,WY,ANM,WE,Combined TRACON& Tower with Radar,4,36,28,0,68,0,1,49,2,52,4,37,77,2,120,86,0,86,206
08/07/2009,CPR,WY,ANM,WE,Combined TRACON& Tower with Radar,7,35,10,0,52,0,0,57,0,57,7,35,67,0,109,36,0,36,145
08/08/2009,CPR,WY,ANM,WE,Combined TRACON& Tower with Radar,2,27,7,0,36,0,0,29,0,29,2,27,36,0,65,28,0,28,93
08/09/2009,CPR,WY,ANM,WE,Combined TRACON& Tower with Radar,0,19,4,0,23,0,0,20,0,20,0,19,24,0,43,18,0,18,61
08/10/2009,CPR,WY,ANM,WE,Combined TRACON& Tower with Radar,4,35,19,2,60,0,0,52,0,52,4,35,71,2,112,12,0,12,124
08/11/2009,CPR,WY,ANM,WE,Combined TRACON& Tower with Radar,3,30,25,4,62,0,2,33,0,35,3,32,58,4,97,62,6,68,165
08/12/2009,CPR,WY,ANM,WE,Combined TRACON& Tower with Radar,5,30,20,0,55,0,0,61,2,63,5,30,81,2,118,78,12,90,208
08/13/2009,CPR,WY,ANM,WE,Combined TRACON& Tower with Radar,3,33,10,2,48,0,0,0,0,0,3,33,10,2,48,58,0,58,106
08/14/2009,CPR,WY,ANM,WE,Combined TRACON& Tower with Radar,1,31,12,0,44,0,3,36,0,39,1,34,48,0,83,44,0,44,127
08/15/2009,CPR,WY,ANM,WE,Combined TRACON& Tower with Radar,2,22,4,0,28,0,4,5,0,9,2,26,9,0,37,26,0,26,63
08/16/2009,CPR,WY,ANM,WE,Combined TRACON& Tower with Radar,1,17,9,0,27,0,0,31,0,31,1,17,40,0,58,12,0,12,70
08/17/2009,CPR,WY,ANM,WE,Combined TRACON& Tower with Radar,1,27,21,2,51,0,0,62,0,62,1,27,83,2,113,66,16,82,195
08/18/2009,CPR,WY,ANM,WE,Combined TRACON& Tower with Radar,3,32,29,2,66,0,0,50,0,50,3,32,79,2,116,74,0,74,190
08/19/2009,CPR,WY,ANM,WE,Combined TRACON& Tower with Radar,5,37,31,0,73,0,0,36,2,38,5,37,67,2,111,38,0,38,149
08/20/2009,CPR,WY,ANM,WE,Combined TRACON& Tower with Radar,4,32,26,5,67,0,0,48,6,54,4,32,74,11,121,36,20,56,177
08/21/2009,CPR,WY,ANM,WE,Combined TRACON& Tower with Radar,4,28,40,0,72,0,0,60,0,60,4,28,100,0,132,52,0,52,184
08/22/2009,CPR,WY,ANM,WE,Combined TRACON& Tower with Radar,3,22,8,0,33,0,0,35,12,47,3,22,43,12,80,32,0,32,112
08/23/2009,CPR,WY,ANM,WE,Combined TRACON& Tower with Radar,0,17,7,1,25,0,0,25,2,27,0,17,32,3,52,16,0,16,68
08/24/2009,CPR,WY,ANM,WE,Combined TRACON& Tower with Radar,1,29,22,0,52,0,0,29,1,30,1,29,51,1,82,16,0,16,98
08/25/2009,CPR,WY,ANM,WE,Combined TRACON& Tower with Radar,2,32,21,0,55,0,1,33,0,34,2,33,54,0,89,72,0,72,161
08/26/2009,CPR,WY,ANM,WE,Combined TRACON& Tower with Radar,5,33,7,0,45,0,0,36,0,36,5,33,43,0,81,6,0,6,87
08/27/2009,CPR,WY,ANM,WE,Combined TRACON& Tower with Radar,5,30,17,0,52,0,0,61,0,61,5,30,78,0,113,30,0,30,143
08/28/2009,CPR,WY,ANM,WE,Combined TRACON& Tower with Radar,3,33,10,0,46,0,0,45,3,48,3,33,55,3,94,14,0,14,108
08/29/2009,CPR,WY,ANM,WE,Combined TRACON& Tower with Radar,2,21,4,0,27,0,0,33,1,34,2,21,37,1,61,32,0,32,93
08/30/2009,CPR,WY,ANM,WE,Combined TRACON& Tower with Radar,1,17,8,0,26,0,0,12,0,12,1,17,20,0,38,4,0,4,42
08/31/2009,CPR,WY,ANM,WE,Combined TRACON& Tower with Radar,3,29,18,0,50,0,1,30,0,31,3,30,48,0,81,0,0,0,81
09/01/2009,CPR,WY,ANM,WE,Combined TRACON& Tower with Radar,4,37,13,0,54,0,0,32,0,32,4,37,45,0,86,28,0,28,114
09/02/2009,CPR,WY,ANM,WE,Combined TRACON& Tower with Radar,3,36,23,2,64,0,0,37,0,37,3,36,60,2,101,42,0,42,143
09/03/2009,CPR,WY,ANM,WE,Combined TRACON& Tower with Radar,5,36,32,3,76,0,0,65,2,67,5,36,97,5,143,68,10,78,221
09/04/2009,CPR,WY,ANM,WE,Combined TRACON& Tower with Radar,4,31,13,0,48,0,0,38,0,38,4,31,51,0,86,48,0,48,134
09/05/2009,CPR,WY,ANM,WE,Combined TRACON& Tower with Radar,2,22,2,0,26,0,0,20,0,20,2,22,22,0,46,18,0,18,64
09/06/2009,CPR,WY,ANM,WE,Combined TRACON& Tower with Radar,1,11,5,0,17,0,0,14,0,14,1,11,19,0,31,8,0,8,39
09/07/2009,CPR,WY,ANM,WE,Combined TRACON& Tower with Radar,0,20,2,0,22,0,0,0,0,0,0,20,2,0,22,20,0,20,42
09/08/2009,CPR,WY,ANM,WE,Combined TRACON& Tower with Radar,1,32,12,0,45,0,0,26,0,26,1,32,38,0,71,26,0,26,97
09/09/2009,CPR,WY,ANM,WE,Combined TRACON& Tower with Radar,4,34,11,0,49,0,0,47,0,47,4,34,58,0,96,64,0,64,160
09/10/2009,CPR,WY,ANM,WE,Combined TRACON& Tower with Radar,5,37,25,0,67,0,0,37,0,37,5,37,62,0,104,48,0,48,152
09/11/2009,CPR,WY,ANM,WE,Combined TRACON& Tower with Radar,4,30,25,0,59,0,0,39,0,39,4,30,64,0,98,4,0,4,102
09/12/2009,CPR,WY,ANM,WE,Combined TRACON& Tower with Radar,2,22,22,0,46,0,0,11,0,11,2,22,33,0,57,10,0,10,67
09/13/2009,CPR,WY,ANM,WE,Combined TRACON& Tower with Radar,1,18,7,0,26,0,0,20,0,20,1,18,27,0,46,14,0,14,60
09/14/2009,CPR,WY,ANM,WE,Combined TRACON& Tower with Radar,1,28,7,0,36,0,1,18,3,22,1,29,25,3,58,18,0,18,76
09/15/2009,CPR,WY,ANM,WE,Combined TRACON& Tower with Radar,3,38,13,0,54,0,0,23,0,23,3,38,36,0,77,0,0,0,77
09/16/2009,CPR,WY,ANM,WE,Combined TRACON& Tower with Radar,3,37,24,0,64,0,1,37,0,38,3,38,61,0,102,52,0,52,154
09/17/2009,CPR,WY,ANM,WE,Combined TRACON& Tower with Radar,4,33,35,0,72,0,0,54,0,54,4,33,89,0,126,26,0,26,152
09/18/2009,CPR,WY,ANM,WE,Combined TRACON& Tower with Radar,8,33,16,3,60,2,0,46,2,50,10,33,62,5,110,24,36,60,170
09/19/2009,CPR,WY,ANM,WE,Combined TRACON& Tower with Radar,2,18,8,0,28,0,0,28,0,28,2,18,36,0,56,42,0,42,98
09/20/2009,CPR,WY,ANM,WE,Combined TRACON& Tower with Radar,0,14,6,0,20,0,0,10,0,10,0,14,16,0,30,6,0,6,36
09/21/2009,CPR,WY,ANM,WE,Combined TRACON& Tower with Radar,2,29,22,0,53,0,2,19,0,21,2,31,41,0,74,0,0,0,74
09/22/2009,CPR,WY,ANM,WE,Combined TRACON& Tower with Radar,8,34,9,0,51,0,2,26,2,30,8,36,35,2,81,20,4,24,105
09/23/2009,CPR,WY,ANM,WE,Combined TRACON& Tower with Radar,5,43,20,0,68,0,0,60,0,60,5,43,80,0,128,26,0,26,154
09/24/2009,CPR,WY,ANM,WE,Combined TRACON& Tower with Radar,4,40,24,0,68,0,2,48,2,52,4,42,72,2,120,14,0,14,134
09/25/2009,CPR,WY,ANM,WE,Combined TRACON& Tower with Radar,6,29,15,0,50,0,0,53,0,53,6,29,68,0,103,58,0,58,161
09/26/2009,CPR,WY,ANM,WE,Combined TRACON& Tower with Radar,3,21,6,0,30,0,0,32,0,32,3,21,38,0,62,40,0,40,102
09/27/2009,CPR,WY,ANM,WE,Combined TRACON& Tower with Radar,1,13,4,0,18,0,0,32,0,32,1,13,36,0,50,30,0,30,80
09/28/2009,CPR,WY,ANM,WE,Combined TRACON& Tower with Radar,1,27,14,0,42,0,0,44,0,44,1,27,58,0,86,12,0,12,98
09/29/2009,CPR,WY,ANM,WE,Combined TRACON& Tower with Radar,3,29,13,4,49,0,0,44,0,44,3,29,57,4,93,88,4,92,185
09/30/2009,CPR,WY,ANM,WE,Combined TRACON& Tower with Radar,4,31,12,0,47,0,0,18,0,18,4,31,30,0,65,26,0,26,91
10/01/2009,CPR,WY,ANM,WE,Combined TRACON& Tower with Radar,5,33,18,0,56,0,3,6,0,9,5,36,24,0,65,24,0,24,89
10/02/2009,CPR,WY,ANM,WE,Combined TRACON& Tower with Radar,3,30,3,11,47,0,1,45,0,46,3,31,48,11,93,52,0,52,145
10/03/2009,CPR,WY,ANM,WE,Combined TRACON& Tower with Radar,4,19,4,0,27,0,0,36,0,36,4,19,40,0,63,32,0,32,95
10/04/2009,CPR,WY,ANM,WE,Combined TRACON& Tower with Radar,1,18,5,0,24,0,0,7,0,7,1,18,12,0,31,0,0,0,31
10/05/2009,CPR,WY,ANM,WE,Combined TRACON& Tower with Radar,2,28,14,2,46,0,0,6,0,6,2,28,20,2,52,0,0,0,52
10/06/2009,CPR,WY,ANM,WE,Combined TRACON& Tower with Radar,3,32,12,0,47,0,2,28,0,30,3,34,40,0,77,30,0,30,107
10/07/2009,CPR,WY,ANM,WE,Combined TRACON& Tower with Radar,2,38,31,3,74,0,0,40,0,40,2,38,71,3,114,24,0,24,138
10/08/2009,CPR,WY,ANM,WE,Combined TRACON& Tower with Radar,4,36,18,6,64,0,1,3,0,4,4,37,21,6,68,6,0,6,74
10/09/2009,CPR,WY,ANM,WE,Combined TRACON& Tower with Radar,5,32,27,0,64,0,4,0,0,4,5,36,27,0,68,0,0,0,68
10/10/2009,CPR,WY,ANM,WE,Combined TRACON& Tower with Radar,1,26,6,2,35,0,1,9,0,10,1,27,15,2,45,0,0,0,45
10/11/2009,CPR,WY,ANM,WE,Combined TRACON& Tower with Radar,2,15,3,0,20,0,0,0,0,0,2,15,3,0,20,0,0,0,20
10/12/2009,CPR,WY,ANM,WE,Combined TRACON& Tower with Radar,2,38,13,2,55,0,0,1,0,1,2,38,14,2,56,0,0,0,56
10/13/2009,CPR,WY,ANM,WE,Combined TRACON& Tower with Radar,4,32,33,2,71,0,1,15,0,16,4,33,48,2,87,44,0,44,131
10/14/2009,CPR,WY,ANM,WE,Combined TRACON& Tower with Radar,7,34,24,0,65,0,1,18,0,19,7,35,42,0,84,4,0,4,88
10/15/2009,CPR,WY,ANM,WE,Combined TRACON& Tower with Radar,8,29,20,0,57,0,0,40,0,40,8,29,60,0,97,14,0,14,111
10/16/2009,CPR,WY,ANM,WE,Combined TRACON& Tower with Radar,4,31,13,2,50,0,2,38,1,41,4,33,51,3,91,48,14,62,153
10/17/2009,CPR,WY,ANM,WE,Combined TRACON& Tower with Radar,2,22,7,0,31,0,0,46,0,46,2,22,53,0,77,62,0,62,139
10/18/2009,CPR,WY,ANM,WE,Combined TRACON& Tower with Radar,1,16,12,0,29,0,0,36,0,36,1,16,48,0,65,28,0,28,93
10/19/2009,CPR,WY,ANM,WE,Combined TRACON& Tower with Radar,1,31,15,0,47,0,1,24,0,25,1,32,39,0,72,28,0,28,100
10/20/2009,CPR,WY,ANM,WE,Combined TRACON& Tower with Radar,6,35,12,0,53,0,0,0,0,0,6,35,12,0,53,0,0,0,53
10/21/2009,CPR,WY,ANM,WE,Combined TRACON& Tower with Radar,5,28,27,2,62,0,0,18,2,20,5,28,45,4,82,40,0,40,122
10/22/2009,CPR,WY,ANM,WE,Combined TRACON& Tower with Radar,4,32,39,2,77,0,0,39,0,39,4,32,78,2,116,56,0,56,172
10/23/2009,CPR,WY,ANM,WE,Combined TRACON& Tower with Radar,5,43,15,0,63,0,0,44,0,44,5,43,59,0,107,90,0,90,197
10/24/2009,CPR,WY,ANM,WE,Combined TRACON& Tower with Radar,4,27,17,0,48,0,0,11,0,11,4,27,28,0,59,30,0,30,89
10/25/2009,CPR,WY,ANM,WE,Combined TRACON& Tower with Radar,2,13,21,0,36,0,0,0,0,0,2,13,21,0,36,0,0,0,36
10/26/2009,CPR,WY,ANM,WE,Combined TRACON& Tower with Radar,1,25,12,0,38,0,1,10,6,17,1,26,22,6,55,14,0,14,69
10/27/2009,CPR,WY,ANM,WE,Combined TRACON& Tower with Radar,3,36,18,0,57,0,1,4,0,5,3,37,22,0,62,26,0,26,88
10/28/2009,CPR,WY,ANM,WE,Combined TRACON& Tower with Radar,3,31,10,0,44,0,0,0,0,0,3,31,10,0,44,0,0,0,44
10/29/2009,CPR,WY,ANM,WE,Combined TRACON& Tower with Radar,5,26,6,0,37,0,1,3,0,4,5,27,9,0,41,0,0,0,41
10/30/2009,CPR,WY,ANM,WE,Combined TRACON& Tower with Radar,4,39,10,2,55,0,1,28,0,29,4,40,38,2,84,50,0,50,134
10/31/2009,CPR,WY,ANM,WE,Combined TRACON& Tower with Radar,2,17,9,0,28,0,0,14,0,14,2,17,23,0,42,0,0,0,42
11/01/2009,CPR,WY,ANM,WE,Combined TRACON& Tower with Radar,2,14,3,2,21,0,2,28,0,30,2,16,31,2,51,56,0,56,107
11/02/2009,CPR,WY,ANM,WE,Combined TRACON& Tower with Radar,1,32,9,0,42,0,1,21,0,22,1,33,30,0,64,52,0,52,116
11/03/2009,CPR,WY,ANM,WE,Combined TRACON& Tower with Radar,3,38,19,2,62,0,8,40,0,48,3,46,59,2,110,34,0,34,144
11/04/2009,CPR,WY,ANM,WE,Combined TRACON& Tower with Radar,3,25,23,0,51,0,4,46,0,50,3,29,69,0,101,42,0,42,143
11/05/2009,CPR,WY,ANM,WE,Combined TRACON& Tower with Radar,6,29,21,0,56,0,2,28,0,30,6,31,49,0,86,22,0,22,108
11/06/2009,CPR,WY,ANM,WE,Combined TRACON& Tower with Radar,3,25,11,0,39,0,3,22,1,26,3,28,33,1,65,30,0,30,95
11/07/2009,CPR,WY,ANM,WE,Combined TRACON& Tower with Radar,2,23,4,0,29,0,0,30,2,32,2,23,34,2,61,26,0,26,87
11/08/2009,CPR,WY,ANM,WE,Combined TRACON& Tower with Radar,1,13,8,0,22,0,0,26,0,26,1,13,34,0,48,12,0,12,60
11/09/2009,CPR,WY,ANM,WE,Combined TRACON& Tower with Radar,1,27,22,4,54,0,2,31,0,33,1,29,53,4,87,44,14,58,145
11/10/2009,CPR,WY,ANM,WE,Combined TRACON& Tower with Radar,3,32,16,2,53,0,1,33,0,34,3,33,49,2,87,48,0,48,135
11/11/2009,CPR,WY,ANM,WE,Combined TRACON& Tower with Radar,3,29,16,2,50,0,0,32,0,32,3,29,48,2,82,16,0,16,98
11/12/2009,CPR,WY,ANM,WE,Combined TRACON& Tower with Radar,5,37,15,0,57,0,0,9,0,9,5,37,24,0,66,0,0,0,66
11/13/2009,CPR,WY,ANM,WE,Combined TRACON& Tower with Radar,7,45,14,0,66,0,0,16,0,16,7,45,30,0,82,34,0,34,116
11/14/2009,CPR,WY,ANM,WE,Combined TRACON& Tower with Radar,2,18,3,0,23,0,0,40,0,40,2,18,43,0,63,84,0,84,147
11/15/2009,CPR,WY,ANM,WE,Combined TRACON& Tower with Radar,2,17,9,0,28,0,0,32,0,32,2,17,41,0,60,128,0,128,188
11/16/2009,CPR,WY,ANM,WE,Combined TRACON& Tower with Radar,3,27,21,0,51,0,1,45,0,46,3,28,66,0,97,24,0,24,121
11/17/2009,CPR,WY,ANM,WE,Combined TRACON& Tower with Radar,4,37,18,0,59,0,5,40,0,45,4,42,58,0,104,34,0,34,138
11/18/2009,CPR,WY,ANM,WE,Combined TRACON& Tower with Radar,5,29,18,0,52,0,9,40,0,49,5,38,58,0,101,56,0,56,157
11/19/2009,CPR,WY,ANM,WE,Combined TRACON& Tower with Radar,7,34,24,0,65,0,0,53,0,53,7,34,77,0,118,94,0,94,212
11/20/2009,CPR,WY,ANM,WE,Combined TRACON& Tower with Radar,4,29,20,3,56,0,2,40,0,42,4,31,60,3,98,40,0,40,138
11/21/2009,CPR,WY,ANM,WE,Combined TRACON& Tower with Radar,2,22,9,4,37,0,0,18,3,21,2,22,27,7,58,22,0,22,80
11/22/2009,CPR,WY,ANM,WE,Combined TRACON& Tower with Radar,2,15,2,0,19,0,1,10,0,11,2,16,12,0,30,0,0,0,30
11/23/2009,CPR,WY,ANM,WE,Combined TRACON& Tower with Radar,1,25,14,0,40,0,0,22,0,22,1,25,36,0,62,34,0,34,96
11/24/2009,CPR,WY,ANM,WE,Combined TRACON& Tower with Radar,3,27,25,0,55,0,0,15,0,15,3,27,40,0,70,16,0,16,86
11/25/2009,CPR,WY,ANM,WE,Combined TRACON& Tower with Radar,5,40,8,0,53,0,0,0,0,0,5,40,8,0,53,92,0,92,145
11/26/2009,CPR,WY,ANM,WE,Combined TRACON& Tower with Radar,2,12,2,0,16,0,0,8,0,8,2,12,10,0,24,0,0,0,24
11/27/2009,CPR,WY,ANM,WE,Combined TRACON& Tower with Radar,2,22,2,1,27,0,2,22,1,25,2,24,24,2,52,24,0,24,76
11/28/2009,CPR,WY,ANM,WE,Combined TRACON& Tower with Radar,3,24,1,1,29,0,1,6,0,7,3,25,7,1,36,32,0,32,68
11/29/2009,CPR,WY,ANM,WE,Combined TRACON& Tower with Radar,1,14,8,0,23,0,0,29,0,29,1,14,37,0,52,10,0,10,62
11/30/2009,CPR,WY,ANM,WE,Combined TRACON& Tower with Radar,1,31,21,4,57,0,0,33,0,33,1,31,54,4,90,6,6,12,102
12/01/2009,CPR,WY,ANM,WE,Combined TRACON& Tower with Radar,3,35,11,0,49,0,0,8,0,8,3,35,19,0,57,54,0,54,111
12/02/2009,CPR,WY,ANM,WE,Combined TRACON& Tower with Radar,5,31,19,0,55,0,2,21,0,23,5,33,40,0,78,18,0,18,96
12/03/2009,CPR,WY,ANM,WE,Combined TRACON& Tower with Radar,4,35,29,0,68,0,2,14,0,16,4,37,43,0,84,28,0,28,112
12/04/2009,CPR,WY,ANM,WE,Combined TRACON& Tower with Radar,4,29,19,4,56,0,0,20,0,20,4,29,39,4,76,2,0,2,78
12/05/2009,CPR,WY,ANM,WE,Combined TRACON& Tower with Radar,2,20,8,0,30,0,1,2,0,3,2,21,10,0,33,10,0,10,43
12/06/2009,CPR,WY,ANM,WE,Combined TRACON& Tower with Radar,1,12,18,0,31,0,0,0,0,0,1,12,18,0,31,0,0,0,31
12/07/2009,CPR,WY,ANM,WE,Combined TRACON& Tower with Radar,1,28,12,0,41,0,0,4,0,4,1,28,16,0,45,18,0,18,63
12/08/2009,CPR,WY,ANM,WE,Combined TRACON& Tower with Radar,5,41,12,0,58,0,0,0,0,0,5,41,12,0,58,0,0,0,58
12/09/2009,CPR,WY,ANM,WE,Combined TRACON& Tower with Radar,7,39,12,0,58,0,0,13,0,13,7,39,25,0,71,6,0,6,77
12/10/2009,CPR,WY,ANM,WE,Combined TRACON& Tower with Radar,9,32,18,0,59,0,26,0,0,26,9,58,18,0,85,6,0,6,91
12/11/2009,CPR,WY,ANM,WE,Combined TRACON& Tower with Radar,7,32,16,2,57,0,1,15,0,16,7,33,31,2,73,0,0,0,73
12/12/2009,CPR,WY,ANM,WE,Combined TRACON& Tower with Radar,2,21,5,0,28,0,0,6,0,6,2,21,11,0,34,0,0,0,34
12/13/2009,CPR,WY,ANM,WE,Combined TRACON& Tower with Radar,2,16,7,0,25,0,1,2,0,3,2,17,9,0,28,0,0,0,28
12/14/2009,CPR,WY,ANM,WE,Combined TRACON& Tower with Radar,1,28,14,0,43,0,0,14,0,14,1,28,28,0,57,30,0,30,87
12/15/2009,CPR,WY,ANM,WE,Combined TRACON& Tower with Radar,5,31,18,0,54,0,1,14,0,15,5,32,32,0,69,0,0,0,69
12/16/2009,CPR,WY,ANM,WE,Combined TRACON& Tower with Radar,5,43,21,0,69,0,1,20,0,21,5,44,41,0,90,62,0,62,152
12/17/2009,CPR,WY,ANM,WE,Combined TRACON& Tower with Radar,8,39,25,0,72,0,0,28,0,28,8,39,53,0,100,88,0,88,188
12/18/2009,CPR,WY,ANM,WE,Combined TRACON& Tower with Radar,6,35,10,0,51,0,2,34,0,36,6,37,44,0,87,46,0,46,133
12/19/2009,CPR,WY,ANM,WE,Combined TRACON& Tower with Radar,2,27,17,0,46,0,0,16,1,17,2,27,33,1,63,4,0,4,67
12/20/2009,CPR,WY,ANM,WE,Combined TRACON& Tower with Radar,2,18,3,0,23,0,0,24,2,26,2,18,27,2,49,36,0,36,85
12/21/2009,CPR,WY,ANM,WE,Combined TRACON& Tower with Radar,3,17,19,2,41,0,0,16,0,16,3,17,35,2,57,24,0,24,81
12/22/2009,CPR,WY,ANM,WE,Combined TRACON& Tower with Radar,4,43,19,0,66,0,0,15,2,17,4,43,34,2,83,0,0,0,83
12/23/2009,CPR,WY,ANM,WE,Combined TRACON& Tower with Radar,5,42,3,0,50,0,0,0,0,0,5,42,3,0,50,0,0,0,50
12/24/2009,CPR,WY,ANM,WE,Combined TRACON& Tower with Radar,4,30,6,0,40,0,1,1,0,2,4,31,7,0,42,0,0,0,42
12/25/2009,CPR,WY,ANM,WE,Combined TRACON& Tower with Radar,0,17,1,0,18,0,0,0,0,0,0,17,1,0,18,0,0,0,18
12/26/2009,CPR,WY,ANM,WE,Combined TRACON& Tower with Radar,4,27,1,0,32,0,2,1,0,3,4,29,2,0,35,0,0,0,35
12/27/2009,CPR,WY,ANM,WE,Combined TRACON& Tower with Radar,0,15,5,0,20,0,0,10,0,10,0,15,15,0,30,8,0,8,38
12/28/2009,CPR,WY,ANM,WE,Combined TRACON& Tower with Radar,1,29,12,0,42,0,0,36,0,36,1,29,48,0,78,52,0,52,130
12/29/2009,CPR,WY,ANM,WE,Combined TRACON& Tower with Radar,3,34,16,0,53,0,2,24,0,26,3,36,40,0,79,38,0,38,117
12/30/2009,CPR,WY,ANM,WE,Combined TRACON& Tower with Radar,6,45,9,0,60,0,2,13,0,15,6,47,22,0,75,20,0,20,95
12/31/2009,CPR,WY,ANM,WE,Combined TRACON& Tower with Radar,4,28,14,0,46,1,7,2,0,10,5,35,16,0,56,0,0,0,56
01/01/2010,CPR,WY,ANM,WE,Combined TRACON& Tower with Radar,2,13,5,0,20,0,0,5,0,5,2,13,10,0,25,0,0,0,25
01/02/2010,CPR,WY,ANM,WE,Combined TRACON& Tower with Radar,2,25,4,0,31,0,0,8,0,8,2,25,12,0,39,18,0,18,57
01/03/2010,CPR,WY,ANM,WE,Combined TRACON& Tower with Radar,2,17,14,0,33,0,0,15,0,15,2,17,29,0,48,16,0,16,64
01/04/2010,CPR,WY,ANM,WE,Combined TRACON& Tower with Radar,4,29,16,0,49,0,1,30,0,31,4,30,46,0,80,60,0,60,140
01/05/2010,CPR,WY,ANM,WE,Combined TRACON& Tower with Radar,4,30,8,0,42,0,2,21,0,23,4,32,29,0,65,22,0,22,87
01/06/2010,CPR,WY,ANM,WE,Combined TRACON& Tower with Radar,4,31,10,6,51,0,1,0,0,1,4,32,10,6,52,0,0,0,52
01/07/2010,CPR,WY,ANM,WE,Combined TRACON& Tower with Radar,6,29,31,0,66,0,1,21,0,22,6,30,52,0,88,8,0,8,96
01/08/2010,CPR,WY,ANM,WE,Combined TRACON& Tower with Radar,4,31,5,0,40,0,0,15,0,15,4,31,20,0,55,0,0,0,55
01/09/2010,CPR,WY,ANM,WE,Combined TRACON& Tower with Radar,2,23,13,0,38,0,0,20,0,20,2,23,33,0,58,6,10,16,74
01/10/2010,CPR,WY,ANM,WE,Combined TRACON& Tower with Radar,2,12,9,0,23,0,0,49,0,49,2,12,58,0,72,70,0,70,142
01/11/2010,CPR,WY,ANM,WE,Combined TRACON& Tower with Radar,2,27,12,2,43,0,0,21,0,21,2,27,33,2,64,12,0,12,76
01/12/2010,CPR,WY,ANM,WE,Combined TRACON& Tower with Radar,4,29,22,0,55,0,1,8,0,9,4,30,30,0,64,0,0,0,64
01/13/2010,CPR,WY,ANM,WE,Combined TRACON& Tower with Radar,4,33,16,0,53,0,0,25,10,35,4,33,41,10,88,26,0,26,114
01/14/2010,CPR,WY,ANM,WE,Combined TRACON& Tower with Radar,3,34,23,6,66,0,1,30,0,31,3,35,53,6,97,68,18,86,183
01/15/2010,CPR,WY,ANM,WE,Combined TRACON& Tower with Radar,4,31,12,10,57,0,2,32,0,34,4,33,44,10,91,6,0,6,97
01/16/2010,CPR,WY,ANM,WE,Combined TRACON& Tower with Radar,2,20,19,0,41,0,0,27,1,28,2,20,46,1,69,32,0,32,101
01/17/2010,CPR,WY,ANM,WE,Combined TRACON& Tower with Radar,2,8,8,0,18,0,0,38,0,38,2,8,46,0,56,56,0,56,112
01/18/2010,CPR,WY,ANM,WE,Combined TRACON& Tower with Radar,1,26,16,0,43,0,0,23,0,23,1,26,39,0,66,6,0,6,72
01/19/2010,CPR,WY,ANM,WE,Combined TRACON& Tower with Radar,4,32,14,0,50,0,0,12,0,12,4,32,26,0,62,8,0,8,70
01/20/2010,CPR,WY,ANM,WE,Combined TRACON& Tower with Radar,5,37,21,0,63,0,2,32,0,34,5,39,53,0,97,26,0,26,123
01/21/2010,CPR,WY,ANM,WE,Combined TRACON& Tower with Radar,7,37,16,0,60,0,0,10,0,10,7,37,26,0,70,0,0,0,70
01/22/2010,CPR,WY,ANM,WE,Combined TRACON& Tower with Radar,5,37,14,0,56,0,0,5,0,5,5,37,19,0,61,0,0,0,61
01/23/2010,CPR,WY,ANM,WE,Combined TRACON& Tower with Radar,2,20,7,0,29,0,2,3,0,5,2,22,10,0,34,20,0,20,54
01/24/2010,CPR,WY,ANM,WE,Combined TRACON& Tower with Radar,2,10,21,0,33,0,1,21,0,22,2,11,42,0,55,22,0,22,77
01/25/2010,CPR,WY,ANM,WE,Combined TRACON& Tower with Radar,3,38,16,0,57,0,5,23,0,28,3,43,39,0,85,54,0,54,139
01/26/2010,CPR,WY,ANM,WE,Combined TRACON& Tower with Radar,4,31,13,0,48,0,1,33,0,34,4,32,46,0,82,36,0,36,118
01/27/2010,CPR,WY,ANM,WE,Combined TRACON& Tower with Radar,3,33,25,0,61,0,0,2,0,2,3,33,27,0,63,4,0,4,67
01/28/2010,CPR,WY,ANM,WE,Combined TRACON& Tower with Radar,6,33,22,12,73,0,1,49,0,50,6,34,71,12,123,60,16,76,199
01/29/2010,CPR,WY,ANM,WE,Combined TRACON& Tower with Radar,8,32,10,0,50,0,2,39,1,42,8,34,49,1,92,36,0,36,128
01/30/2010,CPR,WY,ANM,WE,Combined TRACON& Tower with Radar,2,19,12,0,33,0,0,36,3,39,2,19,48,3,72,72,6,78,150
01/31/2010,CPR,WY,ANM,WE,Combined TRACON& Tower with Radar,1,13,4,0,18,0,0,17,0,17,1,13,21,0,35,18,0,18,53
02/01/2010,CPR,WY,ANM,WE,Combined TRACON& Tower with Radar,4,27,24,1,56,0,0,10,0,10,4,27,34,1,66,36,0,36,102
02/02/2010,CPR,WY,ANM,WE,Combined TRACON& Tower with Radar,4,29,23,0,56,0,0,23,0,23,4,29,46,0,79,14,0,14,93
02/03/2010,CPR,WY,ANM,WE,Combined TRACON& Tower with Radar,4,29,22,0,55,0,0,47,0,47,4,29,69,0,102,62,0,62,164
02/04/2010,CPR,WY,ANM,WE,Combined TRACON& Tower with Radar,6,34,20,0,60,0,0,8,0,8,6,34,28,0,68,32,0,32,100
02/05/2010,CPR,WY,ANM,WE,Combined TRACON& Tower with Radar,6,34,17,1,58,0,0,32,0,32,6,34,49,1,90,38,2,40,130
02/06/2010,CPR,WY,ANM,WE,Combined TRACON& Tower with Radar,2,20,14,1,37,0,0,14,0,14,2,20,28,1,51,26,0,26,77
02/07/2010,CPR,WY,ANM,WE,Combined TRACON& Tower with Radar,2,18,1,0,21,0,0,2,0,2,2,18,3,0,23,6,0,6,29
02/08/2010,CPR,WY,ANM,WE,Combined TRACON& Tower with Radar,4,31,9,0,44,0,0,21,0,21,4,31,30,0,65,56,0,56,121
02/09/2010,CPR,WY,ANM,WE,Combined TRACON& Tower with Radar,4,35,29,0,68,0,2,34,0,36,4,37,63,0,104,36,0,36,140
02/10/2010,CPR,WY,ANM,WE,Combined TRACON& Tower with Radar,4,31,24,1,60,0,0,33,0,33,4,31,57,1,93,12,0,12,105
02/11/2010,CPR,WY,ANM,WE,Combined TRACON& Tower with Radar,4,33,26,1,64,0,0,24,1,25,4,33,50,2,89,34,0,34,123
02/12/2010,CPR,WY,ANM,WE,Combined TRACON& Tower with Radar,9,47,24,3,83,0,2,23,0,25,9,49,47,3,108,16,0,16,124
02/13/2010,CPR,WY,ANM,WE,Combined TRACON& Tower with Radar,4,28,22,0,54,0,1,12,0,13,4,29,34,0,67,17,0,17,84
02/14/2010,CPR,WY,ANM,WE,Combined TRACON& Tower with Radar,0,13,15,2,30,0,1,27,0,28,0,14,42,2,58,62,0,62,120
02/15/2010,CPR,WY,ANM,WE,Combined TRACON& Tower with Radar,4,30,14,0,48,0,0,39,0,39,4,30,53,0,87,30,0,30,117
02/16/2010,CPR,WY,ANM,WE,Combined TRACON& Tower with Radar,6,31,20,0,57,0,0,23,0,23,6,31,43,0,80,0,0,0,80
02/17/2010,CPR,WY,ANM,WE,Combined TRACON& Tower with Radar,4,29,25,0,58,0,0,14,0,14,4,29,39,0,72,46,0,46,118
02/18/2010,CPR,WY,ANM,WE,Combined TRACON& Tower with Radar,4,45,23,0,72,0,0,0,0,0,4,45,23,0,72,0,0,0,72
02/19/2010,CPR,WY,ANM,WE,Combined TRACON& Tower with Radar,7,31,13,0,51,0,0,9,0,9,7,31,22,0,60,0,0,0,60
02/20/2010,CPR,WY,ANM,WE,Combined TRACON& Tower with Radar,2,20,8,0,30,0,0,0,0,0,2,20,8,0,30,0,0,0,30
02/21/2010,CPR,WY,ANM,WE,Combined TRACON& Tower with Radar,0,14,12,0,26,0,1,12,0,13,0,15,24,0,39,54,0,54,93
02/22/2010,CPR,WY,ANM,WE,Combined TRACON& Tower with Radar,4,32,14,0,50,0,0,20,0,20,4,32,34,0,70,20,0,20,90
02/23/2010,CPR,WY,ANM,WE,Combined TRACON& Tower with Radar,3,31,16,0,50,0,2,21,0,23,3,33,37,0,73,28,0,28,101
02/24/2010,CPR,WY,ANM,WE,Combined TRACON& Tower with Radar,4,33,16,0,53,0,0,17,0,17,4,33,33,0,70,28,0,28,98
02/25/2010,CPR,WY,ANM,WE,Combined TRACON& Tower with Radar,5,34,8,0,47,0,0,2,0,2,5,34,10,0,49,10,0,10,59
02/26/2010,CPR,WY,ANM,WE,Combined TRACON& Tower with Radar,3,35,14,1,53,0,0,51,2,53,3,35,65,3,106,68,2,70,176
02/27/2010,CPR,WY,ANM,WE,Combined TRACON& Tower with Radar,2,18,9,0,29,0,0,30,1,31,2,18,39,1,60,10,0,10,70
02/28/2010,CPR,WY,ANM,WE,Combined TRACON& Tower with Radar,3,16,14,0,33,0,0,19,0,19,3,16,33,0,52,44,0,44,96
03/01/2010,CPR,WY,ANM,WE,Combined TRACON& Tower with Radar,1,28,17,0,46,0,0,31,0,31,1,28,48,0,77,28,0,28,105
03/02/2010,CPR,WY,ANM,WE,Combined TRACON& Tower with Radar,3,33,23,0,59,0,0,41,0,41,3,33,64,0,100,30,0,30,130
03/03/2010,CPR,WY,ANM,WE,Combined TRACON& Tower with Radar,3,37,12,0,52,0,0,43,1,44,3,37,55,1,96,72,0,72,168
03/04/2010,CPR,WY,ANM,WE,Combined TRACON& Tower with Radar,6,39,33,0,78,0,2,33,0,35,6,41,66,0,113,15,0,15,128
03/05/2010,CPR,WY,ANM,WE,Combined TRACON& Tower with Radar,3,37,5,2,47,0,0,0,0,0,3,37,5,2,47,0,0,0,47
03/06/2010,CPR,WY,ANM,WE,Combined TRACON& Tower with Radar,1,24,14,0,39,0,2,12,0,14,1,26,26,0,53,44,0,44,97
03/07/2010,CPR,WY,ANM,WE,Combined TRACON& Tower with Radar,6,8,18,0,32,0,0,17,0,17,6,8,35,0,49,32,0,32,81
03/08/2010,CPR,WY,ANM,WE,Combined TRACON& Tower with Radar,5,27,23,0,55,0,0,29,1,30,5,27,52,1,85,56,0,56,141
03/09/2010,CPR,WY,ANM,WE,Combined TRACON& Tower with Radar,3,39,29,4,75,0,1,26,0,27,3,40,55,4,102,0,6,6,108
03/10/2010,CPR,WY,ANM,WE,Combined TRACON& Tower with Radar,3,33,21,2,59,0,1,0,3,4,3,34,21,5,63,0,0,0,63
03/11/2010,CPR,WY,ANM,WE,Combined TRACON& Tower with Radar,6,28,16,0,50,0,4,21,0,25,6,32,37,0,75,64,0,64,139
03/12/2010,CPR,WY,ANM,WE,Combined TRACON& Tower with Radar,5,33,10,0,48,0,2,58,0,60,5,35,68,0,108,36,0,36,144
03/13/2010,CPR,WY,ANM,WE,Combined TRACON& Tower with Radar,2,20,6,0,28,0,0,39,0,39,2,20,45,0,67,56,0,56,123
03/14/2010,CPR,WY,ANM,WE,Combined TRACON& Tower with Radar,2,23,6,0,31,0,0,3,0,3,2,23,9,0,34,18,0,18,52
03/15/2010,CPR,WY,ANM,WE,Combined TRACON& Tower with Radar,1,36,10,0,47,0,2,25,0,27,1,38,35,0,74,20,0,20,94
03/16/2010,CPR,WY,ANM,WE,Combined TRACON& Tower with Radar,2,37,20,0,59,0,0,43,0,43,2,37,63,0,102,52,0,52,154
03/17/2010,CPR,WY,ANM,WE,Combined TRACON& Tower with Radar,1,34,19,0,54,0,0,49,0,49,1,34,68,0,103,23,0,23,126
03/18/2010,CPR,WY,ANM,WE,Combined TRACON& Tower with Radar,5,28,15,0,48,0,1,6,0,7,5,29,21,0,55,14,0,14,69
03/19/2010,CPR,WY,ANM,WE,Combined TRACON& Tower with Radar,3,38,3,0,44,0,1,1,0,2,3,39,4,0,46,0,0,0,46
03/20/2010,CPR,WY,ANM,WE,Combined TRACON& Tower with Radar,2,17,8,0,27,0,0,20,0,20,2,17,28,0,47,24,0,24,71
03/21/2010,CPR,WY,ANM,WE,Combined TRACON& Tower with Radar,2,17,15,0,34,0,0,30,0,30,2,17,45,0,64,40,0,40,104
03/22/2010,CPR,WY,ANM,WE,Combined TRACON& Tower with Radar,2,25,13,0,40,0,1,14,0,15,2,26,27,0,55,18,0,18,73
03/23/2010,CPR,WY,ANM,WE,Combined TRACON& Tower with Radar,4,34,11,5,54,0,1,0,0,1,4,35,11,5,55,0,0,0,55
03/24/2010,CPR,WY,ANM,WE,Combined TRACON& Tower with Radar,3,31,27,0,61,0,7,37,0,44,3,38,64,0,105,31,0,31,136
03/25/2010,CPR,WY,ANM,WE,Combined TRACON& Tower with Radar,6,29,22,0,57,0,0,31,0,31,6,29,53,0,88,6,0,6,94
03/26/2010,CPR,WY,ANM,WE,Combined TRACON& Tower with Radar,3,30,21,0,54,0,4,18,0,22,3,34,39,0,76,24,0,24,100
03/27/2010,CPR,WY,ANM,WE,Combined TRACON& Tower with Radar,4,20,5,4,33,0,2,17,0,19,4,22,22,4,52,74,0,74,126
03/28/2010,CPR,WY,ANM,WE,Combined TRACON& Tower with Radar,2,11,5,1,19,0,0,29,5,34,2,11,34,6,53,24,0,24,77
03/29/2010,CPR,WY,ANM,WE,Combined TRACON& Tower with Radar,1,34,8,0,43,0,0,15,0,15,1,34,23,0,58,0,0,0,58
03/30/2010,CPR,WY,ANM,WE,Combined TRACON& Tower with Radar,3,34,19,2,58,0,0,6,0,6,3,34,25,2,64,0,0,0,64
03/31/2010,CPR,WY,ANM,WE,Combined TRACON& Tower with Radar,3,31,17,0,51,0,0,14,0,14,3,31,31,0,65,68,0,68,133
04/01/2010,CPR,WY,ANM,WE,Combined TRACON& Tower with Radar,10,43,23,0,76,0,0,0,0,0,10,43,23,0,76,0,0,0,76
04/02/2010,CPR,WY,ANM,WE,Combined TRACON& Tower with Radar,4,28,22,3,57,0,0,21,0,21,4,28,43,3,78,20,10,30,108
04/03/2010,CPR,WY,ANM,WE,Combined TRACON& Tower with Radar,4,14,1,0,19,0,2,2,0,4,4,16,3,0,23,24,0,24,47
04/04/2010,CPR,WY,ANM,WE,Combined TRACON& Tower with Radar,2,18,3,0,23,0,0,4,0,4,2,18,7,0,27,0,0,0,27
04/05/2010,CPR,WY,ANM,WE,Combined TRACON& Tower with Radar,2,37,19,0,58,0,2,13,0,15,2,39,32,0,73,16,0,16,89
04/06/2010,CPR,WY,ANM,WE,Combined TRACON& Tower with Radar,5,30,8,2,45,0,1,0,0,1,5,31,8,2,46,0,0,0,46
04/07/2010,CPR,WY,ANM,WE,Combined TRACON& Tower with Radar,3,38,30,0,71,0,1,28,0,29,3,39,58,0,100,12,0,12,112
04/08/2010,CPR,WY,ANM,WE,Combined TRACON& Tower with Radar,5,33,15,0,53,0,3,32,0,35,5,36,47,0,88,30,0,30,118
04/09/2010,CPR,WY,ANM,WE,Combined TRACON& Tower with Radar,4,38,9,0,51,0,0,23,0,23,4,38,32,0,74,0,0,0,74
04/10/2010,CPR,WY,ANM,WE,Combined TRACON& Tower with Radar,2,21,8,1,32,0,2,23,0,25,2,23,31,1,57,76,0,76,133
04/11/2010,CPR,WY,ANM,WE,Combined TRACON& Tower with Radar,1,20,16,0,37,0,0,42,0,42,1,20,58,0,79,100,0,100,179
04/12/2010,CPR,WY,ANM,WE,Combined TRACON& Tower with Radar,2,26,18,0,46,0,0,36,0,36,2,26,54,0,82,47,0,47,129
04/13/2010,CPR,WY,ANM,WE,Combined TRACON& Tower with Radar,3,29,24,0,56,0,1,7,0,8,3,30,31,0,64,0,0,0,64
04/14/2010,CPR,WY,ANM,WE,Combined TRACON& Tower with Radar,3,30,23,0,56,0,0,10,0,10,3,30,33,0,66,0,0,0,66
04/15/2010,CPR,WY,ANM,WE,Combined TRACON& Tower with Radar,5,31,19,2,57,0,0,39,0,39,5,31,58,2,96,48,4,52,148
04/16/2010,CPR,WY,ANM,WE,Combined TRACON& Tower with Radar,3,31,17,3,54,0,2,66,0,68,3,33,83,3,122,66,0,66,188
04/17/2010,CPR,WY,ANM,WE,Combined TRACON& Tower with Radar,2,18,6,0,26,0,0,26,1,27,2,18,32,1,53,44,0,44,97
04/18/2010,CPR,WY,ANM,WE,Combined TRACON& Tower with Radar,2,15,6,0,23,0,0,34,0,34,2,15,40,0,57,6,12,18,75
04/19/2010,CPR,WY,ANM,WE,Combined TRACON& Tower with Radar,2,26,16,2,46,0,2,43,0,45,2,28,59,2,91,14,0,14,105
04/20/2010,CPR,WY,ANM,WE,Combined TRACON& Tower with Radar,2,42,15,0,59,0,3,42,0,45,2,45,57,0,104,16,0,16,120
04/21/2010,CPR,WY,ANM,WE,Combined TRACON& Tower with Radar,4,35,14,0,53,0,0,20,0,20,4,35,34,0,73,6,0,6,79
04/22/2010,CPR,WY,ANM,WE,Combined TRACON& Tower with Radar,5,37,17,0,59,0,0,7,0,7,5,37,24,0,66,0,0,0,66
04/23/2010,CPR,WY,ANM,WE,Combined TRACON& Tower with Radar,2,24,14,0,40,0,0,0,0,0,2,24,14,0,40,0,0,0,40
04/24/2010,CPR,WY,ANM,WE,Combined TRACON& Tower with Radar,2,25,8,2,37,0,3,30,1,34,2,28,38,3,71,46,0,46,117
04/25/2010,CPR,WY,ANM,WE,Combined TRACON& Tower with Radar,2,12,3,0,17,0,0,2,0,2,2,12,5,0,19,0,0,0,19
04/26/2010,CPR,WY,ANM,WE,Combined TRACON& Tower with Radar,2,33,13,0,48,0,2,41,0,43,2,35,54,0,91,36,0,36,127
04/27/2010,CPR,WY,ANM,WE,Combined TRACON& Tower with Radar,4,35,11,0,50,0,0,42,3,45,4,35,53,3,95,10,0,10,105
04/28/2010,CPR,WY,ANM,WE,Combined TRACON& Tower with Radar,4,32,13,2,51,0,0,9,0,9,4,32,22,2,60,0,0,0,60
04/29/2010,CPR,WY,ANM,WE,Combined TRACON& Tower with Radar,4,31,16,0,51,0,0,11,0,11,4,31,27,0,62,0,0,0,62
04/30/2010,CPR,WY,ANM,WE,Combined TRACON& Tower with Radar,4,33,9,0,46,0,0,3,0,3,4,33,12,0,49,26,0,26,75
05/01/2010,CPR,WY,ANM,WE,Combined TRACON& Tower with Radar,2,19,11,0,32,0,0,17,0,17,2,19,28,0,49,20,0,20,69
05/02/2010,CPR,WY,ANM,WE,Combined TRACON& Tower with Radar,2,12,4,0,18,0,2,26,0,28,2,14,30,0,46,54,0,54,100
05/03/2010,CPR,WY,ANM,WE,Combined TRACON& Tower with Radar,1,26,18,0,45,0,0,40,0,40,1,26,58,0,85,18,0,18,103
05/04/2010,CPR,WY,ANM,WE,Combined TRACON& Tower with Radar,4,33,13,0,50,0,0,5,0,5,4,33,18,0,55,0,0,0,55
05/05/2010,CPR,WY,ANM,WE,Combined TRACON& Tower with Radar,4,37,13,0,54,0,1,29,0,30,4,38,42,0,84,46,0,46,130
05/06/2010,CPR,WY,ANM,WE,Combined TRACON& Tower with Radar,9,43,19,0,71,0,2,4,0,6,9,45,23,0,77,20,0,20,97
05/07/2010,CPR,WY,ANM,WE,Combined TRACON& Tower with Radar,3,39,20,0,62,0,0,31,0,31,3,39,51,0,93,44,0,44,137
05/08/2010,CPR,WY,ANM,WE,Combined TRACON& Tower with Radar,2,21,7,0,30,0,0,46,1,47,2,21,53,1,77,18,0,18,95
05/09/2010,CPR,WY,ANM,WE,Combined TRACON& Tower with Radar,2,14,5,0,21,0,0,12,0,12,2,14,17,0,33,8,0,8,41
05/10/2010,CPR,WY,ANM,WE,Combined TRACON& Tower with Radar,1,23,10,6,40,0,1,0,1,2,1,24,10,7,42,0,0,0,42
05/11/2010,CPR,WY,ANM,WE,Combined TRACON& Tower with Radar,4,29,6,0,39,0,2,2,0,4,4,31,8,0,43,0,0,0,43
05/12/2010,CPR,WY,ANM,WE,Combined TRACON& Tower with Radar,3,34,15,20,72,0,1,0,0,1,3,35,15,20,73,0,0,0,73
05/13/2010,CPR,WY,ANM,WE,Combined TRACON& Tower with Radar,5,41,22,0,68,0,4,21,0,25,5,45,43,0,93,98,0,98,191
05/14/2010,CPR,WY,ANM,WE,Combined TRACON& Tower with Radar,3,30,16,11,60,0,0,66,2,68,3,30,82,13,128,87,8,95,223
05/15/2010,CPR,WY,ANM,WE,Combined TRACON& Tower with Radar,2,23,3,0,28,0,1,14,0,15,2,24,17,0,43,30,0,30,73
05/16/2010,CPR,WY,ANM,WE,Combined TRACON& Tower with Radar,2,12,7,0,21,0,0,69,0,69,2,12,76,0,90,48,0,48,138
05/17/2010,CPR,WY,ANM,WE,Combined TRACON& Tower with Radar,2,28,14,0,44,0,2,44,0,46,2,30,58,0,90,32,0,32,122
05/18/2010,CPR,WY,ANM,WE,Combined TRACON& Tower with Radar,2,40,21,0,63,0,1,16,1,18,2,41,37,1,81,10,0,10,91
05/19/2010,CPR,WY,ANM,WE,Combined TRACON& Tower with Radar,4,37,19,0,60,0,0,3,0,3,4,37,22,0,63,0,0,0,63
05/20/2010,CPR,WY,ANM,WE,Combined TRACON& Tower with Radar,6,36,24,0,66,0,0,21,0,21,6,36,45,0,87,34,6,40,127
05/21/2010,CPR,WY,ANM,WE,Combined TRACON& Tower with Radar,4,40,13,0,57,0,0,19,2,21,4,40,32,2,78,30,0,30,108
05/22/2010,CPR,WY,ANM,WE,Combined TRACON& Tower with Radar,4,17,8,0,29,0,0,9,0,9,4,17,17,0,38,42,0,42,80
05/23/2010,CPR,WY,ANM,WE,Combined TRACON& Tower with Radar,2,14,11,0,27,0,0,21,0,21,2,14,32,0,48,34,0,34,82
05/24/2010,CPR,WY,ANM,WE,Combined TRACON& Tower with Radar,1,25,19,0,45,0,0,3,0,3,1,25,22,0,48,0,0,0,48
05/25/2010,CPR,WY,ANM,WE,Combined TRACON& Tower with Radar,3,34,16,0,53,0,0,52,8,60,3,34,68,8,113,4,0,4,117
05/26/2010,CPR,WY,ANM,WE,Combined TRACON& Tower with Radar,5,38,16,5,64,0,0,24,0,24,5,38,40,5,88,12,8,20,108
05/27/2010,CPR,WY,ANM,WE,Combined TRACON& Tower with Radar,5,35,24,0,64,0,0,36,0,36,5,35,60,0,100,6,0,6,106
05/28/2010,CPR,WY,ANM,WE,Combined TRACON& Tower with Radar,4,30,10,2,46,0,0,32,0,32,4,30,42,2,78,22,0,22,100
05/29/2010,CPR,WY,ANM,WE,Combined TRACON& Tower with Radar,2,19,4,0,25,0,0,16,0,16,2,19,20,0,41,42,0,42,83
05/30/2010,CPR,WY,ANM,WE,Combined TRACON& Tower with Radar,2,9,2,0,13,0,0,14,0,14,2,9,16,0,27,16,0,16,43
05/31/2010,CPR,WY,ANM,WE,Combined TRACON& Tower with Radar,0,15,8,0,23,0,0,31,0,31,0,15,39,0,54,34,0,34,88
06/01/2010,CPR,WY,ANM,WE,Combined TRACON& Tower with Radar,1,29,11,0,41,0,0,13,0,13,1,29,24,0,54,0,0,0,54
06/02/2010,CPR,WY,ANM,WE,Combined TRACON& Tower with Radar,4,34,16,0,54,0,0,40,0,40,4,34,56,0,94,38,0,38,132
06/03/2010,CPR,WY,ANM,WE,Combined TRACON& Tower with Radar,3,39,22,0,64,0,0,22,1,23,3,39,44,1,87,6,0,6,93
06/04/2010,CPR,WY,ANM,WE,Combined TRACON& Tower with Radar,4,39,6,0,49,0,1,19,0,20,4,40,25,0,69,22,0,22,91
06/05/2010,CPR,WY,ANM,WE,Combined TRACON& Tower with Radar,4,18,10,0,32,0,0,16,0,16,4,18,26,0,48,12,0,12,60
06/06/2010,CPR,WY,ANM,WE,Combined TRACON& Tower with Radar,0,13,19,0,32,0,0,22,0,22,0,13,41,0,54,24,0,24,78
06/07/2010,CPR,WY,ANM,WE,Combined TRACON& Tower with Radar,4,30,11,0,45,0,1,36,0,37,4,31,47,0,82,42,0,42,124
06/08/2010,CPR,WY,ANM,WE,Combined TRACON& Tower with Radar,3,29,19,0,51,0,0,47,0,47,3,29,66,0,98,36,0,36,134
06/09/2010,CPR,WY,ANM,WE,Combined TRACON& Tower with Radar,4,35,14,0,53,0,0,26,0,26,4,35,40,0,79,20,0,20,99
06/10/2010,CPR,WY,ANM,WE,Combined TRACON& Tower with Radar,6,29,21,0,56,0,0,13,0,13,6,29,34,0,69,46,0,46,115
06/11/2010,CPR,WY,ANM,WE,Combined TRACON& Tower with Radar,7,28,22,0,57,0,0,9,0,9,7,28,31,0,66,26,0,26,92
06/12/2010,CPR,WY,ANM,WE,Combined TRACON& Tower with Radar,2,16,8,0,26,0,0,0,1,1,2,16,8,1,27,0,0,0,27
06/13/2010,CPR,WY,ANM,WE,Combined TRACON& Tower with Radar,2,15,14,0,31,0,0,4,0,4,2,15,18,0,35,0,0,0,35
06/14/2010,CPR,WY,ANM,WE,Combined TRACON& Tower with Radar,2,33,16,1,52,0,0,30,0,30,2,33,46,1,82,12,0,12,94
06/15/2010,CPR,WY,ANM,WE,Combined TRACON& Tower with Radar,3,37,14,6,60,0,2,48,2,52,3,39,62,8,112,34,14,48,160
06/16/2010,CPR,WY,ANM,WE,Combined TRACON& Tower with Radar,3,33,20,0,56,0,0,36,0,36,3,33,56,0,92,4,0,4,96
06/17/2010,CPR,WY,ANM,WE,Combined TRACON& Tower with Radar,4,32,12,0,48,0,0,5,0,5,4,32,17,0,53,0,0,0,53
06/18/2010,CPR,WY,ANM,WE,Combined TRACON& Tower with Radar,2,38,16,0,56,0,1,42,1,44,2,39,58,1,100,6,6,12,112
06/19/2010,CPR,WY,ANM,WE,Combined TRACON& Tower with Radar,2,22,7,0,31,0,0,45,1,46,2,22,52,1,77,60,0,60,137
06/20/2010,CPR,WY,ANM,WE,Combined TRACON& Tower with Radar,2,21,9,1,33,0,0,27,6,33,2,21,36,7,66,22,0,22,88
06/21/2010,CPR,WY,ANM,WE,Combined TRACON& Tower with Radar,2,26,5,3,36,0,0,21,0,21,2,26,26,3,57,0,0,0,57
06/22/2010,CPR,WY,ANM,WE,Combined TRACON& Tower with Radar,4,32,23,0,59,0,1,31,0,32,4,33,54,0,91,8,0,8,99
06/23/2010,CPR,WY,ANM,WE,Combined TRACON& Tower with Radar,3,44,17,4,68,0,0,35,0,35,3,44,52,4,103,3,2,5,108
06/24/2010,CPR,WY,ANM,WE,Combined TRACON& Tower with Radar,5,41,22,0,68,0,0,37,2,39,5,41,59,2,107,34,0,34,141
06/25/2010,CPR,WY,ANM,WE,Combined TRACON& Tower with Radar,2,28,11,2,43,0,0,22,0,22,2,28,33,2,65,6,0,6,71
06/26/2010,CPR,WY,ANM,WE,Combined TRACON& Tower with Radar,2,14,7,0,23,0,0,20,0,20,2,14,27,0,43,2,0,2,45
06/27/2010,CPR,WY,ANM,WE,Combined TRACON& Tower with Radar,2,13,10,2,27,0,0,24,0,24,2,13,34,2,51,10,0,10,61
06/28/2010,CPR,WY,ANM,WE,Combined TRACON& Tower with Radar,2,26,18,0,46,0,0,35,0,35,2,26,53,0,81,22,0,22,103
06/29/2010,CPR,WY,ANM,WE,Combined TRACON& Tower with Radar,2,34,18,0,54,0,0,82,0,82,2,34,100,0,136,16,0,16,152
06/30/2010,CPR,WY,ANM,WE,Combined TRACON& Tower with Radar,3,38,19,6,66,0,0,37,1,38,3,38,56,7,104,20,0,20,124
07/01/2010,CPR,WY,ANM,WE,Combined TRACON& Tower with Radar,6,32,21,0,59,0,2,33,0,35,6,34,54,0,94,18,0,18,112
07/02/2010,CPR,WY,ANM,WE,Combined TRACON& Tower with Radar,3,34,9,0,46,0,0,28,0,28,3,34,37,0,74,20,0,20,94
07/03/2010,CPR,WY,ANM,WE,Combined TRACON& Tower with Radar,2,21,6,0,29,0,0,13,0,13,2,21,19,0,42,4,0,4,46
07/04/2010,CPR,WY,ANM,WE,Combined TRACON& Tower with Radar,0,9,4,0,13,0,0,9,0,9,0,9,13,0,22,10,0,10,32
07/05/2010,CPR,WY,ANM,WE,Combined TRACON& Tower with Radar,0,17,8,0,25,0,0,43,0,43,0,17,51,0,68,58,0,58,126
07/06/2010,CPR,WY,ANM,WE,Combined TRACON& Tower with Radar,1,33,23,6,63,0,0,5,0,5,1,33,28,6,68,0,0,0,68
07/07/2010,CPR,WY,ANM,WE,Combined TRACON& Tower with Radar,6,33,16,0,55,0,0,42,0,42,6,33,58,0,97,30,0,30,127
07/08/2010,CPR,WY,ANM,WE,Combined TRACON& Tower with Radar,4,28,13,5,50,0,0,39,3,42,4,28,52,8,92,26,18,44,136
07/09/2010,CPR,WY,ANM,WE,Combined TRACON& Tower with Radar,4,36,2,6,48,0,0,34,0,34,4,36,36,6,82,47,18,65,147
07/10/2010,CPR,WY,ANM,WE,Combined TRACON& Tower with Radar,6,19,2,0,27,0,0,41,0,41,6,19,43,0,68,16,0,16,84
07/11/2010,CPR,WY,ANM,WE,Combined TRACON& Tower with Radar,2,8,1,0,11,0,0,31,0,31,2,8,32,0,42,30,0,30,72
07/12/2010,CPR,WY,ANM,WE,Combined TRACON& Tower with Radar,4,27,19,1,51,0,0,39,0,39,4,27,58,1,90,10,0,10,100
07/13/2010,CPR,WY,ANM,WE,Combined TRACON& Tower with Radar,4,30,19,0,53,0,2,35,0,37,4,32,54,0,90,12,0,12,102
07/14/2010,CPR,WY,ANM,WE,Combined TRACON& Tower with Radar,6,40,20,0,66,0,0,53,0,53,6,40,73,0,119,26,0,26,145
07/15/2010,CPR,WY,ANM,WE,Combined TRACON& Tower with Radar,3,35,21,0,59,0,1,41,0,42,3,36,62,0,101,20,0,20,121
07/16/2010,CPR,WY,ANM,WE,Combined TRACON& Tower with Radar,3,40,8,1,52,0,3,35,0,38,3,43,43,1,90,22,0,22,112
07/17/2010,CPR,WY,ANM,WE,Combined TRACON& Tower with Radar,2,26,5,0,33,0,0,21,0,21,2,26,26,0,54,0,0,0,54
07/18/2010,CPR,WY,ANM,WE,Combined TRACON& Tower with Radar,1,20,12,0,33,0,0,30,1,31,1,20,42,1,64,6,0,6,70
07/19/2010,CPR,WY,ANM,WE,Combined TRACON& Tower with Radar,2,33,19,8,62,0,1,26,0,27,2,34,45,8,89,6,12,18,107
07/20/2010,CPR,WY,ANM,WE,Combined TRACON& Tower with Radar,4,31,24,0,59,0,0,29,0,29,4,31,53,0,88,28,0,28,116
07/21/2010,CPR,WY,ANM,WE,Combined TRACON& Tower with Radar,2,33,27,4,66,0,2,26,0,28,2,35,53,4,94,0,10,10,104
07/22/2010,CPR,WY,ANM,WE,Combined TRACON& Tower with Radar,3,40,32,0,75,0,3,21,0,24,3,43,53,0,99,0,0,0,99
07/23/2010,CPR,WY,ANM,WE,Combined TRACON& Tower with Radar,3,35,22,0,60,0,4,30,0,34,3,39,52,0,94,22,0,22,116
07/24/2010,CPR,WY,ANM,WE,Combined TRACON& Tower with Radar,2,22,11,0,35,0,1,41,0,42,2,23,52,0,77,4,0,4,81
07/25/2010,CPR,WY,ANM,WE,Combined TRACON& Tower with Radar,2,13,8,3,26,0,1,34,0,35,2,14,42,3,61,0,0,0,61
07/26/2010,CPR,WY,ANM,WE,Combined TRACON& Tower with Radar,2,33,18,0,53,0,0,25,0,25,2,33,43,0,78,2,0,2,80
07/27/2010,CPR,WY,ANM,WE,Combined TRACON& Tower with Radar,4,31,16,0,51,0,1,22,0,23,4,32,38,0,74,21,0,21,95
07/28/2010,CPR,WY,ANM,WE,Combined TRACON& Tower with Radar,3,35,14,0,52,0,0,25,0,25,3,35,39,0,77,1,0,1,78
07/29/2010,CPR,WY,ANM,WE,Combined TRACON& Tower with Radar,4,39,25,0,68,0,1,25,0,26,4,40,50,0,94,0,0,0,94
07/30/2010,CPR,WY,ANM,WE,Combined TRACON& Tower with Radar,4,31,22,0,57,0,0,44,0,44,4,31,66,0,101,38,0,38,139
07/31/2010,CPR,WY,ANM,WE,Combined TRACON& Tower with Radar,2,25,8,0,35,0,0,29,0,29,2,25,37,0,64,6,0,6,70
08/01/2010,CPR,WY,ANM,WE,Combined TRACON& Tower with Radar,1,22,11,0,34,0,0,23,0,23,1,22,34,0,57,2,0,2,59
08/02/2010,CPR,WY,ANM,WE,Combined TRACON& Tower with Radar,2,32,12,0,46,0,0,33,0,33,2,32,45,0,79,38,0,38,117
08/03/2010,CPR,WY,ANM,WE,Combined TRACON& Tower with Radar,2,40,10,0,52,0,3,19,0,22,2,43,29,0,74,48,0,48,122
08/04/2010,CPR,WY,ANM,WE,Combined TRACON& Tower with Radar,5,38,12,0,55,0,3,17,0,20,5,41,29,0,75,20,0,20,95
08/05/2010,CPR,WY,ANM,WE,Combined TRACON& Tower with Radar,6,31,12,0,49,0,0,20,0,20,6,31,32,0,69,34,0,34,103
08/06/2010,CPR,WY,ANM,WE,Combined TRACON& Tower with Radar,3,32,12,1,48,0,3,44,0,47,3,35,56,1,95,10,0,10,105
08/07/2010,CPR,WY,ANM,WE,Combined TRACON& Tower with Radar,2,18,7,2,29,0,0,36,0,36,2,18,43,2,65,0,0,0,65
08/08/2010,CPR,WY,ANM,WE,Combined TRACON& Tower with Radar,0,13,2,0,15,0,0,11,1,12,0,13,13,1,27,10,0,10,37
08/09/2010,CPR,WY,ANM,WE,Combined TRACON& Tower with Radar,1,30,16,0,47,0,0,25,0,25,1,30,41,0,72,24,0,24,96
08/10/2010,CPR,WY,ANM,WE,Combined TRACON& Tower with Radar,2,32,19,0,53,0,0,26,0,26,2,32,45,0,79,0,0,0,79
08/11/2010,CPR,WY,ANM,WE,Combined TRACON& Tower with Radar,3,41,29,2,75,0,2,45,0,47,3,43,74,2,122,82,8,90,212
08/12/2010,CPR,WY,ANM,WE,Combined TRACON& Tower with Radar,4,33,21,0,58,0,2,41,0,43,4,35,62,0,101,20,0,20,121
08/13/2010,CPR,WY,ANM,WE,Combined TRACON& Tower with Radar,5,44,20,5,74,0,3,26,0,29,5,47,46,5,103,66,0,66,169
08/14/2010,CPR,WY,ANM,WE,Combined TRACON& Tower with Radar,2,18,8,0,28,0,0,22,0,22,2,18,30,0,50,0,0,0,50
08/15/2010,CPR,WY,ANM,WE,Combined TRACON& Tower with Radar,2,21,13,2,38,0,0,27,0,27,2,21,40,2,65,32,0,32,97
08/16/2010,CPR,WY,ANM,WE,Combined TRACON& Tower with Radar,3,30,13,0,46,0,1,25,0,26,3,31,38,0,72,50,0,50,122
08/17/2010,CPR,WY,ANM,WE,Combined TRACON& Tower with Radar,3,41,22,0,66,0,0,40,0,40,3,41,62,0,106,30,0,30,136
08/18/2010,CPR,WY,ANM,WE,Combined TRACON& Tower with Radar,3,37,20,0,60,0,0,31,0,31,3,37,51,0,91,22,0,22,113
08/19/2010,CPR,WY,ANM,WE,Combined TRACON& Tower with Radar,5,34,20,0,59,0,0,19,0,19,5,34,39,0,78,34,0,34,112
08/20/2010,CPR,WY,ANM,WE,Combined TRACON& Tower with Radar,3,40,7,2,52,0,2,59,0,61,3,42,66,2,113,12,0,12,125
08/21/2010,CPR,WY,ANM,WE,Combined TRACON& Tower with Radar,2,19,11,2,34,0,0,38,0,38,2,19,49,2,72,48,0,48,120
08/22/2010,CPR,WY,ANM,WE,Combined TRACON& Tower with Radar,3,10,4,0,17,0,0,26,2,28,3,10,30,2,45,18,0,18,63
08/23/2010,CPR,WY,ANM,WE,Combined TRACON& Tower with Radar,2,28,14,0,44,0,2,31,0,33,2,30,45,0,77,28,0,28,105
08/24/2010,CPR,WY,ANM,WE,Combined TRACON& Tower with Radar,3,33,21,9,66,0,0,38,0,38,3,33,59,9,104,14,6,20,124
08/25/2010,CPR,WY,ANM,WE,Combined TRACON& Tower with Radar,5,34,18,0,57,0,0,63,0,63,5,34,81,0,120,42,0,42,162
08/26/2010,CPR,WY,ANM,WE,Combined TRACON& Tower with Radar,4,27,27,0,58,0,5,31,0,36,4,32,58,0,94,18,0,18,112
08/27/2010,CPR,WY,ANM,WE,Combined TRACON& Tower with Radar,3,38,10,0,51,0,2,45,0,47,3,40,55,0,98,14,0,14,112
08/28/2010,CPR,WY,ANM,WE,Combined TRACON& Tower with Radar,2,18,18,0,38,0,0,24,0,24,2,18,42,0,62,28,0,28,90
08/29/2010,CPR,WY,ANM,WE,Combined TRACON& Tower with Radar,2,16,12,0,30,0,0,34,0,34,2,16,46,0,64,10,0,10,74
08/30/2010,CPR,WY,ANM,WE,Combined TRACON& Tower with Radar,1,34,21,1,57,0,1,20,1,22,1,35,41,2,79,40,0,40,119
08/31/2010,CPR,WY,ANM,WE,Combined TRACON& Tower with Radar,2,38,33,0,73,0,2,40,0,42,2,40,73,0,115,30,0,30,145
09/01/2010,CPR,WY,ANM,WE,Combined TRACON& Tower with Radar,3,37,37,1,78,0,1,24,0,25,3,38,61,1,103,40,0,40,143
09/02/2010,CPR,WY,ANM,WE,Combined TRACON& Tower with Radar,4,34,29,0,67,0,0,42,0,42,4,34,71,0,109,38,0,38,147
09/03/2010,CPR,WY,ANM,WE,Combined TRACON& Tower with Radar,3,37,37,2,79,0,0,57,0,57,3,37,94,2,136,0,0,0,136
09/04/2010,CPR,WY,ANM,WE,Combined TRACON& Tower with Radar,2,18,10,0,30,0,3,34,0,37,2,21,44,0,67,16,0,16,83
09/05/2010,CPR,WY,ANM,WE,Combined TRACON& Tower with Radar,1,12,4,1,18,0,1,19,0,20,1,13,23,1,38,0,0,0,38
09/06/2010,CPR,WY,ANM,WE,Combined TRACON& Tower with Radar,0,25,3,0,28,0,0,14,0,14,0,25,17,0,42,14,0,14,56
09/07/2010,CPR,WY,ANM,WE,Combined TRACON& Tower with Radar,1,30,13,0,44,0,0,48,0,48,1,30,61,0,92,10,0,10,102
09/08/2010,CPR,WY,ANM,WE,Combined TRACON& Tower with Radar,4,33,22,0,59,0,2,19,0,21,4,35,41,0,80,0,0,0,80
09/09/2010,CPR,WY,ANM,WE,Combined TRACON& Tower with Radar,3,31,17,0,51,0,2,25,0,27,3,33,42,0,78,12,0,12,90
09/10/2010,CPR,WY,ANM,WE,Combined TRACON& Tower with Radar,4,38,26,0,68,0,3,52,0,55,4,41,78,0,123,26,0,26,149
09/11/2010,CPR,WY,ANM,WE,Combined TRACON& Tower with Radar,2,24,11,0,37,0,0,21,0,21,2,24,32,0,58,8,0,8,66
09/12/2010,CPR,WY,ANM,WE,Combined TRACON& Tower with Radar,2,21,14,0,37,0,0,26,1,27,2,21,40,1,64,24,0,24,88
09/13/2010,CPR,WY,ANM,WE,Combined TRACON& Tower with Radar,3,26,17,0,46,0,0,51,0,51,3,26,68,0,97,11,0,11,108
09/14/2010,CPR,WY,ANM,WE,Combined TRACON& Tower with Radar,4,35,18,0,57,0,3,22,0,25,4,38,40,0,82,18,0,18,100
09/15/2010,CPR,WY,ANM,WE,Combined TRACON& Tower with Radar,3,26,18,0,47,0,3,28,0,31,3,29,46,0,78,30,0,30,108
09/16/2010,CPR,WY,ANM,WE,Combined TRACON& Tower with Radar,4,30,9,7,50,0,2,44,0,46,4,32,53,7,96,36,0,36,132
09/17/2010,CPR,WY,ANM,WE,Combined TRACON& Tower with Radar,6,38,8,0,52,0,0,38,1,39,6,38,46,1,91,24,0,24,115
09/18/2010,CPR,WY,ANM,WE,Combined TRACON& Tower with Radar,3,17,16,0,36,0,0,12,0,12,3,17,28,0,48,32,0,32,80
09/19/2010,CPR,WY,ANM,WE,Combined TRACON& Tower with Radar,2,17,17,0,36,0,0,28,2,30,2,17,45,2,66,36,6,42,108
09/20/2010,CPR,WY,ANM,WE,Combined TRACON& Tower with Radar,1,30,19,0,50,0,0,31,0,31,1,30,50,0,81,12,0,12,93
09/21/2010,CPR,WY,ANM,WE,Combined TRACON& Tower with Radar,5,33,18,1,57,0,1,25,0,26,5,34,43,1,83,0,0,0,83
09/22/2010,CPR,WY,ANM,WE,Combined TRACON& Tower with Radar,2,29,11,0,42,0,4,30,0,34,2,33,41,0,76,24,0,24,100
09/23/2010,CPR,WY,ANM,WE,Combined TRACON& Tower with Radar,5,39,19,0,63,0,5,17,0,22,5,44,36,0,85,32,0,32,117
09/24/2010,CPR,WY,ANM,WE,Combined TRACON& Tower with Radar,3,42,21,0,66,0,4,38,0,42,3,46,59,0,108,10,0,10,118
09/25/2010,CPR,WY,ANM,WE,Combined TRACON& Tower with Radar,2,19,3,0,24,0,0,33,0,33,2,19,36,0,57,46,0,46,103
09/26/2010,CPR,WY,ANM,WE,Combined TRACON& Tower with Radar,2,20,6,0,28,0,0,29,0,29,2,20,35,0,57,44,0,44,101
09/27/2010,CPR,WY,ANM,WE,Combined TRACON& Tower with Radar,1,24,7,0,32,0,0,36,0,36,1,24,43,0,68,34,0,34,102
09/28/2010,CPR,WY,ANM,WE,Combined TRACON& Tower with Radar,2,33,15,0,50,0,2,39,0,41,2,35,54,0,91,20,0,20,111
09/29/2010,CPR,WY,ANM,WE,Combined TRACON& Tower with Radar,3,29,17,0,49,0,3,40,1,44,3,32,57,1,93,25,0,25,118
09/30/2010,CPR,WY,ANM,WE,Combined TRACON& Tower with Radar,5,35,24,0,64,0,6,37,1,44,5,41,61,1,108,14,0,14,122
10/01/2010,CPR,WY,ANM,WE,Combined TRACON& Tower with Radar,6,37,4,0,47,0,4,40,0,44,6,41,44,0,91,22,0,22,113
10/02/2010,CPR,WY,ANM,WE,Combined TRACON& Tower with Radar,2,19,3,0,24,0,0,34,0,34,2,19,37,0,58,46,0,46,104
10/03/2010,CPR,WY,ANM,WE,Combined TRACON& Tower with Radar,0,15,7,0,22,0,0,24,0,24,0,15,31,0,46,0,0,0,46
10/04/2010,CPR,WY,ANM,WE,Combined TRACON& Tower with Radar,4,24,15,0,43,0,2,38,0,40,4,26,53,0,83,4,0,4,87
10/05/2010,CPR,WY,ANM,WE,Combined TRACON& Tower with Radar,3,32,20,0,55,0,2,28,0,30,3,34,48,0,85,32,0,32,117
10/06/2010,CPR,WY,ANM,WE,Combined TRACON& Tower with Radar,3,30,33,0,66,0,1,20,0,21,3,31,53,0,87,26,0,26,113
10/07/2010,CPR,WY,ANM,WE,Combined TRACON& Tower with Radar,3,33,26,0,62,0,1,36,0,37,3,34,62,0,99,44,0,44,143
10/08/2010,CPR,WY,ANM,WE,Combined TRACON& Tower with Radar,5,31,10,0,46,0,1,21,0,22,5,32,31,0,68,28,0,28,96
10/09/2010,CPR,WY,ANM,WE,Combined TRACON& Tower with Radar,2,19,10,0,31,0,0,8,0,8,2,19,18,0,39,16,0,16,55
10/10/2010,CPR,WY,ANM,WE,Combined TRACON& Tower with Radar,0,15,11,2,28,0,0,17,0,17,0,15,28,2,45,20,0,20,65
10/11/2010,CPR,WY,ANM,WE,Combined TRACON& Tower with Radar,3,23,10,0,36,0,0,27,0,27,3,23,37,0,63,36,0,36,99
10/12/2010,CPR,WY,ANM,WE,Combined TRACON& Tower with Radar,3,35,15,0,53,0,0,12,0,12,3,35,27,0,65,0,0,0,65
10/13/2010,CPR,WY,ANM,WE,Combined TRACON& Tower with Radar,2,26,11,0,39,0,2,38,0,40,2,28,49,0,79,52,0,52,131
10/14/2010,CPR,WY,ANM,WE,Combined TRACON& Tower with Radar,3,27,15,1,46,0,4,35,0,39,3,31,50,1,85,60,0,60,145
10/15/2010,CPR,WY,ANM,WE,Combined TRACON& Tower with Radar,5,29,13,3,50,0,3,23,0,26,5,32,36,3,76,22,0,22,98
10/16/2010,CPR,WY,ANM,WE,Combined TRACON& Tower with Radar,4,23,7,0,34,0,0,30,0,30,4,23,37,0,64,42,0,42,106
10/17/2010,CPR,WY,ANM,WE,Combined TRACON& Tower with Radar,0,17,6,0,23,0,0,21,0,21,0,17,27,0,44,14,0,14,58
10/18/2010,CPR,WY,ANM,WE,Combined TRACON& Tower with Radar,5,31,12,0,48,0,1,25,0,26,5,32,37,0,74,18,0,18,92
10/19/2010,CPR,WY,ANM,WE,Combined TRACON& Tower with Radar,5,23,20,0,48,0,3,31,0,34,5,26,51,0,82,58,4,62,144
10/20/2010,CPR,WY,ANM,WE,Combined TRACON& Tower with Radar,5,30,17,10,62,0,3,36,0,39,5,33,53,10,101,58,0,58,159
10/21/2010,CPR,WY,ANM,WE,Combined TRACON& Tower with Radar,2,30,21,3,56,0,3,40,0,43,2,33,61,3,99,26,0,26,125
10/22/2010,CPR,WY,ANM,WE,Combined TRACON& Tower with Radar,5,35,14,1,55,0,3,16,1,20,5,38,30,2,75,56,0,56,131
10/23/2010,CPR,WY,ANM,WE,Combined TRACON& Tower with Radar,2,27,3,0,32,0,0,11,0,11,2,27,14,0,43,10,0,10,53
10/24/2010,CPR,WY,ANM,WE,Combined TRACON& Tower with Radar,2,21,13,0,36,0,0,4,0,4,2,21,17,0,40,0,0,0,40
10/25/2010,CPR,WY,ANM,WE,Combined TRACON& Tower with Radar,3,31,22,0,56,0,0,6,1,7,3,31,28,1,63,16,0,16,79
10/26/2010,CPR,WY,ANM,WE,Combined TRACON& Tower with Radar,4,32,12,0,48,0,3,7,1,11,4,35,19,1,59,24,0,24,83
10/27/2010,CPR,WY,ANM,WE,Combined TRACON& Tower with Radar,4,31,26,0,61,0,4,13,0,17,4,35,39,0,78,30,0,30,108
10/28/2010,CPR,WY,ANM,WE,Combined TRACON& Tower with Radar,4,30,20,0,54,0,4,31,0,35,4,34,51,0,89,46,0,46,135
10/29/2010,CPR,WY,ANM,WE,Combined TRACON& Tower with Radar,6,28,10,0,44,0,7,16,0,23,6,35,26,0,67,0,0,0,67
10/30/2010,CPR,WY,ANM,WE,Combined TRACON& Tower with Radar,2,20,4,5,31,0,0,21,2,23,2,20,25,7,54,34,0,34,88
10/31/2010,CPR,WY,ANM,WE,Combined TRACON& Tower with Radar,0,12,4,4,20,0,0,15,0,15,0,12,19,4,35,16,0,16,51
11/01/2010,CPR,WY,ANM,WE,Combined TRACON& Tower with Radar,3,24,23,10,60,0,4,44,0,48,3,28,67,10,108,70,20,90,198
11/02/2010,CPR,WY,ANM,WE,Combined TRACON& Tower with Radar,3,27,14,4,48,0,4,40,0,44,3,31,54,4,92,36,0,36,128
11/03/2010,CPR,WY,ANM,WE,Combined TRACON& Tower with Radar,3,28,12,0,43,0,3,51,0,54,3,31,63,0,97,56,0,56,153
11/04/2010,CPR,WY,ANM,WE,Combined TRACON& Tower with Radar,4,36,24,2,66,0,2,49,0,51,4,38,73,2,117,82,0,82,199
11/05/2010,CPR,WY,ANM,WE,Combined TRACON& Tower with Radar,6,32,9,0,47,0,6,30,0,36,6,38,39,0,83,22,0,22,105
11/06/2010,CPR,WY,ANM,WE,Combined TRACON& Tower with Radar,2,22,15,0,39,0,1,28,0,29,2,23,43,0,68,6,0,6,74
11/07/2010,CPR,WY,ANM,WE,Combined TRACON& Tower with Radar,0,11,7,1,19,0,0,25,0,25,0,11,32,1,44,46,0,46,90
11/08/2010,CPR,WY,ANM,WE,Combined TRACON& Tower with Radar,4,20,18,2,44,0,3,11,0,14,4,23,29,2,58,32,0,32,90
11/09/2010,CPR,WY,ANM,WE,Combined TRACON& Tower with Radar,3,37,12,0,52,0,0,0,0,0,3,37,12,0,52,0,0,0,52
11/10/2010,CPR,WY,ANM,WE,Combined TRACON& Tower with Radar,4,37,16,3,60,0,2,25,0,27,4,39,41,3,87,122,0,122,209
11/11/2010,CPR,WY,ANM,WE,Combined TRACON& Tower with Radar,3,33,26,0,62,0,0,19,0,19,3,33,45,0,81,24,0,24,105
11/12/2010,CPR,WY,ANM,WE,Combined TRACON& Tower with Radar,6,29,8,6,49,0,3,34,0,37,6,32,42,6,86,38,0,38,124
11/13/2010,CPR,WY,ANM,WE,Combined TRACON& Tower with Radar,1,20,3,2,26,0,0,0,0,0,1,20,3,2,26,0,0,0,26
11/14/2010,CPR,WY,ANM,WE,Combined TRACON& Tower with Radar,0,14,6,2,22,0,0,16,0,16,0,14,22,2,38,56,0,56,94
11/15/2010,CPR,WY,ANM,WE,Combined TRACON& Tower with Radar,4,35,24,0,63,0,0,16,0,16,4,35,40,0,79,28,0,28,107
11/16/2010,CPR,WY,ANM,WE,Combined TRACON& Tower with Radar,3,32,18,0,53,0,1,7,0,8,3,33,25,0,61,0,0,0,61
11/17/2010,CPR,WY,ANM,WE,Combined TRACON& Tower with Radar,3,28,20,0,51,0,4,28,0,32,3,32,48,0,83,52,0,52,135
11/18/2010,CPR,WY,ANM,WE,Combined TRACON& Tower with Radar,4,33,24,0,61,0,0,12,0,12,4,33,36,0,73,0,0,0,73
11/19/2010,CPR,WY,ANM,WE,Combined TRACON& Tower with Radar,7,27,19,3,56,0,4,24,1,29,7,31,43,4,85,4,4,8,93
11/20/2010,CPR,WY,ANM,WE,Combined TRACON& Tower with Radar,2,22,7,1,32,0,0,9,0,9,2,22,16,1,41,14,0,14,55
11/21/2010,CPR,WY,ANM,WE,Combined TRACON& Tower with Radar,2,11,4,0,17,0,1,1,0,2,2,12,5,0,19,0,0,0,19
11/22/2010,CPR,WY,ANM,WE,Combined TRACON& Tower with Radar,3,16,16,4,39,0,4,14,0,18,3,20,30,4,57,0,0,0,57
11/23/2010,CPR,WY,ANM,WE,Combined TRACON& Tower with Radar,4,32,12,1,49,0,3,5,0,8,4,35,17,1,57,0,0,0,57
11/24/2010,CPR,WY,ANM,WE,Combined TRACON& Tower with Radar,3,38,6,0,47,0,0,10,0,10,3,38,16,0,57,6,0,6,63
11/25/2010,CPR,WY,ANM,WE,Combined TRACON& Tower with Radar,0,9,2,0,11,0,0,5,0,5,0,9,7,0,16,6,0,6,22
11/26/2010,CPR,WY,ANM,WE,Combined TRACON& Tower with Radar,6,23,7,0,36,0,3,12,0,15,6,26,19,0,51,2,0,2,53
11/27/2010,CPR,WY,ANM,WE,Combined TRACON& Tower with Radar,2,24,2,0,28,0,2,5,0,7,2,26,7,0,35,0,0,0,35
11/28/2010,CPR,WY,ANM,WE,Combined TRACON& Tower with Radar,0,15,5,0,20,0,1,7,0,8,0,16,12,0,28,24,0,24,52
11/29/2010,CPR,WY,ANM,WE,Combined TRACON& Tower with Radar,3,33,13,0,49,0,1,8,2,11,3,34,21,2,60,20,0,20,80
11/30/2010,CPR,WY,ANM,WE,Combined TRACON& Tower with Radar,3,29,8,0,40,0,4,18,0,22,3,33,26,0,62,14,0,14,76
12/01/2010,CPR,WY,ANM,WE,Combined TRACON& Tower with Radar,6,41,25,0,72,0,5,28,0,33,6,46,53,0,105,100,0,100,205
12/02/2010,CPR,WY,ANM,WE,Combined TRACON& Tower with Radar,4,35,20,0,59,0,0,26,0,26,4,35,46,0,85,32,0,32,117
12/03/2010,CPR,WY,ANM,WE,Combined TRACON& Tower with Radar,7,30,19,2,58,0,2,6,0,8,7,32,25,2,66,16,0,16,82
12/04/2010,CPR,WY,ANM,WE,Combined TRACON& Tower with Radar,2,17,4,0,23,0,0,12,0,12,2,17,16,0,35,10,0,10,45
12/05/2010,CPR,WY,ANM,WE,Combined TRACON& Tower with Radar,0,13,18,0,31,0,0,24,0,24,0,13,42,0,55,44,0,44,99
12/06/2010,CPR,WY,ANM,WE,Combined TRACON& Tower with Radar,4,31,12,0,47,0,0,28,0,28,4,31,40,0,75,22,0,22,97
12/07/2010,CPR,WY,ANM,WE,Combined TRACON& Tower with Radar,7,32,11,0,50,0,4,29,0,33,7,36,40,0,83,32,0,32,115
12/08/2010,CPR,WY,ANM,WE,Combined TRACON& Tower with Radar,8,33,18,6,65,0,4,14,3,21,8,37,32,9,86,18,10,28,114
12/09/2010,CPR,WY,ANM,WE,Combined TRACON& Tower with Radar,6,29,20,1,56,0,0,21,4,25,6,29,41,5,81,0,0,0,81
12/10/2010,CPR,WY,ANM,WE,Combined TRACON& Tower with Radar,10,30,6,0,46,0,2,10,0,12,10,32,16,0,58,0,0,0,58
12/11/2010,CPR,WY,ANM,WE,Combined TRACON& Tower with Radar,2,22,9,0,33,0,1,15,0,16,2,23,24,0,49,36,0,36,85
12/12/2010,CPR,WY,ANM,WE,Combined TRACON& Tower with Radar,0,15,4,0,19,0,0,19,0,19,0,15,23,0,38,4,0,4,42
12/13/2010,CPR,WY,ANM,WE,Combined TRACON& Tower with Radar,4,22,10,0,36,0,3,31,0,34,4,25,41,0,70,19,0,19,89
12/14/2010,CPR,WY,ANM,WE,Combined TRACON& Tower with Radar,6,39,14,0,59,0,7,20,0,27,6,46,34,0,86,4,0,4,90
12/15/2010,CPR,WY,ANM,WE,Combined TRACON& Tower with Radar,6,33,21,0,60,0,1,1,0,2,6,34,22,0,62,0,0,0,62
12/16/2010,CPR,WY,ANM,WE,Combined TRACON& Tower with Radar,6,29,29,0,64,0,2,36,0,38,6,31,65,0,102,20,0,20,122
12/17/2010,CPR,WY,ANM,WE,Combined TRACON& Tower with Radar,8,30,18,0,56,0,0,31,0,31,8,30,49,0,87,50,0,50,137
12/18/2010,CPR,WY,ANM,WE,Combined TRACON& Tower with Radar,2,24,10,2,38,0,0,11,0,11,2,24,21,2,49,16,0,16,65
12/19/2010,CPR,WY,ANM,WE,Combined TRACON& Tower with Radar,0,13,3,0,16,0,1,2,0,3,0,14,5,0,19,4,0,4,23
12/20/2010,CPR,WY,ANM,WE,Combined TRACON& Tower with Radar,3,33,5,0,41,0,1,11,0,12,3,34,16,0,53,32,0,32,85
12/21/2010,CPR,WY,ANM,WE,Combined TRACON& Tower with Radar,3,46,18,0,67,0,0,12,0,12,3,46,30,0,79,2,0,2,81
12/22/2010,CPR,WY,ANM,WE,Combined TRACON& Tower with Radar,6,37,15,0,58,0,1,11,0,12,6,38,26,0,70,60,0,60,130
12/23/2010,CPR,WY,ANM,WE,Combined TRACON& Tower with Radar,6,46,18,0,70,0,1,19,0,20,6,47,37,0,90,70,0,70,160
12/24/2010,CPR,WY,ANM,WE,Combined TRACON& Tower with Radar,6,26,4,0,36,0,1,17,0,18,6,27,21,0,54,20,0,20,74
12/25/2010,CPR,WY,ANM,WE,Combined TRACON& Tower with Radar,0,9,0,1,10,0,0,1,0,1,0,9,1,1,11,0,0,0,11
12/26/2010,CPR,WY,ANM,WE,Combined TRACON& Tower with Radar,0,18,2,0,20,0,0,10,0,10,0,18,12,0,30,1,0,1,31
12/27/2010,CPR,WY,ANM,WE,Combined TRACON& Tower with Radar,4,30,16,0,50,0,0,18,0,18,4,30,34,0,68,22,0,22,90
12/28/2010,CPR,WY,ANM,WE,Combined TRACON& Tower with Radar,2,29,11,2,44,0,0,9,0,9,2,29,20,2,53,2,0,2,55
12/29/2010,CPR,WY,ANM,WE,Combined TRACON& Tower with Radar,3,28,4,0,35,0,1,2,0,3,3,29,6,0,38,12,0,12,50
12/30/2010,CPR,WY,ANM,WE,Combined TRACON& Tower with Radar,3,24,2,0,29,0,0,0,0,0,3,24,2,0,29,0,0,0,29
12/31/2010,CPR,WY,ANM,WE,Combined TRACON& Tower with Radar,3,27,9,0,39,0,0,0,0,0,3,27,9,0,39,0,0,0,39
01/01/2011,CPR,WY,ANM,WE,Combined TRACON& Tower with Radar,0,12,3,0,15,0,0,9,0,9,0,12,12,0,24,0,0,0,24
01/02/2011,CPR,WY,ANM,WE,Combined TRACON& Tower with Radar,0,16,3,0,19,0,1,1,0,2,0,17,4,0,21,0,0,0,21
01/03/2011,CPR,WY,ANM,WE,Combined TRACON& Tower with Radar,3,36,8,0,47,0,6,20,0,26,3,42,28,0,73,50,0,50,123
01/04/2011,CPR,WY,ANM,WE,Combined TRACON& Tower with Radar,4,30,5,0,39,0,0,22,0,22,4,30,27,0,61,24,0,24,85
01/05/2011,CPR,WY,ANM,WE,Combined TRACON& Tower with Radar,3,36,13,0,52,0,1,19,0,20,3,37,32,0,72,0,0,0,72
01/06/2011,CPR,WY,ANM,WE,Combined TRACON& Tower with Radar,3,30,19,0,52,0,0,31,0,31,3,30,50,0,83,16,0,16,99
01/07/2011,CPR,WY,ANM,WE,Combined TRACON& Tower with Radar,6,33,18,0,57,0,0,25,0,25,6,33,43,0,82,12,0,12,94
01/08/2011,CPR,WY,ANM,WE,Combined TRACON& Tower with Radar,2,20,5,0,27,0,1,15,0,16,2,21,20,0,43,14,0,14,57
01/09/2011,CPR,WY,ANM,WE,Combined TRACON& Tower with Radar,0,8,1,0,9,0,0,2,0,2,0,8,3,0,11,6,0,6,17
01/10/2011,CPR,WY,ANM,WE,Combined TRACON& Tower with Radar,4,30,13,2,49,0,2,14,0,16,4,32,27,2,65,3,0,3,68
01/11/2011,CPR,WY,ANM,WE,Combined TRACON& Tower with Radar,4,32,17,0,53,0,2,25,0,27,4,34,42,0,80,0,0,0,80
01/12/2011,CPR,WY,ANM,WE,Combined TRACON& Tower with Radar,4,39,23,9,75,0,0,25,0,25,4,39,48,9,100,4,0,4,104
01/13/2011,CPR,WY,ANM,WE,Combined TRACON& Tower with Radar,3,31,15,0,49,0,0,26,0,26,3,31,41,0,75,64,6,70,145
01/14/2011,CPR,WY,ANM,WE,Combined TRACON& Tower with Radar,6,30,17,0,53,0,0,33,0,33,6,30,50,0,86,30,0,30,116
01/15/2011,CPR,WY,ANM,WE,Combined TRACON& Tower with Radar,2,23,3,0,28,0,0,20,0,20,2,23,23,0,48,68,0,68,116
01/16/2011,CPR,WY,ANM,WE,Combined TRACON& Tower with Radar,0,9,6,0,15,0,0,1,0,1,0,9,7,0,16,0,0,0,16
01/17/2011,CPR,WY,ANM,WE,Combined TRACON& Tower with Radar,4,22,24,4,54,0,1,13,2,16,4,23,37,6,70,38,0,38,108
01/18/2011,CPR,WY,ANM,WE,Combined TRACON& Tower with Radar,4,31,20,0,55,0,0,27,0,27,4,31,47,0,82,36,0,36,118
01/19/2011,CPR,WY,ANM,WE,Combined TRACON& Tower with Radar,3,27,13,0,43,0,2,0,0,2,3,29,13,0,45,0,0,0,45
01/20/2011,CPR,WY,ANM,WE,Combined TRACON& Tower with Radar,2,37,16,1,56,0,0,21,3,24,2,37,37,4,80,18,0,18,98
01/21/2011,CPR,WY,ANM,WE,Combined TRACON& Tower with Radar,6,37,8,3,54,0,2,31,0,33,6,39,39,3,87,64,0,64,151
01/22/2011,CPR,WY,ANM,WE,Combined TRACON& Tower with Radar,2,23,1,0,26,0,0,4,0,4,2,23,5,0,30,22,0,22,52
01/23/2011,CPR,WY,ANM,WE,Combined TRACON& Tower with Radar,0,8,5,0,13,0,0,3,0,3,0,8,8,0,16,0,0,0,16
01/24/2011,CPR,WY,ANM,WE,Combined TRACON& Tower with Radar,3,27,17,0,47,0,0,37,2,39,3,27,54,2,86,33,0,33,119
01/25/2011,CPR,WY,ANM,WE,Combined TRACON& Tower with Radar,3,35,19,0,57,0,3,21,0,24,3,38,40,0,81,48,0,48,129
01/26/2011,CPR,WY,ANM,WE,Combined TRACON& Tower with Radar,4,38,20,0,62,0,0,26,0,26,4,38,46,0,88,30,0,30,118
01/27/2011,CPR,WY,ANM,WE,Combined TRACON& Tower with Radar,4,27,27,0,58,0,3,27,0,30,4,30,54,0,88,40,0,40,128
01/28/2011,CPR,WY,ANM,WE,Combined TRACON& Tower with Radar,8,30,8,0,46,0,0,31,0,31,8,30,39,0,77,78,0,78,155
01/29/2011,CPR,WY,ANM,WE,Combined TRACON& Tower with Radar,2,18,4,0,24,0,0,45,0,45,2,18,49,0,69,52,0,52,121
01/30/2011,CPR,WY,ANM,WE,Combined TRACON& Tower with Radar,0,8,12,0,20,0,1,4,0,5,0,9,16,0,25,4,0,4,29
01/31/2011,CPR,WY,ANM,WE,Combined TRACON& Tower with Radar,5,30,5,0,40,0,0,0,0,0,5,30,5,0,40,0,0,0,40
02/01/2011,CPR,WY,ANM,WE,Combined TRACON& Tower with Radar,2,29,17,0,48,0,1,3,2,6,2,30,20,2,54,0,0,0,54
02/02/2011,CPR,WY,ANM,WE,Combined TRACON& Tower with Radar,3,33,22,1,59,0,0,26,0,26,3,33,48,1,85,8,0,8,93
02/03/2011,CPR,WY,ANM,WE,Combined TRACON& Tower with Radar,3,31,32,3,69,0,2,38,0,40,3,33,70,3,109,28,0,28,137
02/04/2011,CPR,WY,ANM,WE,Combined TRACON& Tower with Radar,6,26,7,2,41,0,0,19,0,19,6,26,26,2,60,20,2,22,82
02/05/2011,CPR,WY,ANM,WE,Combined TRACON& Tower with Radar,2,25,6,0,33,0,1,8,0,9,2,26,14,0,42,46,0,46,88
02/06/2011,CPR,WY,ANM,WE,Combined TRACON& Tower with Radar,0,15,10,2,27,0,1,0,0,1,0,16,10,2,28,0,0,0,28
02/07/2011,CPR,WY,ANM,WE,Combined TRACON& Tower with Radar,3,22,16,2,43,0,0,6,0,6,3,22,22,2,49,6,0,6,55
02/08/2011,CPR,WY,ANM,WE,Combined TRACON& Tower with Radar,3,44,17,0,64,0,1,17,0,18,3,45,34,0,82,32,0,32,114
02/09/2011,CPR,WY,ANM,WE,Combined TRACON& Tower with Radar,4,39,22,1,66,0,1,28,0,29,4,40,50,1,95,30,0,30,125
02/10/2011,CPR,WY,ANM,WE,Combined TRACON& Tower with Radar,4,28,24,0,56,0,2,24,0,26,4,30,48,0,82,62,0,62,144
02/11/2011,CPR,WY,ANM,WE,Combined TRACON& Tower with Radar,5,24,18,0,47,0,2,32,0,34,5,26,50,0,81,66,0,66,147
02/12/2011,CPR,WY,ANM,WE,Combined TRACON& Tower with Radar,2,21,4,0,27,0,0,11,0,11,2,21,15,0,38,10,0,10,48
02/13/2011,CPR,WY,ANM,WE,Combined TRACON& Tower with Radar,0,15,9,3,27,0,0,9,0,9,0,15,18,3,36,30,0,30,66
02/14/2011,CPR,WY,ANM,WE,Combined TRACON& Tower with Radar,4,21,8,0,33,0,0,28,0,28,4,21,36,0,61,26,0,26,87
02/15/2011,CPR,WY,ANM,WE,Combined TRACON& Tower with Radar,6,30,20,0,56,0,0,12,0,12,6,30,32,0,68,12,0,12,80
02/16/2011,CPR,WY,ANM,WE,Combined TRACON& Tower with Radar,2,38,28,0,68,0,0,16,0,16,2,38,44,0,84,4,0,4,88
02/17/2011,CPR,WY,ANM,WE,Combined TRACON& Tower with Radar,2,38,13,2,55,0,2,11,0,13,2,40,24,2,68,30,0,30,98
02/18/2011,CPR,WY,ANM,WE,Combined TRACON& Tower with Radar,5,24,21,2,52,0,0,36,0,36,5,24,57,2,88,136,0,136,224
02/19/2011,CPR,WY,ANM,WE,Combined TRACON& Tower with Radar,4,27,6,2,39,0,0,18,0,18,4,27,24,2,57,20,0,20,77
02/20/2011,CPR,WY,ANM,WE,Combined TRACON& Tower with Radar,0,8,2,0,10,0,0,0,0,0,0,8,2,0,10,0,0,0,10
02/21/2011,CPR,WY,ANM,WE,Combined TRACON& Tower with Radar,4,26,18,0,48,0,1,48,0,49,4,27,66,0,97,66,0,66,163
02/22/2011,CPR,WY,ANM,WE,Combined TRACON& Tower with Radar,3,37,19,0,59,0,0,24,0,24,3,37,43,0,83,6,0,6,89
02/23/2011,CPR,WY,ANM,WE,Combined TRACON& Tower with Radar,4,35,37,0,76,0,0,45,0,45,4,35,82,0,121,94,0,94,215
02/24/2011,CPR,WY,ANM,WE,Combined TRACON& Tower with Radar,2,44,24,0,70,0,1,0,0,1,2,45,24,0,71,0,0,0,71
02/25/2011,CPR,WY,ANM,WE,Combined TRACON& Tower with Radar,5,32,14,2,53,0,0,6,0,6,5,32,20,2,59,10,0,10,69
02/26/2011,CPR,WY,ANM,WE,Combined TRACON& Tower with Radar,4,22,10,2,38,0,0,7,0,7,4,22,17,2,45,0,0,0,45
02/27/2011,CPR,WY,ANM,WE,Combined TRACON& Tower with Radar,0,18,6,2,26,0,0,28,0,28,0,18,34,2,54,32,0,32,86
02/28/2011,CPR,WY,ANM,WE,Combined TRACON& Tower with Radar,4,31,21,0,56,0,0,8,0,8,4,31,29,0,64,0,0,0,64
03/01/2011,CPR,WY,ANM,WE,Combined TRACON& Tower with Radar,4,40,22,0,66,0,1,29,0,30,4,41,51,0,96,96,0,96,192
03/02/2011,CPR,WY,ANM,WE,Combined TRACON& Tower with Radar,6,31,13,0,50,0,1,38,0,39,6,32,51,0,89,52,0,52,141
03/03/2011,CPR,WY,ANM,WE,Combined TRACON& Tower with Radar,3,41,29,0,73,0,2,34,0,36,3,43,63,0,109,130,0,130,239
03/04/2011,CPR,WY,ANM,WE,Combined TRACON& Tower with Radar,6,35,12,0,53,0,0,17,0,17,6,35,29,0,70,58,0,58,128
03/05/2011,CPR,WY,ANM,WE,Combined TRACON& Tower with Radar,4,24,13,0,41,0,1,23,0,24,4,25,36,0,65,44,0,44,109
03/06/2011,CPR,WY,ANM,WE,Combined TRACON& Tower with Radar,0,14,4,0,18,0,0,0,0,0,0,14,4,0,18,0,0,0,18
03/07/2011,CPR,WY,ANM,WE,Combined TRACON& Tower with Radar,3,24,21,0,48,0,0,6,0,6,3,24,27,0,54,8,0,8,62
03/08/2011,CPR,WY,ANM,WE,Combined TRACON& Tower with Radar,2,33,27,0,62,0,1,10,0,11,2,34,37,0,73,20,0,20,93
03/09/2011,CPR,WY,ANM,WE,Combined TRACON& Tower with Radar,4,35,20,2,61,0,0,28,0,28,4,35,48,2,89,90,12,102,191
03/10/2011,CPR,WY,ANM,WE,Combined TRACON& Tower with Radar,5,32,22,0,59,0,1,23,1,25,5,33,45,1,84,2,0,2,86
03/11/2011,CPR,WY,ANM,WE,Combined TRACON& Tower with Radar,6,25,13,2,46,0,2,22,0,24,6,27,35,2,70,72,0,72,142
03/12/2011,CPR,WY,ANM,WE,Combined TRACON& Tower with Radar,2,19,14,0,35,0,1,36,0,37,2,20,50,0,72,32,0,32,104
03/13/2011,CPR,WY,ANM,WE,Combined TRACON& Tower with Radar,0,14,4,0,18,0,0,15,0,15,0,14,19,0,33,58,0,58,91
03/14/2011,CPR,WY,ANM,WE,Combined TRACON& Tower with Radar,3,29,8,0,40,0,6,17,0,23,3,35,25,0,63,42,0,42,105
03/15/2011,CPR,WY,ANM,WE,Combined TRACON& Tower with Radar,3,36,25,0,64,0,0,41,0,41,3,36,66,0,105,8,0,8,113
03/16/2011,CPR,WY,ANM,WE,Combined TRACON& Tower with Radar,3,32,26,1,62,0,0,17,1,18,3,32,43,2,80,50,0,50,130
03/17/2011,CPR,WY,ANM,WE,Combined TRACON& Tower with Radar,3,35,23,0,61,0,0,15,0,15,3,35,38,0,76,50,0,50,126
03/18/2011,CPR,WY,ANM,WE,Combined TRACON& Tower with Radar,6,30,3,10,49,0,2,57,0,59,6,32,60,10,108,44,0,44,152
03/19/2011,CPR,WY,ANM,WE,Combined TRACON& Tower with Radar,3,18,10,0,31,0,2,17,0,19,3,20,27,0,50,10,0,10,60
03/20/2011,CPR,WY,ANM,WE,Combined TRACON& Tower with Radar,0,17,13,2,32,0,2,7,0,9,0,19,20,2,41,6,0,6,47
03/21/2011,CPR,WY,ANM,WE,Combined TRACON& Tower with Radar,5,27,17,0,49,0,0,23,0,23,5,27,40,0,72,30,0,30,102
03/22/2011,CPR,WY,ANM,WE,Combined TRACON& Tower with Radar,3,33,24,2,62,0,1,3,0,4,3,34,27,2,66,0,0,0,66
03/23/2011,CPR,WY,ANM,WE,Combined TRACON& Tower with Radar,4,41,28,0,73,0,1,37,0,38,4,42,65,0,111,46,0,46,157
03/24/2011,CPR,WY,ANM,WE,Combined TRACON& Tower with Radar,7,30,28,0,65,0,3,23,0,26,7,33,51,0,91,24,0,24,115
03/25/2011,CPR,WY,ANM,WE,Combined TRACON& Tower with Radar,8,35,29,3,75,0,4,15,0,19,8,39,44,3,94,12,0,12,106
03/26/2011,CPR,WY,ANM,WE,Combined TRACON& Tower with Radar,2,24,16,0,42,0,0,17,0,17,2,24,33,0,59,22,0,22,81
03/27/2011,CPR,WY,ANM,WE,Combined TRACON& Tower with Radar,1,20,15,0,36,1,4,9,0,14,2,24,24,0,50,2,0,2,52
03/28/2011,CPR,WY,ANM,WE,Combined TRACON& Tower with Radar,5,26,9,0,40,0,0,15,0,15,5,26,24,0,55,48,0,48,103
03/29/2011,CPR,WY,ANM,WE,Combined TRACON& Tower with Radar,4,35,21,6,66,0,0,27,0,27,4,35,48,6,93,76,0,76,169
03/30/2011,CPR,WY,ANM,WE,Combined TRACON& Tower with Radar,4,30,25,2,61,0,2,22,0,24,4,32,47,2,85,48,0,48,133
03/31/2011,CPR,WY,ANM,WE,Combined TRACON& Tower with Radar,4,31,16,0,51,0,1,19,0,20,4,32,35,0,71,42,0,42,113
04/01/2011,CPR,WY,ANM,WE,Combined TRACON& Tower with Radar,6,26,6,0,38,0,3,27,0,30,6,29,33,0,68,22,0,22,90
04/02/2011,CPR,WY,ANM,WE,Combined TRACON& Tower with Radar,2,22,8,0,32,0,0,16,0,16,2,22,24,0,48,12,0,12,60
04/03/2011,CPR,WY,ANM,WE,Combined TRACON& Tower with Radar,0,15,4,0,19,0,0,0,0,0,0,15,4,0,19,0,0,0,19
04/04/2011,CPR,WY,ANM,WE,Combined TRACON& Tower with Radar,3,25,11,0,39,0,2,25,0,27,3,27,36,0,66,0,0,0,66
04/05/2011,CPR,WY,ANM,WE,Combined TRACON& Tower with Radar,4,37,16,0,57,0,2,11,0,13,4,39,27,0,70,0,0,0,70
04/06/2011,CPR,WY,ANM,WE,Combined TRACON& Tower with Radar,4,30,22,0,56,0,5,32,0,37,4,35,54,0,93,48,0,48,141
04/07/2011,CPR,WY,ANM,WE,Combined TRACON& Tower with Radar,3,33,19,0,55,0,2,22,0,24,3,35,41,0,79,20,0,20,99
04/08/2011,CPR,WY,ANM,WE,Combined TRACON& Tower with Radar,6,28,5,5,44,0,0,24,2,26,6,28,29,7,70,18,0,18,88
04/09/2011,CPR,WY,ANM,WE,Combined TRACON& Tower with Radar,2,16,2,1,21,0,0,2,0,2,2,16,4,1,23,0,0,0,23
04/10/2011,CPR,WY,ANM,WE,Combined TRACON& Tower with Radar,0,12,10,1,23,0,0,2,0,2,0,12,12,1,25,0,0,0,25
04/11/2011,CPR,WY,ANM,WE,Combined TRACON& Tower with Radar,4,24,6,1,35,0,0,32,0,32,4,24,38,1,67,22,0,22,89
04/12/2011,CPR,WY,ANM,WE,Combined TRACON& Tower with Radar,4,39,15,0,58,0,1,32,0,33,4,40,47,0,91,92,0,92,183
04/13/2011,CPR,WY,ANM,WE,Combined TRACON& Tower with Radar,3,34,28,0,65,0,0,18,0,18,3,34,46,0,83,6,0,6,89
04/14/2011,CPR,WY,ANM,WE,Combined TRACON& Tower with Radar,3,33,14,0,50,0,0,2,0,2,3,33,16,0,52,0,0,0,52
04/15/2011,CPR,WY,ANM,WE,Combined TRACON& Tower with Radar,6,29,11,0,46,0,2,42,1,45,6,31,53,1,91,70,0,70,161
04/16/2011,CPR,WY,ANM,WE,Combined TRACON& Tower with Radar,2,23,3,0,28,0,1,24,0,25,2,24,27,0,53,54,0,54,107
04/17/2011,CPR,WY,ANM,WE,Combined TRACON& Tower with Radar,0,12,4,1,17,0,4,7,1,12,0,16,11,2,29,38,0,38,67
04/18/2011,CPR,WY,ANM,WE,Combined TRACON& Tower with Radar,3,26,15,0,44,0,0,0,0,0,3,26,15,0,44,0,0,0,44
04/19/2011,CPR,WY,ANM,WE,Combined TRACON& Tower with Radar,3,34,33,0,70,0,0,23,0,23,3,34,56,0,93,110,0,110,203
04/20/2011,CPR,WY,ANM,WE,Combined TRACON& Tower with Radar,4,34,14,2,54,0,0,72,0,72,4,34,86,2,126,104,0,104,230
04/21/2011,CPR,WY,ANM,WE,Combined TRACON& Tower with Radar,4,38,8,0,50,0,4,22,0,26,4,42,30,0,76,26,0,26,102
04/22/2011,CPR,WY,ANM,WE,Combined TRACON& Tower with Radar,6,35,7,2,50,0,0,28,0,28,6,35,35,2,78,8,0,8,86
04/23/2011,CPR,WY,ANM,WE,Combined TRACON& Tower with Radar,2,21,5,1,29,0,0,47,1,48,2,21,52,2,77,50,0,50,127
04/24/2011,CPR,WY,ANM,WE,Combined TRACON& Tower with Radar,0,13,2,0,15,0,1,22,0,23,0,14,24,0,38,16,0,16,54
04/25/2011,CPR,WY,ANM,WE,Combined TRACON& Tower with Radar,3,37,18,0,58,0,2,44,0,46,3,39,62,0,104,48,0,48,152
04/26/2011,CPR,WY,ANM,WE,Combined TRACON& Tower with Radar,4,31,19,0,54,0,0,20,0,20,4,31,39,0,74,46,0,46,120
04/27/2011,CPR,WY,ANM,WE,Combined TRACON& Tower with Radar,4,35,14,0,53,0,0,25,0,25,4,35,39,0,78,48,0,48,126
04/28/2011,CPR,WY,ANM,WE,Combined TRACON& Tower with Radar,4,30,15,2,51,0,0,53,5,58,4,30,68,7,109,58,16,74,183
04/29/2011,CPR,WY,ANM,WE,Combined TRACON& Tower with Radar,6,28,11,0,45,0,0,2,0,2,6,28,13,0,47,0,0,0,47
04/30/2011,CPR,WY,ANM,WE,Combined TRACON& Tower with Radar,2,14,8,0,24,0,0,10,1,11,2,14,18,1,35,2,0,2,37
05/01/2011,CPR,WY,ANM,WE,Combined TRACON& Tower with Radar,0,19,8,0,27,0,0,30,0,30,0,19,38,0,57,46,0,46,103
05/02/2011,CPR,WY,ANM,WE,Combined TRACON& Tower with Radar,3,32,16,0,51,0,4,30,0,34,3,36,46,0,85,26,0,26,111
05/03/2011,CPR,WY,ANM,WE,Combined TRACON& Tower with Radar,4,31,17,0,52,0,0,37,0,37,4,31,54,0,89,54,0,54,143
05/04/2011,CPR,WY,ANM,WE,Combined TRACON& Tower with Radar,4,31,24,0,59,0,0,12,0,12,4,31,36,0,71,24,0,24,95
05/05/2011,CPR,WY,ANM,WE,Combined TRACON& Tower with Radar,4,29,25,6,64,0,2,32,0,34,4,31,57,6,98,70,0,70,168
05/06/2011,CPR,WY,ANM,WE,Combined TRACON& Tower with Radar,6,34,13,0,53,0,3,55,0,58,6,37,68,0,111,96,0,96,207
05/07/2011,CPR,WY,ANM,WE,Combined TRACON& Tower with Radar,1,18,7,2,28,0,0,18,0,18,1,18,25,2,46,36,0,36,82
05/08/2011,CPR,WY,ANM,WE,Combined TRACON& Tower with Radar,0,10,3,6,19,0,0,19,0,19,0,10,22,6,38,36,0,36,74
05/09/2011,CPR,WY,ANM,WE,Combined TRACON& Tower with Radar,4,33,11,0,48,0,0,13,0,13,4,33,24,0,61,16,0,16,77
05/10/2011,CPR,WY,ANM,WE,Combined TRACON& Tower with Radar,2,15,7,0,24,0,0,14,0,14,2,15,21,0,38,54,0,54,92
05/11/2011,CPR,WY,ANM,WE,Combined TRACON& Tower with Radar,2,26,35,0,63,0,0,27,0,27,2,26,62,0,90,42,0,42,132
05/12/2011,CPR,WY,ANM,WE,Combined TRACON& Tower with Radar,3,31,21,0,55,0,1,32,1,34,3,32,53,1,89,54,0,54,143
05/13/2011,CPR,WY,ANM,WE,Combined TRACON& Tower with Radar,5,26,17,0,48,0,1,79,0,80,5,27,96,0,128,82,0,82,210
05/14/2011,CPR,WY,ANM,WE,Combined TRACON& Tower with Radar,2,17,8,0,27,0,0,11,0,11,2,17,19,0,38,0,0,0,38
05/15/2011,CPR,WY,ANM,WE,Combined TRACON& Tower with Radar,0,12,10,1,23,0,0,22,0,22,0,12,32,1,45,36,0,36,81
05/16/2011,CPR,WY,ANM,WE,Combined TRACON& Tower with Radar,4,26,14,0,44,0,0,49,0,49,4,26,63,0,93,52,0,52,145
05/17/2011,CPR,WY,ANM,WE,Combined TRACON& Tower with Radar,4,43,22,1,70,0,0,22,0,22,4,43,44,1,92,66,0,66,158
05/18/2011,CPR,WY,ANM,WE,Combined TRACON& Tower with Radar,5,40,23,1,69,0,0,4,3,7,5,40,27,4,76,0,0,0,76
05/19/2011,CPR,WY,ANM,WE,Combined TRACON& Tower with Radar,4,42,17,0,63,0,0,2,0,2,4,42,19,0,65,0,0,0,65
05/20/2011,CPR,WY,ANM,WE,Combined TRACON& Tower with Radar,5,43,17,0,65,0,0,6,0,6,5,43,23,0,71,0,0,0,71
05/21/2011,CPR,WY,ANM,WE,Combined TRACON& Tower with Radar,6,21,4,0,31,0,0,2,0,2,6,21,6,0,33,0,0,0,33
05/22/2011,CPR,WY,ANM,WE,Combined TRACON& Tower with Radar,0,14,9,0,23,0,0,12,0,12,0,14,21,0,35,22,0,22,57
05/23/2011,CPR,WY,ANM,WE,Combined TRACON& Tower with Radar,4,26,17,0,47,0,1,28,0,29,4,27,45,0,76,42,0,42,118
05/24/2011,CPR,WY,ANM,WE,Combined TRACON& Tower with Radar,3,32,24,0,59,0,0,17,0,17,3,32,41,0,76,36,0,36,112
05/25/2011,CPR,WY,ANM,WE,Combined TRACON& Tower with Radar,3,35,24,1,63,0,0,15,1,16,3,35,39,2,79,0,0,0,79
05/26/2011,CPR,WY,ANM,WE,Combined TRACON& Tower with Radar,4,38,20,4,66,0,0,19,0,19,4,38,39,4,85,36,12,48,133
05/27/2011,CPR,WY,ANM,WE,Combined TRACON& Tower with Radar,6,31,14,1,52,0,2,33,0,35,6,33,47,1,87,4,0,4,91
05/28/2011,CPR,WY,ANM,WE,Combined TRACON& Tower with Radar,2,16,2,0,20,0,0,11,0,11,2,16,13,0,31,20,0,20,51
05/29/2011,CPR,WY,ANM,WE,Combined TRACON& Tower with Radar,0,21,2,0,23,0,0,0,0,0,0,21,2,0,23,0,0,0,23
05/30/2011,CPR,WY,ANM,WE,Combined TRACON& Tower with Radar,2,27,5,0,34,0,0,0,0,0,2,27,5,0,34,0,0,0,34
05/31/2011,CPR,WY,ANM,WE,Combined TRACON& Tower with Radar,1,31,19,0,51,0,1,33,4,38,1,32,52,4,89,56,0,56,145
06/01/2011,CPR,WY,ANM,WE,Combined TRACON& Tower with Radar,4,31,7,0,42,0,3,47,0,50,4,34,54,0,92,88,0,88,180
06/02/2011,CPR,WY,ANM,WE,Combined TRACON& Tower with Radar,3,35,20,0,58,0,4,34,0,38,3,39,54,0,96,66,0,66,162
06/03/2011,CPR,WY,ANM,WE,Combined TRACON& Tower with Radar,4,36,9,0,49,0,0,32,0,32,4,36,41,0,81,64,0,64,145
06/04/2011,CPR,WY,ANM,WE,Combined TRACON& Tower with Radar,2,19,4,0,25,0,0,34,0,34,2,19,38,0,59,72,0,72,131
06/05/2011,CPR,WY,ANM,WE,Combined TRACON& Tower with Radar,0,15,13,0,28,0,0,44,0,44,0,15,57,0,72,50,0,50,122
06/06/2011,CPR,WY,ANM,WE,Combined TRACON& Tower with Radar,4,31,23,0,58,0,1,41,0,42,4,32,64,0,100,50,0,50,150
06/07/2011,CPR,WY,ANM,WE,Combined TRACON& Tower with Radar,3,31,18,0,52,0,10,10,0,20,3,41,28,0,72,10,0,10,82
06/08/2011,CPR,WY,ANM,WE,Combined TRACON& Tower with Radar,2,37,35,2,76,0,0,24,0,24,2,37,59,2,100,28,0,28,128
06/09/2011,CPR,WY,ANM,WE,Combined TRACON& Tower with Radar,4,34,19,4,61,0,3,14,0,17,4,37,33,4,78,34,0,34,112
06/10/2011,CPR,WY,ANM,WE,Combined TRACON& Tower with Radar,5,34,16,0,55,0,1,41,0,42,5,35,57,0,97,108,0,108,205
06/11/2011,CPR,WY,ANM,WE,Combined TRACON& Tower with Radar,2,25,12,0,39,0,2,28,0,30,2,27,40,0,69,64,0,64,133
06/12/2011,CPR,WY,ANM,WE,Combined TRACON& Tower with Radar,0,17,13,3,33,0,0,39,0,39,0,17,52,3,72,18,0,18,90
06/13/2011,CPR,WY,ANM,WE,Combined TRACON& Tower with Radar,3,24,20,0,47,0,0,54,0,54,3,24,74,0,101,68,0,68,169
06/14/2011,CPR,WY,ANM,WE,Combined TRACON& Tower with Radar,4,36,16,0,56,0,0,34,0,34,4,36,50,0,90,42,0,42,132
06/15/2011,CPR,WY,ANM,WE,Combined TRACON& Tower with Radar,3,42,30,0,75,0,0,65,0,65,3,42,95,0,140,36,0,36,176
06/16/2011,CPR,WY,ANM,WE,Combined TRACON& Tower with Radar,4,34,29,0,67,0,1,19,0,20,4,35,48,0,87,0,0,0,87
06/17/2011,CPR,WY,ANM,WE,Combined TRACON& Tower with Radar,7,35,21,3,66,0,0,26,0,26,7,35,47,3,92,38,0,38,130
06/18/2011,CPR,WY,ANM,WE,Combined TRACON& Tower with Radar,4,19,5,0,28,0,0,29,0,29,4,19,34,0,57,0,0,0,57
06/19/2011,CPR,WY,ANM,WE,Combined TRACON& Tower with Radar,0,18,6,1,25,0,2,13,0,15,0,20,19,1,40,8,0,8,48
06/20/2011,CPR,WY,ANM,WE,Combined TRACON& Tower with Radar,7,30,11,0,48,0,0,13,0,13,7,30,24,0,61,16,0,16,77
06/21/2011,CPR,WY,ANM,WE,Combined TRACON& Tower with Radar,3,36,22,0,61,0,1,61,0,62,3,37,83,0,123,48,0,48,171
06/22/2011,CPR,WY,ANM,WE,Combined TRACON& Tower with Radar,4,37,23,14,78,0,1,77,0,78,4,38,100,14,156,68,8,76,232
06/23/2011,CPR,WY,ANM,WE,Combined TRACON& Tower with Radar,3,33,23,0,59,0,1,40,0,41,3,34,63,0,100,44,0,44,144
06/24/2011,CPR,WY,ANM,WE,Combined TRACON& Tower with Radar,6,33,16,0,55,0,1,24,0,25,6,34,40,0,80,8,0,8,88
06/25/2011,CPR,WY,ANM,WE,Combined TRACON& Tower with Radar,2,26,7,0,35,0,0,24,0,24,2,26,31,0,59,10,0,10,69
06/26/2011,CPR,WY,ANM,WE,Combined TRACON& Tower with Radar,0,14,3,0,17,0,2,10,0,12,0,16,13,0,29,0,0,0,29
06/27/2011,CPR,WY,ANM,WE,Combined TRACON& Tower with Radar,4,30,13,0,47,0,0,40,0,40,4,30,53,0,87,54,0,54,141
06/28/2011,CPR,WY,ANM,WE,Combined TRACON& Tower with Radar,2,38,18,2,60,0,0,35,0,35,2,38,53,2,95,64,0,64,159
06/29/2011,CPR,WY,ANM,WE,Combined TRACON& Tower with Radar,4,38,19,4,65,0,0,16,0,16,4,38,35,4,81,2,0,2,83
06/30/2011,CPR,WY,ANM,WE,Combined TRACON& Tower with Radar,3,36,11,0,50,0,2,24,0,26,3,38,35,0,76,18,0,18,94
07/01/2011,CPR,WY,ANM,WE,Combined TRACON& Tower with Radar,5,35,11,0,51,0,2,49,0,51,5,37,60,0,102,12,0,12,114
07/02/2011,CPR,WY,ANM,WE,Combined TRACON& Tower with Radar,2,24,10,0,36,0,0,27,0,27,2,24,37,0,63,28,0,28,91
07/03/2011,CPR,WY,ANM,WE,Combined TRACON& Tower with Radar,0,11,13,0,24,0,0,24,0,24,0,11,37,0,48,16,0,16,64
07/04/2011,CPR,WY,ANM,WE,Combined TRACON& Tower with Radar,2,14,4,0,20,0,0,11,0,11,2,14,15,0,31,0,0,0,31
07/05/2011,CPR,WY,ANM,WE,Combined TRACON& Tower with Radar,2,29,18,0,49,0,0,29,0,29,2,29,47,0,78,6,0,6,84
07/06/2011,CPR,WY,ANM,WE,Combined TRACON& Tower with Radar,7,27,16,0,50,0,0,45,0,45,7,27,61,0,95,20,0,20,115
07/07/2011,CPR,WY,ANM,WE,Combined TRACON& Tower with Radar,4,35,19,4,62,0,2,49,0,51,4,37,68,4,113,12,0,12,125
07/08/2011,CPR,WY,ANM,WE,Combined TRACON& Tower with Radar,5,33,11,0,49,0,0,26,0,26,5,33,37,0,75,38,0,38,113
07/09/2011,CPR,WY,ANM,WE,Combined TRACON& Tower with Radar,2,19,5,0,26,0,0,19,0,19,2,19,24,0,45,6,0,6,51
07/10/2011,CPR,WY,ANM,WE,Combined TRACON& Tower with Radar,0,19,13,0,32,0,0,10,0,10,0,19,23,0,42,10,0,10,52
07/11/2011,CPR,WY,ANM,WE,Combined TRACON& Tower with Radar,4,30,27,0,61,0,1,23,0,24,4,31,50,0,85,12,0,12,97
07/12/2011,CPR,WY,ANM,WE,Combined TRACON& Tower with Radar,3,30,22,0,55,0,2,13,0,15,3,32,35,0,70,36,0,36,106
07/13/2011,CPR,WY,ANM,WE,Combined TRACON& Tower with Radar,4,32,22,2,60,0,2,28,0,30,4,34,50,2,90,82,6,88,178
07/14/2011,CPR,WY,ANM,WE,Combined TRACON& Tower with Radar,3,32,34,0,69,0,1,27,0,28,3,33,61,0,97,38,0,38,135
07/15/2011,CPR,WY,ANM,WE,Combined TRACON& Tower with Radar,4,27,17,8,56,0,3,35,0,38,4,30,52,8,94,50,6,56,150
07/16/2011,CPR,WY,ANM,WE,Combined TRACON& Tower with Radar,2,21,7,0,30,0,0,25,0,25,2,21,32,0,55,52,0,52,107
07/17/2011,CPR,WY,ANM,WE,Combined TRACON& Tower with Radar,0,19,21,0,40,0,0,19,0,19,0,19,40,0,59,6,0,6,65
07/18/2011,CPR,WY,ANM,WE,Combined TRACON& Tower with Radar,6,34,10,0,50,0,0,32,0,32,6,34,42,0,82,30,0,30,112
07/19/2011,CPR,WY,ANM,WE,Combined TRACON& Tower with Radar,3,33,14,0,50,0,3,25,0,28,3,36,39,0,78,18,0,18,96
07/20/2011,CPR,WY,ANM,WE,Combined TRACON& Tower with Radar,3,43,14,0,60,0,0,23,0,23,3,43,37,0,83,10,0,10,93
07/21/2011,CPR,WY,ANM,WE,Combined TRACON& Tower with Radar,3,34,23,0,60,0,1,50,0,51,3,35,73,0,111,4,0,4,115
07/22/2011,CPR,WY,ANM,WE,Combined TRACON& Tower with Radar,7,33,12,2,54,0,0,27,0,27,7,33,39,2,81,30,0,30,111
07/23/2011,CPR,WY,ANM,WE,Combined TRACON& Tower with Radar,2,20,18,0,40,0,1,44,0,45,2,21,62,0,85,30,0,30,115
07/24/2011,CPR,WY,ANM,WE,Combined TRACON& Tower with Radar,0,16,14,2,32,0,0,36,0,36,0,16,50,2,68,50,0,50,118
07/25/2011,CPR,WY,ANM,WE,Combined TRACON& Tower with Radar,4,24,18,10,56,0,1,48,6,55,4,25,66,16,111,102,22,124,235
07/26/2011,CPR,WY,ANM,WE,Combined TRACON& Tower with Radar,1,49,14,0,64,0,11,21,0,32,1,60,35,0,96,28,0,28,124
07/27/2011,CPR,WY,ANM,WE,Combined TRACON& Tower with Radar,3,36,20,0,59,0,1,32,0,33,3,37,52,0,92,12,0,12,104
07/28/2011,CPR,WY,ANM,WE,Combined TRACON& Tower with Radar,4,37,31,0,72,0,1,58,0,59,4,38,89,0,131,66,0,66,197
07/29/2011,CPR,WY,ANM,WE,Combined TRACON& Tower with Radar,5,27,19,0,51,0,1,43,0,44,5,28,62,0,95,18,0,18,113
07/30/2011,CPR,WY,ANM,WE,Combined TRACON& Tower with Radar,2,22,8,0,32,0,0,36,0,36,2,22,44,0,68,42,0,42,110
07/31/2011,CPR,WY,ANM,WE,Combined TRACON& Tower with Radar,1,21,10,0,32,0,0,29,0,29,1,21,39,0,61,52,0,52,113
08/01/2011,CPR,WY,ANM,WE,Combined TRACON& Tower with Radar,4,24,10,0,38,0,0,31,0,31,4,24,41,0,69,16,0,16,85
08/02/2011,CPR,WY,ANM,WE,Combined TRACON& Tower with Radar,3,34,15,0,52,0,0,36,0,36,3,34,51,0,88,48,0,48,136
08/03/2011,CPR,WY,ANM,WE,Combined TRACON& Tower with Radar,2,27,17,4,50,0,3,38,0,41,2,30,55,4,91,16,16,32,123
08/04/2011,CPR,WY,ANM,WE,Combined TRACON& Tower with Radar,4,36,16,0,56,0,0,27,0,27,4,36,43,0,83,40,0,40,123
08/05/2011,CPR,WY,ANM,WE,Combined TRACON& Tower with Radar,5,31,18,2,56,0,0,29,0,29,5,31,47,2,85,18,0,18,103
08/06/2011,CPR,WY,ANM,WE,Combined TRACON& Tower with Radar,4,21,8,0,33,0,0,43,0,43,4,21,51,0,76,62,0,62,138
08/07/2011,CPR,WY,ANM,WE,Combined TRACON& Tower with Radar,0,23,14,0,37,0,0,37,0,37,0,23,51,0,74,38,0,38,112
08/08/2011,CPR,WY,ANM,WE,Combined TRACON& Tower with Radar,4,28,23,0,55,0,0,29,0,29,4,28,52,0,84,38,0,38,122
08/09/2011,CPR,WY,ANM,WE,Combined TRACON& Tower with Radar,6,31,21,0,58,0,1,36,0,37,6,32,57,0,95,58,0,58,153
08/10/2011,CPR,WY,ANM,WE,Combined TRACON& Tower with Radar,4,29,15,0,48,0,2,41,1,44,4,31,56,1,92,32,0,32,124
08/11/2011,CPR,WY,ANM,WE,Combined TRACON& Tower with Radar,3,39,19,2,63,0,0,35,1,36,3,39,54,3,99,64,0,64,163
08/12/2011,CPR,WY,ANM,WE,Combined TRACON& Tower with Radar,4,35,16,0,55,0,2,39,0,41,4,37,55,0,96,32,0,32,128
08/13/2011,CPR,WY,ANM,WE,Combined TRACON& Tower with Radar,2,21,9,0,32,0,0,47,0,47,2,21,56,0,79,83,0,83,162
08/14/2011,CPR,WY,ANM,WE,Combined TRACON& Tower with Radar,0,14,22,0,36,0,0,26,0,26,0,14,48,0,62,44,0,44,106
08/15/2011,CPR,WY,ANM,WE,Combined TRACON& Tower with Radar,3,22,29,0,54,0,1,38,0,39,3,23,67,0,93,22,0,22,115
08/16/2011,CPR,WY,ANM,WE,Combined TRACON& Tower with Radar,5,40,25,0,70,0,1,56,0,57,5,41,81,0,127,70,0,70,197
08/17/2011,CPR,WY,ANM,WE,Combined TRACON& Tower with Radar,1,34,21,4,60,0,6,52,2,60,1,40,73,6,120,82,0,82,202
08/18/2011,CPR,WY,ANM,WE,Combined TRACON& Tower with Radar,3,32,25,0,60,0,1,62,0,63,3,33,87,0,123,90,0,90,213
08/19/2011,CPR,WY,ANM,WE,Combined TRACON& Tower with Radar,3,35,18,0,56,0,0,40,0,40,3,35,58,0,96,36,0,36,132
08/20/2011,CPR,WY,ANM,WE,Combined TRACON& Tower with Radar,2,19,17,0,38,0,2,20,1,23,2,21,37,1,61,44,0,44,105
08/21/2011,CPR,WY,ANM,WE,Combined TRACON& Tower with Radar,0,13,6,9,28,0,0,32,2,34,0,13,38,11,62,28,0,28,90
08/22/2011,CPR,WY,ANM,WE,Combined TRACON& Tower with Radar,2,25,16,0,43,0,1,38,1,40,2,26,54,1,83,16,0,16,99
08/23/2011,CPR,WY,ANM,WE,Combined TRACON& Tower with Radar,4,34,19,5,62,0,2,70,6,78,4,36,89,11,140,50,0,50,190
08/24/2011,CPR,WY,ANM,WE,Combined TRACON& Tower with Radar,5,35,42,0,82,0,4,48,0,52,5,39,90,0,134,62,0,62,196
08/25/2011,CPR,WY,ANM,WE,Combined TRACON& Tower with Radar,4,35,18,3,60,0,3,35,0,38,4,38,53,3,98,12,0,12,110
08/26/2011,CPR,WY,ANM,WE,Combined TRACON& Tower with Radar,2,38,11,4,55,0,6,43,3,52,2,44,54,7,107,38,0,38,145
08/27/2011,CPR,WY,ANM,WE,Combined TRACON& Tower with Radar,2,28,9,4,43,0,4,28,0,32,2,32,37,4,75,1,0,1,76
08/28/2011,CPR,WY,ANM,WE,Combined TRACON& Tower with Radar,2,14,12,2,30,0,2,54,32,88,2,16,66,34,118,30,0,30,148
08/29/2011,CPR,WY,ANM,WE,Combined TRACON& Tower with Radar,2,28,20,0,50,0,2,20,0,22,2,30,40,0,72,18,0,18,90
08/30/2011,CPR,WY,ANM,WE,Combined TRACON& Tower with Radar,3,36,21,2,62,0,3,46,0,49,3,39,67,2,111,64,0,64,175
08/31/2011,CPR,WY,ANM,WE,Combined TRACON& Tower with Radar,2,34,19,4,59,0,6,53,0,59,2,40,72,4,118,6,0,6,124
09/01/2011,CPR,WY,ANM,WE,Combined TRACON& Tower with Radar,5,38,26,2,71,0,4,26,0,30,5,42,52,2,101,12,0,12,113
09/02/2011,CPR,WY,ANM,WE,Combined TRACON& Tower with Radar,3,31,9,4,47,0,0,28,0,28,3,31,37,4,75,12,0,12,87
09/03/2011,CPR,WY,ANM,WE,Combined TRACON& Tower with Radar,2,22,10,0,34,0,0,44,0,44,2,22,54,0,78,70,0,70,148
09/04/2011,CPR,WY,ANM,WE,Combined TRACON& Tower with Radar,0,12,4,0,16,0,0,27,0,27,0,12,31,0,43,30,0,30,73
09/05/2011,CPR,WY,ANM,WE,Combined TRACON& Tower with Radar,0,15,6,4,25,0,0,19,0,19,0,15,25,4,44,0,0,0,44
09/06/2011,CPR,WY,ANM,WE,Combined TRACON& Tower with Radar,1,30,16,2,49,0,1,19,0,20,1,31,35,2,69,26,0,26,95
09/07/2011,CPR,WY,ANM,WE,Combined TRACON& Tower with Radar,6,35,29,1,71,0,4,30,0,34,6,39,59,1,105,22,0,22,127
09/08/2011,CPR,WY,ANM,WE,Combined TRACON& Tower with Radar,3,32,13,0,48,0,1,44,2,47,3,33,57,2,95,16,0,16,111
09/09/2011,CPR,WY,ANM,WE,Combined TRACON& Tower with Radar,3,29,14,2,48,0,3,30,0,33,3,32,44,2,81,26,0,26,107
09/10/2011,CPR,WY,ANM,WE,Combined TRACON& Tower with Radar,2,17,15,0,34,0,0,31,0,31,2,17,46,0,65,30,0,30,95
09/11/2011,CPR,WY,ANM,WE,Combined TRACON& Tower with Radar,0,9,7,2,18,0,0,33,0,33,0,9,40,2,51,94,0,94,145
09/12/2011,CPR,WY,ANM,WE,Combined TRACON& Tower with Radar,2,28,27,0,57,0,2,38,1,41,2,30,65,1,98,1,0,1,99
09/13/2011,CPR,WY,ANM,WE,Combined TRACON& Tower with Radar,4,31,21,5,61,0,3,33,11,47,4,34,54,16,108,32,0,32,140
09/14/2011,CPR,WY,ANM,WE,Combined TRACON& Tower with Radar,5,30,30,1,66,0,0,20,1,21,5,30,50,2,87,32,0,32,119
09/15/2011,CPR,WY,ANM,WE,Combined TRACON& Tower with Radar,4,34,47,14,99,0,3,48,0,51,4,37,95,14,150,64,16,80,230
09/16/2011,CPR,WY,ANM,WE,Combined TRACON& Tower with Radar,4,40,13,2,59,0,6,38,0,44,4,46,51,2,103,50,0,50,153
09/17/2011,CPR,WY,ANM,WE,Combined TRACON& Tower with Radar,2,20,11,2,35,0,0,31,0,31,2,20,42,2,66,38,0,38,104
09/18/2011,CPR,WY,ANM,WE,Combined TRACON& Tower with Radar,0,10,11,2,23,0,0,27,0,27,0,10,38,2,50,23,0,23,73
09/19/2011,CPR,WY,ANM,WE,Combined TRACON& Tower with Radar,2,33,17,0,52,0,4,35,0,39,2,37,52,0,91,8,0,8,99
09/20/2011,CPR,WY,ANM,WE,Combined TRACON& Tower with Radar,3,37,22,4,66,0,4,50,1,55,3,41,72,5,121,62,0,62,183
09/21/2011,CPR,WY,ANM,WE,Combined TRACON& Tower with Radar,4,36,21,0,61,0,3,70,0,73,4,39,91,0,134,68,0,68,202
09/22/2011,CPR,WY,ANM,WE,Combined TRACON& Tower with Radar,2,31,18,0,51,0,1,53,0,54,2,32,71,0,105,48,0,48,153
09/23/2011,CPR,WY,ANM,WE,Combined TRACON& Tower with Radar,3,27,15,6,51,0,1,60,0,61,3,28,75,6,112,42,10,52,164
09/24/2011,CPR,WY,ANM,WE,Combined TRACON& Tower with Radar,2,20,9,2,33,0,1,35,0,36,2,21,44,2,69,50,0,50,119
09/25/2011,CPR,WY,ANM,WE,Combined TRACON& Tower with Radar,0,10,10,0,20,0,1,23,0,24,0,11,33,0,44,76,0,76,120
09/26/2011,CPR,WY,ANM,WE,Combined TRACON& Tower with Radar,1,26,23,0,50,0,4,29,0,33,1,30,52,0,83,46,0,46,129
09/27/2011,CPR,WY,ANM,WE,Combined TRACON& Tower with Radar,3,32,23,0,58,0,1,27,0,28,3,33,50,0,86,48,0,48,134
09/28/2011,CPR,WY,ANM,WE,Combined TRACON& Tower with Radar,3,34,19,0,56,0,6,31,0,37,3,40,50,0,93,30,0,30,123
09/29/2011,CPR,WY,ANM,WE,Combined TRACON& Tower with Radar,3,35,23,0,61,0,6,43,0,49,3,41,66,0,110,62,0,62,172
09/30/2011,CPR,WY,ANM,WE,Combined TRACON& Tower with Radar,6,29,10,0,45,0,2,50,0,52,6,31,60,0,97,42,0,42,139
10/01/2011,CPR,WY,ANM,WE,Combined TRACON& Tower with Radar,3,21,9,0,33,0,1,35,1,37,3,22,44,1,70,32,0,32,102
10/02/2011,CPR,WY,ANM,WE,Combined TRACON& Tower with Radar,0,15,10,0,25,0,0,20,0,20,0,15,30,0,45,10,0,10,55
10/03/2011,CPR,WY,ANM,WE,Combined TRACON& Tower with Radar,4,27,11,0,42,0,0,39,0,39,4,27,50,0,81,106,0,106,187
10/04/2011,CPR,WY,ANM,WE,Combined TRACON& Tower with Radar,2,34,15,0,51,0,0,33,0,33,2,34,48,0,84,80,0,80,164
10/05/2011,CPR,WY,ANM,WE,Combined TRACON& Tower with Radar,5,41,12,2,60,0,2,12,1,15,5,43,24,3,75,14,0,14,89
10/06/2011,CPR,WY,ANM,WE,Combined TRACON& Tower with Radar,4,29,17,0,50,0,0,3,0,3,4,29,20,0,53,21,0,21,74
10/07/2011,CPR,WY,ANM,WE,Combined TRACON& Tower with Radar,3,28,18,8,57,0,0,5,0,5,3,28,23,8,62,0,0,0,62
10/08/2011,CPR,WY,ANM,WE,Combined TRACON& Tower with Radar,4,19,8,0,31,0,0,0,0,0,4,19,8,0,31,0,0,0,31
10/09/2011,CPR,WY,ANM,WE,Combined TRACON& Tower with Radar,0,18,10,0,28,0,0,7,0,7,0,18,17,0,35,14,0,14,49
10/10/2011,CPR,WY,ANM,WE,Combined TRACON& Tower with Radar,2,24,15,0,41,0,4,33,0,37,2,28,48,0,78,86,0,86,164
10/11/2011,CPR,WY,ANM,WE,Combined TRACON& Tower with Radar,4,36,23,0,63,0,2,8,0,10,4,38,31,0,73,16,0,16,89
10/12/2011,CPR,WY,ANM,WE,Combined TRACON& Tower with Radar,4,33,20,4,61,0,2,38,0,40,4,35,58,4,101,58,0,58,159
10/13/2011,CPR,WY,ANM,WE,Combined TRACON& Tower with Radar,6,43,31,12,92,0,3,37,4,44,6,46,68,16,136,72,26,98,234
10/14/2011,CPR,WY,ANM,WE,Combined TRACON& Tower with Radar,4,31,13,14,62,0,0,29,0,29,4,31,42,14,91,52,10,62,153
10/15/2011,CPR,WY,ANM,WE,Combined TRACON& Tower with Radar,4,22,8,2,36,0,0,18,2,20,4,22,26,4,56,10,0,10,66
10/16/2011,CPR,WY,ANM,WE,Combined TRACON& Tower with Radar,0,15,13,5,33,0,0,25,0,25,0,15,38,5,58,16,0,16,74
10/17/2011,CPR,WY,ANM,WE,Combined TRACON& Tower with Radar,1,31,10,0,42,0,0,5,0,5,1,31,15,0,47,8,0,8,55
10/18/2011,CPR,WY,ANM,WE,Combined TRACON& Tower with Radar,4,34,25,0,63,0,0,35,0,35,4,34,60,0,98,40,0,40,138
10/19/2011,CPR,WY,ANM,WE,Combined TRACON& Tower with Radar,4,33,24,0,61,0,2,52,1,55,4,35,76,1,116,32,0,32,148
10/20/2011,CPR,WY,ANM,WE,Combined TRACON& Tower with Radar,2,29,20,0,51,0,0,56,0,56,2,29,76,0,107,34,0,34,141
10/21/2011,CPR,WY,ANM,WE,Combined TRACON& Tower with Radar,3,37,34,2,76,0,1,31,0,32,3,38,65,2,108,12,0,12,120
10/22/2011,CPR,WY,ANM,WE,Combined TRACON& Tower with Radar,2,19,6,0,27,0,0,21,0,21,2,19,27,0,48,12,0,12,60
10/23/2011,CPR,WY,ANM,WE,Combined TRACON& Tower with Radar,0,11,5,0,16,0,0,37,0,37,0,11,42,0,53,32,0,32,85
10/24/2011,CPR,WY,ANM,WE,Combined TRACON& Tower with Radar,1,28,12,0,41,0,0,13,0,13,1,28,25,0,54,8,0,8,62
10/25/2011,CPR,WY,ANM,WE,Combined TRACON& Tower with Radar,2,31,16,2,51,0,1,0,0,1,2,32,16,2,52,0,0,0,52
10/26/2011,CPR,WY,ANM,WE,Combined TRACON& Tower with Radar,3,27,24,0,54,0,1,11,0,12,3,28,35,0,66,0,0,0,66
10/27/2011,CPR,WY,ANM,WE,Combined TRACON& Tower with Radar,3,32,22,0,57,0,0,58,1,59,3,32,80,1,116,86,0,86,202
10/28/2011,CPR,WY,ANM,WE,Combined TRACON& Tower with Radar,4,29,17,0,50,0,0,35,0,35,4,29,52,0,85,70,0,70,155
10/29/2011,CPR,WY,ANM,WE,Combined TRACON& Tower with Radar,2,17,1,0,20,0,0,3,0,3,2,17,4,0,23,0,0,0,23
10/30/2011,CPR,WY,ANM,WE,Combined TRACON& Tower with Radar,0,9,9,0,18,0,0,21,0,21,0,9,30,0,39,48,0,48,87
10/31/2011,CPR,WY,ANM,WE,Combined TRACON& Tower with Radar,2,25,14,0,41,0,2,26,0,28,2,27,40,0,69,4,0,4,73
11/01/2011,CPR,WY,ANM,WE,Combined TRACON& Tower with Radar,3,22,14,0,39,0,0,0,0,0,3,22,14,0,39,0,0,0,39
11/02/2011,CPR,WY,ANM,WE,Combined TRACON& Tower with Radar,2,25,23,0,50,0,1,19,0,20,2,26,42,0,70,8,0,8,78
11/03/2011,CPR,WY,ANM,WE,Combined TRACON& Tower with Radar,3,34,16,0,53,0,0,13,0,13,3,34,29,0,66,0,0,0,66
11/04/2011,CPR,WY,ANM,WE,Combined TRACON& Tower with Radar,5,37,20,7,69,0,5,20,2,27,5,42,40,9,96,0,0,0,96
11/05/2011,CPR,WY,ANM,WE,Combined TRACON& Tower with Radar,2,21,4,0,27,0,1,22,0,23,2,22,26,0,50,54,0,54,104
11/06/2011,CPR,WY,ANM,WE,Combined TRACON& Tower with Radar,0,8,3,0,11,0,0,8,0,8,0,8,11,0,19,0,0,0,19
11/07/2011,CPR,WY,ANM,WE,Combined TRACON& Tower with Radar,1,32,10,0,43,0,0,23,0,23,1,32,33,0,66,24,0,24,90
11/08/2011,CPR,WY,ANM,WE,Combined TRACON& Tower with Radar,3,31,18,6,58,0,2,28,0,30,3,33,46,6,88,48,0,48,136
11/09/2011,CPR,WY,ANM,WE,Combined TRACON& Tower with Radar,4,38,20,0,62,0,0,36,0,36,4,38,56,0,98,30,0,30,128
11/10/2011,CPR,WY,ANM,WE,Combined TRACON& Tower with Radar,2,38,22,10,72,0,0,34,0,34,2,38,56,10,106,16,0,16,122
11/11/2011,CPR,WY,ANM,WE,Combined TRACON& Tower with Radar,5,33,20,0,58,0,0,16,0,16,5,33,36,0,74,0,0,0,74
11/12/2011,CPR,WY,ANM,WE,Combined TRACON& Tower with Radar,2,22,5,1,30,0,0,1,0,1,2,22,6,1,31,20,0,20,51
11/13/2011,CPR,WY,ANM,WE,Combined TRACON& Tower with Radar,0,14,6,8,28,0,4,8,0,12,0,18,14,8,40,10,0,10,50
11/14/2011,CPR,WY,ANM,WE,Combined TRACON& Tower with Radar,3,30,14,0,47,0,0,4,0,4,3,30,18,0,51,0,0,0,51
11/15/2011,CPR,WY,ANM,WE,Combined TRACON& Tower with Radar,4,33,21,0,58,0,11,17,0,28,4,44,38,0,86,40,0,40,126
11/16/2011,CPR,WY,ANM,WE,Combined TRACON& Tower with Radar,4,52,25,3,84,0,1,29,4,34,4,53,54,7,118,8,4,12,130
11/17/2011,CPR,WY,ANM,WE,Combined TRACON& Tower with Radar,4,39,22,0,65,0,0,5,0,5,4,39,27,0,70,18,0,18,88
11/18/2011,CPR,WY,ANM,WE,Combined TRACON& Tower with Radar,3,36,19,0,58,0,0,13,0,13,3,36,32,0,71,2,0,2,73
11/19/2011,CPR,WY,ANM,WE,Combined TRACON& Tower with Radar,3,19,6,0,28,0,1,5,0,6,3,20,11,0,34,30,0,30,64
11/20/2011,CPR,WY,ANM,WE,Combined TRACON& Tower with Radar,0,15,3,0,18,0,0,23,0,23,0,15,26,0,41,44,0,44,85
11/21/2011,CPR,WY,ANM,WE,Combined TRACON& Tower with Radar,4,32,13,0,49,0,4,22,0,26,4,36,35,0,75,32,0,32,107
11/22/2011,CPR,WY,ANM,WE,Combined TRACON& Tower with Radar,6,43,15,0,64,0,0,16,0,16,6,43,31,0,80,0,0,0,80
11/23/2011,CPR,WY,ANM,WE,Combined TRACON& Tower with Radar,3,38,7,0,48,0,0,28,0,28,3,38,35,0,76,4,0,4,80
11/24/2011,CPR,WY,ANM,WE,Combined TRACON& Tower with Radar,2,8,2,0,12,0,0,3,0,3,2,8,5,0,15,0,0,0,15
11/25/2011,CPR,WY,ANM,WE,Combined TRACON& Tower with Radar,3,32,7,1,43,0,2,8,0,10,3,34,15,1,53,4,0,4,57
11/26/2011,CPR,WY,ANM,WE,Combined TRACON& Tower with Radar,2,20,8,1,31,0,0,12,0,12,2,20,20,1,43,12,0,12,55
11/27/2011,CPR,WY,ANM,WE,Combined TRACON& Tower with Radar,0,20,7,0,27,0,0,13,0,13,0,20,20,0,40,0,0,0,40
11/28/2011,CPR,WY,ANM,WE,Combined TRACON& Tower with Radar,4,34,15,0,53,0,1,24,0,25,4,35,39,0,78,16,0,16,94
11/29/2011,CPR,WY,ANM,WE,Combined TRACON& Tower with Radar,4,33,14,2,53,0,1,22,0,23,4,34,36,2,76,46,0,46,122
11/30/2011,CPR,WY,ANM,WE,Combined TRACON& Tower with Radar,3,48,28,0,79,0,7,12,0,19,3,55,40,0,98,12,0,12,110
12/01/2011,CPR,WY,ANM,WE,Combined TRACON& Tower with Radar,4,33,34,0,71,0,3,1,0,4,4,36,35,0,75,0,0,0,75
12/02/2011,CPR,WY,ANM,WE,Combined TRACON& Tower with Radar,4,34,8,2,48,0,3,15,0,18,4,37,23,2,66,38,0,38,104
12/03/2011,CPR,WY,ANM,WE,Combined TRACON& Tower with Radar,2,15,6,0,23,0,2,15,0,17,2,17,21,0,40,16,0,16,56
12/04/2011,CPR,WY,ANM,WE,Combined TRACON& Tower with Radar,0,13,11,0,24,0,0,3,0,3,0,13,14,0,27,10,0,10,37
12/05/2011,CPR,WY,ANM,WE,Combined TRACON& Tower with Radar,3,36,24,0,63,0,6,33,0,39,3,42,57,0,102,50,0,50,152
12/06/2011,CPR,WY,ANM,WE,Combined TRACON& Tower with Radar,5,24,16,0,45,0,0,18,0,18,5,24,34,0,63,24,0,24,87
12/07/2011,CPR,WY,ANM,WE,Combined TRACON& Tower with Radar,6,31,19,0,56,0,0,24,0,24,6,31,43,0,80,24,0,24,104
12/08/2011,CPR,WY,ANM,WE,Combined TRACON& Tower with Radar,6,43,19,2,70,0,0,9,0,9,6,43,28,2,79,58,0,58,137
12/09/2011,CPR,WY,ANM,WE,Combined TRACON& Tower with Radar,4,45,8,0,57,0,0,25,0,25,4,45,33,0,82,41,0,41,123
12/10/2011,CPR,WY,ANM,WE,Combined TRACON& Tower with Radar,2,21,9,0,32,0,0,22,0,22,2,21,31,0,54,20,0,20,74
12/11/2011,CPR,WY,ANM,WE,Combined TRACON& Tower with Radar,0,16,7,0,23,0,0,20,0,20,0,16,27,0,43,16,0,16,59
12/12/2011,CPR,WY,ANM,WE,Combined TRACON& Tower with Radar,4,29,27,0,60,0,3,25,0,28,4,32,52,0,88,34,0,34,122
12/13/2011,CPR,WY,ANM,WE,Combined TRACON& Tower with Radar,5,33,31,2,71,0,0,35,0,35,5,33,66,2,106,40,0,40,146
12/14/2011,CPR,WY,ANM,WE,Combined TRACON& Tower with Radar,5,36,29,4,74,0,1,26,0,27,5,37,55,4,101,24,8,32,133
12/15/2011,CPR,WY,ANM,WE,Combined TRACON& Tower with Radar,6,37,12,0,55,0,2,36,0,38,6,39,48,0,93,42,0,42,135
12/16/2011,CPR,WY,ANM,WE,Combined TRACON& Tower with Radar,8,38,16,0,62,0,4,21,0,25,8,42,37,0,87,12,0,12,99
12/17/2011,CPR,WY,ANM,WE,Combined TRACON& Tower with Radar,2,23,6,0,31,0,0,30,0,30,2,23,36,0,61,36,0,36,97
12/18/2011,CPR,WY,ANM,WE,Combined TRACON& Tower with Radar,0,15,7,0,22,0,0,22,0,22,0,15,29,0,44,44,0,44,88
12/19/2011,CPR,WY,ANM,WE,Combined TRACON& Tower with Radar,4,28,12,2,46,0,0,6,0,6,4,28,18,2,52,0,0,0,52
12/20/2011,CPR,WY,ANM,WE,Combined TRACON& Tower with Radar,5,43,15,0,63,0,0,26,0,26,5,43,41,0,89,4,0,4,93
12/21/2011,CPR,WY,ANM,WE,Combined TRACON& Tower with Radar,5,33,15,0,53,0,0,0,0,0,5,33,15,0,53,0,0,0,53
12/22/2011,CPR,WY,ANM,WE,Combined TRACON& Tower with Radar,5,38,22,0,65,0,1,13,0,14,5,39,35,0,79,4,0,4,83
12/23/2011,CPR,WY,ANM,WE,Combined TRACON& Tower with Radar,7,37,7,0,51,0,1,11,0,12,7,38,18,0,63,2,0,2,65
12/24/2011,CPR,WY,ANM,WE,Combined TRACON& Tower with Radar,2,17,3,0,22,0,0,4,0,4,2,17,7,0,26,2,0,2,28
12/25/2011,CPR,WY,ANM,WE,Combined TRACON& Tower with Radar,0,7,0,0,7,0,0,4,0,4,0,7,4,0,11,0,0,0,11
12/26/2011,CPR,WY,ANM,WE,Combined TRACON& Tower with Radar,2,20,9,0,31,0,0,19,0,19,2,20,28,0,50,4,0,4,54
12/27/2011,CPR,WY,ANM,WE,Combined TRACON& Tower with Radar,1,28,13,0,42,0,0,15,0,15,1,28,28,0,57,12,0,12,69
12/28/2011,CPR,WY,ANM,WE,Combined TRACON& Tower with Radar,4,31,13,0,48,0,0,7,0,7,4,31,20,0,55,0,0,0,55
12/29/2011,CPR,WY,ANM,WE,Combined TRACON& Tower with Radar,3,35,4,0,42,0,2,10,0,12,3,37,14,0,54,2,0,2,56
12/30/2011,CPR,WY,ANM,WE,Combined TRACON& Tower with Radar,5,29,13,0,47,0,2,18,0,20,5,31,31,0,67,8,0,8,75
12/31/2011,CPR,WY,ANM,WE,Combined TRACON& Tower with Radar,2,16,3,0,21,0,0,3,0,3,2,16,6,0,24,10,0,10,34
01/01/2012,CPR,WY,ANM,WE,Combined TRACON& Tower with Radar,0,15,11,0,26,0,0,20,0,20,0,15,31,0,46,8,0,8,54
01/02/2012,CPR,WY,ANM,WE,Combined TRACON& Tower with Radar,1,11,4,0,16,0,0,18,0,18,1,11,22,0,34,0,0,0,34
01/03/2012,CPR,WY,ANM,WE,Combined TRACON& Tower with Radar,1,23,9,0,33,0,0,28,0,28,1,23,37,0,61,2,0,2,63
01/04/2012,CPR,WY,ANM,WE,Combined TRACON& Tower with Radar,4,33,18,0,55,0,3,24,0,27,4,36,42,0,82,24,0,24,106
01/05/2012,CPR,WY,ANM,WE,Combined TRACON& Tower with Radar,3,33,22,0,58,1,0,32,0,33,4,33,54,0,91,16,0,16,107
01/06/2012,CPR,WY,ANM,WE,Combined TRACON& Tower with Radar,5,32,9,7,53,0,2,44,0,46,5,34,53,7,99,64,0,64,163
01/07/2012,CPR,WY,ANM,WE,Combined TRACON& Tower with Radar,2,16,4,0,22,0,0,34,0,34,2,16,38,0,56,32,0,32,88
01/08/2012,CPR,WY,ANM,WE,Combined TRACON& Tower with Radar,0,15,11,4,30,0,0,27,0,27,0,15,38,4,57,6,0,6,63
01/09/2012,CPR,WY,ANM,WE,Combined TRACON& Tower with Radar,3,28,13,0,44,0,0,36,0,36,3,28,49,0,80,0,0,0,80
01/10/2012,CPR,WY,ANM,WE,Combined TRACON& Tower with Radar,2,37,23,0,62,0,2,37,0,39,2,39,60,0,101,16,0,16,117
01/11/2012,CPR,WY,ANM,WE,Combined TRACON& Tower with Radar,3,36,18,0,57,0,1,13,0,14,3,37,31,0,71,54,0,54,125
01/12/2012,CPR,WY,ANM,WE,Combined TRACON& Tower with Radar,2,30,17,4,53,0,0,14,0,14,2,30,31,4,67,18,0,18,85
01/13/2012,CPR,WY,ANM,WE,Combined TRACON& Tower with Radar,4,32,20,3,59,0,0,27,0,27,4,32,47,3,86,4,0,4,90
01/14/2012,CPR,WY,ANM,WE,Combined TRACON& Tower with Radar,2,15,6,0,23,0,0,18,0,18,2,15,24,0,41,8,0,8,49
01/15/2012,CPR,WY,ANM,WE,Combined TRACON& Tower with Radar,0,18,9,4,31,0,1,8,0,9,0,19,17,4,40,0,0,0,40
01/16/2012,CPR,WY,ANM,WE,Combined TRACON& Tower with Radar,3,28,15,0,46,0,0,1,0,1,3,28,16,0,47,0,0,0,47
01/17/2012,CPR,WY,ANM,WE,Combined TRACON& Tower with Radar,4,36,24,0,64,0,0,20,0,20,4,36,44,0,84,0,0,0,84
01/18/2012,CPR,WY,ANM,WE,Combined TRACON& Tower with Radar,4,42,18,0,64,0,0,3,0,3,4,42,21,0,67,0,0,0,67
01/19/2012,CPR,WY,ANM,WE,Combined TRACON& Tower with Radar,4,41,20,0,65,0,0,8,0,8,4,41,28,0,73,0,0,0,73
01/20/2012,CPR,WY,ANM,WE,Combined TRACON& Tower with Radar,5,32,11,6,54,0,2,15,0,17,5,34,26,6,71,28,0,28,99
01/21/2012,CPR,WY,ANM,WE,Combined TRACON& Tower with Radar,2,16,7,0,25,0,1,1,0,2,2,17,8,0,27,0,0,0,27
01/22/2012,CPR,WY,ANM,WE,Combined TRACON& Tower with Radar,0,13,8,0,21,0,1,15,0,16,0,14,23,0,37,26,0,26,63
01/23/2012,CPR,WY,ANM,WE,Combined TRACON& Tower with Radar,4,27,11,0,42,0,2,29,0,31,4,29,40,0,73,40,0,40,113
01/24/2012,CPR,WY,ANM,WE,Combined TRACON& Tower with Radar,4,35,22,0,61,0,1,18,0,19,4,36,40,0,80,66,0,66,146
01/25/2012,CPR,WY,ANM,WE,Combined TRACON& Tower with Radar,4,39,23,0,66,0,0,11,0,11,4,39,34,0,77,0,0,0,77
01/26/2012,CPR,WY,ANM,WE,Combined TRACON& Tower with Radar,4,37,33,0,74,0,0,24,0,24,4,37,57,0,98,30,0,30,128
01/27/2012,CPR,WY,ANM,WE,Combined TRACON& Tower with Radar,6,35,11,0,52,0,1,16,0,17,6,36,27,0,69,32,0,32,101
01/28/2012,CPR,WY,ANM,WE,Combined TRACON& Tower with Radar,4,19,4,0,27,0,0,17,0,17,4,19,21,0,44,16,0,16,60
01/29/2012,CPR,WY,ANM,WE,Combined TRACON& Tower with Radar,0,12,9,2,23,0,0,9,0,9,0,12,18,2,32,0,0,0,32
01/30/2012,CPR,WY,ANM,WE,Combined TRACON& Tower with Radar,4,24,7,0,35,0,0,22,0,22,4,24,29,0,57,1,0,1,58
01/31/2012,CPR,WY,ANM,WE,Combined TRACON& Tower with Radar,5,39,19,0,63,0,0,32,0,32,5,39,51,0,95,36,0,36,131
02/01/2012,CPR,WY,ANM,WE,Combined TRACON& Tower with Radar,4,31,13,2,50,0,0,32,0,32,4,31,45,2,82,44,0,44,126
02/02/2012,CPR,WY,ANM,WE,Combined TRACON& Tower with Radar,2,40,30,2,74,0,1,9,0,10,2,41,39,2,84,0,0,0,84
02/03/2012,CPR,WY,ANM,WE,Combined TRACON& Tower with Radar,8,31,13,8,60,0,1,9,0,10,8,32,22,8,70,2,0,2,72
02/04/2012,CPR,WY,ANM,WE,Combined TRACON& Tower with Radar,2,20,8,4,34,0,0,27,0,27,2,20,35,4,61,10,10,20,81
02/05/2012,CPR,WY,ANM,WE,Combined TRACON& Tower with Radar,0,15,7,2,24,0,0,13,0,13,0,15,20,2,37,6,0,6,43
02/06/2012,CPR,WY,ANM,WE,Combined TRACON& Tower with Radar,3,27,6,0,36,0,1,24,0,25,3,28,30,0,61,32,0,32,93
02/07/2012,CPR,WY,ANM,WE,Combined TRACON& Tower with Radar,3,39,24,8,74,0,1,9,2,12,3,40,33,10,86,0,6,6,92
02/08/2012,CPR,WY,ANM,WE,Combined TRACON& Tower with Radar,4,35,24,0,63,0,0,32,0,32,4,35,56,0,95,50,0,50,145
02/09/2012,CPR,WY,ANM,WE,Combined TRACON& Tower with Radar,3,33,20,0,56,0,0,5,0,5,3,33,25,0,61,0,0,0,61
02/10/2012,CPR,WY,ANM,WE,Combined TRACON& Tower with Radar,4,25,20,11,60,0,1,10,0,11,4,26,30,11,71,6,0,6,77
02/11/2012,CPR,WY,ANM,WE,Combined TRACON& Tower with Radar,2,20,12,0,34,0,1,7,0,8,2,21,19,0,42,0,0,0,42
02/12/2012,CPR,WY,ANM,WE,Combined TRACON& Tower with Radar,0,14,4,2,20,0,0,19,0,19,0,14,23,2,39,6,0,6,45
02/13/2012,CPR,WY,ANM,WE,Combined TRACON& Tower with Radar,3,29,25,0,57,0,2,20,0,22,3,31,45,0,79,12,0,12,91
02/14/2012,CPR,WY,ANM,WE,Combined TRACON& Tower with Radar,4,37,19,0,60,0,4,32,0,36,4,41,51,0,96,16,0,16,112
02/15/2012,CPR,WY,ANM,WE,Combined TRACON& Tower with Radar,3,38,25,0,66,0,0,32,0,32,3,38,57,0,98,40,0,40,138
02/16/2012,CPR,WY,ANM,WE,Combined TRACON& Tower with Radar,4,30,19,2,55,0,0,42,0,42,4,30,61,2,97,78,0,78,175
02/17/2012,CPR,WY,ANM,WE,Combined TRACON& Tower with Radar,4,36,21,4,65,0,0,28,0,28,4,36,49,4,93,44,0,44,137
02/18/2012,CPR,WY,ANM,WE,Combined TRACON& Tower with Radar,2,20,15,0,37,0,0,33,0,33,2,20,48,0,70,26,0,26,96
02/19/2012,CPR,WY,ANM,WE,Combined TRACON& Tower with Radar,0,14,2,0,16,0,0,0,0,0,0,14,2,0,16,0,0,0,16
02/20/2012,CPR,WY,ANM,WE,Combined TRACON& Tower with Radar,3,31,30,0,64,0,1,31,0,32,3,32,61,0,96,36,0,36,132
02/21/2012,CPR,WY,ANM,WE,Combined TRACON& Tower with Radar,3,31,27,0,61,0,0,20,0,20,3,31,47,0,81,0,0,0,81
02/22/2012,CPR,WY,ANM,WE,Combined TRACON& Tower with Radar,3,31,32,0,66,0,0,15,0,15,3,31,47,0,81,0,0,0,81
02/23/2012,CPR,WY,ANM,WE,Combined TRACON& Tower with Radar,3,30,22,6,61,0,0,2,0,2,3,30,24,6,63,0,0,0,63
02/24/2012,CPR,WY,ANM,WE,Combined TRACON& Tower with Radar,5,30,20,0,55,0,5,46,0,51,5,35,66,0,106,16,0,16,122
02/25/2012,CPR,WY,ANM,WE,Combined TRACON& Tower with Radar,2,19,2,0,23,0,0,0,0,0,2,19,2,0,23,0,0,0,23
02/26/2012,CPR,WY,ANM,WE,Combined TRACON& Tower with Radar,0,14,7,0,21,0,0,7,0,7,0,14,14,0,28,0,0,0,28
02/27/2012,CPR,WY,ANM,WE,Combined TRACON& Tower with Radar,3,36,22,0,61,0,0,18,0,18,3,36,40,0,79,0,0,0,79
02/28/2012,CPR,WY,ANM,WE,Combined TRACON& Tower with Radar,3,29,12,0,44,0,0,1,0,1,3,29,13,0,45,0,0,0,45
02/29/2012,CPR,WY,ANM,WE,Combined TRACON& Tower with Radar,4,36,28,0,68,0,1,11,0,12,4,37,39,0,80,0,0,0,80
03/01/2012,CPR,WY,ANM,WE,Combined TRACON& Tower with Radar,6,32,19,0,57,0,2,21,0,23,6,34,40,0,80,6,0,6,86
03/02/2012,CPR,WY,ANM,WE,Combined TRACON& Tower with Radar,6,44,7,2,59,0,0,25,0,25,6,44,32,2,84,36,0,36,120
03/03/2012,CPR,WY,ANM,WE,Combined TRACON& Tower with Radar,2,29,8,0,39,0,0,12,0,12,2,29,20,0,51,18,0,18,69
03/04/2012,CPR,WY,ANM,WE,Combined TRACON& Tower with Radar,2,12,8,0,22,0,0,14,0,14,2,12,22,0,36,8,0,8,44
03/05/2012,CPR,WY,ANM,WE,Combined TRACON& Tower with Radar,3,24,5,0,32,0,0,27,0,27,3,24,32,0,59,0,0,0,59
03/06/2012,CPR,WY,ANM,WE,Combined TRACON& Tower with Radar,4,27,16,0,47,0,1,14,0,15,4,28,30,0,62,6,0,6,68
03/07/2012,CPR,WY,ANM,WE,Combined TRACON& Tower with Radar,3,35,21,1,60,0,2,14,0,16,3,37,35,1,76,38,0,38,114
03/08/2012,CPR,WY,ANM,WE,Combined TRACON& Tower with Radar,5,29,13,0,47,0,4,46,2,52,5,33,59,2,99,44,0,44,143
03/09/2012,CPR,WY,ANM,WE,Combined TRACON& Tower with Radar,7,36,12,0,55,0,0,32,0,32,7,36,44,0,87,42,0,42,129
03/10/2012,CPR,WY,ANM,WE,Combined TRACON& Tower with Radar,2,35,11,0,48,0,0,31,0,31,2,35,42,0,79,20,0,20,99
03/11/2012,CPR,WY,ANM,WE,Combined TRACON& Tower with Radar,2,14,15,0,31,0,0,39,0,39,2,14,54,0,70,34,0,34,104
03/12/2012,CPR,WY,ANM,WE,Combined TRACON& Tower with Radar,4,23,13,0,40,0,0,23,2,25,4,23,36,2,65,0,0,0,65
03/13/2012,CPR,WY,ANM,WE,Combined TRACON& Tower with Radar,4,28,7,0,39,0,1,13,0,14,4,29,20,0,53,6,0,6,59
03/14/2012,CPR,WY,ANM,WE,Combined TRACON& Tower with Radar,3,30,10,5,48,0,1,25,0,26,3,31,35,5,74,24,8,32,106
03/15/2012,CPR,WY,ANM,WE,Combined TRACON& Tower with Radar,3,31,19,0,53,0,0,42,1,43,3,31,61,1,96,36,0,36,132
03/16/2012,CPR,WY,ANM,WE,Combined TRACON& Tower with Radar,3,28,14,0,45,0,0,28,0,28,3,28,42,0,73,46,0,46,119
03/17/2012,CPR,WY,ANM,WE,Combined TRACON& Tower with Radar,2,26,9,0,37,0,0,27,0,27,2,26,36,0,64,14,0,14,78
03/18/2012,CPR,WY,ANM,WE,Combined TRACON& Tower with Radar,0,10,14,0,24,0,1,25,0,26,0,11,39,0,50,4,0,4,54
03/19/2012,CPR,WY,ANM,WE,Combined TRACON& Tower with Radar,4,29,27,0,60,0,1,5,0,6,4,30,32,0,66,0,0,0,66
03/20/2012,CPR,WY,ANM,WE,Combined TRACON& Tower with Radar,4,28,17,0,49,0,2,31,0,33,4,30,48,0,82,0,0,0,82
03/21/2012,CPR,WY,ANM,WE,Combined TRACON& Tower with Radar,4,37,21,0,62,0,0,28,0,28,4,37,49,0,90,4,0,4,94
03/22/2012,CPR,WY,ANM,WE,Combined TRACON& Tower with Radar,4,37,17,8,66,0,0,55,0,55,4,37,72,8,121,64,24,88,209
03/23/2012,CPR,WY,ANM,WE,Combined TRACON& Tower with Radar,5,42,16,11,74,0,3,39,0,42,5,45,55,11,116,93,4,97,213
03/24/2012,CPR,WY,ANM,WE,Combined TRACON& Tower with Radar,2,25,8,0,35,0,5,44,0,49,2,30,52,0,84,56,0,56,140
03/25/2012,CPR,WY,ANM,WE,Combined TRACON& Tower with Radar,0,11,7,0,18,0,0,16,3,19,0,11,23,3,37,2,0,2,39
03/26/2012,CPR,WY,ANM,WE,Combined TRACON& Tower with Radar,3,29,14,0,46,0,0,4,0,4,3,29,18,0,50,0,0,0,50
03/27/2012,CPR,WY,ANM,WE,Combined TRACON& Tower with Radar,4,34,18,0,56,0,0,11,0,11,4,34,29,0,67,0,0,0,67
03/28/2012,CPR,WY,ANM,WE,Combined TRACON& Tower with Radar,3,35,18,0,56,0,6,35,0,41,3,41,53,0,97,22,0,22,119
03/29/2012,CPR,WY,ANM,WE,Combined TRACON& Tower with Radar,3,32,13,0,48,0,2,45,1,48,3,34,58,1,96,10,0,10,106
03/30/2012,CPR,WY,ANM,WE,Combined TRACON& Tower with Radar,5,30,7,4,46,0,14,9,0,23,5,44,16,4,69,18,0,18,87
03/31/2012,CPR,WY,ANM,WE,Combined TRACON& Tower with Radar,2,19,4,0,25,0,0,18,0,18,2,19,22,0,43,14,0,14,57
04/01/2012,CPR,WY,ANM,WE,Combined TRACON& Tower with Radar,0,8,10,0,18,0,0,7,0,7,0,8,17,0,25,0,0,0,25
04/02/2012,CPR,WY,ANM,WE,Combined TRACON& Tower with Radar,1,21,14,5,41,0,0,1,2,3,1,21,15,7,44,0,3,3,47
04/03/2012,CPR,WY,ANM,WE,Combined TRACON& Tower with Radar,2,32,21,0,55,0,0,46,0,46,2,32,67,0,101,14,0,14,115
04/04/2012,CPR,WY,ANM,WE,Combined TRACON& Tower with Radar,4,40,14,1,59,0,0,47,0,47,4,40,61,1,106,106,0,106,212
04/05/2012,CPR,WY,ANM,WE,Combined TRACON& Tower with Radar,3,38,24,2,67,0,0,48,0,48,3,38,72,2,115,36,0,36,151
04/06/2012,CPR,WY,ANM,WE,Combined TRACON& Tower with Radar,5,31,7,0,43,0,1,23,0,24,5,32,30,0,67,32,0,32,99
04/07/2012,CPR,WY,ANM,WE,Combined TRACON& Tower with Radar,2,18,8,0,28,0,0,21,0,21,2,18,29,0,49,40,0,40,89
04/08/2012,CPR,WY,ANM,WE,Combined TRACON& Tower with Radar,0,14,9,0,23,0,0,20,0,20,0,14,29,0,43,2,0,2,45
04/09/2012,CPR,WY,ANM,WE,Combined TRACON& Tower with Radar,3,32,30,0,65,0,6,43,0,49,3,38,73,0,114,108,0,108,222
04/10/2012,CPR,WY,ANM,WE,Combined TRACON& Tower with Radar,3,26,17,0,46,0,3,42,0,45,3,29,59,0,91,34,0,34,125
04/11/2012,CPR,WY,ANM,WE,Combined TRACON& Tower with Radar,3,29,21,0,53,0,0,38,0,38,3,29,59,0,91,38,0,38,129
04/12/2012,CPR,WY,ANM,WE,Combined TRACON& Tower with Radar,3,29,20,1,53,0,0,11,0,11,3,29,31,1,64,0,0,0,64
04/13/2012,CPR,WY,ANM,WE,Combined TRACON& Tower with Radar,4,30,19,1,54,0,0,13,0,13,4,30,32,1,67,30,0,30,97
04/14/2012,CPR,WY,ANM,WE,Combined TRACON& Tower with Radar,2,27,2,0,31,0,1,1,1,3,2,28,3,1,34,0,0,0,34
04/15/2012,CPR,WY,ANM,WE,Combined TRACON& Tower with Radar,0,10,6,0,16,0,0,2,0,2,0,10,8,0,18,0,0,0,18
04/16/2012,CPR,WY,ANM,WE,Combined TRACON& Tower with Radar,3,23,16,0,42,0,1,16,0,17,3,24,32,0,59,22,0,22,81
04/17/2012,CPR,WY,ANM,WE,Combined TRACON& Tower with Radar,4,32,25,0,61,0,0,27,0,27,4,32,52,0,88,64,0,64,152
04/18/2012,CPR,WY,ANM,WE,Combined TRACON& Tower with Radar,6,27,32,0,65,0,2,27,0,29,6,29,59,0,94,42,0,42,136
04/19/2012,CPR,WY,ANM,WE,Combined TRACON& Tower with Radar,4,38,12,0,54,0,0,28,0,28,4,38,40,0,82,40,0,40,122
04/20/2012,CPR,WY,ANM,WE,Combined TRACON& Tower with Radar,5,36,18,1,60,0,0,47,2,49,5,36,65,3,109,46,0,46,155
04/21/2012,CPR,WY,ANM,WE,Combined TRACON& Tower with Radar,2,29,14,1,46,0,0,52,0,52,2,29,66,1,98,26,0,26,124
04/22/2012,CPR,WY,ANM,WE,Combined TRACON& Tower with Radar,0,14,19,0,33,0,4,45,0,49,0,18,64,0,82,32,0,32,114
04/23/2012,CPR,WY,ANM,WE,Combined TRACON& Tower with Radar,4,26,12,0,42,0,0,28,0,28,4,26,40,0,70,6,0,6,76
04/24/2012,CPR,WY,ANM,WE,Combined TRACON& Tower with Radar,4,29,26,0,59,0,7,40,0,47,4,36,66,0,106,34,0,34,140
04/25/2012,CPR,WY,ANM,WE,Combined TRACON& Tower with Radar,3,40,20,0,63,0,0,33,0,33,3,40,53,0,96,39,0,39,135
04/26/2012,CPR,WY,ANM,WE,Combined TRACON& Tower with Radar,4,30,24,0,58,0,2,33,0,35,4,32,57,0,93,54,0,54,147
04/27/2012,CPR,WY,ANM,WE,Combined TRACON& Tower with Radar,7,38,17,4,66,0,0,3,0,3,7,38,20,4,69,0,0,0,69
04/28/2012,CPR,WY,ANM,WE,Combined TRACON& Tower with Radar,4,22,4,0,30,0,0,17,0,17,4,22,21,0,47,36,0,36,83
04/29/2012,CPR,WY,ANM,WE,Combined TRACON& Tower with Radar,2,8,5,4,19,0,3,10,0,13,2,11,15,4,32,6,0,6,38
04/30/2012,CPR,WY,ANM,WE,Combined TRACON& Tower with Radar,3,19,17,0,39,0,0,26,0,26,3,19,43,0,65,0,0,0,65
05/01/2012,CPR,WY,ANM,WE,Combined TRACON& Tower with Radar,4,28,5,0,37,0,0,21,1,22,4,28,26,1,59,2,0,2,61
05/02/2012,CPR,WY,ANM,WE,Combined TRACON& Tower with Radar,3,34,19,0,56,0,0,16,2,18,3,34,35,2,74,26,0,26,100
05/03/2012,CPR,WY,ANM,WE,Combined TRACON& Tower with Radar,5,44,30,0,79,0,4,26,1,31,5,48,56,1,110,12,0,12,122
05/04/2012,CPR,WY,ANM,WE,Combined TRACON& Tower with Radar,6,38,9,0,53,0,2,27,0,29,6,40,36,0,82,48,0,48,130
05/05/2012,CPR,WY,ANM,WE,Combined TRACON& Tower with Radar,2,24,6,0,32,0,0,17,0,17,2,24,23,0,49,30,0,30,79
05/06/2012,CPR,WY,ANM,WE,Combined TRACON& Tower with Radar,0,12,5,0,17,0,0,20,0,20,0,12,25,0,37,32,0,32,69
05/07/2012,CPR,WY,ANM,WE,Combined TRACON& Tower with Radar,2,23,18,0,43,0,2,31,0,33,2,25,49,0,76,60,0,60,136
05/08/2012,CPR,WY,ANM,WE,Combined TRACON& Tower with Radar,4,34,17,0,55,0,2,44,0,46,4,36,61,0,101,45,0,45,146
05/09/2012,CPR,WY,ANM,WE,Combined TRACON& Tower with Radar,6,34,10,0,50,0,3,54,0,57,6,37,64,0,107,110,0,110,217
05/10/2012,CPR,WY,ANM,WE,Combined TRACON& Tower with Radar,4,26,28,2,60,0,3,43,2,48,4,29,71,4,108,0,0,0,108
05/11/2012,CPR,WY,ANM,WE,Combined TRACON& Tower with Radar,6,37,21,2,66,0,0,46,0,46,6,37,67,2,112,80,0,80,192
05/12/2012,CPR,WY,ANM,WE,Combined TRACON& Tower with Radar,4,19,19,2,44,0,0,43,0,43,4,19,62,2,87,8,0,8,95
05/13/2012,CPR,WY,ANM,WE,Combined TRACON& Tower with Radar,0,13,3,0,16,0,2,15,0,17,0,15,18,0,33,66,0,66,99
05/14/2012,CPR,WY,ANM,WE,Combined TRACON& Tower with Radar,3,22,13,0,38,0,0,32,0,32,3,22,45,0,70,32,0,32,102
05/15/2012,CPR,WY,ANM,WE,Combined TRACON& Tower with Radar,3,36,25,0,64,0,1,47,0,48,3,37,72,0,112,52,0,52,164
05/16/2012,CPR,WY,ANM,WE,Combined TRACON& Tower with Radar,3,36,20,0,59,0,0,28,1,29,3,36,48,1,88,62,0,62,150
05/17/2012,CPR,WY,ANM,WE,Combined TRACON& Tower with Radar,3,34,15,0,52,0,0,33,0,33,3,34,48,0,85,4,0,4,89
05/18/2012,CPR,WY,ANM,WE,Combined TRACON& Tower with Radar,3,30,8,0,41,0,1,22,0,23,3,31,30,0,64,0,0,0,64
05/19/2012,CPR,WY,ANM,WE,Combined TRACON& Tower with Radar,2,19,14,0,35,0,1,20,0,21,2,20,34,0,56,18,0,18,74
05/20/2012,CPR,WY,ANM,WE,Combined TRACON& Tower with Radar,0,13,3,0,16,0,2,32,0,34,0,15,35,0,50,12,0,12,62
05/21/2012,CPR,WY,ANM,WE,Combined TRACON& Tower with Radar,4,24,11,0,39,0,0,27,0,27,4,24,38,0,66,24,0,24,90
05/22/2012,CPR,WY,ANM,WE,Combined TRACON& Tower with Radar,3,32,18,0,53,0,0,11,0,11,3,32,29,0,64,0,0,0,64
05/23/2012,CPR,WY,ANM,WE,Combined TRACON& Tower with Radar,6,35,22,0,63,0,0,5,0,5,6,35,27,0,68,6,0,6,74
05/24/2012,CPR,WY,ANM,WE,Combined TRACON& Tower with Radar,3,38,24,0,65,0,0,7,0,7,3,38,31,0,72,52,0,52,124
05/25/2012,CPR,WY,ANM,WE,Combined TRACON& Tower with Radar,6,37,30,0,73,0,2,6,0,8,6,39,36,0,81,18,0,18,99
05/26/2012,CPR,WY,ANM,WE,Combined TRACON& Tower with Radar,4,29,2,0,35,0,1,0,0,1,4,30,2,0,36,0,0,0,36
05/27/2012,CPR,WY,ANM,WE,Combined TRACON& Tower with Radar,0,10,7,0,17,0,0,3,0,3,0,10,10,0,20,0,0,0,20
05/28/2012,CPR,WY,ANM,WE,Combined TRACON& Tower with Radar,2,14,3,0,19,0,1,6,0,7,2,15,9,0,26,0,0,0,26
05/29/2012,CPR,WY,ANM,WE,Combined TRACON& Tower with Radar,1,28,12,2,43,0,0,29,0,29,1,28,41,2,72,36,0,36,108
05/30/2012,CPR,WY,ANM,WE,Combined TRACON& Tower with Radar,4,35,26,0,65,0,2,27,0,29,4,37,53,0,94,69,0,69,163
05/31/2012,CPR,WY,ANM,WE,Combined TRACON& Tower with Radar,4,32,19,1,56,0,0,26,1,27,4,32,45,2,83,14,6,20,103
06/01/2012,CPR,WY,ANM,WE,Combined TRACON& Tower with Radar,6,24,2,2,34,0,7,51,0,58,6,31,53,2,92,24,0,24,116
06/02/2012,CPR,WY,ANM,WE,Combined TRACON& Tower with Radar,2,19,6,0,27,0,2,46,0,48,2,21,52,0,75,26,0,26,101
06/03/2012,CPR,WY,ANM,WE,Combined TRACON& Tower with Radar,0,9,6,0,15,0,0,41,0,41,0,9,47,0,56,82,0,82,138
06/04/2012,CPR,WY,ANM,WE,Combined TRACON& Tower with Radar,3,26,15,0,44,0,2,22,0,24,3,28,37,0,68,14,0,14,82
06/05/2012,CPR,WY,ANM,WE,Combined TRACON& Tower with Radar,3,21,22,1,47,0,3,51,10,64,3,24,73,11,111,34,0,34,145
06/06/2012,CPR,WY,ANM,WE,Combined TRACON& Tower with Radar,3,31,20,0,54,0,5,73,2,80,3,36,93,2,134,42,0,42,176
06/07/2012,CPR,WY,ANM,WE,Combined TRACON& Tower with Radar,2,30,13,0,45,0,4,38,3,45,2,34,51,3,90,28,4,32,122
06/08/2012,CPR,WY,ANM,WE,Combined TRACON& Tower with Radar,6,32,16,0,54,0,4,36,0,40,6,36,52,0,94,22,0,22,116
06/09/2012,CPR,WY,ANM,WE,Combined TRACON& Tower with Radar,2,22,6,2,32,0,0,44,2,46,2,22,50,4,78,38,0,38,116
06/10/2012,CPR,WY,ANM,WE,Combined TRACON& Tower with Radar,0,19,15,0,34,0,0,10,0,10,0,19,25,0,44,0,0,0,44
06/11/2012,CPR,WY,ANM,WE,Combined TRACON& Tower with Radar,4,25,13,0,42,0,4,40,0,44,4,29,53,0,86,30,0,30,116
06/12/2012,CPR,WY,ANM,WE,Combined TRACON& Tower with Radar,3,36,29,0,68,0,4,24,2,30,3,40,53,2,98,0,0,0,98
06/13/2012,CPR,WY,ANM,WE,Combined TRACON& Tower with Radar,3,43,19,0,65,0,0,41,0,41,3,43,60,0,106,17,0,17,123
06/14/2012,CPR,WY,ANM,WE,Combined TRACON& Tower with Radar,4,34,18,0,56,0,0,39,0,39,4,34,57,0,95,40,0,40,135
06/15/2012,CPR,WY,ANM,WE,Combined TRACON& Tower with Radar,4,37,14,0,55,0,1,43,0,44,4,38,57,0,99,75,0,75,174
06/16/2012,CPR,WY,ANM,WE,Combined TRACON& Tower with Radar,4,23,8,0,35,0,0,92,0,92,4,23,100,0,127,34,0,34,161
06/17/2012,CPR,WY,ANM,WE,Combined TRACON& Tower with Radar,0,16,4,0,20,0,0,23,0,23,0,16,27,0,43,0,0,0,43
06/18/2012,CPR,WY,ANM,WE,Combined TRACON& Tower with Radar,4,34,10,4,52,0,2,31,4,37,4,36,41,8,89,0,24,24,113
06/19/2012,CPR,WY,ANM,WE,Combined TRACON& Tower with Radar,3,37,19,0,59,0,4,85,0,89,3,41,104,0,148,48,0,48,196
06/20/2012,CPR,WY,ANM,WE,Combined TRACON& Tower with Radar,3,32,15,4,54,0,3,32,0,35,3,35,47,4,89,20,14,34,123
06/21/2012,CPR,WY,ANM,WE,Combined TRACON& Tower with Radar,3,27,26,0,56,0,10,49,1,60,3,37,75,1,116,6,0,6,122
06/22/2012,CPR,WY,ANM,WE,Combined TRACON& Tower with Radar,5,31,13,0,49,0,6,25,0,31,5,37,38,0,80,14,0,14,94
06/23/2012,CPR,WY,ANM,WE,Combined TRACON& Tower with Radar,2,21,12,0,35,0,0,45,0,45,2,21,57,0,80,48,0,48,128
06/24/2012,CPR,WY,ANM,WE,Combined TRACON& Tower with Radar,0,15,12,1,28,0,0,34,0,34,0,15,46,1,62,46,0,46,108
06/25/2012,CPR,WY,ANM,WE,Combined TRACON& Tower with Radar,3,27,15,0,45,0,3,43,0,46,3,30,58,0,91,0,0,0,91
06/26/2012,CPR,WY,ANM,WE,Combined TRACON& Tower with Radar,3,31,22,0,56,0,5,33,0,38,3,36,55,0,94,32,0,32,126
06/27/2012,CPR,WY,ANM,WE,Combined TRACON& Tower with Radar,3,39,29,6,77,0,9,27,0,36,3,48,56,6,113,1,0,1,114
06/28/2012,CPR,WY,ANM,WE,Combined TRACON& Tower with Radar,3,36,24,2,65,0,5,41,2,48,3,41,65,4,113,16,0,16,129
06/29/2012,CPR,WY,ANM,WE,Combined TRACON& Tower with Radar,6,32,23,0,61,0,13,69,3,85,6,45,92,3,146,16,0,16,162
06/30/2012,CPR,WY,ANM,WE,Combined TRACON& Tower with Radar,2,29,5,3,39,0,2,59,8,69,2,31,64,11,108,20,0,20,128
07/01/2012,CPR,WY,ANM,WE,Combined TRACON& Tower with Radar,2,18,2,2,24,0,0,46,1,47,2,18,48,3,71,0,0,0,71
07/02/2012,CPR,WY,ANM,WE,Combined TRACON& Tower with Radar,3,30,14,0,47,0,2,32,4,38,3,32,46,4,85,14,0,14,99
07/03/2012,CPR,WY,ANM,WE,Combined TRACON& Tower with Radar,3,30,16,0,49,0,8,45,0,53,3,38,61,0,102,20,0,20,122
07/04/2012,CPR,WY,ANM,WE,Combined TRACON& Tower with Radar,2,12,11,0,25,0,2,35,1,38,2,14,46,1,63,4,0,4,67
07/05/2012,CPR,WY,ANM,WE,Combined TRACON& Tower with Radar,2,30,18,0,50,0,4,29,3,36,2,34,47,3,86,10,0,10,96
07/06/2012,CPR,WY,ANM,WE,Combined TRACON& Tower with Radar,5,42,13,0,60,0,3,48,0,51,5,45,61,0,111,14,0,14,125
07/07/2012,CPR,WY,ANM,WE,Combined TRACON& Tower with Radar,2,23,7,0,32,0,0,42,0,42,2,23,49,0,74,86,0,86,160
07/08/2012,CPR,WY,ANM,WE,Combined TRACON& Tower with Radar,0,21,17,0,38,0,2,47,0,49,0,23,64,0,87,10,0,10,97
07/09/2012,CPR,WY,ANM,WE,Combined TRACON& Tower with Radar,2,32,31,0,65,0,3,52,0,55,2,35,83,0,120,18,0,18,138
07/10/2012,CPR,WY,ANM,WE,Combined TRACON& Tower with Radar,2,29,20,0,51,0,8,39,0,47,2,37,59,0,98,14,0,14,112
07/11/2012,CPR,WY,ANM,WE,Combined TRACON& Tower with Radar,3,35,24,0,62,0,6,26,0,32,3,41,50,0,94,5,0,5,99
07/12/2012,CPR,WY,ANM,WE,Combined TRACON& Tower with Radar,3,49,26,0,78,0,3,48,1,52,3,52,74,1,130,22,0,22,152
07/13/2012,CPR,WY,ANM,WE,Combined TRACON& Tower with Radar,5,34,26,0,65,0,4,34,0,38,5,38,60,0,103,16,0,16,119
07/14/2012,CPR,WY,ANM,WE,Combined TRACON& Tower with Radar,2,20,22,0,44,0,1,40,0,41,2,21,62,0,85,2,0,2,87
07/15/2012,CPR,WY,ANM,WE,Combined TRACON& Tower with Radar,0,15,9,0,24,0,0,41,0,41,0,15,50,0,65,2,0,2,67
07/16/2012,CPR,WY,ANM,WE,Combined TRACON& Tower with Radar,3,26,12,2,43,0,4,83,1,88,3,30,95,3,131,0,0,0,131
07/17/2012,CPR,WY,ANM,WE,Combined TRACON& Tower with Radar,1,29,15,0,45,0,3,83,2,88,1,32,98,2,133,16,0,16,149
07/18/2012,CPR,WY,ANM,WE,Combined TRACON& Tower with Radar,3,29,21,2,55,0,8,50,0,58,3,37,71,2,113,0,0,0,113
07/19/2012,CPR,WY,ANM,WE,Combined TRACON& Tower with Radar,2,32,18,0,52,0,3,45,0,48,2,35,63,0,100,0,0,0,100
07/20/2012,CPR,WY,ANM,WE,Combined TRACON& Tower with Radar,6,34,18,0,58,0,4,65,0,69,6,38,83,0,127,32,0,32,159
07/21/2012,CPR,WY,ANM,WE,Combined TRACON& Tower with Radar,2,21,8,0,31,0,0,59,1,60,2,21,67,1,91,32,0,32,123
07/22/2012,CPR,WY,ANM,WE,Combined TRACON& Tower with Radar,0,15,19,0,34,0,0,49,5,54,0,15,68,5,88,24,0,24,112
07/23/2012,CPR,WY,ANM,WE,Combined TRACON& Tower with Radar,4,24,16,2,46,0,2,69,1,72,4,26,85,3,118,36,0,36,154
07/24/2012,CPR,WY,ANM,WE,Combined TRACON& Tower with Radar,4,40,22,2,68,0,1,33,1,35,4,41,55,3,103,29,0,29,132
07/25/2012,CPR,WY,ANM,WE,Combined TRACON& Tower with Radar,2,33,26,0,61,0,9,30,0,39,2,42,56,0,100,0,0,0,100
07/26/2012,CPR,WY,ANM,WE,Combined TRACON& Tower with Radar,3,38,26,0,67,0,4,57,0,61,3,42,83,0,128,28,0,28,156
07/27/2012,CPR,WY,ANM,WE,Combined TRACON& Tower with Radar,6,33,15,2,56,0,4,57,0,61,6,37,72,2,117,16,0,16,133
07/28/2012,CPR,WY,ANM,WE,Combined TRACON& Tower with Radar,2,26,11,0,39,0,2,46,0,48,2,28,57,0,87,28,0,28,115
07/29/2012,CPR,WY,ANM,WE,Combined TRACON& Tower with Radar,0,14,4,0,18,0,2,35,0,37,0,16,39,0,55,28,0,28,83
07/30/2012,CPR,WY,ANM,WE,Combined TRACON& Tower with Radar,3,23,16,0,42,0,4,58,2,64,3,27,74,2,106,8,0,8,114
07/31/2012,CPR,WY,ANM,WE,Combined TRACON& Tower with Radar,4,28,12,0,44,0,6,42,0,48,4,34,54,0,92,11,0,11,103
08/01/2012,CPR,WY,ANM,WE,Combined TRACON& Tower with Radar,4,35,24,0,63,0,5,33,6,44,4,40,57,6,107,8,8,16,123
08/02/2012,CPR,WY,ANM,WE,Combined TRACON& Tower with Radar,3,30,33,0,66,0,6,58,0,64,3,36,91,0,130,32,0,32,162
08/03/2012,CPR,WY,ANM,WE,Combined TRACON& Tower with Radar,5,39,41,0,85,0,5,37,0,42,5,44,78,0,127,10,0,10,137
08/04/2012,CPR,WY,ANM,WE,Combined TRACON& Tower with Radar,2,23,13,1,39,2,3,100,0,105,4,26,113,1,144,66,0,66,210
08/05/2012,CPR,WY,ANM,WE,Combined TRACON& Tower with Radar,0,18,15,0,33,0,0,50,0,50,0,18,65,0,83,12,0,12,95
08/06/2012,CPR,WY,ANM,WE,Combined TRACON& Tower with Radar,3,24,15,0,42,0,2,53,0,55,3,26,68,0,97,32,0,32,129
08/07/2012,CPR,WY,ANM,WE,Combined TRACON& Tower with Radar,3,38,32,0,73,0,4,48,1,53,3,42,80,1,126,28,0,28,154
08/08/2012,CPR,WY,ANM,WE,Combined TRACON& Tower with Radar,3,34,25,0,62,0,4,50,0,54,3,38,75,0,116,44,0,44,160
08/09/2012,CPR,WY,ANM,WE,Combined TRACON& Tower with Radar,3,36,25,0,64,0,8,49,1,58,3,44,74,1,122,32,0,32,154
08/10/2012,CPR,WY,ANM,WE,Combined TRACON& Tower with Radar,5,29,20,0,54,0,7,45,0,52,5,36,65,0,106,22,0,22,128
08/11/2012,CPR,WY,ANM,WE,Combined TRACON& Tower with Radar,2,25,10,0,37,0,0,22,0,22,2,25,32,0,59,14,0,14,73
08/12/2012,CPR,WY,ANM,WE,Combined TRACON& Tower with Radar,0,26,16,0,42,0,0,52,0,52,0,26,68,0,94,20,0,20,114
08/13/2012,CPR,WY,ANM,WE,Combined TRACON& Tower with Radar,3,20,20,0,43,0,2,27,0,29,3,22,47,0,72,44,0,44,116
08/14/2012,CPR,WY,ANM,WE,Combined TRACON& Tower with Radar,3,33,29,0,65,0,8,18,0,26,3,41,47,0,91,6,0,6,97
08/15/2012,CPR,WY,ANM,WE,Combined TRACON& Tower with Radar,2,33,30,1,66,0,0,23,1,24,2,33,53,2,90,42,0,42,132
08/16/2012,CPR,WY,ANM,WE,Combined TRACON& Tower with Radar,4,30,28,2,64,0,5,61,1,67,4,35,89,3,131,44,0,44,175
08/17/2012,CPR,WY,ANM,WE,Combined TRACON& Tower with Radar,4,44,13,0,61,0,8,55,0,63,4,52,68,0,124,70,0,70,194
08/18/2012,CPR,WY,ANM,WE,Combined TRACON& Tower with Radar,2,25,17,0,44,0,4,36,0,40,2,29,53,0,84,48,0,48,132
08/19/2012,CPR,WY,ANM,WE,Combined TRACON& Tower with Radar,0,10,12,1,23,0,0,54,0,54,0,10,66,1,77,28,0,28,105
08/20/2012,CPR,WY,ANM,WE,Combined TRACON& Tower with Radar,1,29,21,6,57,0,3,33,0,36,1,32,54,6,93,80,2,82,175
08/21/2012,CPR,WY,ANM,WE,Combined TRACON& Tower with Radar,2,40,28,0,70,0,4,17,0,21,2,44,45,0,91,40,0,40,131
08/22/2012,CPR,WY,ANM,WE,Combined TRACON& Tower with Radar,3,38,28,0,69,0,6,25,0,31,3,44,53,0,100,30,0,30,130
08/23/2012,CPR,WY,ANM,WE,Combined TRACON& Tower with Radar,3,34,19,2,58,0,6,47,0,53,3,40,66,2,111,78,0,78,189
08/24/2012,CPR,WY,ANM,WE,Combined TRACON& Tower with Radar,3,29,12,4,48,0,4,24,2,30,3,33,36,6,78,56,0,56,134
08/25/2012,CPR,WY,ANM,WE,Combined TRACON& Tower with Radar,1,19,12,0,32,0,0,43,0,43,1,19,55,0,75,46,0,46,121
08/26/2012,CPR,WY,ANM,WE,Combined TRACON& Tower with Radar,0,13,8,0,21,0,1,31,0,32,0,14,39,0,53,76,0,76,129
08/27/2012,CPR,WY,ANM,WE,Combined TRACON& Tower with Radar,2,23,14,6,45,0,2,41,0,43,2,25,55,6,88,64,0,64,152
08/28/2012,CPR,WY,ANM,WE,Combined TRACON& Tower with Radar,3,33,19,0,55,0,6,54,0,60,3,39,73,0,115,64,0,64,179
08/29/2012,CPR,WY,ANM,WE,Combined TRACON& Tower with Radar,6,34,15,0,55,0,4,22,0,26,6,38,37,0,81,14,0,14,95
08/30/2012,CPR,WY,ANM,WE,Combined TRACON& Tower with Radar,4,35,15,2,56,0,4,44,0,48,4,39,59,2,104,24,0,24,128
08/31/2012,CPR,WY,ANM,WE,Combined TRACON& Tower with Radar,4,36,20,3,63,0,12,47,2,61,4,48,67,5,124,52,0,52,176
09/01/2012,CPR,WY,ANM,WE,Combined TRACON& Tower with Radar,4,22,10,0,36,3,0,15,3,21,7,22,25,3,57,4,0,4,61
09/02/2012,CPR,WY,ANM,WE,Combined TRACON& Tower with Radar,2,9,5,1,17,0,0,24,0,24,2,9,29,1,41,14,0,14,55
09/03/2012,CPR,WY,ANM,WE,Combined TRACON& Tower with Radar,0,20,9,0,29,0,0,26,0,26,0,20,35,0,55,2,0,2,57
09/04/2012,CPR,WY,ANM,WE,Combined TRACON& Tower with Radar,2,28,18,0,48,0,2,48,0,50,2,30,66,0,98,71,0,71,169
09/05/2012,CPR,WY,ANM,WE,Combined TRACON& Tower with Radar,3,34,38,0,75,0,5,59,0,64,3,39,97,0,139,36,0,36,175
09/06/2012,CPR,WY,ANM,WE,Combined TRACON& Tower with Radar,4,36,31,0,71,0,4,54,1,59,4,40,85,1,130,58,0,58,188
09/07/2012,CPR,WY,ANM,WE,Combined TRACON& Tower with Radar,3,30,17,8,58,0,6,41,0,47,3,36,58,8,105,74,4,78,183
09/08/2012,CPR,WY,ANM,WE,Combined TRACON& Tower with Radar,2,25,4,2,33,0,3,41,0,44,2,28,45,2,77,16,10,26,103
09/09/2012,CPR,WY,ANM,WE,Combined TRACON& Tower with Radar,0,14,12,0,26,0,3,65,1,69,0,17,77,1,95,50,0,50,145
09/10/2012,CPR,WY,ANM,WE,Combined TRACON& Tower with Radar,2,22,12,2,38,0,9,96,5,110,2,31,108,7,148,24,0,24,172
09/11/2012,CPR,WY,ANM,WE,Combined TRACON& Tower with Radar,2,25,17,0,44,0,6,118,0,124,2,31,135,0,168,27,0,27,195
09/12/2012,CPR,WY,ANM,WE,Combined TRACON& Tower with Radar,4,33,27,0,64,2,2,58,3,65,6,35,85,3,129,14,0,14,143
09/13/2012,CPR,WY,ANM,WE,Combined TRACON& Tower with Radar,3,32,26,0,61,0,4,63,0,67,3,36,89,0,128,54,0,54,182
09/14/2012,CPR,WY,ANM,WE,Combined TRACON& Tower with Radar,3,30,22,0,55,0,4,72,0,76,3,34,94,0,131,65,0,65,196
09/15/2012,CPR,WY,ANM,WE,Combined TRACON& Tower with Radar,2,23,8,0,33,1,1,60,4,66,3,24,68,4,99,58,0,58,157
09/16/2012,CPR,WY,ANM,WE,Combined TRACON& Tower with Radar,0,22,9,1,32,0,7,54,4,65,0,29,63,5,97,46,0,46,143
09/17/2012,CPR,WY,ANM,WE,Combined TRACON& Tower with Radar,2,22,11,2,37,0,3,42,0,45,2,25,53,2,82,56,0,56,138
09/18/2012,CPR,WY,ANM,WE,Combined TRACON& Tower with Radar,5,38,17,4,64,0,5,44,0,49,5,43,61,4,113,4,0,4,117
09/19/2012,CPR,WY,ANM,WE,Combined TRACON& Tower with Radar,4,29,28,0,61,0,4,38,0,42,4,33,66,0,103,98,0,98,201
09/20/2012,CPR,WY,ANM,WE,Combined TRACON& Tower with Radar,3,34,18,1,56,0,0,36,0,36,3,34,54,1,92,24,0,24,116
09/21/2012,CPR,WY,ANM,WE,Combined TRACON& Tower with Radar,3,35,14,2,54,0,6,74,2,82,3,41,88,4,136,60,0,60,196
09/22/2012,CPR,WY,ANM,WE,Combined TRACON& Tower with Radar,2,21,10,0,33,0,0,65,0,65,2,21,75,0,98,78,0,78,176
09/23/2012,CPR,WY,ANM,WE,Combined TRACON& Tower with Radar,0,25,15,0,40,0,0,48,0,48,0,25,63,0,88,42,0,42,130
09/24/2012,CPR,WY,ANM,WE,Combined TRACON& Tower with Radar,1,30,19,0,50,0,1,37,0,38,1,31,56,0,88,34,0,34,122
09/25/2012,CPR,WY,ANM,WE,Combined TRACON& Tower with Radar,3,36,22,0,61,0,2,43,0,45,3,38,65,0,106,42,0,42,148
09/26/2012,CPR,WY,ANM,WE,Combined TRACON& Tower with Radar,4,36,26,0,66,0,4,64,0,68,4,40,90,0,134,64,0,64,198
09/27/2012,CPR,WY,ANM,WE,Combined TRACON& Tower with Radar,3,39,17,0,59,0,6,61,0,67,3,45,78,0,126,74,0,74,200
09/28/2012,CPR,WY,ANM,WE,Combined TRACON& Tower with Radar,2,30,28,2,62,0,4,47,0,51,2,34,75,2,113,82,4,86,199
09/29/2012,CPR,WY,ANM,WE,Combined TRACON& Tower with Radar,2,23,6,0,31,0,1,40,0,41,2,24,46,0,72,66,0,66,138
09/30/2012,CPR,WY,ANM,WE,Combined TRACON& Tower with Radar,0,20,8,0,28,0,0,49,0,49,0,20,57,0,77,70,0,70,147
10/01/2012,CPR,WY,ANM,WE,Combined TRACON& Tower with Radar,1,27,8,0,36,0,3,65,0,68,1,30,73,0,104,86,0,86,190
10/02/2012,CPR,WY,ANM,WE,Combined TRACON& Tower with Radar,3,33,16,4,56,0,8,41,0,49,3,41,57,4,105,62,0,62,167
10/03/2012,CPR,WY,ANM,WE,Combined TRACON& Tower with Radar,3,34,28,0,65,0,4,24,0,28,3,38,52,0,93,46,0,46,139
10/04/2012,CPR,WY,ANM,WE,Combined TRACON& Tower with Radar,3,35,28,0,66,0,2,34,0,36,3,37,62,0,102,60,0,60,162
10/05/2012,CPR,WY,ANM,WE,Combined TRACON& Tower with Radar,2,31,18,0,51,0,2,8,0,10,2,33,26,0,61,18,0,18,79
10/06/2012,CPR,WY,ANM,WE,Combined TRACON& Tower with Radar,1,25,13,0,39,0,3,24,0,27,1,28,37,0,66,18,0,18,84
10/07/2012,CPR,WY,ANM,WE,Combined TRACON& Tower with Radar,0,25,13,0,38,0,3,31,0,34,0,28,44,0,72,54,0,54,126
10/08/2012,CPR,WY,ANM,WE,Combined TRACON& Tower with Radar,2,23,17,0,42,0,2,39,0,41,2,25,56,0,83,92,0,92,175
10/09/2012,CPR,WY,ANM,WE,Combined TRACON& Tower with Radar,3,33,21,1,58,0,3,25,0,28,3,36,46,1,86,34,0,34,120
10/10/2012,CPR,WY,ANM,WE,Combined TRACON& Tower with Radar,4,34,23,1,62,0,4,41,0,45,4,38,64,1,107,40,0,40,147
10/11/2012,CPR,WY,ANM,WE,Combined TRACON& Tower with Radar,3,30,27,2,62,0,6,46,0,52,3,36,73,2,114,50,0,50,164
10/12/2012,CPR,WY,ANM,WE,Combined TRACON& Tower with Radar,3,32,11,0,46,0,4,33,8,45,3,36,44,8,91,42,0,42,133
10/13/2012,CPR,WY,ANM,WE,Combined TRACON& Tower with Radar,2,26,11,0,39,0,0,38,0,38,2,26,49,0,77,24,0,24,101
10/14/2012,CPR,WY,ANM,WE,Combined TRACON& Tower with Radar,0,19,14,0,33,0,0,37,0,37,0,19,51,0,70,52,0,52,122
10/15/2012,CPR,WY,ANM,WE,Combined TRACON& Tower with Radar,2,28,12,0,42,0,3,23,0,26,2,31,35,0,68,36,0,36,104
10/16/2012,CPR,WY,ANM,WE,Combined TRACON& Tower with Radar,2,33,17,0,52,0,5,12,0,17,2,38,29,0,69,0,0,0,69
10/17/2012,CPR,WY,ANM,WE,Combined TRACON& Tower with Radar,3,45,12,0,60,0,1,20,0,21,3,46,32,0,81,10,0,10,91
10/18/2012,CPR,WY,ANM,WE,Combined TRACON& Tower with Radar,3,42,21,0,66,0,6,25,1,32,3,48,46,1,98,32,0,32,130
10/19/2012,CPR,WY,ANM,WE,Combined TRACON& Tower with Radar,3,40,15,4,62,0,6,31,0,37,3,46,46,4,99,40,0,40,139
10/20/2012,CPR,WY,ANM,WE,Combined TRACON& Tower with Radar,2,26,8,0,36,0,0,26,0,26,2,26,34,0,62,52,0,52,114
10/21/2012,CPR,WY,ANM,WE,Combined TRACON& Tower with Radar,0,16,16,0,32,0,0,8,0,8,0,16,24,0,40,26,0,26,66
10/22/2012,CPR,WY,ANM,WE,Combined TRACON& Tower with Radar,2,22,11,6,41,0,3,23,0,26,2,25,34,6,67,82,0,82,149
10/23/2012,CPR,WY,ANM,WE,Combined TRACON& Tower with Radar,3,31,23,0,57,0,5,17,0,22,3,36,40,0,79,40,0,40,119
10/24/2012,CPR,WY,ANM,WE,Combined TRACON& Tower with Radar,2,37,18,0,57,0,0,1,0,1,2,37,19,0,58,0,0,0,58
10/25/2012,CPR,WY,ANM,WE,Combined TRACON& Tower with Radar,2,29,21,0,52,0,1,15,2,18,2,30,36,2,70,60,0,60,130
10/26/2012,CPR,WY,ANM,WE,Combined TRACON& Tower with Radar,3,36,13,6,58,0,2,26,0,28,3,38,39,6,86,40,0,40,126
10/27/2012,CPR,WY,ANM,WE,Combined TRACON& Tower with Radar,2,28,4,0,34,0,0,31,0,31,2,28,35,0,65,18,0,18,83
10/28/2012,CPR,WY,ANM,WE,Combined TRACON& Tower with Radar,0,16,18,0,34,0,1,13,0,14,0,17,31,0,48,18,0,18,66
10/29/2012,CPR,WY,ANM,WE,Combined TRACON& Tower with Radar,4,25,18,0,47,0,2,34,0,36,4,27,52,0,83,22,0,22,105
10/30/2012,CPR,WY,ANM,WE,Combined TRACON& Tower with Radar,3,31,27,0,61,0,6,58,1,65,3,37,85,1,126,39,0,39,165
10/31/2012,CPR,WY,ANM,WE,Combined TRACON& Tower with Radar,4,27,24,0,55,0,4,42,0,46,4,31,66,0,101,26,0,26,127
11/01/2012,CPR,WY,ANM,WE,Combined TRACON& Tower with Radar,6,34,25,5,70,0,7,50,2,59,6,41,75,7,129,30,0,30,159
11/02/2012,CPR,WY,ANM,WE,Combined TRACON& Tower with Radar,6,31,11,0,48,0,4,47,0,51,6,35,58,0,99,78,0,78,177
11/03/2012,CPR,WY,ANM,WE,Combined TRACON& Tower with Radar,2,20,2,0,24,0,2,42,0,44,2,22,44,0,68,80,0,80,148
11/04/2012,CPR,WY,ANM,WE,Combined TRACON& Tower with Radar,0,13,7,4,24,0,2,24,0,26,0,15,31,4,50,44,0,44,94
11/05/2012,CPR,WY,ANM,WE,Combined TRACON& Tower with Radar,2,19,14,0,35,0,4,33,0,37,2,23,47,0,72,34,0,34,106
11/06/2012,CPR,WY,ANM,WE,Combined TRACON& Tower with Radar,3,39,18,0,60,0,8,41,0,49,3,47,59,0,109,118,0,118,227
11/07/2012,CPR,WY,ANM,WE,Combined TRACON& Tower with Radar,3,30,26,0,59,0,4,34,0,38,3,34,60,0,97,62,0,62,159
11/08/2012,CPR,WY,ANM,WE,Combined TRACON& Tower with Radar,4,42,32,0,78,0,11,46,0,57,4,53,78,0,135,100,0,100,235
11/09/2012,CPR,WY,ANM,WE,Combined TRACON& Tower with Radar,11,39,22,0,72,0,3,17,0,20,11,42,39,0,92,34,0,34,126
11/10/2012,CPR,WY,ANM,WE,Combined TRACON& Tower with Radar,2,18,2,0,22,0,0,0,0,0,2,18,2,0,22,2,0,2,24
11/11/2012,CPR,WY,ANM,WE,Combined TRACON& Tower with Radar,0,17,9,0,26,0,2,11,0,13,0,19,20,0,39,20,0,20,59
11/12/2012,CPR,WY,ANM,WE,Combined TRACON& Tower with Radar,4,24,30,4,62,0,0,30,0,30,4,24,60,4,92,10,0,10,102
11/13/2012,CPR,WY,ANM,WE,Combined TRACON& Tower with Radar,4,27,26,0,57,0,5,27,0,32,4,32,53,0,89,56,0,56,145
11/14/2012,CPR,WY,ANM,WE,Combined TRACON& Tower with Radar,3,40,29,0,72,0,5,25,0,30,3,45,54,0,102,20,0,20,122
11/15/2012,CPR,WY,ANM,WE,Combined TRACON& Tower with Radar,4,39,25,0,68,0,13,22,0,35,4,52,47,0,103,34,0,34,137
11/16/2012,CPR,WY,ANM,WE,Combined TRACON& Tower with Radar,5,42,16,5,68,0,2,28,0,30,5,44,44,5,98,72,0,72,170
11/17/2012,CPR,WY,ANM,WE,Combined TRACON& Tower with Radar,2,19,6,0,27,0,0,22,0,22,2,19,28,0,49,26,0,26,75
11/18/2012,CPR,WY,ANM,WE,Combined TRACON& Tower with Radar,0,17,3,1,21,0,0,13,3,16,0,17,16,4,37,0,0,0,37
11/19/2012,CPR,WY,ANM,WE,Combined TRACON& Tower with Radar,3,21,18,0,42,0,2,17,1,20,3,23,35,1,62,18,0,18,80
11/20/2012,CPR,WY,ANM,WE,Combined TRACON& Tower with Radar,6,33,11,10,60,0,4,11,0,15,6,37,22,10,75,6,22,28,103
11/21/2012,CPR,WY,ANM,WE,Combined TRACON& Tower with Radar,4,36,9,0,49,0,4,21,0,25,4,40,30,0,74,0,0,0,74
11/22/2012,CPR,WY,ANM,WE,Combined TRACON& Tower with Radar,0,10,1,0,11,0,0,5,0,5,0,10,6,0,16,0,0,0,16
11/23/2012,CPR,WY,ANM,WE,Combined TRACON& Tower with Radar,3,28,3,0,34,0,2,20,0,22,3,30,23,0,56,36,0,36,92
11/24/2012,CPR,WY,ANM,WE,Combined TRACON& Tower with Radar,4,20,6,0,30,0,0,13,0,13,4,20,19,0,43,6,0,6,49
11/25/2012,CPR,WY,ANM,WE,Combined TRACON& Tower with Radar,0,22,8,0,30,0,1,14,0,15,0,23,22,0,45,38,0,38,83
11/26/2012,CPR,WY,ANM,WE,Combined TRACON& Tower with Radar,2,29,9,1,41,0,0,2,0,2,2,29,11,1,43,0,0,0,43
11/27/2012,CPR,WY,ANM,WE,Combined TRACON& Tower with Radar,4,39,13,0,56,0,5,36,0,41,4,44,49,0,97,92,0,92,189
11/28/2012,CPR,WY,ANM,WE,Combined TRACON& Tower with Radar,4,41,25,0,70,0,3,24,0,27,4,44,49,0,97,42,0,42,139
11/29/2012,CPR,WY,ANM,WE,Combined TRACON& Tower with Radar,4,34,18,0,56,0,7,15,0,22,4,41,33,0,78,36,0,36,114
11/30/2012,CPR,WY,ANM,WE,Combined TRACON& Tower with Radar,8,34,19,10,71,0,2,23,0,25,8,36,42,10,96,46,0,46,142
12/01/2012,CPR,WY,ANM,WE,Combined TRACON& Tower with Radar,2,23,5,0,30,0,0,20,0,20,2,23,25,0,50,18,0,18,68
12/02/2012,CPR,WY,ANM,WE,Combined TRACON& Tower with Radar,0,16,13,0,29,0,0,2,0,2,0,16,15,0,31,0,0,0,31
12/03/2012,CPR,WY,ANM,WE,Combined TRACON& Tower with Radar,4,21,21,0,46,0,2,35,0,37,4,23,56,0,83,48,0,48,131
12/04/2012,CPR,WY,ANM,WE,Combined TRACON& Tower with Radar,8,27,9,0,44,0,3,12,0,15,8,30,21,0,59,8,0,8,67
12/05/2012,CPR,WY,ANM,WE,Combined TRACON& Tower with Radar,6,34,27,0,67,0,4,10,0,14,6,38,37,0,81,0,0,0,81
12/06/2012,CPR,WY,ANM,WE,Combined TRACON& Tower with Radar,7,29,17,0,53,0,5,40,0,45,7,34,57,0,98,50,0,50,148
12/07/2012,CPR,WY,ANM,WE,Combined TRACON& Tower with Radar,8,35,15,9,67,0,2,21,1,24,8,37,36,10,91,64,0,64,155
12/08/2012,CPR,WY,ANM,WE,Combined TRACON& Tower with Radar,2,18,8,0,28,0,0,10,0,10,2,18,18,0,38,34,0,34,72
12/09/2012,CPR,WY,ANM,WE,Combined TRACON& Tower with Radar,2,17,8,8,35,0,1,22,0,23,2,18,30,8,58,76,0,76,134
12/10/2012,CPR,WY,ANM,WE,Combined TRACON& Tower with Radar,4,32,19,0,55,0,3,13,0,16,4,35,32,0,71,22,0,22,93
12/11/2012,CPR,WY,ANM,WE,Combined TRACON& Tower with Radar,5,38,19,3,65,0,3,30,0,33,5,41,49,3,98,92,0,92,190
12/12/2012,CPR,WY,ANM,WE,Combined TRACON& Tower with Radar,5,32,30,1,68,0,4,11,0,15,5,36,41,1,83,8,0,8,91
12/13/2012,CPR,WY,ANM,WE,Combined TRACON& Tower with Radar,8,33,19,2,62,0,6,44,0,50,8,39,63,2,112,50,0,50,162
12/14/2012,CPR,WY,ANM,WE,Combined TRACON& Tower with Radar,5,33,25,0,63,0,4,31,0,35,5,37,56,0,98,4,0,4,102
12/15/2012,CPR,WY,ANM,WE,Combined TRACON& Tower with Radar,2,20,5,0,27,0,1,10,0,11,2,21,15,0,38,42,0,42,80
12/16/2012,CPR,WY,ANM,WE,Combined TRACON& Tower with Radar,2,15,9,0,26,0,1,8,0,9,2,16,17,0,35,28,0,28,63
12/17/2012,CPR,WY,ANM,WE,Combined TRACON& Tower with Radar,3,18,17,0,38,0,1,8,0,9,3,19,25,0,47,0,0,0,47
12/18/2012,CPR,WY,ANM,WE,Combined TRACON& Tower with Radar,5,34,21,0,60,0,4,18,0,22,5,38,39,0,82,60,0,60,142
12/19/2012,CPR,WY,ANM,WE,Combined TRACON& Tower with Radar,5,31,24,0,60,0,3,19,0,22,5,34,43,0,82,0,0,0,82
12/20/2012,CPR,WY,ANM,WE,Combined TRACON& Tower with Radar,9,31,19,0,59,0,2,11,0,13,9,33,30,0,72,0,0,0,72
12/21/2012,CPR,WY,ANM,WE,Combined TRACON& Tower with Radar,7,33,9,0,49,0,5,24,0,29,7,38,33,0,78,28,0,28,106
12/22/2012,CPR,WY,ANM,WE,Combined TRACON& Tower with Radar,2,26,5,0,33,0,0,26,0,26,2,26,31,0,59,44,0,44,103
12/23/2012,CPR,WY,ANM,WE,Combined TRACON& Tower with Radar,4,16,3,0,23,0,2,5,0,7,4,18,8,0,30,4,0,4,34
12/24/2012,CPR,WY,ANM,WE,Combined TRACON& Tower with Radar,4,18,4,0,26,0,1,4,0,5,4,19,8,0,31,0,0,0,31
12/25/2012,CPR,WY,ANM,WE,Combined TRACON& Tower with Radar,0,12,0,0,12,0,1,4,0,5,0,13,4,0,17,2,0,2,19
12/26/2012,CPR,WY,ANM,WE,Combined TRACON& Tower with Radar,5,40,12,0,57,0,1,6,0,7,5,41,18,0,64,18,0,18,82
12/27/2012,CPR,WY,ANM,WE,Combined TRACON& Tower with Radar,6,32,12,0,50,0,0,0,0,0,6,32,12,0,50,0,0,0,50
12/28/2012,CPR,WY,ANM,WE,Combined TRACON& Tower with Radar,5,30,9,0,44,0,4,22,0,26,5,34,31,0,70,60,0,60,130
12/29/2012,CPR,WY,ANM,WE,Combined TRACON& Tower with Radar,2,21,7,0,30,0,0,26,0,26,2,21,33,0,56,38,0,38,94
12/30/2012,CPR,WY,ANM,WE,Combined TRACON& Tower with Radar,2,15,0,0,17,0,0,26,0,26,2,15,26,0,43,76,0,76,119
12/31/2012,CPR,WY,ANM,WE,Combined TRACON& Tower with Radar,4,19,4,3,30,0,2,24,2,28,4,21,28,5,58,72,0,72,130
01/01/2013,CPR,WY,ANM,WE,Combined TRACON& Tower with Radar,0,12,3,0,15,0,0,5,0,5,0,12,8,0,20,0,0,0,20
01/02/2013,CPR,WY,ANM,WE,Combined TRACON& Tower with Radar,6,31,17,2,56,0,3,20,0,23,6,34,37,2,79,20,22,42,121
01/03/2013,CPR,WY,ANM,WE,Combined TRACON& Tower with Radar,6,32,27,0,65,0,6,68,0,74,6,38,95,0,139,4,0,4,143
01/04/2013,CPR,WY,ANM,WE,Combined TRACON& Tower with Radar,5,30,8,0,43,0,5,25,0,30,5,35,33,0,73,32,0,32,105
01/05/2013,CPR,WY,ANM,WE,Combined TRACON& Tower with Radar,2,18,6,0,26,0,0,46,0,46,2,18,52,0,72,68,0,68,140
01/06/2013,CPR,WY,ANM,WE,Combined TRACON& Tower with Radar,2,18,1,0,21,0,0,34,0,34,2,18,35,0,55,46,0,46,101
01/07/2013,CPR,WY,ANM,WE,Combined TRACON& Tower with Radar,4,24,15,0,43,0,2,22,0,24,4,26,37,0,67,22,0,22,89
01/08/2013,CPR,WY,ANM,WE,Combined TRACON& Tower with Radar,5,27,9,0,41,0,2,31,0,33,5,29,40,0,74,58,0,58,132
01/09/2013,CPR,WY,ANM,WE,Combined TRACON& Tower with Radar,3,36,18,1,58,0,4,18,4,26,3,40,36,5,84,4,0,4,88
01/10/2013,CPR,WY,ANM,WE,Combined TRACON& Tower with Radar,5,30,16,1,52,0,4,12,2,18,5,34,28,3,70,0,0,0,70
01/11/2013,CPR,WY,ANM,WE,Combined TRACON& Tower with Radar,6,32,13,0,51,0,0,0,0,0,6,32,13,0,51,0,0,0,51
01/12/2013,CPR,WY,ANM,WE,Combined TRACON& Tower with Radar,2,28,2,0,32,0,0,3,0,3,2,28,5,0,35,0,0,0,35
01/13/2013,CPR,WY,ANM,WE,Combined TRACON& Tower with Radar,2,18,8,0,28,0,0,11,0,11,2,18,19,0,39,42,0,42,81
01/14/2013,CPR,WY,ANM,WE,Combined TRACON& Tower with Radar,4,19,12,0,35,0,3,22,0,25,4,22,34,0,60,8,0,8,68
01/15/2013,CPR,WY,ANM,WE,Combined TRACON& Tower with Radar,3,29,11,0,43,0,1,12,0,13,3,30,23,0,56,18,0,18,74
01/16/2013,CPR,WY,ANM,WE,Combined TRACON& Tower with Radar,3,33,18,0,54,0,5,14,0,19,3,38,32,0,73,26,0,26,99
01/17/2013,CPR,WY,ANM,WE,Combined TRACON& Tower with Radar,5,29,21,0,55,0,3,25,0,28,5,32,46,0,83,58,0,58,141
01/18/2013,CPR,WY,ANM,WE,Combined TRACON& Tower with Radar,3,33,7,0,43,0,4,14,0,18,3,37,21,0,61,28,0,28,89
01/19/2013,CPR,WY,ANM,WE,Combined TRACON& Tower with Radar,2,18,1,0,21,0,2,21,0,23,2,20,22,0,44,22,0,22,66
01/20/2013,CPR,WY,ANM,WE,Combined TRACON& Tower with Radar,2,12,6,0,20,0,0,23,0,23,2,12,29,0,43,70,0,70,113
01/21/2013,CPR,WY,ANM,WE,Combined TRACON& Tower with Radar,4,29,10,0,43,0,0,18,0,18,4,29,28,0,61,8,0,8,69
01/22/2013,CPR,WY,ANM,WE,Combined TRACON& Tower with Radar,3,37,21,0,61,0,5,46,0,51,3,42,67,0,112,68,0,68,180
01/23/2013,CPR,WY,ANM,WE,Combined TRACON& Tower with Radar,5,34,22,2,63,0,9,37,0,46,5,43,59,2,109,64,0,64,173
01/24/2013,CPR,WY,ANM,WE,Combined TRACON& Tower with Radar,6,30,25,0,61,0,4,10,0,14,6,34,35,0,75,12,0,12,87
01/25/2013,CPR,WY,ANM,WE,Combined TRACON& Tower with Radar,5,36,15,12,68,0,1,26,0,27,5,37,41,12,95,28,0,28,123
01/26/2013,CPR,WY,ANM,WE,Combined TRACON& Tower with Radar,4,25,5,0,34,0,2,25,0,27,4,27,30,0,61,74,0,74,135
01/27/2013,CPR,WY,ANM,WE,Combined TRACON& Tower with Radar,2,19,4,0,25,0,1,24,0,25,2,20,28,0,50,46,0,46,96
01/28/2013,CPR,WY,ANM,WE,Combined TRACON& Tower with Radar,3,25,10,2,40,0,0,1,0,1,3,25,11,2,41,0,0,0,41
01/29/2013,CPR,WY,ANM,WE,Combined TRACON& Tower with Radar,4,36,17,2,59,0,3,24,0,27,4,39,41,2,86,58,0,58,144
01/30/2013,CPR,WY,ANM,WE,Combined TRACON& Tower with Radar,4,28,25,2,59,0,2,24,0,26,4,30,49,2,85,44,0,44,129
01/31/2013,CPR,WY,ANM,WE,Combined TRACON& Tower with Radar,6,35,21,4,66,0,5,18,0,23,6,40,39,4,89,40,0,40,129
02/01/2013,CPR,WY,ANM,WE,Combined TRACON& Tower with Radar,6,40,24,2,72,0,0,11,0,11,6,40,35,2,83,26,0,26,109
02/02/2013,CPR,WY,ANM,WE,Combined TRACON& Tower with Radar,2,17,6,2,27,0,0,40,0,40,2,17,46,2,67,32,0,32,99
02/03/2013,CPR,WY,ANM,WE,Combined TRACON& Tower with Radar,2,17,9,5,33,0,0,27,0,27,2,17,36,5,60,72,0,72,132
02/04/2013,CPR,WY,ANM,WE,Combined TRACON& Tower with Radar,4,24,23,5,56,0,10,27,0,37,4,34,50,5,93,48,0,48,141
02/05/2013,CPR,WY,ANM,WE,Combined TRACON& Tower with Radar,3,32,18,0,53,0,7,31,0,38,3,39,49,0,91,72,0,72,163
02/06/2013,CPR,WY,ANM,WE,Combined TRACON& Tower with Radar,2,32,16,0,50,0,3,36,0,39,2,35,52,0,89,60,0,60,149
02/07/2013,CPR,WY,ANM,WE,Combined TRACON& Tower with Radar,5,33,19,2,59,0,3,19,0,22,5,36,38,2,81,36,0,36,117
02/08/2013,CPR,WY,ANM,WE,Combined TRACON& Tower with Radar,7,39,14,0,60,0,3,27,2,32,7,42,41,2,92,12,0,12,104
02/09/2013,CPR,WY,ANM,WE,Combined TRACON& Tower with Radar,2,17,3,0,22,0,0,0,0,0,2,17,3,0,22,0,0,0,22
02/10/2013,CPR,WY,ANM,WE,Combined TRACON& Tower with Radar,2,19,7,0,28,0,0,0,0,0,2,19,7,0,28,0,0,0,28
02/11/2013,CPR,WY,ANM,WE,Combined TRACON& Tower with Radar,3,25,14,0,42,0,12,31,0,43,3,37,45,0,85,24,0,24,109
02/12/2013,CPR,WY,ANM,WE,Combined TRACON& Tower with Radar,4,33,16,0,53,0,10,38,0,48,4,43,54,0,101,20,0,20,121
02/13/2013,CPR,WY,ANM,WE,Combined TRACON& Tower with Radar,4,29,19,4,56,0,1,27,0,28,4,30,46,4,84,82,0,82,166
02/14/2013,CPR,WY,ANM,WE,Combined TRACON& Tower with Radar,6,41,28,0,75,0,0,11,0,11,6,41,39,0,86,16,0,16,102
02/15/2013,CPR,WY,ANM,WE,Combined TRACON& Tower with Radar,6,36,16,0,58,0,3,21,0,24,6,39,37,0,82,8,0,8,90
02/16/2013,CPR,WY,ANM,WE,Combined TRACON& Tower with Radar,2,19,7,0,28,0,1,25,0,26,2,20,32,0,54,52,0,52,106
02/17/2013,CPR,WY,ANM,WE,Combined TRACON& Tower with Radar,2,12,8,0,22,0,0,7,0,7,2,12,15,0,29,12,0,12,41
02/18/2013,CPR,WY,ANM,WE,Combined TRACON& Tower with Radar,4,28,8,0,40,0,3,12,0,15,4,31,20,0,55,34,0,34,89
02/19/2013,CPR,WY,ANM,WE,Combined TRACON& Tower with Radar,3,30,13,1,47,1,4,44,0,49,4,34,57,1,96,80,0,80,176
02/20/2013,CPR,WY,ANM,WE,Combined TRACON& Tower with Radar,3,34,13,0,50,0,4,44,0,48,3,38,57,0,98,74,0,74,172
02/21/2013,CPR,WY,ANM,WE,Combined TRACON& Tower with Radar,6,32,24,0,62,0,1,8,0,9,6,33,32,0,71,16,0,16,87
02/22/2013,CPR,WY,ANM,WE,Combined TRACON& Tower with Radar,6,38,20,0,64,0,1,37,0,38,6,39,57,0,102,62,0,62,164
02/23/2013,CPR,WY,ANM,WE,Combined TRACON& Tower with Radar,2,23,9,0,34,0,1,13,0,14,2,24,22,0,48,42,0,42,90
02/24/2013,CPR,WY,ANM,WE,Combined TRACON& Tower with Radar,2,9,5,0,16,0,0,12,0,12,2,9,17,0,28,62,0,62,90
02/25/2013,CPR,WY,ANM,WE,Combined TRACON& Tower with Radar,4,20,17,0,41,0,1,28,1,30,4,21,45,1,71,28,0,28,99
02/26/2013,CPR,WY,ANM,WE,Combined TRACON& Tower with Radar,4,32,12,0,48,0,1,1,0,2,4,33,13,0,50,0,0,0,50
02/27/2013,CPR,WY,ANM,WE,Combined TRACON& Tower with Radar,3,38,18,4,63,0,4,65,0,69,3,42,83,4,132,90,0,90,222
02/28/2013,CPR,WY,ANM,WE,Combined TRACON& Tower with Radar,3,35,14,0,52,0,0,32,0,32,3,35,46,0,84,14,0,14,98
03/01/2013,CPR,WY,ANM,WE,Combined TRACON& Tower with Radar,6,32,16,0,54,0,1,21,0,22,6,33,37,0,76,50,0,50,126
03/02/2013,CPR,WY,ANM,WE,Combined TRACON& Tower with Radar,4,20,6,0,30,0,2,25,0,27,4,22,31,0,57,8,0,8,65
03/03/2013,CPR,WY,ANM,WE,Combined TRACON& Tower with Radar,0,19,8,0,27,0,0,3,0,3,0,19,11,0,30,4,0,4,34
03/04/2013,CPR,WY,ANM,WE,Combined TRACON& Tower with Radar,6,21,16,0,43,0,1,15,0,16,6,22,31,0,59,6,0,6,65
03/05/2013,CPR,WY,ANM,WE,Combined TRACON& Tower with Radar,4,40,16,0,60,0,0,62,0,62,4,40,78,0,122,48,0,48,170
03/06/2013,CPR,WY,ANM,WE,Combined TRACON& Tower with Radar,4,32,15,0,51,0,3,35,0,38,4,35,50,0,89,38,0,38,127
03/07/2013,CPR,WY,ANM,WE,Combined TRACON& Tower with Radar,4,27,26,0,57,0,2,38,0,40,4,29,64,0,97,122,0,122,219
03/08/2013,CPR,WY,ANM,WE,Combined TRACON& Tower with Radar,8,31,21,0,60,0,1,34,0,35,8,32,55,0,95,144,0,144,239
03/09/2013,CPR,WY,ANM,WE,Combined TRACON& Tower with Radar,2,17,5,0,24,0,1,9,0,10,2,18,14,0,34,42,0,42,76
03/10/2013,CPR,WY,ANM,WE,Combined TRACON& Tower with Radar,0,12,10,0,22,0,0,42,0,42,0,12,52,0,64,92,0,92,156
03/11/2013,CPR,WY,ANM,WE,Combined TRACON& Tower with Radar,4,21,11,0,36,0,0,3,0,3,4,21,14,0,39,10,0,10,49
03/12/2013,CPR,WY,ANM,WE,Combined TRACON& Tower with Radar,4,29,15,0,48,0,3,29,2,34,4,32,44,2,82,104,0,104,186
03/13/2013,CPR,WY,ANM,WE,Combined TRACON& Tower with Radar,4,28,21,0,53,0,4,45,0,49,4,32,66,0,102,78,0,78,180
03/14/2013,CPR,WY,ANM,WE,Combined TRACON& Tower with Radar,4,35,25,2,66,0,4,32,0,36,4,39,57,2,102,58,0,58,160
03/15/2013,CPR,WY,ANM,WE,Combined TRACON& Tower with Radar,7,32,15,3,57,0,3,30,0,33,7,35,45,3,90,44,0,44,134
03/16/2013,CPR,WY,ANM,WE,Combined TRACON& Tower with Radar,2,25,9,0,36,0,0,33,0,33,2,25,42,0,69,70,0,70,139
03/17/2013,CPR,WY,ANM,WE,Combined TRACON& Tower with Radar,0,13,9,0,22,0,1,1,0,2,0,14,10,0,24,0,0,0,24
03/18/2013,CPR,WY,ANM,WE,Combined TRACON& Tower with Radar,6,28,23,3,60,0,2,16,0,18,6,30,39,3,78,17,0,17,95
03/19/2013,CPR,WY,ANM,WE,Combined TRACON& Tower with Radar,3,32,9,1,45,0,3,46,1,50,3,35,55,2,95,94,0,94,189
03/20/2013,CPR,WY,ANM,WE,Combined TRACON& Tower with Radar,3,35,20,0,58,0,4,43,1,48,3,39,63,1,106,44,0,44,150
03/21/2013,CPR,WY,ANM,WE,Combined TRACON& Tower with Radar,2,29,16,0,47,0,1,6,0,7,2,30,22,0,54,10,0,10,64
03/22/2013,CPR,WY,ANM,WE,Combined TRACON& Tower with Radar,8,31,16,0,55,0,0,9,0,9,8,31,25,0,64,8,0,8,72
03/23/2013,CPR,WY,ANM,WE,Combined TRACON& Tower with Radar,2,13,7,0,22,0,0,8,2,10,2,13,15,2,32,8,0,8,40
03/24/2013,CPR,WY,ANM,WE,Combined TRACON& Tower with Radar,0,13,6,0,19,0,0,3,0,3,0,13,9,0,22,6,0,6,28
03/25/2013,CPR,WY,ANM,WE,Combined TRACON& Tower with Radar,5,20,21,0,46,0,2,51,0,53,5,22,72,0,99,62,0,62,161
03/26/2013,CPR,WY,ANM,WE,Combined TRACON& Tower with Radar,6,28,20,10,64,0,2,26,1,29,6,30,46,11,93,44,6,50,143
03/27/2013,CPR,WY,ANM,WE,Combined TRACON& Tower with Radar,6,39,27,0,72,0,3,44,0,47,6,42,71,0,119,54,0,54,173
03/28/2013,CPR,WY,ANM,WE,Combined TRACON& Tower with Radar,4,32,27,2,65,0,6,44,0,50,4,38,71,2,115,40,0,40,155
03/29/2013,CPR,WY,ANM,WE,Combined TRACON& Tower with Radar,10,35,14,0,59,0,5,28,0,33,10,40,42,0,92,22,0,22,114
03/30/2013,CPR,WY,ANM,WE,Combined TRACON& Tower with Radar,2,23,4,0,29,0,1,4,0,5,2,24,8,0,34,0,0,0,34
03/31/2013,CPR,WY,ANM,WE,Combined TRACON& Tower with Radar,0,20,5,0,25,0,2,12,0,14,0,22,17,0,39,2,0,2,41
04/01/2013,CPR,WY,ANM,WE,Combined TRACON& Tower with Radar,6,32,26,0,64,0,4,32,0,36,6,36,58,0,100,38,0,38,138
04/02/2013,CPR,WY,ANM,WE,Combined TRACON& Tower with Radar,3,35,19,0,57,0,1,55,0,56,3,36,74,0,113,96,0,96,209
04/03/2013,CPR,WY,ANM,WE,Combined TRACON& Tower with Radar,3,34,22,0,59,0,0,54,0,54,3,34,76,0,113,58,0,58,171
04/04/2013,CPR,WY,ANM,WE,Combined TRACON& Tower with Radar,3,38,19,0,60,0,6,41,0,47,3,44,60,0,107,78,0,78,185
04/05/2013,CPR,WY,ANM,WE,Combined TRACON& Tower with Radar,8,38,16,0,62,0,2,16,0,18,8,40,32,0,80,20,0,20,100
04/06/2013,CPR,WY,ANM,WE,Combined TRACON& Tower with Radar,2,20,1,0,23,0,0,25,0,25,2,20,26,0,48,46,0,46,94
04/07/2013,CPR,WY,ANM,WE,Combined TRACON& Tower with Radar,0,13,6,0,19,0,4,21,0,25,0,17,27,0,44,40,0,40,84
04/08/2013,CPR,WY,ANM,WE,Combined TRACON& Tower with Radar,4,15,12,0,31,0,0,0,0,0,4,15,12,0,31,0,0,0,31
04/09/2013,CPR,WY,ANM,WE,Combined TRACON& Tower with Radar,2,13,7,0,22,0,0,0,0,0,2,13,7,0,22,0,0,0,22
04/10/2013,CPR,WY,ANM,WE,Combined TRACON& Tower with Radar,3,41,24,0,68,0,1,16,0,17,3,42,40,0,85,1,0,1,86
04/11/2013,CPR,WY,ANM,WE,Combined TRACON& Tower with Radar,5,35,18,0,58,0,3,39,0,42,5,38,57,0,100,58,0,58,158
04/12/2013,CPR,WY,ANM,WE,Combined TRACON& Tower with Radar,7,34,21,0,62,0,3,7,0,10,7,37,28,0,72,0,0,0,72
04/13/2013,CPR,WY,ANM,WE,Combined TRACON& Tower with Radar,2,29,6,0,37,0,1,18,0,19,2,30,24,0,56,42,0,42,98
04/14/2013,CPR,WY,ANM,WE,Combined TRACON& Tower with Radar,0,20,8,0,28,0,1,8,0,9,0,21,16,0,37,16,0,16,53
04/15/2013,CPR,WY,ANM,WE,Combined TRACON& Tower with Radar,6,23,19,0,48,0,0,0,0,0,6,23,19,0,48,0,0,0,48
04/16/2013,CPR,WY,ANM,WE,Combined TRACON& Tower with Radar,2,27,11,0,40,0,0,0,0,0,2,27,11,0,40,0,0,0,40
04/17/2013,CPR,WY,ANM,WE,Combined TRACON& Tower with Radar,3,35,16,0,54,0,0,0,0,0,3,35,16,0,54,0,0,0,54
04/18/2013,CPR,WY,ANM,WE,Combined TRACON& Tower with Radar,3,34,14,0,51,0,3,56,0,59,3,37,70,0,110,106,0,106,216
04/19/2013,CPR,WY,ANM,WE,Combined TRACON& Tower with Radar,8,36,11,8,63,0,3,34,0,37,8,39,45,8,100,26,0,26,126
04/20/2013,CPR,WY,ANM,WE,Combined TRACON& Tower with Radar,2,21,20,0,43,0,0,30,0,30,2,21,50,0,73,82,0,82,155
04/21/2013,CPR,WY,ANM,WE,Combined TRACON& Tower with Radar,0,16,6,0,22,0,0,11,0,11,0,16,17,0,33,0,0,0,33
04/22/2013,CPR,WY,ANM,WE,Combined TRACON& Tower with Radar,5,23,15,12,55,0,0,0,1,1,5,23,15,13,56,0,10,10,66
04/23/2013,CPR,WY,ANM,WE,Combined TRACON& Tower with Radar,4,40,19,0,63,0,4,61,1,66,4,44,80,1,129,85,0,85,214
04/24/2013,CPR,WY,ANM,WE,Combined TRACON& Tower with Radar,4,32,17,2,55,0,5,61,0,66,4,37,78,2,121,46,0,46,167
04/25/2013,CPR,WY,ANM,WE,Combined TRACON& Tower with Radar,4,38,22,0,64,0,8,59,0,67,4,46,81,0,131,54,0,54,185
04/26/2013,CPR,WY,ANM,WE,Combined TRACON& Tower with Radar,7,35,13,2,57,0,4,51,0,55,7,39,64,2,112,34,0,34,146
04/27/2013,CPR,WY,ANM,WE,Combined TRACON& Tower with Radar,2,17,4,0,23,0,0,43,1,44,2,17,47,1,67,28,0,28,95
04/28/2013,CPR,WY,ANM,WE,Combined TRACON& Tower with Radar,0,19,16,0,35,0,2,22,1,25,0,21,38,1,60,4,0,4,64
04/29/2013,CPR,WY,ANM,WE,Combined TRACON& Tower with Radar,5,23,11,0,39,0,4,15,0,19,5,27,26,0,58,8,0,8,66
04/30/2013,CPR,WY,ANM,WE,Combined TRACON& Tower with Radar,3,34,22,0,59,0,1,24,0,25,3,35,46,0,84,48,0,48,132
05/01/2013,CPR,WY,ANM,WE,Combined TRACON& Tower with Radar,3,43,18,0,64,0,0,7,0,7,3,43,25,0,71,4,0,4,75
05/02/2013,CPR,WY,ANM,WE,Combined TRACON& Tower with Radar,4,37,26,0,67,0,13,67,0,80,4,50,93,0,147,90,0,90,237
05/03/2013,CPR,WY,ANM,WE,Combined TRACON& Tower with Radar,7,36,19,0,62,0,4,51,0,55,7,40,70,0,117,56,0,56,173
05/04/2013,CPR,WY,ANM,WE,Combined TRACON& Tower with Radar,2,18,9,0,29,0,0,15,0,15,2,18,24,0,44,60,0,60,104
05/05/2013,CPR,WY,ANM,WE,Combined TRACON& Tower with Radar,2,15,6,0,23,0,0,18,0,18,2,15,24,0,41,2,0,2,43
05/06/2013,CPR,WY,ANM,WE,Combined TRACON& Tower with Radar,5,22,19,0,46,0,3,31,2,36,5,25,50,2,82,20,0,20,102
05/07/2013,CPR,WY,ANM,WE,Combined TRACON& Tower with Radar,5,32,12,0,49,0,2,35,3,40,5,34,47,3,89,116,0,116,205
05/08/2013,CPR,WY,ANM,WE,Combined TRACON& Tower with Radar,5,31,17,0,53,0,5,57,5,67,5,36,74,5,120,52,0,52,172
05/09/2013,CPR,WY,ANM,WE,Combined TRACON& Tower with Radar,3,34,25,0,62,0,3,37,0,40,3,37,62,0,102,38,0,38,140
05/10/2013,CPR,WY,ANM,WE,Combined TRACON& Tower with Radar,7,37,26,0,70,0,7,64,0,71,7,44,90,0,141,58,0,58,199
05/11/2013,CPR,WY,ANM,WE,Combined TRACON& Tower with Radar,2,27,10,0,39,0,1,48,0,49,2,28,58,0,88,72,0,72,160
05/12/2013,CPR,WY,ANM,WE,Combined TRACON& Tower with Radar,0,16,0,0,16,0,0,21,0,21,0,16,21,0,37,44,0,44,81
05/13/2013,CPR,WY,ANM,WE,Combined TRACON& Tower with Radar,4,24,17,0,45,0,3,39,0,42,4,27,56,0,87,14,0,14,101
05/14/2013,CPR,WY,ANM,WE,Combined TRACON& Tower with Radar,3,34,24,2,63,0,8,56,0,64,3,42,80,2,127,40,0,40,167
05/15/2013,CPR,WY,ANM,WE,Combined TRACON& Tower with Radar,3,46,19,0,68,0,7,55,0,62,3,53,74,0,130,44,0,44,174
05/16/2013,CPR,WY,ANM,WE,Combined TRACON& Tower with Radar,3,33,17,0,53,0,6,49,0,55,3,39,66,0,108,42,0,42,150
05/17/2013,CPR,WY,ANM,WE,Combined TRACON& Tower with Radar,5,34,23,4,66,0,2,41,0,43,5,36,64,4,109,72,0,72,181
05/18/2013,CPR,WY,ANM,WE,Combined TRACON& Tower with Radar,2,18,4,0,24,0,2,34,0,36,2,20,38,0,60,18,0,18,78
05/19/2013,CPR,WY,ANM,WE,Combined TRACON& Tower with Radar,0,12,8,2,22,0,0,5,0,5,0,12,13,2,27,4,0,4,31
05/20/2013,CPR,WY,ANM,WE,Combined TRACON& Tower with Radar,3,28,15,0,46,0,3,10,0,13,3,31,25,0,59,4,0,4,63
05/21/2013,CPR,WY,ANM,WE,Combined TRACON& Tower with Radar,3,41,19,0,63,0,11,56,0,67,3,52,75,0,130,124,0,124,254
05/22/2013,CPR,WY,ANM,WE,Combined TRACON& Tower with Radar,4,43,17,1,65,0,5,42,6,53,4,48,59,7,118,26,26,52,170
05/23/2013,CPR,WY,ANM,WE,Combined TRACON& Tower with Radar,4,31,17,0,52,0,4,30,0,34,4,35,47,0,86,60,0,60,146
05/24/2013,CPR,WY,ANM,WE,Combined TRACON& Tower with Radar,5,32,19,4,60,0,2,37,0,39,5,34,56,4,99,28,0,28,127
05/25/2013,CPR,WY,ANM,WE,Combined TRACON& Tower with Radar,2,16,4,0,22,0,3,28,0,31,2,19,32,0,53,10,0,10,63
05/26/2013,CPR,WY,ANM,WE,Combined TRACON& Tower with Radar,0,13,11,0,24,0,2,22,0,24,0,15,33,0,48,10,0,10,58
05/27/2013,CPR,WY,ANM,WE,Combined TRACON& Tower with Radar,4,18,6,0,28,0,3,11,0,14,4,21,17,0,42,2,0,2,44
05/28/2013,CPR,WY,ANM,WE,Combined TRACON& Tower with Radar,2,27,12,0,41,0,6,29,0,35,2,33,41,0,76,36,0,36,112
05/29/2013,CPR,WY,ANM,WE,Combined TRACON& Tower with Radar,3,38,32,0,73,0,0,27,0,27,3,38,59,0,100,24,0,24,124
05/30/2013,CPR,WY,ANM,WE,Combined TRACON& Tower with Radar,3,32,18,0,53,0,6,31,0,37,3,38,49,0,90,26,0,26,116
05/31/2013,CPR,WY,ANM,WE,Combined TRACON& Tower with Radar,5,29,20,0,54,0,14,22,0,36,5,43,42,0,90,12,0,12,102
06/01/2013,CPR,WY,ANM,WE,Combined TRACON& Tower with Radar,2,19,3,0,24,0,0,23,0,23,2,19,26,0,47,28,0,28,75
06/02/2013,CPR,WY,ANM,WE,Combined TRACON& Tower with Radar,0,15,8,0,23,0,0,21,0,21,0,15,29,0,44,4,0,4,48
06/03/2013,CPR,WY,ANM,WE,Combined TRACON& Tower with Radar,4,33,16,2,55,0,6,24,0,30,4,39,40,2,85,10,0,10,95
06/04/2013,CPR,WY,ANM,WE,Combined TRACON& Tower with Radar,4,29,23,1,57,0,8,39,0,47,4,37,62,1,104,78,0,78,182
06/05/2013,CPR,WY,ANM,WE,Combined TRACON& Tower with Radar,5,41,31,0,77,0,5,50,0,55,5,46,81,0,132,46,0,46,178
06/06/2013,CPR,WY,ANM,WE,Combined TRACON& Tower with Radar,4,34,21,0,59,0,0,73,0,73,4,34,94,0,132,118,0,118,250
06/07/2013,CPR,WY,ANM,WE,Combined TRACON& Tower with Radar,5,37,37,0,79,0,9,38,0,47,5,46,75,0,126,110,0,110,236
06/08/2013,CPR,WY,ANM,WE,Combined TRACON& Tower with Radar,4,19,22,0,45,0,2,90,0,92,4,21,112,0,137,112,0,112,249
06/09/2013,CPR,WY,ANM,WE,Combined TRACON& Tower with Radar,0,16,13,0,29,0,0,29,0,29,0,16,42,0,58,100,0,100,158
06/10/2013,CPR,WY,ANM,WE,Combined TRACON& Tower with Radar,4,34,46,0,84,0,6,40,0,46,4,40,86,0,130,54,0,54,184
06/11/2013,CPR,WY,ANM,WE,Combined TRACON& Tower with Radar,3,33,14,5,55,0,3,54,0,57,3,36,68,5,112,68,10,78,190
06/12/2013,CPR,WY,ANM,WE,Combined TRACON& Tower with Radar,4,38,41,0,83,0,5,42,0,47,4,43,83,0,130,56,0,56,186
06/13/2013,CPR,WY,ANM,WE,Combined TRACON& Tower with Radar,3,37,18,0,58,0,4,35,0,39,3,41,53,0,97,52,0,52,149
06/14/2013,CPR,WY,ANM,WE,Combined TRACON& Tower with Radar,5,36,22,4,67,0,2,39,0,41,5,38,61,4,108,2,0,2,110
06/15/2013,CPR,WY,ANM,WE,Combined TRACON& Tower with Radar,2,26,6,2,36,0,4,49,0,53,2,30,55,2,89,46,0,46,135
06/16/2013,CPR,WY,ANM,WE,Combined TRACON& Tower with Radar,0,18,8,0,26,0,0,25,0,25,0,18,33,0,51,0,0,0,51
06/17/2013,CPR,WY,ANM,WE,Combined TRACON& Tower with Radar,3,33,18,0,54,0,4,27,0,31,3,37,45,0,85,8,0,8,93
06/18/2013,CPR,WY,ANM,WE,Combined TRACON& Tower with Radar,5,36,8,2,51,0,4,44,0,48,5,40,52,2,99,86,0,86,185
06/19/2013,CPR,WY,ANM,WE,Combined TRACON& Tower with Radar,2,40,16,0,58,0,4,45,0,49,2,44,61,0,107,56,0,56,163
06/20/2013,CPR,WY,ANM,WE,Combined TRACON& Tower with Radar,3,29,28,0,60,0,4,38,0,42,3,33,66,0,102,64,0,64,166
06/21/2013,CPR,WY,ANM,WE,Combined TRACON& Tower with Radar,4,42,9,0,55,0,3,37,0,40,4,45,46,0,95,28,0,28,123
06/22/2013,CPR,WY,ANM,WE,Combined TRACON& Tower with Radar,2,21,14,0,37,0,0,21,0,21,2,21,35,0,58,32,0,32,90
06/23/2013,CPR,WY,ANM,WE,Combined TRACON& Tower with Radar,0,14,6,0,20,0,0,36,0,36,0,14,42,0,56,24,0,24,80
06/24/2013,CPR,WY,ANM,WE,Combined TRACON& Tower with Radar,4,25,11,0,40,0,2,30,0,32,4,27,41,0,72,14,0,14,86
06/25/2013,CPR,WY,ANM,WE,Combined TRACON& Tower with Radar,3,36,18,0,57,0,4,52,1,57,3,40,70,1,114,26,0,26,140
06/26/2013,CPR,WY,ANM,WE,Combined TRACON& Tower with Radar,3,34,14,0,51,0,7,52,0,59,3,41,66,0,110,106,0,106,216
06/27/2013,CPR,WY,ANM,WE,Combined TRACON& Tower with Radar,3,29,22,0,54,0,2,32,0,34,3,31,54,0,88,44,0,44,132
06/28/2013,CPR,WY,ANM,WE,Combined TRACON& Tower with Radar,5,41,14,0,60,0,6,29,0,35,5,47,43,0,95,44,0,44,139
06/29/2013,CPR,WY,ANM,WE,Combined TRACON& Tower with Radar,2,20,3,2,27,0,4,40,0,44,2,24,43,2,71,18,0,18,89
06/30/2013,CPR,WY,ANM,WE,Combined TRACON& Tower with Radar,0,15,8,0,23,0,4,42,1,47,0,19,50,1,70,18,0,18,88
07/01/2013,CPR,WY,ANM,WE,Combined TRACON& Tower with Radar,3,26,9,0,38,0,4,50,0,54,3,30,59,0,92,54,0,54,146
07/02/2013,CPR,WY,ANM,WE,Combined TRACON& Tower with Radar,3,39,10,0,52,0,5,45,1,51,3,44,55,1,103,68,0,68,171
07/03/2013,CPR,WY,ANM,WE,Combined TRACON& Tower with Radar,2,38,20,0,60,0,4,38,0,42,2,42,58,0,102,32,0,32,134
07/04/2013,CPR,WY,ANM,WE,Combined TRACON& Tower with Radar,0,13,7,0,20,0,2,50,0,52,0,15,57,0,72,36,0,36,108
07/05/2013,CPR,WY,ANM,WE,Combined TRACON& Tower with Radar,5,27,4,2,38,0,8,47,0,55,5,35,51,2,93,66,0,66,159
07/06/2013,CPR,WY,ANM,WE,Combined TRACON& Tower with Radar,2,21,5,0,28,0,2,31,0,33,2,23,36,0,61,64,0,64,125
07/07/2013,CPR,WY,ANM,WE,Combined TRACON& Tower with Radar,0,19,11,0,30,0,0,26,0,26,0,19,37,0,56,24,0,24,80
07/08/2013,CPR,WY,ANM,WE,Combined TRACON& Tower with Radar,4,34,27,0,65,0,2,45,0,47,4,36,72,0,112,30,0,30,142
07/09/2013,CPR,WY,ANM,WE,Combined TRACON& Tower with Radar,3,39,13,3,58,0,3,31,0,34,3,42,44,3,92,34,0,34,126
07/10/2013,CPR,WY,ANM,WE,Combined TRACON& Tower with Radar,2,37,21,0,60,0,4,37,0,41,2,41,58,0,101,40,0,40,141
07/11/2013,CPR,WY,ANM,WE,Combined TRACON& Tower with Radar,3,38,24,0,65,0,5,56,0,61,3,43,80,0,126,34,0,34,160
07/12/2013,CPR,WY,ANM,WE,Combined TRACON& Tower with Radar,5,38,20,0,63,0,11,26,0,37,5,49,46,0,100,26,0,26,126
07/13/2013,CPR,WY,ANM,WE,Combined TRACON& Tower with Radar,3,27,8,0,38,0,2,35,0,37,3,29,43,0,75,46,0,46,121
07/14/2013,CPR,WY,ANM,WE,Combined TRACON& Tower with Radar,0,11,9,0,20,0,0,36,0,36,0,11,45,0,56,8,0,8,64
07/15/2013,CPR,WY,ANM,WE,Combined TRACON& Tower with Radar,4,31,26,0,61,0,4,19,0,23,4,35,45,0,84,2,0,2,86
07/16/2013,CPR,WY,ANM,WE,Combined TRACON& Tower with Radar,3,35,22,0,60,0,2,51,0,53,3,37,73,0,113,80,0,80,193
07/17/2013,CPR,WY,ANM,WE,Combined TRACON& Tower with Radar,4,33,28,0,65,0,6,65,0,71,4,39,93,0,136,48,0,48,184
07/18/2013,CPR,WY,ANM,WE,Combined TRACON& Tower with Radar,2,39,27,0,68,0,3,61,0,64,2,42,88,0,132,74,0,74,206
07/19/2013,CPR,WY,ANM,WE,Combined TRACON& Tower with Radar,5,42,13,0,60,0,7,33,0,40,5,49,46,0,100,26,0,26,126
07/20/2013,CPR,WY,ANM,WE,Combined TRACON& Tower with Radar,2,20,13,0,35,0,1,27,0,28,2,21,40,0,63,18,0,18,81
07/21/2013,CPR,WY,ANM,WE,Combined TRACON& Tower with Radar,0,11,15,0,26,0,0,33,0,33,0,11,48,0,59,26,0,26,85
07/22/2013,CPR,WY,ANM,WE,Combined TRACON& Tower with Radar,3,29,18,0,50,0,6,37,0,43,3,35,55,0,93,14,0,14,107
07/23/2013,CPR,WY,ANM,WE,Combined TRACON& Tower with Radar,3,32,16,0,51,0,4,53,1,58,3,36,69,1,109,76,0,76,185
07/24/2013,CPR,WY,ANM,WE,Combined TRACON& Tower with Radar,3,45,25,0,73,0,6,48,0,54,3,51,73,0,127,38,0,38,165
07/25/2013,CPR,WY,ANM,WE,Combined TRACON& Tower with Radar,3,28,21,0,52,0,6,51,0,57,3,34,72,0,109,10,0,10,119
07/26/2013,CPR,WY,ANM,WE,Combined TRACON& Tower with Radar,5,30,33,6,74,0,4,36,0,40,5,34,69,6,114,4,0,4,118
07/27/2013,CPR,WY,ANM,WE,Combined TRACON& Tower with Radar,2,26,7,0,35,0,3,33,0,36,2,29,40,0,71,30,0,30,101
07/28/2013,CPR,WY,ANM,WE,Combined TRACON& Tower with Radar,0,17,7,0,24,0,4,25,0,29,0,21,32,0,53,22,0,22,75
07/29/2013,CPR,WY,ANM,WE,Combined TRACON& Tower with Radar,5,30,15,0,50,0,4,35,0,39,5,34,50,0,89,38,0,38,127
07/30/2013,CPR,WY,ANM,WE,Combined TRACON& Tower with Radar,3,35,14,2,54,0,9,39,0,48,3,44,53,2,102,72,0,72,174
07/31/2013,CPR,WY,ANM,WE,Combined TRACON& Tower with Radar,3,36,24,0,63,0,8,38,0,46,3,44,62,0,109,54,0,54,163
08/01/2013,CPR,WY,ANM,WE,Combined TRACON& Tower with Radar,2,37,20,4,63,0,1,55,0,56,2,38,75,4,119,27,0,27,146
08/02/2013,CPR,WY,ANM,WE,Combined TRACON& Tower with Radar,5,38,22,2,67,0,8,59,0,67,5,46,81,2,134,56,0,56,190
08/03/2013,CPR,WY,ANM,WE,Combined TRACON& Tower with Radar,4,27,14,0,45,0,4,72,0,76,4,31,86,0,121,42,0,42,163
08/04/2013,CPR,WY,ANM,WE,Combined TRACON& Tower with Radar,0,24,16,0,40,0,2,62,0,64,0,26,78,0,104,28,0,28,132
08/05/2013,CPR,WY,ANM,WE,Combined TRACON& Tower with Radar,4,23,20,0,47,0,3,42,0,45,4,26,62,0,92,18,0,18,110
08/06/2013,CPR,WY,ANM,WE,Combined TRACON& Tower with Radar,6,36,17,0,59,0,5,66,0,71,6,41,83,0,130,25,0,25,155
08/07/2013,CPR,WY,ANM,WE,Combined TRACON& Tower with Radar,3,30,25,0,58,0,4,59,0,63,3,34,84,0,121,80,0,80,201
08/08/2013,CPR,WY,ANM,WE,Combined TRACON& Tower with Radar,4,28,20,0,52,0,3,60,0,63,4,31,80,0,115,30,0,30,145
08/09/2013,CPR,WY,ANM,WE,Combined TRACON& Tower with Radar,6,36,23,2,67,0,4,43,0,47,6,40,66,2,114,14,0,14,128
08/10/2013,CPR,WY,ANM,WE,Combined TRACON& Tower with Radar,1,24,8,0,33,0,2,41,0,43,1,26,49,0,76,34,0,34,110
08/11/2013,CPR,WY,ANM,WE,Combined TRACON& Tower with Radar,0,11,5,0,16,0,0,25,0,25,0,11,30,0,41,8,0,8,49
08/12/2013,CPR,WY,ANM,WE,Combined TRACON& Tower with Radar,5,31,20,10,66,0,5,27,0,32,5,36,47,10,98,4,18,22,120
08/13/2013,CPR,WY,ANM,WE,Combined TRACON& Tower with Radar,3,32,19,0,54,0,6,42,0,48,3,38,61,0,102,24,0,24,126
08/14/2013,CPR,WY,ANM,WE,Combined TRACON& Tower with Radar,3,31,7,0,41,0,4,48,2,54,3,35,55,2,95,80,0,80,175
08/15/2013,CPR,WY,ANM,WE,Combined TRACON& Tower with Radar,4,38,28,0,70,0,1,59,0,60,4,39,87,0,130,32,0,32,162
08/16/2013,CPR,WY,ANM,WE,Combined TRACON& Tower with Radar,4,38,17,0,59,0,7,49,0,56,4,45,66,0,115,28,0,28,143
08/17/2013,CPR,WY,ANM,WE,Combined TRACON& Tower with Radar,2,20,6,0,28,0,0,43,0,43,2,20,49,0,71,48,0,48,119
08/18/2013,CPR,WY,ANM,WE,Combined TRACON& Tower with Radar,0,10,3,0,13,0,0,18,0,18,0,10,21,0,31,10,0,10,41
08/19/2013,CPR,WY,ANM,WE,Combined TRACON& Tower with Radar,2,27,12,0,41,0,2,44,0,46,2,29,56,0,87,40,0,40,127
08/20/2013,CPR,WY,ANM,WE,Combined TRACON& Tower with Radar,4,41,23,0,68,0,6,47,0,53,4,47,70,0,121,60,0,60,181
08/21/2013,CPR,WY,ANM,WE,Combined TRACON& Tower with Radar,3,28,30,0,61,0,6,22,0,28,3,34,52,0,89,20,0,20,109
08/22/2013,CPR,WY,ANM,WE,Combined TRACON& Tower with Radar,3,45,15,0,63,0,0,29,0,29,3,45,44,0,92,0,0,0,92
08/23/2013,CPR,WY,ANM,WE,Combined TRACON& Tower with Radar,5,38,14,10,67,0,4,48,2,54,5,42,62,12,121,66,8,74,195
08/24/2013,CPR,WY,ANM,WE,Combined TRACON& Tower with Radar,2,26,6,0,34,0,7,27,0,34,2,33,33,0,68,62,0,62,130
08/25/2013,CPR,WY,ANM,WE,Combined TRACON& Tower with Radar,0,11,13,7,31,0,0,30,0,30,0,11,43,7,61,0,0,0,61
08/26/2013,CPR,WY,ANM,WE,Combined TRACON& Tower with Radar,2,27,12,0,41,0,5,38,0,43,2,32,50,0,84,36,0,36,120
08/27/2013,CPR,WY,ANM,WE,Combined TRACON& Tower with Radar,3,28,30,0,61,0,4,44,0,48,3,32,74,0,109,54,0,54,163
08/28/2013,CPR,WY,ANM,WE,Combined TRACON& Tower with Radar,3,33,22,0,58,0,4,43,0,47,3,37,65,0,105,24,0,24,129
08/29/2013,CPR,WY,ANM,WE,Combined TRACON& Tower with Radar,3,40,26,2,71,0,1,52,0,53,3,41,78,2,124,22,0,22,146
08/30/2013,CPR,WY,ANM,WE,Combined TRACON& Tower with Radar,2,35,17,0,54,0,9,39,0,48,2,44,56,0,102,106,0,106,208
08/31/2013,CPR,WY,ANM,WE,Combined TRACON& Tower with Radar,2,25,15,0,42,0,5,55,0,60,2,30,70,0,102,88,0,88,190
09/01/2013,CPR,WY,ANM,WE,Combined TRACON& Tower with Radar,0,15,10,0,25,0,4,31,0,35,0,19,41,0,60,2,0,2,62
09/02/2013,CPR,WY,ANM,WE,Combined TRACON& Tower with Radar,0,22,7,0,29,0,0,20,0,20,0,22,27,0,49,40,0,40,89
09/03/2013,CPR,WY,ANM,WE,Combined TRACON& Tower with Radar,2,31,15,1,49,0,3,44,0,47,2,34,59,1,96,40,0,40,136
09/04/2013,CPR,WY,ANM,WE,Combined TRACON& Tower with Radar,3,32,15,0,50,0,6,42,1,49,3,38,57,1,99,24,0,24,123
09/05/2013,CPR,WY,ANM,WE,Combined TRACON& Tower with Radar,2,35,32,13,82,0,4,59,0,63,2,39,91,13,145,60,18,78,223
09/06/2013,CPR,WY,ANM,WE,Combined TRACON& Tower with Radar,2,31,21,4,58,0,8,33,0,41,2,39,54,4,99,82,0,82,181
09/07/2013,CPR,WY,ANM,WE,Combined TRACON& Tower with Radar,2,26,7,8,43,0,2,39,2,43,2,28,46,10,86,10,0,10,96
09/08/2013,CPR,WY,ANM,WE,Combined TRACON& Tower with Radar,0,18,11,1,30,0,0,29,0,29,0,18,40,1,59,8,0,8,67
09/09/2013,CPR,WY,ANM,WE,Combined TRACON& Tower with Radar,2,27,15,8,52,0,7,24,0,31,2,34,39,8,83,10,8,18,101
09/10/2013,CPR,WY,ANM,WE,Combined TRACON& Tower with Radar,2,48,27,0,77,0,4,23,0,27,2,52,50,0,104,24,0,24,128
09/11/2013,CPR,WY,ANM,WE,Combined TRACON& Tower with Radar,5,37,31,0,73,0,0,22,0,22,5,37,53,0,95,46,0,46,141
09/12/2013,CPR,WY,ANM,WE,Combined TRACON& Tower with Radar,3,42,21,0,66,0,0,19,0,19,3,42,40,0,85,24,0,24,109
09/13/2013,CPR,WY,ANM,WE,Combined TRACON& Tower with Radar,4,42,31,2,79,0,1,15,0,16,4,43,46,2,95,24,0,24,119
09/14/2013,CPR,WY,ANM,WE,Combined TRACON& Tower with Radar,2,22,1,0,25,0,0,27,0,27,2,22,28,0,52,0,0,0,52
09/15/2013,CPR,WY,ANM,WE,Combined TRACON& Tower with Radar,0,16,9,0,25,0,2,7,0,9,0,18,16,0,34,0,0,0,34
09/16/2013,CPR,WY,ANM,WE,Combined TRACON& Tower with Radar,2,26,21,0,49,0,2,28,0,30,2,28,49,0,79,42,0,42,121
09/17/2013,CPR,WY,ANM,WE,Combined TRACON& Tower with Radar,3,33,20,4,60,0,6,33,7,46,3,39,53,11,106,22,20,42,148
09/18/2013,CPR,WY,ANM,WE,Combined TRACON& Tower with Radar,3,34,16,0,53,0,7,24,0,31,3,41,40,0,84,18,0,18,102
09/19/2013,CPR,WY,ANM,WE,Combined TRACON& Tower with Radar,3,38,26,2,69,0,7,57,5,69,3,45,83,7,138,100,28,128,266
09/20/2013,CPR,WY,ANM,WE,Combined TRACON& Tower with Radar,3,35,13,8,59,0,10,45,0,55,3,45,58,8,114,74,0,74,188
09/21/2013,CPR,WY,ANM,WE,Combined TRACON& Tower with Radar,2,21,6,2,31,0,2,10,0,12,2,23,16,2,43,10,0,10,53
09/22/2013,CPR,WY,ANM,WE,Combined TRACON& Tower with Radar,2,24,8,0,34,0,0,7,0,7,2,24,15,0,41,6,0,6,47
09/23/2013,CPR,WY,ANM,WE,Combined TRACON& Tower with Radar,2,24,12,0,38,0,6,18,0,24,2,30,30,0,62,14,0,14,76
09/24/2013,CPR,WY,ANM,WE,Combined TRACON& Tower with Radar,4,42,15,0,61,0,3,46,0,49,4,45,61,0,110,44,0,44,154
09/25/2013,CPR,WY,ANM,WE,Combined TRACON& Tower with Radar,6,38,30,0,74,0,3,33,0,36,6,41,63,0,110,26,0,26,136
09/26/2013,CPR,WY,ANM,WE,Combined TRACON& Tower with Radar,6,47,19,0,72,0,3,19,0,22,6,50,38,0,94,88,0,88,182
09/27/2013,CPR,WY,ANM,WE,Combined TRACON& Tower with Radar,2,40,9,0,51,0,0,3,0,3,2,40,12,0,54,2,0,2,56
09/28/2013,CPR,WY,ANM,WE,Combined TRACON& Tower with Radar,2,26,7,0,35,0,2,19,0,21,2,28,26,0,56,18,0,18,74
09/29/2013,CPR,WY,ANM,WE,Combined TRACON& Tower with Radar,0,17,7,2,26,0,4,3,0,7,0,21,10,2,33,6,0,6,39
09/30/2013,CPR,WY,ANM,WE,Combined TRACON& Tower with Radar,1,24,11,0,36,0,2,14,0,16,1,26,25,0,52,0,0,0,52
10/01/2013,CPR,WY,ANM,WE,Combined TRACON& Tower with Radar,3,33,17,0,53,0,4,41,0,45,3,37,58,0,98,90,0,90,188
10/02/2013,CPR,WY,ANM,WE,Combined TRACON& Tower with Radar,4,35,22,0,61,0,4,46,0,50,4,39,68,0,111,68,0,68,179
10/03/2013,CPR,WY,ANM,WE,Combined TRACON& Tower with Radar,2,42,18,0,62,0,0,1,0,1,2,42,19,0,63,0,0,0,63
10/04/2013,CPR,WY,ANM,WE,Combined TRACON& Tower with Radar,2,28,8,0,38,0,0,0,0,0,2,28,8,0,38,0,0,0,38
10/05/2013,CPR,WY,ANM,WE,Combined TRACON& Tower with Radar,7,35,11,0,53,0,2,31,0,33,7,37,42,0,86,0,0,0,86
10/06/2013,CPR,WY,ANM,WE,Combined TRACON& Tower with Radar,0,17,7,2,26,0,4,19,0,23,0,21,26,2,49,20,0,20,69
10/07/2013,CPR,WY,ANM,WE,Combined TRACON& Tower with Radar,4,29,11,0,44,0,4,28,0,32,4,33,39,0,76,40,0,40,116
10/08/2013,CPR,WY,ANM,WE,Combined TRACON& Tower with Radar,3,31,23,2,59,0,4,26,0,30,3,35,49,2,89,22,0,22,111
10/09/2013,CPR,WY,ANM,WE,Combined TRACON& Tower with Radar,3,34,21,0,58,0,4,26,0,30,3,38,47,0,88,66,0,66,154
10/10/2013,CPR,WY,ANM,WE,Combined TRACON& Tower with Radar,3,25,24,0,52,0,0,44,0,44,3,25,68,0,96,112,0,112,208
10/11/2013,CPR,WY,ANM,WE,Combined TRACON& Tower with Radar,2,46,13,2,63,0,2,15,0,17,2,48,28,2,80,44,0,44,124
10/12/2013,CPR,WY,ANM,WE,Combined TRACON& Tower with Radar,2,21,16,0,39,0,5,29,0,34,2,26,45,0,73,54,0,54,127
10/13/2013,CPR,WY,ANM,WE,Combined TRACON& Tower with Radar,0,14,4,0,18,0,0,15,0,15,0,14,19,0,33,50,0,50,83
10/14/2013,CPR,WY,ANM,WE,Combined TRACON& Tower with Radar,1,29,17,0,47,0,0,0,0,0,1,29,17,0,47,0,0,0,47
10/15/2013,CPR,WY,ANM,WE,Combined TRACON& Tower with Radar,3,42,17,0,62,0,6,39,0,45,3,48,56,0,107,170,0,170,277
10/16/2013,CPR,WY,ANM,WE,Combined TRACON& Tower with Radar,3,31,21,0,55,0,5,42,0,47,3,36,63,0,102,96,0,96,198
10/17/2013,CPR,WY,ANM,WE,Combined TRACON& Tower with Radar,3,32,16,0,51,0,0,5,0,5,3,32,21,0,56,10,0,10,66
10/18/2013,CPR,WY,ANM,WE,Combined TRACON& Tower with Radar,3,38,18,0,59,0,1,44,0,45,3,39,62,0,104,96,0,96,200
10/19/2013,CPR,WY,ANM,WE,Combined TRACON& Tower with Radar,2,22,6,3,33,0,0,26,0,26,2,22,32,3,59,14,0,14,73
10/20/2013,CPR,WY,ANM,WE,Combined TRACON& Tower with Radar,0,17,6,3,26,0,0,13,0,13,0,17,19,3,39,4,0,4,43
10/21/2013,CPR,WY,ANM,WE,Combined TRACON& Tower with Radar,1,22,14,0,37,0,2,36,0,38,1,24,50,0,75,34,0,34,109
10/22/2013,CPR,WY,ANM,WE,Combined TRACON& Tower with Radar,3,36,17,2,58,0,6,32,0,38,3,42,49,2,96,34,0,34,130
10/23/2013,CPR,WY,ANM,WE,Combined TRACON& Tower with Radar,3,34,19,0,56,0,10,35,0,45,3,44,54,0,101,64,0,64,165
10/24/2013,CPR,WY,ANM,WE,Combined TRACON& Tower with Radar,4,52,21,0,77,0,2,48,0,50,4,54,69,0,127,62,0,62,189
10/25/2013,CPR,WY,ANM,WE,Combined TRACON& Tower with Radar,5,40,13,7,65,0,5,42,0,47,5,45,55,7,112,84,0,84,196
10/26/2013,CPR,WY,ANM,WE,Combined TRACON& Tower with Radar,2,20,7,3,32,0,0,40,0,40,2,20,47,3,72,58,0,58,130
10/27/2013,CPR,WY,ANM,WE,Combined TRACON& Tower with Radar,0,20,9,5,34,0,1,15,0,16,0,21,24,5,50,20,0,20,70
10/28/2013,CPR,WY,ANM,WE,Combined TRACON& Tower with Radar,3,22,13,0,38,0,0,0,0,0,3,22,13,0,38,0,0,0,38
10/29/2013,CPR,WY,ANM,WE,Combined TRACON& Tower with Radar,3,34,20,0,57,0,0,11,0,11,3,34,31,0,68,44,0,44,112
10/30/2013,CPR,WY,ANM,WE,Combined TRACON& Tower with Radar,3,35,28,0,66,0,0,28,0,28,3,35,56,0,94,38,0,38,132
10/31/2013,CPR,WY,ANM,WE,Combined TRACON& Tower with Radar,5,29,24,0,58,0,2,24,0,26,5,31,48,0,84,36,0,36,120
11/01/2013,CPR,WY,ANM,WE,Combined TRACON& Tower with Radar,2,39,17,0,58,0,5,50,0,55,2,44,67,0,113,34,0,34,147
11/02/2013,CPR,WY,ANM,WE,Combined TRACON& Tower with Radar,4,22,11,0,37,0,2,30,1,33,4,24,41,1,70,8,0,8,78
11/03/2013,CPR,WY,ANM,WE,Combined TRACON& Tower with Radar,0,18,16,0,34,0,2,20,0,22,0,20,36,0,56,6,0,6,62
11/04/2013,CPR,WY,ANM,WE,Combined TRACON& Tower with Radar,2,23,9,0,34,0,1,20,0,21,2,24,29,0,55,40,0,40,95
11/05/2013,CPR,WY,ANM,WE,Combined TRACON& Tower with Radar,3,34,20,4,61,0,7,32,2,41,3,41,52,6,102,82,6,88,190
11/06/2013,CPR,WY,ANM,WE,Combined TRACON& Tower with Radar,4,38,28,0,70,0,3,38,0,41,4,41,66,0,111,30,0,30,141
11/07/2013,CPR,WY,ANM,WE,Combined TRACON& Tower with Radar,4,36,18,0,58,0,4,38,0,42,4,40,56,0,100,22,0,22,122
11/08/2013,CPR,WY,ANM,WE,Combined TRACON& Tower with Radar,6,36,21,2,65,0,7,24,0,31,6,43,45,2,96,36,0,36,132
11/09/2013,CPR,WY,ANM,WE,Combined TRACON& Tower with Radar,2,18,6,2,28,0,0,23,0,23,2,18,29,2,51,0,0,0,51
11/10/2013,CPR,WY,ANM,WE,Combined TRACON& Tower with Radar,0,19,11,0,30,0,2,38,0,40,0,21,49,0,70,42,0,42,112
11/11/2013,CPR,WY,ANM,WE,Combined TRACON& Tower with Radar,4,22,22,0,48,0,0,24,0,24,4,22,46,0,72,14,0,14,86
11/12/2013,CPR,WY,ANM,WE,Combined TRACON& Tower with Radar,2,44,23,0,69,0,2,40,0,42,2,46,63,0,111,46,0,46,157
11/13/2013,CPR,WY,ANM,WE,Combined TRACON& Tower with Radar,3,29,39,0,71,0,3,32,0,35,3,32,71,0,106,42,0,42,148
11/14/2013,CPR,WY,ANM,WE,Combined TRACON& Tower with Radar,3,35,20,3,61,0,0,39,1,40,3,35,59,4,101,34,16,50,151
11/15/2013,CPR,WY,ANM,WE,Combined TRACON& Tower with Radar,5,32,13,0,50,0,4,36,0,40,5,36,49,0,90,52,0,52,142
11/16/2013,CPR,WY,ANM,WE,Combined TRACON& Tower with Radar,2,18,4,0,24,0,0,0,0,0,2,18,4,0,24,0,0,0,24
11/17/2013,CPR,WY,ANM,WE,Combined TRACON& Tower with Radar,0,16,0,0,16,0,7,7,0,14,0,23,7,0,30,4,0,4,34
11/18/2013,CPR,WY,ANM,WE,Combined TRACON& Tower with Radar,3,24,5,0,32,0,2,25,0,27,3,26,30,0,59,22,0,22,81
11/19/2013,CPR,WY,ANM,WE,Combined TRACON& Tower with Radar,2,36,23,0,61,0,6,6,0,12,2,42,29,0,73,0,0,0,73
11/20/2013,CPR,WY,ANM,WE,Combined TRACON& Tower with Radar,2,45,16,0,63,0,1,20,0,21,2,46,36,0,84,44,0,44,128
11/21/2013,CPR,WY,ANM,WE,Combined TRACON& Tower with Radar,3,33,19,0,55,0,0,3,0,3,3,33,22,0,58,0,0,0,58
11/22/2013,CPR,WY,ANM,WE,Combined TRACON& Tower with Radar,3,41,18,2,64,0,7,34,0,41,3,48,52,2,105,22,0,22,127
11/23/2013,CPR,WY,ANM,WE,Combined TRACON& Tower with Radar,2,26,11,0,39,0,6,17,0,23,2,32,28,0,62,56,0,56,118
11/24/2013,CPR,WY,ANM,WE,Combined TRACON& Tower with Radar,0,21,5,0,26,0,6,48,0,54,0,27,53,0,80,46,0,46,126
11/25/2013,CPR,WY,ANM,WE,Combined TRACON& Tower with Radar,3,34,13,5,55,0,4,29,0,33,3,38,42,5,88,24,10,34,122
11/26/2013,CPR,WY,ANM,WE,Combined TRACON& Tower with Radar,3,35,21,0,59,0,6,22,0,28,3,41,43,0,87,34,0,34,121
11/27/2013,CPR,WY,ANM,WE,Combined TRACON& Tower with Radar,4,41,15,0,60,0,9,25,0,34,4,50,40,0,94,6,0,6,100
11/28/2013,CPR,WY,ANM,WE,Combined TRACON& Tower with Radar,0,11,3,0,14,0,2,10,0,12,0,13,13,0,26,0,0,0,26
11/29/2013,CPR,WY,ANM,WE,Combined TRACON& Tower with Radar,5,30,8,2,45,0,4,24,0,28,5,34,32,2,73,24,0,24,97
11/30/2013,CPR,WY,ANM,WE,Combined TRACON& Tower with Radar,3,19,8,0,30,0,3,16,0,19,3,22,24,0,49,6,0,6,55
12/01/2013,CPR,WY,ANM,WE,Combined TRACON& Tower with Radar,0,18,14,2,34,0,0,9,0,9,0,18,23,2,43,6,0,6,49
12/02/2013,CPR,WY,ANM,WE,Combined TRACON& Tower with Radar,4,32,16,2,54,0,2,8,0,10,4,34,24,2,64,0,0,0,64
12/03/2013,CPR,WY,ANM,WE,Combined TRACON& Tower with Radar,5,34,21,0,60,0,0,0,0,0,5,34,21,0,60,0,0,0,60
12/04/2013,CPR,WY,ANM,WE,Combined TRACON& Tower with Radar,6,33,18,0,57,0,2,0,0,2,6,35,18,0,59,0,0,0,59
12/05/2013,CPR,WY,ANM,WE,Combined TRACON& Tower with Radar,9,36,24,0,69,0,4,22,0,26,9,40,46,0,95,0,0,0,95
12/06/2013,CPR,WY,ANM,WE,Combined TRACON& Tower with Radar,5,37,14,0,56,0,7,0,0,7,5,44,14,0,63,0,0,0,63
12/07/2013,CPR,WY,ANM,WE,Combined TRACON& Tower with Radar,2,20,2,0,24,0,0,0,0,0,2,20,2,0,24,0,0,0,24
12/08/2013,CPR,WY,ANM,WE,Combined TRACON& Tower with Radar,4,16,14,0,34,0,0,9,0,9,4,16,23,0,43,26,0,26,69
12/09/2013,CPR,WY,ANM,WE,Combined TRACON& Tower with Radar,3,21,14,0,38,0,2,6,0,8,3,23,20,0,46,0,0,0,46
12/10/2013,CPR,WY,ANM,WE,Combined TRACON& Tower with Radar,5,33,15,0,53,0,4,8,0,12,5,37,23,0,65,24,0,24,89
12/11/2013,CPR,WY,ANM,WE,Combined TRACON& Tower with Radar,5,36,23,0,64,0,8,36,0,44,5,44,59,0,108,36,0,36,144
12/12/2013,CPR,WY,ANM,WE,Combined TRACON& Tower with Radar,8,44,31,0,83,0,9,20,1,30,8,53,51,1,113,8,0,8,121
12/13/2013,CPR,WY,ANM,WE,Combined TRACON& Tower with Radar,8,32,18,0,58,0,6,22,0,28,8,38,40,0,86,30,0,30,116
12/14/2013,CPR,WY,ANM,WE,Combined TRACON& Tower with Radar,2,22,3,0,27,0,0,22,2,24,2,22,25,2,51,14,0,14,65
12/15/2013,CPR,WY,ANM,WE,Combined TRACON& Tower with Radar,2,15,7,0,24,0,3,5,0,8,2,18,12,0,32,0,0,0,32
12/16/2013,CPR,WY,ANM,WE,Combined TRACON& Tower with Radar,3,26,20,6,55,0,2,20,0,22,3,28,40,6,77,44,12,56,133
12/17/2013,CPR,WY,ANM,WE,Combined TRACON& Tower with Radar,5,36,30,0,71,0,1,27,0,28,5,37,57,0,99,42,0,42,141
12/18/2013,CPR,WY,ANM,WE,Combined TRACON& Tower with Radar,9,43,28,0,80,0,4,27,3,34,9,47,55,3,114,40,0,40,154
12/19/2013,CPR,WY,ANM,WE,Combined TRACON& Tower with Radar,5,22,22,0,49,0,0,0,0,0,5,22,22,0,49,0,0,0,49
12/20/2013,CPR,WY,ANM,WE,Combined TRACON& Tower with Radar,8,43,15,0,66,4,3,19,0,26,12,46,34,0,92,8,0,8,100
12/21/2013,CPR,WY,ANM,WE,Combined TRACON& Tower with Radar,2,24,8,0,34,0,0,16,2,18,2,24,24,2,52,40,0,40,92
12/22/2013,CPR,WY,ANM,WE,Combined TRACON& Tower with Radar,0,22,6,0,28,0,2,9,0,11,0,24,15,0,39,34,0,34,73
12/23/2013,CPR,WY,ANM,WE,Combined TRACON& Tower with Radar,3,29,13,0,45,0,0,17,0,17,3,29,30,0,62,30,0,30,92
12/24/2013,CPR,WY,ANM,WE,Combined TRACON& Tower with Radar,4,30,2,0,36,0,0,1,0,1,4,30,3,0,37,0,0,0,37
12/25/2013,CPR,WY,ANM,WE,Combined TRACON& Tower with Radar,0,12,1,0,13,0,0,6,0,6,0,12,7,0,19,0,0,0,19
12/26/2013,CPR,WY,ANM,WE,Combined TRACON& Tower with Radar,3,35,20,0,58,0,1,22,0,23,3,36,42,0,81,22,0,22,103
12/27/2013,CPR,WY,ANM,WE,Combined TRACON& Tower with Radar,9,31,9,2,51,0,0,28,0,28,9,31,37,2,79,18,0,18,97
12/28/2013,CPR,WY,ANM,WE,Combined TRACON& Tower with Radar,4,22,16,0,42,0,0,23,0,23,4,22,39,0,65,46,0,46,111
12/29/2013,CPR,WY,ANM,WE,Combined TRACON& Tower with Radar,0,19,3,1,23,0,2,15,0,17,0,21,18,1,40,12,0,12,52
12/30/2013,CPR,WY,ANM,WE,Combined TRACON& Tower with Radar,3,25,8,0,36,0,2,14,0,16,3,27,22,0,52,30,0,30,82
12/31/2013,CPR,WY,ANM,WE,Combined TRACON& Tower with Radar,4,26,7,0,37,0,1,15,0,16,4,27,22,0,53,4,0,4,57
01/01/2014,CPR,WY,ANM,WE,Combined TRACON& Tower with Radar,0,10,4,0,14,0,1,1,0,2,0,11,5,0,16,4,0,4,20
01/02/2014,CPR,WY,ANM,WE,Combined TRACON& Tower with Radar,2,25,10,0,37,0,2,25,0,27,2,27,35,0,64,52,0,52,116
01/03/2014,CPR,WY,ANM,WE,Combined TRACON& Tower with Radar,5,31,17,0,53,0,7,17,0,24,5,38,34,0,77,2,0,2,79
01/04/2014,CPR,WY,ANM,WE,Combined TRACON& Tower with Radar,2,19,4,0,25,0,0,11,0,11,2,19,15,0,36,50,0,50,86
01/05/2014,CPR,WY,ANM,WE,Combined TRACON& Tower with Radar,0,18,7,0,25,0,2,8,0,10,0,20,15,0,35,0,0,0,35
01/06/2014,CPR,WY,ANM,WE,Combined TRACON& Tower with Radar,2,24,7,1,34,0,7,39,1,47,2,31,46,2,81,60,0,60,141
01/07/2014,CPR,WY,ANM,WE,Combined TRACON& Tower with Radar,3,34,21,0,58,0,1,36,0,37,3,35,57,0,95,72,0,72,167
01/08/2014,CPR,WY,ANM,WE,Combined TRACON& Tower with Radar,4,40,28,0,72,0,1,35,0,36,4,41,63,0,108,38,0,38,146
01/09/2014,CPR,WY,ANM,WE,Combined TRACON& Tower with Radar,4,35,29,0,68,0,5,31,0,36,4,40,60,0,104,18,0,18,122
01/10/2014,CPR,WY,ANM,WE,Combined TRACON& Tower with Radar,4,35,18,4,61,0,2,20,1,23,4,37,38,5,84,12,0,12,96
01/11/2014,CPR,WY,ANM,WE,Combined TRACON& Tower with Radar,4,18,2,0,24,0,0,6,0,6,4,18,8,0,30,0,0,0,30
01/12/2014,CPR,WY,ANM,WE,Combined TRACON& Tower with Radar,0,12,6,2,20,0,0,9,0,9,0,12,15,2,29,18,0,18,47
01/13/2014,CPR,WY,ANM,WE,Combined TRACON& Tower with Radar,5,28,18,0,51,0,0,16,0,16,5,28,34,0,67,20,0,20,87
01/14/2014,CPR,WY,ANM,WE,Combined TRACON& Tower with Radar,4,35,20,0,59,0,0,3,0,3,4,35,23,0,62,4,0,4,66
01/15/2014,CPR,WY,ANM,WE,Combined TRACON& Tower with Radar,3,43,28,0,74,0,2,28,0,30,3,45,56,0,104,50,0,50,154
01/16/2014,CPR,WY,ANM,WE,Combined TRACON& Tower with Radar,4,35,24,0,63,0,1,57,0,58,4,36,81,0,121,92,0,92,213
01/17/2014,CPR,WY,ANM,WE,Combined TRACON& Tower with Radar,5,32,12,0,49,0,2,19,0,21,5,34,31,0,70,30,0,30,100
01/18/2014,CPR,WY,ANM,WE,Combined TRACON& Tower with Radar,2,23,1,0,26,0,0,41,0,41,2,23,42,0,67,58,0,58,125
01/19/2014,CPR,WY,ANM,WE,Combined TRACON& Tower with Radar,0,12,8,0,20,0,0,4,0,4,0,12,12,0,24,0,0,0,24
01/20/2014,CPR,WY,ANM,WE,Combined TRACON& Tower with Radar,3,23,11,0,37,0,2,26,0,28,3,25,37,0,65,40,0,40,105
01/21/2014,CPR,WY,ANM,WE,Combined TRACON& Tower with Radar,2,32,27,0,61,0,0,33,0,33,2,32,60,0,94,42,0,42,136
01/22/2014,CPR,WY,ANM,WE,Combined TRACON& Tower with Radar,3,35,24,0,62,0,2,11,0,13,3,37,35,0,75,26,0,26,101
01/23/2014,CPR,WY,ANM,WE,Combined TRACON& Tower with Radar,4,47,22,7,80,0,1,27,0,28,4,48,49,7,108,78,0,78,186
01/24/2014,CPR,WY,ANM,WE,Combined TRACON& Tower with Radar,5,32,14,1,52,0,0,17,0,17,5,32,31,1,69,18,0,18,87
01/25/2014,CPR,WY,ANM,WE,Combined TRACON& Tower with Radar,2,20,11,0,33,0,1,28,0,29,2,21,39,0,62,36,0,36,98
01/26/2014,CPR,WY,ANM,WE,Combined TRACON& Tower with Radar,0,15,6,0,21,0,0,6,0,6,0,15,12,0,27,4,0,4,31
01/27/2014,CPR,WY,ANM,WE,Combined TRACON& Tower with Radar,3,26,7,0,36,0,2,3,0,5,3,28,10,0,41,0,0,0,41
01/28/2014,CPR,WY,ANM,WE,Combined TRACON& Tower with Radar,4,32,19,2,57,0,0,27,0,27,4,32,46,2,84,36,4,40,124
01/29/2014,CPR,WY,ANM,WE,Combined TRACON& Tower with Radar,3,43,14,0,60,0,1,13,0,14,3,44,27,0,74,24,0,24,98
01/30/2014,CPR,WY,ANM,WE,Combined TRACON& Tower with Radar,3,28,21,0,52,0,0,0,0,0,3,28,21,0,52,0,0,0,52
01/31/2014,CPR,WY,ANM,WE,Combined TRACON& Tower with Radar,5,37,15,0,57,0,0,20,0,20,5,37,35,0,77,24,0,24,101
02/01/2014,CPR,WY,ANM,WE,Combined TRACON& Tower with Radar,2,16,8,0,26,0,0,9,0,9,2,16,17,0,35,24,0,24,59
02/02/2014,CPR,WY,ANM,WE,Combined TRACON& Tower with Radar,2,12,1,0,15,0,0,16,0,16,2,12,17,0,31,0,0,0,31
02/03/2014,CPR,WY,ANM,WE,Combined TRACON& Tower with Radar,3,24,15,0,42,0,1,28,0,29,3,25,43,0,71,18,0,18,89
02/04/2014,CPR,WY,ANM,WE,Combined TRACON& Tower with Radar,3,33,28,0,64,0,0,0,0,0,3,33,28,0,64,2,0,2,66
02/05/2014,CPR,WY,ANM,WE,Combined TRACON& Tower with Radar,6,33,26,0,65,0,1,7,0,8,6,34,33,0,73,0,0,0,73
02/06/2014,CPR,WY,ANM,WE,Combined TRACON& Tower with Radar,3,31,19,0,53,0,0,11,0,11,3,31,30,0,64,0,0,0,64
02/07/2014,CPR,WY,ANM,WE,Combined TRACON& Tower with Radar,5,31,16,4,56,0,0,22,0,22,5,31,38,4,78,22,0,22,100
02/08/2014,CPR,WY,ANM,WE,Combined TRACON& Tower with Radar,2,17,7,0,26,0,0,2,0,2,2,17,9,0,28,0,0,0,28
02/09/2014,CPR,WY,ANM,WE,Combined TRACON& Tower with Radar,0,13,3,2,18,0,0,2,0,2,0,13,5,2,20,14,0,14,34
02/10/2014,CPR,WY,ANM,WE,Combined TRACON& Tower with Radar,4,31,21,0,56,0,4,25,0,29,4,35,46,0,85,38,0,38,123
02/11/2014,CPR,WY,ANM,WE,Combined TRACON& Tower with Radar,3,34,28,0,65,0,2,45,0,47,3,36,73,0,112,36,0,36,148
02/12/2014,CPR,WY,ANM,WE,Combined TRACON& Tower with Radar,3,30,19,0,52,0,2,18,0,20,3,32,37,0,72,6,0,6,78
02/13/2014,CPR,WY,ANM,WE,Combined TRACON& Tower with Radar,4,34,17,1,56,0,0,24,4,28,4,34,41,5,84,36,26,62,146
02/14/2014,CPR,WY,ANM,WE,Combined TRACON& Tower with Radar,6,36,15,0,57,0,0,16,0,16,6,36,31,0,73,20,0,20,93
02/15/2014,CPR,WY,ANM,WE,Combined TRACON& Tower with Radar,2,28,8,0,38,0,6,30,0,36,2,34,38,0,74,56,0,56,130
02/16/2014,CPR,WY,ANM,WE,Combined TRACON& Tower with Radar,0,13,7,0,20,0,0,16,0,16,0,13,23,0,36,16,0,16,52
02/17/2014,CPR,WY,ANM,WE,Combined TRACON& Tower with Radar,3,23,20,0,46,0,2,6,0,8,3,25,26,0,54,0,0,0,54
02/18/2014,CPR,WY,ANM,WE,Combined TRACON& Tower with Radar,3,27,19,0,49,0,1,22,0,23,3,28,41,0,72,14,0,14,86
02/19/2014,CPR,WY,ANM,WE,Combined TRACON& Tower with Radar,4,34,28,0,66,0,0,3,0,3,4,34,31,0,69,2,0,2,71
02/20/2014,CPR,WY,ANM,WE,Combined TRACON& Tower with Radar,4,31,28,0,63,0,3,10,0,13,4,34,38,0,76,10,0,10,86
02/21/2014,CPR,WY,ANM,WE,Combined TRACON& Tower with Radar,5,28,23,2,58,0,0,14,0,14,5,28,37,2,72,8,0,8,80
02/22/2014,CPR,WY,ANM,WE,Combined TRACON& Tower with Radar,2,24,6,0,32,0,0,2,0,2,2,24,8,0,34,0,0,0,34
02/23/2014,CPR,WY,ANM,WE,Combined TRACON& Tower with Radar,0,19,2,0,21,0,0,2,0,2,0,19,4,0,23,0,0,0,23
02/24/2014,CPR,WY,ANM,WE,Combined TRACON& Tower with Radar,4,30,16,0,50,0,0,2,0,2,4,30,18,0,52,0,0,0,52
02/25/2014,CPR,WY,ANM,WE,Combined TRACON& Tower with Radar,3,41,18,0,62,0,0,0,0,0,3,41,18,0,62,0,0,0,62
02/26/2014,CPR,WY,ANM,WE,Combined TRACON& Tower with Radar,4,35,33,0,72,0,3,37,0,40,4,38,70,0,112,20,0,20,132
02/27/2014,CPR,WY,ANM,WE,Combined TRACON& Tower with Radar,4,35,27,0,66,0,0,18,0,18,4,35,45,0,84,30,0,30,114
02/28/2014,CPR,WY,ANM,WE,Combined TRACON& Tower with Radar,4,33,12,0,49,0,0,1,0,1,4,33,13,0,50,0,0,0,50
03/01/2014,CPR,WY,ANM,WE,Combined TRACON& Tower with Radar,2,19,4,0,25,0,0,0,0,0,2,19,4,0,25,0,0,0,25
03/02/2014,CPR,WY,ANM,WE,Combined TRACON& Tower with Radar,0,15,7,0,22,0,0,14,0,14,0,15,21,0,36,10,0,10,46
03/03/2014,CPR,WY,ANM,WE,Combined TRACON& Tower with Radar,3,26,16,0,45,0,0,27,0,27,3,26,43,0,72,46,0,46,118
03/04/2014,CPR,WY,ANM,WE,Combined TRACON& Tower with Radar,4,40,41,0,85,0,0,29,0,29,4,40,70,0,114,58,0,58,172
03/05/2014,CPR,WY,ANM,WE,Combined TRACON& Tower with Radar,4,32,14,0,50,0,1,35,0,36,4,33,49,0,86,50,0,50,136
03/06/2014,CPR,WY,ANM,WE,Combined TRACON& Tower with Radar,7,33,24,4,68,0,4,6,0,10,7,37,30,4,78,0,8,8,86
03/07/2014,CPR,WY,ANM,WE,Combined TRACON& Tower with Radar,5,41,21,0,67,0,2,16,0,18,5,43,37,0,85,14,0,14,99
03/08/2014,CPR,WY,ANM,WE,Combined TRACON& Tower with Radar,2,21,19,0,42,0,0,56,0,56,2,21,75,0,98,26,0,26,124
03/09/2014,CPR,WY,ANM,WE,Combined TRACON& Tower with Radar,2,17,5,0,24,0,0,23,0,23,2,17,28,0,47,4,0,4,51
03/10/2014,CPR,WY,ANM,WE,Combined TRACON& Tower with Radar,4,29,21,4,58,0,5,17,0,22,4,34,38,4,80,2,0,2,82
03/11/2014,CPR,WY,ANM,WE,Combined TRACON& Tower with Radar,3,29,25,0,57,0,4,6,0,10,3,33,31,0,67,0,0,0,67
03/12/2014,CPR,WY,ANM,WE,Combined TRACON& Tower with Radar,4,37,15,0,56,0,6,63,0,69,4,43,78,0,125,37,0,37,162
03/13/2014,CPR,WY,ANM,WE,Combined TRACON& Tower with Radar,5,27,10,0,42,0,4,23,0,27,5,31,33,0,69,0,0,0,69
03/14/2014,CPR,WY,ANM,WE,Combined TRACON& Tower with Radar,4,25,25,0,54,0,4,28,0,32,4,29,53,0,86,46,0,46,132
03/15/2014,CPR,WY,ANM,WE,Combined TRACON& Tower with Radar,2,19,2,0,23,0,2,14,0,16,2,21,16,0,39,42,0,42,81
03/16/2014,CPR,WY,ANM,WE,Combined TRACON& Tower with Radar,2,16,11,0,29,0,2,24,0,26,2,18,35,0,55,12,0,12,67
03/17/2014,CPR,WY,ANM,WE,Combined TRACON& Tower with Radar,3,25,14,2,44,0,2,7,0,9,3,27,21,2,53,0,0,0,53
03/18/2014,CPR,WY,ANM,WE,Combined TRACON& Tower with Radar,1,28,13,0,42,0,0,5,0,5,1,28,18,0,47,12,0,12,59
03/19/2014,CPR,WY,ANM,WE,Combined TRACON& Tower with Radar,3,31,20,2,56,0,4,27,0,31,3,35,47,2,87,52,0,52,139
03/20/2014,CPR,WY,ANM,WE,Combined TRACON& Tower with Radar,5,28,16,0,49,0,6,27,0,33,5,34,43,0,82,16,0,16,98
03/21/2014,CPR,WY,ANM,WE,Combined TRACON& Tower with Radar,5,40,18,4,67,0,4,33,0,37,5,44,51,4,104,52,0,52,156
03/22/2014,CPR,WY,ANM,WE,Combined TRACON& Tower with Radar,2,22,13,0,37,0,1,7,0,8,2,23,20,0,45,28,0,28,73
03/23/2014,CPR,WY,ANM,WE,Combined TRACON& Tower with Radar,2,13,5,0,20,0,2,30,0,32,2,15,35,0,52,8,0,8,60
03/24/2014,CPR,WY,ANM,WE,Combined TRACON& Tower with Radar,3,28,13,0,44,0,4,15,1,20,3,32,28,1,64,36,0,36,100
03/25/2014,CPR,WY,ANM,WE,Combined TRACON& Tower with Radar,4,23,20,4,51,0,0,31,1,32,4,23,51,5,83,28,10,38,121
03/26/2014,CPR,WY,ANM,WE,Combined TRACON& Tower with Radar,3,31,16,0,50,0,4,17,0,21,3,35,33,0,71,8,0,8,79
03/27/2014,CPR,WY,ANM,WE,Combined TRACON& Tower with Radar,2,33,38,0,73,0,1,9,0,10,2,34,47,0,83,16,0,16,99
03/28/2014,CPR,WY,ANM,WE,Combined TRACON& Tower with Radar,6,28,16,0,50,0,6,52,0,58,6,34,68,0,108,36,0,36,144
03/29/2014,CPR,WY,ANM,WE,Combined TRACON& Tower with Radar,4,21,6,0,31,0,2,12,0,14,4,23,18,0,45,0,0,0,45
03/30/2014,CPR,WY,ANM,WE,Combined TRACON& Tower with Radar,0,14,4,0,18,0,0,8,0,8,0,14,12,0,26,6,0,6,32
03/31/2014,CPR,WY,ANM,WE,Combined TRACON& Tower with Radar,5,27,14,0,46,0,2,8,0,10,5,29,22,0,56,10,0,10,66
04/01/2014,CPR,WY,ANM,WE,Combined TRACON& Tower with Radar,3,34,21,0,58,0,4,7,0,11,3,38,28,0,69,0,0,0,69
04/02/2014,CPR,WY,ANM,WE,Combined TRACON& Tower with Radar,7,36,16,0,59,0,2,13,0,15,7,38,29,0,74,8,0,8,82
04/03/2014,CPR,WY,ANM,WE,Combined TRACON& Tower with Radar,3,32,23,0,58,0,0,24,0,24,3,32,47,0,82,0,0,0,82
04/04/2014,CPR,WY,ANM,WE,Combined TRACON& Tower with Radar,6,36,19,0,61,0,4,32,0,36,6,40,51,0,97,12,0,12,109
04/05/2014,CPR,WY,ANM,WE,Combined TRACON& Tower with Radar,2,20,6,0,28,0,1,23,0,24,2,21,29,0,52,34,0,34,86
04/06/2014,CPR,WY,ANM,WE,Combined TRACON& Tower with Radar,0,18,11,0,29,0,4,32,0,36,0,22,43,0,65,24,0,24,89
04/07/2014,CPR,WY,ANM,WE,Combined TRACON& Tower with Radar,4,24,24,0,52,0,2,22,0,24,4,26,46,0,76,20,0,20,96
04/08/2014,CPR,WY,ANM,WE,Combined TRACON& Tower with Radar,5,28,14,2,49,0,4,21,0,25,5,32,35,2,74,26,0,26,100
04/09/2014,CPR,WY,ANM,WE,Combined TRACON& Tower with Radar,3,37,27,0,67,0,5,13,2,20,3,42,40,2,87,0,0,0,87
04/10/2014,CPR,WY,ANM,WE,Combined TRACON& Tower with Radar,3,35,29,0,67,0,2,46,0,48,3,37,75,0,115,54,0,54,169
04/11/2014,CPR,WY,ANM,WE,Combined TRACON& Tower with Radar,5,31,30,8,74,0,3,38,3,44,5,34,68,11,118,6,8,14,132
04/12/2014,CPR,WY,ANM,WE,Combined TRACON& Tower with Radar,2,21,5,0,28,0,1,15,4,20,2,22,20,4,48,0,0,0,48
04/13/2014,CPR,WY,ANM,WE,Combined TRACON& Tower with Radar,0,14,7,0,21,0,0,0,0,0,0,14,7,0,21,0,0,0,21
04/14/2014,CPR,WY,ANM,WE,Combined TRACON& Tower with Radar,3,28,27,0,58,0,4,30,0,34,3,32,57,0,92,24,0,24,116
04/15/2014,CPR,WY,ANM,WE,Combined TRACON& Tower with Radar,3,31,20,2,56,0,4,25,0,29,3,35,45,2,85,20,0,20,105
04/16/2014,CPR,WY,ANM,WE,Combined TRACON& Tower with Radar,3,42,35,7,87,0,0,14,0,14,3,42,49,7,101,34,2,36,137
04/17/2014,CPR,WY,ANM,WE,Combined TRACON& Tower with Radar,3,36,33,1,73,0,3,27,0,30,3,39,60,1,103,24,0,24,127
04/18/2014,CPR,WY,ANM,WE,Combined TRACON& Tower with Radar,5,32,14,0,51,0,4,15,0,19,5,36,29,0,70,0,0,0,70
04/19/2014,CPR,WY,ANM,WE,Combined TRACON& Tower with Radar,2,20,1,0,23,0,0,41,0,41,2,20,42,0,64,36,0,36,100
04/20/2014,CPR,WY,ANM,WE,Combined TRACON& Tower with Radar,0,11,5,0,16,0,0,34,0,34,0,11,39,0,50,10,0,10,60
04/21/2014,CPR,WY,ANM,WE,Combined TRACON& Tower with Radar,3,28,14,2,47,0,3,38,0,41,3,31,52,2,88,18,0,18,106
04/22/2014,CPR,WY,ANM,WE,Combined TRACON& Tower with Radar,3,29,23,0,55,0,5,33,0,38,3,34,56,0,93,38,0,38,131
04/23/2014,CPR,WY,ANM,WE,Combined TRACON& Tower with Radar,2,34,25,0,61,0,1,10,0,11,2,35,35,0,72,0,0,0,72
04/24/2014,CPR,WY,ANM,WE,Combined TRACON& Tower with Radar,3,32,23,0,58,0,0,31,0,31,3,32,54,0,89,28,0,28,117
04/25/2014,CPR,WY,ANM,WE,Combined TRACON& Tower with Radar,5,35,22,0,62,0,2,41,0,43,5,37,63,0,105,16,0,16,121
04/26/2014,CPR,WY,ANM,WE,Combined TRACON& Tower with Radar,2,19,6,0,27,0,2,34,0,36,2,21,40,0,63,38,0,38,101
04/27/2014,CPR,WY,ANM,WE,Combined TRACON& Tower with Radar,0,18,8,0,26,0,0,4,0,4,0,18,12,0,30,8,0,8,38
04/28/2014,CPR,WY,ANM,WE,Combined TRACON& Tower with Radar,3,27,21,0,51,0,0,8,0,8,3,27,29,0,59,2,0,2,61
04/29/2014,CPR,WY,ANM,WE,Combined TRACON& Tower with Radar,3,32,19,0,54,0,1,4,0,5,3,33,23,0,59,0,0,0,59
04/30/2014,CPR,WY,ANM,WE,Combined TRACON& Tower with Radar,3,31,33,0,67,0,2,24,1,27,3,33,57,1,94,18,0,18,112
05/01/2014,CPR,WY,ANM,WE,Combined TRACON& Tower with Radar,3,29,22,0,54,0,5,92,7,104,3,34,114,7,158,106,0,106,264
05/02/2014,CPR,WY,ANM,WE,Combined TRACON& Tower with Radar,5,35,17,1,58,0,6,22,0,28,5,41,39,1,86,32,0,32,118
05/03/2014,CPR,WY,ANM,WE,Combined TRACON& Tower with Radar,2,17,8,0,27,0,1,34,0,35,2,18,42,0,62,58,0,58,120
05/04/2014,CPR,WY,ANM,WE,Combined TRACON& Tower with Radar,0,18,7,0,25,0,4,12,0,16,0,22,19,0,41,0,0,0,41
05/05/2014,CPR,WY,ANM,WE,Combined TRACON& Tower with Radar,4,24,11,0,39,0,2,41,0,43,4,26,52,0,82,12,0,12,94
05/06/2014,CPR,WY,ANM,WE,Combined TRACON& Tower with Radar,3,42,38,4,87,0,4,15,0,19,3,46,53,4,106,18,0,18,124
05/07/2014,CPR,WY,ANM,WE,Combined TRACON& Tower with Radar,3,34,26,0,63,0,0,0,0,0,3,34,26,0,63,0,0,0,63
05/08/2014,CPR,WY,ANM,WE,Combined TRACON& Tower with Radar,4,42,20,0,66,0,2,19,0,21,4,44,39,0,87,50,0,50,137
05/09/2014,CPR,WY,ANM,WE,Combined TRACON& Tower with Radar,6,32,20,2,60,0,4,34,0,38,6,36,54,2,98,42,0,42,140
05/10/2014,CPR,WY,ANM,WE,Combined TRACON& Tower with Radar,1,24,11,0,36,0,2,29,0,31,1,26,40,0,67,38,0,38,105
05/11/2014,CPR,WY,ANM,WE,Combined TRACON& Tower with Radar,0,8,10,0,18,0,0,0,0,0,0,8,10,0,18,0,0,0,18
05/12/2014,CPR,WY,ANM,WE,Combined TRACON& Tower with Radar,4,22,18,8,52,0,3,8,2,13,4,25,26,10,65,10,0,10,75
05/13/2014,CPR,WY,ANM,WE,Combined TRACON& Tower with Radar,3,33,25,0,61,0,0,34,1,35,3,33,59,1,96,4,0,4,100
05/14/2014,CPR,WY,ANM,WE,Combined TRACON& Tower with Radar,3,31,32,0,66,0,0,33,0,33,3,31,65,0,99,36,0,36,135
05/15/2014,CPR,WY,ANM,WE,Combined TRACON& Tower with Radar,3,25,17,0,45,0,4,55,0,59,3,29,72,0,104,84,0,84,188
05/16/2014,CPR,WY,ANM,WE,Combined TRACON& Tower with Radar,4,31,22,8,65,0,1,25,0,26,4,32,47,8,91,40,0,40,131
05/17/2014,CPR,WY,ANM,WE,Combined TRACON& Tower with Radar,1,22,5,0,28,0,0,17,0,17,1,22,22,0,45,6,0,6,51
05/18/2014,CPR,WY,ANM,WE,Combined TRACON& Tower with Radar,0,21,5,0,26,0,0,18,0,18,0,21,23,0,44,30,0,30,74
05/19/2014,CPR,WY,ANM,WE,Combined TRACON& Tower with Radar,5,26,23,0,54,0,1,27,0,28,5,27,50,0,82,10,0,10,92
05/20/2014,CPR,WY,ANM,WE,Combined TRACON& Tower with Radar,3,36,17,0,56,0,3,44,1,48,3,39,61,1,104,48,20,68,172
05/21/2014,CPR,WY,ANM,WE,Combined TRACON& Tower with Radar,3,37,23,2,65,0,2,21,0,23,3,39,44,2,88,10,6,16,104
05/22/2014,CPR,WY,ANM,WE,Combined TRACON& Tower with Radar,3,28,14,1,46,0,3,47,4,54,3,31,61,5,100,66,0,66,166
05/23/2014,CPR,WY,ANM,WE,Combined TRACON& Tower with Radar,4,37,22,0,63,0,1,28,0,29,4,38,50,0,92,4,0,4,96
05/24/2014,CPR,WY,ANM,WE,Combined TRACON& Tower with Radar,2,25,10,0,37,0,2,35,0,37,2,27,45,0,74,44,0,44,118
05/25/2014,CPR,WY,ANM,WE,Combined TRACON& Tower with Radar,0,17,2,0,19,0,2,24,0,26,0,19,26,0,45,10,0,10,55
05/26/2014,CPR,WY,ANM,WE,Combined TRACON& Tower with Radar,2,26,7,0,35,0,4,31,0,35,2,30,38,0,70,0,0,0,70
05/27/2014,CPR,WY,ANM,WE,Combined TRACON& Tower with Radar,2,29,23,0,54,0,3,33,1,37,2,32,56,1,91,30,18,48,139
05/28/2014,CPR,WY,ANM,WE,Combined TRACON& Tower with Radar,3,34,25,0,62,0,4,41,0,45,3,38,66,0,107,18,0,18,125
05/29/2014,CPR,WY,ANM,WE,Combined TRACON& Tower with Radar,3,34,13,0,50,0,6,33,0,39,3,40,46,0,89,22,0,22,111
05/30/2014,CPR,WY,ANM,WE,Combined TRACON& Tower with Radar,6,38,24,0,68,0,2,66,7,75,6,40,90,7,143,76,0,76,219
05/31/2014,CPR,WY,ANM,WE,Combined TRACON& Tower with Radar,2,23,16,6,47,0,0,31,0,31,2,23,47,6,78,24,0,24,102
06/01/2014,CPR,WY,ANM,WE,Combined TRACON& Tower with Radar,0,14,9,0,23,0,0,19,0,19,0,14,28,0,42,10,0,10,52
06/02/2014,CPR,WY,ANM,WE,Combined TRACON& Tower with Radar,5,26,13,0,44,0,9,59,0,68,5,35,72,0,112,66,2,68,180
06/03/2014,CPR,WY,ANM,WE,Combined TRACON& Tower with Radar,4,29,28,0,61,0,4,46,0,50,4,33,74,0,111,12,0,12,123
06/04/2014,CPR,WY,ANM,WE,Combined TRACON& Tower with Radar,4,33,14,0,51,0,6,18,0,24,4,39,32,0,75,8,0,8,83
06/05/2014,CPR,WY,ANM,WE,Combined TRACON& Tower with Radar,4,35,20,2,61,0,6,27,0,33,4,41,47,2,94,14,0,14,108
06/06/2014,CPR,WY,ANM,WE,Combined TRACON& Tower with Radar,5,38,26,1,70,0,3,14,1,18,5,41,40,2,88,8,0,8,96
06/07/2014,CPR,WY,ANM,WE,Combined TRACON& Tower with Radar,2,23,8,0,33,0,0,7,0,7,2,23,15,0,40,6,0,6,46
06/08/2014,CPR,WY,ANM,WE,Combined TRACON& Tower with Radar,2,25,5,0,32,0,0,4,0,4,2,25,9,0,36,0,0,0,36
06/09/2014,CPR,WY,ANM,WE,Combined TRACON& Tower with Radar,6,29,23,0,58,0,4,29,0,33,6,33,52,0,91,24,0,24,115
06/10/2014,CPR,WY,ANM,WE,Combined TRACON& Tower with Radar,3,31,15,0,49,0,3,40,0,43,3,34,55,0,92,8,0,8,100
06/11/2014,CPR,WY,ANM,WE,Combined TRACON& Tower with Radar,3,42,20,0,65,0,3,28,0,31,3,45,48,0,96,2,0,2,98
06/12/2014,CPR,WY,ANM,WE,Combined TRACON& Tower with Radar,7,33,19,0,59,0,2,47,2,51,7,35,66,2,110,22,0,22,132
06/13/2014,CPR,WY,ANM,WE,Combined TRACON& Tower with Radar,4,40,17,10,71,0,7,20,1,28,4,47,37,11,99,0,0,0,99
06/14/2014,CPR,WY,ANM,WE,Combined TRACON& Tower with Radar,4,22,7,0,33,0,0,27,2,29,4,22,34,2,62,0,0,0,62
06/15/2014,CPR,WY,ANM,WE,Combined TRACON& Tower with Radar,2,14,9,0,25,0,2,46,0,48,2,16,55,0,73,2,0,2,75
06/16/2014,CPR,WY,ANM,WE,Combined TRACON& Tower with Radar,4,35,9,0,48,0,2,22,0,24,4,37,31,0,72,0,0,0,72
06/17/2014,CPR,WY,ANM,WE,Combined TRACON& Tower with Radar,3,30,24,3,60,0,4,21,0,25,3,34,45,3,85,42,0,42,127
06/18/2014,CPR,WY,ANM,WE,Combined TRACON& Tower with Radar,2,36,20,0,58,0,4,30,0,34,2,40,50,0,92,32,0,32,124
06/19/2014,CPR,WY,ANM,WE,Combined TRACON& Tower with Radar,2,35,21,0,58,0,4,45,0,49,2,39,66,0,107,32,0,32,139
06/20/2014,CPR,WY,ANM,WE,Combined TRACON& Tower with Radar,5,36,9,0,50,0,6,45,0,51,5,42,54,0,101,42,0,42,143
06/21/2014,CPR,WY,ANM,WE,Combined TRACON& Tower with Radar,2,26,13,0,41,0,0,37,1,38,2,26,50,1,79,28,0,28,107
06/22/2014,CPR,WY,ANM,WE,Combined TRACON& Tower with Radar,0,20,10,0,30,0,0,21,0,21,0,20,31,0,51,12,0,12,63
06/23/2014,CPR,WY,ANM,WE,Combined TRACON& Tower with Radar,4,29,10,0,43,0,2,31,0,33,4,31,41,0,76,14,0,14,90
06/24/2014,CPR,WY,ANM,WE,Combined TRACON& Tower with Radar,4,42,9,0,55,0,6,40,0,46,4,48,49,0,101,16,0,16,117
06/25/2014,CPR,WY,ANM,WE,Combined TRACON& Tower with Radar,1,25,16,0,42,0,4,23,0,27,1,29,39,0,69,0,0,0,69
06/26/2014,CPR,WY,ANM,WE,Combined TRACON& Tower with Radar,3,27,13,0,43,0,4,43,0,47,3,31,56,0,90,24,0,24,114
06/27/2014,CPR,WY,ANM,WE,Combined TRACON& Tower with Radar,4,30,24,2,60,0,7,22,0,29,4,37,46,2,89,0,0,0,89
06/28/2014,CPR,WY,ANM,WE,Combined TRACON& Tower with Radar,2,23,7,0,32,0,3,31,0,34,2,26,38,0,66,8,0,8,74
06/29/2014,CPR,WY,ANM,WE,Combined TRACON& Tower with Radar,0,14,7,2,23,0,2,33,0,35,0,16,40,2,58,8,0,8,66
06/30/2014,CPR,WY,ANM,WE,Combined TRACON& Tower with Radar,4,22,22,2,50,0,7,42,2,51,4,29,64,4,101,4,0,4,105
07/01/2014,CPR,WY,ANM,WE,Combined TRACON& Tower with Radar,3,30,17,2,52,0,8,34,4,46,3,38,51,6,98,34,12,46,144
07/02/2014,CPR,WY,ANM,WE,Combined TRACON& Tower with Radar,4,38,25,0,67,0,5,53,0,58,4,43,78,0,125,52,0,52,177
07/03/2014,CPR,WY,ANM,WE,Combined TRACON& Tower with Radar,4,31,13,0,48,0,4,17,0,21,4,35,30,0,69,38,0,38,107
07/04/2014,CPR,WY,ANM,WE,Combined TRACON& Tower with Radar,2,8,7,0,17,0,2,15,0,17,2,10,22,0,34,0,0,0,34
07/05/2014,CPR,WY,ANM,WE,Combined TRACON& Tower with Radar,2,20,2,0,24,0,0,12,0,12,2,20,14,0,36,20,0,20,56
07/06/2014,CPR,WY,ANM,WE,Combined TRACON& Tower with Radar,0,19,2,0,21,0,0,28,0,28,0,19,30,0,49,8,0,8,57
07/07/2014,CPR,WY,ANM,WE,Combined TRACON& Tower with Radar,4,28,19,0,51,0,2,34,0,36,4,30,53,0,87,6,0,6,93
07/08/2014,CPR,WY,ANM,WE,Combined TRACON& Tower with Radar,3,41,20,0,64,0,6,61,2,69,3,47,81,2,133,72,0,72,205
07/09/2014,CPR,WY,ANM,WE,Combined TRACON& Tower with Radar,4,31,20,0,55,0,5,41,0,46,4,36,61,0,101,14,0,14,115
07/10/2014,CPR,WY,ANM,WE,Combined TRACON& Tower with Radar,5,40,15,0,60,0,6,35,0,41,5,46,50,0,101,10,0,10,111
07/11/2014,CPR,WY,ANM,WE,Combined TRACON& Tower with Radar,5,36,11,0,52,0,6,42,0,48,5,42,53,0,100,36,0,36,136
07/12/2014,CPR,WY,ANM,WE,Combined TRACON& Tower with Radar,2,28,6,0,36,0,1,101,0,102,2,29,107,0,138,24,0,24,162
07/13/2014,CPR,WY,ANM,WE,Combined TRACON& Tower with Radar,0,14,5,0,19,0,0,18,0,18,0,14,23,0,37,0,0,0,37
07/14/2014,CPR,WY,ANM,WE,Combined TRACON& Tower with Radar,3,23,12,2,40,0,3,24,0,27,3,26,36,2,67,48,0,48,115
07/15/2014,CPR,WY,ANM,WE,Combined TRACON& Tower with Radar,3,34,22,0,59,0,3,23,0,26,3,37,45,0,85,26,0,26,111
07/16/2014,CPR,WY,ANM,WE,Combined TRACON& Tower with Radar,2,35,17,0,54,0,2,6,0,8,2,37,23,0,62,0,0,0,62
07/17/2014,CPR,WY,ANM,WE,Combined TRACON& Tower with Radar,3,33,18,0,54,0,3,29,0,32,3,36,47,0,86,2,0,2,88
07/18/2014,CPR,WY,ANM,WE,Combined TRACON& Tower with Radar,4,36,5,4,49,0,5,46,0,51,4,41,51,4,100,30,8,38,138
07/19/2014,CPR,WY,ANM,WE,Combined TRACON& Tower with Radar,2,20,6,4,32,0,1,56,0,57,2,21,62,4,89,42,0,42,131
07/20/2014,CPR,WY,ANM,WE,Combined TRACON& Tower with Radar,0,13,10,0,23,0,1,11,0,12,0,14,21,0,35,4,0,4,39
07/21/2014,CPR,WY,ANM,WE,Combined TRACON& Tower with Radar,4,30,12,0,46,0,3,29,0,32,4,33,41,0,78,14,0,14,92
07/22/2014,CPR,WY,ANM,WE,Combined TRACON& Tower with Radar,3,38,23,0,64,0,5,48,0,53,3,43,71,0,117,24,0,24,141
07/23/2014,CPR,WY,ANM,WE,Combined TRACON& Tower with Radar,3,34,20,2,59,0,5,32,0,37,3,39,52,2,96,10,0,10,106
07/24/2014,CPR,WY,ANM,WE,Combined TRACON& Tower with Radar,5,30,17,4,56,0,8,28,0,36,5,38,45,4,92,2,0,2,94
07/25/2014,CPR,WY,ANM,WE,Combined TRACON& Tower with Radar,5,36,15,0,56,0,3,62,0,65,5,39,77,0,121,18,0,18,139
07/26/2014,CPR,WY,ANM,WE,Combined TRACON& Tower with Radar,2,24,12,0,38,0,1,41,0,42,2,25,53,0,80,0,0,0,80
07/27/2014,CPR,WY,ANM,WE,Combined TRACON& Tower with Radar,0,11,16,2,29,0,0,17,0,17,0,11,33,2,46,0,0,0,46
07/28/2014,CPR,WY,ANM,WE,Combined TRACON& Tower with Radar,4,23,14,0,41,0,2,44,1,47,4,25,58,1,88,6,0,6,94
07/29/2014,CPR,WY,ANM,WE,Combined TRACON& Tower with Radar,3,41,20,0,64,0,2,23,0,25,3,43,43,0,89,14,0,14,103
07/30/2014,CPR,WY,ANM,WE,Combined TRACON& Tower with Radar,3,35,22,0,60,0,1,25,0,26,3,36,47,0,86,24,0,24,110
07/31/2014,CPR,WY,ANM,WE,Combined TRACON& Tower with Radar,3,30,23,0,56,0,4,54,0,58,3,34,77,0,114,28,0,28,142
08/01/2014,CPR,WY,ANM,WE,Combined TRACON& Tower with Radar,5,28,10,0,43,0,6,52,0,58,5,34,62,0,101,48,0,48,149
08/02/2014,CPR,WY,ANM,WE,Combined TRACON& Tower with Radar,2,30,8,0,40,0,4,44,0,48,2,34,52,0,88,6,0,6,94
08/03/2014,CPR,WY,ANM,WE,Combined TRACON& Tower with Radar,0,12,5,2,19,0,4,51,0,55,0,16,56,2,74,10,0,10,84
08/04/2014,CPR,WY,ANM,WE,Combined TRACON& Tower with Radar,4,25,19,0,48,0,3,36,0,39,4,28,55,0,87,18,0,18,105
08/05/2014,CPR,WY,ANM,WE,Combined TRACON& Tower with Radar,2,40,20,0,62,0,2,18,0,20,2,42,38,0,82,16,0,16,98
08/06/2014,CPR,WY,ANM,WE,Combined TRACON& Tower with Radar,3,34,30,0,67,0,4,47,0,51,3,38,77,0,118,32,0,32,150
08/07/2014,CPR,WY,ANM,WE,Combined TRACON& Tower with Radar,4,32,36,0,72,0,4,41,0,45,4,36,77,0,117,58,0,58,175
08/08/2014,CPR,WY,ANM,WE,Combined TRACON& Tower with Radar,5,35,17,0,57,0,4,26,0,30,5,39,43,0,87,8,0,8,95
08/09/2014,CPR,WY,ANM,WE,Combined TRACON& Tower with Radar,4,27,10,2,43,0,1,26,2,29,4,28,36,4,72,30,20,50,122
08/10/2014,CPR,WY,ANM,WE,Combined TRACON& Tower with Radar,0,11,4,0,15,0,0,23,0,23,0,11,27,0,38,24,0,24,62
08/11/2014,CPR,WY,ANM,WE,Combined TRACON& Tower with Radar,3,32,26,1,62,0,6,50,0,56,3,38,76,1,118,46,0,46,164
08/12/2014,CPR,WY,ANM,WE,Combined TRACON& Tower with Radar,5,41,26,0,72,0,6,49,1,56,5,47,75,1,128,26,0,26,154
08/13/2014,CPR,WY,ANM,WE,Combined TRACON& Tower with Radar,3,33,23,0,59,0,3,33,0,36,3,36,56,0,95,12,0,12,107
08/14/2014,CPR,WY,ANM,WE,Combined TRACON& Tower with Radar,3,35,30,0,68,0,1,30,0,31,3,36,60,0,99,8,0,8,107
08/15/2014,CPR,WY,ANM,WE,Combined TRACON& Tower with Radar,2,30,25,0,57,0,1,38,0,39,2,31,63,0,96,6,0,6,102
08/16/2014,CPR,WY,ANM,WE,Combined TRACON& Tower with Radar,2,22,7,0,31,0,2,35,1,38,2,24,42,1,69,36,0,36,105
08/17/2014,CPR,WY,ANM,WE,Combined TRACON& Tower with Radar,2,13,9,0,24,0,0,14,0,14,2,13,23,0,38,0,0,0,38
08/18/2014,CPR,WY,ANM,WE,Combined TRACON& Tower with Radar,2,29,17,1,49,0,1,58,0,59,2,30,75,1,108,42,0,42,150
08/19/2014,CPR,WY,ANM,WE,Combined TRACON& Tower with Radar,4,33,23,1,61,0,2,62,0,64,4,35,85,1,125,46,0,46,171
08/20/2014,CPR,WY,ANM,WE,Combined TRACON& Tower with Radar,3,38,22,0,63,0,2,45,0,47,3,40,67,0,110,10,0,10,120
08/21/2014,CPR,WY,ANM,WE,Combined TRACON& Tower with Radar,3,36,26,2,67,0,2,43,0,45,3,38,69,2,112,18,0,18,130
08/22/2014,CPR,WY,ANM,WE,Combined TRACON& Tower with Radar,2,42,18,2,64,0,2,53,2,57,2,44,71,4,121,2,2,4,125
08/23/2014,CPR,WY,ANM,WE,Combined TRACON& Tower with Radar,2,26,12,0,40,0,2,18,0,20,2,28,30,0,60,24,0,24,84
08/24/2014,CPR,WY,ANM,WE,Combined TRACON& Tower with Radar,0,16,12,0,28,0,4,35,0,39,0,20,47,0,67,28,0,28,95
08/25/2014,CPR,WY,ANM,WE,Combined TRACON& Tower with Radar,1,19,12,0,32,0,4,59,0,63,1,23,71,0,95,42,0,42,137
08/26/2014,CPR,WY,ANM,WE,Combined TRACON& Tower with Radar,2,39,17,2,60,0,3,45,0,48,2,42,62,2,108,22,8,30,138
08/27/2014,CPR,WY,ANM,WE,Combined TRACON& Tower with Radar,4,33,17,0,54,0,0,20,0,20,4,33,37,0,74,0,0,0,74
08/28/2014,CPR,WY,ANM,WE,Combined TRACON& Tower with Radar,3,31,25,0,59,0,1,64,0,65,3,32,89,0,124,36,0,36,160
08/29/2014,CPR,WY,ANM,WE,Combined TRACON& Tower with Radar,3,33,20,0,56,0,1,62,0,63,3,34,82,0,119,13,0,13,132
08/30/2014,CPR,WY,ANM,WE,Combined TRACON& Tower with Radar,2,21,5,0,28,0,1,29,0,30,2,22,34,0,58,0,0,0,58
08/31/2014,CPR,WY,ANM,WE,Combined TRACON& Tower with Radar,0,9,4,0,13,0,1,19,0,20,0,10,23,0,33,0,0,0,33
09/01/2014,CPR,WY,ANM,WE,Combined TRACON& Tower with Radar,0,27,11,0,38,0,0,35,0,35,0,27,46,0,73,22,0,22,95
09/02/2014,CPR,WY,ANM,WE,Combined TRACON& Tower with Radar,2,24,20,0,46,0,1,44,0,45,2,25,64,0,91,36,0,36,127
09/03/2014,CPR,WY,ANM,WE,Combined TRACON& Tower with Radar,4,34,11,1,50,0,1,32,0,33,4,35,43,1,83,4,0,4,87
09/04/2014,CPR,WY,ANM,WE,Combined TRACON& Tower with Radar,3,32,29,0,64,0,2,41,1,44,3,34,70,1,108,16,0,16,124
09/05/2014,CPR,WY,ANM,WE,Combined TRACON& Tower with Radar,3,34,22,0,59,0,3,39,0,42,3,37,61,0,101,20,0,20,121
09/06/2014,CPR,WY,ANM,WE,Combined TRACON& Tower with Radar,2,24,15,0,41,0,2,20,0,22,2,26,35,0,63,15,0,15,78
09/07/2014,CPR,WY,ANM,WE,Combined TRACON& Tower with Radar,0,13,16,0,29,0,0,33,0,33,0,13,49,0,62,14,0,14,76
09/08/2014,CPR,WY,ANM,WE,Combined TRACON& Tower with Radar,2,27,26,0,55,0,0,33,0,33,2,27,59,0,88,10,0,10,98
09/09/2014,CPR,WY,ANM,WE,Combined TRACON& Tower with Radar,2,38,30,0,70,0,0,34,0,34,2,38,64,0,104,32,0,32,136
09/10/2014,CPR,WY,ANM,WE,Combined TRACON& Tower with Radar,4,36,28,4,72,0,0,11,0,11,4,36,39,4,83,0,6,6,89
09/11/2014,CPR,WY,ANM,WE,Combined TRACON& Tower with Radar,4,30,22,0,56,0,0,0,0,0,4,30,22,0,56,4,0,4,60
09/12/2014,CPR,WY,ANM,WE,Combined TRACON& Tower with Radar,4,35,23,7,69,0,2,32,0,34,4,37,55,7,103,36,34,70,173
09/13/2014,CPR,WY,ANM,WE,Combined TRACON& Tower with Radar,2,18,6,0,26,0,0,24,0,24,2,18,30,0,50,10,0,10,60
09/14/2014,CPR,WY,ANM,WE,Combined TRACON& Tower with Radar,0,16,6,2,24,0,0,24,0,24,0,16,30,2,48,24,0,24,72
09/15/2014,CPR,WY,ANM,WE,Combined TRACON& Tower with Radar,2,31,23,0,56,0,1,39,0,40,2,32,62,0,96,24,0,24,120
09/16/2014,CPR,WY,ANM,WE,Combined TRACON& Tower with Radar,3,32,24,0,59,0,3,57,0,60,3,35,81,0,119,48,0,48,167
09/17/2014,CPR,WY,ANM,WE,Combined TRACON& Tower with Radar,3,32,24,8,67,0,2,51,0,53,3,34,75,8,120,12,8,20,140
09/18/2014,CPR,WY,ANM,WE,Combined TRACON& Tower with Radar,3,32,27,4,66,0,2,32,0,34,3,34,59,4,100,8,4,12,112
09/19/2014,CPR,WY,ANM,WE,Combined TRACON& Tower with Radar,3,29,28,0,60,0,1,43,0,44,3,30,71,0,104,30,0,30,134
09/20/2014,CPR,WY,ANM,WE,Combined TRACON& Tower with Radar,2,21,11,0,34,0,3,45,0,48,2,24,56,0,82,8,0,8,90
09/21/2014,CPR,WY,ANM,WE,Combined TRACON& Tower with Radar,0,14,7,2,23,0,2,32,0,34,0,16,39,2,57,20,0,20,77
09/22/2014,CPR,WY,ANM,WE,Combined TRACON& Tower with Radar,1,28,20,0,49,0,2,30,0,32,1,30,50,0,81,32,0,32,113
09/23/2014,CPR,WY,ANM,WE,Combined TRACON& Tower with Radar,2,30,32,2,66,0,0,45,0,45,2,30,77,2,111,64,0,64,175
09/24/2014,CPR,WY,ANM,WE,Combined TRACON& Tower with Radar,2,34,19,0,55,0,0,42,0,42,2,34,61,0,97,36,0,36,133
09/25/2014,CPR,WY,ANM,WE,Combined TRACON& Tower with Radar,2,38,23,2,65,0,0,36,0,36,2,38,59,2,101,47,0,47,148
09/26/2014,CPR,WY,ANM,WE,Combined TRACON& Tower with Radar,4,31,19,6,60,0,1,51,0,52,4,32,70,6,112,20,0,20,132
09/27/2014,CPR,WY,ANM,WE,Combined TRACON& Tower with Radar,4,23,9,2,38,0,0,38,0,38,4,23,47,2,76,20,0,20,96
09/28/2014,CPR,WY,ANM,WE,Combined TRACON& Tower with Radar,0,19,12,0,31,0,0,4,0,4,0,19,16,0,35,12,0,12,47
09/29/2014,CPR,WY,ANM,WE,Combined TRACON& Tower with Radar,2,31,31,0,64,0,0,15,0,15,2,31,46,0,79,0,0,0,79
09/30/2014,CPR,WY,ANM,WE,Combined TRACON& Tower with Radar,3,37,38,0,78,0,1,29,0,30,3,38,67,0,108,42,0,42,150
10/01/2014,CPR,WY,ANM,WE,Combined TRACON& Tower with Radar,4,35,20,5,64,0,3,2,0,5,4,38,22,5,69,2,0,2,71
10/02/2014,CPR,WY,ANM,WE,Combined TRACON& Tower with Radar,2,38,24,0,64,0,2,33,0,35,2,40,57,0,99,12,0,12,111
10/03/2014,CPR,WY,ANM,WE,Combined TRACON& Tower with Radar,5,39,8,0,52,0,0,26,0,26,5,39,34,0,78,24,0,24,102
10/04/2014,CPR,WY,ANM,WE,Combined TRACON& Tower with Radar,2,23,11,0,36,0,0,25,0,25,2,23,36,0,61,22,0,22,83
10/05/2014,CPR,WY,ANM,WE,Combined TRACON& Tower with Radar,0,19,9,0,28,0,0,24,0,24,0,19,33,0,52,14,0,14,66
10/06/2014,CPR,WY,ANM,WE,Combined TRACON& Tower with Radar,4,26,14,0,44,0,1,39,0,40,4,27,53,0,84,10,0,10,94
10/07/2014,CPR,WY,ANM,WE,Combined TRACON& Tower with Radar,4,37,19,0,60,0,1,43,0,44,4,38,62,0,104,30,0,30,134
10/08/2014,CPR,WY,ANM,WE,Combined TRACON& Tower with Radar,3,37,24,0,64,0,0,40,0,40,3,37,64,0,104,18,0,18,122
10/09/2014,CPR,WY,ANM,WE,Combined TRACON& Tower with Radar,3,32,22,5,62,0,0,32,0,32,3,32,54,5,94,6,10,16,110
10/10/2014,CPR,WY,ANM,WE,Combined TRACON& Tower with Radar,5,35,23,4,67,0,0,33,0,33,5,35,56,4,100,10,0,10,110
10/11/2014,CPR,WY,ANM,WE,Combined TRACON& Tower with Radar,2,26,6,0,34,0,5,26,0,31,2,31,32,0,65,30,0,30,95
10/12/2014,CPR,WY,ANM,WE,Combined TRACON& Tower with Radar,0,14,6,0,20,0,0,1,0,1,0,14,7,0,21,0,0,0,21
10/13/2014,CPR,WY,ANM,WE,Combined TRACON& Tower with Radar,4,26,20,0,50,0,3,41,0,44,4,29,61,0,94,60,0,60,154
10/14/2014,CPR,WY,ANM,WE,Combined TRACON& Tower with Radar,4,34,21,2,61,0,0,43,0,43,4,34,64,2,104,6,0,6,110
10/15/2014,CPR,WY,ANM,WE,Combined TRACON& Tower with Radar,5,43,15,0,63,0,3,15,0,18,5,46,30,0,81,2,0,2,83
10/16/2014,CPR,WY,ANM,WE,Combined TRACON& Tower with Radar,4,33,20,0,57,0,3,36,0,39,4,36,56,0,96,6,0,6,102
10/17/2014,CPR,WY,ANM,WE,Combined TRACON& Tower with Radar,5,37,7,4,53,0,0,38,0,38,5,37,45,4,91,36,0,36,127
10/18/2014,CPR,WY,ANM,WE,Combined TRACON& Tower with Radar,4,25,14,0,43,0,5,28,0,33,4,30,42,0,76,12,0,12,88
10/19/2014,CPR,WY,ANM,WE,Combined TRACON& Tower with Radar,0,15,14,0,29,0,0,43,0,43,0,15,57,0,72,32,0,32,104
10/20/2014,CPR,WY,ANM,WE,Combined TRACON& Tower with Radar,4,26,32,0,62,0,1,38,0,39,4,27,70,0,101,30,0,30,131
10/21/2014,CPR,WY,ANM,WE,Combined TRACON& Tower with Radar,3,38,24,4,69,0,0,42,0,42,3,38,66,4,111,20,14,34,145
10/22/2014,CPR,WY,ANM,WE,Combined TRACON& Tower with Radar,2,38,23,0,63,0,3,39,1,43,2,41,62,1,106,8,0,8,114
10/23/2014,CPR,WY,ANM,WE,Combined TRACON& Tower with Radar,3,35,24,3,65,0,1,32,3,36,3,36,56,6,101,8,0,8,109
10/24/2014,CPR,WY,ANM,WE,Combined TRACON& Tower with Radar,5,32,16,2,55,0,0,21,0,21,5,32,37,2,76,10,0,10,86
10/25/2014,CPR,WY,ANM,WE,Combined TRACON& Tower with Radar,2,19,6,0,27,0,0,49,1,50,2,19,55,1,77,42,0,42,119
10/26/2014,CPR,WY,ANM,WE,Combined TRACON& Tower with Radar,0,16,4,0,20,0,0,16,0,16,0,16,20,0,36,16,0,16,52
10/27/2014,CPR,WY,ANM,WE,Combined TRACON& Tower with Radar,4,29,15,0,48,0,5,20,0,25,4,34,35,0,73,28,0,28,101
10/28/2014,CPR,WY,ANM,WE,Combined TRACON& Tower with Radar,3,45,24,0,72,0,4,36,0,40,3,49,60,0,112,32,0,32,144
10/29/2014,CPR,WY,ANM,WE,Combined TRACON& Tower with Radar,4,37,23,0,64,0,0,16,0,16,4,37,39,0,80,8,0,8,88
10/30/2014,CPR,WY,ANM,WE,Combined TRACON& Tower with Radar,3,41,14,0,58,0,3,49,0,52,3,44,63,0,110,30,0,30,140
10/31/2014,CPR,WY,ANM,WE,Combined TRACON& Tower with Radar,5,32,9,1,47,0,2,36,1,39,5,34,45,2,86,48,0,48,134
11/01/2014,CPR,WY,ANM,WE,Combined TRACON& Tower with Radar,2,24,7,0,33,0,2,24,0,26,2,26,31,0,59,6,0,6,65
11/02/2014,CPR,WY,ANM,WE,Combined TRACON& Tower with Radar,0,14,11,0,25,0,0,21,0,21,0,14,32,0,46,36,0,36,82
11/03/2014,CPR,WY,ANM,WE,Combined TRACON& Tower with Radar,4,27,7,0,38,0,0,19,0,19,4,27,26,0,57,24,0,24,81
11/04/2014,CPR,WY,ANM,WE,Combined TRACON& Tower with Radar,3,33,17,0,53,0,2,20,0,22,3,35,37,0,75,5,0,5,80
11/05/2014,CPR,WY,ANM,WE,Combined TRACON& Tower with Radar,4,40,27,0,71,0,2,18,0,20,4,42,45,0,91,26,0,26,117
11/06/2014,CPR,WY,ANM,WE,Combined TRACON& Tower with Radar,4,42,22,0,68,0,0,52,0,52,4,42,74,0,120,8,0,8,128
11/07/2014,CPR,WY,ANM,WE,Combined TRACON& Tower with Radar,4,33,13,2,52,0,1,16,0,17,4,34,29,2,69,38,0,38,107
11/08/2014,CPR,WY,ANM,WE,Combined TRACON& Tower with Radar,2,23,3,1,29,0,1,22,1,24,2,24,25,2,53,16,0,16,69
11/09/2014,CPR,WY,ANM,WE,Combined TRACON& Tower with Radar,0,13,5,0,18,0,0,9,0,9,0,13,14,0,27,0,0,0,27
11/10/2014,CPR,WY,ANM,WE,Combined TRACON& Tower with Radar,4,25,11,0,40,0,0,0,0,0,4,25,11,0,40,0,0,0,40
11/11/2014,CPR,WY,ANM,WE,Combined TRACON& Tower with Radar,2,32,23,0,57,0,0,1,0,1,2,32,24,0,58,0,0,0,58
11/12/2014,CPR,WY,ANM,WE,Combined TRACON& Tower with Radar,3,33,18,0,54,0,0,25,0,25,3,33,43,0,79,0,0,0,79
11/13/2014,CPR,WY,ANM,WE,Combined TRACON& Tower with Radar,3,34,38,0,75,0,1,32,0,33,3,35,70,0,108,22,0,22,130
11/14/2014,CPR,WY,ANM,WE,Combined TRACON& Tower with Radar,5,34,14,0,53,0,0,11,0,11,5,34,25,0,64,14,0,14,78
11/15/2014,CPR,WY,ANM,WE,Combined TRACON& Tower with Radar,2,20,7,0,29,0,0,2,0,2,2,20,9,0,31,0,0,0,31
11/16/2014,CPR,WY,ANM,WE,Combined TRACON& Tower with Radar,0,16,12,0,28,0,0,10,0,10,0,16,22,0,38,0,0,0,38
11/17/2014,CPR,WY,ANM,WE,Combined TRACON& Tower with Radar,3,28,9,0,40,0,2,22,0,24,3,30,31,0,64,0,0,0,64
11/18/2014,CPR,WY,ANM,WE,Combined TRACON& Tower with Radar,4,39,28,0,71,0,1,21,0,22,4,40,49,0,93,24,0,24,117
11/19/2014,CPR,WY,ANM,WE,Combined TRACON& Tower with Radar,3,32,31,2,68,0,0,30,0,30,3,32,61,2,98,12,0,12,110
11/20/2014,CPR,WY,ANM,WE,Combined TRACON& Tower with Radar,4,44,32,0,80,0,0,49,0,49,4,44,81,0,129,54,0,54,183
11/21/2014,CPR,WY,ANM,WE,Combined TRACON& Tower with Radar,5,31,8,5,49,0,0,25,0,25,5,31,33,5,74,24,0,24,98
11/22/2014,CPR,WY,ANM,WE,Combined TRACON& Tower with Radar,2,18,1,0,21,0,0,4,0,4,2,18,5,0,25,0,0,0,25
11/23/2014,CPR,WY,ANM,WE,Combined TRACON& Tower with Radar,2,14,7,0,23,0,0,9,0,9,2,14,16,0,32,0,0,0,32
11/24/2014,CPR,WY,ANM,WE,Combined TRACON& Tower with Radar,5,20,10,2,37,0,2,21,0,23,5,22,31,2,60,4,0,4,64
11/25/2014,CPR,WY,ANM,WE,Combined TRACON& Tower with Radar,2,33,17,2,54,0,2,17,0,19,2,35,34,2,73,2,0,2,75
11/26/2014,CPR,WY,ANM,WE,Combined TRACON& Tower with Radar,4,42,13,0,59,0,0,9,0,9,4,42,22,0,68,0,0,0,68
11/27/2014,CPR,WY,ANM,WE,Combined TRACON& Tower with Radar,2,9,1,4,16,0,1,3,0,4,2,10,4,4,20,0,0,0,20
11/28/2014,CPR,WY,ANM,WE,Combined TRACON& Tower with Radar,5,21,4,4,34,0,2,36,0,38,5,23,40,4,72,32,0,32,104
11/29/2014,CPR,WY,ANM,WE,Combined TRACON& Tower with Radar,2,19,3,0,24,0,0,7,0,7,2,19,10,0,31,0,0,0,31
11/30/2014,CPR,WY,ANM,WE,Combined TRACON& Tower with Radar,0,18,9,2,29,0,2,19,0,21,0,20,28,2,50,28,0,28,78
12/01/2014,CPR,WY,ANM,WE,Combined TRACON& Tower with Radar,4,21,14,1,40,2,5,15,2,24,6,26,29,3,64,0,0,0,64
12/02/2014,CPR,WY,ANM,WE,Combined TRACON& Tower with Radar,6,34,17,1,58,0,0,34,0,34,6,34,51,1,92,50,0,50,142
12/03/2014,CPR,WY,ANM,WE,Combined TRACON& Tower with Radar,6,39,23,0,68,0,0,51,0,51,6,39,74,0,119,16,0,16,135
12/04/2014,CPR,WY,ANM,WE,Combined TRACON& Tower with Radar,8,30,31,0,69,0,1,23,0,24,8,31,54,0,93,10,0,10,103
12/05/2014,CPR,WY,ANM,WE,Combined TRACON& Tower with Radar,7,40,26,0,73,0,1,33,0,34,7,41,59,0,107,4,0,4,111
12/06/2014,CPR,WY,ANM,WE,Combined TRACON& Tower with Radar,2,22,8,0,32,0,1,38,0,39,2,23,46,0,71,54,0,54,125
12/07/2014,CPR,WY,ANM,WE,Combined TRACON& Tower with Radar,2,16,17,0,35,0,0,51,0,51,2,16,68,0,86,60,0,60,146
12/08/2014,CPR,WY,ANM,WE,Combined TRACON& Tower with Radar,4,30,17,0,51,0,1,33,0,34,4,31,50,0,85,8,0,8,93
12/09/2014,CPR,WY,ANM,WE,Combined TRACON& Tower with Radar,6,36,26,0,68,0,0,34,0,34,6,36,60,0,102,4,0,4,106
12/10/2014,CPR,WY,ANM,WE,Combined TRACON& Tower with Radar,5,35,19,2,61,0,3,28,0,31,5,38,47,2,92,22,0,22,114
12/11/2014,CPR,WY,ANM,WE,Combined TRACON& Tower with Radar,7,29,32,0,68,0,6,23,0,29,7,35,55,0,97,12,0,12,109
12/12/2014,CPR,WY,ANM,WE,Combined TRACON& Tower with Radar,8,34,18,0,60,0,0,11,0,11,8,34,29,0,71,5,0,5,76
12/13/2014,CPR,WY,ANM,WE,Combined TRACON& Tower with Radar,2,21,9,0,32,0,0,19,0,19,2,21,28,0,51,24,0,24,75
12/14/2014,CPR,WY,ANM,WE,Combined TRACON& Tower with Radar,2,23,3,0,28,0,0,0,0,0,2,23,3,0,28,0,0,0,28
12/15/2014,CPR,WY,ANM,WE,Combined TRACON& Tower with Radar,6,27,14,0,47,0,3,3,0,6,6,30,17,0,53,0,0,0,53
12/16/2014,CPR,WY,ANM,WE,Combined TRACON& Tower with Radar,6,34,21,0,61,0,5,18,0,23,6,39,39,0,84,10,0,10,94
12/17/2014,CPR,WY,ANM,WE,Combined TRACON& Tower with Radar,6,38,24,0,68,0,3,18,0,21,6,41,42,0,89,8,0,8,97
12/18/2014,CPR,WY,ANM,WE,Combined TRACON& Tower with Radar,8,34,21,0,63,0,7,26,0,33,8,41,47,0,96,0,0,0,96
12/19/2014,CPR,WY,ANM,WE,Combined TRACON& Tower with Radar,8,44,19,0,71,0,3,22,0,25,8,47,41,0,96,12,0,12,108
12/20/2014,CPR,WY,ANM,WE,Combined TRACON& Tower with Radar,2,22,11,0,35,0,1,15,0,16,2,23,26,0,51,0,0,0,51
12/21/2014,CPR,WY,ANM,WE,Combined TRACON& Tower with Radar,0,16,2,0,18,0,2,2,0,4,0,18,4,0,22,0,0,0,22
12/22/2014,CPR,WY,ANM,WE,Combined TRACON& Tower with Radar,3,41,8,0,52,0,2,14,0,16,3,43,22,0,68,8,0,8,76
12/23/2014,CPR,WY,ANM,WE,Combined TRACON& Tower with Radar,6,38,13,0,57,0,0,15,0,15,6,38,28,0,72,4,0,4,76
12/24/2014,CPR,WY,ANM,WE,Combined TRACON& Tower with Radar,4,33,5,0,42,0,1,15,0,16,4,34,20,0,58,0,0,0,58
12/25/2014,CPR,WY,ANM,WE,Combined TRACON& Tower with Radar,0,16,3,0,19,0,0,0,0,0,0,16,3,0,19,0,0,0,19
12/26/2014,CPR,WY,ANM,WE,Combined TRACON& Tower with Radar,7,26,11,0,44,0,0,2,0,2,7,26,13,0,46,4,0,4,50
12/27/2014,CPR,WY,ANM,WE,Combined TRACON& Tower with Radar,2,16,7,0,25,0,0,19,0,19,2,16,26,0,44,8,0,8,52
12/28/2014,CPR,WY,ANM,WE,Combined TRACON& Tower with Radar,0,14,5,0,19,0,0,5,0,5,0,14,10,0,24,6,0,6,30
12/29/2014,CPR,WY,ANM,WE,Combined TRACON& Tower with Radar,3,25,17,0,45,0,0,0,0,0,3,25,17,0,45,0,0,0,45
12/30/2014,CPR,WY,ANM,WE,Combined TRACON& Tower with Radar,3,30,6,0,39,0,1,13,0,14,3,31,19,0,53,0,0,0,53
12/31/2014,CPR,WY,ANM,WE,Combined TRACON& Tower with Radar,3,29,11,0,43,0,1,11,0,12,3,30,22,0,55,0,0,0,55
01/01/2015,CPR,WY,ANM,WE,Combined TRACON& Tower with Radar,0,11,5,0,16,0,0,11,0,11,0,11,16,0,27,14,0,14,41
01/02/2015,CPR,WY,ANM,WE,Combined TRACON& Tower with Radar,4,23,2,0,29,0,1,16,0,17,4,24,18,0,46,0,0,0,46
01/03/2015,CPR,WY,ANM,WE,Combined TRACON& Tower with Radar,2,16,5,0,23,0,0,2,0,2,2,16,7,0,25,0,0,0,25
01/04/2015,CPR,WY,ANM,WE,Combined TRACON& Tower with Radar,0,18,8,0,26,0,4,12,0,16,0,22,20,0,42,18,0,18,60
01/05/2015,CPR,WY,ANM,WE,Combined TRACON& Tower with Radar,1,25,10,0,36,0,3,6,0,9,1,28,16,0,45,0,0,0,45
01/06/2015,CPR,WY,ANM,WE,Combined TRACON& Tower with Radar,4,34,25,0,63,0,0,27,0,27,4,34,52,0,90,6,0,6,96
01/07/2015,CPR,WY,ANM,WE,Combined TRACON& Tower with Radar,4,31,16,0,51,0,4,13,0,17,4,35,29,0,68,0,0,0,68
01/08/2015,CPR,WY,ANM,WE,Combined TRACON& Tower with Radar,3,38,20,0,61,0,0,12,0,12,3,38,32,0,73,6,0,6,79
01/09/2015,CPR,WY,ANM,WE,Combined TRACON& Tower with Radar,6,32,6,0,44,0,1,36,0,37,6,33,42,0,81,0,0,0,81
01/10/2015,CPR,WY,ANM,WE,Combined TRACON& Tower with Radar,2,19,5,2,28,0,0,20,0,20,2,19,25,2,48,19,0,19,67
01/11/2015,CPR,WY,ANM,WE,Combined TRACON& Tower with Radar,2,20,8,0,30,0,0,12,0,12,2,20,20,0,42,36,0,36,78
01/12/2015,CPR,WY,ANM,WE,Combined TRACON& Tower with Radar,4,28,13,2,47,0,0,0,0,0,4,28,13,2,47,0,0,0,47
01/13/2015,CPR,WY,ANM,WE,Combined TRACON& Tower with Radar,4,42,27,0,73,0,1,12,0,13,4,43,39,0,86,0,0,0,86
01/14/2015,CPR,WY,ANM,WE,Combined TRACON& Tower with Radar,2,31,19,0,52,0,0,24,0,24,2,31,43,0,76,0,0,0,76
01/15/2015,CPR,WY,ANM,WE,Combined TRACON& Tower with Radar,6,23,13,0,42,0,2,18,0,20,6,25,31,0,62,0,0,0,62
01/16/2015,CPR,WY,ANM,WE,Combined TRACON& Tower with Radar,6,31,14,1,52,0,2,16,0,18,6,33,30,1,70,0,0,0,70
01/17/2015,CPR,WY,ANM,WE,Combined TRACON& Tower with Radar,2,17,9,1,29,0,0,5,0,5,2,17,14,1,34,0,0,0,34
01/18/2015,CPR,WY,ANM,WE,Combined TRACON& Tower with Radar,0,16,9,0,25,0,0,7,0,7,0,16,16,0,32,0,0,0,32
01/19/2015,CPR,WY,ANM,WE,Combined TRACON& Tower with Radar,4,19,22,0,45,0,1,22,0,23,4,20,44,0,68,8,0,8,76
01/20/2015,CPR,WY,ANM,WE,Combined TRACON& Tower with Radar,3,28,31,2,64,0,2,24,0,26,3,30,55,2,90,0,0,0,90
01/21/2015,CPR,WY,ANM,WE,Combined TRACON& Tower with Radar,3,28,17,2,50,0,1,9,0,10,3,29,26,2,60,16,0,16,76
01/22/2015,CPR,WY,ANM,WE,Combined TRACON& Tower with Radar,3,32,10,0,45,0,3,16,0,19,3,35,26,0,64,10,0,10,74
01/23/2015,CPR,WY,ANM,WE,Combined TRACON& Tower with Radar,4,31,18,2,55,0,2,21,0,23,4,33,39,2,78,4,0,4,82
01/24/2015,CPR,WY,ANM,WE,Combined TRACON& Tower with Radar,2,19,4,2,27,0,2,14,0,16,2,21,18,2,43,4,0,4,47
01/25/2015,CPR,WY,ANM,WE,Combined TRACON& Tower with Radar,0,12,6,2,20,0,0,25,0,25,0,12,31,2,45,30,0,30,75
01/26/2015,CPR,WY,ANM,WE,Combined TRACON& Tower with Radar,4,27,20,0,51,0,0,18,0,18,4,27,38,0,69,0,0,0,69
01/27/2015,CPR,WY,ANM,WE,Combined TRACON& Tower with Radar,4,27,14,0,45,0,1,18,0,19,4,28,32,0,64,8,0,8,72
01/28/2015,CPR,WY,ANM,WE,Combined TRACON& Tower with Radar,2,28,19,0,49,0,0,3,0,3,2,28,22,0,52,0,0,0,52
01/29/2015,CPR,WY,ANM,WE,Combined TRACON& Tower with Radar,4,36,18,0,58,0,0,29,0,29,4,36,47,0,87,18,0,18,105
01/30/2015,CPR,WY,ANM,WE,Combined TRACON& Tower with Radar,6,34,13,10,63,0,5,25,0,30,6,39,38,10,93,38,0,38,131
01/31/2015,CPR,WY,ANM,WE,Combined TRACON& Tower with Radar,2,23,4,0,29,0,9,15,0,24,2,32,19,0,53,18,0,18,71
02/01/2015,CPR,WY,ANM,WE,Combined TRACON& Tower with Radar,0,13,7,0,20,0,0,13,0,13,0,13,20,0,33,40,0,40,73
02/02/2015,CPR,WY,ANM,WE,Combined TRACON& Tower with Radar,4,27,10,0,41,0,2,24,0,26,4,29,34,0,67,36,0,36,103
02/03/2015,CPR,WY,ANM,WE,Combined TRACON& Tower with Radar,3,27,24,2,56,0,0,10,0,10,3,27,34,2,66,0,0,0,66
02/04/2015,CPR,WY,ANM,WE,Combined TRACON& Tower with Radar,4,31,23,0,58,0,0,13,0,13,4,31,36,0,71,44,0,44,115
02/05/2015,CPR,WY,ANM,WE,Combined TRACON& Tower with Radar,4,27,21,10,62,0,1,29,1,31,4,28,50,11,93,38,0,38,131
02/06/2015,CPR,WY,ANM,WE,Combined TRACON& Tower with Radar,5,25,13,3,46,0,4,22,0,26,5,29,35,3,72,24,0,24,96
02/07/2015,CPR,WY,ANM,WE,Combined TRACON& Tower with Radar,3,16,2,0,21,0,1,4,0,5,3,17,6,0,26,0,0,0,26
02/08/2015,CPR,WY,ANM,WE,Combined TRACON& Tower with Radar,1,12,6,0,19,0,1,20,0,21,1,13,26,0,40,6,0,6,46
02/09/2015,CPR,WY,ANM,WE,Combined TRACON& Tower with Radar,4,22,11,0,37,0,3,24,0,27,4,25,35,0,64,40,0,40,104
02/10/2015,CPR,WY,ANM,WE,Combined TRACON& Tower with Radar,4,28,21,0,53,0,0,34,0,34,4,28,55,0,87,52,0,52,139
02/11/2015,CPR,WY,ANM,WE,Combined TRACON& Tower with Radar,4,35,28,1,68,0,0,27,0,27,4,35,55,1,95,10,0,10,105
02/12/2015,CPR,WY,ANM,WE,Combined TRACON& Tower with Radar,3,30,15,1,49,0,2,31,0,33,3,32,46,1,82,0,0,0,82
02/13/2015,CPR,WY,ANM,WE,Combined TRACON& Tower with Radar,6,34,21,0,61,0,1,30,0,31,6,35,51,0,92,22,0,22,114
02/14/2015,CPR,WY,ANM,WE,Combined TRACON& Tower with Radar,2,16,4,0,22,0,0,18,0,18,2,16,22,0,40,0,0,0,40
02/15/2015,CPR,WY,ANM,WE,Combined TRACON& Tower with Radar,0,13,6,0,19,0,0,0,0,0,0,13,6,0,19,0,0,0,19
02/16/2015,CPR,WY,ANM,WE,Combined TRACON& Tower with Radar,3,28,9,0,40,0,0,0,0,0,3,28,9,0,40,0,0,0,40
02/17/2015,CPR,WY,ANM,WE,Combined TRACON& Tower with Radar,6,32,19,0,57,0,0,7,0,7,6,32,26,0,64,0,0,0,64
02/18/2015,CPR,WY,ANM,WE,Combined TRACON& Tower with Radar,0,34,20,0,54,0,0,23,0,23,0,34,43,0,77,8,0,8,85
02/19/2015,CPR,WY,ANM,WE,Combined TRACON& Tower with Radar,4,30,15,2,51,0,0,29,0,29,4,30,44,2,80,0,0,0,80
02/20/2015,CPR,WY,ANM,WE,Combined TRACON& Tower with Radar,6,32,17,0,55,0,2,3,0,5,6,34,20,0,60,16,0,16,76
02/21/2015,CPR,WY,ANM,WE,Combined TRACON& Tower with Radar,2,16,7,0,25,0,0,0,0,0,2,16,7,0,25,0,0,0,25
02/22/2015,CPR,WY,ANM,WE,Combined TRACON& Tower with Radar,0,16,10,0,26,0,0,8,0,8,0,16,18,0,34,6,0,6,40
02/23/2015,CPR,WY,ANM,WE,Combined TRACON& Tower with Radar,4,25,16,2,47,0,2,26,0,28,4,27,42,2,75,14,0,14,89
02/24/2015,CPR,WY,ANM,WE,Combined TRACON& Tower with Radar,4,39,23,0,66,0,4,24,0,28,4,43,47,0,94,36,0,36,130
02/25/2015,CPR,WY,ANM,WE,Combined TRACON& Tower with Radar,3,35,19,0,57,0,0,2,0,2,3,35,21,0,59,0,0,0,59
02/26/2015,CPR,WY,ANM,WE,Combined TRACON& Tower with Radar,4,26,22,0,52,0,0,1,0,1,4,26,23,0,53,0,0,0,53
02/27/2015,CPR,WY,ANM,WE,Combined TRACON& Tower with Radar,9,35,19,1,64,0,1,15,0,16,9,36,34,1,80,0,0,0,80
02/28/2015,CPR,WY,ANM,WE,Combined TRACON& Tower with Radar,3,15,13,0,31,0,0,10,0,10,3,15,23,0,41,18,0,18,59
03/01/2015,CPR,WY,ANM,WE,Combined TRACON& Tower with Radar,0,13,8,0,21,0,0,33,0,33,0,13,41,0,54,69,0,69,123
03/02/2015,CPR,WY,ANM,WE,Combined TRACON& Tower with Radar,3,26,6,0,35,0,1,9,0,10,3,27,15,0,45,34,0,34,79
03/03/2015,CPR,WY,ANM,WE,Combined TRACON& Tower with Radar,3,32,16,0,51,0,0,1,0,1,3,32,17,0,52,0,0,0,52
03/04/2015,CPR,WY,ANM,WE,Combined TRACON& Tower with Radar,3,31,12,0,46,0,5,31,1,37,3,36,43,1,83,0,0,0,83
03/05/2015,CPR,WY,ANM,WE,Combined TRACON& Tower with Radar,0,32,11,0,43,0,6,26,0,32,0,38,37,0,75,4,0,4,79
03/06/2015,CPR,WY,ANM,WE,Combined TRACON& Tower with Radar,6,34,15,0,55,0,2,41,0,43,6,36,56,0,98,20,0,20,118
03/07/2015,CPR,WY,ANM,WE,Combined TRACON& Tower with Radar,4,21,6,0,31,0,0,32,0,32,4,21,38,0,63,28,0,28,91
03/08/2015,CPR,WY,ANM,WE,Combined TRACON& Tower with Radar,0,11,7,0,18,0,0,37,0,37,0,11,44,0,55,42,0,42,97
03/09/2015,CPR,WY,ANM,WE,Combined TRACON& Tower with Radar,4,26,20,0,50,0,1,34,0,35,4,27,54,0,85,62,0,62,147
03/10/2015,CPR,WY,ANM,WE,Combined TRACON& Tower with Radar,4,32,20,0,56,0,3,35,0,38,4,35,55,0,94,58,0,58,152
03/11/2015,CPR,WY,ANM,WE,Combined TRACON& Tower with Radar,6,41,12,0,59,0,8,24,0,32,6,49,36,0,91,12,0,12,103
03/12/2015,CPR,WY,ANM,WE,Combined TRACON& Tower with Radar,3,39,15,0,57,0,0,40,0,40,3,39,55,0,97,38,0,38,135
03/13/2015,CPR,WY,ANM,WE,Combined TRACON& Tower with Radar,4,29,8,0,41,0,5,22,0,27,4,34,30,0,68,28,0,28,96
03/14/2015,CPR,WY,ANM,WE,Combined TRACON& Tower with Radar,2,25,6,0,33,0,0,18,0,18,2,25,24,0,51,2,0,2,53
03/15/2015,CPR,WY,ANM,WE,Combined TRACON& Tower with Radar,0,15,7,0,22,0,0,13,0,13,0,15,20,0,35,0,0,0,35
03/16/2015,CPR,WY,ANM,WE,Combined TRACON& Tower with Radar,4,32,13,0,49,0,0,21,0,21,4,32,34,0,70,6,0,6,76
03/17/2015,CPR,WY,ANM,WE,Combined TRACON& Tower with Radar,3,34,27,0,64,0,0,6,0,6,3,34,33,0,70,0,0,0,70
03/18/2015,CPR,WY,ANM,WE,Combined TRACON& Tower with Radar,4,33,16,0,53,0,0,49,0,49,4,33,65,0,102,10,0,10,112
03/19/2015,CPR,WY,ANM,WE,Combined TRACON& Tower with Radar,3,40,27,0,70,0,4,30,0,34,3,44,57,0,104,0,0,0,104
03/20/2015,CPR,WY,ANM,WE,Combined TRACON& Tower with Radar,5,33,8,2,48,0,0,46,0,46,5,33,54,2,94,40,0,40,134
03/21/2015,CPR,WY,ANM,WE,Combined TRACON& Tower with Radar,2,19,4,4,29,0,0,42,0,42,2,19,46,4,71,84,0,84,155
03/22/2015,CPR,WY,ANM,WE,Combined TRACON& Tower with Radar,0,10,6,2,18,0,0,40,0,40,0,10,46,2,58,24,0,24,82
03/23/2015,CPR,WY,ANM,WE,Combined TRACON& Tower with Radar,4,23,18,0,45,0,1,20,0,21,4,24,38,0,66,22,0,22,88
03/24/2015,CPR,WY,ANM,WE,Combined TRACON& Tower with Radar,3,32,25,0,60,0,0,22,2,24,3,32,47,2,84,36,18,54,138
03/25/2015,CPR,WY,ANM,WE,Combined TRACON& Tower with Radar,3,36,38,0,77,0,0,15,0,15,3,36,53,0,92,8,0,8,100
03/26/2015,CPR,WY,ANM,WE,Combined TRACON& Tower with Radar,4,35,21,0,60,0,0,34,2,36,4,35,55,2,96,18,0,18,114
03/27/2015,CPR,WY,ANM,WE,Combined TRACON& Tower with Radar,6,29,13,4,52,0,1,40,0,41,6,30,53,4,93,12,0,12,105
03/28/2015,CPR,WY,ANM,WE,Combined TRACON& Tower with Radar,2,22,11,0,35,0,0,17,0,17,2,22,28,0,52,0,0,0,52
03/29/2015,CPR,WY,ANM,WE,Combined TRACON& Tower with Radar,0,16,8,0,24,0,0,24,0,24,0,16,32,0,48,0,0,0,48
03/30/2015,CPR,WY,ANM,WE,Combined TRACON& Tower with Radar,4,33,19,0,56,0,1,42,0,43,4,34,61,0,99,14,0,14,113
03/31/2015,CPR,WY,ANM,WE,Combined TRACON& Tower with Radar,3,33,20,0,56,0,1,36,1,38,3,34,56,1,94,20,8,28,122
04/01/2015,CPR,WY,ANM,WE,Combined TRACON& Tower with Radar,3,35,24,1,63,0,0,14,1,15,3,35,38,2,78,0,0,0,78
04/02/2015,CPR,WY,ANM,WE,Combined TRACON& Tower with Radar,4,37,23,6,70,0,1,16,0,17,4,38,39,6,87,32,0,32,119
04/03/2015,CPR,WY,ANM,WE,Combined TRACON& Tower with Radar,6,32,16,0,54,0,0,42,0,42,6,32,58,0,96,26,0,26,122
04/04/2015,CPR,WY,ANM,WE,Combined TRACON& Tower with Radar,2,21,8,0,31,0,0,20,0,20,2,21,28,0,51,0,0,0,51
04/05/2015,CPR,WY,ANM,WE,Combined TRACON& Tower with Radar,0,12,3,0,15,0,2,15,0,17,0,14,18,0,32,0,0,0,32
04/06/2015,CPR,WY,ANM,WE,Combined TRACON& Tower with Radar,4,29,19,0,52,0,3,22,0,25,4,32,41,0,77,0,0,0,77
04/07/2015,CPR,WY,ANM,WE,Combined TRACON& Tower with Radar,4,35,10,0,49,0,0,30,0,30,4,35,40,0,79,12,0,12,91
04/08/2015,CPR,WY,ANM,WE,Combined TRACON& Tower with Radar,2,44,14,0,60,0,1,10,0,11,2,45,24,0,71,0,0,0,71
04/09/2015,CPR,WY,ANM,WE,Combined TRACON& Tower with Radar,4,34,13,0,51,0,0,30,0,30,4,34,43,0,81,12,0,12,93
04/10/2015,CPR,WY,ANM,WE,Combined TRACON& Tower with Radar,6,35,24,0,65,0,0,63,0,63,6,35,87,0,128,38,0,38,166
04/11/2015,CPR,WY,ANM,WE,Combined TRACON& Tower with Radar,2,23,9,0,34,0,0,41,0,41,2,23,50,0,75,24,0,24,99
04/12/2015,CPR,WY,ANM,WE,Combined TRACON& Tower with Radar,0,23,8,0,31,0,0,10,0,10,0,23,18,0,41,10,0,10,51
04/13/2015,CPR,WY,ANM,WE,Combined TRACON& Tower with Radar,4,36,14,0,54,0,1,27,0,28,4,37,41,0,82,2,0,2,84
04/14/2015,CPR,WY,ANM,WE,Combined TRACON& Tower with Radar,3,34,24,0,61,0,0,19,0,19,3,34,43,0,80,10,0,10,90
04/15/2015,CPR,WY,ANM,WE,Combined TRACON& Tower with Radar,2,28,14,0,44,0,0,1,0,1,2,28,15,0,45,0,0,0,45
04/16/2015,CPR,WY,ANM,WE,Combined TRACON& Tower with Radar,3,22,16,0,41,0,0,8,0,8,3,22,24,0,49,6,0,6,55
04/17/2015,CPR,WY,ANM,WE,Combined TRACON& Tower with Radar,6,32,26,0,64,0,0,10,0,10,6,32,36,0,74,6,0,6,80
04/18/2015,CPR,WY,ANM,WE,Combined TRACON& Tower with Radar,2,18,5,0,25,0,0,9,0,9,2,18,14,0,34,24,0,24,58
04/19/2015,CPR,WY,ANM,WE,Combined TRACON& Tower with Radar,0,13,9,0,22,0,1,19,6,26,0,14,28,6,48,38,0,38,86
04/20/2015,CPR,WY,ANM,WE,Combined TRACON& Tower with Radar,4,27,15,0,46,0,0,35,0,35,4,27,50,0,81,12,0,12,93
04/21/2015,CPR,WY,ANM,WE,Combined TRACON& Tower with Radar,3,33,20,0,56,0,1,61,0,62,3,34,81,0,118,70,0,70,188
04/22/2015,CPR,WY,ANM,WE,Combined TRACON& Tower with Radar,5,34,22,2,63,0,2,68,0,70,5,36,90,2,133,68,0,68,201
04/23/2015,CPR,WY,ANM,WE,Combined TRACON& Tower with Radar,3,30,21,0,54,0,2,37,0,39,3,32,58,0,93,82,0,82,175
04/24/2015,CPR,WY,ANM,WE,Combined TRACON& Tower with Radar,5,34,22,2,63,0,1,35,0,36,5,35,57,2,99,72,0,72,171
04/25/2015,CPR,WY,ANM,WE,Combined TRACON& Tower with Radar,4,23,13,0,40,0,0,26,0,26,4,23,39,0,66,60,0,60,126
04/26/2015,CPR,WY,ANM,WE,Combined TRACON& Tower with Radar,0,16,4,0,20,0,0,2,0,2,0,16,6,0,22,64,0,64,86
04/27/2015,CPR,WY,ANM,WE,Combined TRACON& Tower with Radar,3,36,14,0,53,0,0,9,0,9,3,36,23,0,62,92,0,92,154
04/28/2015,CPR,WY,ANM,WE,Combined TRACON& Tower with Radar,3,36,26,0,65,0,0,47,0,47,3,36,73,0,112,76,0,76,188
04/29/2015,CPR,WY,ANM,WE,Combined TRACON& Tower with Radar,3,39,23,0,65,0,1,51,0,52,3,40,74,0,117,10,0,10,127
04/30/2015,CPR,WY,ANM,WE,Combined TRACON& Tower with Radar,3,36,12,0,51,0,0,26,0,26,3,36,38,0,77,0,0,0,77
05/01/2015,CPR,WY,ANM,WE,Combined TRACON& Tower with Radar,4,30,15,0,49,0,0,57,0,57,4,30,72,0,106,38,0,38,144
05/02/2015,CPR,WY,ANM,WE,Combined TRACON& Tower with Radar,2,18,5,0,25,0,0,40,0,40,2,18,45,0,65,18,0,18,83
05/03/2015,CPR,WY,ANM,WE,Combined TRACON& Tower with Radar,0,14,10,0,24,0,1,26,0,27,0,15,36,0,51,8,0,8,59
05/04/2015,CPR,WY,ANM,WE,Combined TRACON& Tower with Radar,4,29,19,0,52,0,0,20,0,20,4,29,39,0,72,4,0,4,76
05/05/2015,CPR,WY,ANM,WE,Combined TRACON& Tower with Radar,3,39,17,0,59,0,0,22,0,22,3,39,39,0,81,3,0,3,84
05/06/2015,CPR,WY,ANM,WE,Combined TRACON& Tower with Radar,2,35,27,0,64,0,1,10,0,11,2,36,37,0,75,2,0,2,77
05/07/2015,CPR,WY,ANM,WE,Combined TRACON& Tower with Radar,3,33,25,4,65,0,1,15,0,16,3,34,40,4,81,32,0,32,113
05/08/2015,CPR,WY,ANM,WE,Combined TRACON& Tower with Radar,5,43,16,2,66,0,0,13,0,13,5,43,29,2,79,2,0,2,81
05/09/2015,CPR,WY,ANM,WE,Combined TRACON& Tower with Radar,2,21,4,0,27,0,0,0,0,0,2,21,4,0,27,0,0,0,27
05/10/2015,CPR,WY,ANM,WE,Combined TRACON& Tower with Radar,0,17,3,0,20,0,0,2,0,2,0,17,5,0,22,0,0,0,22
05/11/2015,CPR,WY,ANM,WE,Combined TRACON& Tower with Radar,4,23,19,0,46,0,1,45,0,46,4,24,64,0,92,28,0,28,120
05/12/2015,CPR,WY,ANM,WE,Combined TRACON& Tower with Radar,3,35,30,4,72,0,0,54,0,54,3,35,84,4,126,15,0,15,141
05/13/2015,CPR,WY,ANM,WE,Combined TRACON& Tower with Radar,3,37,25,0,65,0,2,43,0,45,3,39,68,0,110,38,0,38,148
05/14/2015,CPR,WY,ANM,WE,Combined TRACON& Tower with Radar,3,47,25,0,75,0,2,35,0,37,3,49,60,0,112,36,0,36,148
05/15/2015,CPR,WY,ANM,WE,Combined TRACON& Tower with Radar,7,42,17,0,66,0,0,4,0,4,7,42,21,0,70,0,0,0,70
05/16/2015,CPR,WY,ANM,WE,Combined TRACON& Tower with Radar,2,20,6,0,28,0,0,26,0,26,2,20,32,0,54,26,0,26,80
05/17/2015,CPR,WY,ANM,WE,Combined TRACON& Tower with Radar,0,22,2,0,24,0,0,6,0,6,0,22,8,0,30,12,0,12,42
05/18/2015,CPR,WY,ANM,WE,Combined TRACON& Tower with Radar,4,25,16,0,45,0,0,10,0,10,4,25,26,0,55,0,0,0,55
05/19/2015,CPR,WY,ANM,WE,Combined TRACON& Tower with Radar,3,36,13,0,52,0,0,2,0,2,3,36,15,0,54,0,0,0,54
05/20/2015,CPR,WY,ANM,WE,Combined TRACON& Tower with Radar,3,37,20,2,62,0,0,26,0,26,3,37,46,2,88,10,4,14,102
05/21/2015,CPR,WY,ANM,WE,Combined TRACON& Tower with Radar,4,35,32,0,71,0,2,47,0,49,4,37,79,0,120,14,0,14,134
05/22/2015,CPR,WY,ANM,WE,Combined TRACON& Tower with Radar,5,35,13,2,55,0,0,13,0,13,5,35,26,2,68,0,0,0,68
05/23/2015,CPR,WY,ANM,WE,Combined TRACON& Tower with Radar,7,19,12,0,38,0,0,9,0,9,7,19,21,0,47,6,0,6,53
05/24/2015,CPR,WY,ANM,WE,Combined TRACON& Tower with Radar,1,16,2,0,19,0,0,4,0,4,1,16,6,0,23,0,0,0,23
05/25/2015,CPR,WY,ANM,WE,Combined TRACON& Tower with Radar,2,16,6,0,24,0,0,16,0,16,2,16,22,0,40,12,0,12,52
05/26/2015,CPR,WY,ANM,WE,Combined TRACON& Tower with Radar,2,35,7,6,50,0,1,38,0,39,2,36,45,6,89,2,4,6,95
05/27/2015,CPR,WY,ANM,WE,Combined TRACON& Tower with Radar,4,38,19,0,61,0,0,48,0,48,4,38,67,0,109,4,0,4,113
05/28/2015,CPR,WY,ANM,WE,Combined TRACON& Tower with Radar,3,32,25,0,60,0,2,33,0,35,3,34,58,0,95,0,0,0,95
05/29/2015,CPR,WY,ANM,WE,Combined TRACON& Tower with Radar,7,30,21,4,62,0,0,7,0,7,7,30,28,4,69,0,0,0,69
05/30/2015,CPR,WY,ANM,WE,Combined TRACON& Tower with Radar,2,20,4,1,27,0,6,89,0,95,2,26,93,1,122,16,0,16,138
05/31/2015,CPR,WY,ANM,WE,Combined TRACON& Tower with Radar,0,16,18,0,34,0,2,33,0,35,0,18,51,0,69,16,0,16,85
06/01/2015,CPR,WY,ANM,WE,Combined TRACON& Tower with Radar,4,29,23,0,56,0,2,33,0,35,4,31,56,0,91,24,0,24,115
06/02/2015,CPR,WY,ANM,WE,Combined TRACON& Tower with Radar,5,32,20,0,57,0,0,39,0,39,5,32,59,0,96,6,0,6,102
06/03/2015,CPR,WY,ANM,WE,Combined TRACON& Tower with Radar,3,36,13,0,52,0,3,19,3,25,3,39,32,3,77,0,0,0,77
06/04/2015,CPR,WY,ANM,WE,Combined TRACON& Tower with Radar,3,34,23,0,60,0,7,47,0,54,3,41,70,0,114,12,0,12,126
06/05/2015,CPR,WY,ANM,WE,Combined TRACON& Tower with Radar,4,27,18,2,51,0,1,16,1,18,4,28,34,3,69,0,0,0,69
06/06/2015,CPR,WY,ANM,WE,Combined TRACON& Tower with Radar,2,23,11,4,40,0,3,41,0,44,2,26,52,4,84,46,0,46,130
06/07/2015,CPR,WY,ANM,WE,Combined TRACON& Tower with Radar,0,18,9,5,32,0,2,28,1,31,0,20,37,6,63,6,2,8,71
06/08/2015,CPR,WY,ANM,WE,Combined TRACON& Tower with Radar,4,37,17,0,58,0,6,76,3,85,4,43,93,3,143,20,0,20,163
06/09/2015,CPR,WY,ANM,WE,Combined TRACON& Tower with Radar,3,41,18,8,70,0,2,50,0,52,3,43,68,8,122,15,14,29,151
06/10/2015,CPR,WY,ANM,WE,Combined TRACON& Tower with Radar,3,34,17,0,54,0,1,42,0,43,3,35,59,0,97,28,0,28,125
06/11/2015,CPR,WY,ANM,WE,Combined TRACON& Tower with Radar,4,35,15,0,54,0,0,15,0,15,4,35,30,0,69,0,0,0,69
06/12/2015,CPR,WY,ANM,WE,Combined TRACON& Tower with Radar,5,34,32,8,79,0,2,71,3,76,5,36,103,11,155,74,0,74,229
06/13/2015,CPR,WY,ANM,WE,Combined TRACON& Tower with Radar,2,21,11,0,34,0,1,52,0,53,2,22,63,0,87,96,0,96,183
06/14/2015,CPR,WY,ANM,WE,Combined TRACON& Tower with Radar,0,16,12,0,28,0,2,31,1,34,0,18,43,1,62,18,0,18,80
06/15/2015,CPR,WY,ANM,WE,Combined TRACON& Tower with Radar,4,26,16,0,46,0,5,15,1,21,4,31,31,1,67,61,0,61,128
06/16/2015,CPR,WY,ANM,WE,Combined TRACON& Tower with Radar,4,34,14,0,52,0,1,23,0,24,4,35,37,0,76,14,0,14,90
06/17/2015,CPR,WY,ANM,WE,Combined TRACON& Tower with Radar,2,41,14,0,57,0,2,64,0,66,2,43,78,0,123,48,0,48,171
06/18/2015,CPR,WY,ANM,WE,Combined TRACON& Tower with Radar,3,36,18,4,61,0,2,47,0,49,3,38,65,4,110,47,0,47,157
06/19/2015,CPR,WY,ANM,WE,Combined TRACON& Tower with Radar,4,33,23,3,63,0,1,19,1,21,4,34,42,4,84,42,0,42,126
06/20/2015,CPR,WY,ANM,WE,Combined TRACON& Tower with Radar,2,22,10,0,34,0,4,35,0,39,2,26,45,0,73,18,0,18,91
06/21/2015,CPR,WY,ANM,WE,Combined TRACON& Tower with Radar,0,14,7,0,21,0,4,37,0,41,0,18,44,0,62,55,0,55,117
06/22/2015,CPR,WY,ANM,WE,Combined TRACON& Tower with Radar,6,32,19,1,58,0,2,26,1,29,6,34,45,2,87,22,0,22,109
06/23/2015,CPR,WY,ANM,WE,Combined TRACON& Tower with Radar,4,41,20,8,73,0,0,28,0,28,4,41,48,8,101,52,6,58,159
06/24/2015,CPR,WY,ANM,WE,Combined TRACON& Tower with Radar,2,41,13,0,56,0,1,26,0,27,2,42,39,0,83,22,0,22,105
06/25/2015,CPR,WY,ANM,WE,Combined TRACON& Tower with Radar,5,42,20,10,77,0,1,51,1,53,5,43,71,11,130,34,0,34,164
06/26/2015,CPR,WY,ANM,WE,Combined TRACON& Tower with Radar,6,37,12,11,66,0,1,68,1,70,6,38,80,12,136,36,12,48,184
06/27/2015,CPR,WY,ANM,WE,Combined TRACON& Tower with Radar,2,25,4,0,31,0,1,54,0,55,2,26,58,0,86,0,0,0,86
06/28/2015,CPR,WY,ANM,WE,Combined TRACON& Tower with Radar,0,18,14,0,32,0,0,29,0,29,0,18,43,0,61,2,0,2,63
06/29/2015,CPR,WY,ANM,WE,Combined TRACON& Tower with Radar,3,31,18,0,52,0,1,32,0,33,3,32,50,0,85,0,0,0,85
06/30/2015,CPR,WY,ANM,WE,Combined TRACON& Tower with Radar,4,40,18,4,66,0,1,53,4,58,4,41,71,8,124,64,8,72,196
07/01/2015,CPR,WY,ANM,WE,Combined TRACON& Tower with Radar,3,27,14,2,46,0,1,41,0,42,3,28,55,2,88,18,0,18,106
07/02/2015,CPR,WY,ANM,WE,Combined TRACON& Tower with Radar,6,33,7,2,48,0,0,23,0,23,6,33,30,2,71,20,0,20,91
07/03/2015,CPR,WY,ANM,WE,Combined TRACON& Tower with Radar,4,23,3,0,30,0,1,32,0,33,4,24,35,0,63,0,0,0,63
07/04/2015,CPR,WY,ANM,WE,Combined TRACON& Tower with Radar,0,17,4,0,21,0,3,27,0,30,0,20,31,0,51,8,0,8,59
07/05/2015,CPR,WY,ANM,WE,Combined TRACON& Tower with Radar,2,25,9,0,36,0,1,25,0,26,2,26,34,0,62,4,0,4,66
07/06/2015,CPR,WY,ANM,WE,Combined TRACON& Tower with Radar,4,40,29,3,76,0,2,7,0,9,4,42,36,3,85,14,0,14,99
07/07/2015,CPR,WY,ANM,WE,Combined TRACON& Tower with Radar,3,44,16,9,72,0,1,18,4,23,3,45,34,13,95,4,20,24,119
07/08/2015,CPR,WY,ANM,WE,Combined TRACON& Tower with Radar,2,36,12,0,50,0,0,23,0,23,2,36,35,0,73,38,0,38,111
07/09/2015,CPR,WY,ANM,WE,Combined TRACON& Tower with Radar,5,36,35,4,80,0,5,29,1,35,5,41,64,5,115,24,0,24,139
07/10/2015,CPR,WY,ANM,WE,Combined TRACON& Tower with Radar,4,32,18,0,54,0,3,38,0,41,4,35,56,0,95,16,0,16,111
07/11/2015,CPR,WY,ANM,WE,Combined TRACON& Tower with Radar,4,18,4,1,27,0,3,46,0,49,4,21,50,1,76,20,0,20,96
07/12/2015,CPR,WY,ANM,WE,Combined TRACON& Tower with Radar,0,17,7,3,27,0,0,19,3,22,0,17,26,6,49,0,0,0,49
07/13/2015,CPR,WY,ANM,WE,Combined TRACON& Tower with Radar,4,34,13,0,51,0,3,37,0,40,4,37,50,0,91,6,0,6,97
07/14/2015,CPR,WY,ANM,WE,Combined TRACON& Tower with Radar,3,46,13,0,62,0,1,40,0,41,3,47,53,0,103,22,0,22,125
07/15/2015,CPR,WY,ANM,WE,Combined TRACON& Tower with Radar,3,41,15,2,61,0,0,28,0,28,3,41,43,2,89,28,0,28,117
07/16/2015,CPR,WY,ANM,WE,Combined TRACON& Tower with Radar,2,34,16,4,56,0,1,59,1,61,2,35,75,5,117,0,0,0,117
07/17/2015,CPR,WY,ANM,WE,Combined TRACON& Tower with Radar,4,36,16,0,56,0,2,37,0,39,4,38,53,0,95,18,0,18,113
07/18/2015,CPR,WY,ANM,WE,Combined TRACON& Tower with Radar,2,19,12,0,33,0,5,38,0,43,2,24,50,0,76,0,0,0,76
07/19/2015,CPR,WY,ANM,WE,Combined TRACON& Tower with Radar,0,16,12,0,28,0,3,35,0,38,0,19,47,0,66,34,0,34,100
07/20/2015,CPR,WY,ANM,WE,Combined TRACON& Tower with Radar,2,23,7,0,32,0,5,42,0,47,2,28,49,0,79,24,0,24,103
07/21/2015,CPR,WY,ANM,WE,Combined TRACON& Tower with Radar,3,36,23,0,62,0,3,39,0,42,3,39,62,0,104,26,0,26,130
07/22/2015,CPR,WY,ANM,WE,Combined TRACON& Tower with Radar,3,29,16,0,48,0,2,55,0,57,3,31,71,0,105,50,0,50,155
07/23/2015,CPR,WY,ANM,WE,Combined TRACON& Tower with Radar,2,36,12,0,50,0,3,33,0,36,2,39,45,0,86,60,0,60,146
07/24/2015,CPR,WY,ANM,WE,Combined TRACON& Tower with Radar,5,34,19,0,58,0,2,66,0,68,5,36,85,0,126,2,0,2,128
07/25/2015,CPR,WY,ANM,WE,Combined TRACON& Tower with Radar,2,18,14,0,34,0,1,59,0,60,2,19,73,0,94,26,0,26,120
07/26/2015,CPR,WY,ANM,WE,Combined TRACON& Tower with Radar,0,16,8,0,24,0,1,55,0,56,0,17,63,0,80,4,0,4,84
07/27/2015,CPR,WY,ANM,WE,Combined TRACON& Tower with Radar,3,23,12,6,44,0,5,39,0,44,3,28,51,6,88,12,0,12,100
07/28/2015,CPR,WY,ANM,WE,Combined TRACON& Tower with Radar,2,38,25,0,65,0,2,33,0,35,2,40,58,0,100,20,0,20,120
07/29/2015,CPR,WY,ANM,WE,Combined TRACON& Tower with Radar,3,38,29,0,70,0,4,53,0,57,3,42,82,0,127,45,0,45,172
07/30/2015,CPR,WY,ANM,WE,Combined TRACON& Tower with Radar,2,28,24,4,58,0,3,60,0,63,2,31,84,4,121,18,0,18,139
07/31/2015,CPR,WY,ANM,WE,Combined TRACON& Tower with Radar,5,35,18,4,62,0,0,40,0,40,5,35,58,4,102,94,0,94,196
08/01/2015,CPR,WY,ANM,WE,Combined TRACON& Tower with Radar,1,31,8,5,45,0,2,60,0,62,1,33,68,5,107,6,0,6,113
08/02/2015,CPR,WY,ANM,WE,Combined TRACON& Tower with Radar,0,18,13,0,31,0,2,46,0,48,0,20,59,0,79,18,0,18,97
08/03/2015,CPR,WY,ANM,WE,Combined TRACON& Tower with Radar,5,27,11,0,43,0,3,29,0,32,5,30,40,0,75,36,0,36,111
08/04/2015,CPR,WY,ANM,WE,Combined TRACON& Tower with Radar,3,47,30,0,80,0,3,38,0,41,3,50,68,0,121,44,0,44,165
08/05/2015,CPR,WY,ANM,WE,Combined TRACON& Tower with Radar,2,34,20,0,56,0,1,42,0,43,2,35,62,0,99,18,0,18,117
08/06/2015,CPR,WY,ANM,WE,Combined TRACON& Tower with Radar,4,34,16,4,58,0,0,71,4,75,4,34,87,8,133,20,0,20,153
08/07/2015,CPR,WY,ANM,WE,Combined TRACON& Tower with Radar,6,32,24,0,62,0,2,56,0,58,6,34,80,0,120,34,0,34,154
08/08/2015,CPR,WY,ANM,WE,Combined TRACON& Tower with Radar,2,28,15,0,45,0,2,71,0,73,2,30,86,0,118,43,0,43,161
08/09/2015,CPR,WY,ANM,WE,Combined TRACON& Tower with Radar,0,13,22,0,35,0,0,58,0,58,0,13,80,0,93,25,0,25,118
08/10/2015,CPR,WY,ANM,WE,Combined TRACON& Tower with Radar,1,30,14,0,45,0,2,42,0,44,1,32,56,0,89,20,0,20,109
08/11/2015,CPR,WY,ANM,WE,Combined TRACON& Tower with Radar,4,45,18,0,67,0,0,39,0,39,4,45,57,0,106,16,0,16,122
08/12/2015,CPR,WY,ANM,WE,Combined TRACON& Tower with Radar,3,33,16,4,56,0,2,50,0,52,3,35,66,4,108,58,0,58,166
08/13/2015,CPR,WY,ANM,WE,Combined TRACON& Tower with Radar,5,35,15,0,55,0,6,58,0,64,5,41,73,0,119,26,0,26,145
08/14/2015,CPR,WY,ANM,WE,Combined TRACON& Tower with Radar,5,53,19,2,79,0,9,39,0,48,5,62,58,2,127,38,0,38,165
08/15/2015,CPR,WY,ANM,WE,Combined TRACON& Tower with Radar,2,30,4,0,36,0,2,35,0,37,2,32,39,0,73,30,0,30,103
08/16/2015,CPR,WY,ANM,WE,Combined TRACON& Tower with Radar,0,15,21,1,37,0,2,58,1,61,0,17,79,2,98,50,0,50,148
08/17/2015,CPR,WY,ANM,WE,Combined TRACON& Tower with Radar,5,25,20,0,50,0,0,35,0,35,5,25,55,0,85,26,0,26,111
08/18/2015,CPR,WY,ANM,WE,Combined TRACON& Tower with Radar,3,38,16,0,57,0,0,49,0,49,3,38,65,0,106,91,0,91,197
08/19/2015,CPR,WY,ANM,WE,Combined TRACON& Tower with Radar,2,38,23,6,69,0,0,55,0,55,2,38,78,6,124,45,0,45,169
08/20/2015,CPR,WY,ANM,WE,Combined TRACON& Tower with Radar,4,31,21,0,56,0,5,43,0,48,4,36,64,0,104,17,0,17,121
08/21/2015,CPR,WY,ANM,WE,Combined TRACON& Tower with Radar,5,34,19,0,58,0,4,37,0,41,5,38,56,0,99,6,0,6,105
08/22/2015,CPR,WY,ANM,WE,Combined TRACON& Tower with Radar,2,23,17,0,42,0,3,21,0,24,2,26,38,0,66,37,0,37,103
08/23/2015,CPR,WY,ANM,WE,Combined TRACON& Tower with Radar,0,15,15,0,30,0,0,56,0,56,0,15,71,0,86,40,0,40,126
08/24/2015,CPR,WY,ANM,WE,Combined TRACON& Tower with Radar,5,33,19,0,57,0,2,51,0,53,5,35,70,0,110,24,0,24,134
08/25/2015,CPR,WY,ANM,WE,Combined TRACON& Tower with Radar,3,40,25,0,68,0,3,51,0,54,3,43,76,0,122,87,0,87,209
08/26/2015,CPR,WY,ANM,WE,Combined TRACON& Tower with Radar,3,33,25,0,61,0,0,40,0,40,3,33,65,0,101,128,0,128,229
08/27/2015,CPR,WY,ANM,WE,Combined TRACON& Tower with Radar,3,34,19,0,56,0,0,20,0,20,3,34,39,0,76,38,0,38,114
08/28/2015,CPR,WY,ANM,WE,Combined TRACON& Tower with Radar,5,31,25,6,67,0,0,35,0,35,5,31,60,6,102,72,0,72,174
08/29/2015,CPR,WY,ANM,WE,Combined TRACON& Tower with Radar,2,22,11,2,37,0,0,34,0,34,2,22,45,2,71,18,0,18,89
08/30/2015,CPR,WY,ANM,WE,Combined TRACON& Tower with Radar,0,20,7,0,27,0,1,14,0,15,0,21,21,0,42,0,0,0,42
08/31/2015,CPR,WY,ANM,WE,Combined TRACON& Tower with Radar,5,32,19,0,56,0,2,37,0,39,5,34,56,0,95,37,0,37,132
09/01/2015,CPR,WY,ANM,WE,Combined TRACON& Tower with Radar,2,40,15,0,57,0,3,29,0,32,2,43,44,0,89,24,0,24,113
09/02/2015,CPR,WY,ANM,WE,Combined TRACON& Tower with Radar,3,27,13,0,43,0,0,25,0,25,3,27,38,0,68,16,0,16,84
09/03/2015,CPR,WY,ANM,WE,Combined TRACON& Tower with Radar,4,37,19,0,60,0,0,37,0,37,4,37,56,0,97,22,0,22,119
09/04/2015,CPR,WY,ANM,WE,Combined TRACON& Tower with Radar,5,33,5,0,43,0,2,35,0,37,5,35,40,0,80,16,0,16,96
09/05/2015,CPR,WY,ANM,WE,Combined TRACON& Tower with Radar,2,23,2,0,27,0,1,25,0,26,2,24,27,0,53,26,0,26,79
09/06/2015,CPR,WY,ANM,WE,Combined TRACON& Tower with Radar,0,10,5,0,15,0,0,20,0,20,0,10,25,0,35,20,0,20,55
09/07/2015,CPR,WY,ANM,WE,Combined TRACON& Tower with Radar,2,20,10,0,32,0,0,16,0,16,2,20,26,0,48,0,0,0,48
09/08/2015,CPR,WY,ANM,WE,Combined TRACON& Tower with Radar,2,34,26,0,62,0,1,33,0,34,2,35,59,0,96,40,0,40,136
09/09/2015,CPR,WY,ANM,WE,Combined TRACON& Tower with Radar,4,36,13,0,53,0,6,44,0,50,4,42,57,0,103,52,0,52,155
09/10/2015,CPR,WY,ANM,WE,Combined TRACON& Tower with Radar,3,41,21,0,65,0,0,43,0,43,3,41,64,0,108,46,0,46,154
09/11/2015,CPR,WY,ANM,WE,Combined TRACON& Tower with Radar,5,32,12,0,49,0,0,33,0,33,5,32,45,0,82,21,0,21,103
09/12/2015,CPR,WY,ANM,WE,Combined TRACON& Tower with Radar,2,20,8,0,30,0,0,46,0,46,2,20,54,0,76,20,0,20,96
09/13/2015,CPR,WY,ANM,WE,Combined TRACON& Tower with Radar,0,23,14,0,37,0,1,44,0,45,0,24,58,0,82,26,0,26,108
09/14/2015,CPR,WY,ANM,WE,Combined TRACON& Tower with Radar,4,30,15,0,49,0,0,20,0,20,4,30,35,0,69,10,0,10,79
09/15/2015,CPR,WY,ANM,WE,Combined TRACON& Tower with Radar,3,40,12,2,57,0,0,17,0,17,3,40,29,2,74,22,0,22,96
09/16/2015,CPR,WY,ANM,WE,Combined TRACON& Tower with Radar,4,33,16,0,53,0,0,16,0,16,4,33,32,0,69,10,0,10,79
09/17/2015,CPR,WY,ANM,WE,Combined TRACON& Tower with Radar,4,36,20,0,60,0,0,38,0,38,4,36,58,0,98,88,0,88,186
09/18/2015,CPR,WY,ANM,WE,Combined TRACON& Tower with Radar,5,36,20,0,61,0,0,38,0,38,5,36,58,0,99,6,0,6,105
09/19/2015,CPR,WY,ANM,WE,Combined TRACON& Tower with Radar,2,22,6,0,30,0,1,54,0,55,2,23,60,0,85,48,0,48,133
09/20/2015,CPR,WY,ANM,WE,Combined TRACON& Tower with Radar,0,16,14,0,30,0,0,24,0,24,0,16,38,0,54,73,0,73,127
09/21/2015,CPR,WY,ANM,WE,Combined TRACON& Tower with Radar,4,28,26,0,58,0,1,36,0,37,4,29,62,0,95,38,0,38,133
09/22/2015,CPR,WY,ANM,WE,Combined TRACON& Tower with Radar,3,34,22,0,59,0,2,36,0,38,3,36,58,0,97,23,0,23,120
09/23/2015,CPR,WY,ANM,WE,Combined TRACON& Tower with Radar,4,36,22,0,62,0,2,42,0,44,4,38,64,0,106,40,0,40,146
09/24/2015,CPR,WY,ANM,WE,Combined TRACON& Tower with Radar,3,38,21,0,62,0,0,38,0,38,3,38,59,0,100,36,0,36,136
09/25/2015,CPR,WY,ANM,WE,Combined TRACON& Tower with Radar,5,33,16,0,54,0,1,28,0,29,5,34,44,0,83,0,0,0,83
09/26/2015,CPR,WY,ANM,WE,Combined TRACON& Tower with Radar,2,24,7,2,35,0,1,46,0,47,2,25,53,2,82,0,0,0,82
09/27/2015,CPR,WY,ANM,WE,Combined TRACON& Tower with Radar,0,19,11,0,30,0,1,33,0,34,0,20,44,0,64,34,0,34,98
09/28/2015,CPR,WY,ANM,WE,Combined TRACON& Tower with Radar,3,31,12,0,46,0,0,35,0,35,3,31,47,0,81,16,0,16,97
09/29/2015,CPR,WY,ANM,WE,Combined TRACON& Tower with Radar,4,38,14,0,56,0,0,32,0,32,4,38,46,0,88,24,0,24,112
09/30/2015,CPR,WY,ANM,WE,Combined TRACON& Tower with Radar,4,30,34,0,68,0,0,75,0,75,4,30,109,0,143,50,0,50,193
10/01/2015,CPR,WY,ANM,WE,Combined TRACON& Tower with Radar,2,32,20,0,54,0,3,34,0,37,2,35,54,0,91,61,0,61,152
10/02/2015,CPR,WY,ANM,WE,Combined TRACON& Tower with Radar,4,30,19,0,53,0,1,11,0,12,4,31,30,0,65,26,0,26,91
10/03/2015,CPR,WY,ANM,WE,Combined TRACON& Tower with Radar,6,24,19,0,49,0,0,5,0,5,6,24,24,0,54,4,0,4,58
10/04/2015,CPR,WY,ANM,WE,Combined TRACON& Tower with Radar,0,21,9,0,30,0,0,0,0,0,0,21,9,0,30,0,0,0,30
10/05/2015,CPR,WY,ANM,WE,Combined TRACON& Tower with Radar,4,23,14,0,41,0,1,32,0,33,4,24,46,0,74,54,0,54,128
10/06/2015,CPR,WY,ANM,WE,Combined TRACON& Tower with Radar,3,31,18,0,52,0,0,25,0,25,3,31,43,0,77,56,0,56,133
10/07/2015,CPR,WY,ANM,WE,Combined TRACON& Tower with Radar,3,35,22,0,60,0,3,41,0,44,3,38,63,0,104,28,0,28,132
10/08/2015,CPR,WY,ANM,WE,Combined TRACON& Tower with Radar,3,38,25,0,66,0,1,38,0,39,3,39,63,0,105,24,0,24,129
10/09/2015,CPR,WY,ANM,WE,Combined TRACON& Tower with Radar,5,43,17,2,67,0,0,30,0,30,5,43,47,2,97,32,0,32,129
10/10/2015,CPR,WY,ANM,WE,Combined TRACON& Tower with Radar,2,18,0,0,20,0,1,21,0,22,2,19,21,0,42,40,0,40,82
10/11/2015,CPR,WY,ANM,WE,Combined TRACON& Tower with Radar,0,21,8,0,29,0,0,13,2,15,0,21,21,2,44,0,0,0,44
10/12/2015,CPR,WY,ANM,WE,Combined TRACON& Tower with Radar,4,33,27,0,64,0,0,30,0,30,4,33,57,0,94,0,0,0,94
10/13/2015,CPR,WY,ANM,WE,Combined TRACON& Tower with Radar,3,36,13,0,52,0,0,36,0,36,3,36,49,0,88,51,0,51,139
10/14/2015,CPR,WY,ANM,WE,Combined TRACON& Tower with Radar,3,33,23,0,59,0,0,41,0,41,3,33,64,0,100,54,0,54,154
10/15/2015,CPR,WY,ANM,WE,Combined TRACON& Tower with Radar,3,31,14,0,48,0,1,26,0,27,3,32,40,0,75,54,0,54,129
10/16/2015,CPR,WY,ANM,WE,Combined TRACON& Tower with Radar,5,33,17,4,59,0,0,48,0,48,5,33,65,4,107,24,0,24,131
10/17/2015,CPR,WY,ANM,WE,Combined TRACON& Tower with Radar,2,23,8,2,35,0,0,35,0,35,2,23,43,2,70,30,0,30,100
10/18/2015,CPR,WY,ANM,WE,Combined TRACON& Tower with Radar,0,15,6,4,25,0,0,24,0,24,0,15,30,4,49,32,0,32,81
10/19/2015,CPR,WY,ANM,WE,Combined TRACON& Tower with Radar,4,26,27,0,57,0,0,27,0,27,4,26,54,0,84,6,0,6,90
10/20/2015,CPR,WY,ANM,WE,Combined TRACON& Tower with Radar,3,37,25,2,67,0,3,41,0,44,3,40,66,2,111,28,0,28,139
10/21/2015,CPR,WY,ANM,WE,Combined TRACON& Tower with Radar,3,34,17,0,54,0,0,30,0,30,3,34,47,0,84,77,0,77,161
10/22/2015,CPR,WY,ANM,WE,Combined TRACON& Tower with Radar,3,37,16,6,62,0,1,12,0,13,3,38,28,6,75,16,8,24,99
10/23/2015,CPR,WY,ANM,WE,Combined TRACON& Tower with Radar,5,35,20,2,62,0,0,21,0,21,5,35,41,2,83,15,0,15,98
10/24/2015,CPR,WY,ANM,WE,Combined TRACON& Tower with Radar,2,21,6,0,29,0,2,25,0,27,2,23,31,0,56,23,0,23,79
10/25/2015,CPR,WY,ANM,WE,Combined TRACON& Tower with Radar,0,23,4,2,29,0,0,25,0,25,0,23,29,2,54,22,0,22,76
10/26/2015,CPR,WY,ANM,WE,Combined TRACON& Tower with Radar,4,31,19,0,54,0,0,16,0,16,4,31,35,0,70,0,0,0,70
10/27/2015,CPR,WY,ANM,WE,Combined TRACON& Tower with Radar,4,42,12,0,58,0,0,5,0,5,4,42,17,0,63,0,0,0,63
10/28/2015,CPR,WY,ANM,WE,Combined TRACON& Tower with Radar,4,34,21,0,59,0,0,38,0,38,4,34,59,0,97,33,0,33,130
10/29/2015,CPR,WY,ANM,WE,Combined TRACON& Tower with Radar,4,34,16,0,54,0,0,28,0,28,4,34,44,0,82,30,0,30,112
10/30/2015,CPR,WY,ANM,WE,Combined TRACON& Tower with Radar,5,37,15,6,63,0,0,37,1,38,5,37,52,7,101,4,0,4,105
10/31/2015,CPR,WY,ANM,WE,Combined TRACON& Tower with Radar,2,15,3,0,20,0,0,14,0,14,2,15,17,0,34,25,0,25,59
11/01/2015,CPR,WY,ANM,WE,Combined TRACON& Tower with Radar,0,21,4,0,25,0,1,8,0,9,0,22,12,0,34,2,0,2,36
11/02/2015,CPR,WY,ANM,WE,Combined TRACON& Tower with Radar,4,27,19,0,50,0,0,21,0,21,4,27,40,0,71,0,0,0,71
11/03/2015,CPR,WY,ANM,WE,Combined TRACON& Tower with Radar,4,34,13,0,51,0,3,20,0,23,4,37,33,0,74,8,0,8,82
11/04/2015,CPR,WY,ANM,WE,Combined TRACON& Tower with Radar,3,32,17,0,52,0,0,0,0,0,3,32,17,0,52,0,0,0,52
11/05/2015,CPR,WY,ANM,WE,Combined TRACON& Tower with Radar,2,36,24,0,62,0,3,24,0,27,2,39,48,0,89,42,0,42,131
11/06/2015,CPR,WY,ANM,WE,Combined TRACON& Tower with Radar,10,30,14,6,60,0,2,11,0,13,10,32,25,6,73,0,0,0,73
11/07/2015,CPR,WY,ANM,WE,Combined TRACON& Tower with Radar,2,25,5,0,32,0,1,31,0,32,2,26,36,0,64,24,0,24,88
11/08/2015,CPR,WY,ANM,WE,Combined TRACON& Tower with Radar,0,16,6,0,22,0,0,6,0,6,0,16,12,0,28,0,0,0,28
11/09/2015,CPR,WY,ANM,WE,Combined TRACON& Tower with Radar,6,31,5,0,42,0,2,20,0,22,6,33,25,0,64,0,0,0,64
11/10/2015,CPR,WY,ANM,WE,Combined TRACON& Tower with Radar,3,39,24,0,66,0,1,23,0,24,3,40,47,0,90,43,0,43,133
11/11/2015,CPR,WY,ANM,WE,Combined TRACON& Tower with Radar,4,35,12,0,51,0,0,13,0,13,4,35,25,0,64,36,0,36,100
11/12/2015,CPR,WY,ANM,WE,Combined TRACON& Tower with Radar,3,37,18,0,58,0,1,32,0,33,3,38,50,0,91,20,0,20,111
11/13/2015,CPR,WY,ANM,WE,Combined TRACON& Tower with Radar,8,44,14,0,66,0,4,10,0,14,8,48,24,0,80,32,0,32,112
11/14/2015,CPR,WY,ANM,WE,Combined TRACON& Tower with Radar,2,18,9,0,29,0,3,22,0,25,2,21,31,0,54,16,0,16,70
11/15/2015,CPR,WY,ANM,WE,Combined TRACON& Tower with Radar,0,20,12,0,32,0,0,29,0,29,0,20,41,0,61,0,0,0,61
11/16/2015,CPR,WY,ANM,WE,Combined TRACON& Tower with Radar,4,28,15,0,47,0,0,7,0,7,4,28,22,0,54,0,0,0,54
11/17/2015,CPR,WY,ANM,WE,Combined TRACON& Tower with Radar,3,35,17,2,57,0,0,33,0,33,3,35,50,2,90,39,0,39,129
11/18/2015,CPR,WY,ANM,WE,Combined TRACON& Tower with Radar,4,24,15,12,55,0,0,4,0,4,4,24,19,12,59,0,0,0,59
11/19/2015,CPR,WY,ANM,WE,Combined TRACON& Tower with Radar,3,36,19,0,58,0,0,32,0,32,3,36,51,0,90,90,0,90,180
11/20/2015,CPR,WY,ANM,WE,Combined TRACON& Tower with Radar,6,34,15,0,55,0,0,0,0,0,6,34,15,0,55,0,0,0,55
11/21/2015,CPR,WY,ANM,WE,Combined TRACON& Tower with Radar,2,18,6,0,26,0,1,23,0,24,2,19,29,0,50,0,0,0,50
11/22/2015,CPR,WY,ANM,WE,Combined TRACON& Tower with Radar,0,15,4,0,19,0,0,20,0,20,0,15,24,0,39,12,0,12,51
11/23/2015,CPR,WY,ANM,WE,Combined TRACON& Tower with Radar,4,31,10,0,45,0,0,36,0,36,4,31,46,0,81,0,0,0,81
11/24/2015,CPR,WY,ANM,WE,Combined TRACON& Tower with Radar,3,40,16,4,63,0,0,30,7,37,3,40,46,11,100,14,26,40,140
11/25/2015,CPR,WY,ANM,WE,Combined TRACON& Tower with Radar,2,30,3,0,35,0,0,0,0,0,2,30,3,0,35,0,0,0,35
11/26/2015,CPR,WY,ANM,WE,Combined TRACON& Tower with Radar,0,10,1,0,11,0,0,0,0,0,0,10,1,0,11,0,0,0,11
11/27/2015,CPR,WY,ANM,WE,Combined TRACON& Tower with Radar,4,24,1,10,39,0,0,15,0,15,4,24,16,10,54,14,0,14,68
11/28/2015,CPR,WY,ANM,WE,Combined TRACON& Tower with Radar,2,26,4,0,32,0,0,8,0,8,2,26,12,0,40,4,0,4,44
11/29/2015,CPR,WY,ANM,WE,Combined TRACON& Tower with Radar,0,23,8,0,31,0,0,0,0,0,0,23,8,0,31,0,0,0,31
11/30/2015,CPR,WY,ANM,WE,Combined TRACON& Tower with Radar,3,31,11,0,45,0,1,20,0,21,3,32,31,0,66,10,0,10,76
12/01/2015,CPR,WY,ANM,WE,Combined TRACON& Tower with Radar,5,37,20,0,62,0,2,30,0,32,5,39,50,0,94,15,0,15,109
12/02/2015,CPR,WY,ANM,WE,Combined TRACON& Tower with Radar,5,40,21,0,66,0,0,25,0,25,5,40,46,0,91,0,0,0,91
12/03/2015,CPR,WY,ANM,WE,Combined TRACON& Tower with Radar,8,35,25,0,68,0,6,37,0,43,8,41,62,0,111,34,0,34,145
12/04/2015,CPR,WY,ANM,WE,Combined TRACON& Tower with Radar,7,44,13,0,64,0,0,18,1,19,7,44,31,1,83,14,8,22,105
12/05/2015,CPR,WY,ANM,WE,Combined TRACON& Tower with Radar,2,21,2,0,25,0,0,23,0,23,2,21,25,0,48,10,0,10,58
12/06/2015,CPR,WY,ANM,WE,Combined TRACON& Tower with Radar,2,23,17,2,44,0,0,11,0,11,2,23,28,2,55,0,0,0,55
12/07/2015,CPR,WY,ANM,WE,Combined TRACON& Tower with Radar,3,30,14,0,47,0,2,4,0,6,3,32,18,0,53,0,0,0,53
12/08/2015,CPR,WY,ANM,WE,Combined TRACON& Tower with Radar,5,42,15,0,62,0,8,19,0,27,5,50,34,0,89,36,0,36,125
12/09/2015,CPR,WY,ANM,WE,Combined TRACON& Tower with Radar,4,34,20,0,58,0,2,15,0,17,4,36,35,0,75,24,0,24,99
12/10/2015,CPR,WY,ANM,WE,Combined TRACON& Tower with Radar,7,33,15,0,55,0,0,21,0,21,7,33,36,0,76,0,0,0,76
12/11/2015,CPR,WY,ANM,WE,Combined TRACON& Tower with Radar,8,33,21,0,62,0,0,44,0,44,8,33,65,0,106,44,0,44,150
12/12/2015,CPR,WY,ANM,WE,Combined TRACON& Tower with Radar,2,21,3,0,26,0,0,0,0,0,2,21,3,0,26,0,0,0,26
12/13/2015,CPR,WY,ANM,WE,Combined TRACON& Tower with Radar,2,10,2,0,14,0,0,14,0,14,2,10,16,0,28,22,0,22,50
12/14/2015,CPR,WY,ANM,WE,Combined TRACON& Tower with Radar,5,25,23,0,53,0,1,10,0,11,5,26,33,0,64,16,0,16,80
12/15/2015,CPR,WY,ANM,WE,Combined TRACON& Tower with Radar,5,22,2,0,29,0,0,0,0,0,5,22,2,0,29,0,0,0,29
12/16/2015,CPR,WY,ANM,WE,Combined TRACON& Tower with Radar,5,39,20,0,64,0,3,11,0,14,5,42,31,0,78,0,0,0,78
12/17/2015,CPR,WY,ANM,WE,Combined TRACON& Tower with Radar,5,43,26,0,74,0,4,21,0,25,5,47,47,0,99,30,0,30,129
12/18/2015,CPR,WY,ANM,WE,Combined TRACON& Tower with Radar,8,42,19,0,69,0,0,9,0,9,8,42,28,0,78,24,0,24,102
12/19/2015,CPR,WY,ANM,WE,Combined TRACON& Tower with Radar,2,23,6,0,31,0,2,3,0,5,2,25,9,0,36,18,0,18,54
12/20/2015,CPR,WY,ANM,WE,Combined TRACON& Tower with Radar,0,13,3,0,16,0,0,11,0,11,0,13,14,0,27,14,0,14,41
12/21/2015,CPR,WY,ANM,WE,Combined TRACON& Tower with Radar,3,33,11,7,54,0,0,29,0,29,3,33,40,7,83,30,0,30,113
12/22/2015,CPR,WY,ANM,WE,Combined TRACON& Tower with Radar,6,36,6,0,48,0,0,13,0,13,6,36,19,0,61,24,0,24,85
12/23/2015,CPR,WY,ANM,WE,Combined TRACON& Tower with Radar,4,39,12,0,55,0,0,17,0,17,4,39,29,0,72,20,0,20,92
12/24/2015,CPR,WY,ANM,WE,Combined TRACON& Tower with Radar,7,30,10,0,47,0,0,9,0,9,7,30,19,0,56,4,0,4,60
12/25/2015,CPR,WY,ANM,WE,Combined TRACON& Tower with Radar,0,15,1,0,16,0,0,0,0,0,0,15,1,0,16,0,0,0,16
12/26/2015,CPR,WY,ANM,WE,Combined TRACON& Tower with Radar,1,17,1,0,19,0,0,0,0,0,1,17,1,0,19,0,0,0,19
12/27/2015,CPR,WY,ANM,WE,Combined TRACON& Tower with Radar,0,20,11,0,31,0,0,6,0,6,0,20,17,0,37,0,0,0,37
12/28/2015,CPR,WY,ANM,WE,Combined TRACON& Tower with Radar,3,22,12,0,37,0,0,16,0,16,3,22,28,0,53,0,0,0,53
12/29/2015,CPR,WY,ANM,WE,Combined TRACON& Tower with Radar,5,36,19,0,60,0,1,16,0,17,5,37,35,0,77,4,0,4,81
12/30/2015,CPR,WY,ANM,WE,Combined TRACON& Tower with Radar,5,31,12,0,48,0,0,18,0,18,5,31,30,0,66,38,0,38,104
12/31/2015,CPR,WY,ANM,WE,Combined TRACON& Tower with Radar,8,26,6,0,40,0,5,19,0,24,8,31,25,0,64,18,0,18,82
01/01/2016,CPR,WY,ANM,WE,Combined TRACON& Tower with Radar,0,17,5,0,22,0,0,10,0,10,0,17,15,0,32,0,0,0,32
01/02/2016,CPR,WY,ANM,WE,Combined TRACON& Tower with Radar,1,22,7,0,30,0,0,12,0,12,1,22,19,0,42,0,0,0,42
01/03/2016,CPR,WY,ANM,WE,Combined TRACON& Tower with Radar,2,19,13,0,34,0,0,13,0,13,2,19,26,0,47,20,0,20,67
01/04/2016,CPR,WY,ANM,WE,Combined TRACON& Tower with Radar,4,33,10,0,47,0,0,16,0,16,4,33,26,0,63,6,0,6,69
01/05/2016,CPR,WY,ANM,WE,Combined TRACON& Tower with Radar,2,34,16,0,52,0,0,20,0,20,2,34,36,0,72,24,0,24,96
01/06/2016,CPR,WY,ANM,WE,Combined TRACON& Tower with Radar,3,33,21,0,57,0,1,18,0,19,3,34,39,0,76,0,4,4,80
01/07/2016,CPR,WY,ANM,WE,Combined TRACON& Tower with Radar,2,24,18,0,44,0,0,8,0,8,2,24,26,0,52,10,0,10,62
01/08/2016,CPR,WY,ANM,WE,Combined TRACON& Tower with Radar,7,33,18,0,58,0,0,0,0,0,7,33,18,0,58,0,0,0,58
01/09/2016,CPR,WY,ANM,WE,Combined TRACON& Tower with Radar,2,21,2,0,25,0,0,19,0,19,2,21,21,0,44,17,0,17,61
01/10/2016,CPR,WY,ANM,WE,Combined TRACON& Tower with Radar,0,14,3,1,18,0,0,16,4,20,0,14,19,5,38,16,0,16,54
01/11/2016,CPR,WY,ANM,WE,Combined TRACON& Tower with Radar,3,25,14,0,42,0,0,16,0,16,3,25,30,0,58,0,0,0,58
01/12/2016,CPR,WY,ANM,WE,Combined TRACON& Tower with Radar,4,33,16,0,53,0,0,21,0,21,4,33,37,0,74,8,0,8,82
01/13/2016,CPR,WY,ANM,WE,Combined TRACON& Tower with Radar,4,34,19,0,57,0,0,25,0,25,4,34,44,0,82,0,0,0,82
01/14/2016,CPR,WY,ANM,WE,Combined TRACON& Tower with Radar,3,35,16,0,54,0,4,19,0,23,3,39,35,0,77,26,0,26,103
01/15/2016,CPR,WY,ANM,WE,Combined TRACON& Tower with Radar,5,32,15,2,54,0,0,17,0,17,5,32,32,2,71,8,0,8,79
01/16/2016,CPR,WY,ANM,WE,Combined TRACON& Tower with Radar,2,20,8,0,30,0,0,22,0,22,2,20,30,0,52,0,0,0,52
01/17/2016,CPR,WY,ANM,WE,Combined TRACON& Tower with Radar,0,11,5,0,16,0,0,16,0,16,0,11,21,0,32,0,0,0,32
01/18/2016,CPR,WY,ANM,WE,Combined TRACON& Tower with Radar,4,28,10,0,42,0,0,19,0,19,4,28,29,0,61,10,0,10,71
01/19/2016,CPR,WY,ANM,WE,Combined TRACON& Tower with Radar,3,38,21,0,62,0,1,49,1,51,3,39,70,1,113,56,0,56,169
01/20/2016,CPR,WY,ANM,WE,Combined TRACON& Tower with Radar,4,37,15,0,56,0,0,17,0,17,4,37,32,0,73,49,0,49,122
01/21/2016,CPR,WY,ANM,WE,Combined TRACON& Tower with Radar,4,32,25,0,61,0,1,36,0,37,4,33,61,0,98,60,0,60,158
01/22/2016,CPR,WY,ANM,WE,Combined TRACON& Tower with Radar,8,30,12,0,50,0,4,22,0,26,8,34,34,0,76,14,0,14,90
01/23/2016,CPR,WY,ANM,WE,Combined TRACON& Tower with Radar,2,20,4,0,26,0,0,5,0,5,2,20,9,0,31,0,0,0,31
01/24/2016,CPR,WY,ANM,WE,Combined TRACON& Tower with Radar,0,13,8,0,21,0,0,0,0,0,0,13,8,0,21,0,0,0,21
01/25/2016,CPR,WY,ANM,WE,Combined TRACON& Tower with Radar,4,28,13,0,45,0,0,16,0,16,4,28,29,0,61,0,0,0,61
01/26/2016,CPR,WY,ANM,WE,Combined TRACON& Tower with Radar,4,34,14,0,52,0,1,25,0,26,4,35,39,0,78,36,0,36,114
01/27/2016,CPR,WY,ANM,WE,Combined TRACON& Tower with Radar,4,34,20,0,58,0,0,29,0,29,4,34,49,0,87,14,0,14,101
01/28/2016,CPR,WY,ANM,WE,Combined TRACON& Tower with Radar,3,33,18,0,54,0,2,28,0,30,3,35,46,0,84,14,0,14,98
01/29/2016,CPR,WY,ANM,WE,Combined TRACON& Tower with Radar,5,29,13,0,47,0,3,25,0,28,5,32,38,0,75,12,0,12,87
01/30/2016,CPR,WY,ANM,WE,Combined TRACON& Tower with Radar,2,21,10,0,33,0,0,0,0,0,2,21,10,0,33,0,0,0,33
01/31/2016,CPR,WY,ANM,WE,Combined TRACON& Tower with Radar,0,12,6,0,18,0,0,16,0,16,0,12,22,0,34,14,0,14,48
02/01/2016,CPR,WY,ANM,WE,Combined TRACON& Tower with Radar,5,22,2,0,29,0,0,0,0,0,5,22,2,0,29,0,0,0,29
02/02/2016,CPR,WY,ANM,WE,Combined TRACON& Tower with Radar,3,39,15,0,57,0,0,1,0,1,3,39,16,0,58,0,0,0,58
02/03/2016,CPR,WY,ANM,WE,Combined TRACON& Tower with Radar,4,35,25,0,64,0,5,21,0,26,4,40,46,0,90,5,0,5,95
02/04/2016,CPR,WY,ANM,WE,Combined TRACON& Tower with Radar,4,27,13,0,44,0,0,16,0,16,4,27,29,0,60,22,0,22,82
02/05/2016,CPR,WY,ANM,WE,Combined TRACON& Tower with Radar,5,37,16,0,58,0,0,41,0,41,5,37,57,0,99,37,0,37,136
02/06/2016,CPR,WY,ANM,WE,Combined TRACON& Tower with Radar,1,18,1,0,20,0,2,5,0,7,1,20,6,0,27,0,0,0,27
02/07/2016,CPR,WY,ANM,WE,Combined TRACON& Tower with Radar,0,7,11,0,18,0,0,14,0,14,0,7,25,0,32,26,0,26,58
02/08/2016,CPR,WY,ANM,WE,Combined TRACON& Tower with Radar,5,22,7,0,34,0,1,29,0,30,5,23,36,0,64,4,0,4,68
02/09/2016,CPR,WY,ANM,WE,Combined TRACON& Tower with Radar,4,35,35,0,74,0,0,45,0,45,4,35,80,0,119,66,0,66,185
02/10/2016,CPR,WY,ANM,WE,Combined TRACON& Tower with Radar,4,39,20,0,63,0,2,30,0,32,4,41,50,0,95,4,0,4,99
02/11/2016,CPR,WY,ANM,WE,Combined TRACON& Tower with Radar,3,28,31,0,62,0,0,44,0,44,3,28,75,0,106,60,0,60,166
02/12/2016,CPR,WY,ANM,WE,Combined TRACON& Tower with Radar,7,34,24,4,69,0,4,44,0,48,7,38,68,4,117,24,2,26,143
02/13/2016,CPR,WY,ANM,WE,Combined TRACON& Tower with Radar,2,19,9,0,30,0,0,13,0,13,2,19,22,0,43,10,0,10,53
02/14/2016,CPR,WY,ANM,WE,Combined TRACON& Tower with Radar,0,4,0,0,4,0,0,2,0,2,0,4,2,0,6,0,0,0,6
02/15/2016,CPR,WY,ANM,WE,Combined TRACON& Tower with Radar,4,31,9,0,44,0,2,13,0,15,4,33,22,0,59,10,0,10,69
02/16/2016,CPR,WY,ANM,WE,Combined TRACON& Tower with Radar,4,36,18,2,60,0,3,34,0,37,4,39,52,2,97,46,0,46,143
02/17/2016,CPR,WY,ANM,WE,Combined TRACON& Tower with Radar,4,33,24,13,74,0,2,27,0,29,4,35,51,13,103,26,10,36,139
02/18/2016,CPR,WY,ANM,WE,Combined TRACON& Tower with Radar,5,23,26,0,54,0,0,4,0,4,5,23,30,0,58,0,0,0,58
02/19/2016,CPR,WY,ANM,WE,Combined TRACON& Tower with Radar,4,30,10,0,44,0,14,7,0,21,4,44,17,0,65,0,0,0,65
02/20/2016,CPR,WY,ANM,WE,Combined TRACON& Tower with Radar,2,17,14,0,33,0,3,13,0,16,2,20,27,0,49,32,0,32,81
02/21/2016,CPR,WY,ANM,WE,Combined TRACON& Tower with Radar,2,21,9,2,34,0,1,37,0,38,2,22,46,2,72,20,0,20,92
02/22/2016,CPR,WY,ANM,WE,Combined TRACON& Tower with Radar,2,28,6,3,39,0,0,12,0,12,2,28,18,3,51,18,0,18,69
02/23/2016,CPR,WY,ANM,WE,Combined TRACON& Tower with Radar,3,32,10,0,45,0,0,18,0,18,3,32,28,0,63,39,0,39,102
02/24/2016,CPR,WY,ANM,WE,Combined TRACON& Tower with Radar,4,27,8,0,39,0,4,34,0,38,4,31,42,0,77,26,0,26,103
02/25/2016,CPR,WY,ANM,WE,Combined TRACON& Tower with Radar,6,33,22,2,63,0,0,47,0,47,6,33,69,2,110,66,0,66,176
02/26/2016,CPR,WY,ANM,WE,Combined TRACON& Tower with Radar,3,32,20,0,55,0,4,27,0,31,3,36,47,0,86,26,0,26,112
02/27/2016,CPR,WY,ANM,WE,Combined TRACON& Tower with Radar,2,18,6,0,26,0,1,2,0,3,2,19,8,0,29,0,0,0,29
02/28/2016,CPR,WY,ANM,WE,Combined TRACON& Tower with Radar,2,18,3,1,24,0,0,25,1,26,2,18,28,2,50,12,0,12,62
02/29/2016,CPR,WY,ANM,WE,Combined TRACON& Tower with Radar,2,27,8,1,38,0,1,9,0,10,2,28,17,1,48,12,0,12,60
03/01/2016,CPR,WY,ANM,WE,Combined TRACON& Tower with Radar,4,35,20,2,61,0,2,32,0,34,4,37,52,2,95,48,0,48,143
03/02/2016,CPR,WY,ANM,WE,Combined TRACON& Tower with Radar,4,27,23,0,54,0,0,10,0,10,4,27,33,0,64,0,0,0,64
03/03/2016,CPR,WY,ANM,WE,Combined TRACON& Tower with Radar,6,27,19,0,52,0,4,27,0,31,6,31,46,0,83,38,0,38,121
03/04/2016,CPR,WY,ANM,WE,Combined TRACON& Tower with Radar,6,27,13,0,46,0,0,47,0,47,6,27,60,0,93,28,0,28,121
03/05/2016,CPR,WY,ANM,WE,Combined TRACON& Tower with Radar,2,20,5,0,27,0,2,28,0,30,2,22,33,0,57,26,0,26,83
03/06/2016,CPR,WY,ANM,WE,Combined TRACON& Tower with Radar,2,16,7,0,25,0,2,16,0,18,2,18,23,0,43,13,0,13,56
03/07/2016,CPR,WY,ANM,WE,Combined TRACON& Tower with Radar,4,23,13,0,40,0,0,0,0,0,4,23,13,0,40,0,0,0,40
03/08/2016,CPR,WY,ANM,WE,Combined TRACON& Tower with Radar,3,28,16,0,47,0,0,28,0,28,3,28,44,0,75,18,0,18,93
03/09/2016,CPR,WY,ANM,WE,Combined TRACON& Tower with Radar,4,33,29,0,66,0,1,22,0,23,4,34,51,0,89,18,0,18,107
03/10/2016,CPR,WY,ANM,WE,Combined TRACON& Tower with Radar,6,38,15,0,59,0,0,37,0,37,6,38,52,0,96,12,0,12,108
03/11/2016,CPR,WY,ANM,WE,Combined TRACON& Tower with Radar,4,48,19,0,71,0,0,21,0,21,4,48,40,0,92,12,4,16,108
03/12/2016,CPR,WY,ANM,WE,Combined TRACON& Tower with Radar,2,20,7,0,29,0,0,12,0,12,2,20,19,0,41,4,0,4,45
03/13/2016,CPR,WY,ANM,WE,Combined TRACON& Tower with Radar,4,17,6,2,29,0,1,6,0,7,4,18,12,2,36,0,0,0,36
03/14/2016,CPR,WY,ANM,WE,Combined TRACON& Tower with Radar,2,29,9,3,43,0,0,7,0,7,2,29,16,3,50,12,0,12,62
03/15/2016,CPR,WY,ANM,WE,Combined TRACON& Tower with Radar,3,31,11,0,45,0,2,15,0,17,3,33,26,0,62,6,0,6,68
03/16/2016,CPR,WY,ANM,WE,Combined TRACON& Tower with Radar,4,40,20,1,65,0,1,19,3,23,4,41,39,4,88,44,0,44,132
03/17/2016,CPR,WY,ANM,WE,Combined TRACON& Tower with Radar,7,31,30,0,68,0,0,25,0,25,7,31,55,0,93,28,0,28,121
03/18/2016,CPR,WY,ANM,WE,Combined TRACON& Tower with Radar,3,30,11,0,44,0,0,19,0,19,3,30,30,0,63,6,0,6,69
03/19/2016,CPR,WY,ANM,WE,Combined TRACON& Tower with Radar,2,20,4,1,27,0,1,30,0,31,2,21,34,1,58,6,0,6,64
03/20/2016,CPR,WY,ANM,WE,Combined TRACON& Tower with Radar,2,17,4,6,29,0,2,13,0,15,2,19,17,6,44,12,0,12,56
03/21/2016,CPR,WY,ANM,WE,Combined TRACON& Tower with Radar,2,26,6,1,35,0,1,12,0,13,2,27,18,1,48,0,0,0,48
03/22/2016,CPR,WY,ANM,WE,Combined TRACON& Tower with Radar,4,31,17,0,52,0,0,6,0,6,4,31,23,0,58,0,0,0,58
03/23/2016,CPR,WY,ANM,WE,Combined TRACON& Tower with Radar,3,26,10,0,39,0,0,2,0,2,3,26,12,0,41,10,0,10,51
03/24/2016,CPR,WY,ANM,WE,Combined TRACON& Tower with Radar,6,40,18,6,70,0,3,24,0,27,6,43,42,6,97,18,0,18,115
03/25/2016,CPR,WY,ANM,WE,Combined TRACON& Tower with Radar,4,30,12,0,46,0,0,1,0,1,4,30,13,0,47,0,0,0,47
03/26/2016,CPR,WY,ANM,WE,Combined TRACON& Tower with Radar,2,15,2,0,19,0,2,22,0,24,2,17,24,0,43,18,0,18,61
03/27/2016,CPR,WY,ANM,WE,Combined TRACON& Tower with Radar,2,21,5,2,30,0,0,23,0,23,2,21,28,2,53,8,0,8,61
03/28/2016,CPR,WY,ANM,WE,Combined TRACON& Tower with Radar,2,30,15,2,49,0,1,27,0,28,2,31,42,2,77,4,0,4,81
03/29/2016,CPR,WY,ANM,WE,Combined TRACON& Tower with Radar,2,24,13,0,39,0,0,0,0,0,2,24,13,0,39,0,0,0,39
03/30/2016,CPR,WY,ANM,WE,Combined TRACON& Tower with Radar,1,20,9,0,30,0,0,1,0,1,1,20,10,0,31,0,0,0,31
03/31/2016,CPR,WY,ANM,WE,Combined TRACON& Tower with Radar,5,39,18,0,62,0,0,10,0,10,5,39,28,0,72,0,0,0,72
04/01/2016,CPR,WY,ANM,WE,Combined TRACON& Tower with Radar,3,39,13,0,55,0,4,38,0,42,3,43,51,0,97,36,0,36,133
04/02/2016,CPR,WY,ANM,WE,Combined TRACON& Tower with Radar,2,16,10,0,28,0,0,23,0,23,2,16,33,0,51,4,0,4,55
04/03/2016,CPR,WY,ANM,WE,Combined TRACON& Tower with Radar,2,14,6,0,22,0,2,14,0,16,2,16,20,0,38,4,0,4,42
04/04/2016,CPR,WY,ANM,WE,Combined TRACON& Tower with Radar,2,27,10,0,39,0,3,32,0,35,2,30,42,0,74,18,0,18,92
04/05/2016,CPR,WY,ANM,WE,Combined TRACON& Tower with Radar,3,29,16,0,48,0,0,13,6,19,3,29,29,6,67,0,36,36,103
04/06/2016,CPR,WY,ANM,WE,Combined TRACON& Tower with Radar,4,29,15,0,48,0,2,20,0,22,4,31,35,0,70,4,0,4,74
04/07/2016,CPR,WY,ANM,WE,Combined TRACON& Tower with Radar,6,29,16,0,51,0,5,38,0,43,6,34,54,0,94,26,0,26,120
04/08/2016,CPR,WY,ANM,WE,Combined TRACON& Tower with Radar,4,26,15,0,45,0,1,55,0,56,4,27,70,0,101,54,0,54,155
04/09/2016,CPR,WY,ANM,WE,Combined TRACON& Tower with Radar,2,16,8,0,26,0,0,12,0,12,2,16,20,0,38,0,0,0,38
04/10/2016,CPR,WY,ANM,WE,Combined TRACON& Tower with Radar,2,17,3,0,22,0,0,6,0,6,2,17,9,0,28,0,0,0,28
04/11/2016,CPR,WY,ANM,WE,Combined TRACON& Tower with Radar,2,26,13,0,41,0,2,36,0,38,2,28,49,0,79,24,0,24,103
04/12/2016,CPR,WY,ANM,WE,Combined TRACON& Tower with Radar,4,29,22,0,55,0,1,42,0,43,4,30,64,0,98,14,0,14,112
04/13/2016,CPR,WY,ANM,WE,Combined TRACON& Tower with Radar,4,27,26,1,58,0,0,47,0,47,4,27,73,1,105,8,0,8,113
04/14/2016,CPR,WY,ANM,WE,Combined TRACON& Tower with Radar,5,38,11,0,54,0,2,22,0,24,5,40,33,0,78,0,0,0,78
04/15/2016,CPR,WY,ANM,WE,Combined TRACON& Tower with Radar,3,28,16,0,47,0,1,18,0,19,3,29,34,0,66,22,0,22,88
04/16/2016,CPR,WY,ANM,WE,Combined TRACON& Tower with Radar,2,17,9,0,28,0,0,7,0,7,2,17,16,0,35,26,0,26,61
04/17/2016,CPR,WY,ANM,WE,Combined TRACON& Tower with Radar,2,15,6,0,23,0,0,0,0,0,2,15,6,0,23,0,0,0,23
04/18/2016,CPR,WY,ANM,WE,Combined TRACON& Tower with Radar,2,24,7,0,33,0,0,1,0,1,2,24,8,0,34,0,0,0,34
04/19/2016,CPR,WY,ANM,WE,Combined TRACON& Tower with Radar,3,27,11,0,41,0,1,18,0,19,3,28,29,0,60,4,0,4,64
04/20/2016,CPR,WY,ANM,WE,Combined TRACON& Tower with Radar,3,28,30,0,61,0,3,37,0,40,3,31,67,0,101,14,0,14,115
04/21/2016,CPR,WY,ANM,WE,Combined TRACON& Tower with Radar,6,35,12,4,57,0,8,47,0,55,6,43,59,4,112,8,0,8,120
04/22/2016,CPR,WY,ANM,WE,Combined TRACON& Tower with Radar,3,30,10,0,43,0,1,41,0,42,3,31,51,0,85,20,0,20,105
04/23/2016,CPR,WY,ANM,WE,Combined TRACON& Tower with Radar,4,14,7,0,25,0,0,17,0,17,4,14,24,0,42,0,0,0,42
04/24/2016,CPR,WY,ANM,WE,Combined TRACON& Tower with Radar,6,15,10,0,31,0,0,0,0,0,6,15,10,0,31,0,0,0,31
04/25/2016,CPR,WY,ANM,WE,Combined TRACON& Tower with Radar,4,33,22,0,59,0,2,18,0,20,4,35,40,0,79,26,0,26,105
04/26/2016,CPR,WY,ANM,WE,Combined TRACON& Tower with Radar,2,26,10,0,38,0,0,0,0,0,2,26,10,0,38,0,0,0,38
04/27/2016,CPR,WY,ANM,WE,Combined TRACON& Tower with Radar,6,29,13,4,52,0,0,11,0,11,6,29,24,4,63,4,26,30,93
04/28/2016,CPR,WY,ANM,WE,Combined TRACON& Tower with Radar,5,31,18,0,54,0,3,2,1,6,5,34,20,1,60,0,0,0,60
04/29/2016,CPR,WY,ANM,WE,Combined TRACON& Tower with Radar,2,30,11,0,43,0,0,4,0,4,2,30,15,0,47,0,0,0,47
04/30/2016,CPR,WY,ANM,WE,Combined TRACON& Tower with Radar,2,18,5,0,25,0,0,0,0,0,2,18,5,0,25,0,0,0,25
05/01/2016,CPR,WY,ANM,WE,Combined TRACON& Tower with Radar,2,15,8,0,25,0,1,18,0,19,2,16,26,0,44,12,0,12,56
05/02/2016,CPR,WY,ANM,WE,Combined TRACON& Tower with Radar,2,23,16,0,41,0,1,38,0,39,2,24,54,0,80,93,0,93,173
05/03/2016,CPR,WY,ANM,WE,Combined TRACON& Tower with Radar,4,29,10,0,43,0,0,45,0,45,4,29,55,0,88,82,0,82,170
05/04/2016,CPR,WY,ANM,WE,Combined TRACON& Tower with Radar,3,33,11,0,47,0,2,45,0,47,3,35,56,0,94,6,0,6,100
05/05/2016,CPR,WY,ANM,WE,Combined TRACON& Tower with Radar,5,29,24,0,58,0,1,43,0,44,5,30,67,0,102,12,0,12,114
05/06/2016,CPR,WY,ANM,WE,Combined TRACON& Tower with Radar,2,30,7,0,39,0,0,24,0,24,2,30,31,0,63,18,0,18,81
05/07/2016,CPR,WY,ANM,WE,Combined TRACON& Tower with Radar,2,17,5,0,24,0,0,2,0,2,2,17,7,0,26,12,0,12,38
05/08/2016,CPR,WY,ANM,WE,Combined TRACON& Tower with Radar,2,13,4,0,19,0,0,0,0,0,2,13,4,0,19,0,0,0,19
05/09/2016,CPR,WY,ANM,WE,Combined TRACON& Tower with Radar,2,26,15,0,43,0,1,31,0,32,2,27,46,0,75,6,0,6,81
05/10/2016,CPR,WY,ANM,WE,Combined TRACON& Tower with Radar,4,42,19,0,65,0,0,6,0,6,4,42,25,0,71,6,0,6,77
05/11/2016,CPR,WY,ANM,WE,Combined TRACON& Tower with Radar,7,26,20,0,53,0,0,25,0,25,7,26,45,0,78,30,0,30,108
05/12/2016,CPR,WY,ANM,WE,Combined TRACON& Tower with Radar,4,31,22,0,57,0,0,37,0,37,4,31,59,0,94,12,0,12,106
05/13/2016,CPR,WY,ANM,WE,Combined TRACON& Tower with Radar,3,31,9,0,43,0,0,12,0,12,3,31,21,0,55,42,0,42,97
05/14/2016,CPR,WY,ANM,WE,Combined TRACON& Tower with Radar,2,19,5,2,28,0,0,19,2,21,2,19,24,4,49,28,0,28,77
05/15/2016,CPR,WY,ANM,WE,Combined TRACON& Tower with Radar,2,10,4,0,16,0,0,7,0,7,2,10,11,0,23,0,0,0,23
05/16/2016,CPR,WY,ANM,WE,Combined TRACON& Tower with Radar,6,27,14,0,47,0,0,0,0,0,6,27,14,0,47,0,0,0,47
05/17/2016,CPR,WY,ANM,WE,Combined TRACON& Tower with Radar,6,34,30,3,73,0,0,41,3,44,6,34,71,6,117,2,16,18,135
05/18/2016,CPR,WY,ANM,WE,Combined TRACON& Tower with Radar,3,38,19,0,60,0,1,52,3,56,3,39,71,3,116,2,0,2,118
05/19/2016,CPR,WY,ANM,WE,Combined TRACON& Tower with Radar,7,35,21,2,65,0,4,48,3,55,7,39,69,5,120,29,0,29,149
05/20/2016,CPR,WY,ANM,WE,Combined TRACON& Tower with Radar,3,34,13,0,50,0,3,36,0,39,3,37,49,0,89,6,0,6,95
05/21/2016,CPR,WY,ANM,WE,Combined TRACON& Tower with Radar,1,23,3,2,29,0,1,19,0,20,1,24,22,2,49,4,0,4,53
05/22/2016,CPR,WY,ANM,WE,Combined TRACON& Tower with Radar,4,20,8,0,32,0,2,17,0,19,4,22,25,0,51,18,0,18,69
05/23/2016,CPR,WY,ANM,WE,Combined TRACON& Tower with Radar,2,30,18,0,50,0,3,18,2,23,2,33,36,2,73,20,0,20,93
05/24/2016,CPR,WY,ANM,WE,Combined TRACON& Tower with Radar,3,31,15,0,49,0,1,31,0,32,3,32,46,0,81,18,0,18,99
05/25/2016,CPR,WY,ANM,WE,Combined TRACON& Tower with Radar,4,30,15,1,50,0,6,15,2,23,4,36,30,3,73,8,8,16,89
05/26/2016,CPR,WY,ANM,WE,Combined TRACON& Tower with Radar,5,44,20,0,69,0,0,35,0,35,5,44,55,0,104,6,0,6,110
05/27/2016,CPR,WY,ANM,WE,Combined TRACON& Tower with Radar,3,29,12,0,44,0,1,22,0,23,3,30,34,0,67,12,0,12,79
05/28/2016,CPR,WY,ANM,WE,Combined TRACON& Tower with Radar,2,13,5,0,20,0,0,25,0,25,2,13,30,0,45,28,0,28,73
05/29/2016,CPR,WY,ANM,WE,Combined TRACON& Tower with Radar,2,14,7,0,23,0,1,34,0,35,2,15,41,0,58,10,0,10,68
05/30/2016,CPR,WY,ANM,WE,Combined TRACON& Tower with Radar,0,18,5,0,23,0,4,3,0,7,0,22,8,0,30,0,0,0,30
05/31/2016,CPR,WY,ANM,WE,Combined TRACON& Tower with Radar,2,26,16,0,44,0,2,23,0,25,2,28,39,0,69,3,0,3,72
06/01/2016,CPR,WY,ANM,WE,Combined TRACON& Tower with Radar,3,28,10,0,41,0,1,34,0,35,3,29,44,0,76,22,0,22,98
06/02/2016,CPR,WY,ANM,WE,Combined TRACON& Tower with Radar,3,25,12,0,40,0,1,51,0,52,3,26,63,0,92,20,0,20,112
06/03/2016,CPR,WY,ANM,WE,Combined TRACON& Tower with Radar,2,32,8,0,42,0,2,44,0,46,2,34,52,0,88,18,0,18,106
06/04/2016,CPR,WY,ANM,WE,Combined TRACON& Tower with Radar,2,21,3,0,26,0,1,39,0,40,2,22,42,0,66,49,0,49,115
06/05/2016,CPR,WY,ANM,WE,Combined TRACON& Tower with Radar,2,17,8,0,27,0,5,31,0,36,2,22,39,0,63,16,0,16,79
06/06/2016,CPR,WY,ANM,WE,Combined TRACON& Tower with Radar,1,30,9,0,40,0,1,43,0,44,1,31,52,0,84,112,0,112,196
06/07/2016,CPR,WY,ANM,WE,Combined TRACON& Tower with Radar,3,29,5,0,37,0,1,21,0,22,3,30,26,0,59,44,0,44,103
06/08/2016,CPR,WY,ANM,WE,Combined TRACON& Tower with Radar,3,33,11,0,47,0,2,31,0,33,3,35,42,0,80,6,0,6,86
06/09/2016,CPR,WY,ANM,WE,Combined TRACON& Tower with Radar,5,42,11,0,58,0,5,17,0,22,5,47,28,0,80,2,0,2,82
06/10/2016,CPR,WY,ANM,WE,Combined TRACON& Tower with Radar,3,30,12,0,45,0,5,36,0,41,3,35,48,0,86,0,0,0,86
06/11/2016,CPR,WY,ANM,WE,Combined TRACON& Tower with Radar,2,30,7,0,39,0,2,16,0,18,2,32,23,0,57,0,0,0,57
06/12/2016,CPR,WY,ANM,WE,Combined TRACON& Tower with Radar,2,17,11,0,30,0,0,34,1,35,2,17,45,1,65,0,0,0,65
06/13/2016,CPR,WY,ANM,WE,Combined TRACON& Tower with Radar,4,22,6,0,32,0,2,13,0,15,4,24,19,0,47,0,0,0,47
06/14/2016,CPR,WY,ANM,WE,Combined TRACON& Tower with Radar,3,32,26,0,61,0,2,35,0,37,3,34,61,0,98,18,0,18,116
06/15/2016,CPR,WY,ANM,WE,Combined TRACON& Tower with Radar,3,36,18,0,57,0,3,32,0,35,3,39,50,0,92,0,0,0,92
06/16/2016,CPR,WY,ANM,WE,Combined TRACON& Tower with Radar,5,37,12,0,54,0,0,24,0,24,5,37,36,0,78,0,0,0,78
06/17/2016,CPR,WY,ANM,WE,Combined TRACON& Tower with Radar,5,31,13,0,49,0,0,31,0,31,5,31,44,0,80,6,0,6,86
06/18/2016,CPR,WY,ANM,WE,Combined TRACON& Tower with Radar,2,18,11,0,31,0,1,34,0,35,2,19,45,0,66,14,0,14,80
06/19/2016,CPR,WY,ANM,WE,Combined TRACON& Tower with Radar,1,16,10,0,27,0,1,31,0,32,1,17,41,0,59,0,0,0,59
06/20/2016,CPR,WY,ANM,WE,Combined TRACON& Tower with Radar,5,26,15,0,46,0,2,27,2,31,5,28,42,2,77,6,0,6,83
06/21/2016,CPR,WY,ANM,WE,Combined TRACON& Tower with Radar,3,35,11,3,52,0,3,28,1,32,3,38,39,4,84,10,0,10,94
06/22/2016,CPR,WY,ANM,WE,Combined TRACON& Tower with Radar,3,29,19,0,51,0,5,29,0,34,3,34,48,0,85,12,0,12,97
06/23/2016,CPR,WY,ANM,WE,Combined TRACON& Tower with Radar,9,41,15,0,65,0,2,44,0,46,9,43,59,0,111,24,0,24,135
06/24/2016,CPR,WY,ANM,WE,Combined TRACON& Tower with Radar,3,29,10,2,44,0,2,27,0,29,3,31,37,2,73,4,0,4,77
06/25/2016,CPR,WY,ANM,WE,Combined TRACON& Tower with Radar,2,20,18,2,42,0,2,38,0,40,2,22,56,2,82,10,0,10,92
06/26/2016,CPR,WY,ANM,WE,Combined TRACON& Tower with Radar,2,17,12,0,31,0,4,30,0,34,2,21,42,0,65,6,0,6,71
06/27/2016,CPR,WY,ANM,WE,Combined TRACON& Tower with Radar,2,23,12,0,37,0,2,25,2,29,2,25,37,2,66,6,0,6,72
06/28/2016,CPR,WY,ANM,WE,Combined TRACON& Tower with Radar,2,36,20,2,60,0,0,31,1,32,2,36,51,3,92,30,0,30,122
06/29/2016,CPR,WY,ANM,WE,Combined TRACON& Tower with Radar,4,31,27,0,62,0,6,37,0,43,4,37,64,0,105,8,0,8,113
06/30/2016,CPR,WY,ANM,WE,Combined TRACON& Tower with Radar,3,30,19,0,52,0,2,29,0,31,3,32,48,0,83,40,0,40,123
07/01/2016,CPR,WY,ANM,WE,Combined TRACON& Tower with Radar,4,31,15,0,50,0,1,23,0,24,4,32,38,0,74,0,0,0,74
07/02/2016,CPR,WY,ANM,WE,Combined TRACON& Tower with Radar,2,19,10,0,31,0,2,36,0,38,2,21,46,0,69,20,0,20,89
07/03/2016,CPR,WY,ANM,WE,Combined TRACON& Tower with Radar,2,6,7,0,15,0,3,14,0,17,2,9,21,0,32,0,0,0,32
07/04/2016,CPR,WY,ANM,WE,Combined TRACON& Tower with Radar,0,11,5,0,16,0,1,28,0,29,0,12,33,0,45,8,0,8,53
07/05/2016,CPR,WY,ANM,WE,Combined TRACON& Tower with Radar,2,28,12,0,42,0,1,34,0,35,2,29,46,0,77,6,0,6,83
07/06/2016,CPR,WY,ANM,WE,Combined TRACON& Tower with Radar,5,36,16,0,57,0,0,22,0,22,5,36,38,0,79,30,0,30,109
07/07/2016,CPR,WY,ANM,WE,Combined TRACON& Tower with Radar,4,30,29,0,63,0,3,48,0,51,4,33,77,0,114,22,0,22,136
07/08/2016,CPR,WY,ANM,WE,Combined TRACON& Tower with Radar,3,31,13,0,47,0,1,64,0,65,3,32,77,0,112,38,0,38,150
07/09/2016,CPR,WY,ANM,WE,Combined TRACON& Tower with Radar,2,21,5,4,32,0,5,86,0,91,2,26,91,4,123,34,0,34,157
07/10/2016,CPR,WY,ANM,WE,Combined TRACON& Tower with Radar,2,20,7,0,29,0,1,31,0,32,2,21,38,0,61,0,0,0,61
07/11/2016,CPR,WY,ANM,WE,Combined TRACON& Tower with Radar,2,21,9,0,32,0,1,30,0,31,2,22,39,0,63,20,0,20,83
07/12/2016,CPR,WY,ANM,WE,Combined TRACON& Tower with Radar,3,27,18,0,48,0,2,27,0,29,3,29,45,0,77,26,0,26,103
07/13/2016,CPR,WY,ANM,WE,Combined TRACON& Tower with Radar,3,35,24,1,63,0,5,21,5,31,3,40,45,6,94,2,6,8,102
07/14/2016,CPR,WY,ANM,WE,Combined TRACON& Tower with Radar,5,32,29,0,66,0,2,54,0,56,5,34,83,0,122,8,0,8,130
07/15/2016,CPR,WY,ANM,WE,Combined TRACON& Tower with Radar,2,30,17,0,49,0,1,44,0,45,2,31,61,0,94,20,0,20,114
07/16/2016,CPR,WY,ANM,WE,Combined TRACON& Tower with Radar,2,23,9,0,34,0,5,23,0,28,2,28,32,0,62,22,0,22,84
07/17/2016,CPR,WY,ANM,WE,Combined TRACON& Tower with Radar,2,17,9,0,28,0,1,25,1,27,2,18,34,1,55,4,0,4,59
07/18/2016,CPR,WY,ANM,WE,Combined TRACON& Tower with Radar,6,30,9,3,48,0,4,36,0,40,6,34,45,3,88,14,0,14,102
07/19/2016,CPR,WY,ANM,WE,Combined TRACON& Tower with Radar,3,32,21,0,56,0,7,35,0,42,3,39,56,0,98,14,0,14,112
07/20/2016,CPR,WY,ANM,WE,Combined TRACON& Tower with Radar,3,28,25,0,56,0,4,45,0,49,3,32,70,0,105,6,0,6,111
07/21/2016,CPR,WY,ANM,WE,Combined TRACON& Tower with Radar,5,31,23,0,59,0,0,46,0,46,5,31,69,0,105,52,0,52,157
07/22/2016,CPR,WY,ANM,WE,Combined TRACON& Tower with Radar,5,36,11,0,52,0,1,34,0,35,5,37,45,0,87,0,0,0,87
07/23/2016,CPR,WY,ANM,WE,Combined TRACON& Tower with Radar,4,30,13,0,47,0,2,43,0,45,4,32,56,0,92,0,0,0,92
07/24/2016,CPR,WY,ANM,WE,Combined TRACON& Tower with Radar,2,21,7,1,31,0,2,45,0,47,2,23,52,1,78,0,0,0,78
07/25/2016,CPR,WY,ANM,WE,Combined TRACON& Tower with Radar,4,24,11,0,39,0,0,29,0,29,4,24,40,0,68,0,0,0,68
07/26/2016,CPR,WY,ANM,WE,Combined TRACON& Tower with Radar,2,37,11,0,50,0,2,46,0,48,2,39,57,0,98,24,0,24,122
07/27/2016,CPR,WY,ANM,WE,Combined TRACON& Tower with Radar,3,30,19,2,54,0,2,38,0,40,3,32,57,2,94,10,0,10,104
07/28/2016,CPR,WY,ANM,WE,Combined TRACON& Tower with Radar,5,36,29,0,70,0,0,28,0,28,5,36,57,0,98,8,0,8,106
07/29/2016,CPR,WY,ANM,WE,Combined TRACON& Tower with Radar,5,28,19,0,52,0,1,47,0,48,5,29,66,0,100,34,0,34,134
07/30/2016,CPR,WY,ANM,WE,Combined TRACON& Tower with Radar,2,18,14,0,34,0,2,53,0,55,2,20,67,0,89,0,0,0,89
07/31/2016,CPR,WY,ANM,WE,Combined TRACON& Tower with Radar,2,15,21,0,38,0,2,41,0,43,2,17,62,0,81,4,0,4,85
08/01/2016,CPR,WY,ANM,WE,Combined TRACON& Tower with Radar,2,30,19,0,51,0,0,41,0,41,2,30,60,0,92,8,0,8,100
08/02/2016,CPR,WY,ANM,WE,Combined TRACON& Tower with Radar,3,41,23,2,69,0,1,37,0,38,3,42,60,2,107,5,0,5,112
08/03/2016,CPR,WY,ANM,WE,Combined TRACON& Tower with Radar,3,29,16,0,48,0,0,35,0,35,3,29,51,0,83,5,0,5,88
08/04/2016,CPR,WY,ANM,WE,Combined TRACON& Tower with Radar,5,28,18,0,51,0,5,45,0,50,5,33,63,0,101,4,0,4,105
08/05/2016,CPR,WY,ANM,WE,Combined TRACON& Tower with Radar,3,29,14,0,46,0,0,43,0,43,3,29,57,0,89,18,0,18,107
08/06/2016,CPR,WY,ANM,WE,Combined TRACON& Tower with Radar,2,21,10,2,35,0,6,19,0,25,2,27,29,2,60,0,0,0,60
08/07/2016,CPR,WY,ANM,WE,Combined TRACON& Tower with Radar,2,13,14,0,29,0,2,23,0,25,2,15,37,0,54,2,0,2,56
08/08/2016,CPR,WY,ANM,WE,Combined TRACON& Tower with Radar,2,26,20,0,48,0,0,28,0,28,2,26,48,0,76,10,0,10,86
08/09/2016,CPR,WY,ANM,WE,Combined TRACON& Tower with Radar,3,38,20,0,61,0,4,44,0,48,3,42,64,0,109,2,0,2,111
08/10/2016,CPR,WY,ANM,WE,Combined TRACON& Tower with Radar,3,34,26,0,63,0,3,22,0,25,3,37,48,0,88,8,0,8,96
08/11/2016,CPR,WY,ANM,WE,Combined TRACON& Tower with Radar,4,33,21,0,58,0,3,30,0,33,4,36,51,0,91,45,0,45,136
08/12/2016,CPR,WY,ANM,WE,Combined TRACON& Tower with Radar,4,32,20,0,56,0,3,30,1,34,4,35,50,1,90,26,0,26,116
08/13/2016,CPR,WY,ANM,WE,Combined TRACON& Tower with Radar,4,17,5,2,28,3,0,25,1,29,7,17,30,3,57,9,0,9,66
08/14/2016,CPR,WY,ANM,WE,Combined TRACON& Tower with Radar,2,18,6,2,28,0,2,19,2,23,2,20,25,4,51,28,0,28,79
08/15/2016,CPR,WY,ANM,WE,Combined TRACON& Tower with Radar,2,24,9,0,35,0,0,27,0,27,2,24,36,0,62,24,0,24,86
08/16/2016,CPR,WY,ANM,WE,Combined TRACON& Tower with Radar,4,37,10,0,51,0,8,42,0,50,4,45,52,0,101,28,0,28,129
08/17/2016,CPR,WY,ANM,WE,Combined TRACON& Tower with Radar,6,31,19,0,56,0,2,27,0,29,6,33,46,0,85,30,0,30,115
08/18/2016,CPR,WY,ANM,WE,Combined TRACON& Tower with Radar,3,26,18,0,47,0,1,38,0,39,3,27,56,0,86,4,0,4,90
08/19/2016,CPR,WY,ANM,WE,Combined TRACON& Tower with Radar,3,26,18,0,47,0,0,4,0,4,3,26,22,0,51,10,0,10,61
08/20/2016,CPR,WY,ANM,WE,Combined TRACON& Tower with Radar,2,17,5,0,24,0,6,32,0,38,2,23,37,0,62,20,0,20,82
08/21/2016,CPR,WY,ANM,WE,Combined TRACON& Tower with Radar,2,15,11,1,29,0,0,21,0,21,2,15,32,1,50,0,0,0,50
08/22/2016,CPR,WY,ANM,WE,Combined TRACON& Tower with Radar,2,20,22,1,45,0,1,43,0,44,2,21,65,1,89,48,0,48,137
08/23/2016,CPR,WY,ANM,WE,Combined TRACON& Tower with Radar,3,41,16,0,60,0,1,35,0,36,3,42,51,0,96,43,0,43,139
08/24/2016,CPR,WY,ANM,WE,Combined TRACON& Tower with Radar,3,37,24,0,64,0,4,21,0,25,3,41,45,0,89,8,0,8,97
08/25/2016,CPR,WY,ANM,WE,Combined TRACON& Tower with Radar,5,37,16,0,58,0,1,20,0,21,5,38,36,0,79,0,0,0,79
08/26/2016,CPR,WY,ANM,WE,Combined TRACON& Tower with Radar,3,31,21,1,56,0,3,76,0,79,3,34,97,1,135,52,4,56,191
08/27/2016,CPR,WY,ANM,WE,Combined TRACON& Tower with Radar,2,16,8,0,26,0,2,65,0,67,2,18,73,0,93,29,0,29,122
08/28/2016,CPR,WY,ANM,WE,Combined TRACON& Tower with Radar,2,16,8,1,27,0,1,41,0,42,2,17,49,1,69,0,0,0,69
08/29/2016,CPR,WY,ANM,WE,Combined TRACON& Tower with Radar,2,28,21,0,51,0,2,54,0,56,2,30,75,0,107,10,0,10,117
08/30/2016,CPR,WY,ANM,WE,Combined TRACON& Tower with Radar,3,33,18,1,55,0,0,66,0,66,3,33,84,1,121,12,0,12,133
08/31/2016,CPR,WY,ANM,WE,Combined TRACON& Tower with Radar,3,35,20,3,61,0,6,51,0,57,3,41,71,3,118,28,0,28,146
09/01/2016,CPR,WY,ANM,WE,Combined TRACON& Tower with Radar,4,25,18,0,47,0,4,51,0,55,4,29,69,0,102,50,0,50,152
09/02/2016,CPR,WY,ANM,WE,Combined TRACON& Tower with Radar,3,37,8,0,48,0,1,35,0,36,3,38,43,0,84,4,0,4,88
09/03/2016,CPR,WY,ANM,WE,Combined TRACON& Tower with Radar,2,15,7,0,24,0,1,16,0,17,2,16,23,0,41,14,0,14,55
09/04/2016,CPR,WY,ANM,WE,Combined TRACON& Tower with Radar,1,6,3,0,10,0,0,16,0,16,1,6,19,0,26,0,0,0,26
09/05/2016,CPR,WY,ANM,WE,Combined TRACON& Tower with Radar,0,17,5,0,22,0,1,13,0,14,0,18,18,0,36,0,0,0,36
09/06/2016,CPR,WY,ANM,WE,Combined TRACON& Tower with Radar,2,27,14,0,43,0,1,26,0,27,2,28,40,0,70,26,0,26,96
09/07/2016,CPR,WY,ANM,WE,Combined TRACON& Tower with Radar,3,32,8,0,43,0,0,22,0,22,3,32,30,0,65,0,4,4,69
09/08/2016,CPR,WY,ANM,WE,Combined TRACON& Tower with Radar,5,30,17,0,52,0,0,31,0,31,5,30,48,0,83,12,0,12,95
09/09/2016,CPR,WY,ANM,WE,Combined TRACON& Tower with Radar,3,29,17,2,51,0,0,28,0,28,3,29,45,2,79,36,0,36,115
09/10/2016,CPR,WY,ANM,WE,Combined TRACON& Tower with Radar,2,20,5,0,27,0,4,46,0,50,2,24,51,0,77,12,0,12,89
09/11/2016,CPR,WY,ANM,WE,Combined TRACON& Tower with Radar,2,15,15,0,32,0,0,20,1,21,2,15,35,1,53,0,0,0,53
09/12/2016,CPR,WY,ANM,WE,Combined TRACON& Tower with Radar,2,35,12,0,49,0,0,18,0,18,2,35,30,0,67,36,0,36,103
09/13/2016,CPR,WY,ANM,WE,Combined TRACON& Tower with Radar,4,29,15,0,48,0,0,17,0,17,4,29,32,0,65,16,0,16,81
09/14/2016,CPR,WY,ANM,WE,Combined TRACON& Tower with Radar,4,38,22,2,66,0,0,12,3,15,4,38,34,5,81,0,20,20,101
09/15/2016,CPR,WY,ANM,WE,Combined TRACON& Tower with Radar,5,28,22,0,55,0,0,29,0,29,5,28,51,0,84,16,0,16,100
09/16/2016,CPR,WY,ANM,WE,Combined TRACON& Tower with Radar,3,28,23,0,54,1,1,40,0,42,4,29,63,0,96,6,0,6,102
09/17/2016,CPR,WY,ANM,WE,Combined TRACON& Tower with Radar,2,24,10,0,36,0,0,28,0,28,2,24,38,0,64,0,0,0,64
09/18/2016,CPR,WY,ANM,WE,Combined TRACON& Tower with Radar,2,15,5,0,22,0,0,20,0,20,2,15,25,0,42,6,0,6,48
09/19/2016,CPR,WY,ANM,WE,Combined TRACON& Tower with Radar,2,23,13,0,38,0,1,45,1,47,2,24,58,1,85,14,0,14,99
09/20/2016,CPR,WY,ANM,WE,Combined TRACON& Tower with Radar,3,32,13,4,52,0,1,49,0,50,3,33,62,4,102,38,0,38,140
09/21/2016,CPR,WY,ANM,WE,Combined TRACON& Tower with Radar,3,31,16,0,50,0,1,28,0,29,3,32,44,0,79,22,0,22,101
09/22/2016,CPR,WY,ANM,WE,Combined TRACON& Tower with Radar,5,36,16,0,57,0,0,5,0,5,5,36,21,0,62,0,0,0,62
09/23/2016,CPR,WY,ANM,WE,Combined TRACON& Tower with Radar,2,33,9,0,44,0,0,8,0,8,2,33,17,0,52,2,0,2,54
09/24/2016,CPR,WY,ANM,WE,Combined TRACON& Tower with Radar,1,18,8,0,27,0,0,0,0,0,1,18,8,0,27,0,0,0,27
09/25/2016,CPR,WY,ANM,WE,Combined TRACON& Tower with Radar,2,18,18,0,38,0,1,39,0,40,2,19,57,0,78,18,0,18,96
09/26/2016,CPR,WY,ANM,WE,Combined TRACON& Tower with Radar,2,26,28,0,56,0,0,54,0,54,2,26,82,0,110,16,0,16,126
09/27/2016,CPR,WY,ANM,WE,Combined TRACON& Tower with Radar,3,29,26,0,58,0,0,60,0,60,3,29,86,0,118,42,0,42,160
09/28/2016,CPR,WY,ANM,WE,Combined TRACON& Tower with Radar,3,31,15,0,49,0,1,44,0,45,3,32,59,0,94,48,0,48,142
09/29/2016,CPR,WY,ANM,WE,Combined TRACON& Tower with Radar,5,29,23,0,57,0,2,40,2,44,5,31,63,2,101,34,0,34,135
09/30/2016,CPR,WY,ANM,WE,Combined TRACON& Tower with Radar,4,36,14,2,56,0,1,38,0,39,4,37,52,2,95,24,0,24,119
10/01/2016,CPR,WY,ANM,WE,Combined TRACON& Tower with Radar,2,17,6,0,25,0,1,27,0,28,2,18,33,0,53,0,0,0,53
10/02/2016,CPR,WY,ANM,WE,Combined TRACON& Tower with Radar,1,11,8,1,21,0,2,36,0,38,1,13,44,1,59,19,0,19,78
10/03/2016,CPR,WY,ANM,WE,Combined TRACON& Tower with Radar,4,22,16,0,42,0,0,9,0,9,4,22,25,0,51,0,0,0,51
10/04/2016,CPR,WY,ANM,WE,Combined TRACON& Tower with Radar,2,23,9,0,34,0,0,18,0,18,2,23,27,0,52,10,0,10,62
10/05/2016,CPR,WY,ANM,WE,Combined TRACON& Tower with Radar,3,28,20,0,51,0,0,34,0,34,3,28,54,0,85,44,0,44,129
10/06/2016,CPR,WY,ANM,WE,Combined TRACON& Tower with Radar,7,35,30,0,72,0,3,24,0,27,7,38,54,0,99,24,0,24,123
10/07/2016,CPR,WY,ANM,WE,Combined TRACON& Tower with Radar,3,30,14,4,51,0,0,31,0,31,3,30,45,4,82,54,0,54,136
10/08/2016,CPR,WY,ANM,WE,Combined TRACON& Tower with Radar,2,20,6,0,28,0,2,42,0,44,2,22,48,0,72,12,0,12,84
10/09/2016,CPR,WY,ANM,WE,Combined TRACON& Tower with Radar,2,13,8,0,23,0,7,19,0,26,2,20,27,0,49,28,0,28,77
10/10/2016,CPR,WY,ANM,WE,Combined TRACON& Tower with Radar,2,28,11,0,41,0,1,24,0,25,2,29,35,0,66,0,0,0,66
10/11/2016,CPR,WY,ANM,WE,Combined TRACON& Tower with Radar,2,32,18,0,52,0,0,24,0,24,2,32,42,0,76,52,0,52,128
10/12/2016,CPR,WY,ANM,WE,Combined TRACON& Tower with Radar,4,29,27,0,60,0,0,33,0,33,4,29,60,0,93,40,0,40,133
10/13/2016,CPR,WY,ANM,WE,Combined TRACON& Tower with Radar,5,36,19,0,60,0,0,43,1,44,5,36,62,1,104,36,0,36,140
10/14/2016,CPR,WY,ANM,WE,Combined TRACON& Tower with Radar,3,35,12,0,50,0,0,9,0,9,3,35,21,0,59,0,0,0,59
10/15/2016,CPR,WY,ANM,WE,Combined TRACON& Tower with Radar,4,17,7,2,30,0,0,15,0,15,4,17,22,2,45,16,0,16,61
10/16/2016,CPR,WY,ANM,WE,Combined TRACON& Tower with Radar,3,15,4,0,22,0,0,3,0,3,3,15,7,0,25,0,0,0,25
10/17/2016,CPR,WY,ANM,WE,Combined TRACON& Tower with Radar,2,25,9,0,36,0,1,14,0,15,2,26,23,0,51,0,0,0,51
10/18/2016,CPR,WY,ANM,WE,Combined TRACON& Tower with Radar,3,32,15,0,50,0,2,13,0,15,3,34,28,0,65,4,0,4,69
10/19/2016,CPR,WY,ANM,WE,Combined TRACON& Tower with Radar,3,30,18,2,53,0,2,25,1,28,3,32,43,3,81,32,0,32,113
10/20/2016,CPR,WY,ANM,WE,Combined TRACON& Tower with Radar,4,30,22,0,56,0,2,50,2,54,4,32,72,2,110,74,0,74,184
10/21/2016,CPR,WY,ANM,WE,Combined TRACON& Tower with Radar,4,24,11,3,42,0,0,26,4,30,4,24,37,7,72,60,0,60,132
10/22/2016,CPR,WY,ANM,WE,Combined TRACON& Tower with Radar,4,18,7,2,31,0,1,22,2,25,4,19,29,4,56,12,0,12,68
10/23/2016,CPR,WY,ANM,WE,Combined TRACON& Tower with Radar,1,14,3,0,18,0,2,25,0,27,1,16,28,0,45,8,0,8,53
10/24/2016,CPR,WY,ANM,WE,Combined TRACON& Tower with Radar,2,25,10,0,37,0,2,32,0,34,2,27,42,0,71,70,0,70,141
10/25/2016,CPR,WY,ANM,WE,Combined TRACON& Tower with Radar,3,34,24,2,63,0,1,25,0,26,3,35,49,2,89,40,2,42,131
10/26/2016,CPR,WY,ANM,WE,Combined TRACON& Tower with Radar,4,35,18,0,57,0,1,39,1,41,4,36,57,1,98,54,0,54,152
10/27/2016,CPR,WY,ANM,WE,Combined TRACON& Tower with Radar,4,32,13,0,49,0,1,37,0,38,4,33,50,0,87,30,0,30,117
10/28/2016,CPR,WY,ANM,WE,Combined TRACON& Tower with Radar,3,28,15,0,46,0,5,26,0,31,3,33,41,0,77,46,0,46,123
10/29/2016,CPR,WY,ANM,WE,Combined TRACON& Tower with Radar,2,19,7,0,28,0,4,2,0,6,2,23,9,0,34,0,0,0,34
10/30/2016,CPR,WY,ANM,WE,Combined TRACON& Tower with Radar,2,15,9,0,26,0,3,6,0,9,2,18,15,0,35,0,0,0,35
10/31/2016,CPR,WY,ANM,WE,Combined TRACON& Tower with Radar,1,19,10,0,30,0,1,6,0,7,1,20,16,0,37,0,0,0,37
11/01/2016,CPR,WY,ANM,WE,Combined TRACON& Tower with Radar,2,34,12,0,48,0,0,41,0,41,2,34,53,0,89,62,0,62,151
11/02/2016,CPR,WY,ANM,WE,Combined TRACON& Tower with Radar,5,22,8,1,36,0,2,42,0,44,5,24,50,1,80,60,16,76,156
11/03/2016,CPR,WY,ANM,WE,Combined TRACON& Tower with Radar,5,31,40,2,78,0,0,43,0,43,5,31,83,2,121,12,0,12,133
11/04/2016,CPR,WY,ANM,WE,Combined TRACON& Tower with Radar,3,28,23,2,56,0,4,47,3,54,3,32,70,5,110,38,0,38,148
11/05/2016,CPR,WY,ANM,WE,Combined TRACON& Tower with Radar,2,18,1,0,21,0,0,36,0,36,2,18,37,0,57,24,0,24,81
11/06/2016,CPR,WY,ANM,WE,Combined TRACON& Tower with Radar,4,16,15,2,37,0,1,16,0,17,4,17,31,2,54,2,0,2,56
11/07/2016,CPR,WY,ANM,WE,Combined TRACON& Tower with Radar,2,28,18,10,58,0,0,38,0,38,2,28,56,10,96,38,12,50,146
11/08/2016,CPR,WY,ANM,WE,Combined TRACON& Tower with Radar,3,29,14,4,50,0,2,40,0,42,3,31,54,4,92,26,0,26,118
11/09/2016,CPR,WY,ANM,WE,Combined TRACON& Tower with Radar,3,27,17,0,47,0,3,28,0,31,3,30,45,0,78,22,0,22,100
11/10/2016,CPR,WY,ANM,WE,Combined TRACON& Tower with Radar,5,26,17,6,54,0,0,27,0,27,5,26,44,6,81,8,0,8,89
11/11/2016,CPR,WY,ANM,WE,Combined TRACON& Tower with Radar,3,27,11,1,42,0,3,30,1,34,3,30,41,2,76,48,0,48,124
11/12/2016,CPR,WY,ANM,WE,Combined TRACON& Tower with Radar,1,18,5,1,25,0,0,16,0,16,1,18,21,1,41,12,0,12,53
11/13/2016,CPR,WY,ANM,WE,Combined TRACON& Tower with Radar,2,13,4,2,21,0,2,26,0,28,2,15,30,2,49,60,0,60,109
11/14/2016,CPR,WY,ANM,WE,Combined TRACON& Tower with Radar,4,28,12,0,44,12,0,20,0,32,16,28,32,0,76,4,0,4,80
11/15/2016,CPR,WY,ANM,WE,Combined TRACON& Tower with Radar,3,33,20,0,56,0,0,17,0,17,3,33,37,0,73,12,0,12,85
11/16/2016,CPR,WY,ANM,WE,Combined TRACON& Tower with Radar,3,32,25,0,60,0,0,35,0,35,3,32,60,0,95,58,0,58,153
11/17/2016,CPR,WY,ANM,WE,Combined TRACON& Tower with Radar,4,28,7,0,39,0,0,0,0,0,4,28,7,0,39,0,0,0,39
11/18/2016,CPR,WY,ANM,WE,Combined TRACON& Tower with Radar,4,26,20,2,52,0,0,29,3,32,4,26,49,5,84,38,4,42,126
11/19/2016,CPR,WY,ANM,WE,Combined TRACON& Tower with Radar,2,24,11,0,37,0,0,21,0,21,2,24,32,0,58,0,0,0,58
11/20/2016,CPR,WY,ANM,WE,Combined TRACON& Tower with Radar,2,15,8,0,25,0,1,20,0,21,2,16,28,0,46,40,0,40,86
11/21/2016,CPR,WY,ANM,WE,Combined TRACON& Tower with Radar,2,33,21,0,56,0,1,34,0,35,2,34,55,0,91,91,0,91,182
11/22/2016,CPR,WY,ANM,WE,Combined TRACON& Tower with Radar,2,29,3,0,34,0,0,35,0,35,2,29,38,0,69,58,0,58,127
11/23/2016,CPR,WY,ANM,WE,Combined TRACON& Tower with Radar,6,31,20,0,57,0,1,38,0,39,6,32,58,0,96,0,0,0,96
11/24/2016,CPR,WY,ANM,WE,Combined TRACON& Tower with Radar,0,10,2,0,12,0,0,5,0,5,0,10,7,0,17,0,0,0,17
11/25/2016,CPR,WY,ANM,WE,Combined TRACON& Tower with Radar,3,17,10,0,30,0,0,13,0,13,3,17,23,0,43,10,0,10,53
11/26/2016,CPR,WY,ANM,WE,Combined TRACON& Tower with Radar,2,6,0,0,8,0,0,2,0,2,2,6,2,0,10,0,0,0,10
11/27/2016,CPR,WY,ANM,WE,Combined TRACON& Tower with Radar,2,16,11,0,29,0,0,0,0,0,2,16,11,0,29,54,0,54,83
11/28/2016,CPR,WY,ANM,WE,Combined TRACON& Tower with Radar,1,20,9,0,30,0,2,17,0,19,1,22,26,0,49,24,0,24,73
11/29/2016,CPR,WY,ANM,WE,Combined TRACON& Tower with Radar,5,32,19,0,56,0,5,21,0,26,5,37,40,0,82,0,0,0,82
11/30/2016,CPR,WY,ANM,WE,Combined TRACON& Tower with Radar,8,27,21,0,56,0,2,24,0,26,8,29,45,0,82,22,0,22,104
12/01/2016,CPR,WY,ANM,WE,Combined TRACON& Tower with Radar,7,27,18,0,52,0,0,47,0,47,7,27,65,0,99,24,0,24,123
12/02/2016,CPR,WY,ANM,WE,Combined TRACON& Tower with Radar,6,28,27,0,61,0,0,12,0,12,6,28,39,0,73,46,0,46,119
12/03/2016,CPR,WY,ANM,WE,Combined TRACON& Tower with Radar,2,21,5,0,28,0,0,23,0,23,2,21,28,0,51,66,0,66,117
12/04/2016,CPR,WY,ANM,WE,Combined TRACON& Tower with Radar,2,18,14,0,34,0,0,11,1,12,2,18,25,1,46,0,0,0,46
12/05/2016,CPR,WY,ANM,WE,Combined TRACON& Tower with Radar,3,23,10,0,36,0,0,1,0,1,3,23,11,0,37,0,0,0,37
12/06/2016,CPR,WY,ANM,WE,Combined TRACON& Tower with Radar,4,33,18,0,55,0,1,22,0,23,4,34,40,0,78,4,0,4,82
12/07/2016,CPR,WY,ANM,WE,Combined TRACON& Tower with Radar,7,31,13,0,51,0,0,12,0,12,7,31,25,0,63,0,0,0,63
12/08/2016,CPR,WY,ANM,WE,Combined TRACON& Tower with Radar,6,30,15,0,51,0,1,24,0,25,6,31,39,0,76,6,0,6,82
12/09/2016,CPR,WY,ANM,WE,Combined TRACON& Tower with Radar,8,27,17,7,59,0,0,28,0,28,8,27,45,7,87,66,0,66,153
12/10/2016,CPR,WY,ANM,WE,Combined TRACON& Tower with Radar,2,15,4,3,24,0,0,2,0,2,2,15,6,3,26,4,0,4,30
12/11/2016,CPR,WY,ANM,WE,Combined TRACON& Tower with Radar,2,22,2,4,30,0,3,14,0,17,2,25,16,4,47,26,0,26,73
12/12/2016,CPR,WY,ANM,WE,Combined TRACON& Tower with Radar,6,23,12,0,41,0,2,23,0,25,6,25,35,0,66,14,0,14,80
12/13/2016,CPR,WY,ANM,WE,Combined TRACON& Tower with Radar,5,32,11,5,53,0,0,24,2,26,5,32,35,7,79,10,8,18,97
12/14/2016,CPR,WY,ANM,WE,Combined TRACON& Tower with Radar,4,33,20,0,57,0,0,14,0,14,4,33,34,0,71,42,0,42,113
12/15/2016,CPR,WY,ANM,WE,Combined TRACON& Tower with Radar,6,34,25,0,65,0,0,7,0,7,6,34,32,0,72,0,0,0,72
12/16/2016,CPR,WY,ANM,WE,Combined TRACON& Tower with Radar,5,24,11,0,40,0,0,0,0,0,5,24,11,0,40,0,0,0,40
12/17/2016,CPR,WY,ANM,WE,Combined TRACON& Tower with Radar,3,19,12,0,34,0,1,7,0,8,3,20,19,0,42,2,0,2,44
12/18/2016,CPR,WY,ANM,WE,Combined TRACON& Tower with Radar,1,16,12,0,29,0,0,7,0,7,1,16,19,0,36,0,0,0,36
12/19/2016,CPR,WY,ANM,WE,Combined TRACON& Tower with Radar,2,24,5,1,32,0,0,6,0,6,2,24,11,1,38,0,0,0,38
12/20/2016,CPR,WY,ANM,WE,Combined TRACON& Tower with Radar,6,33,9,0,48,0,1,2,0,3,6,34,11,0,51,0,0,0,51
12/21/2016,CPR,WY,ANM,WE,Combined TRACON& Tower with Radar,4,34,12,0,50,0,1,11,0,12,4,35,23,0,62,22,0,22,84
12/22/2016,CPR,WY,ANM,WE,Combined TRACON& Tower with Radar,6,30,7,0,43,0,0,31,0,31,6,30,38,0,74,2,0,2,76
12/23/2016,CPR,WY,ANM,WE,Combined TRACON& Tower with Radar,5,36,17,0,58,0,3,19,0,22,5,39,36,0,80,0,0,0,80
12/24/2016,CPR,WY,ANM,WE,Combined TRACON& Tower with Radar,2,19,2,0,23,0,0,8,0,8,2,19,10,0,31,0,0,0,31
12/25/2016,CPR,WY,ANM,WE,Combined TRACON& Tower with Radar,0,8,0,0,8,0,0,0,0,0,0,8,0,0,8,0,0,0,8
12/26/2016,CPR,WY,ANM,WE,Combined TRACON& Tower with Radar,2,17,12,0,31,0,0,0,0,0,2,17,12,0,31,0,0,0,31
12/27/2016,CPR,WY,ANM,WE,Combined TRACON& Tower with Radar,2,19,11,0,32,0,0,4,0,4,2,19,15,0,36,0,0,0,36
12/28/2016,CPR,WY,ANM,WE,Combined TRACON& Tower with Radar,5,33,12,0,50,0,2,17,0,19,5,35,29,0,69,0,0,0,69
12/29/2016,CPR,WY,ANM,WE,Combined TRACON& Tower with Radar,8,29,7,2,46,0,0,23,0,23,8,29,30,2,69,0,0,0,69
12/30/2016,CPR,WY,ANM,WE,Combined TRACON& Tower with Radar,5,29,10,0,44,0,5,13,0,18,5,34,23,0,62,12,0,12,74
12/31/2016,CPR,WY,ANM,WE,Combined TRACON& Tower with Radar,2,20,8,0,30,0,1,2,0,3,2,21,10,0,33,0,0,0,33
01/01/2017,CPR,WY,ANM,WE,Combined TRACON& Tower with Radar,2,15,8,0,25,0,2,4,0,6,2,17,12,0,31,20,0,20,51
01/02/2017,CPR,WY,ANM,WE,Combined TRACON& Tower with Radar,0,16,6,0,22,0,0,4,0,4,0,16,10,0,26,0,0,0,26
01/03/2017,CPR,WY,ANM,WE,Combined TRACON& Tower with Radar,2,36,13,0,51,0,2,13,0,15,2,38,26,0,66,10,0,10,76
01/04/2017,CPR,WY,ANM,WE,Combined TRACON& Tower with Radar,3,38,14,0,55,0,0,0,0,0,3,38,14,0,55,0,0,0,55
01/05/2017,CPR,WY,ANM,WE,Combined TRACON& Tower with Radar,6,28,14,4,52,0,0,19,0,19,6,28,33,4,71,0,0,0,71
01/06/2017,CPR,WY,ANM,WE,Combined TRACON& Tower with Radar,3,29,11,8,51,0,2,11,0,13,3,31,22,8,64,0,0,0,64
01/07/2017,CPR,WY,ANM,WE,Combined TRACON& Tower with Radar,2,23,15,0,40,0,1,16,0,17,2,24,31,0,57,0,0,0,57
01/08/2017,CPR,WY,ANM,WE,Combined TRACON& Tower with Radar,2,14,5,2,23,0,1,0,2,3,2,15,5,4,26,0,4,4,30
01/09/2017,CPR,WY,ANM,WE,Combined TRACON& Tower with Radar,1,28,11,0,40,0,1,12,0,13,1,29,23,0,53,0,0,0,53
01/10/2017,CPR,WY,ANM,WE,Combined TRACON& Tower with Radar,3,34,7,0,44,0,2,5,0,7,3,36,12,0,51,0,0,0,51
01/11/2017,CPR,WY,ANM,WE,Combined TRACON& Tower with Radar,4,28,21,0,53,0,0,6,0,6,4,28,27,0,59,3,0,3,62
01/12/2017,CPR,WY,ANM,WE,Combined TRACON& Tower with Radar,5,37,18,0,60,0,0,22,0,22,5,37,40,0,82,22,0,22,104
01/13/2017,CPR,WY,ANM,WE,Combined TRACON& Tower with Radar,3,30,13,6,52,0,1,12,2,15,3,31,25,8,67,0,0,0,67
01/14/2017,CPR,WY,ANM,WE,Combined TRACON& Tower with Radar,2,19,5,0,26,0,3,17,0,20,2,22,22,0,46,18,0,18,64
01/15/2017,CPR,WY,ANM,WE,Combined TRACON& Tower with Radar,2,16,7,10,35,0,0,10,1,11,2,16,17,11,46,14,14,28,74
01/16/2017,CPR,WY,ANM,WE,Combined TRACON& Tower with Radar,2,28,7,0,37,0,3,16,0,19,2,31,23,0,56,16,0,16,72
01/17/2017,CPR,WY,ANM,WE,Combined TRACON& Tower with Radar,4,30,12,1,47,0,1,10,1,12,4,31,22,2,59,0,0,0,59
01/18/2017,CPR,WY,ANM,WE,Combined TRACON& Tower with Radar,2,29,23,0,54,0,1,16,0,17,2,30,39,0,71,18,0,18,89
01/19/2017,CPR,WY,ANM,WE,Combined TRACON& Tower with Radar,6,31,14,0,51,0,0,8,0,8,6,31,22,0,59,0,0,0,59
01/20/2017,CPR,WY,ANM,WE,Combined TRACON& Tower with Radar,3,33,7,0,43,0,0,1,0,1,3,33,8,0,44,0,0,0,44
01/21/2017,CPR,WY,ANM,WE,Combined TRACON& Tower with Radar,4,21,8,0,33,0,2,21,0,23,4,23,29,0,56,4,0,4,60
01/22/2017,CPR,WY,ANM,WE,Combined TRACON& Tower with Radar,1,11,5,0,17,0,2,5,0,7,1,13,10,0,24,15,0,15,39
01/23/2017,CPR,WY,ANM,WE,Combined TRACON& Tower with Radar,1,38,9,0,48,0,0,11,0,11,1,38,20,0,59,4,0,4,63
01/24/2017,CPR,WY,ANM,WE,Combined TRACON& Tower with Radar,3,38,13,0,54,0,0,0,0,0,3,38,13,0,54,0,0,0,54
01/25/2017,CPR,WY,ANM,WE,Combined TRACON& Tower with Radar,5,36,9,0,50,0,9,18,0,27,5,45,27,0,77,18,0,18,95
01/26/2017,CPR,WY,ANM,WE,Combined TRACON& Tower with Radar,5,32,22,0,59,0,0,24,0,24,5,32,46,0,83,20,0,20,103
01/27/2017,CPR,WY,ANM,WE,Combined TRACON& Tower with Radar,3,28,9,1,41,0,1,11,3,15,3,29,20,4,56,4,1,5,61
01/28/2017,CPR,WY,ANM,WE,Combined TRACON& Tower with Radar,3,15,2,3,23,1,1,13,2,17,4,16,15,5,40,0,0,0,40
01/29/2017,CPR,WY,ANM,WE,Combined TRACON& Tower with Radar,0,0,0,0,0,0,1,5,0,6,0,1,5,0,6,0,0,0,6
01/30/2017,CPR,WY,ANM,WE,Combined TRACON& Tower with Radar,3,22,6,0,31,0,2,29,0,31,3,24,35,0,62,32,0,32,94
01/31/2017,CPR,WY,ANM,WE,Combined TRACON& Tower with Radar,4,39,18,0,61,0,0,18,0,18,4,39,36,0,79,31,0,31,110
02/01/2017,CPR,WY,ANM,WE,Combined TRACON& Tower with Radar,3,28,10,0,41,0,0,0,0,0,3,28,10,0,41,0,0,0,41
02/02/2017,CPR,WY,ANM,WE,Combined TRACON& Tower with Radar,7,36,9,0,52,0,0,1,0,1,7,36,10,0,53,0,0,0,53
02/03/2017,CPR,WY,ANM,WE,Combined TRACON& Tower with Radar,4,36,16,2,58,0,4,34,0,38,4,40,50,2,96,14,0,14,110
02/04/2017,CPR,WY,ANM,WE,Combined TRACON& Tower with Radar,2,17,5,2,26,0,1,17,0,18,2,18,22,2,44,16,0,16,60
02/05/2017,CPR,WY,ANM,WE,Combined TRACON& Tower with Radar,4,11,15,0,30,0,1,8,0,9,4,12,23,0,39,0,0,0,39
02/06/2017,CPR,WY,ANM,WE,Combined TRACON& Tower with Radar,2,26,18,0,46,0,3,8,0,11,2,29,26,0,57,0,0,0,57
02/07/2017,CPR,WY,ANM,WE,Combined TRACON& Tower with Radar,4,33,13,0,50,0,0,1,0,1,4,33,14,0,51,0,0,0,51
02/08/2017,CPR,WY,ANM,WE,Combined TRACON& Tower with Radar,4,31,19,0,54,0,1,33,1,35,4,32,52,1,89,24,0,24,113
02/09/2017,CPR,WY,ANM,WE,Combined TRACON& Tower with Radar,4,33,23,0,60,0,0,16,0,16,4,33,39,0,76,0,0,0,76
02/10/2017,CPR,WY,ANM,WE,Combined TRACON& Tower with Radar,3,31,17,2,53,0,0,13,0,13,3,31,30,2,66,10,0,10,76
02/11/2017,CPR,WY,ANM,WE,Combined TRACON& Tower with Radar,2,16,5,4,27,0,1,7,0,8,2,17,12,4,35,36,0,36,71
02/12/2017,CPR,WY,ANM,WE,Combined TRACON& Tower with Radar,0,0,0,0,0,0,0,22,0,22,0,0,22,0,22,36,0,36,58
02/13/2017,CPR,WY,ANM,WE,Combined TRACON& Tower with Radar,2,32,14,0,48,0,1,40,0,41,2,33,54,0,89,26,0,26,115
02/14/2017,CPR,WY,ANM,WE,Combined TRACON& Tower with Radar,4,35,14,0,53,0,2,23,0,25,4,37,37,0,78,18,0,18,96
02/15/2017,CPR,WY,ANM,WE,Combined TRACON& Tower with Radar,4,33,28,4,69,0,1,15,0,16,4,34,43,4,85,0,0,0,85
02/16/2017,CPR,WY,ANM,WE,Combined TRACON& Tower with Radar,10,34,14,0,58,26,4,28,0,58,36,38,42,0,116,0,0,0,116
02/17/2017,CPR,WY,ANM,WE,Combined TRACON& Tower with Radar,8,28,19,0,55,0,1,41,0,42,8,29,60,0,97,0,0,0,97
02/18/2017,CPR,WY,ANM,WE,Combined TRACON& Tower with Radar,7,18,7,0,32,0,0,13,0,13,7,18,20,0,45,0,0,0,45
02/19/2017,CPR,WY,ANM,WE,Combined TRACON& Tower with Radar,6,8,4,0,18,0,3,10,0,13,6,11,14,0,31,0,0,0,31
02/20/2017,CPR,WY,ANM,WE,Combined TRACON& Tower with Radar,6,28,10,0,44,0,4,9,0,13,6,32,19,0,57,0,0,0,57
02/21/2017,CPR,WY,ANM,WE,Combined TRACON& Tower with Radar,9,25,11,0,45,0,0,5,0,5,9,25,16,0,50,0,0,0,50
02/22/2017,CPR,WY,ANM,WE,Combined TRACON& Tower with Radar,8,26,23,2,59,0,4,28,0,32,8,30,51,2,91,16,0,16,107
02/23/2017,CPR,WY,ANM,WE,Combined TRACON& Tower with Radar,6,9,1,0,16,0,0,0,0,0,6,9,1,0,16,0,0,0,16
02/24/2017,CPR,WY,ANM,WE,Combined TRACON& Tower with Radar,9,33,9,8,59,0,0,3,0,3,9,33,12,8,62,0,0,0,62
02/25/2017,CPR,WY,ANM,WE,Combined TRACON& Tower with Radar,7,20,8,5,40,0,2,23,0,25,7,22,31,5,65,2,0,2,67
02/26/2017,CPR,WY,ANM,WE,Combined TRACON& Tower with Radar,4,10,6,0,20,0,0,8,0,8,4,10,14,0,28,0,0,0,28
02/27/2017,CPR,WY,ANM,WE,Combined TRACON& Tower with Radar,6,23,15,0,44,0,2,20,0,22,6,25,35,0,66,14,0,14,80
02/28/2017,CPR,WY,ANM,WE,Combined TRACON& Tower with Radar,7,31,13,0,51,0,0,30,0,30,7,31,43,0,81,18,0,18,99
03/01/2017,CPR,WY,ANM,WE,Combined TRACON& Tower with Radar,9,34,13,0,56,0,5,25,0,30,9,39,38,0,86,20,0,20,106
03/02/2017,CPR,WY,ANM,WE,Combined TRACON& Tower with Radar,10,25,18,2,55,0,0,23,0,23,10,25,41,2,78,14,0,14,92
03/03/2017,CPR,WY,ANM,WE,Combined TRACON& Tower with Radar,9,29,17,0,55,0,0,15,0,15,9,29,32,0,70,0,0,0,70
03/04/2017,CPR,WY,ANM,WE,Combined TRACON& Tower with Radar,8,11,8,0,27,0,0,16,0,16,8,11,24,0,43,6,0,6,49
03/05/2017,CPR,WY,ANM,WE,Combined TRACON& Tower with Radar,4,7,15,0,26,0,0,7,0,7,4,7,22,0,33,6,0,6,39
03/06/2017,CPR,WY,ANM,WE,Combined TRACON& Tower with Radar,5,16,6,0,27,0,0,2,0,2,5,16,8,0,29,0,0,0,29
03/07/2017,CPR,WY,ANM,WE,Combined TRACON& Tower with Radar,7,34,23,0,64,0,0,6,0,6,7,34,29,0,70,0,0,0,70
03/08/2017,CPR,WY,ANM,WE,Combined TRACON& Tower with Radar,7,33,15,0,55,0,0,9,0,9,7,33,24,0,64,0,0,0,64
03/09/2017,CPR,WY,ANM,WE,Combined TRACON& Tower with Radar,7,36,23,0,66,0,7,23,0,30,7,43,46,0,96,4,0,4,100
03/10/2017,CPR,WY,ANM,WE,Combined TRACON& Tower with Radar,7,25,15,0,47,0,0,17,0,17,7,25,32,0,64,2,0,2,66
03/11/2017,CPR,WY,ANM,WE,Combined TRACON& Tower with Radar,6,19,4,0,29,0,0,28,0,28,6,19,32,0,57,22,0,22,79
03/12/2017,CPR,WY,ANM,WE,Combined TRACON& Tower with Radar,4,8,6,2,20,0,0,5,4,9,4,8,11,6,29,0,0,0,29
03/13/2017,CPR,WY,ANM,WE,Combined TRACON& Tower with Radar,5,24,21,0,50,0,0,22,0,22,5,24,43,0,72,2,0,2,74
03/14/2017,CPR,WY,ANM,WE,Combined TRACON& Tower with Radar,8,26,30,6,70,0,0,24,1,25,8,26,54,7,95,36,0,36,131
03/15/2017,CPR,WY,ANM,WE,Combined TRACON& Tower with Radar,7,29,18,0,54,0,1,34,0,35,7,30,52,0,89,34,0,34,123
03/16/2017,CPR,WY,ANM,WE,Combined TRACON& Tower with Radar,8,26,8,0,42,0,0,12,0,12,8,26,20,0,54,0,0,0,54
03/17/2017,CPR,WY,ANM,WE,Combined TRACON& Tower with Radar,6,28,13,8,55,0,1,45,0,46,6,29,58,8,101,28,20,48,149
03/18/2017,CPR,WY,ANM,WE,Combined TRACON& Tower with Radar,6,18,5,0,29,0,2,15,0,17,6,20,20,0,46,20,0,20,66
03/19/2017,CPR,WY,ANM,WE,Combined TRACON& Tower with Radar,5,16,10,0,31,0,3,10,0,13,5,19,20,0,44,10,0,10,54
03/20/2017,CPR,WY,ANM,WE,Combined TRACON& Tower with Radar,5,22,15,0,42,0,0,26,0,26,5,22,41,0,68,40,0,40,108
03/21/2017,CPR,WY,ANM,WE,Combined TRACON& Tower with Radar,7,35,22,0,64,0,1,4,0,5,7,36,26,0,69,0,0,0,69
03/22/2017,CPR,WY,ANM,WE,Combined TRACON& Tower with Radar,6,33,24,0,63,0,4,16,0,20,6,37,40,0,83,20,0,20,103
03/23/2017,CPR,WY,ANM,WE,Combined TRACON& Tower with Radar,7,28,28,0,63,0,0,8,0,8,7,28,36,0,71,8,0,8,79
03/24/2017,CPR,WY,ANM,WE,Combined TRACON& Tower with Radar,5,27,17,0,49,0,2,35,0,37,5,29,52,0,86,28,0,28,114
03/25/2017,CPR,WY,ANM,WE,Combined TRACON& Tower with Radar,6,13,11,0,30,0,0,20,0,20,6,13,31,0,50,18,0,18,68
03/26/2017,CPR,WY,ANM,WE,Combined TRACON& Tower with Radar,5,10,10,0,25,0,0,15,0,15,5,10,25,0,40,22,0,22,62
03/27/2017,CPR,WY,ANM,WE,Combined TRACON& Tower with Radar,5,25,15,0,45,0,2,32,0,34,5,27,47,0,79,24,0,24,103
03/28/2017,CPR,WY,ANM,WE,Combined TRACON& Tower with Radar,5,34,11,2,52,0,0,3,0,3,5,34,14,2,55,0,6,6,61
03/29/2017,CPR,WY,ANM,WE,Combined TRACON& Tower with Radar,7,23,21,0,51,0,1,35,0,36,7,24,56,0,87,62,0,62,149
03/30/2017,CPR,WY,ANM,WE,Combined TRACON& Tower with Radar,8,27,18,1,54,0,0,19,1,20,8,27,37,2,74,10,0,10,84
03/31/2017,CPR,WY,ANM,WE,Combined TRACON& Tower with Radar,6,27,18,0,51,0,0,0,0,0,6,27,18,0,51,0,0,0,51
04/01/2017,CPR,WY,ANM,WE,Combined TRACON& Tower with Radar,5,18,7,0,30,0,0,8,0,8,5,18,15,0,38,18,0,18,56
04/02/2017,CPR,WY,ANM,WE,Combined TRACON& Tower with Radar,5,10,9,0,24,0,6,9,0,15,5,16,18,0,39,16,0,16,55
04/03/2017,CPR,WY,ANM,WE,Combined TRACON& Tower with Radar,5,23,12,0,40,0,0,2,0,2,5,23,14,0,42,2,0,2,44
04/04/2017,CPR,WY,ANM,WE,Combined TRACON& Tower with Radar,8,28,9,0,45,0,2,3,2,7,8,30,12,2,52,0,0,0,52
04/05/2017,CPR,WY,ANM,WE,Combined TRACON& Tower with Radar,8,36,12,0,56,0,5,40,0,45,8,41,52,0,101,24,0,24,125
04/06/2017,CPR,WY,ANM,WE,Combined TRACON& Tower with Radar,13,27,26,0,66,0,2,46,2,50,13,29,72,2,116,56,0,56,172
04/07/2017,CPR,WY,ANM,WE,Combined TRACON& Tower with Radar,8,23,11,0,42,0,5,29,0,34,8,28,40,0,76,4,0,4,80
04/08/2017,CPR,WY,ANM,WE,Combined TRACON& Tower with Radar,5,15,3,0,23,0,0,12,0,12,5,15,15,0,35,6,0,6,41
04/09/2017,CPR,WY,ANM,WE,Combined TRACON& Tower with Radar,8,8,6,0,22,0,0,0,0,0,8,8,6,0,22,0,0,0,22
04/10/2017,CPR,WY,ANM,WE,Combined TRACON& Tower with Radar,9,22,17,0,48,0,0,32,0,32,9,22,49,0,80,20,0,20,100
04/11/2017,CPR,WY,ANM,WE,Combined TRACON& Tower with Radar,5,23,18,0,46,0,4,41,0,45,5,27,59,0,91,16,0,16,107
04/12/2017,CPR,WY,ANM,WE,Combined TRACON& Tower with Radar,6,32,19,0,57,0,1,34,0,35,6,33,53,0,92,24,0,24,116
04/13/2017,CPR,WY,ANM,WE,Combined TRACON& Tower with Radar,10,29,15,0,54,0,4,37,0,41,10,33,52,0,95,42,0,42,137
04/14/2017,CPR,WY,ANM,WE,Combined TRACON& Tower with Radar,8,28,15,0,51,0,0,21,0,21,8,28,36,0,72,0,0,0,72
04/15/2017,CPR,WY,ANM,WE,Combined TRACON& Tower with Radar,7,13,1,2,23,0,0,21,0,21,7,13,22,2,44,12,0,12,56
04/16/2017,CPR,WY,ANM,WE,Combined TRACON& Tower with Radar,6,9,7,0,22,0,0,12,0,12,6,9,19,0,34,0,0,0,34
04/17/2017,CPR,WY,ANM,WE,Combined TRACON& Tower with Radar,7,20,9,0,36,0,3,15,0,18,7,23,24,0,54,0,0,0,54
04/18/2017,CPR,WY,ANM,WE,Combined TRACON& Tower with Radar,8,31,16,1,56,0,2,32,1,35,8,33,48,2,91,40,0,40,131
04/19/2017,CPR,WY,ANM,WE,Combined TRACON& Tower with Radar,7,29,13,0,49,0,0,9,0,9,7,29,22,0,58,38,0,38,96
04/20/2017,CPR,WY,ANM,WE,Combined TRACON& Tower with Radar,10,26,23,0,59,0,0,36,0,36,10,26,59,0,95,20,0,20,115
04/21/2017,CPR,WY,ANM,WE,Combined TRACON& Tower with Radar,8,37,13,0,58,0,0,0,0,0,8,37,13,0,58,0,0,0,58
04/22/2017,CPR,WY,ANM,WE,Combined TRACON& Tower with Radar,7,10,9,0,26,0,0,12,2,14,7,10,21,2,40,4,0,4,44
04/23/2017,CPR,WY,ANM,WE,Combined TRACON& Tower with Radar,6,11,8,0,25,0,0,14,0,14,6,11,22,0,39,0,0,0,39
04/24/2017,CPR,WY,ANM,WE,Combined TRACON& Tower with Radar,7,22,11,3,43,0,2,28,4,34,7,24,39,7,77,12,24,36,113
04/25/2017,CPR,WY,ANM,WE,Combined TRACON& Tower with Radar,8,23,11,0,42,0,0,2,0,2,8,23,13,0,44,0,0,0,44
04/26/2017,CPR,WY,ANM,WE,Combined TRACON& Tower with Radar,7,33,22,0,62,0,0,35,0,35,7,33,57,0,97,12,0,12,109
04/27/2017,CPR,WY,ANM,WE,Combined TRACON& Tower with Radar,11,26,36,0,73,0,0,6,0,6,11,26,42,0,79,8,0,8,87
04/28/2017,CPR,WY,ANM,WE,Combined TRACON& Tower with Radar,6,22,7,0,35,0,0,0,0,0,6,22,7,0,35,0,0,0,35
04/29/2017,CPR,WY,ANM,WE,Combined TRACON& Tower with Radar,7,19,10,2,38,0,3,20,0,23,7,22,30,2,61,0,0,0,61
04/30/2017,CPR,WY,ANM,WE,Combined TRACON& Tower with Radar,4,10,19,0,33,0,1,30,0,31,4,11,49,0,64,22,0,22,86
05/01/2017,CPR,WY,ANM,WE,Combined TRACON& Tower with Radar,8,16,6,0,30,0,4,13,0,17,8,20,19,0,47,16,0,16,63
05/02/2017,CPR,WY,ANM,WE,Combined TRACON& Tower with Radar,8,32,25,0,65,0,0,30,0,30,8,32,55,0,95,16,0,16,111
05/03/2017,CPR,WY,ANM,WE,Combined TRACON& Tower with Radar,7,30,17,0,54,0,3,31,0,34,7,33,48,0,88,23,0,23,111
05/04/2017,CPR,WY,ANM,WE,Combined TRACON& Tower with Radar,11,30,22,0,63,0,2,61,0,63,11,32,83,0,126,26,0,26,152
05/05/2017,CPR,WY,ANM,WE,Combined TRACON& Tower with Radar,8,32,14,0,54,0,1,53,0,54,8,33,67,0,108,22,0,22,130
05/06/2017,CPR,WY,ANM,WE,Combined TRACON& Tower with Radar,7,17,7,0,31,0,2,33,0,35,7,19,40,0,66,4,0,4,70
05/07/2017,CPR,WY,ANM,WE,Combined TRACON& Tower with Radar,5,12,10,0,27,0,1,15,0,16,5,13,25,0,43,0,0,0,43
05/08/2017,CPR,WY,ANM,WE,Combined TRACON& Tower with Radar,7,27,20,0,54,0,0,13,0,13,7,27,33,0,67,8,0,8,75
05/09/2017,CPR,WY,ANM,WE,Combined TRACON& Tower with Radar,8,31,20,0,59,0,4,30,0,34,8,35,50,0,93,14,0,14,107
05/10/2017,CPR,WY,ANM,WE,Combined TRACON& Tower with Radar,9,28,16,8,61,0,4,22,0,26,9,32,38,8,87,0,0,0,87
05/11/2017,CPR,WY,ANM,WE,Combined TRACON& Tower with Radar,10,28,15,0,53,0,0,38,0,38,10,28,53,0,91,16,0,16,107
05/12/2017,CPR,WY,ANM,WE,Combined TRACON& Tower with Radar,8,32,20,2,62,0,6,28,0,34,8,38,48,2,96,12,0,12,108
05/13/2017,CPR,WY,ANM,WE,Combined TRACON& Tower with Radar,8,9,13,2,32,0,0,39,0,39,8,9,52,2,71,10,0,10,81
05/14/2017,CPR,WY,ANM,WE,Combined TRACON& Tower with Radar,6,8,6,0,20,0,0,10,0,10,6,8,16,0,30,6,0,6,36
05/15/2017,CPR,WY,ANM,WE,Combined TRACON& Tower with Radar,7,22,18,0,47,0,0,12,0,12,7,22,30,0,59,4,0,4,63
05/16/2017,CPR,WY,ANM,WE,Combined TRACON& Tower with Radar,7,28,28,0,63,0,2,12,2,16,7,30,40,2,79,0,0,0,79
05/17/2017,CPR,WY,ANM,WE,Combined TRACON& Tower with Radar,7,29,21,0,57,0,0,15,0,15,7,29,36,0,72,6,0,6,78
05/18/2017,CPR,WY,ANM,WE,Combined TRACON& Tower with Radar,7,19,7,0,33,0,0,0,0,0,7,19,7,0,33,0,0,0,33
05/19/2017,CPR,WY,ANM,WE,Combined TRACON& Tower with Radar,7,28,11,0,46,0,0,3,0,3,7,28,14,0,49,0,0,0,49
05/20/2017,CPR,WY,ANM,WE,Combined TRACON& Tower with Radar,7,15,6,0,28,0,0,20,0,20,7,15,26,0,48,4,0,4,52
05/21/2017,CPR,WY,ANM,WE,Combined TRACON& Tower with Radar,5,12,4,0,21,0,0,5,0,5,5,12,9,0,26,20,0,20,46
05/22/2017,CPR,WY,ANM,WE,Combined TRACON& Tower with Radar,8,24,16,0,48,0,0,17,0,17,8,24,33,0,65,0,0,0,65
05/23/2017,CPR,WY,ANM,WE,Combined TRACON& Tower with Radar,7,29,15,2,53,0,4,41,1,46,7,33,56,3,99,20,4,24,123
05/24/2017,CPR,WY,ANM,WE,Combined TRACON& Tower with Radar,9,28,16,5,58,0,2,26,5,33,9,30,42,10,91,0,22,22,113
05/25/2017,CPR,WY,ANM,WE,Combined TRACON& Tower with Radar,10,38,16,0,64,0,0,23,0,23,10,38,39,0,87,0,0,0,87
05/26/2017,CPR,WY,ANM,WE,Combined TRACON& Tower with Radar,8,32,16,0,56,0,2,19,0,21,8,34,35,0,77,0,0,0,77
05/27/2017,CPR,WY,ANM,WE,Combined TRACON& Tower with Radar,7,12,9,0,28,0,2,22,0,24,7,14,31,0,52,0,0,0,52
05/28/2017,CPR,WY,ANM,WE,Combined TRACON& Tower with Radar,5,11,8,0,24,0,5,19,0,24,5,16,27,0,48,0,0,0,48
05/29/2017,CPR,WY,ANM,WE,Combined TRACON& Tower with Radar,5,13,4,0,22,0,1,24,0,25,5,14,28,0,47,0,0,0,47
05/30/2017,CPR,WY,ANM,WE,Combined TRACON& Tower with Radar,7,21,23,0,51,0,8,26,0,34,7,29,49,0,85,0,0,0,85
05/31/2017,CPR,WY,ANM,WE,Combined TRACON& Tower with Radar,8,29,19,1,57,0,2,38,0,40,8,31,57,1,97,12,0,12,109
06/01/2017,CPR,WY,ANM,WE,Combined TRACON& Tower with Radar,8,31,22,0,61,0,1,27,0,28,8,32,49,0,89,0,0,0,89
06/02/2017,CPR,WY,ANM,WE,Combined TRACON& Tower with Radar,8,27,17,3,55,0,0,26,0,26,8,27,43,3,81,0,0,0,81
06/03/2017,CPR,WY,ANM,WE,Combined TRACON& Tower with Radar,6,12,10,0,28,0,1,41,2,44,6,13,51,2,72,24,0,24,96
06/04/2017,CPR,WY,ANM,WE,Combined TRACON& Tower with Radar,6,11,9,1,27,0,0,19,1,20,6,11,28,2,47,0,0,0,47
06/05/2017,CPR,WY,ANM,WE,Combined TRACON& Tower with Radar,5,21,10,0,36,0,6,23,0,29,5,27,33,0,65,0,0,0,65
06/06/2017,CPR,WY,ANM,WE,Combined TRACON& Tower with Radar,6,36,26,0,68,0,2,35,0,37,6,38,61,0,105,2,0,2,107
06/07/2017,CPR,WY,ANM,WE,Combined TRACON& Tower with Radar,9,29,18,0,56,0,2,35,0,37,9,31,53,0,93,0,0,0,93
06/08/2017,CPR,WY,ANM,WE,Combined TRACON& Tower with Radar,7,17,13,0,37,0,2,27,0,29,7,19,40,0,66,0,0,0,66
06/09/2017,CPR,WY,ANM,WE,Combined TRACON& Tower with Radar,4,25,20,0,49,0,7,15,0,22,4,32,35,0,71,0,0,0,71
06/10/2017,CPR,WY,ANM,WE,Combined TRACON& Tower with Radar,6,16,7,0,29,0,5,13,0,18,6,21,20,0,47,4,0,4,51
06/11/2017,CPR,WY,ANM,WE,Combined TRACON& Tower with Radar,3,16,13,0,32,0,0,16,0,16,3,16,29,0,48,1,0,1,49
06/12/2017,CPR,WY,ANM,WE,Combined TRACON& Tower with Radar,5,18,18,0,41,0,2,8,3,13,5,20,26,3,54,0,0,0,54
06/13/2017,CPR,WY,ANM,WE,Combined TRACON& Tower with Radar,6,33,17,0,56,0,0,22,3,25,6,33,39,3,81,8,0,8,89
06/14/2017,CPR,WY,ANM,WE,Combined TRACON& Tower with Radar,7,38,22,0,67,0,8,27,0,35,7,46,49,0,102,4,0,4,106
06/15/2017,CPR,WY,ANM,WE,Combined TRACON& Tower with Radar,8,29,19,2,58,0,4,45,2,51,8,33,64,4,109,0,0,0,109
06/16/2017,CPR,WY,ANM,WE,Combined TRACON& Tower with Radar,7,32,6,2,47,0,0,27,0,27,7,32,33,2,74,0,0,0,74
06/17/2017,CPR,WY,ANM,WE,Combined TRACON& Tower with Radar,6,14,4,0,24,0,2,7,0,9,6,16,11,0,33,0,0,0,33
06/18/2017,CPR,WY,ANM,WE,Combined TRACON& Tower with Radar,3,13,6,0,22,0,5,34,0,39,3,18,40,0,61,2,0,2,63
06/19/2017,CPR,WY,ANM,WE,Combined TRACON& Tower with Radar,3,20,14,2,39,0,3,33,0,36,3,23,47,2,75,9,0,9,84
06/20/2017,CPR,WY,ANM,WE,Combined TRACON& Tower with Radar,6,33,21,0,60,0,3,47,0,50,6,36,68,0,110,28,0,28,138
06/21/2017,CPR,WY,ANM,WE,Combined TRACON& Tower with Radar,5,31,15,3,54,0,4,40,1,45,5,35,55,4,99,24,0,24,123
06/22/2017,CPR,WY,ANM,WE,Combined TRACON& Tower with Radar,8,15,11,0,34,0,1,32,0,33,8,16,43,0,67,0,0,0,67
06/23/2017,CPR,WY,ANM,WE,Combined TRACON& Tower with Radar,3,21,12,1,37,0,2,41,0,43,3,23,53,1,80,0,0,0,80
06/24/2017,CPR,WY,ANM,WE,Combined TRACON& Tower with Radar,5,19,9,0,33,0,1,23,0,24,5,20,32,0,57,10,0,10,67
06/25/2017,CPR,WY,ANM,WE,Combined TRACON& Tower with Radar,0,0,0,0,0,0,2,17,1,20,0,2,17,1,20,4,0,4,24
06/26/2017,CPR,WY,ANM,WE,Combined TRACON& Tower with Radar,4,21,17,0,42,0,1,35,0,36,4,22,52,0,78,10,0,10,88
06/27/2017,CPR,WY,ANM,WE,Combined TRACON& Tower with Radar,4,16,16,0,36,0,0,25,0,25,4,16,41,0,61,6,0,6,67
06/28/2017,CPR,WY,ANM,WE,Combined TRACON& Tower with Radar,4,28,14,2,48,0,1,19,1,21,4,29,33,3,69,0,0,0,69
06/29/2017,CPR,WY,ANM,WE,Combined TRACON& Tower with Radar,9,32,27,2,70,0,2,29,1,32,9,34,56,3,102,2,0,2,104
06/30/2017,CPR,WY,ANM,WE,Combined TRACON& Tower with Radar,7,32,16,0,55,0,2,31,0,33,7,34,47,0,88,0,0,0,88
07/01/2017,CPR,WY,ANM,WE,Combined TRACON& Tower with Radar,6,16,3,0,25,0,1,20,0,21,6,17,23,0,46,12,0,12,58
07/02/2017,CPR,WY,ANM,WE,Combined TRACON& Tower with Radar,3,15,4,0,22,0,2,25,0,27,3,17,29,0,49,10,0,10,59
07/03/2017,CPR,WY,ANM,WE,Combined TRACON& Tower with Radar,2,20,5,0,27,0,1,41,0,42,2,21,46,0,69,0,0,0,69
07/04/2017,CPR,WY,ANM,WE,Combined TRACON& Tower with Radar,1,13,4,0,18,0,3,24,0,27,1,16,28,0,45,0,0,0,45
07/05/2017,CPR,WY,ANM,WE,Combined TRACON& Tower with Radar,7,27,14,2,50,0,0,42,0,42,7,27,56,2,92,0,2,2,94
07/06/2017,CPR,WY,ANM,WE,Combined TRACON& Tower with Radar,9,29,13,0,51,0,1,26,0,27,9,30,39,0,78,8,0,8,86
07/07/2017,CPR,WY,ANM,WE,Combined TRACON& Tower with Radar,7,27,18,9,61,0,0,36,0,36,7,27,54,9,97,30,0,30,127
07/08/2017,CPR,WY,ANM,WE,Combined TRACON& Tower with Radar,3,16,6,0,25,0,3,38,0,41,3,19,44,0,66,28,0,28,94
07/09/2017,CPR,WY,ANM,WE,Combined TRACON& Tower with Radar,4,11,14,0,29,0,7,28,0,35,4,18,42,0,64,11,0,11,75
07/10/2017,CPR,WY,ANM,WE,Combined TRACON& Tower with Radar,6,22,16,0,44,0,0,29,0,29,6,22,45,0,73,12,0,12,85
07/11/2017,CPR,WY,ANM,WE,Combined TRACON& Tower with Radar,7,27,21,0,55,0,2,31,0,33,7,29,52,0,88,0,0,0,88
07/12/2017,CPR,WY,ANM,WE,Combined TRACON& Tower with Radar,6,35,21,0,62,0,0,38,0,38,6,35,59,0,100,24,0,24,124
07/13/2017,CPR,WY,ANM,WE,Combined TRACON& Tower with Radar,8,33,27,2,70,0,2,27,0,29,8,35,54,2,99,4,0,4,103
07/14/2017,CPR,WY,ANM,WE,Combined TRACON& Tower with Radar,7,31,10,0,48,0,0,24,0,24,7,31,34,0,72,6,0,6,78
07/15/2017,CPR,WY,ANM,WE,Combined TRACON& Tower with Radar,3,21,5,0,29,0,5,78,0,83,3,26,83,0,112,18,0,18,130
07/16/2017,CPR,WY,ANM,WE,Combined TRACON& Tower with Radar,4,11,7,0,22,0,5,18,0,23,4,16,25,0,45,6,0,6,51
07/17/2017,CPR,WY,ANM,WE,Combined TRACON& Tower with Radar,5,26,11,0,42,0,6,40,0,46,5,32,51,0,88,10,0,10,98
07/18/2017,CPR,WY,ANM,WE,Combined TRACON& Tower with Radar,7,29,13,1,50,0,0,32,0,32,7,29,45,1,82,22,0,22,104
07/19/2017,CPR,WY,ANM,WE,Combined TRACON& Tower with Radar,7,29,19,0,55,0,3,44,0,47,7,32,63,0,102,4,0,4,106
07/20/2017,CPR,WY,ANM,WE,Combined TRACON& Tower with Radar,7,30,22,0,59,0,2,33,0,35,7,32,55,0,94,24,0,24,118
07/21/2017,CPR,WY,ANM,WE,Combined TRACON& Tower with Radar,6,30,20,2,58,0,0,57,0,57,6,30,77,2,115,50,0,50,165
07/22/2017,CPR,WY,ANM,WE,Combined TRACON& Tower with Radar,3,16,16,0,35,0,5,46,0,51,3,21,62,0,86,22,0,22,108
07/23/2017,CPR,WY,ANM,WE,Combined TRACON& Tower with Radar,4,11,9,1,25,0,5,37,3,45,4,16,46,4,70,18,0,18,88
07/24/2017,CPR,WY,ANM,WE,Combined TRACON& Tower with Radar,6,21,14,2,43,0,2,58,2,62,6,23,72,4,105,14,0,14,119
07/25/2017,CPR,WY,ANM,WE,Combined TRACON& Tower with Radar,7,26,18,0,51,0,3,24,2,29,7,29,42,2,80,0,0,0,80
07/26/2017,CPR,WY,ANM,WE,Combined TRACON& Tower with Radar,6,32,17,6,61,0,4,20,2,26,6,36,37,8,87,18,16,34,121
07/27/2017,CPR,WY,ANM,WE,Combined TRACON& Tower with Radar,7,26,19,0,52,0,3,41,6,50,7,29,60,6,102,16,0,16,118
07/28/2017,CPR,WY,ANM,WE,Combined TRACON& Tower with Radar,6,23,14,6,49,0,6,53,0,59,6,29,67,6,108,8,0,8,116
07/29/2017,CPR,WY,ANM,WE,Combined TRACON& Tower with Radar,3,14,7,0,24,0,2,32,0,34,3,16,39,0,58,2,0,2,60
07/30/2017,CPR,WY,ANM,WE,Combined TRACON& Tower with Radar,2,10,13,4,29,0,0,24,0,24,2,10,37,4,53,14,0,14,67
07/31/2017,CPR,WY,ANM,WE,Combined TRACON& Tower with Radar,8,24,13,0,45,0,1,43,0,44,8,25,56,0,89,4,0,4,93
08/01/2017,CPR,WY,ANM,WE,Combined TRACON& Tower with Radar,8,27,19,0,54,0,3,50,0,53,8,30,69,0,107,22,0,22,129
08/02/2017,CPR,WY,ANM,WE,Combined TRACON& Tower with Radar,8,27,15,1,51,0,0,28,0,28,8,27,43,1,79,8,0,8,87
08/03/2017,CPR,WY,ANM,WE,Combined TRACON& Tower with Radar,8,23,31,3,65,0,0,20,0,20,8,23,51,3,85,6,6,12,97
08/04/2017,CPR,WY,ANM,WE,Combined TRACON& Tower with Radar,7,28,12,1,48,0,0,37,1,38,7,28,49,2,86,4,0,4,90
08/05/2017,CPR,WY,ANM,WE,Combined TRACON& Tower with Radar,2,20,7,1,30,0,38,27,2,67,2,58,34,3,97,0,0,0,97
08/06/2017,CPR,WY,ANM,WE,Combined TRACON& Tower with Radar,2,13,14,4,33,0,5,25,0,30,2,18,39,4,63,16,0,16,79
08/07/2017,CPR,WY,ANM,WE,Combined TRACON& Tower with Radar,7,21,10,0,38,0,0,53,0,53,7,21,63,0,91,36,0,36,127
08/08/2017,CPR,WY,ANM,WE,Combined TRACON& Tower with Radar,6,23,22,4,55,0,3,43,4,50,6,26,65,8,105,0,12,12,117
08/09/2017,CPR,WY,ANM,WE,Combined TRACON& Tower with Radar,8,31,17,2,58,0,0,52,5,57,8,31,69,7,115,5,0,5,120
08/10/2017,CPR,WY,ANM,WE,Combined TRACON& Tower with Radar,9,29,10,0,48,0,1,39,0,40,9,30,49,0,88,4,0,4,92
08/11/2017,CPR,WY,ANM,WE,Combined TRACON& Tower with Radar,5,30,14,3,52,0,1,64,0,65,5,31,78,3,117,4,0,4,121
08/12/2017,CPR,WY,ANM,WE,Combined TRACON& Tower with Radar,4,20,3,0,27,0,0,43,0,43,4,20,46,0,70,22,0,22,92
08/13/2017,CPR,WY,ANM,WE,Combined TRACON& Tower with Radar,3,14,15,2,34,0,5,37,0,42,3,19,52,2,76,22,0,22,98
08/14/2017,CPR,WY,ANM,WE,Combined TRACON& Tower with Radar,6,20,15,4,45,0,0,65,0,65,6,20,80,4,110,12,6,18,128
08/15/2017,CPR,WY,ANM,WE,Combined TRACON& Tower with Radar,6,35,11,0,52,0,0,13,0,13,6,35,24,0,65,2,0,2,67
08/16/2017,CPR,WY,ANM,WE,Combined TRACON& Tower with Radar,7,32,19,1,59,0,1,29,2,32,7,33,48,3,91,2,10,12,103
08/17/2017,CPR,WY,ANM,WE,Combined TRACON& Tower with Radar,8,31,23,0,62,0,2,40,0,42,8,33,63,0,104,4,0,4,108
08/18/2017,CPR,WY,ANM,WE,Combined TRACON& Tower with Radar,9,23,22,0,54,0,1,42,0,43,9,24,64,0,97,6,0,6,103
08/19/2017,CPR,WY,ANM,WE,Combined TRACON& Tower with Radar,5,22,16,0,43,0,7,46,0,53,5,29,62,0,96,22,0,22,118
08/20/2017,CPR,WY,ANM,WE,Combined TRACON& Tower with Radar,4,15,22,0,41,0,4,45,0,49,4,19,67,0,90,10,0,10,100
08/21/2017,CPR,WY,ANM,WE,Combined TRACON& Tower with Radar,6,47,155,4,212,0,5,188,0,193,6,52,343,4,405,0,0,0,405
08/22/2017,CPR,WY,ANM,WE,Combined TRACON& Tower with Radar,9,38,20,0,67,0,5,35,0,40,9,43,55,0,107,0,0,0,107
08/23/2017,CPR,WY,ANM,WE,Combined TRACON& Tower with Radar,8,33,17,0,58,0,1,22,0,23,8,34,39,0,81,6,0,6,87
08/24/2017,CPR,WY,ANM,WE,Combined TRACON& Tower with Radar,7,22,22,0,51,0,1,34,0,35,7,23,56,0,86,0,0,0,86
08/25/2017,CPR,WY,ANM,WE,Combined TRACON& Tower with Radar,7,26,12,7,52,0,5,41,0,46,7,31,53,7,98,16,0,16,114
08/26/2017,CPR,WY,ANM,WE,Combined TRACON& Tower with Radar,5,19,11,0,35,0,3,33,0,36,5,22,44,0,71,4,0,4,75
08/27/2017,CPR,WY,ANM,WE,Combined TRACON& Tower with Radar,5,12,5,0,22,0,1,24,0,25,5,13,29,0,47,34,0,34,81
08/28/2017,CPR,WY,ANM,WE,Combined TRACON& Tower with Radar,6,24,13,0,43,0,2,45,0,47,6,26,58,0,90,8,0,8,98
08/29/2017,CPR,WY,ANM,WE,Combined TRACON& Tower with Radar,7,33,16,0,56,0,2,44,0,46,7,35,60,0,102,6,0,6,108
08/30/2017,CPR,WY,ANM,WE,Combined TRACON& Tower with Radar,7,19,20,0,46,0,1,26,0,27,7,20,46,0,73,4,0,4,77
08/31/2017,CPR,WY,ANM,WE,Combined TRACON& Tower with Radar,6,26,15,0,47,0,4,38,0,42,6,30,53,0,89,8,0,8,97
09/01/2017,CPR,WY,ANM,WE,Combined TRACON& Tower with Radar,8,35,15,0,58,0,0,49,0,49,8,35,64,0,107,8,0,8,115
09/02/2017,CPR,WY,ANM,WE,Combined TRACON& Tower with Radar,6,15,8,0,29,0,2,39,0,41,6,17,47,0,70,24,0,24,94
09/03/2017,CPR,WY,ANM,WE,Combined TRACON& Tower with Radar,4,8,9,0,21,0,1,18,0,19,4,9,27,0,40,0,0,0,40
09/04/2017,CPR,WY,ANM,WE,Combined TRACON& Tower with Radar,4,14,9,0,27,0,2,11,0,13,4,16,20,0,40,0,0,0,40
09/05/2017,CPR,WY,ANM,WE,Combined TRACON& Tower with Radar,5,23,31,0,59,0,4,31,0,35,5,27,62,0,94,10,0,10,104
09/06/2017,CPR,WY,ANM,WE,Combined TRACON& Tower with Radar,8,25,25,1,59,0,4,34,1,39,8,29,59,2,98,6,0,6,104
09/07/2017,CPR,WY,ANM,WE,Combined TRACON& Tower with Radar,7,22,22,0,51,0,4,36,0,40,7,26,58,0,91,5,0,5,96
09/08/2017,CPR,WY,ANM,WE,Combined TRACON& Tower with Radar,7,26,15,0,48,0,1,17,0,18,7,27,32,0,66,6,0,6,72
09/09/2017,CPR,WY,ANM,WE,Combined TRACON& Tower with Radar,6,14,9,0,29,0,0,27,3,30,6,14,36,3,59,0,0,0,59
09/10/2017,CPR,WY,ANM,WE,Combined TRACON& Tower with Radar,4,9,10,0,23,0,5,37,0,42,4,14,47,0,65,0,0,0,65
09/11/2017,CPR,WY,ANM,WE,Combined TRACON& Tower with Radar,6,27,15,1,49,0,3,35,0,38,6,30,50,1,87,40,2,42,129
09/12/2017,CPR,WY,ANM,WE,Combined TRACON& Tower with Radar,7,29,22,0,58,0,1,25,0,26,7,30,47,0,84,4,0,4,88
09/13/2017,CPR,WY,ANM,WE,Combined TRACON& Tower with Radar,8,29,18,0,55,0,2,21,0,23,8,31,39,0,78,0,0,0,78
09/14/2017,CPR,WY,ANM,WE,Combined TRACON& Tower with Radar,7,29,17,0,53,0,0,45,0,45,7,29,62,0,98,14,0,14,112
09/15/2017,CPR,WY,ANM,WE,Combined TRACON& Tower with Radar,7,30,13,0,50,0,0,1,0,1,7,30,14,0,51,0,0,0,51
09/16/2017,CPR,WY,ANM,WE,Combined TRACON& Tower with Radar,6,16,7,0,29,0,0,9,0,9,6,16,16,0,38,0,0,0,38
09/17/2017,CPR,WY,ANM,WE,Combined TRACON& Tower with Radar,4,9,10,0,23,0,2,21,0,23,4,11,31,0,46,12,0,12,58
09/18/2017,CPR,WY,ANM,WE,Combined TRACON& Tower with Radar,6,16,19,0,41,0,1,31,0,32,6,17,50,0,73,1,0,1,74
09/19/2017,CPR,WY,ANM,WE,Combined TRACON& Tower with Radar,7,30,16,0,53,0,0,17,0,17,7,30,33,0,70,4,0,4,74
09/20/2017,CPR,WY,ANM,WE,Combined TRACON& Tower with Radar,7,32,15,0,54,0,0,17,3,20,7,32,32,3,74,0,0,0,74
09/21/2017,CPR,WY,ANM,WE,Combined TRACON& Tower with Radar,7,31,16,0,54,1,7,35,0,43,8,38,51,0,97,0,0,0,97
09/22/2017,CPR,WY,ANM,WE,Combined TRACON& Tower with Radar,7,28,23,2,60,0,0,15,0,15,7,28,38,2,75,10,0,10,85
09/23/2017,CPR,WY,ANM,WE,Combined TRACON& Tower with Radar,3,9,5,0,17,0,0,0,0,0,3,9,5,0,17,0,0,0,17
09/24/2017,CPR,WY,ANM,WE,Combined TRACON& Tower with Radar,0,6,5,0,11,0,0,0,0,0,0,6,5,0,11,0,0,0,11
09/25/2017,CPR,WY,ANM,WE,Combined TRACON& Tower with Radar,7,19,16,0,42,0,1,10,0,11,7,20,26,0,53,4,0,4,57
09/26/2017,CPR,WY,ANM,WE,Combined TRACON& Tower with Radar,7,21,11,0,39,0,0,48,0,48,7,21,59,0,87,2,0,2,89
09/27/2017,CPR,WY,ANM,WE,Combined TRACON& Tower with Radar,7,31,25,6,69,0,0,41,0,41,7,31,66,6,110,0,36,36,146
09/28/2017,CPR,WY,ANM,WE,Combined TRACON& Tower with Radar,9,31,15,8,63,0,2,41,0,43,9,33,56,8,106,10,6,16,122
09/29/2017,CPR,WY,ANM,WE,Combined TRACON& Tower with Radar,5,31,16,5,57,0,0,24,1,25,5,31,40,6,82,4,2,6,88
09/30/2017,CPR,WY,ANM,WE,Combined TRACON& Tower with Radar,11,32,12,0,55,0,3,14,0,17,11,35,26,0,72,0,0,0,72
10/01/2017,CPR,WY,ANM,WE,Combined TRACON& Tower with Radar,10,21,14,0,45,0,0,23,0,23,10,21,37,0,68,0,0,0,68
10/02/2017,CPR,WY,ANM,WE,Combined TRACON& Tower with Radar,5,21,17,2,45,0,0,5,0,5,5,21,22,2,50,0,0,0,50
10/03/2017,CPR,WY,ANM,WE,Combined TRACON& Tower with Radar,8,28,27,0,63,0,1,29,0,30,8,29,56,0,93,15,0,15,108
10/04/2017,CPR,WY,ANM,WE,Combined TRACON& Tower with Radar,7,29,15,1,52,0,1,49,6,56,7,30,64,7,108,18,0,18,126
10/05/2017,CPR,WY,ANM,WE,Combined TRACON& Tower with Radar,7,31,17,2,57,0,0,37,0,37,7,31,54,2,94,8,0,8,102
10/06/2017,CPR,WY,ANM,WE,Combined TRACON& Tower with Radar,3,32,15,0,50,0,0,37,0,37,3,32,52,0,87,24,0,24,111
10/07/2017,CPR,WY,ANM,WE,Combined TRACON& Tower with Radar,2,18,8,2,30,0,4,10,0,14,2,22,18,2,44,2,0,2,46
10/08/2017,CPR,WY,ANM,WE,Combined TRACON& Tower with Radar,0,16,13,0,29,0,0,4,0,4,0,16,17,0,33,0,0,0,33
10/09/2017,CPR,WY,ANM,WE,Combined TRACON& Tower with Radar,1,31,10,0,42,0,1,7,0,8,1,32,17,0,50,0,0,0,50
10/10/2017,CPR,WY,ANM,WE,Combined TRACON& Tower with Radar,3,30,18,2,53,0,1,35,0,36,3,31,53,2,89,20,0,20,109
10/11/2017,CPR,WY,ANM,WE,Combined TRACON& Tower with Radar,3,35,18,0,56,0,0,20,1,21,3,35,38,1,77,4,0,4,81
10/12/2017,CPR,WY,ANM,WE,Combined TRACON& Tower with Radar,5,34,20,0,59,0,0,58,0,58,5,34,78,0,117,32,0,32,149
10/13/2017,CPR,WY,ANM,WE,Combined TRACON& Tower with Radar,3,27,17,4,51,0,1,35,0,36,3,28,52,4,87,32,0,32,119
10/14/2017,CPR,WY,ANM,WE,Combined TRACON& Tower with Radar,2,17,4,0,23,0,0,1,0,1,2,17,5,0,24,0,0,0,24
10/15/2017,CPR,WY,ANM,WE,Combined TRACON& Tower with Radar,2,12,6,2,22,0,2,33,0,35,2,14,39,2,57,24,0,24,81
10/16/2017,CPR,WY,ANM,WE,Combined TRACON& Tower with Radar,2,23,18,0,43,0,0,33,0,33,2,23,51,0,76,0,0,0,76
10/17/2017,CPR,WY,ANM,WE,Combined TRACON& Tower with Radar,4,38,18,0,60,0,10,26,0,36,4,48,44,0,96,18,0,18,114
10/18/2017,CPR,WY,ANM,WE,Combined TRACON& Tower with Radar,5,36,19,2,62,0,0,56,0,56,5,36,75,2,118,31,0,31,149
10/19/2017,CPR,WY,ANM,WE,Combined TRACON& Tower with Radar,5,30,19,0,54,0,0,60,0,60,5,30,79,0,114,6,0,6,120
10/20/2017,CPR,WY,ANM,WE,Combined TRACON& Tower with Radar,3,31,11,2,47,0,1,12,0,13,3,32,23,2,60,0,0,0,60
10/21/2017,CPR,WY,ANM,WE,Combined TRACON& Tower with Radar,2,17,2,0,21,0,1,17,0,18,2,18,19,0,39,6,0,6,45
10/22/2017,CPR,WY,ANM,WE,Combined TRACON& Tower with Radar,4,19,7,0,30,0,1,7,0,8,4,20,14,0,38,0,0,0,38
10/23/2017,CPR,WY,ANM,WE,Combined TRACON& Tower with Radar,2,27,18,0,47,0,2,38,0,40,2,29,56,0,87,4,0,4,91
10/24/2017,CPR,WY,ANM,WE,Combined TRACON& Tower with Radar,3,33,14,0,50,0,7,53,0,60,3,40,67,0,110,10,0,10,120
10/25/2017,CPR,WY,ANM,WE,Combined TRACON& Tower with Radar,3,29,16,2,50,0,0,16,0,16,3,29,32,2,66,0,0,0,66
10/26/2017,CPR,WY,ANM,WE,Combined TRACON& Tower with Radar,5,25,19,0,49,0,2,3,0,5,5,27,22,0,54,0,0,0,54
10/27/2017,CPR,WY,ANM,WE,Combined TRACON& Tower with Radar,3,32,14,4,53,0,0,50,0,50,3,32,64,4,103,24,0,24,127
10/28/2017,CPR,WY,ANM,WE,Combined TRACON& Tower with Radar,4,15,6,2,27,0,0,19,2,21,4,15,25,4,48,20,0,20,68
10/29/2017,CPR,WY,ANM,WE,Combined TRACON& Tower with Radar,4,14,9,0,27,0,2,13,0,15,4,16,22,0,42,8,0,8,50
10/30/2017,CPR,WY,ANM,WE,Combined TRACON& Tower with Radar,8,16,15,1,40,0,1,14,3,18,8,17,29,4,58,18,0,18,76
10/31/2017,CPR,WY,ANM,WE,Combined TRACON& Tower with Radar,7,19,11,0,37,0,2,47,0,49,7,21,58,0,86,4,0,4,90
11/01/2017,CPR,WY,ANM,WE,Combined TRACON& Tower with Radar,7,26,10,0,43,0,0,9,0,9,7,26,19,0,52,0,0,0,52
11/02/2017,CPR,WY,ANM,WE,Combined TRACON& Tower with Radar,6,26,15,0,47,0,0,0,0,0,6,26,15,0,47,0,0,0,47
11/03/2017,CPR,WY,ANM,WE,Combined TRACON& Tower with Radar,4,34,25,0,63,0,4,25,0,29,4,38,50,0,92,0,0,0,92
11/04/2017,CPR,WY,ANM,WE,Combined TRACON& Tower with Radar,4,19,7,0,30,0,0,2,0,2,4,19,9,0,32,0,0,0,32
11/05/2017,CPR,WY,ANM,WE,Combined TRACON& Tower with Radar,3,13,4,2,22,0,1,17,0,18,3,14,21,2,40,36,0,36,76
11/06/2017,CPR,WY,ANM,WE,Combined TRACON& Tower with Radar,3,29,7,2,41,0,0,12,0,12,3,29,19,2,53,4,0,4,57
11/07/2017,CPR,WY,ANM,WE,Combined TRACON& Tower with Radar,7,29,15,2,53,0,0,32,0,32,7,29,47,2,85,24,0,24,109
11/08/2017,CPR,WY,ANM,WE,Combined TRACON& Tower with Radar,8,28,28,1,65,0,1,40,1,42,8,29,68,2,107,0,0,0,107
11/09/2017,CPR,WY,ANM,WE,Combined TRACON& Tower with Radar,8,29,22,8,67,1,3,29,0,33,9,32,51,8,100,24,0,24,124
11/10/2017,CPR,WY,ANM,WE,Combined TRACON& Tower with Radar,6,25,22,4,57,0,1,30,0,31,6,26,52,4,88,8,0,8,96
11/11/2017,CPR,WY,ANM,WE,Combined TRACON& Tower with Radar,6,14,6,0,26,0,1,10,0,11,6,15,16,0,37,0,0,0,37
11/12/2017,CPR,WY,ANM,WE,Combined TRACON& Tower with Radar,4,10,8,0,22,0,0,24,0,24,4,10,32,0,46,2,0,2,48
11/13/2017,CPR,WY,ANM,WE,Combined TRACON& Tower with Radar,4,27,19,0,50,0,2,44,0,46,4,29,63,0,96,40,0,40,136
11/14/2017,CPR,WY,ANM,WE,Combined TRACON& Tower with Radar,8,26,28,0,62,0,3,24,0,27,8,29,52,0,89,0,0,0,89
11/15/2017,CPR,WY,ANM,WE,Combined TRACON& Tower with Radar,8,28,26,2,64,0,3,38,0,41,8,31,64,2,105,10,10,20,125
11/16/2017,CPR,WY,ANM,WE,Combined TRACON& Tower with Radar,11,30,16,0,57,3,15,13,0,31,14,45,29,0,88,0,0,0,88
11/17/2017,CPR,WY,ANM,WE,Combined TRACON& Tower with Radar,5,35,14,2,56,0,0,9,0,9,5,35,23,2,65,4,0,4,69
11/18/2017,CPR,WY,ANM,WE,Combined TRACON& Tower with Radar,6,14,12,0,32,0,1,24,0,25,6,15,36,0,57,6,0,6,63
11/19/2017,CPR,WY,ANM,WE,Combined TRACON& Tower with Radar,7,8,9,0,24,0,0,17,0,17,7,8,26,0,41,10,0,10,51
11/20/2017,CPR,WY,ANM,WE,Combined TRACON& Tower with Radar,5,21,17,0,43,0,0,21,0,21,5,21,38,0,64,0,0,0,64
11/21/2017,CPR,WY,ANM,WE,Combined TRACON& Tower with Radar,5,35,36,0,76,0,2,35,0,37,5,37,71,0,113,33,0,33,146
11/22/2017,CPR,WY,ANM,WE,Combined TRACON& Tower with Radar,10,35,11,0,56,0,5,27,0,32,10,40,38,0,88,14,0,14,102
11/23/2017,CPR,WY,ANM,WE,Combined TRACON& Tower with Radar,2,9,5,0,16,0,0,6,0,6,2,9,11,0,22,0,0,0,22
11/24/2017,CPR,WY,ANM,WE,Combined TRACON& Tower with Radar,5,23,9,0,37,0,1,22,0,23,5,24,31,0,60,28,0,28,88
11/25/2017,CPR,WY,ANM,WE,Combined TRACON& Tower with Radar,4,18,13,2,37,0,0,28,1,29,4,18,41,3,66,0,0,0,66
11/26/2017,CPR,WY,ANM,WE,Combined TRACON& Tower with Radar,3,16,10,0,29,0,0,11,0,11,3,16,21,0,40,0,0,0,40
11/27/2017,CPR,WY,ANM,WE,Combined TRACON& Tower with Radar,3,29,21,0,53,0,13,22,0,35,3,42,43,0,88,0,0,0,88
11/28/2017,CPR,WY,ANM,WE,Combined TRACON& Tower with Radar,7,31,26,2,66,0,2,35,0,37,7,33,61,2,103,46,0,46,149
11/29/2017,CPR,WY,ANM,WE,Combined TRACON& Tower with Radar,7,26,11,0,44,0,0,10,0,10,7,26,21,0,54,0,0,0,54
11/30/2017,CPR,WY,ANM,WE,Combined TRACON& Tower with Radar,11,33,16,0,60,0,1,57,2,60,11,34,73,2,120,48,0,48,168
12/01/2017,CPR,WY,ANM,WE,Combined TRACON& Tower with Radar,8,31,27,0,66,0,0,41,3,44,8,31,68,3,110,16,0,16,126
12/02/2017,CPR,WY,ANM,WE,Combined TRACON& Tower with Radar,6,14,14,0,34,0,0,21,0,21,6,14,35,0,55,0,0,0,55
12/03/2017,CPR,WY,ANM,WE,Combined TRACON& Tower with Radar,5,14,24,2,45,0,0,3,0,3,5,14,27,2,48,0,0,0,48
12/04/2017,CPR,WY,ANM,WE,Combined TRACON& Tower with Radar,5,21,15,0,41,0,0,5,0,5,5,21,20,0,46,7,0,7,53
12/05/2017,CPR,WY,ANM,WE,Combined TRACON& Tower with Radar,9,31,20,1,61,0,2,13,1,16,9,33,33,2,77,0,0,0,77
12/06/2017,CPR,WY,ANM,WE,Combined TRACON& Tower with Radar,10,34,25,0,69,0,3,13,0,16,10,37,38,0,85,0,0,0,85
12/07/2017,CPR,WY,ANM,WE,Combined TRACON& Tower with Radar,10,43,26,0,79,0,3,34,0,37,10,46,60,0,116,64,0,64,180
12/08/2017,CPR,WY,ANM,WE,Combined TRACON& Tower with Radar,9,29,27,0,65,0,0,44,0,44,9,29,71,0,109,16,0,16,125
12/09/2017,CPR,WY,ANM,WE,Combined TRACON& Tower with Radar,8,17,0,0,25,0,1,13,1,15,8,18,13,1,40,26,0,26,66
12/10/2017,CPR,WY,ANM,WE,Combined TRACON& Tower with Radar,5,13,13,0,31,0,1,14,0,15,5,14,27,0,46,31,0,31,77
12/11/2017,CPR,WY,ANM,WE,Combined TRACON& Tower with Radar,7,28,11,0,46,0,0,31,0,31,7,28,42,0,77,24,0,24,101
12/12/2017,CPR,WY,ANM,WE,Combined TRACON& Tower with Radar,9,30,21,0,60,0,7,30,0,37,9,37,51,0,97,8,0,8,105
12/13/2017,CPR,WY,ANM,WE,Combined TRACON& Tower with Radar,12,32,19,0,63,0,1,44,0,45,12,33,63,0,108,76,0,76,184
12/14/2017,CPR,WY,ANM,WE,Combined TRACON& Tower with Radar,11,31,33,0,75,0,1,28,0,29,11,32,61,0,104,16,0,16,120
12/15/2017,CPR,WY,ANM,WE,Combined TRACON& Tower with Radar,9,33,20,1,63,0,0,29,0,29,9,33,49,1,92,42,0,42,134
12/16/2017,CPR,WY,ANM,WE,Combined TRACON& Tower with Radar,6,12,6,0,24,0,0,0,0,0,6,12,6,0,24,0,0,0,24
12/17/2017,CPR,WY,ANM,WE,Combined TRACON& Tower with Radar,5,12,8,0,25,0,1,12,1,14,5,13,20,1,39,6,0,6,45
12/18/2017,CPR,WY,ANM,WE,Combined TRACON& Tower with Radar,8,25,4,0,37,0,2,17,0,19,8,27,21,0,56,4,0,4,60
12/19/2017,CPR,WY,ANM,WE,Combined TRACON& Tower with Radar,9,33,22,0,64,0,2,27,0,29,9,35,49,0,93,0,0,0,93
12/20/2017,CPR,WY,ANM,WE,Combined TRACON& Tower with Radar,8,32,15,1,56,0,1,14,0,15,8,33,29,1,71,1,0,1,72
12/21/2017,CPR,WY,ANM,WE,Combined TRACON& Tower with Radar,11,31,8,0,50,0,1,6,0,7,11,32,14,0,57,10,0,10,67
12/22/2017,CPR,WY,ANM,WE,Combined TRACON& Tower with Radar,7,28,9,0,44,0,1,13,0,14,7,29,22,0,58,0,0,0,58
12/23/2017,CPR,WY,ANM,WE,Combined TRACON& Tower with Radar,5,25,3,0,33,0,0,0,0,0,5,25,3,0,33,0,0,0,33
12/24/2017,CPR,WY,ANM,WE,Combined TRACON& Tower with Radar,6,7,1,0,14,0,2,2,0,4,6,9,3,0,18,0,0,0,18
12/25/2017,CPR,WY,ANM,WE,Combined TRACON& Tower with Radar,2,16,5,0,23,0,0,1,0,1,2,16,6,0,24,0,0,0,24
12/26/2017,CPR,WY,ANM,WE,Combined TRACON& Tower with Radar,3,24,11,0,38,0,0,16,0,16,3,24,27,0,54,0,0,0,54
12/27/2017,CPR,WY,ANM,WE,Combined TRACON& Tower with Radar,9,28,9,0,46,0,0,14,0,14,9,28,23,0,60,0,0,0,60
12/28/2017,CPR,WY,ANM,WE,Combined TRACON& Tower with Radar,10,29,14,0,53,0,1,18,0,19,10,30,32,0,72,4,0,4,76
12/29/2017,CPR,WY,ANM,WE,Combined TRACON& Tower with Radar,9,23,11,0,43,0,1,10,0,11,9,24,21,0,54,0,0,0,54
12/30/2017,CPR,WY,ANM,WE,Combined TRACON& Tower with Radar,4,20,5,0,29,0,0,7,0,7,4,20,12,0,36,4,0,4,40
12/31/2017,CPR,WY,ANM,WE,Combined TRACON& Tower with Radar,5,12,6,0,23,0,0,5,0,5,5,12,11,0,28,0,0,0,28
01/01/2018,CPR,WY,ANM,WE,Combined TRACON& Tower with Radar,4,12,5,0,21,0,0,10,0,10,4,12,15,0,31,2,0,2,33
01/02/2018,CPR,WY,ANM,WE,Combined TRACON& Tower with Radar,5,28,14,5,52,0,1,20,0,21,5,29,34,5,73,0,0,0,73
01/03/2018,CPR,WY,ANM,WE,Combined TRACON& Tower with Radar,8,31,8,0,47,0,4,34,0,38,8,35,42,0,85,2,0,2,87
01/04/2018,CPR,WY,ANM,WE,Combined TRACON& Tower with Radar,7,32,13,0,52,0,4,19,0,23,7,36,32,0,75,0,0,0,75
01/05/2018,CPR,WY,ANM,WE,Combined TRACON& Tower with Radar,6,27,11,2,46,0,0,30,0,30,6,27,41,2,76,10,0,10,86
01/06/2018,CPR,WY,ANM,WE,Combined TRACON& Tower with Radar,4,23,8,0,35,0,0,14,1,15,4,23,22,1,50,16,0,16,66
01/07/2018,CPR,WY,ANM,WE,Combined TRACON& Tower with Radar,4,14,2,0,20,0,0,11,0,11,4,14,13,0,31,22,0,22,53
01/08/2018,CPR,WY,ANM,WE,Combined TRACON& Tower with Radar,5,24,11,0,40,0,1,8,0,9,5,25,19,0,49,0,0,0,49
01/09/2018,CPR,WY,ANM,WE,Combined TRACON& Tower with Radar,5,32,24,0,61,0,2,7,0,9,5,34,31,0,70,0,0,0,70
01/10/2018,CPR,WY,ANM,WE,Combined TRACON& Tower with Radar,6,29,15,0,50,0,1,3,0,4,6,30,18,0,54,0,0,0,54
01/11/2018,CPR,WY,ANM,WE,Combined TRACON& Tower with Radar,6,31,18,0,55,0,0,17,0,17,6,31,35,0,72,0,0,0,72
01/12/2018,CPR,WY,ANM,WE,Combined TRACON& Tower with Radar,3,29,7,0,39,0,3,27,0,30,3,32,34,0,69,12,0,12,81
01/13/2018,CPR,WY,ANM,WE,Combined TRACON& Tower with Radar,1,21,9,0,31,0,0,14,1,15,1,21,23,1,46,0,0,0,46
01/14/2018,CPR,WY,ANM,WE,Combined TRACON& Tower with Radar,4,12,5,0,21,0,0,8,0,8,4,12,13,0,29,0,0,0,29
01/15/2018,CPR,WY,ANM,WE,Combined TRACON& Tower with Radar,4,28,14,0,46,0,0,15,0,15,4,28,29,0,61,0,0,0,61
01/16/2018,CPR,WY,ANM,WE,Combined TRACON& Tower with Radar,4,32,17,0,53,0,0,28,0,28,4,32,45,0,81,0,0,0,81
01/17/2018,CPR,WY,ANM,WE,Combined TRACON& Tower with Radar,4,42,15,0,61,0,2,47,0,49,4,44,62,0,110,22,0,22,132
01/18/2018,CPR,WY,ANM,WE,Combined TRACON& Tower with Radar,6,28,8,0,42,0,2,17,0,19,6,30,25,0,61,2,0,2,63
01/19/2018,CPR,WY,ANM,WE,Combined TRACON& Tower with Radar,8,26,15,0,49,0,0,1,0,1,8,26,16,0,50,0,0,0,50
01/20/2018,CPR,WY,ANM,WE,Combined TRACON& Tower with Radar,3,16,1,0,20,0,0,0,0,0,3,16,1,0,20,0,0,0,20
01/21/2018,CPR,WY,ANM,WE,Combined TRACON& Tower with Radar,2,15,5,0,22,0,0,6,0,6,2,15,11,0,28,0,0,0,28
01/22/2018,CPR,WY,ANM,WE,Combined TRACON& Tower with Radar,5,30,10,1,46,0,2,12,1,15,5,32,22,2,61,2,6,8,69
01/23/2018,CPR,WY,ANM,WE,Combined TRACON& Tower with Radar,5,32,19,1,57,0,4,30,1,35,5,36,49,2,92,8,8,16,108
01/24/2018,CPR,WY,ANM,WE,Combined TRACON& Tower with Radar,4,29,16,5,54,0,2,5,0,7,4,31,21,5,61,0,0,0,61
01/25/2018,CPR,WY,ANM,WE,Combined TRACON& Tower with Radar,5,28,15,1,49,0,0,9,0,9,5,28,24,1,58,0,0,0,58
01/26/2018,CPR,WY,ANM,WE,Combined TRACON& Tower with Radar,4,19,12,2,37,0,0,26,0,26,4,19,38,2,63,22,0,22,85
01/27/2018,CPR,WY,ANM,WE,Combined TRACON& Tower with Radar,8,12,10,0,30,0,1,23,4,28,8,13,33,4,58,0,0,0,58
01/28/2018,CPR,WY,ANM,WE,Combined TRACON& Tower with Radar,2,10,11,2,25,0,3,13,0,16,2,13,24,2,41,8,0,8,49
01/29/2018,CPR,WY,ANM,WE,Combined TRACON& Tower with Radar,5,24,9,4,42,0,1,23,0,24,5,25,32,4,66,22,5,27,93
01/30/2018,CPR,WY,ANM,WE,Combined TRACON& Tower with Radar,5,30,19,0,54,0,0,7,0,7,5,30,26,0,61,0,0,0,61
01/31/2018,CPR,WY,ANM,WE,Combined TRACON& Tower with Radar,4,33,10,0,47,0,0,14,0,14,4,33,24,0,61,22,0,22,83
02/01/2018,CPR,WY,ANM,WE,Combined TRACON& Tower with Radar,6,24,25,0,55,0,1,23,0,24,6,25,48,0,79,22,0,22,101
02/02/2018,CPR,WY,ANM,WE,Combined TRACON& Tower with Radar,7,31,12,0,50,0,2,35,0,37,7,33,47,0,87,26,0,26,113
02/03/2018,CPR,WY,ANM,WE,Combined TRACON& Tower with Radar,4,20,4,0,28,0,2,2,0,4,4,22,6,0,32,0,0,0,32
02/04/2018,CPR,WY,ANM,WE,Combined TRACON& Tower with Radar,2,14,10,0,26,0,1,17,0,18,2,15,27,0,44,18,0,18,62
02/05/2018,CPR,WY,ANM,WE,Combined TRACON& Tower with Radar,7,23,14,0,44,0,0,6,0,6,7,23,20,0,50,44,0,44,94
02/06/2018,CPR,WY,ANM,WE,Combined TRACON& Tower with Radar,5,31,21,5,62,0,1,27,0,28,5,32,48,5,90,10,0,10,100
02/07/2018,CPR,WY,ANM,WE,Combined TRACON& Tower with Radar,4,28,18,1,51,0,0,26,0,26,4,28,44,1,77,36,0,36,113
02/08/2018,CPR,WY,ANM,WE,Combined TRACON& Tower with Radar,6,31,18,2,57,0,0,8,0,8,6,31,26,2,65,2,0,2,67
02/09/2018,CPR,WY,ANM,WE,Combined TRACON& Tower with Radar,6,32,11,0,49,0,0,0,0,0,6,32,11,0,49,0,0,0,49
02/10/2018,CPR,WY,ANM,WE,Combined TRACON& Tower with Radar,3,18,10,0,31,0,4,28,0,32,3,22,38,0,63,34,0,34,97
02/11/2018,CPR,WY,ANM,WE,Combined TRACON& Tower with Radar,2,14,10,0,26,0,0,10,0,10,2,14,20,0,36,16,0,16,52
02/12/2018,CPR,WY,ANM,WE,Combined TRACON& Tower with Radar,5,27,10,0,42,0,0,1,0,1,5,27,11,0,43,0,0,0,43
02/13/2018,CPR,WY,ANM,WE,Combined TRACON& Tower with Radar,5,31,14,0,50,0,0,33,0,33,5,31,47,0,83,6,0,6,89
02/14/2018,CPR,WY,ANM,WE,Combined TRACON& Tower with Radar,4,32,12,5,53,0,2,5,0,7,4,34,17,5,60,0,0,0,60
02/15/2018,CPR,WY,ANM,WE,Combined TRACON& Tower with Radar,3,35,13,3,54,0,0,2,0,2,3,35,15,3,56,0,0,0,56
02/16/2018,CPR,WY,ANM,WE,Combined TRACON& Tower with Radar,6,42,15,9,72,0,3,15,1,19,6,45,30,10,91,0,0,0,91
02/17/2018,CPR,WY,ANM,WE,Combined TRACON& Tower with Radar,4,20,4,3,31,0,2,5,0,7,4,22,9,3,38,0,0,0,38
02/18/2018,CPR,WY,ANM,WE,Combined TRACON& Tower with Radar,2,15,3,0,20,0,0,0,0,0,2,15,3,0,20,0,0,0,20
02/19/2018,CPR,WY,ANM,WE,Combined TRACON& Tower with Radar,3,23,8,0,34,0,0,0,0,0,3,23,8,0,34,0,0,0,34
02/20/2018,CPR,WY,ANM,WE,Combined TRACON& Tower with Radar,4,35,14,0,53,0,2,15,0,17,4,37,29,0,70,2,0,2,72
02/21/2018,CPR,WY,ANM,WE,Combined TRACON& Tower with Radar,5,32,13,0,50,0,0,26,0,26,5,32,39,0,76,0,0,0,76
02/22/2018,CPR,WY,ANM,WE,Combined TRACON& Tower with Radar,5,25,24,2,56,0,0,35,0,35,5,25,59,2,91,28,0,28,119
02/23/2018,CPR,WY,ANM,WE,Combined TRACON& Tower with Radar,5,29,7,0,41,0,0,24,0,24,5,29,31,0,65,14,0,14,79
02/24/2018,CPR,WY,ANM,WE,Combined TRACON& Tower with Radar,4,18,3,0,25,0,2,7,0,9,4,20,10,0,34,0,0,0,34
02/25/2018,CPR,WY,ANM,WE,Combined TRACON& Tower with Radar,2,13,8,0,23,0,1,4,0,5,2,14,12,0,28,0,0,0,28
02/26/2018,CPR,WY,ANM,WE,Combined TRACON& Tower with Radar,4,26,13,0,43,0,3,25,0,28,4,29,38,0,71,0,0,0,71
02/27/2018,CPR,WY,ANM,WE,Combined TRACON& Tower with Radar,8,29,15,0,52,0,2,25,0,27,8,31,40,0,79,14,0,14,93
02/28/2018,CPR,WY,ANM,WE,Combined TRACON& Tower with Radar,6,24,15,2,47,0,0,25,0,25,6,24,40,2,72,22,0,22,94
03/01/2018,CPR,WY,ANM,WE,Combined TRACON& Tower with Radar,5,28,13,0,46,0,0,36,0,36,5,28,49,0,82,12,0,12,94
03/02/2018,CPR,WY,ANM,WE,Combined TRACON& Tower with Radar,7,27,8,0,42,0,1,9,0,10,7,28,17,0,52,6,0,6,58
03/03/2018,CPR,WY,ANM,WE,Combined TRACON& Tower with Radar,4,21,5,0,30,0,0,26,0,26,4,21,31,0,56,12,0,12,68
03/04/2018,CPR,WY,ANM,WE,Combined TRACON& Tower with Radar,2,12,5,0,19,0,0,0,0,0,2,12,5,0,19,0,0,0,19
03/05/2018,CPR,WY,ANM,WE,Combined TRACON& Tower with Radar,3,20,13,0,36,0,0,15,2,17,3,20,28,2,53,0,0,0,53
03/06/2018,CPR,WY,ANM,WE,Combined TRACON& Tower with Radar,9,29,19,0,57,0,0,34,2,36,9,29,53,2,93,16,0,16,109
03/07/2018,CPR,WY,ANM,WE,Combined TRACON& Tower with Radar,6,32,11,0,49,0,0,26,0,26,6,32,37,0,75,12,0,12,87
03/08/2018,CPR,WY,ANM,WE,Combined TRACON& Tower with Radar,5,31,25,0,61,0,7,34,0,41,5,38,59,0,102,26,0,26,128
03/09/2018,CPR,WY,ANM,WE,Combined TRACON& Tower with Radar,6,27,21,0,54,0,2,15,0,17,6,29,36,0,71,8,0,8,79
03/10/2018,CPR,WY,ANM,WE,Combined TRACON& Tower with Radar,2,20,7,0,29,0,1,13,0,14,2,21,20,0,43,32,0,32,75
03/11/2018,CPR,WY,ANM,WE,Combined TRACON& Tower with Radar,0,13,4,0,17,0,0,40,0,40,0,13,44,0,57,36,0,36,93
03/12/2018,CPR,WY,ANM,WE,Combined TRACON& Tower with Radar,6,22,18,0,46,0,1,40,0,41,6,23,58,0,87,12,0,12,99
03/13/2018,CPR,WY,ANM,WE,Combined TRACON& Tower with Radar,7,28,16,0,51,0,1,50,0,51,7,29,66,0,102,6,0,6,108
03/14/2018,CPR,WY,ANM,WE,Combined TRACON& Tower with Radar,7,31,14,0,52,0,1,25,0,26,7,32,39,0,78,16,0,16,94
03/15/2018,CPR,WY,ANM,WE,Combined TRACON& Tower with Radar,6,24,22,0,52,0,1,12,0,13,6,25,34,0,65,20,0,20,85
03/16/2018,CPR,WY,ANM,WE,Combined TRACON& Tower with Radar,5,32,9,0,46,0,1,7,0,8,5,33,16,0,54,30,0,30,84
03/17/2018,CPR,WY,ANM,WE,Combined TRACON& Tower with Radar,5,20,8,0,33,0,0,27,0,27,5,20,35,0,60,4,0,4,64
03/18/2018,CPR,WY,ANM,WE,Combined TRACON& Tower with Radar,2,8,14,0,24,0,0,2,0,2,2,8,16,0,26,0,0,0,26
03/19/2018,CPR,WY,ANM,WE,Combined TRACON& Tower with Radar,3,26,12,0,41,0,0,11,0,11,3,26,23,0,52,0,0,0,52
03/20/2018,CPR,WY,ANM,WE,Combined TRACON& Tower with Radar,7,34,17,0,58,0,0,31,0,31,7,34,48,0,89,14,0,14,103
03/21/2018,CPR,WY,ANM,WE,Combined TRACON& Tower with Radar,7,37,17,0,61,0,3,36,2,41,7,40,53,2,102,8,0,8,110
03/22/2018,CPR,WY,ANM,WE,Combined TRACON& Tower with Radar,5,35,15,0,55,0,1,24,0,25,5,36,39,0,80,16,0,16,96
03/23/2018,CPR,WY,ANM,WE,Combined TRACON& Tower with Radar,7,27,19,4,57,0,0,11,0,11,7,27,30,4,68,4,0,4,72
03/24/2018,CPR,WY,ANM,WE,Combined TRACON& Tower with Radar,5,18,10,0,33,0,3,15,0,18,5,21,25,0,51,0,0,0,51
03/25/2018,CPR,WY,ANM,WE,Combined TRACON& Tower with Radar,2,12,8,1,23,0,1,7,0,8,2,13,15,1,31,0,0,0,31
03/26/2018,CPR,WY,ANM,WE,Combined TRACON& Tower with Radar,5,24,11,1,41,0,0,3,0,3,5,24,14,1,44,0,0,0,44
03/27/2018,CPR,WY,ANM,WE,Combined TRACON& Tower with Radar,7,27,19,0,53,0,4,33,0,37,7,31,52,0,90,32,0,32,122
03/28/2018,CPR,WY,ANM,WE,Combined TRACON& Tower with Radar,7,26,10,0,43,0,0,1,0,1,7,26,11,0,44,0,0,0,44
03/29/2018,CPR,WY,ANM,WE,Combined TRACON& Tower with Radar,7,32,10,8,57,0,0,13,0,13,7,32,23,8,70,38,0,38,108
03/30/2018,CPR,WY,ANM,WE,Combined TRACON& Tower with Radar,7,27,20,0,54,0,0,21,0,21,7,27,41,0,75,0,0,0,75
03/31/2018,CPR,WY,ANM,WE,Combined TRACON& Tower with Radar,5,17,3,0,25,0,0,0,0,0,5,17,3,0,25,0,0,0,25
04/01/2018,CPR,WY,ANM,WE,Combined TRACON& Tower with Radar,2,12,8,0,22,0,0,18,0,18,2,12,26,0,40,0,0,0,40
04/02/2018,CPR,WY,ANM,WE,Combined TRACON& Tower with Radar,5,22,26,0,53,0,0,11,0,11,5,22,37,0,64,6,0,6,70
04/03/2018,CPR,WY,ANM,WE,Combined TRACON& Tower with Radar,7,42,16,0,65,0,5,31,0,36,7,47,47,0,101,6,0,6,107
04/04/2018,CPR,WY,ANM,WE,Combined TRACON& Tower with Radar,7,28,18,0,53,0,4,28,0,32,7,32,46,0,85,6,0,6,91
04/05/2018,CPR,WY,ANM,WE,Combined TRACON& Tower with Radar,7,27,23,2,59,0,0,44,0,44,7,27,67,2,103,58,0,58,161
04/06/2018,CPR,WY,ANM,WE,Combined TRACON& Tower with Radar,6,24,5,0,35,0,0,0,0,0,6,24,5,0,35,0,0,0,35
04/07/2018,CPR,WY,ANM,WE,Combined TRACON& Tower with Radar,5,20,12,1,38,0,0,19,1,20,5,20,31,2,58,16,0,16,74
04/08/2018,CPR,WY,ANM,WE,Combined TRACON& Tower with Radar,2,18,15,0,35,0,1,9,0,10,2,19,24,0,45,0,0,0,45
04/09/2018,CPR,WY,ANM,WE,Combined TRACON& Tower with Radar,4,25,8,0,37,0,0,36,2,38,4,25,44,2,75,0,0,0,75
04/10/2018,CPR,WY,ANM,WE,Combined TRACON& Tower with Radar,7,29,16,0,52,0,0,44,0,44,7,29,60,0,96,18,0,18,114
04/11/2018,CPR,WY,ANM,WE,Combined TRACON& Tower with Radar,7,32,16,0,55,0,1,30,0,31,7,33,46,0,86,8,0,8,94
04/12/2018,CPR,WY,ANM,WE,Combined TRACON& Tower with Radar,7,27,25,0,59,0,2,22,0,24,7,29,47,0,83,61,0,61,144
04/13/2018,CPR,WY,ANM,WE,Combined TRACON& Tower with Radar,7,27,14,0,48,0,0,8,0,8,7,27,22,0,56,6,0,6,62
04/14/2018,CPR,WY,ANM,WE,Combined TRACON& Tower with Radar,3,18,5,0,26,0,2,41,0,43,3,20,46,0,69,20,0,20,89
04/15/2018,CPR,WY,ANM,WE,Combined TRACON& Tower with Radar,3,9,6,6,24,0,1,48,0,49,3,10,54,6,73,18,12,30,103
04/16/2018,CPR,WY,ANM,WE,Combined TRACON& Tower with Radar,6,19,9,0,34,0,4,23,0,27,6,23,32,0,61,0,0,0,61
04/17/2018,CPR,WY,ANM,WE,Combined TRACON& Tower with Radar,10,30,16,0,56,0,0,2,0,2,10,30,18,0,58,0,0,0,58
04/18/2018,CPR,WY,ANM,WE,Combined TRACON& Tower with Radar,7,29,26,0,62,0,0,52,0,52,7,29,78,0,114,24,0,24,138
04/19/2018,CPR,WY,ANM,WE,Combined TRACON& Tower with Radar,9,26,15,0,50,0,1,61,0,62,9,27,76,0,112,18,0,18,130
04/20/2018,CPR,WY,ANM,WE,Combined TRACON& Tower with Radar,6,26,10,0,42,0,0,14,0,14,6,26,24,0,56,2,0,2,58
04/21/2018,CPR,WY,ANM,WE,Combined TRACON& Tower with Radar,4,18,12,0,34,0,0,27,0,27,4,18,39,0,61,12,0,12,73
04/22/2018,CPR,WY,ANM,WE,Combined TRACON& Tower with Radar,3,14,3,0,20,0,1,37,0,38,3,15,40,0,58,4,0,4,62
04/23/2018,CPR,WY,ANM,WE,Combined TRACON& Tower with Radar,3,35,16,0,54,0,1,21,0,22,3,36,37,0,76,0,0,0,76
04/24/2018,CPR,WY,ANM,WE,Combined TRACON& Tower with Radar,7,38,20,0,65,0,0,14,0,14,7,38,34,0,79,0,0,0,79
04/25/2018,CPR,WY,ANM,WE,Combined TRACON& Tower with Radar,6,27,25,0,58,0,0,36,0,36,6,27,61,0,94,24,0,24,118
04/26/2018,CPR,WY,ANM,WE,Combined TRACON& Tower with Radar,7,36,15,0,58,0,3,70,0,73,7,39,85,0,131,68,0,68,199
04/27/2018,CPR,WY,ANM,WE,Combined TRACON& Tower with Radar,7,23,20,4,54,0,0,54,0,54,7,23,74,4,108,90,0,90,198
04/28/2018,CPR,WY,ANM,WE,Combined TRACON& Tower with Radar,3,20,11,0,34,0,2,36,0,38,3,22,47,0,72,16,0,16,88
04/29/2018,CPR,WY,ANM,WE,Combined TRACON& Tower with Radar,2,13,11,0,26,0,3,16,0,19,2,16,27,0,45,0,0,0,45
04/30/2018,CPR,WY,ANM,WE,Combined TRACON& Tower with Radar,6,25,16,1,48,0,0,24,0,24,6,25,40,1,72,2,0,2,74
05/01/2018,CPR,WY,ANM,WE,Combined TRACON& Tower with Radar,7,31,26,0,64,0,0,18,0,18,7,31,44,0,82,8,0,8,90
05/02/2018,CPR,WY,ANM,WE,Combined TRACON& Tower with Radar,5,26,17,0,48,0,2,11,0,13,5,28,28,0,61,36,0,36,97
05/03/2018,CPR,WY,ANM,WE,Combined TRACON& Tower with Radar,8,22,20,4,54,0,5,29,2,36,8,27,49,6,90,30,24,54,144
05/04/2018,CPR,WY,ANM,WE,Combined TRACON& Tower with Radar,6,28,19,0,53,0,0,57,0,57,6,28,76,0,110,36,0,36,146
05/05/2018,CPR,WY,ANM,WE,Combined TRACON& Tower with Radar,3,5,0,0,8,0,0,9,0,9,3,5,9,0,17,0,0,0,17
05/06/2018,CPR,WY,ANM,WE,Combined TRACON& Tower with Radar,0,0,0,0,0,0,1,6,0,7,0,1,6,0,7,18,0,18,25
05/07/2018,CPR,WY,ANM,WE,Combined TRACON& Tower with Radar,4,17,13,0,34,0,0,38,0,38,4,17,51,0,72,10,0,10,82
05/08/2018,CPR,WY,ANM,WE,Combined TRACON& Tower with Radar,6,35,22,0,63,0,0,39,0,39,6,35,61,0,102,44,0,44,146
05/09/2018,CPR,WY,ANM,WE,Combined TRACON& Tower with Radar,5,30,20,2,57,0,3,29,0,32,5,33,49,2,89,18,2,20,109
05/10/2018,CPR,WY,ANM,WE,Combined TRACON& Tower with Radar,6,29,33,2,70,0,0,29,2,31,6,29,62,4,101,0,24,24,125
05/11/2018,CPR,WY,ANM,WE,Combined TRACON& Tower with Radar,6,32,8,0,46,0,0,8,0,8,6,32,16,0,54,6,0,6,60
05/12/2018,CPR,WY,ANM,WE,Combined TRACON& Tower with Radar,3,20,14,0,37,0,0,0,0,0,3,20,14,0,37,0,0,0,37
05/13/2018,CPR,WY,ANM,WE,Combined TRACON& Tower with Radar,2,12,4,0,18,0,0,13,0,13,2,12,17,0,31,10,0,10,41
05/14/2018,CPR,WY,ANM,WE,Combined TRACON& Tower with Radar,5,22,17,0,44,0,0,18,0,18,5,22,35,0,62,22,0,22,84
05/15/2018,CPR,WY,ANM,WE,Combined TRACON& Tower with Radar,7,35,9,2,53,0,2,41,1,44,7,37,50,3,97,36,8,44,141
05/16/2018,CPR,WY,ANM,WE,Combined TRACON& Tower with Radar,5,33,29,1,68,0,3,48,2,53,5,36,77,3,121,21,0,21,142
05/17/2018,CPR,WY,ANM,WE,Combined TRACON& Tower with Radar,7,34,22,0,63,0,0,32,1,33,7,34,54,1,96,38,2,40,136
05/18/2018,CPR,WY,ANM,WE,Combined TRACON& Tower with Radar,7,23,14,2,46,0,0,23,2,25,7,23,37,4,71,36,0,36,107
05/19/2018,CPR,WY,ANM,WE,Combined TRACON& Tower with Radar,3,22,5,0,30,0,0,1,0,1,3,22,6,0,31,0,0,0,31
05/20/2018,CPR,WY,ANM,WE,Combined TRACON& Tower with Radar,2,8,10,1,21,0,3,11,0,14,2,11,21,1,35,12,0,12,47
05/21/2018,CPR,WY,ANM,WE,Combined TRACON& Tower with Radar,5,23,8,0,36,0,1,51,28,80,5,24,59,28,116,26,0,26,142
05/22/2018,CPR,WY,ANM,WE,Combined TRACON& Tower with Radar,4,32,15,0,51,0,1,23,3,27,4,33,38,3,78,30,4,34,112
05/23/2018,CPR,WY,ANM,WE,Combined TRACON& Tower with Radar,5,27,15,0,47,0,3,22,6,31,5,30,37,6,78,16,0,16,94
05/24/2018,CPR,WY,ANM,WE,Combined TRACON& Tower with Radar,4,26,25,0,55,0,2,37,0,39,4,28,62,0,94,50,0,50,144
05/25/2018,CPR,WY,ANM,WE,Combined TRACON& Tower with Radar,6,26,19,0,51,0,1,36,0,37,6,27,55,0,88,56,0,56,144
05/26/2018,CPR,WY,ANM,WE,Combined TRACON& Tower with Radar,3,17,3,0,23,0,6,25,0,31,3,23,28,0,54,18,0,18,72
05/27/2018,CPR,WY,ANM,WE,Combined TRACON& Tower with Radar,2,5,2,0,9,0,2,11,0,13,2,7,13,0,22,0,0,0,22
05/28/2018,CPR,WY,ANM,WE,Combined TRACON& Tower with Radar,0,16,7,0,23,0,1,12,2,15,0,17,19,2,38,0,0,0,38
05/29/2018,CPR,WY,ANM,WE,Combined TRACON& Tower with Radar,6,25,10,0,41,0,1,10,0,11,6,26,20,0,52,0,0,0,52
05/30/2018,CPR,WY,ANM,WE,Combined TRACON& Tower with Radar,6,35,18,0,59,0,2,52,0,54,6,37,70,0,113,34,0,34,147
05/31/2018,CPR,WY,ANM,WE,Combined TRACON& Tower with Radar,7,26,12,0,45,0,4,35,0,39,7,30,47,0,84,8,0,8,92
06/01/2018,CPR,WY,ANM,WE,Combined TRACON& Tower with Radar,7,29,10,2,48,0,2,20,0,22,7,31,30,2,70,0,0,0,70
06/02/2018,CPR,WY,ANM,WE,Combined TRACON& Tower with Radar,3,19,11,0,33,0,0,24,0,24,3,19,35,0,57,22,0,22,79
06/03/2018,CPR,WY,ANM,WE,Combined TRACON& Tower with Radar,2,10,12,0,24,0,2,34,0,36,2,12,46,0,60,68,0,68,128
06/04/2018,CPR,WY,ANM,WE,Combined TRACON& Tower with Radar,5,27,10,0,42,0,2,55,2,59,5,29,65,2,101,22,0,22,123
06/05/2018,CPR,WY,ANM,WE,Combined TRACON& Tower with Radar,8,25,10,3,46,0,0,32,2,34,8,25,42,5,80,32,0,32,112
06/06/2018,CPR,WY,ANM,WE,Combined TRACON& Tower with Radar,6,27,21,0,54,0,1,25,0,26,6,28,46,0,80,14,0,14,94
06/07/2018,CPR,WY,ANM,WE,Combined TRACON& Tower with Radar,3,30,18,0,51,0,0,28,0,28,3,30,46,0,79,16,0,16,95
06/08/2018,CPR,WY,ANM,WE,Combined TRACON& Tower with Radar,2,34,14,0,50,0,2,38,0,40,2,36,52,0,90,44,0,44,134
06/09/2018,CPR,WY,ANM,WE,Combined TRACON& Tower with Radar,2,23,3,1,29,0,2,31,1,34,2,25,34,2,63,30,0,30,93
06/10/2018,CPR,WY,ANM,WE,Combined TRACON& Tower with Radar,0,14,9,0,23,0,2,26,0,28,0,16,35,0,51,0,0,0,51
06/11/2018,CPR,WY,ANM,WE,Combined TRACON& Tower with Radar,2,26,15,0,43,0,4,30,0,34,2,30,45,0,77,18,0,18,95
06/12/2018,CPR,WY,ANM,WE,Combined TRACON& Tower with Radar,4,31,24,0,59,0,4,44,1,49,4,35,68,1,108,44,0,44,152
06/13/2018,CPR,WY,ANM,WE,Combined TRACON& Tower with Radar,3,36,21,2,62,0,2,39,0,41,3,38,60,2,103,14,0,14,117
06/14/2018,CPR,WY,ANM,WE,Combined TRACON& Tower with Radar,3,40,25,0,68,0,1,28,1,30,3,41,53,1,98,10,0,10,108
06/15/2018,CPR,WY,ANM,WE,Combined TRACON& Tower with Radar,1,32,16,0,49,0,0,56,1,57,1,32,72,1,106,36,0,36,142
06/16/2018,CPR,WY,ANM,WE,Combined TRACON& Tower with Radar,2,26,9,0,37,0,0,23,0,23,2,26,32,0,60,2,0,2,62
06/17/2018,CPR,WY,ANM,WE,Combined TRACON& Tower with Radar,0,29,10,0,39,0,0,0,0,0,0,29,10,0,39,0,0,0,39
06/18/2018,CPR,WY,ANM,WE,Combined TRACON& Tower with Radar,2,31,23,0,56,0,1,14,1,16,2,32,37,1,72,18,0,18,90
06/19/2018,CPR,WY,ANM,WE,Combined TRACON& Tower with Radar,5,32,17,0,54,0,0,9,0,9,5,32,26,0,63,0,0,0,63
06/20/2018,CPR,WY,ANM,WE,Combined TRACON& Tower with Radar,3,31,22,0,56,0,0,28,0,28,3,31,50,0,84,22,0,22,106
06/21/2018,CPR,WY,ANM,WE,Combined TRACON& Tower with Radar,3,35,17,0,55,0,0,45,0,45,3,35,62,0,100,52,0,52,152
06/22/2018,CPR,WY,ANM,WE,Combined TRACON& Tower with Radar,5,27,18,2,52,0,3,39,0,42,5,30,57,2,94,14,0,14,108
06/23/2018,CPR,WY,ANM,WE,Combined TRACON& Tower with Radar,2,26,42,0,70,0,0,162,2,164,2,26,204,2,234,0,2,2,236
06/24/2018,CPR,WY,ANM,WE,Combined TRACON& Tower with Radar,3,12,13,0,28,0,2,17,0,19,3,14,30,0,47,0,0,0,47
06/25/2018,CPR,WY,ANM,WE,Combined TRACON& Tower with Radar,2,26,22,0,50,0,4,60,0,64,2,30,82,0,114,28,0,28,142
06/26/2018,CPR,WY,ANM,WE,Combined TRACON& Tower with Radar,3,33,26,1,63,0,4,36,0,40,3,37,62,1,103,22,0,22,125
06/27/2018,CPR,WY,ANM,WE,Combined TRACON& Tower with Radar,3,30,21,0,54,0,0,47,0,47,3,30,68,0,101,40,0,40,141
06/28/2018,CPR,WY,ANM,WE,Combined TRACON& Tower with Radar,3,35,22,2,62,0,3,48,0,51,3,38,70,2,113,28,0,28,141
06/29/2018,CPR,WY,ANM,WE,Combined TRACON& Tower with Radar,3,32,18,0,53,0,1,40,0,41,3,33,58,0,94,14,0,14,108
06/30/2018,CPR,WY,ANM,WE,Combined TRACON& Tower with Radar,2,20,12,0,34,0,1,28,0,29,2,21,40,0,63,4,0,4,67
07/01/2018,CPR,WY,ANM,WE,Combined TRACON& Tower with Radar,0,16,12,0,28,0,0,20,0,20,0,16,32,0,48,6,0,6,54
07/02/2018,CPR,WY,ANM,WE,Combined TRACON& Tower with Radar,2,27,1,0,30,0,2,42,0,44,2,29,43,0,74,6,0,6,80
07/03/2018,CPR,WY,ANM,WE,Combined TRACON& Tower with Radar,3,29,11,0,43,0,0,41,0,41,3,29,52,0,84,48,0,48,132
07/04/2018,CPR,WY,ANM,WE,Combined TRACON& Tower with Radar,0,10,1,0,11,0,1,20,1,22,0,11,21,1,33,2,0,2,35
07/05/2018,CPR,WY,ANM,WE,Combined TRACON& Tower with Radar,3,30,10,2,45,0,3,22,0,25,3,33,32,2,70,22,0,22,92
07/06/2018,CPR,WY,ANM,WE,Combined TRACON& Tower with Radar,3,27,8,0,38,0,0,50,0,50,3,27,58,0,88,22,0,22,110
07/07/2018,CPR,WY,ANM,WE,Combined TRACON& Tower with Radar,1,23,11,0,35,0,2,28,0,30,1,25,39,0,65,2,0,2,67
07/08/2018,CPR,WY,ANM,WE,Combined TRACON& Tower with Radar,0,17,2,0,19,0,2,24,0,26,0,19,26,0,45,0,0,0,45
07/09/2018,CPR,WY,ANM,WE,Combined TRACON& Tower with Radar,2,33,20,1,56,0,0,32,1,33,2,33,52,2,89,24,0,24,113
07/10/2018,CPR,WY,ANM,WE,Combined TRACON& Tower with Radar,2,33,24,0,59,0,0,29,0,29,2,33,53,0,88,10,0,10,98
07/11/2018,CPR,WY,ANM,WE,Combined TRACON& Tower with Radar,2,30,32,2,66,0,1,41,0,42,2,31,73,2,108,18,0,18,126
07/12/2018,CPR,WY,ANM,WE,Combined TRACON& Tower with Radar,4,30,21,0,55,0,1,40,0,41,4,31,61,0,96,22,0,22,118
07/13/2018,CPR,WY,ANM,WE,Combined TRACON& Tower with Radar,3,29,21,0,53,0,2,45,0,47,3,31,66,0,100,12,0,12,112
07/14/2018,CPR,WY,ANM,WE,Combined TRACON& Tower with Radar,1,19,2,0,22,0,0,68,0,68,1,19,70,0,90,24,0,24,114
07/15/2018,CPR,WY,ANM,WE,Combined TRACON& Tower with Radar,2,16,3,0,21,0,2,21,0,23,2,18,24,0,44,0,0,0,44
07/16/2018,CPR,WY,ANM,WE,Combined TRACON& Tower with Radar,2,23,8,0,33,0,2,52,1,55,2,25,60,1,88,16,0,16,104
07/17/2018,CPR,WY,ANM,WE,Combined TRACON& Tower with Radar,2,43,29,0,74,0,0,45,0,45,2,43,74,0,119,16,0,16,135
07/18/2018,CPR,WY,ANM,WE,Combined TRACON& Tower with Radar,1,35,21,1,58,0,3,47,1,51,1,38,68,2,109,0,0,0,109
07/19/2018,CPR,WY,ANM,WE,Combined TRACON& Tower with Radar,1,34,8,0,43,0,1,44,0,45,1,35,52,0,88,62,0,62,150
07/20/2018,CPR,WY,ANM,WE,Combined TRACON& Tower with Radar,2,31,27,2,62,0,3,44,1,48,2,34,71,3,110,38,0,38,148
07/21/2018,CPR,WY,ANM,WE,Combined TRACON& Tower with Radar,2,23,18,0,43,0,1,63,0,64,2,24,81,0,107,8,0,8,115
07/22/2018,CPR,WY,ANM,WE,Combined TRACON& Tower with Radar,0,13,9,0,22,0,0,36,0,36,0,13,45,0,58,8,0,8,66
07/23/2018,CPR,WY,ANM,WE,Combined TRACON& Tower with Radar,2,34,21,0,57,0,0,24,0,24,2,34,45,0,81,14,0,14,95
07/24/2018,CPR,WY,ANM,WE,Combined TRACON& Tower with Radar,4,30,20,0,54,0,2,36,0,38,4,32,56,0,92,8,0,8,100
07/25/2018,CPR,WY,ANM,WE,Combined TRACON& Tower with Radar,3,29,29,1,62,0,0,37,0,37,3,29,66,1,99,10,0,10,109
07/26/2018,CPR,WY,ANM,WE,Combined TRACON& Tower with Radar,3,37,27,0,67,0,6,40,2,48,3,43,67,2,115,36,0,36,151
07/27/2018,CPR,WY,ANM,WE,Combined TRACON& Tower with Radar,3,27,25,2,57,0,3,40,3,46,3,30,65,5,103,30,10,40,143
07/28/2018,CPR,WY,ANM,WE,Combined TRACON& Tower with Radar,2,21,11,0,34,0,0,44,1,45,2,21,55,1,79,20,0,20,99
07/29/2018,CPR,WY,ANM,WE,Combined TRACON& Tower with Radar,0,14,7,3,24,0,1,33,2,36,0,15,40,5,60,4,0,4,64
07/30/2018,CPR,WY,ANM,WE,Combined TRACON& Tower with Radar,2,28,19,0,49,0,0,53,0,53,2,28,72,0,102,34,0,34,136
07/31/2018,CPR,WY,ANM,WE,Combined TRACON& Tower with Radar,3,35,12,0,50,0,2,49,2,53,3,37,61,2,103,22,0,22,125
08/01/2018,CPR,WY,ANM,WE,Combined TRACON& Tower with Radar,3,27,22,2,54,0,1,49,0,50,3,28,71,2,104,66,0,66,170
08/02/2018,CPR,WY,ANM,WE,Combined TRACON& Tower with Radar,6,32,18,0,56,0,1,45,0,46,6,33,63,0,102,24,0,24,126
08/03/2018,CPR,WY,ANM,WE,Combined TRACON& Tower with Radar,3,32,18,0,53,0,3,45,0,48,3,35,63,0,101,16,0,16,117
08/04/2018,CPR,WY,ANM,WE,Combined TRACON& Tower with Radar,2,18,0,0,20,0,5,39,0,44,2,23,39,0,64,26,0,26,90
08/05/2018,CPR,WY,ANM,WE,Combined TRACON& Tower with Radar,0,12,6,0,18,0,3,27,0,30,0,15,33,0,48,10,0,10,58
08/06/2018,CPR,WY,ANM,WE,Combined TRACON& Tower with Radar,2,24,17,4,47,0,1,32,0,33,2,25,49,4,80,18,22,40,120
08/07/2018,CPR,WY,ANM,WE,Combined TRACON& Tower with Radar,3,40,24,0,67,0,2,28,0,30,3,42,52,0,97,12,0,12,109
08/08/2018,CPR,WY,ANM,WE,Combined TRACON& Tower with Radar,3,36,21,2,62,0,1,33,4,38,3,37,54,6,100,4,0,4,104
08/09/2018,CPR,WY,ANM,WE,Combined TRACON& Tower with Radar,3,31,22,0,56,0,3,32,0,35,3,34,54,0,91,0,0,0,91
08/10/2018,CPR,WY,ANM,WE,Combined TRACON& Tower with Radar,3,32,21,2,58,0,5,46,0,51,3,37,67,2,109,46,0,46,155
08/11/2018,CPR,WY,ANM,WE,Combined TRACON& Tower with Radar,2,24,7,2,35,0,2,32,1,35,2,26,39,3,70,16,6,22,92
08/12/2018,CPR,WY,ANM,WE,Combined TRACON& Tower with Radar,0,11,9,0,20,0,0,23,5,28,0,11,32,5,48,0,0,0,48
08/13/2018,CPR,WY,ANM,WE,Combined TRACON& Tower with Radar,2,28,16,0,46,0,4,40,0,44,2,32,56,0,90,18,0,18,108
08/14/2018,CPR,WY,ANM,WE,Combined TRACON& Tower with Radar,3,37,25,6,71,0,5,39,0,44,3,42,64,6,115,14,8,22,137
08/15/2018,CPR,WY,ANM,WE,Combined TRACON& Tower with Radar,3,37,27,0,67,0,2,55,3,60,3,39,82,3,127,8,0,8,135
08/16/2018,CPR,WY,ANM,WE,Combined TRACON& Tower with Radar,3,36,16,0,55,0,4,49,0,53,3,40,65,0,108,12,0,12,120
08/17/2018,CPR,WY,ANM,WE,Combined TRACON& Tower with Radar,4,29,22,0,55,0,1,53,0,54,4,30,75,0,109,22,0,22,131
08/18/2018,CPR,WY,ANM,WE,Combined TRACON& Tower with Radar,5,24,11,0,40,0,1,23,0,24,5,25,34,0,64,0,0,0,64
08/19/2018,CPR,WY,ANM,WE,Combined TRACON& Tower with Radar,0,14,11,0,25,0,0,12,0,12,0,14,23,0,37,0,0,0,37
08/20/2018,CPR,WY,ANM,WE,Combined TRACON& Tower with Radar,1,27,33,0,61,0,0,58,0,58,1,27,91,0,119,22,0,22,141
08/21/2018,CPR,WY,ANM,WE,Combined TRACON& Tower with Radar,4,33,20,0,57,0,0,47,0,47,4,33,67,0,104,16,0,16,120
08/22/2018,CPR,WY,ANM,WE,Combined TRACON& Tower with Radar,3,38,46,2,89,0,0,19,0,19,3,38,65,2,108,6,0,6,114
08/23/2018,CPR,WY,ANM,WE,Combined TRACON& Tower with Radar,3,30,21,0,54,0,2,17,0,19,3,32,38,0,73,0,0,0,73
08/24/2018,CPR,WY,ANM,WE,Combined TRACON& Tower with Radar,3,29,15,2,49,0,1,48,0,49,3,30,63,2,98,24,0,24,122
08/25/2018,CPR,WY,ANM,WE,Combined TRACON& Tower with Radar,2,14,8,0,24,0,5,51,0,56,2,19,59,0,80,0,0,0,80
08/26/2018,CPR,WY,ANM,WE,Combined TRACON& Tower with Radar,0,16,13,1,30,0,1,41,1,43,0,17,54,2,73,6,0,6,79
08/27/2018,CPR,WY,ANM,WE,Combined TRACON& Tower with Radar,2,37,15,0,54,0,4,51,0,55,2,41,66,0,109,0,0,0,109
08/28/2018,CPR,WY,ANM,WE,Combined TRACON& Tower with Radar,3,30,16,0,49,0,1,47,0,48,3,31,63,0,97,20,0,20,117
08/29/2018,CPR,WY,ANM,WE,Combined TRACON& Tower with Radar,3,25,27,0,55,0,1,106,0,107,3,26,133,0,162,40,0,40,202
08/30/2018,CPR,WY,ANM,WE,Combined TRACON& Tower with Radar,3,33,9,0,45,0,5,78,6,89,3,38,87,6,134,48,0,48,182
08/31/2018,CPR,WY,ANM,WE,Combined TRACON& Tower with Radar,3,31,18,1,53,0,1,45,2,48,3,32,63,3,101,12,0,12,113
09/01/2018,CPR,WY,ANM,WE,Combined TRACON& Tower with Radar,2,19,8,0,29,0,2,89,0,91,2,21,97,0,120,16,0,16,136
09/02/2018,CPR,WY,ANM,WE,Combined TRACON& Tower with Radar,2,12,5,0,19,0,0,42,0,42,2,12,47,0,61,22,0,22,83
09/03/2018,CPR,WY,ANM,WE,Combined TRACON& Tower with Radar,0,13,9,0,22,0,2,21,0,23,0,15,30,0,45,18,0,18,63
09/04/2018,CPR,WY,ANM,WE,Combined TRACON& Tower with Radar,2,30,21,1,54,0,2,58,1,61,2,32,79,2,115,54,0,54,169
09/05/2018,CPR,WY,ANM,WE,Combined TRACON& Tower with Radar,5,40,9,0,54,0,4,43,0,47,5,44,52,0,101,39,0,39,140
09/06/2018,CPR,WY,ANM,WE,Combined TRACON& Tower with Radar,4,34,31,0,69,0,5,54,0,59,4,39,85,0,128,20,0,20,148
09/07/2018,CPR,WY,ANM,WE,Combined TRACON& Tower with Radar,3,30,11,6,50,0,0,56,6,62,3,30,67,12,112,35,0,35,147
09/08/2018,CPR,WY,ANM,WE,Combined TRACON& Tower with Radar,2,16,11,0,29,0,5,41,0,46,2,21,52,0,75,20,0,20,95
09/09/2018,CPR,WY,ANM,WE,Combined TRACON& Tower with Radar,0,21,9,3,33,0,0,36,3,39,0,21,45,6,72,10,0,10,82
09/10/2018,CPR,WY,ANM,WE,Combined TRACON& Tower with Radar,2,27,11,4,44,0,3,24,0,27,2,30,35,4,71,0,0,0,71
09/11/2018,CPR,WY,ANM,WE,Combined TRACON& Tower with Radar,4,32,21,0,57,0,2,58,0,60,4,34,79,0,117,14,0,14,131
09/12/2018,CPR,WY,ANM,WE,Combined TRACON& Tower with Radar,9,27,24,0,60,0,1,39,0,40,9,28,63,0,100,2,0,2,102
09/13/2018,CPR,WY,ANM,WE,Combined TRACON& Tower with Radar,3,27,14,0,44,0,2,50,0,52,3,29,64,0,96,20,0,20,116
09/14/2018,CPR,WY,ANM,WE,Combined TRACON& Tower with Radar,3,26,31,2,62,0,0,41,0,41,3,26,72,2,103,46,0,46,149
09/15/2018,CPR,WY,ANM,WE,Combined TRACON& Tower with Radar,2,21,3,0,26,0,0,46,0,46,2,21,49,0,72,30,0,30,102
09/16/2018,CPR,WY,ANM,WE,Combined TRACON& Tower with Radar,0,14,20,0,34,0,2,27,0,29,0,16,47,0,63,0,0,0,63
09/17/2018,CPR,WY,ANM,WE,Combined TRACON& Tower with Radar,2,26,29,3,60,0,5,46,1,52,2,31,75,4,112,24,4,28,140
09/18/2018,CPR,WY,ANM,WE,Combined TRACON& Tower with Radar,3,38,21,2,64,0,4,50,0,54,3,42,71,2,118,76,0,76,194
09/19/2018,CPR,WY,ANM,WE,Combined TRACON& Tower with Radar,4,37,24,5,70,1,1,22,2,26,5,38,46,7,96,16,10,26,122
09/20/2018,CPR,WY,ANM,WE,Combined TRACON& Tower with Radar,3,38,28,0,69,0,3,26,0,29,3,41,54,0,98,22,0,22,120
09/21/2018,CPR,WY,ANM,WE,Combined TRACON& Tower with Radar,3,28,21,0,52,0,0,36,0,36,3,28,57,0,88,48,0,48,136
09/22/2018,CPR,WY,ANM,WE,Combined TRACON& Tower with Radar,2,17,7,0,26,0,4,46,0,50,2,21,53,0,76,44,0,44,120
09/23/2018,CPR,WY,ANM,WE,Combined TRACON& Tower with Radar,0,12,6,1,19,0,1,14,0,15,0,13,20,1,34,0,0,0,34
09/24/2018,CPR,WY,ANM,WE,Combined TRACON& Tower with Radar,2,28,14,0,44,0,5,34,2,41,2,33,48,2,85,78,0,78,163
09/25/2018,CPR,WY,ANM,WE,Combined TRACON& Tower with Radar,4,28,16,0,48,0,0,51,0,51,4,28,67,0,99,12,0,12,111
09/26/2018,CPR,WY,ANM,WE,Combined TRACON& Tower with Radar,4,30,21,0,55,0,4,41,0,45,4,34,62,0,100,62,0,62,162
09/27/2018,CPR,WY,ANM,WE,Combined TRACON& Tower with Radar,3,28,20,0,51,0,1,58,2,61,3,29,78,2,112,38,0,38,150
09/28/2018,CPR,WY,ANM,WE,Combined TRACON& Tower with Radar,4,27,13,2,46,0,0,12,0,12,4,27,25,2,58,18,0,18,76
09/29/2018,CPR,WY,ANM,WE,Combined TRACON& Tower with Radar,2,19,8,0,29,0,0,9,0,9,2,19,17,0,38,6,0,6,44
09/30/2018,CPR,WY,ANM,WE,Combined TRACON& Tower with Radar,0,20,18,0,38,0,0,7,0,7,0,20,25,0,45,6,0,6,51
10/01/2018,CPR,WY,ANM,WE,Combined TRACON& Tower with Radar,2,29,9,0,40,0,1,34,0,35,2,30,43,0,75,16,0,16,91
10/02/2018,CPR,WY,ANM,WE,Combined TRACON& Tower with Radar,3,32,22,3,60,0,2,16,5,23,3,34,38,8,83,0,18,18,101
10/03/2018,CPR,WY,ANM,WE,Combined TRACON& Tower with Radar,4,37,20,0,61,0,2,22,0,24,4,39,42,0,85,30,0,30,115
10/04/2018,CPR,WY,ANM,WE,Combined TRACON& Tower with Radar,6,32,26,0,64,0,4,16,0,20,6,36,42,0,84,18,0,18,102
10/05/2018,CPR,WY,ANM,WE,Combined TRACON& Tower with Radar,7,25,10,0,42,0,2,8,0,10,7,27,18,0,52,0,0,0,52
10/06/2018,CPR,WY,ANM,WE,Combined TRACON& Tower with Radar,4,17,5,0,26,0,0,35,4,39,4,17,40,4,65,32,0,32,97
10/07/2018,CPR,WY,ANM,WE,Combined TRACON& Tower with Radar,2,11,7,0,20,0,0,0,0,0,2,11,7,0,20,0,0,0,20
10/08/2018,CPR,WY,ANM,WE,Combined TRACON& Tower with Radar,3,29,10,0,42,0,0,0,0,0,3,29,10,0,42,0,0,0,42
10/09/2018,CPR,WY,ANM,WE,Combined TRACON& Tower with Radar,5,28,22,0,55,0,0,10,0,10,5,28,32,0,65,0,0,0,65
10/10/2018,CPR,WY,ANM,WE,Combined TRACON& Tower with Radar,4,27,14,2,47,0,1,19,0,20,4,28,33,2,67,10,0,10,77
10/11/2018,CPR,WY,ANM,WE,Combined TRACON& Tower with Radar,4,31,23,0,58,0,1,48,0,49,4,32,71,0,107,28,0,28,135
10/12/2018,CPR,WY,ANM,WE,Combined TRACON& Tower with Radar,6,28,19,1,54,0,0,45,11,56,6,28,64,12,110,42,0,42,152
10/13/2018,CPR,WY,ANM,WE,Combined TRACON& Tower with Radar,4,18,11,0,33,0,0,13,1,14,4,18,24,1,47,42,0,42,89
10/14/2018,CPR,WY,ANM,WE,Combined TRACON& Tower with Radar,1,12,15,2,30,0,0,9,0,9,1,12,24,2,39,2,0,2,41
10/15/2018,CPR,WY,ANM,WE,Combined TRACON& Tower with Radar,2,35,14,0,51,0,5,23,0,28,2,40,37,0,79,24,0,24,103
10/16/2018,CPR,WY,ANM,WE,Combined TRACON& Tower with Radar,5,38,17,0,60,0,2,54,0,56,5,40,71,0,116,68,0,68,184
10/17/2018,CPR,WY,ANM,WE,Combined TRACON& Tower with Radar,6,39,20,0,65,0,0,52,2,54,6,39,72,2,119,30,0,30,149
10/18/2018,CPR,WY,ANM,WE,Combined TRACON& Tower with Radar,6,33,30,0,69,0,0,45,2,47,6,33,75,2,116,16,0,16,132
10/19/2018,CPR,WY,ANM,WE,Combined TRACON& Tower with Radar,5,23,13,2,43,0,0,48,1,49,5,23,61,3,92,28,0,28,120
10/20/2018,CPR,WY,ANM,WE,Combined TRACON& Tower with Radar,4,17,9,0,30,0,2,35,0,37,4,19,44,0,67,32,0,32,99
10/21/2018,CPR,WY,ANM,WE,Combined TRACON& Tower with Radar,2,7,6,0,15,0,1,24,0,25,2,8,30,0,40,6,0,6,46
10/22/2018,CPR,WY,ANM,WE,Combined TRACON& Tower with Radar,4,21,14,0,39,0,2,35,0,37,4,23,49,0,76,8,0,8,84
10/23/2018,CPR,WY,ANM,WE,Combined TRACON& Tower with Radar,5,31,15,0,51,0,0,29,0,29,5,31,44,0,80,26,0,26,106
10/24/2018,CPR,WY,ANM,WE,Combined TRACON& Tower with Radar,6,33,21,0,60,0,0,33,0,33,6,33,54,0,93,60,0,60,153
10/25/2018,CPR,WY,ANM,WE,Combined TRACON& Tower with Radar,4,33,12,0,49,0,3,36,0,39,4,36,48,0,88,44,0,44,132
10/26/2018,CPR,WY,ANM,WE,Combined TRACON& Tower with Radar,6,31,15,8,60,0,1,56,1,58,6,32,71,9,118,64,0,64,182
10/27/2018,CPR,WY,ANM,WE,Combined TRACON& Tower with Radar,4,18,2,0,24,0,3,20,0,23,4,21,22,0,47,32,0,32,79
10/28/2018,CPR,WY,ANM,WE,Combined TRACON& Tower with Radar,1,11,8,2,22,0,1,23,4,28,1,12,31,6,50,28,0,28,78
10/29/2018,CPR,WY,ANM,WE,Combined TRACON& Tower with Radar,2,25,9,0,36,0,2,16,0,18,2,27,25,0,54,2,0,2,56
10/30/2018,CPR,WY,ANM,WE,Combined TRACON& Tower with Radar,3,25,12,0,40,0,0,13,0,13,3,25,25,0,53,16,0,16,69
10/31/2018,CPR,WY,ANM,WE,Combined TRACON& Tower with Radar,2,29,19,0,50,0,1,51,0,52,2,30,70,0,102,68,0,68,170
11/01/2018,CPR,WY,ANM,WE,Combined TRACON& Tower with Radar,4,26,20,0,50,0,0,19,0,19,4,26,39,0,69,70,0,70,139
11/02/2018,CPR,WY,ANM,WE,Combined TRACON& Tower with Radar,3,29,11,0,43,0,7,16,0,23,3,36,27,0,66,26,0,26,92
11/03/2018,CPR,WY,ANM,WE,Combined TRACON& Tower with Radar,2,22,4,2,30,0,2,4,0,6,2,24,8,2,36,4,0,4,40
11/04/2018,CPR,WY,ANM,WE,Combined TRACON& Tower with Radar,0,14,4,0,18,0,0,3,0,3,0,14,7,0,21,0,0,0,21
11/05/2018,CPR,WY,ANM,WE,Combined TRACON& Tower with Radar,4,28,8,0,40,0,1,13,0,14,4,29,21,0,54,14,0,14,68
11/06/2018,CPR,WY,ANM,WE,Combined TRACON& Tower with Radar,3,36,18,0,57,0,0,24,0,24,3,36,42,0,81,24,0,24,105
11/07/2018,CPR,WY,ANM,WE,Combined TRACON& Tower with Radar,6,31,11,2,50,0,0,12,0,12,6,31,23,2,62,34,6,40,102
11/08/2018,CPR,WY,ANM,WE,Combined TRACON& Tower with Radar,5,30,12,0,47,0,2,17,0,19,5,32,29,0,66,18,0,18,84
11/09/2018,CPR,WY,ANM,WE,Combined TRACON& Tower with Radar,4,30,15,2,51,0,2,27,0,29,4,32,42,2,80,20,0,20,100
11/10/2018,CPR,WY,ANM,WE,Combined TRACON& Tower with Radar,2,20,13,0,35,0,3,16,0,19,2,23,29,0,54,12,0,12,66
11/11/2018,CPR,WY,ANM,WE,Combined TRACON& Tower with Radar,0,13,9,0,22,0,0,10,0,10,0,13,19,0,32,32,0,32,64
11/12/2018,CPR,WY,ANM,WE,Combined TRACON& Tower with Radar,2,25,14,2,43,0,1,41,2,44,2,26,55,4,87,48,0,48,135
11/13/2018,CPR,WY,ANM,WE,Combined TRACON& Tower with Radar,4,30,23,0,57,0,0,28,0,28,4,30,51,0,85,18,0,18,103
11/14/2018,CPR,WY,ANM,WE,Combined TRACON& Tower with Radar,5,34,12,0,51,0,7,19,0,26,5,41,31,0,77,6,0,6,83
11/15/2018,CPR,WY,ANM,WE,Combined TRACON& Tower with Radar,4,28,20,4,56,0,2,45,0,47,4,30,65,4,103,60,0,60,163
11/16/2018,CPR,WY,ANM,WE,Combined TRACON& Tower with Radar,5,27,19,0,51,0,5,13,0,18,5,32,32,0,69,8,0,8,77
11/17/2018,CPR,WY,ANM,WE,Combined TRACON& Tower with Radar,2,18,4,0,24,0,1,4,0,5,2,19,8,0,29,0,0,0,29
11/18/2018,CPR,WY,ANM,WE,Combined TRACON& Tower with Radar,0,12,1,0,13,0,0,4,0,4,0,12,5,0,17,28,0,28,45
11/19/2018,CPR,WY,ANM,WE,Combined TRACON& Tower with Radar,1,30,13,0,44,0,2,48,0,50,1,32,61,0,94,18,0,18,112
11/20/2018,CPR,WY,ANM,WE,Combined TRACON& Tower with Radar,6,30,18,0,54,0,3,37,0,40,6,33,55,0,94,44,0,44,138
11/21/2018,CPR,WY,ANM,WE,Combined TRACON& Tower with Radar,4,31,14,0,49,0,1,13,0,14,4,32,27,0,63,0,0,0,63
11/22/2018,CPR,WY,ANM,WE,Combined TRACON& Tower with Radar,0,9,6,0,15,0,0,4,0,4,0,9,10,0,19,0,0,0,19
11/23/2018,CPR,WY,ANM,WE,Combined TRACON& Tower with Radar,3,23,11,8,45,0,2,8,0,10,3,25,19,8,55,0,0,0,55
11/24/2018,CPR,WY,ANM,WE,Combined TRACON& Tower with Radar,2,21,6,0,29,0,0,1,0,1,2,21,7,0,30,0,0,0,30
11/25/2018,CPR,WY,ANM,WE,Combined TRACON& Tower with Radar,0,18,12,3,33,0,4,12,0,16,0,22,24,3,49,0,0,0,49
11/26/2018,CPR,WY,ANM,WE,Combined TRACON& Tower with Radar,2,29,14,1,46,0,0,8,1,9,2,29,22,2,55,0,0,0,55
11/27/2018,CPR,WY,ANM,WE,Combined TRACON& Tower with Radar,6,43,20,1,70,0,4,13,3,20,6,47,33,4,90,8,0,8,98
11/28/2018,CPR,WY,ANM,WE,Combined TRACON& Tower with Radar,4,33,24,0,61,0,3,20,0,23,4,36,44,0,84,42,0,42,126
11/29/2018,CPR,WY,ANM,WE,Combined TRACON& Tower with Radar,5,30,29,0,64,0,1,27,0,28,5,31,56,0,92,36,0,36,128
11/30/2018,CPR,WY,ANM,WE,Combined TRACON& Tower with Radar,9,30,19,0,58,0,0,2,0,2,9,30,21,0,60,0,0,0,60
12/01/2018,CPR,WY,ANM,WE,Combined TRACON& Tower with Radar,3,18,14,0,35,0,0,2,0,2,3,18,16,0,37,6,0,6,43
12/02/2018,CPR,WY,ANM,WE,Combined TRACON& Tower with Radar,0,16,20,0,36,0,0,0,0,0,0,16,20,0,36,0,0,0,36
12/03/2018,CPR,WY,ANM,WE,Combined TRACON& Tower with Radar,3,28,12,0,43,0,0,8,0,8,3,28,20,0,51,0,0,0,51
12/04/2018,CPR,WY,ANM,WE,Combined TRACON& Tower with Radar,7,31,16,0,54,0,2,38,0,40,7,33,54,0,94,6,0,6,100
12/05/2018,CPR,WY,ANM,WE,Combined TRACON& Tower with Radar,4,35,20,0,59,0,0,14,0,14,4,35,34,0,73,6,0,6,79
12/06/2018,CPR,WY,ANM,WE,Combined TRACON& Tower with Radar,5,34,17,0,56,0,0,30,0,30,5,34,47,0,86,30,0,30,116
12/07/2018,CPR,WY,ANM,WE,Combined TRACON& Tower with Radar,7,27,18,4,56,2,2,35,0,39,9,29,53,4,95,64,0,64,159
12/08/2018,CPR,WY,ANM,WE,Combined TRACON& Tower with Radar,3,15,3,0,21,0,0,24,0,24,3,15,27,0,45,16,0,16,61
12/09/2018,CPR,WY,ANM,WE,Combined TRACON& Tower with Radar,0,10,6,2,18,0,0,8,2,10,0,10,14,4,28,4,0,4,32
12/10/2018,CPR,WY,ANM,WE,Combined TRACON& Tower with Radar,3,30,6,0,39,0,0,20,0,20,3,30,26,0,59,0,0,0,59
12/11/2018,CPR,WY,ANM,WE,Combined TRACON& Tower with Radar,7,41,15,0,63,0,2,25,0,27,7,43,40,0,90,24,0,24,114
12/12/2018,CPR,WY,ANM,WE,Combined TRACON& Tower with Radar,3,34,16,0,53,0,0,5,0,5,3,34,21,0,58,0,0,0,58
12/13/2018,CPR,WY,ANM,WE,Combined TRACON& Tower with Radar,3,33,13,0,49,0,2,18,4,24,3,35,31,4,73,18,0,18,91
12/14/2018,CPR,WY,ANM,WE,Combined TRACON& Tower with Radar,7,25,7,4,43,0,0,6,0,6,7,25,13,4,49,0,0,0,49
12/15/2018,CPR,WY,ANM,WE,Combined TRACON& Tower with Radar,3,17,2,0,22,0,0,6,0,6,3,17,8,0,28,4,0,4,32
12/16/2018,CPR,WY,ANM,WE,Combined TRACON& Tower with Radar,0,15,11,0,26,0,0,18,0,18,0,15,29,0,44,40,0,40,84
12/17/2018,CPR,WY,ANM,WE,Combined TRACON& Tower with Radar,3,27,18,2,50,0,3,24,0,27,3,30,42,2,77,30,0,30,107
12/18/2018,CPR,WY,ANM,WE,Combined TRACON& Tower with Radar,6,36,18,0,60,0,1,22,0,23,6,37,40,0,83,2,0,2,85
12/19/2018,CPR,WY,ANM,WE,Combined TRACON& Tower with Radar,7,33,9,0,49,0,0,8,0,8,7,33,17,0,57,24,0,24,81
12/20/2018,CPR,WY,ANM,WE,Combined TRACON& Tower with Radar,8,28,14,0,50,0,3,25,0,28,8,31,39,0,78,16,0,16,94
12/21/2018,CPR,WY,ANM,WE,Combined TRACON& Tower with Radar,11,24,16,1,52,0,1,9,1,11,11,25,25,2,63,0,0,0,63
12/22/2018,CPR,WY,ANM,WE,Combined TRACON& Tower with Radar,7,24,9,0,40,0,1,12,0,13,7,25,21,0,53,26,0,26,79
12/23/2018,CPR,WY,ANM,WE,Combined TRACON& Tower with Radar,5,11,8,0,24,0,1,4,2,7,5,12,12,2,31,0,8,8,39
12/24/2018,CPR,WY,ANM,WE,Combined TRACON& Tower with Radar,8,13,3,0,24,0,2,21,0,23,8,15,24,0,47,12,0,12,59
12/25/2018,CPR,WY,ANM,WE,Combined TRACON& Tower with Radar,4,6,3,0,13,0,0,1,0,1,4,6,4,0,14,0,0,0,14
12/26/2018,CPR,WY,ANM,WE,Combined TRACON& Tower with Radar,9,26,14,0,49,0,0,0,0,0,9,26,14,0,49,0,0,0,49
12/27/2018,CPR,WY,ANM,WE,Combined TRACON& Tower with Radar,11,20,16,0,47,0,0,2,0,2,11,20,18,0,49,0,0,0,49
12/28/2018,CPR,WY,ANM,WE,Combined TRACON& Tower with Radar,10,23,13,0,46,0,0,23,0,23,10,23,36,0,69,14,0,14,83
12/29/2018,CPR,WY,ANM,WE,Combined TRACON& Tower with Radar,6,14,6,0,26,0,0,9,0,9,6,14,15,0,35,0,0,0,35
12/30/2018,CPR,WY,ANM,WE,Combined TRACON& Tower with Radar,8,8,0,0,16,0,0,1,0,1,8,8,1,0,17,0,0,0,17
12/31/2018,CPR,WY,ANM,WE,Combined TRACON& Tower with Radar,8,11,0,0,19,0,0,0,0,0,8,11,0,0,19,0,0,0,19
01/01/2019,CPR,WY,ANM,WE,Combined TRACON& Tower with Radar,4,7,4,0,15,0,0,4,0,4,4,7,8,0,19,4,0,4,23
01/02/2019,CPR,WY,ANM,WE,Combined TRACON& Tower with Radar,9,24,13,0,46,0,1,14,0,15,9,25,27,0,61,0,0,0,61
01/03/2019,CPR,WY,ANM,WE,Combined TRACON& Tower with Radar,8,28,14,0,50,0,1,16,0,17,8,29,30,0,67,6,0,6,73
01/04/2019,CPR,WY,ANM,WE,Combined TRACON& Tower with Radar,7,22,8,0,37,0,3,27,0,30,7,25,35,0,67,4,0,4,71
01/05/2019,CPR,WY,ANM,WE,Combined TRACON& Tower with Radar,8,13,3,0,24,0,1,23,0,24,8,14,26,0,48,12,0,12,60
01/06/2019,CPR,WY,ANM,WE,Combined TRACON& Tower with Radar,2,10,6,0,18,0,2,12,0,14,2,12,18,0,32,14,0,14,46
01/07/2019,CPR,WY,ANM,WE,Combined TRACON& Tower with Radar,6,21,8,0,35,0,1,8,0,9,6,22,16,0,44,0,0,0,44
01/08/2019,CPR,WY,ANM,WE,Combined TRACON& Tower with Radar,5,29,14,0,48,0,1,37,0,38,5,30,51,0,86,34,0,34,120
01/09/2019,CPR,WY,ANM,WE,Combined TRACON& Tower with Radar,6,24,10,0,40,0,0,20,0,20,6,24,30,0,60,12,0,12,72
01/10/2019,CPR,WY,ANM,WE,Combined TRACON& Tower with Radar,6,26,12,0,44,0,0,30,0,30,6,26,42,0,74,30,0,30,104
01/11/2019,CPR,WY,ANM,WE,Combined TRACON& Tower with Radar,10,24,16,0,50,0,0,11,0,11,10,24,27,0,61,6,0,6,67
01/12/2019,CPR,WY,ANM,WE,Combined TRACON& Tower with Radar,3,19,10,0,32,0,1,39,0,40,3,20,49,0,72,40,0,40,112
01/13/2019,CPR,WY,ANM,WE,Combined TRACON& Tower with Radar,1,13,9,0,23,0,1,27,0,28,1,14,36,0,51,26,0,26,77
01/14/2019,CPR,WY,ANM,WE,Combined TRACON& Tower with Radar,6,28,17,0,51,0,1,33,0,34,6,29,50,0,85,20,0,20,105
01/15/2019,CPR,WY,ANM,WE,Combined TRACON& Tower with Radar,4,31,10,2,47,0,1,33,0,34,4,32,43,2,81,52,0,52,133
01/16/2019,CPR,WY,ANM,WE,Combined TRACON& Tower with Radar,6,31,21,13,71,0,0,26,0,26,6,31,47,13,97,28,0,28,125
01/17/2019,CPR,WY,ANM,WE,Combined TRACON& Tower with Radar,8,27,17,0,52,0,0,20,0,20,8,27,37,0,72,2,0,2,74
01/18/2019,CPR,WY,ANM,WE,Combined TRACON& Tower with Radar,7,23,7,0,37,0,2,12,0,14,7,25,19,0,51,48,0,48,99
01/19/2019,CPR,WY,ANM,WE,Combined TRACON& Tower with Radar,3,19,8,0,30,0,1,11,0,12,3,20,19,0,42,2,0,2,44
01/20/2019,CPR,WY,ANM,WE,Combined TRACON& Tower with Radar,1,18,12,1,32,0,4,5,1,10,1,22,17,2,42,0,6,6,48
01/21/2019,CPR,WY,ANM,WE,Combined TRACON& Tower with Radar,3,21,10,0,34,0,0,1,0,1,3,21,11,0,35,0,0,0,35
01/22/2019,CPR,WY,ANM,WE,Combined TRACON& Tower with Radar,4,32,12,0,48,0,0,29,0,29,4,32,41,0,77,58,0,58,135
01/23/2019,CPR,WY,ANM,WE,Combined TRACON& Tower with Radar,6,24,25,0,55,0,2,10,0,12,6,26,35,0,67,0,0,0,67
01/24/2019,CPR,WY,ANM,WE,Combined TRACON& Tower with Radar,7,22,25,2,56,0,0,32,0,32,7,22,57,2,88,58,0,58,146
01/25/2019,CPR,WY,ANM,WE,Combined TRACON& Tower with Radar,8,27,11,0,46,0,1,46,0,47,8,28,57,0,93,36,0,36,129
01/26/2019,CPR,WY,ANM,WE,Combined TRACON& Tower with Radar,3,21,10,0,34,0,0,21,1,22,3,21,31,1,56,48,0,48,104
01/27/2019,CPR,WY,ANM,WE,Combined TRACON& Tower with Radar,1,12,10,0,23,0,0,1,7,8,1,12,11,7,31,0,0,0,31
01/28/2019,CPR,WY,ANM,WE,Combined TRACON& Tower with Radar,5,19,15,0,39,0,1,10,0,11,5,20,25,0,50,18,0,18,68
01/29/2019,CPR,WY,ANM,WE,Combined TRACON& Tower with Radar,5,24,18,0,47,0,2,30,0,32,5,26,48,0,79,22,0,22,101
01/30/2019,CPR,WY,ANM,WE,Combined TRACON& Tower with Radar,7,23,17,0,47,0,0,26,0,26,7,23,43,0,73,10,0,10,83
01/31/2019,CPR,WY,ANM,WE,Combined TRACON& Tower with Radar,8,24,11,1,44,0,1,28,1,30,8,25,39,2,74,0,0,0,74
02/01/2019,CPR,WY,ANM,WE,Combined TRACON& Tower with Radar,8,22,21,0,51,0,4,33,0,37,8,26,54,0,88,6,0,6,94
02/02/2019,CPR,WY,ANM,WE,Combined TRACON& Tower with Radar,3,17,6,2,28,0,0,10,0,10,3,17,16,2,38,0,0,0,38
02/03/2019,CPR,WY,ANM,WE,Combined TRACON& Tower with Radar,1,13,2,0,16,0,0,5,0,5,1,13,7,0,21,0,0,0,21
02/04/2019,CPR,WY,ANM,WE,Combined TRACON& Tower with Radar,6,18,16,0,40,0,1,10,0,11,6,19,26,0,51,0,0,0,51
02/05/2019,CPR,WY,ANM,WE,Combined TRACON& Tower with Radar,7,32,10,0,49,0,0,10,0,10,7,32,20,0,59,2,0,2,61
02/06/2019,CPR,WY,ANM,WE,Combined TRACON& Tower with Radar,6,25,11,0,42,0,0,0,0,0,6,25,11,0,42,0,0,0,42
02/07/2019,CPR,WY,ANM,WE,Combined TRACON& Tower with Radar,7,26,17,0,50,0,1,18,1,20,7,27,35,1,70,14,0,14,84
02/08/2019,CPR,WY,ANM,WE,Combined TRACON& Tower with Radar,8,24,12,0,44,0,1,14,0,15,8,25,26,0,59,18,0,18,77
02/09/2019,CPR,WY,ANM,WE,Combined TRACON& Tower with Radar,3,16,7,0,26,0,0,17,0,17,3,16,24,0,43,10,0,10,53
02/10/2019,CPR,WY,ANM,WE,Combined TRACON& Tower with Radar,1,15,8,0,24,0,0,27,0,27,1,15,35,0,51,28,0,28,79
02/11/2019,CPR,WY,ANM,WE,Combined TRACON& Tower with Radar,8,22,19,0,49,0,1,24,0,25,8,23,43,0,74,15,0,15,89
02/12/2019,CPR,WY,ANM,WE,Combined TRACON& Tower with Radar,7,25,12,0,44,0,2,15,0,17,7,27,27,0,61,0,0,0,61
02/13/2019,CPR,WY,ANM,WE,Combined TRACON& Tower with Radar,5,29,24,0,58,0,1,4,0,5,5,30,28,0,63,0,0,0,63
02/14/2019,CPR,WY,ANM,WE,Combined TRACON& Tower with Radar,8,36,8,0,52,0,0,20,0,20,8,36,28,0,72,54,0,54,126
02/15/2019,CPR,WY,ANM,WE,Combined TRACON& Tower with Radar,8,28,18,10,64,0,2,18,0,20,8,30,36,10,84,0,0,0,84
02/16/2019,CPR,WY,ANM,WE,Combined TRACON& Tower with Radar,6,20,4,2,32,0,0,4,0,4,6,20,8,2,36,0,0,0,36
02/17/2019,CPR,WY,ANM,WE,Combined TRACON& Tower with Radar,4,11,12,0,27,0,0,0,0,0,4,11,12,0,27,12,0,12,39
02/18/2019,CPR,WY,ANM,WE,Combined TRACON& Tower with Radar,6,29,12,0,47,0,0,19,0,19,6,29,31,0,66,38,0,38,104
02/19/2019,CPR,WY,ANM,WE,Combined TRACON& Tower with Radar,6,38,15,0,59,0,2,12,0,14,6,40,27,0,73,2,0,2,75
02/20/2019,CPR,WY,ANM,WE,Combined TRACON& Tower with Radar,7,28,15,1,51,0,0,29,1,30,7,28,44,2,81,34,0,34,115
02/21/2019,CPR,WY,ANM,WE,Combined TRACON& Tower with Radar,8,30,24,0,62,0,0,0,0,0,8,30,24,0,62,0,0,0,62
02/22/2019,CPR,WY,ANM,WE,Combined TRACON& Tower with Radar,7,25,16,0,48,0,0,12,0,12,7,25,28,0,60,24,0,24,84
02/23/2019,CPR,WY,ANM,WE,Combined TRACON& Tower with Radar,5,12,15,2,34,0,0,19,0,19,5,12,34,2,53,8,0,8,61
02/24/2019,CPR,WY,ANM,WE,Combined TRACON& Tower with Radar,4,12,8,1,25,0,2,16,0,18,4,14,24,1,43,30,0,30,73
02/25/2019,CPR,WY,ANM,WE,Combined TRACON& Tower with Radar,8,23,8,0,39,0,1,14,1,16,8,24,22,1,55,4,0,4,59
02/26/2019,CPR,WY,ANM,WE,Combined TRACON& Tower with Radar,7,36,11,0,54,0,1,8,4,13,7,37,19,4,67,0,0,0,67
02/27/2019,CPR,WY,ANM,WE,Combined TRACON& Tower with Radar,8,31,16,0,55,0,3,33,0,36,8,34,49,0,91,38,0,38,129
02/28/2019,CPR,WY,ANM,WE,Combined TRACON& Tower with Radar,7,29,16,0,52,0,1,12,1,14,7,30,28,1,66,0,0,0,66
03/01/2019,CPR,WY,ANM,WE,Combined TRACON& Tower with Radar,8,25,24,1,58,0,1,11,3,15,8,26,35,4,73,0,0,0,73
03/02/2019,CPR,WY,ANM,WE,Combined TRACON& Tower with Radar,6,16,5,0,27,0,0,2,0,2,6,16,7,0,29,0,0,0,29
03/03/2019,CPR,WY,ANM,WE,Combined TRACON& Tower with Radar,4,12,6,0,22,0,2,1,0,3,4,14,7,0,25,0,0,0,25
03/04/2019,CPR,WY,ANM,WE,Combined TRACON& Tower with Radar,8,23,13,1,45,0,3,61,1,65,8,26,74,2,110,56,8,64,174
03/05/2019,CPR,WY,ANM,WE,Combined TRACON& Tower with Radar,8,28,28,0,64,0,4,40,1,45,8,32,68,1,109,48,0,48,157
03/06/2019,CPR,WY,ANM,WE,Combined TRACON& Tower with Radar,7,27,17,0,51,0,1,20,0,21,7,28,37,0,72,62,0,62,134
03/07/2019,CPR,WY,ANM,WE,Combined TRACON& Tower with Radar,10,35,23,0,68,0,1,25,0,26,10,36,48,0,94,50,0,50,144
03/08/2019,CPR,WY,ANM,WE,Combined TRACON& Tower with Radar,6,25,11,0,42,0,0,3,0,3,6,25,14,0,45,0,0,0,45
03/09/2019,CPR,WY,ANM,WE,Combined TRACON& Tower with Radar,3,19,8,0,30,0,0,10,0,10,3,19,18,0,40,52,0,52,92
03/10/2019,CPR,WY,ANM,WE,Combined TRACON& Tower with Radar,3,11,20,0,34,0,0,21,1,22,3,11,41,1,56,24,0,24,80
03/11/2019,CPR,WY,ANM,WE,Combined TRACON& Tower with Radar,6,22,9,0,37,0,1,40,0,41,6,23,49,0,78,92,0,92,170
03/12/2019,CPR,WY,ANM,WE,Combined TRACON& Tower with Radar,7,31,21,0,59,0,0,22,0,22,7,31,43,0,81,0,0,0,81
03/13/2019,CPR,WY,ANM,WE,Combined TRACON& Tower with Radar,1,4,0,0,5,0,0,0,0,0,1,4,0,0,5,0,0,0,5
03/14/2019,CPR,WY,ANM,WE,Combined TRACON& Tower with Radar,7,25,6,0,38,0,6,10,0,16,7,31,16,0,54,64,0,64,118
03/15/2019,CPR,WY,ANM,WE,Combined TRACON& Tower with Radar,8,24,20,1,53,0,1,16,0,17,8,25,36,1,70,0,0,0,70
03/16/2019,CPR,WY,ANM,WE,Combined TRACON& Tower with Radar,3,19,16,0,38,0,2,29,0,31,3,21,45,0,69,0,0,0,69
03/17/2019,CPR,WY,ANM,WE,Combined TRACON& Tower with Radar,3,6,9,0,18,0,0,16,0,16,3,6,25,0,34,10,0,10,44
03/18/2019,CPR,WY,ANM,WE,Combined TRACON& Tower with Radar,6,29,10,2,47,0,0,27,1,28,6,29,37,3,75,60,2,62,137
03/19/2019,CPR,WY,ANM,WE,Combined TRACON& Tower with Radar,8,28,8,0,44,0,1,40,0,41,8,29,48,0,85,68,0,68,153
03/20/2019,CPR,WY,ANM,WE,Combined TRACON& Tower with Radar,7,28,27,1,63,0,1,50,0,51,7,29,77,1,114,72,0,72,186
03/21/2019,CPR,WY,ANM,WE,Combined TRACON& Tower with Radar,7,19,16,6,48,0,1,38,0,39,7,20,54,6,87,46,0,46,133
03/22/2019,CPR,WY,ANM,WE,Combined TRACON& Tower with Radar,10,22,23,2,57,0,1,26,0,27,10,23,49,2,84,28,0,28,112
03/23/2019,CPR,WY,ANM,WE,Combined TRACON& Tower with Radar,3,17,7,2,29,0,0,20,0,20,3,17,27,2,49,32,0,32,81
03/24/2019,CPR,WY,ANM,WE,Combined TRACON& Tower with Radar,3,10,6,0,19,0,1,7,0,8,3,11,13,0,27,0,0,0,27
03/25/2019,CPR,WY,ANM,WE,Combined TRACON& Tower with Radar,6,17,14,0,37,0,0,24,0,24,6,17,38,0,61,38,0,38,99
03/26/2019,CPR,WY,ANM,WE,Combined TRACON& Tower with Radar,8,25,17,0,50,0,1,21,0,22,8,26,38,0,72,4,0,4,76
03/27/2019,CPR,WY,ANM,WE,Combined TRACON& Tower with Radar,6,30,14,2,52,0,0,21,0,21,6,30,35,2,73,32,0,32,105
03/28/2019,CPR,WY,ANM,WE,Combined TRACON& Tower with Radar,6,22,18,0,46,0,0,6,0,6,6,22,24,0,52,12,0,12,64
03/29/2019,CPR,WY,ANM,WE,Combined TRACON& Tower with Radar,6,31,7,0,44,0,0,0,0,0,6,31,7,0,44,0,0,0,44
03/30/2019,CPR,WY,ANM,WE,Combined TRACON& Tower with Radar,6,17,5,2,30,0,5,24,0,29,6,22,29,2,59,96,0,96,155
03/31/2019,CPR,WY,ANM,WE,Combined TRACON& Tower with Radar,4,9,11,3,27,0,0,43,0,43,4,9,54,3,70,100,0,100,170
04/01/2019,CPR,WY,ANM,WE,Combined TRACON& Tower with Radar,8,24,15,2,49,0,4,27,0,31,8,28,42,2,80,18,0,18,98
04/02/2019,CPR,WY,ANM,WE,Combined TRACON& Tower with Radar,6,34,12,0,52,0,2,27,0,29,6,36,39,0,81,48,0,48,129
04/03/2019,CPR,WY,ANM,WE,Combined TRACON& Tower with Radar,6,30,17,0,53,0,0,4,0,4,6,30,21,0,57,0,0,0,57
04/04/2019,CPR,WY,ANM,WE,Combined TRACON& Tower with Radar,7,25,12,0,44,0,0,40,0,40,7,25,52,0,84,80,0,80,164
04/05/2019,CPR,WY,ANM,WE,Combined TRACON& Tower with Radar,9,26,13,0,48,0,1,40,0,41,9,27,53,0,89,34,0,34,123
04/06/2019,CPR,WY,ANM,WE,Combined TRACON& Tower with Radar,6,16,6,3,31,0,2,21,0,23,6,18,27,3,54,38,0,38,92
04/07/2019,CPR,WY,ANM,WE,Combined TRACON& Tower with Radar,4,8,10,0,22,0,0,18,0,18,4,8,28,0,40,3,0,3,43
04/08/2019,CPR,WY,ANM,WE,Combined TRACON& Tower with Radar,6,22,17,0,45,0,2,44,0,46,6,24,61,0,91,60,0,60,151
04/09/2019,CPR,WY,ANM,WE,Combined TRACON& Tower with Radar,6,42,27,0,75,0,0,50,0,50,6,42,77,0,125,121,0,121,246
04/10/2019,CPR,WY,ANM,WE,Combined TRACON& Tower with Radar,6,21,3,0,30,0,0,0,0,0,6,21,3,0,30,0,0,0,30
04/11/2019,CPR,WY,ANM,WE,Combined TRACON& Tower with Radar,6,31,21,0,58,0,0,2,0,2,6,31,23,0,60,0,0,0,60
04/12/2019,CPR,WY,ANM,WE,Combined TRACON& Tower with Radar,7,31,18,7,63,0,3,30,0,33,7,34,48,7,96,46,2,48,144
04/13/2019,CPR,WY,ANM,WE,Combined TRACON& Tower with Radar,7,13,8,1,29,0,3,60,3,66,7,16,68,4,95,64,0,64,159
04/14/2019,CPR,WY,ANM,WE,Combined TRACON& Tower with Radar,4,10,13,0,27,0,0,13,0,13,4,10,26,0,40,26,0,26,66
04/15/2019,CPR,WY,ANM,WE,Combined TRACON& Tower with Radar,6,22,22,4,54,0,2,31,0,33,6,24,53,4,87,64,12,76,163
04/16/2019,CPR,WY,ANM,WE,Combined TRACON& Tower with Radar,7,30,23,0,60,0,0,39,0,39,7,30,62,0,99,98,0,98,197
04/17/2019,CPR,WY,ANM,WE,Combined TRACON& Tower with Radar,6,25,19,6,56,0,0,27,0,27,6,25,46,6,83,36,0,36,119
04/18/2019,CPR,WY,ANM,WE,Combined TRACON& Tower with Radar,8,27,42,4,81,0,2,57,0,59,8,29,99,4,140,54,0,54,194
04/19/2019,CPR,WY,ANM,WE,Combined TRACON& Tower with Radar,7,25,24,1,57,0,3,73,0,76,7,28,97,1,133,54,0,54,187
04/20/2019,CPR,WY,ANM,WE,Combined TRACON& Tower with Radar,6,16,7,0,29,0,1,27,0,28,6,17,34,0,57,28,0,28,85
04/21/2019,CPR,WY,ANM,WE,Combined TRACON& Tower with Radar,3,11,6,0,20,0,0,0,0,0,3,11,6,0,20,0,0,0,20
04/22/2019,CPR,WY,ANM,WE,Combined TRACON& Tower with Radar,6,23,14,2,45,0,1,29,0,30,6,24,43,2,75,58,0,58,133
04/23/2019,CPR,WY,ANM,WE,Combined TRACON& Tower with Radar,7,36,18,0,61,0,2,64,0,66,7,38,82,0,127,64,0,64,191
04/24/2019,CPR,WY,ANM,WE,Combined TRACON& Tower with Radar,6,24,15,0,45,0,5,36,0,41,6,29,51,0,86,47,0,47,133
04/25/2019,CPR,WY,ANM,WE,Combined TRACON& Tower with Radar,7,28,16,0,51,0,4,48,0,52,7,32,64,0,103,30,0,30,133
04/26/2019,CPR,WY,ANM,WE,Combined TRACON& Tower with Radar,12,23,18,0,53,0,2,25,0,27,12,25,43,0,80,36,0,36,116
04/27/2019,CPR,WY,ANM,WE,Combined TRACON& Tower with Radar,6,25,4,0,35,0,12,57,0,69,6,37,61,0,104,32,0,32,136
04/28/2019,CPR,WY,ANM,WE,Combined TRACON& Tower with Radar,4,13,8,2,27,0,1,1,0,2,4,14,9,2,29,8,0,8,37
04/29/2019,CPR,WY,ANM,WE,Combined TRACON& Tower with Radar,6,30,13,0,49,0,0,28,2,30,6,30,41,2,79,28,0,28,107
04/30/2019,CPR,WY,ANM,WE,Combined TRACON& Tower with Radar,7,38,10,0,55,0,0,0,0,0,7,38,10,0,55,0,0,0,55
05/01/2019,CPR,WY,ANM,WE,Combined TRACON& Tower with Radar,6,31,17,0,54,0,2,5,0,7,6,33,22,0,61,4,0,4,65
05/02/2019,CPR,WY,ANM,WE,Combined TRACON& Tower with Radar,7,29,7,2,45,0,0,27,3,30,7,29,34,5,75,4,0,4,79
05/03/2019,CPR,WY,ANM,WE,Combined TRACON& Tower with Radar,7,30,13,6,56,0,2,46,4,52,7,32,59,10,108,31,0,31,139
05/04/2019,CPR,WY,ANM,WE,Combined TRACON& Tower with Radar,5,20,5,0,30,0,0,26,0,26,5,20,31,0,56,26,0,26,82
05/05/2019,CPR,WY,ANM,WE,Combined TRACON& Tower with Radar,1,14,7,0,22,0,0,23,0,23,1,14,30,0,45,32,0,32,77
05/06/2019,CPR,WY,ANM,WE,Combined TRACON& Tower with Radar,5,27,6,2,40,0,0,6,0,6,5,27,12,2,46,14,0,14,60
05/07/2019,CPR,WY,ANM,WE,Combined TRACON& Tower with Radar,11,38,12,0,61,0,0,4,0,4,11,38,16,0,65,12,0,12,77
05/08/2019,CPR,WY,ANM,WE,Combined TRACON& Tower with Radar,7,34,27,0,68,0,0,0,0,0,7,34,27,0,68,0,0,0,68
05/09/2019,CPR,WY,ANM,WE,Combined TRACON& Tower with Radar,9,34,9,0,52,0,0,4,0,4,9,34,13,0,56,0,0,0,56
05/10/2019,CPR,WY,ANM,WE,Combined TRACON& Tower with Radar,10,33,13,0,56,0,8,42,0,50,10,41,55,0,106,44,0,44,150
05/11/2019,CPR,WY,ANM,WE,Combined TRACON& Tower with Radar,5,15,12,0,32,0,0,26,0,26,5,15,38,0,58,34,0,34,92
05/12/2019,CPR,WY,ANM,WE,Combined TRACON& Tower with Radar,1,13,5,0,19,0,2,35,0,37,1,15,40,0,56,60,0,60,116
05/13/2019,CPR,WY,ANM,WE,Combined TRACON& Tower with Radar,8,23,22,0,53,0,2,34,0,36,8,25,56,0,89,14,0,14,103
05/14/2019,CPR,WY,ANM,WE,Combined TRACON& Tower with Radar,6,32,25,0,63,0,1,51,0,52,6,33,76,0,115,48,0,48,163
05/15/2019,CPR,WY,ANM,WE,Combined TRACON& Tower with Radar,6,33,18,0,57,0,2,31,0,33,6,35,49,0,90,36,0,36,126
05/16/2019,CPR,WY,ANM,WE,Combined TRACON& Tower with Radar,7,26,15,0,48,0,1,21,0,22,7,27,36,0,70,26,0,26,96
05/17/2019,CPR,WY,ANM,WE,Combined TRACON& Tower with Radar,7,30,14,2,53,0,0,12,0,12,7,30,26,2,65,28,0,28,93
05/18/2019,CPR,WY,ANM,WE,Combined TRACON& Tower with Radar,5,20,0,0,25,0,0,0,1,1,5,20,0,1,26,0,0,0,26
05/19/2019,CPR,WY,ANM,WE,Combined TRACON& Tower with Radar,1,16,9,2,28,0,0,5,1,6,1,16,14,3,34,6,0,6,40
05/20/2019,CPR,WY,ANM,WE,Combined TRACON& Tower with Radar,7,25,17,0,49,0,0,13,0,13,7,25,30,0,62,30,0,30,92
05/21/2019,CPR,WY,ANM,WE,Combined TRACON& Tower with Radar,6,33,5,0,44,0,0,0,0,0,6,33,5,0,44,0,0,0,44
05/22/2019,CPR,WY,ANM,WE,Combined TRACON& Tower with Radar,7,24,14,0,45,0,0,0,0,0,7,24,14,0,45,0,0,0,45
05/23/2019,CPR,WY,ANM,WE,Combined TRACON& Tower with Radar,9,35,21,0,65,0,0,17,0,17,9,35,38,0,82,38,0,38,120
05/24/2019,CPR,WY,ANM,WE,Combined TRACON& Tower with Radar,9,29,12,2,52,0,3,24,0,27,9,32,36,2,79,4,0,4,83
05/25/2019,CPR,WY,ANM,WE,Combined TRACON& Tower with Radar,5,15,4,0,24,0,4,50,0,54,5,19,54,0,78,20,0,20,98
05/26/2019,CPR,WY,ANM,WE,Combined TRACON& Tower with Radar,0,11,7,2,20,0,0,24,0,24,0,11,31,2,44,22,0,22,66
05/27/2019,CPR,WY,ANM,WE,Combined TRACON& Tower with Radar,3,24,9,0,36,0,0,2,0,2,3,24,11,0,38,0,0,0,38
05/28/2019,CPR,WY,ANM,WE,Combined TRACON& Tower with Radar,5,32,12,0,49,0,0,0,0,0,5,32,12,0,49,0,0,0,49
05/29/2019,CPR,WY,ANM,WE,Combined TRACON& Tower with Radar,7,26,12,0,45,0,3,66,0,69,7,29,78,0,114,68,0,68,182
05/30/2019,CPR,WY,ANM,WE,Combined TRACON& Tower with Radar,8,29,11,2,50,0,2,77,2,81,8,31,88,4,131,110,0,110,241
05/31/2019,CPR,WY,ANM,WE,Combined TRACON& Tower with Radar,8,21,19,2,50,0,0,81,0,81,8,21,100,2,131,84,0,84,215
06/01/2019,CPR,WY,ANM,WE,Combined TRACON& Tower with Radar,5,15,83,0,103,0,3,152,0,155,5,18,235,0,258,24,0,24,282
06/02/2019,CPR,WY,ANM,WE,Combined TRACON& Tower with Radar,0,12,11,0,23,0,1,70,0,71,0,13,81,0,94,24,0,24,118
06/03/2019,CPR,WY,ANM,WE,Combined TRACON& Tower with Radar,6,26,9,0,41,0,1,42,0,43,6,27,51,0,84,62,0,62,146
06/04/2019,CPR,WY,ANM,WE,Combined TRACON& Tower with Radar,6,30,18,0,54,0,0,47,3,50,6,30,65,3,104,18,0,18,122
06/05/2019,CPR,WY,ANM,WE,Combined TRACON& Tower with Radar,5,30,12,0,47,0,0,47,0,47,5,30,59,0,94,64,0,64,158
06/06/2019,CPR,WY,ANM,WE,Combined TRACON& Tower with Radar,9,24,10,0,43,0,0,27,0,27,9,24,37,0,70,8,0,8,78
06/07/2019,CPR,WY,ANM,WE,Combined TRACON& Tower with Radar,11,24,4,0,39,0,1,40,0,41,11,25,44,0,80,60,0,60,140
06/08/2019,CPR,WY,ANM,WE,Combined TRACON& Tower with Radar,5,15,8,0,28,0,0,14,0,14,5,15,22,0,42,30,0,30,72
06/09/2019,CPR,WY,ANM,WE,Combined TRACON& Tower with Radar,2,21,15,0,38,0,0,17,2,19,2,21,32,2,57,16,0,16,73
06/10/2019,CPR,WY,ANM,WE,Combined TRACON& Tower with Radar,10,21,19,0,50,0,2,61,0,63,10,23,80,0,113,52,0,52,165
06/11/2019,CPR,WY,ANM,WE,Combined TRACON& Tower with Radar,10,36,24,0,70,0,3,45,0,48,10,39,69,0,118,12,0,12,130
06/12/2019,CPR,WY,ANM,WE,Combined TRACON& Tower with Radar,8,32,23,0,63,0,2,57,2,61,8,34,80,2,124,10,0,10,134
06/13/2019,CPR,WY,ANM,WE,Combined TRACON& Tower with Radar,9,26,17,0,52,0,2,36,0,38,9,28,53,0,90,20,0,20,110
06/14/2019,CPR,WY,ANM,WE,Combined TRACON& Tower with Radar,9,20,10,0,39,0,5,32,4,41,9,25,42,4,80,36,0,36,116
06/15/2019,CPR,WY,ANM,WE,Combined TRACON& Tower with Radar,6,21,8,1,36,0,0,46,1,47,6,21,54,2,83,10,0,10,93
06/16/2019,CPR,WY,ANM,WE,Combined TRACON& Tower with Radar,3,21,11,1,36,0,2,26,0,28,3,23,37,1,64,14,0,14,78
06/17/2019,CPR,WY,ANM,WE,Combined TRACON& Tower with Radar,8,18,20,1,47,0,1,21,0,22,8,19,41,1,69,36,0,36,105
06/18/2019,CPR,WY,ANM,WE,Combined TRACON& Tower with Radar,9,26,14,0,49,0,1,54,0,55,9,27,68,0,104,26,0,26,130
06/19/2019,CPR,WY,ANM,WE,Combined TRACON& Tower with Radar,5,33,29,0,67,0,2,49,0,51,5,35,78,0,118,62,0,62,180
06/20/2019,CPR,WY,ANM,WE,Combined TRACON& Tower with Radar,11,30,28,0,69,0,3,66,0,69,11,33,94,0,138,40,0,40,178
06/21/2019,CPR,WY,ANM,WE,Combined TRACON& Tower with Radar,10,21,9,2,42,0,0,43,0,43,10,21,52,2,85,90,0,90,175
06/22/2019,CPR,WY,ANM,WE,Combined TRACON& Tower with Radar,6,17,10,0,33,0,4,43,0,47,6,21,53,0,80,28,0,28,108
06/23/2019,CPR,WY,ANM,WE,Combined TRACON& Tower with Radar,5,11,17,0,33,0,1,25,0,26,5,12,42,0,59,14,0,14,73
06/24/2019,CPR,WY,ANM,WE,Combined TRACON& Tower with Radar,10,20,13,0,43,0,0,32,0,32,10,20,45,0,75,8,0,8,83
06/25/2019,CPR,WY,ANM,WE,Combined TRACON& Tower with Radar,9,35,11,0,55,0,3,65,0,68,9,38,76,0,123,24,0,24,147
06/26/2019,CPR,WY,ANM,WE,Combined TRACON& Tower with Radar,9,22,16,0,47,0,8,36,2,46,9,30,52,2,93,62,0,62,155
06/27/2019,CPR,WY,ANM,WE,Combined TRACON& Tower with Radar,9,30,17,0,56,0,0,64,0,64,9,30,81,0,120,38,0,38,158
06/28/2019,CPR,WY,ANM,WE,Combined TRACON& Tower with Radar,9,25,10,2,46,0,1,57,0,58,9,26,67,2,104,84,0,84,188
06/29/2019,CPR,WY,ANM,WE,Combined TRACON& Tower with Radar,5,18,12,0,35,0,1,59,0,60,5,19,71,0,95,38,0,38,133
06/30/2019,CPR,WY,ANM,WE,Combined TRACON& Tower with Radar,5,9,4,2,20,0,0,33,0,33,5,9,37,2,53,84,0,84,137
07/01/2019,CPR,WY,ANM,WE,Combined TRACON& Tower with Radar,5,22,21,4,52,0,1,43,2,46,5,23,64,6,98,68,0,68,166
07/02/2019,CPR,WY,ANM,WE,Combined TRACON& Tower with Radar,9,25,10,0,44,0,0,35,0,35,9,25,45,0,79,32,0,32,111
07/03/2019,CPR,WY,ANM,WE,Combined TRACON& Tower with Radar,5,32,9,0,46,0,2,24,0,26,5,34,33,0,72,8,0,8,80
07/04/2019,CPR,WY,ANM,WE,Combined TRACON& Tower with Radar,5,7,6,0,18,0,0,12,0,12,5,7,18,0,30,0,0,0,30
07/05/2019,CPR,WY,ANM,WE,Combined TRACON& Tower with Radar,9,20,10,0,39,0,3,39,1,43,9,23,49,1,82,50,0,50,132
07/06/2019,CPR,WY,ANM,WE,Combined TRACON& Tower with Radar,3,21,3,0,27,0,6,27,0,33,3,27,30,0,60,8,0,8,68
07/07/2019,CPR,WY,ANM,WE,Combined TRACON& Tower with Radar,4,11,13,0,28,0,3,30,0,33,4,14,43,0,61,12,0,12,73
07/08/2019,CPR,WY,ANM,WE,Combined TRACON& Tower with Radar,6,24,21,0,51,0,2,44,0,46,6,26,65,0,97,42,0,42,139
07/09/2019,CPR,WY,ANM,WE,Combined TRACON& Tower with Radar,8,34,15,0,57,0,9,30,0,39,8,43,45,0,96,0,0,0,96
07/10/2019,CPR,WY,ANM,WE,Combined TRACON& Tower with Radar,7,40,31,0,78,0,4,114,0,118,7,44,145,0,196,92,0,92,288
07/11/2019,CPR,WY,ANM,WE,Combined TRACON& Tower with Radar,8,26,33,0,67,0,0,75,0,75,8,26,108,0,142,48,0,48,190
07/12/2019,CPR,WY,ANM,WE,Combined TRACON& Tower with Radar,7,29,17,0,53,0,1,74,0,75,7,30,91,0,128,72,0,72,200
07/13/2019,CPR,WY,ANM,WE,Combined TRACON& Tower with Radar,6,21,7,0,34,0,4,52,0,56,6,25,59,0,90,54,0,54,144
07/14/2019,CPR,WY,ANM,WE,Combined TRACON& Tower with Radar,4,13,13,0,30,0,2,26,0,28,4,15,39,0,58,12,0,12,70
07/15/2019,CPR,WY,ANM,WE,Combined TRACON& Tower with Radar,5,24,12,0,41,0,3,39,0,42,5,27,51,0,83,16,0,16,99
07/16/2019,CPR,WY,ANM,WE,Combined TRACON& Tower with Radar,10,32,24,0,66,0,5,40,0,45,10,37,64,0,111,18,0,18,129
07/17/2019,CPR,WY,ANM,WE,Combined TRACON& Tower with Radar,8,33,18,2,61,0,2,36,0,38,8,35,54,2,99,38,0,38,137
07/18/2019,CPR,WY,ANM,WE,Combined TRACON& Tower with Radar,7,30,11,0,48,0,2,34,0,36,7,32,45,0,84,28,0,28,112
07/19/2019,CPR,WY,ANM,WE,Combined TRACON& Tower with Radar,7,24,15,0,46,0,2,41,0,43,7,26,56,0,89,6,0,6,95
07/20/2019,CPR,WY,ANM,WE,Combined TRACON& Tower with Radar,4,19,8,0,31,0,2,29,1,32,4,21,37,1,63,52,0,52,115
07/21/2019,CPR,WY,ANM,WE,Combined TRACON& Tower with Radar,4,11,12,0,27,0,3,27,0,30,4,14,39,0,57,4,0,4,61
07/22/2019,CPR,WY,ANM,WE,Combined TRACON& Tower with Radar,9,19,18,0,46,0,1,27,0,28,9,20,45,0,74,12,0,12,86
07/23/2019,CPR,WY,ANM,WE,Combined TRACON& Tower with Radar,8,29,18,0,55,0,4,46,0,50,8,33,64,0,105,62,0,62,167
07/24/2019,CPR,WY,ANM,WE,Combined TRACON& Tower with Radar,7,29,16,0,52,0,0,40,0,40,7,29,56,0,92,42,0,42,134
07/25/2019,CPR,WY,ANM,WE,Combined TRACON& Tower with Radar,9,26,21,0,56,0,1,44,0,45,9,27,65,0,101,16,0,16,117
07/26/2019,CPR,WY,ANM,WE,Combined TRACON& Tower with Radar,10,26,14,0,50,0,0,54,0,54,10,26,68,0,104,0,0,0,104
07/27/2019,CPR,WY,ANM,WE,Combined TRACON& Tower with Radar,4,19,15,0,38,0,0,56,0,56,4,19,71,0,94,22,0,22,116
07/28/2019,CPR,WY,ANM,WE,Combined TRACON& Tower with Radar,4,14,10,0,28,0,3,32,0,35,4,17,42,0,63,6,0,6,69
07/29/2019,CPR,WY,ANM,WE,Combined TRACON& Tower with Radar,6,25,15,0,46,0,0,51,1,52,6,25,66,1,98,66,0,66,164
07/30/2019,CPR,WY,ANM,WE,Combined TRACON& Tower with Radar,6,28,12,0,46,0,1,41,0,42,6,29,53,0,88,8,0,8,96
07/31/2019,CPR,WY,ANM,WE,Combined TRACON& Tower with Radar,8,26,19,0,53,0,0,35,0,35,8,26,54,0,88,6,0,6,94
08/01/2019,CPR,WY,ANM,WE,Combined TRACON& Tower with Radar,6,31,22,0,59,0,0,17,0,17,6,31,39,0,76,52,0,52,128
08/02/2019,CPR,WY,ANM,WE,Combined TRACON& Tower with Radar,5,27,13,2,47,0,2,39,0,41,5,29,52,2,88,20,0,20,108
08/03/2019,CPR,WY,ANM,WE,Combined TRACON& Tower with Radar,4,23,3,0,30,0,0,38,0,38,4,23,41,0,68,38,0,38,106
08/04/2019,CPR,WY,ANM,WE,Combined TRACON& Tower with Radar,0,13,6,0,19,0,0,22,0,22,0,13,28,0,41,2,0,2,43
08/05/2019,CPR,WY,ANM,WE,Combined TRACON& Tower with Radar,3,21,24,2,50,0,2,45,0,47,3,23,69,2,97,28,0,28,125
08/06/2019,CPR,WY,ANM,WE,Combined TRACON& Tower with Radar,6,33,10,0,49,0,0,40,0,40,6,33,50,0,89,14,0,14,103
08/07/2019,CPR,WY,ANM,WE,Combined TRACON& Tower with Radar,6,29,20,0,55,0,2,36,0,38,6,31,56,0,93,14,0,14,107
08/08/2019,CPR,WY,ANM,WE,Combined TRACON& Tower with Radar,5,32,39,0,76,0,1,33,0,34,5,33,72,0,110,56,0,56,166
08/09/2019,CPR,WY,ANM,WE,Combined TRACON& Tower with Radar,6,29,20,10,65,0,0,51,2,53,6,29,71,12,118,46,0,46,164
08/10/2019,CPR,WY,ANM,WE,Combined TRACON& Tower with Radar,6,22,15,0,43,0,0,69,0,69,6,22,84,0,112,72,0,72,184
08/11/2019,CPR,WY,ANM,WE,Combined TRACON& Tower with Radar,2,21,13,1,37,0,0,9,0,9,2,21,22,1,46,16,0,16,62
08/12/2019,CPR,WY,ANM,WE,Combined TRACON& Tower with Radar,4,23,12,0,39,0,1,48,0,49,4,24,60,0,88,60,0,60,148
08/13/2019,CPR,WY,ANM,WE,Combined TRACON& Tower with Radar,6,32,23,0,61,0,2,43,0,45,6,34,66,0,106,16,0,16,122
08/14/2019,CPR,WY,ANM,WE,Combined TRACON& Tower with Radar,6,29,24,0,59,0,1,39,0,40,6,30,63,0,99,50,0,50,149
08/15/2019,CPR,WY,ANM,WE,Combined TRACON& Tower with Radar,6,37,19,0,62,0,0,34,0,34,6,37,53,0,96,28,0,28,124
08/16/2019,CPR,WY,ANM,WE,Combined TRACON& Tower with Radar,3,34,19,0,56,0,1,33,0,34,3,35,52,0,90,8,0,8,98
08/17/2019,CPR,WY,ANM,WE,Combined TRACON& Tower with Radar,6,17,3,0,26,0,9,32,0,41,6,26,35,0,67,3,0,3,70
08/18/2019,CPR,WY,ANM,WE,Combined TRACON& Tower with Radar,0,15,10,0,25,0,4,21,0,25,0,19,31,0,50,0,0,0,50
08/19/2019,CPR,WY,ANM,WE,Combined TRACON& Tower with Radar,4,23,19,0,46,0,10,50,0,60,4,33,69,0,106,22,0,22,128
08/20/2019,CPR,WY,ANM,WE,Combined TRACON& Tower with Radar,4,34,26,0,64,0,4,56,0,60,4,38,82,0,124,38,0,38,162
08/21/2019,CPR,WY,ANM,WE,Combined TRACON& Tower with Radar,4,32,31,0,67,0,2,48,0,50,4,34,79,0,117,2,0,2,119
08/22/2019,CPR,WY,ANM,WE,Combined TRACON& Tower with Radar,4,35,26,0,65,0,3,48,3,54,4,38,74,3,119,20,0,20,139
08/23/2019,CPR,WY,ANM,WE,Combined TRACON& Tower with Radar,4,26,16,2,48,0,0,34,4,38,4,26,50,6,86,18,6,24,110
08/24/2019,CPR,WY,ANM,WE,Combined TRACON& Tower with Radar,2,25,11,0,38,0,3,92,1,96,2,28,103,1,134,44,0,44,178
08/25/2019,CPR,WY,ANM,WE,Combined TRACON& Tower with Radar,0,14,9,0,23,0,1,82,0,83,0,15,91,0,106,0,0,0,106
08/26/2019,CPR,WY,ANM,WE,Combined TRACON& Tower with Radar,2,26,20,0,48,0,7,96,0,103,2,33,116,0,151,12,0,12,163
08/27/2019,CPR,WY,ANM,WE,Combined TRACON& Tower with Radar,4,31,15,0,50,0,46,79,0,125,4,77,94,0,175,28,0,28,203
08/28/2019,CPR,WY,ANM,WE,Combined TRACON& Tower with Radar,4,35,25,0,64,0,11,61,1,73,4,46,86,1,137,52,0,52,189
08/29/2019,CPR,WY,ANM,WE,Combined TRACON& Tower with Radar,4,35,19,0,58,0,77,45,0,122,4,112,64,0,180,12,0,12,192
08/30/2019,CPR,WY,ANM,WE,Combined TRACON& Tower with Radar,4,26,7,2,39,0,18,59,0,77,4,44,66,2,116,38,0,38,154
08/31/2019,CPR,WY,ANM,WE,Combined TRACON& Tower with Radar,2,22,13,0,37,0,17,45,0,62,2,39,58,0,99,24,0,24,123
09/01/2019,CPR,WY,ANM,WE,Combined TRACON& Tower with Radar,0,12,2,1,15,0,20,28,0,48,0,32,30,1,63,6,0,6,69
09/02/2019,CPR,WY,ANM,WE,Combined TRACON& Tower with Radar,2,16,3,0,21,0,9,58,0,67,2,25,61,0,88,14,0,14,102
09/03/2019,CPR,WY,ANM,WE,Combined TRACON& Tower with Radar,5,30,28,0,63,0,5,56,0,61,5,35,84,0,124,38,0,38,162
09/04/2019,CPR,WY,ANM,WE,Combined TRACON& Tower with Radar,6,31,16,0,53,0,23,43,2,68,6,54,59,2,121,55,0,55,176
09/05/2019,CPR,WY,ANM,WE,Combined TRACON& Tower with Radar,7,39,16,0,62,0,10,40,0,50,7,49,56,0,112,8,0,8,120
09/06/2019,CPR,WY,ANM,WE,Combined TRACON& Tower with Radar,6,24,17,0,47,0,0,52,0,52,6,24,69,0,99,38,0,38,137
09/07/2019,CPR,WY,ANM,WE,Combined TRACON& Tower with Radar,4,18,3,0,25,0,2,48,0,50,4,20,51,0,75,58,0,58,133
09/08/2019,CPR,WY,ANM,WE,Combined TRACON& Tower with Radar,2,14,3,0,19,0,1,25,3,29,2,15,28,3,48,26,0,26,74
09/09/2019,CPR,WY,ANM,WE,Combined TRACON& Tower with Radar,5,21,17,1,44,0,6,23,0,29,5,27,40,1,73,0,0,0,73
09/10/2019,CPR,WY,ANM,WE,Combined TRACON& Tower with Radar,6,28,14,0,48,0,4,42,0,46,6,32,56,0,94,44,0,44,138
09/11/2019,CPR,WY,ANM,WE,Combined TRACON& Tower with Radar,3,38,21,0,62,0,0,9,0,9,3,38,30,0,71,0,0,0,71
09/12/2019,CPR,WY,ANM,WE,Combined TRACON& Tower with Radar,8,25,23,0,56,0,2,36,0,38,8,27,59,0,94,40,0,40,134
09/13/2019,CPR,WY,ANM,WE,Combined TRACON& Tower with Radar,6,26,12,0,44,0,3,47,0,50,6,29,59,0,94,50,0,50,144
09/14/2019,CPR,WY,ANM,WE,Combined TRACON& Tower with Radar,5,16,7,0,28,0,1,35,0,36,5,17,42,0,64,26,0,26,90
09/15/2019,CPR,WY,ANM,WE,Combined TRACON& Tower with Radar,4,13,9,0,26,0,39,49,0,88,4,52,58,0,114,10,0,10,124
09/16/2019,CPR,WY,ANM,WE,Combined TRACON& Tower with Radar,4,24,14,0,42,1,4,28,0,33,5,28,42,0,75,6,0,6,81
09/17/2019,CPR,WY,ANM,WE,Combined TRACON& Tower with Radar,6,25,16,0,47,0,11,14,0,25,6,36,30,0,72,0,0,0,72
09/18/2019,CPR,WY,ANM,WE,Combined TRACON& Tower with Radar,3,29,21,0,53,0,5,39,0,44,3,34,60,0,97,28,0,28,125
09/19/2019,CPR,WY,ANM,WE,Combined TRACON& Tower with Radar,6,33,15,0,54,0,1,34,0,35,6,34,49,0,89,64,0,64,153
09/20/2019,CPR,WY,ANM,WE,Combined TRACON& Tower with Radar,6,31,19,0,56,0,0,38,0,38,6,31,57,0,94,34,0,34,128
09/21/2019,CPR,WY,ANM,WE,Combined TRACON& Tower with Radar,5,18,10,0,33,0,1,31,0,32,5,19,41,0,65,36,0,36,101
09/22/2019,CPR,WY,ANM,WE,Combined TRACON& Tower with Radar,2,12,9,0,23,0,1,33,0,34,2,13,42,0,57,6,0,6,63
09/23/2019,CPR,WY,ANM,WE,Combined TRACON& Tower with Radar,4,24,23,0,51,0,1,25,0,26,4,25,48,0,77,6,0,6,83
09/24/2019,CPR,WY,ANM,WE,Combined TRACON& Tower with Radar,6,30,13,2,51,0,1,33,0,34,6,31,46,2,85,28,0,28,113
09/25/2019,CPR,WY,ANM,WE,Combined TRACON& Tower with Radar,3,33,18,0,54,0,2,57,0,59,3,35,75,0,113,30,0,30,143
09/26/2019,CPR,WY,ANM,WE,Combined TRACON& Tower with Radar,7,37,12,0,56,0,0,32,1,33,7,37,44,1,89,26,0,26,115
09/27/2019,CPR,WY,ANM,WE,Combined TRACON& Tower with Radar,7,26,17,2,52,0,0,9,1,10,7,26,26,3,62,14,0,14,76
09/28/2019,CPR,WY,ANM,WE,Combined TRACON& Tower with Radar,5,19,8,0,32,0,0,4,0,4,5,19,12,0,36,0,0,0,36
09/29/2019,CPR,WY,ANM,WE,Combined TRACON& Tower with Radar,2,14,8,0,24,0,4,3,0,7,2,18,11,0,31,0,0,0,31
09/30/2019,CPR,WY,ANM,WE,Combined TRACON& Tower with Radar,4,24,14,0,42,0,1,17,0,18,4,25,31,0,60,14,0,14,74
10/01/2019,CPR,WY,ANM,WE,Combined TRACON& Tower with Radar,7,31,9,0,47,0,0,0,0,0,7,31,9,0,47,0,0,0,47
10/02/2019,CPR,WY,ANM,WE,Combined TRACON& Tower with Radar,3,28,21,0,52,0,2,14,0,16,3,30,35,0,68,8,0,8,76
10/03/2019,CPR,WY,ANM,WE,Combined TRACON& Tower with Radar,7,28,20,0,55,0,0,56,0,56,7,28,76,0,111,62,0,62,173
10/04/2019,CPR,WY,ANM,WE,Combined TRACON& Tower with Radar,6,26,18,3,53,0,2,43,0,45,6,28,61,3,98,26,0,26,124
10/05/2019,CPR,WY,ANM,WE,Combined TRACON& Tower with Radar,2,19,14,3,38,0,1,31,0,32,2,20,45,3,70,30,0,30,100
10/06/2019,CPR,WY,ANM,WE,Combined TRACON& Tower with Radar,0,14,3,0,17,0,1,29,0,30,0,15,32,0,47,16,0,16,63
10/07/2019,CPR,WY,ANM,WE,Combined TRACON& Tower with Radar,2,29,21,0,52,0,2,46,0,48,2,31,67,0,100,34,0,34,134
10/08/2019,CPR,WY,ANM,WE,Combined TRACON& Tower with Radar,6,34,19,0,59,0,0,20,0,20,6,34,39,0,79,24,0,24,103
10/09/2019,CPR,WY,ANM,WE,Combined TRACON& Tower with Radar,2,28,19,0,49,0,0,0,0,0,2,28,19,0,49,0,0,0,49
10/10/2019,CPR,WY,ANM,WE,Combined TRACON& Tower with Radar,4,30,20,0,54,0,0,0,0,0,4,30,20,0,54,0,0,0,54
10/11/2019,CPR,WY,ANM,WE,Combined TRACON& Tower with Radar,4,40,16,6,66,0,5,31,0,36,4,45,47,6,102,38,0,38,140
10/12/2019,CPR,WY,ANM,WE,Combined TRACON& Tower with Radar,2,20,7,0,29,0,2,41,0,43,2,22,48,0,72,46,0,46,118
10/13/2019,CPR,WY,ANM,WE,Combined TRACON& Tower with Radar,0,15,11,0,26,0,0,30,0,30,0,15,41,0,56,30,0,30,86
10/14/2019,CPR,WY,ANM,WE,Combined TRACON& Tower with Radar,2,25,9,0,36,0,1,36,0,37,2,26,45,0,73,54,0,54,127
10/15/2019,CPR,WY,ANM,WE,Combined TRACON& Tower with Radar,3,32,18,0,53,0,1,58,0,59,3,33,76,0,112,86,0,86,198
10/16/2019,CPR,WY,ANM,WE,Combined TRACON& Tower with Radar,4,42,27,0,73,0,5,42,0,47,4,47,69,0,120,34,0,34,154
10/17/2019,CPR,WY,ANM,WE,Combined TRACON& Tower with Radar,3,35,16,0,54,0,3,40,0,43,3,38,56,0,97,28,0,28,125
10/18/2019,CPR,WY,ANM,WE,Combined TRACON& Tower with Radar,3,33,20,4,60,0,5,21,0,26,3,38,41,4,86,14,0,14,100
10/19/2019,CPR,WY,ANM,WE,Combined TRACON& Tower with Radar,1,22,12,0,35,0,0,31,0,31,1,22,43,0,66,26,0,26,92
10/20/2019,CPR,WY,ANM,WE,Combined TRACON& Tower with Radar,2,11,5,0,18,0,0,0,2,2,2,11,5,2,20,0,0,0,20
10/21/2019,CPR,WY,ANM,WE,Combined TRACON& Tower with Radar,4,26,15,0,45,0,0,27,0,27,4,26,42,0,72,10,0,10,82
10/22/2019,CPR,WY,ANM,WE,Combined TRACON& Tower with Radar,4,40,10,0,54,0,2,19,1,22,4,42,29,1,76,22,1,23,99
10/23/2019,CPR,WY,ANM,WE,Combined TRACON& Tower with Radar,6,33,20,0,59,0,0,9,0,9,6,33,29,0,68,20,0,20,88
10/24/2019,CPR,WY,ANM,WE,Combined TRACON& Tower with Radar,3,28,9,0,40,0,1,27,1,29,3,29,36,1,69,28,0,28,97
10/25/2019,CPR,WY,ANM,WE,Combined TRACON& Tower with Radar,3,27,18,0,48,0,2,35,0,37,3,29,53,0,85,16,0,16,101
10/26/2019,CPR,WY,ANM,WE,Combined TRACON& Tower with Radar,2,23,8,0,33,0,1,3,0,4,2,24,11,0,37,16,0,16,53
10/27/2019,CPR,WY,ANM,WE,Combined TRACON& Tower with Radar,2,16,10,0,28,0,0,0,0,0,2,16,10,0,28,0,0,0,28
10/28/2019,CPR,WY,ANM,WE,Combined TRACON& Tower with Radar,6,20,15,0,41,0,0,22,0,22,6,20,37,0,63,8,0,8,71
10/29/2019,CPR,WY,ANM,WE,Combined TRACON& Tower with Radar,9,26,11,0,46,0,0,0,0,0,9,26,11,0,46,0,0,0,46
10/30/2019,CPR,WY,ANM,WE,Combined TRACON& Tower with Radar,7,27,17,0,51,0,7,33,0,40,7,34,50,0,91,10,0,10,101
10/31/2019,CPR,WY,ANM,WE,Combined TRACON& Tower with Radar,8,23,11,0,42,0,0,18,0,18,8,23,29,0,60,0,0,0,60
11/01/2019,CPR,WY,ANM,WE,Combined TRACON& Tower with Radar,8,24,14,6,52,0,2,24,0,26,8,26,38,6,78,30,0,30,108
11/02/2019,CPR,WY,ANM,WE,Combined TRACON& Tower with Radar,6,17,7,0,30,0,1,24,0,25,6,18,31,0,55,52,0,52,107
11/03/2019,CPR,WY,ANM,WE,Combined TRACON& Tower with Radar,4,14,6,2,26,0,3,13,2,18,4,17,19,4,44,7,1,8,52
11/04/2019,CPR,WY,ANM,WE,Combined TRACON& Tower with Radar,5,18,14,0,37,0,3,28,0,31,5,21,42,0,68,30,0,30,98
11/05/2019,CPR,WY,ANM,WE,Combined TRACON& Tower with Radar,8,28,17,0,53,0,5,31,0,36,8,33,48,0,89,46,0,46,135
11/06/2019,CPR,WY,ANM,WE,Combined TRACON& Tower with Radar,6,28,19,0,53,0,0,0,0,0,6,28,19,0,53,0,0,0,53
11/07/2019,CPR,WY,ANM,WE,Combined TRACON& Tower with Radar,6,28,33,0,67,0,2,41,2,45,6,30,74,2,112,34,0,34,146
11/08/2019,CPR,WY,ANM,WE,Combined TRACON& Tower with Radar,8,24,13,0,45,0,7,48,0,55,8,31,61,0,100,64,0,64,164
11/09/2019,CPR,WY,ANM,WE,Combined TRACON& Tower with Radar,6,15,8,0,29,0,4,34,0,38,6,19,42,0,67,16,0,16,83
11/10/2019,CPR,WY,ANM,WE,Combined TRACON& Tower with Radar,4,12,7,0,23,0,2,6,0,8,4,14,13,0,31,0,0,0,31
11/11/2019,CPR,WY,ANM,WE,Combined TRACON& Tower with Radar,4,21,13,1,39,0,3,17,2,22,4,24,30,3,61,0,0,0,61
11/12/2019,CPR,WY,ANM,WE,Combined TRACON& Tower with Radar,8,29,20,0,57,0,2,6,5,13,8,31,26,5,70,0,0,0,70
11/13/2019,CPR,WY,ANM,WE,Combined TRACON& Tower with Radar,5,33,26,0,64,0,4,21,0,25,5,37,47,0,89,12,0,12,101
11/14/2019,CPR,WY,ANM,WE,Combined TRACON& Tower with Radar,4,32,21,2,59,0,1,34,3,38,4,33,55,5,97,42,0,42,139
11/15/2019,CPR,WY,ANM,WE,Combined TRACON& Tower with Radar,6,27,16,0,49,0,0,28,0,28,6,27,44,0,77,17,0,17,94
11/16/2019,CPR,WY,ANM,WE,Combined TRACON& Tower with Radar,3,20,2,2,27,0,0,8,0,8,3,20,10,2,35,0,0,0,35
11/17/2019,CPR,WY,ANM,WE,Combined TRACON& Tower with Radar,2,14,9,0,25,0,0,17,0,17,2,14,26,0,42,26,0,26,68
11/18/2019,CPR,WY,ANM,WE,Combined TRACON& Tower with Radar,2,27,21,0,50,0,10,50,0,60,2,37,71,0,110,22,0,22,132
11/19/2019,CPR,WY,ANM,WE,Combined TRACON& Tower with Radar,5,33,18,0,56,0,1,32,0,33,5,34,50,0,89,82,0,82,171
11/20/2019,CPR,WY,ANM,WE,Combined TRACON& Tower with Radar,5,30,12,0,47,0,0,0,0,0,5,30,12,0,47,0,0,0,47
11/21/2019,CPR,WY,ANM,WE,Combined TRACON& Tower with Radar,3,36,8,0,47,0,0,3,0,3,3,36,11,0,50,20,0,20,70
11/22/2019,CPR,WY,ANM,WE,Combined TRACON& Tower with Radar,5,24,19,6,54,0,0,50,1,51,5,24,69,7,105,36,0,36,141
11/23/2019,CPR,WY,ANM,WE,Combined TRACON& Tower with Radar,4,19,2,0,25,0,2,12,1,15,4,21,14,1,40,24,0,24,64
11/24/2019,CPR,WY,ANM,WE,Combined TRACON& Tower with Radar,1,14,9,0,24,0,0,8,0,8,1,14,17,0,32,0,0,0,32
11/25/2019,CPR,WY,ANM,WE,Combined TRACON& Tower with Radar,2,21,8,0,31,0,0,0,0,0,2,21,8,0,31,0,0,0,31
11/26/2019,CPR,WY,ANM,WE,Combined TRACON& Tower with Radar,7,21,14,0,42,0,0,3,0,3,7,21,17,0,45,4,0,4,49
11/27/2019,CPR,WY,ANM,WE,Combined TRACON& Tower with Radar,4,33,18,0,55,0,3,33,0,36,4,36,51,0,91,10,0,10,101
11/28/2019,CPR,WY,ANM,WE,Combined TRACON& Tower with Radar,0,19,3,0,22,0,0,0,0,0,0,19,3,0,22,0,0,0,22
11/29/2019,CPR,WY,ANM,WE,Combined TRACON& Tower with Radar,3,15,4,0,22,0,0,0,0,0,3,15,4,0,22,0,0,0,22
11/30/2019,CPR,WY,ANM,WE,Combined TRACON& Tower with Radar,3,19,5,0,27,0,0,0,0,0,3,19,5,0,27,0,0,0,27
12/01/2019,CPR,WY,ANM,WE,Combined TRACON& Tower with Radar,2,14,15,0,31,0,3,10,0,13,2,17,25,0,44,0,0,0,44
12/02/2019,CPR,WY,ANM,WE,Combined TRACON& Tower with Radar,5,25,23,1,54,0,2,19,2,23,5,27,42,3,77,36,18,54,131
12/03/2019,CPR,WY,ANM,WE,Combined TRACON& Tower with Radar,6,36,23,0,65,0,0,29,0,29,6,36,52,0,94,22,0,22,116
12/04/2019,CPR,WY,ANM,WE,Combined TRACON& Tower with Radar,4,36,18,0,58,0,0,29,0,29,4,36,47,0,87,14,0,14,101
12/05/2019,CPR,WY,ANM,WE,Combined TRACON& Tower with Radar,5,34,18,0,57,0,0,36,0,36,5,34,54,0,93,25,0,25,118
12/06/2019,CPR,WY,ANM,WE,Combined TRACON& Tower with Radar,4,30,19,4,57,0,2,32,0,34,4,32,51,4,91,28,0,28,119
12/07/2019,CPR,WY,ANM,WE,Combined TRACON& Tower with Radar,3,14,2,0,19,0,5,5,0,10,3,19,7,0,29,7,0,7,36
12/08/2019,CPR,WY,ANM,WE,Combined TRACON& Tower with Radar,0,19,17,0,36,0,1,1,0,2,0,20,18,0,38,0,0,0,38
12/09/2019,CPR,WY,ANM,WE,Combined TRACON& Tower with Radar,3,34,25,0,62,0,2,27,0,29,3,36,52,0,91,8,0,8,99
12/10/2019,CPR,WY,ANM,WE,Combined TRACON& Tower with Radar,7,36,37,2,82,0,5,46,0,51,7,41,83,2,133,20,0,20,153
12/11/2019,CPR,WY,ANM,WE,Combined TRACON& Tower with Radar,3,40,20,0,63,0,1,22,0,23,3,41,42,0,86,26,0,26,112
12/12/2019,CPR,WY,ANM,WE,Combined TRACON& Tower with Radar,5,32,20,0,57,0,1,19,0,20,5,33,39,0,77,4,0,4,81
12/13/2019,CPR,WY,ANM,WE,Combined TRACON& Tower with Radar,6,30,20,0,56,0,0,21,0,21,6,30,41,0,77,14,0,14,91
12/14/2019,CPR,WY,ANM,WE,Combined TRACON& Tower with Radar,4,24,9,0,37,0,0,4,0,4,4,24,13,0,41,42,0,42,83
12/15/2019,CPR,WY,ANM,WE,Combined TRACON& Tower with Radar,0,15,14,0,29,0,0,22,0,22,0,15,36,0,51,54,0,54,105
12/16/2019,CPR,WY,ANM,WE,Combined TRACON& Tower with Radar,2,24,20,0,46,0,0,24,0,24,2,24,44,0,70,74,0,74,144
12/17/2019,CPR,WY,ANM,WE,Combined TRACON& Tower with Radar,5,32,12,0,49,0,4,15,0,19,5,36,27,0,68,1,0,1,69
12/18/2019,CPR,WY,ANM,WE,Combined TRACON& Tower with Radar,4,39,22,0,65,0,1,13,0,14,4,40,35,0,79,0,0,0,79
12/19/2019,CPR,WY,ANM,WE,Combined TRACON& Tower with Radar,5,34,12,0,51,0,4,36,0,40,5,38,48,0,91,0,0,0,91
12/20/2019,CPR,WY,ANM,WE,Combined TRACON& Tower with Radar,4,34,9,0,47,0,3,20,0,23,4,37,29,0,70,0,0,0,70
12/21/2019,CPR,WY,ANM,WE,Combined TRACON& Tower with Radar,2,21,8,0,31,0,0,6,0,6,2,21,14,0,37,12,0,12,49
12/22/2019,CPR,WY,ANM,WE,Combined TRACON& Tower with Radar,0,22,16,0,38,0,0,15,0,15,0,22,31,0,53,1,0,1,54
12/23/2019,CPR,WY,ANM,WE,Combined TRACON& Tower with Radar,2,26,22,0,50,0,0,34,0,34,2,26,56,0,84,6,0,6,90
12/24/2019,CPR,WY,ANM,WE,Combined TRACON& Tower with Radar,4,33,1,0,38,0,3,13,0,16,4,36,14,0,54,0,0,0,54
12/25/2019,CPR,WY,ANM,WE,Combined TRACON& Tower with Radar,0,10,1,0,11,0,2,0,0,2,0,12,1,0,13,0,0,0,13
12/26/2019,CPR,WY,ANM,WE,Combined TRACON& Tower with Radar,3,30,12,0,45,0,3,16,0,19,3,33,28,0,64,2,0,2,66
12/27/2019,CPR,WY,ANM,WE,Combined TRACON& Tower with Radar,4,28,17,0,49,0,2,53,0,55,4,30,70,0,104,66,0,66,170
12/28/2019,CPR,WY,ANM,WE,Combined TRACON& Tower with Radar,1,24,8,0,33,0,0,1,0,1,1,24,9,0,34,0,0,0,34
12/29/2019,CPR,WY,ANM,WE,Combined TRACON& Tower with Radar,1,16,13,0,30,0,2,11,0,13,1,18,24,0,43,22,0,22,65
12/30/2019,CPR,WY,ANM,WE,Combined TRACON& Tower with Radar,2,27,12,0,41,0,2,28,0,30,2,29,40,0,71,22,0,22,93
12/31/2019,CPR,WY,ANM,WE,Combined TRACON& Tower with Radar,6,25,7,0,38,0,0,14,0,14,6,25,21,0,52,4,0,4,56
01/01/2020,CPR,WY,ANM,WE,Combined TRACON& Tower with Radar,0,17,8,0,25,0,0,4,0,4,0,17,12,0,29,0,0,0,29
01/02/2020,CPR,WY,ANM,WE,Combined TRACON& Tower with Radar,4,32,13,0,49,0,1,31,0,32,4,33,44,0,81,68,0,68,149
01/03/2020,CPR,WY,ANM,WE,Combined TRACON& Tower with Radar,3,27,5,0,35,0,1,23,0,24,3,28,28,0,59,18,0,18,77
01/04/2020,CPR,WY,ANM,WE,Combined TRACON& Tower with Radar,2,24,10,0,36,0,5,14,0,19,2,29,24,0,55,4,0,4,59
01/05/2020,CPR,WY,ANM,WE,Combined TRACON& Tower with Radar,0,13,7,0,20,0,2,26,0,28,0,15,33,0,48,15,0,15,63
01/06/2020,CPR,WY,ANM,WE,Combined TRACON& Tower with Radar,4,26,8,0,38,0,9,23,0,32,4,35,31,0,70,36,0,36,106
01/07/2020,CPR,WY,ANM,WE,Combined TRACON& Tower with Radar,7,33,13,0,53,0,3,21,0,24,7,36,34,0,77,4,0,4,81
01/08/2020,CPR,WY,ANM,WE,Combined TRACON& Tower with Radar,8,29,26,0,63,0,2,15,0,17,8,31,41,0,80,0,0,0,80
01/09/2020,CPR,WY,ANM,WE,Combined TRACON& Tower with Radar,8,27,14,0,49,0,0,18,0,18,8,27,32,0,67,28,0,28,95
01/10/2020,CPR,WY,ANM,WE,Combined TRACON& Tower with Radar,4,27,18,3,52,0,0,29,0,29,4,27,47,3,81,2,0,2,83
01/11/2020,CPR,WY,ANM,WE,Combined TRACON& Tower with Radar,5,14,6,1,26,0,0,1,0,1,5,14,7,1,27,0,0,0,27
01/12/2020,CPR,WY,ANM,WE,Combined TRACON& Tower with Radar,5,13,6,0,24,0,1,5,0,6,5,14,11,0,30,14,0,14,44
01/13/2020,CPR,WY,ANM,WE,Combined TRACON& Tower with Radar,3,21,9,0,33,0,1,18,0,19,3,22,27,0,52,18,0,18,70
01/14/2020,CPR,WY,ANM,WE,Combined TRACON& Tower with Radar,6,27,13,0,46,0,1,17,0,18,6,28,30,0,64,22,0,22,86
01/15/2020,CPR,WY,ANM,WE,Combined TRACON& Tower with Radar,7,30,15,0,52,0,5,26,0,31,7,35,41,0,83,14,0,14,97
01/16/2020,CPR,WY,ANM,WE,Combined TRACON& Tower with Radar,7,27,8,0,42,0,2,21,0,23,7,29,29,0,65,14,0,14,79
01/17/2020,CPR,WY,ANM,WE,Combined TRACON& Tower with Radar,4,28,16,3,51,0,0,11,1,12,4,28,27,4,63,10,0,10,73
01/18/2020,CPR,WY,ANM,WE,Combined TRACON& Tower with Radar,5,17,8,0,30,0,5,16,0,21,5,22,24,0,51,38,0,38,89
01/19/2020,CPR,WY,ANM,WE,Combined TRACON& Tower with Radar,1,17,6,0,24,0,7,18,0,25,1,24,24,0,49,20,0,20,69
01/20/2020,CPR,WY,ANM,WE,Combined TRACON& Tower with Radar,4,22,17,0,43,0,1,28,0,29,4,23,45,0,72,36,0,36,108
01/21/2020,CPR,WY,ANM,WE,Combined TRACON& Tower with Radar,7,28,10,0,45,0,3,21,0,24,7,31,31,0,69,48,0,48,117
01/22/2020,CPR,WY,ANM,WE,Combined TRACON& Tower with Radar,7,22,14,0,43,0,2,18,0,20,7,24,32,0,63,18,0,18,81
01/23/2020,CPR,WY,ANM,WE,Combined TRACON& Tower with Radar,6,29,21,12,68,0,3,32,0,35,6,32,53,12,103,68,0,68,171
01/24/2020,CPR,WY,ANM,WE,Combined TRACON& Tower with Radar,5,24,13,2,44,0,0,35,0,35,5,24,48,2,79,38,32,70,149
01/25/2020,CPR,WY,ANM,WE,Combined TRACON& Tower with Radar,5,16,11,0,32,0,0,33,0,33,5,16,44,0,65,38,0,38,103
01/26/2020,CPR,WY,ANM,WE,Combined TRACON& Tower with Radar,3,9,8,0,20,0,2,17,0,19,3,11,25,0,39,52,0,52,91
01/27/2020,CPR,WY,ANM,WE,Combined TRACON& Tower with Radar,3,24,11,0,38,0,0,0,0,0,3,24,11,0,38,0,0,0,38
01/28/2020,CPR,WY,ANM,WE,Combined TRACON& Tower with Radar,6,29,10,0,45,0,3,32,0,35,6,32,42,0,80,66,0,66,146
01/29/2020,CPR,WY,ANM,WE,Combined TRACON& Tower with Radar,7,27,15,0,49,0,1,5,0,6,7,28,20,0,55,8,0,8,63
01/30/2020,CPR,WY,ANM,WE,Combined TRACON& Tower with Radar,5,24,18,9,56,0,0,13,0,13,5,24,31,9,69,36,6,42,111
01/31/2020,CPR,WY,ANM,WE,Combined TRACON& Tower with Radar,6,19,11,0,36,0,1,28,0,29,6,20,39,0,65,42,0,42,107
02/01/2020,CPR,WY,ANM,WE,Combined TRACON& Tower with Radar,5,22,3,0,30,0,0,14,0,14,5,22,17,0,44,10,0,10,54
02/02/2020,CPR,WY,ANM,WE,Combined TRACON& Tower with Radar,3,18,8,0,29,0,0,6,0,6,3,18,14,0,35,0,0,0,35
02/03/2020,CPR,WY,ANM,WE,Combined TRACON& Tower with Radar,3,24,11,0,38,0,0,0,0,0,3,24,11,0,38,0,0,0,38
02/04/2020,CPR,WY,ANM,WE,Combined TRACON& Tower with Radar,7,29,13,0,49,0,1,20,0,21,7,30,33,0,70,24,0,24,94
02/05/2020,CPR,WY,ANM,WE,Combined TRACON& Tower with Radar,7,29,16,2,54,0,1,24,1,26,7,30,40,3,80,30,0,30,110
02/06/2020,CPR,WY,ANM,WE,Combined TRACON& Tower with Radar,6,33,15,0,54,0,0,13,0,13,6,33,28,0,67,6,0,6,73
02/07/2020,CPR,WY,ANM,WE,Combined TRACON& Tower with Radar,7,20,7,0,34,0,3,11,0,14,7,23,18,0,48,68,0,68,116
02/08/2020,CPR,WY,ANM,WE,Combined TRACON& Tower with Radar,8,19,3,0,30,0,2,7,0,9,8,21,10,0,39,36,0,36,75
02/09/2020,CPR,WY,ANM,WE,Combined TRACON& Tower with Radar,3,15,6,0,24,0,1,3,6,10,3,16,9,6,34,0,2,2,36
02/10/2020,CPR,WY,ANM,WE,Combined TRACON& Tower with Radar,4,28,18,0,50,0,0,15,0,15,4,28,33,0,65,26,0,26,91
02/11/2020,CPR,WY,ANM,WE,Combined TRACON& Tower with Radar,7,30,21,0,58,0,0,18,0,18,7,30,39,0,76,22,0,22,98
02/12/2020,CPR,WY,ANM,WE,Combined TRACON& Tower with Radar,9,28,15,0,52,0,0,0,0,0,9,28,15,0,52,0,0,0,52
02/13/2020,CPR,WY,ANM,WE,Combined TRACON& Tower with Radar,6,40,8,0,54,0,0,21,0,21,6,40,29,0,75,28,0,28,103
02/14/2020,CPR,WY,ANM,WE,Combined TRACON& Tower with Radar,7,31,5,0,43,0,0,3,0,3,7,31,8,0,46,4,0,4,50
02/15/2020,CPR,WY,ANM,WE,Combined TRACON& Tower with Radar,6,24,5,2,37,0,5,18,0,23,6,29,23,2,60,16,2,18,78
02/16/2020,CPR,WY,ANM,WE,Combined TRACON& Tower with Radar,3,15,7,0,25,0,1,1,0,2,3,16,8,0,27,0,0,0,27
02/17/2020,CPR,WY,ANM,WE,Combined TRACON& Tower with Radar,3,25,23,0,51,0,0,7,0,7,3,25,30,0,58,18,0,18,76
02/18/2020,CPR,WY,ANM,WE,Combined TRACON& Tower with Radar,7,28,15,0,50,0,1,43,0,44,7,29,58,0,94,34,0,34,128
02/19/2020,CPR,WY,ANM,WE,Combined TRACON& Tower with Radar,6,29,26,0,61,0,1,16,0,17,6,30,42,0,78,24,0,24,102
02/20/2020,CPR,WY,ANM,WE,Combined TRACON& Tower with Radar,6,26,24,0,56,0,0,41,0,41,6,26,65,0,97,12,0,12,109
02/21/2020,CPR,WY,ANM,WE,Combined TRACON& Tower with Radar,6,25,16,2,49,0,2,28,0,30,6,27,44,2,79,0,0,0,79
02/22/2020,CPR,WY,ANM,WE,Combined TRACON& Tower with Radar,6,15,9,0,30,0,2,24,0,26,6,17,33,0,56,32,0,32,88
02/23/2020,CPR,WY,ANM,WE,Combined TRACON& Tower with Radar,3,17,8,0,28,0,0,37,0,37,3,17,45,0,65,24,0,24,89
02/24/2020,CPR,WY,ANM,WE,Combined TRACON& Tower with Radar,6,25,11,0,42,0,0,0,0,0,6,25,11,0,42,0,0,0,42
02/25/2020,CPR,WY,ANM,WE,Combined TRACON& Tower with Radar,7,34,16,0,57,0,1,16,0,17,7,35,32,0,74,0,0,0,74
02/26/2020,CPR,WY,ANM,WE,Combined TRACON& Tower with Radar,5,30,23,0,58,0,0,13,0,13,5,30,36,0,71,26,0,26,97
02/27/2020,CPR,WY,ANM,WE,Combined TRACON& Tower with Radar,5,32,12,0,49,0,3,41,0,44,5,35,53,0,93,16,0,16,109
02/28/2020,CPR,WY,ANM,WE,Combined TRACON& Tower with Radar,7,26,11,6,50,0,1,33,0,34,7,27,44,6,84,6,0,6,90
02/29/2020,CPR,WY,ANM,WE,Combined TRACON& Tower with Radar,10,18,6,0,34,0,3,21,0,24,10,21,27,0,58,12,0,12,70
03/01/2020,CPR,WY,ANM,WE,Combined TRACON& Tower with Radar,3,9,2,0,14,0,0,0,0,0,3,9,2,0,14,0,0,0,14
03/02/2020,CPR,WY,ANM,WE,Combined TRACON& Tower with Radar,7,25,8,0,40,0,5,18,0,23,7,30,26,0,63,18,0,18,81
03/03/2020,CPR,WY,ANM,WE,Combined TRACON& Tower with Radar,7,26,6,0,39,0,0,17,0,17,7,26,23,0,56,34,0,34,90
03/04/2020,CPR,WY,ANM,WE,Combined TRACON& Tower with Radar,6,23,10,0,39,0,3,10,0,13,6,26,20,0,52,4,0,4,56
03/05/2020,CPR,WY,ANM,WE,Combined TRACON& Tower with Radar,5,22,11,0,38,0,0,32,0,32,5,22,43,0,70,12,0,12,82
03/06/2020,CPR,WY,ANM,WE,Combined TRACON& Tower with Radar,5,21,11,0,37,0,1,20,0,21,5,22,31,0,58,6,0,6,64
03/07/2020,CPR,WY,ANM,WE,Combined TRACON& Tower with Radar,6,19,6,2,33,0,0,19,0,19,6,19,25,2,52,2,0,2,54
03/08/2020,CPR,WY,ANM,WE,Combined TRACON& Tower with Radar,0,11,13,2,26,0,3,7,0,10,0,14,20,2,36,0,0,0,36
03/09/2020,CPR,WY,ANM,WE,Combined TRACON& Tower with Radar,2,26,20,0,48,0,4,28,0,32,2,30,48,0,80,16,0,16,96
03/10/2020,CPR,WY,ANM,WE,Combined TRACON& Tower with Radar,7,30,11,0,48,0,4,28,0,32,7,34,39,0,80,2,0,2,82
03/11/2020,CPR,WY,ANM,WE,Combined TRACON& Tower with Radar,5,23,12,0,40,0,0,9,0,9,5,23,21,0,49,0,0,0,49
03/12/2020,CPR,WY,ANM,WE,Combined TRACON& Tower with Radar,4,26,8,0,38,0,0,3,0,3,4,26,11,0,41,0,0,0,41
03/13/2020,CPR,WY,ANM,WE,Combined TRACON& Tower with Radar,4,27,10,0,41,0,0,9,0,9,4,27,19,0,50,96,0,96,146
03/14/2020,CPR,WY,ANM,WE,Combined TRACON& Tower with Radar,3,22,15,0,40,0,0,8,0,8,3,22,23,0,48,20,0,20,68
03/15/2020,CPR,WY,ANM,WE,Combined TRACON& Tower with Radar,0,17,12,0,29,0,0,17,0,17,0,17,29,0,46,16,0,16,62
03/16/2020,CPR,WY,ANM,WE,Combined TRACON& Tower with Radar,3,24,13,0,40,0,0,1,0,1,3,24,14,0,41,0,0,0,41
03/17/2020,CPR,WY,ANM,WE,Combined TRACON& Tower with Radar,5,29,11,0,45,0,6,43,0,49,5,35,54,0,94,22,0,22,116
03/18/2020,CPR,WY,ANM,WE,Combined TRACON& Tower with Radar,5,24,15,0,44,0,3,41,0,44,5,27,56,0,88,46,0,46,134
03/19/2020,CPR,WY,ANM,WE,Combined TRACON& Tower with Radar,4,16,0,0,20,0,0,0,0,0,4,16,0,0,20,0,0,0,20
03/20/2020,CPR,WY,ANM,WE,Combined TRACON& Tower with Radar,5,19,6,0,30,0,0,23,0,23,5,19,29,0,53,104,0,104,157
03/21/2020,CPR,WY,ANM,WE,Combined TRACON& Tower with Radar,3,17,4,0,24,0,0,40,0,40,3,17,44,0,64,28,0,28,92
03/22/2020,CPR,WY,ANM,WE,Combined TRACON& Tower with Radar,0,12,5,0,17,0,0,21,0,21,0,12,26,0,38,16,0,16,54
03/23/2020,CPR,WY,ANM,WE,Combined TRACON& Tower with Radar,3,19,7,0,29,0,1,28,0,29,3,20,35,0,58,58,0,58,116
03/24/2020,CPR,WY,ANM,WE,Combined TRACON& Tower with Radar,5,20,3,0,28,0,1,21,0,22,5,21,24,0,50,64,0,64,114
03/25/2020,CPR,WY,ANM,WE,Combined TRACON& Tower with Radar,5,21,1,0,27,0,0,9,0,9,5,21,10,0,36,16,0,16,52
03/26/2020,CPR,WY,ANM,WE,Combined TRACON& Tower with Radar,5,19,11,0,35,0,0,20,0,20,5,19,31,0,55,76,0,76,131
03/27/2020,CPR,WY,ANM,WE,Combined TRACON& Tower with Radar,5,20,1,0,26,0,5,25,0,30,5,25,26,0,56,28,0,28,84
03/28/2020,CPR,WY,ANM,WE,Combined TRACON& Tower with Radar,2,10,5,0,17,0,0,46,0,46,2,10,51,0,63,16,0,16,79
03/29/2020,CPR,WY,ANM,WE,Combined TRACON& Tower with Radar,0,8,4,0,12,0,2,13,0,15,0,10,17,0,27,8,0,8,35
03/30/2020,CPR,WY,ANM,WE,Combined TRACON& Tower with Radar,1,11,6,0,18,0,2,44,0,46,1,13,50,0,64,48,0,48,112
03/31/2020,CPR,WY,ANM,WE,Combined TRACON& Tower with Radar,5,22,12,1,40,0,1,15,1,17,5,23,27,2,57,0,0,0,57
04/01/2020,CPR,WY,ANM,WE,Combined TRACON& Tower with Radar,4,19,0,0,23,0,0,2,0,2,4,19,2,0,25,0,0,0,25
04/02/2020,CPR,WY,ANM,WE,Combined TRACON& Tower with Radar,3,19,5,0,27,0,0,5,0,5,3,19,10,0,32,0,0,0,32
04/03/2020,CPR,WY,ANM,WE,Combined TRACON& Tower with Radar,3,15,2,0,20,0,1,33,0,34,3,16,35,0,54,36,0,36,90
04/04/2020,CPR,WY,ANM,WE,Combined TRACON& Tower with Radar,1,12,5,0,18,0,0,35,0,35,1,12,40,0,53,20,0,20,73
04/05/2020,CPR,WY,ANM,WE,Combined TRACON& Tower with Radar,0,10,3,0,13,0,0,25,0,25,0,10,28,0,38,4,0,4,42
04/06/2020,CPR,WY,ANM,WE,Combined TRACON& Tower with Radar,2,13,7,0,22,0,1,36,0,37,2,14,43,0,59,4,0,4,63
04/07/2020,CPR,WY,ANM,WE,Combined TRACON& Tower with Radar,3,18,2,0,23,0,0,11,0,11,3,18,13,0,34,0,0,0,34
04/08/2020,CPR,WY,ANM,WE,Combined TRACON& Tower with Radar,3,16,11,2,32,0,0,31,0,31,3,16,42,2,63,14,0,14,77
04/09/2020,CPR,WY,ANM,WE,Combined TRACON& Tower with Radar,4,19,9,0,32,0,4,68,0,72,4,23,77,0,104,54,0,54,158
04/10/2020,CPR,WY,ANM,WE,Combined TRACON& Tower with Radar,3,18,12,0,33,0,0,27,0,27,3,18,39,0,60,22,0,22,82
04/11/2020,CPR,WY,ANM,WE,Combined TRACON& Tower with Radar,2,15,1,0,18,0,0,2,0,2,2,15,3,0,20,2,0,2,22
04/12/2020,CPR,WY,ANM,WE,Combined TRACON& Tower with Radar,0,4,1,0,5,0,0,2,0,2,0,4,3,0,7,0,0,0,7
04/13/2020,CPR,WY,ANM,WE,Combined TRACON& Tower with Radar,2,9,4,0,15,0,0,36,0,36,2,9,40,0,51,36,0,36,87
04/14/2020,CPR,WY,ANM,WE,Combined TRACON& Tower with Radar,3,14,15,0,32,0,0,52,0,52,3,14,67,0,84,30,0,30,114
04/15/2020,CPR,WY,ANM,WE,Combined TRACON& Tower with Radar,4,16,2,0,22,0,0,26,0,26,4,16,28,0,48,46,0,46,94
04/16/2020,CPR,WY,ANM,WE,Combined TRACON& Tower with Radar,4,16,2,0,22,0,0,1,0,1,4,16,3,0,23,0,0,0,23
04/17/2020,CPR,WY,ANM,WE,Combined TRACON& Tower with Radar,3,14,2,3,22,0,0,44,0,44,3,14,46,3,66,20,2,22,88
04/18/2020,CPR,WY,ANM,WE,Combined TRACON& Tower with Radar,2,13,5,0,20,0,5,40,0,45,2,18,45,0,65,56,0,56,121
04/19/2020,CPR,WY,ANM,WE,Combined TRACON& Tower with Radar,0,7,10,0,17,0,0,10,0,10,0,7,20,0,27,34,0,34,61
04/20/2020,CPR,WY,ANM,WE,Combined TRACON& Tower with Radar,2,12,10,0,24,0,1,45,0,46,2,13,55,0,70,74,0,74,144
04/21/2020,CPR,WY,ANM,WE,Combined TRACON& Tower with Radar,4,18,12,8,42,0,6,52,0,58,4,24,64,8,100,24,12,36,136
04/22/2020,CPR,WY,ANM,WE,Combined TRACON& Tower with Radar,4,16,6,0,26,0,2,47,0,49,4,18,53,0,75,38,0,38,113
04/23/2020,CPR,WY,ANM,WE,Combined TRACON& Tower with Radar,1,19,10,0,30,0,0,4,0,4,1,19,14,0,34,0,0,0,34
04/24/2020,CPR,WY,ANM,WE,Combined TRACON& Tower with Radar,2,14,2,0,18,0,4,11,0,15,2,18,13,0,33,52,0,52,85
04/25/2020,CPR,WY,ANM,WE,Combined TRACON& Tower with Radar,1,10,9,0,20,0,3,58,2,63,1,13,67,2,83,36,0,36,119
04/26/2020,CPR,WY,ANM,WE,Combined TRACON& Tower with Radar,0,7,3,0,10,0,2,11,0,13,0,9,14,0,23,12,0,12,35
04/27/2020,CPR,WY,ANM,WE,Combined TRACON& Tower with Radar,2,13,8,0,23,0,2,22,0,24,2,15,30,0,47,2,0,2,49
04/28/2020,CPR,WY,ANM,WE,Combined TRACON& Tower with Radar,4,18,12,0,34,0,1,29,0,30,4,19,41,0,64,4,0,4,68
04/29/2020,CPR,WY,ANM,WE,Combined TRACON& Tower with Radar,4,16,8,0,28,0,2,76,1,79,4,18,84,1,107,96,0,96,203
04/30/2020,CPR,WY,ANM,WE,Combined TRACON& Tower with Radar,4,19,12,1,36,0,1,26,1,28,4,20,38,2,64,20,0,20,84
05/01/2020,CPR,WY,ANM,WE,Combined TRACON& Tower with Radar,3,16,4,0,23,0,1,25,0,26,3,17,29,0,49,46,0,46,95
05/02/2020,CPR,WY,ANM,WE,Combined TRACON& Tower with Radar,2,21,7,0,30,0,1,34,0,35,2,22,41,0,65,22,0,22,87
05/03/2020,CPR,WY,ANM,WE,Combined TRACON& Tower with Radar,0,3,3,0,6,0,0,7,0,7,0,3,10,0,13,12,0,12,25
05/04/2020,CPR,WY,ANM,WE,Combined TRACON& Tower with Radar,2,14,7,0,23,0,0,6,0,6,2,14,13,0,29,2,0,2,31
05/05/2020,CPR,WY,ANM,WE,Combined TRACON& Tower with Radar,2,22,8,0,32,0,1,54,2,57,2,23,62,2,89,48,0,48,137
05/06/2020,CPR,WY,ANM,WE,Combined TRACON& Tower with Radar,2,20,16,6,44,0,1,39,0,40,2,21,55,6,84,68,0,68,152
05/07/2020,CPR,WY,ANM,WE,Combined TRACON& Tower with Radar,1,21,6,0,28,0,2,5,0,7,1,23,11,0,35,10,0,10,45
05/08/2020,CPR,WY,ANM,WE,Combined TRACON& Tower with Radar,4,20,6,0,30,0,2,52,0,54,4,22,58,0,84,46,0,46,130
05/09/2020,CPR,WY,ANM,WE,Combined TRACON& Tower with Radar,2,15,4,0,21,0,1,6,0,7,2,16,10,0,28,8,0,8,36
05/10/2020,CPR,WY,ANM,WE,Combined TRACON& Tower with Radar,0,9,8,0,17,0,1,36,0,37,0,10,44,0,54,20,0,20,74
05/11/2020,CPR,WY,ANM,WE,Combined TRACON& Tower with Radar,2,12,11,0,25,0,0,42,0,42,2,12,53,0,67,30,0,30,97
05/12/2020,CPR,WY,ANM,WE,Combined TRACON& Tower with Radar,2,16,8,0,26,0,3,19,0,22,2,19,27,0,48,20,0,20,68
05/13/2020,CPR,WY,ANM,WE,Combined TRACON& Tower with Radar,2,20,10,1,33,0,5,36,0,41,2,25,46,1,74,60,0,60,134
05/14/2020,CPR,WY,ANM,WE,Combined TRACON& Tower with Radar,2,13,5,0,20,0,9,38,0,47,2,22,43,0,67,42,0,42,109
05/15/2020,CPR,WY,ANM,WE,Combined TRACON& Tower with Radar,3,20,6,0,29,0,6,36,0,42,3,26,42,0,71,22,0,22,93
05/16/2020,CPR,WY,ANM,WE,Combined TRACON& Tower with Radar,2,10,2,0,14,0,6,36,0,42,2,16,38,0,56,76,0,76,132
05/17/2020,CPR,WY,ANM,WE,Combined TRACON& Tower with Radar,0,5,3,0,8,0,1,52,0,53,0,6,55,0,61,28,0,28,89
05/18/2020,CPR,WY,ANM,WE,Combined TRACON& Tower with Radar,2,17,7,0,26,0,0,46,0,46,2,17,53,0,72,32,0,32,104
05/19/2020,CPR,WY,ANM,WE,Combined TRACON& Tower with Radar,2,22,7,0,31,0,0,41,0,41,2,22,48,0,72,42,0,42,114
05/20/2020,CPR,WY,ANM,WE,Combined TRACON& Tower with Radar,2,21,5,0,28,0,1,33,0,34,2,22,38,0,62,68,0,68,130
05/21/2020,CPR,WY,ANM,WE,Combined TRACON& Tower with Radar,1,20,10,0,31,0,1,14,0,15,1,21,24,0,46,4,0,4,50
05/22/2020,CPR,WY,ANM,WE,Combined TRACON& Tower with Radar,2,18,7,0,27,0,0,35,0,35,2,18,42,0,62,54,0,54,116
05/23/2020,CPR,WY,ANM,WE,Combined TRACON& Tower with Radar,2,12,8,0,22,0,0,25,0,25,2,12,33,0,47,10,0,10,57
05/24/2020,CPR,WY,ANM,WE,Combined TRACON& Tower with Radar,0,7,3,0,10,0,1,10,0,11,0,8,13,0,21,2,0,2,23
05/25/2020,CPR,WY,ANM,WE,Combined TRACON& Tower with Radar,0,9,15,0,24,0,1,22,0,23,0,10,37,0,47,8,0,8,55
05/26/2020,CPR,WY,ANM,WE,Combined TRACON& Tower with Radar,2,14,14,0,30,0,0,38,2,40,2,14,52,2,70,28,0,28,98
05/27/2020,CPR,WY,ANM,WE,Combined TRACON& Tower with Radar,2,19,18,0,39,0,0,25,0,25,2,19,43,0,64,24,0,24,88
05/28/2020,CPR,WY,ANM,WE,Combined TRACON& Tower with Radar,1,14,8,1,24,0,3,25,1,29,1,17,33,2,53,24,0,24,77
05/29/2020,CPR,WY,ANM,WE,Combined TRACON& Tower with Radar,1,11,8,2,22,0,7,22,0,29,1,18,30,2,51,18,0,18,69
05/30/2020,CPR,WY,ANM,WE,Combined TRACON& Tower with Radar,0,8,6,0,14,0,1,20,0,21,0,9,26,0,35,8,0,8,43
05/31/2020,CPR,WY,ANM,WE,Combined TRACON& Tower with Radar,0,7,6,0,13,0,3,12,0,15,0,10,18,0,28,12,0,12,40
06/01/2020,CPR,WY,ANM,WE,Combined TRACON& Tower with Radar,1,13,9,0,23,0,0,18,0,18,1,13,27,0,41,4,0,4,45
06/02/2020,CPR,WY,ANM,WE,Combined TRACON& Tower with Radar,2,24,6,2,34,0,0,15,0,15,2,24,21,2,49,0,4,4,53
06/03/2020,CPR,WY,ANM,WE,Combined TRACON& Tower with Radar,2,19,7,1,29,0,0,14,0,14,2,19,21,1,43,0,0,0,43
06/04/2020,CPR,WY,ANM,WE,Combined TRACON& Tower with Radar,5,10,7,0,22,0,0,12,0,12,5,10,19,0,34,0,0,0,34
06/05/2020,CPR,WY,ANM,WE,Combined TRACON& Tower with Radar,5,11,4,0,20,0,6,14,0,20,5,17,18,0,40,4,0,4,44
06/06/2020,CPR,WY,ANM,WE,Combined TRACON& Tower with Radar,6,11,6,0,23,0,0,5,0,5,6,11,11,0,28,0,0,0,28
06/07/2020,CPR,WY,ANM,WE,Combined TRACON& Tower with Radar,4,6,1,0,11,0,5,14,0,19,4,11,15,0,30,8,0,8,38
06/08/2020,CPR,WY,ANM,WE,Combined TRACON& Tower with Radar,2,8,9,2,21,0,1,26,0,27,2,9,35,2,48,64,0,64,112
06/09/2020,CPR,WY,ANM,WE,Combined TRACON& Tower with Radar,3,14,25,2,44,0,1,47,0,48,3,15,72,2,92,62,0,62,154
06/10/2020,CPR,WY,ANM,WE,Combined TRACON& Tower with Radar,3,9,13,0,25,0,1,36,0,37,3,10,49,0,62,68,0,68,130
06/11/2020,CPR,WY,ANM,WE,Combined TRACON& Tower with Radar,3,6,12,0,21,0,1,50,0,51,3,7,62,0,72,62,0,62,134
06/12/2020,CPR,WY,ANM,WE,Combined TRACON& Tower with Radar,4,7,14,1,26,0,1,51,0,52,4,8,65,1,78,54,0,54,132
06/13/2020,CPR,WY,ANM,WE,Combined TRACON& Tower with Radar,5,8,7,0,20,0,0,25,0,25,5,8,32,0,45,4,0,4,49
06/14/2020,CPR,WY,ANM,WE,Combined TRACON& Tower with Radar,3,0,2,0,5,0,3,18,0,21,3,3,20,0,26,0,0,0,26
06/15/2020,CPR,WY,ANM,WE,Combined TRACON& Tower with Radar,4,3,12,0,19,0,2,56,0,58,4,5,68,0,77,78,0,78,155
06/16/2020,CPR,WY,ANM,WE,Combined TRACON& Tower with Radar,5,10,15,2,32,0,4,29,0,33,5,14,44,2,65,18,0,18,83
06/17/2020,CPR,WY,ANM,WE,Combined TRACON& Tower with Radar,2,11,13,8,34,0,0,41,0,41,2,11,54,8,75,38,0,38,113
06/18/2020,CPR,WY,ANM,WE,Combined TRACON& Tower with Radar,3,10,15,0,28,0,2,53,0,55,3,12,68,0,83,142,0,142,225
06/19/2020,CPR,WY,ANM,WE,Combined TRACON& Tower with Radar,4,11,4,0,19,0,1,33,0,34,4,12,37,0,53,102,0,102,155
06/20/2020,CPR,WY,ANM,WE,Combined TRACON& Tower with Radar,3,8,7,0,18,0,0,41,0,41,3,8,48,0,59,6,0,6,65
06/21/2020,CPR,WY,ANM,WE,Combined TRACON& Tower with Radar,3,1,5,0,9,0,0,20,0,20,3,1,25,0,29,20,0,20,49
06/22/2020,CPR,WY,ANM,WE,Combined TRACON& Tower with Radar,4,3,6,2,15,0,1,29,0,30,4,4,35,2,45,20,0,20,65
06/23/2020,CPR,WY,ANM,WE,Combined TRACON& Tower with Radar,3,7,3,0,13,0,2,59,0,61,3,9,62,0,74,30,0,30,104
06/24/2020,CPR,WY,ANM,WE,Combined TRACON& Tower with Radar,3,14,15,0,32,0,2,50,0,52,3,16,65,0,84,70,0,70,154
06/25/2020,CPR,WY,ANM,WE,Combined TRACON& Tower with Radar,3,10,11,0,24,0,6,28,3,37,3,16,39,3,61,54,0,54,115
06/26/2020,CPR,WY,ANM,WE,Combined TRACON& Tower with Radar,3,8,19,0,30,0,2,40,0,42,3,10,59,0,72,56,0,56,128
06/27/2020,CPR,WY,ANM,WE,Combined TRACON& Tower with Radar,3,8,3,0,14,0,2,37,0,39,3,10,40,0,53,32,0,32,85
06/28/2020,CPR,WY,ANM,WE,Combined TRACON& Tower with Radar,3,2,2,0,7,0,0,24,0,24,3,2,26,0,31,48,0,48,79
06/29/2020,CPR,WY,ANM,WE,Combined TRACON& Tower with Radar,4,4,9,0,17,0,2,23,0,25,4,6,32,0,42,60,0,60,102
06/30/2020,CPR,WY,ANM,WE,Combined TRACON& Tower with Radar,2,14,6,0,22,0,0,18,0,18,2,14,24,0,40,14,0,14,54
07/01/2020,CPR,WY,ANM,WE,Combined TRACON& Tower with Radar,4,10,6,0,20,0,1,33,0,34,4,11,39,0,54,26,0,26,80
07/02/2020,CPR,WY,ANM,WE,Combined TRACON& Tower with Radar,4,12,13,0,29,0,0,35,0,35,4,12,48,0,64,36,0,36,100
07/03/2020,CPR,WY,ANM,WE,Combined TRACON& Tower with Radar,6,10,10,0,26,0,2,37,0,39,6,12,47,0,65,18,0,18,83
07/04/2020,CPR,WY,ANM,WE,Combined TRACON& Tower with Radar,3,1,3,0,7,0,1,28,0,29,3,2,31,0,36,8,0,8,44
07/05/2020,CPR,WY,ANM,WE,Combined TRACON& Tower with Radar,3,2,1,0,6,0,5,29,2,36,3,7,30,2,42,0,0,0,42
07/06/2020,CPR,WY,ANM,WE,Combined TRACON& Tower with Radar,1,9,10,0,20,0,0,44,0,44,1,9,54,0,64,54,0,54,118
07/07/2020,CPR,WY,ANM,WE,Combined TRACON& Tower with Radar,2,16,9,0,27,0,0,39,0,39,2,16,48,0,66,48,0,48,114
07/08/2020,CPR,WY,ANM,WE,Combined TRACON& Tower with Radar,3,13,11,0,27,0,0,46,0,46,3,13,57,0,73,26,0,26,99
07/09/2020,CPR,WY,ANM,WE,Combined TRACON& Tower with Radar,2,13,11,0,26,0,0,75,0,75,2,13,86,0,101,98,0,98,199
07/10/2020,CPR,WY,ANM,WE,Combined TRACON& Tower with Radar,2,11,14,0,27,0,0,28,0,28,2,11,42,0,55,32,0,32,87
07/11/2020,CPR,WY,ANM,WE,Combined TRACON& Tower with Radar,2,15,7,0,24,0,1,30,0,31,2,16,37,0,55,40,0,40,95
07/12/2020,CPR,WY,ANM,WE,Combined TRACON& Tower with Radar,2,6,4,0,12,0,2,17,1,20,2,8,21,1,32,30,0,30,62
07/13/2020,CPR,WY,ANM,WE,Combined TRACON& Tower with Radar,1,9,6,0,16,0,3,29,0,32,1,12,35,0,48,22,0,22,70
07/14/2020,CPR,WY,ANM,WE,Combined TRACON& Tower with Radar,2,10,7,0,19,0,2,42,0,44,2,12,49,0,63,10,0,10,73
07/15/2020,CPR,WY,ANM,WE,Combined TRACON& Tower with Radar,2,11,13,0,26,0,4,50,2,56,2,15,63,2,82,40,0,40,122
07/16/2020,CPR,WY,ANM,WE,Combined TRACON& Tower with Radar,1,12,8,0,21,0,13,51,0,64,1,25,59,0,85,36,0,36,121
07/17/2020,CPR,WY,ANM,WE,Combined TRACON& Tower with Radar,2,8,2,0,12,0,2,26,0,28,2,10,28,0,40,54,0,54,94
07/18/2020,CPR,WY,ANM,WE,Combined TRACON& Tower with Radar,2,10,2,0,14,0,0,24,0,24,2,10,26,0,38,44,0,44,82
07/19/2020,CPR,WY,ANM,WE,Combined TRACON& Tower with Radar,2,5,8,0,15,0,9,33,0,42,2,14,41,0,57,16,0,16,73
07/20/2020,CPR,WY,ANM,WE,Combined TRACON& Tower with Radar,2,5,8,0,15,0,0,34,0,34,2,5,42,0,49,44,0,44,93
07/21/2020,CPR,WY,ANM,WE,Combined TRACON& Tower with Radar,1,16,6,0,23,0,0,53,0,53,1,16,59,0,76,38,0,38,114
07/22/2020,CPR,WY,ANM,WE,Combined TRACON& Tower with Radar,2,10,13,0,25,0,3,42,0,45,2,13,55,0,70,24,0,24,94
07/23/2020,CPR,WY,ANM,WE,Combined TRACON& Tower with Radar,2,9,16,0,27,0,9,23,0,32,2,18,39,0,59,1,0,1,60
07/24/2020,CPR,WY,ANM,WE,Combined TRACON& Tower with Radar,1,9,8,0,18,0,3,43,0,46,1,12,51,0,64,60,0,60,124
07/25/2020,CPR,WY,ANM,WE,Combined TRACON& Tower with Radar,1,11,7,0,19,0,0,30,1,31,1,11,37,1,50,22,0,22,72
07/26/2020,CPR,WY,ANM,WE,Combined TRACON& Tower with Radar,1,7,4,0,12,0,2,26,0,28,1,9,30,0,40,18,0,18,58
07/27/2020,CPR,WY,ANM,WE,Combined TRACON& Tower with Radar,1,9,8,0,18,0,3,38,0,41,1,12,46,0,59,36,0,36,95
07/28/2020,CPR,WY,ANM,WE,Combined TRACON& Tower with Radar,3,16,6,0,25,0,0,22,0,22,3,16,28,0,47,42,0,42,89
07/29/2020,CPR,WY,ANM,WE,Combined TRACON& Tower with Radar,2,13,19,0,34,0,0,28,0,28,2,13,47,0,62,36,0,36,98
07/30/2020,CPR,WY,ANM,WE,Combined TRACON& Tower with Radar,4,11,16,0,31,0,0,42,0,42,4,11,58,0,73,46,0,46,119
07/31/2020,CPR,WY,ANM,WE,Combined TRACON& Tower with Radar,3,9,7,0,19,0,3,44,0,47,3,12,51,0,66,8,0,8,74
08/01/2020,CPR,WY,ANM,WE,Combined TRACON& Tower with Radar,1,11,5,0,17,0,0,43,0,43,1,11,48,0,60,18,0,18,78
08/02/2020,CPR,WY,ANM,WE,Combined TRACON& Tower with Radar,1,10,5,1,17,0,3,23,0,26,1,13,28,1,43,6,0,6,49
08/03/2020,CPR,WY,ANM,WE,Combined TRACON& Tower with Radar,1,6,9,1,17,0,4,51,0,55,1,10,60,1,72,36,0,36,108
08/04/2020,CPR,WY,ANM,WE,Combined TRACON& Tower with Radar,2,12,11,0,25,0,8,81,0,89,2,20,92,0,114,44,0,44,158
08/05/2020,CPR,WY,ANM,WE,Combined TRACON& Tower with Radar,0,14,8,0,22,0,8,53,5,66,0,22,61,5,88,0,0,0,88
08/06/2020,CPR,WY,ANM,WE,Combined TRACON& Tower with Radar,2,19,13,0,34,0,1,79,2,82,2,20,92,2,116,12,0,12,128
08/07/2020,CPR,WY,ANM,WE,Combined TRACON& Tower with Radar,2,13,10,1,26,0,3,95,0,98,2,16,105,1,124,0,0,0,124
08/08/2020,CPR,WY,ANM,WE,Combined TRACON& Tower with Radar,2,10,7,0,19,0,0,78,0,78,2,10,85,0,97,4,0,4,101
08/09/2020,CPR,WY,ANM,WE,Combined TRACON& Tower with Radar,1,9,2,0,12,0,0,34,0,34,1,9,36,0,46,2,0,2,48
08/10/2020,CPR,WY,ANM,WE,Combined TRACON& Tower with Radar,0,13,8,0,21,0,0,52,0,52,0,13,60,0,73,26,0,26,99
08/11/2020,CPR,WY,ANM,WE,Combined TRACON& Tower with Radar,0,17,9,0,26,0,24,36,0,60,0,41,45,0,86,14,0,14,100
08/12/2020,CPR,WY,ANM,WE,Combined TRACON& Tower with Radar,1,21,10,0,32,0,10,39,0,49,1,31,49,0,81,28,0,28,109
08/13/2020,CPR,WY,ANM,WE,Combined TRACON& Tower with Radar,0,20,8,0,28,0,2,37,0,39,0,22,45,0,67,42,0,42,109
08/14/2020,CPR,WY,ANM,WE,Combined TRACON& Tower with Radar,1,21,11,0,33,0,0,35,0,35,1,21,46,0,68,56,0,56,124
08/15/2020,CPR,WY,ANM,WE,Combined TRACON& Tower with Radar,1,18,1,0,20,0,0,22,0,22,1,18,23,0,42,2,0,2,44
08/16/2020,CPR,WY,ANM,WE,Combined TRACON& Tower with Radar,0,6,7,2,15,0,0,30,0,30,0,6,37,2,45,22,0,22,67
08/17/2020,CPR,WY,ANM,WE,Combined TRACON& Tower with Radar,1,16,17,0,34,0,2,61,0,63,1,18,78,0,97,20,0,20,117
08/18/2020,CPR,WY,ANM,WE,Combined TRACON& Tower with Radar,1,23,21,0,45,0,2,52,0,54,1,25,73,0,99,46,0,46,145
08/19/2020,CPR,WY,ANM,WE,Combined TRACON& Tower with Radar,3,22,19,2,46,0,9,65,1,75,3,31,84,3,121,70,0,70,191
08/20/2020,CPR,WY,ANM,WE,Combined TRACON& Tower with Radar,2,29,26,2,59,0,2,59,0,61,2,31,85,2,120,70,0,70,190
08/21/2020,CPR,WY,ANM,WE,Combined TRACON& Tower with Radar,3,23,17,0,43,0,3,48,0,51,3,26,65,0,94,60,0,60,154
08/22/2020,CPR,WY,ANM,WE,Combined TRACON& Tower with Radar,5,17,11,0,33,0,9,30,0,39,5,26,41,0,72,0,0,0,72
08/23/2020,CPR,WY,ANM,WE,Combined TRACON& Tower with Radar,1,9,9,0,19,0,4,47,0,51,1,13,56,0,70,10,0,10,80
08/24/2020,CPR,WY,ANM,WE,Combined TRACON& Tower with Radar,1,19,14,0,34,0,7,60,0,67,1,26,74,0,101,28,0,28,129
08/25/2020,CPR,WY,ANM,WE,Combined TRACON& Tower with Radar,2,29,13,0,44,0,7,45,0,52,2,36,58,0,96,60,0,60,156
08/26/2020,CPR,WY,ANM,WE,Combined TRACON& Tower with Radar,3,27,14,0,44,0,0,49,0,49,3,27,63,0,93,64,0,64,157
08/27/2020,CPR,WY,ANM,WE,Combined TRACON& Tower with Radar,3,27,8,0,38,0,1,45,1,47,3,28,53,1,85,28,0,28,113
08/28/2020,CPR,WY,ANM,WE,Combined TRACON& Tower with Radar,4,23,5,0,32,0,0,45,2,47,4,23,50,2,79,28,0,28,107
08/29/2020,CPR,WY,ANM,WE,Combined TRACON& Tower with Radar,2,22,10,0,34,0,1,35,0,36,2,23,45,0,70,46,0,46,116
08/30/2020,CPR,WY,ANM,WE,Combined TRACON& Tower with Radar,0,9,4,0,13,0,0,22,0,22,0,9,26,0,35,4,0,4,39
08/31/2020,CPR,WY,ANM,WE,Combined TRACON& Tower with Radar,1,19,13,10,43,0,1,48,2,51,1,20,61,12,94,48,4,52,146
09/01/2020,CPR,WY,ANM,WE,Combined TRACON& Tower with Radar,2,26,14,0,42,0,2,47,0,49,2,28,61,0,91,26,0,26,117
09/02/2020,CPR,WY,ANM,WE,Combined TRACON& Tower with Radar,5,24,11,0,40,0,8,25,0,33,5,32,36,0,73,34,0,34,107
09/03/2020,CPR,WY,ANM,WE,Combined TRACON& Tower with Radar,3,24,10,2,39,0,7,42,0,49,3,31,52,2,88,50,0,50,138
09/04/2020,CPR,WY,ANM,WE,Combined TRACON& Tower with Radar,7,20,8,5,40,0,3,52,2,57,7,23,60,7,97,56,0,56,153
09/05/2020,CPR,WY,ANM,WE,Combined TRACON& Tower with Radar,1,18,6,0,25,0,0,82,0,82,1,18,88,0,107,32,0,32,139
09/06/2020,CPR,WY,ANM,WE,Combined TRACON& Tower with Radar,0,13,3,1,17,0,3,51,0,54,0,16,54,1,71,0,0,0,71
09/07/2020,CPR,WY,ANM,WE,Combined TRACON& Tower with Radar,3,7,4,0,14,0,0,18,0,18,3,7,22,0,32,10,0,10,42
09/08/2020,CPR,WY,ANM,WE,Combined TRACON& Tower with Radar,2,11,12,0,25,0,0,1,0,1,2,11,13,0,26,0,0,0,26
09/09/2020,CPR,WY,ANM,WE,Combined TRACON& Tower with Radar,4,24,12,4,44,0,0,17,0,17,4,24,29,4,61,0,8,8,69
09/10/2020,CPR,WY,ANM,WE,Combined TRACON& Tower with Radar,2,30,11,0,43,0,4,50,0,54,2,34,61,0,97,64,0,64,161
09/11/2020,CPR,WY,ANM,WE,Combined TRACON& Tower with Radar,1,26,16,2,45,0,2,31,0,33,1,28,47,2,78,34,4,38,116
09/12/2020,CPR,WY,ANM,WE,Combined TRACON& Tower with Radar,0,18,3,0,21,0,6,62,8,76,0,24,65,8,97,78,0,78,175
09/13/2020,CPR,WY,ANM,WE,Combined TRACON& Tower with Radar,0,10,11,0,21,0,2,40,0,42,0,12,51,0,63,28,0,28,91
09/14/2020,CPR,WY,ANM,WE,Combined TRACON& Tower with Radar,2,14,11,0,27,0,4,43,0,47,2,18,54,0,74,62,0,62,136
09/15/2020,CPR,WY,ANM,WE,Combined TRACON& Tower with Radar,3,26,16,0,45,0,3,46,0,49,3,29,62,0,94,98,0,98,192
09/16/2020,CPR,WY,ANM,WE,Combined TRACON& Tower with Radar,1,19,11,0,31,0,0,38,0,38,1,19,49,0,69,66,0,66,135
09/17/2020,CPR,WY,ANM,WE,Combined TRACON& Tower with Radar,2,15,17,2,36,0,0,27,3,30,2,15,44,5,66,44,0,44,110
09/18/2020,CPR,WY,ANM,WE,Combined TRACON& Tower with Radar,1,18,19,0,38,0,4,32,0,36,1,22,51,0,74,6,0,6,80
09/19/2020,CPR,WY,ANM,WE,Combined TRACON& Tower with Radar,1,17,3,0,21,0,3,60,0,63,1,20,63,0,84,0,0,0,84
09/20/2020,CPR,WY,ANM,WE,Combined TRACON& Tower with Radar,0,12,9,0,21,0,1,9,0,10,0,13,18,0,31,2,0,2,33
09/21/2020,CPR,WY,ANM,WE,Combined TRACON& Tower with Radar,1,13,13,0,27,0,5,38,0,43,1,18,51,0,70,20,0,20,90
09/22/2020,CPR,WY,ANM,WE,Combined TRACON& Tower with Radar,1,20,12,0,33,0,4,45,0,49,1,24,57,0,82,12,0,12,94
09/23/2020,CPR,WY,ANM,WE,Combined TRACON& Tower with Radar,2,15,17,0,34,0,3,48,0,51,2,18,65,0,85,20,0,20,105
09/24/2020,CPR,WY,ANM,WE,Combined TRACON& Tower with Radar,0,17,9,0,26,0,0,19,2,21,0,17,28,2,47,4,0,4,51
09/25/2020,CPR,WY,ANM,WE,Combined TRACON& Tower with Radar,3,18,8,0,29,0,0,28,1,29,3,18,36,1,58,8,0,8,66
09/26/2020,CPR,WY,ANM,WE,Combined TRACON& Tower with Radar,3,11,8,0,22,0,0,7,0,7,3,11,15,0,29,0,0,0,29
09/27/2020,CPR,WY,ANM,WE,Combined TRACON& Tower with Radar,0,13,6,0,19,0,0,21,0,21,0,13,27,0,40,0,0,0,40
09/28/2020,CPR,WY,ANM,WE,Combined TRACON& Tower with Radar,1,11,12,0,24,0,1,34,0,35,1,12,46,0,59,16,0,16,75
09/29/2020,CPR,WY,ANM,WE,Combined TRACON& Tower with Radar,1,17,10,0,28,0,0,31,1,32,1,17,41,1,60,22,0,22,82
09/30/2020,CPR,WY,ANM,WE,Combined TRACON& Tower with Radar,0,17,13,10,40,0,4,60,0,64,0,21,73,10,104,77,6,83,187
10/01/2020,CPR,WY,ANM,WE,Combined TRACON& Tower with Radar,0,21,12,0,33,0,0,41,0,41,0,21,53,0,74,62,0,62,136
10/02/2020,CPR,WY,ANM,WE,Combined TRACON& Tower with Radar,3,17,17,0,37,0,0,41,0,41,3,17,58,0,78,18,0,18,96
10/03/2020,CPR,WY,ANM,WE,Combined TRACON& Tower with Radar,1,16,8,0,25,0,1,40,0,41,1,17,48,0,66,60,0,60,126
10/04/2020,CPR,WY,ANM,WE,Combined TRACON& Tower with Radar,0,9,8,0,17,0,0,11,0,11,0,9,19,0,28,0,0,0,28
10/05/2020,CPR,WY,ANM,WE,Combined TRACON& Tower with Radar,0,17,8,0,25,0,0,24,0,24,0,17,32,0,49,56,0,56,105
10/06/2020,CPR,WY,ANM,WE,Combined TRACON& Tower with Radar,2,19,3,1,25,0,0,35,0,35,2,19,38,1,60,56,0,56,116
10/07/2020,CPR,WY,ANM,WE,Combined TRACON& Tower with Radar,1,25,18,0,44,0,0,40,0,40,1,25,58,0,84,38,0,38,122
10/08/2020,CPR,WY,ANM,WE,Combined TRACON& Tower with Radar,2,16,19,0,37,0,2,44,0,46,2,18,63,0,83,22,0,22,105
10/09/2020,CPR,WY,ANM,WE,Combined TRACON& Tower with Radar,2,16,10,0,28,0,3,46,0,49,2,19,56,0,77,76,0,76,153
10/10/2020,CPR,WY,ANM,WE,Combined TRACON& Tower with Radar,0,19,7,0,26,0,0,31,0,31,0,19,38,0,57,18,0,18,75
10/11/2020,CPR,WY,ANM,WE,Combined TRACON& Tower with Radar,0,18,7,0,25,0,3,1,0,4,0,21,8,0,29,0,0,0,29
10/12/2020,CPR,WY,ANM,WE,Combined TRACON& Tower with Radar,2,21,9,0,32,0,0,13,0,13,2,21,22,0,45,10,0,10,55
10/13/2020,CPR,WY,ANM,WE,Combined TRACON& Tower with Radar,2,30,6,0,38,0,1,36,0,37,2,31,42,0,75,30,0,30,105
10/14/2020,CPR,WY,ANM,WE,Combined TRACON& Tower with Radar,2,34,19,0,55,0,0,14,2,16,2,34,33,2,71,18,0,18,89
10/15/2020,CPR,WY,ANM,WE,Combined TRACON& Tower with Radar,2,25,11,2,40,0,3,45,2,50,2,28,56,4,90,52,5,57,147
10/16/2020,CPR,WY,ANM,WE,Combined TRACON& Tower with Radar,2,23,12,0,37,0,0,27,0,27,2,23,39,0,64,8,0,8,72
10/17/2020,CPR,WY,ANM,WE,Combined TRACON& Tower with Radar,0,23,3,0,26,0,0,8,0,8,0,23,11,0,34,18,0,18,52
10/18/2020,CPR,WY,ANM,WE,Combined TRACON& Tower with Radar,2,17,7,2,28,0,1,8,0,9,2,18,15,2,37,24,0,24,61
10/19/2020,CPR,WY,ANM,WE,Combined TRACON& Tower with Radar,2,32,18,0,52,0,6,33,2,41,2,38,51,2,93,16,0,16,109
10/20/2020,CPR,WY,ANM,WE,Combined TRACON& Tower with Radar,3,26,19,0,48,0,1,46,0,47,3,27,65,0,95,52,0,52,147
10/21/2020,CPR,WY,ANM,WE,Combined TRACON& Tower with Radar,3,23,15,3,44,0,2,33,1,36,3,25,48,4,80,14,0,14,94
10/22/2020,CPR,WY,ANM,WE,Combined TRACON& Tower with Radar,2,30,10,0,42,0,0,0,0,0,2,30,10,0,42,0,0,0,42
10/23/2020,CPR,WY,ANM,WE,Combined TRACON& Tower with Radar,2,27,13,0,42,0,0,41,0,41,2,27,54,0,83,60,0,60,143
10/24/2020,CPR,WY,ANM,WE,Combined TRACON& Tower with Radar,0,18,11,0,29,0,0,10,0,10,0,18,21,0,39,18,0,18,57
10/25/2020,CPR,WY,ANM,WE,Combined TRACON& Tower with Radar,0,23,6,0,29,0,0,0,0,0,0,23,6,0,29,0,0,0,29
10/26/2020,CPR,WY,ANM,WE,Combined TRACON& Tower with Radar,2,20,17,0,39,0,1,22,0,23,2,21,39,0,62,20,0,20,82
10/27/2020,CPR,WY,ANM,WE,Combined TRACON& Tower with Radar,4,31,9,0,44,0,2,35,0,37,4,33,44,0,81,18,0,18,99
10/28/2020,CPR,WY,ANM,WE,Combined TRACON& Tower with Radar,1,5,1,1,8,0,11,55,0,66,1,16,56,1,74,24,0,24,98
10/29/2020,CPR,WY,ANM,WE,Combined TRACON& Tower with Radar,2,16,7,0,25,0,0,13,0,13,2,16,20,0,38,0,0,0,38
10/30/2020,CPR,WY,ANM,WE,Combined TRACON& Tower with Radar,2,26,17,0,45,0,0,24,0,24,2,26,41,0,69,18,0,18,87
10/31/2020,CPR,WY,ANM,WE,Combined TRACON& Tower with Radar,1,16,11,0,28,0,0,36,0,36,1,16,47,0,64,70,0,70,134
11/01/2020,CPR,WY,ANM,WE,Combined TRACON& Tower with Radar,1,12,5,0,18,0,0,34,0,34,1,12,39,0,52,20,0,20,72
11/02/2020,CPR,WY,ANM,WE,Combined TRACON& Tower with Radar,5,19,20,0,44,0,2,38,0,40,5,21,58,0,84,60,0,60,144
11/03/2020,CPR,WY,ANM,WE,Combined TRACON& Tower with Radar,8,24,16,0,48,0,3,33,0,36,8,27,49,0,84,38,0,38,122
11/04/2020,CPR,WY,ANM,WE,Combined TRACON& Tower with Radar,6,30,7,0,43,0,2,41,0,43,6,32,48,0,86,10,0,10,96
11/05/2020,CPR,WY,ANM,WE,Combined TRACON& Tower with Radar,4,26,8,0,38,0,4,29,0,33,4,30,37,0,71,32,0,32,103
11/06/2020,CPR,WY,ANM,WE,Combined TRACON& Tower with Radar,6,19,6,0,31,0,0,23,0,23,6,19,29,0,54,32,0,32,86
11/07/2020,CPR,WY,ANM,WE,Combined TRACON& Tower with Radar,2,11,5,0,18,0,4,7,0,11,2,15,12,0,29,14,0,14,43
11/08/2020,CPR,WY,ANM,WE,Combined TRACON& Tower with Radar,2,12,1,0,15,0,0,2,0,2,2,12,3,0,17,0,0,0,17
11/09/2020,CPR,WY,ANM,WE,Combined TRACON& Tower with Radar,5,17,11,0,33,0,0,2,0,2,5,17,13,0,35,12,0,12,47
11/10/2020,CPR,WY,ANM,WE,Combined TRACON& Tower with Radar,7,19,14,0,40,0,1,22,0,23,7,20,36,0,63,0,0,0,63
11/11/2020,CPR,WY,ANM,WE,Combined TRACON& Tower with Radar,5,24,6,0,35,0,2,14,0,16,5,26,20,0,51,0,0,0,51
11/12/2020,CPR,WY,ANM,WE,Combined TRACON& Tower with Radar,4,27,9,0,40,0,1,31,0,32,4,28,40,0,72,16,0,16,88
11/13/2020,CPR,WY,ANM,WE,Combined TRACON& Tower with Radar,4,24,7,0,35,0,0,7,0,7,4,24,14,0,42,0,0,0,42
11/14/2020,CPR,WY,ANM,WE,Combined TRACON& Tower with Radar,3,15,6,0,24,0,0,0,0,0,3,15,6,0,24,0,0,0,24
11/15/2020,CPR,WY,ANM,WE,Combined TRACON& Tower with Radar,4,10,6,0,20,0,0,4,0,4,4,10,10,0,24,0,0,0,24
11/16/2020,CPR,WY,ANM,WE,Combined TRACON& Tower with Radar,4,20,18,0,42,0,0,39,0,39,4,20,57,0,81,54,0,54,135
11/17/2020,CPR,WY,ANM,WE,Combined TRACON& Tower with Radar,6,32,18,0,56,0,4,33,0,37,6,36,51,0,93,43,0,43,136
11/18/2020,CPR,WY,ANM,WE,Combined TRACON& Tower with Radar,6,25,8,0,39,0,5,13,0,18,6,30,21,0,57,24,0,24,81
11/19/2020,CPR,WY,ANM,WE,Combined TRACON& Tower with Radar,4,24,13,0,41,0,0,15,0,15,4,24,28,0,56,10,0,10,66
11/20/2020,CPR,WY,ANM,WE,Combined TRACON& Tower with Radar,4,24,20,0,48,0,1,56,0,57,4,25,76,0,105,56,0,56,161
11/21/2020,CPR,WY,ANM,WE,Combined TRACON& Tower with Radar,2,20,7,0,29,0,0,37,0,37,2,20,44,0,66,78,0,78,144
11/22/2020,CPR,WY,ANM,WE,Combined TRACON& Tower with Radar,2,18,2,0,22,0,3,41,0,44,2,21,43,0,66,24,0,24,90
11/23/2020,CPR,WY,ANM,WE,Combined TRACON& Tower with Radar,4,17,17,0,38,0,3,35,0,38,4,20,52,0,76,60,0,60,136
11/24/2020,CPR,WY,ANM,WE,Combined TRACON& Tower with Radar,5,30,10,0,45,0,2,49,0,51,5,32,59,0,96,48,0,48,144
11/25/2020,CPR,WY,ANM,WE,Combined TRACON& Tower with Radar,5,22,8,0,35,0,1,8,0,9,5,23,16,0,44,0,0,0,44
11/26/2020,CPR,WY,ANM,WE,Combined TRACON& Tower with Radar,1,6,3,0,10,0,0,5,0,5,1,6,8,0,15,4,0,4,19
11/27/2020,CPR,WY,ANM,WE,Combined TRACON& Tower with Radar,3,21,2,0,26,0,0,20,0,20,3,21,22,0,46,4,0,4,50
11/28/2020,CPR,WY,ANM,WE,Combined TRACON& Tower with Radar,2,19,6,0,27,0,0,9,0,9,2,19,15,0,36,0,0,0,36
11/29/2020,CPR,WY,ANM,WE,Combined TRACON& Tower with Radar,2,13,8,0,23,0,0,37,0,37,2,13,45,0,60,118,0,118,178
11/30/2020,CPR,WY,ANM,WE,Combined TRACON& Tower with Radar,5,22,13,9,49,0,0,24,1,25,5,22,37,10,74,10,2,12,86
12/01/2020,CPR,WY,ANM,WE,Combined TRACON& Tower with Radar,7,25,16,0,48,0,2,12,0,14,7,27,28,0,62,46,0,46,108
12/02/2020,CPR,WY,ANM,WE,Combined TRACON& Tower with Radar,6,26,18,2,52,0,0,34,3,37,6,26,52,5,89,35,8,43,132
12/03/2020,CPR,WY,ANM,WE,Combined TRACON& Tower with Radar,5,25,28,0,58,0,0,45,0,45,5,25,73,0,103,36,0,36,139
12/04/2020,CPR,WY,ANM,WE,Combined TRACON& Tower with Radar,4,29,14,0,47,0,4,48,0,52,4,33,62,0,99,24,0,24,123
12/05/2020,CPR,WY,ANM,WE,Combined TRACON& Tower with Radar,3,12,10,0,25,0,1,46,0,47,3,13,56,0,72,42,0,42,114
12/06/2020,CPR,WY,ANM,WE,Combined TRACON& Tower with Radar,3,9,7,0,19,0,3,14,0,17,3,12,21,0,36,0,0,0,36
12/07/2020,CPR,WY,ANM,WE,Combined TRACON& Tower with Radar,4,16,19,0,39,0,3,27,0,30,4,19,46,0,69,42,0,42,111
12/08/2020,CPR,WY,ANM,WE,Combined TRACON& Tower with Radar,7,23,16,2,48,0,1,22,0,23,7,24,38,2,71,4,0,4,75
12/09/2020,CPR,WY,ANM,WE,Combined TRACON& Tower with Radar,6,23,18,0,47,0,1,31,0,32,6,24,49,0,79,28,0,28,107
12/10/2020,CPR,WY,ANM,WE,Combined TRACON& Tower with Radar,5,30,17,0,52,0,0,10,0,10,5,30,27,0,62,50,0,50,112
12/11/2020,CPR,WY,ANM,WE,Combined TRACON& Tower with Radar,4,32,8,0,44,0,0,0,0,0,4,32,8,0,44,0,0,0,44
12/12/2020,CPR,WY,ANM,WE,Combined TRACON& Tower with Radar,3,15,4,0,22,0,1,7,0,8,3,16,11,0,30,20,0,20,50
12/13/2020,CPR,WY,ANM,WE,Combined TRACON& Tower with Radar,2,12,6,0,20,0,2,6,0,8,2,14,12,0,28,0,0,0,28
12/14/2020,CPR,WY,ANM,WE,Combined TRACON& Tower with Radar,3,19,9,0,31,0,0,3,0,3,3,19,12,0,34,16,0,16,50
12/15/2020,CPR,WY,ANM,WE,Combined TRACON& Tower with Radar,8,28,12,0,48,0,1,25,0,26,8,29,37,0,74,36,0,36,110
12/16/2020,CPR,WY,ANM,WE,Combined TRACON& Tower with Radar,6,30,15,0,51,0,0,48,0,48,6,30,63,0,99,36,0,36,135
12/17/2020,CPR,WY,ANM,WE,Combined TRACON& Tower with Radar,6,28,5,0,39,0,1,15,0,16,6,29,20,0,55,14,0,14,69
12/18/2020,CPR,WY,ANM,WE,Combined TRACON& Tower with Radar,4,29,16,0,49,0,0,23,0,23,4,29,39,0,72,72,0,72,144
12/19/2020,CPR,WY,ANM,WE,Combined TRACON& Tower with Radar,2,22,10,0,34,0,0,7,0,7,2,22,17,0,41,0,0,0,41
12/20/2020,CPR,WY,ANM,WE,Combined TRACON& Tower with Radar,1,11,4,0,16,0,2,3,0,5,1,13,7,0,21,0,0,0,21
12/21/2020,CPR,WY,ANM,WE,Combined TRACON& Tower with Radar,3,14,9,0,26,0,0,5,0,5,3,14,14,0,31,14,0,14,45
12/22/2020,CPR,WY,ANM,WE,Combined TRACON& Tower with Radar,6,34,9,0,49,0,2,12,0,14,6,36,21,0,63,0,0,0,63
12/23/2020,CPR,WY,ANM,WE,Combined TRACON& Tower with Radar,5,34,22,0,61,0,2,27,0,29,5,36,49,0,90,10,0,10,100
12/24/2020,CPR,WY,ANM,WE,Combined TRACON& Tower with Radar,4,27,5,0,36,0,1,4,0,5,4,28,9,0,41,0,0,0,41
12/25/2020,CPR,WY,ANM,WE,Combined TRACON& Tower with Radar,0,9,1,0,10,0,1,3,0,4,0,10,4,0,14,0,0,0,14
12/26/2020,CPR,WY,ANM,WE,Combined TRACON& Tower with Radar,1,26,7,0,34,0,0,2,0,2,1,26,9,0,36,0,0,0,36
12/27/2020,CPR,WY,ANM,WE,Combined TRACON& Tower with Radar,2,18,7,0,27,0,0,6,0,6,2,18,13,0,33,4,0,4,37
12/28/2020,CPR,WY,ANM,WE,Combined TRACON& Tower with Radar,3,27,12,0,42,0,0,24,0,24,3,27,36,0,66,24,0,24,90
12/29/2020,CPR,WY,ANM,WE,Combined TRACON& Tower with Radar,8,32,6,0,46,0,4,48,1,53,8,36,54,1,99,70,0,70,169
12/30/2020,CPR,WY,ANM,WE,Combined TRACON& Tower with Radar,8,26,16,0,50,0,1,39,0,40,8,27,55,0,90,0,0,0,90
12/31/2020,CPR,WY,ANM,WE,Combined TRACON& Tower with Radar,5,26,15,0,46,0,0,25,0,25,5,26,40,0,71,26,0,26,97
01/01/2021,CPR,WY,ANM,WE,Combined TRACON& Tower with Radar,3,10,12,0,25,0,1,34,0,35,3,11,46,0,60,24,0,24,84
01/02/2021,CPR,WY,ANM,WE,Combined TRACON& Tower with Radar,2,19,8,0,29,0,0,3,0,3,2,19,11,0,32,0,0,0,32
01/03/2021,CPR,WY,ANM,WE,Combined TRACON& Tower with Radar,2,16,9,0,27,0,1,0,0,1,2,17,9,0,28,0,0,0,28
01/04/2021,CPR,WY,ANM,WE,Combined TRACON& Tower with Radar,4,19,15,0,38,0,0,16,0,16,4,19,31,0,54,0,0,0,54
01/05/2021,CPR,WY,ANM,WE,Combined TRACON& Tower with Radar,5,20,10,0,35,0,0,5,0,5,5,20,15,0,40,8,0,8,48
01/06/2021,CPR,WY,ANM,WE,Combined TRACON& Tower with Radar,5,23,19,0,47,0,0,37,0,37,5,23,56,0,84,16,0,16,100
01/07/2021,CPR,WY,ANM,WE,Combined TRACON& Tower with Radar,3,21,30,0,54,0,0,28,0,28,3,21,58,0,82,16,0,16,98
01/08/2021,CPR,WY,ANM,WE,Combined TRACON& Tower with Radar,4,16,18,0,38,0,1,39,0,40,4,17,57,0,78,36,0,36,114
01/09/2021,CPR,WY,ANM,WE,Combined TRACON& Tower with Radar,2,11,7,0,20,0,0,0,0,0,2,11,7,0,20,0,0,0,20
01/10/2021,CPR,WY,ANM,WE,Combined TRACON& Tower with Radar,2,5,15,0,22,0,0,18,1,19,2,5,33,1,41,38,0,38,79
01/11/2021,CPR,WY,ANM,WE,Combined TRACON& Tower with Radar,4,13,21,2,40,0,3,28,3,34,4,16,49,5,74,14,0,14,88
01/12/2021,CPR,WY,ANM,WE,Combined TRACON& Tower with Radar,5,15,17,1,38,0,0,5,0,5,5,15,22,1,43,0,0,0,43
01/13/2021,CPR,WY,ANM,WE,Combined TRACON& Tower with Radar,5,20,7,0,32,0,0,0,0,0,5,20,7,0,32,0,0,0,32
01/14/2021,CPR,WY,ANM,WE,Combined TRACON& Tower with Radar,4,23,10,0,37,0,1,13,2,16,4,24,23,2,53,0,0,0,53
01/15/2021,CPR,WY,ANM,WE,Combined TRACON& Tower with Radar,2,20,12,0,34,0,1,59,0,60,2,21,71,0,94,80,0,80,174
01/16/2021,CPR,WY,ANM,WE,Combined TRACON& Tower with Radar,3,15,7,0,25,0,3,27,0,30,3,18,34,0,55,48,0,48,103
01/17/2021,CPR,WY,ANM,WE,Combined TRACON& Tower with Radar,2,5,12,0,19,0,2,21,0,23,2,7,33,0,42,22,0,22,64
01/18/2021,CPR,WY,ANM,WE,Combined TRACON& Tower with Radar,4,11,22,0,37,0,0,5,0,5,4,11,27,0,42,0,0,0,42
01/19/2021,CPR,WY,ANM,WE,Combined TRACON& Tower with Radar,6,25,15,0,46,0,5,35,0,40,6,30,50,0,86,4,0,4,90
01/20/2021,CPR,WY,ANM,WE,Combined TRACON& Tower with Radar,4,26,11,0,41,0,5,13,0,18,4,31,24,0,59,10,0,10,69
01/21/2021,CPR,WY,ANM,WE,Combined TRACON& Tower with Radar,5,29,14,0,48,0,5,41,0,46,5,34,55,0,94,58,0,58,152
01/22/2021,CPR,WY,ANM,WE,Combined TRACON& Tower with Radar,4,25,8,0,37,0,0,13,0,13,4,25,21,0,50,0,0,0,50
01/23/2021,CPR,WY,ANM,WE,Combined TRACON& Tower with Radar,3,12,1,0,16,0,0,0,0,0,3,12,1,0,16,0,0,0,16
01/24/2021,CPR,WY,ANM,WE,Combined TRACON& Tower with Radar,4,5,4,0,13,0,0,9,0,9,4,5,13,0,22,0,0,0,22
01/25/2021,CPR,WY,ANM,WE,Combined TRACON& Tower with Radar,3,16,19,0,38,0,0,36,0,36,3,16,55,0,74,42,0,42,116
01/26/2021,CPR,WY,ANM,WE,Combined TRACON& Tower with Radar,6,25,24,0,55,0,0,26,1,27,6,25,50,1,82,14,0,14,96
01/27/2021,CPR,WY,ANM,WE,Combined TRACON& Tower with Radar,6,13,14,0,33,0,0,16,0,16,6,13,30,0,49,12,0,12,61
01/28/2021,CPR,WY,ANM,WE,Combined TRACON& Tower with Radar,4,23,15,0,42,0,0,16,0,16,4,23,31,0,58,12,0,12,70
01/29/2021,CPR,WY,ANM,WE,Combined TRACON& Tower with Radar,4,18,7,0,29,0,4,14,0,18,4,22,21,0,47,2,0,2,49
01/30/2021,CPR,WY,ANM,WE,Combined TRACON& Tower with Radar,3,20,18,0,41,0,2,55,0,57,3,22,73,0,98,68,0,68,166
01/31/2021,CPR,WY,ANM,WE,Combined TRACON& Tower with Radar,2,5,5,0,12,0,2,20,0,22,2,7,25,0,34,14,0,14,48
02/01/2021,CPR,WY,ANM,WE,Combined TRACON& Tower with Radar,4,13,31,0,48,0,6,32,0,38,4,19,63,0,86,36,0,36,122
02/02/2021,CPR,WY,ANM,WE,Combined TRACON& Tower with Radar,5,22,18,0,45,0,0,31,0,31,5,22,49,0,76,48,0,48,124
02/03/2021,CPR,WY,ANM,WE,Combined TRACON& Tower with Radar,5,21,15,0,41,0,0,7,0,7,5,21,22,0,48,20,0,20,68
02/04/2021,CPR,WY,ANM,WE,Combined TRACON& Tower with Radar,4,28,19,2,53,0,4,44,0,48,4,32,63,2,101,84,0,84,185
02/05/2021,CPR,WY,ANM,WE,Combined TRACON& Tower with Radar,8,15,5,0,28,0,3,18,0,21,8,18,23,0,49,64,0,64,113
02/06/2021,CPR,WY,ANM,WE,Combined TRACON& Tower with Radar,5,13,6,2,26,0,0,21,0,21,5,13,27,2,47,76,0,76,123
02/07/2021,CPR,WY,ANM,WE,Combined TRACON& Tower with Radar,2,8,6,0,16,0,0,2,0,2,2,8,8,0,18,0,0,0,18
02/08/2021,CPR,WY,ANM,WE,Combined TRACON& Tower with Radar,4,12,8,0,24,0,1,16,0,17,4,13,24,0,41,38,0,38,79
02/09/2021,CPR,WY,ANM,WE,Combined TRACON& Tower with Radar,5,24,23,5,57,1,1,19,0,21,6,25,42,5,78,20,0,20,98
02/10/2021,CPR,WY,ANM,WE,Combined TRACON& Tower with Radar,3,30,10,0,43,0,0,14,0,14,3,30,24,0,57,38,0,38,95
02/11/2021,CPR,WY,ANM,WE,Combined TRACON& Tower with Radar,7,20,16,0,43,0,0,2,0,2,7,20,18,0,45,0,0,0,45
02/12/2021,CPR,WY,ANM,WE,Combined TRACON& Tower with Radar,3,28,4,0,35,0,0,0,0,0,3,28,4,0,35,0,0,0,35
02/13/2021,CPR,WY,ANM,WE,Combined TRACON& Tower with Radar,1,21,1,0,23,0,0,1,0,1,1,21,2,0,24,0,0,0,24
02/14/2021,CPR,WY,ANM,WE,Combined TRACON& Tower with Radar,0,13,6,3,22,0,0,7,1,8,0,13,13,4,30,0,0,0,30
02/15/2021,CPR,WY,ANM,WE,Combined TRACON& Tower with Radar,0,18,14,0,32,0,0,16,0,16,0,18,30,0,48,14,0,14,62
02/16/2021,CPR,WY,ANM,WE,Combined TRACON& Tower with Radar,0,39,15,0,54,0,5,31,0,36,0,44,46,0,90,20,0,20,110
02/17/2021,CPR,WY,ANM,WE,Combined TRACON& Tower with Radar,0,27,13,6,46,0,0,10,0,10,0,27,23,6,56,36,0,36,92
02/18/2021,CPR,WY,ANM,WE,Combined TRACON& Tower with Radar,0,24,16,0,40,0,3,52,0,55,0,27,68,0,95,78,0,78,173
02/19/2021,CPR,WY,ANM,WE,Combined TRACON& Tower with Radar,2,21,16,0,39,0,0,24,2,26,2,21,40,2,65,42,0,42,107
02/20/2021,CPR,WY,ANM,WE,Combined TRACON& Tower with Radar,2,18,11,0,31,0,0,6,0,6,2,18,17,0,37,44,0,44,81
02/21/2021,CPR,WY,ANM,WE,Combined TRACON& Tower with Radar,0,12,4,0,16,0,0,5,4,9,0,12,9,4,25,0,0,0,25
02/22/2021,CPR,WY,ANM,WE,Combined TRACON& Tower with Radar,2,22,15,0,39,0,2,11,0,13,2,24,26,0,52,0,0,0,52
02/23/2021,CPR,WY,ANM,WE,Combined TRACON& Tower with Radar,4,25,4,0,33,0,0,9,0,9,4,25,13,0,42,2,0,2,44
02/24/2021,CPR,WY,ANM,WE,Combined TRACON& Tower with Radar,4,29,11,0,44,0,0,44,0,44,4,29,55,0,88,74,0,74,162
02/25/2021,CPR,WY,ANM,WE,Combined TRACON& Tower with Radar,2,27,10,0,39,0,5,20,0,25,2,32,30,0,64,16,0,16,80
02/26/2021,CPR,WY,ANM,WE,Combined TRACON& Tower with Radar,3,27,13,0,43,0,2,15,0,17,3,29,28,0,60,2,0,2,62
02/27/2021,CPR,WY,ANM,WE,Combined TRACON& Tower with Radar,2,19,1,0,22,0,2,3,0,5,2,21,4,0,27,14,0,14,41
02/28/2021,CPR,WY,ANM,WE,Combined TRACON& Tower with Radar,2,11,14,0,27,0,1,22,0,23,2,12,36,0,50,6,0,6,56
03/01/2021,CPR,WY,ANM,WE,Combined TRACON& Tower with Radar,0,19,18,0,37,0,0,24,0,24,0,19,42,0,61,14,0,14,75
03/02/2021,CPR,WY,ANM,WE,Combined TRACON& Tower with Radar,4,26,16,2,48,0,2,24,0,26,4,28,40,2,74,18,2,20,94
03/03/2021,CPR,WY,ANM,WE,Combined TRACON& Tower with Radar,5,28,15,2,50,0,5,46,0,51,5,33,61,2,101,51,0,51,152
03/04/2021,CPR,WY,ANM,WE,Combined TRACON& Tower with Radar,6,36,18,0,60,0,3,55,0,58,6,39,73,0,118,25,0,25,143
03/05/2021,CPR,WY,ANM,WE,Combined TRACON& Tower with Radar,6,25,20,0,51,0,3,55,0,58,6,28,75,0,109,84,0,84,193
03/06/2021,CPR,WY,ANM,WE,Combined TRACON& Tower with Radar,4,13,11,0,28,0,0,5,0,5,4,13,16,0,33,0,0,0,33
03/07/2021,CPR,WY,ANM,WE,Combined TRACON& Tower with Radar,2,16,11,0,29,0,2,29,0,31,2,18,40,0,60,8,0,8,68
03/08/2021,CPR,WY,ANM,WE,Combined TRACON& Tower with Radar,3,19,10,0,32,0,2,34,0,36,3,21,44,0,68,22,0,22,90
03/09/2021,CPR,WY,ANM,WE,Combined TRACON& Tower with Radar,6,22,11,0,39,0,0,45,2,47,6,22,56,2,86,70,0,70,156
03/10/2021,CPR,WY,ANM,WE,Combined TRACON& Tower with Radar,6,26,5,0,37,0,0,0,0,0,6,26,5,0,37,0,0,0,37
03/11/2021,CPR,WY,ANM,WE,Combined TRACON& Tower with Radar,6,25,5,2,38,0,0,36,0,36,6,25,41,2,74,108,2,110,184
03/12/2021,CPR,WY,ANM,WE,Combined TRACON& Tower with Radar,6,20,17,0,43,0,1,21,0,22,6,21,38,0,65,16,0,16,81
03/13/2021,CPR,WY,ANM,WE,Combined TRACON& Tower with Radar,3,13,5,0,21,0,0,0,0,0,3,13,5,0,21,0,0,0,21
03/14/2021,CPR,WY,ANM,WE,Combined TRACON& Tower with Radar,0,1,0,0,1,0,0,0,0,0,0,1,0,0,1,0,0,0,1
03/15/2021,CPR,WY,ANM,WE,Combined TRACON& Tower with Radar,1,11,9,0,21,0,2,4,0,6,1,13,13,0,27,0,0,0,27
03/16/2021,CPR,WY,ANM,WE,Combined TRACON& Tower with Radar,5,26,3,0,34,0,0,0,0,0,5,26,3,0,34,0,0,0,34
03/17/2021,CPR,WY,ANM,WE,Combined TRACON& Tower with Radar,6,24,13,0,43,0,0,24,0,24,6,24,37,0,67,34,0,34,101
03/18/2021,CPR,WY,ANM,WE,Combined TRACON& Tower with Radar,6,27,11,0,44,0,2,36,0,38,6,29,47,0,82,32,0,32,114
03/19/2021,CPR,WY,ANM,WE,Combined TRACON& Tower with Radar,5,27,14,0,46,0,6,37,0,43,5,33,51,0,89,60,0,60,149
03/20/2021,CPR,WY,ANM,WE,Combined TRACON& Tower with Radar,4,17,1,0,22,0,0,24,0,24,4,17,25,0,46,28,0,28,74
03/21/2021,CPR,WY,ANM,WE,Combined TRACON& Tower with Radar,2,13,9,0,24,0,0,15,0,15,2,13,24,0,39,22,0,22,61
03/22/2021,CPR,WY,ANM,WE,Combined TRACON& Tower with Radar,4,19,15,2,40,0,0,37,1,38,4,19,52,3,78,34,0,34,112
03/23/2021,CPR,WY,ANM,WE,Combined TRACON& Tower with Radar,6,29,2,0,37,0,0,6,0,6,6,29,8,0,43,18,0,18,61
03/24/2021,CPR,WY,ANM,WE,Combined TRACON& Tower with Radar,6,21,21,0,48,0,1,37,1,39,6,22,58,1,87,58,0,58,145
03/25/2021,CPR,WY,ANM,WE,Combined TRACON& Tower with Radar,6,24,23,1,54,0,0,37,0,37,6,24,60,1,91,58,0,58,149
03/26/2021,CPR,WY,ANM,WE,Combined TRACON& Tower with Radar,8,28,11,1,48,0,0,5,0,5,8,28,16,1,53,6,0,6,59
03/27/2021,CPR,WY,ANM,WE,Combined TRACON& Tower with Radar,4,19,28,0,51,0,3,47,0,50,4,22,75,0,101,94,0,94,195
03/28/2021,CPR,WY,ANM,WE,Combined TRACON& Tower with Radar,1,13,14,0,28,0,0,16,0,16,1,13,30,0,44,26,0,26,70
03/29/2021,CPR,WY,ANM,WE,Combined TRACON& Tower with Radar,2,21,8,2,33,0,0,3,0,3,2,21,11,2,36,0,0,0,36
03/30/2021,CPR,WY,ANM,WE,Combined TRACON& Tower with Radar,4,27,15,1,47,0,0,48,1,49,4,27,63,2,96,36,0,36,132
03/31/2021,CPR,WY,ANM,WE,Combined TRACON& Tower with Radar,4,31,18,0,53,0,1,39,0,40,4,32,57,0,93,46,0,46,139
04/01/2021,CPR,WY,ANM,WE,Combined TRACON& Tower with Radar,5,24,16,0,45,0,0,20,0,20,5,24,36,0,65,36,0,36,101
04/02/2021,CPR,WY,ANM,WE,Combined TRACON& Tower with Radar,6,23,23,0,52,0,2,40,0,42,6,25,63,0,94,22,0,22,116
04/03/2021,CPR,WY,ANM,WE,Combined TRACON& Tower with Radar,4,16,9,0,29,0,4,39,0,43,4,20,48,0,72,16,0,16,88
04/04/2021,CPR,WY,ANM,WE,Combined TRACON& Tower with Radar,2,14,6,0,22,0,2,25,0,27,2,16,31,0,49,10,0,10,59
04/05/2021,CPR,WY,ANM,WE,Combined TRACON& Tower with Radar,4,19,12,0,35,0,3,32,0,35,4,22,44,0,70,60,0,60,130
04/06/2021,CPR,WY,ANM,WE,Combined TRACON& Tower with Radar,6,26,10,0,42,0,0,1,0,1,6,26,11,0,43,0,0,0,43
04/07/2021,CPR,WY,ANM,WE,Combined TRACON& Tower with Radar,6,28,25,3,62,0,2,30,5,37,6,30,55,8,99,62,8,70,169
04/08/2021,CPR,WY,ANM,WE,Combined TRACON& Tower with Radar,6,35,20,0,61,0,5,40,1,46,6,40,60,1,107,28,8,36,143
04/09/2021,CPR,WY,ANM,WE,Combined TRACON& Tower with Radar,6,28,12,0,46,0,0,14,0,14,6,28,26,0,60,0,0,0,60
04/10/2021,CPR,WY,ANM,WE,Combined TRACON& Tower with Radar,4,19,4,0,27,0,4,26,0,30,4,23,30,0,57,36,0,36,93
04/11/2021,CPR,WY,ANM,WE,Combined TRACON& Tower with Radar,2,15,9,0,26,0,0,10,0,10,2,15,19,0,36,20,0,20,56
04/12/2021,CPR,WY,ANM,WE,Combined TRACON& Tower with Radar,4,14,7,0,25,0,1,16,0,17,4,15,23,0,42,20,0,20,62
04/13/2021,CPR,WY,ANM,WE,Combined TRACON& Tower with Radar,5,30,24,2,61,0,0,24,2,26,5,30,48,4,87,56,14,70,157
04/14/2021,CPR,WY,ANM,WE,Combined TRACON& Tower with Radar,6,27,21,0,54,0,3,8,0,11,6,30,29,0,65,22,0,22,87
04/15/2021,CPR,WY,ANM,WE,Combined TRACON& Tower with Radar,5,28,12,0,45,0,0,0,0,0,5,28,12,0,45,0,0,0,45
04/16/2021,CPR,WY,ANM,WE,Combined TRACON& Tower with Radar,6,27,6,0,39,0,0,0,0,0,6,27,6,0,39,0,0,0,39
04/17/2021,CPR,WY,ANM,WE,Combined TRACON& Tower with Radar,4,19,14,0,37,0,0,51,0,51,4,19,65,0,88,76,0,76,164
04/18/2021,CPR,WY,ANM,WE,Combined TRACON& Tower with Radar,4,14,7,0,25,0,0,36,0,36,4,14,43,0,61,76,0,76,137
04/19/2021,CPR,WY,ANM,WE,Combined TRACON& Tower with Radar,3,16,5,0,24,0,0,0,0,0,3,16,5,0,24,0,0,0,24
04/20/2021,CPR,WY,ANM,WE,Combined TRACON& Tower with Radar,5,30,9,0,44,0,0,18,0,18,5,30,27,0,62,2,0,2,64
04/21/2021,CPR,WY,ANM,WE,Combined TRACON& Tower with Radar,5,30,12,0,47,0,1,58,1,60,5,31,70,1,107,34,0,34,141
04/22/2021,CPR,WY,ANM,WE,Combined TRACON& Tower with Radar,6,34,17,2,59,0,7,37,2,46,6,41,54,4,105,16,8,24,129
04/23/2021,CPR,WY,ANM,WE,Combined TRACON& Tower with Radar,6,22,7,0,35,0,0,4,1,5,6,22,11,1,40,10,0,10,50
04/24/2021,CPR,WY,ANM,WE,Combined TRACON& Tower with Radar,4,19,0,2,25,0,0,29,0,29,4,19,29,2,54,6,0,6,60
04/25/2021,CPR,WY,ANM,WE,Combined TRACON& Tower with Radar,2,10,5,0,17,0,2,10,0,12,2,12,15,0,29,6,0,6,35
04/26/2021,CPR,WY,ANM,WE,Combined TRACON& Tower with Radar,4,17,5,0,26,0,1,17,0,18,4,18,22,0,44,10,0,10,54
04/27/2021,CPR,WY,ANM,WE,Combined TRACON& Tower with Radar,6,25,9,0,40,0,0,0,0,0,6,25,9,0,40,0,0,0,40
04/28/2021,CPR,WY,ANM,WE,Combined TRACON& Tower with Radar,6,26,14,0,46,0,0,54,0,54,6,26,68,0,100,4,0,4,104
04/29/2021,CPR,WY,ANM,WE,Combined TRACON& Tower with Radar,6,23,24,0,53,0,2,67,0,69,6,25,91,0,122,108,0,108,230
04/30/2021,CPR,WY,ANM,WE,Combined TRACON& Tower with Radar,6,22,16,0,44,0,4,43,0,47,6,26,59,0,91,28,0,28,119
05/01/2021,CPR,WY,ANM,WE,Combined TRACON& Tower with Radar,6,20,9,0,35,0,0,40,0,40,6,20,49,0,75,10,0,10,85
05/02/2021,CPR,WY,ANM,WE,Combined TRACON& Tower with Radar,4,13,15,0,32,0,0,9,2,11,4,13,24,2,43,18,0,18,61
05/03/2021,CPR,WY,ANM,WE,Combined TRACON& Tower with Radar,4,16,18,0,38,0,2,26,0,28,4,18,44,0,66,62,0,62,128
05/04/2021,CPR,WY,ANM,WE,Combined TRACON& Tower with Radar,8,24,8,0,40,0,0,23,0,23,8,24,31,0,63,46,0,46,109
05/05/2021,CPR,WY,ANM,WE,Combined TRACON& Tower with Radar,6,26,22,0,54,0,1,33,0,34,6,27,55,0,88,6,0,6,94
05/06/2021,CPR,WY,ANM,WE,Combined TRACON& Tower with Radar,5,26,28,2,61,0,1,70,1,72,5,27,98,3,133,80,0,80,213
05/07/2021,CPR,WY,ANM,WE,Combined TRACON& Tower with Radar,5,28,11,0,44,0,6,29,0,35,5,34,40,0,79,42,0,42,121
05/08/2021,CPR,WY,ANM,WE,Combined TRACON& Tower with Radar,3,22,5,0,30,0,0,15,0,15,3,22,20,0,45,36,0,36,81
05/09/2021,CPR,WY,ANM,WE,Combined TRACON& Tower with Radar,1,11,10,0,22,0,0,16,0,16,1,11,26,0,38,8,0,8,46
05/10/2021,CPR,WY,ANM,WE,Combined TRACON& Tower with Radar,4,13,11,0,28,0,0,7,0,7,4,13,18,0,35,68,0,68,103
05/11/2021,CPR,WY,ANM,WE,Combined TRACON& Tower with Radar,6,27,18,0,51,0,1,16,0,17,6,28,34,0,68,0,0,0,68
05/12/2021,CPR,WY,ANM,WE,Combined TRACON& Tower with Radar,6,27,24,0,57,0,0,43,1,44,6,27,67,1,101,69,0,69,170
05/13/2021,CPR,WY,ANM,WE,Combined TRACON& Tower with Radar,6,22,20,0,48,0,1,42,0,43,6,23,62,0,91,36,0,36,127
05/14/2021,CPR,WY,ANM,WE,Combined TRACON& Tower with Radar,6,28,11,2,47,0,1,28,0,29,6,29,39,2,76,52,0,52,128
05/15/2021,CPR,WY,ANM,WE,Combined TRACON& Tower with Radar,3,17,11,0,31,0,1,12,4,17,3,18,23,4,48,30,0,30,78
05/16/2021,CPR,WY,ANM,WE,Combined TRACON& Tower with Radar,1,14,7,2,24,0,1,28,0,29,1,15,35,2,53,56,0,56,109
05/17/2021,CPR,WY,ANM,WE,Combined TRACON& Tower with Radar,4,17,13,3,37,0,5,30,3,38,4,22,43,6,75,12,8,20,95
05/18/2021,CPR,WY,ANM,WE,Combined TRACON& Tower with Radar,6,28,16,3,53,0,1,40,6,47,6,29,56,9,100,20,4,24,124
05/19/2021,CPR,WY,ANM,WE,Combined TRACON& Tower with Radar,6,28,16,0,50,0,1,37,0,38,6,29,53,0,88,28,0,28,116
05/20/2021,CPR,WY,ANM,WE,Combined TRACON& Tower with Radar,10,36,23,2,71,0,2,21,0,23,10,38,44,2,94,36,0,36,130
05/21/2021,CPR,WY,ANM,WE,Combined TRACON& Tower with Radar,6,24,20,0,50,0,0,0,0,0,6,24,20,0,50,0,0,0,50
05/22/2021,CPR,WY,ANM,WE,Combined TRACON& Tower with Radar,3,18,11,0,32,0,1,14,0,15,3,19,25,0,47,6,0,6,53
05/23/2021,CPR,WY,ANM,WE,Combined TRACON& Tower with Radar,1,13,8,0,22,0,0,3,0,3,1,13,11,0,25,0,0,0,25
05/24/2021,CPR,WY,ANM,WE,Combined TRACON& Tower with Radar,3,22,11,0,36,0,5,17,0,22,3,27,28,0,58,0,0,0,58
05/25/2021,CPR,WY,ANM,WE,Combined TRACON& Tower with Radar,6,30,21,0,57,0,2,46,0,48,6,32,67,0,105,66,0,66,171
05/26/2021,CPR,WY,ANM,WE,Combined TRACON& Tower with Radar,5,22,18,0,45,0,0,40,0,40,5,22,58,0,85,36,10,46,131
05/27/2021,CPR,WY,ANM,WE,Combined TRACON& Tower with Radar,6,34,10,3,53,0,1,49,4,54,6,35,59,7,107,48,44,92,199
05/28/2021,CPR,WY,ANM,WE,Combined TRACON& Tower with Radar,9,24,21,2,56,1,2,26,1,30,10,26,47,3,86,10,2,12,98
05/29/2021,CPR,WY,ANM,WE,Combined TRACON& Tower with Radar,4,15,15,0,34,0,4,23,0,27,4,19,38,0,61,18,0,18,79
05/30/2021,CPR,WY,ANM,WE,Combined TRACON& Tower with Radar,1,8,6,0,15,0,6,6,0,12,1,14,12,0,27,0,0,0,27
05/31/2021,CPR,WY,ANM,WE,Combined TRACON& Tower with Radar,2,10,9,0,21,0,2,33,0,35,2,12,42,0,56,6,0,6,62
06/01/2021,CPR,WY,ANM,WE,Combined TRACON& Tower with Radar,4,19,26,2,51,0,1,28,0,29,4,20,54,2,80,28,0,28,108
06/02/2021,CPR,WY,ANM,WE,Combined TRACON& Tower with Radar,6,28,25,0,59,0,3,32,0,35,6,31,57,0,94,22,0,22,116
06/03/2021,CPR,WY,ANM,WE,Combined TRACON& Tower with Radar,5,31,16,0,52,0,7,43,0,50,5,38,59,0,102,8,0,8,110
06/04/2021,CPR,WY,ANM,WE,Combined TRACON& Tower with Radar,5,27,12,0,44,0,0,38,0,38,5,27,50,0,82,10,0,10,92
06/05/2021,CPR,WY,ANM,WE,Combined TRACON& Tower with Radar,3,16,4,4,27,0,3,37,0,40,3,19,41,4,67,24,0,24,91
06/06/2021,CPR,WY,ANM,WE,Combined TRACON& Tower with Radar,1,11,9,0,21,0,3,35,0,38,1,14,44,0,59,32,0,32,91
06/07/2021,CPR,WY,ANM,WE,Combined TRACON& Tower with Radar,4,17,19,2,42,0,3,41,0,44,4,20,60,2,86,6,0,6,92
06/08/2021,CPR,WY,ANM,WE,Combined TRACON& Tower with Radar,5,23,14,0,42,0,3,38,0,41,5,26,52,0,83,18,0,18,101
06/09/2021,CPR,WY,ANM,WE,Combined TRACON& Tower with Radar,5,29,17,0,51,0,1,54,2,57,5,30,71,2,108,10,0,10,118
06/10/2021,CPR,WY,ANM,WE,Combined TRACON& Tower with Radar,5,29,12,1,47,0,5,28,14,47,5,34,40,15,94,2,34,36,130
06/11/2021,CPR,WY,ANM,WE,Combined TRACON& Tower with Radar,5,28,12,0,45,0,6,37,4,47,5,34,49,4,92,2,0,2,94
06/12/2021,CPR,WY,ANM,WE,Combined TRACON& Tower with Radar,4,14,6,0,24,0,4,53,5,62,4,18,59,5,86,44,0,44,130
06/13/2021,CPR,WY,ANM,WE,Combined TRACON& Tower with Radar,1,18,18,0,37,0,3,25,0,28,1,21,43,0,65,36,0,36,101
06/14/2021,CPR,WY,ANM,WE,Combined TRACON& Tower with Radar,3,25,10,1,39,0,4,37,1,42,3,29,47,2,81,14,0,14,95
06/15/2021,CPR,WY,ANM,WE,Combined TRACON& Tower with Radar,7,20,8,0,35,0,5,48,2,55,7,25,56,2,90,50,0,50,140
06/16/2021,CPR,WY,ANM,WE,Combined TRACON& Tower with Radar,5,22,23,3,53,0,7,32,0,39,5,29,55,3,92,2,0,2,94
06/17/2021,CPR,WY,ANM,WE,Combined TRACON& Tower with Radar,5,36,24,0,65,0,2,54,3,59,5,38,78,3,124,54,0,54,178
06/18/2021,CPR,WY,ANM,WE,Combined TRACON& Tower with Radar,8,23,17,0,48,0,3,56,0,59,8,26,73,0,107,62,0,62,169
06/19/2021,CPR,WY,ANM,WE,Combined TRACON& Tower with Radar,3,15,10,0,28,0,5,88,2,95,3,20,98,2,123,0,0,0,123
06/20/2021,CPR,WY,ANM,WE,Combined TRACON& Tower with Radar,1,12,14,0,27,0,7,20,4,31,1,19,34,4,58,18,0,18,76
06/21/2021,CPR,WY,ANM,WE,Combined TRACON& Tower with Radar,3,16,17,0,36,0,3,25,0,28,3,19,42,0,64,38,0,38,102
06/22/2021,CPR,WY,ANM,WE,Combined TRACON& Tower with Radar,5,24,5,1,35,0,6,50,6,62,5,30,55,7,97,92,24,116,213
06/23/2021,CPR,WY,ANM,WE,Combined TRACON& Tower with Radar,5,28,18,1,52,0,12,40,19,71,5,40,58,20,123,76,14,90,213
06/24/2021,CPR,WY,ANM,WE,Combined TRACON& Tower with Radar,4,31,10,1,46,0,3,29,0,32,4,34,39,1,78,10,8,18,96
06/25/2021,CPR,WY,ANM,WE,Combined TRACON& Tower with Radar,7,27,9,1,44,0,3,9,0,12,7,30,18,1,56,0,0,0,56
06/26/2021,CPR,WY,ANM,WE,Combined TRACON& Tower with Radar,3,22,12,0,37,0,3,36,0,39,3,25,48,0,76,44,0,44,120
06/27/2021,CPR,WY,ANM,WE,Combined TRACON& Tower with Radar,1,17,11,1,30,0,3,21,2,26,1,20,32,3,56,2,2,4,60
06/28/2021,CPR,WY,ANM,WE,Combined TRACON& Tower with Radar,3,14,22,1,40,0,5,42,0,47,3,19,64,1,87,44,0,44,131
06/29/2021,CPR,WY,ANM,WE,Combined TRACON& Tower with Radar,5,22,27,3,57,0,6,53,1,60,5,28,80,4,117,43,0,43,160
06/30/2021,CPR,WY,ANM,WE,Combined TRACON& Tower with Radar,5,24,13,0,42,0,2,51,0,53,5,26,64,0,95,36,0,36,131
07/01/2021,CPR,WY,ANM,WE,Combined TRACON& Tower with Radar,4,41,10,4,59,0,4,35,2,41,4,45,45,6,100,0,28,28,128
07/02/2021,CPR,WY,ANM,WE,Combined TRACON& Tower with Radar,5,26,27,0,58,0,8,45,0,53,5,34,72,0,111,6,0,6,117
07/03/2021,CPR,WY,ANM,WE,Combined TRACON& Tower with Radar,3,16,3,0,22,0,16,52,2,70,3,32,55,2,92,52,0,52,144
07/04/2021,CPR,WY,ANM,WE,Combined TRACON& Tower with Radar,1,16,6,0,23,0,2,38,0,40,1,18,44,0,63,26,0,26,89
07/05/2021,CPR,WY,ANM,WE,Combined TRACON& Tower with Radar,1,16,12,0,29,0,6,49,0,55,1,22,61,0,84,8,0,8,92
07/06/2021,CPR,WY,ANM,WE,Combined TRACON& Tower with Radar,4,22,16,3,45,0,1,33,1,35,4,23,49,4,80,10,10,20,100
07/07/2021,CPR,WY,ANM,WE,Combined TRACON& Tower with Radar,6,28,14,2,50,0,16,52,1,69,6,44,66,3,119,40,12,52,171
07/08/2021,CPR,WY,ANM,WE,Combined TRACON& Tower with Radar,6,27,19,1,53,0,11,39,0,50,6,38,58,1,103,2,0,2,105
07/09/2021,CPR,WY,ANM,WE,Combined TRACON& Tower with Radar,5,31,9,1,46,0,10,58,0,68,5,41,67,1,114,54,0,54,168
07/10/2021,CPR,WY,ANM,WE,Combined TRACON& Tower with Radar,3,21,12,0,36,0,1,49,0,50,3,22,61,0,86,40,0,40,126
07/11/2021,CPR,WY,ANM,WE,Combined TRACON& Tower with Radar,2,16,15,0,33,0,2,44,0,46,2,18,59,0,79,4,0,4,83
07/12/2021,CPR,WY,ANM,WE,Combined TRACON& Tower with Radar,3,24,15,0,42,0,9,36,0,45,3,33,51,0,87,12,0,12,99
07/13/2021,CPR,WY,ANM,WE,Combined TRACON& Tower with Radar,6,31,14,0,51,0,9,43,0,52,6,40,57,0,103,0,0,0,103
07/14/2021,CPR,WY,ANM,WE,Combined TRACON& Tower with Radar,7,27,25,0,59,0,7,28,0,35,7,34,53,0,94,0,0,0,94
07/15/2021,CPR,WY,ANM,WE,Combined TRACON& Tower with Radar,6,28,13,0,47,0,15,59,0,74,6,43,72,0,121,64,0,64,185
07/16/2021,CPR,WY,ANM,WE,Combined TRACON& Tower with Radar,6,31,9,0,46,0,1,27,0,28,6,32,36,0,74,24,0,24,98
07/17/2021,CPR,WY,ANM,WE,Combined TRACON& Tower with Radar,3,23,15,11,52,0,6,52,5,63,3,29,67,16,115,29,0,29,144
07/18/2021,CPR,WY,ANM,WE,Combined TRACON& Tower with Radar,2,19,14,0,35,0,2,61,0,63,2,21,75,0,98,0,0,0,98
07/19/2021,CPR,WY,ANM,WE,Combined TRACON& Tower with Radar,4,19,19,0,42,1,15,61,2,79,5,34,80,2,121,42,0,42,163
07/20/2021,CPR,WY,ANM,WE,Combined TRACON& Tower with Radar,6,27,12,0,45,0,4,30,0,34,6,31,42,0,79,60,0,60,139
07/21/2021,CPR,WY,ANM,WE,Combined TRACON& Tower with Radar,5,29,20,0,54,0,1,69,0,70,5,30,89,0,124,50,0,50,174
07/22/2021,CPR,WY,ANM,WE,Combined TRACON& Tower with Radar,9,27,13,2,51,0,7,51,0,58,9,34,64,2,109,30,14,44,153
07/23/2021,CPR,WY,ANM,WE,Combined TRACON& Tower with Radar,3,34,22,0,59,0,15,70,3,88,3,49,92,3,147,48,0,48,195
07/24/2021,CPR,WY,ANM,WE,Combined TRACON& Tower with Radar,4,20,9,0,33,0,0,55,3,58,4,20,64,3,91,30,0,30,121
07/25/2021,CPR,WY,ANM,WE,Combined TRACON& Tower with Radar,2,23,8,0,33,0,5,36,2,43,2,28,44,2,76,6,0,6,82
07/26/2021,CPR,WY,ANM,WE,Combined TRACON& Tower with Radar,4,21,17,2,44,0,2,43,0,45,4,23,60,2,89,32,0,32,121
07/27/2021,CPR,WY,ANM,WE,Combined TRACON& Tower with Radar,6,33,13,0,52,0,10,40,0,50,6,43,53,0,102,66,0,66,168
07/28/2021,CPR,WY,ANM,WE,Combined TRACON& Tower with Radar,5,31,20,0,56,0,29,41,0,70,5,60,61,0,126,20,0,20,146
07/29/2021,CPR,WY,ANM,WE,Combined TRACON& Tower with Radar,6,28,16,0,50,0,3,27,0,30,6,31,43,0,80,0,0,0,80
07/30/2021,CPR,WY,ANM,WE,Combined TRACON& Tower with Radar,6,27,11,0,44,0,1,40,0,41,6,28,51,0,85,54,0,54,139
07/31/2021,CPR,WY,ANM,WE,Combined TRACON& Tower with Radar,3,25,14,0,42,0,8,29,0,37,3,33,43,0,79,16,0,16,95
08/01/2021,CPR,WY,ANM,WE,Combined TRACON& Tower with Radar,1,22,9,0,32,0,5,39,0,44,1,27,48,0,76,2,0,2,78
08/02/2021,CPR,WY,ANM,WE,Combined TRACON& Tower with Radar,3,22,21,0,46,0,1,51,2,54,3,23,72,2,100,52,0,52,152
08/03/2021,CPR,WY,ANM,WE,Combined TRACON& Tower with Radar,5,25,19,0,49,0,3,39,0,42,5,28,58,0,91,48,0,48,139
08/04/2021,CPR,WY,ANM,WE,Combined TRACON& Tower with Radar,5,28,20,0,53,0,15,53,0,68,5,43,73,0,121,24,0,24,145
08/05/2021,CPR,WY,ANM,WE,Combined TRACON& Tower with Radar,7,34,18,0,59,0,10,39,0,49,7,44,57,0,108,14,0,14,122
08/06/2021,CPR,WY,ANM,WE,Combined TRACON& Tower with Radar,5,28,8,6,47,0,1,36,0,37,5,29,44,6,84,22,0,22,106
08/07/2021,CPR,WY,ANM,WE,Combined TRACON& Tower with Radar,4,22,15,0,41,0,2,28,1,31,4,24,43,1,72,44,0,44,116
08/08/2021,CPR,WY,ANM,WE,Combined TRACON& Tower with Radar,2,25,13,0,40,0,13,43,1,57,2,38,56,1,97,4,0,4,101
08/09/2021,CPR,WY,ANM,WE,Combined TRACON& Tower with Radar,3,27,19,0,49,0,5,46,0,51,3,32,65,0,100,30,0,30,130
08/10/2021,CPR,WY,ANM,WE,Combined TRACON& Tower with Radar,4,27,23,2,56,0,7,44,0,51,4,34,67,2,107,44,0,44,151
08/11/2021,CPR,WY,ANM,WE,Combined TRACON& Tower with Radar,5,30,14,0,49,0,5,51,0,56,5,35,65,0,105,40,0,40,145
08/12/2021,CPR,WY,ANM,WE,Combined TRACON& Tower with Radar,4,34,23,1,62,0,3,57,0,60,4,37,80,1,122,32,0,32,154
08/13/2021,CPR,WY,ANM,WE,Combined TRACON& Tower with Radar,5,34,13,2,54,0,5,58,0,63,5,39,71,2,117,60,0,60,177
08/14/2021,CPR,WY,ANM,WE,Combined TRACON& Tower with Radar,3,18,14,0,35,0,12,65,0,77,3,30,79,0,112,32,0,32,144
08/15/2021,CPR,WY,ANM,WE,Combined TRACON& Tower with Radar,1,15,10,0,26,0,6,41,1,48,1,21,51,1,74,26,0,26,100
08/16/2021,CPR,WY,ANM,WE,Combined TRACON& Tower with Radar,3,19,13,5,40,0,8,48,0,56,3,27,61,5,96,68,0,68,164
08/17/2021,CPR,WY,ANM,WE,Combined TRACON& Tower with Radar,5,29,18,1,53,0,7,43,1,51,5,36,61,2,104,66,0,66,170
08/18/2021,CPR,WY,ANM,WE,Combined TRACON& Tower with Radar,5,31,24,2,62,0,5,22,0,27,5,36,46,2,89,20,0,20,109
08/19/2021,CPR,WY,ANM,WE,Combined TRACON& Tower with Radar,7,31,19,0,57,0,0,5,0,5,7,31,24,0,62,0,0,0,62
08/20/2021,CPR,WY,ANM,WE,Combined TRACON& Tower with Radar,5,26,17,4,52,0,8,12,0,20,5,34,29,4,72,0,0,0,72
08/21/2021,CPR,WY,ANM,WE,Combined TRACON& Tower with Radar,3,22,11,0,36,0,5,67,0,72,3,27,78,0,108,12,0,12,120
08/22/2021,CPR,WY,ANM,WE,Combined TRACON& Tower with Radar,1,19,6,0,26,0,4,10,0,14,1,23,16,0,40,0,0,0,40
08/23/2021,CPR,WY,ANM,WE,Combined TRACON& Tower with Radar,3,19,28,0,50,0,3,39,0,42,3,22,67,0,92,48,0,48,140
08/24/2021,CPR,WY,ANM,WE,Combined TRACON& Tower with Radar,5,30,29,1,65,0,1,58,1,60,5,31,87,2,125,24,0,24,149
08/25/2021,CPR,WY,ANM,WE,Combined TRACON& Tower with Radar,3,32,21,0,56,0,0,50,0,50,3,32,71,0,106,66,0,66,172
08/26/2021,CPR,WY,ANM,WE,Combined TRACON& Tower with Radar,5,31,14,0,50,0,1,37,0,38,5,32,51,0,88,44,0,44,132
08/27/2021,CPR,WY,ANM,WE,Combined TRACON& Tower with Radar,4,32,19,0,55,0,4,47,1,52,4,36,66,1,107,34,0,34,141
08/28/2021,CPR,WY,ANM,WE,Combined TRACON& Tower with Radar,3,20,5,0,28,0,1,45,0,46,3,21,50,0,74,68,0,68,142
08/29/2021,CPR,WY,ANM,WE,Combined TRACON& Tower with Radar,1,16,10,0,27,0,3,38,0,41,1,19,48,0,68,6,0,6,74
08/30/2021,CPR,WY,ANM,WE,Combined TRACON& Tower with Radar,3,22,16,0,41,0,4,36,0,40,3,26,52,0,81,64,14,78,159
08/31/2021,CPR,WY,ANM,WE,Combined TRACON& Tower with Radar,5,28,29,0,62,0,3,30,3,36,5,31,59,3,98,24,12,36,134
09/01/2021,CPR,WY,ANM,WE,Combined TRACON& Tower with Radar,4,29,17,0,50,0,2,24,0,26,4,31,41,0,76,4,0,4,80
09/02/2021,CPR,WY,ANM,WE,Combined TRACON& Tower with Radar,4,31,37,0,72,0,2,39,0,41,4,33,76,0,113,56,0,56,169
09/03/2021,CPR,WY,ANM,WE,Combined TRACON& Tower with Radar,4,32,2,4,42,0,5,18,0,23,4,37,20,4,65,16,0,16,81
09/04/2021,CPR,WY,ANM,WE,Combined TRACON& Tower with Radar,3,20,10,0,33,0,1,42,0,43,3,21,52,0,76,30,0,30,106
09/05/2021,CPR,WY,ANM,WE,Combined TRACON& Tower with Radar,1,15,1,0,17,0,3,7,0,10,1,18,8,0,27,0,0,0,27
09/06/2021,CPR,WY,ANM,WE,Combined TRACON& Tower with Radar,1,18,3,0,22,0,1,13,0,14,1,19,16,0,36,4,0,4,40
09/07/2021,CPR,WY,ANM,WE,Combined TRACON& Tower with Radar,3,25,19,0,47,0,1,38,0,39,3,26,57,0,86,88,0,88,174
09/08/2021,CPR,WY,ANM,WE,Combined TRACON& Tower with Radar,7,36,29,0,72,0,2,35,2,39,7,38,64,2,111,26,0,26,137
09/09/2021,CPR,WY,ANM,WE,Combined TRACON& Tower with Radar,8,26,24,0,58,0,2,35,0,37,8,28,59,0,95,14,0,14,109
09/10/2021,CPR,WY,ANM,WE,Combined TRACON& Tower with Radar,7,23,15,0,45,0,2,44,0,46,7,25,59,0,91,34,0,34,125
09/11/2021,CPR,WY,ANM,WE,Combined TRACON& Tower with Radar,5,16,15,11,47,0,5,30,2,37,5,21,45,13,84,36,0,36,120
09/12/2021,CPR,WY,ANM,WE,Combined TRACON& Tower with Radar,4,15,3,0,22,0,29,38,0,67,4,44,41,0,89,0,0,0,89
09/13/2021,CPR,WY,ANM,WE,Combined TRACON& Tower with Radar,6,27,24,12,69,0,13,28,1,42,6,40,52,13,111,38,2,40,151
09/14/2021,CPR,WY,ANM,WE,Combined TRACON& Tower with Radar,8,27,27,0,62,0,4,39,0,43,8,31,66,0,105,60,0,60,165
09/15/2021,CPR,WY,ANM,WE,Combined TRACON& Tower with Radar,8,22,25,0,55,0,5,23,4,32,8,27,48,4,87,6,0,6,93
09/16/2021,CPR,WY,ANM,WE,Combined TRACON& Tower with Radar,8,24,21,0,53,0,9,35,0,44,8,33,56,0,97,32,0,32,129
09/17/2021,CPR,WY,ANM,WE,Combined TRACON& Tower with Radar,6,24,14,0,44,0,11,37,0,48,6,35,51,0,92,48,0,48,140
09/18/2021,CPR,WY,ANM,WE,Combined TRACON& Tower with Radar,5,21,8,0,34,0,5,20,0,25,5,26,28,0,59,36,4,40,99
09/19/2021,CPR,WY,ANM,WE,Combined TRACON& Tower with Radar,3,9,6,0,18,0,0,8,0,8,3,9,14,0,26,0,0,0,26
09/20/2021,CPR,WY,ANM,WE,Combined TRACON& Tower with Radar,6,15,16,0,37,0,0,14,0,14,6,15,30,0,51,0,0,0,51
09/21/2021,CPR,WY,ANM,WE,Combined TRACON& Tower with Radar,8,21,14,0,43,0,0,41,0,41,8,21,55,0,84,74,0,74,158
09/22/2021,CPR,WY,ANM,WE,Combined TRACON& Tower with Radar,8,28,13,8,57,0,7,37,6,50,8,35,50,14,107,42,18,60,167
09/23/2021,CPR,WY,ANM,WE,Combined TRACON& Tower with Radar,8,29,19,8,64,0,1,53,6,60,8,30,72,14,124,94,12,106,230
09/24/2021,CPR,WY,ANM,WE,Combined TRACON& Tower with Radar,7,22,22,0,51,0,1,40,0,41,7,23,62,0,92,48,0,48,140
09/25/2021,CPR,WY,ANM,WE,Combined TRACON& Tower with Radar,5,21,10,0,36,0,3,50,0,53,5,24,60,0,89,32,0,32,121
09/26/2021,CPR,WY,ANM,WE,Combined TRACON& Tower with Radar,3,14,10,0,27,0,0,28,0,28,3,14,38,0,55,34,0,34,89
09/27/2021,CPR,WY,ANM,WE,Combined TRACON& Tower with Radar,6,14,19,0,39,0,22,38,0,60,6,36,57,0,99,54,0,54,153
09/28/2021,CPR,WY,ANM,WE,Combined TRACON& Tower with Radar,8,27,23,0,58,0,8,38,2,48,8,35,61,2,106,38,0,38,144
09/29/2021,CPR,WY,ANM,WE,Combined TRACON& Tower with Radar,8,20,8,0,36,0,1,3,0,4,8,21,11,0,40,0,0,0,40
09/30/2021,CPR,WY,ANM,WE,Combined TRACON& Tower with Radar,8,24,30,2,64,0,3,31,0,34,8,27,61,2,98,36,0,36,134
10/01/2021,CPR,WY,ANM,WE,Combined TRACON& Tower with Radar,8,21,16,0,45,0,2,45,0,47,8,23,61,0,92,44,0,44,136
10/02/2021,CPR,WY,ANM,WE,Combined TRACON& Tower with Radar,5,14,16,0,35,0,0,38,0,38,5,14,54,0,73,46,0,46,119
10/03/2021,CPR,WY,ANM,WE,Combined TRACON& Tower with Radar,3,13,6,0,22,0,2,31,0,33,3,15,37,0,55,6,0,6,61
10/04/2021,CPR,WY,ANM,WE,Combined TRACON& Tower with Radar,6,17,23,4,50,0,8,54,0,62,6,25,77,4,112,112,6,118,230
10/05/2021,CPR,WY,ANM,WE,Combined TRACON& Tower with Radar,4,27,18,0,49,0,9,54,0,63,4,36,72,0,112,104,0,104,216
10/06/2021,CPR,WY,ANM,WE,Combined TRACON& Tower with Radar,5,25,12,0,42,0,3,30,3,36,5,28,42,3,78,16,4,20,98
10/07/2021,CPR,WY,ANM,WE,Combined TRACON& Tower with Radar,4,30,18,2,54,0,4,41,0,45,4,34,59,2,99,50,0,50,149
10/08/2021,CPR,WY,ANM,WE,Combined TRACON& Tower with Radar,6,21,25,0,52,0,3,31,0,34,6,24,56,0,86,76,0,76,162
10/09/2021,CPR,WY,ANM,WE,Combined TRACON& Tower with Radar,3,18,8,0,29,0,0,12,0,12,3,18,20,0,41,0,0,0,41
10/10/2021,CPR,WY,ANM,WE,Combined TRACON& Tower with Radar,1,13,10,0,24,0,3,49,0,52,1,16,59,0,76,74,0,74,150
10/11/2021,CPR,WY,ANM,WE,Combined TRACON& Tower with Radar,3,16,33,0,52,0,4,13,0,17,3,20,46,0,69,48,0,48,117
10/12/2021,CPR,WY,ANM,WE,Combined TRACON& Tower with Radar,5,16,7,0,28,0,0,0,0,0,5,16,7,0,28,0,0,0,28
10/13/2021,CPR,WY,ANM,WE,Combined TRACON& Tower with Radar,5,28,18,0,51,0,3,19,0,22,5,31,37,0,73,6,0,6,79
10/14/2021,CPR,WY,ANM,WE,Combined TRACON& Tower with Radar,5,25,22,0,52,0,2,28,0,30,5,27,50,0,82,10,0,10,92
10/15/2021,CPR,WY,ANM,WE,Combined TRACON& Tower with Radar,5,24,12,3,44,0,2,43,0,45,5,26,55,3,89,70,0,70,159
10/16/2021,CPR,WY,ANM,WE,Combined TRACON& Tower with Radar,4,18,10,0,32,0,4,36,0,40,4,22,46,0,72,112,0,112,184
10/17/2021,CPR,WY,ANM,WE,Combined TRACON& Tower with Radar,1,11,12,1,25,0,6,25,0,31,1,17,37,1,56,22,0,22,78
10/18/2021,CPR,WY,ANM,WE,Combined TRACON& Tower with Radar,3,19,10,0,32,0,6,30,7,43,3,25,40,7,75,40,24,64,139
10/19/2021,CPR,WY,ANM,WE,Combined TRACON& Tower with Radar,4,25,7,0,36,0,0,1,0,1,4,25,8,0,37,0,0,0,37
10/20/2021,CPR,WY,ANM,WE,Combined TRACON& Tower with Radar,5,19,15,0,39,0,2,25,0,27,5,21,40,0,66,78,0,78,144
10/21/2021,CPR,WY,ANM,WE,Combined TRACON& Tower with Radar,5,19,13,0,37,0,0,31,0,31,5,19,44,0,68,8,0,8,76
10/22/2021,CPR,WY,ANM,WE,Combined TRACON& Tower with Radar,4,23,27,0,54,0,0,32,0,32,4,23,59,0,86,62,0,62,148
10/23/2021,CPR,WY,ANM,WE,Combined TRACON& Tower with Radar,3,15,12,0,30,0,2,28,0,30,3,17,40,0,60,34,0,34,94
10/24/2021,CPR,WY,ANM,WE,Combined TRACON& Tower with Radar,1,20,15,0,36,0,1,32,0,33,1,21,47,0,69,34,0,34,103
10/25/2021,CPR,WY,ANM,WE,Combined TRACON& Tower with Radar,3,19,20,0,42,0,0,8,0,8,3,19,28,0,50,0,0,0,50
10/26/2021,CPR,WY,ANM,WE,Combined TRACON& Tower with Radar,4,26,19,0,49,0,0,1,0,1,4,26,20,0,50,0,0,0,50
10/27/2021,CPR,WY,ANM,WE,Combined TRACON& Tower with Radar,5,23,21,0,49,0,2,31,0,33,5,25,52,0,82,62,0,62,144
10/28/2021,CPR,WY,ANM,WE,Combined TRACON& Tower with Radar,5,25,15,0,45,0,1,54,0,55,5,26,69,0,100,54,0,54,154
10/29/2021,CPR,WY,ANM,WE,Combined TRACON& Tower with Radar,5,28,18,0,51,0,0,28,0,28,5,28,46,0,79,86,0,86,165
10/30/2021,CPR,WY,ANM,WE,Combined TRACON& Tower with Radar,3,19,17,4,43,0,0,9,0,9,3,19,26,4,52,40,0,40,92
10/31/2021,CPR,WY,ANM,WE,Combined TRACON& Tower with Radar,1,19,13,0,33,0,0,0,0,0,1,19,13,0,33,0,0,0,33
11/01/2021,CPR,WY,ANM,WE,Combined TRACON& Tower with Radar,3,23,16,0,42,0,0,20,0,20,3,23,36,0,62,38,0,38,100
11/02/2021,CPR,WY,ANM,WE,Combined TRACON& Tower with Radar,6,24,22,3,55,0,0,32,0,32,6,24,54,3,87,68,28,96,183
11/03/2021,CPR,WY,ANM,WE,Combined TRACON& Tower with Radar,6,26,15,1,48,0,4,53,0,57,6,30,68,1,105,130,0,130,235
11/04/2021,CPR,WY,ANM,WE,Combined TRACON& Tower with Radar,5,29,24,0,58,0,2,32,0,34,5,31,56,0,92,92,0,92,184
11/05/2021,CPR,WY,ANM,WE,Combined TRACON& Tower with Radar,6,24,30,10,70,0,2,53,0,55,6,26,83,10,125,102,0,102,227
11/06/2021,CPR,WY,ANM,WE,Combined TRACON& Tower with Radar,4,17,13,1,35,0,2,24,8,34,4,19,37,9,69,122,0,122,191
11/07/2021,CPR,WY,ANM,WE,Combined TRACON& Tower with Radar,2,15,13,1,31,0,0,27,0,27,2,15,40,1,58,8,0,8,66
11/08/2021,CPR,WY,ANM,WE,Combined TRACON& Tower with Radar,4,19,24,0,47,0,2,26,2,30,4,21,50,2,77,84,0,84,161
11/09/2021,CPR,WY,ANM,WE,Combined TRACON& Tower with Radar,6,28,29,0,63,0,4,19,0,23,6,32,48,0,86,32,0,32,118
11/10/2021,CPR,WY,ANM,WE,Combined TRACON& Tower with Radar,6,29,26,0,61,0,3,16,0,19,6,32,42,0,80,14,0,14,94
11/11/2021,CPR,WY,ANM,WE,Combined TRACON& Tower with Radar,6,32,24,1,63,0,7,18,0,25,6,39,42,1,88,0,0,0,88
11/12/2021,CPR,WY,ANM,WE,Combined TRACON& Tower with Radar,5,21,13,8,47,0,0,38,0,38,5,21,51,8,85,92,0,92,177
11/13/2021,CPR,WY,ANM,WE,Combined TRACON& Tower with Radar,4,23,8,4,39,0,0,16,1,17,4,23,24,5,56,30,0,30,86
11/14/2021,CPR,WY,ANM,WE,Combined TRACON& Tower with Radar,2,12,16,0,30,0,0,17,0,17,2,12,33,0,47,14,0,14,61
11/15/2021,CPR,WY,ANM,WE,Combined TRACON& Tower with Radar,4,20,20,0,44,0,6,14,0,20,4,26,34,0,64,12,0,12,76
11/16/2021,CPR,WY,ANM,WE,Combined TRACON& Tower with Radar,6,25,12,0,43,0,6,6,0,12,6,31,18,0,55,0,0,0,55
11/17/2021,CPR,WY,ANM,WE,Combined TRACON& Tower with Radar,6,22,20,0,48,0,6,40,1,47,6,28,60,1,95,48,0,48,143
11/18/2021,CPR,WY,ANM,WE,Combined TRACON& Tower with Radar,6,25,16,0,47,0,1,28,1,30,6,26,44,1,77,92,0,92,169
11/19/2021,CPR,WY,ANM,WE,Combined TRACON& Tower with Radar,6,25,10,2,43,0,5,15,0,20,6,30,25,2,63,22,0,22,85
11/20/2021,CPR,WY,ANM,WE,Combined TRACON& Tower with Radar,4,21,9,0,34,0,3,50,0,53,4,24,59,0,87,38,0,38,125
11/21/2021,CPR,WY,ANM,WE,Combined TRACON& Tower with Radar,2,10,8,0,20,0,2,14,0,16,2,12,22,0,36,20,0,20,56
11/22/2021,CPR,WY,ANM,WE,Combined TRACON& Tower with Radar,4,20,17,0,41,0,1,28,0,29,4,21,45,0,70,6,0,6,76
11/23/2021,CPR,WY,ANM,WE,Combined TRACON& Tower with Radar,6,25,24,0,55,0,2,19,0,21,6,27,43,0,76,0,0,0,76
11/24/2021,CPR,WY,ANM,WE,Combined TRACON& Tower with Radar,6,27,14,0,47,0,1,3,0,4,6,28,17,0,51,0,0,0,51
11/25/2021,CPR,WY,ANM,WE,Combined TRACON& Tower with Radar,1,7,1,0,9,0,2,2,0,4,1,9,3,0,13,0,0,0,13
11/26/2021,CPR,WY,ANM,WE,Combined TRACON& Tower with Radar,3,21,10,0,34,0,4,11,0,15,3,25,21,0,49,0,0,0,49
11/27/2021,CPR,WY,ANM,WE,Combined TRACON& Tower with Radar,4,18,9,0,31,0,2,49,0,51,4,20,58,0,82,40,0,40,122
11/28/2021,CPR,WY,ANM,WE,Combined TRACON& Tower with Radar,2,11,15,0,28,0,1,18,0,19,2,12,33,0,47,10,0,10,57
11/29/2021,CPR,WY,ANM,WE,Combined TRACON& Tower with Radar,4,17,24,0,45,0,1,35,0,36,4,18,59,0,81,12,0,12,93
11/30/2021,CPR,WY,ANM,WE,Combined TRACON& Tower with Radar,7,29,10,3,49,0,3,18,0,21,7,32,28,3,70,40,0,40,110
12/01/2021,CPR,WY,ANM,WE,Combined TRACON& Tower with Radar,10,19,24,0,53,0,3,22,0,25,10,22,46,0,78,38,0,38,116
12/02/2021,CPR,WY,ANM,WE,Combined TRACON& Tower with Radar,10,25,19,0,54,0,1,25,0,26,10,26,44,0,80,6,0,6,86
12/03/2021,CPR,WY,ANM,WE,Combined TRACON& Tower with Radar,8,28,21,0,57,0,4,76,0,80,8,32,97,0,137,114,0,114,251
12/04/2021,CPR,WY,ANM,WE,Combined TRACON& Tower with Radar,4,16,7,0,27,0,2,14,0,16,4,18,21,0,43,44,0,44,87
12/05/2021,CPR,WY,ANM,WE,Combined TRACON& Tower with Radar,2,11,10,0,23,0,0,2,0,2,2,11,12,0,25,6,0,6,31
12/06/2021,CPR,WY,ANM,WE,Combined TRACON& Tower with Radar,4,18,17,0,39,0,1,16,0,17,4,19,33,0,56,0,0,0,56
12/07/2021,CPR,WY,ANM,WE,Combined TRACON& Tower with Radar,8,26,27,8,69,0,0,31,0,31,8,26,58,8,100,62,8,70,170
12/08/2021,CPR,WY,ANM,WE,Combined TRACON& Tower with Radar,7,23,13,2,45,0,0,7,1,8,7,23,20,3,53,0,10,10,63
12/09/2021,CPR,WY,ANM,WE,Combined TRACON& Tower with Radar,8,31,7,0,46,0,0,7,0,7,8,31,14,0,53,30,0,30,83
12/10/2021,CPR,WY,ANM,WE,Combined TRACON& Tower with Radar,5,25,3,0,33,0,0,4,0,4,5,25,7,0,37,24,0,24,61
12/11/2021,CPR,WY,ANM,WE,Combined TRACON& Tower with Radar,4,16,11,0,31,0,3,2,0,5,4,19,13,0,36,0,0,0,36
12/12/2021,CPR,WY,ANM,WE,Combined TRACON& Tower with Radar,2,12,4,0,18,0,3,8,0,11,2,15,12,0,29,6,0,6,35
12/13/2021,CPR,WY,ANM,WE,Combined TRACON& Tower with Radar,3,15,18,0,36,0,1,10,0,11,3,16,28,0,47,0,0,0,47
12/14/2021,CPR,WY,ANM,WE,Combined TRACON& Tower with Radar,8,25,10,0,43,0,1,5,0,6,8,26,15,0,49,0,0,0,49
12/15/2021,CPR,WY,ANM,WE,Combined TRACON& Tower with Radar,8,18,12,0,38,0,0,4,0,4,8,18,16,0,42,10,0,10,52
12/16/2021,CPR,WY,ANM,WE,Combined TRACON& Tower with Radar,8,25,19,0,52,0,2,24,0,26,8,27,43,0,78,0,0,0,78
12/17/2021,CPR,WY,ANM,WE,Combined TRACON& Tower with Radar,6,26,15,0,47,0,0,10,0,10,6,26,25,0,57,4,0,4,61
12/18/2021,CPR,WY,ANM,WE,Combined TRACON& Tower with Radar,4,18,2,0,24,0,0,14,0,14,4,18,16,0,38,22,0,22,60
12/19/2021,CPR,WY,ANM,WE,Combined TRACON& Tower with Radar,2,10,7,0,19,0,0,2,0,2,2,10,9,0,21,0,0,0,21
12/20/2021,CPR,WY,ANM,WE,Combined TRACON& Tower with Radar,4,15,15,4,38,0,0,24,1,25,4,15,39,5,63,22,0,22,85
12/21/2021,CPR,WY,ANM,WE,Combined TRACON& Tower with Radar,6,30,14,0,50,0,5,18,0,23,6,35,32,0,73,10,0,10,83
12/22/2021,CPR,WY,ANM,WE,Combined TRACON& Tower with Radar,6,25,25,0,56,0,1,16,2,19,6,26,41,2,75,0,0,0,75
12/23/2021,CPR,WY,ANM,WE,Combined TRACON& Tower with Radar,8,26,6,0,40,0,0,6,0,6,8,26,12,0,46,0,0,0,46
12/24/2021,CPR,WY,ANM,WE,Combined TRACON& Tower with Radar,3,21,3,0,27,0,1,0,0,1,3,22,3,0,28,0,0,0,28
12/25/2021,CPR,WY,ANM,WE,Combined TRACON& Tower with Radar,1,11,1,0,13,0,0,2,0,2,1,11,3,0,15,0,0,0,15
12/26/2021,CPR,WY,ANM,WE,Combined TRACON& Tower with Radar,2,17,14,0,33,0,0,6,0,6,2,17,20,0,39,0,0,0,39
12/27/2021,CPR,WY,ANM,WE,Combined TRACON& Tower with Radar,3,22,16,0,41,0,1,9,0,10,3,23,25,0,51,14,0,14,65
12/28/2021,CPR,WY,ANM,WE,Combined TRACON& Tower with Radar,6,20,14,0,40,0,0,37,0,37,6,20,51,0,77,20,0,20,97
12/29/2021,CPR,WY,ANM,WE,Combined TRACON& Tower with Radar,5,19,10,2,36,0,3,46,0,49,5,22,56,2,85,60,0,60,145
12/30/2021,CPR,WY,ANM,WE,Combined TRACON& Tower with Radar,6,21,6,0,33,0,1,0,0,1,6,22,6,0,34,0,0,0,34
12/31/2021,CPR,WY,ANM,WE,Combined TRACON& Tower with Radar,4,25,7,0,36,0,0,2,0,2,4,25,9,0,38,8,0,8,46
01/01/2022,CPR,WY,ANM,WE,Combined TRACON& Tower with Radar,1,8,7,0,16,0,1,18,0,19,1,9,25,0,35,8,0,8,43
01/02/2022,CPR,WY,ANM,WE,Combined TRACON& Tower with Radar,2,7,12,0,21,0,0,3,0,3,2,7,15,0,24,1,0,1,25
01/03/2022,CPR,WY,ANM,WE,Combined TRACON& Tower with Radar,3,11,12,0,26,0,0,12,0,12,3,11,24,0,38,0,0,0,38
01/04/2022,CPR,WY,ANM,WE,Combined TRACON& Tower with Radar,4,31,20,0,55,0,0,5,0,5,4,31,25,0,60,0,0,0,60
01/05/2022,CPR,WY,ANM,WE,Combined TRACON& Tower with Radar,4,14,6,0,24,0,0,0,0,0,4,14,6,0,24,0,0,0,24
01/06/2022,CPR,WY,ANM,WE,Combined TRACON& Tower with Radar,0,23,18,2,43,0,1,25,0,26,0,24,43,2,69,50,2,52,121
01/07/2022,CPR,WY,ANM,WE,Combined TRACON& Tower with Radar,2,28,14,0,44,0,0,11,0,11,2,28,25,0,55,2,0,2,57
01/08/2022,CPR,WY,ANM,WE,Combined TRACON& Tower with Radar,2,20,8,1,31,0,0,41,1,42,2,20,49,2,73,70,0,70,143
01/09/2022,CPR,WY,ANM,WE,Combined TRACON& Tower with Radar,0,15,7,0,22,0,1,8,0,9,0,16,15,0,31,12,0,12,43
01/10/2022,CPR,WY,ANM,WE,Combined TRACON& Tower with Radar,2,17,21,0,40,0,3,25,0,28,2,20,46,0,68,4,0,4,72
01/11/2022,CPR,WY,ANM,WE,Combined TRACON& Tower with Radar,3,21,11,1,36,0,1,19,0,20,3,22,30,1,56,78,0,78,134
01/12/2022,CPR,WY,ANM,WE,Combined TRACON& Tower with Radar,0,21,14,0,35,0,0,15,0,15,0,21,29,0,50,12,0,12,62
01/13/2022,CPR,WY,ANM,WE,Combined TRACON& Tower with Radar,4,20,16,0,40,0,0,22,2,24,4,20,38,2,64,6,0,6,70
01/14/2022,CPR,WY,ANM,WE,Combined TRACON& Tower with Radar,4,18,5,0,27,0,0,2,0,2,4,18,7,0,29,24,0,24,53
01/15/2022,CPR,WY,ANM,WE,Combined TRACON& Tower with Radar,2,15,11,0,28,0,1,15,0,16,2,16,26,0,44,10,0,10,54
01/16/2022,CPR,WY,ANM,WE,Combined TRACON& Tower with Radar,0,8,16,1,25,0,2,60,1,63,0,10,76,2,88,94,6,100,188
01/17/2022,CPR,WY,ANM,WE,Combined TRACON& Tower with Radar,2,17,32,0,51,0,2,35,0,37,2,19,67,0,88,62,0,62,150
01/18/2022,CPR,WY,ANM,WE,Combined TRACON& Tower with Radar,4,21,14,0,39,0,0,43,0,43,4,21,57,0,82,88,0,88,170
01/19/2022,CPR,WY,ANM,WE,Combined TRACON& Tower with Radar,4,24,19,0,47,0,1,9,0,10,4,25,28,0,57,16,0,16,73
01/20/2022,CPR,WY,ANM,WE,Combined TRACON& Tower with Radar,4,25,28,0,57,0,1,35,0,36,4,26,63,0,93,34,0,34,127
01/21/2022,CPR,WY,ANM,WE,Combined TRACON& Tower with Radar,4,19,11,0,34,0,2,3,0,5,4,21,14,0,39,6,0,6,45
01/22/2022,CPR,WY,ANM,WE,Combined TRACON& Tower with Radar,2,17,9,0,28,0,2,15,0,17,2,19,24,0,45,8,0,8,53
01/23/2022,CPR,WY,ANM,WE,Combined TRACON& Tower with Radar,0,9,12,0,21,0,2,23,1,26,0,11,35,1,47,28,0,28,75
01/24/2022,CPR,WY,ANM,WE,Combined TRACON& Tower with Radar,2,16,21,4,43,0,2,53,0,55,2,18,74,4,98,80,0,80,178
01/25/2022,CPR,WY,ANM,WE,Combined TRACON& Tower with Radar,4,28,8,0,40,1,2,15,0,18,5,30,23,0,58,54,0,54,112
01/26/2022,CPR,WY,ANM,WE,Combined TRACON& Tower with Radar,4,18,17,0,39,0,2,18,0,20,4,20,35,0,59,8,0,8,67
01/27/2022,CPR,WY,ANM,WE,Combined TRACON& Tower with Radar,4,26,10,0,40,0,0,25,0,25,4,26,35,0,65,48,0,48,113
01/28/2022,CPR,WY,ANM,WE,Combined TRACON& Tower with Radar,4,27,9,0,40,0,3,40,0,43,4,30,49,0,83,18,0,18,101
01/29/2022,CPR,WY,ANM,WE,Combined TRACON& Tower with Radar,2,19,4,0,25,0,1,22,0,23,2,20,26,0,48,26,0,26,74
01/30/2022,CPR,WY,ANM,WE,Combined TRACON& Tower with Radar,1,10,12,0,23,0,0,18,0,18,1,10,30,0,41,4,0,4,45
01/31/2022,CPR,WY,ANM,WE,Combined TRACON& Tower with Radar,4,16,20,0,40,0,0,10,0,10,4,16,30,0,50,4,0,4,54
02/01/2022,CPR,WY,ANM,WE,Combined TRACON& Tower with Radar,5,23,20,0,48,0,0,15,0,15,5,23,35,0,63,34,0,34,97
02/02/2022,CPR,WY,ANM,WE,Combined TRACON& Tower with Radar,4,27,20,0,51,0,0,5,0,5,4,27,25,0,56,6,0,6,62
02/03/2022,CPR,WY,ANM,WE,Combined TRACON& Tower with Radar,4,31,10,0,45,0,3,32,0,35,4,34,42,0,80,26,0,26,106
02/04/2022,CPR,WY,ANM,WE,Combined TRACON& Tower with Radar,4,21,25,0,50,0,0,14,0,14,4,21,39,0,64,6,0,6,70
02/05/2022,CPR,WY,ANM,WE,Combined TRACON& Tower with Radar,2,19,12,0,33,0,1,19,0,20,2,20,31,0,53,46,0,46,99
02/06/2022,CPR,WY,ANM,WE,Combined TRACON& Tower with Radar,0,12,4,0,16,0,4,21,0,25,0,16,25,0,41,68,0,68,109
02/07/2022,CPR,WY,ANM,WE,Combined TRACON& Tower with Radar,2,17,23,0,42,0,3,24,4,31,2,20,47,4,73,0,10,10,83
02/08/2022,CPR,WY,ANM,WE,Combined TRACON& Tower with Radar,4,27,19,1,51,0,2,37,1,40,4,29,56,2,91,62,22,84,175
02/09/2022,CPR,WY,ANM,WE,Combined TRACON& Tower with Radar,4,29,22,5,60,0,0,24,3,27,4,29,46,8,87,16,6,22,109
02/10/2022,CPR,WY,ANM,WE,Combined TRACON& Tower with Radar,4,24,12,3,43,0,5,19,0,24,4,29,31,3,67,30,0,30,97
02/11/2022,CPR,WY,ANM,WE,Combined TRACON& Tower with Radar,3,27,6,0,36,0,0,0,0,0,3,27,6,0,36,0,0,0,36
02/12/2022,CPR,WY,ANM,WE,Combined TRACON& Tower with Radar,2,19,7,0,28,0,5,13,0,18,2,24,20,0,46,10,0,10,56
02/13/2022,CPR,WY,ANM,WE,Combined TRACON& Tower with Radar,0,11,9,0,20,0,0,24,0,24,0,11,33,0,44,40,0,40,84
02/14/2022,CPR,WY,ANM,WE,Combined TRACON& Tower with Radar,2,17,12,0,31,0,2,35,0,37,2,19,47,0,68,58,0,58,126
02/15/2022,CPR,WY,ANM,WE,Combined TRACON& Tower with Radar,4,26,18,4,52,0,0,37,0,37,4,26,55,4,89,58,0,58,147
02/16/2022,CPR,WY,ANM,WE,Combined TRACON& Tower with Radar,3,20,6,0,29,0,0,6,0,6,3,20,12,0,35,0,0,0,35
02/17/2022,CPR,WY,ANM,WE,Combined TRACON& Tower with Radar,6,23,35,0,64,0,1,38,0,39,6,24,73,0,103,20,0,20,123
02/18/2022,CPR,WY,ANM,WE,Combined TRACON& Tower with Radar,4,23,17,0,44,0,4,40,0,44,4,27,57,0,88,66,0,66,154
02/19/2022,CPR,WY,ANM,WE,Combined TRACON& Tower with Radar,2,16,9,0,27,0,4,16,0,20,2,20,25,0,47,10,0,10,57
02/20/2022,CPR,WY,ANM,WE,Combined TRACON& Tower with Radar,2,16,10,0,28,0,0,9,0,9,2,16,19,0,37,14,0,14,51
02/21/2022,CPR,WY,ANM,WE,Combined TRACON& Tower with Radar,2,16,9,0,27,0,0,0,0,0,2,16,9,0,27,0,0,0,27
02/22/2022,CPR,WY,ANM,WE,Combined TRACON& Tower with Radar,4,29,8,2,43,0,2,8,0,10,4,31,16,2,53,23,2,25,78
02/23/2022,CPR,WY,ANM,WE,Combined TRACON& Tower with Radar,4,27,7,0,38,0,0,0,0,0,4,27,7,0,38,0,0,0,38
02/24/2022,CPR,WY,ANM,WE,Combined TRACON& Tower with Radar,4,24,28,0,56,0,0,35,0,35,4,24,63,0,91,38,0,38,129
02/25/2022,CPR,WY,ANM,WE,Combined TRACON& Tower with Radar,6,24,15,2,47,0,0,38,3,41,6,24,53,5,88,80,6,86,174
02/26/2022,CPR,WY,ANM,WE,Combined TRACON& Tower with Radar,4,22,11,0,37,0,2,13,0,15,4,24,24,0,52,12,0,12,64
02/27/2022,CPR,WY,ANM,WE,Combined TRACON& Tower with Radar,2,18,11,0,31,0,0,8,0,8,2,18,19,0,39,6,0,6,45
02/28/2022,CPR,WY,ANM,WE,Combined TRACON& Tower with Radar,4,14,22,0,40,0,0,36,0,36,4,14,58,0,76,2,0,2,78
03/01/2022,CPR,WY,ANM,WE,Combined TRACON& Tower with Radar,4,23,14,0,41,0,1,31,0,32,4,24,45,0,73,16,0,16,89
03/02/2022,CPR,WY,ANM,WE,Combined TRACON& Tower with Radar,4,21,22,0,47,0,4,26,0,30,4,25,48,0,77,36,0,36,113
03/03/2022,CPR,WY,ANM,WE,Combined TRACON& Tower with Radar,4,32,17,0,53,0,1,40,0,41,4,33,57,0,94,68,0,68,162
03/04/2022,CPR,WY,ANM,WE,Combined TRACON& Tower with Radar,7,29,17,0,53,0,1,28,0,29,7,30,45,0,82,74,0,74,156
03/05/2022,CPR,WY,ANM,WE,Combined TRACON& Tower with Radar,3,24,7,0,34,0,0,0,0,0,3,24,7,0,34,0,0,0,34
03/06/2022,CPR,WY,ANM,WE,Combined TRACON& Tower with Radar,0,16,11,0,27,0,0,0,0,0,0,16,11,0,27,0,0,0,27
03/07/2022,CPR,WY,ANM,WE,Combined TRACON& Tower with Radar,4,15,22,0,41,0,1,44,0,45,4,16,66,0,86,79,0,79,165
03/08/2022,CPR,WY,ANM,WE,Combined TRACON& Tower with Radar,5,23,14,0,42,0,0,0,0,0,5,23,14,0,42,0,0,0,42
03/09/2022,CPR,WY,ANM,WE,Combined TRACON& Tower with Radar,6,24,8,0,38,0,0,2,0,2,6,24,10,0,40,0,0,0,40
03/10/2022,CPR,WY,ANM,WE,Combined TRACON& Tower with Radar,6,24,23,0,53,0,0,35,0,35,6,24,58,0,88,64,0,64,152
03/11/2022,CPR,WY,ANM,WE,Combined TRACON& Tower with Radar,6,18,26,4,54,0,3,30,0,33,6,21,56,4,87,38,0,38,125
03/12/2022,CPR,WY,ANM,WE,Combined TRACON& Tower with Radar,4,21,12,0,37,0,1,7,0,8,4,22,19,0,45,0,0,0,45
03/13/2022,CPR,WY,ANM,WE,Combined TRACON& Tower with Radar,2,12,13,0,27,0,1,15,0,16,2,13,28,0,43,48,0,48,91
03/14/2022,CPR,WY,ANM,WE,Combined TRACON& Tower with Radar,4,18,18,2,42,0,0,31,0,31,4,18,49,2,73,22,0,22,95
03/15/2022,CPR,WY,ANM,WE,Combined TRACON& Tower with Radar,5,19,10,4,38,0,1,23,0,24,5,20,33,4,62,0,0,0,62
03/16/2022,CPR,WY,ANM,WE,Combined TRACON& Tower with Radar,6,30,29,0,65,0,3,31,0,34,6,33,60,0,99,91,0,91,190
03/17/2022,CPR,WY,ANM,WE,Combined TRACON& Tower with Radar,6,27,17,6,56,0,0,36,0,36,6,27,53,6,92,61,10,71,163
03/18/2022,CPR,WY,ANM,WE,Combined TRACON& Tower with Radar,5,21,15,5,46,0,0,39,0,39,5,21,54,5,85,52,0,52,137
03/19/2022,CPR,WY,ANM,WE,Combined TRACON& Tower with Radar,4,14,11,2,31,0,2,46,0,48,4,16,57,2,79,42,0,42,121
03/20/2022,CPR,WY,ANM,WE,Combined TRACON& Tower with Radar,2,17,12,0,31,0,2,17,0,19,2,19,29,0,50,38,0,38,88
03/21/2022,CPR,WY,ANM,WE,Combined TRACON& Tower with Radar,4,20,16,2,42,1,2,30,0,33,5,22,46,2,75,64,0,64,139
03/22/2022,CPR,WY,ANM,WE,Combined TRACON& Tower with Radar,6,26,15,1,48,0,0,8,1,9,6,26,23,2,57,28,0,28,85
03/23/2022,CPR,WY,ANM,WE,Combined TRACON& Tower with Radar,6,24,24,0,54,0,3,53,0,56,6,27,77,0,110,60,0,60,170
03/24/2022,CPR,WY,ANM,WE,Combined TRACON& Tower with Radar,5,18,19,0,42,0,0,40,0,40,5,18,59,0,82,40,6,46,128
03/25/2022,CPR,WY,ANM,WE,Combined TRACON& Tower with Radar,7,25,13,0,45,0,0,57,0,57,7,25,70,0,102,88,0,88,190
03/26/2022,CPR,WY,ANM,WE,Combined TRACON& Tower with Radar,4,14,9,2,29,0,1,39,0,40,4,15,48,2,69,78,0,78,147
03/27/2022,CPR,WY,ANM,WE,Combined TRACON& Tower with Radar,1,12,13,0,26,0,3,22,0,25,1,15,35,0,51,4,0,4,55
03/28/2022,CPR,WY,ANM,WE,Combined TRACON& Tower with Radar,2,13,14,0,29,0,0,22,0,22,2,13,36,0,51,14,0,14,65
03/29/2022,CPR,WY,ANM,WE,Combined TRACON& Tower with Radar,4,22,21,0,47,0,0,0,0,0,4,22,21,0,47,0,0,0,47
03/30/2022,CPR,WY,ANM,WE,Combined TRACON& Tower with Radar,4,25,27,2,58,0,0,45,0,45,4,25,72,2,103,70,0,70,173
03/31/2022,CPR,WY,ANM,WE,Combined TRACON& Tower with Radar,4,23,14,0,41,0,1,24,0,25,4,24,38,0,66,36,0,36,102
04/01/2022,CPR,WY,ANM,WE,Combined TRACON& Tower with Radar,5,25,14,0,44,0,0,27,0,27,5,25,41,0,71,54,0,54,125
04/02/2022,CPR,WY,ANM,WE,Combined TRACON& Tower with Radar,5,12,15,0,32,0,0,29,0,29,5,12,44,0,61,60,0,60,121
04/03/2022,CPR,WY,ANM,WE,Combined TRACON& Tower with Radar,0,14,6,0,20,0,4,32,0,36,0,18,38,0,56,40,0,40,96
04/04/2022,CPR,WY,ANM,WE,Combined TRACON& Tower with Radar,2,12,7,0,21,0,2,13,0,15,2,14,20,0,36,14,0,14,50
04/05/2022,CPR,WY,ANM,WE,Combined TRACON& Tower with Radar,4,21,8,0,33,0,0,1,0,1,4,21,9,0,34,0,0,0,34
04/06/2022,CPR,WY,ANM,WE,Combined TRACON& Tower with Radar,3,25,14,0,42,0,0,8,0,8,3,25,22,0,50,12,0,12,62
04/07/2022,CPR,WY,ANM,WE,Combined TRACON& Tower with Radar,4,25,28,2,59,0,2,47,0,49,4,27,75,2,108,46,4,50,158
04/08/2022,CPR,WY,ANM,WE,Combined TRACON& Tower with Radar,5,24,14,0,43,0,1,52,0,53,5,25,66,0,96,56,0,56,152
04/09/2022,CPR,WY,ANM,WE,Combined TRACON& Tower with Radar,3,17,12,0,32,0,0,18,0,18,3,17,30,0,50,34,0,34,84
04/10/2022,CPR,WY,ANM,WE,Combined TRACON& Tower with Radar,0,10,5,0,15,0,2,8,0,10,0,12,13,0,25,2,0,2,27
04/11/2022,CPR,WY,ANM,WE,Combined TRACON& Tower with Radar,2,21,18,0,41,0,4,34,0,38,2,25,52,0,79,49,0,49,128
04/12/2022,CPR,WY,ANM,WE,Combined TRACON& Tower with Radar,3,25,10,0,38,0,0,3,0,3,3,25,13,0,41,4,0,4,45
04/13/2022,CPR,WY,ANM,WE,Combined TRACON& Tower with Radar,5,43,24,0,72,0,11,17,0,28,5,54,41,0,100,8,0,8,108
04/14/2022,CPR,WY,ANM,WE,Combined TRACON& Tower with Radar,4,34,26,0,64,0,4,37,0,41,4,38,63,0,105,54,0,54,159
04/15/2022,CPR,WY,ANM,WE,Combined TRACON& Tower with Radar,5,34,10,0,49,0,0,10,0,10,5,34,20,0,59,28,0,28,87
04/16/2022,CPR,WY,ANM,WE,Combined TRACON& Tower with Radar,3,24,11,0,38,0,0,24,2,26,3,24,35,2,64,10,0,10,74
04/17/2022,CPR,WY,ANM,WE,Combined TRACON& Tower with Radar,0,10,7,0,17,0,1,10,0,11,0,11,17,0,28,20,0,20,48
04/18/2022,CPR,WY,ANM,WE,Combined TRACON& Tower with Radar,2,21,24,0,47,0,2,45,0,47,2,23,69,0,94,20,0,20,114
04/19/2022,CPR,WY,ANM,WE,Combined TRACON& Tower with Radar,4,32,14,0,50,0,0,30,0,30,4,32,44,0,80,44,0,44,124
04/20/2022,CPR,WY,ANM,WE,Combined TRACON& Tower with Radar,4,28,21,0,53,0,2,39,0,41,4,30,60,0,94,26,0,26,120
04/21/2022,CPR,WY,ANM,WE,Combined TRACON& Tower with Radar,4,30,21,8,63,0,3,24,0,27,4,33,45,8,90,12,0,12,102
04/22/2022,CPR,WY,ANM,WE,Combined TRACON& Tower with Radar,4,20,20,0,44,0,1,25,0,26,4,21,45,0,70,6,0,6,76
04/23/2022,CPR,WY,ANM,WE,Combined TRACON& Tower with Radar,3,13,4,0,20,0,0,0,0,0,3,13,4,0,20,0,0,0,20
04/24/2022,CPR,WY,ANM,WE,Combined TRACON& Tower with Radar,0,11,9,0,20,0,0,13,0,13,0,11,22,0,33,28,0,28,61
04/25/2022,CPR,WY,ANM,WE,Combined TRACON& Tower with Radar,2,23,25,0,50,0,1,62,0,63,2,24,87,0,113,104,0,104,217
04/26/2022,CPR,WY,ANM,WE,Combined TRACON& Tower with Radar,4,22,15,0,41,0,2,45,0,47,4,24,60,0,88,40,0,40,128
04/27/2022,CPR,WY,ANM,WE,Combined TRACON& Tower with Radar,3,31,37,0,71,0,0,60,0,60,3,31,97,0,131,46,0,46,177
04/28/2022,CPR,WY,ANM,WE,Combined TRACON& Tower with Radar,4,29,24,0,57,0,0,24,0,24,4,29,48,0,81,6,0,6,87
04/29/2022,CPR,WY,ANM,WE,Combined TRACON& Tower with Radar,5,20,12,0,37,0,0,1,0,1,5,20,13,0,38,0,0,0,38
04/30/2022,CPR,WY,ANM,WE,Combined TRACON& Tower with Radar,3,15,9,0,27,0,1,45,0,46,3,16,54,0,73,28,0,28,101
05/01/2022,CPR,WY,ANM,WE,Combined TRACON& Tower with Radar,0,14,10,0,24,0,4,13,0,17,0,18,23,0,41,12,0,12,53
05/02/2022,CPR,WY,ANM,WE,Combined TRACON& Tower with Radar,2,23,25,0,50,0,1,19,0,20,2,24,44,0,70,40,0,40,110
05/03/2022,CPR,WY,ANM,WE,Combined TRACON& Tower with Radar,3,22,11,0,36,0,2,15,0,17,3,24,26,0,53,36,0,36,89
05/04/2022,CPR,WY,ANM,WE,Combined TRACON& Tower with Radar,4,34,7,0,45,0,0,1,0,1,4,34,8,0,46,0,0,0,46
05/05/2022,CPR,WY,ANM,WE,Combined TRACON& Tower with Radar,5,35,29,0,69,2,2,69,0,73,7,37,98,0,142,58,0,58,200
05/06/2022,CPR,WY,ANM,WE,Combined TRACON& Tower with Radar,7,17,14,4,42,0,0,18,0,18,7,17,32,4,60,18,0,18,78
05/07/2022,CPR,WY,ANM,WE,Combined TRACON& Tower with Radar,6,10,11,0,27,0,0,17,0,17,6,10,28,0,44,4,0,4,48
05/08/2022,CPR,WY,ANM,WE,Combined TRACON& Tower with Radar,3,4,3,0,10,0,1,16,0,17,3,5,19,0,27,12,0,12,39
05/09/2022,CPR,WY,ANM,WE,Combined TRACON& Tower with Radar,6,7,14,0,27,0,0,7,1,8,6,7,21,1,35,0,0,0,35
05/10/2022,CPR,WY,ANM,WE,Combined TRACON& Tower with Radar,8,26,17,0,51,0,4,37,0,41,8,30,54,0,92,86,0,86,178
05/11/2022,CPR,WY,ANM,WE,Combined TRACON& Tower with Radar,7,23,24,0,54,0,1,38,0,39,7,24,62,0,93,30,0,30,123
05/12/2022,CPR,WY,ANM,WE,Combined TRACON& Tower with Radar,7,18,17,0,42,0,2,2,0,4,7,20,19,0,46,1,0,1,47
05/13/2022,CPR,WY,ANM,WE,Combined TRACON& Tower with Radar,8,21,5,0,34,0,4,18,5,27,8,25,23,5,61,0,20,20,81
05/14/2022,CPR,WY,ANM,WE,Combined TRACON& Tower with Radar,6,15,8,0,29,0,0,26,0,26,6,15,34,0,55,6,0,6,61
05/15/2022,CPR,WY,ANM,WE,Combined TRACON& Tower with Radar,4,4,13,0,21,0,4,41,0,45,4,8,54,0,66,18,0,18,84
05/16/2022,CPR,WY,ANM,WE,Combined TRACON& Tower with Radar,6,11,17,0,34,0,2,33,0,35,6,13,50,0,69,10,0,10,79
05/17/2022,CPR,WY,ANM,WE,Combined TRACON& Tower with Radar,8,19,12,0,39,0,1,36,0,37,8,20,48,0,76,50,0,50,126
05/18/2022,CPR,WY,ANM,WE,Combined TRACON& Tower with Radar,8,19,20,0,47,0,2,53,0,55,8,21,73,0,102,46,0,46,148
05/19/2022,CPR,WY,ANM,WE,Combined TRACON& Tower with Radar,5,27,14,10,56,0,0,6,0,6,5,27,20,10,62,0,0,0,62
05/20/2022,CPR,WY,ANM,WE,Combined TRACON& Tower with Radar,8,18,11,0,37,0,0,0,0,0,8,18,11,0,37,0,0,0,37
05/21/2022,CPR,WY,ANM,WE,Combined TRACON& Tower with Radar,5,14,6,0,25,0,0,44,0,44,5,14,50,0,69,88,0,88,157
05/22/2022,CPR,WY,ANM,WE,Combined TRACON& Tower with Radar,4,16,7,0,27,0,2,24,0,26,4,18,31,0,53,12,0,12,65
05/23/2022,CPR,WY,ANM,WE,Combined TRACON& Tower with Radar,6,12,15,2,35,0,0,23,0,23,6,12,38,2,58,8,0,8,66
05/24/2022,CPR,WY,ANM,WE,Combined TRACON& Tower with Radar,8,19,12,0,39,0,2,26,0,28,8,21,38,0,67,22,0,22,89
05/25/2022,CPR,WY,ANM,WE,Combined TRACON& Tower with Radar,8,28,23,0,59,0,4,28,0,32,8,32,51,0,91,24,0,24,115
05/26/2022,CPR,WY,ANM,WE,Combined TRACON& Tower with Radar,8,20,17,0,45,0,0,41,0,41,8,20,58,0,86,66,0,66,152
05/27/2022,CPR,WY,ANM,WE,Combined TRACON& Tower with Radar,7,20,13,8,48,0,2,27,0,29,7,22,40,8,77,2,0,2,79
05/28/2022,CPR,WY,ANM,WE,Combined TRACON& Tower with Radar,6,21,26,3,56,0,1,23,0,24,6,22,49,3,80,16,0,16,96
05/29/2022,CPR,WY,ANM,WE,Combined TRACON& Tower with Radar,2,7,1,0,10,0,2,11,0,13,2,9,12,0,23,28,0,28,51
05/30/2022,CPR,WY,ANM,WE,Combined TRACON& Tower with Radar,4,12,9,0,25,0,0,0,0,0,4,12,9,0,25,0,0,0,25
05/31/2022,CPR,WY,ANM,WE,Combined TRACON& Tower with Radar,6,26,6,4,42,0,0,4,0,4,6,26,10,4,46,4,0,4,50
06/01/2022,CPR,WY,ANM,WE,Combined TRACON& Tower with Radar,7,15,21,2,45,0,3,49,1,53,7,18,70,3,98,32,0,32,130
06/02/2022,CPR,WY,ANM,WE,Combined TRACON& Tower with Radar,7,24,11,2,44,0,3,36,1,40,7,27,47,3,84,42,0,42,126
06/03/2022,CPR,WY,ANM,WE,Combined TRACON& Tower with Radar,5,24,13,2,44,0,2,40,0,42,5,26,53,2,86,44,0,44,130
06/04/2022,CPR,WY,ANM,WE,Combined TRACON& Tower with Radar,2,19,22,11,54,0,1,76,0,77,2,20,98,11,131,42,0,42,173
06/05/2022,CPR,WY,ANM,WE,Combined TRACON& Tower with Radar,0,17,12,2,31,0,3,25,0,28,0,20,37,2,59,4,0,4,63
06/06/2022,CPR,WY,ANM,WE,Combined TRACON& Tower with Radar,4,16,15,0,35,0,3,36,0,39,4,19,51,0,74,54,0,54,128
06/07/2022,CPR,WY,ANM,WE,Combined TRACON& Tower with Radar,6,28,20,0,54,0,1,38,0,39,6,29,58,0,93,0,0,0,93
06/08/2022,CPR,WY,ANM,WE,Combined TRACON& Tower with Radar,4,27,16,6,53,0,2,55,6,63,4,29,71,12,116,30,20,50,166
06/09/2022,CPR,WY,ANM,WE,Combined TRACON& Tower with Radar,6,34,18,0,58,0,1,60,1,62,6,35,78,1,120,54,1,55,175
06/10/2022,CPR,WY,ANM,WE,Combined TRACON& Tower with Radar,3,22,22,5,52,0,1,51,7,59,3,23,73,12,111,40,12,52,163
06/11/2022,CPR,WY,ANM,WE,Combined TRACON& Tower with Radar,3,22,14,0,39,0,1,198,0,199,3,23,212,0,238,2,0,2,240
06/12/2022,CPR,WY,ANM,WE,Combined TRACON& Tower with Radar,0,9,19,5,33,0,0,27,2,29,0,9,46,7,62,18,2,20,82
06/13/2022,CPR,WY,ANM,WE,Combined TRACON& Tower with Radar,5,18,16,0,39,0,1,25,0,26,5,19,41,0,65,48,0,48,113
06/14/2022,CPR,WY,ANM,WE,Combined TRACON& Tower with Radar,6,25,18,2,51,0,2,21,0,23,6,27,39,2,74,20,2,22,96
06/15/2022,CPR,WY,ANM,WE,Combined TRACON& Tower with Radar,4,22,4,0,30,0,1,21,0,22,4,23,25,0,52,22,0,22,74
06/16/2022,CPR,WY,ANM,WE,Combined TRACON& Tower with Radar,5,22,34,0,61,0,6,50,0,56,5,28,84,0,117,50,0,50,167
06/17/2022,CPR,WY,ANM,WE,Combined TRACON& Tower with Radar,5,25,17,2,49,0,1,22,0,23,5,26,39,2,72,20,0,20,92
06/18/2022,CPR,WY,ANM,WE,Combined TRACON& Tower with Radar,0,20,6,0,26,0,0,18,0,18,0,20,24,0,44,18,0,18,62
06/19/2022,CPR,WY,ANM,WE,Combined TRACON& Tower with Radar,0,13,15,0,28,0,2,15,0,17,0,15,30,0,45,0,0,0,45
06/20/2022,CPR,WY,ANM,WE,Combined TRACON& Tower with Radar,4,20,17,0,41,0,2,22,0,24,4,22,39,0,65,0,0,0,65
06/21/2022,CPR,WY,ANM,WE,Combined TRACON& Tower with Radar,5,29,17,0,51,0,1,72,0,73,5,30,89,0,124,82,0,82,206
06/22/2022,CPR,WY,ANM,WE,Combined TRACON& Tower with Radar,4,24,21,0,49,0,1,40,1,42,4,25,61,1,91,78,0,78,169
06/23/2022,CPR,WY,ANM,WE,Combined TRACON& Tower with Radar,6,20,27,1,54,0,5,49,3,57,6,25,76,4,111,34,2,36,147
06/24/2022,CPR,WY,ANM,WE,Combined TRACON& Tower with Radar,5,20,7,8,40,0,1,28,0,29,5,21,35,8,69,16,0,16,85
06/25/2022,CPR,WY,ANM,WE,Combined TRACON& Tower with Radar,3,24,15,2,44,0,0,28,0,28,3,24,43,2,72,66,0,66,138
06/26/2022,CPR,WY,ANM,WE,Combined TRACON& Tower with Radar,2,11,19,0,32,0,5,34,1,40,2,16,53,1,72,12,0,12,84
06/27/2022,CPR,WY,ANM,WE,Combined TRACON& Tower with Radar,4,19,15,0,38,0,5,50,0,55,4,24,65,0,93,58,0,58,151
06/28/2022,CPR,WY,ANM,WE,Combined TRACON& Tower with Radar,6,21,28,6,61,0,7,44,1,52,6,28,72,7,113,24,0,24,137
06/29/2022,CPR,WY,ANM,WE,Combined TRACON& Tower with Radar,5,23,12,0,40,0,3,25,0,28,5,26,37,0,68,18,0,18,86
06/30/2022,CPR,WY,ANM,WE,Combined TRACON& Tower with Radar,3,24,22,2,51,0,1,40,0,41,3,25,62,2,92,38,0,38,130
07/01/2022,CPR,WY,ANM,WE,Combined TRACON& Tower with Radar,6,25,11,0,42,0,5,43,0,48,6,30,54,0,90,44,0,44,134
07/02/2022,CPR,WY,ANM,WE,Combined TRACON& Tower with Radar,4,19,14,0,37,0,7,41,0,48,4,26,55,0,85,60,0,60,145
07/03/2022,CPR,WY,ANM,WE,Combined TRACON& Tower with Radar,2,9,0,0,11,0,0,26,0,26,2,9,26,0,37,30,0,30,67
07/04/2022,CPR,WY,ANM,WE,Combined TRACON& Tower with Radar,2,8,7,0,17,0,2,19,0,21,2,10,26,0,38,6,0,6,44
07/05/2022,CPR,WY,ANM,WE,Combined TRACON& Tower with Radar,4,25,18,2,49,0,3,41,3,47,4,28,59,5,96,26,0,26,122
07/06/2022,CPR,WY,ANM,WE,Combined TRACON& Tower with Radar,8,25,22,0,55,0,6,27,2,35,8,31,49,2,90,16,0,16,106
07/07/2022,CPR,WY,ANM,WE,Combined TRACON& Tower with Radar,5,31,8,2,46,0,12,43,0,55,5,43,51,2,101,22,0,22,123
07/08/2022,CPR,WY,ANM,WE,Combined TRACON& Tower with Radar,5,20,24,0,49,0,11,57,0,68,5,31,81,0,117,20,0,20,137
07/09/2022,CPR,WY,ANM,WE,Combined TRACON& Tower with Radar,4,21,16,0,41,0,29,50,0,79,4,50,66,0,120,14,0,14,134
07/10/2022,CPR,WY,ANM,WE,Combined TRACON& Tower with Radar,3,13,17,0,33,0,14,33,0,47,3,27,50,0,80,18,0,18,98
07/11/2022,CPR,WY,ANM,WE,Combined TRACON& Tower with Radar,4,26,25,3,58,0,8,42,8,58,4,34,67,11,116,20,18,38,154
07/12/2022,CPR,WY,ANM,WE,Combined TRACON& Tower with Radar,5,22,25,7,59,0,3,55,2,60,5,25,80,9,119,62,4,66,185
07/13/2022,CPR,WY,ANM,WE,Combined TRACON& Tower with Radar,5,22,22,1,50,0,0,25,0,25,5,22,47,1,75,18,0,18,93
07/14/2022,CPR,WY,ANM,WE,Combined TRACON& Tower with Radar,6,20,17,1,44,0,6,41,4,51,6,26,58,5,95,42,0,42,137
07/15/2022,CPR,WY,ANM,WE,Combined TRACON& Tower with Radar,4,20,14,0,38,0,7,28,4,39,4,27,42,4,77,12,0,12,89
07/16/2022,CPR,WY,ANM,WE,Combined TRACON& Tower with Radar,4,16,6,0,26,0,9,42,0,51,4,25,48,0,77,36,0,36,113
07/17/2022,CPR,WY,ANM,WE,Combined TRACON& Tower with Radar,2,10,11,0,23,0,4,29,0,33,2,14,40,0,56,16,0,16,72
07/18/2022,CPR,WY,ANM,WE,Combined TRACON& Tower with Radar,4,21,19,2,46,0,1,22,0,23,4,22,41,2,69,2,0,2,71
07/19/2022,CPR,WY,ANM,WE,Combined TRACON& Tower with Radar,6,29,12,0,47,0,0,38,0,38,6,29,50,0,85,38,0,38,123
07/20/2022,CPR,WY,ANM,WE,Combined TRACON& Tower with Radar,6,19,16,0,41,0,52,44,0,96,6,71,60,0,137,74,0,74,211
07/21/2022,CPR,WY,ANM,WE,Combined TRACON& Tower with Radar,8,23,27,0,58,0,6,37,1,44,8,29,64,1,102,32,0,32,134
07/22/2022,CPR,WY,ANM,WE,Combined TRACON& Tower with Radar,5,21,8,0,34,0,16,44,2,62,5,37,52,2,96,15,0,15,111
07/23/2022,CPR,WY,ANM,WE,Combined TRACON& Tower with Radar,6,23,7,1,37,0,12,27,0,39,6,35,34,1,76,24,0,24,100
07/24/2022,CPR,WY,ANM,WE,Combined TRACON& Tower with Radar,0,10,11,1,22,0,6,42,2,50,0,16,53,3,72,20,0,20,92
07/25/2022,CPR,WY,ANM,WE,Combined TRACON& Tower with Radar,3,18,13,2,36,0,32,32,4,68,3,50,45,6,104,20,0,20,124
07/26/2022,CPR,WY,ANM,WE,Combined TRACON& Tower with Radar,6,23,23,4,56,0,9,39,2,50,6,32,62,6,106,22,0,22,128
07/27/2022,CPR,WY,ANM,WE,Combined TRACON& Tower with Radar,6,26,17,2,51,0,8,37,2,47,6,34,54,4,98,24,0,24,122
07/28/2022,CPR,WY,ANM,WE,Combined TRACON& Tower with Radar,6,24,12,1,43,0,3,42,1,46,6,27,54,2,89,30,0,30,119
07/29/2022,CPR,WY,ANM,WE,Combined TRACON& Tower with Radar,5,24,21,0,50,0,3,52,0,55,5,27,73,0,105,44,0,44,149
07/30/2022,CPR,WY,ANM,WE,Combined TRACON& Tower with Radar,4,17,14,2,37,0,16,46,2,64,4,33,60,4,101,22,0,22,123
07/31/2022,CPR,WY,ANM,WE,Combined TRACON& Tower with Radar,5,9,11,1,26,4,13,34,4,55,9,22,45,5,81,16,0,16,97
08/01/2022,CPR,WY,ANM,WE,Combined TRACON& Tower with Radar,5,19,12,4,40,1,20,49,4,74,6,39,61,8,114,38,0,38,152
08/02/2022,CPR,WY,ANM,WE,Combined TRACON& Tower with Radar,5,20,15,1,41,0,6,23,0,29,5,26,38,1,70,10,0,10,80
08/03/2022,CPR,WY,ANM,WE,Combined TRACON& Tower with Radar,4,22,17,0,43,0,3,53,1,57,4,25,70,1,100,42,0,42,142
08/04/2022,CPR,WY,ANM,WE,Combined TRACON& Tower with Radar,5,23,18,0,46,0,0,40,0,40,5,23,58,0,86,74,0,74,160
08/05/2022,CPR,WY,ANM,WE,Combined TRACON& Tower with Radar,5,16,12,0,33,0,5,28,1,34,5,21,40,1,67,22,0,22,89
08/06/2022,CPR,WY,ANM,WE,Combined TRACON& Tower with Radar,3,22,17,1,43,0,1,28,0,29,3,23,45,1,72,16,0,16,88
08/07/2022,CPR,WY,ANM,WE,Combined TRACON& Tower with Radar,1,18,18,0,37,0,4,22,0,26,1,22,40,0,63,0,0,0,63
08/08/2022,CPR,WY,ANM,WE,Combined TRACON& Tower with Radar,4,21,26,0,51,0,0,43,0,43,4,21,69,0,94,66,0,66,160
08/09/2022,CPR,WY,ANM,WE,Combined TRACON& Tower with Radar,6,22,18,0,46,0,4,46,0,50,6,26,64,0,96,40,0,40,136
08/10/2022,CPR,WY,ANM,WE,Combined TRACON& Tower with Radar,5,28,18,0,51,0,3,41,0,44,5,31,59,0,95,52,0,52,147
08/11/2022,CPR,WY,ANM,WE,Combined TRACON& Tower with Radar,6,25,18,0,49,0,6,32,0,38,6,31,50,0,87,34,0,34,121
08/12/2022,CPR,WY,ANM,WE,Combined TRACON& Tower with Radar,4,20,16,0,40,0,6,41,0,47,4,26,57,0,87,70,0,70,157
08/13/2022,CPR,WY,ANM,WE,Combined TRACON& Tower with Radar,3,17,5,0,25,0,5,42,0,47,3,22,47,0,72,70,0,70,142
08/14/2022,CPR,WY,ANM,WE,Combined TRACON& Tower with Radar,2,12,8,0,22,0,2,25,0,27,2,14,33,0,49,36,0,36,85
08/15/2022,CPR,WY,ANM,WE,Combined TRACON& Tower with Radar,5,13,21,14,53,0,2,41,0,43,5,15,62,14,96,70,0,70,166
08/16/2022,CPR,WY,ANM,WE,Combined TRACON& Tower with Radar,5,20,13,2,40,0,0,36,3,39,5,20,49,5,79,44,12,56,135
08/17/2022,CPR,WY,ANM,WE,Combined TRACON& Tower with Radar,6,25,23,3,57,0,6,32,2,40,6,31,55,5,97,84,0,84,181
08/18/2022,CPR,WY,ANM,WE,Combined TRACON& Tower with Radar,5,20,13,0,38,0,6,41,0,47,5,26,54,0,85,36,0,36,121
08/19/2022,CPR,WY,ANM,WE,Combined TRACON& Tower with Radar,5,21,12,0,38,0,1,25,0,26,5,22,37,0,64,16,0,16,80
08/20/2022,CPR,WY,ANM,WE,Combined TRACON& Tower with Radar,4,20,6,2,32,0,4,33,0,37,4,24,39,2,69,10,0,10,79
08/21/2022,CPR,WY,ANM,WE,Combined TRACON& Tower with Radar,1,19,18,0,38,0,10,24,0,34,1,29,42,0,72,2,0,2,74
08/22/2022,CPR,WY,ANM,WE,Combined TRACON& Tower with Radar,4,13,27,0,44,0,0,26,0,26,4,13,53,0,70,14,0,14,84
08/23/2022,CPR,WY,ANM,WE,Combined TRACON& Tower with Radar,6,21,20,0,47,0,3,32,0,35,6,24,52,0,82,52,0,52,134
08/24/2022,CPR,WY,ANM,WE,Combined TRACON& Tower with Radar,4,24,18,0,46,0,9,33,0,42,4,33,51,0,88,46,0,46,134
08/25/2022,CPR,WY,ANM,WE,Combined TRACON& Tower with Radar,5,26,30,0,61,0,7,34,2,43,5,33,64,2,104,28,0,28,132
08/26/2022,CPR,WY,ANM,WE,Combined TRACON& Tower with Radar,5,25,17,0,47,0,0,49,0,49,5,25,66,0,96,28,0,28,124
08/27/2022,CPR,WY,ANM,WE,Combined TRACON& Tower with Radar,4,12,8,0,24,0,1,37,0,38,4,13,45,0,62,0,0,0,62
08/28/2022,CPR,WY,ANM,WE,Combined TRACON& Tower with Radar,2,9,7,0,18,0,7,24,0,31,2,16,31,0,49,12,0,12,61
08/29/2022,CPR,WY,ANM,WE,Combined TRACON& Tower with Radar,4,16,21,0,41,0,3,58,0,61,4,19,79,0,102,52,0,52,154
08/30/2022,CPR,WY,ANM,WE,Combined TRACON& Tower with Radar,4,20,10,1,35,0,0,36,0,36,4,20,46,1,71,62,0,62,133
08/31/2022,CPR,WY,ANM,WE,Combined TRACON& Tower with Radar,5,22,27,1,55,0,23,57,0,80,5,45,84,1,135,34,0,34,169
09/01/2022,CPR,WY,ANM,WE,Combined TRACON& Tower with Radar,5,27,15,1,48,0,9,29,3,41,5,36,44,4,89,28,16,44,133
09/02/2022,CPR,WY,ANM,WE,Combined TRACON& Tower with Radar,5,27,15,0,47,0,6,40,1,47,5,33,55,1,94,48,0,48,142
09/03/2022,CPR,WY,ANM,WE,Combined TRACON& Tower with Radar,4,18,5,0,27,0,2,24,0,26,4,20,29,0,53,36,0,36,89
09/04/2022,CPR,WY,ANM,WE,Combined TRACON& Tower with Radar,2,9,8,0,19,0,3,19,0,22,2,12,27,0,41,6,0,6,47
09/05/2022,CPR,WY,ANM,WE,Combined TRACON& Tower with Radar,2,11,11,0,24,0,1,23,2,26,2,12,34,2,50,36,0,36,86
09/06/2022,CPR,WY,ANM,WE,Combined TRACON& Tower with Radar,3,28,14,0,45,0,10,36,1,47,3,38,50,1,92,66,0,66,158
09/07/2022,CPR,WY,ANM,WE,Combined TRACON& Tower with Radar,5,27,27,0,59,0,18,43,0,61,5,45,70,0,120,38,0,38,158
09/08/2022,CPR,WY,ANM,WE,Combined TRACON& Tower with Radar,4,31,11,4,50,0,6,29,0,35,4,37,40,4,85,38,6,44,129
09/09/2022,CPR,WY,ANM,WE,Combined TRACON& Tower with Radar,3,22,30,0,55,0,1,3,0,4,3,23,33,0,59,5,0,5,64
09/10/2022,CPR,WY,ANM,WE,Combined TRACON& Tower with Radar,2,19,8,0,29,0,1,33,0,34,2,20,41,0,63,42,0,42,105
09/11/2022,CPR,WY,ANM,WE,Combined TRACON& Tower with Radar,0,18,14,0,32,0,2,50,0,52,0,20,64,0,84,2,0,2,86
09/12/2022,CPR,WY,ANM,WE,Combined TRACON& Tower with Radar,2,20,23,0,45,0,4,46,0,50,2,24,69,0,95,72,0,72,167
09/13/2022,CPR,WY,ANM,WE,Combined TRACON& Tower with Radar,4,27,24,0,55,0,4,44,0,48,4,31,68,0,103,60,0,60,163
09/14/2022,CPR,WY,ANM,WE,Combined TRACON& Tower with Radar,5,32,17,0,54,0,6,47,0,53,5,38,64,0,107,50,0,50,157
09/15/2022,CPR,WY,ANM,WE,Combined TRACON& Tower with Radar,4,29,21,2,56,0,0,2,0,2,4,29,23,2,58,0,0,0,58
09/16/2022,CPR,WY,ANM,WE,Combined TRACON& Tower with Radar,3,29,9,0,41,0,1,21,0,22,3,30,30,0,63,8,0,8,71
09/17/2022,CPR,WY,ANM,WE,Combined TRACON& Tower with Radar,2,21,8,0,31,0,5,32,0,37,2,26,40,0,68,18,0,18,86
09/18/2022,CPR,WY,ANM,WE,Combined TRACON& Tower with Radar,0,20,20,0,40,0,2,29,0,31,0,22,49,0,71,4,0,4,75
09/19/2022,CPR,WY,ANM,WE,Combined TRACON& Tower with Radar,2,25,17,6,50,0,7,40,4,51,2,32,57,10,101,14,12,26,127
09/20/2022,CPR,WY,ANM,WE,Combined TRACON& Tower with Radar,4,33,17,4,58,0,1,42,10,53,4,34,59,14,111,42,20,62,173
09/21/2022,CPR,WY,ANM,WE,Combined TRACON& Tower with Radar,3,41,22,0,66,0,3,19,0,22,3,44,41,0,88,4,0,4,92
09/22/2022,CPR,WY,ANM,WE,Combined TRACON& Tower with Radar,4,35,15,0,54,0,1,19,0,20,4,36,34,0,74,30,0,30,104
09/23/2022,CPR,WY,ANM,WE,Combined TRACON& Tower with Radar,3,33,23,6,65,0,0,18,4,22,3,33,41,10,87,0,0,0,87
09/24/2022,CPR,WY,ANM,WE,Combined TRACON& Tower with Radar,2,19,11,4,36,0,7,33,1,41,2,26,44,5,77,32,0,32,109
09/25/2022,CPR,WY,ANM,WE,Combined TRACON& Tower with Radar,0,22,19,0,41,0,2,34,1,37,0,24,53,1,78,6,0,6,84
09/26/2022,CPR,WY,ANM,WE,Combined TRACON& Tower with Radar,2,25,12,0,39,0,1,46,0,47,2,26,58,0,86,62,0,62,148
09/27/2022,CPR,WY,ANM,WE,Combined TRACON& Tower with Radar,3,28,14,0,45,0,1,50,0,51,3,29,64,0,96,20,8,28,124
09/28/2022,CPR,WY,ANM,WE,Combined TRACON& Tower with Radar,4,25,20,0,49,0,1,54,0,55,4,26,74,0,104,40,0,40,144
09/29/2022,CPR,WY,ANM,WE,Combined TRACON& Tower with Radar,3,26,8,5,42,0,0,27,3,30,3,26,35,8,72,38,10,48,120
09/30/2022,CPR,WY,ANM,WE,Combined TRACON& Tower with Radar,5,20,14,0,39,0,2,26,0,28,5,22,40,0,67,66,0,66,133
10/01/2022,CPR,WY,ANM,WE,Combined TRACON& Tower with Radar,9,13,8,0,30,0,1,7,0,8,9,14,15,0,38,12,0,12,50
10/02/2022,CPR,WY,ANM,WE,Combined TRACON& Tower with Radar,6,8,18,0,32,0,0,14,0,14,6,8,32,0,46,12,0,12,58
10/03/2022,CPR,WY,ANM,WE,Combined TRACON& Tower with Radar,8,17,10,0,35,0,1,23,1,25,8,18,33,1,60,8,0,8,68
10/04/2022,CPR,WY,ANM,WE,Combined TRACON& Tower with Radar,12,27,20,3,62,0,5,41,0,46,12,32,61,3,108,18,0,18,126
10/05/2022,CPR,WY,ANM,WE,Combined TRACON& Tower with Radar,10,22,16,0,48,0,0,65,0,65,10,22,81,0,113,66,0,66,179
10/06/2022,CPR,WY,ANM,WE,Combined TRACON& Tower with Radar,9,26,29,8,72,0,1,32,9,42,9,27,61,17,114,24,10,34,148
10/07/2022,CPR,WY,ANM,WE,Combined TRACON& Tower with Radar,8,24,22,0,54,0,2,14,0,16,8,26,36,0,70,34,0,34,104
10/08/2022,CPR,WY,ANM,WE,Combined TRACON& Tower with Radar,8,17,9,0,34,0,2,32,0,34,8,19,41,0,68,18,20,38,106
10/09/2022,CPR,WY,ANM,WE,Combined TRACON& Tower with Radar,4,8,15,2,29,0,1,42,0,43,4,9,57,2,72,52,0,52,124
10/10/2022,CPR,WY,ANM,WE,Combined TRACON& Tower with Radar,8,14,22,0,44,0,1,52,0,53,8,15,74,0,97,38,0,38,135
10/11/2022,CPR,WY,ANM,WE,Combined TRACON& Tower with Radar,10,19,27,2,58,0,1,22,0,23,10,20,49,2,81,4,0,4,85
10/12/2022,CPR,WY,ANM,WE,Combined TRACON& Tower with Radar,11,28,20,0,59,0,0,43,0,43,11,28,63,0,102,72,0,72,174
10/13/2022,CPR,WY,ANM,WE,Combined TRACON& Tower with Radar,10,26,30,0,66,0,3,39,0,42,10,29,69,0,108,42,0,42,150
10/14/2022,CPR,WY,ANM,WE,Combined TRACON& Tower with Radar,11,17,13,0,41,0,0,23,0,23,11,17,36,0,64,16,0,16,80
10/15/2022,CPR,WY,ANM,WE,Combined TRACON& Tower with Radar,8,17,6,0,31,0,2,26,0,28,8,19,32,0,59,12,0,12,71
10/16/2022,CPR,WY,ANM,WE,Combined TRACON& Tower with Radar,6,10,13,0,29,0,2,35,0,37,6,12,48,0,66,16,0,16,82
10/17/2022,CPR,WY,ANM,WE,Combined TRACON& Tower with Radar,8,19,15,0,42,0,3,43,0,46,8,22,58,0,88,48,0,48,136
10/18/2022,CPR,WY,ANM,WE,Combined TRACON& Tower with Radar,10,23,30,3,66,0,1,45,0,46,10,24,75,3,112,70,0,70,182
10/19/2022,CPR,WY,ANM,WE,Combined TRACON& Tower with Radar,10,24,23,0,57,0,5,37,0,42,10,29,60,0,99,62,0,62,161
10/20/2022,CPR,WY,ANM,WE,Combined TRACON& Tower with Radar,9,19,29,0,57,0,2,56,0,58,9,21,85,0,115,104,0,104,219
10/21/2022,CPR,WY,ANM,WE,Combined TRACON& Tower with Radar,9,21,13,1,44,0,2,23,1,26,9,23,36,2,70,18,0,18,88
10/22/2022,CPR,WY,ANM,WE,Combined TRACON& Tower with Radar,8,15,4,0,27,0,2,3,0,5,8,17,7,0,32,0,0,0,32
10/23/2022,CPR,WY,ANM,WE,Combined TRACON& Tower with Radar,5,12,10,2,29,0,0,0,0,0,5,12,10,2,29,0,0,0,29
10/24/2022,CPR,WY,ANM,WE,Combined TRACON& Tower with Radar,8,27,13,0,48,0,7,18,0,25,8,34,31,0,73,28,0,28,101
10/25/2022,CPR,WY,ANM,WE,Combined TRACON& Tower with Radar,10,28,16,0,54,0,1,17,0,18,10,29,33,0,72,12,0,12,84
10/26/2022,CPR,WY,ANM,WE,Combined TRACON& Tower with Radar,10,20,19,0,49,0,0,35,0,35,10,20,54,0,84,28,0,28,112
10/27/2022,CPR,WY,ANM,WE,Combined TRACON& Tower with Radar,10,25,26,7,68,0,0,53,3,56,10,25,79,10,124,30,10,40,164
10/28/2022,CPR,WY,ANM,WE,Combined TRACON& Tower with Radar,9,23,17,0,49,0,2,20,0,22,9,25,37,0,71,0,0,0,71
10/29/2022,CPR,WY,ANM,WE,Combined TRACON& Tower with Radar,7,14,12,2,35,0,0,21,0,21,7,14,33,2,56,24,0,24,80
10/30/2022,CPR,WY,ANM,WE,Combined TRACON& Tower with Radar,2,10,20,0,32,0,1,42,0,43,2,11,62,0,75,14,0,14,89
10/31/2022,CPR,WY,ANM,WE,Combined TRACON& Tower with Radar,4,19,10,0,33,0,6,17,0,23,4,25,27,0,56,38,0,38,94
11/01/2022,CPR,WY,ANM,WE,Combined TRACON& Tower with Radar,6,29,23,2,60,0,3,17,0,20,6,32,40,2,80,4,0,4,84
11/02/2022,CPR,WY,ANM,WE,Combined TRACON& Tower with Radar,5,30,18,0,53,0,4,12,0,16,5,34,30,0,69,0,0,0,69
11/03/2022,CPR,WY,ANM,WE,Combined TRACON& Tower with Radar,5,28,11,0,44,0,0,0,0,0,5,28,11,0,44,0,0,0,44
11/04/2022,CPR,WY,ANM,WE,Combined TRACON& Tower with Radar,5,22,16,0,43,0,1,34,0,35,5,23,50,0,78,0,0,0,78
11/05/2022,CPR,WY,ANM,WE,Combined TRACON& Tower with Radar,3,19,5,0,27,0,0,0,0,0,3,19,5,0,27,0,0,0,27
11/06/2022,CPR,WY,ANM,WE,Combined TRACON& Tower with Radar,3,18,14,0,35,0,0,21,0,21,3,18,35,0,56,20,0,20,76
11/07/2022,CPR,WY,ANM,WE,Combined TRACON& Tower with Radar,4,20,14,4,42,0,2,7,0,9,4,22,21,4,51,18,0,18,69
11/08/2022,CPR,WY,ANM,WE,Combined TRACON& Tower with Radar,6,28,18,0,52,0,1,39,0,40,6,29,57,0,92,34,0,34,126
11/09/2022,CPR,WY,ANM,WE,Combined TRACON& Tower with Radar,5,24,17,0,46,0,0,0,0,0,5,24,17,0,46,0,0,0,46
11/10/2022,CPR,WY,ANM,WE,Combined TRACON& Tower with Radar,5,31,24,6,66,0,1,5,0,6,5,32,29,6,72,8,0,8,80
11/11/2022,CPR,WY,ANM,WE,Combined TRACON& Tower with Radar,5,27,7,0,39,0,6,51,0,57,5,33,58,0,96,46,0,46,142
11/12/2022,CPR,WY,ANM,WE,Combined TRACON& Tower with Radar,4,17,7,0,28,0,2,21,0,23,4,19,28,0,51,6,0,6,57
11/13/2022,CPR,WY,ANM,WE,Combined TRACON& Tower with Radar,2,11,12,0,25,0,0,26,0,26,2,11,38,0,51,0,0,0,51
11/14/2022,CPR,WY,ANM,WE,Combined TRACON& Tower with Radar,4,17,29,0,50,0,1,31,0,32,4,18,60,0,82,10,0,10,92
11/15/2022,CPR,WY,ANM,WE,Combined TRACON& Tower with Radar,6,29,29,1,65,0,1,29,0,30,6,30,58,1,95,26,0,26,121
11/16/2022,CPR,WY,ANM,WE,Combined TRACON& Tower with Radar,6,33,30,1,70,0,4,37,0,41,6,37,67,1,111,28,0,28,139
11/17/2022,CPR,WY,ANM,WE,Combined TRACON& Tower with Radar,5,31,22,0,58,0,0,7,0,7,5,31,29,0,65,26,0,26,91
11/18/2022,CPR,WY,ANM,WE,Combined TRACON& Tower with Radar,5,25,15,1,46,0,0,39,1,40,5,25,54,2,86,44,0,44,130
11/19/2022,CPR,WY,ANM,WE,Combined TRACON& Tower with Radar,4,13,9,0,26,0,1,29,0,30,4,14,38,0,56,10,0,10,66
11/20/2022,CPR,WY,ANM,WE,Combined TRACON& Tower with Radar,2,14,7,2,25,0,1,38,0,39,2,15,45,2,64,30,0,30,94
11/21/2022,CPR,WY,ANM,WE,Combined TRACON& Tower with Radar,4,19,32,0,55,0,1,37,0,38,4,20,69,0,93,30,0,30,123
11/22/2022,CPR,WY,ANM,WE,Combined TRACON& Tower with Radar,6,22,24,0,52,0,1,22,0,23,6,23,46,0,75,22,0,22,97
11/23/2022,CPR,WY,ANM,WE,Combined TRACON& Tower with Radar,6,26,4,0,36,0,0,8,0,8,6,26,12,0,44,8,0,8,52
11/24/2022,CPR,WY,ANM,WE,Combined TRACON& Tower with Radar,2,6,0,0,8,0,2,13,0,15,2,8,13,0,23,0,0,0,23
11/25/2022,CPR,WY,ANM,WE,Combined TRACON& Tower with Radar,5,19,6,0,30,0,2,25,0,27,5,21,31,0,57,0,0,0,57
11/26/2022,CPR,WY,ANM,WE,Combined TRACON& Tower with Radar,4,16,2,0,22,0,0,18,0,18,4,16,20,0,40,48,0,48,88
11/27/2022,CPR,WY,ANM,WE,Combined TRACON& Tower with Radar,2,20,10,0,32,0,3,15,0,18,2,23,25,0,50,12,0,12,62
11/28/2022,CPR,WY,ANM,WE,Combined TRACON& Tower with Radar,3,13,9,0,25,0,0,0,0,0,3,13,9,0,25,0,0,0,25
11/29/2022,CPR,WY,ANM,WE,Combined TRACON& Tower with Radar,6,31,8,0,45,0,2,18,0,20,6,33,26,0,65,12,0,12,77
11/30/2022,CPR,WY,ANM,WE,Combined TRACON& Tower with Radar,6,26,14,2,48,0,0,12,0,12,6,26,26,2,60,0,0,0,60
12/01/2022,CPR,WY,ANM,WE,Combined TRACON& Tower with Radar,6,19,15,0,40,0,0,6,0,6,6,19,21,0,46,0,0,0,46
12/02/2022,CPR,WY,ANM,WE,Combined TRACON& Tower with Radar,6,26,21,0,53,0,0,16,0,16,6,26,37,0,69,6,0,6,75
12/03/2022,CPR,WY,ANM,WE,Combined TRACON& Tower with Radar,4,23,7,0,34,0,0,18,0,18,4,23,25,0,52,10,0,10,62
12/04/2022,CPR,WY,ANM,WE,Combined TRACON& Tower with Radar,2,13,30,1,46,0,1,16,1,18,2,14,46,2,64,8,0,8,72
12/05/2022,CPR,WY,ANM,WE,Combined TRACON& Tower with Radar,4,22,19,0,45,0,1,36,0,37,4,23,55,0,82,64,0,64,146
12/06/2022,CPR,WY,ANM,WE,Combined TRACON& Tower with Radar,6,35,20,0,61,0,2,23,0,25,6,37,43,0,86,8,0,8,94
12/07/2022,CPR,WY,ANM,WE,Combined TRACON& Tower with Radar,9,25,20,0,54,0,3,37,0,40,9,28,57,0,94,12,0,12,106
12/08/2022,CPR,WY,ANM,WE,Combined TRACON& Tower with Radar,6,30,16,0,52,0,2,11,0,13,6,32,27,0,65,0,0,0,65
12/09/2022,CPR,WY,ANM,WE,Combined TRACON& Tower with Radar,6,26,17,0,49,0,3,10,4,17,6,29,27,4,66,0,0,0,66
12/10/2022,CPR,WY,ANM,WE,Combined TRACON& Tower with Radar,4,16,8,0,28,0,0,12,0,12,4,16,20,0,40,0,0,0,40
12/11/2022,CPR,WY,ANM,WE,Combined TRACON& Tower with Radar,2,15,10,1,28,0,2,8,2,12,2,17,18,3,40,0,0,0,40
12/12/2022,CPR,WY,ANM,WE,Combined TRACON& Tower with Radar,4,29,21,0,54,0,1,17,0,18,4,30,38,0,72,54,0,54,126
12/13/2022,CPR,WY,ANM,WE,Combined TRACON& Tower with Radar,8,19,15,0,42,0,0,0,0,0,8,19,15,0,42,12,0,12,54
12/14/2022,CPR,WY,ANM,WE,Combined TRACON& Tower with Radar,6,25,9,0,40,0,1,3,0,4,6,26,12,0,44,0,0,0,44
12/15/2022,CPR,WY,ANM,WE,Combined TRACON& Tower with Radar,5,22,17,0,44,0,1,33,0,34,5,23,50,0,78,114,0,114,192
12/16/2022,CPR,WY,ANM,WE,Combined TRACON& Tower with Radar,4,25,28,0,57,0,3,36,0,39,4,28,64,0,96,32,0,32,128
12/17/2022,CPR,WY,ANM,WE,Combined TRACON& Tower with Radar,2,16,5,0,23,0,4,30,0,34,2,20,35,0,57,36,0,36,93
12/18/2022,CPR,WY,ANM,WE,Combined TRACON& Tower with Radar,1,16,7,0,24,0,1,11,2,14,1,17,18,2,38,0,0,0,38
12/19/2022,CPR,WY,ANM,WE,Combined TRACON& Tower with Radar,2,21,30,2,55,0,0,33,0,33,2,21,63,2,88,42,0,42,130
12/20/2022,CPR,WY,ANM,WE,Combined TRACON& Tower with Radar,6,33,26,1,66,0,0,30,3,33,6,33,56,4,99,20,4,24,123
12/21/2022,CPR,WY,ANM,WE,Combined TRACON& Tower with Radar,4,22,11,0,37,0,0,1,0,1,4,22,12,0,38,0,0,0,38
12/22/2022,CPR,WY,ANM,WE,Combined TRACON& Tower with Radar,3,30,11,0,44,0,0,1,0,1,3,30,12,0,45,0,0,0,45
12/23/2022,CPR,WY,ANM,WE,Combined TRACON& Tower with Radar,2,33,13,0,48,0,0,21,0,21,2,33,34,0,69,10,0,10,79
12/24/2022,CPR,WY,ANM,WE,Combined TRACON& Tower with Radar,2,21,1,0,24,0,1,9,0,10,2,22,10,0,34,0,0,0,34
12/25/2022,CPR,WY,ANM,WE,Combined TRACON& Tower with Radar,0,11,2,0,13,0,1,3,0,4,0,12,5,0,17,0,0,0,17
12/26/2022,CPR,WY,ANM,WE,Combined TRACON& Tower with Radar,0,19,6,0,25,0,2,16,0,18,0,21,22,0,43,0,0,0,43
12/27/2022,CPR,WY,ANM,WE,Combined TRACON& Tower with Radar,1,22,8,0,31,0,0,2,0,2,1,22,10,0,33,0,0,0,33
12/28/2022,CPR,WY,ANM,WE,Combined TRACON& Tower with Radar,4,35,26,0,65,0,1,31,0,32,4,36,57,0,97,34,0,34,131
12/29/2022,CPR,WY,ANM,WE,Combined TRACON& Tower with Radar,3,23,26,8,60,0,3,41,0,44,3,26,67,8,104,62,0,62,166
12/30/2022,CPR,WY,ANM,WE,Combined TRACON& Tower with Radar,4,28,9,0,41,0,0,7,0,7,4,28,16,0,48,14,0,14,62
12/31/2022,CPR,WY,ANM,WE,Combined TRACON& Tower with Radar,2,19,6,0,27,0,0,4,0,4,2,19,10,0,31,10,0,10,41
01/01/2023,CPR,WY,ANM,WE,Combined TRACON& Tower with Radar,0,6,1,0,7,0,0,0,0,0,0,6,1,0,7,0,0,0,7
01/02/2023,CPR,WY,ANM,WE,Combined TRACON& Tower with Radar,0,10,6,0,16,0,0,0,0,0,0,10,6,0,16,0,0,0,16
01/03/2023,CPR,WY,ANM,WE,Combined TRACON& Tower with Radar,2,29,16,0,47,0,0,10,0,10,2,29,26,0,57,2,0,2,59
01/04/2023,CPR,WY,ANM,WE,Combined TRACON& Tower with Radar,8,25,17,0,50,0,2,45,3,50,8,27,62,3,100,28,0,28,128
01/05/2023,CPR,WY,ANM,WE,Combined TRACON& Tower with Radar,6,29,18,0,53,0,1,35,0,36,6,30,53,0,89,46,0,46,135
01/06/2023,CPR,WY,ANM,WE,Combined TRACON& Tower with Radar,6,21,15,0,42,0,0,29,0,29,6,21,44,0,71,98,0,98,169
01/07/2023,CPR,WY,ANM,WE,Combined TRACON& Tower with Radar,4,25,18,0,47,0,3,26,0,29,4,28,44,0,76,26,0,26,102
01/08/2023,CPR,WY,ANM,WE,Combined TRACON& Tower with Radar,2,16,5,0,23,0,0,2,2,4,2,16,7,2,27,0,0,0,27
01/09/2023,CPR,WY,ANM,WE,Combined TRACON& Tower with Radar,5,13,18,0,36,0,6,19,0,25,5,19,37,0,61,24,0,24,85
01/10/2023,CPR,WY,ANM,WE,Combined TRACON& Tower with Radar,5,21,14,0,40,0,0,14,0,14,5,21,28,0,54,24,0,24,78
01/11/2023,CPR,WY,ANM,WE,Combined TRACON& Tower with Radar,5,26,7,0,38,0,0,0,0,0,5,26,7,0,38,0,0,0,38
01/12/2023,CPR,WY,ANM,WE,Combined TRACON& Tower with Radar,4,25,21,0,50,0,1,27,0,28,4,26,48,0,78,10,0,10,88
01/13/2023,CPR,WY,ANM,WE,Combined TRACON& Tower with Radar,6,30,17,0,53,0,1,32,1,34,6,31,49,1,87,8,0,8,95
01/14/2023,CPR,WY,ANM,WE,Combined TRACON& Tower with Radar,4,16,3,1,24,0,0,5,1,6,4,16,8,2,30,0,0,0,30
01/15/2023,CPR,WY,ANM,WE,Combined TRACON& Tower with Radar,2,11,8,1,22,0,0,19,0,19,2,11,27,1,41,76,0,76,117
01/16/2023,CPR,WY,ANM,WE,Combined TRACON& Tower with Radar,5,17,22,0,44,0,0,27,0,27,5,17,49,0,71,96,0,96,167
01/17/2023,CPR,WY,ANM,WE,Combined TRACON& Tower with Radar,5,19,8,0,32,0,0,5,0,5,5,19,13,0,37,28,0,28,65
01/18/2023,CPR,WY,ANM,WE,Combined TRACON& Tower with Radar,5,18,6,0,29,0,0,22,0,22,5,18,28,0,51,20,0,20,71
01/19/2023,CPR,WY,ANM,WE,Combined TRACON& Tower with Radar,6,24,24,0,54,0,2,31,0,33,6,26,55,0,87,60,0,60,147
01/20/2023,CPR,WY,ANM,WE,Combined TRACON& Tower with Radar,5,20,18,0,43,0,2,43,1,46,5,22,61,1,89,66,0,66,155
01/21/2023,CPR,WY,ANM,WE,Combined TRACON& Tower with Radar,3,18,10,0,31,0,2,31,3,36,3,20,41,3,67,46,0,46,113
01/22/2023,CPR,WY,ANM,WE,Combined TRACON& Tower with Radar,2,11,4,0,17,0,0,8,0,8,2,11,12,0,25,0,0,0,25
01/23/2023,CPR,WY,ANM,WE,Combined TRACON& Tower with Radar,4,26,14,0,44,0,0,3,0,3,4,26,17,0,47,16,0,16,63
01/24/2023,CPR,WY,ANM,WE,Combined TRACON& Tower with Radar,6,20,17,9,52,0,3,33,0,36,6,23,50,9,88,36,0,36,124
01/25/2023,CPR,WY,ANM,WE,Combined TRACON& Tower with Radar,6,22,21,0,49,0,0,10,0,10,6,22,31,0,59,22,0,22,81
01/26/2023,CPR,WY,ANM,WE,Combined TRACON& Tower with Radar,6,21,16,0,43,0,0,8,0,8,6,21,24,0,51,0,0,0,51
01/27/2023,CPR,WY,ANM,WE,Combined TRACON& Tower with Radar,6,30,13,1,50,0,0,9,2,11,6,30,22,3,61,14,0,14,75
01/28/2023,CPR,WY,ANM,WE,Combined TRACON& Tower with Radar,3,8,3,0,14,0,0,0,0,0,3,8,3,0,14,0,0,0,14
01/29/2023,CPR,WY,ANM,WE,Combined TRACON& Tower with Radar,2,12,6,0,20,0,0,0,0,0,2,12,6,0,20,0,0,0,20
01/30/2023,CPR,WY,ANM,WE,Combined TRACON& Tower with Radar,4,17,24,1,46,0,2,13,1,16,4,19,37,2,62,0,0,0,62
01/31/2023,CPR,WY,ANM,WE,Combined TRACON& Tower with Radar,4,24,17,0,45,0,0,9,0,9,4,24,26,0,54,0,0,0,54
02/01/2023,CPR,WY,ANM,WE,Combined TRACON& Tower with Radar,4,23,12,0,39,0,0,26,4,30,4,23,38,4,69,0,0,0,69
02/02/2023,CPR,WY,ANM,WE,Combined TRACON& Tower with Radar,2,19,22,2,45,0,2,24,2,28,2,21,46,4,73,14,0,14,87
02/03/2023,CPR,WY,ANM,WE,Combined TRACON& Tower with Radar,6,20,18,2,46,0,1,17,0,18,6,21,35,2,64,16,0,16,80
02/04/2023,CPR,WY,ANM,WE,Combined TRACON& Tower with Radar,4,18,2,0,24,0,0,6,0,6,4,18,8,0,30,24,0,24,54
02/05/2023,CPR,WY,ANM,WE,Combined TRACON& Tower with Radar,2,9,5,0,16,0,3,3,1,7,2,12,8,1,23,22,0,22,45
02/06/2023,CPR,WY,ANM,WE,Combined TRACON& Tower with Radar,4,21,12,0,37,0,0,3,0,3,4,21,15,0,40,0,0,0,40
02/07/2023,CPR,WY,ANM,WE,Combined TRACON& Tower with Radar,6,33,19,0,58,0,1,34,0,35,6,34,53,0,93,46,0,46,139
02/08/2023,CPR,WY,ANM,WE,Combined TRACON& Tower with Radar,5,22,13,0,40,0,1,17,0,18,5,23,30,0,58,20,0,20,78
02/09/2023,CPR,WY,ANM,WE,Combined TRACON& Tower with Radar,6,29,27,0,62,0,0,38,0,38,6,29,65,0,100,42,0,42,142
02/10/2023,CPR,WY,ANM,WE,Combined TRACON& Tower with Radar,5,20,14,0,39,0,1,12,0,13,5,21,26,0,52,0,0,0,52
02/11/2023,CPR,WY,ANM,WE,Combined TRACON& Tower with Radar,3,17,16,0,36,0,0,22,0,22,3,17,38,0,58,34,0,34,92
02/12/2023,CPR,WY,ANM,WE,Combined TRACON& Tower with Radar,1,15,7,0,23,0,2,29,0,31,1,17,36,0,54,16,0,16,70
02/13/2023,CPR,WY,ANM,WE,Combined TRACON& Tower with Radar,2,24,17,0,43,0,2,21,2,25,2,26,38,2,68,36,0,36,104
02/14/2023,CPR,WY,ANM,WE,Combined TRACON& Tower with Radar,5,30,15,0,50,0,0,11,0,11,5,30,26,0,61,18,0,18,79
02/15/2023,CPR,WY,ANM,WE,Combined TRACON& Tower with Radar,5,20,12,2,39,0,0,37,0,37,5,20,49,2,76,30,0,30,106
02/16/2023,CPR,WY,ANM,WE,Combined TRACON& Tower with Radar,5,24,18,9,56,0,2,39,3,44,5,26,57,12,100,24,0,24,124
02/17/2023,CPR,WY,ANM,WE,Combined TRACON& Tower with Radar,5,26,15,0,46,0,6,19,0,25,5,32,34,0,71,8,0,8,79
02/18/2023,CPR,WY,ANM,WE,Combined TRACON& Tower with Radar,3,20,4,0,27,0,3,22,0,25,3,23,26,0,52,32,0,32,84
02/19/2023,CPR,WY,ANM,WE,Combined TRACON& Tower with Radar,1,12,6,0,19,0,0,9,0,9,1,12,15,0,28,0,0,0,28
02/20/2023,CPR,WY,ANM,WE,Combined TRACON& Tower with Radar,3,22,8,0,33,0,0,7,0,7,3,22,15,0,40,36,0,36,76
02/21/2023,CPR,WY,ANM,WE,Combined TRACON& Tower with Radar,5,12,3,0,20,0,1,1,0,2,5,13,4,0,22,0,0,0,22
02/22/2023,CPR,WY,ANM,WE,Combined TRACON& Tower with Radar,3,4,1,0,8,0,0,0,0,0,3,4,1,0,8,0,0,0,8
02/23/2023,CPR,WY,ANM,WE,Combined TRACON& Tower with Radar,4,26,16,2,48,0,0,18,0,18,4,26,34,2,66,4,0,4,70
02/24/2023,CPR,WY,ANM,WE,Combined TRACON& Tower with Radar,5,29,30,0,64,0,3,27,0,30,5,32,57,0,94,22,0,22,116
02/25/2023,CPR,WY,ANM,WE,Combined TRACON& Tower with Radar,4,25,15,0,44,0,6,9,0,15,4,31,24,0,59,0,0,0,59
02/26/2023,CPR,WY,ANM,WE,Combined TRACON& Tower with Radar,1,10,11,2,24,0,5,3,0,8,1,15,14,2,32,4,0,4,36
02/27/2023,CPR,WY,ANM,WE,Combined TRACON& Tower with Radar,4,23,11,0,38,0,2,18,0,20,4,25,29,0,58,38,0,38,96
02/28/2023,CPR,WY,ANM,WE,Combined TRACON& Tower with Radar,5,30,13,4,52,0,2,31,0,33,5,32,44,4,85,39,4,43,128
03/01/2023,CPR,WY,ANM,WE,Combined TRACON& Tower with Radar,5,23,19,0,47,0,1,40,2,43,5,24,59,2,90,60,0,60,150
03/02/2023,CPR,WY,ANM,WE,Combined TRACON& Tower with Radar,5,24,15,0,44,0,0,33,3,36,5,24,48,3,80,32,0,32,112
03/03/2023,CPR,WY,ANM,WE,Combined TRACON& Tower with Radar,8,22,9,0,39,0,0,17,0,17,8,22,26,0,56,92,0,92,148
03/04/2023,CPR,WY,ANM,WE,Combined TRACON& Tower with Radar,6,14,13,0,33,0,0,25,4,29,6,14,38,4,62,38,0,38,100
03/05/2023,CPR,WY,ANM,WE,Combined TRACON& Tower with Radar,4,11,3,0,18,0,5,10,0,15,4,16,13,0,33,14,0,14,47
03/06/2023,CPR,WY,ANM,WE,Combined TRACON& Tower with Radar,6,15,12,0,33,0,0,18,0,18,6,15,30,0,51,72,0,72,123
03/07/2023,CPR,WY,ANM,WE,Combined TRACON& Tower with Radar,8,25,12,0,45,0,3,43,0,46,8,28,55,0,91,68,0,68,159
03/08/2023,CPR,WY,ANM,WE,Combined TRACON& Tower with Radar,8,20,10,0,38,0,1,2,0,3,8,21,12,0,41,0,0,0,41
03/09/2023,CPR,WY,ANM,WE,Combined TRACON& Tower with Radar,8,24,24,3,59,0,3,23,5,31,8,27,47,8,90,34,2,36,126
03/10/2023,CPR,WY,ANM,WE,Combined TRACON& Tower with Radar,8,19,7,0,34,0,3,10,0,13,8,22,17,0,47,6,0,6,53
03/11/2023,CPR,WY,ANM,WE,Combined TRACON& Tower with Radar,6,16,7,5,34,0,2,33,4,39,6,18,40,9,73,30,0,30,103
03/12/2023,CPR,WY,ANM,WE,Combined TRACON& Tower with Radar,4,6,15,2,27,0,4,42,0,46,4,10,57,2,73,56,0,56,129
03/13/2023,CPR,WY,ANM,WE,Combined TRACON& Tower with Radar,6,12,13,0,31,0,5,47,0,52,6,17,60,0,83,46,0,46,129
03/14/2023,CPR,WY,ANM,WE,Combined TRACON& Tower with Radar,8,22,21,0,51,0,0,15,4,19,8,22,36,4,70,4,28,32,102
03/15/2023,CPR,WY,ANM,WE,Combined TRACON& Tower with Radar,8,19,18,2,47,0,3,9,1,13,8,22,27,3,60,4,2,6,66
03/16/2023,CPR,WY,ANM,WE,Combined TRACON& Tower with Radar,7,16,20,2,45,0,2,23,1,26,7,18,43,3,71,70,0,70,141
03/17/2023,CPR,WY,ANM,WE,Combined TRACON& Tower with Radar,8,18,26,4,56,0,2,33,0,35,8,20,59,4,91,24,0,24,115
03/18/2023,CPR,WY,ANM,WE,Combined TRACON& Tower with Radar,8,12,7,2,29,0,2,50,0,52,8,14,57,2,81,60,0,60,141
03/19/2023,CPR,WY,ANM,WE,Combined TRACON& Tower with Radar,2,16,4,0,22,0,2,17,0,19,2,18,21,0,41,20,0,20,61
03/20/2023,CPR,WY,ANM,WE,Combined TRACON& Tower with Radar,6,18,15,0,39,0,3,20,0,23,6,21,35,0,62,22,0,22,84
03/21/2023,CPR,WY,ANM,WE,Combined TRACON& Tower with Radar,8,24,21,2,55,0,0,35,0,35,8,24,56,2,90,40,0,40,130
03/22/2023,CPR,WY,ANM,WE,Combined TRACON& Tower with Radar,7,25,11,0,43,0,0,1,0,1,7,25,12,0,44,2,0,2,46
03/23/2023,CPR,WY,ANM,WE,Combined TRACON& Tower with Radar,6,30,27,0,63,0,1,33,1,35,6,31,60,1,98,24,0,24,122
03/24/2023,CPR,WY,ANM,WE,Combined TRACON& Tower with Radar,8,14,10,0,32,0,3,29,0,32,8,17,39,0,64,22,0,22,86
03/25/2023,CPR,WY,ANM,WE,Combined TRACON& Tower with Radar,6,17,13,0,36,0,2,7,0,9,6,19,20,0,45,6,2,8,53
03/26/2023,CPR,WY,ANM,WE,Combined TRACON& Tower with Radar,4,12,7,0,23,0,3,18,2,23,4,15,25,2,46,0,0,0,46
03/27/2023,CPR,WY,ANM,WE,Combined TRACON& Tower with Radar,4,23,20,0,47,0,0,7,0,7,4,23,27,0,54,2,0,2,56
03/28/2023,CPR,WY,ANM,WE,Combined TRACON& Tower with Radar,6,22,11,0,39,0,0,39,1,40,6,22,50,1,79,42,0,42,121
03/29/2023,CPR,WY,ANM,WE,Combined TRACON& Tower with Radar,8,21,30,0,59,0,0,33,2,35,8,21,63,2,94,64,0,64,158
03/30/2023,CPR,WY,ANM,WE,Combined TRACON& Tower with Radar,6,23,11,1,41,0,1,29,2,32,6,24,40,3,73,34,0,34,107
03/31/2023,CPR,WY,ANM,WE,Combined TRACON& Tower with Radar,6,26,7,0,39,0,0,9,0,9,6,26,16,0,48,6,0,6,54
04/01/2023,CPR,WY,ANM,WE,Combined TRACON& Tower with Radar,3,20,6,0,29,0,1,12,0,13,3,21,18,0,42,4,0,4,46
04/02/2023,CPR,WY,ANM,WE,Combined TRACON& Tower with Radar,2,13,7,0,22,0,2,3,2,7,2,15,10,2,29,0,0,0,29
04/03/2023,CPR,WY,ANM,WE,Combined TRACON& Tower with Radar,1,2,1,0,4,0,0,0,0,0,1,2,1,0,4,0,0,0,4
04/04/2023,CPR,WY,ANM,WE,Combined TRACON& Tower with Radar,0,1,0,0,1,0,0,0,0,0,0,1,0,0,1,0,0,0,1
04/05/2023,CPR,WY,ANM,WE,Combined TRACON& Tower with Radar,4,25,18,2,49,0,1,4,2,7,4,26,22,4,56,0,0,0,56
04/06/2023,CPR,WY,ANM,WE,Combined TRACON& Tower with Radar,6,36,20,6,68,0,0,29,2,31,6,36,49,8,99,50,20,70,169
04/07/2023,CPR,WY,ANM,WE,Combined TRACON& Tower with Radar,6,22,19,0,47,0,2,45,2,49,6,24,64,2,96,64,0,64,160
04/08/2023,CPR,WY,ANM,WE,Combined TRACON& Tower with Radar,2,22,6,0,30,0,0,40,0,40,2,22,46,0,70,40,0,40,110
04/09/2023,CPR,WY,ANM,WE,Combined TRACON& Tower with Radar,2,10,4,0,16,0,1,16,0,17,2,11,20,0,33,0,0,0,33
04/10/2023,CPR,WY,ANM,WE,Combined TRACON& Tower with Radar,4,18,24,0,46,0,1,46,0,47,4,19,70,0,93,46,0,46,139
04/11/2023,CPR,WY,ANM,WE,Combined TRACON& Tower with Radar,5,25,22,0,52,0,0,22,2,24,5,25,44,2,76,6,0,6,82
04/12/2023,CPR,WY,ANM,WE,Combined TRACON& Tower with Radar,5,25,19,0,49,0,4,35,0,39,5,29,54,0,88,32,0,32,120
04/13/2023,CPR,WY,ANM,WE,Combined TRACON& Tower with Radar,5,27,13,2,47,0,2,27,1,30,5,29,40,3,77,8,0,8,85
04/14/2023,CPR,WY,ANM,WE,Combined TRACON& Tower with Radar,5,23,11,0,39,0,0,4,0,4,5,23,15,0,43,20,0,20,63
04/15/2023,CPR,WY,ANM,WE,Combined TRACON& Tower with Radar,4,19,13,2,38,0,0,10,0,10,4,19,23,2,48,8,0,8,56
04/16/2023,CPR,WY,ANM,WE,Combined TRACON& Tower with Radar,2,13,8,0,23,0,0,31,0,31,2,13,39,0,54,24,0,24,78
04/17/2023,CPR,WY,ANM,WE,Combined TRACON& Tower with Radar,4,17,14,0,35,0,2,26,0,28,4,19,40,0,63,0,0,0,63
04/18/2023,CPR,WY,ANM,WE,Combined TRACON& Tower with Radar,5,20,10,0,35,0,1,12,2,15,5,21,22,2,50,8,0,8,58
04/19/2023,CPR,WY,ANM,WE,Combined TRACON& Tower with Radar,4,19,14,0,37,0,1,20,0,21,4,20,34,0,58,4,0,4,62
04/20/2023,CPR,WY,ANM,WE,Combined TRACON& Tower with Radar,5,22,16,0,43,0,0,20,0,20,5,22,36,0,63,0,0,0,63
04/21/2023,CPR,WY,ANM,WE,Combined TRACON& Tower with Radar,6,20,15,1,42,0,0,19,1,20,6,20,34,2,62,14,0,14,76
04/22/2023,CPR,WY,ANM,WE,Combined TRACON& Tower with Radar,4,16,6,0,26,0,0,37,0,37,4,16,43,0,63,60,0,60,123
04/23/2023,CPR,WY,ANM,WE,Combined TRACON& Tower with Radar,2,12,15,2,31,0,1,24,0,25,2,13,39,2,56,0,0,0,56
04/24/2023,CPR,WY,ANM,WE,Combined TRACON& Tower with Radar,4,22,17,3,46,0,4,48,4,56,4,26,65,7,102,46,24,70,172
04/25/2023,CPR,WY,ANM,WE,Combined TRACON& Tower with Radar,9,24,12,1,46,0,1,8,0,9,9,25,20,1,55,0,0,0,55
04/26/2023,CPR,WY,ANM,WE,Combined TRACON& Tower with Radar,5,22,23,0,50,0,1,70,0,71,5,23,93,0,121,64,0,64,185
04/27/2023,CPR,WY,ANM,WE,Combined TRACON& Tower with Radar,5,20,17,0,42,0,1,21,0,22,5,21,38,0,64,34,0,34,98
04/28/2023,CPR,WY,ANM,WE,Combined TRACON& Tower with Radar,5,22,20,4,51,0,0,60,0,60,5,22,80,4,111,28,0,28,139
04/29/2023,CPR,WY,ANM,WE,Combined TRACON& Tower with Radar,4,22,17,1,44,0,5,37,0,42,4,27,54,1,86,10,0,10,96
04/30/2023,CPR,WY,ANM,WE,Combined TRACON& Tower with Radar,2,10,9,1,22,0,0,26,8,34,2,10,35,9,56,10,6,16,72
05/01/2023,CPR,WY,ANM,WE,Combined TRACON& Tower with Radar,4,20,23,2,49,0,2,36,10,48,4,22,59,12,97,10,0,10,107
05/02/2023,CPR,WY,ANM,WE,Combined TRACON& Tower with Radar,6,23,23,2,54,0,3,44,4,51,6,26,67,6,105,6,4,10,115
05/03/2023,CPR,WY,ANM,WE,Combined TRACON& Tower with Radar,5,24,22,0,51,0,3,38,8,49,5,27,60,8,100,8,0,8,108
05/04/2023,CPR,WY,ANM,WE,Combined TRACON& Tower with Radar,5,21,12,3,41,0,0,28,3,31,5,21,40,6,72,10,0,10,82
05/05/2023,CPR,WY,ANM,WE,Combined TRACON& Tower with Radar,8,23,19,4,54,0,0,20,0,20,8,23,39,4,74,36,0,36,110
05/06/2023,CPR,WY,ANM,WE,Combined TRACON& Tower with Radar,7,15,2,2,26,0,0,8,6,14,7,15,10,8,40,8,0,8,48
05/07/2023,CPR,WY,ANM,WE,Combined TRACON& Tower with Radar,5,6,4,4,19,0,0,9,4,13,5,6,13,8,32,0,4,4,36
05/08/2023,CPR,WY,ANM,WE,Combined TRACON& Tower with Radar,7,11,16,0,34,0,1,33,0,34,7,12,49,0,68,22,0,22,90
05/09/2023,CPR,WY,ANM,WE,Combined TRACON& Tower with Radar,7,16,14,0,37,0,3,47,2,52,7,19,61,2,89,16,0,16,105
05/10/2023,CPR,WY,ANM,WE,Combined TRACON& Tower with Radar,7,19,24,3,53,0,2,39,0,41,7,21,63,3,94,36,14,50,144
05/11/2023,CPR,WY,ANM,WE,Combined TRACON& Tower with Radar,7,29,23,2,61,0,0,0,0,0,7,29,23,2,61,0,0,0,61
05/12/2023,CPR,WY,ANM,WE,Combined TRACON& Tower with Radar,10,23,13,0,46,0,2,4,0,6,10,25,17,0,52,0,0,0,52
05/13/2023,CPR,WY,ANM,WE,Combined TRACON& Tower with Radar,8,16,11,0,35,0,0,6,0,6,8,16,17,0,41,0,0,0,41
05/14/2023,CPR,WY,ANM,WE,Combined TRACON& Tower with Radar,5,4,11,1,21,0,0,4,0,4,5,4,15,1,25,0,0,0,25
05/15/2023,CPR,WY,ANM,WE,Combined TRACON& Tower with Radar,8,22,10,0,40,0,1,47,0,48,8,23,57,0,88,20,0,20,108
05/16/2023,CPR,WY,ANM,WE,Combined TRACON& Tower with Radar,10,21,22,0,53,0,10,55,0,65,10,31,77,0,118,36,0,36,154
05/17/2023,CPR,WY,ANM,WE,Combined TRACON& Tower with Radar,9,13,11,2,35,0,2,41,0,43,9,15,52,2,78,22,0,22,100
05/18/2023,CPR,WY,ANM,WE,Combined TRACON& Tower with Radar,7,27,15,0,49,0,0,6,2,8,7,27,21,2,57,20,6,26,83
05/19/2023,CPR,WY,ANM,WE,Combined TRACON& Tower with Radar,9,24,27,5,65,0,1,33,5,39,9,25,60,10,104,24,18,42,146
05/20/2023,CPR,WY,ANM,WE,Combined TRACON& Tower with Radar,8,16,5,0,29,0,1,32,0,33,8,17,37,0,62,8,0,8,70
05/21/2023,CPR,WY,ANM,WE,Combined TRACON& Tower with Radar,6,8,9,0,23,0,2,32,0,34,6,10,41,0,57,26,0,26,83
05/22/2023,CPR,WY,ANM,WE,Combined TRACON& Tower with Radar,8,20,32,0,60,0,4,50,3,57,8,24,82,3,117,36,0,36,153
05/23/2023,CPR,WY,ANM,WE,Combined TRACON& Tower with Radar,9,17,10,0,36,0,3,41,5,49,9,20,51,5,85,48,12,60,145
05/24/2023,CPR,WY,ANM,WE,Combined TRACON& Tower with Radar,9,20,15,0,44,0,0,20,0,20,9,20,35,0,64,8,0,8,72
05/25/2023,CPR,WY,ANM,WE,Combined TRACON& Tower with Radar,9,25,11,0,45,0,2,49,0,51,9,27,60,0,96,28,0,28,124
05/26/2023,CPR,WY,ANM,WE,Combined TRACON& Tower with Radar,8,16,8,0,32,0,2,36,0,38,8,18,44,0,70,14,0,14,84
05/27/2023,CPR,WY,ANM,WE,Combined TRACON& Tower with Radar,8,12,3,0,23,0,2,27,0,29,8,14,30,0,52,4,0,4,56
05/28/2023,CPR,WY,ANM,WE,Combined TRACON& Tower with Radar,6,7,4,0,17,0,1,33,0,34,6,8,37,0,51,18,0,18,69
05/29/2023,CPR,WY,ANM,WE,Combined TRACON& Tower with Radar,5,8,9,0,22,0,1,21,0,22,5,9,30,0,44,18,0,18,62
05/30/2023,CPR,WY,ANM,WE,Combined TRACON& Tower with Radar,8,13,18,0,39,0,3,34,0,37,8,16,52,0,76,16,0,16,92
05/31/2023,CPR,WY,ANM,WE,Combined TRACON& Tower with Radar,10,16,16,6,48,0,3,36,3,42,10,19,52,9,90,42,8,50,140
06/01/2023,CPR,WY,ANM,WE,Combined TRACON& Tower with Radar,9,15,18,0,42,0,1,37,0,38,9,16,55,0,80,8,0,8,88
06/02/2023,CPR,WY,ANM,WE,Combined TRACON& Tower with Radar,6,23,10,0,39,0,0,21,0,21,6,23,31,0,60,24,0,24,84
06/03/2023,CPR,WY,ANM,WE,Combined TRACON& Tower with Radar,6,20,9,0,35,0,3,30,0,33,6,23,39,0,68,24,0,24,92
06/04/2023,CPR,WY,ANM,WE,Combined TRACON& Tower with Radar,4,8,6,0,18,0,3,8,0,11,4,11,14,0,29,0,0,0,29
06/05/2023,CPR,WY,ANM,WE,Combined TRACON& Tower with Radar,6,16,17,0,39,0,0,39,0,39,6,16,56,0,78,44,0,44,122
06/06/2023,CPR,WY,ANM,WE,Combined TRACON& Tower with Radar,6,24,23,6,59,0,0,54,4,58,6,24,77,10,117,57,12,69,186
06/07/2023,CPR,WY,ANM,WE,Combined TRACON& Tower with Radar,7,23,11,0,41,0,4,37,4,45,7,27,48,4,86,20,0,20,106
06/08/2023,CPR,WY,ANM,WE,Combined TRACON& Tower with Radar,8,25,13,0,46,0,0,38,0,38,8,25,51,0,84,30,0,30,114
06/09/2023,CPR,WY,ANM,WE,Combined TRACON& Tower with Radar,8,20,17,6,51,0,2,38,6,46,8,22,55,12,97,24,6,30,127
06/10/2023,CPR,WY,ANM,WE,Combined TRACON& Tower with Radar,6,17,2,0,25,0,2,18,0,20,6,19,20,0,45,0,0,0,45
06/11/2023,CPR,WY,ANM,WE,Combined TRACON& Tower with Radar,4,8,7,0,19,0,0,10,6,16,4,8,17,6,35,0,0,0,35
06/12/2023,CPR,WY,ANM,WE,Combined TRACON& Tower with Radar,6,23,17,0,46,0,0,9,4,13,6,23,26,4,59,0,0,0,59
06/13/2023,CPR,WY,ANM,WE,Combined TRACON& Tower with Radar,8,31,31,0,70,0,0,36,5,41,8,31,67,5,111,24,0,24,135
06/14/2023,CPR,WY,ANM,WE,Combined TRACON& Tower with Radar,8,22,16,0,46,0,8,30,40,78,8,30,46,40,124,18,0,18,142
06/15/2023,CPR,WY,ANM,WE,Combined TRACON& Tower with Radar,6,26,22,4,58,0,0,6,10,16,6,26,28,14,74,0,0,0,74
06/16/2023,CPR,WY,ANM,WE,Combined TRACON& Tower with Radar,7,18,18,0,43,0,4,11,1,16,7,22,29,1,59,10,0,10,69
06/17/2023,CPR,WY,ANM,WE,Combined TRACON& Tower with Radar,5,20,14,0,39,0,1,153,0,154,5,21,167,0,193,12,0,12,205
06/18/2023,CPR,WY,ANM,WE,Combined TRACON& Tower with Radar,4,6,10,0,20,0,0,15,0,15,4,6,25,0,35,0,0,0,35
06/19/2023,CPR,WY,ANM,WE,Combined TRACON& Tower with Radar,5,13,11,0,29,0,2,45,0,47,5,15,56,0,76,6,0,6,82
06/20/2023,CPR,WY,ANM,WE,Combined TRACON& Tower with Radar,7,32,17,0,56,0,6,40,0,46,7,38,57,0,102,6,0,6,108
06/21/2023,CPR,WY,ANM,WE,Combined TRACON& Tower with Radar,8,19,21,0,48,0,1,15,0,16,8,20,36,0,64,0,0,0,64
06/22/2023,CPR,WY,ANM,WE,Combined TRACON& Tower with Radar,5,27,20,0,52,0,0,1,0,1,5,27,21,0,53,0,0,0,53
06/23/2023,CPR,WY,ANM,WE,Combined TRACON& Tower with Radar,4,29,13,0,46,0,4,21,0,25,4,33,34,0,71,0,0,0,71
06/24/2023,CPR,WY,ANM,WE,Combined TRACON& Tower with Radar,4,18,3,0,25,0,6,21,0,27,4,24,24,0,52,0,0,0,52
06/25/2023,CPR,WY,ANM,WE,Combined TRACON& Tower with Radar,2,19,11,0,32,0,4,48,0,52,2,23,59,0,84,18,0,18,102
06/26/2023,CPR,WY,ANM,WE,Combined TRACON& Tower with Radar,4,28,10,0,42,0,4,35,0,39,4,32,45,0,81,26,0,26,107
06/27/2023,CPR,WY,ANM,WE,Combined TRACON& Tower with Radar,6,31,41,2,80,0,4,33,0,37,6,35,74,2,117,12,0,12,129
06/28/2023,CPR,WY,ANM,WE,Combined TRACON& Tower with Radar,5,31,14,5,55,0,4,51,5,60,5,35,65,10,115,34,14,48,163
06/29/2023,CPR,WY,ANM,WE,Combined TRACON& Tower with Radar,4,24,17,0,45,0,4,31,0,35,4,28,48,0,80,24,0,24,104
06/30/2023,CPR,WY,ANM,WE,Combined TRACON& Tower with Radar,4,19,24,1,48,0,0,22,1,23,4,19,46,2,71,4,0,4,75
07/01/2023,CPR,WY,ANM,WE,Combined TRACON& Tower with Radar,6,13,10,0,29,0,0,35,0,35,6,13,45,0,64,0,0,0,64
07/02/2023,CPR,WY,ANM,WE,Combined TRACON& Tower with Radar,6,7,12,4,29,0,3,32,0,35,6,10,44,4,64,16,0,16,80
07/03/2023,CPR,WY,ANM,WE,Combined TRACON& Tower with Radar,6,14,6,0,26,0,1,33,0,34,6,15,39,0,60,14,0,14,74
07/04/2023,CPR,WY,ANM,WE,Combined TRACON& Tower with Radar,4,10,9,0,23,0,0,8,0,8,4,10,17,0,31,8,0,8,39
07/05/2023,CPR,WY,ANM,WE,Combined TRACON& Tower with Radar,7,27,12,0,46,0,1,40,3,44,7,28,52,3,90,44,0,44,134
07/06/2023,CPR,WY,ANM,WE,Combined TRACON& Tower with Radar,7,25,20,0,52,0,2,33,2,37,7,27,53,2,89,14,0,14,103
07/07/2023,CPR,WY,ANM,WE,Combined TRACON& Tower with Radar,6,28,20,0,54,0,1,50,0,51,6,29,70,0,105,54,0,54,159
07/08/2023,CPR,WY,ANM,WE,Combined TRACON& Tower with Radar,3,22,11,0,36,0,3,60,0,63,3,25,71,0,99,60,0,60,159
07/09/2023,CPR,WY,ANM,WE,Combined TRACON& Tower with Radar,4,11,9,0,24,0,1,20,0,21,4,12,29,0,45,0,0,0,45
07/10/2023,CPR,WY,ANM,WE,Combined TRACON& Tower with Radar,5,18,19,0,42,0,4,47,1,52,5,22,66,1,94,36,6,42,136
07/11/2023,CPR,WY,ANM,WE,Combined TRACON& Tower with Radar,6,24,11,1,42,0,1,31,2,34,6,25,42,3,76,2,0,2,78
07/12/2023,CPR,WY,ANM,WE,Combined TRACON& Tower with Radar,7,29,16,3,55,0,3,45,0,48,7,32,61,3,103,22,10,32,135
07/13/2023,CPR,WY,ANM,WE,Combined TRACON& Tower with Radar,8,24,17,0,49,0,1,38,1,40,8,25,55,1,89,16,0,16,105
07/14/2023,CPR,WY,ANM,WE,Combined TRACON& Tower with Radar,10,24,21,0,55,0,1,49,0,50,10,25,70,0,105,80,0,80,185
07/15/2023,CPR,WY,ANM,WE,Combined TRACON& Tower with Radar,5,20,9,2,36,0,2,44,0,46,5,22,53,2,82,42,0,42,124
07/16/2023,CPR,WY,ANM,WE,Combined TRACON& Tower with Radar,4,13,11,0,28,0,4,29,2,35,4,17,40,2,63,0,0,0,63
07/17/2023,CPR,WY,ANM,WE,Combined TRACON& Tower with Radar,6,20,17,0,43,0,1,36,2,39,6,21,53,2,82,28,0,28,110
07/18/2023,CPR,WY,ANM,WE,Combined TRACON& Tower with Radar,8,27,10,0,45,0,3,40,0,43,8,30,50,0,88,18,0,18,106
07/19/2023,CPR,WY,ANM,WE,Combined TRACON& Tower with Radar,10,20,10,0,40,0,2,37,0,39,10,22,47,0,79,32,0,32,111
07/20/2023,CPR,WY,ANM,WE,Combined TRACON& Tower with Radar,9,18,21,0,48,0,4,27,0,31,9,22,48,0,79,40,0,40,119
07/21/2023,CPR,WY,ANM,WE,Combined TRACON& Tower with Radar,7,21,16,0,44,0,6,53,0,59,7,27,69,0,103,47,0,47,150
07/22/2023,CPR,WY,ANM,WE,Combined TRACON& Tower with Radar,5,18,4,0,27,0,6,63,0,69,5,24,67,0,96,10,0,10,106
07/23/2023,CPR,WY,ANM,WE,Combined TRACON& Tower with Radar,3,17,16,0,36,0,6,14,0,20,3,23,30,0,56,24,0,24,80
07/24/2023,CPR,WY,ANM,WE,Combined TRACON& Tower with Radar,5,22,14,2,43,0,4,43,0,47,5,26,57,2,90,72,0,72,162
07/25/2023,CPR,WY,ANM,WE,Combined TRACON& Tower with Radar,7,27,20,0,54,0,15,34,1,50,7,42,54,1,104,58,0,58,162
07/26/2023,CPR,WY,ANM,WE,Combined TRACON& Tower with Radar,7,22,26,0,55,0,23,44,0,67,7,45,70,0,122,56,0,56,178
07/27/2023,CPR,WY,ANM,WE,Combined TRACON& Tower with Radar,7,37,14,0,58,0,10,49,0,59,7,47,63,0,117,76,0,76,193
07/28/2023,CPR,WY,ANM,WE,Combined TRACON& Tower with Radar,6,26,20,0,52,0,8,47,5,60,6,34,67,5,112,54,0,54,166
07/29/2023,CPR,WY,ANM,WE,Combined TRACON& Tower with Radar,6,19,12,0,37,0,4,49,2,55,6,23,61,2,92,6,0,6,98
07/30/2023,CPR,WY,ANM,WE,Combined TRACON& Tower with Radar,3,19,11,0,33,0,16,48,0,64,3,35,59,0,97,8,0,8,105
07/31/2023,CPR,WY,ANM,WE,Combined TRACON& Tower with Radar,5,18,13,0,36,0,3,53,2,58,5,21,66,2,94,34,0,34,128
08/01/2023,CPR,WY,ANM,WE,Combined TRACON& Tower with Radar,6,27,12,0,45,0,3,41,2,46,6,30,53,2,91,34,0,34,125
08/02/2023,CPR,WY,ANM,WE,Combined TRACON& Tower with Radar,8,32,15,0,55,0,0,30,0,30,8,32,45,0,85,28,0,28,113
08/03/2023,CPR,WY,ANM,WE,Combined TRACON& Tower with Radar,7,25,15,0,47,0,2,33,0,35,7,27,48,0,82,22,0,22,104
08/04/2023,CPR,WY,ANM,WE,Combined TRACON& Tower with Radar,5,25,7,0,37,0,0,7,0,7,5,25,14,0,44,4,0,4,48
08/05/2023,CPR,WY,ANM,WE,Combined TRACON& Tower with Radar,4,19,15,0,38,0,0,18,0,18,4,19,33,0,56,6,0,6,62
08/06/2023,CPR,WY,ANM,WE,Combined TRACON& Tower with Radar,2,12,11,0,25,0,1,36,0,37,2,13,47,0,62,22,0,22,84
08/07/2023,CPR,WY,ANM,WE,Combined TRACON& Tower with Radar,4,22,19,16,61,0,3,66,0,69,4,25,85,16,130,64,0,64,194
08/08/2023,CPR,WY,ANM,WE,Combined TRACON& Tower with Radar,5,33,15,0,53,0,2,58,0,60,5,35,73,0,113,40,0,40,153
08/09/2023,CPR,WY,ANM,WE,Combined TRACON& Tower with Radar,6,26,32,2,66,1,4,84,0,89,7,30,116,2,155,50,0,50,205
08/10/2023,CPR,WY,ANM,WE,Combined TRACON& Tower with Radar,6,30,20,2,58,0,3,53,2,58,6,33,73,4,116,46,0,46,162
08/11/2023,CPR,WY,ANM,WE,Combined TRACON& Tower with Radar,5,24,10,3,42,0,0,78,6,84,5,24,88,9,126,60,0,60,186
08/12/2023,CPR,WY,ANM,WE,Combined TRACON& Tower with Radar,4,20,10,0,34,0,2,50,0,52,4,22,60,0,86,48,0,48,134
08/13/2023,CPR,WY,ANM,WE,Combined TRACON& Tower with Radar,2,19,16,0,37,0,1,29,0,30,2,20,45,0,67,24,0,24,91
08/14/2023,CPR,WY,ANM,WE,Combined TRACON& Tower with Radar,4,24,20,0,48,0,8,63,0,71,4,32,83,0,119,30,0,30,149
08/15/2023,CPR,WY,ANM,WE,Combined TRACON& Tower with Radar,6,28,21,0,55,0,1,64,4,69,6,29,85,4,124,26,0,26,150
08/16/2023,CPR,WY,ANM,WE,Combined TRACON& Tower with Radar,4,29,12,8,53,0,2,52,3,57,4,31,64,11,110,38,4,42,152
08/17/2023,CPR,WY,ANM,WE,Combined TRACON& Tower with Radar,5,30,9,10,54,0,3,55,0,58,5,33,64,10,112,16,0,16,128
08/18/2023,CPR,WY,ANM,WE,Combined TRACON& Tower with Radar,5,24,11,0,40,0,5,22,0,27,5,29,33,0,67,0,0,0,67
08/19/2023,CPR,WY,ANM,WE,Combined TRACON& Tower with Radar,4,20,12,2,38,0,1,47,2,50,4,21,59,4,88,22,0,22,110
08/20/2023,CPR,WY,ANM,WE,Combined TRACON& Tower with Radar,2,13,14,0,29,0,5,29,0,34,2,18,43,0,63,46,0,46,109
08/21/2023,CPR,WY,ANM,WE,Combined TRACON& Tower with Radar,4,23,8,2,37,0,1,27,2,30,4,24,35,4,67,4,0,4,71
08/22/2023,CPR,WY,ANM,WE,Combined TRACON& Tower with Radar,5,29,19,0,53,0,0,38,0,38,5,29,57,0,91,12,0,12,103
08/23/2023,CPR,WY,ANM,WE,Combined TRACON& Tower with Radar,6,29,28,6,69,0,4,63,0,67,6,33,91,6,136,25,2,27,163
08/24/2023,CPR,WY,ANM,WE,Combined TRACON& Tower with Radar,6,30,14,0,50,0,2,47,0,49,6,32,61,0,99,58,0,58,157
08/25/2023,CPR,WY,ANM,WE,Combined TRACON& Tower with Radar,5,29,9,0,43,0,0,13,0,13,5,29,22,0,56,26,0,26,82
08/26/2023,CPR,WY,ANM,WE,Combined TRACON& Tower with Radar,4,22,4,0,30,0,1,40,1,42,4,23,44,1,72,30,0,30,102
08/27/2023,CPR,WY,ANM,WE,Combined TRACON& Tower with Radar,2,11,18,0,31,0,2,31,0,33,2,13,49,0,64,44,0,44,108
08/28/2023,CPR,WY,ANM,WE,Combined TRACON& Tower with Radar,4,19,7,0,30,0,0,53,0,53,4,19,60,0,83,38,0,38,121
08/29/2023,CPR,WY,ANM,WE,Combined TRACON& Tower with Radar,5,27,21,0,53,0,0,47,0,47,5,27,68,0,100,48,0,48,148
08/30/2023,CPR,WY,ANM,WE,Combined TRACON& Tower with Radar,5,33,19,0,57,0,1,28,0,29,5,34,47,0,86,8,0,8,94
08/31/2023,CPR,WY,ANM,WE,Combined TRACON& Tower with Radar,4,26,12,0,42,0,2,45,0,47,4,28,57,0,89,58,0,58,147
