01/01/2000,CPS,IL,AGL,CE,Towers with Display (VFR),0,1,4,0,5,0,0,40,0,40,0,1,44,0,45,44,0,44,89
01/02/2000,CPS,IL,AGL,CE,Towers with Display (VFR),0,0,6,0,6,0,0,19,0,19,0,0,25,0,25,10,0,10,35
01/03/2000,CPS,IL,AGL,CE,Towers with Display (VFR),0,25,44,0,69,0,6,5,0,11,0,31,49,0,80,0,0,0,80
01/04/2000,CPS,IL,AGL,CE,Towers with Display (VFR),0,16,28,0,44,0,15,28,0,43,0,31,56,0,87,26,0,26,113
01/05/2000,CPS,IL,AGL,CE,Towers with Display (VFR),0,16,28,1,45,0,9,124,2,135,0,25,152,3,180,168,0,168,348
01/06/2000,CPS,IL,AGL,CE,Towers with Display (VFR),0,20,35,0,55,0,9,113,0,122,0,29,148,0,177,179,0,179,356
01/07/2000,CPS,IL,AGL,CE,Towers with Display (VFR),0,23,39,0,62,0,0,125,0,125,0,23,164,0,187,124,0,124,311
01/08/2000,CPS,IL,AGL,CE,Towers with Display (VFR),0,8,13,0,21,0,1,47,0,48,0,9,60,0,69,94,0,94,163
01/09/2000,CPS,IL,AGL,CE,Towers with Display (VFR),0,1,17,0,18,0,0,81,0,81,0,1,98,0,99,294,0,294,393
01/10/2000,CPS,IL,AGL,CE,Towers with Display (VFR),0,16,26,0,42,0,9,102,0,111,0,25,128,0,153,186,0,186,339
01/11/2000,CPS,IL,AGL,CE,Towers with Display (VFR),0,22,42,0,64,0,8,124,0,132,0,30,166,0,196,252,0,252,448
01/12/2000,CPS,IL,AGL,CE,Towers with Display (VFR),0,23,44,0,67,0,2,152,0,154,0,25,196,0,221,201,0,201,422
01/13/2000,CPS,IL,AGL,CE,Towers with Display (VFR),0,24,60,0,84,0,0,121,0,121,0,24,181,0,205,424,0,424,629
01/14/2000,CPS,IL,AGL,CE,Towers with Display (VFR),0,21,50,0,71,0,0,156,0,156,0,21,206,0,227,426,0,426,653
01/15/2000,CPS,IL,AGL,CE,Towers with Display (VFR),0,5,32,0,37,0,0,121,0,121,0,5,153,0,158,162,0,162,320
01/16/2000,CPS,IL,AGL,CE,Towers with Display (VFR),0,4,35,0,39,0,0,98,0,98,0,4,133,0,137,124,0,124,261
01/17/2000,CPS,IL,AGL,CE,Towers with Display (VFR),0,2,13,0,15,0,0,18,0,18,0,2,31,0,33,0,0,0,33
01/18/2000,CPS,IL,AGL,CE,Towers with Display (VFR),0,27,50,0,77,0,3,13,0,16,0,30,63,0,93,16,0,16,109
01/19/2000,CPS,IL,AGL,CE,Towers with Display (VFR),0,21,41,0,62,0,14,2,2,18,0,35,43,2,80,0,0,0,80
01/20/2000,CPS,IL,AGL,CE,Towers with Display (VFR),0,19,35,0,54,0,10,146,0,156,0,29,181,0,210,410,0,410,620
01/21/2000,CPS,IL,AGL,CE,Towers with Display (VFR),0,24,46,0,70,0,1,209,4,214,0,25,255,4,284,466,6,472,756
01/22/2000,CPS,IL,AGL,CE,Towers with Display (VFR),0,5,10,0,15,0,1,13,0,14,0,6,23,0,29,0,0,0,29
01/23/2000,CPS,IL,AGL,CE,Towers with Display (VFR),0,6,36,0,42,0,0,132,0,132,0,6,168,0,174,134,0,134,308
01/24/2000,CPS,IL,AGL,CE,Towers with Display (VFR),0,19,36,0,55,0,7,153,0,160,0,26,189,0,215,352,0,352,567
01/25/2000,CPS,IL,AGL,CE,Towers with Display (VFR),0,15,30,0,45,0,6,95,0,101,0,21,125,0,146,74,0,74,220
01/26/2000,CPS,IL,AGL,CE,Towers with Display (VFR),0,22,41,0,63,0,1,138,0,139,0,23,179,0,202,492,0,492,694
01/27/2000,CPS,IL,AGL,CE,Towers with Display (VFR),0,21,41,0,62,0,4,134,0,138,0,25,175,0,200,334,0,334,534
01/28/2000,CPS,IL,AGL,CE,Towers with Display (VFR),0,14,26,0,40,0,2,131,2,135,0,16,157,2,175,398,0,398,573
01/29/2000,CPS,IL,AGL,CE,Towers with Display (VFR),0,3,5,0,8,0,1,0,0,1,0,4,5,0,9,0,0,0,9
01/30/2000,CPS,IL,AGL,CE,Towers with Display (VFR),0,2,0,0,2,0,12,0,0,12,0,14,0,0,14,0,0,0,14
01/31/2000,CPS,IL,AGL,CE,Towers with Display (VFR),0,21,41,0,62,0,0,125,1,126,0,21,166,1,188,404,0,404,592
02/01/2000,CPS,IL,AGL,CE,Towers with Display (VFR),0,23,51,0,74,0,7,151,0,158,0,30,202,0,232,472,0,472,704
02/02/2000,CPS,IL,AGL,CE,Towers with Display (VFR),0,26,56,1,83,0,10,160,2,172,0,36,216,3,255,428,0,428,683
02/03/2000,CPS,IL,AGL,CE,Towers with Display (VFR),0,24,54,0,78,0,3,121,0,124,0,27,175,0,202,486,0,486,688
02/04/2000,CPS,IL,AGL,CE,Towers with Display (VFR),0,15,33,1,49,0,11,61,13,85,0,26,94,14,134,88,12,100,234
02/05/2000,CPS,IL,AGL,CE,Towers with Display (VFR),0,7,31,1,39,0,0,191,5,196,0,7,222,6,235,472,0,472,707
02/06/2000,CPS,IL,AGL,CE,Towers with Display (VFR),0,0,19,1,20,0,0,120,1,121,0,0,139,2,141,244,6,250,391
02/07/2000,CPS,IL,AGL,CE,Towers with Display (VFR),0,21,52,1,74,0,0,134,0,134,0,21,186,1,208,562,0,562,770
02/08/2000,CPS,IL,AGL,CE,Towers with Display (VFR),0,28,65,0,93,0,0,91,0,91,0,28,156,0,184,420,0,420,604
02/09/2000,CPS,IL,AGL,CE,Towers with Display (VFR),0,24,55,0,79,0,9,174,0,183,0,33,229,0,262,540,0,540,802
02/10/2000,CPS,IL,AGL,CE,Towers with Display (VFR),0,23,53,2,78,0,3,149,1,153,0,26,202,3,231,240,0,240,471
02/11/2000,CPS,IL,AGL,CE,Towers with Display (VFR),0,17,39,0,56,0,10,46,0,56,0,27,85,0,112,46,0,46,158
02/12/2000,CPS,IL,AGL,CE,Towers with Display (VFR),0,2,26,1,29,0,0,156,0,156,0,2,182,1,185,354,0,354,539
02/13/2000,CPS,IL,AGL,CE,Towers with Display (VFR),0,3,7,0,10,0,1,0,0,1,0,4,7,0,11,0,0,0,11
02/14/2000,CPS,IL,AGL,CE,Towers with Display (VFR),0,14,31,0,45,0,11,87,0,98,0,25,118,0,143,308,0,308,451
02/15/2000,CPS,IL,AGL,CE,Towers with Display (VFR),0,18,41,1,60,0,6,114,2,122,0,24,155,3,182,176,0,176,358
02/16/2000,CPS,IL,AGL,CE,Towers with Display (VFR),0,27,63,0,90,0,6,133,0,139,0,33,196,0,229,310,0,310,539
02/17/2000,CPS,IL,AGL,CE,Towers with Display (VFR),0,20,49,1,70,0,12,34,1,47,0,32,83,2,117,122,0,122,239
02/18/2000,CPS,IL,AGL,CE,Towers with Display (VFR),0,18,42,0,60,0,4,6,0,10,0,22,48,0,70,0,0,0,70
02/19/2000,CPS,IL,AGL,CE,Towers with Display (VFR),0,5,18,0,23,0,0,173,3,176,0,5,191,3,199,534,0,534,733
02/20/2000,CPS,IL,AGL,CE,Towers with Display (VFR),0,2,20,0,22,0,0,178,0,178,0,2,198,0,200,316,0,316,516
02/21/2000,CPS,IL,AGL,CE,Towers with Display (VFR),0,6,38,0,44,0,0,176,0,176,0,6,214,0,220,290,0,290,510
02/22/2000,CPS,IL,AGL,CE,Towers with Display (VFR),0,26,62,0,88,0,5,142,0,147,0,31,204,0,235,290,0,290,525
02/23/2000,CPS,IL,AGL,CE,Towers with Display (VFR),0,19,44,0,63,0,11,65,0,76,0,30,109,0,139,100,0,100,239
02/24/2000,CPS,IL,AGL,CE,Towers with Display (VFR),0,25,59,0,84,0,4,126,0,130,0,29,185,0,214,406,0,406,620
02/25/2000,CPS,IL,AGL,CE,Towers with Display (VFR),0,19,44,0,63,0,5,130,0,135,0,24,174,0,198,458,0,458,656
02/26/2000,CPS,IL,AGL,CE,Towers with Display (VFR),0,4,27,0,31,0,0,152,0,152,0,4,179,0,183,486,0,486,669
02/27/2000,CPS,IL,AGL,CE,Towers with Display (VFR),0,1,22,0,23,0,0,122,0,122,0,1,144,0,145,196,0,196,341
02/28/2000,CPS,IL,AGL,CE,Towers with Display (VFR),0,17,39,0,56,0,10,209,0,219,0,27,248,0,275,416,0,416,691
02/29/2000,CPS,IL,AGL,CE,Towers with Display (VFR),0,19,42,0,61,0,7,83,3,93,0,26,125,3,154,364,0,364,518
03/01/2000,CPS,IL,AGL,CE,Towers with Display (VFR),0,19,44,0,63,0,7,162,0,169,0,26,206,0,232,426,0,426,658
03/02/2000,CPS,IL,AGL,CE,Towers with Display (VFR),0,26,67,1,94,0,0,210,0,210,0,26,277,1,304,480,0,480,784
03/03/2000,CPS,IL,AGL,CE,Towers with Display (VFR),0,18,44,0,62,0,8,17,0,25,0,26,61,0,87,0,0,0,87
03/04/2000,CPS,IL,AGL,CE,Towers with Display (VFR),0,6,17,0,23,0,0,129,0,129,0,6,146,0,152,200,0,200,352
03/05/2000,CPS,IL,AGL,CE,Towers with Display (VFR),0,2,14,0,16,0,0,107,0,107,0,2,121,0,123,160,0,160,283
03/06/2000,CPS,IL,AGL,CE,Towers with Display (VFR),0,17,41,0,58,0,5,147,0,152,0,22,188,0,210,258,0,258,468
03/07/2000,CPS,IL,AGL,CE,Towers with Display (VFR),0,20,51,1,72,0,5,125,1,131,0,25,176,2,203,250,0,250,453
03/08/2000,CPS,IL,AGL,CE,Towers with Display (VFR),0,15,36,0,51,0,12,57,0,69,0,27,93,0,120,38,0,38,158
03/09/2000,CPS,IL,AGL,CE,Towers with Display (VFR),0,22,54,0,76,0,9,93,0,102,0,31,147,0,178,179,0,179,357
03/10/2000,CPS,IL,AGL,CE,Towers with Display (VFR),0,15,38,0,53,0,8,119,0,127,0,23,157,0,180,246,0,246,426
03/11/2000,CPS,IL,AGL,CE,Towers with Display (VFR),0,2,7,0,9,0,3,6,0,9,0,5,13,0,18,10,0,10,28
03/12/2000,CPS,IL,AGL,CE,Towers with Display (VFR),0,0,17,0,17,0,0,94,0,94,0,0,111,0,111,121,0,121,232
03/13/2000,CPS,IL,AGL,CE,Towers with Display (VFR),0,18,43,0,61,0,0,122,0,122,0,18,165,0,183,495,0,495,678
03/14/2000,CPS,IL,AGL,CE,Towers with Display (VFR),0,20,49,0,69,0,5,175,0,180,0,25,224,0,249,542,0,542,791
03/15/2000,CPS,IL,AGL,CE,Towers with Display (VFR),0,26,65,0,91,0,4,182,0,186,0,30,247,0,277,446,0,446,723
03/16/2000,CPS,IL,AGL,CE,Towers with Display (VFR),0,22,55,1,78,0,6,68,2,76,0,28,123,3,154,346,0,346,500
03/17/2000,CPS,IL,AGL,CE,Towers with Display (VFR),0,16,41,0,57,0,5,222,0,227,0,21,263,0,284,578,0,578,862
03/18/2000,CPS,IL,AGL,CE,Towers with Display (VFR),0,6,23,0,29,0,0,153,0,153,0,6,176,0,182,520,0,520,702
03/19/2000,CPS,IL,AGL,CE,Towers with Display (VFR),0,0,13,0,13,0,0,10,0,10,0,0,23,0,23,0,0,0,23
03/20/2000,CPS,IL,AGL,CE,Towers with Display (VFR),0,22,61,0,83,0,0,37,0,37,0,22,98,0,120,28,0,28,148
03/21/2000,CPS,IL,AGL,CE,Towers with Display (VFR),0,28,74,1,103,0,1,132,1,134,0,29,206,2,237,522,0,522,759
03/22/2000,CPS,IL,AGL,CE,Towers with Display (VFR),0,32,81,0,113,0,0,158,0,158,0,32,239,0,271,626,0,626,897
03/23/2000,CPS,IL,AGL,CE,Towers with Display (VFR),0,19,47,0,66,0,9,216,0,225,0,28,263,0,291,550,0,550,841
03/24/2000,CPS,IL,AGL,CE,Towers with Display (VFR),0,24,64,0,88,0,4,173,0,177,0,28,237,0,265,502,0,502,767
03/25/2000,CPS,IL,AGL,CE,Towers with Display (VFR),0,7,20,0,27,0,0,161,1,162,0,7,181,1,189,462,8,470,659
03/26/2000,CPS,IL,AGL,CE,Towers with Display (VFR),0,2,17,0,19,0,0,84,0,84,0,2,101,0,103,124,0,124,227
03/27/2000,CPS,IL,AGL,CE,Towers with Display (VFR),0,18,45,0,63,0,8,170,2,180,0,26,215,2,243,520,4,524,767
03/28/2000,CPS,IL,AGL,CE,Towers with Display (VFR),0,22,61,1,84,0,0,153,3,156,0,22,214,4,240,544,0,544,784
03/29/2000,CPS,IL,AGL,CE,Towers with Display (VFR),0,23,68,1,92,0,0,169,5,174,0,23,237,6,266,0,546,546,812
03/30/2000,CPS,IL,AGL,CE,Towers with Display (VFR),0,21,52,0,73,0,2,190,2,194,0,23,242,2,267,454,0,454,721
03/31/2000,CPS,IL,AGL,CE,Towers with Display (VFR),0,21,57,0,78,0,0,220,3,223,0,21,277,3,301,583,0,583,884
04/01/2000,CPS,IL,AGL,CE,Towers with Display (VFR),0,6,28,0,34,0,0,176,0,176,0,6,204,0,210,444,0,444,654
04/02/2000,CPS,IL,AGL,CE,Towers with Display (VFR),0,3,26,0,29,0,0,104,0,104,0,3,130,0,133,180,0,180,313
04/03/2000,CPS,IL,AGL,CE,Towers with Display (VFR),0,25,64,0,89,0,2,152,5,159,0,27,216,5,248,502,0,502,750
04/04/2000,CPS,IL,AGL,CE,Towers with Display (VFR),0,17,43,0,60,0,13,110,0,123,0,30,153,0,183,116,0,116,299
04/05/2000,CPS,IL,AGL,CE,Towers with Display (VFR),0,17,42,0,59,0,12,71,0,83,0,29,113,0,142,118,0,118,260
04/06/2000,CPS,IL,AGL,CE,Towers with Display (VFR),0,18,47,0,65,0,4,230,0,234,0,22,277,0,299,590,0,590,889
04/07/2000,CPS,IL,AGL,CE,Towers with Display (VFR),0,15,39,1,55,0,9,97,1,107,0,24,136,2,162,443,0,443,605
04/08/2000,CPS,IL,AGL,CE,Towers with Display (VFR),0,6,27,0,33,0,0,159,0,159,0,6,186,0,192,438,0,438,630
04/09/2000,CPS,IL,AGL,CE,Towers with Display (VFR),0,1,23,0,24,0,0,133,0,133,0,1,156,0,157,212,0,212,369
04/10/2000,CPS,IL,AGL,CE,Towers with Display (VFR),0,16,44,0,60,0,9,182,0,191,0,25,226,0,251,542,0,542,793
04/11/2000,CPS,IL,AGL,CE,Towers with Display (VFR),0,19,52,0,71,0,19,62,0,81,0,38,114,0,152,204,0,204,356
04/12/2000,CPS,IL,AGL,CE,Towers with Display (VFR),0,20,52,0,72,0,10,208,0,218,0,30,260,0,290,501,0,501,791
04/13/2000,CPS,IL,AGL,CE,Towers with Display (VFR),0,20,52,1,73,0,13,265,0,278,0,33,317,1,351,710,0,710,1061
04/14/2000,CPS,IL,AGL,CE,Towers with Display (VFR),0,22,58,1,81,0,3,159,1,163,0,25,217,2,244,521,0,521,765
04/15/2000,CPS,IL,AGL,CE,Towers with Display (VFR),0,4,31,0,35,0,0,161,0,161,0,4,192,0,196,538,0,538,734
04/16/2000,CPS,IL,AGL,CE,Towers with Display (VFR),0,0,15,0,15,0,0,106,0,106,0,0,121,0,121,216,0,216,337
04/17/2000,CPS,IL,AGL,CE,Towers with Display (VFR),0,16,44,0,60,0,7,35,0,42,0,23,79,0,102,82,0,82,184
04/18/2000,CPS,IL,AGL,CE,Towers with Display (VFR),0,17,45,0,62,0,6,202,0,208,0,23,247,0,270,601,0,601,871
04/19/2000,CPS,IL,AGL,CE,Towers with Display (VFR),0,19,50,0,69,0,4,72,2,78,0,23,122,2,147,176,0,176,323
04/20/2000,CPS,IL,AGL,CE,Towers with Display (VFR),0,14,37,0,51,0,9,125,0,134,0,23,162,0,185,408,0,408,593
04/21/2000,CPS,IL,AGL,CE,Towers with Display (VFR),0,14,39,0,53,0,6,52,0,58,0,20,91,0,111,50,0,50,161
04/22/2000,CPS,IL,AGL,CE,Towers with Display (VFR),0,4,24,0,28,0,0,127,0,127,0,4,151,0,155,142,0,142,297
04/23/2000,CPS,IL,AGL,CE,Towers with Display (VFR),0,0,11,0,11,0,0,32,0,32,0,0,43,0,43,14,0,14,57
04/24/2000,CPS,IL,AGL,CE,Towers with Display (VFR),0,15,40,0,55,0,14,27,0,41,0,29,67,0,96,6,0,6,102
04/25/2000,CPS,IL,AGL,CE,Towers with Display (VFR),0,20,54,0,74,0,7,200,0,207,0,27,254,0,281,652,0,652,933
04/26/2000,CPS,IL,AGL,CE,Towers with Display (VFR),0,15,42,0,57,0,5,185,0,190,0,20,227,0,247,635,0,635,882
04/27/2000,CPS,IL,AGL,CE,Towers with Display (VFR),0,15,42,0,57,0,7,144,0,151,0,22,186,0,208,342,0,342,550
04/28/2000,CPS,IL,AGL,CE,Towers with Display (VFR),0,17,51,0,68,0,0,165,0,165,0,17,216,0,233,329,0,329,562
04/29/2000,CPS,IL,AGL,CE,Towers with Display (VFR),0,2,32,0,34,0,0,143,0,143,0,2,175,0,177,353,0,353,530
04/30/2000,CPS,IL,AGL,CE,Towers with Display (VFR),0,0,22,0,22,0,0,112,0,112,0,0,134,0,134,126,0,126,260
05/01/2000,CPS,IL,AGL,CE,Towers with Display (VFR),0,15,42,0,57,0,10,121,0,131,0,25,163,0,188,286,0,286,474
05/02/2000,CPS,IL,AGL,CE,Towers with Display (VFR),0,19,54,0,73,0,6,148,0,154,0,25,202,0,227,560,0,560,787
05/03/2000,CPS,IL,AGL,CE,Towers with Display (VFR),0,24,61,0,85,0,2,107,0,109,0,26,168,0,194,232,0,232,426
05/04/2000,CPS,IL,AGL,CE,Towers with Display (VFR),0,22,57,0,79,0,3,127,0,130,0,25,184,0,209,518,0,518,727
05/05/2000,CPS,IL,AGL,CE,Towers with Display (VFR),0,24,64,1,89,0,0,126,4,130,0,24,190,5,219,258,0,258,477
05/06/2000,CPS,IL,AGL,CE,Towers with Display (VFR),0,11,31,1,43,0,0,61,0,61,0,11,92,1,104,187,0,187,291
05/07/2000,CPS,IL,AGL,CE,Towers with Display (VFR),0,0,38,1,39,0,0,75,0,75,0,0,113,1,114,38,0,38,152
05/08/2000,CPS,IL,AGL,CE,Towers with Display (VFR),0,2,31,0,33,0,0,106,0,106,0,2,137,0,139,184,0,184,323
05/09/2000,CPS,IL,AGL,CE,Towers with Display (VFR),0,16,40,0,56,0,13,64,0,77,0,29,104,0,133,182,0,182,315
05/10/2000,CPS,IL,AGL,CE,Towers with Display (VFR),0,22,58,0,80,0,3,160,0,163,0,25,218,0,243,318,0,318,561
05/11/2000,CPS,IL,AGL,CE,Towers with Display (VFR),0,15,39,1,55,0,9,87,3,99,0,24,126,4,154,92,0,92,246
05/12/2000,CPS,IL,AGL,CE,Towers with Display (VFR),0,20,50,1,71,0,1,91,0,92,0,21,141,1,163,148,0,148,311
05/13/2000,CPS,IL,AGL,CE,Towers with Display (VFR),0,4,24,0,28,0,0,98,0,98,0,4,122,0,126,414,0,414,540
05/14/2000,CPS,IL,AGL,CE,Towers with Display (VFR),0,0,25,0,25,0,0,105,0,105,0,0,130,0,130,352,0,352,482
05/15/2000,CPS,IL,AGL,CE,Towers with Display (VFR),0,20,50,1,71,0,12,145,0,157,0,32,195,1,228,598,0,598,826
05/16/2000,CPS,IL,AGL,CE,Towers with Display (VFR),0,19,49,0,68,0,10,144,0,154,0,29,193,0,222,240,0,240,462
05/17/2000,CPS,IL,AGL,CE,Towers with Display (VFR),0,18,49,0,67,0,11,122,0,133,0,29,171,0,200,170,0,170,370
05/18/2000,CPS,IL,AGL,CE,Towers with Display (VFR),0,15,41,0,56,0,15,94,1,110,0,30,135,1,166,94,0,94,260
05/19/2000,CPS,IL,AGL,CE,Towers with Display (VFR),0,17,45,0,62,0,8,105,0,113,0,25,150,0,175,394,6,400,575
05/20/2000,CPS,IL,AGL,CE,Towers with Display (VFR),0,3,14,0,17,0,0,126,0,126,0,3,140,0,143,431,0,431,574
05/21/2000,CPS,IL,AGL,CE,Towers with Display (VFR),0,3,26,0,29,0,0,111,0,111,0,3,137,0,140,394,0,394,534
05/22/2000,CPS,IL,AGL,CE,Towers with Display (VFR),0,15,40,0,55,0,11,133,0,144,0,26,173,0,199,424,0,424,623
05/23/2000,CPS,IL,AGL,CE,Towers with Display (VFR),0,22,57,0,79,0,8,112,0,120,0,30,169,0,199,173,0,173,372
05/24/2000,CPS,IL,AGL,CE,Towers with Display (VFR),0,28,72,0,100,0,0,157,1,158,0,28,229,1,258,244,0,244,502
05/25/2000,CPS,IL,AGL,CE,Towers with Display (VFR),0,24,65,0,89,0,0,133,0,133,0,24,198,0,222,552,0,552,774
05/26/2000,CPS,IL,AGL,CE,Towers with Display (VFR),0,22,61,0,83,0,0,15,0,15,0,22,76,0,98,0,0,0,98
05/27/2000,CPS,IL,AGL,CE,Towers with Display (VFR),0,4,18,0,22,0,0,68,0,68,0,4,86,0,90,400,0,400,490
05/28/2000,CPS,IL,AGL,CE,Towers with Display (VFR),0,1,20,0,21,0,0,122,0,122,0,1,142,0,143,452,0,452,595
05/29/2000,CPS,IL,AGL,CE,Towers with Display (VFR),0,0,15,0,15,0,0,52,0,52,0,0,67,0,67,38,0,38,105
05/30/2000,CPS,IL,AGL,CE,Towers with Display (VFR),0,20,52,0,72,0,8,158,0,166,0,28,210,0,238,281,0,281,519
05/31/2000,CPS,IL,AGL,CE,Towers with Display (VFR),0,18,48,0,66,0,10,174,0,184,0,28,222,0,250,248,0,248,498
06/01/2000,CPS,IL,AGL,CE,Towers with Display (VFR),0,20,51,0,71,0,10,160,7,177,0,30,211,7,248,304,0,304,552
06/02/2000,CPS,IL,AGL,CE,Towers with Display (VFR),0,23,59,0,82,0,1,115,0,116,0,24,174,0,198,280,0,280,478
06/03/2000,CPS,IL,AGL,CE,Towers with Display (VFR),0,5,23,0,28,0,0,139,3,142,0,5,162,3,170,145,2,147,317
06/04/2000,CPS,IL,AGL,CE,Towers with Display (VFR),0,3,15,0,18,0,0,68,0,68,0,3,83,0,86,42,0,42,128
06/05/2000,CPS,IL,AGL,CE,Towers with Display (VFR),0,24,64,1,89,0,4,51,2,57,0,28,115,3,146,44,0,44,190
06/06/2000,CPS,IL,AGL,CE,Towers with Display (VFR),0,22,60,0,82,0,5,163,0,168,0,27,223,0,250,386,0,386,636
06/07/2000,CPS,IL,AGL,CE,Towers with Display (VFR),0,20,53,0,73,0,8,151,0,159,0,28,204,0,232,442,0,442,674
06/08/2000,CPS,IL,AGL,CE,Towers with Display (VFR),0,21,57,1,79,0,4,121,0,125,0,25,178,1,204,419,0,419,623
06/09/2000,CPS,IL,AGL,CE,Towers with Display (VFR),0,20,54,1,75,0,0,114,1,115,0,20,168,2,190,357,4,361,551
06/10/2000,CPS,IL,AGL,CE,Towers with Display (VFR),0,6,26,0,32,0,0,80,0,80,0,6,106,0,112,138,0,138,250
06/11/2000,CPS,IL,AGL,CE,Towers with Display (VFR),0,0,26,0,26,0,0,58,0,58,0,0,84,0,84,82,0,82,166
06/12/2000,CPS,IL,AGL,CE,Towers with Display (VFR),0,19,51,0,70,0,6,99,0,105,0,25,150,0,175,180,0,180,355
06/13/2000,CPS,IL,AGL,CE,Towers with Display (VFR),0,16,44,1,61,0,10,124,4,138,0,26,168,5,199,268,0,268,467
06/14/2000,CPS,IL,AGL,CE,Towers with Display (VFR),0,14,39,0,53,0,4,132,0,136,0,18,171,0,189,396,0,396,585
06/15/2000,CPS,IL,AGL,CE,Towers with Display (VFR),0,21,57,0,78,0,8,163,0,171,0,29,220,0,249,268,0,268,517
06/16/2000,CPS,IL,AGL,CE,Towers with Display (VFR),0,10,26,0,36,0,9,59,0,68,0,19,85,0,104,74,0,74,178
06/17/2000,CPS,IL,AGL,CE,Towers with Display (VFR),0,4,19,0,23,0,0,10,0,10,0,4,29,0,33,12,0,12,45
06/18/2000,CPS,IL,AGL,CE,Towers with Display (VFR),0,0,23,0,23,0,0,56,0,56,0,0,79,0,79,48,0,48,127
06/19/2000,CPS,IL,AGL,CE,Towers with Display (VFR),0,20,53,0,73,0,6,112,0,118,0,26,165,0,191,414,0,414,605
06/20/2000,CPS,IL,AGL,CE,Towers with Display (VFR),0,18,50,0,68,0,7,97,0,104,0,25,147,0,172,358,0,358,530
06/21/2000,CPS,IL,AGL,CE,Towers with Display (VFR),0,28,75,0,103,0,0,110,0,110,0,28,185,0,213,276,0,276,489
06/22/2000,CPS,IL,AGL,CE,Towers with Display (VFR),0,26,69,0,95,0,3,193,0,196,0,29,262,0,291,425,0,425,716
06/23/2000,CPS,IL,AGL,CE,Towers with Display (VFR),0,21,55,0,76,0,3,105,3,111,0,24,160,3,187,276,0,276,463
06/24/2000,CPS,IL,AGL,CE,Towers with Display (VFR),0,2,15,0,17,0,0,51,0,51,0,2,66,0,68,69,0,69,137
06/25/2000,CPS,IL,AGL,CE,Towers with Display (VFR),0,2,21,0,23,0,0,118,0,118,0,2,139,0,141,178,0,178,319
06/26/2000,CPS,IL,AGL,CE,Towers with Display (VFR),0,19,51,0,70,0,2,119,0,121,0,21,170,0,191,402,0,402,593
06/27/2000,CPS,IL,AGL,CE,Towers with Display (VFR),0,20,54,0,74,0,11,126,0,137,0,31,180,0,211,538,0,538,749
06/28/2000,CPS,IL,AGL,CE,Towers with Display (VFR),0,17,46,0,63,0,6,164,0,170,0,23,210,0,233,536,0,536,769
06/29/2000,CPS,IL,AGL,CE,Towers with Display (VFR),0,19,50,0,69,0,4,175,2,181,0,23,225,2,250,552,0,552,802
06/30/2000,CPS,IL,AGL,CE,Towers with Display (VFR),0,14,39,0,53,0,7,156,2,165,0,21,195,2,218,534,0,534,752
07/01/2000,CPS,IL,AGL,CE,Towers with Display (VFR),0,4,18,0,22,0,0,137,0,137,0,4,155,0,159,242,0,242,401
07/02/2000,CPS,IL,AGL,CE,Towers with Display (VFR),0,0,6,0,6,0,0,160,5,165,0,0,166,5,171,436,0,436,607
07/03/2000,CPS,IL,AGL,CE,Towers with Display (VFR),0,14,32,0,46,0,14,134,0,148,0,28,166,0,194,448,0,448,642
07/04/2000,CPS,IL,AGL,CE,Towers with Display (VFR),0,3,9,0,12,0,0,103,6,109,0,3,112,6,121,76,10,86,207
07/05/2000,CPS,IL,AGL,CE,Towers with Display (VFR),0,19,47,2,68,0,7,143,0,150,0,26,190,2,218,152,0,152,370
07/06/2000,CPS,IL,AGL,CE,Towers with Display (VFR),0,18,46,2,66,0,13,105,0,118,0,31,151,2,184,210,0,210,394
07/07/2000,CPS,IL,AGL,CE,Towers with Display (VFR),0,18,45,0,63,0,9,106,0,115,0,27,151,0,178,354,0,354,532
07/08/2000,CPS,IL,AGL,CE,Towers with Display (VFR),0,4,43,0,47,0,0,145,0,145,0,4,188,0,192,197,0,197,389
07/09/2000,CPS,IL,AGL,CE,Towers with Display (VFR),0,1,16,0,17,0,0,88,0,88,0,1,104,0,105,116,0,116,221
07/10/2000,CPS,IL,AGL,CE,Towers with Display (VFR),0,15,38,0,53,0,10,105,0,115,0,25,143,0,168,176,0,176,344
07/11/2000,CPS,IL,AGL,CE,Towers with Display (VFR),0,18,45,0,63,0,8,112,0,120,0,26,157,0,183,350,0,350,533
07/12/2000,CPS,IL,AGL,CE,Towers with Display (VFR),0,18,46,0,64,0,5,96,0,101,0,23,142,0,165,150,0,150,315
07/13/2000,CPS,IL,AGL,CE,Towers with Display (VFR),0,24,61,2,87,0,0,102,4,106,0,24,163,6,193,149,0,149,342
07/14/2000,CPS,IL,AGL,CE,Towers with Display (VFR),0,14,34,1,49,0,5,139,1,145,0,19,173,2,194,204,0,204,398
07/15/2000,CPS,IL,AGL,CE,Towers with Display (VFR),0,4,19,1,24,0,0,125,2,127,0,4,144,3,151,416,0,416,567
07/16/2000,CPS,IL,AGL,CE,Towers with Display (VFR),0,0,13,1,14,0,0,169,0,169,0,0,182,1,183,412,0,412,595
07/17/2000,CPS,IL,AGL,CE,Towers with Display (VFR),0,15,37,0,52,0,6,92,3,101,0,21,129,3,153,421,0,421,574
07/18/2000,CPS,IL,AGL,CE,Towers with Display (VFR),0,22,56,0,78,0,5,103,0,108,0,27,159,0,186,470,0,470,656
07/19/2000,CPS,IL,AGL,CE,Towers with Display (VFR),0,20,52,0,72,0,6,103,0,109,0,26,155,0,181,424,0,424,605
07/20/2000,CPS,IL,AGL,CE,Towers with Display (VFR),0,18,48,0,66,0,5,123,0,128,0,23,171,0,194,282,0,282,476
07/21/2000,CPS,IL,AGL,CE,Towers with Display (VFR),0,19,49,1,69,0,1,128,4,133,0,20,177,5,202,452,0,452,654
07/22/2000,CPS,IL,AGL,CE,Towers with Display (VFR),0,1,16,0,17,0,0,128,3,131,0,1,144,3,148,414,0,414,562
07/23/2000,CPS,IL,AGL,CE,Towers with Display (VFR),0,1,19,0,20,0,0,156,0,156,0,1,175,0,176,390,0,390,566
07/24/2000,CPS,IL,AGL,CE,Towers with Display (VFR),0,18,47,1,66,0,6,129,5,140,0,24,176,6,206,200,0,200,406
07/25/2000,CPS,IL,AGL,CE,Towers with Display (VFR),0,20,50,1,71,0,7,169,1,177,0,27,219,2,248,438,0,438,686
07/26/2000,CPS,IL,AGL,CE,Towers with Display (VFR),0,23,58,0,81,0,4,155,0,159,0,27,213,0,240,248,0,248,488
07/27/2000,CPS,IL,AGL,CE,Towers with Display (VFR),0,23,59,1,83,0,4,160,0,164,0,27,219,1,247,448,0,448,695
07/28/2000,CPS,IL,AGL,CE,Towers with Display (VFR),0,20,55,1,76,0,0,25,2,27,0,20,80,3,103,0,0,0,103
07/29/2000,CPS,IL,AGL,CE,Towers with Display (VFR),0,5,38,1,44,0,0,53,5,58,0,5,91,6,102,36,0,36,138
07/30/2000,CPS,IL,AGL,CE,Towers with Display (VFR),0,16,1,0,17,0,94,0,0,94,0,110,1,0,111,50,0,50,161
07/31/2000,CPS,IL,AGL,CE,Towers with Display (VFR),0,15,41,0,56,0,10,73,0,83,0,25,114,0,139,210,0,210,349
08/01/2000,CPS,IL,AGL,CE,Towers with Display (VFR),0,22,48,0,70,0,14,135,0,149,0,36,183,0,219,448,0,448,667
08/02/2000,CPS,IL,AGL,CE,Towers with Display (VFR),0,17,35,0,52,0,12,140,0,152,0,29,175,0,204,486,0,486,690
08/03/2000,CPS,IL,AGL,CE,Towers with Display (VFR),0,22,48,2,72,0,3,92,4,99,0,25,140,6,171,334,0,334,505
08/04/2000,CPS,IL,AGL,CE,Towers with Display (VFR),0,17,38,1,56,0,0,112,1,113,0,17,150,2,169,353,0,353,522
08/05/2000,CPS,IL,AGL,CE,Towers with Display (VFR),0,2,30,1,33,0,0,56,4,60,0,2,86,5,93,88,0,88,181
08/06/2000,CPS,IL,AGL,CE,Towers with Display (VFR),0,0,20,1,21,0,0,91,0,91,0,0,111,1,112,86,0,86,198
08/07/2000,CPS,IL,AGL,CE,Towers with Display (VFR),0,19,38,0,57,0,10,77,0,87,0,29,115,0,144,332,0,332,476
08/08/2000,CPS,IL,AGL,CE,Towers with Display (VFR),0,20,42,0,62,0,8,65,0,73,0,28,107,0,135,276,0,276,411
08/09/2000,CPS,IL,AGL,CE,Towers with Display (VFR),0,24,51,1,76,0,5,142,0,147,0,29,193,1,223,458,0,458,681
08/10/2000,CPS,IL,AGL,CE,Towers with Display (VFR),0,20,43,0,63,0,8,139,0,147,0,28,182,0,210,344,0,344,554
08/11/2000,CPS,IL,AGL,CE,Towers with Display (VFR),0,19,38,0,57,0,4,97,0,101,0,23,135,0,158,166,0,166,324
08/12/2000,CPS,IL,AGL,CE,Towers with Display (VFR),0,3,15,1,19,0,0,65,1,66,0,3,80,2,85,54,0,54,139
08/13/2000,CPS,IL,AGL,CE,Towers with Display (VFR),0,0,11,0,11,0,0,78,0,78,0,0,89,0,89,64,0,64,153
08/14/2000,CPS,IL,AGL,CE,Towers with Display (VFR),0,17,34,0,51,0,3,137,0,140,0,20,171,0,191,486,0,486,677
08/15/2000,CPS,IL,AGL,CE,Towers with Display (VFR),0,24,51,0,75,0,14,112,0,126,0,38,163,0,201,504,0,504,705
08/16/2000,CPS,IL,AGL,CE,Towers with Display (VFR),0,17,36,1,54,0,11,123,0,134,0,28,159,1,188,516,0,516,704
08/17/2000,CPS,IL,AGL,CE,Towers with Display (VFR),0,23,50,1,74,0,3,78,1,82,0,26,128,2,156,90,0,90,246
08/18/2000,CPS,IL,AGL,CE,Towers with Display (VFR),0,23,52,1,76,0,0,89,3,92,0,23,141,4,168,500,0,500,668
08/19/2000,CPS,IL,AGL,CE,Towers with Display (VFR),0,4,33,0,37,0,0,152,0,152,0,4,185,0,189,440,0,440,629
08/20/2000,CPS,IL,AGL,CE,Towers with Display (VFR),0,0,13,0,13,0,0,138,0,138,0,0,151,0,151,438,0,438,589
08/21/2000,CPS,IL,AGL,CE,Towers with Display (VFR),0,22,47,0,69,0,4,118,1,123,0,26,165,1,192,534,0,534,726
08/22/2000,CPS,IL,AGL,CE,Towers with Display (VFR),0,25,56,0,81,0,4,88,0,92,0,29,144,0,173,498,0,498,671
08/23/2000,CPS,IL,AGL,CE,Towers with Display (VFR),0,26,57,0,83,0,6,131,0,137,0,32,188,0,220,304,0,304,524
08/24/2000,CPS,IL,AGL,CE,Towers with Display (VFR),0,23,48,0,71,0,0,137,0,137,0,23,185,0,208,528,0,528,736
08/25/2000,CPS,IL,AGL,CE,Towers with Display (VFR),0,20,43,0,63,0,3,137,1,141,0,23,180,1,204,530,0,530,734
08/26/2000,CPS,IL,AGL,CE,Towers with Display (VFR),0,3,10,0,13,0,0,164,0,164,0,3,174,0,177,444,0,444,621
08/27/2000,CPS,IL,AGL,CE,Towers with Display (VFR),0,0,15,0,15,0,0,93,2,95,0,0,108,2,110,74,0,74,184
08/28/2000,CPS,IL,AGL,CE,Towers with Display (VFR),0,20,43,0,63,0,2,132,3,137,0,22,175,3,200,164,0,164,364
08/29/2000,CPS,IL,AGL,CE,Towers with Display (VFR),0,23,51,0,74,0,6,143,0,149,0,29,194,0,223,396,0,396,619
08/30/2000,CPS,IL,AGL,CE,Towers with Display (VFR),0,20,43,0,63,0,0,167,0,167,0,20,210,0,230,292,0,292,522
08/31/2000,CPS,IL,AGL,CE,Towers with Display (VFR),0,23,57,0,80,0,0,106,0,106,0,23,163,0,186,88,0,88,274
09/01/2000,CPS,IL,AGL,CE,Towers with Display (VFR),0,17,52,1,70,0,5,150,0,155,0,22,202,1,225,524,0,524,749
09/02/2000,CPS,IL,AGL,CE,Towers with Display (VFR),0,3,19,0,22,0,0,168,0,168,0,3,187,0,190,526,0,526,716
09/03/2000,CPS,IL,AGL,CE,Towers with Display (VFR),0,1,9,0,10,0,0,63,0,63,0,1,72,0,73,34,0,34,107
09/04/2000,CPS,IL,AGL,CE,Towers with Display (VFR),0,4,39,0,43,0,0,66,0,66,0,4,105,0,109,50,0,50,159
09/05/2000,CPS,IL,AGL,CE,Towers with Display (VFR),0,24,68,0,92,0,2,175,0,177,0,26,243,0,269,254,0,254,523
09/06/2000,CPS,IL,AGL,CE,Towers with Display (VFR),0,19,56,1,76,0,4,164,0,168,0,23,220,1,244,244,0,244,488
09/07/2000,CPS,IL,AGL,CE,Towers with Display (VFR),0,20,59,0,79,0,4,140,0,144,0,24,199,0,223,348,0,348,571
09/08/2000,CPS,IL,AGL,CE,Towers with Display (VFR),0,21,60,0,81,0,0,143,0,143,0,21,203,0,224,318,0,318,542
09/09/2000,CPS,IL,AGL,CE,Towers with Display (VFR),0,2,30,1,33,0,0,82,1,83,0,2,112,2,116,198,0,198,314
09/10/2000,CPS,IL,AGL,CE,Towers with Display (VFR),0,4,28,0,32,0,0,90,0,90,0,4,118,0,122,114,0,114,236
09/11/2000,CPS,IL,AGL,CE,Towers with Display (VFR),0,15,43,1,59,0,6,165,1,172,0,21,208,2,231,302,0,302,533
09/12/2000,CPS,IL,AGL,CE,Towers with Display (VFR),0,21,61,0,82,0,4,123,0,127,0,25,184,0,209,328,0,328,537
09/13/2000,CPS,IL,AGL,CE,Towers with Display (VFR),0,14,42,0,56,0,9,194,0,203,0,23,236,0,259,342,0,342,601
09/14/2000,CPS,IL,AGL,CE,Towers with Display (VFR),0,19,53,1,73,0,5,184,1,190,0,24,237,2,263,454,0,454,717
09/15/2000,CPS,IL,AGL,CE,Towers with Display (VFR),0,20,57,1,78,0,5,205,5,215,0,25,262,6,293,356,0,356,649
09/16/2000,CPS,IL,AGL,CE,Towers with Display (VFR),0,6,30,1,37,0,0,232,4,236,0,6,262,5,273,552,0,552,825
09/17/2000,CPS,IL,AGL,CE,Towers with Display (VFR),0,8,51,1,60,0,0,152,1,153,0,8,203,2,213,294,0,294,507
09/18/2000,CPS,IL,AGL,CE,Towers with Display (VFR),0,18,54,0,72,0,11,196,0,207,0,29,250,0,279,438,0,438,717
09/19/2000,CPS,IL,AGL,CE,Towers with Display (VFR),0,20,57,0,77,0,7,119,0,126,0,27,176,0,203,478,0,478,681
09/20/2000,CPS,IL,AGL,CE,Towers with Display (VFR),0,19,56,0,75,0,12,106,0,118,0,31,162,0,193,156,0,156,349
09/21/2000,CPS,IL,AGL,CE,Towers with Display (VFR),0,20,58,0,78,0,4,220,0,224,0,24,278,0,302,350,0,350,652
09/22/2000,CPS,IL,AGL,CE,Towers with Display (VFR),0,19,55,0,74,0,4,186,2,192,0,23,241,2,266,516,0,516,782
09/23/2000,CPS,IL,AGL,CE,Towers with Display (VFR),0,5,30,0,35,0,0,146,0,146,0,5,176,0,181,162,0,162,343
09/24/2000,CPS,IL,AGL,CE,Towers with Display (VFR),0,1,27,0,28,0,0,33,0,33,0,1,60,0,61,0,0,0,61
09/25/2000,CPS,IL,AGL,CE,Towers with Display (VFR),0,18,54,0,72,0,2,39,1,42,0,20,93,1,114,0,0,0,114
09/26/2000,CPS,IL,AGL,CE,Towers with Display (VFR),0,20,59,0,79,0,12,192,0,204,0,32,251,0,283,562,0,562,845
09/27/2000,CPS,IL,AGL,CE,Towers with Display (VFR),0,19,55,0,74,0,2,220,2,224,0,21,275,2,298,660,0,660,958
09/28/2000,CPS,IL,AGL,CE,Towers with Display (VFR),0,15,43,0,58,0,6,168,2,176,0,21,211,2,234,676,0,676,910
09/29/2000,CPS,IL,AGL,CE,Towers with Display (VFR),0,19,55,0,74,0,4,209,2,215,0,23,264,2,289,500,2,502,791
09/30/2000,CPS,IL,AGL,CE,Towers with Display (VFR),0,7,22,0,29,0,0,188,0,188,0,7,210,0,217,350,0,350,567
10/01/2000,CPS,IL,AGL,CE,Towers with Display (VFR),0,5,31,0,36,0,0,174,0,174,0,5,205,0,210,154,26,180,390
10/02/2000,CPS,IL,AGL,CE,Towers with Display (VFR),0,17,53,0,70,0,13,189,0,202,0,30,242,0,272,668,0,668,940
10/03/2000,CPS,IL,AGL,CE,Towers with Display (VFR),0,27,81,0,108,0,0,248,0,248,0,27,329,0,356,660,0,660,1016
10/04/2000,CPS,IL,AGL,CE,Towers with Display (VFR),0,19,58,2,79,0,10,119,2,131,0,29,177,4,210,516,0,516,726
10/05/2000,CPS,IL,AGL,CE,Towers with Display (VFR),0,24,78,2,104,0,0,14,0,14,0,24,92,2,118,0,0,0,118
10/06/2000,CPS,IL,AGL,CE,Towers with Display (VFR),0,20,60,2,82,0,3,222,8,233,0,23,282,10,315,592,4,596,911
10/07/2000,CPS,IL,AGL,CE,Towers with Display (VFR),0,1,21,0,22,0,0,162,0,162,0,1,183,0,184,522,0,522,706
10/08/2000,CPS,IL,AGL,CE,Towers with Display (VFR),0,4,12,0,16,0,1,161,0,162,0,5,173,0,178,426,0,426,604
10/09/2000,CPS,IL,AGL,CE,Towers with Display (VFR),0,4,25,1,30,0,0,227,3,230,0,4,252,4,260,652,0,652,912
10/10/2000,CPS,IL,AGL,CE,Towers with Display (VFR),0,17,54,2,73,0,7,199,5,211,0,24,253,7,284,600,2,602,886
10/11/2000,CPS,IL,AGL,CE,Towers with Display (VFR),0,28,88,2,118,0,6,225,0,231,0,34,313,2,349,2,0,2,351
10/12/2000,CPS,IL,AGL,CE,Towers with Display (VFR),0,27,81,2,110,0,4,248,2,254,0,31,329,4,364,614,0,614,978
10/13/2000,CPS,IL,AGL,CE,Towers with Display (VFR),0,18,57,0,75,0,7,183,0,190,0,25,240,0,265,522,0,522,787
10/14/2000,CPS,IL,AGL,CE,Towers with Display (VFR),0,4,32,0,36,0,0,161,0,161,0,4,193,0,197,490,0,490,687
10/15/2000,CPS,IL,AGL,CE,Towers with Display (VFR),0,0,49,1,50,0,0,37,5,42,0,0,86,6,92,0,4,4,96
10/16/2000,CPS,IL,AGL,CE,Towers with Display (VFR),0,14,32,0,46,0,12,0,0,12,0,26,32,0,58,0,0,0,58
10/17/2000,CPS,IL,AGL,CE,Towers with Display (VFR),0,16,50,0,66,0,10,147,0,157,0,26,197,0,223,494,0,494,717
10/18/2000,CPS,IL,AGL,CE,Towers with Display (VFR),0,21,64,1,86,0,7,134,1,142,0,28,198,2,228,126,0,126,354
10/19/2000,CPS,IL,AGL,CE,Towers with Display (VFR),0,16,49,0,65,0,6,249,0,255,0,22,298,0,320,464,0,464,784
10/20/2000,CPS,IL,AGL,CE,Towers with Display (VFR),0,16,49,0,65,0,8,254,0,262,0,24,303,0,327,514,0,514,841
10/21/2000,CPS,IL,AGL,CE,Towers with Display (VFR),0,4,31,0,35,0,0,167,2,169,0,4,198,2,204,510,0,510,714
10/22/2000,CPS,IL,AGL,CE,Towers with Display (VFR),0,1,38,0,39,0,0,78,0,78,0,1,116,0,117,232,0,232,349
10/23/2000,CPS,IL,AGL,CE,Towers with Display (VFR),0,18,55,0,73,0,1,97,0,98,0,19,152,0,171,310,0,310,481
10/24/2000,CPS,IL,AGL,CE,Towers with Display (VFR),0,17,54,1,72,0,6,123,3,132,0,23,177,4,204,330,0,330,534
10/25/2000,CPS,IL,AGL,CE,Towers with Display (VFR),0,16,49,1,66,0,15,174,2,191,0,31,223,3,257,514,0,514,771
10/26/2000,CPS,IL,AGL,CE,Towers with Display (VFR),0,17,54,1,72,0,7,140,0,147,0,24,194,1,219,592,0,592,811
10/27/2000,CPS,IL,AGL,CE,Towers with Display (VFR),0,17,55,0,72,0,14,178,0,192,0,31,233,0,264,444,0,444,708
10/28/2000,CPS,IL,AGL,CE,Towers with Display (VFR),0,4,41,0,45,0,0,39,1,40,0,4,80,1,85,98,0,98,183
10/29/2000,CPS,IL,AGL,CE,Towers with Display (VFR),0,1,18,0,19,0,0,84,1,85,0,1,102,1,104,142,0,142,246
10/30/2000,CPS,IL,AGL,CE,Towers with Display (VFR),0,15,48,1,64,0,2,156,1,159,0,17,204,2,223,510,0,510,733
10/31/2000,CPS,IL,AGL,CE,Towers with Display (VFR),0,16,49,0,65,0,11,71,0,82,0,27,120,0,147,163,0,163,310
11/01/2000,CPS,IL,AGL,CE,Towers with Display (VFR),0,24,57,0,81,0,1,125,0,126,0,25,182,0,207,212,0,212,419
11/02/2000,CPS,IL,AGL,CE,Towers with Display (VFR),0,17,42,0,59,0,9,98,0,107,0,26,140,0,166,250,0,250,416
11/03/2000,CPS,IL,AGL,CE,Towers with Display (VFR),0,21,52,0,73,0,6,192,0,198,0,27,244,0,271,732,0,732,1003
11/04/2000,CPS,IL,AGL,CE,Towers with Display (VFR),0,3,21,0,24,0,0,171,0,171,0,3,192,0,195,338,0,338,533
11/05/2000,CPS,IL,AGL,CE,Towers with Display (VFR),0,2,18,0,20,0,0,100,0,100,0,2,118,0,120,134,0,134,254
11/06/2000,CPS,IL,AGL,CE,Towers with Display (VFR),0,21,52,0,73,0,10,16,3,29,0,31,68,3,102,0,0,0,102
11/07/2000,CPS,IL,AGL,CE,Towers with Display (VFR),0,25,61,0,86,0,3,123,0,126,0,28,184,0,212,522,0,522,734
11/08/2000,CPS,IL,AGL,CE,Towers with Display (VFR),0,17,41,0,58,0,11,82,0,93,0,28,123,0,151,268,0,268,419
11/09/2000,CPS,IL,AGL,CE,Towers with Display (VFR),0,17,40,0,57,0,7,1,0,8,0,24,41,0,65,0,0,0,65
11/10/2000,CPS,IL,AGL,CE,Towers with Display (VFR),0,17,42,0,59,0,7,69,8,84,0,24,111,8,143,162,0,162,305
11/11/2000,CPS,IL,AGL,CE,Towers with Display (VFR),0,4,16,1,21,0,0,78,0,78,0,4,94,1,99,188,0,188,287
11/12/2000,CPS,IL,AGL,CE,Towers with Display (VFR),0,0,18,0,18,0,0,66,0,66,0,0,84,0,84,104,0,104,188
11/13/2000,CPS,IL,AGL,CE,Towers with Display (VFR),0,17,44,0,61,0,9,156,0,165,0,26,200,0,226,508,0,508,734
11/14/2000,CPS,IL,AGL,CE,Towers with Display (VFR),0,19,47,0,66,0,8,120,0,128,0,27,167,0,194,526,0,526,720
11/15/2000,CPS,IL,AGL,CE,Towers with Display (VFR),0,20,50,0,70,0,6,184,0,190,0,26,234,0,260,532,0,532,792
11/16/2000,CPS,IL,AGL,CE,Towers with Display (VFR),0,19,50,0,69,0,4,153,0,157,0,23,203,0,226,522,0,522,748
11/17/2000,CPS,IL,AGL,CE,Towers with Display (VFR),0,13,34,0,47,0,5,165,2,172,0,18,199,2,219,366,0,366,585
11/18/2000,CPS,IL,AGL,CE,Towers with Display (VFR),0,5,23,0,28,0,0,148,0,148,0,5,171,0,176,311,0,311,487
11/19/2000,CPS,IL,AGL,CE,Towers with Display (VFR),0,4,10,0,14,0,1,116,0,117,0,5,126,0,131,116,0,116,247
11/20/2000,CPS,IL,AGL,CE,Towers with Display (VFR),0,24,78,0,102,0,0,93,2,95,0,24,171,2,197,254,0,254,451
11/21/2000,CPS,IL,AGL,CE,Towers with Display (VFR),0,17,43,0,60,0,8,135,0,143,0,25,178,0,203,468,0,468,671
11/22/2000,CPS,IL,AGL,CE,Towers with Display (VFR),0,24,60,0,84,0,0,121,0,121,0,24,181,0,205,362,0,362,567
11/23/2000,CPS,IL,AGL,CE,Towers with Display (VFR),0,1,9,0,10,0,0,18,0,18,0,1,27,0,28,12,0,12,40
11/24/2000,CPS,IL,AGL,CE,Towers with Display (VFR),0,10,26,0,36,0,11,55,0,66,0,21,81,0,102,52,0,52,154
11/25/2000,CPS,IL,AGL,CE,Towers with Display (VFR),0,4,11,0,15,0,0,1,0,1,0,4,12,0,16,0,0,0,16
11/26/2000,CPS,IL,AGL,CE,Towers with Display (VFR),0,0,23,0,23,0,0,58,0,58,0,0,81,0,81,36,0,36,117
11/27/2000,CPS,IL,AGL,CE,Towers with Display (VFR),0,23,60,0,83,0,2,131,0,133,0,25,191,0,216,528,0,528,744
11/28/2000,CPS,IL,AGL,CE,Towers with Display (VFR),0,30,78,0,108,0,2,127,0,129,0,32,205,0,237,615,0,615,852
11/29/2000,CPS,IL,AGL,CE,Towers with Display (VFR),0,16,43,0,59,0,5,67,0,72,0,21,110,0,131,178,0,178,309
11/30/2000,CPS,IL,AGL,CE,Towers with Display (VFR),0,21,53,0,74,0,2,149,0,151,0,23,202,0,225,482,0,482,707
12/01/2000,CPS,IL,AGL,CE,Towers with Display (VFR),0,13,28,0,41,0,5,76,0,81,0,18,104,0,122,234,0,234,356
12/02/2000,CPS,IL,AGL,CE,Towers with Display (VFR),0,2,5,0,7,0,1,7,0,8,0,3,12,0,15,10,0,10,25
12/03/2000,CPS,IL,AGL,CE,Towers with Display (VFR),0,0,11,0,11,0,0,114,0,114,0,0,125,0,125,150,0,150,275
12/04/2000,CPS,IL,AGL,CE,Towers with Display (VFR),0,16,37,0,53,0,1,172,0,173,0,17,209,0,226,390,0,390,616
12/05/2000,CPS,IL,AGL,CE,Towers with Display (VFR),0,24,52,0,76,0,5,148,0,153,0,29,200,0,229,403,0,403,632
12/06/2000,CPS,IL,AGL,CE,Towers with Display (VFR),0,22,48,1,71,0,2,77,1,80,0,24,125,2,151,138,0,138,289
12/07/2000,CPS,IL,AGL,CE,Towers with Display (VFR),0,23,58,1,82,0,0,193,0,193,0,23,251,1,275,304,0,304,579
12/08/2000,CPS,IL,AGL,CE,Towers with Display (VFR),0,19,74,2,95,0,0,117,0,117,0,19,191,2,212,456,0,456,668
12/09/2000,CPS,IL,AGL,CE,Towers with Display (VFR),0,4,17,0,21,0,0,150,0,150,0,4,167,0,171,400,0,400,571
12/10/2000,CPS,IL,AGL,CE,Towers with Display (VFR),0,0,39,0,39,0,0,41,0,41,0,0,80,0,80,8,0,8,88
12/11/2000,CPS,IL,AGL,CE,Towers with Display (VFR),0,7,14,0,21,0,4,0,0,4,0,11,14,0,25,0,0,0,25
12/12/2000,CPS,IL,AGL,CE,Towers with Display (VFR),0,16,35,0,51,0,12,95,0,107,0,28,130,0,158,144,0,144,302
12/13/2000,CPS,IL,AGL,CE,Towers with Display (VFR),0,5,9,0,14,0,2,0,0,2,0,7,9,0,16,0,0,0,16
12/14/2000,CPS,IL,AGL,CE,Towers with Display (VFR),0,17,38,0,55,0,8,21,0,29,0,25,59,0,84,0,0,0,84
12/15/2000,CPS,IL,AGL,CE,Towers with Display (VFR),0,11,21,0,32,0,4,0,0,4,0,15,21,0,36,0,0,0,36
12/16/2000,CPS,IL,AGL,CE,Towers with Display (VFR),0,3,8,0,11,0,0,1,2,3,0,3,9,2,14,0,0,0,14
12/17/2000,CPS,IL,AGL,CE,Towers with Display (VFR),0,0,11,0,11,0,0,18,4,22,0,0,29,4,33,16,0,16,49
12/18/2000,CPS,IL,AGL,CE,Towers with Display (VFR),0,16,37,0,53,0,2,18,1,21,0,18,55,1,74,0,0,0,74
12/19/2000,CPS,IL,AGL,CE,Towers with Display (VFR),0,17,38,0,55,0,9,50,4,63,0,26,88,4,118,26,0,26,144
12/20/2000,CPS,IL,AGL,CE,Towers with Display (VFR),0,22,50,0,72,0,4,54,2,60,0,26,104,2,132,26,0,26,158
12/21/2000,CPS,IL,AGL,CE,Towers with Display (VFR),0,12,28,0,40,0,5,36,0,41,0,17,64,0,81,18,0,18,99
12/22/2000,CPS,IL,AGL,CE,Towers with Display (VFR),0,15,33,0,48,0,3,67,0,70,0,18,100,0,118,42,0,42,160
12/23/2000,CPS,IL,AGL,CE,Towers with Display (VFR),0,6,15,0,21,0,3,48,2,53,0,9,63,2,74,24,0,24,98
12/24/2000,CPS,IL,AGL,CE,Towers with Display (VFR),0,0,2,0,2,0,0,23,0,23,0,0,25,0,25,0,0,0,25
12/25/2000,CPS,IL,AGL,CE,Towers with Display (VFR),0,0,3,0,3,0,0,9,0,9,0,0,12,0,12,2,0,2,14
12/26/2000,CPS,IL,AGL,CE,Towers with Display (VFR),0,11,27,0,38,0,5,12,0,17,0,16,39,0,55,0,0,0,55
12/27/2000,CPS,IL,AGL,CE,Towers with Display (VFR),0,10,22,0,32,0,4,11,0,15,0,14,33,0,47,8,0,8,55
12/28/2000,CPS,IL,AGL,CE,Towers with Display (VFR),0,14,32,0,46,0,6,44,5,55,0,20,76,5,101,5,0,5,106
12/29/2000,CPS,IL,AGL,CE,Towers with Display (VFR),0,13,30,0,43,0,0,4,1,5,0,13,34,1,48,0,0,0,48
12/30/2000,CPS,IL,AGL,CE,Towers with Display (VFR),0,5,12,0,17,0,0,11,0,11,0,5,23,0,28,0,0,0,28
12/31/2000,CPS,IL,AGL,CE,Towers with Display (VFR),0,4,11,0,15,0,1,22,0,23,0,5,33,0,38,0,0,0,38
01/01/2001,CPS,IL,AGL,CE,Towers with Display (VFR),0,0,7,0,7,0,0,32,0,32,0,0,39,0,39,4,0,4,43
01/02/2001,CPS,IL,AGL,CE,Towers with Display (VFR),0,9,18,0,27,0,12,75,0,87,0,21,93,0,114,216,0,216,330
01/03/2001,CPS,IL,AGL,CE,Towers with Display (VFR),0,19,47,0,66,0,11,39,0,50,0,30,86,0,116,52,0,52,168
01/04/2001,CPS,IL,AGL,CE,Towers with Display (VFR),0,27,70,1,98,0,0,87,1,88,0,27,157,2,186,352,0,352,538
01/05/2001,CPS,IL,AGL,CE,Towers with Display (VFR),0,13,32,0,45,0,16,56,0,72,0,29,88,0,117,60,0,60,177
01/06/2001,CPS,IL,AGL,CE,Towers with Display (VFR),0,3,15,1,19,0,0,116,0,116,0,3,131,1,135,136,0,136,271
01/07/2001,CPS,IL,AGL,CE,Towers with Display (VFR),0,0,9,0,9,0,0,63,0,63,0,0,72,0,72,32,0,32,104
01/08/2001,CPS,IL,AGL,CE,Towers with Display (VFR),0,16,44,0,60,0,11,42,0,53,0,27,86,0,113,92,0,92,205
01/09/2001,CPS,IL,AGL,CE,Towers with Display (VFR),0,14,37,0,51,0,10,149,0,159,0,24,186,0,210,240,0,240,450
01/10/2001,CPS,IL,AGL,CE,Towers with Display (VFR),0,15,40,0,55,0,4,119,2,125,0,19,159,2,180,436,0,436,616
01/11/2001,CPS,IL,AGL,CE,Towers with Display (VFR),0,13,36,0,49,0,5,41,6,52,0,18,77,6,101,94,0,94,195
01/12/2001,CPS,IL,AGL,CE,Towers with Display (VFR),0,14,58,0,72,0,0,29,4,33,0,14,87,4,105,2,0,2,107
01/13/2001,CPS,IL,AGL,CE,Towers with Display (VFR),0,4,45,0,49,0,0,135,0,135,0,4,180,0,184,456,0,456,640
01/14/2001,CPS,IL,AGL,CE,Towers with Display (VFR),0,1,8,0,9,0,0,173,0,173,0,1,181,0,182,490,0,490,672
01/15/2001,CPS,IL,AGL,CE,Towers with Display (VFR),0,3,12,0,15,0,0,169,0,169,0,3,181,0,184,496,0,496,680
01/16/2001,CPS,IL,AGL,CE,Towers with Display (VFR),0,15,40,0,55,0,6,103,0,109,0,21,143,0,164,245,0,245,409
01/17/2001,CPS,IL,AGL,CE,Towers with Display (VFR),0,20,53,0,73,0,4,78,1,83,0,24,131,1,156,172,0,172,328
01/18/2001,CPS,IL,AGL,CE,Towers with Display (VFR),0,21,57,0,78,0,6,117,0,123,0,27,174,0,201,316,0,316,517
01/19/2001,CPS,IL,AGL,CE,Towers with Display (VFR),0,13,38,0,51,0,0,142,0,142,0,13,180,0,193,458,0,458,651
01/20/2001,CPS,IL,AGL,CE,Towers with Display (VFR),0,2,8,0,10,0,0,168,0,168,0,2,176,0,178,442,0,442,620
01/21/2001,CPS,IL,AGL,CE,Towers with Display (VFR),0,0,2,0,2,0,1,131,0,132,0,1,133,0,134,214,0,214,348
01/22/2001,CPS,IL,AGL,CE,Towers with Display (VFR),0,18,49,0,67,0,6,162,1,169,0,24,211,1,236,348,0,348,584
01/23/2001,CPS,IL,AGL,CE,Towers with Display (VFR),0,18,61,0,79,0,0,162,0,162,0,18,223,0,241,483,0,483,724
01/24/2001,CPS,IL,AGL,CE,Towers with Display (VFR),0,16,45,0,61,0,7,149,2,158,0,23,194,2,219,322,0,322,541
01/25/2001,CPS,IL,AGL,CE,Towers with Display (VFR),0,20,54,0,74,0,2,135,3,140,0,22,189,3,214,318,0,318,532
01/26/2001,CPS,IL,AGL,CE,Towers with Display (VFR),0,8,24,0,32,0,10,12,0,22,0,18,36,0,54,0,0,0,54
01/27/2001,CPS,IL,AGL,CE,Towers with Display (VFR),0,3,22,0,25,0,0,126,0,126,0,3,148,0,151,254,0,254,405
01/28/2001,CPS,IL,AGL,CE,Towers with Display (VFR),0,0,3,0,3,0,0,20,0,20,0,0,23,0,23,34,0,34,57
01/29/2001,CPS,IL,AGL,CE,Towers with Display (VFR),0,14,37,0,51,0,2,39,0,41,0,16,76,0,92,0,0,0,92
01/30/2001,CPS,IL,AGL,CE,Towers with Display (VFR),0,2,31,0,33,0,0,41,0,41,0,2,72,0,74,2,0,2,76
01/31/2001,CPS,IL,AGL,CE,Towers with Display (VFR),0,13,36,0,49,0,18,49,0,67,0,31,85,0,116,157,0,157,273
02/01/2001,CPS,IL,AGL,CE,Towers with Display (VFR),0,20,45,0,65,0,7,162,0,169,0,27,207,0,234,454,0,454,688
02/02/2001,CPS,IL,AGL,CE,Towers with Display (VFR),0,22,62,2,86,0,0,102,0,102,0,22,164,2,188,396,0,396,584
02/03/2001,CPS,IL,AGL,CE,Towers with Display (VFR),0,3,11,1,15,0,0,127,1,128,0,3,138,2,143,292,0,292,435
02/04/2001,CPS,IL,AGL,CE,Towers with Display (VFR),0,2,11,0,13,0,0,100,0,100,0,2,111,0,113,202,0,202,315
02/05/2001,CPS,IL,AGL,CE,Towers with Display (VFR),0,22,49,0,71,0,0,91,0,91,0,22,140,0,162,243,0,243,405
02/06/2001,CPS,IL,AGL,CE,Towers with Display (VFR),0,19,42,0,61,0,10,166,0,176,0,29,208,0,237,350,0,350,587
02/07/2001,CPS,IL,AGL,CE,Towers with Display (VFR),0,23,53,0,76,0,6,96,0,102,0,29,149,0,178,514,0,514,692
02/08/2001,CPS,IL,AGL,CE,Towers with Display (VFR),0,23,54,0,77,0,4,129,0,133,0,27,183,0,210,492,0,492,702
02/09/2001,CPS,IL,AGL,CE,Towers with Display (VFR),0,16,37,0,53,0,3,21,0,24,0,19,58,0,77,0,0,0,77
02/10/2001,CPS,IL,AGL,CE,Towers with Display (VFR),0,5,34,0,39,0,0,202,0,202,0,5,236,0,241,466,0,466,707
02/11/2001,CPS,IL,AGL,CE,Towers with Display (VFR),0,1,3,1,5,0,5,135,1,141,0,6,138,2,146,472,0,472,618
02/12/2001,CPS,IL,AGL,CE,Towers with Display (VFR),0,19,43,1,63,0,6,138,1,145,0,25,181,2,208,594,0,594,802
02/13/2001,CPS,IL,AGL,CE,Towers with Display (VFR),0,24,56,0,80,0,0,13,0,13,0,24,69,0,93,0,0,0,93
02/14/2001,CPS,IL,AGL,CE,Towers with Display (VFR),0,15,28,0,43,0,9,0,0,9,0,24,28,0,52,0,0,0,52
02/15/2001,CPS,IL,AGL,CE,Towers with Display (VFR),0,19,33,1,53,0,11,0,1,12,0,30,33,2,65,0,0,0,65
02/16/2001,CPS,IL,AGL,CE,Towers with Display (VFR),0,18,42,0,60,0,0,52,0,52,0,18,94,0,112,42,0,42,154
02/17/2001,CPS,IL,AGL,CE,Towers with Display (VFR),0,4,10,0,14,0,4,177,1,182,0,8,187,1,196,365,0,365,561
02/18/2001,CPS,IL,AGL,CE,Towers with Display (VFR),0,2,19,0,21,0,0,117,0,117,0,2,136,0,138,248,0,248,386
02/19/2001,CPS,IL,AGL,CE,Towers with Display (VFR),0,9,43,0,52,0,0,153,0,153,0,9,196,0,205,596,0,596,801
02/20/2001,CPS,IL,AGL,CE,Towers with Display (VFR),0,6,43,0,49,0,0,137,1,138,0,6,180,1,187,344,0,344,531
02/21/2001,CPS,IL,AGL,CE,Towers with Display (VFR),0,19,45,0,64,0,4,119,2,125,0,23,164,2,189,331,0,331,520
02/22/2001,CPS,IL,AGL,CE,Towers with Display (VFR),0,17,39,0,56,0,9,13,1,23,0,26,52,1,79,58,0,58,137
02/23/2001,CPS,IL,AGL,CE,Towers with Display (VFR),0,18,43,0,61,0,12,28,0,40,0,30,71,0,101,52,0,52,153
02/24/2001,CPS,IL,AGL,CE,Towers with Display (VFR),0,3,9,0,12,0,0,3,0,3,0,3,12,0,15,0,0,0,15
02/25/2001,CPS,IL,AGL,CE,Towers with Display (VFR),0,0,9,0,9,0,0,47,3,50,0,0,56,3,59,42,0,42,101
02/26/2001,CPS,IL,AGL,CE,Towers with Display (VFR),0,16,39,0,55,0,5,178,0,183,0,21,217,0,238,458,0,458,696
02/27/2001,CPS,IL,AGL,CE,Towers with Display (VFR),0,9,0,0,9,26,21,0,0,47,26,30,0,0,56,0,0,0,56
02/28/2001,CPS,IL,AGL,CE,Towers with Display (VFR),0,22,51,0,73,0,2,112,0,114,0,24,163,0,187,192,0,192,379
03/01/2001,CPS,IL,AGL,CE,Towers with Display (VFR),0,17,58,1,76,0,4,111,0,115,0,21,169,1,191,474,0,474,665
03/02/2001,CPS,IL,AGL,CE,Towers with Display (VFR),0,16,58,0,74,0,0,77,0,77,0,16,135,0,151,502,0,502,653
03/03/2001,CPS,IL,AGL,CE,Towers with Display (VFR),0,2,26,1,29,0,0,170,2,172,0,2,196,3,201,510,4,514,715
03/04/2001,CPS,IL,AGL,CE,Towers with Display (VFR),0,0,21,1,22,0,0,122,0,122,0,0,143,1,144,360,0,360,504
03/05/2001,CPS,IL,AGL,CE,Towers with Display (VFR),0,14,47,0,61,0,12,120,0,132,0,26,167,0,193,2,0,2,195
03/06/2001,CPS,IL,AGL,CE,Towers with Display (VFR),0,16,52,1,69,0,10,122,2,134,0,26,174,3,203,464,0,464,667
03/07/2001,CPS,IL,AGL,CE,Towers with Display (VFR),0,17,57,0,74,0,6,173,0,179,0,23,230,0,253,355,0,355,608
03/08/2001,CPS,IL,AGL,CE,Towers with Display (VFR),0,19,61,1,81,0,2,108,2,112,0,21,169,3,193,554,0,554,747
03/09/2001,CPS,IL,AGL,CE,Towers with Display (VFR),0,17,55,0,72,0,4,131,0,135,0,21,186,0,207,474,0,474,681
03/10/2001,CPS,IL,AGL,CE,Towers with Display (VFR),0,5,28,0,33,0,0,134,0,134,0,5,162,0,167,452,0,452,619
03/11/2001,CPS,IL,AGL,CE,Towers with Display (VFR),0,13,0,0,13,0,166,0,0,166,0,179,0,0,179,446,0,446,625
03/12/2001,CPS,IL,AGL,CE,Towers with Display (VFR),0,14,44,0,58,0,7,55,0,62,0,21,99,0,120,98,0,98,218
03/13/2001,CPS,IL,AGL,CE,Towers with Display (VFR),0,16,53,1,70,0,11,93,3,107,0,27,146,4,177,400,0,400,577
03/14/2001,CPS,IL,AGL,CE,Towers with Display (VFR),0,16,50,0,66,0,3,90,0,93,0,19,140,0,159,165,0,165,324
03/15/2001,CPS,IL,AGL,CE,Towers with Display (VFR),0,15,50,0,65,0,7,28,0,35,0,22,78,0,100,0,0,0,100
03/16/2001,CPS,IL,AGL,CE,Towers with Display (VFR),0,12,40,1,53,0,10,20,5,35,0,22,60,6,88,0,0,0,88
03/17/2001,CPS,IL,AGL,CE,Towers with Display (VFR),0,4,15,0,19,0,3,45,0,48,0,7,60,0,67,58,0,58,125
03/18/2001,CPS,IL,AGL,CE,Towers with Display (VFR),0,3,16,0,19,0,0,99,0,99,0,3,115,0,118,134,0,134,252
03/19/2001,CPS,IL,AGL,CE,Towers with Display (VFR),0,19,63,0,82,0,8,114,0,122,0,27,177,0,204,548,0,548,752
03/20/2001,CPS,IL,AGL,CE,Towers with Display (VFR),0,17,56,0,73,0,3,161,0,164,0,20,217,0,237,55,0,55,292
03/21/2001,CPS,IL,AGL,CE,Towers with Display (VFR),0,23,79,0,102,0,1,192,0,193,0,24,271,0,295,498,0,498,793
03/22/2001,CPS,IL,AGL,CE,Towers with Display (VFR),0,12,42,0,54,0,16,117,2,135,0,28,159,2,189,440,0,440,629
03/23/2001,CPS,IL,AGL,CE,Towers with Display (VFR),0,20,70,0,90,0,2,111,0,113,0,22,181,0,203,302,1,303,506
03/24/2001,CPS,IL,AGL,CE,Towers with Display (VFR),0,4,25,0,29,0,0,106,0,106,0,4,131,0,135,194,0,194,329
03/25/2001,CPS,IL,AGL,CE,Towers with Display (VFR),0,0,16,0,16,0,0,103,1,104,0,0,119,1,120,202,0,202,322
03/26/2001,CPS,IL,AGL,CE,Towers with Display (VFR),0,16,52,0,68,0,4,154,0,158,0,20,206,0,226,620,0,620,846
03/27/2001,CPS,IL,AGL,CE,Towers with Display (VFR),0,12,39,0,51,0,15,161,0,176,0,27,200,0,227,664,0,664,891
03/28/2001,CPS,IL,AGL,CE,Towers with Display (VFR),0,18,61,0,79,0,4,143,0,147,0,22,204,0,226,608,0,608,834
03/29/2001,CPS,IL,AGL,CE,Towers with Display (VFR),0,18,61,0,79,0,240,1886,0,2126,0,258,1947,0,2205,538,0,538,2743
03/30/2001,CPS,IL,AGL,CE,Towers with Display (VFR),0,24,87,0,111,0,0,1501,0,1501,0,24,1588,0,1612,92,0,92,1704
03/31/2001,CPS,IL,AGL,CE,Towers with Display (VFR),0,6,23,0,29,0,0,70,0,70,0,6,93,0,99,122,0,122,221
04/01/2001,CPS,IL,AGL,CE,Towers with Display (VFR),0,2,21,0,23,0,0,124,0,124,0,2,145,0,147,138,0,138,285
04/02/2001,CPS,IL,AGL,CE,Towers with Display (VFR),0,21,61,0,82,0,0,162,0,162,0,21,223,0,244,588,0,588,832
04/03/2001,CPS,IL,AGL,CE,Towers with Display (VFR),0,17,37,0,54,0,12,29,0,41,0,29,66,0,95,52,0,52,147
04/04/2001,CPS,IL,AGL,CE,Towers with Display (VFR),0,3,40,0,43,0,0,120,0,120,0,3,160,0,163,338,0,338,501
04/05/2001,CPS,IL,AGL,CE,Towers with Display (VFR),0,7,77,0,84,0,0,130,2,132,0,7,207,2,216,730,0,730,946
04/06/2001,CPS,IL,AGL,CE,Towers with Display (VFR),0,22,51,0,73,0,3,151,0,154,0,25,202,0,227,514,0,514,741
04/07/2001,CPS,IL,AGL,CE,Towers with Display (VFR),0,1,9,0,10,0,0,156,2,158,0,1,165,2,168,566,0,566,734
04/08/2001,CPS,IL,AGL,CE,Towers with Display (VFR),0,0,7,0,7,0,0,178,1,179,0,0,185,1,186,536,0,536,722
04/09/2001,CPS,IL,AGL,CE,Towers with Display (VFR),0,1,61,0,62,0,0,202,0,202,0,1,263,0,264,462,0,462,726
04/10/2001,CPS,IL,AGL,CE,Towers with Display (VFR),0,25,59,0,84,0,1,117,0,118,0,26,176,0,202,558,0,558,760
04/11/2001,CPS,IL,AGL,CE,Towers with Display (VFR),0,21,51,0,72,0,10,147,0,157,0,31,198,0,229,542,0,542,771
04/12/2001,CPS,IL,AGL,CE,Towers with Display (VFR),0,19,46,0,65,0,7,114,0,121,0,26,160,0,186,508,0,508,694
04/13/2001,CPS,IL,AGL,CE,Towers with Display (VFR),0,13,30,0,43,0,7,145,0,152,0,20,175,0,195,538,0,538,733
04/14/2001,CPS,IL,AGL,CE,Towers with Display (VFR),0,0,17,0,17,0,0,89,0,89,0,0,106,0,106,80,0,80,186
04/15/2001,CPS,IL,AGL,CE,Towers with Display (VFR),0,2,8,0,10,0,0,29,0,29,0,2,37,0,39,4,0,4,43
04/16/2001,CPS,IL,AGL,CE,Towers with Display (VFR),0,16,41,0,57,0,5,157,0,162,0,21,198,0,219,532,0,532,751
04/17/2001,CPS,IL,AGL,CE,Towers with Display (VFR),0,26,64,0,90,0,8,138,0,146,0,34,202,0,236,538,0,538,774
04/18/2001,CPS,IL,AGL,CE,Towers with Display (VFR),0,22,54,0,76,0,5,188,0,193,0,27,242,0,269,316,0,316,585
04/19/2001,CPS,IL,AGL,CE,Towers with Display (VFR),0,20,48,0,68,0,5,158,0,163,0,25,206,0,231,168,0,168,399
04/20/2001,CPS,IL,AGL,CE,Towers with Display (VFR),0,21,55,0,76,0,0,123,0,123,0,21,178,0,199,540,0,540,739
04/21/2001,CPS,IL,AGL,CE,Towers with Display (VFR),0,3,32,0,35,0,0,186,4,190,0,3,218,4,225,518,0,518,743
04/22/2001,CPS,IL,AGL,CE,Towers with Display (VFR),0,0,43,0,43,0,0,135,2,137,0,0,178,2,180,508,0,508,688
04/23/2001,CPS,IL,AGL,CE,Towers with Display (VFR),0,16,38,0,54,0,8,52,0,60,0,24,90,0,114,32,0,32,146
04/24/2001,CPS,IL,AGL,CE,Towers with Display (VFR),0,27,48,0,75,0,0,211,0,211,0,27,259,0,286,382,0,382,668
04/25/2001,CPS,IL,AGL,CE,Towers with Display (VFR),0,23,52,0,75,0,0,187,0,187,0,23,239,0,262,394,0,394,656
04/26/2001,CPS,IL,AGL,CE,Towers with Display (VFR),0,21,51,0,72,0,2,248,0,250,0,23,299,0,322,492,0,492,814
04/27/2001,CPS,IL,AGL,CE,Towers with Display (VFR),0,2,64,0,66,0,0,185,0,185,0,2,249,0,251,564,0,564,815
04/28/2001,CPS,IL,AGL,CE,Towers with Display (VFR),0,5,23,0,28,0,0,180,2,182,0,5,203,2,210,344,0,344,554
04/29/2001,CPS,IL,AGL,CE,Towers with Display (VFR),0,1,58,0,59,0,0,108,0,108,0,1,166,0,167,440,0,440,607
04/30/2001,CPS,IL,AGL,CE,Towers with Display (VFR),0,23,28,0,51,0,0,117,1,118,0,23,145,1,169,196,0,196,365
05/01/2001,CPS,IL,AGL,CE,Towers with Display (VFR),0,22,47,0,69,0,6,143,0,149,0,28,190,0,218,68,0,68,286
05/02/2001,CPS,IL,AGL,CE,Towers with Display (VFR),0,20,51,2,73,0,1,134,0,135,0,21,185,2,208,180,0,180,388
05/03/2001,CPS,IL,AGL,CE,Towers with Display (VFR),0,24,68,1,93,0,5,138,0,143,0,29,206,1,236,522,0,522,758
05/04/2001,CPS,IL,AGL,CE,Towers with Display (VFR),0,20,64,0,84,0,1,195,0,196,0,21,259,0,280,576,0,576,856
05/05/2001,CPS,IL,AGL,CE,Towers with Display (VFR),0,2,41,0,43,0,0,146,0,146,0,2,187,0,189,524,0,524,713
05/06/2001,CPS,IL,AGL,CE,Towers with Display (VFR),0,0,12,0,12,0,0,178,0,178,0,0,190,0,190,470,0,470,660
05/07/2001,CPS,IL,AGL,CE,Towers with Display (VFR),0,26,65,0,91,0,1,78,0,79,0,27,143,0,170,170,0,170,340
05/08/2001,CPS,IL,AGL,CE,Towers with Display (VFR),0,20,52,0,72,0,5,151,0,156,0,25,203,0,228,310,0,310,538
05/09/2001,CPS,IL,AGL,CE,Towers with Display (VFR),0,29,70,0,99,0,0,157,0,157,0,29,227,0,256,518,0,518,774
05/10/2001,CPS,IL,AGL,CE,Towers with Display (VFR),0,24,48,2,74,0,0,170,0,170,0,24,218,2,244,522,4,526,770
05/11/2001,CPS,IL,AGL,CE,Towers with Display (VFR),0,20,41,0,61,0,3,144,2,149,0,23,185,2,210,380,0,380,590
05/12/2001,CPS,IL,AGL,CE,Towers with Display (VFR),0,2,23,0,25,0,0,122,2,124,0,2,145,2,149,490,0,490,639
05/13/2001,CPS,IL,AGL,CE,Towers with Display (VFR),0,2,16,0,18,0,0,109,0,109,0,2,125,0,127,338,0,338,465
05/14/2001,CPS,IL,AGL,CE,Towers with Display (VFR),0,23,31,2,56,0,0,132,0,132,0,23,163,2,188,212,0,212,400
05/15/2001,CPS,IL,AGL,CE,Towers with Display (VFR),0,24,35,0,59,0,0,109,0,109,0,24,144,0,168,136,0,136,304
05/16/2001,CPS,IL,AGL,CE,Towers with Display (VFR),0,29,60,0,89,0,2,128,0,130,0,31,188,0,219,526,0,526,745
05/17/2001,CPS,IL,AGL,CE,Towers with Display (VFR),0,23,48,2,73,0,0,69,0,69,0,23,117,2,142,174,0,174,316
05/18/2001,CPS,IL,AGL,CE,Towers with Display (VFR),0,15,45,0,60,0,1,67,0,68,0,16,112,0,128,46,0,46,174
05/19/2001,CPS,IL,AGL,CE,Towers with Display (VFR),0,4,28,1,33,0,0,111,0,111,0,4,139,1,144,164,0,164,308
05/20/2001,CPS,IL,AGL,CE,Towers with Display (VFR),0,1,24,0,25,0,0,81,6,87,0,1,105,6,112,72,0,72,184
05/21/2001,CPS,IL,AGL,CE,Towers with Display (VFR),0,28,36,5,69,0,0,82,1,83,0,28,118,6,152,158,0,158,310
05/22/2001,CPS,IL,AGL,CE,Towers with Display (VFR),0,26,40,3,69,0,0,108,0,108,0,26,148,3,177,84,0,84,261
05/23/2001,CPS,IL,AGL,CE,Towers with Display (VFR),0,19,43,1,63,0,4,109,1,114,0,23,152,2,177,434,2,436,613
05/24/2001,CPS,IL,AGL,CE,Towers with Display (VFR),0,27,36,12,75,0,3,142,0,145,0,30,178,12,220,384,0,384,604
05/25/2001,CPS,IL,AGL,CE,Towers with Display (VFR),0,23,37,4,64,0,0,72,0,72,0,23,109,4,136,336,0,336,472
05/26/2001,CPS,IL,AGL,CE,Towers with Display (VFR),0,2,13,2,17,0,0,59,0,59,0,2,72,2,76,18,0,18,94
05/27/2001,CPS,IL,AGL,CE,Towers with Display (VFR),0,0,13,2,15,0,0,156,0,156,0,0,169,2,171,402,0,402,573
05/28/2001,CPS,IL,AGL,CE,Towers with Display (VFR),0,0,13,0,13,0,0,77,0,77,0,0,90,0,90,66,0,66,156
05/29/2001,CPS,IL,AGL,CE,Towers with Display (VFR),0,23,45,0,68,0,1,171,1,173,0,24,216,1,241,214,0,214,455
05/30/2001,CPS,IL,AGL,CE,Towers with Display (VFR),0,25,53,0,78,0,2,50,0,52,0,27,103,0,130,24,0,24,154
05/31/2001,CPS,IL,AGL,CE,Towers with Display (VFR),0,26,54,3,83,0,1,30,1,32,0,27,84,4,115,46,0,46,161
06/01/2001,CPS,IL,AGL,CE,Towers with Display (VFR),0,21,53,6,80,0,2,115,0,117,0,23,168,6,197,206,0,206,403
06/02/2001,CPS,IL,AGL,CE,Towers with Display (VFR),0,4,21,3,28,0,1,79,1,81,0,5,100,4,109,94,0,94,203
06/03/2001,CPS,IL,AGL,CE,Towers with Display (VFR),0,0,22,1,23,0,2,62,1,65,0,2,84,2,88,8,0,8,96
06/04/2001,CPS,IL,AGL,CE,Towers with Display (VFR),0,14,38,0,52,0,7,43,0,50,0,21,81,0,102,6,0,6,108
06/05/2001,CPS,IL,AGL,CE,Towers with Display (VFR),0,25,36,2,63,0,1,100,1,102,0,26,136,3,165,106,2,108,273
06/06/2001,CPS,IL,AGL,CE,Towers with Display (VFR),0,24,51,1,76,0,1,98,0,99,0,25,149,1,175,64,0,64,239
06/07/2001,CPS,IL,AGL,CE,Towers with Display (VFR),0,22,57,2,81,0,0,110,3,113,0,22,167,5,194,124,0,124,318
06/08/2001,CPS,IL,AGL,CE,Towers with Display (VFR),0,19,54,2,75,0,0,129,1,130,0,19,183,3,205,558,0,558,763
06/09/2001,CPS,IL,AGL,CE,Towers with Display (VFR),0,0,25,0,25,0,0,138,0,138,0,0,163,0,163,430,0,430,593
06/10/2001,CPS,IL,AGL,CE,Towers with Display (VFR),0,0,15,2,17,0,0,129,8,137,0,0,144,10,154,394,0,394,548
06/11/2001,CPS,IL,AGL,CE,Towers with Display (VFR),0,21,64,4,89,0,3,142,1,146,0,24,206,5,235,628,0,628,863
06/12/2001,CPS,IL,AGL,CE,Towers with Display (VFR),0,24,32,0,56,0,1,128,0,129,0,25,160,0,185,184,0,184,369
06/13/2001,CPS,IL,AGL,CE,Towers with Display (VFR),0,24,40,0,64,0,0,100,0,100,0,24,140,0,164,172,0,172,336
06/14/2001,CPS,IL,AGL,CE,Towers with Display (VFR),0,24,40,2,66,0,0,102,2,104,0,24,142,4,170,130,0,130,300
06/15/2001,CPS,IL,AGL,CE,Towers with Display (VFR),0,21,47,5,73,0,4,128,0,132,0,25,175,5,205,500,0,500,705
06/16/2001,CPS,IL,AGL,CE,Towers with Display (VFR),0,3,40,1,44,0,2,142,1,145,0,5,182,2,189,526,0,526,715
06/17/2001,CPS,IL,AGL,CE,Towers with Display (VFR),0,4,15,0,19,0,2,169,0,171,0,6,184,0,190,472,0,472,662
06/18/2001,CPS,IL,AGL,CE,Towers with Display (VFR),0,21,35,0,56,0,2,152,0,154,0,23,187,0,210,292,0,292,502
06/19/2001,CPS,IL,AGL,CE,Towers with Display (VFR),0,29,50,0,79,0,0,140,0,140,0,29,190,0,219,272,0,272,491
06/20/2001,CPS,IL,AGL,CE,Towers with Display (VFR),0,22,38,1,61,0,1,73,2,76,0,23,111,3,137,114,0,114,251
06/21/2001,CPS,IL,AGL,CE,Towers with Display (VFR),0,29,73,0,102,0,2,47,0,49,0,31,120,0,151,184,0,184,335
06/22/2001,CPS,IL,AGL,CE,Towers with Display (VFR),0,19,47,4,70,0,1,160,0,161,0,20,207,4,231,534,0,534,765
06/23/2001,CPS,IL,AGL,CE,Towers with Display (VFR),0,4,20,0,24,0,0,164,0,164,0,4,184,0,188,492,0,492,680
06/24/2001,CPS,IL,AGL,CE,Towers with Display (VFR),0,6,30,0,36,0,0,99,0,99,0,6,129,0,135,164,0,164,299
06/25/2001,CPS,IL,AGL,CE,Towers with Display (VFR),0,20,47,7,74,0,2,108,0,110,0,22,155,7,184,258,6,264,448
06/26/2001,CPS,IL,AGL,CE,Towers with Display (VFR),0,28,62,0,90,0,4,110,0,114,0,32,172,0,204,342,0,342,546
06/27/2001,CPS,IL,AGL,CE,Towers with Display (VFR),0,25,58,0,83,0,4,134,0,138,0,29,192,0,221,426,0,426,647
06/28/2001,CPS,IL,AGL,CE,Towers with Display (VFR),0,23,57,2,82,0,3,161,2,166,0,26,218,4,248,544,4,548,796
06/29/2001,CPS,IL,AGL,CE,Towers with Display (VFR),0,11,29,1,41,0,12,140,16,168,0,23,169,17,209,414,12,426,635
06/30/2001,CPS,IL,AGL,CE,Towers with Display (VFR),0,7,15,1,23,0,1,99,13,113,0,8,114,14,136,107,10,117,253
07/01/2001,CPS,IL,AGL,CE,Towers with Display (VFR),0,2,15,3,20,0,7,81,8,96,0,9,96,11,116,56,0,56,172
07/02/2001,CPS,IL,AGL,CE,Towers with Display (VFR),0,20,49,4,73,0,2,89,0,91,0,22,138,4,164,90,0,90,254
07/03/2001,CPS,IL,AGL,CE,Towers with Display (VFR),0,24,39,1,64,0,2,88,7,97,0,26,127,8,161,286,0,286,447
07/04/2001,CPS,IL,AGL,CE,Towers with Display (VFR),0,5,10,1,16,0,1,120,1,122,0,6,130,2,138,126,0,126,264
07/05/2001,CPS,IL,AGL,CE,Towers with Display (VFR),0,20,51,2,73,0,2,96,2,100,0,22,147,4,173,114,0,114,287
07/06/2001,CPS,IL,AGL,CE,Towers with Display (VFR),0,19,46,1,66,0,0,103,0,103,0,19,149,1,169,166,2,168,337
07/07/2001,CPS,IL,AGL,CE,Towers with Display (VFR),0,4,17,0,21,0,1,196,0,197,0,5,213,0,218,112,0,112,330
07/08/2001,CPS,IL,AGL,CE,Towers with Display (VFR),0,3,14,0,17,0,0,54,0,54,0,3,68,0,71,30,0,30,101
07/09/2001,CPS,IL,AGL,CE,Towers with Display (VFR),0,17,44,1,62,0,5,100,1,106,0,22,144,2,168,314,0,314,482
07/10/2001,CPS,IL,AGL,CE,Towers with Display (VFR),0,18,47,0,65,0,9,129,0,138,0,27,176,0,203,216,0,216,419
07/11/2001,CPS,IL,AGL,CE,Towers with Display (VFR),0,21,59,1,81,0,4,134,1,139,0,25,193,2,220,234,0,234,454
07/12/2001,CPS,IL,AGL,CE,Towers with Display (VFR),0,20,55,1,76,0,9,86,6,101,0,29,141,7,177,394,0,394,571
07/13/2001,CPS,IL,AGL,CE,Towers with Display (VFR),0,18,49,0,67,0,0,152,0,152,0,18,201,0,219,429,0,429,648
07/14/2001,CPS,IL,AGL,CE,Towers with Display (VFR),0,2,20,0,22,0,0,136,0,136,0,2,156,0,158,458,0,458,616
07/15/2001,CPS,IL,AGL,CE,Towers with Display (VFR),0,0,15,0,15,0,0,92,0,92,0,0,107,0,107,92,0,92,199
07/16/2001,CPS,IL,AGL,CE,Towers with Display (VFR),0,20,63,0,83,0,0,112,0,112,0,20,175,0,195,470,0,470,665
07/17/2001,CPS,IL,AGL,CE,Towers with Display (VFR),0,24,64,0,88,0,3,130,0,133,0,27,194,0,221,470,0,470,691
07/18/2001,CPS,IL,AGL,CE,Towers with Display (VFR),0,23,62,0,85,0,8,47,0,55,0,31,109,0,140,34,0,34,174
07/19/2001,CPS,IL,AGL,CE,Towers with Display (VFR),0,21,58,0,79,0,0,71,0,71,0,21,129,0,150,8,0,8,158
07/20/2001,CPS,IL,AGL,CE,Towers with Display (VFR),0,20,51,0,71,0,0,104,0,104,0,20,155,0,175,400,0,400,575
07/21/2001,CPS,IL,AGL,CE,Towers with Display (VFR),0,2,59,1,62,0,0,144,4,148,0,2,203,5,210,460,0,460,670
07/22/2001,CPS,IL,AGL,CE,Towers with Display (VFR),0,0,31,0,31,0,0,122,2,124,0,0,153,2,155,438,0,438,593
07/23/2001,CPS,IL,AGL,CE,Towers with Display (VFR),0,20,53,0,73,0,1,85,3,89,0,21,138,3,162,400,0,400,562
07/24/2001,CPS,IL,AGL,CE,Towers with Display (VFR),0,21,58,1,80,0,9,93,3,105,0,30,151,4,185,112,0,112,297
07/25/2001,CPS,IL,AGL,CE,Towers with Display (VFR),0,19,50,0,69,0,5,88,3,96,0,24,138,3,165,104,0,104,269
07/26/2001,CPS,IL,AGL,CE,Towers with Display (VFR),0,20,51,0,71,0,3,120,0,123,0,23,171,0,194,438,0,438,632
07/27/2001,CPS,IL,AGL,CE,Towers with Display (VFR),0,20,54,0,74,0,5,122,0,127,0,25,176,0,201,432,0,432,633
07/28/2001,CPS,IL,AGL,CE,Towers with Display (VFR),0,2,45,0,47,0,0,110,0,110,0,2,155,0,157,428,0,428,585
07/29/2001,CPS,IL,AGL,CE,Towers with Display (VFR),0,0,18,0,18,0,0,143,0,143,0,0,161,0,161,458,0,458,619
07/30/2001,CPS,IL,AGL,CE,Towers with Display (VFR),0,20,56,1,77,0,6,101,7,114,0,26,157,8,191,466,0,466,657
07/31/2001,CPS,IL,AGL,CE,Towers with Display (VFR),0,18,49,0,67,0,9,115,0,124,0,27,164,0,191,144,0,144,335
08/01/2001,CPS,IL,AGL,CE,Towers with Display (VFR),0,22,51,0,73,0,3,128,0,131,0,25,179,0,204,190,0,190,394
08/02/2001,CPS,IL,AGL,CE,Towers with Display (VFR),0,23,54,1,78,0,4,120,3,127,0,27,174,4,205,160,0,160,365
08/03/2001,CPS,IL,AGL,CE,Towers with Display (VFR),0,17,43,2,62,0,3,114,8,125,0,20,157,10,187,374,0,374,561
08/04/2001,CPS,IL,AGL,CE,Towers with Display (VFR),0,2,50,0,52,0,0,111,0,111,0,2,161,0,163,414,0,414,577
08/05/2001,CPS,IL,AGL,CE,Towers with Display (VFR),0,2,33,1,36,0,0,122,5,127,0,2,155,6,163,464,0,464,627
08/06/2001,CPS,IL,AGL,CE,Towers with Display (VFR),0,15,35,1,51,0,3,93,1,97,0,18,128,2,148,72,0,72,220
08/07/2001,CPS,IL,AGL,CE,Towers with Display (VFR),0,19,47,0,66,0,10,77,0,87,0,29,124,0,153,66,0,66,219
08/08/2001,CPS,IL,AGL,CE,Towers with Display (VFR),0,18,45,1,64,0,6,66,0,72,0,24,111,1,136,48,0,48,184
08/09/2001,CPS,IL,AGL,CE,Towers with Display (VFR),0,16,38,1,55,0,9,108,4,121,0,25,146,5,176,360,6,366,542
08/10/2001,CPS,IL,AGL,CE,Towers with Display (VFR),0,14,33,0,47,0,4,134,0,138,0,18,167,0,185,388,0,388,573
08/11/2001,CPS,IL,AGL,CE,Towers with Display (VFR),0,0,8,1,9,0,0,166,0,166,0,0,174,1,175,480,0,480,655
08/12/2001,CPS,IL,AGL,CE,Towers with Display (VFR),0,0,15,0,15,0,0,76,0,76,0,0,91,0,91,41,0,41,132
08/13/2001,CPS,IL,AGL,CE,Towers with Display (VFR),0,17,43,0,60,0,4,133,0,137,0,21,176,0,197,102,0,102,299
08/14/2001,CPS,IL,AGL,CE,Towers with Display (VFR),0,16,41,0,57,0,7,122,0,129,0,23,163,0,186,96,0,96,282
08/15/2001,CPS,IL,AGL,CE,Towers with Display (VFR),0,22,55,2,79,0,4,109,1,114,0,26,164,3,193,466,0,466,659
08/16/2001,CPS,IL,AGL,CE,Towers with Display (VFR),0,20,57,0,77,0,0,114,0,114,0,20,171,0,191,422,0,422,613
08/17/2001,CPS,IL,AGL,CE,Towers with Display (VFR),0,23,57,1,81,0,3,139,3,145,0,26,196,4,226,444,0,444,670
08/18/2001,CPS,IL,AGL,CE,Towers with Display (VFR),0,4,25,0,29,0,0,150,3,153,0,4,175,3,182,412,12,424,606
08/19/2001,CPS,IL,AGL,CE,Towers with Display (VFR),0,0,2,0,2,0,1,155,3,159,0,1,157,3,161,175,0,175,336
08/20/2001,CPS,IL,AGL,CE,Towers with Display (VFR),0,18,48,0,66,0,3,105,0,108,0,21,153,0,174,218,0,218,392
08/21/2001,CPS,IL,AGL,CE,Towers with Display (VFR),0,26,67,0,93,0,9,108,0,117,0,35,175,0,210,516,0,516,726
08/22/2001,CPS,IL,AGL,CE,Towers with Display (VFR),0,22,55,1,78,0,2,129,2,133,0,24,184,3,211,554,0,554,765
08/23/2001,CPS,IL,AGL,CE,Towers with Display (VFR),0,17,44,0,61,0,6,118,0,124,0,23,162,0,185,396,0,396,581
08/24/2001,CPS,IL,AGL,CE,Towers with Display (VFR),0,16,39,0,55,0,4,52,2,58,0,20,91,2,113,55,0,55,168
08/25/2001,CPS,IL,AGL,CE,Towers with Display (VFR),0,1,17,0,18,0,0,51,0,51,0,1,68,0,69,81,0,81,150
08/26/2001,CPS,IL,AGL,CE,Towers with Display (VFR),0,0,26,0,26,0,0,117,0,117,0,0,143,0,143,99,0,99,242
08/27/2001,CPS,IL,AGL,CE,Towers with Display (VFR),0,26,64,0,90,0,4,117,0,121,0,30,181,0,211,590,0,590,801
08/28/2001,CPS,IL,AGL,CE,Towers with Display (VFR),0,26,67,1,94,0,1,132,5,138,0,27,199,6,232,554,0,554,786
08/29/2001,CPS,IL,AGL,CE,Towers with Display (VFR),0,23,76,1,100,0,0,155,3,158,0,23,231,4,258,578,0,578,836
08/30/2001,CPS,IL,AGL,CE,Towers with Display (VFR),0,20,51,1,72,0,5,162,0,167,0,25,213,1,239,568,0,568,807
08/31/2001,CPS,IL,AGL,CE,Towers with Display (VFR),0,17,60,1,78,0,0,183,1,184,0,17,243,2,262,620,0,620,882
09/01/2001,CPS,IL,AGL,CE,Towers with Display (VFR),0,4,19,0,23,0,0,189,0,189,0,4,208,0,212,426,0,426,638
09/02/2001,CPS,IL,AGL,CE,Towers with Display (VFR),0,0,18,0,18,0,0,146,0,146,0,0,164,0,164,428,0,428,592
09/03/2001,CPS,IL,AGL,CE,Towers with Display (VFR),0,0,20,0,20,0,0,151,0,151,0,0,171,0,171,470,0,470,641
09/04/2001,CPS,IL,AGL,CE,Towers with Display (VFR),0,17,42,1,60,0,11,362,3,376,0,28,404,4,436,424,0,424,860
09/05/2001,CPS,IL,AGL,CE,Towers with Display (VFR),0,22,56,2,80,0,10,186,0,196,0,32,242,2,276,379,0,379,655
09/06/2001,CPS,IL,AGL,CE,Towers with Display (VFR),0,21,54,2,77,0,0,104,3,107,0,21,158,5,184,310,3,313,497
09/07/2001,CPS,IL,AGL,CE,Towers with Display (VFR),0,23,58,0,81,0,5,142,0,147,0,28,200,0,228,466,0,466,694
09/08/2001,CPS,IL,AGL,CE,Towers with Display (VFR),0,2,16,0,18,0,0,136,0,136,0,2,152,0,154,213,0,213,367
09/09/2001,CPS,IL,AGL,CE,Towers with Display (VFR),0,1,15,0,16,0,0,136,0,136,0,1,151,0,152,378,0,378,530
09/10/2001,CPS,IL,AGL,CE,Towers with Display (VFR),0,18,46,0,64,0,2,259,0,261,0,20,305,0,325,368,0,368,693
09/11/2001,CPS,IL,AGL,CE,Towers with Display (VFR),0,3,9,0,12,0,2,3,0,5,0,5,12,0,17,4,0,4,21
09/12/2001,CPS,IL,AGL,CE,Towers with Display (VFR),0,1,0,0,1,0,5,0,0,5,0,6,0,0,6,0,0,0,6
09/13/2001,CPS,IL,AGL,CE,Towers with Display (VFR),0,10,25,1,36,0,22,0,1,23,0,32,25,2,59,0,0,0,59
09/14/2001,CPS,IL,AGL,CE,Towers with Display (VFR),0,12,24,0,36,0,28,0,0,28,0,40,24,0,64,0,0,0,64
09/15/2001,CPS,IL,AGL,CE,Towers with Display (VFR),0,5,29,1,35,0,0,17,4,21,0,5,46,5,56,0,0,0,56
09/16/2001,CPS,IL,AGL,CE,Towers with Display (VFR),0,8,19,0,27,0,0,23,2,25,0,8,42,2,52,4,0,4,56
09/17/2001,CPS,IL,AGL,CE,Towers with Display (VFR),0,26,66,0,92,0,7,36,0,43,0,33,102,0,135,2,0,2,137
09/18/2001,CPS,IL,AGL,CE,Towers with Display (VFR),0,22,53,0,75,0,3,0,0,3,0,25,53,0,78,0,0,0,78
09/19/2001,CPS,IL,AGL,CE,Towers with Display (VFR),0,27,68,1,96,0,1,26,6,33,0,28,94,7,129,0,0,0,129
09/20/2001,CPS,IL,AGL,CE,Towers with Display (VFR),0,28,72,0,100,0,0,36,0,36,0,28,108,0,136,0,0,0,136
09/21/2001,CPS,IL,AGL,CE,Towers with Display (VFR),0,25,63,0,88,0,8,16,0,24,0,33,79,0,112,0,0,0,112
09/22/2001,CPS,IL,AGL,CE,Towers with Display (VFR),0,11,30,0,41,0,0,68,0,68,0,11,98,0,109,108,0,108,217
09/23/2001,CPS,IL,AGL,CE,Towers with Display (VFR),0,9,28,0,37,0,0,17,0,17,0,9,45,0,54,18,0,18,72
09/24/2001,CPS,IL,AGL,CE,Towers with Display (VFR),0,18,47,0,65,0,12,89,0,101,0,30,136,0,166,234,0,234,400
09/25/2001,CPS,IL,AGL,CE,Towers with Display (VFR),0,27,68,0,95,0,3,129,0,132,0,30,197,0,227,350,0,350,577
09/26/2001,CPS,IL,AGL,CE,Towers with Display (VFR),0,24,65,1,90,0,0,158,0,158,0,24,223,1,248,298,0,298,546
09/27/2001,CPS,IL,AGL,CE,Towers with Display (VFR),0,24,65,0,89,0,0,236,0,236,0,24,301,0,325,550,0,550,875
09/28/2001,CPS,IL,AGL,CE,Towers with Display (VFR),0,24,69,1,94,0,0,153,5,158,0,24,222,6,252,488,0,488,740
09/29/2001,CPS,IL,AGL,CE,Towers with Display (VFR),0,9,54,1,64,0,0,113,2,115,0,9,167,3,179,213,2,215,394
09/30/2001,CPS,IL,AGL,CE,Towers with Display (VFR),0,4,43,0,47,0,0,47,0,47,0,4,90,0,94,34,0,34,128
10/01/2001,CPS,IL,AGL,CE,Towers with Display (VFR),0,34,82,2,118,0,1,144,0,145,0,35,226,2,263,448,2,450,713
10/02/2001,CPS,IL,AGL,CE,Towers with Display (VFR),0,30,73,1,104,0,2,134,2,138,0,32,207,3,242,412,0,412,654
10/03/2001,CPS,IL,AGL,CE,Towers with Display (VFR),0,25,62,0,87,0,4,122,0,126,0,29,184,0,213,556,0,556,769
10/04/2001,CPS,IL,AGL,CE,Towers with Display (VFR),0,25,67,0,92,0,0,134,0,134,0,25,201,0,226,522,0,522,748
10/05/2001,CPS,IL,AGL,CE,Towers with Display (VFR),0,19,49,0,68,0,7,15,0,22,0,26,64,0,90,10,0,10,100
10/06/2001,CPS,IL,AGL,CE,Towers with Display (VFR),0,2,50,0,52,0,0,131,0,131,0,2,181,0,183,570,0,570,753
10/07/2001,CPS,IL,AGL,CE,Towers with Display (VFR),0,1,32,0,33,0,0,85,0,85,0,1,117,0,118,134,0,134,252
10/08/2001,CPS,IL,AGL,CE,Towers with Display (VFR),0,4,25,0,29,0,0,141,0,141,0,4,166,0,170,242,0,242,412
10/09/2001,CPS,IL,AGL,CE,Towers with Display (VFR),0,23,57,0,80,0,30,88,2,120,0,53,145,2,200,268,0,268,468
10/10/2001,CPS,IL,AGL,CE,Towers with Display (VFR),0,20,51,0,71,0,21,44,0,65,0,41,95,0,136,54,0,54,190
10/11/2001,CPS,IL,AGL,CE,Towers with Display (VFR),0,24,59,0,83,0,3,11,0,14,0,27,70,0,97,0,0,0,97
10/12/2001,CPS,IL,AGL,CE,Towers with Display (VFR),0,26,78,0,104,0,0,40,0,40,0,26,118,0,144,126,0,126,270
10/13/2001,CPS,IL,AGL,CE,Towers with Display (VFR),0,2,19,0,21,0,0,6,0,6,0,2,25,0,27,0,0,0,27
10/14/2001,CPS,IL,AGL,CE,Towers with Display (VFR),0,0,47,0,47,0,0,84,4,88,0,0,131,4,135,38,0,38,173
10/15/2001,CPS,IL,AGL,CE,Towers with Display (VFR),0,20,48,0,68,0,10,102,3,115,0,30,150,3,183,484,0,484,667
10/16/2001,CPS,IL,AGL,CE,Towers with Display (VFR),0,28,64,0,92,0,5,152,1,158,0,33,216,1,250,465,0,465,715
10/17/2001,CPS,IL,AGL,CE,Towers with Display (VFR),0,29,77,0,106,0,0,212,0,212,0,29,289,0,318,576,0,576,894
10/18/2001,CPS,IL,AGL,CE,Towers with Display (VFR),0,25,60,1,86,0,9,137,0,146,0,34,197,1,232,530,0,530,762
10/19/2001,CPS,IL,AGL,CE,Towers with Display (VFR),0,32,82,1,115,0,0,126,0,126,0,32,208,1,241,545,0,545,786
10/20/2001,CPS,IL,AGL,CE,Towers with Display (VFR),0,5,21,0,26,0,0,133,0,133,0,5,154,0,159,264,0,264,423
10/21/2001,CPS,IL,AGL,CE,Towers with Display (VFR),0,3,32,0,35,0,0,98,0,98,0,3,130,0,133,30,0,30,163
10/22/2001,CPS,IL,AGL,CE,Towers with Display (VFR),0,19,44,0,63,0,12,80,0,92,0,31,124,0,155,110,0,110,265
10/23/2001,CPS,IL,AGL,CE,Towers with Display (VFR),0,17,40,0,57,0,14,145,0,159,0,31,185,0,216,462,0,462,678
10/24/2001,CPS,IL,AGL,CE,Towers with Display (VFR),0,24,57,1,82,0,7,111,0,118,0,31,168,1,200,514,0,514,714
10/25/2001,CPS,IL,AGL,CE,Towers with Display (VFR),0,22,50,1,73,0,12,108,1,121,0,34,158,2,194,544,0,544,738
10/26/2001,CPS,IL,AGL,CE,Towers with Display (VFR),0,26,60,0,86,0,5,130,0,135,0,31,190,0,221,502,0,502,723
10/27/2001,CPS,IL,AGL,CE,Towers with Display (VFR),0,4,24,0,28,0,0,186,0,186,0,4,210,0,214,578,0,578,792
10/28/2001,CPS,IL,AGL,CE,Towers with Display (VFR),0,4,46,1,51,0,0,127,0,127,0,4,173,1,178,464,0,464,642
10/29/2001,CPS,IL,AGL,CE,Towers with Display (VFR),0,24,55,0,79,0,13,154,0,167,0,37,209,0,246,446,0,446,692
10/30/2001,CPS,IL,AGL,CE,Towers with Display (VFR),0,29,66,0,95,0,4,161,0,165,0,33,227,0,260,762,0,762,1022
10/31/2001,CPS,IL,AGL,CE,Towers with Display (VFR),0,24,56,1,81,0,4,154,0,158,0,28,210,1,239,354,0,354,593
11/01/2001,CPS,IL,AGL,CE,Towers with Display (VFR),0,21,49,0,70,0,9,168,0,177,0,30,217,0,247,572,0,572,819
11/02/2001,CPS,IL,AGL,CE,Towers with Display (VFR),0,30,76,1,107,0,0,144,4,148,0,30,220,5,255,676,8,684,939
11/03/2001,CPS,IL,AGL,CE,Towers with Display (VFR),0,6,28,1,35,0,0,200,7,207,0,6,228,8,242,456,0,456,698
11/04/2001,CPS,IL,AGL,CE,Towers with Display (VFR),0,1,26,0,27,0,0,141,0,141,0,1,167,0,168,500,0,500,668
11/05/2001,CPS,IL,AGL,CE,Towers with Display (VFR),0,24,55,1,80,0,12,151,4,167,0,36,206,5,247,606,0,606,853
11/06/2001,CPS,IL,AGL,CE,Towers with Display (VFR),0,32,69,1,102,0,3,182,0,185,0,35,251,1,287,520,0,520,807
11/07/2001,CPS,IL,AGL,CE,Towers with Display (VFR),0,28,62,1,91,0,6,171,0,177,0,34,233,1,268,452,0,452,720
11/08/2001,CPS,IL,AGL,CE,Towers with Display (VFR),0,28,68,0,96,0,0,84,0,84,0,28,152,0,180,254,0,254,434
11/09/2001,CPS,IL,AGL,CE,Towers with Display (VFR),0,34,73,1,108,0,8,139,4,151,0,42,212,5,259,698,2,700,959
11/10/2001,CPS,IL,AGL,CE,Towers with Display (VFR),0,3,34,0,37,0,0,165,0,165,0,3,199,0,202,602,0,602,804
11/11/2001,CPS,IL,AGL,CE,Towers with Display (VFR),0,4,47,0,51,0,0,140,0,140,0,4,187,0,191,590,0,590,781
11/12/2001,CPS,IL,AGL,CE,Towers with Display (VFR),0,3,38,0,41,0,0,167,0,167,0,3,205,0,208,426,0,426,634
11/13/2001,CPS,IL,AGL,CE,Towers with Display (VFR),0,27,57,1,85,0,14,157,2,173,0,41,214,3,258,410,0,410,668
11/14/2001,CPS,IL,AGL,CE,Towers with Display (VFR),0,33,70,1,104,0,8,154,1,163,0,41,224,2,267,474,0,474,741
11/15/2001,CPS,IL,AGL,CE,Towers with Display (VFR),0,23,49,0,72,0,5,168,0,173,0,28,217,0,245,616,0,616,861
11/16/2001,CPS,IL,AGL,CE,Towers with Display (VFR),0,22,81,1,104,0,0,98,0,98,0,22,179,1,202,448,0,448,650
11/17/2001,CPS,IL,AGL,CE,Towers with Display (VFR),0,2,39,0,41,0,0,126,0,126,0,2,165,0,167,338,0,338,505
11/18/2001,CPS,IL,AGL,CE,Towers with Display (VFR),0,0,12,0,12,0,0,120,0,120,0,0,132,0,132,154,0,154,286
11/19/2001,CPS,IL,AGL,CE,Towers with Display (VFR),0,19,43,0,62,0,11,70,2,83,0,30,113,2,145,192,0,192,337
11/20/2001,CPS,IL,AGL,CE,Towers with Display (VFR),0,26,57,0,83,0,6,140,0,146,0,32,197,0,229,268,0,268,497
11/21/2001,CPS,IL,AGL,CE,Towers with Display (VFR),0,15,34,0,49,0,12,70,0,82,0,27,104,0,131,180,0,180,311
11/22/2001,CPS,IL,AGL,CE,Towers with Display (VFR),0,1,6,0,7,0,0,60,0,60,0,1,66,0,67,34,0,34,101
11/23/2001,CPS,IL,AGL,CE,Towers with Display (VFR),0,11,24,0,35,0,16,51,0,67,0,27,75,0,102,0,0,0,102
11/24/2001,CPS,IL,AGL,CE,Towers with Display (VFR),0,3,8,0,11,0,0,7,0,7,0,3,15,0,18,12,0,12,30
11/25/2001,CPS,IL,AGL,CE,Towers with Display (VFR),0,1,18,0,19,0,0,82,0,82,0,1,100,0,101,6,0,6,107
11/26/2001,CPS,IL,AGL,CE,Towers with Display (VFR),0,25,54,0,79,0,7,55,0,62,0,32,109,0,141,148,0,148,289
11/27/2001,CPS,IL,AGL,CE,Towers with Display (VFR),0,28,61,0,89,0,15,118,0,133,0,43,179,0,222,244,0,244,466
11/28/2001,CPS,IL,AGL,CE,Towers with Display (VFR),0,19,41,0,60,0,9,37,0,46,0,28,78,0,106,0,0,0,106
11/29/2001,CPS,IL,AGL,CE,Towers with Display (VFR),0,20,36,0,56,0,10,0,0,10,0,30,36,0,66,0,0,0,66
11/30/2001,CPS,IL,AGL,CE,Towers with Display (VFR),0,21,47,0,68,0,9,60,0,69,0,30,107,0,137,126,0,126,263
12/01/2001,CPS,IL,AGL,CE,Towers with Display (VFR),0,6,26,0,32,0,0,173,0,173,0,6,199,0,205,376,0,376,581
12/02/2001,CPS,IL,AGL,CE,Towers with Display (VFR),0,1,13,1,15,0,0,139,2,141,0,1,152,3,156,256,0,256,412
12/03/2001,CPS,IL,AGL,CE,Towers with Display (VFR),0,29,58,0,87,0,0,175,0,175,0,29,233,0,262,657,0,657,919
12/04/2001,CPS,IL,AGL,CE,Towers with Display (VFR),0,23,47,1,71,0,7,157,1,165,0,30,204,2,236,492,0,492,728
12/05/2001,CPS,IL,AGL,CE,Towers with Display (VFR),0,22,44,1,67,0,7,144,0,151,0,29,188,1,218,604,0,604,822
12/06/2001,CPS,IL,AGL,CE,Towers with Display (VFR),0,26,68,0,94,0,0,116,0,116,0,26,184,0,210,556,0,556,766
12/07/2001,CPS,IL,AGL,CE,Towers with Display (VFR),0,29,62,1,92,0,0,54,0,54,0,29,116,1,146,2,0,2,148
12/08/2001,CPS,IL,AGL,CE,Towers with Display (VFR),0,13,30,0,43,0,0,69,0,69,0,13,99,0,112,222,0,222,334
12/09/2001,CPS,IL,AGL,CE,Towers with Display (VFR),0,1,37,0,38,0,0,166,0,166,0,1,203,0,204,234,0,234,438
12/10/2001,CPS,IL,AGL,CE,Towers with Display (VFR),0,27,53,0,80,0,6,226,0,232,0,33,279,0,312,578,0,578,890
12/11/2001,CPS,IL,AGL,CE,Towers with Display (VFR),0,32,63,1,96,0,5,187,1,193,0,37,250,2,289,564,0,564,853
12/12/2001,CPS,IL,AGL,CE,Towers with Display (VFR),0,25,49,0,74,0,6,6,0,12,0,31,55,0,86,0,0,0,86
12/13/2001,CPS,IL,AGL,CE,Towers with Display (VFR),0,31,65,0,96,0,0,79,0,79,0,31,144,0,175,68,0,68,243
12/14/2001,CPS,IL,AGL,CE,Towers with Display (VFR),0,24,48,0,72,0,0,177,0,177,0,24,225,0,249,44,0,44,293
12/15/2001,CPS,IL,AGL,CE,Towers with Display (VFR),0,2,26,0,28,0,0,122,0,122,0,2,148,0,150,146,0,146,296
12/16/2001,CPS,IL,AGL,CE,Towers with Display (VFR),0,3,19,0,22,0,0,7,0,7,0,3,26,0,29,0,0,0,29
12/17/2001,CPS,IL,AGL,CE,Towers with Display (VFR),0,22,46,0,68,0,12,17,2,31,0,34,63,2,99,0,0,0,99
12/18/2001,CPS,IL,AGL,CE,Towers with Display (VFR),0,22,44,0,66,0,15,97,0,112,0,37,141,0,178,108,0,108,286
12/19/2001,CPS,IL,AGL,CE,Towers with Display (VFR),0,29,58,0,87,0,6,77,0,83,0,35,135,0,170,36,0,36,206
12/20/2001,CPS,IL,AGL,CE,Towers with Display (VFR),0,23,47,0,70,0,6,115,0,121,0,29,162,0,191,100,0,100,291
12/21/2001,CPS,IL,AGL,CE,Towers with Display (VFR),0,25,50,0,75,0,2,164,1,167,0,27,214,1,242,138,0,138,380
12/22/2001,CPS,IL,AGL,CE,Towers with Display (VFR),0,2,26,0,28,0,0,27,0,27,0,2,53,0,55,12,0,12,67
12/23/2001,CPS,IL,AGL,CE,Towers with Display (VFR),0,0,6,0,6,0,0,20,0,20,0,0,26,0,26,4,0,4,30
12/24/2001,CPS,IL,AGL,CE,Towers with Display (VFR),0,14,29,0,43,0,20,44,0,64,0,34,73,0,107,27,0,27,134
12/25/2001,CPS,IL,AGL,CE,Towers with Display (VFR),0,1,3,0,4,0,2,5,0,7,0,3,8,0,11,4,0,4,15
12/26/2001,CPS,IL,AGL,CE,Towers with Display (VFR),0,13,27,0,40,0,11,49,0,60,0,24,76,0,100,2,0,2,102
12/27/2001,CPS,IL,AGL,CE,Towers with Display (VFR),0,16,33,0,49,0,14,81,0,95,0,30,114,0,144,26,0,26,170
12/28/2001,CPS,IL,AGL,CE,Towers with Display (VFR),0,15,31,0,46,0,11,60,2,73,0,26,91,2,119,38,0,38,157
12/29/2001,CPS,IL,AGL,CE,Towers with Display (VFR),0,4,14,0,18,0,0,46,0,46,0,4,60,0,64,10,0,10,74
12/30/2001,CPS,IL,AGL,CE,Towers with Display (VFR),0,0,14,0,14,0,0,69,0,69,0,0,83,0,83,22,0,22,105
12/31/2001,CPS,IL,AGL,CE,Towers with Display (VFR),0,12,24,0,36,0,16,72,0,88,0,28,96,0,124,24,0,24,148
01/01/2002,CPS,IL,AGL,CE,Towers with Display (VFR),0,1,5,0,6,0,2,14,0,16,0,3,19,0,22,0,0,0,22
01/02/2002,CPS,IL,AGL,CE,Towers with Display (VFR),0,10,21,0,31,0,15,70,0,85,0,25,91,0,116,36,0,36,152
01/03/2002,CPS,IL,AGL,CE,Towers with Display (VFR),0,16,31,0,47,0,14,75,0,89,0,30,106,0,136,92,0,92,228
01/04/2002,CPS,IL,AGL,CE,Towers with Display (VFR),0,22,42,0,64,0,7,91,0,98,0,29,133,0,162,56,0,56,218
01/05/2002,CPS,IL,AGL,CE,Towers with Display (VFR),0,6,10,0,16,0,0,47,0,47,0,6,57,0,63,50,0,50,113
01/06/2002,CPS,IL,AGL,CE,Towers with Display (VFR),0,2,15,0,17,0,0,26,0,26,0,2,41,0,43,0,0,0,43
01/07/2002,CPS,IL,AGL,CE,Towers with Display (VFR),0,19,36,1,56,0,8,85,2,95,0,27,121,3,151,74,0,74,225
01/08/2002,CPS,IL,AGL,CE,Towers with Display (VFR),0,20,39,0,59,0,9,145,0,154,0,29,184,0,213,180,0,180,393
01/09/2002,CPS,IL,AGL,CE,Towers with Display (VFR),0,21,40,0,61,0,5,113,0,118,0,26,153,0,179,194,0,194,373
01/10/2002,CPS,IL,AGL,CE,Towers with Display (VFR),0,17,32,0,49,0,8,77,0,85,0,25,109,0,134,110,0,110,244
01/11/2002,CPS,IL,AGL,CE,Towers with Display (VFR),0,13,36,0,49,0,0,71,0,71,0,13,107,0,120,92,0,92,212
01/12/2002,CPS,IL,AGL,CE,Towers with Display (VFR),0,4,15,0,19,0,0,73,0,73,0,4,88,0,92,46,0,46,138
01/13/2002,CPS,IL,AGL,CE,Towers with Display (VFR),0,3,7,0,10,0,0,62,0,62,0,3,69,0,72,16,0,16,88
01/14/2002,CPS,IL,AGL,CE,Towers with Display (VFR),0,20,38,0,58,0,12,83,0,95,0,32,121,0,153,84,0,84,237
01/15/2002,CPS,IL,AGL,CE,Towers with Display (VFR),0,22,45,0,67,0,10,137,0,147,0,32,182,0,214,338,0,338,552
01/16/2002,CPS,IL,AGL,CE,Towers with Display (VFR),0,24,50,0,74,0,4,143,2,149,0,28,193,2,223,502,0,502,725
01/17/2002,CPS,IL,AGL,CE,Towers with Display (VFR),0,27,56,0,83,0,1,131,0,132,0,28,187,0,215,516,0,516,731
01/18/2002,CPS,IL,AGL,CE,Towers with Display (VFR),0,28,59,0,87,0,0,129,0,129,0,28,188,0,216,292,0,292,508
01/19/2002,CPS,IL,AGL,CE,Towers with Display (VFR),0,4,18,0,22,0,0,25,0,25,0,4,43,0,47,10,0,10,57
01/20/2002,CPS,IL,AGL,CE,Towers with Display (VFR),0,2,48,0,50,0,0,76,0,76,0,2,124,0,126,52,0,52,178
01/21/2002,CPS,IL,AGL,CE,Towers with Display (VFR),0,4,25,0,29,0,0,199,0,199,0,4,224,0,228,494,0,494,722
01/22/2002,CPS,IL,AGL,CE,Towers with Display (VFR),0,30,63,0,93,0,7,163,0,170,0,37,226,0,263,411,0,411,674
01/23/2002,CPS,IL,AGL,CE,Towers with Display (VFR),0,27,57,0,84,0,2,110,0,112,0,29,167,0,196,162,0,162,358
01/24/2002,CPS,IL,AGL,CE,Towers with Display (VFR),0,24,50,0,74,0,4,86,2,92,0,28,136,2,166,196,0,196,362
01/25/2002,CPS,IL,AGL,CE,Towers with Display (VFR),0,30,62,0,92,0,1,224,0,225,0,31,286,0,317,457,0,457,774
01/26/2002,CPS,IL,AGL,CE,Towers with Display (VFR),0,7,28,0,35,0,0,179,0,179,0,7,207,0,214,330,0,330,544
01/27/2002,CPS,IL,AGL,CE,Towers with Display (VFR),0,6,54,0,60,0,0,146,1,147,0,6,200,1,207,135,0,135,342
01/28/2002,CPS,IL,AGL,CE,Towers with Display (VFR),0,32,65,0,97,0,0,145,1,146,0,32,210,1,243,620,0,620,863
01/29/2002,CPS,IL,AGL,CE,Towers with Display (VFR),0,18,37,0,55,0,7,55,1,63,0,25,92,1,118,152,0,152,270
01/30/2002,CPS,IL,AGL,CE,Towers with Display (VFR),0,23,44,0,67,0,4,0,0,4,0,27,44,0,71,0,0,0,71
01/31/2002,CPS,IL,AGL,CE,Towers with Display (VFR),0,20,42,0,62,0,4,0,2,6,0,24,42,2,68,0,0,0,68
02/01/2002,CPS,IL,AGL,CE,Towers with Display (VFR),0,16,42,1,59,0,11,80,1,92,0,27,122,2,151,200,0,200,351
02/02/2002,CPS,IL,AGL,CE,Towers with Display (VFR),0,0,35,0,35,0,0,173,0,173,0,0,208,0,208,452,0,452,660
02/03/2002,CPS,IL,AGL,CE,Towers with Display (VFR),0,0,2,1,3,0,0,93,0,93,0,0,95,1,96,96,0,96,192
02/04/2002,CPS,IL,AGL,CE,Towers with Display (VFR),0,25,66,0,91,0,7,119,0,126,0,32,185,0,217,334,0,334,551
02/05/2002,CPS,IL,AGL,CE,Towers with Display (VFR),0,27,73,1,101,0,5,161,0,166,0,32,234,1,267,364,0,364,631
02/06/2002,CPS,IL,AGL,CE,Towers with Display (VFR),0,24,63,0,87,0,11,103,0,114,0,35,166,0,201,248,0,248,449
02/07/2002,CPS,IL,AGL,CE,Towers with Display (VFR),0,26,69,0,95,0,3,149,0,152,0,29,218,0,247,480,0,480,727
02/08/2002,CPS,IL,AGL,CE,Towers with Display (VFR),0,22,62,1,85,0,0,153,1,154,0,22,215,2,239,362,0,362,601
02/09/2002,CPS,IL,AGL,CE,Towers with Display (VFR),0,1,18,0,19,0,0,102,0,102,0,1,120,0,121,178,0,178,299
02/10/2002,CPS,IL,AGL,CE,Towers with Display (VFR),0,0,2,0,2,0,0,21,0,21,0,0,23,0,23,0,0,0,23
02/11/2002,CPS,IL,AGL,CE,Towers with Display (VFR),0,25,67,0,92,0,5,157,0,162,0,30,224,0,254,571,0,571,825
02/12/2002,CPS,IL,AGL,CE,Towers with Display (VFR),0,24,64,1,89,0,4,159,0,163,0,28,223,1,252,404,0,404,656
02/13/2002,CPS,IL,AGL,CE,Towers with Display (VFR),0,25,65,1,91,0,1,143,0,144,0,26,208,1,235,316,0,316,551
02/14/2002,CPS,IL,AGL,CE,Towers with Display (VFR),0,20,54,1,75,0,4,107,1,112,0,24,161,2,187,250,0,250,437
02/15/2002,CPS,IL,AGL,CE,Towers with Display (VFR),0,20,55,0,75,0,1,123,0,124,0,21,178,0,199,204,0,204,403
02/16/2002,CPS,IL,AGL,CE,Towers with Display (VFR),0,1,48,0,49,0,0,143,0,143,0,1,191,0,192,556,0,556,748
02/17/2002,CPS,IL,AGL,CE,Towers with Display (VFR),0,2,32,0,34,0,0,158,1,159,0,2,190,1,193,516,0,516,709
02/18/2002,CPS,IL,AGL,CE,Towers with Display (VFR),0,4,40,0,44,0,0,134,1,135,0,4,174,1,179,272,0,272,451
02/19/2002,CPS,IL,AGL,CE,Towers with Display (VFR),0,14,22,0,36,0,12,0,0,12,0,26,22,0,48,14,0,14,62
02/20/2002,CPS,IL,AGL,CE,Towers with Display (VFR),0,16,42,0,58,0,14,26,1,41,0,30,68,1,99,10,0,10,109
02/21/2002,CPS,IL,AGL,CE,Towers with Display (VFR),0,24,63,0,87,0,3,137,4,144,0,27,200,4,231,538,0,538,769
02/22/2002,CPS,IL,AGL,CE,Towers with Display (VFR),0,28,78,0,106,0,0,213,0,213,0,28,291,0,319,544,0,544,863
02/23/2002,CPS,IL,AGL,CE,Towers with Display (VFR),0,4,35,0,39,0,0,192,0,192,0,4,227,0,231,502,0,502,733
02/24/2002,CPS,IL,AGL,CE,Towers with Display (VFR),0,3,28,0,31,0,0,123,0,123,0,3,151,0,154,416,0,416,570
02/25/2002,CPS,IL,AGL,CE,Towers with Display (VFR),0,17,48,0,65,0,12,6,0,18,0,29,54,0,83,0,0,0,83
02/26/2002,CPS,IL,AGL,CE,Towers with Display (VFR),0,16,42,0,58,0,18,7,0,25,0,34,49,0,83,0,0,0,83
02/27/2002,CPS,IL,AGL,CE,Towers with Display (VFR),0,24,70,0,94,0,0,104,0,104,0,24,174,0,198,244,0,244,442
02/28/2002,CPS,IL,AGL,CE,Towers with Display (VFR),0,25,68,0,93,0,1,156,0,157,0,26,224,0,250,325,0,325,575
03/01/2002,CPS,IL,AGL,CE,Towers with Display (VFR),0,24,44,0,68,0,0,139,0,139,0,24,183,0,207,228,0,228,435
03/02/2002,CPS,IL,AGL,CE,Towers with Display (VFR),0,2,7,0,9,0,0,2,0,2,0,2,9,0,11,0,0,0,11
03/03/2002,CPS,IL,AGL,CE,Towers with Display (VFR),0,4,13,0,17,0,0,192,1,193,0,4,205,1,210,500,0,500,710
03/04/2002,CPS,IL,AGL,CE,Towers with Display (VFR),0,19,34,0,53,0,5,81,0,86,0,24,115,0,139,156,0,156,295
03/05/2002,CPS,IL,AGL,CE,Towers with Display (VFR),0,28,63,0,91,0,0,153,3,156,0,28,216,3,247,453,0,453,700
03/06/2002,CPS,IL,AGL,CE,Towers with Display (VFR),0,28,61,0,89,0,0,143,6,149,0,28,204,6,238,256,1,257,495
03/07/2002,CPS,IL,AGL,CE,Towers with Display (VFR),0,28,53,0,81,0,0,79,2,81,0,28,132,2,162,130,1,131,293
03/08/2002,CPS,IL,AGL,CE,Towers with Display (VFR),0,17,32,1,50,0,11,116,1,128,0,28,148,2,178,482,0,482,660
03/09/2002,CPS,IL,AGL,CE,Towers with Display (VFR),0,3,5,0,8,0,3,175,0,178,0,6,180,0,186,494,0,494,680
03/10/2002,CPS,IL,AGL,CE,Towers with Display (VFR),0,5,33,0,38,0,0,156,0,156,0,5,189,0,194,480,0,480,674
03/11/2002,CPS,IL,AGL,CE,Towers with Display (VFR),0,16,31,0,47,0,15,169,0,184,0,31,200,0,231,508,0,508,739
03/12/2002,CPS,IL,AGL,CE,Towers with Display (VFR),0,27,51,0,78,0,8,40,0,48,0,35,91,0,126,65,0,65,191
03/13/2002,CPS,IL,AGL,CE,Towers with Display (VFR),0,26,49,0,75,0,7,80,0,87,0,33,129,0,162,189,0,189,351
03/14/2002,CPS,IL,AGL,CE,Towers with Display (VFR),0,36,77,0,113,0,0,99,0,99,0,36,176,0,212,532,0,532,744
03/15/2002,CPS,IL,AGL,CE,Towers with Display (VFR),0,21,41,1,63,0,10,159,1,170,0,31,200,2,233,500,0,500,733
03/16/2002,CPS,IL,AGL,CE,Towers with Display (VFR),0,8,31,1,40,0,0,52,0,52,0,8,83,1,92,16,0,16,108
03/17/2002,CPS,IL,AGL,CE,Towers with Display (VFR),0,9,30,0,39,0,0,19,0,19,0,9,49,0,58,2,0,2,60
03/18/2002,CPS,IL,AGL,CE,Towers with Display (VFR),0,29,62,0,91,0,0,116,0,116,0,29,178,0,207,336,0,336,543
03/19/2002,CPS,IL,AGL,CE,Towers with Display (VFR),0,28,53,0,81,0,6,6,0,12,0,34,59,0,93,168,0,168,261
03/20/2002,CPS,IL,AGL,CE,Towers with Display (VFR),0,29,71,0,100,0,0,114,0,114,0,29,185,0,214,584,0,584,798
03/21/2002,CPS,IL,AGL,CE,Towers with Display (VFR),0,20,38,0,58,0,16,154,0,170,0,36,192,0,228,512,0,512,740
03/22/2002,CPS,IL,AGL,CE,Towers with Display (VFR),0,33,64,0,97,0,3,166,0,169,0,36,230,0,266,464,1,465,731
03/23/2002,CPS,IL,AGL,CE,Towers with Display (VFR),0,15,34,0,49,0,0,163,0,163,0,15,197,0,212,392,0,392,604
03/24/2002,CPS,IL,AGL,CE,Towers with Display (VFR),0,14,29,0,43,0,0,189,1,190,0,14,218,1,233,524,0,524,757
03/25/2002,CPS,IL,AGL,CE,Towers with Display (VFR),0,19,34,0,53,0,7,0,0,7,0,26,34,0,60,0,0,0,60
03/26/2002,CPS,IL,AGL,CE,Towers with Display (VFR),0,19,38,0,57,0,9,118,0,127,0,28,156,0,184,498,0,498,682
03/27/2002,CPS,IL,AGL,CE,Towers with Display (VFR),0,33,63,0,96,0,2,180,1,183,0,35,243,1,279,548,0,548,827
03/28/2002,CPS,IL,AGL,CE,Towers with Display (VFR),0,26,52,0,78,0,0,131,0,131,0,26,183,0,209,536,0,536,745
03/29/2002,CPS,IL,AGL,CE,Towers with Display (VFR),0,14,29,0,43,0,8,85,0,93,0,22,114,0,136,48,0,48,184
03/30/2002,CPS,IL,AGL,CE,Towers with Display (VFR),0,2,16,0,18,0,0,86,0,86,0,2,102,0,104,59,0,59,163
03/31/2002,CPS,IL,AGL,CE,Towers with Display (VFR),0,5,15,0,20,0,0,143,2,145,0,5,158,2,165,410,0,410,575
04/01/2002,CPS,IL,AGL,CE,Towers with Display (VFR),0,20,57,0,77,0,9,149,0,158,0,29,206,0,235,286,0,286,521
04/02/2002,CPS,IL,AGL,CE,Towers with Display (VFR),0,20,57,0,77,0,7,99,0,106,0,27,156,0,183,344,0,344,527
04/03/2002,CPS,IL,AGL,CE,Towers with Display (VFR),0,25,68,0,93,0,6,110,0,116,0,31,178,0,209,313,0,313,522
04/04/2002,CPS,IL,AGL,CE,Towers with Display (VFR),0,18,51,0,69,0,13,201,0,214,0,31,252,0,283,564,0,564,847
04/05/2002,CPS,IL,AGL,CE,Towers with Display (VFR),0,29,76,0,105,0,2,153,0,155,0,31,229,0,260,234,0,234,494
04/06/2002,CPS,IL,AGL,CE,Towers with Display (VFR),0,2,29,1,32,0,0,156,1,157,0,2,185,2,189,372,0,372,561
04/07/2002,CPS,IL,AGL,CE,Towers with Display (VFR),0,3,12,1,16,0,0,28,1,29,0,3,40,2,45,22,0,22,67
04/08/2002,CPS,IL,AGL,CE,Towers with Display (VFR),0,13,35,0,48,0,17,52,0,69,0,30,87,0,117,48,0,48,165
04/09/2002,CPS,IL,AGL,CE,Towers with Display (VFR),0,25,64,1,90,0,10,86,4,100,0,35,150,5,190,210,0,210,400
04/10/2002,CPS,IL,AGL,CE,Towers with Display (VFR),0,31,81,1,113,0,4,141,0,145,0,35,222,1,258,274,0,274,532
04/11/2002,CPS,IL,AGL,CE,Towers with Display (VFR),0,23,61,0,84,0,0,167,0,167,0,23,228,0,251,548,0,548,799
04/12/2002,CPS,IL,AGL,CE,Towers with Display (VFR),0,23,60,0,83,0,7,130,0,137,0,30,190,0,220,528,0,528,748
04/13/2002,CPS,IL,AGL,CE,Towers with Display (VFR),0,7,62,0,69,0,0,143,0,143,0,7,205,0,212,512,0,512,724
04/14/2002,CPS,IL,AGL,CE,Towers with Display (VFR),0,6,31,0,37,0,0,157,0,157,0,6,188,0,194,480,0,480,674
04/15/2002,CPS,IL,AGL,CE,Towers with Display (VFR),0,26,70,1,97,0,0,136,1,137,0,26,206,2,234,530,0,530,764
04/16/2002,CPS,IL,AGL,CE,Towers with Display (VFR),0,18,46,0,64,0,11,114,0,125,0,29,160,0,189,256,0,256,445
04/17/2002,CPS,IL,AGL,CE,Towers with Display (VFR),0,28,73,0,101,0,0,119,0,119,0,28,192,0,220,419,0,419,639
04/18/2002,CPS,IL,AGL,CE,Towers with Display (VFR),0,23,63,0,86,0,4,136,2,142,0,27,199,2,228,306,0,306,534
04/19/2002,CPS,IL,AGL,CE,Towers with Display (VFR),0,23,61,0,84,0,3,103,7,113,0,26,164,7,197,512,0,512,709
04/20/2002,CPS,IL,AGL,CE,Towers with Display (VFR),0,3,25,0,28,0,0,144,0,144,0,3,169,0,172,462,0,462,634
04/21/2002,CPS,IL,AGL,CE,Towers with Display (VFR),0,2,12,0,14,0,0,35,8,43,0,2,47,8,57,0,0,0,57
04/22/2002,CPS,IL,AGL,CE,Towers with Display (VFR),0,24,63,0,87,0,2,129,0,131,0,26,192,0,218,484,0,484,702
04/23/2002,CPS,IL,AGL,CE,Towers with Display (VFR),0,25,66,0,91,0,1,185,0,186,0,26,251,0,277,538,0,538,815
04/24/2002,CPS,IL,AGL,CE,Towers with Display (VFR),0,18,49,0,67,0,12,51,3,66,0,30,100,3,133,181,0,181,314
04/25/2002,CPS,IL,AGL,CE,Towers with Display (VFR),0,22,58,0,80,0,3,170,4,177,0,25,228,4,257,338,0,338,595
04/26/2002,CPS,IL,AGL,CE,Towers with Display (VFR),0,18,50,0,68,0,1,168,2,171,0,19,218,2,239,562,0,562,801
04/27/2002,CPS,IL,AGL,CE,Towers with Display (VFR),0,2,33,0,35,0,0,139,0,139,0,2,172,0,174,452,0,452,626
04/28/2002,CPS,IL,AGL,CE,Towers with Display (VFR),0,5,15,0,20,0,0,151,0,151,0,5,166,0,171,452,0,452,623
04/29/2002,CPS,IL,AGL,CE,Towers with Display (VFR),0,28,73,0,101,0,6,143,0,149,0,34,216,0,250,396,0,396,646
04/30/2002,CPS,IL,AGL,CE,Towers with Display (VFR),0,24,63,0,87,0,1,136,0,137,0,25,199,0,224,276,0,276,500
05/01/2002,CPS,IL,AGL,CE,Towers with Display (VFR),0,25,60,1,86,0,0,10,1,11,0,25,70,2,97,0,0,0,97
05/02/2002,CPS,IL,AGL,CE,Towers with Display (VFR),0,30,72,0,102,0,0,158,0,158,0,30,230,0,260,538,0,538,798
05/03/2002,CPS,IL,AGL,CE,Towers with Display (VFR),0,29,65,1,95,0,0,175,4,179,0,29,240,5,274,532,0,532,806
05/04/2002,CPS,IL,AGL,CE,Towers with Display (VFR),0,4,23,0,27,0,0,170,0,170,0,4,193,0,197,514,0,514,711
05/05/2002,CPS,IL,AGL,CE,Towers with Display (VFR),0,3,43,1,47,0,0,163,2,165,0,3,206,3,212,232,0,232,444
05/06/2002,CPS,IL,AGL,CE,Towers with Display (VFR),0,18,38,0,56,0,6,59,0,65,0,24,97,0,121,106,0,106,227
05/07/2002,CPS,IL,AGL,CE,Towers with Display (VFR),0,22,47,0,69,0,7,94,0,101,0,29,141,0,170,92,0,92,262
05/08/2002,CPS,IL,AGL,CE,Towers with Display (VFR),0,25,54,0,79,0,8,103,0,111,0,33,157,0,190,148,0,148,338
05/09/2002,CPS,IL,AGL,CE,Towers with Display (VFR),0,28,59,0,87,0,12,181,0,193,0,40,240,0,280,538,0,538,818
05/10/2002,CPS,IL,AGL,CE,Towers with Display (VFR),0,22,47,0,69,0,9,169,0,178,0,31,216,0,247,270,0,270,517
05/11/2002,CPS,IL,AGL,CE,Towers with Display (VFR),0,7,16,0,23,0,1,81,0,82,0,8,97,0,105,34,0,34,139
05/12/2002,CPS,IL,AGL,CE,Towers with Display (VFR),0,4,10,0,14,0,0,22,0,22,0,4,32,0,36,0,0,0,36
05/13/2002,CPS,IL,AGL,CE,Towers with Display (VFR),0,22,46,0,68,0,6,199,0,205,0,28,245,0,273,78,0,78,351
05/14/2002,CPS,IL,AGL,CE,Towers with Display (VFR),0,32,75,1,108,0,0,162,0,162,0,32,237,1,270,532,1,533,803
05/15/2002,CPS,IL,AGL,CE,Towers with Display (VFR),0,32,69,0,101,0,2,177,0,179,0,34,246,0,280,498,0,498,778
05/16/2002,CPS,IL,AGL,CE,Towers with Display (VFR),0,23,49,0,72,0,14,77,0,91,0,37,126,0,163,28,0,28,191
05/17/2002,CPS,IL,AGL,CE,Towers with Display (VFR),0,23,50,0,73,0,2,15,0,17,0,25,65,0,90,0,0,0,90
05/18/2002,CPS,IL,AGL,CE,Towers with Display (VFR),0,2,28,0,30,0,0,124,2,126,0,2,152,2,156,98,0,98,254
05/19/2002,CPS,IL,AGL,CE,Towers with Display (VFR),0,7,25,0,32,0,0,108,1,109,0,7,133,1,141,54,0,54,195
05/20/2002,CPS,IL,AGL,CE,Towers with Display (VFR),0,18,63,0,81,0,0,118,0,118,0,18,181,0,199,268,0,268,467
05/21/2002,CPS,IL,AGL,CE,Towers with Display (VFR),0,22,49,0,71,0,3,141,0,144,0,25,190,0,215,240,0,240,455
05/22/2002,CPS,IL,AGL,CE,Towers with Display (VFR),0,25,55,0,80,0,6,129,0,135,0,31,184,0,215,188,0,188,403
05/23/2002,CPS,IL,AGL,CE,Towers with Display (VFR),0,19,41,0,60,0,0,69,3,72,0,19,110,3,132,94,0,94,226
05/24/2002,CPS,IL,AGL,CE,Towers with Display (VFR),0,27,60,0,87,0,19,91,1,111,0,46,151,1,198,452,0,452,650
05/25/2002,CPS,IL,AGL,CE,Towers with Display (VFR),0,2,19,0,21,0,0,130,0,130,0,2,149,0,151,418,0,418,569
05/26/2002,CPS,IL,AGL,CE,Towers with Display (VFR),0,2,7,0,9,0,0,157,0,157,0,2,164,0,166,474,0,474,640
05/27/2002,CPS,IL,AGL,CE,Towers with Display (VFR),0,7,36,0,43,0,0,121,1,122,0,7,157,1,165,430,0,430,595
05/28/2002,CPS,IL,AGL,CE,Towers with Display (VFR),0,19,43,0,62,0,11,109,0,120,0,30,152,0,182,414,0,414,596
05/29/2002,CPS,IL,AGL,CE,Towers with Display (VFR),0,29,63,0,92,0,9,53,1,63,0,38,116,1,155,28,0,28,183
05/30/2002,CPS,IL,AGL,CE,Towers with Display (VFR),0,28,65,0,93,0,0,137,5,142,0,28,202,5,235,262,0,262,497
05/31/2002,CPS,IL,AGL,CE,Towers with Display (VFR),0,21,45,0,66,0,11,136,0,147,0,32,181,0,213,176,0,176,389
06/01/2002,CPS,IL,AGL,CE,Towers with Display (VFR),0,3,30,0,33,0,0,148,0,148,0,3,178,0,181,202,0,202,383
06/02/2002,CPS,IL,AGL,CE,Towers with Display (VFR),0,2,16,0,18,0,0,86,0,86,0,2,102,0,104,70,0,70,174
06/03/2002,CPS,IL,AGL,CE,Towers with Display (VFR),0,12,35,1,48,0,9,91,1,101,0,21,126,2,149,158,0,158,307
06/04/2002,CPS,IL,AGL,CE,Towers with Display (VFR),0,21,56,1,78,0,5,108,0,113,0,26,164,1,191,217,0,217,408
06/05/2002,CPS,IL,AGL,CE,Towers with Display (VFR),0,24,62,0,86,0,9,45,0,54,0,33,107,0,140,56,0,56,196
06/06/2002,CPS,IL,AGL,CE,Towers with Display (VFR),0,22,55,0,77,0,4,125,0,129,0,26,180,0,206,214,0,214,420
06/07/2002,CPS,IL,AGL,CE,Towers with Display (VFR),0,22,56,0,78,0,1,109,0,110,0,23,165,0,188,232,0,232,420
06/08/2002,CPS,IL,AGL,CE,Towers with Display (VFR),0,0,8,0,8,0,0,59,0,59,0,0,67,0,67,58,0,58,125
06/09/2002,CPS,IL,AGL,CE,Towers with Display (VFR),0,6,28,1,35,0,0,95,0,95,0,6,123,1,130,134,0,134,264
06/10/2002,CPS,IL,AGL,CE,Towers with Display (VFR),0,15,37,1,53,0,12,121,0,133,0,27,158,1,186,269,0,269,455
06/11/2002,CPS,IL,AGL,CE,Towers with Display (VFR),0,25,67,1,93,0,0,92,4,96,0,25,159,5,189,196,0,196,385
06/12/2002,CPS,IL,AGL,CE,Towers with Display (VFR),0,24,61,1,86,0,6,107,4,117,0,30,168,5,203,212,0,212,415
06/13/2002,CPS,IL,AGL,CE,Towers with Display (VFR),0,21,54,1,76,0,1,146,0,147,0,22,200,1,223,414,0,414,637
06/14/2002,CPS,IL,AGL,CE,Towers with Display (VFR),0,25,67,0,92,0,0,102,0,102,0,25,169,0,194,518,0,518,712
06/15/2002,CPS,IL,AGL,CE,Towers with Display (VFR),0,5,30,0,35,0,0,116,0,116,0,5,146,0,151,504,0,504,655
06/16/2002,CPS,IL,AGL,CE,Towers with Display (VFR),0,6,21,0,27,0,0,142,0,142,0,6,163,0,169,452,0,452,621
06/17/2002,CPS,IL,AGL,CE,Towers with Display (VFR),0,23,57,0,80,0,3,189,0,192,0,26,246,0,272,388,0,388,660
06/18/2002,CPS,IL,AGL,CE,Towers with Display (VFR),0,25,64,1,90,0,4,128,0,132,0,29,192,1,222,258,0,258,480
06/19/2002,CPS,IL,AGL,CE,Towers with Display (VFR),0,26,68,0,94,0,2,137,0,139,0,28,205,0,233,220,0,220,453
06/20/2002,CPS,IL,AGL,CE,Towers with Display (VFR),0,27,73,0,100,0,6,126,0,132,0,33,199,0,232,179,0,179,411
06/21/2002,CPS,IL,AGL,CE,Towers with Display (VFR),0,21,54,0,75,0,4,91,0,95,0,25,145,0,170,238,0,238,408
06/22/2002,CPS,IL,AGL,CE,Towers with Display (VFR),0,13,36,0,49,0,5,170,0,175,0,18,206,0,224,104,0,104,328
06/23/2002,CPS,IL,AGL,CE,Towers with Display (VFR),0,9,31,0,40,0,0,107,1,108,0,9,138,1,148,180,0,180,328
06/24/2002,CPS,IL,AGL,CE,Towers with Display (VFR),0,17,46,0,63,0,10,167,0,177,0,27,213,0,240,253,0,253,493
06/25/2002,CPS,IL,AGL,CE,Towers with Display (VFR),0,15,41,0,56,0,6,68,2,76,0,21,109,2,132,188,0,188,320
06/26/2002,CPS,IL,AGL,CE,Towers with Display (VFR),0,15,60,0,75,0,0,154,3,157,0,15,214,3,232,354,0,354,586
06/27/2002,CPS,IL,AGL,CE,Towers with Display (VFR),0,25,63,0,88,0,24,102,1,127,0,49,165,1,215,206,0,206,421
06/28/2002,CPS,IL,AGL,CE,Towers with Display (VFR),0,27,72,1,100,0,10,152,1,163,0,37,224,2,263,306,0,306,569
06/29/2002,CPS,IL,AGL,CE,Towers with Display (VFR),0,2,19,0,21,0,0,103,0,103,0,2,122,0,124,153,0,153,277
06/30/2002,CPS,IL,AGL,CE,Towers with Display (VFR),0,7,19,0,26,0,3,59,1,63,0,10,78,1,89,58,0,58,147
07/01/2002,CPS,IL,AGL,CE,Towers with Display (VFR),0,25,65,1,91,0,0,140,0,140,0,25,205,1,231,196,0,196,427
07/02/2002,CPS,IL,AGL,CE,Towers with Display (VFR),0,20,49,0,69,0,9,153,0,162,0,29,202,0,231,478,0,478,709
07/03/2002,CPS,IL,AGL,CE,Towers with Display (VFR),0,20,48,1,69,0,32,118,2,152,0,52,166,3,221,210,0,210,431
07/04/2002,CPS,IL,AGL,CE,Towers with Display (VFR),0,6,15,1,22,0,2,102,7,111,0,8,117,8,133,54,0,54,187
07/05/2002,CPS,IL,AGL,CE,Towers with Display (VFR),0,22,54,0,76,0,3,59,0,62,0,25,113,0,138,72,0,72,210
07/06/2002,CPS,IL,AGL,CE,Towers with Display (VFR),0,3,13,1,17,0,0,154,13,167,0,3,167,14,184,136,0,136,320
07/07/2002,CPS,IL,AGL,CE,Towers with Display (VFR),0,6,28,1,35,0,0,162,7,169,0,6,190,8,204,96,0,96,300
07/08/2002,CPS,IL,AGL,CE,Towers with Display (VFR),0,19,47,1,67,0,0,156,0,156,0,19,203,1,223,250,0,250,473
07/09/2002,CPS,IL,AGL,CE,Towers with Display (VFR),0,22,54,0,76,0,5,131,0,136,0,27,185,0,212,394,0,394,606
07/10/2002,CPS,IL,AGL,CE,Towers with Display (VFR),0,22,53,0,75,0,0,73,0,73,0,22,126,0,148,16,0,16,164
07/11/2002,CPS,IL,AGL,CE,Towers with Display (VFR),0,13,32,0,45,0,5,99,0,104,0,18,131,0,149,76,0,76,225
07/12/2002,CPS,IL,AGL,CE,Towers with Display (VFR),0,16,37,0,53,0,7,107,0,114,0,23,144,0,167,64,0,64,231
07/13/2002,CPS,IL,AGL,CE,Towers with Display (VFR),0,2,24,0,26,0,0,95,0,95,0,2,119,0,121,87,0,87,208
07/14/2002,CPS,IL,AGL,CE,Towers with Display (VFR),0,3,21,1,25,0,0,167,3,170,0,3,188,4,195,504,0,504,699
07/15/2002,CPS,IL,AGL,CE,Towers with Display (VFR),0,24,57,1,82,0,3,127,6,136,0,27,184,7,218,510,0,510,728
07/16/2002,CPS,IL,AGL,CE,Towers with Display (VFR),0,26,65,0,91,0,0,108,0,108,0,26,173,0,199,456,0,456,655
07/17/2002,CPS,IL,AGL,CE,Towers with Display (VFR),0,22,54,1,77,0,3,128,0,131,0,25,182,1,208,502,0,502,710
07/18/2002,CPS,IL,AGL,CE,Towers with Display (VFR),0,22,69,1,92,0,0,140,0,140,0,22,209,1,232,208,0,208,440
07/19/2002,CPS,IL,AGL,CE,Towers with Display (VFR),0,23,55,0,78,0,10,139,1,150,0,33,194,1,228,542,0,542,770
07/20/2002,CPS,IL,AGL,CE,Towers with Display (VFR),0,3,22,0,25,0,0,163,2,165,0,3,185,2,190,466,0,466,656
07/21/2002,CPS,IL,AGL,CE,Towers with Display (VFR),0,1,17,0,18,0,0,168,0,168,0,1,185,0,186,464,0,464,650
07/22/2002,CPS,IL,AGL,CE,Towers with Display (VFR),0,16,38,0,54,0,4,104,3,111,0,20,142,3,165,96,0,96,261
07/23/2002,CPS,IL,AGL,CE,Towers with Display (VFR),0,23,57,0,80,0,3,146,0,149,0,26,203,0,229,514,0,514,743
07/24/2002,CPS,IL,AGL,CE,Towers with Display (VFR),0,19,46,0,65,0,4,131,0,135,0,23,177,0,200,108,0,108,308
07/25/2002,CPS,IL,AGL,CE,Towers with Display (VFR),0,16,40,0,56,0,4,118,0,122,0,20,158,0,178,200,0,200,378
07/26/2002,CPS,IL,AGL,CE,Towers with Display (VFR),0,19,48,0,67,0,3,149,0,152,0,22,197,0,219,102,0,102,321
07/27/2002,CPS,IL,AGL,CE,Towers with Display (VFR),0,2,28,0,30,0,0,68,0,68,0,2,96,0,98,106,0,106,204
07/28/2002,CPS,IL,AGL,CE,Towers with Display (VFR),0,2,29,0,31,0,0,154,2,156,0,2,183,2,187,478,0,478,665
07/29/2002,CPS,IL,AGL,CE,Towers with Display (VFR),0,21,50,0,71,0,3,143,0,146,0,24,193,0,217,477,0,477,694
07/30/2002,CPS,IL,AGL,CE,Towers with Display (VFR),0,18,43,0,61,0,6,88,2,96,0,24,131,2,157,130,0,130,287
07/31/2002,CPS,IL,AGL,CE,Towers with Display (VFR),0,22,54,0,76,0,0,138,2,140,0,22,192,2,216,132,0,132,348
08/01/2002,CPS,IL,AGL,CE,Towers with Display (VFR),0,22,45,0,67,0,5,103,0,108,0,27,148,0,175,70,0,70,245
08/02/2002,CPS,IL,AGL,CE,Towers with Display (VFR),0,24,50,1,75,0,0,101,2,103,0,24,151,3,178,404,0,404,582
08/03/2002,CPS,IL,AGL,CE,Towers with Display (VFR),0,2,15,0,17,0,0,62,0,62,0,2,77,0,79,42,0,42,121
08/04/2002,CPS,IL,AGL,CE,Towers with Display (VFR),0,3,24,0,27,0,0,71,0,71,0,3,95,0,98,8,0,8,106
08/05/2002,CPS,IL,AGL,CE,Towers with Display (VFR),0,18,37,0,55,0,7,59,0,66,0,25,96,0,121,8,0,8,129
08/06/2002,CPS,IL,AGL,CE,Towers with Display (VFR),0,23,48,0,71,0,8,63,0,71,0,31,111,0,142,34,0,34,176
08/07/2002,CPS,IL,AGL,CE,Towers with Display (VFR),0,20,42,0,62,0,4,140,0,144,0,24,182,0,206,22,0,22,228
08/08/2002,CPS,IL,AGL,CE,Towers with Display (VFR),0,19,40,1,60,0,8,123,0,131,0,27,163,1,191,334,0,334,525
08/09/2002,CPS,IL,AGL,CE,Towers with Display (VFR),0,17,34,0,51,0,10,148,0,158,0,27,182,0,209,450,0,450,659
08/10/2002,CPS,IL,AGL,CE,Towers with Display (VFR),0,2,24,0,26,0,0,163,0,163,0,2,187,0,189,386,0,386,575
08/11/2002,CPS,IL,AGL,CE,Towers with Display (VFR),0,1,4,0,5,0,3,51,0,54,0,4,55,0,59,14,0,14,73
08/12/2002,CPS,IL,AGL,CE,Towers with Display (VFR),0,17,35,0,52,0,6,119,0,125,0,23,154,0,177,196,0,196,373
08/13/2002,CPS,IL,AGL,CE,Towers with Display (VFR),0,18,38,0,56,0,11,49,0,60,0,29,87,0,116,120,0,120,236
08/14/2002,CPS,IL,AGL,CE,Towers with Display (VFR),0,23,48,1,72,0,13,85,1,99,0,36,133,2,171,438,0,438,609
08/15/2002,CPS,IL,AGL,CE,Towers with Display (VFR),0,24,48,1,73,0,3,118,1,122,0,27,166,2,195,430,0,430,625
08/16/2002,CPS,IL,AGL,CE,Towers with Display (VFR),0,9,20,1,30,0,16,131,11,158,0,25,151,12,188,90,0,90,278
08/17/2002,CPS,IL,AGL,CE,Towers with Display (VFR),0,5,14,1,20,0,0,91,5,96,0,5,105,6,116,126,0,126,242
08/18/2002,CPS,IL,AGL,CE,Towers with Display (VFR),0,1,40,1,42,0,0,1,4,5,0,1,41,5,47,10,0,10,57
08/19/2002,CPS,IL,AGL,CE,Towers with Display (VFR),0,20,44,0,64,0,0,57,0,57,0,20,101,0,121,14,0,14,135
08/20/2002,CPS,IL,AGL,CE,Towers with Display (VFR),0,19,40,0,59,0,6,135,0,141,0,25,175,0,200,440,0,440,640
08/21/2002,CPS,IL,AGL,CE,Towers with Display (VFR),0,23,55,0,78,0,0,102,0,102,0,23,157,0,180,258,0,258,438
08/22/2002,CPS,IL,AGL,CE,Towers with Display (VFR),0,22,45,0,67,0,12,144,2,158,0,34,189,2,225,236,0,236,461
08/23/2002,CPS,IL,AGL,CE,Towers with Display (VFR),0,12,27,0,39,0,18,108,0,126,0,30,135,0,165,104,0,104,269
08/24/2002,CPS,IL,AGL,CE,Towers with Display (VFR),0,6,36,0,42,0,0,85,1,86,0,6,121,1,128,183,0,183,311
08/25/2002,CPS,IL,AGL,CE,Towers with Display (VFR),0,8,56,0,64,0,0,99,0,99,0,8,155,0,163,78,0,78,241
08/26/2002,CPS,IL,AGL,CE,Towers with Display (VFR),0,24,49,0,73,0,1,156,0,157,0,25,205,0,230,514,0,514,744
08/27/2002,CPS,IL,AGL,CE,Towers with Display (VFR),0,23,47,0,70,0,12,140,0,152,0,35,187,0,222,466,1,467,689
08/28/2002,CPS,IL,AGL,CE,Towers with Display (VFR),0,23,47,0,70,0,3,231,0,234,0,26,278,0,304,366,0,366,670
08/29/2002,CPS,IL,AGL,CE,Towers with Display (VFR),0,20,50,0,70,0,0,204,2,206,0,20,254,2,276,412,0,412,688
08/30/2002,CPS,IL,AGL,CE,Towers with Display (VFR),0,22,56,0,78,0,0,190,0,190,0,22,246,0,268,480,0,480,748
08/31/2002,CPS,IL,AGL,CE,Towers with Display (VFR),0,3,39,0,42,0,0,195,0,195,0,3,234,0,237,550,0,550,787
09/01/2002,CPS,IL,AGL,CE,Towers with Display (VFR),0,2,13,0,15,0,0,81,0,81,0,2,94,0,96,16,0,16,112
09/02/2002,CPS,IL,AGL,CE,Towers with Display (VFR),0,2,31,0,33,0,0,108,0,108,0,2,139,0,141,34,0,34,175
09/03/2002,CPS,IL,AGL,CE,Towers with Display (VFR),0,11,35,2,48,0,9,154,11,174,0,20,189,13,222,266,0,266,488
09/04/2002,CPS,IL,AGL,CE,Towers with Display (VFR),0,14,43,0,57,0,10,160,0,170,0,24,203,0,227,240,0,240,467
09/05/2002,CPS,IL,AGL,CE,Towers with Display (VFR),0,19,57,1,77,0,10,157,0,167,0,29,214,1,244,318,0,318,562
09/06/2002,CPS,IL,AGL,CE,Towers with Display (VFR),0,21,58,1,80,0,1,193,0,194,0,22,251,1,274,352,0,352,626
09/07/2002,CPS,IL,AGL,CE,Towers with Display (VFR),0,3,27,0,30,0,0,193,8,201,0,3,220,8,231,438,0,438,669
09/08/2002,CPS,IL,AGL,CE,Towers with Display (VFR),0,2,21,0,23,0,0,166,2,168,0,2,187,2,191,460,0,460,651
09/09/2002,CPS,IL,AGL,CE,Towers with Display (VFR),0,19,53,0,72,0,6,116,0,122,0,25,169,0,194,305,0,305,499
09/10/2002,CPS,IL,AGL,CE,Towers with Display (VFR),0,20,51,0,71,0,4,193,0,197,0,24,244,0,268,522,0,522,790
09/11/2002,CPS,IL,AGL,CE,Towers with Display (VFR),0,19,49,1,69,0,4,156,0,160,0,23,205,1,229,370,0,370,599
09/12/2002,CPS,IL,AGL,CE,Towers with Display (VFR),0,21,55,2,78,0,4,195,2,201,0,25,250,4,279,336,0,336,615
09/13/2002,CPS,IL,AGL,CE,Towers with Display (VFR),0,23,60,0,83,0,11,214,0,225,0,34,274,0,308,354,0,354,662
09/14/2002,CPS,IL,AGL,CE,Towers with Display (VFR),0,2,32,0,34,0,0,153,0,153,0,2,185,0,187,470,0,470,657
09/15/2002,CPS,IL,AGL,CE,Towers with Display (VFR),0,1,36,0,37,0,0,128,0,128,0,1,164,0,165,422,0,422,587
09/16/2002,CPS,IL,AGL,CE,Towers with Display (VFR),0,22,58,1,81,0,6,125,2,133,0,28,183,3,214,266,0,266,480
09/17/2002,CPS,IL,AGL,CE,Towers with Display (VFR),0,16,41,0,57,0,7,68,0,75,0,23,109,0,132,290,0,290,422
09/18/2002,CPS,IL,AGL,CE,Towers with Display (VFR),0,16,42,1,59,0,13,56,3,72,0,29,98,4,131,94,0,94,225
09/19/2002,CPS,IL,AGL,CE,Towers with Display (VFR),0,17,46,1,64,0,10,148,1,159,0,27,194,2,223,496,0,496,719
09/20/2002,CPS,IL,AGL,CE,Towers with Display (VFR),0,23,62,2,87,0,3,141,0,144,0,26,203,2,231,492,0,492,723
09/21/2002,CPS,IL,AGL,CE,Towers with Display (VFR),0,7,39,0,46,0,0,208,0,208,0,7,247,0,254,530,0,530,784
09/22/2002,CPS,IL,AGL,CE,Towers with Display (VFR),0,13,37,1,51,0,0,133,0,133,0,13,170,1,184,484,0,484,668
09/23/2002,CPS,IL,AGL,CE,Towers with Display (VFR),0,17,45,0,62,0,4,212,0,216,0,21,257,0,278,528,0,528,806
09/24/2002,CPS,IL,AGL,CE,Towers with Display (VFR),0,22,65,1,88,0,0,24,0,24,0,22,89,1,112,548,0,548,660
09/25/2002,CPS,IL,AGL,CE,Towers with Display (VFR),0,19,51,2,72,0,9,150,1,160,0,28,201,3,232,390,0,390,622
09/26/2002,CPS,IL,AGL,CE,Towers with Display (VFR),0,16,58,1,75,0,0,168,0,168,0,16,226,1,243,556,0,556,799
09/27/2002,CPS,IL,AGL,CE,Towers with Display (VFR),0,24,64,2,90,0,2,178,7,187,0,26,242,9,277,566,0,566,843
09/28/2002,CPS,IL,AGL,CE,Towers with Display (VFR),0,2,41,0,43,0,0,133,0,133,0,2,174,0,176,534,0,534,710
09/29/2002,CPS,IL,AGL,CE,Towers with Display (VFR),0,5,35,1,41,0,0,111,2,113,0,5,146,3,154,116,0,116,270
09/30/2002,CPS,IL,AGL,CE,Towers with Display (VFR),0,23,61,2,86,0,0,110,4,114,0,23,171,6,200,232,0,232,432
10/01/2002,CPS,IL,AGL,CE,Towers with Display (VFR),0,22,57,2,81,0,2,190,1,193,0,24,247,3,274,582,0,582,856
10/02/2002,CPS,IL,AGL,CE,Towers with Display (VFR),0,15,51,0,66,0,0,156,0,156,0,15,207,0,222,334,0,334,556
10/03/2002,CPS,IL,AGL,CE,Towers with Display (VFR),0,0,40,0,40,0,0,75,0,75,0,0,115,0,115,172,0,172,287
10/04/2002,CPS,IL,AGL,CE,Towers with Display (VFR),0,28,34,0,62,0,2,47,0,49,0,30,81,0,111,62,0,62,173
10/05/2002,CPS,IL,AGL,CE,Towers with Display (VFR),0,2,35,0,37,0,0,181,0,181,0,2,216,0,218,392,0,392,610
10/06/2002,CPS,IL,AGL,CE,Towers with Display (VFR),0,5,15,0,20,0,0,49,0,49,0,5,64,0,69,34,0,34,103
10/07/2002,CPS,IL,AGL,CE,Towers with Display (VFR),0,25,37,1,63,0,4,163,0,167,0,29,200,1,230,488,0,488,718
10/08/2002,CPS,IL,AGL,CE,Towers with Display (VFR),0,13,57,2,72,0,0,161,1,162,0,13,218,3,234,506,0,506,740
10/09/2002,CPS,IL,AGL,CE,Towers with Display (VFR),0,28,103,1,132,0,1,140,0,141,0,29,243,1,273,368,0,368,641
10/10/2002,CPS,IL,AGL,CE,Towers with Display (VFR),0,31,88,0,119,0,3,158,1,162,0,34,246,1,281,576,0,576,857
10/11/2002,CPS,IL,AGL,CE,Towers with Display (VFR),0,20,65,0,85,0,1,64,0,65,0,21,129,0,150,88,0,88,238
10/12/2002,CPS,IL,AGL,CE,Towers with Display (VFR),0,2,41,0,43,0,3,83,0,86,0,5,124,0,129,210,0,210,339
10/13/2002,CPS,IL,AGL,CE,Towers with Display (VFR),0,3,45,0,48,0,0,89,0,89,0,3,134,0,137,88,0,88,225
10/14/2002,CPS,IL,AGL,CE,Towers with Display (VFR),0,4,56,0,60,0,1,105,0,106,0,5,161,0,166,578,0,578,744
10/15/2002,CPS,IL,AGL,CE,Towers with Display (VFR),0,24,52,0,76,0,0,125,0,125,0,24,177,0,201,460,0,460,661
10/16/2002,CPS,IL,AGL,CE,Towers with Display (VFR),0,24,65,2,91,0,0,141,0,141,0,24,206,2,232,482,0,482,714
10/17/2002,CPS,IL,AGL,CE,Towers with Display (VFR),0,28,56,0,84,0,0,171,0,171,0,28,227,0,255,596,0,596,851
10/18/2002,CPS,IL,AGL,CE,Towers with Display (VFR),0,20,52,0,72,0,0,74,0,74,0,20,126,0,146,100,0,100,246
10/19/2002,CPS,IL,AGL,CE,Towers with Display (VFR),0,5,34,0,39,0,0,87,0,87,0,5,121,0,126,158,0,158,284
10/20/2002,CPS,IL,AGL,CE,Towers with Display (VFR),0,4,42,0,46,0,0,82,10,92,0,4,124,10,138,44,0,44,182
10/21/2002,CPS,IL,AGL,CE,Towers with Display (VFR),0,31,59,2,92,0,0,82,1,83,0,31,141,3,175,511,0,511,686
10/22/2002,CPS,IL,AGL,CE,Towers with Display (VFR),0,23,49,0,72,0,6,104,2,112,0,29,153,2,184,318,0,318,502
10/23/2002,CPS,IL,AGL,CE,Towers with Display (VFR),0,20,59,0,79,0,0,113,0,113,0,20,172,0,192,132,0,132,324
10/24/2002,CPS,IL,AGL,CE,Towers with Display (VFR),0,24,64,0,88,0,1,144,0,145,0,25,208,0,233,586,2,588,821
10/25/2002,CPS,IL,AGL,CE,Towers with Display (VFR),0,17,52,0,69,0,0,2,0,2,0,17,54,0,71,0,0,0,71
10/26/2002,CPS,IL,AGL,CE,Towers with Display (VFR),0,3,62,0,65,0,0,98,0,98,0,3,160,0,163,424,0,424,587
10/27/2002,CPS,IL,AGL,CE,Towers with Display (VFR),0,3,18,0,21,0,0,46,0,46,0,3,64,0,67,11,0,11,78
10/28/2002,CPS,IL,AGL,CE,Towers with Display (VFR),0,23,56,0,79,0,0,2,0,2,0,23,58,0,81,14,0,14,95
10/29/2002,CPS,IL,AGL,CE,Towers with Display (VFR),0,24,59,0,83,0,0,25,0,25,0,24,84,0,108,0,0,0,108
10/30/2002,CPS,IL,AGL,CE,Towers with Display (VFR),0,30,59,3,92,0,2,55,1,58,0,32,114,4,150,96,0,96,246
10/31/2002,CPS,IL,AGL,CE,Towers with Display (VFR),0,25,44,3,72,0,7,65,0,72,0,32,109,3,144,174,0,174,318
11/01/2002,CPS,IL,AGL,CE,Towers with Display (VFR),0,21,72,0,93,0,1,193,0,194,0,22,265,0,287,468,0,468,755
11/02/2002,CPS,IL,AGL,CE,Towers with Display (VFR),0,7,47,0,54,0,0,132,0,132,0,7,179,0,186,266,0,266,452
11/03/2002,CPS,IL,AGL,CE,Towers with Display (VFR),0,5,15,0,20,0,0,1,0,1,0,5,16,0,21,0,0,0,21
11/04/2002,CPS,IL,AGL,CE,Towers with Display (VFR),0,25,51,4,80,0,0,112,0,112,0,25,163,4,192,294,0,294,486
11/05/2002,CPS,IL,AGL,CE,Towers with Display (VFR),0,21,30,0,51,0,0,17,1,18,0,21,47,1,69,48,0,48,117
11/06/2002,CPS,IL,AGL,CE,Towers with Display (VFR),0,22,44,0,66,0,1,103,0,104,0,23,147,0,170,248,0,248,418
11/07/2002,CPS,IL,AGL,CE,Towers with Display (VFR),0,24,54,0,78,0,0,211,0,211,0,24,265,0,289,690,0,690,979
11/08/2002,CPS,IL,AGL,CE,Towers with Display (VFR),0,18,24,0,42,0,8,111,2,121,0,26,135,2,163,86,0,86,249
11/09/2002,CPS,IL,AGL,CE,Towers with Display (VFR),0,3,22,0,25,0,2,25,0,27,0,5,47,0,52,47,0,47,99
11/10/2002,CPS,IL,AGL,CE,Towers with Display (VFR),0,1,39,0,40,0,1,34,0,35,0,2,73,0,75,37,0,37,112
11/11/2002,CPS,IL,AGL,CE,Towers with Display (VFR),0,11,45,0,56,0,2,156,0,158,0,13,201,0,214,367,0,367,581
11/12/2002,CPS,IL,AGL,CE,Towers with Display (VFR),0,21,57,0,78,0,3,180,0,183,0,24,237,0,261,382,0,382,643
11/13/2002,CPS,IL,AGL,CE,Towers with Display (VFR),0,28,67,1,96,0,1,145,0,146,0,29,212,1,242,400,0,400,642
11/14/2002,CPS,IL,AGL,CE,Towers with Display (VFR),0,30,59,0,89,0,0,207,0,207,0,30,266,0,296,534,0,534,830
11/15/2002,CPS,IL,AGL,CE,Towers with Display (VFR),0,28,95,2,125,0,0,20,0,20,0,28,115,2,145,4,0,4,149
11/16/2002,CPS,IL,AGL,CE,Towers with Display (VFR),0,4,16,0,20,0,1,147,0,148,0,5,163,0,168,556,0,556,724
11/17/2002,CPS,IL,AGL,CE,Towers with Display (VFR),0,7,34,0,41,0,0,125,0,125,0,7,159,0,166,396,0,396,562
11/18/2002,CPS,IL,AGL,CE,Towers with Display (VFR),0,29,65,0,94,0,0,158,0,158,0,29,223,0,252,294,0,294,546
11/19/2002,CPS,IL,AGL,CE,Towers with Display (VFR),0,27,51,0,78,0,0,188,0,188,0,27,239,0,266,442,0,442,708
11/20/2002,CPS,IL,AGL,CE,Towers with Display (VFR),0,19,52,2,73,0,9,164,0,173,0,28,216,2,246,550,0,550,796
11/21/2002,CPS,IL,AGL,CE,Towers with Display (VFR),0,21,45,0,66,0,1,145,0,146,0,22,190,0,212,564,0,564,776
11/22/2002,CPS,IL,AGL,CE,Towers with Display (VFR),0,22,55,0,77,0,0,145,0,145,0,22,200,0,222,568,0,568,790
11/23/2002,CPS,IL,AGL,CE,Towers with Display (VFR),0,4,41,0,45,0,0,198,0,198,0,4,239,0,243,564,0,564,807
11/24/2002,CPS,IL,AGL,CE,Towers with Display (VFR),0,2,25,0,27,0,0,34,0,34,0,2,59,0,61,76,0,76,137
11/25/2002,CPS,IL,AGL,CE,Towers with Display (VFR),0,22,46,0,68,0,4,111,0,115,0,26,157,0,183,210,0,210,393
11/26/2002,CPS,IL,AGL,CE,Towers with Display (VFR),0,14,26,0,40,0,2,135,0,137,0,16,161,0,177,388,0,388,565
11/27/2002,CPS,IL,AGL,CE,Towers with Display (VFR),0,14,33,0,47,0,0,75,0,75,0,14,108,0,122,75,0,75,197
11/28/2002,CPS,IL,AGL,CE,Towers with Display (VFR),0,1,7,0,8,0,0,37,0,37,0,1,44,0,45,6,0,6,51
11/29/2002,CPS,IL,AGL,CE,Towers with Display (VFR),0,15,11,0,26,0,3,63,0,66,0,18,74,0,92,43,0,43,135
11/30/2002,CPS,IL,AGL,CE,Towers with Display (VFR),0,4,8,0,12,0,2,52,0,54,0,6,60,0,66,0,0,0,66
12/01/2002,CPS,IL,AGL,CE,Towers with Display (VFR),0,2,20,0,22,0,0,81,0,81,0,2,101,0,103,10,0,10,113
12/02/2002,CPS,IL,AGL,CE,Towers with Display (VFR),0,23,30,0,53,0,0,145,0,145,0,23,175,0,198,271,0,271,469
12/03/2002,CPS,IL,AGL,CE,Towers with Display (VFR),0,21,40,0,61,0,3,203,0,206,0,24,243,0,267,472,0,472,739
12/04/2002,CPS,IL,AGL,CE,Towers with Display (VFR),0,18,37,0,55,0,0,3,0,3,0,18,40,0,58,0,0,0,58
12/05/2002,CPS,IL,AGL,CE,Towers with Display (VFR),0,24,44,0,68,0,4,89,0,93,0,28,133,0,161,172,0,172,333
12/06/2002,CPS,IL,AGL,CE,Towers with Display (VFR),0,25,46,0,71,0,0,196,0,196,0,25,242,0,267,550,0,550,817
12/07/2002,CPS,IL,AGL,CE,Towers with Display (VFR),0,14,30,0,44,0,0,230,0,230,0,14,260,0,274,558,0,558,832
12/08/2002,CPS,IL,AGL,CE,Towers with Display (VFR),0,23,24,0,47,0,1,177,0,178,0,24,201,0,225,526,0,526,751
12/09/2002,CPS,IL,AGL,CE,Towers with Display (VFR),0,23,65,0,88,0,1,159,1,161,0,24,224,1,249,604,0,604,853
12/10/2002,CPS,IL,AGL,CE,Towers with Display (VFR),0,25,71,0,96,0,3,179,0,182,0,28,250,0,278,654,0,654,932
12/11/2002,CPS,IL,AGL,CE,Towers with Display (VFR),0,19,55,0,74,0,0,181,0,181,0,19,236,0,255,632,0,632,887
12/12/2002,CPS,IL,AGL,CE,Towers with Display (VFR),0,24,30,0,54,0,0,145,0,145,0,24,175,0,199,528,0,528,727
12/13/2002,CPS,IL,AGL,CE,Towers with Display (VFR),0,16,30,1,47,0,2,27,0,29,0,18,57,1,76,0,0,0,76
12/14/2002,CPS,IL,AGL,CE,Towers with Display (VFR),0,4,59,0,63,0,0,124,0,124,0,4,183,0,187,520,0,520,707
12/15/2002,CPS,IL,AGL,CE,Towers with Display (VFR),0,4,22,0,26,0,3,142,0,145,0,7,164,0,171,492,0,492,663
12/16/2002,CPS,IL,AGL,CE,Towers with Display (VFR),0,34,52,0,86,0,1,79,0,80,0,35,131,0,166,252,0,252,418
12/17/2002,CPS,IL,AGL,CE,Towers with Display (VFR),0,26,23,0,49,0,4,22,0,26,0,30,45,0,75,0,0,0,75
12/18/2002,CPS,IL,AGL,CE,Towers with Display (VFR),0,27,32,0,59,0,1,45,0,46,0,28,77,0,105,0,0,0,105
12/19/2002,CPS,IL,AGL,CE,Towers with Display (VFR),0,22,36,0,58,0,2,57,0,59,0,24,93,0,117,34,0,34,151
12/20/2002,CPS,IL,AGL,CE,Towers with Display (VFR),0,26,28,0,54,0,10,90,0,100,0,36,118,0,154,50,0,50,204
12/21/2002,CPS,IL,AGL,CE,Towers with Display (VFR),0,1,49,0,50,0,0,74,0,74,0,1,123,0,124,40,0,40,164
12/22/2002,CPS,IL,AGL,CE,Towers with Display (VFR),0,4,14,0,18,0,0,72,0,72,0,4,86,0,90,64,0,64,154
12/23/2002,CPS,IL,AGL,CE,Towers with Display (VFR),0,21,17,0,38,0,1,71,0,72,0,22,88,0,110,70,0,70,180
12/24/2002,CPS,IL,AGL,CE,Towers with Display (VFR),0,24,2,0,26,0,0,16,0,16,0,24,18,0,42,0,0,0,42
12/25/2002,CPS,IL,AGL,CE,Towers with Display (VFR),0,2,1,0,3,0,0,10,0,10,0,2,11,0,13,0,0,0,13
12/26/2002,CPS,IL,AGL,CE,Towers with Display (VFR),0,17,13,0,30,0,1,55,0,56,0,18,68,0,86,22,0,22,108
12/27/2002,CPS,IL,AGL,CE,Towers with Display (VFR),0,26,26,0,52,0,0,22,0,22,0,26,48,0,74,16,0,16,90
12/28/2002,CPS,IL,AGL,CE,Towers with Display (VFR),0,2,13,0,15,0,1,61,0,62,0,3,74,0,77,14,0,14,91
12/29/2002,CPS,IL,AGL,CE,Towers with Display (VFR),0,2,16,0,18,0,0,65,0,65,0,2,81,0,83,68,0,68,151
12/30/2002,CPS,IL,AGL,CE,Towers with Display (VFR),0,14,26,0,40,0,4,23,2,29,0,18,49,2,69,20,0,20,89
12/31/2002,CPS,IL,AGL,CE,Towers with Display (VFR),0,11,21,0,32,0,10,76,0,86,0,21,97,0,118,44,0,44,162
01/01/2003,CPS,IL,AGL,CE,Towers with Display (VFR),0,5,6,0,11,0,0,40,0,40,0,5,46,0,51,40,0,40,91
01/02/2003,CPS,IL,AGL,CE,Towers with Display (VFR),0,20,21,0,41,0,0,27,0,27,0,20,48,0,68,0,0,0,68
01/03/2003,CPS,IL,AGL,CE,Towers with Display (VFR),0,21,47,0,68,0,2,65,0,67,0,23,112,0,135,158,0,158,293
01/04/2003,CPS,IL,AGL,CE,Towers with Display (VFR),0,1,28,0,29,0,0,54,0,54,0,1,82,0,83,68,0,68,151
01/05/2003,CPS,IL,AGL,CE,Towers with Display (VFR),0,3,12,0,15,0,0,24,0,24,0,3,36,0,39,34,0,34,73
01/06/2003,CPS,IL,AGL,CE,Towers with Display (VFR),0,24,22,0,46,0,1,62,0,63,0,25,84,0,109,40,0,40,149
01/07/2003,CPS,IL,AGL,CE,Towers with Display (VFR),0,22,32,0,54,0,6,140,0,146,0,28,172,0,200,530,0,530,730
01/08/2003,CPS,IL,AGL,CE,Towers with Display (VFR),0,17,33,0,50,0,0,108,0,108,0,17,141,0,158,148,0,148,306
01/09/2003,CPS,IL,AGL,CE,Towers with Display (VFR),0,27,55,0,82,0,3,149,0,152,0,30,204,0,234,494,0,494,728
01/10/2003,CPS,IL,AGL,CE,Towers with Display (VFR),0,25,30,0,55,0,5,92,3,100,0,30,122,3,155,62,0,62,217
01/11/2003,CPS,IL,AGL,CE,Towers with Display (VFR),0,5,27,0,32,0,2,78,0,80,0,7,105,0,112,84,0,84,196
01/12/2003,CPS,IL,AGL,CE,Towers with Display (VFR),0,5,12,0,17,0,0,90,2,92,0,5,102,2,109,128,0,128,237
01/13/2003,CPS,IL,AGL,CE,Towers with Display (VFR),0,20,39,0,59,0,1,137,0,138,0,21,176,0,197,242,0,242,439
01/14/2003,CPS,IL,AGL,CE,Towers with Display (VFR),0,28,31,0,59,0,6,176,0,182,0,34,207,0,241,602,0,602,843
01/15/2003,CPS,IL,AGL,CE,Towers with Display (VFR),0,22,49,1,72,0,0,132,0,132,0,22,181,1,204,312,0,312,516
01/16/2003,CPS,IL,AGL,CE,Towers with Display (VFR),0,30,22,1,53,0,0,41,0,41,0,30,63,1,94,58,0,58,152
01/17/2003,CPS,IL,AGL,CE,Towers with Display (VFR),0,20,46,0,66,0,5,149,0,154,0,25,195,0,220,684,0,684,904
01/18/2003,CPS,IL,AGL,CE,Towers with Display (VFR),0,5,9,0,14,0,0,223,0,223,0,5,232,0,237,594,0,594,831
01/19/2003,CPS,IL,AGL,CE,Towers with Display (VFR),0,1,9,0,10,0,1,191,0,192,0,2,200,0,202,524,0,524,726
01/20/2003,CPS,IL,AGL,CE,Towers with Display (VFR),0,6,16,0,22,0,0,92,0,92,0,6,108,0,114,72,0,72,186
01/21/2003,CPS,IL,AGL,CE,Towers with Display (VFR),0,20,50,0,70,0,0,159,0,159,0,20,209,0,229,334,0,334,563
01/22/2003,CPS,IL,AGL,CE,Towers with Display (VFR),0,21,26,0,47,0,0,33,0,33,0,21,59,0,80,24,0,24,104
01/23/2003,CPS,IL,AGL,CE,Towers with Display (VFR),0,22,41,4,67,0,0,95,2,97,0,22,136,6,164,88,0,88,252
01/24/2003,CPS,IL,AGL,CE,Towers with Display (VFR),0,21,34,4,59,0,0,98,0,98,0,21,132,4,157,116,0,116,273
01/25/2003,CPS,IL,AGL,CE,Towers with Display (VFR),0,1,22,0,23,0,0,151,0,151,0,1,173,0,174,400,0,400,574
01/26/2003,CPS,IL,AGL,CE,Towers with Display (VFR),0,2,13,0,15,0,0,58,0,58,0,2,71,0,73,130,0,130,203
01/27/2003,CPS,IL,AGL,CE,Towers with Display (VFR),0,20,44,0,64,0,1,103,2,106,0,21,147,2,170,346,0,346,516
01/28/2003,CPS,IL,AGL,CE,Towers with Display (VFR),0,24,64,3,91,0,2,158,0,160,0,26,222,3,251,332,0,332,583
01/29/2003,CPS,IL,AGL,CE,Towers with Display (VFR),0,22,25,4,51,0,1,32,0,33,0,23,57,4,84,0,0,0,84
01/30/2003,CPS,IL,AGL,CE,Towers with Display (VFR),0,22,62,4,88,0,0,74,0,74,0,22,136,4,162,182,0,182,344
01/31/2003,CPS,IL,AGL,CE,Towers with Display (VFR),0,21,60,1,82,0,0,19,0,19,0,21,79,1,101,0,2,2,103
02/01/2003,CPS,IL,AGL,CE,Towers with Display (VFR),0,3,27,0,30,0,0,188,0,188,0,3,215,0,218,550,0,550,768
02/02/2003,CPS,IL,AGL,CE,Towers with Display (VFR),0,2,33,0,35,0,0,152,2,154,0,2,185,2,189,556,0,556,745
02/03/2003,CPS,IL,AGL,CE,Towers with Display (VFR),0,30,59,0,89,0,2,167,6,175,0,32,226,6,264,538,0,538,802
02/04/2003,CPS,IL,AGL,CE,Towers with Display (VFR),0,23,48,0,71,0,6,153,0,159,0,29,201,0,230,256,0,256,486
02/05/2003,CPS,IL,AGL,CE,Towers with Display (VFR),0,20,48,1,69,0,0,182,0,182,0,20,230,1,251,310,0,310,561
02/06/2003,CPS,IL,AGL,CE,Towers with Display (VFR),0,20,38,0,58,0,8,0,0,8,0,28,38,0,66,22,0,22,88
02/07/2003,CPS,IL,AGL,CE,Towers with Display (VFR),0,27,55,0,82,0,7,117,0,124,0,34,172,0,206,624,0,624,830
02/08/2003,CPS,IL,AGL,CE,Towers with Display (VFR),0,8,18,0,26,0,0,184,0,184,0,8,202,0,210,576,0,576,786
02/09/2003,CPS,IL,AGL,CE,Towers with Display (VFR),0,1,13,0,14,0,0,185,0,185,0,1,198,0,199,508,0,508,707
02/10/2003,CPS,IL,AGL,CE,Towers with Display (VFR),0,13,27,0,40,0,9,85,0,94,0,22,112,0,134,144,0,144,278
02/11/2003,CPS,IL,AGL,CE,Towers with Display (VFR),0,22,48,0,70,0,0,130,0,130,0,22,178,0,200,322,0,322,522
02/12/2003,CPS,IL,AGL,CE,Towers with Display (VFR),0,26,52,0,78,0,2,180,0,182,0,28,232,0,260,320,0,320,580
02/13/2003,CPS,IL,AGL,CE,Towers with Display (VFR),0,19,39,0,58,0,4,170,0,174,0,23,209,0,232,483,0,483,715
02/14/2003,CPS,IL,AGL,CE,Towers with Display (VFR),0,19,44,0,63,0,0,4,0,4,0,19,48,0,67,0,0,0,67
02/15/2003,CPS,IL,AGL,CE,Towers with Display (VFR),0,2,4,0,6,0,2,2,0,4,0,4,6,0,10,0,0,0,10
02/16/2003,CPS,IL,AGL,CE,Towers with Display (VFR),0,3,8,0,11,0,0,0,0,0,0,3,8,0,11,0,0,0,11
02/17/2003,CPS,IL,AGL,CE,Towers with Display (VFR),0,6,14,0,20,0,2,54,0,56,0,8,68,0,76,2,0,2,78
02/18/2003,CPS,IL,AGL,CE,Towers with Display (VFR),0,20,41,0,61,0,1,95,0,96,0,21,136,0,157,158,0,158,315
02/19/2003,CPS,IL,AGL,CE,Towers with Display (VFR),0,23,49,0,72,0,2,58,0,60,0,25,107,0,132,144,0,144,276
02/20/2003,CPS,IL,AGL,CE,Towers with Display (VFR),0,29,59,0,88,0,4,138,2,144,0,33,197,2,232,438,0,438,670
02/21/2003,CPS,IL,AGL,CE,Towers with Display (VFR),0,24,64,0,88,0,0,91,2,93,0,24,155,2,181,336,0,336,517
02/22/2003,CPS,IL,AGL,CE,Towers with Display (VFR),0,2,7,0,9,0,0,8,0,8,0,2,15,0,17,0,0,0,17
02/23/2003,CPS,IL,AGL,CE,Towers with Display (VFR),0,2,6,0,8,0,0,12,0,12,0,2,18,0,20,0,0,0,20
02/24/2003,CPS,IL,AGL,CE,Towers with Display (VFR),0,20,43,0,63,0,1,59,0,60,0,21,102,0,123,68,0,68,191
02/25/2003,CPS,IL,AGL,CE,Towers with Display (VFR),0,26,60,0,86,0,0,126,0,126,0,26,186,0,212,514,0,514,726
02/26/2003,CPS,IL,AGL,CE,Towers with Display (VFR),0,19,39,0,58,0,9,158,0,167,0,28,197,0,225,544,0,544,769
02/27/2003,CPS,IL,AGL,CE,Towers with Display (VFR),0,22,49,0,71,0,0,164,0,164,0,22,213,0,235,548,0,548,783
02/28/2003,CPS,IL,AGL,CE,Towers with Display (VFR),0,22,53,0,75,0,0,150,7,157,0,22,203,7,232,556,20,576,808
03/01/2003,CPS,IL,AGL,CE,Towers with Display (VFR),0,7,15,0,22,0,5,38,0,43,0,12,53,0,65,82,0,82,147
03/02/2003,CPS,IL,AGL,CE,Towers with Display (VFR),0,3,37,0,40,0,0,154,0,154,0,3,191,0,194,564,0,564,758
03/03/2003,CPS,IL,AGL,CE,Towers with Display (VFR),0,23,57,2,82,0,6,164,3,173,0,29,221,5,255,584,0,584,839
03/04/2003,CPS,IL,AGL,CE,Towers with Display (VFR),0,28,68,2,98,0,4,138,3,145,0,32,206,5,243,464,0,464,707
03/05/2003,CPS,IL,AGL,CE,Towers with Display (VFR),0,15,34,1,50,0,14,57,5,76,0,29,91,6,126,50,0,50,176
03/06/2003,CPS,IL,AGL,CE,Towers with Display (VFR),0,20,53,1,74,0,0,130,0,130,0,20,183,1,204,308,0,308,512
03/07/2003,CPS,IL,AGL,CE,Towers with Display (VFR),0,16,39,0,55,0,13,193,0,206,0,29,232,0,261,601,0,601,862
03/08/2003,CPS,IL,AGL,CE,Towers with Display (VFR),0,3,21,0,24,0,0,186,0,186,0,3,207,0,210,580,0,580,790
03/09/2003,CPS,IL,AGL,CE,Towers with Display (VFR),0,5,18,0,23,0,0,188,0,188,0,5,206,0,211,594,0,594,805
03/10/2003,CPS,IL,AGL,CE,Towers with Display (VFR),0,22,55,0,77,0,7,152,0,159,0,29,207,0,236,576,0,576,812
03/11/2003,CPS,IL,AGL,CE,Towers with Display (VFR),0,18,43,0,61,0,5,92,0,97,0,23,135,0,158,182,0,182,340
03/12/2003,CPS,IL,AGL,CE,Towers with Display (VFR),0,21,48,0,69,0,2,93,0,95,0,23,141,0,164,148,0,148,312
03/13/2003,CPS,IL,AGL,CE,Towers with Display (VFR),0,25,61,2,88,0,0,23,0,23,0,25,84,2,111,0,0,0,111
03/14/2003,CPS,IL,AGL,CE,Towers with Display (VFR),0,21,63,0,84,0,0,29,0,29,0,21,92,0,113,4,0,4,117
03/15/2003,CPS,IL,AGL,CE,Towers with Display (VFR),0,2,13,0,15,0,0,73,0,73,0,2,86,0,88,40,0,40,128
03/16/2003,CPS,IL,AGL,CE,Towers with Display (VFR),0,4,41,0,45,0,0,138,0,138,0,4,179,0,183,530,0,530,713
03/17/2003,CPS,IL,AGL,CE,Towers with Display (VFR),0,22,54,0,76,0,4,125,0,129,0,26,179,0,205,326,0,326,531
03/18/2003,CPS,IL,AGL,CE,Towers with Display (VFR),0,23,55,0,78,0,3,80,7,90,0,26,135,7,168,98,0,98,266
03/19/2003,CPS,IL,AGL,CE,Towers with Display (VFR),0,13,32,0,45,0,8,36,1,45,0,21,68,1,90,24,0,24,114
03/20/2003,CPS,IL,AGL,CE,Towers with Display (VFR),0,16,39,0,55,0,5,78,2,85,0,21,117,2,140,184,0,184,324
03/21/2003,CPS,IL,AGL,CE,Towers with Display (VFR),0,23,56,1,80,0,2,159,1,162,0,25,215,2,242,626,0,626,868
03/22/2003,CPS,IL,AGL,CE,Towers with Display (VFR),0,2,29,0,31,0,0,198,0,198,0,2,227,0,229,276,0,276,505
03/23/2003,CPS,IL,AGL,CE,Towers with Display (VFR),0,3,24,0,27,0,0,126,0,126,0,3,150,0,153,166,0,166,319
03/24/2003,CPS,IL,AGL,CE,Towers with Display (VFR),0,23,55,0,78,0,2,212,0,214,0,25,267,0,292,322,0,322,614
03/25/2003,CPS,IL,AGL,CE,Towers with Display (VFR),0,15,37,0,52,0,8,63,2,73,0,23,100,2,125,88,0,88,213
03/26/2003,CPS,IL,AGL,CE,Towers with Display (VFR),0,22,56,1,79,0,4,194,14,212,0,26,250,15,291,620,0,620,911
03/27/2003,CPS,IL,AGL,CE,Towers with Display (VFR),0,18,43,0,61,0,1,115,2,118,0,19,158,2,179,130,0,130,309
03/28/2003,CPS,IL,AGL,CE,Towers with Display (VFR),0,24,60,0,84,0,10,174,0,184,0,34,234,0,268,586,0,586,854
03/29/2003,CPS,IL,AGL,CE,Towers with Display (VFR),0,8,31,0,39,0,0,195,0,195,0,8,226,0,234,506,0,506,740
03/30/2003,CPS,IL,AGL,CE,Towers with Display (VFR),0,4,16,0,20,0,0,135,0,135,0,4,151,0,155,164,0,164,319
03/31/2003,CPS,IL,AGL,CE,Towers with Display (VFR),0,24,60,0,84,0,8,129,0,137,0,32,189,0,221,266,0,266,487
04/01/2003,CPS,IL,AGL,CE,Towers with Display (VFR),0,42,68,0,110,0,0,175,0,175,0,42,243,0,285,700,0,700,985
04/02/2003,CPS,IL,AGL,CE,Towers with Display (VFR),0,31,71,0,102,0,0,164,0,164,0,31,235,0,266,606,0,606,872
04/03/2003,CPS,IL,AGL,CE,Towers with Display (VFR),0,35,96,0,131,0,0,114,0,114,0,35,210,0,245,602,0,602,847
04/04/2003,CPS,IL,AGL,CE,Towers with Display (VFR),0,34,53,0,87,0,0,175,0,175,0,34,228,0,262,552,0,552,814
04/05/2003,CPS,IL,AGL,CE,Towers with Display (VFR),0,17,41,0,58,0,0,185,0,185,0,17,226,0,243,554,0,554,797
04/06/2003,CPS,IL,AGL,CE,Towers with Display (VFR),0,2,3,0,5,0,2,12,0,14,0,4,15,0,19,0,0,0,19
04/07/2003,CPS,IL,AGL,CE,Towers with Display (VFR),0,20,46,0,66,0,5,58,0,63,0,25,104,0,129,70,0,70,199
04/08/2003,CPS,IL,AGL,CE,Towers with Display (VFR),0,25,32,0,57,0,0,54,0,54,0,25,86,0,111,96,0,96,207
04/09/2003,CPS,IL,AGL,CE,Towers with Display (VFR),0,25,53,0,78,0,4,105,0,109,0,29,158,0,187,166,0,166,353
04/10/2003,CPS,IL,AGL,CE,Towers with Display (VFR),0,25,94,0,119,0,1,181,0,182,0,26,275,0,301,538,0,538,839
04/11/2003,CPS,IL,AGL,CE,Towers with Display (VFR),0,24,71,7,102,0,6,166,4,176,0,30,237,11,278,456,8,464,742
04/12/2003,CPS,IL,AGL,CE,Towers with Display (VFR),0,3,41,0,44,0,1,176,0,177,0,4,217,0,221,496,0,496,717
04/13/2003,CPS,IL,AGL,CE,Towers with Display (VFR),0,0,17,0,17,0,0,195,6,201,0,0,212,6,218,556,0,556,774
04/14/2003,CPS,IL,AGL,CE,Towers with Display (VFR),0,20,54,1,75,0,2,132,0,134,0,22,186,1,209,288,0,288,497
04/15/2003,CPS,IL,AGL,CE,Towers with Display (VFR),0,28,64,2,94,0,2,119,3,124,0,30,183,5,218,554,0,554,772
04/16/2003,CPS,IL,AGL,CE,Towers with Display (VFR),0,20,48,0,68,0,1,52,0,53,0,21,100,0,121,20,0,20,141
04/17/2003,CPS,IL,AGL,CE,Towers with Display (VFR),0,30,65,4,99,0,0,49,0,49,0,30,114,4,148,4,0,4,152
04/18/2003,CPS,IL,AGL,CE,Towers with Display (VFR),0,22,43,0,65,0,1,56,0,57,0,23,99,0,122,128,0,128,250
04/19/2003,CPS,IL,AGL,CE,Towers with Display (VFR),0,4,12,0,16,0,0,74,0,74,0,4,86,0,90,50,0,50,140
04/20/2003,CPS,IL,AGL,CE,Towers with Display (VFR),0,3,9,0,12,0,0,39,0,39,0,3,48,0,51,6,0,6,57
04/21/2003,CPS,IL,AGL,CE,Towers with Display (VFR),0,21,48,1,70,0,0,82,2,84,0,21,130,3,154,152,0,152,306
04/22/2003,CPS,IL,AGL,CE,Towers with Display (VFR),0,22,76,0,98,0,7,170,0,177,0,29,246,0,275,442,0,442,717
04/23/2003,CPS,IL,AGL,CE,Towers with Display (VFR),0,20,55,2,77,0,0,183,0,183,0,20,238,2,260,374,0,374,634
04/24/2003,CPS,IL,AGL,CE,Towers with Display (VFR),0,19,45,0,64,0,1,44,0,45,0,20,89,0,109,48,0,48,157
04/25/2003,CPS,IL,AGL,CE,Towers with Display (VFR),0,23,81,6,110,0,1,13,2,16,0,24,94,8,126,52,0,52,178
04/26/2003,CPS,IL,AGL,CE,Towers with Display (VFR),0,5,51,0,56,0,2,171,0,173,0,7,222,0,229,630,0,630,859
04/27/2003,CPS,IL,AGL,CE,Towers with Display (VFR),0,2,16,0,18,0,0,136,0,136,0,2,152,0,154,274,0,274,428
04/28/2003,CPS,IL,AGL,CE,Towers with Display (VFR),0,28,57,0,85,0,0,121,0,121,0,28,178,0,206,544,0,544,750
04/29/2003,CPS,IL,AGL,CE,Towers with Display (VFR),0,29,72,0,101,0,0,134,0,134,0,29,206,0,235,534,0,534,769
04/30/2003,CPS,IL,AGL,CE,Towers with Display (VFR),0,24,44,0,68,0,2,117,0,119,0,26,161,0,187,206,0,206,393
05/01/2003,CPS,IL,AGL,CE,Towers with Display (VFR),0,21,56,1,78,0,4,91,1,96,0,25,147,2,174,218,0,218,392
05/02/2003,CPS,IL,AGL,CE,Towers with Display (VFR),0,26,66,2,94,0,3,180,3,186,0,29,246,5,280,508,0,508,788
05/03/2003,CPS,IL,AGL,CE,Towers with Display (VFR),0,3,23,0,26,0,0,179,0,179,0,3,202,0,205,216,0,216,421
05/04/2003,CPS,IL,AGL,CE,Towers with Display (VFR),0,2,7,0,9,0,0,15,0,15,0,2,22,0,24,4,0,4,28
05/05/2003,CPS,IL,AGL,CE,Towers with Display (VFR),0,23,62,0,85,0,0,140,0,140,0,23,202,0,225,274,0,274,499
05/06/2003,CPS,IL,AGL,CE,Towers with Display (VFR),0,15,38,0,53,0,16,132,0,148,0,31,170,0,201,326,0,326,527
05/07/2003,CPS,IL,AGL,CE,Towers with Display (VFR),0,25,63,1,89,0,5,138,0,143,0,30,201,1,232,515,0,515,747
05/08/2003,CPS,IL,AGL,CE,Towers with Display (VFR),0,20,49,0,69,0,2,50,0,52,0,22,99,0,121,36,0,36,157
05/09/2003,CPS,IL,AGL,CE,Towers with Display (VFR),0,24,61,0,85,0,4,142,0,146,0,28,203,0,231,562,0,562,793
05/10/2003,CPS,IL,AGL,CE,Towers with Display (VFR),0,4,30,1,35,0,0,155,0,155,0,4,185,1,190,488,0,488,678
05/11/2003,CPS,IL,AGL,CE,Towers with Display (VFR),0,2,26,0,28,0,0,156,0,156,0,2,182,0,184,400,0,400,584
05/12/2003,CPS,IL,AGL,CE,Towers with Display (VFR),0,22,52,0,74,0,2,117,0,119,0,24,169,0,193,480,0,480,673
05/13/2003,CPS,IL,AGL,CE,Towers with Display (VFR),0,22,54,1,77,0,7,109,1,117,0,29,163,2,194,500,0,500,694
05/14/2003,CPS,IL,AGL,CE,Towers with Display (VFR),0,16,38,0,54,0,4,120,0,124,0,20,158,0,178,202,0,202,380
05/15/2003,CPS,IL,AGL,CE,Towers with Display (VFR),0,21,51,1,73,0,3,133,0,136,0,24,184,1,209,68,0,68,277
05/16/2003,CPS,IL,AGL,CE,Towers with Display (VFR),0,18,44,0,62,0,10,62,0,72,0,28,106,0,134,386,0,386,520
05/17/2003,CPS,IL,AGL,CE,Towers with Display (VFR),0,6,23,0,29,0,0,11,2,13,0,6,34,2,42,0,0,0,42
05/18/2003,CPS,IL,AGL,CE,Towers with Display (VFR),0,5,27,0,32,0,0,65,3,68,0,5,92,3,100,92,0,92,192
05/19/2003,CPS,IL,AGL,CE,Towers with Display (VFR),0,18,44,0,62,0,7,57,1,65,0,25,101,1,127,76,0,76,203
05/20/2003,CPS,IL,AGL,CE,Towers with Display (VFR),0,20,48,0,68,0,6,118,0,124,0,26,166,0,192,458,0,458,650
05/21/2003,CPS,IL,AGL,CE,Towers with Display (VFR),0,24,60,0,84,0,3,153,0,156,0,27,213,0,240,516,0,516,756
05/22/2003,CPS,IL,AGL,CE,Towers with Display (VFR),0,28,70,1,99,0,7,146,0,153,0,35,216,1,252,486,0,486,738
05/23/2003,CPS,IL,AGL,CE,Towers with Display (VFR),0,29,73,1,103,0,2,128,1,131,0,31,201,2,234,458,0,458,692
05/24/2003,CPS,IL,AGL,CE,Towers with Display (VFR),0,2,32,0,34,0,0,143,0,143,0,2,175,0,177,394,0,394,571
05/25/2003,CPS,IL,AGL,CE,Towers with Display (VFR),0,0,13,0,13,0,0,126,0,126,0,0,139,0,139,296,0,296,435
05/26/2003,CPS,IL,AGL,CE,Towers with Display (VFR),0,1,10,0,11,0,0,98,0,98,0,1,108,0,109,42,0,42,151
05/27/2003,CPS,IL,AGL,CE,Towers with Display (VFR),0,26,68,1,95,0,4,66,2,72,0,30,134,3,167,224,0,224,391
05/28/2003,CPS,IL,AGL,CE,Towers with Display (VFR),0,27,69,1,97,0,5,84,1,90,0,32,153,2,187,328,0,328,515
05/29/2003,CPS,IL,AGL,CE,Towers with Display (VFR),0,21,52,0,73,0,1,147,2,150,0,22,199,2,223,230,0,230,453
05/30/2003,CPS,IL,AGL,CE,Towers with Display (VFR),0,19,48,0,67,0,3,100,4,107,0,22,148,4,174,112,0,112,286
05/31/2003,CPS,IL,AGL,CE,Towers with Display (VFR),0,4,32,0,36,0,0,88,0,88,0,4,120,0,124,134,0,134,258
06/01/2003,CPS,IL,AGL,CE,Towers with Display (VFR),0,2,34,3,39,0,1,85,1,87,0,3,119,4,126,74,0,74,200
06/02/2003,CPS,IL,AGL,CE,Towers with Display (VFR),0,26,29,4,59,0,0,47,0,47,0,26,76,4,106,52,0,52,158
06/03/2003,CPS,IL,AGL,CE,Towers with Display (VFR),0,23,48,1,72,0,0,53,0,53,0,23,101,1,125,6,0,6,131
06/04/2003,CPS,IL,AGL,CE,Towers with Display (VFR),0,23,83,3,109,0,1,140,0,141,0,24,223,3,250,370,6,376,626
06/05/2003,CPS,IL,AGL,CE,Towers with Display (VFR),0,23,67,1,91,0,1,153,0,154,0,24,220,1,245,208,0,208,453
06/06/2003,CPS,IL,AGL,CE,Towers with Display (VFR),0,22,62,0,84,0,0,37,0,37,0,22,99,0,121,22,0,22,143
06/07/2003,CPS,IL,AGL,CE,Towers with Display (VFR),0,6,36,0,42,0,0,109,0,109,0,6,145,0,151,86,0,86,237
06/08/2003,CPS,IL,AGL,CE,Towers with Display (VFR),0,6,54,0,60,0,0,79,0,79,0,6,133,0,139,38,0,38,177
06/09/2003,CPS,IL,AGL,CE,Towers with Display (VFR),0,16,68,0,84,0,0,100,1,101,0,16,168,1,185,426,0,426,611
06/10/2003,CPS,IL,AGL,CE,Towers with Display (VFR),0,25,32,0,57,0,2,82,0,84,0,27,114,0,141,70,0,70,211
06/11/2003,CPS,IL,AGL,CE,Towers with Display (VFR),0,34,58,0,92,0,5,72,1,78,0,39,130,1,170,92,0,92,262
06/12/2003,CPS,IL,AGL,CE,Towers with Display (VFR),0,23,67,2,92,0,2,59,3,64,0,25,126,5,156,91,0,91,247
06/13/2003,CPS,IL,AGL,CE,Towers with Display (VFR),0,24,46,0,70,0,1,95,0,96,0,25,141,0,166,454,0,454,620
06/14/2003,CPS,IL,AGL,CE,Towers with Display (VFR),0,3,51,0,54,0,0,99,0,99,0,3,150,0,153,414,0,414,567
06/15/2003,CPS,IL,AGL,CE,Towers with Display (VFR),0,7,46,0,53,0,0,123,10,133,0,7,169,10,186,452,0,452,638
06/16/2003,CPS,IL,AGL,CE,Towers with Display (VFR),0,28,66,0,94,0,4,116,0,120,0,32,182,0,214,472,0,472,686
06/17/2003,CPS,IL,AGL,CE,Towers with Display (VFR),0,24,54,0,78,0,2,174,0,176,0,26,228,0,254,326,0,326,580
06/18/2003,CPS,IL,AGL,CE,Towers with Display (VFR),0,23,55,0,78,0,0,106,0,106,0,23,161,0,184,179,0,179,363
06/19/2003,CPS,IL,AGL,CE,Towers with Display (VFR),0,22,71,0,93,0,0,107,0,107,0,22,178,0,200,486,0,486,686
06/20/2003,CPS,IL,AGL,CE,Towers with Display (VFR),0,28,50,0,78,0,0,135,0,135,0,28,185,0,213,468,0,468,681
06/21/2003,CPS,IL,AGL,CE,Towers with Display (VFR),0,4,56,0,60,0,0,109,0,109,0,4,165,0,169,404,0,404,573
06/22/2003,CPS,IL,AGL,CE,Towers with Display (VFR),0,2,40,0,42,0,0,115,0,115,0,2,155,0,157,380,0,380,537
06/23/2003,CPS,IL,AGL,CE,Towers with Display (VFR),0,22,54,4,80,0,6,110,0,116,0,28,164,4,196,180,0,180,376
06/24/2003,CPS,IL,AGL,CE,Towers with Display (VFR),0,21,45,0,66,0,3,138,0,141,0,24,183,0,207,256,0,256,463
06/25/2003,CPS,IL,AGL,CE,Towers with Display (VFR),0,26,37,0,63,0,1,134,0,135,0,27,171,0,198,206,0,206,404
06/26/2003,CPS,IL,AGL,CE,Towers with Display (VFR),0,30,51,2,83,0,0,108,0,108,0,30,159,2,191,330,0,330,521
06/27/2003,CPS,IL,AGL,CE,Towers with Display (VFR),0,20,46,2,68,0,0,111,0,111,0,20,157,2,179,132,0,132,311
06/28/2003,CPS,IL,AGL,CE,Towers with Display (VFR),0,0,33,1,34,0,1,105,0,106,0,1,138,1,140,120,0,120,260
06/29/2003,CPS,IL,AGL,CE,Towers with Display (VFR),0,0,1,0,1,0,7,119,4,130,0,7,120,4,131,52,2,54,185
06/30/2003,CPS,IL,AGL,CE,Towers with Display (VFR),0,22,37,0,59,0,2,96,1,99,0,24,133,1,158,96,0,96,254
07/01/2003,CPS,IL,AGL,CE,Towers with Display (VFR),0,26,59,0,85,0,2,135,0,137,0,28,194,0,222,250,0,250,472
07/02/2003,CPS,IL,AGL,CE,Towers with Display (VFR),0,21,75,2,98,0,5,179,6,190,0,26,254,8,288,320,0,320,608
07/03/2003,CPS,IL,AGL,CE,Towers with Display (VFR),0,20,54,0,74,0,1,144,8,153,0,21,198,8,227,150,0,150,377
07/04/2003,CPS,IL,AGL,CE,Towers with Display (VFR),0,0,11,2,13,0,0,70,5,75,0,0,81,7,88,6,0,6,94
07/05/2003,CPS,IL,AGL,CE,Towers with Display (VFR),0,0,12,0,12,0,0,114,0,114,0,0,126,0,126,74,0,74,200
07/06/2003,CPS,IL,AGL,CE,Towers with Display (VFR),0,7,19,0,26,0,0,74,0,74,0,7,93,0,100,38,0,38,138
07/07/2003,CPS,IL,AGL,CE,Towers with Display (VFR),0,27,34,3,64,0,0,130,0,130,0,27,164,3,194,100,4,104,298
07/08/2003,CPS,IL,AGL,CE,Towers with Display (VFR),0,18,29,0,47,0,4,125,0,129,0,22,154,0,176,222,0,222,398
07/09/2003,CPS,IL,AGL,CE,Towers with Display (VFR),0,22,32,0,54,0,7,108,0,115,0,29,140,0,169,176,0,176,345
07/10/2003,CPS,IL,AGL,CE,Towers with Display (VFR),0,21,47,0,68,0,1,83,0,84,0,22,130,0,152,84,0,84,236
07/11/2003,CPS,IL,AGL,CE,Towers with Display (VFR),0,17,47,1,65,0,3,108,0,111,0,20,155,1,176,198,0,198,374
07/12/2003,CPS,IL,AGL,CE,Towers with Display (VFR),0,3,23,2,28,0,3,124,1,128,0,6,147,3,156,140,0,140,296
07/13/2003,CPS,IL,AGL,CE,Towers with Display (VFR),0,12,32,0,44,0,0,105,0,105,0,12,137,0,149,116,0,116,265
07/14/2003,CPS,IL,AGL,CE,Towers with Display (VFR),0,21,31,2,54,0,3,115,0,118,0,24,146,2,172,120,0,120,292
07/15/2003,CPS,IL,AGL,CE,Towers with Display (VFR),0,24,49,0,73,0,3,98,0,101,0,27,147,0,174,174,0,174,348
07/16/2003,CPS,IL,AGL,CE,Towers with Display (VFR),0,17,33,0,50,0,7,141,0,148,0,24,174,0,198,216,0,216,414
07/17/2003,CPS,IL,AGL,CE,Towers with Display (VFR),0,21,48,0,69,0,9,173,1,183,0,30,221,1,252,450,8,458,710
07/18/2003,CPS,IL,AGL,CE,Towers with Display (VFR),0,21,30,0,51,0,4,65,6,75,0,25,95,6,126,12,8,20,146
07/19/2003,CPS,IL,AGL,CE,Towers with Display (VFR),0,0,29,1,30,0,0,45,1,46,0,0,74,2,76,36,0,36,112
07/20/2003,CPS,IL,AGL,CE,Towers with Display (VFR),0,6,17,0,23,0,0,124,0,124,0,6,141,0,147,108,0,108,255
07/21/2003,CPS,IL,AGL,CE,Towers with Display (VFR),0,31,30,1,62,0,3,79,0,82,0,34,109,1,144,133,0,133,277
07/22/2003,CPS,IL,AGL,CE,Towers with Display (VFR),0,24,32,2,58,0,2,121,2,125,0,26,153,4,183,276,0,276,459
07/23/2003,CPS,IL,AGL,CE,Towers with Display (VFR),0,23,52,0,75,0,3,156,0,159,0,26,208,0,234,326,0,326,560
07/24/2003,CPS,IL,AGL,CE,Towers with Display (VFR),0,20,38,0,58,0,6,155,0,161,0,26,193,0,219,330,0,330,549
07/25/2003,CPS,IL,AGL,CE,Towers with Display (VFR),0,20,47,0,67,0,8,140,0,148,0,28,187,0,215,288,0,288,503
07/26/2003,CPS,IL,AGL,CE,Towers with Display (VFR),0,4,22,0,26,0,0,118,0,118,0,4,140,0,144,98,0,98,242
07/27/2003,CPS,IL,AGL,CE,Towers with Display (VFR),0,7,26,1,34,0,0,106,1,107,0,7,132,2,141,162,0,162,303
07/28/2003,CPS,IL,AGL,CE,Towers with Display (VFR),0,24,29,0,53,0,1,84,0,85,0,25,113,0,138,122,0,122,260
07/29/2003,CPS,IL,AGL,CE,Towers with Display (VFR),0,25,50,1,76,0,1,162,0,163,0,26,212,1,239,532,0,532,771
07/30/2003,CPS,IL,AGL,CE,Towers with Display (VFR),0,26,53,1,80,0,1,150,0,151,0,27,203,1,231,338,0,338,569
07/31/2003,CPS,IL,AGL,CE,Towers with Display (VFR),0,22,62,0,84,0,2,105,1,108,0,24,167,1,192,238,0,238,430
08/01/2003,CPS,IL,AGL,CE,Towers with Display (VFR),0,25,44,0,69,0,1,126,0,127,0,26,170,0,196,478,0,478,674
08/02/2003,CPS,IL,AGL,CE,Towers with Display (VFR),0,6,30,0,36,0,0,121,0,121,0,6,151,0,157,390,0,390,547
08/03/2003,CPS,IL,AGL,CE,Towers with Display (VFR),0,3,40,0,43,0,0,115,0,115,0,3,155,0,158,380,0,380,538
08/04/2003,CPS,IL,AGL,CE,Towers with Display (VFR),0,23,47,0,70,0,6,116,0,122,0,29,163,0,192,436,0,436,628
08/05/2003,CPS,IL,AGL,CE,Towers with Display (VFR),0,28,47,0,75,0,4,112,0,116,0,32,159,0,191,334,0,334,525
08/06/2003,CPS,IL,AGL,CE,Towers with Display (VFR),0,22,48,0,70,0,3,138,0,141,0,25,186,0,211,460,0,460,671
08/07/2003,CPS,IL,AGL,CE,Towers with Display (VFR),0,20,46,0,66,0,3,141,0,144,0,23,187,0,210,434,0,434,644
08/08/2003,CPS,IL,AGL,CE,Towers with Display (VFR),0,24,66,0,90,0,3,118,0,121,0,27,184,0,211,488,0,488,699
08/09/2003,CPS,IL,AGL,CE,Towers with Display (VFR),0,1,21,0,22,0,0,121,0,121,0,1,142,0,143,58,0,58,201
08/10/2003,CPS,IL,AGL,CE,Towers with Display (VFR),0,6,54,0,60,0,0,125,0,125,0,6,179,0,185,436,0,436,621
08/11/2003,CPS,IL,AGL,CE,Towers with Display (VFR),0,27,37,1,65,0,0,146,0,146,0,27,183,1,211,454,0,454,665
08/12/2003,CPS,IL,AGL,CE,Towers with Display (VFR),0,24,61,0,85,0,1,72,0,73,0,25,133,0,158,114,0,114,272
08/13/2003,CPS,IL,AGL,CE,Towers with Display (VFR),0,22,37,0,59,0,0,127,0,127,0,22,164,0,186,486,0,486,672
08/14/2003,CPS,IL,AGL,CE,Towers with Display (VFR),0,25,53,0,78,0,0,101,0,101,0,25,154,0,179,330,0,330,509
08/15/2003,CPS,IL,AGL,CE,Towers with Display (VFR),0,18,42,2,62,0,0,113,0,113,0,18,155,2,175,218,0,218,393
08/16/2003,CPS,IL,AGL,CE,Towers with Display (VFR),0,5,59,0,64,0,0,95,5,100,0,5,154,5,164,410,0,410,574
08/17/2003,CPS,IL,AGL,CE,Towers with Display (VFR),0,5,22,0,27,0,0,90,0,90,0,5,112,0,117,94,0,94,211
08/18/2003,CPS,IL,AGL,CE,Towers with Display (VFR),0,25,30,0,55,0,3,98,4,105,0,28,128,4,160,134,0,134,294
08/19/2003,CPS,IL,AGL,CE,Towers with Display (VFR),0,32,40,0,72,0,2,134,0,136,0,34,174,0,208,186,0,186,394
08/20/2003,CPS,IL,AGL,CE,Towers with Display (VFR),0,24,52,0,76,0,8,130,0,138,0,32,182,0,214,204,0,204,418
08/21/2003,CPS,IL,AGL,CE,Towers with Display (VFR),0,33,61,0,94,0,0,123,0,123,0,33,184,0,217,422,0,422,639
08/22/2003,CPS,IL,AGL,CE,Towers with Display (VFR),0,29,44,2,75,0,1,127,6,134,0,30,171,8,209,380,6,386,595
08/23/2003,CPS,IL,AGL,CE,Towers with Display (VFR),0,7,35,0,42,0,1,127,1,129,0,8,162,1,171,412,0,412,583
08/24/2003,CPS,IL,AGL,CE,Towers with Display (VFR),0,8,42,1,51,0,0,106,0,106,0,8,148,1,157,94,0,94,251
08/25/2003,CPS,IL,AGL,CE,Towers with Display (VFR),0,31,30,0,61,0,4,119,0,123,0,35,149,0,184,170,0,170,354
08/26/2003,CPS,IL,AGL,CE,Towers with Display (VFR),0,18,31,0,49,0,4,86,0,90,0,22,117,0,139,176,0,176,315
08/27/2003,CPS,IL,AGL,CE,Towers with Display (VFR),0,38,78,0,116,0,0,149,0,149,0,38,227,0,265,490,0,490,755
08/28/2003,CPS,IL,AGL,CE,Towers with Display (VFR),0,28,69,0,97,0,0,183,2,185,0,28,252,2,282,510,0,510,792
08/29/2003,CPS,IL,AGL,CE,Towers with Display (VFR),0,19,36,0,55,0,0,94,1,95,0,19,130,1,150,46,0,46,196
08/30/2003,CPS,IL,AGL,CE,Towers with Display (VFR),0,5,73,0,78,0,3,128,0,131,0,8,201,0,209,488,0,488,697
08/31/2003,CPS,IL,AGL,CE,Towers with Display (VFR),0,0,54,0,54,0,0,135,0,135,0,0,189,0,189,465,0,465,654
09/01/2003,CPS,IL,AGL,CE,Towers with Display (VFR),0,9,29,0,38,0,0,4,0,4,0,9,33,0,42,0,0,0,42
09/02/2003,CPS,IL,AGL,CE,Towers with Display (VFR),0,24,36,0,60,0,0,18,0,18,0,24,54,0,78,0,0,0,78
09/03/2003,CPS,IL,AGL,CE,Towers with Display (VFR),0,26,34,1,61,0,3,191,1,195,0,29,225,2,256,558,0,558,814
09/04/2003,CPS,IL,AGL,CE,Towers with Display (VFR),0,25,52,2,79,0,3,230,0,233,0,28,282,2,312,500,0,500,812
09/05/2003,CPS,IL,AGL,CE,Towers with Display (VFR),0,21,46,4,71,0,6,202,0,208,0,27,248,4,279,508,0,508,787
09/06/2003,CPS,IL,AGL,CE,Towers with Display (VFR),0,2,42,0,44,0,0,181,0,181,0,2,223,0,225,406,0,406,631
09/07/2003,CPS,IL,AGL,CE,Towers with Display (VFR),0,5,26,4,35,0,0,125,0,125,0,5,151,4,160,142,0,142,302
09/08/2003,CPS,IL,AGL,CE,Towers with Display (VFR),0,19,43,0,62,0,5,155,0,160,0,24,198,0,222,292,0,292,514
09/09/2003,CPS,IL,AGL,CE,Towers with Display (VFR),0,34,67,3,104,0,0,150,0,150,0,34,217,3,254,460,0,460,714
09/10/2003,CPS,IL,AGL,CE,Towers with Display (VFR),0,21,52,0,73,0,14,179,1,194,0,35,231,1,267,494,0,494,761
09/11/2003,CPS,IL,AGL,CE,Towers with Display (VFR),0,29,83,3,115,0,1,113,0,114,0,30,196,3,229,524,2,526,755
09/12/2003,CPS,IL,AGL,CE,Towers with Display (VFR),0,24,46,0,70,0,0,46,0,46,0,24,92,0,116,0,0,0,116
09/13/2003,CPS,IL,AGL,CE,Towers with Display (VFR),0,3,31,0,34,0,0,122,0,122,0,3,153,0,156,94,0,94,250
09/14/2003,CPS,IL,AGL,CE,Towers with Display (VFR),0,9,43,0,52,0,0,135,0,135,0,9,178,0,187,444,0,444,631
09/15/2003,CPS,IL,AGL,CE,Towers with Display (VFR),0,36,60,2,98,0,0,189,0,189,0,36,249,2,287,560,0,560,847
09/16/2003,CPS,IL,AGL,CE,Towers with Display (VFR),0,25,51,0,76,0,3,200,2,205,0,28,251,2,281,616,0,616,897
09/17/2003,CPS,IL,AGL,CE,Towers with Display (VFR),0,23,50,0,73,0,1,209,0,210,0,24,259,0,283,546,0,546,829
09/18/2003,CPS,IL,AGL,CE,Towers with Display (VFR),0,24,55,0,79,0,6,230,0,236,0,30,285,0,315,554,0,554,869
09/19/2003,CPS,IL,AGL,CE,Towers with Display (VFR),0,21,62,0,83,0,5,183,1,189,0,26,245,1,272,424,0,424,696
09/20/2003,CPS,IL,AGL,CE,Towers with Display (VFR),0,6,31,2,39,0,1,187,0,188,0,7,218,2,227,474,0,474,701
09/21/2003,CPS,IL,AGL,CE,Towers with Display (VFR),0,7,43,1,51,0,0,138,1,139,0,7,181,2,190,374,0,374,564
09/22/2003,CPS,IL,AGL,CE,Towers with Display (VFR),0,23,49,0,72,0,2,90,0,92,0,25,139,0,164,198,0,198,362
09/23/2003,CPS,IL,AGL,CE,Towers with Display (VFR),0,28,51,0,79,0,1,230,0,231,0,29,281,0,310,642,0,642,952
09/24/2003,CPS,IL,AGL,CE,Towers with Display (VFR),0,25,48,0,73,0,4,206,0,210,0,29,254,0,283,558,0,558,841
09/25/2003,CPS,IL,AGL,CE,Towers with Display (VFR),0,22,55,0,77,0,2,158,0,160,0,24,213,0,237,506,0,506,743
09/26/2003,CPS,IL,AGL,CE,Towers with Display (VFR),0,26,39,0,65,0,0,133,1,134,0,26,172,1,199,488,0,488,687
09/27/2003,CPS,IL,AGL,CE,Towers with Display (VFR),0,5,19,0,24,0,0,210,0,210,0,5,229,0,234,508,0,508,742
09/28/2003,CPS,IL,AGL,CE,Towers with Display (VFR),0,7,68,0,75,0,0,141,2,143,0,7,209,2,218,482,0,482,700
09/29/2003,CPS,IL,AGL,CE,Towers with Display (VFR),0,21,53,1,75,0,3,170,0,173,0,24,223,1,248,580,0,580,828
09/30/2003,CPS,IL,AGL,CE,Towers with Display (VFR),0,25,53,0,78,0,0,127,0,127,0,25,180,0,205,290,0,290,495
10/01/2003,CPS,IL,AGL,CE,Towers with Display (VFR),0,24,59,0,83,0,2,131,0,133,0,26,190,0,216,274,0,274,490
10/02/2003,CPS,IL,AGL,CE,Towers with Display (VFR),0,20,49,1,70,0,5,213,0,218,0,25,262,1,288,568,0,568,856
10/03/2003,CPS,IL,AGL,CE,Towers with Display (VFR),0,20,47,1,68,0,3,102,5,110,0,23,149,6,178,208,0,208,386
10/04/2003,CPS,IL,AGL,CE,Towers with Display (VFR),0,1,35,0,36,0,0,184,0,184,0,1,219,0,220,462,0,462,682
10/05/2003,CPS,IL,AGL,CE,Towers with Display (VFR),0,8,41,0,49,0,0,147,0,147,0,8,188,0,196,428,0,428,624
10/06/2003,CPS,IL,AGL,CE,Towers with Display (VFR),0,22,55,0,77,0,8,198,0,206,0,30,253,0,283,546,0,546,829
10/07/2003,CPS,IL,AGL,CE,Towers with Display (VFR),0,21,53,1,75,0,3,203,0,206,0,24,256,1,281,608,0,608,889
10/08/2003,CPS,IL,AGL,CE,Towers with Display (VFR),0,26,64,2,92,0,3,205,3,211,0,29,269,5,303,602,0,602,905
10/09/2003,CPS,IL,AGL,CE,Towers with Display (VFR),0,18,56,0,74,0,0,53,0,53,0,18,109,0,127,68,0,68,195
10/10/2003,CPS,IL,AGL,CE,Towers with Display (VFR),0,20,51,1,72,0,1,166,0,167,0,21,217,1,239,562,0,562,801
10/11/2003,CPS,IL,AGL,CE,Towers with Display (VFR),0,4,31,1,36,0,0,36,1,37,0,4,67,2,73,52,0,52,125
10/12/2003,CPS,IL,AGL,CE,Towers with Display (VFR),0,1,20,0,21,0,0,116,0,116,0,1,136,0,137,214,0,214,351
10/13/2003,CPS,IL,AGL,CE,Towers with Display (VFR),0,16,55,2,73,0,0,172,0,172,0,16,227,2,245,493,0,493,738
10/14/2003,CPS,IL,AGL,CE,Towers with Display (VFR),0,13,32,0,45,0,9,85,0,94,0,22,117,0,139,170,0,170,309
10/15/2003,CPS,IL,AGL,CE,Towers with Display (VFR),0,20,51,1,72,0,9,215,0,224,0,29,266,1,296,606,0,606,902
10/16/2003,CPS,IL,AGL,CE,Towers with Display (VFR),0,20,50,1,71,0,3,196,0,199,0,23,246,1,270,544,0,544,814
10/17/2003,CPS,IL,AGL,CE,Towers with Display (VFR),0,18,46,0,64,0,4,151,3,158,0,22,197,3,222,304,32,336,558
10/18/2003,CPS,IL,AGL,CE,Towers with Display (VFR),0,4,36,0,40,0,0,142,3,145,0,4,178,3,185,408,14,422,607
10/19/2003,CPS,IL,AGL,CE,Towers with Display (VFR),0,17,58,1,76,0,0,197,0,197,0,17,255,1,273,466,0,466,739
10/20/2003,CPS,IL,AGL,CE,Towers with Display (VFR),0,15,39,0,54,0,18,83,0,101,0,33,122,0,155,106,0,106,261
10/21/2003,CPS,IL,AGL,CE,Towers with Display (VFR),0,18,48,1,67,0,14,157,1,172,0,32,205,2,239,478,0,478,717
10/22/2003,CPS,IL,AGL,CE,Towers with Display (VFR),0,17,43,0,60,0,12,188,0,200,0,29,231,0,260,458,0,458,718
10/23/2003,CPS,IL,AGL,CE,Towers with Display (VFR),0,25,63,0,88,0,2,198,0,200,0,27,261,0,288,540,0,540,828
10/24/2003,CPS,IL,AGL,CE,Towers with Display (VFR),0,18,47,1,66,0,7,189,2,198,0,25,236,3,264,310,0,310,574
10/25/2003,CPS,IL,AGL,CE,Towers with Display (VFR),0,4,18,0,22,0,0,51,0,51,0,4,69,0,73,0,0,0,73
10/26/2003,CPS,IL,AGL,CE,Towers with Display (VFR),0,6,22,0,28,0,0,122,0,122,0,6,144,0,150,188,0,188,338
10/27/2003,CPS,IL,AGL,CE,Towers with Display (VFR),0,19,48,1,68,0,9,179,1,189,0,28,227,2,257,482,0,482,739
10/28/2003,CPS,IL,AGL,CE,Towers with Display (VFR),0,21,56,0,77,0,2,163,0,165,0,23,219,0,242,462,0,462,704
10/29/2003,CPS,IL,AGL,CE,Towers with Display (VFR),0,18,44,0,62,0,7,157,0,164,0,25,201,0,226,352,0,352,578
10/30/2003,CPS,IL,AGL,CE,Towers with Display (VFR),0,20,51,0,71,0,4,138,0,142,0,24,189,0,213,294,0,294,507
10/31/2003,CPS,IL,AGL,CE,Towers with Display (VFR),0,18,55,0,73,0,0,123,0,123,0,18,178,0,196,288,0,288,484
11/01/2003,CPS,IL,AGL,CE,Towers with Display (VFR),0,6,40,1,47,0,0,26,0,26,0,6,66,1,73,50,0,50,123
11/02/2003,CPS,IL,AGL,CE,Towers with Display (VFR),0,12,26,0,38,0,0,110,0,110,0,12,136,0,148,182,0,182,330
11/03/2003,CPS,IL,AGL,CE,Towers with Display (VFR),0,23,48,0,71,0,9,188,0,197,0,32,236,0,268,510,0,510,778
11/04/2003,CPS,IL,AGL,CE,Towers with Display (VFR),0,26,52,1,79,0,3,157,0,160,0,29,209,1,239,438,0,438,677
11/05/2003,CPS,IL,AGL,CE,Towers with Display (VFR),0,15,34,1,50,0,0,64,5,69,0,15,98,6,119,84,0,84,203
11/06/2003,CPS,IL,AGL,CE,Towers with Display (VFR),0,26,51,1,78,0,5,35,0,40,0,31,86,1,118,50,0,50,168
11/07/2003,CPS,IL,AGL,CE,Towers with Display (VFR),0,19,39,0,58,0,10,190,0,200,0,29,229,0,258,442,0,442,700
11/08/2003,CPS,IL,AGL,CE,Towers with Display (VFR),0,6,30,1,37,0,0,183,1,184,0,6,213,2,221,488,2,490,711
11/09/2003,CPS,IL,AGL,CE,Towers with Display (VFR),0,8,21,0,29,0,0,112,0,112,0,8,133,0,141,182,0,182,323
11/10/2003,CPS,IL,AGL,CE,Towers with Display (VFR),0,22,43,0,65,0,0,133,0,133,0,22,176,0,198,386,0,386,584
11/11/2003,CPS,IL,AGL,CE,Towers with Display (VFR),0,17,39,0,56,0,0,49,0,49,0,17,88,0,105,164,0,164,269
11/12/2003,CPS,IL,AGL,CE,Towers with Display (VFR),0,18,37,0,55,0,5,72,0,77,0,23,109,0,132,110,0,110,242
11/13/2003,CPS,IL,AGL,CE,Towers with Display (VFR),0,24,55,1,80,0,0,189,3,192,0,24,244,4,272,604,0,604,876
11/14/2003,CPS,IL,AGL,CE,Towers with Display (VFR),0,21,44,0,65,0,0,117,0,117,0,21,161,0,182,114,0,114,296
11/15/2003,CPS,IL,AGL,CE,Towers with Display (VFR),0,2,13,1,16,0,0,26,1,27,0,2,39,2,43,30,0,30,73
11/16/2003,CPS,IL,AGL,CE,Towers with Display (VFR),0,9,31,1,41,0,0,104,3,107,0,9,135,4,148,378,0,378,526
11/17/2003,CPS,IL,AGL,CE,Towers with Display (VFR),0,11,16,1,28,0,11,0,0,11,0,22,16,1,39,0,0,0,39
11/18/2003,CPS,IL,AGL,CE,Towers with Display (VFR),0,16,33,0,49,0,12,48,0,60,0,28,81,0,109,26,0,26,135
11/19/2003,CPS,IL,AGL,CE,Towers with Display (VFR),0,24,52,0,76,0,0,222,1,223,0,24,274,1,299,482,0,482,781
11/20/2003,CPS,IL,AGL,CE,Towers with Display (VFR),0,21,44,0,65,0,4,223,1,228,0,25,267,1,293,534,0,534,827
11/21/2003,CPS,IL,AGL,CE,Towers with Display (VFR),0,29,60,1,90,0,1,162,1,164,0,30,222,2,254,526,0,526,780
11/22/2003,CPS,IL,AGL,CE,Towers with Display (VFR),0,10,34,0,44,0,0,134,0,134,0,10,168,0,178,370,0,370,548
11/23/2003,CPS,IL,AGL,CE,Towers with Display (VFR),0,5,11,0,16,0,6,0,0,6,0,11,11,0,22,0,0,0,22
11/24/2003,CPS,IL,AGL,CE,Towers with Display (VFR),0,17,36,0,53,0,9,124,0,133,0,26,160,0,186,248,0,248,434
11/25/2003,CPS,IL,AGL,CE,Towers with Display (VFR),0,26,54,0,80,0,0,140,3,143,0,26,194,3,223,426,0,426,649
11/26/2003,CPS,IL,AGL,CE,Towers with Display (VFR),0,21,42,0,63,0,12,60,0,72,0,33,102,0,135,80,0,80,215
11/27/2003,CPS,IL,AGL,CE,Towers with Display (VFR),0,4,9,0,13,0,0,19,0,19,0,4,28,0,32,6,0,6,38
11/28/2003,CPS,IL,AGL,CE,Towers with Display (VFR),0,5,12,0,17,0,5,29,0,34,0,10,41,0,51,10,0,10,61
11/29/2003,CPS,IL,AGL,CE,Towers with Display (VFR),0,5,18,0,23,0,0,66,2,68,0,5,84,2,91,34,0,34,125
11/30/2003,CPS,IL,AGL,CE,Towers with Display (VFR),0,8,34,0,42,0,0,120,0,120,0,8,154,0,162,4,0,4,166
12/01/2003,CPS,IL,AGL,CE,Towers with Display (VFR),0,23,32,0,55,0,7,114,2,123,0,30,146,2,178,416,0,416,594
12/02/2003,CPS,IL,AGL,CE,Towers with Display (VFR),0,24,35,0,59,0,3,142,0,145,0,27,177,0,204,390,0,390,594
12/03/2003,CPS,IL,AGL,CE,Towers with Display (VFR),0,22,31,0,53,0,4,35,2,41,0,26,66,2,94,188,0,188,282
12/04/2003,CPS,IL,AGL,CE,Towers with Display (VFR),0,28,44,0,72,0,0,8,0,8,0,28,52,0,80,0,0,0,80
12/05/2003,CPS,IL,AGL,CE,Towers with Display (VFR),0,24,35,0,59,0,2,31,0,33,0,26,66,0,92,0,0,0,92
12/06/2003,CPS,IL,AGL,CE,Towers with Display (VFR),0,2,25,0,27,0,0,156,0,156,0,2,181,0,183,383,0,383,566
12/07/2003,CPS,IL,AGL,CE,Towers with Display (VFR),0,11,23,0,34,0,0,123,0,123,0,11,146,0,157,318,0,318,475
12/08/2003,CPS,IL,AGL,CE,Towers with Display (VFR),0,20,44,1,65,0,0,79,2,81,0,20,123,3,146,176,0,176,322
12/09/2003,CPS,IL,AGL,CE,Towers with Display (VFR),0,28,42,1,71,0,7,29,0,36,0,35,71,1,107,22,0,22,129
12/10/2003,CPS,IL,AGL,CE,Towers with Display (VFR),0,26,39,0,65,0,8,18,0,26,0,34,57,0,91,44,0,44,135
12/11/2003,CPS,IL,AGL,CE,Towers with Display (VFR),0,24,43,0,67,0,0,179,0,179,0,24,222,0,246,482,0,482,728
12/12/2003,CPS,IL,AGL,CE,Towers with Display (VFR),0,22,37,0,59,0,0,171,0,171,0,22,208,0,230,272,0,272,502
12/13/2003,CPS,IL,AGL,CE,Towers with Display (VFR),0,4,8,0,12,0,0,2,0,2,0,4,10,0,14,0,0,0,14
12/14/2003,CPS,IL,AGL,CE,Towers with Display (VFR),0,11,20,0,31,0,0,30,0,30,0,11,50,0,61,0,0,0,61
12/15/2003,CPS,IL,AGL,CE,Towers with Display (VFR),0,22,34,0,56,0,12,109,0,121,0,34,143,0,177,350,0,350,527
12/16/2003,CPS,IL,AGL,CE,Towers with Display (VFR),0,23,35,0,58,0,12,117,0,129,0,35,152,0,187,322,0,322,509
12/17/2003,CPS,IL,AGL,CE,Towers with Display (VFR),0,30,57,1,88,0,0,146,3,149,0,30,203,4,237,268,0,268,505
12/18/2003,CPS,IL,AGL,CE,Towers with Display (VFR),0,28,43,0,71,0,10,47,0,57,0,38,90,0,128,12,0,12,140
12/19/2003,CPS,IL,AGL,CE,Towers with Display (VFR),0,17,27,0,44,0,5,71,0,76,0,22,98,0,120,68,0,68,188
12/20/2003,CPS,IL,AGL,CE,Towers with Display (VFR),0,3,18,0,21,0,0,149,0,149,0,3,167,0,170,182,0,182,352
12/21/2003,CPS,IL,AGL,CE,Towers with Display (VFR),0,10,27,0,37,0,0,145,0,145,0,10,172,0,182,344,0,344,526
12/22/2003,CPS,IL,AGL,CE,Towers with Display (VFR),0,19,30,0,49,0,8,62,0,70,0,27,92,0,119,76,0,76,195
12/23/2003,CPS,IL,AGL,CE,Towers with Display (VFR),0,32,48,0,80,0,5,79,0,84,0,37,127,0,164,4,0,4,168
12/24/2003,CPS,IL,AGL,CE,Towers with Display (VFR),0,14,21,0,35,0,7,54,0,61,0,21,75,0,96,46,0,46,142
12/25/2003,CPS,IL,AGL,CE,Towers with Display (VFR),0,2,6,0,8,0,0,26,0,26,0,2,32,0,34,0,0,0,34
12/26/2003,CPS,IL,AGL,CE,Towers with Display (VFR),0,10,17,0,27,0,9,139,0,148,0,19,156,0,175,344,0,344,519
12/27/2003,CPS,IL,AGL,CE,Towers with Display (VFR),0,5,23,0,28,0,0,139,0,139,0,5,162,0,167,374,0,374,541
12/28/2003,CPS,IL,AGL,CE,Towers with Display (VFR),0,8,15,0,23,0,0,51,0,51,0,8,66,0,74,10,0,10,84
12/29/2003,CPS,IL,AGL,CE,Towers with Display (VFR),0,25,39,0,64,0,7,118,3,128,0,32,157,3,192,372,0,372,564
12/30/2003,CPS,IL,AGL,CE,Towers with Display (VFR),0,20,32,0,52,0,6,84,0,90,0,26,116,0,142,92,0,92,234
12/31/2003,CPS,IL,AGL,CE,Towers with Display (VFR),0,14,23,0,37,0,10,115,0,125,0,24,138,0,162,238,0,238,400
01/01/2004,CPS,IL,AGL,CE,Towers with Display (VFR),0,11,25,0,36,0,0,87,0,87,0,11,112,0,123,158,0,158,281
01/02/2004,CPS,IL,AGL,CE,Towers with Display (VFR),0,13,22,0,35,0,4,54,0,58,0,17,76,0,93,18,0,18,111
01/03/2004,CPS,IL,AGL,CE,Towers with Display (VFR),0,4,26,0,30,0,0,52,0,52,0,4,78,0,82,0,0,0,82
01/04/2004,CPS,IL,AGL,CE,Towers with Display (VFR),0,8,14,0,22,0,0,1,0,1,0,8,15,0,23,0,0,0,23
01/05/2004,CPS,IL,AGL,CE,Towers with Display (VFR),0,14,23,0,37,0,7,34,7,48,0,21,57,7,85,22,0,22,107
01/06/2004,CPS,IL,AGL,CE,Towers with Display (VFR),0,20,34,0,54,0,14,57,0,71,0,34,91,0,125,32,0,32,157
01/07/2004,CPS,IL,AGL,CE,Towers with Display (VFR),0,17,28,0,45,0,5,95,2,102,0,22,123,2,147,170,0,170,317
01/08/2004,CPS,IL,AGL,CE,Towers with Display (VFR),0,26,45,0,71,0,4,130,0,134,0,30,175,0,205,330,0,330,535
01/09/2004,CPS,IL,AGL,CE,Towers with Display (VFR),0,19,35,0,54,0,2,108,0,110,0,21,143,0,164,412,0,412,576
01/10/2004,CPS,IL,AGL,CE,Towers with Display (VFR),0,11,35,1,47,0,0,130,0,130,0,11,165,1,177,220,0,220,397
01/11/2004,CPS,IL,AGL,CE,Towers with Display (VFR),0,13,24,1,38,0,1,79,0,80,0,14,103,1,118,86,0,86,204
01/12/2004,CPS,IL,AGL,CE,Towers with Display (VFR),0,17,31,1,49,0,4,104,2,110,0,21,135,3,159,230,0,230,389
01/13/2004,CPS,IL,AGL,CE,Towers with Display (VFR),0,16,28,0,44,0,14,143,0,157,0,30,171,0,201,280,0,280,481
01/14/2004,CPS,IL,AGL,CE,Towers with Display (VFR),0,25,44,0,69,0,2,155,0,157,0,27,199,0,226,460,0,460,686
01/15/2004,CPS,IL,AGL,CE,Towers with Display (VFR),0,31,56,0,87,0,1,199,0,200,0,32,255,0,287,478,0,478,765
01/16/2004,CPS,IL,AGL,CE,Towers with Display (VFR),0,25,53,0,78,0,0,143,0,143,0,25,196,0,221,462,0,462,683
01/17/2004,CPS,IL,AGL,CE,Towers with Display (VFR),0,4,19,0,23,0,0,10,0,10,0,4,29,0,33,0,0,0,33
01/18/2004,CPS,IL,AGL,CE,Towers with Display (VFR),0,10,29,0,39,0,0,128,0,128,0,10,157,0,167,398,0,398,565
01/19/2004,CPS,IL,AGL,CE,Towers with Display (VFR),0,17,31,0,48,0,10,113,0,123,0,27,144,0,171,268,0,268,439
01/20/2004,CPS,IL,AGL,CE,Towers with Display (VFR),0,23,43,0,66,0,0,154,0,154,0,23,197,0,220,246,0,246,466
01/21/2004,CPS,IL,AGL,CE,Towers with Display (VFR),0,30,53,0,83,0,2,175,0,177,0,32,228,0,260,462,0,462,722
01/22/2004,CPS,IL,AGL,CE,Towers with Display (VFR),0,26,52,0,78,0,0,143,0,143,0,26,195,0,221,168,0,168,389
01/23/2004,CPS,IL,AGL,CE,Towers with Display (VFR),0,24,45,0,69,0,1,138,1,140,0,25,183,1,209,526,0,526,735
01/24/2004,CPS,IL,AGL,CE,Towers with Display (VFR),0,3,23,0,26,0,0,187,0,187,0,3,210,0,213,508,0,508,721
01/25/2004,CPS,IL,AGL,CE,Towers with Display (VFR),0,6,3,0,9,0,8,0,0,8,0,14,3,0,17,0,0,0,17
01/26/2004,CPS,IL,AGL,CE,Towers with Display (VFR),0,14,17,0,31,0,12,0,0,12,0,26,17,0,43,0,0,0,43
01/27/2004,CPS,IL,AGL,CE,Towers with Display (VFR),0,25,46,0,71,0,8,72,0,80,0,33,118,0,151,0,0,0,151
01/28/2004,CPS,IL,AGL,CE,Towers with Display (VFR),0,25,45,0,70,0,7,99,0,106,0,32,144,0,176,30,0,30,206
01/29/2004,CPS,IL,AGL,CE,Towers with Display (VFR),0,19,35,0,54,0,5,74,1,80,0,24,109,1,134,62,0,62,196
01/30/2004,CPS,IL,AGL,CE,Towers with Display (VFR),0,22,39,0,61,0,7,88,0,95,0,29,127,0,156,308,0,308,464
01/31/2004,CPS,IL,AGL,CE,Towers with Display (VFR),0,9,24,0,33,0,0,135,0,135,0,9,159,0,168,280,0,280,448
02/01/2004,CPS,IL,AGL,CE,Towers with Display (VFR),0,7,11,0,18,0,3,61,0,64,0,10,72,0,82,112,0,112,194
02/02/2004,CPS,IL,AGL,CE,Towers with Display (VFR),0,19,28,0,47,0,4,0,4,8,0,23,28,4,55,0,0,0,55
02/03/2004,CPS,IL,AGL,CE,Towers with Display (VFR),0,27,52,1,80,0,0,116,0,116,0,27,168,1,196,404,0,404,600
02/04/2004,CPS,IL,AGL,CE,Towers with Display (VFR),0,23,43,1,67,0,8,119,0,127,0,31,162,1,194,224,0,224,418
02/05/2004,CPS,IL,AGL,CE,Towers with Display (VFR),0,15,27,0,42,0,9,0,0,9,0,24,27,0,51,0,0,0,51
02/06/2004,CPS,IL,AGL,CE,Towers with Display (VFR),0,17,33,0,50,0,6,43,0,49,0,23,76,0,99,12,0,12,111
02/07/2004,CPS,IL,AGL,CE,Towers with Display (VFR),0,1,14,0,15,0,0,80,0,80,0,1,94,0,95,146,0,146,241
02/08/2004,CPS,IL,AGL,CE,Towers with Display (VFR),0,8,16,0,24,0,0,89,0,89,0,8,105,0,113,268,0,268,381
02/09/2004,CPS,IL,AGL,CE,Towers with Display (VFR),0,23,43,0,66,0,2,113,0,115,0,25,156,0,181,192,0,192,373
02/10/2004,CPS,IL,AGL,CE,Towers with Display (VFR),0,30,59,0,89,0,4,176,0,180,0,34,235,0,269,582,0,582,851
02/11/2004,CPS,IL,AGL,CE,Towers with Display (VFR),0,27,60,1,88,0,0,151,1,152,0,27,211,2,240,470,0,470,710
02/12/2004,CPS,IL,AGL,CE,Towers with Display (VFR),0,19,38,1,58,0,8,140,0,148,0,27,178,1,206,390,0,390,596
02/13/2004,CPS,IL,AGL,CE,Towers with Display (VFR),0,17,38,0,55,0,0,139,0,139,0,17,177,0,194,530,0,530,724
02/14/2004,CPS,IL,AGL,CE,Towers with Display (VFR),0,3,12,0,15,0,0,191,1,192,0,3,203,1,207,433,0,433,640
02/15/2004,CPS,IL,AGL,CE,Towers with Display (VFR),0,5,13,0,18,0,0,157,0,157,0,5,170,0,175,498,0,498,673
02/16/2004,CPS,IL,AGL,CE,Towers with Display (VFR),0,13,44,0,57,0,0,119,1,120,0,13,163,1,177,438,0,438,615
02/17/2004,CPS,IL,AGL,CE,Towers with Display (VFR),0,25,49,0,74,0,7,129,1,137,0,32,178,1,211,450,0,450,661
02/18/2004,CPS,IL,AGL,CE,Towers with Display (VFR),0,26,50,0,76,0,15,167,0,182,0,41,217,0,258,284,0,284,542
02/19/2004,CPS,IL,AGL,CE,Towers with Display (VFR),0,20,41,0,61,0,8,149,0,157,0,28,190,0,218,332,0,332,550
02/20/2004,CPS,IL,AGL,CE,Towers with Display (VFR),0,24,47,0,71,0,4,42,0,46,0,28,89,0,117,0,0,0,117
02/21/2004,CPS,IL,AGL,CE,Towers with Display (VFR),0,2,26,0,28,0,0,178,0,178,0,2,204,0,206,520,0,520,726
02/22/2004,CPS,IL,AGL,CE,Towers with Display (VFR),0,12,29,0,41,0,0,139,0,139,0,12,168,0,180,404,0,404,584
02/23/2004,CPS,IL,AGL,CE,Towers with Display (VFR),0,20,40,0,60,0,2,160,0,162,0,22,200,0,222,454,0,454,676
02/24/2004,CPS,IL,AGL,CE,Towers with Display (VFR),0,26,50,0,76,0,2,95,0,97,0,28,145,0,173,164,0,164,337
02/25/2004,CPS,IL,AGL,CE,Towers with Display (VFR),0,20,40,0,60,0,6,162,0,168,0,26,202,0,228,276,0,276,504
02/26/2004,CPS,IL,AGL,CE,Towers with Display (VFR),0,29,57,0,86,0,5,204,0,209,0,34,261,0,295,488,0,488,783
02/27/2004,CPS,IL,AGL,CE,Towers with Display (VFR),0,26,52,0,78,0,0,178,3,181,0,26,230,3,259,496,0,496,755
02/28/2004,CPS,IL,AGL,CE,Towers with Display (VFR),0,8,37,0,45,0,0,208,0,208,0,8,245,0,253,518,0,518,771
02/29/2004,CPS,IL,AGL,CE,Towers with Display (VFR),0,15,29,0,44,0,2,82,0,84,0,17,111,0,128,84,0,84,212
03/01/2004,CPS,IL,AGL,CE,Towers with Display (VFR),0,19,36,1,56,0,25,87,1,113,0,44,123,2,169,146,0,146,315
03/02/2004,CPS,IL,AGL,CE,Towers with Display (VFR),0,22,42,0,64,0,7,152,0,159,0,29,194,0,223,332,0,332,555
03/03/2004,CPS,IL,AGL,CE,Towers with Display (VFR),0,27,54,1,82,0,0,15,0,15,0,27,69,1,97,8,0,8,105
03/04/2004,CPS,IL,AGL,CE,Towers with Display (VFR),0,26,48,0,74,0,6,0,0,6,0,32,48,0,80,0,0,0,80
03/05/2004,CPS,IL,AGL,CE,Towers with Display (VFR),0,23,44,1,68,0,0,68,1,69,0,23,112,2,137,150,0,150,287
03/06/2004,CPS,IL,AGL,CE,Towers with Display (VFR),0,5,20,1,26,0,0,83,3,86,0,5,103,4,112,126,0,126,238
03/07/2004,CPS,IL,AGL,CE,Towers with Display (VFR),0,12,29,1,42,0,0,54,0,54,0,12,83,1,96,16,0,16,112
03/08/2004,CPS,IL,AGL,CE,Towers with Display (VFR),0,20,36,0,56,0,7,128,0,135,0,27,164,0,191,212,0,212,403
03/09/2004,CPS,IL,AGL,CE,Towers with Display (VFR),0,22,40,0,62,0,7,88,0,95,0,29,128,0,157,246,0,246,403
03/10/2004,CPS,IL,AGL,CE,Towers with Display (VFR),0,25,45,0,70,0,5,115,0,120,0,30,160,0,190,260,0,260,450
03/11/2004,CPS,IL,AGL,CE,Towers with Display (VFR),0,23,43,1,67,0,10,157,2,169,0,33,200,3,236,474,0,474,710
03/12/2004,CPS,IL,AGL,CE,Towers with Display (VFR),0,25,44,0,69,0,1,139,0,140,0,26,183,0,209,456,0,456,665
03/13/2004,CPS,IL,AGL,CE,Towers with Display (VFR),0,3,15,0,18,0,0,106,0,106,0,3,121,0,124,126,0,126,250
03/14/2004,CPS,IL,AGL,CE,Towers with Display (VFR),0,8,19,0,27,0,0,132,0,132,0,8,151,0,159,392,0,392,551
03/15/2004,CPS,IL,AGL,CE,Towers with Display (VFR),0,27,48,1,76,0,2,142,2,146,0,29,190,3,222,398,2,400,622
03/16/2004,CPS,IL,AGL,CE,Towers with Display (VFR),0,18,34,0,52,0,10,47,0,57,0,28,81,0,109,2,0,2,111
03/17/2004,CPS,IL,AGL,CE,Towers with Display (VFR),0,25,46,0,71,0,2,152,0,154,0,27,198,0,225,228,0,228,453
03/18/2004,CPS,IL,AGL,CE,Towers with Display (VFR),0,23,41,1,65,0,2,124,0,126,0,25,165,1,191,276,0,276,467
03/19/2004,CPS,IL,AGL,CE,Towers with Display (VFR),0,27,53,1,81,0,1,164,7,172,0,28,217,8,253,336,8,344,597
03/20/2004,CPS,IL,AGL,CE,Towers with Display (VFR),0,9,36,0,45,0,0,108,1,109,0,9,144,1,154,434,0,434,588
03/21/2004,CPS,IL,AGL,CE,Towers with Display (VFR),0,10,24,0,34,0,0,106,1,107,0,10,130,1,141,134,0,134,275
03/22/2004,CPS,IL,AGL,CE,Towers with Display (VFR),0,23,42,0,65,0,7,158,0,165,0,30,200,0,230,482,0,482,712
03/23/2004,CPS,IL,AGL,CE,Towers with Display (VFR),0,30,56,1,87,0,2,154,0,156,0,32,210,1,243,600,0,600,843
03/24/2004,CPS,IL,AGL,CE,Towers with Display (VFR),0,22,42,0,64,0,5,120,0,125,0,27,162,0,189,218,0,218,407
03/25/2004,CPS,IL,AGL,CE,Towers with Display (VFR),0,21,54,0,75,0,0,111,0,111,0,21,165,0,186,398,0,398,584
03/26/2004,CPS,IL,AGL,CE,Towers with Display (VFR),0,25,57,1,83,0,0,46,2,48,0,25,103,3,131,16,0,16,147
03/27/2004,CPS,IL,AGL,CE,Towers with Display (VFR),0,10,26,0,36,0,0,134,0,134,0,10,160,0,170,452,0,452,622
03/28/2004,CPS,IL,AGL,CE,Towers with Display (VFR),0,15,51,1,67,0,0,77,0,77,0,15,128,1,144,70,0,70,214
03/29/2004,CPS,IL,AGL,CE,Towers with Display (VFR),0,20,38,0,58,0,6,104,0,110,0,26,142,0,168,250,0,250,418
03/30/2004,CPS,IL,AGL,CE,Towers with Display (VFR),0,29,55,1,85,0,15,123,1,139,0,44,178,2,224,528,0,528,752
03/31/2004,CPS,IL,AGL,CE,Towers with Display (VFR),0,26,56,1,83,0,0,56,3,59,0,26,112,4,142,146,0,146,288
04/01/2004,CPS,IL,AGL,CE,Towers with Display (VFR),0,26,55,1,82,0,4,135,2,141,0,30,190,3,223,578,0,578,801
04/02/2004,CPS,IL,AGL,CE,Towers with Display (VFR),0,18,44,1,63,0,0,380,2,382,0,18,424,3,445,468,0,468,913
04/03/2004,CPS,IL,AGL,CE,Towers with Display (VFR),0,4,21,0,25,0,0,175,0,175,0,4,196,0,200,561,0,561,761
04/04/2004,CPS,IL,AGL,CE,Towers with Display (VFR),0,11,27,0,38,0,0,164,1,165,0,11,191,1,203,298,0,298,501
04/05/2004,CPS,IL,AGL,CE,Towers with Display (VFR),0,23,48,0,71,0,13,92,0,105,0,36,140,0,176,188,0,188,364
04/06/2004,CPS,IL,AGL,CE,Towers with Display (VFR),0,30,62,0,92,0,9,155,0,164,0,39,217,0,256,352,0,352,608
04/07/2004,CPS,IL,AGL,CE,Towers with Display (VFR),0,21,45,0,66,0,6,120,0,126,0,27,165,0,192,268,0,268,460
04/08/2004,CPS,IL,AGL,CE,Towers with Display (VFR),0,26,56,0,82,0,5,135,0,140,0,31,191,0,222,490,0,490,712
04/09/2004,CPS,IL,AGL,CE,Towers with Display (VFR),0,16,33,1,50,0,8,93,0,101,0,24,126,1,151,194,0,194,345
04/10/2004,CPS,IL,AGL,CE,Towers with Display (VFR),0,4,8,0,12,0,0,17,0,17,0,4,25,0,29,10,0,10,39
04/11/2004,CPS,IL,AGL,CE,Towers with Display (VFR),0,6,13,1,20,0,4,44,0,48,0,10,57,1,68,16,0,16,84
04/12/2004,CPS,IL,AGL,CE,Towers with Display (VFR),0,21,47,0,68,0,9,139,0,148,0,30,186,0,216,504,0,504,720
04/13/2004,CPS,IL,AGL,CE,Towers with Display (VFR),0,22,48,0,70,0,8,108,0,116,0,30,156,0,186,220,0,220,406
04/14/2004,CPS,IL,AGL,CE,Towers with Display (VFR),0,21,55,2,78,0,0,227,2,229,0,21,282,4,307,598,0,598,905
04/15/2004,CPS,IL,AGL,CE,Towers with Display (VFR),0,23,51,2,76,0,9,135,3,147,0,32,186,5,223,290,0,290,513
04/16/2004,CPS,IL,AGL,CE,Towers with Display (VFR),0,20,45,2,67,0,4,141,0,145,0,24,186,2,212,304,0,304,516
04/17/2004,CPS,IL,AGL,CE,Towers with Display (VFR),0,8,30,0,38,0,0,197,0,197,0,8,227,0,235,440,0,440,675
04/18/2004,CPS,IL,AGL,CE,Towers with Display (VFR),0,11,33,0,44,0,0,62,0,62,0,11,95,0,106,16,0,16,122
04/19/2004,CPS,IL,AGL,CE,Towers with Display (VFR),0,22,49,0,71,0,12,129,0,141,0,34,178,0,212,476,0,476,688
04/20/2004,CPS,IL,AGL,CE,Towers with Display (VFR),0,21,47,0,68,0,8,131,0,139,0,29,178,0,207,482,0,482,689
04/21/2004,CPS,IL,AGL,CE,Towers with Display (VFR),0,22,48,0,70,0,1,172,0,173,0,23,220,0,243,484,0,484,727
04/22/2004,CPS,IL,AGL,CE,Towers with Display (VFR),0,25,62,1,88,0,0,81,3,84,0,25,143,4,172,354,0,354,526
04/23/2004,CPS,IL,AGL,CE,Towers with Display (VFR),0,17,58,0,75,0,0,121,0,121,0,17,179,0,196,424,0,424,620
04/24/2004,CPS,IL,AGL,CE,Towers with Display (VFR),0,4,27,0,31,0,0,2,0,2,0,4,29,0,33,64,0,64,97
04/25/2004,CPS,IL,AGL,CE,Towers with Display (VFR),0,12,27,0,39,0,4,80,0,84,0,16,107,0,123,86,0,86,209
04/26/2004,CPS,IL,AGL,CE,Towers with Display (VFR),0,27,58,1,86,0,0,164,1,165,0,27,222,2,251,542,0,542,793
04/27/2004,CPS,IL,AGL,CE,Towers with Display (VFR),0,32,71,1,104,0,0,191,1,192,0,32,262,2,296,478,8,486,782
04/28/2004,CPS,IL,AGL,CE,Towers with Display (VFR),0,21,46,1,68,0,8,120,2,130,0,29,166,3,198,436,0,436,634
04/29/2004,CPS,IL,AGL,CE,Towers with Display (VFR),0,27,63,1,91,0,0,176,1,177,0,27,239,2,268,458,0,458,726
04/30/2004,CPS,IL,AGL,CE,Towers with Display (VFR),0,20,61,1,82,0,0,120,0,120,0,20,181,1,202,244,0,244,446
05/01/2004,CPS,IL,AGL,CE,Towers with Display (VFR),0,4,23,1,28,0,0,11,0,11,0,4,34,1,39,2,0,2,41
05/02/2004,CPS,IL,AGL,CE,Towers with Display (VFR),0,18,37,1,56,0,0,80,2,82,0,18,117,3,138,50,0,50,188
05/03/2004,CPS,IL,AGL,CE,Towers with Display (VFR),0,30,59,0,89,0,2,160,0,162,0,32,219,0,251,600,0,600,851
05/04/2004,CPS,IL,AGL,CE,Towers with Display (VFR),0,22,41,0,63,0,8,147,0,155,0,30,188,0,218,320,0,320,538
05/05/2004,CPS,IL,AGL,CE,Towers with Display (VFR),0,23,44,1,68,0,12,183,0,195,0,35,227,1,263,484,0,484,747
05/06/2004,CPS,IL,AGL,CE,Towers with Display (VFR),0,28,55,0,83,0,2,184,0,186,0,30,239,0,269,480,0,480,749
05/07/2004,CPS,IL,AGL,CE,Towers with Display (VFR),0,17,55,1,73,0,0,136,0,136,0,17,191,1,209,302,0,302,511
05/08/2004,CPS,IL,AGL,CE,Towers with Display (VFR),0,4,20,0,24,0,0,130,0,130,0,4,150,0,154,192,0,192,346
05/09/2004,CPS,IL,AGL,CE,Towers with Display (VFR),0,11,26,0,37,0,0,88,0,88,0,11,114,0,125,188,0,188,313
05/10/2004,CPS,IL,AGL,CE,Towers with Display (VFR),0,20,40,0,60,0,8,107,0,115,0,28,147,0,175,172,0,172,347
05/11/2004,CPS,IL,AGL,CE,Towers with Display (VFR),0,26,51,0,77,0,6,146,0,152,0,32,197,0,229,388,0,388,617
05/12/2004,CPS,IL,AGL,CE,Towers with Display (VFR),0,20,38,0,58,0,12,124,0,136,0,32,162,0,194,460,0,460,654
05/13/2004,CPS,IL,AGL,CE,Towers with Display (VFR),0,22,42,1,65,0,15,21,1,37,0,37,63,2,102,14,0,14,116
05/14/2004,CPS,IL,AGL,CE,Towers with Display (VFR),0,20,53,0,73,0,0,37,0,37,0,20,90,0,110,22,0,22,132
05/15/2004,CPS,IL,AGL,CE,Towers with Display (VFR),0,10,38,0,48,0,0,194,0,194,0,10,232,0,242,406,0,406,648
05/16/2004,CPS,IL,AGL,CE,Towers with Display (VFR),0,17,34,0,51,0,3,91,0,94,0,20,125,0,145,288,0,288,433
05/17/2004,CPS,IL,AGL,CE,Towers with Display (VFR),0,28,57,1,86,0,8,141,1,150,0,36,198,2,236,304,0,304,540
05/18/2004,CPS,IL,AGL,CE,Towers with Display (VFR),0,24,49,1,74,0,14,90,0,104,0,38,139,1,178,166,0,166,344
05/19/2004,CPS,IL,AGL,CE,Towers with Display (VFR),0,26,54,1,81,0,0,116,0,116,0,26,170,1,197,332,0,332,529
05/20/2004,CPS,IL,AGL,CE,Towers with Display (VFR),0,33,66,1,100,0,1,144,0,145,0,34,210,1,245,242,0,242,487
05/21/2004,CPS,IL,AGL,CE,Towers with Display (VFR),0,22,48,0,70,0,0,192,0,192,0,22,240,0,262,416,0,416,678
05/22/2004,CPS,IL,AGL,CE,Towers with Display (VFR),0,5,14,0,19,0,0,165,2,167,0,5,179,2,186,436,0,436,622
05/23/2004,CPS,IL,AGL,CE,Towers with Display (VFR),0,12,23,0,35,0,0,64,2,66,0,12,87,2,101,40,0,40,141
05/24/2004,CPS,IL,AGL,CE,Towers with Display (VFR),0,24,50,1,75,0,5,147,4,156,0,29,197,5,231,286,0,286,517
05/25/2004,CPS,IL,AGL,CE,Towers with Display (VFR),0,24,47,0,71,0,8,133,0,141,0,32,180,0,212,414,0,414,626
05/26/2004,CPS,IL,AGL,CE,Towers with Display (VFR),0,23,46,0,69,0,7,114,2,123,0,30,160,2,192,348,0,348,540
05/27/2004,CPS,IL,AGL,CE,Towers with Display (VFR),0,27,54,1,82,0,0,140,1,141,0,27,194,2,223,238,0,238,461
05/28/2004,CPS,IL,AGL,CE,Towers with Display (VFR),0,19,48,0,67,0,0,211,0,211,0,19,259,0,278,474,0,474,752
05/29/2004,CPS,IL,AGL,CE,Towers with Display (VFR),0,6,27,0,33,0,0,110,0,110,0,6,137,0,143,288,0,288,431
05/30/2004,CPS,IL,AGL,CE,Towers with Display (VFR),0,8,16,0,24,0,1,120,0,121,0,9,136,0,145,316,0,316,461
05/31/2004,CPS,IL,AGL,CE,Towers with Display (VFR),0,13,27,0,40,0,5,94,0,99,0,18,121,0,139,162,0,162,301
06/01/2004,CPS,IL,AGL,CE,Towers with Display (VFR),0,29,48,0,77,0,7,147,0,154,0,36,195,0,231,287,0,287,518
06/02/2004,CPS,IL,AGL,CE,Towers with Display (VFR),0,27,42,1,70,0,6,202,1,209,0,33,244,2,279,376,0,376,655
06/03/2004,CPS,IL,AGL,CE,Towers with Display (VFR),0,21,32,0,53,0,13,135,0,148,0,34,167,0,201,378,0,378,579
06/04/2004,CPS,IL,AGL,CE,Towers with Display (VFR),0,20,44,1,65,0,0,163,0,163,0,20,207,1,228,302,0,302,530
06/05/2004,CPS,IL,AGL,CE,Towers with Display (VFR),0,6,21,0,27,0,0,188,0,188,0,6,209,0,215,452,0,452,667
06/06/2004,CPS,IL,AGL,CE,Towers with Display (VFR),0,15,32,0,47,0,0,112,0,112,0,15,144,0,159,379,0,379,538
06/07/2004,CPS,IL,AGL,CE,Towers with Display (VFR),0,30,46,1,77,0,9,127,1,137,0,39,173,2,214,392,0,392,606
06/08/2004,CPS,IL,AGL,CE,Towers with Display (VFR),0,26,40,0,66,0,10,161,0,171,0,36,201,0,237,452,0,452,689
06/09/2004,CPS,IL,AGL,CE,Towers with Display (VFR),0,25,40,1,66,0,9,103,1,113,0,34,143,2,179,178,0,178,357
06/10/2004,CPS,IL,AGL,CE,Towers with Display (VFR),0,29,46,0,75,0,6,113,0,119,0,35,159,0,194,180,0,180,374
06/11/2004,CPS,IL,AGL,CE,Towers with Display (VFR),0,24,37,0,61,0,3,156,0,159,0,27,193,0,220,278,0,278,498
06/12/2004,CPS,IL,AGL,CE,Towers with Display (VFR),0,3,20,0,23,0,0,97,0,97,0,3,117,0,120,174,0,174,294
06/13/2004,CPS,IL,AGL,CE,Towers with Display (VFR),0,12,19,0,31,0,12,98,0,110,0,24,117,0,141,70,0,70,211
06/14/2004,CPS,IL,AGL,CE,Towers with Display (VFR),0,31,49,1,81,0,5,145,2,152,0,36,194,3,233,324,0,324,557
06/15/2004,CPS,IL,AGL,CE,Towers with Display (VFR),0,31,48,1,80,0,7,150,2,159,0,38,198,3,239,492,0,492,731
06/16/2004,CPS,IL,AGL,CE,Towers with Display (VFR),0,38,60,0,98,0,2,104,0,106,0,40,164,0,204,206,0,206,410
06/17/2004,CPS,IL,AGL,CE,Towers with Display (VFR),0,31,52,1,84,0,0,132,2,134,0,31,184,3,218,278,0,278,496
06/18/2004,CPS,IL,AGL,CE,Towers with Display (VFR),0,18,35,1,54,0,0,141,0,141,0,18,176,1,195,286,0,286,481
06/19/2004,CPS,IL,AGL,CE,Towers with Display (VFR),0,2,23,1,26,0,0,142,1,143,0,2,165,2,169,296,0,296,465
06/20/2004,CPS,IL,AGL,CE,Towers with Display (VFR),0,20,33,0,53,0,5,106,0,111,0,25,139,0,164,164,0,164,328
06/21/2004,CPS,IL,AGL,CE,Towers with Display (VFR),0,27,44,0,71,0,9,110,0,119,0,36,154,0,190,100,0,100,290
06/22/2004,CPS,IL,AGL,CE,Towers with Display (VFR),0,34,53,0,87,0,1,167,2,170,0,35,220,2,257,318,0,318,575
06/23/2004,CPS,IL,AGL,CE,Towers with Display (VFR),0,36,61,1,98,0,0,252,1,253,0,36,313,2,351,352,0,352,703
06/24/2004,CPS,IL,AGL,CE,Towers with Display (VFR),0,36,57,0,93,0,4,155,0,159,0,40,212,0,252,224,0,224,476
06/25/2004,CPS,IL,AGL,CE,Towers with Display (VFR),0,31,53,0,84,0,0,156,0,156,0,31,209,0,240,380,0,380,620
06/26/2004,CPS,IL,AGL,CE,Towers with Display (VFR),0,2,17,0,19,0,0,184,0,184,0,2,201,0,203,234,0,234,437
06/27/2004,CPS,IL,AGL,CE,Towers with Display (VFR),0,18,28,0,46,0,3,138,0,141,0,21,166,0,187,154,0,154,341
06/28/2004,CPS,IL,AGL,CE,Towers with Display (VFR),0,30,47,0,77,0,3,145,0,148,0,33,192,0,225,268,0,268,493
06/29/2004,CPS,IL,AGL,CE,Towers with Display (VFR),0,32,51,0,83,0,6,196,0,202,0,38,247,0,285,306,0,306,591
06/30/2004,CPS,IL,AGL,CE,Towers with Display (VFR),0,33,51,0,84,0,10,211,0,221,0,43,262,0,305,472,0,472,777
07/01/2004,CPS,IL,AGL,CE,Towers with Display (VFR),0,33,54,1,88,0,4,125,0,129,0,37,179,1,217,122,0,122,339
07/02/2004,CPS,IL,AGL,CE,Towers with Display (VFR),0,19,36,1,56,0,0,100,3,103,0,19,136,4,159,78,0,78,237
07/03/2004,CPS,IL,AGL,CE,Towers with Display (VFR),0,5,18,1,24,0,0,50,5,55,0,5,68,6,79,36,0,36,115
07/04/2004,CPS,IL,AGL,CE,Towers with Display (VFR),0,12,19,1,32,0,7,185,5,197,0,19,204,6,229,186,0,186,415
07/05/2004,CPS,IL,AGL,CE,Towers with Display (VFR),0,18,31,1,50,0,2,58,2,62,0,20,89,3,112,70,0,70,182
07/06/2004,CPS,IL,AGL,CE,Towers with Display (VFR),0,23,41,2,66,0,13,153,0,166,0,36,194,2,232,306,0,306,538
07/07/2004,CPS,IL,AGL,CE,Towers with Display (VFR),0,29,56,1,86,0,0,159,0,159,0,29,215,1,245,404,0,404,649
07/08/2004,CPS,IL,AGL,CE,Towers with Display (VFR),0,28,48,0,76,0,9,121,0,130,0,37,169,0,206,170,0,170,376
07/09/2004,CPS,IL,AGL,CE,Towers with Display (VFR),0,30,57,2,89,0,0,166,4,170,0,30,223,6,259,168,2,170,429
07/10/2004,CPS,IL,AGL,CE,Towers with Display (VFR),0,4,20,1,25,0,0,120,0,120,0,4,140,1,145,204,0,204,349
07/11/2004,CPS,IL,AGL,CE,Towers with Display (VFR),0,16,28,1,45,0,4,120,0,124,0,20,148,1,169,274,0,274,443
07/12/2004,CPS,IL,AGL,CE,Towers with Display (VFR),0,21,37,0,58,0,4,154,0,158,0,25,191,0,216,348,0,348,564
07/13/2004,CPS,IL,AGL,CE,Towers with Display (VFR),0,30,53,2,85,0,3,156,4,163,0,33,209,6,248,298,0,298,546
07/14/2004,CPS,IL,AGL,CE,Towers with Display (VFR),0,27,47,2,76,0,1,144,1,146,0,28,191,3,222,270,0,270,492
07/15/2004,CPS,IL,AGL,CE,Towers with Display (VFR),0,32,54,0,86,0,6,191,0,197,0,38,245,0,283,220,0,220,503
07/16/2004,CPS,IL,AGL,CE,Towers with Display (VFR),0,19,32,1,52,0,3,116,1,120,0,22,148,2,172,216,0,216,388
07/17/2004,CPS,IL,AGL,CE,Towers with Display (VFR),0,4,28,1,33,0,0,146,7,153,0,4,174,8,186,342,4,346,532
07/18/2004,CPS,IL,AGL,CE,Towers with Display (VFR),0,18,35,0,53,0,0,147,0,147,0,18,182,0,200,324,0,324,524
07/19/2004,CPS,IL,AGL,CE,Towers with Display (VFR),0,27,48,1,76,0,3,153,1,157,0,30,201,2,233,218,0,218,451
07/20/2004,CPS,IL,AGL,CE,Towers with Display (VFR),0,22,39,1,62,0,16,85,1,102,0,38,124,2,164,94,0,94,258
07/21/2004,CPS,IL,AGL,CE,Towers with Display (VFR),0,27,49,1,77,0,3,166,0,169,0,30,215,1,246,288,0,288,534
07/22/2004,CPS,IL,AGL,CE,Towers with Display (VFR),0,28,49,0,77,0,7,180,0,187,0,35,229,0,264,358,0,358,622
07/23/2004,CPS,IL,AGL,CE,Towers with Display (VFR),0,22,51,1,74,0,0,186,2,188,0,22,237,3,262,402,0,402,664
07/24/2004,CPS,IL,AGL,CE,Towers with Display (VFR),0,3,30,0,33,0,0,151,0,151,0,3,181,0,184,256,0,256,440
07/25/2004,CPS,IL,AGL,CE,Towers with Display (VFR),0,17,34,0,51,0,0,30,0,30,0,17,64,0,81,8,0,8,89
07/26/2004,CPS,IL,AGL,CE,Towers with Display (VFR),0,20,35,0,55,0,12,126,2,140,0,32,161,2,195,102,0,102,297
07/27/2004,CPS,IL,AGL,CE,Towers with Display (VFR),0,21,38,0,59,0,15,141,0,156,0,36,179,0,215,310,0,310,525
07/28/2004,CPS,IL,AGL,CE,Towers with Display (VFR),0,23,40,0,63,0,5,154,0,159,0,28,194,0,222,332,0,332,554
07/29/2004,CPS,IL,AGL,CE,Towers with Display (VFR),0,27,47,0,74,0,13,115,0,128,0,40,162,0,202,178,0,178,380
07/30/2004,CPS,IL,AGL,CE,Towers with Display (VFR),0,20,35,0,55,0,2,17,0,19,0,22,52,0,74,0,0,0,74
07/31/2004,CPS,IL,AGL,CE,Towers with Display (VFR),0,7,27,0,34,0,0,94,0,94,0,7,121,0,128,66,0,66,194
08/01/2004,CPS,IL,AGL,CE,Towers with Display (VFR),0,16,28,0,44,0,2,98,0,100,0,18,126,0,144,88,0,88,232
08/02/2004,CPS,IL,AGL,CE,Towers with Display (VFR),0,27,46,0,73,0,2,90,0,92,0,29,136,0,165,270,0,270,435
08/03/2004,CPS,IL,AGL,CE,Towers with Display (VFR),0,25,41,1,67,0,13,96,0,109,0,38,137,1,176,150,0,150,326
08/04/2004,CPS,IL,AGL,CE,Towers with Display (VFR),0,28,46,0,74,0,9,93,0,102,0,37,139,0,176,140,0,140,316
08/05/2004,CPS,IL,AGL,CE,Towers with Display (VFR),0,32,53,2,87,0,12,126,0,138,0,44,179,2,225,178,0,178,403
08/06/2004,CPS,IL,AGL,CE,Towers with Display (VFR),0,29,56,1,86,0,0,205,0,205,0,29,261,1,291,320,0,320,611
08/07/2004,CPS,IL,AGL,CE,Towers with Display (VFR),0,5,29,0,34,0,0,121,0,121,0,5,150,0,155,360,0,360,515
08/08/2004,CPS,IL,AGL,CE,Towers with Display (VFR),0,16,27,0,43,0,3,106,0,109,0,19,133,0,152,120,0,120,272
08/09/2004,CPS,IL,AGL,CE,Towers with Display (VFR),0,19,32,1,52,0,8,126,4,138,0,27,158,5,190,252,0,252,442
08/10/2004,CPS,IL,AGL,CE,Towers with Display (VFR),0,24,38,1,63,0,6,121,3,130,0,30,159,4,193,210,0,210,403
08/11/2004,CPS,IL,AGL,CE,Towers with Display (VFR),0,24,40,1,65,0,6,164,1,171,0,30,204,2,236,362,0,362,598
08/12/2004,CPS,IL,AGL,CE,Towers with Display (VFR),0,30,51,2,83,0,8,129,3,140,0,38,180,5,223,374,0,374,597
08/13/2004,CPS,IL,AGL,CE,Towers with Display (VFR),0,21,37,1,59,0,0,133,4,137,0,21,170,5,196,449,0,449,645
08/14/2004,CPS,IL,AGL,CE,Towers with Display (VFR),0,2,22,0,24,0,0,141,0,141,0,2,163,0,165,372,0,372,537
08/15/2004,CPS,IL,AGL,CE,Towers with Display (VFR),0,14,22,0,36,0,0,134,0,134,0,14,156,0,170,218,0,218,388
08/16/2004,CPS,IL,AGL,CE,Towers with Display (VFR),0,21,35,1,57,0,14,152,1,167,0,35,187,2,224,328,0,328,552
08/17/2004,CPS,IL,AGL,CE,Towers with Display (VFR),0,30,51,2,83,0,9,151,1,161,0,39,202,3,244,267,0,267,511
08/18/2004,CPS,IL,AGL,CE,Towers with Display (VFR),0,27,43,1,71,0,5,129,0,134,0,32,172,1,205,176,0,176,381
08/19/2004,CPS,IL,AGL,CE,Towers with Display (VFR),0,25,56,0,81,0,0,154,0,154,0,25,210,0,235,476,0,476,711
08/20/2004,CPS,IL,AGL,CE,Towers with Display (VFR),0,29,55,0,84,0,0,40,0,40,0,29,95,0,124,64,0,64,188
08/21/2004,CPS,IL,AGL,CE,Towers with Display (VFR),0,3,29,0,32,0,0,138,1,139,0,3,167,1,171,168,0,168,339
08/22/2004,CPS,IL,AGL,CE,Towers with Display (VFR),0,23,39,0,62,0,0,164,0,164,0,23,203,0,226,260,0,260,486
08/23/2004,CPS,IL,AGL,CE,Towers with Display (VFR),0,22,37,0,59,0,11,82,1,94,0,33,119,1,153,74,0,74,227
08/24/2004,CPS,IL,AGL,CE,Towers with Display (VFR),0,29,47,0,76,0,12,52,3,67,0,41,99,3,143,70,0,70,213
08/25/2004,CPS,IL,AGL,CE,Towers with Display (VFR),0,30,58,1,89,0,0,76,1,77,0,30,134,2,166,284,0,284,450
08/26/2004,CPS,IL,AGL,CE,Towers with Display (VFR),0,28,46,0,74,0,7,139,1,147,0,35,185,1,221,398,0,398,619
08/27/2004,CPS,IL,AGL,CE,Towers with Display (VFR),0,20,41,0,61,0,0,164,0,164,0,20,205,0,225,478,0,478,703
08/28/2004,CPS,IL,AGL,CE,Towers with Display (VFR),0,1,20,0,21,0,0,177,1,178,0,1,197,1,199,372,0,372,571
08/29/2004,CPS,IL,AGL,CE,Towers with Display (VFR),0,18,36,0,54,0,0,56,0,56,0,18,92,0,110,102,0,102,212
08/30/2004,CPS,IL,AGL,CE,Towers with Display (VFR),0,23,38,0,61,0,18,146,7,171,0,41,184,7,232,354,0,354,586
08/31/2004,CPS,IL,AGL,CE,Towers with Display (VFR),0,36,60,0,96,0,6,226,0,232,0,42,286,0,328,586,0,586,914
09/01/2004,CPS,IL,AGL,CE,Towers with Display (VFR),0,30,51,0,81,0,5,176,0,181,0,35,227,0,262,556,0,556,818
09/02/2004,CPS,IL,AGL,CE,Towers with Display (VFR),0,29,53,1,83,0,0,218,1,219,0,29,271,2,302,402,0,402,704
09/03/2004,CPS,IL,AGL,CE,Towers with Display (VFR),0,27,54,1,82,0,0,181,0,181,0,27,235,1,263,588,0,588,851
09/04/2004,CPS,IL,AGL,CE,Towers with Display (VFR),0,13,28,0,41,0,0,159,0,159,0,13,187,0,200,412,0,412,612
09/05/2004,CPS,IL,AGL,CE,Towers with Display (VFR),0,15,33,1,49,0,0,92,1,93,0,15,125,2,142,250,0,250,392
09/06/2004,CPS,IL,AGL,CE,Towers with Display (VFR),0,13,24,0,37,0,10,66,0,76,0,23,90,0,113,50,0,50,163
09/07/2004,CPS,IL,AGL,CE,Towers with Display (VFR),0,28,52,1,81,0,0,218,0,218,0,28,270,1,299,450,0,450,749
09/08/2004,CPS,IL,AGL,CE,Towers with Display (VFR),0,22,39,1,62,0,8,155,1,164,0,30,194,2,226,386,0,386,612
09/09/2004,CPS,IL,AGL,CE,Towers with Display (VFR),0,27,47,0,74,0,5,174,0,179,0,32,221,0,253,418,0,418,671
09/10/2004,CPS,IL,AGL,CE,Towers with Display (VFR),0,23,41,0,64,0,1,208,0,209,0,24,249,0,273,540,0,540,813
09/11/2004,CPS,IL,AGL,CE,Towers with Display (VFR),0,8,23,0,31,0,0,213,0,213,0,8,236,0,244,486,0,486,730
09/12/2004,CPS,IL,AGL,CE,Towers with Display (VFR),0,18,46,0,64,0,0,146,0,146,0,18,192,0,210,360,0,360,570
09/13/2004,CPS,IL,AGL,CE,Towers with Display (VFR),0,29,50,0,79,0,3,194,0,197,0,32,244,0,276,522,0,522,798
09/14/2004,CPS,IL,AGL,CE,Towers with Display (VFR),0,37,66,0,103,0,0,126,0,126,0,37,192,0,229,320,0,320,549
09/15/2004,CPS,IL,AGL,CE,Towers with Display (VFR),0,27,47,0,74,0,7,185,0,192,0,34,232,0,266,294,0,294,560
09/16/2004,CPS,IL,AGL,CE,Towers with Display (VFR),0,25,45,0,70,0,5,142,2,149,0,30,187,2,219,328,0,328,547
09/17/2004,CPS,IL,AGL,CE,Towers with Display (VFR),0,16,44,0,60,0,0,158,0,158,0,16,202,0,218,518,0,518,736
09/18/2004,CPS,IL,AGL,CE,Towers with Display (VFR),0,5,28,0,33,0,0,229,0,229,0,5,257,0,262,491,0,491,753
09/19/2004,CPS,IL,AGL,CE,Towers with Display (VFR),0,19,44,0,63,0,0,175,0,175,0,19,219,0,238,338,0,338,576
09/20/2004,CPS,IL,AGL,CE,Towers with Display (VFR),0,25,44,0,69,0,15,211,1,227,0,40,255,1,296,428,0,428,724
09/21/2004,CPS,IL,AGL,CE,Towers with Display (VFR),0,22,41,0,63,0,6,208,0,214,0,28,249,0,277,490,0,490,767
09/22/2004,CPS,IL,AGL,CE,Towers with Display (VFR),0,40,71,0,111,0,6,191,3,200,0,46,262,3,311,538,0,538,849
09/23/2004,CPS,IL,AGL,CE,Towers with Display (VFR),0,28,51,0,79,0,12,163,0,175,0,40,214,0,254,450,0,450,704
09/24/2004,CPS,IL,AGL,CE,Towers with Display (VFR),0,25,52,0,77,0,0,212,3,215,0,25,264,3,292,546,0,546,838
09/25/2004,CPS,IL,AGL,CE,Towers with Display (VFR),0,4,24,0,28,0,0,175,4,179,0,4,199,4,207,476,0,476,683
09/26/2004,CPS,IL,AGL,CE,Towers with Display (VFR),0,22,46,0,68,0,0,135,0,135,0,22,181,0,203,330,0,330,533
09/27/2004,CPS,IL,AGL,CE,Towers with Display (VFR),0,23,41,0,64,0,31,179,4,214,0,54,220,4,278,492,0,492,770
09/28/2004,CPS,IL,AGL,CE,Towers with Display (VFR),0,23,42,0,65,0,13,146,0,159,0,36,188,0,224,344,0,344,568
09/29/2004,CPS,IL,AGL,CE,Towers with Display (VFR),0,25,44,0,69,0,11,187,0,198,0,36,231,0,267,580,0,580,847
09/30/2004,CPS,IL,AGL,CE,Towers with Display (VFR),0,31,55,0,86,0,3,217,0,220,0,34,272,0,306,640,0,640,946
10/01/2004,CPS,IL,AGL,CE,Towers with Radar,0,16,44,0,60,0,0,145,0,145,0,16,189,0,205,448,0,448,653
10/02/2004,CPS,IL,AGL,CE,Towers with Radar,0,2,36,0,38,0,0,139,0,139,0,2,175,0,177,346,0,346,523
10/03/2004,CPS,IL,AGL,CE,Towers with Radar,0,19,42,0,61,0,0,129,0,129,0,19,171,0,190,246,0,246,436
10/04/2004,CPS,IL,AGL,CE,Towers with Radar,0,32,41,0,73,0,5,153,0,158,0,37,194,0,231,446,0,446,677
10/05/2004,CPS,IL,AGL,CE,Towers with Radar,0,31,67,2,100,0,4,213,0,217,0,35,280,2,317,476,0,476,793
10/06/2004,CPS,IL,AGL,CE,Towers with Radar,0,33,55,3,91,0,3,216,4,223,0,36,271,7,314,692,0,692,1006
10/07/2004,CPS,IL,AGL,CE,Towers with Radar,0,56,115,0,171,0,6,142,3,151,0,62,257,3,322,464,0,464,786
10/08/2004,CPS,IL,AGL,CE,Towers with Radar,0,49,117,0,166,0,0,8,0,8,0,49,125,0,174,0,0,0,174
10/09/2004,CPS,IL,AGL,CE,Towers with Radar,0,3,70,0,73,0,0,72,1,73,0,3,142,1,146,156,0,156,302
10/10/2004,CPS,IL,AGL,CE,Towers with Radar,0,20,43,0,63,0,6,143,0,149,0,26,186,0,212,194,0,194,406
10/11/2004,CPS,IL,AGL,CE,Towers with Radar,0,22,38,0,60,0,2,158,7,167,0,24,196,7,227,362,0,362,589
10/12/2004,CPS,IL,AGL,CE,Towers with Radar,0,30,61,0,91,0,0,0,0,0,0,30,61,0,91,0,0,0,91
10/13/2004,CPS,IL,AGL,CE,Towers with Radar,0,38,67,0,105,0,2,72,0,74,0,40,139,0,179,152,0,152,331
10/14/2004,CPS,IL,AGL,CE,Towers with Radar,0,33,62,1,96,0,1,33,1,35,0,34,95,2,131,0,4,4,135
10/15/2004,CPS,IL,AGL,CE,Towers with Radar,0,18,75,1,94,0,1,166,0,167,0,19,241,1,261,470,0,470,731
10/16/2004,CPS,IL,AGL,CE,Towers with Radar,0,4,31,1,36,0,0,67,3,70,0,4,98,4,106,76,8,84,190
10/17/2004,CPS,IL,AGL,CE,Towers with Radar,0,19,24,0,43,0,3,162,0,165,0,22,186,0,208,190,0,190,398
10/18/2004,CPS,IL,AGL,CE,Towers with Radar,0,36,38,0,74,0,0,8,0,8,0,36,46,0,82,0,0,0,82
10/19/2004,CPS,IL,AGL,CE,Towers with Radar,0,30,59,0,89,0,3,2,0,5,0,33,61,0,94,0,0,0,94
10/20/2004,CPS,IL,AGL,CE,Towers with Radar,0,33,89,0,122,0,0,15,1,16,0,33,104,1,138,6,0,6,144
10/21/2004,CPS,IL,AGL,CE,Towers with Radar,0,46,122,2,170,0,0,36,0,36,0,46,158,2,206,0,0,0,206
10/22/2004,CPS,IL,AGL,CE,Towers with Radar,0,22,66,0,88,0,0,118,0,118,0,22,184,0,206,304,0,304,510
10/23/2004,CPS,IL,AGL,CE,Towers with Radar,0,9,25,0,34,0,0,139,0,139,0,9,164,0,173,308,0,308,481
10/24/2004,CPS,IL,AGL,CE,Towers with Radar,0,19,37,1,57,0,1,190,0,191,0,20,227,1,248,434,0,434,682
10/25/2004,CPS,IL,AGL,CE,Towers with Radar,0,34,49,0,83,0,1,202,0,203,0,35,251,0,286,608,0,608,894
10/26/2004,CPS,IL,AGL,CE,Towers with Radar,0,56,136,0,192,0,0,37,1,38,0,56,173,1,230,54,0,54,284
10/27/2004,CPS,IL,AGL,CE,Towers with Radar,0,58,184,0,242,0,0,27,0,27,0,58,211,0,269,0,0,0,269
10/28/2004,CPS,IL,AGL,CE,Towers with Radar,0,40,82,0,122,0,0,87,0,87,0,40,169,0,209,166,0,166,375
10/29/2004,CPS,IL,AGL,CE,Towers with Radar,0,19,59,0,78,0,0,97,0,97,0,19,156,0,175,238,0,238,413
10/30/2004,CPS,IL,AGL,CE,Towers with Radar,0,6,25,0,31,0,1,153,0,154,0,7,178,0,185,486,0,486,671
10/31/2004,CPS,IL,AGL,CE,Towers with Radar,0,19,19,0,38,0,1,107,0,108,0,20,126,0,146,374,0,374,520
11/01/2004,CPS,IL,AGL,CE,Towers with Radar,0,39,27,2,68,0,0,45,0,45,0,39,72,2,113,6,0,6,119
11/02/2004,CPS,IL,AGL,CE,Towers with Radar,0,37,37,0,74,0,0,93,0,93,0,37,130,0,167,112,0,112,279
11/03/2004,CPS,IL,AGL,CE,Towers with Radar,0,36,37,0,73,0,1,27,0,28,0,37,64,0,101,46,0,46,147
11/04/2004,CPS,IL,AGL,CE,Towers with Radar,0,29,52,4,85,0,2,144,0,146,0,31,196,4,231,386,0,386,617
11/05/2004,CPS,IL,AGL,CE,Towers with Radar,0,22,51,4,77,0,0,196,0,196,0,22,247,4,273,556,0,556,829
11/06/2004,CPS,IL,AGL,CE,Towers with Radar,0,5,27,1,33,0,3,208,1,212,0,8,235,2,245,498,0,498,743
11/07/2004,CPS,IL,AGL,CE,Towers with Radar,0,19,47,0,66,0,0,124,0,124,0,19,171,0,190,506,0,506,696
11/08/2004,CPS,IL,AGL,CE,Towers with Radar,0,31,38,0,69,0,3,208,1,212,0,34,246,1,281,480,0,480,761
11/09/2004,CPS,IL,AGL,CE,Towers with Radar,0,31,53,0,84,0,1,193,0,194,0,32,246,0,278,558,0,558,836
11/10/2004,CPS,IL,AGL,CE,Towers with Radar,0,29,66,2,97,0,3,159,0,162,0,32,225,2,259,380,0,380,639
11/11/2004,CPS,IL,AGL,CE,Towers with Radar,0,12,33,0,45,0,0,4,0,4,0,12,37,0,49,0,0,0,49
11/12/2004,CPS,IL,AGL,CE,Towers with Radar,0,14,57,1,72,0,4,134,0,138,0,18,191,1,210,396,0,396,606
11/13/2004,CPS,IL,AGL,CE,Towers with Radar,0,1,25,0,26,0,1,142,0,143,0,2,167,0,169,410,0,410,579
11/14/2004,CPS,IL,AGL,CE,Towers with Radar,0,27,43,2,72,0,1,141,0,142,0,28,184,2,214,446,0,446,660
11/15/2004,CPS,IL,AGL,CE,Towers with Radar,0,38,42,1,81,0,2,161,0,163,0,40,203,1,244,490,0,490,734
11/16/2004,CPS,IL,AGL,CE,Towers with Radar,0,40,31,0,71,0,3,120,0,123,0,43,151,0,194,264,0,264,458
11/17/2004,CPS,IL,AGL,CE,Towers with Radar,0,30,45,0,75,0,8,166,0,174,0,38,211,0,249,492,0,492,741
11/18/2004,CPS,IL,AGL,CE,Towers with Radar,0,34,48,0,82,0,2,60,0,62,0,36,108,0,144,258,0,258,402
11/19/2004,CPS,IL,AGL,CE,Towers with Radar,0,21,53,2,76,0,0,78,2,80,0,21,131,4,156,262,0,262,418
11/20/2004,CPS,IL,AGL,CE,Towers with Radar,0,3,35,0,38,0,0,114,0,114,0,3,149,0,152,422,0,422,574
11/21/2004,CPS,IL,AGL,CE,Towers with Radar,0,17,33,0,50,0,0,64,0,64,0,17,97,0,114,156,0,156,270
11/22/2004,CPS,IL,AGL,CE,Towers with Radar,0,29,65,0,94,0,1,0,0,1,0,30,65,0,95,2,0,2,97
11/23/2004,CPS,IL,AGL,CE,Towers with Radar,0,30,45,0,75,0,0,25,0,25,0,30,70,0,100,4,0,4,104
11/24/2004,CPS,IL,AGL,CE,Towers with Radar,0,29,17,0,46,0,0,0,0,0,0,29,17,0,46,0,0,0,46
11/25/2004,CPS,IL,AGL,CE,Towers with Radar,0,4,12,0,16,0,1,27,0,28,0,5,39,0,44,0,0,0,44
11/26/2004,CPS,IL,AGL,CE,Towers with Radar,0,15,15,1,31,0,3,105,2,110,0,18,120,3,141,72,0,72,213
11/27/2004,CPS,IL,AGL,CE,Towers with Radar,0,2,12,0,14,0,0,26,0,26,0,2,38,0,40,0,0,0,40
11/28/2004,CPS,IL,AGL,CE,Towers with Radar,0,17,25,0,42,0,0,108,0,108,0,17,133,0,150,356,0,356,506
11/29/2004,CPS,IL,AGL,CE,Towers with Radar,0,30,35,1,66,0,0,42,0,42,0,30,77,1,108,0,0,0,108
11/30/2004,CPS,IL,AGL,CE,Towers with Radar,0,35,27,1,63,0,0,0,0,0,0,35,27,1,63,0,0,0,63
12/01/2004,CPS,IL,AGL,CE,Towers with Radar,0,33,47,0,80,0,0,161,0,161,0,33,208,0,241,370,0,370,611
12/02/2004,CPS,IL,AGL,CE,Towers with Radar,0,31,52,0,83,0,1,235,0,236,0,32,287,0,319,502,0,502,821
12/03/2004,CPS,IL,AGL,CE,Towers with Radar,0,18,45,0,63,0,0,157,0,157,0,18,202,0,220,478,0,478,698
12/04/2004,CPS,IL,AGL,CE,Towers with Radar,0,2,31,0,33,0,1,163,0,164,0,3,194,0,197,388,0,388,585
12/05/2004,CPS,IL,AGL,CE,Towers with Radar,0,19,45,0,64,0,1,57,0,58,0,20,102,0,122,202,0,202,324
12/06/2004,CPS,IL,AGL,CE,Towers with Radar,0,34,35,0,69,0,0,116,0,116,0,34,151,0,185,384,0,384,569
12/07/2004,CPS,IL,AGL,CE,Towers with Radar,0,30,27,0,57,0,0,113,0,113,0,30,140,0,170,346,0,346,516
12/08/2004,CPS,IL,AGL,CE,Towers with Radar,0,28,51,0,79,0,2,183,0,185,0,30,234,0,264,444,0,444,708
12/09/2004,CPS,IL,AGL,CE,Towers with Radar,0,34,48,0,82,0,3,139,0,142,0,37,187,0,224,336,0,336,560
12/10/2004,CPS,IL,AGL,CE,Towers with Radar,0,26,42,0,68,0,0,43,0,43,0,26,85,0,111,0,0,0,111
12/11/2004,CPS,IL,AGL,CE,Towers with Radar,0,18,16,0,34,0,0,79,0,79,0,18,95,0,113,140,0,140,253
12/12/2004,CPS,IL,AGL,CE,Towers with Radar,0,27,23,0,50,0,0,98,0,98,0,27,121,0,148,170,0,170,318
12/13/2004,CPS,IL,AGL,CE,Towers with Radar,0,22,22,2,46,0,11,80,0,91,0,33,102,2,137,43,0,43,180
12/14/2004,CPS,IL,AGL,CE,Towers with Radar,0,30,41,0,71,0,0,106,0,106,0,30,147,0,177,344,0,344,521
12/15/2004,CPS,IL,AGL,CE,Towers with Radar,0,31,47,1,79,0,1,165,0,166,0,32,212,1,245,386,0,386,631
12/16/2004,CPS,IL,AGL,CE,Towers with Radar,0,34,61,0,95,0,0,134,0,134,0,34,195,0,229,282,0,282,511
12/17/2004,CPS,IL,AGL,CE,Towers with Radar,0,14,40,0,54,0,1,84,0,85,0,15,124,0,139,188,0,188,327
12/18/2004,CPS,IL,AGL,CE,Towers with Radar,0,1,27,0,28,0,4,74,0,78,0,5,101,0,106,194,0,194,300
12/19/2004,CPS,IL,AGL,CE,Towers with Radar,0,22,9,0,31,0,4,30,0,34,0,26,39,0,65,77,0,77,142
12/20/2004,CPS,IL,AGL,CE,Towers with Radar,0,36,23,1,60,0,3,49,0,52,0,39,72,1,112,26,0,26,138
12/21/2004,CPS,IL,AGL,CE,Towers with Radar,0,37,37,0,74,0,2,162,0,164,0,39,199,0,238,264,0,264,502
12/22/2004,CPS,IL,AGL,CE,Towers with Radar,0,33,23,0,56,0,0,80,0,80,0,33,103,0,136,30,0,30,166
12/23/2004,CPS,IL,AGL,CE,Towers with Radar,0,24,20,0,44,0,0,76,0,76,0,24,96,0,120,75,0,75,195
12/24/2004,CPS,IL,AGL,CE,Towers with Radar,0,24,5,0,29,0,1,43,0,44,0,25,48,0,73,10,0,10,83
12/25/2004,CPS,IL,AGL,CE,Towers with Radar,0,1,5,0,6,0,0,13,0,13,0,1,18,0,19,2,0,2,21
12/26/2004,CPS,IL,AGL,CE,Towers with Radar,0,19,14,0,33,0,4,53,0,57,0,23,67,0,90,31,0,31,121
12/27/2004,CPS,IL,AGL,CE,Towers with Radar,0,33,30,0,63,0,3,121,0,124,0,36,151,0,187,132,0,132,319
12/28/2004,CPS,IL,AGL,CE,Towers with Radar,0,28,31,0,59,0,1,67,0,68,0,29,98,0,127,76,0,76,203
12/29/2004,CPS,IL,AGL,CE,Towers with Radar,0,29,18,0,47,0,2,88,0,90,0,31,106,0,137,92,0,92,229
12/30/2004,CPS,IL,AGL,CE,Towers with Radar,0,27,20,0,47,0,0,29,0,29,0,27,49,0,76,0,0,0,76
12/31/2004,CPS,IL,AGL,CE,Towers with Radar,0,18,13,0,31,0,0,51,0,51,0,18,64,0,82,54,0,54,136
01/01/2005,CPS,IL,AGL,CE,Towers with Radar,0,7,4,0,11,0,0,22,0,22,0,7,26,0,33,6,0,6,39
01/02/2005,CPS,IL,AGL,CE,Towers with Radar,0,18,26,0,44,0,0,43,0,43,0,18,69,0,87,18,0,18,105
01/03/2005,CPS,IL,AGL,CE,Towers with Radar,0,32,31,0,63,0,6,3,0,9,0,38,34,0,72,0,0,0,72
01/04/2005,CPS,IL,AGL,CE,Towers with Radar,0,30,17,0,47,0,0,2,0,2,0,30,19,0,49,0,0,0,49
01/05/2005,CPS,IL,AGL,CE,Towers with Radar,0,31,16,0,47,0,0,2,0,2,0,31,18,0,49,0,0,0,49
01/06/2005,CPS,IL,AGL,CE,Towers with Radar,0,28,27,0,55,0,2,52,0,54,0,30,79,0,109,10,0,10,119
01/07/2005,CPS,IL,AGL,CE,Towers with Radar,0,21,28,0,49,0,0,62,0,62,0,21,90,0,111,16,0,16,127
01/08/2005,CPS,IL,AGL,CE,Towers with Radar,0,1,7,0,8,0,0,26,0,26,0,1,33,0,34,34,0,34,68
01/09/2005,CPS,IL,AGL,CE,Towers with Radar,0,16,19,0,35,0,2,89,0,91,0,18,108,0,126,80,0,80,206
01/10/2005,CPS,IL,AGL,CE,Towers with Radar,0,36,47,1,84,0,0,1,0,1,0,36,48,1,85,0,0,0,85
01/11/2005,CPS,IL,AGL,CE,Towers with Radar,0,30,28,0,58,0,0,1,0,1,0,30,29,0,59,0,0,0,59
01/12/2005,CPS,IL,AGL,CE,Towers with Radar,0,36,27,0,63,0,3,60,0,63,0,39,87,0,126,58,0,58,184
01/13/2005,CPS,IL,AGL,CE,Towers with Radar,0,32,37,1,70,0,0,42,0,42,0,32,79,1,112,0,0,0,112
01/14/2005,CPS,IL,AGL,CE,Towers with Radar,0,21,50,0,71,0,2,74,0,76,0,23,124,0,147,132,0,132,279
01/15/2005,CPS,IL,AGL,CE,Towers with Radar,0,3,40,0,43,0,0,78,0,78,0,3,118,0,121,180,0,180,301
01/16/2005,CPS,IL,AGL,CE,Towers with Radar,0,16,26,0,42,0,0,78,0,78,0,16,104,0,120,134,0,134,254
01/17/2005,CPS,IL,AGL,CE,Towers with Radar,0,22,23,0,45,0,0,98,0,98,0,22,121,0,143,104,0,104,247
01/18/2005,CPS,IL,AGL,CE,Towers with Radar,0,26,44,0,70,0,0,114,2,116,0,26,158,2,186,294,0,294,480
01/19/2005,CPS,IL,AGL,CE,Towers with Radar,0,34,47,0,81,0,2,91,0,93,0,36,138,0,174,460,0,460,634
01/20/2005,CPS,IL,AGL,CE,Towers with Radar,0,31,46,0,77,0,0,122,0,122,0,31,168,0,199,538,0,538,737
01/21/2005,CPS,IL,AGL,CE,Towers with Radar,0,24,42,0,66,0,1,91,0,92,0,25,133,0,158,366,0,366,524
01/22/2005,CPS,IL,AGL,CE,Towers with Radar,0,2,2,0,4,0,0,169,0,169,0,2,171,0,173,398,0,398,571
01/23/2005,CPS,IL,AGL,CE,Towers with Radar,0,21,24,0,45,0,0,87,0,87,0,21,111,0,132,178,0,178,310
01/24/2005,CPS,IL,AGL,CE,Towers with Radar,0,28,49,0,77,0,2,211,0,213,0,30,260,0,290,522,0,522,812
01/25/2005,CPS,IL,AGL,CE,Towers with Radar,0,30,49,0,79,0,0,171,0,171,0,30,220,0,250,500,0,500,750
01/26/2005,CPS,IL,AGL,CE,Towers with Radar,0,34,47,0,81,0,0,65,0,65,0,34,112,0,146,184,0,184,330
01/27/2005,CPS,IL,AGL,CE,Towers with Radar,0,32,42,0,74,0,2,166,0,168,0,34,208,0,242,306,0,306,548
01/28/2005,CPS,IL,AGL,CE,Towers with Radar,0,25,53,0,78,0,0,134,0,134,0,25,187,0,212,364,0,364,576
01/29/2005,CPS,IL,AGL,CE,Towers with Radar,0,1,10,0,11,0,0,5,0,5,0,1,15,0,16,30,0,30,46
01/30/2005,CPS,IL,AGL,CE,Towers with Radar,0,23,19,0,42,0,1,61,0,62,0,24,80,0,104,94,0,94,198
01/31/2005,CPS,IL,AGL,CE,Towers with Radar,0,38,26,0,64,0,2,72,0,74,0,40,98,0,138,172,0,172,310
02/01/2005,CPS,IL,AGL,CE,Towers with Radar,0,30,46,0,76,0,1,112,2,115,0,31,158,2,191,326,0,326,517
02/02/2005,CPS,IL,AGL,CE,Towers with Radar,0,26,35,0,61,0,0,15,0,15,0,26,50,0,76,12,0,12,88
02/03/2005,CPS,IL,AGL,CE,Towers with Radar,0,33,48,0,81,0,4,101,0,105,0,37,149,0,186,374,0,374,560
02/04/2005,CPS,IL,AGL,CE,Towers with Radar,0,18,76,0,94,0,0,119,1,120,0,18,195,1,214,462,0,462,676
02/05/2005,CPS,IL,AGL,CE,Towers with Radar,0,3,35,0,38,0,0,121,0,121,0,3,156,0,159,286,0,286,445
02/06/2005,CPS,IL,AGL,CE,Towers with Radar,0,21,25,0,46,0,2,62,0,64,0,23,87,0,110,84,0,84,194
02/07/2005,CPS,IL,AGL,CE,Towers with Radar,0,37,41,0,78,0,1,26,0,27,0,38,67,0,105,34,0,34,139
02/08/2005,CPS,IL,AGL,CE,Towers with Radar,0,35,30,1,66,0,0,0,0,0,0,35,30,1,66,0,0,0,66
02/09/2005,CPS,IL,AGL,CE,Towers with Radar,0,35,44,0,79,0,3,15,0,18,0,38,59,0,97,0,0,0,97
02/10/2005,CPS,IL,AGL,CE,Towers with Radar,0,32,56,0,88,0,2,135,0,137,0,34,191,0,225,378,0,378,603
02/11/2005,CPS,IL,AGL,CE,Towers with Radar,0,25,42,0,67,0,1,177,0,178,0,26,219,0,245,472,0,472,717
02/12/2005,CPS,IL,AGL,CE,Towers with Radar,0,3,42,1,46,0,0,154,0,154,0,3,196,1,200,534,0,534,734
02/13/2005,CPS,IL,AGL,CE,Towers with Radar,0,24,22,0,46,0,0,3,0,3,0,24,25,0,49,2,0,2,51
02/14/2005,CPS,IL,AGL,CE,Towers with Radar,0,35,26,0,61,0,0,180,0,180,0,35,206,0,241,386,0,386,627
02/15/2005,CPS,IL,AGL,CE,Towers with Radar,0,33,35,0,68,0,0,145,0,145,0,33,180,0,213,464,0,464,677
02/16/2005,CPS,IL,AGL,CE,Towers with Radar,0,34,56,0,90,0,2,121,0,123,0,36,177,0,213,304,0,304,517
02/17/2005,CPS,IL,AGL,CE,Towers with Radar,0,33,50,0,83,0,0,179,0,179,0,33,229,0,262,360,2,362,624
02/18/2005,CPS,IL,AGL,CE,Towers with Radar,0,21,58,0,79,0,0,181,0,181,0,21,239,0,260,524,0,524,784
02/19/2005,CPS,IL,AGL,CE,Towers with Radar,0,6,15,0,21,0,0,209,0,209,0,6,224,0,230,472,0,472,702
02/20/2005,CPS,IL,AGL,CE,Towers with Radar,0,12,13,0,25,0,0,49,0,49,0,12,62,0,74,114,0,114,188
02/21/2005,CPS,IL,AGL,CE,Towers with Radar,0,29,72,0,101,0,1,96,0,97,0,30,168,0,198,454,0,454,652
02/22/2005,CPS,IL,AGL,CE,Towers with Radar,0,30,62,0,92,0,0,164,0,164,0,30,226,0,256,470,0,470,726
02/23/2005,CPS,IL,AGL,CE,Towers with Radar,0,36,50,0,86,0,3,117,0,120,0,39,167,0,206,398,0,398,604
02/24/2005,CPS,IL,AGL,CE,Towers with Radar,0,32,58,0,90,0,1,96,0,97,0,33,154,0,187,254,0,254,441
02/25/2005,CPS,IL,AGL,CE,Towers with Radar,0,23,46,2,71,0,1,179,0,180,0,24,225,2,251,350,0,350,601
02/26/2005,CPS,IL,AGL,CE,Towers with Radar,0,3,61,0,64,0,1,195,0,196,0,4,256,0,260,594,0,594,854
02/27/2005,CPS,IL,AGL,CE,Towers with Radar,0,12,30,0,42,0,0,135,0,135,0,12,165,0,177,344,0,344,521
02/28/2005,CPS,IL,AGL,CE,Towers with Radar,0,31,37,1,69,0,1,14,0,15,0,32,51,1,84,4,0,4,88
03/01/2005,CPS,IL,AGL,CE,Towers with Radar,0,35,53,0,88,0,2,111,1,114,0,37,164,1,202,426,0,426,628
03/02/2005,CPS,IL,AGL,CE,Towers with Radar,0,35,56,0,91,0,0,144,0,144,0,35,200,0,235,390,0,390,625
03/03/2005,CPS,IL,AGL,CE,Towers with Radar,0,35,52,0,87,0,1,135,1,137,0,36,187,1,224,234,0,234,458
03/04/2005,CPS,IL,AGL,CE,Towers with Radar,0,17,58,0,75,0,3,105,0,108,0,20,163,0,183,302,0,302,485
03/05/2005,CPS,IL,AGL,CE,Towers with Radar,0,8,57,0,65,0,1,109,0,110,0,9,166,0,175,312,0,312,487
03/06/2005,CPS,IL,AGL,CE,Towers with Radar,0,21,34,0,55,0,1,97,8,106,0,22,131,8,161,256,0,256,417
03/07/2005,CPS,IL,AGL,CE,Towers with Radar,0,29,24,0,53,0,2,86,0,88,0,31,110,0,141,91,0,91,232
03/08/2005,CPS,IL,AGL,CE,Towers with Radar,0,34,35,0,69,0,4,105,1,110,0,38,140,1,179,174,0,174,353
03/09/2005,CPS,IL,AGL,CE,Towers with Radar,0,33,45,0,78,0,1,112,0,113,0,34,157,0,191,508,0,508,699
03/10/2005,CPS,IL,AGL,CE,Towers with Radar,0,31,44,2,77,0,3,131,2,136,0,34,175,4,213,462,0,462,675
03/11/2005,CPS,IL,AGL,CE,Towers with Radar,0,27,35,1,63,0,2,178,3,183,0,29,213,4,246,500,0,500,746
03/12/2005,CPS,IL,AGL,CE,Towers with Radar,0,4,21,1,26,0,0,193,3,196,0,4,214,4,222,512,0,512,734
03/13/2005,CPS,IL,AGL,CE,Towers with Radar,0,21,26,0,47,0,3,84,1,88,0,24,110,1,135,172,0,172,307
03/14/2005,CPS,IL,AGL,CE,Towers with Radar,0,40,54,2,96,0,2,140,0,142,0,42,194,2,238,472,0,472,710
03/15/2005,CPS,IL,AGL,CE,Towers with Radar,0,34,34,0,68,0,0,151,1,152,0,34,185,1,220,522,0,522,742
03/16/2005,CPS,IL,AGL,CE,Towers with Radar,0,34,1,0,35,34,151,0,0,185,34,185,1,0,220,522,0,522,742
03/17/2005,CPS,IL,AGL,CE,Towers with Radar,0,35,78,0,113,0,1,206,1,208,0,36,284,1,321,502,0,502,823
03/18/2005,CPS,IL,AGL,CE,Towers with Radar,0,22,52,0,74,0,3,99,0,102,0,25,151,0,176,196,0,196,372
03/19/2005,CPS,IL,AGL,CE,Towers with Radar,0,4,32,0,36,0,0,154,0,154,0,4,186,0,190,402,0,402,592
03/20/2005,CPS,IL,AGL,CE,Towers with Radar,0,22,36,0,58,0,0,87,0,87,0,22,123,0,145,302,0,302,447
03/21/2005,CPS,IL,AGL,CE,Towers with Radar,0,40,52,2,94,0,1,171,0,172,0,41,223,2,266,462,0,462,728
03/22/2005,CPS,IL,AGL,CE,Towers with Radar,0,31,50,0,81,0,0,2,0,2,0,31,52,0,83,0,0,0,83
03/23/2005,CPS,IL,AGL,CE,Towers with Radar,0,37,46,0,83,0,0,19,0,19,0,37,65,0,102,56,0,56,158
03/24/2005,CPS,IL,AGL,CE,Towers with Radar,0,32,53,0,85,0,5,93,0,98,0,37,146,0,183,76,0,76,259
03/25/2005,CPS,IL,AGL,CE,Towers with Radar,0,26,32,2,60,0,0,25,0,25,0,26,57,2,85,56,0,56,141
03/26/2005,CPS,IL,AGL,CE,Towers with Radar,0,3,12,0,15,0,0,21,0,21,0,3,33,0,36,30,0,30,66
03/27/2005,CPS,IL,AGL,CE,Towers with Radar,0,20,15,0,35,0,0,139,0,139,0,20,154,0,174,412,0,412,586
03/28/2005,CPS,IL,AGL,CE,Towers with Radar,0,35,45,0,80,0,0,231,0,231,0,35,276,0,311,508,0,508,819
03/29/2005,CPS,IL,AGL,CE,Towers with Radar,0,32,48,0,80,0,0,159,1,160,0,32,207,1,240,280,0,280,520
03/30/2005,CPS,IL,AGL,CE,Towers with Radar,0,32,36,0,68,0,1,136,0,137,0,33,172,0,205,168,0,168,373
03/31/2005,CPS,IL,AGL,CE,Towers with Radar,0,26,80,0,106,0,3,147,0,150,0,29,227,0,256,508,0,508,764
04/01/2005,CPS,IL,AGL,CE,Towers with Radar,0,40,62,0,102,0,2,97,0,99,0,42,159,0,201,308,0,308,509
04/02/2005,CPS,IL,AGL,CE,Towers with Radar,0,44,159,0,203,0,3,130,0,133,0,47,289,0,336,212,0,212,548
04/03/2005,CPS,IL,AGL,CE,Towers with Radar,0,31,63,0,94,0,0,106,0,106,0,31,169,0,200,202,0,202,402
04/04/2005,CPS,IL,AGL,CE,Towers with Radar,0,106,157,0,263,0,3,203,0,206,0,109,360,0,469,364,0,364,833
04/05/2005,CPS,IL,AGL,CE,Towers with Radar,0,40,72,2,114,0,4,113,0,117,0,44,185,2,231,118,0,118,349
04/06/2005,CPS,IL,AGL,CE,Towers with Radar,0,34,59,0,93,0,2,111,0,113,0,36,170,0,206,236,0,236,442
04/07/2005,CPS,IL,AGL,CE,Towers with Radar,0,38,90,0,128,0,2,64,0,66,0,40,154,0,194,22,0,22,216
04/08/2005,CPS,IL,AGL,CE,Towers with Radar,0,22,50,0,72,0,1,167,0,168,0,23,217,0,240,596,0,596,836
04/09/2005,CPS,IL,AGL,CE,Towers with Radar,0,3,48,0,51,0,0,164,0,164,0,3,212,0,215,512,0,512,727
04/10/2005,CPS,IL,AGL,CE,Towers with Radar,0,19,31,0,50,0,0,81,0,81,0,19,112,0,131,156,0,156,287
04/11/2005,CPS,IL,AGL,CE,Towers with Radar,0,35,31,0,66,0,2,118,0,120,0,37,149,0,186,272,0,272,458
04/12/2005,CPS,IL,AGL,CE,Towers with Radar,0,32,40,0,72,0,1,69,0,70,0,33,109,0,142,148,0,148,290
04/13/2005,CPS,IL,AGL,CE,Towers with Radar,0,37,80,0,117,0,4,104,0,108,0,41,184,0,225,256,0,256,481
04/14/2005,CPS,IL,AGL,CE,Towers with Radar,0,33,67,0,100,0,4,173,0,177,0,37,240,0,277,544,0,544,821
04/15/2005,CPS,IL,AGL,CE,Towers with Radar,0,31,85,0,116,0,4,182,0,186,0,35,267,0,302,448,0,448,750
04/16/2005,CPS,IL,AGL,CE,Towers with Radar,0,3,73,0,76,0,0,166,2,168,0,3,239,2,244,542,0,542,786
04/17/2005,CPS,IL,AGL,CE,Towers with Radar,0,17,46,0,63,0,1,131,0,132,0,18,177,0,195,274,0,274,469
04/18/2005,CPS,IL,AGL,CE,Towers with Radar,0,36,82,2,120,0,0,145,0,145,0,36,227,2,265,404,0,404,669
04/19/2005,CPS,IL,AGL,CE,Towers with Radar,0,34,67,0,101,0,4,160,0,164,0,38,227,0,265,398,0,398,663
04/20/2005,CPS,IL,AGL,CE,Towers with Radar,0,33,68,0,101,0,2,136,0,138,0,35,204,0,239,242,0,242,481
04/21/2005,CPS,IL,AGL,CE,Towers with Radar,0,35,63,0,98,0,0,48,0,48,0,35,111,0,146,82,0,82,228
04/22/2005,CPS,IL,AGL,CE,Towers with Radar,0,29,39,0,68,0,1,61,1,63,0,30,100,1,131,84,0,84,215
04/23/2005,CPS,IL,AGL,CE,Towers with Radar,0,5,30,1,36,0,1,61,0,62,0,6,91,1,98,18,0,18,116
04/24/2005,CPS,IL,AGL,CE,Towers with Radar,0,22,24,0,46,0,1,90,0,91,0,23,114,0,137,142,0,142,279
04/25/2005,CPS,IL,AGL,CE,Towers with Radar,0,42,64,1,107,0,1,136,0,137,0,43,200,1,244,494,0,494,738
04/26/2005,CPS,IL,AGL,CE,Towers with Radar,0,38,47,0,85,0,1,128,0,129,0,39,175,0,214,458,0,458,672
04/27/2005,CPS,IL,AGL,CE,Towers with Radar,0,31,55,0,86,0,6,212,0,218,0,37,267,0,304,500,0,500,804
04/28/2005,CPS,IL,AGL,CE,Towers with Radar,0,30,72,0,102,0,0,58,0,58,0,30,130,0,160,20,0,20,180
04/29/2005,CPS,IL,AGL,CE,Towers with Radar,0,21,82,0,103,0,1,53,0,54,0,22,135,0,157,30,0,30,187
04/30/2005,CPS,IL,AGL,CE,Towers with Radar,0,4,40,1,45,0,1,97,1,99,0,5,137,2,144,358,0,358,502
05/01/2005,CPS,IL,AGL,CE,Towers with Radar,0,19,40,1,60,0,0,105,0,105,0,19,145,1,165,294,0,294,459
05/02/2005,CPS,IL,AGL,CE,Towers with Radar,0,39,42,2,83,0,5,137,0,142,0,44,179,2,225,338,0,338,563
05/03/2005,CPS,IL,AGL,CE,Towers with Radar,0,39,55,1,95,0,1,190,1,192,0,40,245,2,287,552,0,552,839
05/04/2005,CPS,IL,AGL,CE,Towers with Radar,0,38,54,2,94,0,3,194,0,197,0,41,248,2,291,440,0,440,731
05/05/2005,CPS,IL,AGL,CE,Towers with Radar,0,41,55,2,98,0,0,186,0,186,0,41,241,2,284,396,0,396,680
05/06/2005,CPS,IL,AGL,CE,Towers with Radar,0,32,62,2,96,0,6,153,0,159,0,38,215,2,255,204,0,204,459
05/07/2005,CPS,IL,AGL,CE,Towers with Radar,0,5,29,0,34,0,1,88,0,89,0,6,117,0,123,154,0,154,277
05/08/2005,CPS,IL,AGL,CE,Towers with Radar,0,19,22,0,41,0,0,44,0,44,0,19,66,0,85,56,0,56,141
05/09/2005,CPS,IL,AGL,CE,Towers with Radar,0,37,53,0,90,0,4,118,0,122,0,41,171,0,212,128,0,128,340
05/10/2005,CPS,IL,AGL,CE,Towers with Radar,0,39,57,0,96,0,0,142,0,142,0,39,199,0,238,366,0,366,604
05/11/2005,CPS,IL,AGL,CE,Towers with Radar,0,45,78,0,123,0,7,138,0,145,0,52,216,0,268,464,0,464,732
05/12/2005,CPS,IL,AGL,CE,Towers with Radar,0,40,85,0,125,0,0,93,0,93,0,40,178,0,218,140,0,140,358
05/13/2005,CPS,IL,AGL,CE,Towers with Radar,0,25,45,0,70,0,0,114,0,114,0,25,159,0,184,460,0,460,644
05/14/2005,CPS,IL,AGL,CE,Towers with Radar,0,0,33,1,34,0,0,166,3,169,0,0,199,4,203,451,0,451,654
05/15/2005,CPS,IL,AGL,CE,Towers with Radar,0,19,24,0,43,0,2,86,0,88,0,21,110,0,131,68,0,68,199
05/16/2005,CPS,IL,AGL,CE,Towers with Radar,0,39,71,0,110,0,4,145,0,149,0,43,216,0,259,440,0,440,699
05/17/2005,CPS,IL,AGL,CE,Towers with Radar,0,30,44,0,74,0,5,174,0,179,0,35,218,0,253,404,0,404,657
05/18/2005,CPS,IL,AGL,CE,Towers with Radar,0,43,49,0,92,0,6,179,0,185,0,49,228,0,277,414,0,414,691
05/19/2005,CPS,IL,AGL,CE,Towers with Radar,0,30,49,0,79,0,3,122,0,125,0,33,171,0,204,216,0,216,420
05/20/2005,CPS,IL,AGL,CE,Towers with Radar,0,24,58,2,84,0,1,98,0,99,0,25,156,2,183,336,0,336,519
05/21/2005,CPS,IL,AGL,CE,Towers with Radar,0,3,29,0,32,0,2,149,0,151,0,5,178,0,183,376,0,376,559
05/22/2005,CPS,IL,AGL,CE,Towers with Radar,0,16,27,1,44,0,0,63,0,63,0,16,90,1,107,76,0,76,183
05/23/2005,CPS,IL,AGL,CE,Towers with Radar,0,33,49,0,82,0,0,169,0,169,0,33,218,0,251,360,0,360,611
05/24/2005,CPS,IL,AGL,CE,Towers with Radar,0,34,72,0,106,0,8,129,0,137,0,42,201,0,243,364,0,364,607
05/25/2005,CPS,IL,AGL,CE,Towers with Radar,0,38,69,0,107,0,3,141,0,144,0,41,210,0,251,378,0,378,629
05/26/2005,CPS,IL,AGL,CE,Towers with Radar,0,38,40,0,78,0,0,121,1,122,0,38,161,1,200,382,0,382,582
05/27/2005,CPS,IL,AGL,CE,Towers with Radar,0,21,46,0,67,0,2,145,0,147,0,23,191,0,214,226,0,226,440
05/28/2005,CPS,IL,AGL,CE,Towers with Radar,0,1,24,0,25,0,3,104,0,107,0,4,128,0,132,184,0,184,316
05/29/2005,CPS,IL,AGL,CE,Towers with Radar,0,14,12,0,26,0,0,90,0,90,0,14,102,0,116,48,0,48,164
05/30/2005,CPS,IL,AGL,CE,Towers with Radar,0,21,15,2,38,0,0,79,0,79,0,21,94,2,117,36,0,36,153
05/31/2005,CPS,IL,AGL,CE,Towers with Radar,0,25,52,0,77,0,8,115,7,130,0,33,167,7,207,182,0,182,389
06/01/2005,CPS,IL,AGL,CE,Towers with Radar,0,33,53,0,86,0,2,119,0,121,0,35,172,0,207,328,0,328,535
06/02/2005,CPS,IL,AGL,CE,Towers with Radar,0,32,41,0,73,0,6,83,2,91,0,38,124,2,164,186,0,186,350
06/03/2005,CPS,IL,AGL,CE,Towers with Radar,0,22,62,1,85,0,2,104,1,107,0,24,166,2,192,394,0,394,586
06/04/2005,CPS,IL,AGL,CE,Towers with Radar,0,1,18,0,19,0,0,143,0,143,0,1,161,0,162,406,0,406,568
06/05/2005,CPS,IL,AGL,CE,Towers with Radar,0,20,30,0,50,0,2,114,0,116,0,22,144,0,166,336,0,336,502
06/06/2005,CPS,IL,AGL,CE,Towers with Radar,0,33,51,0,84,0,1,120,0,121,0,34,171,0,205,256,0,256,461
06/07/2005,CPS,IL,AGL,CE,Towers with Radar,0,33,58,2,93,0,1,102,0,103,0,34,160,2,196,266,0,266,462
06/08/2005,CPS,IL,AGL,CE,Towers with Radar,0,35,44,1,80,0,1,112,0,113,0,36,156,1,193,214,0,214,407
06/09/2005,CPS,IL,AGL,CE,Towers with Radar,0,30,64,1,95,0,4,107,1,112,0,34,171,2,207,172,0,172,379
06/10/2005,CPS,IL,AGL,CE,Towers with Radar,0,21,54,6,81,0,2,89,1,92,0,23,143,7,173,160,0,160,333
06/11/2005,CPS,IL,AGL,CE,Towers with Radar,0,4,37,0,41,0,0,59,0,59,0,4,96,0,100,134,0,134,234
06/12/2005,CPS,IL,AGL,CE,Towers with Radar,0,34,39,2,75,0,0,69,0,69,0,34,108,2,144,36,22,58,202
06/13/2005,CPS,IL,AGL,CE,Towers with Radar,0,26,30,1,57,0,5,114,0,119,0,31,144,1,176,182,0,182,358
06/14/2005,CPS,IL,AGL,CE,Towers with Radar,0,26,38,0,64,0,6,117,4,127,0,32,155,4,191,242,0,242,433
06/15/2005,CPS,IL,AGL,CE,Towers with Radar,0,32,43,0,75,0,3,148,0,151,0,35,191,0,226,262,0,262,488
06/16/2005,CPS,IL,AGL,CE,Towers with Radar,0,31,45,0,76,0,3,162,0,165,0,34,207,0,241,258,0,258,499
06/17/2005,CPS,IL,AGL,CE,Towers with Radar,0,19,32,1,52,0,2,139,0,141,0,21,171,1,193,330,0,330,523
06/18/2005,CPS,IL,AGL,CE,Towers with Radar,0,3,33,0,36,0,0,103,0,103,0,3,136,0,139,78,0,78,217
06/19/2005,CPS,IL,AGL,CE,Towers with Radar,0,22,26,0,48,0,0,91,0,91,0,22,117,0,139,44,0,44,183
06/20/2005,CPS,IL,AGL,CE,Towers with Radar,0,29,44,1,74,0,5,166,0,171,0,34,210,1,245,262,0,262,507
06/21/2005,CPS,IL,AGL,CE,Towers with Radar,0,29,37,0,66,0,1,126,0,127,0,30,163,0,193,542,0,542,735
06/22/2005,CPS,IL,AGL,CE,Towers with Radar,0,39,62,0,101,0,2,121,0,123,0,41,183,0,224,308,0,308,532
06/23/2005,CPS,IL,AGL,CE,Towers with Radar,0,33,62,0,95,0,1,169,0,170,0,34,231,0,265,344,0,344,609
06/24/2005,CPS,IL,AGL,CE,Towers with Radar,0,29,39,3,71,0,1,112,0,113,0,30,151,3,184,478,0,478,662
06/25/2005,CPS,IL,AGL,CE,Towers with Radar,0,3,37,0,40,0,0,95,0,95,0,3,132,0,135,430,0,430,565
06/26/2005,CPS,IL,AGL,CE,Towers with Radar,0,27,52,1,80,0,0,87,0,87,0,27,139,1,167,156,0,156,323
06/27/2005,CPS,IL,AGL,CE,Towers with Radar,0,46,41,2,89,0,0,168,0,168,0,46,209,2,257,512,0,512,769
06/28/2005,CPS,IL,AGL,CE,Towers with Radar,0,36,50,0,86,0,2,135,0,137,0,38,185,0,223,472,0,472,695
06/29/2005,CPS,IL,AGL,CE,Towers with Radar,0,37,54,1,92,0,2,107,1,110,0,39,161,2,202,108,0,108,310
06/30/2005,CPS,IL,AGL,CE,Towers with Radar,0,36,53,4,93,0,1,116,0,117,0,37,169,4,210,270,0,270,480
07/01/2005,CPS,IL,AGL,CE,Towers with Radar,0,25,69,2,96,0,1,150,3,154,0,26,219,5,250,314,4,318,568
07/02/2005,CPS,IL,AGL,CE,Towers with Radar,0,5,21,0,26,0,0,132,2,134,0,5,153,2,160,152,0,152,312
07/03/2005,CPS,IL,AGL,CE,Towers with Radar,0,13,15,0,28,0,1,107,8,116,0,14,122,8,144,52,0,52,196
07/04/2005,CPS,IL,AGL,CE,Towers with Radar,0,19,18,2,39,0,1,93,2,96,0,20,111,4,135,52,0,52,187
07/05/2005,CPS,IL,AGL,CE,Towers with Radar,0,34,57,3,94,0,0,195,0,195,0,34,252,3,289,282,0,282,571
07/06/2005,CPS,IL,AGL,CE,Towers with Radar,0,35,34,0,69,0,0,174,0,174,0,35,208,0,243,426,0,426,669
07/07/2005,CPS,IL,AGL,CE,Towers with Radar,0,38,31,0,69,0,0,157,0,157,0,38,188,0,226,308,0,308,534
07/08/2005,CPS,IL,AGL,CE,Towers with Radar,0,23,52,4,79,0,1,116,0,117,0,24,168,4,196,458,0,458,654
07/09/2005,CPS,IL,AGL,CE,Towers with Radar,0,2,18,0,20,0,0,122,0,122,0,2,140,0,142,166,0,166,308
07/10/2005,CPS,IL,AGL,CE,Towers with Radar,0,21,20,0,41,0,0,89,0,89,0,21,109,0,130,68,0,68,198
07/11/2005,CPS,IL,AGL,CE,Towers with Radar,0,33,29,1,63,0,1,59,0,60,0,34,88,1,123,134,0,134,257
07/12/2005,CPS,IL,AGL,CE,Towers with Radar,0,38,55,0,93,0,0,9,0,9,0,38,64,0,102,0,0,0,102
07/13/2005,CPS,IL,AGL,CE,Towers with Radar,0,36,52,2,90,0,4,92,0,96,0,40,144,2,186,82,0,82,268
07/14/2005,CPS,IL,AGL,CE,Towers with Radar,0,35,55,0,90,0,1,98,0,99,0,36,153,0,189,118,0,118,307
07/15/2005,CPS,IL,AGL,CE,Towers with Radar,0,27,48,1,76,0,0,123,0,123,0,27,171,1,199,242,0,242,441
07/16/2005,CPS,IL,AGL,CE,Towers with Radar,0,5,24,2,31,0,0,68,2,70,0,5,92,4,101,102,0,102,203
07/17/2005,CPS,IL,AGL,CE,Towers with Radar,0,25,24,1,50,0,2,70,0,72,0,27,94,1,122,38,0,38,160
07/18/2005,CPS,IL,AGL,CE,Towers with Radar,0,40,35,0,75,0,0,136,0,136,0,40,171,0,211,394,0,394,605
07/19/2005,CPS,IL,AGL,CE,Towers with Radar,0,35,58,0,93,0,1,140,0,141,0,36,198,0,234,430,0,430,664
07/20/2005,CPS,IL,AGL,CE,Towers with Radar,0,33,47,0,80,0,3,147,0,150,0,36,194,0,230,412,0,412,642
07/21/2005,CPS,IL,AGL,CE,Towers with Radar,0,31,35,0,66,0,9,127,2,138,0,40,162,2,204,236,0,236,440
07/22/2005,CPS,IL,AGL,CE,Towers with Radar,0,21,47,0,68,0,3,124,5,132,0,24,171,5,200,94,0,94,294
07/23/2005,CPS,IL,AGL,CE,Towers with Radar,0,6,31,0,37,0,0,160,0,160,0,6,191,0,197,336,0,336,533
07/24/2005,CPS,IL,AGL,CE,Towers with Radar,0,15,29,0,44,0,0,106,0,106,0,15,135,0,150,416,0,416,566
07/25/2005,CPS,IL,AGL,CE,Towers with Radar,0,32,42,1,75,0,3,203,0,206,0,35,245,1,281,410,0,410,691
07/26/2005,CPS,IL,AGL,CE,Towers with Radar,0,39,35,0,74,0,0,134,0,134,0,39,169,0,208,408,0,408,616
07/27/2005,CPS,IL,AGL,CE,Towers with Radar,0,35,41,1,77,0,1,123,0,124,0,36,164,1,201,316,0,316,517
07/28/2005,CPS,IL,AGL,CE,Towers with Radar,0,35,59,0,94,0,0,178,0,178,0,35,237,0,272,280,0,280,552
07/29/2005,CPS,IL,AGL,CE,Towers with Radar,0,19,68,0,87,0,0,152,0,152,0,19,220,0,239,186,0,186,425
07/30/2005,CPS,IL,AGL,CE,Towers with Radar,0,7,68,0,75,0,0,129,0,129,0,7,197,0,204,158,0,158,362
07/31/2005,CPS,IL,AGL,CE,Towers with Radar,0,17,34,0,51,0,1,94,0,95,0,18,128,0,146,98,0,98,244
08/01/2005,CPS,IL,AGL,CE,Towers with Radar,0,38,49,6,93,0,2,127,0,129,0,40,176,6,222,354,0,354,576
08/02/2005,CPS,IL,AGL,CE,Towers with Radar,0,33,43,2,78,0,1,137,0,138,0,34,180,2,216,208,0,208,424
08/03/2005,CPS,IL,AGL,CE,Towers with Radar,0,30,48,2,80,0,0,123,0,123,0,30,171,2,203,168,0,168,371
08/04/2005,CPS,IL,AGL,CE,Towers with Radar,0,40,35,3,78,0,0,99,0,99,0,40,134,3,177,46,0,46,223
08/05/2005,CPS,IL,AGL,CE,Towers with Radar,0,30,31,2,63,0,1,146,0,147,0,31,177,2,210,152,0,152,362
08/06/2005,CPS,IL,AGL,CE,Towers with Radar,0,1,24,0,25,0,0,70,0,70,0,1,94,0,95,170,0,170,265
08/07/2005,CPS,IL,AGL,CE,Towers with Radar,0,21,32,0,53,0,0,91,0,91,0,21,123,0,144,204,0,204,348
08/08/2005,CPS,IL,AGL,CE,Towers with Radar,0,39,52,0,91,0,3,83,0,86,0,42,135,0,177,162,0,162,339
08/09/2005,CPS,IL,AGL,CE,Towers with Radar,0,36,25,0,61,0,2,131,0,133,0,38,156,0,194,98,0,98,292
08/10/2005,CPS,IL,AGL,CE,Towers with Radar,0,32,51,0,83,0,1,103,0,104,0,33,154,0,187,158,0,158,345
08/11/2005,CPS,IL,AGL,CE,Towers with Radar,0,26,35,0,61,0,4,153,0,157,0,30,188,0,218,230,0,230,448
08/12/2005,CPS,IL,AGL,CE,Towers with Radar,0,29,50,0,79,0,1,106,0,107,0,30,156,0,186,118,0,118,304
08/13/2005,CPS,IL,AGL,CE,Towers with Radar,0,3,16,0,19,0,2,61,0,63,0,5,77,0,82,24,0,24,106
08/14/2005,CPS,IL,AGL,CE,Towers with Radar,0,26,16,0,42,0,1,42,0,43,0,27,58,0,85,4,0,4,89
08/15/2005,CPS,IL,AGL,CE,Towers with Radar,0,40,41,0,81,0,0,41,0,41,0,40,82,0,122,18,0,18,140
08/16/2005,CPS,IL,AGL,CE,Towers with Radar,0,29,45,0,74,0,4,84,0,88,0,33,129,0,162,234,0,234,396
08/17/2005,CPS,IL,AGL,CE,Towers with Radar,0,31,50,0,81,0,1,136,0,137,0,32,186,0,218,412,0,412,630
08/18/2005,CPS,IL,AGL,CE,Towers with Radar,0,36,47,0,83,0,3,132,0,135,0,39,179,0,218,338,0,338,556
08/19/2005,CPS,IL,AGL,CE,Towers with Radar,0,21,46,2,69,0,5,147,0,152,0,26,193,2,221,354,0,354,575
08/20/2005,CPS,IL,AGL,CE,Towers with Radar,0,5,37,0,42,0,0,118,0,118,0,5,155,0,160,364,0,364,524
08/21/2005,CPS,IL,AGL,CE,Towers with Radar,0,22,57,0,79,0,0,112,0,112,0,22,169,0,191,346,0,346,537
08/22/2005,CPS,IL,AGL,CE,Towers with Radar,0,30,31,0,61,0,2,127,0,129,0,32,158,0,190,228,0,228,418
08/23/2005,CPS,IL,AGL,CE,Towers with Radar,0,30,43,4,77,0,3,148,0,151,0,33,191,4,228,268,0,268,496
08/24/2005,CPS,IL,AGL,CE,Towers with Radar,0,29,50,0,79,0,3,149,0,152,0,32,199,0,231,448,0,448,679
08/25/2005,CPS,IL,AGL,CE,Towers with Radar,0,38,32,5,75,0,4,55,0,59,0,42,87,5,134,30,0,30,164
08/26/2005,CPS,IL,AGL,CE,Towers with Radar,0,20,36,0,56,0,0,116,1,117,0,20,152,1,173,334,0,334,507
08/27/2005,CPS,IL,AGL,CE,Towers with Radar,0,6,9,0,15,0,0,168,0,168,0,6,177,0,183,400,0,400,583
08/28/2005,CPS,IL,AGL,CE,Towers with Radar,0,16,30,4,50,0,1,168,0,169,0,17,198,4,219,420,0,420,639
08/29/2005,CPS,IL,AGL,CE,Towers with Radar,0,34,26,2,62,0,1,161,0,162,0,35,187,2,224,410,0,410,634
08/30/2005,CPS,IL,AGL,CE,Towers with Radar,0,43,27,0,70,0,4,130,0,134,0,47,157,0,204,428,0,428,632
08/31/2005,CPS,IL,AGL,CE,Towers with Radar,0,35,51,0,86,0,10,156,0,166,0,45,207,0,252,366,0,366,618
09/01/2005,CPS,IL,AGL,CE,Towers with Radar,0,32,51,0,83,0,6,146,2,154,0,38,197,2,237,214,0,214,451
09/02/2005,CPS,IL,AGL,CE,Towers with Radar,0,16,54,0,70,0,1,143,0,144,0,17,197,0,214,388,0,388,602
09/03/2005,CPS,IL,AGL,CE,Towers with Radar,0,1,23,0,24,0,0,144,0,144,0,1,167,0,168,258,0,258,426
09/04/2005,CPS,IL,AGL,CE,Towers with Radar,0,12,10,0,22,0,1,158,0,159,0,13,168,0,181,300,0,300,481
09/05/2005,CPS,IL,AGL,CE,Towers with Radar,0,20,25,0,45,0,1,98,0,99,0,21,123,0,144,112,0,112,256
09/06/2005,CPS,IL,AGL,CE,Towers with Radar,0,35,56,0,91,0,3,168,0,171,0,38,224,0,262,418,0,418,680
09/07/2005,CPS,IL,AGL,CE,Towers with Radar,0,28,56,0,84,0,3,153,0,156,0,31,209,0,240,402,0,402,642
09/08/2005,CPS,IL,AGL,CE,Towers with Radar,0,39,53,0,92,0,2,176,0,178,0,41,229,0,270,352,0,352,622
09/09/2005,CPS,IL,AGL,CE,Towers with Radar,0,23,38,7,68,0,1,192,1,194,0,24,230,8,262,416,0,416,678
09/10/2005,CPS,IL,AGL,CE,Towers with Radar,0,1,21,3,25,0,0,157,1,158,0,1,178,4,183,371,0,371,554
09/11/2005,CPS,IL,AGL,CE,Towers with Radar,0,23,38,1,62,0,0,86,0,86,0,23,124,1,148,102,0,102,250
09/12/2005,CPS,IL,AGL,CE,Towers with Radar,0,36,36,1,73,0,4,173,0,177,0,40,209,1,250,310,0,310,560
09/13/2005,CPS,IL,AGL,CE,Towers with Radar,0,33,33,0,66,0,0,133,0,133,0,33,166,0,199,372,0,372,571
09/14/2005,CPS,IL,AGL,CE,Towers with Radar,0,36,53,0,89,0,0,134,0,134,0,36,187,0,223,374,0,374,597
09/15/2005,CPS,IL,AGL,CE,Towers with Radar,0,32,58,2,92,0,4,53,0,57,0,36,111,2,149,44,0,44,193
09/16/2005,CPS,IL,AGL,CE,Towers with Radar,0,24,72,0,96,0,1,105,0,106,0,25,177,0,202,210,0,210,412
09/17/2005,CPS,IL,AGL,CE,Towers with Radar,0,4,26,4,34,0,0,197,0,197,0,4,223,4,231,192,0,192,423
09/18/2005,CPS,IL,AGL,CE,Towers with Radar,0,14,28,0,42,0,1,119,0,120,0,15,147,0,162,372,0,372,534
09/19/2005,CPS,IL,AGL,CE,Towers with Radar,0,30,28,0,58,0,4,185,0,189,0,34,213,0,247,454,0,454,701
09/20/2005,CPS,IL,AGL,CE,Towers with Radar,0,36,47,2,85,0,1,146,0,147,0,37,193,2,232,440,0,440,672
09/21/2005,CPS,IL,AGL,CE,Towers with Radar,0,27,42,4,73,0,0,190,0,190,0,27,232,4,263,436,0,436,699
09/22/2005,CPS,IL,AGL,CE,Towers with Radar,0,32,42,0,74,0,3,142,0,145,0,35,184,0,219,364,0,364,583
09/23/2005,CPS,IL,AGL,CE,Towers with Radar,0,19,62,2,83,0,0,76,0,76,0,19,138,2,159,148,0,148,307
09/24/2005,CPS,IL,AGL,CE,Towers with Radar,0,0,33,0,33,0,0,146,0,146,0,0,179,0,179,454,0,454,633
09/25/2005,CPS,IL,AGL,CE,Towers with Radar,0,21,33,0,54,0,1,9,1,11,0,22,42,1,65,0,0,0,65
09/26/2005,CPS,IL,AGL,CE,Towers with Radar,0,36,36,2,74,0,3,124,0,127,0,39,160,2,201,490,0,490,691
09/27/2005,CPS,IL,AGL,CE,Towers with Radar,0,27,39,0,66,0,3,165,0,168,0,30,204,0,234,464,0,464,698
09/28/2005,CPS,IL,AGL,CE,Towers with Radar,0,31,35,0,66,0,0,126,0,126,0,31,161,0,192,116,0,116,308
09/29/2005,CPS,IL,AGL,CE,Towers with Radar,0,42,33,0,75,0,0,207,0,207,0,42,240,0,282,380,0,380,662
09/30/2005,CPS,IL,AGL,CE,Towers with Radar,0,21,48,0,69,0,5,172,0,177,0,26,220,0,246,302,0,302,548
10/01/2005,CPS,IL,AGL,CE,Towers with Radar,0,1,33,0,34,0,0,235,0,235,0,1,268,0,269,406,0,406,675
10/02/2005,CPS,IL,AGL,CE,Towers with Radar,0,19,33,0,52,0,0,83,0,83,0,19,116,0,135,166,0,166,301
10/03/2005,CPS,IL,AGL,CE,Towers with Radar,0,31,32,0,63,0,3,142,0,145,0,34,174,0,208,436,0,436,644
10/04/2005,CPS,IL,AGL,CE,Towers with Radar,0,35,44,0,79,0,2,131,0,133,0,37,175,0,212,238,0,238,450
10/05/2005,CPS,IL,AGL,CE,Towers with Radar,0,36,34,0,70,0,4,152,0,156,0,40,186,0,226,412,0,412,638
10/06/2005,CPS,IL,AGL,CE,Towers with Radar,0,41,66,0,107,0,0,146,0,146,0,41,212,0,253,322,0,322,575
10/07/2005,CPS,IL,AGL,CE,Towers with Radar,0,18,39,2,59,0,8,157,0,165,0,26,196,2,224,174,0,174,398
10/08/2005,CPS,IL,AGL,CE,Towers with Radar,0,3,30,2,35,0,1,184,1,186,0,4,214,3,221,418,0,418,639
10/09/2005,CPS,IL,AGL,CE,Towers with Radar,0,18,45,0,63,0,0,105,0,105,0,18,150,0,168,270,0,270,438
10/10/2005,CPS,IL,AGL,CE,Towers with Radar,0,27,40,0,67,0,2,127,0,129,0,29,167,0,196,272,0,272,468
10/11/2005,CPS,IL,AGL,CE,Towers with Radar,0,21,52,0,73,0,0,93,0,93,0,21,145,0,166,254,0,254,420
10/12/2005,CPS,IL,AGL,CE,Towers with Radar,0,40,70,0,110,0,2,176,0,178,0,42,246,0,288,420,0,420,708
10/13/2005,CPS,IL,AGL,CE,Towers with Radar,0,38,102,0,140,0,1,188,0,189,0,39,290,0,329,442,0,442,771
10/14/2005,CPS,IL,AGL,CE,Towers with Radar,0,19,65,0,84,0,0,121,2,123,0,19,186,2,207,180,0,180,387
10/15/2005,CPS,IL,AGL,CE,Towers with Radar,0,0,34,0,34,0,0,138,0,138,0,0,172,0,172,374,0,374,546
10/16/2005,CPS,IL,AGL,CE,Towers with Radar,0,17,34,1,52,0,0,88,1,89,0,17,122,2,141,90,0,90,231
10/17/2005,CPS,IL,AGL,CE,Towers with Radar,0,32,38,0,70,0,0,159,0,159,0,32,197,0,229,220,0,220,449
10/18/2005,CPS,IL,AGL,CE,Towers with Radar,0,31,35,0,66,0,7,139,0,146,0,38,174,0,212,238,0,238,450
10/19/2005,CPS,IL,AGL,CE,Towers with Radar,0,44,106,2,152,0,9,156,0,165,0,53,262,2,317,164,0,164,481
10/20/2005,CPS,IL,AGL,CE,Towers with Radar,0,31,43,1,75,0,2,87,1,90,0,33,130,2,165,214,0,214,379
10/21/2005,CPS,IL,AGL,CE,Towers with Radar,0,17,71,2,90,0,0,48,0,48,0,17,119,2,138,82,0,82,220
10/22/2005,CPS,IL,AGL,CE,Towers with Radar,0,5,26,0,31,0,5,119,2,126,0,10,145,2,157,294,0,294,451
10/23/2005,CPS,IL,AGL,CE,Towers with Radar,0,22,34,2,58,0,1,85,0,86,0,23,119,2,144,48,0,48,192
10/24/2005,CPS,IL,AGL,CE,Towers with Radar,0,32,26,3,61,0,4,89,2,95,0,36,115,5,156,72,0,72,228
10/25/2005,CPS,IL,AGL,CE,Towers with Radar,0,28,45,0,73,0,4,117,0,121,0,32,162,0,194,192,0,192,386
10/26/2005,CPS,IL,AGL,CE,Towers with Radar,0,26,41,1,68,0,3,120,1,124,0,29,161,2,192,288,0,288,480
10/27/2005,CPS,IL,AGL,CE,Towers with Radar,0,25,38,0,63,0,0,135,0,135,0,25,173,0,198,462,0,462,660
10/28/2005,CPS,IL,AGL,CE,Towers with Radar,0,17,45,0,62,0,4,180,1,185,0,21,225,1,247,378,0,378,625
10/29/2005,CPS,IL,AGL,CE,Towers with Radar,0,2,31,0,33,0,1,171,0,172,0,3,202,0,205,352,0,352,557
10/30/2005,CPS,IL,AGL,CE,Towers with Radar,0,17,40,3,60,0,0,112,0,112,0,17,152,3,172,108,0,108,280
10/31/2005,CPS,IL,AGL,CE,Towers with Radar,0,31,43,0,74,0,0,10,0,10,0,31,53,0,84,22,0,22,106
11/01/2005,CPS,IL,AGL,CE,Towers with Radar,0,27,44,1,72,0,9,136,3,148,0,36,180,4,220,340,0,340,560
11/02/2005,CPS,IL,AGL,CE,Towers with Radar,0,31,53,0,84,0,3,147,0,150,0,34,200,0,234,366,0,366,600
11/03/2005,CPS,IL,AGL,CE,Towers with Radar,0,33,48,0,81,0,2,118,3,123,0,35,166,3,204,286,0,286,490
11/04/2005,CPS,IL,AGL,CE,Towers with Radar,0,19,36,0,55,0,1,184,0,185,0,20,220,0,240,340,0,340,580
11/05/2005,CPS,IL,AGL,CE,Towers with Radar,0,2,21,0,23,0,0,112,2,114,0,2,133,2,137,290,0,290,427
11/06/2005,CPS,IL,AGL,CE,Towers with Radar,0,19,26,0,45,0,0,98,0,98,0,19,124,0,143,80,0,80,223
11/07/2005,CPS,IL,AGL,CE,Towers with Radar,0,36,30,0,66,0,7,160,0,167,0,43,190,0,233,297,0,297,530
11/08/2005,CPS,IL,AGL,CE,Towers with Radar,0,42,49,0,91,0,17,195,0,212,0,59,244,0,303,418,0,418,721
11/09/2005,CPS,IL,AGL,CE,Towers with Radar,0,33,46,0,79,0,12,157,0,169,0,45,203,0,248,398,0,398,646
11/10/2005,CPS,IL,AGL,CE,Towers with Radar,0,26,51,2,79,0,2,167,0,169,0,28,218,2,248,364,0,364,612
11/11/2005,CPS,IL,AGL,CE,Towers with Radar,0,2,39,0,41,0,0,160,0,160,0,2,199,0,201,384,0,384,585
11/12/2005,CPS,IL,AGL,CE,Towers with Radar,0,1,16,0,17,0,0,63,0,63,0,1,79,0,80,28,0,28,108
11/13/2005,CPS,IL,AGL,CE,Towers with Radar,0,18,15,0,33,0,1,61,0,62,0,19,76,0,95,38,0,38,133
11/14/2005,CPS,IL,AGL,CE,Towers with Radar,0,28,38,0,66,0,3,74,0,77,0,31,112,0,143,176,0,176,319
11/15/2005,CPS,IL,AGL,CE,Towers with Radar,0,28,25,1,54,0,0,20,2,22,0,28,45,3,76,14,0,14,90
11/16/2005,CPS,IL,AGL,CE,Towers with Radar,0,31,44,0,75,0,1,132,0,133,0,32,176,0,208,236,0,236,444
11/17/2005,CPS,IL,AGL,CE,Towers with Radar,0,32,55,2,89,0,1,161,0,162,0,33,216,2,251,318,0,318,569
11/18/2005,CPS,IL,AGL,CE,Towers with Radar,0,27,47,0,74,0,5,148,0,153,0,32,195,0,227,256,0,256,483
11/19/2005,CPS,IL,AGL,CE,Towers with Radar,0,4,30,0,34,0,0,118,0,118,0,4,148,0,152,278,0,278,430
11/20/2005,CPS,IL,AGL,CE,Towers with Radar,0,13,26,2,41,0,0,55,1,56,0,13,81,3,97,96,4,100,197
11/21/2005,CPS,IL,AGL,CE,Towers with Radar,0,29,55,0,84,0,2,167,0,169,0,31,222,0,253,468,0,468,721
11/22/2005,CPS,IL,AGL,CE,Towers with Radar,0,37,44,0,81,0,3,154,0,157,0,40,198,0,238,539,0,539,777
11/23/2005,CPS,IL,AGL,CE,Towers with Radar,0,31,32,0,63,0,4,156,0,160,0,35,188,0,223,418,0,418,641
11/24/2005,CPS,IL,AGL,CE,Towers with Radar,0,2,0,0,2,0,0,29,0,29,0,2,29,0,31,0,0,0,31
11/25/2005,CPS,IL,AGL,CE,Towers with Radar,0,18,14,0,32,0,6,94,0,100,0,24,108,0,132,98,0,98,230
11/26/2005,CPS,IL,AGL,CE,Towers with Radar,0,2,17,0,19,0,0,125,0,125,0,2,142,0,144,292,0,292,436
11/27/2005,CPS,IL,AGL,CE,Towers with Radar,0,15,18,0,33,0,1,15,0,16,0,16,33,0,49,0,0,0,49
11/28/2005,CPS,IL,AGL,CE,Towers with Radar,0,33,18,0,51,0,5,72,0,77,0,38,90,0,128,36,0,36,164
11/29/2005,CPS,IL,AGL,CE,Towers with Radar,0,39,35,0,74,0,0,84,0,84,0,39,119,0,158,87,0,87,245
11/30/2005,CPS,IL,AGL,CE,Towers with Radar,0,34,38,0,72,0,3,179,1,183,0,37,217,1,255,382,0,382,637
12/01/2005,CPS,IL,AGL,CE,Towers with Radar,0,35,25,0,60,0,2,58,0,60,0,37,83,0,120,62,0,62,182
12/02/2005,CPS,IL,AGL,CE,Towers with Radar,0,34,41,0,75,0,1,147,0,148,0,35,188,0,223,404,0,404,627
12/03/2005,CPS,IL,AGL,CE,Towers with Radar,0,2,12,0,14,0,0,62,0,62,0,2,74,0,76,154,0,154,230
12/04/2005,CPS,IL,AGL,CE,Towers with Radar,0,16,27,0,43,0,0,55,0,55,0,16,82,0,98,52,0,52,150
12/05/2005,CPS,IL,AGL,CE,Towers with Radar,0,32,44,0,76,0,1,139,0,140,0,33,183,0,216,280,0,280,496
12/06/2005,CPS,IL,AGL,CE,Towers with Radar,0,29,39,0,68,0,2,112,0,114,0,31,151,0,182,240,0,240,422
12/07/2005,CPS,IL,AGL,CE,Towers with Radar,0,39,39,0,78,0,3,146,0,149,0,42,185,0,227,418,0,418,645
12/08/2005,CPS,IL,AGL,CE,Towers with Radar,0,28,17,1,46,0,0,38,0,38,0,28,55,1,84,6,0,6,90
12/09/2005,CPS,IL,AGL,CE,Towers with Radar,0,24,37,0,61,0,0,66,0,66,0,24,103,0,127,126,0,126,253
12/10/2005,CPS,IL,AGL,CE,Towers with Radar,0,2,22,3,27,0,0,145,4,149,0,2,167,7,176,304,0,304,480
12/11/2005,CPS,IL,AGL,CE,Towers with Radar,0,12,14,0,26,0,0,77,0,77,0,12,91,0,103,144,0,144,247
12/12/2005,CPS,IL,AGL,CE,Towers with Radar,0,28,30,0,58,0,0,86,0,86,0,28,116,0,144,124,0,124,268
12/13/2005,CPS,IL,AGL,CE,Towers with Radar,0,31,24,0,55,0,2,131,0,133,0,33,155,0,188,266,0,266,454
12/14/2005,CPS,IL,AGL,CE,Towers with Radar,0,29,54,0,83,0,1,62,0,63,0,30,116,0,146,8,0,8,154
12/15/2005,CPS,IL,AGL,CE,Towers with Radar,0,29,56,0,85,0,0,97,0,97,0,29,153,0,182,238,0,238,420
12/16/2005,CPS,IL,AGL,CE,Towers with Radar,0,20,27,0,47,0,3,126,3,132,0,23,153,3,179,182,2,184,363
12/17/2005,CPS,IL,AGL,CE,Towers with Radar,0,3,19,0,22,0,2,126,0,128,0,5,145,0,150,254,0,254,404
12/18/2005,CPS,IL,AGL,CE,Towers with Radar,0,11,21,0,32,0,0,60,0,60,0,11,81,0,92,46,0,46,138
12/19/2005,CPS,IL,AGL,CE,Towers with Radar,0,37,31,0,68,0,3,127,0,130,0,40,158,0,198,154,0,154,352
12/20/2005,CPS,IL,AGL,CE,Towers with Radar,0,25,27,0,52,0,0,111,0,111,0,25,138,0,163,242,0,242,405
12/21/2005,CPS,IL,AGL,CE,Towers with Radar,0,37,52,0,89,0,4,132,0,136,0,41,184,0,225,208,0,208,433
12/22/2005,CPS,IL,AGL,CE,Towers with Radar,0,28,29,0,57,0,1,158,0,159,0,29,187,0,216,362,0,362,578
12/23/2005,CPS,IL,AGL,CE,Towers with Radar,0,18,21,0,39,0,1,97,0,98,0,19,118,0,137,88,0,88,225
12/24/2005,CPS,IL,AGL,CE,Towers with Radar,0,3,10,0,13,0,0,4,0,4,0,3,14,0,17,0,0,0,17
12/25/2005,CPS,IL,AGL,CE,Towers with Radar,0,0,1,0,1,0,0,0,0,0,0,0,1,0,1,0,0,0,1
12/26/2005,CPS,IL,AGL,CE,Towers with Radar,0,14,20,0,34,0,0,45,0,45,0,14,65,0,79,4,0,4,83
12/27/2005,CPS,IL,AGL,CE,Towers with Radar,0,27,11,0,38,0,2,92,0,94,0,29,103,0,132,78,0,78,210
12/28/2005,CPS,IL,AGL,CE,Towers with Radar,0,38,31,0,69,0,0,9,0,9,0,38,40,0,78,22,0,22,100
12/29/2005,CPS,IL,AGL,CE,Towers with Radar,0,34,18,0,52,0,0,79,0,79,0,34,97,0,131,24,0,24,155
12/30/2005,CPS,IL,AGL,CE,Towers with Radar,0,28,34,0,62,0,0,67,0,67,0,28,101,0,129,20,0,20,149
12/31/2005,CPS,IL,AGL,CE,Towers with Radar,0,2,8,0,10,0,0,97,0,97,0,2,105,0,107,96,0,96,203
01/01/2006,CPS,IL,AGL,CE,Towers with Radar,0,1,10,0,11,0,0,24,0,24,0,1,34,0,35,2,0,2,37
01/02/2006,CPS,IL,AGL,CE,Towers with Radar,0,15,19,0,34,0,0,44,0,44,0,15,63,0,78,12,0,12,90
01/03/2006,CPS,IL,AGL,CE,Towers with Radar,0,37,35,0,72,0,0,84,0,84,0,37,119,0,156,0,0,0,156
01/04/2006,CPS,IL,AGL,CE,Towers with Radar,0,33,31,0,64,0,0,106,0,106,0,33,137,0,170,12,0,12,182
01/05/2006,CPS,IL,AGL,CE,Towers with Radar,0,29,37,0,66,0,1,90,0,91,0,30,127,0,157,168,0,168,325
01/06/2006,CPS,IL,AGL,CE,Towers with Radar,0,22,40,0,62,0,2,134,0,136,0,24,174,0,198,338,0,338,536
01/07/2006,CPS,IL,AGL,CE,Towers with Radar,0,1,21,0,22,0,0,162,0,162,0,1,183,0,184,366,0,366,550
01/08/2006,CPS,IL,AGL,CE,Towers with Radar,0,10,6,0,16,0,0,184,0,184,0,10,190,0,200,374,0,374,574
01/09/2006,CPS,IL,AGL,CE,Towers with Radar,0,32,34,0,66,0,0,135,0,135,0,32,169,0,201,322,0,322,523
01/10/2006,CPS,IL,AGL,CE,Towers with Radar,0,29,27,0,56,0,0,4,0,4,0,29,31,0,60,0,0,0,60
01/11/2006,CPS,IL,AGL,CE,Towers with Radar,0,31,40,0,71,0,0,140,0,140,0,31,180,0,211,404,0,404,615
01/12/2006,CPS,IL,AGL,CE,Towers with Radar,0,31,32,2,65,0,8,135,1,144,0,39,167,3,209,262,0,262,471
01/13/2006,CPS,IL,AGL,CE,Towers with Radar,0,14,15,3,32,0,1,12,0,13,0,15,27,3,45,2,0,2,47
01/14/2006,CPS,IL,AGL,CE,Towers with Radar,0,4,19,0,23,0,2,187,0,189,0,6,206,0,212,332,0,332,544
01/15/2006,CPS,IL,AGL,CE,Towers with Radar,0,14,28,0,42,0,0,100,0,100,0,14,128,0,142,114,0,114,256
01/16/2006,CPS,IL,AGL,CE,Towers with Radar,0,15,29,0,44,0,0,88,0,88,0,15,117,0,132,152,0,152,284
01/17/2006,CPS,IL,AGL,CE,Towers with Radar,0,26,17,1,44,0,3,74,0,77,0,29,91,1,121,10,0,10,131
01/18/2006,CPS,IL,AGL,CE,Towers with Radar,0,31,42,0,73,0,0,137,0,137,0,31,179,0,210,242,0,242,452
01/19/2006,CPS,IL,AGL,CE,Towers with Radar,0,24,25,4,53,0,5,141,0,146,0,29,166,4,199,290,0,290,489
01/20/2006,CPS,IL,AGL,CE,Towers with Radar,0,20,42,0,62,0,2,148,0,150,0,22,190,0,212,366,0,366,578
01/21/2006,CPS,IL,AGL,CE,Towers with Radar,0,2,20,0,22,0,2,111,0,113,0,4,131,0,135,302,0,302,437
01/22/2006,CPS,IL,AGL,CE,Towers with Radar,0,13,16,0,29,0,0,75,0,75,0,13,91,0,104,116,0,116,220
01/23/2006,CPS,IL,AGL,CE,Towers with Radar,0,35,47,0,82,0,0,66,0,66,0,35,113,0,148,98,0,98,246
01/24/2006,CPS,IL,AGL,CE,Towers with Radar,0,27,26,0,53,0,0,131,0,131,0,27,157,0,184,370,0,370,554
01/25/2006,CPS,IL,AGL,CE,Towers with Radar,0,23,59,0,82,0,7,187,0,194,0,30,246,0,276,508,0,508,784
01/26/2006,CPS,IL,AGL,CE,Towers with Radar,0,35,38,0,73,0,1,180,0,181,0,36,218,0,254,398,0,398,652
01/27/2006,CPS,IL,AGL,CE,Towers with Radar,0,20,57,0,77,0,0,166,0,166,0,20,223,0,243,434,0,434,677
01/28/2006,CPS,IL,AGL,CE,Towers with Radar,0,1,23,0,24,0,0,47,0,47,0,1,70,0,71,50,0,50,121
01/29/2006,CPS,IL,AGL,CE,Towers with Radar,0,10,12,0,22,0,1,55,3,59,0,11,67,3,81,56,0,56,137
01/30/2006,CPS,IL,AGL,CE,Towers with Radar,0,41,35,1,77,0,0,119,0,119,0,41,154,1,196,268,0,268,464
01/31/2006,CPS,IL,AGL,CE,Towers with Radar,0,34,33,0,67,0,0,160,0,160,0,34,193,0,227,361,0,361,588
02/01/2006,CPS,IL,AGL,CE,Towers with Radar,0,31,38,0,69,0,0,182,0,182,0,31,220,0,251,418,0,418,669
02/02/2006,CPS,IL,AGL,CE,Towers with Radar,0,30,48,0,78,0,0,65,0,65,0,30,113,0,143,212,0,212,355
02/03/2006,CPS,IL,AGL,CE,Towers with Radar,0,18,49,0,67,0,2,150,0,152,0,20,199,0,219,430,0,430,649
02/04/2006,CPS,IL,AGL,CE,Towers with Radar,0,0,15,0,15,0,0,92,4,96,0,0,107,4,111,102,0,102,213
02/05/2006,CPS,IL,AGL,CE,Towers with Radar,0,12,23,0,35,0,0,92,0,92,0,12,115,0,127,168,0,168,295
02/06/2006,CPS,IL,AGL,CE,Towers with Radar,0,36,59,1,96,0,2,128,0,130,0,38,187,1,226,332,0,332,558
02/07/2006,CPS,IL,AGL,CE,Towers with Radar,0,26,39,0,65,0,2,135,0,137,0,28,174,0,202,306,0,306,508
02/08/2006,CPS,IL,AGL,CE,Towers with Radar,0,28,35,1,64,0,0,64,0,64,0,28,99,1,128,128,0,128,256
02/09/2006,CPS,IL,AGL,CE,Towers with Radar,0,26,44,0,70,0,0,146,0,146,0,26,190,0,216,288,0,288,504
02/10/2006,CPS,IL,AGL,CE,Towers with Radar,0,13,39,0,52,0,6,149,0,155,0,19,188,0,207,246,0,246,453
02/11/2006,CPS,IL,AGL,CE,Towers with Radar,0,3,14,0,17,0,0,48,0,48,0,3,62,0,65,84,0,84,149
02/12/2006,CPS,IL,AGL,CE,Towers with Radar,0,9,15,0,24,0,1,74,0,75,0,10,89,0,99,10,0,10,109
02/13/2006,CPS,IL,AGL,CE,Towers with Radar,0,27,50,0,77,0,0,88,0,88,0,27,138,0,165,185,0,185,350
02/14/2006,CPS,IL,AGL,CE,Towers with Radar,0,26,27,0,53,0,4,104,0,108,0,30,131,0,161,218,0,218,379
02/15/2006,CPS,IL,AGL,CE,Towers with Radar,0,24,36,0,60,0,0,98,0,98,0,24,134,0,158,350,0,350,508
02/16/2006,CPS,IL,AGL,CE,Towers with Radar,0,26,28,0,54,0,0,86,0,86,0,26,114,0,140,16,0,16,156
02/17/2006,CPS,IL,AGL,CE,Towers with Radar,0,23,56,0,79,0,0,146,0,146,0,23,202,0,225,234,0,234,459
02/18/2006,CPS,IL,AGL,CE,Towers with Radar,0,4,29,0,33,0,1,129,0,130,0,5,158,0,163,294,0,294,457
02/19/2006,CPS,IL,AGL,CE,Towers with Radar,0,14,15,0,29,0,0,125,0,125,0,14,140,0,154,272,0,272,426
02/20/2006,CPS,IL,AGL,CE,Towers with Radar,0,18,41,0,59,0,0,116,0,116,0,18,157,0,175,184,0,184,359
02/21/2006,CPS,IL,AGL,CE,Towers with Radar,0,26,39,0,65,0,2,145,0,147,0,28,184,0,212,303,0,303,515
02/22/2006,CPS,IL,AGL,CE,Towers with Radar,0,32,55,0,87,0,8,150,0,158,0,40,205,0,245,472,0,472,717
02/23/2006,CPS,IL,AGL,CE,Towers with Radar,0,31,46,0,77,0,5,151,0,156,0,36,197,0,233,402,0,402,635
02/24/2006,CPS,IL,AGL,CE,Towers with Radar,0,21,44,1,66,0,6,140,0,146,0,27,184,1,212,404,0,404,616
02/25/2006,CPS,IL,AGL,CE,Towers with Radar,0,4,11,0,15,0,0,81,0,81,0,4,92,0,96,120,0,120,216
02/26/2006,CPS,IL,AGL,CE,Towers with Radar,0,10,33,0,43,0,0,110,0,110,0,10,143,0,153,166,4,170,323
02/27/2006,CPS,IL,AGL,CE,Towers with Radar,0,27,38,0,65,0,5,184,0,189,0,32,222,0,254,224,0,224,478
02/28/2006,CPS,IL,AGL,CE,Towers with Radar,0,28,44,0,72,0,1,179,2,182,0,29,223,2,254,364,0,364,618
03/01/2006,CPS,IL,AGL,CE,Towers with Radar,0,29,43,0,72,0,1,193,0,194,0,30,236,0,266,430,0,430,696
03/02/2006,CPS,IL,AGL,CE,Towers with Radar,0,25,44,0,69,0,0,121,0,121,0,25,165,0,190,186,0,186,376
03/03/2006,CPS,IL,AGL,CE,Towers with Radar,0,19,73,1,93,0,4,149,1,154,0,23,222,2,247,440,0,440,687
03/04/2006,CPS,IL,AGL,CE,Towers with Radar,0,1,34,0,35,0,0,123,0,123,0,1,157,0,158,356,0,356,514
03/05/2006,CPS,IL,AGL,CE,Towers with Radar,0,15,30,1,46,0,0,54,0,54,0,15,84,1,100,0,0,0,100
03/06/2006,CPS,IL,AGL,CE,Towers with Radar,0,32,35,0,67,0,2,103,0,105,0,34,138,0,172,198,0,198,370
03/07/2006,CPS,IL,AGL,CE,Towers with Radar,0,31,31,2,64,0,2,116,0,118,0,33,147,2,182,228,0,228,410
03/08/2006,CPS,IL,AGL,CE,Towers with Radar,0,28,49,0,77,0,0,41,0,41,0,28,90,0,118,53,0,53,171
03/09/2006,CPS,IL,AGL,CE,Towers with Radar,0,28,29,0,57,0,1,63,0,64,0,29,92,0,121,20,0,20,141
03/10/2006,CPS,IL,AGL,CE,Towers with Radar,0,15,32,0,47,0,3,143,0,146,0,18,175,0,193,422,0,422,615
03/11/2006,CPS,IL,AGL,CE,Towers with Radar,0,2,13,1,16,0,0,165,0,165,0,2,178,1,181,65,0,65,246
03/12/2006,CPS,IL,AGL,CE,Towers with Radar,0,15,24,0,39,0,0,45,0,45,0,15,69,0,84,0,0,0,84
03/13/2006,CPS,IL,AGL,CE,Towers with Radar,0,32,12,0,44,0,3,93,0,96,0,35,105,0,140,58,0,58,198
03/14/2006,CPS,IL,AGL,CE,Towers with Radar,0,26,29,1,56,0,3,133,0,136,0,29,162,1,192,242,0,242,434
03/15/2006,CPS,IL,AGL,CE,Towers with Radar,0,28,44,0,72,0,0,162,0,162,0,28,206,0,234,446,0,446,680
03/16/2006,CPS,IL,AGL,CE,Towers with Radar,0,30,32,0,62,0,1,97,0,98,0,31,129,0,160,164,0,164,324
03/17/2006,CPS,IL,AGL,CE,Towers with Radar,0,14,41,0,55,0,2,158,0,160,0,16,199,0,215,336,0,336,551
03/18/2006,CPS,IL,AGL,CE,Towers with Radar,0,2,30,0,32,0,0,96,0,96,0,2,126,0,128,140,2,142,270
03/19/2006,CPS,IL,AGL,CE,Towers with Radar,0,12,18,2,32,0,1,91,0,92,0,13,109,2,124,84,0,84,208
03/20/2006,CPS,IL,AGL,CE,Towers with Radar,0,25,11,0,36,0,1,70,0,71,0,26,81,0,107,76,0,76,183
03/21/2006,CPS,IL,AGL,CE,Towers with Radar,0,27,31,0,58,0,1,60,0,61,0,28,91,0,119,22,0,22,141
03/22/2006,CPS,IL,AGL,CE,Towers with Radar,0,32,58,0,90,0,0,152,0,152,0,32,210,0,242,380,0,380,622
03/23/2006,CPS,IL,AGL,CE,Towers with Radar,0,35,42,0,77,0,4,171,0,175,0,39,213,0,252,370,0,370,622
03/24/2006,CPS,IL,AGL,CE,Towers with Radar,0,21,35,0,56,0,2,106,1,109,0,23,141,1,165,388,0,388,553
03/25/2006,CPS,IL,AGL,CE,Towers with Radar,0,3,36,3,42,0,1,173,0,174,0,4,209,3,216,374,0,374,590
03/26/2006,CPS,IL,AGL,CE,Towers with Radar,0,11,18,0,29,0,1,172,0,173,0,12,190,0,202,422,0,422,624
03/27/2006,CPS,IL,AGL,CE,Towers with Radar,0,30,42,0,72,0,1,85,0,86,0,31,127,0,158,88,0,88,246
03/28/2006,CPS,IL,AGL,CE,Towers with Radar,0,28,61,2,91,0,0,129,0,129,0,28,190,2,220,308,0,308,528
03/29/2006,CPS,IL,AGL,CE,Towers with Radar,0,26,47,0,73,0,2,169,0,171,0,28,216,0,244,470,0,470,714
03/30/2006,CPS,IL,AGL,CE,Towers with Radar,0,27,33,0,60,0,3,130,1,134,0,30,163,1,194,440,0,440,634
03/31/2006,CPS,IL,AGL,CE,Towers with Radar,0,23,23,4,50,0,3,145,0,148,0,26,168,4,198,416,0,416,614
04/01/2006,CPS,IL,AGL,CE,Towers with Radar,0,4,33,0,37,0,0,165,0,165,0,4,198,0,202,404,0,404,606
04/02/2006,CPS,IL,AGL,CE,Towers with Radar,0,15,12,0,27,0,0,76,0,76,0,15,88,0,103,36,0,36,139
04/03/2006,CPS,IL,AGL,CE,Towers with Radar,0,34,34,2,70,0,0,102,0,102,0,34,136,2,172,124,0,124,296
04/04/2006,CPS,IL,AGL,CE,Towers with Radar,0,37,59,0,96,0,4,203,0,207,0,41,262,0,303,312,0,312,615
04/05/2006,CPS,IL,AGL,CE,Towers with Radar,0,34,46,0,80,0,9,171,0,180,0,43,217,0,260,478,0,478,738
04/06/2006,CPS,IL,AGL,CE,Towers with Radar,0,28,31,0,59,0,6,76,0,82,0,34,107,0,141,110,0,110,251
04/07/2006,CPS,IL,AGL,CE,Towers with Radar,0,20,45,0,65,0,3,128,0,131,0,23,173,0,196,398,0,398,594
04/08/2006,CPS,IL,AGL,CE,Towers with Radar,0,6,33,2,41,0,1,86,0,87,0,7,119,2,128,108,0,108,236
04/09/2006,CPS,IL,AGL,CE,Towers with Radar,0,12,32,1,45,0,0,159,0,159,0,12,191,1,204,320,0,320,524
04/10/2006,CPS,IL,AGL,CE,Towers with Radar,0,43,79,1,123,0,4,201,0,205,0,47,280,1,328,284,0,284,612
04/11/2006,CPS,IL,AGL,CE,Towers with Radar,0,32,37,1,70,0,0,130,0,130,0,32,167,1,200,154,0,154,354
04/12/2006,CPS,IL,AGL,CE,Towers with Radar,0,31,62,0,93,0,8,156,0,164,0,39,218,0,257,332,0,332,589
04/13/2006,CPS,IL,AGL,CE,Towers with Radar,0,29,42,1,72,0,2,159,0,161,0,31,201,1,233,264,0,264,497
04/14/2006,CPS,IL,AGL,CE,Towers with Radar,0,18,19,0,37,0,2,157,0,159,0,20,176,0,196,420,0,420,616
04/15/2006,CPS,IL,AGL,CE,Towers with Radar,0,2,29,0,31,0,0,161,0,161,0,2,190,0,192,382,0,382,574
04/16/2006,CPS,IL,AGL,CE,Towers with Radar,0,19,13,0,32,0,0,42,0,42,0,19,55,0,74,2,0,2,76
04/17/2006,CPS,IL,AGL,CE,Towers with Radar,0,34,39,0,73,0,0,77,0,77,0,34,116,0,150,120,0,120,270
04/18/2006,CPS,IL,AGL,CE,Towers with Radar,0,28,55,0,83,0,0,115,0,115,0,28,170,0,198,317,0,317,515
04/19/2006,CPS,IL,AGL,CE,Towers with Radar,0,32,26,0,58,0,0,164,0,164,0,32,190,0,222,418,0,418,640
04/20/2006,CPS,IL,AGL,CE,Towers with Radar,0,28,40,0,68,0,1,160,0,161,0,29,200,0,229,368,0,368,597
04/21/2006,CPS,IL,AGL,CE,Towers with Radar,0,25,45,0,70,0,2,185,0,187,0,27,230,0,257,254,0,254,511
04/22/2006,CPS,IL,AGL,CE,Towers with Radar,0,7,41,2,50,0,0,150,1,151,0,7,191,3,201,384,0,384,585
04/23/2006,CPS,IL,AGL,CE,Towers with Radar,0,24,36,0,60,0,0,112,0,112,0,24,148,0,172,370,0,370,542
04/24/2006,CPS,IL,AGL,CE,Towers with Radar,0,31,37,0,68,0,1,113,0,114,0,32,150,0,182,302,0,302,484
04/25/2006,CPS,IL,AGL,CE,Towers with Radar,0,31,39,0,70,0,0,87,0,87,0,31,126,0,157,154,0,154,311
04/26/2006,CPS,IL,AGL,CE,Towers with Radar,0,37,51,0,88,0,4,194,0,198,0,41,245,0,286,480,0,480,766
04/27/2006,CPS,IL,AGL,CE,Towers with Radar,0,33,33,0,66,0,3,175,0,178,0,36,208,0,244,360,0,360,604
04/28/2006,CPS,IL,AGL,CE,Towers with Radar,0,24,56,0,80,0,1,149,0,150,0,25,205,0,230,478,0,478,708
04/29/2006,CPS,IL,AGL,CE,Towers with Radar,0,2,42,0,44,0,0,146,0,146,0,2,188,0,190,330,0,330,520
04/30/2006,CPS,IL,AGL,CE,Towers with Radar,0,18,25,2,45,0,0,45,0,45,0,18,70,2,90,4,0,4,94
05/01/2006,CPS,IL,AGL,CE,Towers with Radar,0,32,37,2,71,0,1,108,0,109,0,33,145,2,180,214,0,214,394
05/02/2006,CPS,IL,AGL,CE,Towers with Radar,0,30,47,0,77,0,10,147,0,157,0,40,194,0,234,402,0,402,636
05/03/2006,CPS,IL,AGL,CE,Towers with Radar,0,28,31,0,59,0,0,121,0,121,0,28,152,0,180,196,0,196,376
05/04/2006,CPS,IL,AGL,CE,Towers with Radar,0,29,53,0,82,0,0,143,0,143,0,29,196,0,225,336,0,336,561
05/05/2006,CPS,IL,AGL,CE,Towers with Radar,0,21,45,2,68,0,3,136,0,139,0,24,181,2,207,256,0,256,463
05/06/2006,CPS,IL,AGL,CE,Towers with Radar,0,1,27,0,28,0,1,268,0,269,0,2,295,0,297,334,0,334,631
05/07/2006,CPS,IL,AGL,CE,Towers with Radar,0,21,33,2,56,0,2,120,0,122,0,23,153,2,178,278,8,286,464
05/08/2006,CPS,IL,AGL,CE,Towers with Radar,0,37,45,0,82,0,3,112,0,115,0,40,157,0,197,222,0,222,419
05/09/2006,CPS,IL,AGL,CE,Towers with Radar,0,32,31,0,63,0,1,73,0,74,0,33,104,0,137,120,0,120,257
05/10/2006,CPS,IL,AGL,CE,Towers with Radar,0,27,64,0,91,0,0,1,0,1,0,27,65,0,92,2,0,2,94
05/11/2006,CPS,IL,AGL,CE,Towers with Radar,0,41,21,0,62,0,1,111,0,112,0,42,132,0,174,132,0,132,306
05/12/2006,CPS,IL,AGL,CE,Towers with Radar,0,21,36,0,57,0,4,138,1,143,0,25,174,1,200,118,0,118,318
05/13/2006,CPS,IL,AGL,CE,Towers with Radar,0,3,16,2,21,0,0,78,0,78,0,3,94,2,99,112,0,112,211
05/14/2006,CPS,IL,AGL,CE,Towers with Radar,0,19,23,0,42,0,0,65,1,66,0,19,88,1,108,116,0,116,224
05/15/2006,CPS,IL,AGL,CE,Towers with Radar,0,33,39,0,72,0,2,58,1,61,0,35,97,1,133,0,0,0,133
05/16/2006,CPS,IL,AGL,CE,Towers with Radar,0,33,45,0,78,0,0,96,0,96,0,33,141,0,174,126,0,126,300
05/17/2006,CPS,IL,AGL,CE,Towers with Radar,0,34,48,0,82,0,0,159,0,159,0,34,207,0,241,476,0,476,717
05/18/2006,CPS,IL,AGL,CE,Towers with Radar,0,26,65,0,91,0,0,129,0,129,0,26,194,0,220,438,0,438,658
05/19/2006,CPS,IL,AGL,CE,Towers with Radar,0,22,46,1,69,0,0,164,1,165,0,22,210,2,234,420,1,421,655
05/20/2006,CPS,IL,AGL,CE,Towers with Radar,0,1,22,0,23,0,0,176,0,176,0,1,198,0,199,426,0,426,625
05/21/2006,CPS,IL,AGL,CE,Towers with Radar,0,18,32,1,51,0,0,69,1,70,0,18,101,2,121,96,12,108,229
05/22/2006,CPS,IL,AGL,CE,Towers with Radar,0,31,32,1,64,0,1,155,0,156,0,32,187,1,220,364,0,364,584
05/23/2006,CPS,IL,AGL,CE,Towers with Radar,0,36,56,0,92,0,2,128,1,131,0,38,184,1,223,178,0,178,401
05/24/2006,CPS,IL,AGL,CE,Towers with Radar,0,31,29,0,60,0,0,144,0,144,0,31,173,0,204,420,0,420,624
05/25/2006,CPS,IL,AGL,CE,Towers with Radar,0,34,42,0,76,0,0,123,0,123,0,34,165,0,199,312,0,312,511
05/26/2006,CPS,IL,AGL,CE,Towers with Radar,0,26,39,4,69,0,3,143,0,146,0,29,182,4,215,438,0,438,653
05/27/2006,CPS,IL,AGL,CE,Towers with Radar,0,0,29,0,29,0,0,163,3,166,0,0,192,3,195,434,0,434,629
05/28/2006,CPS,IL,AGL,CE,Towers with Radar,0,14,15,0,29,0,0,72,0,72,0,14,87,0,101,20,0,20,121
05/29/2006,CPS,IL,AGL,CE,Towers with Radar,0,17,28,0,45,0,1,69,0,70,0,18,97,0,115,20,0,20,135
05/30/2006,CPS,IL,AGL,CE,Towers with Radar,0,34,30,1,65,0,4,128,0,132,0,38,158,1,197,178,0,178,375
05/31/2006,CPS,IL,AGL,CE,Towers with Radar,0,29,47,0,76,0,4,143,0,147,0,33,190,0,223,436,0,436,659
06/01/2006,CPS,IL,AGL,CE,Towers with Radar,0,37,34,1,72,0,0,48,0,48,0,37,82,1,120,80,0,80,200
06/02/2006,CPS,IL,AGL,CE,Towers with Radar,0,20,57,1,78,0,0,139,0,139,0,20,196,1,217,366,0,366,583
06/03/2006,CPS,IL,AGL,CE,Towers with Radar,0,1,34,1,36,0,0,141,1,142,0,1,175,2,178,340,0,340,518
06/04/2006,CPS,IL,AGL,CE,Towers with Radar,0,18,17,0,35,0,0,148,1,149,0,18,165,1,184,348,0,348,532
06/05/2006,CPS,IL,AGL,CE,Towers with Radar,0,33,35,0,68,0,0,158,2,160,0,33,193,2,228,226,0,226,454
06/06/2006,CPS,IL,AGL,CE,Towers with Radar,0,32,57,0,89,0,0,120,0,120,0,32,177,0,209,256,0,256,465
06/07/2006,CPS,IL,AGL,CE,Towers with Radar,0,33,39,0,72,0,0,139,0,139,0,33,178,0,211,314,0,314,525
06/08/2006,CPS,IL,AGL,CE,Towers with Radar,0,29,40,0,69,0,2,151,0,153,0,31,191,0,222,262,0,262,484
06/09/2006,CPS,IL,AGL,CE,Towers with Radar,0,21,34,8,63,0,0,134,1,135,0,21,168,9,198,202,0,202,400
06/10/2006,CPS,IL,AGL,CE,Towers with Radar,0,2,19,0,21,0,0,133,0,133,0,2,152,0,154,386,0,386,540
06/11/2006,CPS,IL,AGL,CE,Towers with Radar,0,30,31,0,61,0,0,53,0,53,0,30,84,0,114,136,0,136,250
06/12/2006,CPS,IL,AGL,CE,Towers with Radar,0,26,37,0,63,0,0,108,0,108,0,26,145,0,171,202,0,202,373
06/13/2006,CPS,IL,AGL,CE,Towers with Radar,0,31,53,0,84,0,1,153,0,154,0,32,206,0,238,274,0,274,512
06/14/2006,CPS,IL,AGL,CE,Towers with Radar,0,37,32,0,69,0,1,145,1,147,0,38,177,1,216,352,0,352,568
06/15/2006,CPS,IL,AGL,CE,Towers with Radar,0,36,69,1,106,0,2,120,0,122,0,38,189,1,228,394,0,394,622
06/16/2006,CPS,IL,AGL,CE,Towers with Radar,0,19,55,1,75,0,1,138,0,139,0,20,193,1,214,260,0,260,474
06/17/2006,CPS,IL,AGL,CE,Towers with Radar,0,1,20,0,21,0,0,139,0,139,0,1,159,0,160,312,0,312,472
06/18/2006,CPS,IL,AGL,CE,Towers with Radar,0,16,24,0,40,0,2,120,0,122,0,18,144,0,162,344,0,344,506
06/19/2006,CPS,IL,AGL,CE,Towers with Radar,0,35,45,2,82,0,2,166,0,168,0,37,211,2,250,152,0,152,402
06/20/2006,CPS,IL,AGL,CE,Towers with Radar,0,24,31,0,55,0,0,128,0,128,0,24,159,0,183,240,0,240,423
06/21/2006,CPS,IL,AGL,CE,Towers with Radar,0,37,59,0,96,0,5,139,0,144,0,42,198,0,240,344,0,344,584
06/22/2006,CPS,IL,AGL,CE,Towers with Radar,0,43,32,0,75,0,0,170,0,170,0,43,202,0,245,406,0,406,651
06/23/2006,CPS,IL,AGL,CE,Towers with Radar,0,22,49,0,71,0,3,212,1,216,0,25,261,1,287,253,0,253,540
06/24/2006,CPS,IL,AGL,CE,Towers with Radar,0,2,33,0,35,0,0,184,0,184,0,2,217,0,219,376,0,376,595
06/25/2006,CPS,IL,AGL,CE,Towers with Radar,0,19,22,4,45,0,0,132,0,132,0,19,154,4,177,74,0,74,251
06/26/2006,CPS,IL,AGL,CE,Towers with Radar,0,35,57,2,94,0,3,141,0,144,0,38,198,2,238,130,0,130,368
06/27/2006,CPS,IL,AGL,CE,Towers with Radar,0,36,44,0,80,0,1,166,0,167,0,37,210,0,247,374,0,374,621
06/28/2006,CPS,IL,AGL,CE,Towers with Radar,0,26,74,0,100,0,3,96,0,99,0,29,170,0,199,278,0,278,477
06/29/2006,CPS,IL,AGL,CE,Towers with Radar,0,33,44,2,79,0,0,197,0,197,0,33,241,2,276,286,0,286,562
06/30/2006,CPS,IL,AGL,CE,Towers with Radar,0,23,55,0,78,0,0,132,0,132,0,23,187,0,210,186,0,186,396
07/01/2006,CPS,IL,AGL,CE,Towers with Radar,0,1,41,0,42,0,0,263,0,263,0,1,304,0,305,176,0,176,481
07/02/2006,CPS,IL,AGL,CE,Towers with Radar,0,15,16,0,31,0,3,147,0,150,0,18,163,0,181,38,0,38,219
07/03/2006,CPS,IL,AGL,CE,Towers with Radar,0,29,19,0,48,0,4,194,0,198,0,33,213,0,246,66,0,66,312
07/04/2006,CPS,IL,AGL,CE,Towers with Radar,0,10,4,0,14,0,0,279,2,281,0,10,283,2,295,42,0,42,337
07/05/2006,CPS,IL,AGL,CE,Towers with Radar,0,28,45,0,73,0,3,159,0,162,0,31,204,0,235,172,0,172,407
07/06/2006,CPS,IL,AGL,CE,Towers with Radar,0,23,46,0,69,0,9,171,3,183,0,32,217,3,252,272,0,272,524
07/07/2006,CPS,IL,AGL,CE,Towers with Radar,0,14,44,0,58,0,9,178,0,187,0,23,222,0,245,300,0,300,545
07/08/2006,CPS,IL,AGL,CE,Towers with Radar,0,1,31,0,32,0,0,217,0,217,0,1,248,0,249,282,0,282,531
07/09/2006,CPS,IL,AGL,CE,Towers with Radar,0,12,18,2,32,0,1,120,2,123,0,13,138,4,155,94,0,94,249
07/10/2006,CPS,IL,AGL,CE,Towers with Radar,0,34,36,0,70,0,0,177,0,177,0,34,213,0,247,66,0,66,313
07/11/2006,CPS,IL,AGL,CE,Towers with Radar,0,37,43,0,80,0,1,74,0,75,0,38,117,0,155,94,0,94,249
07/12/2006,CPS,IL,AGL,CE,Towers with Radar,0,27,52,0,79,0,5,122,0,127,0,32,174,0,206,104,0,104,310
07/13/2006,CPS,IL,AGL,CE,Towers with Radar,0,32,45,1,78,0,1,175,2,178,0,33,220,3,256,154,0,154,410
07/14/2006,CPS,IL,AGL,CE,Towers with Radar,0,15,37,0,52,0,2,142,0,144,0,17,179,0,196,162,0,162,358
07/15/2006,CPS,IL,AGL,CE,Towers with Radar,0,3,11,0,14,0,0,136,0,136,0,3,147,0,150,40,0,40,190
07/16/2006,CPS,IL,AGL,CE,Towers with Radar,0,21,34,1,56,0,1,150,0,151,0,22,184,1,207,140,0,140,347
07/17/2006,CPS,IL,AGL,CE,Towers with Radar,0,46,39,0,85,0,3,188,0,191,0,49,227,0,276,176,0,176,452
07/18/2006,CPS,IL,AGL,CE,Towers with Radar,0,37,56,0,93,0,1,147,0,148,0,38,203,0,241,250,0,250,491
07/19/2006,CPS,IL,AGL,CE,Towers with Radar,0,28,31,0,59,0,1,173,0,174,0,29,204,0,233,288,0,288,521
07/20/2006,CPS,IL,AGL,CE,Towers with Radar,0,26,41,0,67,0,0,103,0,103,0,26,144,0,170,232,0,232,402
07/21/2006,CPS,IL,AGL,CE,Towers with Radar,0,17,50,0,67,0,0,68,0,68,0,17,118,0,135,0,0,0,135
07/22/2006,CPS,IL,AGL,CE,Towers with Radar,0,1,14,0,15,0,0,219,0,219,0,1,233,0,234,352,0,352,586
07/23/2006,CPS,IL,AGL,CE,Towers with Radar,0,15,31,0,46,0,0,115,0,115,0,15,146,0,161,140,0,140,301
07/24/2006,CPS,IL,AGL,CE,Towers with Radar,0,34,31,0,65,0,1,161,0,162,0,35,192,0,227,170,0,170,397
07/25/2006,CPS,IL,AGL,CE,Towers with Radar,0,30,29,0,59,0,3,170,0,173,0,33,199,0,232,210,0,210,442
07/26/2006,CPS,IL,AGL,CE,Towers with Radar,0,31,37,0,68,0,2,186,0,188,0,33,223,0,256,318,0,318,574
07/27/2006,CPS,IL,AGL,CE,Towers with Radar,0,28,49,0,77,0,0,156,0,156,0,28,205,0,233,326,0,326,559
07/28/2006,CPS,IL,AGL,CE,Towers with Radar,0,22,69,0,91,0,0,134,0,134,0,22,203,0,225,362,0,362,587
07/29/2006,CPS,IL,AGL,CE,Towers with Radar,0,6,47,0,53,0,0,189,0,189,0,6,236,0,242,370,0,370,612
07/30/2006,CPS,IL,AGL,CE,Towers with Radar,0,15,29,2,46,0,0,121,0,121,0,15,150,2,167,10,0,10,177
07/31/2006,CPS,IL,AGL,CE,Towers with Radar,0,37,20,2,59,0,6,148,0,154,0,43,168,2,213,136,0,136,349
08/01/2006,CPS,IL,AGL,CE,Towers with Radar,0,36,41,0,77,0,7,171,0,178,0,43,212,0,255,80,0,80,335
08/02/2006,CPS,IL,AGL,CE,Towers with Radar,0,34,38,0,72,0,3,167,0,170,0,37,205,0,242,330,0,330,572
08/03/2006,CPS,IL,AGL,CE,Towers with Radar,0,35,34,0,69,0,1,154,0,155,0,36,188,0,224,204,0,204,428
08/04/2006,CPS,IL,AGL,CE,Towers with Radar,0,23,40,0,63,0,2,191,0,193,0,25,231,0,256,350,0,350,606
08/05/2006,CPS,IL,AGL,CE,Towers with Radar,0,3,22,0,25,0,0,218,1,219,0,3,240,1,244,392,2,394,638
08/06/2006,CPS,IL,AGL,CE,Towers with Radar,0,17,28,0,45,0,0,136,0,136,0,17,164,0,181,30,0,30,211
08/07/2006,CPS,IL,AGL,CE,Towers with Radar,0,35,29,0,64,0,3,144,0,147,0,38,173,0,211,156,0,156,367
08/08/2006,CPS,IL,AGL,CE,Towers with Radar,0,25,29,2,56,0,0,189,12,201,0,25,218,14,257,200,0,200,457
08/09/2006,CPS,IL,AGL,CE,Towers with Radar,0,30,34,0,64,0,3,110,0,113,0,33,144,0,177,132,0,132,309
08/10/2006,CPS,IL,AGL,CE,Towers with Radar,0,41,31,0,72,0,4,152,0,156,0,45,183,0,228,184,0,184,412
08/11/2006,CPS,IL,AGL,CE,Towers with Radar,0,32,27,1,60,0,0,103,0,103,0,32,130,1,163,70,0,70,233
08/12/2006,CPS,IL,AGL,CE,Towers with Radar,0,6,22,2,30,0,0,204,0,204,0,6,226,2,234,222,0,222,456
08/13/2006,CPS,IL,AGL,CE,Towers with Radar,0,18,21,1,40,0,0,148,0,148,0,18,169,1,188,164,0,164,352
08/14/2006,CPS,IL,AGL,CE,Towers with Radar,0,36,33,0,69,0,0,113,0,113,0,36,146,0,182,130,0,130,312
08/15/2006,CPS,IL,AGL,CE,Towers with Radar,0,34,47,2,83,0,2,189,0,191,0,36,236,2,274,146,0,146,420
08/16/2006,CPS,IL,AGL,CE,Towers with Radar,0,30,46,2,78,0,3,219,1,223,0,33,265,3,301,316,0,316,617
08/17/2006,CPS,IL,AGL,CE,Towers with Radar,0,34,61,0,95,0,2,191,2,195,0,36,252,2,290,310,0,310,600
08/18/2006,CPS,IL,AGL,CE,Towers with Radar,0,20,223,0,243,0,2,0,0,2,0,22,223,0,245,346,0,346,591
08/19/2006,CPS,IL,AGL,CE,Towers with Radar,0,0,29,0,29,0,0,162,0,162,0,0,191,0,191,284,0,284,475
08/20/2006,CPS,IL,AGL,CE,Towers with Radar,0,14,37,0,51,0,0,105,0,105,0,14,142,0,156,60,0,60,216
08/21/2006,CPS,IL,AGL,CE,Towers with Radar,0,37,35,2,74,0,0,156,0,156,0,37,191,2,230,94,0,94,324
08/22/2006,CPS,IL,AGL,CE,Towers with Radar,0,36,41,1,78,0,1,168,1,170,0,37,209,2,248,228,0,228,476
08/23/2006,CPS,IL,AGL,CE,Towers with Radar,0,35,44,0,79,0,2,172,0,174,0,37,216,0,253,256,0,256,509
08/24/2006,CPS,IL,AGL,CE,Towers with Radar,0,40,31,0,71,0,1,127,0,128,0,41,158,0,199,130,0,130,329
08/25/2006,CPS,IL,AGL,CE,Towers with Radar,0,25,59,2,86,0,2,138,3,143,0,27,197,5,229,372,0,372,601
08/26/2006,CPS,IL,AGL,CE,Towers with Radar,0,4,29,0,33,0,0,118,0,118,0,4,147,0,151,106,0,106,257
08/27/2006,CPS,IL,AGL,CE,Towers with Radar,0,18,25,1,44,0,1,129,0,130,0,19,154,1,174,88,0,88,262
08/28/2006,CPS,IL,AGL,CE,Towers with Radar,0,39,40,0,79,0,4,107,0,111,0,43,147,0,190,62,0,62,252
08/29/2006,CPS,IL,AGL,CE,Towers with Radar,0,32,54,4,90,0,2,99,0,101,0,34,153,4,191,0,0,0,191
08/30/2006,CPS,IL,AGL,CE,Towers with Radar,0,32,55,3,90,0,2,117,0,119,0,34,172,3,209,252,0,252,461
08/31/2006,CPS,IL,AGL,CE,Towers with Radar,0,32,73,2,107,0,1,134,0,135,0,33,207,2,242,282,0,282,524
09/01/2006,CPS,IL,AGL,CE,Towers with Radar,0,20,64,0,84,0,2,173,2,177,0,22,237,2,261,392,0,392,653
09/02/2006,CPS,IL,AGL,CE,Towers with Radar,0,2,31,0,33,0,0,222,0,222,0,2,253,0,255,306,0,306,561
09/03/2006,CPS,IL,AGL,CE,Towers with Radar,0,12,18,0,30,0,0,195,0,195,0,12,213,0,225,60,0,60,285
09/04/2006,CPS,IL,AGL,CE,Towers with Radar,0,16,22,0,38,0,1,110,1,112,0,17,132,1,150,0,0,0,150
09/05/2006,CPS,IL,AGL,CE,Towers with Radar,0,32,44,0,76,0,1,87,0,88,0,33,131,0,164,106,0,106,270
09/06/2006,CPS,IL,AGL,CE,Towers with Radar,0,34,28,0,62,0,1,207,0,208,0,35,235,0,270,330,0,330,600
09/07/2006,CPS,IL,AGL,CE,Towers with Radar,0,29,64,0,93,0,4,149,0,153,0,33,213,0,246,232,0,232,478
09/08/2006,CPS,IL,AGL,CE,Towers with Radar,0,23,40,1,64,0,0,210,1,211,0,23,250,2,275,378,0,378,653
09/09/2006,CPS,IL,AGL,CE,Towers with Radar,0,1,36,0,37,0,0,162,1,163,0,1,198,1,200,438,0,438,638
09/10/2006,CPS,IL,AGL,CE,Towers with Radar,0,19,36,0,55,0,1,117,0,118,0,20,153,0,173,178,0,178,351
09/11/2006,CPS,IL,AGL,CE,Towers with Radar,0,34,25,0,59,0,1,186,1,188,0,35,211,1,247,306,0,306,553
09/12/2006,CPS,IL,AGL,CE,Towers with Radar,0,32,48,0,80,0,1,82,0,83,0,33,130,0,163,248,0,248,411
09/13/2006,CPS,IL,AGL,CE,Towers with Radar,0,40,57,0,97,0,3,125,0,128,0,43,182,0,225,218,0,218,443
09/14/2006,CPS,IL,AGL,CE,Towers with Radar,0,32,32,0,64,0,2,147,2,151,0,34,179,2,215,364,0,364,579
09/15/2006,CPS,IL,AGL,CE,Towers with Radar,0,28,36,2,66,0,1,176,0,177,0,29,212,2,243,220,0,220,463
09/16/2006,CPS,IL,AGL,CE,Towers with Radar,0,3,35,0,38,0,0,339,0,339,0,3,374,0,377,364,0,364,741
09/17/2006,CPS,IL,AGL,CE,Towers with Radar,0,20,36,0,56,0,0,37,0,37,0,20,73,0,93,10,0,10,103
09/18/2006,CPS,IL,AGL,CE,Towers with Radar,0,33,40,2,75,0,3,139,1,143,0,36,179,3,218,218,0,218,436
09/19/2006,CPS,IL,AGL,CE,Towers with Radar,0,32,54,0,86,0,1,149,0,150,0,33,203,0,236,344,0,344,580
09/20/2006,CPS,IL,AGL,CE,Towers with Radar,0,29,44,4,77,0,3,148,0,151,0,32,192,4,228,252,0,252,480
09/21/2006,CPS,IL,AGL,CE,Towers with Radar,0,33,51,0,84,0,4,167,1,172,0,37,218,1,256,282,0,282,538
09/22/2006,CPS,IL,AGL,CE,Towers with Radar,0,7,31,3,41,0,2,154,0,156,0,9,185,3,197,346,0,346,543
09/23/2006,CPS,IL,AGL,CE,Towers with Radar,0,3,20,1,24,0,0,154,0,154,0,3,174,1,178,316,0,316,494
09/24/2006,CPS,IL,AGL,CE,Towers with Radar,0,11,35,0,46,0,0,144,0,144,0,11,179,0,190,322,0,322,512
09/25/2006,CPS,IL,AGL,CE,Towers with Radar,0,34,43,0,77,0,0,179,0,179,0,34,222,0,256,366,0,366,622
09/26/2006,CPS,IL,AGL,CE,Towers with Radar,0,32,62,3,97,0,2,162,3,167,0,34,224,6,264,256,2,258,522
09/27/2006,CPS,IL,AGL,CE,Towers with Radar,0,31,35,2,68,0,2,182,0,184,0,33,217,2,252,294,0,294,546
09/28/2006,CPS,IL,AGL,CE,Towers with Radar,0,38,59,0,97,0,0,155,0,155,0,38,214,0,252,344,0,344,596
09/29/2006,CPS,IL,AGL,CE,Towers with Radar,0,16,64,0,80,0,1,145,0,146,0,17,209,0,226,334,0,334,560
09/30/2006,CPS,IL,AGL,CE,Towers with Radar,0,7,23,0,30,0,1,155,0,156,0,8,178,0,186,424,0,424,610
10/01/2006,CPS,IL,AGL,CE,Towers with Radar,0,13,24,0,37,0,0,175,0,175,0,13,199,0,212,318,0,318,530
10/02/2006,CPS,IL,AGL,CE,Towers with Radar,0,32,40,0,72,0,2,145,0,147,0,34,185,0,219,226,0,226,445
10/03/2006,CPS,IL,AGL,CE,Towers with Radar,0,35,39,0,74,0,1,145,0,146,0,36,184,0,220,250,0,250,470
10/04/2006,CPS,IL,AGL,CE,Towers with Radar,0,32,57,0,89,0,2,156,0,158,0,34,213,0,247,228,0,228,475
10/05/2006,CPS,IL,AGL,CE,Towers with Radar,0,28,53,0,81,0,0,131,0,131,0,28,184,0,212,170,0,170,382
10/06/2006,CPS,IL,AGL,CE,Towers with Radar,0,25,49,1,75,0,2,134,0,136,0,27,183,1,211,238,0,238,449
10/07/2006,CPS,IL,AGL,CE,Towers with Radar,0,4,46,0,50,0,3,222,0,225,0,7,268,0,275,362,0,362,637
10/08/2006,CPS,IL,AGL,CE,Towers with Radar,0,10,26,0,36,0,0,138,0,138,0,10,164,0,174,304,0,304,478
10/09/2006,CPS,IL,AGL,CE,Towers with Radar,0,17,42,0,59,0,1,148,0,149,0,18,190,0,208,294,0,294,502
10/10/2006,CPS,IL,AGL,CE,Towers with Radar,0,27,53,0,80,0,1,168,0,169,0,28,221,0,249,286,0,286,535
10/11/2006,CPS,IL,AGL,CE,Towers with Radar,0,28,52,0,80,0,3,83,0,86,0,31,135,0,166,38,0,38,204
10/12/2006,CPS,IL,AGL,CE,Towers with Radar,0,27,47,0,74,0,2,68,0,70,0,29,115,0,144,102,0,102,246
10/13/2006,CPS,IL,AGL,CE,Towers with Radar,0,8,31,0,39,0,1,92,0,93,0,9,123,0,132,172,0,172,304
10/14/2006,CPS,IL,AGL,CE,Towers with Radar,0,5,44,2,51,0,0,153,4,157,0,5,197,6,208,334,0,334,542
10/15/2006,CPS,IL,AGL,CE,Towers with Radar,0,22,59,0,81,0,1,59,1,61,0,23,118,1,142,34,0,34,176
10/16/2006,CPS,IL,AGL,CE,Towers with Radar,0,40,48,0,88,0,0,34,0,34,0,40,82,0,122,2,0,2,124
10/17/2006,CPS,IL,AGL,CE,Towers with Radar,0,40,89,1,130,0,0,92,0,92,0,40,181,1,222,170,0,170,392
10/18/2006,CPS,IL,AGL,CE,Towers with Radar,0,33,37,4,74,0,1,30,0,31,0,34,67,4,105,54,0,54,159
10/19/2006,CPS,IL,AGL,CE,Towers with Radar,0,25,51,0,76,0,0,159,0,159,0,25,210,0,235,408,0,408,643
10/20/2006,CPS,IL,AGL,CE,Towers with Radar,0,21,49,1,71,0,3,185,0,188,0,24,234,1,259,380,0,380,639
10/21/2006,CPS,IL,AGL,CE,Towers with Radar,0,18,21,0,39,0,0,204,0,204,0,18,225,0,243,384,0,384,627
10/22/2006,CPS,IL,AGL,CE,Towers with Radar,0,14,24,4,42,0,0,77,0,77,0,14,101,4,119,44,0,44,163
10/23/2006,CPS,IL,AGL,CE,Towers with Radar,0,34,47,0,81,0,1,91,0,92,0,35,138,0,173,136,0,136,309
10/24/2006,CPS,IL,AGL,CE,Towers with Radar,0,60,124,0,184,0,2,168,0,170,0,62,292,0,354,174,0,174,528
10/25/2006,CPS,IL,AGL,CE,Towers with Radar,0,58,177,0,235,0,2,56,0,58,0,60,233,0,293,162,0,162,455
10/26/2006,CPS,IL,AGL,CE,Towers with Radar,0,48,116,0,164,0,1,93,0,94,0,49,209,0,258,250,0,250,508
10/27/2006,CPS,IL,AGL,CE,Towers with Radar,0,35,97,1,133,0,0,107,0,107,0,35,204,1,240,246,0,246,486
10/28/2006,CPS,IL,AGL,CE,Towers with Radar,0,3,29,2,34,0,1,165,0,166,0,4,194,2,200,396,0,396,596
10/29/2006,CPS,IL,AGL,CE,Towers with Radar,0,25,35,2,62,0,1,129,0,130,0,26,164,2,192,228,0,228,420
10/30/2006,CPS,IL,AGL,CE,Towers with Radar,0,32,39,0,71,0,0,95,2,97,0,32,134,2,168,72,0,72,240
10/31/2006,CPS,IL,AGL,CE,Towers with Radar,0,32,41,0,73,0,2,116,0,118,0,34,157,0,191,164,0,164,355
11/01/2006,CPS,IL,AGL,CE,Towers with Radar,0,29,63,0,92,0,5,144,0,149,0,34,207,0,241,320,0,320,561
11/02/2006,CPS,IL,AGL,CE,Towers with Radar,0,32,69,0,101,0,5,137,2,144,0,37,206,2,245,206,0,206,451
11/03/2006,CPS,IL,AGL,CE,Towers with Radar,0,26,53,0,79,0,3,170,0,173,0,29,223,0,252,362,0,362,614
11/04/2006,CPS,IL,AGL,CE,Towers with Radar,0,1,31,0,32,0,0,149,0,149,0,1,180,0,181,414,0,414,595
11/05/2006,CPS,IL,AGL,CE,Towers with Radar,0,13,75,0,88,0,2,75,0,77,0,15,150,0,165,112,0,112,277
11/06/2006,CPS,IL,AGL,CE,Towers with Radar,0,31,45,0,76,0,0,136,0,136,0,31,181,0,212,286,0,286,498
11/07/2006,CPS,IL,AGL,CE,Towers with Radar,0,34,61,0,95,0,0,53,0,53,0,34,114,0,148,34,0,34,182
11/08/2006,CPS,IL,AGL,CE,Towers with Radar,0,33,52,0,85,0,3,173,0,176,0,36,225,0,261,394,0,394,655
11/09/2006,CPS,IL,AGL,CE,Towers with Radar,0,31,66,0,97,0,1,195,0,196,0,32,261,0,293,418,0,418,711
11/10/2006,CPS,IL,AGL,CE,Towers with Radar,0,18,26,0,44,0,0,154,0,154,0,18,180,0,198,328,0,328,526
11/11/2006,CPS,IL,AGL,CE,Towers with Radar,0,1,22,0,23,0,0,162,0,162,0,1,184,0,185,344,0,344,529
11/12/2006,CPS,IL,AGL,CE,Towers with Radar,0,12,24,0,36,0,0,99,0,99,0,12,123,0,135,78,0,78,213
11/13/2006,CPS,IL,AGL,CE,Towers with Radar,0,32,39,3,74,0,2,111,1,114,0,34,150,4,188,310,0,310,498
11/14/2006,CPS,IL,AGL,CE,Towers with Radar,0,32,44,0,76,0,0,162,0,162,0,32,206,0,238,378,0,378,616
11/15/2006,CPS,IL,AGL,CE,Towers with Radar,0,28,38,2,68,0,0,3,0,3,0,28,41,2,71,0,0,0,71
11/16/2006,CPS,IL,AGL,CE,Towers with Radar,0,26,36,0,62,0,6,145,0,151,0,32,181,0,213,362,0,362,575
11/17/2006,CPS,IL,AGL,CE,Towers with Radar,0,18,62,0,80,0,4,169,0,173,0,22,231,0,253,354,0,354,607
11/18/2006,CPS,IL,AGL,CE,Towers with Radar,0,1,41,0,42,0,0,139,0,139,0,1,180,0,181,400,0,400,581
11/19/2006,CPS,IL,AGL,CE,Towers with Radar,0,15,29,0,44,0,0,165,0,165,0,15,194,0,209,374,0,374,583
11/20/2006,CPS,IL,AGL,CE,Towers with Radar,0,37,45,0,82,0,6,171,0,177,0,43,216,0,259,388,0,388,647
11/21/2006,CPS,IL,AGL,CE,Towers with Radar,0,35,55,0,90,0,4,137,0,141,0,39,192,0,231,382,0,382,613
11/22/2006,CPS,IL,AGL,CE,Towers with Radar,0,28,28,0,56,0,7,101,0,108,0,35,129,0,164,144,0,144,308
11/23/2006,CPS,IL,AGL,CE,Towers with Radar,0,4,3,0,7,0,0,46,0,46,0,4,49,0,53,42,0,42,95
11/24/2006,CPS,IL,AGL,CE,Towers with Radar,0,11,8,0,19,0,9,144,0,153,0,20,152,0,172,284,0,284,456
11/25/2006,CPS,IL,AGL,CE,Towers with Radar,0,1,24,0,25,0,0,95,0,95,0,1,119,0,120,110,0,110,230
11/26/2006,CPS,IL,AGL,CE,Towers with Radar,0,12,40,0,52,0,0,75,0,75,0,12,115,0,127,38,0,38,165
11/27/2006,CPS,IL,AGL,CE,Towers with Radar,0,36,26,0,62,0,2,124,0,126,0,38,150,0,188,206,0,206,394
11/28/2006,CPS,IL,AGL,CE,Towers with Radar,0,36,53,0,89,0,2,119,0,121,0,38,172,0,210,162,0,162,372
11/29/2006,CPS,IL,AGL,CE,Towers with Radar,0,37,43,0,80,0,0,116,0,116,0,37,159,0,196,248,2,250,446
11/30/2006,CPS,IL,AGL,CE,Towers with Radar,0,22,11,0,33,0,0,0,0,0,0,22,11,0,33,0,0,0,33
12/01/2006,CPS,IL,AGL,CE,Towers with Radar,0,17,34,0,51,0,2,51,0,53,0,19,85,0,104,80,0,80,184
12/02/2006,CPS,IL,AGL,CE,Towers with Radar,0,2,27,0,29,0,0,121,0,121,0,2,148,0,150,186,0,186,336
12/03/2006,CPS,IL,AGL,CE,Towers with Radar,0,14,36,0,50,0,6,86,0,92,0,20,122,0,142,86,0,86,228
12/04/2006,CPS,IL,AGL,CE,Towers with Radar,0,31,47,0,78,0,1,118,0,119,0,32,165,0,197,296,0,296,493
12/05/2006,CPS,IL,AGL,CE,Towers with Radar,0,41,59,0,100,0,5,182,0,187,0,46,241,0,287,282,0,282,569
12/06/2006,CPS,IL,AGL,CE,Towers with Radar,0,32,59,0,91,0,4,142,0,146,0,36,201,0,237,314,0,314,551
12/07/2006,CPS,IL,AGL,CE,Towers with Radar,0,35,58,0,93,0,2,130,0,132,0,37,188,0,225,278,0,278,503
12/08/2006,CPS,IL,AGL,CE,Towers with Radar,0,25,36,0,61,0,1,154,1,156,0,26,190,1,217,320,0,320,537
12/09/2006,CPS,IL,AGL,CE,Towers with Radar,0,1,23,1,25,0,0,97,1,98,0,1,120,2,123,166,0,166,289
12/10/2006,CPS,IL,AGL,CE,Towers with Radar,0,14,20,0,34,0,0,130,0,130,0,14,150,0,164,178,0,178,342
12/11/2006,CPS,IL,AGL,CE,Towers with Radar,0,45,68,1,114,0,5,95,0,100,0,50,163,1,214,76,0,76,290
12/12/2006,CPS,IL,AGL,CE,Towers with Radar,0,29,72,1,102,0,2,94,0,96,0,31,166,1,198,424,0,424,622
12/13/2006,CPS,IL,AGL,CE,Towers with Radar,0,25,48,0,73,0,1,172,0,173,0,26,220,0,246,486,0,486,732
12/14/2006,CPS,IL,AGL,CE,Towers with Radar,0,29,56,1,86,0,2,140,3,145,0,31,196,4,231,312,0,312,543
12/15/2006,CPS,IL,AGL,CE,Towers with Radar,0,19,42,0,61,0,1,123,0,124,0,20,165,0,185,372,0,372,557
12/16/2006,CPS,IL,AGL,CE,Towers with Radar,0,4,36,0,40,0,0,131,0,131,0,4,167,0,171,290,0,290,461
12/17/2006,CPS,IL,AGL,CE,Towers with Radar,0,18,27,0,45,0,2,74,0,76,0,20,101,0,121,120,0,120,241
12/18/2006,CPS,IL,AGL,CE,Towers with Radar,0,36,43,0,79,0,2,86,0,88,0,38,129,0,167,62,0,62,229
12/19/2006,CPS,IL,AGL,CE,Towers with Radar,0,26,52,0,78,0,4,114,0,118,0,30,166,0,196,184,0,184,380
12/20/2006,CPS,IL,AGL,CE,Towers with Radar,0,32,50,0,82,0,5,64,0,69,0,37,114,0,151,56,0,56,207
12/21/2006,CPS,IL,AGL,CE,Towers with Radar,0,33,50,0,83,0,0,30,0,30,0,33,80,0,113,14,0,14,127
12/22/2006,CPS,IL,AGL,CE,Towers with Radar,0,21,34,0,55,0,2,101,0,103,0,23,135,0,158,136,0,136,294
12/23/2006,CPS,IL,AGL,CE,Towers with Radar,0,5,36,0,41,0,6,57,0,63,0,11,93,0,104,36,0,36,140
12/24/2006,CPS,IL,AGL,CE,Towers with Radar,0,17,16,0,33,0,0,56,0,56,0,17,72,0,89,30,0,30,119
12/25/2006,CPS,IL,AGL,CE,Towers with Radar,0,12,4,0,16,0,1,8,0,9,0,13,12,0,25,0,0,0,25
12/26/2006,CPS,IL,AGL,CE,Towers with Radar,0,26,25,0,51,0,5,58,0,63,0,31,83,0,114,46,0,46,160
12/27/2006,CPS,IL,AGL,CE,Towers with Radar,0,26,26,1,53,0,3,115,0,118,0,29,141,1,171,138,0,138,309
12/28/2006,CPS,IL,AGL,CE,Towers with Radar,0,28,14,0,42,0,1,124,0,125,0,29,138,0,167,110,0,110,277
12/29/2006,CPS,IL,AGL,CE,Towers with Radar,0,19,16,0,35,0,0,121,0,121,0,19,137,0,156,222,0,222,378
12/30/2006,CPS,IL,AGL,CE,Towers with Radar,0,1,13,0,14,0,0,34,0,34,0,1,47,0,48,30,0,30,78
12/31/2006,CPS,IL,AGL,CE,Towers with Radar,0,10,4,0,14,0,0,35,0,35,0,10,39,0,49,12,0,12,61
01/01/2007,CPS,IL,AGL,CE,Towers with Radar,0,13,7,0,20,0,0,26,0,26,0,13,33,0,46,0,0,0,46
01/02/2007,CPS,IL,AGL,CE,Towers with Radar,0,24,22,0,46,0,0,126,0,126,0,24,148,0,172,135,0,135,307
01/03/2007,CPS,IL,AGL,CE,Towers with Radar,0,25,25,0,50,0,6,111,0,117,0,31,136,0,167,158,0,158,325
01/04/2007,CPS,IL,AGL,CE,Towers with Radar,0,26,32,0,58,0,0,60,0,60,0,26,92,0,118,14,0,14,132
01/05/2007,CPS,IL,AGL,CE,Towers with Radar,0,24,30,0,54,0,0,69,0,69,0,24,99,0,123,12,0,12,135
01/06/2007,CPS,IL,AGL,CE,Towers with Radar,0,2,17,0,19,0,0,80,2,82,0,2,97,2,101,220,0,220,321
01/07/2007,CPS,IL,AGL,CE,Towers with Radar,0,15,19,0,34,0,0,39,0,39,0,15,58,0,73,4,0,4,77
01/08/2007,CPS,IL,AGL,CE,Towers with Radar,0,28,22,0,50,0,3,101,0,104,0,31,123,0,154,76,0,76,230
01/09/2007,CPS,IL,AGL,CE,Towers with Radar,0,27,18,1,46,0,4,78,3,85,0,31,96,4,131,12,0,12,143
01/10/2007,CPS,IL,AGL,CE,Towers with Radar,0,39,23,0,62,0,3,104,0,107,0,42,127,0,169,100,0,100,269
01/11/2007,CPS,IL,AGL,CE,Towers with Radar,0,40,29,3,72,0,1,67,2,70,0,41,96,5,142,73,2,75,217
01/12/2007,CPS,IL,AGL,CE,Towers with Radar,0,22,26,0,48,0,1,72,0,73,0,23,98,0,121,74,0,74,195
01/13/2007,CPS,IL,AGL,CE,Towers with Radar,0,3,4,0,7,0,0,0,0,0,0,3,4,0,7,0,0,0,7
01/14/2007,CPS,IL,AGL,CE,Towers with Radar,0,13,7,0,20,0,0,0,0,0,0,13,7,0,20,0,0,0,20
01/15/2007,CPS,IL,AGL,CE,Towers with Radar,0,24,14,0,38,0,2,37,0,39,0,26,51,0,77,0,0,0,77
01/16/2007,CPS,IL,AGL,CE,Towers with Radar,0,26,22,3,51,0,3,90,0,93,0,29,112,3,144,72,0,72,216
01/17/2007,CPS,IL,AGL,CE,Towers with Radar,0,29,41,0,70,0,8,105,0,113,0,37,146,0,183,124,0,124,307
01/18/2007,CPS,IL,AGL,CE,Towers with Radar,0,39,35,3,77,0,3,88,0,91,0,42,123,3,168,98,0,98,266
01/19/2007,CPS,IL,AGL,CE,Towers with Radar,0,13,29,0,42,0,1,103,0,104,0,14,132,0,146,256,0,256,402
01/20/2007,CPS,IL,AGL,CE,Towers with Radar,0,4,17,0,21,0,0,72,0,72,0,4,89,0,93,72,0,72,165
01/21/2007,CPS,IL,AGL,CE,Towers with Radar,0,15,5,0,20,0,0,0,0,0,0,15,5,0,20,0,0,0,20
01/22/2007,CPS,IL,AGL,CE,Towers with Radar,0,28,29,0,57,0,4,77,0,81,0,32,106,0,138,44,0,44,182
01/23/2007,CPS,IL,AGL,CE,Towers with Radar,0,22,49,0,71,0,8,157,0,165,0,30,206,0,236,202,0,202,438
01/24/2007,CPS,IL,AGL,CE,Towers with Radar,0,24,45,0,69,0,1,100,0,101,0,25,145,0,170,126,0,126,296
01/25/2007,CPS,IL,AGL,CE,Towers with Radar,0,27,60,3,90,0,1,118,0,119,0,28,178,3,209,212,0,212,421
01/26/2007,CPS,IL,AGL,CE,Towers with Radar,0,9,28,2,39,0,4,105,0,109,0,13,133,2,148,232,0,232,380
01/27/2007,CPS,IL,AGL,CE,Towers with Radar,0,2,24,0,26,0,0,74,0,74,0,2,98,0,100,96,0,96,196
01/28/2007,CPS,IL,AGL,CE,Towers with Radar,0,17,11,0,28,0,0,31,0,31,0,17,42,0,59,0,0,0,59
01/29/2007,CPS,IL,AGL,CE,Towers with Radar,0,27,42,0,69,0,1,83,0,84,0,28,125,0,153,180,0,180,333
01/30/2007,CPS,IL,AGL,CE,Towers with Radar,0,32,34,0,66,0,0,113,0,113,0,32,147,0,179,58,0,58,237
01/31/2007,CPS,IL,AGL,CE,Towers with Radar,0,24,45,0,69,0,0,104,0,104,0,24,149,0,173,158,0,158,331
02/01/2007,CPS,IL,AGL,CE,Towers with Radar,0,21,22,0,43,0,3,65,0,68,0,24,87,0,111,34,0,34,145
02/02/2007,CPS,IL,AGL,CE,Towers with Radar,0,14,56,0,70,0,1,116,0,117,0,15,172,0,187,194,0,194,381
02/03/2007,CPS,IL,AGL,CE,Towers with Radar,0,2,21,0,23,0,1,49,0,50,0,3,70,0,73,30,0,30,103
02/04/2007,CPS,IL,AGL,CE,Towers with Radar,0,15,8,0,23,0,0,24,0,24,0,15,32,0,47,0,0,0,47
02/05/2007,CPS,IL,AGL,CE,Towers with Radar,0,28,29,2,59,0,1,47,1,49,0,29,76,3,108,24,0,24,132
02/06/2007,CPS,IL,AGL,CE,Towers with Radar,0,24,57,1,82,0,4,114,0,118,0,28,171,1,200,222,0,222,422
02/07/2007,CPS,IL,AGL,CE,Towers with Radar,0,25,45,1,71,0,5,121,0,126,0,30,166,1,197,168,0,168,365
02/08/2007,CPS,IL,AGL,CE,Towers with Radar,0,22,51,0,73,0,1,105,0,106,0,23,156,0,179,184,0,184,363
02/09/2007,CPS,IL,AGL,CE,Towers with Radar,0,12,51,0,63,0,1,151,0,152,0,13,202,0,215,414,0,414,629
02/10/2007,CPS,IL,AGL,CE,Towers with Radar,0,1,40,1,42,0,0,136,0,136,0,1,176,1,178,474,0,474,652
02/11/2007,CPS,IL,AGL,CE,Towers with Radar,0,17,18,0,35,0,0,101,0,101,0,17,119,0,136,274,0,274,410
02/12/2007,CPS,IL,AGL,CE,Towers with Radar,0,20,20,0,40,0,2,51,0,53,0,22,71,0,93,22,0,22,115
02/13/2007,CPS,IL,AGL,CE,Towers with Radar,0,14,16,0,30,0,0,2,0,2,0,14,18,0,32,0,0,0,32
02/14/2007,CPS,IL,AGL,CE,Towers with Radar,0,23,22,0,45,0,0,172,0,172,0,23,194,0,217,398,0,398,615
02/15/2007,CPS,IL,AGL,CE,Towers with Radar,0,23,67,0,90,0,0,147,0,147,0,23,214,0,237,362,0,362,599
02/16/2007,CPS,IL,AGL,CE,Towers with Radar,0,21,54,1,76,0,1,140,1,142,0,22,194,2,218,444,0,444,662
02/17/2007,CPS,IL,AGL,CE,Towers with Radar,0,1,8,0,9,0,0,7,0,7,0,1,15,0,16,0,0,0,16
02/18/2007,CPS,IL,AGL,CE,Towers with Radar,0,13,28,0,41,0,0,72,0,72,0,13,100,0,113,114,0,114,227
02/19/2007,CPS,IL,AGL,CE,Towers with Radar,0,21,26,0,47,0,0,105,0,105,0,21,131,0,152,150,0,150,302
02/20/2007,CPS,IL,AGL,CE,Towers with Radar,0,22,66,0,88,0,1,104,0,105,0,23,170,0,193,144,0,144,337
02/21/2007,CPS,IL,AGL,CE,Towers with Radar,0,22,57,0,79,0,0,141,0,141,0,22,198,0,220,294,0,294,514
02/22/2007,CPS,IL,AGL,CE,Towers with Radar,0,26,56,0,82,0,3,74,0,77,0,29,130,0,159,192,0,192,351
02/23/2007,CPS,IL,AGL,CE,Towers with Radar,0,17,28,0,45,0,0,140,0,140,0,17,168,0,185,212,0,212,397
02/24/2007,CPS,IL,AGL,CE,Towers with Radar,0,2,3,2,7,0,0,0,0,0,0,2,3,2,7,0,0,0,7
02/25/2007,CPS,IL,AGL,CE,Towers with Radar,0,13,7,0,20,0,0,28,0,28,0,13,35,0,48,0,0,0,48
02/26/2007,CPS,IL,AGL,CE,Towers with Radar,0,29,36,0,65,0,1,144,0,145,0,30,180,0,210,362,0,362,572
02/27/2007,CPS,IL,AGL,CE,Towers with Radar,0,26,47,2,75,0,1,149,0,150,0,27,196,2,225,468,0,468,693
02/28/2007,CPS,IL,AGL,CE,Towers with Radar,0,35,52,1,88,0,3,123,0,126,0,38,175,1,214,168,0,168,382
03/01/2007,CPS,IL,AGL,CE,Towers with Radar,0,23,31,0,54,0,1,36,0,37,0,24,67,0,91,4,0,4,95
03/02/2007,CPS,IL,AGL,CE,Towers with Radar,0,16,63,0,79,0,0,98,0,98,0,16,161,0,177,34,0,34,211
03/03/2007,CPS,IL,AGL,CE,Towers with Radar,0,2,26,0,28,0,0,34,0,34,0,2,60,0,62,12,0,12,74
03/04/2007,CPS,IL,AGL,CE,Towers with Radar,0,14,44,0,58,0,0,119,0,119,0,14,163,0,177,156,0,156,333
03/05/2007,CPS,IL,AGL,CE,Towers with Radar,0,25,48,0,73,0,0,93,0,93,0,25,141,0,166,244,0,244,410
03/06/2007,CPS,IL,AGL,CE,Towers with Radar,0,20,44,0,64,0,0,143,0,143,0,20,187,0,207,300,0,300,507
03/07/2007,CPS,IL,AGL,CE,Towers with Radar,0,29,56,0,85,0,0,98,0,98,0,29,154,0,183,192,0,192,375
03/08/2007,CPS,IL,AGL,CE,Towers with Radar,0,20,43,0,63,0,0,111,0,111,0,20,154,0,174,236,0,236,410
03/09/2007,CPS,IL,AGL,CE,Towers with Radar,0,15,43,0,58,0,4,66,0,70,0,19,109,0,128,118,0,118,246
03/10/2007,CPS,IL,AGL,CE,Towers with Radar,0,2,27,0,29,0,0,71,0,71,0,2,98,0,100,108,0,108,208
03/11/2007,CPS,IL,AGL,CE,Towers with Radar,0,12,17,0,29,0,0,63,0,63,0,12,80,0,92,22,0,22,114
03/12/2007,CPS,IL,AGL,CE,Towers with Radar,0,24,43,0,67,0,1,69,0,70,0,25,112,0,137,72,0,72,209
03/13/2007,CPS,IL,AGL,CE,Towers with Radar,0,18,37,0,55,0,1,66,0,67,0,19,103,0,122,76,0,76,198
03/14/2007,CPS,IL,AGL,CE,Towers with Radar,0,20,42,0,62,0,1,66,0,67,0,21,108,0,129,74,0,74,203
03/15/2007,CPS,IL,AGL,CE,Towers with Radar,0,21,59,0,80,0,0,66,0,66,0,21,125,0,146,46,0,46,192
03/16/2007,CPS,IL,AGL,CE,Towers with Radar,0,11,38,0,49,0,0,97,2,99,0,11,135,2,148,30,0,30,178
03/17/2007,CPS,IL,AGL,CE,Towers with Radar,0,3,44,0,47,0,0,21,6,27,0,3,65,6,74,34,0,34,108
03/18/2007,CPS,IL,AGL,CE,Towers with Radar,0,14,24,0,38,0,0,54,0,54,0,14,78,0,92,30,0,30,122
03/19/2007,CPS,IL,AGL,CE,Towers with Radar,0,25,27,0,52,0,3,49,0,52,0,28,76,0,104,83,0,83,187
03/20/2007,CPS,IL,AGL,CE,Towers with Radar,0,22,26,0,48,0,0,76,0,76,0,22,102,0,124,74,0,74,198
03/21/2007,CPS,IL,AGL,CE,Towers with Radar,0,25,17,0,42,0,0,103,0,103,0,25,120,0,145,196,0,196,341
03/22/2007,CPS,IL,AGL,CE,Towers with Radar,0,20,27,0,47,0,0,76,0,76,0,20,103,0,123,138,0,138,261
03/23/2007,CPS,IL,AGL,CE,Towers with Radar,0,27,59,4,90,0,0,64,0,64,0,27,123,4,154,106,0,106,260
03/24/2007,CPS,IL,AGL,CE,Towers with Radar,0,6,25,0,31,0,1,111,0,112,0,7,136,0,143,144,0,144,287
03/25/2007,CPS,IL,AGL,CE,Towers with Radar,0,16,43,1,60,0,0,73,1,74,0,16,116,2,134,106,0,106,240
03/26/2007,CPS,IL,AGL,CE,Towers with Radar,0,24,46,0,70,0,3,160,0,163,0,27,206,0,233,414,0,414,647
03/27/2007,CPS,IL,AGL,CE,Towers with Radar,0,19,49,2,70,0,1,108,0,109,0,20,157,2,179,238,0,238,417
03/28/2007,CPS,IL,AGL,CE,Towers with Radar,0,26,55,1,82,0,1,133,0,134,0,27,188,1,216,264,0,264,480
03/29/2007,CPS,IL,AGL,CE,Towers with Radar,0,26,50,2,78,0,1,76,0,77,0,27,126,2,155,260,0,260,415
03/30/2007,CPS,IL,AGL,CE,Towers with Radar,0,13,36,2,51,0,0,175,0,175,0,13,211,2,226,352,0,352,578
03/31/2007,CPS,IL,AGL,CE,Towers with Radar,0,3,13,0,16,0,0,164,0,164,0,3,177,0,180,326,0,326,506
04/01/2007,CPS,IL,AGL,CE,Towers with Radar,0,12,27,0,39,0,0,73,0,73,0,12,100,0,112,50,0,50,162
04/02/2007,CPS,IL,AGL,CE,Towers with Radar,0,31,46,5,82,0,0,179,0,179,0,31,225,5,261,272,0,272,533
04/03/2007,CPS,IL,AGL,CE,Towers with Radar,0,31,30,1,62,0,2,74,0,76,0,33,104,1,138,136,0,136,274
04/04/2007,CPS,IL,AGL,CE,Towers with Radar,0,31,50,2,83,0,1,65,0,66,0,32,115,2,149,48,0,48,197
04/05/2007,CPS,IL,AGL,CE,Towers with Radar,0,22,61,4,87,0,2,80,0,82,0,24,141,4,169,144,0,144,313
04/06/2007,CPS,IL,AGL,CE,Towers with Radar,0,18,30,1,49,0,3,41,0,44,0,21,71,1,93,24,0,24,117
04/07/2007,CPS,IL,AGL,CE,Towers with Radar,0,3,34,0,37,0,0,47,0,47,0,3,81,0,84,16,0,16,100
04/08/2007,CPS,IL,AGL,CE,Towers with Radar,0,14,13,0,27,0,0,49,0,49,0,14,62,0,76,32,0,32,108
04/09/2007,CPS,IL,AGL,CE,Towers with Radar,0,23,36,0,59,0,1,146,0,147,0,24,182,0,206,202,0,202,408
04/10/2007,CPS,IL,AGL,CE,Towers with Radar,0,24,40,3,67,0,0,105,0,105,0,24,145,3,172,238,0,238,410
04/11/2007,CPS,IL,AGL,CE,Towers with Radar,0,23,30,0,53,0,0,59,0,59,0,23,89,0,112,40,0,40,152
04/12/2007,CPS,IL,AGL,CE,Towers with Radar,0,26,42,0,68,0,0,104,0,104,0,26,146,0,172,186,0,186,358
04/13/2007,CPS,IL,AGL,CE,Towers with Radar,0,16,43,0,59,0,0,112,0,112,0,16,155,0,171,252,0,252,423
04/14/2007,CPS,IL,AGL,CE,Towers with Radar,0,5,20,0,25,0,0,8,0,8,0,5,28,0,33,4,0,4,37
04/15/2007,CPS,IL,AGL,CE,Towers with Radar,0,17,31,0,48,0,0,100,0,100,0,17,131,0,148,138,0,138,286
04/16/2007,CPS,IL,AGL,CE,Towers with Radar,0,22,49,5,76,0,1,160,0,161,0,23,209,5,237,184,0,184,421
04/17/2007,CPS,IL,AGL,CE,Towers with Radar,0,24,59,0,83,0,3,128,0,131,0,27,187,0,214,218,0,218,432
04/18/2007,CPS,IL,AGL,CE,Towers with Radar,0,24,40,0,64,0,0,105,0,105,0,24,145,0,169,206,0,206,375
04/19/2007,CPS,IL,AGL,CE,Towers with Radar,0,19,56,1,76,0,3,155,0,158,0,22,211,1,234,216,0,216,450
04/20/2007,CPS,IL,AGL,CE,Towers with Radar,0,13,54,0,67,0,3,120,0,123,0,16,174,0,190,270,0,270,460
04/21/2007,CPS,IL,AGL,CE,Towers with Radar,0,5,41,0,46,0,0,90,0,90,0,5,131,0,136,210,0,210,346
04/22/2007,CPS,IL,AGL,CE,Towers with Radar,0,17,26,0,43,0,0,47,0,47,0,17,73,0,90,30,0,30,120
04/23/2007,CPS,IL,AGL,CE,Towers with Radar,0,26,34,0,60,0,0,79,0,79,0,26,113,0,139,104,0,104,243
04/24/2007,CPS,IL,AGL,CE,Towers with Radar,0,26,38,0,64,0,0,105,0,105,0,26,143,0,169,260,0,260,429
04/25/2007,CPS,IL,AGL,CE,Towers with Radar,0,25,53,0,78,0,0,103,0,103,0,25,156,0,181,172,0,172,353
04/26/2007,CPS,IL,AGL,CE,Towers with Radar,0,26,58,1,85,0,0,76,0,76,0,26,134,1,161,150,0,150,311
04/27/2007,CPS,IL,AGL,CE,Towers with Radar,0,16,57,1,74,0,0,137,3,140,0,16,194,4,214,206,0,206,420
04/28/2007,CPS,IL,AGL,CE,Towers with Radar,0,2,36,0,38,0,0,108,0,108,0,2,144,0,146,182,0,182,328
04/29/2007,CPS,IL,AGL,CE,Towers with Radar,0,16,33,0,49,0,2,89,0,91,0,18,122,0,140,148,0,148,288
04/30/2007,CPS,IL,AGL,CE,Towers with Radar,0,24,51,0,75,0,2,129,0,131,0,26,180,0,206,236,0,236,442
05/01/2007,CPS,IL,AGL,CE,Towers with Radar,0,21,47,0,68,0,0,97,0,97,0,21,144,0,165,154,0,154,319
05/02/2007,CPS,IL,AGL,CE,Towers with Radar,0,26,68,0,94,0,1,44,0,45,0,27,112,0,139,12,0,12,151
05/03/2007,CPS,IL,AGL,CE,Towers with Radar,0,26,44,0,70,0,2,32,0,34,0,28,76,0,104,45,0,45,149
05/04/2007,CPS,IL,AGL,CE,Towers with Radar,0,22,57,2,81,0,0,61,0,61,0,22,118,2,142,28,0,28,170
05/05/2007,CPS,IL,AGL,CE,Towers with Radar,0,7,60,0,67,0,0,72,0,72,0,7,132,0,139,44,0,44,183
05/06/2007,CPS,IL,AGL,CE,Towers with Radar,0,25,41,3,69,0,1,145,0,146,0,26,186,3,215,328,0,328,543
05/07/2007,CPS,IL,AGL,CE,Towers with Radar,0,23,50,0,73,0,1,96,0,97,0,24,146,0,170,352,0,352,522
05/08/2007,CPS,IL,AGL,CE,Towers with Radar,0,23,56,0,79,0,3,112,0,115,0,26,168,0,194,214,0,214,408
05/09/2007,CPS,IL,AGL,CE,Towers with Radar,0,25,60,0,85,0,1,116,0,117,0,26,176,0,202,302,0,302,504
05/10/2007,CPS,IL,AGL,CE,Towers with Radar,0,33,30,0,63,0,0,115,1,116,0,33,145,1,179,290,0,290,469
05/11/2007,CPS,IL,AGL,CE,Towers with Radar,0,10,65,2,77,0,0,58,0,58,0,10,123,2,135,50,3,53,188
05/12/2007,CPS,IL,AGL,CE,Towers with Radar,0,1,25,1,27,0,0,122,0,122,0,1,147,1,149,254,0,254,403
05/13/2007,CPS,IL,AGL,CE,Towers with Radar,0,20,16,2,38,0,0,81,0,81,0,20,97,2,119,68,0,68,187
05/14/2007,CPS,IL,AGL,CE,Towers with Radar,0,26,47,0,73,0,0,104,0,104,0,26,151,0,177,180,0,180,357
05/15/2007,CPS,IL,AGL,CE,Towers with Radar,0,26,24,0,50,0,0,58,1,59,0,26,82,1,109,26,0,26,135
05/16/2007,CPS,IL,AGL,CE,Towers with Radar,0,31,72,0,103,0,0,133,0,133,0,31,205,0,236,198,0,198,434
05/17/2007,CPS,IL,AGL,CE,Towers with Radar,0,24,60,0,84,0,5,101,0,106,0,29,161,0,190,146,0,146,336
05/18/2007,CPS,IL,AGL,CE,Towers with Radar,0,19,27,0,46,0,3,159,0,162,0,22,186,0,208,256,0,256,464
05/19/2007,CPS,IL,AGL,CE,Towers with Radar,0,1,14,1,16,0,0,80,1,81,0,1,94,2,97,82,0,82,179
05/20/2007,CPS,IL,AGL,CE,Towers with Radar,0,20,24,0,44,0,0,85,0,85,0,20,109,0,129,267,0,267,396
05/21/2007,CPS,IL,AGL,CE,Towers with Radar,0,29,42,1,72,0,0,115,0,115,0,29,157,1,187,150,0,150,337
05/22/2007,CPS,IL,AGL,CE,Towers with Radar,0,27,41,2,70,0,0,116,0,116,0,27,157,2,186,92,0,92,278
05/23/2007,CPS,IL,AGL,CE,Towers with Radar,0,25,44,2,71,0,0,90,0,90,0,25,134,2,161,175,0,175,336
05/24/2007,CPS,IL,AGL,CE,Towers with Radar,0,26,37,0,63,0,2,71,0,73,0,28,108,0,136,63,0,63,199
05/25/2007,CPS,IL,AGL,CE,Towers with Radar,0,11,47,0,58,0,2,83,0,85,0,13,130,0,143,276,0,276,419
05/26/2007,CPS,IL,AGL,CE,Towers with Radar,0,4,21,0,25,0,0,94,2,96,0,4,115,2,121,68,0,68,189
05/27/2007,CPS,IL,AGL,CE,Towers with Radar,0,13,15,0,28,0,0,57,0,57,0,13,72,0,85,38,0,38,123
05/28/2007,CPS,IL,AGL,CE,Towers with Radar,0,21,20,0,41,0,0,59,0,59,0,21,79,0,100,0,0,0,100
05/29/2007,CPS,IL,AGL,CE,Towers with Radar,0,30,43,0,73,0,5,109,0,114,0,35,152,0,187,136,0,136,323
05/30/2007,CPS,IL,AGL,CE,Towers with Radar,0,31,33,0,64,0,3,76,0,79,0,34,109,0,143,70,0,70,213
05/31/2007,CPS,IL,AGL,CE,Towers with Radar,0,37,46,0,83,0,4,108,2,114,0,41,154,2,197,144,0,144,341
06/01/2007,CPS,IL,AGL,CE,Towers with Radar,0,18,42,1,61,0,0,83,2,85,0,18,125,3,146,116,0,116,262
06/02/2007,CPS,IL,AGL,CE,Towers with Radar,0,4,23,0,27,0,0,93,1,94,0,4,116,1,121,84,0,84,205
06/03/2007,CPS,IL,AGL,CE,Towers with Radar,0,17,41,1,59,0,0,118,3,121,0,17,159,4,180,44,0,44,224
06/04/2007,CPS,IL,AGL,CE,Towers with Radar,0,39,19,0,58,0,2,105,1,108,0,41,124,1,166,148,0,148,314
06/05/2007,CPS,IL,AGL,CE,Towers with Radar,0,36,41,1,78,0,3,170,0,173,0,39,211,1,251,152,0,152,403
06/06/2007,CPS,IL,AGL,CE,Towers with Radar,0,27,28,1,56,0,3,124,0,127,0,30,152,1,183,202,0,202,385
06/07/2007,CPS,IL,AGL,CE,Towers with Radar,0,32,44,0,76,0,2,65,0,67,0,34,109,0,143,16,0,16,159
06/08/2007,CPS,IL,AGL,CE,Towers with Radar,0,19,69,0,88,0,5,114,0,119,0,24,183,0,207,95,1,96,303
06/09/2007,CPS,IL,AGL,CE,Towers with Radar,0,4,24,0,28,0,2,92,2,96,0,6,116,2,124,64,0,64,188
06/10/2007,CPS,IL,AGL,CE,Towers with Radar,0,18,23,1,42,0,0,83,0,83,0,18,106,1,125,8,0,8,133
06/11/2007,CPS,IL,AGL,CE,Towers with Radar,0,39,42,0,81,0,0,68,0,68,0,39,110,0,149,136,1,137,286
06/12/2007,CPS,IL,AGL,CE,Towers with Radar,0,28,33,0,61,0,0,89,0,89,0,28,122,0,150,154,0,154,304
06/13/2007,CPS,IL,AGL,CE,Towers with Radar,0,29,51,0,80,0,0,143,1,144,0,29,194,1,224,144,0,144,368
06/14/2007,CPS,IL,AGL,CE,Towers with Radar,0,40,49,0,89,0,1,96,1,98,0,41,145,1,187,80,1,81,268
06/15/2007,CPS,IL,AGL,CE,Towers with Radar,0,27,40,6,73,0,0,132,0,132,0,27,172,6,205,134,0,134,339
06/16/2007,CPS,IL,AGL,CE,Towers with Radar,0,1,34,0,35,0,0,97,0,97,0,1,131,0,132,65,0,65,197
06/17/2007,CPS,IL,AGL,CE,Towers with Radar,0,18,20,2,40,0,0,107,0,107,0,18,127,2,147,56,0,56,203
06/18/2007,CPS,IL,AGL,CE,Towers with Radar,0,30,37,0,67,0,1,117,0,118,0,31,154,0,185,62,0,62,247
06/19/2007,CPS,IL,AGL,CE,Towers with Radar,0,14,57,0,71,0,0,142,0,142,0,14,199,0,213,139,0,139,352
06/20/2007,CPS,IL,AGL,CE,Towers with Radar,0,38,41,1,80,0,0,148,0,148,0,38,189,1,228,160,0,160,388
06/21/2007,CPS,IL,AGL,CE,Towers with Radar,0,35,49,2,86,0,0,149,1,150,0,35,198,3,236,68,0,68,304
06/22/2007,CPS,IL,AGL,CE,Towers with Radar,0,15,45,0,60,0,2,147,0,149,0,17,192,0,209,112,0,112,321
06/23/2007,CPS,IL,AGL,CE,Towers with Radar,0,0,24,0,24,0,0,97,1,98,0,0,121,1,122,108,4,112,234
06/24/2007,CPS,IL,AGL,CE,Towers with Radar,0,18,40,0,58,0,1,56,0,57,0,19,96,0,115,0,0,0,115
06/25/2007,CPS,IL,AGL,CE,Towers with Radar,0,29,50,2,81,0,5,69,0,74,0,34,119,2,155,160,0,160,315
06/26/2007,CPS,IL,AGL,CE,Towers with Radar,0,24,34,0,58,0,8,52,0,60,0,32,86,0,118,32,0,32,150
06/27/2007,CPS,IL,AGL,CE,Towers with Radar,0,30,72,1,103,0,3,121,0,124,0,33,193,1,227,117,0,117,344
06/28/2007,CPS,IL,AGL,CE,Towers with Radar,0,36,65,0,101,0,0,97,0,97,0,36,162,0,198,107,0,107,305
06/29/2007,CPS,IL,AGL,CE,Towers with Radar,0,18,55,0,73,0,1,81,0,82,0,19,136,0,155,60,0,60,215
06/30/2007,CPS,IL,AGL,CE,Towers with Radar,0,2,19,0,21,0,1,76,1,78,0,3,95,1,99,38,0,38,137
07/01/2007,CPS,IL,AGL,CE,Towers with Radar,0,19,22,0,41,0,0,106,8,114,0,19,128,8,155,18,0,18,173
07/02/2007,CPS,IL,AGL,CE,Towers with Radar,0,33,41,0,74,0,0,141,0,141,0,33,182,0,215,102,0,102,317
07/03/2007,CPS,IL,AGL,CE,Towers with Radar,0,22,32,0,54,0,0,144,0,144,0,22,176,0,198,72,0,72,270
07/04/2007,CPS,IL,AGL,CE,Towers with Radar,0,13,11,0,24,0,0,148,0,148,0,13,159,0,172,18,0,18,190
07/05/2007,CPS,IL,AGL,CE,Towers with Radar,0,26,37,0,63,0,0,82,1,83,0,26,119,1,146,146,0,146,292
07/06/2007,CPS,IL,AGL,CE,Towers with Radar,0,23,36,0,59,0,1,112,3,116,0,24,148,3,175,110,0,110,285
07/07/2007,CPS,IL,AGL,CE,Towers with Radar,0,3,24,0,27,0,0,95,0,95,0,3,119,0,122,86,0,86,208
07/08/2007,CPS,IL,AGL,CE,Towers with Radar,0,17,38,1,56,0,0,86,1,87,0,17,124,2,143,36,0,36,179
07/09/2007,CPS,IL,AGL,CE,Towers with Radar,0,37,34,0,71,0,0,72,0,72,0,37,106,0,143,40,0,40,183
07/10/2007,CPS,IL,AGL,CE,Towers with Radar,0,26,46,2,74,0,0,58,0,58,0,26,104,2,132,36,0,36,168
07/11/2007,CPS,IL,AGL,CE,Towers with Radar,0,36,35,0,71,0,1,122,0,123,0,37,157,0,194,160,0,160,354
07/12/2007,CPS,IL,AGL,CE,Towers with Radar,0,33,34,0,67,0,2,93,0,95,0,35,127,0,162,134,0,134,296
07/13/2007,CPS,IL,AGL,CE,Towers with Radar,0,32,33,0,65,0,1,96,0,97,0,33,129,0,162,110,0,110,272
07/14/2007,CPS,IL,AGL,CE,Towers with Radar,0,1,17,0,18,0,2,100,0,102,0,3,117,0,120,32,0,32,152
07/15/2007,CPS,IL,AGL,CE,Towers with Radar,0,19,15,0,34,0,0,67,2,69,0,19,82,2,103,30,0,30,133
07/16/2007,CPS,IL,AGL,CE,Towers with Radar,0,30,41,0,71,0,1,109,0,110,0,31,150,0,181,70,0,70,251
07/17/2007,CPS,IL,AGL,CE,Towers with Radar,0,29,55,1,85,0,0,77,0,77,0,29,132,1,162,123,0,123,285
07/18/2007,CPS,IL,AGL,CE,Towers with Radar,0,32,35,4,71,0,1,103,1,105,0,33,138,5,176,126,0,126,302
07/19/2007,CPS,IL,AGL,CE,Towers with Radar,0,28,76,3,107,0,0,54,0,54,0,28,130,3,161,76,0,76,237
07/20/2007,CPS,IL,AGL,CE,Towers with Radar,0,24,53,1,78,0,3,145,0,148,0,27,198,1,226,156,0,156,382
07/21/2007,CPS,IL,AGL,CE,Towers with Radar,0,5,40,2,47,0,1,151,7,159,0,6,191,9,206,52,0,52,258
07/22/2007,CPS,IL,AGL,CE,Towers with Radar,0,16,26,0,42,0,3,105,0,108,0,19,131,0,150,38,0,38,188
07/23/2007,CPS,IL,AGL,CE,Towers with Radar,0,28,32,1,61,0,0,172,0,172,0,28,204,1,233,138,0,138,371
07/24/2007,CPS,IL,AGL,CE,Towers with Radar,0,30,51,0,81,0,0,95,0,95,0,30,146,0,176,127,0,127,303
07/25/2007,CPS,IL,AGL,CE,Towers with Radar,0,29,54,0,83,0,1,123,1,125,0,30,177,1,208,68,0,68,276
07/26/2007,CPS,IL,AGL,CE,Towers with Radar,0,33,56,0,89,0,0,72,1,73,0,33,128,1,162,101,0,101,263
07/27/2007,CPS,IL,AGL,CE,Towers with Radar,0,21,36,2,59,0,3,106,0,109,0,24,142,2,168,76,0,76,244
07/28/2007,CPS,IL,AGL,CE,Towers with Radar,0,1,32,0,33,0,1,69,0,70,0,2,101,0,103,34,0,34,137
07/29/2007,CPS,IL,AGL,CE,Towers with Radar,0,20,33,0,53,0,0,66,0,66,0,20,99,0,119,10,0,10,129
07/30/2007,CPS,IL,AGL,CE,Towers with Radar,0,33,44,0,77,0,3,109,1,113,0,36,153,1,190,80,0,80,270
07/31/2007,CPS,IL,AGL,CE,Towers with Radar,0,25,36,2,63,0,0,110,0,110,0,25,146,2,173,166,0,166,339
08/01/2007,CPS,IL,AGL,CE,Towers with Radar,0,27,46,1,74,0,0,119,0,119,0,27,165,1,193,164,0,164,357
08/02/2007,CPS,IL,AGL,CE,Towers with Radar,0,24,49,0,73,0,0,122,0,122,0,24,171,0,195,107,0,107,302
08/03/2007,CPS,IL,AGL,CE,Towers with Radar,0,15,41,0,56,0,6,65,3,74,0,21,106,3,130,59,0,59,189
08/04/2007,CPS,IL,AGL,CE,Towers with Radar,0,1,20,0,21,0,1,48,0,49,0,2,68,0,70,0,0,0,70
08/05/2007,CPS,IL,AGL,CE,Towers with Radar,0,18,21,0,39,0,0,49,0,49,0,18,70,0,88,10,0,10,98
08/06/2007,CPS,IL,AGL,CE,Towers with Radar,0,29,39,0,68,0,0,97,2,99,0,29,136,2,167,257,0,257,424
08/07/2007,CPS,IL,AGL,CE,Towers with Radar,0,26,50,0,76,0,3,117,0,120,0,29,167,0,196,232,0,232,428
08/08/2007,CPS,IL,AGL,CE,Towers with Radar,0,36,71,0,107,0,2,79,0,81,0,38,150,0,188,62,0,62,250
08/09/2007,CPS,IL,AGL,CE,Towers with Radar,0,35,80,0,115,0,3,97,3,103,0,38,177,3,218,122,0,122,340
08/10/2007,CPS,IL,AGL,CE,Towers with Radar,0,21,52,3,76,0,1,97,0,98,0,22,149,3,174,75,0,75,249
08/11/2007,CPS,IL,AGL,CE,Towers with Radar,0,0,37,0,37,0,0,122,0,122,0,0,159,0,159,283,0,283,442
08/12/2007,CPS,IL,AGL,CE,Towers with Radar,0,21,28,2,51,0,2,63,0,65,0,23,91,2,116,28,0,28,144
08/13/2007,CPS,IL,AGL,CE,Towers with Radar,0,30,51,0,81,0,0,76,0,76,0,30,127,0,157,46,0,46,203
08/14/2007,CPS,IL,AGL,CE,Towers with Radar,0,27,49,0,76,0,0,67,0,67,0,27,116,0,143,68,0,68,211
08/15/2007,CPS,IL,AGL,CE,Towers with Radar,0,32,48,0,80,0,1,84,0,85,0,33,132,0,165,54,0,54,219
08/16/2007,CPS,IL,AGL,CE,Towers with Radar,0,27,55,3,85,0,0,64,1,65,0,27,119,4,150,42,0,42,192
08/17/2007,CPS,IL,AGL,CE,Towers with Radar,0,17,52,1,70,0,3,78,0,81,0,20,130,1,151,174,0,174,325
08/18/2007,CPS,IL,AGL,CE,Towers with Radar,0,4,16,0,20,0,0,97,0,97,0,4,113,0,117,146,0,146,263
08/19/2007,CPS,IL,AGL,CE,Towers with Radar,0,17,18,0,35,0,0,37,1,38,0,17,55,1,73,4,0,4,77
08/20/2007,CPS,IL,AGL,CE,Towers with Radar,0,34,49,0,83,0,3,41,0,44,0,37,90,0,127,2,0,2,129
08/21/2007,CPS,IL,AGL,CE,Towers with Radar,0,35,45,0,80,0,2,85,0,87,0,37,130,0,167,86,0,86,253
08/22/2007,CPS,IL,AGL,CE,Towers with Radar,0,32,43,0,75,0,0,92,0,92,0,32,135,0,167,66,0,66,233
08/23/2007,CPS,IL,AGL,CE,Towers with Radar,0,33,57,0,90,0,0,71,0,71,0,33,128,0,161,10,0,10,171
08/24/2007,CPS,IL,AGL,CE,Towers with Radar,0,13,19,0,32,0,0,18,0,18,0,13,37,0,50,0,0,0,50
08/25/2007,CPS,IL,AGL,CE,Towers with Radar,0,4,22,0,26,0,0,36,0,36,0,4,58,0,62,65,0,65,127
08/26/2007,CPS,IL,AGL,CE,Towers with Radar,0,9,24,0,33,0,0,53,0,53,0,9,77,0,86,30,0,30,116
08/27/2007,CPS,IL,AGL,CE,Towers with Radar,0,33,33,0,66,0,0,96,1,97,0,33,129,1,163,46,0,46,209
08/28/2007,CPS,IL,AGL,CE,Towers with Radar,0,38,34,0,72,0,2,90,3,95,0,40,124,3,167,142,0,142,309
08/29/2007,CPS,IL,AGL,CE,Towers with Radar,0,36,46,0,82,0,9,81,1,91,0,45,127,1,173,94,0,94,267
08/30/2007,CPS,IL,AGL,CE,Towers with Radar,0,35,64,0,99,0,11,99,0,110,0,46,163,0,209,234,0,234,443
08/31/2007,CPS,IL,AGL,CE,Towers with Radar,0,32,55,2,89,0,16,106,0,122,0,48,161,2,211,270,6,276,487
09/01/2007,CPS,IL,AGL,CE,Towers with Radar,0,16,57,0,73,0,2,125,0,127,0,18,182,0,200,260,0,260,460
09/02/2007,CPS,IL,AGL,CE,Towers with Radar,0,18,31,0,49,0,12,62,0,74,0,30,93,0,123,73,0,73,196
09/03/2007,CPS,IL,AGL,CE,Towers with Radar,0,19,15,0,34,0,7,71,0,78,0,26,86,0,112,96,0,96,208
09/04/2007,CPS,IL,AGL,CE,Towers with Radar,0,29,52,0,81,0,21,54,1,76,0,50,106,1,157,182,0,182,339
09/05/2007,CPS,IL,AGL,CE,Towers with Radar,0,28,42,3,73,0,3,38,0,41,0,31,80,3,114,122,0,122,236
09/06/2007,CPS,IL,AGL,CE,Towers with Radar,0,34,50,0,84,0,4,37,0,41,0,38,87,0,125,24,0,24,149
09/07/2007,CPS,IL,AGL,CE,Towers with Radar,0,18,46,0,64,0,7,40,0,47,0,25,86,0,111,35,0,35,146
09/08/2007,CPS,IL,AGL,CE,Towers with Radar,0,4,20,0,24,0,0,52,0,52,0,4,72,0,76,18,0,18,94
09/09/2007,CPS,IL,AGL,CE,Towers with Radar,0,16,29,0,45,0,0,52,0,52,0,16,81,0,97,57,0,57,154
09/10/2007,CPS,IL,AGL,CE,Towers with Radar,0,28,37,1,66,0,17,80,0,97,0,45,117,1,163,100,0,100,263
09/11/2007,CPS,IL,AGL,CE,Towers with Radar,0,48,51,1,100,0,13,115,0,128,0,61,166,1,228,287,0,287,515
09/12/2007,CPS,IL,AGL,CE,Towers with Radar,0,33,51,1,85,0,49,89,0,138,0,82,140,1,223,292,0,292,515
09/13/2007,CPS,IL,AGL,CE,Towers with Radar,0,37,47,0,84,0,27,69,0,96,0,64,116,0,180,222,0,222,402
09/14/2007,CPS,IL,AGL,CE,Towers with Radar,0,29,58,0,87,0,18,106,1,125,0,47,164,1,212,234,0,234,446
09/15/2007,CPS,IL,AGL,CE,Towers with Radar,0,15,31,1,47,0,17,202,1,220,0,32,233,2,267,212,0,212,479
09/16/2007,CPS,IL,AGL,CE,Towers with Radar,0,19,54,0,73,0,7,76,0,83,0,26,130,0,156,60,0,60,216
09/17/2007,CPS,IL,AGL,CE,Towers with Radar,0,34,44,1,79,0,12,101,0,113,0,46,145,1,192,101,17,118,310
09/18/2007,CPS,IL,AGL,CE,Towers with Radar,0,32,50,0,82,0,36,106,0,142,0,68,156,0,224,289,0,289,513
09/19/2007,CPS,IL,AGL,CE,Towers with Radar,0,38,49,0,87,0,29,94,0,123,0,67,143,0,210,208,0,208,418
09/20/2007,CPS,IL,AGL,CE,Towers with Radar,0,45,70,1,116,0,39,79,4,122,0,84,149,5,238,233,0,233,471
09/21/2007,CPS,IL,AGL,CE,Towers with Radar,0,25,42,1,68,0,36,125,0,161,0,61,167,1,229,374,0,374,603
09/22/2007,CPS,IL,AGL,CE,Towers with Radar,0,9,28,0,37,0,27,95,0,122,0,36,123,0,159,151,0,151,310
09/23/2007,CPS,IL,AGL,CE,Towers with Radar,0,17,26,1,44,0,12,71,0,83,0,29,97,1,127,96,0,96,223
09/24/2007,CPS,IL,AGL,CE,Towers with Radar,0,30,44,2,76,0,25,74,4,103,0,55,118,6,179,155,0,155,334
09/25/2007,CPS,IL,AGL,CE,Towers with Radar,0,37,46,2,85,0,46,50,0,96,0,83,96,2,181,148,0,148,329
09/26/2007,CPS,IL,AGL,CE,Towers with Radar,0,33,50,0,83,0,14,83,0,97,0,47,133,0,180,293,0,293,473
09/27/2007,CPS,IL,AGL,CE,Towers with Radar,0,45,41,0,86,0,41,107,0,148,0,86,148,0,234,258,0,258,492
09/28/2007,CPS,IL,AGL,CE,Towers with Radar,0,21,55,0,76,0,80,91,2,173,0,101,146,2,249,466,0,466,715
09/29/2007,CPS,IL,AGL,CE,Towers with Radar,0,16,15,0,31,0,99,106,0,205,0,115,121,0,236,294,0,294,530
09/30/2007,CPS,IL,AGL,CE,Towers with Radar,0,18,24,0,42,0,8,97,0,105,0,26,121,0,147,92,0,92,239
10/01/2007,CPS,IL,AGL,CE,Towers with Radar,0,33,39,0,72,0,42,66,0,108,0,75,105,0,180,250,0,250,430
10/02/2007,CPS,IL,AGL,CE,Towers with Radar,0,42,45,0,87,0,32,113,0,145,0,74,158,0,232,194,1,195,427
10/03/2007,CPS,IL,AGL,CE,Towers with Radar,0,32,54,0,86,0,54,86,0,140,0,86,140,0,226,241,0,241,467
10/04/2007,CPS,IL,AGL,CE,Towers with Radar,0,42,83,0,125,0,29,130,2,161,0,71,213,2,286,259,0,259,545
10/05/2007,CPS,IL,AGL,CE,Towers with Radar,0,21,42,4,67,0,41,106,0,147,0,62,148,4,214,281,0,281,495
10/06/2007,CPS,IL,AGL,CE,Towers with Radar,0,7,15,0,22,0,17,83,0,100,0,24,98,0,122,333,0,333,455
10/07/2007,CPS,IL,AGL,CE,Towers with Radar,0,22,47,0,69,0,11,80,0,91,0,33,127,0,160,205,0,205,365
10/08/2007,CPS,IL,AGL,CE,Towers with Radar,0,22,21,0,43,0,14,51,0,65,0,36,72,0,108,87,0,87,195
10/09/2007,CPS,IL,AGL,CE,Towers with Radar,0,29,45,1,75,0,24,88,2,114,0,53,133,3,189,171,0,171,360
10/10/2007,CPS,IL,AGL,CE,Towers with Radar,0,44,45,4,93,0,32,133,0,165,0,76,178,4,258,270,0,270,528
10/11/2007,CPS,IL,AGL,CE,Towers with Radar,0,42,52,1,95,0,33,129,1,163,0,75,181,2,258,263,0,263,521
10/12/2007,CPS,IL,AGL,CE,Towers with Radar,0,21,57,0,78,0,24,111,0,135,0,45,168,0,213,196,0,196,409
10/13/2007,CPS,IL,AGL,CE,Towers with Radar,0,11,39,0,50,0,41,64,5,110,0,52,103,5,160,327,0,327,487
10/14/2007,CPS,IL,AGL,CE,Towers with Radar,0,19,28,0,47,0,21,81,0,102,0,40,109,0,149,336,0,336,485
10/15/2007,CPS,IL,AGL,CE,Towers with Radar,0,38,38,0,76,0,18,56,0,74,0,56,94,0,150,246,0,246,396
10/16/2007,CPS,IL,AGL,CE,Towers with Radar,0,44,66,0,110,0,26,101,0,127,0,70,167,0,237,178,0,178,415
10/17/2007,CPS,IL,AGL,CE,Towers with Radar,0,33,42,0,75,0,5,34,0,39,0,38,76,0,114,28,0,28,142
10/18/2007,CPS,IL,AGL,CE,Towers with Radar,0,28,50,0,78,0,28,95,0,123,0,56,145,0,201,263,0,263,464
10/19/2007,CPS,IL,AGL,CE,Towers with Radar,0,19,41,0,60,0,29,84,0,113,0,48,125,0,173,274,0,274,447
10/20/2007,CPS,IL,AGL,CE,Towers with Radar,0,4,19,0,23,0,6,76,5,87,0,10,95,5,110,343,0,343,453
10/21/2007,CPS,IL,AGL,CE,Towers with Radar,0,24,18,0,42,0,7,55,0,62,0,31,73,0,104,73,0,73,177
10/22/2007,CPS,IL,AGL,CE,Towers with Radar,0,29,38,1,68,0,9,88,0,97,0,38,126,1,165,313,0,313,478
10/23/2007,CPS,IL,AGL,CE,Towers with Radar,0,39,35,0,74,0,16,106,2,124,0,55,141,2,198,161,0,161,359
10/24/2007,CPS,IL,AGL,CE,Towers with Radar,0,37,42,1,80,0,31,61,2,94,0,68,103,3,174,139,0,139,313
10/25/2007,CPS,IL,AGL,CE,Towers with Radar,0,56,49,0,105,0,12,75,0,87,0,68,124,0,192,131,0,131,323
10/26/2007,CPS,IL,AGL,CE,Towers with Radar,0,33,42,0,75,0,0,40,1,41,0,33,82,1,116,338,0,338,454
10/27/2007,CPS,IL,AGL,CE,Towers with Radar,0,11,30,0,41,0,22,115,0,137,0,33,145,0,178,257,0,257,435
10/28/2007,CPS,IL,AGL,CE,Towers with Radar,0,23,33,0,56,0,14,159,0,173,0,37,192,0,229,158,0,158,387
10/29/2007,CPS,IL,AGL,CE,Towers with Radar,0,32,41,0,73,0,19,120,0,139,0,51,161,0,212,204,0,204,416
10/30/2007,CPS,IL,AGL,CE,Towers with Radar,0,47,72,0,119,0,28,121,0,149,0,75,193,0,268,249,0,249,517
10/31/2007,CPS,IL,AGL,CE,Towers with Radar,0,30,37,0,67,0,31,107,0,138,0,61,144,0,205,262,0,262,467
11/01/2007,CPS,IL,AGL,CE,Towers with Radar,0,42,60,0,102,0,35,111,0,146,0,77,171,0,248,214,0,214,462
11/02/2007,CPS,IL,AGL,CE,Towers with Radar,0,17,43,0,60,0,41,117,0,158,0,58,160,0,218,326,0,326,544
11/03/2007,CPS,IL,AGL,CE,Towers with Radar,0,10,11,2,23,0,25,110,0,135,0,35,121,2,158,154,0,154,312
11/04/2007,CPS,IL,AGL,CE,Towers with Radar,0,20,23,2,45,0,5,76,0,81,0,25,99,2,126,126,0,126,252
11/05/2007,CPS,IL,AGL,CE,Towers with Radar,0,34,39,0,73,0,15,60,2,77,0,49,99,2,150,98,0,98,248
11/06/2007,CPS,IL,AGL,CE,Towers with Radar,0,32,54,0,86,0,23,84,1,108,0,55,138,1,194,262,0,262,456
11/07/2007,CPS,IL,AGL,CE,Towers with Radar,0,40,34,3,77,0,25,82,3,110,0,65,116,6,187,271,0,271,458
11/08/2007,CPS,IL,AGL,CE,Towers with Radar,0,40,54,1,95,0,25,73,0,98,0,65,127,1,193,234,0,234,427
11/09/2007,CPS,IL,AGL,CE,Towers with Radar,0,14,46,2,62,0,29,96,0,125,0,43,142,2,187,281,0,281,468
11/10/2007,CPS,IL,AGL,CE,Towers with Radar,0,13,16,0,29,0,31,88,0,119,0,44,104,0,148,341,0,341,489
11/11/2007,CPS,IL,AGL,CE,Towers with Radar,0,13,18,0,31,0,2,69,0,71,0,15,87,0,102,49,0,49,151
11/12/2007,CPS,IL,AGL,CE,Towers with Radar,0,23,36,0,59,0,6,78,0,84,0,29,114,0,143,62,0,62,205
11/13/2007,CPS,IL,AGL,CE,Towers with Radar,0,45,61,0,106,0,13,89,3,105,0,58,150,3,211,206,0,206,417
11/14/2007,CPS,IL,AGL,CE,Towers with Radar,0,38,54,0,92,0,20,79,0,99,0,58,133,0,191,201,0,201,392
11/15/2007,CPS,IL,AGL,CE,Towers with Radar,0,48,58,0,106,0,43,92,1,136,0,91,150,1,242,204,0,204,446
11/16/2007,CPS,IL,AGL,CE,Towers with Radar,0,28,58,0,86,0,61,80,3,144,0,89,138,3,230,305,0,305,535
11/17/2007,CPS,IL,AGL,CE,Towers with Radar,0,11,19,0,30,0,31,102,2,135,0,42,121,2,165,288,0,288,453
11/18/2007,CPS,IL,AGL,CE,Towers with Radar,0,21,25,2,48,0,31,121,1,153,0,52,146,3,201,228,0,228,429
11/19/2007,CPS,IL,AGL,CE,Towers with Radar,0,27,40,0,67,0,41,71,0,112,0,68,111,0,179,168,0,168,347
11/20/2007,CPS,IL,AGL,CE,Towers with Radar,0,31,58,4,93,0,20,82,1,103,0,51,140,5,196,141,0,141,337
11/21/2007,CPS,IL,AGL,CE,Towers with Radar,0,26,43,0,69,0,2,19,0,21,0,28,62,0,90,12,0,12,102
11/22/2007,CPS,IL,AGL,CE,Towers with Radar,0,9,2,0,11,0,0,21,0,21,0,9,23,0,32,0,0,0,32
11/23/2007,CPS,IL,AGL,CE,Towers with Radar,0,9,33,0,42,0,24,63,0,87,0,33,96,0,129,248,0,248,377
11/24/2007,CPS,IL,AGL,CE,Towers with Radar,0,1,15,0,16,0,0,47,0,47,0,1,62,0,63,35,0,35,98
11/25/2007,CPS,IL,AGL,CE,Towers with Radar,0,17,22,0,39,0,0,8,0,8,0,17,30,0,47,20,0,20,67
11/26/2007,CPS,IL,AGL,CE,Towers with Radar,0,28,36,0,64,0,14,32,0,46,0,42,68,0,110,71,0,71,181
11/27/2007,CPS,IL,AGL,CE,Towers with Radar,0,36,46,0,82,0,61,115,0,176,0,97,161,0,258,347,0,347,605
11/28/2007,CPS,IL,AGL,CE,Towers with Radar,0,35,48,0,83,0,24,82,0,106,0,59,130,0,189,99,0,99,288
11/29/2007,CPS,IL,AGL,CE,Towers with Radar,0,42,41,0,83,0,68,108,0,176,0,110,149,0,259,301,0,301,560
11/30/2007,CPS,IL,AGL,CE,Towers with Radar,0,22,32,0,54,0,57,81,1,139,0,79,113,1,193,289,0,289,482
12/01/2007,CPS,IL,AGL,CE,Towers with Radar,0,0,11,0,11,0,26,111,0,137,0,26,122,0,148,262,0,262,410
12/02/2007,CPS,IL,AGL,CE,Towers with Radar,0,23,19,0,42,0,2,14,0,16,0,25,33,0,58,0,0,0,58
12/03/2007,CPS,IL,AGL,CE,Towers with Radar,0,30,23,0,53,0,33,78,0,111,0,63,101,0,164,195,0,195,359
12/04/2007,CPS,IL,AGL,CE,Towers with Radar,0,30,39,0,69,0,32,77,0,109,0,62,116,0,178,152,0,152,330
12/05/2007,CPS,IL,AGL,CE,Towers with Radar,0,22,50,1,73,0,14,59,0,73,0,36,109,1,146,54,0,54,200
12/06/2007,CPS,IL,AGL,CE,Towers with Radar,0,34,24,0,58,0,17,43,0,60,0,51,67,0,118,146,0,146,264
12/07/2007,CPS,IL,AGL,CE,Towers with Radar,0,30,42,0,72,0,28,27,0,55,0,58,69,0,127,230,0,230,357
12/08/2007,CPS,IL,AGL,CE,Towers with Radar,0,7,12,0,19,0,0,1,0,1,0,7,13,0,20,8,0,8,28
12/09/2007,CPS,IL,AGL,CE,Towers with Radar,0,20,7,0,27,0,0,0,0,0,0,20,7,0,27,0,0,0,27
12/10/2007,CPS,IL,AGL,CE,Towers with Radar,0,33,34,0,67,0,0,5,0,5,0,33,39,0,72,0,0,0,72
12/11/2007,CPS,IL,AGL,CE,Towers with Radar,0,24,22,0,46,0,0,3,0,3,0,24,25,0,49,0,0,0,49
12/12/2007,CPS,IL,AGL,CE,Towers with Radar,0,22,54,0,76,0,4,18,0,22,0,26,72,0,98,24,0,24,122
12/13/2007,CPS,IL,AGL,CE,Towers with Radar,0,27,47,0,74,0,8,39,0,47,0,35,86,0,121,116,0,116,237
12/14/2007,CPS,IL,AGL,CE,Towers with Radar,0,32,46,0,78,0,48,84,0,132,0,80,130,0,210,225,0,225,435
12/15/2007,CPS,IL,AGL,CE,Towers with Radar,0,1,7,0,8,0,0,1,0,1,0,1,8,0,9,0,0,0,9
12/16/2007,CPS,IL,AGL,CE,Towers with Radar,0,31,40,0,71,0,16,45,0,61,0,47,85,0,132,67,0,67,199
12/17/2007,CPS,IL,AGL,CE,Towers with Radar,0,35,36,0,71,0,40,48,0,88,0,75,84,0,159,156,0,156,315
12/18/2007,CPS,IL,AGL,CE,Towers with Radar,0,32,53,2,87,0,30,62,1,93,0,62,115,3,180,160,0,160,340
12/19/2007,CPS,IL,AGL,CE,Towers with Radar,0,33,60,2,95,0,39,100,0,139,0,72,160,2,234,396,0,396,630
12/20/2007,CPS,IL,AGL,CE,Towers with Radar,0,25,47,0,72,0,3,11,0,14,0,28,58,0,86,0,0,0,86
12/21/2007,CPS,IL,AGL,CE,Towers with Radar,0,26,35,0,61,0,5,24,0,29,0,31,59,0,90,4,0,4,94
12/22/2007,CPS,IL,AGL,CE,Towers with Radar,0,1,17,0,18,0,0,5,0,5,0,1,22,0,23,0,0,0,23
12/23/2007,CPS,IL,AGL,CE,Towers with Radar,0,21,6,0,27,0,4,20,0,24,0,25,26,0,51,21,0,21,72
12/24/2007,CPS,IL,AGL,CE,Towers with Radar,0,21,17,0,38,0,8,61,1,70,0,29,78,1,108,12,0,12,120
12/25/2007,CPS,IL,AGL,CE,Towers with Radar,0,3,8,0,11,0,0,23,0,23,0,3,31,0,34,0,0,0,34
12/26/2007,CPS,IL,AGL,CE,Towers with Radar,0,22,33,0,55,0,9,68,0,77,0,31,101,0,132,18,0,18,150
12/27/2007,CPS,IL,AGL,CE,Towers with Radar,0,21,39,0,60,0,0,5,0,5,0,21,44,0,65,2,0,2,67
12/28/2007,CPS,IL,AGL,CE,Towers with Radar,0,16,27,0,43,0,3,24,1,28,0,19,51,1,71,14,0,14,85
12/29/2007,CPS,IL,AGL,CE,Towers with Radar,0,6,26,0,32,0,0,50,0,50,0,6,76,0,82,32,0,32,114
12/30/2007,CPS,IL,AGL,CE,Towers with Radar,0,17,10,0,27,0,3,50,0,53,0,20,60,0,80,42,0,42,122
12/31/2007,CPS,IL,AGL,CE,Towers with Radar,0,26,24,0,50,0,3,60,0,63,0,29,84,0,113,12,0,12,125
01/01/2008,CPS,IL,AGL,CE,Towers with Radar,0,5,12,0,17,0,0,13,0,13,0,5,25,0,30,0,0,0,30
01/02/2008,CPS,IL,AGL,CE,Towers with Radar,0,21,37,0,58,0,12,90,0,102,0,33,127,0,160,264,0,264,424
01/03/2008,CPS,IL,AGL,CE,Towers with Radar,0,23,47,0,70,0,18,140,0,158,0,41,187,0,228,199,0,199,427
01/04/2008,CPS,IL,AGL,CE,Towers with Radar,0,13,41,0,54,0,1,114,0,115,0,14,155,0,169,204,0,204,373
01/05/2008,CPS,IL,AGL,CE,Towers with Radar,0,3,19,0,22,0,0,109,0,109,0,3,128,0,131,266,0,266,397
01/06/2008,CPS,IL,AGL,CE,Towers with Radar,0,16,17,0,33,0,32,115,0,147,0,48,132,0,180,256,0,256,436
01/07/2008,CPS,IL,AGL,CE,Towers with Radar,0,25,33,0,58,0,10,84,0,94,0,35,117,0,152,252,0,252,404
01/08/2008,CPS,IL,AGL,CE,Towers with Radar,0,33,31,0,64,0,2,36,0,38,0,35,67,0,102,45,0,45,147
01/09/2008,CPS,IL,AGL,CE,Towers with Radar,0,38,52,3,93,0,12,95,0,107,0,50,147,3,200,293,0,293,493
01/10/2008,CPS,IL,AGL,CE,Towers with Radar,0,43,45,0,88,0,1,39,1,41,0,44,84,1,129,34,0,34,163
01/11/2008,CPS,IL,AGL,CE,Towers with Radar,0,20,41,0,61,0,6,95,0,101,0,26,136,0,162,262,0,262,424
01/12/2008,CPS,IL,AGL,CE,Towers with Radar,0,14,21,0,35,0,7,60,0,67,0,21,81,0,102,210,0,210,312
01/13/2008,CPS,IL,AGL,CE,Towers with Radar,0,20,26,1,47,0,4,32,2,38,0,24,58,3,85,30,0,30,115
01/14/2008,CPS,IL,AGL,CE,Towers with Radar,0,29,59,0,88,0,20,72,0,92,0,49,131,0,180,200,0,200,380
01/15/2008,CPS,IL,AGL,CE,Towers with Radar,0,33,42,0,75,0,14,100,0,114,0,47,142,0,189,171,0,171,360
01/16/2008,CPS,IL,AGL,CE,Towers with Radar,0,29,42,0,71,0,22,77,0,99,0,51,119,0,170,299,0,299,469
01/17/2008,CPS,IL,AGL,CE,Towers with Radar,0,30,41,0,71,0,9,77,0,86,0,39,118,0,157,227,0,227,384
01/18/2008,CPS,IL,AGL,CE,Towers with Radar,0,39,34,0,73,0,21,72,0,93,0,60,106,0,166,287,0,287,453
01/19/2008,CPS,IL,AGL,CE,Towers with Radar,0,11,14,0,25,0,8,32,0,40,0,19,46,0,65,63,0,63,128
01/20/2008,CPS,IL,AGL,CE,Towers with Radar,0,13,23,0,36,0,4,41,0,45,0,17,64,0,81,20,0,20,101
01/21/2008,CPS,IL,AGL,CE,Towers with Radar,0,16,24,0,40,0,5,79,0,84,0,21,103,0,124,28,0,28,152
01/22/2008,CPS,IL,AGL,CE,Towers with Radar,0,33,45,0,78,0,12,60,0,72,0,45,105,0,150,170,0,170,320
01/23/2008,CPS,IL,AGL,CE,Towers with Radar,0,25,49,0,74,0,8,69,2,79,0,33,118,2,153,103,0,103,256
01/24/2008,CPS,IL,AGL,CE,Towers with Radar,0,36,42,1,79,0,33,45,0,78,0,69,87,1,157,103,0,103,260
01/25/2008,CPS,IL,AGL,CE,Towers with Radar,0,18,33,1,52,0,26,99,0,125,0,44,132,1,177,303,0,303,480
01/26/2008,CPS,IL,AGL,CE,Towers with Radar,0,9,18,0,27,0,29,92,2,123,0,38,110,2,150,268,0,268,418
01/27/2008,CPS,IL,AGL,CE,Towers with Radar,0,18,18,0,36,0,7,98,0,105,0,25,116,0,141,108,0,108,249
01/28/2008,CPS,IL,AGL,CE,Towers with Radar,0,26,39,4,69,0,7,52,0,59,0,33,91,4,128,10,0,10,138
01/29/2008,CPS,IL,AGL,CE,Towers with Radar,0,29,26,0,55,0,4,31,0,35,0,33,57,0,90,0,0,0,90
01/30/2008,CPS,IL,AGL,CE,Towers with Radar,0,43,55,0,98,0,35,61,2,98,0,78,116,2,196,232,0,232,428
01/31/2008,CPS,IL,AGL,CE,Towers with Radar,0,29,32,0,61,0,5,19,0,24,0,34,51,0,85,10,0,10,95
02/01/2008,CPS,IL,AGL,CE,Towers with Radar,0,17,40,4,61,0,0,29,1,30,0,17,69,5,91,2,0,2,93
02/02/2008,CPS,IL,AGL,CE,Towers with Radar,0,9,13,0,22,0,1,88,0,89,0,10,101,0,111,86,0,86,197
02/03/2008,CPS,IL,AGL,CE,Towers with Radar,0,15,8,0,23,0,2,12,0,14,0,17,20,0,37,38,0,38,75
02/04/2008,CPS,IL,AGL,CE,Towers with Radar,0,31,29,0,60,0,9,42,0,51,0,40,71,0,111,13,0,13,124
02/05/2008,CPS,IL,AGL,CE,Towers with Radar,0,31,28,0,59,0,0,4,0,4,0,31,32,0,63,0,0,0,63
02/06/2008,CPS,IL,AGL,CE,Towers with Radar,0,28,25,0,53,0,3,10,0,13,0,31,35,0,66,2,0,2,68
02/07/2008,CPS,IL,AGL,CE,Towers with Radar,0,40,58,0,98,0,11,50,0,61,0,51,108,0,159,139,0,139,298
02/08/2008,CPS,IL,AGL,CE,Towers with Radar,0,20,32,0,52,0,2,68,2,72,0,22,100,2,124,52,0,52,176
02/09/2008,CPS,IL,AGL,CE,Towers with Radar,0,7,20,1,28,0,0,62,0,62,0,7,82,1,90,62,0,62,152
02/10/2008,CPS,IL,AGL,CE,Towers with Radar,0,15,14,1,30,0,2,36,0,38,0,17,50,1,68,8,0,8,76
02/11/2008,CPS,IL,AGL,CE,Towers with Radar,0,31,23,0,54,0,5,8,0,13,0,36,31,0,67,16,0,16,83
02/12/2008,CPS,IL,AGL,CE,Towers with Radar,0,29,38,0,67,0,0,9,0,9,0,29,47,0,76,17,0,17,93
02/13/2008,CPS,IL,AGL,CE,Towers with Radar,0,38,45,0,83,0,25,62,0,87,0,63,107,0,170,171,0,171,341
02/14/2008,CPS,IL,AGL,CE,Towers with Radar,0,39,57,0,96,0,30,108,1,139,0,69,165,1,235,222,0,222,457
02/15/2008,CPS,IL,AGL,CE,Towers with Radar,0,31,33,0,64,0,20,59,0,79,0,51,92,0,143,213,0,213,356
02/16/2008,CPS,IL,AGL,CE,Towers with Radar,0,6,18,0,24,0,11,47,0,58,0,17,65,0,82,180,0,180,262
02/17/2008,CPS,IL,AGL,CE,Towers with Radar,0,14,5,0,19,0,0,8,0,8,0,14,13,0,27,0,0,0,27
02/18/2008,CPS,IL,AGL,CE,Towers with Radar,0,17,18,0,35,0,15,32,1,48,0,32,50,1,83,62,0,62,145
02/19/2008,CPS,IL,AGL,CE,Towers with Radar,0,29,37,2,68,0,37,60,0,97,0,66,97,2,165,122,0,122,287
02/20/2008,CPS,IL,AGL,CE,Towers with Radar,0,42,53,2,97,0,23,75,1,99,0,65,128,3,196,150,0,150,346
02/21/2008,CPS,IL,AGL,CE,Towers with Radar,0,28,23,0,51,0,0,0,0,0,0,28,23,0,51,4,0,4,55
02/22/2008,CPS,IL,AGL,CE,Towers with Radar,0,19,37,0,56,0,2,9,0,11,0,21,46,0,67,2,0,2,69
02/23/2008,CPS,IL,AGL,CE,Towers with Radar,0,2,18,0,20,0,0,50,0,50,0,2,68,0,70,104,0,104,174
02/24/2008,CPS,IL,AGL,CE,Towers with Radar,0,16,9,0,25,0,0,21,0,21,0,16,30,0,46,50,0,50,96
02/25/2008,CPS,IL,AGL,CE,Towers with Radar,0,38,40,4,82,0,3,19,1,23,0,41,59,5,105,14,0,14,119
02/26/2008,CPS,IL,AGL,CE,Towers with Radar,0,30,39,0,69,0,12,29,0,41,0,42,68,0,110,4,0,4,114
02/27/2008,CPS,IL,AGL,CE,Towers with Radar,0,33,40,3,76,0,41,104,0,145,0,74,144,3,221,286,0,286,507
02/28/2008,CPS,IL,AGL,CE,Towers with Radar,0,45,43,0,88,0,38,69,0,107,0,83,112,0,195,213,0,213,408
02/29/2008,CPS,IL,AGL,CE,Towers with Radar,0,22,45,0,67,0,35,65,0,100,0,57,110,0,167,189,0,189,356
03/01/2008,CPS,IL,AGL,CE,Towers with Radar,0,3,20,0,23,0,25,84,0,109,0,28,104,0,132,283,0,283,415
03/02/2008,CPS,IL,AGL,CE,Towers with Radar,0,21,11,0,32,0,8,26,0,34,0,29,37,0,66,0,0,0,66
03/03/2008,CPS,IL,AGL,CE,Towers with Radar,0,28,27,1,56,0,2,8,0,10,0,30,35,1,66,0,0,0,66
03/04/2008,CPS,IL,AGL,CE,Towers with Radar,0,43,20,0,63,0,0,0,0,0,0,43,20,0,63,0,0,0,63
03/05/2008,CPS,IL,AGL,CE,Towers with Radar,0,38,39,0,77,0,18,38,0,56,0,56,77,0,133,182,1,183,316
03/06/2008,CPS,IL,AGL,CE,Towers with Radar,0,36,63,1,100,0,26,36,0,62,0,62,99,1,162,84,0,84,246
03/07/2008,CPS,IL,AGL,CE,Towers with Radar,0,35,50,0,85,0,61,48,0,109,0,96,98,0,194,288,0,288,482
03/08/2008,CPS,IL,AGL,CE,Towers with Radar,0,15,22,0,37,0,52,73,0,125,0,67,95,0,162,335,0,335,497
03/09/2008,CPS,IL,AGL,CE,Towers with Radar,0,19,34,0,53,0,66,58,0,124,0,85,92,0,177,326,0,326,503
03/10/2008,CPS,IL,AGL,CE,Towers with Radar,0,34,34,0,68,0,38,94,0,132,0,72,128,0,200,266,0,266,466
03/11/2008,CPS,IL,AGL,CE,Towers with Radar,0,35,34,0,69,0,46,82,3,131,0,81,116,3,200,459,0,459,659
03/12/2008,CPS,IL,AGL,CE,Towers with Radar,0,38,40,0,78,0,36,88,0,124,0,74,128,0,202,339,0,339,541
03/13/2008,CPS,IL,AGL,CE,Towers with Radar,0,35,60,0,95,0,14,51,0,65,0,49,111,0,160,267,1,268,428
03/14/2008,CPS,IL,AGL,CE,Towers with Radar,0,24,26,0,50,0,34,66,6,106,0,58,92,6,156,267,0,267,423
03/15/2008,CPS,IL,AGL,CE,Towers with Radar,0,0,13,0,13,0,58,95,0,153,0,58,108,0,166,256,0,256,422
03/16/2008,CPS,IL,AGL,CE,Towers with Radar,0,19,15,0,34,0,3,60,0,63,0,22,75,0,97,46,0,46,143
03/17/2008,CPS,IL,AGL,CE,Towers with Radar,0,27,35,0,62,0,34,110,0,144,0,61,145,0,206,98,0,98,304
03/18/2008,CPS,IL,AGL,CE,Towers with Radar,0,34,29,0,63,0,0,4,0,4,0,34,33,0,67,0,0,0,67
03/19/2008,CPS,IL,AGL,CE,Towers with Radar,0,37,49,2,88,0,0,49,0,49,0,37,98,2,137,59,0,59,196
03/20/2008,CPS,IL,AGL,CE,Towers with Radar,0,28,63,2,93,0,48,105,1,154,0,76,168,3,247,234,0,234,481
03/21/2008,CPS,IL,AGL,CE,Towers with Radar,0,16,34,1,51,0,32,54,1,87,0,48,88,2,138,222,0,222,360
03/22/2008,CPS,IL,AGL,CE,Towers with Radar,0,12,42,0,54,0,26,72,1,99,0,38,114,1,153,236,0,236,389
03/23/2008,CPS,IL,AGL,CE,Towers with Radar,0,16,8,0,24,0,0,18,0,18,0,16,26,0,42,0,0,0,42
03/24/2008,CPS,IL,AGL,CE,Towers with Radar,0,19,54,0,73,0,14,72,0,86,0,33,126,0,159,134,0,134,293
03/25/2008,CPS,IL,AGL,CE,Towers with Radar,0,18,40,0,58,0,29,51,1,81,0,47,91,1,139,166,0,166,305
03/26/2008,CPS,IL,AGL,CE,Towers with Radar,0,24,38,2,64,0,14,67,0,81,0,38,105,2,145,102,0,102,247
03/27/2008,CPS,IL,AGL,CE,Towers with Radar,0,5,31,0,36,0,45,18,0,63,0,50,49,0,99,61,0,61,160
03/28/2008,CPS,IL,AGL,CE,Towers with Radar,0,13,28,1,42,0,50,69,2,121,0,63,97,3,163,280,0,280,443
03/29/2008,CPS,IL,AGL,CE,Towers with Radar,0,3,32,0,35,0,85,74,0,159,0,88,106,0,194,321,0,321,515
03/30/2008,CPS,IL,AGL,CE,Towers with Radar,0,2,13,0,15,0,0,2,0,2,0,2,15,0,17,0,0,0,17
03/31/2008,CPS,IL,AGL,CE,Towers with Radar,0,14,13,0,27,0,0,28,0,28,0,14,41,0,55,0,0,0,55
04/01/2008,CPS,IL,AGL,CE,Towers with Radar,0,21,40,0,61,0,68,57,0,125,0,89,97,0,186,246,0,246,432
04/02/2008,CPS,IL,AGL,CE,Towers with Radar,0,22,51,0,73,0,82,91,0,173,0,104,142,0,246,377,0,377,623
04/03/2008,CPS,IL,AGL,CE,Towers with Radar,0,12,29,0,41,0,1,0,0,1,0,13,29,0,42,4,0,4,46
04/04/2008,CPS,IL,AGL,CE,Towers with Radar,0,14,51,0,65,0,43,41,2,86,0,57,92,2,151,298,0,298,449
04/05/2008,CPS,IL,AGL,CE,Towers with Radar,0,4,27,0,31,0,56,91,0,147,0,60,118,0,178,430,0,430,608
04/06/2008,CPS,IL,AGL,CE,Towers with Radar,0,3,23,1,27,0,44,75,1,120,0,47,98,2,147,350,0,350,497
04/07/2008,CPS,IL,AGL,CE,Towers with Radar,0,13,35,0,48,0,43,93,3,139,0,56,128,3,187,333,0,333,520
04/08/2008,CPS,IL,AGL,CE,Towers with Radar,0,18,30,0,48,0,36,49,0,85,0,54,79,0,133,334,0,334,467
04/09/2008,CPS,IL,AGL,CE,Towers with Radar,0,15,48,0,63,0,38,77,1,116,0,53,125,1,179,327,0,327,506
04/10/2008,CPS,IL,AGL,CE,Towers with Radar,0,15,24,0,39,0,5,19,0,24,0,20,43,0,63,0,0,0,63
04/11/2008,CPS,IL,AGL,CE,Towers with Radar,0,19,27,0,46,0,15,46,1,62,0,34,73,1,108,6,0,6,114
04/12/2008,CPS,IL,AGL,CE,Towers with Radar,0,0,9,0,9,0,21,23,0,44,0,21,32,0,53,2,0,2,55
04/13/2008,CPS,IL,AGL,CE,Towers with Radar,0,1,11,0,12,0,2,22,0,24,0,3,33,0,36,55,0,55,91
04/14/2008,CPS,IL,AGL,CE,Towers with Radar,0,26,42,0,68,0,39,95,0,134,0,65,137,0,202,305,0,305,507
04/15/2008,CPS,IL,AGL,CE,Towers with Radar,0,14,55,0,69,0,45,66,0,111,0,59,121,0,180,227,0,227,407
04/16/2008,CPS,IL,AGL,CE,Towers with Radar,0,8,55,0,63,0,16,54,0,70,0,24,109,0,133,33,0,33,166
04/17/2008,CPS,IL,AGL,CE,Towers with Radar,0,12,52,0,64,0,59,47,2,108,0,71,99,2,172,286,0,286,458
04/18/2008,CPS,IL,AGL,CE,Towers with Radar,0,20,35,0,55,0,43,97,0,140,0,63,132,0,195,276,0,276,471
04/19/2008,CPS,IL,AGL,CE,Towers with Radar,0,5,23,3,31,0,53,92,3,148,0,58,115,6,179,326,0,326,505
04/20/2008,CPS,IL,AGL,CE,Towers with Radar,0,7,30,3,40,0,41,76,1,118,0,48,106,4,158,372,0,372,530
04/21/2008,CPS,IL,AGL,CE,Towers with Radar,0,14,62,0,76,0,25,54,1,80,0,39,116,1,156,109,0,109,265
04/22/2008,CPS,IL,AGL,CE,Towers with Radar,0,12,47,0,59,0,56,42,1,99,0,68,89,1,158,342,0,342,500
04/23/2008,CPS,IL,AGL,CE,Towers with Radar,0,19,45,0,64,0,53,88,0,141,0,72,133,0,205,398,0,398,603
04/24/2008,CPS,IL,AGL,CE,Towers with Radar,0,40,45,0,85,0,14,63,0,77,0,54,108,0,162,78,0,78,240
04/25/2008,CPS,IL,AGL,CE,Towers with Radar,0,15,35,2,52,0,57,93,1,151,0,72,128,3,203,292,1,293,496
04/26/2008,CPS,IL,AGL,CE,Towers with Radar,0,7,37,0,44,0,74,90,0,164,0,81,127,0,208,298,0,298,506
04/27/2008,CPS,IL,AGL,CE,Towers with Radar,0,19,32,0,51,0,54,58,0,112,0,73,90,0,163,306,0,306,469
04/28/2008,CPS,IL,AGL,CE,Towers with Radar,0,34,50,0,84,0,19,71,0,90,0,53,121,0,174,102,0,102,276
04/29/2008,CPS,IL,AGL,CE,Towers with Radar,0,24,54,0,78,0,40,131,0,171,0,64,185,0,249,317,0,317,566
04/30/2008,CPS,IL,AGL,CE,Towers with Radar,0,33,55,0,88,0,30,97,2,129,0,63,152,2,217,245,0,245,462
05/01/2008,CPS,IL,AGL,CE,Towers with Radar,0,26,44,0,70,0,14,71,0,85,0,40,115,0,155,52,0,52,207
05/02/2008,CPS,IL,AGL,CE,Towers with Radar,0,17,52,0,69,0,47,67,0,114,0,64,119,0,183,244,0,244,427
05/03/2008,CPS,IL,AGL,CE,Towers with Radar,0,4,32,0,36,0,46,64,0,110,0,50,96,0,146,254,0,254,400
05/04/2008,CPS,IL,AGL,CE,Towers with Radar,0,30,49,1,80,0,31,108,0,139,0,61,157,1,219,236,0,236,455
05/05/2008,CPS,IL,AGL,CE,Towers with Radar,0,28,42,1,71,0,68,93,0,161,0,96,135,1,232,293,0,293,525
05/06/2008,CPS,IL,AGL,CE,Towers with Radar,0,32,49,1,82,0,22,44,0,66,0,54,93,1,148,121,1,122,270
05/07/2008,CPS,IL,AGL,CE,Towers with Radar,0,32,42,0,74,0,55,103,6,164,0,87,145,6,238,227,0,227,465
05/08/2008,CPS,IL,AGL,CE,Towers with Radar,0,44,60,1,105,0,42,79,0,121,0,86,139,1,226,226,0,226,452
05/09/2008,CPS,IL,AGL,CE,Towers with Radar,0,17,57,0,74,0,1,43,0,44,0,18,100,0,118,16,0,16,134
05/10/2008,CPS,IL,AGL,CE,Towers with Radar,0,0,22,0,22,0,39,56,0,95,0,39,78,0,117,167,0,167,284
05/11/2008,CPS,IL,AGL,CE,Towers with Radar,0,14,6,0,20,0,4,10,0,14,0,18,16,0,34,0,0,0,34
05/12/2008,CPS,IL,AGL,CE,Towers with Radar,0,24,40,0,64,0,19,88,0,107,0,43,128,0,171,182,0,182,353
05/13/2008,CPS,IL,AGL,CE,Towers with Radar,0,21,39,3,63,0,15,48,0,63,0,36,87,3,126,12,0,12,138
05/14/2008,CPS,IL,AGL,CE,Towers with Radar,0,28,48,0,76,0,49,47,0,96,0,77,95,0,172,280,0,280,452
05/15/2008,CPS,IL,AGL,CE,Towers with Radar,0,35,56,2,93,0,10,48,0,58,0,45,104,2,151,56,0,56,207
05/16/2008,CPS,IL,AGL,CE,Towers with Radar,0,17,44,0,61,0,65,80,1,146,0,82,124,1,207,315,0,315,522
05/17/2008,CPS,IL,AGL,CE,Towers with Radar,0,2,18,0,20,0,71,96,0,167,0,73,114,0,187,281,0,281,468
05/18/2008,CPS,IL,AGL,CE,Towers with Radar,0,13,24,0,37,0,18,58,0,76,0,31,82,0,113,18,0,18,131
05/19/2008,CPS,IL,AGL,CE,Towers with Radar,0,29,21,0,50,0,21,82,0,103,0,50,103,0,153,94,0,94,247
05/20/2008,CPS,IL,AGL,CE,Towers with Radar,0,32,42,0,74,0,30,81,0,111,0,62,123,0,185,221,0,221,406
05/21/2008,CPS,IL,AGL,CE,Towers with Radar,0,41,46,0,87,0,27,98,0,125,0,68,144,0,212,262,0,262,474
05/22/2008,CPS,IL,AGL,CE,Towers with Radar,0,19,47,0,66,0,14,74,0,88,0,33,121,0,154,101,0,101,255
05/23/2008,CPS,IL,AGL,CE,Towers with Radar,0,15,55,1,71,0,19,67,6,92,0,34,122,7,163,234,0,234,397
05/24/2008,CPS,IL,AGL,CE,Towers with Radar,0,14,22,0,36,0,5,190,0,195,0,19,212,0,231,114,0,114,345
05/25/2008,CPS,IL,AGL,CE,Towers with Radar,0,15,13,0,28,0,44,120,0,164,0,59,133,0,192,225,0,225,417
05/26/2008,CPS,IL,AGL,CE,Towers with Radar,0,14,13,0,27,0,4,81,0,85,0,18,94,0,112,103,0,103,215
05/27/2008,CPS,IL,AGL,CE,Towers with Radar,0,34,49,4,87,0,2,36,0,38,0,36,85,4,125,5,0,5,130
05/28/2008,CPS,IL,AGL,CE,Towers with Radar,0,29,59,3,91,0,24,73,0,97,0,53,132,3,188,138,0,138,326
05/29/2008,CPS,IL,AGL,CE,Towers with Radar,0,32,57,2,91,0,40,71,4,115,0,72,128,6,206,188,0,188,394
05/30/2008,CPS,IL,AGL,CE,Towers with Radar,0,21,48,5,74,0,31,71,0,102,0,52,119,5,176,214,0,214,390
05/31/2008,CPS,IL,AGL,CE,Towers with Radar,0,4,26,0,30,0,13,95,1,109,0,17,121,1,139,58,0,58,197
06/01/2008,CPS,IL,AGL,CE,Towers with Radar,0,22,25,2,49,0,17,91,0,108,0,39,116,2,157,82,0,82,239
06/02/2008,CPS,IL,AGL,CE,Towers with Radar,0,35,40,0,75,0,28,83,0,111,0,63,123,0,186,187,0,187,373
06/03/2008,CPS,IL,AGL,CE,Towers with Radar,0,27,59,0,86,0,36,76,0,112,0,63,135,0,198,241,0,241,439
06/04/2008,CPS,IL,AGL,CE,Towers with Radar,0,27,39,1,67,0,31,81,0,112,0,58,120,1,179,150,0,150,329
06/05/2008,CPS,IL,AGL,CE,Towers with Radar,0,26,55,0,81,0,39,62,0,101,0,65,117,0,182,226,0,226,408
06/06/2008,CPS,IL,AGL,CE,Towers with Radar,0,17,34,0,51,0,43,86,2,131,0,60,120,2,182,228,0,228,410
06/07/2008,CPS,IL,AGL,CE,Towers with Radar,0,12,21,0,33,0,39,65,1,105,0,51,86,1,138,146,0,146,284
06/08/2008,CPS,IL,AGL,CE,Towers with Radar,0,16,16,0,32,0,12,53,1,66,0,28,69,1,98,71,0,71,169
06/09/2008,CPS,IL,AGL,CE,Towers with Radar,0,26,42,1,69,0,12,36,0,48,0,38,78,1,117,189,0,189,306
06/10/2008,CPS,IL,AGL,CE,Towers with Radar,0,28,41,1,70,0,30,105,1,136,0,58,146,2,206,199,0,199,405
06/11/2008,CPS,IL,AGL,CE,Towers with Radar,0,29,45,0,74,0,26,77,1,104,0,55,122,1,178,140,0,140,318
06/12/2008,CPS,IL,AGL,CE,Towers with Radar,0,27,36,1,64,0,15,56,2,73,0,42,92,3,137,63,0,63,200
06/13/2008,CPS,IL,AGL,CE,Towers with Radar,0,17,23,0,40,0,59,97,0,156,0,76,120,0,196,217,0,217,413
06/14/2008,CPS,IL,AGL,CE,Towers with Radar,0,6,16,0,22,0,40,105,1,146,0,46,121,1,168,254,0,254,422
06/15/2008,CPS,IL,AGL,CE,Towers with Radar,0,2,11,0,13,0,13,0,0,13,0,15,11,0,26,44,0,44,70
06/16/2008,CPS,IL,AGL,CE,Towers with Radar,0,51,90,0,141,0,27,47,0,74,0,78,137,0,215,221,0,221,436
06/17/2008,CPS,IL,AGL,CE,Towers with Radar,0,34,83,0,117,0,29,55,0,84,0,63,138,0,201,181,0,181,382
06/18/2008,CPS,IL,AGL,CE,Towers with Radar,0,30,45,2,77,0,24,107,0,131,0,54,152,2,208,181,0,181,389
06/19/2008,CPS,IL,AGL,CE,Towers with Radar,0,37,63,1,101,0,17,73,2,92,0,54,136,3,193,106,0,106,299
06/20/2008,CPS,IL,AGL,CE,Towers with Radar,0,19,33,0,52,0,13,100,0,113,0,32,133,0,165,62,0,62,227
06/21/2008,CPS,IL,AGL,CE,Towers with Radar,0,4,25,0,29,0,34,91,2,127,0,38,116,2,156,140,0,140,296
06/22/2008,CPS,IL,AGL,CE,Towers with Radar,0,15,30,0,45,0,15,53,0,68,0,30,83,0,113,57,0,57,170
06/23/2008,CPS,IL,AGL,CE,Towers with Radar,0,28,42,1,71,0,26,72,3,101,0,54,114,4,172,122,0,122,294
06/24/2008,CPS,IL,AGL,CE,Towers with Radar,0,37,47,2,86,0,29,76,0,105,0,66,123,2,191,36,0,36,227
06/25/2008,CPS,IL,AGL,CE,Towers with Radar,0,31,39,4,74,0,30,76,7,113,0,61,115,11,187,28,0,28,215
06/26/2008,CPS,IL,AGL,CE,Towers with Radar,0,35,48,2,85,0,39,70,6,115,0,74,118,8,200,257,0,257,457
06/27/2008,CPS,IL,AGL,CE,Towers with Radar,0,25,37,2,64,0,40,86,12,138,0,65,123,14,202,237,0,237,439
06/28/2008,CPS,IL,AGL,CE,Towers with Radar,0,3,18,0,21,0,56,68,0,124,0,59,86,0,145,266,0,266,411
06/29/2008,CPS,IL,AGL,CE,Towers with Radar,0,14,24,0,38,0,19,57,0,76,0,33,81,0,114,82,0,82,196
06/30/2008,CPS,IL,AGL,CE,Towers with Radar,0,22,39,0,61,0,34,80,0,114,0,56,119,0,175,201,0,201,376
07/01/2008,CPS,IL,AGL,CE,Towers with Radar,0,22,43,3,68,0,29,80,0,109,0,51,123,3,177,246,0,246,423
07/02/2008,CPS,IL,AGL,CE,Towers with Radar,0,28,45,1,74,0,42,74,1,117,0,70,119,2,191,243,0,243,434
07/03/2008,CPS,IL,AGL,CE,Towers with Radar,0,20,43,0,63,0,43,64,0,107,0,63,107,0,170,240,0,240,410
07/04/2008,CPS,IL,AGL,CE,Towers with Radar,0,2,13,0,15,0,9,39,0,48,0,11,52,0,63,20,0,20,83
07/05/2008,CPS,IL,AGL,CE,Towers with Radar,0,3,18,0,21,0,33,51,0,84,0,36,69,0,105,226,0,226,331
07/06/2008,CPS,IL,AGL,CE,Towers with Radar,0,14,30,0,44,0,23,64,0,87,0,37,94,0,131,76,0,76,207
07/07/2008,CPS,IL,AGL,CE,Towers with Radar,0,31,33,1,65,0,11,52,0,63,0,42,85,1,128,124,0,124,252
07/08/2008,CPS,IL,AGL,CE,Towers with Radar,0,26,43,0,69,0,14,55,0,69,0,40,98,0,138,71,0,71,209
07/09/2008,CPS,IL,AGL,CE,Towers with Radar,0,32,46,0,78,0,21,91,0,112,0,53,137,0,190,69,0,69,259
07/10/2008,CPS,IL,AGL,CE,Towers with Radar,0,31,56,0,87,0,29,64,0,93,0,60,120,0,180,234,2,236,416
07/11/2008,CPS,IL,AGL,CE,Towers with Radar,0,15,32,2,49,0,32,85,0,117,0,47,117,2,166,192,0,192,358
07/12/2008,CPS,IL,AGL,CE,Towers with Radar,0,4,13,0,17,0,45,80,0,125,0,49,93,0,142,265,0,265,407
07/13/2008,CPS,IL,AGL,CE,Towers with Radar,0,12,22,0,34,0,40,93,0,133,0,52,115,0,167,252,0,252,419
07/14/2008,CPS,IL,AGL,CE,Towers with Radar,0,29,39,0,68,0,28,78,2,108,0,57,117,2,176,227,0,227,403
07/15/2008,CPS,IL,AGL,CE,Towers with Radar,0,29,47,0,76,1,19,57,0,77,1,48,104,0,153,190,0,190,343
07/16/2008,CPS,IL,AGL,CE,Towers with Radar,0,24,54,0,78,0,17,110,0,127,0,41,164,0,205,178,0,178,383
07/17/2008,CPS,IL,AGL,CE,Towers with Radar,0,43,46,0,89,0,40,107,1,148,0,83,153,1,237,260,1,261,498
07/18/2008,CPS,IL,AGL,CE,Towers with Radar,0,26,50,0,76,0,3,101,3,107,0,29,151,3,183,150,0,150,333
07/19/2008,CPS,IL,AGL,CE,Towers with Radar,0,1,31,1,33,0,8,142,2,152,0,9,173,3,185,122,0,122,307
07/20/2008,CPS,IL,AGL,CE,Towers with Radar,0,20,31,1,52,0,5,91,2,98,0,25,122,3,150,61,0,61,211
07/21/2008,CPS,IL,AGL,CE,Towers with Radar,0,30,34,2,66,0,22,101,0,123,0,52,135,2,189,183,0,183,372
07/22/2008,CPS,IL,AGL,CE,Towers with Radar,0,29,49,0,78,0,31,85,0,116,0,60,134,0,194,254,0,254,448
07/23/2008,CPS,IL,AGL,CE,Towers with Radar,0,42,70,0,112,0,14,89,0,103,0,56,159,0,215,181,0,181,396
07/24/2008,CPS,IL,AGL,CE,Towers with Radar,0,24,37,0,61,0,13,72,0,85,0,37,109,0,146,107,1,108,254
07/25/2008,CPS,IL,AGL,CE,Towers with Radar,0,17,51,2,70,0,39,105,1,145,0,56,156,3,215,270,0,270,485
07/26/2008,CPS,IL,AGL,CE,Towers with Radar,0,3,24,0,27,0,41,110,0,151,0,44,134,0,178,240,0,240,418
07/27/2008,CPS,IL,AGL,CE,Towers with Radar,0,11,26,0,37,0,17,66,7,90,0,28,92,7,127,145,0,145,272
07/28/2008,CPS,IL,AGL,CE,Towers with Radar,0,33,36,0,69,0,21,69,5,95,0,54,105,5,164,117,0,117,281
07/29/2008,CPS,IL,AGL,CE,Towers with Radar,0,36,47,0,83,0,24,92,0,116,0,60,139,0,199,143,0,143,342
07/30/2008,CPS,IL,AGL,CE,Towers with Radar,0,33,40,1,74,0,2,26,0,28,0,35,66,1,102,29,0,29,131
07/31/2008,CPS,IL,AGL,CE,Towers with Radar,0,25,61,1,87,0,14,82,0,96,0,39,143,1,183,43,0,43,226
08/01/2008,CPS,IL,AGL,CE,Towers with Radar,0,20,36,4,60,0,17,84,1,102,0,37,120,5,162,121,0,121,283
08/02/2008,CPS,IL,AGL,CE,Towers with Radar,0,7,22,0,29,0,17,80,0,97,0,24,102,0,126,113,0,113,239
08/03/2008,CPS,IL,AGL,CE,Towers with Radar,0,20,23,0,43,0,3,55,0,58,0,23,78,0,101,7,0,7,108
08/04/2008,CPS,IL,AGL,CE,Towers with Radar,0,28,34,0,62,0,21,102,2,125,0,49,136,2,187,96,0,96,283
08/05/2008,CPS,IL,AGL,CE,Towers with Radar,0,31,42,0,73,0,30,73,0,103,0,61,115,0,176,158,0,158,334
08/06/2008,CPS,IL,AGL,CE,Towers with Radar,0,26,47,0,73,0,21,110,0,131,0,47,157,0,204,198,0,198,402
08/07/2008,CPS,IL,AGL,CE,Towers with Radar,0,33,62,0,95,0,19,94,0,113,0,52,156,0,208,185,0,185,393
08/08/2008,CPS,IL,AGL,CE,Towers with Radar,0,22,45,0,67,0,15,101,0,116,0,37,146,0,183,153,0,153,336
08/09/2008,CPS,IL,AGL,CE,Towers with Radar,0,1,12,0,13,0,12,75,1,88,0,13,87,1,101,147,0,147,248
08/10/2008,CPS,IL,AGL,CE,Towers with Radar,0,21,21,0,42,0,22,89,0,111,0,43,110,0,153,102,1,103,256
08/11/2008,CPS,IL,AGL,CE,Towers with Radar,0,35,39,0,74,0,25,123,0,148,0,60,162,0,222,125,0,125,347
08/12/2008,CPS,IL,AGL,CE,Towers with Radar,0,29,39,0,68,0,19,94,0,113,0,48,133,0,181,67,0,67,248
08/13/2008,CPS,IL,AGL,CE,Towers with Radar,0,22,51,2,75,0,44,114,0,158,0,66,165,2,233,210,0,210,443
08/14/2008,CPS,IL,AGL,CE,Towers with Radar,0,28,37,0,65,0,18,92,0,110,0,46,129,0,175,203,0,203,378
08/15/2008,CPS,IL,AGL,CE,Towers with Radar,0,21,36,0,57,0,55,117,1,173,0,76,153,1,230,120,0,120,350
08/16/2008,CPS,IL,AGL,CE,Towers with Radar,0,5,15,0,20,0,10,91,0,101,0,15,106,0,121,162,0,162,283
08/17/2008,CPS,IL,AGL,CE,Towers with Radar,0,14,24,0,38,0,9,63,0,72,0,23,87,0,110,103,0,103,213
08/18/2008,CPS,IL,AGL,CE,Towers with Radar,0,28,29,4,61,0,16,93,1,110,0,44,122,5,171,140,0,140,311
08/19/2008,CPS,IL,AGL,CE,Towers with Radar,0,28,45,2,75,0,11,107,0,118,0,39,152,2,193,187,0,187,380
08/20/2008,CPS,IL,AGL,CE,Towers with Radar,0,26,49,0,75,0,32,60,0,92,0,58,109,0,167,331,0,331,498
08/21/2008,CPS,IL,AGL,CE,Towers with Radar,0,33,51,2,86,0,45,73,0,118,0,78,124,2,204,256,0,256,460
08/22/2008,CPS,IL,AGL,CE,Towers with Radar,0,23,44,2,69,0,7,58,0,65,0,30,102,2,134,26,0,26,160
08/23/2008,CPS,IL,AGL,CE,Towers with Radar,0,7,18,0,25,0,5,63,2,70,0,12,81,2,95,132,0,132,227
08/24/2008,CPS,IL,AGL,CE,Towers with Radar,0,14,43,2,59,0,26,64,0,90,0,40,107,2,149,96,0,96,245
08/25/2008,CPS,IL,AGL,CE,Towers with Radar,0,26,44,2,72,0,25,92,0,117,0,51,136,2,189,147,1,148,337
08/26/2008,CPS,IL,AGL,CE,Towers with Radar,0,30,35,1,66,0,20,77,1,98,0,50,112,2,164,122,0,122,286
08/27/2008,CPS,IL,AGL,CE,Towers with Radar,0,29,49,0,78,0,50,83,0,133,0,79,132,0,211,262,0,262,473
08/28/2008,CPS,IL,AGL,CE,Towers with Radar,0,20,63,0,83,0,46,72,2,120,0,66,135,2,203,237,2,239,442
08/29/2008,CPS,IL,AGL,CE,Towers with Radar,0,17,52,0,69,0,29,111,0,140,0,46,163,0,209,152,0,152,361
08/30/2008,CPS,IL,AGL,CE,Towers with Radar,0,6,33,0,39,0,12,114,0,126,0,18,147,0,165,125,0,125,290
08/31/2008,CPS,IL,AGL,CE,Towers with Radar,0,9,30,14,53,0,9,111,24,144,0,18,141,38,197,116,0,116,313
09/01/2008,CPS,IL,AGL,CE,Towers with Radar,0,15,18,0,33,0,12,80,0,92,0,27,98,0,125,117,0,117,242
09/02/2008,CPS,IL,AGL,CE,Towers with Radar,0,29,42,15,86,0,29,97,8,134,0,58,139,23,220,162,0,162,382
09/03/2008,CPS,IL,AGL,CE,Towers with Radar,0,28,29,5,62,0,6,37,0,43,0,34,66,5,105,36,0,36,141
09/04/2008,CPS,IL,AGL,CE,Towers with Radar,0,33,33,0,66,0,3,4,0,7,0,36,37,0,73,2,0,2,75
09/05/2008,CPS,IL,AGL,CE,Towers with Radar,0,30,59,0,89,0,15,69,0,84,0,45,128,0,173,145,0,145,318
09/06/2008,CPS,IL,AGL,CE,Towers with Radar,0,12,41,0,53,0,16,88,0,104,0,28,129,0,157,202,0,202,359
09/07/2008,CPS,IL,AGL,CE,Towers with Radar,0,14,24,0,38,0,16,32,0,48,0,30,56,0,86,68,0,68,154
09/08/2008,CPS,IL,AGL,CE,Towers with Radar,0,25,43,1,69,0,57,102,2,161,0,82,145,3,230,230,0,230,460
09/09/2008,CPS,IL,AGL,CE,Towers with Radar,0,28,58,0,86,0,34,122,0,156,0,62,180,0,242,122,0,122,364
09/10/2008,CPS,IL,AGL,CE,Towers with Radar,0,32,64,0,96,0,70,139,0,209,0,102,203,0,305,161,5,166,471
09/11/2008,CPS,IL,AGL,CE,Towers with Radar,0,45,49,1,95,0,26,68,0,94,0,71,117,1,189,233,3,236,425
09/12/2008,CPS,IL,AGL,CE,Towers with Radar,0,22,34,1,57,0,9,60,2,71,0,31,94,3,128,73,0,73,201
09/13/2008,CPS,IL,AGL,CE,Towers with Radar,0,12,18,0,30,0,8,67,1,76,0,20,85,1,106,137,0,137,243
09/14/2008,CPS,IL,AGL,CE,Towers with Radar,0,13,27,0,40,0,6,20,0,26,0,19,47,0,66,0,0,0,66
09/15/2008,CPS,IL,AGL,CE,Towers with Radar,0,37,39,0,76,0,19,76,0,95,0,56,115,0,171,55,0,55,226
09/16/2008,CPS,IL,AGL,CE,Towers with Radar,0,37,44,0,81,0,43,68,0,111,0,80,112,0,192,159,0,159,351
09/17/2008,CPS,IL,AGL,CE,Towers with Radar,0,42,54,0,96,0,48,81,0,129,0,90,135,0,225,292,0,292,517
09/18/2008,CPS,IL,AGL,CE,Towers with Radar,0,26,59,2,87,0,44,69,0,113,0,70,128,2,200,224,0,224,424
09/19/2008,CPS,IL,AGL,CE,Towers with Radar,0,25,47,0,72,0,43,75,0,118,0,68,122,0,190,215,0,215,405
09/20/2008,CPS,IL,AGL,CE,Towers with Radar,0,5,28,0,33,0,34,56,0,90,0,39,84,0,123,177,0,177,300
09/21/2008,CPS,IL,AGL,CE,Towers with Radar,0,20,23,2,45,0,10,66,1,77,0,30,89,3,122,72,0,72,194
09/22/2008,CPS,IL,AGL,CE,Towers with Radar,0,48,46,0,94,0,13,95,0,108,0,61,141,0,202,257,0,257,459
09/23/2008,CPS,IL,AGL,CE,Towers with Radar,0,34,52,0,86,0,54,78,0,132,0,88,130,0,218,279,0,279,497
09/24/2008,CPS,IL,AGL,CE,Towers with Radar,0,37,45,0,82,0,36,73,0,109,0,73,118,0,191,237,0,237,428
09/25/2008,CPS,IL,AGL,CE,Towers with Radar,0,45,47,0,92,0,52,93,0,145,0,97,140,0,237,305,4,309,546
09/26/2008,CPS,IL,AGL,CE,Towers with Radar,0,26,43,1,70,0,37,130,0,167,0,63,173,1,237,191,2,193,430
09/27/2008,CPS,IL,AGL,CE,Towers with Radar,0,10,27,0,37,0,19,106,0,125,0,29,133,0,162,182,0,182,344
09/28/2008,CPS,IL,AGL,CE,Towers with Radar,0,11,45,0,56,0,20,56,0,76,0,31,101,0,132,59,2,61,193
09/29/2008,CPS,IL,AGL,CE,Towers with Radar,0,21,29,2,52,0,8,48,2,58,0,29,77,4,110,98,0,98,208
09/30/2008,CPS,IL,AGL,CE,Towers with Radar,0,42,42,0,84,0,24,70,1,95,0,66,112,1,179,160,0,160,339
10/01/2008,CPS,IL,AGL,CE,Towers with Radar,0,41,31,0,72,0,59,96,0,155,0,100,127,0,227,296,0,296,523
10/02/2008,CPS,IL,AGL,CE,Towers with Radar,0,37,52,2,91,0,51,90,1,142,0,88,142,3,233,335,0,335,568
10/03/2008,CPS,IL,AGL,CE,Towers with Radar,0,23,45,0,68,0,43,71,0,114,0,66,116,0,182,200,0,200,382
10/04/2008,CPS,IL,AGL,CE,Towers with Radar,0,4,29,0,33,0,42,113,0,155,0,46,142,0,188,277,0,277,465
10/05/2008,CPS,IL,AGL,CE,Towers with Radar,0,17,41,0,58,0,23,94,0,117,0,40,135,0,175,178,0,178,353
10/06/2008,CPS,IL,AGL,CE,Towers with Radar,0,38,34,1,73,0,41,115,0,156,0,79,149,1,229,173,0,173,402
10/07/2008,CPS,IL,AGL,CE,Towers with Radar,0,23,42,0,65,0,10,26,0,36,0,33,68,0,101,2,0,2,103
10/08/2008,CPS,IL,AGL,CE,Towers with Radar,0,34,37,0,71,0,41,70,0,111,0,75,107,0,182,137,0,137,319
10/09/2008,CPS,IL,AGL,CE,Towers with Radar,0,35,47,1,83,0,40,70,0,110,0,75,117,1,193,243,0,243,436
10/10/2008,CPS,IL,AGL,CE,Towers with Radar,0,32,46,0,78,0,28,70,0,98,0,60,116,0,176,269,0,269,445
10/11/2008,CPS,IL,AGL,CE,Towers with Radar,0,9,19,0,28,0,43,104,0,147,0,52,123,0,175,211,0,211,386
10/12/2008,CPS,IL,AGL,CE,Towers with Radar,0,11,27,0,38,0,14,99,0,113,0,25,126,0,151,194,0,194,345
10/13/2008,CPS,IL,AGL,CE,Towers with Radar,0,18,28,0,46,0,19,40,0,59,0,37,68,0,105,119,0,119,224
10/14/2008,CPS,IL,AGL,CE,Towers with Radar,0,43,38,2,83,0,8,34,0,42,0,51,72,2,125,96,0,96,221
10/15/2008,CPS,IL,AGL,CE,Towers with Radar,0,34,36,2,72,0,5,41,0,46,0,39,77,2,118,6,0,6,124
10/16/2008,CPS,IL,AGL,CE,Towers with Radar,0,32,42,0,74,0,31,94,2,127,0,63,136,2,201,295,0,295,496
10/17/2008,CPS,IL,AGL,CE,Towers with Radar,0,32,37,2,71,0,20,84,3,107,0,52,121,5,178,316,0,316,494
10/18/2008,CPS,IL,AGL,CE,Towers with Radar,0,2,21,0,23,0,12,89,1,102,0,14,110,1,125,128,0,128,253
10/19/2008,CPS,IL,AGL,CE,Towers with Radar,0,13,55,0,68,0,0,110,0,110,0,13,165,0,178,16,4,20,198
10/20/2008,CPS,IL,AGL,CE,Towers with Radar,0,25,40,0,65,0,30,72,0,102,0,55,112,0,167,113,0,113,280
10/21/2008,CPS,IL,AGL,CE,Towers with Radar,0,45,55,0,100,0,32,73,0,105,0,77,128,0,205,228,0,228,433
10/22/2008,CPS,IL,AGL,CE,Towers with Radar,0,27,32,2,61,0,41,80,1,122,0,68,112,3,183,252,0,252,435
10/23/2008,CPS,IL,AGL,CE,Towers with Radar,0,33,40,0,73,0,4,22,0,26,0,37,62,0,99,22,0,22,121
10/24/2008,CPS,IL,AGL,CE,Towers with Radar,0,23,49,2,74,0,6,51,1,58,0,29,100,3,132,25,0,25,157
10/25/2008,CPS,IL,AGL,CE,Towers with Radar,0,7,14,0,21,0,33,169,0,202,0,40,183,0,223,247,0,247,470
10/26/2008,CPS,IL,AGL,CE,Towers with Radar,0,16,21,0,37,0,6,57,0,63,0,22,78,0,100,39,0,39,139
10/27/2008,CPS,IL,AGL,CE,Towers with Radar,0,29,34,2,65,0,44,83,0,127,0,73,117,2,192,234,0,234,426
10/28/2008,CPS,IL,AGL,CE,Towers with Radar,0,35,40,0,75,0,34,91,2,127,0,69,131,2,202,307,0,307,509
10/29/2008,CPS,IL,AGL,CE,Towers with Radar,0,34,34,1,69,0,54,81,1,136,0,88,115,2,205,321,0,321,526
10/30/2008,CPS,IL,AGL,CE,Towers with Radar,0,26,38,2,66,0,51,61,0,112,0,77,99,2,178,247,0,247,425
10/31/2008,CPS,IL,AGL,CE,Towers with Radar,0,26,32,2,60,0,51,108,4,163,0,77,140,6,223,318,0,318,541
11/01/2008,CPS,IL,AGL,CE,Towers with Radar,0,7,17,1,25,0,37,81,0,118,0,44,98,1,143,307,0,307,450
11/02/2008,CPS,IL,AGL,CE,Towers with Radar,0,16,35,0,51,0,4,83,0,87,0,20,118,0,138,72,0,72,210
11/03/2008,CPS,IL,AGL,CE,Towers with Radar,0,33,24,0,57,0,22,77,0,99,0,55,101,0,156,65,0,65,221
11/04/2008,CPS,IL,AGL,CE,Towers with Radar,0,30,30,0,60,0,30,91,0,121,0,60,121,0,181,145,0,145,326
11/05/2008,CPS,IL,AGL,CE,Towers with Radar,0,26,44,4,74,0,33,66,0,99,0,59,110,4,173,201,0,201,374
11/06/2008,CPS,IL,AGL,CE,Towers with Radar,0,27,39,0,66,0,32,62,0,94,0,59,101,0,160,215,0,215,375
11/07/2008,CPS,IL,AGL,CE,Towers with Radar,0,29,34,1,64,0,37,60,1,98,0,66,94,2,162,212,0,212,374
11/08/2008,CPS,IL,AGL,CE,Towers with Radar,0,1,17,0,18,0,40,82,0,122,0,41,99,0,140,228,0,228,368
11/09/2008,CPS,IL,AGL,CE,Towers with Radar,0,11,19,0,30,0,7,37,0,44,0,18,56,0,74,96,0,96,170
11/10/2008,CPS,IL,AGL,CE,Towers with Radar,0,38,44,0,82,0,12,73,0,85,0,50,117,0,167,136,0,136,303
11/11/2008,CPS,IL,AGL,CE,Towers with Radar,0,17,31,0,48,0,12,38,0,50,0,29,69,0,98,39,0,39,137
11/12/2008,CPS,IL,AGL,CE,Towers with Radar,0,44,35,0,79,0,13,48,0,61,0,57,83,0,140,250,0,250,390
11/13/2008,CPS,IL,AGL,CE,Towers with Radar,0,38,44,0,82,0,43,91,0,134,0,81,135,0,216,198,0,198,414
11/14/2008,CPS,IL,AGL,CE,Towers with Radar,0,17,28,0,45,0,3,50,0,53,0,20,78,0,98,83,0,83,181
11/15/2008,CPS,IL,AGL,CE,Towers with Radar,0,11,14,0,25,0,13,42,2,57,0,24,56,2,82,84,0,84,166
11/16/2008,CPS,IL,AGL,CE,Towers with Radar,0,23,10,0,33,0,34,70,0,104,0,57,80,0,137,159,0,159,296
11/17/2008,CPS,IL,AGL,CE,Towers with Radar,0,42,33,0,75,0,21,95,0,116,0,63,128,0,191,230,0,230,421
11/18/2008,CPS,IL,AGL,CE,Towers with Radar,0,41,57,0,98,0,52,103,0,155,0,93,160,0,253,289,0,289,542
11/19/2008,CPS,IL,AGL,CE,Towers with Radar,0,46,48,0,94,0,29,63,2,94,0,75,111,2,188,158,0,158,346
11/20/2008,CPS,IL,AGL,CE,Towers with Radar,0,29,54,2,85,0,35,79,3,117,0,64,133,5,202,144,0,144,346
11/21/2008,CPS,IL,AGL,CE,Towers with Radar,0,40,44,0,84,0,31,91,0,122,0,71,135,0,206,327,0,327,533
11/22/2008,CPS,IL,AGL,CE,Towers with Radar,0,9,14,0,23,0,32,50,2,84,0,41,64,2,107,139,0,139,246
11/23/2008,CPS,IL,AGL,CE,Towers with Radar,0,14,30,0,44,0,16,61,0,77,0,30,91,0,121,102,0,102,223
11/24/2008,CPS,IL,AGL,CE,Towers with Radar,0,27,45,4,76,0,26,85,0,111,0,53,130,4,187,44,0,44,231
11/25/2008,CPS,IL,AGL,CE,Towers with Radar,0,38,46,0,84,0,30,49,2,81,0,68,95,2,165,145,0,145,310
11/26/2008,CPS,IL,AGL,CE,Towers with Radar,0,29,34,0,63,0,32,100,0,132,0,61,134,0,195,97,0,97,292
11/27/2008,CPS,IL,AGL,CE,Towers with Radar,0,5,12,0,17,0,2,27,0,29,0,7,39,0,46,2,0,2,48
11/28/2008,CPS,IL,AGL,CE,Towers with Radar,0,15,25,0,40,0,2,157,0,159,0,17,182,0,199,64,0,64,263
11/29/2008,CPS,IL,AGL,CE,Towers with Radar,0,2,13,0,15,0,0,41,0,41,0,2,54,0,56,53,0,53,109
11/30/2008,CPS,IL,AGL,CE,Towers with Radar,0,12,14,0,26,0,3,1,0,4,0,15,15,0,30,0,0,0,30
12/01/2008,CPS,IL,AGL,CE,Towers with Radar,0,26,33,1,60,0,5,35,0,40,0,31,68,1,100,0,0,0,100
12/02/2008,CPS,IL,AGL,CE,Towers with Radar,0,32,40,0,72,0,28,59,0,87,0,60,99,0,159,116,0,116,275
12/03/2008,CPS,IL,AGL,CE,Towers with Radar,0,23,47,1,71,0,12,36,0,48,0,35,83,1,119,160,0,160,279
12/04/2008,CPS,IL,AGL,CE,Towers with Radar,0,40,44,0,84,0,62,82,0,144,0,102,126,0,228,241,0,241,469
12/05/2008,CPS,IL,AGL,CE,Towers with Radar,0,25,37,2,64,0,48,83,0,131,0,73,120,2,195,326,0,326,521
12/06/2008,CPS,IL,AGL,CE,Towers with Radar,0,6,22,0,28,0,20,58,0,78,0,26,80,0,106,262,0,262,368
12/07/2008,CPS,IL,AGL,CE,Towers with Radar,0,25,23,0,48,0,40,54,1,95,0,65,77,1,143,246,0,246,389
12/08/2008,CPS,IL,AGL,CE,Towers with Radar,0,27,48,2,77,0,36,82,0,118,0,63,130,2,195,211,0,211,406
12/09/2008,CPS,IL,AGL,CE,Towers with Radar,0,23,27,0,50,0,30,33,0,63,0,53,60,0,113,45,0,45,158
12/10/2008,CPS,IL,AGL,CE,Towers with Radar,0,26,33,2,61,0,36,53,0,89,0,62,86,2,150,216,2,218,368
12/11/2008,CPS,IL,AGL,CE,Towers with Radar,0,28,51,0,79,0,49,67,0,116,0,77,118,0,195,208,0,208,403
12/12/2008,CPS,IL,AGL,CE,Towers with Radar,0,24,47,0,71,0,62,87,0,149,0,86,134,0,220,468,0,468,688
12/13/2008,CPS,IL,AGL,CE,Towers with Radar,0,12,16,0,28,0,15,19,0,34,0,27,35,0,62,96,0,96,158
12/14/2008,CPS,IL,AGL,CE,Towers with Radar,0,14,14,0,28,0,5,22,0,27,0,19,36,0,55,0,0,0,55
12/15/2008,CPS,IL,AGL,CE,Towers with Radar,0,26,33,0,59,0,4,40,0,44,0,30,73,0,103,58,0,58,161
12/16/2008,CPS,IL,AGL,CE,Towers with Radar,0,16,25,0,41,0,3,4,0,7,0,19,29,0,48,42,0,42,90
12/17/2008,CPS,IL,AGL,CE,Towers with Radar,0,25,55,1,81,0,7,38,0,45,0,32,93,1,126,79,0,79,205
12/18/2008,CPS,IL,AGL,CE,Towers with Radar,0,16,36,0,52,0,1,27,0,28,0,17,63,0,80,34,0,34,114
12/19/2008,CPS,IL,AGL,CE,Towers with Radar,0,13,31,0,44,0,0,31,0,31,0,13,62,0,75,45,0,45,120
12/20/2008,CPS,IL,AGL,CE,Towers with Radar,0,1,28,0,29,0,0,25,0,25,0,1,53,0,54,10,0,10,64
12/21/2008,CPS,IL,AGL,CE,Towers with Radar,0,10,16,0,26,0,0,23,0,23,0,10,39,0,49,0,0,0,49
12/22/2008,CPS,IL,AGL,CE,Towers with Radar,0,32,27,4,63,0,1,39,1,41,0,33,66,5,104,36,0,36,140
12/23/2008,CPS,IL,AGL,CE,Towers with Radar,0,16,14,0,30,0,4,15,0,19,0,20,29,0,49,0,0,0,49
12/24/2008,CPS,IL,AGL,CE,Towers with Radar,0,25,12,0,37,0,8,18,0,26,0,33,30,0,63,26,0,26,89
12/25/2008,CPS,IL,AGL,CE,Towers with Radar,0,1,0,0,1,0,0,11,0,11,0,1,11,0,12,0,0,0,12
12/26/2008,CPS,IL,AGL,CE,Towers with Radar,0,15,16,0,31,0,2,21,0,23,0,17,37,0,54,0,0,0,54
12/27/2008,CPS,IL,AGL,CE,Towers with Radar,0,2,5,0,7,0,0,3,0,3,0,2,8,0,10,0,0,0,10
12/28/2008,CPS,IL,AGL,CE,Towers with Radar,0,12,20,0,32,0,3,60,0,63,0,15,80,0,95,26,0,26,121
12/29/2008,CPS,IL,AGL,CE,Towers with Radar,0,22,30,0,52,0,6,53,0,59,0,28,83,0,111,79,0,79,190
12/30/2008,CPS,IL,AGL,CE,Towers with Radar,0,22,25,0,47,0,4,59,0,63,0,26,84,0,110,71,1,72,182
12/31/2008,CPS,IL,AGL,CE,Towers with Radar,0,17,20,0,37,0,0,56,0,56,0,17,76,0,93,16,0,16,109
01/01/2009,CPS,IL,AGL,CE,Towers with Radar,0,0,3,0,3,0,2,35,0,37,0,2,38,0,40,0,0,0,40
01/02/2009,CPS,IL,AGL,CE,Towers with Radar,0,14,27,0,41,0,10,38,0,48,0,24,65,0,89,28,0,28,117
01/03/2009,CPS,IL,AGL,CE,Towers with Radar,0,5,9,0,14,0,0,2,0,2,0,5,11,0,16,0,0,0,16
01/04/2009,CPS,IL,AGL,CE,Towers with Radar,0,9,20,0,29,0,1,26,0,27,0,10,46,0,56,1,0,1,57
01/05/2009,CPS,IL,AGL,CE,Towers with Radar,0,32,33,0,65,0,25,57,0,82,0,57,90,0,147,87,0,87,234
01/06/2009,CPS,IL,AGL,CE,Towers with Radar,0,20,25,0,45,0,0,24,0,24,0,20,49,0,69,5,0,5,74
01/07/2009,CPS,IL,AGL,CE,Towers with Radar,0,30,27,0,57,0,10,59,0,69,0,40,86,0,126,55,0,55,181
01/08/2009,CPS,IL,AGL,CE,Towers with Radar,0,22,35,0,57,0,13,83,0,96,0,35,118,0,153,96,0,96,249
01/09/2009,CPS,IL,AGL,CE,Towers with Radar,0,20,36,0,56,0,12,66,0,78,0,32,102,0,134,69,0,69,203
01/10/2009,CPS,IL,AGL,CE,Towers with Radar,0,0,3,0,3,0,1,33,0,34,0,1,36,0,37,114,0,114,151
01/11/2009,CPS,IL,AGL,CE,Towers with Radar,0,10,19,0,29,0,9,48,0,57,0,19,67,0,86,22,0,22,108
01/12/2009,CPS,IL,AGL,CE,Towers with Radar,0,26,23,0,49,0,12,67,0,79,0,38,90,0,128,42,0,42,170
01/13/2009,CPS,IL,AGL,CE,Towers with Radar,0,25,37,0,62,0,8,43,0,51,0,33,80,0,113,51,0,51,164
01/14/2009,CPS,IL,AGL,CE,Towers with Radar,0,20,32,1,53,0,9,46,0,55,0,29,78,1,108,180,0,180,288
01/15/2009,CPS,IL,AGL,CE,Towers with Radar,0,20,46,2,68,0,0,66,0,66,0,20,112,2,134,74,0,74,208
01/16/2009,CPS,IL,AGL,CE,Towers with Radar,0,27,39,0,66,0,42,58,1,101,0,69,97,1,167,224,0,224,391
01/17/2009,CPS,IL,AGL,CE,Towers with Radar,0,8,19,1,28,0,18,31,0,49,0,26,50,1,77,8,0,8,85
01/18/2009,CPS,IL,AGL,CE,Towers with Radar,0,14,13,1,28,0,3,21,0,24,0,17,34,1,52,4,0,4,56
01/19/2009,CPS,IL,AGL,CE,Towers with Radar,0,8,31,0,39,0,8,77,0,85,0,16,108,0,124,48,0,48,172
01/20/2009,CPS,IL,AGL,CE,Towers with Radar,0,27,30,0,57,0,62,70,0,132,0,89,100,0,189,177,0,177,366
01/21/2009,CPS,IL,AGL,CE,Towers with Radar,0,34,50,0,84,0,48,81,0,129,0,82,131,0,213,309,0,309,522
01/22/2009,CPS,IL,AGL,CE,Towers with Radar,0,31,40,0,71,0,20,65,0,85,0,51,105,0,156,231,0,231,387
01/23/2009,CPS,IL,AGL,CE,Towers with Radar,0,22,26,0,48,0,5,68,0,73,0,27,94,0,121,94,0,94,215
01/24/2009,CPS,IL,AGL,CE,Towers with Radar,0,10,15,0,25,0,39,60,0,99,0,49,75,0,124,217,0,217,341
01/25/2009,CPS,IL,AGL,CE,Towers with Radar,0,12,11,0,23,0,2,13,0,15,0,14,24,0,38,34,0,34,72
01/26/2009,CPS,IL,AGL,CE,Towers with Radar,0,22,28,0,50,0,0,29,0,29,0,22,57,0,79,116,0,116,195
01/27/2009,CPS,IL,AGL,CE,Towers with Radar,0,18,25,0,43,0,2,2,0,4,0,20,27,0,47,0,0,0,47
01/28/2009,CPS,IL,AGL,CE,Towers with Radar,0,26,30,0,56,0,3,48,0,51,0,29,78,0,107,30,0,30,137
01/29/2009,CPS,IL,AGL,CE,Towers with Radar,0,30,33,4,67,0,14,42,0,56,0,44,75,4,123,102,2,104,227
01/30/2009,CPS,IL,AGL,CE,Towers with Radar,0,27,41,0,68,0,60,53,1,114,0,87,94,1,182,132,0,132,314
01/31/2009,CPS,IL,AGL,CE,Towers with Radar,0,4,17,0,21,0,22,78,0,100,0,26,95,0,121,207,0,207,328
02/01/2009,CPS,IL,AGL,CE,Towers with Radar,0,11,26,0,37,0,15,38,0,53,0,26,64,0,90,97,0,97,187
02/02/2009,CPS,IL,AGL,CE,Towers with Radar,0,27,35,0,62,0,23,55,0,78,0,50,90,0,140,96,0,96,236
02/03/2009,CPS,IL,AGL,CE,Towers with Radar,0,35,33,0,68,0,9,54,0,63,0,44,87,0,131,69,0,69,200
02/04/2009,CPS,IL,AGL,CE,Towers with Radar,0,35,43,0,78,0,41,26,0,67,0,76,69,0,145,313,0,313,458
02/05/2009,CPS,IL,AGL,CE,Towers with Radar,0,33,30,0,63,0,41,66,1,108,0,74,96,1,171,218,0,218,389
02/06/2009,CPS,IL,AGL,CE,Towers with Radar,0,30,42,0,72,0,45,82,0,127,0,75,124,0,199,267,0,267,466
02/07/2009,CPS,IL,AGL,CE,Towers with Radar,0,5,12,0,17,0,71,87,0,158,0,76,99,0,175,260,0,260,435
02/08/2009,CPS,IL,AGL,CE,Towers with Radar,0,17,25,0,42,0,61,103,0,164,0,78,128,0,206,307,0,307,513
02/09/2009,CPS,IL,AGL,CE,Towers with Radar,0,24,42,1,67,0,13,70,0,83,0,37,112,1,150,69,2,71,221
02/10/2009,CPS,IL,AGL,CE,Towers with Radar,0,26,38,0,64,0,32,81,0,113,0,58,119,0,177,102,0,102,279
02/11/2009,CPS,IL,AGL,CE,Towers with Radar,0,20,20,0,40,0,13,15,0,28,0,33,35,0,68,18,0,18,86
02/12/2009,CPS,IL,AGL,CE,Towers with Radar,0,25,39,0,64,0,54,71,0,125,0,79,110,0,189,339,0,339,528
02/13/2009,CPS,IL,AGL,CE,Towers with Radar,0,27,35,0,62,0,42,66,0,108,0,69,101,0,170,313,0,313,483
02/14/2009,CPS,IL,AGL,CE,Towers with Radar,0,3,12,0,15,0,0,36,0,36,0,3,48,0,51,89,0,89,140
02/15/2009,CPS,IL,AGL,CE,Towers with Radar,0,14,24,0,38,0,11,46,0,57,0,25,70,0,95,101,0,101,196
02/16/2009,CPS,IL,AGL,CE,Towers with Radar,0,24,19,0,43,0,37,60,0,97,0,61,79,0,140,162,0,162,302
02/17/2009,CPS,IL,AGL,CE,Towers with Radar,0,25,31,0,56,0,28,40,0,68,0,53,71,0,124,98,0,98,222
02/18/2009,CPS,IL,AGL,CE,Towers with Radar,0,19,19,0,38,0,5,28,0,33,0,24,47,0,71,28,0,28,99
02/19/2009,CPS,IL,AGL,CE,Towers with Radar,0,30,41,0,71,0,56,74,0,130,0,86,115,0,201,232,0,232,433
02/20/2009,CPS,IL,AGL,CE,Towers with Radar,0,23,57,0,80,0,27,56,2,85,0,50,113,2,165,140,0,140,305
02/21/2009,CPS,IL,AGL,CE,Towers with Radar,0,7,14,0,21,0,0,17,0,17,0,7,31,0,38,8,0,8,46
02/22/2009,CPS,IL,AGL,CE,Towers with Radar,0,13,24,0,37,0,14,70,0,84,0,27,94,0,121,125,0,125,246
02/23/2009,CPS,IL,AGL,CE,Towers with Radar,0,31,30,0,61,0,40,54,0,94,0,71,84,0,155,132,0,132,287
02/24/2009,CPS,IL,AGL,CE,Towers with Radar,0,46,32,0,78,0,40,46,0,86,0,86,78,0,164,278,0,278,442
02/25/2009,CPS,IL,AGL,CE,Towers with Radar,0,35,40,2,77,0,47,83,2,132,0,82,123,4,209,256,0,256,465
02/26/2009,CPS,IL,AGL,CE,Towers with Radar,0,27,34,0,61,0,9,59,0,68,0,36,93,0,129,45,0,45,174
02/27/2009,CPS,IL,AGL,CE,Towers with Radar,0,25,24,1,50,0,0,69,1,70,0,25,93,2,120,111,0,111,231
02/28/2009,CPS,IL,AGL,CE,Towers with Radar,0,2,21,0,23,0,7,40,0,47,0,9,61,0,70,172,0,172,242
03/01/2009,CPS,IL,AGL,CE,Towers with Radar,0,18,25,0,43,0,8,62,0,70,0,26,87,0,113,142,0,142,255
03/02/2009,CPS,IL,AGL,CE,Towers with Radar,0,27,23,0,50,0,29,73,0,102,0,56,96,0,152,181,0,181,333
03/03/2009,CPS,IL,AGL,CE,Towers with Radar,0,33,31,0,64,0,31,70,0,101,0,64,101,0,165,240,0,240,405
03/04/2009,CPS,IL,AGL,CE,Towers with Radar,0,39,39,0,78,0,15,52,0,67,0,54,91,0,145,232,0,232,377
03/05/2009,CPS,IL,AGL,CE,Towers with Radar,0,30,36,0,66,0,0,56,1,57,0,30,92,1,123,38,0,38,161
03/06/2009,CPS,IL,AGL,CE,Towers with Radar,0,26,43,0,69,0,34,81,0,115,0,60,124,0,184,222,0,222,406
03/07/2009,CPS,IL,AGL,CE,Towers with Radar,0,5,15,0,20,0,12,41,1,54,0,17,56,1,74,100,0,100,174
03/08/2009,CPS,IL,AGL,CE,Towers with Radar,0,20,25,0,45,0,10,28,0,38,0,30,53,0,83,3,0,3,86
03/09/2009,CPS,IL,AGL,CE,Towers with Radar,0,30,47,0,77,0,12,63,0,75,0,42,110,0,152,32,0,32,184
03/10/2009,CPS,IL,AGL,CE,Towers with Radar,0,25,13,1,39,0,6,40,0,46,0,31,53,1,85,42,0,42,127
03/11/2009,CPS,IL,AGL,CE,Towers with Radar,0,27,33,0,60,0,39,53,0,92,0,66,86,0,152,284,1,285,437
03/12/2009,CPS,IL,AGL,CE,Towers with Radar,0,28,30,1,59,0,61,102,0,163,0,89,132,1,222,242,0,242,464
03/13/2009,CPS,IL,AGL,CE,Towers with Radar,0,26,34,0,60,0,61,87,1,149,0,87,121,1,209,238,0,238,447
03/14/2009,CPS,IL,AGL,CE,Towers with Radar,0,3,27,0,30,0,54,82,0,136,0,57,109,0,166,277,0,277,443
03/15/2009,CPS,IL,AGL,CE,Towers with Radar,0,14,35,0,49,0,41,77,0,118,0,55,112,0,167,294,0,294,461
03/16/2009,CPS,IL,AGL,CE,Towers with Radar,0,27,44,0,71,0,23,59,0,82,0,50,103,0,153,160,0,160,313
03/17/2009,CPS,IL,AGL,CE,Towers with Radar,0,32,43,0,75,0,53,73,0,126,0,85,116,0,201,278,0,278,479
03/18/2009,CPS,IL,AGL,CE,Towers with Radar,0,25,53,0,78,0,27,46,0,73,0,52,99,0,151,103,0,103,254
03/19/2009,CPS,IL,AGL,CE,Towers with Radar,0,34,56,0,90,0,38,89,0,127,0,72,145,0,217,261,0,261,478
03/20/2009,CPS,IL,AGL,CE,Towers with Radar,0,40,54,0,94,0,38,100,0,138,0,78,154,0,232,279,0,279,511
03/21/2009,CPS,IL,AGL,CE,Towers with Radar,0,6,40,0,46,0,45,74,1,120,0,51,114,1,166,258,0,258,424
03/22/2009,CPS,IL,AGL,CE,Towers with Radar,0,29,25,4,58,0,20,69,0,89,0,49,94,4,147,129,1,130,277
03/23/2009,CPS,IL,AGL,CE,Towers with Radar,0,32,35,1,68,0,8,49,0,57,0,40,84,1,125,24,0,24,149
03/24/2009,CPS,IL,AGL,CE,Towers with Radar,0,25,16,1,42,0,6,19,0,25,0,31,35,1,67,0,0,0,67
03/25/2009,CPS,IL,AGL,CE,Towers with Radar,0,23,27,0,50,0,25,67,2,94,0,48,94,2,144,213,0,213,357
03/26/2009,CPS,IL,AGL,CE,Towers with Radar,0,27,40,1,68,0,47,97,0,144,0,74,137,1,212,225,0,225,437
03/27/2009,CPS,IL,AGL,CE,Towers with Radar,0,20,33,0,53,0,59,62,0,121,0,79,95,0,174,279,0,279,453
03/28/2009,CPS,IL,AGL,CE,Towers with Radar,0,1,12,0,13,0,1,6,0,7,0,2,18,0,20,0,0,0,20
03/29/2009,CPS,IL,AGL,CE,Towers with Radar,0,14,12,0,26,0,2,17,0,19,0,16,29,0,45,55,0,55,100
03/30/2009,CPS,IL,AGL,CE,Towers with Radar,0,37,25,0,62,0,27,83,0,110,0,64,108,0,172,192,0,192,364
03/31/2009,CPS,IL,AGL,CE,Towers with Radar,0,48,31,0,79,0,20,66,0,86,0,68,97,0,165,217,1,218,383
04/01/2009,CPS,IL,AGL,CE,Towers with Radar,0,28,35,0,63,0,63,85,0,148,0,91,120,0,211,392,0,392,603
04/02/2009,CPS,IL,AGL,CE,Towers with Radar,0,27,29,0,56,0,37,40,0,77,0,64,69,0,133,160,0,160,293
04/03/2009,CPS,IL,AGL,CE,Towers with Radar,0,36,51,0,87,0,33,62,0,95,0,69,113,0,182,230,0,230,412
04/04/2009,CPS,IL,AGL,CE,Towers with Radar,0,8,18,0,26,0,39,77,0,116,0,47,95,0,142,238,0,238,380
04/05/2009,CPS,IL,AGL,CE,Towers with Radar,0,23,13,0,36,0,5,20,0,25,0,28,33,0,61,4,0,4,65
04/06/2009,CPS,IL,AGL,CE,Towers with Radar,0,32,22,0,54,0,11,41,0,52,0,43,63,0,106,12,0,12,118
04/07/2009,CPS,IL,AGL,CE,Towers with Radar,0,39,45,0,84,0,41,87,0,128,0,80,132,0,212,265,0,265,477
04/08/2009,CPS,IL,AGL,CE,Towers with Radar,0,33,51,0,84,0,45,78,0,123,0,78,129,0,207,200,0,200,407
04/09/2009,CPS,IL,AGL,CE,Towers with Radar,0,24,42,0,66,0,27,32,0,59,0,51,74,0,125,200,0,200,325
04/10/2009,CPS,IL,AGL,CE,Towers with Radar,0,18,25,0,43,0,2,9,0,11,0,20,34,0,54,0,0,0,54
04/11/2009,CPS,IL,AGL,CE,Towers with Radar,0,11,40,0,51,0,11,181,0,192,0,22,221,0,243,88,0,88,331
04/12/2009,CPS,IL,AGL,CE,Towers with Radar,0,12,10,0,22,0,1,30,0,31,0,13,40,0,53,0,0,0,53
04/13/2009,CPS,IL,AGL,CE,Towers with Radar,0,18,33,0,51,0,2,23,0,25,0,20,56,0,76,0,0,0,76
04/14/2009,CPS,IL,AGL,CE,Towers with Radar,0,27,31,0,58,0,28,37,0,65,0,55,68,0,123,158,0,158,281
04/15/2009,CPS,IL,AGL,CE,Towers with Radar,0,26,38,0,64,0,46,60,0,106,0,72,98,0,170,267,0,267,437
04/16/2009,CPS,IL,AGL,CE,Towers with Radar,0,26,42,0,68,0,60,75,0,135,0,86,117,0,203,357,0,357,560
04/17/2009,CPS,IL,AGL,CE,Towers with Radar,0,22,36,1,59,0,45,65,0,110,0,67,101,1,169,193,0,193,362
04/18/2009,CPS,IL,AGL,CE,Towers with Radar,0,11,17,0,28,0,21,54,0,75,0,32,71,0,103,177,0,177,280
04/19/2009,CPS,IL,AGL,CE,Towers with Radar,0,20,18,0,38,0,0,0,0,0,0,20,18,0,38,0,0,0,38
04/20/2009,CPS,IL,AGL,CE,Towers with Radar,0,28,29,2,59,0,40,66,0,106,0,68,95,2,165,244,0,244,409
04/21/2009,CPS,IL,AGL,CE,Towers with Radar,0,48,45,0,93,0,46,72,0,118,0,94,117,0,211,94,0,94,305
04/22/2009,CPS,IL,AGL,CE,Towers with Radar,0,39,59,0,98,0,56,74,4,134,0,95,133,4,232,375,0,375,607
04/23/2009,CPS,IL,AGL,CE,Towers with Radar,0,30,37,0,67,0,45,70,0,115,0,75,107,0,182,326,0,326,508
04/24/2009,CPS,IL,AGL,CE,Towers with Radar,0,23,47,0,70,0,61,74,4,139,0,84,121,4,209,377,0,377,586
04/25/2009,CPS,IL,AGL,CE,Towers with Radar,0,4,38,1,43,0,8,73,0,81,0,12,111,1,124,40,0,40,164
04/26/2009,CPS,IL,AGL,CE,Towers with Radar,0,20,29,0,49,0,3,67,0,70,0,23,96,0,119,0,0,0,119
04/27/2009,CPS,IL,AGL,CE,Towers with Radar,0,19,19,1,39,0,0,33,0,33,0,19,52,1,72,0,0,0,72
04/28/2009,CPS,IL,AGL,CE,Towers with Radar,0,37,44,3,84,0,18,52,0,70,0,55,96,3,154,159,0,159,313
04/29/2009,CPS,IL,AGL,CE,Towers with Radar,0,21,28,0,49,0,11,16,0,27,0,32,44,0,76,145,0,145,221
04/30/2009,CPS,IL,AGL,CE,Towers with Radar,0,27,31,0,58,0,29,59,0,88,0,56,90,0,146,181,0,181,327
05/01/2009,CPS,IL,AGL,CE,Towers with Radar,0,21,28,0,49,0,18,44,0,62,0,39,72,0,111,58,0,58,169
05/02/2009,CPS,IL,AGL,CE,Towers with Radar,0,9,18,0,27,0,62,83,0,145,0,71,101,0,172,371,0,371,543
05/03/2009,CPS,IL,AGL,CE,Towers with Radar,0,15,31,0,46,0,8,47,2,57,0,23,78,2,103,40,0,40,143
05/04/2009,CPS,IL,AGL,CE,Towers with Radar,0,28,47,0,75,0,44,53,0,97,0,72,100,0,172,192,0,192,364
05/05/2009,CPS,IL,AGL,CE,Towers with Radar,0,29,44,0,73,0,59,76,1,136,0,88,120,1,209,294,0,294,503
05/06/2009,CPS,IL,AGL,CE,Towers with Radar,0,31,52,0,83,0,19,53,0,72,0,50,105,0,155,221,0,221,376
05/07/2009,CPS,IL,AGL,CE,Towers with Radar,0,26,51,2,79,0,30,62,0,92,0,56,113,2,171,296,0,296,467
05/08/2009,CPS,IL,AGL,CE,Towers with Radar,0,15,22,0,37,0,3,49,0,52,0,18,71,0,89,0,0,0,89
05/09/2009,CPS,IL,AGL,CE,Towers with Radar,0,9,10,0,19,0,16,158,0,174,0,25,168,0,193,222,0,222,415
05/10/2009,CPS,IL,AGL,CE,Towers with Radar,0,17,12,0,29,0,19,91,0,110,0,36,103,0,139,574,0,574,713
05/11/2009,CPS,IL,AGL,CE,Towers with Radar,0,32,32,0,64,0,47,143,0,190,0,79,175,0,254,811,0,811,1065
05/12/2009,CPS,IL,AGL,CE,Towers with Radar,0,39,42,2,83,0,76,122,3,201,0,115,164,5,284,943,0,943,1227
05/13/2009,CPS,IL,AGL,CE,Towers with Radar,0,21,21,0,42,0,22,44,0,66,0,43,65,0,108,84,0,84,192
05/14/2009,CPS,IL,AGL,CE,Towers with Radar,0,25,49,0,74,0,79,144,1,224,0,104,193,1,298,1403,0,1403,1701
05/15/2009,CPS,IL,AGL,CE,Towers with Radar,0,22,46,4,72,0,56,131,0,187,0,78,177,4,259,758,0,758,1017
05/16/2009,CPS,IL,AGL,CE,Towers with Radar,0,9,32,0,41,0,12,162,2,176,0,21,194,2,217,397,0,397,614
05/17/2009,CPS,IL,AGL,CE,Towers with Radar,0,12,36,0,48,0,65,204,1,270,0,77,240,1,318,464,0,464,782
05/18/2009,CPS,IL,AGL,CE,Towers with Radar,0,26,32,0,58,0,30,148,0,178,0,56,180,0,236,526,0,526,762
05/19/2009,CPS,IL,AGL,CE,Towers with Radar,0,20,56,0,76,0,23,225,0,248,0,43,281,0,324,96,0,96,420
05/20/2009,CPS,IL,AGL,CE,Towers with Radar,0,25,56,0,81,0,28,135,0,163,0,53,191,0,244,638,0,638,882
05/21/2009,CPS,IL,AGL,CE,Towers with Radar,0,22,45,0,67,0,22,163,0,185,0,44,208,0,252,461,0,461,713
05/22/2009,CPS,IL,AGL,CE,Towers with Radar,0,16,41,4,61,0,8,96,0,104,0,24,137,4,165,434,0,434,599
05/23/2009,CPS,IL,AGL,CE,Towers with Radar,0,4,20,0,24,0,31,221,0,252,0,35,241,0,276,153,0,153,429
05/24/2009,CPS,IL,AGL,CE,Towers with Radar,0,14,37,0,51,0,15,190,0,205,0,29,227,0,256,76,0,76,332
05/25/2009,CPS,IL,AGL,CE,Towers with Radar,0,11,21,0,32,0,1,12,2,15,0,12,33,2,47,0,0,0,47
05/26/2009,CPS,IL,AGL,CE,Towers with Radar,0,24,27,0,51,0,9,41,7,57,0,33,68,7,108,43,4,47,155
05/27/2009,CPS,IL,AGL,CE,Towers with Radar,0,18,23,0,41,0,30,49,0,79,0,48,72,0,120,88,0,88,208
05/28/2009,CPS,IL,AGL,CE,Towers with Radar,0,39,39,0,78,0,18,52,0,70,0,57,91,0,148,53,0,53,201
05/29/2009,CPS,IL,AGL,CE,Towers with Radar,0,20,33,2,55,0,19,102,0,121,0,39,135,2,176,106,0,106,282
05/30/2009,CPS,IL,AGL,CE,Towers with Radar,0,6,10,0,16,0,5,92,0,97,0,11,102,0,113,103,0,103,216
05/31/2009,CPS,IL,AGL,CE,Towers with Radar,0,17,26,3,46,0,5,116,3,124,0,22,142,6,170,130,0,130,300
06/01/2009,CPS,IL,AGL,CE,Towers with Radar,0,34,66,0,100,0,31,72,0,103,0,65,138,0,203,146,0,146,349
06/02/2009,CPS,IL,AGL,CE,Towers with Radar,0,21,34,0,55,0,38,103,0,141,0,59,137,0,196,76,0,76,272
06/03/2009,CPS,IL,AGL,CE,Towers with Radar,0,23,44,0,67,0,10,29,0,39,0,33,73,0,106,0,0,0,106
06/04/2009,CPS,IL,AGL,CE,Towers with Radar,0,23,39,0,62,0,60,96,0,156,0,83,135,0,218,333,0,333,551
06/05/2009,CPS,IL,AGL,CE,Towers with Radar,0,15,46,1,62,0,76,114,0,190,0,91,160,1,252,362,0,362,614
06/06/2009,CPS,IL,AGL,CE,Towers with Radar,0,7,20,0,27,0,60,116,0,176,0,67,136,0,203,213,0,213,416
06/07/2009,CPS,IL,AGL,CE,Towers with Radar,0,17,30,0,47,0,53,70,0,123,0,70,100,0,170,258,0,258,428
06/08/2009,CPS,IL,AGL,CE,Towers with Radar,0,24,43,0,67,0,61,73,0,134,0,85,116,0,201,220,0,220,421
06/09/2009,CPS,IL,AGL,CE,Towers with Radar,0,28,32,0,60,0,19,60,0,79,0,47,92,0,139,262,0,262,401
06/10/2009,CPS,IL,AGL,CE,Towers with Radar,0,34,31,0,65,0,30,62,0,92,0,64,93,0,157,228,0,228,385
06/11/2009,CPS,IL,AGL,CE,Towers with Radar,0,22,40,0,62,0,11,57,0,68,0,33,97,0,130,57,0,57,187
06/12/2009,CPS,IL,AGL,CE,Towers with Radar,0,23,41,0,64,0,58,100,0,158,0,81,141,0,222,246,0,246,468
06/13/2009,CPS,IL,AGL,CE,Towers with Radar,0,5,32,0,37,0,68,111,0,179,0,73,143,0,216,266,0,266,482
06/14/2009,CPS,IL,AGL,CE,Towers with Radar,0,16,30,1,47,0,52,109,0,161,0,68,139,1,208,228,0,228,436
06/15/2009,CPS,IL,AGL,CE,Towers with Radar,0,24,30,0,54,0,6,47,0,53,0,30,77,0,107,0,0,0,107
06/16/2009,CPS,IL,AGL,CE,Towers with Radar,0,19,34,0,53,0,2,55,0,57,0,21,89,0,110,23,0,23,133
06/17/2009,CPS,IL,AGL,CE,Towers with Radar,0,29,47,0,76,0,26,78,0,104,0,55,125,0,180,208,0,208,388
06/18/2009,CPS,IL,AGL,CE,Towers with Radar,0,24,40,0,64,0,44,91,1,136,0,68,131,1,200,178,0,178,378
06/19/2009,CPS,IL,AGL,CE,Towers with Radar,0,20,20,5,45,0,32,103,1,136,0,52,123,6,181,274,0,274,455
06/20/2009,CPS,IL,AGL,CE,Towers with Radar,0,5,21,0,26,0,40,135,0,175,0,45,156,0,201,266,0,266,467
06/21/2009,CPS,IL,AGL,CE,Towers with Radar,0,16,31,1,48,0,7,134,1,142,0,23,165,2,190,26,0,26,216
06/22/2009,CPS,IL,AGL,CE,Towers with Radar,0,23,33,0,56,0,42,69,0,111,0,65,102,0,167,221,0,221,388
06/23/2009,CPS,IL,AGL,CE,Towers with Radar,0,15,32,0,47,0,57,94,0,151,0,72,126,0,198,158,0,158,356
06/24/2009,CPS,IL,AGL,CE,Towers with Radar,0,24,29,0,53,0,43,79,0,122,0,67,108,0,175,178,0,178,353
06/25/2009,CPS,IL,AGL,CE,Towers with Radar,0,21,38,0,59,0,26,77,1,104,0,47,115,1,163,196,0,196,359
06/26/2009,CPS,IL,AGL,CE,Towers with Radar,0,32,39,2,73,0,14,114,1,129,0,46,153,3,202,136,0,136,338
06/27/2009,CPS,IL,AGL,CE,Towers with Radar,0,2,29,0,31,0,14,128,0,142,0,16,157,0,173,145,0,145,318
06/28/2009,CPS,IL,AGL,CE,Towers with Radar,0,21,33,1,55,0,2,112,1,115,0,23,145,2,170,48,0,48,218
06/29/2009,CPS,IL,AGL,CE,Towers with Radar,0,22,44,0,66,0,30,112,0,142,0,52,156,0,208,126,0,126,334
06/30/2009,CPS,IL,AGL,CE,Towers with Radar,0,31,42,2,75,0,55,130,0,185,0,86,172,2,260,236,0,236,496
07/01/2009,CPS,IL,AGL,CE,Towers with Radar,0,28,44,0,72,0,38,76,0,114,0,66,120,0,186,166,0,166,352
07/02/2009,CPS,IL,AGL,CE,Towers with Radar,0,25,44,0,69,0,25,76,0,101,0,50,120,0,170,79,2,81,251
07/03/2009,CPS,IL,AGL,CE,Towers with Radar,0,15,10,0,25,0,8,229,8,245,0,23,239,8,270,218,0,218,488
07/04/2009,CPS,IL,AGL,CE,Towers with Radar,0,2,3,0,5,0,0,61,0,61,0,2,64,0,66,56,0,56,122
07/05/2009,CPS,IL,AGL,CE,Towers with Radar,0,11,20,0,31,0,37,222,0,259,0,48,242,0,290,188,0,188,478
07/06/2009,CPS,IL,AGL,CE,Towers with Radar,0,26,24,0,50,0,46,113,0,159,0,72,137,0,209,238,0,238,447
07/07/2009,CPS,IL,AGL,CE,Towers with Radar,0,22,15,2,39,0,28,93,0,121,0,50,108,2,160,265,0,265,425
07/08/2009,CPS,IL,AGL,CE,Towers with Radar,0,27,20,0,47,0,1,107,1,109,0,28,127,1,156,143,0,143,299
07/09/2009,CPS,IL,AGL,CE,Towers with Radar,0,21,28,0,49,0,39,103,1,143,0,60,131,1,192,268,0,268,460
07/10/2009,CPS,IL,AGL,CE,Towers with Radar,0,17,21,0,38,0,31,85,0,116,0,48,106,0,154,234,0,234,388
07/11/2009,CPS,IL,AGL,CE,Towers with Radar,0,4,27,0,31,0,35,136,0,171,0,39,163,0,202,146,0,146,348
07/12/2009,CPS,IL,AGL,CE,Towers with Radar,0,43,55,2,100,0,3,42,0,45,0,46,97,2,145,34,0,34,179
07/13/2009,CPS,IL,AGL,CE,Towers with Radar,0,32,69,1,102,0,38,115,0,153,0,70,184,1,255,110,0,110,365
07/14/2009,CPS,IL,AGL,CE,Towers with Radar,0,32,81,0,113,0,19,89,0,108,0,51,170,0,221,139,0,139,360
07/15/2009,CPS,IL,AGL,CE,Towers with Radar,0,44,90,0,134,0,7,82,1,90,0,51,172,1,224,126,0,126,350
07/16/2009,CPS,IL,AGL,CE,Towers with Radar,0,20,36,2,58,0,31,126,0,157,0,51,162,2,215,175,2,177,392
07/17/2009,CPS,IL,AGL,CE,Towers with Radar,0,27,48,4,79,0,28,112,1,141,0,55,160,5,220,87,0,87,307
07/18/2009,CPS,IL,AGL,CE,Towers with Radar,0,9,33,0,42,0,14,155,0,169,0,23,188,0,211,133,0,133,344
07/19/2009,CPS,IL,AGL,CE,Towers with Radar,0,28,48,0,76,0,25,171,0,196,0,53,219,0,272,77,0,77,349
07/20/2009,CPS,IL,AGL,CE,Towers with Radar,0,21,44,2,67,0,39,105,0,144,0,60,149,2,211,173,0,173,384
07/21/2009,CPS,IL,AGL,CE,Towers with Radar,0,29,28,0,57,0,16,136,0,152,0,45,164,0,209,147,0,147,356
07/22/2009,CPS,IL,AGL,CE,Towers with Radar,0,32,35,0,67,0,13,102,0,115,0,45,137,0,182,140,0,140,322
07/23/2009,CPS,IL,AGL,CE,Towers with Radar,0,26,49,0,75,0,27,90,1,118,0,53,139,1,193,137,0,137,330
07/24/2009,CPS,IL,AGL,CE,Towers with Radar,0,19,37,0,56,0,23,160,1,184,0,42,197,1,240,107,0,107,347
07/25/2009,CPS,IL,AGL,CE,Towers with Radar,0,2,14,0,16,0,5,185,0,190,0,7,199,0,206,102,0,102,308
07/26/2009,CPS,IL,AGL,CE,Towers with Radar,0,13,14,0,27,0,29,170,1,200,0,42,184,1,227,86,0,86,313
07/27/2009,CPS,IL,AGL,CE,Towers with Radar,0,30,40,2,72,0,25,164,1,190,0,55,204,3,262,177,0,177,439
07/28/2009,CPS,IL,AGL,CE,Towers with Radar,0,21,26,0,47,0,15,105,0,120,0,36,131,0,167,222,0,222,389
07/29/2009,CPS,IL,AGL,CE,Towers with Radar,0,23,40,1,64,0,9,172,2,183,0,32,212,3,247,116,0,116,363
07/30/2009,CPS,IL,AGL,CE,Towers with Radar,0,28,43,3,74,0,13,109,0,122,0,41,152,3,196,131,2,133,329
07/31/2009,CPS,IL,AGL,CE,Towers with Radar,0,16,33,0,49,0,10,102,0,112,0,26,135,0,161,55,0,55,216
08/01/2009,CPS,IL,AGL,CE,Towers with Radar,0,5,21,0,26,0,9,132,0,141,0,14,153,0,167,50,0,50,217
08/02/2009,CPS,IL,AGL,CE,Towers with Radar,0,16,24,0,40,0,11,233,0,244,0,27,257,0,284,53,0,53,337
08/03/2009,CPS,IL,AGL,CE,Towers with Radar,0,26,33,0,59,0,19,96,0,115,0,45,129,0,174,161,1,162,336
08/04/2009,CPS,IL,AGL,CE,Towers with Radar,0,18,22,0,40,0,7,119,2,128,0,25,141,2,168,8,0,8,176
08/05/2009,CPS,IL,AGL,CE,Towers with Radar,0,29,28,0,57,0,22,109,0,131,0,51,137,0,188,113,0,113,301
08/06/2009,CPS,IL,AGL,CE,Towers with Radar,0,19,48,0,67,0,63,107,0,170,0,82,155,0,237,176,1,177,414
08/07/2009,CPS,IL,AGL,CE,Towers with Radar,0,27,31,0,58,0,22,102,0,124,0,49,133,0,182,104,1,105,287
08/08/2009,CPS,IL,AGL,CE,Towers with Radar,0,8,25,0,33,0,0,136,0,136,0,8,161,0,169,34,0,34,203
08/09/2009,CPS,IL,AGL,CE,Towers with Radar,0,18,28,0,46,0,9,115,0,124,0,27,143,0,170,58,0,58,228
08/10/2009,CPS,IL,AGL,CE,Towers with Radar,0,20,31,0,51,0,12,95,0,107,0,32,126,0,158,74,0,74,232
08/11/2009,CPS,IL,AGL,CE,Towers with Radar,0,21,34,0,55,0,20,128,0,148,0,41,162,0,203,110,0,110,313
08/12/2009,CPS,IL,AGL,CE,Towers with Radar,0,19,39,3,61,0,46,97,0,143,0,65,136,3,204,234,0,234,438
08/13/2009,CPS,IL,AGL,CE,Towers with Radar,0,19,35,0,54,0,22,156,1,179,0,41,191,1,233,240,1,241,474
08/14/2009,CPS,IL,AGL,CE,Towers with Radar,0,17,39,2,58,0,41,134,0,175,0,58,173,2,233,224,0,224,457
08/15/2009,CPS,IL,AGL,CE,Towers with Radar,0,8,23,0,31,0,52,136,0,188,0,60,159,0,219,214,0,214,433
08/16/2009,CPS,IL,AGL,CE,Towers with Radar,0,21,30,1,52,0,4,107,0,111,0,25,137,1,163,60,0,60,223
08/17/2009,CPS,IL,AGL,CE,Towers with Radar,0,27,26,0,53,0,26,79,0,105,0,53,105,0,158,105,0,105,263
08/18/2009,CPS,IL,AGL,CE,Towers with Radar,0,28,35,0,63,0,14,96,0,110,0,42,131,0,173,180,0,180,353
08/19/2009,CPS,IL,AGL,CE,Towers with Radar,0,33,45,0,78,0,16,62,0,78,0,49,107,0,156,153,0,153,309
08/20/2009,CPS,IL,AGL,CE,Towers with Radar,0,23,31,0,54,0,30,79,0,109,0,53,110,0,163,234,0,234,397
08/21/2009,CPS,IL,AGL,CE,Towers with Radar,0,18,44,0,62,0,35,97,6,138,0,53,141,6,200,274,0,274,474
08/22/2009,CPS,IL,AGL,CE,Towers with Radar,0,1,20,0,21,0,53,147,0,200,0,54,167,0,221,234,1,235,456
08/23/2009,CPS,IL,AGL,CE,Towers with Radar,0,18,32,0,50,0,15,115,0,130,0,33,147,0,180,122,0,122,302
08/24/2009,CPS,IL,AGL,CE,Towers with Radar,0,19,38,4,61,0,27,112,0,139,0,46,150,4,200,181,0,181,381
08/25/2009,CPS,IL,AGL,CE,Towers with Radar,0,17,47,1,65,0,52,67,2,121,0,69,114,3,186,276,0,276,462
08/26/2009,CPS,IL,AGL,CE,Towers with Radar,0,24,60,0,84,0,36,81,1,118,0,60,141,1,202,188,0,188,390
08/27/2009,CPS,IL,AGL,CE,Towers with Radar,0,13,52,0,65,0,48,72,4,124,0,61,124,4,189,126,2,128,317
08/28/2009,CPS,IL,AGL,CE,Towers with Radar,0,28,48,1,77,0,36,67,0,103,0,64,115,1,180,245,0,245,425
08/29/2009,CPS,IL,AGL,CE,Towers with Radar,0,7,25,0,32,0,59,174,0,233,0,66,199,0,265,228,0,228,493
08/30/2009,CPS,IL,AGL,CE,Towers with Radar,0,22,31,0,53,0,53,115,0,168,0,75,146,0,221,221,0,221,442
08/31/2009,CPS,IL,AGL,CE,Towers with Radar,0,26,40,0,66,0,21,80,0,101,0,47,120,0,167,107,0,107,274
09/01/2009,CPS,IL,AGL,CE,Towers with Radar,0,40,42,0,82,0,27,98,0,125,0,67,140,0,207,233,0,233,440
09/02/2009,CPS,IL,AGL,CE,Towers with Radar,0,25,39,0,64,0,49,82,0,131,0,74,121,0,195,331,1,332,527
09/03/2009,CPS,IL,AGL,CE,Towers with Radar,0,15,39,1,55,0,49,110,0,159,0,64,149,1,214,205,0,205,419
09/04/2009,CPS,IL,AGL,CE,Towers with Radar,0,15,37,2,54,0,56,80,0,136,0,71,117,2,190,97,0,97,287
09/05/2009,CPS,IL,AGL,CE,Towers with Radar,0,3,37,0,40,0,8,112,0,120,0,11,149,0,160,0,0,0,160
09/06/2009,CPS,IL,AGL,CE,Towers with Radar,0,13,22,0,35,0,80,152,0,232,0,93,174,0,267,123,0,123,390
09/07/2009,CPS,IL,AGL,CE,Towers with Radar,0,7,22,0,29,0,35,110,0,145,0,42,132,0,174,87,0,87,261
09/08/2009,CPS,IL,AGL,CE,Towers with Radar,0,25,39,0,64,0,18,111,1,130,0,43,150,1,194,187,0,187,381
09/09/2009,CPS,IL,AGL,CE,Towers with Radar,0,29,46,0,75,0,67,74,0,141,0,96,120,0,216,305,0,305,521
09/10/2009,CPS,IL,AGL,CE,Towers with Radar,0,21,29,0,50,0,46,88,1,135,0,67,117,1,185,226,0,226,411
09/11/2009,CPS,IL,AGL,CE,Towers with Radar,0,25,34,0,59,0,39,91,0,130,0,64,125,0,189,218,0,218,407
09/12/2009,CPS,IL,AGL,CE,Towers with Radar,0,8,32,1,41,0,48,79,0,127,0,56,111,1,168,266,0,266,434
09/13/2009,CPS,IL,AGL,CE,Towers with Radar,0,13,33,0,46,0,70,104,1,175,0,83,137,1,221,204,0,204,425
09/14/2009,CPS,IL,AGL,CE,Towers with Radar,0,16,28,1,45,0,49,106,0,155,0,65,134,1,200,324,0,324,524
09/15/2009,CPS,IL,AGL,CE,Towers with Radar,0,22,33,2,57,0,46,81,1,128,0,68,114,3,185,271,0,271,456
09/16/2009,CPS,IL,AGL,CE,Towers with Radar,0,20,36,1,57,0,38,90,0,128,0,58,126,1,185,326,0,326,511
09/17/2009,CPS,IL,AGL,CE,Towers with Radar,0,13,54,0,67,0,26,90,0,116,0,39,144,0,183,146,0,146,329
09/18/2009,CPS,IL,AGL,CE,Towers with Radar,0,12,47,1,60,0,65,138,0,203,0,77,185,1,263,222,0,222,485
09/19/2009,CPS,IL,AGL,CE,Towers with Radar,0,8,29,0,37,0,80,232,0,312,0,88,261,0,349,267,0,267,616
09/20/2009,CPS,IL,AGL,CE,Towers with Radar,0,12,38,1,51,0,8,3,0,11,0,20,41,1,62,0,0,0,62
09/21/2009,CPS,IL,AGL,CE,Towers with Radar,0,25,31,0,56,0,20,49,0,69,0,45,80,0,125,125,0,125,250
09/22/2009,CPS,IL,AGL,CE,Towers with Radar,0,23,40,0,63,0,25,91,0,116,0,48,131,0,179,195,0,195,374
09/23/2009,CPS,IL,AGL,CE,Towers with Radar,0,25,54,0,79,0,37,89,1,127,0,62,143,1,206,248,0,248,454
09/24/2009,CPS,IL,AGL,CE,Towers with Radar,0,23,32,0,55,0,6,23,0,29,0,29,55,0,84,24,0,24,108
09/25/2009,CPS,IL,AGL,CE,Towers with Radar,0,21,38,0,59,0,21,115,0,136,0,42,153,0,195,82,0,82,277
09/26/2009,CPS,IL,AGL,CE,Towers with Radar,0,5,21,0,26,0,7,53,0,60,0,12,74,0,86,93,0,93,179
09/27/2009,CPS,IL,AGL,CE,Towers with Radar,0,23,45,0,68,0,32,116,0,148,0,55,161,0,216,91,0,91,307
09/28/2009,CPS,IL,AGL,CE,Towers with Radar,0,30,28,0,58,0,10,77,0,87,0,40,105,0,145,58,0,58,203
09/29/2009,CPS,IL,AGL,CE,Towers with Radar,0,30,22,0,52,0,51,70,0,121,0,81,92,0,173,204,2,206,379
09/30/2009,CPS,IL,AGL,CE,Towers with Radar,0,30,26,0,56,0,44,78,0,122,0,74,104,0,178,287,0,287,465
10/01/2009,CPS,IL,AGL,CE,Towers with Radar,0,17,26,0,43,0,20,48,0,68,0,37,74,0,111,30,0,30,141
10/02/2009,CPS,IL,AGL,CE,Towers with Radar,0,17,46,1,64,0,18,74,0,92,0,35,120,1,156,44,0,44,200
10/03/2009,CPS,IL,AGL,CE,Towers with Radar,0,5,24,0,29,0,79,122,0,201,0,84,146,0,230,142,0,142,372
10/04/2009,CPS,IL,AGL,CE,Towers with Radar,0,17,39,3,59,0,44,184,2,230,0,61,223,5,289,244,0,244,533
10/05/2009,CPS,IL,AGL,CE,Towers with Radar,0,40,42,0,82,0,49,115,0,164,0,89,157,0,246,275,0,275,521
10/06/2009,CPS,IL,AGL,CE,Towers with Radar,0,26,29,0,55,0,5,71,0,76,0,31,100,0,131,30,0,30,161
10/07/2009,CPS,IL,AGL,CE,Towers with Radar,0,34,57,0,91,0,50,98,0,148,0,84,155,0,239,292,0,292,531
10/08/2009,CPS,IL,AGL,CE,Towers with Radar,0,13,27,0,40,0,0,5,0,5,0,13,32,0,45,0,0,0,45
10/09/2009,CPS,IL,AGL,CE,Towers with Radar,0,14,29,0,43,0,13,29,0,42,0,27,58,0,85,0,0,0,85
10/10/2009,CPS,IL,AGL,CE,Towers with Radar,0,18,45,0,63,0,114,85,0,199,0,132,130,0,262,261,0,261,523
10/11/2009,CPS,IL,AGL,CE,Towers with Radar,0,23,44,0,67,0,46,83,0,129,0,69,127,0,196,114,0,114,310
10/12/2009,CPS,IL,AGL,CE,Towers with Radar,0,11,28,0,39,0,40,73,0,113,0,51,101,0,152,185,0,185,337
10/13/2009,CPS,IL,AGL,CE,Towers with Radar,0,23,32,0,55,0,33,51,0,84,0,56,83,0,139,241,0,241,380
10/14/2009,CPS,IL,AGL,CE,Towers with Radar,0,29,36,0,65,0,0,3,0,3,0,29,39,0,68,0,0,0,68
10/15/2009,CPS,IL,AGL,CE,Towers with Radar,0,29,28,0,57,0,7,13,0,20,0,36,41,0,77,52,0,52,129
10/16/2009,CPS,IL,AGL,CE,Towers with Radar,0,19,38,0,57,0,7,77,0,84,0,26,115,0,141,97,0,97,238
10/17/2009,CPS,IL,AGL,CE,Towers with Radar,0,10,20,0,30,0,130,161,0,291,0,140,181,0,321,265,0,265,586
10/18/2009,CPS,IL,AGL,CE,Towers with Radar,0,14,22,0,36,0,35,107,1,143,0,49,129,1,179,149,0,149,328
10/19/2009,CPS,IL,AGL,CE,Towers with Radar,0,24,45,0,69,0,32,80,0,112,0,56,125,0,181,159,0,159,340
10/20/2009,CPS,IL,AGL,CE,Towers with Radar,0,23,35,1,59,0,47,107,0,154,0,70,142,1,213,180,0,180,393
10/21/2009,CPS,IL,AGL,CE,Towers with Radar,0,32,29,0,61,0,65,83,0,148,0,97,112,0,209,257,0,257,466
10/22/2009,CPS,IL,AGL,CE,Towers with Radar,0,21,30,0,51,0,6,20,0,26,0,27,50,0,77,12,0,12,89
10/23/2009,CPS,IL,AGL,CE,Towers with Radar,0,13,33,2,48,0,17,38,1,56,0,30,71,3,104,38,0,38,142
10/24/2009,CPS,IL,AGL,CE,Towers with Radar,0,7,21,0,28,0,47,172,0,219,0,54,193,0,247,153,0,153,400
10/25/2009,CPS,IL,AGL,CE,Towers with Radar,0,17,28,0,45,0,32,95,0,127,0,49,123,0,172,192,0,192,364
10/26/2009,CPS,IL,AGL,CE,Towers with Radar,0,22,29,0,51,0,15,49,0,64,0,37,78,0,115,80,0,80,195
10/27/2009,CPS,IL,AGL,CE,Towers with Radar,0,21,28,0,49,0,1,11,0,12,0,22,39,0,61,2,0,2,63
10/28/2009,CPS,IL,AGL,CE,Towers with Radar,0,25,44,0,69,0,15,47,0,62,0,40,91,0,131,109,0,109,240
10/29/2009,CPS,IL,AGL,CE,Towers with Radar,0,12,29,2,43,0,1,13,0,14,0,13,42,2,57,20,0,20,77
10/30/2009,CPS,IL,AGL,CE,Towers with Radar,0,12,36,0,48,0,9,42,4,55,0,21,78,4,103,40,0,40,143
10/31/2009,CPS,IL,AGL,CE,Towers with Radar,0,10,18,0,28,0,41,73,0,114,0,51,91,0,142,234,0,234,376
11/01/2009,CPS,IL,AGL,CE,Towers with Radar,0,16,27,0,43,0,13,92,0,105,0,29,119,0,148,108,0,108,256
11/02/2009,CPS,IL,AGL,CE,Towers with Radar,0,27,36,1,64,0,53,74,0,127,0,80,110,1,191,288,0,288,479
11/03/2009,CPS,IL,AGL,CE,Towers with Radar,0,34,24,0,58,0,59,84,2,145,0,93,108,2,203,488,0,488,691
11/04/2009,CPS,IL,AGL,CE,Towers with Radar,0,35,39,0,74,0,50,62,0,112,0,85,101,0,186,244,0,244,430
11/05/2009,CPS,IL,AGL,CE,Towers with Radar,0,47,32,0,79,0,64,109,0,173,0,111,141,0,252,419,0,419,671
11/06/2009,CPS,IL,AGL,CE,Towers with Radar,0,19,28,0,47,0,56,103,0,159,0,75,131,0,206,235,0,235,441
11/07/2009,CPS,IL,AGL,CE,Towers with Radar,0,5,12,0,17,0,37,138,0,175,0,42,150,0,192,133,0,133,325
11/08/2009,CPS,IL,AGL,CE,Towers with Radar,0,14,25,2,41,0,41,116,0,157,0,55,141,2,198,216,0,216,414
11/09/2009,CPS,IL,AGL,CE,Towers with Radar,0,27,36,0,63,0,62,67,0,129,0,89,103,0,192,347,0,347,539
11/10/2009,CPS,IL,AGL,CE,Towers with Radar,0,18,32,0,50,0,55,86,0,141,0,73,118,0,191,250,0,250,441
11/11/2009,CPS,IL,AGL,CE,Towers with Radar,0,22,58,0,80,0,53,58,0,111,0,75,116,0,191,292,0,292,483
11/12/2009,CPS,IL,AGL,CE,Towers with Radar,0,35,32,0,67,0,41,71,0,112,0,76,103,0,179,228,0,228,407
11/13/2009,CPS,IL,AGL,CE,Towers with Radar,0,24,25,2,51,0,40,101,0,141,0,64,126,2,192,191,2,193,385
11/14/2009,CPS,IL,AGL,CE,Towers with Radar,0,20,13,0,33,0,7,98,0,105,0,27,111,0,138,246,0,246,384
11/15/2009,CPS,IL,AGL,CE,Towers with Radar,0,22,32,2,56,0,6,35,0,41,0,28,67,2,97,16,0,16,113
11/16/2009,CPS,IL,AGL,CE,Towers with Radar,0,23,25,0,48,0,0,3,0,3,0,23,28,0,51,12,0,12,63
11/17/2009,CPS,IL,AGL,CE,Towers with Radar,0,18,44,2,64,0,1,9,0,10,0,19,53,2,74,30,0,30,104
11/18/2009,CPS,IL,AGL,CE,Towers with Radar,0,25,33,0,58,0,4,25,0,29,0,29,58,0,87,50,0,50,137
11/19/2009,CPS,IL,AGL,CE,Towers with Radar,0,15,27,0,42,0,23,66,3,92,0,38,93,3,134,88,0,88,222
11/20/2009,CPS,IL,AGL,CE,Towers with Radar,0,18,28,0,46,0,33,94,0,127,0,51,122,0,173,302,0,302,475
11/21/2009,CPS,IL,AGL,CE,Towers with Radar,0,7,22,0,29,0,33,107,1,141,0,40,129,1,170,220,0,220,390
11/22/2009,CPS,IL,AGL,CE,Towers with Radar,0,17,18,0,35,0,16,103,1,120,0,33,121,1,155,110,0,110,265
11/23/2009,CPS,IL,AGL,CE,Towers with Radar,0,22,17,0,39,0,51,103,0,154,0,73,120,0,193,213,0,213,406
11/24/2009,CPS,IL,AGL,CE,Towers with Radar,0,22,25,0,47,0,12,37,0,49,0,34,62,0,96,54,0,54,150
11/25/2009,CPS,IL,AGL,CE,Towers with Radar,0,25,27,0,52,0,15,38,0,53,0,40,65,0,105,13,0,13,118
11/26/2009,CPS,IL,AGL,CE,Towers with Radar,0,0,0,0,0,0,1,13,0,14,0,1,13,0,14,3,0,3,17
11/27/2009,CPS,IL,AGL,CE,Towers with Radar,0,12,16,0,28,0,4,187,0,191,0,16,203,0,219,136,0,136,355
11/28/2009,CPS,IL,AGL,CE,Towers with Radar,0,2,22,0,24,0,27,148,0,175,0,29,170,0,199,78,0,78,277
11/29/2009,CPS,IL,AGL,CE,Towers with Radar,0,7,30,1,38,0,4,30,0,34,0,11,60,1,72,0,0,0,72
11/30/2009,CPS,IL,AGL,CE,Towers with Radar,0,35,25,0,60,0,40,80,0,120,0,75,105,0,180,288,0,288,468
12/01/2009,CPS,IL,AGL,CE,Towers with Radar,0,36,28,0,64,0,36,92,0,128,0,72,120,0,192,200,0,200,392
12/02/2009,CPS,IL,AGL,CE,Towers with Radar,0,22,32,0,54,0,10,17,0,27,0,32,49,0,81,137,0,137,218
12/03/2009,CPS,IL,AGL,CE,Towers with Radar,0,30,43,0,73,0,63,62,1,126,0,93,105,1,199,270,0,270,469
12/04/2009,CPS,IL,AGL,CE,Towers with Radar,0,24,32,0,56,0,49,83,0,132,0,73,115,0,188,243,0,243,431
12/05/2009,CPS,IL,AGL,CE,Towers with Radar,0,13,19,0,32,0,69,83,0,152,0,82,102,0,184,289,0,289,473
12/06/2009,CPS,IL,AGL,CE,Towers with Radar,0,15,17,0,32,0,12,32,0,44,0,27,49,0,76,26,0,26,102
12/07/2009,CPS,IL,AGL,CE,Towers with Radar,0,20,21,0,41,0,19,65,0,84,0,39,86,0,125,134,0,134,259
12/08/2009,CPS,IL,AGL,CE,Towers with Radar,0,16,16,0,32,0,3,4,0,7,0,19,20,0,39,20,0,20,59
12/09/2009,CPS,IL,AGL,CE,Towers with Radar,0,18,15,0,33,0,2,14,3,19,0,20,29,3,52,10,0,10,62
12/10/2009,CPS,IL,AGL,CE,Towers with Radar,0,32,49,0,81,0,24,55,2,81,0,56,104,2,162,145,0,145,307
12/11/2009,CPS,IL,AGL,CE,Towers with Radar,0,27,28,0,55,0,37,66,0,103,0,64,94,0,158,215,0,215,373
12/12/2009,CPS,IL,AGL,CE,Towers with Radar,0,3,17,0,20,0,31,65,0,96,0,34,82,0,116,256,0,256,372
12/13/2009,CPS,IL,AGL,CE,Towers with Radar,0,11,14,0,25,0,5,19,0,24,0,16,33,0,49,22,0,22,71
12/14/2009,CPS,IL,AGL,CE,Towers with Radar,0,23,21,0,44,0,24,76,0,100,0,47,97,0,144,83,0,83,227
12/15/2009,CPS,IL,AGL,CE,Towers with Radar,0,27,20,0,47,0,20,53,0,73,0,47,73,0,120,210,0,210,330
12/16/2009,CPS,IL,AGL,CE,Towers with Radar,0,26,22,0,48,0,36,67,0,103,0,62,89,0,151,150,0,150,301
12/17/2009,CPS,IL,AGL,CE,Towers with Radar,0,22,39,0,61,0,23,58,0,81,0,45,97,0,142,201,0,201,343
12/18/2009,CPS,IL,AGL,CE,Towers with Radar,0,13,24,1,38,0,17,45,0,62,0,30,69,1,100,112,0,112,212
12/19/2009,CPS,IL,AGL,CE,Towers with Radar,0,3,14,0,17,0,36,42,0,78,0,39,56,0,95,98,0,98,193
12/20/2009,CPS,IL,AGL,CE,Towers with Radar,0,20,5,1,26,0,8,16,0,24,0,28,21,1,50,26,0,26,76
12/21/2009,CPS,IL,AGL,CE,Towers with Radar,0,20,27,0,47,0,18,59,0,77,0,38,86,0,124,102,0,102,226
12/22/2009,CPS,IL,AGL,CE,Towers with Radar,0,16,36,0,52,0,7,5,0,12,0,23,41,0,64,14,0,14,78
12/23/2009,CPS,IL,AGL,CE,Towers with Radar,0,16,22,0,38,0,0,4,0,4,0,16,26,0,42,18,0,18,60
12/24/2009,CPS,IL,AGL,CE,Towers with Radar,0,12,11,0,23,0,0,8,0,8,0,12,19,0,31,0,0,0,31
12/25/2009,CPS,IL,AGL,CE,Towers with Radar,0,0,1,0,1,0,0,9,0,9,0,0,10,0,10,0,0,0,10
12/26/2009,CPS,IL,AGL,CE,Towers with Radar,0,2,19,0,21,0,0,24,1,25,0,2,43,1,46,0,0,0,46
12/27/2009,CPS,IL,AGL,CE,Towers with Radar,0,18,3,0,21,0,5,10,0,15,0,23,13,0,36,0,0,0,36
12/28/2009,CPS,IL,AGL,CE,Towers with Radar,0,24,17,0,41,0,9,49,0,58,0,33,66,0,99,58,2,60,159
12/29/2009,CPS,IL,AGL,CE,Towers with Radar,0,16,27,0,43,0,15,87,0,102,0,31,114,0,145,68,0,68,213
12/30/2009,CPS,IL,AGL,CE,Towers with Radar,0,17,22,0,39,0,3,2,0,5,0,20,24,0,44,0,0,0,44
12/31/2009,CPS,IL,AGL,CE,Towers with Radar,0,8,11,0,19,0,2,17,0,19,0,10,28,0,38,0,0,0,38
01/01/2010,CPS,IL,AGL,CE,Towers with Radar,0,2,5,0,7,0,0,17,0,17,0,2,22,0,24,0,0,0,24
01/02/2010,CPS,IL,AGL,CE,Towers with Radar,0,6,8,0,14,0,0,47,0,47,0,6,55,0,61,16,0,16,77
01/03/2010,CPS,IL,AGL,CE,Towers with Radar,0,20,26,0,46,0,8,36,0,44,0,28,62,0,90,8,0,8,98
01/04/2010,CPS,IL,AGL,CE,Towers with Radar,0,20,15,0,35,0,21,35,0,56,0,41,50,0,91,38,0,38,129
01/05/2010,CPS,IL,AGL,CE,Towers with Radar,0,20,17,0,37,0,15,55,3,73,0,35,72,3,110,62,0,62,172
01/06/2010,CPS,IL,AGL,CE,Towers with Radar,0,14,19,1,34,0,14,47,0,61,0,28,66,1,95,78,3,81,176
01/07/2010,CPS,IL,AGL,CE,Towers with Radar,0,26,8,0,34,0,21,5,0,26,0,47,13,0,60,30,0,30,90
01/08/2010,CPS,IL,AGL,CE,Towers with Radar,0,13,21,0,34,0,1,19,0,20,0,14,40,0,54,0,0,0,54
01/09/2010,CPS,IL,AGL,CE,Towers with Radar,0,5,12,0,17,0,14,38,2,54,0,19,50,2,71,21,0,21,92
01/10/2010,CPS,IL,AGL,CE,Towers with Radar,0,18,13,0,31,0,5,20,0,25,0,23,33,0,56,6,0,6,62
01/11/2010,CPS,IL,AGL,CE,Towers with Radar,0,25,20,0,45,0,4,44,0,48,0,29,64,0,93,22,0,22,115
01/12/2010,CPS,IL,AGL,CE,Towers with Radar,0,16,25,0,41,0,16,44,0,60,0,32,69,0,101,54,0,54,155
01/13/2010,CPS,IL,AGL,CE,Towers with Radar,0,18,31,0,49,0,54,80,1,135,0,72,111,1,184,188,0,188,372
01/14/2010,CPS,IL,AGL,CE,Towers with Radar,0,16,29,0,45,0,28,65,0,93,0,44,94,0,138,159,0,159,297
01/15/2010,CPS,IL,AGL,CE,Towers with Radar,0,12,17,0,29,0,0,6,0,6,0,12,23,0,35,0,0,0,35
01/16/2010,CPS,IL,AGL,CE,Towers with Radar,0,6,21,0,27,0,2,24,0,26,0,8,45,0,53,34,0,34,87
01/17/2010,CPS,IL,AGL,CE,Towers with Radar,0,19,21,0,40,0,16,23,0,39,0,35,44,0,79,47,0,47,126
01/18/2010,CPS,IL,AGL,CE,Towers with Radar,0,17,28,0,45,0,13,23,0,36,0,30,51,0,81,31,0,31,112
01/19/2010,CPS,IL,AGL,CE,Towers with Radar,0,22,16,0,38,0,0,6,0,6,0,22,22,0,44,0,0,0,44
01/20/2010,CPS,IL,AGL,CE,Towers with Radar,0,11,11,0,22,0,0,0,0,0,0,11,11,0,22,0,0,0,22
01/21/2010,CPS,IL,AGL,CE,Towers with Radar,0,25,16,0,41,0,36,92,0,128,0,61,108,0,169,212,0,212,381
01/22/2010,CPS,IL,AGL,CE,Towers with Radar,0,10,21,0,31,0,65,45,0,110,0,75,66,0,141,246,0,246,387
01/23/2010,CPS,IL,AGL,CE,Towers with Radar,0,1,10,0,11,0,63,92,0,155,0,64,102,0,166,248,0,248,414
01/24/2010,CPS,IL,AGL,CE,Towers with Radar,0,5,4,0,9,0,68,44,0,112,0,73,48,0,121,266,0,266,387
01/25/2010,CPS,IL,AGL,CE,Towers with Radar,0,28,20,0,48,0,12,53,0,65,0,40,73,0,113,82,0,82,195
01/26/2010,CPS,IL,AGL,CE,Towers with Radar,0,22,38,0,60,0,24,68,0,92,0,46,106,0,152,150,0,150,302
01/27/2010,CPS,IL,AGL,CE,Towers with Radar,0,24,25,0,49,0,45,41,0,86,0,69,66,0,135,189,0,189,324
01/28/2010,CPS,IL,AGL,CE,Towers with Radar,0,22,23,0,45,0,42,90,0,132,0,64,113,0,177,271,0,271,448
01/29/2010,CPS,IL,AGL,CE,Towers with Radar,0,14,22,0,36,0,49,55,0,104,0,63,77,0,140,282,0,282,422
01/30/2010,CPS,IL,AGL,CE,Towers with Radar,0,5,10,0,15,0,68,69,0,137,0,73,79,0,152,293,0,293,445
01/31/2010,CPS,IL,AGL,CE,Towers with Radar,0,19,19,0,38,0,28,74,0,102,0,47,93,0,140,110,0,110,250
02/01/2010,CPS,IL,AGL,CE,Towers with Radar,0,31,19,2,52,0,46,72,0,118,0,77,91,2,170,252,0,252,422
02/02/2010,CPS,IL,AGL,CE,Towers with Radar,0,17,28,0,45,0,32,67,0,99,0,49,95,0,144,186,0,186,330
02/03/2010,CPS,IL,AGL,CE,Towers with Radar,0,25,26,0,51,0,64,86,0,150,0,89,112,0,201,280,0,280,481
02/04/2010,CPS,IL,AGL,CE,Towers with Radar,0,20,36,2,58,0,22,50,0,72,0,42,86,2,130,128,0,128,258
02/05/2010,CPS,IL,AGL,CE,Towers with Radar,0,12,14,0,26,0,0,0,0,0,0,12,14,0,26,0,0,0,26
02/06/2010,CPS,IL,AGL,CE,Towers with Radar,0,5,15,0,20,0,22,27,0,49,0,27,42,0,69,89,0,89,158
02/07/2010,CPS,IL,AGL,CE,Towers with Radar,0,25,12,0,37,0,37,57,0,94,0,62,69,0,131,104,0,104,235
02/08/2010,CPS,IL,AGL,CE,Towers with Radar,0,23,11,0,34,0,2,7,0,9,0,25,18,0,43,0,0,0,43
02/09/2010,CPS,IL,AGL,CE,Towers with Radar,0,25,26,0,51,0,2,46,0,48,0,27,72,0,99,0,0,0,99
02/10/2010,CPS,IL,AGL,CE,Towers with Radar,0,34,35,0,69,0,37,60,0,97,0,71,95,0,166,199,0,199,365
02/11/2010,CPS,IL,AGL,CE,Towers with Radar,0,23,33,0,56,0,60,79,0,139,0,83,112,0,195,301,0,301,496
02/12/2010,CPS,IL,AGL,CE,Towers with Radar,0,13,26,0,39,0,28,51,1,80,0,41,77,1,119,220,0,220,339
02/13/2010,CPS,IL,AGL,CE,Towers with Radar,0,20,9,0,29,0,20,56,0,76,0,40,65,0,105,73,0,73,178
02/14/2010,CPS,IL,AGL,CE,Towers with Radar,0,28,5,0,33,0,0,0,0,0,0,28,5,0,33,0,0,0,33
02/15/2010,CPS,IL,AGL,CE,Towers with Radar,0,13,11,0,24,0,8,39,0,47,0,21,50,0,71,72,0,72,143
02/16/2010,CPS,IL,AGL,CE,Towers with Radar,0,25,31,0,56,0,16,64,0,80,0,41,95,0,136,98,0,98,234
02/17/2010,CPS,IL,AGL,CE,Towers with Radar,0,29,22,2,53,0,54,75,0,129,0,83,97,2,182,323,0,323,505
02/18/2010,CPS,IL,AGL,CE,Towers with Radar,0,41,32,1,74,0,59,97,0,156,0,100,129,1,230,408,0,408,638
02/19/2010,CPS,IL,AGL,CE,Towers with Radar,0,13,19,1,33,0,33,61,0,94,0,46,80,1,127,136,0,136,263
02/20/2010,CPS,IL,AGL,CE,Towers with Radar,0,4,10,0,14,0,19,154,0,173,0,23,164,0,187,101,0,101,288
02/21/2010,CPS,IL,AGL,CE,Towers with Radar,0,14,9,0,23,0,0,0,0,0,0,14,9,0,23,0,0,0,23
02/22/2010,CPS,IL,AGL,CE,Towers with Radar,0,23,11,0,34,0,5,27,0,32,0,28,38,0,66,0,0,0,66
02/23/2010,CPS,IL,AGL,CE,Towers with Radar,0,24,36,0,60,0,56,51,0,107,0,80,87,0,167,182,2,184,351
02/24/2010,CPS,IL,AGL,CE,Towers with Radar,0,25,30,0,55,0,32,53,0,85,0,57,83,0,140,163,0,163,303
02/25/2010,CPS,IL,AGL,CE,Towers with Radar,0,30,28,2,60,0,41,91,0,132,0,71,119,2,192,224,0,224,416
02/26/2010,CPS,IL,AGL,CE,Towers with Radar,0,28,30,0,58,0,31,57,0,88,0,59,87,0,146,114,0,114,260
02/27/2010,CPS,IL,AGL,CE,Towers with Radar,0,5,30,0,35,0,28,83,0,111,0,33,113,0,146,162,0,162,308
02/28/2010,CPS,IL,AGL,CE,Towers with Radar,0,19,24,0,43,0,33,84,0,117,0,52,108,0,160,152,0,152,312
03/01/2010,CPS,IL,AGL,CE,Towers with Radar,0,20,29,1,50,0,16,61,0,77,0,36,90,1,127,212,0,212,339
03/02/2010,CPS,IL,AGL,CE,Towers with Radar,0,11,16,0,27,0,43,72,0,115,0,54,88,0,142,78,0,78,220
03/03/2010,CPS,IL,AGL,CE,Towers with Radar,0,19,22,0,41,0,34,68,0,102,0,53,90,0,143,143,0,143,286
03/04/2010,CPS,IL,AGL,CE,Towers with Radar,0,19,35,1,55,0,47,72,0,119,0,66,107,1,174,355,0,355,529
03/05/2010,CPS,IL,AGL,CE,Towers with Radar,0,26,58,0,84,0,71,101,0,172,0,97,159,0,256,316,0,316,572
03/06/2010,CPS,IL,AGL,CE,Towers with Radar,0,7,27,0,34,0,20,129,0,149,0,27,156,0,183,186,0,186,369
03/07/2010,CPS,IL,AGL,CE,Towers with Radar,0,21,45,2,68,0,21,56,0,77,0,42,101,2,145,132,0,132,277
03/08/2010,CPS,IL,AGL,CE,Towers with Radar,0,20,20,0,40,0,18,52,2,72,0,38,72,2,112,184,0,184,296
03/09/2010,CPS,IL,AGL,CE,Towers with Radar,0,25,31,0,56,0,27,23,0,50,0,52,54,0,106,2,0,2,108
03/10/2010,CPS,IL,AGL,CE,Towers with Radar,0,14,26,0,40,0,29,59,0,88,0,43,85,0,128,120,0,120,248
03/11/2010,CPS,IL,AGL,CE,Towers with Radar,0,21,40,0,61,0,20,56,0,76,0,41,96,0,137,50,0,50,187
03/12/2010,CPS,IL,AGL,CE,Towers with Radar,0,12,31,0,43,0,0,23,0,23,0,12,54,0,66,6,0,6,72
03/13/2010,CPS,IL,AGL,CE,Towers with Radar,0,2,16,0,18,0,1,9,0,10,0,3,25,0,28,3,0,3,31
03/14/2010,CPS,IL,AGL,CE,Towers with Radar,0,20,14,0,34,0,67,91,0,158,0,87,105,0,192,232,0,232,424
03/15/2010,CPS,IL,AGL,CE,Towers with Radar,0,25,28,1,54,0,33,62,0,95,0,58,90,1,149,101,0,101,250
03/16/2010,CPS,IL,AGL,CE,Towers with Radar,0,29,28,0,57,0,32,65,0,97,0,61,93,0,154,208,0,208,362
03/17/2010,CPS,IL,AGL,CE,Towers with Radar,0,22,24,0,46,0,38,89,0,127,0,60,113,0,173,156,0,156,329
03/18/2010,CPS,IL,AGL,CE,Towers with Radar,0,16,51,0,67,0,72,109,0,181,0,88,160,0,248,289,0,289,537
03/19/2010,CPS,IL,AGL,CE,Towers with Radar,0,24,18,0,42,0,64,79,0,143,0,88,97,0,185,290,0,290,475
03/20/2010,CPS,IL,AGL,CE,Towers with Radar,0,8,12,0,20,0,77,62,0,139,0,85,74,0,159,292,0,292,451
03/21/2010,CPS,IL,AGL,CE,Towers with Radar,0,13,7,0,20,0,55,76,0,131,0,68,83,0,151,242,0,242,393
03/22/2010,CPS,IL,AGL,CE,Towers with Radar,0,18,41,0,59,0,54,75,2,131,0,72,116,2,190,271,0,271,461
03/23/2010,CPS,IL,AGL,CE,Towers with Radar,0,15,22,1,38,0,88,92,0,180,0,103,114,1,218,326,0,326,544
03/24/2010,CPS,IL,AGL,CE,Towers with Radar,0,29,38,0,67,0,34,85,0,119,0,63,123,0,186,245,0,245,431
03/25/2010,CPS,IL,AGL,CE,Towers with Radar,0,15,20,0,35,0,72,98,0,170,0,87,118,0,205,270,0,270,475
03/26/2010,CPS,IL,AGL,CE,Towers with Radar,0,28,83,0,111,0,63,106,0,169,0,91,189,0,280,284,0,284,564
03/27/2010,CPS,IL,AGL,CE,Towers with Radar,0,10,39,0,49,0,63,82,0,145,0,73,121,0,194,322,0,322,516
03/28/2010,CPS,IL,AGL,CE,Towers with Radar,0,18,36,0,54,0,58,56,0,114,0,76,92,0,168,272,0,272,440
03/29/2010,CPS,IL,AGL,CE,Towers with Radar,0,27,34,0,61,0,56,85,0,141,0,83,119,0,202,170,0,170,372
03/30/2010,CPS,IL,AGL,CE,Towers with Radar,0,25,33,0,58,0,84,117,0,201,0,109,150,0,259,402,0,402,661
03/31/2010,CPS,IL,AGL,CE,Towers with Radar,0,20,31,0,51,0,47,92,5,144,0,67,123,5,195,198,0,198,393
04/01/2010,CPS,IL,AGL,CE,Towers with Radar,0,15,22,0,37,0,16,65,0,81,0,31,87,0,118,229,0,229,347
04/02/2010,CPS,IL,AGL,CE,Towers with Radar,0,9,32,0,41,0,34,100,0,134,0,43,132,0,175,33,2,35,210
04/03/2010,CPS,IL,AGL,CE,Towers with Radar,0,2,17,1,20,0,22,247,1,270,0,24,264,2,290,24,0,24,314
04/04/2010,CPS,IL,AGL,CE,Towers with Radar,0,11,15,1,27,0,10,134,0,144,0,21,149,1,171,30,0,30,201
04/05/2010,CPS,IL,AGL,CE,Towers with Radar,0,19,21,3,43,0,20,112,0,132,0,39,133,3,175,8,0,8,183
04/06/2010,CPS,IL,AGL,CE,Towers with Radar,0,22,29,0,51,0,7,58,0,65,0,29,87,0,116,24,0,24,140
04/07/2010,CPS,IL,AGL,CE,Towers with Radar,0,25,35,0,60,0,24,64,0,88,0,49,99,0,148,76,0,76,224
04/08/2010,CPS,IL,AGL,CE,Towers with Radar,0,23,23,0,46,0,57,124,0,181,0,80,147,0,227,315,0,315,542
04/09/2010,CPS,IL,AGL,CE,Towers with Radar,0,17,27,0,44,0,49,170,1,220,0,66,197,1,264,220,0,220,484
04/10/2010,CPS,IL,AGL,CE,Towers with Radar,0,8,21,0,29,0,92,194,0,286,0,100,215,0,315,382,0,382,697
04/11/2010,CPS,IL,AGL,CE,Towers with Radar,0,19,25,0,44,0,66,128,0,194,0,85,153,0,238,386,0,386,624
04/12/2010,CPS,IL,AGL,CE,Towers with Radar,0,38,36,0,74,0,57,122,1,180,0,95,158,1,254,366,0,366,620
04/13/2010,CPS,IL,AGL,CE,Towers with Radar,0,24,24,0,48,0,54,113,2,169,0,78,137,2,217,362,0,362,579
04/14/2010,CPS,IL,AGL,CE,Towers with Radar,0,27,30,0,57,0,53,93,1,147,0,80,123,1,204,240,0,240,444
04/15/2010,CPS,IL,AGL,CE,Towers with Radar,0,17,37,0,54,0,45,85,0,130,0,62,122,0,184,186,0,186,370
04/16/2010,CPS,IL,AGL,CE,Towers with Radar,0,15,34,2,51,0,19,62,0,81,0,34,96,2,132,58,0,58,190
04/17/2010,CPS,IL,AGL,CE,Towers with Radar,0,5,19,0,24,0,21,169,2,192,0,26,188,2,216,167,0,167,383
04/18/2010,CPS,IL,AGL,CE,Towers with Radar,0,13,26,2,41,0,51,162,0,213,0,64,188,2,254,100,2,102,356
04/19/2010,CPS,IL,AGL,CE,Towers with Radar,0,28,27,0,55,0,61,85,0,146,0,89,112,0,201,361,0,361,562
04/20/2010,CPS,IL,AGL,CE,Towers with Radar,0,15,22,0,37,0,71,111,0,182,0,86,133,0,219,314,0,314,533
04/21/2010,CPS,IL,AGL,CE,Towers with Radar,0,20,30,0,50,0,82,90,0,172,0,102,120,0,222,336,0,336,558
04/22/2010,CPS,IL,AGL,CE,Towers with Radar,0,21,29,0,50,0,48,106,0,154,0,69,135,0,204,203,0,203,407
04/23/2010,CPS,IL,AGL,CE,Towers with Radar,0,12,16,0,28,0,60,98,0,158,0,72,114,0,186,259,0,259,445
04/24/2010,CPS,IL,AGL,CE,Towers with Radar,0,1,11,0,12,0,80,63,0,143,0,81,74,0,155,268,0,268,423
04/25/2010,CPS,IL,AGL,CE,Towers with Radar,0,23,21,0,44,0,62,70,0,132,0,85,91,0,176,274,0,274,450
04/26/2010,CPS,IL,AGL,CE,Towers with Radar,0,18,25,1,44,0,12,48,0,60,0,30,73,1,104,53,0,53,157
04/27/2010,CPS,IL,AGL,CE,Towers with Radar,0,17,25,1,43,0,45,128,0,173,0,62,153,1,216,154,0,154,370
04/28/2010,CPS,IL,AGL,CE,Towers with Radar,0,29,58,0,87,0,54,114,0,168,0,83,172,0,255,257,0,257,512
04/29/2010,CPS,IL,AGL,CE,Towers with Radar,1,16,26,0,43,0,3,56,0,59,1,19,82,0,102,26,0,26,128
04/30/2010,CPS,IL,AGL,CE,Towers with Radar,0,14,17,1,32,0,11,47,0,58,0,25,64,1,90,51,0,51,141
05/01/2010,CPS,IL,AGL,CE,Towers with Radar,0,4,27,0,31,0,14,96,1,111,0,18,123,1,142,74,0,74,216
05/02/2010,CPS,IL,AGL,CE,Towers with Radar,0,14,22,0,36,0,21,115,0,136,0,35,137,0,172,74,0,74,246
05/03/2010,CPS,IL,AGL,CE,Towers with Radar,0,17,31,1,49,0,37,70,1,108,0,54,101,2,157,132,0,132,289
05/04/2010,CPS,IL,AGL,CE,Towers with Radar,0,25,19,2,46,0,52,77,0,129,0,77,96,2,175,238,0,238,413
05/05/2010,CPS,IL,AGL,CE,Towers with Radar,0,16,43,0,59,0,58,104,0,162,0,74,147,0,221,293,0,293,514
05/06/2010,CPS,IL,AGL,CE,Towers with Radar,0,22,19,0,41,0,63,107,1,171,0,85,126,1,212,304,0,304,516
05/07/2010,CPS,IL,AGL,CE,Towers with Radar,0,10,31,0,41,0,25,60,1,86,0,35,91,1,127,36,0,36,163
05/08/2010,CPS,IL,AGL,CE,Towers with Radar,0,4,13,0,17,0,0,53,0,53,0,4,66,0,70,4,0,4,74
05/09/2010,CPS,IL,AGL,CE,Towers with Radar,0,13,26,0,39,0,14,120,0,134,0,27,146,0,173,122,0,122,295
05/10/2010,CPS,IL,AGL,CE,Towers with Radar,0,28,20,1,49,0,13,63,0,76,0,41,83,1,125,82,1,83,208
05/11/2010,CPS,IL,AGL,CE,Towers with Radar,0,19,26,4,49,0,37,96,2,135,0,56,122,6,184,308,0,308,492
05/12/2010,CPS,IL,AGL,CE,Towers with Radar,0,17,33,0,50,0,6,57,0,63,0,23,90,0,113,92,0,92,205
05/13/2010,CPS,IL,AGL,CE,Towers with Radar,0,14,26,0,40,0,9,38,0,47,0,23,64,0,87,45,0,45,132
05/14/2010,CPS,IL,AGL,CE,Towers with Radar,0,16,27,0,43,0,16,76,0,92,0,32,103,0,135,79,0,79,214
05/15/2010,CPS,IL,AGL,CE,Towers with Radar,0,1,9,0,10,0,0,26,0,26,0,1,35,0,36,0,0,0,36
05/16/2010,CPS,IL,AGL,CE,Towers with Radar,0,16,20,0,36,0,8,109,0,117,0,24,129,0,153,30,0,30,183
05/17/2010,CPS,IL,AGL,CE,Towers with Radar,0,25,33,0,58,0,12,47,0,59,0,37,80,0,117,52,0,52,169
05/18/2010,CPS,IL,AGL,CE,Towers with Radar,0,20,38,1,59,0,49,123,1,173,0,69,161,2,232,344,0,344,576
05/19/2010,CPS,IL,AGL,CE,Towers with Radar,0,21,41,2,64,0,46,99,0,145,0,67,140,2,209,316,0,316,525
05/20/2010,CPS,IL,AGL,CE,Towers with Radar,0,19,31,4,54,0,69,52,0,121,0,88,83,4,175,267,0,267,442
05/21/2010,CPS,IL,AGL,CE,Towers with Radar,0,18,32,0,50,0,44,83,3,130,0,62,115,3,180,293,0,293,473
05/22/2010,CPS,IL,AGL,CE,Towers with Radar,0,7,41,0,48,0,67,174,6,247,0,74,215,6,295,203,0,203,498
05/23/2010,CPS,IL,AGL,CE,Towers with Radar,0,22,36,3,61,0,53,69,0,122,0,75,105,3,183,283,0,283,466
05/24/2010,CPS,IL,AGL,CE,Towers with Radar,0,21,40,0,61,0,48,114,0,162,0,69,154,0,223,317,0,317,540
05/25/2010,CPS,IL,AGL,CE,Towers with Radar,0,19,22,0,41,0,34,80,0,114,0,53,102,0,155,332,0,332,487
05/26/2010,CPS,IL,AGL,CE,Towers with Radar,0,18,24,2,44,0,27,42,0,69,0,45,66,2,113,96,0,96,209
05/27/2010,CPS,IL,AGL,CE,Towers with Radar,0,16,44,1,61,0,70,119,2,191,0,86,163,3,252,305,0,305,557
05/28/2010,CPS,IL,AGL,CE,Towers with Radar,0,15,36,0,51,0,42,131,0,173,0,57,167,0,224,61,1,62,286
05/29/2010,CPS,IL,AGL,CE,Towers with Radar,0,0,15,0,15,0,9,283,0,292,0,9,298,0,307,175,0,175,482
05/30/2010,CPS,IL,AGL,CE,Towers with Radar,0,12,20,0,32,0,17,352,0,369,0,29,372,0,401,147,0,147,548
05/31/2010,CPS,IL,AGL,CE,Towers with Radar,0,12,34,0,46,0,0,167,0,167,0,12,201,0,213,88,0,88,301
06/01/2010,CPS,IL,AGL,CE,Towers with Radar,0,17,34,0,51,0,43,117,0,160,0,60,151,0,211,119,0,119,330
06/02/2010,CPS,IL,AGL,CE,Towers with Radar,0,21,35,0,56,0,38,162,0,200,0,59,197,0,256,180,0,180,436
06/03/2010,CPS,IL,AGL,CE,Towers with Radar,0,16,21,1,38,0,42,93,0,135,0,58,114,1,173,220,0,220,393
06/04/2010,CPS,IL,AGL,CE,Towers with Radar,0,21,35,1,57,0,58,160,0,218,0,79,195,1,275,191,0,191,466
06/05/2010,CPS,IL,AGL,CE,Towers with Radar,0,4,26,1,31,0,1,153,0,154,0,5,179,1,185,16,0,16,201
06/06/2010,CPS,IL,AGL,CE,Towers with Radar,0,16,17,0,33,0,9,181,0,190,0,25,198,0,223,90,0,90,313
06/07/2010,CPS,IL,AGL,CE,Towers with Radar,0,16,22,0,38,0,52,154,0,206,0,68,176,0,244,204,0,204,448
06/08/2010,CPS,IL,AGL,CE,Towers with Radar,0,18,23,0,41,0,19,94,0,113,0,37,117,0,154,76,0,76,230
06/09/2010,CPS,IL,AGL,CE,Towers with Radar,0,39,37,0,76,0,32,135,0,167,0,71,172,0,243,212,0,212,455
06/10/2010,CPS,IL,AGL,CE,Towers with Radar,0,14,34,0,48,0,52,121,1,174,0,66,155,1,222,270,0,270,492
06/11/2010,CPS,IL,AGL,CE,Towers with Radar,0,15,27,0,42,0,9,96,0,105,0,24,123,0,147,38,0,38,185
06/12/2010,CPS,IL,AGL,CE,Towers with Radar,0,0,15,0,15,0,12,62,0,74,0,12,77,0,89,65,0,65,154
06/13/2010,CPS,IL,AGL,CE,Towers with Radar,0,19,28,0,47,0,12,118,1,131,0,31,146,1,178,49,0,49,227
06/14/2010,CPS,IL,AGL,CE,Towers with Radar,0,23,30,0,53,0,45,164,0,209,0,68,194,0,262,258,0,258,520
06/15/2010,CPS,IL,AGL,CE,Towers with Radar,0,15,26,2,43,0,59,103,2,164,0,74,129,4,207,151,0,151,358
06/16/2010,CPS,IL,AGL,CE,Towers with Radar,0,24,38,2,64,0,43,142,0,185,0,67,180,2,249,464,0,464,713
06/17/2010,CPS,IL,AGL,CE,Towers with Radar,0,20,39,0,59,0,26,75,0,101,0,46,114,0,160,235,0,235,395
06/18/2010,CPS,IL,AGL,CE,Towers with Radar,0,11,47,0,58,0,38,93,9,140,0,49,140,9,198,268,0,268,466
06/19/2010,CPS,IL,AGL,CE,Towers with Radar,0,1,33,0,34,0,1,71,1,73,0,2,104,1,107,23,0,23,130
06/20/2010,CPS,IL,AGL,CE,Towers with Radar,0,17,34,0,51,0,13,64,0,77,0,30,98,0,128,42,0,42,170
06/21/2010,CPS,IL,AGL,CE,Towers with Radar,0,30,27,0,57,0,35,100,0,135,0,65,127,0,192,227,0,227,419
06/22/2010,CPS,IL,AGL,CE,Towers with Radar,0,19,28,0,47,0,22,58,0,80,0,41,86,0,127,153,0,153,280
06/23/2010,CPS,IL,AGL,CE,Towers with Radar,0,21,33,0,54,0,30,121,0,151,0,51,154,0,205,212,0,212,417
06/24/2010,CPS,IL,AGL,CE,Towers with Radar,0,14,43,0,57,0,115,126,1,242,0,129,169,1,299,375,0,375,674
06/25/2010,CPS,IL,AGL,CE,Towers with Radar,0,11,24,0,35,0,14,86,0,100,0,25,110,0,135,173,0,173,308
06/26/2010,CPS,IL,AGL,CE,Towers with Radar,0,3,19,0,22,0,18,129,0,147,0,21,148,0,169,112,0,112,281
06/27/2010,CPS,IL,AGL,CE,Towers with Radar,0,14,19,0,33,0,3,125,0,128,0,17,144,0,161,74,0,74,235
06/28/2010,CPS,IL,AGL,CE,Towers with Radar,0,22,43,0,65,0,66,150,0,216,0,88,193,0,281,380,0,380,661
06/29/2010,CPS,IL,AGL,CE,Towers with Radar,0,16,40,0,56,0,46,114,0,160,0,62,154,0,216,235,0,235,451
06/30/2010,CPS,IL,AGL,CE,Towers with Radar,0,24,56,0,80,0,33,136,1,170,0,57,192,1,250,198,0,198,448
07/01/2010,CPS,IL,AGL,CE,Towers with Radar,0,15,37,0,52,0,38,101,0,139,0,53,138,0,191,175,0,175,366
07/02/2010,CPS,IL,AGL,CE,Towers with Radar,0,20,29,0,49,0,16,197,4,217,0,36,226,4,266,117,0,117,383
07/03/2010,CPS,IL,AGL,CE,Towers with Radar,0,1,19,0,20,0,18,178,0,196,0,19,197,0,216,16,4,20,236
07/04/2010,CPS,IL,AGL,CE,Towers with Radar,0,14,12,0,26,0,3,86,3,92,0,17,98,3,118,10,0,10,128
07/05/2010,CPS,IL,AGL,CE,Towers with Radar,0,10,23,0,33,0,9,79,0,88,0,19,102,0,121,16,0,16,137
07/06/2010,CPS,IL,AGL,CE,Towers with Radar,0,20,24,0,44,0,50,143,0,193,0,70,167,0,237,174,0,174,411
07/07/2010,CPS,IL,AGL,CE,Towers with Radar,0,24,20,0,44,0,19,58,0,77,0,43,78,0,121,132,0,132,253
07/08/2010,CPS,IL,AGL,CE,Towers with Radar,0,20,22,0,42,0,32,102,0,134,0,52,124,0,176,78,0,78,254
07/09/2010,CPS,IL,AGL,CE,Towers with Radar,0,15,25,2,42,0,18,80,1,99,0,33,105,3,141,32,0,32,173
07/10/2010,CPS,IL,AGL,CE,Towers with Radar,0,10,24,0,34,0,34,110,0,144,0,44,134,0,178,125,0,125,303
07/11/2010,CPS,IL,AGL,CE,Towers with Radar,0,13,24,0,37,0,15,62,0,77,0,28,86,0,114,10,0,10,124
07/12/2010,CPS,IL,AGL,CE,Towers with Radar,0,27,25,1,53,0,58,95,0,153,0,85,120,1,206,132,0,132,338
07/13/2010,CPS,IL,AGL,CE,Towers with Radar,0,13,25,0,38,0,33,85,1,119,0,46,110,1,157,146,0,146,303
07/14/2010,CPS,IL,AGL,CE,Towers with Radar,0,23,27,1,51,0,28,102,0,130,0,51,129,1,181,232,0,232,413
07/15/2010,CPS,IL,AGL,CE,Towers with Radar,0,17,36,2,55,0,12,90,0,102,0,29,126,2,157,72,0,72,229
07/16/2010,CPS,IL,AGL,CE,Towers with Radar,0,27,36,0,63,0,38,169,3,210,0,65,205,3,273,191,0,191,464
07/17/2010,CPS,IL,AGL,CE,Towers with Radar,0,11,39,1,51,0,10,231,1,242,0,21,270,2,293,69,0,69,362
07/18/2010,CPS,IL,AGL,CE,Towers with Radar,0,17,29,0,46,0,8,94,0,102,0,25,123,0,148,92,0,92,240
07/19/2010,CPS,IL,AGL,CE,Towers with Radar,0,18,28,1,47,0,9,124,2,135,0,27,152,3,182,137,0,137,319
07/20/2010,CPS,IL,AGL,CE,Towers with Radar,0,12,37,0,49,0,5,100,3,108,0,17,137,3,157,114,0,114,271
07/21/2010,CPS,IL,AGL,CE,Towers with Radar,0,11,19,0,30,0,42,103,0,145,0,53,122,0,175,183,0,183,358
07/22/2010,CPS,IL,AGL,CE,Towers with Radar,0,22,33,0,55,0,31,174,3,208,0,53,207,3,263,118,0,118,381
07/23/2010,CPS,IL,AGL,CE,Towers with Radar,0,15,34,4,53,0,51,86,5,142,0,66,120,9,195,201,0,201,396
07/24/2010,CPS,IL,AGL,CE,Towers with Radar,0,18,12,0,30,0,4,66,0,70,0,22,78,0,100,16,0,16,116
07/25/2010,CPS,IL,AGL,CE,Towers with Radar,0,22,18,0,40,0,3,86,0,89,0,25,104,0,129,31,0,31,160
07/26/2010,CPS,IL,AGL,CE,Towers with Radar,0,18,18,4,40,0,17,76,5,98,0,35,94,9,138,95,0,95,233
07/27/2010,CPS,IL,AGL,CE,Towers with Radar,0,18,16,0,34,0,24,107,1,132,0,42,123,1,166,178,0,178,344
07/28/2010,CPS,IL,AGL,CE,Towers with Radar,0,35,41,3,79,0,23,139,0,162,0,58,180,3,241,90,0,90,331
07/29/2010,CPS,IL,AGL,CE,Towers with Radar,0,15,21,0,36,0,17,97,0,114,0,32,118,0,150,140,0,140,290
07/30/2010,CPS,IL,AGL,CE,Towers with Radar,0,19,27,0,46,0,10,113,0,123,0,29,140,0,169,37,0,37,206
07/31/2010,CPS,IL,AGL,CE,Towers with Radar,0,1,25,0,26,0,12,272,0,284,0,13,297,0,310,138,0,138,448
08/01/2010,CPS,IL,AGL,CE,Towers with Radar,0,17,19,0,36,0,7,271,1,279,0,24,290,1,315,48,0,48,363
08/02/2010,CPS,IL,AGL,CE,Towers with Radar,0,30,41,2,73,0,18,177,0,195,0,48,218,2,268,134,0,134,402
08/03/2010,CPS,IL,AGL,CE,Towers with Radar,0,27,30,0,57,0,21,173,0,194,0,48,203,0,251,104,0,104,355
08/04/2010,CPS,IL,AGL,CE,Towers with Radar,0,28,35,1,64,0,55,202,0,257,0,83,237,1,321,186,0,186,507
08/05/2010,CPS,IL,AGL,CE,Towers with Radar,0,31,39,1,71,0,27,165,0,192,0,58,204,1,263,63,0,63,326
08/06/2010,CPS,IL,AGL,CE,Towers with Radar,0,18,21,1,40,0,20,171,0,191,0,38,192,1,231,126,0,126,357
08/07/2010,CPS,IL,AGL,CE,Towers with Radar,0,1,20,1,22,0,9,295,0,304,0,10,315,1,326,129,0,129,455
08/08/2010,CPS,IL,AGL,CE,Towers with Radar,0,15,28,0,43,0,4,134,0,138,0,19,162,0,181,82,0,82,263
08/09/2010,CPS,IL,AGL,CE,Towers with Radar,0,26,23,0,49,0,32,156,0,188,0,58,179,0,237,179,0,179,416
08/10/2010,CPS,IL,AGL,CE,Towers with Radar,0,24,32,0,56,0,32,102,0,134,0,56,134,0,190,141,0,141,331
08/11/2010,CPS,IL,AGL,CE,Towers with Radar,0,20,33,0,53,0,28,134,2,164,0,48,167,2,217,208,0,208,425
08/12/2010,CPS,IL,AGL,CE,Towers with Radar,0,18,21,0,39,0,13,152,5,170,0,31,173,5,209,132,0,132,341
08/13/2010,CPS,IL,AGL,CE,Towers with Radar,0,20,28,0,48,0,34,146,3,183,0,54,174,3,231,138,0,138,369
08/14/2010,CPS,IL,AGL,CE,Towers with Radar,0,9,20,0,29,0,1,156,0,157,0,10,176,0,186,88,0,88,274
08/15/2010,CPS,IL,AGL,CE,Towers with Radar,0,16,38,0,54,0,8,181,0,189,0,24,219,0,243,104,0,104,347
08/16/2010,CPS,IL,AGL,CE,Towers with Radar,0,23,25,0,48,0,67,176,0,243,0,90,201,0,291,42,0,42,333
08/17/2010,CPS,IL,AGL,CE,Towers with Radar,0,16,51,0,67,0,32,151,0,183,0,48,202,0,250,153,10,163,413
08/18/2010,CPS,IL,AGL,CE,Towers with Radar,0,28,36,0,64,0,16,164,0,180,0,44,200,0,244,131,0,131,375
08/19/2010,CPS,IL,AGL,CE,Towers with Radar,0,24,31,0,55,0,16,123,0,139,0,40,154,0,194,108,0,108,302
08/20/2010,CPS,IL,AGL,CE,Towers with Radar,0,19,57,0,76,0,6,118,0,124,0,25,175,0,200,20,0,20,220
08/21/2010,CPS,IL,AGL,CE,Towers with Radar,0,4,22,0,26,0,4,187,0,191,0,8,209,0,217,111,0,111,328
08/22/2010,CPS,IL,AGL,CE,Towers with Radar,0,18,48,1,67,0,8,160,1,169,0,26,208,2,236,105,0,105,341
08/23/2010,CPS,IL,AGL,CE,Towers with Radar,0,17,25,0,42,0,16,86,0,102,0,33,111,0,144,10,0,10,154
08/24/2010,CPS,IL,AGL,CE,Towers with Radar,0,20,30,0,50,0,20,107,0,127,0,40,137,0,177,90,0,90,267
08/25/2010,CPS,IL,AGL,CE,Towers with Radar,0,18,30,0,48,0,32,94,0,126,0,50,124,0,174,97,0,97,271
08/26/2010,CPS,IL,AGL,CE,Towers with Radar,0,18,39,0,57,0,32,120,0,152,0,50,159,0,209,151,0,151,360
08/27/2010,CPS,IL,AGL,CE,Towers with Radar,0,20,28,2,50,0,13,133,0,146,0,33,161,2,196,114,0,114,310
08/28/2010,CPS,IL,AGL,CE,Towers with Radar,0,1,19,0,20,0,5,185,0,190,0,6,204,0,210,89,0,89,299
08/29/2010,CPS,IL,AGL,CE,Towers with Radar,0,15,21,0,36,0,8,124,0,132,0,23,145,0,168,28,0,28,196
08/30/2010,CPS,IL,AGL,CE,Towers with Radar,0,23,30,0,53,0,15,100,0,115,0,38,130,0,168,20,0,20,188
08/31/2010,CPS,IL,AGL,CE,Towers with Radar,0,19,27,0,46,0,9,101,0,110,0,28,128,0,156,122,0,122,278
09/01/2010,CPS,IL,AGL,CE,Towers with Radar,0,17,27,0,44,0,1,23,0,24,0,18,50,0,68,68,0,68,136
09/02/2010,CPS,IL,AGL,CE,Towers with Radar,0,17,30,0,47,0,18,87,0,105,0,35,117,0,152,79,0,79,231
09/03/2010,CPS,IL,AGL,CE,Towers with Radar,0,20,35,0,55,0,40,124,0,164,0,60,159,0,219,145,0,145,364
09/04/2010,CPS,IL,AGL,CE,Towers with Radar,0,7,22,0,29,0,15,294,0,309,0,22,316,0,338,86,0,86,424
09/05/2010,CPS,IL,AGL,CE,Towers with Radar,0,16,24,0,40,0,3,349,0,352,0,19,373,0,392,16,0,16,408
09/06/2010,CPS,IL,AGL,CE,Towers with Radar,0,8,19,0,27,0,1,177,0,178,0,9,196,0,205,6,0,6,211
09/07/2010,CPS,IL,AGL,CE,Towers with Radar,0,25,30,0,55,0,41,130,0,171,0,66,160,0,226,117,0,117,343
09/08/2010,CPS,IL,AGL,CE,Towers with Radar,0,22,30,0,52,0,40,108,0,148,0,62,138,0,200,202,0,202,402
09/09/2010,CPS,IL,AGL,CE,Towers with Radar,0,22,24,0,46,0,20,51,0,71,0,42,75,0,117,134,0,134,251
09/10/2010,CPS,IL,AGL,CE,Towers with Radar,0,25,19,2,46,0,2,4,0,6,0,27,23,2,52,0,0,0,52
09/11/2010,CPS,IL,AGL,CE,Towers with Radar,0,11,13,0,24,0,11,80,0,91,0,22,93,0,115,43,0,43,158
09/12/2010,CPS,IL,AGL,CE,Towers with Radar,0,12,25,0,37,0,18,163,0,181,0,30,188,0,218,103,0,103,321
09/13/2010,CPS,IL,AGL,CE,Towers with Radar,0,21,31,0,52,0,45,113,0,158,0,66,144,0,210,148,0,148,358
09/14/2010,CPS,IL,AGL,CE,Towers with Radar,0,19,32,2,53,0,57,117,1,175,0,76,149,3,228,306,19,325,553
09/15/2010,CPS,IL,AGL,CE,Towers with Radar,0,24,30,1,55,0,50,98,0,148,0,74,128,1,203,281,0,281,484
09/16/2010,CPS,IL,AGL,CE,Towers with Radar,0,18,34,0,52,0,34,75,0,109,0,52,109,0,161,190,0,190,351
09/17/2010,CPS,IL,AGL,CE,Towers with Radar,0,15,38,2,55,0,44,178,0,222,0,59,216,2,277,274,0,274,551
09/18/2010,CPS,IL,AGL,CE,Towers with Radar,0,7,19,0,26,0,31,254,0,285,0,38,273,0,311,185,0,185,496
09/19/2010,CPS,IL,AGL,CE,Towers with Radar,0,19,31,1,51,0,10,52,0,62,0,29,83,1,113,28,0,28,141
09/20/2010,CPS,IL,AGL,CE,Towers with Radar,0,23,23,0,46,0,24,115,0,139,0,47,138,0,185,70,0,70,255
09/21/2010,CPS,IL,AGL,CE,Towers with Radar,0,20,17,0,37,0,34,85,2,121,0,54,102,2,158,162,0,162,320
09/22/2010,CPS,IL,AGL,CE,Towers with Radar,0,17,32,0,49,0,34,45,0,79,0,51,77,0,128,88,0,88,216
09/23/2010,CPS,IL,AGL,CE,Towers with Radar,0,20,27,0,47,0,42,91,0,133,0,62,118,0,180,154,0,154,334
09/24/2010,CPS,IL,AGL,CE,Towers with Radar,0,13,29,0,42,0,40,98,1,139,0,53,127,1,181,120,0,120,301
09/25/2010,CPS,IL,AGL,CE,Towers with Radar,0,10,20,0,30,0,27,174,0,201,0,37,194,0,231,138,0,138,369
09/26/2010,CPS,IL,AGL,CE,Towers with Radar,0,21,33,0,54,0,7,47,0,54,0,28,80,0,108,2,0,2,110
09/27/2010,CPS,IL,AGL,CE,Towers with Radar,0,22,38,0,60,0,54,86,0,140,0,76,124,0,200,164,0,164,364
09/28/2010,CPS,IL,AGL,CE,Towers with Radar,0,22,28,0,50,0,39,107,0,146,0,61,135,0,196,266,0,266,462
09/29/2010,CPS,IL,AGL,CE,Towers with Radar,0,23,46,0,69,0,44,119,0,163,0,67,165,0,232,235,0,235,467
09/30/2010,CPS,IL,AGL,CE,Towers with Radar,0,29,32,0,61,0,58,131,0,189,0,87,163,0,250,174,0,174,424
10/01/2010,CPS,IL,AGL,CE,Towers with Radar,0,22,26,2,50,0,47,191,1,239,0,69,217,3,289,228,0,228,517
10/02/2010,CPS,IL,AGL,CE,Towers with Radar,0,5,26,0,31,0,12,101,0,113,0,17,127,0,144,80,0,80,224
10/03/2010,CPS,IL,AGL,CE,Towers with Radar,0,11,30,2,43,0,29,148,0,177,0,40,178,2,220,105,0,105,325
10/04/2010,CPS,IL,AGL,CE,Towers with Radar,0,28,12,2,42,0,35,114,0,149,0,63,126,2,191,160,0,160,351
10/05/2010,CPS,IL,AGL,CE,Towers with Radar,0,28,26,0,54,0,52,110,0,162,0,80,136,0,216,269,0,269,485
10/06/2010,CPS,IL,AGL,CE,Towers with Radar,0,26,51,0,77,0,67,121,0,188,0,93,172,0,265,162,0,162,427
10/07/2010,CPS,IL,AGL,CE,Towers with Radar,0,33,35,1,69,0,39,125,1,165,0,72,160,2,234,180,0,180,414
10/08/2010,CPS,IL,AGL,CE,Towers with Radar,0,26,31,0,57,0,22,154,1,177,0,48,185,1,234,276,0,276,510
10/09/2010,CPS,IL,AGL,CE,Towers with Radar,0,11,21,0,32,0,20,207,0,227,0,31,228,0,259,151,0,151,410
10/10/2010,CPS,IL,AGL,CE,Towers with Radar,0,15,24,0,39,0,27,112,0,139,0,42,136,0,178,130,0,130,308
10/11/2010,CPS,IL,AGL,CE,Towers with Radar,0,13,29,0,42,0,25,86,0,111,0,38,115,0,153,126,0,126,279
10/12/2010,CPS,IL,AGL,CE,Towers with Radar,0,20,23,1,44,0,37,123,0,160,0,57,146,1,204,103,0,103,307
10/13/2010,CPS,IL,AGL,CE,Towers with Radar,0,16,29,2,47,0,37,110,0,147,0,53,139,2,194,140,0,140,334
10/14/2010,CPS,IL,AGL,CE,Towers with Radar,0,30,37,0,67,0,23,89,0,112,0,53,126,0,179,111,0,111,290
10/15/2010,CPS,IL,AGL,CE,Towers with Radar,0,21,38,0,59,0,48,193,2,243,0,69,231,2,302,265,0,265,567
10/16/2010,CPS,IL,AGL,CE,Towers with Radar,0,10,11,0,21,0,20,196,0,216,0,30,207,0,237,82,0,82,319
10/17/2010,CPS,IL,AGL,CE,Towers with Radar,0,19,34,0,53,0,39,117,0,156,0,58,151,0,209,38,0,38,247
10/18/2010,CPS,IL,AGL,CE,Towers with Radar,0,24,19,1,44,0,35,109,0,144,0,59,128,1,188,100,0,100,288
10/19/2010,CPS,IL,AGL,CE,Towers with Radar,0,32,21,0,53,0,30,107,0,137,0,62,128,0,190,168,0,168,358
10/20/2010,CPS,IL,AGL,CE,Towers with Radar,0,23,26,3,52,0,19,84,1,104,0,42,110,4,156,80,0,80,236
10/21/2010,CPS,IL,AGL,CE,Towers with Radar,0,25,26,0,51,0,36,114,0,150,0,61,140,0,201,213,0,213,414
10/22/2010,CPS,IL,AGL,CE,Towers with Radar,0,24,33,2,59,0,41,136,0,177,0,65,169,2,236,118,0,118,354
10/23/2010,CPS,IL,AGL,CE,Towers with Radar,0,6,20,0,26,0,22,106,0,128,0,28,126,0,154,76,0,76,230
10/24/2010,CPS,IL,AGL,CE,Towers with Radar,0,20,21,0,41,0,4,82,0,86,0,24,103,0,127,15,0,15,142
10/25/2010,CPS,IL,AGL,CE,Towers with Radar,0,21,27,0,48,0,23,68,0,91,0,44,95,0,139,54,0,54,193
10/26/2010,CPS,IL,AGL,CE,Towers with Radar,0,16,11,0,27,0,15,40,0,55,0,31,51,0,82,50,0,50,132
10/27/2010,CPS,IL,AGL,CE,Towers with Radar,0,18,25,0,43,0,13,104,0,117,0,31,129,0,160,88,0,88,248
10/28/2010,CPS,IL,AGL,CE,Towers with Radar,0,37,30,0,67,0,35,89,1,125,0,72,119,1,192,147,0,147,339
10/29/2010,CPS,IL,AGL,CE,Towers with Radar,0,24,41,0,65,0,60,120,0,180,0,84,161,0,245,280,0,280,525
10/30/2010,CPS,IL,AGL,CE,Towers with Radar,0,8,23,0,31,0,17,155,0,172,0,25,178,0,203,105,0,105,308
10/31/2010,CPS,IL,AGL,CE,Towers with Radar,0,19,18,0,37,0,9,109,0,118,0,28,127,0,155,64,0,64,219
11/01/2010,CPS,IL,AGL,CE,Towers with Radar,0,29,29,0,58,0,22,88,0,110,0,51,117,0,168,154,0,154,322
11/02/2010,CPS,IL,AGL,CE,Towers with Radar,0,25,21,0,46,0,47,84,0,131,0,72,105,0,177,192,0,192,369
11/03/2010,CPS,IL,AGL,CE,Towers with Radar,0,37,34,0,71,0,76,94,0,170,0,113,128,0,241,218,0,218,459
11/04/2010,CPS,IL,AGL,CE,Towers with Radar,0,17,21,0,38,0,45,87,0,132,0,62,108,0,170,83,0,83,253
11/05/2010,CPS,IL,AGL,CE,Towers with Radar,0,24,25,1,50,0,40,116,1,157,0,64,141,2,207,138,0,138,345
11/06/2010,CPS,IL,AGL,CE,Towers with Radar,0,5,14,0,19,0,48,163,1,212,0,53,177,1,231,189,2,191,422
11/07/2010,CPS,IL,AGL,CE,Towers with Radar,0,19,14,0,33,0,11,126,0,137,0,30,140,0,170,66,0,66,236
11/08/2010,CPS,IL,AGL,CE,Towers with Radar,0,24,23,0,47,0,41,111,0,152,0,65,134,0,199,186,0,186,385
11/09/2010,CPS,IL,AGL,CE,Towers with Radar,0,39,17,0,56,0,52,123,0,175,0,91,140,0,231,286,0,286,517
11/10/2010,CPS,IL,AGL,CE,Towers with Radar,0,34,43,0,77,0,47,70,0,117,0,81,113,0,194,148,0,148,342
11/11/2010,CPS,IL,AGL,CE,Towers with Radar,0,22,30,0,52,0,58,95,0,153,0,80,125,0,205,226,0,226,431
11/12/2010,CPS,IL,AGL,CE,Towers with Radar,0,21,26,0,47,0,36,109,0,145,0,57,135,0,192,168,0,168,360
11/13/2010,CPS,IL,AGL,CE,Towers with Radar,0,0,12,0,12,0,4,47,0,51,0,4,59,0,63,26,0,26,89
11/14/2010,CPS,IL,AGL,CE,Towers with Radar,0,13,17,0,30,0,7,97,1,105,0,20,114,1,135,66,0,66,201
11/15/2010,CPS,IL,AGL,CE,Towers with Radar,0,30,29,0,59,0,30,55,0,85,0,60,84,0,144,108,0,108,252
11/16/2010,CPS,IL,AGL,CE,Towers with Radar,0,28,34,0,62,0,31,63,0,94,0,59,97,0,156,259,0,259,415
11/17/2010,CPS,IL,AGL,CE,Towers with Radar,0,20,24,0,44,0,29,73,0,102,0,49,97,0,146,164,0,164,310
11/18/2010,CPS,IL,AGL,CE,Towers with Radar,0,18,36,0,54,0,15,52,0,67,0,33,88,0,121,115,0,115,236
11/19/2010,CPS,IL,AGL,CE,Towers with Radar,0,15,26,0,41,0,38,108,0,146,0,53,134,0,187,209,0,209,396
11/20/2010,CPS,IL,AGL,CE,Towers with Radar,0,1,21,0,22,0,6,52,0,58,0,7,73,0,80,102,0,102,182
11/21/2010,CPS,IL,AGL,CE,Towers with Radar,0,18,20,0,38,0,1,37,0,38,0,19,57,0,76,0,0,0,76
11/22/2010,CPS,IL,AGL,CE,Towers with Radar,0,17,23,0,40,0,8,39,0,47,0,25,62,0,87,6,0,6,93
11/23/2010,CPS,IL,AGL,CE,Towers with Radar,0,33,31,0,64,0,21,49,2,72,0,54,80,2,136,152,0,152,288
11/24/2010,CPS,IL,AGL,CE,Towers with Radar,0,14,8,0,22,0,0,0,0,0,0,14,8,0,22,0,0,0,22
11/25/2010,CPS,IL,AGL,CE,Towers with Radar,0,1,2,0,3,0,1,0,0,1,0,2,2,0,4,0,0,0,4
11/26/2010,CPS,IL,AGL,CE,Towers with Radar,0,14,10,0,24,0,11,119,1,131,0,25,129,1,155,6,0,6,161
11/27/2010,CPS,IL,AGL,CE,Towers with Radar,0,1,19,0,20,0,0,133,0,133,0,1,152,0,153,74,0,74,227
11/28/2010,CPS,IL,AGL,CE,Towers with Radar,0,16,20,0,36,0,0,81,0,81,0,16,101,0,117,55,0,55,172
11/29/2010,CPS,IL,AGL,CE,Towers with Radar,0,15,21,0,36,0,5,23,0,28,0,20,44,0,64,0,0,0,64
11/30/2010,CPS,IL,AGL,CE,Towers with Radar,0,21,30,0,51,0,17,60,0,77,0,38,90,0,128,24,0,24,152
12/01/2010,CPS,IL,AGL,CE,Towers with Radar,0,21,24,0,45,0,38,58,0,96,0,59,82,0,141,99,0,99,240
12/02/2010,CPS,IL,AGL,CE,Towers with Radar,0,25,41,0,66,0,39,49,0,88,0,64,90,0,154,190,0,190,344
12/03/2010,CPS,IL,AGL,CE,Towers with Radar,0,27,21,0,48,0,73,101,0,174,0,100,122,0,222,268,0,268,490
12/04/2010,CPS,IL,AGL,CE,Towers with Radar,0,7,19,0,26,0,2,22,1,25,0,9,41,1,51,8,0,8,59
12/05/2010,CPS,IL,AGL,CE,Towers with Radar,0,23,16,0,39,0,29,32,0,61,0,52,48,0,100,0,0,0,100
12/06/2010,CPS,IL,AGL,CE,Towers with Radar,0,22,15,0,37,0,41,30,0,71,0,63,45,0,108,167,0,167,275
12/07/2010,CPS,IL,AGL,CE,Towers with Radar,0,28,28,0,56,0,30,65,0,95,0,58,93,0,151,216,0,216,367
12/08/2010,CPS,IL,AGL,CE,Towers with Radar,0,26,25,0,51,0,41,80,0,121,0,67,105,0,172,295,0,295,467
12/09/2010,CPS,IL,AGL,CE,Towers with Radar,0,35,32,0,67,0,23,53,0,76,0,58,85,0,143,86,0,86,229
12/10/2010,CPS,IL,AGL,CE,Towers with Radar,0,21,30,0,51,0,45,69,0,114,0,66,99,0,165,379,0,379,544
12/11/2010,CPS,IL,AGL,CE,Towers with Radar,0,5,10,0,15,0,0,4,0,4,0,5,14,0,19,0,0,0,19
12/12/2010,CPS,IL,AGL,CE,Towers with Radar,0,13,11,0,24,0,1,3,0,4,0,14,14,0,28,0,0,0,28
12/13/2010,CPS,IL,AGL,CE,Towers with Radar,0,24,19,1,44,0,18,57,0,75,0,42,76,1,119,126,0,126,245
12/14/2010,CPS,IL,AGL,CE,Towers with Radar,0,20,34,0,54,0,30,51,1,82,0,50,85,1,136,190,0,190,326
12/15/2010,CPS,IL,AGL,CE,Towers with Radar,0,19,23,1,43,0,30,25,0,55,0,49,48,1,98,60,0,60,158
12/16/2010,CPS,IL,AGL,CE,Towers with Radar,0,18,14,0,32,0,0,7,0,7,0,18,21,0,39,0,0,0,39
12/17/2010,CPS,IL,AGL,CE,Towers with Radar,0,21,36,0,57,0,17,28,0,45,0,38,64,0,102,76,0,76,178
12/18/2010,CPS,IL,AGL,CE,Towers with Radar,0,8,19,0,27,0,10,41,0,51,0,18,60,0,78,30,0,30,108
12/19/2010,CPS,IL,AGL,CE,Towers with Radar,0,9,29,0,38,0,14,45,0,59,0,23,74,0,97,30,0,30,127
12/20/2010,CPS,IL,AGL,CE,Towers with Radar,0,22,14,0,36,0,24,69,0,93,0,46,83,0,129,102,0,102,231
12/21/2010,CPS,IL,AGL,CE,Towers with Radar,0,24,19,0,43,0,17,78,0,95,0,41,97,0,138,104,0,104,242
12/22/2010,CPS,IL,AGL,CE,Towers with Radar,0,18,29,0,47,0,8,47,0,55,0,26,76,0,102,28,0,28,130
12/23/2010,CPS,IL,AGL,CE,Towers with Radar,0,14,18,0,32,0,13,42,0,55,0,27,60,0,87,43,0,43,130
12/24/2010,CPS,IL,AGL,CE,Towers with Radar,0,18,2,0,20,0,1,0,0,1,0,19,2,0,21,0,0,0,21
12/25/2010,CPS,IL,AGL,CE,Towers with Radar,0,1,2,0,3,0,0,0,0,0,0,1,2,0,3,0,0,0,3
12/26/2010,CPS,IL,AGL,CE,Towers with Radar,0,14,12,0,26,0,0,13,1,14,0,14,25,1,40,6,0,6,46
12/27/2010,CPS,IL,AGL,CE,Towers with Radar,0,18,14,0,32,0,3,47,1,51,0,21,61,1,83,0,0,0,83
12/28/2010,CPS,IL,AGL,CE,Towers with Radar,0,15,16,0,31,0,4,47,0,51,0,19,63,0,82,18,0,18,100
12/29/2010,CPS,IL,AGL,CE,Towers with Radar,0,8,8,0,16,0,7,5,0,12,0,15,13,0,28,1,0,1,29
12/30/2010,CPS,IL,AGL,CE,Towers with Radar,0,15,13,0,28,0,7,32,0,39,0,22,45,0,67,0,0,0,67
12/31/2010,CPS,IL,AGL,CE,Towers with Radar,0,13,2,0,15,0,0,20,0,20,0,13,22,0,35,2,0,2,37
01/01/2011,CPS,IL,AGL,CE,Towers with Radar,0,1,9,0,10,0,0,17,0,17,0,1,26,0,27,0,0,0,27
01/02/2011,CPS,IL,AGL,CE,Towers with Radar,0,14,14,0,28,0,5,55,0,60,0,19,69,0,88,12,0,12,100
01/03/2011,CPS,IL,AGL,CE,Towers with Radar,0,33,15,0,48,0,13,52,0,65,0,46,67,0,113,10,0,10,123
01/04/2011,CPS,IL,AGL,CE,Towers with Radar,0,19,24,0,43,0,8,35,0,43,0,27,59,0,86,24,0,24,110
01/05/2011,CPS,IL,AGL,CE,Towers with Radar,0,23,19,0,42,0,4,53,0,57,0,27,72,0,99,48,0,48,147
01/06/2011,CPS,IL,AGL,CE,Towers with Radar,0,18,19,0,37,0,16,45,2,63,0,34,64,2,100,20,0,20,120
01/07/2011,CPS,IL,AGL,CE,Towers with Radar,0,15,17,0,32,0,0,3,0,3,0,15,20,0,35,0,0,0,35
01/08/2011,CPS,IL,AGL,CE,Towers with Radar,0,1,13,0,14,0,2,80,0,82,0,3,93,0,96,34,0,34,130
01/09/2011,CPS,IL,AGL,CE,Towers with Radar,0,15,12,0,27,0,11,59,0,70,0,26,71,0,97,35,0,35,132
01/10/2011,CPS,IL,AGL,CE,Towers with Radar,0,21,13,0,34,0,20,38,0,58,0,41,51,0,92,40,0,40,132
01/11/2011,CPS,IL,AGL,CE,Towers with Radar,0,18,15,1,34,0,5,6,0,11,0,23,21,1,45,0,0,0,45
01/12/2011,CPS,IL,AGL,CE,Towers with Radar,0,15,16,2,33,0,5,33,0,38,0,20,49,2,71,30,0,30,101
01/13/2011,CPS,IL,AGL,CE,Towers with Radar,0,14,18,0,32,0,18,63,0,81,0,32,81,0,113,53,0,53,166
01/14/2011,CPS,IL,AGL,CE,Towers with Radar,0,17,14,0,31,0,28,74,0,102,0,45,88,0,133,121,0,121,254
01/15/2011,CPS,IL,AGL,CE,Towers with Radar,0,0,23,0,23,0,12,34,0,46,0,12,57,0,69,105,0,105,174
01/16/2011,CPS,IL,AGL,CE,Towers with Radar,0,18,8,0,26,0,12,79,0,91,0,30,87,0,117,123,0,123,240
01/17/2011,CPS,IL,AGL,CE,Towers with Radar,0,16,16,0,32,0,1,20,0,21,0,17,36,0,53,2,0,2,55
01/18/2011,CPS,IL,AGL,CE,Towers with Radar,0,17,17,0,34,0,1,3,0,4,0,18,20,0,38,0,0,0,38
01/19/2011,CPS,IL,AGL,CE,Towers with Radar,0,20,22,0,42,0,8,50,0,58,0,28,72,0,100,136,0,136,236
01/20/2011,CPS,IL,AGL,CE,Towers with Radar,0,20,8,0,28,0,1,26,0,27,0,21,34,0,55,0,0,0,55
01/21/2011,CPS,IL,AGL,CE,Towers with Radar,0,12,24,0,36,0,10,60,0,70,0,22,84,0,106,100,0,100,206
01/22/2011,CPS,IL,AGL,CE,Towers with Radar,0,4,10,0,14,0,0,94,0,94,0,4,104,0,108,38,0,38,146
01/23/2011,CPS,IL,AGL,CE,Towers with Radar,0,20,4,0,24,0,0,0,0,0,0,20,4,0,24,0,0,0,24
01/24/2011,CPS,IL,AGL,CE,Towers with Radar,0,20,30,0,50,0,22,31,0,53,0,42,61,0,103,66,0,66,169
01/25/2011,CPS,IL,AGL,CE,Towers with Radar,0,14,19,0,33,0,14,46,0,60,0,28,65,0,93,60,0,60,153
01/26/2011,CPS,IL,AGL,CE,Towers with Radar,0,23,15,0,38,0,14,51,0,65,0,37,66,0,103,108,0,108,211
01/27/2011,CPS,IL,AGL,CE,Towers with Radar,0,19,18,1,38,0,26,89,0,115,0,45,107,1,153,107,0,107,260
01/28/2011,CPS,IL,AGL,CE,Towers with Radar,0,19,23,0,42,0,46,84,0,130,0,65,107,0,172,250,0,250,422
01/29/2011,CPS,IL,AGL,CE,Towers with Radar,0,5,22,0,27,0,24,82,0,106,0,29,104,0,133,188,0,188,321
01/30/2011,CPS,IL,AGL,CE,Towers with Radar,0,20,18,0,38,0,1,49,0,50,0,21,67,0,88,10,0,10,98
01/31/2011,CPS,IL,AGL,CE,Towers with Radar,0,18,7,0,25,0,2,7,0,9,0,20,14,0,34,0,0,0,34
02/01/2011,CPS,IL,AGL,CE,Towers with Radar,0,0,0,0,0,0,0,0,0,0,0,0,0,0,0,0,0,0,0
02/02/2011,CPS,IL,AGL,CE,Towers with Radar,0,19,2,0,21,0,4,6,0,10,0,23,8,0,31,0,0,0,31
02/03/2011,CPS,IL,AGL,CE,Towers with Radar,0,20,9,0,29,0,6,55,0,61,0,26,64,0,90,4,0,4,94
02/04/2011,CPS,IL,AGL,CE,Towers with Radar,0,17,19,0,36,0,5,52,0,57,0,22,71,0,93,0,0,0,93
02/05/2011,CPS,IL,AGL,CE,Towers with Radar,0,5,6,0,11,0,0,20,3,23,0,5,26,3,34,0,0,0,34
02/06/2011,CPS,IL,AGL,CE,Towers with Radar,0,17,0,0,17,0,2,26,0,28,0,19,26,0,45,0,0,0,45
02/07/2011,CPS,IL,AGL,CE,Towers with Radar,0,18,17,0,35,0,9,26,0,35,0,27,43,0,70,0,0,0,70
02/08/2011,CPS,IL,AGL,CE,Towers with Radar,0,15,17,0,32,0,11,54,0,65,0,26,71,0,97,50,0,50,147
02/09/2011,CPS,IL,AGL,CE,Towers with Radar,0,22,19,0,41,0,15,66,0,81,0,37,85,0,122,62,0,62,184
02/10/2011,CPS,IL,AGL,CE,Towers with Radar,0,22,23,0,45,0,21,69,0,90,0,43,92,0,135,98,0,98,233
02/11/2011,CPS,IL,AGL,CE,Towers with Radar,0,20,17,0,37,0,40,56,0,96,0,60,73,0,133,142,0,142,275
02/12/2011,CPS,IL,AGL,CE,Towers with Radar,0,16,10,0,26,0,25,76,0,101,0,41,86,0,127,105,0,105,232
02/13/2011,CPS,IL,AGL,CE,Towers with Radar,0,25,17,0,42,0,20,79,0,99,0,45,96,0,141,85,0,85,226
02/14/2011,CPS,IL,AGL,CE,Towers with Radar,0,19,12,0,31,0,78,58,0,136,0,97,70,0,167,175,0,175,342
02/15/2011,CPS,IL,AGL,CE,Towers with Radar,0,22,16,0,38,0,57,75,0,132,0,79,91,0,170,156,0,156,326
02/16/2011,CPS,IL,AGL,CE,Towers with Radar,0,27,28,1,56,0,47,63,0,110,0,74,91,1,166,323,0,323,489
02/17/2011,CPS,IL,AGL,CE,Towers with Radar,0,20,31,0,51,0,15,73,0,88,0,35,104,0,139,19,0,19,158
02/18/2011,CPS,IL,AGL,CE,Towers with Radar,0,18,33,0,51,0,86,95,0,181,0,104,128,0,232,344,0,344,576
02/19/2011,CPS,IL,AGL,CE,Towers with Radar,0,9,27,0,36,0,32,75,0,107,0,41,102,0,143,179,0,179,322
02/20/2011,CPS,IL,AGL,CE,Towers with Radar,0,17,10,0,27,0,12,28,0,40,0,29,38,0,67,12,0,12,79
02/21/2011,CPS,IL,AGL,CE,Towers with Radar,0,9,22,0,31,0,4,5,1,10,0,13,27,1,41,0,0,0,41
02/22/2011,CPS,IL,AGL,CE,Towers with Radar,0,19,18,0,37,0,32,67,0,99,0,51,85,0,136,193,0,193,329
02/23/2011,CPS,IL,AGL,CE,Towers with Radar,0,16,24,0,40,0,15,59,0,74,0,31,83,0,114,26,0,26,140
02/24/2011,CPS,IL,AGL,CE,Towers with Radar,0,12,18,0,30,0,1,3,0,4,0,13,21,0,34,0,0,0,34
02/25/2011,CPS,IL,AGL,CE,Towers with Radar,0,14,12,1,27,0,4,58,0,62,0,18,70,1,89,134,0,134,223
02/26/2011,CPS,IL,AGL,CE,Towers with Radar,0,2,8,0,10,0,2,12,0,14,0,4,20,0,24,30,0,30,54
02/27/2011,CPS,IL,AGL,CE,Towers with Radar,0,17,19,0,36,0,10,31,0,41,0,27,50,0,77,48,0,48,125
02/28/2011,CPS,IL,AGL,CE,Towers with Radar,0,21,16,0,37,0,26,69,0,95,0,47,85,0,132,276,0,276,408
03/01/2011,CPS,IL,AGL,CE,Towers with Radar,0,20,30,2,52,0,34,72,0,106,0,54,102,2,158,96,0,96,254
03/02/2011,CPS,IL,AGL,CE,Towers with Radar,0,32,33,0,65,0,89,72,0,161,0,121,105,0,226,184,0,184,410
03/03/2011,CPS,IL,AGL,CE,Towers with Radar,0,22,32,0,54,0,46,113,0,159,0,68,145,0,213,308,0,308,521
03/04/2011,CPS,IL,AGL,CE,Towers with Radar,0,10,17,0,27,0,8,60,0,68,0,18,77,0,95,66,0,66,161
03/05/2011,CPS,IL,AGL,CE,Towers with Radar,0,3,10,0,13,0,0,8,0,8,0,3,18,0,21,0,0,0,21
03/06/2011,CPS,IL,AGL,CE,Towers with Radar,0,25,26,0,51,0,8,65,0,73,0,33,91,0,124,15,0,15,139
03/07/2011,CPS,IL,AGL,CE,Towers with Radar,0,22,21,0,43,0,31,43,0,74,0,53,64,0,117,94,0,94,211
03/08/2011,CPS,IL,AGL,CE,Towers with Radar,0,15,15,0,30,0,8,34,0,42,0,23,49,0,72,0,0,0,72
03/09/2011,CPS,IL,AGL,CE,Towers with Radar,0,13,30,0,43,0,21,21,0,42,0,34,51,0,85,67,0,67,152
03/10/2011,CPS,IL,AGL,CE,Towers with Radar,0,15,33,0,48,0,15,98,0,113,0,30,131,0,161,139,0,139,300
03/11/2011,CPS,IL,AGL,CE,Towers with Radar,0,25,24,1,50,0,57,123,1,181,0,82,147,2,231,218,1,219,450
03/12/2011,CPS,IL,AGL,CE,Towers with Radar,0,8,18,0,26,0,24,92,0,116,0,32,110,0,142,162,0,162,304
03/13/2011,CPS,IL,AGL,CE,Towers with Radar,0,22,13,0,35,0,16,75,0,91,0,38,88,0,126,112,0,112,238
03/14/2011,CPS,IL,AGL,CE,Towers with Radar,0,18,17,0,35,0,0,0,0,0,0,18,17,0,35,0,0,0,35
03/15/2011,CPS,IL,AGL,CE,Towers with Radar,0,15,27,0,42,0,26,37,0,63,0,41,64,0,105,94,0,94,199
03/16/2011,CPS,IL,AGL,CE,Towers with Radar,0,22,18,0,40,0,41,114,0,155,0,63,132,0,195,205,0,205,400
03/17/2011,CPS,IL,AGL,CE,Towers with Radar,0,19,17,0,36,0,16,98,0,114,0,35,115,0,150,82,0,82,232
03/18/2011,CPS,IL,AGL,CE,Towers with Radar,0,21,30,1,52,0,20,107,1,128,0,41,137,2,180,184,0,184,364
03/19/2011,CPS,IL,AGL,CE,Towers with Radar,0,31,89,0,120,0,27,65,0,92,0,58,154,0,212,144,0,144,356
03/20/2011,CPS,IL,AGL,CE,Towers with Radar,0,19,18,1,38,0,17,81,0,98,0,36,99,1,136,0,0,0,136
03/21/2011,CPS,IL,AGL,CE,Towers with Radar,0,26,18,0,44,0,40,72,0,112,0,66,90,0,156,171,0,171,327
03/22/2011,CPS,IL,AGL,CE,Towers with Radar,0,16,20,0,36,0,23,70,0,93,0,39,90,0,129,75,0,75,204
03/23/2011,CPS,IL,AGL,CE,Towers with Radar,0,23,14,0,37,0,26,60,0,86,0,49,74,0,123,169,0,169,292
03/24/2011,CPS,IL,AGL,CE,Towers with Radar,0,19,12,0,31,0,47,122,0,169,0,66,134,0,200,263,0,263,463
03/25/2011,CPS,IL,AGL,CE,Towers with Radar,0,17,22,0,39,0,0,0,0,0,0,17,22,0,39,0,0,0,39
03/26/2011,CPS,IL,AGL,CE,Towers with Radar,0,2,12,0,14,0,5,17,0,22,0,7,29,0,36,0,0,0,36
03/27/2011,CPS,IL,AGL,CE,Towers with Radar,0,20,18,0,38,0,11,61,0,72,0,31,79,0,110,72,0,72,182
03/28/2011,CPS,IL,AGL,CE,Towers with Radar,0,32,22,0,54,0,68,81,0,149,0,100,103,0,203,163,0,163,366
03/29/2011,CPS,IL,AGL,CE,Towers with Radar,0,22,14,0,36,0,36,50,0,86,0,58,64,0,122,158,0,158,280
03/30/2011,CPS,IL,AGL,CE,Towers with Radar,0,19,25,0,44,0,33,49,0,82,0,52,74,0,126,159,0,159,285
03/31/2011,CPS,IL,AGL,CE,Towers with Radar,0,26,29,0,55,0,58,115,0,173,0,84,144,0,228,255,0,255,483
04/01/2011,CPS,IL,AGL,CE,Towers with Radar,0,11,39,0,50,0,19,97,0,116,0,30,136,0,166,145,0,145,311
04/02/2011,CPS,IL,AGL,CE,Towers with Radar,0,11,12,0,23,0,37,247,0,284,0,48,259,0,307,255,0,255,562
04/03/2011,CPS,IL,AGL,CE,Towers with Radar,0,17,11,0,28,0,14,35,0,49,0,31,46,0,77,4,0,4,81
04/04/2011,CPS,IL,AGL,CE,Towers with Radar,0,23,22,0,45,0,14,36,0,50,0,37,58,0,95,7,0,7,102
04/05/2011,CPS,IL,AGL,CE,Towers with Radar,0,47,20,0,67,0,31,73,0,104,0,78,93,0,171,142,0,142,313
04/06/2011,CPS,IL,AGL,CE,Towers with Radar,0,24,21,0,45,0,28,92,1,121,0,52,113,1,166,62,0,62,228
04/07/2011,CPS,IL,AGL,CE,Towers with Radar,0,31,24,0,55,0,42,60,1,103,0,73,84,1,158,162,0,162,320
04/08/2011,CPS,IL,AGL,CE,Towers with Radar,0,19,24,0,43,0,47,124,0,171,0,66,148,0,214,167,0,167,381
04/09/2011,CPS,IL,AGL,CE,Towers with Radar,0,10,16,0,26,0,27,319,0,346,0,37,335,0,372,157,0,157,529
04/10/2011,CPS,IL,AGL,CE,Towers with Radar,0,22,19,0,41,0,15,101,0,116,0,37,120,0,157,9,0,9,166
04/11/2011,CPS,IL,AGL,CE,Towers with Radar,0,17,21,0,38,0,46,97,0,143,0,63,118,0,181,94,0,94,275
04/12/2011,CPS,IL,AGL,CE,Towers with Radar,0,25,22,0,47,0,69,161,0,230,0,94,183,0,277,299,0,299,576
04/13/2011,CPS,IL,AGL,CE,Towers with Radar,0,29,32,0,61,0,59,111,0,170,0,88,143,0,231,334,0,334,565
04/14/2011,CPS,IL,AGL,CE,Towers with Radar,0,31,18,0,49,0,57,121,0,178,0,88,139,0,227,176,0,176,403
04/15/2011,CPS,IL,AGL,CE,Towers with Radar,0,20,13,0,33,0,2,15,0,17,0,22,28,0,50,0,0,0,50
04/16/2011,CPS,IL,AGL,CE,Towers with Radar,0,1,10,0,11,0,0,86,0,86,0,1,96,0,97,0,0,0,97
04/17/2011,CPS,IL,AGL,CE,Towers with Radar,0,18,23,0,41,0,48,99,0,147,0,66,122,0,188,138,0,138,326
04/18/2011,CPS,IL,AGL,CE,Towers with Radar,0,29,21,0,50,0,41,73,0,114,0,70,94,0,164,153,0,153,317
04/19/2011,CPS,IL,AGL,CE,Towers with Radar,0,20,25,0,45,0,5,45,0,50,0,25,70,0,95,12,0,12,107
04/20/2011,CPS,IL,AGL,CE,Towers with Radar,0,31,21,0,52,0,13,76,0,89,0,44,97,0,141,130,0,130,271
04/21/2011,CPS,IL,AGL,CE,Towers with Radar,0,21,36,0,57,0,38,95,0,133,0,59,131,0,190,180,0,180,370
04/22/2011,CPS,IL,AGL,CE,Towers with Radar,0,17,21,0,38,0,10,26,0,36,0,27,47,0,74,0,0,0,74
04/23/2011,CPS,IL,AGL,CE,Towers with Radar,0,7,18,0,25,0,1,170,0,171,0,8,188,0,196,19,0,19,215
04/24/2011,CPS,IL,AGL,CE,Towers with Radar,0,23,9,0,32,0,0,36,0,36,0,23,45,0,68,0,0,0,68
04/25/2011,CPS,IL,AGL,CE,Towers with Radar,0,31,23,5,59,0,0,13,0,13,0,31,36,5,72,4,0,4,76
04/26/2011,CPS,IL,AGL,CE,Towers with Radar,0,19,30,1,50,0,22,53,0,75,0,41,83,1,125,98,0,98,223
04/27/2011,CPS,IL,AGL,CE,Towers with Radar,0,21,14,0,35,0,8,15,0,23,0,29,29,0,58,23,0,23,81
04/28/2011,CPS,IL,AGL,CE,Towers with Radar,0,34,32,0,66,0,32,107,0,139,0,66,139,0,205,114,0,114,319
04/29/2011,CPS,IL,AGL,CE,Towers with Radar,0,27,43,3,73,0,73,122,1,196,0,100,165,4,269,241,0,241,510
04/30/2011,CPS,IL,AGL,CE,Towers with Radar,0,2,15,0,17,0,0,45,1,46,0,2,60,1,63,48,0,48,111
05/01/2011,CPS,IL,AGL,CE,Towers with Radar,0,19,29,0,48,0,9,36,5,50,0,28,65,5,98,60,0,60,158
05/02/2011,CPS,IL,AGL,CE,Towers with Radar,0,24,31,0,55,0,36,63,0,99,0,60,94,0,154,158,0,158,312
05/03/2011,CPS,IL,AGL,CE,Towers with Radar,0,27,29,0,56,0,48,87,2,137,0,75,116,2,193,193,0,193,386
05/04/2011,CPS,IL,AGL,CE,Towers with Radar,0,17,31,0,48,0,77,108,0,185,0,94,139,0,233,374,0,374,607
05/05/2011,CPS,IL,AGL,CE,Towers with Radar,0,27,21,0,48,0,32,108,0,140,0,59,129,0,188,177,0,177,365
05/06/2011,CPS,IL,AGL,CE,Towers with Radar,0,21,37,0,58,0,35,180,0,215,0,56,217,0,273,200,0,200,473
05/07/2011,CPS,IL,AGL,CE,Towers with Radar,0,6,9,0,15,0,8,198,1,207,0,14,207,1,222,27,0,27,249
05/08/2011,CPS,IL,AGL,CE,Towers with Radar,0,2,34,0,36,0,18,116,0,134,0,20,150,0,170,21,0,21,191
05/09/2011,CPS,IL,AGL,CE,Towers with Radar,0,16,23,1,40,0,15,42,0,57,0,31,65,1,97,22,0,22,119
05/10/2011,CPS,IL,AGL,CE,Towers with Radar,0,8,29,0,37,0,15,25,0,40,0,23,54,0,77,14,0,14,91
05/11/2011,CPS,IL,AGL,CE,Towers with Radar,0,14,31,0,45,0,44,75,0,119,0,58,106,0,164,105,0,105,269
05/12/2011,CPS,IL,AGL,CE,Towers with Radar,0,13,25,0,38,0,66,173,0,239,0,79,198,0,277,390,0,390,667
05/13/2011,CPS,IL,AGL,CE,Towers with Radar,0,12,26,0,38,0,31,52,0,83,0,43,78,0,121,125,0,125,246
05/14/2011,CPS,IL,AGL,CE,Towers with Radar,0,3,7,0,10,0,0,2,0,2,0,3,9,0,12,0,0,0,12
05/15/2011,CPS,IL,AGL,CE,Towers with Radar,0,5,13,0,18,0,2,6,0,8,0,7,19,0,26,0,0,0,26
05/16/2011,CPS,IL,AGL,CE,Towers with Radar,0,14,29,0,43,0,56,84,0,140,0,70,113,0,183,32,0,32,215
05/17/2011,CPS,IL,AGL,CE,Towers with Radar,0,17,15,0,32,0,21,85,0,106,0,38,100,0,138,90,0,90,228
05/18/2011,CPS,IL,AGL,CE,Towers with Radar,0,10,44,0,54,0,69,123,0,192,0,79,167,0,246,129,0,129,375
05/19/2011,CPS,IL,AGL,CE,Towers with Radar,0,12,43,0,55,0,8,68,1,77,0,20,111,1,132,102,0,102,234
05/20/2011,CPS,IL,AGL,CE,Towers with Radar,0,11,20,0,31,0,56,78,0,134,0,67,98,0,165,179,0,179,344
05/21/2011,CPS,IL,AGL,CE,Towers with Radar,0,1,3,0,4,0,14,171,0,185,0,15,174,0,189,78,0,78,267
05/22/2011,CPS,IL,AGL,CE,Towers with Radar,0,0,11,0,11,0,8,64,0,72,0,8,75,0,83,0,0,0,83
05/23/2011,CPS,IL,AGL,CE,Towers with Radar,0,7,26,0,33,0,17,50,0,67,0,24,76,0,100,10,0,10,110
05/24/2011,CPS,IL,AGL,CE,Towers with Radar,0,13,12,0,25,0,39,69,0,108,0,52,81,0,133,174,0,174,307
05/25/2011,CPS,IL,AGL,CE,Towers with Radar,0,7,19,0,26,0,4,20,3,27,0,11,39,3,53,8,0,8,61
05/26/2011,CPS,IL,AGL,CE,Towers with Radar,0,8,37,0,45,0,11,49,0,60,0,19,86,0,105,8,0,8,113
05/27/2011,CPS,IL,AGL,CE,Towers with Radar,0,17,23,1,41,0,36,107,0,143,0,53,130,1,184,198,0,198,382
05/28/2011,CPS,IL,AGL,CE,Towers with Radar,0,1,7,0,8,0,0,32,2,34,0,1,39,2,42,16,0,16,58
05/29/2011,CPS,IL,AGL,CE,Towers with Radar,0,3,8,1,12,0,0,44,0,44,0,3,52,1,56,37,0,37,93
05/30/2011,CPS,IL,AGL,CE,Towers with Radar,0,3,15,0,18,0,0,55,0,55,0,3,70,0,73,44,0,44,117
05/31/2011,CPS,IL,AGL,CE,Towers with Radar,0,12,25,0,37,0,17,74,0,91,0,29,99,0,128,62,0,62,190
06/01/2011,CPS,IL,AGL,CE,Towers with Radar,0,15,27,0,42,0,42,98,0,140,0,57,125,0,182,180,0,180,362
06/02/2011,CPS,IL,AGL,CE,Towers with Radar,0,10,28,0,38,0,42,101,0,143,0,52,129,0,181,282,0,282,463
06/03/2011,CPS,IL,AGL,CE,Towers with Radar,0,19,30,0,49,0,34,114,4,152,0,53,144,4,201,140,0,140,341
06/04/2011,CPS,IL,AGL,CE,Towers with Radar,0,2,16,0,18,0,55,170,0,225,0,57,186,0,243,184,0,184,427
06/05/2011,CPS,IL,AGL,CE,Towers with Radar,0,3,21,1,25,0,5,106,0,111,0,8,127,1,136,42,0,42,178
06/06/2011,CPS,IL,AGL,CE,Towers with Radar,0,15,23,0,38,0,42,94,1,137,0,57,117,1,175,143,0,143,318
06/07/2011,CPS,IL,AGL,CE,Towers with Radar,0,14,26,0,40,0,68,78,3,149,0,82,104,3,189,107,0,107,296
06/08/2011,CPS,IL,AGL,CE,Towers with Radar,0,9,32,0,41,0,35,55,0,90,0,44,87,0,131,141,0,141,272
06/09/2011,CPS,IL,AGL,CE,Towers with Radar,0,8,20,0,28,0,31,71,3,105,0,39,91,3,133,114,0,114,247
06/10/2011,CPS,IL,AGL,CE,Towers with Radar,0,15,33,0,48,0,21,110,0,131,0,36,143,0,179,159,0,159,338
06/11/2011,CPS,IL,AGL,CE,Towers with Radar,0,3,7,0,10,0,2,154,0,156,0,5,161,0,166,10,0,10,176
06/12/2011,CPS,IL,AGL,CE,Towers with Radar,0,0,22,0,22,0,16,164,0,180,0,16,186,0,202,35,0,35,237
06/13/2011,CPS,IL,AGL,CE,Towers with Radar,0,18,8,0,26,0,40,72,0,112,0,58,80,0,138,18,0,18,156
06/14/2011,CPS,IL,AGL,CE,Towers with Radar,0,13,14,0,27,0,17,70,0,87,0,30,84,0,114,14,0,14,128
06/15/2011,CPS,IL,AGL,CE,Towers with Radar,0,11,38,0,49,0,50,103,1,154,0,61,141,1,203,50,0,50,253
06/16/2011,CPS,IL,AGL,CE,Towers with Radar,0,11,17,2,30,0,59,152,0,211,0,70,169,2,241,214,0,214,455
06/17/2011,CPS,IL,AGL,CE,Towers with Radar,0,18,23,0,41,0,14,91,5,110,0,32,114,5,151,130,4,134,285
06/18/2011,CPS,IL,AGL,CE,Towers with Radar,0,5,19,1,25,0,31,35,19,85,0,36,54,20,110,14,0,14,124
06/19/2011,CPS,IL,AGL,CE,Towers with Radar,0,3,19,4,26,0,8,53,0,61,0,11,72,4,87,44,0,44,131
06/20/2011,CPS,IL,AGL,CE,Towers with Radar,0,14,20,1,35,0,54,94,12,160,0,68,114,13,195,146,12,158,353
06/21/2011,CPS,IL,AGL,CE,Towers with Radar,0,9,23,0,32,0,11,88,22,121,0,20,111,22,153,42,4,46,199
06/22/2011,CPS,IL,AGL,CE,Towers with Radar,0,11,19,3,33,0,32,67,45,144,0,43,86,48,177,24,8,32,209
06/23/2011,CPS,IL,AGL,CE,Towers with Radar,0,7,34,6,47,0,33,80,53,166,0,40,114,59,213,40,22,62,275
06/24/2011,CPS,IL,AGL,CE,Towers with Radar,0,13,27,2,42,0,35,163,23,221,0,48,190,25,263,104,0,104,367
06/25/2011,CPS,IL,AGL,CE,Towers with Radar,0,0,7,2,9,0,10,118,26,154,0,10,125,28,163,0,0,0,163
06/26/2011,CPS,IL,AGL,CE,Towers with Radar,0,2,23,6,31,0,26,103,11,140,0,28,126,17,171,10,0,10,181
06/27/2011,CPS,IL,AGL,CE,Towers with Radar,0,12,19,0,31,0,34,100,0,134,0,46,119,0,165,35,0,35,200
06/28/2011,CPS,IL,AGL,CE,Towers with Radar,0,14,31,0,45,0,83,100,0,183,0,97,131,0,228,98,0,98,326
06/29/2011,CPS,IL,AGL,CE,Towers with Radar,0,17,24,1,42,0,51,123,0,174,0,68,147,1,216,144,0,144,360
06/30/2011,CPS,IL,AGL,CE,Towers with Radar,0,12,25,3,40,0,37,135,3,175,0,49,160,6,215,111,0,111,326
07/01/2011,CPS,IL,AGL,CE,Towers with Radar,0,19,42,2,63,0,23,126,10,159,0,42,168,12,222,164,6,170,392
07/02/2011,CPS,IL,AGL,CE,Towers with Radar,0,14,11,4,29,0,5,138,31,174,0,19,149,35,203,86,10,96,299
07/03/2011,CPS,IL,AGL,CE,Towers with Radar,0,1,15,2,18,11,6,17,8,42,11,7,32,10,60,0,0,0,60
07/04/2011,CPS,IL,AGL,CE,Towers with Radar,0,3,28,0,31,0,1,118,13,132,0,4,146,13,163,32,8,40,203
07/05/2011,CPS,IL,AGL,CE,Towers with Radar,0,17,38,11,66,0,5,112,1,118,0,22,150,12,184,148,0,148,332
07/06/2011,CPS,IL,AGL,CE,Towers with Radar,0,17,37,2,56,0,34,74,1,109,0,51,111,3,165,96,0,96,261
07/07/2011,CPS,IL,AGL,CE,Towers with Radar,0,13,24,3,40,0,57,142,0,199,0,70,166,3,239,86,0,86,325
07/08/2011,CPS,IL,AGL,CE,Towers with Radar,3,17,62,8,90,0,25,141,1,167,3,42,203,9,257,130,0,130,387
07/09/2011,CPS,IL,AGL,CE,Towers with Radar,0,5,99,0,104,0,10,82,0,92,0,15,181,0,196,127,0,127,323
07/10/2011,CPS,IL,AGL,CE,Towers with Radar,0,2,44,4,50,0,7,119,4,130,0,9,163,8,180,40,4,44,224
07/11/2011,CPS,IL,AGL,CE,Towers with Radar,0,20,42,0,62,0,34,106,1,141,0,54,148,1,203,50,0,50,253
07/12/2011,CPS,IL,AGL,CE,Towers with Radar,0,18,23,2,43,0,34,64,0,98,0,52,87,2,141,4,0,4,145
07/13/2011,CPS,IL,AGL,CE,Towers with Radar,0,35,57,1,93,0,6,60,0,66,0,41,117,1,159,22,8,30,189
07/14/2011,CPS,IL,AGL,CE,Towers with Radar,0,15,48,0,63,0,28,131,0,159,0,43,179,0,222,149,0,149,371
07/15/2011,CPS,IL,AGL,CE,Towers with Radar,0,27,48,2,77,0,112,137,0,249,0,139,185,2,326,52,0,52,378
07/16/2011,CPS,IL,AGL,CE,Towers with Radar,0,7,27,0,34,0,30,211,0,241,0,37,238,0,275,64,0,64,339
07/17/2011,CPS,IL,AGL,CE,Towers with Radar,0,1,29,0,30,0,10,117,0,127,0,11,146,0,157,14,0,14,171
07/18/2011,CPS,IL,AGL,CE,Towers with Radar,0,16,36,0,52,0,24,162,0,186,0,40,198,0,238,106,0,106,344
07/19/2011,CPS,IL,AGL,CE,Towers with Radar,0,15,39,0,54,0,10,125,0,135,0,25,164,0,189,98,0,98,287
07/20/2011,CPS,IL,AGL,CE,Towers with Radar,0,28,21,0,49,0,16,126,0,142,0,44,147,0,191,32,0,32,223
07/21/2011,CPS,IL,AGL,CE,Towers with Radar,0,11,40,0,51,0,9,97,2,108,0,20,137,2,159,58,0,58,217
07/22/2011,CPS,IL,AGL,CE,Towers with Radar,0,13,38,0,51,0,8,149,0,157,0,21,187,0,208,91,0,91,299
07/23/2011,CPS,IL,AGL,CE,Towers with Radar,0,5,22,0,27,0,3,179,0,182,0,8,201,0,209,43,0,43,252
07/24/2011,CPS,IL,AGL,CE,Towers with Radar,0,5,31,0,36,0,15,153,0,168,0,20,184,0,204,14,0,14,218
07/25/2011,CPS,IL,AGL,CE,Towers with Radar,0,16,23,1,40,0,16,151,0,167,0,32,174,1,207,77,0,77,284
07/26/2011,CPS,IL,AGL,CE,Towers with Radar,0,13,32,0,45,0,12,125,0,137,0,25,157,0,182,78,0,78,260
07/27/2011,CPS,IL,AGL,CE,Towers with Radar,0,13,37,0,50,0,13,73,0,86,0,26,110,0,136,14,0,14,150
07/28/2011,CPS,IL,AGL,CE,Towers with Radar,0,18,41,0,59,5,19,151,3,178,5,37,192,3,237,34,0,34,271
07/29/2011,CPS,IL,AGL,CE,Towers with Radar,0,24,35,1,60,0,8,175,0,183,0,32,210,1,243,14,4,18,261
07/30/2011,CPS,IL,AGL,CE,Towers with Radar,0,6,30,0,36,0,1,179,0,180,0,7,209,0,216,8,0,8,224
07/31/2011,CPS,IL,AGL,CE,Towers with Radar,0,4,30,2,36,0,27,228,0,255,0,31,258,2,291,78,0,78,369
08/01/2011,CPS,IL,AGL,CE,Towers with Radar,0,24,47,0,71,0,17,182,0,199,0,41,229,0,270,31,0,31,301
08/02/2011,CPS,IL,AGL,CE,Towers with Radar,0,10,55,0,65,0,25,99,0,124,0,35,154,0,189,76,0,76,265
08/03/2011,CPS,IL,AGL,CE,Towers with Radar,0,12,30,0,42,0,32,97,0,129,0,44,127,0,171,34,0,34,205
08/04/2011,CPS,IL,AGL,CE,Towers with Radar,0,11,31,2,44,0,7,187,0,194,0,18,218,2,238,26,0,26,264
08/05/2011,CPS,IL,AGL,CE,Towers with Radar,0,19,24,0,43,0,4,106,0,110,0,23,130,0,153,38,0,38,191
08/06/2011,CPS,IL,AGL,CE,Towers with Radar,0,3,12,0,15,0,2,288,0,290,0,5,300,0,305,68,0,68,373
08/07/2011,CPS,IL,AGL,CE,Towers with Radar,0,6,26,0,32,0,21,137,0,158,0,27,163,0,190,10,0,10,200
08/08/2011,CPS,IL,AGL,CE,Towers with Radar,0,28,33,0,61,0,31,152,0,183,0,59,185,0,244,30,0,30,274
08/09/2011,CPS,IL,AGL,CE,Towers with Radar,0,17,34,0,51,0,10,133,0,143,0,27,167,0,194,46,0,46,240
08/10/2011,CPS,IL,AGL,CE,Towers with Radar,0,12,45,0,57,0,39,116,0,155,0,51,161,0,212,20,0,20,232
08/11/2011,CPS,IL,AGL,CE,Towers with Radar,0,14,46,2,62,0,19,275,0,294,0,33,321,2,356,134,0,134,490
08/12/2011,CPS,IL,AGL,CE,Towers with Radar,0,11,48,0,59,0,49,184,0,233,0,60,232,0,292,46,0,46,338
08/13/2011,CPS,IL,AGL,CE,Towers with Radar,0,14,22,0,36,0,4,227,0,231,0,18,249,0,267,4,0,4,271
08/14/2011,CPS,IL,AGL,CE,Towers with Radar,0,7,29,0,36,0,25,213,0,238,0,32,242,0,274,4,0,4,278
08/15/2011,CPS,IL,AGL,CE,Towers with Radar,0,14,35,2,51,0,42,141,0,183,0,56,176,2,234,33,0,33,267
08/16/2011,CPS,IL,AGL,CE,Towers with Radar,0,14,36,0,50,0,19,157,2,178,0,33,193,2,228,14,0,14,242
08/17/2011,CPS,IL,AGL,CE,Towers with Radar,0,17,20,2,39,0,29,88,4,121,0,46,108,6,160,32,0,32,192
08/18/2011,CPS,IL,AGL,CE,Towers with Radar,0,17,33,1,51,0,6,111,0,117,0,23,144,1,168,56,0,56,224
08/19/2011,CPS,IL,AGL,CE,Towers with Radar,0,22,34,0,56,0,14,150,6,170,0,36,184,6,226,70,0,70,296
08/20/2011,CPS,IL,AGL,CE,Towers with Radar,0,14,16,0,30,0,0,224,0,224,0,14,240,0,254,46,0,46,300
08/21/2011,CPS,IL,AGL,CE,Towers with Radar,0,6,15,0,21,0,6,182,0,188,0,12,197,0,209,10,0,10,219
08/22/2011,CPS,IL,AGL,CE,Towers with Radar,0,21,29,0,50,0,20,121,1,142,0,41,150,1,192,36,0,36,228
08/23/2011,CPS,IL,AGL,CE,Towers with Radar,0,27,44,0,71,0,9,96,4,109,0,36,140,4,180,41,0,41,221
08/24/2011,CPS,IL,AGL,CE,Towers with Radar,0,31,40,0,71,0,13,109,4,126,0,44,149,4,197,30,0,30,227
08/25/2011,CPS,IL,AGL,CE,Towers with Radar,0,21,33,0,54,0,10,101,2,113,0,31,134,2,167,16,0,16,183
08/26/2011,CPS,IL,AGL,CE,Towers with Radar,0,21,36,0,57,0,3,220,4,227,0,24,256,4,284,84,0,84,368
08/27/2011,CPS,IL,AGL,CE,Towers with Radar,0,7,33,0,40,0,6,254,2,262,0,13,287,2,302,88,0,88,390
08/28/2011,CPS,IL,AGL,CE,Towers with Radar,0,1,24,1,26,0,22,141,2,165,0,23,165,3,191,119,0,119,310
08/29/2011,CPS,IL,AGL,CE,Towers with Radar,0,27,28,1,56,0,3,173,0,176,0,30,201,1,232,48,0,48,280
08/30/2011,CPS,IL,AGL,CE,Towers with Radar,0,13,34,0,47,0,2,115,2,119,0,15,149,2,166,24,0,24,190
08/31/2011,CPS,IL,AGL,CE,Towers with Radar,0,23,53,1,77,0,4,196,0,200,0,27,249,1,277,42,0,42,319
09/01/2011,CPS,IL,AGL,CE,Towers with Radar,0,35,52,0,87,0,30,146,4,180,0,65,198,4,267,50,0,50,317
09/02/2011,CPS,IL,AGL,CE,Towers with Radar,0,34,47,0,81,0,14,196,1,211,0,48,243,1,292,28,0,28,320
09/03/2011,CPS,IL,AGL,CE,Towers with Radar,0,4,24,0,28,0,6,221,4,231,0,10,245,4,259,82,0,82,341
09/04/2011,CPS,IL,AGL,CE,Towers with Radar,0,12,29,0,41,0,0,235,2,237,0,12,264,2,278,16,0,16,294
09/05/2011,CPS,IL,AGL,CE,Towers with Radar,0,0,29,0,29,0,0,166,3,169,0,0,195,3,198,3,0,3,201
09/06/2011,CPS,IL,AGL,CE,Towers with Radar,0,12,38,4,54,0,4,113,2,119,0,16,151,6,173,20,0,20,193
09/07/2011,CPS,IL,AGL,CE,Towers with Radar,0,16,56,0,72,0,3,145,2,150,0,19,201,2,222,48,0,48,270
09/08/2011,CPS,IL,AGL,CE,Towers with Radar,0,15,38,2,55,0,37,185,2,224,0,52,223,4,279,90,0,90,369
09/09/2011,CPS,IL,AGL,CE,Towers with Radar,0,17,39,2,58,0,6,34,0,40,0,23,73,2,98,6,0,6,104
09/10/2011,CPS,IL,AGL,CE,Towers with Radar,0,8,36,0,44,0,5,174,1,180,0,13,210,1,224,60,0,60,284
09/11/2011,CPS,IL,AGL,CE,Towers with Radar,0,10,52,1,63,0,10,106,5,121,0,20,158,6,184,14,2,16,200
09/12/2011,CPS,IL,AGL,CE,Towers with Radar,0,19,29,3,51,0,8,112,0,120,0,27,141,3,171,66,0,66,237
09/13/2011,CPS,IL,AGL,CE,Towers with Radar,0,26,30,1,57,0,32,115,1,148,0,58,145,2,205,125,0,125,330
09/14/2011,CPS,IL,AGL,CE,Towers with Radar,0,9,26,0,35,0,3,7,0,10,0,12,33,0,45,0,0,0,45
09/15/2011,CPS,IL,AGL,CE,Towers with Radar,0,22,47,5,74,0,28,167,2,197,0,50,214,7,271,98,0,98,369
09/16/2011,CPS,IL,AGL,CE,Towers with Radar,0,21,36,0,57,0,34,235,0,269,0,55,271,0,326,162,0,162,488
09/17/2011,CPS,IL,AGL,CE,Towers with Radar,0,3,32,1,36,0,5,330,0,335,0,8,362,1,371,42,0,42,413
09/18/2011,CPS,IL,AGL,CE,Towers with Radar,0,3,19,0,22,0,0,37,0,37,0,3,56,0,59,0,0,0,59
09/19/2011,CPS,IL,AGL,CE,Towers with Radar,0,16,35,2,53,0,12,74,3,89,0,28,109,5,142,20,0,20,162
09/20/2011,CPS,IL,AGL,CE,Towers with Radar,0,24,36,0,60,0,12,121,0,133,0,36,157,0,193,70,0,70,263
09/21/2011,CPS,IL,AGL,CE,Towers with Radar,0,37,35,2,74,0,57,135,11,203,0,94,170,13,277,159,0,159,436
09/22/2011,CPS,IL,AGL,CE,Towers with Radar,0,11,42,0,53,0,22,86,4,112,0,33,128,4,165,61,0,61,226
09/23/2011,CPS,IL,AGL,CE,Towers with Radar,0,19,53,0,72,0,31,173,9,213,0,50,226,9,285,30,0,30,315
09/24/2011,CPS,IL,AGL,CE,Towers with Radar,0,9,28,0,37,0,10,173,6,189,0,19,201,6,226,54,0,54,280
09/25/2011,CPS,IL,AGL,CE,Towers with Radar,0,4,66,0,70,0,60,89,2,151,0,64,155,2,221,48,0,48,269
09/26/2011,CPS,IL,AGL,CE,Towers with Radar,0,14,29,0,43,0,35,100,4,139,0,49,129,4,182,42,0,42,224
09/27/2011,CPS,IL,AGL,CE,Towers with Radar,0,23,32,1,56,0,73,127,6,206,0,96,159,7,262,132,0,132,394
09/28/2011,CPS,IL,AGL,CE,Towers with Radar,0,15,46,0,61,0,41,102,3,146,0,56,148,3,207,128,0,128,335
09/29/2011,CPS,IL,AGL,CE,Towers with Radar,0,19,35,0,54,0,25,143,3,171,0,44,178,3,225,24,0,24,249
09/30/2011,CPS,IL,AGL,CE,Towers with Radar,0,23,36,0,59,0,21,150,2,173,0,44,186,2,232,14,0,14,246
10/01/2011,CPS,IL,AGL,CE,Towers with Radar,0,0,28,0,28,0,0,202,0,202,0,0,230,0,230,23,0,23,253
10/02/2011,CPS,IL,AGL,CE,Towers with Radar,0,8,63,0,71,0,2,130,0,132,0,10,193,0,203,39,0,39,242
10/03/2011,CPS,IL,AGL,CE,Towers with Radar,0,16,20,0,36,0,77,162,2,241,0,93,182,2,277,121,0,121,398
10/04/2011,CPS,IL,AGL,CE,Towers with Radar,0,31,61,0,92,0,23,86,3,112,0,54,147,3,204,116,0,116,320
10/05/2011,CPS,IL,AGL,CE,Towers with Radar,0,35,71,1,107,0,30,171,6,207,0,65,242,7,314,122,0,122,436
10/06/2011,CPS,IL,AGL,CE,Towers with Radar,0,23,39,0,62,0,4,144,3,151,0,27,183,3,213,106,0,106,319
10/07/2011,CPS,IL,AGL,CE,Towers with Radar,0,22,42,0,64,0,25,147,3,175,0,47,189,3,239,128,0,128,367
10/08/2011,CPS,IL,AGL,CE,Towers with Radar,0,2,39,0,41,0,36,466,0,502,0,38,505,0,543,22,0,22,565
10/09/2011,CPS,IL,AGL,CE,Towers with Radar,1,6,32,2,41,0,64,141,2,207,1,70,173,4,248,98,8,106,354
10/10/2011,CPS,IL,AGL,CE,Towers with Radar,0,8,21,0,29,0,65,150,0,215,0,73,171,0,244,136,0,136,380
10/11/2011,CPS,IL,AGL,CE,Towers with Radar,0,24,24,0,48,0,62,101,2,165,0,86,125,2,213,143,0,143,356
10/12/2011,CPS,IL,AGL,CE,Towers with Radar,0,17,38,0,55,0,76,92,0,168,0,93,130,0,223,63,0,63,286
10/13/2011,CPS,IL,AGL,CE,Towers with Radar,0,38,85,0,123,0,25,105,0,130,0,63,190,0,253,48,0,48,301
10/14/2011,CPS,IL,AGL,CE,Towers with Radar,0,27,56,0,83,0,34,233,0,267,0,61,289,0,350,28,0,28,378
10/15/2011,CPS,IL,AGL,CE,Towers with Radar,0,2,36,0,38,0,36,231,1,268,0,38,267,1,306,172,0,172,478
10/16/2011,CPS,IL,AGL,CE,Towers with Radar,0,1,23,0,24,0,25,114,0,139,0,26,137,0,163,16,0,16,179
10/17/2011,CPS,IL,AGL,CE,Towers with Radar,0,14,26,2,42,0,46,85,0,131,0,60,111,2,173,70,0,70,243
10/18/2011,CPS,IL,AGL,CE,Towers with Radar,0,13,42,0,55,0,14,48,0,62,0,27,90,0,117,44,0,44,161
10/19/2011,CPS,IL,AGL,CE,Towers with Radar,0,19,67,0,86,0,6,79,0,85,0,25,146,0,171,0,0,0,171
10/20/2011,CPS,IL,AGL,CE,Towers with Radar,0,33,90,0,123,0,44,155,4,203,0,77,245,4,326,56,0,56,382
10/21/2011,CPS,IL,AGL,CE,Towers with Radar,0,21,48,0,69,0,33,145,2,180,0,54,193,2,249,172,0,172,421
10/22/2011,CPS,IL,AGL,CE,Towers with Radar,0,4,26,0,30,0,36,170,0,206,0,40,196,0,236,104,0,104,340
10/23/2011,CPS,IL,AGL,CE,Towers with Radar,0,1,43,2,46,0,47,120,0,167,0,48,163,2,213,28,0,28,241
10/24/2011,CPS,IL,AGL,CE,Towers with Radar,0,14,35,3,52,0,43,138,1,182,0,57,173,4,234,213,0,213,447
10/25/2011,CPS,IL,AGL,CE,Towers with Radar,0,14,24,2,40,0,7,65,2,74,0,21,89,4,114,47,0,47,161
10/26/2011,CPS,IL,AGL,CE,Towers with Radar,0,25,82,0,107,0,10,68,2,80,0,35,150,2,187,26,0,26,213
10/27/2011,CPS,IL,AGL,CE,Towers with Radar,0,27,97,1,125,0,81,161,1,243,0,108,258,2,368,92,0,92,460
10/28/2011,CPS,IL,AGL,CE,Towers with Radar,0,40,166,1,207,0,28,159,0,187,0,68,325,1,394,126,0,126,520
10/29/2011,CPS,IL,AGL,CE,Towers with Radar,0,11,69,0,80,0,11,168,0,179,0,22,237,0,259,32,0,32,291
10/30/2011,CPS,IL,AGL,CE,Towers with Radar,0,7,39,0,46,0,11,49,1,61,0,18,88,1,107,0,0,0,107
10/31/2011,CPS,IL,AGL,CE,Towers with Radar,0,9,16,0,25,0,30,80,1,111,0,39,96,1,136,69,0,69,205
11/01/2011,CPS,IL,AGL,CE,Towers with Radar,0,22,18,2,42,0,24,123,0,147,0,46,141,2,189,98,0,98,287
11/02/2011,CPS,IL,AGL,CE,Towers with Radar,0,17,32,0,49,0,18,113,0,131,0,35,145,0,180,26,0,26,206
11/03/2011,CPS,IL,AGL,CE,Towers with Radar,0,12,32,0,44,0,0,4,0,4,0,12,36,0,48,4,0,4,52
11/04/2011,CPS,IL,AGL,CE,Towers with Radar,0,18,27,1,46,0,16,104,0,120,0,34,131,1,166,109,0,109,275
11/05/2011,CPS,IL,AGL,CE,Towers with Radar,0,8,32,1,41,0,5,81,2,88,0,13,113,3,129,24,0,24,153
11/06/2011,CPS,IL,AGL,CE,Towers with Radar,0,4,30,0,34,0,6,41,1,48,0,10,71,1,82,2,0,2,84
11/07/2011,CPS,IL,AGL,CE,Towers with Radar,0,17,27,0,44,0,8,37,0,45,0,25,64,0,89,28,0,28,117
11/08/2011,CPS,IL,AGL,CE,Towers with Radar,0,13,17,1,31,0,3,30,0,33,0,16,47,1,64,0,0,0,64
11/09/2011,CPS,IL,AGL,CE,Towers with Radar,0,15,22,0,37,0,5,24,1,30,0,20,46,1,67,16,0,16,83
11/10/2011,CPS,IL,AGL,CE,Towers with Radar,0,13,26,0,39,0,11,84,1,96,0,24,110,1,135,16,0,16,151
11/11/2011,CPS,IL,AGL,CE,Towers with Radar,2,10,37,0,49,0,35,88,1,124,2,45,125,1,173,68,0,68,241
11/12/2011,CPS,IL,AGL,CE,Towers with Radar,0,5,8,3,16,0,3,52,0,55,0,8,60,3,71,10,0,10,81
11/13/2011,CPS,IL,AGL,CE,Towers with Radar,0,7,22,0,29,0,5,29,0,34,0,12,51,0,63,0,0,0,63
11/14/2011,CPS,IL,AGL,CE,Towers with Radar,0,21,16,0,37,0,2,56,0,58,0,23,72,0,95,20,0,20,115
11/15/2011,CPS,IL,AGL,CE,Towers with Radar,0,19,28,0,47,0,17,46,0,63,0,36,74,0,110,98,0,98,208
11/16/2011,CPS,IL,AGL,CE,Towers with Radar,0,18,41,3,62,0,39,68,0,107,0,57,109,3,169,141,0,141,310
11/17/2011,CPS,IL,AGL,CE,Towers with Radar,0,21,36,2,59,0,32,70,2,104,0,53,106,4,163,270,0,270,433
11/18/2011,CPS,IL,AGL,CE,Towers with Radar,0,14,25,0,39,0,8,92,2,102,0,22,117,2,141,55,0,55,196
11/19/2011,CPS,IL,AGL,CE,Towers with Radar,0,5,19,1,25,0,9,59,0,68,0,14,78,1,93,0,0,0,93
11/20/2011,CPS,IL,AGL,CE,Towers with Radar,0,0,35,0,35,0,0,6,0,6,0,0,41,0,41,0,0,0,41
11/21/2011,CPS,IL,AGL,CE,Towers with Radar,0,25,34,1,60,0,0,0,0,0,0,25,34,1,60,0,0,0,60
11/22/2011,CPS,IL,AGL,CE,Towers with Radar,0,16,19,0,35,0,1,3,0,4,0,17,22,0,39,0,0,0,39
11/23/2011,CPS,IL,AGL,CE,Towers with Radar,0,10,25,0,35,0,3,41,0,44,0,13,66,0,79,120,0,120,199
11/24/2011,CPS,IL,AGL,CE,Towers with Radar,0,0,6,0,6,0,2,33,0,35,0,2,39,0,41,0,0,0,41
11/25/2011,CPS,IL,AGL,CE,Towers with Radar,0,11,20,0,31,0,7,109,0,116,0,18,129,0,147,59,0,59,206
11/26/2011,CPS,IL,AGL,CE,Towers with Radar,0,13,27,0,40,0,5,15,0,20,0,18,42,0,60,4,0,4,64
11/27/2011,CPS,IL,AGL,CE,Towers with Radar,0,2,22,0,24,0,4,13,0,17,0,6,35,0,41,0,0,0,41
11/28/2011,CPS,IL,AGL,CE,Towers with Radar,0,16,31,0,47,0,12,60,0,72,0,28,91,0,119,74,0,74,193
11/29/2011,CPS,IL,AGL,CE,Towers with Radar,0,12,19,0,31,0,14,39,0,53,0,26,58,0,84,30,0,30,114
11/30/2011,CPS,IL,AGL,CE,Towers with Radar,0,17,30,0,47,0,47,108,0,155,0,64,138,0,202,373,0,373,575
12/01/2011,CPS,IL,AGL,CE,Towers with Radar,0,24,29,0,53,0,26,94,0,120,0,50,123,0,173,248,0,248,421
12/02/2011,CPS,IL,AGL,CE,Towers with Radar,0,12,24,0,36,0,31,82,0,113,0,43,106,0,149,174,0,174,323
12/03/2011,CPS,IL,AGL,CE,Towers with Radar,0,1,33,0,34,0,4,78,0,82,0,5,111,0,116,36,0,36,152
12/04/2011,CPS,IL,AGL,CE,Towers with Radar,0,3,22,0,25,0,2,4,0,6,0,5,26,0,31,0,0,0,31
12/05/2011,CPS,IL,AGL,CE,Towers with Radar,0,11,22,0,33,0,6,17,0,23,0,17,39,0,56,13,0,13,69
12/06/2011,CPS,IL,AGL,CE,Towers with Radar,0,12,32,0,44,0,0,0,0,0,0,12,32,0,44,0,0,0,44
12/07/2011,CPS,IL,AGL,CE,Towers with Radar,0,23,32,0,55,0,17,42,0,59,0,40,74,0,114,126,0,126,240
12/08/2011,CPS,IL,AGL,CE,Towers with Radar,0,32,39,0,71,0,16,75,0,91,0,48,114,0,162,163,0,163,325
12/09/2011,CPS,IL,AGL,CE,Towers with Radar,0,12,30,0,42,0,11,49,0,60,0,23,79,0,102,118,0,118,220
12/10/2011,CPS,IL,AGL,CE,Towers with Radar,0,7,25,0,32,0,14,59,1,74,0,21,84,1,106,110,0,110,216
12/11/2011,CPS,IL,AGL,CE,Towers with Radar,0,8,17,0,25,0,3,32,0,35,0,11,49,0,60,44,0,44,104
12/12/2011,CPS,IL,AGL,CE,Towers with Radar,0,12,24,0,36,0,20,70,0,90,0,32,94,0,126,93,0,93,219
12/13/2011,CPS,IL,AGL,CE,Towers with Radar,0,10,22,0,32,0,3,3,0,6,0,13,25,0,38,9,0,9,47
12/14/2011,CPS,IL,AGL,CE,Towers with Radar,0,14,24,6,44,0,2,9,0,11,0,16,33,6,55,0,0,0,55
12/15/2011,CPS,IL,AGL,CE,Towers with Radar,0,15,39,0,54,0,9,32,0,41,0,24,71,0,95,20,0,20,115
12/16/2011,CPS,IL,AGL,CE,Towers with Radar,0,19,38,1,58,0,34,73,0,107,0,53,111,1,165,113,0,113,278
12/17/2011,CPS,IL,AGL,CE,Towers with Radar,0,3,19,0,22,0,10,65,0,75,0,13,84,0,97,78,0,78,175
12/18/2011,CPS,IL,AGL,CE,Towers with Radar,0,0,18,0,18,0,7,39,0,46,0,7,57,0,64,8,0,8,72
12/19/2011,CPS,IL,AGL,CE,Towers with Radar,0,15,24,2,41,0,0,28,0,28,0,15,52,2,69,15,0,15,84
12/20/2011,CPS,IL,AGL,CE,Towers with Radar,0,14,10,0,24,0,2,4,0,6,0,16,14,0,30,0,0,0,30
12/21/2011,CPS,IL,AGL,CE,Towers with Radar,0,21,16,0,37,0,4,26,0,30,0,25,42,0,67,58,0,58,125
12/22/2011,CPS,IL,AGL,CE,Towers with Radar,0,21,50,0,71,0,2,26,0,28,0,23,76,0,99,40,0,40,139
12/23/2011,CPS,IL,AGL,CE,Towers with Radar,0,16,34,0,50,0,8,43,0,51,0,24,77,0,101,30,0,30,131
12/24/2011,CPS,IL,AGL,CE,Towers with Radar,0,2,6,0,8,0,3,19,0,22,0,5,25,0,30,96,0,96,126
12/25/2011,CPS,IL,AGL,CE,Towers with Radar,0,0,5,0,5,0,3,14,0,17,0,3,19,0,22,0,0,0,22
12/26/2011,CPS,IL,AGL,CE,Towers with Radar,0,0,23,0,23,0,3,29,0,32,0,3,52,0,55,42,0,42,97
12/27/2011,CPS,IL,AGL,CE,Towers with Radar,0,11,7,2,20,0,13,36,1,50,0,24,43,3,70,4,0,4,74
12/28/2011,CPS,IL,AGL,CE,Towers with Radar,0,11,24,2,37,0,6,52,0,58,0,17,76,2,95,54,0,54,149
12/29/2011,CPS,IL,AGL,CE,Towers with Radar,1,8,14,0,23,0,4,50,1,55,1,12,64,1,78,4,0,4,82
12/30/2011,CPS,IL,AGL,CE,Towers with Radar,0,11,14,0,25,0,9,46,0,55,0,20,60,0,80,21,0,21,101
12/31/2011,CPS,IL,AGL,CE,Towers with Radar,0,2,18,0,20,0,3,40,0,43,0,5,58,0,63,24,0,24,87
01/01/2012,CPS,IL,AGL,CE,Towers with Radar,0,6,9,0,15,0,4,8,0,12,0,10,17,0,27,0,0,0,27
01/02/2012,CPS,IL,AGL,CE,Towers with Radar,0,3,17,0,20,0,5,18,0,23,0,8,35,0,43,0,0,0,43
01/03/2012,CPS,IL,AGL,CE,Towers with Radar,0,9,13,2,24,0,13,59,0,72,0,22,72,2,96,26,0,26,122
01/04/2012,CPS,IL,AGL,CE,Towers with Radar,0,13,17,0,30,0,6,52,0,58,0,19,69,0,88,86,0,86,174
01/05/2012,CPS,IL,AGL,CE,Towers with Radar,0,11,18,0,29,0,8,52,0,60,0,19,70,0,89,21,0,21,110
01/06/2012,CPS,IL,AGL,CE,Towers with Radar,0,14,20,0,34,0,8,69,0,77,0,22,89,0,111,44,0,44,155
01/07/2012,CPS,IL,AGL,CE,Towers with Radar,0,0,29,0,29,0,7,67,0,74,0,7,96,0,103,42,0,42,145
01/08/2012,CPS,IL,AGL,CE,Towers with Radar,0,3,15,0,18,0,3,65,0,68,0,6,80,0,86,58,0,58,144
01/09/2012,CPS,IL,AGL,CE,Towers with Radar,0,10,19,3,32,0,5,57,0,62,0,15,76,3,94,35,0,35,129
01/10/2012,CPS,IL,AGL,CE,Towers with Radar,0,14,28,0,42,0,13,48,0,61,0,27,76,0,103,112,0,112,215
01/11/2012,CPS,IL,AGL,CE,Towers with Radar,0,18,31,0,49,0,8,41,0,49,0,26,72,0,98,95,0,95,193
01/12/2012,CPS,IL,AGL,CE,Towers with Radar,0,13,11,0,24,0,3,2,0,5,0,16,13,0,29,0,0,0,29
01/13/2012,CPS,IL,AGL,CE,Towers with Radar,0,20,24,0,44,0,3,37,0,40,0,23,61,0,84,8,0,8,92
01/14/2012,CPS,IL,AGL,CE,Towers with Radar,0,0,10,0,10,0,3,33,0,36,0,3,43,0,46,16,0,16,62
01/15/2012,CPS,IL,AGL,CE,Towers with Radar,0,2,23,0,25,0,12,42,0,54,0,14,65,0,79,6,0,6,85
01/16/2012,CPS,IL,AGL,CE,Towers with Radar,0,4,15,0,19,0,2,35,0,37,0,6,50,0,56,0,0,0,56
01/17/2012,CPS,IL,AGL,CE,Towers with Radar,0,18,16,0,34,0,4,24,0,28,0,22,40,0,62,34,0,34,96
01/18/2012,CPS,IL,AGL,CE,Towers with Radar,0,20,18,2,40,0,15,47,1,63,0,35,65,3,103,94,0,94,197
01/19/2012,CPS,IL,AGL,CE,Towers with Radar,0,17,17,0,34,0,39,54,0,93,0,56,71,0,127,128,0,128,255
01/20/2012,CPS,IL,AGL,CE,Towers with Radar,0,13,27,0,40,0,8,36,0,44,0,21,63,0,84,78,0,78,162
01/21/2012,CPS,IL,AGL,CE,Towers with Radar,0,7,19,0,26,0,4,20,0,24,0,11,39,0,50,2,0,2,52
01/22/2012,CPS,IL,AGL,CE,Towers with Radar,0,0,11,0,11,0,0,0,0,0,0,0,11,0,11,0,0,0,11
01/23/2012,CPS,IL,AGL,CE,Towers with Radar,0,9,12,1,22,0,6,27,0,33,0,15,39,1,55,24,0,24,79
01/24/2012,CPS,IL,AGL,CE,Towers with Radar,0,33,22,0,55,0,24,61,0,85,0,57,83,0,140,279,0,279,419
01/25/2012,CPS,IL,AGL,CE,Towers with Radar,0,11,16,0,27,0,2,7,0,9,0,13,23,0,36,0,0,0,36
01/26/2012,CPS,IL,AGL,CE,Towers with Radar,0,12,15,1,28,0,0,0,0,0,0,12,15,1,28,0,0,0,28
01/27/2012,CPS,IL,AGL,CE,Towers with Radar,0,16,35,2,53,0,32,77,1,110,0,48,112,3,163,207,0,207,370
01/28/2012,CPS,IL,AGL,CE,Towers with Radar,0,1,11,0,12,0,21,62,0,83,0,22,73,0,95,49,0,49,144
01/29/2012,CPS,IL,AGL,CE,Towers with Radar,0,1,21,0,22,0,7,40,0,47,0,8,61,0,69,34,0,34,103
01/30/2012,CPS,IL,AGL,CE,Towers with Radar,0,17,20,0,37,0,19,59,0,78,0,36,79,0,115,62,0,62,177
01/31/2012,CPS,IL,AGL,CE,Towers with Radar,0,17,22,0,39,0,13,43,0,56,0,30,65,0,95,92,0,92,187
02/01/2012,CPS,IL,AGL,CE,Towers with Radar,0,25,51,0,76,0,21,56,0,77,0,46,107,0,153,190,0,190,343
02/02/2012,CPS,IL,AGL,CE,Towers with Radar,0,20,34,4,58,0,37,92,0,129,0,57,126,4,187,217,0,217,404
02/03/2012,CPS,IL,AGL,CE,Towers with Radar,0,16,17,2,35,0,16,34,0,50,0,32,51,2,85,140,0,140,225
02/04/2012,CPS,IL,AGL,CE,Towers with Radar,0,2,5,0,7,0,1,0,0,1,0,3,5,0,8,0,0,0,8
02/05/2012,CPS,IL,AGL,CE,Towers with Radar,0,4,15,0,19,0,4,17,0,21,0,8,32,0,40,36,0,36,76
02/06/2012,CPS,IL,AGL,CE,Towers with Radar,0,20,26,0,46,0,17,22,0,39,0,37,48,0,85,33,0,33,118
02/07/2012,CPS,IL,AGL,CE,Towers with Radar,0,14,19,0,33,0,20,45,0,65,0,34,64,0,98,109,0,109,207
02/08/2012,CPS,IL,AGL,CE,Towers with Radar,0,14,28,0,42,0,18,31,0,49,0,32,59,0,91,72,0,72,163
02/09/2012,CPS,IL,AGL,CE,Towers with Radar,1,17,26,1,45,0,35,88,1,124,1,52,114,2,169,218,0,218,387
02/10/2012,CPS,IL,AGL,CE,Towers with Radar,0,17,36,1,54,0,5,14,0,19,0,22,50,1,73,2,0,2,75
02/11/2012,CPS,IL,AGL,CE,Towers with Radar,0,4,11,0,15,0,18,40,0,58,0,22,51,0,73,53,0,53,126
02/12/2012,CPS,IL,AGL,CE,Towers with Radar,0,0,14,1,15,0,3,68,0,71,0,3,82,1,86,28,0,28,114
02/13/2012,CPS,IL,AGL,CE,Towers with Radar,0,11,11,0,22,0,0,8,0,8,0,11,19,0,30,10,0,10,40
02/14/2012,CPS,IL,AGL,CE,Towers with Radar,0,10,29,3,42,0,3,46,0,49,0,13,75,3,91,52,0,52,143
02/15/2012,CPS,IL,AGL,CE,Towers with Radar,0,11,35,2,48,0,0,23,0,23,0,11,58,2,71,2,0,2,73
02/16/2012,CPS,IL,AGL,CE,Towers with Radar,0,15,39,1,55,0,8,27,2,37,0,23,66,3,92,127,0,127,219
02/17/2012,CPS,IL,AGL,CE,Towers with Radar,0,15,46,1,62,0,22,77,0,99,0,37,123,1,161,206,0,206,367
02/18/2012,CPS,IL,AGL,CE,Towers with Radar,0,9,18,1,28,0,20,95,0,115,0,29,113,1,143,100,0,100,243
02/19/2012,CPS,IL,AGL,CE,Towers with Radar,0,9,27,0,36,0,5,51,0,56,0,14,78,0,92,8,0,8,100
02/20/2012,CPS,IL,AGL,CE,Towers with Radar,0,6,35,0,41,0,3,40,0,43,0,9,75,0,84,116,0,116,200
02/21/2012,CPS,IL,AGL,CE,Towers with Radar,0,10,30,0,40,0,12,52,0,64,0,22,82,0,104,80,2,82,186
02/22/2012,CPS,IL,AGL,CE,Towers with Radar,0,27,35,0,62,0,24,41,0,65,0,51,76,0,127,94,0,94,221
02/23/2012,CPS,IL,AGL,CE,Towers with Radar,0,21,49,0,70,0,37,69,0,106,0,58,118,0,176,96,23,119,295
02/24/2012,CPS,IL,AGL,CE,Towers with Radar,0,16,19,3,38,0,3,31,0,34,0,19,50,3,72,10,0,10,82
02/25/2012,CPS,IL,AGL,CE,Towers with Radar,0,5,21,0,26,0,18,55,1,74,0,23,76,1,100,72,0,72,172
02/26/2012,CPS,IL,AGL,CE,Towers with Radar,0,6,12,0,18,0,9,24,0,33,0,15,36,0,51,26,0,26,77
02/27/2012,CPS,IL,AGL,CE,Towers with Radar,0,16,35,0,51,0,38,60,6,104,0,54,95,6,155,355,0,355,510
02/28/2012,CPS,IL,AGL,CE,Towers with Radar,0,15,14,2,31,0,19,39,0,58,0,34,53,2,89,108,0,108,197
02/29/2012,CPS,IL,AGL,CE,Towers with Radar,0,16,13,3,32,0,3,19,0,22,0,19,32,3,54,8,0,8,62
03/01/2012,CPS,IL,AGL,CE,Towers with Radar,0,10,30,1,41,0,26,107,0,133,0,36,137,1,174,271,0,271,445
03/02/2012,CPS,IL,AGL,CE,Towers with Radar,0,13,35,1,49,0,0,8,0,8,0,13,43,1,57,0,0,0,57
03/03/2012,CPS,IL,AGL,CE,Towers with Radar,0,7,37,0,44,0,9,48,2,59,0,16,85,2,103,46,0,46,149
03/04/2012,CPS,IL,AGL,CE,Towers with Radar,2,10,30,0,42,0,14,47,1,62,2,24,77,1,104,56,0,56,160
03/05/2012,CPS,IL,AGL,CE,Towers with Radar,0,6,31,1,38,0,31,59,0,90,0,37,90,1,128,202,0,202,330
03/06/2012,CPS,IL,AGL,CE,Towers with Radar,1,7,29,2,39,0,9,22,0,31,1,16,51,2,70,0,0,0,70
03/07/2012,CPS,IL,AGL,CE,Towers with Radar,0,9,26,3,38,0,2,21,0,23,0,11,47,3,61,0,0,0,61
03/08/2012,CPS,IL,AGL,CE,Towers with Radar,0,11,22,1,34,0,6,22,0,28,0,17,44,1,62,14,0,14,76
03/09/2012,CPS,IL,AGL,CE,Towers with Radar,0,8,49,2,59,0,17,90,0,107,0,25,139,2,166,87,0,87,253
03/10/2012,CPS,IL,AGL,CE,Towers with Radar,0,4,29,2,35,0,24,79,0,103,0,28,108,2,138,137,0,137,275
03/11/2012,CPS,IL,AGL,CE,Towers with Radar,0,2,18,2,22,1,0,15,0,16,1,2,33,2,38,20,0,20,58
03/12/2012,CPS,IL,AGL,CE,Towers with Radar,1,7,17,0,25,0,3,49,0,52,1,10,66,0,77,0,0,0,77
03/13/2012,CPS,IL,AGL,CE,Towers with Radar,0,13,29,0,42,0,18,90,0,108,0,31,119,0,150,165,0,165,315
03/14/2012,CPS,IL,AGL,CE,Towers with Radar,0,12,34,0,46,0,13,56,2,71,0,25,90,2,117,122,0,122,239
03/15/2012,CPS,IL,AGL,CE,Towers with Radar,0,16,41,0,57,0,8,33,0,41,0,24,74,0,98,48,0,48,146
03/16/2012,CPS,IL,AGL,CE,Towers with Radar,0,15,25,2,42,0,7,49,0,56,0,22,74,2,98,12,0,12,110
03/17/2012,CPS,IL,AGL,CE,Towers with Radar,0,6,20,0,26,0,6,41,0,47,0,12,61,0,73,36,0,36,109
03/18/2012,CPS,IL,AGL,CE,Towers with Radar,0,9,22,1,32,0,12,74,0,86,0,21,96,1,118,2,0,2,120
03/19/2012,CPS,IL,AGL,CE,Towers with Radar,0,12,17,0,29,0,28,110,0,138,0,40,127,0,167,66,0,66,233
03/20/2012,CPS,IL,AGL,CE,Towers with Radar,0,14,15,0,29,0,21,83,2,106,0,35,98,2,135,62,0,62,197
03/21/2012,CPS,IL,AGL,CE,Towers with Radar,0,5,21,1,27,0,18,70,1,89,0,23,91,2,116,14,0,14,130
03/22/2012,CPS,IL,AGL,CE,Towers with Radar,0,9,32,0,41,0,5,31,0,36,0,14,63,0,77,51,0,51,128
03/23/2012,CPS,IL,AGL,CE,Towers with Radar,0,17,46,1,64,0,12,24,0,36,0,29,70,1,100,82,0,82,182
03/24/2012,CPS,IL,AGL,CE,Towers with Radar,0,9,29,0,38,0,20,210,0,230,0,29,239,0,268,64,0,64,332
03/25/2012,CPS,IL,AGL,CE,Towers with Radar,0,18,71,5,94,0,16,106,0,122,0,34,177,5,216,38,0,38,254
03/26/2012,CPS,IL,AGL,CE,Towers with Radar,2,8,33,0,43,0,21,132,1,154,2,29,165,1,197,112,0,112,309
03/27/2012,CPS,IL,AGL,CE,Towers with Radar,1,12,14,3,30,0,31,149,0,180,1,43,163,3,210,135,0,135,345
03/28/2012,CPS,IL,AGL,CE,Towers with Radar,0,15,32,0,47,0,36,134,0,170,0,51,166,0,217,187,0,187,404
03/29/2012,CPS,IL,AGL,CE,Towers with Radar,0,5,31,0,36,0,21,95,0,116,0,26,126,0,152,103,0,103,255
03/30/2012,CPS,IL,AGL,CE,Towers with Radar,0,15,14,1,30,0,21,110,0,131,0,36,124,1,161,51,0,51,212
03/31/2012,CPS,IL,AGL,CE,Towers with Radar,0,13,25,0,38,0,16,222,0,238,0,29,247,0,276,122,0,122,398
04/01/2012,CPS,IL,AGL,CE,Towers with Radar,0,0,23,0,23,0,41,144,1,186,0,41,167,1,209,39,0,39,248
04/02/2012,CPS,IL,AGL,CE,Towers with Radar,0,16,17,0,33,0,39,127,0,166,0,55,144,0,199,119,0,119,318
04/03/2012,CPS,IL,AGL,CE,Towers with Radar,0,12,29,0,41,0,38,138,1,177,0,50,167,1,218,162,0,162,380
04/04/2012,CPS,IL,AGL,CE,Towers with Radar,0,11,17,0,28,0,19,11,0,30,0,30,28,0,58,38,0,38,96
04/05/2012,CPS,IL,AGL,CE,Towers with Radar,1,6,26,0,33,0,8,46,2,56,1,14,72,2,89,20,0,20,109
04/06/2012,CPS,IL,AGL,CE,Towers with Radar,0,6,17,3,26,0,14,124,2,140,0,20,141,5,166,46,0,46,212
04/07/2012,CPS,IL,AGL,CE,Towers with Radar,0,5,20,0,25,0,11,154,0,165,0,16,174,0,190,32,0,32,222
04/08/2012,CPS,IL,AGL,CE,Towers with Radar,0,2,25,1,28,0,37,101,0,138,0,39,126,1,166,21,0,21,187
04/09/2012,CPS,IL,AGL,CE,Towers with Radar,0,7,21,0,28,0,21,96,0,117,0,28,117,0,145,32,0,32,177
04/10/2012,CPS,IL,AGL,CE,Towers with Radar,0,12,26,0,38,0,30,83,0,113,0,42,109,0,151,98,0,98,249
04/11/2012,CPS,IL,AGL,CE,Towers with Radar,0,13,30,0,43,0,48,89,0,137,0,61,119,0,180,189,0,189,369
04/12/2012,CPS,IL,AGL,CE,Towers with Radar,0,9,44,0,53,0,28,80,0,108,0,37,124,0,161,151,0,151,312
04/13/2012,CPS,IL,AGL,CE,Towers with Radar,0,14,41,6,61,0,2,44,0,46,0,16,85,6,107,16,0,16,123
04/14/2012,CPS,IL,AGL,CE,Towers with Radar,0,4,31,0,35,0,19,94,0,113,0,23,125,0,148,0,0,0,148
04/15/2012,CPS,IL,AGL,CE,Towers with Radar,0,10,19,3,32,0,7,65,0,72,0,17,84,3,104,2,0,2,106
04/16/2012,CPS,IL,AGL,CE,Towers with Radar,0,4,17,2,23,0,18,55,1,74,0,22,72,3,97,54,0,54,151
04/17/2012,CPS,IL,AGL,CE,Towers with Radar,0,14,37,1,52,0,46,92,4,142,0,60,129,5,194,246,0,246,440
04/18/2012,CPS,IL,AGL,CE,Towers with Radar,0,14,30,0,44,0,30,51,0,81,0,44,81,0,125,152,0,152,277
04/19/2012,CPS,IL,AGL,CE,Towers with Radar,0,11,42,0,53,0,47,123,1,171,0,58,165,1,224,101,0,101,325
04/20/2012,CPS,IL,AGL,CE,Towers with Radar,0,17,31,0,48,0,5,30,0,35,0,22,61,0,83,0,0,0,83
04/21/2012,CPS,IL,AGL,CE,Towers with Radar,0,3,26,0,29,0,9,186,0,195,0,12,212,0,224,62,0,62,286
04/22/2012,CPS,IL,AGL,CE,Towers with Radar,0,6,15,0,21,0,3,58,0,61,0,9,73,0,82,12,0,12,94
04/23/2012,CPS,IL,AGL,CE,Towers with Radar,0,11,30,0,41,0,20,66,0,86,0,31,96,0,127,123,0,123,250
04/24/2012,CPS,IL,AGL,CE,Towers with Radar,0,24,33,0,57,0,46,67,0,113,0,70,100,0,170,241,0,241,411
04/25/2012,CPS,IL,AGL,CE,Towers with Radar,0,23,22,0,45,0,19,72,0,91,0,42,94,0,136,38,0,38,174
04/26/2012,CPS,IL,AGL,CE,Towers with Radar,0,12,20,0,32,0,20,102,0,122,0,32,122,0,154,65,0,65,219
04/27/2012,CPS,IL,AGL,CE,Towers with Radar,0,13,31,1,45,0,14,94,0,108,0,27,125,1,153,55,0,55,208
04/28/2012,CPS,IL,AGL,CE,Towers with Radar,0,7,29,0,36,0,13,53,0,66,0,20,82,0,102,57,0,57,159
04/29/2012,CPS,IL,AGL,CE,Towers with Radar,0,13,39,3,55,0,3,3,0,6,0,16,42,3,61,0,0,0,61
04/30/2012,CPS,IL,AGL,CE,Towers with Radar,0,8,35,0,43,0,15,70,0,85,0,23,105,0,128,60,0,60,188
05/01/2012,CPS,IL,AGL,CE,Towers with Radar,0,6,21,2,29,0,9,47,2,58,0,15,68,4,87,42,0,42,129
05/02/2012,CPS,IL,AGL,CE,Towers with Radar,0,16,32,2,50,0,18,91,0,109,0,34,123,2,159,60,0,60,219
05/03/2012,CPS,IL,AGL,CE,Towers with Radar,0,13,47,7,67,0,27,115,0,142,0,40,162,7,209,55,0,55,264
05/04/2012,CPS,IL,AGL,CE,Towers with Radar,0,10,32,4,46,0,21,77,4,102,0,31,109,8,148,84,0,84,232
05/05/2012,CPS,IL,AGL,CE,Towers with Radar,0,12,22,0,34,0,26,104,0,130,0,38,126,0,164,107,0,107,271
05/06/2012,CPS,IL,AGL,CE,Towers with Radar,0,9,16,0,25,0,17,85,0,102,0,26,101,0,127,18,0,18,145
05/07/2012,CPS,IL,AGL,CE,Towers with Radar,0,8,28,4,40,0,12,41,0,53,0,20,69,4,93,57,0,57,150
05/08/2012,CPS,IL,AGL,CE,Towers with Radar,0,18,36,2,56,0,23,106,2,131,0,41,142,4,187,244,0,244,431
05/09/2012,CPS,IL,AGL,CE,Towers with Radar,0,12,17,1,30,0,18,117,0,135,0,30,134,1,165,137,0,137,302
05/10/2012,CPS,IL,AGL,CE,Towers with Radar,0,14,25,2,41,0,9,95,0,104,0,23,120,2,145,59,0,59,204
05/11/2012,CPS,IL,AGL,CE,Towers with Radar,0,7,28,11,46,0,27,72,1,100,0,34,100,12,146,102,0,102,248
05/12/2012,CPS,IL,AGL,CE,Towers with Radar,0,2,20,2,24,1,26,105,0,132,1,28,125,2,156,33,0,33,189
05/13/2012,CPS,IL,AGL,CE,Towers with Radar,0,3,19,0,22,0,23,52,0,75,0,26,71,0,97,34,0,34,131
05/14/2012,CPS,IL,AGL,CE,Towers with Radar,0,8,41,0,49,0,45,158,0,203,0,53,199,0,252,103,0,103,355
05/15/2012,CPS,IL,AGL,CE,Towers with Radar,0,21,37,0,58,0,46,108,0,154,0,67,145,0,212,149,0,149,361
05/16/2012,CPS,IL,AGL,CE,Towers with Radar,0,12,24,0,36,0,23,110,0,133,0,35,134,0,169,76,0,76,245
05/17/2012,CPS,IL,AGL,CE,Towers with Radar,0,13,27,0,40,0,17,99,1,117,0,30,126,1,157,113,0,113,270
05/18/2012,CPS,IL,AGL,CE,Towers with Radar,0,7,23,0,30,0,17,163,0,180,0,24,186,0,210,83,0,83,293
05/19/2012,CPS,IL,AGL,CE,Towers with Radar,0,3,16,2,21,0,7,199,0,206,0,10,215,2,227,52,0,52,279
05/20/2012,CPS,IL,AGL,CE,Towers with Radar,0,3,34,3,40,0,30,111,0,141,0,33,145,3,181,24,0,24,205
05/21/2012,CPS,IL,AGL,CE,Towers with Radar,0,10,28,4,42,0,31,116,0,147,0,41,144,4,189,40,0,40,229
05/22/2012,CPS,IL,AGL,CE,Towers with Radar,0,12,30,2,44,0,45,134,1,180,0,57,164,3,224,175,0,175,399
05/23/2012,CPS,IL,AGL,CE,Towers with Radar,0,9,21,0,30,0,22,147,0,169,0,31,168,0,199,74,0,74,273
05/24/2012,CPS,IL,AGL,CE,Towers with Radar,0,7,29,0,36,0,11,76,0,87,0,18,105,0,123,10,0,10,133
05/25/2012,CPS,IL,AGL,CE,Towers with Radar,0,7,40,1,48,0,13,98,3,114,0,20,138,4,162,105,0,105,267
05/26/2012,CPS,IL,AGL,CE,Towers with Radar,0,4,22,0,26,0,16,245,2,263,0,20,267,2,289,10,0,10,299
05/27/2012,CPS,IL,AGL,CE,Towers with Radar,0,1,13,0,14,0,17,221,0,238,0,18,234,0,252,6,0,6,258
05/28/2012,CPS,IL,AGL,CE,Towers with Radar,0,5,16,3,24,0,12,119,1,132,0,17,135,4,156,2,0,2,158
05/29/2012,CPS,IL,AGL,CE,Towers with Radar,0,2,29,6,37,0,14,90,2,106,0,16,119,8,143,111,0,111,254
05/30/2012,CPS,IL,AGL,CE,Towers with Radar,0,10,27,8,45,0,31,76,1,108,0,41,103,9,153,176,0,176,329
05/31/2012,CPS,IL,AGL,CE,Towers with Radar,0,6,31,0,37,0,4,33,0,37,0,10,64,0,74,24,0,24,98
06/01/2012,CPS,IL,AGL,CE,Towers with Radar,0,7,24,0,31,0,17,135,0,152,0,24,159,0,183,58,0,58,241
06/02/2012,CPS,IL,AGL,CE,Towers with Radar,0,1,11,0,12,0,17,126,0,143,0,18,137,0,155,61,0,61,216
06/03/2012,CPS,IL,AGL,CE,Towers with Radar,0,1,26,0,27,0,27,96,0,123,0,28,122,0,150,57,0,57,207
06/04/2012,CPS,IL,AGL,CE,Towers with Radar,0,5,36,6,47,0,27,73,0,100,0,32,109,6,147,82,0,82,229
06/05/2012,CPS,IL,AGL,CE,Towers with Radar,0,7,27,0,34,0,20,95,0,115,0,27,122,0,149,62,0,62,211
06/06/2012,CPS,IL,AGL,CE,Towers with Radar,0,8,38,4,50,0,18,69,0,87,0,26,107,4,137,88,0,88,225
06/07/2012,CPS,IL,AGL,CE,Towers with Radar,0,14,35,5,54,0,17,132,1,150,0,31,167,6,204,140,0,140,344
06/08/2012,CPS,IL,AGL,CE,Towers with Radar,0,2,24,3,29,0,4,132,0,136,0,6,156,3,165,100,4,104,269
06/09/2012,CPS,IL,AGL,CE,Towers with Radar,0,4,15,0,19,0,15,142,0,157,0,19,157,0,176,72,0,72,248
06/10/2012,CPS,IL,AGL,CE,Towers with Radar,0,11,18,0,29,0,17,108,0,125,0,28,126,0,154,31,0,31,185
06/11/2012,CPS,IL,AGL,CE,Towers with Radar,0,5,27,4,36,0,14,44,0,58,0,19,71,4,94,44,0,44,138
06/12/2012,CPS,IL,AGL,CE,Towers with Radar,0,16,41,0,57,0,35,88,5,128,0,51,129,5,185,166,0,166,351
06/13/2012,CPS,IL,AGL,CE,Towers with Radar,0,9,31,3,43,0,35,131,0,166,0,44,162,3,209,102,0,102,311
06/14/2012,CPS,IL,AGL,CE,Towers with Radar,0,14,60,5,79,0,20,140,0,160,0,34,200,5,239,86,0,86,325
06/15/2012,CPS,IL,AGL,CE,Towers with Radar,0,4,40,3,47,0,22,133,2,157,0,26,173,5,204,80,0,80,284
06/16/2012,CPS,IL,AGL,CE,Towers with Radar,0,2,21,0,23,0,16,168,0,184,0,18,189,0,207,4,0,4,211
06/17/2012,CPS,IL,AGL,CE,Towers with Radar,1,7,27,0,35,0,15,113,0,128,1,22,140,0,163,26,0,26,189
06/18/2012,CPS,IL,AGL,CE,Towers with Radar,0,4,28,0,32,0,49,52,0,101,0,53,80,0,133,33,0,33,166
06/19/2012,CPS,IL,AGL,CE,Towers with Radar,0,13,21,2,36,0,10,100,0,110,0,23,121,2,146,36,0,36,182
06/20/2012,CPS,IL,AGL,CE,Towers with Radar,0,10,30,0,40,0,7,111,0,118,0,17,141,0,158,52,0,52,210
06/21/2012,CPS,IL,AGL,CE,Towers with Radar,0,14,33,0,47,1,9,159,0,169,1,23,192,0,216,90,0,90,306
06/22/2012,CPS,IL,AGL,CE,Towers with Radar,0,8,44,1,53,0,10,142,0,152,0,18,186,1,205,112,0,112,317
06/23/2012,CPS,IL,AGL,CE,Towers with Radar,0,2,20,0,22,0,15,83,0,98,0,17,103,0,120,15,0,15,135
06/24/2012,CPS,IL,AGL,CE,Towers with Radar,0,7,17,0,24,0,21,121,0,142,0,28,138,0,166,64,0,64,230
06/25/2012,CPS,IL,AGL,CE,Towers with Radar,0,11,30,0,41,0,21,90,0,111,0,32,120,0,152,74,0,74,226
06/26/2012,CPS,IL,AGL,CE,Towers with Radar,0,13,33,7,53,0,7,87,1,95,0,20,120,8,148,69,4,73,221
06/27/2012,CPS,IL,AGL,CE,Towers with Radar,0,10,38,2,50,0,34,123,0,157,0,44,161,2,207,146,2,148,355
06/28/2012,CPS,IL,AGL,CE,Towers with Radar,0,11,32,3,46,0,15,108,2,125,0,26,140,5,171,54,0,54,225
06/29/2012,CPS,IL,AGL,CE,Towers with Radar,0,7,32,1,40,0,8,114,2,124,0,15,146,3,164,26,0,26,190
06/30/2012,CPS,IL,AGL,CE,Towers with Radar,0,0,13,4,17,0,17,86,0,103,0,17,99,4,120,10,0,10,130
07/01/2012,CPS,IL,AGL,CE,Towers with Radar,0,0,16,0,16,0,23,49,0,72,0,23,65,0,88,14,0,14,102
07/02/2012,CPS,IL,AGL,CE,Towers with Radar,0,8,31,4,43,0,14,114,0,128,0,22,145,4,171,52,0,52,223
07/03/2012,CPS,IL,AGL,CE,Towers with Radar,0,13,21,1,35,0,47,134,2,183,0,60,155,3,218,60,0,60,278
07/04/2012,CPS,IL,AGL,CE,Towers with Radar,0,2,9,6,17,0,66,138,8,212,0,68,147,14,229,30,2,32,261
07/05/2012,CPS,IL,AGL,CE,Towers with Radar,0,11,23,3,37,0,10,155,0,165,0,21,178,3,202,47,4,51,253
07/06/2012,CPS,IL,AGL,CE,Towers with Radar,0,11,31,2,44,0,22,97,0,119,0,33,128,2,163,63,0,63,226
07/07/2012,CPS,IL,AGL,CE,Towers with Radar,0,8,12,0,20,0,18,256,0,274,0,26,268,0,294,48,0,48,342
07/08/2012,CPS,IL,AGL,CE,Towers with Radar,0,6,15,0,21,0,14,109,2,125,0,20,124,2,146,48,0,48,194
07/09/2012,CPS,IL,AGL,CE,Towers with Radar,0,12,27,0,39,0,17,157,1,175,0,29,184,1,214,134,0,134,348
07/10/2012,CPS,IL,AGL,CE,Towers with Radar,0,19,20,0,39,0,57,112,0,169,0,76,132,0,208,173,0,173,381
07/11/2012,CPS,IL,AGL,CE,Towers with Radar,0,11,22,4,37,0,44,94,0,138,0,55,116,4,175,78,0,78,253
07/12/2012,CPS,IL,AGL,CE,Towers with Radar,0,7,30,2,39,0,14,140,0,154,0,21,170,2,193,103,0,103,296
07/13/2012,CPS,IL,AGL,CE,Towers with Radar,0,4,24,0,28,0,12,128,0,140,0,16,152,0,168,52,0,52,220
07/14/2012,CPS,IL,AGL,CE,Towers with Radar,0,5,4,2,11,0,14,159,2,175,0,19,163,4,186,42,0,42,228
07/15/2012,CPS,IL,AGL,CE,Towers with Radar,0,6,25,0,31,0,67,109,2,178,0,73,134,2,209,12,0,12,221
07/16/2012,CPS,IL,AGL,CE,Towers with Radar,0,4,25,0,29,0,16,89,1,106,0,20,114,1,135,81,0,81,216
07/17/2012,CPS,IL,AGL,CE,Towers with Radar,0,7,30,0,37,0,22,94,2,118,0,29,124,2,155,40,0,40,195
07/18/2012,CPS,IL,AGL,CE,Towers with Radar,0,8,37,4,49,0,14,78,2,94,0,22,115,6,143,28,0,28,171
07/19/2012,CPS,IL,AGL,CE,Towers with Radar,0,9,29,1,39,0,10,87,1,98,0,19,116,2,137,85,0,85,222
07/20/2012,CPS,IL,AGL,CE,Towers with Radar,0,4,44,2,50,0,15,141,0,156,0,19,185,2,206,81,0,81,287
07/21/2012,CPS,IL,AGL,CE,Towers with Radar,0,1,17,2,20,0,32,202,0,234,0,33,219,2,254,46,4,50,304
07/22/2012,CPS,IL,AGL,CE,Towers with Radar,0,7,33,0,40,0,25,120,0,145,0,32,153,0,185,10,0,10,195
07/23/2012,CPS,IL,AGL,CE,Towers with Radar,0,6,35,8,49,0,26,80,1,107,0,32,115,9,156,78,2,80,236
07/24/2012,CPS,IL,AGL,CE,Towers with Radar,0,11,38,0,49,0,28,77,0,105,0,39,115,0,154,69,0,69,223
07/25/2012,CPS,IL,AGL,CE,Towers with Radar,0,15,41,1,57,0,35,90,2,127,0,50,131,3,184,85,0,85,269
07/26/2012,CPS,IL,AGL,CE,Towers with Radar,0,10,39,0,49,0,11,77,0,88,0,21,116,0,137,72,0,72,209
07/27/2012,CPS,IL,AGL,CE,Towers with Radar,0,10,40,3,53,0,18,126,3,147,0,28,166,6,200,127,0,127,327
07/28/2012,CPS,IL,AGL,CE,Towers with Radar,0,3,15,0,18,0,5,134,3,142,0,8,149,3,160,29,0,29,189
07/29/2012,CPS,IL,AGL,CE,Towers with Radar,0,6,25,1,32,0,28,85,1,114,0,34,110,2,146,12,0,12,158
07/30/2012,CPS,IL,AGL,CE,Towers with Radar,0,2,21,0,23,0,53,85,0,138,0,55,106,0,161,112,0,112,273
07/31/2012,CPS,IL,AGL,CE,Towers with Radar,0,13,38,3,54,0,23,81,1,105,0,36,119,4,159,93,0,93,252
08/01/2012,CPS,IL,AGL,CE,Towers with Radar,0,11,60,2,73,0,13,94,0,107,0,24,154,2,180,52,0,52,232
08/02/2012,CPS,IL,AGL,CE,Towers with Radar,0,12,32,4,48,0,17,107,2,126,0,29,139,6,174,52,0,52,226
08/03/2012,CPS,IL,AGL,CE,Towers with Radar,0,8,34,0,42,0,27,172,1,200,0,35,206,1,242,28,0,28,270
08/04/2012,CPS,IL,AGL,CE,Towers with Radar,0,4,22,0,26,0,13,116,4,133,0,17,138,4,159,21,0,21,180
08/05/2012,CPS,IL,AGL,CE,Towers with Radar,0,0,32,0,32,0,4,124,2,130,0,4,156,2,162,40,0,40,202
08/06/2012,CPS,IL,AGL,CE,Towers with Radar,0,6,31,0,37,0,17,68,0,85,0,23,99,0,122,22,0,22,144
08/07/2012,CPS,IL,AGL,CE,Towers with Radar,0,4,24,0,28,0,33,139,1,173,0,37,163,1,201,92,0,92,293
08/08/2012,CPS,IL,AGL,CE,Towers with Radar,0,13,38,0,51,0,23,127,1,151,0,36,165,1,202,140,0,140,342
08/09/2012,CPS,IL,AGL,CE,Towers with Radar,0,8,23,0,31,0,27,154,0,181,0,35,177,0,212,116,0,116,328
08/10/2012,CPS,IL,AGL,CE,Towers with Radar,0,3,34,4,41,0,13,147,1,161,0,16,181,5,202,48,0,48,250
08/11/2012,CPS,IL,AGL,CE,Towers with Radar,0,0,19,3,22,0,5,107,0,112,0,5,126,3,134,59,0,59,193
08/12/2012,CPS,IL,AGL,CE,Towers with Radar,0,3,24,6,33,0,8,61,0,69,0,11,85,6,102,41,0,41,143
08/13/2012,CPS,IL,AGL,CE,Towers with Radar,0,8,28,8,44,0,39,94,0,133,0,47,122,8,177,46,0,46,223
08/14/2012,CPS,IL,AGL,CE,Towers with Radar,0,8,46,2,56,0,31,112,0,143,0,39,158,2,199,54,0,54,253
08/15/2012,CPS,IL,AGL,CE,Towers with Radar,0,3,30,2,35,0,23,153,2,178,0,26,183,4,213,76,0,76,289
08/16/2012,CPS,IL,AGL,CE,Towers with Radar,0,11,31,0,42,0,3,70,0,73,0,14,101,0,115,38,0,38,153
08/17/2012,CPS,IL,AGL,CE,Towers with Radar,0,4,46,2,52,0,9,99,1,109,0,13,145,3,161,46,2,48,209
08/18/2012,CPS,IL,AGL,CE,Towers with Radar,0,7,29,2,38,0,16,66,1,83,0,23,95,3,121,11,0,11,132
08/19/2012,CPS,IL,AGL,CE,Towers with Radar,0,4,43,1,48,0,15,97,0,112,0,19,140,1,160,20,0,20,180
08/20/2012,CPS,IL,AGL,CE,Towers with Radar,0,6,23,2,31,0,40,134,0,174,0,46,157,2,205,58,0,58,263
08/21/2012,CPS,IL,AGL,CE,Towers with Radar,0,10,33,1,44,0,27,110,3,140,0,37,143,4,184,2,0,2,186
08/22/2012,CPS,IL,AGL,CE,Towers with Radar,0,3,22,0,25,0,23,118,0,141,0,26,140,0,166,98,0,98,264
08/23/2012,CPS,IL,AGL,CE,Towers with Radar,0,6,30,0,36,0,9,69,1,79,0,15,99,1,115,163,0,163,278
08/24/2012,CPS,IL,AGL,CE,Towers with Radar,0,7,26,0,33,0,20,79,0,99,0,27,105,0,132,114,0,114,246
08/25/2012,CPS,IL,AGL,CE,Towers with Radar,0,5,33,0,38,0,17,125,0,142,0,22,158,0,180,40,0,40,220
08/26/2012,CPS,IL,AGL,CE,Towers with Radar,0,9,32,1,42,0,15,65,0,80,0,24,97,1,122,6,0,6,128
08/27/2012,CPS,IL,AGL,CE,Towers with Radar,0,9,30,0,39,0,12,97,0,109,0,21,127,0,148,52,0,52,200
08/28/2012,CPS,IL,AGL,CE,Towers with Radar,0,9,31,0,40,0,24,115,0,139,0,33,146,0,179,110,0,110,289
08/29/2012,CPS,IL,AGL,CE,Towers with Radar,0,11,20,0,31,0,12,111,0,123,0,23,131,0,154,56,0,56,210
08/30/2012,CPS,IL,AGL,CE,Towers with Radar,0,13,33,2,48,0,42,113,0,155,0,55,146,2,203,145,0,145,348
08/31/2012,CPS,IL,AGL,CE,Towers with Radar,0,3,23,2,28,0,5,15,0,20,0,8,38,2,48,32,0,32,80
09/01/2012,CPS,IL,AGL,CE,Towers with Radar,0,1,7,0,8,0,6,77,0,83,0,7,84,0,91,0,0,0,91
09/02/2012,CPS,IL,AGL,CE,Towers with Radar,0,0,14,0,14,0,10,209,0,219,0,10,223,0,233,4,0,4,237
09/03/2012,CPS,IL,AGL,CE,Towers with Radar,0,1,24,0,25,0,4,74,3,81,0,5,98,3,106,14,0,14,120
09/04/2012,CPS,IL,AGL,CE,Towers with Radar,0,8,37,0,45,0,26,92,0,118,0,34,129,0,163,197,0,197,360
09/05/2012,CPS,IL,AGL,CE,Towers with Radar,0,7,34,3,44,0,4,49,0,53,0,11,83,3,97,60,0,60,157
09/06/2012,CPS,IL,AGL,CE,Towers with Radar,0,11,37,0,48,0,11,50,0,61,0,22,87,0,109,192,0,192,301
09/07/2012,CPS,IL,AGL,CE,Towers with Radar,0,5,40,0,45,0,8,91,0,99,0,13,131,0,144,104,0,104,248
09/08/2012,CPS,IL,AGL,CE,Towers with Radar,0,19,18,0,37,0,21,174,0,195,0,40,192,0,232,153,0,153,385
09/09/2012,CPS,IL,AGL,CE,Towers with Radar,0,3,24,0,27,0,16,144,0,160,0,19,168,0,187,12,0,12,199
09/10/2012,CPS,IL,AGL,CE,Towers with Radar,0,8,28,0,36,0,32,118,2,152,0,40,146,2,188,170,0,170,358
09/11/2012,CPS,IL,AGL,CE,Towers with Radar,0,11,28,3,42,0,29,61,1,91,0,40,89,4,133,217,0,217,350
09/12/2012,CPS,IL,AGL,CE,Towers with Radar,0,5,26,0,31,0,23,61,0,84,0,28,87,0,115,112,0,112,227
09/13/2012,CPS,IL,AGL,CE,Towers with Radar,0,8,32,1,41,0,45,113,0,158,0,53,145,1,199,215,0,215,414
09/14/2012,CPS,IL,AGL,CE,Towers with Radar,0,7,33,0,40,0,7,87,0,94,0,14,120,0,134,0,0,0,134
09/15/2012,CPS,IL,AGL,CE,Towers with Radar,0,6,27,0,33,0,18,171,0,189,0,24,198,0,222,98,0,98,320
09/16/2012,CPS,IL,AGL,CE,Towers with Radar,0,3,43,0,46,0,17,104,0,121,0,20,147,0,167,169,0,169,336
09/17/2012,CPS,IL,AGL,CE,Towers with Radar,0,11,27,4,42,0,5,27,0,32,0,16,54,4,74,16,0,16,90
09/18/2012,CPS,IL,AGL,CE,Towers with Radar,0,5,32,8,45,0,21,73,1,95,0,26,105,9,140,81,0,81,221
09/19/2012,CPS,IL,AGL,CE,Towers with Radar,0,10,39,4,53,0,49,107,0,156,0,59,146,4,209,82,0,82,291
09/20/2012,CPS,IL,AGL,CE,Towers with Radar,0,11,28,1,40,0,38,119,0,157,0,49,147,1,197,176,0,176,373
09/21/2012,CPS,IL,AGL,CE,Towers with Radar,0,14,24,0,38,0,20,159,10,189,0,34,183,10,227,86,0,86,313
09/22/2012,CPS,IL,AGL,CE,Towers with Radar,0,1,25,0,26,0,12,125,0,137,0,13,150,0,163,26,0,26,189
09/23/2012,CPS,IL,AGL,CE,Towers with Radar,0,3,24,4,31,0,29,91,4,124,0,32,115,8,155,126,0,126,281
09/24/2012,CPS,IL,AGL,CE,Towers with Radar,0,3,30,0,33,0,31,79,0,110,0,34,109,0,143,86,0,86,229
09/25/2012,CPS,IL,AGL,CE,Towers with Radar,0,4,23,0,27,0,8,40,0,48,0,12,63,0,75,0,0,0,75
09/26/2012,CPS,IL,AGL,CE,Towers with Radar,0,4,36,1,41,0,15,52,0,67,0,19,88,1,108,98,0,98,206
09/27/2012,CPS,IL,AGL,CE,Towers with Radar,0,20,30,3,53,0,12,43,0,55,0,32,73,3,108,58,0,58,166
09/28/2012,CPS,IL,AGL,CE,Towers with Radar,0,9,47,1,57,0,40,98,0,138,0,49,145,1,195,105,0,105,300
09/29/2012,CPS,IL,AGL,CE,Towers with Radar,2,5,18,0,25,0,29,169,0,198,2,34,187,0,223,160,0,160,383
09/30/2012,CPS,IL,AGL,CE,Towers with Radar,0,5,44,0,49,0,51,85,0,136,0,56,129,0,185,204,0,204,389
10/01/2012,CPS,IL,AGL,CE,Towers with Radar,0,7,24,2,33,0,61,92,0,153,0,68,116,2,186,120,0,120,306
10/02/2012,CPS,IL,AGL,CE,Towers with Radar,0,13,28,0,41,0,89,86,0,175,0,102,114,0,216,86,0,86,302
10/03/2012,CPS,IL,AGL,CE,Towers with Radar,0,7,26,3,36,0,86,132,0,218,0,93,158,3,254,164,0,164,418
10/04/2012,CPS,IL,AGL,CE,Towers with Radar,0,32,30,3,65,0,43,111,0,154,0,75,141,3,219,127,0,127,346
10/05/2012,CPS,IL,AGL,CE,Towers with Radar,0,10,39,0,49,0,0,7,0,7,0,10,46,0,56,0,0,0,56
10/06/2012,CPS,IL,AGL,CE,Towers with Radar,0,3,19,0,22,0,17,140,0,157,0,20,159,0,179,50,0,50,229
10/07/2012,CPS,IL,AGL,CE,Towers with Radar,0,3,32,0,35,0,18,73,0,91,0,21,105,0,126,38,0,38,164
10/08/2012,CPS,IL,AGL,CE,Towers with Radar,0,10,56,0,66,0,44,113,0,157,0,54,169,0,223,111,0,111,334
10/09/2012,CPS,IL,AGL,CE,Towers with Radar,0,8,28,6,42,0,31,127,0,158,0,39,155,6,200,96,0,96,296
10/10/2012,CPS,IL,AGL,CE,Towers with Radar,0,5,21,0,26,0,42,117,0,159,0,47,138,0,185,126,0,126,311
10/11/2012,CPS,IL,AGL,CE,Towers with Radar,0,19,37,6,62,0,24,78,0,102,0,43,115,6,164,103,0,103,267
10/12/2012,CPS,IL,AGL,CE,Towers with Radar,0,14,42,0,56,0,16,90,0,106,0,30,132,0,162,99,0,99,261
10/13/2012,CPS,IL,AGL,CE,Towers with Radar,0,2,12,4,18,0,13,102,2,117,0,15,114,6,135,17,0,17,152
10/14/2012,CPS,IL,AGL,CE,Towers with Radar,0,2,19,0,21,0,29,50,0,79,0,31,69,0,100,10,0,10,110
10/15/2012,CPS,IL,AGL,CE,Towers with Radar,0,12,26,1,39,0,38,106,0,144,0,50,132,1,183,71,0,71,254
10/16/2012,CPS,IL,AGL,CE,Towers with Radar,0,16,21,2,39,0,40,62,1,103,0,56,83,3,142,202,0,202,344
10/17/2012,CPS,IL,AGL,CE,Towers with Radar,0,18,47,0,65,0,23,65,0,88,0,41,112,0,153,16,0,16,169
10/18/2012,CPS,IL,AGL,CE,Towers with Radar,0,21,42,0,63,0,6,34,0,40,0,27,76,0,103,62,0,62,165
10/19/2012,CPS,IL,AGL,CE,Towers with Radar,0,15,78,0,93,0,9,74,1,84,0,24,152,1,177,68,0,68,245
10/20/2012,CPS,IL,AGL,CE,Towers with Radar,0,2,27,0,29,0,20,201,0,221,0,22,228,0,250,121,0,121,371
10/21/2012,CPS,IL,AGL,CE,Towers with Radar,0,3,38,0,41,0,28,153,2,183,0,31,191,2,224,22,0,22,246
10/22/2012,CPS,IL,AGL,CE,Towers with Radar,0,4,19,1,24,0,18,86,0,104,0,22,105,1,128,38,0,38,166
10/23/2012,CPS,IL,AGL,CE,Towers with Radar,0,4,30,3,37,0,20,69,0,89,0,24,99,3,126,48,0,48,174
10/24/2012,CPS,IL,AGL,CE,Towers with Radar,0,5,32,3,40,0,29,68,0,97,0,34,100,3,137,154,0,154,291
10/25/2012,CPS,IL,AGL,CE,Towers with Radar,0,9,37,5,51,0,28,50,0,78,0,37,87,5,129,44,0,44,173
10/26/2012,CPS,IL,AGL,CE,Towers with Radar,0,4,36,0,40,0,32,139,0,171,0,36,175,0,211,44,0,44,255
10/27/2012,CPS,IL,AGL,CE,Towers with Radar,0,8,15,0,23,0,19,123,0,142,0,27,138,0,165,99,0,99,264
10/28/2012,CPS,IL,AGL,CE,Towers with Radar,0,2,28,0,30,0,48,93,0,141,0,50,121,0,171,14,0,14,185
10/29/2012,CPS,IL,AGL,CE,Towers with Radar,0,8,14,0,22,0,43,131,1,175,0,51,145,1,197,138,0,138,335
10/30/2012,CPS,IL,AGL,CE,Towers with Radar,0,9,16,2,27,0,29,63,0,92,0,38,79,2,119,104,0,104,223
10/31/2012,CPS,IL,AGL,CE,Towers with Radar,0,3,23,4,30,0,40,46,0,86,0,43,69,4,116,174,0,174,290
11/01/2012,CPS,IL,AGL,CE,Towers with Radar,0,17,27,0,44,0,49,86,0,135,0,66,113,0,179,214,0,214,393
11/02/2012,CPS,IL,AGL,CE,Towers with Radar,0,10,20,0,30,0,37,122,0,159,0,47,142,0,189,195,0,195,384
11/03/2012,CPS,IL,AGL,CE,Towers with Radar,0,8,12,0,20,0,12,60,0,72,0,20,72,0,92,36,0,36,128
11/04/2012,CPS,IL,AGL,CE,Towers with Radar,0,1,49,11,61,0,13,99,5,117,0,14,148,16,178,74,0,74,252
11/05/2012,CPS,IL,AGL,CE,Towers with Radar,0,10,12,0,22,0,8,23,0,31,0,18,35,0,53,49,0,49,102
11/06/2012,CPS,IL,AGL,CE,Towers with Radar,0,2,8,1,11,0,7,22,1,30,0,9,30,2,41,30,0,30,71
11/07/2012,CPS,IL,AGL,CE,Towers with Radar,0,1,17,0,18,0,38,74,0,112,0,39,91,0,130,176,0,176,306
11/08/2012,CPS,IL,AGL,CE,Towers with Radar,0,20,35,4,59,1,56,162,0,219,1,76,197,4,278,200,0,200,478
11/09/2012,CPS,IL,AGL,CE,Towers with Radar,0,4,33,2,39,0,30,87,0,117,0,34,120,2,156,112,0,112,268
11/10/2012,CPS,IL,AGL,CE,Towers with Radar,0,3,19,0,22,0,21,72,0,93,0,24,91,0,115,40,0,40,155
11/11/2012,CPS,IL,AGL,CE,Towers with Radar,0,2,20,0,22,0,1,0,0,1,0,3,20,0,23,0,0,0,23
11/12/2012,CPS,IL,AGL,CE,Towers with Radar,0,6,20,0,26,0,22,66,0,88,0,28,86,0,114,91,0,91,205
11/13/2012,CPS,IL,AGL,CE,Towers with Radar,0,15,33,4,52,0,48,82,2,132,0,63,115,6,184,239,0,239,423
11/14/2012,CPS,IL,AGL,CE,Towers with Radar,0,7,22,0,29,0,42,101,0,143,0,49,123,0,172,169,0,169,341
11/15/2012,CPS,IL,AGL,CE,Towers with Radar,0,6,31,2,39,0,53,105,0,158,0,59,136,2,197,144,0,144,341
11/16/2012,CPS,IL,AGL,CE,Towers with Radar,0,13,34,3,50,0,31,103,4,138,0,44,137,7,188,200,12,212,400
11/17/2012,CPS,IL,AGL,CE,Towers with Radar,0,5,20,1,26,0,18,106,1,125,0,23,126,2,151,83,0,83,234
11/18/2012,CPS,IL,AGL,CE,Towers with Radar,0,6,19,0,25,0,42,100,0,142,0,48,119,0,167,60,0,60,227
11/19/2012,CPS,IL,AGL,CE,Towers with Radar,0,7,12,0,19,0,45,83,0,128,0,52,95,0,147,142,0,142,289
11/20/2012,CPS,IL,AGL,CE,Towers with Radar,0,7,32,0,39,0,23,118,0,141,0,30,150,0,180,110,0,110,290
11/21/2012,CPS,IL,AGL,CE,Towers with Radar,0,4,24,2,30,0,8,64,0,72,0,12,88,2,102,36,0,36,138
11/22/2012,CPS,IL,AGL,CE,Towers with Radar,0,1,5,0,6,0,0,15,0,15,0,1,20,0,21,8,0,8,29
11/23/2012,CPS,IL,AGL,CE,Towers with Radar,0,1,7,0,8,0,5,110,0,115,0,6,117,0,123,14,0,14,137
11/24/2012,CPS,IL,AGL,CE,Towers with Radar,0,2,19,0,21,0,10,87,0,97,0,12,106,0,118,61,0,61,179
11/25/2012,CPS,IL,AGL,CE,Towers with Radar,0,3,27,0,30,0,6,65,0,71,0,9,92,0,101,52,0,52,153
11/26/2012,CPS,IL,AGL,CE,Towers with Radar,0,5,17,0,22,0,30,76,0,106,0,35,93,0,128,42,0,42,170
11/27/2012,CPS,IL,AGL,CE,Towers with Radar,0,11,20,4,35,0,46,99,0,145,0,57,119,4,180,166,0,166,346
11/28/2012,CPS,IL,AGL,CE,Towers with Radar,0,9,37,2,48,0,48,107,0,155,0,57,144,2,203,229,0,229,432
11/29/2012,CPS,IL,AGL,CE,Towers with Radar,0,12,44,0,56,0,41,89,0,130,0,53,133,0,186,204,0,204,390
11/30/2012,CPS,IL,AGL,CE,Towers with Radar,0,5,19,1,25,0,29,75,0,104,0,34,94,1,129,159,0,159,288
12/01/2012,CPS,IL,AGL,CE,Towers with Radar,0,2,22,0,24,0,27,105,0,132,0,29,127,0,156,71,0,71,227
12/02/2012,CPS,IL,AGL,CE,Towers with Radar,0,3,24,1,28,0,15,95,0,110,0,18,119,1,138,28,0,28,166
12/03/2012,CPS,IL,AGL,CE,Towers with Radar,0,7,21,0,28,0,25,75,0,100,0,32,96,0,128,48,0,48,176
12/04/2012,CPS,IL,AGL,CE,Towers with Radar,0,11,24,1,36,0,31,78,0,109,0,42,102,1,145,136,0,136,281
12/05/2012,CPS,IL,AGL,CE,Towers with Radar,0,9,28,0,37,0,37,62,1,100,0,46,90,1,137,196,0,196,333
12/06/2012,CPS,IL,AGL,CE,Towers with Radar,0,2,37,0,39,0,16,55,1,72,0,18,92,1,111,179,0,179,290
12/07/2012,CPS,IL,AGL,CE,Towers with Radar,0,9,15,0,24,0,1,9,0,10,0,10,24,0,34,10,0,10,44
12/08/2012,CPS,IL,AGL,CE,Towers with Radar,0,3,17,0,20,0,4,21,0,25,0,7,38,0,45,30,0,30,75
12/09/2012,CPS,IL,AGL,CE,Towers with Radar,0,2,15,0,17,0,1,8,0,9,0,3,23,0,26,14,0,14,40
12/10/2012,CPS,IL,AGL,CE,Towers with Radar,0,13,25,18,56,0,41,38,0,79,0,54,63,18,135,220,26,246,381
12/11/2012,CPS,IL,AGL,CE,Towers with Radar,0,14,26,4,44,0,44,73,1,118,0,58,99,5,162,204,0,204,366
12/12/2012,CPS,IL,AGL,CE,Towers with Radar,0,4,20,2,26,0,45,58,1,104,0,49,78,3,130,309,0,309,439
12/13/2012,CPS,IL,AGL,CE,Towers with Radar,0,10,46,2,58,0,17,50,0,67,0,27,96,2,125,72,0,72,197
12/14/2012,CPS,IL,AGL,CE,Towers with Radar,0,4,23,0,27,0,46,94,1,141,0,50,117,1,168,254,0,254,422
12/15/2012,CPS,IL,AGL,CE,Towers with Radar,0,4,13,0,17,0,17,49,0,66,0,21,62,0,83,2,0,2,85
12/16/2012,CPS,IL,AGL,CE,Towers with Radar,0,8,39,0,47,0,11,111,0,122,0,19,150,0,169,50,0,50,219
12/17/2012,CPS,IL,AGL,CE,Towers with Radar,0,12,44,0,56,0,1,7,0,8,0,13,51,0,64,26,0,26,90
12/18/2012,CPS,IL,AGL,CE,Towers with Radar,0,2,29,0,31,0,15,62,5,82,0,17,91,5,113,72,0,72,185
12/19/2012,CPS,IL,AGL,CE,Towers with Radar,0,4,30,0,34,0,18,43,0,61,0,22,73,0,95,190,0,190,285
12/20/2012,CPS,IL,AGL,CE,Towers with Radar,0,4,12,0,16,0,0,8,0,8,0,4,20,0,24,0,0,0,24
12/21/2012,CPS,IL,AGL,CE,Towers with Radar,0,10,24,0,34,0,24,115,1,140,0,34,139,1,174,24,0,24,198
12/22/2012,CPS,IL,AGL,CE,Towers with Radar,0,4,21,0,25,20,14,76,0,110,20,18,97,0,135,36,0,36,171
12/23/2012,CPS,IL,AGL,CE,Towers with Radar,0,3,13,0,16,0,4,67,0,71,0,7,80,0,87,66,0,66,153
12/24/2012,CPS,IL,AGL,CE,Towers with Radar,0,6,6,0,12,0,0,7,0,7,0,6,13,0,19,0,0,0,19
12/25/2012,CPS,IL,AGL,CE,Towers with Radar,0,2,2,0,4,0,0,0,0,0,0,2,2,0,4,0,0,0,4
12/26/2012,CPS,IL,AGL,CE,Towers with Radar,0,4,8,0,12,0,4,33,0,37,0,8,41,0,49,0,0,0,49
12/27/2012,CPS,IL,AGL,CE,Towers with Radar,0,4,14,0,18,0,6,81,0,87,0,10,95,0,105,113,0,113,218
12/28/2012,CPS,IL,AGL,CE,Towers with Radar,0,8,13,2,23,0,0,12,0,12,0,8,25,2,35,34,0,34,69
12/29/2012,CPS,IL,AGL,CE,Towers with Radar,0,1,15,0,16,0,4,7,0,11,0,5,22,0,27,0,0,0,27
12/30/2012,CPS,IL,AGL,CE,Towers with Radar,0,10,14,0,24,0,6,43,0,49,0,16,57,0,73,16,0,16,89
12/31/2012,CPS,IL,AGL,CE,Towers with Radar,0,1,0,0,1,0,0,4,0,4,0,1,4,0,5,0,0,0,5
01/01/2013,CPS,IL,AGL,CE,Towers with Radar,0,3,7,0,10,0,0,22,0,22,0,3,29,0,32,6,0,6,38
01/02/2013,CPS,IL,AGL,CE,Towers with Radar,0,4,23,0,27,0,26,58,0,84,0,30,81,0,111,71,0,71,182
01/03/2013,CPS,IL,AGL,CE,Towers with Radar,0,2,18,2,22,0,19,72,0,91,0,21,90,2,113,101,0,101,214
01/04/2013,CPS,IL,AGL,CE,Towers with Radar,0,5,25,0,30,0,13,90,4,107,0,18,115,4,137,80,0,80,217
01/05/2013,CPS,IL,AGL,CE,Towers with Radar,0,1,9,0,10,0,3,29,0,32,0,4,38,0,42,39,0,39,81
01/06/2013,CPS,IL,AGL,CE,Towers with Radar,0,0,11,0,11,0,6,32,0,38,0,6,43,0,49,16,0,16,65
01/07/2013,CPS,IL,AGL,CE,Towers with Radar,0,5,25,0,30,0,8,77,0,85,0,13,102,0,115,54,0,54,169
01/08/2013,CPS,IL,AGL,CE,Towers with Radar,0,4,33,0,37,0,23,83,0,106,0,27,116,0,143,72,0,72,215
01/09/2013,CPS,IL,AGL,CE,Towers with Radar,0,10,12,2,24,0,45,91,2,138,0,55,103,4,162,38,0,38,200
01/10/2013,CPS,IL,AGL,CE,Towers with Radar,0,7,13,0,20,0,0,6,0,6,0,7,19,0,26,0,0,0,26
01/11/2013,CPS,IL,AGL,CE,Towers with Radar,0,3,25,4,32,0,11,52,6,69,0,14,77,10,101,48,0,48,149
01/12/2013,CPS,IL,AGL,CE,Towers with Radar,0,2,11,4,17,0,2,19,2,23,0,4,30,6,40,58,0,58,98
01/13/2013,CPS,IL,AGL,CE,Towers with Radar,0,0,7,0,7,0,1,10,0,11,0,1,17,0,18,10,0,10,28
01/14/2013,CPS,IL,AGL,CE,Towers with Radar,0,7,28,5,40,0,20,53,2,75,0,27,81,7,115,50,0,50,165
01/15/2013,CPS,IL,AGL,CE,Towers with Radar,0,11,24,6,41,0,14,55,0,69,0,25,79,6,110,131,0,131,241
01/16/2013,CPS,IL,AGL,CE,Towers with Radar,0,9,17,0,26,0,35,58,0,93,0,44,75,0,119,108,0,108,227
01/17/2013,CPS,IL,AGL,CE,Towers with Radar,0,14,21,0,35,0,33,64,2,99,0,47,85,2,134,97,0,97,231
01/18/2013,CPS,IL,AGL,CE,Towers with Radar,2,12,27,0,41,0,35,68,0,103,2,47,95,0,144,102,0,102,246
01/19/2013,CPS,IL,AGL,CE,Towers with Radar,0,19,19,0,38,0,24,131,0,155,0,43,150,0,193,77,0,77,270
01/20/2013,CPS,IL,AGL,CE,Towers with Radar,0,0,32,0,32,0,3,65,0,68,0,3,97,0,100,44,0,44,144
01/21/2013,CPS,IL,AGL,CE,Towers with Radar,0,4,22,1,27,0,3,34,0,37,0,7,56,1,64,31,0,31,95
01/22/2013,CPS,IL,AGL,CE,Towers with Radar,0,2,23,2,27,0,10,30,0,40,0,12,53,2,67,54,0,54,121
01/23/2013,CPS,IL,AGL,CE,Towers with Radar,1,6,23,2,32,0,39,87,3,129,1,45,110,5,161,88,0,88,249
01/24/2013,CPS,IL,AGL,CE,Towers with Radar,0,5,21,0,26,0,43,69,0,112,0,48,90,0,138,161,0,161,299
01/25/2013,CPS,IL,AGL,CE,Towers with Radar,3,11,23,7,44,0,28,82,4,114,3,39,105,11,158,56,0,56,214
01/26/2013,CPS,IL,AGL,CE,Towers with Radar,2,3,23,1,29,0,12,92,1,105,2,15,115,2,134,124,0,124,258
01/27/2013,CPS,IL,AGL,CE,Towers with Radar,0,2,12,0,14,0,0,0,0,0,0,2,12,0,14,0,0,0,14
01/28/2013,CPS,IL,AGL,CE,Towers with Radar,0,6,11,0,17,0,16,47,2,65,0,22,58,2,82,67,0,67,149
01/29/2013,CPS,IL,AGL,CE,Towers with Radar,0,8,6,0,14,0,21,17,0,38,0,29,23,0,52,0,0,0,52
01/30/2013,CPS,IL,AGL,CE,Towers with Radar,0,5,11,0,16,0,4,5,0,9,0,9,16,0,25,2,0,2,27
01/31/2013,CPS,IL,AGL,CE,Towers with Radar,0,9,29,0,38,0,12,32,0,44,0,21,61,0,82,25,0,25,107
02/01/2013,CPS,IL,AGL,CE,Towers with Radar,0,17,21,0,38,0,52,101,0,153,0,69,122,0,191,163,0,163,354
02/02/2013,CPS,IL,AGL,CE,Towers with Radar,0,2,25,0,27,0,9,80,0,89,0,11,105,0,116,92,0,92,208
02/03/2013,CPS,IL,AGL,CE,Towers with Radar,0,5,10,0,15,0,5,31,1,37,0,10,41,1,52,18,0,18,70
02/04/2013,CPS,IL,AGL,CE,Towers with Radar,1,3,24,0,28,0,25,57,1,83,1,28,81,1,111,128,0,128,239
02/05/2013,CPS,IL,AGL,CE,Towers with Radar,0,5,16,8,29,0,50,76,0,126,0,55,92,8,155,172,0,172,327
02/06/2013,CPS,IL,AGL,CE,Towers with Radar,0,4,34,0,38,0,41,71,0,112,0,45,105,0,150,255,0,255,405
02/07/2013,CPS,IL,AGL,CE,Towers with Radar,0,15,31,0,46,0,28,55,2,85,0,43,86,2,131,130,0,130,261
02/08/2013,CPS,IL,AGL,CE,Towers with Radar,0,18,27,0,45,0,6,46,0,52,0,24,73,0,97,56,0,56,153
02/09/2013,CPS,IL,AGL,CE,Towers with Radar,1,2,8,0,11,0,10,80,0,90,1,12,88,0,101,74,0,74,175
02/10/2013,CPS,IL,AGL,CE,Towers with Radar,1,5,8,0,14,0,0,1,0,1,1,5,9,0,15,2,0,2,17
02/11/2013,CPS,IL,AGL,CE,Towers with Radar,0,2,20,1,23,0,20,31,1,52,0,22,51,2,75,89,0,89,164
02/12/2013,CPS,IL,AGL,CE,Towers with Radar,0,7,23,0,30,0,65,52,0,117,0,72,75,0,147,212,0,212,359
02/13/2013,CPS,IL,AGL,CE,Towers with Radar,0,10,37,2,49,0,66,77,2,145,0,76,114,4,194,226,0,226,420
02/14/2013,CPS,IL,AGL,CE,Towers with Radar,0,6,30,2,38,0,36,86,1,123,0,42,116,3,161,181,0,181,342
02/15/2013,CPS,IL,AGL,CE,Towers with Radar,0,10,23,3,36,0,13,68,0,81,0,23,91,3,117,77,0,77,194
02/16/2013,CPS,IL,AGL,CE,Towers with Radar,0,0,19,0,19,0,49,80,0,129,0,49,99,0,148,60,0,60,208
02/17/2013,CPS,IL,AGL,CE,Towers with Radar,0,0,17,0,17,0,39,60,0,99,0,39,77,0,116,32,0,32,148
02/18/2013,CPS,IL,AGL,CE,Towers with Radar,0,4,22,0,26,0,10,18,0,28,0,14,40,0,54,0,0,0,54
02/19/2013,CPS,IL,AGL,CE,Towers with Radar,0,5,34,0,39,0,14,68,0,82,0,19,102,0,121,21,0,21,142
02/20/2013,CPS,IL,AGL,CE,Towers with Radar,0,11,29,4,44,0,39,70,1,110,0,50,99,5,154,156,0,156,310
02/21/2013,CPS,IL,AGL,CE,Towers with Radar,0,0,5,2,7,0,7,6,0,13,0,7,11,2,20,0,0,0,20
02/22/2013,CPS,IL,AGL,CE,Towers with Radar,0,6,21,2,29,0,32,46,0,78,0,38,67,2,107,18,0,18,125
02/23/2013,CPS,IL,AGL,CE,Towers with Radar,0,9,23,0,32,0,14,73,0,87,0,23,96,0,119,50,0,50,169
02/24/2013,CPS,IL,AGL,CE,Towers with Radar,0,4,13,1,18,0,20,70,0,90,0,24,83,1,108,52,0,52,160
02/25/2013,CPS,IL,AGL,CE,Towers with Radar,0,9,16,0,25,0,47,81,0,128,0,56,97,0,153,240,0,240,393
02/26/2013,CPS,IL,AGL,CE,Towers with Radar,0,6,5,0,11,0,0,0,0,0,0,6,5,0,11,0,0,0,11
02/27/2013,CPS,IL,AGL,CE,Towers with Radar,0,9,17,0,26,0,0,0,0,0,0,9,17,0,26,0,0,0,26
02/28/2013,CPS,IL,AGL,CE,Towers with Radar,0,6,24,0,30,0,9,26,0,35,0,15,50,0,65,72,0,72,137
03/01/2013,CPS,IL,AGL,CE,Towers with Radar,0,13,27,2,42,0,22,45,1,68,0,35,72,3,110,0,0,0,110
03/02/2013,CPS,IL,AGL,CE,Towers with Radar,2,2,30,5,39,0,18,71,2,91,2,20,101,7,130,92,0,92,222
03/03/2013,CPS,IL,AGL,CE,Towers with Radar,0,1,24,0,25,0,28,68,0,96,0,29,92,0,121,118,0,118,239
03/04/2013,CPS,IL,AGL,CE,Towers with Radar,0,9,27,11,47,0,27,44,4,75,0,36,71,15,122,40,0,40,162
03/05/2013,CPS,IL,AGL,CE,Towers with Radar,0,5,11,0,16,0,0,10,0,10,0,5,21,0,26,0,0,0,26
03/06/2013,CPS,IL,AGL,CE,Towers with Radar,0,10,20,2,32,0,31,51,1,83,0,41,71,3,115,114,0,114,229
03/07/2013,CPS,IL,AGL,CE,Towers with Radar,0,16,37,3,56,0,59,133,0,192,0,75,170,3,248,226,0,226,474
03/08/2013,CPS,IL,AGL,CE,Towers with Radar,0,20,54,2,76,0,80,181,2,263,0,100,235,4,339,123,6,129,468
03/09/2013,CPS,IL,AGL,CE,Towers with Radar,0,1,31,2,34,0,54,79,3,136,0,55,110,5,170,71,0,71,241
03/10/2013,CPS,IL,AGL,CE,Towers with Radar,0,10,36,2,48,0,3,7,0,10,0,13,43,2,58,0,0,0,58
03/11/2013,CPS,IL,AGL,CE,Towers with Radar,0,10,23,0,33,0,4,21,0,25,0,14,44,0,58,4,0,4,62
03/12/2013,CPS,IL,AGL,CE,Towers with Radar,0,8,30,0,38,0,41,83,0,124,0,49,113,0,162,138,0,138,300
03/13/2013,CPS,IL,AGL,CE,Towers with Radar,1,10,25,0,36,0,38,59,0,97,1,48,84,0,133,60,0,60,193
03/14/2013,CPS,IL,AGL,CE,Towers with Radar,0,13,29,1,43,0,52,87,1,140,0,65,116,2,183,92,1,93,276
03/15/2013,CPS,IL,AGL,CE,Towers with Radar,0,14,50,2,66,0,19,160,0,179,0,33,210,2,245,130,0,130,375
03/16/2013,CPS,IL,AGL,CE,Towers with Radar,0,5,23,0,28,0,47,110,0,157,0,52,133,0,185,72,0,72,257
03/17/2013,CPS,IL,AGL,CE,Towers with Radar,0,3,11,0,14,0,0,4,0,4,0,3,15,0,18,0,0,0,18
03/18/2013,CPS,IL,AGL,CE,Towers with Radar,0,4,19,0,23,0,20,31,0,51,0,24,50,0,74,20,0,20,94
03/19/2013,CPS,IL,AGL,CE,Towers with Radar,0,7,22,0,29,0,78,100,0,178,0,85,122,0,207,167,0,167,374
03/20/2013,CPS,IL,AGL,CE,Towers with Radar,0,8,21,0,29,0,30,96,0,126,0,38,117,0,155,96,0,96,251
03/21/2013,CPS,IL,AGL,CE,Towers with Radar,0,7,23,4,34,0,45,98,0,143,0,52,121,4,177,154,0,154,331
03/22/2013,CPS,IL,AGL,CE,Towers with Radar,0,13,38,2,53,0,59,89,1,149,0,72,127,3,202,82,0,82,284
03/23/2013,CPS,IL,AGL,CE,Towers with Radar,0,5,25,0,30,0,32,137,0,169,0,37,162,0,199,22,0,22,221
03/24/2013,CPS,IL,AGL,CE,Towers with Radar,0,0,6,0,6,0,0,0,0,0,0,0,6,0,6,0,0,0,6
03/25/2013,CPS,IL,AGL,CE,Towers with Radar,0,5,11,0,16,0,3,31,0,34,0,8,42,0,50,4,0,4,54
03/26/2013,CPS,IL,AGL,CE,Towers with Radar,3,8,29,2,42,0,63,59,3,125,3,71,88,5,167,146,0,146,313
03/27/2013,CPS,IL,AGL,CE,Towers with Radar,2,13,27,6,48,0,50,87,2,139,2,63,114,8,187,200,0,200,387
03/28/2013,CPS,IL,AGL,CE,Towers with Radar,1,9,30,4,44,0,75,99,2,176,1,84,129,6,220,90,0,90,310
03/29/2013,CPS,IL,AGL,CE,Towers with Radar,0,8,31,0,39,0,59,127,0,186,0,67,158,0,225,43,0,43,268
03/30/2013,CPS,IL,AGL,CE,Towers with Radar,0,1,35,0,36,0,4,4,0,8,0,5,39,0,44,34,0,34,78
03/31/2013,CPS,IL,AGL,CE,Towers with Radar,0,5,20,0,25,0,12,93,0,105,0,17,113,0,130,115,0,115,245
04/01/2013,CPS,IL,AGL,CE,Towers with Radar,0,8,17,2,27,0,64,47,0,111,0,72,64,2,138,68,0,68,206
04/02/2013,CPS,IL,AGL,CE,Towers with Radar,0,8,21,2,31,0,56,88,0,144,0,64,109,2,175,154,0,154,329
04/03/2013,CPS,IL,AGL,CE,Towers with Radar,0,8,24,2,34,0,32,104,0,136,0,40,128,2,170,142,0,142,312
04/04/2013,CPS,IL,AGL,CE,Towers with Radar,0,15,32,2,49,0,42,111,1,154,0,57,143,3,203,142,0,142,345
04/05/2013,CPS,IL,AGL,CE,Towers with Radar,0,8,51,0,59,0,105,133,0,238,0,113,184,0,297,214,0,214,511
04/06/2013,CPS,IL,AGL,CE,Towers with Radar,0,0,29,0,29,0,235,272,0,507,0,235,301,0,536,6,0,6,542
04/07/2013,CPS,IL,AGL,CE,Towers with Radar,0,4,34,0,38,0,54,87,1,142,0,58,121,1,180,32,0,32,212
04/08/2013,CPS,IL,AGL,CE,Towers with Radar,0,8,59,0,67,0,34,94,0,128,0,42,153,0,195,112,0,112,307
04/09/2013,CPS,IL,AGL,CE,Towers with Radar,0,11,37,0,48,0,54,74,0,128,0,65,111,0,176,56,0,56,232
04/10/2013,CPS,IL,AGL,CE,Towers with Radar,0,5,7,0,12,0,11,34,0,45,0,16,41,0,57,30,0,30,87
04/11/2013,CPS,IL,AGL,CE,Towers with Radar,0,14,28,0,42,0,28,56,0,84,0,42,84,0,126,116,0,116,242
04/12/2013,CPS,IL,AGL,CE,Towers with Radar,0,9,26,29,64,0,48,96,6,150,0,57,122,35,214,50,0,50,264
04/13/2013,CPS,IL,AGL,CE,Towers with Radar,2,2,15,0,19,0,99,107,0,206,2,101,122,0,225,120,0,120,345
04/14/2013,CPS,IL,AGL,CE,Towers with Radar,2,4,19,0,25,0,75,47,0,122,2,79,66,0,147,4,0,4,151
04/15/2013,CPS,IL,AGL,CE,Towers with Radar,0,7,28,12,47,0,42,74,1,117,0,49,102,13,164,78,6,84,248
04/16/2013,CPS,IL,AGL,CE,Towers with Radar,0,8,19,4,31,0,0,0,0,0,0,8,19,4,31,0,0,0,31
04/17/2013,CPS,IL,AGL,CE,Towers with Radar,1,5,26,2,34,0,4,43,0,47,1,9,69,2,81,66,0,66,147
04/18/2013,CPS,IL,AGL,CE,Towers with Radar,0,4,11,0,15,0,14,14,0,28,0,18,25,0,43,6,0,6,49
04/19/2013,CPS,IL,AGL,CE,Towers with Radar,1,8,31,4,44,0,50,120,6,176,1,58,151,10,220,14,0,14,234
04/20/2013,CPS,IL,AGL,CE,Towers with Radar,0,3,16,0,19,0,48,114,0,162,0,51,130,0,181,140,0,140,321
04/21/2013,CPS,IL,AGL,CE,Towers with Radar,0,7,23,6,36,0,33,71,1,105,0,40,94,7,141,94,0,94,235
04/22/2013,CPS,IL,AGL,CE,Towers with Radar,1,16,32,2,51,0,49,93,7,149,1,65,125,9,200,300,0,300,500
04/23/2013,CPS,IL,AGL,CE,Towers with Radar,0,7,26,1,34,0,0,5,1,6,0,7,31,2,40,34,0,34,74
04/24/2013,CPS,IL,AGL,CE,Towers with Radar,0,9,21,1,31,0,51,103,2,156,0,60,124,3,187,346,0,346,533
04/25/2013,CPS,IL,AGL,CE,Towers with Radar,1,9,36,11,57,0,73,116,7,196,1,82,152,18,253,263,0,263,516
04/26/2013,CPS,IL,AGL,CE,Towers with Radar,0,14,33,0,47,0,41,63,2,106,0,55,96,2,153,222,0,222,375
04/27/2013,CPS,IL,AGL,CE,Towers with Radar,0,11,30,0,41,0,0,2,0,2,0,11,32,0,43,4,0,4,47
04/28/2013,CPS,IL,AGL,CE,Towers with Radar,1,4,30,0,35,0,10,25,0,35,1,14,55,0,70,18,0,18,88
04/29/2013,CPS,IL,AGL,CE,Towers with Radar,0,13,40,2,55,0,46,90,0,136,0,59,130,2,191,201,0,201,392
04/30/2013,CPS,IL,AGL,CE,Towers with Radar,0,11,31,4,46,0,63,90,2,155,0,74,121,6,201,193,0,193,394
05/01/2013,CPS,IL,AGL,CE,Towers with Radar,0,11,30,2,43,0,54,114,6,174,0,65,144,8,217,206,0,206,423
05/02/2013,CPS,IL,AGL,CE,Towers with Radar,0,5,28,2,35,0,12,58,0,70,0,17,86,2,105,62,0,62,167
05/03/2013,CPS,IL,AGL,CE,Towers with Radar,0,4,19,0,23,0,0,4,0,4,0,4,23,0,27,14,0,14,41
05/04/2013,CPS,IL,AGL,CE,Towers with Radar,0,0,19,0,19,0,4,16,1,21,0,4,35,1,40,12,0,12,52
05/05/2013,CPS,IL,AGL,CE,Towers with Radar,0,4,27,0,31,0,2,9,2,13,0,6,36,2,44,2,0,2,46
05/06/2013,CPS,IL,AGL,CE,Towers with Radar,0,7,23,1,31,0,67,73,0,140,0,74,96,1,171,88,0,88,259
05/07/2013,CPS,IL,AGL,CE,Towers with Radar,1,14,25,0,40,0,37,94,0,131,1,51,119,0,171,135,0,135,306
05/08/2013,CPS,IL,AGL,CE,Towers with Radar,0,6,33,0,39,0,35,120,2,157,0,41,153,2,196,190,0,190,386
05/09/2013,CPS,IL,AGL,CE,Towers with Radar,0,3,14,0,17,0,4,62,0,66,0,7,76,0,83,100,0,100,183
05/10/2013,CPS,IL,AGL,CE,Towers with Radar,0,2,37,16,55,0,45,94,10,149,0,47,131,26,204,144,0,144,348
05/11/2013,CPS,IL,AGL,CE,Towers with Radar,0,10,34,0,44,0,18,74,0,92,0,28,108,0,136,22,0,22,158
05/12/2013,CPS,IL,AGL,CE,Towers with Radar,0,3,23,15,41,0,33,86,4,123,0,36,109,19,164,56,0,56,220
05/13/2013,CPS,IL,AGL,CE,Towers with Radar,0,3,42,1,46,0,104,159,5,268,0,107,201,6,314,200,0,200,514
05/14/2013,CPS,IL,AGL,CE,Towers with Radar,0,9,39,2,50,0,85,123,0,208,0,94,162,2,258,82,0,82,340
05/15/2013,CPS,IL,AGL,CE,Towers with Radar,0,14,40,2,56,0,61,92,0,153,0,75,132,2,209,88,0,88,297
05/16/2013,CPS,IL,AGL,CE,Towers with Radar,0,7,42,2,51,0,37,88,0,125,0,44,130,2,176,78,0,78,254
05/17/2013,CPS,IL,AGL,CE,Towers with Radar,0,6,25,1,32,4,20,43,0,67,4,26,68,1,99,144,0,144,243
05/18/2013,CPS,IL,AGL,CE,Towers with Radar,0,4,22,0,26,0,91,140,0,231,0,95,162,0,257,136,0,136,393
05/19/2013,CPS,IL,AGL,CE,Towers with Radar,0,2,32,0,34,0,36,60,0,96,0,38,92,0,130,122,0,122,252
05/20/2013,CPS,IL,AGL,CE,Towers with Radar,0,8,20,1,29,0,57,78,0,135,0,65,98,1,164,154,0,154,318
05/21/2013,CPS,IL,AGL,CE,Towers with Radar,0,12,30,0,42,0,82,76,0,158,0,94,106,0,200,200,0,200,400
05/22/2013,CPS,IL,AGL,CE,Towers with Radar,0,9,35,4,48,0,73,122,0,195,0,82,157,4,243,264,0,264,507
05/23/2013,CPS,IL,AGL,CE,Towers with Radar,0,13,41,2,56,0,55,86,0,141,0,68,127,2,197,239,0,239,436
05/24/2013,CPS,IL,AGL,CE,Towers with Radar,0,6,22,2,30,0,67,138,0,205,0,73,160,2,235,165,0,165,400
05/25/2013,CPS,IL,AGL,CE,Towers with Radar,0,3,9,0,12,0,245,47,0,292,0,248,56,0,304,110,0,110,414
05/26/2013,CPS,IL,AGL,CE,Towers with Radar,0,4,8,0,12,0,280,66,0,346,0,284,74,0,358,34,0,34,392
05/27/2013,CPS,IL,AGL,CE,Towers with Radar,0,3,28,2,33,0,30,37,0,67,0,33,65,2,100,12,0,12,112
05/28/2013,CPS,IL,AGL,CE,Towers with Radar,0,5,33,2,40,0,25,50,0,75,0,30,83,2,115,32,0,32,147
05/29/2013,CPS,IL,AGL,CE,Towers with Radar,0,17,33,0,50,0,66,106,0,172,0,83,139,0,222,112,0,112,334
05/30/2013,CPS,IL,AGL,CE,Towers with Radar,0,9,26,0,35,0,7,34,0,41,0,16,60,0,76,31,0,31,107
05/31/2013,CPS,IL,AGL,CE,Towers with Radar,0,10,15,0,25,0,21,54,0,75,0,31,69,0,100,72,0,72,172
06/01/2013,CPS,IL,AGL,CE,Towers with Radar,0,6,14,0,20,0,27,32,1,60,0,33,46,1,80,66,0,66,146
06/02/2013,CPS,IL,AGL,CE,Towers with Radar,0,0,1,0,1,0,34,85,0,119,0,34,86,0,120,52,0,52,172
06/03/2013,CPS,IL,AGL,CE,Towers with Radar,0,15,33,0,48,0,66,100,2,168,0,81,133,2,216,151,0,151,367
06/04/2013,CPS,IL,AGL,CE,Towers with Radar,0,8,22,0,30,0,28,63,0,91,0,36,85,0,121,176,0,176,297
06/05/2013,CPS,IL,AGL,CE,Towers with Radar,0,8,37,0,45,0,29,72,0,101,0,37,109,0,146,212,0,212,358
06/06/2013,CPS,IL,AGL,CE,Towers with Radar,0,11,72,10,93,0,36,103,0,139,0,47,175,10,232,136,0,136,368
06/07/2013,CPS,IL,AGL,CE,Towers with Radar,0,10,31,0,41,0,26,84,3,113,0,36,115,3,154,252,0,252,406
06/08/2013,CPS,IL,AGL,CE,Towers with Radar,0,2,20,0,22,0,13,92,0,105,0,15,112,0,127,68,0,68,195
06/09/2013,CPS,IL,AGL,CE,Towers with Radar,0,13,22,0,35,0,1,24,2,27,0,14,46,2,62,30,0,30,92
06/10/2013,CPS,IL,AGL,CE,Towers with Radar,0,6,34,0,40,0,89,63,0,152,0,95,97,0,192,204,0,204,396
06/11/2013,CPS,IL,AGL,CE,Towers with Radar,0,9,38,0,47,0,16,54,0,70,0,25,92,0,117,134,0,134,251
06/12/2013,CPS,IL,AGL,CE,Towers with Radar,0,9,26,6,41,0,30,85,0,115,0,39,111,6,156,146,0,146,302
06/13/2013,CPS,IL,AGL,CE,Towers with Radar,0,12,40,3,55,0,40,85,0,125,0,52,125,3,180,256,0,256,436
06/14/2013,CPS,IL,AGL,CE,Towers with Radar,0,18,28,10,56,0,63,92,5,160,0,81,120,15,216,316,0,316,532
06/15/2013,CPS,IL,AGL,CE,Towers with Radar,0,2,7,0,9,0,48,96,0,144,0,50,103,0,153,116,0,116,269
06/16/2013,CPS,IL,AGL,CE,Towers with Radar,0,3,20,3,26,0,38,60,0,98,0,41,80,3,124,25,0,25,149
06/17/2013,CPS,IL,AGL,CE,Towers with Radar,0,9,21,2,32,0,19,41,0,60,0,28,62,2,92,65,0,65,157
06/18/2013,CPS,IL,AGL,CE,Towers with Radar,0,8,29,0,37,0,77,127,0,204,0,85,156,0,241,148,0,148,389
06/19/2013,CPS,IL,AGL,CE,Towers with Radar,0,8,35,2,45,0,75,148,0,223,0,83,183,2,268,123,0,123,391
06/20/2013,CPS,IL,AGL,CE,Towers with Radar,0,9,37,5,51,0,76,104,0,180,0,85,141,5,231,130,0,130,361
06/21/2013,CPS,IL,AGL,CE,Towers with Radar,0,12,27,0,39,0,78,102,0,180,0,90,129,0,219,182,0,182,401
06/22/2013,CPS,IL,AGL,CE,Towers with Radar,0,5,22,0,27,0,19,36,0,55,0,24,58,0,82,170,0,170,252
06/23/2013,CPS,IL,AGL,CE,Towers with Radar,0,3,28,0,31,0,53,79,0,132,0,56,107,0,163,110,0,110,273
06/24/2013,CPS,IL,AGL,CE,Towers with Radar,0,5,36,0,41,0,108,99,0,207,0,113,135,0,248,104,0,104,352
06/25/2013,CPS,IL,AGL,CE,Towers with Radar,0,2,32,0,34,0,93,116,2,211,0,95,148,2,245,244,0,244,489
06/26/2013,CPS,IL,AGL,CE,Towers with Radar,0,3,33,0,36,0,41,68,1,110,0,44,101,1,146,65,0,65,211
06/27/2013,CPS,IL,AGL,CE,Towers with Radar,0,3,36,0,39,0,40,136,1,177,0,43,172,1,216,199,0,199,415
06/28/2013,CPS,IL,AGL,CE,Towers with Radar,0,3,45,0,48,0,124,103,0,227,0,127,148,0,275,200,0,200,475
06/29/2013,CPS,IL,AGL,CE,Towers with Radar,0,1,26,0,27,0,40,71,0,111,0,41,97,0,138,32,0,32,170
06/30/2013,CPS,IL,AGL,CE,Towers with Radar,0,3,20,0,23,0,19,51,0,70,0,22,71,0,93,16,0,16,109
07/01/2013,CPS,IL,AGL,CE,Towers with Radar,0,6,13,2,21,0,76,73,0,149,0,82,86,2,170,183,0,183,353
07/02/2013,CPS,IL,AGL,CE,Towers with Radar,0,4,19,3,26,0,8,46,0,54,0,12,65,3,80,31,0,31,111
07/03/2013,CPS,IL,AGL,CE,Towers with Radar,0,6,23,2,31,0,94,156,2,252,0,100,179,4,283,313,0,313,596
07/04/2013,CPS,IL,AGL,CE,Towers with Radar,0,0,8,0,8,0,187,187,1,375,0,187,195,1,383,130,0,130,513
07/05/2013,CPS,IL,AGL,CE,Towers with Radar,0,6,23,0,29,0,124,142,0,266,0,130,165,0,295,6,0,6,301
07/06/2013,CPS,IL,AGL,CE,Towers with Radar,0,2,19,0,21,0,217,198,0,415,0,219,217,0,436,58,0,58,494
07/07/2013,CPS,IL,AGL,CE,Towers with Radar,0,5,31,0,36,0,77,124,0,201,0,82,155,0,237,24,0,24,261
07/08/2013,CPS,IL,AGL,CE,Towers with Radar,0,1,26,0,27,0,65,108,4,177,0,66,134,4,204,146,0,146,350
07/09/2013,CPS,IL,AGL,CE,Towers with Radar,0,8,27,0,35,0,73,71,0,144,0,81,98,0,179,216,0,216,395
07/10/2013,CPS,IL,AGL,CE,Towers with Radar,0,11,36,0,47,0,8,59,0,67,0,19,95,0,114,87,0,87,201
07/11/2013,CPS,IL,AGL,CE,Towers with Radar,0,10,35,0,45,0,87,151,4,242,0,97,186,4,287,344,0,344,631
07/12/2013,CPS,IL,AGL,CE,Towers with Radar,0,9,30,0,39,0,88,134,0,222,0,97,164,0,261,233,0,233,494
07/13/2013,CPS,IL,AGL,CE,Towers with Radar,0,7,13,0,20,0,199,83,0,282,0,206,96,0,302,160,0,160,462
07/14/2013,CPS,IL,AGL,CE,Towers with Radar,0,2,26,0,28,0,152,140,0,292,0,154,166,0,320,72,0,72,392
07/15/2013,CPS,IL,AGL,CE,Towers with Radar,0,4,26,2,32,0,38,71,0,109,0,42,97,2,141,271,0,271,412
07/16/2013,CPS,IL,AGL,CE,Towers with Radar,0,10,25,2,37,0,67,112,0,179,0,77,137,2,216,234,0,234,450
07/17/2013,CPS,IL,AGL,CE,Towers with Radar,0,13,35,2,50,0,65,94,3,162,0,78,129,5,212,298,0,298,510
07/18/2013,CPS,IL,AGL,CE,Towers with Radar,0,8,31,0,39,0,56,72,0,128,0,64,103,0,167,296,0,296,463
07/19/2013,CPS,IL,AGL,CE,Towers with Radar,0,4,15,2,21,0,74,71,1,146,0,78,86,3,167,42,0,42,209
07/20/2013,CPS,IL,AGL,CE,Towers with Radar,0,76,18,0,94,0,106,57,0,163,0,182,75,0,257,122,0,122,379
07/21/2013,CPS,IL,AGL,CE,Towers with Radar,2,3,20,0,25,0,89,39,0,128,2,92,59,0,153,44,0,44,197
07/22/2013,CPS,IL,AGL,CE,Towers with Radar,0,8,35,0,43,0,103,123,0,226,0,111,158,0,269,171,0,171,440
07/23/2013,CPS,IL,AGL,CE,Towers with Radar,0,8,47,2,57,0,61,149,0,210,0,69,196,2,267,166,0,166,433
07/24/2013,CPS,IL,AGL,CE,Towers with Radar,0,12,46,0,58,0,33,98,0,131,0,45,144,0,189,197,0,197,386
07/25/2013,CPS,IL,AGL,CE,Towers with Radar,1,11,62,1,75,0,78,122,1,201,1,89,184,2,276,298,0,298,574
07/26/2013,CPS,IL,AGL,CE,Towers with Radar,0,6,28,0,34,0,40,51,0,91,0,46,79,0,125,189,0,189,314
07/27/2013,CPS,IL,AGL,CE,Towers with Radar,0,0,21,0,21,0,255,112,0,367,0,255,133,0,388,98,0,98,486
07/28/2013,CPS,IL,AGL,CE,Towers with Radar,0,3,19,0,22,0,137,86,0,223,0,140,105,0,245,50,0,50,295
07/29/2013,CPS,IL,AGL,CE,Towers with Radar,0,10,18,4,32,0,85,85,0,170,0,95,103,4,202,113,0,113,315
07/30/2013,CPS,IL,AGL,CE,Towers with Radar,0,2,27,3,32,0,15,12,1,28,0,17,39,4,60,102,0,102,162
07/31/2013,CPS,IL,AGL,CE,Towers with Radar,0,3,29,6,38,0,37,39,0,76,0,40,68,6,114,122,0,122,236
08/01/2013,CPS,IL,AGL,CE,Towers with Radar,0,4,34,8,46,0,60,97,3,160,0,64,131,11,206,200,0,200,406
08/02/2013,CPS,IL,AGL,CE,Towers with Radar,0,2,35,2,39,0,28,71,0,99,0,30,106,2,138,153,0,153,291
08/03/2013,CPS,IL,AGL,CE,Towers with Radar,0,6,19,1,26,0,197,71,0,268,0,203,90,1,294,56,0,56,350
08/04/2013,CPS,IL,AGL,CE,Towers with Radar,0,5,22,0,27,0,155,63,1,219,0,160,85,1,246,56,0,56,302
08/05/2013,CPS,IL,AGL,CE,Towers with Radar,0,8,36,0,44,0,55,76,0,131,0,63,112,0,175,60,0,60,235
08/06/2013,CPS,IL,AGL,CE,Towers with Radar,0,9,32,3,44,0,82,65,0,147,0,91,97,3,191,196,0,196,387
08/07/2013,CPS,IL,AGL,CE,Towers with Radar,0,9,34,3,46,0,93,96,2,191,0,102,130,5,237,88,0,88,325
08/08/2013,CPS,IL,AGL,CE,Towers with Radar,0,9,33,0,42,0,10,53,0,63,0,19,86,0,105,126,0,126,231
08/09/2013,CPS,IL,AGL,CE,Towers with Radar,0,4,35,1,40,0,87,77,0,164,0,91,112,1,204,174,0,174,378
08/10/2013,CPS,IL,AGL,CE,Towers with Radar,0,3,31,0,34,0,188,182,0,370,0,191,213,0,404,142,0,142,546
08/11/2013,CPS,IL,AGL,CE,Towers with Radar,0,15,47,0,62,0,149,93,0,242,0,164,140,0,304,70,0,70,374
08/12/2013,CPS,IL,AGL,CE,Towers with Radar,0,9,21,0,30,0,40,63,0,103,0,49,84,0,133,132,0,132,265
08/13/2013,CPS,IL,AGL,CE,Towers with Radar,0,10,19,0,29,0,87,77,0,164,0,97,96,0,193,144,0,144,337
08/14/2013,CPS,IL,AGL,CE,Towers with Radar,0,6,31,0,37,0,75,142,8,225,0,81,173,8,262,220,0,220,482
08/15/2013,CPS,IL,AGL,CE,Towers with Radar,0,6,50,2,58,0,81,132,4,217,0,87,182,6,275,146,0,146,421
08/16/2013,CPS,IL,AGL,CE,Towers with Radar,0,2,35,1,38,0,85,146,6,237,0,87,181,7,275,92,0,92,367
08/17/2013,CPS,IL,AGL,CE,Towers with Radar,0,2,17,0,19,0,119,69,0,188,0,121,86,0,207,88,0,88,295
08/18/2013,CPS,IL,AGL,CE,Towers with Radar,0,7,10,3,20,0,85,76,0,161,0,92,86,3,181,66,0,66,247
08/19/2013,CPS,IL,AGL,CE,Towers with Radar,0,5,23,0,28,0,37,75,0,112,0,42,98,0,140,106,0,106,246
08/20/2013,CPS,IL,AGL,CE,Towers with Radar,0,7,48,7,62,0,59,111,5,175,0,66,159,12,237,218,0,218,455
08/21/2013,CPS,IL,AGL,CE,Towers with Radar,2,7,42,2,53,2,54,64,0,120,4,61,106,2,173,167,0,167,340
08/22/2013,CPS,IL,AGL,CE,Towers with Radar,0,3,37,0,40,0,44,77,1,122,0,47,114,1,162,155,0,155,317
08/23/2013,CPS,IL,AGL,CE,Towers with Radar,0,15,29,0,44,0,52,88,0,140,0,67,117,0,184,125,0,125,309
08/24/2013,CPS,IL,AGL,CE,Towers with Radar,0,4,14,0,18,0,41,111,0,152,0,45,125,0,170,98,0,98,268
08/25/2013,CPS,IL,AGL,CE,Towers with Radar,2,5,41,0,48,0,77,100,0,177,2,82,141,0,225,157,0,157,382
08/26/2013,CPS,IL,AGL,CE,Towers with Radar,0,7,34,0,41,0,56,100,1,157,0,63,134,1,198,175,0,175,373
08/27/2013,CPS,IL,AGL,CE,Towers with Radar,0,6,35,0,41,0,37,107,2,146,0,43,142,2,187,172,0,172,359
08/28/2013,CPS,IL,AGL,CE,Towers with Radar,0,7,36,0,43,0,51,112,1,164,0,58,148,1,207,114,0,114,321
08/29/2013,CPS,IL,AGL,CE,Towers with Radar,0,5,41,0,46,0,46,115,0,161,0,51,156,0,207,195,0,195,402
08/30/2013,CPS,IL,AGL,CE,Towers with Radar,0,4,32,0,36,0,81,122,0,203,0,85,154,0,239,200,0,200,439
08/31/2013,CPS,IL,AGL,CE,Towers with Radar,0,7,18,0,25,0,180,81,0,261,0,187,99,0,286,114,0,114,400
09/01/2013,CPS,IL,AGL,CE,Towers with Radar,0,1,8,0,9,0,116,95,0,211,0,117,103,0,220,4,0,4,224
09/02/2013,CPS,IL,AGL,CE,Towers with Radar,0,0,32,0,32,0,55,166,0,221,0,55,198,0,253,135,0,135,388
09/03/2013,CPS,IL,AGL,CE,Towers with Radar,0,9,24,0,33,0,56,109,0,165,0,65,133,0,198,243,0,243,441
09/04/2013,CPS,IL,AGL,CE,Towers with Radar,0,5,30,0,35,0,40,111,0,151,0,45,141,0,186,121,0,121,307
09/05/2013,CPS,IL,AGL,CE,Towers with Radar,0,5,46,8,59,0,60,159,0,219,0,65,205,8,278,214,4,218,496
09/06/2013,CPS,IL,AGL,CE,Towers with Radar,0,8,18,2,28,0,42,108,0,150,0,50,126,2,178,255,0,255,433
09/07/2013,CPS,IL,AGL,CE,Towers with Radar,0,4,14,0,18,0,110,120,0,230,0,114,134,0,248,153,0,153,401
09/08/2013,CPS,IL,AGL,CE,Towers with Radar,0,4,40,0,44,0,7,54,0,61,0,11,94,0,105,16,0,16,121
09/09/2013,CPS,IL,AGL,CE,Towers with Radar,0,8,31,4,43,0,61,104,0,165,0,69,135,4,208,191,0,191,399
09/10/2013,CPS,IL,AGL,CE,Towers with Radar,0,3,27,0,30,0,28,98,0,126,0,31,125,0,156,125,0,125,281
09/11/2013,CPS,IL,AGL,CE,Towers with Radar,0,12,34,0,46,0,62,120,0,182,0,74,154,0,228,226,0,226,454
09/12/2013,CPS,IL,AGL,CE,Towers with Radar,0,8,30,0,38,0,49,70,0,119,0,57,100,0,157,128,0,128,285
09/13/2013,CPS,IL,AGL,CE,Towers with Radar,0,5,31,19,55,0,102,155,8,265,0,107,186,27,320,283,0,283,603
09/14/2013,CPS,IL,AGL,CE,Towers with Radar,0,0,26,0,26,0,134,133,1,268,0,134,159,1,294,210,0,210,504
09/15/2013,CPS,IL,AGL,CE,Towers with Radar,0,8,20,0,28,0,45,64,2,111,0,53,84,2,139,68,0,68,207
09/16/2013,CPS,IL,AGL,CE,Towers with Radar,0,7,30,0,37,0,38,59,0,97,0,45,89,0,134,118,0,118,252
09/17/2013,CPS,IL,AGL,CE,Towers with Radar,0,6,22,1,29,0,25,97,1,123,0,31,119,2,152,230,0,230,382
09/18/2013,CPS,IL,AGL,CE,Towers with Radar,0,9,27,0,36,0,39,87,0,126,0,48,114,0,162,204,0,204,366
09/19/2013,CPS,IL,AGL,CE,Towers with Radar,0,10,29,0,39,0,59,103,2,164,0,69,132,2,203,262,0,262,465
09/20/2013,CPS,IL,AGL,CE,Towers with Radar,1,13,35,0,49,0,20,66,0,86,1,33,101,0,135,70,0,70,205
09/21/2013,CPS,IL,AGL,CE,Towers with Radar,0,3,23,1,27,0,118,100,0,218,0,121,123,1,245,68,0,68,313
09/22/2013,CPS,IL,AGL,CE,Towers with Radar,0,4,29,0,33,0,99,116,3,218,0,103,145,3,251,56,0,56,307
09/23/2013,CPS,IL,AGL,CE,Towers with Radar,0,16,32,0,48,0,77,91,0,168,0,93,123,0,216,158,0,158,374
09/24/2013,CPS,IL,AGL,CE,Towers with Radar,0,10,45,2,57,0,55,101,0,156,0,65,146,2,213,259,0,259,472
09/25/2013,CPS,IL,AGL,CE,Towers with Radar,0,17,39,3,59,0,61,125,2,188,0,78,164,5,247,230,0,230,477
09/26/2013,CPS,IL,AGL,CE,Towers with Radar,0,34,39,2,75,0,73,112,0,185,0,107,151,2,260,202,0,202,462
09/27/2013,CPS,IL,AGL,CE,Towers with Radar,1,8,43,2,54,0,73,141,0,214,1,81,184,2,268,200,2,202,470
09/28/2013,CPS,IL,AGL,CE,Towers with Radar,0,3,31,0,34,0,54,124,1,179,0,57,155,1,213,100,0,100,313
09/29/2013,CPS,IL,AGL,CE,Towers with Radar,0,4,46,0,50,0,79,70,7,156,0,83,116,7,206,62,0,62,268
09/30/2013,CPS,IL,AGL,CE,Towers with Radar,0,4,18,1,23,0,50,61,0,111,0,54,79,1,134,134,0,134,268
10/01/2013,CPS,IL,AGL,CE,Towers with Radar,0,14,22,0,36,0,23,51,0,74,0,37,73,0,110,38,0,38,148
10/02/2013,CPS,IL,AGL,CE,Towers with Radar,2,3,28,1,34,0,48,62,0,110,2,51,90,1,144,120,0,120,264
10/03/2013,CPS,IL,AGL,CE,Towers with Radar,0,14,65,0,79,0,62,103,0,165,0,76,168,0,244,160,0,160,404
10/04/2013,CPS,IL,AGL,CE,Towers with Radar,0,15,58,0,73,0,97,97,0,194,0,112,155,0,267,265,0,265,532
10/05/2013,CPS,IL,AGL,CE,Towers with Radar,0,4,33,0,37,0,30,40,0,70,0,34,73,0,107,41,0,41,148
10/06/2013,CPS,IL,AGL,CE,Towers with Radar,1,8,36,0,45,0,50,73,0,123,1,58,109,0,168,61,0,61,229
10/07/2013,CPS,IL,AGL,CE,Towers with Radar,0,22,37,0,59,0,56,116,0,172,0,78,153,0,231,216,0,216,447
10/08/2013,CPS,IL,AGL,CE,Towers with Radar,1,26,36,0,63,0,103,116,0,219,1,129,152,0,282,190,0,190,472
10/09/2013,CPS,IL,AGL,CE,Towers with Radar,0,13,56,0,69,0,99,157,0,256,0,112,213,0,325,218,0,218,543
10/10/2013,CPS,IL,AGL,CE,Towers with Radar,0,14,42,0,56,0,80,126,0,206,0,94,168,0,262,208,0,208,470
10/11/2013,CPS,IL,AGL,CE,Towers with Radar,0,9,36,0,45,0,123,122,0,245,0,132,158,0,290,184,0,184,474
10/12/2013,CPS,IL,AGL,CE,Towers with Radar,0,6,36,0,42,0,101,102,0,203,0,107,138,0,245,78,0,78,323
10/13/2013,CPS,IL,AGL,CE,Towers with Radar,0,2,31,0,33,0,166,138,0,304,0,168,169,0,337,78,0,78,415
10/14/2013,CPS,IL,AGL,CE,Towers with Radar,0,5,23,0,28,0,85,83,0,168,0,90,106,0,196,124,0,124,320
10/15/2013,CPS,IL,AGL,CE,Towers with Radar,0,11,17,1,29,0,13,38,0,51,0,24,55,1,80,76,0,76,156
10/16/2013,CPS,IL,AGL,CE,Towers with Radar,0,16,15,0,31,0,113,89,0,202,0,129,104,0,233,168,0,168,401
10/17/2013,CPS,IL,AGL,CE,Towers with Radar,0,8,28,0,36,0,54,123,0,177,0,62,151,0,213,174,0,174,387
10/18/2013,CPS,IL,AGL,CE,Towers with Radar,0,8,47,2,57,0,93,149,0,242,0,101,196,2,299,232,0,232,531
10/19/2013,CPS,IL,AGL,CE,Towers with Radar,0,9,27,0,36,0,78,93,0,171,0,87,120,0,207,108,0,108,315
10/20/2013,CPS,IL,AGL,CE,Towers with Radar,0,5,22,0,27,0,54,93,0,147,0,59,115,0,174,61,0,61,235
10/21/2013,CPS,IL,AGL,CE,Towers with Radar,0,8,31,0,39,0,45,102,0,147,0,53,133,0,186,128,0,128,314
10/22/2013,CPS,IL,AGL,CE,Towers with Radar,0,2,25,2,29,0,44,76,0,120,0,46,101,2,149,246,0,246,395
10/23/2013,CPS,IL,AGL,CE,Towers with Radar,0,10,21,0,31,0,67,66,0,133,0,77,87,0,164,122,0,122,286
10/24/2013,CPS,IL,AGL,CE,Towers with Radar,0,5,43,4,52,0,74,71,0,145,0,79,114,4,197,88,0,88,285
10/25/2013,CPS,IL,AGL,CE,Towers with Radar,1,19,29,0,49,0,84,145,0,229,1,103,174,0,278,246,0,246,524
10/26/2013,CPS,IL,AGL,CE,Towers with Radar,0,18,67,0,85,0,83,176,0,259,0,101,243,0,344,71,0,71,415
10/27/2013,CPS,IL,AGL,CE,Towers with Radar,0,22,85,0,107,0,61,236,0,297,0,83,321,0,404,44,0,44,448
10/28/2013,CPS,IL,AGL,CE,Towers with Radar,0,33,119,0,152,0,66,135,0,201,0,99,254,0,353,152,0,152,505
10/29/2013,CPS,IL,AGL,CE,Towers with Radar,0,15,44,7,66,0,14,30,2,46,0,29,74,9,112,66,0,66,178
10/30/2013,CPS,IL,AGL,CE,Towers with Radar,0,10,24,4,38,0,24,23,0,47,0,34,47,4,85,173,0,173,258
10/31/2013,CPS,IL,AGL,CE,Towers with Radar,0,4,30,1,35,0,3,9,0,12,0,7,39,1,47,108,0,108,155
11/01/2013,CPS,IL,AGL,CE,Towers with Radar,0,16,35,7,58,0,44,123,4,171,0,60,158,11,229,153,0,153,382
11/02/2013,CPS,IL,AGL,CE,Towers with Radar,0,2,14,0,16,0,69,67,1,137,0,71,81,1,153,170,0,170,323
11/03/2013,CPS,IL,AGL,CE,Towers with Radar,0,3,33,0,36,0,42,110,0,152,0,45,143,0,188,128,0,128,316
11/04/2013,CPS,IL,AGL,CE,Towers with Radar,0,2,22,2,26,0,48,67,0,115,0,50,89,2,141,121,0,121,262
11/05/2013,CPS,IL,AGL,CE,Towers with Radar,0,6,30,0,36,0,21,38,0,59,0,27,68,0,95,98,0,98,193
11/06/2013,CPS,IL,AGL,CE,Towers with Radar,0,10,26,0,36,0,18,24,0,42,0,28,50,0,78,128,0,128,206
11/07/2013,CPS,IL,AGL,CE,Towers with Radar,1,21,42,0,64,0,51,127,0,178,1,72,169,0,242,186,0,186,428
11/08/2013,CPS,IL,AGL,CE,Towers with Radar,0,3,30,1,34,0,50,103,2,155,0,53,133,3,189,150,0,150,339
11/09/2013,CPS,IL,AGL,CE,Towers with Radar,0,6,29,0,35,0,48,127,0,175,0,54,156,0,210,126,0,126,336
11/10/2013,CPS,IL,AGL,CE,Towers with Radar,0,4,26,0,30,0,61,127,0,188,0,65,153,0,218,102,0,102,320
11/11/2013,CPS,IL,AGL,CE,Towers with Radar,1,4,27,0,32,0,53,64,0,117,1,57,91,0,149,84,0,84,233
11/12/2013,CPS,IL,AGL,CE,Towers with Radar,0,14,11,0,25,0,62,93,0,155,0,76,104,0,180,180,0,180,360
11/13/2013,CPS,IL,AGL,CE,Towers with Radar,0,16,41,0,57,0,58,138,0,196,0,74,179,0,253,184,0,184,437
11/14/2013,CPS,IL,AGL,CE,Towers with Radar,0,20,32,0,52,0,62,112,0,174,0,82,144,0,226,139,0,139,365
11/15/2013,CPS,IL,AGL,CE,Towers with Radar,0,9,32,1,42,0,60,102,0,162,0,69,134,1,204,342,0,342,546
11/16/2013,CPS,IL,AGL,CE,Towers with Radar,0,1,8,0,9,2,36,17,1,56,2,37,25,1,65,25,0,25,90
11/17/2013,CPS,IL,AGL,CE,Towers with Radar,0,5,14,0,19,0,26,5,0,31,0,31,19,0,50,18,0,18,68
11/18/2013,CPS,IL,AGL,CE,Towers with Radar,0,9,24,3,36,0,46,83,3,132,0,55,107,6,168,130,0,130,298
11/19/2013,CPS,IL,AGL,CE,Towers with Radar,0,10,21,2,33,0,44,105,1,150,0,54,126,3,183,268,0,268,451
11/20/2013,CPS,IL,AGL,CE,Towers with Radar,0,14,33,0,47,0,36,84,0,120,0,50,117,0,167,222,0,222,389
11/21/2013,CPS,IL,AGL,CE,Towers with Radar,0,8,27,0,35,0,2,9,0,11,0,10,36,0,46,19,0,19,65
11/22/2013,CPS,IL,AGL,CE,Towers with Radar,0,5,32,1,38,0,22,11,1,34,0,27,43,2,72,18,0,18,90
11/23/2013,CPS,IL,AGL,CE,Towers with Radar,2,5,22,3,32,0,69,60,0,129,2,74,82,3,161,118,0,118,279
11/24/2013,CPS,IL,AGL,CE,Towers with Radar,0,4,35,0,39,0,30,59,0,89,0,34,94,0,128,102,0,102,230
11/25/2013,CPS,IL,AGL,CE,Towers with Radar,1,5,22,0,28,0,39,66,0,105,1,44,88,0,133,160,0,160,293
11/26/2013,CPS,IL,AGL,CE,Towers with Radar,3,8,25,0,36,0,38,57,0,95,3,46,82,0,131,176,0,176,307
11/27/2013,CPS,IL,AGL,CE,Towers with Radar,0,10,37,0,47,0,42,70,0,112,0,52,107,0,159,80,0,80,239
11/28/2013,CPS,IL,AGL,CE,Towers with Radar,0,4,5,0,9,0,22,23,0,45,0,26,28,0,54,0,0,0,54
11/29/2013,CPS,IL,AGL,CE,Towers with Radar,0,4,17,0,21,0,43,88,0,131,0,47,105,0,152,60,0,60,212
11/30/2013,CPS,IL,AGL,CE,Towers with Radar,0,0,12,0,12,0,38,114,0,152,0,38,126,0,164,24,0,24,188
12/01/2013,CPS,IL,AGL,CE,Towers with Radar,0,2,30,0,32,0,8,51,0,59,0,10,81,0,91,48,0,48,139
12/02/2013,CPS,IL,AGL,CE,Towers with Radar,0,6,28,0,34,0,39,77,0,116,0,45,105,0,150,156,0,156,306
12/03/2013,CPS,IL,AGL,CE,Towers with Radar,0,9,25,0,34,0,13,56,0,69,0,22,81,0,103,118,0,118,221
12/04/2013,CPS,IL,AGL,CE,Towers with Radar,0,0,27,0,27,0,17,42,0,59,0,17,69,0,86,94,0,94,180
12/05/2013,CPS,IL,AGL,CE,Towers with Radar,0,5,27,0,32,0,2,20,0,22,0,7,47,0,54,40,0,40,94
12/06/2013,CPS,IL,AGL,CE,Towers with Radar,0,2,13,0,15,0,2,9,0,11,0,4,22,0,26,0,0,0,26
12/07/2013,CPS,IL,AGL,CE,Towers with Radar,0,2,16,0,18,0,8,41,0,49,0,10,57,0,67,60,0,60,127
12/08/2013,CPS,IL,AGL,CE,Towers with Radar,0,2,12,0,14,0,0,3,0,3,0,2,15,0,17,0,0,0,17
12/09/2013,CPS,IL,AGL,CE,Towers with Radar,0,6,27,2,35,0,12,56,0,68,0,18,83,2,103,38,0,38,141
12/10/2013,CPS,IL,AGL,CE,Towers with Radar,0,3,22,0,25,0,42,105,0,147,0,45,127,0,172,128,0,128,300
12/11/2013,CPS,IL,AGL,CE,Towers with Radar,0,11,39,3,53,0,51,80,0,131,0,62,119,3,184,186,0,186,370
12/12/2013,CPS,IL,AGL,CE,Towers with Radar,1,13,37,0,51,0,63,81,0,144,1,76,118,0,195,198,0,198,393
12/13/2013,CPS,IL,AGL,CE,Towers with Radar,0,6,16,0,22,0,13,16,0,29,0,19,32,0,51,72,0,72,123
12/14/2013,CPS,IL,AGL,CE,Towers with Radar,0,3,3,0,6,0,0,0,0,0,0,3,3,0,6,0,0,0,6
12/15/2013,CPS,IL,AGL,CE,Towers with Radar,0,7,22,0,29,0,8,38,0,46,0,15,60,0,75,38,0,38,113
12/16/2013,CPS,IL,AGL,CE,Towers with Radar,0,10,24,0,34,0,34,61,0,95,0,44,85,0,129,112,0,112,241
12/17/2013,CPS,IL,AGL,CE,Towers with Radar,0,2,35,1,38,0,33,71,0,104,0,35,106,1,142,181,0,181,323
12/18/2013,CPS,IL,AGL,CE,Towers with Radar,0,0,33,0,33,0,24,67,0,91,0,24,100,0,124,101,0,101,225
12/19/2013,CPS,IL,AGL,CE,Towers with Radar,0,3,38,0,41,0,21,68,0,89,0,24,106,0,130,136,0,136,266
12/20/2013,CPS,IL,AGL,CE,Towers with Radar,0,6,16,0,22,0,8,19,0,27,0,14,35,0,49,17,0,17,66
12/21/2013,CPS,IL,AGL,CE,Towers with Radar,0,6,7,0,13,0,1,2,0,3,0,7,9,0,16,0,0,0,16
12/22/2013,CPS,IL,AGL,CE,Towers with Radar,0,7,15,0,22,0,2,11,0,13,0,9,26,0,35,28,0,28,63
12/23/2013,CPS,IL,AGL,CE,Towers with Radar,0,5,24,0,29,0,22,42,0,64,0,27,66,0,93,53,0,53,146
12/24/2013,CPS,IL,AGL,CE,Towers with Radar,0,4,12,0,16,0,9,33,0,42,0,13,45,0,58,84,0,84,142
12/25/2013,CPS,IL,AGL,CE,Towers with Radar,0,2,0,0,2,0,4,5,0,9,0,6,5,0,11,0,0,0,11
12/26/2013,CPS,IL,AGL,CE,Towers with Radar,0,7,9,0,16,0,15,65,0,80,0,22,74,0,96,51,0,51,147
12/27/2013,CPS,IL,AGL,CE,Towers with Radar,0,2,16,0,18,0,11,81,0,92,0,13,97,0,110,76,0,76,186
12/28/2013,CPS,IL,AGL,CE,Towers with Radar,0,2,21,0,23,0,12,79,0,91,0,14,100,0,114,68,0,68,182
12/29/2013,CPS,IL,AGL,CE,Towers with Radar,0,1,13,0,14,0,8,18,0,26,0,9,31,0,40,28,0,28,68
12/30/2013,CPS,IL,AGL,CE,Towers with Radar,0,7,15,0,22,0,15,31,1,47,0,22,46,1,69,50,0,50,119
12/31/2013,CPS,IL,AGL,CE,Towers with Radar,0,3,7,0,10,0,3,40,0,43,0,6,47,0,53,82,0,82,135
01/01/2014,CPS,IL,AGL,CE,Towers with Radar,0,1,10,0,11,0,7,29,0,36,0,8,39,0,47,54,0,54,101
01/02/2014,CPS,IL,AGL,CE,Towers with Radar,0,5,18,0,23,0,3,59,0,62,0,8,77,0,85,62,0,62,147
01/03/2014,CPS,IL,AGL,CE,Towers with Radar,0,3,19,0,22,0,12,61,0,73,0,15,80,0,95,64,0,64,159
01/04/2014,CPS,IL,AGL,CE,Towers with Radar,0,3,22,0,25,0,2,40,1,43,0,5,62,1,68,40,0,40,108
01/05/2014,CPS,IL,AGL,CE,Towers with Radar,0,0,0,0,0,0,0,0,0,0,0,0,0,0,0,0,0,0,0
01/06/2014,CPS,IL,AGL,CE,Towers with Radar,0,0,4,0,4,0,14,30,0,44,0,14,34,0,48,2,0,2,50
01/07/2014,CPS,IL,AGL,CE,Towers with Radar,0,3,23,1,27,0,13,45,0,58,0,16,68,1,85,0,0,0,85
01/08/2014,CPS,IL,AGL,CE,Towers with Radar,0,7,9,0,16,0,7,51,0,58,0,14,60,0,74,104,0,104,178
01/09/2014,CPS,IL,AGL,CE,Towers with Radar,0,6,22,1,29,0,0,0,0,0,0,6,22,1,29,0,0,0,29
01/10/2014,CPS,IL,AGL,CE,Towers with Radar,0,5,7,0,12,0,2,0,0,2,0,7,7,0,14,0,0,0,14
01/11/2014,CPS,IL,AGL,CE,Towers with Radar,0,8,16,0,24,0,3,38,0,41,0,11,54,0,65,58,0,58,123
01/12/2014,CPS,IL,AGL,CE,Towers with Radar,0,3,22,0,25,0,14,31,1,46,0,17,53,1,71,53,0,53,124
01/13/2014,CPS,IL,AGL,CE,Towers with Radar,0,4,16,1,21,0,28,66,0,94,0,32,82,1,115,180,0,180,295
01/14/2014,CPS,IL,AGL,CE,Towers with Radar,0,5,32,7,44,0,37,45,1,83,0,42,77,8,127,78,0,78,205
01/15/2014,CPS,IL,AGL,CE,Towers with Radar,2,10,32,0,44,0,44,74,0,118,2,54,106,0,162,222,0,222,384
01/16/2014,CPS,IL,AGL,CE,Towers with Radar,1,8,15,0,24,0,18,46,0,64,1,26,61,0,88,94,0,94,182
01/17/2014,CPS,IL,AGL,CE,Towers with Radar,0,4,23,0,27,0,20,52,0,72,0,24,75,0,99,62,0,62,161
01/18/2014,CPS,IL,AGL,CE,Towers with Radar,1,9,8,0,18,0,10,26,0,36,1,19,34,0,54,60,0,60,114
01/19/2014,CPS,IL,AGL,CE,Towers with Radar,0,1,20,0,21,0,11,77,0,88,0,12,97,0,109,73,0,73,182
01/20/2014,CPS,IL,AGL,CE,Towers with Radar,0,2,26,0,28,0,6,110,0,116,0,8,136,0,144,182,0,182,326
01/21/2014,CPS,IL,AGL,CE,Towers with Radar,0,6,17,0,23,0,8,32,0,40,0,14,49,0,63,58,0,58,121
01/22/2014,CPS,IL,AGL,CE,Towers with Radar,0,8,35,0,43,0,38,58,4,100,0,46,93,4,143,149,0,149,292
01/23/2014,CPS,IL,AGL,CE,Towers with Radar,0,8,25,0,33,0,36,72,0,108,0,44,97,0,141,104,0,104,245
01/24/2014,CPS,IL,AGL,CE,Towers with Radar,0,3,27,0,30,0,17,34,0,51,0,20,61,0,81,98,0,98,179
01/25/2014,CPS,IL,AGL,CE,Towers with Radar,0,2,7,0,9,0,10,9,0,19,0,12,16,0,28,54,0,54,82
01/26/2014,CPS,IL,AGL,CE,Towers with Radar,0,8,15,0,23,0,13,73,0,86,0,21,88,0,109,130,0,130,239
01/27/2014,CPS,IL,AGL,CE,Towers with Radar,3,4,23,0,30,0,26,46,2,74,3,30,69,2,104,98,0,98,202
01/28/2014,CPS,IL,AGL,CE,Towers with Radar,1,9,25,2,37,0,57,47,0,104,1,66,72,2,141,200,0,200,341
01/29/2014,CPS,IL,AGL,CE,Towers with Radar,0,5,28,2,35,0,63,85,0,148,0,68,113,2,183,162,2,164,347
01/30/2014,CPS,IL,AGL,CE,Towers with Radar,0,4,22,0,26,0,21,46,2,69,0,25,68,2,95,105,0,105,200
01/31/2014,CPS,IL,AGL,CE,Towers with Radar,0,5,12,0,17,0,25,31,0,56,0,30,43,0,73,136,0,136,209
02/01/2014,CPS,IL,AGL,CE,Towers with Radar,0,1,12,0,13,0,0,1,0,1,0,1,13,0,14,0,0,0,14
02/02/2014,CPS,IL,AGL,CE,Towers with Radar,0,1,9,0,10,0,2,13,0,15,0,3,22,0,25,24,0,24,49
02/03/2014,CPS,IL,AGL,CE,Towers with Radar,0,2,31,1,34,0,45,58,0,103,0,47,89,1,137,142,0,142,279
02/04/2014,CPS,IL,AGL,CE,Towers with Radar,0,1,10,0,11,0,4,22,0,26,0,5,32,0,37,20,0,20,57
02/05/2014,CPS,IL,AGL,CE,Towers with Radar,0,5,8,2,15,0,15,24,0,39,0,20,32,2,54,80,0,80,134
02/06/2014,CPS,IL,AGL,CE,Towers with Radar,2,7,13,0,22,6,18,60,3,87,8,25,73,3,109,120,0,120,229
02/07/2014,CPS,IL,AGL,CE,Towers with Radar,1,5,24,0,30,0,29,51,0,80,1,34,75,0,110,122,0,122,232
02/08/2014,CPS,IL,AGL,CE,Towers with Radar,3,4,12,0,19,0,17,26,0,43,3,21,38,0,62,66,0,66,128
02/09/2014,CPS,IL,AGL,CE,Towers with Radar,0,3,4,0,7,0,6,0,0,6,0,9,4,0,13,0,0,0,13
02/10/2014,CPS,IL,AGL,CE,Towers with Radar,2,7,24,0,33,0,21,54,1,76,2,28,78,1,109,67,0,67,176
02/11/2014,CPS,IL,AGL,CE,Towers with Radar,0,4,15,0,19,0,28,54,3,85,0,32,69,3,104,198,0,198,302
02/12/2014,CPS,IL,AGL,CE,Towers with Radar,0,5,23,1,29,0,70,59,3,132,0,75,82,4,161,272,0,272,433
02/13/2014,CPS,IL,AGL,CE,Towers with Radar,0,6,23,0,29,0,77,107,0,184,0,83,130,0,213,146,0,146,359
02/14/2014,CPS,IL,AGL,CE,Towers with Radar,0,6,8,0,14,0,2,7,0,9,0,8,15,0,23,2,0,2,25
02/15/2014,CPS,IL,AGL,CE,Towers with Radar,0,6,13,0,19,0,9,28,0,37,0,15,41,0,56,42,0,42,98
02/16/2014,CPS,IL,AGL,CE,Towers with Radar,0,2,17,0,19,0,5,16,0,21,0,7,33,0,40,28,0,28,68
02/17/2014,CPS,IL,AGL,CE,Towers with Radar,0,7,24,0,31,0,9,48,0,57,0,16,72,0,88,16,0,16,104
02/18/2014,CPS,IL,AGL,CE,Towers with Radar,0,10,24,4,38,0,43,87,3,133,0,53,111,7,171,90,0,90,261
02/19/2014,CPS,IL,AGL,CE,Towers with Radar,0,14,26,4,44,0,79,98,0,177,0,93,124,4,221,337,0,337,558
02/20/2014,CPS,IL,AGL,CE,Towers with Radar,0,2,21,0,23,0,2,2,1,5,0,4,23,1,28,0,0,0,28
02/21/2014,CPS,IL,AGL,CE,Towers with Radar,0,3,21,0,24,0,33,46,1,80,0,36,67,1,104,68,0,68,172
02/22/2014,CPS,IL,AGL,CE,Towers with Radar,0,7,9,5,21,0,46,79,6,131,0,53,88,11,152,170,0,170,322
02/23/2014,CPS,IL,AGL,CE,Towers with Radar,0,5,15,0,20,0,22,54,0,76,0,27,69,0,96,26,0,26,122
02/24/2014,CPS,IL,AGL,CE,Towers with Radar,0,7,30,0,37,0,40,79,0,119,0,47,109,0,156,96,0,96,252
02/25/2014,CPS,IL,AGL,CE,Towers with Radar,0,11,22,0,33,0,50,63,2,115,0,61,85,2,148,160,0,160,308
02/26/2014,CPS,IL,AGL,CE,Towers with Radar,0,15,25,6,46,0,67,70,0,137,0,82,95,6,183,151,0,151,334
02/27/2014,CPS,IL,AGL,CE,Towers with Radar,0,7,32,2,41,0,68,90,0,158,0,75,122,2,199,240,0,240,439
02/28/2014,CPS,IL,AGL,CE,Towers with Radar,0,18,19,3,40,0,62,65,0,127,0,80,84,3,167,208,0,208,375
03/01/2014,CPS,IL,AGL,CE,Towers with Radar,0,5,12,0,17,0,14,52,0,66,0,19,64,0,83,48,0,48,131
03/02/2014,CPS,IL,AGL,CE,Towers with Radar,0,1,1,0,2,0,0,0,0,0,0,1,1,0,2,0,0,0,2
03/03/2014,CPS,IL,AGL,CE,Towers with Radar,0,4,8,0,12,0,13,51,0,64,0,17,59,0,76,8,0,8,84
03/04/2014,CPS,IL,AGL,CE,Towers with Radar,1,1,27,5,34,3,24,76,0,103,4,25,103,5,137,104,0,104,241
03/05/2014,CPS,IL,AGL,CE,Towers with Radar,0,2,21,0,23,0,25,66,1,92,0,27,87,1,115,62,0,62,177
03/06/2014,CPS,IL,AGL,CE,Towers with Radar,0,8,36,0,44,0,60,60,0,120,0,68,96,0,164,222,0,222,386
03/07/2014,CPS,IL,AGL,CE,Towers with Radar,0,4,41,2,47,0,39,97,0,136,0,43,138,2,183,222,0,222,405
03/08/2014,CPS,IL,AGL,CE,Towers with Radar,0,2,19,0,21,0,0,0,0,0,0,2,19,0,21,0,0,0,21
03/09/2014,CPS,IL,AGL,CE,Towers with Radar,0,5,45,0,50,0,6,54,0,60,0,11,99,0,110,86,0,86,196
03/10/2014,CPS,IL,AGL,CE,Towers with Radar,0,8,26,0,34,0,31,117,0,148,0,39,143,0,182,164,0,164,346
03/11/2014,CPS,IL,AGL,CE,Towers with Radar,0,3,32,2,37,0,40,96,0,136,0,43,128,2,173,306,0,306,479
03/12/2014,CPS,IL,AGL,CE,Towers with Radar,2,8,32,5,47,0,24,35,2,61,2,32,67,7,108,86,0,86,194
03/13/2014,CPS,IL,AGL,CE,Towers with Radar,1,4,38,6,49,0,38,122,1,161,1,42,160,7,210,249,0,249,459
03/14/2014,CPS,IL,AGL,CE,Towers with Radar,0,3,32,0,35,0,17,62,0,79,0,20,94,0,114,84,0,84,198
03/15/2014,CPS,IL,AGL,CE,Towers with Radar,0,3,34,0,37,0,9,115,0,124,0,12,149,0,161,134,0,134,295
03/16/2014,CPS,IL,AGL,CE,Towers with Radar,0,2,4,0,6,0,0,7,0,7,0,2,11,0,13,0,0,0,13
03/17/2014,CPS,IL,AGL,CE,Towers with Radar,0,4,12,2,18,5,39,78,0,122,5,43,90,2,140,244,0,244,384
03/18/2014,CPS,IL,AGL,CE,Towers with Radar,0,6,19,6,31,0,31,62,0,93,0,37,81,6,124,108,0,108,232
03/19/2014,CPS,IL,AGL,CE,Towers with Radar,0,4,29,0,33,0,19,50,0,69,0,23,79,0,102,126,0,126,228
03/20/2014,CPS,IL,AGL,CE,Towers with Radar,0,16,40,8,64,0,101,110,1,212,0,117,150,9,276,254,0,254,530
03/21/2014,CPS,IL,AGL,CE,Towers with Radar,0,7,66,2,75,0,60,142,0,202,0,67,208,2,277,162,0,162,439
03/22/2014,CPS,IL,AGL,CE,Towers with Radar,0,10,20,0,30,0,24,70,0,94,0,34,90,0,124,86,0,86,210
03/23/2014,CPS,IL,AGL,CE,Towers with Radar,0,18,105,0,123,0,18,85,0,103,0,36,190,0,226,69,0,69,295
03/24/2014,CPS,IL,AGL,CE,Towers with Radar,0,5,23,0,28,0,31,61,0,92,0,36,84,0,120,154,0,154,274
03/25/2014,CPS,IL,AGL,CE,Towers with Radar,0,9,16,2,27,0,43,60,0,103,0,52,76,2,130,176,0,176,306
03/26/2014,CPS,IL,AGL,CE,Towers with Radar,0,9,30,2,41,0,56,71,0,127,0,65,101,2,168,150,0,150,318
03/27/2014,CPS,IL,AGL,CE,Towers with Radar,2,1,27,0,30,0,4,11,0,15,2,5,38,0,45,0,0,0,45
03/28/2014,CPS,IL,AGL,CE,Towers with Radar,0,5,27,0,32,0,38,61,0,99,0,43,88,0,131,302,0,302,433
03/29/2014,CPS,IL,AGL,CE,Towers with Radar,0,0,34,1,35,0,26,35,3,64,0,26,69,4,99,132,0,132,231
03/30/2014,CPS,IL,AGL,CE,Towers with Radar,0,4,24,2,30,0,3,110,1,114,0,7,134,3,144,68,0,68,212
03/31/2014,CPS,IL,AGL,CE,Towers with Radar,3,10,17,0,30,0,37,77,0,114,3,47,94,0,144,88,0,88,232
04/01/2014,CPS,IL,AGL,CE,Towers with Radar,1,11,31,2,45,0,85,84,1,170,1,96,115,3,215,240,0,240,455
04/02/2014,CPS,IL,AGL,CE,Towers with Radar,3,3,25,0,31,0,3,21,0,24,3,6,46,0,55,60,0,60,115
04/03/2014,CPS,IL,AGL,CE,Towers with Radar,1,6,9,0,16,0,12,11,0,23,1,18,20,0,39,8,0,8,47
04/04/2014,CPS,IL,AGL,CE,Towers with Radar,2,5,24,0,31,0,18,39,0,57,2,23,63,0,88,8,0,8,96
04/05/2014,CPS,IL,AGL,CE,Towers with Radar,2,0,19,0,21,0,34,86,0,120,2,34,105,0,141,188,0,188,329
04/06/2014,CPS,IL,AGL,CE,Towers with Radar,0,1,33,0,34,0,23,99,0,122,0,24,132,0,156,100,0,100,256
04/07/2014,CPS,IL,AGL,CE,Towers with Radar,2,12,27,0,41,0,9,30,0,39,2,21,57,0,80,98,0,98,178
04/08/2014,CPS,IL,AGL,CE,Towers with Radar,1,18,22,0,41,0,42,87,3,132,1,60,109,3,173,140,0,140,313
04/09/2014,CPS,IL,AGL,CE,Towers with Radar,0,5,46,0,51,0,77,114,3,194,0,82,160,3,245,348,0,348,593
04/10/2014,CPS,IL,AGL,CE,Towers with Radar,0,6,23,2,31,0,53,76,0,129,0,59,99,2,160,248,0,248,408
04/11/2014,CPS,IL,AGL,CE,Towers with Radar,0,13,24,3,40,0,52,89,0,141,0,65,113,3,181,334,0,334,515
04/12/2014,CPS,IL,AGL,CE,Towers with Radar,0,7,19,4,30,0,27,73,0,100,0,34,92,4,130,96,0,96,226
04/13/2014,CPS,IL,AGL,CE,Towers with Radar,2,8,16,0,26,0,4,17,0,21,2,12,33,0,47,0,0,0,47
04/14/2014,CPS,IL,AGL,CE,Towers with Radar,0,6,21,2,29,0,5,23,0,28,0,11,44,2,57,74,0,74,131
04/15/2014,CPS,IL,AGL,CE,Towers with Radar,0,23,31,0,54,0,32,89,0,121,0,55,120,0,175,292,18,310,485
04/16/2014,CPS,IL,AGL,CE,Towers with Radar,1,6,42,0,49,0,31,118,0,149,1,37,160,0,198,140,0,140,338
04/17/2014,CPS,IL,AGL,CE,Towers with Radar,0,9,31,1,41,0,48,97,1,146,0,57,128,2,187,278,0,278,465
04/18/2014,CPS,IL,AGL,CE,Towers with Radar,0,4,31,3,38,0,11,116,2,129,0,15,147,5,167,212,6,218,385
04/19/2014,CPS,IL,AGL,CE,Towers with Radar,1,5,23,0,29,0,7,53,0,60,1,12,76,0,89,104,0,104,193
04/20/2014,CPS,IL,AGL,CE,Towers with Radar,0,2,11,0,13,0,2,44,0,46,0,4,55,0,59,94,0,94,153
04/21/2014,CPS,IL,AGL,CE,Towers with Radar,0,6,21,0,27,0,16,58,0,74,0,22,79,0,101,172,0,172,273
04/22/2014,CPS,IL,AGL,CE,Towers with Radar,0,8,15,4,27,0,103,85,3,191,0,111,100,7,218,226,0,226,444
04/23/2014,CPS,IL,AGL,CE,Towers with Radar,0,6,25,6,37,0,60,76,3,139,0,66,101,9,176,262,0,262,438
04/24/2014,CPS,IL,AGL,CE,Towers with Radar,1,7,25,0,33,0,72,60,6,138,1,79,85,6,171,74,0,74,245
04/25/2014,CPS,IL,AGL,CE,Towers with Radar,0,4,44,4,52,0,54,100,3,157,0,58,144,7,209,232,0,232,441
04/26/2014,CPS,IL,AGL,CE,Towers with Radar,0,2,26,0,28,0,26,76,0,102,0,28,102,0,130,177,0,177,307
04/27/2014,CPS,IL,AGL,CE,Towers with Radar,0,7,5,0,12,0,12,7,0,19,0,19,12,0,31,20,0,20,51
04/28/2014,CPS,IL,AGL,CE,Towers with Radar,0,2,15,6,23,0,7,25,1,33,0,9,40,7,56,54,0,54,110
04/29/2014,CPS,IL,AGL,CE,Towers with Radar,0,8,28,3,39,0,33,46,0,79,0,41,74,3,118,143,0,143,261
04/30/2014,CPS,IL,AGL,CE,Towers with Radar,0,7,44,2,53,0,59,77,2,138,0,66,121,4,191,240,0,240,431
05/01/2014,CPS,IL,AGL,CE,Towers with Radar,0,13,33,2,48,0,36,86,18,140,0,49,119,20,188,204,6,210,398
05/02/2014,CPS,IL,AGL,CE,Towers with Radar,0,6,34,2,42,0,58,94,0,152,0,64,128,2,194,258,0,258,452
05/03/2014,CPS,IL,AGL,CE,Towers with Radar,0,7,19,0,26,0,78,104,2,184,0,85,123,2,210,220,0,220,430
05/04/2014,CPS,IL,AGL,CE,Towers with Radar,0,11,24,0,35,0,66,99,4,169,0,77,123,4,204,92,0,92,296
05/05/2014,CPS,IL,AGL,CE,Towers with Radar,0,6,32,0,38,0,60,79,0,139,0,66,111,0,177,154,0,154,331
05/06/2014,CPS,IL,AGL,CE,Towers with Radar,0,5,17,6,28,0,92,73,2,167,0,97,90,8,195,202,0,202,397
05/07/2014,CPS,IL,AGL,CE,Towers with Radar,0,12,30,3,45,0,47,39,0,86,0,59,69,3,131,212,0,212,343
05/08/2014,CPS,IL,AGL,CE,Towers with Radar,0,6,32,2,40,0,39,72,1,112,0,45,104,3,152,108,0,108,260
05/09/2014,CPS,IL,AGL,CE,Towers with Radar,0,4,23,0,27,0,33,83,0,116,0,37,106,0,143,128,0,128,271
05/10/2014,CPS,IL,AGL,CE,Towers with Radar,0,7,16,0,23,0,134,58,0,192,0,141,74,0,215,106,0,106,321
05/11/2014,CPS,IL,AGL,CE,Towers with Radar,0,2,25,0,27,0,88,27,0,115,0,90,52,0,142,17,0,17,159
05/12/2014,CPS,IL,AGL,CE,Towers with Radar,0,1,31,0,32,0,71,67,0,138,0,72,98,0,170,68,0,68,238
05/13/2014,CPS,IL,AGL,CE,Towers with Radar,0,13,24,0,37,0,5,10,0,15,0,18,34,0,52,8,0,8,60
05/14/2014,CPS,IL,AGL,CE,Towers with Radar,0,7,44,0,51,0,12,32,0,44,0,19,76,0,95,72,0,72,167
05/15/2014,CPS,IL,AGL,CE,Towers with Radar,0,9,34,0,43,0,38,68,0,106,0,47,102,0,149,209,0,209,358
05/16/2014,CPS,IL,AGL,CE,Towers with Radar,0,7,39,6,52,0,72,68,2,142,0,79,107,8,194,190,0,190,384
05/17/2014,CPS,IL,AGL,CE,Towers with Radar,0,4,25,0,29,0,159,46,0,205,0,163,71,0,234,162,0,162,396
05/18/2014,CPS,IL,AGL,CE,Towers with Radar,2,2,22,2,28,0,87,99,0,186,2,89,121,2,214,114,0,114,328
05/19/2014,CPS,IL,AGL,CE,Towers with Radar,0,5,24,2,31,0,23,89,0,112,0,28,113,2,143,128,0,128,271
05/20/2014,CPS,IL,AGL,CE,Towers with Radar,0,9,24,2,35,0,45,81,0,126,0,54,105,2,161,205,0,205,366
05/21/2014,CPS,IL,AGL,CE,Towers with Radar,0,2,34,2,38,0,34,86,0,120,0,36,120,2,158,108,0,108,266
05/22/2014,CPS,IL,AGL,CE,Towers with Radar,1,5,36,8,50,0,71,88,1,160,1,76,124,9,210,348,0,348,558
05/23/2014,CPS,IL,AGL,CE,Towers with Radar,0,1,33,5,39,0,125,84,0,209,0,126,117,5,248,216,0,216,464
05/24/2014,CPS,IL,AGL,CE,Towers with Radar,0,3,14,0,17,0,339,57,0,396,0,342,71,0,413,165,0,165,578
05/25/2014,CPS,IL,AGL,CE,Towers with Radar,0,3,23,0,26,0,348,41,0,389,0,351,64,0,415,94,0,94,509
05/26/2014,CPS,IL,AGL,CE,Towers with Radar,0,9,27,0,36,0,92,53,0,145,0,101,80,0,181,24,0,24,205
05/27/2014,CPS,IL,AGL,CE,Towers with Radar,0,7,64,4,75,0,56,100,0,156,0,63,164,4,231,124,0,124,355
05/28/2014,CPS,IL,AGL,CE,Towers with Radar,0,8,39,0,47,0,57,100,1,158,0,65,139,1,205,346,0,346,551
05/29/2014,CPS,IL,AGL,CE,Towers with Radar,0,2,28,0,30,0,31,73,1,105,0,33,101,1,135,360,0,360,495
05/30/2014,CPS,IL,AGL,CE,Towers with Radar,0,12,20,0,32,0,50,61,2,113,0,62,81,2,145,230,2,232,377
05/31/2014,CPS,IL,AGL,CE,Towers with Radar,0,0,29,2,31,0,37,91,0,128,0,37,120,2,159,164,0,164,323
06/01/2014,CPS,IL,AGL,CE,Towers with Radar,0,7,32,0,39,0,63,67,1,131,0,70,99,1,170,74,0,74,244
06/02/2014,CPS,IL,AGL,CE,Towers with Radar,0,7,19,2,28,0,44,67,0,111,0,51,86,2,139,206,0,206,345
06/03/2014,CPS,IL,AGL,CE,Towers with Radar,0,3,30,0,33,0,61,88,0,149,0,64,118,0,182,269,0,269,451
06/04/2014,CPS,IL,AGL,CE,Towers with Radar,0,3,50,0,53,0,58,68,1,127,0,61,118,1,180,228,0,228,408
06/05/2014,CPS,IL,AGL,CE,Towers with Radar,0,16,45,0,61,0,63,65,0,128,0,79,110,0,189,236,0,236,425
06/06/2014,CPS,IL,AGL,CE,Towers with Radar,0,6,43,2,51,0,84,83,1,168,0,90,126,3,219,141,0,141,360
06/07/2014,CPS,IL,AGL,CE,Towers with Radar,0,4,10,1,15,0,7,34,0,41,0,11,44,1,56,32,0,32,88
06/08/2014,CPS,IL,AGL,CE,Towers with Radar,0,3,23,2,28,0,74,222,1,297,0,77,245,3,325,82,0,82,407
06/09/2014,CPS,IL,AGL,CE,Towers with Radar,0,8,31,2,41,0,53,112,0,165,0,61,143,2,206,216,0,216,422
06/10/2014,CPS,IL,AGL,CE,Towers with Radar,0,7,33,2,42,0,8,40,0,48,0,15,73,2,90,149,0,149,239
06/11/2014,CPS,IL,AGL,CE,Towers with Radar,0,10,35,4,49,0,72,81,2,155,0,82,116,6,204,246,2,248,452
06/12/2014,CPS,IL,AGL,CE,Towers with Radar,0,7,43,0,50,0,46,107,2,155,0,53,150,2,205,304,0,304,509
06/13/2014,CPS,IL,AGL,CE,Towers with Radar,0,2,35,2,39,0,43,115,1,159,0,45,150,3,198,246,0,246,444
06/14/2014,CPS,IL,AGL,CE,Towers with Radar,0,3,34,1,38,0,28,92,0,120,0,31,126,1,158,165,0,165,323
06/15/2014,CPS,IL,AGL,CE,Towers with Radar,0,7,26,0,33,0,17,31,1,49,0,24,57,1,82,18,0,18,100
06/16/2014,CPS,IL,AGL,CE,Towers with Radar,0,8,20,2,30,0,47,72,0,119,0,55,92,2,149,207,0,207,356
06/17/2014,CPS,IL,AGL,CE,Towers with Radar,0,6,41,0,47,0,37,78,0,115,0,43,119,0,162,217,0,217,379
06/18/2014,CPS,IL,AGL,CE,Towers with Radar,2,7,23,0,32,0,44,93,0,137,2,51,116,0,169,266,0,266,435
06/19/2014,CPS,IL,AGL,CE,Towers with Radar,0,8,25,0,33,0,44,107,0,151,0,52,132,0,184,345,0,345,529
06/20/2014,CPS,IL,AGL,CE,Towers with Radar,0,10,56,9,75,0,26,102,0,128,0,36,158,9,203,278,0,278,481
06/21/2014,CPS,IL,AGL,CE,Towers with Radar,0,5,29,0,34,0,13,57,0,70,0,18,86,0,104,56,0,56,160
06/22/2014,CPS,IL,AGL,CE,Towers with Radar,2,2,30,4,38,0,18,58,1,77,2,20,88,5,115,95,0,95,210
06/23/2014,CPS,IL,AGL,CE,Towers with Radar,0,4,25,2,31,0,103,79,0,182,0,107,104,2,213,168,0,168,381
06/24/2014,CPS,IL,AGL,CE,Towers with Radar,0,1,37,2,40,0,24,80,0,104,0,25,117,2,144,218,0,218,362
06/25/2014,CPS,IL,AGL,CE,Towers with Radar,0,16,28,2,46,0,43,108,0,151,0,59,136,2,197,290,0,290,487
06/26/2014,CPS,IL,AGL,CE,Towers with Radar,0,1,31,0,32,0,39,56,0,95,0,40,87,0,127,227,0,227,354
06/27/2014,CPS,IL,AGL,CE,Towers with Radar,0,7,22,0,29,0,15,60,0,75,0,22,82,0,104,231,0,231,335
06/28/2014,CPS,IL,AGL,CE,Towers with Radar,0,7,10,2,19,0,12,37,0,49,0,19,47,2,68,71,0,71,139
06/29/2014,CPS,IL,AGL,CE,Towers with Radar,0,5,31,0,36,0,18,29,0,47,0,23,60,0,83,141,0,141,224
06/30/2014,CPS,IL,AGL,CE,Towers with Radar,0,5,37,1,43,0,21,95,6,122,0,26,132,7,165,160,0,160,325
07/01/2014,CPS,IL,AGL,CE,Towers with Radar,0,10,22,0,32,0,33,74,0,107,0,43,96,0,139,197,0,197,336
07/02/2014,CPS,IL,AGL,CE,Towers with Radar,0,12,25,0,37,0,29,77,0,106,0,41,102,0,143,200,0,200,343
07/03/2014,CPS,IL,AGL,CE,Towers with Radar,0,8,22,0,30,0,15,64,0,79,0,23,86,0,109,230,0,230,339
07/04/2014,CPS,IL,AGL,CE,Towers with Radar,0,3,14,0,17,0,37,39,0,76,0,40,53,0,93,42,0,42,135
07/05/2014,CPS,IL,AGL,CE,Towers with Radar,0,1,19,0,20,0,42,56,0,98,0,43,75,0,118,108,0,108,226
07/06/2014,CPS,IL,AGL,CE,Towers with Radar,0,2,22,0,24,0,17,32,0,49,0,19,54,0,73,19,0,19,92
07/07/2014,CPS,IL,AGL,CE,Towers with Radar,0,4,30,0,34,0,37,43,0,80,0,41,73,0,114,92,0,92,206
07/08/2014,CPS,IL,AGL,CE,Towers with Radar,0,4,30,0,34,0,27,48,0,75,0,31,78,0,109,227,0,227,336
07/09/2014,CPS,IL,AGL,CE,Towers with Radar,0,8,42,0,50,0,48,81,2,131,0,56,123,2,181,194,0,194,375
07/10/2014,CPS,IL,AGL,CE,Towers with Radar,0,12,26,0,38,0,36,75,1,112,0,48,101,1,150,164,0,164,314
07/11/2014,CPS,IL,AGL,CE,Towers with Radar,0,7,33,1,41,0,26,92,0,118,0,33,125,1,159,195,0,195,354
07/12/2014,CPS,IL,AGL,CE,Towers with Radar,0,2,5,0,7,0,18,67,0,85,0,20,72,0,92,119,0,119,211
07/13/2014,CPS,IL,AGL,CE,Towers with Radar,0,4,26,1,31,0,12,54,0,66,0,16,80,1,97,120,0,120,217
07/14/2014,CPS,IL,AGL,CE,Towers with Radar,0,5,22,0,27,0,18,50,0,68,0,23,72,0,95,77,0,77,172
07/15/2014,CPS,IL,AGL,CE,Towers with Radar,1,6,29,1,37,0,18,101,0,119,1,24,130,1,156,212,0,212,368
07/16/2014,CPS,IL,AGL,CE,Towers with Radar,0,6,45,2,53,0,33,77,0,110,0,39,122,2,163,256,0,256,419
07/17/2014,CPS,IL,AGL,CE,Towers with Radar,0,6,29,1,36,0,25,84,0,109,0,31,113,1,145,265,0,265,410
07/18/2014,CPS,IL,AGL,CE,Towers with Radar,0,0,36,0,36,0,52,78,2,132,0,52,114,2,168,195,4,199,367
07/19/2014,CPS,IL,AGL,CE,Towers with Radar,0,0,29,2,31,0,40,91,1,132,0,40,120,3,163,56,0,56,219
07/20/2014,CPS,IL,AGL,CE,Towers with Radar,0,1,29,1,31,0,28,48,0,76,0,29,77,1,107,95,0,95,202
07/21/2014,CPS,IL,AGL,CE,Towers with Radar,0,3,42,0,45,1,14,68,0,83,1,17,110,0,128,167,0,167,295
07/22/2014,CPS,IL,AGL,CE,Towers with Radar,0,4,44,3,51,0,26,72,0,98,0,30,116,3,149,151,0,151,300
07/23/2014,CPS,IL,AGL,CE,Towers with Radar,0,3,33,2,38,0,13,42,5,60,0,16,75,7,98,178,0,178,276
07/24/2014,CPS,IL,AGL,CE,Towers with Radar,0,5,34,2,41,0,52,65,0,117,0,57,99,2,158,165,0,165,323
07/25/2014,CPS,IL,AGL,CE,Towers with Radar,0,5,26,0,31,0,39,57,6,102,0,44,83,6,133,160,0,160,293
07/26/2014,CPS,IL,AGL,CE,Towers with Radar,0,2,17,0,19,0,24,32,0,56,0,26,49,0,75,83,0,83,158
07/27/2014,CPS,IL,AGL,CE,Towers with Radar,0,3,11,0,14,0,17,30,2,49,0,20,41,2,63,48,0,48,111
07/28/2014,CPS,IL,AGL,CE,Towers with Radar,0,4,38,1,43,0,18,89,3,110,0,22,127,4,153,139,0,139,292
07/29/2014,CPS,IL,AGL,CE,Towers with Radar,0,8,27,0,35,0,14,83,0,97,0,22,110,0,132,98,0,98,230
07/30/2014,CPS,IL,AGL,CE,Towers with Radar,0,3,28,0,31,0,14,76,0,90,0,17,104,0,121,266,0,266,387
07/31/2014,CPS,IL,AGL,CE,Towers with Radar,0,3,28,0,31,0,25,63,0,88,0,28,91,0,119,182,0,182,301
08/01/2014,CPS,IL,AGL,CE,Towers with Radar,0,11,43,0,54,0,23,62,1,86,0,34,105,1,140,140,0,140,280
08/02/2014,CPS,IL,AGL,CE,Towers with Radar,0,2,19,11,32,0,15,54,0,69,0,17,73,11,101,160,0,160,261
08/03/2014,CPS,IL,AGL,CE,Towers with Radar,0,3,33,0,36,0,21,85,0,106,0,24,118,0,142,62,0,62,204
08/04/2014,CPS,IL,AGL,CE,Towers with Radar,0,7,11,1,19,0,32,55,2,89,0,39,66,3,108,88,0,88,196
08/05/2014,CPS,IL,AGL,CE,Towers with Radar,0,2,27,0,29,0,31,61,0,92,0,33,88,0,121,210,0,210,331
08/06/2014,CPS,IL,AGL,CE,Towers with Radar,0,11,41,0,52,0,23,61,0,84,0,34,102,0,136,204,0,204,340
08/07/2014,CPS,IL,AGL,CE,Towers with Radar,0,3,24,0,27,0,1,5,0,6,0,4,29,0,33,16,0,16,49
08/08/2014,CPS,IL,AGL,CE,Towers with Radar,0,9,41,5,55,0,14,24,0,38,0,23,65,5,93,131,0,131,224
08/09/2014,CPS,IL,AGL,CE,Towers with Radar,0,5,27,0,32,0,7,19,0,26,0,12,46,0,58,40,0,40,98
08/10/2014,CPS,IL,AGL,CE,Towers with Radar,0,1,21,0,22,0,21,38,0,59,0,22,59,0,81,97,0,97,178
08/11/2014,CPS,IL,AGL,CE,Towers with Radar,0,8,25,1,34,0,25,42,0,67,0,33,67,1,101,39,0,39,140
08/12/2014,CPS,IL,AGL,CE,Towers with Radar,0,8,27,1,36,0,30,78,0,108,0,38,105,1,144,141,0,141,285
08/13/2014,CPS,IL,AGL,CE,Towers with Radar,0,11,42,1,54,0,48,115,0,163,0,59,157,1,217,239,0,239,456
08/14/2014,CPS,IL,AGL,CE,Towers with Radar,0,7,25,0,32,0,28,80,0,108,0,35,105,0,140,169,0,169,309
08/15/2014,CPS,IL,AGL,CE,Towers with Radar,0,4,39,0,43,0,10,74,0,84,0,14,113,0,127,46,0,46,173
08/16/2014,CPS,IL,AGL,CE,Towers with Radar,0,5,18,0,23,0,4,20,0,24,0,9,38,0,47,44,0,44,91
08/17/2014,CPS,IL,AGL,CE,Towers with Radar,0,9,41,2,52,0,7,20,0,27,0,16,61,2,79,32,0,32,111
08/18/2014,CPS,IL,AGL,CE,Towers with Radar,0,1,30,4,35,0,33,44,0,77,0,34,74,4,112,77,0,77,189
08/19/2014,CPS,IL,AGL,CE,Towers with Radar,0,9,32,0,41,0,12,59,0,71,0,21,91,0,112,96,0,96,208
08/20/2014,CPS,IL,AGL,CE,Towers with Radar,0,6,46,2,54,0,19,66,0,85,0,25,112,2,139,98,2,100,239
08/21/2014,CPS,IL,AGL,CE,Towers with Radar,0,9,29,1,39,0,31,70,0,101,0,40,99,1,140,182,0,182,322
08/22/2014,CPS,IL,AGL,CE,Towers with Radar,0,13,29,8,50,0,13,65,2,80,0,26,94,10,130,154,2,156,286
08/23/2014,CPS,IL,AGL,CE,Towers with Radar,0,4,24,1,29,0,4,58,0,62,0,8,82,1,91,103,0,103,194
08/24/2014,CPS,IL,AGL,CE,Towers with Radar,0,1,23,0,24,0,19,47,0,66,0,20,70,0,90,37,0,37,127
08/25/2014,CPS,IL,AGL,CE,Towers with Radar,0,7,17,0,24,0,17,66,1,84,0,24,83,1,108,69,0,69,177
08/26/2014,CPS,IL,AGL,CE,Towers with Radar,0,3,26,3,32,0,15,47,1,63,0,18,73,4,95,110,0,110,205
08/27/2014,CPS,IL,AGL,CE,Towers with Radar,0,6,28,2,36,0,26,29,1,56,0,32,57,3,92,73,0,73,165
08/28/2014,CPS,IL,AGL,CE,Towers with Radar,0,7,42,0,49,0,37,67,0,104,0,44,109,0,153,140,0,140,293
08/29/2014,CPS,IL,AGL,CE,Towers with Radar,0,13,33,1,47,0,40,61,0,101,0,53,94,1,148,92,0,92,240
08/30/2014,CPS,IL,AGL,CE,Towers with Radar,0,1,9,0,10,0,14,34,0,48,0,15,43,0,58,110,0,110,168
08/31/2014,CPS,IL,AGL,CE,Towers with Radar,0,0,21,0,21,0,24,54,0,78,0,24,75,0,99,95,0,95,194
09/01/2014,CPS,IL,AGL,CE,Towers with Radar,0,1,12,0,13,0,16,16,0,32,0,17,28,0,45,36,0,36,81
09/02/2014,CPS,IL,AGL,CE,Towers with Radar,0,4,47,0,51,0,16,57,0,73,0,20,104,0,124,78,0,78,202
09/03/2014,CPS,IL,AGL,CE,Towers with Radar,0,2,42,2,46,0,42,52,0,94,0,44,94,2,140,161,0,161,301
09/04/2014,CPS,IL,AGL,CE,Towers with Radar,0,5,41,0,46,0,48,98,0,146,0,53,139,0,192,227,0,227,419
09/05/2014,CPS,IL,AGL,CE,Towers with Radar,0,5,43,0,48,0,30,70,0,100,0,35,113,0,148,58,0,58,206
09/06/2014,CPS,IL,AGL,CE,Towers with Radar,0,2,25,0,27,0,18,35,2,55,0,20,60,2,82,28,0,28,110
09/07/2014,CPS,IL,AGL,CE,Towers with Radar,0,4,25,0,29,0,21,80,0,101,0,25,105,0,130,106,0,106,236
09/08/2014,CPS,IL,AGL,CE,Towers with Radar,0,4,35,0,39,0,34,71,2,107,0,38,106,2,146,107,0,107,253
09/09/2014,CPS,IL,AGL,CE,Towers with Radar,0,3,21,0,24,0,24,47,0,71,0,27,68,0,95,165,0,165,260
09/10/2014,CPS,IL,AGL,CE,Towers with Radar,0,9,23,0,32,0,9,25,0,34,0,18,48,0,66,26,0,26,92
09/11/2014,CPS,IL,AGL,CE,Towers with Radar,0,12,29,0,41,0,11,32,0,43,0,23,61,0,84,68,0,68,152
09/12/2014,CPS,IL,AGL,CE,Towers with Radar,0,3,37,0,40,0,16,46,0,62,0,19,83,0,102,127,0,127,229
09/13/2014,CPS,IL,AGL,CE,Towers with Radar,0,7,29,5,41,0,33,125,0,158,0,40,154,5,199,177,0,177,376
09/14/2014,CPS,IL,AGL,CE,Towers with Radar,1,1,31,0,33,0,11,106,0,117,1,12,137,0,150,44,0,44,194
09/15/2014,CPS,IL,AGL,CE,Towers with Radar,0,6,23,6,35,0,38,50,0,88,0,44,73,6,123,124,3,127,250
09/16/2014,CPS,IL,AGL,CE,Towers with Radar,0,3,30,0,33,0,40,73,0,113,0,43,103,0,146,171,0,171,317
09/17/2014,CPS,IL,AGL,CE,Towers with Radar,0,7,33,2,42,0,32,65,0,97,0,39,98,2,139,212,0,212,351
09/18/2014,CPS,IL,AGL,CE,Towers with Radar,0,3,44,1,48,0,54,99,0,153,0,57,143,1,201,203,0,203,404
09/19/2014,CPS,IL,AGL,CE,Towers with Radar,0,4,41,0,45,0,55,79,0,134,0,59,120,0,179,189,0,189,368
09/20/2014,CPS,IL,AGL,CE,Towers with Radar,0,2,31,4,37,0,22,64,2,88,0,24,95,6,125,98,2,100,225
09/21/2014,CPS,IL,AGL,CE,Towers with Radar,0,9,53,0,62,0,10,35,0,45,0,19,88,0,107,79,0,79,186
09/22/2014,CPS,IL,AGL,CE,Towers with Radar,0,13,27,0,40,0,68,77,0,145,0,81,104,0,185,220,0,220,405
09/23/2014,CPS,IL,AGL,CE,Towers with Radar,0,3,28,4,35,0,52,98,0,150,0,55,126,4,185,252,0,252,437
09/24/2014,CPS,IL,AGL,CE,Towers with Radar,0,2,58,0,60,1,57,71,0,129,1,59,129,0,189,282,0,282,471
09/25/2014,CPS,IL,AGL,CE,Towers with Radar,0,5,49,0,54,0,38,82,0,120,0,43,131,0,174,223,0,223,397
09/26/2014,CPS,IL,AGL,CE,Towers with Radar,0,2,45,0,47,0,38,102,0,140,0,40,147,0,187,209,0,209,396
09/27/2014,CPS,IL,AGL,CE,Towers with Radar,0,0,29,0,29,0,27,62,0,89,0,27,91,0,118,214,0,214,332
09/28/2014,CPS,IL,AGL,CE,Towers with Radar,0,4,34,0,38,0,18,70,0,88,0,22,104,0,126,61,0,61,187
09/29/2014,CPS,IL,AGL,CE,Towers with Radar,0,1,28,0,29,0,29,88,0,117,0,30,116,0,146,152,0,152,298
09/30/2014,CPS,IL,AGL,CE,Towers with Radar,2,3,32,1,38,0,48,82,0,130,2,51,114,1,168,231,0,231,399
10/01/2014,CPS,IL,AGL,CE,Towers with Radar,0,4,39,0,43,0,53,99,0,152,0,57,138,0,195,216,0,216,411
10/02/2014,CPS,IL,AGL,CE,Towers with Radar,2,1,17,1,21,0,4,41,0,45,2,5,58,1,66,73,0,73,139
10/03/2014,CPS,IL,AGL,CE,Towers with Radar,0,6,29,0,35,0,10,28,0,38,0,16,57,0,73,37,0,37,110
10/04/2014,CPS,IL,AGL,CE,Towers with Radar,0,1,12,0,13,0,33,39,1,73,0,34,51,1,86,113,0,113,199
10/05/2014,CPS,IL,AGL,CE,Towers with Radar,0,5,19,0,24,0,21,79,0,100,0,26,98,0,124,196,0,196,320
10/06/2014,CPS,IL,AGL,CE,Towers with Radar,0,8,55,0,63,0,34,84,0,118,0,42,139,0,181,206,0,206,387
10/07/2014,CPS,IL,AGL,CE,Towers with Radar,0,17,63,0,80,0,45,68,0,113,0,62,131,0,193,148,0,148,341
10/08/2014,CPS,IL,AGL,CE,Towers with Radar,1,12,49,0,62,0,54,80,0,134,1,66,129,0,196,311,0,311,507
10/09/2014,CPS,IL,AGL,CE,Towers with Radar,0,5,38,0,43,0,4,5,0,9,0,9,43,0,52,36,0,36,88
10/10/2014,CPS,IL,AGL,CE,Towers with Radar,1,10,46,0,57,0,2,7,0,9,1,12,53,0,66,8,0,8,74
10/11/2014,CPS,IL,AGL,CE,Towers with Radar,0,7,18,0,25,0,47,87,0,134,0,54,105,0,159,99,0,99,258
10/12/2014,CPS,IL,AGL,CE,Towers with Radar,0,3,47,0,50,0,0,4,0,4,0,3,51,0,54,2,0,2,56
10/13/2014,CPS,IL,AGL,CE,Towers with Radar,0,6,25,1,32,0,1,8,0,9,0,7,33,1,41,2,0,2,43
10/14/2014,CPS,IL,AGL,CE,Towers with Radar,0,1,23,3,27,0,3,6,1,10,0,4,29,4,37,25,0,25,62
10/15/2014,CPS,IL,AGL,CE,Towers with Radar,0,6,34,3,43,0,24,50,6,80,0,30,84,9,123,165,0,165,288
10/16/2014,CPS,IL,AGL,CE,Towers with Radar,0,4,23,2,29,0,65,100,2,167,0,69,123,4,196,292,0,292,488
10/17/2014,CPS,IL,AGL,CE,Towers with Radar,0,14,37,0,51,0,65,83,0,148,0,79,120,0,199,225,0,225,424
10/18/2014,CPS,IL,AGL,CE,Towers with Radar,0,1,20,0,21,0,46,71,0,117,0,47,91,0,138,185,0,185,323
10/19/2014,CPS,IL,AGL,CE,Towers with Radar,0,8,29,0,37,0,39,112,1,152,0,47,141,1,189,66,0,66,255
10/20/2014,CPS,IL,AGL,CE,Towers with Radar,0,3,24,0,27,0,29,55,0,84,0,32,79,0,111,108,0,108,219
10/21/2014,CPS,IL,AGL,CE,Towers with Radar,0,3,25,4,32,0,26,47,0,73,0,29,72,4,105,142,0,142,247
10/22/2014,CPS,IL,AGL,CE,Towers with Radar,1,4,21,3,29,0,55,81,3,139,1,59,102,6,168,276,0,276,444
10/23/2014,CPS,IL,AGL,CE,Towers with Radar,3,7,31,0,41,0,52,70,0,122,3,59,101,0,163,208,0,208,371
10/24/2014,CPS,IL,AGL,CE,Towers with Radar,1,4,32,0,37,0,31,75,0,106,1,35,107,0,143,138,0,138,281
10/25/2014,CPS,IL,AGL,CE,Towers with Radar,0,0,15,0,15,0,51,64,1,116,0,51,79,1,131,130,0,130,261
10/26/2014,CPS,IL,AGL,CE,Towers with Radar,0,3,27,3,33,0,27,77,3,107,0,30,104,6,140,72,2,74,214
10/27/2014,CPS,IL,AGL,CE,Towers with Radar,0,17,25,0,42,0,26,55,0,81,0,43,80,0,123,126,0,126,249
10/28/2014,CPS,IL,AGL,CE,Towers with Radar,0,17,37,0,54,0,28,73,0,101,0,45,110,0,155,184,0,184,339
10/29/2014,CPS,IL,AGL,CE,Towers with Radar,0,15,41,3,59,0,70,91,1,162,0,85,132,4,221,216,0,216,437
10/30/2014,CPS,IL,AGL,CE,Towers with Radar,1,4,28,0,33,0,41,78,3,122,1,45,106,3,155,217,0,217,372
10/31/2014,CPS,IL,AGL,CE,Towers with Radar,1,4,28,0,33,0,15,34,0,49,1,19,62,0,82,24,0,24,106
11/01/2014,CPS,IL,AGL,CE,Towers with Radar,0,3,14,2,19,0,17,66,0,83,0,20,80,2,102,149,0,149,251
11/02/2014,CPS,IL,AGL,CE,Towers with Radar,0,2,18,1,21,0,12,19,1,32,0,14,37,2,53,88,0,88,141
11/03/2014,CPS,IL,AGL,CE,Towers with Radar,0,2,40,1,43,0,39,55,0,94,0,41,95,1,137,93,0,93,230
11/04/2014,CPS,IL,AGL,CE,Towers with Radar,0,14,25,0,39,0,0,18,0,18,0,14,43,0,57,12,0,12,69
11/05/2014,CPS,IL,AGL,CE,Towers with Radar,2,13,21,1,37,0,52,61,0,113,2,65,82,1,150,204,0,204,354
11/06/2014,CPS,IL,AGL,CE,Towers with Radar,1,6,27,2,36,0,23,44,1,68,1,29,71,3,104,83,0,83,187
11/07/2014,CPS,IL,AGL,CE,Towers with Radar,0,5,51,0,56,0,49,103,0,152,0,54,154,0,208,150,0,150,358
11/08/2014,CPS,IL,AGL,CE,Towers with Radar,1,4,22,0,27,0,15,34,0,49,1,19,56,0,76,117,0,117,193
11/09/2014,CPS,IL,AGL,CE,Towers with Radar,0,4,15,0,19,0,16,77,0,93,0,20,92,0,112,136,0,136,248
11/10/2014,CPS,IL,AGL,CE,Towers with Radar,2,4,13,0,19,0,33,60,0,93,2,37,73,0,112,79,0,79,191
11/11/2014,CPS,IL,AGL,CE,Towers with Radar,1,2,23,7,33,0,24,29,1,54,1,26,52,8,87,71,0,71,158
11/12/2014,CPS,IL,AGL,CE,Towers with Radar,2,3,22,3,30,0,39,52,0,91,2,42,74,3,121,169,0,169,290
11/13/2014,CPS,IL,AGL,CE,Towers with Radar,1,12,24,0,37,0,40,49,0,89,1,52,73,0,126,216,0,216,342
11/14/2014,CPS,IL,AGL,CE,Towers with Radar,0,4,32,2,38,0,43,69,0,112,0,47,101,2,150,214,0,214,364
11/15/2014,CPS,IL,AGL,CE,Towers with Radar,3,2,17,2,24,0,18,53,0,71,3,20,70,2,95,102,0,102,197
11/16/2014,CPS,IL,AGL,CE,Towers with Radar,0,0,25,0,25,0,0,1,0,1,0,0,26,0,26,58,0,58,84
11/17/2014,CPS,IL,AGL,CE,Towers with Radar,0,8,19,2,29,0,24,52,0,76,0,32,71,2,105,149,0,149,254
11/18/2014,CPS,IL,AGL,CE,Towers with Radar,0,6,10,5,21,0,52,45,0,97,0,58,55,5,118,296,0,296,414
11/19/2014,CPS,IL,AGL,CE,Towers with Radar,0,7,20,5,32,0,39,37,0,76,0,46,57,5,108,243,0,243,351
11/20/2014,CPS,IL,AGL,CE,Towers with Radar,0,8,49,2,59,0,52,99,3,154,0,60,148,5,213,332,0,332,545
11/21/2014,CPS,IL,AGL,CE,Towers with Radar,0,6,19,2,27,0,28,50,0,78,0,34,69,2,105,222,0,222,327
11/22/2014,CPS,IL,AGL,CE,Towers with Radar,0,0,10,0,10,0,4,39,1,44,0,4,49,1,54,90,0,90,144
11/23/2014,CPS,IL,AGL,CE,Towers with Radar,0,4,16,0,20,0,0,3,0,3,0,4,19,0,23,0,0,0,23
11/24/2014,CPS,IL,AGL,CE,Towers with Radar,0,4,16,2,22,0,19,33,1,53,0,23,49,3,75,11,0,11,86
11/25/2014,CPS,IL,AGL,CE,Towers with Radar,0,3,36,1,40,0,37,84,3,124,0,40,120,4,164,266,0,266,430
11/26/2014,CPS,IL,AGL,CE,Towers with Radar,0,4,14,0,18,0,5,15,0,20,0,9,29,0,38,42,0,42,80
11/27/2014,CPS,IL,AGL,CE,Towers with Radar,0,0,5,0,5,0,0,9,0,9,0,0,14,0,14,0,0,0,14
11/28/2014,CPS,IL,AGL,CE,Towers with Radar,0,1,18,1,20,0,21,45,0,66,0,22,63,1,86,2,0,2,88
11/29/2014,CPS,IL,AGL,CE,Towers with Radar,0,6,12,0,18,0,14,43,1,58,0,20,55,1,76,40,0,40,116
11/30/2014,CPS,IL,AGL,CE,Towers with Radar,0,7,26,1,34,0,15,26,0,41,0,22,52,1,75,49,0,49,124
12/01/2014,CPS,IL,AGL,CE,Towers with Radar,0,0,17,0,17,0,10,35,0,45,0,10,52,0,62,178,0,178,240
12/02/2014,CPS,IL,AGL,CE,Towers with Radar,0,5,31,2,38,0,12,56,1,69,0,17,87,3,107,346,0,346,453
12/03/2014,CPS,IL,AGL,CE,Towers with Radar,0,9,35,3,47,0,52,48,3,103,0,61,83,6,150,352,0,352,502
12/04/2014,CPS,IL,AGL,CE,Towers with Radar,0,7,35,0,42,0,0,0,0,0,0,7,35,0,42,28,0,28,70
12/05/2014,CPS,IL,AGL,CE,Towers with Radar,0,6,25,0,31,0,0,0,0,0,0,6,25,0,31,0,0,0,31
12/06/2014,CPS,IL,AGL,CE,Towers with Radar,0,5,19,0,24,0,0,3,0,3,0,5,22,0,27,16,0,16,43
12/07/2014,CPS,IL,AGL,CE,Towers with Radar,3,2,19,1,25,0,1,43,0,44,3,3,62,1,69,69,0,69,138
12/08/2014,CPS,IL,AGL,CE,Towers with Radar,0,5,19,0,24,0,22,44,0,66,0,27,63,0,90,216,0,216,306
12/09/2014,CPS,IL,AGL,CE,Towers with Radar,1,3,24,2,30,0,29,39,0,68,1,32,63,2,98,226,0,226,324
12/10/2014,CPS,IL,AGL,CE,Towers with Radar,0,7,24,4,35,0,25,38,0,63,0,32,62,4,98,187,0,187,285
12/11/2014,CPS,IL,AGL,CE,Towers with Radar,0,14,22,0,36,0,17,41,0,58,0,31,63,0,94,185,0,185,279
12/12/2014,CPS,IL,AGL,CE,Towers with Radar,0,12,32,0,44,0,41,53,0,94,0,53,85,0,138,252,0,252,390
12/13/2014,CPS,IL,AGL,CE,Towers with Radar,0,4,16,0,20,0,25,35,0,60,0,29,51,0,80,162,0,162,242
12/14/2014,CPS,IL,AGL,CE,Towers with Radar,0,7,18,0,25,0,8,63,0,71,0,15,81,0,96,55,0,55,151
12/15/2014,CPS,IL,AGL,CE,Towers with Radar,0,3,24,0,27,0,2,2,0,4,0,5,26,0,31,6,0,6,37
12/16/2014,CPS,IL,AGL,CE,Towers with Radar,0,10,27,0,37,0,9,32,0,41,0,19,59,0,78,50,0,50,128
12/17/2014,CPS,IL,AGL,CE,Towers with Radar,0,13,51,0,64,0,38,80,1,119,0,51,131,1,183,303,0,303,486
12/18/2014,CPS,IL,AGL,CE,Towers with Radar,0,3,15,0,18,0,6,29,0,35,0,9,44,0,53,91,0,91,144
12/19/2014,CPS,IL,AGL,CE,Towers with Radar,0,5,30,0,35,0,23,50,0,73,0,28,80,0,108,77,0,77,185
12/20/2014,CPS,IL,AGL,CE,Towers with Radar,0,1,16,0,17,0,8,21,1,30,0,9,37,1,47,57,0,57,104
12/21/2014,CPS,IL,AGL,CE,Towers with Radar,0,7,27,0,34,0,8,37,0,45,0,15,64,0,79,74,0,74,153
12/22/2014,CPS,IL,AGL,CE,Towers with Radar,0,6,14,0,20,0,0,0,0,0,0,6,14,0,20,0,0,0,20
12/23/2014,CPS,IL,AGL,CE,Towers with Radar,0,4,8,0,12,0,22,41,0,63,0,26,49,0,75,109,0,109,184
12/24/2014,CPS,IL,AGL,CE,Towers with Radar,0,1,6,0,7,0,1,4,0,5,0,2,10,0,12,0,0,0,12
12/25/2014,CPS,IL,AGL,CE,Towers with Radar,0,2,1,0,3,0,4,18,0,22,0,6,19,0,25,8,0,8,33
12/26/2014,CPS,IL,AGL,CE,Towers with Radar,0,0,10,0,10,0,6,44,0,50,0,6,54,0,60,8,0,8,68
12/27/2014,CPS,IL,AGL,CE,Towers with Radar,0,5,12,0,17,0,4,4,0,8,0,9,16,0,25,8,0,8,33
12/28/2014,CPS,IL,AGL,CE,Towers with Radar,2,0,10,0,12,0,4,36,0,40,2,4,46,0,52,93,0,93,145
12/29/2014,CPS,IL,AGL,CE,Towers with Radar,1,4,6,1,12,0,3,72,0,75,1,7,78,1,87,57,0,57,144
12/30/2014,CPS,IL,AGL,CE,Towers with Radar,0,3,11,1,15,0,9,40,0,49,0,12,51,1,64,74,0,74,138
12/31/2014,CPS,IL,AGL,CE,Towers with Radar,0,5,14,1,20,0,5,34,0,39,0,10,48,1,59,46,0,46,105
01/01/2015,CPS,IL,AGL,CE,Towers with Radar,0,0,7,0,7,0,6,12,0,18,0,6,19,0,25,12,0,12,37
01/02/2015,CPS,IL,AGL,CE,Towers with Radar,0,2,11,0,13,0,3,18,0,21,0,5,29,0,34,78,0,78,112
01/03/2015,CPS,IL,AGL,CE,Towers with Radar,0,0,4,0,4,0,0,0,0,0,0,0,4,0,4,0,0,0,4
01/04/2015,CPS,IL,AGL,CE,Towers with Radar,0,2,9,0,11,0,0,11,0,11,0,2,20,0,22,17,0,17,39
01/05/2015,CPS,IL,AGL,CE,Towers with Radar,0,3,17,2,22,0,22,40,0,62,0,25,57,2,84,75,0,75,159
01/06/2015,CPS,IL,AGL,CE,Towers with Radar,0,2,29,1,32,0,21,55,0,76,0,23,84,1,108,115,0,115,223
01/07/2015,CPS,IL,AGL,CE,Towers with Radar,0,4,12,1,17,0,11,18,0,29,0,15,30,1,46,25,0,25,71
01/08/2015,CPS,IL,AGL,CE,Towers with Radar,0,4,33,0,37,0,17,42,0,59,0,21,75,0,96,53,0,53,149
01/09/2015,CPS,IL,AGL,CE,Towers with Radar,2,5,18,1,26,0,8,32,0,40,2,13,50,1,66,58,0,58,124
01/10/2015,CPS,IL,AGL,CE,Towers with Radar,1,4,15,2,22,0,6,51,0,57,1,10,66,2,79,103,0,103,182
01/11/2015,CPS,IL,AGL,CE,Towers with Radar,0,0,12,0,12,0,2,4,0,6,0,2,16,0,18,21,2,23,41
01/12/2015,CPS,IL,AGL,CE,Towers with Radar,3,2,21,0,26,0,15,31,0,46,3,17,52,0,72,50,0,50,122
01/13/2015,CPS,IL,AGL,CE,Towers with Radar,0,4,20,0,24,0,30,50,0,80,0,34,70,0,104,141,0,141,245
01/14/2015,CPS,IL,AGL,CE,Towers with Radar,0,5,24,0,29,0,39,66,0,105,0,44,90,0,134,212,0,212,346
01/15/2015,CPS,IL,AGL,CE,Towers with Radar,0,9,39,0,48,0,25,76,0,101,0,34,115,0,149,191,0,191,340
01/16/2015,CPS,IL,AGL,CE,Towers with Radar,2,0,22,0,24,0,43,89,1,133,2,43,111,1,157,245,0,245,402
01/17/2015,CPS,IL,AGL,CE,Towers with Radar,1,6,16,0,23,0,6,59,0,65,1,12,75,0,88,94,0,94,182
01/18/2015,CPS,IL,AGL,CE,Towers with Radar,0,2,18,0,20,0,15,57,0,72,0,17,75,0,92,84,0,84,176
01/19/2015,CPS,IL,AGL,CE,Towers with Radar,1,3,16,0,20,0,23,94,0,117,1,26,110,0,137,200,0,200,337
01/20/2015,CPS,IL,AGL,CE,Towers with Radar,0,7,32,0,39,0,28,48,0,76,0,35,80,0,115,177,0,177,292
01/21/2015,CPS,IL,AGL,CE,Towers with Radar,0,2,31,2,35,0,46,49,0,95,0,48,80,2,130,302,0,302,432
01/22/2015,CPS,IL,AGL,CE,Towers with Radar,0,7,40,0,47,0,18,36,0,54,0,25,76,0,101,157,0,157,258
01/23/2015,CPS,IL,AGL,CE,Towers with Radar,0,10,16,2,28,0,36,46,0,82,0,46,62,2,110,172,0,172,282
01/24/2015,CPS,IL,AGL,CE,Towers with Radar,2,4,22,0,28,0,20,77,0,97,2,24,99,0,125,102,0,102,227
01/25/2015,CPS,IL,AGL,CE,Towers with Radar,0,1,10,0,11,0,0,0,0,0,0,1,10,0,11,1,0,1,12
01/26/2015,CPS,IL,AGL,CE,Towers with Radar,0,4,17,1,22,0,22,41,0,63,0,26,58,1,85,163,0,163,248
01/27/2015,CPS,IL,AGL,CE,Towers with Radar,0,2,28,0,30,0,27,44,0,71,0,29,72,0,101,177,0,177,278
01/28/2015,CPS,IL,AGL,CE,Towers with Radar,2,8,32,1,43,0,40,64,6,110,2,48,96,7,153,153,0,153,306
01/29/2015,CPS,IL,AGL,CE,Towers with Radar,1,1,43,1,46,0,14,43,1,58,1,15,86,2,104,76,0,76,180
01/30/2015,CPS,IL,AGL,CE,Towers with Radar,0,3,23,0,26,0,43,90,4,137,0,46,113,4,163,252,0,252,415
01/31/2015,CPS,IL,AGL,CE,Towers with Radar,0,9,17,0,26,0,19,37,0,56,0,28,54,0,82,89,0,89,171
02/01/2015,CPS,IL,AGL,CE,Towers with Radar,0,4,2,0,6,0,0,0,0,0,0,4,2,0,6,0,0,0,6
02/02/2015,CPS,IL,AGL,CE,Towers with Radar,2,3,15,10,30,0,13,28,1,42,2,16,43,11,72,114,0,114,186
02/03/2015,CPS,IL,AGL,CE,Towers with Radar,1,9,24,4,38,0,46,61,1,108,1,55,85,5,146,235,0,235,381
02/04/2015,CPS,IL,AGL,CE,Towers with Radar,0,5,11,1,17,0,22,25,2,49,0,27,36,3,66,140,0,140,206
02/05/2015,CPS,IL,AGL,CE,Towers with Radar,0,2,23,1,26,0,26,71,7,104,0,28,94,8,130,254,0,254,384
02/06/2015,CPS,IL,AGL,CE,Towers with Radar,0,4,24,5,33,0,42,57,0,99,0,46,81,5,132,175,2,177,309
02/07/2015,CPS,IL,AGL,CE,Towers with Radar,1,3,17,2,23,0,29,118,0,147,1,32,135,2,170,114,0,114,284
02/08/2015,CPS,IL,AGL,CE,Towers with Radar,2,3,13,3,21,0,5,63,0,68,2,8,76,3,89,80,0,80,169
02/09/2015,CPS,IL,AGL,CE,Towers with Radar,0,2,16,0,18,0,2,15,0,17,0,4,31,0,35,152,0,152,187
02/10/2015,CPS,IL,AGL,CE,Towers with Radar,0,5,23,1,29,0,26,44,1,71,0,31,67,2,100,135,0,135,235
02/11/2015,CPS,IL,AGL,CE,Towers with Radar,0,5,31,1,37,0,23,61,0,84,0,28,92,1,121,213,0,213,334
02/12/2015,CPS,IL,AGL,CE,Towers with Radar,0,9,36,2,47,0,33,70,0,103,0,42,106,2,150,106,0,106,256
02/13/2015,CPS,IL,AGL,CE,Towers with Radar,0,9,19,2,30,0,50,74,0,124,0,59,93,2,154,158,0,158,312
02/14/2015,CPS,IL,AGL,CE,Towers with Radar,0,3,7,1,11,0,6,17,1,24,0,9,24,2,35,12,0,12,47
02/15/2015,CPS,IL,AGL,CE,Towers with Radar,0,0,17,1,18,0,5,30,1,36,0,5,47,2,54,18,0,18,72
02/16/2015,CPS,IL,AGL,CE,Towers with Radar,0,5,17,0,22,0,2,17,0,19,0,7,34,0,41,8,0,8,49
02/17/2015,CPS,IL,AGL,CE,Towers with Radar,0,3,12,0,15,0,10,36,0,46,0,13,48,0,61,97,0,97,158
02/18/2015,CPS,IL,AGL,CE,Towers with Radar,0,6,31,0,37,0,18,31,0,49,0,24,62,0,86,6,0,6,92
02/19/2015,CPS,IL,AGL,CE,Towers with Radar,0,3,26,3,32,0,49,62,0,111,0,52,88,3,143,230,0,230,373
02/20/2015,CPS,IL,AGL,CE,Towers with Radar,2,5,20,0,27,0,14,29,0,43,2,19,49,0,70,97,0,97,167
02/21/2015,CPS,IL,AGL,CE,Towers with Radar,2,2,9,0,13,0,8,21,0,29,2,10,30,0,42,30,0,30,72
02/22/2015,CPS,IL,AGL,CE,Towers with Radar,0,6,14,0,20,0,2,21,0,23,0,8,35,0,43,78,0,78,121
02/23/2015,CPS,IL,AGL,CE,Towers with Radar,1,4,20,4,29,0,33,24,1,58,1,37,44,5,87,263,0,263,350
02/24/2015,CPS,IL,AGL,CE,Towers with Radar,2,7,29,1,39,0,48,53,0,101,2,55,82,1,140,139,0,139,279
02/25/2015,CPS,IL,AGL,CE,Towers with Radar,0,15,24,4,43,0,54,76,0,130,0,69,100,4,173,233,0,233,406
02/26/2015,CPS,IL,AGL,CE,Towers with Radar,0,8,24,0,32,0,5,15,0,20,0,13,39,0,52,10,0,10,62
02/27/2015,CPS,IL,AGL,CE,Towers with Radar,0,9,32,1,42,0,35,49,0,84,0,44,81,1,126,164,0,164,290
02/28/2015,CPS,IL,AGL,CE,Towers with Radar,0,0,7,0,7,0,13,17,0,30,0,13,24,0,37,162,0,162,199
03/01/2015,CPS,IL,AGL,CE,Towers with Radar,0,3,10,0,13,0,0,0,0,0,0,3,10,0,13,0,0,0,13
03/02/2015,CPS,IL,AGL,CE,Towers with Radar,0,1,20,2,23,0,21,39,0,60,0,22,59,2,83,194,0,194,277
03/03/2015,CPS,IL,AGL,CE,Towers with Radar,0,7,4,0,11,0,3,7,0,10,0,10,11,0,21,92,0,92,113
03/04/2015,CPS,IL,AGL,CE,Towers with Radar,0,2,16,0,18,0,7,16,0,23,0,9,32,0,41,18,0,18,59
03/05/2015,CPS,IL,AGL,CE,Towers with Radar,0,3,29,2,34,0,48,67,0,115,0,51,96,2,149,105,0,105,254
03/06/2015,CPS,IL,AGL,CE,Towers with Radar,0,0,24,2,26,0,21,48,0,69,0,21,72,2,95,56,0,56,151
03/07/2015,CPS,IL,AGL,CE,Towers with Radar,0,0,26,0,26,0,13,86,0,99,0,13,112,0,125,153,0,153,278
03/08/2015,CPS,IL,AGL,CE,Towers with Radar,1,5,62,2,70,0,17,112,0,129,1,22,174,2,199,125,0,125,324
03/09/2015,CPS,IL,AGL,CE,Towers with Radar,0,1,23,3,27,0,33,56,1,90,0,34,79,4,117,233,0,233,350
03/10/2015,CPS,IL,AGL,CE,Towers with Radar,0,1,22,1,24,0,1,2,0,3,0,2,24,1,27,0,0,0,27
03/11/2015,CPS,IL,AGL,CE,Towers with Radar,1,5,28,0,34,0,38,70,0,108,1,43,98,0,142,144,0,144,286
03/12/2015,CPS,IL,AGL,CE,Towers with Radar,0,8,22,0,30,0,27,37,0,64,0,35,59,0,94,126,0,126,220
03/13/2015,CPS,IL,AGL,CE,Towers with Radar,0,4,23,0,27,0,0,0,0,0,0,4,23,0,27,0,0,0,27
03/14/2015,CPS,IL,AGL,CE,Towers with Radar,0,0,20,5,25,0,27,36,2,65,0,27,56,7,90,76,0,76,166
03/15/2015,CPS,IL,AGL,CE,Towers with Radar,0,1,31,0,32,0,25,82,3,110,0,26,113,3,142,70,0,70,212
03/16/2015,CPS,IL,AGL,CE,Towers with Radar,0,7,30,0,37,0,44,75,0,119,0,51,105,0,156,113,0,113,269
03/17/2015,CPS,IL,AGL,CE,Towers with Radar,0,2,14,0,16,0,27,26,0,53,0,29,40,0,69,72,0,72,141
03/18/2015,CPS,IL,AGL,CE,Towers with Radar,0,12,33,1,46,0,27,43,0,70,0,39,76,1,116,270,0,270,386
03/19/2015,CPS,IL,AGL,CE,Towers with Radar,0,7,33,1,41,0,37,68,0,105,0,44,101,1,146,307,0,307,453
03/20/2015,CPS,IL,AGL,CE,Towers with Radar,0,8,24,0,32,0,32,46,0,78,0,40,70,0,110,163,0,163,273
03/21/2015,CPS,IL,AGL,CE,Towers with Radar,0,10,18,0,28,0,79,95,2,176,0,89,113,2,204,189,0,189,393
03/22/2015,CPS,IL,AGL,CE,Towers with Radar,0,4,31,0,35,0,38,75,0,113,0,42,106,0,148,177,0,177,325
03/23/2015,CPS,IL,AGL,CE,Towers with Radar,0,1,26,1,28,0,31,48,0,79,0,32,74,1,107,207,0,207,314
03/24/2015,CPS,IL,AGL,CE,Towers with Radar,0,8,28,4,40,0,2,3,0,5,0,10,31,4,45,71,0,71,116
03/25/2015,CPS,IL,AGL,CE,Towers with Radar,0,3,36,1,40,0,36,48,0,84,0,39,84,1,124,174,0,174,298
03/26/2015,CPS,IL,AGL,CE,Towers with Radar,0,5,32,0,37,0,42,78,0,120,0,47,110,0,157,198,0,198,355
03/27/2015,CPS,IL,AGL,CE,Towers with Radar,0,3,21,0,24,0,33,86,2,121,0,36,107,2,145,201,0,201,346
03/28/2015,CPS,IL,AGL,CE,Towers with Radar,0,4,17,0,21,0,34,123,0,157,0,38,140,0,178,237,0,237,415
03/29/2015,CPS,IL,AGL,CE,Towers with Radar,1,0,10,1,12,0,7,34,0,41,1,7,44,1,53,54,0,54,107
03/30/2015,CPS,IL,AGL,CE,Towers with Radar,0,10,37,0,47,0,33,82,0,115,0,43,119,0,162,259,0,259,421
03/31/2015,CPS,IL,AGL,CE,Towers with Radar,0,10,16,2,28,0,29,85,0,114,0,39,101,2,142,220,2,222,364
04/01/2015,CPS,IL,AGL,CE,Towers with Radar,0,3,34,1,38,0,33,48,2,83,0,36,82,3,121,262,0,262,383
04/02/2015,CPS,IL,AGL,CE,Towers with Radar,0,10,14,1,25,0,6,17,0,23,0,16,31,1,48,104,0,104,152
04/03/2015,CPS,IL,AGL,CE,Towers with Radar,2,3,10,4,19,0,7,20,1,28,2,10,30,5,47,86,0,86,133
04/04/2015,CPS,IL,AGL,CE,Towers with Radar,0,2,25,2,29,0,84,136,0,220,0,86,161,2,249,138,0,138,387
04/05/2015,CPS,IL,AGL,CE,Towers with Radar,0,1,6,3,10,0,17,62,2,81,0,18,68,5,91,20,6,26,117
04/06/2015,CPS,IL,AGL,CE,Towers with Radar,0,5,18,0,23,0,15,36,0,51,0,20,54,0,74,177,0,177,251
04/07/2015,CPS,IL,AGL,CE,Towers with Radar,0,10,36,0,46,0,12,20,1,33,0,22,56,1,79,83,0,83,162
04/08/2015,CPS,IL,AGL,CE,Towers with Radar,2,2,20,1,25,0,9,24,0,33,2,11,44,1,58,231,0,231,289
04/09/2015,CPS,IL,AGL,CE,Towers with Radar,1,4,23,0,28,0,46,30,0,76,1,50,53,0,104,55,0,55,159
04/10/2015,CPS,IL,AGL,CE,Towers with Radar,0,8,16,1,25,0,78,64,0,142,0,86,80,1,167,185,0,185,352
04/11/2015,CPS,IL,AGL,CE,Towers with Radar,2,3,18,1,24,0,75,75,1,151,2,78,93,2,175,169,0,169,344
04/12/2015,CPS,IL,AGL,CE,Towers with Radar,0,0,25,0,25,0,33,41,0,74,0,33,66,0,99,58,0,58,157
04/13/2015,CPS,IL,AGL,CE,Towers with Radar,0,4,35,0,39,0,20,40,5,65,0,24,75,5,104,129,0,129,233
04/14/2015,CPS,IL,AGL,CE,Towers with Radar,0,4,31,0,35,0,32,74,0,106,0,36,105,0,141,130,14,144,285
04/15/2015,CPS,IL,AGL,CE,Towers with Radar,2,4,30,5,41,0,36,46,0,82,2,40,76,5,123,218,0,218,341
04/16/2015,CPS,IL,AGL,CE,Towers with Radar,0,7,29,2,38,0,35,58,3,96,0,42,87,5,134,218,0,218,352
04/17/2015,CPS,IL,AGL,CE,Towers with Radar,1,5,42,1,49,0,28,77,1,106,1,33,119,2,155,240,0,240,395
04/18/2015,CPS,IL,AGL,CE,Towers with Radar,1,1,35,0,37,0,30,93,0,123,1,31,128,0,160,125,0,125,285
04/19/2015,CPS,IL,AGL,CE,Towers with Radar,0,1,13,0,14,0,2,6,0,8,0,3,19,0,22,24,0,24,46
04/20/2015,CPS,IL,AGL,CE,Towers with Radar,0,6,20,0,26,0,19,41,0,60,0,25,61,0,86,83,0,83,169
04/21/2015,CPS,IL,AGL,CE,Towers with Radar,0,0,25,0,25,0,34,50,0,84,0,34,75,0,109,88,0,88,197
04/22/2015,CPS,IL,AGL,CE,Towers with Radar,0,5,30,4,39,0,59,85,3,147,0,64,115,7,186,195,0,195,381
04/23/2015,CPS,IL,AGL,CE,Towers with Radar,1,8,59,2,70,0,67,66,0,133,1,75,125,2,203,198,0,198,401
04/24/2015,CPS,IL,AGL,CE,Towers with Radar,2,4,32,2,40,0,40,51,1,92,2,44,83,3,132,126,0,126,258
04/25/2015,CPS,IL,AGL,CE,Towers with Radar,0,1,17,0,18,0,37,2,0,39,0,38,19,0,57,17,0,17,74
04/26/2015,CPS,IL,AGL,CE,Towers with Radar,2,5,24,2,33,0,21,59,2,82,2,26,83,4,115,81,0,81,196
04/27/2015,CPS,IL,AGL,CE,Towers with Radar,0,3,28,2,33,0,46,60,2,108,0,49,88,4,141,106,0,106,247
04/28/2015,CPS,IL,AGL,CE,Towers with Radar,0,5,30,1,36,0,36,92,2,130,0,41,122,3,166,280,0,280,446
04/29/2015,CPS,IL,AGL,CE,Towers with Radar,0,10,41,0,51,0,27,67,0,94,0,37,108,0,145,273,0,273,418
04/30/2015,CPS,IL,AGL,CE,Towers with Radar,2,5,40,0,47,0,37,53,3,93,2,42,93,3,140,142,0,142,282
05/01/2015,CPS,IL,AGL,CE,Towers with Radar,0,9,48,2,59,0,43,68,2,113,0,52,116,4,172,194,0,194,366
05/02/2015,CPS,IL,AGL,CE,Towers with Radar,0,6,29,0,35,0,22,144,1,167,0,28,173,1,202,95,0,95,297
05/03/2015,CPS,IL,AGL,CE,Towers with Radar,0,2,29,0,31,0,17,26,2,45,0,19,55,2,76,21,0,21,97
05/04/2015,CPS,IL,AGL,CE,Towers with Radar,0,6,32,0,38,0,25,48,1,74,0,31,80,1,112,113,0,113,225
05/05/2015,CPS,IL,AGL,CE,Towers with Radar,0,6,34,0,40,0,30,53,0,83,0,36,87,0,123,300,0,300,423
05/06/2015,CPS,IL,AGL,CE,Towers with Radar,0,11,30,0,41,0,22,60,3,85,0,33,90,3,126,224,0,224,350
05/07/2015,CPS,IL,AGL,CE,Towers with Radar,0,9,45,0,54,0,5,48,0,53,0,14,93,0,107,171,0,171,278
05/08/2015,CPS,IL,AGL,CE,Towers with Radar,0,4,21,2,27,0,5,24,0,29,0,9,45,2,56,34,0,34,90
05/09/2015,CPS,IL,AGL,CE,Towers with Radar,0,2,11,1,14,0,2,0,0,2,0,4,11,1,16,0,0,0,16
05/10/2015,CPS,IL,AGL,CE,Towers with Radar,0,1,5,0,6,0,8,13,0,21,0,9,18,0,27,42,0,42,69
05/11/2015,CPS,IL,AGL,CE,Towers with Radar,0,2,21,0,23,0,20,31,3,54,0,22,52,3,77,126,0,126,203
05/12/2015,CPS,IL,AGL,CE,Towers with Radar,0,9,40,0,49,0,24,83,3,110,0,33,123,3,159,138,0,138,297
05/13/2015,CPS,IL,AGL,CE,Towers with Radar,0,14,41,4,59,0,31,113,2,146,0,45,154,6,205,302,0,302,507
05/14/2015,CPS,IL,AGL,CE,Towers with Radar,0,2,42,6,50,0,37,59,1,97,0,39,101,7,147,229,0,229,376
05/15/2015,CPS,IL,AGL,CE,Towers with Radar,0,11,26,2,39,0,27,36,0,63,0,38,62,2,102,66,0,66,168
05/16/2015,CPS,IL,AGL,CE,Towers with Radar,0,6,25,1,32,0,15,22,1,38,0,21,47,2,70,54,0,54,124
05/17/2015,CPS,IL,AGL,CE,Towers with Radar,0,3,11,0,14,0,21,17,1,39,0,24,28,1,53,14,0,14,67
05/18/2015,CPS,IL,AGL,CE,Towers with Radar,0,11,29,1,41,0,43,21,1,65,0,54,50,2,106,207,0,207,313
05/19/2015,CPS,IL,AGL,CE,Towers with Radar,0,6,29,0,35,0,48,53,0,101,0,54,82,0,136,137,0,137,273
05/20/2015,CPS,IL,AGL,CE,Towers with Radar,0,6,33,0,39,0,7,19,0,26,0,13,52,0,65,72,0,72,137
05/21/2015,CPS,IL,AGL,CE,Towers with Radar,0,12,34,1,47,0,54,69,0,123,0,66,103,1,170,196,0,196,366
05/22/2015,CPS,IL,AGL,CE,Towers with Radar,0,6,33,0,39,0,44,93,1,138,0,50,126,1,177,194,0,194,371
05/23/2015,CPS,IL,AGL,CE,Towers with Radar,0,2,16,0,18,0,10,50,0,60,0,12,66,0,78,6,0,6,84
05/24/2015,CPS,IL,AGL,CE,Towers with Radar,0,0,11,0,11,0,10,39,0,49,0,10,50,0,60,18,0,18,78
05/25/2015,CPS,IL,AGL,CE,Towers with Radar,0,5,43,0,48,0,17,34,0,51,0,22,77,0,99,41,0,41,140
05/26/2015,CPS,IL,AGL,CE,Towers with Radar,0,3,23,1,27,0,16,26,0,42,0,19,49,1,69,149,0,149,218
05/27/2015,CPS,IL,AGL,CE,Towers with Radar,1,8,36,2,47,0,44,47,1,92,1,52,83,3,139,228,0,228,367
05/28/2015,CPS,IL,AGL,CE,Towers with Radar,0,1,36,1,38,0,42,69,0,111,0,43,105,1,149,240,0,240,389
05/29/2015,CPS,IL,AGL,CE,Towers with Radar,0,10,51,0,61,0,17,57,0,74,0,27,108,0,135,131,0,131,266
05/30/2015,CPS,IL,AGL,CE,Towers with Radar,0,3,10,0,13,0,1,13,0,14,0,4,23,0,27,61,0,61,88
05/31/2015,CPS,IL,AGL,CE,Towers with Radar,0,5,53,0,58,0,6,24,0,30,0,11,77,0,88,63,0,63,151
06/01/2015,CPS,IL,AGL,CE,Towers with Radar,0,3,40,0,43,0,22,35,0,57,0,25,75,0,100,236,0,236,336
06/02/2015,CPS,IL,AGL,CE,Towers with Radar,0,4,34,0,38,0,48,71,0,119,0,52,105,0,157,242,0,242,399
06/03/2015,CPS,IL,AGL,CE,Towers with Radar,0,12,44,2,58,0,26,46,2,74,0,38,90,4,132,400,2,402,534
06/04/2015,CPS,IL,AGL,CE,Towers with Radar,0,8,41,1,50,0,27,68,0,95,0,35,109,1,145,309,0,309,454
06/05/2015,CPS,IL,AGL,CE,Towers with Radar,0,20,40,0,60,0,20,30,0,50,0,40,70,0,110,216,0,216,326
06/06/2015,CPS,IL,AGL,CE,Towers with Radar,0,10,14,0,24,0,14,78,0,92,0,24,92,0,116,202,0,202,318
06/07/2015,CPS,IL,AGL,CE,Towers with Radar,0,7,18,0,25,0,14,50,0,64,0,21,68,0,89,63,0,63,152
06/08/2015,CPS,IL,AGL,CE,Towers with Radar,0,5,17,0,22,0,21,50,0,71,0,26,67,0,93,136,0,136,229
06/09/2015,CPS,IL,AGL,CE,Towers with Radar,0,12,28,2,42,0,51,47,4,102,0,63,75,6,144,249,2,251,395
06/10/2015,CPS,IL,AGL,CE,Towers with Radar,0,7,19,0,26,0,47,56,2,105,0,54,75,2,131,264,0,264,395
06/11/2015,CPS,IL,AGL,CE,Towers with Radar,0,5,37,0,42,0,34,64,0,98,0,39,101,0,140,196,0,196,336
06/12/2015,CPS,IL,AGL,CE,Towers with Radar,0,5,41,4,50,0,10,28,1,39,0,15,69,5,89,114,2,116,205
06/13/2015,CPS,IL,AGL,CE,Towers with Radar,0,8,53,2,63,0,9,49,1,59,0,17,102,3,122,95,0,95,217
06/14/2015,CPS,IL,AGL,CE,Towers with Radar,0,2,26,1,29,0,3,9,0,12,0,5,35,1,41,36,0,36,77
06/15/2015,CPS,IL,AGL,CE,Towers with Radar,0,5,25,0,30,0,96,24,0,120,0,101,49,0,150,85,0,85,235
06/16/2015,CPS,IL,AGL,CE,Towers with Radar,0,1,24,2,27,0,4,20,0,24,0,5,44,2,51,135,0,135,186
06/17/2015,CPS,IL,AGL,CE,Towers with Radar,0,3,30,0,33,0,22,38,2,62,0,25,68,2,95,193,0,193,288
06/18/2015,CPS,IL,AGL,CE,Towers with Radar,1,9,27,4,41,0,19,16,2,37,1,28,43,6,78,248,0,248,326
06/19/2015,CPS,IL,AGL,CE,Towers with Radar,0,7,11,0,18,0,4,22,0,26,0,11,33,0,44,94,0,94,138
06/20/2015,CPS,IL,AGL,CE,Towers with Radar,0,1,21,3,25,0,15,62,0,77,0,16,83,3,102,168,0,168,270
06/21/2015,CPS,IL,AGL,CE,Towers with Radar,0,4,11,0,15,0,15,24,0,39,0,19,35,0,54,49,0,49,103
06/22/2015,CPS,IL,AGL,CE,Towers with Radar,0,5,16,7,28,0,43,84,1,128,0,48,100,8,156,250,0,250,406
06/23/2015,CPS,IL,AGL,CE,Towers with Radar,0,7,35,3,45,0,34,68,3,105,0,41,103,6,150,204,0,204,354
06/24/2015,CPS,IL,AGL,CE,Towers with Radar,0,2,28,2,32,0,57,58,1,116,0,59,86,3,148,248,0,248,396
06/25/2015,CPS,IL,AGL,CE,Towers with Radar,0,7,54,3,64,0,36,54,0,90,0,43,108,3,154,148,0,148,302
06/26/2015,CPS,IL,AGL,CE,Towers with Radar,0,4,25,2,31,0,17,23,2,42,0,21,48,4,73,128,0,128,201
06/27/2015,CPS,IL,AGL,CE,Towers with Radar,0,4,25,0,29,0,18,67,0,85,0,22,92,0,114,199,0,199,313
06/28/2015,CPS,IL,AGL,CE,Towers with Radar,0,5,19,2,26,0,6,52,0,58,0,11,71,2,84,78,0,78,162
06/29/2015,CPS,IL,AGL,CE,Towers with Radar,0,2,28,0,30,0,19,71,0,90,0,21,99,0,120,229,0,229,349
06/30/2015,CPS,IL,AGL,CE,Towers with Radar,0,6,45,3,54,0,25,77,0,102,0,31,122,3,156,178,0,178,334
07/01/2015,CPS,IL,AGL,CE,Towers with Radar,0,6,42,9,57,0,18,37,2,57,0,24,79,11,114,281,2,283,397
07/02/2015,CPS,IL,AGL,CE,Towers with Radar,0,8,31,2,41,0,14,40,1,55,0,22,71,3,96,162,0,162,258
07/03/2015,CPS,IL,AGL,CE,Towers with Radar,0,2,14,0,16,0,14,43,0,57,0,16,57,0,73,159,0,159,232
07/04/2015,CPS,IL,AGL,CE,Towers with Radar,0,2,10,0,12,0,18,41,0,59,0,20,51,0,71,14,0,14,85
07/05/2015,CPS,IL,AGL,CE,Towers with Radar,0,4,26,0,30,0,13,52,0,65,0,17,78,0,95,25,0,25,120
07/06/2015,CPS,IL,AGL,CE,Towers with Radar,0,6,35,0,41,0,16,29,0,45,0,22,64,0,86,88,0,88,174
07/07/2015,CPS,IL,AGL,CE,Towers with Radar,0,6,24,0,30,0,0,4,0,4,0,6,28,0,34,120,0,120,154
07/08/2015,CPS,IL,AGL,CE,Towers with Radar,0,9,19,0,28,0,1,7,0,8,0,10,26,0,36,0,0,0,36
07/09/2015,CPS,IL,AGL,CE,Towers with Radar,0,11,27,3,41,0,16,75,0,91,0,27,102,3,132,214,2,216,348
07/10/2015,CPS,IL,AGL,CE,Towers with Radar,0,0,18,0,18,0,27,49,0,76,0,27,67,0,94,170,0,170,264
07/11/2015,CPS,IL,AGL,CE,Towers with Radar,0,0,17,0,17,0,24,34,0,58,0,24,51,0,75,84,0,84,159
07/12/2015,CPS,IL,AGL,CE,Towers with Radar,0,4,19,0,23,0,9,67,0,76,0,13,86,0,99,150,0,150,249
07/13/2015,CPS,IL,AGL,CE,Towers with Radar,0,3,15,1,19,0,31,46,0,77,0,34,61,1,96,84,0,84,180
07/14/2015,CPS,IL,AGL,CE,Towers with Radar,0,11,29,2,42,0,41,82,1,124,0,52,111,3,166,212,0,212,378
07/15/2015,CPS,IL,AGL,CE,Towers with Radar,0,6,23,1,30,0,58,94,0,152,0,64,117,1,182,213,0,213,395
07/16/2015,CPS,IL,AGL,CE,Towers with Radar,0,9,34,4,47,0,26,75,0,101,0,35,109,4,148,237,0,237,385
07/17/2015,CPS,IL,AGL,CE,Towers with Radar,0,4,32,1,37,0,29,88,2,119,0,33,120,3,156,123,0,123,279
07/18/2015,CPS,IL,AGL,CE,Towers with Radar,0,3,21,0,24,0,18,74,6,98,0,21,95,6,122,74,2,76,198
07/19/2015,CPS,IL,AGL,CE,Towers with Radar,0,4,47,2,53,0,8,23,0,31,0,12,70,2,84,38,0,38,122
07/20/2015,CPS,IL,AGL,CE,Towers with Radar,0,0,16,1,17,0,18,38,0,56,0,18,54,1,73,50,0,50,123
07/21/2015,CPS,IL,AGL,CE,Towers with Radar,0,6,35,0,41,0,26,86,1,113,0,32,121,1,154,235,0,235,389
07/22/2015,CPS,IL,AGL,CE,Towers with Radar,0,10,28,1,39,0,31,92,1,124,0,41,120,2,163,204,0,204,367
07/23/2015,CPS,IL,AGL,CE,Towers with Radar,2,5,41,0,48,0,32,91,3,126,2,37,132,3,174,112,0,112,286
07/24/2015,CPS,IL,AGL,CE,Towers with Radar,0,9,39,1,49,0,7,75,2,84,0,16,114,3,133,122,0,122,255
07/25/2015,CPS,IL,AGL,CE,Towers with Radar,0,5,23,0,28,0,22,65,0,87,0,27,88,0,115,102,0,102,217
07/26/2015,CPS,IL,AGL,CE,Towers with Radar,2,2,30,0,34,0,9,22,0,31,2,11,52,0,65,51,0,51,116
07/27/2015,CPS,IL,AGL,CE,Towers with Radar,0,9,33,2,44,0,18,36,0,54,0,27,69,2,98,44,0,44,142
07/28/2015,CPS,IL,AGL,CE,Towers with Radar,0,4,40,2,46,0,24,70,0,94,0,28,110,2,140,154,0,154,294
07/29/2015,CPS,IL,AGL,CE,Towers with Radar,1,9,35,2,47,0,24,53,0,77,1,33,88,2,124,209,0,209,333
07/30/2015,CPS,IL,AGL,CE,Towers with Radar,0,5,39,4,48,0,32,73,0,105,0,37,112,4,153,167,0,167,320
07/31/2015,CPS,IL,AGL,CE,Towers with Radar,0,0,42,6,48,0,29,69,2,100,0,29,111,8,148,79,0,79,227
08/01/2015,CPS,IL,AGL,CE,Towers with Radar,0,3,23,0,26,0,57,64,2,123,0,60,87,2,149,65,2,67,216
08/02/2015,CPS,IL,AGL,CE,Towers with Radar,1,8,23,5,37,0,22,69,0,91,1,30,92,5,128,33,0,33,161
08/03/2015,CPS,IL,AGL,CE,Towers with Radar,0,2,37,0,39,0,10,58,0,68,0,12,95,0,107,102,0,102,209
08/04/2015,CPS,IL,AGL,CE,Towers with Radar,0,4,29,2,35,0,21,50,0,71,0,25,79,2,106,76,0,76,182
08/05/2015,CPS,IL,AGL,CE,Towers with Radar,0,2,22,1,25,0,9,27,0,36,0,11,49,1,61,62,0,62,123
08/06/2015,CPS,IL,AGL,CE,Towers with Radar,0,1,36,3,40,0,17,45,0,62,0,18,81,3,102,93,0,93,195
08/07/2015,CPS,IL,AGL,CE,Towers with Radar,0,8,33,0,41,0,37,76,0,113,0,45,109,0,154,60,0,60,214
08/08/2015,CPS,IL,AGL,CE,Towers with Radar,0,3,17,0,20,0,17,70,0,87,0,20,87,0,107,78,0,78,185
08/09/2015,CPS,IL,AGL,CE,Towers with Radar,0,6,18,0,24,0,12,33,0,45,0,18,51,0,69,0,0,0,69
08/10/2015,CPS,IL,AGL,CE,Towers with Radar,0,5,28,1,34,0,22,53,0,75,0,27,81,1,109,88,0,88,197
08/11/2015,CPS,IL,AGL,CE,Towers with Radar,0,10,28,0,38,0,22,62,0,84,0,32,90,0,122,108,0,108,230
08/12/2015,CPS,IL,AGL,CE,Towers with Radar,0,3,46,4,53,0,31,94,0,125,0,34,140,4,178,120,0,120,298
08/13/2015,CPS,IL,AGL,CE,Towers with Radar,0,5,73,10,88,0,39,93,2,134,0,44,166,12,222,149,2,151,373
08/14/2015,CPS,IL,AGL,CE,Towers with Radar,0,3,36,2,41,0,25,93,6,124,0,28,129,8,165,91,8,99,264
08/15/2015,CPS,IL,AGL,CE,Towers with Radar,0,6,21,0,27,0,13,74,2,89,0,19,95,2,116,118,0,118,234
08/16/2015,CPS,IL,AGL,CE,Towers with Radar,0,4,30,1,35,0,31,41,0,72,0,35,71,1,107,6,0,6,113
08/17/2015,CPS,IL,AGL,CE,Towers with Radar,0,3,42,1,46,0,19,73,0,92,0,22,115,1,138,137,0,137,275
08/18/2015,CPS,IL,AGL,CE,Towers with Radar,0,7,28,0,35,0,8,27,0,35,0,15,55,0,70,37,0,37,107
08/19/2015,CPS,IL,AGL,CE,Towers with Radar,0,13,34,3,50,0,15,66,0,81,0,28,100,3,131,175,0,175,306
08/20/2015,CPS,IL,AGL,CE,Towers with Radar,0,4,46,2,52,0,20,118,0,138,0,24,164,2,190,175,0,175,365
08/21/2015,CPS,IL,AGL,CE,Towers with Radar,0,2,20,4,26,0,12,78,2,92,0,14,98,6,118,110,0,110,228
08/22/2015,CPS,IL,AGL,CE,Towers with Radar,0,2,6,0,8,0,13,37,0,50,0,15,43,0,58,254,0,254,312
08/23/2015,CPS,IL,AGL,CE,Towers with Radar,0,0,22,0,22,0,17,42,0,59,0,17,64,0,81,54,0,54,135
08/24/2015,CPS,IL,AGL,CE,Towers with Radar,0,9,30,0,39,0,25,68,3,96,0,34,98,3,135,144,31,175,310
08/25/2015,CPS,IL,AGL,CE,Towers with Radar,0,4,47,4,55,0,13,62,0,75,0,17,109,4,130,90,0,90,220
08/26/2015,CPS,IL,AGL,CE,Towers with Radar,0,7,33,4,44,0,42,59,0,101,0,49,92,4,145,176,0,176,321
08/27/2015,CPS,IL,AGL,CE,Towers with Radar,0,3,44,3,50,0,31,96,0,127,0,34,140,3,177,135,0,135,312
08/28/2015,CPS,IL,AGL,CE,Towers with Radar,0,2,22,6,30,0,30,60,0,90,0,32,82,6,120,291,2,293,413
08/29/2015,CPS,IL,AGL,CE,Towers with Radar,0,3,14,1,18,0,51,46,4,101,0,54,60,5,119,138,0,138,257
08/30/2015,CPS,IL,AGL,CE,Towers with Radar,0,0,19,0,19,0,14,63,0,77,0,14,82,0,96,93,0,93,189
08/31/2015,CPS,IL,AGL,CE,Towers with Radar,0,10,33,0,43,0,38,38,0,76,0,48,71,0,119,70,0,70,189
09/01/2015,CPS,IL,AGL,CE,Towers with Radar,0,7,31,1,39,0,33,55,2,90,0,40,86,3,129,233,0,233,362
09/02/2015,CPS,IL,AGL,CE,Towers with Radar,0,5,38,2,45,0,34,51,0,85,0,39,89,2,130,190,0,190,320
09/03/2015,CPS,IL,AGL,CE,Towers with Radar,0,4,43,5,52,0,37,146,4,187,0,41,189,9,239,111,4,115,354
09/04/2015,CPS,IL,AGL,CE,Towers with Radar,0,5,30,3,38,0,27,61,0,88,0,32,91,3,126,193,0,193,319
09/05/2015,CPS,IL,AGL,CE,Towers with Radar,0,3,23,0,26,0,32,52,2,86,0,35,75,2,112,102,0,102,214
09/06/2015,CPS,IL,AGL,CE,Towers with Radar,0,1,34,0,35,0,12,83,2,97,0,13,117,2,132,13,0,13,145
09/07/2015,CPS,IL,AGL,CE,Towers with Radar,0,7,36,1,44,0,26,66,0,92,0,33,102,1,136,40,0,40,176
09/08/2015,CPS,IL,AGL,CE,Towers with Radar,0,3,24,4,31,0,21,30,0,51,0,24,54,4,82,73,0,73,155
09/09/2015,CPS,IL,AGL,CE,Towers with Radar,0,4,36,2,42,0,15,24,0,39,0,19,60,2,81,131,0,131,212
09/10/2015,CPS,IL,AGL,CE,Towers with Radar,0,10,40,1,51,0,29,54,3,86,0,39,94,4,137,172,0,172,309
09/11/2015,CPS,IL,AGL,CE,Towers with Radar,0,7,39,0,46,0,19,51,1,71,0,26,90,1,117,122,0,122,239
09/12/2015,CPS,IL,AGL,CE,Towers with Radar,0,1,21,0,22,0,38,145,1,184,0,39,166,1,206,90,0,90,296
09/13/2015,CPS,IL,AGL,CE,Towers with Radar,0,1,32,0,33,0,11,82,0,93,0,12,114,0,126,65,0,65,191
09/14/2015,CPS,IL,AGL,CE,Towers with Radar,0,1,22,2,25,0,48,57,2,107,0,49,79,4,132,146,0,146,278
09/15/2015,CPS,IL,AGL,CE,Towers with Radar,0,7,26,2,35,0,31,76,0,107,0,38,102,2,142,270,0,270,412
09/16/2015,CPS,IL,AGL,CE,Towers with Radar,0,13,61,3,77,0,48,85,1,134,0,61,146,4,211,285,0,285,496
09/17/2015,CPS,IL,AGL,CE,Towers with Radar,0,15,84,1,100,0,53,79,1,133,0,68,163,2,233,252,0,252,485
09/18/2015,CPS,IL,AGL,CE,Towers with Radar,0,9,31,0,40,0,29,68,3,100,0,38,99,3,140,92,0,92,232
09/19/2015,CPS,IL,AGL,CE,Towers with Radar,0,5,19,0,24,0,32,54,0,86,0,37,73,0,110,76,0,76,186
09/20/2015,CPS,IL,AGL,CE,Towers with Radar,0,4,32,0,36,0,17,46,0,63,0,21,78,0,99,63,0,63,162
09/21/2015,CPS,IL,AGL,CE,Towers with Radar,0,4,30,1,35,0,52,68,0,120,0,56,98,1,155,132,0,132,287
09/22/2015,CPS,IL,AGL,CE,Towers with Radar,0,8,55,2,65,0,50,82,1,133,0,58,137,3,198,334,0,334,532
09/23/2015,CPS,IL,AGL,CE,Towers with Radar,0,5,42,5,52,0,72,98,3,173,0,77,140,8,225,247,0,247,472
09/24/2015,CPS,IL,AGL,CE,Towers with Radar,0,6,58,3,67,0,48,80,1,129,0,54,138,4,196,150,0,150,346
09/25/2015,CPS,IL,AGL,CE,Towers with Radar,0,9,45,1,55,0,43,89,1,133,0,52,134,2,188,143,0,143,331
09/26/2015,CPS,IL,AGL,CE,Towers with Radar,0,4,51,1,56,0,23,58,7,88,0,27,109,8,144,61,6,67,211
09/27/2015,CPS,IL,AGL,CE,Towers with Radar,0,10,69,0,79,0,6,22,0,28,0,16,91,0,107,31,0,31,138
09/28/2015,CPS,IL,AGL,CE,Towers with Radar,0,7,21,5,33,0,18,35,1,54,0,25,56,6,87,220,0,220,307
09/29/2015,CPS,IL,AGL,CE,Towers with Radar,0,16,31,5,52,0,9,32,0,41,0,25,63,5,93,133,4,137,230
09/30/2015,CPS,IL,AGL,CE,Towers with Radar,0,11,36,2,49,0,63,64,4,131,0,74,100,6,180,171,6,177,357
10/01/2015,CPS,IL,AGL,CE,Towers with Radar,1,7,29,2,39,0,45,65,0,110,1,52,94,2,149,160,0,160,309
10/02/2015,CPS,IL,AGL,CE,Towers with Radar,0,4,26,2,32,0,23,57,0,80,0,27,83,2,112,125,1,126,238
10/03/2015,CPS,IL,AGL,CE,Towers with Radar,0,10,20,1,31,0,11,11,2,24,0,21,31,3,55,47,2,49,104
10/04/2015,CPS,IL,AGL,CE,Towers with Radar,0,2,21,0,23,0,5,19,0,24,0,7,40,0,47,49,0,49,96
10/05/2015,CPS,IL,AGL,CE,Towers with Radar,0,3,12,4,19,0,27,55,0,82,0,30,67,4,101,140,0,140,241
10/06/2015,CPS,IL,AGL,CE,Towers with Radar,0,5,26,0,31,0,35,54,0,89,0,40,80,0,120,221,0,221,341
10/07/2015,CPS,IL,AGL,CE,Towers with Radar,2,3,33,4,42,0,66,77,0,143,2,69,110,4,185,283,0,283,468
10/08/2015,CPS,IL,AGL,CE,Towers with Radar,1,17,35,1,54,0,59,90,0,149,1,76,125,1,203,210,0,210,413
10/09/2015,CPS,IL,AGL,CE,Towers with Radar,0,13,73,0,86,0,27,57,1,85,0,40,130,1,171,178,0,178,349
10/10/2015,CPS,IL,AGL,CE,Towers with Radar,0,17,41,0,58,0,33,84,0,117,0,50,125,0,175,237,0,237,412
10/11/2015,CPS,IL,AGL,CE,Towers with Radar,0,12,45,0,57,0,13,55,0,68,0,25,100,0,125,42,0,42,167
10/12/2015,CPS,IL,AGL,CE,Towers with Radar,0,9,19,0,28,0,56,57,0,113,0,65,76,0,141,107,0,107,248
10/13/2015,CPS,IL,AGL,CE,Towers with Radar,0,7,30,1,38,0,33,62,0,95,0,40,92,1,133,97,0,97,230
10/14/2015,CPS,IL,AGL,CE,Towers with Radar,0,8,47,3,58,0,56,77,0,133,0,64,124,3,191,280,0,280,471
10/15/2015,CPS,IL,AGL,CE,Towers with Radar,0,7,32,0,39,0,42,101,0,143,0,49,133,0,182,196,0,196,378
10/16/2015,CPS,IL,AGL,CE,Towers with Radar,0,9,30,4,43,0,73,80,1,154,0,82,110,5,197,257,0,257,454
10/17/2015,CPS,IL,AGL,CE,Towers with Radar,0,5,26,1,32,0,57,100,0,157,0,62,126,1,189,304,0,304,493
10/18/2015,CPS,IL,AGL,CE,Towers with Radar,0,5,22,4,31,0,16,83,2,101,0,21,105,6,132,200,0,200,332
10/19/2015,CPS,IL,AGL,CE,Towers with Radar,0,1,23,5,29,0,10,62,0,72,0,11,85,5,101,200,0,200,301
10/20/2015,CPS,IL,AGL,CE,Towers with Radar,0,10,33,4,47,0,36,117,3,156,0,46,150,7,203,91,0,91,294
10/21/2015,CPS,IL,AGL,CE,Towers with Radar,0,14,23,4,41,0,43,78,2,123,0,57,101,6,164,248,0,248,412
10/22/2015,CPS,IL,AGL,CE,Towers with Radar,0,11,31,3,45,0,32,89,0,121,0,43,120,3,166,288,0,288,454
10/23/2015,CPS,IL,AGL,CE,Towers with Radar,0,1,30,1,32,0,23,43,0,66,0,24,73,1,98,178,0,178,276
10/24/2015,CPS,IL,AGL,CE,Towers with Radar,0,6,22,2,30,0,17,70,0,87,0,23,92,2,117,171,0,171,288
10/25/2015,CPS,IL,AGL,CE,Towers with Radar,0,0,15,2,17,0,4,56,0,60,0,4,71,2,77,152,0,152,229
10/26/2015,CPS,IL,AGL,CE,Towers with Radar,0,3,19,5,27,0,33,68,0,101,0,36,87,5,128,333,0,333,461
10/27/2015,CPS,IL,AGL,CE,Towers with Radar,0,8,27,2,37,0,0,0,0,0,0,8,27,2,37,0,0,0,37
10/28/2015,CPS,IL,AGL,CE,Towers with Radar,0,3,29,3,35,0,13,54,0,67,0,16,83,3,102,155,18,173,275
10/29/2015,CPS,IL,AGL,CE,Towers with Radar,1,9,35,4,49,0,54,75,0,129,1,63,110,4,178,212,0,212,390
10/30/2015,CPS,IL,AGL,CE,Towers with Radar,0,6,49,2,57,0,34,68,0,102,0,40,117,2,159,280,0,280,439
10/31/2015,CPS,IL,AGL,CE,Towers with Radar,1,2,6,0,9,0,5,11,0,16,1,7,17,0,25,67,0,67,92
11/01/2015,CPS,IL,AGL,CE,Towers with Radar,0,5,28,1,34,0,26,74,0,100,0,31,102,1,134,135,0,135,269
11/02/2015,CPS,IL,AGL,CE,Towers with Radar,0,0,26,1,27,0,27,32,0,59,0,27,58,1,86,178,0,178,264
11/03/2015,CPS,IL,AGL,CE,Towers with Radar,0,1,31,0,32,0,0,0,0,0,0,1,31,0,32,51,0,51,83
11/04/2015,CPS,IL,AGL,CE,Towers with Radar,0,4,37,0,41,0,40,53,0,93,0,44,90,0,134,426,0,426,560
11/05/2015,CPS,IL,AGL,CE,Towers with Radar,0,6,22,2,30,0,19,24,0,43,0,25,46,2,73,187,0,187,260
11/06/2015,CPS,IL,AGL,CE,Towers with Radar,0,9,41,2,52,0,48,86,1,135,0,57,127,3,187,316,0,316,503
11/07/2015,CPS,IL,AGL,CE,Towers with Radar,0,5,13,0,18,0,37,64,2,103,0,42,77,2,121,228,0,228,349
11/08/2015,CPS,IL,AGL,CE,Towers with Radar,0,3,13,0,16,0,11,60,0,71,0,14,73,0,87,132,0,132,219
11/09/2015,CPS,IL,AGL,CE,Towers with Radar,0,8,24,0,32,0,43,74,0,117,0,51,98,0,149,309,0,309,458
11/10/2015,CPS,IL,AGL,CE,Towers with Radar,0,5,29,2,36,0,42,71,0,113,0,47,100,2,149,314,2,316,465
11/11/2015,CPS,IL,AGL,CE,Towers with Radar,0,2,14,0,16,0,9,36,0,45,0,11,50,0,61,134,0,134,195
11/12/2015,CPS,IL,AGL,CE,Towers with Radar,0,3,9,0,12,0,15,28,0,43,0,18,37,0,55,118,0,118,173
11/13/2015,CPS,IL,AGL,CE,Towers with Radar,1,7,32,0,40,0,35,64,0,99,1,42,96,0,139,258,0,258,397
11/14/2015,CPS,IL,AGL,CE,Towers with Radar,0,6,19,0,25,0,27,66,0,93,0,33,85,0,118,289,0,289,407
11/15/2015,CPS,IL,AGL,CE,Towers with Radar,1,3,28,0,32,0,3,67,0,70,1,6,95,0,102,246,0,246,348
11/16/2015,CPS,IL,AGL,CE,Towers with Radar,1,4,22,0,27,0,3,15,0,18,1,7,37,0,45,0,0,0,45
11/17/2015,CPS,IL,AGL,CE,Towers with Radar,0,4,29,0,33,0,2,4,0,6,0,6,33,0,39,10,0,10,49
11/18/2015,CPS,IL,AGL,CE,Towers with Radar,2,7,33,1,43,0,6,38,0,44,2,13,71,1,87,67,0,67,154
11/19/2015,CPS,IL,AGL,CE,Towers with Radar,1,7,28,1,37,0,38,65,0,103,1,45,93,1,140,253,0,253,393
11/20/2015,CPS,IL,AGL,CE,Towers with Radar,1,12,38,1,52,0,33,71,1,105,1,45,109,2,157,514,0,514,671
11/21/2015,CPS,IL,AGL,CE,Towers with Radar,0,1,16,0,17,0,1,11,0,12,0,2,27,0,29,20,0,20,49
11/22/2015,CPS,IL,AGL,CE,Towers with Radar,0,1,17,7,25,0,15,52,3,70,0,16,69,10,95,200,0,200,295
11/23/2015,CPS,IL,AGL,CE,Towers with Radar,0,7,43,1,51,0,30,66,0,96,0,37,109,1,147,378,0,378,525
11/24/2015,CPS,IL,AGL,CE,Towers with Radar,0,2,25,2,29,0,33,71,0,104,0,35,96,2,133,293,0,293,426
11/25/2015,CPS,IL,AGL,CE,Towers with Radar,0,0,17,0,17,0,2,31,0,33,0,2,48,0,50,183,0,183,233
11/26/2015,CPS,IL,AGL,CE,Towers with Radar,0,2,0,0,2,0,1,0,0,1,0,3,0,0,3,0,0,0,3
11/27/2015,CPS,IL,AGL,CE,Towers with Radar,0,0,6,0,6,0,0,0,0,0,0,0,6,0,6,0,0,0,6
11/28/2015,CPS,IL,AGL,CE,Towers with Radar,0,1,6,0,7,0,0,0,0,0,0,1,6,0,7,0,0,0,7
11/29/2015,CPS,IL,AGL,CE,Towers with Radar,3,1,17,0,21,0,1,3,0,4,3,2,20,0,25,36,0,36,61
11/30/2015,CPS,IL,AGL,CE,Towers with Radar,0,8,25,0,33,0,0,0,0,0,0,8,25,0,33,0,0,0,33
12/01/2015,CPS,IL,AGL,CE,Towers with Radar,1,6,33,3,43,0,47,103,1,151,1,53,136,4,194,319,2,321,515
12/02/2015,CPS,IL,AGL,CE,Towers with Radar,0,10,40,4,54,0,29,60,1,90,0,39,100,5,144,424,0,424,568
12/03/2015,CPS,IL,AGL,CE,Towers with Radar,0,15,38,3,56,0,32,78,0,110,0,47,116,3,166,552,0,552,718
12/04/2015,CPS,IL,AGL,CE,Towers with Radar,1,4,27,2,34,0,33,74,2,109,1,37,101,4,143,454,0,454,597
12/05/2015,CPS,IL,AGL,CE,Towers with Radar,1,1,20,0,22,0,19,77,1,97,1,20,97,1,119,151,0,151,270
12/06/2015,CPS,IL,AGL,CE,Towers with Radar,1,1,34,2,38,0,3,27,0,30,1,4,61,2,68,116,0,116,184
12/07/2015,CPS,IL,AGL,CE,Towers with Radar,0,1,22,3,26,0,13,35,0,48,0,14,57,3,74,455,0,455,529
12/08/2015,CPS,IL,AGL,CE,Towers with Radar,0,7,31,2,40,0,28,59,0,87,0,35,90,2,127,243,0,243,370
12/09/2015,CPS,IL,AGL,CE,Towers with Radar,2,4,27,5,38,0,44,96,1,141,2,48,123,6,179,360,0,360,539
12/10/2015,CPS,IL,AGL,CE,Towers with Radar,1,5,31,0,37,0,35,75,2,112,1,40,106,2,149,224,1,225,374
12/11/2015,CPS,IL,AGL,CE,Towers with Radar,0,1,16,0,17,0,0,20,0,20,0,1,36,0,37,48,0,48,85
12/12/2015,CPS,IL,AGL,CE,Towers with Radar,0,0,12,1,13,0,10,22,0,32,0,10,34,1,45,193,0,193,238
12/13/2015,CPS,IL,AGL,CE,Towers with Radar,1,1,14,1,17,0,2,0,0,2,1,3,14,1,19,0,0,0,19
12/14/2015,CPS,IL,AGL,CE,Towers with Radar,0,3,19,4,26,0,10,22,0,32,0,13,41,4,58,109,0,109,167
12/15/2015,CPS,IL,AGL,CE,Towers with Radar,0,9,27,4,40,0,4,25,0,29,0,13,52,4,69,208,0,208,277
12/16/2015,CPS,IL,AGL,CE,Towers with Radar,3,5,25,5,38,0,31,72,0,103,3,36,97,5,141,231,0,231,372
12/17/2015,CPS,IL,AGL,CE,Towers with Radar,1,10,41,0,52,0,22,66,0,88,1,32,107,0,140,251,0,251,391
12/18/2015,CPS,IL,AGL,CE,Towers with Radar,0,8,29,0,37,0,21,70,0,91,0,29,99,0,128,216,0,216,344
12/19/2015,CPS,IL,AGL,CE,Towers with Radar,1,1,15,0,17,0,6,99,0,105,1,7,114,0,122,420,0,420,542
12/20/2015,CPS,IL,AGL,CE,Towers with Radar,0,4,17,3,24,0,10,31,1,42,0,14,48,4,66,63,0,63,129
12/21/2015,CPS,IL,AGL,CE,Towers with Radar,0,14,17,0,31,0,6,26,0,32,0,20,43,0,63,66,0,66,129
12/22/2015,CPS,IL,AGL,CE,Towers with Radar,0,8,15,0,23,0,8,29,0,37,0,16,44,0,60,299,0,299,359
12/23/2015,CPS,IL,AGL,CE,Towers with Radar,0,5,5,6,16,0,3,17,0,20,0,8,22,6,36,2,0,2,38
12/24/2015,CPS,IL,AGL,CE,Towers with Radar,0,2,3,0,5,0,5,28,0,33,0,7,31,0,38,73,0,73,111
12/25/2015,CPS,IL,AGL,CE,Towers with Radar,0,2,5,0,7,0,3,16,0,19,0,5,21,0,26,0,0,0,26
12/26/2015,CPS,IL,AGL,CE,Towers with Radar,0,2,5,0,7,0,0,0,0,0,0,2,5,0,7,0,0,0,7
12/27/2015,CPS,IL,AGL,CE,Towers with Radar,0,0,4,0,4,0,0,2,0,2,0,0,6,0,6,0,0,0,6
12/28/2015,CPS,IL,AGL,CE,Towers with Radar,0,4,7,2,13,0,0,10,0,10,0,4,17,2,23,0,0,0,23
12/29/2015,CPS,IL,AGL,CE,Towers with Radar,2,5,16,1,24,0,7,75,1,83,2,12,91,2,107,155,0,155,262
12/30/2015,CPS,IL,AGL,CE,Towers with Radar,2,1,17,6,26,0,9,52,0,61,2,10,69,6,87,164,0,164,251
12/31/2015,CPS,IL,AGL,CE,Towers with Radar,1,5,14,0,20,0,21,92,0,113,1,26,106,0,133,124,0,124,257
01/01/2016,CPS,IL,AGL,CE,Towers with Radar,0,1,8,0,9,0,0,46,0,46,0,1,54,0,55,79,0,79,134
01/02/2016,CPS,IL,AGL,CE,Towers with Radar,0,3,7,0,10,0,4,79,0,83,0,7,86,0,93,138,0,138,231
01/03/2016,CPS,IL,AGL,CE,Towers with Radar,0,2,17,0,19,0,4,48,0,52,0,6,65,0,71,102,0,102,173
01/04/2016,CPS,IL,AGL,CE,Towers with Radar,2,1,26,5,34,0,8,71,0,79,2,9,97,5,113,251,0,251,364
01/05/2016,CPS,IL,AGL,CE,Towers with Radar,0,4,21,3,28,0,25,51,0,76,0,29,72,3,104,172,0,172,276
01/06/2016,CPS,IL,AGL,CE,Towers with Radar,0,7,32,7,46,0,9,59,0,68,0,16,91,7,114,146,0,146,260
01/07/2016,CPS,IL,AGL,CE,Towers with Radar,0,5,18,2,25,0,7,32,0,39,0,12,50,2,64,105,0,105,169
01/08/2016,CPS,IL,AGL,CE,Towers with Radar,0,4,14,0,18,0,3,21,0,24,0,7,35,0,42,91,0,91,133
01/09/2016,CPS,IL,AGL,CE,Towers with Radar,0,4,2,0,6,0,0,1,0,1,0,4,3,0,7,0,0,0,7
01/10/2016,CPS,IL,AGL,CE,Towers with Radar,0,2,9,0,11,0,10,26,0,36,0,12,35,0,47,70,0,70,117
01/11/2016,CPS,IL,AGL,CE,Towers with Radar,1,5,21,5,32,0,13,51,2,66,1,18,72,7,98,111,10,121,219
01/12/2016,CPS,IL,AGL,CE,Towers with Radar,0,7,23,2,32,0,22,53,0,75,0,29,76,2,107,238,0,238,345
01/13/2016,CPS,IL,AGL,CE,Towers with Radar,4,6,33,0,43,0,52,74,1,127,4,58,107,1,170,360,0,360,530
01/14/2016,CPS,IL,AGL,CE,Towers with Radar,1,7,35,1,44,0,48,80,4,132,1,55,115,5,176,315,0,315,491
01/15/2016,CPS,IL,AGL,CE,Towers with Radar,2,6,31,3,42,0,11,14,0,25,2,17,45,3,67,123,0,123,190
01/16/2016,CPS,IL,AGL,CE,Towers with Radar,1,10,21,0,32,0,12,39,0,51,1,22,60,0,83,263,0,263,346
01/17/2016,CPS,IL,AGL,CE,Towers with Radar,1,2,9,0,12,0,1,19,0,20,1,3,28,0,32,152,0,152,184
01/18/2016,CPS,IL,AGL,CE,Towers with Radar,0,0,10,0,10,0,13,75,1,89,0,13,85,1,99,229,0,229,328
01/19/2016,CPS,IL,AGL,CE,Towers with Radar,0,2,22,1,25,0,18,22,0,40,0,20,44,1,65,181,0,181,246
01/20/2016,CPS,IL,AGL,CE,Towers with Radar,0,2,14,2,18,0,3,28,0,31,0,5,42,2,49,131,0,131,180
01/21/2016,CPS,IL,AGL,CE,Towers with Radar,0,5,23,1,29,0,27,48,0,75,0,32,71,1,104,259,0,259,363
01/22/2016,CPS,IL,AGL,CE,Towers with Radar,0,3,18,3,24,0,34,39,0,73,0,37,57,3,97,172,0,172,269
01/23/2016,CPS,IL,AGL,CE,Towers with Radar,0,4,18,0,22,0,33,52,0,85,0,37,70,0,107,210,0,210,317
01/24/2016,CPS,IL,AGL,CE,Towers with Radar,0,3,14,0,17,0,22,34,0,56,0,25,48,0,73,162,0,162,235
01/25/2016,CPS,IL,AGL,CE,Towers with Radar,0,5,11,0,16,0,6,29,0,35,0,11,40,0,51,113,11,124,175
01/26/2016,CPS,IL,AGL,CE,Towers with Radar,0,10,14,2,26,0,28,35,0,63,0,38,49,2,89,288,0,288,377
01/27/2016,CPS,IL,AGL,CE,Towers with Radar,0,12,18,0,30,0,50,39,0,89,0,62,57,0,119,302,0,302,421
01/28/2016,CPS,IL,AGL,CE,Towers with Radar,0,13,22,3,38,0,37,62,2,101,0,50,84,5,139,197,0,197,336
01/29/2016,CPS,IL,AGL,CE,Towers with Radar,0,10,29,2,41,0,34,64,2,100,0,44,93,4,141,248,0,248,389
01/30/2016,CPS,IL,AGL,CE,Towers with Radar,0,4,19,0,23,0,32,83,0,115,0,36,102,0,138,230,0,230,368
01/31/2016,CPS,IL,AGL,CE,Towers with Radar,0,1,9,3,13,0,7,51,0,58,0,8,60,3,71,163,0,163,234
02/01/2016,CPS,IL,AGL,CE,Towers with Radar,0,7,26,2,35,0,28,41,0,69,0,35,67,2,104,167,0,167,271
02/02/2016,CPS,IL,AGL,CE,Towers with Radar,0,13,11,0,24,0,12,37,0,49,0,25,48,0,73,14,0,14,87
02/03/2016,CPS,IL,AGL,CE,Towers with Radar,0,5,23,6,34,0,10,24,0,34,0,15,47,6,68,81,12,93,161
02/04/2016,CPS,IL,AGL,CE,Towers with Radar,0,9,54,1,64,0,49,77,2,128,0,58,131,3,192,244,0,244,436
02/05/2016,CPS,IL,AGL,CE,Towers with Radar,0,18,38,0,56,0,45,55,1,101,0,63,93,1,157,249,0,249,406
02/06/2016,CPS,IL,AGL,CE,Towers with Radar,1,1,14,1,17,0,14,78,0,92,1,15,92,1,109,209,0,209,318
02/07/2016,CPS,IL,AGL,CE,Towers with Radar,2,0,26,0,28,0,2,25,0,27,2,2,51,0,55,47,0,47,102
02/08/2016,CPS,IL,AGL,CE,Towers with Radar,2,3,25,0,30,0,0,1,0,1,2,3,26,0,31,12,0,12,43
02/09/2016,CPS,IL,AGL,CE,Towers with Radar,1,1,22,0,24,0,0,16,0,16,1,1,38,0,40,0,0,0,40
02/10/2016,CPS,IL,AGL,CE,Towers with Radar,0,3,53,0,56,0,16,34,0,50,0,19,87,0,106,150,0,150,256
02/11/2016,CPS,IL,AGL,CE,Towers with Radar,0,1,42,0,43,0,28,57,1,86,0,29,99,1,129,231,0,231,360
02/12/2016,CPS,IL,AGL,CE,Towers with Radar,0,2,40,0,42,0,6,31,0,37,0,8,71,0,79,190,0,190,269
02/13/2016,CPS,IL,AGL,CE,Towers with Radar,0,5,26,0,31,0,28,54,0,82,0,33,80,0,113,172,0,172,285
02/14/2016,CPS,IL,AGL,CE,Towers with Radar,0,2,7,0,9,0,0,8,0,8,0,2,15,0,17,0,0,0,17
02/15/2016,CPS,IL,AGL,CE,Towers with Radar,0,6,17,0,23,0,5,38,0,43,0,11,55,0,66,70,0,70,136
02/16/2016,CPS,IL,AGL,CE,Towers with Radar,0,2,22,3,27,0,1,10,0,11,0,3,32,3,38,3,0,3,41
02/17/2016,CPS,IL,AGL,CE,Towers with Radar,1,7,25,6,39,0,44,85,1,130,1,51,110,7,169,230,0,230,399
02/18/2016,CPS,IL,AGL,CE,Towers with Radar,1,4,39,0,44,0,31,55,8,94,1,35,94,8,138,108,0,108,246
02/19/2016,CPS,IL,AGL,CE,Towers with Radar,0,9,13,2,24,0,13,21,0,34,0,22,34,2,58,58,0,58,116
02/20/2016,CPS,IL,AGL,CE,Towers with Radar,0,5,11,0,16,0,24,113,1,138,0,29,124,1,154,329,0,329,483
02/21/2016,CPS,IL,AGL,CE,Towers with Radar,0,5,22,1,28,0,19,82,1,102,0,24,104,2,130,294,0,294,424
02/22/2016,CPS,IL,AGL,CE,Towers with Radar,0,5,21,4,30,0,22,66,1,89,0,27,87,5,119,357,0,357,476
02/23/2016,CPS,IL,AGL,CE,Towers with Radar,0,12,30,0,42,0,20,75,0,95,0,32,105,0,137,296,0,296,433
02/24/2016,CPS,IL,AGL,CE,Towers with Radar,2,0,7,0,9,0,4,17,0,21,2,4,24,0,30,0,0,0,30
02/25/2016,CPS,IL,AGL,CE,Towers with Radar,1,5,46,0,52,0,27,80,0,107,1,32,126,0,159,282,0,282,441
02/26/2016,CPS,IL,AGL,CE,Towers with Radar,0,6,39,3,48,0,38,99,3,140,0,44,138,6,188,414,0,414,602
02/27/2016,CPS,IL,AGL,CE,Towers with Radar,0,2,15,0,17,0,25,93,0,118,0,27,108,0,135,202,0,202,337
02/28/2016,CPS,IL,AGL,CE,Towers with Radar,0,2,14,0,16,0,10,18,0,28,0,12,32,0,44,12,0,12,56
02/29/2016,CPS,IL,AGL,CE,Towers with Radar,0,11,27,1,39,0,34,72,0,106,0,45,99,1,145,173,0,173,318
03/01/2016,CPS,IL,AGL,CE,Towers with Radar,0,3,12,0,15,0,4,12,0,16,0,7,24,0,31,26,0,26,57
03/02/2016,CPS,IL,AGL,CE,Towers with Radar,0,4,20,0,24,0,47,53,0,100,0,51,73,0,124,173,0,173,297
03/03/2016,CPS,IL,AGL,CE,Towers with Radar,0,5,24,0,29,0,3,26,0,29,0,8,50,0,58,52,0,52,110
03/04/2016,CPS,IL,AGL,CE,Towers with Radar,0,6,32,0,38,0,8,51,1,60,0,14,83,1,98,114,0,114,212
03/05/2016,CPS,IL,AGL,CE,Towers with Radar,0,6,23,0,29,0,25,68,1,94,0,31,91,1,123,183,0,183,306
03/06/2016,CPS,IL,AGL,CE,Towers with Radar,1,1,47,0,49,0,7,54,0,61,1,8,101,0,110,298,0,298,408
03/07/2016,CPS,IL,AGL,CE,Towers with Radar,0,8,31,4,43,0,14,29,0,43,0,22,60,4,86,91,0,91,177
03/08/2016,CPS,IL,AGL,CE,Towers with Radar,4,7,25,0,36,0,9,40,0,49,4,16,65,0,85,67,0,67,152
03/09/2016,CPS,IL,AGL,CE,Towers with Radar,1,7,16,0,24,0,4,14,0,18,1,11,30,0,42,118,0,118,160
03/10/2016,CPS,IL,AGL,CE,Towers with Radar,2,4,20,1,27,0,11,31,0,42,2,15,51,1,69,107,0,107,176
03/11/2016,CPS,IL,AGL,CE,Towers with Radar,1,9,35,1,46,0,24,65,0,89,1,33,100,1,135,200,0,200,335
03/12/2016,CPS,IL,AGL,CE,Towers with Radar,0,4,15,0,19,0,1,0,0,1,0,5,15,0,20,0,0,0,20
03/13/2016,CPS,IL,AGL,CE,Towers with Radar,0,0,14,0,14,0,5,8,0,13,0,5,22,0,27,38,0,38,65
03/14/2016,CPS,IL,AGL,CE,Towers with Radar,0,0,19,0,19,0,6,45,0,51,0,6,64,0,70,193,0,193,263
03/15/2016,CPS,IL,AGL,CE,Towers with Radar,0,6,22,1,29,0,43,61,0,104,0,49,83,1,133,263,0,263,396
03/16/2016,CPS,IL,AGL,CE,Towers with Radar,2,8,18,3,31,0,39,47,3,89,2,47,65,6,120,174,0,174,294
03/17/2016,CPS,IL,AGL,CE,Towers with Radar,0,16,39,0,55,0,51,88,0,139,0,67,127,0,194,338,0,338,532
03/18/2016,CPS,IL,AGL,CE,Towers with Radar,2,23,70,3,98,0,28,64,0,92,2,51,134,3,190,286,0,286,476
03/19/2016,CPS,IL,AGL,CE,Towers with Radar,1,4,13,0,18,0,16,57,0,73,1,20,70,0,91,160,0,160,251
03/20/2016,CPS,IL,AGL,CE,Towers with Radar,0,4,24,1,29,0,1,32,1,34,0,5,56,2,63,157,0,157,220
03/21/2016,CPS,IL,AGL,CE,Towers with Radar,0,5,26,2,33,0,24,61,0,85,0,29,87,2,118,232,0,232,350
03/22/2016,CPS,IL,AGL,CE,Towers with Radar,0,2,18,17,37,0,8,32,2,42,0,10,50,19,79,25,0,25,104
03/23/2016,CPS,IL,AGL,CE,Towers with Radar,1,9,18,0,28,0,6,35,0,41,1,15,53,0,69,69,0,69,138
03/24/2016,CPS,IL,AGL,CE,Towers with Radar,0,7,19,4,30,0,10,31,0,41,0,17,50,4,71,29,0,29,100
03/25/2016,CPS,IL,AGL,CE,Towers with Radar,1,6,35,4,46,0,28,82,0,110,1,34,117,4,156,186,0,186,342
03/26/2016,CPS,IL,AGL,CE,Towers with Radar,0,7,20,0,27,0,16,92,0,108,0,23,112,0,135,197,0,197,332
03/27/2016,CPS,IL,AGL,CE,Towers with Radar,0,7,13,0,20,0,4,20,0,24,0,11,33,0,44,27,0,27,71
03/28/2016,CPS,IL,AGL,CE,Towers with Radar,0,9,26,0,35,0,21,63,1,85,0,30,89,1,120,288,0,288,408
03/29/2016,CPS,IL,AGL,CE,Towers with Radar,0,6,31,0,37,0,40,65,0,105,0,46,96,0,142,297,0,297,439
03/30/2016,CPS,IL,AGL,CE,Towers with Radar,0,2,29,0,31,0,12,23,0,35,0,14,52,0,66,129,1,130,196
03/31/2016,CPS,IL,AGL,CE,Towers with Radar,2,6,25,0,33,0,23,28,2,53,2,29,53,2,86,43,0,43,129
04/01/2016,CPS,IL,AGL,CE,Towers with Radar,1,6,38,0,45,0,34,82,1,117,1,40,120,1,162,214,0,214,376
04/02/2016,CPS,IL,AGL,CE,Towers with Radar,0,8,17,2,27,0,5,31,0,36,0,13,48,2,63,45,0,45,108
04/03/2016,CPS,IL,AGL,CE,Towers with Radar,1,3,27,0,31,0,15,45,0,60,1,18,72,0,91,124,0,124,215
04/04/2016,CPS,IL,AGL,CE,Towers with Radar,0,11,31,2,44,0,49,72,0,121,0,60,103,2,165,161,0,161,326
04/05/2016,CPS,IL,AGL,CE,Towers with Radar,0,13,27,0,40,0,47,58,14,119,0,60,85,14,159,162,0,162,321
04/06/2016,CPS,IL,AGL,CE,Towers with Radar,0,10,22,0,32,0,9,23,0,32,0,19,45,0,64,0,0,0,64
04/07/2016,CPS,IL,AGL,CE,Towers with Radar,0,6,32,0,38,0,24,35,0,59,0,30,67,0,97,133,0,133,230
04/08/2016,CPS,IL,AGL,CE,Towers with Radar,2,2,41,0,45,0,22,54,0,76,2,24,95,0,121,90,0,90,211
04/09/2016,CPS,IL,AGL,CE,Towers with Radar,0,4,23,0,27,0,52,82,0,134,0,56,105,0,161,196,0,196,357
04/10/2016,CPS,IL,AGL,CE,Towers with Radar,4,4,20,0,28,0,6,13,0,19,4,10,33,0,47,11,0,11,58
04/11/2016,CPS,IL,AGL,CE,Towers with Radar,0,14,43,0,57,0,18,31,0,49,0,32,74,0,106,101,0,101,207
04/12/2016,CPS,IL,AGL,CE,Towers with Radar,2,5,48,2,57,0,49,82,0,131,2,54,130,2,188,224,0,224,412
04/13/2016,CPS,IL,AGL,CE,Towers with Radar,1,9,43,2,55,0,43,95,0,138,1,52,138,2,193,366,0,366,559
04/14/2016,CPS,IL,AGL,CE,Towers with Radar,2,14,33,3,52,0,30,102,0,132,2,44,135,3,184,133,0,133,317
04/15/2016,CPS,IL,AGL,CE,Towers with Radar,0,6,31,1,38,0,54,92,2,148,0,60,123,3,186,243,4,247,433
04/16/2016,CPS,IL,AGL,CE,Towers with Radar,0,11,41,1,53,0,53,159,1,213,0,64,200,2,266,160,0,160,426
04/17/2016,CPS,IL,AGL,CE,Towers with Radar,0,2,25,0,27,0,14,86,2,102,0,16,111,2,129,90,0,90,219
04/18/2016,CPS,IL,AGL,CE,Towers with Radar,0,5,28,0,33,0,29,68,0,97,0,34,96,0,130,270,0,270,400
04/19/2016,CPS,IL,AGL,CE,Towers with Radar,0,2,22,0,24,0,29,52,0,81,0,31,74,0,105,192,0,192,297
04/20/2016,CPS,IL,AGL,CE,Towers with Radar,2,8,28,0,38,0,6,21,2,29,2,14,49,2,67,18,0,18,85
04/21/2016,CPS,IL,AGL,CE,Towers with Radar,3,7,27,1,38,0,20,62,0,82,3,27,89,1,120,160,0,160,280
04/22/2016,CPS,IL,AGL,CE,Towers with Radar,0,9,31,1,41,0,35,84,0,119,0,44,115,1,160,171,0,171,331
04/23/2016,CPS,IL,AGL,CE,Towers with Radar,0,1,20,0,21,0,31,93,0,124,0,32,113,0,145,168,0,168,313
04/24/2016,CPS,IL,AGL,CE,Towers with Radar,1,4,24,0,29,0,10,58,2,70,1,14,82,2,99,118,0,118,217
04/25/2016,CPS,IL,AGL,CE,Towers with Radar,0,9,38,0,47,0,18,43,2,63,0,27,81,2,110,146,0,146,256
04/26/2016,CPS,IL,AGL,CE,Towers with Radar,0,6,23,2,31,0,14,38,1,53,0,20,61,3,84,72,0,72,156
04/27/2016,CPS,IL,AGL,CE,Towers with Radar,0,14,19,0,33,0,12,40,0,52,0,26,59,0,85,87,0,87,172
04/28/2016,CPS,IL,AGL,CE,Towers with Radar,0,13,41,2,56,0,76,123,0,199,0,89,164,2,255,203,0,203,458
04/29/2016,CPS,IL,AGL,CE,Towers with Radar,0,10,42,3,55,0,35,69,1,105,0,45,111,4,160,270,0,270,430
04/30/2016,CPS,IL,AGL,CE,Towers with Radar,0,7,14,0,21,0,0,4,0,4,0,7,18,0,25,0,0,0,25
05/01/2016,CPS,IL,AGL,CE,Towers with Radar,2,0,39,0,41,0,6,13,0,19,2,6,52,0,60,64,0,64,124
05/02/2016,CPS,IL,AGL,CE,Towers with Radar,0,6,25,0,31,0,8,41,0,49,0,14,66,0,80,228,0,228,308
05/03/2016,CPS,IL,AGL,CE,Towers with Radar,0,13,23,0,36,3,44,59,0,106,3,57,82,0,142,223,0,223,365
05/04/2016,CPS,IL,AGL,CE,Towers with Radar,0,9,34,0,43,0,23,67,2,92,0,32,101,2,135,206,0,206,341
05/05/2016,CPS,IL,AGL,CE,Towers with Radar,2,23,46,0,71,0,27,99,1,127,2,50,145,1,198,168,0,168,366
05/06/2016,CPS,IL,AGL,CE,Towers with Radar,0,14,41,2,57,0,44,98,0,142,0,58,139,2,199,214,0,214,413
05/07/2016,CPS,IL,AGL,CE,Towers with Radar,0,8,22,2,32,0,11,62,0,73,0,19,84,2,105,120,0,120,225
05/08/2016,CPS,IL,AGL,CE,Towers with Radar,2,2,24,1,29,0,2,14,1,17,2,4,38,2,46,20,0,20,66
05/09/2016,CPS,IL,AGL,CE,Towers with Radar,4,6,26,0,36,0,13,28,0,41,4,19,54,0,77,115,0,115,192
05/10/2016,CPS,IL,AGL,CE,Towers with Radar,0,5,37,0,42,0,17,45,2,64,0,22,82,2,106,149,0,149,255
05/11/2016,CPS,IL,AGL,CE,Towers with Radar,0,8,26,1,35,0,2,25,0,27,0,10,51,1,62,8,0,8,70
05/12/2016,CPS,IL,AGL,CE,Towers with Radar,0,9,32,0,41,0,28,35,0,63,0,37,67,0,104,197,0,197,301
05/13/2016,CPS,IL,AGL,CE,Towers with Radar,0,9,45,1,55,1,15,96,7,119,1,24,141,8,174,168,0,168,342
05/14/2016,CPS,IL,AGL,CE,Towers with Radar,1,5,28,0,34,0,18,43,3,64,1,23,71,3,98,34,0,34,132
05/15/2016,CPS,IL,AGL,CE,Towers with Radar,2,7,32,1,42,0,20,78,4,102,2,27,110,5,144,65,0,65,209
05/16/2016,CPS,IL,AGL,CE,Towers with Radar,0,6,27,0,33,0,25,49,2,76,0,31,76,2,109,219,0,219,328
05/17/2016,CPS,IL,AGL,CE,Towers with Radar,0,8,42,0,50,0,1,6,0,7,0,9,48,0,57,24,0,24,81
05/18/2016,CPS,IL,AGL,CE,Towers with Radar,1,4,37,0,42,0,20,82,0,102,1,24,119,0,144,270,0,270,414
05/19/2016,CPS,IL,AGL,CE,Towers with Radar,2,9,60,2,73,0,28,109,1,138,2,37,169,3,211,386,0,386,597
05/20/2016,CPS,IL,AGL,CE,Towers with Radar,0,4,31,0,35,0,29,109,2,140,0,33,140,2,175,337,0,337,512
05/21/2016,CPS,IL,AGL,CE,Towers with Radar,0,1,37,0,38,0,23,100,0,123,0,24,137,0,161,166,0,166,327
05/22/2016,CPS,IL,AGL,CE,Towers with Radar,3,1,26,0,30,0,17,78,0,95,3,18,104,0,125,98,2,100,225
05/23/2016,CPS,IL,AGL,CE,Towers with Radar,0,3,38,1,42,0,24,73,1,98,0,27,111,2,140,302,0,302,442
05/24/2016,CPS,IL,AGL,CE,Towers with Radar,2,3,26,0,31,1,22,63,2,88,3,25,89,2,119,173,0,173,292
05/25/2016,CPS,IL,AGL,CE,Towers with Radar,1,6,39,2,48,0,15,43,3,61,1,21,82,5,109,287,0,287,396
05/26/2016,CPS,IL,AGL,CE,Towers with Radar,0,0,41,0,41,0,14,63,1,78,0,14,104,1,119,149,0,149,268
05/27/2016,CPS,IL,AGL,CE,Towers with Radar,0,1,28,1,30,0,10,19,0,29,0,11,47,1,59,58,0,58,117
05/28/2016,CPS,IL,AGL,CE,Towers with Radar,0,0,6,0,6,0,21,52,0,73,0,21,58,0,79,160,0,160,239
05/29/2016,CPS,IL,AGL,CE,Towers with Radar,0,1,15,0,16,0,30,44,0,74,0,31,59,0,90,180,0,180,270
05/30/2016,CPS,IL,AGL,CE,Towers with Radar,0,1,18,0,19,0,6,42,0,48,0,7,60,0,67,175,0,175,242
05/31/2016,CPS,IL,AGL,CE,Towers with Radar,0,1,25,0,26,0,19,66,0,85,0,20,91,0,111,214,0,214,325
06/01/2016,CPS,IL,AGL,CE,Towers with Radar,2,7,22,2,33,0,14,55,0,69,2,21,77,2,102,202,0,202,304
06/02/2016,CPS,IL,AGL,CE,Towers with Radar,1,11,27,0,39,0,50,74,0,124,1,61,101,0,163,354,0,354,517
06/03/2016,CPS,IL,AGL,CE,Towers with Radar,0,7,32,3,42,0,31,67,1,99,0,38,99,4,141,267,14,281,422
06/04/2016,CPS,IL,AGL,CE,Towers with Radar,2,5,14,1,22,0,14,30,0,44,2,19,44,1,66,118,0,118,184
06/05/2016,CPS,IL,AGL,CE,Towers with Radar,2,2,27,1,32,0,19,50,4,73,2,21,77,5,105,139,0,139,244
06/06/2016,CPS,IL,AGL,CE,Towers with Radar,1,5,36,1,43,0,40,57,0,97,1,45,93,1,140,337,0,337,477
06/07/2016,CPS,IL,AGL,CE,Towers with Radar,1,9,44,1,55,0,33,69,1,103,1,42,113,2,158,213,0,213,371
06/08/2016,CPS,IL,AGL,CE,Towers with Radar,0,9,22,2,33,0,29,71,0,100,0,38,93,2,133,273,0,273,406
06/09/2016,CPS,IL,AGL,CE,Towers with Radar,0,0,42,5,47,0,37,75,3,115,0,37,117,8,162,349,0,349,511
06/10/2016,CPS,IL,AGL,CE,Towers with Radar,0,2,20,4,26,0,30,94,9,133,0,32,114,13,159,192,5,197,356
06/11/2016,CPS,IL,AGL,CE,Towers with Radar,0,4,16,12,32,0,13,59,5,77,0,17,75,17,109,93,6,99,208
06/12/2016,CPS,IL,AGL,CE,Towers with Radar,0,1,26,0,27,0,6,125,0,131,0,7,151,0,158,126,0,126,284
06/13/2016,CPS,IL,AGL,CE,Towers with Radar,0,4,29,0,33,0,17,83,1,101,0,21,112,1,134,173,0,173,307
06/14/2016,CPS,IL,AGL,CE,Towers with Radar,0,4,26,0,30,0,19,75,1,95,0,23,101,1,125,261,0,261,386
06/15/2016,CPS,IL,AGL,CE,Towers with Radar,0,1,44,1,46,0,38,57,5,100,0,39,101,6,146,279,0,279,425
06/16/2016,CPS,IL,AGL,CE,Towers with Radar,0,8,48,2,58,0,29,80,3,112,0,37,128,5,170,232,0,232,402
06/17/2016,CPS,IL,AGL,CE,Towers with Radar,1,4,42,0,47,0,28,92,0,120,1,32,134,0,167,328,0,328,495
06/18/2016,CPS,IL,AGL,CE,Towers with Radar,0,11,33,0,44,0,12,87,0,99,0,23,120,0,143,134,0,134,277
06/19/2016,CPS,IL,AGL,CE,Towers with Radar,1,3,33,0,37,0,21,61,0,82,1,24,94,0,119,183,0,183,302
06/20/2016,CPS,IL,AGL,CE,Towers with Radar,0,5,33,0,38,0,14,68,0,82,0,19,101,0,120,309,0,309,429
06/21/2016,CPS,IL,AGL,CE,Towers with Radar,0,6,30,1,37,0,19,53,0,72,0,25,83,1,109,304,0,304,413
06/22/2016,CPS,IL,AGL,CE,Towers with Radar,0,4,20,2,26,0,27,69,0,96,0,31,89,2,122,364,0,364,486
06/23/2016,CPS,IL,AGL,CE,Towers with Radar,0,1,26,2,29,0,24,67,1,92,0,25,93,3,121,232,0,232,353
06/24/2016,CPS,IL,AGL,CE,Towers with Radar,0,3,47,2,52,0,23,82,1,106,0,26,129,3,158,291,2,293,451
06/25/2016,CPS,IL,AGL,CE,Towers with Radar,0,1,39,0,40,0,7,66,0,73,0,8,105,0,113,119,0,119,232
06/26/2016,CPS,IL,AGL,CE,Towers with Radar,0,6,16,0,22,0,7,19,1,27,0,13,35,1,49,27,0,27,76
06/27/2016,CPS,IL,AGL,CE,Towers with Radar,0,7,52,1,60,0,24,85,0,109,0,31,137,1,169,263,0,263,432
06/28/2016,CPS,IL,AGL,CE,Towers with Radar,0,5,32,0,37,0,55,94,4,153,0,60,126,4,190,223,0,223,413
06/29/2016,CPS,IL,AGL,CE,Towers with Radar,0,10,54,0,64,0,36,98,1,135,0,46,152,1,199,193,0,193,392
06/30/2016,CPS,IL,AGL,CE,Towers with Radar,2,2,45,0,49,0,15,81,1,97,2,17,126,1,146,249,0,249,395
07/01/2016,CPS,IL,AGL,CE,Towers with Radar,0,6,31,2,39,0,26,68,1,95,0,32,99,3,134,168,2,170,304
07/02/2016,CPS,IL,AGL,CE,Towers with Radar,0,3,2,0,5,0,3,27,0,30,0,6,29,0,35,27,0,27,62
07/03/2016,CPS,IL,AGL,CE,Towers with Radar,2,0,4,0,6,0,0,0,0,0,2,0,4,0,6,0,0,0,6
07/04/2016,CPS,IL,AGL,CE,Towers with Radar,0,4,12,0,16,0,9,14,3,26,0,13,26,3,42,52,0,52,94
07/05/2016,CPS,IL,AGL,CE,Towers with Radar,0,6,32,2,40,0,29,45,1,75,0,35,77,3,115,280,0,280,395
07/06/2016,CPS,IL,AGL,CE,Towers with Radar,0,1,35,1,37,0,2,30,1,33,0,3,65,2,70,89,0,89,159
07/07/2016,CPS,IL,AGL,CE,Towers with Radar,1,0,33,4,38,0,15,35,2,52,1,15,68,6,90,93,0,93,183
07/08/2016,CPS,IL,AGL,CE,Towers with Radar,0,5,39,0,44,0,30,102,1,133,0,35,141,1,177,272,0,272,449
07/09/2016,CPS,IL,AGL,CE,Towers with Radar,0,1,18,4,23,0,16,98,0,114,0,17,116,4,137,164,4,168,305
07/10/2016,CPS,IL,AGL,CE,Towers with Radar,2,0,42,0,44,0,15,83,0,98,2,15,125,0,142,139,0,139,281
07/11/2016,CPS,IL,AGL,CE,Towers with Radar,0,4,24,2,30,0,42,86,0,128,0,46,110,2,158,318,0,318,476
07/12/2016,CPS,IL,AGL,CE,Towers with Radar,0,4,18,3,25,0,10,48,1,59,0,14,66,4,84,196,0,196,280
07/13/2016,CPS,IL,AGL,CE,Towers with Radar,0,6,16,0,22,0,20,50,4,74,0,26,66,4,96,80,0,80,176
07/14/2016,CPS,IL,AGL,CE,Towers with Radar,0,8,34,0,42,0,26,65,2,93,0,34,99,2,135,369,0,369,504
07/15/2016,CPS,IL,AGL,CE,Towers with Radar,0,13,30,3,46,0,17,115,1,133,0,30,145,4,179,370,0,370,549
07/16/2016,CPS,IL,AGL,CE,Towers with Radar,0,1,35,0,36,0,17,88,2,107,0,18,123,2,143,175,0,175,318
07/17/2016,CPS,IL,AGL,CE,Towers with Radar,0,3,21,0,24,0,9,66,2,77,0,12,87,2,101,66,0,66,167
07/18/2016,CPS,IL,AGL,CE,Towers with Radar,0,2,21,1,24,0,17,70,2,89,0,19,91,3,113,287,0,287,400
07/19/2016,CPS,IL,AGL,CE,Towers with Radar,0,9,22,3,34,0,4,65,1,70,0,13,87,4,104,140,0,140,244
07/20/2016,CPS,IL,AGL,CE,Towers with Radar,0,10,24,2,36,0,17,50,0,67,0,27,74,2,103,174,0,174,277
07/21/2016,CPS,IL,AGL,CE,Towers with Radar,1,7,27,7,42,0,50,103,1,154,1,57,130,8,196,275,8,283,479
07/22/2016,CPS,IL,AGL,CE,Towers with Radar,0,11,32,2,45,0,30,90,1,121,0,41,122,3,166,208,0,208,374
07/23/2016,CPS,IL,AGL,CE,Towers with Radar,0,1,36,0,37,0,15,80,0,95,0,16,116,0,132,108,0,108,240
07/24/2016,CPS,IL,AGL,CE,Towers with Radar,1,2,31,0,34,0,12,68,0,80,1,14,99,0,114,153,0,153,267
07/25/2016,CPS,IL,AGL,CE,Towers with Radar,0,2,24,1,27,0,19,42,0,61,0,21,66,1,88,171,0,171,259
07/26/2016,CPS,IL,AGL,CE,Towers with Radar,1,7,41,2,51,0,13,83,2,98,1,20,124,4,149,296,0,296,445
07/27/2016,CPS,IL,AGL,CE,Towers with Radar,0,3,20,2,25,0,18,69,1,88,0,21,89,3,113,329,0,329,442
07/28/2016,CPS,IL,AGL,CE,Towers with Radar,0,4,36,1,41,0,32,76,0,108,0,36,112,1,149,241,0,241,390
07/29/2016,CPS,IL,AGL,CE,Towers with Radar,0,4,35,9,48,0,23,90,1,114,0,27,125,10,162,231,0,231,393
07/30/2016,CPS,IL,AGL,CE,Towers with Radar,0,1,20,2,23,0,27,70,0,97,0,28,90,2,120,197,0,197,317
07/31/2016,CPS,IL,AGL,CE,Towers with Radar,0,5,23,2,30,0,13,42,0,55,0,18,65,2,85,16,0,16,101
08/01/2016,CPS,IL,AGL,CE,Towers with Radar,0,3,28,0,31,0,14,52,0,66,0,17,80,0,97,215,0,215,312
08/02/2016,CPS,IL,AGL,CE,Towers with Radar,0,4,35,0,39,0,12,50,0,62,0,16,85,0,101,236,0,236,337
08/03/2016,CPS,IL,AGL,CE,Towers with Radar,0,9,47,5,61,0,9,48,0,57,0,18,95,5,118,206,0,206,324
08/04/2016,CPS,IL,AGL,CE,Towers with Radar,2,4,31,6,43,0,32,50,3,85,2,36,81,9,128,228,0,228,356
08/05/2016,CPS,IL,AGL,CE,Towers with Radar,0,6,22,6,34,0,5,57,2,64,0,11,79,8,98,197,0,197,295
08/06/2016,CPS,IL,AGL,CE,Towers with Radar,0,4,20,0,24,0,17,101,0,118,0,21,121,0,142,184,0,184,326
08/07/2016,CPS,IL,AGL,CE,Towers with Radar,1,3,27,1,32,0,18,61,0,79,1,21,88,1,111,93,0,93,204
08/08/2016,CPS,IL,AGL,CE,Towers with Radar,0,5,27,4,36,0,32,66,3,101,0,37,93,7,137,334,0,334,471
08/09/2016,CPS,IL,AGL,CE,Towers with Radar,0,4,31,3,38,0,32,84,4,120,0,36,115,7,158,311,2,313,471
08/10/2016,CPS,IL,AGL,CE,Towers with Radar,1,5,33,0,39,0,30,86,0,116,1,35,119,0,155,292,0,292,447
08/11/2016,CPS,IL,AGL,CE,Towers with Radar,0,8,37,0,45,0,26,75,0,101,0,34,112,0,146,295,0,295,441
08/12/2016,CPS,IL,AGL,CE,Towers with Radar,0,8,25,0,33,0,26,66,0,92,0,34,91,0,125,245,0,245,370
08/13/2016,CPS,IL,AGL,CE,Towers with Radar,0,0,19,0,19,0,15,31,0,46,0,15,50,0,65,68,0,68,133
08/14/2016,CPS,IL,AGL,CE,Towers with Radar,0,2,13,0,15,0,0,7,0,7,0,2,20,0,22,10,0,10,32
08/15/2016,CPS,IL,AGL,CE,Towers with Radar,0,5,14,0,19,0,11,22,0,33,0,16,36,0,52,85,0,85,137
08/16/2016,CPS,IL,AGL,CE,Towers with Radar,0,6,23,0,29,0,13,53,0,66,0,19,76,0,95,369,0,369,464
08/17/2016,CPS,IL,AGL,CE,Towers with Radar,0,8,24,2,34,0,25,87,0,112,0,33,111,2,146,372,0,372,518
08/18/2016,CPS,IL,AGL,CE,Towers with Radar,0,10,39,0,49,0,23,102,1,126,0,33,141,1,175,311,0,311,486
08/19/2016,CPS,IL,AGL,CE,Towers with Radar,0,6,20,0,26,0,8,72,2,82,0,14,92,2,108,296,0,296,404
08/20/2016,CPS,IL,AGL,CE,Towers with Radar,0,0,9,1,10,0,9,42,0,51,0,9,51,1,61,49,0,49,110
08/21/2016,CPS,IL,AGL,CE,Towers with Radar,1,0,13,0,14,0,7,64,2,73,1,7,77,2,87,73,0,73,160
08/22/2016,CPS,IL,AGL,CE,Towers with Radar,0,6,24,0,30,0,15,69,1,85,0,21,93,1,115,195,0,195,310
08/23/2016,CPS,IL,AGL,CE,Towers with Radar,0,6,19,0,25,0,12,44,0,56,0,18,63,0,81,178,0,178,259
08/24/2016,CPS,IL,AGL,CE,Towers with Radar,0,3,39,0,42,0,15,65,0,80,0,18,104,0,122,248,0,248,370
08/25/2016,CPS,IL,AGL,CE,Towers with Radar,0,9,51,0,60,0,15,112,0,127,0,24,163,0,187,233,0,233,420
08/26/2016,CPS,IL,AGL,CE,Towers with Radar,0,2,27,6,35,0,32,80,0,112,0,34,107,6,147,327,0,327,474
08/27/2016,CPS,IL,AGL,CE,Towers with Radar,0,4,16,3,23,0,13,61,2,76,0,17,77,5,99,225,0,225,324
08/28/2016,CPS,IL,AGL,CE,Towers with Radar,2,6,39,0,47,0,11,90,1,102,2,17,129,1,149,91,0,91,240
08/29/2016,CPS,IL,AGL,CE,Towers with Radar,0,3,19,0,22,0,44,50,0,94,0,47,69,0,116,309,14,323,439
08/30/2016,CPS,IL,AGL,CE,Towers with Radar,0,5,21,0,26,0,22,47,0,69,0,27,68,0,95,169,0,169,264
08/31/2016,CPS,IL,AGL,CE,Towers with Radar,0,2,40,0,42,0,6,43,5,54,0,8,83,5,96,104,0,104,200
09/01/2016,CPS,IL,AGL,CE,Towers with Radar,0,6,49,0,55,0,44,93,3,140,0,50,142,3,195,214,0,214,409
09/02/2016,CPS,IL,AGL,CE,Towers with Radar,0,5,41,3,49,0,59,103,0,162,0,64,144,3,211,329,0,329,540
09/03/2016,CPS,IL,AGL,CE,Towers with Radar,0,3,17,0,20,0,43,56,0,99,0,46,73,0,119,160,0,160,279
09/04/2016,CPS,IL,AGL,CE,Towers with Radar,0,3,22,0,25,17,47,51,2,117,17,50,73,2,142,110,0,110,252
09/05/2016,CPS,IL,AGL,CE,Towers with Radar,0,4,20,0,24,0,30,58,0,88,0,34,78,0,112,85,0,85,197
09/06/2016,CPS,IL,AGL,CE,Towers with Radar,0,4,40,4,48,0,48,84,0,132,0,52,124,4,180,324,0,324,504
09/07/2016,CPS,IL,AGL,CE,Towers with Radar,0,4,50,1,55,0,34,100,2,136,0,38,150,3,191,321,0,321,512
09/08/2016,CPS,IL,AGL,CE,Towers with Radar,0,9,33,0,42,0,3,31,1,35,0,12,64,1,77,117,0,117,194
09/09/2016,CPS,IL,AGL,CE,Towers with Radar,0,4,17,1,22,0,2,28,0,30,0,6,45,1,52,38,0,38,90
09/10/2016,CPS,IL,AGL,CE,Towers with Radar,1,10,32,0,43,0,17,143,0,160,1,27,175,0,203,118,0,118,321
09/11/2016,CPS,IL,AGL,CE,Towers with Radar,2,8,39,1,50,0,0,99,0,99,2,8,138,1,149,160,0,160,309
09/12/2016,CPS,IL,AGL,CE,Towers with Radar,0,2,38,0,40,0,37,78,2,117,0,39,116,2,157,323,0,323,480
09/13/2016,CPS,IL,AGL,CE,Towers with Radar,0,17,58,2,77,0,37,77,0,114,0,54,135,2,191,435,0,435,626
09/14/2016,CPS,IL,AGL,CE,Towers with Radar,1,9,60,5,75,0,34,75,3,112,1,43,135,8,187,299,8,307,494
09/15/2016,CPS,IL,AGL,CE,Towers with Radar,0,3,27,5,35,0,22,84,2,108,0,25,111,7,143,279,0,279,422
09/16/2016,CPS,IL,AGL,CE,Towers with Radar,0,0,21,1,22,0,1,8,0,9,0,1,29,1,31,34,0,34,65
09/17/2016,CPS,IL,AGL,CE,Towers with Radar,0,7,13,0,20,0,9,62,1,72,0,16,75,1,92,238,0,238,330
09/18/2016,CPS,IL,AGL,CE,Towers with Radar,0,3,29,2,34,0,24,72,0,96,0,27,101,2,130,243,0,243,373
09/19/2016,CPS,IL,AGL,CE,Towers with Radar,0,2,24,2,28,0,40,69,2,111,0,42,93,4,139,334,0,334,473
09/20/2016,CPS,IL,AGL,CE,Towers with Radar,0,8,27,0,35,0,62,62,2,126,0,70,89,2,161,318,0,318,479
09/21/2016,CPS,IL,AGL,CE,Towers with Radar,0,3,30,2,35,0,67,76,1,144,0,70,106,3,179,362,0,362,541
09/22/2016,CPS,IL,AGL,CE,Towers with Radar,0,11,31,0,42,0,40,65,2,107,0,51,96,2,149,209,0,209,358
09/23/2016,CPS,IL,AGL,CE,Towers with Radar,0,8,41,1,50,0,43,90,0,133,0,51,131,1,183,260,0,260,443
09/24/2016,CPS,IL,AGL,CE,Towers with Radar,0,3,23,1,27,0,36,86,1,123,0,39,109,2,150,200,0,200,350
09/25/2016,CPS,IL,AGL,CE,Towers with Radar,4,5,29,0,38,0,13,38,0,51,4,18,67,0,89,79,0,79,168
09/26/2016,CPS,IL,AGL,CE,Towers with Radar,0,0,26,0,26,0,32,83,0,115,0,32,109,0,141,154,0,154,295
09/27/2016,CPS,IL,AGL,CE,Towers with Radar,0,2,43,5,50,0,44,78,4,126,0,46,121,9,176,248,0,248,424
09/28/2016,CPS,IL,AGL,CE,Towers with Radar,0,5,27,0,32,0,37,74,1,112,0,42,101,1,144,219,0,219,363
09/29/2016,CPS,IL,AGL,CE,Towers with Radar,0,8,43,1,52,0,15,48,0,63,0,23,91,1,115,351,0,351,466
09/30/2016,CPS,IL,AGL,CE,Towers with Radar,1,8,36,0,45,0,6,37,0,43,1,14,73,0,88,290,0,290,378
10/01/2016,CPS,IL,AGL,CE,Towers with Radar,0,2,30,0,32,0,23,33,0,56,0,25,63,0,88,127,0,127,215
10/02/2016,CPS,IL,AGL,CE,Towers with Radar,0,4,39,0,43,0,7,69,0,76,0,11,108,0,119,85,0,85,204
10/03/2016,CPS,IL,AGL,CE,Towers with Radar,0,6,36,1,43,0,35,83,1,119,0,41,119,2,162,380,0,380,542
10/04/2016,CPS,IL,AGL,CE,Towers with Radar,0,7,30,0,37,0,45,61,1,107,0,52,91,1,144,265,0,265,409
10/05/2016,CPS,IL,AGL,CE,Towers with Radar,0,5,33,0,38,0,63,68,0,131,0,68,101,0,169,283,0,283,452
10/06/2016,CPS,IL,AGL,CE,Towers with Radar,0,15,24,2,41,0,41,71,0,112,0,56,95,2,153,343,0,343,496
10/07/2016,CPS,IL,AGL,CE,Towers with Radar,0,12,32,2,46,0,42,55,0,97,0,54,87,2,143,189,0,189,332
10/08/2016,CPS,IL,AGL,CE,Towers with Radar,1,9,32,0,42,0,23,86,0,109,1,32,118,0,151,215,0,215,366
10/09/2016,CPS,IL,AGL,CE,Towers with Radar,0,7,35,0,42,0,17,70,4,91,0,24,105,4,133,121,0,121,254
10/10/2016,CPS,IL,AGL,CE,Towers with Radar,0,3,21,0,24,0,44,74,0,118,0,47,95,0,142,314,0,314,456
10/11/2016,CPS,IL,AGL,CE,Towers with Radar,0,4,28,1,33,0,26,71,0,97,0,30,99,1,130,312,1,313,443
10/12/2016,CPS,IL,AGL,CE,Towers with Radar,2,7,20,0,29,0,32,36,0,68,2,39,56,0,97,136,0,136,233
10/13/2016,CPS,IL,AGL,CE,Towers with Radar,0,12,54,0,66,0,47,46,0,93,0,59,100,0,159,295,0,295,454
10/14/2016,CPS,IL,AGL,CE,Towers with Radar,2,14,41,0,57,0,64,83,2,149,2,78,124,2,206,334,0,334,540
10/15/2016,CPS,IL,AGL,CE,Towers with Radar,0,3,20,0,23,0,22,43,0,65,0,25,63,0,88,61,0,61,149
10/16/2016,CPS,IL,AGL,CE,Towers with Radar,1,3,21,0,25,0,10,48,0,58,1,13,69,0,83,71,0,71,154
10/17/2016,CPS,IL,AGL,CE,Towers with Radar,0,5,20,2,27,0,18,36,0,54,0,23,56,2,81,81,0,81,162
10/18/2016,CPS,IL,AGL,CE,Towers with Radar,0,5,37,0,42,0,27,70,5,102,0,32,107,5,144,274,0,274,418
10/19/2016,CPS,IL,AGL,CE,Towers with Radar,0,5,25,5,35,0,12,24,1,37,0,17,49,6,72,51,0,51,123
10/20/2016,CPS,IL,AGL,CE,Towers with Radar,0,3,37,0,40,0,16,78,5,99,0,19,115,5,139,184,0,184,323
10/21/2016,CPS,IL,AGL,CE,Towers with Radar,0,9,44,0,53,0,52,86,2,140,0,61,130,2,193,280,0,280,473
10/22/2016,CPS,IL,AGL,CE,Towers with Radar,0,8,21,0,29,0,37,59,1,97,0,45,80,1,126,116,0,116,242
10/23/2016,CPS,IL,AGL,CE,Towers with Radar,0,0,23,0,23,0,14,110,0,124,0,14,133,0,147,129,0,129,276
10/24/2016,CPS,IL,AGL,CE,Towers with Radar,0,8,41,1,50,0,45,81,2,128,0,53,122,3,178,368,0,368,546
10/25/2016,CPS,IL,AGL,CE,Towers with Radar,0,12,30,0,42,0,50,57,0,107,0,62,87,0,149,430,0,430,579
10/26/2016,CPS,IL,AGL,CE,Towers with Radar,0,8,26,2,36,0,36,45,4,85,0,44,71,6,121,247,0,247,368
10/27/2016,CPS,IL,AGL,CE,Towers with Radar,0,8,33,2,43,0,20,57,0,77,0,28,90,2,120,322,0,322,442
10/28/2016,CPS,IL,AGL,CE,Towers with Radar,2,3,52,5,62,0,44,90,0,134,2,47,142,5,196,177,0,177,373
10/29/2016,CPS,IL,AGL,CE,Towers with Radar,1,1,24,2,28,0,16,55,0,71,1,17,79,2,99,90,0,90,189
10/30/2016,CPS,IL,AGL,CE,Towers with Radar,0,4,28,0,32,0,7,38,0,45,0,11,66,0,77,60,0,60,137
10/31/2016,CPS,IL,AGL,CE,Towers with Radar,0,2,34,2,38,0,31,65,0,96,0,33,99,2,134,185,0,185,319
11/01/2016,CPS,IL,AGL,CE,Towers with Radar,0,12,28,2,42,0,39,66,1,106,0,51,94,3,148,140,0,140,288
11/02/2016,CPS,IL,AGL,CE,Towers with Radar,0,8,29,0,37,0,44,33,0,77,0,52,62,0,114,166,0,166,280
11/03/2016,CPS,IL,AGL,CE,Towers with Radar,0,15,35,2,52,0,12,41,0,53,0,27,76,2,105,205,0,205,310
11/04/2016,CPS,IL,AGL,CE,Towers with Radar,0,4,26,2,32,0,53,67,1,121,0,57,93,3,153,318,0,318,471
11/05/2016,CPS,IL,AGL,CE,Towers with Radar,2,4,24,0,30,0,27,87,1,115,2,31,111,1,145,256,0,256,401
11/06/2016,CPS,IL,AGL,CE,Towers with Radar,1,2,19,0,22,0,7,73,1,81,1,9,92,1,103,185,0,185,288
11/07/2016,CPS,IL,AGL,CE,Towers with Radar,0,6,36,0,42,0,30,50,0,80,0,36,86,0,122,267,0,267,389
11/08/2016,CPS,IL,AGL,CE,Towers with Radar,2,6,15,0,23,0,13,32,0,45,2,19,47,0,68,214,0,214,282
11/09/2016,CPS,IL,AGL,CE,Towers with Radar,1,3,44,2,50,0,50,62,4,116,1,53,106,6,166,318,0,318,484
11/10/2016,CPS,IL,AGL,CE,Towers with Radar,0,5,28,0,33,0,4,57,0,61,0,9,85,0,94,189,0,189,283
11/11/2016,CPS,IL,AGL,CE,Towers with Radar,0,18,21,0,39,0,46,69,0,115,0,64,90,0,154,179,0,179,333
11/12/2016,CPS,IL,AGL,CE,Towers with Radar,0,5,22,0,27,0,20,65,0,85,0,25,87,0,112,227,0,227,339
11/13/2016,CPS,IL,AGL,CE,Towers with Radar,0,6,23,0,29,0,15,67,1,83,0,21,90,1,112,123,0,123,235
11/14/2016,CPS,IL,AGL,CE,Towers with Radar,2,4,35,0,41,0,37,58,2,97,2,41,93,2,138,231,0,231,369
11/15/2016,CPS,IL,AGL,CE,Towers with Radar,1,8,33,0,42,0,52,42,0,94,1,60,75,0,136,308,0,308,444
11/16/2016,CPS,IL,AGL,CE,Towers with Radar,0,6,28,2,36,0,46,68,1,115,0,52,96,3,151,391,0,391,542
11/17/2016,CPS,IL,AGL,CE,Towers with Radar,0,4,27,2,33,0,22,36,1,59,0,26,63,3,92,194,0,194,286
11/18/2016,CPS,IL,AGL,CE,Towers with Radar,1,2,14,3,20,0,5,24,1,30,1,7,38,4,50,28,0,28,78
11/19/2016,CPS,IL,AGL,CE,Towers with Radar,0,2,14,1,17,0,8,29,3,40,0,10,43,4,57,155,0,155,212
11/20/2016,CPS,IL,AGL,CE,Towers with Radar,0,3,25,0,28,0,15,57,0,72,0,18,82,0,100,258,0,258,358
11/21/2016,CPS,IL,AGL,CE,Towers with Radar,0,6,36,2,44,0,23,95,0,118,0,29,131,2,162,468,0,468,630
11/22/2016,CPS,IL,AGL,CE,Towers with Radar,0,5,20,2,27,0,28,47,1,76,0,33,67,3,103,169,0,169,272
11/23/2016,CPS,IL,AGL,CE,Towers with Radar,0,3,17,0,20,0,1,7,0,8,0,4,24,0,28,8,0,8,36
11/24/2016,CPS,IL,AGL,CE,Towers with Radar,0,0,7,0,7,0,3,12,2,17,0,3,19,2,24,24,0,24,48
11/25/2016,CPS,IL,AGL,CE,Towers with Radar,2,3,10,0,15,0,11,41,0,52,2,14,51,0,67,103,0,103,170
11/26/2016,CPS,IL,AGL,CE,Towers with Radar,0,0,18,0,18,0,6,40,0,46,0,6,58,0,64,71,0,71,135
11/27/2016,CPS,IL,AGL,CE,Towers with Radar,0,1,25,0,26,0,2,18,0,20,0,3,43,0,46,39,0,39,85
11/28/2016,CPS,IL,AGL,CE,Towers with Radar,1,1,22,1,25,0,1,16,1,18,1,2,38,2,43,0,0,0,43
11/29/2016,CPS,IL,AGL,CE,Towers with Radar,0,6,22,0,28,0,24,49,0,73,0,30,71,0,101,343,0,343,444
11/30/2016,CPS,IL,AGL,CE,Towers with Radar,0,5,26,0,31,0,27,46,0,73,0,32,72,0,104,314,0,314,418
12/01/2016,CPS,IL,AGL,CE,Towers with Radar,0,12,35,2,49,0,44,61,0,105,0,56,96,2,154,413,0,413,567
12/02/2016,CPS,IL,AGL,CE,Towers with Radar,1,11,25,5,42,0,35,58,2,95,1,46,83,7,137,315,0,315,452
12/03/2016,CPS,IL,AGL,CE,Towers with Radar,1,5,25,0,31,0,33,59,4,96,1,38,84,4,127,226,0,226,353
12/04/2016,CPS,IL,AGL,CE,Towers with Radar,0,4,23,0,27,0,1,6,0,7,0,5,29,0,34,6,0,6,40
12/05/2016,CPS,IL,AGL,CE,Towers with Radar,0,8,25,0,33,0,7,39,0,46,0,15,64,0,79,205,0,205,284
12/06/2016,CPS,IL,AGL,CE,Towers with Radar,1,5,34,2,42,0,10,16,0,26,1,15,50,2,68,108,0,108,176
12/07/2016,CPS,IL,AGL,CE,Towers with Radar,0,4,28,2,34,0,43,57,2,102,0,47,85,4,136,364,0,364,500
12/08/2016,CPS,IL,AGL,CE,Towers with Radar,0,1,30,2,33,0,37,59,1,97,0,38,89,3,130,140,2,142,272
12/09/2016,CPS,IL,AGL,CE,Towers with Radar,0,7,28,0,35,0,34,50,0,84,0,41,78,0,119,268,0,268,387
12/10/2016,CPS,IL,AGL,CE,Towers with Radar,0,2,11,0,13,0,25,30,0,55,0,27,41,0,68,141,0,141,209
12/11/2016,CPS,IL,AGL,CE,Towers with Radar,0,0,18,2,20,0,1,7,0,8,0,1,25,2,28,13,0,13,41
12/12/2016,CPS,IL,AGL,CE,Towers with Radar,0,6,39,7,52,0,17,66,0,83,0,23,105,7,135,225,0,225,360
12/13/2016,CPS,IL,AGL,CE,Towers with Radar,0,3,24,0,27,0,4,38,1,43,0,7,62,1,70,144,0,144,214
12/14/2016,CPS,IL,AGL,CE,Towers with Radar,1,13,23,11,48,0,43,45,1,89,1,56,68,12,137,243,2,245,382
12/15/2016,CPS,IL,AGL,CE,Towers with Radar,0,10,24,1,35,0,17,72,0,89,0,27,96,1,124,341,0,341,465
12/16/2016,CPS,IL,AGL,CE,Towers with Radar,1,3,11,0,15,0,3,16,1,20,1,6,27,1,35,56,0,56,91
12/17/2016,CPS,IL,AGL,CE,Towers with Radar,1,1,11,2,15,0,0,0,0,0,1,1,11,2,15,0,0,0,15
12/18/2016,CPS,IL,AGL,CE,Towers with Radar,1,0,11,0,12,0,3,24,0,27,1,3,35,0,39,55,0,55,94
12/19/2016,CPS,IL,AGL,CE,Towers with Radar,0,7,21,0,28,0,15,36,0,51,0,22,57,0,79,239,0,239,318
12/20/2016,CPS,IL,AGL,CE,Towers with Radar,0,0,32,1,33,0,10,53,0,63,0,10,85,1,96,217,0,217,313
12/21/2016,CPS,IL,AGL,CE,Towers with Radar,0,8,35,2,45,0,16,61,0,77,0,24,96,2,122,238,0,238,360
12/22/2016,CPS,IL,AGL,CE,Towers with Radar,0,3,18,0,21,0,7,71,4,82,0,10,89,4,103,256,0,256,359
12/23/2016,CPS,IL,AGL,CE,Towers with Radar,0,2,21,0,23,0,0,16,0,16,0,2,37,0,39,55,0,55,94
12/24/2016,CPS,IL,AGL,CE,Towers with Radar,0,2,5,0,7,0,0,0,0,0,0,2,5,0,7,0,0,0,7
12/25/2016,CPS,IL,AGL,CE,Towers with Radar,0,2,0,0,2,0,0,0,0,0,0,2,0,0,2,0,0,0,2
12/26/2016,CPS,IL,AGL,CE,Towers with Radar,1,4,11,0,16,0,6,18,0,24,1,10,29,0,40,88,0,88,128
12/27/2016,CPS,IL,AGL,CE,Towers with Radar,2,2,13,0,17,0,4,50,1,55,2,6,63,1,72,171,1,172,244
12/28/2016,CPS,IL,AGL,CE,Towers with Radar,0,0,19,0,19,0,6,63,0,69,0,6,82,0,88,153,0,153,241
12/29/2016,CPS,IL,AGL,CE,Towers with Radar,1,0,19,0,20,0,1,26,1,28,1,1,45,1,48,23,1,24,72
12/30/2016,CPS,IL,AGL,CE,Towers with Radar,0,2,11,0,13,0,5,73,0,78,0,7,84,0,91,245,0,245,336
12/31/2016,CPS,IL,AGL,CE,Towers with Radar,1,0,9,0,10,0,2,22,0,24,1,2,31,0,34,78,0,78,112
01/01/2017,CPS,IL,AGL,CE,Towers with Radar,1,0,5,0,6,0,0,6,0,6,1,0,11,0,12,10,0,10,22
01/02/2017,CPS,IL,AGL,CE,Towers with Radar,2,13,12,0,27,0,0,0,0,0,2,13,12,0,27,0,0,0,27
01/03/2017,CPS,IL,AGL,CE,Towers with Radar,0,0,16,0,16,0,2,2,0,4,0,2,18,0,20,51,0,51,71
01/04/2017,CPS,IL,AGL,CE,Towers with Radar,1,2,29,0,32,0,12,52,1,65,1,14,81,1,97,194,0,194,291
01/05/2017,CPS,IL,AGL,CE,Towers with Radar,0,0,7,0,7,0,0,20,0,20,0,0,27,0,27,137,0,137,164
01/06/2017,CPS,IL,AGL,CE,Towers with Radar,0,1,33,0,34,0,6,33,2,41,0,7,66,2,75,182,0,182,257
01/07/2017,CPS,IL,AGL,CE,Towers with Radar,0,2,21,0,23,0,9,39,0,48,0,11,60,0,71,171,0,171,242
01/08/2017,CPS,IL,AGL,CE,Towers with Radar,4,4,25,0,33,0,2,40,0,42,4,6,65,0,75,28,0,28,103
01/09/2017,CPS,IL,AGL,CE,Towers with Radar,1,6,29,4,40,0,24,38,3,65,1,30,67,7,105,165,0,165,270
01/10/2017,CPS,IL,AGL,CE,Towers with Radar,2,4,17,0,23,0,4,3,0,7,2,8,20,0,30,6,0,6,36
01/11/2017,CPS,IL,AGL,CE,Towers with Radar,0,6,36,0,42,0,0,21,0,21,0,6,57,0,63,22,0,22,85
01/12/2017,CPS,IL,AGL,CE,Towers with Radar,0,5,23,0,28,0,0,13,1,14,0,5,36,1,42,94,0,94,136
01/13/2017,CPS,IL,AGL,CE,Towers with Radar,0,0,3,0,3,0,0,0,0,0,0,0,3,0,3,0,0,0,3
01/14/2017,CPS,IL,AGL,CE,Towers with Radar,0,1,4,0,5,0,0,0,0,0,0,1,4,0,5,0,0,0,5
01/15/2017,CPS,IL,AGL,CE,Towers with Radar,0,0,1,0,1,0,0,0,0,0,0,0,1,0,1,0,0,0,1
01/16/2017,CPS,IL,AGL,CE,Towers with Radar,2,3,17,3,25,0,0,0,0,0,2,3,17,3,25,8,0,8,33
01/17/2017,CPS,IL,AGL,CE,Towers with Radar,0,4,35,3,42,0,2,47,0,49,0,6,82,3,91,360,0,360,451
01/18/2017,CPS,IL,AGL,CE,Towers with Radar,2,5,48,3,58,0,19,76,1,96,2,24,124,4,154,427,0,427,581
01/19/2017,CPS,IL,AGL,CE,Towers with Radar,1,4,22,1,28,0,0,0,0,0,1,4,22,1,28,0,0,0,28
01/20/2017,CPS,IL,AGL,CE,Towers with Radar,0,6,18,0,24,0,4,22,0,26,0,10,40,0,50,146,0,146,196
01/21/2017,CPS,IL,AGL,CE,Towers with Radar,0,5,15,0,20,0,25,83,2,110,0,30,98,2,130,355,0,355,485
01/22/2017,CPS,IL,AGL,CE,Towers with Radar,0,1,20,0,21,0,0,4,0,4,0,1,24,0,25,42,0,42,67
01/23/2017,CPS,IL,AGL,CE,Towers with Radar,0,8,25,2,35,0,8,26,0,34,0,16,51,2,69,168,0,168,237
01/24/2017,CPS,IL,AGL,CE,Towers with Radar,0,6,21,1,28,0,21,45,1,67,0,27,66,2,95,452,0,452,547
01/25/2017,CPS,IL,AGL,CE,Towers with Radar,0,7,44,0,51,0,15,58,0,73,0,22,102,0,124,115,0,115,239
01/26/2017,CPS,IL,AGL,CE,Towers with Radar,0,6,40,11,57,0,9,34,1,44,0,15,74,12,101,190,0,190,291
01/27/2017,CPS,IL,AGL,CE,Towers with Radar,0,5,24,2,31,0,34,48,1,83,0,39,72,3,114,151,0,151,265
01/28/2017,CPS,IL,AGL,CE,Towers with Radar,0,7,10,1,18,0,22,35,0,57,0,29,45,1,75,259,0,259,334
01/29/2017,CPS,IL,AGL,CE,Towers with Radar,0,2,7,1,10,0,3,22,0,25,0,5,29,1,35,25,0,25,60
01/30/2017,CPS,IL,AGL,CE,Towers with Radar,1,5,15,0,21,0,42,46,0,88,1,47,61,0,109,117,0,117,226
01/31/2017,CPS,IL,AGL,CE,Towers with Radar,0,12,26,0,38,0,62,45,5,112,0,74,71,5,150,159,2,161,311
02/01/2017,CPS,IL,AGL,CE,Towers with Radar,0,14,22,2,38,0,58,69,1,128,0,72,91,3,166,292,0,292,458
02/02/2017,CPS,IL,AGL,CE,Towers with Radar,0,6,26,1,33,0,59,69,0,128,0,65,95,1,161,348,0,348,509
02/03/2017,CPS,IL,AGL,CE,Towers with Radar,0,6,28,1,35,0,38,79,0,117,0,44,107,1,152,236,0,236,388
02/04/2017,CPS,IL,AGL,CE,Towers with Radar,0,7,15,0,22,0,25,44,2,71,0,32,59,2,93,173,0,173,266
02/05/2017,CPS,IL,AGL,CE,Towers with Radar,0,6,14,0,20,0,14,47,0,61,0,20,61,0,81,184,0,184,265
02/06/2017,CPS,IL,AGL,CE,Towers with Radar,0,13,20,0,33,0,0,21,0,21,0,13,41,0,54,84,0,84,138
02/07/2017,CPS,IL,AGL,CE,Towers with Radar,0,13,20,3,36,0,20,45,2,67,0,33,65,5,103,161,0,161,264
02/08/2017,CPS,IL,AGL,CE,Towers with Radar,0,7,30,2,39,0,6,21,0,27,0,13,51,2,66,160,0,160,226
02/09/2017,CPS,IL,AGL,CE,Towers with Radar,0,14,40,0,54,0,35,79,0,114,0,49,119,0,168,415,0,415,583
02/10/2017,CPS,IL,AGL,CE,Towers with Radar,0,2,28,2,32,0,25,35,2,62,0,27,63,4,94,125,0,125,219
02/11/2017,CPS,IL,AGL,CE,Towers with Radar,0,6,26,0,32,0,7,57,1,65,0,13,83,1,97,222,0,222,319
02/12/2017,CPS,IL,AGL,CE,Towers with Radar,0,1,17,0,18,0,2,32,1,35,0,3,49,1,53,5,0,5,58
02/13/2017,CPS,IL,AGL,CE,Towers with Radar,0,5,16,0,21,0,42,61,0,103,0,47,77,0,124,241,0,241,365
02/14/2017,CPS,IL,AGL,CE,Towers with Radar,0,13,18,0,31,0,41,35,0,76,0,54,53,0,107,230,0,230,337
02/15/2017,CPS,IL,AGL,CE,Towers with Radar,0,13,26,0,39,0,68,66,0,134,0,81,92,0,173,277,0,277,450
02/16/2017,CPS,IL,AGL,CE,Towers with Radar,0,10,30,0,40,0,26,73,1,100,0,36,103,1,140,401,0,401,541
02/17/2017,CPS,IL,AGL,CE,Towers with Radar,0,12,31,2,45,0,25,92,2,119,0,37,123,4,164,170,0,170,334
02/18/2017,CPS,IL,AGL,CE,Towers with Radar,0,4,28,0,32,0,20,72,0,92,0,24,100,0,124,249,0,249,373
02/19/2017,CPS,IL,AGL,CE,Towers with Radar,1,2,16,0,19,0,1,56,0,57,1,3,72,0,76,117,0,117,193
02/20/2017,CPS,IL,AGL,CE,Towers with Radar,0,4,15,0,19,0,27,58,0,85,0,31,73,0,104,201,0,201,305
02/21/2017,CPS,IL,AGL,CE,Towers with Radar,0,5,17,0,22,0,7,36,0,43,0,12,53,0,65,175,0,175,240
02/22/2017,CPS,IL,AGL,CE,Towers with Radar,0,7,23,0,30,0,28,58,0,86,0,35,81,0,116,208,0,208,324
02/23/2017,CPS,IL,AGL,CE,Towers with Radar,0,4,29,1,34,0,25,71,2,98,0,29,100,3,132,182,0,182,314
02/24/2017,CPS,IL,AGL,CE,Towers with Radar,0,8,24,0,32,0,14,24,0,38,0,22,48,0,70,120,0,120,190
02/25/2017,CPS,IL,AGL,CE,Towers with Radar,0,1,10,2,13,0,9,23,0,32,0,10,33,2,45,64,0,64,109
02/26/2017,CPS,IL,AGL,CE,Towers with Radar,1,4,20,1,26,0,7,36,0,43,1,11,56,1,69,73,0,73,142
02/27/2017,CPS,IL,AGL,CE,Towers with Radar,0,11,22,0,33,0,43,60,0,103,0,54,82,0,136,216,0,216,352
02/28/2017,CPS,IL,AGL,CE,Towers with Radar,1,6,26,0,33,0,3,24,0,27,1,9,50,0,60,171,0,171,231
03/01/2017,CPS,IL,AGL,CE,Towers with Radar,0,3,18,1,22,0,1,35,0,36,0,4,53,1,58,88,0,88,146
03/02/2017,CPS,IL,AGL,CE,Towers with Radar,0,9,67,0,76,0,48,61,0,109,0,57,128,0,185,399,0,399,584
03/03/2017,CPS,IL,AGL,CE,Towers with Radar,0,4,38,1,43,0,32,60,0,92,0,36,98,1,135,359,0,359,494
03/04/2017,CPS,IL,AGL,CE,Towers with Radar,0,10,25,0,35,0,34,68,0,102,0,44,93,0,137,97,0,97,234
03/05/2017,CPS,IL,AGL,CE,Towers with Radar,0,4,32,0,36,0,2,12,0,14,0,6,44,0,50,61,0,61,111
03/06/2017,CPS,IL,AGL,CE,Towers with Radar,0,2,22,0,24,0,2,14,0,16,0,4,36,0,40,102,0,102,142
03/07/2017,CPS,IL,AGL,CE,Towers with Radar,0,13,35,1,49,0,35,28,1,64,0,48,63,2,113,275,0,275,388
03/08/2017,CPS,IL,AGL,CE,Towers with Radar,0,8,41,0,49,0,35,60,4,99,0,43,101,4,148,263,0,263,411
03/09/2017,CPS,IL,AGL,CE,Towers with Radar,0,2,35,0,37,0,31,58,0,89,0,33,93,0,126,270,0,270,396
03/10/2017,CPS,IL,AGL,CE,Towers with Radar,2,1,32,0,35,0,31,44,0,75,2,32,76,0,110,223,0,223,333
03/11/2017,CPS,IL,AGL,CE,Towers with Radar,1,3,9,0,13,0,2,9,0,11,1,5,18,0,24,47,0,47,71
03/12/2017,CPS,IL,AGL,CE,Towers with Radar,0,9,35,0,44,0,1,100,0,101,0,10,135,0,145,133,0,133,278
03/13/2017,CPS,IL,AGL,CE,Towers with Radar,0,2,15,0,17,0,0,3,0,3,0,2,18,0,20,0,0,0,20
03/14/2017,CPS,IL,AGL,CE,Towers with Radar,0,7,13,0,20,0,5,39,0,44,0,12,52,0,64,192,0,192,256
03/15/2017,CPS,IL,AGL,CE,Towers with Radar,0,7,50,3,60,0,51,79,0,130,0,58,129,3,190,375,0,375,565
03/16/2017,CPS,IL,AGL,CE,Towers with Radar,0,9,48,2,59,0,39,74,3,116,0,48,122,5,175,322,0,322,497
03/17/2017,CPS,IL,AGL,CE,Towers with Radar,0,4,26,0,30,0,3,33,0,36,0,7,59,0,66,163,0,163,229
03/18/2017,CPS,IL,AGL,CE,Towers with Radar,0,7,32,4,43,0,6,78,0,84,0,13,110,4,127,145,0,145,272
03/19/2017,CPS,IL,AGL,CE,Towers with Radar,0,11,47,0,58,0,1,56,0,57,0,12,103,0,115,54,0,54,169
03/20/2017,CPS,IL,AGL,CE,Towers with Radar,0,4,24,0,28,0,29,63,3,95,0,33,87,3,123,195,0,195,318
03/21/2017,CPS,IL,AGL,CE,Towers with Radar,0,8,38,0,46,0,14,55,4,73,0,22,93,4,119,276,0,276,395
03/22/2017,CPS,IL,AGL,CE,Towers with Radar,0,4,30,0,34,0,48,76,1,125,0,52,106,1,159,381,0,381,540
03/23/2017,CPS,IL,AGL,CE,Towers with Radar,1,5,18,0,24,0,23,52,1,76,1,28,70,1,100,297,0,297,397
03/24/2017,CPS,IL,AGL,CE,Towers with Radar,0,4,16,0,20,0,7,39,0,46,0,11,55,0,66,64,0,64,130
03/25/2017,CPS,IL,AGL,CE,Towers with Radar,0,5,18,0,23,0,5,17,0,22,0,10,35,0,45,92,0,92,137
03/26/2017,CPS,IL,AGL,CE,Towers with Radar,0,3,38,0,41,0,0,30,0,30,0,3,68,0,71,79,0,79,150
03/27/2017,CPS,IL,AGL,CE,Towers with Radar,0,5,36,0,41,0,1,13,0,14,0,6,49,0,55,146,0,146,201
03/28/2017,CPS,IL,AGL,CE,Towers with Radar,0,10,27,2,39,0,3,45,1,49,0,13,72,3,88,258,0,258,346
03/29/2017,CPS,IL,AGL,CE,Towers with Radar,0,6,22,0,28,0,16,30,2,48,0,22,52,2,76,146,0,146,222
03/30/2017,CPS,IL,AGL,CE,Towers with Radar,0,3,23,2,28,0,2,33,0,35,0,5,56,2,63,112,5,117,180
03/31/2017,CPS,IL,AGL,CE,Towers with Radar,2,10,23,2,37,0,9,38,0,47,2,19,61,2,84,85,0,85,169
04/01/2017,CPS,IL,AGL,CE,Towers with Radar,1,4,37,0,42,0,52,102,0,154,1,56,139,0,196,222,0,222,418
04/02/2017,CPS,IL,AGL,CE,Towers with Radar,3,9,39,0,51,0,5,85,0,90,3,14,124,0,141,101,0,101,242
04/03/2017,CPS,IL,AGL,CE,Towers with Radar,2,7,27,0,36,0,3,23,0,26,2,10,50,0,62,104,0,104,166
04/04/2017,CPS,IL,AGL,CE,Towers with Radar,1,7,27,0,35,0,39,41,0,80,1,46,68,0,115,207,0,207,322
04/05/2017,CPS,IL,AGL,CE,Towers with Radar,0,2,13,0,15,0,9,14,0,23,0,11,27,0,38,34,0,34,72
04/06/2017,CPS,IL,AGL,CE,Towers with Radar,2,14,31,0,47,0,27,55,2,84,2,41,86,2,131,116,0,116,247
04/07/2017,CPS,IL,AGL,CE,Towers with Radar,0,8,41,2,51,0,61,80,0,141,0,69,121,2,192,428,0,428,620
04/08/2017,CPS,IL,AGL,CE,Towers with Radar,0,4,28,4,36,0,35,116,0,151,0,39,144,4,187,126,0,126,313
04/09/2017,CPS,IL,AGL,CE,Towers with Radar,5,12,37,1,55,0,16,33,0,49,5,28,70,1,104,17,0,17,121
04/10/2017,CPS,IL,AGL,CE,Towers with Radar,0,2,23,1,26,0,4,29,0,33,0,6,52,1,59,113,0,113,172
04/11/2017,CPS,IL,AGL,CE,Towers with Radar,0,8,30,5,43,0,34,86,1,121,0,42,116,6,164,389,0,389,553
04/12/2017,CPS,IL,AGL,CE,Towers with Radar,0,7,29,1,37,0,37,87,0,124,0,44,116,1,161,359,0,359,520
04/13/2017,CPS,IL,AGL,CE,Towers with Radar,0,4,35,0,39,0,39,79,0,118,0,43,114,0,157,272,0,272,429
04/14/2017,CPS,IL,AGL,CE,Towers with Radar,0,0,21,3,24,0,20,34,0,54,0,20,55,3,78,258,0,258,336
04/15/2017,CPS,IL,AGL,CE,Towers with Radar,1,1,12,0,14,0,9,60,0,69,1,10,72,0,83,91,0,91,174
04/16/2017,CPS,IL,AGL,CE,Towers with Radar,2,7,14,0,23,0,2,35,0,37,2,9,49,0,60,98,0,98,158
04/17/2017,CPS,IL,AGL,CE,Towers with Radar,0,12,24,0,36,0,18,59,0,77,0,30,83,0,113,239,0,239,352
04/18/2017,CPS,IL,AGL,CE,Towers with Radar,1,4,34,1,40,0,60,72,5,137,1,64,106,6,177,312,0,312,489
04/19/2017,CPS,IL,AGL,CE,Towers with Radar,1,8,28,0,37,0,41,64,1,106,1,49,92,1,143,122,0,122,265
04/20/2017,CPS,IL,AGL,CE,Towers with Radar,1,11,28,0,40,0,28,49,0,77,1,39,77,0,117,103,0,103,220
04/21/2017,CPS,IL,AGL,CE,Towers with Radar,0,6,15,0,21,0,18,29,3,50,0,24,44,3,71,271,0,271,342
04/22/2017,CPS,IL,AGL,CE,Towers with Radar,0,1,11,1,13,0,10,17,1,28,0,11,28,2,41,64,0,64,105
04/23/2017,CPS,IL,AGL,CE,Towers with Radar,2,3,19,0,24,0,9,57,4,70,2,12,76,4,94,36,0,36,130
04/24/2017,CPS,IL,AGL,CE,Towers with Radar,0,7,28,2,37,0,52,81,2,135,0,59,109,4,172,345,0,345,517
04/25/2017,CPS,IL,AGL,CE,Towers with Radar,2,6,63,1,72,0,29,68,3,100,2,35,131,4,172,64,0,64,236
04/26/2017,CPS,IL,AGL,CE,Towers with Radar,1,6,16,0,23,0,10,23,0,33,1,16,39,0,56,91,0,91,147
04/27/2017,CPS,IL,AGL,CE,Towers with Radar,1,9,40,0,50,0,33,73,0,106,1,42,113,0,156,239,0,239,395
04/28/2017,CPS,IL,AGL,CE,Towers with Radar,1,6,31,3,41,0,7,15,0,22,1,13,46,3,63,106,0,106,169
04/29/2017,CPS,IL,AGL,CE,Towers with Radar,0,0,9,0,9,0,0,1,0,1,0,0,10,0,10,0,0,0,10
04/30/2017,CPS,IL,AGL,CE,Towers with Radar,4,2,17,1,24,0,1,8,0,9,4,3,25,1,33,0,0,0,33
05/01/2017,CPS,IL,AGL,CE,Towers with Radar,0,5,23,1,29,0,13,46,3,62,0,18,69,4,91,21,0,21,112
05/02/2017,CPS,IL,AGL,CE,Towers with Radar,0,4,16,0,20,0,33,90,0,123,0,37,106,0,143,145,0,145,288
05/03/2017,CPS,IL,AGL,CE,Towers with Radar,0,7,26,0,33,0,1,16,0,17,0,8,42,0,50,167,0,167,217
05/04/2017,CPS,IL,AGL,CE,Towers with Radar,2,5,11,0,18,0,1,20,0,21,2,6,31,0,39,0,0,0,39
05/05/2017,CPS,IL,AGL,CE,Towers with Radar,0,4,31,2,37,0,15,58,1,74,0,19,89,3,111,74,0,74,185
05/06/2017,CPS,IL,AGL,CE,Towers with Radar,0,2,14,2,18,0,10,37,3,50,0,12,51,5,68,87,0,87,155
05/07/2017,CPS,IL,AGL,CE,Towers with Radar,0,1,20,1,22,0,19,94,2,115,0,20,114,3,137,206,0,206,343
05/08/2017,CPS,IL,AGL,CE,Towers with Radar,0,10,33,0,43,0,63,71,3,137,0,73,104,3,180,438,0,438,618
05/09/2017,CPS,IL,AGL,CE,Towers with Radar,0,15,28,1,44,0,46,73,0,119,0,61,101,1,163,274,0,274,437
05/10/2017,CPS,IL,AGL,CE,Towers with Radar,0,12,24,3,39,0,36,61,2,99,0,48,85,5,138,213,0,213,351
05/11/2017,CPS,IL,AGL,CE,Towers with Radar,0,7,37,6,50,0,5,30,2,37,0,12,67,8,87,107,0,107,194
05/12/2017,CPS,IL,AGL,CE,Towers with Radar,0,7,52,0,59,0,38,54,2,94,0,45,106,2,153,151,0,151,304
05/13/2017,CPS,IL,AGL,CE,Towers with Radar,0,8,33,0,41,0,38,61,2,101,0,46,94,2,142,197,0,197,339
05/14/2017,CPS,IL,AGL,CE,Towers with Radar,1,2,27,0,30,0,13,75,0,88,1,15,102,0,118,46,0,46,164
05/15/2017,CPS,IL,AGL,CE,Towers with Radar,0,10,32,1,43,0,43,71,1,115,0,53,103,2,158,317,0,317,475
05/16/2017,CPS,IL,AGL,CE,Towers with Radar,0,5,42,0,47,0,19,42,0,61,0,24,84,0,108,167,0,167,275
05/17/2017,CPS,IL,AGL,CE,Towers with Radar,0,7,22,3,32,0,6,30,1,37,0,13,52,4,69,99,0,99,168
05/18/2017,CPS,IL,AGL,CE,Towers with Radar,1,12,40,0,53,0,31,92,0,123,1,43,132,0,176,302,0,302,478
05/19/2017,CPS,IL,AGL,CE,Towers with Radar,0,2,23,2,27,0,14,64,0,78,0,16,87,2,105,221,0,221,326
05/20/2017,CPS,IL,AGL,CE,Towers with Radar,0,3,18,0,21,0,1,13,0,14,0,4,31,0,35,32,0,32,67
05/21/2017,CPS,IL,AGL,CE,Towers with Radar,1,7,32,0,40,0,3,55,0,58,1,10,87,0,98,60,0,60,158
05/22/2017,CPS,IL,AGL,CE,Towers with Radar,1,8,33,0,42,0,46,107,0,153,1,54,140,0,195,424,0,424,619
05/23/2017,CPS,IL,AGL,CE,Towers with Radar,0,2,24,0,26,0,23,45,0,68,0,25,69,0,94,219,0,219,313
05/24/2017,CPS,IL,AGL,CE,Towers with Radar,0,5,26,6,37,0,34,59,0,93,0,39,85,6,130,328,0,328,458
05/25/2017,CPS,IL,AGL,CE,Towers with Radar,0,7,40,4,51,0,38,60,0,98,0,45,100,4,149,286,0,286,435
05/26/2017,CPS,IL,AGL,CE,Towers with Radar,0,4,29,1,34,0,17,58,0,75,0,21,87,1,109,174,0,174,283
05/27/2017,CPS,IL,AGL,CE,Towers with Radar,0,1,12,0,13,0,10,29,0,39,0,11,41,0,52,58,0,58,110
05/28/2017,CPS,IL,AGL,CE,Towers with Radar,2,3,20,0,25,0,5,28,0,33,2,8,48,0,58,51,0,51,109
05/29/2017,CPS,IL,AGL,CE,Towers with Radar,1,4,21,0,26,0,7,67,0,74,1,11,88,0,100,69,0,69,169
05/30/2017,CPS,IL,AGL,CE,Towers with Radar,0,11,24,0,35,0,37,59,0,96,0,48,83,0,131,299,0,299,430
05/31/2017,CPS,IL,AGL,CE,Towers with Radar,0,12,27,2,41,0,26,78,0,104,0,38,105,2,145,260,0,260,405
06/01/2017,CPS,IL,AGL,CE,Towers with Radar,2,19,55,0,76,0,35,53,0,88,2,54,108,0,164,251,0,251,415
06/02/2017,CPS,IL,AGL,CE,Towers with Radar,0,9,19,3,31,0,23,73,0,96,0,32,92,3,127,237,0,237,364
06/03/2017,CPS,IL,AGL,CE,Towers with Radar,0,7,21,0,28,0,3,76,0,79,0,10,97,0,107,45,0,45,152
06/04/2017,CPS,IL,AGL,CE,Towers with Radar,0,1,23,0,24,0,2,17,0,19,0,3,40,0,43,68,0,68,111
06/05/2017,CPS,IL,AGL,CE,Towers with Radar,0,8,29,0,37,0,12,45,1,58,0,20,74,1,95,230,0,230,325
06/06/2017,CPS,IL,AGL,CE,Towers with Radar,0,12,26,2,40,0,23,80,1,104,0,35,106,3,144,146,0,146,290
06/07/2017,CPS,IL,AGL,CE,Towers with Radar,0,10,36,1,47,0,26,63,4,93,0,36,99,5,140,185,0,185,325
06/08/2017,CPS,IL,AGL,CE,Towers with Radar,2,8,38,0,48,0,37,73,2,112,2,45,111,2,160,334,0,334,494
06/09/2017,CPS,IL,AGL,CE,Towers with Radar,0,14,48,1,63,0,31,63,3,97,0,45,111,4,160,187,0,187,347
06/10/2017,CPS,IL,AGL,CE,Towers with Radar,0,3,21,0,24,0,10,60,3,73,0,13,81,3,97,33,0,33,130
06/11/2017,CPS,IL,AGL,CE,Towers with Radar,2,6,35,0,43,0,5,49,0,54,2,11,84,0,97,29,0,29,126
06/12/2017,CPS,IL,AGL,CE,Towers with Radar,0,8,24,0,32,0,26,68,0,94,0,34,92,0,126,175,0,175,301
06/13/2017,CPS,IL,AGL,CE,Towers with Radar,0,7,18,0,25,0,20,37,0,57,0,27,55,0,82,194,0,194,276
06/14/2017,CPS,IL,AGL,CE,Towers with Radar,0,13,28,0,41,0,18,65,2,85,0,31,93,2,126,174,0,174,300
06/15/2017,CPS,IL,AGL,CE,Towers with Radar,2,8,39,0,49,2,38,49,0,89,4,46,88,0,138,250,1,251,389
06/16/2017,CPS,IL,AGL,CE,Towers with Radar,0,7,30,2,39,0,28,36,1,65,0,35,66,3,104,109,0,109,213
06/17/2017,CPS,IL,AGL,CE,Towers with Radar,0,4,20,0,24,0,20,47,0,67,0,24,67,0,91,62,0,62,153
06/18/2017,CPS,IL,AGL,CE,Towers with Radar,0,5,17,6,28,0,6,42,0,48,0,11,59,6,76,35,0,35,111
06/19/2017,CPS,IL,AGL,CE,Towers with Radar,0,12,17,0,29,0,36,61,1,98,0,48,78,1,127,177,0,177,304
06/20/2017,CPS,IL,AGL,CE,Towers with Radar,0,7,28,4,39,0,23,54,4,81,0,30,82,8,120,210,0,210,330
06/21/2017,CPS,IL,AGL,CE,Towers with Radar,0,4,35,0,39,0,18,67,0,85,0,22,102,0,124,216,0,216,340
06/22/2017,CPS,IL,AGL,CE,Towers with Radar,1,3,35,1,40,0,13,33,2,48,1,16,68,3,88,317,0,317,405
06/23/2017,CPS,IL,AGL,CE,Towers with Radar,0,4,27,0,31,0,6,35,0,41,0,10,62,0,72,64,0,64,136
06/24/2017,CPS,IL,AGL,CE,Towers with Radar,0,5,24,1,30,0,5,87,0,92,0,10,111,1,122,152,0,152,274
06/25/2017,CPS,IL,AGL,CE,Towers with Radar,1,2,22,0,25,0,0,66,1,67,1,2,88,1,92,85,0,85,177
06/26/2017,CPS,IL,AGL,CE,Towers with Radar,2,2,29,0,33,0,18,72,0,90,2,20,101,0,123,213,0,213,336
06/27/2017,CPS,IL,AGL,CE,Towers with Radar,0,7,27,0,34,0,81,66,0,147,0,88,93,0,181,348,0,348,529
06/28/2017,CPS,IL,AGL,CE,Towers with Radar,0,3,17,1,21,0,15,51,0,66,0,18,68,1,87,202,0,202,289
06/29/2017,CPS,IL,AGL,CE,Towers with Radar,0,5,27,1,33,0,39,48,0,87,0,44,75,1,120,149,0,149,269
06/30/2017,CPS,IL,AGL,CE,Towers with Radar,0,6,26,1,33,0,11,30,0,41,0,17,56,1,74,92,0,92,166
07/01/2017,CPS,IL,AGL,CE,Towers with Radar,0,5,19,0,24,0,0,74,0,74,0,5,93,0,98,34,0,34,132
07/02/2017,CPS,IL,AGL,CE,Towers with Radar,2,1,26,0,29,1,1,74,0,76,3,2,100,0,105,104,0,104,209
07/03/2017,CPS,IL,AGL,CE,Towers with Radar,0,2,12,2,16,0,7,62,0,69,0,9,74,2,85,98,0,98,183
07/04/2017,CPS,IL,AGL,CE,Towers with Radar,0,1,10,0,11,0,3,58,0,61,0,4,68,0,72,49,0,49,121
07/05/2017,CPS,IL,AGL,CE,Towers with Radar,0,1,15,0,16,0,5,30,0,35,0,6,45,0,51,149,0,149,200
07/06/2017,CPS,IL,AGL,CE,Towers with Radar,1,6,32,2,41,0,18,45,1,64,1,24,77,3,105,260,0,260,365
07/07/2017,CPS,IL,AGL,CE,Towers with Radar,0,11,36,3,50,0,29,79,2,110,0,40,115,5,160,267,0,267,427
07/08/2017,CPS,IL,AGL,CE,Towers with Radar,0,5,34,0,39,0,18,64,0,82,0,23,98,0,121,84,0,84,205
07/09/2017,CPS,IL,AGL,CE,Towers with Radar,1,7,30,0,38,0,1,47,0,48,1,8,77,0,86,50,0,50,136
07/10/2017,CPS,IL,AGL,CE,Towers with Radar,0,9,21,2,32,0,20,57,2,79,0,29,78,4,111,46,0,46,157
07/11/2017,CPS,IL,AGL,CE,Towers with Radar,1,8,30,0,39,0,40,51,0,91,1,48,81,0,130,242,0,242,372
07/12/2017,CPS,IL,AGL,CE,Towers with Radar,0,9,34,3,46,0,37,50,2,89,0,46,84,5,135,254,0,254,389
07/13/2017,CPS,IL,AGL,CE,Towers with Radar,0,19,25,0,44,0,7,36,0,43,0,26,61,0,87,321,0,321,408
07/14/2017,CPS,IL,AGL,CE,Towers with Radar,1,3,29,0,33,0,11,75,0,86,1,14,104,0,119,218,0,218,337
07/15/2017,CPS,IL,AGL,CE,Towers with Radar,0,9,23,2,34,0,18,79,0,97,0,27,102,2,131,155,0,155,286
07/16/2017,CPS,IL,AGL,CE,Towers with Radar,0,3,24,0,27,0,1,54,2,57,0,4,78,2,84,96,0,96,180
07/17/2017,CPS,IL,AGL,CE,Towers with Radar,0,7,43,0,50,0,37,53,0,90,0,44,96,0,140,225,0,225,365
07/18/2017,CPS,IL,AGL,CE,Towers with Radar,0,5,16,1,22,0,30,47,2,79,0,35,63,3,101,316,2,318,419
07/19/2017,CPS,IL,AGL,CE,Towers with Radar,0,12,25,0,37,0,42,68,7,117,0,54,93,7,154,352,0,352,506
07/20/2017,CPS,IL,AGL,CE,Towers with Radar,0,9,26,0,35,0,35,56,0,91,0,44,82,0,126,301,0,301,427
07/21/2017,CPS,IL,AGL,CE,Towers with Radar,0,3,26,0,29,0,29,55,2,86,0,32,81,2,115,130,0,130,245
07/22/2017,CPS,IL,AGL,CE,Towers with Radar,0,1,23,1,25,0,5,56,0,61,0,6,79,1,86,63,0,63,149
07/23/2017,CPS,IL,AGL,CE,Towers with Radar,1,1,20,1,23,0,4,64,0,68,1,5,84,1,91,61,0,61,152
07/24/2017,CPS,IL,AGL,CE,Towers with Radar,1,3,37,4,45,0,32,85,4,121,1,35,122,8,166,136,0,136,302
07/25/2017,CPS,IL,AGL,CE,Towers with Radar,0,8,25,2,35,0,22,72,0,94,0,30,97,2,129,264,0,264,393
07/26/2017,CPS,IL,AGL,CE,Towers with Radar,0,5,40,2,47,0,27,48,2,77,0,32,88,4,124,271,0,271,395
07/27/2017,CPS,IL,AGL,CE,Towers with Radar,0,1,30,3,34,0,1,22,0,23,0,2,52,3,57,105,0,105,162
07/28/2017,CPS,IL,AGL,CE,Towers with Radar,0,4,42,3,49,0,18,58,1,77,0,22,100,4,126,126,0,126,252
07/29/2017,CPS,IL,AGL,CE,Towers with Radar,0,2,22,0,24,0,0,52,3,55,0,2,74,3,79,36,0,36,115
07/30/2017,CPS,IL,AGL,CE,Towers with Radar,2,4,20,0,26,0,4,67,1,72,2,8,87,1,98,92,0,92,190
07/31/2017,CPS,IL,AGL,CE,Towers with Radar,0,12,16,1,29,0,39,48,0,87,0,51,64,1,116,235,0,235,351
08/01/2017,CPS,IL,AGL,CE,Towers with Radar,2,7,18,1,28,0,21,40,2,63,2,28,58,3,91,116,0,116,207
08/02/2017,CPS,IL,AGL,CE,Towers with Radar,0,4,34,2,40,0,27,56,0,83,0,31,90,2,123,230,0,230,353
08/03/2017,CPS,IL,AGL,CE,Towers with Radar,0,9,36,2,47,0,28,58,2,88,0,37,94,4,135,150,0,150,285
08/04/2017,CPS,IL,AGL,CE,Towers with Radar,0,10,22,5,37,0,25,42,1,68,0,35,64,6,105,82,0,82,187
08/05/2017,CPS,IL,AGL,CE,Towers with Radar,0,0,10,2,12,0,12,108,0,120,0,12,118,2,132,131,0,131,263
08/06/2017,CPS,IL,AGL,CE,Towers with Radar,0,0,10,0,10,0,5,4,0,9,0,5,14,0,19,14,0,14,33
08/07/2017,CPS,IL,AGL,CE,Towers with Radar,0,12,18,4,34,0,9,38,0,47,0,21,56,4,81,144,0,144,225
08/08/2017,CPS,IL,AGL,CE,Towers with Radar,0,7,38,4,49,0,36,73,2,111,0,43,111,6,160,153,0,153,313
08/09/2017,CPS,IL,AGL,CE,Towers with Radar,0,7,41,2,50,0,33,56,0,89,0,40,97,2,139,207,0,207,346
08/10/2017,CPS,IL,AGL,CE,Towers with Radar,2,9,29,5,45,0,23,56,0,79,2,32,85,5,124,194,2,196,320
08/11/2017,CPS,IL,AGL,CE,Towers with Radar,0,10,40,0,50,0,4,27,0,31,0,14,67,0,81,89,0,89,170
08/12/2017,CPS,IL,AGL,CE,Towers with Radar,0,4,15,0,19,0,7,50,1,58,0,11,65,1,77,75,0,75,152
08/13/2017,CPS,IL,AGL,CE,Towers with Radar,2,4,32,0,38,0,3,101,2,106,2,7,133,2,144,139,0,139,283
08/14/2017,CPS,IL,AGL,CE,Towers with Radar,1,6,24,1,32,0,8,43,2,53,1,14,67,3,85,182,0,182,267
08/15/2017,CPS,IL,AGL,CE,Towers with Radar,0,7,30,0,37,0,24,38,0,62,0,31,68,0,99,205,0,205,304
08/16/2017,CPS,IL,AGL,CE,Towers with Radar,0,3,15,4,22,0,4,23,2,29,0,7,38,6,51,81,0,81,132
08/17/2017,CPS,IL,AGL,CE,Towers with Radar,0,11,33,2,46,0,27,62,2,91,0,38,95,4,137,305,0,305,442
08/18/2017,CPS,IL,AGL,CE,Towers with Radar,0,14,20,0,34,0,24,73,0,97,0,38,93,0,131,133,0,133,264
08/19/2017,CPS,IL,AGL,CE,Towers with Radar,0,6,27,0,33,0,12,69,1,82,0,18,96,1,115,63,0,63,178
08/20/2017,CPS,IL,AGL,CE,Towers with Radar,0,3,17,0,20,0,6,72,1,79,0,9,89,1,99,92,0,92,191
08/21/2017,CPS,IL,AGL,CE,Towers with Radar,0,15,33,2,50,0,21,87,1,109,0,36,120,3,159,175,0,175,334
08/22/2017,CPS,IL,AGL,CE,Towers with Radar,0,8,34,2,44,0,6,56,1,63,0,14,90,3,107,78,0,78,185
08/23/2017,CPS,IL,AGL,CE,Towers with Radar,0,10,30,0,40,0,43,64,1,108,0,53,94,1,148,182,0,182,330
08/24/2017,CPS,IL,AGL,CE,Towers with Radar,1,9,26,3,39,1,5,75,2,83,2,14,101,5,122,270,0,270,392
08/25/2017,CPS,IL,AGL,CE,Towers with Radar,1,11,41,0,53,0,18,81,4,103,1,29,122,4,156,219,0,219,375
08/26/2017,CPS,IL,AGL,CE,Towers with Radar,0,5,24,0,29,0,10,88,2,100,0,15,112,2,129,62,0,62,191
08/27/2017,CPS,IL,AGL,CE,Towers with Radar,1,12,37,0,50,0,4,69,1,74,1,16,106,1,124,115,0,115,239
08/28/2017,CPS,IL,AGL,CE,Towers with Radar,1,4,23,0,28,0,16,50,0,66,1,20,73,0,94,167,0,167,261
08/29/2017,CPS,IL,AGL,CE,Towers with Radar,0,0,37,2,39,0,14,56,0,70,0,14,93,2,109,194,0,194,303
08/30/2017,CPS,IL,AGL,CE,Towers with Radar,0,4,32,3,39,0,27,59,1,87,0,31,91,4,126,197,0,197,323
08/31/2017,CPS,IL,AGL,CE,Towers with Radar,0,6,24,0,30,0,42,42,0,84,0,48,66,0,114,155,0,155,269
09/01/2017,CPS,IL,AGL,CE,Towers with Radar,0,7,27,0,34,0,35,58,5,98,0,42,85,5,132,123,0,123,255
09/02/2017,CPS,IL,AGL,CE,Towers with Radar,0,0,15,0,15,0,23,68,1,92,0,23,83,1,107,176,0,176,283
09/03/2017,CPS,IL,AGL,CE,Towers with Radar,0,0,16,0,16,0,5,67,0,72,0,5,83,0,88,123,0,123,211
09/04/2017,CPS,IL,AGL,CE,Towers with Radar,0,0,19,0,19,0,3,46,0,49,0,3,65,0,68,82,0,82,150
09/05/2017,CPS,IL,AGL,CE,Towers with Radar,0,2,24,0,26,0,34,39,2,75,0,36,63,2,101,121,0,121,222
09/06/2017,CPS,IL,AGL,CE,Towers with Radar,0,9,31,1,41,0,19,60,1,80,0,28,91,2,121,190,0,190,311
09/07/2017,CPS,IL,AGL,CE,Towers with Radar,0,11,38,4,53,0,38,56,0,94,0,49,94,4,147,269,0,269,416
09/08/2017,CPS,IL,AGL,CE,Towers with Radar,0,5,52,4,61,0,72,66,5,143,0,77,118,9,204,223,0,223,427
09/09/2017,CPS,IL,AGL,CE,Towers with Radar,0,8,35,1,44,0,39,71,3,113,0,47,106,4,157,158,0,158,315
09/10/2017,CPS,IL,AGL,CE,Towers with Radar,2,4,41,1,48,0,15,68,0,83,2,19,109,1,131,53,0,53,184
09/11/2017,CPS,IL,AGL,CE,Towers with Radar,0,9,30,0,39,0,45,63,0,108,0,54,93,0,147,225,0,225,372
09/12/2017,CPS,IL,AGL,CE,Towers with Radar,0,8,46,0,54,0,12,41,0,53,0,20,87,0,107,59,0,59,166
09/13/2017,CPS,IL,AGL,CE,Towers with Radar,0,7,26,8,41,0,11,32,0,43,0,18,58,8,84,146,12,158,242
09/14/2017,CPS,IL,AGL,CE,Towers with Radar,3,5,30,0,38,0,44,63,1,108,3,49,93,1,146,296,0,296,442
09/15/2017,CPS,IL,AGL,CE,Towers with Radar,0,6,43,1,50,0,43,102,5,150,0,49,145,6,200,372,0,372,572
09/16/2017,CPS,IL,AGL,CE,Towers with Radar,0,6,15,0,21,0,55,106,0,161,0,61,121,0,182,188,0,188,370
09/17/2017,CPS,IL,AGL,CE,Towers with Radar,0,4,12,0,16,0,13,45,1,59,0,17,57,1,75,102,0,102,177
09/18/2017,CPS,IL,AGL,CE,Towers with Radar,0,0,27,0,27,0,33,43,0,76,0,33,70,0,103,130,0,130,233
09/19/2017,CPS,IL,AGL,CE,Towers with Radar,0,2,11,0,13,0,30,42,1,73,0,32,53,1,86,224,0,224,310
09/20/2017,CPS,IL,AGL,CE,Towers with Radar,1,5,17,1,24,0,52,69,0,121,1,57,86,1,145,256,0,256,401
09/21/2017,CPS,IL,AGL,CE,Towers with Radar,0,10,37,0,47,0,57,59,2,118,0,67,96,2,165,239,0,239,404
09/22/2017,CPS,IL,AGL,CE,Towers with Radar,0,6,32,0,38,0,43,59,0,102,0,49,91,0,140,198,0,198,338
09/23/2017,CPS,IL,AGL,CE,Towers with Radar,1,10,22,0,33,0,23,85,0,108,1,33,107,0,141,140,0,140,281
09/24/2017,CPS,IL,AGL,CE,Towers with Radar,1,3,22,0,26,0,9,61,0,70,1,12,83,0,96,71,0,71,167
09/25/2017,CPS,IL,AGL,CE,Towers with Radar,1,6,25,0,32,0,37,88,0,125,1,43,113,0,157,223,0,223,380
09/26/2017,CPS,IL,AGL,CE,Towers with Radar,0,4,27,0,31,0,50,53,0,103,0,54,80,0,134,319,0,319,453
09/27/2017,CPS,IL,AGL,CE,Towers with Radar,0,6,39,3,48,0,51,79,1,131,0,57,118,4,179,286,0,286,465
09/28/2017,CPS,IL,AGL,CE,Towers with Radar,1,10,39,0,50,0,46,88,0,134,1,56,127,0,184,188,0,188,372
09/29/2017,CPS,IL,AGL,CE,Towers with Radar,0,12,41,0,53,0,36,64,0,100,0,48,105,0,153,70,0,70,223
09/30/2017,CPS,IL,AGL,CE,Towers with Radar,0,4,30,0,34,0,42,77,0,119,0,46,107,0,153,132,3,135,288
10/01/2017,CPS,IL,AGL,CE,Towers with Radar,4,6,35,0,45,0,24,71,2,97,4,30,106,2,142,43,0,43,185
10/02/2017,CPS,IL,AGL,CE,Towers with Radar,0,6,16,2,24,0,30,61,3,94,0,36,77,5,118,138,0,138,256
10/03/2017,CPS,IL,AGL,CE,Towers with Radar,0,1,11,3,15,0,13,31,0,44,0,14,42,3,59,124,0,124,183
10/04/2017,CPS,IL,AGL,CE,Towers with Radar,0,3,38,13,54,0,41,61,1,103,0,44,99,14,157,188,0,188,345
10/05/2017,CPS,IL,AGL,CE,Towers with Radar,0,7,33,1,41,0,15,27,0,42,0,22,60,1,83,251,0,251,334
10/06/2017,CPS,IL,AGL,CE,Towers with Radar,0,5,34,0,39,0,42,51,0,93,0,47,85,0,132,337,0,337,469
10/07/2017,CPS,IL,AGL,CE,Towers with Radar,0,0,19,0,19,0,2,28,0,30,0,2,47,0,49,35,0,35,84
10/08/2017,CPS,IL,AGL,CE,Towers with Radar,0,2,22,0,24,0,12,71,0,83,0,14,93,0,107,180,0,180,287
10/09/2017,CPS,IL,AGL,CE,Towers with Radar,0,1,19,0,20,0,2,23,0,25,0,3,42,0,45,170,0,170,215
10/10/2017,CPS,IL,AGL,CE,Towers with Radar,0,9,26,2,37,0,0,4,0,4,0,9,30,2,41,51,0,51,92
10/11/2017,CPS,IL,AGL,CE,Towers with Radar,0,4,37,2,43,0,4,23,0,27,0,8,60,2,70,173,0,173,243
10/12/2017,CPS,IL,AGL,CE,Towers with Radar,0,5,27,0,32,0,20,17,1,38,0,25,44,1,70,218,0,218,288
10/13/2017,CPS,IL,AGL,CE,Towers with Radar,0,18,25,0,43,0,41,57,1,99,0,59,82,1,142,284,0,284,426
10/14/2017,CPS,IL,AGL,CE,Towers with Radar,0,7,18,0,25,0,24,76,0,100,0,31,94,0,125,87,0,87,212
10/15/2017,CPS,IL,AGL,CE,Towers with Radar,0,0,21,0,21,0,3,32,2,37,0,3,53,2,58,35,0,35,93
10/16/2017,CPS,IL,AGL,CE,Towers with Radar,0,15,26,2,43,0,46,73,0,119,0,61,99,2,162,227,0,227,389
10/17/2017,CPS,IL,AGL,CE,Towers with Radar,2,13,33,2,50,0,34,81,0,115,2,47,114,2,165,211,0,211,376
10/18/2017,CPS,IL,AGL,CE,Towers with Radar,1,7,48,0,56,0,52,75,0,127,1,59,123,0,183,390,0,390,573
10/19/2017,CPS,IL,AGL,CE,Towers with Radar,0,10,35,0,45,0,47,52,0,99,0,57,87,0,144,454,0,454,598
10/20/2017,CPS,IL,AGL,CE,Towers with Radar,0,11,25,7,43,0,34,62,3,99,0,45,87,10,142,261,0,261,403
10/21/2017,CPS,IL,AGL,CE,Towers with Radar,0,3,20,0,23,0,20,82,0,102,0,23,102,0,125,78,0,78,203
10/22/2017,CPS,IL,AGL,CE,Towers with Radar,0,4,16,0,20,0,0,1,0,1,0,4,17,0,21,0,0,0,21
10/23/2017,CPS,IL,AGL,CE,Towers with Radar,0,9,37,0,46,0,18,43,0,61,0,27,80,0,107,184,0,184,291
10/24/2017,CPS,IL,AGL,CE,Towers with Radar,0,2,19,0,21,0,17,38,0,55,0,19,57,0,76,244,0,244,320
10/25/2017,CPS,IL,AGL,CE,Towers with Radar,1,9,29,2,41,0,52,39,2,93,1,61,68,4,134,273,0,273,407
10/26/2017,CPS,IL,AGL,CE,Towers with Radar,0,14,21,2,37,0,39,62,1,102,0,53,83,3,139,348,0,348,487
10/27/2017,CPS,IL,AGL,CE,Towers with Radar,0,1,12,3,16,0,14,40,0,54,0,15,52,3,70,235,0,235,305
10/28/2017,CPS,IL,AGL,CE,Towers with Radar,2,5,14,0,21,0,14,45,0,59,2,19,59,0,80,137,0,137,217
10/29/2017,CPS,IL,AGL,CE,Towers with Radar,0,9,13,0,22,0,15,93,0,108,0,24,106,0,130,128,0,128,258
10/30/2017,CPS,IL,AGL,CE,Towers with Radar,1,10,22,1,34,0,32,46,0,78,1,42,68,1,112,171,0,171,283
10/31/2017,CPS,IL,AGL,CE,Towers with Radar,0,10,18,2,30,0,43,49,0,92,0,53,67,2,122,217,0,217,339
11/01/2017,CPS,IL,AGL,CE,Towers with Radar,0,5,25,2,32,0,0,2,0,2,0,5,27,2,34,7,0,7,41
11/02/2017,CPS,IL,AGL,CE,Towers with Radar,2,6,28,2,38,0,10,32,0,42,2,16,60,2,80,178,0,178,258
11/03/2017,CPS,IL,AGL,CE,Towers with Radar,1,1,28,8,38,0,29,61,1,91,1,30,89,9,129,138,0,138,267
11/04/2017,CPS,IL,AGL,CE,Towers with Radar,0,2,15,0,17,0,2,14,0,16,0,4,29,0,33,81,0,81,114
11/05/2017,CPS,IL,AGL,CE,Towers with Radar,0,2,13,0,15,0,0,13,0,13,0,2,26,0,28,0,0,0,28
11/06/2017,CPS,IL,AGL,CE,Towers with Radar,0,2,29,2,33,0,5,30,0,35,0,7,59,2,68,192,0,192,260
11/07/2017,CPS,IL,AGL,CE,Towers with Radar,0,9,32,0,41,0,31,33,0,64,0,40,65,0,105,217,0,217,322
11/08/2017,CPS,IL,AGL,CE,Towers with Radar,0,5,28,2,35,0,63,74,2,139,0,68,102,4,174,260,0,260,434
11/09/2017,CPS,IL,AGL,CE,Towers with Radar,0,10,23,2,35,0,73,70,2,145,0,83,93,4,180,272,0,272,452
11/10/2017,CPS,IL,AGL,CE,Towers with Radar,0,3,41,1,45,0,40,73,2,115,0,43,114,3,160,234,0,234,394
11/11/2017,CPS,IL,AGL,CE,Towers with Radar,2,3,10,0,15,0,24,62,0,86,2,27,72,0,101,191,0,191,292
11/12/2017,CPS,IL,AGL,CE,Towers with Radar,0,6,29,2,37,0,1,12,0,13,0,7,41,2,50,89,0,89,139
11/13/2017,CPS,IL,AGL,CE,Towers with Radar,0,7,18,3,28,0,14,45,0,59,0,21,63,3,87,328,0,328,415
11/14/2017,CPS,IL,AGL,CE,Towers with Radar,0,4,24,4,32,0,38,46,1,85,0,42,70,5,117,289,0,289,406
11/15/2017,CPS,IL,AGL,CE,Towers with Radar,0,10,30,4,44,0,3,68,0,71,0,13,98,4,115,215,0,215,330
11/16/2017,CPS,IL,AGL,CE,Towers with Radar,0,15,46,0,61,0,52,52,1,105,0,67,98,1,166,248,0,248,414
11/17/2017,CPS,IL,AGL,CE,Towers with Radar,0,1,19,2,22,0,11,10,0,21,0,12,29,2,43,67,0,67,110
11/18/2017,CPS,IL,AGL,CE,Towers with Radar,2,5,17,0,24,0,2,2,0,4,2,7,19,0,28,0,0,0,28
11/19/2017,CPS,IL,AGL,CE,Towers with Radar,0,2,26,0,28,0,3,64,0,67,0,5,90,0,95,123,0,123,218
11/20/2017,CPS,IL,AGL,CE,Towers with Radar,0,4,20,1,25,0,18,58,2,78,0,22,78,3,103,88,0,88,191
11/21/2017,CPS,IL,AGL,CE,Towers with Radar,1,8,17,1,27,0,40,73,0,113,1,48,90,1,140,241,0,241,381
11/22/2017,CPS,IL,AGL,CE,Towers with Radar,0,1,35,2,38,1,2,64,1,68,1,3,99,3,106,154,0,154,260
11/23/2017,CPS,IL,AGL,CE,Towers with Radar,2,0,6,0,8,0,2,21,0,23,2,2,27,0,31,0,0,0,31
11/24/2017,CPS,IL,AGL,CE,Towers with Radar,2,2,31,0,35,0,1,55,0,56,2,3,86,0,91,17,0,17,108
11/25/2017,CPS,IL,AGL,CE,Towers with Radar,0,2,25,0,27,0,2,62,0,64,0,4,87,0,91,60,0,60,151
11/26/2017,CPS,IL,AGL,CE,Towers with Radar,0,2,26,0,28,0,8,46,0,54,0,10,72,0,82,51,0,51,133
11/27/2017,CPS,IL,AGL,CE,Towers with Radar,0,1,18,0,19,0,38,42,0,80,0,39,60,0,99,165,0,165,264
11/28/2017,CPS,IL,AGL,CE,Towers with Radar,0,9,26,2,37,0,33,56,0,89,0,42,82,2,126,113,0,113,239
11/29/2017,CPS,IL,AGL,CE,Towers with Radar,0,16,61,4,81,0,35,48,2,85,0,51,109,6,166,156,1,157,323
11/30/2017,CPS,IL,AGL,CE,Towers with Radar,1,8,30,2,41,0,53,42,0,95,1,61,72,2,136,315,1,316,452
12/01/2017,CPS,IL,AGL,CE,Towers with Radar,0,2,32,0,34,0,43,67,3,113,0,45,99,3,147,307,0,307,454
12/02/2017,CPS,IL,AGL,CE,Towers with Radar,0,2,20,0,22,0,45,95,1,141,0,47,115,1,163,204,0,204,367
12/03/2017,CPS,IL,AGL,CE,Towers with Radar,0,3,27,0,30,0,16,44,2,62,0,19,71,2,92,72,0,72,164
12/04/2017,CPS,IL,AGL,CE,Towers with Radar,0,1,17,0,18,0,1,16,0,17,0,2,33,0,35,10,0,10,45
12/05/2017,CPS,IL,AGL,CE,Towers with Radar,0,8,16,0,24,0,29,39,5,73,0,37,55,5,97,64,0,64,161
12/06/2017,CPS,IL,AGL,CE,Towers with Radar,0,6,22,0,28,0,58,32,0,90,0,64,54,0,118,242,0,242,360
12/07/2017,CPS,IL,AGL,CE,Towers with Radar,0,4,28,1,33,0,55,58,0,113,0,59,86,1,146,208,0,208,354
12/08/2017,CPS,IL,AGL,CE,Towers with Radar,0,8,30,0,38,0,48,45,1,94,0,56,75,1,132,203,0,203,335
12/09/2017,CPS,IL,AGL,CE,Towers with Radar,0,1,15,4,20,0,7,41,0,48,0,8,56,4,68,33,4,37,105
12/10/2017,CPS,IL,AGL,CE,Towers with Radar,0,2,28,2,32,0,4,39,0,43,0,6,67,2,75,92,0,92,167
12/11/2017,CPS,IL,AGL,CE,Towers with Radar,0,3,23,0,26,0,21,27,0,48,0,24,50,0,74,27,0,27,101
12/12/2017,CPS,IL,AGL,CE,Towers with Radar,1,7,22,1,31,0,31,31,0,62,1,38,53,1,93,113,0,113,206
12/13/2017,CPS,IL,AGL,CE,Towers with Radar,2,8,36,0,46,0,9,43,1,53,2,17,79,1,99,149,0,149,248
12/14/2017,CPS,IL,AGL,CE,Towers with Radar,0,11,29,1,41,0,24,53,0,77,0,35,82,1,118,309,0,309,427
12/15/2017,CPS,IL,AGL,CE,Towers with Radar,1,8,26,0,35,0,31,54,1,86,1,39,80,1,121,193,0,193,314
12/16/2017,CPS,IL,AGL,CE,Towers with Radar,1,0,24,2,27,0,11,68,1,80,1,11,92,3,107,60,0,60,167
12/17/2017,CPS,IL,AGL,CE,Towers with Radar,0,2,16,0,18,0,4,36,0,40,0,6,52,0,58,57,0,57,115
12/18/2017,CPS,IL,AGL,CE,Towers with Radar,0,11,25,2,38,0,11,31,2,44,0,22,56,4,82,177,0,177,259
12/19/2017,CPS,IL,AGL,CE,Towers with Radar,0,9,26,5,40,0,12,24,0,36,0,21,50,5,76,119,0,119,195
12/20/2017,CPS,IL,AGL,CE,Towers with Radar,0,18,30,2,50,0,24,59,2,85,0,42,89,4,135,210,0,210,345
12/21/2017,CPS,IL,AGL,CE,Towers with Radar,0,5,25,0,30,0,29,35,1,65,0,34,60,1,95,204,0,204,299
12/22/2017,CPS,IL,AGL,CE,Towers with Radar,0,5,15,0,20,0,6,17,0,23,0,11,32,0,43,76,0,76,119
12/23/2017,CPS,IL,AGL,CE,Towers with Radar,0,2,13,0,15,0,7,22,0,29,0,9,35,0,44,0,0,0,44
12/24/2017,CPS,IL,AGL,CE,Towers with Radar,0,0,11,0,11,0,0,2,0,2,0,0,13,0,13,0,0,0,13
12/25/2017,CPS,IL,AGL,CE,Towers with Radar,0,2,0,0,2,0,5,6,0,11,0,7,6,0,13,4,0,4,17
12/26/2017,CPS,IL,AGL,CE,Towers with Radar,0,2,8,0,10,0,2,6,0,8,0,4,14,0,18,0,0,0,18
12/27/2017,CPS,IL,AGL,CE,Towers with Radar,2,2,20,0,24,0,4,33,0,37,2,6,53,0,61,113,0,113,174
12/28/2017,CPS,IL,AGL,CE,Towers with Radar,1,5,24,2,32,0,7,16,0,23,1,12,40,2,55,63,0,63,118
12/29/2017,CPS,IL,AGL,CE,Towers with Radar,0,5,9,0,14,0,0,28,0,28,0,5,37,0,42,15,0,15,57
12/30/2017,CPS,IL,AGL,CE,Towers with Radar,2,4,18,0,24,0,3,29,0,32,2,7,47,0,56,42,0,42,98
12/31/2017,CPS,IL,AGL,CE,Towers with Radar,0,1,12,0,13,0,1,17,0,18,0,2,29,0,31,30,0,30,61
01/01/2018,CPS,IL,AGL,CE,Towers with Radar,2,7,5,0,14,0,6,14,0,20,2,13,19,0,34,2,0,2,36
01/02/2018,CPS,IL,AGL,CE,Towers with Radar,1,2,8,0,11,0,6,22,1,29,1,8,30,1,40,60,0,60,100
01/03/2018,CPS,IL,AGL,CE,Towers with Radar,2,4,8,1,15,0,19,32,2,53,2,23,40,3,68,111,0,111,179
01/04/2018,CPS,IL,AGL,CE,Towers with Radar,1,1,17,3,22,0,23,46,0,69,1,24,63,3,91,179,0,179,270
01/05/2018,CPS,IL,AGL,CE,Towers with Radar,0,3,26,1,30,0,29,30,1,60,0,32,56,2,90,157,0,157,247
01/06/2018,CPS,IL,AGL,CE,Towers with Radar,0,2,16,0,18,0,17,54,1,72,0,19,70,1,90,163,0,163,253
01/07/2018,CPS,IL,AGL,CE,Towers with Radar,0,3,16,0,19,0,1,4,0,5,0,4,20,0,24,35,0,35,59
01/08/2018,CPS,IL,AGL,CE,Towers with Radar,0,0,13,0,13,0,0,2,0,2,0,0,15,0,15,0,0,0,15
01/09/2018,CPS,IL,AGL,CE,Towers with Radar,0,2,15,1,18,0,0,1,0,1,0,2,16,1,19,0,0,0,19
01/10/2018,CPS,IL,AGL,CE,Towers with Radar,0,4,17,3,24,0,1,6,0,7,0,5,23,3,31,14,0,14,45
01/11/2018,CPS,IL,AGL,CE,Towers with Radar,0,11,25,0,36,0,1,10,0,11,0,12,35,0,47,45,0,45,92
01/12/2018,CPS,IL,AGL,CE,Towers with Radar,0,4,18,0,22,0,1,17,0,18,0,5,35,0,40,20,0,20,60
01/13/2018,CPS,IL,AGL,CE,Towers with Radar,0,7,22,1,30,0,20,36,0,56,0,27,58,1,86,136,0,136,222
01/14/2018,CPS,IL,AGL,CE,Towers with Radar,0,4,10,1,15,0,2,10,0,12,0,6,20,1,27,10,0,10,37
01/15/2018,CPS,IL,AGL,CE,Towers with Radar,0,4,22,2,28,0,4,11,0,15,0,8,33,2,43,171,0,171,214
01/16/2018,CPS,IL,AGL,CE,Towers with Radar,0,3,20,6,29,0,3,33,0,36,0,6,53,6,65,105,0,105,170
01/17/2018,CPS,IL,AGL,CE,Towers with Radar,0,10,11,4,25,0,34,59,0,93,0,44,70,4,118,224,0,224,342
01/18/2018,CPS,IL,AGL,CE,Towers with Radar,0,11,21,2,34,0,74,56,0,130,0,85,77,2,164,314,0,314,478
01/19/2018,CPS,IL,AGL,CE,Towers with Radar,0,5,22,3,30,0,41,89,1,131,0,46,111,4,161,232,1,233,394
01/20/2018,CPS,IL,AGL,CE,Towers with Radar,0,6,22,0,28,0,20,67,1,88,0,26,89,1,116,273,0,273,389
01/21/2018,CPS,IL,AGL,CE,Towers with Radar,0,0,19,0,19,0,2,21,0,23,0,2,40,0,42,189,0,189,231
01/22/2018,CPS,IL,AGL,CE,Towers with Radar,0,2,15,0,17,0,2,24,0,26,0,4,39,0,43,50,0,50,93
01/23/2018,CPS,IL,AGL,CE,Towers with Radar,2,3,19,0,24,0,11,24,0,35,2,14,43,0,59,151,0,151,210
01/24/2018,CPS,IL,AGL,CE,Towers with Radar,0,7,30,3,40,0,67,56,0,123,0,74,86,3,163,367,0,367,530
01/25/2018,CPS,IL,AGL,CE,Towers with Radar,0,4,23,6,33,0,43,66,1,110,0,47,89,7,143,140,0,140,283
01/26/2018,CPS,IL,AGL,CE,Towers with Radar,0,5,20,1,26,0,11,36,1,48,0,16,56,2,74,15,0,15,89
01/27/2018,CPS,IL,AGL,CE,Towers with Radar,0,7,22,0,29,0,25,51,2,78,0,32,73,2,107,238,0,238,345
01/28/2018,CPS,IL,AGL,CE,Towers with Radar,0,8,16,7,31,0,21,84,2,107,0,29,100,9,138,221,0,221,359
01/29/2018,CPS,IL,AGL,CE,Towers with Radar,1,2,19,1,23,0,11,38,0,49,1,13,57,1,72,178,0,178,250
01/30/2018,CPS,IL,AGL,CE,Towers with Radar,0,5,22,2,29,0,48,36,0,84,0,53,58,2,113,303,0,303,416
01/31/2018,CPS,IL,AGL,CE,Towers with Radar,1,10,19,3,33,0,38,40,5,83,1,48,59,8,116,201,0,201,317
02/01/2018,CPS,IL,AGL,CE,Towers with Radar,0,3,21,1,25,0,23,29,0,52,0,26,50,1,77,104,0,104,181
02/02/2018,CPS,IL,AGL,CE,Towers with Radar,0,4,24,0,28,0,63,57,1,121,0,67,81,1,149,214,0,214,363
02/03/2018,CPS,IL,AGL,CE,Towers with Radar,0,4,11,0,15,0,34,21,0,55,0,38,32,0,70,197,0,197,267
02/04/2018,CPS,IL,AGL,CE,Towers with Radar,0,3,13,0,16,0,6,7,0,13,0,9,20,0,29,2,0,2,31
02/05/2018,CPS,IL,AGL,CE,Towers with Radar,2,4,24,0,30,0,23,32,0,55,2,27,56,0,85,188,0,188,273
02/06/2018,CPS,IL,AGL,CE,Towers with Radar,0,5,23,3,31,0,32,29,0,61,0,37,52,3,92,196,0,196,288
02/07/2018,CPS,IL,AGL,CE,Towers with Radar,1,8,20,1,30,0,51,50,0,101,1,59,70,1,131,262,0,262,393
02/08/2018,CPS,IL,AGL,CE,Towers with Radar,0,11,30,2,43,0,53,74,2,129,0,64,104,4,172,387,0,387,559
02/09/2018,CPS,IL,AGL,CE,Towers with Radar,0,7,22,2,31,0,38,53,4,95,0,45,75,6,126,159,0,159,285
02/10/2018,CPS,IL,AGL,CE,Towers with Radar,0,1,2,0,3,0,0,2,0,2,0,1,4,0,5,22,0,22,27
02/11/2018,CPS,IL,AGL,CE,Towers with Radar,0,1,6,0,7,0,0,6,0,6,0,1,12,0,13,35,0,35,48
02/12/2018,CPS,IL,AGL,CE,Towers with Radar,0,2,24,0,26,0,32,50,0,82,0,34,74,0,108,129,0,129,237
02/13/2018,CPS,IL,AGL,CE,Towers with Radar,0,6,30,0,36,0,44,77,0,121,0,50,107,0,157,303,0,303,460
02/14/2018,CPS,IL,AGL,CE,Towers with Radar,0,6,7,1,14,0,20,25,0,45,0,26,32,1,59,106,0,106,165
02/15/2018,CPS,IL,AGL,CE,Towers with Radar,0,0,23,1,24,0,17,44,0,61,0,17,67,1,85,66,0,66,151
02/16/2018,CPS,IL,AGL,CE,Towers with Radar,0,2,29,0,31,0,25,35,1,61,0,27,64,1,92,193,0,193,285
02/17/2018,CPS,IL,AGL,CE,Towers with Radar,0,0,5,0,5,0,4,1,0,5,0,4,6,0,10,0,0,0,10
02/18/2018,CPS,IL,AGL,CE,Towers with Radar,0,5,12,0,17,0,13,60,0,73,0,18,72,0,90,43,11,54,144
02/19/2018,CPS,IL,AGL,CE,Towers with Radar,1,0,16,0,17,0,0,6,0,6,1,0,22,0,23,27,0,27,50
02/20/2018,CPS,IL,AGL,CE,Towers with Radar,0,2,12,3,17,0,2,10,0,12,0,4,22,3,29,29,0,29,58
02/21/2018,CPS,IL,AGL,CE,Towers with Radar,0,1,23,0,24,0,0,20,0,20,0,1,43,0,44,168,0,168,212
02/22/2018,CPS,IL,AGL,CE,Towers with Radar,1,8,34,2,45,0,0,0,0,0,1,8,34,2,45,0,0,0,45
02/23/2018,CPS,IL,AGL,CE,Towers with Radar,0,18,37,0,55,0,11,27,2,40,0,29,64,2,95,100,0,100,195
02/24/2018,CPS,IL,AGL,CE,Towers with Radar,0,4,10,0,14,0,0,0,0,0,0,4,10,0,14,14,0,14,28
02/25/2018,CPS,IL,AGL,CE,Towers with Radar,0,3,41,0,44,0,24,105,0,129,0,27,146,0,173,171,0,171,344
02/26/2018,CPS,IL,AGL,CE,Towers with Radar,0,2,27,0,29,0,53,77,0,130,0,55,104,0,159,375,0,375,534
02/27/2018,CPS,IL,AGL,CE,Towers with Radar,0,8,25,0,33,0,46,47,0,93,0,54,72,0,126,147,0,147,273
02/28/2018,CPS,IL,AGL,CE,Towers with Radar,0,10,25,4,39,0,0,2,0,2,0,10,27,4,41,0,0,0,41
03/01/2018,CPS,IL,AGL,CE,Towers with Radar,0,12,25,4,41,0,5,21,0,26,0,17,46,4,67,117,0,117,184
03/02/2018,CPS,IL,AGL,CE,Towers with Radar,0,8,29,1,38,0,64,79,2,145,0,72,108,3,183,310,0,310,493
03/03/2018,CPS,IL,AGL,CE,Towers with Radar,0,3,21,0,24,0,36,76,2,114,0,39,97,2,138,192,0,192,330
03/04/2018,CPS,IL,AGL,CE,Towers with Radar,0,8,24,0,32,0,10,63,0,73,0,18,87,0,105,91,0,91,196
03/05/2018,CPS,IL,AGL,CE,Towers with Radar,0,0,17,0,17,0,1,5,0,6,0,1,22,0,23,25,0,25,48
03/06/2018,CPS,IL,AGL,CE,Towers with Radar,5,9,25,3,42,0,8,20,0,28,5,17,45,3,70,26,0,26,96
03/07/2018,CPS,IL,AGL,CE,Towers with Radar,1,8,33,3,45,0,49,25,0,74,1,57,58,3,119,329,0,329,448
03/08/2018,CPS,IL,AGL,CE,Towers with Radar,1,17,43,6,67,0,47,59,0,106,1,64,102,6,173,201,0,201,374
03/09/2018,CPS,IL,AGL,CE,Towers with Radar,2,9,45,0,56,0,47,63,0,110,2,56,108,0,166,192,0,192,358
03/10/2018,CPS,IL,AGL,CE,Towers with Radar,4,4,56,2,66,0,30,65,0,95,4,34,121,2,161,226,0,226,387
03/11/2018,CPS,IL,AGL,CE,Towers with Radar,0,4,55,0,59,0,3,6,0,9,0,7,61,0,68,0,0,0,68
03/12/2018,CPS,IL,AGL,CE,Towers with Radar,0,0,21,0,21,0,12,34,0,46,0,12,55,0,67,127,0,127,194
03/13/2018,CPS,IL,AGL,CE,Towers with Radar,0,3,22,10,35,0,39,38,0,77,0,42,60,10,112,114,0,114,226
03/14/2018,CPS,IL,AGL,CE,Towers with Radar,0,12,31,6,49,0,23,50,0,73,0,35,81,6,122,71,0,71,193
03/15/2018,CPS,IL,AGL,CE,Towers with Radar,0,8,30,0,38,1,28,88,0,117,1,36,118,0,155,233,0,233,388
03/16/2018,CPS,IL,AGL,CE,Towers with Radar,0,2,13,1,16,0,11,21,1,33,0,13,34,2,49,26,0,26,75
03/17/2018,CPS,IL,AGL,CE,Towers with Radar,0,2,24,0,26,0,9,16,1,26,0,11,40,1,52,48,0,48,100
03/18/2018,CPS,IL,AGL,CE,Towers with Radar,0,4,26,1,31,0,2,16,0,18,0,6,42,1,49,15,0,15,64
03/19/2018,CPS,IL,AGL,CE,Towers with Radar,0,2,20,0,22,0,0,5,0,5,0,2,25,0,27,8,0,8,35
03/20/2018,CPS,IL,AGL,CE,Towers with Radar,1,6,17,0,24,0,24,32,0,56,1,30,49,0,80,100,0,100,180
03/21/2018,CPS,IL,AGL,CE,Towers with Radar,0,5,19,0,24,0,61,63,2,126,0,66,82,2,150,292,0,292,442
03/22/2018,CPS,IL,AGL,CE,Towers with Radar,0,9,26,0,35,0,49,64,5,118,0,58,90,5,153,188,0,188,341
03/23/2018,CPS,IL,AGL,CE,Towers with Radar,0,3,29,0,32,0,20,29,2,51,0,23,58,2,83,163,0,163,246
03/24/2018,CPS,IL,AGL,CE,Towers with Radar,0,2,2,0,4,0,0,3,0,3,0,2,5,0,7,0,0,0,7
03/25/2018,CPS,IL,AGL,CE,Towers with Radar,0,4,19,0,23,0,10,47,18,75,0,14,66,18,98,136,0,136,234
03/26/2018,CPS,IL,AGL,CE,Towers with Radar,0,1,18,1,20,0,5,16,2,23,0,6,34,3,43,57,0,57,100
03/27/2018,CPS,IL,AGL,CE,Towers with Radar,0,7,23,0,30,0,0,5,0,5,0,7,28,0,35,52,0,52,87
03/28/2018,CPS,IL,AGL,CE,Towers with Radar,0,15,19,0,34,0,0,18,7,25,0,15,37,7,59,139,10,149,208
03/29/2018,CPS,IL,AGL,CE,Towers with Radar,0,10,21,4,35,0,0,0,0,0,0,10,21,4,35,0,0,0,35
03/30/2018,CPS,IL,AGL,CE,Towers with Radar,0,1,21,0,22,0,3,67,3,73,0,4,88,3,95,166,2,168,263
03/31/2018,CPS,IL,AGL,CE,Towers with Radar,0,0,20,0,20,0,9,18,0,27,0,9,38,0,47,37,0,37,84
04/01/2018,CPS,IL,AGL,CE,Towers with Radar,0,3,8,0,11,0,0,14,0,14,0,3,22,0,25,9,0,9,34
04/02/2018,CPS,IL,AGL,CE,Towers with Radar,0,2,21,0,23,0,0,0,0,0,0,2,21,0,23,0,0,0,23
04/03/2018,CPS,IL,AGL,CE,Towers with Radar,2,0,25,0,27,0,2,14,0,16,2,2,39,0,43,21,0,21,64
04/04/2018,CPS,IL,AGL,CE,Towers with Radar,1,7,33,0,41,0,53,64,3,120,1,60,97,3,161,275,0,275,436
04/05/2018,CPS,IL,AGL,CE,Towers with Radar,0,13,48,1,62,0,63,82,2,147,0,76,130,3,209,253,0,253,462
04/06/2018,CPS,IL,AGL,CE,Towers with Radar,0,7,25,0,32,0,27,30,1,58,0,34,55,1,90,124,0,124,214
04/07/2018,CPS,IL,AGL,CE,Towers with Radar,0,5,17,2,24,0,43,42,5,90,0,48,59,7,114,170,0,170,284
04/08/2018,CPS,IL,AGL,CE,Towers with Radar,1,0,16,0,17,0,12,24,0,36,1,12,40,0,53,78,0,78,131
04/09/2018,CPS,IL,AGL,CE,Towers with Radar,0,8,21,6,35,0,41,60,0,101,0,49,81,6,136,174,42,216,352
04/10/2018,CPS,IL,AGL,CE,Towers with Radar,0,8,31,1,40,0,64,53,1,118,0,72,84,2,158,231,0,231,389
04/11/2018,CPS,IL,AGL,CE,Towers with Radar,1,9,30,2,42,0,16,46,0,62,1,25,76,2,104,175,0,175,279
04/12/2018,CPS,IL,AGL,CE,Towers with Radar,0,6,38,0,44,0,15,51,0,66,0,21,89,0,110,89,0,89,199
04/13/2018,CPS,IL,AGL,CE,Towers with Radar,0,2,10,3,15,0,0,16,0,16,0,2,26,3,31,43,9,52,83
04/14/2018,CPS,IL,AGL,CE,Towers with Radar,0,1,18,0,19,0,5,10,0,15,0,6,28,0,34,35,0,35,69
04/15/2018,CPS,IL,AGL,CE,Towers with Radar,0,6,6,0,12,0,3,15,3,21,0,9,21,3,33,17,0,17,50
04/16/2018,CPS,IL,AGL,CE,Towers with Radar,0,8,25,1,34,0,11,35,2,48,0,19,60,3,82,63,0,63,145
04/17/2018,CPS,IL,AGL,CE,Towers with Radar,0,8,31,1,40,0,64,90,3,157,0,72,121,4,197,429,0,429,626
04/18/2018,CPS,IL,AGL,CE,Towers with Radar,0,12,26,0,38,0,21,22,0,43,0,33,48,0,81,68,0,68,149
04/19/2018,CPS,IL,AGL,CE,Towers with Radar,2,5,34,3,44,0,61,57,3,121,2,66,91,6,165,409,0,409,574
04/20/2018,CPS,IL,AGL,CE,Towers with Radar,0,13,36,0,49,0,50,69,2,121,0,63,105,2,170,446,0,446,616
04/21/2018,CPS,IL,AGL,CE,Towers with Radar,0,9,26,0,35,0,37,191,6,234,0,46,217,6,269,105,0,105,374
04/22/2018,CPS,IL,AGL,CE,Towers with Radar,2,14,21,0,37,0,8,19,0,27,2,22,40,0,64,37,0,37,101
04/23/2018,CPS,IL,AGL,CE,Towers with Radar,0,10,30,3,43,0,0,8,0,8,0,10,38,3,51,147,0,147,198
04/24/2018,CPS,IL,AGL,CE,Towers with Radar,0,8,23,4,35,0,21,28,1,50,0,29,51,5,85,236,0,236,321
04/25/2018,CPS,IL,AGL,CE,Towers with Radar,0,11,21,1,33,0,55,65,1,121,0,66,86,2,154,269,0,269,423
04/26/2018,CPS,IL,AGL,CE,Towers with Radar,3,4,44,5,56,0,54,65,1,120,3,58,109,6,176,354,0,354,530
04/27/2018,CPS,IL,AGL,CE,Towers with Radar,0,6,33,0,39,0,45,65,3,113,0,51,98,3,152,264,0,264,416
04/28/2018,CPS,IL,AGL,CE,Towers with Radar,0,5,23,0,28,0,31,88,0,119,0,36,111,0,147,170,0,170,317
04/29/2018,CPS,IL,AGL,CE,Towers with Radar,1,1,19,0,21,1,22,61,0,84,2,23,80,0,105,55,0,55,160
04/30/2018,CPS,IL,AGL,CE,Towers with Radar,0,8,18,2,28,0,38,59,0,97,0,46,77,2,125,263,4,267,392
05/01/2018,CPS,IL,AGL,CE,Towers with Radar,1,4,22,1,28,0,24,43,1,68,1,28,65,2,96,111,0,111,207
05/02/2018,CPS,IL,AGL,CE,Towers with Radar,0,6,35,0,41,0,18,60,0,78,0,24,95,0,119,67,0,67,186
05/03/2018,CPS,IL,AGL,CE,Towers with Radar,0,4,19,0,23,0,13,23,2,38,0,17,42,2,61,55,0,55,116
05/04/2018,CPS,IL,AGL,CE,Towers with Radar,0,7,44,4,55,0,51,59,2,112,0,58,103,6,167,269,0,269,436
05/05/2018,CPS,IL,AGL,CE,Towers with Radar,0,5,30,0,35,0,28,82,2,112,0,33,112,2,147,260,0,260,407
05/06/2018,CPS,IL,AGL,CE,Towers with Radar,0,7,31,1,39,0,11,55,0,66,0,18,86,1,105,226,0,226,331
05/07/2018,CPS,IL,AGL,CE,Towers with Radar,0,1,25,2,28,0,49,77,0,126,0,50,102,2,154,197,0,197,351
05/08/2018,CPS,IL,AGL,CE,Towers with Radar,0,11,23,0,34,0,56,71,0,127,0,67,94,0,161,236,0,236,397
05/09/2018,CPS,IL,AGL,CE,Towers with Radar,2,0,24,2,28,0,3,36,0,39,2,3,60,2,67,114,0,114,181
05/10/2018,CPS,IL,AGL,CE,Towers with Radar,0,5,24,3,32,0,55,88,1,144,0,60,112,4,176,359,0,359,535
05/11/2018,CPS,IL,AGL,CE,Towers with Radar,0,2,24,0,26,0,37,60,0,97,0,39,84,0,123,132,0,132,255
05/12/2018,CPS,IL,AGL,CE,Towers with Radar,0,3,18,1,22,0,21,60,0,81,0,24,78,1,103,41,0,41,144
05/13/2018,CPS,IL,AGL,CE,Towers with Radar,0,2,21,1,24,0,10,58,0,68,0,12,79,1,92,73,0,73,165
05/14/2018,CPS,IL,AGL,CE,Towers with Radar,0,5,24,3,32,0,30,49,0,79,0,35,73,3,111,267,0,267,378
05/15/2018,CPS,IL,AGL,CE,Towers with Radar,0,10,31,0,41,0,31,49,1,81,0,41,80,1,122,253,0,253,375
05/16/2018,CPS,IL,AGL,CE,Towers with Radar,2,12,38,1,53,0,29,67,0,96,2,41,105,1,149,241,0,241,390
05/17/2018,CPS,IL,AGL,CE,Towers with Radar,0,8,42,0,50,0,17,70,0,87,0,25,112,0,137,162,0,162,299
05/18/2018,CPS,IL,AGL,CE,Towers with Radar,0,5,32,1,38,0,0,1,0,1,0,5,33,1,39,0,0,0,39
05/19/2018,CPS,IL,AGL,CE,Towers with Radar,0,4,21,0,25,0,4,38,0,42,0,8,59,0,67,91,0,91,158
05/20/2018,CPS,IL,AGL,CE,Towers with Radar,0,3,30,0,33,0,23,42,0,65,0,26,72,0,98,76,0,76,174
05/21/2018,CPS,IL,AGL,CE,Towers with Radar,0,2,28,0,30,0,23,56,0,79,0,25,84,0,109,233,0,233,342
05/22/2018,CPS,IL,AGL,CE,Towers with Radar,0,9,32,0,41,0,38,86,3,127,0,47,118,3,168,233,0,233,401
05/23/2018,CPS,IL,AGL,CE,Towers with Radar,0,8,36,5,49,0,47,93,3,143,0,55,129,8,192,298,0,298,490
05/24/2018,CPS,IL,AGL,CE,Towers with Radar,2,6,37,0,45,0,31,72,2,105,2,37,109,2,150,346,0,346,496
05/25/2018,CPS,IL,AGL,CE,Towers with Radar,0,1,22,0,23,0,14,51,2,67,0,15,73,2,90,157,0,157,247
05/26/2018,CPS,IL,AGL,CE,Towers with Radar,0,2,11,0,13,0,12,61,0,73,0,14,72,0,86,130,0,130,216
05/27/2018,CPS,IL,AGL,CE,Towers with Radar,0,2,19,0,21,0,9,40,0,49,0,11,59,0,70,48,0,48,118
05/28/2018,CPS,IL,AGL,CE,Towers with Radar,0,0,33,0,33,0,4,58,0,62,0,4,91,0,95,103,0,103,198
05/29/2018,CPS,IL,AGL,CE,Towers with Radar,0,9,21,1,31,1,19,32,0,52,1,28,53,1,83,236,0,236,319
05/30/2018,CPS,IL,AGL,CE,Towers with Radar,2,8,34,2,46,0,15,52,0,67,2,23,86,2,113,121,0,121,234
05/31/2018,CPS,IL,AGL,CE,Towers with Radar,0,3,19,2,24,0,14,39,0,53,0,17,58,2,77,128,0,128,205
06/01/2018,CPS,IL,AGL,CE,Towers with Radar,0,6,21,17,44,0,43,89,21,153,0,49,110,38,197,248,0,248,445
06/02/2018,CPS,IL,AGL,CE,Towers with Radar,0,4,21,0,25,0,13,46,0,59,0,17,67,0,84,72,0,72,156
06/03/2018,CPS,IL,AGL,CE,Towers with Radar,0,4,30,2,36,0,3,63,1,67,0,7,93,3,103,16,0,16,119
06/04/2018,CPS,IL,AGL,CE,Towers with Radar,2,11,26,0,39,0,35,88,4,127,2,46,114,4,166,395,0,395,561
06/05/2018,CPS,IL,AGL,CE,Towers with Radar,1,16,28,1,46,0,47,72,4,123,1,63,100,5,169,249,0,249,418
06/06/2018,CPS,IL,AGL,CE,Towers with Radar,0,8,20,2,30,0,33,81,1,115,0,41,101,3,145,300,0,300,445
06/07/2018,CPS,IL,AGL,CE,Towers with Radar,2,8,31,1,42,0,21,64,2,87,2,29,95,3,129,265,0,265,394
06/08/2018,CPS,IL,AGL,CE,Towers with Radar,0,4,20,2,26,0,26,74,0,100,0,30,94,2,126,178,0,178,304
06/09/2018,CPS,IL,AGL,CE,Towers with Radar,0,0,21,0,21,0,6,28,0,34,0,6,49,0,55,40,0,40,95
06/10/2018,CPS,IL,AGL,CE,Towers with Radar,3,4,18,0,25,0,11,67,0,78,3,15,85,0,103,81,0,81,184
06/11/2018,CPS,IL,AGL,CE,Towers with Radar,0,3,26,1,30,0,24,51,0,75,0,27,77,1,105,147,0,147,252
06/12/2018,CPS,IL,AGL,CE,Towers with Radar,0,5,21,0,26,0,28,60,0,88,0,33,81,0,114,210,0,210,324
06/13/2018,CPS,IL,AGL,CE,Towers with Radar,0,7,32,2,41,0,52,95,3,150,0,59,127,5,191,265,0,265,456
06/14/2018,CPS,IL,AGL,CE,Towers with Radar,0,7,38,0,45,0,41,49,0,90,0,48,87,0,135,216,0,216,351
06/15/2018,CPS,IL,AGL,CE,Towers with Radar,0,7,35,0,42,0,22,62,1,85,0,29,97,1,127,239,0,239,366
06/16/2018,CPS,IL,AGL,CE,Towers with Radar,0,2,21,0,23,0,4,80,0,84,0,6,101,0,107,106,0,106,213
06/17/2018,CPS,IL,AGL,CE,Towers with Radar,1,5,27,0,33,0,3,64,2,69,1,8,91,2,102,67,0,67,169
06/18/2018,CPS,IL,AGL,CE,Towers with Radar,0,12,27,5,44,0,27,78,1,106,0,39,105,6,150,227,0,227,377
06/19/2018,CPS,IL,AGL,CE,Towers with Radar,0,7,17,0,24,0,21,45,1,67,0,28,62,1,91,155,0,155,246
06/20/2018,CPS,IL,AGL,CE,Towers with Radar,0,4,33,0,37,0,22,36,2,60,0,26,69,2,97,244,0,244,341
06/21/2018,CPS,IL,AGL,CE,Towers with Radar,0,16,40,2,58,0,9,29,0,38,0,25,69,2,96,145,0,145,241
06/22/2018,CPS,IL,AGL,CE,Towers with Radar,0,4,35,2,41,0,7,30,0,37,0,11,65,2,78,80,0,80,158
06/23/2018,CPS,IL,AGL,CE,Towers with Radar,0,16,29,0,45,0,7,83,0,90,0,23,112,0,135,154,0,154,289
06/24/2018,CPS,IL,AGL,CE,Towers with Radar,1,9,18,0,28,0,5,54,2,61,1,14,72,2,89,165,0,165,254
06/25/2018,CPS,IL,AGL,CE,Towers with Radar,0,3,20,0,23,0,4,58,0,62,0,7,78,0,85,223,0,223,308
06/26/2018,CPS,IL,AGL,CE,Towers with Radar,0,9,22,0,31,0,45,27,0,72,0,54,49,0,103,134,0,134,237
06/27/2018,CPS,IL,AGL,CE,Towers with Radar,1,11,39,0,51,0,47,79,1,127,1,58,118,1,178,270,0,270,448
06/28/2018,CPS,IL,AGL,CE,Towers with Radar,1,10,23,0,34,0,27,76,0,103,1,37,99,0,137,168,0,168,305
06/29/2018,CPS,IL,AGL,CE,Towers with Radar,0,3,30,0,33,0,35,121,1,157,0,38,151,1,190,169,0,169,359
06/30/2018,CPS,IL,AGL,CE,Towers with Radar,0,4,23,1,28,0,10,90,4,104,0,14,113,5,132,116,0,116,248
07/01/2018,CPS,IL,AGL,CE,Towers with Radar,2,1,26,0,29,0,9,68,0,77,2,10,94,0,106,42,0,42,148
07/02/2018,CPS,IL,AGL,CE,Towers with Radar,0,8,29,0,37,0,38,86,1,125,0,46,115,1,162,267,0,267,429
07/03/2018,CPS,IL,AGL,CE,Towers with Radar,0,5,12,0,17,0,25,89,1,115,0,30,101,1,132,70,0,70,202
07/04/2018,CPS,IL,AGL,CE,Towers with Radar,0,1,8,0,9,0,14,117,6,137,0,15,125,6,146,69,0,69,215
07/05/2018,CPS,IL,AGL,CE,Towers with Radar,0,12,31,4,47,0,32,58,9,99,0,44,89,13,146,118,0,118,264
07/06/2018,CPS,IL,AGL,CE,Towers with Radar,0,2,13,1,16,0,21,51,2,74,0,23,64,3,90,150,0,150,240
07/07/2018,CPS,IL,AGL,CE,Towers with Radar,0,4,15,0,19,0,6,110,2,118,0,10,125,2,137,69,0,69,206
07/08/2018,CPS,IL,AGL,CE,Towers with Radar,0,4,18,0,22,0,4,101,1,106,0,8,119,1,128,137,0,137,265
07/09/2018,CPS,IL,AGL,CE,Towers with Radar,0,10,20,2,32,0,24,40,0,64,0,34,60,2,96,171,0,171,267
07/10/2018,CPS,IL,AGL,CE,Towers with Radar,0,7,14,0,21,0,50,49,0,99,0,57,63,0,120,125,0,125,245
07/11/2018,CPS,IL,AGL,CE,Towers with Radar,0,11,36,0,47,0,42,75,0,117,0,53,111,0,164,146,0,146,310
07/12/2018,CPS,IL,AGL,CE,Towers with Radar,0,8,29,0,37,0,49,60,0,109,0,57,89,0,146,55,0,55,201
07/13/2018,CPS,IL,AGL,CE,Towers with Radar,2,12,37,0,51,0,37,61,1,99,2,49,98,1,150,124,0,124,274
07/14/2018,CPS,IL,AGL,CE,Towers with Radar,0,2,16,0,18,0,4,100,5,109,0,6,116,5,127,30,0,30,157
07/15/2018,CPS,IL,AGL,CE,Towers with Radar,2,6,33,0,41,0,1,46,0,47,2,7,79,0,88,15,0,15,103
07/16/2018,CPS,IL,AGL,CE,Towers with Radar,0,7,26,0,33,0,18,56,2,76,0,25,82,2,109,149,0,149,258
07/17/2018,CPS,IL,AGL,CE,Towers with Radar,0,9,37,2,48,0,38,58,2,98,0,47,95,4,146,174,0,174,320
07/18/2018,CPS,IL,AGL,CE,Towers with Radar,0,7,29,0,36,0,42,77,1,120,0,49,106,1,156,160,0,160,316
07/19/2018,CPS,IL,AGL,CE,Towers with Radar,1,1,26,2,30,0,25,54,0,79,1,26,80,2,109,111,0,111,220
07/20/2018,CPS,IL,AGL,CE,Towers with Radar,0,9,33,4,46,0,35,64,0,99,0,44,97,4,145,96,0,96,241
07/21/2018,CPS,IL,AGL,CE,Towers with Radar,0,2,10,0,12,0,6,62,0,68,0,8,72,0,80,19,0,19,99
07/22/2018,CPS,IL,AGL,CE,Towers with Radar,0,2,27,0,29,0,4,56,0,60,0,6,83,0,89,38,0,38,127
07/23/2018,CPS,IL,AGL,CE,Towers with Radar,0,4,25,0,29,0,32,57,0,89,0,36,82,0,118,199,0,199,317
07/24/2018,CPS,IL,AGL,CE,Towers with Radar,0,7,26,0,33,0,37,66,4,107,0,44,92,4,140,164,0,164,304
07/25/2018,CPS,IL,AGL,CE,Towers with Radar,2,7,30,3,42,0,33,79,0,112,2,40,109,3,154,186,0,186,340
07/26/2018,CPS,IL,AGL,CE,Towers with Radar,0,4,28,2,34,0,50,47,0,97,0,54,75,2,131,165,0,165,296
07/27/2018,CPS,IL,AGL,CE,Towers with Radar,0,1,34,5,40,0,20,79,4,103,0,21,113,9,143,140,0,140,283
07/28/2018,CPS,IL,AGL,CE,Towers with Radar,0,6,21,2,29,0,15,63,6,84,0,21,84,8,113,156,0,156,269
07/29/2018,CPS,IL,AGL,CE,Towers with Radar,1,5,26,1,33,0,2,28,1,31,1,7,54,2,64,36,0,36,100
07/30/2018,CPS,IL,AGL,CE,Towers with Radar,0,7,34,5,46,0,3,23,0,26,0,10,57,5,72,124,0,124,196
07/31/2018,CPS,IL,AGL,CE,Towers with Radar,0,4,10,1,15,0,6,24,0,30,0,10,34,1,45,57,0,57,102
08/01/2018,CPS,IL,AGL,CE,Towers with Radar,0,18,30,2,50,0,37,80,4,121,0,55,110,6,171,240,0,240,411
08/02/2018,CPS,IL,AGL,CE,Towers with Radar,2,9,26,2,39,0,41,60,0,101,2,50,86,2,140,148,0,148,288
08/03/2018,CPS,IL,AGL,CE,Towers with Radar,0,7,24,2,33,0,31,91,3,125,0,38,115,5,158,145,0,145,303
08/04/2018,CPS,IL,AGL,CE,Towers with Radar,0,1,19,2,22,0,11,68,1,80,0,12,87,3,102,164,0,164,266
08/05/2018,CPS,IL,AGL,CE,Towers with Radar,0,1,22,2,25,0,8,84,0,92,0,9,106,2,117,72,0,72,189
08/06/2018,CPS,IL,AGL,CE,Towers with Radar,0,7,19,2,28,0,22,52,5,79,0,29,71,7,107,70,0,70,177
08/07/2018,CPS,IL,AGL,CE,Towers with Radar,0,7,19,2,28,0,7,21,0,28,0,14,40,2,56,45,0,45,101
08/08/2018,CPS,IL,AGL,CE,Towers with Radar,0,3,44,1,48,0,22,90,6,118,0,25,134,7,166,150,0,150,316
08/09/2018,CPS,IL,AGL,CE,Towers with Radar,0,3,24,0,27,0,38,79,0,117,0,41,103,0,144,287,0,287,431
08/10/2018,CPS,IL,AGL,CE,Towers with Radar,0,7,34,0,41,0,19,38,0,57,0,26,72,0,98,122,0,122,220
08/11/2018,CPS,IL,AGL,CE,Towers with Radar,0,8,7,0,15,0,8,65,3,76,0,16,72,3,91,61,0,61,152
08/12/2018,CPS,IL,AGL,CE,Towers with Radar,1,2,22,0,25,0,5,61,0,66,1,7,83,0,91,74,0,74,165
08/13/2018,CPS,IL,AGL,CE,Towers with Radar,0,11,26,2,39,0,19,70,0,89,0,30,96,2,128,158,0,158,286
08/14/2018,CPS,IL,AGL,CE,Towers with Radar,0,8,38,2,48,0,22,54,0,76,0,30,92,2,124,156,0,156,280
08/15/2018,CPS,IL,AGL,CE,Towers with Radar,0,7,27,2,36,0,3,4,0,7,0,10,31,2,43,0,0,0,43
08/16/2018,CPS,IL,AGL,CE,Towers with Radar,0,2,35,0,37,0,19,50,2,71,0,21,85,2,108,152,18,170,278
08/17/2018,CPS,IL,AGL,CE,Towers with Radar,0,6,27,0,33,0,38,71,0,109,0,44,98,0,142,94,0,94,236
08/18/2018,CPS,IL,AGL,CE,Towers with Radar,0,3,16,0,19,0,8,72,3,83,0,11,88,3,102,112,0,112,214
08/19/2018,CPS,IL,AGL,CE,Towers with Radar,1,4,43,2,50,0,9,46,0,55,1,13,89,2,105,66,0,66,171
08/20/2018,CPS,IL,AGL,CE,Towers with Radar,0,2,13,0,15,0,6,44,3,53,0,8,57,3,68,137,0,137,205
08/21/2018,CPS,IL,AGL,CE,Towers with Radar,0,10,23,4,37,0,8,33,1,42,0,18,56,5,79,31,0,31,110
08/22/2018,CPS,IL,AGL,CE,Towers with Radar,0,9,26,1,36,0,24,79,1,104,0,33,105,2,140,155,0,155,295
08/23/2018,CPS,IL,AGL,CE,Towers with Radar,0,11,30,0,41,0,26,72,0,98,0,37,102,0,139,185,0,185,324
08/24/2018,CPS,IL,AGL,CE,Towers with Radar,0,10,30,4,44,0,2,15,0,17,0,12,45,4,61,8,0,8,69
08/25/2018,CPS,IL,AGL,CE,Towers with Radar,0,8,26,0,34,0,13,71,3,87,0,21,97,3,121,138,0,138,259
08/26/2018,CPS,IL,AGL,CE,Towers with Radar,1,9,25,4,39,0,2,56,1,59,1,11,81,5,98,39,0,39,137
08/27/2018,CPS,IL,AGL,CE,Towers with Radar,0,3,29,0,32,0,8,69,1,78,0,11,98,1,110,51,0,51,161
08/28/2018,CPS,IL,AGL,CE,Towers with Radar,0,7,22,3,32,0,23,52,4,79,0,30,74,7,111,50,6,56,167
08/29/2018,CPS,IL,AGL,CE,Towers with Radar,1,3,25,0,29,0,5,19,0,24,1,8,44,0,53,54,0,54,107
08/30/2018,CPS,IL,AGL,CE,Towers with Radar,1,6,33,0,40,0,20,42,0,62,1,26,75,0,102,210,0,210,312
08/31/2018,CPS,IL,AGL,CE,Towers with Radar,0,4,33,0,37,0,38,70,2,110,0,42,103,2,147,224,0,224,371
09/01/2018,CPS,IL,AGL,CE,Towers with Radar,0,0,24,0,24,0,24,89,0,113,0,24,113,0,137,141,0,141,278
09/02/2018,CPS,IL,AGL,CE,Towers with Radar,2,0,21,0,23,0,13,80,0,93,2,13,101,0,116,34,0,34,150
09/03/2018,CPS,IL,AGL,CE,Towers with Radar,0,1,25,0,26,0,12,76,0,88,0,13,101,0,114,96,0,96,210
09/04/2018,CPS,IL,AGL,CE,Towers with Radar,0,7,15,0,22,0,38,59,0,97,0,45,74,0,119,155,0,155,274
09/05/2018,CPS,IL,AGL,CE,Towers with Radar,0,6,20,2,28,0,42,59,1,102,0,48,79,3,130,138,0,138,268
09/06/2018,CPS,IL,AGL,CE,Towers with Radar,0,13,22,4,39,0,46,45,3,94,0,59,67,7,133,287,0,287,420
09/07/2018,CPS,IL,AGL,CE,Towers with Radar,0,13,20,1,34,0,9,21,0,30,0,22,41,1,64,123,0,123,187
09/08/2018,CPS,IL,AGL,CE,Towers with Radar,0,1,14,2,17,0,1,1,0,2,0,2,15,2,19,0,0,0,19
09/09/2018,CPS,IL,AGL,CE,Towers with Radar,1,3,14,17,35,0,5,29,1,35,1,8,43,18,70,155,0,155,225
09/10/2018,CPS,IL,AGL,CE,Towers with Radar,0,6,34,1,41,0,56,112,0,168,0,62,146,1,209,376,0,376,585
09/11/2018,CPS,IL,AGL,CE,Towers with Radar,0,5,23,4,32,0,62,65,0,127,0,67,88,4,159,263,0,263,422
09/12/2018,CPS,IL,AGL,CE,Towers with Radar,0,10,33,4,47,0,66,66,1,133,0,76,99,5,180,366,10,376,556
09/13/2018,CPS,IL,AGL,CE,Towers with Radar,0,11,37,1,49,0,61,76,3,140,0,72,113,4,189,242,0,242,431
09/14/2018,CPS,IL,AGL,CE,Towers with Radar,0,8,50,5,63,5,35,108,4,152,5,43,158,9,215,316,0,316,531
09/15/2018,CPS,IL,AGL,CE,Towers with Radar,0,8,19,1,28,0,33,92,2,127,0,41,111,3,155,92,0,92,247
09/16/2018,CPS,IL,AGL,CE,Towers with Radar,0,3,28,4,35,0,22,45,2,69,0,25,73,6,104,19,0,19,123
09/17/2018,CPS,IL,AGL,CE,Towers with Radar,0,4,29,1,34,0,39,45,0,84,0,43,74,1,118,292,0,292,410
09/18/2018,CPS,IL,AGL,CE,Towers with Radar,1,11,27,1,40,0,37,45,0,82,1,48,72,1,122,204,0,204,326
09/19/2018,CPS,IL,AGL,CE,Towers with Radar,6,9,31,0,46,0,50,74,3,127,6,59,105,3,173,305,0,305,478
09/20/2018,CPS,IL,AGL,CE,Towers with Radar,1,10,40,0,51,0,41,60,1,102,1,51,100,1,153,191,0,191,344
09/21/2018,CPS,IL,AGL,CE,Towers with Radar,2,2,49,3,56,0,24,44,0,68,2,26,93,3,124,180,0,180,304
09/22/2018,CPS,IL,AGL,CE,Towers with Radar,0,3,32,2,37,0,31,71,0,102,0,34,103,2,139,200,0,200,339
09/23/2018,CPS,IL,AGL,CE,Towers with Radar,3,8,46,0,57,0,8,63,3,74,3,16,109,3,131,157,0,157,288
09/24/2018,CPS,IL,AGL,CE,Towers with Radar,0,12,26,3,41,0,5,15,1,21,0,17,41,4,62,91,0,91,153
09/25/2018,CPS,IL,AGL,CE,Towers with Radar,1,6,11,1,19,0,10,29,1,40,1,16,40,2,59,287,0,287,346
09/26/2018,CPS,IL,AGL,CE,Towers with Radar,0,3,35,1,39,0,76,53,1,130,0,79,88,2,169,392,0,392,561
09/27/2018,CPS,IL,AGL,CE,Towers with Radar,1,4,27,2,34,0,60,74,1,135,1,64,101,3,169,342,0,342,511
09/28/2018,CPS,IL,AGL,CE,Towers with Radar,0,4,25,0,29,0,60,85,0,145,0,64,110,0,174,270,0,270,444
09/29/2018,CPS,IL,AGL,CE,Towers with Radar,0,3,16,0,19,0,31,81,0,112,0,34,97,0,131,167,0,167,298
09/30/2018,CPS,IL,AGL,CE,Towers with Radar,1,6,18,0,25,0,17,64,0,81,1,23,82,0,106,213,0,213,319
10/01/2018,CPS,IL,AGL,CE,Towers with Radar,0,14,26,1,41,0,44,46,6,96,0,58,72,7,137,226,0,226,363
10/02/2018,CPS,IL,AGL,CE,Towers with Radar,0,2,20,0,22,0,59,54,0,113,0,61,74,0,135,356,0,356,491
10/03/2018,CPS,IL,AGL,CE,Towers with Radar,1,11,33,0,45,0,20,61,0,81,1,31,94,0,126,200,0,200,326
10/04/2018,CPS,IL,AGL,CE,Towers with Radar,0,17,38,5,60,0,14,50,1,65,0,31,88,6,125,439,0,439,564
10/05/2018,CPS,IL,AGL,CE,Towers with Radar,0,3,40,2,45,0,36,61,1,98,0,39,101,3,143,324,0,324,467
10/06/2018,CPS,IL,AGL,CE,Towers with Radar,0,4,14,0,18,1,17,58,0,76,1,21,72,0,94,128,0,128,222
10/07/2018,CPS,IL,AGL,CE,Towers with Radar,0,5,18,0,23,3,8,29,0,40,3,13,47,0,63,123,0,123,186
10/08/2018,CPS,IL,AGL,CE,Towers with Radar,0,5,17,0,22,0,8,89,0,97,0,13,106,0,119,339,0,339,458
10/09/2018,CPS,IL,AGL,CE,Towers with Radar,0,1,28,0,29,0,23,47,0,70,0,24,75,0,99,310,0,310,409
10/10/2018,CPS,IL,AGL,CE,Towers with Radar,1,5,28,0,34,0,17,28,0,45,1,22,56,0,79,325,0,325,404
10/11/2018,CPS,IL,AGL,CE,Towers with Radar,0,11,36,3,50,0,56,92,1,149,0,67,128,4,199,400,0,400,599
10/12/2018,CPS,IL,AGL,CE,Towers with Radar,0,4,41,2,47,0,9,33,1,43,0,13,74,3,90,231,0,231,321
10/13/2018,CPS,IL,AGL,CE,Towers with Radar,1,5,34,0,40,0,16,55,2,73,1,21,89,2,113,259,0,259,372
10/14/2018,CPS,IL,AGL,CE,Towers with Radar,0,21,17,8,46,0,1,9,0,10,0,22,26,8,56,86,0,86,142
10/15/2018,CPS,IL,AGL,CE,Towers with Radar,0,7,25,0,32,0,24,51,2,77,0,31,76,2,109,179,0,179,288
10/16/2018,CPS,IL,AGL,CE,Towers with Radar,0,4,35,0,39,0,28,57,0,85,0,32,92,0,124,350,0,350,474
10/17/2018,CPS,IL,AGL,CE,Towers with Radar,0,4,48,1,53,0,58,76,0,134,0,62,124,1,187,355,0,355,542
10/18/2018,CPS,IL,AGL,CE,Towers with Radar,0,10,24,1,35,0,44,81,5,130,0,54,105,6,165,301,0,301,466
10/19/2018,CPS,IL,AGL,CE,Towers with Radar,0,3,36,7,46,0,34,56,1,91,0,37,92,8,137,136,0,136,273
10/20/2018,CPS,IL,AGL,CE,Towers with Radar,0,0,13,2,15,0,14,48,0,62,0,14,61,2,77,65,0,65,142
10/21/2018,CPS,IL,AGL,CE,Towers with Radar,0,0,22,4,26,0,15,101,0,116,0,15,123,4,142,145,0,145,287
10/22/2018,CPS,IL,AGL,CE,Towers with Radar,0,2,35,0,37,0,35,93,0,128,0,37,128,0,165,336,0,336,501
10/23/2018,CPS,IL,AGL,CE,Towers with Radar,0,2,18,0,20,0,28,87,0,115,0,30,105,0,135,345,0,345,480
10/24/2018,CPS,IL,AGL,CE,Towers with Radar,1,13,28,2,44,2,42,84,0,128,3,55,112,2,172,423,0,423,595
10/25/2018,CPS,IL,AGL,CE,Towers with Radar,0,9,28,0,37,0,75,63,0,138,0,84,91,0,175,333,0,333,508
10/26/2018,CPS,IL,AGL,CE,Towers with Radar,1,11,31,1,44,0,1,0,0,1,1,12,31,1,45,0,0,0,45
10/27/2018,CPS,IL,AGL,CE,Towers with Radar,0,3,22,0,25,0,20,68,0,88,0,23,90,0,113,344,0,344,457
10/28/2018,CPS,IL,AGL,CE,Towers with Radar,0,2,18,0,20,0,3,10,0,13,0,5,28,0,33,0,0,0,33
10/29/2018,CPS,IL,AGL,CE,Towers with Radar,0,10,29,0,39,0,52,73,1,126,0,62,102,1,165,301,0,301,466
10/30/2018,CPS,IL,AGL,CE,Towers with Radar,0,7,18,0,25,0,23,58,0,81,0,30,76,0,106,205,0,205,311
10/31/2018,CPS,IL,AGL,CE,Towers with Radar,2,3,28,0,33,0,2,28,2,32,2,5,56,2,65,98,0,98,163
11/01/2018,CPS,IL,AGL,CE,Towers with Radar,0,10,18,0,28,0,2,9,0,11,0,12,27,0,39,20,0,20,59
11/02/2018,CPS,IL,AGL,CE,Towers with Radar,2,6,23,0,31,0,23,18,0,41,2,29,41,0,72,245,0,245,317
11/03/2018,CPS,IL,AGL,CE,Towers with Radar,1,3,14,0,18,0,9,55,0,64,1,12,69,0,82,235,0,235,317
11/04/2018,CPS,IL,AGL,CE,Towers with Radar,0,0,20,0,20,0,0,18,0,18,0,0,38,0,38,10,0,10,48
11/05/2018,CPS,IL,AGL,CE,Towers with Radar,2,10,15,4,31,0,19,34,0,53,2,29,49,4,84,113,8,121,205
11/06/2018,CPS,IL,AGL,CE,Towers with Radar,1,8,17,1,27,0,38,65,0,103,1,46,82,1,130,335,0,335,465
11/07/2018,CPS,IL,AGL,CE,Towers with Radar,0,14,26,2,42,0,75,82,2,159,0,89,108,4,201,322,0,322,523
11/08/2018,CPS,IL,AGL,CE,Towers with Radar,0,6,23,0,29,0,28,28,0,56,0,34,51,0,85,387,0,387,472
11/09/2018,CPS,IL,AGL,CE,Towers with Radar,0,10,21,0,31,0,6,17,0,23,0,16,38,0,54,83,0,83,137
11/10/2018,CPS,IL,AGL,CE,Towers with Radar,2,0,17,0,19,0,34,70,0,104,2,34,87,0,123,114,0,114,237
11/11/2018,CPS,IL,AGL,CE,Towers with Radar,2,5,15,0,22,0,19,58,0,77,2,24,73,0,99,113,0,113,212
11/12/2018,CPS,IL,AGL,CE,Towers with Radar,0,1,16,0,17,0,15,5,0,20,0,16,21,0,37,38,0,38,75
11/13/2018,CPS,IL,AGL,CE,Towers with Radar,0,3,22,2,27,0,37,33,1,71,0,40,55,3,98,253,0,253,351
11/14/2018,CPS,IL,AGL,CE,Towers with Radar,0,9,26,1,36,0,58,24,2,84,0,67,50,3,120,350,0,350,470
11/15/2018,CPS,IL,AGL,CE,Towers with Radar,0,1,5,0,6,0,2,21,0,23,0,3,26,0,29,13,0,13,42
11/16/2018,CPS,IL,AGL,CE,Towers with Radar,0,1,19,2,22,0,51,72,1,124,0,52,91,3,146,244,0,244,390
11/17/2018,CPS,IL,AGL,CE,Towers with Radar,0,2,6,2,10,0,30,58,0,88,0,32,64,2,98,194,0,194,292
11/18/2018,CPS,IL,AGL,CE,Towers with Radar,0,0,11,0,11,0,0,0,0,0,0,0,11,0,11,0,0,0,11
11/19/2018,CPS,IL,AGL,CE,Towers with Radar,1,5,20,0,26,0,2,11,0,13,1,7,31,0,39,67,0,67,106
11/20/2018,CPS,IL,AGL,CE,Towers with Radar,0,5,25,0,30,0,11,35,0,46,0,16,60,0,76,263,0,263,339
11/21/2018,CPS,IL,AGL,CE,Towers with Radar,0,5,16,0,21,0,5,86,0,91,0,10,102,0,112,94,0,94,206
11/22/2018,CPS,IL,AGL,CE,Towers with Radar,1,3,5,0,9,0,13,14,2,29,1,16,19,2,38,10,0,10,48
11/23/2018,CPS,IL,AGL,CE,Towers with Radar,1,1,7,0,9,0,4,19,0,23,1,5,26,0,32,10,0,10,42
11/24/2018,CPS,IL,AGL,CE,Towers with Radar,1,4,19,0,24,0,7,59,0,66,1,11,78,0,90,89,0,89,179
11/25/2018,CPS,IL,AGL,CE,Towers with Radar,0,1,19,0,20,0,3,11,0,14,0,4,30,0,34,25,0,25,59
11/26/2018,CPS,IL,AGL,CE,Towers with Radar,0,3,9,0,12,0,21,13,0,34,0,24,22,0,46,158,0,158,204
11/27/2018,CPS,IL,AGL,CE,Towers with Radar,0,7,23,2,32,0,64,54,0,118,0,71,77,2,150,224,0,224,374
11/28/2018,CPS,IL,AGL,CE,Towers with Radar,0,11,34,3,48,0,74,80,0,154,0,85,114,3,202,287,0,287,489
11/29/2018,CPS,IL,AGL,CE,Towers with Radar,0,10,33,3,46,0,71,42,1,114,0,81,75,4,160,363,0,363,523
11/30/2018,CPS,IL,AGL,CE,Towers with Radar,0,5,29,1,35,0,2,16,0,18,0,7,45,1,53,142,0,142,195
12/01/2018,CPS,IL,AGL,CE,Towers with Radar,0,3,14,0,17,0,9,6,0,15,0,12,20,0,32,15,0,15,47
12/02/2018,CPS,IL,AGL,CE,Towers with Radar,0,3,14,0,17,0,14,7,0,21,0,17,21,0,38,19,0,19,57
12/03/2018,CPS,IL,AGL,CE,Towers with Radar,0,4,16,2,22,0,6,23,0,29,0,10,39,2,51,222,0,222,273
12/04/2018,CPS,IL,AGL,CE,Towers with Radar,0,1,10,2,13,0,0,4,0,4,0,1,14,2,17,56,0,56,73
12/05/2018,CPS,IL,AGL,CE,Towers with Radar,0,9,31,4,44,0,94,102,0,196,0,103,133,4,240,462,0,462,702
12/06/2018,CPS,IL,AGL,CE,Towers with Radar,0,11,13,2,26,0,11,15,0,26,0,22,28,2,52,65,0,65,117
12/07/2018,CPS,IL,AGL,CE,Towers with Radar,2,6,24,0,32,0,5,27,0,32,2,11,51,0,64,487,0,487,551
12/08/2018,CPS,IL,AGL,CE,Towers with Radar,0,5,17,0,22,0,27,57,3,87,0,32,74,3,109,239,0,239,348
12/09/2018,CPS,IL,AGL,CE,Towers with Radar,2,0,14,2,18,0,10,46,1,57,2,10,60,3,75,132,0,132,207
12/10/2018,CPS,IL,AGL,CE,Towers with Radar,0,2,16,1,19,0,40,61,0,101,0,42,77,1,120,354,0,354,474
12/11/2018,CPS,IL,AGL,CE,Towers with Radar,0,7,31,4,42,0,61,93,6,160,0,68,124,10,202,428,0,428,630
12/12/2018,CPS,IL,AGL,CE,Towers with Radar,0,7,29,3,39,0,68,82,0,150,0,75,111,3,189,339,0,339,528
12/13/2018,CPS,IL,AGL,CE,Towers with Radar,2,9,24,0,35,0,0,2,0,2,2,9,26,0,37,20,0,20,57
12/14/2018,CPS,IL,AGL,CE,Towers with Radar,1,4,26,0,31,0,0,0,0,0,1,4,26,0,31,0,0,0,31
12/15/2018,CPS,IL,AGL,CE,Towers with Radar,1,6,17,0,24,0,3,34,0,37,1,9,51,0,61,41,0,41,102
12/16/2018,CPS,IL,AGL,CE,Towers with Radar,1,2,22,0,25,0,17,92,3,112,1,19,114,3,137,156,0,156,293
12/17/2018,CPS,IL,AGL,CE,Towers with Radar,0,7,15,1,23,0,63,71,0,134,0,70,86,1,157,239,0,239,396
12/18/2018,CPS,IL,AGL,CE,Towers with Radar,0,4,28,3,35,0,37,87,3,127,0,41,115,6,162,334,0,334,496
12/19/2018,CPS,IL,AGL,CE,Towers with Radar,0,8,12,0,20,0,39,50,0,89,0,47,62,0,109,212,0,212,321
12/20/2018,CPS,IL,AGL,CE,Towers with Radar,0,7,19,0,26,0,1,3,0,4,0,8,22,0,30,23,0,23,53
12/21/2018,CPS,IL,AGL,CE,Towers with Radar,0,4,17,0,21,0,8,24,0,32,0,12,41,0,53,0,0,0,53
12/22/2018,CPS,IL,AGL,CE,Towers with Radar,0,6,26,0,32,0,6,92,0,98,0,12,118,0,130,163,0,163,293
12/23/2018,CPS,IL,AGL,CE,Towers with Radar,0,7,22,0,29,0,4,25,0,29,0,11,47,0,58,25,0,25,83
12/24/2018,CPS,IL,AGL,CE,Towers with Radar,0,1,6,0,7,0,6,29,3,38,0,7,35,3,45,66,0,66,111
12/25/2018,CPS,IL,AGL,CE,Towers with Radar,0,4,3,0,7,0,4,10,0,14,0,8,13,0,21,21,0,21,42
12/26/2018,CPS,IL,AGL,CE,Towers with Radar,0,4,9,0,13,0,3,34,0,37,0,7,43,0,50,84,0,84,134
12/27/2018,CPS,IL,AGL,CE,Towers with Radar,0,8,13,0,21,0,6,4,0,10,0,14,17,0,31,7,0,7,38
12/28/2018,CPS,IL,AGL,CE,Towers with Radar,1,4,17,0,22,0,13,40,0,53,1,17,57,0,75,3,0,3,78
12/29/2018,CPS,IL,AGL,CE,Towers with Radar,0,5,9,0,14,0,6,31,0,37,0,11,40,0,51,127,0,127,178
12/30/2018,CPS,IL,AGL,CE,Towers with Radar,0,5,10,0,15,0,16,39,0,55,0,21,49,0,70,52,0,52,122
12/31/2018,CPS,IL,AGL,CE,Towers with Radar,0,0,11,0,11,0,3,1,0,4,0,3,12,0,15,0,0,0,15
01/01/2019,CPS,IL,AGL,CE,Towers with Radar,0,4,16,0,20,0,3,2,0,5,0,7,18,0,25,0,0,0,25
01/02/2019,CPS,IL,AGL,CE,Towers with Radar,2,3,8,0,13,0,14,11,0,25,2,17,19,0,38,105,0,105,143
01/03/2019,CPS,IL,AGL,CE,Towers with Radar,1,10,19,0,30,0,38,74,0,112,1,48,93,0,142,267,0,267,409
01/04/2019,CPS,IL,AGL,CE,Towers with Radar,2,6,17,2,27,0,16,40,0,56,2,22,57,2,83,157,0,157,240
01/05/2019,CPS,IL,AGL,CE,Towers with Radar,1,0,18,0,19,0,17,105,2,124,1,17,123,2,143,213,0,213,356
01/06/2019,CPS,IL,AGL,CE,Towers with Radar,0,2,16,0,18,0,8,84,3,95,0,10,100,3,113,159,0,159,272
01/07/2019,CPS,IL,AGL,CE,Towers with Radar,0,1,10,6,17,0,0,33,1,34,0,1,43,7,51,38,2,40,91
01/08/2019,CPS,IL,AGL,CE,Towers with Radar,0,2,14,1,17,0,6,19,0,25,0,8,33,1,42,7,0,7,49
01/09/2019,CPS,IL,AGL,CE,Towers with Radar,0,6,25,0,31,0,23,34,1,58,0,29,59,1,89,64,0,64,153
01/10/2019,CPS,IL,AGL,CE,Towers with Radar,1,10,15,3,29,0,42,55,0,97,1,52,70,3,126,284,0,284,410
01/11/2019,CPS,IL,AGL,CE,Towers with Radar,0,5,12,0,17,0,20,17,1,38,0,25,29,1,55,168,0,168,223
01/12/2019,CPS,IL,AGL,CE,Towers with Radar,0,0,1,0,1,0,0,0,0,0,0,0,1,0,1,0,0,0,1
01/13/2019,CPS,IL,AGL,CE,Towers with Radar,0,3,11,0,14,0,2,1,0,3,0,5,12,0,17,0,0,0,17
01/14/2019,CPS,IL,AGL,CE,Towers with Radar,0,4,26,0,30,0,2,9,0,11,0,6,35,0,41,55,0,55,96
01/15/2019,CPS,IL,AGL,CE,Towers with Radar,0,3,15,0,18,0,0,0,0,0,0,3,15,0,18,0,0,0,18
01/16/2019,CPS,IL,AGL,CE,Towers with Radar,0,5,25,0,30,0,1,6,0,7,0,6,31,0,37,0,0,0,37
01/17/2019,CPS,IL,AGL,CE,Towers with Radar,0,7,14,0,21,0,0,3,0,3,0,7,17,0,24,0,0,0,24
01/18/2019,CPS,IL,AGL,CE,Towers with Radar,0,4,15,0,19,0,0,3,0,3,0,4,18,0,22,10,0,10,32
01/19/2019,CPS,IL,AGL,CE,Towers with Radar,1,2,2,0,5,0,1,0,0,1,1,3,2,0,6,0,0,0,6
01/20/2019,CPS,IL,AGL,CE,Towers with Radar,0,3,19,0,22,0,8,28,0,36,0,11,47,0,58,90,0,90,148
01/21/2019,CPS,IL,AGL,CE,Towers with Radar,0,7,15,0,22,0,4,21,0,25,0,11,36,0,47,170,0,170,217
01/22/2019,CPS,IL,AGL,CE,Towers with Radar,0,1,20,4,25,0,14,26,0,40,0,15,46,4,65,3,0,3,68
01/23/2019,CPS,IL,AGL,CE,Towers with Radar,0,8,17,0,25,0,5,29,0,34,0,13,46,0,59,203,0,203,262
01/24/2019,CPS,IL,AGL,CE,Towers with Radar,0,6,19,0,25,0,26,36,2,64,0,32,55,2,89,280,0,280,369
01/25/2019,CPS,IL,AGL,CE,Towers with Radar,0,6,39,2,47,0,50,50,1,101,0,56,89,3,148,250,1,251,399
01/26/2019,CPS,IL,AGL,CE,Towers with Radar,0,7,6,1,14,0,12,30,0,42,0,19,36,1,56,179,0,179,235
01/27/2019,CPS,IL,AGL,CE,Towers with Radar,0,6,13,1,20,0,14,42,0,56,0,20,55,1,76,196,0,196,272
01/28/2019,CPS,IL,AGL,CE,Towers with Radar,0,3,12,0,15,0,2,17,0,19,0,5,29,0,34,11,0,11,45
01/29/2019,CPS,IL,AGL,CE,Towers with Radar,0,12,10,2,24,0,32,44,0,76,0,44,54,2,100,248,0,248,348
01/30/2019,CPS,IL,AGL,CE,Towers with Radar,0,5,15,0,20,0,5,14,0,19,0,10,29,0,39,91,0,91,130
01/31/2019,CPS,IL,AGL,CE,Towers with Radar,0,3,14,0,17,0,9,38,0,47,0,12,52,0,64,207,0,207,271
02/01/2019,CPS,IL,AGL,CE,Towers with Radar,0,6,21,3,30,0,40,41,1,82,0,46,62,4,112,276,0,276,388
02/02/2019,CPS,IL,AGL,CE,Towers with Radar,0,6,14,2,22,0,20,35,0,55,0,26,49,2,77,195,0,195,272
02/03/2019,CPS,IL,AGL,CE,Towers with Radar,0,3,9,2,14,0,25,62,1,88,0,28,71,3,102,164,0,164,266
02/04/2019,CPS,IL,AGL,CE,Towers with Radar,0,4,19,0,23,0,10,14,2,26,0,14,33,2,49,140,0,140,189
02/05/2019,CPS,IL,AGL,CE,Towers with Radar,0,6,23,6,35,0,7,4,0,11,0,13,27,6,46,153,0,153,199
02/06/2019,CPS,IL,AGL,CE,Towers with Radar,0,5,21,1,27,0,0,0,0,0,0,5,21,1,27,14,0,14,41
02/07/2019,CPS,IL,AGL,CE,Towers with Radar,0,6,11,0,17,0,0,4,1,5,0,6,15,1,22,0,0,0,22
02/08/2019,CPS,IL,AGL,CE,Towers with Radar,1,8,36,1,46,0,39,55,6,100,1,47,91,7,146,208,0,208,354
02/09/2019,CPS,IL,AGL,CE,Towers with Radar,1,4,23,0,28,0,54,65,0,119,1,58,88,0,147,327,0,327,474
02/10/2019,CPS,IL,AGL,CE,Towers with Radar,0,1,3,0,4,0,0,0,0,0,0,1,3,0,4,0,0,0,4
02/11/2019,CPS,IL,AGL,CE,Towers with Radar,1,3,15,3,22,0,0,0,0,0,1,3,15,3,22,16,0,16,38
02/12/2019,CPS,IL,AGL,CE,Towers with Radar,0,4,9,3,16,0,11,13,0,24,0,15,22,3,40,26,0,26,66
02/13/2019,CPS,IL,AGL,CE,Towers with Radar,0,8,29,4,41,0,71,80,1,152,0,79,109,5,193,382,0,382,575
02/14/2019,CPS,IL,AGL,CE,Towers with Radar,0,4,35,5,44,0,26,79,0,105,0,30,114,5,149,122,2,124,273
02/15/2019,CPS,IL,AGL,CE,Towers with Radar,0,3,10,1,14,0,24,19,0,43,0,27,29,1,57,135,0,135,192
02/16/2019,CPS,IL,AGL,CE,Towers with Radar,0,11,22,0,33,0,23,47,2,72,0,34,69,2,105,328,0,328,433
02/17/2019,CPS,IL,AGL,CE,Towers with Radar,0,4,13,0,17,0,1,2,0,3,0,5,15,0,20,0,0,0,20
02/18/2019,CPS,IL,AGL,CE,Towers with Radar,1,6,35,1,43,0,10,31,0,41,1,16,66,1,84,301,0,301,385
02/19/2019,CPS,IL,AGL,CE,Towers with Radar,0,6,15,0,21,0,32,23,1,56,0,38,38,1,77,434,0,434,511
02/20/2019,CPS,IL,AGL,CE,Towers with Radar,1,3,20,0,24,0,9,17,0,26,1,12,37,0,50,104,0,104,154
02/21/2019,CPS,IL,AGL,CE,Towers with Radar,0,14,40,2,56,0,66,75,2,143,0,80,115,4,199,414,0,414,613
02/22/2019,CPS,IL,AGL,CE,Towers with Radar,1,3,30,3,37,4,35,54,1,94,5,38,84,4,131,340,0,340,471
02/23/2019,CPS,IL,AGL,CE,Towers with Radar,1,1,8,0,10,0,0,1,0,1,1,1,9,0,11,0,0,0,11
02/24/2019,CPS,IL,AGL,CE,Towers with Radar,0,2,13,0,15,0,5,28,0,33,0,7,41,0,48,48,0,48,96
02/25/2019,CPS,IL,AGL,CE,Towers with Radar,0,6,14,0,20,0,56,60,4,120,0,62,74,4,140,412,6,418,558
02/26/2019,CPS,IL,AGL,CE,Towers with Radar,0,12,21,1,34,0,50,70,1,121,0,62,91,2,155,498,0,498,653
02/27/2019,CPS,IL,AGL,CE,Towers with Radar,0,15,31,1,47,0,15,50,0,65,0,30,81,1,112,303,0,303,415
02/28/2019,CPS,IL,AGL,CE,Towers with Radar,0,6,10,0,16,0,2,7,0,9,0,8,17,0,25,30,0,30,55
03/01/2019,CPS,IL,AGL,CE,Towers with Radar,0,2,23,0,25,0,24,47,1,72,0,26,70,1,97,286,0,286,383
03/02/2019,CPS,IL,AGL,CE,Towers with Radar,0,5,19,0,24,0,9,40,6,55,0,14,59,6,79,154,0,154,233
03/03/2019,CPS,IL,AGL,CE,Towers with Radar,0,0,6,0,6,0,0,3,0,3,0,0,9,0,9,0,0,0,9
03/04/2019,CPS,IL,AGL,CE,Towers with Radar,0,8,18,0,26,2,21,42,0,65,2,29,60,0,91,59,0,59,150
03/05/2019,CPS,IL,AGL,CE,Towers with Radar,0,8,21,4,33,0,44,60,0,104,0,52,81,4,137,79,0,79,216
03/06/2019,CPS,IL,AGL,CE,Towers with Radar,0,3,33,0,36,0,57,61,2,120,0,60,94,2,156,401,0,401,557
03/07/2019,CPS,IL,AGL,CE,Towers with Radar,0,5,39,0,44,0,48,49,3,100,0,53,88,3,144,294,0,294,438
03/08/2019,CPS,IL,AGL,CE,Towers with Radar,0,9,26,0,35,0,10,26,2,38,0,19,52,2,73,183,0,183,256
03/09/2019,CPS,IL,AGL,CE,Towers with Radar,0,3,5,0,8,0,3,5,0,8,0,6,10,0,16,3,0,3,19
03/10/2019,CPS,IL,AGL,CE,Towers with Radar,0,1,38,1,40,0,29,76,0,105,0,30,114,1,145,86,0,86,231
03/11/2019,CPS,IL,AGL,CE,Towers with Radar,0,4,15,3,22,3,33,71,1,108,3,37,86,4,130,289,0,289,419
03/12/2019,CPS,IL,AGL,CE,Towers with Radar,0,4,24,2,30,0,21,58,1,80,0,25,82,3,110,335,0,335,445
03/13/2019,CPS,IL,AGL,CE,Towers with Radar,0,3,19,0,22,0,5,24,1,30,0,8,43,1,52,117,0,117,169
03/14/2019,CPS,IL,AGL,CE,Towers with Radar,0,1,10,0,11,0,3,6,0,9,0,4,16,0,20,5,0,5,25
03/15/2019,CPS,IL,AGL,CE,Towers with Radar,0,0,30,1,31,0,13,50,3,66,0,13,80,4,97,42,0,42,139
03/16/2019,CPS,IL,AGL,CE,Towers with Radar,0,5,36,0,41,4,36,80,2,122,4,41,116,2,163,166,0,166,329
03/17/2019,CPS,IL,AGL,CE,Towers with Radar,0,1,20,0,21,0,11,56,0,67,0,12,76,0,88,54,0,54,142
03/18/2019,CPS,IL,AGL,CE,Towers with Radar,2,9,27,2,40,0,36,76,0,112,2,45,103,2,152,311,0,311,463
03/19/2019,CPS,IL,AGL,CE,Towers with Radar,1,4,31,0,36,0,42,51,0,93,1,46,82,0,129,427,0,427,556
03/20/2019,CPS,IL,AGL,CE,Towers with Radar,0,2,18,1,21,0,12,30,0,42,0,14,48,1,63,148,0,148,211
03/21/2019,CPS,IL,AGL,CE,Towers with Radar,0,9,29,1,39,0,24,69,0,93,0,33,98,1,132,91,0,91,223
03/22/2019,CPS,IL,AGL,CE,Towers with Radar,0,5,25,7,37,0,44,90,0,134,0,49,115,7,171,333,0,333,504
03/23/2019,CPS,IL,AGL,CE,Towers with Radar,1,10,21,0,32,0,33,99,1,133,1,43,120,1,165,310,0,310,475
03/24/2019,CPS,IL,AGL,CE,Towers with Radar,2,0,17,0,19,0,5,24,0,29,2,5,41,0,48,32,0,32,80
03/25/2019,CPS,IL,AGL,CE,Towers with Radar,1,8,28,2,39,0,16,24,2,42,1,24,52,4,81,154,0,154,235
03/26/2019,CPS,IL,AGL,CE,Towers with Radar,0,2,27,1,30,0,38,73,0,111,0,40,100,1,141,306,0,306,447
03/27/2019,CPS,IL,AGL,CE,Towers with Radar,0,8,18,4,30,0,54,58,2,114,0,62,76,6,144,474,0,474,618
03/28/2019,CPS,IL,AGL,CE,Towers with Radar,0,6,19,0,25,0,7,41,2,50,0,13,60,2,75,150,0,150,225
03/29/2019,CPS,IL,AGL,CE,Towers with Radar,0,3,11,0,14,0,12,26,0,38,0,15,37,0,52,199,0,199,251
03/30/2019,CPS,IL,AGL,CE,Towers with Radar,0,2,14,0,16,0,1,0,0,1,0,3,14,0,17,0,0,0,17
03/31/2019,CPS,IL,AGL,CE,Towers with Radar,1,6,25,0,32,0,22,81,0,103,1,28,106,0,135,99,0,99,234
04/01/2019,CPS,IL,AGL,CE,Towers with Radar,0,6,30,0,36,0,43,71,0,114,0,49,101,0,150,310,0,310,460
04/02/2019,CPS,IL,AGL,CE,Towers with Radar,0,8,33,2,43,0,43,84,0,127,0,51,117,2,170,288,0,288,458
04/03/2019,CPS,IL,AGL,CE,Towers with Radar,0,4,22,2,28,0,67,92,1,160,0,71,114,3,188,582,0,582,770
04/04/2019,CPS,IL,AGL,CE,Towers with Radar,1,6,25,0,32,0,3,20,0,23,1,9,45,0,55,70,0,70,125
04/05/2019,CPS,IL,AGL,CE,Towers with Radar,0,12,50,6,68,0,12,46,3,61,0,24,96,9,129,236,0,236,365
04/06/2019,CPS,IL,AGL,CE,Towers with Radar,2,3,17,0,22,0,39,90,5,134,2,42,107,5,156,251,0,251,407
04/07/2019,CPS,IL,AGL,CE,Towers with Radar,2,0,21,5,28,0,3,33,0,36,2,3,54,5,64,34,0,34,98
04/08/2019,CPS,IL,AGL,CE,Towers with Radar,0,6,23,0,29,0,28,41,0,69,0,34,64,0,98,294,0,294,392
04/09/2019,CPS,IL,AGL,CE,Towers with Radar,0,19,17,0,36,0,59,71,0,130,0,78,88,0,166,428,0,428,594
04/10/2019,CPS,IL,AGL,CE,Towers with Radar,0,2,23,0,25,2,20,76,0,98,2,22,99,0,123,186,0,186,309
04/11/2019,CPS,IL,AGL,CE,Towers with Radar,1,2,18,0,21,0,10,17,2,29,1,12,35,2,50,0,0,0,50
04/12/2019,CPS,IL,AGL,CE,Towers with Radar,0,4,26,3,33,0,21,57,5,83,0,25,83,8,116,170,0,170,286
04/13/2019,CPS,IL,AGL,CE,Towers with Radar,3,7,14,0,24,0,39,80,5,124,3,46,94,5,148,317,0,317,465
04/14/2019,CPS,IL,AGL,CE,Towers with Radar,1,2,8,0,11,0,3,3,2,8,1,5,11,2,19,0,0,0,19
04/15/2019,CPS,IL,AGL,CE,Towers with Radar,0,2,22,2,26,0,33,74,0,107,0,35,96,2,133,345,0,345,478
04/16/2019,CPS,IL,AGL,CE,Towers with Radar,0,1,21,0,22,0,15,66,2,83,0,16,87,2,105,221,0,221,326
04/17/2019,CPS,IL,AGL,CE,Towers with Radar,5,7,34,5,51,0,27,59,0,86,5,34,93,5,137,128,0,128,265
04/18/2019,CPS,IL,AGL,CE,Towers with Radar,0,2,21,2,25,0,3,12,1,16,0,5,33,3,41,84,0,84,125
04/19/2019,CPS,IL,AGL,CE,Towers with Radar,2,5,29,0,36,0,3,21,4,28,2,8,50,4,64,30,0,30,94
04/20/2019,CPS,IL,AGL,CE,Towers with Radar,1,1,22,2,26,0,10,76,0,86,1,11,98,2,112,49,0,49,161
04/21/2019,CPS,IL,AGL,CE,Towers with Radar,2,1,18,2,23,0,4,41,0,45,2,5,59,2,68,22,0,22,90
04/22/2019,CPS,IL,AGL,CE,Towers with Radar,0,8,18,0,26,0,41,48,2,91,0,49,66,2,117,155,0,155,272
04/23/2019,CPS,IL,AGL,CE,Towers with Radar,0,7,29,3,39,0,18,31,0,49,0,25,60,3,88,301,0,301,389
04/24/2019,CPS,IL,AGL,CE,Towers with Radar,1,16,26,6,49,0,0,0,0,0,1,16,26,6,49,0,0,0,49
04/25/2019,CPS,IL,AGL,CE,Towers with Radar,0,6,20,4,30,0,1,9,0,10,0,7,29,4,40,0,0,0,40
04/26/2019,CPS,IL,AGL,CE,Towers with Radar,0,6,30,1,37,0,9,75,0,84,0,15,105,1,121,153,0,153,274
04/27/2019,CPS,IL,AGL,CE,Towers with Radar,1,4,15,0,20,0,13,15,0,28,1,17,30,0,48,39,0,39,87
04/28/2019,CPS,IL,AGL,CE,Towers with Radar,3,8,22,0,33,0,17,44,0,61,3,25,66,0,94,131,0,131,225
04/29/2019,CPS,IL,AGL,CE,Towers with Radar,0,2,24,1,27,0,21,31,2,54,0,23,55,3,81,153,0,153,234
04/30/2019,CPS,IL,AGL,CE,Towers with Radar,0,2,17,0,19,0,9,33,0,42,0,11,50,0,61,79,0,79,140
05/01/2019,CPS,IL,AGL,CE,Towers with Radar,0,4,16,3,23,0,41,64,2,107,0,45,80,5,130,317,0,317,447
05/02/2019,CPS,IL,AGL,CE,Towers with Radar,0,2,10,0,12,0,1,6,0,7,0,3,16,0,19,90,0,90,109
05/03/2019,CPS,IL,AGL,CE,Towers with Radar,0,7,39,0,46,0,3,26,2,31,0,10,65,2,77,182,0,182,259
05/04/2019,CPS,IL,AGL,CE,Towers with Radar,0,7,19,2,28,0,32,32,2,66,0,39,51,4,94,77,0,77,171
05/05/2019,CPS,IL,AGL,CE,Towers with Radar,0,8,22,0,30,0,41,97,2,140,0,49,119,2,170,175,0,175,345
05/06/2019,CPS,IL,AGL,CE,Towers with Radar,1,14,13,0,28,0,39,97,4,140,1,53,110,4,168,391,0,391,559
05/07/2019,CPS,IL,AGL,CE,Towers with Radar,1,8,32,0,41,0,20,73,1,94,1,28,105,1,135,426,0,426,561
05/08/2019,CPS,IL,AGL,CE,Towers with Radar,0,6,17,0,23,0,16,56,1,73,0,22,73,1,96,120,0,120,216
05/09/2019,CPS,IL,AGL,CE,Towers with Radar,0,6,43,0,49,0,9,35,0,44,0,15,78,0,93,242,0,242,335
05/10/2019,CPS,IL,AGL,CE,Towers with Radar,0,5,33,0,38,0,45,82,11,138,0,50,115,11,176,308,0,308,484
05/11/2019,CPS,IL,AGL,CE,Towers with Radar,0,8,34,2,44,0,8,11,0,19,0,16,45,2,63,97,0,97,160
05/12/2019,CPS,IL,AGL,CE,Towers with Radar,2,1,38,2,43,0,0,17,0,17,2,1,55,2,60,63,0,63,123
05/13/2019,CPS,IL,AGL,CE,Towers with Radar,0,9,28,0,37,0,35,69,0,104,0,44,97,0,141,332,0,332,473
05/14/2019,CPS,IL,AGL,CE,Towers with Radar,1,13,38,4,56,1,35,77,1,114,2,48,115,5,170,297,0,297,467
05/15/2019,CPS,IL,AGL,CE,Towers with Radar,0,12,36,3,51,0,8,72,5,85,0,20,108,8,136,291,0,291,427
05/16/2019,CPS,IL,AGL,CE,Towers with Radar,0,12,28,0,40,0,18,73,9,100,0,30,101,9,140,227,0,227,367
05/17/2019,CPS,IL,AGL,CE,Towers with Radar,0,7,28,0,35,0,19,61,3,83,0,26,89,3,118,194,0,194,312
05/18/2019,CPS,IL,AGL,CE,Towers with Radar,1,2,18,0,21,0,20,46,0,66,1,22,64,0,87,32,0,32,119
05/19/2019,CPS,IL,AGL,CE,Towers with Radar,1,4,16,0,21,0,16,24,1,41,1,20,40,1,62,0,0,0,62
05/20/2019,CPS,IL,AGL,CE,Towers with Radar,1,5,18,0,24,0,32,57,1,90,1,37,75,1,114,345,0,345,459
05/21/2019,CPS,IL,AGL,CE,Towers with Radar,0,7,25,0,32,0,6,13,0,19,0,13,38,0,51,46,0,46,97
05/22/2019,CPS,IL,AGL,CE,Towers with Radar,2,8,30,0,40,0,17,82,2,101,2,25,112,2,141,228,0,228,369
05/23/2019,CPS,IL,AGL,CE,Towers with Radar,0,6,23,3,32,0,13,39,4,56,0,19,62,7,88,185,0,185,273
05/24/2019,CPS,IL,AGL,CE,Towers with Radar,0,4,25,2,31,0,16,55,0,71,0,20,80,2,102,152,0,152,254
05/25/2019,CPS,IL,AGL,CE,Towers with Radar,0,0,24,0,24,0,6,46,1,53,0,6,70,1,77,94,0,94,171
05/26/2019,CPS,IL,AGL,CE,Towers with Radar,1,2,15,0,18,0,1,34,0,35,1,3,49,0,53,39,0,39,92
05/27/2019,CPS,IL,AGL,CE,Towers with Radar,3,0,14,0,17,0,10,31,2,43,3,10,45,2,60,24,0,24,84
05/28/2019,CPS,IL,AGL,CE,Towers with Radar,0,3,20,2,25,0,27,45,0,72,0,30,65,2,97,186,0,186,283
05/29/2019,CPS,IL,AGL,CE,Towers with Radar,1,0,14,3,18,0,34,27,5,66,1,34,41,8,84,192,0,192,276
05/30/2019,CPS,IL,AGL,CE,Towers with Radar,3,4,34,0,41,0,31,79,3,113,3,35,113,3,154,278,0,278,432
05/31/2019,CPS,IL,AGL,CE,Towers with Radar,0,13,43,0,56,0,41,82,0,123,0,54,125,0,179,252,0,252,431
06/01/2019,CPS,IL,AGL,CE,Towers with Radar,1,9,39,0,49,0,22,69,3,94,1,31,108,3,143,244,0,244,387
06/02/2019,CPS,IL,AGL,CE,Towers with Radar,1,4,44,1,50,0,13,82,0,95,1,17,126,1,145,80,0,80,225
06/03/2019,CPS,IL,AGL,CE,Towers with Radar,2,10,33,0,45,0,47,88,1,136,2,57,121,1,181,247,0,247,428
06/04/2019,CPS,IL,AGL,CE,Towers with Radar,1,2,28,2,33,0,9,57,3,69,1,11,85,5,102,228,0,228,330
06/05/2019,CPS,IL,AGL,CE,Towers with Radar,1,7,24,1,33,0,24,54,0,78,1,31,78,1,111,108,0,108,219
06/06/2019,CPS,IL,AGL,CE,Towers with Radar,4,12,32,3,51,0,52,76,0,128,4,64,108,3,179,289,0,289,468
06/07/2019,CPS,IL,AGL,CE,Towers with Radar,2,8,33,4,47,0,10,56,2,68,2,18,89,6,115,111,0,111,226
06/08/2019,CPS,IL,AGL,CE,Towers with Radar,1,4,17,0,22,0,1,37,0,38,1,5,54,0,60,90,0,90,150
06/09/2019,CPS,IL,AGL,CE,Towers with Radar,0,17,24,0,41,0,17,60,0,77,0,34,84,0,118,115,0,115,233
06/10/2019,CPS,IL,AGL,CE,Towers with Radar,2,9,35,0,46,0,10,74,0,84,2,19,109,0,130,64,0,64,194
06/11/2019,CPS,IL,AGL,CE,Towers with Radar,0,5,27,0,32,0,47,90,2,139,0,52,117,2,171,258,0,258,429
06/12/2019,CPS,IL,AGL,CE,Towers with Radar,2,3,27,3,35,0,10,41,2,53,2,13,68,5,88,183,0,183,271
06/13/2019,CPS,IL,AGL,CE,Towers with Radar,0,14,22,1,37,0,33,90,2,125,0,47,112,3,162,192,0,192,354
06/14/2019,CPS,IL,AGL,CE,Towers with Radar,0,6,17,5,28,0,29,65,0,94,0,35,82,5,122,207,0,207,329
06/15/2019,CPS,IL,AGL,CE,Towers with Radar,0,2,7,0,9,0,8,46,0,54,0,10,53,0,63,26,0,26,89
06/16/2019,CPS,IL,AGL,CE,Towers with Radar,2,3,11,0,16,0,4,33,0,37,2,7,44,0,53,122,0,122,175
06/17/2019,CPS,IL,AGL,CE,Towers with Radar,1,5,7,0,13,0,0,2,0,2,1,5,9,0,15,6,0,6,21
06/18/2019,CPS,IL,AGL,CE,Towers with Radar,0,4,25,2,31,0,54,32,0,86,0,58,57,2,117,177,0,177,294
06/19/2019,CPS,IL,AGL,CE,Towers with Radar,1,4,19,0,24,0,19,38,0,57,1,23,57,0,81,156,0,156,237
06/20/2019,CPS,IL,AGL,CE,Towers with Radar,0,7,42,1,50,0,53,64,3,120,0,60,106,4,170,266,0,266,436
06/21/2019,CPS,IL,AGL,CE,Towers with Radar,0,1,33,0,34,0,15,22,0,37,0,16,55,0,71,50,0,50,121
06/22/2019,CPS,IL,AGL,CE,Towers with Radar,0,3,30,0,33,0,8,9,0,17,0,11,39,0,50,4,0,4,54
06/23/2019,CPS,IL,AGL,CE,Towers with Radar,0,8,9,0,17,0,1,8,3,12,0,9,17,3,29,23,0,23,52
06/24/2019,CPS,IL,AGL,CE,Towers with Radar,0,2,19,1,22,0,35,53,6,94,0,37,72,7,116,202,0,202,318
06/25/2019,CPS,IL,AGL,CE,Towers with Radar,0,17,22,1,40,0,48,83,3,134,0,65,105,4,174,169,0,169,343
06/26/2019,CPS,IL,AGL,CE,Towers with Radar,1,4,35,2,42,0,33,112,2,147,1,37,147,4,189,182,0,182,371
06/27/2019,CPS,IL,AGL,CE,Towers with Radar,2,11,17,0,30,0,55,86,0,141,2,66,103,0,171,471,0,471,642
06/28/2019,CPS,IL,AGL,CE,Towers with Radar,0,6,26,4,36,0,42,68,0,110,0,48,94,4,146,299,0,299,445
06/29/2019,CPS,IL,AGL,CE,Towers with Radar,0,3,18,0,21,0,15,165,0,180,0,18,183,0,201,88,0,88,289
06/30/2019,CPS,IL,AGL,CE,Towers with Radar,0,3,19,2,24,0,18,67,0,85,0,21,86,2,109,35,0,35,144
07/01/2019,CPS,IL,AGL,CE,Towers with Radar,0,7,12,0,19,0,34,45,4,83,0,41,57,4,102,213,0,213,315
07/02/2019,CPS,IL,AGL,CE,Towers with Radar,0,11,18,2,31,0,27,51,5,83,0,38,69,7,114,152,0,152,266
07/03/2019,CPS,IL,AGL,CE,Towers with Radar,0,7,31,3,41,0,29,42,7,78,0,36,73,10,119,139,6,145,264
07/04/2019,CPS,IL,AGL,CE,Towers with Radar,0,0,6,1,7,0,3,61,3,67,0,3,67,4,74,73,4,77,151
07/05/2019,CPS,IL,AGL,CE,Towers with Radar,0,1,14,0,15,0,9,26,16,51,0,10,40,16,66,47,0,47,113
07/06/2019,CPS,IL,AGL,CE,Towers with Radar,0,1,11,0,12,0,10,36,21,67,0,11,47,21,79,46,6,52,131
07/07/2019,CPS,IL,AGL,CE,Towers with Radar,0,2,24,0,26,0,13,64,2,79,0,15,88,2,105,63,0,63,168
07/08/2019,CPS,IL,AGL,CE,Towers with Radar,0,14,22,2,38,0,21,49,3,73,0,35,71,5,111,250,0,250,361
07/09/2019,CPS,IL,AGL,CE,Towers with Radar,0,7,22,3,32,0,45,45,6,96,0,52,67,9,128,148,0,148,276
07/10/2019,CPS,IL,AGL,CE,Towers with Radar,0,4,22,0,26,0,22,44,3,69,0,26,66,3,95,142,0,142,237
07/11/2019,CPS,IL,AGL,CE,Towers with Radar,1,9,33,0,43,0,56,98,2,156,1,65,131,2,199,283,0,283,482
07/12/2019,CPS,IL,AGL,CE,Towers with Radar,0,6,31,0,37,0,60,96,0,156,0,66,127,0,193,248,0,248,441
07/13/2019,CPS,IL,AGL,CE,Towers with Radar,0,1,10,0,11,0,8,55,2,65,0,9,65,2,76,36,0,36,112
07/14/2019,CPS,IL,AGL,CE,Towers with Radar,2,8,26,0,36,0,9,60,0,69,2,17,86,0,105,55,0,55,160
07/15/2019,CPS,IL,AGL,CE,Towers with Radar,0,2,20,0,22,0,4,11,0,15,0,6,31,0,37,44,0,44,81
07/16/2019,CPS,IL,AGL,CE,Towers with Radar,0,9,19,0,28,0,5,19,0,24,0,14,38,0,52,29,0,29,81
07/17/2019,CPS,IL,AGL,CE,Towers with Radar,1,7,25,0,33,0,45,38,0,83,1,52,63,0,116,160,0,160,276
07/18/2019,CPS,IL,AGL,CE,Towers with Radar,0,1,26,0,27,0,35,80,4,119,0,36,106,4,146,133,0,133,279
07/19/2019,CPS,IL,AGL,CE,Towers with Radar,0,6,21,0,27,0,36,78,1,115,0,42,99,1,142,133,0,133,275
07/20/2019,CPS,IL,AGL,CE,Towers with Radar,0,1,12,1,14,0,5,69,0,74,0,6,81,1,88,69,0,69,157
07/21/2019,CPS,IL,AGL,CE,Towers with Radar,0,9,18,0,27,0,6,55,0,61,0,15,73,0,88,84,0,84,172
07/22/2019,CPS,IL,AGL,CE,Towers with Radar,0,5,17,0,22,0,20,38,2,60,0,25,55,2,82,119,0,119,201
07/23/2019,CPS,IL,AGL,CE,Towers with Radar,0,2,26,0,28,0,40,86,3,129,0,42,112,3,157,238,0,238,395
07/24/2019,CPS,IL,AGL,CE,Towers with Radar,0,0,20,0,20,0,25,115,3,143,0,25,135,3,163,155,0,155,318
07/25/2019,CPS,IL,AGL,CE,Towers with Radar,2,4,17,0,23,0,28,84,5,117,2,32,101,5,140,275,0,275,415
07/26/2019,CPS,IL,AGL,CE,Towers with Radar,0,1,38,0,39,0,30,63,0,93,0,31,101,0,132,143,0,143,275
07/27/2019,CPS,IL,AGL,CE,Towers with Radar,0,2,25,0,27,0,10,60,0,70,0,12,85,0,97,71,0,71,168
07/28/2019,CPS,IL,AGL,CE,Towers with Radar,0,0,24,0,24,0,5,64,0,69,0,5,88,0,93,4,0,4,97
07/29/2019,CPS,IL,AGL,CE,Towers with Radar,0,7,17,3,27,0,2,23,0,25,0,9,40,3,52,54,0,54,106
07/30/2019,CPS,IL,AGL,CE,Towers with Radar,0,11,36,4,51,0,40,77,2,119,0,51,113,6,170,217,0,217,387
07/31/2019,CPS,IL,AGL,CE,Towers with Radar,0,14,28,2,44,0,29,80,0,109,0,43,108,2,153,321,0,321,474
08/01/2019,CPS,IL,AGL,CE,Towers with Radar,0,7,27,1,35,0,39,71,0,110,0,46,98,1,145,157,0,157,302
08/02/2019,CPS,IL,AGL,CE,Towers with Radar,1,3,30,0,34,0,15,71,2,88,1,18,101,2,122,218,0,218,340
08/03/2019,CPS,IL,AGL,CE,Towers with Radar,0,2,13,0,15,0,21,79,3,103,0,23,92,3,118,94,0,94,212
08/04/2019,CPS,IL,AGL,CE,Towers with Radar,0,2,28,0,30,0,5,52,3,60,0,7,80,3,90,49,0,49,139
08/05/2019,CPS,IL,AGL,CE,Towers with Radar,0,8,25,6,39,0,28,61,0,89,0,36,86,6,128,214,0,214,342
08/06/2019,CPS,IL,AGL,CE,Towers with Radar,0,3,29,0,32,0,7,37,0,44,0,10,66,0,76,140,0,140,216
08/07/2019,CPS,IL,AGL,CE,Towers with Radar,0,3,17,1,21,0,56,77,1,134,0,59,94,2,155,247,0,247,402
08/08/2019,CPS,IL,AGL,CE,Towers with Radar,0,6,28,0,34,0,17,66,1,84,0,23,94,1,118,174,0,174,292
08/09/2019,CPS,IL,AGL,CE,Towers with Radar,0,12,30,4,46,0,25,84,2,111,0,37,114,6,157,156,0,156,313
08/10/2019,CPS,IL,AGL,CE,Towers with Radar,0,3,13,6,22,0,17,60,2,79,0,20,73,8,101,68,0,68,169
08/11/2019,CPS,IL,AGL,CE,Towers with Radar,1,0,20,0,21,0,3,35,0,38,1,3,55,0,59,43,0,43,102
08/12/2019,CPS,IL,AGL,CE,Towers with Radar,0,5,19,0,24,0,18,47,0,65,0,23,66,0,89,50,0,50,139
08/13/2019,CPS,IL,AGL,CE,Towers with Radar,0,5,21,0,26,0,12,67,0,79,0,17,88,0,105,97,0,97,202
08/14/2019,CPS,IL,AGL,CE,Towers with Radar,0,2,20,5,27,0,28,75,0,103,0,30,95,5,130,254,0,254,384
08/15/2019,CPS,IL,AGL,CE,Towers with Radar,0,7,22,5,34,0,18,73,2,93,0,25,95,7,127,199,0,199,326
08/16/2019,CPS,IL,AGL,CE,Towers with Radar,0,6,21,1,28,0,18,58,0,76,0,24,79,1,104,157,0,157,261
08/17/2019,CPS,IL,AGL,CE,Towers with Radar,0,2,8,2,12,0,19,40,0,59,0,21,48,2,71,71,0,71,142
08/18/2019,CPS,IL,AGL,CE,Towers with Radar,1,5,12,0,18,0,2,46,0,48,1,7,58,0,66,69,0,69,135
08/19/2019,CPS,IL,AGL,CE,Towers with Radar,0,4,29,2,35,3,23,45,2,73,3,27,74,4,108,148,0,148,256
08/20/2019,CPS,IL,AGL,CE,Towers with Radar,0,5,32,0,37,0,10,29,0,39,0,15,61,0,76,70,0,70,146
08/21/2019,CPS,IL,AGL,CE,Towers with Radar,0,10,29,4,43,0,15,68,0,83,0,25,97,4,126,219,0,219,345
08/22/2019,CPS,IL,AGL,CE,Towers with Radar,0,5,45,0,50,0,5,23,0,28,0,10,68,0,78,66,0,66,144
08/23/2019,CPS,IL,AGL,CE,Towers with Radar,0,7,22,0,29,2,13,67,3,85,2,20,89,3,114,140,0,140,254
08/24/2019,CPS,IL,AGL,CE,Towers with Radar,0,9,34,2,45,0,32,56,3,91,0,41,90,5,136,68,0,68,204
08/25/2019,CPS,IL,AGL,CE,Towers with Radar,2,8,29,0,39,0,3,23,0,26,2,11,52,0,65,23,0,23,88
08/26/2019,CPS,IL,AGL,CE,Towers with Radar,0,6,14,0,20,0,7,19,0,26,0,13,33,0,46,62,0,62,108
08/27/2019,CPS,IL,AGL,CE,Towers with Radar,0,6,18,1,25,0,15,44,0,59,0,21,62,1,84,169,0,169,253
08/28/2019,CPS,IL,AGL,CE,Towers with Radar,1,11,24,2,38,0,30,71,1,102,1,41,95,3,140,211,0,211,351
08/29/2019,CPS,IL,AGL,CE,Towers with Radar,0,8,23,1,32,0,54,77,0,131,0,62,100,1,163,299,0,299,462
08/30/2019,CPS,IL,AGL,CE,Towers with Radar,0,4,26,0,30,0,27,40,1,68,0,31,66,1,98,183,0,183,281
08/31/2019,CPS,IL,AGL,CE,Towers with Radar,0,1,16,2,19,0,44,37,0,81,0,45,53,2,100,160,0,160,260
09/01/2019,CPS,IL,AGL,CE,Towers with Radar,0,6,28,2,36,0,7,38,0,45,0,13,66,2,81,14,0,14,95
09/02/2019,CPS,IL,AGL,CE,Towers with Radar,0,2,22,0,24,0,10,63,0,73,0,12,85,0,97,86,0,86,183
09/03/2019,CPS,IL,AGL,CE,Towers with Radar,0,6,13,0,19,0,28,34,0,62,0,34,47,0,81,194,0,194,275
09/04/2019,CPS,IL,AGL,CE,Towers with Radar,0,16,24,0,40,0,69,85,0,154,0,85,109,0,194,293,0,293,487
09/05/2019,CPS,IL,AGL,CE,Towers with Radar,2,10,40,0,52,0,71,80,13,164,2,81,120,13,216,368,0,368,584
09/06/2019,CPS,IL,AGL,CE,Towers with Radar,0,8,29,2,39,0,42,102,8,152,0,50,131,10,191,269,0,269,460
09/07/2019,CPS,IL,AGL,CE,Towers with Radar,2,1,19,0,22,0,49,78,0,127,2,50,97,0,149,158,0,158,307
09/08/2019,CPS,IL,AGL,CE,Towers with Radar,0,12,28,0,40,0,6,34,0,40,0,18,62,0,80,58,0,58,138
09/09/2019,CPS,IL,AGL,CE,Towers with Radar,0,9,12,2,23,0,51,78,1,130,0,60,90,3,153,318,0,318,471
09/10/2019,CPS,IL,AGL,CE,Towers with Radar,0,8,22,0,30,0,48,75,6,129,0,56,97,6,159,206,0,206,365
09/11/2019,CPS,IL,AGL,CE,Towers with Radar,0,21,38,0,59,0,35,78,0,113,0,56,116,0,172,411,0,411,583
09/12/2019,CPS,IL,AGL,CE,Towers with Radar,0,17,31,3,51,0,39,63,0,102,0,56,94,3,153,394,0,394,547
09/13/2019,CPS,IL,AGL,CE,Towers with Radar,0,7,29,18,54,0,60,62,5,127,0,67,91,23,181,328,0,328,509
09/14/2019,CPS,IL,AGL,CE,Towers with Radar,0,1,22,0,23,0,46,83,1,130,0,47,105,1,153,141,0,141,294
09/15/2019,CPS,IL,AGL,CE,Towers with Radar,1,0,23,0,24,0,7,66,4,77,1,7,89,4,101,47,0,47,148
09/16/2019,CPS,IL,AGL,CE,Towers with Radar,0,5,23,2,30,0,34,68,0,102,0,39,91,2,132,170,0,170,302
09/17/2019,CPS,IL,AGL,CE,Towers with Radar,0,8,33,0,41,0,56,60,0,116,0,64,93,0,157,359,0,359,516
09/18/2019,CPS,IL,AGL,CE,Towers with Radar,2,14,34,2,52,0,54,51,1,106,2,68,85,3,158,357,0,357,515
09/19/2019,CPS,IL,AGL,CE,Towers with Radar,0,8,24,2,34,0,67,104,2,173,0,75,128,4,207,396,0,396,603
09/20/2019,CPS,IL,AGL,CE,Towers with Radar,0,0,14,8,22,0,28,59,1,88,0,28,73,9,110,349,0,349,459
09/21/2019,CPS,IL,AGL,CE,Towers with Radar,0,4,14,5,23,0,17,42,2,61,0,21,56,7,84,68,0,68,152
09/22/2019,CPS,IL,AGL,CE,Towers with Radar,2,0,7,0,9,0,2,21,1,24,2,2,28,1,33,4,0,4,37
09/23/2019,CPS,IL,AGL,CE,Towers with Radar,0,7,22,1,30,0,58,70,0,128,0,65,92,1,158,263,0,263,421
09/24/2019,CPS,IL,AGL,CE,Towers with Radar,0,7,10,0,17,0,69,83,0,152,0,76,93,0,169,337,0,337,506
09/25/2019,CPS,IL,AGL,CE,Towers with Radar,0,20,35,0,55,0,27,58,0,85,0,47,93,0,140,360,0,360,500
09/26/2019,CPS,IL,AGL,CE,Towers with Radar,0,11,55,2,68,0,85,61,1,147,0,96,116,3,215,391,0,391,606
09/27/2019,CPS,IL,AGL,CE,Towers with Radar,0,8,37,0,45,0,16,62,2,80,0,24,99,2,125,78,0,78,203
09/28/2019,CPS,IL,AGL,CE,Towers with Radar,0,3,30,1,34,0,17,68,1,86,0,20,98,2,120,142,0,142,262
09/29/2019,CPS,IL,AGL,CE,Towers with Radar,0,4,36,0,40,0,13,47,2,62,0,17,83,2,102,15,0,15,117
09/30/2019,CPS,IL,AGL,CE,Towers with Radar,1,7,18,6,32,0,45,70,0,115,1,52,88,6,147,250,0,250,397
10/01/2019,CPS,IL,AGL,CE,Towers with Radar,2,4,19,0,25,0,63,55,0,118,2,67,74,0,143,283,0,283,426
10/02/2019,CPS,IL,AGL,CE,Towers with Radar,0,11,27,0,38,0,52,62,0,114,0,63,89,0,152,387,0,387,539
10/03/2019,CPS,IL,AGL,CE,Towers with Radar,0,14,32,1,47,0,33,43,4,80,0,47,75,5,127,170,0,170,297
10/04/2019,CPS,IL,AGL,CE,Towers with Radar,0,6,27,2,35,0,11,83,4,98,0,17,110,6,133,133,0,133,266
10/05/2019,CPS,IL,AGL,CE,Towers with Radar,0,2,15,0,17,0,49,116,4,169,0,51,131,4,186,180,0,180,366
10/06/2019,CPS,IL,AGL,CE,Towers with Radar,0,10,44,0,54,0,5,28,2,35,0,15,72,2,89,63,0,63,152
10/07/2019,CPS,IL,AGL,CE,Towers with Radar,3,19,56,0,78,0,51,93,3,147,3,70,149,3,225,183,0,183,408
10/08/2019,CPS,IL,AGL,CE,Towers with Radar,2,8,35,0,45,0,55,78,1,134,2,63,113,1,179,383,0,383,562
10/09/2019,CPS,IL,AGL,CE,Towers with Radar,0,11,28,0,39,0,73,66,2,141,0,84,94,2,180,412,0,412,592
10/10/2019,CPS,IL,AGL,CE,Towers with Radar,4,7,18,0,29,0,6,30,0,36,4,13,48,0,65,156,0,156,221
10/11/2019,CPS,IL,AGL,CE,Towers with Radar,0,12,28,0,40,0,11,22,0,33,0,23,50,0,73,39,0,39,112
10/12/2019,CPS,IL,AGL,CE,Towers with Radar,0,13,26,1,40,0,22,87,0,109,0,35,113,1,149,98,0,98,247
10/13/2019,CPS,IL,AGL,CE,Towers with Radar,4,4,26,0,34,0,15,49,0,64,4,19,75,0,98,31,0,31,129
10/14/2019,CPS,IL,AGL,CE,Towers with Radar,0,5,17,1,23,0,57,55,2,114,0,62,72,3,137,307,0,307,444
10/15/2019,CPS,IL,AGL,CE,Towers with Radar,0,6,29,0,35,0,10,21,0,31,0,16,50,0,66,176,0,176,242
10/16/2019,CPS,IL,AGL,CE,Towers with Radar,3,12,25,0,40,0,33,75,0,108,3,45,100,0,148,136,0,136,284
10/17/2019,CPS,IL,AGL,CE,Towers with Radar,0,4,20,1,25,0,66,98,0,164,0,70,118,1,189,326,0,326,515
10/18/2019,CPS,IL,AGL,CE,Towers with Radar,1,4,34,0,39,0,35,84,8,127,1,39,118,8,166,300,0,300,466
10/19/2019,CPS,IL,AGL,CE,Towers with Radar,1,0,21,0,22,0,13,75,0,88,1,13,96,0,110,121,0,121,231
10/20/2019,CPS,IL,AGL,CE,Towers with Radar,0,4,24,0,28,0,9,66,0,75,0,13,90,0,103,142,0,142,245
10/21/2019,CPS,IL,AGL,CE,Towers with Radar,1,3,15,0,19,0,11,25,2,38,1,14,40,2,57,2,0,2,59
10/22/2019,CPS,IL,AGL,CE,Towers with Radar,0,6,20,0,26,0,28,30,0,58,0,34,50,0,84,74,0,74,158
10/23/2019,CPS,IL,AGL,CE,Towers with Radar,0,6,15,0,21,0,29,50,6,85,0,35,65,6,106,66,0,66,172
10/24/2019,CPS,IL,AGL,CE,Towers with Radar,0,21,34,1,56,0,23,24,1,48,0,44,58,2,104,106,0,106,210
10/25/2019,CPS,IL,AGL,CE,Towers with Radar,0,6,32,4,42,0,63,98,2,163,0,69,130,6,205,324,0,324,529
10/26/2019,CPS,IL,AGL,CE,Towers with Radar,0,6,16,1,23,0,0,1,0,1,0,6,17,1,24,0,0,0,24
10/27/2019,CPS,IL,AGL,CE,Towers with Radar,0,3,18,0,21,0,12,70,0,82,0,15,88,0,103,69,0,69,172
10/28/2019,CPS,IL,AGL,CE,Towers with Radar,0,10,37,0,47,0,10,22,0,32,0,20,59,0,79,106,0,106,185
10/29/2019,CPS,IL,AGL,CE,Towers with Radar,0,9,15,0,24,0,0,24,0,24,0,9,39,0,48,99,0,99,147
10/30/2019,CPS,IL,AGL,CE,Towers with Radar,0,7,12,2,21,0,0,0,0,0,0,7,12,2,21,0,0,0,21
10/31/2019,CPS,IL,AGL,CE,Towers with Radar,1,5,7,0,13,0,8,10,0,18,1,13,17,0,31,27,0,27,58
11/01/2019,CPS,IL,AGL,CE,Towers with Radar,0,3,21,0,24,0,62,70,6,138,0,65,91,6,162,134,0,134,296
11/02/2019,CPS,IL,AGL,CE,Towers with Radar,0,9,13,0,22,0,36,111,3,150,0,45,124,3,172,104,0,104,276
11/03/2019,CPS,IL,AGL,CE,Towers with Radar,0,5,22,0,27,0,4,47,0,51,0,9,69,0,78,66,0,66,144
11/04/2019,CPS,IL,AGL,CE,Towers with Radar,0,9,16,2,27,0,40,44,4,88,0,49,60,6,115,372,0,372,487
11/05/2019,CPS,IL,AGL,CE,Towers with Radar,0,14,25,2,41,0,69,54,2,125,0,83,79,4,166,306,0,306,472
11/06/2019,CPS,IL,AGL,CE,Towers with Radar,0,4,25,5,34,0,27,24,2,53,0,31,49,7,87,103,0,103,190
11/07/2019,CPS,IL,AGL,CE,Towers with Radar,0,15,18,5,38,0,52,32,1,85,0,67,50,6,123,257,0,257,380
11/08/2019,CPS,IL,AGL,CE,Towers with Radar,0,7,22,2,31,0,59,68,2,129,0,66,90,4,160,280,0,280,440
11/09/2019,CPS,IL,AGL,CE,Towers with Radar,0,0,19,0,19,0,45,72,0,117,0,45,91,0,136,222,0,222,358
11/10/2019,CPS,IL,AGL,CE,Towers with Radar,0,1,19,0,20,0,20,90,0,110,0,21,109,0,130,195,0,195,325
11/11/2019,CPS,IL,AGL,CE,Towers with Radar,0,2,7,0,9,0,0,3,0,3,0,2,10,0,12,0,0,0,12
11/12/2019,CPS,IL,AGL,CE,Towers with Radar,0,2,7,0,9,0,13,39,0,52,0,15,46,0,61,84,0,84,145
11/13/2019,CPS,IL,AGL,CE,Towers with Radar,0,5,21,1,27,0,59,58,0,117,0,64,79,1,144,278,0,278,422
11/14/2019,CPS,IL,AGL,CE,Towers with Radar,0,15,20,1,36,0,57,61,0,118,0,72,81,1,154,376,0,376,530
11/15/2019,CPS,IL,AGL,CE,Towers with Radar,1,5,16,0,22,0,68,73,0,141,1,73,89,0,163,252,0,252,415
11/16/2019,CPS,IL,AGL,CE,Towers with Radar,3,8,21,0,32,0,30,78,1,109,3,38,99,1,141,138,0,138,279
11/17/2019,CPS,IL,AGL,CE,Towers with Radar,3,9,25,0,37,0,4,25,0,29,3,13,50,0,66,143,0,143,209
11/18/2019,CPS,IL,AGL,CE,Towers with Radar,1,4,12,0,17,0,47,40,0,87,1,51,52,0,104,240,0,240,344
11/19/2019,CPS,IL,AGL,CE,Towers with Radar,0,13,27,0,40,0,36,40,0,76,0,49,67,0,116,209,0,209,325
11/20/2019,CPS,IL,AGL,CE,Towers with Radar,2,14,11,2,29,0,68,79,0,147,2,82,90,2,176,389,0,389,565
11/21/2019,CPS,IL,AGL,CE,Towers with Radar,0,13,21,0,34,0,11,10,0,21,0,24,31,0,55,221,0,221,276
11/22/2019,CPS,IL,AGL,CE,Towers with Radar,3,10,25,0,38,0,31,43,0,74,3,41,68,0,112,182,0,182,294
11/23/2019,CPS,IL,AGL,CE,Towers with Radar,1,3,3,0,7,0,13,8,0,21,1,16,11,0,28,75,0,75,103
11/24/2019,CPS,IL,AGL,CE,Towers with Radar,0,3,18,0,21,0,14,74,2,90,0,17,92,2,111,91,0,91,202
11/25/2019,CPS,IL,AGL,CE,Towers with Radar,0,3,19,0,22,0,66,90,4,160,0,69,109,4,182,322,0,322,504
11/26/2019,CPS,IL,AGL,CE,Towers with Radar,0,3,26,0,29,0,3,8,0,11,0,6,34,0,40,71,0,71,111
11/27/2019,CPS,IL,AGL,CE,Towers with Radar,0,2,14,0,16,0,5,7,0,12,0,7,21,0,28,0,0,0,28
11/28/2019,CPS,IL,AGL,CE,Towers with Radar,0,3,5,0,8,0,2,2,0,4,0,5,7,0,12,0,0,0,12
11/29/2019,CPS,IL,AGL,CE,Towers with Radar,0,0,11,0,11,0,0,0,0,0,0,0,11,0,11,15,0,15,26
11/30/2019,CPS,IL,AGL,CE,Towers with Radar,0,4,6,0,10,0,0,0,0,0,0,4,6,0,10,0,0,0,10
12/01/2019,CPS,IL,AGL,CE,Towers with Radar,0,2,5,0,7,0,1,0,0,1,0,3,5,0,8,0,0,0,8
12/02/2019,CPS,IL,AGL,CE,Towers with Radar,0,6,14,0,20,0,26,29,0,55,0,32,43,0,75,247,0,247,322
12/03/2019,CPS,IL,AGL,CE,Towers with Radar,0,4,14,0,18,0,62,50,0,112,0,66,64,0,130,244,0,244,374
12/04/2019,CPS,IL,AGL,CE,Towers with Radar,0,12,30,0,42,0,85,94,1,180,0,97,124,1,222,228,0,228,450
12/05/2019,CPS,IL,AGL,CE,Towers with Radar,0,8,22,3,33,0,76,81,2,159,0,84,103,5,192,447,0,447,639
12/06/2019,CPS,IL,AGL,CE,Towers with Radar,1,7,18,1,27,0,31,39,2,72,1,38,57,3,99,95,0,95,194
12/07/2019,CPS,IL,AGL,CE,Towers with Radar,1,4,17,0,22,0,46,75,2,123,1,50,92,2,145,193,0,193,338
12/08/2019,CPS,IL,AGL,CE,Towers with Radar,0,4,22,0,26,0,8,43,0,51,0,12,65,0,77,34,0,34,111
12/09/2019,CPS,IL,AGL,CE,Towers with Radar,0,8,17,0,25,0,2,9,0,11,0,10,26,0,36,118,0,118,154
12/10/2019,CPS,IL,AGL,CE,Towers with Radar,0,9,15,0,24,0,63,40,0,103,0,72,55,0,127,369,0,369,496
12/11/2019,CPS,IL,AGL,CE,Towers with Radar,1,12,38,3,54,0,71,71,2,144,1,83,109,5,198,260,0,260,458
12/12/2019,CPS,IL,AGL,CE,Towers with Radar,0,3,22,2,27,0,40,59,2,101,0,43,81,4,128,188,0,188,316
12/13/2019,CPS,IL,AGL,CE,Towers with Radar,2,11,23,0,36,0,55,70,3,128,2,66,93,3,164,392,0,392,556
12/14/2019,CPS,IL,AGL,CE,Towers with Radar,1,4,11,0,16,0,0,5,0,5,1,4,16,0,21,24,0,24,45
12/15/2019,CPS,IL,AGL,CE,Towers with Radar,1,1,15,0,17,0,0,15,1,16,1,1,30,1,33,98,0,98,131
12/16/2019,CPS,IL,AGL,CE,Towers with Radar,0,0,1,0,1,0,0,0,0,0,0,0,1,0,1,0,0,0,1
12/17/2019,CPS,IL,AGL,CE,Towers with Radar,0,10,24,3,37,0,5,25,0,30,0,15,49,3,67,20,0,20,87
12/18/2019,CPS,IL,AGL,CE,Towers with Radar,0,8,40,0,48,0,24,36,0,60,0,32,76,0,108,133,0,133,241
12/19/2019,CPS,IL,AGL,CE,Towers with Radar,0,8,24,0,32,0,25,52,2,79,0,33,76,2,111,251,0,251,362
12/20/2019,CPS,IL,AGL,CE,Towers with Radar,0,4,27,2,33,0,6,57,3,66,0,10,84,5,99,98,0,98,197
12/21/2019,CPS,IL,AGL,CE,Towers with Radar,0,4,23,0,27,0,14,61,0,75,0,18,84,0,102,70,0,70,172
12/22/2019,CPS,IL,AGL,CE,Towers with Radar,0,4,10,0,14,0,8,66,0,74,0,12,76,0,88,114,0,114,202
12/23/2019,CPS,IL,AGL,CE,Towers with Radar,0,0,18,0,18,0,12,61,0,73,0,12,79,0,91,156,0,156,247
12/24/2019,CPS,IL,AGL,CE,Towers with Radar,0,0,4,0,4,0,4,48,0,52,0,4,52,0,56,15,0,15,71
12/25/2019,CPS,IL,AGL,CE,Towers with Radar,0,2,2,0,4,0,0,17,0,17,0,2,19,0,21,8,0,8,29
12/26/2019,CPS,IL,AGL,CE,Towers with Radar,0,2,20,0,22,0,18,38,2,58,0,20,58,2,80,47,0,47,127
12/27/2019,CPS,IL,AGL,CE,Towers with Radar,0,4,27,0,31,0,3,28,0,31,0,7,55,0,62,128,0,128,190
12/28/2019,CPS,IL,AGL,CE,Towers with Radar,2,0,7,0,9,0,0,0,0,0,2,0,7,0,9,0,0,0,9
12/29/2019,CPS,IL,AGL,CE,Towers with Radar,2,0,13,0,15,0,2,12,0,14,2,2,25,0,29,37,0,37,66
12/30/2019,CPS,IL,AGL,CE,Towers with Radar,0,0,13,0,13,0,2,19,0,21,0,2,32,0,34,8,0,8,42
12/31/2019,CPS,IL,AGL,CE,Towers with Radar,0,0,6,0,6,0,15,36,0,51,0,15,42,0,57,23,0,23,80
01/01/2020,CPS,IL,AGL,CE,Towers with Radar,0,2,9,0,11,0,4,58,0,62,0,6,67,0,73,0,0,0,73
01/02/2020,CPS,IL,AGL,CE,Towers with Radar,0,1,13,0,14,0,10,39,1,50,0,11,52,1,64,101,0,101,165
01/03/2020,CPS,IL,AGL,CE,Towers with Radar,0,6,17,0,23,0,0,12,0,12,0,6,29,0,35,2,0,2,37
01/04/2020,CPS,IL,AGL,CE,Towers with Radar,0,2,10,0,12,0,7,14,0,21,0,9,24,0,33,6,0,6,39
01/05/2020,CPS,IL,AGL,CE,Towers with Radar,1,4,7,0,12,0,12,37,0,49,1,16,44,0,61,79,0,79,140
01/06/2020,CPS,IL,AGL,CE,Towers with Radar,0,5,20,1,26,0,32,57,0,89,0,37,77,1,115,125,1,126,241
01/07/2020,CPS,IL,AGL,CE,Towers with Radar,0,12,20,0,32,0,23,64,0,87,0,35,84,0,119,153,0,153,272
01/08/2020,CPS,IL,AGL,CE,Towers with Radar,2,13,24,0,39,0,31,65,1,97,2,44,89,1,136,250,0,250,386
01/09/2020,CPS,IL,AGL,CE,Towers with Radar,1,2,11,3,17,0,7,17,1,25,1,9,28,4,42,9,0,9,51
01/10/2020,CPS,IL,AGL,CE,Towers with Radar,2,0,15,0,17,0,0,2,0,2,2,0,17,0,19,6,0,6,25
01/11/2020,CPS,IL,AGL,CE,Towers with Radar,1,0,3,0,4,0,0,0,0,0,1,0,3,0,4,0,0,0,4
01/12/2020,CPS,IL,AGL,CE,Towers with Radar,0,2,8,0,10,0,11,2,0,13,0,13,10,0,23,21,0,21,44
01/13/2020,CPS,IL,AGL,CE,Towers with Radar,1,3,5,0,9,0,2,1,0,3,1,5,6,0,12,0,0,0,12
01/14/2020,CPS,IL,AGL,CE,Towers with Radar,1,5,26,3,35,7,12,47,0,66,8,17,73,3,101,339,4,343,444
01/15/2020,CPS,IL,AGL,CE,Towers with Radar,0,19,25,0,44,0,40,34,0,74,0,59,59,0,118,221,47,268,386
01/16/2020,CPS,IL,AGL,CE,Towers with Radar,2,13,11,4,30,0,86,71,3,160,2,99,82,7,190,375,0,375,565
01/17/2020,CPS,IL,AGL,CE,Towers with Radar,1,3,12,4,20,0,1,10,0,11,1,4,22,4,31,3,0,3,34
01/18/2020,CPS,IL,AGL,CE,Towers with Radar,0,4,7,1,12,0,8,5,0,13,0,12,12,1,25,16,0,16,41
01/19/2020,CPS,IL,AGL,CE,Towers with Radar,0,8,7,0,15,0,15,35,0,50,0,23,42,0,65,55,0,55,120
01/20/2020,CPS,IL,AGL,CE,Towers with Radar,0,5,18,0,23,0,5,27,0,32,0,10,45,0,55,148,0,148,203
01/21/2020,CPS,IL,AGL,CE,Towers with Radar,0,6,24,0,30,0,36,40,1,77,0,42,64,1,107,441,0,441,548
01/22/2020,CPS,IL,AGL,CE,Towers with Radar,0,3,19,0,22,0,42,38,0,80,0,45,57,0,102,418,0,418,520
01/23/2020,CPS,IL,AGL,CE,Towers with Radar,0,7,6,0,13,0,0,0,0,0,0,7,6,0,13,0,0,0,13
01/24/2020,CPS,IL,AGL,CE,Towers with Radar,0,10,13,3,26,0,0,4,0,4,0,10,17,3,30,0,0,0,30
01/25/2020,CPS,IL,AGL,CE,Towers with Radar,0,5,7,1,13,0,15,17,2,34,0,20,24,3,47,177,0,177,224
01/26/2020,CPS,IL,AGL,CE,Towers with Radar,0,12,13,2,27,0,28,70,0,98,0,40,83,2,125,172,0,172,297
01/27/2020,CPS,IL,AGL,CE,Towers with Radar,0,5,15,0,20,0,0,2,0,2,0,5,17,0,22,30,0,30,52
01/28/2020,CPS,IL,AGL,CE,Towers with Radar,0,2,9,3,14,0,1,4,0,5,0,3,13,3,19,44,0,44,63
01/29/2020,CPS,IL,AGL,CE,Towers with Radar,0,6,16,0,22,0,0,6,0,6,0,6,22,0,28,63,0,63,91
01/30/2020,CPS,IL,AGL,CE,Towers with Radar,0,4,16,0,20,0,7,17,0,24,0,11,33,0,44,106,0,106,150
01/31/2020,CPS,IL,AGL,CE,Towers with Radar,0,5,7,2,14,0,7,41,0,48,0,12,48,2,62,158,0,158,220
02/01/2020,CPS,IL,AGL,CE,Towers with Radar,0,9,13,0,22,0,61,52,0,113,0,70,65,0,135,267,0,267,402
02/02/2020,CPS,IL,AGL,CE,Towers with Radar,0,9,15,0,24,0,31,75,4,110,0,40,90,4,134,139,0,139,273
02/03/2020,CPS,IL,AGL,CE,Towers with Radar,1,6,14,1,22,0,29,66,8,103,1,35,80,9,125,220,0,220,345
02/04/2020,CPS,IL,AGL,CE,Towers with Radar,0,5,21,0,26,0,0,24,0,24,0,5,45,0,50,50,0,50,100
02/05/2020,CPS,IL,AGL,CE,Towers with Radar,1,1,3,0,5,0,2,8,0,10,1,3,11,0,15,33,0,33,48
02/06/2020,CPS,IL,AGL,CE,Towers with Radar,0,5,18,2,25,0,6,13,0,19,0,11,31,2,44,29,0,29,73
02/07/2020,CPS,IL,AGL,CE,Towers with Radar,0,12,23,0,35,0,49,59,0,108,0,61,82,0,143,372,0,372,515
02/08/2020,CPS,IL,AGL,CE,Towers with Radar,0,1,19,0,20,0,48,46,0,94,0,49,65,0,114,217,0,217,331
02/09/2020,CPS,IL,AGL,CE,Towers with Radar,0,0,7,0,7,0,0,0,0,0,0,0,7,0,7,0,0,0,7
02/10/2020,CPS,IL,AGL,CE,Towers with Radar,0,4,7,0,11,0,3,14,1,18,0,7,21,1,29,106,0,106,135
02/11/2020,CPS,IL,AGL,CE,Towers with Radar,0,18,24,0,42,0,76,43,2,121,0,94,67,2,163,369,0,369,532
02/12/2020,CPS,IL,AGL,CE,Towers with Radar,0,0,16,0,16,0,4,6,0,10,0,4,22,0,26,109,0,109,135
02/13/2020,CPS,IL,AGL,CE,Towers with Radar,0,10,10,0,20,0,18,17,2,37,0,28,27,2,57,30,0,30,87
02/14/2020,CPS,IL,AGL,CE,Towers with Radar,1,9,25,0,35,0,62,54,5,121,1,71,79,5,156,414,0,414,570
02/15/2020,CPS,IL,AGL,CE,Towers with Radar,1,7,15,0,23,0,38,40,0,78,1,45,55,0,101,128,0,128,229
02/16/2020,CPS,IL,AGL,CE,Towers with Radar,0,9,10,0,19,0,36,62,0,98,0,45,72,0,117,159,0,159,276
02/17/2020,CPS,IL,AGL,CE,Towers with Radar,1,17,10,2,30,0,1,15,0,16,1,18,25,2,46,18,0,18,64
02/18/2020,CPS,IL,AGL,CE,Towers with Radar,0,10,19,1,30,0,82,43,1,126,0,92,62,2,156,326,0,326,482
02/19/2020,CPS,IL,AGL,CE,Towers with Radar,0,11,22,1,34,0,89,74,0,163,0,100,96,1,197,462,0,462,659
02/20/2020,CPS,IL,AGL,CE,Towers with Radar,2,15,23,0,40,0,57,67,3,127,2,72,90,3,167,211,0,211,378
02/21/2020,CPS,IL,AGL,CE,Towers with Radar,0,5,28,0,33,0,69,80,1,150,0,74,108,1,183,413,0,413,596
02/22/2020,CPS,IL,AGL,CE,Towers with Radar,0,2,15,2,19,0,41,64,2,107,0,43,79,4,126,193,0,193,319
02/23/2020,CPS,IL,AGL,CE,Towers with Radar,1,4,4,0,9,0,15,46,0,61,1,19,50,0,70,75,0,75,145
02/24/2020,CPS,IL,AGL,CE,Towers with Radar,0,11,11,0,22,0,0,0,0,0,0,11,11,0,22,0,0,0,22
02/25/2020,CPS,IL,AGL,CE,Towers with Radar,0,2,17,0,19,0,0,0,0,0,0,2,17,0,19,0,0,0,19
02/26/2020,CPS,IL,AGL,CE,Towers with Radar,1,12,17,0,30,0,8,21,0,29,1,20,38,0,59,25,0,25,84
02/27/2020,CPS,IL,AGL,CE,Towers with Radar,0,8,35,8,51,0,82,91,2,175,0,90,126,10,226,354,0,354,580
02/28/2020,CPS,IL,AGL,CE,Towers with Radar,0,8,25,0,33,0,43,38,0,81,0,51,63,0,114,242,0,242,356
02/29/2020,CPS,IL,AGL,CE,Towers with Radar,0,5,17,1,23,0,52,91,2,145,0,57,108,3,168,326,0,326,494
03/01/2020,CPS,IL,AGL,CE,Towers with Radar,0,1,13,0,14,0,11,50,0,61,0,12,63,0,75,96,0,96,171
03/02/2020,CPS,IL,AGL,CE,Towers with Radar,0,8,14,0,22,0,12,25,2,39,0,20,39,2,61,187,0,187,248
03/03/2020,CPS,IL,AGL,CE,Towers with Radar,0,4,20,2,26,0,50,46,5,101,0,54,66,7,127,221,0,221,348
03/04/2020,CPS,IL,AGL,CE,Towers with Radar,0,10,14,1,25,0,69,76,2,147,0,79,90,3,172,283,0,283,455
03/05/2020,CPS,IL,AGL,CE,Towers with Radar,0,0,31,1,32,0,36,55,2,93,0,36,86,3,125,160,0,160,285
03/06/2020,CPS,IL,AGL,CE,Towers with Radar,0,8,22,2,32,0,18,57,0,75,0,26,79,2,107,69,0,69,176
03/07/2020,CPS,IL,AGL,CE,Towers with Radar,0,8,23,3,34,0,35,73,0,108,0,43,96,3,142,94,0,94,236
03/08/2020,CPS,IL,AGL,CE,Towers with Radar,0,6,8,3,17,0,8,28,1,37,0,14,36,4,54,74,0,74,128
03/09/2020,CPS,IL,AGL,CE,Towers with Radar,0,2,5,0,7,0,1,6,0,7,0,3,11,0,14,0,0,0,14
03/10/2020,CPS,IL,AGL,CE,Towers with Radar,0,15,29,0,44,0,32,37,0,69,0,47,66,0,113,292,0,292,405
03/11/2020,CPS,IL,AGL,CE,Towers with Radar,0,8,17,0,25,0,7,37,2,46,0,15,54,2,71,153,0,153,224
03/12/2020,CPS,IL,AGL,CE,Towers with Radar,1,3,18,4,26,0,2,2,1,5,1,5,20,5,31,20,0,20,51
03/13/2020,CPS,IL,AGL,CE,Towers with Radar,0,2,23,2,27,0,1,65,4,70,0,3,88,6,97,244,0,244,341
03/14/2020,CPS,IL,AGL,CE,Towers with Radar,0,8,7,0,15,0,0,0,0,0,0,8,7,0,15,0,0,0,15
03/15/2020,CPS,IL,AGL,CE,Towers with Radar,0,0,5,0,5,0,10,15,0,25,0,10,20,0,30,38,0,38,68
03/16/2020,CPS,IL,AGL,CE,Towers with Radar,0,2,4,0,6,0,0,12,0,12,0,2,16,0,18,32,0,32,50
03/17/2020,CPS,IL,AGL,CE,Towers with Radar,0,3,7,2,12,0,12,57,0,69,0,15,64,2,81,160,0,160,241
03/18/2020,CPS,IL,AGL,CE,Towers with Radar,0,0,8,0,8,0,0,4,0,4,0,0,12,0,12,36,0,36,48
03/19/2020,CPS,IL,AGL,CE,Towers with Radar,0,1,2,0,3,0,1,4,0,5,0,2,6,0,8,33,0,33,41
03/20/2020,CPS,IL,AGL,CE,Towers with Radar,0,0,12,0,12,0,0,17,0,17,0,0,29,0,29,91,0,91,120
03/21/2020,CPS,IL,AGL,CE,Towers with Radar,0,3,11,0,14,0,5,59,0,64,0,8,70,0,78,111,0,111,189
03/22/2020,CPS,IL,AGL,CE,Towers with Radar,0,0,1,0,1,0,1,4,0,5,0,1,5,0,6,42,0,42,48
03/23/2020,CPS,IL,AGL,CE,Towers with Radar,0,2,3,0,5,0,2,21,0,23,0,4,24,0,28,16,0,16,44
03/24/2020,CPS,IL,AGL,CE,Towers with Radar,0,0,1,0,1,0,0,5,0,5,0,0,6,0,6,6,0,6,12
03/25/2020,CPS,IL,AGL,CE,Towers with Radar,0,0,3,0,3,0,0,36,0,36,0,0,39,0,39,22,0,22,61
03/26/2020,CPS,IL,AGL,CE,Towers with Radar,0,0,6,0,6,0,9,42,0,51,0,9,48,0,57,148,0,148,205
03/27/2020,CPS,IL,AGL,CE,Towers with Radar,0,2,9,0,11,0,7,25,0,32,0,9,34,0,43,17,0,17,60
03/28/2020,CPS,IL,AGL,CE,Towers with Radar,0,0,1,0,1,0,0,11,0,11,0,0,12,0,12,34,0,34,46
03/29/2020,CPS,IL,AGL,CE,Towers with Radar,0,0,1,0,1,0,7,14,0,21,0,7,15,0,22,0,0,0,22
03/30/2020,CPS,IL,AGL,CE,Towers with Radar,0,4,12,0,16,0,7,58,0,65,0,11,70,0,81,43,0,43,124
03/31/2020,CPS,IL,AGL,CE,Towers with Radar,0,0,10,0,10,0,8,39,4,51,0,8,49,4,61,91,0,91,152
04/01/2020,CPS,IL,AGL,CE,Towers with Radar,0,2,3,3,8,0,2,46,0,48,0,4,49,3,56,49,0,49,105
04/02/2020,CPS,IL,AGL,CE,Towers with Radar,0,0,7,0,7,0,1,28,0,29,0,1,35,0,36,82,0,82,118
04/03/2020,CPS,IL,AGL,CE,Towers with Radar,0,0,5,0,5,0,0,32,0,32,0,0,37,0,37,57,0,57,94
04/04/2020,CPS,IL,AGL,CE,Towers with Radar,0,0,3,0,3,0,0,6,0,6,0,0,9,0,9,12,0,12,21
04/05/2020,CPS,IL,AGL,CE,Towers with Radar,0,2,7,0,9,0,6,5,0,11,0,8,12,0,20,0,0,0,20
04/06/2020,CPS,IL,AGL,CE,Towers with Radar,0,2,9,0,11,0,6,50,0,56,0,8,59,0,67,77,0,77,144
04/07/2020,CPS,IL,AGL,CE,Towers with Radar,0,2,8,0,10,0,3,40,0,43,0,5,48,0,53,36,0,36,89
04/08/2020,CPS,IL,AGL,CE,Towers with Radar,0,1,7,0,8,0,7,36,0,43,0,8,43,0,51,28,0,28,79
04/09/2020,CPS,IL,AGL,CE,Towers with Radar,0,0,10,0,10,0,7,28,0,35,0,7,38,0,45,10,0,10,55
04/10/2020,CPS,IL,AGL,CE,Towers with Radar,0,0,22,0,22,0,11,54,0,65,0,11,76,0,87,102,0,102,189
04/11/2020,CPS,IL,AGL,CE,Towers with Radar,0,1,6,0,7,0,4,20,0,24,0,5,26,0,31,75,0,75,106
04/12/2020,CPS,IL,AGL,CE,Towers with Radar,0,0,7,0,7,0,1,3,0,4,0,1,10,0,11,0,0,0,11
04/13/2020,CPS,IL,AGL,CE,Towers with Radar,0,0,7,4,11,0,3,16,0,19,0,3,23,4,30,17,0,17,47
04/14/2020,CPS,IL,AGL,CE,Towers with Radar,0,0,7,1,8,0,6,45,0,51,0,6,52,1,59,23,0,23,82
04/15/2020,CPS,IL,AGL,CE,Towers with Radar,0,2,8,0,10,0,4,43,0,47,0,6,51,0,57,41,0,41,98
04/16/2020,CPS,IL,AGL,CE,Towers with Radar,0,2,8,0,10,0,2,46,0,48,0,4,54,0,58,71,0,71,129
04/17/2020,CPS,IL,AGL,CE,Towers with Radar,0,1,26,0,27,0,2,12,0,14,0,3,38,0,41,38,0,38,79
04/18/2020,CPS,IL,AGL,CE,Towers with Radar,0,1,2,0,3,0,6,78,0,84,0,7,80,0,87,92,0,92,179
04/19/2020,CPS,IL,AGL,CE,Towers with Radar,0,0,10,0,10,0,7,36,0,43,0,7,46,0,53,96,0,96,149
04/20/2020,CPS,IL,AGL,CE,Towers with Radar,0,0,3,0,3,0,4,70,0,74,0,4,73,0,77,73,0,73,150
04/21/2020,CPS,IL,AGL,CE,Towers with Radar,0,0,21,0,21,0,6,83,0,89,0,6,104,0,110,79,0,79,189
04/22/2020,CPS,IL,AGL,CE,Towers with Radar,0,3,10,0,13,0,2,30,0,32,0,5,40,0,45,59,0,59,104
04/23/2020,CPS,IL,AGL,CE,Towers with Radar,0,4,14,2,20,0,5,13,0,18,0,9,27,2,38,36,0,36,74
04/24/2020,CPS,IL,AGL,CE,Towers with Radar,0,0,11,0,11,0,5,54,0,59,0,5,65,0,70,80,0,80,150
04/25/2020,CPS,IL,AGL,CE,Towers with Radar,0,0,9,0,9,0,2,0,0,2,0,2,9,0,11,4,0,4,15
04/26/2020,CPS,IL,AGL,CE,Towers with Radar,0,0,9,0,9,0,12,71,0,83,0,12,80,0,92,80,0,80,172
04/27/2020,CPS,IL,AGL,CE,Towers with Radar,0,2,10,0,12,0,8,33,0,41,0,10,43,0,53,29,0,29,82
04/28/2020,CPS,IL,AGL,CE,Towers with Radar,0,0,4,2,6,0,7,48,0,55,0,7,52,2,61,98,0,98,159
04/29/2020,CPS,IL,AGL,CE,Towers with Radar,0,2,10,0,12,0,2,13,0,15,0,4,23,0,27,1,0,1,28
04/30/2020,CPS,IL,AGL,CE,Towers with Radar,0,3,19,0,22,0,6,44,0,50,0,9,63,0,72,21,0,21,93
05/01/2020,CPS,IL,AGL,CE,Towers with Radar,0,0,23,0,23,0,8,100,0,108,0,8,123,0,131,158,0,158,289
05/02/2020,CPS,IL,AGL,CE,Towers with Radar,0,1,8,0,9,0,1,73,0,74,0,2,81,0,83,111,0,111,194
05/03/2020,CPS,IL,AGL,CE,Towers with Radar,0,2,3,0,5,0,6,12,0,18,0,8,15,0,23,16,0,16,39
05/04/2020,CPS,IL,AGL,CE,Towers with Radar,0,7,7,0,14,0,4,24,0,28,0,11,31,0,42,87,0,87,129
05/05/2020,CPS,IL,AGL,CE,Towers with Radar,0,0,13,0,13,0,9,20,0,29,0,9,33,0,42,2,0,2,44
05/06/2020,CPS,IL,AGL,CE,Towers with Radar,0,3,30,0,33,0,4,46,0,50,0,7,76,0,83,54,0,54,137
05/07/2020,CPS,IL,AGL,CE,Towers with Radar,0,1,17,0,18,0,3,39,0,42,0,4,56,0,60,118,0,118,178
05/08/2020,CPS,IL,AGL,CE,Towers with Radar,0,5,11,0,16,0,4,7,0,11,0,9,18,0,27,10,0,10,37
05/09/2020,CPS,IL,AGL,CE,Towers with Radar,0,0,13,0,13,0,4,68,0,72,0,4,81,0,85,80,0,80,165
05/10/2020,CPS,IL,AGL,CE,Towers with Radar,0,1,5,0,6,0,1,8,0,9,0,2,13,0,15,4,0,4,19
05/11/2020,CPS,IL,AGL,CE,Towers with Radar,0,2,7,0,9,0,3,28,0,31,0,5,35,0,40,60,0,60,100
05/12/2020,CPS,IL,AGL,CE,Towers with Radar,0,2,11,0,13,0,3,35,0,38,0,5,46,0,51,66,0,66,117
05/13/2020,CPS,IL,AGL,CE,Towers with Radar,0,1,15,0,16,0,0,0,0,0,0,1,15,0,16,0,0,0,16
05/14/2020,CPS,IL,AGL,CE,Towers with Radar,0,0,11,0,11,0,1,13,0,14,0,1,24,0,25,3,0,3,28
05/15/2020,CPS,IL,AGL,CE,Towers with Radar,0,4,25,0,29,0,8,20,0,28,0,12,45,0,57,37,0,37,94
05/16/2020,CPS,IL,AGL,CE,Towers with Radar,0,3,13,0,16,0,3,34,0,37,0,6,47,0,53,93,0,93,146
05/17/2020,CPS,IL,AGL,CE,Towers with Radar,0,2,6,0,8,0,3,2,0,5,0,5,8,0,13,0,0,0,13
05/18/2020,CPS,IL,AGL,CE,Towers with Radar,0,4,23,0,27,0,2,19,0,21,0,6,42,0,48,65,0,65,113
05/19/2020,CPS,IL,AGL,CE,Towers with Radar,0,2,23,0,25,0,2,13,0,15,0,4,36,0,40,48,0,48,88
05/20/2020,CPS,IL,AGL,CE,Towers with Radar,0,3,23,0,26,0,0,9,0,9,0,3,32,0,35,28,0,28,63
05/21/2020,CPS,IL,AGL,CE,Towers with Radar,0,2,19,0,21,0,3,17,0,20,0,5,36,0,41,32,0,32,73
05/22/2020,CPS,IL,AGL,CE,Towers with Radar,0,3,9,0,12,0,8,63,0,71,0,11,72,0,83,103,0,103,186
05/23/2020,CPS,IL,AGL,CE,Towers with Radar,0,0,9,0,9,0,4,42,0,46,0,4,51,0,55,54,0,54,109
05/24/2020,CPS,IL,AGL,CE,Towers with Radar,0,1,3,0,4,0,4,40,0,44,0,5,43,0,48,30,0,30,78
05/25/2020,CPS,IL,AGL,CE,Towers with Radar,0,2,7,0,9,0,2,24,0,26,0,4,31,0,35,139,0,139,174
05/26/2020,CPS,IL,AGL,CE,Towers with Radar,0,0,10,4,14,0,9,19,0,28,0,9,29,4,42,17,0,17,59
05/27/2020,CPS,IL,AGL,CE,Towers with Radar,0,4,9,0,13,0,0,3,0,3,0,4,12,0,16,0,0,0,16
05/28/2020,CPS,IL,AGL,CE,Towers with Radar,0,0,14,0,14,0,3,23,0,26,0,3,37,0,40,90,0,90,130
05/29/2020,CPS,IL,AGL,CE,Towers with Radar,0,0,18,0,18,0,4,65,0,69,0,4,83,0,87,56,0,56,143
05/30/2020,CPS,IL,AGL,CE,Towers with Radar,0,2,3,1,6,0,8,86,0,94,0,10,89,1,100,93,0,93,193
05/31/2020,CPS,IL,AGL,CE,Towers with Radar,0,2,2,1,5,0,5,49,0,54,0,7,51,1,59,58,0,58,117
06/01/2020,CPS,IL,AGL,CE,Towers with Radar,0,2,17,6,25,0,6,51,1,58,0,8,68,7,83,102,0,102,185
06/02/2020,CPS,IL,AGL,CE,Towers with Radar,0,4,16,0,20,0,4,44,0,48,0,8,60,0,68,86,0,86,154
06/03/2020,CPS,IL,AGL,CE,Towers with Radar,0,2,19,4,25,0,4,55,1,60,0,6,74,5,85,73,2,75,160
06/04/2020,CPS,IL,AGL,CE,Towers with Radar,0,1,7,0,8,0,5,40,0,45,0,6,47,0,53,61,0,61,114
06/05/2020,CPS,IL,AGL,CE,Towers with Radar,0,1,7,3,11,0,0,38,0,38,0,1,45,3,49,25,0,25,74
06/06/2020,CPS,IL,AGL,CE,Towers with Radar,0,0,5,0,5,0,1,57,0,58,0,1,62,0,63,73,0,73,136
06/07/2020,CPS,IL,AGL,CE,Towers with Radar,0,0,16,0,16,0,16,84,0,100,0,16,100,0,116,77,0,77,193
06/08/2020,CPS,IL,AGL,CE,Towers with Radar,0,0,17,0,17,0,5,93,0,98,0,5,110,0,115,112,0,112,227
06/09/2020,CPS,IL,AGL,CE,Towers with Radar,0,0,9,0,9,0,5,6,0,11,0,5,15,0,20,2,0,2,22
06/10/2020,CPS,IL,AGL,CE,Towers with Radar,0,2,16,0,18,0,16,37,0,53,0,18,53,0,71,57,0,57,128
06/11/2020,CPS,IL,AGL,CE,Towers with Radar,0,8,25,0,33,0,9,107,1,117,0,17,132,1,150,265,0,265,415
06/12/2020,CPS,IL,AGL,CE,Towers with Radar,0,0,19,4,23,0,11,78,0,89,0,11,97,4,112,160,0,160,272
06/13/2020,CPS,IL,AGL,CE,Towers with Radar,0,0,11,0,11,0,5,87,0,92,0,5,98,0,103,142,0,142,245
06/14/2020,CPS,IL,AGL,CE,Towers with Radar,0,3,18,0,21,0,4,78,0,82,0,7,96,0,103,104,0,104,207
06/15/2020,CPS,IL,AGL,CE,Towers with Radar,0,3,13,0,16,0,9,60,0,69,0,12,73,0,85,145,0,145,230
06/16/2020,CPS,IL,AGL,CE,Towers with Radar,0,0,17,0,17,0,4,71,0,75,0,4,88,0,92,231,0,231,323
06/17/2020,CPS,IL,AGL,CE,Towers with Radar,0,1,18,6,25,0,4,71,6,81,0,5,89,12,106,109,0,109,215
06/18/2020,CPS,IL,AGL,CE,Towers with Radar,0,1,18,2,21,0,1,98,0,99,0,2,116,2,120,222,0,222,342
06/19/2020,CPS,IL,AGL,CE,Towers with Radar,0,0,19,3,22,0,13,76,0,89,0,13,95,3,111,140,0,140,251
06/20/2020,CPS,IL,AGL,CE,Towers with Radar,0,1,8,0,9,0,5,54,0,59,0,6,62,0,68,106,0,106,174
06/21/2020,CPS,IL,AGL,CE,Towers with Radar,0,2,11,0,13,0,1,28,0,29,0,3,39,0,42,92,0,92,134
06/22/2020,CPS,IL,AGL,CE,Towers with Radar,0,2,16,0,18,0,7,13,0,20,0,9,29,0,38,71,0,71,109
06/23/2020,CPS,IL,AGL,CE,Towers with Radar,0,0,22,0,22,0,8,58,0,66,0,8,80,0,88,131,0,131,219
06/24/2020,CPS,IL,AGL,CE,Towers with Radar,0,6,22,18,46,0,5,53,0,58,0,11,75,18,104,163,0,163,267
06/25/2020,CPS,IL,AGL,CE,Towers with Radar,0,5,31,0,36,0,1,65,0,66,0,6,96,0,102,100,0,100,202
06/26/2020,CPS,IL,AGL,CE,Towers with Radar,0,2,10,0,12,0,3,39,2,44,0,5,49,2,56,76,0,76,132
06/27/2020,CPS,IL,AGL,CE,Towers with Radar,0,0,5,0,5,0,0,55,0,55,0,0,60,0,60,52,0,52,112
06/28/2020,CPS,IL,AGL,CE,Towers with Radar,0,4,11,0,15,0,3,42,0,45,0,7,53,0,60,67,0,67,127
06/29/2020,CPS,IL,AGL,CE,Towers with Radar,0,4,10,2,16,0,8,53,0,61,0,12,63,2,77,122,0,122,199
06/30/2020,CPS,IL,AGL,CE,Towers with Radar,0,0,11,0,11,0,0,3,0,3,0,0,14,0,14,20,0,20,34
07/01/2020,CPS,IL,AGL,CE,Towers with Radar,0,1,23,2,26,0,3,16,0,19,0,4,39,2,45,60,0,60,105
07/02/2020,CPS,IL,AGL,CE,Towers with Radar,0,2,22,0,24,0,6,62,0,68,0,8,84,0,92,113,0,113,205
07/03/2020,CPS,IL,AGL,CE,Towers with Radar,0,4,14,1,19,0,4,53,0,57,0,8,67,1,76,99,0,99,175
07/04/2020,CPS,IL,AGL,CE,Towers with Radar,0,0,2,0,2,0,0,58,0,58,0,0,60,0,60,37,0,37,97
07/05/2020,CPS,IL,AGL,CE,Towers with Radar,0,2,10,0,12,0,4,39,0,43,0,6,49,0,55,28,0,28,83
07/06/2020,CPS,IL,AGL,CE,Towers with Radar,0,0,6,0,6,0,9,56,0,65,0,9,62,0,71,114,0,114,185
07/07/2020,CPS,IL,AGL,CE,Towers with Radar,0,1,19,7,27,0,1,41,3,45,0,2,60,10,72,77,0,77,149
07/08/2020,CPS,IL,AGL,CE,Towers with Radar,0,5,18,2,25,0,7,48,0,55,0,12,66,2,80,56,0,56,136
07/09/2020,CPS,IL,AGL,CE,Towers with Radar,0,3,17,3,23,0,4,69,0,73,0,7,86,3,96,80,0,80,176
07/10/2020,CPS,IL,AGL,CE,Towers with Radar,0,2,26,0,28,0,12,53,0,65,0,14,79,0,93,108,0,108,201
07/11/2020,CPS,IL,AGL,CE,Towers with Radar,0,0,16,0,16,0,8,68,0,76,0,8,84,0,92,94,0,94,186
07/12/2020,CPS,IL,AGL,CE,Towers with Radar,0,1,14,0,15,0,7,37,0,44,0,8,51,0,59,128,0,128,187
07/13/2020,CPS,IL,AGL,CE,Towers with Radar,0,3,11,0,14,0,11,57,2,70,0,14,68,2,84,217,0,217,301
07/14/2020,CPS,IL,AGL,CE,Towers with Radar,0,5,5,0,10,0,20,61,0,81,0,25,66,0,91,285,0,285,376
07/15/2020,CPS,IL,AGL,CE,Towers with Radar,0,5,6,0,11,0,15,19,0,34,0,20,25,0,45,103,0,103,148
07/16/2020,CPS,IL,AGL,CE,Towers with Radar,0,4,23,0,27,0,25,62,1,88,0,29,85,1,115,213,0,213,328
07/17/2020,CPS,IL,AGL,CE,Towers with Radar,0,2,26,2,30,0,20,74,0,94,0,22,100,2,124,100,0,100,224
07/18/2020,CPS,IL,AGL,CE,Towers with Radar,0,0,12,0,12,0,8,59,0,67,0,8,71,0,79,60,0,60,139
07/19/2020,CPS,IL,AGL,CE,Towers with Radar,0,3,12,0,15,0,8,30,4,42,0,11,42,4,57,81,0,81,138
07/20/2020,CPS,IL,AGL,CE,Towers with Radar,0,2,9,2,13,0,26,50,1,77,0,28,59,3,90,126,0,126,216
07/21/2020,CPS,IL,AGL,CE,Towers with Radar,0,4,25,0,29,0,31,30,2,63,0,35,55,2,92,211,0,211,303
07/22/2020,CPS,IL,AGL,CE,Towers with Radar,0,6,29,3,38,0,13,54,1,68,0,19,83,4,106,180,0,180,286
07/23/2020,CPS,IL,AGL,CE,Towers with Radar,0,4,17,3,24,0,25,52,1,78,0,29,69,4,102,291,0,291,393
07/24/2020,CPS,IL,AGL,CE,Towers with Radar,0,3,12,3,18,0,38,67,1,106,0,41,79,4,124,242,0,242,366
07/25/2020,CPS,IL,AGL,CE,Towers with Radar,0,1,9,0,10,0,6,75,0,81,0,7,84,0,91,102,0,102,193
07/26/2020,CPS,IL,AGL,CE,Towers with Radar,0,6,8,0,14,0,13,58,0,71,0,19,66,0,85,17,0,17,102
07/27/2020,CPS,IL,AGL,CE,Towers with Radar,2,8,7,0,17,0,6,23,0,29,2,14,30,0,46,28,3,31,77
07/28/2020,CPS,IL,AGL,CE,Towers with Radar,0,2,16,0,18,0,59,68,0,127,0,61,84,0,145,280,0,280,425
07/29/2020,CPS,IL,AGL,CE,Towers with Radar,0,6,24,0,30,0,31,39,0,70,0,37,63,0,100,104,1,105,205
07/30/2020,CPS,IL,AGL,CE,Towers with Radar,0,9,30,0,39,0,2,7,0,9,0,11,37,0,48,46,0,46,94
07/31/2020,CPS,IL,AGL,CE,Towers with Radar,0,3,32,0,35,0,5,3,0,8,0,8,35,0,43,28,0,28,71
08/01/2020,CPS,IL,AGL,CE,Towers with Radar,0,4,28,0,32,0,4,36,0,40,0,8,64,0,72,168,0,168,240
08/02/2020,CPS,IL,AGL,CE,Towers with Radar,0,4,18,0,22,0,3,40,0,43,0,7,58,0,65,122,0,122,187
08/03/2020,CPS,IL,AGL,CE,Towers with Radar,0,4,16,0,20,0,13,36,0,49,0,17,52,0,69,133,0,133,202
08/04/2020,CPS,IL,AGL,CE,Towers with Radar,0,5,32,4,41,0,31,54,4,89,0,36,86,8,130,227,0,227,357
08/05/2020,CPS,IL,AGL,CE,Towers with Radar,2,3,23,0,28,0,65,66,0,131,2,68,89,0,159,281,0,281,440
08/06/2020,CPS,IL,AGL,CE,Towers with Radar,0,2,33,0,35,0,46,85,3,134,0,48,118,3,169,260,0,260,429
08/07/2020,CPS,IL,AGL,CE,Towers with Radar,0,1,16,2,19,0,32,84,0,116,0,33,100,2,135,179,2,181,316
08/08/2020,CPS,IL,AGL,CE,Towers with Radar,0,0,8,0,8,0,3,60,0,63,0,3,68,0,71,152,0,152,223
08/09/2020,CPS,IL,AGL,CE,Towers with Radar,0,1,12,0,13,0,3,40,0,43,0,4,52,0,56,69,0,69,125
08/10/2020,CPS,IL,AGL,CE,Towers with Radar,0,0,12,0,12,0,38,50,0,88,0,38,62,0,100,149,0,149,249
08/11/2020,CPS,IL,AGL,CE,Towers with Radar,0,7,17,0,24,0,8,44,0,52,0,15,61,0,76,157,0,157,233
08/12/2020,CPS,IL,AGL,CE,Towers with Radar,0,3,18,2,23,0,10,31,0,41,0,13,49,2,64,56,0,56,120
08/13/2020,CPS,IL,AGL,CE,Towers with Radar,0,3,23,0,26,0,11,17,0,28,0,14,40,0,54,73,0,73,127
08/14/2020,CPS,IL,AGL,CE,Towers with Radar,0,3,17,1,21,0,7,78,4,89,0,10,95,5,110,98,0,98,208
08/15/2020,CPS,IL,AGL,CE,Towers with Radar,0,1,14,0,15,0,0,59,0,59,0,1,73,0,74,73,0,73,147
08/16/2020,CPS,IL,AGL,CE,Towers with Radar,0,1,4,0,5,0,10,80,0,90,0,11,84,0,95,45,0,45,140
08/17/2020,CPS,IL,AGL,CE,Towers with Radar,0,4,2,0,6,0,23,55,0,78,0,27,57,0,84,144,0,144,228
08/18/2020,CPS,IL,AGL,CE,Towers with Radar,0,1,26,0,27,0,59,66,2,127,0,60,92,2,154,163,0,163,317
08/19/2020,CPS,IL,AGL,CE,Towers with Radar,0,0,27,2,29,0,64,65,2,131,0,64,92,4,160,195,0,195,355
08/20/2020,CPS,IL,AGL,CE,Towers with Radar,0,0,23,0,23,0,61,60,6,127,0,61,83,6,150,283,0,283,433
08/21/2020,CPS,IL,AGL,CE,Towers with Radar,0,1,17,1,19,0,60,59,0,119,0,61,76,1,138,240,0,240,378
08/22/2020,CPS,IL,AGL,CE,Towers with Radar,0,0,11,0,11,0,44,72,1,117,0,44,83,1,128,268,0,268,396
08/23/2020,CPS,IL,AGL,CE,Towers with Radar,1,0,19,0,20,0,12,57,0,69,1,12,76,0,89,143,0,143,232
08/24/2020,CPS,IL,AGL,CE,Towers with Radar,0,5,16,4,25,0,45,59,0,104,0,50,75,4,129,244,0,244,373
08/25/2020,CPS,IL,AGL,CE,Towers with Radar,0,2,13,2,17,0,50,79,1,130,0,52,92,3,147,257,0,257,404
08/26/2020,CPS,IL,AGL,CE,Towers with Radar,0,5,17,2,24,0,41,65,1,107,0,46,82,3,131,297,0,297,428
08/27/2020,CPS,IL,AGL,CE,Towers with Radar,0,2,14,3,19,0,35,44,0,79,0,37,58,3,98,164,0,164,262
08/28/2020,CPS,IL,AGL,CE,Towers with Radar,0,6,25,0,31,0,19,38,0,57,0,25,63,0,88,129,0,129,217
08/29/2020,CPS,IL,AGL,CE,Towers with Radar,0,8,26,0,34,0,40,57,0,97,0,48,83,0,131,122,0,122,253
08/30/2020,CPS,IL,AGL,CE,Towers with Radar,2,12,22,0,36,0,2,58,0,60,2,14,80,0,96,139,0,139,235
08/31/2020,CPS,IL,AGL,CE,Towers with Radar,0,6,13,0,19,0,6,33,0,39,0,12,46,0,58,123,0,123,181
09/01/2020,CPS,IL,AGL,CE,Towers with Radar,0,2,18,0,20,0,5,16,0,21,0,7,34,0,41,17,0,17,58
09/02/2020,CPS,IL,AGL,CE,Towers with Radar,0,2,39,0,41,0,22,37,0,59,0,24,76,0,100,195,0,195,295
09/03/2020,CPS,IL,AGL,CE,Towers with Radar,0,5,28,1,34,0,46,60,0,106,0,51,88,1,140,86,0,86,226
09/04/2020,CPS,IL,AGL,CE,Towers with Radar,0,1,20,2,23,0,69,106,0,175,0,70,126,2,198,310,0,310,508
09/05/2020,CPS,IL,AGL,CE,Towers with Radar,0,4,16,0,20,0,60,75,0,135,0,64,91,0,155,148,0,148,303
09/06/2020,CPS,IL,AGL,CE,Towers with Radar,0,0,9,0,9,0,14,72,0,86,0,14,81,0,95,113,0,113,208
09/07/2020,CPS,IL,AGL,CE,Towers with Radar,3,1,10,0,14,0,54,55,0,109,3,55,65,0,123,122,0,122,245
09/08/2020,CPS,IL,AGL,CE,Towers with Radar,1,4,13,4,22,0,53,60,1,114,1,57,73,5,136,212,0,212,348
09/09/2020,CPS,IL,AGL,CE,Towers with Radar,0,2,34,1,37,0,51,43,0,94,0,53,77,1,131,102,0,102,233
09/10/2020,CPS,IL,AGL,CE,Towers with Radar,0,4,31,0,35,0,35,28,0,63,0,39,59,0,98,139,0,139,237
09/11/2020,CPS,IL,AGL,CE,Towers with Radar,0,1,32,0,33,0,25,57,0,82,0,26,89,0,115,121,0,121,236
09/12/2020,CPS,IL,AGL,CE,Towers with Radar,0,4,14,0,18,0,3,26,0,29,0,7,40,0,47,83,0,83,130
09/13/2020,CPS,IL,AGL,CE,Towers with Radar,4,2,16,2,24,0,30,69,3,102,4,32,85,5,126,125,0,125,251
09/14/2020,CPS,IL,AGL,CE,Towers with Radar,0,4,10,2,16,0,64,59,0,123,0,68,69,2,139,289,3,292,431
09/15/2020,CPS,IL,AGL,CE,Towers with Radar,0,7,15,0,22,0,67,55,0,122,0,74,70,0,144,257,0,257,401
09/16/2020,CPS,IL,AGL,CE,Towers with Radar,0,0,26,0,26,0,78,82,2,162,0,78,108,2,188,389,0,389,577
09/17/2020,CPS,IL,AGL,CE,Towers with Radar,0,5,21,0,26,0,62,52,0,114,0,67,73,0,140,249,0,249,389
09/18/2020,CPS,IL,AGL,CE,Towers with Radar,0,1,23,2,26,0,57,60,1,118,0,58,83,3,144,122,0,122,266
09/19/2020,CPS,IL,AGL,CE,Towers with Radar,0,2,18,0,20,0,44,127,1,172,0,46,145,1,192,172,0,172,364
09/20/2020,CPS,IL,AGL,CE,Towers with Radar,0,0,15,2,17,0,18,52,0,70,0,18,67,2,87,101,0,101,188
09/21/2020,CPS,IL,AGL,CE,Towers with Radar,0,0,18,0,18,0,50,65,1,116,0,50,83,1,134,156,0,156,290
09/22/2020,CPS,IL,AGL,CE,Towers with Radar,0,2,21,0,23,0,55,78,0,133,0,57,99,0,156,223,0,223,379
09/23/2020,CPS,IL,AGL,CE,Towers with Radar,0,5,31,0,36,0,63,66,0,129,0,68,97,0,165,196,0,196,361
09/24/2020,CPS,IL,AGL,CE,Towers with Radar,0,2,19,1,22,0,59,82,4,145,0,61,101,5,167,300,0,300,467
09/25/2020,CPS,IL,AGL,CE,Towers with Radar,0,2,23,0,25,0,45,72,2,119,0,47,95,2,144,181,0,181,325
09/26/2020,CPS,IL,AGL,CE,Towers with Radar,0,0,17,1,18,0,31,78,0,109,0,31,95,1,127,86,0,86,213
09/27/2020,CPS,IL,AGL,CE,Towers with Radar,0,2,21,2,25,0,13,68,0,81,0,15,89,2,106,194,0,194,300
09/28/2020,CPS,IL,AGL,CE,Towers with Radar,0,0,19,0,19,0,7,32,0,39,0,7,51,0,58,76,0,76,134
09/29/2020,CPS,IL,AGL,CE,Towers with Radar,0,1,26,0,27,0,73,59,1,133,0,74,85,1,160,224,0,224,384
09/30/2020,CPS,IL,AGL,CE,Towers with Radar,0,3,32,0,35,0,44,49,1,94,0,47,81,1,129,90,0,90,219
10/01/2020,CPS,IL,AGL,CE,Towers with Radar,0,1,29,2,32,0,55,56,5,116,0,56,85,7,148,120,0,120,268
10/02/2020,CPS,IL,AGL,CE,Towers with Radar,0,4,33,2,39,0,84,55,0,139,0,88,88,2,178,165,0,165,343
10/03/2020,CPS,IL,AGL,CE,Towers with Radar,0,2,18,0,20,0,14,43,0,57,0,16,61,0,77,173,0,173,250
10/04/2020,CPS,IL,AGL,CE,Towers with Radar,0,2,19,0,21,0,11,19,0,30,0,13,38,0,51,54,0,54,105
10/05/2020,CPS,IL,AGL,CE,Towers with Radar,0,0,17,4,21,0,48,56,2,106,0,48,73,6,127,240,0,240,367
10/06/2020,CPS,IL,AGL,CE,Towers with Radar,0,6,23,2,31,0,52,67,2,121,0,58,90,4,152,303,0,303,455
10/07/2020,CPS,IL,AGL,CE,Towers with Radar,0,1,25,4,30,0,59,62,1,122,0,60,87,5,152,275,0,275,427
10/08/2020,CPS,IL,AGL,CE,Towers with Radar,0,1,24,3,28,0,55,97,0,152,0,56,121,3,180,295,0,295,475
10/09/2020,CPS,IL,AGL,CE,Towers with Radar,0,2,22,2,26,0,36,77,0,113,0,38,99,2,139,155,0,155,294
10/10/2020,CPS,IL,AGL,CE,Towers with Radar,0,1,17,0,18,0,42,49,0,91,0,43,66,0,109,221,0,221,330
10/11/2020,CPS,IL,AGL,CE,Towers with Radar,0,3,22,0,25,0,9,73,0,82,0,12,95,0,107,141,0,141,248
10/12/2020,CPS,IL,AGL,CE,Towers with Radar,0,0,15,0,15,0,9,37,2,48,0,9,52,2,63,73,0,73,136
10/13/2020,CPS,IL,AGL,CE,Towers with Radar,0,4,23,8,35,0,35,64,1,100,0,39,87,9,135,247,0,247,382
10/14/2020,CPS,IL,AGL,CE,Towers with Radar,0,0,21,6,27,0,20,57,5,82,0,20,78,11,109,154,0,154,263
10/15/2020,CPS,IL,AGL,CE,Towers with Radar,0,5,30,3,38,0,56,75,2,133,0,61,105,5,171,215,0,215,386
10/16/2020,CPS,IL,AGL,CE,Towers with Radar,0,2,33,4,39,0,25,48,1,74,0,27,81,5,113,164,0,164,277
10/17/2020,CPS,IL,AGL,CE,Towers with Radar,0,0,7,0,7,0,11,38,0,49,0,11,45,0,56,57,0,57,113
10/18/2020,CPS,IL,AGL,CE,Towers with Radar,0,0,13,0,13,0,4,61,1,66,0,4,74,1,79,99,0,99,178
10/19/2020,CPS,IL,AGL,CE,Towers with Radar,0,3,26,2,31,0,5,26,0,31,0,8,52,2,62,201,0,201,263
10/20/2020,CPS,IL,AGL,CE,Towers with Radar,0,8,17,1,26,0,8,13,0,21,0,16,30,1,47,137,0,137,184
10/21/2020,CPS,IL,AGL,CE,Towers with Radar,0,5,30,3,38,0,2,10,0,12,0,7,40,3,50,257,0,257,307
10/22/2020,CPS,IL,AGL,CE,Towers with Radar,0,7,20,2,29,0,56,93,2,151,0,63,113,4,180,242,0,242,422
10/23/2020,CPS,IL,AGL,CE,Towers with Radar,0,1,10,1,12,0,8,34,0,42,0,9,44,1,54,134,0,134,188
10/24/2020,CPS,IL,AGL,CE,Towers with Radar,0,2,26,1,29,0,48,59,0,107,0,50,85,1,136,260,0,260,396
10/25/2020,CPS,IL,AGL,CE,Towers with Radar,0,3,21,2,26,0,15,43,0,58,0,18,64,2,84,115,0,115,199
10/26/2020,CPS,IL,AGL,CE,Towers with Radar,0,2,10,0,12,0,6,4,0,10,0,8,14,0,22,74,0,74,96
10/27/2020,CPS,IL,AGL,CE,Towers with Radar,0,2,14,0,16,0,0,0,0,0,0,2,14,0,16,0,0,0,16
10/28/2020,CPS,IL,AGL,CE,Towers with Radar,0,0,35,0,35,0,6,21,0,27,0,6,56,0,62,144,0,144,206
10/29/2020,CPS,IL,AGL,CE,Towers with Radar,0,4,27,0,31,0,12,14,0,26,0,16,41,0,57,47,0,47,104
10/30/2020,CPS,IL,AGL,CE,Towers with Radar,0,0,43,2,45,0,78,98,0,176,0,78,141,2,221,377,0,377,598
10/31/2020,CPS,IL,AGL,CE,Towers with Radar,0,0,14,0,14,0,42,78,1,121,0,42,92,1,135,241,0,241,376
11/01/2020,CPS,IL,AGL,CE,Towers with Radar,0,0,18,0,18,0,11,37,0,48,0,11,55,0,66,10,0,10,76
11/02/2020,CPS,IL,AGL,CE,Towers with Radar,0,1,22,0,23,0,73,56,0,129,0,74,78,0,152,337,0,337,489
11/03/2020,CPS,IL,AGL,CE,Towers with Radar,0,4,13,5,22,0,63,64,0,127,0,67,77,5,149,277,0,277,426
11/04/2020,CPS,IL,AGL,CE,Towers with Radar,0,0,16,2,18,0,71,72,0,143,0,71,88,2,161,318,0,318,479
11/05/2020,CPS,IL,AGL,CE,Towers with Radar,0,3,14,1,18,0,65,62,1,128,0,68,76,2,146,287,0,287,433
11/06/2020,CPS,IL,AGL,CE,Towers with Radar,0,0,24,2,26,0,69,91,1,161,0,69,115,3,187,428,0,428,615
11/07/2020,CPS,IL,AGL,CE,Towers with Radar,0,2,17,2,21,0,47,86,2,135,0,49,103,4,156,265,0,265,421
11/08/2020,CPS,IL,AGL,CE,Towers with Radar,0,2,13,0,15,0,5,46,5,56,0,7,59,5,71,69,0,69,140
11/09/2020,CPS,IL,AGL,CE,Towers with Radar,0,1,12,0,13,0,21,54,0,75,0,22,66,0,88,126,0,126,214
11/10/2020,CPS,IL,AGL,CE,Towers with Radar,0,2,10,1,13,0,5,21,2,28,0,7,31,3,41,10,0,10,51
11/11/2020,CPS,IL,AGL,CE,Towers with Radar,0,3,21,0,24,0,66,95,0,161,0,69,116,0,185,459,0,459,644
11/12/2020,CPS,IL,AGL,CE,Towers with Radar,0,1,23,3,27,0,55,61,1,117,0,56,84,4,144,335,0,335,479
11/13/2020,CPS,IL,AGL,CE,Towers with Radar,0,3,31,0,34,0,71,64,2,137,0,74,95,2,171,316,0,316,487
11/14/2020,CPS,IL,AGL,CE,Towers with Radar,0,4,1,0,5,0,1,1,0,2,0,5,2,0,7,0,0,0,7
11/15/2020,CPS,IL,AGL,CE,Towers with Radar,0,0,5,0,5,0,8,7,0,15,0,8,12,0,20,4,0,4,24
11/16/2020,CPS,IL,AGL,CE,Towers with Radar,0,3,17,0,20,0,26,68,0,94,0,29,85,0,114,237,0,237,351
11/17/2020,CPS,IL,AGL,CE,Towers with Radar,0,3,13,0,16,0,47,60,0,107,0,50,73,0,123,330,0,330,453
11/18/2020,CPS,IL,AGL,CE,Towers with Radar,0,5,17,0,22,0,32,45,0,77,0,37,62,0,99,160,0,160,259
11/19/2020,CPS,IL,AGL,CE,Towers with Radar,0,5,10,0,15,0,1,16,0,17,0,6,26,0,32,2,0,2,34
11/20/2020,CPS,IL,AGL,CE,Towers with Radar,0,3,19,0,22,0,48,83,1,132,0,51,102,1,154,271,0,271,425
11/21/2020,CPS,IL,AGL,CE,Towers with Radar,0,1,26,0,27,0,8,23,0,31,0,9,49,0,58,113,0,113,171
11/22/2020,CPS,IL,AGL,CE,Towers with Radar,0,3,11,0,14,0,4,24,0,28,0,7,35,0,42,26,0,26,68
11/23/2020,CPS,IL,AGL,CE,Towers with Radar,0,1,17,0,18,0,53,76,0,129,0,54,93,0,147,204,0,204,351
11/24/2020,CPS,IL,AGL,CE,Towers with Radar,0,1,13,7,21,0,37,64,1,102,0,38,77,8,123,129,0,129,252
11/25/2020,CPS,IL,AGL,CE,Towers with Radar,0,1,24,4,29,0,1,16,0,17,0,2,40,4,46,21,0,21,67
11/26/2020,CPS,IL,AGL,CE,Towers with Radar,0,0,1,0,1,0,8,24,0,32,0,8,25,0,33,36,0,36,69
11/27/2020,CPS,IL,AGL,CE,Towers with Radar,0,0,8,0,8,0,6,70,0,76,0,6,78,0,84,87,0,87,171
11/28/2020,CPS,IL,AGL,CE,Towers with Radar,0,2,13,0,15,0,17,80,0,97,0,19,93,0,112,127,0,127,239
11/29/2020,CPS,IL,AGL,CE,Towers with Radar,0,1,5,0,6,0,2,32,0,34,0,3,37,0,40,74,0,74,114
11/30/2020,CPS,IL,AGL,CE,Towers with Radar,0,4,12,1,17,0,8,35,0,43,0,12,47,1,60,7,0,7,67
12/01/2020,CPS,IL,AGL,CE,Towers with Radar,0,2,12,0,14,0,44,96,0,140,0,46,108,0,154,277,0,277,431
12/02/2020,CPS,IL,AGL,CE,Towers with Radar,0,2,25,5,32,0,48,84,0,132,0,50,109,5,164,333,0,333,497
12/03/2020,CPS,IL,AGL,CE,Towers with Radar,0,8,23,2,33,0,23,58,2,83,0,31,81,4,116,165,0,165,281
12/04/2020,CPS,IL,AGL,CE,Towers with Radar,0,1,18,1,20,0,41,53,0,94,0,42,71,1,114,159,0,159,273
12/05/2020,CPS,IL,AGL,CE,Towers with Radar,0,3,12,0,15,0,4,85,1,90,0,7,97,1,105,195,0,195,300
12/06/2020,CPS,IL,AGL,CE,Towers with Radar,0,3,10,2,15,0,3,42,1,46,0,6,52,3,61,111,0,111,172
12/07/2020,CPS,IL,AGL,CE,Towers with Radar,0,4,18,0,22,0,17,36,0,53,0,21,54,0,75,172,0,172,247
12/08/2020,CPS,IL,AGL,CE,Towers with Radar,0,6,28,0,34,0,25,42,1,68,0,31,70,1,102,230,0,230,332
12/09/2020,CPS,IL,AGL,CE,Towers with Radar,0,0,29,2,31,0,50,78,4,132,0,50,107,6,163,271,0,271,434
12/10/2020,CPS,IL,AGL,CE,Towers with Radar,0,6,29,0,35,0,55,97,4,156,0,61,126,4,191,219,0,219,410
12/11/2020,CPS,IL,AGL,CE,Towers with Radar,0,2,23,2,27,0,24,49,0,73,0,26,72,2,100,205,0,205,305
12/12/2020,CPS,IL,AGL,CE,Towers with Radar,0,1,2,0,3,0,2,21,0,23,0,3,23,0,26,46,0,46,72
12/13/2020,CPS,IL,AGL,CE,Towers with Radar,0,0,5,0,5,0,10,16,3,29,0,10,21,3,34,129,0,129,163
12/14/2020,CPS,IL,AGL,CE,Towers with Radar,0,0,17,0,17,0,51,88,1,140,0,51,105,1,157,170,0,170,327
12/15/2020,CPS,IL,AGL,CE,Towers with Radar,0,1,12,0,13,0,25,64,0,89,0,26,76,0,102,125,0,125,227
12/16/2020,CPS,IL,AGL,CE,Towers with Radar,0,2,13,0,15,0,7,56,0,63,0,9,69,0,78,48,0,48,126
12/17/2020,CPS,IL,AGL,CE,Towers with Radar,0,2,27,15,44,0,45,95,5,145,0,47,122,20,189,228,0,228,417
12/18/2020,CPS,IL,AGL,CE,Towers with Radar,0,2,23,0,25,0,52,76,2,130,0,54,99,2,155,175,0,175,330
12/19/2020,CPS,IL,AGL,CE,Towers with Radar,0,2,10,0,12,0,6,51,0,57,0,8,61,0,69,76,0,76,145
12/20/2020,CPS,IL,AGL,CE,Towers with Radar,0,2,11,0,13,0,8,75,0,83,0,10,86,0,96,101,0,101,197
12/21/2020,CPS,IL,AGL,CE,Towers with Radar,0,8,7,2,17,0,8,69,1,78,0,16,76,3,95,50,0,50,145
12/22/2020,CPS,IL,AGL,CE,Towers with Radar,0,3,12,0,15,0,27,89,0,116,0,30,101,0,131,154,0,154,285
12/23/2020,CPS,IL,AGL,CE,Towers with Radar,0,3,8,2,13,0,8,4,0,12,0,11,12,2,25,2,0,2,27
12/24/2020,CPS,IL,AGL,CE,Towers with Radar,0,1,3,0,4,0,2,30,0,32,0,3,33,0,36,17,0,17,53
12/25/2020,CPS,IL,AGL,CE,Towers with Radar,0,3,4,0,7,0,4,17,0,21,0,7,21,0,28,20,0,20,48
12/26/2020,CPS,IL,AGL,CE,Towers with Radar,0,2,15,0,17,0,20,81,0,101,0,22,96,0,118,95,0,95,213
12/27/2020,CPS,IL,AGL,CE,Towers with Radar,0,5,11,0,16,0,16,29,0,45,0,21,40,0,61,39,0,39,100
12/28/2020,CPS,IL,AGL,CE,Towers with Radar,0,8,9,0,17,0,10,46,1,57,0,18,55,1,74,107,0,107,181
12/29/2020,CPS,IL,AGL,CE,Towers with Radar,0,4,10,0,14,0,1,47,1,49,0,5,57,1,63,65,0,65,128
12/30/2020,CPS,IL,AGL,CE,Towers with Radar,0,2,6,0,8,0,2,9,0,11,0,4,15,0,19,28,0,28,47
12/31/2020,CPS,IL,AGL,CE,Towers with Radar,0,1,18,0,19,0,6,33,0,39,0,7,51,0,58,78,0,78,136
01/01/2021,CPS,IL,AGL,CE,Towers with Radar,0,0,1,0,1,0,0,0,0,0,0,0,1,0,1,0,0,0,1
01/02/2021,CPS,IL,AGL,CE,Towers with Radar,0,1,6,0,7,0,0,0,0,0,0,1,6,0,7,0,0,0,7
01/03/2021,CPS,IL,AGL,CE,Towers with Radar,0,2,16,0,18,0,4,34,0,38,0,6,50,0,56,54,0,54,110
01/04/2021,CPS,IL,AGL,CE,Towers with Radar,0,2,5,0,7,0,0,0,0,0,0,2,5,0,7,0,0,0,7
01/05/2021,CPS,IL,AGL,CE,Towers with Radar,0,6,19,0,25,0,43,75,3,121,0,49,94,3,146,227,0,227,373
01/06/2021,CPS,IL,AGL,CE,Towers with Radar,0,3,14,0,17,0,34,55,1,90,0,37,69,1,107,281,0,281,388
01/07/2021,CPS,IL,AGL,CE,Towers with Radar,0,2,16,2,20,0,13,28,0,41,0,15,44,2,61,127,0,127,188
01/08/2021,CPS,IL,AGL,CE,Towers with Radar,0,6,6,0,12,0,6,25,0,31,0,12,31,0,43,149,0,149,192
01/09/2021,CPS,IL,AGL,CE,Towers with Radar,0,2,6,0,8,0,1,33,0,34,0,3,39,0,42,93,0,93,135
01/10/2021,CPS,IL,AGL,CE,Towers with Radar,0,1,10,0,11,0,10,20,2,32,0,11,30,2,43,58,0,58,101
01/11/2021,CPS,IL,AGL,CE,Towers with Radar,0,6,12,5,23,0,2,28,0,30,0,8,40,5,53,198,0,198,251
01/12/2021,CPS,IL,AGL,CE,Towers with Radar,0,5,30,2,37,0,68,60,8,136,0,73,90,10,173,211,0,211,384
01/13/2021,CPS,IL,AGL,CE,Towers with Radar,0,7,32,1,40,0,50,73,3,126,0,57,105,4,166,224,10,234,400
01/14/2021,CPS,IL,AGL,CE,Towers with Radar,0,3,11,0,14,0,10,22,1,33,0,13,33,1,47,86,0,86,133
01/15/2021,CPS,IL,AGL,CE,Towers with Radar,0,5,2,0,7,0,0,0,0,0,0,5,2,0,7,0,0,0,7
01/16/2021,CPS,IL,AGL,CE,Towers with Radar,0,1,3,0,4,0,2,9,0,11,0,3,12,0,15,28,0,28,43
01/17/2021,CPS,IL,AGL,CE,Towers with Radar,3,2,8,0,13,0,5,21,0,26,3,7,29,0,39,20,0,20,59
01/18/2021,CPS,IL,AGL,CE,Towers with Radar,0,3,19,0,22,0,8,44,2,54,0,11,63,2,76,189,0,189,265
01/19/2021,CPS,IL,AGL,CE,Towers with Radar,1,10,19,0,30,0,35,65,0,100,1,45,84,0,130,359,1,360,490
01/20/2021,CPS,IL,AGL,CE,Towers with Radar,0,4,19,1,24,0,49,74,2,125,0,53,93,3,149,326,0,326,475
01/21/2021,CPS,IL,AGL,CE,Towers with Radar,0,8,32,1,41,0,50,47,3,100,0,58,79,4,141,419,0,419,560
01/22/2021,CPS,IL,AGL,CE,Towers with Radar,2,2,15,0,19,0,52,58,0,110,2,54,73,0,129,122,0,122,251
01/23/2021,CPS,IL,AGL,CE,Towers with Radar,0,1,20,0,21,0,14,98,0,112,0,15,118,0,133,181,0,181,314
01/24/2021,CPS,IL,AGL,CE,Towers with Radar,1,3,18,2,24,0,3,15,0,18,1,6,33,2,42,40,0,40,82
01/25/2021,CPS,IL,AGL,CE,Towers with Radar,1,0,2,0,3,0,0,0,0,0,1,0,2,0,3,0,0,0,3
01/26/2021,CPS,IL,AGL,CE,Towers with Radar,0,4,14,0,18,0,7,12,2,21,0,11,26,2,39,48,0,48,87
01/27/2021,CPS,IL,AGL,CE,Towers with Radar,0,4,7,0,11,0,0,2,0,2,0,4,9,0,13,0,0,0,13
01/28/2021,CPS,IL,AGL,CE,Towers with Radar,0,7,23,0,30,0,63,68,3,134,0,70,91,3,164,222,0,222,386
01/29/2021,CPS,IL,AGL,CE,Towers with Radar,0,4,17,2,23,0,57,108,0,165,0,61,125,2,188,251,0,251,439
01/30/2021,CPS,IL,AGL,CE,Towers with Radar,0,2,7,0,9,0,0,4,0,4,0,2,11,0,13,27,0,27,40
01/31/2021,CPS,IL,AGL,CE,Towers with Radar,0,0,5,0,5,0,1,4,0,5,0,1,9,0,10,37,0,37,47
02/01/2021,CPS,IL,AGL,CE,Towers with Radar,1,7,17,0,25,0,11,29,0,40,1,18,46,0,65,125,0,125,190
02/02/2021,CPS,IL,AGL,CE,Towers with Radar,1,4,27,0,32,0,44,55,4,103,1,48,82,4,135,375,0,375,510
02/03/2021,CPS,IL,AGL,CE,Towers with Radar,0,2,23,5,30,0,69,104,0,173,0,71,127,5,203,338,0,338,541
02/04/2021,CPS,IL,AGL,CE,Towers with Radar,0,4,5,3,12,0,1,3,2,6,0,5,8,5,18,0,0,0,18
02/05/2021,CPS,IL,AGL,CE,Towers with Radar,1,5,16,0,22,0,33,59,0,92,1,38,75,0,114,120,0,120,234
02/06/2021,CPS,IL,AGL,CE,Towers with Radar,0,3,6,0,9,0,31,48,0,79,0,34,54,0,88,137,0,137,225
02/07/2021,CPS,IL,AGL,CE,Towers with Radar,1,0,4,0,5,0,4,27,2,33,1,4,31,2,38,38,0,38,76
02/08/2021,CPS,IL,AGL,CE,Towers with Radar,0,0,6,0,6,0,1,4,0,5,0,1,10,0,11,37,0,37,48
02/09/2021,CPS,IL,AGL,CE,Towers with Radar,1,3,2,0,6,0,3,8,0,11,1,6,10,0,17,77,0,77,94
02/10/2021,CPS,IL,AGL,CE,Towers with Radar,0,3,5,0,8,0,0,0,0,0,0,3,5,0,8,0,0,0,8
02/11/2021,CPS,IL,AGL,CE,Towers with Radar,0,9,6,0,15,0,6,11,0,17,0,15,17,0,32,25,0,25,57
02/12/2021,CPS,IL,AGL,CE,Towers with Radar,0,4,21,2,27,0,8,33,0,41,0,12,54,2,68,132,0,132,200
02/13/2021,CPS,IL,AGL,CE,Towers with Radar,0,2,6,0,8,0,4,7,0,11,0,6,13,0,19,4,0,4,23
02/14/2021,CPS,IL,AGL,CE,Towers with Radar,0,2,4,0,6,0,2,23,0,25,0,4,27,0,31,6,0,6,37
02/15/2021,CPS,IL,AGL,CE,Towers with Radar,0,0,0,0,0,0,0,1,0,1,0,0,1,0,1,0,0,0,1
02/16/2021,CPS,IL,AGL,CE,Towers with Radar,0,0,8,0,8,0,17,18,0,35,0,17,26,0,43,32,0,32,75
02/17/2021,CPS,IL,AGL,CE,Towers with Radar,0,4,10,0,14,0,4,11,0,15,0,8,21,0,29,29,0,29,58
02/18/2021,CPS,IL,AGL,CE,Towers with Radar,0,6,5,0,11,0,4,29,1,34,0,10,34,1,45,128,0,128,173
02/19/2021,CPS,IL,AGL,CE,Towers with Radar,0,9,20,0,29,0,42,61,2,105,0,51,81,2,134,219,0,219,353
02/20/2021,CPS,IL,AGL,CE,Towers with Radar,0,2,19,0,21,0,32,80,0,112,0,34,99,0,133,223,0,223,356
02/21/2021,CPS,IL,AGL,CE,Towers with Radar,0,3,12,0,15,0,3,21,0,24,0,6,33,0,39,61,0,61,100
02/22/2021,CPS,IL,AGL,CE,Towers with Radar,0,1,15,0,16,0,21,47,0,68,0,22,62,0,84,94,0,94,178
02/23/2021,CPS,IL,AGL,CE,Towers with Radar,0,4,27,1,32,0,68,119,2,189,0,72,146,3,221,376,0,376,597
02/24/2021,CPS,IL,AGL,CE,Towers with Radar,0,4,16,3,23,0,57,52,0,109,0,61,68,3,132,309,0,309,441
02/25/2021,CPS,IL,AGL,CE,Towers with Radar,1,2,20,0,23,0,88,101,2,191,1,90,121,2,214,519,0,519,733
02/26/2021,CPS,IL,AGL,CE,Towers with Radar,0,5,12,1,18,0,47,76,3,126,0,52,88,4,144,330,0,330,474
02/27/2021,CPS,IL,AGL,CE,Towers with Radar,0,0,16,3,19,0,53,111,3,167,0,53,127,6,186,290,0,290,476
02/28/2021,CPS,IL,AGL,CE,Towers with Radar,0,1,19,0,20,0,0,7,0,7,0,1,26,0,27,7,0,7,34
03/01/2021,CPS,IL,AGL,CE,Towers with Radar,0,2,27,0,29,0,61,59,0,120,0,63,86,0,149,264,45,309,458
03/02/2021,CPS,IL,AGL,CE,Towers with Radar,0,3,21,0,24,0,66,77,0,143,0,69,98,0,167,426,0,426,593
03/03/2021,CPS,IL,AGL,CE,Towers with Radar,0,4,16,0,20,0,68,76,0,144,0,72,92,0,164,444,0,444,608
03/04/2021,CPS,IL,AGL,CE,Towers with Radar,0,8,18,0,26,0,73,109,6,188,0,81,127,6,214,446,0,446,660
03/05/2021,CPS,IL,AGL,CE,Towers with Radar,0,5,24,0,29,0,54,110,3,167,0,59,134,3,196,240,0,240,436
03/06/2021,CPS,IL,AGL,CE,Towers with Radar,0,2,19,0,21,0,48,64,0,112,0,50,83,0,133,230,0,230,363
03/07/2021,CPS,IL,AGL,CE,Towers with Radar,0,3,16,0,19,0,34,71,0,105,0,37,87,0,124,115,0,115,239
03/08/2021,CPS,IL,AGL,CE,Towers with Radar,0,4,9,5,18,0,57,79,9,145,0,61,88,14,163,147,0,147,310
03/09/2021,CPS,IL,AGL,CE,Towers with Radar,0,1,15,2,18,0,22,87,0,109,0,23,102,2,127,264,0,264,391
03/10/2021,CPS,IL,AGL,CE,Towers with Radar,0,0,10,2,12,0,9,9,0,18,0,9,19,2,30,0,0,0,30
03/11/2021,CPS,IL,AGL,CE,Towers with Radar,0,11,19,0,30,0,4,8,0,12,0,15,27,0,42,4,0,4,46
03/12/2021,CPS,IL,AGL,CE,Towers with Radar,0,4,17,2,23,0,53,42,0,95,0,57,59,2,118,362,0,362,480
03/13/2021,CPS,IL,AGL,CE,Towers with Radar,1,0,16,0,17,0,43,46,0,89,1,43,62,0,106,280,0,280,386
03/14/2021,CPS,IL,AGL,CE,Towers with Radar,0,0,13,0,13,0,1,24,0,25,0,1,37,0,38,41,0,41,79
03/15/2021,CPS,IL,AGL,CE,Towers with Radar,0,2,8,1,11,0,0,2,0,2,0,2,10,1,13,0,0,0,13
03/16/2021,CPS,IL,AGL,CE,Towers with Radar,0,8,39,2,49,0,1,6,0,7,0,9,45,2,56,73,0,73,129
03/17/2021,CPS,IL,AGL,CE,Towers with Radar,0,2,14,7,23,0,0,1,0,1,0,2,15,7,24,18,0,18,42
03/18/2021,CPS,IL,AGL,CE,Towers with Radar,0,3,17,0,20,0,0,3,0,3,0,3,20,0,23,0,0,0,23
03/19/2021,CPS,IL,AGL,CE,Towers with Radar,0,2,20,0,22,0,38,83,0,121,0,40,103,0,143,245,0,245,388
03/20/2021,CPS,IL,AGL,CE,Towers with Radar,0,3,27,0,30,0,56,80,0,136,0,59,107,0,166,382,0,382,548
03/21/2021,CPS,IL,AGL,CE,Towers with Radar,0,1,16,2,19,0,17,59,0,76,0,18,75,2,95,167,0,167,262
03/22/2021,CPS,IL,AGL,CE,Towers with Radar,0,2,12,0,14,0,40,63,0,103,0,42,75,0,117,237,0,237,354
03/23/2021,CPS,IL,AGL,CE,Towers with Radar,0,4,4,0,8,0,3,9,0,12,0,7,13,0,20,12,0,12,32
03/24/2021,CPS,IL,AGL,CE,Towers with Radar,0,6,26,0,32,0,53,62,0,115,0,59,88,0,147,241,0,241,388
03/25/2021,CPS,IL,AGL,CE,Towers with Radar,2,6,10,2,20,0,18,10,0,28,2,24,20,2,48,183,0,183,231
03/26/2021,CPS,IL,AGL,CE,Towers with Radar,0,4,28,0,32,0,29,52,0,81,0,33,80,0,113,301,0,301,414
03/27/2021,CPS,IL,AGL,CE,Towers with Radar,0,1,10,0,11,0,32,86,0,118,0,33,96,0,129,269,0,269,398
03/28/2021,CPS,IL,AGL,CE,Towers with Radar,2,5,11,1,19,0,11,38,0,49,2,16,49,1,68,29,0,29,97
03/29/2021,CPS,IL,AGL,CE,Towers with Radar,0,5,14,0,19,2,18,48,0,68,2,23,62,0,87,182,0,182,269
03/30/2021,CPS,IL,AGL,CE,Towers with Radar,0,4,22,4,30,0,8,40,3,51,0,12,62,7,81,102,0,102,183
03/31/2021,CPS,IL,AGL,CE,Towers with Radar,0,0,15,3,18,0,35,51,1,87,0,35,66,4,105,166,0,166,271
04/01/2021,CPS,IL,AGL,CE,Towers with Radar,0,2,21,2,25,0,37,48,0,85,0,39,69,2,110,143,0,143,253
04/02/2021,CPS,IL,AGL,CE,Towers with Radar,0,0,9,2,11,0,11,46,1,58,0,11,55,3,69,146,0,146,215
04/03/2021,CPS,IL,AGL,CE,Towers with Radar,0,2,13,1,16,0,9,67,0,76,0,11,80,1,92,46,0,46,138
04/04/2021,CPS,IL,AGL,CE,Towers with Radar,2,1,7,0,10,0,6,67,0,73,2,7,74,0,83,67,0,67,150
04/05/2021,CPS,IL,AGL,CE,Towers with Radar,0,1,19,0,20,0,34,65,0,99,0,35,84,0,119,326,0,326,445
04/06/2021,CPS,IL,AGL,CE,Towers with Radar,0,2,16,0,18,0,60,73,0,133,0,62,89,0,151,189,0,189,340
04/07/2021,CPS,IL,AGL,CE,Towers with Radar,0,2,7,0,9,0,6,31,0,37,0,8,38,0,46,71,0,71,117
04/08/2021,CPS,IL,AGL,CE,Towers with Radar,5,5,21,0,31,0,16,23,0,39,5,21,44,0,70,101,0,101,171
04/09/2021,CPS,IL,AGL,CE,Towers with Radar,0,4,31,6,41,0,57,86,0,143,0,61,117,6,184,374,0,374,558
04/10/2021,CPS,IL,AGL,CE,Towers with Radar,1,8,16,0,25,0,2,0,0,2,1,10,16,0,27,1,0,1,28
04/11/2021,CPS,IL,AGL,CE,Towers with Radar,0,4,12,0,16,0,18,31,0,49,0,22,43,0,65,32,0,32,97
04/12/2021,CPS,IL,AGL,CE,Towers with Radar,0,2,19,0,21,0,63,66,0,129,0,65,85,0,150,396,0,396,546
04/13/2021,CPS,IL,AGL,CE,Towers with Radar,2,7,12,0,21,0,74,81,0,155,2,81,93,0,176,496,0,496,672
04/14/2021,CPS,IL,AGL,CE,Towers with Radar,2,12,20,0,34,0,74,71,1,146,2,86,91,1,180,420,0,420,600
04/15/2021,CPS,IL,AGL,CE,Towers with Radar,2,3,22,3,30,0,65,62,2,129,2,68,84,5,159,323,0,323,482
04/16/2021,CPS,IL,AGL,CE,Towers with Radar,0,4,19,4,27,0,58,58,1,117,0,62,77,5,144,413,0,413,557
04/17/2021,CPS,IL,AGL,CE,Towers with Radar,0,3,16,0,19,0,12,34,1,47,0,15,50,1,66,71,0,71,137
04/18/2021,CPS,IL,AGL,CE,Towers with Radar,0,3,26,3,32,0,5,70,1,76,0,8,96,4,108,100,0,100,208
04/19/2021,CPS,IL,AGL,CE,Towers with Radar,0,6,17,2,25,0,57,77,2,136,0,63,94,4,161,268,0,268,429
04/20/2021,CPS,IL,AGL,CE,Towers with Radar,0,1,12,0,13,0,11,5,0,16,0,12,17,0,29,26,0,26,55
04/21/2021,CPS,IL,AGL,CE,Towers with Radar,0,0,21,0,21,0,52,63,0,115,0,52,84,0,136,417,0,417,553
04/22/2021,CPS,IL,AGL,CE,Towers with Radar,0,0,27,0,27,0,99,107,2,208,0,99,134,2,235,565,0,565,800
04/23/2021,CPS,IL,AGL,CE,Towers with Radar,0,8,21,0,29,0,21,34,0,55,0,29,55,0,84,132,0,132,216
04/24/2021,CPS,IL,AGL,CE,Towers with Radar,0,2,17,1,20,0,2,19,2,23,0,4,36,3,43,37,0,37,80
04/25/2021,CPS,IL,AGL,CE,Towers with Radar,0,0,20,0,20,0,26,89,3,118,0,26,109,3,138,278,0,278,416
04/26/2021,CPS,IL,AGL,CE,Towers with Radar,1,2,16,2,21,0,5,43,0,48,1,7,59,2,69,68,0,68,137
04/27/2021,CPS,IL,AGL,CE,Towers with Radar,0,0,10,2,12,0,14,45,1,60,0,14,55,3,72,43,0,43,115
04/28/2021,CPS,IL,AGL,CE,Towers with Radar,0,2,13,0,15,0,3,15,0,18,0,5,28,0,33,58,0,58,91
04/29/2021,CPS,IL,AGL,CE,Towers with Radar,2,5,15,1,23,0,35,42,1,78,2,40,57,2,101,210,0,210,311
04/30/2021,CPS,IL,AGL,CE,Towers with Radar,0,6,30,1,37,0,64,113,1,178,0,70,143,2,215,300,0,300,515
05/01/2021,CPS,IL,AGL,CE,Towers with Radar,0,2,15,0,17,0,34,87,1,122,0,36,102,1,139,202,0,202,341
05/02/2021,CPS,IL,AGL,CE,Towers with Radar,4,5,9,0,18,0,6,49,0,55,4,11,58,0,73,107,0,107,180
05/03/2021,CPS,IL,AGL,CE,Towers with Radar,0,0,15,0,15,0,30,48,0,78,0,30,63,0,93,280,0,280,373
05/04/2021,CPS,IL,AGL,CE,Towers with Radar,0,6,18,0,24,0,1,8,0,9,0,7,26,0,33,28,0,28,61
05/05/2021,CPS,IL,AGL,CE,Towers with Radar,1,4,28,0,33,0,85,103,0,188,1,89,131,0,221,517,0,517,738
05/06/2021,CPS,IL,AGL,CE,Towers with Radar,2,3,14,1,20,0,26,42,1,69,2,29,56,2,89,152,0,152,241
05/07/2021,CPS,IL,AGL,CE,Towers with Radar,0,2,26,3,31,0,44,53,1,98,0,46,79,4,129,252,0,252,381
05/08/2021,CPS,IL,AGL,CE,Towers with Radar,0,1,14,0,15,0,11,27,0,38,0,12,41,0,53,60,0,60,113
05/09/2021,CPS,IL,AGL,CE,Towers with Radar,0,0,5,0,5,0,5,6,0,11,0,5,11,0,16,0,0,0,16
05/10/2021,CPS,IL,AGL,CE,Towers with Radar,2,5,18,1,26,0,43,69,3,115,2,48,87,4,141,366,0,366,507
05/11/2021,CPS,IL,AGL,CE,Towers with Radar,2,3,24,3,32,0,57,55,0,112,2,60,79,3,144,302,0,302,446
05/12/2021,CPS,IL,AGL,CE,Towers with Radar,0,5,20,0,25,0,58,88,4,150,0,63,108,4,175,293,0,293,468
05/13/2021,CPS,IL,AGL,CE,Towers with Radar,1,9,23,0,33,0,61,77,1,139,1,70,100,1,172,432,0,432,604
05/14/2021,CPS,IL,AGL,CE,Towers with Radar,0,2,16,0,18,0,57,93,2,152,0,59,109,2,170,365,0,365,535
05/15/2021,CPS,IL,AGL,CE,Towers with Radar,0,2,13,2,17,0,9,42,0,51,0,11,55,2,68,117,0,117,185
05/16/2021,CPS,IL,AGL,CE,Towers with Radar,0,0,14,0,14,0,8,17,2,27,0,8,31,2,41,42,0,42,83
05/17/2021,CPS,IL,AGL,CE,Towers with Radar,0,5,19,0,24,0,10,11,0,21,0,15,30,0,45,117,0,117,162
05/18/2021,CPS,IL,AGL,CE,Towers with Radar,0,6,17,3,26,0,0,14,0,14,0,6,31,3,40,0,0,0,40
05/19/2021,CPS,IL,AGL,CE,Towers with Radar,0,7,28,0,35,0,37,66,1,104,0,44,94,1,139,132,0,132,271
05/20/2021,CPS,IL,AGL,CE,Towers with Radar,1,9,24,5,39,0,41,65,6,112,1,50,89,11,151,129,0,129,280
05/21/2021,CPS,IL,AGL,CE,Towers with Radar,0,2,20,5,27,0,59,85,6,150,0,61,105,11,177,287,1,288,465
05/22/2021,CPS,IL,AGL,CE,Towers with Radar,0,6,19,1,26,0,8,106,0,114,0,14,125,1,140,206,0,206,346
05/23/2021,CPS,IL,AGL,CE,Towers with Radar,2,1,11,0,14,0,8,82,2,92,2,9,93,2,106,121,0,121,227
05/24/2021,CPS,IL,AGL,CE,Towers with Radar,0,6,24,1,31,0,64,96,3,163,0,70,120,4,194,304,3,307,501
05/25/2021,CPS,IL,AGL,CE,Towers with Radar,0,0,23,1,24,0,37,54,1,92,0,37,77,2,116,166,0,166,282
05/26/2021,CPS,IL,AGL,CE,Towers with Radar,0,3,21,3,27,0,33,32,3,68,0,36,53,6,95,292,0,292,387
05/27/2021,CPS,IL,AGL,CE,Towers with Radar,0,4,19,2,25,0,27,19,0,46,0,31,38,2,71,160,0,160,231
05/28/2021,CPS,IL,AGL,CE,Towers with Radar,0,5,33,0,38,0,2,2,0,4,0,7,35,0,42,0,0,0,42
05/29/2021,CPS,IL,AGL,CE,Towers with Radar,0,0,20,0,20,0,6,69,0,75,0,6,89,0,95,124,0,124,219
05/30/2021,CPS,IL,AGL,CE,Towers with Radar,0,2,14,0,16,0,3,68,0,71,0,5,82,0,87,83,0,83,170
05/31/2021,CPS,IL,AGL,CE,Towers with Radar,0,2,13,0,15,0,6,71,0,77,0,8,84,0,92,139,0,139,231
06/01/2021,CPS,IL,AGL,CE,Towers with Radar,0,2,11,1,14,0,29,47,0,76,0,31,58,1,90,294,0,294,384
06/02/2021,CPS,IL,AGL,CE,Towers with Radar,0,0,39,3,42,0,12,15,0,27,0,12,54,3,69,196,0,196,265
06/03/2021,CPS,IL,AGL,CE,Towers with Radar,1,3,36,1,41,0,70,61,0,131,1,73,97,1,172,358,0,358,530
06/04/2021,CPS,IL,AGL,CE,Towers with Radar,0,0,25,1,26,0,71,76,0,147,0,71,101,1,173,375,0,375,548
06/05/2021,CPS,IL,AGL,CE,Towers with Radar,0,4,12,0,16,0,22,63,0,85,0,26,75,0,101,122,0,122,223
06/06/2021,CPS,IL,AGL,CE,Towers with Radar,0,2,20,0,22,0,14,47,3,64,0,16,67,3,86,86,1,87,173
06/07/2021,CPS,IL,AGL,CE,Towers with Radar,0,0,12,18,30,0,12,26,2,40,0,12,38,20,70,266,6,272,342
06/08/2021,CPS,IL,AGL,CE,Towers with Radar,0,8,14,0,22,0,6,21,0,27,0,14,35,0,49,146,0,146,195
06/09/2021,CPS,IL,AGL,CE,Towers with Radar,1,1,22,0,24,0,9,30,0,39,1,10,52,0,63,258,0,258,321
06/10/2021,CPS,IL,AGL,CE,Towers with Radar,1,1,18,0,20,0,43,64,0,107,1,44,82,0,127,342,0,342,469
06/11/2021,CPS,IL,AGL,CE,Towers with Radar,0,7,23,1,31,0,59,67,0,126,0,66,90,1,157,304,0,304,461
06/12/2021,CPS,IL,AGL,CE,Towers with Radar,0,0,13,0,13,0,3,61,0,64,0,3,74,0,77,80,0,80,157
06/13/2021,CPS,IL,AGL,CE,Towers with Radar,1,4,10,0,15,0,3,77,0,80,1,7,87,0,95,53,0,53,148
06/14/2021,CPS,IL,AGL,CE,Towers with Radar,0,4,14,0,18,0,44,60,0,104,0,48,74,0,122,238,0,238,360
06/15/2021,CPS,IL,AGL,CE,Towers with Radar,1,2,33,0,36,0,56,67,0,123,1,58,100,0,159,311,0,311,470
06/16/2021,CPS,IL,AGL,CE,Towers with Radar,3,1,34,0,38,4,47,75,2,128,7,48,109,2,166,381,0,381,547
06/17/2021,CPS,IL,AGL,CE,Towers with Radar,0,4,32,0,36,0,45,67,0,112,0,49,99,0,148,251,0,251,399
06/18/2021,CPS,IL,AGL,CE,Towers with Radar,0,2,22,2,26,0,10,55,0,65,0,12,77,2,91,17,0,17,108
06/19/2021,CPS,IL,AGL,CE,Towers with Radar,0,2,7,1,10,0,2,33,1,36,0,4,40,2,46,39,0,39,85
06/20/2021,CPS,IL,AGL,CE,Towers with Radar,0,0,14,0,14,0,4,51,1,56,0,4,65,1,70,20,0,20,90
06/21/2021,CPS,IL,AGL,CE,Towers with Radar,0,7,18,1,26,0,10,36,0,46,0,17,54,1,72,261,0,261,333
06/22/2021,CPS,IL,AGL,CE,Towers with Radar,0,3,27,0,30,0,42,84,0,126,0,45,111,0,156,327,0,327,483
06/23/2021,CPS,IL,AGL,CE,Towers with Radar,1,2,24,0,27,0,55,77,0,132,1,57,101,0,159,288,0,288,447
06/24/2021,CPS,IL,AGL,CE,Towers with Radar,0,0,29,1,30,0,26,48,0,74,0,26,77,1,104,172,0,172,276
06/25/2021,CPS,IL,AGL,CE,Towers with Radar,1,4,9,1,15,0,4,46,1,51,1,8,55,2,66,42,0,42,108
06/26/2021,CPS,IL,AGL,CE,Towers with Radar,0,0,11,0,11,0,3,24,0,27,0,3,35,0,38,13,0,13,51
06/27/2021,CPS,IL,AGL,CE,Towers with Radar,0,6,23,0,29,0,2,14,0,16,0,8,37,0,45,6,0,6,51
06/28/2021,CPS,IL,AGL,CE,Towers with Radar,0,4,12,0,16,0,43,63,0,106,0,47,75,0,122,283,0,283,405
06/29/2021,CPS,IL,AGL,CE,Towers with Radar,0,9,25,0,34,0,35,76,0,111,0,44,101,0,145,268,0,268,413
06/30/2021,CPS,IL,AGL,CE,Towers with Radar,2,3,28,0,33,0,24,56,0,80,2,27,84,0,113,201,0,201,314
07/01/2021,CPS,IL,AGL,CE,Towers with Radar,0,4,27,0,31,0,14,25,0,39,0,18,52,0,70,96,0,96,166
07/02/2021,CPS,IL,AGL,CE,Towers with Radar,0,5,38,0,43,0,40,69,0,109,0,45,107,0,152,172,0,172,324
07/03/2021,CPS,IL,AGL,CE,Towers with Radar,0,1,20,0,21,0,3,73,0,76,0,4,93,0,97,184,0,184,281
07/04/2021,CPS,IL,AGL,CE,Towers with Radar,0,1,14,0,15,0,6,32,0,38,0,7,46,0,53,66,0,66,119
07/05/2021,CPS,IL,AGL,CE,Towers with Radar,0,2,20,0,22,0,1,73,0,74,0,3,93,0,96,86,0,86,182
07/06/2021,CPS,IL,AGL,CE,Towers with Radar,0,12,22,0,34,0,33,62,1,96,0,45,84,1,130,326,0,326,456
07/07/2021,CPS,IL,AGL,CE,Towers with Radar,0,3,23,0,26,0,52,58,0,110,0,55,81,0,136,394,0,394,530
07/08/2021,CPS,IL,AGL,CE,Towers with Radar,0,6,30,0,36,0,27,60,2,89,0,33,90,2,125,128,0,128,253
07/09/2021,CPS,IL,AGL,CE,Towers with Radar,0,3,25,3,31,0,42,57,3,102,0,45,82,6,133,351,0,351,484
07/10/2021,CPS,IL,AGL,CE,Towers with Radar,0,1,11,0,12,0,4,32,0,36,0,5,43,0,48,27,0,27,75
07/11/2021,CPS,IL,AGL,CE,Towers with Radar,1,5,12,0,18,0,4,21,0,25,1,9,33,0,43,67,0,67,110
07/12/2021,CPS,IL,AGL,CE,Towers with Radar,0,5,26,0,31,0,5,29,0,34,0,10,55,0,65,152,0,152,217
07/13/2021,CPS,IL,AGL,CE,Towers with Radar,0,9,23,0,32,0,14,54,0,68,0,23,77,0,100,249,0,249,349
07/14/2021,CPS,IL,AGL,CE,Towers with Radar,1,11,35,0,47,0,50,107,0,157,1,61,142,0,204,356,0,356,560
07/15/2021,CPS,IL,AGL,CE,Towers with Radar,1,7,18,0,26,0,28,39,0,67,1,35,57,0,93,179,0,179,272
07/16/2021,CPS,IL,AGL,CE,Towers with Radar,0,2,20,0,22,0,2,11,0,13,0,4,31,0,35,44,0,44,79
07/17/2021,CPS,IL,AGL,CE,Towers with Radar,0,3,19,0,22,0,1,65,0,66,0,4,84,0,88,65,0,65,153
07/18/2021,CPS,IL,AGL,CE,Towers with Radar,3,5,27,0,35,0,8,61,0,69,3,13,88,0,104,143,0,143,247
07/19/2021,CPS,IL,AGL,CE,Towers with Radar,0,1,21,6,28,0,46,78,0,124,0,47,99,6,152,299,0,299,451
07/20/2021,CPS,IL,AGL,CE,Towers with Radar,0,5,18,3,26,0,39,85,0,124,0,44,103,3,150,276,0,276,426
07/21/2021,CPS,IL,AGL,CE,Towers with Radar,0,7,27,6,40,0,39,86,1,126,0,46,113,7,166,353,0,353,519
07/22/2021,CPS,IL,AGL,CE,Towers with Radar,0,3,37,4,44,0,30,54,2,86,0,33,91,6,130,309,0,309,439
07/23/2021,CPS,IL,AGL,CE,Towers with Radar,0,3,27,7,37,0,18,56,1,75,0,21,83,8,112,186,1,187,299
07/24/2021,CPS,IL,AGL,CE,Towers with Radar,0,2,15,0,17,0,9,65,0,74,0,11,80,0,91,93,0,93,184
07/25/2021,CPS,IL,AGL,CE,Towers with Radar,0,0,13,4,17,0,8,32,4,44,0,8,45,8,61,18,17,35,96
07/26/2021,CPS,IL,AGL,CE,Towers with Radar,0,2,10,0,12,0,34,62,0,96,0,36,72,0,108,226,0,226,334
07/27/2021,CPS,IL,AGL,CE,Towers with Radar,0,3,15,0,18,0,37,80,0,117,0,40,95,0,135,310,0,310,445
07/28/2021,CPS,IL,AGL,CE,Towers with Radar,3,1,23,5,32,0,28,52,3,83,3,29,75,8,115,112,0,112,227
07/29/2021,CPS,IL,AGL,CE,Towers with Radar,0,2,21,3,26,0,17,48,0,65,0,19,69,3,91,174,0,174,265
07/30/2021,CPS,IL,AGL,CE,Towers with Radar,0,4,29,2,35,0,13,44,2,59,0,17,73,4,94,196,0,196,290
07/31/2021,CPS,IL,AGL,CE,Towers with Radar,0,4,10,0,14,0,1,16,0,17,0,5,26,0,31,14,0,14,45
08/01/2021,CPS,IL,AGL,CE,Towers with Radar,1,3,16,0,20,0,9,65,0,74,1,12,81,0,94,80,0,80,174
08/02/2021,CPS,IL,AGL,CE,Towers with Radar,2,1,12,0,15,0,36,47,0,83,2,37,59,0,98,181,0,181,279
08/03/2021,CPS,IL,AGL,CE,Towers with Radar,0,11,18,0,29,0,28,71,0,99,0,39,89,0,128,290,0,290,418
08/04/2021,CPS,IL,AGL,CE,Towers with Radar,0,6,19,0,25,0,34,80,2,116,0,40,99,2,141,252,0,252,393
08/05/2021,CPS,IL,AGL,CE,Towers with Radar,0,6,31,0,37,0,24,38,0,62,0,30,69,0,99,153,0,153,252
08/06/2021,CPS,IL,AGL,CE,Towers with Radar,0,2,18,0,20,0,23,64,2,89,0,25,82,2,109,173,0,173,282
08/07/2021,CPS,IL,AGL,CE,Towers with Radar,0,6,16,4,26,0,9,135,2,146,0,15,151,6,172,133,0,133,305
08/08/2021,CPS,IL,AGL,CE,Towers with Radar,2,2,24,5,33,0,1,32,3,36,2,3,56,8,69,89,0,89,158
08/09/2021,CPS,IL,AGL,CE,Towers with Radar,2,2,18,0,22,0,12,37,2,51,2,14,55,2,73,108,0,108,181
08/10/2021,CPS,IL,AGL,CE,Towers with Radar,0,0,15,0,15,0,22,55,3,80,0,22,70,3,95,246,0,246,341
08/11/2021,CPS,IL,AGL,CE,Towers with Radar,0,7,18,2,27,0,22,59,2,83,0,29,77,4,110,183,0,183,293
08/12/2021,CPS,IL,AGL,CE,Towers with Radar,0,3,23,0,26,0,16,66,0,82,0,19,89,0,108,248,0,248,356
08/13/2021,CPS,IL,AGL,CE,Towers with Radar,0,7,16,1,24,0,27,79,3,109,0,34,95,4,133,168,0,168,301
08/14/2021,CPS,IL,AGL,CE,Towers with Radar,0,1,14,2,17,0,6,85,0,91,0,7,99,2,108,82,0,82,190
08/15/2021,CPS,IL,AGL,CE,Towers with Radar,2,2,14,2,20,0,6,73,0,79,2,8,87,2,99,121,0,121,220
08/16/2021,CPS,IL,AGL,CE,Towers with Radar,0,7,11,2,20,0,25,54,1,80,0,32,65,3,100,237,0,237,337
08/17/2021,CPS,IL,AGL,CE,Towers with Radar,0,9,11,0,20,0,18,72,0,90,0,27,83,0,110,293,0,293,403
08/18/2021,CPS,IL,AGL,CE,Towers with Radar,0,5,24,0,29,0,35,73,3,111,0,40,97,3,140,299,0,299,439
08/19/2021,CPS,IL,AGL,CE,Towers with Radar,0,12,29,2,43,0,19,47,4,70,0,31,76,6,113,255,0,255,368
08/20/2021,CPS,IL,AGL,CE,Towers with Radar,0,8,28,0,36,0,14,72,0,86,0,22,100,0,122,241,0,241,363
08/21/2021,CPS,IL,AGL,CE,Towers with Radar,0,15,28,0,43,0,6,53,0,59,0,21,81,0,102,42,0,42,144
08/22/2021,CPS,IL,AGL,CE,Towers with Radar,0,16,34,2,52,0,6,61,0,67,0,22,95,2,119,131,0,131,250
08/23/2021,CPS,IL,AGL,CE,Towers with Radar,0,1,18,3,22,0,4,21,2,27,0,5,39,5,49,50,0,50,99
08/24/2021,CPS,IL,AGL,CE,Towers with Radar,0,1,23,1,25,0,10,81,1,92,0,11,104,2,117,143,0,143,260
08/25/2021,CPS,IL,AGL,CE,Towers with Radar,1,4,29,0,34,0,23,72,0,95,1,27,101,0,129,211,0,211,340
08/26/2021,CPS,IL,AGL,CE,Towers with Radar,0,1,22,3,26,0,25,43,4,72,0,26,65,7,98,210,0,210,308
08/27/2021,CPS,IL,AGL,CE,Towers with Radar,0,1,15,2,18,0,28,73,2,103,0,29,88,4,121,223,0,223,344
08/28/2021,CPS,IL,AGL,CE,Towers with Radar,0,0,10,0,10,0,22,92,3,117,0,22,102,3,127,219,0,219,346
08/29/2021,CPS,IL,AGL,CE,Towers with Radar,0,2,7,0,9,0,6,39,4,49,0,8,46,4,58,28,0,28,86
08/30/2021,CPS,IL,AGL,CE,Towers with Radar,0,6,9,0,15,8,14,28,2,52,8,20,37,2,67,139,0,139,206
08/31/2021,CPS,IL,AGL,CE,Towers with Radar,0,5,17,3,25,0,19,30,1,50,0,24,47,4,75,123,0,123,198
09/01/2021,CPS,IL,AGL,CE,Towers with Radar,0,2,24,0,26,0,49,70,0,119,0,51,94,0,145,226,1,227,372
09/02/2021,CPS,IL,AGL,CE,Towers with Radar,0,3,24,6,33,0,56,88,9,153,0,59,112,15,186,326,0,326,512
09/03/2021,CPS,IL,AGL,CE,Towers with Radar,0,2,21,0,23,0,30,75,2,107,0,32,96,2,130,186,2,188,318
09/04/2021,CPS,IL,AGL,CE,Towers with Radar,0,1,6,1,8,0,0,1,0,1,0,1,7,1,9,2,0,2,11
09/05/2021,CPS,IL,AGL,CE,Towers with Radar,1,5,18,1,25,0,6,59,1,66,1,11,77,2,91,71,0,71,162
09/06/2021,CPS,IL,AGL,CE,Towers with Radar,0,2,26,0,28,0,5,85,2,92,0,7,111,2,120,88,2,90,210
09/07/2021,CPS,IL,AGL,CE,Towers with Radar,0,9,19,2,30,0,38,77,2,117,0,47,96,4,147,142,0,142,289
09/08/2021,CPS,IL,AGL,CE,Towers with Radar,0,6,21,2,29,0,55,94,4,153,0,61,115,6,182,395,0,395,577
09/09/2021,CPS,IL,AGL,CE,Towers with Radar,0,8,37,0,45,0,54,95,5,154,0,62,132,5,199,433,0,433,632
09/10/2021,CPS,IL,AGL,CE,Towers with Radar,0,3,28,0,31,0,59,101,1,161,0,62,129,1,192,319,0,319,511
09/11/2021,CPS,IL,AGL,CE,Towers with Radar,0,1,10,1,12,0,22,64,2,88,0,23,74,3,100,100,0,100,200
09/12/2021,CPS,IL,AGL,CE,Towers with Radar,1,2,21,6,30,0,12,55,4,71,1,14,76,10,101,85,0,85,186
09/13/2021,CPS,IL,AGL,CE,Towers with Radar,0,5,20,0,25,0,32,50,0,82,0,37,70,0,107,246,0,246,353
09/14/2021,CPS,IL,AGL,CE,Towers with Radar,0,12,38,0,50,0,38,77,0,115,0,50,115,0,165,152,0,152,317
09/15/2021,CPS,IL,AGL,CE,Towers with Radar,0,16,34,0,50,0,60,79,0,139,0,76,113,0,189,521,0,521,710
09/16/2021,CPS,IL,AGL,CE,Towers with Radar,0,8,36,4,48,0,74,106,2,182,0,82,142,6,230,438,0,438,668
09/17/2021,CPS,IL,AGL,CE,Towers with Radar,0,11,25,6,42,0,44,54,8,106,0,55,79,14,148,266,0,266,414
09/18/2021,CPS,IL,AGL,CE,Towers with Radar,0,5,10,0,15,0,45,109,5,159,0,50,119,5,174,259,0,259,433
09/19/2021,CPS,IL,AGL,CE,Towers with Radar,2,6,8,0,16,0,17,56,0,73,2,23,64,0,89,151,0,151,240
09/20/2021,CPS,IL,AGL,CE,Towers with Radar,0,10,15,0,25,0,3,38,0,41,0,13,53,0,66,92,0,92,158
09/21/2021,CPS,IL,AGL,CE,Towers with Radar,2,5,34,0,41,0,4,9,0,13,2,9,43,0,54,12,0,12,66
09/22/2021,CPS,IL,AGL,CE,Towers with Radar,0,4,22,0,26,0,33,45,2,80,0,37,67,2,106,155,0,155,261
09/23/2021,CPS,IL,AGL,CE,Towers with Radar,0,4,42,10,56,0,85,92,0,177,0,89,134,10,233,314,2,316,549
09/24/2021,CPS,IL,AGL,CE,Towers with Radar,0,11,27,0,38,0,39,66,3,108,0,50,93,3,146,323,0,323,469
09/25/2021,CPS,IL,AGL,CE,Towers with Radar,1,4,20,2,27,0,36,107,1,144,1,40,127,3,171,148,0,148,319
09/26/2021,CPS,IL,AGL,CE,Towers with Radar,1,6,30,0,37,0,12,81,0,93,1,18,111,0,130,35,0,35,165
09/27/2021,CPS,IL,AGL,CE,Towers with Radar,2,12,22,1,37,0,46,75,1,122,2,58,97,2,159,123,0,123,282
09/28/2021,CPS,IL,AGL,CE,Towers with Radar,1,12,29,3,45,0,67,73,1,141,1,79,102,4,186,440,0,440,626
09/29/2021,CPS,IL,AGL,CE,Towers with Radar,0,2,18,0,20,0,74,66,0,140,0,76,84,0,160,455,0,455,615
09/30/2021,CPS,IL,AGL,CE,Towers with Radar,0,10,27,5,42,0,52,53,1,106,0,62,80,6,148,402,0,402,550
10/01/2021,CPS,IL,AGL,CE,Towers with Radar,0,5,32,0,37,0,30,84,2,116,0,35,116,2,153,381,0,381,534
10/02/2021,CPS,IL,AGL,CE,Towers with Radar,0,4,28,0,32,0,4,11,0,15,0,8,39,0,47,8,0,8,55
10/03/2021,CPS,IL,AGL,CE,Towers with Radar,0,4,26,4,34,0,7,47,7,61,0,11,73,11,95,49,0,49,144
10/04/2021,CPS,IL,AGL,CE,Towers with Radar,0,3,14,1,18,0,63,59,1,123,0,66,73,2,141,334,0,334,475
10/05/2021,CPS,IL,AGL,CE,Towers with Radar,0,9,25,0,34,0,19,46,0,65,0,28,71,0,99,276,0,276,375
10/06/2021,CPS,IL,AGL,CE,Towers with Radar,0,9,29,3,41,0,11,16,0,27,0,20,45,3,68,134,0,134,202
10/07/2021,CPS,IL,AGL,CE,Towers with Radar,0,5,29,0,34,0,15,36,0,51,0,20,65,0,85,140,0,140,225
10/08/2021,CPS,IL,AGL,CE,Towers with Radar,1,4,29,0,34,4,76,106,0,186,5,80,135,0,220,356,0,356,576
10/09/2021,CPS,IL,AGL,CE,Towers with Radar,0,3,19,0,22,0,62,104,0,166,0,65,123,0,188,266,0,266,454
10/10/2021,CPS,IL,AGL,CE,Towers with Radar,0,1,36,0,37,0,11,36,0,47,0,12,72,0,84,28,0,28,112
10/11/2021,CPS,IL,AGL,CE,Towers with Radar,0,7,6,0,13,0,3,11,0,14,0,10,17,0,27,31,0,31,58
10/12/2021,CPS,IL,AGL,CE,Towers with Radar,0,1,30,0,31,0,95,77,2,174,0,96,107,2,205,410,0,410,615
10/13/2021,CPS,IL,AGL,CE,Towers with Radar,0,6,20,1,27,0,25,42,3,70,0,31,62,4,97,227,0,227,324
10/14/2021,CPS,IL,AGL,CE,Towers with Radar,0,5,29,0,34,0,4,8,1,13,0,9,37,1,47,111,0,111,158
10/15/2021,CPS,IL,AGL,CE,Towers with Radar,0,3,26,2,31,0,3,14,1,18,0,6,40,3,49,5,0,5,54
10/16/2021,CPS,IL,AGL,CE,Towers with Radar,0,0,20,0,20,0,41,77,0,118,0,41,97,0,138,184,0,184,322
10/17/2021,CPS,IL,AGL,CE,Towers with Radar,0,5,24,3,32,0,19,89,2,110,0,24,113,5,142,177,0,177,319
10/18/2021,CPS,IL,AGL,CE,Towers with Radar,0,2,29,1,32,0,50,71,3,124,0,52,100,4,156,373,0,373,529
10/19/2021,CPS,IL,AGL,CE,Towers with Radar,0,3,29,0,32,0,61,74,4,139,0,64,103,4,171,324,0,324,495
10/20/2021,CPS,IL,AGL,CE,Towers with Radar,0,4,23,0,27,0,72,109,0,181,0,76,132,0,208,357,0,357,565
10/21/2021,CPS,IL,AGL,CE,Towers with Radar,0,0,23,1,24,0,38,85,2,125,0,38,108,3,149,290,0,290,439
10/22/2021,CPS,IL,AGL,CE,Towers with Radar,0,4,25,2,31,0,26,59,2,87,0,30,84,4,118,236,0,236,354
10/23/2021,CPS,IL,AGL,CE,Towers with Radar,0,0,16,0,16,0,6,72,0,78,0,6,88,0,94,161,0,161,255
10/24/2021,CPS,IL,AGL,CE,Towers with Radar,0,2,10,0,12,0,2,13,0,15,0,4,23,0,27,2,0,2,29
10/25/2021,CPS,IL,AGL,CE,Towers with Radar,1,3,24,0,28,0,7,19,0,26,1,10,43,0,54,40,0,40,94
10/26/2021,CPS,IL,AGL,CE,Towers with Radar,0,6,39,1,46,0,59,92,4,155,0,65,131,5,201,390,0,390,591
10/27/2021,CPS,IL,AGL,CE,Towers with Radar,2,7,13,0,22,0,50,77,0,127,2,57,90,0,149,307,0,307,456
10/28/2021,CPS,IL,AGL,CE,Towers with Radar,1,6,25,0,32,0,0,0,0,0,1,6,25,0,32,0,0,0,32
10/29/2021,CPS,IL,AGL,CE,Towers with Radar,0,7,19,1,27,0,0,0,0,0,0,7,19,1,27,15,0,15,42
10/30/2021,CPS,IL,AGL,CE,Towers with Radar,0,6,23,1,30,0,14,33,0,47,0,20,56,1,77,174,0,174,251
10/31/2021,CPS,IL,AGL,CE,Towers with Radar,0,1,30,0,31,0,2,29,0,31,0,3,59,0,62,63,0,63,125
11/01/2021,CPS,IL,AGL,CE,Towers with Radar,0,3,31,0,34,0,45,53,0,98,0,48,84,0,132,287,0,287,419
11/02/2021,CPS,IL,AGL,CE,Towers with Radar,0,9,33,1,43,0,47,71,0,118,0,56,104,1,161,204,0,204,365
11/03/2021,CPS,IL,AGL,CE,Towers with Radar,0,4,18,3,25,0,72,93,5,170,0,76,111,8,195,376,0,376,571
11/04/2021,CPS,IL,AGL,CE,Towers with Radar,0,4,26,2,32,0,75,105,3,183,0,79,131,5,215,395,0,395,610
11/05/2021,CPS,IL,AGL,CE,Towers with Radar,0,8,24,2,34,0,66,71,0,137,0,74,95,2,171,400,0,400,571
11/06/2021,CPS,IL,AGL,CE,Towers with Radar,0,4,13,3,20,0,40,98,1,139,0,44,111,4,159,165,2,167,326
11/07/2021,CPS,IL,AGL,CE,Towers with Radar,0,1,16,1,18,0,14,98,3,115,0,15,114,4,133,85,1,86,219
11/08/2021,CPS,IL,AGL,CE,Towers with Radar,0,1,21,2,24,0,50,59,0,109,0,51,80,2,133,257,0,257,390
11/09/2021,CPS,IL,AGL,CE,Towers with Radar,0,5,27,2,34,0,73,73,3,149,0,78,100,5,183,304,0,304,487
11/10/2021,CPS,IL,AGL,CE,Towers with Radar,0,6,23,0,29,0,64,45,3,112,0,70,68,3,141,311,0,311,452
11/11/2021,CPS,IL,AGL,CE,Towers with Radar,0,2,20,0,22,0,3,16,0,19,0,5,36,0,41,6,0,6,47
11/12/2021,CPS,IL,AGL,CE,Towers with Radar,0,4,17,0,21,0,1,30,0,31,0,5,47,0,52,14,0,14,66
11/13/2021,CPS,IL,AGL,CE,Towers with Radar,1,1,12,0,14,0,31,69,0,100,1,32,81,0,114,164,0,164,278
11/14/2021,CPS,IL,AGL,CE,Towers with Radar,0,4,13,0,17,0,11,39,0,50,0,15,52,0,67,16,0,16,83
11/15/2021,CPS,IL,AGL,CE,Towers with Radar,2,7,14,1,24,0,18,55,0,73,2,25,69,1,97,113,0,113,210
11/16/2021,CPS,IL,AGL,CE,Towers with Radar,0,10,16,0,26,0,52,108,1,161,0,62,124,1,187,242,0,242,429
11/17/2021,CPS,IL,AGL,CE,Towers with Radar,0,3,25,0,28,0,6,17,1,24,0,9,42,1,52,11,0,11,63
11/18/2021,CPS,IL,AGL,CE,Towers with Radar,0,4,31,2,37,0,27,65,0,92,0,31,96,2,129,148,0,148,277
11/19/2021,CPS,IL,AGL,CE,Towers with Radar,0,3,24,3,30,0,58,98,0,156,0,61,122,3,186,217,0,217,403
11/20/2021,CPS,IL,AGL,CE,Towers with Radar,0,3,16,0,19,0,44,110,0,154,0,47,126,0,173,190,0,190,363
11/21/2021,CPS,IL,AGL,CE,Towers with Radar,1,3,23,0,27,0,3,63,0,66,1,6,86,0,93,112,0,112,205
11/22/2021,CPS,IL,AGL,CE,Towers with Radar,0,1,32,2,35,0,66,48,0,114,0,67,80,2,149,302,0,302,451
11/23/2021,CPS,IL,AGL,CE,Towers with Radar,0,4,17,0,21,0,51,72,0,123,0,55,89,0,144,258,0,258,402
11/24/2021,CPS,IL,AGL,CE,Towers with Radar,0,3,12,2,17,0,8,25,0,33,0,11,37,2,50,8,2,10,60
11/25/2021,CPS,IL,AGL,CE,Towers with Radar,0,2,2,0,4,0,7,17,0,24,0,9,19,0,28,9,0,9,37
11/26/2021,CPS,IL,AGL,CE,Towers with Radar,0,0,7,0,7,0,3,50,0,53,0,3,57,0,60,196,0,196,256
11/27/2021,CPS,IL,AGL,CE,Towers with Radar,0,6,22,0,28,0,2,73,0,75,0,8,95,0,103,204,0,204,307
11/28/2021,CPS,IL,AGL,CE,Towers with Radar,0,2,8,0,10,0,7,51,0,58,0,9,59,0,68,138,0,138,206
11/29/2021,CPS,IL,AGL,CE,Towers with Radar,0,1,12,0,13,0,29,49,0,78,0,30,61,0,91,151,0,151,242
11/30/2021,CPS,IL,AGL,CE,Towers with Radar,1,7,38,2,48,0,56,61,1,118,1,63,99,3,166,354,0,354,520
12/01/2021,CPS,IL,AGL,CE,Towers with Radar,0,11,33,2,46,0,52,80,3,135,0,63,113,5,181,433,0,433,614
12/02/2021,CPS,IL,AGL,CE,Towers with Radar,0,8,40,0,48,0,56,90,0,146,0,64,130,0,194,316,0,316,510
12/03/2021,CPS,IL,AGL,CE,Towers with Radar,0,0,30,0,30,0,73,111,0,184,0,73,141,0,214,328,0,328,542
12/04/2021,CPS,IL,AGL,CE,Towers with Radar,0,0,9,0,9,0,23,89,0,112,0,23,98,0,121,139,0,139,260
12/05/2021,CPS,IL,AGL,CE,Towers with Radar,0,2,11,0,13,0,2,2,0,4,0,4,13,0,17,30,0,30,47
12/06/2021,CPS,IL,AGL,CE,Towers with Radar,2,2,20,1,25,0,8,16,0,24,2,10,36,1,49,30,0,30,79
12/07/2021,CPS,IL,AGL,CE,Towers with Radar,0,5,21,2,28,0,34,48,0,82,0,39,69,2,110,315,0,315,425
12/08/2021,CPS,IL,AGL,CE,Towers with Radar,1,6,20,2,29,0,83,76,0,159,1,89,96,2,188,509,0,509,697
12/09/2021,CPS,IL,AGL,CE,Towers with Radar,0,5,21,0,26,0,10,29,1,40,0,15,50,1,66,76,0,76,142
12/10/2021,CPS,IL,AGL,CE,Towers with Radar,1,4,19,1,25,0,1,2,0,3,1,5,21,1,28,0,0,0,28
12/11/2021,CPS,IL,AGL,CE,Towers with Radar,0,5,9,1,15,0,1,40,0,41,0,6,49,1,56,2,0,2,58
12/12/2021,CPS,IL,AGL,CE,Towers with Radar,1,2,18,1,22,0,9,87,0,96,1,11,105,1,118,66,0,66,184
12/13/2021,CPS,IL,AGL,CE,Towers with Radar,0,16,17,1,34,0,54,66,0,120,0,70,83,1,154,236,0,236,390
12/14/2021,CPS,IL,AGL,CE,Towers with Radar,0,11,23,3,37,0,36,49,2,87,0,47,72,5,124,247,0,247,371
12/15/2021,CPS,IL,AGL,CE,Towers with Radar,0,2,21,1,24,0,1,3,2,6,0,3,24,3,30,2,0,2,32
12/16/2021,CPS,IL,AGL,CE,Towers with Radar,1,1,22,3,27,0,25,47,2,74,1,26,69,5,101,163,0,163,264
12/17/2021,CPS,IL,AGL,CE,Towers with Radar,0,5,21,0,26,0,1,8,0,9,0,6,29,0,35,68,0,68,103
12/18/2021,CPS,IL,AGL,CE,Towers with Radar,0,4,8,2,14,0,2,26,0,28,0,6,34,2,42,50,0,50,92
12/19/2021,CPS,IL,AGL,CE,Towers with Radar,0,0,17,0,17,0,2,64,0,66,0,2,81,0,83,273,0,273,356
12/20/2021,CPS,IL,AGL,CE,Towers with Radar,0,3,18,2,23,0,44,74,2,120,0,47,92,4,143,320,0,320,463
12/21/2021,CPS,IL,AGL,CE,Towers with Radar,0,13,29,0,42,0,32,73,0,105,0,45,102,0,147,352,0,352,499
12/22/2021,CPS,IL,AGL,CE,Towers with Radar,0,3,20,0,23,0,40,64,0,104,0,43,84,0,127,258,0,258,385
12/23/2021,CPS,IL,AGL,CE,Towers with Radar,0,7,15,1,23,0,4,55,0,59,0,11,70,1,82,15,0,15,97
12/24/2021,CPS,IL,AGL,CE,Towers with Radar,0,3,2,0,5,0,1,6,0,7,0,4,8,0,12,12,0,12,24
12/25/2021,CPS,IL,AGL,CE,Towers with Radar,0,0,17,0,17,0,0,17,0,17,0,0,34,0,34,34,0,34,68
12/26/2021,CPS,IL,AGL,CE,Towers with Radar,0,3,15,0,18,0,1,2,0,3,0,4,17,0,21,16,0,16,37
12/27/2021,CPS,IL,AGL,CE,Towers with Radar,1,5,23,4,33,0,8,74,0,82,1,13,97,4,115,75,0,75,190
12/28/2021,CPS,IL,AGL,CE,Towers with Radar,1,1,18,0,20,0,0,3,0,3,1,1,21,0,23,0,0,0,23
12/29/2021,CPS,IL,AGL,CE,Towers with Radar,0,5,5,0,10,0,1,6,0,7,0,6,11,0,17,23,0,23,40
12/30/2021,CPS,IL,AGL,CE,Towers with Radar,0,2,8,0,10,0,1,8,0,9,0,3,16,0,19,6,0,6,25
12/31/2021,CPS,IL,AGL,CE,Towers with Radar,4,2,6,0,12,0,6,47,0,53,4,8,53,0,65,65,0,65,130
01/01/2022,CPS,IL,AGL,CE,Towers with Radar,0,1,2,0,3,0,0,0,0,0,0,1,2,0,3,0,0,0,3
01/02/2022,CPS,IL,AGL,CE,Towers with Radar,3,4,5,0,12,0,4,9,0,13,3,8,14,0,25,12,0,12,37
01/03/2022,CPS,IL,AGL,CE,Towers with Radar,2,2,11,0,15,0,9,61,2,72,2,11,72,2,87,170,0,170,257
01/04/2022,CPS,IL,AGL,CE,Towers with Radar,0,3,18,0,21,0,16,56,0,72,0,19,74,0,93,67,0,67,160
01/05/2022,CPS,IL,AGL,CE,Towers with Radar,0,5,6,0,11,0,11,29,1,41,0,16,35,1,52,74,0,74,126
01/06/2022,CPS,IL,AGL,CE,Towers with Radar,2,8,4,0,14,0,5,40,0,45,2,13,44,0,59,84,0,84,143
01/07/2022,CPS,IL,AGL,CE,Towers with Radar,1,3,10,0,14,0,19,50,0,69,1,22,60,0,83,176,0,176,259
01/08/2022,CPS,IL,AGL,CE,Towers with Radar,2,2,7,2,13,0,1,1,0,2,2,3,8,2,15,27,0,27,42
01/09/2022,CPS,IL,AGL,CE,Towers with Radar,1,2,8,0,11,0,7,31,0,38,1,9,39,0,49,39,0,39,88
01/10/2022,CPS,IL,AGL,CE,Towers with Radar,0,1,13,0,14,0,47,40,1,88,0,48,53,1,102,257,0,257,359
01/11/2022,CPS,IL,AGL,CE,Towers with Radar,0,2,16,0,18,0,39,62,0,101,0,41,78,0,119,175,0,175,294
01/12/2022,CPS,IL,AGL,CE,Towers with Radar,0,3,18,2,23,0,43,70,1,114,0,46,88,3,137,338,0,338,475
01/13/2022,CPS,IL,AGL,CE,Towers with Radar,1,3,30,0,34,0,50,60,0,110,1,53,90,0,144,333,0,333,477
01/14/2022,CPS,IL,AGL,CE,Towers with Radar,1,4,15,0,20,0,1,19,0,20,1,5,34,0,40,16,0,16,56
01/15/2022,CPS,IL,AGL,CE,Towers with Radar,2,0,5,0,7,0,1,2,0,3,2,1,7,0,10,18,0,18,28
01/16/2022,CPS,IL,AGL,CE,Towers with Radar,0,2,7,0,9,0,7,58,0,65,0,9,65,0,74,101,0,101,175
01/17/2022,CPS,IL,AGL,CE,Towers with Radar,1,4,6,0,11,0,5,24,0,29,1,9,30,0,40,85,0,85,125
01/18/2022,CPS,IL,AGL,CE,Towers with Radar,0,10,10,1,21,0,30,61,0,91,0,40,71,1,112,224,0,224,336
01/19/2022,CPS,IL,AGL,CE,Towers with Radar,0,5,15,6,26,0,18,26,1,45,0,23,41,7,71,94,5,99,170
01/20/2022,CPS,IL,AGL,CE,Towers with Radar,0,5,20,0,25,0,15,44,0,59,0,20,64,0,84,157,0,157,241
01/21/2022,CPS,IL,AGL,CE,Towers with Radar,0,2,29,3,34,0,45,51,0,96,0,47,80,3,130,266,0,266,396
01/22/2022,CPS,IL,AGL,CE,Towers with Radar,0,3,21,0,24,0,51,67,1,119,0,54,88,1,143,239,0,239,382
01/23/2022,CPS,IL,AGL,CE,Towers with Radar,0,3,12,1,16,0,4,32,0,36,0,7,44,1,52,40,0,40,92
01/24/2022,CPS,IL,AGL,CE,Towers with Radar,0,8,19,3,30,0,15,46,0,61,0,23,65,3,91,165,0,165,256
01/25/2022,CPS,IL,AGL,CE,Towers with Radar,0,5,30,1,36,0,56,54,1,111,0,61,84,2,147,224,0,224,371
01/26/2022,CPS,IL,AGL,CE,Towers with Radar,0,6,15,0,21,0,61,74,2,137,0,67,89,2,158,298,0,298,456
01/27/2022,CPS,IL,AGL,CE,Towers with Radar,0,4,18,4,26,0,24,32,2,58,0,28,50,6,84,203,0,203,287
01/28/2022,CPS,IL,AGL,CE,Towers with Radar,1,8,11,1,21,0,13,25,2,40,1,21,36,3,61,82,0,82,143
01/29/2022,CPS,IL,AGL,CE,Towers with Radar,1,5,22,2,30,0,35,67,0,102,1,40,89,2,132,213,0,213,345
01/30/2022,CPS,IL,AGL,CE,Towers with Radar,0,5,12,0,17,0,14,52,0,66,0,19,64,0,83,64,0,64,147
01/31/2022,CPS,IL,AGL,CE,Towers with Radar,0,7,17,4,28,0,45,75,0,120,0,52,92,4,148,367,0,367,515
02/01/2022,CPS,IL,AGL,CE,Towers with Radar,0,3,10,0,13,0,11,26,0,37,0,14,36,0,50,80,0,80,130
02/02/2022,CPS,IL,AGL,CE,Towers with Radar,0,0,0,0,0,0,0,0,0,0,0,0,0,0,0,0,0,0,0
02/03/2022,CPS,IL,AGL,CE,Towers with Radar,0,0,0,0,0,0,0,0,0,0,0,0,0,0,0,0,0,0,0
02/04/2022,CPS,IL,AGL,CE,Towers with Radar,0,0,1,0,1,0,9,21,2,32,0,9,22,2,33,32,0,32,65
02/05/2022,CPS,IL,AGL,CE,Towers with Radar,0,2,11,0,13,0,4,36,0,40,0,6,47,0,53,89,0,89,142
02/06/2022,CPS,IL,AGL,CE,Towers with Radar,0,3,14,0,17,0,5,31,0,36,0,8,45,0,53,11,0,11,64
02/07/2022,CPS,IL,AGL,CE,Towers with Radar,0,2,12,0,14,0,30,53,0,83,0,32,65,0,97,164,0,164,261
02/08/2022,CPS,IL,AGL,CE,Towers with Radar,0,7,27,0,34,0,60,47,0,107,0,67,74,0,141,230,0,230,371
02/09/2022,CPS,IL,AGL,CE,Towers with Radar,0,6,24,0,30,0,73,50,0,123,0,79,74,0,153,297,0,297,450
02/10/2022,CPS,IL,AGL,CE,Towers with Radar,2,3,25,0,30,0,43,60,0,103,2,46,85,0,133,287,0,287,420
02/11/2022,CPS,IL,AGL,CE,Towers with Radar,0,3,23,0,26,0,11,20,0,31,0,14,43,0,57,134,0,134,191
02/12/2022,CPS,IL,AGL,CE,Towers with Radar,0,1,13,0,14,0,10,45,0,55,0,11,58,0,69,107,0,107,176
02/13/2022,CPS,IL,AGL,CE,Towers with Radar,0,3,10,0,13,0,18,53,0,71,0,21,63,0,84,81,0,81,165
02/14/2022,CPS,IL,AGL,CE,Towers with Radar,0,5,17,2,24,0,41,66,0,107,0,46,83,2,131,270,0,270,401
02/15/2022,CPS,IL,AGL,CE,Towers with Radar,0,5,27,0,32,0,88,66,1,155,0,93,93,1,187,377,0,377,564
02/16/2022,CPS,IL,AGL,CE,Towers with Radar,0,6,12,0,18,0,4,13,0,17,0,10,25,0,35,20,0,20,55
02/17/2022,CPS,IL,AGL,CE,Towers with Radar,0,3,3,0,6,0,0,0,0,0,0,3,3,0,6,0,0,0,6
02/18/2022,CPS,IL,AGL,CE,Towers with Radar,0,5,10,0,15,0,16,60,0,76,0,21,70,0,91,89,0,89,180
02/19/2022,CPS,IL,AGL,CE,Towers with Radar,0,4,15,0,19,0,47,83,0,130,0,51,98,0,149,159,0,159,308
02/20/2022,CPS,IL,AGL,CE,Towers with Radar,0,3,7,0,10,0,8,23,0,31,0,11,30,0,41,34,0,34,75
02/21/2022,CPS,IL,AGL,CE,Towers with Radar,0,3,11,0,14,0,24,47,0,71,0,27,58,0,85,50,0,50,135
02/22/2022,CPS,IL,AGL,CE,Towers with Radar,0,4,14,0,18,0,11,24,0,35,0,15,38,0,53,50,0,50,103
02/23/2022,CPS,IL,AGL,CE,Towers with Radar,0,3,11,0,14,0,9,10,0,19,0,12,21,0,33,139,0,139,172
02/24/2022,CPS,IL,AGL,CE,Towers with Radar,0,0,0,0,0,0,0,0,0,0,0,0,0,0,0,0,0,0,0
02/25/2022,CPS,IL,AGL,CE,Towers with Radar,0,1,5,0,6,0,4,12,0,16,0,5,17,0,22,36,0,36,58
02/26/2022,CPS,IL,AGL,CE,Towers with Radar,0,4,10,2,16,0,1,38,0,39,0,5,48,2,55,79,0,79,134
02/27/2022,CPS,IL,AGL,CE,Towers with Radar,0,0,13,0,13,0,11,93,2,106,0,11,106,2,119,194,0,194,313
02/28/2022,CPS,IL,AGL,CE,Towers with Radar,0,1,17,2,20,0,67,74,0,141,0,68,91,2,161,302,0,302,463
03/01/2022,CPS,IL,AGL,CE,Towers with Radar,0,6,25,1,32,0,74,57,2,133,0,80,82,3,165,324,0,324,489
03/02/2022,CPS,IL,AGL,CE,Towers with Radar,0,11,21,0,32,0,81,65,3,149,0,92,86,3,181,327,22,349,530
03/03/2022,CPS,IL,AGL,CE,Towers with Radar,0,9,25,1,35,0,71,62,3,136,0,80,87,4,171,197,0,197,368
03/04/2022,CPS,IL,AGL,CE,Towers with Radar,0,8,22,3,33,0,61,92,0,153,0,69,114,3,186,418,0,418,604
03/05/2022,CPS,IL,AGL,CE,Towers with Radar,0,2,5,1,8,0,10,20,0,30,0,12,25,1,38,108,0,108,146
03/06/2022,CPS,IL,AGL,CE,Towers with Radar,0,4,17,0,21,0,15,57,0,72,0,19,74,0,93,203,0,203,296
03/07/2022,CPS,IL,AGL,CE,Towers with Radar,1,6,15,0,22,0,3,11,0,14,1,9,26,0,36,114,0,114,150
03/08/2022,CPS,IL,AGL,CE,Towers with Radar,0,4,27,0,31,0,56,93,0,149,0,60,120,0,180,667,0,667,847
03/09/2022,CPS,IL,AGL,CE,Towers with Radar,0,3,35,0,38,0,85,83,1,169,0,88,118,1,207,503,0,503,710
03/10/2022,CPS,IL,AGL,CE,Towers with Radar,1,7,29,0,37,0,60,63,0,123,1,67,92,0,160,445,0,445,605
03/11/2022,CPS,IL,AGL,CE,Towers with Radar,0,5,15,2,22,0,12,30,0,42,0,17,45,2,64,48,0,48,112
03/12/2022,CPS,IL,AGL,CE,Towers with Radar,0,3,14,0,17,0,24,50,0,74,0,27,64,0,91,106,0,106,197
03/13/2022,CPS,IL,AGL,CE,Towers with Radar,0,4,22,2,28,0,6,61,6,73,0,10,83,8,101,112,0,112,213
03/14/2022,CPS,IL,AGL,CE,Towers with Radar,0,4,7,0,11,0,11,47,0,58,0,15,54,0,69,80,0,80,149
03/15/2022,CPS,IL,AGL,CE,Towers with Radar,0,5,15,4,24,0,38,69,0,107,0,43,84,4,131,410,0,410,541
03/16/2022,CPS,IL,AGL,CE,Towers with Radar,0,5,21,2,28,0,38,64,2,104,0,43,85,4,132,310,0,310,442
03/17/2022,CPS,IL,AGL,CE,Towers with Radar,0,2,17,0,19,0,25,57,0,82,0,27,74,0,101,143,0,143,244
03/18/2022,CPS,IL,AGL,CE,Towers with Radar,0,0,11,0,11,0,0,1,0,1,0,0,12,0,12,0,0,0,12
03/19/2022,CPS,IL,AGL,CE,Towers with Radar,0,2,22,0,24,0,4,24,0,28,0,6,46,0,52,75,0,75,127
03/20/2022,CPS,IL,AGL,CE,Towers with Radar,0,0,12,4,16,0,6,89,0,95,0,6,101,4,111,93,1,94,205
03/21/2022,CPS,IL,AGL,CE,Towers with Radar,0,1,12,0,13,0,21,75,0,96,0,22,87,0,109,156,0,156,265
03/22/2022,CPS,IL,AGL,CE,Towers with Radar,2,0,6,2,10,0,0,6,0,6,2,0,12,2,16,0,0,0,16
03/23/2022,CPS,IL,AGL,CE,Towers with Radar,0,5,23,0,28,0,0,4,0,4,0,5,27,0,32,17,0,17,49
03/24/2022,CPS,IL,AGL,CE,Towers with Radar,1,5,14,2,22,0,1,4,0,5,1,6,18,2,27,24,0,24,51
03/25/2022,CPS,IL,AGL,CE,Towers with Radar,1,2,23,0,26,0,25,31,0,56,1,27,54,0,82,198,0,198,280
03/26/2022,CPS,IL,AGL,CE,Towers with Radar,0,2,11,0,13,0,2,33,0,35,0,4,44,0,48,5,0,5,53
03/27/2022,CPS,IL,AGL,CE,Towers with Radar,0,0,17,0,17,0,17,87,0,104,0,17,104,0,121,120,0,120,241
03/28/2022,CPS,IL,AGL,CE,Towers with Radar,0,2,20,0,22,0,57,82,0,139,0,59,102,0,161,346,0,346,507
03/29/2022,CPS,IL,AGL,CE,Towers with Radar,0,4,15,0,19,0,30,44,1,75,0,34,59,1,94,167,0,167,261
03/30/2022,CPS,IL,AGL,CE,Towers with Radar,0,2,6,1,9,0,0,0,8,8,0,2,6,9,17,0,0,0,17
03/31/2022,CPS,IL,AGL,CE,Towers with Radar,0,0,16,6,22,0,27,7,3,37,0,27,23,9,59,178,0,178,237
04/01/2022,CPS,IL,AGL,CE,Towers with Radar,0,2,27,1,30,0,78,60,4,142,0,80,87,5,172,581,0,581,753
04/02/2022,CPS,IL,AGL,CE,Towers with Radar,0,0,10,0,10,0,34,29,1,64,0,34,39,1,74,217,0,217,291
04/03/2022,CPS,IL,AGL,CE,Towers with Radar,0,0,19,0,19,0,27,106,2,135,0,27,125,2,154,205,0,205,359
04/04/2022,CPS,IL,AGL,CE,Towers with Radar,0,11,22,0,33,0,42,63,0,105,0,53,85,0,138,320,0,320,458
04/05/2022,CPS,IL,AGL,CE,Towers with Radar,3,4,13,0,20,0,26,28,0,54,3,30,41,0,74,237,0,237,311
04/06/2022,CPS,IL,AGL,CE,Towers with Radar,0,2,24,3,29,0,27,39,0,66,0,29,63,3,95,98,0,98,193
04/07/2022,CPS,IL,AGL,CE,Towers with Radar,2,3,23,0,28,0,29,53,0,82,2,32,76,0,110,83,0,83,193
04/08/2022,CPS,IL,AGL,CE,Towers with Radar,1,3,17,0,21,0,0,8,0,8,1,3,25,0,29,2,0,2,31
04/09/2022,CPS,IL,AGL,CE,Towers with Radar,0,5,18,0,23,0,48,96,0,144,0,53,114,0,167,266,0,266,433
04/10/2022,CPS,IL,AGL,CE,Towers with Radar,0,0,11,0,11,0,6,18,0,24,0,6,29,0,35,17,0,17,52
04/11/2022,CPS,IL,AGL,CE,Towers with Radar,2,2,9,0,13,0,1,18,0,19,2,3,27,0,32,6,0,6,38
04/12/2022,CPS,IL,AGL,CE,Towers with Radar,0,5,18,0,23,0,1,6,0,7,0,6,24,0,30,12,0,12,42
04/13/2022,CPS,IL,AGL,CE,Towers with Radar,2,1,13,0,16,0,0,2,0,2,2,1,15,0,18,0,0,0,18
04/14/2022,CPS,IL,AGL,CE,Towers with Radar,0,2,20,0,22,0,32,70,0,102,0,34,90,0,124,114,0,114,238
04/15/2022,CPS,IL,AGL,CE,Towers with Radar,0,2,14,0,16,0,6,36,1,43,0,8,50,1,59,83,0,83,142
04/16/2022,CPS,IL,AGL,CE,Towers with Radar,1,6,11,0,18,0,11,72,0,83,1,17,83,0,101,90,0,90,191
04/17/2022,CPS,IL,AGL,CE,Towers with Radar,0,2,8,0,10,0,3,9,0,12,0,5,17,0,22,45,0,45,67
04/18/2022,CPS,IL,AGL,CE,Towers with Radar,1,2,24,0,27,0,7,15,0,22,1,9,39,0,49,2,0,2,51
04/19/2022,CPS,IL,AGL,CE,Towers with Radar,0,4,33,0,37,0,96,108,0,204,0,100,141,0,241,521,0,521,762
04/20/2022,CPS,IL,AGL,CE,Towers with Radar,0,3,24,0,27,0,14,21,0,35,0,17,45,0,62,62,0,62,124
04/21/2022,CPS,IL,AGL,CE,Towers with Radar,0,7,30,0,37,0,51,50,2,103,0,58,80,2,140,399,0,399,539
04/22/2022,CPS,IL,AGL,CE,Towers with Radar,0,2,17,0,19,0,33,45,5,83,0,35,62,5,102,165,0,165,267
04/23/2022,CPS,IL,AGL,CE,Towers with Radar,0,0,10,0,10,0,1,25,0,26,0,1,35,0,36,4,0,4,40
04/24/2022,CPS,IL,AGL,CE,Towers with Radar,2,1,11,0,14,0,3,9,0,12,2,4,20,0,26,2,0,2,28
04/25/2022,CPS,IL,AGL,CE,Towers with Radar,0,3,35,0,38,0,42,63,1,106,0,45,98,1,144,268,0,268,412
04/26/2022,CPS,IL,AGL,CE,Towers with Radar,0,5,47,3,55,0,72,75,5,152,0,77,122,8,207,248,0,248,455
04/27/2022,CPS,IL,AGL,CE,Towers with Radar,1,6,33,3,43,0,83,90,0,173,1,89,123,3,216,398,0,398,614
04/28/2022,CPS,IL,AGL,CE,Towers with Radar,0,3,18,1,22,0,42,65,0,107,0,45,83,1,129,322,0,322,451
04/29/2022,CPS,IL,AGL,CE,Towers with Radar,1,4,13,1,19,0,13,34,1,48,1,17,47,2,67,194,0,194,261
04/30/2022,CPS,IL,AGL,CE,Towers with Radar,1,1,12,0,14,0,3,3,0,6,1,4,15,0,20,1,0,1,21
05/01/2022,CPS,IL,AGL,CE,Towers with Radar,1,4,20,1,26,0,3,61,0,64,1,7,81,1,90,44,0,44,134
05/02/2022,CPS,IL,AGL,CE,Towers with Radar,4,1,18,0,23,0,38,52,0,90,4,39,70,0,113,308,0,308,421
05/03/2022,CPS,IL,AGL,CE,Towers with Radar,0,16,36,2,54,0,7,5,0,12,0,23,41,2,66,39,0,39,105
05/04/2022,CPS,IL,AGL,CE,Towers with Radar,0,19,55,0,74,0,25,37,0,62,0,44,92,0,136,467,0,467,603
05/05/2022,CPS,IL,AGL,CE,Towers with Radar,1,7,15,0,23,0,1,0,0,1,1,8,15,0,24,17,0,17,41
05/06/2022,CPS,IL,AGL,CE,Towers with Radar,0,5,25,0,30,0,0,2,0,2,0,5,27,0,32,0,0,0,32
05/07/2022,CPS,IL,AGL,CE,Towers with Radar,0,3,18,0,21,0,40,113,2,155,0,43,131,2,176,205,0,205,381
05/08/2022,CPS,IL,AGL,CE,Towers with Radar,0,4,19,0,23,0,2,43,3,48,0,6,62,3,71,93,0,93,164
05/09/2022,CPS,IL,AGL,CE,Towers with Radar,0,5,17,2,24,0,13,34,3,50,0,18,51,5,74,39,0,39,113
05/10/2022,CPS,IL,AGL,CE,Towers with Radar,0,0,30,1,31,0,44,53,1,98,0,44,83,2,129,412,0,412,541
05/11/2022,CPS,IL,AGL,CE,Towers with Radar,1,5,24,5,35,0,74,71,2,147,1,79,95,7,182,404,0,404,586
05/12/2022,CPS,IL,AGL,CE,Towers with Radar,1,2,22,0,25,0,50,83,0,133,1,52,105,0,158,395,8,403,561
05/13/2022,CPS,IL,AGL,CE,Towers with Radar,2,5,32,0,39,0,46,59,0,105,2,51,91,0,144,195,0,195,339
05/14/2022,CPS,IL,AGL,CE,Towers with Radar,0,6,14,0,20,0,7,61,2,70,0,13,75,2,90,246,0,246,336
05/15/2022,CPS,IL,AGL,CE,Towers with Radar,2,5,9,0,16,0,8,50,0,58,2,13,59,0,74,75,0,75,149
05/16/2022,CPS,IL,AGL,CE,Towers with Radar,0,4,21,7,32,0,57,56,0,113,0,61,77,7,145,280,0,280,425
05/17/2022,CPS,IL,AGL,CE,Towers with Radar,0,7,11,0,18,0,61,71,1,133,0,68,82,1,151,456,0,456,607
05/18/2022,CPS,IL,AGL,CE,Towers with Radar,0,8,22,2,32,0,18,60,1,79,0,26,82,3,111,185,0,185,296
05/19/2022,CPS,IL,AGL,CE,Towers with Radar,0,4,19,1,24,0,26,30,0,56,0,30,49,1,80,263,0,263,343
05/20/2022,CPS,IL,AGL,CE,Towers with Radar,2,7,13,0,22,0,10,33,0,43,2,17,46,0,65,90,0,90,155
05/21/2022,CPS,IL,AGL,CE,Towers with Radar,0,3,7,0,10,0,0,0,0,0,0,3,7,0,10,0,0,0,10
05/22/2022,CPS,IL,AGL,CE,Towers with Radar,1,8,14,0,23,0,11,61,0,72,1,19,75,0,95,145,0,145,240
05/23/2022,CPS,IL,AGL,CE,Towers with Radar,0,6,20,4,30,0,41,72,3,116,0,47,92,7,146,482,0,482,628
05/24/2022,CPS,IL,AGL,CE,Towers with Radar,2,15,28,2,47,0,17,61,0,78,2,32,89,2,125,266,0,266,391
05/25/2022,CPS,IL,AGL,CE,Towers with Radar,0,7,12,0,19,0,1,16,0,17,0,8,28,0,36,62,0,62,98
05/26/2022,CPS,IL,AGL,CE,Towers with Radar,2,0,16,0,18,0,6,24,0,30,2,6,40,0,48,150,0,150,198
05/27/2022,CPS,IL,AGL,CE,Towers with Radar,0,3,43,0,46,0,2,20,0,22,0,5,63,0,68,279,0,279,347
05/28/2022,CPS,IL,AGL,CE,Towers with Radar,0,3,26,0,29,0,10,79,0,89,0,13,105,0,118,199,0,199,317
05/29/2022,CPS,IL,AGL,CE,Towers with Radar,0,5,12,0,17,0,13,54,0,67,0,18,66,0,84,52,0,52,136
05/30/2022,CPS,IL,AGL,CE,Towers with Radar,0,2,18,0,20,0,5,43,0,48,0,7,61,0,68,71,0,71,139
05/31/2022,CPS,IL,AGL,CE,Towers with Radar,0,1,19,1,21,0,10,65,0,75,0,11,84,1,96,246,0,246,342
06/01/2022,CPS,IL,AGL,CE,Towers with Radar,3,2,16,1,22,2,10,21,0,33,5,12,37,1,55,228,0,228,283
06/02/2022,CPS,IL,AGL,CE,Towers with Radar,0,10,31,0,41,0,88,69,1,158,0,98,100,1,199,442,2,444,643
06/03/2022,CPS,IL,AGL,CE,Towers with Radar,0,16,40,0,56,0,49,88,1,138,0,65,128,1,194,303,2,305,499
06/04/2022,CPS,IL,AGL,CE,Towers with Radar,0,7,23,0,30,0,6,83,0,89,0,13,106,0,119,78,0,78,197
06/05/2022,CPS,IL,AGL,CE,Towers with Radar,0,21,46,3,70,0,17,49,4,70,0,38,95,7,140,56,0,56,196
06/06/2022,CPS,IL,AGL,CE,Towers with Radar,0,4,9,1,14,0,14,24,1,39,0,18,33,2,53,172,0,172,225
06/07/2022,CPS,IL,AGL,CE,Towers with Radar,0,6,26,2,34,0,37,50,1,88,0,43,76,3,122,244,0,244,366
06/08/2022,CPS,IL,AGL,CE,Towers with Radar,0,2,17,4,23,0,10,39,0,49,0,12,56,4,72,245,0,245,317
06/09/2022,CPS,IL,AGL,CE,Towers with Radar,2,6,28,6,42,0,80,98,0,178,2,86,126,6,220,383,0,383,603
06/10/2022,CPS,IL,AGL,CE,Towers with Radar,0,5,30,1,36,0,34,49,1,84,0,39,79,2,120,197,0,197,317
06/11/2022,CPS,IL,AGL,CE,Towers with Radar,0,5,30,1,36,0,8,68,0,76,0,13,98,1,112,124,0,124,236
06/12/2022,CPS,IL,AGL,CE,Towers with Radar,0,20,25,1,46,0,4,46,1,51,0,24,71,2,97,59,0,59,156
06/13/2022,CPS,IL,AGL,CE,Towers with Radar,0,6,22,3,31,0,12,55,0,67,0,18,77,3,98,114,0,114,212
06/14/2022,CPS,IL,AGL,CE,Towers with Radar,0,0,26,1,27,0,39,59,3,101,0,39,85,4,128,181,0,181,309
06/15/2022,CPS,IL,AGL,CE,Towers with Radar,0,5,24,0,29,0,10,45,2,57,0,15,69,2,86,79,0,79,165
06/16/2022,CPS,IL,AGL,CE,Towers with Radar,2,2,22,0,26,0,49,91,3,143,2,51,113,3,169,263,0,263,432
06/17/2022,CPS,IL,AGL,CE,Towers with Radar,0,2,22,0,24,0,27,74,0,101,0,29,96,0,125,213,0,213,338
06/18/2022,CPS,IL,AGL,CE,Towers with Radar,0,5,17,0,22,0,9,77,0,86,0,14,94,0,108,128,0,128,236
06/19/2022,CPS,IL,AGL,CE,Towers with Radar,0,5,14,0,19,1,7,64,2,74,1,12,78,2,93,87,0,87,180
06/20/2022,CPS,IL,AGL,CE,Towers with Radar,0,3,29,1,33,0,6,73,1,80,0,9,102,2,113,179,0,179,292
06/21/2022,CPS,IL,AGL,CE,Towers with Radar,0,3,25,1,29,1,42,50,0,93,1,45,75,1,122,294,0,294,416
06/22/2022,CPS,IL,AGL,CE,Towers with Radar,0,8,34,0,42,0,53,72,0,125,0,61,106,0,167,374,0,374,541
06/23/2022,CPS,IL,AGL,CE,Towers with Radar,2,6,36,1,45,0,49,65,0,114,2,55,101,1,159,437,0,437,596
06/24/2022,CPS,IL,AGL,CE,Towers with Radar,0,0,21,0,21,0,53,59,1,113,0,53,80,1,134,418,0,418,552
06/25/2022,CPS,IL,AGL,CE,Towers with Radar,0,9,13,0,22,0,5,81,0,86,0,14,94,0,108,140,0,140,248
06/26/2022,CPS,IL,AGL,CE,Towers with Radar,1,4,29,0,34,0,3,40,0,43,1,7,69,0,77,42,0,42,119
06/27/2022,CPS,IL,AGL,CE,Towers with Radar,0,1,21,0,22,0,36,83,0,119,0,37,104,0,141,229,0,229,370
06/28/2022,CPS,IL,AGL,CE,Towers with Radar,0,4,26,0,30,0,63,109,2,174,0,67,135,2,204,369,0,369,573
06/29/2022,CPS,IL,AGL,CE,Towers with Radar,0,9,34,1,44,0,65,74,0,139,0,74,108,1,183,444,0,444,627
06/30/2022,CPS,IL,AGL,CE,Towers with Radar,2,10,14,2,28,0,35,61,1,97,2,45,75,3,125,245,0,245,370
07/01/2022,CPS,IL,AGL,CE,Towers with Radar,0,8,21,0,29,0,33,42,0,75,0,41,63,0,104,218,0,218,322
07/02/2022,CPS,IL,AGL,CE,Towers with Radar,0,5,3,0,8,0,4,9,0,13,0,9,12,0,21,17,0,17,38
07/03/2022,CPS,IL,AGL,CE,Towers with Radar,0,1,6,0,7,0,10,49,0,59,0,11,55,0,66,109,0,109,175
07/04/2022,CPS,IL,AGL,CE,Towers with Radar,0,1,6,0,7,0,4,60,0,64,0,5,66,0,71,96,0,96,167
07/05/2022,CPS,IL,AGL,CE,Towers with Radar,0,9,16,0,25,0,18,46,0,64,0,27,62,0,89,116,0,116,205
07/06/2022,CPS,IL,AGL,CE,Towers with Radar,0,9,19,3,31,0,22,68,0,90,0,31,87,3,121,320,0,320,441
07/07/2022,CPS,IL,AGL,CE,Towers with Radar,0,8,20,1,29,0,19,36,1,56,0,27,56,2,85,272,0,272,357
07/08/2022,CPS,IL,AGL,CE,Towers with Radar,0,6,15,0,21,0,20,45,0,65,0,26,60,0,86,238,0,238,324
07/09/2022,CPS,IL,AGL,CE,Towers with Radar,0,2,16,0,18,0,6,10,0,16,0,8,26,0,34,11,0,11,45
07/10/2022,CPS,IL,AGL,CE,Towers with Radar,0,6,22,0,28,0,1,83,0,84,0,7,105,0,112,99,0,99,211
07/11/2022,CPS,IL,AGL,CE,Towers with Radar,1,6,10,0,17,0,40,45,0,85,1,46,55,0,102,193,2,195,297
07/12/2022,CPS,IL,AGL,CE,Towers with Radar,0,8,16,0,24,0,46,62,2,110,0,54,78,2,134,318,0,318,452
07/13/2022,CPS,IL,AGL,CE,Towers with Radar,0,17,19,18,54,0,39,77,1,117,0,56,96,19,171,271,0,271,442
07/14/2022,CPS,IL,AGL,CE,Towers with Radar,0,7,16,2,25,0,51,45,1,97,0,58,61,3,122,323,1,324,446
07/15/2022,CPS,IL,AGL,CE,Towers with Radar,0,6,18,0,24,0,35,26,0,61,0,41,44,0,85,335,0,335,420
07/16/2022,CPS,IL,AGL,CE,Towers with Radar,0,10,10,0,20,0,12,57,0,69,0,22,67,0,89,118,0,118,207
07/17/2022,CPS,IL,AGL,CE,Towers with Radar,0,4,13,0,17,0,0,8,0,8,0,4,21,0,25,0,0,0,25
07/18/2022,CPS,IL,AGL,CE,Towers with Radar,0,5,28,0,33,0,17,47,3,67,0,22,75,3,100,208,0,208,308
07/19/2022,CPS,IL,AGL,CE,Towers with Radar,1,5,23,0,29,0,41,81,1,123,1,46,104,1,152,304,0,304,456
07/20/2022,CPS,IL,AGL,CE,Towers with Radar,0,2,31,1,34,0,24,74,0,98,0,26,105,1,132,215,0,215,347
07/21/2022,CPS,IL,AGL,CE,Towers with Radar,2,3,25,2,32,0,32,46,1,79,2,35,71,3,111,222,0,222,333
07/22/2022,CPS,IL,AGL,CE,Towers with Radar,0,2,15,2,19,0,24,63,1,88,0,26,78,3,107,189,0,189,296
07/23/2022,CPS,IL,AGL,CE,Towers with Radar,0,0,13,0,13,0,4,51,0,55,0,4,64,0,68,136,0,136,204
07/24/2022,CPS,IL,AGL,CE,Towers with Radar,0,5,16,0,21,0,2,25,0,27,0,7,41,0,48,85,0,85,133
07/25/2022,CPS,IL,AGL,CE,Towers with Radar,0,4,25,0,29,0,18,49,1,68,0,22,74,1,97,259,0,259,356
07/26/2022,CPS,IL,AGL,CE,Towers with Radar,0,2,22,0,24,0,10,24,0,34,0,12,46,0,58,60,0,60,118
07/27/2022,CPS,IL,AGL,CE,Towers with Radar,0,5,22,2,29,0,34,50,0,84,0,39,72,2,113,295,0,295,408
07/28/2022,CPS,IL,AGL,CE,Towers with Radar,0,11,23,0,34,0,22,41,0,63,0,33,64,0,97,197,0,197,294
07/29/2022,CPS,IL,AGL,CE,Towers with Radar,0,5,15,1,21,0,2,82,2,86,0,7,97,3,107,302,0,302,409
07/30/2022,CPS,IL,AGL,CE,Towers with Radar,0,2,10,1,13,0,3,62,0,65,0,5,72,1,78,130,0,130,208
07/31/2022,CPS,IL,AGL,CE,Towers with Radar,0,2,13,9,24,0,1,38,4,43,0,3,51,13,67,95,0,95,162
08/01/2022,CPS,IL,AGL,CE,Towers with Radar,1,6,28,0,35,0,27,51,1,79,1,33,79,1,114,188,0,188,302
08/02/2022,CPS,IL,AGL,CE,Towers with Radar,0,2,27,1,30,0,25,52,1,78,0,27,79,2,108,303,0,303,411
08/03/2022,CPS,IL,AGL,CE,Towers with Radar,0,7,25,0,32,0,29,44,0,73,0,36,69,0,105,123,0,123,228
08/04/2022,CPS,IL,AGL,CE,Towers with Radar,0,10,34,0,44,0,8,39,0,47,0,18,73,0,91,156,0,156,247
08/05/2022,CPS,IL,AGL,CE,Towers with Radar,0,8,47,0,55,0,12,22,0,34,0,20,69,0,89,126,0,126,215
08/06/2022,CPS,IL,AGL,CE,Towers with Radar,0,8,19,0,27,0,15,54,0,69,0,23,73,0,96,106,0,106,202
08/07/2022,CPS,IL,AGL,CE,Towers with Radar,1,4,28,0,33,0,5,41,5,51,1,9,69,5,84,45,0,45,129
08/08/2022,CPS,IL,AGL,CE,Towers with Radar,1,5,20,1,27,0,42,33,1,76,1,47,53,2,103,159,0,159,262
08/09/2022,CPS,IL,AGL,CE,Towers with Radar,0,9,31,2,42,0,10,22,0,32,0,19,53,2,74,142,0,142,216
08/10/2022,CPS,IL,AGL,CE,Towers with Radar,0,1,31,2,34,0,59,64,2,125,0,60,95,4,159,390,0,390,549
08/11/2022,CPS,IL,AGL,CE,Towers with Radar,1,7,34,3,45,0,66,88,3,157,1,73,122,6,202,276,0,276,478
08/12/2022,CPS,IL,AGL,CE,Towers with Radar,0,9,30,3,42,0,35,61,2,98,0,44,91,5,140,150,0,150,290
08/13/2022,CPS,IL,AGL,CE,Towers with Radar,0,4,17,4,25,1,10,63,3,77,1,14,80,7,102,120,0,120,222
08/14/2022,CPS,IL,AGL,CE,Towers with Radar,1,0,19,0,20,0,21,36,0,57,1,21,55,0,77,56,0,56,133
08/15/2022,CPS,IL,AGL,CE,Towers with Radar,0,6,33,0,39,0,12,42,0,54,0,18,75,0,93,268,0,268,361
08/16/2022,CPS,IL,AGL,CE,Towers with Radar,0,4,17,0,21,0,3,9,0,12,0,7,26,0,33,62,0,62,95
08/17/2022,CPS,IL,AGL,CE,Towers with Radar,0,9,28,0,37,0,76,101,1,178,0,85,129,1,215,414,0,414,629
08/18/2022,CPS,IL,AGL,CE,Towers with Radar,2,4,34,2,42,0,48,85,2,135,2,52,119,4,177,418,0,418,595
08/19/2022,CPS,IL,AGL,CE,Towers with Radar,0,6,31,6,43,0,47,84,0,131,0,53,115,6,174,151,0,151,325
08/20/2022,CPS,IL,AGL,CE,Towers with Radar,0,10,26,0,36,0,7,49,0,56,0,17,75,0,92,65,0,65,157
08/21/2022,CPS,IL,AGL,CE,Towers with Radar,0,2,29,3,34,0,4,52,7,63,0,6,81,10,97,71,0,71,168
08/22/2022,CPS,IL,AGL,CE,Towers with Radar,0,0,22,0,22,0,24,59,0,83,0,24,81,0,105,257,0,257,362
08/23/2022,CPS,IL,AGL,CE,Towers with Radar,0,5,30,0,35,0,14,70,0,84,0,19,100,0,119,202,0,202,321
08/24/2022,CPS,IL,AGL,CE,Towers with Radar,2,4,14,0,20,0,23,72,2,97,2,27,86,2,117,173,0,173,290
08/25/2022,CPS,IL,AGL,CE,Towers with Radar,2,8,30,0,40,0,38,54,0,92,2,46,84,0,132,264,0,264,396
08/26/2022,CPS,IL,AGL,CE,Towers with Radar,0,3,35,5,43,0,36,81,6,123,0,39,116,11,166,218,0,218,384
08/27/2022,CPS,IL,AGL,CE,Towers with Radar,0,1,14,0,15,0,37,66,0,103,0,38,80,0,118,165,0,165,283
08/28/2022,CPS,IL,AGL,CE,Towers with Radar,2,0,19,1,22,0,6,33,4,43,2,6,52,5,65,35,0,35,100
08/29/2022,CPS,IL,AGL,CE,Towers with Radar,0,0,10,0,10,0,14,21,0,35,0,14,31,0,45,111,0,111,156
08/30/2022,CPS,IL,AGL,CE,Towers with Radar,0,10,22,0,32,0,29,60,0,89,0,39,82,0,121,210,0,210,331
08/31/2022,CPS,IL,AGL,CE,Towers with Radar,0,7,32,7,46,0,51,70,1,122,0,58,102,8,168,286,9,295,463
09/01/2022,CPS,IL,AGL,CE,Towers with Radar,0,7,26,2,35,0,46,67,0,113,0,53,93,2,148,273,0,273,421
09/02/2022,CPS,IL,AGL,CE,Towers with Radar,0,5,27,3,35,0,29,80,1,110,0,34,107,4,145,247,0,247,392
09/03/2022,CPS,IL,AGL,CE,Towers with Radar,0,0,17,0,17,0,5,23,0,28,0,5,40,0,45,83,0,83,128
09/04/2022,CPS,IL,AGL,CE,Towers with Radar,2,1,35,0,38,0,4,14,0,18,2,5,49,0,56,20,0,20,76
09/05/2022,CPS,IL,AGL,CE,Towers with Radar,1,0,23,0,24,0,6,19,0,25,1,6,42,0,49,89,0,89,138
09/06/2022,CPS,IL,AGL,CE,Towers with Radar,0,4,33,0,37,0,10,36,0,46,0,14,69,0,83,112,0,112,195
09/07/2022,CPS,IL,AGL,CE,Towers with Radar,0,1,34,0,35,0,45,66,0,111,0,46,100,0,146,273,0,273,419
09/08/2022,CPS,IL,AGL,CE,Towers with Radar,3,7,37,1,48,0,55,63,3,121,3,62,100,4,169,310,0,310,479
09/09/2022,CPS,IL,AGL,CE,Towers with Radar,0,7,27,2,36,0,49,64,2,115,0,56,91,4,151,308,0,308,459
09/10/2022,CPS,IL,AGL,CE,Towers with Radar,0,8,13,0,21,0,33,60,0,93,0,41,73,0,114,178,0,178,292
09/11/2022,CPS,IL,AGL,CE,Towers with Radar,2,5,21,8,36,0,11,17,0,28,2,16,38,8,64,75,0,75,139
09/12/2022,CPS,IL,AGL,CE,Towers with Radar,0,5,21,0,26,0,33,35,2,70,0,38,56,2,96,83,0,83,179
09/13/2022,CPS,IL,AGL,CE,Towers with Radar,0,2,31,0,33,0,70,72,1,143,0,72,103,1,176,307,0,307,483
09/14/2022,CPS,IL,AGL,CE,Towers with Radar,0,7,24,0,31,0,76,88,1,165,0,83,112,1,196,271,0,271,467
09/15/2022,CPS,IL,AGL,CE,Towers with Radar,0,7,27,0,34,0,49,78,1,128,0,56,105,1,162,242,0,242,404
09/16/2022,CPS,IL,AGL,CE,Towers with Radar,0,7,37,0,44,0,56,105,2,163,0,63,142,2,207,250,0,250,457
09/17/2022,CPS,IL,AGL,CE,Towers with Radar,0,14,25,0,39,0,32,63,1,96,0,46,88,1,135,113,0,113,248
09/18/2022,CPS,IL,AGL,CE,Towers with Radar,0,11,29,0,40,0,5,101,0,106,0,16,130,0,146,48,0,48,194
09/19/2022,CPS,IL,AGL,CE,Towers with Radar,1,2,16,0,19,0,32,71,2,105,1,34,87,2,124,170,0,170,294
09/20/2022,CPS,IL,AGL,CE,Towers with Radar,0,9,16,0,25,0,48,64,1,113,0,57,80,1,138,297,0,297,435
09/21/2022,CPS,IL,AGL,CE,Towers with Radar,0,9,30,0,39,0,50,62,2,114,0,59,92,2,153,254,0,254,407
09/22/2022,CPS,IL,AGL,CE,Towers with Radar,0,3,31,0,34,0,46,68,1,115,0,49,99,1,149,220,0,220,369
09/23/2022,CPS,IL,AGL,CE,Towers with Radar,0,3,36,2,41,0,38,41,5,84,0,41,77,7,125,163,1,164,289
09/24/2022,CPS,IL,AGL,CE,Towers with Radar,0,0,21,1,22,0,33,64,2,99,0,33,85,3,121,165,0,165,286
09/25/2022,CPS,IL,AGL,CE,Towers with Radar,0,1,14,5,20,0,12,53,0,65,0,13,67,5,85,53,0,53,138
09/26/2022,CPS,IL,AGL,CE,Towers with Radar,0,5,9,0,14,0,13,53,0,66,0,18,62,0,80,65,0,65,145
09/27/2022,CPS,IL,AGL,CE,Towers with Radar,0,4,27,1,32,0,56,80,0,136,0,60,107,1,168,338,0,338,506
09/28/2022,CPS,IL,AGL,CE,Towers with Radar,0,6,22,8,36,0,60,73,2,135,0,66,95,10,171,243,0,243,414
09/29/2022,CPS,IL,AGL,CE,Towers with Radar,1,2,38,1,42,0,44,70,1,115,1,46,108,2,157,380,0,380,537
09/30/2022,CPS,IL,AGL,CE,Towers with Radar,0,13,31,0,44,0,69,81,0,150,0,82,112,0,194,250,0,250,444
10/01/2022,CPS,IL,AGL,CE,Towers with Radar,0,0,23,1,24,0,26,55,2,83,0,26,78,3,107,206,0,206,313
10/02/2022,CPS,IL,AGL,CE,Towers with Radar,2,9,44,0,55,0,9,66,3,78,2,18,110,3,133,150,0,150,283
10/03/2022,CPS,IL,AGL,CE,Towers with Radar,0,4,22,2,28,0,46,49,2,97,0,50,71,4,125,213,0,213,338
10/04/2022,CPS,IL,AGL,CE,Towers with Radar,1,6,26,0,33,0,48,92,0,140,1,54,118,0,173,225,0,225,398
10/05/2022,CPS,IL,AGL,CE,Towers with Radar,2,3,32,3,40,0,66,75,0,141,2,69,107,3,181,241,0,241,422
10/06/2022,CPS,IL,AGL,CE,Towers with Radar,2,4,32,0,38,0,78,91,2,171,2,82,123,2,209,264,0,264,473
10/07/2022,CPS,IL,AGL,CE,Towers with Radar,0,14,45,2,61,0,71,72,0,143,0,85,117,2,204,142,0,142,346
10/08/2022,CPS,IL,AGL,CE,Towers with Radar,2,3,18,0,23,0,49,63,0,112,2,52,81,0,135,148,0,148,283
10/09/2022,CPS,IL,AGL,CE,Towers with Radar,4,4,30,0,38,0,13,86,2,101,4,17,116,2,139,76,0,76,215
10/10/2022,CPS,IL,AGL,CE,Towers with Radar,0,3,22,1,26,0,62,82,0,144,0,65,104,1,170,314,0,314,484
10/11/2022,CPS,IL,AGL,CE,Towers with Radar,0,7,21,0,28,0,33,28,0,61,0,40,49,0,89,139,0,139,228
10/12/2022,CPS,IL,AGL,CE,Towers with Radar,0,4,19,2,25,0,11,29,0,40,0,15,48,2,65,99,0,99,164
10/13/2022,CPS,IL,AGL,CE,Towers with Radar,0,5,33,0,38,0,32,48,0,80,0,37,81,0,118,121,0,121,239
10/14/2022,CPS,IL,AGL,CE,Towers with Radar,0,4,29,0,33,0,20,48,0,68,0,24,77,0,101,86,0,86,187
10/15/2022,CPS,IL,AGL,CE,Towers with Radar,0,1,18,0,19,0,45,83,0,128,0,46,101,0,147,197,0,197,344
10/16/2022,CPS,IL,AGL,CE,Towers with Radar,0,5,18,1,24,0,5,64,2,71,0,10,82,3,95,55,0,55,150
10/17/2022,CPS,IL,AGL,CE,Towers with Radar,0,11,18,1,30,0,3,43,0,46,0,14,61,1,76,56,0,56,132
10/18/2022,CPS,IL,AGL,CE,Towers with Radar,0,6,20,4,30,0,25,41,4,70,0,31,61,8,100,68,0,68,168
10/19/2022,CPS,IL,AGL,CE,Towers with Radar,0,5,23,2,30,0,53,63,1,117,0,58,86,3,147,186,0,186,333
10/20/2022,CPS,IL,AGL,CE,Towers with Radar,0,6,30,4,40,0,35,58,2,95,0,41,88,6,135,182,0,182,317
10/21/2022,CPS,IL,AGL,CE,Towers with Radar,0,2,24,0,26,0,61,53,0,114,0,63,77,0,140,144,40,184,324
10/22/2022,CPS,IL,AGL,CE,Towers with Radar,0,1,14,0,15,0,30,44,1,75,0,31,58,1,90,57,0,57,147
10/23/2022,CPS,IL,AGL,CE,Towers with Radar,0,14,16,0,30,0,15,34,1,50,0,29,50,1,80,17,0,17,97
10/24/2022,CPS,IL,AGL,CE,Towers with Radar,0,3,14,0,17,0,14,31,0,45,0,17,45,0,62,48,0,48,110
10/25/2022,CPS,IL,AGL,CE,Towers with Radar,2,5,10,1,18,0,0,0,0,0,2,5,10,1,18,0,0,0,18
10/26/2022,CPS,IL,AGL,CE,Towers with Radar,0,2,30,0,32,0,79,104,0,183,0,81,134,0,215,173,0,173,388
10/27/2022,CPS,IL,AGL,CE,Towers with Radar,0,7,19,0,26,0,65,80,1,146,0,72,99,1,172,291,0,291,463
10/28/2022,CPS,IL,AGL,CE,Towers with Radar,0,4,22,0,26,0,12,74,0,86,0,16,96,0,112,128,0,128,240
10/29/2022,CPS,IL,AGL,CE,Towers with Radar,0,2,16,0,18,0,9,71,0,80,0,11,87,0,98,112,0,112,210
10/30/2022,CPS,IL,AGL,CE,Towers with Radar,1,0,13,0,14,0,0,0,0,0,1,0,13,0,14,0,0,0,14
10/31/2022,CPS,IL,AGL,CE,Towers with Radar,0,2,17,0,19,0,2,5,0,7,0,4,22,0,26,72,0,72,98
11/01/2022,CPS,IL,AGL,CE,Towers with Radar,0,2,25,0,27,0,40,65,1,106,0,42,90,1,133,180,0,180,313
11/02/2022,CPS,IL,AGL,CE,Towers with Radar,0,1,28,0,29,0,82,68,0,150,0,83,96,0,179,333,0,333,512
11/03/2022,CPS,IL,AGL,CE,Towers with Radar,0,0,22,0,22,0,44,60,5,109,0,44,82,5,131,210,0,210,341
11/04/2022,CPS,IL,AGL,CE,Towers with Radar,0,7,11,0,18,0,15,31,3,49,0,22,42,3,67,64,0,64,131
11/05/2022,CPS,IL,AGL,CE,Towers with Radar,0,1,4,0,5,0,2,10,2,14,0,3,14,2,19,14,0,14,33
11/06/2022,CPS,IL,AGL,CE,Towers with Radar,0,5,16,0,21,0,19,82,0,101,0,24,98,0,122,246,0,246,368
11/07/2022,CPS,IL,AGL,CE,Towers with Radar,0,5,10,0,15,0,42,69,4,115,0,47,79,4,130,106,0,106,236
11/08/2022,CPS,IL,AGL,CE,Towers with Radar,0,3,27,0,30,0,82,57,0,139,0,85,84,0,169,315,0,315,484
11/09/2022,CPS,IL,AGL,CE,Towers with Radar,1,3,29,1,34,0,102,86,1,189,1,105,115,2,223,293,0,293,516
11/10/2022,CPS,IL,AGL,CE,Towers with Radar,0,8,21,0,29,0,60,64,0,124,0,68,85,0,153,191,0,191,344
11/11/2022,CPS,IL,AGL,CE,Towers with Radar,0,3,34,0,37,0,9,32,0,41,0,12,66,0,78,117,0,117,195
11/12/2022,CPS,IL,AGL,CE,Towers with Radar,0,6,10,0,16,0,14,16,0,30,0,20,26,0,46,44,0,44,90
11/13/2022,CPS,IL,AGL,CE,Towers with Radar,0,15,21,0,36,0,6,82,1,89,0,21,103,1,125,101,0,101,226
11/14/2022,CPS,IL,AGL,CE,Towers with Radar,0,7,15,3,25,0,54,45,3,102,0,61,60,6,127,298,6,304,431
11/15/2022,CPS,IL,AGL,CE,Towers with Radar,0,3,17,0,20,0,4,12,0,16,0,7,29,0,36,40,0,40,76
11/16/2022,CPS,IL,AGL,CE,Towers with Radar,1,2,22,0,25,0,42,53,0,95,1,44,75,0,120,172,0,172,292
11/17/2022,CPS,IL,AGL,CE,Towers with Radar,1,10,43,0,54,0,65,76,1,142,1,75,119,1,196,339,0,339,535
11/18/2022,CPS,IL,AGL,CE,Towers with Radar,0,11,34,0,45,0,51,49,0,100,0,62,83,0,145,151,0,151,296
11/19/2022,CPS,IL,AGL,CE,Towers with Radar,0,0,12,0,12,0,25,39,0,64,0,25,51,0,76,27,0,27,103
11/20/2022,CPS,IL,AGL,CE,Towers with Radar,0,0,14,0,14,0,4,62,0,66,0,4,76,0,80,135,0,135,215
11/21/2022,CPS,IL,AGL,CE,Towers with Radar,1,1,23,0,25,0,53,65,0,118,1,54,88,0,143,206,0,206,349
11/22/2022,CPS,IL,AGL,CE,Towers with Radar,0,2,14,0,16,0,58,83,0,141,0,60,97,0,157,202,0,202,359
11/23/2022,CPS,IL,AGL,CE,Towers with Radar,0,0,17,3,20,0,29,58,0,87,0,29,75,3,107,151,0,151,258
11/24/2022,CPS,IL,AGL,CE,Towers with Radar,0,0,8,0,8,0,2,7,0,9,0,2,15,0,17,10,0,10,27
11/25/2022,CPS,IL,AGL,CE,Towers with Radar,0,0,11,0,11,0,7,36,1,44,0,7,47,1,55,22,0,22,77
11/26/2022,CPS,IL,AGL,CE,Towers with Radar,0,1,15,0,16,0,2,17,0,19,0,3,32,0,35,20,0,20,55
11/27/2022,CPS,IL,AGL,CE,Towers with Radar,0,6,11,0,17,1,1,2,1,5,1,7,13,1,22,0,0,0,22
11/28/2022,CPS,IL,AGL,CE,Towers with Radar,0,3,21,0,24,0,28,57,1,86,0,31,78,1,110,338,0,338,448
11/29/2022,CPS,IL,AGL,CE,Towers with Radar,0,4,21,0,25,0,9,19,0,28,0,13,40,0,53,7,0,7,60
11/30/2022,CPS,IL,AGL,CE,Towers with Radar,0,10,32,0,42,0,36,66,1,103,0,46,98,1,145,161,0,161,306
12/01/2022,CPS,IL,AGL,CE,Towers with Radar,0,6,30,0,36,0,76,68,2,146,0,82,98,2,182,246,0,246,428
12/02/2022,CPS,IL,AGL,CE,Towers with Radar,0,6,21,0,27,0,7,13,0,20,0,13,34,0,47,16,0,16,63
12/03/2022,CPS,IL,AGL,CE,Towers with Radar,0,5,7,0,12,0,45,86,0,131,0,50,93,0,143,259,0,259,402
12/04/2022,CPS,IL,AGL,CE,Towers with Radar,0,6,15,0,21,0,6,99,0,105,0,12,114,0,126,161,0,161,287
12/05/2022,CPS,IL,AGL,CE,Towers with Radar,0,6,31,0,37,0,23,33,0,56,0,29,64,0,93,181,0,181,274
12/06/2022,CPS,IL,AGL,CE,Towers with Radar,1,7,14,2,24,0,0,1,0,1,1,7,15,2,25,0,0,0,25
12/07/2022,CPS,IL,AGL,CE,Towers with Radar,1,16,26,0,43,0,22,22,0,44,1,38,48,0,87,207,0,207,294
12/08/2022,CPS,IL,AGL,CE,Towers with Radar,0,1,26,2,29,0,0,0,0,0,0,1,26,2,29,0,0,0,29
12/09/2022,CPS,IL,AGL,CE,Towers with Radar,0,5,18,1,24,0,14,9,0,23,0,19,27,1,47,225,0,225,272
12/10/2022,CPS,IL,AGL,CE,Towers with Radar,2,0,18,0,20,0,2,8,0,10,2,2,26,0,30,57,0,57,87
12/11/2022,CPS,IL,AGL,CE,Towers with Radar,2,6,8,0,16,0,1,11,0,12,2,7,19,0,28,205,0,205,233
12/12/2022,CPS,IL,AGL,CE,Towers with Radar,0,7,8,0,15,0,5,40,0,45,0,12,48,0,60,229,0,229,289
12/13/2022,CPS,IL,AGL,CE,Towers with Radar,0,2,11,0,13,0,3,8,0,11,0,5,19,0,24,56,0,56,80
12/14/2022,CPS,IL,AGL,CE,Towers with Radar,0,5,19,0,24,0,11,16,2,29,0,16,35,2,53,146,0,146,199
12/15/2022,CPS,IL,AGL,CE,Towers with Radar,0,7,23,1,31,0,42,45,0,87,0,49,68,1,118,204,0,204,322
12/16/2022,CPS,IL,AGL,CE,Towers with Radar,0,5,26,0,31,0,12,34,0,46,0,17,60,0,77,74,0,74,151
12/17/2022,CPS,IL,AGL,CE,Towers with Radar,0,0,24,0,24,0,16,34,0,50,0,16,58,0,74,98,0,98,172
12/18/2022,CPS,IL,AGL,CE,Towers with Radar,0,0,21,0,21,0,7,64,0,71,0,7,85,0,92,147,0,147,239
12/19/2022,CPS,IL,AGL,CE,Towers with Radar,0,0,14,0,14,0,59,39,0,98,0,59,53,0,112,276,0,276,388
12/20/2022,CPS,IL,AGL,CE,Towers with Radar,0,6,11,2,19,0,34,61,2,97,0,40,72,4,116,221,0,221,337
12/21/2022,CPS,IL,AGL,CE,Towers with Radar,0,6,24,6,36,0,15,37,2,54,0,21,61,8,90,198,0,198,288
12/22/2022,CPS,IL,AGL,CE,Towers with Radar,0,1,7,0,8,0,1,4,0,5,0,2,11,0,13,0,0,0,13
12/23/2022,CPS,IL,AGL,CE,Towers with Radar,0,0,1,0,1,0,2,5,0,7,0,2,6,0,8,0,0,0,8
12/24/2022,CPS,IL,AGL,CE,Towers with Radar,0,2,2,0,4,0,1,10,0,11,0,3,12,0,15,0,0,0,15
12/25/2022,CPS,IL,AGL,CE,Towers with Radar,0,0,3,0,3,0,8,10,0,18,0,8,13,0,21,20,0,20,41
12/26/2022,CPS,IL,AGL,CE,Towers with Radar,0,2,11,0,13,0,0,2,0,2,0,2,13,0,15,2,0,2,17
12/27/2022,CPS,IL,AGL,CE,Towers with Radar,0,9,15,0,24,0,9,68,0,77,0,18,83,0,101,115,0,115,216
12/28/2022,CPS,IL,AGL,CE,Towers with Radar,0,2,20,0,22,0,5,31,0,36,0,7,51,0,58,34,0,34,92
12/29/2022,CPS,IL,AGL,CE,Towers with Radar,0,5,10,0,15,0,1,13,0,14,0,6,23,0,29,23,0,23,52
12/30/2022,CPS,IL,AGL,CE,Towers with Radar,2,6,20,0,28,0,2,28,0,30,2,8,48,0,58,92,0,92,150
12/31/2022,CPS,IL,AGL,CE,Towers with Radar,1,4,9,0,14,0,5,45,0,50,1,9,54,0,64,94,0,94,158
01/01/2023,CPS,IL,AGL,CE,Towers with Radar,0,2,13,0,15,0,4,26,0,30,0,6,39,0,45,66,0,66,111
01/02/2023,CPS,IL,AGL,CE,Towers with Radar,0,3,14,0,17,0,1,0,0,1,0,4,14,0,18,0,0,0,18
01/03/2023,CPS,IL,AGL,CE,Towers with Radar,0,7,19,0,26,0,16,32,0,48,0,23,51,0,74,167,0,167,241
01/04/2023,CPS,IL,AGL,CE,Towers with Radar,0,1,17,0,18,0,32,22,2,56,0,33,39,2,74,155,0,155,229
01/05/2023,CPS,IL,AGL,CE,Towers with Radar,0,1,23,0,24,0,28,33,0,61,0,29,56,0,85,258,0,258,343
01/06/2023,CPS,IL,AGL,CE,Towers with Radar,0,4,27,2,33,0,51,61,0,112,0,55,88,2,145,389,0,389,534
01/07/2023,CPS,IL,AGL,CE,Towers with Radar,0,5,21,0,26,0,6,73,3,82,0,11,94,3,108,102,0,102,210
01/08/2023,CPS,IL,AGL,CE,Towers with Radar,0,7,13,0,20,0,1,13,0,14,0,8,26,0,34,37,0,37,71
01/09/2023,CPS,IL,AGL,CE,Towers with Radar,0,2,20,0,22,0,36,62,4,102,0,38,82,4,124,282,2,284,408
01/10/2023,CPS,IL,AGL,CE,Towers with Radar,0,1,28,0,29,0,38,62,0,100,0,39,90,0,129,340,0,340,469
01/11/2023,CPS,IL,AGL,CE,Towers with Radar,0,6,33,4,43,4,35,51,0,90,4,41,84,4,133,245,0,245,378
01/12/2023,CPS,IL,AGL,CE,Towers with Radar,0,7,14,0,21,0,1,1,0,2,0,8,15,0,23,23,0,23,46
01/13/2023,CPS,IL,AGL,CE,Towers with Radar,0,4,15,0,19,0,20,22,0,42,0,24,37,0,61,174,0,174,235
01/14/2023,CPS,IL,AGL,CE,Towers with Radar,1,6,9,2,18,0,5,63,0,68,1,11,72,2,86,235,0,235,321
01/15/2023,CPS,IL,AGL,CE,Towers with Radar,0,2,6,0,8,0,18,37,0,55,0,20,43,0,63,42,0,42,105
01/16/2023,CPS,IL,AGL,CE,Towers with Radar,1,4,9,0,14,0,4,12,0,16,1,8,21,0,30,32,0,32,62
01/17/2023,CPS,IL,AGL,CE,Towers with Radar,0,6,31,0,37,0,35,57,0,92,0,41,88,0,129,285,0,285,414
01/18/2023,CPS,IL,AGL,CE,Towers with Radar,0,9,9,0,18,0,1,5,0,6,0,10,14,0,24,8,0,8,32
01/19/2023,CPS,IL,AGL,CE,Towers with Radar,0,4,15,0,19,0,9,8,0,17,0,13,23,0,36,12,0,12,48
01/20/2023,CPS,IL,AGL,CE,Towers with Radar,0,1,28,0,29,0,40,42,0,82,0,41,70,0,111,301,0,301,412
01/21/2023,CPS,IL,AGL,CE,Towers with Radar,0,1,22,0,23,0,35,82,0,117,0,36,104,0,140,257,0,257,397
01/22/2023,CPS,IL,AGL,CE,Towers with Radar,0,0,5,0,5,0,0,1,0,1,0,0,6,0,6,0,0,0,6
01/23/2023,CPS,IL,AGL,CE,Towers with Radar,0,8,21,0,29,0,36,48,0,84,0,44,69,0,113,205,0,205,318
01/24/2023,CPS,IL,AGL,CE,Towers with Radar,0,4,18,3,25,0,63,58,1,122,0,67,76,4,147,327,0,327,474
01/25/2023,CPS,IL,AGL,CE,Towers with Radar,0,0,6,0,6,0,5,10,0,15,0,5,16,0,21,6,0,6,27
01/26/2023,CPS,IL,AGL,CE,Towers with Radar,0,10,26,0,36,0,51,39,0,90,0,61,65,0,126,147,0,147,273
01/27/2023,CPS,IL,AGL,CE,Towers with Radar,0,5,11,0,16,0,6,36,0,42,0,11,47,0,58,70,0,70,128
01/28/2023,CPS,IL,AGL,CE,Towers with Radar,0,4,20,0,24,0,16,40,6,62,0,20,60,6,86,154,0,154,240
01/29/2023,CPS,IL,AGL,CE,Towers with Radar,0,2,10,0,12,0,1,6,0,7,0,3,16,0,19,0,0,0,19
01/30/2023,CPS,IL,AGL,CE,Towers with Radar,0,2,6,0,8,0,1,6,0,7,0,3,12,0,15,0,0,0,15
01/31/2023,CPS,IL,AGL,CE,Towers with Radar,0,5,14,0,19,0,9,42,5,56,0,14,56,5,75,76,0,76,151
02/01/2023,CPS,IL,AGL,CE,Towers with Radar,0,3,25,0,28,0,26,44,2,72,0,29,69,2,100,122,0,122,222
02/02/2023,CPS,IL,AGL,CE,Towers with Radar,0,3,19,0,22,0,61,61,0,122,0,64,80,0,144,301,0,301,445
02/03/2023,CPS,IL,AGL,CE,Towers with Radar,0,3,27,4,34,0,41,59,0,100,0,44,86,4,134,197,0,197,331
02/04/2023,CPS,IL,AGL,CE,Towers with Radar,0,4,12,0,16,0,18,30,0,48,0,22,42,0,64,48,0,48,112
02/05/2023,CPS,IL,AGL,CE,Towers with Radar,0,1,14,0,15,0,25,85,0,110,0,26,99,0,125,144,0,144,269
02/06/2023,CPS,IL,AGL,CE,Towers with Radar,1,0,17,0,18,0,29,38,0,67,1,29,55,0,85,68,0,68,153
02/07/2023,CPS,IL,AGL,CE,Towers with Radar,0,7,20,0,27,0,65,48,0,113,0,72,68,0,140,261,0,261,401
02/08/2023,CPS,IL,AGL,CE,Towers with Radar,0,7,24,0,31,0,28,23,2,53,0,35,47,2,84,236,0,236,320
02/09/2023,CPS,IL,AGL,CE,Towers with Radar,0,2,18,0,20,0,4,16,1,21,0,6,34,1,41,14,0,14,55
02/10/2023,CPS,IL,AGL,CE,Towers with Radar,0,6,32,2,40,0,32,34,2,68,0,38,66,4,108,225,0,225,333
02/11/2023,CPS,IL,AGL,CE,Towers with Radar,0,1,22,0,23,0,36,81,3,120,0,37,103,3,143,242,0,242,385
02/12/2023,CPS,IL,AGL,CE,Towers with Radar,0,3,19,0,22,0,10,69,1,80,0,13,88,1,102,195,0,195,297
02/13/2023,CPS,IL,AGL,CE,Towers with Radar,0,3,9,0,12,0,41,72,1,114,0,44,81,1,126,306,0,306,432
02/14/2023,CPS,IL,AGL,CE,Towers with Radar,0,6,11,1,18,0,5,10,2,17,0,11,21,3,35,59,0,59,94
02/15/2023,CPS,IL,AGL,CE,Towers with Radar,2,0,33,3,38,0,66,51,0,117,2,66,84,3,155,360,0,360,515
02/16/2023,CPS,IL,AGL,CE,Towers with Radar,0,4,13,1,18,0,2,6,0,8,0,6,19,1,26,0,0,0,26
02/17/2023,CPS,IL,AGL,CE,Towers with Radar,1,7,38,0,46,0,47,52,0,99,1,54,90,0,145,357,0,357,502
02/18/2023,CPS,IL,AGL,CE,Towers with Radar,1,1,24,2,28,0,30,54,0,84,1,31,78,2,112,199,0,199,311
02/19/2023,CPS,IL,AGL,CE,Towers with Radar,0,1,10,0,11,0,3,68,1,72,0,4,78,1,83,48,0,48,131
02/20/2023,CPS,IL,AGL,CE,Towers with Radar,0,7,23,0,30,0,44,88,3,135,0,51,111,3,165,256,0,256,421
02/21/2023,CPS,IL,AGL,CE,Towers with Radar,0,12,14,0,26,0,71,64,0,135,0,83,78,0,161,375,0,375,536
02/22/2023,CPS,IL,AGL,CE,Towers with Radar,0,3,9,0,12,0,8,24,0,32,0,11,33,0,44,20,0,20,64
02/23/2023,CPS,IL,AGL,CE,Towers with Radar,1,6,44,0,51,0,49,28,1,78,1,55,72,1,129,276,0,276,405
02/24/2023,CPS,IL,AGL,CE,Towers with Radar,2,3,35,0,40,0,69,62,1,132,2,72,97,1,172,384,0,384,556
02/25/2023,CPS,IL,AGL,CE,Towers with Radar,1,1,13,0,15,0,47,66,0,113,1,48,79,0,128,406,0,406,534
02/26/2023,CPS,IL,AGL,CE,Towers with Radar,0,3,16,0,19,0,13,50,0,63,0,16,66,0,82,188,0,188,270
02/27/2023,CPS,IL,AGL,CE,Towers with Radar,1,4,2,0,7,0,2,2,0,4,1,6,4,0,11,0,0,0,11
02/28/2023,CPS,IL,AGL,CE,Towers with Radar,0,2,36,4,42,0,58,63,0,121,0,60,99,4,163,501,0,501,664
03/01/2023,CPS,IL,AGL,CE,Towers with Radar,0,4,26,0,30,0,56,76,4,136,0,60,102,4,166,561,0,561,727
03/02/2023,CPS,IL,AGL,CE,Towers with Radar,0,5,34,2,41,0,19,49,4,72,0,24,83,6,113,338,0,338,451
03/03/2023,CPS,IL,AGL,CE,Towers with Radar,0,1,18,2,21,0,0,1,0,1,0,1,19,2,22,4,0,4,26
03/04/2023,CPS,IL,AGL,CE,Towers with Radar,0,7,20,0,27,0,42,82,0,124,0,49,102,0,151,271,0,271,422
03/05/2023,CPS,IL,AGL,CE,Towers with Radar,0,2,21,0,23,0,14,48,0,62,0,16,69,0,85,159,0,159,244
03/06/2023,CPS,IL,AGL,CE,Towers with Radar,0,8,22,0,30,2,39,55,2,98,2,47,77,2,128,201,0,201,329
03/07/2023,CPS,IL,AGL,CE,Towers with Radar,0,6,16,0,22,0,32,28,2,62,0,38,44,2,84,271,0,271,355
03/08/2023,CPS,IL,AGL,CE,Towers with Radar,0,5,16,2,23,0,18,21,2,41,0,23,37,4,64,200,0,200,264
03/09/2023,CPS,IL,AGL,CE,Towers with Radar,1,1,22,0,24,0,52,23,0,75,1,53,45,0,99,274,0,274,373
03/10/2023,CPS,IL,AGL,CE,Towers with Radar,0,3,27,5,35,0,36,45,0,81,0,39,72,5,116,188,0,188,304
03/11/2023,CPS,IL,AGL,CE,Towers with Radar,0,4,10,0,14,0,18,38,0,56,0,22,48,0,70,131,0,131,201
03/12/2023,CPS,IL,AGL,CE,Towers with Radar,0,4,6,8,18,0,5,39,0,44,0,9,45,8,62,112,0,112,174
03/13/2023,CPS,IL,AGL,CE,Towers with Radar,0,5,18,1,24,0,18,49,3,70,0,23,67,4,94,116,9,125,219
03/14/2023,CPS,IL,AGL,CE,Towers with Radar,1,1,35,0,37,0,42,79,0,121,1,43,114,0,158,346,0,346,504
03/15/2023,CPS,IL,AGL,CE,Towers with Radar,0,5,33,2,40,0,48,78,0,126,0,53,111,2,166,256,0,256,422
03/16/2023,CPS,IL,AGL,CE,Towers with Radar,0,0,10,0,10,0,5,17,0,22,0,5,27,0,32,47,0,47,79
03/17/2023,CPS,IL,AGL,CE,Towers with Radar,0,0,8,0,8,0,10,24,0,34,0,10,32,0,42,58,0,58,100
03/18/2023,CPS,IL,AGL,CE,Towers with Radar,2,2,15,0,19,0,12,36,0,48,2,14,51,0,67,10,0,10,77
03/19/2023,CPS,IL,AGL,CE,Towers with Radar,2,9,7,0,18,0,15,81,1,97,2,24,88,1,115,171,0,171,286
03/20/2023,CPS,IL,AGL,CE,Towers with Radar,0,5,14,0,19,0,24,60,0,84,0,29,74,0,103,96,0,96,199
03/21/2023,CPS,IL,AGL,CE,Towers with Radar,0,5,7,0,12,0,25,16,0,41,0,30,23,0,53,184,0,184,237
03/22/2023,CPS,IL,AGL,CE,Towers with Radar,0,5,33,0,38,0,0,10,0,10,0,5,43,0,48,50,0,50,98
03/23/2023,CPS,IL,AGL,CE,Towers with Radar,0,10,17,0,27,0,3,10,0,13,0,13,27,0,40,79,0,79,119
03/24/2023,CPS,IL,AGL,CE,Towers with Radar,0,7,6,0,13,0,0,0,0,0,0,7,6,0,13,0,0,0,13
03/25/2023,CPS,IL,AGL,CE,Towers with Radar,0,3,13,0,16,0,19,41,0,60,0,22,54,0,76,213,0,213,289
03/26/2023,CPS,IL,AGL,CE,Towers with Radar,0,15,25,0,40,0,35,93,0,128,0,50,118,0,168,245,2,247,415
03/27/2023,CPS,IL,AGL,CE,Towers with Radar,2,9,14,0,25,0,44,63,0,107,2,53,77,0,132,348,85,433,565
03/28/2023,CPS,IL,AGL,CE,Towers with Radar,1,8,7,1,17,0,17,51,2,70,1,25,58,3,87,267,0,267,354
03/29/2023,CPS,IL,AGL,CE,Towers with Radar,0,4,26,5,35,0,71,77,2,150,0,75,103,7,185,448,0,448,633
03/30/2023,CPS,IL,AGL,CE,Towers with Radar,0,24,24,0,48,0,52,90,0,142,0,76,114,0,190,290,0,290,480
03/31/2023,CPS,IL,AGL,CE,Towers with Radar,2,2,7,2,13,0,3,20,1,24,2,5,27,3,37,16,6,22,59
04/01/2023,CPS,IL,AGL,CE,Towers with Radar,2,4,11,1,18,0,3,8,0,11,2,7,19,1,29,43,0,43,72
04/02/2023,CPS,IL,AGL,CE,Towers with Radar,5,4,19,0,28,0,24,74,0,98,5,28,93,0,126,258,0,258,384
04/03/2023,CPS,IL,AGL,CE,Towers with Radar,2,2,14,0,18,0,42,46,0,88,2,44,60,0,106,138,0,138,244
04/04/2023,CPS,IL,AGL,CE,Towers with Radar,0,3,14,0,17,0,11,23,0,34,0,14,37,0,51,48,0,48,99
04/05/2023,CPS,IL,AGL,CE,Towers with Radar,4,1,19,1,25,0,20,31,0,51,4,21,50,1,76,104,1,105,181
04/06/2023,CPS,IL,AGL,CE,Towers with Radar,2,8,14,4,28,0,86,102,0,188,2,94,116,4,216,375,0,375,591
04/07/2023,CPS,IL,AGL,CE,Towers with Radar,0,1,19,0,20,0,12,79,0,91,0,13,98,0,111,257,0,257,368
04/08/2023,CPS,IL,AGL,CE,Towers with Radar,2,2,19,0,23,0,10,91,1,102,2,12,110,1,125,218,0,218,343
04/09/2023,CPS,IL,AGL,CE,Towers with Radar,0,0,13,0,13,0,5,48,0,53,0,5,61,0,66,105,0,105,171
04/10/2023,CPS,IL,AGL,CE,Towers with Radar,0,12,16,0,28,0,47,187,0,234,0,59,203,0,262,311,0,311,573
04/11/2023,CPS,IL,AGL,CE,Towers with Radar,1,13,19,0,33,0,79,86,1,166,1,92,105,1,199,350,0,350,549
04/12/2023,CPS,IL,AGL,CE,Towers with Radar,3,8,27,0,38,0,63,85,0,148,3,71,112,0,186,335,0,335,521
04/13/2023,CPS,IL,AGL,CE,Towers with Radar,0,13,19,0,32,0,61,77,0,138,0,74,96,0,170,395,0,395,565
04/14/2023,CPS,IL,AGL,CE,Towers with Radar,0,8,18,2,28,0,56,110,0,166,0,64,128,2,194,270,0,270,464
04/15/2023,CPS,IL,AGL,CE,Towers with Radar,0,9,11,0,20,0,8,52,0,60,0,17,63,0,80,107,0,107,187
04/16/2023,CPS,IL,AGL,CE,Towers with Radar,1,0,15,0,16,0,3,12,0,15,1,3,27,0,31,0,0,0,31
04/17/2023,CPS,IL,AGL,CE,Towers with Radar,0,1,21,2,24,0,7,44,10,61,0,8,65,12,85,75,0,75,160
04/18/2023,CPS,IL,AGL,CE,Towers with Radar,0,4,20,5,29,0,88,80,0,168,0,92,100,5,197,439,0,439,636
04/19/2023,CPS,IL,AGL,CE,Towers with Radar,5,7,20,0,32,0,13,40,1,54,5,20,60,1,86,42,0,42,128
04/20/2023,CPS,IL,AGL,CE,Towers with Radar,0,4,7,0,11,0,1,7,0,8,0,5,14,0,19,0,0,0,19
04/21/2023,CPS,IL,AGL,CE,Towers with Radar,0,6,23,0,29,0,78,70,2,150,0,84,93,2,179,369,0,369,548
04/22/2023,CPS,IL,AGL,CE,Towers with Radar,0,7,17,0,24,0,13,60,1,74,0,20,77,1,98,135,0,135,233
04/23/2023,CPS,IL,AGL,CE,Towers with Radar,0,7,31,0,38,0,19,72,1,92,0,26,103,1,130,168,0,168,298
04/24/2023,CPS,IL,AGL,CE,Towers with Radar,0,8,33,0,41,0,47,79,9,135,0,55,112,9,176,284,0,284,460
04/25/2023,CPS,IL,AGL,CE,Towers with Radar,0,13,22,0,35,0,60,68,3,131,0,73,90,3,166,220,0,220,386
04/26/2023,CPS,IL,AGL,CE,Towers with Radar,0,12,24,2,38,0,66,84,0,150,0,78,108,2,188,332,0,332,520
04/27/2023,CPS,IL,AGL,CE,Towers with Radar,0,2,17,1,20,0,36,55,2,93,0,38,72,3,113,391,0,391,504
04/28/2023,CPS,IL,AGL,CE,Towers with Radar,0,9,27,0,36,0,51,77,1,129,0,60,104,1,165,456,0,456,621
04/29/2023,CPS,IL,AGL,CE,Towers with Radar,0,10,16,0,26,0,27,72,0,99,0,37,88,0,125,245,0,245,370
04/30/2023,CPS,IL,AGL,CE,Towers with Radar,0,3,15,0,18,0,6,20,0,26,0,9,35,0,44,38,0,38,82
05/01/2023,CPS,IL,AGL,CE,Towers with Radar,0,3,16,0,19,0,12,21,0,33,0,15,37,0,52,33,0,33,85
05/02/2023,CPS,IL,AGL,CE,Towers with Radar,0,4,22,0,26,0,13,36,0,49,0,17,58,0,75,54,0,54,129
05/03/2023,CPS,IL,AGL,CE,Towers with Radar,0,12,35,0,47,0,59,96,4,159,0,71,131,4,206,341,0,341,547
05/04/2023,CPS,IL,AGL,CE,Towers with Radar,0,17,25,0,42,0,68,78,0,146,0,85,103,0,188,408,0,408,596
05/05/2023,CPS,IL,AGL,CE,Towers with Radar,0,6,26,0,32,0,24,32,8,64,0,30,58,8,96,110,0,110,206
05/06/2023,CPS,IL,AGL,CE,Towers with Radar,0,5,22,0,27,0,7,31,0,38,0,12,53,0,65,59,0,59,124
05/07/2023,CPS,IL,AGL,CE,Towers with Radar,2,1,19,1,23,0,5,53,1,59,2,6,72,2,82,76,0,76,158
05/08/2023,CPS,IL,AGL,CE,Towers with Radar,0,5,13,0,18,0,11,55,1,67,0,16,68,1,85,258,0,258,343
05/09/2023,CPS,IL,AGL,CE,Towers with Radar,0,16,27,0,43,0,39,78,0,117,0,55,105,0,160,315,0,315,475
05/10/2023,CPS,IL,AGL,CE,Towers with Radar,0,10,41,3,54,0,63,74,1,138,0,73,115,4,192,326,0,326,518
05/11/2023,CPS,IL,AGL,CE,Towers with Radar,0,28,36,3,67,0,27,37,3,67,0,55,73,6,134,248,1,249,383
05/12/2023,CPS,IL,AGL,CE,Towers with Radar,0,12,24,1,37,0,9,37,2,48,0,21,61,3,85,174,0,174,259
05/13/2023,CPS,IL,AGL,CE,Towers with Radar,0,4,13,0,17,0,7,28,0,35,0,11,41,0,52,93,0,93,145
05/14/2023,CPS,IL,AGL,CE,Towers with Radar,0,6,20,0,26,0,5,30,0,35,0,11,50,0,61,117,0,117,178
05/15/2023,CPS,IL,AGL,CE,Towers with Radar,1,12,22,3,38,0,9,25,2,36,1,21,47,5,74,151,0,151,225
05/16/2023,CPS,IL,AGL,CE,Towers with Radar,0,9,29,4,42,0,4,15,1,20,0,13,44,5,62,160,0,160,222
05/17/2023,CPS,IL,AGL,CE,Towers with Radar,0,6,35,0,41,0,98,101,8,207,0,104,136,8,248,300,0,300,548
05/18/2023,CPS,IL,AGL,CE,Towers with Radar,0,21,22,0,43,0,65,90,0,155,0,86,112,0,198,413,0,413,611
05/19/2023,CPS,IL,AGL,CE,Towers with Radar,0,7,27,0,34,0,21,28,0,49,0,28,55,0,83,203,0,203,286
05/20/2023,CPS,IL,AGL,CE,Towers with Radar,0,4,27,0,31,0,19,69,0,88,0,23,96,0,119,88,0,88,207
05/21/2023,CPS,IL,AGL,CE,Towers with Radar,2,5,33,0,40,0,15,70,1,86,2,20,103,1,126,154,0,154,280
05/22/2023,CPS,IL,AGL,CE,Towers with Radar,0,10,15,7,32,0,55,66,2,123,0,65,81,9,155,292,0,292,447
05/23/2023,CPS,IL,AGL,CE,Towers with Radar,0,6,23,0,29,0,56,63,0,119,0,62,86,0,148,340,0,340,488
05/24/2023,CPS,IL,AGL,CE,Towers with Radar,0,15,31,2,48,0,57,87,11,155,0,72,118,13,203,242,0,242,445
05/25/2023,CPS,IL,AGL,CE,Towers with Radar,0,12,25,0,37,0,51,86,0,137,0,63,111,0,174,177,0,177,351
05/26/2023,CPS,IL,AGL,CE,Towers with Radar,0,6,20,1,27,0,36,71,6,113,0,42,91,7,140,232,0,232,372
05/27/2023,CPS,IL,AGL,CE,Towers with Radar,0,2,14,0,16,0,6,69,0,75,0,8,83,0,91,103,0,103,194
05/28/2023,CPS,IL,AGL,CE,Towers with Radar,2,6,9,0,17,3,4,93,0,100,5,10,102,0,117,115,0,115,232
05/29/2023,CPS,IL,AGL,CE,Towers with Radar,0,0,18,0,18,0,7,101,0,108,0,7,119,0,126,196,0,196,322
05/30/2023,CPS,IL,AGL,CE,Towers with Radar,1,5,16,2,24,0,56,69,0,125,1,61,85,2,149,276,0,276,425
05/31/2023,CPS,IL,AGL,CE,Towers with Radar,0,1,26,0,27,0,47,65,0,112,0,48,91,0,139,269,0,269,408
06/01/2023,CPS,IL,AGL,CE,Towers with Radar,1,8,37,3,49,0,46,67,3,116,1,54,104,6,165,268,0,268,433
06/02/2023,CPS,IL,AGL,CE,Towers with Radar,0,18,31,4,53,0,36,61,0,97,0,54,92,4,150,224,0,224,374
06/03/2023,CPS,IL,AGL,CE,Towers with Radar,0,15,37,0,52,0,16,95,0,111,0,31,132,0,163,130,0,130,293
06/04/2023,CPS,IL,AGL,CE,Towers with Radar,0,18,42,0,60,0,5,77,0,82,0,23,119,0,142,48,0,48,190
06/05/2023,CPS,IL,AGL,CE,Towers with Radar,0,11,30,0,41,0,54,65,2,121,0,65,95,2,162,296,0,296,458
06/06/2023,CPS,IL,AGL,CE,Towers with Radar,0,6,16,2,24,0,57,73,2,132,0,63,89,4,156,274,0,274,430
06/07/2023,CPS,IL,AGL,CE,Towers with Radar,0,7,28,0,35,0,13,31,7,51,0,20,59,7,86,86,2,88,174
06/08/2023,CPS,IL,AGL,CE,Towers with Radar,0,5,19,0,24,0,73,54,3,130,0,78,73,3,154,354,0,354,508
06/09/2023,CPS,IL,AGL,CE,Towers with Radar,0,2,20,5,27,0,48,74,1,123,0,50,94,6,150,201,0,201,351
06/10/2023,CPS,IL,AGL,CE,Towers with Radar,0,7,19,0,26,0,5,71,3,79,0,12,90,3,105,110,1,111,216
06/11/2023,CPS,IL,AGL,CE,Towers with Radar,0,2,25,3,30,0,3,5,0,8,0,5,30,3,38,0,0,0,38
06/12/2023,CPS,IL,AGL,CE,Towers with Radar,0,11,31,0,42,0,44,53,1,98,0,55,84,1,140,322,0,322,462
06/13/2023,CPS,IL,AGL,CE,Towers with Radar,0,8,12,1,21,0,93,77,5,175,0,101,89,6,196,104,1,105,301
06/14/2023,CPS,IL,AGL,CE,Towers with Radar,1,9,20,1,31,0,47,63,0,110,1,56,83,1,141,296,0,296,437
06/15/2023,CPS,IL,AGL,CE,Towers with Radar,0,6,19,1,26,0,59,72,0,131,0,65,91,1,157,321,0,321,478
06/16/2023,CPS,IL,AGL,CE,Towers with Radar,0,11,34,0,45,0,52,74,3,129,0,63,108,3,174,332,0,332,506
06/17/2023,CPS,IL,AGL,CE,Towers with Radar,0,2,19,0,21,0,5,57,0,62,0,7,76,0,83,77,0,77,160
06/18/2023,CPS,IL,AGL,CE,Towers with Radar,0,7,20,1,28,0,3,24,0,27,0,10,44,1,55,20,0,20,75
06/19/2023,CPS,IL,AGL,CE,Towers with Radar,0,7,26,1,34,0,11,38,0,49,0,18,64,1,83,76,0,76,159
06/20/2023,CPS,IL,AGL,CE,Towers with Radar,0,6,24,0,30,0,54,69,0,123,0,60,93,0,153,217,0,217,370
06/21/2023,CPS,IL,AGL,CE,Towers with Radar,0,6,22,0,28,0,63,88,3,154,0,69,110,3,182,309,0,309,491
06/22/2023,CPS,IL,AGL,CE,Towers with Radar,0,6,25,0,31,0,47,93,4,144,0,53,118,4,175,327,0,327,502
06/23/2023,CPS,IL,AGL,CE,Towers with Radar,0,8,22,4,34,0,29,85,0,114,0,37,107,4,148,116,0,116,264
06/24/2023,CPS,IL,AGL,CE,Towers with Radar,0,5,9,0,14,0,6,75,2,83,0,11,84,2,97,116,0,116,213
06/25/2023,CPS,IL,AGL,CE,Towers with Radar,0,1,10,0,11,0,7,48,8,63,0,8,58,8,74,86,0,86,160
06/26/2023,CPS,IL,AGL,CE,Towers with Radar,0,7,23,2,32,0,21,46,5,72,0,28,69,7,104,49,1,50,154
06/27/2023,CPS,IL,AGL,CE,Towers with Radar,0,16,25,0,41,0,45,99,5,149,0,61,124,5,190,300,1,301,491
06/28/2023,CPS,IL,AGL,CE,Towers with Radar,1,13,28,3,45,0,9,60,3,72,1,22,88,6,117,157,0,157,274
06/29/2023,CPS,IL,AGL,CE,Towers with Radar,1,13,29,1,44,0,49,83,0,132,1,62,112,1,176,260,0,260,436
06/30/2023,CPS,IL,AGL,CE,Towers with Radar,0,7,31,0,38,0,40,62,0,102,0,47,93,0,140,299,0,299,439
07/01/2023,CPS,IL,AGL,CE,Towers with Radar,0,7,20,0,27,0,4,43,0,47,0,11,63,0,74,45,0,45,119
07/02/2023,CPS,IL,AGL,CE,Towers with Radar,3,2,19,0,24,0,3,36,0,39,3,5,55,0,63,77,0,77,140
07/03/2023,CPS,IL,AGL,CE,Towers with Radar,0,7,10,1,18,0,39,90,0,129,0,46,100,1,147,287,4,291,438
07/04/2023,CPS,IL,AGL,CE,Towers with Radar,0,2,6,0,8,2,5,69,2,78,2,7,75,2,86,326,0,326,412
07/05/2023,CPS,IL,AGL,CE,Towers with Radar,0,2,16,2,20,0,37,61,0,98,0,39,77,2,118,190,0,190,308
07/06/2023,CPS,IL,AGL,CE,Towers with Radar,0,9,36,1,46,0,62,95,5,162,0,71,131,6,208,359,0,359,567
07/07/2023,CPS,IL,AGL,CE,Towers with Radar,0,11,33,2,46,0,50,81,0,131,0,61,114,2,177,269,0,269,446
07/08/2023,CPS,IL,AGL,CE,Towers with Radar,0,6,29,0,35,0,13,39,0,52,0,19,68,0,87,71,0,71,158
07/09/2023,CPS,IL,AGL,CE,Towers with Radar,2,2,18,0,22,0,3,106,0,109,2,5,124,0,131,209,0,209,340
07/10/2023,CPS,IL,AGL,CE,Towers with Radar,0,7,15,2,24,0,60,62,3,125,0,67,77,5,149,239,0,239,388
07/11/2023,CPS,IL,AGL,CE,Towers with Radar,0,6,14,0,20,0,71,112,0,183,0,77,126,0,203,312,0,312,515
07/12/2023,CPS,IL,AGL,CE,Towers with Radar,0,10,16,0,26,0,73,78,0,151,0,83,94,0,177,351,0,351,528
07/13/2023,CPS,IL,AGL,CE,Towers with Radar,1,8,19,2,30,0,28,65,2,95,1,36,84,4,125,289,0,289,414
07/14/2023,CPS,IL,AGL,CE,Towers with Radar,0,3,22,0,25,0,45,47,0,92,0,48,69,0,117,185,0,185,302
07/15/2023,CPS,IL,AGL,CE,Towers with Radar,0,5,11,2,18,0,6,45,2,53,0,11,56,4,71,137,0,137,208
07/16/2023,CPS,IL,AGL,CE,Towers with Radar,2,2,9,0,13,0,3,52,0,55,2,5,61,0,68,123,0,123,191
07/17/2023,CPS,IL,AGL,CE,Towers with Radar,1,7,11,0,19,0,22,52,0,74,1,29,63,0,93,201,0,201,294
07/18/2023,CPS,IL,AGL,CE,Towers with Radar,0,5,15,0,20,0,17,66,0,83,0,22,81,0,103,379,0,379,482
07/19/2023,CPS,IL,AGL,CE,Towers with Radar,2,8,36,2,48,0,12,53,2,67,2,20,89,4,115,242,0,242,357
07/20/2023,CPS,IL,AGL,CE,Towers with Radar,0,7,24,0,31,0,11,50,0,61,0,18,74,0,92,254,0,254,346
07/21/2023,CPS,IL,AGL,CE,Towers with Radar,0,2,18,1,21,0,47,100,1,148,0,49,118,2,169,320,0,320,489
07/22/2023,CPS,IL,AGL,CE,Towers with Radar,0,5,14,1,20,0,9,89,0,98,0,14,103,1,118,141,0,141,259
07/23/2023,CPS,IL,AGL,CE,Towers with Radar,0,3,12,0,15,0,6,59,0,65,0,9,71,0,80,142,0,142,222
07/24/2023,CPS,IL,AGL,CE,Towers with Radar,0,6,18,0,24,0,37,60,1,98,0,43,78,1,122,256,0,256,378
07/25/2023,CPS,IL,AGL,CE,Towers with Radar,0,4,13,0,17,0,51,74,0,125,0,55,87,0,142,389,0,389,531
07/26/2023,CPS,IL,AGL,CE,Towers with Radar,0,3,13,3,19,0,12,26,2,40,0,15,39,5,59,35,0,35,94
07/27/2023,CPS,IL,AGL,CE,Towers with Radar,1,13,24,2,40,0,17,78,1,96,1,30,102,3,136,218,0,218,354
07/28/2023,CPS,IL,AGL,CE,Towers with Radar,0,8,22,15,45,0,27,67,3,97,0,35,89,18,142,228,0,228,370
07/29/2023,CPS,IL,AGL,CE,Towers with Radar,0,5,12,2,19,0,15,59,1,75,0,20,71,3,94,169,0,169,263
07/30/2023,CPS,IL,AGL,CE,Towers with Radar,1,2,18,6,27,0,9,73,10,92,1,11,91,16,119,144,0,144,263
07/31/2023,CPS,IL,AGL,CE,Towers with Radar,0,12,18,3,33,0,39,59,2,100,0,51,77,5,133,329,0,329,462
08/01/2023,CPS,IL,AGL,CE,Towers with Radar,0,12,28,1,41,0,33,84,0,117,0,45,112,1,158,231,0,231,389
08/02/2023,CPS,IL,AGL,CE,Towers with Radar,0,7,24,0,31,0,0,18,0,18,0,7,42,0,49,50,0,50,99
08/03/2023,CPS,IL,AGL,CE,Towers with Radar,0,10,30,0,40,0,9,31,0,40,0,19,61,0,80,247,0,247,327
08/04/2023,CPS,IL,AGL,CE,Towers with Radar,0,5,27,1,33,0,9,39,0,48,0,14,66,1,81,247,0,247,328
08/05/2023,CPS,IL,AGL,CE,Towers with Radar,0,0,17,1,18,0,2,40,3,45,0,2,57,4,63,126,0,126,189
08/06/2023,CPS,IL,AGL,CE,Towers with Radar,2,4,15,4,25,0,7,56,1,64,2,11,71,5,89,206,0,206,295
08/07/2023,CPS,IL,AGL,CE,Towers with Radar,0,1,30,0,31,0,24,49,0,73,0,25,79,0,104,134,0,134,238
08/08/2023,CPS,IL,AGL,CE,Towers with Radar,0,20,23,0,43,0,46,118,3,167,0,66,141,3,210,384,0,384,594
08/09/2023,CPS,IL,AGL,CE,Towers with Radar,0,3,16,0,19,0,14,22,0,36,0,17,38,0,55,100,0,100,155
08/10/2023,CPS,IL,AGL,CE,Towers with Radar,0,11,30,0,41,0,24,68,5,97,0,35,98,5,138,192,0,192,330
08/11/2023,CPS,IL,AGL,CE,Towers with Radar,0,6,23,2,31,0,25,67,2,94,0,31,90,4,125,287,0,287,412
08/12/2023,CPS,IL,AGL,CE,Towers with Radar,0,1,14,0,15,0,8,93,0,101,0,9,107,0,116,122,0,122,238
08/13/2023,CPS,IL,AGL,CE,Towers with Radar,1,6,8,0,15,0,2,37,0,39,1,8,45,0,54,80,0,80,134
08/14/2023,CPS,IL,AGL,CE,Towers with Radar,0,5,16,0,21,0,23,31,0,54,0,28,47,0,75,125,0,125,200
08/15/2023,CPS,IL,AGL,CE,Towers with Radar,0,10,31,1,42,0,21,74,0,95,0,31,105,1,137,198,0,198,335
08/16/2023,CPS,IL,AGL,CE,Towers with Radar,2,11,32,1,46,0,49,121,0,170,2,60,153,1,216,321,0,321,537
08/17/2023,CPS,IL,AGL,CE,Towers with Radar,0,13,33,2,48,0,24,79,0,103,0,37,112,2,151,250,0,250,401
08/18/2023,CPS,IL,AGL,CE,Towers with Radar,0,14,22,1,37,0,46,106,2,154,0,60,128,3,191,302,0,302,493
08/19/2023,CPS,IL,AGL,CE,Towers with Radar,0,5,13,0,18,0,17,100,4,121,0,22,113,4,139,102,0,102,241
08/20/2023,CPS,IL,AGL,CE,Towers with Radar,3,6,19,0,28,0,12,60,4,76,3,18,79,4,104,158,0,158,262
08/21/2023,CPS,IL,AGL,CE,Towers with Radar,0,4,19,0,23,0,4,22,0,26,0,8,41,0,49,102,0,102,151
08/22/2023,CPS,IL,AGL,CE,Towers with Radar,0,3,36,1,40,0,4,45,4,53,0,7,81,5,93,75,0,75,168
08/23/2023,CPS,IL,AGL,CE,Towers with Radar,0,7,26,0,33,0,8,46,0,54,0,15,72,0,87,136,2,138,225
08/24/2023,CPS,IL,AGL,CE,Towers with Radar,0,8,21,0,29,0,21,63,0,84,0,29,84,0,113,171,0,171,284
08/25/2023,CPS,IL,AGL,CE,Towers with Radar,0,4,35,0,39,0,21,58,4,83,0,25,93,4,122,106,0,106,228
08/26/2023,CPS,IL,AGL,CE,Towers with Radar,0,4,21,0,25,0,0,20,4,24,0,4,41,4,49,20,0,20,69
08/27/2023,CPS,IL,AGL,CE,Towers with Radar,3,18,35,0,56,0,6,51,5,62,3,24,86,5,118,92,0,92,210
08/28/2023,CPS,IL,AGL,CE,Towers with Radar,0,8,30,3,41,0,56,69,0,125,0,64,99,3,166,357,0,357,523
08/29/2023,CPS,IL,AGL,CE,Towers with Radar,0,13,22,3,38,0,72,95,1,168,0,85,117,4,206,329,0,329,535
08/30/2023,CPS,IL,AGL,CE,Towers with Radar,1,13,28,0,42,0,64,89,0,153,1,77,117,0,195,333,0,333,528
08/31/2023,CPS,IL,AGL,CE,Towers with Radar,0,16,25,3,44,0,78,82,2,162,0,94,107,5,206,479,0,479,685
