01/01/2000,CRE,SC,ASO,ES,Federal Contract Tower,0,0,25,0,25,0,0,61,0,61,0,0,86,0,86,24,0,24,110
01/02/2000,CRE,SC,ASO,ES,Federal Contract Tower,0,4,56,0,60,0,1,75,0,76,0,5,131,0,136,36,0,36,172
01/03/2000,CRE,SC,ASO,ES,Federal Contract Tower,0,2,31,0,33,0,0,53,1,54,0,2,84,1,87,22,0,22,109
01/04/2000,CRE,SC,ASO,ES,Federal Contract Tower,0,0,14,1,15,0,2,2,1,5,0,2,16,2,20,0,0,0,20
01/05/2000,CRE,SC,ASO,ES,Federal Contract Tower,0,2,50,0,52,0,2,42,0,44,0,4,92,0,96,72,0,72,168
01/06/2000,CRE,SC,ASO,ES,Federal Contract Tower,0,2,26,0,28,0,4,38,0,42,0,6,64,0,70,78,0,78,148
01/07/2000,CRE,SC,ASO,ES,Federal Contract Tower,0,2,46,0,48,0,1,29,0,30,0,3,75,0,78,28,0,28,106
01/08/2000,CRE,SC,ASO,ES,Federal Contract Tower,0,1,50,0,51,0,0,124,0,124,0,1,174,0,175,48,0,48,223
01/09/2000,CRE,SC,ASO,ES,Federal Contract Tower,0,0,44,0,44,0,0,4,0,4,0,0,48,0,48,0,0,0,48
01/10/2000,CRE,SC,ASO,ES,Federal Contract Tower,0,0,14,0,14,0,4,9,0,13,0,4,23,0,27,0,0,0,27
01/11/2000,CRE,SC,ASO,ES,Federal Contract Tower,0,2,30,0,32,0,3,54,0,57,0,5,84,0,89,32,0,32,121
01/12/2000,CRE,SC,ASO,ES,Federal Contract Tower,0,3,40,1,44,0,3,105,6,114,0,6,145,7,158,46,0,46,204
01/13/2000,CRE,SC,ASO,ES,Federal Contract Tower,0,2,34,0,36,0,6,31,0,37,0,8,65,0,73,18,0,18,91
01/14/2000,CRE,SC,ASO,ES,Federal Contract Tower,0,3,59,2,64,0,5,63,4,72,0,8,122,6,136,24,0,24,160
01/15/2000,CRE,SC,ASO,ES,Federal Contract Tower,0,0,46,0,46,0,0,112,0,112,0,0,158,0,158,24,0,24,182
01/16/2000,CRE,SC,ASO,ES,Federal Contract Tower,0,0,54,1,55,0,0,72,2,74,0,0,126,3,129,18,0,18,147
01/17/2000,CRE,SC,ASO,ES,Federal Contract Tower,0,5,82,0,87,0,2,60,0,62,0,7,142,0,149,18,0,18,167
01/18/2000,CRE,SC,ASO,ES,Federal Contract Tower,0,0,11,0,11,0,0,0,0,0,0,0,11,0,11,0,0,0,11
01/19/2000,CRE,SC,ASO,ES,Federal Contract Tower,0,3,56,1,60,0,0,28,8,36,0,3,84,9,96,0,0,0,96
01/20/2000,CRE,SC,ASO,ES,Federal Contract Tower,0,1,25,0,26,0,6,37,4,47,0,7,62,4,73,0,0,0,73
01/21/2000,CRE,SC,ASO,ES,Federal Contract Tower,0,3,52,1,56,0,1,38,4,43,0,4,90,5,99,32,0,32,131
01/22/2000,CRE,SC,ASO,ES,Federal Contract Tower,0,0,39,0,39,0,0,46,3,49,0,0,85,3,88,6,0,6,94
01/23/2000,CRE,SC,ASO,ES,Federal Contract Tower,0,0,14,0,14,0,0,1,0,1,0,0,15,0,15,0,0,0,15
01/24/2000,CRE,SC,ASO,ES,Federal Contract Tower,0,0,6,0,6,0,0,0,0,0,0,0,6,0,6,0,0,0,6
01/25/2000,CRE,SC,ASO,ES,Federal Contract Tower,0,0,0,0,0,0,0,0,0,0,0,0,0,0,0,0,0,0,0
01/26/2000,CRE,SC,ASO,ES,Federal Contract Tower,0,3,45,0,48,0,3,29,4,36,0,6,74,4,84,18,0,18,102
01/27/2000,CRE,SC,ASO,ES,Federal Contract Tower,0,3,54,1,58,0,0,44,1,45,0,3,98,2,103,4,0,4,107
01/28/2000,CRE,SC,ASO,ES,Federal Contract Tower,0,2,56,0,58,0,0,55,0,55,0,2,111,0,113,38,0,38,151
01/29/2000,CRE,SC,ASO,ES,Federal Contract Tower,0,0,3,0,3,0,0,1,0,1,0,0,4,0,4,0,0,0,4
01/30/2000,CRE,SC,ASO,ES,Federal Contract Tower,0,0,0,0,0,0,0,0,0,0,0,0,0,0,0,0,0,0,0
01/31/2000,CRE,SC,ASO,ES,Federal Contract Tower,0,3,46,0,49,0,1,17,1,19,0,4,63,1,68,6,0,6,74
02/01/2000,CRE,SC,ASO,ES,Federal Contract Tower,0,3,63,1,67,0,3,52,0,55,0,6,115,1,122,22,0,22,144
02/02/2000,CRE,SC,ASO,ES,Federal Contract Tower,0,3,70,3,76,0,3,54,5,62,0,6,124,8,138,36,6,42,180
02/03/2000,CRE,SC,ASO,ES,Federal Contract Tower,0,2,43,2,47,0,6,43,0,49,0,8,86,2,96,22,0,22,118
02/04/2000,CRE,SC,ASO,ES,Federal Contract Tower,0,3,55,2,60,0,2,33,10,45,0,5,88,12,105,18,0,18,123
02/05/2000,CRE,SC,ASO,ES,Federal Contract Tower,0,0,51,1,52,0,0,80,0,80,0,0,131,1,132,32,0,32,164
02/06/2000,CRE,SC,ASO,ES,Federal Contract Tower,0,0,42,2,44,0,0,95,2,97,0,0,137,4,141,14,2,16,157
02/07/2000,CRE,SC,ASO,ES,Federal Contract Tower,0,2,49,2,53,0,5,27,12,44,0,7,76,14,97,38,0,38,135
02/08/2000,CRE,SC,ASO,ES,Federal Contract Tower,0,2,29,1,32,0,1,41,3,45,0,3,70,4,77,24,0,24,101
02/09/2000,CRE,SC,ASO,ES,Federal Contract Tower,0,2,50,2,54,0,5,40,2,47,0,7,90,4,101,14,0,14,115
02/10/2000,CRE,SC,ASO,ES,Federal Contract Tower,0,2,55,1,58,0,0,59,0,59,0,2,114,1,117,10,0,10,127
02/11/2000,CRE,SC,ASO,ES,Federal Contract Tower,0,2,31,1,34,0,0,40,2,42,0,2,71,3,76,16,2,18,94
02/12/2000,CRE,SC,ASO,ES,Federal Contract Tower,0,0,21,0,21,0,3,4,0,7,0,3,25,0,28,8,0,8,36
02/13/2000,CRE,SC,ASO,ES,Federal Contract Tower,0,0,51,0,51,0,0,5,0,5,0,0,56,0,56,0,0,0,56
02/14/2000,CRE,SC,ASO,ES,Federal Contract Tower,0,0,11,0,11,0,4,3,0,7,0,4,14,0,18,4,0,4,22
02/15/2000,CRE,SC,ASO,ES,Federal Contract Tower,0,3,55,2,60,0,1,40,2,43,0,4,95,4,103,56,0,56,159
02/16/2000,CRE,SC,ASO,ES,Federal Contract Tower,0,3,61,0,64,0,5,36,0,41,0,8,97,0,105,46,0,46,151
02/17/2000,CRE,SC,ASO,ES,Federal Contract Tower,0,3,73,2,78,0,1,50,0,51,0,4,123,2,129,0,0,0,129
02/18/2000,CRE,SC,ASO,ES,Federal Contract Tower,0,1,39,0,40,0,7,1,0,8,0,8,40,0,48,0,0,0,48
02/19/2000,CRE,SC,ASO,ES,Federal Contract Tower,0,0,46,0,46,0,0,22,0,22,0,0,68,0,68,12,0,12,80
02/20/2000,CRE,SC,ASO,ES,Federal Contract Tower,0,2,63,1,66,0,0,109,1,110,0,2,172,2,176,28,0,28,204
02/21/2000,CRE,SC,ASO,ES,Federal Contract Tower,0,4,64,0,68,0,1,83,0,84,0,5,147,0,152,14,0,14,166
02/22/2000,CRE,SC,ASO,ES,Federal Contract Tower,0,2,50,1,53,0,3,27,5,35,0,5,77,6,88,22,0,22,110
02/23/2000,CRE,SC,ASO,ES,Federal Contract Tower,0,2,43,1,46,0,8,78,4,90,0,10,121,5,136,64,0,64,200
02/24/2000,CRE,SC,ASO,ES,Federal Contract Tower,0,2,52,0,54,0,2,52,0,54,0,4,104,0,108,28,0,28,136
02/25/2000,CRE,SC,ASO,ES,Federal Contract Tower,0,3,75,2,80,0,3,80,1,84,0,6,155,3,164,15,0,15,179
02/26/2000,CRE,SC,ASO,ES,Federal Contract Tower,0,2,45,0,47,0,1,78,0,79,0,3,123,0,126,12,0,12,138
02/27/2000,CRE,SC,ASO,ES,Federal Contract Tower,0,4,65,1,70,0,0,31,0,31,0,4,96,1,101,0,0,0,101
02/28/2000,CRE,SC,ASO,ES,Federal Contract Tower,0,4,65,1,70,0,3,42,1,46,0,7,107,2,116,34,0,34,150
02/29/2000,CRE,SC,ASO,ES,Federal Contract Tower,0,2,67,1,70,0,0,57,7,64,0,2,124,8,134,14,0,14,148
03/01/2000,CRE,SC,ASO,ES,Federal Contract Tower,0,1,37,0,38,0,4,60,0,64,0,5,97,0,102,32,0,32,134
03/02/2000,CRE,SC,ASO,ES,Federal Contract Tower,0,2,51,0,53,0,4,42,0,46,0,6,93,0,99,36,0,36,135
03/03/2000,CRE,SC,ASO,ES,Federal Contract Tower,0,4,73,2,79,0,1,45,1,47,0,5,118,3,126,20,0,20,146
03/04/2000,CRE,SC,ASO,ES,Federal Contract Tower,0,1,25,1,27,0,1,23,3,27,0,2,48,4,54,30,0,30,84
03/05/2000,CRE,SC,ASO,ES,Federal Contract Tower,0,2,61,1,64,0,0,130,1,131,0,2,191,2,195,26,0,26,221
03/06/2000,CRE,SC,ASO,ES,Federal Contract Tower,0,3,51,1,55,0,8,45,3,56,0,11,96,4,111,46,0,46,157
03/07/2000,CRE,SC,ASO,ES,Federal Contract Tower,0,3,47,0,50,0,1,70,0,71,0,4,117,0,121,94,0,94,215
03/08/2000,CRE,SC,ASO,ES,Federal Contract Tower,0,4,71,2,77,0,0,68,0,68,0,4,139,2,145,46,0,46,191
03/09/2000,CRE,SC,ASO,ES,Federal Contract Tower,0,3,66,2,71,0,3,38,0,41,0,6,104,2,112,28,0,28,140
03/10/2000,CRE,SC,ASO,ES,Federal Contract Tower,0,2,39,1,42,0,8,51,0,59,0,10,90,1,101,46,0,46,147
03/11/2000,CRE,SC,ASO,ES,Federal Contract Tower,0,0,18,1,19,0,0,16,1,17,0,0,34,2,36,14,0,14,50
03/12/2000,CRE,SC,ASO,ES,Federal Contract Tower,0,2,31,0,33,0,1,43,0,44,0,3,74,0,77,0,0,0,77
03/13/2000,CRE,SC,ASO,ES,Federal Contract Tower,0,3,49,0,52,0,4,63,0,67,0,7,112,0,119,40,0,40,159
03/14/2000,CRE,SC,ASO,ES,Federal Contract Tower,0,3,43,1,47,0,3,50,4,57,0,6,93,5,104,28,0,28,132
03/15/2000,CRE,SC,ASO,ES,Federal Contract Tower,0,4,58,1,63,0,6,54,1,61,0,10,112,2,124,40,0,40,164
03/16/2000,CRE,SC,ASO,ES,Federal Contract Tower,0,3,52,1,56,0,6,1,1,8,0,9,53,2,64,12,0,12,76
03/17/2000,CRE,SC,ASO,ES,Federal Contract Tower,0,3,68,2,73,0,2,33,0,35,0,5,101,2,108,16,0,16,124
03/18/2000,CRE,SC,ASO,ES,Federal Contract Tower,0,1,44,0,45,0,0,92,0,92,0,1,136,0,137,86,0,86,223
03/19/2000,CRE,SC,ASO,ES,Federal Contract Tower,0,0,38,0,38,0,0,40,0,40,0,0,78,0,78,10,0,10,88
03/20/2000,CRE,SC,ASO,ES,Federal Contract Tower,0,1,22,0,23,0,5,0,0,5,0,6,22,0,28,0,0,0,28
03/21/2000,CRE,SC,ASO,ES,Federal Contract Tower,0,4,61,0,65,0,4,21,0,25,0,8,82,0,90,14,0,14,104
03/22/2000,CRE,SC,ASO,ES,Federal Contract Tower,0,3,50,0,53,0,2,37,0,39,0,5,87,0,92,0,0,0,92
03/23/2000,CRE,SC,ASO,ES,Federal Contract Tower,0,3,57,0,60,0,3,42,5,50,0,6,99,5,110,28,0,28,138
03/24/2000,CRE,SC,ASO,ES,Federal Contract Tower,0,3,51,0,54,0,1,76,2,79,0,4,127,2,133,40,0,40,173
03/25/2000,CRE,SC,ASO,ES,Federal Contract Tower,0,1,43,0,44,0,0,98,2,100,0,1,141,2,144,28,0,28,172
03/26/2000,CRE,SC,ASO,ES,Federal Contract Tower,0,3,71,0,74,0,0,67,0,67,0,3,138,0,141,14,0,14,155
03/27/2000,CRE,SC,ASO,ES,Federal Contract Tower,0,3,45,0,48,0,0,4,0,4,0,3,49,0,52,0,0,0,52
03/28/2000,CRE,SC,ASO,ES,Federal Contract Tower,0,2,32,0,34,0,1,42,0,43,0,3,74,0,77,4,0,4,81
03/29/2000,CRE,SC,ASO,ES,Federal Contract Tower,0,3,72,1,76,0,1,50,1,52,0,4,122,2,128,46,0,46,174
03/30/2000,CRE,SC,ASO,ES,Federal Contract Tower,0,3,47,0,50,0,3,10,0,13,0,6,57,0,63,0,0,0,63
03/31/2000,CRE,SC,ASO,ES,Federal Contract Tower,0,3,67,1,71,0,9,55,4,68,0,12,122,5,139,14,0,14,153
04/01/2000,CRE,SC,ASO,ES,Federal Contract Tower,0,3,63,1,67,0,7,100,1,108,0,10,163,2,175,18,0,18,193
04/02/2000,CRE,SC,ASO,ES,Federal Contract Tower,0,2,42,1,45,0,2,54,1,57,0,4,96,2,102,34,0,34,136
04/03/2000,CRE,SC,ASO,ES,Federal Contract Tower,0,2,32,1,35,0,2,53,1,56,0,4,85,2,91,28,4,32,123
04/04/2000,CRE,SC,ASO,ES,Federal Contract Tower,0,2,29,0,31,0,3,59,0,62,0,5,88,0,93,14,0,14,107
04/05/2000,CRE,SC,ASO,ES,Federal Contract Tower,0,4,58,1,63,0,2,52,4,58,0,6,110,5,121,12,0,12,133
04/06/2000,CRE,SC,ASO,ES,Federal Contract Tower,0,3,46,1,50,0,5,51,1,57,0,8,97,2,107,22,0,22,129
04/07/2000,CRE,SC,ASO,ES,Federal Contract Tower,0,5,71,0,76,0,4,133,0,137,0,9,204,0,213,26,0,26,239
04/08/2000,CRE,SC,ASO,ES,Federal Contract Tower,0,0,44,0,44,0,0,55,0,55,0,0,99,0,99,12,0,12,111
04/09/2000,CRE,SC,ASO,ES,Federal Contract Tower,0,3,49,0,52,0,2,89,0,91,0,5,138,0,143,14,0,14,157
04/10/2000,CRE,SC,ASO,ES,Federal Contract Tower,0,4,69,1,74,0,2,121,0,123,0,6,190,1,197,26,0,26,223
04/11/2000,CRE,SC,ASO,ES,Federal Contract Tower,0,3,55,1,59,0,0,88,1,89,0,3,143,2,148,44,0,44,192
04/12/2000,CRE,SC,ASO,ES,Federal Contract Tower,0,5,78,0,83,0,8,66,0,74,0,13,144,0,157,22,0,22,179
04/13/2000,CRE,SC,ASO,ES,Federal Contract Tower,0,6,96,0,102,0,2,30,0,32,0,8,126,0,134,14,0,14,148
04/14/2000,CRE,SC,ASO,ES,Federal Contract Tower,0,3,49,1,53,0,3,46,0,49,0,6,95,1,102,12,0,12,114
04/15/2000,CRE,SC,ASO,ES,Federal Contract Tower,0,2,44,0,46,0,0,39,0,39,0,2,83,0,85,22,0,22,107
04/16/2000,CRE,SC,ASO,ES,Federal Contract Tower,0,0,72,0,72,0,0,100,0,100,0,0,172,0,172,28,0,28,200
04/17/2000,CRE,SC,ASO,ES,Federal Contract Tower,0,3,44,0,47,0,6,42,0,48,0,9,86,0,95,34,0,34,129
04/18/2000,CRE,SC,ASO,ES,Federal Contract Tower,0,3,50,0,53,0,2,34,4,40,0,5,84,4,93,34,0,34,127
04/19/2000,CRE,SC,ASO,ES,Federal Contract Tower,0,3,51,0,54,0,7,49,2,58,0,10,100,2,112,22,0,22,134
04/20/2000,CRE,SC,ASO,ES,Federal Contract Tower,0,4,63,0,67,0,2,81,0,83,0,6,144,0,150,28,0,28,178
04/21/2000,CRE,SC,ASO,ES,Federal Contract Tower,0,3,44,0,47,0,4,52,0,56,0,7,96,0,103,28,0,28,131
04/22/2000,CRE,SC,ASO,ES,Federal Contract Tower,0,2,0,0,2,0,101,0,0,101,0,103,0,0,103,36,0,36,139
04/23/2000,CRE,SC,ASO,ES,Federal Contract Tower,0,0,54,0,54,0,0,73,0,73,0,0,127,0,127,66,0,66,193
04/24/2000,CRE,SC,ASO,ES,Federal Contract Tower,0,3,49,0,52,0,5,43,0,48,0,8,92,0,100,46,0,46,146
04/25/2000,CRE,SC,ASO,ES,Federal Contract Tower,0,2,34,0,36,0,1,22,0,23,0,3,56,0,59,0,0,0,59
04/26/2000,CRE,SC,ASO,ES,Federal Contract Tower,0,4,70,0,74,0,9,25,2,36,0,13,95,2,110,24,0,24,134
04/27/2000,CRE,SC,ASO,ES,Federal Contract Tower,0,3,48,0,51,0,21,20,3,44,0,24,68,3,95,26,0,26,121
04/28/2000,CRE,SC,ASO,ES,Federal Contract Tower,0,2,41,0,43,0,2,33,0,35,0,4,74,0,78,44,0,44,122
04/29/2000,CRE,SC,ASO,ES,Federal Contract Tower,0,2,31,0,33,0,2,55,0,57,0,4,86,0,90,48,0,48,138
04/30/2000,CRE,SC,ASO,ES,Federal Contract Tower,0,2,70,0,72,0,0,84,0,84,0,2,154,0,156,44,0,44,200
05/01/2000,CRE,SC,ASO,ES,Federal Contract Tower,0,2,40,0,42,0,4,43,0,47,0,6,83,0,89,26,0,26,115
05/02/2000,CRE,SC,ASO,ES,Federal Contract Tower,0,2,29,0,31,0,2,35,0,37,0,4,64,0,68,22,0,22,90
05/03/2000,CRE,SC,ASO,ES,Federal Contract Tower,0,2,47,2,51,0,6,45,0,51,0,8,92,2,102,34,0,34,136
05/04/2000,CRE,SC,ASO,ES,Federal Contract Tower,0,3,55,2,60,0,2,47,0,49,0,5,102,2,109,42,0,42,151
05/05/2000,CRE,SC,ASO,ES,Federal Contract Tower,0,3,49,2,54,0,6,93,0,99,0,9,142,2,153,60,0,60,213
05/06/2000,CRE,SC,ASO,ES,Federal Contract Tower,0,0,29,1,30,0,0,89,3,92,0,0,118,4,122,97,0,97,219
05/07/2000,CRE,SC,ASO,ES,Federal Contract Tower,0,2,40,2,44,0,1,96,0,97,0,3,136,2,141,32,0,32,173
05/08/2000,CRE,SC,ASO,ES,Federal Contract Tower,0,2,30,0,32,0,0,52,0,52,0,2,82,0,84,44,0,44,128
05/09/2000,CRE,SC,ASO,ES,Federal Contract Tower,0,2,31,1,34,0,5,35,1,41,0,7,66,2,75,46,0,46,121
05/10/2000,CRE,SC,ASO,ES,Federal Contract Tower,0,2,29,1,32,0,7,15,4,26,0,9,44,5,58,22,0,22,80
05/11/2000,CRE,SC,ASO,ES,Federal Contract Tower,0,3,37,1,41,0,2,37,1,40,0,5,74,2,81,44,0,44,125
05/12/2000,CRE,SC,ASO,ES,Federal Contract Tower,0,2,47,2,51,0,10,76,0,86,0,12,123,2,137,92,0,92,229
05/13/2000,CRE,SC,ASO,ES,Federal Contract Tower,0,2,39,0,41,0,0,41,0,41,0,2,80,0,82,168,0,168,250
05/14/2000,CRE,SC,ASO,ES,Federal Contract Tower,0,0,37,0,37,0,0,75,0,75,0,0,112,0,112,209,0,209,321
05/15/2000,CRE,SC,ASO,ES,Federal Contract Tower,0,2,28,1,31,0,5,30,4,39,0,7,58,5,70,38,14,52,122
05/16/2000,CRE,SC,ASO,ES,Federal Contract Tower,0,2,26,1,29,0,5,67,3,75,0,7,93,4,104,162,0,162,266
05/17/2000,CRE,SC,ASO,ES,Federal Contract Tower,0,2,55,0,57,0,0,36,0,36,0,2,91,0,93,104,0,104,197
05/18/2000,CRE,SC,ASO,ES,Federal Contract Tower,0,2,52,0,54,0,0,66,0,66,0,2,118,0,120,128,0,128,248
05/19/2000,CRE,SC,ASO,ES,Federal Contract Tower,0,2,31,0,33,0,1,60,0,61,0,3,91,0,94,128,0,128,222
05/20/2000,CRE,SC,ASO,ES,Federal Contract Tower,0,2,36,0,38,0,4,71,0,75,0,6,107,0,113,132,0,132,245
05/21/2000,CRE,SC,ASO,ES,Federal Contract Tower,0,0,53,0,53,0,0,24,0,24,0,0,77,0,77,14,0,14,91
05/22/2000,CRE,SC,ASO,ES,Federal Contract Tower,0,2,43,0,45,0,2,18,0,20,0,4,61,0,65,36,0,36,101
05/23/2000,CRE,SC,ASO,ES,Federal Contract Tower,0,4,67,1,72,0,6,26,11,43,0,10,93,12,115,46,8,54,169
05/24/2000,CRE,SC,ASO,ES,Federal Contract Tower,0,2,34,0,36,0,3,29,4,36,0,5,63,4,72,36,0,36,108
05/25/2000,CRE,SC,ASO,ES,Federal Contract Tower,0,2,48,1,51,0,6,24,5,35,0,8,72,6,86,28,0,28,114
05/26/2000,CRE,SC,ASO,ES,Federal Contract Tower,0,3,55,1,59,0,6,59,7,72,0,9,114,8,131,22,0,22,153
05/27/2000,CRE,SC,ASO,ES,Federal Contract Tower,0,0,41,1,42,0,0,25,1,26,0,0,66,2,68,24,0,24,92
05/28/2000,CRE,SC,ASO,ES,Federal Contract Tower,0,0,10,0,10,0,0,19,2,21,0,0,29,2,31,28,4,32,63
05/29/2000,CRE,SC,ASO,ES,Federal Contract Tower,0,2,74,0,76,0,0,35,0,35,0,2,109,0,111,26,0,26,137
05/30/2000,CRE,SC,ASO,ES,Federal Contract Tower,0,4,85,2,91,0,4,20,3,27,0,8,105,5,118,24,6,30,148
05/31/2000,CRE,SC,ASO,ES,Federal Contract Tower,0,4,62,1,67,0,3,30,3,36,0,7,92,4,103,4,0,4,107
06/01/2000,CRE,SC,ASO,ES,Federal Contract Tower,0,8,86,2,96,0,0,24,1,25,0,8,110,3,121,17,0,17,138
06/02/2000,CRE,SC,ASO,ES,Federal Contract Tower,0,6,93,0,99,0,0,15,0,15,0,6,108,0,114,36,0,36,150
06/03/2000,CRE,SC,ASO,ES,Federal Contract Tower,0,2,92,0,94,0,0,0,0,0,0,2,92,0,94,98,0,98,192
06/04/2000,CRE,SC,ASO,ES,Federal Contract Tower,0,0,50,0,50,0,0,28,0,28,0,0,78,0,78,4,0,4,82
06/05/2000,CRE,SC,ASO,ES,Federal Contract Tower,0,6,39,0,45,0,0,20,0,20,0,6,59,0,65,0,0,0,65
06/06/2000,CRE,SC,ASO,ES,Federal Contract Tower,0,4,64,1,69,0,0,30,0,30,0,4,94,1,99,6,0,6,105
06/07/2000,CRE,SC,ASO,ES,Federal Contract Tower,0,4,121,3,128,0,0,0,5,5,0,4,121,8,133,66,0,66,199
06/08/2000,CRE,SC,ASO,ES,Federal Contract Tower,0,4,120,3,127,0,0,4,4,8,0,4,124,7,135,62,0,62,197
06/09/2000,CRE,SC,ASO,ES,Federal Contract Tower,0,5,110,1,116,0,0,0,0,0,0,5,110,1,116,160,0,160,276
06/10/2000,CRE,SC,ASO,ES,Federal Contract Tower,0,1,132,0,133,0,0,0,0,0,0,1,132,0,133,156,0,156,289
06/11/2000,CRE,SC,ASO,ES,Federal Contract Tower,0,1,122,0,123,0,0,0,0,0,0,1,122,0,123,138,0,138,261
06/12/2000,CRE,SC,ASO,ES,Federal Contract Tower,0,8,74,0,82,0,0,6,0,6,0,8,80,0,88,34,0,34,122
06/13/2000,CRE,SC,ASO,ES,Federal Contract Tower,0,9,78,2,89,0,0,0,3,3,0,9,78,5,92,32,10,42,134
06/14/2000,CRE,SC,ASO,ES,Federal Contract Tower,0,4,80,3,87,0,0,0,1,1,0,4,80,4,88,58,6,64,152
06/15/2000,CRE,SC,ASO,ES,Federal Contract Tower,0,13,75,0,88,0,0,0,0,0,0,13,75,0,88,56,0,56,144
06/16/2000,CRE,SC,ASO,ES,Federal Contract Tower,0,8,81,2,91,0,0,0,2,2,0,8,81,4,93,42,0,42,135
06/17/2000,CRE,SC,ASO,ES,Federal Contract Tower,0,5,70,2,77,0,0,12,2,14,0,5,82,4,91,24,0,24,115
06/18/2000,CRE,SC,ASO,ES,Federal Contract Tower,0,2,63,0,65,0,0,11,0,11,0,2,74,0,76,28,0,28,104
06/19/2000,CRE,SC,ASO,ES,Federal Contract Tower,0,6,42,0,48,0,0,16,0,16,0,6,58,0,64,4,0,4,68
06/20/2000,CRE,SC,ASO,ES,Federal Contract Tower,0,18,76,1,95,0,0,0,1,1,0,18,76,2,96,34,0,34,130
06/21/2000,CRE,SC,ASO,ES,Federal Contract Tower,0,12,77,1,90,0,0,0,2,2,0,12,77,3,92,52,0,52,144
06/22/2000,CRE,SC,ASO,ES,Federal Contract Tower,0,7,49,0,56,0,0,0,0,0,0,7,49,0,56,42,0,42,98
06/23/2000,CRE,SC,ASO,ES,Federal Contract Tower,0,2,96,0,98,0,0,5,0,5,0,2,101,0,103,50,0,50,153
06/24/2000,CRE,SC,ASO,ES,Federal Contract Tower,0,1,92,1,94,0,0,5,2,7,0,1,97,3,101,46,0,46,147
06/25/2000,CRE,SC,ASO,ES,Federal Contract Tower,0,2,80,0,82,0,0,17,0,17,0,2,97,0,99,30,0,30,129
06/26/2000,CRE,SC,ASO,ES,Federal Contract Tower,0,5,38,0,43,0,0,8,3,11,0,5,46,3,54,6,0,6,60
06/27/2000,CRE,SC,ASO,ES,Federal Contract Tower,0,8,71,1,80,0,0,0,3,3,0,8,71,4,83,44,0,44,127
06/28/2000,CRE,SC,ASO,ES,Federal Contract Tower,0,15,73,1,89,0,0,0,6,6,0,15,73,7,95,36,0,36,131
06/29/2000,CRE,SC,ASO,ES,Federal Contract Tower,0,9,70,0,79,0,0,3,0,3,0,9,73,0,82,30,0,30,112
06/30/2000,CRE,SC,ASO,ES,Federal Contract Tower,0,12,114,0,126,0,0,27,0,27,0,12,141,0,153,30,0,30,183
07/01/2000,CRE,SC,ASO,ES,Federal Contract Tower,0,2,160,0,162,0,0,0,0,0,0,2,160,0,162,52,0,52,214
07/02/2000,CRE,SC,ASO,ES,Federal Contract Tower,0,0,134,0,134,0,0,0,0,0,0,0,134,0,134,28,0,28,162
07/03/2000,CRE,SC,ASO,ES,Federal Contract Tower,0,8,128,0,136,0,3,0,36,39,0,11,128,36,175,0,0,0,175
07/04/2000,CRE,SC,ASO,ES,Federal Contract Tower,0,0,119,0,119,0,0,0,0,0,0,0,119,0,119,46,0,46,165
07/05/2000,CRE,SC,ASO,ES,Federal Contract Tower,0,9,89,0,98,0,0,0,0,0,0,9,89,0,98,78,0,78,176
07/06/2000,CRE,SC,ASO,ES,Federal Contract Tower,0,9,87,0,96,0,8,0,2,10,0,17,87,2,106,78,0,78,184
07/07/2000,CRE,SC,ASO,ES,Federal Contract Tower,0,6,88,0,94,0,0,0,0,0,0,6,88,0,94,94,0,94,188
07/08/2000,CRE,SC,ASO,ES,Federal Contract Tower,0,2,96,0,98,0,0,0,0,0,0,2,96,0,98,72,0,72,170
07/09/2000,CRE,SC,ASO,ES,Federal Contract Tower,0,0,95,0,95,0,0,0,0,0,0,0,95,0,95,24,0,24,119
07/10/2000,CRE,SC,ASO,ES,Federal Contract Tower,0,7,88,1,96,0,2,0,0,2,0,9,88,1,98,60,0,60,158
07/11/2000,CRE,SC,ASO,ES,Federal Contract Tower,0,5,46,0,51,0,10,0,0,10,0,15,46,0,61,52,0,52,113
07/12/2000,CRE,SC,ASO,ES,Federal Contract Tower,0,5,76,1,82,0,1,0,0,1,0,6,76,1,83,54,0,54,137
07/13/2000,CRE,SC,ASO,ES,Federal Contract Tower,0,2,57,0,59,0,0,0,0,0,0,2,57,0,59,26,0,26,85
07/14/2000,CRE,SC,ASO,ES,Federal Contract Tower,0,5,64,0,69,0,0,0,0,0,0,5,64,0,69,48,0,48,117
07/15/2000,CRE,SC,ASO,ES,Federal Contract Tower,0,4,84,0,88,0,0,0,0,0,0,4,84,0,88,50,0,50,138
07/16/2000,CRE,SC,ASO,ES,Federal Contract Tower,0,4,98,0,102,0,0,0,0,0,0,4,98,0,102,30,0,30,132
07/17/2000,CRE,SC,ASO,ES,Federal Contract Tower,0,5,83,0,88,0,3,0,0,3,0,8,83,0,91,34,0,34,125
07/18/2000,CRE,SC,ASO,ES,Federal Contract Tower,0,6,70,0,76,0,6,0,0,6,0,12,70,0,82,58,0,58,140
07/19/2000,CRE,SC,ASO,ES,Federal Contract Tower,0,8,84,1,93,0,8,0,2,10,0,16,84,3,103,96,0,96,199
07/20/2000,CRE,SC,ASO,ES,Federal Contract Tower,0,8,96,1,105,0,0,0,1,1,0,8,96,2,106,98,0,98,204
07/21/2000,CRE,SC,ASO,ES,Federal Contract Tower,0,5,89,0,94,0,0,0,0,0,0,5,89,0,94,84,0,84,178
07/22/2000,CRE,SC,ASO,ES,Federal Contract Tower,0,2,77,0,79,0,0,0,0,0,0,2,77,0,79,44,0,44,123
07/23/2000,CRE,SC,ASO,ES,Federal Contract Tower,0,2,65,0,67,0,0,0,0,0,0,2,65,0,67,22,0,22,89
07/24/2000,CRE,SC,ASO,ES,Federal Contract Tower,0,2,39,0,41,0,3,0,0,3,0,5,39,0,44,16,0,16,60
07/25/2000,CRE,SC,ASO,ES,Federal Contract Tower,0,1,32,0,33,0,2,0,0,2,0,3,32,0,35,0,0,0,35
07/26/2000,CRE,SC,ASO,ES,Federal Contract Tower,0,2,46,1,49,0,2,0,1,3,0,4,46,2,52,12,0,12,64
07/27/2000,CRE,SC,ASO,ES,Federal Contract Tower,0,5,91,1,97,0,6,0,1,7,0,11,91,2,104,26,0,26,130
07/28/2000,CRE,SC,ASO,ES,Federal Contract Tower,0,6,89,0,95,0,0,0,5,5,0,6,89,5,100,38,0,38,138
07/29/2000,CRE,SC,ASO,ES,Federal Contract Tower,0,2,73,0,75,0,0,0,0,0,0,2,73,0,75,54,0,54,129
07/30/2000,CRE,SC,ASO,ES,Federal Contract Tower,0,2,41,0,43,0,1,0,0,1,0,3,41,0,44,14,0,14,58
07/31/2000,CRE,SC,ASO,ES,Federal Contract Tower,0,2,37,0,39,0,0,0,0,0,0,2,37,0,39,54,0,54,93
08/01/2000,CRE,SC,ASO,ES,Federal Contract Tower,0,4,47,0,51,0,6,45,1,52,0,10,92,1,103,54,0,54,157
08/02/2000,CRE,SC,ASO,ES,Federal Contract Tower,0,3,32,0,35,0,11,31,4,46,0,14,63,4,81,42,0,42,123
08/03/2000,CRE,SC,ASO,ES,Federal Contract Tower,0,2,35,0,37,0,4,29,0,33,0,6,64,0,70,38,0,38,108
08/04/2000,CRE,SC,ASO,ES,Federal Contract Tower,0,2,35,0,37,0,3,49,0,52,0,5,84,0,89,46,0,46,135
08/05/2000,CRE,SC,ASO,ES,Federal Contract Tower,0,3,61,1,65,0,0,51,3,54,0,3,112,4,119,102,0,102,221
08/06/2000,CRE,SC,ASO,ES,Federal Contract Tower,0,3,48,1,52,0,3,46,1,50,0,6,94,2,102,60,0,60,162
08/07/2000,CRE,SC,ASO,ES,Federal Contract Tower,0,2,32,0,34,0,3,57,0,60,0,5,89,0,94,16,0,16,110
08/08/2000,CRE,SC,ASO,ES,Federal Contract Tower,0,2,29,0,31,0,4,55,0,59,0,6,84,0,90,34,0,34,124
08/09/2000,CRE,SC,ASO,ES,Federal Contract Tower,0,3,37,0,40,0,16,49,0,65,0,19,86,0,105,38,0,38,143
08/10/2000,CRE,SC,ASO,ES,Federal Contract Tower,0,3,46,1,50,0,4,38,1,43,0,7,84,2,93,38,0,38,131
08/11/2000,CRE,SC,ASO,ES,Federal Contract Tower,0,3,39,0,42,0,7,59,0,66,0,10,98,0,108,14,0,14,122
08/12/2000,CRE,SC,ASO,ES,Federal Contract Tower,0,3,49,0,52,0,1,62,0,63,0,4,111,0,115,82,0,82,197
08/13/2000,CRE,SC,ASO,ES,Federal Contract Tower,0,3,46,0,49,0,0,49,0,49,0,3,95,0,98,12,0,12,110
08/14/2000,CRE,SC,ASO,ES,Federal Contract Tower,0,3,44,1,48,0,5,62,1,68,0,8,106,2,116,24,0,24,140
08/15/2000,CRE,SC,ASO,ES,Federal Contract Tower,0,3,44,1,48,0,7,54,3,64,0,10,98,4,112,36,0,36,148
08/16/2000,CRE,SC,ASO,ES,Federal Contract Tower,0,3,45,0,48,0,1,51,0,52,0,4,96,0,100,58,0,58,158
08/17/2000,CRE,SC,ASO,ES,Federal Contract Tower,0,3,43,1,47,0,3,41,9,53,0,6,84,10,100,40,0,40,140
08/18/2000,CRE,SC,ASO,ES,Federal Contract Tower,0,3,46,0,49,0,0,48,0,48,0,3,94,0,97,58,0,58,155
08/19/2000,CRE,SC,ASO,ES,Federal Contract Tower,0,3,45,0,48,0,2,39,0,41,0,5,84,0,89,44,0,44,133
08/20/2000,CRE,SC,ASO,ES,Federal Contract Tower,0,4,59,0,63,0,2,62,0,64,0,6,121,0,127,36,0,36,163
08/21/2000,CRE,SC,ASO,ES,Federal Contract Tower,0,3,46,0,49,0,8,46,2,56,0,11,92,2,105,78,0,78,183
08/22/2000,CRE,SC,ASO,ES,Federal Contract Tower,0,2,37,0,39,0,7,47,0,54,0,9,84,0,93,28,0,28,121
08/23/2000,CRE,SC,ASO,ES,Federal Contract Tower,0,3,42,0,45,0,4,54,2,60,0,7,96,2,105,36,0,36,141
08/24/2000,CRE,SC,ASO,ES,Federal Contract Tower,0,3,44,0,47,0,5,42,4,51,0,8,86,4,98,18,0,18,116
08/25/2000,CRE,SC,ASO,ES,Federal Contract Tower,0,3,48,0,51,0,3,19,6,28,0,6,67,6,79,16,0,16,95
08/26/2000,CRE,SC,ASO,ES,Federal Contract Tower,0,1,40,0,41,0,0,64,0,64,0,1,104,0,105,36,0,36,141
08/27/2000,CRE,SC,ASO,ES,Federal Contract Tower,0,2,35,0,37,0,2,64,0,66,0,4,99,0,103,44,0,44,147
08/28/2000,CRE,SC,ASO,ES,Federal Contract Tower,0,3,38,0,41,0,2,40,0,42,0,5,78,0,83,38,0,38,121
08/29/2000,CRE,SC,ASO,ES,Federal Contract Tower,0,1,21,0,22,0,1,27,0,28,0,2,48,0,50,24,0,24,74
08/30/2000,CRE,SC,ASO,ES,Federal Contract Tower,0,2,29,0,31,0,2,25,0,27,0,4,54,0,58,6,0,6,64
08/31/2000,CRE,SC,ASO,ES,Federal Contract Tower,0,5,82,1,88,0,11,32,1,44,0,16,114,2,132,44,0,44,176
09/01/2000,CRE,SC,ASO,ES,Federal Contract Tower,0,6,70,0,76,0,5,28,1,34,0,11,98,1,110,52,0,52,162
09/02/2000,CRE,SC,ASO,ES,Federal Contract Tower,0,4,41,0,45,0,0,36,0,36,0,4,77,0,81,20,0,20,101
09/03/2000,CRE,SC,ASO,ES,Federal Contract Tower,0,1,21,0,22,0,4,33,0,37,0,5,54,0,59,24,0,24,83
09/04/2000,CRE,SC,ASO,ES,Federal Contract Tower,0,0,33,0,33,0,0,33,0,33,0,0,66,0,66,0,0,0,66
09/05/2000,CRE,SC,ASO,ES,Federal Contract Tower,0,2,31,0,33,0,4,13,0,17,0,6,44,0,50,0,0,0,50
09/06/2000,CRE,SC,ASO,ES,Federal Contract Tower,0,2,35,0,37,0,4,17,0,21,0,6,52,0,58,12,0,12,70
09/07/2000,CRE,SC,ASO,ES,Federal Contract Tower,0,4,51,0,55,0,4,31,0,35,0,8,82,0,90,14,0,14,104
09/08/2000,CRE,SC,ASO,ES,Federal Contract Tower,0,4,50,1,55,0,4,48,0,52,0,8,98,1,107,32,0,32,139
09/09/2000,CRE,SC,ASO,ES,Federal Contract Tower,0,4,52,1,57,0,0,67,1,68,0,4,119,2,125,26,0,26,151
09/10/2000,CRE,SC,ASO,ES,Federal Contract Tower,0,4,50,0,54,0,1,90,0,91,0,5,140,0,145,38,0,38,183
09/11/2000,CRE,SC,ASO,ES,Federal Contract Tower,0,3,47,0,50,0,7,47,0,54,0,10,94,0,104,8,0,8,112
09/12/2000,CRE,SC,ASO,ES,Federal Contract Tower,0,2,32,1,35,0,2,50,5,57,0,4,82,6,92,28,0,28,120
09/13/2000,CRE,SC,ASO,ES,Federal Contract Tower,0,4,50,1,55,0,3,45,4,52,0,7,95,5,107,40,0,40,147
09/14/2000,CRE,SC,ASO,ES,Federal Contract Tower,0,5,69,1,75,0,5,29,2,36,0,10,98,3,111,52,0,52,163
09/15/2000,CRE,SC,ASO,ES,Federal Contract Tower,0,5,64,0,69,0,0,39,2,41,0,5,103,2,110,16,0,16,126
09/16/2000,CRE,SC,ASO,ES,Federal Contract Tower,0,0,29,0,29,0,0,99,0,99,0,0,128,0,128,56,0,56,184
09/17/2000,CRE,SC,ASO,ES,Federal Contract Tower,0,0,52,0,52,0,0,62,0,62,0,0,114,0,114,36,0,36,150
09/18/2000,CRE,SC,ASO,ES,Federal Contract Tower,0,0,6,0,6,0,2,0,0,2,0,2,6,0,8,0,0,0,8
09/19/2000,CRE,SC,ASO,ES,Federal Contract Tower,0,6,83,0,89,0,11,14,3,28,0,17,97,3,117,62,0,62,179
09/20/2000,CRE,SC,ASO,ES,Federal Contract Tower,0,6,76,0,82,0,15,25,2,42,0,21,101,2,124,38,0,38,162
09/21/2000,CRE,SC,ASO,ES,Federal Contract Tower,0,4,51,0,55,0,1,15,1,17,0,5,66,1,72,28,0,28,100
09/22/2000,CRE,SC,ASO,ES,Federal Contract Tower,0,2,33,0,35,0,10,35,1,46,0,12,68,1,81,28,0,28,109
09/23/2000,CRE,SC,ASO,ES,Federal Contract Tower,0,2,27,0,29,0,0,16,0,16,0,2,43,0,45,10,0,10,55
09/24/2000,CRE,SC,ASO,ES,Federal Contract Tower,0,1,71,0,72,0,0,40,0,40,0,1,111,0,112,28,0,28,140
09/25/2000,CRE,SC,ASO,ES,Federal Contract Tower,0,3,45,0,48,0,1,19,0,20,0,4,64,0,68,0,0,0,68
09/26/2000,CRE,SC,ASO,ES,Federal Contract Tower,0,6,76,0,82,0,6,22,0,28,0,12,98,0,110,44,0,44,154
09/27/2000,CRE,SC,ASO,ES,Federal Contract Tower,0,4,53,0,57,0,0,35,2,37,0,4,88,2,94,36,0,36,130
09/28/2000,CRE,SC,ASO,ES,Federal Contract Tower,0,4,52,0,56,0,7,49,4,60,0,11,101,4,116,40,0,40,156
09/29/2000,CRE,SC,ASO,ES,Federal Contract Tower,0,4,58,0,62,0,2,30,0,32,0,6,88,0,94,30,0,30,124
09/30/2000,CRE,SC,ASO,ES,Federal Contract Tower,0,3,39,0,42,0,3,35,0,38,0,6,74,0,80,32,0,32,112
10/01/2000,CRE,SC,ASO,ES,Federal Contract Tower,0,2,38,0,40,0,0,34,0,34,0,2,72,0,74,0,0,0,74
10/02/2000,CRE,SC,ASO,ES,Federal Contract Tower,0,5,56,0,61,0,4,47,0,51,0,9,103,0,112,34,0,34,146
10/03/2000,CRE,SC,ASO,ES,Federal Contract Tower,0,4,48,0,52,0,3,59,0,62,0,7,107,0,114,44,0,44,158
10/04/2000,CRE,SC,ASO,ES,Federal Contract Tower,0,2,53,0,55,0,0,52,0,52,0,2,105,0,107,48,0,48,155
10/05/2000,CRE,SC,ASO,ES,Federal Contract Tower,0,4,46,0,50,0,0,39,0,39,0,4,85,0,89,46,0,46,135
10/06/2000,CRE,SC,ASO,ES,Federal Contract Tower,0,5,58,0,63,0,0,36,4,40,0,5,94,4,103,16,0,16,119
10/07/2000,CRE,SC,ASO,ES,Federal Contract Tower,0,0,47,0,47,0,0,48,0,48,0,0,95,0,95,26,0,26,121
10/08/2000,CRE,SC,ASO,ES,Federal Contract Tower,0,3,38,0,41,0,1,38,0,39,0,4,76,0,80,28,0,28,108
10/09/2000,CRE,SC,ASO,ES,Federal Contract Tower,0,3,47,0,50,0,0,40,0,40,0,3,87,0,90,20,0,20,110
10/10/2000,CRE,SC,ASO,ES,Federal Contract Tower,0,3,42,0,45,0,1,36,0,37,0,4,78,0,82,40,0,40,122
10/11/2000,CRE,SC,ASO,ES,Federal Contract Tower,0,2,31,1,34,0,4,58,5,67,0,6,89,6,101,52,0,52,153
10/12/2000,CRE,SC,ASO,ES,Federal Contract Tower,0,2,48,0,50,0,0,71,0,71,0,2,119,0,121,20,0,20,141
10/13/2000,CRE,SC,ASO,ES,Federal Contract Tower,0,3,40,0,43,0,1,79,0,80,0,4,119,0,123,28,0,28,151
10/14/2000,CRE,SC,ASO,ES,Federal Contract Tower,0,0,44,0,44,0,0,81,0,81,0,0,125,0,125,50,0,50,175
10/15/2000,CRE,SC,ASO,ES,Federal Contract Tower,0,2,32,0,34,0,6,89,0,95,0,8,121,0,129,40,0,40,169
10/16/2000,CRE,SC,ASO,ES,Federal Contract Tower,0,3,46,0,49,0,1,40,0,41,0,4,86,0,90,14,0,14,104
10/17/2000,CRE,SC,ASO,ES,Federal Contract Tower,0,4,55,1,60,0,16,41,1,58,0,20,96,2,118,54,0,54,172
10/18/2000,CRE,SC,ASO,ES,Federal Contract Tower,0,3,47,0,50,0,3,31,0,34,0,6,78,0,84,36,0,36,120
10/19/2000,CRE,SC,ASO,ES,Federal Contract Tower,0,4,58,0,62,0,18,34,0,52,0,22,92,0,114,36,0,36,150
10/20/2000,CRE,SC,ASO,ES,Federal Contract Tower,0,3,47,0,50,0,4,50,0,54,0,7,97,0,104,48,0,48,152
10/21/2000,CRE,SC,ASO,ES,Federal Contract Tower,0,2,29,0,31,0,1,99,0,100,0,3,128,0,131,46,0,46,177
10/22/2000,CRE,SC,ASO,ES,Federal Contract Tower,0,2,48,0,50,0,0,67,0,67,0,2,115,0,117,22,0,22,139
10/23/2000,CRE,SC,ASO,ES,Federal Contract Tower,0,2,30,0,32,0,2,42,0,44,0,4,72,0,76,10,0,10,86
10/24/2000,CRE,SC,ASO,ES,Federal Contract Tower,0,2,37,0,39,0,4,49,2,55,0,6,86,2,94,34,0,34,128
10/25/2000,CRE,SC,ASO,ES,Federal Contract Tower,0,3,44,0,47,0,2,55,0,57,0,5,99,0,104,30,0,30,134
10/26/2000,CRE,SC,ASO,ES,Federal Contract Tower,0,3,48,0,51,0,5,35,2,42,0,8,83,2,93,62,0,62,155
10/27/2000,CRE,SC,ASO,ES,Federal Contract Tower,0,4,51,0,55,0,2,40,2,44,0,6,91,2,99,20,0,20,119
10/28/2000,CRE,SC,ASO,ES,Federal Contract Tower,0,0,45,0,45,0,0,44,0,44,0,0,89,0,89,16,0,16,105
10/29/2000,CRE,SC,ASO,ES,Federal Contract Tower,0,3,40,0,43,0,0,82,1,83,0,3,122,1,126,10,0,10,136
10/30/2000,CRE,SC,ASO,ES,Federal Contract Tower,0,4,66,0,70,0,0,0,5,5,0,4,66,5,75,8,0,8,83
10/31/2000,CRE,SC,ASO,ES,Federal Contract Tower,0,3,45,0,48,0,4,26,2,32,0,7,71,2,80,6,0,6,86
11/01/2000,CRE,SC,ASO,ES,Federal Contract Tower,0,3,40,1,44,0,0,58,1,59,0,3,98,2,103,46,0,46,149
11/02/2000,CRE,SC,ASO,ES,Federal Contract Tower,0,3,32,0,35,0,2,48,4,54,0,5,80,4,89,10,0,10,99
11/03/2000,CRE,SC,ASO,ES,Federal Contract Tower,0,4,50,1,55,0,5,57,1,63,0,9,107,2,118,26,0,26,144
11/04/2000,CRE,SC,ASO,ES,Federal Contract Tower,0,2,32,0,34,0,0,41,2,43,0,2,73,2,77,20,0,20,97
11/05/2000,CRE,SC,ASO,ES,Federal Contract Tower,0,0,40,2,42,0,0,47,0,47,0,0,87,2,89,4,0,4,93
11/06/2000,CRE,SC,ASO,ES,Federal Contract Tower,0,3,53,0,56,0,4,41,0,45,0,7,94,0,101,2,0,2,103
11/07/2000,CRE,SC,ASO,ES,Federal Contract Tower,0,3,45,2,50,0,1,14,1,16,0,4,59,3,66,0,0,0,66
11/08/2000,CRE,SC,ASO,ES,Federal Contract Tower,0,3,50,2,55,0,2,18,0,20,0,5,68,2,75,6,0,6,81
11/09/2000,CRE,SC,ASO,ES,Federal Contract Tower,0,3,33,0,36,0,2,13,0,15,0,5,46,0,51,0,0,0,51
11/10/2000,CRE,SC,ASO,ES,Federal Contract Tower,0,3,53,0,56,0,5,45,0,50,0,8,98,0,106,18,0,18,124
11/11/2000,CRE,SC,ASO,ES,Federal Contract Tower,0,2,28,1,31,0,0,56,1,57,0,2,84,2,88,20,0,20,108
11/12/2000,CRE,SC,ASO,ES,Federal Contract Tower,0,4,55,0,59,0,3,68,0,71,0,7,123,0,130,4,0,4,134
11/13/2000,CRE,SC,ASO,ES,Federal Contract Tower,0,4,61,2,67,0,7,4,4,15,0,11,65,6,82,6,0,6,88
11/14/2000,CRE,SC,ASO,ES,Federal Contract Tower,0,2,43,2,47,0,8,18,4,30,0,10,61,6,77,8,0,8,85
11/15/2000,CRE,SC,ASO,ES,Federal Contract Tower,0,4,55,2,61,0,7,61,5,73,0,11,116,7,134,28,4,32,166
11/16/2000,CRE,SC,ASO,ES,Federal Contract Tower,0,3,46,2,51,0,3,43,1,47,0,6,89,3,98,4,0,4,102
11/17/2000,CRE,SC,ASO,ES,Federal Contract Tower,0,4,60,0,64,0,1,25,0,26,0,5,85,0,90,0,0,0,90
11/18/2000,CRE,SC,ASO,ES,Federal Contract Tower,0,2,57,2,61,0,0,52,0,52,0,2,109,2,113,0,0,0,113
11/19/2000,CRE,SC,ASO,ES,Federal Contract Tower,0,0,22,0,22,0,0,11,0,11,0,0,33,0,33,0,0,0,33
11/20/2000,CRE,SC,ASO,ES,Federal Contract Tower,0,2,37,1,40,0,4,40,3,47,0,6,77,4,87,24,0,24,111
11/21/2000,CRE,SC,ASO,ES,Federal Contract Tower,0,4,54,0,58,0,7,40,0,47,0,11,94,0,105,4,0,4,109
11/22/2000,CRE,SC,ASO,ES,Federal Contract Tower,0,4,61,0,65,0,4,50,0,54,0,8,111,0,119,8,0,8,127
11/23/2000,CRE,SC,ASO,ES,Federal Contract Tower,0,2,27,0,29,0,0,44,0,44,0,2,71,0,73,10,0,10,83
11/24/2000,CRE,SC,ASO,ES,Federal Contract Tower,0,3,52,0,55,0,2,71,0,73,0,5,123,0,128,30,0,30,158
11/25/2000,CRE,SC,ASO,ES,Federal Contract Tower,0,0,6,0,6,0,1,0,0,1,0,1,6,0,7,0,0,0,7
11/26/2000,CRE,SC,ASO,ES,Federal Contract Tower,0,4,74,0,78,0,1,45,0,46,0,5,119,0,124,0,0,0,124
11/27/2000,CRE,SC,ASO,ES,Federal Contract Tower,0,3,63,0,66,0,0,55,0,55,0,3,118,0,121,20,0,20,141
11/28/2000,CRE,SC,ASO,ES,Federal Contract Tower,0,4,54,1,59,0,2,35,12,49,0,6,89,13,108,30,4,34,142
11/29/2000,CRE,SC,ASO,ES,Federal Contract Tower,0,3,54,1,58,0,5,36,3,44,0,8,90,4,102,4,0,4,106
11/30/2000,CRE,SC,ASO,ES,Federal Contract Tower,0,3,48,0,51,0,3,52,0,55,0,6,100,0,106,38,0,38,144
12/01/2000,CRE,SC,ASO,ES,Federal Contract Tower,0,3,50,0,53,0,0,45,0,45,0,3,95,0,98,18,0,18,116
12/02/2000,CRE,SC,ASO,ES,Federal Contract Tower,0,4,49,0,53,0,2,39,0,41,0,6,88,0,94,0,0,0,94
12/03/2000,CRE,SC,ASO,ES,Federal Contract Tower,0,0,3,0,3,0,0,11,0,11,0,0,14,0,14,0,0,0,14
12/04/2000,CRE,SC,ASO,ES,Federal Contract Tower,0,3,34,0,37,0,2,48,0,50,0,5,82,0,87,18,0,18,105
12/05/2000,CRE,SC,ASO,ES,Federal Contract Tower,0,3,37,0,40,0,4,38,0,42,0,7,75,0,82,20,0,20,102
12/06/2000,CRE,SC,ASO,ES,Federal Contract Tower,0,3,66,0,69,0,0,32,0,32,0,3,98,0,101,28,0,28,129
12/07/2000,CRE,SC,ASO,ES,Federal Contract Tower,0,2,46,1,49,0,2,50,3,55,0,4,96,4,104,52,0,52,156
12/08/2000,CRE,SC,ASO,ES,Federal Contract Tower,0,2,41,0,43,0,5,57,0,62,0,7,98,0,105,12,0,12,117
12/09/2000,CRE,SC,ASO,ES,Federal Contract Tower,0,2,56,0,58,0,0,58,0,58,0,2,114,0,116,12,0,12,128
12/10/2000,CRE,SC,ASO,ES,Federal Contract Tower,0,0,26,0,26,0,0,12,0,12,0,0,38,0,38,16,0,16,54
12/11/2000,CRE,SC,ASO,ES,Federal Contract Tower,0,1,28,1,30,0,2,8,1,11,0,3,36,2,41,0,0,0,41
12/12/2000,CRE,SC,ASO,ES,Federal Contract Tower,0,3,57,1,61,0,3,39,3,45,0,6,96,4,106,28,8,36,142
12/13/2000,CRE,SC,ASO,ES,Federal Contract Tower,0,2,61,1,64,0,0,31,1,32,0,2,92,2,96,0,0,0,96
12/14/2000,CRE,SC,ASO,ES,Federal Contract Tower,0,1,22,0,23,0,7,4,0,11,0,8,26,0,34,0,0,0,34
12/15/2000,CRE,SC,ASO,ES,Federal Contract Tower,0,2,44,0,46,0,0,15,0,15,0,2,59,0,61,12,0,12,73
12/16/2000,CRE,SC,ASO,ES,Federal Contract Tower,0,0,14,0,14,0,2,8,0,10,0,2,22,0,24,0,0,0,24
12/17/2000,CRE,SC,ASO,ES,Federal Contract Tower,0,0,19,0,19,0,0,13,0,13,0,0,32,0,32,0,0,0,32
12/18/2000,CRE,SC,ASO,ES,Federal Contract Tower,0,3,55,0,58,0,3,43,0,46,0,6,98,0,104,0,0,0,104
12/19/2000,CRE,SC,ASO,ES,Federal Contract Tower,0,1,28,0,29,0,1,20,0,21,0,2,48,0,50,40,0,40,90
12/20/2000,CRE,SC,ASO,ES,Federal Contract Tower,0,3,53,0,56,0,5,45,0,50,0,8,98,0,106,0,0,0,106
12/21/2000,CRE,SC,ASO,ES,Federal Contract Tower,0,2,45,0,47,0,2,30,4,36,0,4,75,4,83,26,0,26,109
12/22/2000,CRE,SC,ASO,ES,Federal Contract Tower,0,2,41,0,43,0,0,23,0,23,0,2,64,0,66,16,0,16,82
12/23/2000,CRE,SC,ASO,ES,Federal Contract Tower,0,1,21,0,22,0,1,67,0,68,0,2,88,0,90,18,0,18,108
12/24/2000,CRE,SC,ASO,ES,Federal Contract Tower,0,0,6,0,6,0,0,33,0,33,0,0,39,0,39,20,0,20,59
12/25/2000,CRE,SC,ASO,ES,Federal Contract Tower,0,0,2,0,2,0,0,24,0,24,0,0,26,0,26,0,0,0,26
12/26/2000,CRE,SC,ASO,ES,Federal Contract Tower,0,2,50,0,52,0,1,55,0,56,0,3,105,0,108,18,0,18,126
12/27/2000,CRE,SC,ASO,ES,Federal Contract Tower,0,2,35,0,37,0,4,17,0,21,0,6,52,0,58,0,0,0,58
12/28/2000,CRE,SC,ASO,ES,Federal Contract Tower,0,1,33,0,34,0,3,13,4,20,0,4,46,4,54,18,14,32,86
12/29/2000,CRE,SC,ASO,ES,Federal Contract Tower,0,3,60,0,63,0,3,38,0,41,0,6,98,0,104,14,0,14,118
12/30/2000,CRE,SC,ASO,ES,Federal Contract Tower,0,0,12,0,12,0,1,26,0,27,0,1,38,0,39,0,0,0,39
12/31/2000,CRE,SC,ASO,ES,Federal Contract Tower,0,1,20,0,21,0,1,65,0,66,0,2,85,0,87,12,0,12,99
01/01/2001,CRE,SC,ASO,ES,Federal Contract Tower,0,2,34,0,36,0,0,44,0,44,0,2,78,0,80,4,0,4,84
01/02/2001,CRE,SC,ASO,ES,Federal Contract Tower,0,2,40,0,42,0,0,37,0,37,0,2,77,0,79,60,0,60,139
01/03/2001,CRE,SC,ASO,ES,Federal Contract Tower,0,2,47,0,49,0,0,44,0,44,0,2,91,0,93,0,0,0,93
01/04/2001,CRE,SC,ASO,ES,Federal Contract Tower,0,4,55,0,59,0,7,34,0,41,0,11,89,0,100,30,0,30,130
01/05/2001,CRE,SC,ASO,ES,Federal Contract Tower,0,2,36,1,39,0,5,36,1,42,0,7,72,2,81,22,0,22,103
01/06/2001,CRE,SC,ASO,ES,Federal Contract Tower,0,3,36,0,39,0,0,68,0,68,0,3,104,0,107,28,0,28,135
01/07/2001,CRE,SC,ASO,ES,Federal Contract Tower,0,2,37,0,39,0,0,68,0,68,0,2,105,0,107,50,0,50,157
01/08/2001,CRE,SC,ASO,ES,Federal Contract Tower,0,1,20,0,21,0,1,1,0,2,0,2,21,0,23,0,12,12,35
01/09/2001,CRE,SC,ASO,ES,Federal Contract Tower,0,3,36,1,40,0,0,25,3,28,0,3,61,4,68,10,0,10,78
01/10/2001,CRE,SC,ASO,ES,Federal Contract Tower,0,3,46,1,50,0,0,38,7,45,0,3,84,8,95,16,0,16,111
01/11/2001,CRE,SC,ASO,ES,Federal Contract Tower,0,2,50,1,53,0,0,43,1,44,0,2,93,2,97,26,0,26,123
01/12/2001,CRE,SC,ASO,ES,Federal Contract Tower,0,2,30,1,33,0,2,0,1,3,0,4,30,2,36,2,0,2,38
01/13/2001,CRE,SC,ASO,ES,Federal Contract Tower,0,2,46,1,49,0,0,70,0,70,0,2,116,1,119,14,0,14,133
01/14/2001,CRE,SC,ASO,ES,Federal Contract Tower,0,0,40,0,40,0,0,16,0,16,0,0,56,0,56,0,0,0,56
01/15/2001,CRE,SC,ASO,ES,Federal Contract Tower,0,4,61,0,65,0,1,13,0,14,0,5,74,0,79,0,0,0,79
01/16/2001,CRE,SC,ASO,ES,Federal Contract Tower,0,4,72,2,78,0,2,38,1,41,0,6,110,3,119,20,0,20,139
01/17/2001,CRE,SC,ASO,ES,Federal Contract Tower,0,3,63,0,66,0,0,16,0,16,0,3,79,0,82,38,0,38,120
01/18/2001,CRE,SC,ASO,ES,Federal Contract Tower,0,2,47,0,49,0,0,11,2,13,0,2,58,2,62,0,0,0,62
01/19/2001,CRE,SC,ASO,ES,Federal Contract Tower,0,3,43,0,46,0,10,9,0,19,0,13,52,0,65,0,0,0,65
01/20/2001,CRE,SC,ASO,ES,Federal Contract Tower,0,1,20,0,21,0,0,7,0,7,0,1,27,0,28,16,0,16,44
01/21/2001,CRE,SC,ASO,ES,Federal Contract Tower,0,0,40,0,40,0,0,61,2,63,0,0,101,2,103,10,0,10,113
01/22/2001,CRE,SC,ASO,ES,Federal Contract Tower,0,2,34,0,36,0,4,36,4,44,0,6,70,4,80,8,0,8,88
01/23/2001,CRE,SC,ASO,ES,Federal Contract Tower,0,2,39,0,41,0,0,28,1,29,0,2,67,1,70,4,0,4,74
01/24/2001,CRE,SC,ASO,ES,Federal Contract Tower,0,4,58,0,62,0,1,55,0,56,0,5,113,0,118,0,0,0,118
01/25/2001,CRE,SC,ASO,ES,Federal Contract Tower,0,2,34,0,36,0,0,24,2,26,0,2,58,2,62,12,0,12,74
01/26/2001,CRE,SC,ASO,ES,Federal Contract Tower,0,4,64,1,69,0,4,82,1,87,0,8,146,2,156,16,0,16,172
01/27/2001,CRE,SC,ASO,ES,Federal Contract Tower,0,1,24,0,25,0,1,52,0,53,0,2,76,0,78,12,0,12,90
01/28/2001,CRE,SC,ASO,ES,Federal Contract Tower,0,0,48,0,48,0,0,101,0,101,0,0,149,0,149,26,0,26,175
01/29/2001,CRE,SC,ASO,ES,Federal Contract Tower,0,4,62,0,66,0,10,19,0,29,0,14,81,0,95,6,0,6,101
01/30/2001,CRE,SC,ASO,ES,Federal Contract Tower,0,2,26,0,28,0,7,0,0,7,0,9,26,0,35,12,0,12,47
01/31/2001,CRE,SC,ASO,ES,Federal Contract Tower,0,3,46,0,49,0,10,33,4,47,0,13,79,4,96,34,0,34,130
02/01/2001,CRE,SC,ASO,ES,Federal Contract Tower,0,14,59,1,74,0,0,44,1,45,0,14,103,2,119,4,0,4,123
02/02/2001,CRE,SC,ASO,ES,Federal Contract Tower,0,6,53,1,60,0,0,31,3,34,0,6,84,4,94,14,0,14,108
02/03/2001,CRE,SC,ASO,ES,Federal Contract Tower,0,2,42,0,44,0,0,66,0,66,0,2,108,0,110,14,0,14,124
02/04/2001,CRE,SC,ASO,ES,Federal Contract Tower,0,4,26,0,30,0,0,12,0,12,0,4,38,0,42,0,0,0,42
02/05/2001,CRE,SC,ASO,ES,Federal Contract Tower,0,3,35,0,38,0,0,29,0,29,0,3,64,0,67,12,0,12,79
02/06/2001,CRE,SC,ASO,ES,Federal Contract Tower,0,11,47,0,58,0,0,65,0,65,0,11,112,0,123,0,0,0,123
02/07/2001,CRE,SC,ASO,ES,Federal Contract Tower,0,4,41,1,46,0,0,74,3,77,0,4,115,4,123,14,10,24,147
02/08/2001,CRE,SC,ASO,ES,Federal Contract Tower,0,4,49,1,54,0,0,105,6,111,0,4,154,7,165,20,0,20,185
02/09/2001,CRE,SC,ASO,ES,Federal Contract Tower,0,6,47,0,53,0,0,51,0,51,0,6,98,0,104,30,0,30,134
02/10/2001,CRE,SC,ASO,ES,Federal Contract Tower,0,0,33,0,33,0,0,45,0,45,0,0,78,0,78,8,0,8,86
02/11/2001,CRE,SC,ASO,ES,Federal Contract Tower,0,0,44,0,44,0,0,82,0,82,0,0,126,0,126,28,0,28,154
02/12/2001,CRE,SC,ASO,ES,Federal Contract Tower,0,1,6,0,7,0,1,10,0,11,0,2,16,0,18,10,0,10,28
02/13/2001,CRE,SC,ASO,ES,Federal Contract Tower,0,13,53,0,66,0,7,10,0,17,0,20,63,0,83,18,0,18,101
02/14/2001,CRE,SC,ASO,ES,Federal Contract Tower,0,6,30,1,37,0,0,8,7,15,0,6,38,8,52,12,0,12,64
02/15/2001,CRE,SC,ASO,ES,Federal Contract Tower,0,17,68,0,85,0,13,14,2,29,0,30,82,2,114,12,0,12,126
02/16/2001,CRE,SC,ASO,ES,Federal Contract Tower,0,13,55,0,68,0,5,29,1,35,0,18,84,1,103,30,0,30,133
02/17/2001,CRE,SC,ASO,ES,Federal Contract Tower,0,2,42,0,44,0,0,45,0,45,0,2,87,0,89,12,0,12,101
02/18/2001,CRE,SC,ASO,ES,Federal Contract Tower,0,0,37,0,37,0,0,104,4,108,0,0,141,4,145,16,0,16,161
02/19/2001,CRE,SC,ASO,ES,Federal Contract Tower,0,2,79,0,81,0,0,90,0,90,0,2,169,0,171,18,0,18,189
02/20/2001,CRE,SC,ASO,ES,Federal Contract Tower,0,4,25,0,29,0,0,52,2,54,0,4,77,2,83,34,8,42,125
02/21/2001,CRE,SC,ASO,ES,Federal Contract Tower,0,4,30,0,34,0,0,39,2,41,0,4,69,2,75,4,0,4,79
02/22/2001,CRE,SC,ASO,ES,Federal Contract Tower,0,2,11,0,13,0,0,0,0,0,0,2,11,0,13,4,0,4,17
02/23/2001,CRE,SC,ASO,ES,Federal Contract Tower,0,8,43,0,51,0,0,45,0,45,0,8,88,0,96,14,0,14,110
02/24/2001,CRE,SC,ASO,ES,Federal Contract Tower,0,2,36,0,38,0,0,73,0,73,0,2,109,0,111,10,0,10,121
02/25/2001,CRE,SC,ASO,ES,Federal Contract Tower,0,0,16,0,16,0,0,16,0,16,0,0,32,0,32,6,0,6,38
02/26/2001,CRE,SC,ASO,ES,Federal Contract Tower,0,14,57,0,71,0,14,55,0,69,0,28,112,0,140,36,0,36,176
02/27/2001,CRE,SC,ASO,ES,Federal Contract Tower,0,13,52,0,65,0,9,64,0,73,0,22,116,0,138,30,0,30,168
02/28/2001,CRE,SC,ASO,ES,Federal Contract Tower,0,8,32,0,40,0,6,20,2,28,0,14,52,2,68,8,0,8,76
03/01/2001,CRE,SC,ASO,ES,Federal Contract Tower,0,1,40,0,41,0,3,36,0,39,0,4,76,0,80,34,0,34,114
03/02/2001,CRE,SC,ASO,ES,Federal Contract Tower,0,2,45,0,47,0,2,37,0,39,0,4,82,0,86,12,0,12,98
03/03/2001,CRE,SC,ASO,ES,Federal Contract Tower,0,0,16,0,16,0,0,12,0,12,0,0,28,0,28,10,0,10,38
03/04/2001,CRE,SC,ASO,ES,Federal Contract Tower,0,0,14,0,14,0,0,14,0,14,0,0,28,0,28,10,0,10,38
03/05/2001,CRE,SC,ASO,ES,Federal Contract Tower,0,0,20,0,20,0,0,54,0,54,0,0,74,0,74,22,0,22,96
03/06/2001,CRE,SC,ASO,ES,Federal Contract Tower,0,0,8,1,9,0,2,36,1,39,0,2,44,2,48,2,0,2,50
03/07/2001,CRE,SC,ASO,ES,Federal Contract Tower,0,3,41,1,45,0,1,50,1,52,0,4,91,2,97,40,0,40,137
03/08/2001,CRE,SC,ASO,ES,Federal Contract Tower,0,3,43,0,46,0,4,71,0,75,0,7,114,0,121,16,0,16,137
03/09/2001,CRE,SC,ASO,ES,Federal Contract Tower,0,2,43,1,46,0,0,40,1,41,0,2,83,2,87,12,0,12,99
03/10/2001,CRE,SC,ASO,ES,Federal Contract Tower,0,2,39,0,41,0,0,112,0,112,0,2,151,0,153,2,0,2,155
03/11/2001,CRE,SC,ASO,ES,Federal Contract Tower,0,1,61,0,62,0,0,129,0,129,0,1,190,0,191,32,0,32,223
03/12/2001,CRE,SC,ASO,ES,Federal Contract Tower,0,3,43,0,46,0,3,19,0,22,0,6,62,0,68,0,0,0,68
03/13/2001,CRE,SC,ASO,ES,Federal Contract Tower,0,3,45,0,48,0,1,27,0,28,0,4,72,0,76,4,0,4,80
03/14/2001,CRE,SC,ASO,ES,Federal Contract Tower,0,4,66,2,72,0,1,64,0,65,0,5,130,2,137,24,0,24,161
03/15/2001,CRE,SC,ASO,ES,Federal Contract Tower,0,2,29,0,31,0,3,9,0,12,0,5,38,0,43,4,0,4,47
03/16/2001,CRE,SC,ASO,ES,Federal Contract Tower,0,4,67,0,71,0,4,20,0,24,0,8,87,0,95,18,0,18,113
03/17/2001,CRE,SC,ASO,ES,Federal Contract Tower,0,2,43,1,46,0,0,67,0,67,0,2,110,1,113,42,0,42,155
03/18/2001,CRE,SC,ASO,ES,Federal Contract Tower,0,3,45,0,48,0,0,96,3,99,0,3,141,3,147,16,0,16,163
03/19/2001,CRE,SC,ASO,ES,Federal Contract Tower,0,2,45,0,47,0,0,51,0,51,0,2,96,0,98,2,0,2,100
03/20/2001,CRE,SC,ASO,ES,Federal Contract Tower,0,0,17,0,17,0,2,8,0,10,0,2,25,0,27,0,0,0,27
03/21/2001,CRE,SC,ASO,ES,Federal Contract Tower,0,3,42,0,45,0,9,0,12,21,0,12,42,12,66,0,0,0,66
03/22/2001,CRE,SC,ASO,ES,Federal Contract Tower,0,3,52,0,55,0,6,51,2,59,0,9,103,2,114,30,0,30,144
03/23/2001,CRE,SC,ASO,ES,Federal Contract Tower,0,4,72,1,77,0,5,92,1,98,0,9,164,2,175,24,0,24,199
03/24/2001,CRE,SC,ASO,ES,Federal Contract Tower,0,2,29,0,31,0,1,57,0,58,0,3,86,0,89,0,0,0,89
03/25/2001,CRE,SC,ASO,ES,Federal Contract Tower,0,0,62,0,62,0,0,30,0,30,0,0,92,0,92,0,0,0,92
03/26/2001,CRE,SC,ASO,ES,Federal Contract Tower,0,2,38,0,40,0,1,40,2,43,0,3,78,2,83,32,0,32,115
03/27/2001,CRE,SC,ASO,ES,Federal Contract Tower,0,2,31,0,33,0,0,59,0,59,0,2,90,0,92,16,0,16,108
03/28/2001,CRE,SC,ASO,ES,Federal Contract Tower,0,4,58,0,62,0,2,62,2,66,0,6,120,2,128,28,0,28,156
03/29/2001,CRE,SC,ASO,ES,Federal Contract Tower,0,2,32,0,34,0,0,10,0,10,0,2,42,0,44,0,0,0,44
03/30/2001,CRE,SC,ASO,ES,Federal Contract Tower,0,3,44,0,47,0,1,34,2,37,0,4,78,2,84,20,0,20,104
03/31/2001,CRE,SC,ASO,ES,Federal Contract Tower,0,0,47,0,47,0,0,27,2,29,0,0,74,2,76,2,0,2,78
04/01/2001,CRE,SC,ASO,ES,Federal Contract Tower,0,1,24,0,25,0,0,25,0,25,0,1,49,0,50,24,0,24,74
04/02/2001,CRE,SC,ASO,ES,Federal Contract Tower,0,1,31,0,32,0,3,53,0,56,0,4,84,0,88,10,0,10,98
04/03/2001,CRE,SC,ASO,ES,Federal Contract Tower,0,1,44,0,45,0,2,30,0,32,0,3,74,0,77,50,0,50,127
04/04/2001,CRE,SC,ASO,ES,Federal Contract Tower,0,11,16,2,29,0,0,48,4,52,0,11,64,6,81,46,0,46,127
04/05/2001,CRE,SC,ASO,ES,Federal Contract Tower,0,1,45,0,46,0,3,80,11,94,0,4,125,11,140,14,0,14,154
04/06/2001,CRE,SC,ASO,ES,Federal Contract Tower,0,1,79,6,86,0,2,89,0,91,0,3,168,6,177,10,6,16,193
04/07/2001,CRE,SC,ASO,ES,Federal Contract Tower,0,1,61,0,62,0,0,111,0,111,0,1,172,0,173,24,0,24,197
04/08/2001,CRE,SC,ASO,ES,Federal Contract Tower,0,0,58,0,58,0,0,115,0,115,0,0,173,0,173,2,0,2,175
04/09/2001,CRE,SC,ASO,ES,Federal Contract Tower,0,1,46,0,47,0,7,90,0,97,0,8,136,0,144,28,0,28,172
04/10/2001,CRE,SC,ASO,ES,Federal Contract Tower,0,1,64,0,65,0,3,88,0,91,0,4,152,0,156,8,0,8,164
04/11/2001,CRE,SC,ASO,ES,Federal Contract Tower,0,1,79,0,80,0,6,100,0,106,0,7,179,0,186,22,0,22,208
04/12/2001,CRE,SC,ASO,ES,Federal Contract Tower,0,1,75,0,76,0,2,91,2,95,0,3,166,2,171,12,0,12,183
04/13/2001,CRE,SC,ASO,ES,Federal Contract Tower,0,0,41,0,41,0,0,70,0,70,0,0,111,0,111,20,0,20,131
04/14/2001,CRE,SC,ASO,ES,Federal Contract Tower,0,1,49,0,50,0,5,127,0,132,0,6,176,0,182,0,0,0,182
04/15/2001,CRE,SC,ASO,ES,Federal Contract Tower,0,0,37,0,37,0,0,50,0,50,0,0,87,0,87,22,0,22,109
04/16/2001,CRE,SC,ASO,ES,Federal Contract Tower,0,1,56,0,57,0,1,84,0,85,0,2,140,0,142,42,0,42,184
04/17/2001,CRE,SC,ASO,ES,Federal Contract Tower,0,1,43,0,44,0,2,66,2,70,0,3,109,2,114,38,0,38,152
04/18/2001,CRE,SC,ASO,ES,Federal Contract Tower,0,1,46,6,53,0,4,67,0,71,0,5,113,6,124,30,0,30,154
04/19/2001,CRE,SC,ASO,ES,Federal Contract Tower,0,1,48,0,49,0,6,91,2,99,0,7,139,2,148,18,6,24,172
04/20/2001,CRE,SC,ASO,ES,Federal Contract Tower,0,1,55,0,56,0,2,75,0,77,0,3,130,0,133,22,0,22,155
04/21/2001,CRE,SC,ASO,ES,Federal Contract Tower,0,1,25,0,26,0,0,95,0,95,0,1,120,0,121,18,0,18,139
04/22/2001,CRE,SC,ASO,ES,Federal Contract Tower,0,0,45,0,45,0,0,134,2,136,0,0,179,2,181,14,0,14,195
04/23/2001,CRE,SC,ASO,ES,Federal Contract Tower,0,1,40,0,41,0,2,57,0,59,0,3,97,0,100,36,0,36,136
04/24/2001,CRE,SC,ASO,ES,Federal Contract Tower,0,1,41,0,42,0,5,33,7,45,0,6,74,7,87,34,0,34,121
04/25/2001,CRE,SC,ASO,ES,Federal Contract Tower,0,12,22,0,34,0,0,22,0,22,0,12,44,0,56,0,0,0,56
04/26/2001,CRE,SC,ASO,ES,Federal Contract Tower,0,0,51,0,51,0,6,72,3,81,0,6,123,3,132,12,0,12,144
04/27/2001,CRE,SC,ASO,ES,Federal Contract Tower,0,0,46,0,46,0,4,107,0,111,0,4,153,0,157,14,0,14,171
04/28/2001,CRE,SC,ASO,ES,Federal Contract Tower,0,0,30,0,30,0,0,118,0,118,0,0,148,0,148,12,0,12,160
04/29/2001,CRE,SC,ASO,ES,Federal Contract Tower,0,0,64,0,64,0,2,108,0,110,0,2,172,0,174,64,0,64,238
04/30/2001,CRE,SC,ASO,ES,Federal Contract Tower,0,0,43,0,43,0,3,50,0,53,0,3,93,0,96,16,0,16,112
05/01/2001,CRE,SC,ASO,ES,Federal Contract Tower,0,1,52,0,53,0,1,53,0,54,0,2,105,0,107,48,0,48,155
05/02/2001,CRE,SC,ASO,ES,Federal Contract Tower,0,2,72,1,75,0,7,54,1,62,0,9,126,2,137,0,0,0,137
05/03/2001,CRE,SC,ASO,ES,Federal Contract Tower,0,1,40,0,41,0,5,48,0,53,0,6,88,0,94,48,0,48,142
05/04/2001,CRE,SC,ASO,ES,Federal Contract Tower,0,6,53,0,59,0,1,55,0,56,0,7,108,0,115,36,0,36,151
05/05/2001,CRE,SC,ASO,ES,Federal Contract Tower,0,2,42,0,44,0,1,64,0,65,0,3,106,0,109,74,0,74,183
05/06/2001,CRE,SC,ASO,ES,Federal Contract Tower,0,3,69,0,72,0,2,52,1,55,0,5,121,1,127,48,0,48,175
05/07/2001,CRE,SC,ASO,ES,Federal Contract Tower,0,1,31,0,32,0,1,31,0,32,0,2,62,0,64,28,0,28,92
05/08/2001,CRE,SC,ASO,ES,Federal Contract Tower,0,1,42,0,43,0,3,78,0,81,0,4,120,0,124,34,0,34,158
05/09/2001,CRE,SC,ASO,ES,Federal Contract Tower,0,2,42,0,44,0,8,43,0,51,0,10,85,0,95,16,0,16,111
05/10/2001,CRE,SC,ASO,ES,Federal Contract Tower,0,3,56,4,63,0,1,38,0,39,0,4,94,4,102,44,0,44,146
05/11/2001,CRE,SC,ASO,ES,Federal Contract Tower,0,3,46,0,49,0,3,47,0,50,0,6,93,0,99,28,0,28,127
05/12/2001,CRE,SC,ASO,ES,Federal Contract Tower,0,2,22,0,24,0,2,56,0,58,0,4,78,0,82,40,0,40,122
05/13/2001,CRE,SC,ASO,ES,Federal Contract Tower,0,0,37,0,37,0,2,92,0,94,0,2,129,0,131,28,0,28,159
05/14/2001,CRE,SC,ASO,ES,Federal Contract Tower,0,2,27,0,29,0,0,32,0,32,0,2,59,0,61,92,0,92,153
05/15/2001,CRE,SC,ASO,ES,Federal Contract Tower,0,5,46,1,52,0,7,54,1,62,0,12,100,2,114,49,0,49,163
05/16/2001,CRE,SC,ASO,ES,Federal Contract Tower,0,1,51,0,52,0,1,43,0,44,0,2,94,0,96,39,0,39,135
05/17/2001,CRE,SC,ASO,ES,Federal Contract Tower,0,5,54,0,59,0,4,10,0,14,0,9,64,0,73,17,0,17,90
05/18/2001,CRE,SC,ASO,ES,Federal Contract Tower,0,3,68,0,71,0,0,11,5,16,0,3,79,5,87,8,0,8,95
05/19/2001,CRE,SC,ASO,ES,Federal Contract Tower,0,0,54,0,54,0,6,70,0,76,0,6,124,0,130,47,0,47,177
05/20/2001,CRE,SC,ASO,ES,Federal Contract Tower,0,0,62,1,63,0,0,56,0,56,0,0,118,1,119,10,0,10,129
05/21/2001,CRE,SC,ASO,ES,Federal Contract Tower,0,0,0,0,0,0,0,0,0,0,0,0,0,0,0,0,0,0,0
05/22/2001,CRE,SC,ASO,ES,Federal Contract Tower,0,1,21,0,22,0,4,5,0,9,0,5,26,0,31,6,0,6,37
05/23/2001,CRE,SC,ASO,ES,Federal Contract Tower,0,3,51,0,54,0,2,41,0,43,0,5,92,0,97,30,0,30,127
05/24/2001,CRE,SC,ASO,ES,Federal Contract Tower,0,1,46,0,47,0,4,57,3,64,0,5,103,3,111,44,0,44,155
05/25/2001,CRE,SC,ASO,ES,Federal Contract Tower,0,4,41,0,45,0,6,48,1,55,0,10,89,1,100,52,0,52,152
05/26/2001,CRE,SC,ASO,ES,Federal Contract Tower,0,0,34,0,34,0,4,33,0,37,0,4,67,0,71,144,0,144,215
05/27/2001,CRE,SC,ASO,ES,Federal Contract Tower,0,1,32,0,33,0,1,40,0,41,0,2,72,0,74,60,0,60,134
05/28/2001,CRE,SC,ASO,ES,Federal Contract Tower,0,2,67,0,69,0,0,18,0,18,0,2,85,0,87,46,0,46,133
05/29/2001,CRE,SC,ASO,ES,Federal Contract Tower,0,1,27,2,30,0,1,2,0,3,0,2,29,2,33,2,0,2,35
05/30/2001,CRE,SC,ASO,ES,Federal Contract Tower,0,5,59,0,64,0,4,33,2,39,0,9,92,2,103,72,0,72,175
05/31/2001,CRE,SC,ASO,ES,Federal Contract Tower,0,2,60,2,64,0,2,27,6,35,0,4,87,8,99,28,0,28,127
06/01/2001,CRE,SC,ASO,ES,Federal Contract Tower,0,2,49,0,51,0,0,5,0,5,0,2,54,0,56,40,0,40,96
06/02/2001,CRE,SC,ASO,ES,Federal Contract Tower,0,0,54,0,54,0,1,49,0,50,0,1,103,0,104,134,0,134,238
06/03/2001,CRE,SC,ASO,ES,Federal Contract Tower,0,0,54,0,54,0,0,61,0,61,0,0,115,0,115,70,0,70,185
06/04/2001,CRE,SC,ASO,ES,Federal Contract Tower,0,2,50,2,54,0,1,32,2,35,0,3,82,4,89,46,0,46,135
06/05/2001,CRE,SC,ASO,ES,Federal Contract Tower,0,2,63,3,68,0,10,48,1,59,0,12,111,4,127,90,0,90,217
06/06/2001,CRE,SC,ASO,ES,Federal Contract Tower,0,3,63,0,66,0,2,45,2,49,0,5,108,2,115,94,0,94,209
06/07/2001,CRE,SC,ASO,ES,Federal Contract Tower,0,3,55,0,58,0,4,58,2,64,0,7,113,2,122,112,0,112,234
06/08/2001,CRE,SC,ASO,ES,Federal Contract Tower,0,2,60,0,62,0,2,37,0,39,0,4,97,0,101,82,0,82,183
06/09/2001,CRE,SC,ASO,ES,Federal Contract Tower,0,1,58,0,59,0,0,48,0,48,0,1,106,0,107,134,0,134,241
06/10/2001,CRE,SC,ASO,ES,Federal Contract Tower,0,1,61,0,62,0,0,75,0,75,0,1,136,0,137,142,0,142,279
06/11/2001,CRE,SC,ASO,ES,Federal Contract Tower,0,1,67,2,70,0,1,31,0,32,0,2,98,2,102,130,0,130,232
06/12/2001,CRE,SC,ASO,ES,Federal Contract Tower,0,3,37,0,40,0,1,15,0,16,0,4,52,0,56,90,0,90,146
06/13/2001,CRE,SC,ASO,ES,Federal Contract Tower,0,2,21,0,23,0,1,6,2,9,0,3,27,2,32,30,0,30,62
06/14/2001,CRE,SC,ASO,ES,Federal Contract Tower,0,2,44,0,46,0,0,11,0,11,0,2,55,0,57,78,0,78,135
06/15/2001,CRE,SC,ASO,ES,Federal Contract Tower,0,4,49,0,53,0,1,79,0,80,0,5,128,0,133,142,0,142,275
06/16/2001,CRE,SC,ASO,ES,Federal Contract Tower,0,1,51,0,52,0,0,55,0,55,0,1,106,0,107,154,0,154,261
06/17/2001,CRE,SC,ASO,ES,Federal Contract Tower,0,0,72,0,72,0,2,101,0,103,0,2,173,0,175,126,0,126,301
06/18/2001,CRE,SC,ASO,ES,Federal Contract Tower,0,3,44,0,47,0,5,33,2,40,0,8,77,2,87,132,8,140,227
06/19/2001,CRE,SC,ASO,ES,Federal Contract Tower,0,3,59,1,63,0,7,37,2,46,0,10,96,3,109,106,2,108,217
06/20/2001,CRE,SC,ASO,ES,Federal Contract Tower,0,2,54,2,58,0,6,38,2,46,0,8,92,4,104,130,0,130,234
06/21/2001,CRE,SC,ASO,ES,Federal Contract Tower,0,1,83,1,85,0,7,80,3,90,0,8,163,4,175,192,0,192,367
06/22/2001,CRE,SC,ASO,ES,Federal Contract Tower,0,4,59,0,63,0,0,25,0,25,0,4,84,0,88,204,0,204,292
06/23/2001,CRE,SC,ASO,ES,Federal Contract Tower,0,2,66,0,68,0,0,53,0,53,0,2,119,0,121,174,0,174,295
06/24/2001,CRE,SC,ASO,ES,Federal Contract Tower,0,0,66,0,66,0,1,66,0,67,0,1,132,0,133,210,0,210,343
06/25/2001,CRE,SC,ASO,ES,Federal Contract Tower,0,4,71,0,75,0,0,14,0,14,0,4,85,0,89,110,0,110,199
06/26/2001,CRE,SC,ASO,ES,Federal Contract Tower,0,2,68,0,70,0,3,34,0,37,0,5,102,0,107,210,0,210,317
06/27/2001,CRE,SC,ASO,ES,Federal Contract Tower,0,2,73,0,75,0,5,53,0,58,0,7,126,0,133,188,0,188,321
06/28/2001,CRE,SC,ASO,ES,Federal Contract Tower,0,6,75,0,81,0,10,56,8,74,0,16,131,8,155,138,0,138,293
06/29/2001,CRE,SC,ASO,ES,Federal Contract Tower,0,4,93,0,97,0,3,69,0,72,0,7,162,0,169,154,0,154,323
06/30/2001,CRE,SC,ASO,ES,Federal Contract Tower,0,0,57,0,57,0,2,91,0,93,0,2,148,0,150,178,0,178,328
07/01/2001,CRE,SC,ASO,ES,Federal Contract Tower,0,0,18,0,18,0,0,75,0,75,0,0,93,0,93,94,0,94,187
07/02/2001,CRE,SC,ASO,ES,Federal Contract Tower,0,4,45,0,49,0,5,37,8,50,0,9,82,8,99,102,0,102,201
07/03/2001,CRE,SC,ASO,ES,Federal Contract Tower,0,3,60,0,63,0,2,12,0,14,0,5,72,0,77,38,0,38,115
07/04/2001,CRE,SC,ASO,ES,Federal Contract Tower,0,0,39,0,39,0,0,55,0,55,0,0,94,0,94,234,0,234,328
07/05/2001,CRE,SC,ASO,ES,Federal Contract Tower,0,4,64,0,68,0,10,68,0,78,0,14,132,0,146,152,0,152,298
07/06/2001,CRE,SC,ASO,ES,Federal Contract Tower,0,2,46,5,53,0,2,65,0,67,0,4,111,5,120,130,0,130,250
07/07/2001,CRE,SC,ASO,ES,Federal Contract Tower,0,0,44,0,44,0,5,101,0,106,0,5,145,0,150,172,0,172,322
07/08/2001,CRE,SC,ASO,ES,Federal Contract Tower,0,0,54,0,54,0,0,79,0,79,0,0,133,0,133,170,0,170,303
07/09/2001,CRE,SC,ASO,ES,Federal Contract Tower,0,1,50,0,51,0,3,14,0,17,0,4,64,0,68,246,0,246,314
07/10/2001,CRE,SC,ASO,ES,Federal Contract Tower,0,8,38,0,46,0,2,46,0,48,0,10,84,0,94,134,0,134,228
07/11/2001,CRE,SC,ASO,ES,Federal Contract Tower,0,4,51,0,55,0,0,77,0,77,0,4,128,0,132,152,0,152,284
07/12/2001,CRE,SC,ASO,ES,Federal Contract Tower,0,4,62,0,66,0,3,41,2,46,0,7,103,2,112,108,0,108,220
07/13/2001,CRE,SC,ASO,ES,Federal Contract Tower,0,4,50,0,54,0,2,38,0,40,0,6,88,0,94,120,0,120,214
07/14/2001,CRE,SC,ASO,ES,Federal Contract Tower,0,0,62,0,62,0,4,97,0,101,0,4,159,0,163,198,0,198,361
07/15/2001,CRE,SC,ASO,ES,Federal Contract Tower,0,1,44,0,45,0,4,120,2,126,0,5,164,2,171,214,0,214,385
07/16/2001,CRE,SC,ASO,ES,Federal Contract Tower,0,12,49,3,64,0,5,37,3,45,0,17,86,6,109,122,0,122,231
07/17/2001,CRE,SC,ASO,ES,Federal Contract Tower,0,11,37,0,48,0,8,69,0,77,0,19,106,0,125,128,0,128,253
07/18/2001,CRE,SC,ASO,ES,Federal Contract Tower,0,23,38,2,63,0,0,58,0,58,0,23,96,2,121,154,0,154,275
07/19/2001,CRE,SC,ASO,ES,Federal Contract Tower,0,19,58,2,79,0,0,67,4,71,0,19,125,6,150,92,10,102,252
07/20/2001,CRE,SC,ASO,ES,Federal Contract Tower,0,10,64,0,74,0,3,49,2,54,0,13,113,2,128,122,0,122,250
07/21/2001,CRE,SC,ASO,ES,Federal Contract Tower,0,2,70,0,72,0,6,80,2,88,0,8,150,2,160,152,0,152,312
07/22/2001,CRE,SC,ASO,ES,Federal Contract Tower,0,0,54,0,54,0,4,90,0,94,0,4,144,0,148,106,0,106,254
07/23/2001,CRE,SC,ASO,ES,Federal Contract Tower,0,2,33,0,35,0,0,7,0,7,0,2,40,0,42,88,0,88,130
07/24/2001,CRE,SC,ASO,ES,Federal Contract Tower,0,5,43,0,48,0,1,10,1,12,0,6,53,1,60,122,0,122,182
07/25/2001,CRE,SC,ASO,ES,Federal Contract Tower,0,3,44,0,47,0,7,42,2,51,0,10,86,2,98,138,0,138,236
07/26/2001,CRE,SC,ASO,ES,Federal Contract Tower,0,2,39,0,41,0,7,31,0,38,0,9,70,0,79,140,0,140,219
07/27/2001,CRE,SC,ASO,ES,Federal Contract Tower,0,6,54,0,60,0,1,68,0,69,0,7,122,0,129,162,0,162,291
07/28/2001,CRE,SC,ASO,ES,Federal Contract Tower,0,1,62,0,63,0,0,36,0,36,0,1,98,0,99,140,0,140,239
07/29/2001,CRE,SC,ASO,ES,Federal Contract Tower,0,1,39,0,40,0,4,48,4,56,0,5,87,4,96,184,0,184,280
07/30/2001,CRE,SC,ASO,ES,Federal Contract Tower,0,3,47,2,52,0,6,18,2,26,0,9,65,4,78,74,0,74,152
07/31/2001,CRE,SC,ASO,ES,Federal Contract Tower,0,4,50,0,54,0,2,53,0,55,0,6,103,0,109,124,0,124,233
08/01/2001,CRE,SC,ASO,ES,Federal Contract Tower,0,2,55,0,57,0,6,67,12,85,0,8,122,12,142,140,0,140,282
08/02/2001,CRE,SC,ASO,ES,Federal Contract Tower,0,2,50,0,52,0,3,54,0,57,0,5,104,0,109,144,0,144,253
08/03/2001,CRE,SC,ASO,ES,Federal Contract Tower,0,4,49,0,53,0,6,67,0,73,0,10,116,0,126,148,0,148,274
08/04/2001,CRE,SC,ASO,ES,Federal Contract Tower,0,2,61,0,63,0,3,63,0,66,0,5,124,0,129,230,0,230,359
08/05/2001,CRE,SC,ASO,ES,Federal Contract Tower,0,1,41,0,42,0,0,49,4,53,0,1,90,4,95,162,0,162,257
08/06/2001,CRE,SC,ASO,ES,Federal Contract Tower,0,2,38,0,40,0,3,4,2,9,0,5,42,2,49,124,0,124,173
08/07/2001,CRE,SC,ASO,ES,Federal Contract Tower,0,3,43,0,46,0,7,24,2,33,0,10,67,2,79,136,0,136,215
08/08/2001,CRE,SC,ASO,ES,Federal Contract Tower,0,1,45,2,48,0,8,44,0,52,0,9,89,2,100,146,0,146,246
08/09/2001,CRE,SC,ASO,ES,Federal Contract Tower,0,1,35,1,37,0,6,22,1,29,0,7,57,2,66,132,0,132,198
08/10/2001,CRE,SC,ASO,ES,Federal Contract Tower,0,4,49,2,55,0,5,34,0,39,0,9,83,2,94,152,0,152,246
08/11/2001,CRE,SC,ASO,ES,Federal Contract Tower,0,2,42,0,44,0,0,50,0,50,0,2,92,0,94,202,0,202,296
08/12/2001,CRE,SC,ASO,ES,Federal Contract Tower,0,4,35,0,39,0,7,45,12,64,0,11,80,12,103,128,0,128,231
08/13/2001,CRE,SC,ASO,ES,Federal Contract Tower,0,3,36,0,39,0,0,29,4,33,0,3,65,4,72,76,0,76,148
08/14/2001,CRE,SC,ASO,ES,Federal Contract Tower,0,4,31,0,35,0,0,4,0,4,0,4,35,0,39,82,0,82,121
08/15/2001,CRE,SC,ASO,ES,Federal Contract Tower,0,1,64,0,65,0,6,46,1,53,0,7,110,1,118,164,0,164,282
08/16/2001,CRE,SC,ASO,ES,Federal Contract Tower,0,2,46,0,48,0,2,44,2,48,0,4,90,2,96,138,0,138,234
08/17/2001,CRE,SC,ASO,ES,Federal Contract Tower,0,2,53,0,55,0,4,40,0,44,0,6,93,0,99,136,0,136,235
08/18/2001,CRE,SC,ASO,ES,Federal Contract Tower,0,3,37,0,40,0,0,22,2,24,0,3,59,2,64,48,0,48,112
08/19/2001,CRE,SC,ASO,ES,Federal Contract Tower,0,0,41,0,41,0,0,25,0,25,0,0,66,0,66,164,10,174,240
08/20/2001,CRE,SC,ASO,ES,Federal Contract Tower,0,1,34,0,35,0,6,23,2,31,0,7,57,2,66,76,0,76,142
08/21/2001,CRE,SC,ASO,ES,Federal Contract Tower,0,1,59,1,61,0,1,28,1,30,0,2,87,2,91,140,0,140,231
08/22/2001,CRE,SC,ASO,ES,Federal Contract Tower,0,2,51,3,56,0,9,64,1,74,0,11,115,4,130,148,0,148,278
08/23/2001,CRE,SC,ASO,ES,Federal Contract Tower,0,3,43,0,46,0,0,49,2,51,0,3,92,2,97,114,0,114,211
08/24/2001,CRE,SC,ASO,ES,Federal Contract Tower,0,1,53,0,54,0,3,22,0,25,0,4,75,0,79,144,0,144,223
08/25/2001,CRE,SC,ASO,ES,Federal Contract Tower,0,0,57,0,57,0,0,48,1,49,0,0,105,1,106,134,0,134,240
08/26/2001,CRE,SC,ASO,ES,Federal Contract Tower,0,0,42,0,42,0,0,65,0,65,0,0,107,0,107,96,0,96,203
08/27/2001,CRE,SC,ASO,ES,Federal Contract Tower,0,2,51,0,53,0,3,26,0,29,0,5,77,0,82,120,0,120,202
08/28/2001,CRE,SC,ASO,ES,Federal Contract Tower,0,1,46,2,49,0,2,22,0,24,0,3,68,2,73,132,0,132,205
08/29/2001,CRE,SC,ASO,ES,Federal Contract Tower,0,4,32,0,36,0,4,31,2,37,0,8,63,2,73,34,0,34,107
08/30/2001,CRE,SC,ASO,ES,Federal Contract Tower,0,2,30,0,32,0,1,26,2,29,0,3,56,2,61,134,0,134,195
08/31/2001,CRE,SC,ASO,ES,Federal Contract Tower,0,8,44,0,52,0,0,33,0,33,0,8,77,0,85,164,0,164,249
09/01/2001,CRE,SC,ASO,ES,Federal Contract Tower,0,0,49,0,49,0,2,35,1,38,0,2,84,1,87,146,0,146,233
09/02/2001,CRE,SC,ASO,ES,Federal Contract Tower,0,0,43,0,43,0,0,30,0,30,0,0,73,0,73,86,0,86,159
09/03/2001,CRE,SC,ASO,ES,Federal Contract Tower,0,2,71,0,73,0,0,6,0,6,0,2,77,0,79,4,0,4,83
09/04/2001,CRE,SC,ASO,ES,Federal Contract Tower,0,5,52,0,57,0,0,15,2,17,0,5,67,2,74,26,0,26,100
09/05/2001,CRE,SC,ASO,ES,Federal Contract Tower,0,2,50,0,52,0,1,20,0,21,0,3,70,0,73,38,0,38,111
09/06/2001,CRE,SC,ASO,ES,Federal Contract Tower,0,2,71,0,73,0,2,57,4,63,0,4,128,4,136,78,0,78,214
09/07/2001,CRE,SC,ASO,ES,Federal Contract Tower,0,2,50,0,52,0,4,68,0,72,0,6,118,0,124,40,0,40,164
09/08/2001,CRE,SC,ASO,ES,Federal Contract Tower,0,0,43,0,43,0,4,70,2,76,0,4,113,2,119,112,0,112,231
09/09/2001,CRE,SC,ASO,ES,Federal Contract Tower,0,0,60,1,61,0,0,35,1,36,0,0,95,2,97,32,0,32,129
09/10/2001,CRE,SC,ASO,ES,Federal Contract Tower,0,1,59,0,60,0,3,9,0,12,0,4,68,0,72,32,0,32,104
09/11/2001,CRE,SC,ASO,ES,Federal Contract Tower,0,0,4,2,6,0,0,2,0,2,0,0,6,2,8,0,10,10,18
09/12/2001,CRE,SC,ASO,ES,Federal Contract Tower,0,2,0,0,2,0,0,0,0,0,0,2,0,0,2,0,0,0,2
09/13/2001,CRE,SC,ASO,ES,Federal Contract Tower,0,6,1,0,7,0,0,0,0,0,0,6,1,0,7,0,0,0,7
09/14/2001,CRE,SC,ASO,ES,Federal Contract Tower,0,4,5,0,9,0,0,0,2,2,0,4,5,2,11,0,0,0,11
09/15/2001,CRE,SC,ASO,ES,Federal Contract Tower,0,4,27,0,31,0,0,0,0,0,0,4,27,0,31,0,0,0,31
09/16/2001,CRE,SC,ASO,ES,Federal Contract Tower,0,0,47,2,49,0,0,0,0,0,0,0,47,2,49,0,0,0,49
09/17/2001,CRE,SC,ASO,ES,Federal Contract Tower,0,4,36,0,40,0,0,0,0,0,0,4,36,0,40,0,0,0,40
09/18/2001,CRE,SC,ASO,ES,Federal Contract Tower,0,3,79,2,84,0,0,0,2,2,0,3,79,4,86,0,0,0,86
09/19/2001,CRE,SC,ASO,ES,Federal Contract Tower,0,2,105,8,115,0,0,0,0,0,0,2,105,8,115,0,0,0,115
09/20/2001,CRE,SC,ASO,ES,Federal Contract Tower,0,2,97,0,99,0,0,9,2,11,0,2,106,2,110,0,0,0,110
09/21/2001,CRE,SC,ASO,ES,Federal Contract Tower,0,2,75,0,77,0,0,4,0,4,0,2,79,0,81,0,0,0,81
09/22/2001,CRE,SC,ASO,ES,Federal Contract Tower,0,3,62,0,65,0,0,24,0,24,0,3,86,0,89,4,0,4,93
09/23/2001,CRE,SC,ASO,ES,Federal Contract Tower,0,0,57,0,57,0,0,28,0,28,0,0,85,0,85,38,0,38,123
09/24/2001,CRE,SC,ASO,ES,Federal Contract Tower,0,3,56,0,59,0,0,5,0,5,0,3,61,0,64,4,0,4,68
09/25/2001,CRE,SC,ASO,ES,Federal Contract Tower,0,11,59,0,70,0,1,21,0,22,0,12,80,0,92,20,0,20,112
09/26/2001,CRE,SC,ASO,ES,Federal Contract Tower,0,12,65,0,77,0,1,53,0,54,0,13,118,0,131,80,0,80,211
09/27/2001,CRE,SC,ASO,ES,Federal Contract Tower,0,16,35,1,52,0,2,48,3,53,0,18,83,4,105,56,0,56,161
09/28/2001,CRE,SC,ASO,ES,Federal Contract Tower,0,13,59,7,79,0,0,44,1,45,0,13,103,8,124,16,20,36,160
09/29/2001,CRE,SC,ASO,ES,Federal Contract Tower,0,1,29,0,30,0,0,38,0,38,0,1,67,0,68,32,0,32,100
09/30/2001,CRE,SC,ASO,ES,Federal Contract Tower,0,1,52,0,53,0,0,42,0,42,0,1,94,0,95,40,0,40,135
10/01/2001,CRE,SC,ASO,ES,Federal Contract Tower,0,4,54,0,58,0,0,32,0,32,0,4,86,0,90,12,0,12,102
10/02/2001,CRE,SC,ASO,ES,Federal Contract Tower,0,3,55,0,58,0,4,32,0,36,0,7,87,0,94,18,0,18,112
10/03/2001,CRE,SC,ASO,ES,Federal Contract Tower,0,4,41,0,45,0,0,55,0,55,0,4,96,0,100,26,0,26,126
10/04/2001,CRE,SC,ASO,ES,Federal Contract Tower,0,1,64,0,65,0,3,44,0,47,0,4,108,0,112,24,0,24,136
10/05/2001,CRE,SC,ASO,ES,Federal Contract Tower,0,1,40,0,41,0,1,38,0,39,0,2,78,0,80,8,0,8,88
10/06/2001,CRE,SC,ASO,ES,Federal Contract Tower,0,0,18,2,20,0,0,14,0,14,0,0,32,2,34,12,0,12,46
10/07/2001,CRE,SC,ASO,ES,Federal Contract Tower,0,0,39,0,39,0,0,48,0,48,0,0,87,0,87,8,0,8,95
10/08/2001,CRE,SC,ASO,ES,Federal Contract Tower,0,1,75,0,76,0,1,25,0,26,0,2,100,0,102,2,0,2,104
10/09/2001,CRE,SC,ASO,ES,Federal Contract Tower,0,4,43,2,49,0,6,29,0,35,0,10,72,2,84,18,0,18,102
10/10/2001,CRE,SC,ASO,ES,Federal Contract Tower,0,1,56,2,59,0,3,25,0,28,0,4,81,2,87,8,14,22,109
10/11/2001,CRE,SC,ASO,ES,Federal Contract Tower,0,1,59,0,60,0,3,40,0,43,0,4,99,0,103,10,0,10,113
10/12/2001,CRE,SC,ASO,ES,Federal Contract Tower,0,6,60,0,66,0,0,42,0,42,0,6,102,0,108,32,0,32,140
10/13/2001,CRE,SC,ASO,ES,Federal Contract Tower,0,0,59,0,59,0,0,38,0,38,0,0,97,0,97,14,0,14,111
10/14/2001,CRE,SC,ASO,ES,Federal Contract Tower,0,0,31,0,31,0,0,11,0,11,0,0,42,0,42,12,0,12,54
10/15/2001,CRE,SC,ASO,ES,Federal Contract Tower,0,2,70,4,76,0,2,18,0,20,0,4,88,4,96,4,0,4,100
10/16/2001,CRE,SC,ASO,ES,Federal Contract Tower,0,2,35,0,37,0,1,33,0,34,0,3,68,0,71,8,0,8,79
10/17/2001,CRE,SC,ASO,ES,Federal Contract Tower,0,6,68,0,74,0,2,23,0,25,0,8,91,0,99,14,0,14,113
10/18/2001,CRE,SC,ASO,ES,Federal Contract Tower,0,5,77,0,82,0,1,37,2,40,0,6,114,2,122,6,24,30,152
10/19/2001,CRE,SC,ASO,ES,Federal Contract Tower,0,4,85,2,91,0,2,34,0,36,0,6,119,2,127,12,0,12,139
10/20/2001,CRE,SC,ASO,ES,Federal Contract Tower,0,3,60,0,63,0,0,48,0,48,0,3,108,0,111,14,0,14,125
10/21/2001,CRE,SC,ASO,ES,Federal Contract Tower,0,4,59,0,63,0,0,59,0,59,0,4,118,0,122,12,0,12,134
10/22/2001,CRE,SC,ASO,ES,Federal Contract Tower,0,3,43,0,46,0,1,31,0,32,0,4,74,0,78,6,0,6,84
10/23/2001,CRE,SC,ASO,ES,Federal Contract Tower,0,4,48,0,52,0,1,22,0,23,0,5,70,0,75,46,0,46,121
10/24/2001,CRE,SC,ASO,ES,Federal Contract Tower,0,2,58,0,60,0,3,28,2,33,0,5,86,2,93,40,0,40,133
10/25/2001,CRE,SC,ASO,ES,Federal Contract Tower,0,4,40,0,44,0,5,30,2,37,0,9,70,2,81,40,0,40,121
10/26/2001,CRE,SC,ASO,ES,Federal Contract Tower,0,2,47,0,49,0,1,34,0,35,0,3,81,0,84,16,0,16,100
10/27/2001,CRE,SC,ASO,ES,Federal Contract Tower,0,2,29,1,32,0,0,42,2,44,0,2,71,3,76,16,0,16,92
10/28/2001,CRE,SC,ASO,ES,Federal Contract Tower,0,0,57,0,57,0,0,47,0,47,0,0,104,0,104,20,0,20,124
10/29/2001,CRE,SC,ASO,ES,Federal Contract Tower,0,4,62,0,66,0,3,26,0,29,0,7,88,0,95,6,0,6,101
10/30/2001,CRE,SC,ASO,ES,Federal Contract Tower,0,13,48,0,61,0,3,50,0,53,0,16,98,0,114,52,0,52,166
10/31/2001,CRE,SC,ASO,ES,Federal Contract Tower,0,23,61,0,84,0,0,24,0,24,0,23,85,0,108,16,0,16,124
11/01/2001,CRE,SC,ASO,ES,Federal Contract Tower,0,11,56,2,69,0,1,31,0,32,0,12,87,2,101,14,18,32,133
11/02/2001,CRE,SC,ASO,ES,Federal Contract Tower,0,7,58,0,65,0,5,30,0,35,0,12,88,0,100,32,0,32,132
11/03/2001,CRE,SC,ASO,ES,Federal Contract Tower,0,2,36,0,38,0,2,60,0,62,0,4,96,0,100,4,0,4,104
11/04/2001,CRE,SC,ASO,ES,Federal Contract Tower,0,0,43,0,43,0,2,69,0,71,0,2,112,0,114,40,0,40,154
11/05/2001,CRE,SC,ASO,ES,Federal Contract Tower,0,3,50,0,53,0,0,28,0,28,0,3,78,0,81,22,0,22,103
11/06/2001,CRE,SC,ASO,ES,Federal Contract Tower,0,3,73,0,76,0,1,39,0,40,0,4,112,0,116,30,0,30,146
11/07/2001,CRE,SC,ASO,ES,Federal Contract Tower,0,2,75,0,77,0,4,64,0,68,0,6,139,0,145,14,0,14,159
11/08/2001,CRE,SC,ASO,ES,Federal Contract Tower,0,3,57,0,60,0,5,95,0,100,0,8,152,0,160,2,0,2,162
11/09/2001,CRE,SC,ASO,ES,Federal Contract Tower,0,2,59,0,61,0,1,72,9,82,0,3,131,9,143,8,0,8,151
11/10/2001,CRE,SC,ASO,ES,Federal Contract Tower,0,0,40,0,40,0,0,74,6,80,0,0,114,6,120,20,0,20,140
11/11/2001,CRE,SC,ASO,ES,Federal Contract Tower,0,0,67,0,67,0,0,77,7,84,0,0,144,7,151,10,0,10,161
11/12/2001,CRE,SC,ASO,ES,Federal Contract Tower,0,1,43,0,44,0,1,42,0,43,0,2,85,0,87,6,0,6,93
11/13/2001,CRE,SC,ASO,ES,Federal Contract Tower,0,2,53,0,55,0,2,48,0,50,0,4,101,0,105,32,0,32,137
11/14/2001,CRE,SC,ASO,ES,Federal Contract Tower,0,1,35,0,36,0,3,19,0,22,0,4,54,0,58,22,0,22,80
11/15/2001,CRE,SC,ASO,ES,Federal Contract Tower,0,2,40,0,42,0,0,14,0,14,0,2,54,0,56,18,0,18,74
11/16/2001,CRE,SC,ASO,ES,Federal Contract Tower,0,0,65,0,65,0,4,48,0,52,0,4,113,0,117,6,0,6,123
11/17/2001,CRE,SC,ASO,ES,Federal Contract Tower,0,0,32,0,32,0,0,82,0,82,0,0,114,0,114,14,0,14,128
11/18/2001,CRE,SC,ASO,ES,Federal Contract Tower,0,1,49,0,50,0,0,33,0,33,0,1,82,0,83,22,0,22,105
11/19/2001,CRE,SC,ASO,ES,Federal Contract Tower,0,3,45,0,48,0,1,43,0,44,0,4,88,0,92,14,0,14,106
11/20/2001,CRE,SC,ASO,ES,Federal Contract Tower,0,3,70,0,73,0,1,19,0,20,0,4,89,0,93,48,0,48,141
11/21/2001,CRE,SC,ASO,ES,Federal Contract Tower,0,1,74,0,75,0,1,42,0,43,0,2,116,0,118,30,0,30,148
11/22/2001,CRE,SC,ASO,ES,Federal Contract Tower,0,4,45,0,49,0,0,35,0,35,0,4,80,0,84,18,0,18,102
11/23/2001,CRE,SC,ASO,ES,Federal Contract Tower,0,3,60,0,63,0,1,40,0,41,0,4,100,0,104,34,0,34,138
11/24/2001,CRE,SC,ASO,ES,Federal Contract Tower,0,0,32,0,32,0,0,41,0,41,0,0,73,0,73,10,0,10,83
11/25/2001,CRE,SC,ASO,ES,Federal Contract Tower,0,1,75,0,76,0,2,5,0,7,0,3,80,0,83,0,0,0,83
11/26/2001,CRE,SC,ASO,ES,Federal Contract Tower,0,2,48,0,50,0,0,22,0,22,0,2,70,0,72,54,0,54,126
11/27/2001,CRE,SC,ASO,ES,Federal Contract Tower,0,2,51,0,53,0,6,43,0,49,0,8,94,0,102,10,0,10,112
11/28/2001,CRE,SC,ASO,ES,Federal Contract Tower,0,2,45,0,47,0,0,37,0,37,0,2,82,0,84,14,0,14,98
11/29/2001,CRE,SC,ASO,ES,Federal Contract Tower,0,8,28,0,36,0,0,26,0,26,0,8,54,0,62,22,0,22,84
11/30/2001,CRE,SC,ASO,ES,Federal Contract Tower,0,6,34,0,40,0,2,23,0,25,0,8,57,0,65,10,0,10,75
12/01/2001,CRE,SC,ASO,ES,Federal Contract Tower,0,0,51,0,51,0,0,53,0,53,0,0,104,0,104,14,0,14,118
12/02/2001,CRE,SC,ASO,ES,Federal Contract Tower,0,0,63,0,63,0,0,109,0,109,0,0,172,0,172,6,0,6,178
12/03/2001,CRE,SC,ASO,ES,Federal Contract Tower,0,2,22,0,24,0,4,22,0,26,0,6,44,0,50,0,0,0,50
12/04/2001,CRE,SC,ASO,ES,Federal Contract Tower,0,1,35,6,42,0,2,27,0,29,0,3,62,6,71,0,0,0,71
12/05/2001,CRE,SC,ASO,ES,Federal Contract Tower,0,1,50,0,51,0,1,26,0,27,0,2,76,0,78,0,0,0,78
12/06/2001,CRE,SC,ASO,ES,Federal Contract Tower,0,4,37,0,41,0,1,55,1,57,0,5,92,1,98,10,0,10,108
12/07/2001,CRE,SC,ASO,ES,Federal Contract Tower,0,2,29,5,36,0,0,35,1,36,0,2,64,6,72,12,0,12,84
12/08/2001,CRE,SC,ASO,ES,Federal Contract Tower,0,0,20,0,20,0,0,41,2,43,0,0,61,2,63,12,0,12,75
12/09/2001,CRE,SC,ASO,ES,Federal Contract Tower,0,0,28,0,28,0,0,39,0,39,0,0,67,0,67,6,0,6,73
12/10/2001,CRE,SC,ASO,ES,Federal Contract Tower,0,4,51,0,55,0,2,14,0,16,0,6,65,0,71,48,0,48,119
12/11/2001,CRE,SC,ASO,ES,Federal Contract Tower,0,4,32,0,36,0,0,0,0,0,0,4,32,0,36,0,0,0,36
12/12/2001,CRE,SC,ASO,ES,Federal Contract Tower,0,4,17,2,23,0,0,0,0,0,0,4,17,2,23,0,0,0,23
12/13/2001,CRE,SC,ASO,ES,Federal Contract Tower,0,1,48,1,50,0,5,4,0,9,0,6,52,1,59,10,0,10,69
12/14/2001,CRE,SC,ASO,ES,Federal Contract Tower,0,2,45,0,47,0,1,1,0,2,0,3,46,0,49,0,0,0,49
12/15/2001,CRE,SC,ASO,ES,Federal Contract Tower,0,0,40,0,40,0,0,42,0,42,0,0,82,0,82,6,0,6,88
12/16/2001,CRE,SC,ASO,ES,Federal Contract Tower,0,0,23,0,23,0,0,35,0,35,0,0,58,0,58,2,0,2,60
12/17/2001,CRE,SC,ASO,ES,Federal Contract Tower,0,2,32,0,34,0,0,32,0,32,0,2,64,0,66,64,0,64,130
12/18/2001,CRE,SC,ASO,ES,Federal Contract Tower,0,2,50,0,52,0,1,24,5,30,0,3,74,5,82,30,0,30,112
12/19/2001,CRE,SC,ASO,ES,Federal Contract Tower,0,4,51,2,57,0,4,49,0,53,0,8,100,2,110,22,0,22,132
12/20/2001,CRE,SC,ASO,ES,Federal Contract Tower,0,2,18,0,20,0,2,22,0,24,0,4,40,0,44,6,0,6,50
12/21/2001,CRE,SC,ASO,ES,Federal Contract Tower,0,5,31,0,36,0,4,40,0,44,0,9,71,0,80,8,0,8,88
12/22/2001,CRE,SC,ASO,ES,Federal Contract Tower,0,1,30,0,31,0,0,57,0,57,0,1,87,0,88,36,0,36,124
12/23/2001,CRE,SC,ASO,ES,Federal Contract Tower,0,2,26,0,28,0,0,21,0,21,0,2,47,0,49,22,0,22,71
12/24/2001,CRE,SC,ASO,ES,Federal Contract Tower,0,0,16,0,16,0,0,26,0,26,0,0,42,0,42,4,0,4,46
12/25/2001,CRE,SC,ASO,ES,Federal Contract Tower,0,0,12,0,12,0,0,6,0,6,0,0,18,0,18,0,0,0,18
12/26/2001,CRE,SC,ASO,ES,Federal Contract Tower,0,3,38,2,43,0,2,39,0,41,0,5,77,2,84,6,0,6,90
12/27/2001,CRE,SC,ASO,ES,Federal Contract Tower,0,1,37,0,38,0,4,35,2,41,0,5,72,2,79,0,0,0,79
12/28/2001,CRE,SC,ASO,ES,Federal Contract Tower,0,2,58,0,60,0,0,47,0,47,0,2,105,0,107,8,0,8,115
12/29/2001,CRE,SC,ASO,ES,Federal Contract Tower,0,1,44,0,45,0,0,60,0,60,0,1,104,0,105,8,0,8,113
12/30/2001,CRE,SC,ASO,ES,Federal Contract Tower,0,0,30,0,30,0,0,57,0,57,0,0,87,0,87,26,0,26,113
12/31/2001,CRE,SC,ASO,ES,Federal Contract Tower,0,0,17,0,17,0,2,41,0,43,0,2,58,0,60,44,0,44,104
01/01/2002,CRE,SC,ASO,ES,Federal Contract Tower,0,0,48,0,48,0,0,48,0,48,0,0,96,0,96,0,0,0,96
01/02/2002,CRE,SC,ASO,ES,Federal Contract Tower,0,1,18,0,19,0,0,9,0,9,0,1,27,0,28,2,0,2,30
01/03/2002,CRE,SC,ASO,ES,Federal Contract Tower,0,2,1,0,3,0,0,0,0,0,0,2,1,0,3,0,0,0,3
01/04/2002,CRE,SC,ASO,ES,Federal Contract Tower,0,4,26,0,30,0,1,21,0,22,0,5,47,0,52,12,0,12,64
01/05/2002,CRE,SC,ASO,ES,Federal Contract Tower,0,0,38,0,38,0,0,37,0,37,0,0,75,0,75,18,0,18,93
01/06/2002,CRE,SC,ASO,ES,Federal Contract Tower,0,0,3,0,3,0,0,13,0,13,0,0,16,0,16,4,0,4,20
01/07/2002,CRE,SC,ASO,ES,Federal Contract Tower,0,2,33,0,35,0,2,27,2,31,0,4,60,2,66,38,0,38,104
01/08/2002,CRE,SC,ASO,ES,Federal Contract Tower,0,1,34,0,35,0,1,26,0,27,0,2,60,0,62,12,0,12,74
01/09/2002,CRE,SC,ASO,ES,Federal Contract Tower,0,2,26,1,29,0,1,28,0,29,0,3,54,1,58,6,0,6,64
01/10/2002,CRE,SC,ASO,ES,Federal Contract Tower,0,2,50,1,53,0,11,45,2,58,0,13,95,3,111,24,6,30,141
01/11/2002,CRE,SC,ASO,ES,Federal Contract Tower,0,4,22,2,28,0,0,8,0,8,0,4,30,2,36,0,0,0,36
01/12/2002,CRE,SC,ASO,ES,Federal Contract Tower,0,0,20,0,20,0,0,51,0,51,0,0,71,0,71,16,0,16,87
01/13/2002,CRE,SC,ASO,ES,Federal Contract Tower,0,0,29,0,29,0,0,76,0,76,0,0,105,0,105,18,0,18,123
01/14/2002,CRE,SC,ASO,ES,Federal Contract Tower,0,4,58,0,62,0,0,17,0,17,0,4,75,0,79,8,0,8,87
01/15/2002,CRE,SC,ASO,ES,Federal Contract Tower,0,2,44,0,46,0,0,23,0,23,0,2,67,0,69,0,0,0,69
01/16/2002,CRE,SC,ASO,ES,Federal Contract Tower,0,4,45,0,49,0,5,29,1,35,0,9,74,1,84,14,0,14,98
01/17/2002,CRE,SC,ASO,ES,Federal Contract Tower,0,2,60,2,64,0,1,47,0,48,0,3,107,2,112,6,22,28,140
01/18/2002,CRE,SC,ASO,ES,Federal Contract Tower,0,4,52,0,56,0,2,32,0,34,0,6,84,0,90,14,0,14,104
01/19/2002,CRE,SC,ASO,ES,Federal Contract Tower,0,0,17,0,17,0,0,8,0,8,0,0,25,0,25,0,2,2,27
01/20/2002,CRE,SC,ASO,ES,Federal Contract Tower,0,0,67,0,67,0,0,49,0,49,0,0,116,0,116,32,0,32,148
01/21/2002,CRE,SC,ASO,ES,Federal Contract Tower,0,1,37,0,38,0,1,11,0,12,0,2,48,0,50,10,0,10,60
01/22/2002,CRE,SC,ASO,ES,Federal Contract Tower,0,1,81,1,83,0,1,42,1,44,0,2,123,2,127,4,0,4,131
01/23/2002,CRE,SC,ASO,ES,Federal Contract Tower,0,4,34,0,38,0,0,5,0,5,0,4,39,0,43,4,0,4,47
01/24/2002,CRE,SC,ASO,ES,Federal Contract Tower,0,2,25,0,27,0,1,2,0,3,0,3,27,0,30,0,0,0,30
01/25/2002,CRE,SC,ASO,ES,Federal Contract Tower,0,1,67,0,68,0,1,26,0,27,0,2,93,0,95,0,8,8,103
01/26/2002,CRE,SC,ASO,ES,Federal Contract Tower,0,0,60,1,61,0,0,70,0,70,0,0,130,1,131,28,0,28,159
01/27/2002,CRE,SC,ASO,ES,Federal Contract Tower,0,2,69,0,71,0,2,86,0,88,0,4,155,0,159,28,0,28,187
01/28/2002,CRE,SC,ASO,ES,Federal Contract Tower,0,2,41,1,44,0,0,30,1,31,0,2,71,2,75,40,0,40,115
01/29/2002,CRE,SC,ASO,ES,Federal Contract Tower,0,4,60,2,66,0,0,39,0,39,0,4,99,2,105,18,0,18,123
01/30/2002,CRE,SC,ASO,ES,Federal Contract Tower,0,4,56,0,60,0,0,5,0,5,0,4,61,0,65,8,0,8,73
01/31/2002,CRE,SC,ASO,ES,Federal Contract Tower,0,4,41,0,45,0,0,0,0,0,0,4,41,0,45,0,0,0,45
02/01/2002,CRE,SC,ASO,ES,Federal Contract Tower,0,1,34,2,37,0,1,8,0,9,0,2,42,2,46,0,0,0,46
02/02/2002,CRE,SC,ASO,ES,Federal Contract Tower,0,1,50,0,51,0,0,73,0,73,0,1,123,0,124,32,0,32,156
02/03/2002,CRE,SC,ASO,ES,Federal Contract Tower,0,0,41,6,47,0,0,41,0,41,0,0,82,6,88,4,0,4,92
02/04/2002,CRE,SC,ASO,ES,Federal Contract Tower,0,2,30,4,36,0,2,13,0,15,0,4,43,4,51,0,0,0,51
02/05/2002,CRE,SC,ASO,ES,Federal Contract Tower,0,5,43,1,49,0,0,28,1,29,0,5,71,2,78,10,0,10,88
02/06/2002,CRE,SC,ASO,ES,Federal Contract Tower,0,8,40,0,48,0,0,10,0,10,0,8,50,0,58,0,0,0,58
02/07/2002,CRE,SC,ASO,ES,Federal Contract Tower,0,5,20,0,25,0,0,0,0,0,0,5,20,0,25,0,0,0,25
02/08/2002,CRE,SC,ASO,ES,Federal Contract Tower,0,4,89,0,93,0,6,47,0,53,0,10,136,0,146,32,0,32,178
02/09/2002,CRE,SC,ASO,ES,Federal Contract Tower,0,0,52,0,52,0,2,106,0,108,0,2,158,0,160,38,0,38,198
02/10/2002,CRE,SC,ASO,ES,Federal Contract Tower,0,0,60,0,60,0,0,7,0,7,0,0,67,0,67,0,0,0,67
02/11/2002,CRE,SC,ASO,ES,Federal Contract Tower,0,1,49,0,50,0,1,34,0,35,0,2,83,0,85,8,0,8,93
02/12/2002,CRE,SC,ASO,ES,Federal Contract Tower,0,5,71,0,76,0,0,55,0,55,0,5,126,0,131,50,0,50,181
02/13/2002,CRE,SC,ASO,ES,Federal Contract Tower,0,1,79,0,80,0,1,42,0,43,0,2,121,0,123,0,0,0,123
02/14/2002,CRE,SC,ASO,ES,Federal Contract Tower,0,2,89,1,92,0,0,41,1,42,0,2,130,2,134,0,0,0,134
02/15/2002,CRE,SC,ASO,ES,Federal Contract Tower,0,1,87,0,88,0,1,49,0,50,0,2,136,0,138,10,0,10,148
02/16/2002,CRE,SC,ASO,ES,Federal Contract Tower,0,1,67,2,70,0,0,89,0,89,0,1,156,2,159,36,0,36,195
02/17/2002,CRE,SC,ASO,ES,Federal Contract Tower,0,0,67,0,67,0,0,49,0,49,0,0,116,0,116,12,0,12,128
02/18/2002,CRE,SC,ASO,ES,Federal Contract Tower,0,2,74,0,76,0,0,69,0,69,0,2,143,0,145,2,0,2,147
02/19/2002,CRE,SC,ASO,ES,Federal Contract Tower,0,2,71,3,76,0,1,56,1,58,0,3,127,4,134,8,0,8,142
02/20/2002,CRE,SC,ASO,ES,Federal Contract Tower,0,10,37,0,47,0,0,11,0,11,0,10,48,0,58,6,0,6,64
02/21/2002,CRE,SC,ASO,ES,Federal Contract Tower,0,3,35,0,38,0,0,33,0,33,0,3,68,0,71,8,0,8,79
02/22/2002,CRE,SC,ASO,ES,Federal Contract Tower,0,2,54,0,56,0,0,54,0,54,0,2,108,0,110,22,0,22,132
02/23/2002,CRE,SC,ASO,ES,Federal Contract Tower,0,0,44,0,44,0,0,23,0,23,0,0,67,0,67,54,0,54,121
02/24/2002,CRE,SC,ASO,ES,Federal Contract Tower,0,0,67,0,67,0,0,94,0,94,0,0,161,0,161,16,0,16,177
02/25/2002,CRE,SC,ASO,ES,Federal Contract Tower,0,1,26,0,27,0,1,34,0,35,0,2,60,0,62,10,0,10,72
02/26/2002,CRE,SC,ASO,ES,Federal Contract Tower,0,10,18,0,28,0,3,9,0,12,0,13,27,0,40,2,0,2,42
02/27/2002,CRE,SC,ASO,ES,Federal Contract Tower,0,2,22,0,24,0,1,12,0,13,0,3,34,0,37,0,0,0,37
02/28/2002,CRE,SC,ASO,ES,Federal Contract Tower,0,2,42,2,46,0,2,43,0,45,0,4,85,2,91,34,0,34,125
03/01/2002,CRE,SC,ASO,ES,Federal Contract Tower,0,0,45,0,45,0,3,62,2,67,0,3,107,2,112,12,0,12,124
03/02/2002,CRE,SC,ASO,ES,Federal Contract Tower,0,1,17,0,18,0,0,2,0,2,0,1,19,0,20,0,0,0,20
03/03/2002,CRE,SC,ASO,ES,Federal Contract Tower,0,0,20,0,20,0,0,1,0,1,0,0,21,0,21,0,0,0,21
03/04/2002,CRE,SC,ASO,ES,Federal Contract Tower,0,0,25,2,27,0,2,12,0,14,0,2,37,2,41,0,0,0,41
03/05/2002,CRE,SC,ASO,ES,Federal Contract Tower,0,3,27,2,32,0,0,46,0,46,0,3,73,2,78,28,0,28,106
03/06/2002,CRE,SC,ASO,ES,Federal Contract Tower,0,3,64,0,67,0,2,54,0,56,0,5,118,0,123,8,0,8,131
03/07/2002,CRE,SC,ASO,ES,Federal Contract Tower,0,4,71,0,75,0,4,70,2,76,0,8,141,2,151,76,0,76,227
03/08/2002,CRE,SC,ASO,ES,Federal Contract Tower,0,0,63,2,65,0,2,50,0,52,0,2,113,2,117,66,4,70,187
03/09/2002,CRE,SC,ASO,ES,Federal Contract Tower,0,0,50,0,50,0,0,41,0,41,0,0,91,0,91,58,0,58,149
03/10/2002,CRE,SC,ASO,ES,Federal Contract Tower,0,0,55,0,55,0,0,52,0,52,0,0,107,0,107,4,0,4,111
03/11/2002,CRE,SC,ASO,ES,Federal Contract Tower,0,2,57,8,67,0,4,45,0,49,0,6,102,8,116,28,0,28,144
03/12/2002,CRE,SC,ASO,ES,Federal Contract Tower,0,6,51,0,57,0,0,9,4,13,0,6,60,4,70,30,0,30,100
03/13/2002,CRE,SC,ASO,ES,Federal Contract Tower,0,5,74,0,79,0,1,22,0,23,0,6,96,0,102,2,0,2,104
03/14/2002,CRE,SC,ASO,ES,Federal Contract Tower,0,1,114,8,123,0,1,20,4,25,0,2,134,12,148,4,0,4,152
03/15/2002,CRE,SC,ASO,ES,Federal Contract Tower,0,5,68,2,75,0,2,40,0,42,0,7,108,2,117,46,0,46,163
03/16/2002,CRE,SC,ASO,ES,Federal Contract Tower,0,0,44,0,44,0,0,45,0,45,0,0,89,0,89,12,0,12,101
03/17/2002,CRE,SC,ASO,ES,Federal Contract Tower,0,1,81,2,84,0,0,0,0,0,0,1,81,2,84,0,0,0,84
03/18/2002,CRE,SC,ASO,ES,Federal Contract Tower,0,1,25,3,29,0,1,8,1,10,0,2,33,4,39,0,0,0,39
03/19/2002,CRE,SC,ASO,ES,Federal Contract Tower,0,2,80,0,82,0,0,7,0,7,0,2,87,0,89,22,0,22,111
03/20/2002,CRE,SC,ASO,ES,Federal Contract Tower,0,3,67,0,70,0,1,10,6,17,0,4,77,6,87,14,0,14,101
03/21/2002,CRE,SC,ASO,ES,Federal Contract Tower,0,4,36,1,41,0,0,4,0,4,0,4,40,1,45,0,0,0,45
03/22/2002,CRE,SC,ASO,ES,Federal Contract Tower,0,1,38,0,39,0,1,59,0,60,0,2,97,0,99,18,0,18,117
03/23/2002,CRE,SC,ASO,ES,Federal Contract Tower,0,0,57,0,57,0,4,104,2,110,0,4,161,2,167,22,0,22,189
03/24/2002,CRE,SC,ASO,ES,Federal Contract Tower,0,0,63,0,63,0,2,108,0,110,0,2,171,0,173,22,0,22,195
03/25/2002,CRE,SC,ASO,ES,Federal Contract Tower,0,5,70,0,75,0,1,46,0,47,0,6,116,0,122,34,0,34,156
03/26/2002,CRE,SC,ASO,ES,Federal Contract Tower,0,3,44,0,47,0,1,14,2,17,0,4,58,2,64,22,0,22,86
03/27/2002,CRE,SC,ASO,ES,Federal Contract Tower,0,6,93,3,102,0,0,41,4,45,0,6,134,7,147,22,0,22,169
03/28/2002,CRE,SC,ASO,ES,Federal Contract Tower,0,7,58,0,65,0,6,64,0,70,0,13,122,0,135,24,0,24,159
03/29/2002,CRE,SC,ASO,ES,Federal Contract Tower,0,3,78,0,81,0,3,46,0,49,0,6,124,0,130,50,0,50,180
03/30/2002,CRE,SC,ASO,ES,Federal Contract Tower,0,1,58,0,59,0,0,5,0,5,0,1,63,0,64,2,0,2,66
03/31/2002,CRE,SC,ASO,ES,Federal Contract Tower,0,0,33,0,33,0,0,38,0,38,0,0,71,0,71,2,0,2,73
04/01/2002,CRE,SC,ASO,ES,Federal Contract Tower,0,4,84,0,88,0,0,51,0,51,0,4,135,0,139,12,0,12,151
04/02/2002,CRE,SC,ASO,ES,Federal Contract Tower,0,4,56,2,62,0,11,55,2,68,0,15,111,4,130,70,0,70,200
04/03/2002,CRE,SC,ASO,ES,Federal Contract Tower,0,3,77,1,81,0,2,14,1,17,0,5,91,2,98,104,0,104,202
04/04/2002,CRE,SC,ASO,ES,Federal Contract Tower,0,1,92,0,93,0,0,46,0,46,0,1,138,0,139,94,0,94,233
04/05/2002,CRE,SC,ASO,ES,Federal Contract Tower,0,4,73,0,77,0,1,94,0,95,0,5,167,0,172,102,0,102,274
04/06/2002,CRE,SC,ASO,ES,Federal Contract Tower,0,0,78,0,78,0,8,108,0,116,0,8,186,0,194,56,0,56,250
04/07/2002,CRE,SC,ASO,ES,Federal Contract Tower,0,0,88,0,88,0,2,87,0,89,0,2,175,0,177,110,0,110,287
04/08/2002,CRE,SC,ASO,ES,Federal Contract Tower,0,3,65,0,68,0,1,53,0,54,0,4,118,0,122,0,0,0,122
04/09/2002,CRE,SC,ASO,ES,Federal Contract Tower,0,5,73,0,78,0,2,44,2,48,0,7,117,2,126,2,0,2,128
04/10/2002,CRE,SC,ASO,ES,Federal Contract Tower,0,5,72,0,77,0,0,9,0,9,0,5,81,0,86,16,0,16,102
04/11/2002,CRE,SC,ASO,ES,Federal Contract Tower,0,5,120,0,125,0,2,35,0,37,0,7,155,0,162,54,0,54,216
04/12/2002,CRE,SC,ASO,ES,Federal Contract Tower,0,2,117,3,122,0,0,57,0,57,0,2,174,3,179,64,0,64,243
04/13/2002,CRE,SC,ASO,ES,Federal Contract Tower,0,0,81,0,81,0,0,56,0,56,0,0,137,0,137,48,0,48,185
04/14/2002,CRE,SC,ASO,ES,Federal Contract Tower,0,2,72,0,74,0,0,42,0,42,0,2,114,0,116,42,0,42,158
04/15/2002,CRE,SC,ASO,ES,Federal Contract Tower,0,1,82,0,83,0,3,26,0,29,0,4,108,0,112,60,0,60,172
04/16/2002,CRE,SC,ASO,ES,Federal Contract Tower,0,1,66,0,67,0,1,37,0,38,0,2,103,0,105,48,0,48,153
04/17/2002,CRE,SC,ASO,ES,Federal Contract Tower,0,3,85,0,88,0,3,31,4,38,0,6,116,4,126,6,0,6,132
04/18/2002,CRE,SC,ASO,ES,Federal Contract Tower,0,0,98,0,98,0,8,39,6,53,0,8,137,6,151,64,0,64,215
04/19/2002,CRE,SC,ASO,ES,Federal Contract Tower,0,0,77,0,77,0,4,65,3,72,0,4,142,3,149,24,0,24,173
04/20/2002,CRE,SC,ASO,ES,Federal Contract Tower,0,0,38,0,38,0,0,54,0,54,0,0,92,0,92,128,0,128,220
04/21/2002,CRE,SC,ASO,ES,Federal Contract Tower,0,1,87,0,88,0,0,68,1,69,0,1,155,1,157,44,0,44,201
04/22/2002,CRE,SC,ASO,ES,Federal Contract Tower,0,6,54,0,60,0,1,23,0,24,0,7,77,0,84,8,0,8,92
04/23/2002,CRE,SC,ASO,ES,Federal Contract Tower,0,2,67,0,69,0,6,51,0,57,0,8,118,0,126,62,0,62,188
04/24/2002,CRE,SC,ASO,ES,Federal Contract Tower,0,9,81,0,90,0,3,45,4,52,0,12,126,4,142,68,0,68,210
04/25/2002,CRE,SC,ASO,ES,Federal Contract Tower,0,6,79,2,87,0,0,21,0,21,0,6,100,2,108,12,0,12,120
04/26/2002,CRE,SC,ASO,ES,Federal Contract Tower,0,8,73,0,81,0,1,79,0,80,0,9,152,0,161,102,0,102,263
04/27/2002,CRE,SC,ASO,ES,Federal Contract Tower,0,0,71,2,73,0,0,28,0,28,0,0,99,2,101,6,0,6,107
04/28/2002,CRE,SC,ASO,ES,Federal Contract Tower,0,2,71,0,73,0,5,63,4,72,0,7,134,4,145,16,0,16,161
04/29/2002,CRE,SC,ASO,ES,Federal Contract Tower,0,3,70,0,73,0,1,16,4,21,0,4,86,4,94,12,0,12,106
04/30/2002,CRE,SC,ASO,ES,Federal Contract Tower,0,2,83,0,85,0,1,52,0,53,0,3,135,0,138,126,0,126,264
05/01/2002,CRE,SC,ASO,ES,Federal Contract Tower,0,2,58,1,61,0,2,14,0,16,0,4,72,1,77,40,0,40,117
05/02/2002,CRE,SC,ASO,ES,Federal Contract Tower,0,4,61,1,66,0,3,22,3,28,0,7,83,4,94,0,0,0,94
05/03/2002,CRE,SC,ASO,ES,Federal Contract Tower,0,1,110,0,111,0,2,36,0,38,0,3,146,0,149,40,0,40,189
05/04/2002,CRE,SC,ASO,ES,Federal Contract Tower,0,1,59,0,60,0,0,20,2,22,0,1,79,2,82,12,0,12,94
05/05/2002,CRE,SC,ASO,ES,Federal Contract Tower,0,0,88,0,88,0,0,56,1,57,0,0,144,1,145,44,0,44,189
05/06/2002,CRE,SC,ASO,ES,Federal Contract Tower,0,1,58,0,59,0,2,64,9,75,0,3,122,9,134,60,0,60,194
05/07/2002,CRE,SC,ASO,ES,Federal Contract Tower,0,4,75,0,79,0,3,24,0,27,0,7,99,0,106,18,0,18,124
05/08/2002,CRE,SC,ASO,ES,Federal Contract Tower,0,3,61,3,67,0,0,40,2,42,0,3,101,5,109,0,0,0,109
05/09/2002,CRE,SC,ASO,ES,Federal Contract Tower,0,2,85,6,93,0,0,29,2,31,0,2,114,8,124,42,0,42,166
05/10/2002,CRE,SC,ASO,ES,Federal Contract Tower,0,3,77,0,80,0,3,36,0,39,0,6,113,0,119,32,0,32,151
05/11/2002,CRE,SC,ASO,ES,Federal Contract Tower,0,0,37,0,37,0,0,25,0,25,0,0,62,0,62,48,0,48,110
05/12/2002,CRE,SC,ASO,ES,Federal Contract Tower,0,0,86,0,86,0,1,52,0,53,0,1,138,0,139,108,0,108,247
05/13/2002,CRE,SC,ASO,ES,Federal Contract Tower,0,4,90,0,94,0,1,13,0,14,0,5,103,0,108,48,0,48,156
05/14/2002,CRE,SC,ASO,ES,Federal Contract Tower,0,3,32,0,35,0,0,28,0,28,0,3,60,0,63,16,0,16,79
05/15/2002,CRE,SC,ASO,ES,Federal Contract Tower,0,1,23,0,24,0,11,43,0,54,0,12,66,0,78,56,0,56,134
05/16/2002,CRE,SC,ASO,ES,Federal Contract Tower,0,2,37,0,39,0,1,99,2,102,0,3,136,2,141,76,0,76,217
05/17/2002,CRE,SC,ASO,ES,Federal Contract Tower,0,2,78,0,80,0,1,52,0,53,0,3,130,0,133,66,0,66,199
05/18/2002,CRE,SC,ASO,ES,Federal Contract Tower,0,0,29,0,29,0,0,6,0,6,0,0,35,0,35,48,0,48,83
05/19/2002,CRE,SC,ASO,ES,Federal Contract Tower,0,2,105,2,109,0,0,55,6,61,0,2,160,8,170,30,0,30,200
05/20/2002,CRE,SC,ASO,ES,Federal Contract Tower,0,2,69,0,71,0,0,47,2,49,0,2,116,2,120,100,0,100,220
05/21/2002,CRE,SC,ASO,ES,Federal Contract Tower,0,2,45,0,47,0,2,42,4,48,0,4,87,4,95,92,0,92,187
05/22/2002,CRE,SC,ASO,ES,Federal Contract Tower,0,1,57,1,59,0,3,35,1,39,0,4,92,2,98,18,0,18,116
05/23/2002,CRE,SC,ASO,ES,Federal Contract Tower,0,0,41,0,41,0,4,86,16,106,0,4,127,16,147,66,0,66,213
05/24/2002,CRE,SC,ASO,ES,Federal Contract Tower,0,0,80,0,80,0,5,70,0,75,0,5,150,0,155,166,0,166,321
05/25/2002,CRE,SC,ASO,ES,Federal Contract Tower,0,0,43,0,43,0,3,79,0,82,0,3,122,0,125,222,0,222,347
05/26/2002,CRE,SC,ASO,ES,Federal Contract Tower,0,0,39,0,39,0,0,110,0,110,0,0,149,0,149,94,0,94,243
05/27/2002,CRE,SC,ASO,ES,Federal Contract Tower,0,0,69,0,69,0,0,62,0,62,0,0,131,0,131,50,0,50,181
05/28/2002,CRE,SC,ASO,ES,Federal Contract Tower,0,1,58,0,59,0,3,29,0,32,0,4,87,0,91,50,0,50,141
05/29/2002,CRE,SC,ASO,ES,Federal Contract Tower,0,2,39,0,41,0,0,53,2,55,0,2,92,2,96,70,0,70,166
05/30/2002,CRE,SC,ASO,ES,Federal Contract Tower,0,5,31,1,37,0,1,12,1,14,0,6,43,2,51,88,0,88,139
05/31/2002,CRE,SC,ASO,ES,Federal Contract Tower,0,3,48,0,51,0,3,24,0,27,0,6,72,0,78,100,0,100,178
06/01/2002,CRE,SC,ASO,ES,Federal Contract Tower,0,3,28,0,31,0,2,59,0,61,0,5,87,0,92,164,0,164,256
06/02/2002,CRE,SC,ASO,ES,Federal Contract Tower,0,2,33,0,35,0,0,102,0,102,0,2,135,0,137,82,0,82,219
06/03/2002,CRE,SC,ASO,ES,Federal Contract Tower,0,3,28,0,31,0,1,46,0,47,0,4,74,0,78,134,0,134,212
06/04/2002,CRE,SC,ASO,ES,Federal Contract Tower,0,3,25,0,28,0,3,78,2,83,0,6,103,2,111,112,0,112,223
06/05/2002,CRE,SC,ASO,ES,Federal Contract Tower,0,3,54,1,58,0,11,74,0,85,0,14,128,1,143,162,0,162,305
06/06/2002,CRE,SC,ASO,ES,Federal Contract Tower,0,11,46,2,59,0,4,33,4,41,0,15,79,6,100,122,0,122,222
06/07/2002,CRE,SC,ASO,ES,Federal Contract Tower,0,5,59,0,64,0,4,15,0,19,0,9,74,0,83,186,0,186,269
06/08/2002,CRE,SC,ASO,ES,Federal Contract Tower,0,3,50,0,53,0,0,74,0,74,0,3,124,0,127,216,0,216,343
06/09/2002,CRE,SC,ASO,ES,Federal Contract Tower,0,4,55,0,59,0,1,147,0,148,0,5,202,0,207,148,0,148,355
06/10/2002,CRE,SC,ASO,ES,Federal Contract Tower,0,2,27,2,31,0,3,71,4,78,0,5,98,6,109,108,4,112,221
06/11/2002,CRE,SC,ASO,ES,Federal Contract Tower,0,3,31,2,36,0,0,68,4,72,0,3,99,6,108,134,4,138,246
06/12/2002,CRE,SC,ASO,ES,Federal Contract Tower,0,1,39,0,40,0,1,89,2,92,0,2,128,2,132,196,0,196,328
06/13/2002,CRE,SC,ASO,ES,Federal Contract Tower,0,3,46,0,49,0,10,72,2,84,0,13,118,2,133,122,0,122,255
06/14/2002,CRE,SC,ASO,ES,Federal Contract Tower,0,4,36,0,40,0,0,36,2,38,0,4,72,2,78,118,0,118,196
06/15/2002,CRE,SC,ASO,ES,Federal Contract Tower,0,0,33,0,33,0,0,64,0,64,0,0,97,0,97,98,0,98,195
06/16/2002,CRE,SC,ASO,ES,Federal Contract Tower,0,2,33,0,35,0,0,145,0,145,0,2,178,0,180,72,0,72,252
06/17/2002,CRE,SC,ASO,ES,Federal Contract Tower,0,3,41,0,44,0,3,32,2,37,0,6,73,2,81,108,0,108,189
06/18/2002,CRE,SC,ASO,ES,Federal Contract Tower,0,5,28,0,33,0,3,10,0,13,0,8,38,0,46,34,0,34,80
06/19/2002,CRE,SC,ASO,ES,Federal Contract Tower,0,2,40,0,42,0,4,11,4,19,0,6,51,4,61,88,0,88,149
06/20/2002,CRE,SC,ASO,ES,Federal Contract Tower,0,7,58,3,68,0,0,28,0,28,0,7,86,3,96,120,6,126,222
06/21/2002,CRE,SC,ASO,ES,Federal Contract Tower,0,3,68,0,71,0,1,16,2,19,0,4,84,2,90,64,4,68,158
06/22/2002,CRE,SC,ASO,ES,Federal Contract Tower,0,0,41,0,41,0,0,2,0,2,0,0,43,0,43,0,0,0,43
06/23/2002,CRE,SC,ASO,ES,Federal Contract Tower,0,2,59,0,61,0,0,24,2,26,0,2,83,2,87,98,0,98,185
06/24/2002,CRE,SC,ASO,ES,Federal Contract Tower,0,2,53,4,59,0,2,24,0,26,0,4,77,4,85,196,0,196,281
06/25/2002,CRE,SC,ASO,ES,Federal Contract Tower,0,0,46,0,46,0,2,21,0,23,0,2,67,0,69,150,0,150,219
06/26/2002,CRE,SC,ASO,ES,Federal Contract Tower,0,2,34,0,36,0,4,15,2,21,0,6,49,2,57,188,0,188,245
06/27/2002,CRE,SC,ASO,ES,Federal Contract Tower,0,2,60,2,64,0,5,5,2,12,0,7,65,4,76,136,0,136,212
06/28/2002,CRE,SC,ASO,ES,Federal Contract Tower,0,1,67,0,68,0,11,26,2,39,0,12,93,2,107,190,0,190,297
06/29/2002,CRE,SC,ASO,ES,Federal Contract Tower,0,6,30,0,36,0,0,27,2,29,0,6,57,2,65,210,2,212,277
06/30/2002,CRE,SC,ASO,ES,Federal Contract Tower,0,2,76,0,78,0,0,70,0,70,0,2,146,0,148,170,0,170,318
07/01/2002,CRE,SC,ASO,ES,Federal Contract Tower,0,0,60,2,62,0,2,39,0,41,0,2,99,2,103,186,2,188,291
07/02/2002,CRE,SC,ASO,ES,Federal Contract Tower,0,1,52,2,55,0,1,36,0,37,0,2,88,2,92,212,0,212,304
07/03/2002,CRE,SC,ASO,ES,Federal Contract Tower,0,1,86,3,90,0,4,47,1,52,0,5,133,4,142,290,20,310,452
07/04/2002,CRE,SC,ASO,ES,Federal Contract Tower,0,1,43,4,48,0,0,48,0,48,0,1,91,4,96,290,18,308,404
07/05/2002,CRE,SC,ASO,ES,Federal Contract Tower,0,7,47,0,54,0,3,30,2,35,0,10,77,2,89,176,12,188,277
07/06/2002,CRE,SC,ASO,ES,Federal Contract Tower,0,0,43,0,43,0,0,30,0,30,0,0,73,0,73,186,0,186,259
07/07/2002,CRE,SC,ASO,ES,Federal Contract Tower,0,0,70,3,73,0,1,72,0,73,0,1,142,3,146,174,2,176,322
07/08/2002,CRE,SC,ASO,ES,Federal Contract Tower,0,2,56,4,62,0,2,18,0,20,0,4,74,4,82,170,0,170,252
07/09/2002,CRE,SC,ASO,ES,Federal Contract Tower,0,7,51,0,58,0,1,29,0,30,0,8,80,0,88,206,0,206,294
07/10/2002,CRE,SC,ASO,ES,Federal Contract Tower,0,5,68,0,73,0,1,22,0,23,0,6,90,0,96,232,0,232,328
07/11/2002,CRE,SC,ASO,ES,Federal Contract Tower,0,2,34,2,38,0,0,18,2,20,0,2,52,4,58,174,0,174,232
07/12/2002,CRE,SC,ASO,ES,Federal Contract Tower,0,5,51,1,57,0,1,11,1,13,0,6,62,2,70,112,0,112,182
07/13/2002,CRE,SC,ASO,ES,Federal Contract Tower,0,1,35,0,36,0,0,18,0,18,0,1,53,0,54,124,0,124,178
07/14/2002,CRE,SC,ASO,ES,Federal Contract Tower,0,2,35,1,38,0,0,24,0,24,0,2,59,1,62,128,2,130,192
07/15/2002,CRE,SC,ASO,ES,Federal Contract Tower,0,1,49,1,51,0,1,23,0,24,0,2,72,1,75,144,2,146,221
07/16/2002,CRE,SC,ASO,ES,Federal Contract Tower,0,1,66,0,67,0,9,26,0,35,0,10,92,0,102,196,0,196,298
07/17/2002,CRE,SC,ASO,ES,Federal Contract Tower,0,4,61,4,69,0,1,40,0,41,0,5,101,4,110,234,0,234,344
07/18/2002,CRE,SC,ASO,ES,Federal Contract Tower,0,0,57,1,58,0,2,35,4,41,0,2,92,5,99,228,0,228,327
07/19/2002,CRE,SC,ASO,ES,Federal Contract Tower,0,0,53,0,53,0,2,28,2,32,0,2,81,2,85,218,2,220,305
07/20/2002,CRE,SC,ASO,ES,Federal Contract Tower,0,0,49,1,50,0,1,47,0,48,0,1,96,1,98,244,0,244,342
07/21/2002,CRE,SC,ASO,ES,Federal Contract Tower,0,4,51,0,55,0,0,46,0,46,0,4,97,0,101,186,0,186,287
07/22/2002,CRE,SC,ASO,ES,Federal Contract Tower,0,3,41,3,47,0,1,8,0,9,0,4,49,3,56,170,0,170,226
07/23/2002,CRE,SC,ASO,ES,Federal Contract Tower,0,2,40,0,42,0,0,16,0,16,0,2,56,0,58,188,0,188,246
07/24/2002,CRE,SC,ASO,ES,Federal Contract Tower,0,5,32,0,37,0,0,7,0,7,0,5,39,0,44,114,0,114,158
07/25/2002,CRE,SC,ASO,ES,Federal Contract Tower,0,3,19,1,23,58,13,0,9,80,58,16,19,10,103,98,22,120,223
07/26/2002,CRE,SC,ASO,ES,Federal Contract Tower,0,2,36,0,38,0,5,16,1,22,0,7,52,1,60,126,0,126,186
07/27/2002,CRE,SC,ASO,ES,Federal Contract Tower,0,2,51,0,53,0,0,31,0,31,0,2,82,0,84,222,0,222,306
07/28/2002,CRE,SC,ASO,ES,Federal Contract Tower,0,1,53,0,54,0,0,65,0,65,0,1,118,0,119,190,0,190,309
07/29/2002,CRE,SC,ASO,ES,Federal Contract Tower,0,1,44,1,46,0,2,35,7,44,0,3,79,8,90,152,6,158,248
07/30/2002,CRE,SC,ASO,ES,Federal Contract Tower,0,2,39,0,41,0,1,27,5,33,0,3,66,5,74,222,0,222,296
07/31/2002,CRE,SC,ASO,ES,Federal Contract Tower,0,2,43,4,49,0,1,31,0,32,0,3,74,4,81,188,6,194,275
08/01/2002,CRE,SC,ASO,ES,Federal Contract Tower,0,3,45,0,48,0,1,29,0,30,0,4,74,0,78,204,0,204,282
08/02/2002,CRE,SC,ASO,ES,Federal Contract Tower,0,0,63,3,66,0,2,42,0,44,0,2,105,3,110,240,0,240,350
08/03/2002,CRE,SC,ASO,ES,Federal Contract Tower,0,4,28,0,32,0,0,61,0,61,0,4,89,0,93,202,0,202,295
08/04/2002,CRE,SC,ASO,ES,Federal Contract Tower,0,0,55,0,55,0,0,39,0,39,0,0,94,0,94,116,0,116,210
08/05/2002,CRE,SC,ASO,ES,Federal Contract Tower,0,0,47,0,47,0,2,55,0,57,0,2,102,0,104,150,0,150,254
08/06/2002,CRE,SC,ASO,ES,Federal Contract Tower,0,2,43,0,45,0,0,29,0,29,0,2,72,0,74,162,0,162,236
08/07/2002,CRE,SC,ASO,ES,Federal Contract Tower,0,1,49,0,50,0,2,50,0,52,0,3,99,0,102,272,0,272,374
08/08/2002,CRE,SC,ASO,ES,Federal Contract Tower,0,5,39,0,44,0,0,88,0,88,0,5,127,0,132,216,0,216,348
08/09/2002,CRE,SC,ASO,ES,Federal Contract Tower,0,1,48,0,49,0,1,44,0,45,0,2,92,0,94,200,0,200,294
08/10/2002,CRE,SC,ASO,ES,Federal Contract Tower,0,1,41,0,42,0,0,76,0,76,0,1,117,0,118,168,0,168,286
08/11/2002,CRE,SC,ASO,ES,Federal Contract Tower,0,1,50,0,51,0,0,108,0,108,0,1,158,0,159,184,0,184,343
08/12/2002,CRE,SC,ASO,ES,Federal Contract Tower,0,2,51,2,55,0,0,62,3,65,0,2,113,5,120,148,38,186,306
08/13/2002,CRE,SC,ASO,ES,Federal Contract Tower,0,3,35,2,40,0,2,56,3,61,0,5,91,5,101,196,0,196,297
08/14/2002,CRE,SC,ASO,ES,Federal Contract Tower,0,4,50,0,54,0,1,18,0,19,0,5,68,0,73,144,0,144,217
08/15/2002,CRE,SC,ASO,ES,Federal Contract Tower,0,7,54,3,64,0,0,40,1,41,0,7,94,4,105,154,0,154,259
08/16/2002,CRE,SC,ASO,ES,Federal Contract Tower,0,6,43,0,49,0,0,17,2,19,0,6,60,2,68,164,0,164,232
08/17/2002,CRE,SC,ASO,ES,Federal Contract Tower,0,0,38,0,38,0,0,28,0,28,0,0,66,0,66,148,0,148,214
08/18/2002,CRE,SC,ASO,ES,Federal Contract Tower,0,1,40,0,41,0,0,54,2,56,0,1,94,2,97,136,0,136,233
08/19/2002,CRE,SC,ASO,ES,Federal Contract Tower,0,7,21,0,28,0,0,25,0,25,0,7,46,0,53,110,0,110,163
08/20/2002,CRE,SC,ASO,ES,Federal Contract Tower,0,3,46,0,49,0,0,30,2,32,0,3,76,2,81,180,2,182,263
08/21/2002,CRE,SC,ASO,ES,Federal Contract Tower,0,4,43,2,49,0,1,39,1,41,0,5,82,3,90,146,0,146,236
08/22/2002,CRE,SC,ASO,ES,Federal Contract Tower,0,6,63,0,69,0,0,33,0,33,0,6,96,0,102,136,0,136,238
08/23/2002,CRE,SC,ASO,ES,Federal Contract Tower,0,1,64,1,66,0,3,60,3,66,0,4,124,4,132,216,0,216,348
08/24/2002,CRE,SC,ASO,ES,Federal Contract Tower,0,0,27,0,27,0,0,51,0,51,0,0,78,0,78,112,0,112,190
08/25/2002,CRE,SC,ASO,ES,Federal Contract Tower,0,1,48,0,49,0,0,53,0,53,0,1,101,0,102,178,0,178,280
08/26/2002,CRE,SC,ASO,ES,Federal Contract Tower,0,4,13,2,19,0,1,18,4,23,0,5,31,6,42,120,0,120,162
08/27/2002,CRE,SC,ASO,ES,Federal Contract Tower,0,2,33,0,35,0,0,4,4,8,0,2,37,4,43,2,0,2,45
08/28/2002,CRE,SC,ASO,ES,Federal Contract Tower,0,5,28,0,33,0,0,2,0,2,0,5,30,0,35,0,0,0,35
08/29/2002,CRE,SC,ASO,ES,Federal Contract Tower,0,5,33,0,38,0,0,2,0,2,0,5,35,0,40,0,0,0,40
08/30/2002,CRE,SC,ASO,ES,Federal Contract Tower,0,2,33,0,35,0,1,0,0,1,0,3,33,0,36,22,0,22,58
08/31/2002,CRE,SC,ASO,ES,Federal Contract Tower,0,1,27,0,28,0,1,20,0,21,0,2,47,0,49,82,0,82,131
09/01/2002,CRE,SC,ASO,ES,Federal Contract Tower,0,0,16,0,16,0,0,1,4,5,0,0,17,4,21,12,0,12,33
09/02/2002,CRE,SC,ASO,ES,Federal Contract Tower,0,2,54,0,56,0,0,13,0,13,0,2,67,0,69,84,0,84,153
09/03/2002,CRE,SC,ASO,ES,Federal Contract Tower,0,1,47,1,49,0,0,25,0,25,0,1,72,1,74,88,0,88,162
09/04/2002,CRE,SC,ASO,ES,Federal Contract Tower,0,2,24,4,30,0,0,43,0,43,0,2,67,4,73,16,8,24,97
09/05/2002,CRE,SC,ASO,ES,Federal Contract Tower,0,3,53,2,58,0,1,37,0,38,0,4,90,2,96,46,0,46,142
09/06/2002,CRE,SC,ASO,ES,Federal Contract Tower,0,1,45,0,46,0,2,35,0,37,0,3,80,0,83,74,0,74,157
09/07/2002,CRE,SC,ASO,ES,Federal Contract Tower,0,0,46,0,46,0,0,57,0,57,0,0,103,0,103,84,0,84,187
09/08/2002,CRE,SC,ASO,ES,Federal Contract Tower,0,0,60,0,60,0,0,44,0,44,0,0,104,0,104,42,0,42,146
09/09/2002,CRE,SC,ASO,ES,Federal Contract Tower,0,2,29,0,31,0,0,16,5,21,0,2,45,5,52,16,2,18,70
09/10/2002,CRE,SC,ASO,ES,Federal Contract Tower,0,3,28,0,31,0,1,14,2,17,0,4,42,2,48,12,0,12,60
09/11/2002,CRE,SC,ASO,ES,Federal Contract Tower,0,3,43,0,46,0,1,35,0,36,0,4,78,0,82,30,0,30,112
09/12/2002,CRE,SC,ASO,ES,Federal Contract Tower,0,1,31,0,32,0,3,42,0,45,0,4,73,0,77,20,0,20,97
09/13/2002,CRE,SC,ASO,ES,Federal Contract Tower,0,1,70,0,71,0,1,39,2,42,0,2,109,2,113,8,0,8,121
09/14/2002,CRE,SC,ASO,ES,Federal Contract Tower,0,0,9,0,9,0,1,2,1,4,0,1,11,1,13,16,0,16,29
09/15/2002,CRE,SC,ASO,ES,Federal Contract Tower,0,0,24,0,24,0,0,10,0,10,0,0,34,0,34,22,0,22,56
09/16/2002,CRE,SC,ASO,ES,Federal Contract Tower,0,10,43,0,53,0,2,16,4,22,0,12,59,4,75,0,0,0,75
09/17/2002,CRE,SC,ASO,ES,Federal Contract Tower,0,2,50,0,52,0,0,28,2,30,0,2,78,2,82,38,0,38,120
09/18/2002,CRE,SC,ASO,ES,Federal Contract Tower,0,9,31,0,40,0,1,14,2,17,0,10,45,2,57,18,0,18,75
09/19/2002,CRE,SC,ASO,ES,Federal Contract Tower,0,1,59,0,60,0,1,18,6,25,0,2,77,6,85,20,4,24,109
09/20/2002,CRE,SC,ASO,ES,Federal Contract Tower,0,1,58,0,59,0,1,49,2,52,0,2,107,2,111,76,0,76,187
09/21/2002,CRE,SC,ASO,ES,Federal Contract Tower,0,0,43,0,43,0,0,76,0,76,0,0,119,0,119,38,0,38,157
09/22/2002,CRE,SC,ASO,ES,Federal Contract Tower,0,0,42,0,42,0,0,62,2,64,0,0,104,2,106,22,4,26,132
09/23/2002,CRE,SC,ASO,ES,Federal Contract Tower,0,3,35,0,38,0,0,13,1,14,0,3,48,1,52,0,0,0,52
09/24/2002,CRE,SC,ASO,ES,Federal Contract Tower,0,6,56,0,62,0,0,13,1,14,0,6,69,1,76,20,0,20,96
09/25/2002,CRE,SC,ASO,ES,Federal Contract Tower,0,6,37,0,43,0,0,13,2,15,0,6,50,2,58,28,0,28,86
09/26/2002,CRE,SC,ASO,ES,Federal Contract Tower,0,3,39,0,42,0,0,8,0,8,0,3,47,0,50,28,0,28,78
09/27/2002,CRE,SC,ASO,ES,Federal Contract Tower,0,9,31,0,40,0,1,17,1,19,0,10,48,1,59,24,0,24,83
09/28/2002,CRE,SC,ASO,ES,Federal Contract Tower,0,0,29,0,29,0,0,49,0,49,0,0,78,0,78,6,0,6,84
09/29/2002,CRE,SC,ASO,ES,Federal Contract Tower,0,2,54,0,56,0,0,49,5,54,0,2,103,5,110,46,0,46,156
09/30/2002,CRE,SC,ASO,ES,Federal Contract Tower,0,3,32,0,35,0,0,23,4,27,0,3,55,4,62,12,0,12,74
10/01/2002,CRE,SC,ASO,ES,Federal Contract Tower,0,4,29,0,33,0,8,46,2,56,0,12,75,2,89,10,0,10,99
10/02/2002,CRE,SC,ASO,ES,Federal Contract Tower,0,1,61,2,64,0,1,47,0,48,0,2,108,2,112,78,0,78,190
10/03/2002,CRE,SC,ASO,ES,Federal Contract Tower,0,1,39,4,44,0,1,53,0,54,0,2,92,4,98,38,0,38,136
10/04/2002,CRE,SC,ASO,ES,Federal Contract Tower,0,2,58,0,60,0,1,35,3,39,0,3,93,3,99,44,8,52,151
10/05/2002,CRE,SC,ASO,ES,Federal Contract Tower,0,3,27,0,30,0,1,42,0,43,0,4,69,0,73,20,0,20,93
10/06/2002,CRE,SC,ASO,ES,Federal Contract Tower,0,0,46,0,46,0,0,73,0,73,0,0,119,0,119,12,0,12,131
10/07/2002,CRE,SC,ASO,ES,Federal Contract Tower,0,3,30,4,37,0,2,22,0,24,0,5,52,4,61,14,0,14,75
10/08/2002,CRE,SC,ASO,ES,Federal Contract Tower,0,4,36,0,40,0,1,17,2,20,0,5,53,2,60,10,0,10,70
10/09/2002,CRE,SC,ASO,ES,Federal Contract Tower,0,2,44,0,46,0,1,31,2,34,0,3,75,2,80,28,0,28,108
10/10/2002,CRE,SC,ASO,ES,Federal Contract Tower,0,4,52,0,56,0,1,7,2,10,0,5,59,2,66,8,0,8,74
10/11/2002,CRE,SC,ASO,ES,Federal Contract Tower,0,5,11,0,16,0,1,0,0,1,0,6,11,0,17,0,0,0,17
10/12/2002,CRE,SC,ASO,ES,Federal Contract Tower,0,1,53,1,55,0,0,48,3,51,0,1,101,4,106,52,0,52,158
10/13/2002,CRE,SC,ASO,ES,Federal Contract Tower,0,0,44,0,44,0,0,22,0,22,0,0,66,0,66,24,0,24,90
10/14/2002,CRE,SC,ASO,ES,Federal Contract Tower,0,3,34,0,37,0,1,4,0,5,0,4,38,0,42,0,0,0,42
10/15/2002,CRE,SC,ASO,ES,Federal Contract Tower,0,2,12,0,14,0,0,0,0,0,0,2,12,0,14,0,0,0,14
10/16/2002,CRE,SC,ASO,ES,Federal Contract Tower,0,1,41,0,42,0,1,10,2,13,0,2,51,2,55,4,0,4,59
10/17/2002,CRE,SC,ASO,ES,Federal Contract Tower,0,8,55,0,63,0,1,80,2,83,0,9,135,2,146,56,0,56,202
10/18/2002,CRE,SC,ASO,ES,Federal Contract Tower,0,2,40,0,42,0,1,50,0,51,0,3,90,0,93,8,0,8,101
10/19/2002,CRE,SC,ASO,ES,Federal Contract Tower,0,0,42,0,42,0,1,57,3,61,0,1,99,3,103,36,0,36,139
10/20/2002,CRE,SC,ASO,ES,Federal Contract Tower,0,2,52,0,54,0,0,49,2,51,0,2,101,2,105,34,0,34,139
10/21/2002,CRE,SC,ASO,ES,Federal Contract Tower,0,4,40,2,46,0,1,10,12,23,0,5,50,14,69,6,0,6,75
10/22/2002,CRE,SC,ASO,ES,Federal Contract Tower,0,2,37,2,41,0,0,6,0,6,0,2,43,2,47,6,0,6,53
10/23/2002,CRE,SC,ASO,ES,Federal Contract Tower,0,2,38,0,40,0,1,19,0,20,0,3,57,0,60,22,0,22,82
10/24/2002,CRE,SC,ASO,ES,Federal Contract Tower,0,2,33,2,37,0,0,3,0,3,0,2,36,2,40,0,0,0,40
10/25/2002,CRE,SC,ASO,ES,Federal Contract Tower,0,2,39,1,42,0,0,8,3,11,0,2,47,4,53,14,0,14,67
10/26/2002,CRE,SC,ASO,ES,Federal Contract Tower,0,1,40,0,41,0,0,24,0,24,0,1,64,0,65,8,0,8,73
10/27/2002,CRE,SC,ASO,ES,Federal Contract Tower,0,0,44,0,44,0,0,75,2,77,0,0,119,2,121,36,0,36,157
10/28/2002,CRE,SC,ASO,ES,Federal Contract Tower,0,3,26,0,29,0,1,9,0,10,0,4,35,0,39,18,0,18,57
10/29/2002,CRE,SC,ASO,ES,Federal Contract Tower,0,4,10,0,14,0,0,0,0,0,0,4,10,0,14,0,0,0,14
10/30/2002,CRE,SC,ASO,ES,Federal Contract Tower,0,6,17,0,23,0,0,3,0,3,0,6,20,0,26,16,0,16,42
10/31/2002,CRE,SC,ASO,ES,Federal Contract Tower,0,2,48,0,50,0,5,29,2,36,0,7,77,2,86,4,0,4,90
11/01/2002,CRE,SC,ASO,ES,Federal Contract Tower,0,2,39,2,43,0,2,56,0,58,0,4,95,2,101,52,0,52,153
11/02/2002,CRE,SC,ASO,ES,Federal Contract Tower,0,0,35,0,35,0,0,57,0,57,0,0,92,0,92,46,0,46,138
11/03/2002,CRE,SC,ASO,ES,Federal Contract Tower,0,0,48,0,48,0,0,66,0,66,0,0,114,0,114,18,0,18,132
11/04/2002,CRE,SC,ASO,ES,Federal Contract Tower,0,2,29,0,31,0,0,2,0,2,0,2,31,0,33,0,0,0,33
11/05/2002,CRE,SC,ASO,ES,Federal Contract Tower,0,3,39,2,44,0,0,16,4,20,0,3,55,6,64,12,0,12,76
11/06/2002,CRE,SC,ASO,ES,Federal Contract Tower,0,5,30,0,35,0,1,11,0,12,0,6,41,0,47,0,0,0,47
11/07/2002,CRE,SC,ASO,ES,Federal Contract Tower,0,1,68,0,69,0,3,60,2,65,0,4,128,2,134,34,0,34,168
11/08/2002,CRE,SC,ASO,ES,Federal Contract Tower,0,0,42,0,42,0,4,52,0,56,0,4,94,0,98,28,0,28,126
11/09/2002,CRE,SC,ASO,ES,Federal Contract Tower,0,2,44,0,46,0,0,58,0,58,0,2,102,0,104,26,0,26,130
11/10/2002,CRE,SC,ASO,ES,Federal Contract Tower,0,0,45,0,45,0,0,26,0,26,0,0,71,0,71,56,0,56,127
11/11/2002,CRE,SC,ASO,ES,Federal Contract Tower,0,4,14,0,18,0,0,0,0,0,0,4,14,0,18,0,0,0,18
11/12/2002,CRE,SC,ASO,ES,Federal Contract Tower,0,2,11,0,13,0,0,1,0,1,0,2,12,0,14,0,0,0,14
11/13/2002,CRE,SC,ASO,ES,Federal Contract Tower,0,2,44,0,46,0,0,16,0,16,0,2,60,0,62,0,0,0,62
11/14/2002,CRE,SC,ASO,ES,Federal Contract Tower,0,8,43,0,51,0,0,49,2,51,0,8,92,2,102,28,0,28,130
11/15/2002,CRE,SC,ASO,ES,Federal Contract Tower,0,4,53,0,57,0,0,23,2,25,0,4,76,2,82,8,2,10,92
11/16/2002,CRE,SC,ASO,ES,Federal Contract Tower,0,0,21,0,21,0,0,2,0,2,0,0,23,0,23,0,0,0,23
11/17/2002,CRE,SC,ASO,ES,Federal Contract Tower,0,2,27,0,29,0,0,0,0,0,0,2,27,0,29,0,0,0,29
11/18/2002,CRE,SC,ASO,ES,Federal Contract Tower,0,1,51,0,52,0,1,42,1,44,0,2,93,1,96,32,0,32,128
11/19/2002,CRE,SC,ASO,ES,Federal Contract Tower,0,4,36,0,40,0,0,60,6,66,0,4,96,6,106,52,0,52,158
11/20/2002,CRE,SC,ASO,ES,Federal Contract Tower,0,4,67,2,73,0,0,32,4,36,0,4,99,6,109,10,0,10,119
11/21/2002,CRE,SC,ASO,ES,Federal Contract Tower,0,4,60,1,65,0,0,8,5,13,0,4,68,6,78,4,0,4,82
11/22/2002,CRE,SC,ASO,ES,Federal Contract Tower,0,1,53,0,54,0,1,34,2,37,0,2,87,2,91,10,0,10,101
11/23/2002,CRE,SC,ASO,ES,Federal Contract Tower,0,0,41,0,41,0,0,75,0,75,0,0,116,0,116,26,0,26,142
11/24/2002,CRE,SC,ASO,ES,Federal Contract Tower,0,0,39,0,39,0,0,119,1,120,0,0,158,1,159,50,0,50,209
11/25/2002,CRE,SC,ASO,ES,Federal Contract Tower,0,3,36,0,39,0,1,33,5,39,0,4,69,5,78,14,0,14,92
11/26/2002,CRE,SC,ASO,ES,Federal Contract Tower,0,3,53,0,56,0,1,23,1,25,0,4,76,1,81,20,0,20,101
11/27/2002,CRE,SC,ASO,ES,Federal Contract Tower,0,1,49,0,50,0,2,34,0,36,0,3,83,0,86,20,0,20,106
11/28/2002,CRE,SC,ASO,ES,Federal Contract Tower,0,0,23,0,23,0,0,35,0,35,0,0,58,0,58,0,0,0,58
11/29/2002,CRE,SC,ASO,ES,Federal Contract Tower,0,1,43,0,44,0,1,73,0,74,0,2,116,0,118,14,0,14,132
11/30/2002,CRE,SC,ASO,ES,Federal Contract Tower,0,0,28,0,28,0,0,45,0,45,0,0,73,0,73,4,0,4,77
12/01/2002,CRE,SC,ASO,ES,Federal Contract Tower,0,0,73,0,73,0,0,98,0,98,0,0,171,0,171,42,0,42,213
12/02/2002,CRE,SC,ASO,ES,Federal Contract Tower,0,3,48,3,54,0,2,43,1,46,0,5,91,4,100,28,0,28,128
12/03/2002,CRE,SC,ASO,ES,Federal Contract Tower,0,2,39,0,41,0,0,33,0,33,0,2,72,0,74,10,0,10,84
12/04/2002,CRE,SC,ASO,ES,Federal Contract Tower,0,2,12,0,14,0,0,1,3,4,0,2,13,3,18,0,0,0,18
12/05/2002,CRE,SC,ASO,ES,Federal Contract Tower,0,3,4,0,7,0,0,1,0,1,0,3,5,0,8,0,0,0,8
12/06/2002,CRE,SC,ASO,ES,Federal Contract Tower,0,1,52,0,53,0,1,21,3,25,0,2,73,3,78,2,0,2,80
12/07/2002,CRE,SC,ASO,ES,Federal Contract Tower,0,0,35,0,35,0,0,60,0,60,0,0,95,0,95,18,0,18,113
12/08/2002,CRE,SC,ASO,ES,Federal Contract Tower,0,0,34,0,34,0,2,56,0,58,0,2,90,0,92,8,0,8,100
12/09/2002,CRE,SC,ASO,ES,Federal Contract Tower,0,1,42,0,43,0,5,16,1,22,0,6,58,1,65,12,0,12,77
12/10/2002,CRE,SC,ASO,ES,Federal Contract Tower,0,4,12,0,16,0,0,0,0,0,0,4,12,0,16,0,0,0,16
12/11/2002,CRE,SC,ASO,ES,Federal Contract Tower,0,6,27,0,33,0,1,0,0,1,0,7,27,0,34,0,0,0,34
12/12/2002,CRE,SC,ASO,ES,Federal Contract Tower,0,8,55,1,64,0,2,32,0,34,0,10,87,1,98,0,0,0,98
12/13/2002,CRE,SC,ASO,ES,Federal Contract Tower,0,4,9,0,13,0,0,0,0,0,0,4,9,0,13,0,0,0,13
12/14/2002,CRE,SC,ASO,ES,Federal Contract Tower,0,0,38,0,38,0,0,19,0,19,0,0,57,0,57,0,0,0,57
12/15/2002,CRE,SC,ASO,ES,Federal Contract Tower,0,2,46,0,48,0,1,68,0,69,0,3,114,0,117,54,0,54,171
12/16/2002,CRE,SC,ASO,ES,Federal Contract Tower,0,1,47,0,48,0,1,50,2,53,0,2,97,2,101,22,0,22,123
12/17/2002,CRE,SC,ASO,ES,Federal Contract Tower,0,1,38,0,39,0,1,39,2,42,0,2,77,2,81,28,0,28,109
12/18/2002,CRE,SC,ASO,ES,Federal Contract Tower,0,3,57,0,60,0,1,24,2,27,0,4,81,2,87,10,0,10,97
12/19/2002,CRE,SC,ASO,ES,Federal Contract Tower,0,2,49,0,51,0,0,4,0,4,0,2,53,0,55,0,0,0,55
12/20/2002,CRE,SC,ASO,ES,Federal Contract Tower,0,1,17,4,22,0,1,8,0,9,0,2,25,4,31,0,0,0,31
12/21/2002,CRE,SC,ASO,ES,Federal Contract Tower,0,2,41,0,43,0,0,71,0,71,0,2,112,0,114,6,0,6,120
12/22/2002,CRE,SC,ASO,ES,Federal Contract Tower,0,0,25,0,25,0,0,41,0,41,0,0,66,0,66,0,0,0,66
12/23/2002,CRE,SC,ASO,ES,Federal Contract Tower,0,2,24,0,26,0,2,60,4,66,0,4,84,4,92,0,0,0,92
12/24/2002,CRE,SC,ASO,ES,Federal Contract Tower,0,2,3,0,5,0,0,4,0,4,0,2,7,0,9,4,0,4,13
12/25/2002,CRE,SC,ASO,ES,Federal Contract Tower,0,0,6,0,6,0,0,0,0,0,0,0,6,0,6,0,0,0,6
12/26/2002,CRE,SC,ASO,ES,Federal Contract Tower,0,2,33,0,35,0,2,35,0,37,0,4,68,0,72,0,0,0,72
12/27/2002,CRE,SC,ASO,ES,Federal Contract Tower,0,1,65,7,73,0,3,45,0,48,0,4,110,7,121,16,0,16,137
12/28/2002,CRE,SC,ASO,ES,Federal Contract Tower,0,0,23,0,23,0,0,71,0,71,0,0,94,0,94,12,0,12,106
12/29/2002,CRE,SC,ASO,ES,Federal Contract Tower,0,0,34,0,34,0,0,78,0,78,0,0,112,0,112,24,0,24,136
12/30/2002,CRE,SC,ASO,ES,Federal Contract Tower,0,3,36,2,41,0,4,65,4,73,0,7,101,6,114,26,0,26,140
12/31/2002,CRE,SC,ASO,ES,Federal Contract Tower,0,1,29,1,31,0,0,31,1,32,0,1,60,2,63,10,0,10,73
01/01/2003,CRE,SC,ASO,ES,Federal Contract Tower,0,1,14,0,15,0,0,15,0,15,0,1,29,0,30,40,0,40,70
01/02/2003,CRE,SC,ASO,ES,Federal Contract Tower,0,3,34,0,37,0,1,7,0,8,0,4,41,0,45,0,0,0,45
01/03/2003,CRE,SC,ASO,ES,Federal Contract Tower,0,3,29,0,32,0,1,18,0,19,0,4,47,0,51,26,0,26,77
01/04/2003,CRE,SC,ASO,ES,Federal Contract Tower,0,0,36,0,36,0,0,56,0,56,0,0,92,0,92,0,0,0,92
01/05/2003,CRE,SC,ASO,ES,Federal Contract Tower,0,0,44,0,44,0,6,79,0,85,0,6,123,0,129,18,0,18,147
01/06/2003,CRE,SC,ASO,ES,Federal Contract Tower,0,3,23,0,26,0,3,17,0,20,0,6,40,0,46,10,0,10,56
01/07/2003,CRE,SC,ASO,ES,Federal Contract Tower,0,1,37,0,38,0,1,11,0,12,0,2,48,0,50,0,0,0,50
01/08/2003,CRE,SC,ASO,ES,Federal Contract Tower,0,1,29,0,30,0,1,26,4,31,0,2,55,4,61,0,0,0,61
01/09/2003,CRE,SC,ASO,ES,Federal Contract Tower,0,3,27,0,30,0,0,24,2,26,0,3,51,2,56,0,0,0,56
01/10/2003,CRE,SC,ASO,ES,Federal Contract Tower,0,1,29,2,32,0,1,27,0,28,0,2,56,2,60,16,0,16,76
01/11/2003,CRE,SC,ASO,ES,Federal Contract Tower,0,1,49,0,50,0,2,83,0,85,0,3,132,0,135,18,0,18,153
01/12/2003,CRE,SC,ASO,ES,Federal Contract Tower,0,0,52,0,52,0,0,52,0,52,0,0,104,0,104,20,0,20,124
01/13/2003,CRE,SC,ASO,ES,Federal Contract Tower,0,4,37,3,44,0,0,29,0,29,0,4,66,3,73,22,0,22,95
01/14/2003,CRE,SC,ASO,ES,Federal Contract Tower,0,3,31,0,34,0,0,30,0,30,0,3,61,0,64,8,0,8,72
01/15/2003,CRE,SC,ASO,ES,Federal Contract Tower,0,2,21,4,27,0,0,37,1,38,0,2,58,5,65,0,0,0,65
01/16/2003,CRE,SC,ASO,ES,Federal Contract Tower,0,4,39,0,43,0,0,27,0,27,0,4,66,0,70,0,0,0,70
01/17/2003,CRE,SC,ASO,ES,Federal Contract Tower,0,4,25,0,29,0,0,8,0,8,0,4,33,0,37,10,0,10,47
01/18/2003,CRE,SC,ASO,ES,Federal Contract Tower,0,0,50,0,50,0,0,65,0,65,0,0,115,0,115,50,0,50,165
01/19/2003,CRE,SC,ASO,ES,Federal Contract Tower,0,0,33,0,33,0,0,39,0,39,0,0,72,0,72,0,0,0,72
01/20/2003,CRE,SC,ASO,ES,Federal Contract Tower,0,2,27,0,29,0,0,28,0,28,0,2,55,0,57,0,0,0,57
01/21/2003,CRE,SC,ASO,ES,Federal Contract Tower,0,2,26,0,28,0,0,25,0,25,0,2,51,0,53,6,0,6,59
01/22/2003,CRE,SC,ASO,ES,Federal Contract Tower,0,1,46,0,47,0,1,16,0,17,0,2,62,0,64,8,0,8,72
01/23/2003,CRE,SC,ASO,ES,Federal Contract Tower,0,1,4,0,5,0,1,1,3,5,0,2,5,3,10,0,0,0,10
01/24/2003,CRE,SC,ASO,ES,Federal Contract Tower,0,4,37,0,41,0,2,23,0,25,0,6,60,0,66,10,0,10,76
01/25/2003,CRE,SC,ASO,ES,Federal Contract Tower,0,0,27,0,27,0,0,46,1,47,0,0,73,1,74,34,0,34,108
01/26/2003,CRE,SC,ASO,ES,Federal Contract Tower,0,0,34,0,34,0,0,35,0,35,0,0,69,0,69,28,0,28,97
01/27/2003,CRE,SC,ASO,ES,Federal Contract Tower,0,3,31,0,34,0,1,14,0,15,0,4,45,0,49,14,0,14,63
01/28/2003,CRE,SC,ASO,ES,Federal Contract Tower,0,3,39,0,42,0,1,36,0,37,0,4,75,0,79,10,0,10,89
01/29/2003,CRE,SC,ASO,ES,Federal Contract Tower,0,12,20,2,34,0,2,19,2,23,0,14,39,4,57,66,4,70,127
01/30/2003,CRE,SC,ASO,ES,Federal Contract Tower,0,5,24,2,31,0,0,8,0,8,0,5,32,2,39,14,0,14,53
01/31/2003,CRE,SC,ASO,ES,Federal Contract Tower,0,4,17,0,21,0,0,1,0,1,0,4,18,0,22,0,0,0,22
02/01/2003,CRE,SC,ASO,ES,Federal Contract Tower,0,0,20,0,20,0,1,20,1,22,0,1,40,1,42,42,0,42,84
02/02/2003,CRE,SC,ASO,ES,Federal Contract Tower,0,2,47,0,49,0,0,56,0,56,0,2,103,0,105,18,0,18,123
02/03/2003,CRE,SC,ASO,ES,Federal Contract Tower,0,3,44,0,47,0,0,31,0,31,0,3,75,0,78,16,0,16,94
02/04/2003,CRE,SC,ASO,ES,Federal Contract Tower,0,4,15,0,19,0,2,4,0,6,0,6,19,0,25,0,0,0,25
02/05/2003,CRE,SC,ASO,ES,Federal Contract Tower,0,2,24,0,26,0,0,57,0,57,0,2,81,0,83,22,0,22,105
02/06/2003,CRE,SC,ASO,ES,Federal Contract Tower,0,2,29,0,31,0,0,9,1,10,0,2,38,1,41,0,0,0,41
02/07/2003,CRE,SC,ASO,ES,Federal Contract Tower,0,2,32,0,34,0,0,6,0,6,0,2,38,0,40,0,0,0,40
02/08/2003,CRE,SC,ASO,ES,Federal Contract Tower,0,2,33,0,35,0,5,56,0,61,0,7,89,0,96,50,0,50,146
02/09/2003,CRE,SC,ASO,ES,Federal Contract Tower,0,0,40,0,40,0,0,68,0,68,0,0,108,0,108,60,0,60,168
02/10/2003,CRE,SC,ASO,ES,Federal Contract Tower,0,1,9,0,10,0,1,3,0,4,0,2,12,0,14,0,0,0,14
02/11/2003,CRE,SC,ASO,ES,Federal Contract Tower,0,0,35,0,35,0,0,27,5,32,0,0,62,5,67,0,0,0,67
02/12/2003,CRE,SC,ASO,ES,Federal Contract Tower,0,2,28,2,32,0,0,23,1,24,0,2,51,3,56,2,0,2,58
02/13/2003,CRE,SC,ASO,ES,Federal Contract Tower,0,3,40,0,43,0,2,34,4,40,0,5,74,4,83,10,0,10,93
02/14/2003,CRE,SC,ASO,ES,Federal Contract Tower,0,2,46,0,48,0,0,52,0,52,0,2,98,0,100,10,0,10,110
02/15/2003,CRE,SC,ASO,ES,Federal Contract Tower,0,0,26,0,26,0,0,33,0,33,0,0,59,0,59,22,0,22,81
02/16/2003,CRE,SC,ASO,ES,Federal Contract Tower,0,0,5,0,5,0,0,0,0,0,0,0,5,0,5,0,0,0,5
02/17/2003,CRE,SC,ASO,ES,Federal Contract Tower,0,2,18,0,20,0,0,0,0,0,0,2,18,0,20,0,0,0,20
02/18/2003,CRE,SC,ASO,ES,Federal Contract Tower,0,2,53,0,55,0,0,4,0,4,0,2,57,0,59,0,0,0,59
02/19/2003,CRE,SC,ASO,ES,Federal Contract Tower,0,2,47,2,51,0,0,31,2,33,0,2,78,4,84,40,0,40,124
02/20/2003,CRE,SC,ASO,ES,Federal Contract Tower,0,4,44,0,48,0,0,32,3,35,0,4,76,3,83,114,0,114,197
02/21/2003,CRE,SC,ASO,ES,Federal Contract Tower,0,6,63,0,69,0,0,4,0,4,0,6,67,0,73,0,0,0,73
02/22/2003,CRE,SC,ASO,ES,Federal Contract Tower,0,0,2,0,2,0,0,0,0,0,0,0,2,0,2,0,0,0,2
02/23/2003,CRE,SC,ASO,ES,Federal Contract Tower,0,2,25,0,27,0,3,11,2,16,0,5,36,2,43,0,0,0,43
02/24/2003,CRE,SC,ASO,ES,Federal Contract Tower,0,2,32,1,35,0,0,33,3,36,0,2,65,4,71,0,4,4,75
02/25/2003,CRE,SC,ASO,ES,Federal Contract Tower,0,3,35,0,38,0,3,27,1,31,0,6,62,1,69,4,0,4,73
02/26/2003,CRE,SC,ASO,ES,Federal Contract Tower,0,4,37,0,41,0,0,7,0,7,0,4,44,0,48,30,0,30,78
02/27/2003,CRE,SC,ASO,ES,Federal Contract Tower,0,4,7,0,11,0,0,0,0,0,0,4,7,0,11,0,0,0,11
02/28/2003,CRE,SC,ASO,ES,Federal Contract Tower,0,2,36,0,38,0,0,17,0,17,0,2,53,0,55,62,0,62,117
03/01/2003,CRE,SC,ASO,ES,Federal Contract Tower,0,1,19,0,20,0,0,0,0,0,0,1,19,0,20,0,0,0,20
03/02/2003,CRE,SC,ASO,ES,Federal Contract Tower,0,0,38,0,38,0,0,31,0,31,0,0,69,0,69,10,0,10,79
03/03/2003,CRE,SC,ASO,ES,Federal Contract Tower,0,3,44,0,47,0,2,35,0,37,0,5,79,0,84,0,0,0,84
03/04/2003,CRE,SC,ASO,ES,Federal Contract Tower,0,2,26,0,28,0,0,18,0,18,0,2,44,0,46,6,0,6,52
03/05/2003,CRE,SC,ASO,ES,Federal Contract Tower,0,4,27,2,33,0,0,20,0,20,0,4,47,2,53,66,0,66,119
03/06/2003,CRE,SC,ASO,ES,Federal Contract Tower,0,9,16,0,25,0,2,2,0,4,0,11,18,0,29,0,0,0,29
03/07/2003,CRE,SC,ASO,ES,Federal Contract Tower,0,3,44,0,47,0,0,0,0,0,0,3,44,0,47,0,0,0,47
03/08/2003,CRE,SC,ASO,ES,Federal Contract Tower,0,1,54,0,55,0,0,70,3,73,0,1,124,3,128,56,0,56,184
03/09/2003,CRE,SC,ASO,ES,Federal Contract Tower,0,4,33,0,37,0,0,52,1,53,0,4,85,1,90,2,0,2,92
03/10/2003,CRE,SC,ASO,ES,Federal Contract Tower,0,4,27,1,32,0,0,50,1,51,0,4,77,2,83,22,0,22,105
03/11/2003,CRE,SC,ASO,ES,Federal Contract Tower,0,2,23,3,28,0,0,25,0,25,0,2,48,3,53,10,0,10,63
03/12/2003,CRE,SC,ASO,ES,Federal Contract Tower,0,2,31,0,33,0,0,53,1,54,0,2,84,1,87,10,0,10,97
03/13/2003,CRE,SC,ASO,ES,Federal Contract Tower,0,2,25,0,27,0,0,13,0,13,0,2,38,0,40,0,0,0,40
03/14/2003,CRE,SC,ASO,ES,Federal Contract Tower,0,4,40,0,44,0,0,26,0,26,0,4,66,0,70,28,0,28,98
03/15/2003,CRE,SC,ASO,ES,Federal Contract Tower,0,0,12,0,12,0,0,2,0,2,0,0,14,0,14,0,0,0,14
03/16/2003,CRE,SC,ASO,ES,Federal Contract Tower,0,0,34,0,34,0,0,14,0,14,0,0,48,0,48,34,0,34,82
03/17/2003,CRE,SC,ASO,ES,Federal Contract Tower,0,3,26,0,29,0,0,0,0,0,0,3,26,0,29,0,0,0,29
03/18/2003,CRE,SC,ASO,ES,Federal Contract Tower,0,3,40,0,43,0,0,9,0,9,0,3,49,0,52,14,0,14,66
03/19/2003,CRE,SC,ASO,ES,Federal Contract Tower,0,5,30,2,37,0,0,0,1,1,0,5,30,3,38,0,0,0,38
03/20/2003,CRE,SC,ASO,ES,Federal Contract Tower,0,4,19,0,23,0,0,0,0,0,0,4,19,0,23,0,0,0,23
03/21/2003,CRE,SC,ASO,ES,Federal Contract Tower,0,6,41,0,47,0,0,21,1,22,0,6,62,1,69,14,0,14,83
03/22/2003,CRE,SC,ASO,ES,Federal Contract Tower,0,8,39,3,50,0,7,97,5,109,0,15,136,8,159,30,4,34,193
03/23/2003,CRE,SC,ASO,ES,Federal Contract Tower,0,3,61,0,64,0,0,52,1,53,0,3,113,1,117,32,0,32,149
03/24/2003,CRE,SC,ASO,ES,Federal Contract Tower,0,2,29,0,31,0,0,31,2,33,0,2,60,2,64,8,0,8,72
03/25/2003,CRE,SC,ASO,ES,Federal Contract Tower,0,4,34,7,45,0,1,27,4,32,0,5,61,11,77,12,0,12,89
03/26/2003,CRE,SC,ASO,ES,Federal Contract Tower,0,6,18,0,24,0,0,22,0,22,0,6,40,0,46,0,0,0,46
03/27/2003,CRE,SC,ASO,ES,Federal Contract Tower,0,7,29,0,36,0,0,12,1,13,0,7,41,1,49,8,0,8,57
03/28/2003,CRE,SC,ASO,ES,Federal Contract Tower,0,8,46,1,55,0,0,13,1,14,0,8,59,2,69,38,0,38,107
03/29/2003,CRE,SC,ASO,ES,Federal Contract Tower,0,0,17,0,17,0,0,34,0,34,0,0,51,0,51,16,0,16,67
03/30/2003,CRE,SC,ASO,ES,Federal Contract Tower,0,0,14,0,14,0,0,3,2,5,0,0,17,2,19,0,0,0,19
03/31/2003,CRE,SC,ASO,ES,Federal Contract Tower,0,2,51,1,54,0,0,53,2,55,0,2,104,3,109,18,0,18,127
04/01/2003,CRE,SC,ASO,ES,Federal Contract Tower,0,3,41,0,44,0,1,55,1,57,0,4,96,1,101,38,0,38,139
04/02/2003,CRE,SC,ASO,ES,Federal Contract Tower,0,2,39,0,41,0,0,56,4,60,0,2,95,4,101,8,0,8,109
04/03/2003,CRE,SC,ASO,ES,Federal Contract Tower,0,4,76,2,82,0,0,87,0,87,0,4,163,2,169,20,0,20,189
04/04/2003,CRE,SC,ASO,ES,Federal Contract Tower,0,8,60,0,68,0,0,56,0,56,0,8,116,0,124,16,0,16,140
04/05/2003,CRE,SC,ASO,ES,Federal Contract Tower,0,3,39,0,42,0,0,55,0,55,0,3,94,0,97,22,0,22,119
04/06/2003,CRE,SC,ASO,ES,Federal Contract Tower,0,0,118,2,120,0,0,33,0,33,0,0,151,2,153,0,0,0,153
04/07/2003,CRE,SC,ASO,ES,Federal Contract Tower,0,3,13,0,16,0,0,6,0,6,0,3,19,0,22,8,0,8,30
04/08/2003,CRE,SC,ASO,ES,Federal Contract Tower,0,3,14,0,17,0,0,2,0,2,0,3,16,0,19,0,0,0,19
04/09/2003,CRE,SC,ASO,ES,Federal Contract Tower,0,5,17,0,22,0,0,2,0,2,0,5,19,0,24,0,0,0,24
04/10/2003,CRE,SC,ASO,ES,Federal Contract Tower,0,6,21,0,27,0,0,4,0,4,0,6,25,0,31,2,0,2,33
04/11/2003,CRE,SC,ASO,ES,Federal Contract Tower,0,2,51,2,55,0,0,5,0,5,0,2,56,2,60,2,0,2,62
04/12/2003,CRE,SC,ASO,ES,Federal Contract Tower,0,0,60,0,60,0,0,89,0,89,0,0,149,0,149,204,0,204,353
04/13/2003,CRE,SC,ASO,ES,Federal Contract Tower,0,1,80,0,81,0,0,134,0,134,0,1,214,0,215,188,0,188,403
04/14/2003,CRE,SC,ASO,ES,Federal Contract Tower,0,8,43,0,51,0,0,39,0,39,0,8,82,0,90,22,0,22,112
04/15/2003,CRE,SC,ASO,ES,Federal Contract Tower,0,6,43,0,49,0,2,50,2,54,0,8,93,2,103,50,0,50,153
04/16/2003,CRE,SC,ASO,ES,Federal Contract Tower,0,1,57,0,58,0,0,86,0,86,0,1,143,0,144,64,0,64,208
04/17/2003,CRE,SC,ASO,ES,Federal Contract Tower,0,4,61,0,65,0,0,42,0,42,0,4,103,0,107,126,0,126,233
04/18/2003,CRE,SC,ASO,ES,Federal Contract Tower,0,2,48,0,50,0,0,32,0,32,0,2,80,0,82,84,0,84,166
04/19/2003,CRE,SC,ASO,ES,Federal Contract Tower,0,1,89,0,90,0,0,54,0,54,0,1,143,0,144,64,0,64,208
04/20/2003,CRE,SC,ASO,ES,Federal Contract Tower,0,1,63,0,64,0,0,85,0,85,0,1,148,0,149,52,0,52,201
04/21/2003,CRE,SC,ASO,ES,Federal Contract Tower,0,0,59,0,59,0,0,44,0,44,0,0,103,0,103,28,0,28,131
04/22/2003,CRE,SC,ASO,ES,Federal Contract Tower,0,2,46,0,48,0,1,37,7,45,0,3,83,7,93,96,0,96,189
04/23/2003,CRE,SC,ASO,ES,Federal Contract Tower,0,3,49,0,52,0,1,69,3,73,0,4,118,3,125,172,0,172,297
04/24/2003,CRE,SC,ASO,ES,Federal Contract Tower,0,6,69,0,75,0,0,70,3,73,0,6,139,3,148,166,0,166,314
04/25/2003,CRE,SC,ASO,ES,Federal Contract Tower,0,2,36,2,40,0,0,5,0,5,0,2,41,2,45,2,0,2,47
04/26/2003,CRE,SC,ASO,ES,Federal Contract Tower,0,0,40,0,40,0,0,19,0,19,0,0,59,0,59,18,0,18,77
04/27/2003,CRE,SC,ASO,ES,Federal Contract Tower,0,0,83,0,83,0,0,69,0,69,0,0,152,0,152,44,0,44,196
04/28/2003,CRE,SC,ASO,ES,Federal Contract Tower,0,1,39,0,40,0,0,37,3,40,0,1,76,3,80,110,0,110,190
04/29/2003,CRE,SC,ASO,ES,Federal Contract Tower,0,2,54,0,56,0,2,51,0,53,0,4,105,0,109,46,0,46,155
04/30/2003,CRE,SC,ASO,ES,Federal Contract Tower,0,2,52,0,54,0,1,79,2,82,0,3,131,2,136,134,0,134,270
05/01/2003,CRE,SC,ASO,ES,Federal Contract Tower,0,5,38,0,43,0,5,30,2,37,0,10,68,2,80,106,0,106,186
05/02/2003,CRE,SC,ASO,ES,Federal Contract Tower,0,4,61,3,68,0,1,43,9,53,0,5,104,12,121,146,0,146,267
05/03/2003,CRE,SC,ASO,ES,Federal Contract Tower,0,0,41,0,41,0,0,35,0,35,0,0,76,0,76,56,0,56,132
05/04/2003,CRE,SC,ASO,ES,Federal Contract Tower,0,0,81,3,84,0,0,6,2,8,0,0,87,5,92,0,0,0,92
05/05/2003,CRE,SC,ASO,ES,Federal Contract Tower,0,2,42,0,44,0,0,19,0,19,0,2,61,0,63,26,0,26,89
05/06/2003,CRE,SC,ASO,ES,Federal Contract Tower,0,4,40,0,44,0,0,6,0,6,0,4,46,0,50,10,0,10,60
05/07/2003,CRE,SC,ASO,ES,Federal Contract Tower,0,2,37,0,39,0,0,25,0,25,0,2,62,0,64,16,0,16,80
05/08/2003,CRE,SC,ASO,ES,Federal Contract Tower,0,2,56,0,58,0,1,42,2,45,0,3,98,2,103,58,0,58,161
05/09/2003,CRE,SC,ASO,ES,Federal Contract Tower,0,0,59,0,59,0,2,57,1,60,0,2,116,1,119,66,0,66,185
05/10/2003,CRE,SC,ASO,ES,Federal Contract Tower,0,1,43,0,44,0,3,104,0,107,0,4,147,0,151,80,0,80,231
05/11/2003,CRE,SC,ASO,ES,Federal Contract Tower,0,1,42,0,43,0,0,49,0,49,0,1,91,0,92,26,0,26,118
05/12/2003,CRE,SC,ASO,ES,Federal Contract Tower,0,2,45,0,47,0,0,44,0,44,0,2,89,0,91,32,0,32,123
05/13/2003,CRE,SC,ASO,ES,Federal Contract Tower,0,2,20,1,23,0,0,59,3,62,0,2,79,4,85,56,0,56,141
05/14/2003,CRE,SC,ASO,ES,Federal Contract Tower,0,2,46,0,48,0,3,46,0,49,0,5,92,0,97,14,0,14,111
05/15/2003,CRE,SC,ASO,ES,Federal Contract Tower,0,2,39,0,41,0,1,4,3,8,0,3,43,3,49,14,0,14,63
05/16/2003,CRE,SC,ASO,ES,Federal Contract Tower,0,2,47,0,49,0,2,19,3,24,0,4,66,3,73,6,0,6,79
05/17/2003,CRE,SC,ASO,ES,Federal Contract Tower,0,1,43,0,44,0,0,9,6,15,0,1,52,6,59,8,0,8,67
05/18/2003,CRE,SC,ASO,ES,Federal Contract Tower,0,0,45,0,45,0,0,12,0,12,0,0,57,0,57,6,0,6,63
05/19/2003,CRE,SC,ASO,ES,Federal Contract Tower,0,4,19,0,23,0,0,7,0,7,0,4,26,0,30,12,0,12,42
05/20/2003,CRE,SC,ASO,ES,Federal Contract Tower,0,2,25,0,27,0,1,50,8,59,0,3,75,8,86,18,0,18,104
05/21/2003,CRE,SC,ASO,ES,Federal Contract Tower,0,2,26,1,29,0,0,37,16,53,0,2,63,17,82,90,0,90,172
05/22/2003,CRE,SC,ASO,ES,Federal Contract Tower,0,2,35,0,37,0,0,5,12,17,0,2,40,12,54,8,0,8,62
05/23/2003,CRE,SC,ASO,ES,Federal Contract Tower,0,4,22,0,26,0,0,7,14,21,0,4,29,14,47,2,0,2,49
05/24/2003,CRE,SC,ASO,ES,Federal Contract Tower,0,0,24,0,24,0,1,45,22,68,0,1,69,22,92,52,0,52,144
05/25/2003,CRE,SC,ASO,ES,Federal Contract Tower,0,0,28,0,28,0,0,42,10,52,0,0,70,10,80,58,0,58,138
05/26/2003,CRE,SC,ASO,ES,Federal Contract Tower,0,1,34,0,35,0,1,31,2,34,0,2,65,2,69,16,0,16,85
05/27/2003,CRE,SC,ASO,ES,Federal Contract Tower,0,2,27,2,31,0,0,10,0,10,0,2,37,2,41,24,0,24,65
05/28/2003,CRE,SC,ASO,ES,Federal Contract Tower,0,3,35,0,38,0,1,44,0,45,0,4,79,0,83,76,0,76,159
05/29/2003,CRE,SC,ASO,ES,Federal Contract Tower,0,2,28,0,30,0,0,12,0,12,0,2,40,0,42,44,0,44,86
05/30/2003,CRE,SC,ASO,ES,Federal Contract Tower,0,2,53,2,57,0,1,60,0,61,0,3,113,2,118,102,0,102,220
05/31/2003,CRE,SC,ASO,ES,Federal Contract Tower,0,0,18,0,18,0,0,46,0,46,0,0,64,0,64,108,0,108,172
06/01/2003,CRE,SC,ASO,ES,Federal Contract Tower,0,0,47,0,47,0,2,123,0,125,0,2,170,0,172,108,0,108,280
06/02/2003,CRE,SC,ASO,ES,Federal Contract Tower,0,3,45,0,48,0,2,97,0,99,0,5,142,0,147,98,0,98,245
06/03/2003,CRE,SC,ASO,ES,Federal Contract Tower,0,2,23,0,25,0,0,40,6,46,0,2,63,6,71,216,0,216,287
06/04/2003,CRE,SC,ASO,ES,Federal Contract Tower,0,14,20,0,34,0,5,10,0,15,0,19,30,0,49,34,0,34,83
06/05/2003,CRE,SC,ASO,ES,Federal Contract Tower,0,6,63,0,69,0,11,64,0,75,0,17,127,0,144,270,0,270,414
06/06/2003,CRE,SC,ASO,ES,Federal Contract Tower,0,2,36,0,38,0,2,51,4,57,0,4,87,4,95,242,0,242,337
06/07/2003,CRE,SC,ASO,ES,Federal Contract Tower,0,2,28,4,34,0,0,10,1,11,0,2,38,5,45,8,0,8,53
06/08/2003,CRE,SC,ASO,ES,Federal Contract Tower,0,0,47,0,47,0,0,7,0,7,0,0,54,0,54,6,0,6,60
06/09/2003,CRE,SC,ASO,ES,Federal Contract Tower,0,5,47,10,62,0,0,101,0,101,0,5,148,10,163,120,34,154,317
06/10/2003,CRE,SC,ASO,ES,Federal Contract Tower,0,2,35,4,41,0,0,51,3,54,0,2,86,7,95,184,0,184,279
06/11/2003,CRE,SC,ASO,ES,Federal Contract Tower,0,4,33,0,37,0,0,56,16,72,0,4,89,16,109,134,0,134,243
06/12/2003,CRE,SC,ASO,ES,Federal Contract Tower,0,3,36,0,39,0,2,12,2,16,0,5,48,2,55,116,0,116,171
06/13/2003,CRE,SC,ASO,ES,Federal Contract Tower,0,2,43,0,45,0,5,38,0,43,0,7,81,0,88,178,0,178,266
06/14/2003,CRE,SC,ASO,ES,Federal Contract Tower,0,4,46,0,50,0,0,162,0,162,0,4,208,0,212,148,0,148,360
06/15/2003,CRE,SC,ASO,ES,Federal Contract Tower,0,0,61,0,61,0,0,163,0,163,0,0,224,0,224,76,0,76,300
06/16/2003,CRE,SC,ASO,ES,Federal Contract Tower,0,2,24,0,26,0,0,82,0,82,0,2,106,0,108,62,0,62,170
06/17/2003,CRE,SC,ASO,ES,Federal Contract Tower,0,2,15,2,19,0,0,8,0,8,0,2,23,2,27,0,0,0,27
06/18/2003,CRE,SC,ASO,ES,Federal Contract Tower,0,2,39,0,41,0,0,40,2,42,0,2,79,2,83,54,0,54,137
06/19/2003,CRE,SC,ASO,ES,Federal Contract Tower,0,2,36,0,38,0,0,6,0,6,0,2,42,0,44,232,0,232,276
06/20/2003,CRE,SC,ASO,ES,Federal Contract Tower,0,11,58,1,70,0,0,17,2,19,0,11,75,3,89,162,0,162,251
06/21/2003,CRE,SC,ASO,ES,Federal Contract Tower,0,0,33,0,33,0,0,212,0,212,0,0,245,0,245,176,0,176,421
06/22/2003,CRE,SC,ASO,ES,Federal Contract Tower,0,0,47,0,47,0,0,240,0,240,0,0,287,0,287,154,0,154,441
06/23/2003,CRE,SC,ASO,ES,Federal Contract Tower,0,8,40,2,50,0,1,125,0,126,0,9,165,2,176,188,0,188,364
06/24/2003,CRE,SC,ASO,ES,Federal Contract Tower,0,2,33,7,42,0,14,62,3,79,0,16,95,10,121,244,36,280,401
06/25/2003,CRE,SC,ASO,ES,Federal Contract Tower,0,5,59,0,64,0,4,58,2,64,0,9,117,2,128,286,0,286,414
06/26/2003,CRE,SC,ASO,ES,Federal Contract Tower,0,2,37,2,41,0,2,60,0,62,0,4,97,2,103,210,0,210,313
06/27/2003,CRE,SC,ASO,ES,Federal Contract Tower,0,2,46,0,48,0,2,115,0,117,0,4,161,0,165,186,0,186,351
06/28/2003,CRE,SC,ASO,ES,Federal Contract Tower,0,0,52,0,52,0,0,85,0,85,0,0,137,0,137,204,0,204,341
06/29/2003,CRE,SC,ASO,ES,Federal Contract Tower,0,0,54,4,58,0,0,157,2,159,0,0,211,6,217,120,8,128,345
06/30/2003,CRE,SC,ASO,ES,Federal Contract Tower,0,2,25,2,29,0,0,63,2,65,0,2,88,4,94,116,12,128,222
07/01/2003,CRE,SC,ASO,ES,Federal Contract Tower,0,7,33,0,40,0,1,7,0,8,0,8,40,0,48,120,0,120,168
07/02/2003,CRE,SC,ASO,ES,Federal Contract Tower,0,2,10,1,13,0,1,8,2,11,0,3,18,3,24,0,0,0,24
07/03/2003,CRE,SC,ASO,ES,Federal Contract Tower,0,3,78,3,84,0,0,41,2,43,0,3,119,5,127,202,0,202,329
07/04/2003,CRE,SC,ASO,ES,Federal Contract Tower,0,0,29,0,29,0,9,75,0,84,0,9,104,0,113,226,0,226,339
07/05/2003,CRE,SC,ASO,ES,Federal Contract Tower,0,0,25,0,25,0,0,140,0,140,0,0,165,0,165,164,18,182,347
07/06/2003,CRE,SC,ASO,ES,Federal Contract Tower,0,0,62,0,62,0,0,132,0,132,0,0,194,0,194,118,0,118,312
07/07/2003,CRE,SC,ASO,ES,Federal Contract Tower,0,2,32,0,34,0,3,122,0,125,0,5,154,0,159,130,0,130,289
07/08/2003,CRE,SC,ASO,ES,Federal Contract Tower,0,2,40,2,44,0,0,53,6,59,0,2,93,8,103,158,0,158,261
07/09/2003,CRE,SC,ASO,ES,Federal Contract Tower,0,2,23,0,25,0,0,82,1,83,0,2,105,1,108,146,0,146,254
07/10/2003,CRE,SC,ASO,ES,Federal Contract Tower,0,3,54,0,57,0,0,51,2,53,0,3,105,2,110,180,0,180,290
07/11/2003,CRE,SC,ASO,ES,Federal Contract Tower,0,1,24,1,26,0,1,46,7,54,0,2,70,8,80,204,0,204,284
07/12/2003,CRE,SC,ASO,ES,Federal Contract Tower,0,0,30,0,30,0,0,59,0,59,0,0,89,0,89,102,0,102,191
07/13/2003,CRE,SC,ASO,ES,Federal Contract Tower,0,2,23,0,25,0,6,26,0,32,0,8,49,0,57,144,0,144,201
07/14/2003,CRE,SC,ASO,ES,Federal Contract Tower,0,2,14,0,16,0,0,10,0,10,0,2,24,0,26,22,0,22,48
07/15/2003,CRE,SC,ASO,ES,Federal Contract Tower,0,1,32,2,35,0,1,46,0,47,0,2,78,2,82,140,0,140,222
07/16/2003,CRE,SC,ASO,ES,Federal Contract Tower,0,4,26,1,31,0,1,57,1,59,0,5,83,2,90,104,0,104,194
07/17/2003,CRE,SC,ASO,ES,Federal Contract Tower,0,4,29,8,41,0,0,34,3,37,0,4,63,11,78,114,0,114,192
07/18/2003,CRE,SC,ASO,ES,Federal Contract Tower,0,2,35,0,37,0,0,75,1,76,0,2,110,1,113,156,0,156,269
07/19/2003,CRE,SC,ASO,ES,Federal Contract Tower,0,3,28,0,31,0,0,31,2,33,0,3,59,2,64,74,0,74,138
07/20/2003,CRE,SC,ASO,ES,Federal Contract Tower,0,0,54,0,54,0,0,120,1,121,0,0,174,1,175,100,0,100,275
07/21/2003,CRE,SC,ASO,ES,Federal Contract Tower,0,2,30,0,32,0,0,88,0,88,0,2,118,0,120,126,0,126,246
07/22/2003,CRE,SC,ASO,ES,Federal Contract Tower,0,3,21,0,24,0,0,46,2,48,0,3,67,2,72,126,0,126,198
07/23/2003,CRE,SC,ASO,ES,Federal Contract Tower,0,4,21,0,25,0,0,21,0,21,0,4,42,0,46,162,0,162,208
07/24/2003,CRE,SC,ASO,ES,Federal Contract Tower,0,2,39,4,45,0,0,20,1,21,0,2,59,5,66,116,0,116,182
07/25/2003,CRE,SC,ASO,ES,Federal Contract Tower,0,2,34,0,36,0,0,76,3,79,0,2,110,3,115,170,0,170,285
07/26/2003,CRE,SC,ASO,ES,Federal Contract Tower,0,0,41,0,41,0,0,14,0,14,0,0,55,0,55,168,0,168,223
07/27/2003,CRE,SC,ASO,ES,Federal Contract Tower,0,0,46,0,46,0,0,105,0,105,0,0,151,0,151,146,0,146,297
07/28/2003,CRE,SC,ASO,ES,Federal Contract Tower,0,2,45,0,47,0,0,104,0,104,0,2,149,0,151,124,0,124,275
07/29/2003,CRE,SC,ASO,ES,Federal Contract Tower,0,1,33,2,36,0,0,33,0,33,0,1,66,2,69,152,0,152,221
07/30/2003,CRE,SC,ASO,ES,Federal Contract Tower,0,3,35,4,42,0,0,47,2,49,0,3,82,6,91,176,0,176,267
07/31/2003,CRE,SC,ASO,ES,Federal Contract Tower,0,2,30,0,32,0,0,29,0,29,0,2,59,0,61,166,0,166,227
08/01/2003,CRE,SC,ASO,ES,Federal Contract Tower,0,5,46,0,51,0,0,57,0,57,0,5,103,0,108,154,0,154,262
08/02/2003,CRE,SC,ASO,ES,Federal Contract Tower,0,0,35,0,35,0,0,43,0,43,0,0,78,0,78,144,0,144,222
08/03/2003,CRE,SC,ASO,ES,Federal Contract Tower,0,0,33,0,33,0,0,82,0,82,0,0,115,0,115,100,0,100,215
08/04/2003,CRE,SC,ASO,ES,Federal Contract Tower,0,4,27,0,31,0,0,48,2,50,0,4,75,2,81,138,0,138,219
08/05/2003,CRE,SC,ASO,ES,Federal Contract Tower,0,2,35,1,38,0,0,24,1,25,0,2,59,2,63,174,0,174,237
08/06/2003,CRE,SC,ASO,ES,Federal Contract Tower,0,2,28,0,30,0,0,13,0,13,0,2,41,0,43,128,0,128,171
08/07/2003,CRE,SC,ASO,ES,Federal Contract Tower,0,2,41,0,43,0,0,14,0,14,0,2,55,0,57,152,0,152,209
08/08/2003,CRE,SC,ASO,ES,Federal Contract Tower,0,4,41,0,45,0,0,22,0,22,0,4,63,0,67,212,0,212,279
08/09/2003,CRE,SC,ASO,ES,Federal Contract Tower,0,0,31,0,31,0,0,19,0,19,0,0,50,0,50,180,0,180,230
08/10/2003,CRE,SC,ASO,ES,Federal Contract Tower,0,2,33,0,35,0,0,15,0,15,0,2,48,0,50,92,0,92,142
08/11/2003,CRE,SC,ASO,ES,Federal Contract Tower,0,6,27,0,33,0,0,7,0,7,0,6,34,0,40,94,0,94,134
08/12/2003,CRE,SC,ASO,ES,Federal Contract Tower,0,2,32,0,34,0,0,20,0,20,0,2,52,0,54,104,0,104,158
08/13/2003,CRE,SC,ASO,ES,Federal Contract Tower,0,2,53,0,55,0,0,32,1,33,0,2,85,1,88,122,0,122,210
08/14/2003,CRE,SC,ASO,ES,Federal Contract Tower,0,2,27,0,29,0,0,79,0,79,0,2,106,0,108,148,0,148,256
08/15/2003,CRE,SC,ASO,ES,Federal Contract Tower,0,2,27,0,29,0,0,109,1,110,0,2,136,1,139,164,0,164,303
08/16/2003,CRE,SC,ASO,ES,Federal Contract Tower,0,1,32,0,33,0,0,91,0,91,0,1,123,0,124,156,0,156,280
08/17/2003,CRE,SC,ASO,ES,Federal Contract Tower,0,0,50,0,50,0,0,72,0,72,0,0,122,0,122,84,0,84,206
08/18/2003,CRE,SC,ASO,ES,Federal Contract Tower,0,4,17,0,21,0,1,34,0,35,0,5,51,0,56,96,0,96,152
08/19/2003,CRE,SC,ASO,ES,Federal Contract Tower,0,2,31,1,34,0,0,30,2,32,0,2,61,3,66,118,0,118,184
08/20/2003,CRE,SC,ASO,ES,Federal Contract Tower,0,6,35,0,41,0,0,28,1,29,0,6,63,1,70,140,0,140,210
08/21/2003,CRE,SC,ASO,ES,Federal Contract Tower,0,2,49,0,51,0,0,35,0,35,0,2,84,0,86,144,0,144,230
08/22/2003,CRE,SC,ASO,ES,Federal Contract Tower,0,2,58,4,64,0,2,53,0,55,0,4,111,4,119,138,0,138,257
08/23/2003,CRE,SC,ASO,ES,Federal Contract Tower,0,2,37,0,39,0,0,42,1,43,0,2,79,1,82,164,0,164,246
08/24/2003,CRE,SC,ASO,ES,Federal Contract Tower,0,0,77,0,77,0,1,40,4,45,0,1,117,4,122,148,0,148,270
08/25/2003,CRE,SC,ASO,ES,Federal Contract Tower,0,4,46,0,50,0,0,82,4,86,0,4,128,4,136,116,0,116,252
08/26/2003,CRE,SC,ASO,ES,Federal Contract Tower,0,0,10,0,10,0,4,46,6,56,0,4,56,6,66,98,0,98,164
08/27/2003,CRE,SC,ASO,ES,Federal Contract Tower,0,2,37,0,39,0,0,27,0,27,0,2,64,0,66,100,0,100,166
08/28/2003,CRE,SC,ASO,ES,Federal Contract Tower,0,3,36,8,47,0,0,31,0,31,0,3,67,8,78,122,0,122,200
08/29/2003,CRE,SC,ASO,ES,Federal Contract Tower,0,3,59,0,62,0,0,74,0,74,0,3,133,0,136,162,0,162,298
08/30/2003,CRE,SC,ASO,ES,Federal Contract Tower,0,0,39,0,39,0,0,122,0,122,0,0,161,0,161,176,0,176,337
08/31/2003,CRE,SC,ASO,ES,Federal Contract Tower,0,1,33,0,34,0,2,41,0,43,0,3,74,0,77,72,0,72,149
09/01/2003,CRE,SC,ASO,ES,Federal Contract Tower,0,2,62,0,64,0,1,68,0,69,0,3,130,0,133,92,0,92,225
09/02/2003,CRE,SC,ASO,ES,Federal Contract Tower,0,2,34,0,36,0,0,45,0,45,0,2,79,0,81,34,0,34,115
09/03/2003,CRE,SC,ASO,ES,Federal Contract Tower,0,2,25,2,29,0,0,13,5,18,0,2,38,7,47,36,0,36,83
09/04/2003,CRE,SC,ASO,ES,Federal Contract Tower,0,2,15,2,19,0,2,14,1,17,0,4,29,3,36,40,0,40,76
09/05/2003,CRE,SC,ASO,ES,Federal Contract Tower,0,2,33,1,36,0,2,31,1,34,0,4,64,2,70,4,0,4,74
09/06/2003,CRE,SC,ASO,ES,Federal Contract Tower,0,2,35,0,37,0,0,4,0,4,0,2,39,0,41,0,0,0,41
09/07/2003,CRE,SC,ASO,ES,Federal Contract Tower,0,0,37,0,37,0,0,6,0,6,0,0,43,0,43,0,0,0,43
09/08/2003,CRE,SC,ASO,ES,Federal Contract Tower,0,2,21,2,25,0,0,16,0,16,0,2,37,2,41,12,0,12,53
09/09/2003,CRE,SC,ASO,ES,Federal Contract Tower,0,2,27,0,29,0,1,25,1,27,0,3,52,1,56,12,0,12,68
09/10/2003,CRE,SC,ASO,ES,Federal Contract Tower,0,6,37,8,51,0,0,18,0,18,0,6,55,8,69,4,0,4,73
09/11/2003,CRE,SC,ASO,ES,Federal Contract Tower,0,2,42,2,46,0,0,27,0,27,0,2,69,2,73,22,0,22,95
09/12/2003,CRE,SC,ASO,ES,Federal Contract Tower,0,2,59,3,64,0,0,18,1,19,0,2,77,4,83,34,0,34,117
09/13/2003,CRE,SC,ASO,ES,Federal Contract Tower,0,0,29,0,29,0,0,40,0,40,0,0,69,0,69,26,0,26,95
09/14/2003,CRE,SC,ASO,ES,Federal Contract Tower,0,0,53,0,53,0,0,45,1,46,0,0,98,1,99,8,0,8,107
09/15/2003,CRE,SC,ASO,ES,Federal Contract Tower,0,2,34,0,36,0,2,41,1,44,0,4,75,1,80,32,0,32,112
09/16/2003,CRE,SC,ASO,ES,Federal Contract Tower,0,6,18,0,24,0,0,48,0,48,0,6,66,0,72,38,0,38,110
09/17/2003,CRE,SC,ASO,ES,Federal Contract Tower,0,2,25,0,27,0,0,8,3,11,0,2,33,3,38,40,0,40,78
09/18/2003,CRE,SC,ASO,ES,Federal Contract Tower,0,2,3,0,5,0,0,3,0,3,0,2,6,0,8,0,0,0,8
09/19/2003,CRE,SC,ASO,ES,Federal Contract Tower,0,2,28,0,30,0,0,50,2,52,0,2,78,2,82,26,0,26,108
09/20/2003,CRE,SC,ASO,ES,Federal Contract Tower,0,0,35,0,35,0,0,111,4,115,0,0,146,4,150,32,0,32,182
09/21/2003,CRE,SC,ASO,ES,Federal Contract Tower,0,0,51,0,51,0,0,74,4,78,0,0,125,4,129,16,0,16,145
09/22/2003,CRE,SC,ASO,ES,Federal Contract Tower,0,2,33,7,42,0,0,30,0,30,0,2,63,7,72,16,16,32,104
09/23/2003,CRE,SC,ASO,ES,Federal Contract Tower,0,4,19,0,23,0,0,22,0,22,0,4,41,0,45,18,0,18,63
09/24/2003,CRE,SC,ASO,ES,Federal Contract Tower,0,2,40,0,42,0,0,68,1,69,0,2,108,1,111,24,0,24,135
09/25/2003,CRE,SC,ASO,ES,Federal Contract Tower,0,2,43,0,45,0,2,58,1,61,0,4,101,1,106,48,0,48,154
09/26/2003,CRE,SC,ASO,ES,Federal Contract Tower,0,6,57,0,63,0,0,51,1,52,0,6,108,1,115,88,0,88,203
09/27/2003,CRE,SC,ASO,ES,Federal Contract Tower,0,0,29,2,31,0,0,21,0,21,0,0,50,2,52,18,0,18,70
09/28/2003,CRE,SC,ASO,ES,Federal Contract Tower,0,0,44,0,44,0,0,56,0,56,0,0,100,0,100,0,0,0,100
09/29/2003,CRE,SC,ASO,ES,Federal Contract Tower,0,2,11,5,18,0,2,40,1,43,0,4,51,6,61,28,0,28,89
09/30/2003,CRE,SC,ASO,ES,Federal Contract Tower,0,2,26,0,28,0,0,42,0,42,0,2,68,0,70,8,0,8,78
10/01/2003,CRE,SC,ASO,ES,Federal Contract Tower,0,2,34,1,37,0,2,32,3,37,0,4,66,4,74,22,0,22,96
10/02/2003,CRE,SC,ASO,ES,Federal Contract Tower,0,2,36,0,38,0,8,17,0,25,0,10,53,0,63,30,0,30,93
10/03/2003,CRE,SC,ASO,ES,Federal Contract Tower,0,2,43,0,45,0,0,64,0,64,0,2,107,0,109,32,0,32,141
10/04/2003,CRE,SC,ASO,ES,Federal Contract Tower,0,1,19,1,21,0,1,60,0,61,0,2,79,1,82,16,0,16,98
10/05/2003,CRE,SC,ASO,ES,Federal Contract Tower,0,1,35,1,37,0,0,76,0,76,0,1,111,1,113,12,0,12,125
10/06/2003,CRE,SC,ASO,ES,Federal Contract Tower,0,2,30,0,32,0,7,28,0,35,0,9,58,0,67,18,0,18,85
10/07/2003,CRE,SC,ASO,ES,Federal Contract Tower,0,2,35,1,38,0,0,40,5,45,0,2,75,6,83,30,0,30,113
10/08/2003,CRE,SC,ASO,ES,Federal Contract Tower,0,2,20,0,22,0,2,1,0,3,0,4,21,0,25,0,0,0,25
10/09/2003,CRE,SC,ASO,ES,Federal Contract Tower,0,3,34,0,37,0,1,18,0,19,0,4,52,0,56,40,0,40,96
10/10/2003,CRE,SC,ASO,ES,Federal Contract Tower,0,2,56,2,60,0,0,7,0,7,0,2,63,2,67,16,0,16,83
10/11/2003,CRE,SC,ASO,ES,Federal Contract Tower,0,1,32,0,33,0,0,9,0,9,0,1,41,0,42,0,0,0,42
10/12/2003,CRE,SC,ASO,ES,Federal Contract Tower,0,1,48,1,50,0,0,40,3,43,0,1,88,4,93,0,0,0,93
10/13/2003,CRE,SC,ASO,ES,Federal Contract Tower,0,2,44,0,46,0,0,84,0,84,0,2,128,0,130,0,0,0,130
10/14/2003,CRE,SC,ASO,ES,Federal Contract Tower,0,1,20,0,21,0,1,10,0,11,0,2,30,0,32,0,0,0,32
10/15/2003,CRE,SC,ASO,ES,Federal Contract Tower,0,2,30,0,32,0,1,29,0,30,0,3,59,0,62,20,0,20,82
10/16/2003,CRE,SC,ASO,ES,Federal Contract Tower,0,2,57,2,61,0,0,72,4,76,0,2,129,6,137,20,0,20,157
10/17/2003,CRE,SC,ASO,ES,Federal Contract Tower,0,2,26,1,29,0,3,65,5,73,0,5,91,6,102,28,0,28,130
10/18/2003,CRE,SC,ASO,ES,Federal Contract Tower,0,2,38,0,40,0,0,39,0,39,0,2,77,0,79,6,0,6,85
10/19/2003,CRE,SC,ASO,ES,Federal Contract Tower,0,1,51,0,52,0,0,83,0,83,0,1,134,0,135,8,0,8,143
10/20/2003,CRE,SC,ASO,ES,Federal Contract Tower,0,3,36,0,39,0,0,53,1,54,0,3,89,1,93,60,0,60,153
10/21/2003,CRE,SC,ASO,ES,Federal Contract Tower,0,4,45,0,49,0,1,36,4,41,0,5,81,4,90,20,6,26,116
10/22/2003,CRE,SC,ASO,ES,Federal Contract Tower,0,2,28,0,30,0,4,29,3,36,0,6,57,3,66,38,0,38,104
10/23/2003,CRE,SC,ASO,ES,Federal Contract Tower,0,3,47,0,50,0,0,37,4,41,0,3,84,4,91,32,8,40,131
10/24/2003,CRE,SC,ASO,ES,Federal Contract Tower,0,2,42,0,44,0,0,56,0,56,0,2,98,0,100,46,0,46,146
10/25/2003,CRE,SC,ASO,ES,Federal Contract Tower,0,0,21,0,21,0,0,25,0,25,0,0,46,0,46,2,0,2,48
10/26/2003,CRE,SC,ASO,ES,Federal Contract Tower,0,0,41,0,41,0,0,25,0,25,0,0,66,0,66,14,0,14,80
10/27/2003,CRE,SC,ASO,ES,Federal Contract Tower,0,1,16,0,17,0,1,18,10,29,0,2,34,10,46,0,0,0,46
10/28/2003,CRE,SC,ASO,ES,Federal Contract Tower,0,2,22,0,24,0,7,0,0,7,0,9,22,0,31,0,0,0,31
10/29/2003,CRE,SC,ASO,ES,Federal Contract Tower,0,3,38,0,41,0,4,14,7,25,0,7,52,7,66,16,0,16,82
10/30/2003,CRE,SC,ASO,ES,Federal Contract Tower,0,2,44,0,46,0,0,56,0,56,0,2,100,0,102,30,0,30,132
10/31/2003,CRE,SC,ASO,ES,Federal Contract Tower,0,4,46,0,50,0,0,42,8,50,0,4,88,8,100,20,0,20,120
11/01/2003,CRE,SC,ASO,ES,Federal Contract Tower,0,0,18,1,19,0,0,109,1,110,0,0,127,2,129,10,0,10,139
11/02/2003,CRE,SC,ASO,ES,Federal Contract Tower,0,0,38,0,38,0,0,124,0,124,0,0,162,0,162,12,0,12,174
11/03/2003,CRE,SC,ASO,ES,Federal Contract Tower,0,1,25,1,27,0,1,34,1,36,0,2,59,2,63,10,0,10,73
11/04/2003,CRE,SC,ASO,ES,Federal Contract Tower,0,3,37,1,41,0,1,16,8,25,0,4,53,9,66,6,12,18,84
11/05/2003,CRE,SC,ASO,ES,Federal Contract Tower,0,2,28,1,31,0,3,5,3,11,0,5,33,4,42,20,0,20,62
11/06/2003,CRE,SC,ASO,ES,Federal Contract Tower,0,2,25,0,27,0,3,10,0,13,0,5,35,0,40,28,0,28,68
11/07/2003,CRE,SC,ASO,ES,Federal Contract Tower,0,4,72,0,76,0,0,14,0,14,0,4,86,0,90,2,0,2,92
11/08/2003,CRE,SC,ASO,ES,Federal Contract Tower,0,0,31,0,31,0,0,36,0,36,0,0,67,0,67,6,0,6,73
11/09/2003,CRE,SC,ASO,ES,Federal Contract Tower,0,3,40,0,43,0,1,20,0,21,0,4,60,0,64,2,0,2,66
11/10/2003,CRE,SC,ASO,ES,Federal Contract Tower,0,1,19,0,20,0,5,29,0,34,0,6,48,0,54,6,0,6,60
11/11/2003,CRE,SC,ASO,ES,Federal Contract Tower,0,3,41,0,44,0,3,55,0,58,0,6,96,0,102,16,0,16,118
11/12/2003,CRE,SC,ASO,ES,Federal Contract Tower,0,2,32,1,35,0,0,29,7,36,0,2,61,8,71,26,6,32,103
11/13/2003,CRE,SC,ASO,ES,Federal Contract Tower,0,1,19,1,21,0,3,11,3,17,0,4,30,4,38,16,0,16,54
11/14/2003,CRE,SC,ASO,ES,Federal Contract Tower,0,2,32,0,34,0,2,47,0,49,0,4,79,0,83,24,0,24,107
11/15/2003,CRE,SC,ASO,ES,Federal Contract Tower,0,0,38,0,38,0,0,73,0,73,0,0,111,0,111,0,0,0,111
11/16/2003,CRE,SC,ASO,ES,Federal Contract Tower,0,0,37,0,37,0,0,71,0,71,0,0,108,0,108,44,0,44,152
11/17/2003,CRE,SC,ASO,ES,Federal Contract Tower,0,3,40,0,43,0,13,0,3,16,0,16,40,3,59,18,0,18,77
11/18/2003,CRE,SC,ASO,ES,Federal Contract Tower,0,3,38,0,41,0,1,30,0,31,0,4,68,0,72,18,0,18,90
11/19/2003,CRE,SC,ASO,ES,Federal Contract Tower,0,0,6,0,6,0,2,0,0,2,0,2,6,0,8,0,0,0,8
11/20/2003,CRE,SC,ASO,ES,Federal Contract Tower,0,2,32,0,34,0,1,33,4,38,0,3,65,4,72,14,0,14,86
11/21/2003,CRE,SC,ASO,ES,Federal Contract Tower,0,2,54,0,56,0,0,69,3,72,0,2,123,3,128,8,0,8,136
11/22/2003,CRE,SC,ASO,ES,Federal Contract Tower,0,0,43,0,43,0,0,98,2,100,0,0,141,2,143,46,0,46,189
11/23/2003,CRE,SC,ASO,ES,Federal Contract Tower,0,0,39,0,39,0,0,97,0,97,0,0,136,0,136,78,0,78,214
11/24/2003,CRE,SC,ASO,ES,Federal Contract Tower,0,2,32,0,34,0,2,16,2,20,0,4,48,2,54,10,0,10,64
11/25/2003,CRE,SC,ASO,ES,Federal Contract Tower,0,2,67,0,69,0,0,35,0,35,0,2,102,0,104,22,0,22,126
11/26/2003,CRE,SC,ASO,ES,Federal Contract Tower,0,2,49,0,51,0,0,56,0,56,0,2,105,0,107,28,0,28,135
11/27/2003,CRE,SC,ASO,ES,Federal Contract Tower,0,0,10,0,10,0,0,2,0,2,0,0,12,0,12,0,0,0,12
11/28/2003,CRE,SC,ASO,ES,Federal Contract Tower,0,0,16,0,16,0,0,14,0,14,0,0,30,0,30,18,0,18,48
11/29/2003,CRE,SC,ASO,ES,Federal Contract Tower,0,0,20,0,20,0,0,31,0,31,0,0,51,0,51,8,0,8,59
11/30/2003,CRE,SC,ASO,ES,Federal Contract Tower,0,0,64,0,64,0,0,80,0,80,0,0,144,0,144,8,0,8,152
12/01/2003,CRE,SC,ASO,ES,Federal Contract Tower,0,1,14,1,16,0,1,22,1,24,0,2,36,2,40,24,0,24,64
12/02/2003,CRE,SC,ASO,ES,Federal Contract Tower,0,2,20,0,22,0,0,28,0,28,0,2,48,0,50,4,0,4,54
12/03/2003,CRE,SC,ASO,ES,Federal Contract Tower,0,2,24,0,26,0,0,41,0,41,0,2,65,0,67,18,0,18,85
12/04/2003,CRE,SC,ASO,ES,Federal Contract Tower,0,1,13,0,14,0,0,3,0,3,0,1,16,0,17,0,0,0,17
12/05/2003,CRE,SC,ASO,ES,Federal Contract Tower,0,1,18,0,19,0,0,4,0,4,0,1,22,0,23,0,0,0,23
12/06/2003,CRE,SC,ASO,ES,Federal Contract Tower,0,0,21,1,22,0,0,38,0,38,0,0,59,1,60,38,0,38,98
12/07/2003,CRE,SC,ASO,ES,Federal Contract Tower,0,1,21,0,22,0,0,45,0,45,0,1,66,0,67,18,0,18,85
12/08/2003,CRE,SC,ASO,ES,Federal Contract Tower,0,1,18,1,20,0,0,27,1,28,0,1,45,2,48,10,0,10,58
12/09/2003,CRE,SC,ASO,ES,Federal Contract Tower,0,1,13,0,14,0,1,35,0,36,0,2,48,0,50,22,0,22,72
12/10/2003,CRE,SC,ASO,ES,Federal Contract Tower,0,2,18,1,21,0,0,1,1,2,0,2,19,2,23,18,0,18,41
12/11/2003,CRE,SC,ASO,ES,Federal Contract Tower,0,1,28,1,30,0,0,28,0,28,0,1,56,1,58,12,0,12,70
12/12/2003,CRE,SC,ASO,ES,Federal Contract Tower,0,1,24,1,26,0,0,48,0,48,0,1,72,1,74,34,0,34,108
12/13/2003,CRE,SC,ASO,ES,Federal Contract Tower,0,2,19,0,21,0,0,37,0,37,0,2,56,0,58,26,0,26,84
12/14/2003,CRE,SC,ASO,ES,Federal Contract Tower,0,0,4,0,4,0,0,0,4,4,0,0,4,4,8,0,0,0,8
12/15/2003,CRE,SC,ASO,ES,Federal Contract Tower,0,2,15,1,18,0,1,41,7,49,0,3,56,8,67,12,8,20,87
12/16/2003,CRE,SC,ASO,ES,Federal Contract Tower,0,1,27,2,30,0,1,30,4,35,0,2,57,6,65,10,0,10,75
12/17/2003,CRE,SC,ASO,ES,Federal Contract Tower,0,1,13,1,15,0,3,0,17,20,0,4,13,18,35,6,12,18,53
12/18/2003,CRE,SC,ASO,ES,Federal Contract Tower,0,1,42,3,46,0,0,10,19,29,0,1,52,22,75,8,42,50,125
12/19/2003,CRE,SC,ASO,ES,Federal Contract Tower,0,0,31,3,34,0,0,25,9,34,0,0,56,12,68,26,0,26,94
12/20/2003,CRE,SC,ASO,ES,Federal Contract Tower,0,0,17,1,18,0,0,33,1,34,0,0,50,2,52,8,0,8,60
12/21/2003,CRE,SC,ASO,ES,Federal Contract Tower,0,0,22,0,22,0,0,61,0,61,0,0,83,0,83,14,0,14,97
12/22/2003,CRE,SC,ASO,ES,Federal Contract Tower,0,1,25,2,28,0,1,35,4,40,0,2,60,6,68,4,0,4,72
12/23/2003,CRE,SC,ASO,ES,Federal Contract Tower,0,1,29,0,30,0,3,12,0,15,0,4,41,0,45,0,0,0,45
12/24/2003,CRE,SC,ASO,ES,Federal Contract Tower,0,0,13,0,13,0,2,3,0,5,0,2,16,0,18,0,0,0,18
12/25/2003,CRE,SC,ASO,ES,Federal Contract Tower,0,0,9,0,9,0,0,9,0,9,0,0,18,0,18,0,0,0,18
12/26/2003,CRE,SC,ASO,ES,Federal Contract Tower,0,2,38,0,40,0,0,77,0,77,0,2,115,0,117,18,0,18,135
12/27/2003,CRE,SC,ASO,ES,Federal Contract Tower,0,0,31,2,33,0,0,64,0,64,0,0,95,2,97,8,0,8,105
12/28/2003,CRE,SC,ASO,ES,Federal Contract Tower,0,0,29,2,31,0,0,75,4,79,0,0,104,6,110,4,0,4,114
12/29/2003,CRE,SC,ASO,ES,Federal Contract Tower,0,1,31,3,35,0,3,24,2,29,0,4,55,5,64,20,4,24,88
12/30/2003,CRE,SC,ASO,ES,Federal Contract Tower,0,1,27,2,30,0,1,15,2,18,0,2,42,4,48,0,0,0,48
12/31/2003,CRE,SC,ASO,ES,Federal Contract Tower,0,2,43,1,46,0,0,85,0,85,0,2,128,1,131,40,0,40,171
01/01/2004,CRE,SC,ASO,ES,Federal Contract Tower,0,0,31,0,31,0,0,69,0,69,0,0,100,0,100,14,0,14,114
01/02/2004,CRE,SC,ASO,ES,Federal Contract Tower,0,0,36,0,36,0,0,52,0,52,0,0,88,0,88,64,0,64,152
01/03/2004,CRE,SC,ASO,ES,Federal Contract Tower,0,0,51,0,51,0,0,89,0,89,0,0,140,0,140,36,0,36,176
01/04/2004,CRE,SC,ASO,ES,Federal Contract Tower,0,0,38,0,38,0,0,57,1,58,0,0,95,1,96,36,0,36,132
01/05/2004,CRE,SC,ASO,ES,Federal Contract Tower,0,1,21,0,22,0,1,0,4,5,0,2,21,4,27,0,0,0,27
01/06/2004,CRE,SC,ASO,ES,Federal Contract Tower,0,0,9,0,9,0,0,11,1,12,0,0,20,1,21,0,0,0,21
01/07/2004,CRE,SC,ASO,ES,Federal Contract Tower,0,0,9,0,9,0,0,17,1,18,0,0,26,1,27,0,0,0,27
01/08/2004,CRE,SC,ASO,ES,Federal Contract Tower,0,1,12,0,13,0,3,23,2,28,0,4,35,2,41,2,0,2,43
01/09/2004,CRE,SC,ASO,ES,Federal Contract Tower,0,0,0,0,0,0,0,0,0,0,0,0,0,0,0,0,0,0,0
01/10/2004,CRE,SC,ASO,ES,Federal Contract Tower,0,0,12,0,12,0,0,8,0,8,0,0,20,0,20,0,0,0,20
01/11/2004,CRE,SC,ASO,ES,Federal Contract Tower,0,0,16,0,16,0,0,39,0,39,0,0,55,0,55,10,0,10,65
01/12/2004,CRE,SC,ASO,ES,Federal Contract Tower,0,0,8,0,8,0,0,20,0,20,0,0,28,0,28,4,0,4,32
01/13/2004,CRE,SC,ASO,ES,Federal Contract Tower,0,0,3,1,4,0,0,19,0,19,0,0,22,1,23,6,0,6,29
01/14/2004,CRE,SC,ASO,ES,Federal Contract Tower,0,0,16,1,17,0,0,32,1,33,0,0,48,2,50,6,0,6,56
01/15/2004,CRE,SC,ASO,ES,Federal Contract Tower,0,0,10,0,10,0,0,15,0,15,0,0,25,0,25,2,0,2,27
01/16/2004,CRE,SC,ASO,ES,Federal Contract Tower,0,0,14,0,14,0,0,34,0,34,0,0,48,0,48,22,0,22,70
01/17/2004,CRE,SC,ASO,ES,Federal Contract Tower,0,0,16,0,16,0,0,38,0,38,0,0,54,0,54,10,0,10,64
01/18/2004,CRE,SC,ASO,ES,Federal Contract Tower,0,0,8,0,8,0,0,4,1,5,0,0,12,1,13,0,0,0,13
01/19/2004,CRE,SC,ASO,ES,Federal Contract Tower,0,0,19,0,19,0,3,35,0,38,0,3,54,0,57,52,0,52,109
01/20/2004,CRE,SC,ASO,ES,Federal Contract Tower,0,0,13,0,13,0,3,30,0,33,0,3,43,0,46,30,0,30,76
01/21/2004,CRE,SC,ASO,ES,Federal Contract Tower,0,0,13,0,13,0,0,30,1,31,0,0,43,1,44,10,0,10,54
01/22/2004,CRE,SC,ASO,ES,Federal Contract Tower,0,0,4,0,4,0,0,23,0,23,0,0,27,0,27,14,0,14,41
01/23/2004,CRE,SC,ASO,ES,Federal Contract Tower,0,0,21,0,21,0,0,41,9,50,0,0,62,9,71,0,0,0,71
01/24/2004,CRE,SC,ASO,ES,Federal Contract Tower,0,0,23,0,23,0,0,56,6,62,0,0,79,6,85,6,0,6,91
01/25/2004,CRE,SC,ASO,ES,Federal Contract Tower,0,0,5,0,5,0,2,0,0,2,0,2,5,0,7,0,0,0,7
01/26/2004,CRE,SC,ASO,ES,Federal Contract Tower,0,0,2,0,2,0,2,0,0,2,0,2,2,0,4,0,0,0,4
01/27/2004,CRE,SC,ASO,ES,Federal Contract Tower,0,0,5,0,5,0,2,0,0,2,0,2,5,0,7,0,0,0,7
01/28/2004,CRE,SC,ASO,ES,Federal Contract Tower,0,0,37,0,37,0,5,23,2,30,0,5,60,2,67,8,4,12,79
01/29/2004,CRE,SC,ASO,ES,Federal Contract Tower,0,0,45,0,45,0,3,23,4,30,0,3,68,4,75,0,0,0,75
01/30/2004,CRE,SC,ASO,ES,Federal Contract Tower,0,0,25,0,25,0,0,30,6,36,0,0,55,6,61,10,0,10,71
01/31/2004,CRE,SC,ASO,ES,Federal Contract Tower,0,0,35,0,35,0,0,37,8,45,0,0,72,8,80,0,0,0,80
02/01/2004,CRE,SC,ASO,ES,Federal Contract Tower,0,0,24,0,24,0,0,31,0,31,0,0,55,0,55,6,0,6,61
02/02/2004,CRE,SC,ASO,ES,Federal Contract Tower,0,1,31,0,32,0,1,11,6,18,0,2,42,6,50,40,0,40,90
02/03/2004,CRE,SC,ASO,ES,Federal Contract Tower,0,1,12,0,13,0,1,0,0,1,0,2,12,0,14,0,0,0,14
02/04/2004,CRE,SC,ASO,ES,Federal Contract Tower,0,2,48,1,51,0,0,42,2,44,0,2,90,3,95,20,0,20,115
02/05/2004,CRE,SC,ASO,ES,Federal Contract Tower,0,0,35,0,35,0,0,22,0,22,0,0,57,0,57,16,0,16,73
02/06/2004,CRE,SC,ASO,ES,Federal Contract Tower,0,0,22,0,22,0,0,7,0,7,0,0,29,0,29,16,0,16,45
02/07/2004,CRE,SC,ASO,ES,Federal Contract Tower,0,0,17,0,17,0,0,17,0,17,0,0,34,0,34,0,0,0,34
02/08/2004,CRE,SC,ASO,ES,Federal Contract Tower,0,0,37,0,37,0,0,64,2,66,0,0,101,2,103,8,0,8,111
02/09/2004,CRE,SC,ASO,ES,Federal Contract Tower,0,2,37,0,39,0,0,28,2,30,0,2,65,2,69,10,2,12,81
02/10/2004,CRE,SC,ASO,ES,Federal Contract Tower,0,2,54,1,57,0,0,57,1,58,0,2,111,2,115,6,0,6,121
02/11/2004,CRE,SC,ASO,ES,Federal Contract Tower,0,1,50,2,53,0,1,58,0,59,0,2,108,2,112,2,0,2,114
02/12/2004,CRE,SC,ASO,ES,Federal Contract Tower,0,0,18,0,18,0,0,1,0,1,0,0,19,0,19,0,0,0,19
02/13/2004,CRE,SC,ASO,ES,Federal Contract Tower,0,0,65,0,65,0,0,75,0,75,0,0,140,0,140,40,0,40,180
02/14/2004,CRE,SC,ASO,ES,Federal Contract Tower,0,0,28,0,28,0,1,6,0,7,0,1,34,0,35,10,0,10,45
02/15/2004,CRE,SC,ASO,ES,Federal Contract Tower,0,0,21,0,21,0,0,1,0,1,0,0,22,0,22,0,0,0,22
02/16/2004,CRE,SC,ASO,ES,Federal Contract Tower,0,1,35,1,37,0,1,42,0,43,0,2,77,1,80,4,0,4,84
02/17/2004,CRE,SC,ASO,ES,Federal Contract Tower,0,0,10,0,10,0,2,0,0,2,0,2,10,0,12,0,0,0,12
02/18/2004,CRE,SC,ASO,ES,Federal Contract Tower,0,1,41,2,44,0,1,39,9,49,0,2,80,11,93,12,0,12,105
02/19/2004,CRE,SC,ASO,ES,Federal Contract Tower,0,0,36,1,37,0,0,58,3,61,0,0,94,4,98,16,0,16,114
02/20/2004,CRE,SC,ASO,ES,Federal Contract Tower,0,0,55,2,57,0,0,56,7,63,0,0,111,9,120,12,10,22,142
02/21/2004,CRE,SC,ASO,ES,Federal Contract Tower,0,0,47,1,48,0,0,41,0,41,0,0,88,1,89,16,0,16,105
02/22/2004,CRE,SC,ASO,ES,Federal Contract Tower,0,1,51,2,54,0,1,106,0,107,0,2,157,2,161,32,0,32,193
02/23/2004,CRE,SC,ASO,ES,Federal Contract Tower,0,1,48,2,51,0,3,58,4,65,0,4,106,6,116,34,0,34,150
02/24/2004,CRE,SC,ASO,ES,Federal Contract Tower,0,0,12,0,12,0,2,0,0,2,0,2,12,0,14,0,0,0,14
02/25/2004,CRE,SC,ASO,ES,Federal Contract Tower,0,0,33,0,33,0,2,10,0,12,0,2,43,0,45,0,0,0,45
02/26/2004,CRE,SC,ASO,ES,Federal Contract Tower,0,0,6,0,6,0,1,0,0,1,0,1,6,0,7,0,0,0,7
02/27/2004,CRE,SC,ASO,ES,Federal Contract Tower,0,0,22,0,22,0,1,1,0,2,0,1,23,0,24,0,0,0,24
02/28/2004,CRE,SC,ASO,ES,Federal Contract Tower,0,1,53,1,55,0,1,109,7,117,0,2,162,8,172,34,0,34,206
02/29/2004,CRE,SC,ASO,ES,Federal Contract Tower,0,0,41,0,41,0,0,115,0,115,0,0,156,0,156,12,0,12,168
03/01/2004,CRE,SC,ASO,ES,Federal Contract Tower,0,2,45,0,47,0,2,49,0,51,0,4,94,0,98,36,2,38,136
03/02/2004,CRE,SC,ASO,ES,Federal Contract Tower,0,2,45,1,48,0,0,21,8,29,0,2,66,9,77,28,2,30,107
03/03/2004,CRE,SC,ASO,ES,Federal Contract Tower,0,2,47,1,50,0,2,61,1,64,0,4,108,2,114,28,0,28,142
03/04/2004,CRE,SC,ASO,ES,Federal Contract Tower,0,0,32,0,32,0,0,59,0,59,0,0,91,0,91,12,0,12,103
03/05/2004,CRE,SC,ASO,ES,Federal Contract Tower,0,4,77,1,82,0,3,66,1,70,0,7,143,2,152,22,0,22,174
03/06/2004,CRE,SC,ASO,ES,Federal Contract Tower,0,0,15,0,15,0,0,15,0,15,0,0,30,0,30,10,0,10,40
03/07/2004,CRE,SC,ASO,ES,Federal Contract Tower,0,1,46,2,49,0,2,78,0,80,0,3,124,2,129,16,0,16,145
03/08/2004,CRE,SC,ASO,ES,Federal Contract Tower,0,1,30,1,32,0,1,25,2,28,0,2,55,3,60,30,6,36,96
03/09/2004,CRE,SC,ASO,ES,Federal Contract Tower,0,2,37,1,40,0,3,25,7,35,0,5,62,8,75,0,0,0,75
03/10/2004,CRE,SC,ASO,ES,Federal Contract Tower,0,1,50,0,51,0,1,20,0,21,0,2,70,0,72,0,0,0,72
03/11/2004,CRE,SC,ASO,ES,Federal Contract Tower,0,2,55,2,59,0,7,83,1,91,0,9,138,3,150,8,0,8,158
03/12/2004,CRE,SC,ASO,ES,Federal Contract Tower,0,0,51,2,53,0,0,64,0,64,0,0,115,2,117,46,0,46,163
03/13/2004,CRE,SC,ASO,ES,Federal Contract Tower,0,1,49,2,52,0,0,115,0,115,0,1,164,2,167,16,0,16,183
03/14/2004,CRE,SC,ASO,ES,Federal Contract Tower,0,1,53,0,54,0,1,87,0,88,0,2,140,0,142,2,0,2,144
03/15/2004,CRE,SC,ASO,ES,Federal Contract Tower,0,0,25,0,25,0,4,33,0,37,0,4,58,0,62,34,0,34,96
03/16/2004,CRE,SC,ASO,ES,Federal Contract Tower,0,0,23,1,24,0,3,2,5,10,0,3,25,6,34,0,0,0,34
03/17/2004,CRE,SC,ASO,ES,Federal Contract Tower,0,0,30,0,30,0,10,56,0,66,0,10,86,0,96,4,0,4,100
03/18/2004,CRE,SC,ASO,ES,Federal Contract Tower,0,0,53,1,54,0,0,39,0,39,0,0,92,1,93,8,0,8,101
03/19/2004,CRE,SC,ASO,ES,Federal Contract Tower,0,0,35,1,36,0,0,71,1,72,0,0,106,2,108,70,0,70,178
03/20/2004,CRE,SC,ASO,ES,Federal Contract Tower,0,0,42,0,42,0,0,88,0,88,0,0,130,0,130,40,0,40,170
03/21/2004,CRE,SC,ASO,ES,Federal Contract Tower,0,0,55,1,56,0,0,46,0,46,0,0,101,1,102,0,0,0,102
03/22/2004,CRE,SC,ASO,ES,Federal Contract Tower,0,2,39,0,41,0,0,62,0,62,0,2,101,0,103,4,0,4,107
03/23/2004,CRE,SC,ASO,ES,Federal Contract Tower,0,2,38,0,40,0,0,58,0,58,0,2,96,0,98,28,0,28,126
03/24/2004,CRE,SC,ASO,ES,Federal Contract Tower,0,2,39,0,41,0,0,67,3,70,0,2,106,3,111,12,6,18,129
03/25/2004,CRE,SC,ASO,ES,Federal Contract Tower,0,0,39,0,39,0,0,53,5,58,0,0,92,5,97,22,0,22,119
03/26/2004,CRE,SC,ASO,ES,Federal Contract Tower,0,1,37,0,38,0,1,63,5,69,0,2,100,5,107,66,2,68,175
03/27/2004,CRE,SC,ASO,ES,Federal Contract Tower,0,1,32,0,33,0,0,74,0,74,0,1,106,0,107,30,0,30,137
03/28/2004,CRE,SC,ASO,ES,Federal Contract Tower,0,1,51,0,52,0,1,53,0,54,0,2,104,0,106,0,0,0,106
03/29/2004,CRE,SC,ASO,ES,Federal Contract Tower,0,2,38,0,40,0,4,52,8,64,0,6,90,8,104,20,0,20,124
03/30/2004,CRE,SC,ASO,ES,Federal Contract Tower,0,1,31,0,32,0,1,9,2,12,0,2,40,2,44,10,0,10,54
03/31/2004,CRE,SC,ASO,ES,Federal Contract Tower,0,0,30,0,30,0,6,30,2,38,0,6,60,2,68,32,0,32,100
04/01/2004,CRE,SC,ASO,ES,Federal Contract Tower,0,0,32,1,33,0,0,19,1,20,0,0,51,2,53,90,0,90,143
04/02/2004,CRE,SC,ASO,ES,Federal Contract Tower,0,1,46,1,48,0,1,29,1,31,0,2,75,2,79,156,0,156,235
04/03/2004,CRE,SC,ASO,ES,Federal Contract Tower,0,3,53,0,56,0,0,68,0,68,0,3,121,0,124,86,0,86,210
04/04/2004,CRE,SC,ASO,ES,Federal Contract Tower,0,1,30,0,31,0,2,97,0,99,0,3,127,0,130,50,0,50,180
04/05/2004,CRE,SC,ASO,ES,Federal Contract Tower,0,3,40,1,44,0,1,86,6,93,0,4,126,7,137,82,0,82,219
04/06/2004,CRE,SC,ASO,ES,Federal Contract Tower,0,3,39,1,43,0,3,74,4,81,0,6,113,5,124,56,0,56,180
04/07/2004,CRE,SC,ASO,ES,Federal Contract Tower,0,5,67,1,73,0,2,78,2,82,0,7,145,3,155,48,0,48,203
04/08/2004,CRE,SC,ASO,ES,Federal Contract Tower,0,2,31,1,34,0,0,42,1,43,0,2,73,2,77,46,0,46,123
04/09/2004,CRE,SC,ASO,ES,Federal Contract Tower,0,2,66,0,68,0,0,115,0,115,0,2,181,0,183,102,0,102,285
04/10/2004,CRE,SC,ASO,ES,Federal Contract Tower,0,0,68,0,68,0,0,150,0,150,0,0,218,0,218,124,0,124,342
04/11/2004,CRE,SC,ASO,ES,Federal Contract Tower,0,3,46,0,49,0,1,81,0,82,0,4,127,0,131,40,0,40,171
04/12/2004,CRE,SC,ASO,ES,Federal Contract Tower,0,2,28,0,30,0,3,7,0,10,0,5,35,0,40,10,0,10,50
04/13/2004,CRE,SC,ASO,ES,Federal Contract Tower,0,1,24,0,25,0,6,1,0,7,0,7,25,0,32,22,0,22,54
04/14/2004,CRE,SC,ASO,ES,Federal Contract Tower,0,5,69,0,74,0,5,72,0,77,0,10,141,0,151,58,0,58,209
04/15/2004,CRE,SC,ASO,ES,Federal Contract Tower,0,2,88,1,91,0,0,137,0,137,0,2,225,1,228,60,0,60,288
04/16/2004,CRE,SC,ASO,ES,Federal Contract Tower,0,5,67,1,73,0,1,180,4,185,0,6,247,5,258,82,0,82,340
04/17/2004,CRE,SC,ASO,ES,Federal Contract Tower,0,1,46,1,48,0,0,230,1,231,0,1,276,2,279,48,0,48,327
04/18/2004,CRE,SC,ASO,ES,Federal Contract Tower,0,1,86,0,87,0,0,217,0,217,0,1,303,0,304,58,0,58,362
04/19/2004,CRE,SC,ASO,ES,Federal Contract Tower,0,2,65,1,68,0,0,97,5,102,0,2,162,6,170,38,0,38,208
04/20/2004,CRE,SC,ASO,ES,Federal Contract Tower,0,2,51,0,53,0,0,83,1,84,0,2,134,1,137,78,0,78,215
04/21/2004,CRE,SC,ASO,ES,Federal Contract Tower,0,3,46,0,49,0,2,101,4,107,0,5,147,4,156,102,0,102,258
04/22/2004,CRE,SC,ASO,ES,Federal Contract Tower,0,3,39,0,42,0,3,80,0,83,0,6,119,0,125,102,0,102,227
04/23/2004,CRE,SC,ASO,ES,Federal Contract Tower,0,1,40,0,41,0,0,118,4,122,0,1,158,4,163,48,0,48,211
04/24/2004,CRE,SC,ASO,ES,Federal Contract Tower,0,1,38,0,39,0,0,186,0,186,0,1,224,0,225,76,0,76,301
04/25/2004,CRE,SC,ASO,ES,Federal Contract Tower,0,4,68,0,72,0,0,66,1,67,0,4,134,1,139,38,0,38,177
04/26/2004,CRE,SC,ASO,ES,Federal Contract Tower,0,1,17,0,18,0,2,19,5,26,0,3,36,5,44,112,0,112,156
04/27/2004,CRE,SC,ASO,ES,Federal Contract Tower,0,3,37,0,40,0,1,71,6,78,0,4,108,6,118,24,0,24,142
04/28/2004,CRE,SC,ASO,ES,Federal Contract Tower,0,3,48,0,51,0,6,116,0,122,0,9,164,0,173,134,0,134,307
04/29/2004,CRE,SC,ASO,ES,Federal Contract Tower,0,3,50,0,53,0,1,63,7,71,0,4,113,7,124,28,0,28,152
04/30/2004,CRE,SC,ASO,ES,Federal Contract Tower,0,3,60,0,63,0,0,91,2,93,0,3,151,2,156,96,0,96,252
05/01/2004,CRE,SC,ASO,ES,Federal Contract Tower,0,0,24,0,24,0,0,11,0,11,0,0,35,0,35,0,0,0,35
05/02/2004,CRE,SC,ASO,ES,Federal Contract Tower,0,2,36,0,38,0,3,15,0,18,0,5,51,0,56,0,0,0,56
05/03/2004,CRE,SC,ASO,ES,Federal Contract Tower,0,2,33,2,37,0,0,34,0,34,0,2,67,2,71,12,0,12,83
05/04/2004,CRE,SC,ASO,ES,Federal Contract Tower,0,4,60,2,66,0,4,69,2,75,0,8,129,4,141,58,0,58,199
05/05/2004,CRE,SC,ASO,ES,Federal Contract Tower,0,3,41,2,46,0,2,77,4,83,0,5,118,6,129,16,0,16,145
05/06/2004,CRE,SC,ASO,ES,Federal Contract Tower,0,3,60,2,65,0,0,87,0,87,0,3,147,2,152,74,0,74,226
05/07/2004,CRE,SC,ASO,ES,Federal Contract Tower,0,2,37,0,39,0,0,131,0,131,0,2,168,0,170,38,0,38,208
05/08/2004,CRE,SC,ASO,ES,Federal Contract Tower,0,1,42,0,43,0,0,194,0,194,0,1,236,0,237,168,0,168,405
05/09/2004,CRE,SC,ASO,ES,Federal Contract Tower,0,2,40,2,44,0,5,121,2,128,0,7,161,4,172,64,0,64,236
05/10/2004,CRE,SC,ASO,ES,Federal Contract Tower,0,4,55,2,61,0,6,77,4,87,0,10,132,6,148,32,0,32,180
05/11/2004,CRE,SC,ASO,ES,Federal Contract Tower,0,4,59,2,65,0,3,55,0,58,0,7,114,2,123,70,0,70,193
05/12/2004,CRE,SC,ASO,ES,Federal Contract Tower,0,4,65,3,72,0,1,56,10,67,0,5,121,13,139,48,0,48,187
05/13/2004,CRE,SC,ASO,ES,Federal Contract Tower,0,3,63,3,69,0,0,71,9,80,0,3,134,12,149,26,4,30,179
05/14/2004,CRE,SC,ASO,ES,Federal Contract Tower,0,3,72,3,78,0,0,119,12,131,0,3,191,15,209,82,0,82,291
05/15/2004,CRE,SC,ASO,ES,Federal Contract Tower,0,4,55,2,61,0,1,240,21,262,0,5,295,23,323,62,0,62,385
05/16/2004,CRE,SC,ASO,ES,Federal Contract Tower,0,3,43,0,46,0,1,86,0,87,0,4,129,0,133,20,0,20,153
05/17/2004,CRE,SC,ASO,ES,Federal Contract Tower,0,4,58,1,63,0,0,59,4,63,0,4,117,5,126,36,0,36,162
05/18/2004,CRE,SC,ASO,ES,Federal Contract Tower,0,2,25,0,27,0,4,58,2,64,0,6,83,2,91,68,0,68,159
05/19/2004,CRE,SC,ASO,ES,Federal Contract Tower,0,3,48,0,51,0,2,77,0,79,0,5,125,0,130,42,0,42,172
05/20/2004,CRE,SC,ASO,ES,Federal Contract Tower,0,4,62,2,68,0,0,69,2,71,0,4,131,4,139,52,0,52,191
05/21/2004,CRE,SC,ASO,ES,Federal Contract Tower,0,1,37,0,38,0,0,60,0,60,0,1,97,0,98,138,0,138,236
05/22/2004,CRE,SC,ASO,ES,Federal Contract Tower,0,0,26,0,26,0,0,114,0,114,0,0,140,0,140,160,0,160,300
05/23/2004,CRE,SC,ASO,ES,Federal Contract Tower,0,2,31,0,33,0,1,130,0,131,0,3,161,0,164,106,0,106,270
05/24/2004,CRE,SC,ASO,ES,Federal Contract Tower,0,3,50,1,54,0,4,31,13,48,0,7,81,14,102,96,0,96,198
05/25/2004,CRE,SC,ASO,ES,Federal Contract Tower,0,4,55,1,60,0,0,52,2,54,0,4,107,3,114,116,0,116,230
05/26/2004,CRE,SC,ASO,ES,Federal Contract Tower,0,2,36,1,39,0,2,55,13,70,0,4,91,14,109,38,0,38,147
05/27/2004,CRE,SC,ASO,ES,Federal Contract Tower,0,3,43,1,47,0,1,86,4,91,0,4,129,5,138,0,0,0,138
05/28/2004,CRE,SC,ASO,ES,Federal Contract Tower,0,4,59,1,64,0,7,84,5,96,0,11,143,6,160,50,0,50,210
05/29/2004,CRE,SC,ASO,ES,Federal Contract Tower,0,0,35,0,35,0,0,202,0,202,0,0,237,0,237,88,0,88,325
05/30/2004,CRE,SC,ASO,ES,Federal Contract Tower,0,0,26,0,26,0,0,61,0,61,0,0,87,0,87,24,0,24,111
05/31/2004,CRE,SC,ASO,ES,Federal Contract Tower,0,2,42,1,45,0,1,54,0,55,0,3,96,1,100,46,0,46,146
06/01/2004,CRE,SC,ASO,ES,Federal Contract Tower,0,2,48,1,51,0,0,110,5,115,0,2,158,6,166,18,0,18,184
06/02/2004,CRE,SC,ASO,ES,Federal Contract Tower,0,2,40,1,43,0,2,104,1,107,0,4,144,2,150,70,0,70,220
06/03/2004,CRE,SC,ASO,ES,Federal Contract Tower,0,3,50,0,53,0,1,45,0,46,0,4,95,0,99,52,0,52,151
06/04/2004,CRE,SC,ASO,ES,Federal Contract Tower,0,0,39,1,40,0,0,96,0,96,0,0,135,1,136,126,0,126,262
06/05/2004,CRE,SC,ASO,ES,Federal Contract Tower,0,4,59,1,64,0,0,157,5,162,0,4,216,6,226,88,0,88,314
06/06/2004,CRE,SC,ASO,ES,Federal Contract Tower,0,2,51,1,54,0,0,74,0,74,0,2,125,1,128,116,0,116,244
06/07/2004,CRE,SC,ASO,ES,Federal Contract Tower,0,1,24,1,26,0,1,127,1,129,0,2,151,2,155,130,0,130,285
06/08/2004,CRE,SC,ASO,ES,Federal Contract Tower,0,2,29,1,32,0,9,99,2,110,0,11,128,3,142,74,0,74,216
06/09/2004,CRE,SC,ASO,ES,Federal Contract Tower,0,2,29,0,31,0,7,130,0,137,0,9,159,0,168,120,0,120,288
06/10/2004,CRE,SC,ASO,ES,Federal Contract Tower,0,3,47,1,51,0,1,79,1,81,0,4,126,2,132,158,0,158,290
06/11/2004,CRE,SC,ASO,ES,Federal Contract Tower,0,0,45,1,46,0,0,133,21,154,0,0,178,22,200,210,0,210,410
06/12/2004,CRE,SC,ASO,ES,Federal Contract Tower,0,2,32,1,35,0,1,153,8,162,0,3,185,9,197,156,0,156,353
06/13/2004,CRE,SC,ASO,ES,Federal Contract Tower,0,2,45,1,48,0,0,165,4,169,0,2,210,5,217,126,0,126,343
06/14/2004,CRE,SC,ASO,ES,Federal Contract Tower,0,0,14,1,15,0,2,90,1,93,0,2,104,2,108,92,0,92,200
06/15/2004,CRE,SC,ASO,ES,Federal Contract Tower,0,0,18,0,18,0,7,92,0,99,0,7,110,0,117,92,0,92,209
06/16/2004,CRE,SC,ASO,ES,Federal Contract Tower,0,2,41,0,43,0,6,76,5,87,0,8,117,5,130,112,0,112,242
06/17/2004,CRE,SC,ASO,ES,Federal Contract Tower,0,2,37,0,39,0,0,93,3,96,0,2,130,3,135,104,0,104,239
06/18/2004,CRE,SC,ASO,ES,Federal Contract Tower,0,2,55,0,57,0,0,107,8,115,0,2,162,8,172,122,0,122,294
06/19/2004,CRE,SC,ASO,ES,Federal Contract Tower,0,3,52,0,55,0,0,276,3,279,0,3,328,3,334,136,0,136,470
06/20/2004,CRE,SC,ASO,ES,Federal Contract Tower,0,0,54,0,54,0,0,208,0,208,0,0,262,0,262,148,0,148,410
06/21/2004,CRE,SC,ASO,ES,Federal Contract Tower,0,1,23,0,24,0,3,120,0,123,0,4,143,0,147,144,0,144,291
06/22/2004,CRE,SC,ASO,ES,Federal Contract Tower,0,2,33,0,35,0,0,100,4,104,0,2,133,4,139,104,0,104,243
06/23/2004,CRE,SC,ASO,ES,Federal Contract Tower,0,2,48,0,50,0,0,110,8,118,0,2,158,8,168,166,4,170,338
06/24/2004,CRE,SC,ASO,ES,Federal Contract Tower,0,2,45,0,47,0,4,81,1,86,0,6,126,1,133,164,0,164,297
06/25/2004,CRE,SC,ASO,ES,Federal Contract Tower,0,2,38,0,40,0,0,156,3,159,0,2,194,3,199,172,0,172,371
06/26/2004,CRE,SC,ASO,ES,Federal Contract Tower,0,2,37,0,39,0,0,177,0,177,0,2,214,0,216,164,0,164,380
06/27/2004,CRE,SC,ASO,ES,Federal Contract Tower,0,0,44,0,44,0,0,226,5,231,0,0,270,5,275,112,0,112,387
06/28/2004,CRE,SC,ASO,ES,Federal Contract Tower,0,2,36,0,38,0,0,87,0,87,0,2,123,0,125,90,0,90,215
06/29/2004,CRE,SC,ASO,ES,Federal Contract Tower,0,1,22,0,23,0,21,115,1,137,0,22,137,1,160,92,0,92,252
06/30/2004,CRE,SC,ASO,ES,Federal Contract Tower,0,2,37,0,39,0,1,45,0,46,0,3,82,0,85,68,0,68,153
07/01/2004,CRE,SC,ASO,ES,Federal Contract Tower,0,1,63,1,65,0,0,84,0,84,0,1,147,1,149,122,0,122,271
07/02/2004,CRE,SC,ASO,ES,Federal Contract Tower,0,2,50,0,52,0,0,113,0,113,0,2,163,0,165,80,0,80,245
07/03/2004,CRE,SC,ASO,ES,Federal Contract Tower,0,1,43,0,44,0,0,239,0,239,0,1,282,0,283,154,0,154,437
07/04/2004,CRE,SC,ASO,ES,Federal Contract Tower,0,0,33,1,34,0,0,231,1,232,0,0,264,2,266,108,0,108,374
07/05/2004,CRE,SC,ASO,ES,Federal Contract Tower,0,2,57,0,59,0,0,128,0,128,0,2,185,0,187,84,0,84,271
07/06/2004,CRE,SC,ASO,ES,Federal Contract Tower,0,2,26,0,28,0,0,114,0,114,0,2,140,0,142,110,0,110,252
07/07/2004,CRE,SC,ASO,ES,Federal Contract Tower,0,2,46,2,50,0,1,163,8,172,0,3,209,10,222,118,8,126,348
07/08/2004,CRE,SC,ASO,ES,Federal Contract Tower,0,2,40,2,44,0,0,93,4,97,0,2,133,6,141,114,0,114,255
07/09/2004,CRE,SC,ASO,ES,Federal Contract Tower,0,2,51,0,53,0,0,133,0,133,0,2,184,0,186,104,0,104,290
07/10/2004,CRE,SC,ASO,ES,Federal Contract Tower,0,2,38,2,42,0,1,208,7,216,0,3,246,9,258,92,0,92,350
07/11/2004,CRE,SC,ASO,ES,Federal Contract Tower,0,2,50,0,52,0,2,152,0,154,0,4,202,0,206,110,0,110,316
07/12/2004,CRE,SC,ASO,ES,Federal Contract Tower,0,3,55,1,59,0,1,106,0,107,0,4,161,1,166,144,0,144,310
07/13/2004,CRE,SC,ASO,ES,Federal Contract Tower,0,1,28,1,30,0,7,119,3,129,0,8,147,4,159,116,0,116,275
07/14/2004,CRE,SC,ASO,ES,Federal Contract Tower,0,1,30,1,32,0,3,140,0,143,0,4,170,1,175,146,0,146,321
07/15/2004,CRE,SC,ASO,ES,Federal Contract Tower,0,1,50,2,53,0,3,145,0,148,0,4,195,2,201,128,0,128,329
07/16/2004,CRE,SC,ASO,ES,Federal Contract Tower,0,0,62,2,64,0,0,203,4,207,0,0,265,6,271,162,0,162,433
07/17/2004,CRE,SC,ASO,ES,Federal Contract Tower,0,0,28,1,29,0,0,84,3,87,0,0,112,4,116,112,0,112,228
07/18/2004,CRE,SC,ASO,ES,Federal Contract Tower,0,0,30,0,30,0,0,96,0,96,0,0,126,0,126,74,0,74,200
07/19/2004,CRE,SC,ASO,ES,Federal Contract Tower,0,1,28,1,30,0,1,95,1,97,0,2,123,2,127,88,0,88,215
07/20/2004,CRE,SC,ASO,ES,Federal Contract Tower,0,1,32,1,34,0,1,120,4,125,0,2,152,5,159,118,0,118,277
07/21/2004,CRE,SC,ASO,ES,Federal Contract Tower,0,2,64,3,69,0,0,138,3,141,0,2,202,6,210,132,0,132,342
07/22/2004,CRE,SC,ASO,ES,Federal Contract Tower,0,1,29,1,31,0,3,165,2,170,0,4,194,3,201,114,0,114,315
07/23/2004,CRE,SC,ASO,ES,Federal Contract Tower,0,1,51,2,54,0,5,76,3,84,0,6,127,5,138,158,0,158,296
07/24/2004,CRE,SC,ASO,ES,Federal Contract Tower,0,0,54,2,56,0,0,123,5,128,0,0,177,7,184,98,0,98,282
07/25/2004,CRE,SC,ASO,ES,Federal Contract Tower,0,1,51,2,54,0,0,70,0,70,0,1,121,2,124,106,0,106,230
07/26/2004,CRE,SC,ASO,ES,Federal Contract Tower,0,1,41,2,44,0,2,107,15,124,0,3,148,17,168,150,0,150,318
07/27/2004,CRE,SC,ASO,ES,Federal Contract Tower,0,2,54,2,58,0,4,124,9,137,0,6,178,11,195,108,0,108,303
07/28/2004,CRE,SC,ASO,ES,Federal Contract Tower,0,1,38,1,40,0,1,137,3,141,0,2,175,4,181,164,0,164,345
07/29/2004,CRE,SC,ASO,ES,Federal Contract Tower,0,2,53,0,55,0,1,76,0,77,0,3,129,0,132,120,0,120,252
07/30/2004,CRE,SC,ASO,ES,Federal Contract Tower,0,0,54,2,56,0,0,193,0,193,0,0,247,2,249,104,0,104,353
07/31/2004,CRE,SC,ASO,ES,Federal Contract Tower,0,0,34,0,34,0,0,164,0,164,0,0,198,0,198,164,0,164,362
08/01/2004,CRE,SC,ASO,ES,Federal Contract Tower,0,0,27,0,27,0,2,89,0,91,0,2,116,0,118,144,0,144,262
08/02/2004,CRE,SC,ASO,ES,Federal Contract Tower,0,6,28,0,34,0,0,54,0,54,0,6,82,0,88,92,0,92,180
08/03/2004,CRE,SC,ASO,ES,Federal Contract Tower,0,1,24,0,25,0,1,88,0,89,0,2,112,0,114,154,0,154,268
08/04/2004,CRE,SC,ASO,ES,Federal Contract Tower,0,4,62,6,72,0,11,140,0,151,0,15,202,6,223,200,0,200,423
08/05/2004,CRE,SC,ASO,ES,Federal Contract Tower,0,2,52,2,56,0,0,116,6,122,0,2,168,8,178,172,0,172,350
08/06/2004,CRE,SC,ASO,ES,Federal Contract Tower,0,1,50,0,51,0,1,122,0,123,0,2,172,0,174,126,0,126,300
08/07/2004,CRE,SC,ASO,ES,Federal Contract Tower,0,2,50,0,52,0,1,227,1,229,0,3,277,1,281,148,0,148,429
08/08/2004,CRE,SC,ASO,ES,Federal Contract Tower,0,0,42,0,42,0,0,171,5,176,0,0,213,5,218,146,0,146,364
08/09/2004,CRE,SC,ASO,ES,Federal Contract Tower,0,5,38,2,45,0,5,147,0,152,0,10,185,2,197,144,26,170,367
08/10/2004,CRE,SC,ASO,ES,Federal Contract Tower,0,4,40,2,46,0,2,136,0,138,0,6,176,2,184,124,0,124,308
08/11/2004,CRE,SC,ASO,ES,Federal Contract Tower,0,3,37,0,40,0,3,211,2,216,0,6,248,2,256,124,0,124,380
08/12/2004,CRE,SC,ASO,ES,Federal Contract Tower,0,0,19,4,23,0,0,38,0,38,0,0,57,4,61,66,0,66,127
08/13/2004,CRE,SC,ASO,ES,Federal Contract Tower,0,2,22,0,24,0,0,14,0,14,0,2,36,0,38,4,0,4,42
08/14/2004,CRE,SC,ASO,ES,Federal Contract Tower,0,0,8,0,8,0,0,16,4,20,0,0,24,4,28,0,0,0,28
08/15/2004,CRE,SC,ASO,ES,Federal Contract Tower,0,0,17,0,17,0,0,3,0,3,0,0,20,0,20,0,0,0,20
08/16/2004,CRE,SC,ASO,ES,Federal Contract Tower,0,3,33,0,36,0,1,96,0,97,0,4,129,0,133,118,0,118,251
08/17/2004,CRE,SC,ASO,ES,Federal Contract Tower,0,1,38,0,39,0,2,115,0,117,0,3,153,0,156,106,0,106,262
08/18/2004,CRE,SC,ASO,ES,Federal Contract Tower,0,1,34,1,36,0,1,135,2,138,0,2,169,3,174,94,0,94,268
08/19/2004,CRE,SC,ASO,ES,Federal Contract Tower,0,3,47,0,50,0,4,154,6,164,0,7,201,6,214,142,0,142,356
08/20/2004,CRE,SC,ASO,ES,Federal Contract Tower,0,2,43,2,47,0,0,143,11,154,0,2,186,13,201,148,0,148,349
08/21/2004,CRE,SC,ASO,ES,Federal Contract Tower,0,2,39,0,41,0,1,230,0,231,0,3,269,0,272,136,0,136,408
08/22/2004,CRE,SC,ASO,ES,Federal Contract Tower,0,2,57,0,59,0,0,152,0,152,0,2,209,0,211,158,0,158,369
08/23/2004,CRE,SC,ASO,ES,Federal Contract Tower,0,3,36,0,39,0,1,103,0,104,0,4,139,0,143,96,0,96,239
08/24/2004,CRE,SC,ASO,ES,Federal Contract Tower,0,2,36,3,41,0,0,112,0,112,0,2,148,3,153,102,0,102,255
08/25/2004,CRE,SC,ASO,ES,Federal Contract Tower,0,1,36,0,37,0,5,104,1,110,0,6,140,1,147,130,0,130,277
08/26/2004,CRE,SC,ASO,ES,Federal Contract Tower,0,0,23,2,25,0,1,26,0,27,0,1,49,2,52,90,0,90,142
08/27/2004,CRE,SC,ASO,ES,Federal Contract Tower,0,0,39,2,41,0,0,45,0,45,0,0,84,2,86,62,0,62,148
08/28/2004,CRE,SC,ASO,ES,Federal Contract Tower,0,0,31,0,31,0,0,35,0,35,0,0,66,0,66,74,0,74,140
08/29/2004,CRE,SC,ASO,ES,Federal Contract Tower,0,0,3,0,3,0,0,1,0,1,0,0,4,0,4,0,0,0,4
08/30/2004,CRE,SC,ASO,ES,Federal Contract Tower,0,2,29,0,31,0,2,138,1,141,0,4,167,1,172,134,0,134,306
08/31/2004,CRE,SC,ASO,ES,Federal Contract Tower,0,2,29,2,33,0,6,97,3,106,0,8,126,5,139,104,0,104,243
09/01/2004,CRE,SC,ASO,ES,Federal Contract Tower,0,2,36,1,39,0,1,39,1,41,0,3,75,2,80,18,0,18,98
09/02/2004,CRE,SC,ASO,ES,Federal Contract Tower,0,2,32,1,35,0,7,115,1,123,0,9,147,2,158,122,0,122,280
09/03/2004,CRE,SC,ASO,ES,Federal Contract Tower,0,3,50,0,53,0,1,112,0,113,0,4,162,0,166,72,0,72,238
09/04/2004,CRE,SC,ASO,ES,Federal Contract Tower,0,0,17,1,18,0,0,175,4,179,0,0,192,5,197,92,0,92,289
09/05/2004,CRE,SC,ASO,ES,Federal Contract Tower,0,0,22,1,23,0,0,94,0,94,0,0,116,1,117,66,0,66,183
09/06/2004,CRE,SC,ASO,ES,Federal Contract Tower,0,1,19,0,20,0,1,1,0,2,0,2,20,0,22,4,0,4,26
09/07/2004,CRE,SC,ASO,ES,Federal Contract Tower,0,1,17,1,19,0,1,8,0,9,0,2,25,1,28,12,0,12,40
09/08/2004,CRE,SC,ASO,ES,Federal Contract Tower,0,0,11,1,12,0,3,0,5,8,0,3,11,6,20,0,0,0,20
09/09/2004,CRE,SC,ASO,ES,Federal Contract Tower,0,2,31,1,34,0,0,68,5,73,0,2,99,6,107,22,0,22,129
09/10/2004,CRE,SC,ASO,ES,Federal Contract Tower,0,1,46,0,47,0,0,50,0,50,0,1,96,0,97,36,0,36,133
09/11/2004,CRE,SC,ASO,ES,Federal Contract Tower,0,0,35,1,36,0,0,25,0,25,0,0,60,1,61,0,0,0,61
09/12/2004,CRE,SC,ASO,ES,Federal Contract Tower,0,0,39,2,41,0,0,139,0,139,0,0,178,2,180,62,0,62,242
09/13/2004,CRE,SC,ASO,ES,Federal Contract Tower,0,2,24,0,26,0,1,60,0,61,0,3,84,0,87,4,0,4,91
09/14/2004,CRE,SC,ASO,ES,Federal Contract Tower,0,2,38,2,42,0,1,8,0,9,0,3,46,2,51,0,0,0,51
09/15/2004,CRE,SC,ASO,ES,Federal Contract Tower,0,2,24,1,27,0,5,18,4,27,0,7,42,5,54,4,0,4,58
09/16/2004,CRE,SC,ASO,ES,Federal Contract Tower,0,1,15,0,16,0,4,6,0,10,0,5,21,0,26,0,0,0,26
09/17/2004,CRE,SC,ASO,ES,Federal Contract Tower,0,0,8,0,8,0,0,11,0,11,0,0,19,0,19,0,0,0,19
09/18/2004,CRE,SC,ASO,ES,Federal Contract Tower,0,1,32,0,33,0,0,24,0,24,0,1,56,0,57,0,0,0,57
09/19/2004,CRE,SC,ASO,ES,Federal Contract Tower,0,0,33,0,33,0,0,43,0,43,0,0,76,0,76,0,0,0,76
09/20/2004,CRE,SC,ASO,ES,Federal Contract Tower,0,1,20,0,21,0,2,34,0,36,0,3,54,0,57,0,0,0,57
09/21/2004,CRE,SC,ASO,ES,Federal Contract Tower,0,3,35,0,38,0,1,48,2,51,0,4,83,2,89,14,14,28,117
09/22/2004,CRE,SC,ASO,ES,Federal Contract Tower,0,3,33,0,36,0,1,85,4,90,0,4,118,4,126,18,0,18,144
09/23/2004,CRE,SC,ASO,ES,Federal Contract Tower,0,3,34,0,37,0,9,38,8,55,0,12,72,8,92,14,0,14,106
09/24/2004,CRE,SC,ASO,ES,Federal Contract Tower,0,3,44,1,48,0,1,83,3,87,0,4,127,4,135,8,0,8,143
09/25/2004,CRE,SC,ASO,ES,Federal Contract Tower,0,3,36,0,39,0,0,94,0,94,0,3,130,0,133,4,0,4,137
09/26/2004,CRE,SC,ASO,ES,Federal Contract Tower,0,2,54,1,57,0,0,33,5,38,0,2,87,6,95,10,0,10,105
09/27/2004,CRE,SC,ASO,ES,Federal Contract Tower,0,0,6,0,6,0,2,8,7,17,0,2,14,7,23,0,0,0,23
09/28/2004,CRE,SC,ASO,ES,Federal Contract Tower,0,0,13,0,13,0,4,1,0,5,0,4,14,0,18,40,0,40,58
09/29/2004,CRE,SC,ASO,ES,Federal Contract Tower,0,2,28,0,30,0,2,53,4,59,0,4,81,4,89,4,0,4,93
09/30/2004,CRE,SC,ASO,ES,Federal Contract Tower,0,2,31,0,33,0,0,5,0,5,0,2,36,0,38,0,0,0,38
10/01/2004,CRE,SC,ASO,ES,Federal Contract Tower,0,1,36,0,37,0,0,24,4,28,0,1,60,4,65,0,0,0,65
10/02/2004,CRE,SC,ASO,ES,Federal Contract Tower,0,1,18,4,23,0,0,52,0,52,0,1,70,4,75,0,0,0,75
10/03/2004,CRE,SC,ASO,ES,Federal Contract Tower,0,0,36,2,38,0,0,51,3,54,0,0,87,5,92,20,0,20,112
10/04/2004,CRE,SC,ASO,ES,Federal Contract Tower,0,3,19,0,22,0,1,39,3,43,0,4,58,3,65,16,0,16,81
10/05/2004,CRE,SC,ASO,ES,Federal Contract Tower,0,7,25,4,36,0,0,76,6,82,0,7,101,10,118,4,0,4,122
10/06/2004,CRE,SC,ASO,ES,Federal Contract Tower,0,1,37,0,38,0,1,68,4,73,0,2,105,4,111,12,2,14,125
10/07/2004,CRE,SC,ASO,ES,Federal Contract Tower,0,3,49,1,53,0,1,30,5,36,0,4,79,6,89,0,0,0,89
10/08/2004,CRE,SC,ASO,ES,Federal Contract Tower,0,4,40,0,44,0,5,92,3,100,0,9,132,3,144,8,0,8,152
10/09/2004,CRE,SC,ASO,ES,Federal Contract Tower,0,2,43,0,45,0,6,103,0,109,0,8,146,0,154,8,0,8,162
10/10/2004,CRE,SC,ASO,ES,Federal Contract Tower,0,0,54,0,54,0,0,91,0,91,0,0,145,0,145,24,0,24,169
10/11/2004,CRE,SC,ASO,ES,Federal Contract Tower,0,1,27,0,28,0,1,37,2,40,0,2,64,2,68,38,0,38,106
10/12/2004,CRE,SC,ASO,ES,Federal Contract Tower,0,1,39,0,40,0,6,29,8,43,0,7,68,8,83,24,0,24,107
10/13/2004,CRE,SC,ASO,ES,Federal Contract Tower,0,1,36,0,37,0,1,28,0,29,0,2,64,0,66,12,0,12,78
10/14/2004,CRE,SC,ASO,ES,Federal Contract Tower,0,1,45,0,46,0,3,37,0,40,0,4,82,0,86,4,0,4,90
10/15/2004,CRE,SC,ASO,ES,Federal Contract Tower,0,1,34,0,35,0,1,25,8,34,0,2,59,8,69,2,0,2,71
10/16/2004,CRE,SC,ASO,ES,Federal Contract Tower,0,4,39,0,43,0,2,62,0,64,0,6,101,0,107,0,0,0,107
10/17/2004,CRE,SC,ASO,ES,Federal Contract Tower,0,5,60,0,65,0,0,95,0,95,0,5,155,0,160,24,0,24,184
10/18/2004,CRE,SC,ASO,ES,Federal Contract Tower,0,1,36,3,40,0,1,35,1,37,0,2,71,4,77,24,0,24,101
10/19/2004,CRE,SC,ASO,ES,Federal Contract Tower,0,1,30,0,31,0,1,37,0,38,0,2,67,0,69,8,0,8,77
10/20/2004,CRE,SC,ASO,ES,Federal Contract Tower,0,3,60,0,63,0,0,36,0,36,0,3,96,0,99,42,0,42,141
10/21/2004,CRE,SC,ASO,ES,Federal Contract Tower,0,1,46,0,47,0,1,12,2,15,0,2,58,2,62,0,0,0,62
10/22/2004,CRE,SC,ASO,ES,Federal Contract Tower,0,0,67,2,69,0,3,29,0,32,0,3,96,2,101,0,0,0,101
10/23/2004,CRE,SC,ASO,ES,Federal Contract Tower,0,0,49,0,49,0,0,80,0,80,0,0,129,0,129,8,0,8,137
10/24/2004,CRE,SC,ASO,ES,Federal Contract Tower,0,0,45,0,45,0,0,18,0,18,0,0,63,0,63,10,0,10,73
10/25/2004,CRE,SC,ASO,ES,Federal Contract Tower,0,2,54,0,56,0,1,34,0,35,0,3,88,0,91,4,0,4,95
10/26/2004,CRE,SC,ASO,ES,Federal Contract Tower,0,2,25,1,28,0,1,37,0,38,0,3,62,1,66,0,0,0,66
10/27/2004,CRE,SC,ASO,ES,Federal Contract Tower,0,4,27,4,35,0,1,26,0,27,0,5,53,4,62,10,2,12,74
10/28/2004,CRE,SC,ASO,ES,Federal Contract Tower,0,1,39,0,40,0,1,23,4,28,0,2,62,4,68,0,0,0,68
10/29/2004,CRE,SC,ASO,ES,Federal Contract Tower,0,4,29,0,33,0,0,5,0,5,0,4,34,0,38,0,0,0,38
10/30/2004,CRE,SC,ASO,ES,Federal Contract Tower,0,0,45,0,45,0,0,54,0,54,0,0,99,0,99,10,0,10,109
10/31/2004,CRE,SC,ASO,ES,Federal Contract Tower,0,0,38,0,38,0,0,105,0,105,0,0,143,0,143,32,0,32,175
11/01/2004,CRE,SC,ASO,ES,Federal Contract Tower,0,2,38,0,40,0,1,35,4,40,0,3,73,4,80,66,0,66,146
11/02/2004,CRE,SC,ASO,ES,Federal Contract Tower,0,4,34,4,42,0,1,31,5,37,0,5,65,9,79,14,2,16,95
11/03/2004,CRE,SC,ASO,ES,Federal Contract Tower,0,1,42,3,46,0,1,23,4,28,0,2,65,7,74,0,0,0,74
11/04/2004,CRE,SC,ASO,ES,Federal Contract Tower,0,2,25,9,36,0,0,18,0,18,0,2,43,9,54,4,0,4,58
11/05/2004,CRE,SC,ASO,ES,Federal Contract Tower,0,2,50,0,52,0,0,34,0,34,0,2,84,0,86,20,0,20,106
11/06/2004,CRE,SC,ASO,ES,Federal Contract Tower,0,4,38,0,42,0,0,93,0,93,0,4,131,0,135,32,0,32,167
11/07/2004,CRE,SC,ASO,ES,Federal Contract Tower,0,0,44,0,44,0,0,76,3,79,0,0,120,3,123,0,0,0,123
11/08/2004,CRE,SC,ASO,ES,Federal Contract Tower,0,1,48,0,49,0,1,37,0,38,0,2,85,0,87,28,0,28,115
11/09/2004,CRE,SC,ASO,ES,Federal Contract Tower,0,1,50,0,51,0,0,35,0,35,0,1,85,0,86,0,0,0,86
11/10/2004,CRE,SC,ASO,ES,Federal Contract Tower,0,1,57,0,58,0,1,47,0,48,0,2,104,0,106,24,0,24,130
11/11/2004,CRE,SC,ASO,ES,Federal Contract Tower,0,2,28,0,30,0,0,17,0,17,0,2,45,0,47,22,0,22,69
11/12/2004,CRE,SC,ASO,ES,Federal Contract Tower,0,2,26,0,28,0,0,3,0,3,0,2,29,0,31,0,0,0,31
11/13/2004,CRE,SC,ASO,ES,Federal Contract Tower,0,0,37,1,38,0,0,18,2,20,0,0,55,3,58,0,0,0,58
11/14/2004,CRE,SC,ASO,ES,Federal Contract Tower,0,0,38,0,38,0,0,82,2,84,0,0,120,2,122,6,0,6,128
11/15/2004,CRE,SC,ASO,ES,Federal Contract Tower,0,2,42,2,46,0,0,37,1,38,0,2,79,3,84,42,0,42,126
11/16/2004,CRE,SC,ASO,ES,Federal Contract Tower,0,2,47,0,49,0,0,46,0,46,0,2,93,0,95,22,0,22,117
11/17/2004,CRE,SC,ASO,ES,Federal Contract Tower,0,1,50,1,52,0,1,59,2,62,0,2,109,3,114,0,0,0,114
11/18/2004,CRE,SC,ASO,ES,Federal Contract Tower,0,1,67,0,68,0,1,42,0,43,0,2,109,0,111,0,0,0,111
11/19/2004,CRE,SC,ASO,ES,Federal Contract Tower,0,0,47,4,51,0,12,48,5,65,0,12,95,9,116,22,0,22,138
11/20/2004,CRE,SC,ASO,ES,Federal Contract Tower,0,0,60,0,60,0,0,85,0,85,0,0,145,0,145,26,0,26,171
11/21/2004,CRE,SC,ASO,ES,Federal Contract Tower,0,0,46,0,46,0,0,42,0,42,0,0,88,0,88,28,0,28,116
11/22/2004,CRE,SC,ASO,ES,Federal Contract Tower,0,2,26,4,32,0,0,20,2,22,0,2,46,6,54,0,0,0,54
11/23/2004,CRE,SC,ASO,ES,Federal Contract Tower,0,2,25,2,29,0,0,4,0,4,0,2,29,2,33,28,0,28,61
11/24/2004,CRE,SC,ASO,ES,Federal Contract Tower,0,2,34,0,36,0,0,19,0,19,0,2,53,0,55,4,0,4,59
11/25/2004,CRE,SC,ASO,ES,Federal Contract Tower,0,3,11,0,14,0,0,2,2,4,0,3,13,2,18,0,0,0,18
11/26/2004,CRE,SC,ASO,ES,Federal Contract Tower,0,3,57,0,60,0,0,96,0,96,0,3,153,0,156,12,0,12,168
11/27/2004,CRE,SC,ASO,ES,Federal Contract Tower,0,0,49,0,49,0,0,65,0,65,0,0,114,0,114,48,0,48,162
11/28/2004,CRE,SC,ASO,ES,Federal Contract Tower,0,0,68,0,68,0,0,26,3,29,0,0,94,3,97,8,0,8,105
11/29/2004,CRE,SC,ASO,ES,Federal Contract Tower,0,1,36,0,37,0,2,42,0,44,0,3,78,0,81,0,0,0,81
11/30/2004,CRE,SC,ASO,ES,Federal Contract Tower,0,1,34,1,36,0,1,32,0,33,0,2,66,1,69,14,0,14,83
12/01/2004,CRE,SC,ASO,ES,Federal Contract Tower,0,1,18,0,19,0,1,17,0,18,0,2,35,0,37,6,0,6,43
12/02/2004,CRE,SC,ASO,ES,Federal Contract Tower,0,2,25,0,27,0,1,39,0,40,0,3,64,0,67,4,0,4,71
12/03/2004,CRE,SC,ASO,ES,Federal Contract Tower,0,2,35,10,47,0,3,39,1,43,0,5,74,11,90,8,0,8,98
12/04/2004,CRE,SC,ASO,ES,Federal Contract Tower,0,1,32,0,33,0,0,98,2,100,0,1,130,2,133,12,0,12,145
12/05/2004,CRE,SC,ASO,ES,Federal Contract Tower,0,2,52,0,54,0,0,93,0,93,0,2,145,0,147,14,0,14,161
12/06/2004,CRE,SC,ASO,ES,Federal Contract Tower,0,2,12,3,17,0,4,9,2,15,0,6,21,5,32,2,4,6,38
12/07/2004,CRE,SC,ASO,ES,Federal Contract Tower,0,1,14,2,17,0,1,16,0,17,0,2,30,2,34,32,2,34,68
12/08/2004,CRE,SC,ASO,ES,Federal Contract Tower,0,1,35,0,36,0,1,34,0,35,0,2,69,0,71,4,0,4,75
12/09/2004,CRE,SC,ASO,ES,Federal Contract Tower,0,3,17,0,20,0,0,1,0,1,0,3,18,0,21,0,0,0,21
12/10/2004,CRE,SC,ASO,ES,Federal Contract Tower,0,6,25,0,31,0,0,12,2,14,0,6,37,2,45,10,0,10,55
12/11/2004,CRE,SC,ASO,ES,Federal Contract Tower,0,0,22,0,22,0,0,14,2,16,0,0,36,2,38,2,0,2,40
12/12/2004,CRE,SC,ASO,ES,Federal Contract Tower,0,1,23,0,24,0,0,61,2,63,0,1,84,2,87,6,0,6,93
12/13/2004,CRE,SC,ASO,ES,Federal Contract Tower,0,4,8,3,15,0,2,24,0,26,0,6,32,3,41,12,0,12,53
12/14/2004,CRE,SC,ASO,ES,Federal Contract Tower,0,2,12,0,14,0,1,37,0,38,0,3,49,0,52,10,0,10,62
12/15/2004,CRE,SC,ASO,ES,Federal Contract Tower,0,7,16,0,23,0,0,34,0,34,0,7,50,0,57,6,0,6,63
12/16/2004,CRE,SC,ASO,ES,Federal Contract Tower,0,0,30,2,32,0,2,38,2,42,0,2,68,4,74,30,0,30,104
12/17/2004,CRE,SC,ASO,ES,Federal Contract Tower,0,0,22,2,24,0,2,35,0,37,0,2,57,2,61,6,0,6,67
12/18/2004,CRE,SC,ASO,ES,Federal Contract Tower,0,1,31,0,32,0,2,69,2,73,0,3,100,2,105,14,0,14,119
12/19/2004,CRE,SC,ASO,ES,Federal Contract Tower,0,1,13,0,14,0,0,26,0,26,0,1,39,0,40,0,0,0,40
12/20/2004,CRE,SC,ASO,ES,Federal Contract Tower,0,1,5,2,8,0,1,8,0,9,0,2,13,2,17,0,0,0,17
12/21/2004,CRE,SC,ASO,ES,Federal Contract Tower,0,2,18,0,20,0,8,38,0,46,0,10,56,0,66,0,0,0,66
12/22/2004,CRE,SC,ASO,ES,Federal Contract Tower,0,2,30,0,32,0,4,30,0,34,0,6,60,0,66,0,0,0,66
12/23/2004,CRE,SC,ASO,ES,Federal Contract Tower,0,2,1,0,3,0,2,3,0,5,0,4,4,0,8,10,0,10,18
12/24/2004,CRE,SC,ASO,ES,Federal Contract Tower,0,0,20,0,20,0,0,8,0,8,0,0,28,0,28,0,0,0,28
12/25/2004,CRE,SC,ASO,ES,Federal Contract Tower,0,0,7,0,7,0,0,11,0,11,0,0,18,0,18,4,0,4,22
12/26/2004,CRE,SC,ASO,ES,Federal Contract Tower,0,0,10,0,10,0,0,1,0,1,0,0,11,0,11,0,0,0,11
12/27/2004,CRE,SC,ASO,ES,Federal Contract Tower,0,2,40,0,42,0,0,40,0,40,0,2,80,0,82,24,0,24,106
12/28/2004,CRE,SC,ASO,ES,Federal Contract Tower,0,2,21,2,25,0,1,48,0,49,0,3,69,2,74,50,2,52,126
12/29/2004,CRE,SC,ASO,ES,Federal Contract Tower,0,3,32,2,37,0,0,42,0,42,0,3,74,2,79,24,0,24,103
12/30/2004,CRE,SC,ASO,ES,Federal Contract Tower,0,0,33,0,33,0,0,65,0,65,0,0,98,0,98,6,0,6,104
12/31/2004,CRE,SC,ASO,ES,Federal Contract Tower,0,0,10,0,10,0,0,45,0,45,0,0,55,0,55,12,0,12,67
01/01/2005,CRE,SC,ASO,ES,Federal Contract Tower,0,0,38,0,38,0,0,68,0,68,0,0,106,0,106,0,0,0,106
01/02/2005,CRE,SC,ASO,ES,Federal Contract Tower,0,0,44,0,44,0,0,59,0,59,0,0,103,0,103,0,0,0,103
01/03/2005,CRE,SC,ASO,ES,Federal Contract Tower,0,0,22,0,22,0,1,55,1,57,0,1,77,1,79,22,0,22,101
01/04/2005,CRE,SC,ASO,ES,Federal Contract Tower,0,3,24,0,27,0,1,36,0,37,0,4,60,0,64,10,0,10,74
01/05/2005,CRE,SC,ASO,ES,Federal Contract Tower,0,1,23,1,25,0,1,42,4,47,0,2,65,5,72,40,0,40,112
01/06/2005,CRE,SC,ASO,ES,Federal Contract Tower,0,2,22,5,29,0,0,26,1,27,0,2,48,6,56,10,0,10,66
01/07/2005,CRE,SC,ASO,ES,Federal Contract Tower,0,3,47,6,56,0,1,29,0,30,0,4,76,6,86,30,0,30,116
01/08/2005,CRE,SC,ASO,ES,Federal Contract Tower,0,0,13,0,13,0,0,10,0,10,0,0,23,0,23,0,0,0,23
01/09/2005,CRE,SC,ASO,ES,Federal Contract Tower,0,0,54,0,54,0,0,42,0,42,0,0,96,0,96,24,0,24,120
01/10/2005,CRE,SC,ASO,ES,Federal Contract Tower,0,4,30,0,34,0,0,24,0,24,0,4,54,0,58,10,0,10,68
01/11/2005,CRE,SC,ASO,ES,Federal Contract Tower,0,0,48,0,48,0,0,32,0,32,0,0,80,0,80,32,0,32,112
01/12/2005,CRE,SC,ASO,ES,Federal Contract Tower,0,2,27,2,31,0,0,35,1,36,0,2,62,3,67,8,0,8,75
01/13/2005,CRE,SC,ASO,ES,Federal Contract Tower,0,2,27,0,29,0,0,13,0,13,0,2,40,0,42,26,0,26,68
01/14/2005,CRE,SC,ASO,ES,Federal Contract Tower,0,2,23,0,25,0,0,1,0,1,0,2,24,0,26,0,0,0,26
01/15/2005,CRE,SC,ASO,ES,Federal Contract Tower,0,0,34,0,34,0,0,39,0,39,0,0,73,0,73,0,0,0,73
01/16/2005,CRE,SC,ASO,ES,Federal Contract Tower,0,0,28,0,28,0,0,18,0,18,0,0,46,0,46,6,0,6,52
01/17/2005,CRE,SC,ASO,ES,Federal Contract Tower,0,0,23,0,23,0,2,29,0,31,0,2,52,0,54,22,0,22,76
01/18/2005,CRE,SC,ASO,ES,Federal Contract Tower,0,1,21,0,22,0,1,37,0,38,0,2,58,0,60,10,0,10,70
01/19/2005,CRE,SC,ASO,ES,Federal Contract Tower,0,1,25,2,28,0,3,32,2,37,0,4,57,4,65,16,0,16,81
01/20/2005,CRE,SC,ASO,ES,Federal Contract Tower,0,3,35,1,39,0,1,27,1,29,0,4,62,2,68,0,0,0,68
01/21/2005,CRE,SC,ASO,ES,Federal Contract Tower,0,4,19,0,23,0,0,26,1,27,0,4,45,1,50,74,0,74,124
01/22/2005,CRE,SC,ASO,ES,Federal Contract Tower,0,0,14,0,14,0,0,17,0,17,0,0,31,0,31,10,0,10,41
01/23/2005,CRE,SC,ASO,ES,Federal Contract Tower,0,0,9,5,14,0,1,6,1,8,0,1,15,6,22,0,0,0,22
01/24/2005,CRE,SC,ASO,ES,Federal Contract Tower,0,1,28,0,29,0,3,36,0,39,0,4,64,0,68,20,0,20,88
01/25/2005,CRE,SC,ASO,ES,Federal Contract Tower,0,2,24,0,26,0,2,40,1,43,0,4,64,1,69,46,0,46,115
01/26/2005,CRE,SC,ASO,ES,Federal Contract Tower,0,6,20,8,34,0,0,21,2,23,0,6,41,10,57,0,0,0,57
01/27/2005,CRE,SC,ASO,ES,Federal Contract Tower,0,3,16,0,19,0,1,11,2,14,0,4,27,2,33,10,6,16,49
01/28/2005,CRE,SC,ASO,ES,Federal Contract Tower,0,2,22,0,24,0,2,32,0,34,0,4,54,0,58,12,0,12,70
01/29/2005,CRE,SC,ASO,ES,Federal Contract Tower,0,0,1,0,1,0,0,8,0,8,0,0,9,0,9,0,0,0,9
01/30/2005,CRE,SC,ASO,ES,Federal Contract Tower,0,1,13,0,14,0,0,11,0,11,0,1,24,0,25,0,0,0,25
01/31/2005,CRE,SC,ASO,ES,Federal Contract Tower,0,3,23,3,29,0,0,17,2,19,0,3,40,5,48,24,0,24,72
02/01/2005,CRE,SC,ASO,ES,Federal Contract Tower,0,2,23,0,25,0,0,33,2,35,0,2,56,2,60,30,0,30,90
02/02/2005,CRE,SC,ASO,ES,Federal Contract Tower,0,2,15,0,17,0,0,22,0,22,0,2,37,0,39,6,0,6,45
02/03/2005,CRE,SC,ASO,ES,Federal Contract Tower,0,2,15,0,17,0,0,0,0,0,0,2,15,0,17,4,0,4,21
02/04/2005,CRE,SC,ASO,ES,Federal Contract Tower,0,2,21,0,23,0,0,25,0,25,0,2,46,0,48,0,0,0,48
02/05/2005,CRE,SC,ASO,ES,Federal Contract Tower,0,0,47,0,47,0,2,78,0,80,0,2,125,0,127,0,0,0,127
02/06/2005,CRE,SC,ASO,ES,Federal Contract Tower,0,0,32,0,32,0,0,67,0,67,0,0,99,0,99,10,0,10,109
02/07/2005,CRE,SC,ASO,ES,Federal Contract Tower,0,2,11,0,13,0,0,39,0,39,0,2,50,0,52,16,0,16,68
02/08/2005,CRE,SC,ASO,ES,Federal Contract Tower,0,4,24,0,28,0,2,33,2,37,0,6,57,2,65,4,2,6,71
02/09/2005,CRE,SC,ASO,ES,Federal Contract Tower,0,2,26,0,28,0,0,18,0,18,0,2,44,0,46,44,0,44,90
02/10/2005,CRE,SC,ASO,ES,Federal Contract Tower,0,3,30,1,34,0,3,6,1,10,0,6,36,2,44,0,0,0,44
02/11/2005,CRE,SC,ASO,ES,Federal Contract Tower,0,1,35,2,38,0,1,25,2,28,0,2,60,4,66,36,0,36,102
02/12/2005,CRE,SC,ASO,ES,Federal Contract Tower,0,2,36,1,39,0,5,98,4,107,0,7,134,5,146,26,0,26,172
02/13/2005,CRE,SC,ASO,ES,Federal Contract Tower,0,0,42,2,44,0,1,68,0,69,0,1,110,2,113,22,0,22,135
02/14/2005,CRE,SC,ASO,ES,Federal Contract Tower,0,2,24,2,28,0,0,9,0,9,0,2,33,2,37,40,0,40,77
02/15/2005,CRE,SC,ASO,ES,Federal Contract Tower,0,5,25,2,32,0,0,37,1,38,0,5,62,3,70,36,0,36,106
02/16/2005,CRE,SC,ASO,ES,Federal Contract Tower,0,4,24,8,36,0,0,13,2,15,0,4,37,10,51,0,0,0,51
02/17/2005,CRE,SC,ASO,ES,Federal Contract Tower,0,2,50,2,54,0,0,37,1,38,0,2,87,3,92,46,0,46,138
02/18/2005,CRE,SC,ASO,ES,Federal Contract Tower,0,2,50,0,52,0,0,40,2,42,0,2,90,2,94,0,0,0,94
02/19/2005,CRE,SC,ASO,ES,Federal Contract Tower,0,0,50,0,50,0,0,95,0,95,0,0,145,0,145,52,0,52,197
02/20/2005,CRE,SC,ASO,ES,Federal Contract Tower,0,1,35,0,36,0,1,32,0,33,0,2,67,0,69,0,0,0,69
02/21/2005,CRE,SC,ASO,ES,Federal Contract Tower,0,10,20,4,34,0,0,1,0,1,0,10,21,4,35,22,0,22,57
02/22/2005,CRE,SC,ASO,ES,Federal Contract Tower,0,4,44,1,49,0,0,38,0,38,0,4,82,1,87,14,0,14,101
02/23/2005,CRE,SC,ASO,ES,Federal Contract Tower,0,3,24,4,31,0,0,41,1,42,0,3,65,5,73,4,0,4,77
02/24/2005,CRE,SC,ASO,ES,Federal Contract Tower,0,2,27,4,33,0,0,0,0,0,0,2,27,4,33,0,0,0,33
02/25/2005,CRE,SC,ASO,ES,Federal Contract Tower,0,3,33,0,36,0,2,15,6,23,0,5,48,6,59,16,0,16,75
02/26/2005,CRE,SC,ASO,ES,Federal Contract Tower,0,1,50,2,53,0,0,74,2,76,0,1,124,4,129,88,0,88,217
02/27/2005,CRE,SC,ASO,ES,Federal Contract Tower,0,0,38,0,38,0,0,17,0,17,0,0,55,0,55,0,0,0,55
02/28/2005,CRE,SC,ASO,ES,Federal Contract Tower,0,1,9,0,10,0,1,5,2,8,0,2,14,2,18,0,0,0,18
03/01/2005,CRE,SC,ASO,ES,Federal Contract Tower,0,1,21,2,24,0,1,3,4,8,0,2,24,6,32,0,0,0,32
03/02/2005,CRE,SC,ASO,ES,Federal Contract Tower,0,1,29,2,32,0,1,39,0,40,0,2,68,2,72,0,0,0,72
03/03/2005,CRE,SC,ASO,ES,Federal Contract Tower,0,1,41,0,42,0,1,35,0,36,0,2,76,0,78,6,0,6,84
03/04/2005,CRE,SC,ASO,ES,Federal Contract Tower,0,2,32,0,34,0,0,50,0,50,0,2,82,0,84,28,0,28,112
03/05/2005,CRE,SC,ASO,ES,Federal Contract Tower,0,3,30,0,33,0,0,17,0,17,0,3,47,0,50,0,0,0,50
03/06/2005,CRE,SC,ASO,ES,Federal Contract Tower,0,1,48,1,50,0,0,90,0,90,0,1,138,1,140,10,0,10,150
03/07/2005,CRE,SC,ASO,ES,Federal Contract Tower,0,2,21,0,23,0,0,27,1,28,0,2,48,1,51,0,0,0,51
03/08/2005,CRE,SC,ASO,ES,Federal Contract Tower,0,1,1,0,2,0,1,2,1,4,0,2,3,1,6,0,0,0,6
03/09/2005,CRE,SC,ASO,ES,Federal Contract Tower,0,1,34,6,41,0,1,46,3,50,0,2,80,9,91,2,0,2,93
03/10/2005,CRE,SC,ASO,ES,Federal Contract Tower,0,2,26,4,32,0,0,43,5,48,0,2,69,9,80,18,0,18,98
03/11/2005,CRE,SC,ASO,ES,Federal Contract Tower,0,2,19,0,21,0,2,21,2,25,0,4,40,2,46,48,0,48,94
03/12/2005,CRE,SC,ASO,ES,Federal Contract Tower,0,3,12,0,15,0,0,19,0,19,0,3,31,0,34,0,0,0,34
03/13/2005,CRE,SC,ASO,ES,Federal Contract Tower,0,0,29,0,29,0,0,78,0,78,0,0,107,0,107,2,0,2,109
03/14/2005,CRE,SC,ASO,ES,Federal Contract Tower,0,3,23,0,26,0,0,6,1,7,0,3,29,1,33,0,0,0,33
03/15/2005,CRE,SC,ASO,ES,Federal Contract Tower,0,3,28,0,31,0,0,36,5,41,0,3,64,5,72,0,0,0,72
03/16/2005,CRE,SC,ASO,ES,Federal Contract Tower,0,3,11,0,14,0,0,0,1,1,0,3,11,1,15,0,0,0,15
03/17/2005,CRE,SC,ASO,ES,Federal Contract Tower,0,2,17,0,19,0,0,0,1,1,0,2,17,1,20,0,0,0,20
03/18/2005,CRE,SC,ASO,ES,Federal Contract Tower,0,4,40,0,44,0,0,34,0,34,0,4,74,0,78,6,0,6,84
03/19/2005,CRE,SC,ASO,ES,Federal Contract Tower,0,0,38,2,40,0,0,71,1,72,0,0,109,3,112,34,0,34,146
03/20/2005,CRE,SC,ASO,ES,Federal Contract Tower,0,2,42,1,45,0,6,96,0,102,0,8,138,1,147,34,0,34,181
03/21/2005,CRE,SC,ASO,ES,Federal Contract Tower,0,2,42,0,44,0,8,56,0,64,0,10,98,0,108,16,0,16,124
03/22/2005,CRE,SC,ASO,ES,Federal Contract Tower,0,2,24,6,32,0,0,16,0,16,0,2,40,6,48,0,0,0,48
03/23/2005,CRE,SC,ASO,ES,Federal Contract Tower,0,6,18,1,25,0,0,13,1,14,0,6,31,2,39,16,0,16,55
03/24/2005,CRE,SC,ASO,ES,Federal Contract Tower,0,6,62,1,69,0,0,47,1,48,0,6,109,2,117,46,0,46,163
03/25/2005,CRE,SC,ASO,ES,Federal Contract Tower,0,6,59,0,65,0,0,44,0,44,0,6,103,0,109,62,0,62,171
03/26/2005,CRE,SC,ASO,ES,Federal Contract Tower,0,2,35,0,37,0,0,49,0,49,0,2,84,0,86,72,0,72,158
03/27/2005,CRE,SC,ASO,ES,Federal Contract Tower,0,1,13,0,14,0,0,3,0,3,0,1,16,0,17,4,0,4,21
03/28/2005,CRE,SC,ASO,ES,Federal Contract Tower,0,4,19,0,23,0,2,8,0,10,0,6,27,0,33,0,0,0,33
03/29/2005,CRE,SC,ASO,ES,Federal Contract Tower,0,0,48,4,52,0,3,49,0,52,0,3,97,4,104,4,0,4,108
03/30/2005,CRE,SC,ASO,ES,Federal Contract Tower,0,4,39,1,44,0,4,73,1,78,0,8,112,2,122,86,0,86,208
03/31/2005,CRE,SC,ASO,ES,Federal Contract Tower,0,7,26,2,35,0,1,20,5,26,0,8,46,7,61,22,0,22,83
04/01/2005,CRE,SC,ASO,ES,Federal Contract Tower,0,7,35,4,46,0,0,26,2,28,0,7,61,6,74,40,0,40,114
04/02/2005,CRE,SC,ASO,ES,Federal Contract Tower,0,1,14,0,15,0,0,9,1,10,0,1,23,1,25,0,0,0,25
04/03/2005,CRE,SC,ASO,ES,Federal Contract Tower,0,4,29,0,33,0,4,33,0,37,0,8,62,0,70,0,0,0,70
04/04/2005,CRE,SC,ASO,ES,Federal Contract Tower,0,1,39,0,40,0,13,55,0,68,0,14,94,0,108,24,0,24,132
04/05/2005,CRE,SC,ASO,ES,Federal Contract Tower,0,1,35,1,37,0,1,57,2,60,0,2,92,3,97,34,0,34,131
04/06/2005,CRE,SC,ASO,ES,Federal Contract Tower,0,2,59,0,61,0,1,44,1,46,0,3,103,1,107,20,0,20,127
04/07/2005,CRE,SC,ASO,ES,Federal Contract Tower,0,3,20,0,23,0,1,2,0,3,0,4,22,0,26,0,0,0,26
04/08/2005,CRE,SC,ASO,ES,Federal Contract Tower,0,1,53,0,54,0,1,25,4,30,0,2,78,4,84,10,0,10,94
04/09/2005,CRE,SC,ASO,ES,Federal Contract Tower,0,3,35,0,38,0,0,47,5,52,0,3,82,5,90,20,4,24,114
04/10/2005,CRE,SC,ASO,ES,Federal Contract Tower,0,2,53,0,55,0,0,125,2,127,0,2,178,2,182,16,0,16,198
04/11/2005,CRE,SC,ASO,ES,Federal Contract Tower,0,4,37,0,41,0,1,83,2,86,0,5,120,2,127,70,0,70,197
04/12/2005,CRE,SC,ASO,ES,Federal Contract Tower,0,6,43,0,49,0,1,24,2,27,0,7,67,2,76,68,0,68,144
04/13/2005,CRE,SC,ASO,ES,Federal Contract Tower,0,2,34,0,36,0,0,1,0,1,0,2,35,0,37,0,0,0,37
04/14/2005,CRE,SC,ASO,ES,Federal Contract Tower,0,1,77,0,78,0,1,34,0,35,0,2,111,0,113,20,0,20,133
04/15/2005,CRE,SC,ASO,ES,Federal Contract Tower,0,2,63,0,65,0,1,62,0,63,0,3,125,0,128,18,0,18,146
04/16/2005,CRE,SC,ASO,ES,Federal Contract Tower,0,2,28,0,30,0,1,42,2,45,0,3,70,2,75,10,0,10,85
04/17/2005,CRE,SC,ASO,ES,Federal Contract Tower,0,1,68,0,69,0,3,122,17,142,0,4,190,17,211,28,0,28,239
04/18/2005,CRE,SC,ASO,ES,Federal Contract Tower,0,1,47,0,48,0,1,69,4,74,0,2,116,4,122,10,0,10,132
04/19/2005,CRE,SC,ASO,ES,Federal Contract Tower,0,2,33,0,35,0,5,65,3,73,0,7,98,3,108,32,0,32,140
04/20/2005,CRE,SC,ASO,ES,Federal Contract Tower,0,8,35,0,43,0,1,65,6,72,0,9,100,6,115,52,0,52,167
04/21/2005,CRE,SC,ASO,ES,Federal Contract Tower,0,3,35,6,44,0,0,61,2,63,0,3,96,8,107,36,0,36,143
04/22/2005,CRE,SC,ASO,ES,Federal Contract Tower,0,3,49,0,52,0,1,61,10,72,0,4,110,10,124,68,6,74,198
04/23/2005,CRE,SC,ASO,ES,Federal Contract Tower,0,1,13,0,14,0,0,8,0,8,0,1,21,0,22,0,0,0,22
04/24/2005,CRE,SC,ASO,ES,Federal Contract Tower,0,6,49,0,55,0,0,39,1,40,0,6,88,1,95,40,6,46,141
04/25/2005,CRE,SC,ASO,ES,Federal Contract Tower,0,2,34,1,37,0,1,53,1,55,0,3,87,2,92,58,0,58,150
04/26/2005,CRE,SC,ASO,ES,Federal Contract Tower,0,4,28,2,34,0,2,38,4,44,0,6,66,6,78,30,0,30,108
04/27/2005,CRE,SC,ASO,ES,Federal Contract Tower,0,2,35,6,43,0,2,18,2,22,0,4,53,8,65,24,0,24,89
04/28/2005,CRE,SC,ASO,ES,Federal Contract Tower,0,2,50,0,52,0,2,82,0,84,0,4,132,0,136,90,0,90,226
04/29/2005,CRE,SC,ASO,ES,Federal Contract Tower,0,6,62,4,72,0,0,59,0,59,0,6,121,4,131,58,0,58,189
04/30/2005,CRE,SC,ASO,ES,Federal Contract Tower,0,0,16,0,16,0,0,15,0,15,0,0,31,0,31,0,0,0,31
05/01/2005,CRE,SC,ASO,ES,Federal Contract Tower,0,6,71,0,77,0,0,47,0,47,0,6,118,0,124,0,0,0,124
05/02/2005,CRE,SC,ASO,ES,Federal Contract Tower,0,4,23,0,27,0,0,53,7,60,0,4,76,7,87,46,0,46,133
05/03/2005,CRE,SC,ASO,ES,Federal Contract Tower,0,2,26,2,30,0,6,80,0,86,0,8,106,2,116,114,0,114,230
05/04/2005,CRE,SC,ASO,ES,Federal Contract Tower,0,7,25,0,32,0,3,31,0,34,0,10,56,0,66,58,0,58,124
05/05/2005,CRE,SC,ASO,ES,Federal Contract Tower,0,2,13,0,15,0,0,1,0,1,0,2,14,0,16,0,0,0,16
05/06/2005,CRE,SC,ASO,ES,Federal Contract Tower,0,2,38,0,40,0,0,4,0,4,0,2,42,0,44,8,0,8,52
05/07/2005,CRE,SC,ASO,ES,Federal Contract Tower,0,2,39,0,41,0,0,81,3,84,0,2,120,3,125,178,4,182,307
05/08/2005,CRE,SC,ASO,ES,Federal Contract Tower,0,0,39,2,41,0,0,67,2,69,0,0,106,4,110,96,0,96,206
05/09/2005,CRE,SC,ASO,ES,Federal Contract Tower,0,1,29,0,30,0,2,73,0,75,0,3,102,0,105,28,0,28,133
05/10/2005,CRE,SC,ASO,ES,Federal Contract Tower,0,1,21,0,22,0,1,64,2,67,0,2,85,2,89,154,0,154,243
05/11/2005,CRE,SC,ASO,ES,Federal Contract Tower,0,1,46,2,49,0,1,38,0,39,0,2,84,2,88,152,0,152,240
05/12/2005,CRE,SC,ASO,ES,Federal Contract Tower,0,1,31,1,33,0,2,43,1,46,0,3,74,2,79,96,0,96,175
05/13/2005,CRE,SC,ASO,ES,Federal Contract Tower,0,7,58,8,73,0,0,17,4,21,0,7,75,12,94,0,0,0,94
05/14/2005,CRE,SC,ASO,ES,Federal Contract Tower,0,0,32,0,32,0,1,61,1,63,0,1,93,1,95,104,0,104,199
05/15/2005,CRE,SC,ASO,ES,Federal Contract Tower,0,3,41,0,44,0,1,56,4,61,0,4,97,4,105,26,0,26,131
05/16/2005,CRE,SC,ASO,ES,Federal Contract Tower,0,2,20,0,22,0,1,54,0,55,0,3,74,0,77,36,0,36,113
05/17/2005,CRE,SC,ASO,ES,Federal Contract Tower,0,1,27,0,28,0,1,14,0,15,0,2,41,0,43,6,0,6,49
05/18/2005,CRE,SC,ASO,ES,Federal Contract Tower,0,0,31,8,39,0,3,80,0,83,0,3,111,8,122,104,0,104,226
05/19/2005,CRE,SC,ASO,ES,Federal Contract Tower,0,8,26,0,34,0,1,69,10,80,0,9,95,10,114,72,0,72,186
05/20/2005,CRE,SC,ASO,ES,Federal Contract Tower,0,5,39,0,44,0,0,17,4,21,0,5,56,4,65,62,0,62,127
05/21/2005,CRE,SC,ASO,ES,Federal Contract Tower,0,0,43,0,43,0,0,60,6,66,0,0,103,6,109,54,0,54,163
05/22/2005,CRE,SC,ASO,ES,Federal Contract Tower,0,5,51,0,56,0,0,115,6,121,0,5,166,6,177,128,0,128,305
05/23/2005,CRE,SC,ASO,ES,Federal Contract Tower,0,2,40,0,42,0,0,39,1,40,0,2,79,1,82,128,0,128,210
05/24/2005,CRE,SC,ASO,ES,Federal Contract Tower,0,2,14,4,20,0,2,39,10,51,0,4,53,14,71,202,0,202,273
05/25/2005,CRE,SC,ASO,ES,Federal Contract Tower,0,3,34,1,38,0,0,37,3,40,0,3,71,4,78,296,0,296,374
05/26/2005,CRE,SC,ASO,ES,Federal Contract Tower,0,3,34,6,43,0,3,94,9,106,0,6,128,15,149,272,22,294,443
05/27/2005,CRE,SC,ASO,ES,Federal Contract Tower,0,3,47,0,50,0,1,86,18,105,0,4,133,18,155,220,30,250,405
05/28/2005,CRE,SC,ASO,ES,Federal Contract Tower,0,0,22,0,22,0,1,61,6,68,0,1,83,6,90,146,10,156,246
05/29/2005,CRE,SC,ASO,ES,Federal Contract Tower,0,0,25,0,25,0,1,79,2,82,0,1,104,2,107,74,0,74,181
05/30/2005,CRE,SC,ASO,ES,Federal Contract Tower,0,4,47,0,51,0,7,11,0,18,0,11,58,0,69,36,0,36,105
05/31/2005,CRE,SC,ASO,ES,Federal Contract Tower,0,8,32,2,42,0,0,29,0,29,0,8,61,2,71,42,0,42,113
06/01/2005,CRE,SC,ASO,ES,Federal Contract Tower,0,3,29,0,32,0,0,1,0,1,0,3,30,0,33,8,0,8,41
06/02/2005,CRE,SC,ASO,ES,Federal Contract Tower,0,2,25,10,37,0,0,21,0,21,0,2,46,10,58,24,0,24,82
06/03/2005,CRE,SC,ASO,ES,Federal Contract Tower,0,2,40,0,42,0,0,28,0,28,0,2,68,0,70,132,0,132,202
06/04/2005,CRE,SC,ASO,ES,Federal Contract Tower,0,2,34,0,36,0,0,4,0,4,0,2,38,0,40,0,0,0,40
06/05/2005,CRE,SC,ASO,ES,Federal Contract Tower,0,0,60,0,60,0,0,117,4,121,0,0,177,4,181,94,0,94,275
06/06/2005,CRE,SC,ASO,ES,Federal Contract Tower,0,2,28,4,34,0,1,42,1,44,0,3,70,5,78,100,0,100,178
06/07/2005,CRE,SC,ASO,ES,Federal Contract Tower,0,1,27,2,30,0,4,95,6,105,0,5,122,8,135,82,0,82,217
06/08/2005,CRE,SC,ASO,ES,Federal Contract Tower,0,1,41,0,42,0,2,66,1,69,0,3,107,1,111,156,0,156,267
06/09/2005,CRE,SC,ASO,ES,Federal Contract Tower,0,2,34,0,36,0,4,37,6,47,0,6,71,6,83,130,0,130,213
06/10/2005,CRE,SC,ASO,ES,Federal Contract Tower,0,2,59,0,61,0,1,121,5,127,0,3,180,5,188,152,0,152,340
06/11/2005,CRE,SC,ASO,ES,Federal Contract Tower,0,0,37,0,37,0,0,131,0,131,0,0,168,0,168,264,0,264,432
06/12/2005,CRE,SC,ASO,ES,Federal Contract Tower,0,0,48,0,48,0,0,84,1,85,0,0,132,1,133,112,0,112,245
06/13/2005,CRE,SC,ASO,ES,Federal Contract Tower,0,1,25,0,26,0,1,103,2,106,0,2,128,2,132,140,2,142,274
06/14/2005,CRE,SC,ASO,ES,Federal Contract Tower,0,4,32,0,36,0,3,132,1,136,0,7,164,1,172,126,0,126,298
06/15/2005,CRE,SC,ASO,ES,Federal Contract Tower,0,1,49,0,50,0,1,111,7,119,0,2,160,7,169,154,0,154,323
06/16/2005,CRE,SC,ASO,ES,Federal Contract Tower,0,9,49,1,59,0,2,85,0,87,0,11,134,1,146,194,0,194,340
06/17/2005,CRE,SC,ASO,ES,Federal Contract Tower,0,3,40,1,44,0,1,83,2,86,0,4,123,3,130,156,8,164,294
06/18/2005,CRE,SC,ASO,ES,Federal Contract Tower,0,1,47,0,48,0,0,104,0,104,0,1,151,0,152,230,0,230,382
06/19/2005,CRE,SC,ASO,ES,Federal Contract Tower,0,3,45,0,48,0,0,102,8,110,0,3,147,8,158,170,0,170,328
06/20/2005,CRE,SC,ASO,ES,Federal Contract Tower,0,5,22,4,31,0,2,124,0,126,0,7,146,4,157,116,4,120,277
06/21/2005,CRE,SC,ASO,ES,Federal Contract Tower,0,1,22,0,23,0,1,144,0,145,0,2,166,0,168,92,0,92,260
06/22/2005,CRE,SC,ASO,ES,Federal Contract Tower,0,3,32,1,36,0,2,113,0,115,0,5,145,1,151,120,0,120,271
06/23/2005,CRE,SC,ASO,ES,Federal Contract Tower,0,0,38,6,44,0,1,81,3,85,0,1,119,9,129,142,0,142,271
06/24/2005,CRE,SC,ASO,ES,Federal Contract Tower,0,5,47,2,54,0,1,77,2,80,0,6,124,4,134,140,0,140,274
06/25/2005,CRE,SC,ASO,ES,Federal Contract Tower,0,0,25,0,25,0,3,6,0,9,0,3,31,0,34,0,0,0,34
06/26/2005,CRE,SC,ASO,ES,Federal Contract Tower,0,0,0,0,0,0,0,167,0,167,0,0,167,0,167,126,0,126,293
06/27/2005,CRE,SC,ASO,ES,Federal Contract Tower,0,2,32,2,36,0,2,56,0,58,0,4,88,2,94,34,10,44,138
06/28/2005,CRE,SC,ASO,ES,Federal Contract Tower,0,2,21,2,25,0,0,17,0,17,0,2,38,2,42,0,0,0,42
06/29/2005,CRE,SC,ASO,ES,Federal Contract Tower,0,2,53,1,56,0,0,34,0,34,0,2,87,1,90,58,0,58,148
06/30/2005,CRE,SC,ASO,ES,Federal Contract Tower,0,1,42,2,45,0,1,74,6,81,0,2,116,8,126,176,0,176,302
07/01/2005,CRE,SC,ASO,ES,Federal Contract Tower,0,2,58,0,60,0,0,78,0,78,0,2,136,0,138,212,0,212,350
07/02/2005,CRE,SC,ASO,ES,Federal Contract Tower,0,1,45,0,46,0,4,135,0,139,0,5,180,0,185,172,0,172,357
07/03/2005,CRE,SC,ASO,ES,Federal Contract Tower,0,2,32,0,34,0,0,81,0,81,0,2,113,0,115,76,0,76,191
07/04/2005,CRE,SC,ASO,ES,Federal Contract Tower,0,1,39,0,40,0,0,135,0,135,0,1,174,0,175,120,0,120,295
07/05/2005,CRE,SC,ASO,ES,Federal Contract Tower,0,5,33,0,38,0,0,153,2,155,0,5,186,2,193,136,0,136,329
07/06/2005,CRE,SC,ASO,ES,Federal Contract Tower,0,2,42,4,48,0,0,135,0,135,0,2,177,4,183,148,0,148,331
07/07/2005,CRE,SC,ASO,ES,Federal Contract Tower,0,2,25,1,28,0,0,61,1,62,0,2,86,2,90,184,0,184,274
07/08/2005,CRE,SC,ASO,ES,Federal Contract Tower,0,2,49,2,53,0,0,109,0,109,0,2,158,2,162,156,0,156,318
07/09/2005,CRE,SC,ASO,ES,Federal Contract Tower,0,4,37,0,41,0,0,76,0,76,0,4,113,0,117,110,0,110,227
07/10/2005,CRE,SC,ASO,ES,Federal Contract Tower,0,0,39,0,39,0,0,148,1,149,0,0,187,1,188,160,0,160,348
07/11/2005,CRE,SC,ASO,ES,Federal Contract Tower,0,2,16,1,19,0,0,150,11,161,0,2,166,12,180,112,0,112,292
07/12/2005,CRE,SC,ASO,ES,Federal Contract Tower,0,0,23,4,27,0,4,70,0,74,0,4,93,4,101,104,0,104,205
07/13/2005,CRE,SC,ASO,ES,Federal Contract Tower,0,4,26,3,33,0,0,91,0,91,0,4,117,3,124,120,0,120,244
07/14/2005,CRE,SC,ASO,ES,Federal Contract Tower,0,2,37,0,39,0,1,37,1,39,0,3,74,1,78,86,0,86,164
07/15/2005,CRE,SC,ASO,ES,Federal Contract Tower,0,2,40,1,43,0,3,98,2,103,0,5,138,3,146,218,0,218,364
07/16/2005,CRE,SC,ASO,ES,Federal Contract Tower,0,6,30,0,36,0,1,118,6,125,0,7,148,6,161,272,0,272,433
07/17/2005,CRE,SC,ASO,ES,Federal Contract Tower,0,0,38,0,38,0,0,127,0,127,0,0,165,0,165,168,0,168,333
07/18/2005,CRE,SC,ASO,ES,Federal Contract Tower,0,2,34,2,38,0,1,116,2,119,0,3,150,4,157,120,0,120,277
07/19/2005,CRE,SC,ASO,ES,Federal Contract Tower,0,3,35,6,44,0,1,124,0,125,0,4,159,6,169,122,0,122,291
07/20/2005,CRE,SC,ASO,ES,Federal Contract Tower,0,8,18,0,26,0,4,125,0,129,0,12,143,0,155,148,0,148,303
07/21/2005,CRE,SC,ASO,ES,Federal Contract Tower,0,1,37,0,38,0,2,74,2,78,0,3,111,2,116,132,0,132,248
07/22/2005,CRE,SC,ASO,ES,Federal Contract Tower,0,3,35,4,42,0,1,76,0,77,0,4,111,4,119,168,0,168,287
07/23/2005,CRE,SC,ASO,ES,Federal Contract Tower,0,2,43,0,45,0,0,107,2,109,0,2,150,2,154,240,0,240,394
07/24/2005,CRE,SC,ASO,ES,Federal Contract Tower,0,0,56,0,56,0,0,162,1,163,0,0,218,1,219,148,0,148,367
07/25/2005,CRE,SC,ASO,ES,Federal Contract Tower,0,7,32,0,39,0,1,136,2,139,0,8,168,2,178,134,0,134,312
07/26/2005,CRE,SC,ASO,ES,Federal Contract Tower,0,4,46,1,51,0,0,161,5,166,0,4,207,6,217,150,0,150,367
07/27/2005,CRE,SC,ASO,ES,Federal Contract Tower,0,4,33,0,37,0,0,127,4,131,0,4,160,4,168,158,0,158,326
07/28/2005,CRE,SC,ASO,ES,Federal Contract Tower,0,1,35,0,36,0,3,94,4,101,0,4,129,4,137,228,0,228,365
07/29/2005,CRE,SC,ASO,ES,Federal Contract Tower,0,2,32,1,35,0,0,71,2,73,0,2,103,3,108,214,0,214,322
07/30/2005,CRE,SC,ASO,ES,Federal Contract Tower,0,0,46,0,46,0,0,44,1,45,0,0,90,1,91,68,0,68,159
07/31/2005,CRE,SC,ASO,ES,Federal Contract Tower,0,0,39,0,39,0,1,42,0,43,0,1,81,0,82,100,0,100,182
08/01/2005,CRE,SC,ASO,ES,Federal Contract Tower,0,1,36,1,38,0,1,131,3,135,0,2,167,4,173,142,0,142,315
08/02/2005,CRE,SC,ASO,ES,Federal Contract Tower,0,2,13,3,18,0,1,179,0,180,0,3,192,3,198,116,0,116,314
08/03/2005,CRE,SC,ASO,ES,Federal Contract Tower,0,4,31,2,37,0,3,132,0,135,0,7,163,2,172,202,0,202,374
08/04/2005,CRE,SC,ASO,ES,Federal Contract Tower,0,3,31,0,34,0,9,71,1,81,0,12,102,1,115,210,0,210,325
08/05/2005,CRE,SC,ASO,ES,Federal Contract Tower,0,5,41,0,46,0,0,68,0,68,0,5,109,0,114,194,0,194,308
08/06/2005,CRE,SC,ASO,ES,Federal Contract Tower,0,0,44,0,44,0,0,82,4,86,0,0,126,4,130,270,0,270,400
08/07/2005,CRE,SC,ASO,ES,Federal Contract Tower,0,0,48,0,48,0,0,68,20,88,0,0,116,20,136,150,0,150,286
08/08/2005,CRE,SC,ASO,ES,Federal Contract Tower,0,3,21,0,24,0,0,16,0,16,0,3,37,0,40,56,0,56,96
08/09/2005,CRE,SC,ASO,ES,Federal Contract Tower,0,3,25,0,28,0,0,41,0,41,0,3,66,0,69,128,0,128,197
08/10/2005,CRE,SC,ASO,ES,Federal Contract Tower,0,3,44,2,49,0,0,74,1,75,0,3,118,3,124,140,0,140,264
08/11/2005,CRE,SC,ASO,ES,Federal Contract Tower,0,3,33,0,36,0,0,114,0,114,0,3,147,0,150,238,0,238,388
08/12/2005,CRE,SC,ASO,ES,Federal Contract Tower,0,2,34,0,36,0,0,93,8,101,0,2,127,8,137,234,0,234,371
08/13/2005,CRE,SC,ASO,ES,Federal Contract Tower,0,0,29,0,29,0,0,127,0,127,0,0,156,0,156,174,0,174,330
08/14/2005,CRE,SC,ASO,ES,Federal Contract Tower,0,0,42,0,42,0,0,47,4,51,0,0,89,4,93,68,0,68,161
08/15/2005,CRE,SC,ASO,ES,Federal Contract Tower,0,2,16,1,19,0,0,112,0,112,0,2,128,1,131,144,0,144,275
08/16/2005,CRE,SC,ASO,ES,Federal Contract Tower,0,2,37,3,42,0,0,136,2,138,0,2,173,5,180,146,0,146,326
08/17/2005,CRE,SC,ASO,ES,Federal Contract Tower,0,2,25,0,27,0,0,50,2,52,0,2,75,2,79,116,0,116,195
08/18/2005,CRE,SC,ASO,ES,Federal Contract Tower,0,2,32,2,36,0,0,45,0,45,0,2,77,2,81,198,0,198,279
08/19/2005,CRE,SC,ASO,ES,Federal Contract Tower,0,2,48,0,50,0,1,82,3,86,0,3,130,3,136,198,0,198,334
08/20/2005,CRE,SC,ASO,ES,Federal Contract Tower,0,0,26,0,26,0,0,92,0,92,0,0,118,0,118,184,0,184,302
08/21/2005,CRE,SC,ASO,ES,Federal Contract Tower,0,0,41,2,43,0,0,159,1,160,0,0,200,3,203,188,0,188,391
08/22/2005,CRE,SC,ASO,ES,Federal Contract Tower,0,1,32,0,33,0,1,147,0,148,0,2,179,0,181,122,0,122,303
08/23/2005,CRE,SC,ASO,ES,Federal Contract Tower,0,2,19,0,21,0,0,52,0,52,0,2,71,0,73,44,0,44,117
08/24/2005,CRE,SC,ASO,ES,Federal Contract Tower,0,2,30,0,32,0,0,85,1,86,0,2,115,1,118,124,0,124,242
08/25/2005,CRE,SC,ASO,ES,Federal Contract Tower,0,1,34,0,35,0,2,66,2,70,0,3,100,2,105,144,0,144,249
08/26/2005,CRE,SC,ASO,ES,Federal Contract Tower,0,2,29,0,31,0,2,78,4,84,0,4,107,4,115,138,2,140,255
08/27/2005,CRE,SC,ASO,ES,Federal Contract Tower,0,0,29,0,29,0,0,49,0,49,0,0,78,0,78,90,0,90,168
08/28/2005,CRE,SC,ASO,ES,Federal Contract Tower,0,0,38,0,38,0,2,114,3,119,0,2,152,3,157,90,0,90,247
08/29/2005,CRE,SC,ASO,ES,Federal Contract Tower,0,1,16,0,17,0,1,98,0,99,0,2,114,0,116,70,0,70,186
08/30/2005,CRE,SC,ASO,ES,Federal Contract Tower,0,1,16,5,22,0,1,96,5,102,0,2,112,10,124,84,10,94,218
08/31/2005,CRE,SC,ASO,ES,Federal Contract Tower,0,5,24,1,30,0,0,68,9,77,0,5,92,10,107,82,0,82,189
09/01/2005,CRE,SC,ASO,ES,Federal Contract Tower,0,2,39,6,47,0,0,87,10,97,0,2,126,16,144,138,0,138,282
09/02/2005,CRE,SC,ASO,ES,Federal Contract Tower,0,1,65,1,67,0,5,92,1,98,0,6,157,2,165,168,0,168,333
09/03/2005,CRE,SC,ASO,ES,Federal Contract Tower,0,0,19,0,19,0,6,106,2,114,0,6,125,2,133,184,0,184,317
09/04/2005,CRE,SC,ASO,ES,Federal Contract Tower,0,0,15,0,15,0,1,102,3,106,0,1,117,3,121,112,0,112,233
09/05/2005,CRE,SC,ASO,ES,Federal Contract Tower,0,0,54,0,54,0,1,120,3,124,0,1,174,3,178,120,0,120,298
09/06/2005,CRE,SC,ASO,ES,Federal Contract Tower,0,1,13,3,17,0,1,35,1,37,0,2,48,4,54,18,0,18,72
09/07/2005,CRE,SC,ASO,ES,Federal Contract Tower,0,2,22,0,24,0,0,36,1,37,0,2,58,1,61,34,0,34,95
09/08/2005,CRE,SC,ASO,ES,Federal Contract Tower,0,2,18,0,20,0,2,53,6,61,0,4,71,6,81,14,0,14,95
09/09/2005,CRE,SC,ASO,ES,Federal Contract Tower,0,3,22,0,25,0,0,50,4,54,0,3,72,4,79,32,0,32,111
09/10/2005,CRE,SC,ASO,ES,Federal Contract Tower,0,1,24,0,25,0,0,41,0,41,0,1,65,0,66,14,0,14,80
09/11/2005,CRE,SC,ASO,ES,Federal Contract Tower,0,0,15,0,15,0,0,15,0,15,0,0,30,0,30,2,0,2,32
09/12/2005,CRE,SC,ASO,ES,Federal Contract Tower,0,4,10,0,14,0,2,8,0,10,0,6,18,0,24,0,0,0,24
09/13/2005,CRE,SC,ASO,ES,Federal Contract Tower,0,2,2,0,4,0,0,2,0,2,0,2,4,0,6,0,0,0,6
09/14/2005,CRE,SC,ASO,ES,Federal Contract Tower,0,2,1,0,3,0,0,0,0,0,0,2,1,0,3,0,0,0,3
09/15/2005,CRE,SC,ASO,ES,Federal Contract Tower,0,2,25,0,27,0,0,35,0,35,0,2,60,0,62,0,0,0,62
09/16/2005,CRE,SC,ASO,ES,Federal Contract Tower,0,1,43,0,44,0,1,67,2,70,0,2,110,2,114,38,0,38,152
09/17/2005,CRE,SC,ASO,ES,Federal Contract Tower,0,0,29,0,29,0,0,65,0,65,0,0,94,0,94,22,0,22,116
09/18/2005,CRE,SC,ASO,ES,Federal Contract Tower,0,0,37,2,39,0,0,33,5,38,0,0,70,7,77,16,0,16,93
09/19/2005,CRE,SC,ASO,ES,Federal Contract Tower,0,2,31,0,33,0,0,36,0,36,0,2,67,0,69,8,0,8,77
09/20/2005,CRE,SC,ASO,ES,Federal Contract Tower,0,1,19,0,20,0,1,41,12,54,0,2,60,12,74,24,0,24,98
09/21/2005,CRE,SC,ASO,ES,Federal Contract Tower,0,2,31,0,33,0,1,26,2,29,0,3,57,2,62,10,0,10,72
09/22/2005,CRE,SC,ASO,ES,Federal Contract Tower,0,1,36,0,37,0,1,36,0,37,0,2,72,0,74,22,0,22,96
09/23/2005,CRE,SC,ASO,ES,Federal Contract Tower,0,1,50,0,51,0,2,51,2,55,0,3,101,2,106,38,0,38,144
09/24/2005,CRE,SC,ASO,ES,Federal Contract Tower,0,0,36,0,36,0,0,93,1,94,0,0,129,1,130,54,0,54,184
09/25/2005,CRE,SC,ASO,ES,Federal Contract Tower,0,0,49,0,49,0,0,21,0,21,0,0,70,0,70,10,0,10,80
09/26/2005,CRE,SC,ASO,ES,Federal Contract Tower,0,1,28,0,29,0,1,34,2,37,0,2,62,2,66,14,0,14,80
09/27/2005,CRE,SC,ASO,ES,Federal Contract Tower,0,1,35,0,36,0,1,39,0,40,0,2,74,0,76,22,0,22,98
09/28/2005,CRE,SC,ASO,ES,Federal Contract Tower,0,1,34,0,35,0,1,82,0,83,0,2,116,0,118,24,0,24,142
09/29/2005,CRE,SC,ASO,ES,Federal Contract Tower,0,2,32,0,34,0,2,33,1,36,0,4,65,1,70,18,0,18,88
09/30/2005,CRE,SC,ASO,ES,Federal Contract Tower,0,4,50,0,54,0,1,38,0,39,0,5,88,0,93,10,0,10,103
10/01/2005,CRE,SC,ASO,ES,Federal Contract Tower,0,0,23,2,25,0,0,68,0,68,0,0,91,2,93,20,0,20,113
10/02/2005,CRE,SC,ASO,ES,Federal Contract Tower,0,0,47,0,47,0,0,84,1,85,0,0,131,1,132,10,0,10,142
10/03/2005,CRE,SC,ASO,ES,Federal Contract Tower,0,1,22,0,23,0,2,26,1,29,0,3,48,1,52,10,0,10,62
10/04/2005,CRE,SC,ASO,ES,Federal Contract Tower,0,1,33,0,34,0,2,8,0,10,0,3,41,0,44,0,0,0,44
10/05/2005,CRE,SC,ASO,ES,Federal Contract Tower,0,4,22,1,27,0,0,2,1,3,0,4,24,2,30,0,0,0,30
10/06/2005,CRE,SC,ASO,ES,Federal Contract Tower,0,4,22,0,26,0,0,0,0,0,0,4,22,0,26,10,0,10,36
10/07/2005,CRE,SC,ASO,ES,Federal Contract Tower,0,2,13,0,15,0,0,30,0,30,0,2,43,0,45,18,0,18,63
10/08/2005,CRE,SC,ASO,ES,Federal Contract Tower,0,0,19,0,19,0,0,26,0,26,0,0,45,0,45,16,0,16,61
10/09/2005,CRE,SC,ASO,ES,Federal Contract Tower,0,0,28,0,28,0,0,28,0,28,0,0,56,0,56,10,0,10,66
10/10/2005,CRE,SC,ASO,ES,Federal Contract Tower,0,4,20,0,24,0,0,6,0,6,0,4,26,0,30,10,0,10,40
10/11/2005,CRE,SC,ASO,ES,Federal Contract Tower,0,2,27,0,29,0,1,12,0,13,0,3,39,0,42,14,0,14,56
10/12/2005,CRE,SC,ASO,ES,Federal Contract Tower,0,2,27,0,29,0,0,3,0,3,0,2,30,0,32,6,0,6,38
10/13/2005,CRE,SC,ASO,ES,Federal Contract Tower,0,6,39,2,47,0,2,31,3,36,0,8,70,5,83,0,4,4,87
10/14/2005,CRE,SC,ASO,ES,Federal Contract Tower,0,2,58,4,64,0,0,39,0,39,0,2,97,4,103,44,0,44,147
10/15/2005,CRE,SC,ASO,ES,Federal Contract Tower,0,0,20,0,20,0,0,104,0,104,0,0,124,0,124,30,0,30,154
10/16/2005,CRE,SC,ASO,ES,Federal Contract Tower,0,2,41,0,43,0,0,117,7,124,0,2,158,7,167,14,0,14,181
10/17/2005,CRE,SC,ASO,ES,Federal Contract Tower,0,2,26,0,28,0,0,63,12,75,0,2,89,12,103,46,0,46,149
10/18/2005,CRE,SC,ASO,ES,Federal Contract Tower,0,2,31,0,33,0,0,64,0,64,0,2,95,0,97,28,0,28,125
10/19/2005,CRE,SC,ASO,ES,Federal Contract Tower,0,2,46,0,48,0,0,78,16,94,0,2,124,16,142,8,0,8,150
10/20/2005,CRE,SC,ASO,ES,Federal Contract Tower,0,2,36,0,38,0,0,47,0,47,0,2,83,0,85,40,0,40,125
10/21/2005,CRE,SC,ASO,ES,Federal Contract Tower,0,2,49,0,51,0,0,33,0,33,0,2,82,0,84,10,0,10,94
10/22/2005,CRE,SC,ASO,ES,Federal Contract Tower,0,0,54,0,54,0,0,48,0,48,0,0,102,0,102,12,0,12,114
10/23/2005,CRE,SC,ASO,ES,Federal Contract Tower,0,0,49,1,50,0,0,78,3,81,0,0,127,4,131,24,0,24,155
10/24/2005,CRE,SC,ASO,ES,Federal Contract Tower,0,2,13,0,15,0,0,0,0,0,0,2,13,0,15,0,0,0,15
10/25/2005,CRE,SC,ASO,ES,Federal Contract Tower,0,4,22,2,28,0,2,20,2,24,0,6,42,4,52,16,0,16,68
10/26/2005,CRE,SC,ASO,ES,Federal Contract Tower,0,2,56,1,59,0,0,53,9,62,0,2,109,10,121,22,0,22,143
10/27/2005,CRE,SC,ASO,ES,Federal Contract Tower,0,3,44,2,49,0,1,60,0,61,0,4,104,2,110,42,0,42,152
10/28/2005,CRE,SC,ASO,ES,Federal Contract Tower,0,1,47,3,51,0,1,36,7,44,0,2,83,10,95,16,0,16,111
10/29/2005,CRE,SC,ASO,ES,Federal Contract Tower,0,0,18,0,18,0,0,74,0,74,0,0,92,0,92,18,0,18,110
10/30/2005,CRE,SC,ASO,ES,Federal Contract Tower,0,0,43,0,43,0,0,68,0,68,0,0,111,0,111,12,0,12,123
10/31/2005,CRE,SC,ASO,ES,Federal Contract Tower,0,1,29,0,30,0,1,50,6,57,0,2,79,6,87,14,2,16,103
11/01/2005,CRE,SC,ASO,ES,Federal Contract Tower,0,1,20,0,21,0,1,19,0,20,0,2,39,0,41,38,0,38,79
11/02/2005,CRE,SC,ASO,ES,Federal Contract Tower,0,3,51,1,55,0,0,48,1,49,0,3,99,2,104,20,0,20,124
11/03/2005,CRE,SC,ASO,ES,Federal Contract Tower,0,1,43,0,44,0,1,26,4,31,0,2,69,4,75,12,0,12,87
11/04/2005,CRE,SC,ASO,ES,Federal Contract Tower,0,7,38,2,47,0,1,66,0,67,0,8,104,2,114,22,0,22,136
11/05/2005,CRE,SC,ASO,ES,Federal Contract Tower,0,0,26,0,26,0,0,86,0,86,0,0,112,0,112,22,0,22,134
11/06/2005,CRE,SC,ASO,ES,Federal Contract Tower,0,0,39,0,39,0,0,76,2,78,0,0,115,2,117,20,0,20,137
11/07/2005,CRE,SC,ASO,ES,Federal Contract Tower,0,1,41,0,42,0,1,46,2,49,0,2,87,2,91,16,0,16,107
11/08/2005,CRE,SC,ASO,ES,Federal Contract Tower,0,2,14,0,16,0,3,28,0,31,0,5,42,0,47,12,0,12,59
11/09/2005,CRE,SC,ASO,ES,Federal Contract Tower,0,2,52,0,54,0,0,52,0,52,0,2,104,0,106,10,0,10,116
11/10/2005,CRE,SC,ASO,ES,Federal Contract Tower,0,1,37,0,38,0,3,21,2,26,0,4,58,2,64,8,0,8,72
11/11/2005,CRE,SC,ASO,ES,Federal Contract Tower,0,2,52,0,54,0,1,49,1,51,0,3,101,1,105,12,0,12,117
11/12/2005,CRE,SC,ASO,ES,Federal Contract Tower,0,0,49,0,49,0,0,79,0,79,0,0,128,0,128,26,0,26,154
11/13/2005,CRE,SC,ASO,ES,Federal Contract Tower,0,0,42,0,42,0,0,66,0,66,0,0,108,0,108,0,0,0,108
11/14/2005,CRE,SC,ASO,ES,Federal Contract Tower,0,0,40,0,40,0,2,58,0,60,0,2,98,0,100,12,0,12,112
11/15/2005,CRE,SC,ASO,ES,Federal Contract Tower,0,6,50,2,58,0,0,15,2,17,0,6,65,4,75,10,0,10,85
11/16/2005,CRE,SC,ASO,ES,Federal Contract Tower,0,2,38,0,40,0,0,17,1,18,0,2,55,1,58,46,0,46,104
11/17/2005,CRE,SC,ASO,ES,Federal Contract Tower,0,0,63,2,65,0,2,19,0,21,0,2,82,2,86,4,0,4,90
11/18/2005,CRE,SC,ASO,ES,Federal Contract Tower,0,0,54,0,54,0,2,37,5,44,0,2,91,5,98,10,0,10,108
11/19/2005,CRE,SC,ASO,ES,Federal Contract Tower,0,0,35,0,35,0,1,50,0,51,0,1,85,0,86,0,0,0,86
11/20/2005,CRE,SC,ASO,ES,Federal Contract Tower,0,1,34,0,35,0,0,10,1,11,0,1,44,1,46,0,0,0,46
11/21/2005,CRE,SC,ASO,ES,Federal Contract Tower,0,2,13,0,15,0,0,2,0,2,0,2,15,0,17,0,0,0,17
11/22/2005,CRE,SC,ASO,ES,Federal Contract Tower,0,2,29,4,35,0,0,10,5,15,0,2,39,9,50,0,0,0,50
11/23/2005,CRE,SC,ASO,ES,Federal Contract Tower,0,2,53,0,55,0,0,32,0,32,0,2,85,0,87,40,0,40,127
11/24/2005,CRE,SC,ASO,ES,Federal Contract Tower,0,0,10,0,10,0,0,20,0,20,0,0,30,0,30,0,0,0,30
11/25/2005,CRE,SC,ASO,ES,Federal Contract Tower,0,3,41,0,44,0,1,56,0,57,0,4,97,0,101,30,0,30,131
11/26/2005,CRE,SC,ASO,ES,Federal Contract Tower,0,0,55,0,55,0,0,92,2,94,0,0,147,2,149,22,0,22,171
11/27/2005,CRE,SC,ASO,ES,Federal Contract Tower,0,0,57,0,57,0,0,18,0,18,0,0,75,0,75,18,0,18,93
11/28/2005,CRE,SC,ASO,ES,Federal Contract Tower,0,2,24,1,27,0,1,23,3,27,0,3,47,4,54,10,0,10,64
11/29/2005,CRE,SC,ASO,ES,Federal Contract Tower,0,2,17,1,20,0,0,4,1,5,0,2,21,2,25,0,0,0,25
11/30/2005,CRE,SC,ASO,ES,Federal Contract Tower,0,2,37,2,41,0,0,33,0,33,0,2,70,2,74,20,0,20,94
12/01/2005,CRE,SC,ASO,ES,Federal Contract Tower,0,2,38,0,40,0,2,11,0,13,0,4,49,0,53,10,0,10,63
12/02/2005,CRE,SC,ASO,ES,Federal Contract Tower,0,1,24,2,27,0,1,44,4,49,0,2,68,6,76,0,0,0,76
12/03/2005,CRE,SC,ASO,ES,Federal Contract Tower,0,0,24,0,24,0,0,53,2,55,0,0,77,2,79,0,0,0,79
12/04/2005,CRE,SC,ASO,ES,Federal Contract Tower,0,0,24,0,24,0,0,16,0,16,0,0,40,0,40,0,0,0,40
12/05/2005,CRE,SC,ASO,ES,Federal Contract Tower,0,2,22,2,26,0,1,13,0,14,0,3,35,2,40,2,0,2,42
12/06/2005,CRE,SC,ASO,ES,Federal Contract Tower,0,3,46,2,51,0,1,37,0,38,0,4,83,2,89,28,0,28,117
12/07/2005,CRE,SC,ASO,ES,Federal Contract Tower,0,4,35,3,42,0,0,36,1,37,0,4,71,4,79,16,0,16,95
12/08/2005,CRE,SC,ASO,ES,Federal Contract Tower,0,2,23,6,31,0,3,6,2,11,0,5,29,8,42,10,0,10,52
12/09/2005,CRE,SC,ASO,ES,Federal Contract Tower,0,1,28,4,33,0,1,18,0,19,0,2,46,4,52,16,0,16,68
12/10/2005,CRE,SC,ASO,ES,Federal Contract Tower,0,0,33,2,35,0,2,85,0,87,0,2,118,2,122,12,0,12,134
12/11/2005,CRE,SC,ASO,ES,Federal Contract Tower,0,0,39,2,41,0,0,57,0,57,0,0,96,2,98,18,0,18,116
12/12/2005,CRE,SC,ASO,ES,Federal Contract Tower,0,4,18,6,28,0,0,33,5,38,0,4,51,11,66,10,2,12,78
12/13/2005,CRE,SC,ASO,ES,Federal Contract Tower,0,1,43,0,44,0,21,68,0,89,0,22,111,0,133,18,0,18,151
12/14/2005,CRE,SC,ASO,ES,Federal Contract Tower,0,2,31,4,37,0,0,19,0,19,0,2,50,4,56,22,0,22,78
12/15/2005,CRE,SC,ASO,ES,Federal Contract Tower,0,2,6,1,9,0,0,6,0,6,0,2,12,1,15,0,0,0,15
12/16/2005,CRE,SC,ASO,ES,Federal Contract Tower,0,0,34,4,38,0,2,36,4,42,0,2,70,8,80,50,0,50,130
12/17/2005,CRE,SC,ASO,ES,Federal Contract Tower,0,0,36,0,36,0,0,27,0,27,0,0,63,0,63,18,0,18,81
12/18/2005,CRE,SC,ASO,ES,Federal Contract Tower,0,0,17,0,17,0,0,4,0,4,0,0,21,0,21,0,0,0,21
12/19/2005,CRE,SC,ASO,ES,Federal Contract Tower,0,1,28,0,29,0,1,50,0,51,0,2,78,0,80,28,0,28,108
12/20/2005,CRE,SC,ASO,ES,Federal Contract Tower,0,2,21,0,23,0,2,32,0,34,0,4,53,0,57,22,0,22,79
12/21/2005,CRE,SC,ASO,ES,Federal Contract Tower,0,1,14,2,17,0,3,38,0,41,0,4,52,2,58,12,0,12,70
12/22/2005,CRE,SC,ASO,ES,Federal Contract Tower,0,1,20,0,21,0,1,49,0,50,0,2,69,0,71,16,0,16,87
12/23/2005,CRE,SC,ASO,ES,Federal Contract Tower,0,0,20,0,20,0,2,46,0,48,0,2,66,0,68,32,0,32,100
12/24/2005,CRE,SC,ASO,ES,Federal Contract Tower,0,2,7,0,9,0,0,27,0,27,0,2,34,0,36,12,0,12,48
12/25/2005,CRE,SC,ASO,ES,Federal Contract Tower,0,0,3,0,3,0,0,1,0,1,0,0,4,0,4,0,0,0,4
12/26/2005,CRE,SC,ASO,ES,Federal Contract Tower,0,4,33,0,37,0,0,28,0,28,0,4,61,0,65,8,0,8,73
12/27/2005,CRE,SC,ASO,ES,Federal Contract Tower,0,2,41,1,44,0,0,55,3,58,0,2,96,4,102,14,0,14,116
12/28/2005,CRE,SC,ASO,ES,Federal Contract Tower,0,2,41,2,45,0,0,47,0,47,0,2,88,2,92,18,0,18,110
12/29/2005,CRE,SC,ASO,ES,Federal Contract Tower,0,2,30,1,33,0,0,21,0,21,0,2,51,1,54,6,0,6,60
12/30/2005,CRE,SC,ASO,ES,Federal Contract Tower,0,2,51,2,55,0,0,60,0,60,0,2,111,2,115,18,0,18,133
12/31/2005,CRE,SC,ASO,ES,Federal Contract Tower,0,0,36,0,36,0,0,19,0,19,0,0,55,0,55,0,0,0,55
01/01/2006,CRE,SC,ASO,ES,Federal Contract Tower,0,0,41,0,41,0,0,94,0,94,0,0,135,0,135,0,0,0,135
01/02/2006,CRE,SC,ASO,ES,Federal Contract Tower,0,0,26,0,26,0,0,4,0,4,0,0,30,0,30,52,0,52,82
01/03/2006,CRE,SC,ASO,ES,Federal Contract Tower,0,1,25,0,26,0,1,17,0,18,0,2,42,0,44,52,0,52,96
01/04/2006,CRE,SC,ASO,ES,Federal Contract Tower,0,2,54,1,57,0,0,25,3,28,0,2,79,4,85,60,0,60,145
01/05/2006,CRE,SC,ASO,ES,Federal Contract Tower,0,2,32,5,39,0,0,49,2,51,0,2,81,7,90,108,0,108,198
01/06/2006,CRE,SC,ASO,ES,Federal Contract Tower,0,3,31,0,34,0,0,26,0,26,0,3,57,0,60,18,0,18,78
01/07/2006,CRE,SC,ASO,ES,Federal Contract Tower,0,0,41,0,41,0,0,76,0,76,0,0,117,0,117,40,0,40,157
01/08/2006,CRE,SC,ASO,ES,Federal Contract Tower,0,0,33,2,35,0,0,62,1,63,0,0,95,3,98,8,0,8,106
01/09/2006,CRE,SC,ASO,ES,Federal Contract Tower,0,1,30,2,33,0,1,21,7,29,0,2,51,9,62,2,4,6,68
01/10/2006,CRE,SC,ASO,ES,Federal Contract Tower,0,4,37,2,43,0,1,30,0,31,0,5,67,2,74,14,0,14,88
01/11/2006,CRE,SC,ASO,ES,Federal Contract Tower,0,2,40,4,46,0,0,10,7,17,0,2,50,11,63,14,0,14,77
01/12/2006,CRE,SC,ASO,ES,Federal Contract Tower,0,3,46,6,55,0,1,33,12,46,0,4,79,18,101,36,0,36,137
01/13/2006,CRE,SC,ASO,ES,Federal Contract Tower,0,1,30,0,31,0,1,5,2,8,0,2,35,2,39,10,0,10,49
01/14/2006,CRE,SC,ASO,ES,Federal Contract Tower,0,0,10,0,10,0,0,3,0,3,0,0,13,0,13,0,0,0,13
01/15/2006,CRE,SC,ASO,ES,Federal Contract Tower,0,0,13,0,13,0,0,27,0,27,0,0,40,0,40,2,0,2,42
01/16/2006,CRE,SC,ASO,ES,Federal Contract Tower,0,0,29,0,29,0,4,52,0,56,0,4,81,0,85,18,0,18,103
01/17/2006,CRE,SC,ASO,ES,Federal Contract Tower,0,2,27,2,31,0,2,22,0,24,0,4,49,2,55,20,0,20,75
01/18/2006,CRE,SC,ASO,ES,Federal Contract Tower,0,3,8,0,11,0,2,7,4,13,0,5,15,4,24,0,0,0,24
01/19/2006,CRE,SC,ASO,ES,Federal Contract Tower,0,3,0,0,3,0,0,111,3,114,0,3,111,3,117,38,0,38,155
01/20/2006,CRE,SC,ASO,ES,Federal Contract Tower,0,1,51,0,52,0,2,52,1,55,0,3,103,1,107,54,0,54,161
01/21/2006,CRE,SC,ASO,ES,Federal Contract Tower,0,1,26,0,27,0,0,46,3,49,0,1,72,3,76,12,0,12,88
01/22/2006,CRE,SC,ASO,ES,Federal Contract Tower,0,0,46,0,46,0,0,15,0,15,0,0,61,0,61,0,0,0,61
01/23/2006,CRE,SC,ASO,ES,Federal Contract Tower,0,3,9,0,12,0,0,0,0,0,0,3,9,0,12,0,0,0,12
01/24/2006,CRE,SC,ASO,ES,Federal Contract Tower,0,4,21,0,25,0,0,0,0,0,0,4,21,0,25,0,0,0,25
01/25/2006,CRE,SC,ASO,ES,Federal Contract Tower,0,2,29,2,33,0,2,24,0,26,0,4,53,2,59,24,0,24,83
01/26/2006,CRE,SC,ASO,ES,Federal Contract Tower,0,3,30,2,35,0,1,50,2,53,0,4,80,4,88,30,34,64,152
01/27/2006,CRE,SC,ASO,ES,Federal Contract Tower,0,4,29,0,33,0,2,63,0,65,0,6,92,0,98,24,0,24,122
01/28/2006,CRE,SC,ASO,ES,Federal Contract Tower,0,0,39,0,39,0,1,81,2,84,0,1,120,2,123,54,0,54,177
01/29/2006,CRE,SC,ASO,ES,Federal Contract Tower,0,3,27,4,34,0,0,18,0,18,0,3,45,4,52,0,0,0,52
01/30/2006,CRE,SC,ASO,ES,Federal Contract Tower,0,3,25,6,34,0,0,8,10,18,0,3,33,16,52,0,0,0,52
01/31/2006,CRE,SC,ASO,ES,Federal Contract Tower,0,3,19,1,23,0,0,31,3,34,0,3,50,4,57,0,0,0,57
02/01/2006,CRE,SC,ASO,ES,Federal Contract Tower,0,4,39,0,43,0,0,54,0,54,0,4,93,0,97,28,0,28,125
02/02/2006,CRE,SC,ASO,ES,Federal Contract Tower,0,3,33,3,39,0,0,37,1,38,0,3,70,4,77,52,0,52,129
02/03/2006,CRE,SC,ASO,ES,Federal Contract Tower,0,2,41,0,43,0,0,14,0,14,0,2,55,0,57,16,0,16,73
02/04/2006,CRE,SC,ASO,ES,Federal Contract Tower,0,0,33,0,33,0,0,11,0,11,0,0,44,0,44,2,0,2,46
02/05/2006,CRE,SC,ASO,ES,Federal Contract Tower,0,0,22,0,22,0,0,17,0,17,0,0,39,0,39,0,0,0,39
02/06/2006,CRE,SC,ASO,ES,Federal Contract Tower,0,1,31,0,32,0,1,52,5,58,0,2,83,5,90,16,8,24,114
02/07/2006,CRE,SC,ASO,ES,Federal Contract Tower,0,3,21,2,26,0,3,11,3,17,0,6,32,5,43,0,0,0,43
02/08/2006,CRE,SC,ASO,ES,Federal Contract Tower,0,1,38,2,41,0,3,40,4,47,0,4,78,6,88,24,2,26,114
02/09/2006,CRE,SC,ASO,ES,Federal Contract Tower,0,1,42,0,43,0,1,15,0,16,0,2,57,0,59,14,0,14,73
02/10/2006,CRE,SC,ASO,ES,Federal Contract Tower,0,4,54,1,59,0,5,35,1,41,0,9,89,2,100,36,0,36,136
02/11/2006,CRE,SC,ASO,ES,Federal Contract Tower,0,1,3,0,4,0,0,2,0,2,0,1,5,0,6,0,0,0,6
02/12/2006,CRE,SC,ASO,ES,Federal Contract Tower,0,0,30,0,30,0,0,41,0,41,0,0,71,0,71,10,0,10,81
02/13/2006,CRE,SC,ASO,ES,Federal Contract Tower,0,3,37,4,44,0,1,38,2,41,0,4,75,6,85,44,0,44,129
02/14/2006,CRE,SC,ASO,ES,Federal Contract Tower,0,2,32,3,37,0,0,41,1,42,0,2,73,4,79,56,0,56,135
02/15/2006,CRE,SC,ASO,ES,Federal Contract Tower,0,4,33,4,41,0,4,74,0,78,0,8,107,4,119,38,0,38,157
02/16/2006,CRE,SC,ASO,ES,Federal Contract Tower,0,2,46,2,50,0,0,48,0,48,0,2,94,2,98,42,4,46,144
02/17/2006,CRE,SC,ASO,ES,Federal Contract Tower,0,4,35,0,39,0,0,41,0,41,0,4,76,0,80,60,0,60,140
02/18/2006,CRE,SC,ASO,ES,Federal Contract Tower,0,0,19,0,19,0,1,26,0,27,0,1,45,0,46,106,0,106,152
02/19/2006,CRE,SC,ASO,ES,Federal Contract Tower,0,1,72,0,73,0,0,56,4,60,0,1,128,4,133,50,0,50,183
02/20/2006,CRE,SC,ASO,ES,Federal Contract Tower,0,4,17,0,21,0,1,19,4,24,0,5,36,4,45,0,0,0,45
02/21/2006,CRE,SC,ASO,ES,Federal Contract Tower,0,1,27,1,29,0,1,4,3,8,0,2,31,4,37,12,0,12,49
02/22/2006,CRE,SC,ASO,ES,Federal Contract Tower,0,2,33,0,35,0,0,5,2,7,0,2,38,2,42,0,0,0,42
02/23/2006,CRE,SC,ASO,ES,Federal Contract Tower,0,3,26,5,34,0,1,12,1,14,0,4,38,6,48,18,0,18,66
02/24/2006,CRE,SC,ASO,ES,Federal Contract Tower,0,0,28,0,28,0,2,56,2,60,0,2,84,2,88,10,0,10,98
02/25/2006,CRE,SC,ASO,ES,Federal Contract Tower,0,0,52,0,52,0,2,27,0,29,0,2,79,0,81,6,0,6,87
02/26/2006,CRE,SC,ASO,ES,Federal Contract Tower,0,2,40,0,42,0,2,36,0,38,0,4,76,0,80,0,0,0,80
02/27/2006,CRE,SC,ASO,ES,Federal Contract Tower,0,3,31,0,34,0,4,57,0,61,0,7,88,0,95,0,0,0,95
02/28/2006,CRE,SC,ASO,ES,Federal Contract Tower,0,1,26,1,28,0,1,27,1,29,0,2,53,2,57,0,0,0,57
03/01/2006,CRE,SC,ASO,ES,Federal Contract Tower,0,2,43,8,53,0,2,43,0,45,0,4,86,8,98,10,0,10,108
03/02/2006,CRE,SC,ASO,ES,Federal Contract Tower,0,2,34,5,41,0,1,31,1,33,0,3,65,6,74,26,0,26,100
03/03/2006,CRE,SC,ASO,ES,Federal Contract Tower,0,1,62,4,67,0,1,39,0,40,0,2,101,4,107,12,0,12,119
03/04/2006,CRE,SC,ASO,ES,Federal Contract Tower,0,2,32,2,36,0,0,97,0,97,0,2,129,2,133,2,0,2,135
03/05/2006,CRE,SC,ASO,ES,Federal Contract Tower,0,2,44,1,47,0,1,73,4,78,0,3,117,5,125,0,0,0,125
03/06/2006,CRE,SC,ASO,ES,Federal Contract Tower,0,3,15,2,20,0,0,36,4,40,0,3,51,6,60,10,0,10,70
03/07/2006,CRE,SC,ASO,ES,Federal Contract Tower,0,4,25,2,31,0,0,20,4,24,0,4,45,6,55,12,0,12,67
03/08/2006,CRE,SC,ASO,ES,Federal Contract Tower,0,3,43,0,46,0,5,44,0,49,0,8,87,0,95,12,0,12,107
03/09/2006,CRE,SC,ASO,ES,Federal Contract Tower,0,4,43,0,47,0,2,38,1,41,0,6,81,1,88,0,0,0,88
03/10/2006,CRE,SC,ASO,ES,Federal Contract Tower,0,5,31,0,36,0,1,28,1,30,0,6,59,1,66,36,0,36,102
03/11/2006,CRE,SC,ASO,ES,Federal Contract Tower,0,2,61,5,68,0,0,73,13,86,0,2,134,18,154,36,0,36,190
03/12/2006,CRE,SC,ASO,ES,Federal Contract Tower,0,0,46,0,46,0,0,77,2,79,0,0,123,2,125,8,0,8,133
03/13/2006,CRE,SC,ASO,ES,Federal Contract Tower,0,2,35,0,37,0,4,23,2,29,0,6,58,2,66,0,0,0,66
03/14/2006,CRE,SC,ASO,ES,Federal Contract Tower,0,1,32,0,33,0,1,18,2,21,0,2,50,2,54,0,0,0,54
03/15/2006,CRE,SC,ASO,ES,Federal Contract Tower,0,4,42,1,47,0,0,40,7,47,0,4,82,8,94,20,0,20,114
03/16/2006,CRE,SC,ASO,ES,Federal Contract Tower,0,2,65,0,67,0,2,64,2,68,0,4,129,2,135,56,0,56,191
03/17/2006,CRE,SC,ASO,ES,Federal Contract Tower,0,6,31,8,45,0,8,65,8,81,0,14,96,16,126,4,0,4,130
03/18/2006,CRE,SC,ASO,ES,Federal Contract Tower,0,0,65,0,65,0,6,131,2,139,0,6,196,2,204,18,0,18,222
03/19/2006,CRE,SC,ASO,ES,Federal Contract Tower,0,5,34,4,43,0,0,102,5,107,0,5,136,9,150,12,0,12,162
03/20/2006,CRE,SC,ASO,ES,Federal Contract Tower,0,1,29,2,32,0,1,33,2,36,0,2,62,4,68,0,0,0,68
03/21/2006,CRE,SC,ASO,ES,Federal Contract Tower,0,4,18,0,22,0,0,0,0,0,0,4,18,0,22,0,0,0,22
03/22/2006,CRE,SC,ASO,ES,Federal Contract Tower,0,3,73,2,78,0,1,46,0,47,0,4,119,2,125,12,0,12,137
03/23/2006,CRE,SC,ASO,ES,Federal Contract Tower,0,3,54,3,60,0,1,44,0,45,0,4,98,3,105,18,0,18,123
03/24/2006,CRE,SC,ASO,ES,Federal Contract Tower,0,6,74,9,89,0,3,12,3,18,0,9,86,12,107,0,0,0,107
03/25/2006,CRE,SC,ASO,ES,Federal Contract Tower,0,0,13,0,13,0,0,97,4,101,0,0,110,4,114,6,0,6,120
03/26/2006,CRE,SC,ASO,ES,Federal Contract Tower,0,1,31,0,32,0,0,72,0,72,0,1,103,0,104,0,0,0,104
03/27/2006,CRE,SC,ASO,ES,Federal Contract Tower,0,2,36,0,38,0,1,64,2,67,0,3,100,2,105,30,0,30,135
03/28/2006,CRE,SC,ASO,ES,Federal Contract Tower,0,0,33,1,34,0,2,27,5,34,0,2,60,6,68,12,0,12,80
03/29/2006,CRE,SC,ASO,ES,Federal Contract Tower,0,5,41,3,49,0,11,64,7,82,0,16,105,10,131,22,0,22,153
03/30/2006,CRE,SC,ASO,ES,Federal Contract Tower,0,5,49,1,55,0,1,66,4,71,0,6,115,5,126,8,0,8,134
03/31/2006,CRE,SC,ASO,ES,Federal Contract Tower,0,9,66,4,79,0,1,103,0,104,0,10,169,4,183,20,0,20,203
04/01/2006,CRE,SC,ASO,ES,Federal Contract Tower,0,0,25,0,25,0,2,72,2,76,0,2,97,2,101,38,0,38,139
04/02/2006,CRE,SC,ASO,ES,Federal Contract Tower,0,3,69,4,76,0,0,91,0,91,0,3,160,4,167,8,0,8,175
04/03/2006,CRE,SC,ASO,ES,Federal Contract Tower,0,2,31,0,33,0,0,22,0,22,0,2,53,0,55,0,0,0,55
04/04/2006,CRE,SC,ASO,ES,Federal Contract Tower,0,0,49,0,49,0,2,53,4,59,0,2,102,4,108,16,0,16,124
04/05/2006,CRE,SC,ASO,ES,Federal Contract Tower,0,5,65,5,75,0,1,71,5,77,0,6,136,10,152,32,0,32,184
04/06/2006,CRE,SC,ASO,ES,Federal Contract Tower,0,3,74,2,79,0,3,70,1,74,0,6,144,3,153,26,0,26,179
04/07/2006,CRE,SC,ASO,ES,Federal Contract Tower,0,2,54,4,60,0,1,55,0,56,0,3,109,4,116,10,0,10,126
04/08/2006,CRE,SC,ASO,ES,Federal Contract Tower,0,3,31,0,34,0,0,30,2,32,0,3,61,2,66,0,0,0,66
04/09/2006,CRE,SC,ASO,ES,Federal Contract Tower,0,5,77,3,85,0,0,70,4,74,0,5,147,7,159,20,0,20,179
04/10/2006,CRE,SC,ASO,ES,Federal Contract Tower,0,6,41,0,47,0,2,80,7,89,0,8,121,7,136,26,0,26,162
04/11/2006,CRE,SC,ASO,ES,Federal Contract Tower,0,6,41,3,50,0,1,96,6,103,0,7,137,9,153,26,0,26,179
04/12/2006,CRE,SC,ASO,ES,Federal Contract Tower,0,5,52,7,64,0,1,78,1,80,0,6,130,8,144,40,0,40,184
04/13/2006,CRE,SC,ASO,ES,Federal Contract Tower,0,1,65,3,69,0,1,56,1,58,0,2,121,4,127,20,0,20,147
04/14/2006,CRE,SC,ASO,ES,Federal Contract Tower,0,3,61,2,66,0,2,78,3,83,0,5,139,5,149,40,0,40,189
04/15/2006,CRE,SC,ASO,ES,Federal Contract Tower,0,2,45,0,47,0,0,80,8,88,0,2,125,8,135,52,0,52,187
04/16/2006,CRE,SC,ASO,ES,Federal Contract Tower,0,4,47,0,51,0,0,107,0,107,0,4,154,0,158,8,0,8,166
04/17/2006,CRE,SC,ASO,ES,Federal Contract Tower,0,2,43,0,45,0,0,50,4,54,0,2,93,4,99,18,0,18,117
04/18/2006,CRE,SC,ASO,ES,Federal Contract Tower,0,2,50,0,52,0,2,92,0,94,0,4,142,0,146,26,0,26,172
04/19/2006,CRE,SC,ASO,ES,Federal Contract Tower,0,1,42,0,43,0,1,59,0,60,0,2,101,0,103,12,0,12,115
04/20/2006,CRE,SC,ASO,ES,Federal Contract Tower,0,4,59,1,64,0,0,89,6,95,0,4,148,7,159,38,0,38,197
04/21/2006,CRE,SC,ASO,ES,Federal Contract Tower,0,2,47,0,49,0,0,58,1,59,0,2,105,1,108,40,0,40,148
04/22/2006,CRE,SC,ASO,ES,Federal Contract Tower,0,2,12,4,18,0,0,2,0,2,0,2,14,4,20,0,0,0,20
04/23/2006,CRE,SC,ASO,ES,Federal Contract Tower,0,6,73,5,84,0,0,106,1,107,0,6,179,6,191,0,0,0,191
04/24/2006,CRE,SC,ASO,ES,Federal Contract Tower,0,2,33,0,35,0,0,84,2,86,0,2,117,2,121,24,0,24,145
04/25/2006,CRE,SC,ASO,ES,Federal Contract Tower,0,2,41,2,45,0,2,53,2,57,0,4,94,4,102,6,0,6,108
04/26/2006,CRE,SC,ASO,ES,Federal Contract Tower,0,2,46,1,49,0,0,21,2,23,0,2,67,3,72,24,0,24,96
04/27/2006,CRE,SC,ASO,ES,Federal Contract Tower,0,5,57,0,62,0,0,3,0,3,0,5,60,0,65,20,0,20,85
04/28/2006,CRE,SC,ASO,ES,Federal Contract Tower,0,7,78,2,87,0,1,79,2,82,0,8,157,4,169,18,0,18,187
04/29/2006,CRE,SC,ASO,ES,Federal Contract Tower,0,2,31,0,33,0,0,48,2,50,0,2,79,2,83,4,0,4,87
04/30/2006,CRE,SC,ASO,ES,Federal Contract Tower,0,8,72,4,84,0,0,55,14,69,0,8,127,18,153,0,0,0,153
05/01/2006,CRE,SC,ASO,ES,Federal Contract Tower,0,2,40,2,44,0,2,50,5,57,0,4,90,7,101,6,0,6,107
05/02/2006,CRE,SC,ASO,ES,Federal Contract Tower,0,0,30,0,30,0,6,64,0,70,0,6,94,0,100,34,0,34,134
05/03/2006,CRE,SC,ASO,ES,Federal Contract Tower,0,5,42,0,47,0,0,64,2,66,0,5,106,2,113,32,0,32,145
05/04/2006,CRE,SC,ASO,ES,Federal Contract Tower,0,3,39,5,47,0,1,74,3,78,0,4,113,8,125,38,0,38,163
05/05/2006,CRE,SC,ASO,ES,Federal Contract Tower,0,6,34,0,40,0,0,42,0,42,0,6,76,0,82,50,0,50,132
05/06/2006,CRE,SC,ASO,ES,Federal Contract Tower,0,0,31,0,31,0,0,60,2,62,0,0,91,2,93,48,0,48,141
05/07/2006,CRE,SC,ASO,ES,Federal Contract Tower,0,2,35,0,37,0,0,18,0,18,0,2,53,0,55,46,0,46,101
05/08/2006,CRE,SC,ASO,ES,Federal Contract Tower,0,4,68,0,72,0,1,24,5,30,0,5,92,5,102,22,0,22,124
05/09/2006,CRE,SC,ASO,ES,Federal Contract Tower,0,3,31,0,34,0,0,30,6,36,0,3,61,6,70,24,0,24,94
05/10/2006,CRE,SC,ASO,ES,Federal Contract Tower,0,2,37,3,42,0,2,46,1,49,0,4,83,4,91,30,0,30,121
05/11/2006,CRE,SC,ASO,ES,Federal Contract Tower,0,0,45,0,45,0,2,30,2,34,0,2,75,2,79,22,0,22,101
05/12/2006,CRE,SC,ASO,ES,Federal Contract Tower,0,3,44,0,47,0,2,109,0,111,0,5,153,0,158,24,0,24,182
05/13/2006,CRE,SC,ASO,ES,Federal Contract Tower,0,1,22,4,27,0,0,76,0,76,0,1,98,4,103,38,0,38,141
05/14/2006,CRE,SC,ASO,ES,Federal Contract Tower,0,5,23,0,28,0,0,41,0,41,0,5,64,0,69,26,0,26,95
05/15/2006,CRE,SC,ASO,ES,Federal Contract Tower,0,3,32,2,37,0,1,54,1,56,0,4,86,3,93,42,0,42,135
05/16/2006,CRE,SC,ASO,ES,Federal Contract Tower,0,3,44,2,49,0,14,71,5,90,0,17,115,7,139,30,4,34,173
05/17/2006,CRE,SC,ASO,ES,Federal Contract Tower,0,6,72,1,79,0,0,77,5,82,0,6,149,6,161,28,0,28,189
05/18/2006,CRE,SC,ASO,ES,Federal Contract Tower,0,1,47,2,50,0,1,90,13,104,0,2,137,15,154,20,4,24,178
05/19/2006,CRE,SC,ASO,ES,Federal Contract Tower,0,3,46,0,49,0,2,93,28,123,0,5,139,28,172,62,8,70,242
05/20/2006,CRE,SC,ASO,ES,Federal Contract Tower,0,1,25,0,26,0,0,94,0,94,0,1,119,0,120,34,0,34,154
05/21/2006,CRE,SC,ASO,ES,Federal Contract Tower,0,6,54,0,60,0,2,80,4,86,0,8,134,4,146,38,0,38,184
05/22/2006,CRE,SC,ASO,ES,Federal Contract Tower,0,7,46,2,55,0,2,38,3,43,0,9,84,5,98,26,0,26,124
05/23/2006,CRE,SC,ASO,ES,Federal Contract Tower,0,3,34,5,42,0,4,64,2,70,0,7,98,7,112,98,0,98,210
05/24/2006,CRE,SC,ASO,ES,Federal Contract Tower,0,4,39,4,47,0,2,76,5,83,0,6,115,9,130,132,0,132,262
05/25/2006,CRE,SC,ASO,ES,Federal Contract Tower,0,3,69,10,82,0,0,37,14,51,0,3,106,24,133,210,14,224,357
05/26/2006,CRE,SC,ASO,ES,Federal Contract Tower,0,5,46,4,55,0,1,89,10,100,0,6,135,14,155,58,6,64,219
05/27/2006,CRE,SC,ASO,ES,Federal Contract Tower,0,1,28,0,29,0,1,185,2,188,0,2,213,2,217,176,0,176,393
05/28/2006,CRE,SC,ASO,ES,Federal Contract Tower,0,0,13,3,16,0,0,101,11,112,0,0,114,14,128,112,0,112,240
05/29/2006,CRE,SC,ASO,ES,Federal Contract Tower,0,2,59,0,61,0,0,109,2,111,0,2,168,2,172,100,0,100,272
05/30/2006,CRE,SC,ASO,ES,Federal Contract Tower,0,3,36,0,39,0,2,89,2,93,0,5,125,2,132,56,0,56,188
05/31/2006,CRE,SC,ASO,ES,Federal Contract Tower,0,6,36,10,52,0,0,45,3,48,0,6,81,13,100,120,0,120,220
06/01/2006,CRE,SC,ASO,ES,Federal Contract Tower,0,5,44,0,49,0,0,95,0,95,0,5,139,0,144,156,0,156,300
06/02/2006,CRE,SC,ASO,ES,Federal Contract Tower,0,4,47,0,51,0,0,85,4,89,0,4,132,4,140,168,0,168,308
06/03/2006,CRE,SC,ASO,ES,Federal Contract Tower,0,2,26,0,28,0,0,57,0,57,0,2,83,0,85,92,0,92,177
06/04/2006,CRE,SC,ASO,ES,Federal Contract Tower,0,0,40,0,40,0,0,113,2,115,0,0,153,2,155,128,0,128,283
06/05/2006,CRE,SC,ASO,ES,Federal Contract Tower,0,1,34,0,35,0,2,90,3,95,0,3,124,3,130,90,0,90,220
06/06/2006,CRE,SC,ASO,ES,Federal Contract Tower,0,0,26,0,26,0,3,108,2,113,0,3,134,2,139,72,0,72,211
06/07/2006,CRE,SC,ASO,ES,Federal Contract Tower,0,1,94,1,96,0,2,157,3,162,0,3,251,4,258,108,0,108,366
06/08/2006,CRE,SC,ASO,ES,Federal Contract Tower,0,7,53,0,60,0,2,99,0,101,0,9,152,0,161,204,0,204,365
06/09/2006,CRE,SC,ASO,ES,Federal Contract Tower,0,2,84,4,90,0,1,122,0,123,0,3,206,4,213,136,0,136,349
06/10/2006,CRE,SC,ASO,ES,Federal Contract Tower,0,0,65,0,65,0,0,194,4,198,0,0,259,4,263,170,0,170,433
06/11/2006,CRE,SC,ASO,ES,Federal Contract Tower,0,0,55,0,55,0,0,157,0,157,0,0,212,0,212,90,0,90,302
06/12/2006,CRE,SC,ASO,ES,Federal Contract Tower,0,2,39,3,44,0,0,116,11,127,0,2,155,14,171,72,2,74,245
06/13/2006,CRE,SC,ASO,ES,Federal Contract Tower,0,2,30,1,33,0,0,42,0,42,0,2,72,1,75,32,0,32,107
06/14/2006,CRE,SC,ASO,ES,Federal Contract Tower,0,3,25,0,28,0,1,2,0,3,0,4,27,0,31,2,0,2,33
06/15/2006,CRE,SC,ASO,ES,Federal Contract Tower,0,4,66,11,81,0,1,105,2,108,0,5,171,13,189,152,6,158,347
06/16/2006,CRE,SC,ASO,ES,Federal Contract Tower,0,1,54,8,63,0,3,124,0,127,0,4,178,8,190,116,0,116,306
06/17/2006,CRE,SC,ASO,ES,Federal Contract Tower,0,0,49,0,49,0,0,151,1,152,0,0,200,1,201,136,0,136,337
06/18/2006,CRE,SC,ASO,ES,Federal Contract Tower,0,0,43,1,44,0,3,214,2,219,0,3,257,3,263,84,0,84,347
06/19/2006,CRE,SC,ASO,ES,Federal Contract Tower,0,1,34,0,35,0,1,131,1,133,0,2,165,1,168,84,0,84,252
06/20/2006,CRE,SC,ASO,ES,Federal Contract Tower,0,2,35,0,37,0,5,102,2,109,0,7,137,2,146,108,0,108,254
06/21/2006,CRE,SC,ASO,ES,Federal Contract Tower,0,6,40,8,54,0,1,126,2,129,0,7,166,10,183,108,0,108,291
06/22/2006,CRE,SC,ASO,ES,Federal Contract Tower,0,10,40,4,54,0,4,181,3,188,0,14,221,7,242,114,0,114,356
06/23/2006,CRE,SC,ASO,ES,Federal Contract Tower,0,2,54,4,60,0,0,102,0,102,0,2,156,4,162,124,0,124,286
06/24/2006,CRE,SC,ASO,ES,Federal Contract Tower,0,2,64,0,66,0,4,164,0,168,0,6,228,0,234,128,0,128,362
06/25/2006,CRE,SC,ASO,ES,Federal Contract Tower,0,0,51,0,51,0,0,113,0,113,0,0,164,0,164,98,0,98,262
06/26/2006,CRE,SC,ASO,ES,Federal Contract Tower,0,2,37,6,45,0,0,84,6,90,0,2,121,12,135,78,0,78,213
06/27/2006,CRE,SC,ASO,ES,Federal Contract Tower,0,6,14,0,20,0,1,42,2,45,0,7,56,2,65,44,0,44,109
06/28/2006,CRE,SC,ASO,ES,Federal Contract Tower,0,4,35,4,43,0,2,131,2,135,0,6,166,6,178,112,0,112,290
06/29/2006,CRE,SC,ASO,ES,Federal Contract Tower,0,2,39,6,47,0,0,117,0,117,0,2,156,6,164,118,0,118,282
06/30/2006,CRE,SC,ASO,ES,Federal Contract Tower,0,2,67,0,69,0,1,123,0,124,0,3,190,0,193,143,0,143,336
07/01/2006,CRE,SC,ASO,ES,Federal Contract Tower,0,2,46,0,48,0,0,138,0,138,0,2,184,0,186,166,0,166,352
07/02/2006,CRE,SC,ASO,ES,Federal Contract Tower,0,2,39,0,41,0,0,183,0,183,0,2,222,0,224,108,0,108,332
07/03/2006,CRE,SC,ASO,ES,Federal Contract Tower,0,2,41,0,43,0,0,171,0,171,0,2,212,0,214,118,0,118,332
07/04/2006,CRE,SC,ASO,ES,Federal Contract Tower,0,1,28,0,29,0,4,149,0,153,0,5,177,0,182,107,0,107,289
07/05/2006,CRE,SC,ASO,ES,Federal Contract Tower,0,2,53,1,56,0,8,132,2,142,0,10,185,3,198,112,0,112,310
07/06/2006,CRE,SC,ASO,ES,Federal Contract Tower,0,4,28,2,34,0,0,57,0,57,0,4,85,2,91,116,0,116,207
07/07/2006,CRE,SC,ASO,ES,Federal Contract Tower,0,4,66,0,70,0,2,147,3,152,0,6,213,3,222,108,0,108,330
07/08/2006,CRE,SC,ASO,ES,Federal Contract Tower,0,0,49,0,49,0,0,192,2,194,0,0,241,2,243,122,0,122,365
07/09/2006,CRE,SC,ASO,ES,Federal Contract Tower,0,0,55,0,55,0,0,179,0,179,0,0,234,0,234,98,0,98,332
07/10/2006,CRE,SC,ASO,ES,Federal Contract Tower,0,2,62,7,71,0,2,113,0,115,0,4,175,7,186,104,12,116,302
07/11/2006,CRE,SC,ASO,ES,Federal Contract Tower,0,0,41,0,41,0,3,139,8,150,0,3,180,8,191,78,0,78,269
07/12/2006,CRE,SC,ASO,ES,Federal Contract Tower,0,8,31,4,43,0,4,86,1,91,0,12,117,5,134,136,0,136,270
07/13/2006,CRE,SC,ASO,ES,Federal Contract Tower,0,2,31,12,45,0,1,122,3,126,0,3,153,15,171,146,0,146,317
07/14/2006,CRE,SC,ASO,ES,Federal Contract Tower,0,4,48,0,52,0,0,136,0,136,0,4,184,0,188,132,0,132,320
07/15/2006,CRE,SC,ASO,ES,Federal Contract Tower,0,5,48,0,53,0,0,105,0,105,0,5,153,0,158,112,0,112,270
07/16/2006,CRE,SC,ASO,ES,Federal Contract Tower,0,3,50,0,53,0,4,135,8,147,0,7,185,8,200,106,0,106,306
07/17/2006,CRE,SC,ASO,ES,Federal Contract Tower,0,0,32,0,32,0,4,170,2,176,0,4,202,2,208,100,0,100,308
07/18/2006,CRE,SC,ASO,ES,Federal Contract Tower,0,4,40,4,48,0,2,127,8,137,0,6,167,12,185,94,0,94,279
07/19/2006,CRE,SC,ASO,ES,Federal Contract Tower,0,2,47,3,52,0,2,123,6,131,0,4,170,9,183,108,0,108,291
07/20/2006,CRE,SC,ASO,ES,Federal Contract Tower,0,2,48,2,52,0,0,173,8,181,0,2,221,10,233,132,0,132,365
07/21/2006,CRE,SC,ASO,ES,Federal Contract Tower,0,1,46,4,51,0,1,153,0,154,0,2,199,4,205,150,0,150,355
07/22/2006,CRE,SC,ASO,ES,Federal Contract Tower,0,4,31,0,35,0,0,154,2,156,0,4,185,2,191,106,0,106,297
07/23/2006,CRE,SC,ASO,ES,Federal Contract Tower,0,1,40,0,41,0,2,84,0,86,0,3,124,0,127,72,0,72,199
07/24/2006,CRE,SC,ASO,ES,Federal Contract Tower,0,1,28,2,31,0,1,114,0,115,0,2,142,2,146,96,0,96,242
07/25/2006,CRE,SC,ASO,ES,Federal Contract Tower,0,6,45,4,55,0,1,137,0,138,0,7,182,4,193,96,0,96,289
07/26/2006,CRE,SC,ASO,ES,Federal Contract Tower,0,1,47,4,52,0,2,86,0,88,0,3,133,4,140,120,0,120,260
07/27/2006,CRE,SC,ASO,ES,Federal Contract Tower,0,4,46,2,52,0,2,77,4,83,0,6,123,6,135,128,0,128,263
07/28/2006,CRE,SC,ASO,ES,Federal Contract Tower,0,3,30,0,33,0,2,149,2,153,0,5,179,2,186,124,0,124,310
07/29/2006,CRE,SC,ASO,ES,Federal Contract Tower,0,0,31,1,32,0,2,135,7,144,0,2,166,8,176,122,0,122,298
07/30/2006,CRE,SC,ASO,ES,Federal Contract Tower,0,4,55,3,62,0,0,98,2,100,0,4,153,5,162,84,0,84,246
07/31/2006,CRE,SC,ASO,ES,Federal Contract Tower,0,3,29,0,32,0,1,136,2,139,0,4,165,2,171,100,0,100,271
08/01/2006,CRE,SC,ASO,ES,Federal Contract Tower,0,1,35,1,37,0,5,160,4,169,0,6,195,5,206,108,0,108,314
08/02/2006,CRE,SC,ASO,ES,Federal Contract Tower,0,2,34,4,40,0,0,119,0,119,0,2,153,4,159,112,0,112,271
08/03/2006,CRE,SC,ASO,ES,Federal Contract Tower,0,3,31,1,35,0,1,147,2,150,0,4,178,3,185,126,0,126,311
08/04/2006,CRE,SC,ASO,ES,Federal Contract Tower,0,1,50,10,61,0,1,116,7,124,0,2,166,17,185,164,10,174,359
08/05/2006,CRE,SC,ASO,ES,Federal Contract Tower,0,0,40,0,40,0,0,132,0,132,0,0,172,0,172,84,0,84,256
08/06/2006,CRE,SC,ASO,ES,Federal Contract Tower,0,5,38,2,45,0,0,68,0,68,0,5,106,2,113,48,0,48,161
08/07/2006,CRE,SC,ASO,ES,Federal Contract Tower,0,2,32,0,34,0,0,112,0,112,0,2,144,0,146,142,0,142,288
08/08/2006,CRE,SC,ASO,ES,Federal Contract Tower,0,3,24,0,27,0,1,97,6,104,0,4,121,6,131,100,0,100,231
08/09/2006,CRE,SC,ASO,ES,Federal Contract Tower,0,5,30,6,41,0,0,62,0,62,0,5,92,6,103,150,0,150,253
08/10/2006,CRE,SC,ASO,ES,Federal Contract Tower,0,2,56,0,58,0,1,82,2,85,0,3,138,2,143,142,0,142,285
08/11/2006,CRE,SC,ASO,ES,Federal Contract Tower,0,1,32,2,35,0,1,63,1,65,0,2,95,3,100,104,0,104,204
08/12/2006,CRE,SC,ASO,ES,Federal Contract Tower,0,0,22,0,22,0,0,57,1,58,0,0,79,1,80,34,0,34,114
08/13/2006,CRE,SC,ASO,ES,Federal Contract Tower,0,2,47,0,49,0,2,185,0,187,0,4,232,0,236,124,0,124,360
08/14/2006,CRE,SC,ASO,ES,Federal Contract Tower,0,1,28,5,34,0,1,143,6,150,0,2,171,11,184,118,4,122,306
08/15/2006,CRE,SC,ASO,ES,Federal Contract Tower,0,0,34,5,39,0,2,131,17,150,0,2,165,22,189,100,4,104,293
08/16/2006,CRE,SC,ASO,ES,Federal Contract Tower,0,3,47,4,54,0,2,87,4,93,0,5,134,8,147,94,0,94,241
08/17/2006,CRE,SC,ASO,ES,Federal Contract Tower,0,3,56,0,59,0,1,36,0,37,0,4,92,0,96,80,0,80,176
08/18/2006,CRE,SC,ASO,ES,Federal Contract Tower,0,1,61,2,64,0,2,86,0,88,0,3,147,2,152,96,0,96,248
08/19/2006,CRE,SC,ASO,ES,Federal Contract Tower,0,0,34,0,34,0,0,112,0,112,0,0,146,0,146,110,0,110,256
08/20/2006,CRE,SC,ASO,ES,Federal Contract Tower,0,1,53,0,54,0,2,87,8,97,0,3,140,8,151,122,0,122,273
08/21/2006,CRE,SC,ASO,ES,Federal Contract Tower,0,3,31,2,36,0,0,101,0,101,0,3,132,2,137,86,0,86,223
08/22/2006,CRE,SC,ASO,ES,Federal Contract Tower,0,2,31,0,33,0,0,72,6,78,0,2,103,6,111,84,0,84,195
08/23/2006,CRE,SC,ASO,ES,Federal Contract Tower,0,10,46,0,56,0,0,70,0,70,0,10,116,0,126,90,0,90,216
08/24/2006,CRE,SC,ASO,ES,Federal Contract Tower,0,5,46,4,55,0,0,39,1,40,0,5,85,5,95,76,0,76,171
08/25/2006,CRE,SC,ASO,ES,Federal Contract Tower,0,5,47,0,52,0,0,109,2,111,0,5,156,2,163,94,0,94,257
08/26/2006,CRE,SC,ASO,ES,Federal Contract Tower,0,0,39,0,39,0,1,129,1,131,0,1,168,1,170,88,0,88,258
08/27/2006,CRE,SC,ASO,ES,Federal Contract Tower,0,2,49,0,51,0,3,128,1,132,0,5,177,1,183,90,0,90,273
08/28/2006,CRE,SC,ASO,ES,Federal Contract Tower,0,2,37,1,40,0,0,116,0,116,0,2,153,1,156,76,0,76,232
08/29/2006,CRE,SC,ASO,ES,Federal Contract Tower,0,3,43,0,46,0,1,101,0,102,0,4,144,0,148,66,0,66,214
08/30/2006,CRE,SC,ASO,ES,Federal Contract Tower,0,6,13,0,19,0,2,55,0,57,0,8,68,0,76,56,0,56,132
08/31/2006,CRE,SC,ASO,ES,Federal Contract Tower,0,2,7,0,9,0,0,0,0,0,0,2,7,0,9,0,0,0,9
09/01/2006,CRE,SC,ASO,ES,Federal Contract Tower,0,5,47,0,52,0,3,33,1,37,0,8,80,1,89,42,0,42,131
09/02/2006,CRE,SC,ASO,ES,Federal Contract Tower,0,0,34,1,35,0,0,111,1,112,0,0,145,2,147,82,0,82,229
09/03/2006,CRE,SC,ASO,ES,Federal Contract Tower,0,0,28,0,28,0,2,87,0,89,0,2,115,0,117,74,0,74,191
09/04/2006,CRE,SC,ASO,ES,Federal Contract Tower,0,2,62,0,64,0,4,84,0,88,0,6,146,0,152,42,0,42,194
09/05/2006,CRE,SC,ASO,ES,Federal Contract Tower,0,3,16,0,19,0,3,11,0,14,0,6,27,0,33,0,0,0,33
09/06/2006,CRE,SC,ASO,ES,Federal Contract Tower,0,2,28,0,30,0,5,15,0,20,0,7,43,0,50,0,0,0,50
09/07/2006,CRE,SC,ASO,ES,Federal Contract Tower,0,8,35,2,45,0,1,63,0,64,0,9,98,2,109,46,0,46,155
09/08/2006,CRE,SC,ASO,ES,Federal Contract Tower,0,1,38,2,41,0,1,58,1,60,0,2,96,3,101,48,0,48,149
09/09/2006,CRE,SC,ASO,ES,Federal Contract Tower,0,2,40,0,42,0,0,77,0,77,0,2,117,0,119,24,0,24,143
09/10/2006,CRE,SC,ASO,ES,Federal Contract Tower,0,4,47,0,51,0,0,64,0,64,0,4,111,0,115,22,0,22,137
09/11/2006,CRE,SC,ASO,ES,Federal Contract Tower,0,2,22,0,24,0,0,26,0,26,0,2,48,0,50,0,0,0,50
09/12/2006,CRE,SC,ASO,ES,Federal Contract Tower,0,5,18,6,29,0,0,53,0,53,0,5,71,6,82,10,0,10,92
09/13/2006,CRE,SC,ASO,ES,Federal Contract Tower,0,2,31,0,33,0,4,10,0,14,0,6,41,0,47,6,0,6,53
09/14/2006,CRE,SC,ASO,ES,Federal Contract Tower,0,4,31,0,35,0,1,22,0,23,0,5,53,0,58,18,0,18,76
09/15/2006,CRE,SC,ASO,ES,Federal Contract Tower,0,4,60,2,66,0,2,60,4,66,0,6,120,6,132,36,0,36,168
09/16/2006,CRE,SC,ASO,ES,Federal Contract Tower,0,1,35,0,36,0,0,71,0,71,0,1,106,0,107,20,0,20,127
09/17/2006,CRE,SC,ASO,ES,Federal Contract Tower,0,4,51,2,57,0,2,92,2,96,0,6,143,4,153,32,0,32,185
09/18/2006,CRE,SC,ASO,ES,Federal Contract Tower,0,2,28,0,30,0,4,58,4,66,0,6,86,4,96,42,0,42,138
09/19/2006,CRE,SC,ASO,ES,Federal Contract Tower,0,2,17,0,19,0,1,21,2,24,0,3,38,2,43,22,0,22,65
09/20/2006,CRE,SC,ASO,ES,Federal Contract Tower,0,3,51,0,54,0,2,86,1,89,0,5,137,1,143,60,0,60,203
09/21/2006,CRE,SC,ASO,ES,Federal Contract Tower,0,2,43,1,46,0,0,98,1,99,0,2,141,2,145,20,0,20,165
09/22/2006,CRE,SC,ASO,ES,Federal Contract Tower,0,4,53,2,59,0,0,63,1,64,0,4,116,3,123,30,0,30,153
09/23/2006,CRE,SC,ASO,ES,Federal Contract Tower,0,2,38,0,40,0,0,45,0,45,0,2,83,0,85,62,0,62,147
09/24/2006,CRE,SC,ASO,ES,Federal Contract Tower,0,3,32,0,35,0,0,16,0,16,0,3,48,0,51,8,0,8,59
09/25/2006,CRE,SC,ASO,ES,Federal Contract Tower,0,1,39,2,42,0,0,36,4,40,0,1,75,6,82,22,0,22,104
09/26/2006,CRE,SC,ASO,ES,Federal Contract Tower,0,4,38,8,50,0,0,105,1,106,0,4,143,9,156,8,0,8,164
09/27/2006,CRE,SC,ASO,ES,Federal Contract Tower,0,1,26,6,33,0,2,78,1,81,0,3,104,7,114,44,0,44,158
09/28/2006,CRE,SC,ASO,ES,Federal Contract Tower,0,2,29,2,33,0,1,64,1,66,0,3,93,3,99,18,0,18,117
09/29/2006,CRE,SC,ASO,ES,Federal Contract Tower,0,5,45,0,50,0,1,45,2,48,0,6,90,2,98,18,0,18,116
09/30/2006,CRE,SC,ASO,ES,Federal Contract Tower,0,1,34,0,35,0,0,84,0,84,0,1,118,0,119,30,0,30,149
10/01/2006,CRE,SC,ASO,ES,Federal Contract Tower,0,0,52,0,52,0,2,73,0,75,0,2,125,0,127,14,0,14,141
10/02/2006,CRE,SC,ASO,ES,Federal Contract Tower,0,2,30,3,35,0,6,67,6,79,0,8,97,9,114,4,0,4,118
10/03/2006,CRE,SC,ASO,ES,Federal Contract Tower,0,0,26,2,28,0,2,80,0,82,0,2,106,2,110,6,0,6,116
10/04/2006,CRE,SC,ASO,ES,Federal Contract Tower,0,3,36,2,41,0,1,73,5,79,0,4,109,7,120,4,0,4,124
10/05/2006,CRE,SC,ASO,ES,Federal Contract Tower,0,5,43,0,48,0,19,79,1,99,0,24,122,1,147,12,0,12,159
10/06/2006,CRE,SC,ASO,ES,Federal Contract Tower,0,6,42,0,48,0,3,31,0,34,0,9,73,0,82,30,0,30,112
10/07/2006,CRE,SC,ASO,ES,Federal Contract Tower,0,1,45,0,46,0,2,33,0,35,0,3,78,0,81,20,0,20,101
10/08/2006,CRE,SC,ASO,ES,Federal Contract Tower,0,2,19,0,21,0,2,5,0,7,0,4,24,0,28,2,0,2,30
10/09/2006,CRE,SC,ASO,ES,Federal Contract Tower,0,2,40,0,42,0,0,35,0,35,0,2,75,0,77,16,0,16,93
10/10/2006,CRE,SC,ASO,ES,Federal Contract Tower,0,0,44,0,44,0,0,105,0,105,0,0,149,0,149,18,0,18,167
10/11/2006,CRE,SC,ASO,ES,Federal Contract Tower,0,2,44,1,47,0,2,65,4,71,0,4,109,5,118,8,0,8,126
10/12/2006,CRE,SC,ASO,ES,Federal Contract Tower,0,5,34,0,39,0,4,48,4,56,0,9,82,4,95,24,0,24,119
10/13/2006,CRE,SC,ASO,ES,Federal Contract Tower,0,3,42,1,46,0,0,71,6,77,0,3,113,7,123,8,0,8,131
10/14/2006,CRE,SC,ASO,ES,Federal Contract Tower,0,0,19,0,19,0,0,97,0,97,0,0,116,0,116,0,0,0,116
10/15/2006,CRE,SC,ASO,ES,Federal Contract Tower,0,4,63,0,67,0,4,91,2,97,0,8,154,2,164,4,0,4,168
10/16/2006,CRE,SC,ASO,ES,Federal Contract Tower,0,2,30,0,32,0,0,25,8,33,0,2,55,8,65,0,0,0,65
10/17/2006,CRE,SC,ASO,ES,Federal Contract Tower,0,4,31,0,35,0,2,19,0,21,0,6,50,0,56,0,0,0,56
10/18/2006,CRE,SC,ASO,ES,Federal Contract Tower,0,2,35,2,39,0,0,36,11,47,0,2,71,13,86,0,2,2,88
10/19/2006,CRE,SC,ASO,ES,Federal Contract Tower,0,2,36,0,38,0,5,62,20,87,0,7,98,20,125,6,0,6,131
10/20/2006,CRE,SC,ASO,ES,Federal Contract Tower,0,1,36,2,39,0,1,40,12,53,0,2,76,14,92,0,0,0,92
10/21/2006,CRE,SC,ASO,ES,Federal Contract Tower,0,0,29,0,29,0,8,75,0,83,0,8,104,0,112,12,0,12,124
10/22/2006,CRE,SC,ASO,ES,Federal Contract Tower,0,0,46,0,46,0,0,9,0,9,0,0,55,0,55,0,0,0,55
10/23/2006,CRE,SC,ASO,ES,Federal Contract Tower,0,9,37,0,46,0,2,50,2,54,0,11,87,2,100,10,0,10,110
10/24/2006,CRE,SC,ASO,ES,Federal Contract Tower,0,1,29,3,33,0,1,47,5,53,0,2,76,8,86,6,0,6,92
10/25/2006,CRE,SC,ASO,ES,Federal Contract Tower,0,1,43,0,44,0,1,35,0,36,0,2,78,0,80,56,0,56,136
10/26/2006,CRE,SC,ASO,ES,Federal Contract Tower,0,7,25,2,34,0,1,29,0,30,0,8,54,2,64,0,0,0,64
10/27/2006,CRE,SC,ASO,ES,Federal Contract Tower,0,1,22,2,25,0,0,9,0,9,0,1,31,2,34,34,0,34,68
10/28/2006,CRE,SC,ASO,ES,Federal Contract Tower,0,3,28,0,31,0,3,40,2,45,0,6,68,2,76,10,0,10,86
10/29/2006,CRE,SC,ASO,ES,Federal Contract Tower,0,0,39,0,39,0,0,115,0,115,0,0,154,0,154,30,0,30,184
10/30/2006,CRE,SC,ASO,ES,Federal Contract Tower,0,0,36,0,36,0,0,69,4,73,0,0,105,4,109,0,0,0,109
10/31/2006,CRE,SC,ASO,ES,Federal Contract Tower,0,3,33,0,36,0,0,33,2,35,0,3,66,2,71,0,0,0,71
11/01/2006,CRE,SC,ASO,ES,Federal Contract Tower,0,3,45,3,51,0,1,37,0,38,0,4,82,3,89,28,0,28,117
11/02/2006,CRE,SC,ASO,ES,Federal Contract Tower,0,1,68,3,72,0,2,38,3,43,0,3,106,6,115,38,12,50,165
11/03/2006,CRE,SC,ASO,ES,Federal Contract Tower,0,4,51,0,55,0,6,27,18,51,0,10,78,18,106,0,0,0,106
11/04/2006,CRE,SC,ASO,ES,Federal Contract Tower,0,0,29,1,30,0,2,92,2,96,0,2,121,3,126,2,0,2,128
11/05/2006,CRE,SC,ASO,ES,Federal Contract Tower,0,0,41,1,42,0,0,94,2,96,0,0,135,3,138,40,0,40,178
11/06/2006,CRE,SC,ASO,ES,Federal Contract Tower,0,1,21,0,22,0,1,41,0,42,0,2,62,0,64,4,0,4,68
11/07/2006,CRE,SC,ASO,ES,Federal Contract Tower,0,1,5,0,6,0,1,0,0,1,0,2,5,0,7,2,0,2,9
11/08/2006,CRE,SC,ASO,ES,Federal Contract Tower,0,1,28,0,29,0,5,17,2,24,0,6,45,2,53,0,0,0,53
11/09/2006,CRE,SC,ASO,ES,Federal Contract Tower,0,3,52,0,55,0,2,67,4,73,0,5,119,4,128,24,0,24,152
11/10/2006,CRE,SC,ASO,ES,Federal Contract Tower,0,5,68,6,79,0,5,94,4,103,0,10,162,10,182,48,0,48,230
11/11/2006,CRE,SC,ASO,ES,Federal Contract Tower,0,1,40,0,41,0,1,35,0,36,0,2,75,0,77,14,12,26,103
11/12/2006,CRE,SC,ASO,ES,Federal Contract Tower,0,0,44,0,44,0,0,25,0,25,0,0,69,0,69,0,0,0,69
11/13/2006,CRE,SC,ASO,ES,Federal Contract Tower,0,0,41,0,41,0,0,39,0,39,0,0,80,0,80,34,0,34,114
11/14/2006,CRE,SC,ASO,ES,Federal Contract Tower,0,0,40,0,40,0,0,29,0,29,0,0,69,0,69,30,0,30,99
11/15/2006,CRE,SC,ASO,ES,Federal Contract Tower,0,2,36,2,40,0,0,32,2,34,0,2,68,4,74,20,0,20,94
11/16/2006,CRE,SC,ASO,ES,Federal Contract Tower,0,2,9,0,11,0,0,1,1,2,0,2,10,1,13,0,0,0,13
11/17/2006,CRE,SC,ASO,ES,Federal Contract Tower,0,3,68,0,71,0,0,47,1,48,0,3,115,1,119,20,0,20,139
11/18/2006,CRE,SC,ASO,ES,Federal Contract Tower,0,0,37,0,37,0,0,66,10,76,0,0,103,10,113,20,0,20,133
11/19/2006,CRE,SC,ASO,ES,Federal Contract Tower,0,0,36,4,40,0,1,59,1,61,0,1,95,5,101,32,0,32,133
11/20/2006,CRE,SC,ASO,ES,Federal Contract Tower,0,0,46,0,46,0,0,27,0,27,0,0,73,0,73,28,0,28,101
11/21/2006,CRE,SC,ASO,ES,Federal Contract Tower,0,0,11,0,11,0,0,0,0,0,0,0,11,0,11,0,0,0,11
11/22/2006,CRE,SC,ASO,ES,Federal Contract Tower,0,2,7,0,9,0,0,0,0,0,0,2,7,0,9,0,0,0,9
11/23/2006,CRE,SC,ASO,ES,Federal Contract Tower,0,1,14,0,15,0,0,9,0,9,0,1,23,0,24,0,0,0,24
11/24/2006,CRE,SC,ASO,ES,Federal Contract Tower,0,4,50,0,54,0,0,74,0,74,0,4,124,0,128,2,0,2,130
11/25/2006,CRE,SC,ASO,ES,Federal Contract Tower,0,0,28,1,29,0,5,78,4,87,0,5,106,5,116,12,0,12,128
11/26/2006,CRE,SC,ASO,ES,Federal Contract Tower,0,0,56,0,56,0,0,84,0,84,0,0,140,0,140,2,0,2,142
11/27/2006,CRE,SC,ASO,ES,Federal Contract Tower,0,1,43,0,44,0,0,37,0,37,0,1,80,0,81,2,0,2,83
11/28/2006,CRE,SC,ASO,ES,Federal Contract Tower,0,0,34,0,34,0,0,21,1,22,0,0,55,1,56,14,0,14,70
11/29/2006,CRE,SC,ASO,ES,Federal Contract Tower,0,2,34,6,42,0,1,43,0,44,0,3,77,6,86,58,0,58,144
11/30/2006,CRE,SC,ASO,ES,Federal Contract Tower,0,1,32,2,35,0,1,18,0,19,0,2,50,2,54,22,0,22,76
12/01/2006,CRE,SC,ASO,ES,Federal Contract Tower,0,2,18,0,20,0,1,8,0,9,0,3,26,0,29,26,0,26,55
12/02/2006,CRE,SC,ASO,ES,Federal Contract Tower,0,0,38,0,38,0,0,63,1,64,0,0,101,1,102,46,0,46,148
12/03/2006,CRE,SC,ASO,ES,Federal Contract Tower,0,0,17,0,17,0,0,11,0,11,0,0,28,0,28,2,0,2,30
12/04/2006,CRE,SC,ASO,ES,Federal Contract Tower,0,2,31,0,33,0,0,25,0,25,0,2,56,0,58,22,0,22,80
12/05/2006,CRE,SC,ASO,ES,Federal Contract Tower,0,1,25,0,26,0,0,33,0,33,0,1,58,0,59,24,0,24,83
12/06/2006,CRE,SC,ASO,ES,Federal Contract Tower,0,8,44,0,52,0,0,52,1,53,0,8,96,1,105,14,0,14,119
12/07/2006,CRE,SC,ASO,ES,Federal Contract Tower,0,3,31,2,36,0,1,23,4,28,0,4,54,6,64,18,0,18,82
12/08/2006,CRE,SC,ASO,ES,Federal Contract Tower,0,2,22,2,26,0,2,29,4,35,0,4,51,6,61,12,0,12,73
12/09/2006,CRE,SC,ASO,ES,Federal Contract Tower,0,0,25,4,29,0,0,46,0,46,0,0,71,4,75,26,0,26,101
12/10/2006,CRE,SC,ASO,ES,Federal Contract Tower,0,0,26,2,28,0,0,42,0,42,0,0,68,2,70,32,0,32,102
12/11/2006,CRE,SC,ASO,ES,Federal Contract Tower,0,1,19,7,27,0,2,32,2,36,0,3,51,9,63,62,0,62,125
12/12/2006,CRE,SC,ASO,ES,Federal Contract Tower,0,2,26,2,30,0,1,38,0,39,0,3,64,2,69,22,0,22,91
12/13/2006,CRE,SC,ASO,ES,Federal Contract Tower,0,2,25,2,29,0,0,5,0,5,0,2,30,2,34,0,0,0,34
12/14/2006,CRE,SC,ASO,ES,Federal Contract Tower,0,4,31,8,43,0,1,29,0,30,0,5,60,8,73,30,0,30,103
12/15/2006,CRE,SC,ASO,ES,Federal Contract Tower,0,1,33,5,39,0,1,35,0,36,0,2,68,5,75,12,0,12,87
12/16/2006,CRE,SC,ASO,ES,Federal Contract Tower,0,0,27,0,27,0,0,71,6,77,0,0,98,6,104,16,0,16,120
12/17/2006,CRE,SC,ASO,ES,Federal Contract Tower,0,0,30,0,30,0,2,43,0,45,0,2,73,0,75,14,0,14,89
12/18/2006,CRE,SC,ASO,ES,Federal Contract Tower,0,0,21,0,21,0,0,40,0,40,0,0,61,0,61,20,0,20,81
12/19/2006,CRE,SC,ASO,ES,Federal Contract Tower,0,0,37,2,39,0,0,35,0,35,0,0,72,2,74,20,0,20,94
12/20/2006,CRE,SC,ASO,ES,Federal Contract Tower,0,2,33,2,37,0,0,37,0,37,0,2,70,2,74,10,0,10,84
12/21/2006,CRE,SC,ASO,ES,Federal Contract Tower,0,1,28,6,35,0,1,16,0,17,0,2,44,6,52,6,0,6,58
12/22/2006,CRE,SC,ASO,ES,Federal Contract Tower,0,4,12,0,16,0,0,3,0,3,0,4,15,0,19,0,0,0,19
12/23/2006,CRE,SC,ASO,ES,Federal Contract Tower,0,1,20,0,21,0,0,13,0,13,0,1,33,0,34,0,0,0,34
12/24/2006,CRE,SC,ASO,ES,Federal Contract Tower,0,0,5,0,5,0,0,11,0,11,0,0,16,0,16,0,0,0,16
12/25/2006,CRE,SC,ASO,ES,Federal Contract Tower,0,0,1,0,1,0,0,0,0,0,0,0,1,0,1,0,0,0,1
12/26/2006,CRE,SC,ASO,ES,Federal Contract Tower,0,4,22,0,26,0,0,5,0,5,0,4,27,0,31,0,0,0,31
12/27/2006,CRE,SC,ASO,ES,Federal Contract Tower,0,1,46,0,47,0,1,45,0,46,0,2,91,0,93,2,0,2,95
12/28/2006,CRE,SC,ASO,ES,Federal Contract Tower,0,4,39,0,43,0,0,55,2,57,0,4,94,2,100,12,0,12,112
12/29/2006,CRE,SC,ASO,ES,Federal Contract Tower,0,3,40,1,44,0,0,75,1,76,0,3,115,2,120,5,0,5,125
12/30/2006,CRE,SC,ASO,ES,Federal Contract Tower,0,0,24,0,24,0,0,69,0,69,0,0,93,0,93,0,0,0,93
12/31/2006,CRE,SC,ASO,ES,Federal Contract Tower,0,0,20,0,20,0,0,12,0,12,0,0,32,0,32,0,0,0,32
01/01/2007,CRE,SC,ASO,ES,Federal Contract Tower,0,0,32,0,32,0,0,19,0,19,0,0,51,0,51,0,0,0,51
01/02/2007,CRE,SC,ASO,ES,Federal Contract Tower,0,0,37,0,37,0,0,50,0,50,0,0,87,0,87,10,0,10,97
01/03/2007,CRE,SC,ASO,ES,Federal Contract Tower,0,1,45,0,46,0,1,35,0,36,0,2,80,0,82,38,0,38,120
01/04/2007,CRE,SC,ASO,ES,Federal Contract Tower,0,2,36,0,38,0,0,6,0,6,0,2,42,0,44,16,0,16,60
01/05/2007,CRE,SC,ASO,ES,Federal Contract Tower,0,2,36,0,38,0,0,1,0,1,0,2,37,0,39,12,0,12,51
01/06/2007,CRE,SC,ASO,ES,Federal Contract Tower,0,2,23,0,25,0,0,93,0,93,0,2,116,0,118,0,0,0,118
01/07/2007,CRE,SC,ASO,ES,Federal Contract Tower,0,0,9,0,9,0,0,5,0,5,0,0,14,0,14,0,0,0,14
01/08/2007,CRE,SC,ASO,ES,Federal Contract Tower,0,2,20,1,23,0,0,10,1,11,0,2,30,2,34,14,0,14,48
01/09/2007,CRE,SC,ASO,ES,Federal Contract Tower,0,1,22,0,23,0,0,24,4,28,0,1,46,4,51,14,4,18,69
01/10/2007,CRE,SC,ASO,ES,Federal Contract Tower,0,3,21,2,26,0,0,40,0,40,0,3,61,2,66,48,0,48,114
01/11/2007,CRE,SC,ASO,ES,Federal Contract Tower,0,4,39,2,45,0,0,61,0,61,0,4,100,2,106,36,0,36,142
01/12/2007,CRE,SC,ASO,ES,Federal Contract Tower,0,4,38,2,44,0,0,51,2,53,0,4,89,4,97,22,0,22,119
01/13/2007,CRE,SC,ASO,ES,Federal Contract Tower,0,0,35,0,35,0,0,55,0,55,0,0,90,0,90,8,0,8,98
01/14/2007,CRE,SC,ASO,ES,Federal Contract Tower,0,0,32,0,32,0,0,54,0,54,0,0,86,0,86,2,0,2,88
01/15/2007,CRE,SC,ASO,ES,Federal Contract Tower,0,2,43,0,45,0,0,40,0,40,0,2,83,0,85,16,0,16,101
01/16/2007,CRE,SC,ASO,ES,Federal Contract Tower,0,2,33,0,35,0,0,9,0,9,0,2,42,0,44,0,0,0,44
01/17/2007,CRE,SC,ASO,ES,Federal Contract Tower,0,1,44,1,46,0,1,22,6,29,0,2,66,7,75,2,4,6,81
01/18/2007,CRE,SC,ASO,ES,Federal Contract Tower,0,2,11,1,14,2,0,0,0,2,2,2,11,1,16,0,0,0,16
01/19/2007,CRE,SC,ASO,ES,Federal Contract Tower,0,3,50,1,54,0,0,34,2,36,0,3,84,3,90,12,0,12,102
01/20/2007,CRE,SC,ASO,ES,Federal Contract Tower,0,0,26,0,26,0,0,52,16,68,0,0,78,16,94,6,0,6,100
01/21/2007,CRE,SC,ASO,ES,Federal Contract Tower,0,0,33,0,33,0,0,34,0,34,0,0,67,0,67,34,0,34,101
01/22/2007,CRE,SC,ASO,ES,Federal Contract Tower,0,0,22,0,22,0,0,0,0,0,0,0,22,0,22,0,0,0,22
01/23/2007,CRE,SC,ASO,ES,Federal Contract Tower,0,0,45,2,47,0,0,21,5,26,0,0,66,7,73,0,0,0,73
01/24/2007,CRE,SC,ASO,ES,Federal Contract Tower,0,2,37,1,40,0,2,33,1,36,0,4,70,2,76,2,0,2,78
01/25/2007,CRE,SC,ASO,ES,Federal Contract Tower,0,1,43,0,44,0,3,27,0,30,0,4,70,0,74,14,0,14,88
01/26/2007,CRE,SC,ASO,ES,Federal Contract Tower,0,4,43,0,47,0,0,54,0,54,0,4,97,0,101,14,0,14,115
01/27/2007,CRE,SC,ASO,ES,Federal Contract Tower,0,0,35,8,43,0,0,71,0,71,0,0,106,8,114,14,0,14,128
01/28/2007,CRE,SC,ASO,ES,Federal Contract Tower,0,0,26,0,26,0,0,43,0,43,0,0,69,0,69,12,0,12,81
01/29/2007,CRE,SC,ASO,ES,Federal Contract Tower,0,0,41,0,41,0,0,0,0,0,0,0,41,0,41,26,0,26,67
01/30/2007,CRE,SC,ASO,ES,Federal Contract Tower,0,0,38,0,38,0,0,40,0,40,0,0,78,0,78,16,0,16,94
01/31/2007,CRE,SC,ASO,ES,Federal Contract Tower,0,1,42,2,45,0,1,32,2,35,0,2,74,4,80,14,0,14,94
02/01/2007,CRE,SC,ASO,ES,Federal Contract Tower,0,2,7,0,9,0,0,0,0,0,0,2,7,0,9,0,0,0,9
02/02/2007,CRE,SC,ASO,ES,Federal Contract Tower,0,2,28,0,30,0,0,6,0,6,0,2,34,0,36,0,0,0,36
02/03/2007,CRE,SC,ASO,ES,Federal Contract Tower,0,2,25,0,27,0,0,51,0,51,0,2,76,0,78,0,0,0,78
02/04/2007,CRE,SC,ASO,ES,Federal Contract Tower,0,0,25,6,31,0,0,27,6,33,0,0,52,12,64,8,0,8,72
02/05/2007,CRE,SC,ASO,ES,Federal Contract Tower,0,0,22,1,23,0,2,40,1,43,0,2,62,2,66,8,0,8,74
02/06/2007,CRE,SC,ASO,ES,Federal Contract Tower,0,0,22,0,22,0,0,48,0,48,0,0,70,0,70,22,0,22,92
02/07/2007,CRE,SC,ASO,ES,Federal Contract Tower,0,0,22,0,22,0,0,48,0,48,0,0,70,0,70,22,0,22,92
02/08/2007,CRE,SC,ASO,ES,Federal Contract Tower,0,1,50,2,53,0,1,29,2,32,0,2,79,4,85,0,0,0,85
02/09/2007,CRE,SC,ASO,ES,Federal Contract Tower,0,2,37,0,39,0,0,45,0,45,0,2,82,0,84,24,0,24,108
02/10/2007,CRE,SC,ASO,ES,Federal Contract Tower,0,0,24,0,24,0,0,53,8,61,0,0,77,8,85,16,0,16,101
02/11/2007,CRE,SC,ASO,ES,Federal Contract Tower,0,0,45,0,45,0,0,65,2,67,0,0,110,2,112,12,4,16,128
02/12/2007,CRE,SC,ASO,ES,Federal Contract Tower,0,0,32,0,32,0,0,42,0,42,0,0,74,0,74,30,0,30,104
02/13/2007,CRE,SC,ASO,ES,Federal Contract Tower,0,0,27,0,27,0,0,23,2,25,0,0,50,2,52,14,0,14,66
02/14/2007,CRE,SC,ASO,ES,Federal Contract Tower,0,0,18,0,18,0,2,2,0,4,0,2,20,0,22,16,0,16,38
02/15/2007,CRE,SC,ASO,ES,Federal Contract Tower,0,4,60,0,64,0,0,44,2,46,0,4,104,2,110,10,0,10,120
02/16/2007,CRE,SC,ASO,ES,Federal Contract Tower,0,0,52,0,52,0,2,50,2,54,0,2,102,2,106,12,0,12,118
02/17/2007,CRE,SC,ASO,ES,Federal Contract Tower,0,1,32,0,33,0,0,61,0,61,0,1,93,0,94,16,0,16,110
02/18/2007,CRE,SC,ASO,ES,Federal Contract Tower,0,1,24,0,25,0,0,42,7,49,0,1,66,7,74,4,0,4,78
02/19/2007,CRE,SC,ASO,ES,Federal Contract Tower,0,0,63,0,63,0,0,26,0,26,0,0,89,0,89,26,0,26,115
02/20/2007,CRE,SC,ASO,ES,Federal Contract Tower,0,3,41,2,46,0,1,20,2,23,0,4,61,4,69,16,0,16,85
02/21/2007,CRE,SC,ASO,ES,Federal Contract Tower,0,3,32,0,35,0,0,3,0,3,0,3,35,0,38,0,0,0,38
02/22/2007,CRE,SC,ASO,ES,Federal Contract Tower,0,5,50,0,55,0,0,31,1,32,0,5,81,1,87,14,0,14,101
02/23/2007,CRE,SC,ASO,ES,Federal Contract Tower,0,5,42,0,47,0,1,77,0,78,0,6,119,0,125,32,0,32,157
02/24/2007,CRE,SC,ASO,ES,Federal Contract Tower,0,1,67,0,68,0,9,78,0,87,0,10,145,0,155,30,0,30,185
02/25/2007,CRE,SC,ASO,ES,Federal Contract Tower,0,0,18,0,18,0,0,15,0,15,0,0,33,0,33,0,0,0,33
02/26/2007,CRE,SC,ASO,ES,Federal Contract Tower,0,2,43,0,45,0,0,73,3,76,0,2,116,3,121,4,0,4,125
02/27/2007,CRE,SC,ASO,ES,Federal Contract Tower,0,0,28,0,28,0,0,41,0,41,0,0,69,0,69,18,0,18,87
02/28/2007,CRE,SC,ASO,ES,Federal Contract Tower,0,2,35,0,37,0,2,63,0,65,0,4,98,0,102,38,0,38,140
03/01/2007,CRE,SC,ASO,ES,Federal Contract Tower,0,2,32,0,34,0,0,18,0,18,0,2,50,0,52,4,0,4,56
03/02/2007,CRE,SC,ASO,ES,Federal Contract Tower,0,2,42,0,44,0,2,17,2,21,0,4,59,2,65,32,0,32,97
03/03/2007,CRE,SC,ASO,ES,Federal Contract Tower,0,2,38,0,40,0,0,51,2,53,0,2,89,2,93,24,0,24,117
03/04/2007,CRE,SC,ASO,ES,Federal Contract Tower,0,1,46,3,50,0,2,69,0,71,0,3,115,3,121,8,0,8,129
03/05/2007,CRE,SC,ASO,ES,Federal Contract Tower,0,0,28,0,28,0,0,38,12,50,0,0,66,12,78,12,0,12,90
03/06/2007,CRE,SC,ASO,ES,Federal Contract Tower,0,0,44,0,44,0,0,65,0,65,0,0,109,0,109,2,0,2,111
03/07/2007,CRE,SC,ASO,ES,Federal Contract Tower,0,2,46,2,50,0,0,34,1,35,0,2,80,3,85,4,0,4,89
03/08/2007,CRE,SC,ASO,ES,Federal Contract Tower,0,5,48,0,53,0,1,44,0,45,0,6,92,0,98,0,0,0,98
03/09/2007,CRE,SC,ASO,ES,Federal Contract Tower,0,4,57,4,65,0,2,42,0,44,0,6,99,4,109,12,0,12,121
03/10/2007,CRE,SC,ASO,ES,Federal Contract Tower,0,0,29,0,29,0,0,53,0,53,0,0,82,0,82,14,0,14,96
03/11/2007,CRE,SC,ASO,ES,Federal Contract Tower,0,0,33,0,33,0,0,42,0,42,0,0,75,0,75,6,0,6,81
03/12/2007,CRE,SC,ASO,ES,Federal Contract Tower,0,7,28,0,35,0,0,45,2,47,0,7,73,2,82,48,0,48,130
03/13/2007,CRE,SC,ASO,ES,Federal Contract Tower,0,0,25,0,25,0,0,57,2,59,0,0,82,2,84,18,0,18,102
03/14/2007,CRE,SC,ASO,ES,Federal Contract Tower,0,3,36,2,41,0,0,52,4,56,0,3,88,6,97,46,0,46,143
03/15/2007,CRE,SC,ASO,ES,Federal Contract Tower,0,5,38,2,45,0,1,31,0,32,0,6,69,2,77,20,0,20,97
03/16/2007,CRE,SC,ASO,ES,Federal Contract Tower,0,4,26,0,30,0,0,0,0,0,0,4,26,0,30,2,0,2,32
03/17/2007,CRE,SC,ASO,ES,Federal Contract Tower,0,0,35,0,35,0,0,38,0,38,0,0,73,0,73,12,0,12,85
03/18/2007,CRE,SC,ASO,ES,Federal Contract Tower,0,0,49,0,49,0,0,74,8,82,0,0,123,8,131,46,0,46,177
03/19/2007,CRE,SC,ASO,ES,Federal Contract Tower,0,0,21,0,21,0,0,52,1,53,0,0,73,1,74,16,0,16,90
03/20/2007,CRE,SC,ASO,ES,Federal Contract Tower,0,1,24,3,28,0,0,70,6,76,0,1,94,9,104,14,0,14,118
03/21/2007,CRE,SC,ASO,ES,Federal Contract Tower,0,2,33,2,37,0,0,31,10,41,0,2,64,12,78,32,0,32,110
03/22/2007,CRE,SC,ASO,ES,Federal Contract Tower,0,5,58,0,63,0,4,26,2,32,0,9,84,2,95,24,0,24,119
03/23/2007,CRE,SC,ASO,ES,Federal Contract Tower,0,3,37,2,42,0,3,54,0,57,0,6,91,2,99,24,0,24,123
03/24/2007,CRE,SC,ASO,ES,Federal Contract Tower,0,26,0,0,26,0,77,0,20,97,0,103,0,20,123,20,0,20,143
03/25/2007,CRE,SC,ASO,ES,Federal Contract Tower,0,0,63,3,66,0,2,87,4,93,0,2,150,7,159,0,0,0,159
03/26/2007,CRE,SC,ASO,ES,Federal Contract Tower,0,0,35,2,37,0,2,6,2,10,0,2,41,4,47,0,0,0,47
03/27/2007,CRE,SC,ASO,ES,Federal Contract Tower,0,1,41,0,42,0,0,42,0,42,0,1,83,0,84,18,0,18,102
03/28/2007,CRE,SC,ASO,ES,Federal Contract Tower,0,0,43,2,45,0,2,27,1,30,0,2,70,3,75,74,0,74,149
03/29/2007,CRE,SC,ASO,ES,Federal Contract Tower,0,1,34,0,35,0,5,15,0,20,0,6,49,0,55,0,0,0,55
03/30/2007,CRE,SC,ASO,ES,Federal Contract Tower,0,12,51,0,63,0,2,96,2,100,0,14,147,2,163,48,0,48,211
03/31/2007,CRE,SC,ASO,ES,Federal Contract Tower,0,0,54,0,54,0,0,104,12,116,0,0,158,12,170,90,0,90,260
04/01/2007,CRE,SC,ASO,ES,Federal Contract Tower,0,3,40,0,43,0,0,57,10,67,0,3,97,10,110,34,0,34,144
04/02/2007,CRE,SC,ASO,ES,Federal Contract Tower,0,3,36,0,39,0,0,70,0,70,0,3,106,0,109,20,0,20,129
04/03/2007,CRE,SC,ASO,ES,Federal Contract Tower,0,8,30,3,41,0,3,96,2,101,0,11,126,5,142,42,18,60,202
04/04/2007,CRE,SC,ASO,ES,Federal Contract Tower,0,0,46,0,46,0,2,35,0,37,0,2,81,0,83,16,0,16,99
04/05/2007,CRE,SC,ASO,ES,Federal Contract Tower,0,2,61,2,65,0,2,105,20,127,0,4,166,22,192,80,0,80,272
04/06/2007,CRE,SC,ASO,ES,Federal Contract Tower,0,5,73,0,78,0,1,89,8,98,0,6,162,8,176,52,0,52,228
04/07/2007,CRE,SC,ASO,ES,Federal Contract Tower,0,2,40,0,42,0,1,61,0,62,0,3,101,0,104,20,0,20,124
04/08/2007,CRE,SC,ASO,ES,Federal Contract Tower,0,7,56,0,63,0,0,71,0,71,0,7,127,0,134,42,0,42,176
04/09/2007,CRE,SC,ASO,ES,Federal Contract Tower,0,4,56,0,60,0,8,95,0,103,0,12,151,0,163,44,0,44,207
04/10/2007,CRE,SC,ASO,ES,Federal Contract Tower,0,10,62,0,72,0,0,74,3,77,0,10,136,3,149,48,0,48,197
04/11/2007,CRE,SC,ASO,ES,Federal Contract Tower,0,2,25,0,27,0,0,4,0,4,0,2,29,0,31,0,0,0,31
04/12/2007,CRE,SC,ASO,ES,Federal Contract Tower,0,3,31,6,40,0,1,53,5,59,0,4,84,11,99,16,0,16,115
04/13/2007,CRE,SC,ASO,ES,Federal Contract Tower,0,10,87,2,99,0,1,108,0,109,0,11,195,2,208,94,18,112,320
04/14/2007,CRE,SC,ASO,ES,Federal Contract Tower,0,2,34,0,36,0,0,81,0,81,0,2,115,0,117,70,0,70,187
04/15/2007,CRE,SC,ASO,ES,Federal Contract Tower,0,0,14,0,14,0,0,0,0,0,0,0,14,0,14,0,0,0,14
04/16/2007,CRE,SC,ASO,ES,Federal Contract Tower,0,1,20,6,27,0,1,16,0,17,0,2,36,6,44,8,0,8,52
04/17/2007,CRE,SC,ASO,ES,Federal Contract Tower,0,0,52,1,53,0,0,26,2,28,0,0,78,3,81,4,0,4,85
04/18/2007,CRE,SC,ASO,ES,Federal Contract Tower,0,6,62,3,71,0,0,52,0,52,0,6,114,3,123,14,10,24,147
04/19/2007,CRE,SC,ASO,ES,Federal Contract Tower,0,2,88,0,90,0,1,88,0,89,0,3,176,0,179,36,0,36,215
04/20/2007,CRE,SC,ASO,ES,Federal Contract Tower,0,9,57,0,66,0,2,94,5,101,0,11,151,5,167,20,0,20,187
04/21/2007,CRE,SC,ASO,ES,Federal Contract Tower,0,1,49,0,50,0,0,130,0,130,0,1,179,0,180,36,0,36,216
04/22/2007,CRE,SC,ASO,ES,Federal Contract Tower,0,0,69,0,69,0,0,129,4,133,0,0,198,4,202,50,0,50,252
04/23/2007,CRE,SC,ASO,ES,Federal Contract Tower,0,0,46,0,46,0,2,42,4,48,0,2,88,4,94,22,0,22,116
04/24/2007,CRE,SC,ASO,ES,Federal Contract Tower,0,0,29,1,30,0,2,30,5,37,0,2,59,6,67,8,0,8,75
04/25/2007,CRE,SC,ASO,ES,Federal Contract Tower,0,0,51,0,51,0,3,43,0,46,0,3,94,0,97,54,0,54,151
04/26/2007,CRE,SC,ASO,ES,Federal Contract Tower,0,1,52,2,55,0,1,39,3,43,0,2,91,5,98,0,0,0,98
04/27/2007,CRE,SC,ASO,ES,Federal Contract Tower,0,8,37,2,47,0,0,58,12,70,0,8,95,14,117,20,0,20,137
04/28/2007,CRE,SC,ASO,ES,Federal Contract Tower,0,2,42,0,44,0,2,73,0,75,0,4,115,0,119,26,0,26,145
04/29/2007,CRE,SC,ASO,ES,Federal Contract Tower,0,4,55,0,59,0,1,76,6,83,0,5,131,6,142,28,0,28,170
04/30/2007,CRE,SC,ASO,ES,Federal Contract Tower,0,3,39,1,43,0,0,83,6,89,0,3,122,7,132,10,8,18,150
05/01/2007,CRE,SC,ASO,ES,Federal Contract Tower,0,0,33,0,33,0,0,61,0,61,0,0,94,0,94,4,0,4,98
05/02/2007,CRE,SC,ASO,ES,Federal Contract Tower,0,3,46,1,50,0,2,59,11,72,0,5,105,12,122,46,0,46,168
05/03/2007,CRE,SC,ASO,ES,Federal Contract Tower,0,5,27,1,33,0,2,38,0,40,0,7,65,1,73,0,0,0,73
05/04/2007,CRE,SC,ASO,ES,Federal Contract Tower,0,7,47,2,56,0,0,24,0,24,0,7,71,2,80,0,0,0,80
05/05/2007,CRE,SC,ASO,ES,Federal Contract Tower,0,1,35,0,36,0,0,31,0,31,0,1,66,0,67,6,0,6,73
05/06/2007,CRE,SC,ASO,ES,Federal Contract Tower,0,6,27,0,33,0,0,24,4,28,0,6,51,4,61,0,0,0,61
05/07/2007,CRE,SC,ASO,ES,Federal Contract Tower,0,3,11,0,14,0,0,43,3,46,0,3,54,3,60,6,0,6,66
05/08/2007,CRE,SC,ASO,ES,Federal Contract Tower,0,4,25,0,29,0,0,1,0,1,0,4,26,0,30,0,0,0,30
05/09/2007,CRE,SC,ASO,ES,Federal Contract Tower,0,2,32,0,34,0,1,14,0,15,0,3,46,0,49,0,0,0,49
05/10/2007,CRE,SC,ASO,ES,Federal Contract Tower,0,1,34,1,36,0,1,40,1,42,0,2,74,2,78,2,0,2,80
05/11/2007,CRE,SC,ASO,ES,Federal Contract Tower,0,2,41,1,44,0,1,80,1,82,0,3,121,2,126,10,0,10,136
05/12/2007,CRE,SC,ASO,ES,Federal Contract Tower,0,6,28,0,34,0,4,72,7,83,0,10,100,7,117,58,0,58,175
05/13/2007,CRE,SC,ASO,ES,Federal Contract Tower,0,0,38,1,39,0,0,42,0,42,0,0,80,1,81,4,0,4,85
05/14/2007,CRE,SC,ASO,ES,Federal Contract Tower,0,0,48,1,49,0,4,53,1,58,0,4,101,2,107,34,0,34,141
05/15/2007,CRE,SC,ASO,ES,Federal Contract Tower,0,0,38,0,38,0,0,58,1,59,0,0,96,1,97,84,0,84,181
05/16/2007,CRE,SC,ASO,ES,Federal Contract Tower,0,7,29,0,36,0,1,55,0,56,0,8,84,0,92,116,0,116,208
05/17/2007,CRE,SC,ASO,ES,Federal Contract Tower,0,6,63,1,70,0,0,24,3,27,0,6,87,4,97,30,0,30,127
05/18/2007,CRE,SC,ASO,ES,Federal Contract Tower,0,8,57,2,67,0,1,98,0,99,0,9,155,2,166,28,0,28,194
05/19/2007,CRE,SC,ASO,ES,Federal Contract Tower,0,6,33,0,39,0,0,177,10,187,0,6,210,10,226,24,0,24,250
05/20/2007,CRE,SC,ASO,ES,Federal Contract Tower,0,5,48,0,53,0,0,87,3,90,0,5,135,3,143,128,0,128,271
05/21/2007,CRE,SC,ASO,ES,Federal Contract Tower,0,1,51,0,52,0,1,48,0,49,0,2,99,0,101,160,0,160,261
05/22/2007,CRE,SC,ASO,ES,Federal Contract Tower,0,2,34,0,36,0,0,68,0,68,0,2,102,0,104,138,0,138,242
05/23/2007,CRE,SC,ASO,ES,Federal Contract Tower,0,2,26,0,28,0,0,58,0,58,0,2,84,0,86,28,0,28,114
05/24/2007,CRE,SC,ASO,ES,Federal Contract Tower,0,4,43,0,47,0,4,80,0,84,0,8,123,0,131,34,0,34,165
05/25/2007,CRE,SC,ASO,ES,Federal Contract Tower,0,2,37,0,39,0,1,138,0,139,0,3,175,0,178,90,0,90,268
05/26/2007,CRE,SC,ASO,ES,Federal Contract Tower,0,4,26,0,30,0,1,132,0,133,0,5,158,0,163,178,0,178,341
05/27/2007,CRE,SC,ASO,ES,Federal Contract Tower,0,0,32,0,32,0,2,75,0,77,0,2,107,0,109,24,0,24,133
05/28/2007,CRE,SC,ASO,ES,Federal Contract Tower,0,1,45,0,46,0,0,111,0,111,0,1,156,0,157,26,0,26,183
05/29/2007,CRE,SC,ASO,ES,Federal Contract Tower,0,2,43,2,47,0,0,66,0,66,0,2,109,2,113,82,0,82,195
05/30/2007,CRE,SC,ASO,ES,Federal Contract Tower,0,1,49,2,52,0,2,125,1,128,0,3,174,3,180,84,0,84,264
05/31/2007,CRE,SC,ASO,ES,Federal Contract Tower,0,3,53,1,57,0,0,208,6,214,0,3,261,7,271,72,0,72,343
06/01/2007,CRE,SC,ASO,ES,Federal Contract Tower,0,0,68,0,68,0,0,232,0,232,0,0,300,0,300,80,0,80,380
06/02/2007,CRE,SC,ASO,ES,Federal Contract Tower,0,4,26,0,30,0,0,28,2,30,0,4,54,2,60,52,0,52,112
06/03/2007,CRE,SC,ASO,ES,Federal Contract Tower,0,1,23,0,24,0,0,56,0,56,0,1,79,0,80,66,0,66,146
06/04/2007,CRE,SC,ASO,ES,Federal Contract Tower,0,2,26,3,31,0,0,113,0,113,0,2,139,3,144,92,0,92,236
06/06/2007,CRE,SC,ASO,ES,Federal Contract Tower,0,2,51,4,57,0,0,156,0,156,0,2,207,4,213,140,0,140,353
06/07/2007,CRE,SC,ASO,ES,Federal Contract Tower,0,6,42,0,48,0,0,27,0,27,0,6,69,0,75,49,0,49,124
06/08/2007,CRE,SC,ASO,ES,Federal Contract Tower,0,2,40,0,42,0,2,121,0,123,0,4,161,0,165,106,0,106,271
06/09/2007,CRE,SC,ASO,ES,Federal Contract Tower,0,1,28,0,29,0,0,161,0,161,0,1,189,0,190,108,0,108,298
06/10/2007,CRE,SC,ASO,ES,Federal Contract Tower,0,0,37,0,37,0,0,131,0,131,0,0,168,0,168,110,0,110,278
06/11/2007,CRE,SC,ASO,ES,Federal Contract Tower,0,4,31,0,35,0,3,108,0,111,0,7,139,0,146,154,0,154,300
06/12/2007,CRE,SC,ASO,ES,Federal Contract Tower,0,0,42,0,42,0,0,116,1,117,0,0,158,1,159,114,0,114,273
06/13/2007,CRE,SC,ASO,ES,Federal Contract Tower,0,5,43,0,48,0,1,55,3,59,0,6,98,3,107,86,0,86,193
06/14/2007,CRE,SC,ASO,ES,Federal Contract Tower,0,2,59,0,61,0,0,96,4,100,0,2,155,4,161,122,0,122,283
06/15/2007,CRE,SC,ASO,ES,Federal Contract Tower,0,2,59,4,65,0,0,39,2,41,0,2,98,6,106,45,0,45,151
06/16/2007,CRE,SC,ASO,ES,Federal Contract Tower,0,3,41,0,44,0,0,121,0,121,0,3,162,0,165,199,0,199,364
06/17/2007,CRE,SC,ASO,ES,Federal Contract Tower,0,0,49,0,49,0,0,150,0,150,0,0,199,0,199,76,0,76,275
06/19/2007,CRE,SC,ASO,ES,Federal Contract Tower,0,0,46,0,46,0,0,112,1,113,0,0,158,1,159,78,0,78,237
06/20/2007,CRE,SC,ASO,ES,Federal Contract Tower,0,2,27,0,29,0,0,43,0,43,0,2,70,0,72,77,0,77,149
06/21/2007,CRE,SC,ASO,ES,Federal Contract Tower,0,0,40,2,42,0,0,134,2,136,0,0,174,4,178,116,0,116,294
06/22/2007,CRE,SC,ASO,ES,Federal Contract Tower,0,1,59,0,60,0,1,110,1,112,0,2,169,1,172,77,6,83,255
06/23/2007,CRE,SC,ASO,ES,Federal Contract Tower,0,2,47,0,49,0,0,127,2,129,0,2,174,2,178,138,0,138,316
06/24/2007,CRE,SC,ASO,ES,Federal Contract Tower,0,1,35,0,36,0,0,146,0,146,0,1,181,0,182,88,0,88,270
06/25/2007,CRE,SC,ASO,ES,Federal Contract Tower,0,1,50,0,51,0,6,113,0,119,0,7,163,0,170,58,0,58,228
06/26/2007,CRE,SC,ASO,ES,Federal Contract Tower,0,1,33,2,36,0,0,151,0,151,0,1,184,2,187,72,0,72,259
06/27/2007,CRE,SC,ASO,ES,Federal Contract Tower,0,4,70,1,75,0,2,124,1,127,0,6,194,2,202,118,0,118,320
06/28/2007,CRE,SC,ASO,ES,Federal Contract Tower,0,3,58,0,61,0,1,127,3,131,0,4,185,3,192,125,2,127,319
06/29/2007,CRE,SC,ASO,ES,Federal Contract Tower,0,2,59,0,61,0,0,88,0,88,0,2,147,0,149,118,0,118,267
06/30/2007,CRE,SC,ASO,ES,Federal Contract Tower,0,0,49,0,49,0,0,79,2,81,0,0,128,2,130,80,0,80,210
07/01/2007,CRE,SC,ASO,ES,Federal Contract Tower,0,4,43,0,47,0,0,111,18,129,0,4,154,18,176,72,0,72,248
07/02/2007,CRE,SC,ASO,ES,Federal Contract Tower,0,0,38,0,38,0,3,128,2,133,0,3,166,2,171,56,0,56,227
07/03/2007,CRE,SC,ASO,ES,Federal Contract Tower,0,0,62,4,66,0,2,150,0,152,0,2,212,4,218,86,54,140,358
07/04/2007,CRE,SC,ASO,ES,Federal Contract Tower,0,0,41,0,41,0,0,190,0,190,0,0,231,0,231,138,0,138,369
07/05/2007,CRE,SC,ASO,ES,Federal Contract Tower,0,1,45,0,46,0,1,200,0,201,0,2,245,0,247,88,0,88,335
07/06/2007,CRE,SC,ASO,ES,Federal Contract Tower,0,2,34,0,36,0,1,194,0,195,0,3,228,0,231,142,0,142,373
07/07/2007,CRE,SC,ASO,ES,Federal Contract Tower,0,1,45,0,46,0,0,122,2,124,0,1,167,2,170,108,0,108,278
07/08/2007,CRE,SC,ASO,ES,Federal Contract Tower,0,1,63,0,64,0,0,72,2,74,0,1,135,2,138,36,0,36,174
07/09/2007,CRE,SC,ASO,ES,Federal Contract Tower,0,2,31,0,33,0,3,58,0,61,0,5,89,0,94,34,0,34,128
07/10/2007,CRE,SC,ASO,ES,Federal Contract Tower,0,8,37,0,45,0,2,146,0,148,0,10,183,0,193,86,0,86,279
07/11/2007,CRE,SC,ASO,ES,Federal Contract Tower,0,0,53,9,62,0,0,154,0,154,0,0,207,9,216,95,2,97,313
07/12/2007,CRE,SC,ASO,ES,Federal Contract Tower,0,2,60,0,62,0,1,107,0,108,0,3,167,0,170,83,0,83,253
07/13/2007,CRE,SC,ASO,ES,Federal Contract Tower,0,1,43,0,44,0,1,122,0,123,0,2,165,0,167,112,10,122,289
07/14/2007,CRE,SC,ASO,ES,Federal Contract Tower,0,1,21,0,22,0,1,44,0,45,0,2,65,0,67,80,0,80,147
07/15/2007,CRE,SC,ASO,ES,Federal Contract Tower,0,0,39,0,39,0,0,61,4,65,0,0,100,4,104,96,0,96,200
07/16/2007,CRE,SC,ASO,ES,Federal Contract Tower,0,3,39,0,42,0,0,140,0,140,0,3,179,0,182,110,0,110,292
07/17/2007,CRE,SC,ASO,ES,Federal Contract Tower,0,0,61,0,61,0,0,148,0,148,0,0,209,0,209,78,0,78,287
07/18/2007,CRE,SC,ASO,ES,Federal Contract Tower,0,1,38,4,43,0,1,136,0,137,0,2,174,4,180,102,0,102,282
07/19/2007,CRE,SC,ASO,ES,Federal Contract Tower,0,0,36,7,43,0,7,152,0,159,0,7,188,7,202,126,0,126,328
07/20/2007,CRE,SC,ASO,ES,Federal Contract Tower,0,7,36,3,46,0,0,143,2,145,0,7,179,5,191,138,0,138,329
07/21/2007,CRE,SC,ASO,ES,Federal Contract Tower,0,2,35,0,37,0,0,138,6,144,0,2,173,6,181,130,0,130,311
07/22/2007,CRE,SC,ASO,ES,Federal Contract Tower,0,0,57,0,57,0,0,124,0,124,0,0,181,0,181,102,0,102,283
07/23/2007,CRE,SC,ASO,ES,Federal Contract Tower,0,3,41,4,48,0,0,160,2,162,0,3,201,6,210,126,0,126,336
07/24/2007,CRE,SC,ASO,ES,Federal Contract Tower,0,4,38,0,42,0,0,160,0,160,0,4,198,0,202,98,0,98,300
07/25/2007,CRE,SC,ASO,ES,Federal Contract Tower,0,6,35,6,47,0,0,126,2,128,0,6,161,8,175,120,36,156,331
07/26/2007,CRE,SC,ASO,ES,Federal Contract Tower,0,0,40,4,44,0,1,176,0,177,0,1,216,4,221,114,0,114,335
07/27/2007,CRE,SC,ASO,ES,Federal Contract Tower,0,0,51,8,59,0,0,231,0,231,0,0,282,8,290,96,0,96,386
07/28/2007,CRE,SC,ASO,ES,Federal Contract Tower,0,0,40,0,40,0,0,315,0,315,0,0,355,0,355,86,0,86,441
07/29/2007,CRE,SC,ASO,ES,Federal Contract Tower,0,0,58,0,58,0,0,177,0,177,0,0,235,0,235,122,0,122,357
07/30/2007,CRE,SC,ASO,ES,Federal Contract Tower,0,2,39,2,43,0,2,59,1,62,0,4,98,3,105,56,0,56,161
07/31/2007,CRE,SC,ASO,ES,Federal Contract Tower,0,0,40,1,41,0,0,167,19,186,0,0,207,20,227,50,0,50,277
08/01/2007,CRE,SC,ASO,ES,Federal Contract Tower,0,0,30,0,30,0,4,166,0,170,0,4,196,0,200,88,0,88,288
08/02/2007,CRE,SC,ASO,ES,Federal Contract Tower,0,2,31,0,33,0,0,74,0,74,0,2,105,0,107,152,0,152,259
08/03/2007,CRE,SC,ASO,ES,Federal Contract Tower,0,5,36,0,41,0,0,98,0,98,0,5,134,0,139,114,0,114,253
08/04/2007,CRE,SC,ASO,ES,Federal Contract Tower,0,4,49,0,53,0,0,123,1,124,0,4,172,1,177,146,0,146,323
08/05/2007,CRE,SC,ASO,ES,Federal Contract Tower,0,0,43,0,43,0,0,139,0,139,0,0,182,0,182,124,0,124,306
08/06/2007,CRE,SC,ASO,ES,Federal Contract Tower,0,2,29,1,32,0,3,113,1,117,0,5,142,2,149,108,6,114,263
08/07/2007,CRE,SC,ASO,ES,Federal Contract Tower,0,1,18,4,23,0,1,91,0,92,0,2,109,4,115,76,0,76,191
08/08/2007,CRE,SC,ASO,ES,Federal Contract Tower,0,3,30,4,37,0,2,122,0,124,0,5,152,4,161,68,0,68,229
08/09/2007,CRE,SC,ASO,ES,Federal Contract Tower,0,6,33,0,39,0,0,77,0,77,0,6,110,0,116,100,0,100,216
08/10/2007,CRE,SC,ASO,ES,Federal Contract Tower,0,7,41,3,51,0,1,102,1,104,0,8,143,4,155,72,0,72,227
08/11/2007,CRE,SC,ASO,ES,Federal Contract Tower,0,2,40,0,42,0,0,123,1,124,0,2,163,1,166,118,0,118,284
08/12/2007,CRE,SC,ASO,ES,Federal Contract Tower,0,0,46,0,46,0,0,175,0,175,0,0,221,0,221,96,0,96,317
08/13/2007,CRE,SC,ASO,ES,Federal Contract Tower,0,0,44,0,44,0,2,176,6,184,0,2,220,6,228,128,0,128,356
08/14/2007,CRE,SC,ASO,ES,Federal Contract Tower,0,0,56,0,56,0,2,130,4,136,0,2,186,4,192,64,0,64,256
08/15/2007,CRE,SC,ASO,ES,Federal Contract Tower,0,3,28,0,31,0,1,148,0,149,0,4,176,0,180,96,0,96,276
08/16/2007,CRE,SC,ASO,ES,Federal Contract Tower,0,2,41,0,43,0,0,111,0,111,0,2,152,0,154,66,0,66,220
08/17/2007,CRE,SC,ASO,ES,Federal Contract Tower,0,4,35,0,39,0,0,112,3,115,0,4,147,3,154,71,0,71,225
08/18/2007,CRE,SC,ASO,ES,Federal Contract Tower,0,0,35,0,35,0,0,130,8,138,0,0,165,8,173,70,0,70,243
08/19/2007,CRE,SC,ASO,ES,Federal Contract Tower,0,3,48,0,51,0,0,95,0,95,0,3,143,0,146,60,0,60,206
08/20/2007,CRE,SC,ASO,ES,Federal Contract Tower,0,0,23,4,27,0,2,76,0,78,0,2,99,4,105,38,0,38,143
08/21/2007,CRE,SC,ASO,ES,Federal Contract Tower,0,2,33,0,35,0,0,87,0,87,0,2,120,0,122,52,0,52,174
08/22/2007,CRE,SC,ASO,ES,Federal Contract Tower,0,2,29,0,31,0,2,88,0,90,0,4,117,0,121,88,0,88,209
08/23/2007,CRE,SC,ASO,ES,Federal Contract Tower,0,2,21,0,23,0,2,100,0,102,0,4,121,0,125,70,0,70,195
08/24/2007,CRE,SC,ASO,ES,Federal Contract Tower,0,3,40,0,43,0,1,108,0,109,0,4,148,0,152,84,0,84,236
08/25/2007,CRE,SC,ASO,ES,Federal Contract Tower,0,0,24,0,24,0,0,101,0,101,0,0,125,0,125,96,0,96,221
08/26/2007,CRE,SC,ASO,ES,Federal Contract Tower,0,0,33,0,33,0,0,89,0,89,0,0,122,0,122,20,0,20,142
08/27/2007,CRE,SC,ASO,ES,Federal Contract Tower,0,2,41,0,43,0,0,36,0,36,0,2,77,0,79,38,0,38,117
08/28/2007,CRE,SC,ASO,ES,Federal Contract Tower,0,2,25,0,27,0,0,84,2,86,0,2,109,2,113,72,0,72,185
08/29/2007,CRE,SC,ASO,ES,Federal Contract Tower,0,0,44,0,44,0,2,56,0,58,0,2,100,0,102,66,0,66,168
08/30/2007,CRE,SC,ASO,ES,Federal Contract Tower,0,3,49,0,52,0,1,64,1,66,0,4,113,1,118,68,0,68,186
08/31/2007,CRE,SC,ASO,ES,Federal Contract Tower,0,1,51,0,52,0,1,62,0,63,0,2,113,0,115,42,0,42,157
09/01/2007,CRE,SC,ASO,ES,Federal Contract Tower,0,2,30,0,32,0,0,95,0,95,0,2,125,0,127,89,0,89,216
09/02/2007,CRE,SC,ASO,ES,Federal Contract Tower,0,0,34,0,34,0,0,156,0,156,0,0,190,0,190,58,0,58,248
09/03/2007,CRE,SC,ASO,ES,Federal Contract Tower,0,0,65,1,66,0,2,133,2,137,0,2,198,3,203,74,0,74,277
09/04/2007,CRE,SC,ASO,ES,Federal Contract Tower,0,2,31,0,33,0,0,38,0,38,0,2,69,0,71,22,0,22,93
09/05/2007,CRE,SC,ASO,ES,Federal Contract Tower,0,1,28,0,29,0,0,39,0,39,0,1,67,0,68,37,0,37,105
09/06/2007,CRE,SC,ASO,ES,Federal Contract Tower,0,3,50,0,53,0,0,47,0,47,0,3,97,0,100,14,0,14,114
09/07/2007,CRE,SC,ASO,ES,Federal Contract Tower,0,1,53,0,54,0,0,82,2,84,0,1,135,2,138,44,0,44,182
09/08/2007,CRE,SC,ASO,ES,Federal Contract Tower,0,3,50,0,53,0,0,96,0,96,0,3,146,0,149,20,0,20,169
09/09/2007,CRE,SC,ASO,ES,Federal Contract Tower,0,0,40,0,40,0,0,12,0,12,0,0,52,0,52,14,0,14,66
09/10/2007,CRE,SC,ASO,ES,Federal Contract Tower,0,0,28,0,28,0,2,62,2,66,0,2,90,2,94,26,0,26,120
09/11/2007,CRE,SC,ASO,ES,Federal Contract Tower,0,0,13,0,13,0,0,45,2,47,0,0,58,2,60,24,0,24,84
09/12/2007,CRE,SC,ASO,ES,Federal Contract Tower,0,2,27,0,29,0,0,16,0,16,0,2,43,0,45,0,0,0,45
09/13/2007,CRE,SC,ASO,ES,Federal Contract Tower,0,7,42,2,51,0,0,51,0,51,0,7,93,2,102,16,0,16,118
09/14/2007,CRE,SC,ASO,ES,Federal Contract Tower,0,9,41,0,50,0,3,46,0,49,0,12,87,0,99,12,0,12,111
09/15/2007,CRE,SC,ASO,ES,Federal Contract Tower,0,4,30,0,34,0,1,41,2,44,0,5,71,2,78,40,0,40,118
09/16/2007,CRE,SC,ASO,ES,Federal Contract Tower,0,4,46,1,51,0,0,74,18,92,0,4,120,19,143,8,0,8,151
09/17/2007,CRE,SC,ASO,ES,Federal Contract Tower,0,1,38,0,39,0,1,62,3,66,0,2,100,3,105,34,0,34,139
09/18/2007,CRE,SC,ASO,ES,Federal Contract Tower,0,1,18,2,21,0,1,109,0,110,0,2,127,2,131,36,0,36,167
09/19/2007,CRE,SC,ASO,ES,Federal Contract Tower,0,2,43,2,47,0,0,27,0,27,0,2,70,2,74,6,0,6,80
09/20/2007,CRE,SC,ASO,ES,Federal Contract Tower,0,2,16,1,19,0,0,2,0,2,0,2,18,1,21,0,0,0,21
09/21/2007,CRE,SC,ASO,ES,Federal Contract Tower,0,4,47,1,52,0,0,47,0,47,0,4,94,1,99,20,0,20,119
09/22/2007,CRE,SC,ASO,ES,Federal Contract Tower,0,0,26,0,26,0,0,36,8,44,0,0,62,8,70,2,0,2,72
09/23/2007,CRE,SC,ASO,ES,Federal Contract Tower,0,0,24,0,24,0,0,111,0,111,0,0,135,0,135,0,0,0,135
09/24/2007,CRE,SC,ASO,ES,Federal Contract Tower,0,1,25,3,29,0,1,49,0,50,0,2,74,3,79,22,0,22,101
09/25/2007,CRE,SC,ASO,ES,Federal Contract Tower,0,1,33,0,34,0,2,64,0,66,0,3,97,0,100,94,2,96,196
09/26/2007,CRE,SC,ASO,ES,Federal Contract Tower,0,1,22,3,26,0,1,35,0,36,0,2,57,3,62,14,0,14,76
09/27/2007,CRE,SC,ASO,ES,Federal Contract Tower,0,5,45,0,50,0,1,49,0,50,0,6,94,0,100,34,0,34,134
09/28/2007,CRE,SC,ASO,ES,Federal Contract Tower,0,2,40,2,44,0,2,63,0,65,0,4,103,2,109,18,0,18,127
09/29/2007,CRE,SC,ASO,ES,Federal Contract Tower,0,0,51,0,51,0,2,96,2,100,0,2,147,2,151,0,0,0,151
09/30/2007,CRE,SC,ASO,ES,Federal Contract Tower,0,3,49,0,52,0,0,95,0,95,0,3,144,0,147,22,0,22,169
10/01/2007,CRE,SC,ASO,ES,Federal Contract Tower,0,1,28,0,29,0,4,48,0,52,0,5,76,0,81,24,0,24,105
10/02/2007,CRE,SC,ASO,ES,Federal Contract Tower,0,1,19,0,20,0,1,30,0,31,0,2,49,0,51,10,6,16,67
10/03/2007,CRE,SC,ASO,ES,Federal Contract Tower,0,2,26,0,28,0,1,5,2,8,0,3,31,2,36,0,0,0,36
10/04/2007,CRE,SC,ASO,ES,Federal Contract Tower,0,4,39,0,43,0,0,11,0,11,0,4,50,0,54,0,0,0,54
10/05/2007,CRE,SC,ASO,ES,Federal Contract Tower,0,2,61,0,63,0,0,18,0,18,0,2,79,0,81,0,0,0,81
10/06/2007,CRE,SC,ASO,ES,Federal Contract Tower,0,4,22,0,26,0,0,27,0,27,0,4,49,0,53,6,4,10,63
10/07/2007,CRE,SC,ASO,ES,Federal Contract Tower,0,0,51,0,51,0,0,39,0,39,0,0,90,0,90,36,0,36,126
10/08/2007,CRE,SC,ASO,ES,Federal Contract Tower,0,0,43,0,43,0,0,54,0,54,0,0,97,0,97,24,0,24,121
10/09/2007,CRE,SC,ASO,ES,Federal Contract Tower,0,0,69,0,69,0,0,53,0,53,0,0,122,0,122,26,0,26,148
10/10/2007,CRE,SC,ASO,ES,Federal Contract Tower,0,4,39,2,45,0,3,45,2,50,0,7,84,4,95,18,0,18,113
10/11/2007,CRE,SC,ASO,ES,Federal Contract Tower,0,2,48,0,50,0,0,53,2,55,0,2,101,2,105,42,0,42,147
10/12/2007,CRE,SC,ASO,ES,Federal Contract Tower,0,4,50,1,55,0,0,53,1,54,0,4,103,2,109,44,0,44,153
10/13/2007,CRE,SC,ASO,ES,Federal Contract Tower,0,2,46,0,48,0,1,56,0,57,0,3,102,0,105,32,0,32,137
10/14/2007,CRE,SC,ASO,ES,Federal Contract Tower,0,2,47,0,49,0,0,80,0,80,0,2,127,0,129,32,0,32,161
10/15/2007,CRE,SC,ASO,ES,Federal Contract Tower,0,2,30,2,34,0,0,46,4,50,0,2,76,6,84,44,0,44,128
10/16/2007,CRE,SC,ASO,ES,Federal Contract Tower,0,0,27,4,31,0,0,45,0,45,0,0,72,4,76,10,0,10,86
10/17/2007,CRE,SC,ASO,ES,Federal Contract Tower,0,4,51,2,57,0,0,51,0,51,0,4,102,2,108,32,0,32,140
10/18/2007,CRE,SC,ASO,ES,Federal Contract Tower,0,0,45,0,45,0,0,10,0,10,0,0,55,0,55,8,0,8,63
10/19/2007,CRE,SC,ASO,ES,Federal Contract Tower,0,0,39,0,39,0,0,25,0,25,0,0,64,0,64,38,0,38,102
10/20/2007,CRE,SC,ASO,ES,Federal Contract Tower,0,0,50,0,50,0,0,54,0,54,0,0,104,0,104,46,0,46,150
10/21/2007,CRE,SC,ASO,ES,Federal Contract Tower,0,0,55,0,55,0,0,65,8,73,0,0,120,8,128,22,0,22,150
10/22/2007,CRE,SC,ASO,ES,Federal Contract Tower,0,2,38,4,44,0,0,45,0,45,0,2,83,4,89,48,20,68,157
10/23/2007,CRE,SC,ASO,ES,Federal Contract Tower,0,0,52,4,56,0,0,41,0,41,0,0,93,4,97,16,0,16,113
10/24/2007,CRE,SC,ASO,ES,Federal Contract Tower,0,2,31,0,33,0,0,11,0,11,0,2,42,0,44,0,0,0,44
10/25/2007,CRE,SC,ASO,ES,Federal Contract Tower,0,7,42,6,55,0,0,0,0,0,0,7,42,6,55,0,0,0,55
10/26/2007,CRE,SC,ASO,ES,Federal Contract Tower,0,6,43,0,49,0,0,1,0,1,0,6,44,0,50,0,0,0,50
10/27/2007,CRE,SC,ASO,ES,Federal Contract Tower,0,2,23,0,25,0,0,25,0,25,0,2,48,0,50,18,0,18,68
10/28/2007,CRE,SC,ASO,ES,Federal Contract Tower,0,0,74,0,74,0,1,23,0,24,0,1,97,0,98,0,0,0,98
10/29/2007,CRE,SC,ASO,ES,Federal Contract Tower,0,9,42,0,51,0,0,19,0,19,0,9,61,0,70,10,0,10,80
10/30/2007,CRE,SC,ASO,ES,Federal Contract Tower,0,3,34,1,38,0,0,47,1,48,0,3,81,2,86,28,0,28,114
10/31/2007,CRE,SC,ASO,ES,Federal Contract Tower,0,2,22,0,24,0,0,56,10,66,0,2,78,10,90,48,0,48,138
11/01/2007,CRE,SC,ASO,ES,Federal Contract Tower,0,3,44,3,50,0,0,36,0,36,0,3,80,3,86,24,4,28,114
11/02/2007,CRE,SC,ASO,ES,Federal Contract Tower,0,1,33,2,36,0,0,17,0,17,0,1,50,2,53,0,0,0,53
11/03/2007,CRE,SC,ASO,ES,Federal Contract Tower,0,0,24,0,24,0,0,42,21,63,0,0,66,21,87,0,0,0,87
11/04/2007,CRE,SC,ASO,ES,Federal Contract Tower,0,0,49,0,49,0,0,86,0,86,0,0,135,0,135,32,0,32,167
11/05/2007,CRE,SC,ASO,ES,Federal Contract Tower,0,0,23,0,23,0,0,48,0,48,0,0,71,0,71,42,12,54,125
11/06/2007,CRE,SC,ASO,ES,Federal Contract Tower,0,1,48,2,51,0,1,50,0,51,0,2,98,2,102,12,14,26,128
11/07/2007,CRE,SC,ASO,ES,Federal Contract Tower,0,0,54,3,57,0,2,48,1,51,0,2,102,4,108,34,4,38,146
11/08/2007,CRE,SC,ASO,ES,Federal Contract Tower,0,2,61,0,63,0,0,45,0,45,0,2,106,0,108,8,0,8,116
11/09/2007,CRE,SC,ASO,ES,Federal Contract Tower,0,2,38,0,40,0,1,53,0,54,0,3,91,0,94,48,0,48,142
11/10/2007,CRE,SC,ASO,ES,Federal Contract Tower,0,3,36,0,39,0,0,35,0,35,0,3,71,0,74,0,0,0,74
11/11/2007,CRE,SC,ASO,ES,Federal Contract Tower,0,0,79,0,79,0,0,66,0,66,0,0,145,0,145,0,0,0,145
11/12/2007,CRE,SC,ASO,ES,Federal Contract Tower,0,1,16,0,17,0,1,15,0,16,0,2,31,0,33,18,0,18,51
11/13/2007,CRE,SC,ASO,ES,Federal Contract Tower,0,3,26,2,31,0,3,20,3,26,0,6,46,5,57,26,2,28,85
11/14/2007,CRE,SC,ASO,ES,Federal Contract Tower,0,5,75,0,80,0,0,32,2,34,0,5,107,2,114,0,0,0,114
11/15/2007,CRE,SC,ASO,ES,Federal Contract Tower,0,3,46,4,53,0,2,9,2,13,0,5,55,6,66,0,6,6,72
11/16/2007,CRE,SC,ASO,ES,Federal Contract Tower,0,1,65,3,69,0,0,25,0,25,0,1,90,3,94,16,28,44,138
11/17/2007,CRE,SC,ASO,ES,Federal Contract Tower,0,0,53,0,53,0,2,47,0,49,0,2,100,0,102,22,0,22,124
11/18/2007,CRE,SC,ASO,ES,Federal Contract Tower,0,3,57,0,60,0,0,50,0,50,0,3,107,0,110,6,0,6,116
11/19/2007,CRE,SC,ASO,ES,Federal Contract Tower,0,0,55,0,55,0,0,29,2,31,0,0,84,2,86,32,0,32,118
11/20/2007,CRE,SC,ASO,ES,Federal Contract Tower,0,6,50,2,58,0,0,45,0,45,0,6,95,2,103,8,0,8,111
11/21/2007,CRE,SC,ASO,ES,Federal Contract Tower,0,10,65,0,75,0,0,67,0,67,0,10,132,0,142,26,0,26,168
11/22/2007,CRE,SC,ASO,ES,Federal Contract Tower,0,0,13,0,13,0,0,4,0,4,0,0,17,0,17,0,0,0,17
11/23/2007,CRE,SC,ASO,ES,Federal Contract Tower,0,4,31,0,35,0,1,41,0,42,0,5,72,0,77,10,0,10,87
11/24/2007,CRE,SC,ASO,ES,Federal Contract Tower,0,1,51,0,52,0,0,31,0,31,0,1,82,0,83,8,0,8,91
11/25/2007,CRE,SC,ASO,ES,Federal Contract Tower,0,6,41,0,47,0,0,7,0,7,0,6,48,0,54,4,0,4,58
11/26/2007,CRE,SC,ASO,ES,Federal Contract Tower,0,2,25,0,27,0,0,7,0,7,0,2,32,0,34,8,0,8,42
11/27/2007,CRE,SC,ASO,ES,Federal Contract Tower,0,2,29,2,33,0,0,42,2,44,0,2,71,4,77,22,8,30,107
11/28/2007,CRE,SC,ASO,ES,Federal Contract Tower,0,2,48,3,53,0,0,45,1,46,0,2,93,4,99,26,0,26,125
11/29/2007,CRE,SC,ASO,ES,Federal Contract Tower,0,0,55,2,57,0,2,12,0,14,0,2,67,2,71,8,0,8,79
11/30/2007,CRE,SC,ASO,ES,Federal Contract Tower,0,0,53,0,53,0,2,25,2,29,0,2,78,2,82,12,0,12,94
12/01/2007,CRE,SC,ASO,ES,Federal Contract Tower,0,0,33,0,33,0,0,48,0,48,0,0,81,0,81,24,0,24,105
12/02/2007,CRE,SC,ASO,ES,Federal Contract Tower,0,0,30,0,30,0,0,29,0,29,0,0,59,0,59,18,0,18,77
12/03/2007,CRE,SC,ASO,ES,Federal Contract Tower,0,2,15,10,27,0,0,21,2,23,0,2,36,12,50,0,6,6,56
12/04/2007,CRE,SC,ASO,ES,Federal Contract Tower,0,4,34,2,40,0,0,32,0,32,0,4,66,2,72,18,2,20,92
12/05/2007,CRE,SC,ASO,ES,Federal Contract Tower,0,2,34,0,36,0,0,28,2,30,0,2,62,2,66,2,2,4,70
12/06/2007,CRE,SC,ASO,ES,Federal Contract Tower,0,5,38,0,43,0,1,47,0,48,0,6,85,0,91,24,0,24,115
12/07/2007,CRE,SC,ASO,ES,Federal Contract Tower,0,1,44,10,55,0,5,38,0,43,0,6,82,10,98,26,0,26,124
12/08/2007,CRE,SC,ASO,ES,Federal Contract Tower,0,0,25,1,26,0,0,40,0,40,0,0,65,1,66,52,0,52,118
12/09/2007,CRE,SC,ASO,ES,Federal Contract Tower,0,0,38,0,38,0,0,34,0,34,0,0,72,0,72,22,0,22,94
12/10/2007,CRE,SC,ASO,ES,Federal Contract Tower,0,2,33,2,37,0,0,47,0,47,0,2,80,2,84,20,0,20,104
12/11/2007,CRE,SC,ASO,ES,Federal Contract Tower,0,6,25,2,33,0,1,40,0,41,0,7,65,2,74,24,0,24,98
12/12/2007,CRE,SC,ASO,ES,Federal Contract Tower,0,3,42,2,47,0,1,31,0,32,0,4,73,2,79,0,0,0,79
12/13/2007,CRE,SC,ASO,ES,Federal Contract Tower,0,2,28,0,30,0,0,34,0,34,0,2,62,0,64,28,0,28,92
12/14/2007,CRE,SC,ASO,ES,Federal Contract Tower,0,4,40,8,52,0,0,30,0,30,0,4,70,8,82,18,0,18,100
12/15/2007,CRE,SC,ASO,ES,Federal Contract Tower,0,1,9,2,12,0,0,0,0,0,0,1,9,2,12,0,0,0,12
12/16/2007,CRE,SC,ASO,ES,Federal Contract Tower,0,3,4,0,7,0,0,9,0,9,0,3,13,0,16,0,0,0,16
12/17/2007,CRE,SC,ASO,ES,Federal Contract Tower,0,2,25,10,37,0,0,27,0,27,0,2,52,10,64,0,0,0,64
12/18/2007,CRE,SC,ASO,ES,Federal Contract Tower,0,0,25,7,32,0,0,29,1,30,0,0,54,8,62,2,0,2,64
12/19/2007,CRE,SC,ASO,ES,Federal Contract Tower,0,3,31,2,36,0,0,23,4,27,0,3,54,6,63,16,6,22,85
12/20/2007,CRE,SC,ASO,ES,Federal Contract Tower,0,2,20,0,22,0,1,29,8,38,0,3,49,8,60,32,0,32,92
12/21/2007,CRE,SC,ASO,ES,Federal Contract Tower,0,4,15,0,19,0,0,6,0,6,0,4,21,0,25,0,0,0,25
12/22/2007,CRE,SC,ASO,ES,Federal Contract Tower,0,0,3,0,3,0,0,0,54,54,0,0,3,54,57,2,0,2,59
12/23/2007,CRE,SC,ASO,ES,Federal Contract Tower,0,0,9,0,9,0,0,4,0,4,0,0,13,0,13,4,0,4,17
12/24/2007,CRE,SC,ASO,ES,Federal Contract Tower,0,1,16,0,17,0,2,20,0,22,0,3,36,0,39,18,0,18,57
12/25/2007,CRE,SC,ASO,ES,Federal Contract Tower,0,0,15,0,15,0,0,15,0,15,0,0,30,0,30,0,0,0,30
12/26/2007,CRE,SC,ASO,ES,Federal Contract Tower,0,6,35,2,43,0,0,6,0,6,0,6,41,2,49,0,0,0,49
12/27/2007,CRE,SC,ASO,ES,Federal Contract Tower,0,2,42,2,46,0,0,31,2,33,0,2,73,4,79,2,0,2,81
12/28/2007,CRE,SC,ASO,ES,Federal Contract Tower,0,2,55,0,57,0,0,23,2,25,0,2,78,2,82,0,0,0,82
12/29/2007,CRE,SC,ASO,ES,Federal Contract Tower,0,1,27,1,29,0,0,5,1,6,0,1,32,2,35,4,0,4,39
12/30/2007,CRE,SC,ASO,ES,Federal Contract Tower,0,2,22,0,24,0,0,2,0,2,0,2,24,0,26,0,0,0,26
12/31/2007,CRE,SC,ASO,ES,Federal Contract Tower,0,9,41,0,50,0,0,44,2,46,0,9,85,2,96,34,0,34,130
01/01/2008,CRE,SC,ASO,ES,Federal Contract Tower,0,0,24,0,24,0,0,25,2,27,0,0,49,2,51,0,0,0,51
01/02/2008,CRE,SC,ASO,ES,Federal Contract Tower,0,1,12,0,13,0,2,10,0,12,0,3,22,0,25,0,0,0,25
01/03/2008,CRE,SC,ASO,ES,Federal Contract Tower,0,3,22,0,25,0,0,16,0,16,0,3,38,0,41,0,0,0,41
01/04/2008,CRE,SC,ASO,ES,Federal Contract Tower,0,3,32,3,38,0,0,30,5,35,0,3,62,8,73,2,0,2,75
01/05/2008,CRE,SC,ASO,ES,Federal Contract Tower,0,0,26,0,26,0,0,25,2,27,0,0,51,2,53,0,0,0,53
01/06/2008,CRE,SC,ASO,ES,Federal Contract Tower,0,0,41,0,41,0,1,74,2,77,0,1,115,2,118,0,0,0,118
01/07/2008,CRE,SC,ASO,ES,Federal Contract Tower,0,4,29,2,35,0,0,53,0,53,0,4,82,2,88,44,0,44,132
01/08/2008,CRE,SC,ASO,ES,Federal Contract Tower,0,2,29,10,41,0,0,35,0,35,0,2,64,10,76,0,0,0,76
01/09/2008,CRE,SC,ASO,ES,Federal Contract Tower,0,2,20,6,28,0,0,39,2,41,0,2,59,8,69,4,0,4,73
01/10/2008,CRE,SC,ASO,ES,Federal Contract Tower,0,3,39,2,44,0,0,30,0,30,0,3,69,2,74,66,0,66,140
01/11/2008,CRE,SC,ASO,ES,Federal Contract Tower,0,3,29,2,34,0,1,13,0,14,0,4,42,2,48,0,0,0,48
01/12/2008,CRE,SC,ASO,ES,Federal Contract Tower,0,0,36,0,36,0,0,38,0,38,0,0,74,0,74,24,0,24,98
01/13/2008,CRE,SC,ASO,ES,Federal Contract Tower,0,0,26,4,30,0,0,0,0,0,0,0,26,4,30,0,0,0,30
01/14/2008,CRE,SC,ASO,ES,Federal Contract Tower,0,0,15,0,15,0,2,45,0,47,0,2,60,0,62,44,0,44,106
01/15/2008,CRE,SC,ASO,ES,Federal Contract Tower,0,2,12,0,14,0,0,16,2,18,0,2,28,2,32,4,0,4,36
01/16/2008,CRE,SC,ASO,ES,Federal Contract Tower,0,1,54,0,55,0,1,36,0,37,0,2,90,0,92,32,0,32,124
01/17/2008,CRE,SC,ASO,ES,Federal Contract Tower,0,2,15,0,17,0,0,0,0,0,0,2,15,0,17,0,0,0,17
01/18/2008,CRE,SC,ASO,ES,Federal Contract Tower,0,4,22,2,28,0,0,7,0,7,0,4,29,2,35,8,2,10,45
01/19/2008,CRE,SC,ASO,ES,Federal Contract Tower,0,0,4,0,4,0,0,2,0,2,0,0,6,0,6,0,0,0,6
01/20/2008,CRE,SC,ASO,ES,Federal Contract Tower,0,2,26,0,28,0,0,20,0,20,0,2,46,0,48,12,0,12,60
01/21/2008,CRE,SC,ASO,ES,Federal Contract Tower,0,2,43,0,45,0,0,37,0,37,0,2,80,0,82,50,0,50,132
01/22/2008,CRE,SC,ASO,ES,Federal Contract Tower,0,4,14,0,18,0,0,31,0,31,0,4,45,0,49,26,0,26,75
01/23/2008,CRE,SC,ASO,ES,Federal Contract Tower,0,2,26,2,30,0,0,33,0,33,0,2,59,2,63,62,0,62,125
01/24/2008,CRE,SC,ASO,ES,Federal Contract Tower,0,4,37,3,44,0,1,14,0,15,0,5,51,3,59,26,0,26,85
01/25/2008,CRE,SC,ASO,ES,Federal Contract Tower,0,4,30,0,34,0,1,35,0,36,0,5,65,0,70,0,0,0,70
01/26/2008,CRE,SC,ASO,ES,Federal Contract Tower,0,0,21,0,21,0,0,10,0,10,0,0,31,0,31,0,0,0,31
01/27/2008,CRE,SC,ASO,ES,Federal Contract Tower,0,0,31,0,31,0,0,49,0,49,0,0,80,0,80,29,0,29,109
01/28/2008,CRE,SC,ASO,ES,Federal Contract Tower,0,2,36,2,40,0,0,44,0,44,0,2,80,2,84,8,0,8,92
01/29/2008,CRE,SC,ASO,ES,Federal Contract Tower,0,3,28,0,31,0,0,27,0,27,0,3,55,0,58,8,0,8,66
01/30/2008,CRE,SC,ASO,ES,Federal Contract Tower,0,2,30,2,34,0,2,60,1,63,0,4,90,3,97,40,2,42,139
01/31/2008,CRE,SC,ASO,ES,Federal Contract Tower,0,4,29,0,33,0,0,30,2,32,0,4,59,2,65,32,2,34,99
02/01/2008,CRE,SC,ASO,ES,Federal Contract Tower,0,1,16,2,19,0,1,6,0,7,0,2,22,2,26,12,0,12,38
02/02/2008,CRE,SC,ASO,ES,Federal Contract Tower,0,0,47,0,47,0,0,52,0,52,0,0,99,0,99,24,0,24,123
02/03/2008,CRE,SC,ASO,ES,Federal Contract Tower,0,0,24,0,24,0,0,53,0,53,0,0,77,0,77,39,0,39,116
02/04/2008,CRE,SC,ASO,ES,Federal Contract Tower,0,2,49,8,59,0,0,0,0,0,0,2,49,8,59,8,0,8,67
02/05/2008,CRE,SC,ASO,ES,Federal Contract Tower,0,2,32,2,36,0,0,17,0,17,0,2,49,2,53,26,0,26,79
02/06/2008,CRE,SC,ASO,ES,Federal Contract Tower,0,2,29,0,31,0,0,16,0,16,0,2,45,0,47,6,0,6,53
02/07/2008,CRE,SC,ASO,ES,Federal Contract Tower,0,1,32,2,35,0,1,42,6,49,0,2,74,8,84,14,0,14,98
02/08/2008,CRE,SC,ASO,ES,Federal Contract Tower,0,5,43,3,51,0,0,52,6,58,0,5,95,9,109,40,0,40,149
02/09/2008,CRE,SC,ASO,ES,Federal Contract Tower,0,0,23,0,23,0,0,49,0,49,0,0,72,0,72,58,0,58,130
02/10/2008,CRE,SC,ASO,ES,Federal Contract Tower,0,0,13,0,13,0,0,35,0,35,0,0,48,0,48,4,0,4,52
02/11/2008,CRE,SC,ASO,ES,Federal Contract Tower,0,2,56,6,64,0,0,31,1,32,0,2,87,7,96,18,0,18,114
02/12/2008,CRE,SC,ASO,ES,Federal Contract Tower,0,2,20,2,24,0,0,26,0,26,0,2,46,2,50,0,0,0,50
02/13/2008,CRE,SC,ASO,ES,Federal Contract Tower,0,2,28,1,31,0,0,8,1,9,0,2,36,2,40,4,0,4,44
02/14/2008,CRE,SC,ASO,ES,Federal Contract Tower,0,2,37,0,39,0,0,41,0,41,0,2,78,0,80,12,0,12,92
02/15/2008,CRE,SC,ASO,ES,Federal Contract Tower,0,3,55,8,66,0,0,49,1,50,0,3,104,9,116,6,0,6,122
02/16/2008,CRE,SC,ASO,ES,Federal Contract Tower,0,0,39,0,39,0,0,60,0,60,0,0,99,0,99,20,0,20,119
02/17/2008,CRE,SC,ASO,ES,Federal Contract Tower,0,0,21,0,21,0,0,42,2,44,0,0,63,2,65,25,0,25,90
02/18/2008,CRE,SC,ASO,ES,Federal Contract Tower,0,2,29,0,31,0,0,10,0,10,0,2,39,0,41,0,0,0,41
02/19/2008,CRE,SC,ASO,ES,Federal Contract Tower,0,2,50,4,56,0,0,40,0,40,0,2,90,4,96,26,0,26,122
02/20/2008,CRE,SC,ASO,ES,Federal Contract Tower,0,1,49,0,50,0,2,42,0,44,0,3,91,0,94,20,0,20,114
02/21/2008,CRE,SC,ASO,ES,Federal Contract Tower,0,2,40,0,42,0,0,19,0,19,0,2,59,0,61,16,0,16,77
02/22/2008,CRE,SC,ASO,ES,Federal Contract Tower,0,2,8,0,10,0,0,0,0,0,0,2,8,0,10,0,0,0,10
02/23/2008,CRE,SC,ASO,ES,Federal Contract Tower,0,0,14,2,16,0,0,13,0,13,0,0,27,2,29,33,0,33,62
02/24/2008,CRE,SC,ASO,ES,Federal Contract Tower,0,0,52,0,52,0,0,16,0,16,0,0,68,0,68,20,0,20,88
02/25/2008,CRE,SC,ASO,ES,Federal Contract Tower,0,2,17,1,20,0,0,38,1,39,0,2,55,2,59,11,0,11,70
02/26/2008,CRE,SC,ASO,ES,Federal Contract Tower,0,2,14,0,16,0,0,1,0,1,0,2,15,0,17,0,0,0,17
02/27/2008,CRE,SC,ASO,ES,Federal Contract Tower,0,1,40,10,51,0,1,24,0,25,0,2,64,10,76,0,0,0,76
02/28/2008,CRE,SC,ASO,ES,Federal Contract Tower,0,2,37,3,42,0,2,50,2,54,0,4,87,5,96,28,10,38,134
02/29/2008,CRE,SC,ASO,ES,Federal Contract Tower,0,0,38,0,38,0,2,48,0,50,0,2,86,0,88,38,0,38,126
03/01/2008,CRE,SC,ASO,ES,Federal Contract Tower,0,0,19,0,19,0,4,45,0,49,0,4,64,0,68,20,0,20,88
03/02/2008,CRE,SC,ASO,ES,Federal Contract Tower,0,0,38,0,38,0,4,77,4,85,0,4,115,4,123,42,0,42,165
03/03/2008,CRE,SC,ASO,ES,Federal Contract Tower,0,2,29,0,31,0,0,36,0,36,0,2,65,0,67,4,0,4,71
03/04/2008,CRE,SC,ASO,ES,Federal Contract Tower,0,2,14,2,18,0,0,4,0,4,0,2,18,2,22,0,0,0,22
03/05/2008,CRE,SC,ASO,ES,Federal Contract Tower,0,4,67,11,82,0,1,66,3,70,0,5,133,14,152,26,6,32,184
03/06/2008,CRE,SC,ASO,ES,Federal Contract Tower,0,2,38,4,44,0,2,57,4,63,0,4,95,8,107,30,0,30,137
03/07/2008,CRE,SC,ASO,ES,Federal Contract Tower,0,2,21,2,25,0,0,0,0,0,0,2,21,2,25,0,0,0,25
03/08/2008,CRE,SC,ASO,ES,Federal Contract Tower,0,2,12,1,15,0,0,2,5,7,0,2,14,6,22,0,0,0,22
03/09/2008,CRE,SC,ASO,ES,Federal Contract Tower,0,0,49,0,49,0,0,67,0,67,0,0,116,0,116,22,0,22,138
03/10/2008,CRE,SC,ASO,ES,Federal Contract Tower,0,2,41,7,50,0,0,32,1,33,0,2,73,8,83,32,0,32,115
03/11/2008,CRE,SC,ASO,ES,Federal Contract Tower,0,2,41,0,43,0,0,42,2,44,0,2,83,2,87,20,0,20,107
03/12/2008,CRE,SC,ASO,ES,Federal Contract Tower,0,0,40,0,40,0,2,81,4,87,0,2,121,4,127,66,0,66,193
03/13/2008,CRE,SC,ASO,ES,Federal Contract Tower,0,1,41,2,44,0,1,49,0,50,0,2,90,2,94,24,0,24,118
03/14/2008,CRE,SC,ASO,ES,Federal Contract Tower,0,4,41,0,45,0,3,66,6,75,0,7,107,6,120,16,0,16,136
03/15/2008,CRE,SC,ASO,ES,Federal Contract Tower,0,0,23,0,23,0,0,33,1,34,0,0,56,1,57,8,0,8,65
03/16/2008,CRE,SC,ASO,ES,Federal Contract Tower,0,4,42,1,47,0,0,31,9,40,0,4,73,10,87,0,0,0,87
03/17/2008,CRE,SC,ASO,ES,Federal Contract Tower,0,4,35,0,39,0,0,54,6,60,0,4,89,6,99,31,2,33,132
03/18/2008,CRE,SC,ASO,ES,Federal Contract Tower,0,2,40,2,44,0,0,34,0,34,0,2,74,2,78,48,0,48,126
03/19/2008,CRE,SC,ASO,ES,Federal Contract Tower,0,6,18,6,30,0,0,31,0,31,0,6,49,6,61,10,0,10,71
03/20/2008,CRE,SC,ASO,ES,Federal Contract Tower,0,6,42,3,51,0,0,22,5,27,0,6,64,8,78,0,0,0,78
03/21/2008,CRE,SC,ASO,ES,Federal Contract Tower,0,1,66,0,67,0,1,100,0,101,0,2,166,0,168,30,0,30,198
03/22/2008,CRE,SC,ASO,ES,Federal Contract Tower,0,0,29,0,29,0,0,60,0,60,0,0,89,0,89,16,0,16,105
03/23/2008,CRE,SC,ASO,ES,Federal Contract Tower,0,2,49,0,51,0,0,87,0,87,0,2,136,0,138,22,0,22,160
03/24/2008,CRE,SC,ASO,ES,Federal Contract Tower,0,4,45,0,49,0,0,25,0,25,0,4,70,0,74,2,0,2,76
03/25/2008,CRE,SC,ASO,ES,Federal Contract Tower,0,2,31,0,33,0,0,75,4,79,0,2,106,4,112,62,0,62,174
03/26/2008,CRE,SC,ASO,ES,Federal Contract Tower,0,6,61,12,79,0,0,85,0,85,0,6,146,12,164,58,0,58,222
03/27/2008,CRE,SC,ASO,ES,Federal Contract Tower,0,2,51,1,54,0,2,49,1,52,0,4,100,2,106,50,0,50,156
03/28/2008,CRE,SC,ASO,ES,Federal Contract Tower,0,9,60,0,69,0,2,60,0,62,0,11,120,0,131,20,0,20,151
03/29/2008,CRE,SC,ASO,ES,Federal Contract Tower,0,0,35,0,35,0,0,17,0,17,0,0,52,0,52,8,0,8,60
03/30/2008,CRE,SC,ASO,ES,Federal Contract Tower,0,2,38,0,40,0,0,0,0,0,0,2,38,0,40,0,0,0,40
03/31/2008,CRE,SC,ASO,ES,Federal Contract Tower,0,3,35,0,38,0,0,0,0,0,0,3,35,0,38,0,0,0,38
04/01/2008,CRE,SC,ASO,ES,Federal Contract Tower,0,3,29,1,33,0,0,5,1,6,0,3,34,2,39,0,0,0,39
04/02/2008,CRE,SC,ASO,ES,Federal Contract Tower,0,4,57,11,72,0,4,60,0,64,0,8,117,11,136,16,0,16,152
04/03/2008,CRE,SC,ASO,ES,Federal Contract Tower,0,2,30,0,32,0,0,0,0,0,0,2,30,0,32,0,0,0,32
04/04/2008,CRE,SC,ASO,ES,Federal Contract Tower,0,4,41,0,45,0,1,8,0,9,0,5,49,0,54,0,0,0,54
04/05/2008,CRE,SC,ASO,ES,Federal Contract Tower,0,0,12,0,12,0,0,2,0,2,0,0,14,0,14,0,0,0,14
04/06/2008,CRE,SC,ASO,ES,Federal Contract Tower,0,0,63,0,63,0,0,27,0,27,0,0,90,0,90,33,0,33,123
04/07/2008,CRE,SC,ASO,ES,Federal Contract Tower,0,2,47,2,51,0,0,6,0,6,0,2,53,2,57,0,0,0,57
04/08/2008,CRE,SC,ASO,ES,Federal Contract Tower,0,5,41,2,48,0,0,52,20,72,0,5,93,22,120,48,6,54,174
04/09/2008,CRE,SC,ASO,ES,Federal Contract Tower,0,1,65,1,67,0,0,48,1,49,0,1,113,2,116,20,0,20,136
04/10/2008,CRE,SC,ASO,ES,Federal Contract Tower,0,2,59,4,65,0,0,27,0,27,0,2,86,4,92,2,0,2,94
04/11/2008,CRE,SC,ASO,ES,Federal Contract Tower,0,4,63,0,67,0,0,55,0,55,0,4,118,0,122,20,0,20,142
04/12/2008,CRE,SC,ASO,ES,Federal Contract Tower,0,4,29,0,33,0,0,26,0,26,0,4,55,0,59,15,0,15,74
04/13/2008,CRE,SC,ASO,ES,Federal Contract Tower,0,4,83,0,87,0,0,66,0,66,0,4,149,0,153,35,0,35,188
04/14/2008,CRE,SC,ASO,ES,Federal Contract Tower,0,6,46,12,64,0,0,21,0,21,0,6,67,12,85,14,0,14,99
04/15/2008,CRE,SC,ASO,ES,Federal Contract Tower,0,4,28,2,34,0,0,8,0,8,0,4,36,2,42,8,0,8,50
04/16/2008,CRE,SC,ASO,ES,Federal Contract Tower,0,2,35,0,37,0,2,34,0,36,0,4,69,0,73,14,0,14,87
04/17/2008,CRE,SC,ASO,ES,Federal Contract Tower,0,3,47,3,53,0,0,64,5,69,0,3,111,8,122,14,0,14,136
04/18/2008,CRE,SC,ASO,ES,Federal Contract Tower,0,7,65,4,76,0,1,62,5,68,0,8,127,9,144,22,0,22,166
04/19/2008,CRE,SC,ASO,ES,Federal Contract Tower,0,5,34,0,39,0,3,44,0,47,0,8,78,0,86,10,0,10,96
04/20/2008,CRE,SC,ASO,ES,Federal Contract Tower,0,6,22,0,28,0,0,50,0,50,0,6,72,0,78,22,0,22,100
04/21/2008,CRE,SC,ASO,ES,Federal Contract Tower,0,3,34,0,37,0,0,33,4,37,0,3,67,4,74,14,0,14,88
04/22/2008,CRE,SC,ASO,ES,Federal Contract Tower,0,6,25,0,31,0,2,7,0,9,0,8,32,0,40,0,0,0,40
04/23/2008,CRE,SC,ASO,ES,Federal Contract Tower,0,2,45,5,52,0,0,16,7,23,0,2,61,12,75,24,0,24,99
04/24/2008,CRE,SC,ASO,ES,Federal Contract Tower,0,3,49,5,57,0,0,59,4,63,0,3,108,9,120,14,0,14,134
04/25/2008,CRE,SC,ASO,ES,Federal Contract Tower,0,2,53,2,57,0,0,47,1,48,0,2,100,3,105,6,6,12,117
04/26/2008,CRE,SC,ASO,ES,Federal Contract Tower,0,0,31,0,31,0,0,52,0,52,0,0,83,0,83,18,0,18,101
04/27/2008,CRE,SC,ASO,ES,Federal Contract Tower,0,0,34,0,34,0,0,21,0,21,0,0,55,0,55,18,0,18,73
04/28/2008,CRE,SC,ASO,ES,Federal Contract Tower,0,4,23,0,27,0,0,2,4,6,0,4,25,4,33,0,0,0,33
04/29/2008,CRE,SC,ASO,ES,Federal Contract Tower,0,8,44,0,52,0,2,20,6,28,0,10,64,6,80,26,0,26,106
04/30/2008,CRE,SC,ASO,ES,Federal Contract Tower,0,6,50,2,58,0,1,48,2,51,0,7,98,4,109,9,0,9,118
05/01/2008,CRE,SC,ASO,ES,Federal Contract Tower,0,10,54,6,70,0,0,62,1,63,0,10,116,7,133,12,2,14,147
05/02/2008,CRE,SC,ASO,ES,Federal Contract Tower,0,5,51,0,56,0,0,31,3,34,0,5,82,3,90,4,0,4,94
05/03/2008,CRE,SC,ASO,ES,Federal Contract Tower,0,1,43,2,46,0,0,41,0,41,0,1,84,2,87,38,0,38,125
05/04/2008,CRE,SC,ASO,ES,Federal Contract Tower,0,10,47,0,57,0,0,16,0,16,0,10,63,0,73,30,0,30,103
05/05/2008,CRE,SC,ASO,ES,Federal Contract Tower,0,2,30,0,32,0,0,8,0,8,0,2,38,0,40,0,0,0,40
05/06/2008,CRE,SC,ASO,ES,Federal Contract Tower,0,6,26,2,34,0,1,39,4,44,0,7,65,6,78,28,12,40,118
05/07/2008,CRE,SC,ASO,ES,Federal Contract Tower,0,17,40,0,57,0,0,51,4,55,0,17,91,4,112,40,0,40,152
05/08/2008,CRE,SC,ASO,ES,Federal Contract Tower,0,4,36,0,40,0,4,22,0,26,0,8,58,0,66,4,0,4,70
05/09/2008,CRE,SC,ASO,ES,Federal Contract Tower,0,9,30,0,39,0,1,29,0,30,0,10,59,0,69,0,0,0,69
05/10/2008,CRE,SC,ASO,ES,Federal Contract Tower,0,3,39,0,42,0,0,52,0,52,0,3,91,0,94,43,0,43,137
05/11/2008,CRE,SC,ASO,ES,Federal Contract Tower,0,1,5,0,6,0,0,6,0,6,0,1,11,0,12,0,0,0,12
05/12/2008,CRE,SC,ASO,ES,Federal Contract Tower,0,3,11,0,14,0,0,14,0,14,0,3,25,0,28,0,0,0,28
05/13/2008,CRE,SC,ASO,ES,Federal Contract Tower,0,2,48,2,52,0,0,43,2,45,0,2,91,4,97,22,0,22,119
05/14/2008,CRE,SC,ASO,ES,Federal Contract Tower,0,5,60,0,65,0,0,79,4,83,0,5,139,4,148,82,0,82,230
05/15/2008,CRE,SC,ASO,ES,Federal Contract Tower,0,2,36,2,40,0,5,53,12,70,0,7,89,14,110,44,2,46,156
05/16/2008,CRE,SC,ASO,ES,Federal Contract Tower,0,2,27,0,29,0,1,42,8,51,0,3,69,8,80,38,0,38,118
05/17/2008,CRE,SC,ASO,ES,Federal Contract Tower,0,3,36,0,39,0,1,75,10,86,0,4,111,10,125,108,0,108,233
05/18/2008,CRE,SC,ASO,ES,Federal Contract Tower,0,3,46,0,49,0,0,56,2,58,0,3,102,2,107,102,0,102,209
05/19/2008,CRE,SC,ASO,ES,Federal Contract Tower,0,2,31,2,35,0,1,39,0,40,0,3,70,2,75,54,0,54,129
05/20/2008,CRE,SC,ASO,ES,Federal Contract Tower,0,3,13,2,18,0,2,11,0,13,0,5,24,2,31,0,0,0,31
05/21/2008,CRE,SC,ASO,ES,Federal Contract Tower,0,4,30,6,40,0,3,54,0,57,0,7,84,6,97,120,0,120,217
05/22/2008,CRE,SC,ASO,ES,Federal Contract Tower,0,3,49,0,52,0,3,61,2,66,0,6,110,2,118,98,0,98,216
05/23/2008,CRE,SC,ASO,ES,Federal Contract Tower,0,4,63,0,67,0,1,71,2,74,0,5,134,2,141,82,0,82,223
05/24/2008,CRE,SC,ASO,ES,Federal Contract Tower,0,1,41,0,42,0,0,26,1,27,0,1,67,1,69,72,0,72,141
05/25/2008,CRE,SC,ASO,ES,Federal Contract Tower,0,3,30,0,33,0,3,68,16,87,0,6,98,16,120,160,0,160,280
05/26/2008,CRE,SC,ASO,ES,Federal Contract Tower,0,2,51,0,53,0,0,62,2,64,0,2,113,2,117,106,0,106,223
05/27/2008,CRE,SC,ASO,ES,Federal Contract Tower,0,2,38,0,40,0,1,37,2,40,0,3,75,2,80,102,0,102,182
05/28/2008,CRE,SC,ASO,ES,Federal Contract Tower,0,2,39,8,49,0,1,34,0,35,0,3,73,8,84,84,0,84,168
05/29/2008,CRE,SC,ASO,ES,Federal Contract Tower,0,4,54,1,59,0,10,31,2,43,0,14,85,3,102,46,6,52,154
05/30/2008,CRE,SC,ASO,ES,Federal Contract Tower,0,2,42,0,44,0,4,53,1,58,0,6,95,1,102,50,0,50,152
05/31/2008,CRE,SC,ASO,ES,Federal Contract Tower,0,0,28,1,29,0,3,68,5,76,0,3,96,6,105,81,0,81,186
06/01/2008,CRE,SC,ASO,ES,Federal Contract Tower,0,0,25,0,25,0,0,59,0,59,0,0,84,0,84,92,0,92,176
06/02/2008,CRE,SC,ASO,ES,Federal Contract Tower,0,2,27,1,30,0,0,49,1,50,0,2,76,2,80,92,0,92,172
06/03/2008,CRE,SC,ASO,ES,Federal Contract Tower,0,3,36,2,41,0,0,62,0,62,0,3,98,2,103,98,0,98,201
06/04/2008,CRE,SC,ASO,ES,Federal Contract Tower,0,2,41,2,45,0,0,55,0,55,0,2,96,2,100,88,0,88,188
06/05/2008,CRE,SC,ASO,ES,Federal Contract Tower,0,3,32,3,38,0,2,83,1,86,0,5,115,4,124,122,0,122,246
06/06/2008,CRE,SC,ASO,ES,Federal Contract Tower,0,8,68,2,78,0,4,90,0,94,0,12,158,2,172,114,0,114,286
06/07/2008,CRE,SC,ASO,ES,Federal Contract Tower,0,2,23,2,27,0,4,98,0,102,0,6,121,2,129,94,0,94,223
06/08/2008,CRE,SC,ASO,ES,Federal Contract Tower,0,2,60,0,62,0,0,93,0,93,0,2,153,0,155,112,0,112,267
06/09/2008,CRE,SC,ASO,ES,Federal Contract Tower,0,1,22,0,23,0,1,96,4,101,0,2,118,4,124,136,0,136,260
06/10/2008,CRE,SC,ASO,ES,Federal Contract Tower,0,9,50,3,62,0,0,79,0,79,0,9,129,3,141,80,16,96,237
06/11/2008,CRE,SC,ASO,ES,Federal Contract Tower,0,7,49,7,63,0,4,94,1,99,0,11,143,8,162,116,0,116,278
06/12/2008,CRE,SC,ASO,ES,Federal Contract Tower,0,6,45,6,57,0,0,102,2,104,0,6,147,8,161,120,0,120,281
06/13/2008,CRE,SC,ASO,ES,Federal Contract Tower,0,4,42,2,48,0,5,88,6,99,0,9,130,8,147,72,0,72,219
06/14/2008,CRE,SC,ASO,ES,Federal Contract Tower,0,1,38,0,39,0,0,112,4,116,0,1,150,4,155,132,0,132,287
06/15/2008,CRE,SC,ASO,ES,Federal Contract Tower,0,0,53,0,53,0,0,34,0,34,0,0,87,0,87,34,0,34,121
06/16/2008,CRE,SC,ASO,ES,Federal Contract Tower,0,2,21,0,23,0,2,82,0,84,0,4,103,0,107,115,0,115,222
06/17/2008,CRE,SC,ASO,ES,Federal Contract Tower,0,2,37,0,39,0,0,83,0,83,0,2,120,0,122,72,0,72,194
06/18/2008,CRE,SC,ASO,ES,Federal Contract Tower,0,1,59,0,60,0,1,115,2,118,0,2,174,2,178,120,0,120,298
06/19/2008,CRE,SC,ASO,ES,Federal Contract Tower,0,2,55,0,57,0,17,122,0,139,0,19,177,0,196,92,0,92,288
06/20/2008,CRE,SC,ASO,ES,Federal Contract Tower,0,3,58,2,63,0,16,84,0,100,0,19,142,2,163,72,0,72,235
06/21/2008,CRE,SC,ASO,ES,Federal Contract Tower,0,0,29,0,29,0,12,52,0,64,0,12,81,0,93,46,0,46,139
06/22/2008,CRE,SC,ASO,ES,Federal Contract Tower,0,4,49,0,53,0,0,74,0,74,0,4,123,0,127,70,0,70,197
06/23/2008,CRE,SC,ASO,ES,Federal Contract Tower,0,2,33,0,35,0,4,65,1,70,0,6,98,1,105,90,0,90,195
06/24/2008,CRE,SC,ASO,ES,Federal Contract Tower,0,2,40,1,43,0,43,71,1,115,0,45,111,2,158,102,0,102,260
06/25/2008,CRE,SC,ASO,ES,Federal Contract Tower,0,6,37,0,43,0,4,91,0,95,0,10,128,0,138,70,0,70,208
06/26/2008,CRE,SC,ASO,ES,Federal Contract Tower,0,2,21,0,23,0,44,112,0,156,0,46,133,0,179,74,0,74,253
06/27/2008,CRE,SC,ASO,ES,Federal Contract Tower,0,2,40,0,42,0,35,112,2,149,0,37,152,2,191,84,0,84,275
06/28/2008,CRE,SC,ASO,ES,Federal Contract Tower,0,1,32,1,34,0,12,106,0,118,0,13,138,1,152,114,0,114,266
06/29/2008,CRE,SC,ASO,ES,Federal Contract Tower,0,0,44,0,44,0,11,60,0,71,0,11,104,0,115,90,0,90,205
06/30/2008,CRE,SC,ASO,ES,Federal Contract Tower,0,5,38,7,50,0,22,94,2,118,0,27,132,9,168,94,0,94,262
07/01/2008,CRE,SC,ASO,ES,Federal Contract Tower,0,4,49,3,56,0,38,122,1,161,0,42,171,4,217,124,0,124,341
07/02/2008,CRE,SC,ASO,ES,Federal Contract Tower,0,4,37,0,41,0,67,116,5,188,0,71,153,5,229,150,0,150,379
07/03/2008,CRE,SC,ASO,ES,Federal Contract Tower,0,7,62,0,69,0,111,117,0,228,0,118,179,0,297,142,0,142,439
07/04/2008,CRE,SC,ASO,ES,Federal Contract Tower,0,0,38,0,38,0,63,117,0,180,0,63,155,0,218,140,0,140,358
07/05/2008,CRE,SC,ASO,ES,Federal Contract Tower,0,0,22,0,22,0,59,58,0,117,0,59,80,0,139,66,0,66,205
07/06/2008,CRE,SC,ASO,ES,Federal Contract Tower,0,2,67,0,69,0,42,95,4,141,0,44,162,4,210,82,0,82,292
07/07/2008,CRE,SC,ASO,ES,Federal Contract Tower,0,4,24,0,28,0,9,34,2,45,0,13,58,2,73,38,0,38,111
07/08/2008,CRE,SC,ASO,ES,Federal Contract Tower,0,2,30,1,33,0,15,72,2,89,0,17,102,3,122,62,0,62,184
07/09/2008,CRE,SC,ASO,ES,Federal Contract Tower,0,4,40,0,44,0,18,61,4,83,0,22,101,4,127,64,0,64,191
07/10/2008,CRE,SC,ASO,ES,Federal Contract Tower,0,4,42,0,46,0,0,47,2,49,0,4,89,2,95,80,0,80,175
07/11/2008,CRE,SC,ASO,ES,Federal Contract Tower,0,2,50,3,55,0,19,37,0,56,0,21,87,3,111,60,10,70,181
07/12/2008,CRE,SC,ASO,ES,Federal Contract Tower,0,4,27,0,31,0,9,79,4,92,0,13,106,4,123,100,0,100,223
07/13/2008,CRE,SC,ASO,ES,Federal Contract Tower,0,0,57,0,57,0,18,116,0,134,0,18,173,0,191,120,0,120,311
07/14/2008,CRE,SC,ASO,ES,Federal Contract Tower,0,6,20,1,27,0,41,78,0,119,0,47,98,1,146,86,0,86,232
07/15/2008,CRE,SC,ASO,ES,Federal Contract Tower,0,2,34,1,37,0,29,37,4,70,0,31,71,5,107,42,0,42,149
07/16/2008,CRE,SC,ASO,ES,Federal Contract Tower,0,3,63,2,68,0,110,85,0,195,0,113,148,2,263,76,0,76,339
07/17/2008,CRE,SC,ASO,ES,Federal Contract Tower,0,1,53,5,59,0,94,85,30,209,0,95,138,35,268,114,0,114,382
07/18/2008,CRE,SC,ASO,ES,Federal Contract Tower,0,5,55,0,60,0,55,85,0,140,0,60,140,0,200,102,0,102,302
07/19/2008,CRE,SC,ASO,ES,Federal Contract Tower,0,2,21,0,23,0,0,6,1,7,0,2,27,1,30,0,0,0,30
07/20/2008,CRE,SC,ASO,ES,Federal Contract Tower,0,4,38,0,42,0,32,70,0,102,0,36,108,0,144,80,0,80,224
07/21/2008,CRE,SC,ASO,ES,Federal Contract Tower,0,2,40,0,42,0,20,73,0,93,0,22,113,0,135,100,0,100,235
07/22/2008,CRE,SC,ASO,ES,Federal Contract Tower,0,2,57,2,61,0,68,97,4,169,0,70,154,6,230,130,0,130,360
07/23/2008,CRE,SC,ASO,ES,Federal Contract Tower,0,2,47,0,49,0,56,82,1,139,0,58,129,1,188,94,0,94,282
07/24/2008,CRE,SC,ASO,ES,Federal Contract Tower,0,1,51,9,61,0,95,57,2,154,0,96,108,11,215,118,0,118,333
07/25/2008,CRE,SC,ASO,ES,Federal Contract Tower,0,1,59,4,64,0,76,110,6,192,0,77,169,10,256,112,2,114,370
07/26/2008,CRE,SC,ASO,ES,Federal Contract Tower,0,0,69,0,69,0,21,73,0,94,0,21,142,0,163,100,0,100,263
07/27/2008,CRE,SC,ASO,ES,Federal Contract Tower,0,4,45,0,49,0,20,88,4,112,0,24,133,4,161,126,0,126,287
07/28/2008,CRE,SC,ASO,ES,Federal Contract Tower,0,3,28,0,31,0,10,70,2,82,0,13,98,2,113,96,0,96,209
07/29/2008,CRE,SC,ASO,ES,Federal Contract Tower,0,3,27,2,32,0,42,65,0,107,0,45,92,2,139,82,0,82,221
07/30/2008,CRE,SC,ASO,ES,Federal Contract Tower,0,3,27,2,32,0,51,87,8,146,0,54,114,10,178,124,0,124,302
07/31/2008,CRE,SC,ASO,ES,Federal Contract Tower,0,7,44,0,51,0,27,65,5,97,0,34,109,5,148,144,0,144,292
08/01/2008,CRE,SC,ASO,ES,Federal Contract Tower,0,3,39,7,49,0,22,75,3,100,0,25,114,10,149,138,0,138,287
08/02/2008,CRE,SC,ASO,ES,Federal Contract Tower,0,4,34,0,38,0,8,60,0,68,0,12,94,0,106,106,0,106,212
08/03/2008,CRE,SC,ASO,ES,Federal Contract Tower,0,2,45,0,47,0,0,100,0,100,0,2,145,0,147,112,0,112,259
08/04/2008,CRE,SC,ASO,ES,Federal Contract Tower,0,5,30,0,35,0,1,44,2,47,0,6,74,2,82,92,0,92,174
08/05/2008,CRE,SC,ASO,ES,Federal Contract Tower,0,1,38,0,39,0,9,67,0,76,0,10,105,0,115,78,0,78,193
08/06/2008,CRE,SC,ASO,ES,Federal Contract Tower,0,4,40,2,46,0,28,44,8,80,0,32,84,10,126,68,0,68,194
08/07/2008,CRE,SC,ASO,ES,Federal Contract Tower,0,8,51,8,67,0,29,80,0,109,0,37,131,8,176,104,0,104,280
08/08/2008,CRE,SC,ASO,ES,Federal Contract Tower,0,14,57,2,73,0,26,62,8,96,0,40,119,10,169,88,0,88,257
08/09/2008,CRE,SC,ASO,ES,Federal Contract Tower,0,1,34,0,35,0,13,65,0,78,0,14,99,0,113,104,0,104,217
08/10/2008,CRE,SC,ASO,ES,Federal Contract Tower,0,2,50,0,52,0,0,66,0,66,0,2,116,0,118,94,0,94,212
08/11/2008,CRE,SC,ASO,ES,Federal Contract Tower,0,8,42,6,56,0,0,58,2,60,0,8,100,8,116,62,0,62,178
08/12/2008,CRE,SC,ASO,ES,Federal Contract Tower,0,3,38,0,41,0,24,60,0,84,0,27,98,0,125,92,0,92,217
08/13/2008,CRE,SC,ASO,ES,Federal Contract Tower,0,2,8,0,10,0,0,0,0,0,0,2,8,0,10,0,0,0,10
08/14/2008,CRE,SC,ASO,ES,Federal Contract Tower,0,1,55,0,56,0,22,71,0,93,0,23,126,0,149,78,0,78,227
08/15/2008,CRE,SC,ASO,ES,Federal Contract Tower,0,6,45,0,51,0,20,81,1,102,0,26,126,1,153,86,0,86,239
08/16/2008,CRE,SC,ASO,ES,Federal Contract Tower,0,1,26,2,29,0,19,38,4,61,0,20,64,6,90,105,0,105,195
08/17/2008,CRE,SC,ASO,ES,Federal Contract Tower,0,0,52,0,52,0,0,59,0,59,0,0,111,0,111,42,0,42,153
08/18/2008,CRE,SC,ASO,ES,Federal Contract Tower,0,2,30,2,34,0,0,60,2,62,0,2,90,4,96,83,0,83,179
08/19/2008,CRE,SC,ASO,ES,Federal Contract Tower,0,0,40,2,42,0,29,54,2,85,0,29,94,4,127,150,0,150,277
08/20/2008,CRE,SC,ASO,ES,Federal Contract Tower,0,2,28,0,30,0,16,51,0,67,0,18,79,0,97,102,0,102,199
08/21/2008,CRE,SC,ASO,ES,Federal Contract Tower,0,4,25,3,32,0,15,11,3,29,0,19,36,6,61,16,0,16,77
08/22/2008,CRE,SC,ASO,ES,Federal Contract Tower,0,5,30,0,35,0,3,8,1,12,0,8,38,1,47,0,0,0,47
08/23/2008,CRE,SC,ASO,ES,Federal Contract Tower,0,2,23,0,25,0,14,58,0,72,0,16,81,0,97,96,0,96,193
08/24/2008,CRE,SC,ASO,ES,Federal Contract Tower,0,4,54,0,58,0,2,73,0,75,0,6,127,0,133,64,0,64,197
08/25/2008,CRE,SC,ASO,ES,Federal Contract Tower,0,4,19,0,23,0,2,15,0,17,0,6,34,0,40,28,0,28,68
08/26/2008,CRE,SC,ASO,ES,Federal Contract Tower,0,2,40,0,42,0,10,42,0,52,0,12,82,0,94,104,0,104,198
08/27/2008,CRE,SC,ASO,ES,Federal Contract Tower,0,3,43,2,48,0,23,52,5,80,0,26,95,7,128,136,0,136,264
08/28/2008,CRE,SC,ASO,ES,Federal Contract Tower,0,5,55,0,60,0,22,43,2,67,0,27,98,2,127,126,0,126,253
08/29/2008,CRE,SC,ASO,ES,Federal Contract Tower,0,9,67,0,76,0,16,61,1,78,0,25,128,1,154,110,0,110,264
08/30/2008,CRE,SC,ASO,ES,Federal Contract Tower,0,2,45,0,47,0,14,45,0,59,0,16,90,0,106,66,0,66,172
08/31/2008,CRE,SC,ASO,ES,Federal Contract Tower,0,2,35,0,37,0,42,69,0,111,0,44,104,0,148,106,0,106,254
09/01/2008,CRE,SC,ASO,ES,Federal Contract Tower,0,3,77,0,80,0,18,97,0,115,0,21,174,0,195,80,0,80,275
09/02/2008,CRE,SC,ASO,ES,Federal Contract Tower,0,2,62,0,64,0,14,53,2,69,0,16,115,2,133,40,0,40,173
09/03/2008,CRE,SC,ASO,ES,Federal Contract Tower,0,1,52,0,53,0,28,47,0,75,0,29,99,0,128,34,0,34,162
09/04/2008,CRE,SC,ASO,ES,Federal Contract Tower,0,4,34,0,38,0,30,24,12,66,0,34,58,12,104,40,0,40,144
09/05/2008,CRE,SC,ASO,ES,Federal Contract Tower,0,2,6,0,8,0,5,1,0,6,0,7,7,0,14,0,0,0,14
09/06/2008,CRE,SC,ASO,ES,Federal Contract Tower,0,0,3,0,3,0,11,15,1,27,0,11,18,1,30,0,0,0,30
09/07/2008,CRE,SC,ASO,ES,Federal Contract Tower,0,0,19,0,19,0,24,22,0,46,0,24,41,0,65,0,0,0,65
09/08/2008,CRE,SC,ASO,ES,Federal Contract Tower,0,1,38,1,40,0,11,29,6,46,0,12,67,7,86,28,0,28,114
09/09/2008,CRE,SC,ASO,ES,Federal Contract Tower,0,2,23,2,27,0,6,15,0,21,0,8,38,2,48,16,0,16,64
09/10/2008,CRE,SC,ASO,ES,Federal Contract Tower,0,3,16,0,19,0,5,18,0,23,0,8,34,0,42,18,0,18,60
09/11/2008,CRE,SC,ASO,ES,Federal Contract Tower,0,2,25,0,27,0,12,4,0,16,0,14,29,0,43,12,0,12,55
09/12/2008,CRE,SC,ASO,ES,Federal Contract Tower,0,2,28,0,30,0,15,23,0,38,0,17,51,0,68,18,0,18,86
09/13/2008,CRE,SC,ASO,ES,Federal Contract Tower,0,0,28,0,28,2,26,24,0,52,2,26,52,0,80,36,0,36,116
09/14/2008,CRE,SC,ASO,ES,Federal Contract Tower,0,0,31,0,31,0,8,38,2,48,0,8,69,2,79,34,0,34,113
09/15/2008,CRE,SC,ASO,ES,Federal Contract Tower,0,2,24,0,26,0,12,36,0,48,0,14,60,0,74,24,0,24,98
09/16/2008,CRE,SC,ASO,ES,Federal Contract Tower,0,2,23,0,25,0,8,18,0,26,0,10,41,0,51,26,0,26,77
09/17/2008,CRE,SC,ASO,ES,Federal Contract Tower,0,1,32,0,33,0,20,32,0,52,0,21,64,0,85,40,0,40,125
09/18/2008,CRE,SC,ASO,ES,Federal Contract Tower,0,5,29,0,34,0,19,43,3,65,0,24,72,3,99,22,0,22,121
09/19/2008,CRE,SC,ASO,ES,Federal Contract Tower,0,4,32,2,38,0,14,42,0,56,0,18,74,2,94,18,0,18,112
09/20/2008,CRE,SC,ASO,ES,Federal Contract Tower,0,4,36,0,40,0,12,19,1,32,0,16,55,1,72,36,0,36,108
09/21/2008,CRE,SC,ASO,ES,Federal Contract Tower,0,0,55,0,55,0,0,580,0,580,0,0,635,0,635,32,0,32,667
09/22/2008,CRE,SC,ASO,ES,Federal Contract Tower,0,0,29,4,33,0,4,33,2,39,0,4,62,6,72,18,0,18,90
09/23/2008,CRE,SC,ASO,ES,Federal Contract Tower,0,4,20,4,28,0,16,16,0,32,0,20,36,4,60,6,0,6,66
09/24/2008,CRE,SC,ASO,ES,Federal Contract Tower,0,10,17,4,31,0,10,3,0,13,0,20,20,4,44,0,0,0,44
09/25/2008,CRE,SC,ASO,ES,Federal Contract Tower,0,2,6,0,8,0,0,0,0,0,0,2,6,0,8,0,0,0,8
09/26/2008,CRE,SC,ASO,ES,Federal Contract Tower,0,2,32,0,34,0,0,8,0,8,0,2,40,0,42,4,0,4,46
09/27/2008,CRE,SC,ASO,ES,Federal Contract Tower,0,2,19,0,21,0,19,29,0,48,0,21,48,0,69,46,0,46,115
09/28/2008,CRE,SC,ASO,ES,Federal Contract Tower,0,2,19,0,21,0,31,33,0,64,0,33,52,0,85,26,0,26,111
09/29/2008,CRE,SC,ASO,ES,Federal Contract Tower,0,2,27,0,29,0,14,33,8,55,0,16,60,8,84,24,0,24,108
09/30/2008,CRE,SC,ASO,ES,Federal Contract Tower,0,2,14,0,16,0,2,11,2,15,0,4,25,2,31,28,0,28,59
10/01/2008,CRE,SC,ASO,ES,Federal Contract Tower,0,1,36,0,37,0,3,22,0,25,0,4,58,0,62,42,0,42,104
10/02/2008,CRE,SC,ASO,ES,Federal Contract Tower,0,4,22,1,27,0,10,34,5,49,0,14,56,6,76,60,0,60,136
10/03/2008,CRE,SC,ASO,ES,Federal Contract Tower,0,1,50,0,51,0,9,44,0,53,0,10,94,0,104,80,0,80,184
10/04/2008,CRE,SC,ASO,ES,Federal Contract Tower,0,3,31,0,34,0,26,40,2,68,0,29,71,2,102,30,0,30,132
10/05/2008,CRE,SC,ASO,ES,Federal Contract Tower,0,2,31,0,33,0,11,51,0,62,0,13,82,0,95,20,0,20,115
10/06/2008,CRE,SC,ASO,ES,Federal Contract Tower,0,2,26,0,28,0,0,27,0,27,0,2,53,0,55,36,0,36,91
10/07/2008,CRE,SC,ASO,ES,Federal Contract Tower,0,4,21,0,25,0,0,35,2,37,0,4,56,2,62,26,0,26,88
10/08/2008,CRE,SC,ASO,ES,Federal Contract Tower,0,2,25,0,27,0,0,14,2,16,0,2,39,2,43,14,0,14,57
10/09/2008,CRE,SC,ASO,ES,Federal Contract Tower,0,4,25,3,32,0,1,3,2,6,0,5,28,5,38,0,0,0,38
10/10/2008,CRE,SC,ASO,ES,Federal Contract Tower,0,4,18,0,22,0,0,9,0,9,0,4,27,0,31,8,0,8,39
10/11/2008,CRE,SC,ASO,ES,Federal Contract Tower,0,0,20,0,20,0,0,0,0,0,0,0,20,0,20,0,0,0,20
10/12/2008,CRE,SC,ASO,ES,Federal Contract Tower,0,0,24,0,24,0,3,23,0,26,0,3,47,0,50,0,0,0,50
10/13/2008,CRE,SC,ASO,ES,Federal Contract Tower,0,3,29,0,32,0,6,48,0,54,0,9,77,0,86,26,0,26,112
10/14/2008,CRE,SC,ASO,ES,Federal Contract Tower,0,2,16,0,18,0,0,40,0,40,0,2,56,0,58,42,0,42,100
10/15/2008,CRE,SC,ASO,ES,Federal Contract Tower,0,4,26,0,30,0,0,48,0,48,0,4,74,0,78,22,0,22,100
10/16/2008,CRE,SC,ASO,ES,Federal Contract Tower,0,2,33,4,39,0,13,35,3,51,0,15,68,7,90,12,0,12,102
10/17/2008,CRE,SC,ASO,ES,Federal Contract Tower,0,2,30,1,33,0,9,17,0,26,0,11,47,1,59,18,2,20,79
10/18/2008,CRE,SC,ASO,ES,Federal Contract Tower,0,3,20,1,24,0,0,14,0,14,0,3,34,1,38,0,0,0,38
10/19/2008,CRE,SC,ASO,ES,Federal Contract Tower,0,2,37,1,40,0,2,46,4,52,0,4,83,5,92,0,0,0,92
10/20/2008,CRE,SC,ASO,ES,Federal Contract Tower,0,2,30,0,32,0,6,36,0,42,0,8,66,0,74,36,0,36,110
10/21/2008,CRE,SC,ASO,ES,Federal Contract Tower,0,4,30,4,38,0,1,3,36,40,0,5,33,40,78,0,0,0,78
10/22/2008,CRE,SC,ASO,ES,Federal Contract Tower,0,0,25,4,29,0,12,23,0,35,0,12,48,4,64,10,0,10,74
10/23/2008,CRE,SC,ASO,ES,Federal Contract Tower,0,2,29,1,32,0,0,27,2,29,0,2,56,3,61,18,0,18,79
10/24/2008,CRE,SC,ASO,ES,Federal Contract Tower,0,2,23,0,25,0,0,8,0,8,0,2,31,0,33,0,0,0,33
10/25/2008,CRE,SC,ASO,ES,Federal Contract Tower,0,0,15,0,15,0,2,4,0,6,0,2,19,0,21,4,0,4,25
10/26/2008,CRE,SC,ASO,ES,Federal Contract Tower,0,0,35,0,35,0,0,53,0,53,0,0,88,0,88,0,0,0,88
10/27/2008,CRE,SC,ASO,ES,Federal Contract Tower,0,2,13,4,19,0,2,27,2,31,0,4,40,6,50,10,0,10,60
10/28/2008,CRE,SC,ASO,ES,Federal Contract Tower,0,2,19,4,25,0,0,23,2,25,0,2,42,6,50,0,0,0,50
10/29/2008,CRE,SC,ASO,ES,Federal Contract Tower,0,2,14,0,16,0,1,16,1,18,0,3,30,1,34,6,0,6,40
10/30/2008,CRE,SC,ASO,ES,Federal Contract Tower,0,2,31,1,34,0,5,33,5,43,0,7,64,6,77,8,0,8,85
10/31/2008,CRE,SC,ASO,ES,Federal Contract Tower,0,2,36,0,38,0,0,48,0,48,0,2,84,0,86,26,0,26,112
11/01/2008,CRE,SC,ASO,ES,Federal Contract Tower,0,0,34,0,34,0,3,39,0,42,0,3,73,0,76,14,0,14,90
11/02/2008,CRE,SC,ASO,ES,Federal Contract Tower,0,0,37,0,37,0,0,45,0,45,0,0,82,0,82,14,0,14,96
11/03/2008,CRE,SC,ASO,ES,Federal Contract Tower,0,2,17,0,19,0,0,0,0,0,0,2,17,0,19,0,0,0,19
11/04/2008,CRE,SC,ASO,ES,Federal Contract Tower,0,2,16,0,18,0,0,0,0,0,0,2,16,0,18,0,0,0,18
11/05/2008,CRE,SC,ASO,ES,Federal Contract Tower,0,4,14,0,18,0,0,3,0,3,0,4,17,0,21,6,0,6,27
11/06/2008,CRE,SC,ASO,ES,Federal Contract Tower,0,2,28,2,32,0,8,23,1,32,0,10,51,3,64,4,0,4,68
11/07/2008,CRE,SC,ASO,ES,Federal Contract Tower,0,4,38,0,42,0,2,28,0,30,0,6,66,0,72,12,0,12,84
11/08/2008,CRE,SC,ASO,ES,Federal Contract Tower,0,1,17,0,18,2,2,30,0,34,2,3,47,0,52,10,0,10,62
11/09/2008,CRE,SC,ASO,ES,Federal Contract Tower,0,0,22,5,27,0,0,54,1,55,0,0,76,6,82,18,0,18,100
11/10/2008,CRE,SC,ASO,ES,Federal Contract Tower,0,0,22,0,22,0,2,27,0,29,0,2,49,0,51,2,0,2,53
11/11/2008,CRE,SC,ASO,ES,Federal Contract Tower,0,3,35,0,38,0,2,42,0,44,0,5,77,0,82,6,0,6,88
11/12/2008,CRE,SC,ASO,ES,Federal Contract Tower,0,1,31,0,32,0,7,9,0,16,0,8,40,0,48,0,0,0,48
11/13/2008,CRE,SC,ASO,ES,Federal Contract Tower,0,3,23,6,32,0,0,4,2,6,0,3,27,8,38,0,0,0,38
11/14/2008,CRE,SC,ASO,ES,Federal Contract Tower,0,5,21,4,30,0,0,0,0,0,0,5,21,4,30,0,0,0,30
11/15/2008,CRE,SC,ASO,ES,Federal Contract Tower,0,0,14,0,14,0,2,2,0,4,0,2,16,0,18,0,0,0,18
11/16/2008,CRE,SC,ASO,ES,Federal Contract Tower,0,0,19,0,19,0,0,48,2,50,0,0,67,2,69,20,0,20,89
11/17/2008,CRE,SC,ASO,ES,Federal Contract Tower,0,4,19,7,30,0,1,28,3,32,0,5,47,10,62,24,0,24,86
11/18/2008,CRE,SC,ASO,ES,Federal Contract Tower,0,3,16,0,19,0,1,16,2,19,0,4,32,2,38,10,0,10,48
11/19/2008,CRE,SC,ASO,ES,Federal Contract Tower,0,1,13,1,15,0,1,18,1,20,0,2,31,2,35,6,0,6,41
11/20/2008,CRE,SC,ASO,ES,Federal Contract Tower,0,1,28,0,29,0,1,23,2,26,0,2,51,2,55,6,0,6,61
11/21/2008,CRE,SC,ASO,ES,Federal Contract Tower,0,2,15,6,23,0,2,12,4,18,0,4,27,10,41,0,4,4,45
11/22/2008,CRE,SC,ASO,ES,Federal Contract Tower,0,2,19,0,21,0,0,30,0,30,0,2,49,0,51,0,0,0,51
11/23/2008,CRE,SC,ASO,ES,Federal Contract Tower,0,3,27,2,32,0,0,42,4,46,0,3,69,6,78,6,0,6,84
11/24/2008,CRE,SC,ASO,ES,Federal Contract Tower,0,2,36,2,40,0,2,16,6,24,0,4,52,8,64,4,0,4,68
11/25/2008,CRE,SC,ASO,ES,Federal Contract Tower,0,2,13,0,15,0,0,21,3,24,0,2,34,3,39,0,0,0,39
11/26/2008,CRE,SC,ASO,ES,Federal Contract Tower,0,3,27,0,30,0,1,51,4,56,0,4,78,4,86,0,0,0,86
11/27/2008,CRE,SC,ASO,ES,Federal Contract Tower,0,1,12,0,13,0,0,17,0,17,0,1,29,0,30,0,0,0,30
11/28/2008,CRE,SC,ASO,ES,Federal Contract Tower,0,2,46,0,48,0,0,67,0,67,0,2,113,0,115,32,0,32,147
11/29/2008,CRE,SC,ASO,ES,Federal Contract Tower,0,0,18,0,18,0,0,0,0,0,0,0,18,0,18,0,0,0,18
11/30/2008,CRE,SC,ASO,ES,Federal Contract Tower,0,2,14,0,16,0,0,2,0,2,0,2,16,0,18,0,0,0,18
12/01/2008,CRE,SC,ASO,ES,Federal Contract Tower,0,2,21,0,23,0,12,1,0,13,0,14,22,0,36,0,0,0,36
12/02/2008,CRE,SC,ASO,ES,Federal Contract Tower,0,2,31,0,33,0,1,11,1,13,0,3,42,1,46,0,0,0,46
12/03/2008,CRE,SC,ASO,ES,Federal Contract Tower,0,0,28,4,32,0,6,19,0,25,0,6,47,4,57,10,0,10,67
12/04/2008,CRE,SC,ASO,ES,Federal Contract Tower,0,1,26,0,27,0,1,34,0,35,0,2,60,0,62,6,0,6,68
12/05/2008,CRE,SC,ASO,ES,Federal Contract Tower,0,2,35,0,37,0,0,25,0,25,0,2,60,0,62,4,0,4,66
12/06/2008,CRE,SC,ASO,ES,Federal Contract Tower,0,0,30,4,34,0,0,26,0,26,0,0,56,4,60,14,0,14,74
12/07/2008,CRE,SC,ASO,ES,Federal Contract Tower,0,0,27,0,27,0,0,34,1,35,0,0,61,1,62,10,0,10,72
12/08/2008,CRE,SC,ASO,ES,Federal Contract Tower,0,2,20,6,28,0,0,48,13,61,0,2,68,19,89,20,0,20,109
12/09/2008,CRE,SC,ASO,ES,Federal Contract Tower,0,2,16,2,20,0,0,43,7,50,0,2,59,9,70,18,0,18,88
12/10/2008,CRE,SC,ASO,ES,Federal Contract Tower,0,2,1,0,3,0,0,0,0,0,0,2,1,0,3,0,0,0,3
12/11/2008,CRE,SC,ASO,ES,Federal Contract Tower,0,2,5,0,7,0,0,0,0,0,0,2,5,0,7,0,0,0,7
12/12/2008,CRE,SC,ASO,ES,Federal Contract Tower,0,0,21,0,21,0,2,11,1,14,0,2,32,1,35,0,4,4,39
12/13/2008,CRE,SC,ASO,ES,Federal Contract Tower,0,0,9,0,9,0,0,39,0,39,0,0,48,0,48,12,0,12,60
12/14/2008,CRE,SC,ASO,ES,Federal Contract Tower,0,0,28,6,34,0,0,40,0,40,0,0,68,6,74,24,8,32,106
12/15/2008,CRE,SC,ASO,ES,Federal Contract Tower,0,2,31,2,35,0,0,43,0,43,0,2,74,2,78,10,0,10,88
12/16/2008,CRE,SC,ASO,ES,Federal Contract Tower,0,2,22,8,32,0,0,33,0,33,0,2,55,8,65,6,0,6,71
12/17/2008,CRE,SC,ASO,ES,Federal Contract Tower,0,2,7,2,11,0,0,0,0,0,0,2,7,2,11,0,0,0,11
12/18/2008,CRE,SC,ASO,ES,Federal Contract Tower,0,2,11,6,19,0,0,12,0,12,0,2,23,6,31,16,0,16,47
12/19/2008,CRE,SC,ASO,ES,Federal Contract Tower,0,5,21,3,29,0,0,13,3,16,0,5,34,6,45,2,0,2,47
12/20/2008,CRE,SC,ASO,ES,Federal Contract Tower,0,5,16,0,21,0,0,32,0,32,0,5,48,0,53,12,0,12,65
12/21/2008,CRE,SC,ASO,ES,Federal Contract Tower,0,0,13,0,13,0,0,0,0,0,0,0,13,0,13,0,0,0,13
12/22/2008,CRE,SC,ASO,ES,Federal Contract Tower,0,2,16,0,18,0,0,41,4,45,0,2,57,4,63,16,0,16,79
12/23/2008,CRE,SC,ASO,ES,Federal Contract Tower,0,2,27,2,31,0,0,43,0,43,0,2,70,2,74,28,0,28,102
12/24/2008,CRE,SC,ASO,ES,Federal Contract Tower,0,0,6,0,6,0,2,3,0,5,0,2,9,0,11,0,0,0,11
12/25/2008,CRE,SC,ASO,ES,Federal Contract Tower,0,0,9,0,9,0,0,3,0,3,0,0,12,0,12,0,0,0,12
12/26/2008,CRE,SC,ASO,ES,Federal Contract Tower,0,2,48,0,50,0,0,3,0,3,0,2,51,0,53,16,0,16,69
12/27/2008,CRE,SC,ASO,ES,Federal Contract Tower,0,0,13,0,13,0,0,1,0,1,0,0,14,0,14,0,0,0,14
12/28/2008,CRE,SC,ASO,ES,Federal Contract Tower,0,0,27,0,27,0,0,35,0,35,0,0,62,0,62,0,0,0,62
12/29/2008,CRE,SC,ASO,ES,Federal Contract Tower,0,2,32,0,34,0,0,17,0,17,0,2,49,0,51,0,0,0,51
12/30/2008,CRE,SC,ASO,ES,Federal Contract Tower,0,2,41,0,43,0,0,51,4,55,0,2,92,4,98,18,0,18,116
12/31/2008,CRE,SC,ASO,ES,Federal Contract Tower,0,2,10,0,12,0,0,15,0,15,0,2,25,0,27,0,0,0,27
01/01/2009,CRE,SC,ASO,ES,Federal Contract Tower,0,0,24,0,24,0,0,24,0,24,0,0,48,0,48,6,0,6,54
01/02/2009,CRE,SC,ASO,ES,Federal Contract Tower,0,2,19,0,21,0,0,7,0,7,0,2,26,0,28,0,0,0,28
01/03/2009,CRE,SC,ASO,ES,Federal Contract Tower,0,0,42,0,42,0,0,12,0,12,0,0,54,0,54,10,0,10,64
01/04/2009,CRE,SC,ASO,ES,Federal Contract Tower,0,2,12,0,14,0,0,0,0,0,0,2,12,0,14,0,0,0,14
01/05/2009,CRE,SC,ASO,ES,Federal Contract Tower,0,2,24,0,26,0,0,22,0,22,0,2,46,0,48,18,0,18,66
01/06/2009,CRE,SC,ASO,ES,Federal Contract Tower,0,2,14,0,16,0,0,7,2,9,0,2,21,2,25,14,0,14,39
01/07/2009,CRE,SC,ASO,ES,Federal Contract Tower,0,4,6,6,16,0,0,8,2,10,0,4,14,8,26,4,0,4,30
01/08/2009,CRE,SC,ASO,ES,Federal Contract Tower,0,2,19,2,23,0,0,15,1,16,0,2,34,3,39,2,0,2,41
01/09/2009,CRE,SC,ASO,ES,Federal Contract Tower,0,3,49,0,52,0,0,49,0,49,0,3,98,0,101,16,0,16,117
01/10/2009,CRE,SC,ASO,ES,Federal Contract Tower,0,0,23,3,26,0,0,40,0,40,0,0,63,3,66,10,0,10,76
01/11/2009,CRE,SC,ASO,ES,Federal Contract Tower,0,1,20,0,21,0,0,16,0,16,0,1,36,0,37,30,0,30,67
01/12/2009,CRE,SC,ASO,ES,Federal Contract Tower,0,4,40,4,48,0,0,40,1,41,0,4,80,5,89,0,10,10,99
01/13/2009,CRE,SC,ASO,ES,Federal Contract Tower,0,2,9,0,11,0,0,0,0,0,0,2,9,0,11,0,0,0,11
01/14/2009,CRE,SC,ASO,ES,Federal Contract Tower,0,4,23,8,35,0,2,25,1,28,0,6,48,9,63,24,16,40,103
01/15/2009,CRE,SC,ASO,ES,Federal Contract Tower,0,2,28,2,32,0,0,18,1,19,0,2,46,3,51,0,0,0,51
01/16/2009,CRE,SC,ASO,ES,Federal Contract Tower,0,2,16,0,18,0,0,45,0,45,0,2,61,0,63,2,0,2,65
01/17/2009,CRE,SC,ASO,ES,Federal Contract Tower,0,1,19,0,20,0,0,48,0,48,0,1,67,0,68,2,0,2,70
01/18/2009,CRE,SC,ASO,ES,Federal Contract Tower,0,0,15,0,15,0,0,22,0,22,0,0,37,0,37,0,0,0,37
01/19/2009,CRE,SC,ASO,ES,Federal Contract Tower,0,7,31,0,38,0,0,34,0,34,0,7,65,0,72,42,0,42,114
01/20/2009,CRE,SC,ASO,ES,Federal Contract Tower,0,4,0,0,4,0,0,0,0,0,0,4,0,0,4,0,0,0,4
01/21/2009,CRE,SC,ASO,ES,Federal Contract Tower,0,2,17,0,19,0,0,22,0,22,0,2,39,0,41,0,0,0,41
01/22/2009,CRE,SC,ASO,ES,Federal Contract Tower,0,3,18,0,21,0,0,56,8,64,0,3,74,8,85,12,0,12,97
01/23/2009,CRE,SC,ASO,ES,Federal Contract Tower,0,4,33,2,39,0,2,56,0,58,0,6,89,2,97,12,0,12,109
01/24/2009,CRE,SC,ASO,ES,Federal Contract Tower,0,1,23,0,24,0,0,9,0,9,0,1,32,0,33,0,0,0,33
01/25/2009,CRE,SC,ASO,ES,Federal Contract Tower,0,0,29,2,31,0,0,43,4,47,0,0,72,6,78,0,0,0,78
01/26/2009,CRE,SC,ASO,ES,Federal Contract Tower,0,8,38,0,46,0,0,1,0,1,0,8,39,0,47,0,0,0,47
01/27/2009,CRE,SC,ASO,ES,Federal Contract Tower,0,4,16,0,20,0,0,0,0,0,0,4,16,0,20,0,0,0,20
01/28/2009,CRE,SC,ASO,ES,Federal Contract Tower,0,2,10,0,12,0,0,1,0,1,0,2,11,0,13,0,0,0,13
01/29/2009,CRE,SC,ASO,ES,Federal Contract Tower,0,6,35,0,41,0,0,14,0,14,0,6,49,0,55,0,0,0,55
01/30/2009,CRE,SC,ASO,ES,Federal Contract Tower,0,3,15,8,26,0,2,32,3,37,0,5,47,11,63,0,0,0,63
01/31/2009,CRE,SC,ASO,ES,Federal Contract Tower,0,0,23,0,23,0,0,63,0,63,0,0,86,0,86,0,0,0,86
02/01/2009,CRE,SC,ASO,ES,Federal Contract Tower,0,0,15,0,15,0,0,72,0,72,0,0,87,0,87,0,0,0,87
02/02/2009,CRE,SC,ASO,ES,Federal Contract Tower,0,2,28,3,33,0,0,32,1,33,0,2,60,4,66,8,0,8,74
02/03/2009,CRE,SC,ASO,ES,Federal Contract Tower,0,2,13,0,15,0,0,13,0,13,0,2,26,0,28,0,0,0,28
02/04/2009,CRE,SC,ASO,ES,Federal Contract Tower,0,1,6,0,7,0,1,12,0,13,0,2,18,0,20,0,0,0,20
02/05/2009,CRE,SC,ASO,ES,Federal Contract Tower,0,1,44,0,45,0,1,53,0,54,0,2,97,0,99,6,0,6,105
02/06/2009,CRE,SC,ASO,ES,Federal Contract Tower,0,1,38,0,39,0,1,56,0,57,0,2,94,0,96,2,0,2,98
02/07/2009,CRE,SC,ASO,ES,Federal Contract Tower,0,0,42,2,44,0,0,85,8,93,0,0,127,10,137,6,0,6,143
02/08/2009,CRE,SC,ASO,ES,Federal Contract Tower,0,1,19,0,20,0,0,124,0,124,0,1,143,0,144,14,0,14,158
02/09/2009,CRE,SC,ASO,ES,Federal Contract Tower,0,2,22,2,26,0,0,35,0,35,0,2,57,2,61,8,0,8,69
02/10/2009,CRE,SC,ASO,ES,Federal Contract Tower,0,6,28,4,38,0,0,39,0,39,0,6,67,4,77,14,0,14,91
02/11/2009,CRE,SC,ASO,ES,Federal Contract Tower,0,3,36,1,40,0,0,33,1,34,0,3,69,2,74,0,0,0,74
02/12/2009,CRE,SC,ASO,ES,Federal Contract Tower,0,4,27,0,31,0,0,57,1,58,0,4,84,1,89,2,0,2,91
02/13/2009,CRE,SC,ASO,ES,Federal Contract Tower,0,2,40,0,42,0,0,60,0,60,0,2,100,0,102,14,0,14,116
02/14/2009,CRE,SC,ASO,ES,Federal Contract Tower,0,0,26,0,26,0,0,34,0,34,0,0,60,0,60,0,0,0,60
02/15/2009,CRE,SC,ASO,ES,Federal Contract Tower,0,0,17,0,17,0,0,65,0,65,0,0,82,0,82,0,0,0,82
02/16/2009,CRE,SC,ASO,ES,Federal Contract Tower,0,2,33,0,35,0,0,47,0,47,0,2,80,0,82,0,0,0,82
02/17/2009,CRE,SC,ASO,ES,Federal Contract Tower,0,2,21,4,27,0,0,45,4,49,0,2,66,8,76,8,0,8,84
02/18/2009,CRE,SC,ASO,ES,Federal Contract Tower,0,2,7,2,11,0,0,1,0,1,0,2,8,2,12,0,0,0,12
02/19/2009,CRE,SC,ASO,ES,Federal Contract Tower,0,1,12,2,15,0,1,50,3,54,0,2,62,5,69,0,4,4,73
02/20/2009,CRE,SC,ASO,ES,Federal Contract Tower,0,3,30,0,33,0,1,56,0,57,0,4,86,0,90,6,0,6,96
02/21/2009,CRE,SC,ASO,ES,Federal Contract Tower,0,0,28,2,30,0,0,85,0,85,0,0,113,2,115,32,0,32,147
02/22/2009,CRE,SC,ASO,ES,Federal Contract Tower,0,0,25,4,29,0,0,50,0,50,0,0,75,4,79,4,0,4,83
02/23/2009,CRE,SC,ASO,ES,Federal Contract Tower,0,4,36,2,42,0,0,69,0,69,0,4,105,2,111,16,0,16,127
02/24/2009,CRE,SC,ASO,ES,Federal Contract Tower,0,2,28,3,33,0,0,67,1,68,0,2,95,4,101,34,0,34,135
02/25/2009,CRE,SC,ASO,ES,Federal Contract Tower,0,0,32,2,34,0,3,69,6,78,0,3,101,8,112,38,4,42,154
02/26/2009,CRE,SC,ASO,ES,Federal Contract Tower,0,2,34,2,38,0,0,56,2,58,0,2,90,4,96,28,14,42,138
02/27/2009,CRE,SC,ASO,ES,Federal Contract Tower,0,1,30,0,31,0,2,65,0,67,0,3,95,0,98,8,0,8,106
02/28/2009,CRE,SC,ASO,ES,Federal Contract Tower,0,0,7,6,13,0,0,0,0,0,0,0,7,6,13,0,0,0,13
03/01/2009,CRE,SC,ASO,ES,Federal Contract Tower,0,0,1,0,1,0,0,2,0,2,0,0,3,0,3,0,0,0,3
03/02/2009,CRE,SC,ASO,ES,Federal Contract Tower,0,3,12,0,15,0,0,9,3,12,0,3,21,3,27,2,0,2,29
03/03/2009,CRE,SC,ASO,ES,Federal Contract Tower,0,2,14,0,16,0,4,28,0,32,0,6,42,0,48,0,0,0,48
03/04/2009,CRE,SC,ASO,ES,Federal Contract Tower,0,2,24,0,26,0,2,37,0,39,0,4,61,0,65,0,4,4,69
03/05/2009,CRE,SC,ASO,ES,Federal Contract Tower,0,0,19,10,29,0,2,52,0,54,0,2,71,10,83,34,12,46,129
03/06/2009,CRE,SC,ASO,ES,Federal Contract Tower,0,2,27,2,31,0,2,65,2,69,0,4,92,4,100,72,0,72,172
03/07/2009,CRE,SC,ASO,ES,Federal Contract Tower,0,0,18,2,20,0,0,62,6,68,0,0,80,8,88,82,0,82,170
03/08/2009,CRE,SC,ASO,ES,Federal Contract Tower,0,4,29,0,33,0,0,82,4,86,0,4,111,4,119,20,0,20,139
03/09/2009,CRE,SC,ASO,ES,Federal Contract Tower,0,2,24,3,29,0,0,53,1,54,0,2,77,4,83,22,0,22,105
03/10/2009,CRE,SC,ASO,ES,Federal Contract Tower,0,8,16,0,24,0,0,47,0,47,0,8,63,0,71,74,0,74,145
03/11/2009,CRE,SC,ASO,ES,Federal Contract Tower,0,3,20,2,25,0,2,40,0,42,0,5,60,2,67,96,0,96,163
03/12/2009,CRE,SC,ASO,ES,Federal Contract Tower,0,4,17,5,26,0,0,51,3,54,0,4,68,8,80,16,0,16,96
03/13/2009,CRE,SC,ASO,ES,Federal Contract Tower,0,2,15,0,17,0,0,5,0,5,0,2,20,0,22,0,0,0,22
03/14/2009,CRE,SC,ASO,ES,Federal Contract Tower,0,1,2,0,3,0,2,8,0,10,0,3,10,0,13,30,0,30,43
03/15/2009,CRE,SC,ASO,ES,Federal Contract Tower,0,0,20,0,20,0,0,0,0,0,0,0,20,0,20,0,0,0,20
03/16/2009,CRE,SC,ASO,ES,Federal Contract Tower,0,2,8,4,14,0,0,0,0,0,0,2,8,4,14,0,0,0,14
03/17/2009,CRE,SC,ASO,ES,Federal Contract Tower,0,2,17,0,19,0,0,9,0,9,0,2,26,0,28,0,0,0,28
03/18/2009,CRE,SC,ASO,ES,Federal Contract Tower,0,2,23,1,26,0,0,67,3,70,0,2,90,4,96,84,0,84,180
03/19/2009,CRE,SC,ASO,ES,Federal Contract Tower,0,6,12,4,22,0,2,54,4,60,0,8,66,8,82,74,6,80,162
03/20/2009,CRE,SC,ASO,ES,Federal Contract Tower,0,3,33,0,36,0,1,56,0,57,0,4,89,0,93,0,0,0,93
03/21/2009,CRE,SC,ASO,ES,Federal Contract Tower,0,2,33,0,35,0,0,50,0,50,0,2,83,0,85,84,0,84,169
03/22/2009,CRE,SC,ASO,ES,Federal Contract Tower,0,0,33,0,33,0,0,93,0,93,0,0,126,0,126,70,0,70,196
03/23/2009,CRE,SC,ASO,ES,Federal Contract Tower,0,3,21,0,24,0,0,49,10,59,0,3,70,10,83,90,0,90,173
03/24/2009,CRE,SC,ASO,ES,Federal Contract Tower,0,2,44,0,46,0,0,58,0,58,0,2,102,0,104,6,0,6,110
03/25/2009,CRE,SC,ASO,ES,Federal Contract Tower,0,4,28,4,36,0,0,22,2,24,0,4,50,6,60,42,0,42,102
03/26/2009,CRE,SC,ASO,ES,Federal Contract Tower,0,2,19,0,21,0,0,0,0,0,0,2,19,0,21,0,0,0,21
03/27/2009,CRE,SC,ASO,ES,Federal Contract Tower,0,2,37,0,39,0,0,36,0,36,0,2,73,0,75,92,0,92,167
03/28/2009,CRE,SC,ASO,ES,Federal Contract Tower,0,0,6,0,6,0,0,12,0,12,0,0,18,0,18,26,0,26,44
03/29/2009,CRE,SC,ASO,ES,Federal Contract Tower,0,0,17,0,17,0,0,17,3,20,0,0,34,3,37,0,0,0,37
03/30/2009,CRE,SC,ASO,ES,Federal Contract Tower,0,2,36,0,38,0,0,66,8,74,0,2,102,8,112,40,0,40,152
03/31/2009,CRE,SC,ASO,ES,Federal Contract Tower,0,2,19,0,21,0,0,69,0,69,0,2,88,0,90,124,0,124,214
04/01/2009,CRE,SC,ASO,ES,Federal Contract Tower,0,5,10,0,15,0,0,0,0,0,0,5,10,0,15,0,0,0,15
04/02/2009,CRE,SC,ASO,ES,Federal Contract Tower,0,2,22,0,24,0,0,0,0,0,0,2,22,0,24,0,0,0,24
04/03/2009,CRE,SC,ASO,ES,Federal Contract Tower,0,8,30,0,38,0,1,38,2,41,0,9,68,2,79,6,0,6,85
04/04/2009,CRE,SC,ASO,ES,Federal Contract Tower,0,0,51,2,53,0,0,96,0,96,0,0,147,2,149,112,0,112,261
04/05/2009,CRE,SC,ASO,ES,Federal Contract Tower,0,0,41,0,41,0,0,77,0,77,0,0,118,0,118,98,0,98,216
04/06/2009,CRE,SC,ASO,ES,Federal Contract Tower,0,4,11,0,15,0,0,5,0,5,0,4,16,0,20,0,0,0,20
04/07/2009,CRE,SC,ASO,ES,Federal Contract Tower,0,3,15,4,22,0,0,15,4,19,0,3,30,8,41,0,0,0,41
04/08/2009,CRE,SC,ASO,ES,Federal Contract Tower,0,2,45,12,59,0,0,51,20,71,0,2,96,32,130,80,0,80,210
04/09/2009,CRE,SC,ASO,ES,Federal Contract Tower,0,2,30,4,36,0,2,107,0,109,0,4,137,4,145,60,0,60,205
04/10/2009,CRE,SC,ASO,ES,Federal Contract Tower,0,0,28,0,28,0,2,68,0,70,0,2,96,0,98,108,0,108,206
04/11/2009,CRE,SC,ASO,ES,Federal Contract Tower,0,3,21,0,24,0,0,42,0,42,0,3,63,0,66,59,0,59,125
04/12/2009,CRE,SC,ASO,ES,Federal Contract Tower,0,3,28,0,31,0,0,79,0,79,0,3,107,0,110,56,0,56,166
04/13/2009,CRE,SC,ASO,ES,Federal Contract Tower,0,7,35,0,42,0,0,46,0,46,0,7,81,0,88,46,0,46,134
04/14/2009,CRE,SC,ASO,ES,Federal Contract Tower,0,10,14,2,26,0,0,60,0,60,0,10,74,2,86,0,0,0,86
04/15/2009,CRE,SC,ASO,ES,Federal Contract Tower,0,6,39,0,45,0,0,37,0,37,0,6,76,0,82,10,0,10,92
04/16/2009,CRE,SC,ASO,ES,Federal Contract Tower,0,0,40,2,42,0,4,43,0,47,0,4,83,2,89,84,0,84,173
04/17/2009,CRE,SC,ASO,ES,Federal Contract Tower,0,1,39,2,42,0,1,84,2,87,0,2,123,4,129,60,2,62,191
04/18/2009,CRE,SC,ASO,ES,Federal Contract Tower,0,0,47,0,47,0,0,105,1,106,0,0,152,1,153,152,0,152,305
04/19/2009,CRE,SC,ASO,ES,Federal Contract Tower,0,6,51,0,57,0,0,51,0,51,0,6,102,0,108,40,0,40,148
04/20/2009,CRE,SC,ASO,ES,Federal Contract Tower,0,2,14,0,16,0,0,5,0,5,0,2,19,0,21,0,0,0,21
04/21/2009,CRE,SC,ASO,ES,Federal Contract Tower,0,4,31,2,37,0,0,50,0,50,0,4,81,2,87,132,0,132,219
04/22/2009,CRE,SC,ASO,ES,Federal Contract Tower,0,5,35,2,42,0,0,27,0,27,0,5,62,2,69,0,0,0,69
04/23/2009,CRE,SC,ASO,ES,Federal Contract Tower,0,2,42,0,44,0,1,55,7,63,0,3,97,7,107,6,0,6,113
04/24/2009,CRE,SC,ASO,ES,Federal Contract Tower,0,1,46,0,47,0,4,79,4,87,0,5,125,4,134,120,0,120,254
04/25/2009,CRE,SC,ASO,ES,Federal Contract Tower,0,0,27,0,27,0,0,86,11,97,0,0,113,11,124,134,0,134,258
04/26/2009,CRE,SC,ASO,ES,Federal Contract Tower,0,0,45,0,45,0,0,108,10,118,0,0,153,10,163,192,0,192,355
04/27/2009,CRE,SC,ASO,ES,Federal Contract Tower,0,2,20,0,22,0,0,64,9,73,0,2,84,9,95,176,0,176,271
04/28/2009,CRE,SC,ASO,ES,Federal Contract Tower,0,4,19,1,24,0,0,85,1,86,0,4,104,2,110,158,0,158,268
04/29/2009,CRE,SC,ASO,ES,Federal Contract Tower,0,7,21,0,28,0,2,57,2,61,0,9,78,2,89,30,0,30,119
04/30/2009,CRE,SC,ASO,ES,Federal Contract Tower,0,0,27,0,27,0,2,41,0,43,0,2,68,0,70,6,0,6,76
05/01/2009,CRE,SC,ASO,ES,Federal Contract Tower,0,4,31,2,37,0,2,80,2,84,0,6,111,4,121,42,12,54,175
05/02/2009,CRE,SC,ASO,ES,Federal Contract Tower,0,2,15,0,17,0,0,44,4,48,0,2,59,4,65,42,0,42,107
05/03/2009,CRE,SC,ASO,ES,Federal Contract Tower,0,2,21,0,23,0,0,55,2,57,0,2,76,2,80,26,0,26,106
05/04/2009,CRE,SC,ASO,ES,Federal Contract Tower,0,6,24,0,30,0,0,43,0,43,0,6,67,0,73,52,0,52,125
05/05/2009,CRE,SC,ASO,ES,Federal Contract Tower,0,4,23,0,27,0,0,19,0,19,0,4,42,0,46,30,0,30,76
05/06/2009,CRE,SC,ASO,ES,Federal Contract Tower,0,4,25,0,29,0,0,35,0,35,0,4,60,0,64,76,0,76,140
05/07/2009,CRE,SC,ASO,ES,Federal Contract Tower,0,2,23,0,25,0,0,39,0,39,0,2,62,0,64,44,0,44,108
05/08/2009,CRE,SC,ASO,ES,Federal Contract Tower,0,4,26,2,32,0,2,56,14,72,0,6,82,16,104,24,0,24,128
05/09/2009,CRE,SC,ASO,ES,Federal Contract Tower,0,5,17,0,22,0,0,30,0,30,0,5,47,0,52,40,0,40,92
05/10/2009,CRE,SC,ASO,ES,Federal Contract Tower,0,0,39,2,41,0,0,60,2,62,0,0,99,4,103,36,0,36,139
05/11/2009,CRE,SC,ASO,ES,Federal Contract Tower,0,4,22,0,26,0,0,5,2,7,0,4,27,2,33,8,0,8,41
05/12/2009,CRE,SC,ASO,ES,Federal Contract Tower,0,3,31,0,34,0,0,71,0,71,0,3,102,0,105,88,0,88,193
05/13/2009,CRE,SC,ASO,ES,Federal Contract Tower,0,3,35,2,40,0,0,28,4,32,0,3,63,6,72,20,0,20,92
05/14/2009,CRE,SC,ASO,ES,Federal Contract Tower,0,5,35,0,40,0,0,12,9,21,0,5,47,9,61,0,2,2,63
05/15/2009,CRE,SC,ASO,ES,Federal Contract Tower,0,0,20,1,21,0,2,31,10,43,0,2,51,11,64,22,4,26,90
05/16/2009,CRE,SC,ASO,ES,Federal Contract Tower,0,0,17,0,17,0,0,41,1,42,0,0,58,1,59,90,0,90,149
05/17/2009,CRE,SC,ASO,ES,Federal Contract Tower,0,0,30,0,30,0,0,22,9,31,0,0,52,9,61,16,22,38,99
05/18/2009,CRE,SC,ASO,ES,Federal Contract Tower,0,2,17,0,19,0,0,8,14,22,0,2,25,14,41,0,0,0,41
05/19/2009,CRE,SC,ASO,ES,Federal Contract Tower,0,2,19,0,21,0,0,18,1,19,0,2,37,1,40,6,0,6,46
05/20/2009,CRE,SC,ASO,ES,Federal Contract Tower,0,4,34,1,39,0,1,34,19,54,0,5,68,20,93,50,10,60,153
05/21/2009,CRE,SC,ASO,ES,Federal Contract Tower,0,1,21,0,22,0,5,33,8,46,0,6,54,8,68,24,0,24,92
05/22/2009,CRE,SC,ASO,ES,Federal Contract Tower,0,3,46,2,51,0,1,52,8,61,0,4,98,10,112,66,2,68,180
05/23/2009,CRE,SC,ASO,ES,Federal Contract Tower,0,0,22,0,22,0,0,68,6,74,0,0,90,6,96,120,0,120,216
05/24/2009,CRE,SC,ASO,ES,Federal Contract Tower,0,0,14,0,14,0,0,39,0,39,0,0,53,0,53,169,0,169,222
05/25/2009,CRE,SC,ASO,ES,Federal Contract Tower,0,0,46,0,46,0,0,44,0,44,0,0,90,0,90,68,0,68,158
05/26/2009,CRE,SC,ASO,ES,Federal Contract Tower,0,2,17,0,19,0,0,30,0,30,0,2,47,0,49,54,0,54,103
05/27/2009,CRE,SC,ASO,ES,Federal Contract Tower,0,2,17,2,21,0,0,58,4,62,0,2,75,6,83,110,0,110,193
05/28/2009,CRE,SC,ASO,ES,Federal Contract Tower,0,2,27,2,31,0,0,46,3,49,0,2,73,5,80,140,0,140,220
05/29/2009,CRE,SC,ASO,ES,Federal Contract Tower,0,5,19,0,24,0,0,28,0,28,0,5,47,0,52,26,0,26,78
05/30/2009,CRE,SC,ASO,ES,Federal Contract Tower,0,0,34,2,36,0,2,62,2,66,0,2,96,4,102,88,0,88,190
05/31/2009,CRE,SC,ASO,ES,Federal Contract Tower,0,0,37,0,37,0,0,72,0,72,0,0,109,0,109,62,0,62,171
06/01/2009,CRE,SC,ASO,ES,Federal Contract Tower,0,3,22,5,30,0,0,63,0,63,0,3,85,5,93,80,4,84,177
06/02/2009,CRE,SC,ASO,ES,Federal Contract Tower,0,2,29,1,32,0,0,60,0,60,0,2,89,1,92,84,0,84,176
06/03/2009,CRE,SC,ASO,ES,Federal Contract Tower,0,4,23,4,31,0,0,89,4,93,0,4,112,8,124,108,0,108,232
06/04/2009,CRE,SC,ASO,ES,Federal Contract Tower,0,2,17,0,19,0,10,51,0,61,0,12,68,0,80,66,0,66,146
06/05/2009,CRE,SC,ASO,ES,Federal Contract Tower,0,4,17,0,21,0,0,69,4,73,0,4,86,4,94,104,0,104,198
06/06/2009,CRE,SC,ASO,ES,Federal Contract Tower,0,1,29,0,30,0,0,13,2,15,0,1,42,2,45,8,0,8,53
06/07/2009,CRE,SC,ASO,ES,Federal Contract Tower,0,1,33,0,34,0,0,77,0,77,0,1,110,0,111,110,0,110,221
06/08/2009,CRE,SC,ASO,ES,Federal Contract Tower,0,2,37,0,39,0,4,55,8,67,0,6,92,8,106,66,0,66,172
06/09/2009,CRE,SC,ASO,ES,Federal Contract Tower,0,3,22,6,31,0,5,66,0,71,0,8,88,6,102,114,0,114,216
06/10/2009,CRE,SC,ASO,ES,Federal Contract Tower,0,7,30,0,37,0,1,69,0,70,0,8,99,0,107,92,0,92,199
06/11/2009,CRE,SC,ASO,ES,Federal Contract Tower,0,6,41,2,49,0,0,90,0,90,0,6,131,2,139,106,0,106,245
06/12/2009,CRE,SC,ASO,ES,Federal Contract Tower,0,2,34,2,38,0,11,74,0,85,0,13,108,2,123,106,0,106,229
06/13/2009,CRE,SC,ASO,ES,Federal Contract Tower,0,0,23,0,23,0,13,65,1,79,0,13,88,1,102,100,0,100,202
06/14/2009,CRE,SC,ASO,ES,Federal Contract Tower,0,0,39,0,39,0,0,50,0,50,0,0,89,0,89,104,0,104,193
06/15/2009,CRE,SC,ASO,ES,Federal Contract Tower,0,2,22,0,24,0,0,75,0,75,0,2,97,0,99,130,0,130,229
06/16/2009,CRE,SC,ASO,ES,Federal Contract Tower,0,2,28,2,32,0,0,73,4,77,0,2,101,6,109,92,0,92,201
06/17/2009,CRE,SC,ASO,ES,Federal Contract Tower,0,3,23,2,28,0,29,59,0,88,0,32,82,2,116,106,0,106,222
06/18/2009,CRE,SC,ASO,ES,Federal Contract Tower,0,1,36,0,37,0,20,59,2,81,0,21,95,2,118,100,0,100,218
06/19/2009,CRE,SC,ASO,ES,Federal Contract Tower,0,5,44,0,49,0,13,93,4,110,0,18,137,4,159,108,0,108,267
06/20/2009,CRE,SC,ASO,ES,Federal Contract Tower,0,0,35,0,35,0,9,65,2,76,0,9,100,2,111,140,0,140,251
06/21/2009,CRE,SC,ASO,ES,Federal Contract Tower,0,0,40,0,40,0,0,77,0,77,0,0,117,0,117,144,0,144,261
06/22/2009,CRE,SC,ASO,ES,Federal Contract Tower,0,4,40,4,48,0,0,68,0,68,0,4,108,4,116,88,0,88,204
06/23/2009,CRE,SC,ASO,ES,Federal Contract Tower,0,4,28,4,36,0,0,103,0,103,0,4,131,4,139,118,0,118,257
06/24/2009,CRE,SC,ASO,ES,Federal Contract Tower,0,0,31,2,33,0,13,88,0,101,0,13,119,2,134,118,0,118,252
06/25/2009,CRE,SC,ASO,ES,Federal Contract Tower,0,2,34,4,40,0,6,86,0,92,0,8,120,4,132,104,2,106,238
06/26/2009,CRE,SC,ASO,ES,Federal Contract Tower,0,4,27,0,31,0,5,54,0,59,0,9,81,0,90,108,0,108,198
06/27/2009,CRE,SC,ASO,ES,Federal Contract Tower,0,5,26,0,31,0,8,78,0,86,0,13,104,0,117,106,0,106,223
06/28/2009,CRE,SC,ASO,ES,Federal Contract Tower,0,1,20,3,24,0,24,102,0,126,0,25,122,3,150,118,0,118,268
06/29/2009,CRE,SC,ASO,ES,Federal Contract Tower,0,4,26,6,36,0,6,91,0,97,0,10,117,6,133,158,6,164,297
06/30/2009,CRE,SC,ASO,ES,Federal Contract Tower,0,2,17,0,19,0,4,80,2,86,0,6,97,2,105,130,0,130,235
07/01/2009,CRE,SC,ASO,ES,Federal Contract Tower,0,1,19,0,20,0,3,71,0,74,0,4,90,0,94,88,0,88,182
07/02/2009,CRE,SC,ASO,ES,Federal Contract Tower,0,5,40,0,45,0,10,94,0,104,0,15,134,0,149,92,30,122,271
07/03/2009,CRE,SC,ASO,ES,Federal Contract Tower,0,2,37,0,39,0,11,104,0,115,0,13,141,0,154,144,0,144,298
07/04/2009,CRE,SC,ASO,ES,Federal Contract Tower,0,0,19,0,19,0,11,87,0,98,0,11,106,0,117,146,0,146,263
07/05/2009,CRE,SC,ASO,ES,Federal Contract Tower,0,2,56,0,58,0,13,91,0,104,0,15,147,0,162,124,0,124,286
07/06/2009,CRE,SC,ASO,ES,Federal Contract Tower,0,6,28,0,34,0,10,74,0,84,0,16,102,0,118,90,0,90,208
07/07/2009,CRE,SC,ASO,ES,Federal Contract Tower,0,3,21,1,25,0,12,64,0,76,0,15,85,1,101,86,0,86,187
07/08/2009,CRE,SC,ASO,ES,Federal Contract Tower,0,5,8,0,13,0,20,72,0,92,0,25,80,0,105,102,0,102,207
07/09/2009,CRE,SC,ASO,ES,Federal Contract Tower,0,7,23,0,30,0,0,29,0,29,0,7,52,0,59,34,0,34,93
07/10/2009,CRE,SC,ASO,ES,Federal Contract Tower,0,0,39,0,39,0,10,73,0,83,0,10,112,0,122,110,0,110,232
07/11/2009,CRE,SC,ASO,ES,Federal Contract Tower,0,0,28,0,28,0,10,76,0,86,0,10,104,0,114,142,0,142,256
07/12/2009,CRE,SC,ASO,ES,Federal Contract Tower,0,4,33,0,37,0,8,74,0,82,0,12,107,0,119,142,0,142,261
07/13/2009,CRE,SC,ASO,ES,Federal Contract Tower,0,2,37,0,39,0,0,66,0,66,0,2,103,0,105,76,0,76,181
07/14/2009,CRE,SC,ASO,ES,Federal Contract Tower,0,5,34,11,50,0,4,80,0,84,0,9,114,11,134,102,0,102,236
07/15/2009,CRE,SC,ASO,ES,Federal Contract Tower,0,5,40,4,49,0,8,95,0,103,0,13,135,4,152,112,0,112,264
07/16/2009,CRE,SC,ASO,ES,Federal Contract Tower,0,4,26,0,30,0,12,49,0,61,0,16,75,0,91,90,0,90,181
07/17/2009,CRE,SC,ASO,ES,Federal Contract Tower,0,4,26,0,30,0,19,55,0,74,0,23,81,0,104,88,0,88,192
07/18/2009,CRE,SC,ASO,ES,Federal Contract Tower,0,0,35,0,35,0,8,51,0,59,0,8,86,0,94,104,0,104,198
07/19/2009,CRE,SC,ASO,ES,Federal Contract Tower,0,0,33,0,33,0,0,110,0,110,0,0,143,0,143,128,0,128,271
07/20/2009,CRE,SC,ASO,ES,Federal Contract Tower,0,4,23,0,27,0,0,59,2,61,0,4,82,2,88,64,0,64,152
07/21/2009,CRE,SC,ASO,ES,Federal Contract Tower,0,3,33,2,38,0,14,104,0,118,0,17,137,2,156,136,0,136,292
07/22/2009,CRE,SC,ASO,ES,Federal Contract Tower,0,8,36,1,45,0,12,98,0,110,0,20,134,1,155,126,0,126,281
07/23/2009,CRE,SC,ASO,ES,Federal Contract Tower,0,7,37,0,44,0,8,81,0,89,0,15,118,0,133,110,0,110,243
07/24/2009,CRE,SC,ASO,ES,Federal Contract Tower,0,3,31,0,34,0,4,55,0,59,0,7,86,0,93,66,0,66,159
07/25/2009,CRE,SC,ASO,ES,Federal Contract Tower,0,1,36,0,37,0,4,63,0,67,0,5,99,0,104,118,0,118,222
07/26/2009,CRE,SC,ASO,ES,Federal Contract Tower,0,0,39,0,39,0,4,69,0,73,0,4,108,0,112,114,0,114,226
07/27/2009,CRE,SC,ASO,ES,Federal Contract Tower,0,4,24,0,28,0,2,61,0,63,0,6,85,0,91,82,0,82,173
07/28/2009,CRE,SC,ASO,ES,Federal Contract Tower,0,2,13,0,15,0,12,57,0,69,0,14,70,0,84,76,0,76,160
07/29/2009,CRE,SC,ASO,ES,Federal Contract Tower,0,2,25,0,27,0,4,38,0,42,0,6,63,0,69,82,0,82,151
07/30/2009,CRE,SC,ASO,ES,Federal Contract Tower,0,4,25,6,35,0,10,60,0,70,0,14,85,6,105,116,0,116,221
07/31/2009,CRE,SC,ASO,ES,Federal Contract Tower,0,2,42,2,46,0,13,50,0,63,0,15,92,2,109,84,4,88,197
08/01/2009,CRE,SC,ASO,ES,Federal Contract Tower,0,0,29,0,29,0,16,53,0,69,0,16,82,0,98,118,0,118,216
08/02/2009,CRE,SC,ASO,ES,Federal Contract Tower,0,2,22,0,24,0,4,37,0,41,0,6,59,0,65,74,0,74,139
08/03/2009,CRE,SC,ASO,ES,Federal Contract Tower,0,2,31,4,37,0,0,44,0,44,0,2,75,4,81,48,0,48,129
08/04/2009,CRE,SC,ASO,ES,Federal Contract Tower,0,4,27,0,31,0,8,82,0,90,0,12,109,0,121,72,0,72,193
08/05/2009,CRE,SC,ASO,ES,Federal Contract Tower,0,3,32,0,35,0,6,68,2,76,0,9,100,2,111,72,0,72,183
08/06/2009,CRE,SC,ASO,ES,Federal Contract Tower,0,1,34,1,36,0,26,81,0,107,0,27,115,1,143,116,0,116,259
08/07/2009,CRE,SC,ASO,ES,Federal Contract Tower,0,8,40,0,48,0,25,96,0,121,0,33,136,0,169,138,0,138,307
08/08/2009,CRE,SC,ASO,ES,Federal Contract Tower,0,3,22,0,25,0,20,83,0,103,0,23,105,0,128,124,0,124,252
08/09/2009,CRE,SC,ASO,ES,Federal Contract Tower,0,0,46,0,46,0,8,83,0,91,0,8,129,0,137,126,0,126,263
08/10/2009,CRE,SC,ASO,ES,Federal Contract Tower,0,2,18,3,23,0,13,91,1,105,0,15,109,4,128,122,0,122,250
08/11/2009,CRE,SC,ASO,ES,Federal Contract Tower,0,5,17,0,22,0,16,65,0,81,0,21,82,0,103,72,0,72,175
08/12/2009,CRE,SC,ASO,ES,Federal Contract Tower,0,4,32,0,36,0,10,49,0,59,0,14,81,0,95,82,0,82,177
08/13/2009,CRE,SC,ASO,ES,Federal Contract Tower,0,3,24,1,28,0,10,31,0,41,0,13,55,1,69,44,0,44,113
08/14/2009,CRE,SC,ASO,ES,Federal Contract Tower,0,3,30,0,33,0,3,41,0,44,0,6,71,0,77,64,0,64,141
08/15/2009,CRE,SC,ASO,ES,Federal Contract Tower,0,0,15,0,15,0,2,66,0,68,0,2,81,0,83,114,0,114,197
08/16/2009,CRE,SC,ASO,ES,Federal Contract Tower,0,2,42,0,44,0,2,84,0,86,0,4,126,0,130,109,0,109,239
08/17/2009,CRE,SC,ASO,ES,Federal Contract Tower,0,4,19,2,25,0,10,65,0,75,0,14,84,2,100,86,0,86,186
08/18/2009,CRE,SC,ASO,ES,Federal Contract Tower,0,2,12,8,22,0,4,62,0,66,0,6,74,8,88,88,8,96,184
08/19/2009,CRE,SC,ASO,ES,Federal Contract Tower,0,2,25,2,29,0,15,59,1,75,0,17,84,3,104,130,3,133,237
08/20/2009,CRE,SC,ASO,ES,Federal Contract Tower,0,1,26,2,29,0,14,54,0,68,0,15,80,2,97,96,0,96,193
08/21/2009,CRE,SC,ASO,ES,Federal Contract Tower,0,2,22,0,24,0,13,60,4,77,0,15,82,4,101,104,0,104,205
08/22/2009,CRE,SC,ASO,ES,Federal Contract Tower,0,1,17,0,18,0,2,44,0,46,0,3,61,0,64,94,0,94,158
08/23/2009,CRE,SC,ASO,ES,Federal Contract Tower,0,2,32,0,34,0,2,70,0,72,0,4,102,0,106,116,0,116,222
08/24/2009,CRE,SC,ASO,ES,Federal Contract Tower,0,5,19,8,32,0,0,77,0,77,0,5,96,8,109,138,0,138,247
08/25/2009,CRE,SC,ASO,ES,Federal Contract Tower,0,5,19,2,26,0,6,81,2,89,0,11,100,4,115,88,0,88,203
08/26/2009,CRE,SC,ASO,ES,Federal Contract Tower,0,0,23,6,29,0,6,85,0,91,0,6,108,6,120,116,0,116,236
08/27/2009,CRE,SC,ASO,ES,Federal Contract Tower,0,0,38,2,40,0,11,42,2,55,0,11,80,4,95,108,0,108,203
08/28/2009,CRE,SC,ASO,ES,Federal Contract Tower,0,3,18,4,25,0,4,33,0,37,0,7,51,4,62,42,0,42,104
08/29/2009,CRE,SC,ASO,ES,Federal Contract Tower,0,1,18,0,19,0,2,60,0,62,0,3,78,0,81,92,0,92,173
08/30/2009,CRE,SC,ASO,ES,Federal Contract Tower,0,0,31,0,31,0,2,72,0,74,0,2,103,0,105,88,0,88,193
08/31/2009,CRE,SC,ASO,ES,Federal Contract Tower,0,0,16,3,19,0,2,4,0,6,0,2,20,3,25,0,0,0,25
09/01/2009,CRE,SC,ASO,ES,Federal Contract Tower,0,2,17,0,19,0,0,44,0,44,0,2,61,0,63,54,0,54,117
09/02/2009,CRE,SC,ASO,ES,Federal Contract Tower,0,2,33,3,38,0,10,49,1,60,0,12,82,4,98,68,0,68,166
09/03/2009,CRE,SC,ASO,ES,Federal Contract Tower,0,1,15,3,19,0,1,55,0,56,0,2,70,3,75,76,2,78,153
09/04/2009,CRE,SC,ASO,ES,Federal Contract Tower,0,3,73,0,76,0,9,70,0,79,0,12,143,0,155,110,0,110,265
09/05/2009,CRE,SC,ASO,ES,Federal Contract Tower,0,2,39,0,41,0,8,73,0,81,0,10,112,0,122,124,0,124,246
09/06/2009,CRE,SC,ASO,ES,Federal Contract Tower,0,4,32,0,36,0,8,82,0,90,0,12,114,0,126,80,0,80,206
09/07/2009,CRE,SC,ASO,ES,Federal Contract Tower,0,3,45,0,48,0,2,17,0,19,0,5,62,0,67,0,0,0,67
09/08/2009,CRE,SC,ASO,ES,Federal Contract Tower,0,2,27,0,29,0,2,26,0,28,0,4,53,0,57,28,0,28,85
09/09/2009,CRE,SC,ASO,ES,Federal Contract Tower,0,2,26,18,46,0,2,28,0,30,0,4,54,18,76,8,0,8,84
09/10/2009,CRE,SC,ASO,ES,Federal Contract Tower,0,2,19,4,25,0,6,26,2,34,0,8,45,6,59,44,0,44,103
09/11/2009,CRE,SC,ASO,ES,Federal Contract Tower,0,4,24,0,28,0,15,30,0,45,0,19,54,0,73,30,0,30,103
09/12/2009,CRE,SC,ASO,ES,Federal Contract Tower,0,1,27,0,28,0,11,41,0,52,0,12,68,0,80,40,0,40,120
09/13/2009,CRE,SC,ASO,ES,Federal Contract Tower,0,1,29,0,30,0,7,61,2,70,0,8,90,2,100,30,0,30,130
09/14/2009,CRE,SC,ASO,ES,Federal Contract Tower,0,2,18,0,20,0,2,48,0,50,0,4,66,0,70,36,0,36,106
09/15/2009,CRE,SC,ASO,ES,Federal Contract Tower,0,4,23,0,27,0,8,40,0,48,0,12,63,0,75,30,0,30,105
09/16/2009,CRE,SC,ASO,ES,Federal Contract Tower,0,1,22,0,23,0,7,34,0,41,0,8,56,0,64,84,0,84,148
09/17/2009,CRE,SC,ASO,ES,Federal Contract Tower,0,2,29,4,35,0,9,24,0,33,0,11,53,4,68,30,0,30,98
09/18/2009,CRE,SC,ASO,ES,Federal Contract Tower,0,2,23,4,29,0,2,31,0,33,0,4,54,4,62,36,0,36,98
09/19/2009,CRE,SC,ASO,ES,Federal Contract Tower,0,1,23,0,24,0,4,32,4,40,0,5,55,4,64,30,0,30,94
09/20/2009,CRE,SC,ASO,ES,Federal Contract Tower,0,3,20,0,23,0,1,24,0,25,0,4,44,0,48,6,0,6,54
09/21/2009,CRE,SC,ASO,ES,Federal Contract Tower,0,4,39,0,43,0,0,48,1,49,0,4,87,1,92,24,0,24,116
09/22/2009,CRE,SC,ASO,ES,Federal Contract Tower,0,2,19,2,23,0,0,4,2,6,0,2,23,4,29,2,0,2,31
09/23/2009,CRE,SC,ASO,ES,Federal Contract Tower,0,2,18,0,20,0,0,14,0,14,0,2,32,0,34,14,0,14,48
09/24/2009,CRE,SC,ASO,ES,Federal Contract Tower,0,1,22,0,23,0,1,21,5,27,0,2,43,5,50,34,0,34,84
09/25/2009,CRE,SC,ASO,ES,Federal Contract Tower,0,4,26,2,32,0,0,24,3,27,0,4,50,5,59,30,2,32,91
09/26/2009,CRE,SC,ASO,ES,Federal Contract Tower,0,0,10,0,10,0,0,5,0,5,0,0,15,0,15,0,0,0,15
09/27/2009,CRE,SC,ASO,ES,Federal Contract Tower,0,4,31,2,37,0,0,41,4,45,0,4,72,6,82,18,0,18,100
09/28/2009,CRE,SC,ASO,ES,Federal Contract Tower,0,2,9,1,12,0,0,25,1,26,0,2,34,2,38,2,0,2,40
09/29/2009,CRE,SC,ASO,ES,Federal Contract Tower,0,3,26,6,35,0,1,48,2,51,0,4,74,8,86,24,2,26,112
09/30/2009,CRE,SC,ASO,ES,Federal Contract Tower,0,2,28,5,35,0,0,53,4,57,0,2,81,9,92,58,0,58,150
10/01/2009,CRE,SC,ASO,ES,Federal Contract Tower,0,4,15,1,20,0,1,48,0,49,0,5,63,1,69,26,0,26,95
10/02/2009,CRE,SC,ASO,ES,Federal Contract Tower,0,3,37,0,40,0,0,24,6,30,0,3,61,6,70,44,0,44,114
10/03/2009,CRE,SC,ASO,ES,Federal Contract Tower,0,1,15,0,16,0,0,50,0,50,0,1,65,0,66,34,0,34,100
10/04/2009,CRE,SC,ASO,ES,Federal Contract Tower,0,2,33,0,35,0,0,61,1,62,0,2,94,1,97,48,0,48,145
10/05/2009,CRE,SC,ASO,ES,Federal Contract Tower,0,2,25,6,33,0,0,1,0,1,0,2,26,6,34,0,0,0,34
10/06/2009,CRE,SC,ASO,ES,Federal Contract Tower,0,3,15,0,18,0,0,2,2,4,0,3,17,2,22,0,0,0,22
10/07/2009,CRE,SC,ASO,ES,Federal Contract Tower,0,2,17,6,25,0,0,9,4,13,0,2,26,10,38,0,0,0,38
10/08/2009,CRE,SC,ASO,ES,Federal Contract Tower,0,2,23,0,25,0,0,40,4,44,0,2,63,4,69,24,0,24,93
10/09/2009,CRE,SC,ASO,ES,Federal Contract Tower,0,1,45,0,46,0,3,39,0,42,0,4,84,0,88,12,0,12,100
10/10/2009,CRE,SC,ASO,ES,Federal Contract Tower,0,2,23,1,26,0,0,27,2,29,0,2,50,3,55,34,0,34,89
10/11/2009,CRE,SC,ASO,ES,Federal Contract Tower,0,0,35,0,35,0,0,19,0,19,0,0,54,0,54,0,0,0,54
10/12/2009,CRE,SC,ASO,ES,Federal Contract Tower,0,2,20,0,22,0,0,30,6,36,0,2,50,6,58,8,0,8,66
10/13/2009,CRE,SC,ASO,ES,Federal Contract Tower,0,2,26,0,28,0,0,37,0,37,0,2,63,0,65,30,0,30,95
10/14/2009,CRE,SC,ASO,ES,Federal Contract Tower,0,2,15,6,23,0,0,0,0,0,0,2,15,6,23,0,0,0,23
10/15/2009,CRE,SC,ASO,ES,Federal Contract Tower,0,4,20,4,28,0,0,7,2,9,0,4,27,6,37,0,2,2,39
10/16/2009,CRE,SC,ASO,ES,Federal Contract Tower,0,4,28,8,40,0,0,2,0,2,0,4,30,8,42,0,0,0,42
10/17/2009,CRE,SC,ASO,ES,Federal Contract Tower,0,0,12,2,14,0,0,13,0,13,0,0,25,2,27,10,0,10,37
10/18/2009,CRE,SC,ASO,ES,Federal Contract Tower,0,2,27,0,29,0,0,15,0,15,0,2,42,0,44,0,0,0,44
10/19/2009,CRE,SC,ASO,ES,Federal Contract Tower,0,2,16,0,18,0,0,30,2,32,0,2,46,2,50,8,0,8,58
10/20/2009,CRE,SC,ASO,ES,Federal Contract Tower,0,2,18,4,24,0,0,60,0,60,0,2,78,4,84,12,0,12,96
10/21/2009,CRE,SC,ASO,ES,Federal Contract Tower,0,2,28,0,30,0,0,52,0,52,0,2,80,0,82,18,0,18,100
10/22/2009,CRE,SC,ASO,ES,Federal Contract Tower,0,3,24,6,33,0,0,40,2,42,0,3,64,8,75,18,0,18,93
10/23/2009,CRE,SC,ASO,ES,Federal Contract Tower,0,3,25,4,32,0,0,27,0,27,0,3,52,4,59,18,0,18,77
10/24/2009,CRE,SC,ASO,ES,Federal Contract Tower,0,1,16,0,17,0,0,16,0,16,0,1,32,0,33,22,0,22,55
10/25/2009,CRE,SC,ASO,ES,Federal Contract Tower,0,2,24,0,26,0,0,50,0,50,0,2,74,0,76,36,0,36,112
10/26/2009,CRE,SC,ASO,ES,Federal Contract Tower,0,2,21,4,27,0,0,2,0,2,0,2,23,4,29,0,0,0,29
10/27/2009,CRE,SC,ASO,ES,Federal Contract Tower,0,2,8,0,10,0,0,0,0,0,0,2,8,0,10,0,0,0,10
10/28/2009,CRE,SC,ASO,ES,Federal Contract Tower,0,2,16,0,18,0,0,14,2,16,0,2,30,2,34,6,0,6,40
10/29/2009,CRE,SC,ASO,ES,Federal Contract Tower,0,4,32,0,36,0,0,28,2,30,0,4,60,2,66,4,0,4,70
10/30/2009,CRE,SC,ASO,ES,Federal Contract Tower,0,2,18,2,22,0,0,8,1,9,0,2,26,3,31,10,0,10,41
10/31/2009,CRE,SC,ASO,ES,Federal Contract Tower,0,0,11,0,11,0,0,13,0,13,0,0,24,0,24,6,0,6,30
11/01/2009,CRE,SC,ASO,ES,Federal Contract Tower,0,6,35,0,41,0,0,18,0,18,0,6,53,0,59,20,0,20,79
11/02/2009,CRE,SC,ASO,ES,Federal Contract Tower,0,3,22,2,27,0,0,0,0,0,0,3,22,2,27,0,0,0,27
11/03/2009,CRE,SC,ASO,ES,Federal Contract Tower,0,1,33,2,36,0,0,45,0,45,0,1,78,2,81,22,0,22,103
11/04/2009,CRE,SC,ASO,ES,Federal Contract Tower,0,2,23,0,25,0,0,53,1,54,0,2,76,1,79,8,0,8,87
11/05/2009,CRE,SC,ASO,ES,Federal Contract Tower,0,6,21,2,29,0,0,34,0,34,0,6,55,2,63,8,2,10,73
11/06/2009,CRE,SC,ASO,ES,Federal Contract Tower,0,3,24,5,32,0,0,44,4,48,0,3,68,9,80,4,0,4,84
11/07/2009,CRE,SC,ASO,ES,Federal Contract Tower,0,5,17,1,23,0,0,53,4,57,0,5,70,5,80,22,0,22,102
11/08/2009,CRE,SC,ASO,ES,Federal Contract Tower,0,2,37,0,39,0,0,87,0,87,0,2,124,0,126,14,0,14,140
11/09/2009,CRE,SC,ASO,ES,Federal Contract Tower,0,2,18,0,20,0,0,36,0,36,0,2,54,0,56,34,0,34,90
11/10/2009,CRE,SC,ASO,ES,Federal Contract Tower,0,2,14,0,16,0,0,0,0,0,0,2,14,0,16,0,0,0,16
11/11/2009,CRE,SC,ASO,ES,Federal Contract Tower,0,2,11,0,13,0,0,0,0,0,0,2,11,0,13,0,0,0,13
11/12/2009,CRE,SC,ASO,ES,Federal Contract Tower,0,2,8,0,10,0,0,0,0,0,0,2,8,0,10,0,0,0,10
11/13/2009,CRE,SC,ASO,ES,Federal Contract Tower,0,2,25,0,27,0,0,3,2,5,0,2,28,2,32,0,0,0,32
11/14/2009,CRE,SC,ASO,ES,Federal Contract Tower,0,0,21,0,21,0,0,9,0,9,0,0,30,0,30,0,0,0,30
11/15/2009,CRE,SC,ASO,ES,Federal Contract Tower,0,0,29,0,29,0,0,69,0,69,0,0,98,0,98,16,0,16,114
11/16/2009,CRE,SC,ASO,ES,Federal Contract Tower,0,4,26,2,32,0,0,40,0,40,0,4,66,2,72,12,0,12,84
11/17/2009,CRE,SC,ASO,ES,Federal Contract Tower,0,2,22,4,28,0,0,62,0,62,0,2,84,4,90,36,0,36,126
11/18/2009,CRE,SC,ASO,ES,Federal Contract Tower,0,4,15,2,21,0,0,7,0,7,0,4,22,2,28,6,0,6,34
11/19/2009,CRE,SC,ASO,ES,Federal Contract Tower,0,2,17,2,21,0,0,4,0,4,0,2,21,2,25,0,0,0,25
11/20/2009,CRE,SC,ASO,ES,Federal Contract Tower,0,2,31,0,33,0,0,39,2,41,0,2,70,2,74,8,0,8,82
11/21/2009,CRE,SC,ASO,ES,Federal Contract Tower,0,2,16,0,18,0,0,30,2,32,0,2,46,2,50,10,0,10,60
11/22/2009,CRE,SC,ASO,ES,Federal Contract Tower,0,0,16,0,16,0,0,4,0,4,0,0,20,0,20,0,0,0,20
11/23/2009,CRE,SC,ASO,ES,Federal Contract Tower,0,2,16,0,18,0,0,0,0,0,0,2,16,0,18,0,0,0,18
11/24/2009,CRE,SC,ASO,ES,Federal Contract Tower,0,4,27,0,31,0,0,0,0,0,0,4,27,0,31,0,0,0,31
11/25/2009,CRE,SC,ASO,ES,Federal Contract Tower,0,5,33,2,40,0,0,6,0,6,0,5,39,2,46,0,0,0,46
11/26/2009,CRE,SC,ASO,ES,Federal Contract Tower,0,0,23,0,23,0,0,27,0,27,0,0,50,0,50,10,0,10,60
11/27/2009,CRE,SC,ASO,ES,Federal Contract Tower,0,2,15,0,17,0,0,33,0,33,0,2,48,0,50,16,0,16,66
11/28/2009,CRE,SC,ASO,ES,Federal Contract Tower,0,2,26,0,28,0,0,51,0,51,0,2,77,0,79,10,0,10,89
11/29/2009,CRE,SC,ASO,ES,Federal Contract Tower,0,1,46,0,47,0,0,56,0,56,0,1,102,0,103,18,0,18,121
11/30/2009,CRE,SC,ASO,ES,Federal Contract Tower,0,4,7,0,11,0,0,15,0,15,0,4,22,0,26,6,0,6,32
12/01/2009,CRE,SC,ASO,ES,Federal Contract Tower,0,2,20,12,34,0,0,81,0,81,0,2,101,12,115,46,0,46,161
12/02/2009,CRE,SC,ASO,ES,Federal Contract Tower,0,2,5,0,7,0,0,0,0,0,0,2,5,0,7,0,0,0,7
12/03/2009,CRE,SC,ASO,ES,Federal Contract Tower,0,4,13,12,29,0,0,12,2,14,0,4,25,14,43,6,0,6,49
12/04/2009,CRE,SC,ASO,ES,Federal Contract Tower,0,2,21,4,27,0,0,16,2,18,0,2,37,6,45,10,4,14,59
12/05/2009,CRE,SC,ASO,ES,Federal Contract Tower,0,0,9,0,9,0,0,0,0,0,0,0,9,0,9,0,0,0,9
12/06/2009,CRE,SC,ASO,ES,Federal Contract Tower,0,0,38,1,39,0,0,41,1,42,0,0,79,2,81,6,0,6,87
12/07/2009,CRE,SC,ASO,ES,Federal Contract Tower,0,2,12,0,14,0,0,26,0,26,0,2,38,0,40,0,0,0,40
12/08/2009,CRE,SC,ASO,ES,Federal Contract Tower,0,2,8,2,12,0,0,18,3,21,0,2,26,5,33,10,2,12,45
12/09/2009,CRE,SC,ASO,ES,Federal Contract Tower,0,2,6,1,9,0,0,0,0,0,0,2,6,1,9,0,0,0,9
12/10/2009,CRE,SC,ASO,ES,Federal Contract Tower,0,2,7,0,9,0,0,22,0,22,0,2,29,0,31,0,0,0,31
12/11/2009,CRE,SC,ASO,ES,Federal Contract Tower,0,2,9,0,11,0,0,23,4,27,0,2,32,4,38,0,2,2,40
12/12/2009,CRE,SC,ASO,ES,Federal Contract Tower,0,0,10,1,11,0,0,18,0,18,0,0,28,1,29,0,0,0,29
12/13/2009,CRE,SC,ASO,ES,Federal Contract Tower,0,0,2,1,3,0,0,7,2,9,0,0,9,3,12,12,0,12,24
12/14/2009,CRE,SC,ASO,ES,Federal Contract Tower,0,2,10,1,13,0,0,0,0,0,0,2,10,1,13,0,0,0,13
12/15/2009,CRE,SC,ASO,ES,Federal Contract Tower,0,2,15,4,21,0,0,22,0,22,0,2,37,4,43,30,0,30,73
12/16/2009,CRE,SC,ASO,ES,Federal Contract Tower,0,2,17,4,23,0,0,32,0,32,0,2,49,4,55,22,0,22,77
12/17/2009,CRE,SC,ASO,ES,Federal Contract Tower,0,2,29,5,36,0,0,44,3,47,0,2,73,8,83,0,0,0,83
12/18/2009,CRE,SC,ASO,ES,Federal Contract Tower,0,2,8,0,10,0,0,3,1,4,0,2,11,1,14,0,0,0,14
12/19/2009,CRE,SC,ASO,ES,Federal Contract Tower,0,2,0,0,2,0,0,9,0,9,0,2,9,0,11,0,0,0,11
12/20/2009,CRE,SC,ASO,ES,Federal Contract Tower,0,0,142,0,142,0,0,40,0,40,0,0,182,0,182,12,0,12,194
12/21/2009,CRE,SC,ASO,ES,Federal Contract Tower,0,2,2,0,4,0,0,30,4,34,0,2,32,4,38,4,0,4,42
12/22/2009,CRE,SC,ASO,ES,Federal Contract Tower,0,3,19,0,22,0,0,53,2,55,0,3,72,2,77,28,0,28,105
12/23/2009,CRE,SC,ASO,ES,Federal Contract Tower,0,5,20,0,25,0,0,25,4,29,0,5,45,4,54,46,0,46,100
12/24/2009,CRE,SC,ASO,ES,Federal Contract Tower,0,4,9,0,13,0,0,21,2,23,0,4,30,2,36,26,0,26,62
12/25/2009,CRE,SC,ASO,ES,Federal Contract Tower,0,0,3,0,3,0,0,0,0,0,0,0,3,0,3,0,0,0,3
12/26/2009,CRE,SC,ASO,ES,Federal Contract Tower,0,2,20,0,22,0,0,34,2,36,0,2,54,2,58,26,0,26,84
12/27/2009,CRE,SC,ASO,ES,Federal Contract Tower,0,0,34,1,35,0,0,49,1,50,0,0,83,2,85,24,0,24,109
12/28/2009,CRE,SC,ASO,ES,Federal Contract Tower,0,2,13,0,15,0,0,34,0,34,0,2,47,0,49,4,0,4,53
12/29/2009,CRE,SC,ASO,ES,Federal Contract Tower,0,2,23,0,25,0,0,31,0,31,0,2,54,0,56,8,0,8,64
12/30/2009,CRE,SC,ASO,ES,Federal Contract Tower,0,2,29,2,33,0,0,25,2,27,0,2,54,4,60,24,0,24,84
12/31/2009,CRE,SC,ASO,ES,Federal Contract Tower,0,4,10,0,14,0,0,1,0,1,0,4,11,0,15,4,0,4,19
01/01/2010,CRE,SC,ASO,ES,Federal Contract Tower,0,1,11,2,14,0,0,1,1,2,0,1,12,3,16,0,0,0,16
01/02/2010,CRE,SC,ASO,ES,Federal Contract Tower,0,2,19,0,21,0,0,25,1,26,0,2,44,1,47,0,0,0,47
01/03/2010,CRE,SC,ASO,ES,Federal Contract Tower,0,0,29,0,29,0,0,20,0,20,0,0,49,0,49,12,0,12,61
01/04/2010,CRE,SC,ASO,ES,Federal Contract Tower,0,2,24,0,26,0,0,26,2,28,0,2,50,2,54,0,0,0,54
01/05/2010,CRE,SC,ASO,ES,Federal Contract Tower,0,2,21,0,23,0,0,34,2,36,0,2,55,2,59,6,0,6,65
01/06/2010,CRE,SC,ASO,ES,Federal Contract Tower,0,2,15,0,17,0,0,22,0,22,0,2,37,0,39,0,0,0,39
01/07/2010,CRE,SC,ASO,ES,Federal Contract Tower,0,2,20,0,22,0,0,38,5,43,0,2,58,5,65,6,0,6,71
01/08/2010,CRE,SC,ASO,ES,Federal Contract Tower,0,2,7,0,9,0,0,8,0,8,0,2,15,0,17,0,0,0,17
01/09/2010,CRE,SC,ASO,ES,Federal Contract Tower,0,0,15,2,17,0,0,27,0,27,0,0,42,2,44,6,0,6,50
01/10/2010,CRE,SC,ASO,ES,Federal Contract Tower,0,0,19,0,19,0,0,21,4,25,0,0,40,4,44,0,0,0,44
01/11/2010,CRE,SC,ASO,ES,Federal Contract Tower,0,2,13,4,19,0,0,41,0,41,0,2,54,4,60,44,0,44,104
01/12/2010,CRE,SC,ASO,ES,Federal Contract Tower,0,6,16,0,22,0,0,40,2,42,0,6,56,2,64,12,0,12,76
01/13/2010,CRE,SC,ASO,ES,Federal Contract Tower,0,2,14,0,16,0,0,18,6,24,0,2,32,6,40,14,0,14,54
01/14/2010,CRE,SC,ASO,ES,Federal Contract Tower,0,2,19,2,23,0,0,45,0,45,0,2,64,2,68,8,0,8,76
01/15/2010,CRE,SC,ASO,ES,Federal Contract Tower,0,2,25,3,30,0,0,40,2,42,0,2,65,5,72,24,4,28,100
01/16/2010,CRE,SC,ASO,ES,Federal Contract Tower,0,0,9,0,9,0,0,17,0,17,0,0,26,0,26,0,0,0,26
01/17/2010,CRE,SC,ASO,ES,Federal Contract Tower,0,0,4,0,4,0,0,11,0,11,0,0,15,0,15,0,0,0,15
01/18/2010,CRE,SC,ASO,ES,Federal Contract Tower,0,2,16,0,18,0,0,60,0,60,0,2,76,0,78,26,0,26,104
01/19/2010,CRE,SC,ASO,ES,Federal Contract Tower,0,2,20,8,30,0,0,57,7,64,0,2,77,15,94,16,0,16,110
01/20/2010,CRE,SC,ASO,ES,Federal Contract Tower,0,2,20,0,22,0,0,29,1,30,0,2,49,1,52,28,0,28,80
01/21/2010,CRE,SC,ASO,ES,Federal Contract Tower,0,4,4,0,8,0,0,0,0,0,0,4,4,0,8,0,0,0,8
01/22/2010,CRE,SC,ASO,ES,Federal Contract Tower,0,3,21,0,24,0,0,0,0,0,0,3,21,0,24,0,0,0,24
01/23/2010,CRE,SC,ASO,ES,Federal Contract Tower,0,1,26,0,27,0,0,51,0,51,0,1,77,0,78,28,0,28,106
01/24/2010,CRE,SC,ASO,ES,Federal Contract Tower,0,1,7,0,8,0,0,6,0,6,0,1,13,0,14,0,0,0,14
01/25/2010,CRE,SC,ASO,ES,Federal Contract Tower,0,2,9,2,13,0,0,22,4,26,0,2,31,6,39,0,0,0,39
01/26/2010,CRE,SC,ASO,ES,Federal Contract Tower,0,3,15,14,32,0,0,17,2,19,0,3,32,16,51,0,0,0,51
01/27/2010,CRE,SC,ASO,ES,Federal Contract Tower,0,2,18,10,30,0,0,53,0,53,0,2,71,10,83,4,10,14,97
01/28/2010,CRE,SC,ASO,ES,Federal Contract Tower,0,2,26,2,30,0,0,34,1,35,0,2,60,3,65,18,0,18,83
01/29/2010,CRE,SC,ASO,ES,Federal Contract Tower,0,2,13,2,17,0,0,27,0,27,0,2,40,2,44,20,2,22,66
01/30/2010,CRE,SC,ASO,ES,Federal Contract Tower,0,0,0,0,0,0,0,0,0,0,0,0,0,0,0,0,0,0,0
01/31/2010,CRE,SC,ASO,ES,Federal Contract Tower,0,0,17,0,17,0,0,29,0,29,0,0,46,0,46,2,0,2,48
02/01/2010,CRE,SC,ASO,ES,Federal Contract Tower,0,2,16,0,18,0,0,39,0,39,0,2,55,0,57,0,0,0,57
02/02/2010,CRE,SC,ASO,ES,Federal Contract Tower,0,4,4,0,8,0,0,0,0,0,0,4,4,0,8,0,0,0,8
02/03/2010,CRE,SC,ASO,ES,Federal Contract Tower,0,2,8,0,10,0,0,10,2,12,0,2,18,2,22,2,0,2,24
02/04/2010,CRE,SC,ASO,ES,Federal Contract Tower,0,4,18,1,23,0,0,20,6,26,0,4,38,7,49,0,0,0,49
02/05/2010,CRE,SC,ASO,ES,Federal Contract Tower,0,3,5,2,10,0,0,1,0,1,0,3,6,2,11,0,0,0,11
02/06/2010,CRE,SC,ASO,ES,Federal Contract Tower,0,1,4,0,5,0,0,4,0,4,0,1,8,0,9,0,0,0,9
02/07/2010,CRE,SC,ASO,ES,Federal Contract Tower,0,0,23,0,23,0,0,37,0,37,0,0,60,0,60,0,0,0,60
02/08/2010,CRE,SC,ASO,ES,Federal Contract Tower,0,3,17,0,20,0,0,71,0,71,0,3,88,0,91,10,0,10,101
02/09/2010,CRE,SC,ASO,ES,Federal Contract Tower,0,5,8,7,20,0,0,0,3,3,0,5,8,10,23,0,0,0,23
02/10/2010,CRE,SC,ASO,ES,Federal Contract Tower,0,2,7,0,9,0,0,0,0,0,0,2,7,0,9,0,0,0,9
02/11/2010,CRE,SC,ASO,ES,Federal Contract Tower,0,2,36,1,39,0,0,33,2,35,0,2,69,3,74,4,0,4,78
02/12/2010,CRE,SC,ASO,ES,Federal Contract Tower,0,2,19,0,21,0,0,21,0,21,0,2,40,0,42,0,0,0,42
02/13/2010,CRE,SC,ASO,ES,Federal Contract Tower,0,0,9,0,9,0,0,7,0,7,0,0,16,0,16,0,0,0,16
02/14/2010,CRE,SC,ASO,ES,Federal Contract Tower,0,0,20,0,20,0,0,39,2,41,0,0,59,2,61,2,0,2,63
02/15/2010,CRE,SC,ASO,ES,Federal Contract Tower,0,2,8,0,10,0,0,3,0,3,0,2,11,0,13,0,0,0,13
02/16/2010,CRE,SC,ASO,ES,Federal Contract Tower,0,2,16,1,19,0,0,33,0,33,0,2,49,1,52,0,0,0,52
02/17/2010,CRE,SC,ASO,ES,Federal Contract Tower,0,5,17,3,25,0,0,29,2,31,0,5,46,5,56,0,0,0,56
02/18/2010,CRE,SC,ASO,ES,Federal Contract Tower,0,2,16,0,18,0,0,31,8,39,0,2,47,8,57,0,0,0,57
02/19/2010,CRE,SC,ASO,ES,Federal Contract Tower,0,3,31,0,34,0,0,52,0,52,0,3,83,0,86,8,0,8,94
02/20/2010,CRE,SC,ASO,ES,Federal Contract Tower,0,0,23,3,26,0,0,69,1,70,0,0,92,4,96,12,0,12,108
02/21/2010,CRE,SC,ASO,ES,Federal Contract Tower,0,1,35,0,36,0,0,101,0,101,0,1,136,0,137,54,0,54,191
02/22/2010,CRE,SC,ASO,ES,Federal Contract Tower,0,2,6,1,9,0,0,2,0,2,0,2,8,1,11,0,0,0,11
02/23/2010,CRE,SC,ASO,ES,Federal Contract Tower,0,2,25,0,27,0,0,27,4,31,0,2,52,4,58,0,0,0,58
02/24/2010,CRE,SC,ASO,ES,Federal Contract Tower,0,4,9,1,14,0,0,17,0,17,0,4,26,1,31,0,0,0,31
02/25/2010,CRE,SC,ASO,ES,Federal Contract Tower,0,2,8,0,10,0,0,20,1,21,0,2,28,1,31,0,0,0,31
02/26/2010,CRE,SC,ASO,ES,Federal Contract Tower,0,3,18,2,23,0,0,22,0,22,0,3,40,2,45,0,0,0,45
02/27/2010,CRE,SC,ASO,ES,Federal Contract Tower,0,0,26,0,26,0,0,43,0,43,0,0,69,0,69,0,0,0,69
02/28/2010,CRE,SC,ASO,ES,Federal Contract Tower,0,2,20,0,22,0,0,72,0,72,0,2,92,0,94,0,0,0,94
03/01/2010,CRE,SC,ASO,ES,Federal Contract Tower,0,2,28,0,30,0,2,51,0,53,0,4,79,0,83,8,0,8,91
03/02/2010,CRE,SC,ASO,ES,Federal Contract Tower,0,2,1,2,5,0,0,0,0,0,0,2,1,2,5,0,0,0,5
03/03/2010,CRE,SC,ASO,ES,Federal Contract Tower,0,2,13,3,18,0,0,1,1,2,0,2,14,4,20,0,0,0,20
03/04/2010,CRE,SC,ASO,ES,Federal Contract Tower,0,3,22,12,37,0,0,33,1,34,0,3,55,13,71,28,0,28,99
03/05/2010,CRE,SC,ASO,ES,Federal Contract Tower,0,2,35,0,37,0,0,37,2,39,0,2,72,2,76,8,0,8,84
03/06/2010,CRE,SC,ASO,ES,Federal Contract Tower,0,0,29,0,29,0,0,63,0,63,0,0,92,0,92,6,0,6,98
03/07/2010,CRE,SC,ASO,ES,Federal Contract Tower,0,2,28,0,30,0,0,70,0,70,0,2,98,0,100,10,0,10,110
03/08/2010,CRE,SC,ASO,ES,Federal Contract Tower,0,4,27,2,33,0,0,31,0,31,0,4,58,2,64,26,0,26,90
03/09/2010,CRE,SC,ASO,ES,Federal Contract Tower,0,2,24,2,28,0,0,42,0,42,0,2,66,2,70,22,0,22,92
03/10/2010,CRE,SC,ASO,ES,Federal Contract Tower,0,2,14,2,18,0,0,28,3,31,0,2,42,5,49,0,2,2,51
03/11/2010,CRE,SC,ASO,ES,Federal Contract Tower,0,4,14,4,22,0,0,4,0,4,0,4,18,4,26,10,0,10,36
03/12/2010,CRE,SC,ASO,ES,Federal Contract Tower,0,3,20,12,35,0,0,18,1,19,0,3,38,13,54,4,0,4,58
03/13/2010,CRE,SC,ASO,ES,Federal Contract Tower,0,0,11,0,11,0,0,13,0,13,0,0,24,0,24,6,0,6,30
03/14/2010,CRE,SC,ASO,ES,Federal Contract Tower,0,2,22,2,26,0,0,29,0,29,0,2,51,2,55,6,0,6,61
03/15/2010,CRE,SC,ASO,ES,Federal Contract Tower,0,4,11,2,17,0,0,47,0,47,0,4,58,2,64,36,2,38,102
03/16/2010,CRE,SC,ASO,ES,Federal Contract Tower,0,2,29,2,33,0,0,56,0,56,0,2,85,2,89,32,0,32,121
03/17/2010,CRE,SC,ASO,ES,Federal Contract Tower,0,2,29,2,33,0,0,53,0,53,0,2,82,2,86,36,0,36,122
03/18/2010,CRE,SC,ASO,ES,Federal Contract Tower,0,4,39,0,43,0,0,9,0,9,0,4,48,0,52,0,0,0,52
03/19/2010,CRE,SC,ASO,ES,Federal Contract Tower,0,3,36,2,41,0,0,75,2,77,0,3,111,4,118,38,0,38,156
03/20/2010,CRE,SC,ASO,ES,Federal Contract Tower,0,0,21,2,23,0,0,73,2,75,0,0,94,4,98,86,0,86,184
03/21/2010,CRE,SC,ASO,ES,Federal Contract Tower,0,1,29,0,30,0,0,43,0,43,0,1,72,0,73,24,0,24,97
03/22/2010,CRE,SC,ASO,ES,Federal Contract Tower,0,2,19,4,25,0,0,30,0,30,0,2,49,4,55,26,0,26,81
03/23/2010,CRE,SC,ASO,ES,Federal Contract Tower,0,2,16,2,20,0,0,29,0,29,0,2,45,2,49,58,0,58,107
03/24/2010,CRE,SC,ASO,ES,Federal Contract Tower,0,2,17,4,23,0,0,51,0,51,0,2,68,4,74,76,8,84,158
03/25/2010,CRE,SC,ASO,ES,Federal Contract Tower,0,4,31,6,41,0,0,54,0,54,0,4,85,6,95,78,0,78,173
03/26/2010,CRE,SC,ASO,ES,Federal Contract Tower,0,2,23,4,29,0,0,24,0,24,0,2,47,4,53,0,0,0,53
03/27/2010,CRE,SC,ASO,ES,Federal Contract Tower,0,0,20,0,20,0,0,46,2,48,0,0,66,2,68,16,0,16,84
03/28/2010,CRE,SC,ASO,ES,Federal Contract Tower,0,1,20,0,21,0,0,32,0,32,0,1,52,0,53,12,0,12,65
03/29/2010,CRE,SC,ASO,ES,Federal Contract Tower,0,4,7,4,15,0,0,29,2,31,0,4,36,6,46,76,0,76,122
03/30/2010,CRE,SC,ASO,ES,Federal Contract Tower,0,3,16,1,20,0,0,35,1,36,0,3,51,2,56,18,0,18,74
03/31/2010,CRE,SC,ASO,ES,Federal Contract Tower,0,2,33,2,37,0,0,76,2,78,0,2,109,4,115,66,0,66,181
04/01/2010,CRE,SC,ASO,ES,Federal Contract Tower,0,6,26,0,32,0,0,69,2,71,0,6,95,2,103,76,0,76,179
04/02/2010,CRE,SC,ASO,ES,Federal Contract Tower,0,4,47,0,51,0,0,69,2,71,0,4,116,2,122,72,0,72,194
04/03/2010,CRE,SC,ASO,ES,Federal Contract Tower,0,0,20,0,20,0,0,71,0,71,0,0,91,0,91,64,0,64,155
04/04/2010,CRE,SC,ASO,ES,Federal Contract Tower,0,2,25,0,27,0,0,73,0,73,0,2,98,0,100,38,0,38,138
04/05/2010,CRE,SC,ASO,ES,Federal Contract Tower,0,5,35,0,40,0,0,44,0,44,0,5,79,0,84,30,0,30,114
04/06/2010,CRE,SC,ASO,ES,Federal Contract Tower,0,7,33,5,45,0,0,45,4,49,0,7,78,9,94,26,0,26,120
04/07/2010,CRE,SC,ASO,ES,Federal Contract Tower,0,4,19,5,28,0,0,42,0,42,0,4,61,5,70,8,0,8,78
04/08/2010,CRE,SC,ASO,ES,Federal Contract Tower,0,2,17,0,19,0,0,36,4,40,0,2,53,4,59,52,0,52,111
04/09/2010,CRE,SC,ASO,ES,Federal Contract Tower,0,6,32,0,38,0,1,40,0,41,0,7,72,0,79,52,0,52,131
04/10/2010,CRE,SC,ASO,ES,Federal Contract Tower,0,1,28,0,29,0,0,90,0,90,0,1,118,0,119,134,0,134,253
04/11/2010,CRE,SC,ASO,ES,Federal Contract Tower,0,3,36,0,39,0,0,96,0,96,0,3,132,0,135,188,0,188,323
04/12/2010,CRE,SC,ASO,ES,Federal Contract Tower,0,6,27,4,37,0,0,59,0,59,0,6,86,4,96,96,0,96,192
04/13/2010,CRE,SC,ASO,ES,Federal Contract Tower,0,5,27,0,32,0,0,70,0,70,0,5,97,0,102,100,0,100,202
04/14/2010,CRE,SC,ASO,ES,Federal Contract Tower,0,4,35,1,40,0,0,6,4,10,0,4,41,5,50,0,0,0,50
04/15/2010,CRE,SC,ASO,ES,Federal Contract Tower,0,4,45,0,49,0,0,95,0,95,0,4,140,0,144,132,0,132,276
04/16/2010,CRE,SC,ASO,ES,Federal Contract Tower,0,2,52,0,54,0,0,75,2,77,0,2,127,2,131,66,0,66,197
04/17/2010,CRE,SC,ASO,ES,Federal Contract Tower,0,0,23,0,23,0,0,64,5,69,0,0,87,5,92,68,0,68,160
04/18/2010,CRE,SC,ASO,ES,Federal Contract Tower,0,2,68,0,70,0,0,80,0,80,0,2,148,0,150,74,0,74,224
04/19/2010,CRE,SC,ASO,ES,Federal Contract Tower,0,2,20,0,22,0,0,50,4,54,0,2,70,4,76,90,0,90,166
04/20/2010,CRE,SC,ASO,ES,Federal Contract Tower,0,4,21,6,31,0,0,41,0,41,0,4,62,6,72,48,0,48,120
04/21/2010,CRE,SC,ASO,ES,Federal Contract Tower,0,4,18,0,22,0,0,17,0,17,0,4,35,0,39,4,0,4,43
04/22/2010,CRE,SC,ASO,ES,Federal Contract Tower,0,5,44,2,51,0,0,122,0,122,0,5,166,2,173,60,0,60,233
04/23/2010,CRE,SC,ASO,ES,Federal Contract Tower,0,4,33,0,37,0,0,90,1,91,0,4,123,1,128,96,0,96,224
04/24/2010,CRE,SC,ASO,ES,Federal Contract Tower,0,1,54,0,55,0,0,77,2,79,0,1,131,2,134,108,0,108,242
04/25/2010,CRE,SC,ASO,ES,Federal Contract Tower,0,2,26,0,28,0,0,0,0,0,0,2,26,0,28,0,0,0,28
04/26/2010,CRE,SC,ASO,ES,Federal Contract Tower,0,4,15,0,19,0,0,7,0,7,0,4,22,0,26,0,0,0,26
04/27/2010,CRE,SC,ASO,ES,Federal Contract Tower,0,2,19,2,23,0,0,24,0,24,0,2,43,2,47,0,0,0,47
04/28/2010,CRE,SC,ASO,ES,Federal Contract Tower,0,4,19,0,23,0,0,79,9,88,0,4,98,9,111,90,0,90,201
04/29/2010,CRE,SC,ASO,ES,Federal Contract Tower,0,4,25,6,35,0,0,96,15,111,0,4,121,21,146,138,0,138,284
04/30/2010,CRE,SC,ASO,ES,Federal Contract Tower,0,5,24,2,31,0,0,90,2,92,0,5,114,4,123,122,0,122,245
05/01/2010,CRE,SC,ASO,ES,Federal Contract Tower,0,0,34,0,34,0,0,67,0,67,0,0,101,0,101,72,0,72,173
05/02/2010,CRE,SC,ASO,ES,Federal Contract Tower,0,2,34,0,36,0,0,22,0,22,0,2,56,0,58,22,0,22,80
05/03/2010,CRE,SC,ASO,ES,Federal Contract Tower,0,4,14,22,40,0,0,18,0,18,0,4,32,22,58,0,0,0,58
05/04/2010,CRE,SC,ASO,ES,Federal Contract Tower,0,2,16,2,20,0,0,0,0,0,0,2,16,2,20,0,0,0,20
05/05/2010,CRE,SC,ASO,ES,Federal Contract Tower,0,5,30,4,39,0,0,100,0,100,0,5,130,4,139,188,0,188,327
05/06/2010,CRE,SC,ASO,ES,Federal Contract Tower,0,3,25,0,28,0,2,59,0,61,0,5,84,0,89,52,0,52,141
05/07/2010,CRE,SC,ASO,ES,Federal Contract Tower,0,5,29,0,34,0,2,57,0,59,0,7,86,0,93,146,0,146,239
05/08/2010,CRE,SC,ASO,ES,Federal Contract Tower,0,0,14,0,14,0,0,36,0,36,0,0,50,0,50,42,0,42,92
05/09/2010,CRE,SC,ASO,ES,Federal Contract Tower,0,4,29,0,33,0,0,64,0,64,0,4,93,0,97,64,0,64,161
05/10/2010,CRE,SC,ASO,ES,Federal Contract Tower,0,6,17,6,29,0,0,45,0,45,0,6,62,6,74,102,0,102,176
05/11/2010,CRE,SC,ASO,ES,Federal Contract Tower,0,2,13,2,17,0,0,63,2,65,0,2,76,4,82,66,0,66,148
05/12/2010,CRE,SC,ASO,ES,Federal Contract Tower,0,2,15,8,25,0,0,47,6,53,0,2,62,14,78,68,6,74,152
05/13/2010,CRE,SC,ASO,ES,Federal Contract Tower,0,2,28,2,32,0,0,52,14,66,0,2,80,16,98,56,0,56,154
05/14/2010,CRE,SC,ASO,ES,Federal Contract Tower,0,2,33,2,37,0,2,79,8,89,0,4,112,10,126,102,0,102,228
05/15/2010,CRE,SC,ASO,ES,Federal Contract Tower,0,0,11,4,15,0,0,61,13,74,0,0,72,17,89,74,0,74,163
05/16/2010,CRE,SC,ASO,ES,Federal Contract Tower,0,0,29,1,30,0,0,51,2,53,0,0,80,3,83,90,0,90,173
05/17/2010,CRE,SC,ASO,ES,Federal Contract Tower,0,2,8,0,10,0,0,11,0,11,0,2,19,0,21,12,0,12,33
05/18/2010,CRE,SC,ASO,ES,Federal Contract Tower,0,4,11,4,19,0,0,42,2,44,0,4,53,6,63,96,0,96,159
05/19/2010,CRE,SC,ASO,ES,Federal Contract Tower,0,2,43,0,45,0,0,67,0,67,0,2,110,0,112,68,0,68,180
05/20/2010,CRE,SC,ASO,ES,Federal Contract Tower,0,2,38,2,42,0,2,51,2,55,0,4,89,4,97,78,0,78,175
05/21/2010,CRE,SC,ASO,ES,Federal Contract Tower,0,2,43,1,46,0,0,48,2,50,0,2,91,3,96,56,0,56,152
05/22/2010,CRE,SC,ASO,ES,Federal Contract Tower,0,0,14,0,14,0,0,50,0,50,0,0,64,0,64,92,0,92,156
05/23/2010,CRE,SC,ASO,ES,Federal Contract Tower,0,0,31,1,32,0,0,44,2,46,0,0,75,3,78,50,0,50,128
05/24/2010,CRE,SC,ASO,ES,Federal Contract Tower,0,2,13,1,16,0,0,6,1,7,0,2,19,2,23,0,0,0,23
05/25/2010,CRE,SC,ASO,ES,Federal Contract Tower,0,5,8,1,14,0,0,30,4,34,0,5,38,5,48,2,0,2,50
05/26/2010,CRE,SC,ASO,ES,Federal Contract Tower,0,3,16,2,21,0,0,45,3,48,0,3,61,5,69,52,0,52,121
05/27/2010,CRE,SC,ASO,ES,Federal Contract Tower,0,3,18,4,25,0,2,71,16,89,0,5,89,20,114,56,0,56,170
05/28/2010,CRE,SC,ASO,ES,Federal Contract Tower,0,2,35,0,37,0,4,73,3,80,0,6,108,3,117,102,0,102,219
05/29/2010,CRE,SC,ASO,ES,Federal Contract Tower,0,0,26,0,26,0,2,82,8,92,0,2,108,8,118,182,0,182,300
05/30/2010,CRE,SC,ASO,ES,Federal Contract Tower,0,0,21,0,21,0,0,69,40,109,0,0,90,40,130,108,0,108,238
05/31/2010,CRE,SC,ASO,ES,Federal Contract Tower,0,0,53,0,53,0,4,91,4,99,0,4,144,4,152,174,0,174,326
06/01/2010,CRE,SC,ASO,ES,Federal Contract Tower,0,2,14,0,16,0,0,3,0,3,0,2,17,0,19,0,0,0,19
06/02/2010,CRE,SC,ASO,ES,Federal Contract Tower,0,2,26,0,28,0,2,58,0,60,0,4,84,0,88,96,0,96,184
06/03/2010,CRE,SC,ASO,ES,Federal Contract Tower,0,2,24,2,28,0,4,73,3,80,0,6,97,5,108,82,0,82,190
06/04/2010,CRE,SC,ASO,ES,Federal Contract Tower,0,3,37,4,44,0,4,71,0,75,0,7,108,4,119,92,0,92,211
06/05/2010,CRE,SC,ASO,ES,Federal Contract Tower,0,2,29,0,31,0,0,67,0,67,0,2,96,0,98,106,0,106,204
06/06/2010,CRE,SC,ASO,ES,Federal Contract Tower,0,1,28,4,33,0,1,66,0,67,0,2,94,4,100,58,0,58,158
06/07/2010,CRE,SC,ASO,ES,Federal Contract Tower,0,2,30,7,39,0,0,35,1,36,0,2,65,8,75,62,0,62,137
06/08/2010,CRE,SC,ASO,ES,Federal Contract Tower,0,2,21,0,23,0,8,76,0,84,0,10,97,0,107,108,0,108,215
06/09/2010,CRE,SC,ASO,ES,Federal Contract Tower,0,2,13,0,15,0,32,83,0,115,0,34,96,0,130,124,0,124,254
06/10/2010,CRE,SC,ASO,ES,Federal Contract Tower,0,4,27,0,31,0,14,67,5,86,0,18,94,5,117,112,0,112,229
06/11/2010,CRE,SC,ASO,ES,Federal Contract Tower,0,2,29,11,42,0,10,71,1,82,0,12,100,12,124,102,2,104,228
06/12/2010,CRE,SC,ASO,ES,Federal Contract Tower,0,0,26,1,27,0,12,70,2,84,0,12,96,3,111,142,0,142,253
06/13/2010,CRE,SC,ASO,ES,Federal Contract Tower,0,0,28,1,29,0,0,105,3,108,0,0,133,4,137,136,0,136,273
06/14/2010,CRE,SC,ASO,ES,Federal Contract Tower,0,4,31,0,35,0,1,68,2,71,0,5,99,2,106,96,0,96,202
06/15/2010,CRE,SC,ASO,ES,Federal Contract Tower,0,2,19,2,23,0,6,79,1,86,0,8,98,3,109,106,0,106,215
06/16/2010,CRE,SC,ASO,ES,Federal Contract Tower,0,6,22,18,46,0,6,88,2,96,0,12,110,20,142,152,0,152,294
06/17/2010,CRE,SC,ASO,ES,Federal Contract Tower,0,2,17,0,19,0,28,72,0,100,0,30,89,0,119,102,0,102,221
06/18/2010,CRE,SC,ASO,ES,Federal Contract Tower,0,2,41,3,46,0,15,93,0,108,0,17,134,3,154,90,0,90,244
06/19/2010,CRE,SC,ASO,ES,Federal Contract Tower,0,2,22,0,24,0,8,65,0,73,0,10,87,0,97,110,0,110,207
06/20/2010,CRE,SC,ASO,ES,Federal Contract Tower,0,5,33,0,38,0,16,70,2,88,0,21,103,2,126,74,0,74,200
06/21/2010,CRE,SC,ASO,ES,Federal Contract Tower,0,4,22,0,26,0,9,50,0,59,0,13,72,0,85,78,0,78,163
06/22/2010,CRE,SC,ASO,ES,Federal Contract Tower,0,3,19,4,26,0,12,58,2,72,0,15,77,6,98,94,0,94,192
06/23/2010,CRE,SC,ASO,ES,Federal Contract Tower,0,3,23,4,30,0,0,72,2,74,0,3,95,6,104,142,0,142,246
06/24/2010,CRE,SC,ASO,ES,Federal Contract Tower,0,4,23,1,28,0,1,78,0,79,0,5,101,1,107,124,0,124,231
06/25/2010,CRE,SC,ASO,ES,Federal Contract Tower,0,8,25,5,38,0,0,53,5,58,0,8,78,10,96,94,0,94,190
06/26/2010,CRE,SC,ASO,ES,Federal Contract Tower,0,5,24,0,29,0,2,64,3,69,0,7,88,3,98,128,0,128,226
06/27/2010,CRE,SC,ASO,ES,Federal Contract Tower,0,0,41,0,41,0,0,70,0,70,0,0,111,0,111,100,0,100,211
06/28/2010,CRE,SC,ASO,ES,Federal Contract Tower,0,4,24,3,31,0,0,81,1,82,0,4,105,4,113,130,0,130,243
06/29/2010,CRE,SC,ASO,ES,Federal Contract Tower,0,4,15,4,23,0,12,46,0,58,0,16,61,4,81,100,0,100,181
06/30/2010,CRE,SC,ASO,ES,Federal Contract Tower,0,2,22,0,24,0,10,82,0,92,0,12,104,0,116,120,0,120,236
07/01/2010,CRE,SC,ASO,ES,Federal Contract Tower,0,2,46,0,48,0,2,59,0,61,0,4,105,0,109,128,0,128,237
07/02/2010,CRE,SC,ASO,ES,Federal Contract Tower,0,5,31,2,38,0,28,107,0,135,0,33,138,2,173,140,0,140,313
07/03/2010,CRE,SC,ASO,ES,Federal Contract Tower,0,0,29,2,31,0,16,103,5,124,0,16,132,7,155,110,0,110,265
07/04/2010,CRE,SC,ASO,ES,Federal Contract Tower,0,0,12,0,12,0,12,62,0,74,0,12,74,0,86,148,0,148,234
07/05/2010,CRE,SC,ASO,ES,Federal Contract Tower,0,1,36,0,37,0,13,169,0,182,0,14,205,0,219,154,0,154,373
07/06/2010,CRE,SC,ASO,ES,Federal Contract Tower,0,5,18,4,27,0,11,127,1,139,0,16,145,5,166,90,0,90,256
07/07/2010,CRE,SC,ASO,ES,Federal Contract Tower,0,2,49,4,55,0,83,141,2,226,0,85,190,6,281,166,2,168,449
07/08/2010,CRE,SC,ASO,ES,Federal Contract Tower,0,4,27,2,33,0,24,103,6,133,0,28,130,8,166,108,2,110,276
07/09/2010,CRE,SC,ASO,ES,Federal Contract Tower,0,2,25,5,32,0,24,60,5,89,0,26,85,10,121,114,0,114,235
07/10/2010,CRE,SC,ASO,ES,Federal Contract Tower,0,0,30,0,30,0,14,70,0,84,0,14,100,0,114,106,0,106,220
07/11/2010,CRE,SC,ASO,ES,Federal Contract Tower,0,2,35,0,37,0,1,113,0,114,0,3,148,0,151,110,0,110,261
07/12/2010,CRE,SC,ASO,ES,Federal Contract Tower,0,2,17,0,19,0,73,96,0,169,0,75,113,0,188,126,0,126,314
07/13/2010,CRE,SC,ASO,ES,Federal Contract Tower,0,3,32,2,37,0,50,99,0,149,0,53,131,2,186,82,0,82,268
07/14/2010,CRE,SC,ASO,ES,Federal Contract Tower,0,3,22,0,25,0,73,117,0,190,0,76,139,0,215,98,0,98,313
07/15/2010,CRE,SC,ASO,ES,Federal Contract Tower,0,2,31,0,33,0,2,86,0,88,0,4,117,0,121,110,0,110,231
07/16/2010,CRE,SC,ASO,ES,Federal Contract Tower,0,7,34,0,41,0,64,63,0,127,0,71,97,0,168,148,0,148,316
07/17/2010,CRE,SC,ASO,ES,Federal Contract Tower,0,0,31,2,33,0,4,65,6,75,0,4,96,8,108,126,0,126,234
07/18/2010,CRE,SC,ASO,ES,Federal Contract Tower,0,1,41,7,49,0,2,73,3,78,0,3,114,10,127,192,0,192,319
07/19/2010,CRE,SC,ASO,ES,Federal Contract Tower,0,5,16,3,24,0,31,133,1,165,0,36,149,4,189,110,0,110,299
07/20/2010,CRE,SC,ASO,ES,Federal Contract Tower,0,4,13,6,23,0,18,79,4,101,0,22,92,10,124,70,0,70,194
07/21/2010,CRE,SC,ASO,ES,Federal Contract Tower,0,2,27,2,31,0,59,153,4,216,0,61,180,6,247,110,0,110,357
07/22/2010,CRE,SC,ASO,ES,Federal Contract Tower,0,2,41,2,45,0,83,123,1,207,0,85,164,3,252,128,0,128,380
07/23/2010,CRE,SC,ASO,ES,Federal Contract Tower,0,4,29,0,33,0,61,108,4,173,0,65,137,4,206,84,0,84,290
07/24/2010,CRE,SC,ASO,ES,Federal Contract Tower,0,2,35,1,38,0,4,123,1,128,0,6,158,2,166,128,0,128,294
07/25/2010,CRE,SC,ASO,ES,Federal Contract Tower,0,0,22,0,22,0,0,112,0,112,0,0,134,0,134,106,0,106,240
07/26/2010,CRE,SC,ASO,ES,Federal Contract Tower,0,2,12,0,14,0,47,118,4,169,0,49,130,4,183,114,0,114,297
07/27/2010,CRE,SC,ASO,ES,Federal Contract Tower,0,2,18,3,23,0,10,49,1,60,0,12,67,4,83,42,0,42,125
07/28/2010,CRE,SC,ASO,ES,Federal Contract Tower,0,2,22,4,28,0,51,64,4,119,0,53,86,8,147,90,0,90,237
07/29/2010,CRE,SC,ASO,ES,Federal Contract Tower,0,5,23,4,32,0,57,105,2,164,0,62,128,6,196,114,0,114,310
07/30/2010,CRE,SC,ASO,ES,Federal Contract Tower,0,2,28,0,30,0,69,93,0,162,0,71,121,0,192,110,0,110,302
07/31/2010,CRE,SC,ASO,ES,Federal Contract Tower,0,2,29,0,31,0,19,101,0,120,0,21,130,0,151,108,0,108,259
08/01/2010,CRE,SC,ASO,ES,Federal Contract Tower,0,2,26,0,28,0,0,78,0,78,0,2,104,0,106,62,0,62,168
08/02/2010,CRE,SC,ASO,ES,Federal Contract Tower,0,2,19,2,23,0,0,106,3,109,0,2,125,5,132,100,0,100,232
08/03/2010,CRE,SC,ASO,ES,Federal Contract Tower,0,2,16,4,22,0,16,105,2,123,0,18,121,6,145,74,0,74,219
08/04/2010,CRE,SC,ASO,ES,Federal Contract Tower,0,2,25,0,27,0,43,138,0,181,0,45,163,0,208,119,0,119,327
08/05/2010,CRE,SC,ASO,ES,Federal Contract Tower,0,3,18,2,23,0,72,132,3,207,0,75,150,5,230,130,0,130,360
08/06/2010,CRE,SC,ASO,ES,Federal Contract Tower,0,4,23,0,27,0,17,41,0,58,0,21,64,0,85,60,0,60,145
08/07/2010,CRE,SC,ASO,ES,Federal Contract Tower,0,1,37,1,39,0,43,76,1,120,0,44,113,2,159,136,0,136,295
08/08/2010,CRE,SC,ASO,ES,Federal Contract Tower,0,2,27,1,30,0,0,91,0,91,0,2,118,1,121,150,0,150,271
08/09/2010,CRE,SC,ASO,ES,Federal Contract Tower,0,3,20,4,27,0,39,132,0,171,0,42,152,4,198,150,0,150,348
08/10/2010,CRE,SC,ASO,ES,Federal Contract Tower,0,5,25,0,30,0,27,113,0,140,0,32,138,0,170,90,0,90,260
08/11/2010,CRE,SC,ASO,ES,Federal Contract Tower,0,5,30,2,37,0,63,104,0,167,0,68,134,2,204,126,4,130,334
08/12/2010,CRE,SC,ASO,ES,Federal Contract Tower,0,3,15,2,20,0,37,105,3,145,0,40,120,5,165,122,0,122,287
08/13/2010,CRE,SC,ASO,ES,Federal Contract Tower,0,5,34,0,39,0,22,81,14,117,0,27,115,14,156,100,0,100,256
08/14/2010,CRE,SC,ASO,ES,Federal Contract Tower,0,1,13,2,16,0,13,70,4,87,0,14,83,6,103,94,0,94,197
08/15/2010,CRE,SC,ASO,ES,Federal Contract Tower,0,2,33,2,37,0,0,122,1,123,0,2,155,3,160,130,0,130,290
08/16/2010,CRE,SC,ASO,ES,Federal Contract Tower,0,5,23,2,30,0,29,101,2,132,0,34,124,4,162,126,0,126,288
08/17/2010,CRE,SC,ASO,ES,Federal Contract Tower,0,4,26,0,30,0,51,106,0,157,0,55,132,0,187,130,0,130,317
08/18/2010,CRE,SC,ASO,ES,Federal Contract Tower,0,3,15,4,22,0,26,70,1,97,0,29,85,5,119,98,0,98,217
08/19/2010,CRE,SC,ASO,ES,Federal Contract Tower,0,3,17,3,23,0,22,51,10,83,0,25,68,13,106,52,0,52,158
08/20/2010,CRE,SC,ASO,ES,Federal Contract Tower,0,3,29,0,32,0,18,40,2,60,0,21,69,2,92,70,0,70,162
08/21/2010,CRE,SC,ASO,ES,Federal Contract Tower,0,1,26,2,29,0,2,68,3,73,0,3,94,5,102,118,2,120,222
08/22/2010,CRE,SC,ASO,ES,Federal Contract Tower,0,2,26,1,29,0,0,89,6,95,0,2,115,7,124,120,0,120,244
08/23/2010,CRE,SC,ASO,ES,Federal Contract Tower,0,4,15,1,20,0,10,86,0,96,0,14,101,1,116,92,0,92,208
08/24/2010,CRE,SC,ASO,ES,Federal Contract Tower,0,2,16,0,18,0,0,74,0,74,0,2,90,0,92,96,0,96,188
08/25/2010,CRE,SC,ASO,ES,Federal Contract Tower,0,3,15,3,21,0,35,97,2,134,0,38,112,5,155,114,0,114,269
08/26/2010,CRE,SC,ASO,ES,Federal Contract Tower,0,3,23,4,30,0,54,79,0,133,0,57,102,4,163,106,0,106,269
08/27/2010,CRE,SC,ASO,ES,Federal Contract Tower,0,2,21,1,24,0,41,77,0,118,0,43,98,1,142,120,0,120,262
08/28/2010,CRE,SC,ASO,ES,Federal Contract Tower,0,0,19,0,19,0,14,62,0,76,0,14,81,0,95,126,0,126,221
08/29/2010,CRE,SC,ASO,ES,Federal Contract Tower,0,0,22,0,22,0,0,111,0,111,0,0,133,0,133,84,0,84,217
08/30/2010,CRE,SC,ASO,ES,Federal Contract Tower,0,4,21,10,35,0,8,95,0,103,0,12,116,10,138,66,0,66,204
08/31/2010,CRE,SC,ASO,ES,Federal Contract Tower,0,2,9,2,13,0,20,48,1,69,0,22,57,3,82,90,2,92,174
09/01/2010,CRE,SC,ASO,ES,Federal Contract Tower,0,2,24,0,26,0,76,89,0,165,0,78,113,0,191,76,0,76,267
09/02/2010,CRE,SC,ASO,ES,Federal Contract Tower,0,0,17,1,18,0,18,28,0,46,0,18,45,1,64,22,0,22,86
09/03/2010,CRE,SC,ASO,ES,Federal Contract Tower,0,2,29,0,31,0,10,61,2,73,0,12,90,2,104,94,0,94,198
09/04/2010,CRE,SC,ASO,ES,Federal Contract Tower,0,0,8,1,9,0,26,86,0,112,0,26,94,1,121,132,0,132,253
09/05/2010,CRE,SC,ASO,ES,Federal Contract Tower,0,0,29,0,29,0,45,126,0,171,0,45,155,0,200,92,0,92,292
09/06/2010,CRE,SC,ASO,ES,Federal Contract Tower,0,0,32,0,32,0,34,96,0,130,0,34,128,0,162,94,0,94,256
09/07/2010,CRE,SC,ASO,ES,Federal Contract Tower,0,6,25,2,33,0,7,57,0,64,0,13,82,2,97,22,0,22,119
09/08/2010,CRE,SC,ASO,ES,Federal Contract Tower,0,5,7,4,16,0,26,29,0,55,0,31,36,4,71,8,2,10,81
09/09/2010,CRE,SC,ASO,ES,Federal Contract Tower,0,5,14,2,21,0,6,26,8,40,0,11,40,10,61,12,0,12,73
09/10/2010,CRE,SC,ASO,ES,Federal Contract Tower,0,8,22,1,31,0,40,59,5,104,0,48,81,6,135,18,0,18,153
09/11/2010,CRE,SC,ASO,ES,Federal Contract Tower,0,0,20,0,20,0,21,37,0,58,0,21,57,0,78,40,0,40,118
09/12/2010,CRE,SC,ASO,ES,Federal Contract Tower,0,5,29,0,34,0,0,51,1,52,0,5,80,1,86,12,0,12,98
09/13/2010,CRE,SC,ASO,ES,Federal Contract Tower,0,2,13,0,15,0,0,48,0,48,0,2,61,0,63,18,0,18,81
09/14/2010,CRE,SC,ASO,ES,Federal Contract Tower,0,2,15,0,17,0,10,47,0,57,0,12,62,0,74,20,0,20,94
09/15/2010,CRE,SC,ASO,ES,Federal Contract Tower,0,3,14,2,19,0,24,40,0,64,0,27,54,2,83,24,0,24,107
09/16/2010,CRE,SC,ASO,ES,Federal Contract Tower,0,2,35,2,39,0,42,37,0,79,0,44,72,2,118,20,0,20,138
09/17/2010,CRE,SC,ASO,ES,Federal Contract Tower,0,3,28,1,32,0,28,31,4,63,0,31,59,5,95,22,0,22,117
09/18/2010,CRE,SC,ASO,ES,Federal Contract Tower,0,2,23,0,25,0,20,37,0,57,0,22,60,0,82,18,0,18,100
09/19/2010,CRE,SC,ASO,ES,Federal Contract Tower,0,0,31,0,31,0,0,67,0,67,0,0,98,0,98,20,0,20,118
09/20/2010,CRE,SC,ASO,ES,Federal Contract Tower,0,6,6,0,12,0,0,34,0,34,0,6,40,0,46,8,0,8,54
09/21/2010,CRE,SC,ASO,ES,Federal Contract Tower,0,2,17,0,19,0,0,37,0,37,0,2,54,0,56,24,0,24,80
09/22/2010,CRE,SC,ASO,ES,Federal Contract Tower,0,8,24,0,32,0,9,34,4,47,0,17,58,4,79,20,0,20,99
09/23/2010,CRE,SC,ASO,ES,Federal Contract Tower,0,2,26,4,32,0,28,41,0,69,0,30,67,4,101,34,0,34,135
09/24/2010,CRE,SC,ASO,ES,Federal Contract Tower,0,2,22,4,28,0,18,42,0,60,0,20,64,4,88,12,0,12,100
09/25/2010,CRE,SC,ASO,ES,Federal Contract Tower,0,4,23,0,27,0,15,37,0,52,0,19,60,0,79,30,0,30,109
09/26/2010,CRE,SC,ASO,ES,Federal Contract Tower,0,0,30,0,30,0,0,23,2,25,0,0,53,2,55,4,0,4,59
09/27/2010,CRE,SC,ASO,ES,Federal Contract Tower,0,2,8,0,10,0,0,0,0,0,0,2,8,0,10,0,0,0,10
09/28/2010,CRE,SC,ASO,ES,Federal Contract Tower,0,2,25,0,27,0,2,18,0,20,0,4,43,0,47,6,0,6,53
09/29/2010,CRE,SC,ASO,ES,Federal Contract Tower,0,2,11,0,13,0,0,0,0,0,0,2,11,0,13,0,0,0,13
09/30/2010,CRE,SC,ASO,ES,Federal Contract Tower,0,3,15,0,18,0,0,0,0,0,0,3,15,0,18,0,0,0,18
10/01/2010,CRE,SC,ASO,ES,Federal Contract Tower,0,2,35,3,40,0,8,40,0,48,0,10,75,3,88,10,0,10,98
10/02/2010,CRE,SC,ASO,ES,Federal Contract Tower,0,2,27,6,35,0,8,55,0,63,0,10,82,6,98,22,0,22,120
10/03/2010,CRE,SC,ASO,ES,Federal Contract Tower,0,0,33,1,34,0,0,66,0,66,0,0,99,1,100,18,0,18,118
10/04/2010,CRE,SC,ASO,ES,Federal Contract Tower,0,2,11,10,23,0,0,17,13,30,0,2,28,23,53,0,0,0,53
10/05/2010,CRE,SC,ASO,ES,Federal Contract Tower,0,2,21,14,37,0,0,41,8,49,0,2,62,22,86,18,0,18,104
10/06/2010,CRE,SC,ASO,ES,Federal Contract Tower,0,4,23,5,32,0,14,39,1,54,0,18,62,6,86,18,0,18,104
10/07/2010,CRE,SC,ASO,ES,Federal Contract Tower,0,2,43,7,52,0,22,52,1,75,0,24,95,8,127,32,0,32,159
10/08/2010,CRE,SC,ASO,ES,Federal Contract Tower,0,2,30,8,40,0,24,63,4,91,0,26,93,12,131,28,0,28,159
10/09/2010,CRE,SC,ASO,ES,Federal Contract Tower,0,0,16,0,16,0,22,54,0,76,0,22,70,0,92,30,0,30,122
10/10/2010,CRE,SC,ASO,ES,Federal Contract Tower,0,0,22,0,22,0,9,75,0,84,0,9,97,0,106,20,0,20,126
10/11/2010,CRE,SC,ASO,ES,Federal Contract Tower,0,2,13,1,16,0,1,68,0,69,0,3,81,1,85,34,0,34,119
10/12/2010,CRE,SC,ASO,ES,Federal Contract Tower,0,2,18,0,20,0,8,41,1,50,0,10,59,1,70,28,0,28,98
10/13/2010,CRE,SC,ASO,ES,Federal Contract Tower,0,4,20,0,24,0,12,40,8,60,0,16,60,8,84,20,0,20,104
10/14/2010,CRE,SC,ASO,ES,Federal Contract Tower,0,3,14,2,19,0,8,14,0,22,0,11,28,2,41,10,0,10,51
10/15/2010,CRE,SC,ASO,ES,Federal Contract Tower,0,3,17,0,20,0,4,37,2,43,0,7,54,2,63,18,0,18,81
10/16/2010,CRE,SC,ASO,ES,Federal Contract Tower,0,4,5,0,9,0,12,39,0,51,0,16,44,0,60,22,0,22,82
10/17/2010,CRE,SC,ASO,ES,Federal Contract Tower,0,0,31,0,31,0,10,82,0,92,0,10,113,0,123,16,2,18,141
10/18/2010,CRE,SC,ASO,ES,Federal Contract Tower,0,2,8,0,10,0,0,47,0,47,0,2,55,0,57,42,0,42,99
10/19/2010,CRE,SC,ASO,ES,Federal Contract Tower,0,2,16,6,24,0,4,39,6,49,0,6,55,12,73,24,0,24,97
10/20/2010,CRE,SC,ASO,ES,Federal Contract Tower,0,2,38,10,50,0,0,49,4,53,0,2,87,14,103,30,0,30,133
10/21/2010,CRE,SC,ASO,ES,Federal Contract Tower,0,5,16,5,26,0,0,34,3,37,0,5,50,8,63,6,2,8,71
10/22/2010,CRE,SC,ASO,ES,Federal Contract Tower,0,4,28,2,34,0,2,49,0,51,0,6,77,2,85,8,0,8,93
10/23/2010,CRE,SC,ASO,ES,Federal Contract Tower,0,0,15,0,15,0,7,49,0,56,0,7,64,0,71,10,0,10,81
10/24/2010,CRE,SC,ASO,ES,Federal Contract Tower,0,3,40,0,43,0,0,70,0,70,0,3,110,0,113,16,0,16,129
10/25/2010,CRE,SC,ASO,ES,Federal Contract Tower,0,2,7,0,9,0,0,9,0,9,0,2,16,0,18,22,0,22,40
10/26/2010,CRE,SC,ASO,ES,Federal Contract Tower,0,3,20,4,27,0,0,15,3,18,0,3,35,7,45,0,0,0,45
10/27/2010,CRE,SC,ASO,ES,Federal Contract Tower,0,2,22,0,24,0,0,5,0,5,0,2,27,0,29,0,0,0,29
10/28/2010,CRE,SC,ASO,ES,Federal Contract Tower,0,2,23,3,28,0,0,0,3,3,0,2,23,6,31,0,0,0,31
10/29/2010,CRE,SC,ASO,ES,Federal Contract Tower,0,2,29,7,38,0,4,39,4,47,0,6,68,11,85,0,8,8,93
10/30/2010,CRE,SC,ASO,ES,Federal Contract Tower,0,1,30,0,31,0,14,59,0,73,0,15,89,0,104,12,0,12,116
10/31/2010,CRE,SC,ASO,ES,Federal Contract Tower,0,0,25,0,25,0,2,45,0,47,0,2,70,0,72,10,0,10,82
11/01/2010,CRE,SC,ASO,ES,Federal Contract Tower,0,2,24,13,39,0,2,28,0,30,0,4,52,13,69,8,0,8,77
11/02/2010,CRE,SC,ASO,ES,Federal Contract Tower,0,2,11,0,13,0,0,37,2,39,0,2,48,2,52,30,0,30,82
11/03/2010,CRE,SC,ASO,ES,Federal Contract Tower,0,3,28,2,33,0,0,2,0,2,0,3,30,2,35,2,0,2,37
11/04/2010,CRE,SC,ASO,ES,Federal Contract Tower,0,3,19,0,22,0,0,0,0,0,0,3,19,0,22,0,0,0,22
11/05/2010,CRE,SC,ASO,ES,Federal Contract Tower,0,2,17,0,19,0,0,31,0,31,0,2,48,0,50,8,0,8,58
11/06/2010,CRE,SC,ASO,ES,Federal Contract Tower,0,2,35,6,43,0,0,24,3,27,0,2,59,9,70,4,0,4,74
11/07/2010,CRE,SC,ASO,ES,Federal Contract Tower,0,0,17,0,17,0,0,48,0,48,0,0,65,0,65,0,0,0,65
11/08/2010,CRE,SC,ASO,ES,Federal Contract Tower,0,2,23,0,25,0,0,61,3,64,0,2,84,3,89,2,0,2,91
11/09/2010,CRE,SC,ASO,ES,Federal Contract Tower,0,2,13,1,16,0,0,41,4,45,0,2,54,5,61,6,0,6,67
11/10/2010,CRE,SC,ASO,ES,Federal Contract Tower,0,3,22,1,26,0,0,58,4,62,0,3,80,5,88,10,0,10,98
11/11/2010,CRE,SC,ASO,ES,Federal Contract Tower,0,6,31,0,37,0,0,51,2,53,0,6,82,2,90,0,0,0,90
11/12/2010,CRE,SC,ASO,ES,Federal Contract Tower,0,2,30,0,32,0,0,34,0,34,0,2,64,0,66,0,0,0,66
11/13/2010,CRE,SC,ASO,ES,Federal Contract Tower,0,0,16,0,16,0,4,44,4,52,0,4,60,4,68,18,0,18,86
11/14/2010,CRE,SC,ASO,ES,Federal Contract Tower,0,4,36,0,40,0,0,70,0,70,0,4,106,0,110,16,0,16,126
11/15/2010,CRE,SC,ASO,ES,Federal Contract Tower,0,3,12,2,17,0,0,36,1,37,0,3,48,3,54,8,0,8,62
11/16/2010,CRE,SC,ASO,ES,Federal Contract Tower,0,2,5,1,8,0,2,8,1,11,0,4,13,2,19,0,0,0,19
11/17/2010,CRE,SC,ASO,ES,Federal Contract Tower,0,2,8,0,10,0,0,13,8,21,0,2,21,8,31,6,0,6,37
11/18/2010,CRE,SC,ASO,ES,Federal Contract Tower,0,3,31,2,36,0,0,45,2,47,0,3,76,4,83,26,0,26,109
11/19/2010,CRE,SC,ASO,ES,Federal Contract Tower,0,4,24,4,32,0,3,29,0,32,0,7,53,4,64,16,0,16,80
11/20/2010,CRE,SC,ASO,ES,Federal Contract Tower,0,0,25,0,25,0,6,49,0,55,0,6,74,0,80,16,0,16,96
11/21/2010,CRE,SC,ASO,ES,Federal Contract Tower,0,0,26,0,26,0,0,53,4,57,0,0,79,4,83,4,0,4,87
11/22/2010,CRE,SC,ASO,ES,Federal Contract Tower,0,2,20,0,22,0,0,40,0,40,0,2,60,0,62,14,0,14,76
11/23/2010,CRE,SC,ASO,ES,Federal Contract Tower,0,2,20,3,25,0,0,32,4,36,0,2,52,7,61,10,0,10,71
11/24/2010,CRE,SC,ASO,ES,Federal Contract Tower,0,2,28,6,36,0,0,41,0,41,0,2,69,6,77,16,0,16,93
11/25/2010,CRE,SC,ASO,ES,Federal Contract Tower,0,0,11,0,11,0,0,8,0,8,0,0,19,0,19,2,0,2,21
11/26/2010,CRE,SC,ASO,ES,Federal Contract Tower,0,2,20,0,22,0,0,1,0,1,0,2,21,0,23,0,0,0,23
11/27/2010,CRE,SC,ASO,ES,Federal Contract Tower,0,3,30,0,33,0,18,49,0,67,0,21,79,0,100,10,0,10,110
11/28/2010,CRE,SC,ASO,ES,Federal Contract Tower,0,3,26,0,29,0,0,44,0,44,0,3,70,0,73,0,0,0,73
11/29/2010,CRE,SC,ASO,ES,Federal Contract Tower,0,2,19,2,23,0,0,29,0,29,0,2,48,2,52,26,0,26,78
11/30/2010,CRE,SC,ASO,ES,Federal Contract Tower,0,2,16,10,28,0,8,14,5,27,0,10,30,15,55,2,0,2,57
12/01/2010,CRE,SC,ASO,ES,Federal Contract Tower,0,2,6,4,12,0,4,9,0,13,0,6,15,4,25,0,0,0,25
12/02/2010,CRE,SC,ASO,ES,Federal Contract Tower,0,2,18,4,24,0,0,53,6,59,0,2,71,10,83,18,2,20,103
12/03/2010,CRE,SC,ASO,ES,Federal Contract Tower,0,2,18,7,27,0,0,31,0,31,0,2,49,7,58,10,0,10,68
12/04/2010,CRE,SC,ASO,ES,Federal Contract Tower,0,1,27,2,30,0,4,29,0,33,0,5,56,2,63,0,0,0,63
12/05/2010,CRE,SC,ASO,ES,Federal Contract Tower,0,0,14,0,14,0,0,12,8,20,0,0,26,8,34,6,0,6,40
12/06/2010,CRE,SC,ASO,ES,Federal Contract Tower,0,4,13,4,21,0,0,7,3,10,0,4,20,7,31,2,0,2,33
12/07/2010,CRE,SC,ASO,ES,Federal Contract Tower,0,4,12,4,20,0,0,20,0,20,0,4,32,4,40,0,0,0,40
12/08/2010,CRE,SC,ASO,ES,Federal Contract Tower,0,2,16,2,20,0,0,11,0,11,0,2,27,2,31,0,0,0,31
12/09/2010,CRE,SC,ASO,ES,Federal Contract Tower,0,2,15,2,19,0,0,36,2,38,0,2,51,4,57,34,0,34,91
12/10/2010,CRE,SC,ASO,ES,Federal Contract Tower,0,2,12,0,14,0,0,30,13,43,0,2,42,13,57,16,2,18,75
12/11/2010,CRE,SC,ASO,ES,Federal Contract Tower,0,0,8,0,8,0,0,0,0,0,0,0,8,0,8,0,0,0,8
12/12/2010,CRE,SC,ASO,ES,Federal Contract Tower,0,0,8,5,13,0,0,0,0,0,0,0,8,5,13,0,0,0,13
12/13/2010,CRE,SC,ASO,ES,Federal Contract Tower,0,4,7,4,15,0,0,5,9,14,0,4,12,13,29,0,0,0,29
12/14/2010,CRE,SC,ASO,ES,Federal Contract Tower,0,2,6,5,13,0,0,16,2,18,0,2,22,7,31,0,0,0,31
12/15/2010,CRE,SC,ASO,ES,Federal Contract Tower,0,5,13,2,20,0,0,28,0,28,0,5,41,2,48,34,0,34,82
12/16/2010,CRE,SC,ASO,ES,Federal Contract Tower,0,2,2,2,6,0,0,3,0,3,0,2,5,2,9,2,2,4,13
12/17/2010,CRE,SC,ASO,ES,Federal Contract Tower,0,2,23,0,25,0,1,20,0,21,0,3,43,0,46,4,0,4,50
12/18/2010,CRE,SC,ASO,ES,Federal Contract Tower,0,2,3,0,5,0,0,0,0,0,0,2,3,0,5,0,0,0,5
12/19/2010,CRE,SC,ASO,ES,Federal Contract Tower,0,0,9,0,9,0,0,4,24,28,0,0,13,24,37,0,0,0,37
12/20/2010,CRE,SC,ASO,ES,Federal Contract Tower,0,2,20,0,22,0,0,32,0,32,0,2,52,0,54,16,0,16,70
12/21/2010,CRE,SC,ASO,ES,Federal Contract Tower,0,2,18,8,28,0,0,30,1,31,0,2,48,9,59,0,0,0,59
12/22/2010,CRE,SC,ASO,ES,Federal Contract Tower,0,5,17,10,32,0,0,8,2,10,0,5,25,12,42,0,0,0,42
12/23/2010,CRE,SC,ASO,ES,Federal Contract Tower,0,3,18,7,28,0,0,23,0,23,0,3,41,7,51,10,0,10,61
12/24/2010,CRE,SC,ASO,ES,Federal Contract Tower,0,0,6,0,6,0,0,24,0,24,0,0,30,0,30,8,0,8,38
12/25/2010,CRE,SC,ASO,ES,Federal Contract Tower,0,0,2,0,2,0,0,11,0,11,0,0,13,0,13,0,0,0,13
12/26/2010,CRE,SC,ASO,ES,Federal Contract Tower,0,0,3,0,3,0,0,0,0,0,0,0,3,0,3,0,0,0,3
12/27/2010,CRE,SC,ASO,ES,Federal Contract Tower,0,2,5,0,7,0,0,15,0,15,0,2,20,0,22,0,0,0,22
12/28/2010,CRE,SC,ASO,ES,Federal Contract Tower,0,2,22,0,24,0,0,31,1,32,0,2,53,1,56,2,0,2,58
12/29/2010,CRE,SC,ASO,ES,Federal Contract Tower,0,2,29,3,34,0,2,44,1,47,0,4,73,4,81,52,0,52,133
12/30/2010,CRE,SC,ASO,ES,Federal Contract Tower,0,2,31,0,33,0,0,54,3,57,0,2,85,3,90,26,0,26,116
12/31/2010,CRE,SC,ASO,ES,Federal Contract Tower,0,0,20,0,20,0,0,37,0,37,0,0,57,0,57,8,0,8,65
01/01/2011,CRE,SC,ASO,ES,Federal Contract Tower,0,0,25,0,25,0,16,39,0,55,0,16,64,0,80,10,0,10,90
01/02/2011,CRE,SC,ASO,ES,Federal Contract Tower,0,2,39,2,43,0,0,16,0,16,0,2,55,2,59,6,0,6,65
01/03/2011,CRE,SC,ASO,ES,Federal Contract Tower,0,2,19,4,25,0,0,38,0,38,0,2,57,4,63,0,0,0,63
01/04/2011,CRE,SC,ASO,ES,Federal Contract Tower,0,2,20,0,22,0,0,47,0,47,0,2,67,0,69,36,0,36,105
01/05/2011,CRE,SC,ASO,ES,Federal Contract Tower,0,2,7,2,11,0,0,26,2,28,0,2,33,4,39,2,0,2,41
01/06/2011,CRE,SC,ASO,ES,Federal Contract Tower,0,4,8,0,12,0,0,12,8,20,0,4,20,8,32,0,0,0,32
01/07/2011,CRE,SC,ASO,ES,Federal Contract Tower,0,2,9,6,17,0,0,33,3,36,0,2,42,9,53,14,0,14,67
01/08/2011,CRE,SC,ASO,ES,Federal Contract Tower,0,0,3,0,3,0,2,12,2,16,0,2,15,2,19,0,0,0,19
01/09/2011,CRE,SC,ASO,ES,Federal Contract Tower,0,0,24,10,34,0,0,27,0,27,0,0,51,10,61,0,0,0,61
01/10/2011,CRE,SC,ASO,ES,Federal Contract Tower,0,0,1,0,1,0,0,0,0,0,0,0,1,0,1,0,0,0,1
01/11/2011,CRE,SC,ASO,ES,Federal Contract Tower,0,2,8,0,10,0,0,0,0,0,0,2,8,0,10,0,0,0,10
01/12/2011,CRE,SC,ASO,ES,Federal Contract Tower,0,2,6,5,13,0,0,19,4,23,0,2,25,9,36,6,0,6,42
01/13/2011,CRE,SC,ASO,ES,Federal Contract Tower,0,4,11,1,16,0,0,57,8,65,0,4,68,9,81,28,4,32,113
01/14/2011,CRE,SC,ASO,ES,Federal Contract Tower,0,2,9,4,15,0,0,28,0,28,0,2,37,4,43,2,2,4,47
01/15/2011,CRE,SC,ASO,ES,Federal Contract Tower,0,0,17,0,17,0,0,35,0,35,0,0,52,0,52,6,0,6,58
01/16/2011,CRE,SC,ASO,ES,Federal Contract Tower,0,0,8,0,8,0,0,38,0,38,0,0,46,0,46,24,0,24,70
01/17/2011,CRE,SC,ASO,ES,Federal Contract Tower,0,2,18,2,22,0,0,5,0,5,0,2,23,2,27,0,0,0,27
01/18/2011,CRE,SC,ASO,ES,Federal Contract Tower,0,2,5,4,11,0,0,0,0,0,0,2,5,4,11,0,0,0,11
01/19/2011,CRE,SC,ASO,ES,Federal Contract Tower,0,4,17,2,23,0,0,5,2,7,0,4,22,4,30,6,0,6,36
01/20/2011,CRE,SC,ASO,ES,Federal Contract Tower,0,4,14,9,27,0,0,50,7,57,0,4,64,16,84,34,0,34,118
01/21/2011,CRE,SC,ASO,ES,Federal Contract Tower,0,2,18,4,24,0,0,27,6,33,0,2,45,10,57,6,0,6,63
01/22/2011,CRE,SC,ASO,ES,Federal Contract Tower,0,0,2,0,2,0,0,7,0,7,0,0,9,0,9,4,0,4,13
01/23/2011,CRE,SC,ASO,ES,Federal Contract Tower,0,0,19,0,19,0,0,60,0,60,0,0,79,0,79,20,0,20,99
01/24/2011,CRE,SC,ASO,ES,Federal Contract Tower,0,2,10,0,12,0,2,31,1,34,0,4,41,1,46,0,0,0,46
01/25/2011,CRE,SC,ASO,ES,Federal Contract Tower,0,2,5,0,7,0,0,0,0,0,0,2,5,0,7,0,0,0,7
01/26/2011,CRE,SC,ASO,ES,Federal Contract Tower,0,4,0,2,6,0,0,0,0,0,0,4,0,2,6,0,0,0,6
01/27/2011,CRE,SC,ASO,ES,Federal Contract Tower,0,2,15,5,22,0,0,57,5,62,0,2,72,10,84,10,18,28,112
01/28/2011,CRE,SC,ASO,ES,Federal Contract Tower,0,2,15,12,29,0,0,21,1,22,0,2,36,13,51,4,2,6,57
01/29/2011,CRE,SC,ASO,ES,Federal Contract Tower,0,2,21,0,23,0,2,33,0,35,0,4,54,0,58,0,0,0,58
01/30/2011,CRE,SC,ASO,ES,Federal Contract Tower,0,2,14,0,16,0,0,38,0,38,0,2,52,0,54,0,0,0,54
01/31/2011,CRE,SC,ASO,ES,Federal Contract Tower,0,2,9,2,13,0,0,14,0,14,0,2,23,2,27,0,0,0,27
02/01/2011,CRE,SC,ASO,ES,Federal Contract Tower,0,2,7,2,11,0,0,5,0,5,0,2,12,2,16,0,0,0,16
02/02/2011,CRE,SC,ASO,ES,Federal Contract Tower,0,2,14,3,19,0,0,4,0,4,0,2,18,3,23,0,0,0,23
02/03/2011,CRE,SC,ASO,ES,Federal Contract Tower,0,2,14,0,16,0,0,27,0,27,0,2,41,0,43,22,0,22,65
02/04/2011,CRE,SC,ASO,ES,Federal Contract Tower,0,2,2,0,4,0,0,0,0,0,0,2,2,0,4,0,0,0,4
02/05/2011,CRE,SC,ASO,ES,Federal Contract Tower,0,0,1,0,1,0,0,0,0,0,0,0,1,0,1,0,0,0,1
02/06/2011,CRE,SC,ASO,ES,Federal Contract Tower,0,0,26,0,26,0,0,62,0,62,0,0,88,0,88,30,0,30,118
02/07/2011,CRE,SC,ASO,ES,Federal Contract Tower,0,4,7,4,15,0,0,22,0,22,0,4,29,4,37,0,0,0,37
02/08/2011,CRE,SC,ASO,ES,Federal Contract Tower,0,2,8,8,18,0,0,41,10,51,0,2,49,18,69,10,22,32,101
02/09/2011,CRE,SC,ASO,ES,Federal Contract Tower,0,2,21,0,23,0,0,42,6,48,0,2,63,6,71,10,0,10,81
02/10/2011,CRE,SC,ASO,ES,Federal Contract Tower,0,4,11,0,15,0,0,8,0,8,0,4,19,0,23,0,0,0,23
02/11/2011,CRE,SC,ASO,ES,Federal Contract Tower,0,3,42,0,45,0,0,23,3,26,0,3,65,3,71,0,0,0,71
02/12/2011,CRE,SC,ASO,ES,Federal Contract Tower,0,1,13,2,16,0,16,40,0,56,0,17,53,2,72,2,0,2,74
02/13/2011,CRE,SC,ASO,ES,Federal Contract Tower,0,0,35,0,35,0,0,44,1,45,0,0,79,1,80,2,0,2,82
02/14/2011,CRE,SC,ASO,ES,Federal Contract Tower,0,6,11,4,21,0,0,32,0,32,0,6,43,4,53,14,0,14,67
02/15/2011,CRE,SC,ASO,ES,Federal Contract Tower,0,2,7,2,11,0,0,43,2,45,0,2,50,4,56,2,0,2,58
02/16/2011,CRE,SC,ASO,ES,Federal Contract Tower,0,2,23,2,27,0,2,59,2,63,0,4,82,4,90,2,0,2,92
02/17/2011,CRE,SC,ASO,ES,Federal Contract Tower,0,0,23,0,23,0,4,59,4,67,0,4,82,4,90,46,0,46,136
02/18/2011,CRE,SC,ASO,ES,Federal Contract Tower,0,4,40,0,44,0,0,40,4,44,0,4,80,4,88,0,0,0,88
02/19/2011,CRE,SC,ASO,ES,Federal Contract Tower,0,0,17,0,17,0,16,46,0,62,0,16,63,0,79,26,0,26,105
02/20/2011,CRE,SC,ASO,ES,Federal Contract Tower,0,0,35,0,35,0,1,95,0,96,0,1,130,0,131,34,0,34,165
02/21/2011,CRE,SC,ASO,ES,Federal Contract Tower,0,4,17,0,21,0,0,43,0,43,0,4,60,0,64,4,0,4,68
02/22/2011,CRE,SC,ASO,ES,Federal Contract Tower,0,2,19,0,21,0,0,34,2,36,0,2,53,2,57,0,0,0,57
02/23/2011,CRE,SC,ASO,ES,Federal Contract Tower,0,2,34,3,39,0,0,48,1,49,0,2,82,4,88,6,0,6,94
02/24/2011,CRE,SC,ASO,ES,Federal Contract Tower,0,5,21,4,30,0,2,63,9,74,0,7,84,13,104,26,4,30,134
02/25/2011,CRE,SC,ASO,ES,Federal Contract Tower,0,2,5,0,7,0,0,11,8,19,0,2,16,8,26,0,0,0,26
02/26/2011,CRE,SC,ASO,ES,Federal Contract Tower,0,2,44,0,46,0,0,31,5,36,0,2,75,5,82,18,0,18,100
02/27/2011,CRE,SC,ASO,ES,Federal Contract Tower,0,0,15,0,15,0,4,44,0,48,0,4,59,0,63,10,0,10,73
02/28/2011,CRE,SC,ASO,ES,Federal Contract Tower,0,4,11,1,16,0,0,0,0,0,0,4,11,1,16,0,0,0,16
03/01/2011,CRE,SC,ASO,ES,Federal Contract Tower,0,3,14,2,19,0,0,26,2,28,0,3,40,4,47,10,0,10,57
03/02/2011,CRE,SC,ASO,ES,Federal Contract Tower,0,2,27,3,32,0,2,59,1,62,0,4,86,4,94,34,0,34,128
03/03/2011,CRE,SC,ASO,ES,Federal Contract Tower,0,4,19,13,36,0,0,39,4,43,0,4,58,17,79,8,6,14,93
03/04/2011,CRE,SC,ASO,ES,Federal Contract Tower,0,4,28,5,37,0,0,12,0,12,0,4,40,5,49,0,0,0,49
03/05/2011,CRE,SC,ASO,ES,Federal Contract Tower,0,1,18,0,19,0,12,28,0,40,0,13,46,0,59,8,0,8,67
03/06/2011,CRE,SC,ASO,ES,Federal Contract Tower,0,1,10,0,11,0,0,0,0,0,0,1,10,0,11,0,0,0,11
03/07/2011,CRE,SC,ASO,ES,Federal Contract Tower,0,2,13,5,20,0,0,41,5,46,0,2,54,10,66,30,0,30,96
03/08/2011,CRE,SC,ASO,ES,Federal Contract Tower,0,0,17,8,25,0,0,29,0,29,0,0,46,8,54,16,0,16,70
03/09/2011,CRE,SC,ASO,ES,Federal Contract Tower,0,2,19,8,29,0,0,30,3,33,0,2,49,11,62,4,0,4,66
03/10/2011,CRE,SC,ASO,ES,Federal Contract Tower,0,2,10,0,12,0,0,0,1,1,0,2,10,1,13,0,0,0,13
03/11/2011,CRE,SC,ASO,ES,Federal Contract Tower,0,3,27,2,32,0,2,22,12,36,0,5,49,14,68,0,0,0,68
03/12/2011,CRE,SC,ASO,ES,Federal Contract Tower,0,0,25,0,25,0,11,51,0,62,0,11,76,0,87,16,0,16,103
03/13/2011,CRE,SC,ASO,ES,Federal Contract Tower,0,1,32,0,33,0,0,86,4,90,0,1,118,4,123,42,0,42,165
03/14/2011,CRE,SC,ASO,ES,Federal Contract Tower,0,2,23,6,31,0,0,36,3,39,0,2,59,9,70,32,0,32,102
03/15/2011,CRE,SC,ASO,ES,Federal Contract Tower,0,7,18,6,31,0,0,35,2,37,0,7,53,8,68,50,0,50,118
03/16/2011,CRE,SC,ASO,ES,Federal Contract Tower,0,2,29,0,31,0,0,31,0,31,0,2,60,0,62,24,0,24,86
03/17/2011,CRE,SC,ASO,ES,Federal Contract Tower,0,2,31,3,36,0,0,88,5,93,0,2,119,8,129,30,0,30,159
03/18/2011,CRE,SC,ASO,ES,Federal Contract Tower,0,2,30,6,38,0,0,70,0,70,0,2,100,6,108,12,0,12,120
03/19/2011,CRE,SC,ASO,ES,Federal Contract Tower,0,0,10,0,10,0,14,39,0,53,0,14,49,0,63,16,0,16,79
03/20/2011,CRE,SC,ASO,ES,Federal Contract Tower,0,1,49,0,50,0,0,59,0,59,0,1,108,0,109,28,0,28,137
03/21/2011,CRE,SC,ASO,ES,Federal Contract Tower,0,2,12,0,14,0,2,44,4,50,0,4,56,4,64,2,0,2,66
03/22/2011,CRE,SC,ASO,ES,Federal Contract Tower,0,7,30,0,37,0,0,56,3,59,0,7,86,3,96,60,0,60,156
03/23/2011,CRE,SC,ASO,ES,Federal Contract Tower,0,5,22,3,30,0,5,46,0,51,0,10,68,3,81,32,0,32,113
03/24/2011,CRE,SC,ASO,ES,Federal Contract Tower,0,4,9,7,20,0,2,24,4,30,0,6,33,11,50,2,0,2,52
03/25/2011,CRE,SC,ASO,ES,Federal Contract Tower,0,4,34,4,42,0,2,54,0,56,0,6,88,4,98,6,4,10,108
03/26/2011,CRE,SC,ASO,ES,Federal Contract Tower,0,0,30,0,30,0,14,30,0,44,0,14,60,0,74,74,0,74,148
03/27/2011,CRE,SC,ASO,ES,Federal Contract Tower,0,2,29,0,31,0,0,0,0,0,0,2,29,0,31,0,0,0,31
03/28/2011,CRE,SC,ASO,ES,Federal Contract Tower,0,2,18,0,20,0,0,0,0,0,0,2,18,0,20,0,0,0,20
03/29/2011,CRE,SC,ASO,ES,Federal Contract Tower,0,4,28,4,36,0,0,53,4,57,0,4,81,8,93,64,0,64,157
03/30/2011,CRE,SC,ASO,ES,Federal Contract Tower,0,2,3,2,7,0,0,4,0,4,0,2,7,2,11,58,0,58,69
03/31/2011,CRE,SC,ASO,ES,Federal Contract Tower,0,2,10,2,14,0,0,0,0,0,0,2,10,2,14,0,0,0,14
04/01/2011,CRE,SC,ASO,ES,Federal Contract Tower,0,3,21,4,28,0,0,10,0,10,0,3,31,4,38,8,0,8,46
04/02/2011,CRE,SC,ASO,ES,Federal Contract Tower,0,1,21,0,22,0,10,29,0,39,0,11,50,0,61,0,0,0,61
04/03/2011,CRE,SC,ASO,ES,Federal Contract Tower,0,1,30,2,33,0,3,82,0,85,0,4,112,2,118,114,0,114,232
04/04/2011,CRE,SC,ASO,ES,Federal Contract Tower,0,4,14,3,21,0,0,18,5,23,0,4,32,8,44,16,2,18,62
04/05/2011,CRE,SC,ASO,ES,Federal Contract Tower,0,2,10,0,12,0,0,20,0,20,0,2,30,0,32,22,0,22,54
04/06/2011,CRE,SC,ASO,ES,Federal Contract Tower,0,3,15,7,25,0,2,59,0,61,0,5,74,7,86,78,0,78,164
04/07/2011,CRE,SC,ASO,ES,Federal Contract Tower,0,2,15,14,31,0,0,51,8,59,0,2,66,22,90,46,0,46,136
04/08/2011,CRE,SC,ASO,ES,Federal Contract Tower,0,6,23,2,31,0,3,51,4,58,0,9,74,6,89,62,0,62,151
04/09/2011,CRE,SC,ASO,ES,Federal Contract Tower,0,1,26,4,31,0,0,40,0,40,0,1,66,4,71,26,0,26,97
04/10/2011,CRE,SC,ASO,ES,Federal Contract Tower,0,9,36,0,45,0,2,41,0,43,0,11,77,0,88,0,0,0,88
04/11/2011,CRE,SC,ASO,ES,Federal Contract Tower,0,6,14,1,21,0,0,36,0,36,0,6,50,1,57,4,0,4,61
04/12/2011,CRE,SC,ASO,ES,Federal Contract Tower,0,5,16,0,21,0,0,10,2,12,0,5,26,2,33,0,0,0,33
04/13/2011,CRE,SC,ASO,ES,Federal Contract Tower,0,5,27,4,36,0,2,59,0,61,0,7,86,4,97,104,0,104,201
04/14/2011,CRE,SC,ASO,ES,Federal Contract Tower,0,3,23,9,35,0,0,75,3,78,0,3,98,12,113,64,0,64,177
04/15/2011,CRE,SC,ASO,ES,Federal Contract Tower,0,3,38,0,41,0,1,52,2,55,0,4,90,2,96,14,2,16,112
04/16/2011,CRE,SC,ASO,ES,Federal Contract Tower,0,0,7,0,7,0,0,0,0,0,0,0,7,0,7,0,0,0,7
04/17/2011,CRE,SC,ASO,ES,Federal Contract Tower,0,3,25,0,28,0,4,75,0,79,0,7,100,0,107,96,0,96,203
04/18/2011,CRE,SC,ASO,ES,Federal Contract Tower,0,2,13,4,19,0,0,58,6,64,0,2,71,10,83,4,0,4,87
04/19/2011,CRE,SC,ASO,ES,Federal Contract Tower,0,2,21,2,25,0,4,86,0,90,0,6,107,2,115,96,0,96,211
04/20/2011,CRE,SC,ASO,ES,Federal Contract Tower,0,4,37,0,41,0,48,62,4,114,0,52,99,4,155,64,0,64,219
04/21/2011,CRE,SC,ASO,ES,Federal Contract Tower,0,4,36,0,40,0,14,61,0,75,0,18,97,0,115,132,0,132,247
04/22/2011,CRE,SC,ASO,ES,Federal Contract Tower,0,3,30,0,33,0,4,11,0,15,0,7,41,0,48,12,0,12,60
04/23/2011,CRE,SC,ASO,ES,Federal Contract Tower,0,1,26,0,27,0,12,45,2,59,0,13,71,2,86,56,0,56,142
04/24/2011,CRE,SC,ASO,ES,Federal Contract Tower,0,0,38,0,38,0,0,77,0,77,0,0,115,0,115,54,0,54,169
04/25/2011,CRE,SC,ASO,ES,Federal Contract Tower,0,4,38,2,44,0,6,77,0,83,0,10,115,2,127,118,0,118,245
04/26/2011,CRE,SC,ASO,ES,Federal Contract Tower,0,4,18,0,22,0,0,20,0,20,0,4,38,0,42,0,0,0,42
04/27/2011,CRE,SC,ASO,ES,Federal Contract Tower,0,7,14,0,21,0,0,16,0,16,0,7,30,0,37,4,0,4,41
04/28/2011,CRE,SC,ASO,ES,Federal Contract Tower,0,4,25,0,29,0,0,0,0,0,0,4,25,0,29,0,0,0,29
04/29/2011,CRE,SC,ASO,ES,Federal Contract Tower,0,8,54,0,62,0,8,97,9,114,0,16,151,9,176,84,0,84,260
04/30/2011,CRE,SC,ASO,ES,Federal Contract Tower,0,3,30,0,33,0,44,112,6,162,0,47,142,6,195,114,0,114,309
05/01/2011,CRE,SC,ASO,ES,Federal Contract Tower,0,2,52,0,54,0,0,108,0,108,0,2,160,0,162,122,0,122,284
05/02/2011,CRE,SC,ASO,ES,Federal Contract Tower,0,4,17,1,22,0,0,48,0,48,0,4,65,1,70,72,0,72,142
05/03/2011,CRE,SC,ASO,ES,Federal Contract Tower,0,2,21,1,24,0,0,43,0,43,0,2,64,1,67,152,0,152,219
05/04/2011,CRE,SC,ASO,ES,Federal Contract Tower,0,5,11,0,16,0,0,29,5,34,0,5,40,5,50,10,0,10,60
05/05/2011,CRE,SC,ASO,ES,Federal Contract Tower,0,3,33,2,38,0,0,56,4,60,0,3,89,6,98,66,0,66,164
05/06/2011,CRE,SC,ASO,ES,Federal Contract Tower,0,7,25,2,34,0,0,21,0,21,0,7,46,2,55,8,0,8,63
05/07/2011,CRE,SC,ASO,ES,Federal Contract Tower,0,2,20,0,22,0,2,33,0,35,0,4,53,0,57,42,0,42,99
05/08/2011,CRE,SC,ASO,ES,Federal Contract Tower,0,4,22,0,26,0,4,24,0,28,0,8,46,0,54,30,0,30,84
05/09/2011,CRE,SC,ASO,ES,Federal Contract Tower,0,2,20,6,28,0,0,45,2,47,0,2,65,8,75,44,0,44,119
05/10/2011,CRE,SC,ASO,ES,Federal Contract Tower,0,2,10,0,12,0,0,18,0,18,0,2,28,0,30,36,0,36,66
05/11/2011,CRE,SC,ASO,ES,Federal Contract Tower,0,2,21,0,23,0,1,35,1,37,0,3,56,1,60,78,0,78,138
05/12/2011,CRE,SC,ASO,ES,Federal Contract Tower,0,5,27,1,33,0,3,37,0,40,0,8,64,1,73,90,0,90,163
05/13/2011,CRE,SC,ASO,ES,Federal Contract Tower,0,2,33,2,37,0,0,22,0,22,0,2,55,2,59,0,0,0,59
05/14/2011,CRE,SC,ASO,ES,Federal Contract Tower,0,0,8,0,8,0,2,11,0,13,0,2,19,0,21,60,0,60,81
05/15/2011,CRE,SC,ASO,ES,Federal Contract Tower,0,1,38,0,39,0,0,36,0,36,0,1,74,0,75,86,0,86,161
05/16/2011,CRE,SC,ASO,ES,Federal Contract Tower,0,2,21,4,27,0,0,40,0,40,0,2,61,4,67,28,0,28,95
05/17/2011,CRE,SC,ASO,ES,Federal Contract Tower,0,2,9,2,13,0,0,34,2,36,0,2,43,4,49,80,0,80,129
05/18/2011,CRE,SC,ASO,ES,Federal Contract Tower,0,2,20,1,23,0,0,41,7,48,0,2,61,8,71,104,12,116,187
05/19/2011,CRE,SC,ASO,ES,Federal Contract Tower,0,0,32,7,39,0,0,56,7,63,0,0,88,14,102,39,0,39,141
05/20/2011,CRE,SC,ASO,ES,Federal Contract Tower,0,3,26,0,29,0,0,42,0,42,0,3,68,0,71,64,2,66,137
05/21/2011,CRE,SC,ASO,ES,Federal Contract Tower,0,1,29,0,30,0,28,68,1,97,0,29,97,1,127,182,0,182,309
05/22/2011,CRE,SC,ASO,ES,Federal Contract Tower,0,2,41,1,44,0,12,61,4,77,0,14,102,5,121,80,0,80,201
05/23/2011,CRE,SC,ASO,ES,Federal Contract Tower,0,2,20,7,29,0,0,24,7,31,0,2,44,14,60,0,0,0,60
05/24/2011,CRE,SC,ASO,ES,Federal Contract Tower,0,2,15,7,24,0,0,49,1,50,0,2,64,8,74,122,0,122,196
05/25/2011,CRE,SC,ASO,ES,Federal Contract Tower,0,2,22,4,28,0,0,53,6,59,0,2,75,10,87,102,22,124,211
05/26/2011,CRE,SC,ASO,ES,Federal Contract Tower,0,2,18,1,21,0,0,65,6,71,0,2,83,7,92,112,0,112,204
05/27/2011,CRE,SC,ASO,ES,Federal Contract Tower,0,4,14,0,18,0,0,25,0,25,0,4,39,0,43,22,0,22,65
05/28/2011,CRE,SC,ASO,ES,Federal Contract Tower,0,2,21,0,23,0,34,50,2,86,0,36,71,2,109,142,20,162,271
05/29/2011,CRE,SC,ASO,ES,Federal Contract Tower,0,0,11,0,11,0,35,89,3,127,0,35,100,3,138,138,0,138,276
05/30/2011,CRE,SC,ASO,ES,Federal Contract Tower,0,2,42,2,46,0,0,101,0,101,0,2,143,2,147,82,0,82,229
05/31/2011,CRE,SC,ASO,ES,Federal Contract Tower,0,4,10,2,16,0,1,58,2,61,0,5,68,4,77,128,0,128,205
06/01/2011,CRE,SC,ASO,ES,Federal Contract Tower,0,2,12,1,15,0,0,40,0,40,0,2,52,1,55,84,0,84,139
06/02/2011,CRE,SC,ASO,ES,Federal Contract Tower,0,2,37,0,39,0,6,95,0,101,0,8,132,0,140,109,0,109,249
06/03/2011,CRE,SC,ASO,ES,Federal Contract Tower,0,6,33,2,41,0,24,120,0,144,0,30,153,2,185,83,0,83,268
06/04/2011,CRE,SC,ASO,ES,Federal Contract Tower,0,2,26,0,28,0,20,88,0,108,0,22,114,0,136,96,0,96,232
06/05/2011,CRE,SC,ASO,ES,Federal Contract Tower,0,0,30,0,30,0,18,91,0,109,0,18,121,0,139,110,0,110,249
06/06/2011,CRE,SC,ASO,ES,Federal Contract Tower,0,4,15,8,27,0,1,86,0,87,0,5,101,8,114,56,0,56,170
06/07/2011,CRE,SC,ASO,ES,Federal Contract Tower,0,4,15,12,31,0,35,126,0,161,0,39,141,12,192,128,4,132,324
06/08/2011,CRE,SC,ASO,ES,Federal Contract Tower,0,2,27,4,33,0,75,133,4,212,0,77,160,8,245,130,0,130,375
06/09/2011,CRE,SC,ASO,ES,Federal Contract Tower,0,4,22,0,26,0,36,94,2,132,0,40,116,2,158,154,0,154,312
06/10/2011,CRE,SC,ASO,ES,Federal Contract Tower,0,4,26,0,30,0,39,123,4,166,0,43,149,4,196,130,0,130,326
06/11/2011,CRE,SC,ASO,ES,Federal Contract Tower,0,6,32,2,40,0,45,140,6,191,0,51,172,8,231,104,0,104,335
06/12/2011,CRE,SC,ASO,ES,Federal Contract Tower,0,0,37,0,37,0,16,72,5,93,0,16,109,5,130,124,0,124,254
06/13/2011,CRE,SC,ASO,ES,Federal Contract Tower,0,2,14,0,16,0,0,77,2,79,0,2,91,2,95,110,2,112,207
06/14/2011,CRE,SC,ASO,ES,Federal Contract Tower,0,2,20,4,26,0,36,74,1,111,0,38,94,5,137,100,0,100,237
06/15/2011,CRE,SC,ASO,ES,Federal Contract Tower,0,2,19,4,25,0,90,134,1,225,0,92,153,5,250,156,0,156,406
06/16/2011,CRE,SC,ASO,ES,Federal Contract Tower,0,4,21,7,32,0,46,85,0,131,0,50,106,7,163,90,0,90,253
06/17/2011,CRE,SC,ASO,ES,Federal Contract Tower,0,3,33,2,38,0,63,107,0,170,0,66,140,2,208,112,0,112,320
06/18/2011,CRE,SC,ASO,ES,Federal Contract Tower,0,0,27,0,27,0,52,114,0,166,0,52,141,0,193,116,0,116,309
06/19/2011,CRE,SC,ASO,ES,Federal Contract Tower,0,2,34,0,36,0,47,45,0,92,0,49,79,0,128,90,0,90,218
06/20/2011,CRE,SC,ASO,ES,Federal Contract Tower,0,3,25,5,33,0,8,93,0,101,0,11,118,5,134,130,0,130,264
06/21/2011,CRE,SC,ASO,ES,Federal Contract Tower,0,2,16,0,18,0,33,50,0,83,0,35,66,0,101,68,0,68,169
06/22/2011,CRE,SC,ASO,ES,Federal Contract Tower,0,7,17,6,30,0,67,93,0,160,0,74,110,6,190,76,0,76,266
06/23/2011,CRE,SC,ASO,ES,Federal Contract Tower,0,2,30,0,32,0,80,99,2,181,0,82,129,2,213,104,0,104,317
06/24/2011,CRE,SC,ASO,ES,Federal Contract Tower,0,4,30,5,39,0,74,124,2,200,0,78,154,7,239,106,0,106,345
06/25/2011,CRE,SC,ASO,ES,Federal Contract Tower,0,3,26,0,29,0,40,137,0,177,0,43,163,0,206,150,0,150,356
06/26/2011,CRE,SC,ASO,ES,Federal Contract Tower,0,1,23,2,26,0,42,123,0,165,0,43,146,2,191,118,0,118,309
06/27/2011,CRE,SC,ASO,ES,Federal Contract Tower,0,2,18,4,24,0,20,108,2,130,0,22,126,6,154,110,0,110,264
06/28/2011,CRE,SC,ASO,ES,Federal Contract Tower,0,5,15,2,22,0,63,89,4,156,0,68,104,6,178,92,0,92,270
06/29/2011,CRE,SC,ASO,ES,Federal Contract Tower,0,2,23,2,27,0,58,98,0,156,0,60,121,2,183,102,2,104,287
06/30/2011,CRE,SC,ASO,ES,Federal Contract Tower,0,2,31,0,33,0,68,60,4,132,0,70,91,4,165,50,0,50,215
07/01/2011,CRE,SC,ASO,ES,Federal Contract Tower,0,5,41,3,49,0,80,76,2,158,0,85,117,5,207,114,0,114,321
07/02/2011,CRE,SC,ASO,ES,Federal Contract Tower,0,4,33,0,37,0,99,84,0,183,0,103,117,0,220,136,0,136,356
07/03/2011,CRE,SC,ASO,ES,Federal Contract Tower,0,2,16,0,18,0,84,83,0,167,0,86,99,0,185,146,0,146,331
07/04/2011,CRE,SC,ASO,ES,Federal Contract Tower,0,0,20,8,28,0,76,126,2,204,0,76,146,10,232,142,0,142,374
07/05/2011,CRE,SC,ASO,ES,Federal Contract Tower,0,2,54,1,57,0,68,114,3,185,0,70,168,4,242,88,0,88,330
07/06/2011,CRE,SC,ASO,ES,Federal Contract Tower,0,4,28,0,32,0,109,104,0,213,0,113,132,0,245,116,0,116,361
07/07/2011,CRE,SC,ASO,ES,Federal Contract Tower,0,8,15,1,24,0,124,111,1,236,0,132,126,2,260,138,0,138,398
07/08/2011,CRE,SC,ASO,ES,Federal Contract Tower,0,2,17,0,19,0,25,9,0,34,0,27,26,0,53,2,0,2,55
07/09/2011,CRE,SC,ASO,ES,Federal Contract Tower,0,6,26,0,32,0,19,118,4,141,0,25,144,4,173,124,0,124,297
07/10/2011,CRE,SC,ASO,ES,Federal Contract Tower,0,2,33,2,37,0,28,110,0,138,0,30,143,2,175,132,0,132,307
07/11/2011,CRE,SC,ASO,ES,Federal Contract Tower,0,4,22,4,30,0,20,120,2,142,0,24,142,6,172,130,0,130,302
07/12/2011,CRE,SC,ASO,ES,Federal Contract Tower,0,2,16,3,21,0,36,91,2,129,0,38,107,5,150,96,0,96,246
07/13/2011,CRE,SC,ASO,ES,Federal Contract Tower,0,7,13,2,22,0,38,83,4,125,0,45,96,6,147,108,0,108,255
07/14/2011,CRE,SC,ASO,ES,Federal Contract Tower,0,2,21,4,27,0,92,105,0,197,0,94,126,4,224,136,0,136,360
07/15/2011,CRE,SC,ASO,ES,Federal Contract Tower,0,6,31,6,43,0,63,76,4,143,0,69,107,10,186,116,0,116,302
07/16/2011,CRE,SC,ASO,ES,Federal Contract Tower,0,3,30,0,33,0,66,70,2,138,0,69,100,2,171,74,0,74,245
07/17/2011,CRE,SC,ASO,ES,Federal Contract Tower,0,1,36,0,37,0,74,87,0,161,0,75,123,0,198,94,0,94,292
07/18/2011,CRE,SC,ASO,ES,Federal Contract Tower,0,2,13,0,15,0,42,133,0,175,0,44,146,0,190,124,0,124,314
07/19/2011,CRE,SC,ASO,ES,Federal Contract Tower,0,4,24,2,30,0,84,102,0,186,0,88,126,2,216,90,0,90,306
07/20/2011,CRE,SC,ASO,ES,Federal Contract Tower,0,4,20,2,26,0,64,141,1,206,0,68,161,3,232,112,0,112,344
07/21/2011,CRE,SC,ASO,ES,Federal Contract Tower,0,2,28,5,35,0,90,106,2,198,0,92,134,7,233,140,0,140,373
07/22/2011,CRE,SC,ASO,ES,Federal Contract Tower,0,3,33,1,37,0,87,106,8,201,0,90,139,9,238,122,0,122,360
07/23/2011,CRE,SC,ASO,ES,Federal Contract Tower,0,6,21,1,28,0,15,57,1,73,0,21,78,2,101,64,0,64,165
07/24/2011,CRE,SC,ASO,ES,Federal Contract Tower,0,2,20,0,22,0,29,95,2,126,0,31,115,2,148,78,0,78,226
07/25/2011,CRE,SC,ASO,ES,Federal Contract Tower,0,3,28,0,31,0,32,50,3,85,0,35,78,3,116,78,0,78,194
07/26/2011,CRE,SC,ASO,ES,Federal Contract Tower,0,2,17,2,21,0,2,11,2,15,0,4,28,4,36,0,0,0,36
07/27/2011,CRE,SC,ASO,ES,Federal Contract Tower,0,1,33,2,36,0,20,18,0,38,0,21,51,2,74,0,0,0,74
07/28/2011,CRE,SC,ASO,ES,Federal Contract Tower,0,3,21,0,24,0,86,70,2,158,0,89,91,2,182,70,0,70,252
07/29/2011,CRE,SC,ASO,ES,Federal Contract Tower,0,3,30,0,33,0,90,82,7,179,0,93,112,7,212,80,0,80,292
07/30/2011,CRE,SC,ASO,ES,Federal Contract Tower,0,0,23,0,23,0,92,90,0,182,0,92,113,0,205,108,0,108,313
07/31/2011,CRE,SC,ASO,ES,Federal Contract Tower,0,2,44,1,47,0,64,44,8,116,0,66,88,9,163,72,0,72,235
08/01/2011,CRE,SC,ASO,ES,Federal Contract Tower,0,4,20,0,24,0,18,87,8,113,0,22,107,8,137,126,0,126,263
08/02/2011,CRE,SC,ASO,ES,Federal Contract Tower,0,2,23,0,25,0,80,112,2,194,0,82,135,2,219,86,0,86,305
08/03/2011,CRE,SC,ASO,ES,Federal Contract Tower,0,2,23,8,33,0,108,85,4,197,0,110,108,12,230,106,0,106,336
08/04/2011,CRE,SC,ASO,ES,Federal Contract Tower,0,2,18,3,23,0,100,111,2,213,0,102,129,5,236,122,0,122,358
08/05/2011,CRE,SC,ASO,ES,Federal Contract Tower,0,4,22,0,26,0,34,98,0,132,0,38,120,0,158,86,0,86,244
08/06/2011,CRE,SC,ASO,ES,Federal Contract Tower,0,3,29,1,33,0,16,101,5,122,0,19,130,6,155,92,0,92,247
08/07/2011,CRE,SC,ASO,ES,Federal Contract Tower,0,1,23,0,24,0,32,121,1,154,0,33,144,1,178,136,0,136,314
08/08/2011,CRE,SC,ASO,ES,Federal Contract Tower,0,2,9,4,15,0,50,105,0,155,0,52,114,4,170,114,0,114,284
08/09/2011,CRE,SC,ASO,ES,Federal Contract Tower,0,2,9,0,11,0,72,102,0,174,0,74,111,0,185,102,0,102,287
08/10/2011,CRE,SC,ASO,ES,Federal Contract Tower,0,4,23,1,28,0,60,81,4,145,0,64,104,5,173,80,0,80,253
08/11/2011,CRE,SC,ASO,ES,Federal Contract Tower,0,2,25,3,30,0,78,73,1,152,0,80,98,4,182,118,0,118,300
08/12/2011,CRE,SC,ASO,ES,Federal Contract Tower,0,2,20,0,22,0,61,53,0,114,0,63,73,0,136,84,0,84,220
08/13/2011,CRE,SC,ASO,ES,Federal Contract Tower,0,1,11,0,12,0,68,77,2,147,0,69,88,2,159,102,0,102,261
08/14/2011,CRE,SC,ASO,ES,Federal Contract Tower,0,2,24,0,26,0,52,49,6,107,0,54,73,6,133,82,0,82,215
08/15/2011,CRE,SC,ASO,ES,Federal Contract Tower,0,2,11,0,13,0,16,88,0,104,0,18,99,0,117,134,0,134,251
08/16/2011,CRE,SC,ASO,ES,Federal Contract Tower,0,2,19,2,23,0,94,144,3,241,0,96,163,5,264,134,0,134,398
08/17/2011,CRE,SC,ASO,ES,Federal Contract Tower,0,2,15,3,20,0,120,83,0,203,0,122,98,3,223,110,0,110,333
08/18/2011,CRE,SC,ASO,ES,Federal Contract Tower,0,3,14,0,17,0,54,80,0,134,0,57,94,0,151,104,0,104,255
08/19/2011,CRE,SC,ASO,ES,Federal Contract Tower,0,3,17,0,20,0,73,127,0,200,0,76,144,0,220,98,0,98,318
08/20/2011,CRE,SC,ASO,ES,Federal Contract Tower,0,3,22,0,25,0,50,119,0,169,0,53,141,0,194,120,0,120,314
08/21/2011,CRE,SC,ASO,ES,Federal Contract Tower,0,5,20,0,25,0,63,122,4,189,0,68,142,4,214,146,0,146,360
08/22/2011,CRE,SC,ASO,ES,Federal Contract Tower,0,2,9,0,11,0,54,97,0,151,0,56,106,0,162,102,0,102,264
08/23/2011,CRE,SC,ASO,ES,Federal Contract Tower,0,3,17,0,20,0,60,82,0,142,0,63,99,0,162,134,0,134,296
08/24/2011,CRE,SC,ASO,ES,Federal Contract Tower,0,4,15,0,19,0,68,86,0,154,0,72,101,0,173,82,0,82,255
08/25/2011,CRE,SC,ASO,ES,Federal Contract Tower,0,3,21,0,24,0,76,53,0,129,0,79,74,0,153,52,0,52,205
08/26/2011,CRE,SC,ASO,ES,Federal Contract Tower,0,0,12,0,12,0,0,2,0,2,0,0,14,0,14,0,0,0,14
08/27/2011,CRE,SC,ASO,ES,Federal Contract Tower,0,0,3,4,7,0,0,2,7,9,0,0,5,11,16,0,0,0,16
08/28/2011,CRE,SC,ASO,ES,Federal Contract Tower,0,0,14,0,14,0,8,61,0,69,0,8,75,0,83,68,0,68,151
08/29/2011,CRE,SC,ASO,ES,Federal Contract Tower,0,5,16,0,21,0,2,84,0,86,0,7,100,0,107,72,0,72,179
08/30/2011,CRE,SC,ASO,ES,Federal Contract Tower,0,3,8,2,13,0,20,53,2,75,0,23,61,4,88,74,0,74,162
08/31/2011,CRE,SC,ASO,ES,Federal Contract Tower,0,3,15,0,18,0,21,59,0,80,0,24,74,0,98,62,0,62,160
09/01/2011,CRE,SC,ASO,ES,Federal Contract Tower,0,3,25,5,33,0,31,99,0,130,0,34,124,5,163,113,0,113,276
09/02/2011,CRE,SC,ASO,ES,Federal Contract Tower,0,2,18,0,20,0,38,85,0,123,0,40,103,0,143,54,0,54,197
09/03/2011,CRE,SC,ASO,ES,Federal Contract Tower,0,0,31,1,32,0,33,128,1,162,0,33,159,2,194,156,0,156,350
09/04/2011,CRE,SC,ASO,ES,Federal Contract Tower,0,1,28,0,29,0,57,138,0,195,0,58,166,0,224,104,0,104,328
09/05/2011,CRE,SC,ASO,ES,Federal Contract Tower,0,2,26,0,28,0,2,90,0,92,0,4,116,0,120,88,0,88,208
09/06/2011,CRE,SC,ASO,ES,Federal Contract Tower,0,3,10,0,13,0,0,1,0,1,0,3,11,0,14,0,0,0,14
09/07/2011,CRE,SC,ASO,ES,Federal Contract Tower,0,5,18,2,25,0,4,27,4,35,0,9,45,6,60,10,0,10,70
09/08/2011,CRE,SC,ASO,ES,Federal Contract Tower,0,2,14,4,20,0,9,32,0,41,0,11,46,4,61,0,0,0,61
09/09/2011,CRE,SC,ASO,ES,Federal Contract Tower,0,2,27,0,29,0,0,57,2,59,0,2,84,2,88,42,0,42,130
09/10/2011,CRE,SC,ASO,ES,Federal Contract Tower,0,0,25,0,25,0,4,56,0,60,0,4,81,0,85,26,0,26,111
09/11/2011,CRE,SC,ASO,ES,Federal Contract Tower,0,2,25,1,28,0,20,54,4,78,0,22,79,5,106,22,0,22,128
09/12/2011,CRE,SC,ASO,ES,Federal Contract Tower,0,2,15,0,17,0,2,35,0,37,0,4,50,0,54,12,0,12,66
09/13/2011,CRE,SC,ASO,ES,Federal Contract Tower,0,2,10,5,17,0,2,26,2,30,0,4,36,7,47,26,0,26,73
09/14/2011,CRE,SC,ASO,ES,Federal Contract Tower,0,2,14,1,17,0,18,24,1,43,0,20,38,2,60,10,0,10,70
09/15/2011,CRE,SC,ASO,ES,Federal Contract Tower,0,6,24,1,31,0,14,46,2,62,0,20,70,3,93,14,0,14,107
09/16/2011,CRE,SC,ASO,ES,Federal Contract Tower,0,4,19,1,24,0,2,26,6,34,0,6,45,7,58,18,0,18,76
09/17/2011,CRE,SC,ASO,ES,Federal Contract Tower,0,4,9,0,13,0,0,33,0,33,0,4,42,0,46,16,0,16,62
09/18/2011,CRE,SC,ASO,ES,Federal Contract Tower,0,0,30,0,30,0,1,27,0,28,0,1,57,0,58,0,0,0,58
09/19/2011,CRE,SC,ASO,ES,Federal Contract Tower,0,2,28,2,32,0,0,31,0,31,0,2,59,2,63,4,0,4,67
09/20/2011,CRE,SC,ASO,ES,Federal Contract Tower,0,3,10,0,13,0,4,10,0,14,0,7,20,0,27,6,0,6,33
09/21/2011,CRE,SC,ASO,ES,Federal Contract Tower,0,2,20,2,24,0,6,10,0,16,0,8,30,2,40,10,0,10,50
09/22/2011,CRE,SC,ASO,ES,Federal Contract Tower,0,5,16,0,21,0,0,14,0,14,0,5,30,0,35,10,0,10,45
09/23/2011,CRE,SC,ASO,ES,Federal Contract Tower,0,2,12,0,14,0,6,3,0,9,0,8,15,0,23,8,0,8,31
09/24/2011,CRE,SC,ASO,ES,Federal Contract Tower,0,2,8,2,12,0,4,16,0,20,0,6,24,2,32,28,0,28,60
09/25/2011,CRE,SC,ASO,ES,Federal Contract Tower,0,2,26,0,28,0,2,14,0,16,0,4,40,0,44,10,0,10,54
09/26/2011,CRE,SC,ASO,ES,Federal Contract Tower,0,11,16,0,27,0,2,8,0,10,0,13,24,0,37,8,0,8,45
09/27/2011,CRE,SC,ASO,ES,Federal Contract Tower,0,3,10,6,19,0,8,39,0,47,0,11,49,6,66,16,0,16,82
09/28/2011,CRE,SC,ASO,ES,Federal Contract Tower,0,5,37,2,44,0,6,40,1,47,0,11,77,3,91,8,0,8,99
09/29/2011,CRE,SC,ASO,ES,Federal Contract Tower,0,5,24,0,29,0,0,42,3,45,0,5,66,3,74,40,0,40,114
09/30/2011,CRE,SC,ASO,ES,Federal Contract Tower,0,7,25,0,32,0,0,35,4,39,0,7,60,4,71,22,0,22,93
10/01/2011,CRE,SC,ASO,ES,Federal Contract Tower,0,2,16,2,20,0,4,23,2,29,0,6,39,4,49,4,0,4,53
10/02/2011,CRE,SC,ASO,ES,Federal Contract Tower,0,2,42,0,44,0,1,28,0,29,0,3,70,0,73,10,0,10,83
10/03/2011,CRE,SC,ASO,ES,Federal Contract Tower,0,4,9,0,13,0,2,28,6,36,0,6,37,6,49,8,0,8,57
10/04/2011,CRE,SC,ASO,ES,Federal Contract Tower,0,4,9,2,15,0,6,22,0,28,0,10,31,2,43,6,0,6,49
10/05/2011,CRE,SC,ASO,ES,Federal Contract Tower,0,4,16,2,22,0,14,48,0,62,0,18,64,2,84,30,0,30,114
10/06/2011,CRE,SC,ASO,ES,Federal Contract Tower,0,2,13,2,17,0,2,30,2,34,0,4,43,4,51,6,0,6,57
10/07/2011,CRE,SC,ASO,ES,Federal Contract Tower,0,4,18,2,24,0,12,52,0,64,0,16,70,2,88,0,0,0,88
10/08/2011,CRE,SC,ASO,ES,Federal Contract Tower,0,3,27,0,30,0,0,52,0,52,0,3,79,0,82,26,0,26,108
10/09/2011,CRE,SC,ASO,ES,Federal Contract Tower,0,3,35,0,38,0,0,39,8,47,0,3,74,8,85,0,0,0,85
10/10/2011,CRE,SC,ASO,ES,Federal Contract Tower,0,5,9,0,14,0,0,8,0,8,0,5,17,0,22,2,4,6,28
10/11/2011,CRE,SC,ASO,ES,Federal Contract Tower,0,3,14,6,23,0,0,0,0,0,0,3,14,6,23,0,0,0,23
10/12/2011,CRE,SC,ASO,ES,Federal Contract Tower,0,8,23,0,31,0,0,23,0,23,0,8,46,0,54,14,0,14,68
10/13/2011,CRE,SC,ASO,ES,Federal Contract Tower,0,7,19,6,32,0,8,30,4,42,0,15,49,10,74,6,2,8,82
10/14/2011,CRE,SC,ASO,ES,Federal Contract Tower,0,4,24,0,28,0,0,26,3,29,0,4,50,3,57,0,30,30,87
10/15/2011,CRE,SC,ASO,ES,Federal Contract Tower,0,4,11,0,15,0,0,72,0,72,0,4,83,0,87,18,0,18,105
10/16/2011,CRE,SC,ASO,ES,Federal Contract Tower,0,0,24,0,24,0,7,75,6,88,0,7,99,6,112,22,0,22,134
10/17/2011,CRE,SC,ASO,ES,Federal Contract Tower,0,6,11,6,23,0,0,46,0,46,0,6,57,6,69,12,0,12,81
10/18/2011,CRE,SC,ASO,ES,Federal Contract Tower,0,6,17,0,23,0,0,41,0,41,0,6,58,0,64,10,0,10,74
10/19/2011,CRE,SC,ASO,ES,Federal Contract Tower,0,2,9,4,15,0,0,24,0,24,0,2,33,4,39,4,0,4,43
10/20/2011,CRE,SC,ASO,ES,Federal Contract Tower,0,2,18,2,22,0,0,41,12,53,0,2,59,14,75,4,0,4,79
10/21/2011,CRE,SC,ASO,ES,Federal Contract Tower,0,4,36,10,50,0,0,50,4,54,0,4,86,14,104,12,0,12,116
10/22/2011,CRE,SC,ASO,ES,Federal Contract Tower,0,2,24,0,26,0,1,43,0,44,0,3,67,0,70,10,0,10,80
10/23/2011,CRE,SC,ASO,ES,Federal Contract Tower,0,3,31,0,34,0,0,59,2,61,0,3,90,2,95,10,0,10,105
10/24/2011,CRE,SC,ASO,ES,Federal Contract Tower,0,2,23,0,25,0,2,36,0,38,0,4,59,0,63,20,0,20,83
10/25/2011,CRE,SC,ASO,ES,Federal Contract Tower,0,3,20,3,26,0,0,40,0,40,0,3,60,3,66,2,0,2,68
10/26/2011,CRE,SC,ASO,ES,Federal Contract Tower,0,4,15,2,21,0,2,54,4,60,0,6,69,6,81,18,0,18,99
10/27/2011,CRE,SC,ASO,ES,Federal Contract Tower,0,4,14,0,18,0,0,35,0,35,0,4,49,0,53,12,0,12,65
10/28/2011,CRE,SC,ASO,ES,Federal Contract Tower,0,2,16,2,20,0,5,13,0,18,0,7,29,2,38,42,0,42,80
10/29/2011,CRE,SC,ASO,ES,Federal Contract Tower,0,0,7,0,7,0,1,5,0,6,0,1,12,0,13,0,0,0,13
10/30/2011,CRE,SC,ASO,ES,Federal Contract Tower,0,4,28,0,32,0,10,44,2,56,0,14,72,2,88,14,0,14,102
10/31/2011,CRE,SC,ASO,ES,Federal Contract Tower,0,3,10,2,15,0,0,12,0,12,0,3,22,2,27,0,0,0,27
11/01/2011,CRE,SC,ASO,ES,Federal Contract Tower,0,2,10,1,13,0,0,46,2,48,0,2,56,3,61,24,0,24,85
11/02/2011,CRE,SC,ASO,ES,Federal Contract Tower,0,2,23,9,34,0,2,58,1,61,0,4,81,10,95,24,0,24,119
11/03/2011,CRE,SC,ASO,ES,Federal Contract Tower,0,0,18,2,20,0,6,48,1,55,0,6,66,3,75,8,0,8,83
11/04/2011,CRE,SC,ASO,ES,Federal Contract Tower,0,3,13,2,18,0,0,4,0,4,0,3,17,2,22,0,0,0,22
11/05/2011,CRE,SC,ASO,ES,Federal Contract Tower,0,0,20,0,20,0,0,12,0,12,0,0,32,0,32,0,0,0,32
11/06/2011,CRE,SC,ASO,ES,Federal Contract Tower,0,3,35,0,38,0,10,32,0,42,0,13,67,0,80,0,0,0,80
11/07/2011,CRE,SC,ASO,ES,Federal Contract Tower,0,4,15,1,20,0,0,35,4,39,0,4,50,5,59,20,0,20,79
11/08/2011,CRE,SC,ASO,ES,Federal Contract Tower,0,4,19,7,30,0,2,46,1,49,0,6,65,8,79,40,2,42,121
11/09/2011,CRE,SC,ASO,ES,Federal Contract Tower,0,4,23,0,27,0,6,47,4,57,0,10,70,4,84,24,2,26,110
11/10/2011,CRE,SC,ASO,ES,Federal Contract Tower,0,2,13,1,16,0,6,24,4,34,0,8,37,5,50,4,0,4,54
11/11/2011,CRE,SC,ASO,ES,Federal Contract Tower,0,2,21,0,23,0,2,21,0,23,0,4,42,0,46,4,0,4,50
11/12/2011,CRE,SC,ASO,ES,Federal Contract Tower,0,0,34,0,34,0,12,24,0,36,0,12,58,0,70,0,0,0,70
11/13/2011,CRE,SC,ASO,ES,Federal Contract Tower,0,3,33,0,36,0,0,40,2,42,0,3,73,2,78,2,0,2,80
11/14/2011,CRE,SC,ASO,ES,Federal Contract Tower,0,4,13,3,20,0,0,25,0,25,0,4,38,3,45,0,2,2,47
11/15/2011,CRE,SC,ASO,ES,Federal Contract Tower,0,3,25,0,28,0,0,22,0,22,0,3,47,0,50,8,0,8,58
11/16/2011,CRE,SC,ASO,ES,Federal Contract Tower,0,2,8,6,16,0,0,0,0,0,0,2,8,6,16,0,0,0,16
11/17/2011,CRE,SC,ASO,ES,Federal Contract Tower,0,2,14,2,18,0,0,2,0,2,0,2,16,2,20,0,0,0,20
11/18/2011,CRE,SC,ASO,ES,Federal Contract Tower,0,2,40,4,46,0,18,45,2,65,0,20,85,6,111,20,0,20,131
11/19/2011,CRE,SC,ASO,ES,Federal Contract Tower,0,2,23,3,28,0,6,45,4,55,0,8,68,7,83,12,0,12,95
11/20/2011,CRE,SC,ASO,ES,Federal Contract Tower,0,1,19,0,20,0,8,30,4,42,0,9,49,4,62,6,0,6,68
11/21/2011,CRE,SC,ASO,ES,Federal Contract Tower,0,2,7,0,9,0,0,6,2,8,0,2,13,2,17,0,0,0,17
11/22/2011,CRE,SC,ASO,ES,Federal Contract Tower,0,3,16,0,19,0,0,30,0,30,0,3,46,0,49,22,0,22,71
11/23/2011,CRE,SC,ASO,ES,Federal Contract Tower,0,3,19,0,22,0,2,6,0,8,0,5,25,0,30,0,0,0,30
11/24/2011,CRE,SC,ASO,ES,Federal Contract Tower,0,0,5,0,5,0,16,16,0,32,0,16,21,0,37,0,0,0,37
11/25/2011,CRE,SC,ASO,ES,Federal Contract Tower,0,5,37,0,42,0,6,53,0,59,0,11,90,0,101,28,0,28,129
11/26/2011,CRE,SC,ASO,ES,Federal Contract Tower,0,0,26,0,26,0,43,66,0,109,0,43,92,0,135,24,0,24,159
11/27/2011,CRE,SC,ASO,ES,Federal Contract Tower,0,0,24,0,24,0,4,44,0,48,0,4,68,0,72,2,0,2,74
11/28/2011,CRE,SC,ASO,ES,Federal Contract Tower,0,3,12,4,19,0,0,1,0,1,0,3,13,4,20,0,0,0,20
11/29/2011,CRE,SC,ASO,ES,Federal Contract Tower,0,3,9,2,14,0,0,8,0,8,0,3,17,2,22,0,28,28,50
11/30/2011,CRE,SC,ASO,ES,Federal Contract Tower,0,2,12,0,14,0,0,25,0,25,0,2,37,0,39,0,0,0,39
12/01/2011,CRE,SC,ASO,ES,Federal Contract Tower,0,2,8,2,12,0,8,58,0,66,0,10,66,2,78,0,0,0,78
12/02/2011,CRE,SC,ASO,ES,Federal Contract Tower,0,2,25,3,30,0,0,41,8,49,0,2,66,11,79,2,0,2,81
12/03/2011,CRE,SC,ASO,ES,Federal Contract Tower,0,0,17,2,19,0,0,21,0,21,0,0,38,2,40,0,0,0,40
12/04/2011,CRE,SC,ASO,ES,Federal Contract Tower,0,0,12,0,12,0,0,30,0,30,0,0,42,0,42,20,0,20,62
12/05/2011,CRE,SC,ASO,ES,Federal Contract Tower,0,4,12,0,16,0,0,25,0,25,0,4,37,0,41,10,0,10,51
12/06/2011,CRE,SC,ASO,ES,Federal Contract Tower,0,2,8,2,12,0,0,45,0,45,0,2,53,2,57,10,2,12,69
12/07/2011,CRE,SC,ASO,ES,Federal Contract Tower,0,2,3,4,9,0,0,12,39,51,0,2,15,43,60,0,48,48,108
12/08/2011,CRE,SC,ASO,ES,Federal Contract Tower,0,2,13,5,20,0,4,34,6,44,0,6,47,11,64,0,0,0,64
12/09/2011,CRE,SC,ASO,ES,Federal Contract Tower,0,4,10,2,16,0,0,53,2,55,0,4,63,4,71,0,0,0,71
12/10/2011,CRE,SC,ASO,ES,Federal Contract Tower,0,0,6,0,6,0,0,26,2,28,0,0,32,2,34,20,0,20,54
12/11/2011,CRE,SC,ASO,ES,Federal Contract Tower,0,0,10,0,10,0,4,27,0,31,0,4,37,0,41,10,0,10,51
12/12/2011,CRE,SC,ASO,ES,Federal Contract Tower,0,1,7,0,8,0,4,22,0,26,0,5,29,0,34,10,0,10,44
12/13/2011,CRE,SC,ASO,ES,Federal Contract Tower,0,0,9,5,14,0,2,52,4,58,0,2,61,9,72,12,0,12,84
12/14/2011,CRE,SC,ASO,ES,Federal Contract Tower,0,0,14,0,14,0,10,43,12,65,0,10,57,12,79,12,0,12,91
12/15/2011,CRE,SC,ASO,ES,Federal Contract Tower,0,2,18,2,22,0,0,38,0,38,0,2,56,2,60,20,0,20,80
12/16/2011,CRE,SC,ASO,ES,Federal Contract Tower,0,2,13,2,17,0,8,53,1,62,0,10,66,3,79,20,0,20,99
12/17/2011,CRE,SC,ASO,ES,Federal Contract Tower,0,0,22,0,22,0,8,24,0,32,0,8,46,0,54,0,0,0,54
12/18/2011,CRE,SC,ASO,ES,Federal Contract Tower,0,0,14,0,14,0,0,45,0,45,0,0,59,0,59,0,0,0,59
12/19/2011,CRE,SC,ASO,ES,Federal Contract Tower,0,2,4,4,10,0,2,39,0,41,0,4,43,4,51,4,0,4,55
12/20/2011,CRE,SC,ASO,ES,Federal Contract Tower,0,2,22,7,31,0,0,45,20,65,0,2,67,27,96,42,22,64,160
12/21/2011,CRE,SC,ASO,ES,Federal Contract Tower,0,2,11,10,23,0,0,24,4,28,0,2,35,14,51,0,0,0,51
12/22/2011,CRE,SC,ASO,ES,Federal Contract Tower,0,3,22,2,27,0,8,53,0,61,0,11,75,2,88,16,0,16,104
12/23/2011,CRE,SC,ASO,ES,Federal Contract Tower,0,2,13,2,17,0,1,72,0,73,0,3,85,2,90,14,0,14,104
12/24/2011,CRE,SC,ASO,ES,Federal Contract Tower,0,0,9,0,9,0,6,18,0,24,0,6,27,0,33,2,0,2,35
12/25/2011,CRE,SC,ASO,ES,Federal Contract Tower,0,0,7,0,7,0,0,0,0,0,0,0,7,0,7,0,0,0,7
12/26/2011,CRE,SC,ASO,ES,Federal Contract Tower,0,0,23,0,23,0,0,69,0,69,0,0,92,0,92,22,0,22,114
12/27/2011,CRE,SC,ASO,ES,Federal Contract Tower,0,3,3,0,6,0,0,0,0,0,0,3,3,0,6,0,0,0,6
12/28/2011,CRE,SC,ASO,ES,Federal Contract Tower,0,4,22,0,26,0,8,46,0,54,0,12,68,0,80,0,0,0,80
12/29/2011,CRE,SC,ASO,ES,Federal Contract Tower,0,3,27,0,30,0,28,80,0,108,0,31,107,0,138,14,0,14,152
12/30/2011,CRE,SC,ASO,ES,Federal Contract Tower,0,4,23,2,29,0,4,52,0,56,0,8,75,2,85,38,2,40,125
12/31/2011,CRE,SC,ASO,ES,Federal Contract Tower,0,0,16,0,16,0,6,21,0,27,0,6,37,0,43,8,0,8,51
01/01/2012,CRE,SC,ASO,ES,Federal Contract Tower,0,0,13,0,13,0,8,32,0,40,0,8,45,0,53,4,0,4,57
01/02/2012,CRE,SC,ASO,ES,Federal Contract Tower,0,2,19,0,21,0,0,24,0,24,0,2,43,0,45,0,0,0,45
01/03/2012,CRE,SC,ASO,ES,Federal Contract Tower,0,4,7,0,11,0,0,32,0,32,0,4,39,0,43,12,0,12,55
01/04/2012,CRE,SC,ASO,ES,Federal Contract Tower,0,1,10,0,11,0,0,75,0,75,0,1,85,0,86,26,0,26,112
01/05/2012,CRE,SC,ASO,ES,Federal Contract Tower,0,2,11,3,16,0,0,59,7,66,0,2,70,10,82,40,8,48,130
01/06/2012,CRE,SC,ASO,ES,Federal Contract Tower,0,6,13,8,27,0,2,55,0,57,0,8,68,8,84,20,0,20,104
01/07/2012,CRE,SC,ASO,ES,Federal Contract Tower,0,0,14,0,14,0,2,35,0,37,0,2,49,0,51,0,0,0,51
01/08/2012,CRE,SC,ASO,ES,Federal Contract Tower,0,0,15,2,17,0,0,33,0,33,0,0,48,2,50,4,0,4,54
01/09/2012,CRE,SC,ASO,ES,Federal Contract Tower,0,3,7,7,17,0,0,40,11,51,0,3,47,18,68,10,2,12,80
01/10/2012,CRE,SC,ASO,ES,Federal Contract Tower,0,3,23,16,42,0,0,2,0,2,0,3,25,16,44,0,0,0,44
01/11/2012,CRE,SC,ASO,ES,Federal Contract Tower,0,3,8,2,13,0,0,13,0,13,0,3,21,2,26,0,0,0,26
01/12/2012,CRE,SC,ASO,ES,Federal Contract Tower,0,3,9,0,12,0,0,48,8,56,0,3,57,8,68,20,0,20,88
01/13/2012,CRE,SC,ASO,ES,Federal Contract Tower,0,4,12,2,18,0,0,46,0,46,0,4,58,2,64,6,0,6,70
01/14/2012,CRE,SC,ASO,ES,Federal Contract Tower,0,0,17,2,19,0,10,40,0,50,0,10,57,2,69,0,0,0,69
01/15/2012,CRE,SC,ASO,ES,Federal Contract Tower,0,0,10,0,10,0,1,34,0,35,0,1,44,0,45,0,0,0,45
01/16/2012,CRE,SC,ASO,ES,Federal Contract Tower,0,3,9,0,12,0,0,30,0,30,0,3,39,0,42,0,0,0,42
01/17/2012,CRE,SC,ASO,ES,Federal Contract Tower,0,4,6,0,10,0,0,30,1,31,0,4,36,1,41,0,0,0,41
01/18/2012,CRE,SC,ASO,ES,Federal Contract Tower,0,2,12,2,16,0,0,50,0,50,0,2,62,2,66,32,0,32,98
01/19/2012,CRE,SC,ASO,ES,Federal Contract Tower,0,3,10,5,18,0,0,72,0,72,0,3,82,5,90,26,0,26,116
01/20/2012,CRE,SC,ASO,ES,Federal Contract Tower,0,3,19,4,26,0,12,80,2,94,0,15,99,6,120,80,4,84,204
01/21/2012,CRE,SC,ASO,ES,Federal Contract Tower,0,0,9,0,9,0,0,0,0,0,0,0,9,0,9,0,0,0,9
01/22/2012,CRE,SC,ASO,ES,Federal Contract Tower,0,0,7,0,7,0,2,0,0,2,0,2,7,0,9,0,0,0,9
01/23/2012,CRE,SC,ASO,ES,Federal Contract Tower,0,2,4,6,12,0,0,0,0,0,0,2,4,6,12,0,0,0,12
01/24/2012,CRE,SC,ASO,ES,Federal Contract Tower,0,2,8,4,14,0,0,42,0,42,0,2,50,4,56,42,0,42,98
01/25/2012,CRE,SC,ASO,ES,Federal Contract Tower,0,2,25,2,29,0,12,43,2,57,0,14,68,4,86,20,0,20,106
01/26/2012,CRE,SC,ASO,ES,Federal Contract Tower,0,2,5,8,15,0,0,31,2,33,0,2,36,10,48,30,0,30,78
01/27/2012,CRE,SC,ASO,ES,Federal Contract Tower,0,3,16,0,19,0,8,39,0,47,0,11,55,0,66,18,0,18,84
01/28/2012,CRE,SC,ASO,ES,Federal Contract Tower,0,0,19,0,19,0,8,55,0,63,0,8,74,0,82,22,0,22,104
01/29/2012,CRE,SC,ASO,ES,Federal Contract Tower,0,2,16,0,18,0,0,56,2,58,0,2,72,2,76,12,6,18,94
01/30/2012,CRE,SC,ASO,ES,Federal Contract Tower,0,3,14,0,17,0,4,45,0,49,0,7,59,0,66,4,2,6,72
01/31/2012,CRE,SC,ASO,ES,Federal Contract Tower,0,2,16,0,18,0,0,51,0,51,0,2,67,0,69,12,14,26,95
02/01/2012,CRE,SC,ASO,ES,Federal Contract Tower,0,2,21,4,27,0,0,63,2,65,0,2,84,6,92,38,0,38,130
02/02/2012,CRE,SC,ASO,ES,Federal Contract Tower,0,2,8,0,10,0,2,42,0,44,0,4,50,0,54,22,0,22,76
02/03/2012,CRE,SC,ASO,ES,Federal Contract Tower,0,3,16,4,23,0,0,59,0,59,0,3,75,4,82,20,0,20,102
02/04/2012,CRE,SC,ASO,ES,Federal Contract Tower,0,0,7,1,8,0,8,22,1,31,0,8,29,2,39,10,0,10,49
02/05/2012,CRE,SC,ASO,ES,Federal Contract Tower,0,0,11,1,12,0,0,0,0,0,0,0,11,1,12,0,0,0,12
02/06/2012,CRE,SC,ASO,ES,Federal Contract Tower,0,3,6,2,11,0,0,23,0,23,0,3,29,2,34,10,0,10,44
02/07/2012,CRE,SC,ASO,ES,Federal Contract Tower,0,3,23,2,28,0,10,61,0,71,0,13,84,2,99,22,0,22,121
02/08/2012,CRE,SC,ASO,ES,Federal Contract Tower,0,5,11,4,20,0,2,56,0,58,0,7,67,4,78,34,0,34,112
02/09/2012,CRE,SC,ASO,ES,Federal Contract Tower,0,2,16,11,29,0,0,85,18,103,0,2,101,29,132,22,16,38,170
02/10/2012,CRE,SC,ASO,ES,Federal Contract Tower,0,3,26,0,29,0,0,34,4,38,0,3,60,4,67,0,0,0,67
02/11/2012,CRE,SC,ASO,ES,Federal Contract Tower,0,2,11,4,17,0,0,19,0,19,0,2,30,4,36,0,0,0,36
02/12/2012,CRE,SC,ASO,ES,Federal Contract Tower,0,0,11,0,11,0,8,20,0,28,0,8,31,0,39,0,0,0,39
02/13/2012,CRE,SC,ASO,ES,Federal Contract Tower,0,3,13,10,26,0,0,54,0,54,0,3,67,10,80,6,2,8,88
02/14/2012,CRE,SC,ASO,ES,Federal Contract Tower,0,5,8,6,19,0,0,36,0,36,0,5,44,6,55,0,0,0,55
02/15/2012,CRE,SC,ASO,ES,Federal Contract Tower,0,1,24,1,26,0,11,69,7,87,0,12,93,8,113,42,0,42,155
02/16/2012,CRE,SC,ASO,ES,Federal Contract Tower,0,2,12,2,16,0,0,10,0,10,0,2,22,2,26,0,0,0,26
02/17/2012,CRE,SC,ASO,ES,Federal Contract Tower,0,4,17,0,21,0,10,60,0,70,0,14,77,0,91,12,6,18,109
02/18/2012,CRE,SC,ASO,ES,Federal Contract Tower,0,0,22,0,22,0,22,29,0,51,0,22,51,0,73,8,0,8,81
02/19/2012,CRE,SC,ASO,ES,Federal Contract Tower,0,0,3,0,3,0,0,0,0,0,0,0,3,0,3,0,0,0,3
02/20/2012,CRE,SC,ASO,ES,Federal Contract Tower,0,4,15,0,19,0,0,33,4,37,0,4,48,4,56,0,8,8,64
02/21/2012,CRE,SC,ASO,ES,Federal Contract Tower,0,3,16,3,22,0,2,52,1,55,0,5,68,4,77,12,0,12,89
02/22/2012,CRE,SC,ASO,ES,Federal Contract Tower,0,3,10,1,14,0,20,50,0,70,0,23,60,1,84,36,2,38,122
02/23/2012,CRE,SC,ASO,ES,Federal Contract Tower,0,2,38,12,52,0,3,50,0,53,0,5,88,12,105,10,0,10,115
02/24/2012,CRE,SC,ASO,ES,Federal Contract Tower,0,2,7,0,9,0,0,7,0,7,0,2,14,0,16,0,0,0,16
02/25/2012,CRE,SC,ASO,ES,Federal Contract Tower,0,0,10,0,10,0,4,17,0,21,0,4,27,0,31,0,0,0,31
02/26/2012,CRE,SC,ASO,ES,Federal Contract Tower,0,0,22,4,26,0,16,46,0,62,0,16,68,4,88,68,0,68,156
02/27/2012,CRE,SC,ASO,ES,Federal Contract Tower,0,5,7,0,12,0,0,29,0,29,0,5,36,0,41,0,0,0,41
02/28/2012,CRE,SC,ASO,ES,Federal Contract Tower,0,2,24,0,26,0,16,40,0,56,0,18,64,0,82,16,0,16,98
02/29/2012,CRE,SC,ASO,ES,Federal Contract Tower,0,2,9,4,15,0,0,47,0,47,0,2,56,4,62,10,0,10,72
03/01/2012,CRE,SC,ASO,ES,Federal Contract Tower,0,2,14,8,24,0,0,61,0,61,0,2,75,8,85,0,4,4,89
03/02/2012,CRE,SC,ASO,ES,Federal Contract Tower,0,2,20,0,22,0,0,42,0,42,0,2,62,0,64,52,0,52,116
03/03/2012,CRE,SC,ASO,ES,Federal Contract Tower,0,0,2,0,2,0,0,0,0,0,0,0,2,0,2,0,0,0,2
03/04/2012,CRE,SC,ASO,ES,Federal Contract Tower,0,0,17,0,17,0,0,17,6,23,0,0,34,6,40,4,0,4,44
03/05/2012,CRE,SC,ASO,ES,Federal Contract Tower,0,2,4,3,9,0,0,11,3,14,0,2,15,6,23,0,10,10,33
03/06/2012,CRE,SC,ASO,ES,Federal Contract Tower,0,2,17,0,19,0,12,80,12,104,0,14,97,12,123,40,0,40,163
03/07/2012,CRE,SC,ASO,ES,Federal Contract Tower,0,5,21,4,30,0,14,61,2,77,0,19,82,6,107,52,0,52,159
03/08/2012,CRE,SC,ASO,ES,Federal Contract Tower,0,3,13,10,26,0,8,51,2,61,0,11,64,12,87,48,4,52,139
03/09/2012,CRE,SC,ASO,ES,Federal Contract Tower,0,2,22,4,28,0,0,47,4,51,0,2,69,8,79,24,0,24,103
03/10/2012,CRE,SC,ASO,ES,Federal Contract Tower,0,0,14,0,14,0,10,47,7,64,0,10,61,7,78,60,0,60,138
03/11/2012,CRE,SC,ASO,ES,Federal Contract Tower,0,0,24,4,28,0,14,65,0,79,0,14,89,4,107,26,0,26,133
03/12/2012,CRE,SC,ASO,ES,Federal Contract Tower,0,2,22,0,24,0,4,42,1,47,0,6,64,1,71,38,0,38,109
03/13/2012,CRE,SC,ASO,ES,Federal Contract Tower,0,2,8,0,10,0,7,26,0,33,0,9,34,0,43,18,0,18,61
03/14/2012,CRE,SC,ASO,ES,Federal Contract Tower,0,4,22,8,34,0,10,58,2,70,0,14,80,10,104,46,0,46,150
03/15/2012,CRE,SC,ASO,ES,Federal Contract Tower,0,4,30,0,34,0,14,73,0,87,0,18,103,0,121,76,0,76,197
03/16/2012,CRE,SC,ASO,ES,Federal Contract Tower,0,2,14,0,16,0,42,74,0,116,0,44,88,0,132,60,0,60,192
03/17/2012,CRE,SC,ASO,ES,Federal Contract Tower,0,0,24,3,27,0,32,58,0,90,0,32,82,3,117,60,0,60,177
03/18/2012,CRE,SC,ASO,ES,Federal Contract Tower,0,1,33,0,34,0,2,35,0,37,0,3,68,0,71,18,0,18,89
03/19/2012,CRE,SC,ASO,ES,Federal Contract Tower,0,4,6,0,10,0,0,29,4,33,0,4,35,4,43,16,0,16,59
03/20/2012,CRE,SC,ASO,ES,Federal Contract Tower,0,2,6,0,8,0,0,42,0,42,0,2,48,0,50,24,0,24,74
03/21/2012,CRE,SC,ASO,ES,Federal Contract Tower,0,0,21,4,25,0,16,55,6,77,0,16,76,10,102,48,0,48,150
03/22/2012,CRE,SC,ASO,ES,Federal Contract Tower,0,6,32,4,42,0,22,70,3,95,0,28,102,7,137,22,0,22,159
03/23/2012,CRE,SC,ASO,ES,Federal Contract Tower,0,3,29,5,37,0,21,62,4,87,0,24,91,9,124,28,0,28,152
03/24/2012,CRE,SC,ASO,ES,Federal Contract Tower,0,0,17,0,17,0,11,17,0,28,0,11,34,0,45,28,0,28,73
03/25/2012,CRE,SC,ASO,ES,Federal Contract Tower,0,4,32,0,36,0,13,44,2,59,0,17,76,2,95,92,0,92,187
03/26/2012,CRE,SC,ASO,ES,Federal Contract Tower,0,2,12,11,25,0,4,59,8,71,0,6,71,19,96,26,0,26,122
03/27/2012,CRE,SC,ASO,ES,Federal Contract Tower,0,3,22,2,27,0,8,51,0,59,0,11,73,2,86,44,0,44,130
03/28/2012,CRE,SC,ASO,ES,Federal Contract Tower,0,3,30,2,35,0,26,62,2,90,0,29,92,4,125,42,0,42,167
03/29/2012,CRE,SC,ASO,ES,Federal Contract Tower,0,4,21,0,25,0,0,76,2,78,0,4,97,2,103,52,0,52,155
03/30/2012,CRE,SC,ASO,ES,Federal Contract Tower,0,3,29,0,32,0,1,96,4,101,0,4,125,4,133,56,0,56,189
03/31/2012,CRE,SC,ASO,ES,Federal Contract Tower,0,2,12,0,14,0,0,48,0,48,0,2,60,0,62,116,0,116,178
04/01/2012,CRE,SC,ASO,ES,Federal Contract Tower,0,8,45,0,53,0,5,69,5,79,0,13,114,5,132,104,0,104,236
04/02/2012,CRE,SC,ASO,ES,Federal Contract Tower,0,3,20,11,34,0,1,72,0,73,0,4,92,11,107,58,0,58,165
04/03/2012,CRE,SC,ASO,ES,Federal Contract Tower,0,2,18,10,30,0,7,85,0,92,0,9,103,10,122,88,0,88,210
04/04/2012,CRE,SC,ASO,ES,Federal Contract Tower,0,2,22,0,24,0,33,99,0,132,0,35,121,0,156,102,0,102,258
04/05/2012,CRE,SC,ASO,ES,Federal Contract Tower,0,7,22,2,31,0,5,49,0,54,0,12,71,2,85,62,0,62,147
04/06/2012,CRE,SC,ASO,ES,Federal Contract Tower,0,3,33,2,38,0,0,36,0,36,0,3,69,2,74,10,0,10,84
04/07/2012,CRE,SC,ASO,ES,Federal Contract Tower,0,0,35,0,35,0,1,67,0,68,0,1,102,0,103,82,0,82,185
04/08/2012,CRE,SC,ASO,ES,Federal Contract Tower,0,3,16,0,19,0,0,59,0,59,0,3,75,0,78,64,0,64,142
04/09/2012,CRE,SC,ASO,ES,Federal Contract Tower,0,26,35,0,61,0,0,65,0,65,0,26,100,0,126,68,0,68,194
04/10/2012,CRE,SC,ASO,ES,Federal Contract Tower,0,7,23,5,35,0,0,57,1,58,0,7,80,6,93,114,0,114,207
04/11/2012,CRE,SC,ASO,ES,Federal Contract Tower,0,4,13,10,27,0,0,37,0,37,0,4,50,10,64,32,0,32,96
04/12/2012,CRE,SC,ASO,ES,Federal Contract Tower,0,4,13,2,19,0,0,79,1,80,0,4,92,3,99,122,0,122,221
04/13/2012,CRE,SC,ASO,ES,Federal Contract Tower,0,8,24,1,33,0,0,95,5,100,0,8,119,6,133,136,0,136,269
04/14/2012,CRE,SC,ASO,ES,Federal Contract Tower,0,0,12,0,12,0,0,89,0,89,0,0,101,0,101,74,0,74,175
04/15/2012,CRE,SC,ASO,ES,Federal Contract Tower,0,2,34,0,36,0,0,55,0,55,0,2,89,0,91,26,0,26,117
04/16/2012,CRE,SC,ASO,ES,Federal Contract Tower,0,2,9,0,11,0,0,64,2,66,0,2,73,2,77,16,0,16,93
04/17/2012,CRE,SC,ASO,ES,Federal Contract Tower,0,2,22,3,27,0,7,67,1,75,0,9,89,4,102,18,0,18,120
04/18/2012,CRE,SC,ASO,ES,Federal Contract Tower,0,2,9,3,14,0,0,31,0,31,0,2,40,3,45,12,0,12,57
04/19/2012,CRE,SC,ASO,ES,Federal Contract Tower,0,3,35,3,41,0,0,35,0,35,0,3,70,3,76,34,0,34,110
04/20/2012,CRE,SC,ASO,ES,Federal Contract Tower,0,5,24,2,31,0,0,42,0,42,0,5,66,2,73,58,0,58,131
04/21/2012,CRE,SC,ASO,ES,Federal Contract Tower,0,0,12,0,12,0,0,18,0,18,0,0,30,0,30,74,0,74,104
04/22/2012,CRE,SC,ASO,ES,Federal Contract Tower,0,4,26,0,30,0,0,0,0,0,0,4,26,0,30,0,0,0,30
04/23/2012,CRE,SC,ASO,ES,Federal Contract Tower,0,2,11,2,15,0,2,34,2,38,0,4,45,4,53,18,0,18,71
04/24/2012,CRE,SC,ASO,ES,Federal Contract Tower,0,3,12,0,15,0,0,38,0,38,0,3,50,0,53,12,0,12,65
04/25/2012,CRE,SC,ASO,ES,Federal Contract Tower,0,8,10,0,18,0,0,68,2,70,0,8,78,2,88,122,0,122,210
04/26/2012,CRE,SC,ASO,ES,Federal Contract Tower,0,11,33,1,45,0,2,56,1,59,0,13,89,2,104,34,0,34,138
04/27/2012,CRE,SC,ASO,ES,Federal Contract Tower,0,4,35,3,42,0,29,97,0,126,0,33,132,3,168,48,0,48,216
04/28/2012,CRE,SC,ASO,ES,Federal Contract Tower,0,2,61,1,64,0,25,48,0,73,0,27,109,1,137,90,0,90,227
04/29/2012,CRE,SC,ASO,ES,Federal Contract Tower,0,1,48,0,49,0,0,51,0,51,0,1,99,0,100,100,0,100,200
04/30/2012,CRE,SC,ASO,ES,Federal Contract Tower,0,1,14,1,16,0,1,39,0,40,0,2,53,1,56,128,0,128,184
05/01/2012,CRE,SC,ASO,ES,Federal Contract Tower,0,2,18,2,22,0,0,42,3,45,0,2,60,5,67,34,12,46,113
05/02/2012,CRE,SC,ASO,ES,Federal Contract Tower,0,3,22,2,27,0,22,51,1,74,0,25,73,3,101,58,0,58,159
05/03/2012,CRE,SC,ASO,ES,Federal Contract Tower,0,3,11,2,16,0,4,41,4,49,0,7,52,6,65,64,0,64,129
05/04/2012,CRE,SC,ASO,ES,Federal Contract Tower,0,1,15,0,16,0,8,62,4,74,0,9,77,4,90,102,0,102,192
05/05/2012,CRE,SC,ASO,ES,Federal Contract Tower,0,0,15,0,15,0,6,37,2,45,0,6,52,2,60,162,0,162,222
05/06/2012,CRE,SC,ASO,ES,Federal Contract Tower,0,1,23,0,24,0,0,25,0,25,0,1,48,0,49,22,0,22,71
05/07/2012,CRE,SC,ASO,ES,Federal Contract Tower,0,2,15,0,17,0,0,60,3,63,0,2,75,3,80,178,0,178,258
05/08/2012,CRE,SC,ASO,ES,Federal Contract Tower,0,2,29,2,33,0,0,74,0,74,0,2,103,2,107,132,0,132,239
05/09/2012,CRE,SC,ASO,ES,Federal Contract Tower,0,3,7,0,10,0,17,92,0,109,0,20,99,0,119,67,0,67,186
05/10/2012,CRE,SC,ASO,ES,Federal Contract Tower,0,7,24,2,33,0,12,133,0,145,0,19,157,2,178,226,0,226,404
05/11/2012,CRE,SC,ASO,ES,Federal Contract Tower,0,2,34,1,37,0,30,160,1,191,0,32,194,2,228,162,0,162,390
05/12/2012,CRE,SC,ASO,ES,Federal Contract Tower,0,4,16,0,20,0,104,87,0,191,0,108,103,0,211,116,0,116,327
05/13/2012,CRE,SC,ASO,ES,Federal Contract Tower,0,0,20,0,20,0,0,6,0,6,0,0,26,0,26,14,0,14,40
05/14/2012,CRE,SC,ASO,ES,Federal Contract Tower,0,2,14,5,21,0,28,96,4,128,0,30,110,9,149,212,0,212,361
05/15/2012,CRE,SC,ASO,ES,Federal Contract Tower,0,2,23,1,26,0,0,33,0,33,0,2,56,1,59,26,0,26,85
05/16/2012,CRE,SC,ASO,ES,Federal Contract Tower,0,5,14,0,19,0,0,12,0,12,0,5,26,0,31,14,0,14,45
05/17/2012,CRE,SC,ASO,ES,Federal Contract Tower,0,3,20,0,23,0,16,30,0,46,0,19,50,0,69,66,0,66,135
05/18/2012,CRE,SC,ASO,ES,Federal Contract Tower,0,10,26,2,38,0,30,47,2,79,0,40,73,4,117,16,0,16,133
05/19/2012,CRE,SC,ASO,ES,Federal Contract Tower,0,0,14,4,18,0,30,45,0,75,0,30,59,4,93,148,0,148,241
05/20/2012,CRE,SC,ASO,ES,Federal Contract Tower,0,5,24,0,29,0,6,44,2,52,0,11,68,2,81,108,0,108,189
05/21/2012,CRE,SC,ASO,ES,Federal Contract Tower,0,4,8,6,18,0,12,51,8,71,0,16,59,14,89,64,0,64,153
05/22/2012,CRE,SC,ASO,ES,Federal Contract Tower,0,14,17,4,35,0,24,37,2,63,0,38,54,6,98,40,0,40,138
05/23/2012,CRE,SC,ASO,ES,Federal Contract Tower,0,2,26,2,30,0,7,42,2,51,0,9,68,4,81,82,6,88,169
05/24/2012,CRE,SC,ASO,ES,Federal Contract Tower,0,4,33,0,37,0,54,74,2,130,0,58,107,2,167,96,16,112,279
05/25/2012,CRE,SC,ASO,ES,Federal Contract Tower,0,4,25,0,29,0,60,60,6,126,0,64,85,6,155,30,0,30,185
05/26/2012,CRE,SC,ASO,ES,Federal Contract Tower,0,2,14,0,16,0,29,50,22,101,0,31,64,22,117,116,0,116,233
05/27/2012,CRE,SC,ASO,ES,Federal Contract Tower,0,0,8,2,10,0,46,20,1,67,0,46,28,3,77,12,0,12,89
05/28/2012,CRE,SC,ASO,ES,Federal Contract Tower,0,0,24,0,24,0,36,75,0,111,0,36,99,0,135,120,0,120,255
05/29/2012,CRE,SC,ASO,ES,Federal Contract Tower,0,4,16,0,20,0,27,55,0,82,0,31,71,0,102,36,0,36,138
05/30/2012,CRE,SC,ASO,ES,Federal Contract Tower,0,2,8,3,13,0,2,7,0,9,0,4,15,3,22,6,0,6,28
05/31/2012,CRE,SC,ASO,ES,Federal Contract Tower,0,0,14,3,17,0,20,137,7,164,0,20,151,10,181,88,0,88,269
06/01/2012,CRE,SC,ASO,ES,Federal Contract Tower,0,0,14,0,14,0,22,49,0,71,0,22,63,0,85,60,0,60,145
06/02/2012,CRE,SC,ASO,ES,Federal Contract Tower,0,3,21,0,24,0,36,78,0,114,0,39,99,0,138,96,0,96,234
06/03/2012,CRE,SC,ASO,ES,Federal Contract Tower,0,0,32,0,32,0,24,99,0,123,0,24,131,0,155,74,0,74,229
06/04/2012,CRE,SC,ASO,ES,Federal Contract Tower,0,0,19,0,19,0,8,45,0,53,0,8,64,0,72,44,0,44,116
06/05/2012,CRE,SC,ASO,ES,Federal Contract Tower,0,2,20,2,24,0,7,3,2,12,0,9,23,4,36,0,0,0,36
06/06/2012,CRE,SC,ASO,ES,Federal Contract Tower,0,4,11,3,18,0,20,12,9,41,0,24,23,12,59,2,0,2,61
06/07/2012,CRE,SC,ASO,ES,Federal Contract Tower,0,5,32,0,37,0,29,82,0,111,0,34,114,0,148,100,0,100,248
06/08/2012,CRE,SC,ASO,ES,Federal Contract Tower,0,2,30,0,32,0,67,82,0,149,0,69,112,0,181,84,0,84,265
06/09/2012,CRE,SC,ASO,ES,Federal Contract Tower,0,2,12,0,14,0,23,89,0,112,0,25,101,0,126,88,0,88,214
06/10/2012,CRE,SC,ASO,ES,Federal Contract Tower,0,4,31,0,35,0,25,97,2,124,0,29,128,2,159,136,0,136,295
06/11/2012,CRE,SC,ASO,ES,Federal Contract Tower,0,0,18,0,18,0,25,103,0,128,0,25,121,0,146,82,0,82,228
06/12/2012,CRE,SC,ASO,ES,Federal Contract Tower,0,4,4,4,12,0,3,35,0,38,0,7,39,4,50,30,0,30,80
06/13/2012,CRE,SC,ASO,ES,Federal Contract Tower,0,1,9,8,18,0,30,85,0,115,0,31,94,8,133,50,0,50,183
06/14/2012,CRE,SC,ASO,ES,Federal Contract Tower,0,0,22,9,31,0,56,80,0,136,0,56,102,9,167,100,0,100,267
06/15/2012,CRE,SC,ASO,ES,Federal Contract Tower,0,0,28,0,28,0,102,108,0,210,0,102,136,0,238,58,0,58,296
06/16/2012,CRE,SC,ASO,ES,Federal Contract Tower,0,0,24,0,24,0,56,57,0,113,0,56,81,0,137,114,0,114,251
06/17/2012,CRE,SC,ASO,ES,Federal Contract Tower,0,0,25,2,27,0,18,73,0,91,0,18,98,2,118,174,0,174,292
06/18/2012,CRE,SC,ASO,ES,Federal Contract Tower,0,2,29,0,31,0,22,78,10,110,0,24,107,10,141,160,0,160,301
06/19/2012,CRE,SC,ASO,ES,Federal Contract Tower,0,0,29,0,29,0,49,106,1,156,0,49,135,1,185,134,0,134,319
06/20/2012,CRE,SC,ASO,ES,Federal Contract Tower,0,2,29,0,31,0,48,83,7,138,0,50,112,7,169,98,2,100,269
06/21/2012,CRE,SC,ASO,ES,Federal Contract Tower,0,2,22,1,25,0,80,93,2,175,0,82,115,3,200,108,0,108,308
06/22/2012,CRE,SC,ASO,ES,Federal Contract Tower,0,1,27,0,28,0,43,84,6,133,0,44,111,6,161,178,0,178,339
06/23/2012,CRE,SC,ASO,ES,Federal Contract Tower,0,1,18,0,19,0,29,127,0,156,0,30,145,0,175,132,0,132,307
06/24/2012,CRE,SC,ASO,ES,Federal Contract Tower,0,0,29,2,31,0,34,81,0,115,0,34,110,2,146,86,0,86,232
06/25/2012,CRE,SC,ASO,ES,Federal Contract Tower,0,0,26,1,27,0,13,101,0,114,0,13,127,1,141,64,0,64,205
06/26/2012,CRE,SC,ASO,ES,Federal Contract Tower,0,0,19,4,23,0,28,52,0,80,0,28,71,4,103,32,2,34,137
06/27/2012,CRE,SC,ASO,ES,Federal Contract Tower,0,0,34,0,34,0,52,111,0,163,0,52,145,0,197,96,0,96,293
06/28/2012,CRE,SC,ASO,ES,Federal Contract Tower,0,0,22,0,22,0,40,63,10,113,0,40,85,10,135,124,18,142,277
06/29/2012,CRE,SC,ASO,ES,Federal Contract Tower,0,1,26,1,28,0,59,84,2,145,0,60,110,3,173,234,0,234,407
06/30/2012,CRE,SC,ASO,ES,Federal Contract Tower,0,4,25,0,29,0,45,74,2,121,0,49,99,2,150,172,0,172,322
07/01/2012,CRE,SC,ASO,ES,Federal Contract Tower,0,0,27,0,27,0,26,69,1,96,0,26,96,1,123,178,0,178,301
07/02/2012,CRE,SC,ASO,ES,Federal Contract Tower,0,0,6,4,10,0,51,65,0,116,0,51,71,4,126,154,0,154,280
07/03/2012,CRE,SC,ASO,ES,Federal Contract Tower,0,4,22,2,28,0,71,88,0,159,0,75,110,2,187,122,0,122,309
07/04/2012,CRE,SC,ASO,ES,Federal Contract Tower,0,0,11,0,11,0,52,80,6,138,0,52,91,6,149,156,0,156,305
07/05/2012,CRE,SC,ASO,ES,Federal Contract Tower,0,0,24,0,24,0,50,110,0,160,0,50,134,0,184,176,0,176,360
07/06/2012,CRE,SC,ASO,ES,Federal Contract Tower,0,1,22,0,23,0,125,106,4,235,0,126,128,4,258,166,0,166,424
07/07/2012,CRE,SC,ASO,ES,Federal Contract Tower,0,5,37,0,42,0,69,80,0,149,0,74,117,0,191,148,0,148,339
07/08/2012,CRE,SC,ASO,ES,Federal Contract Tower,0,2,27,4,33,0,33,79,1,113,0,35,106,5,146,136,0,136,282
07/09/2012,CRE,SC,ASO,ES,Federal Contract Tower,0,2,12,6,20,0,40,109,0,149,0,42,121,6,169,112,0,112,281
07/10/2012,CRE,SC,ASO,ES,Federal Contract Tower,0,4,11,0,15,0,30,72,0,102,0,34,83,0,117,44,0,44,161
07/11/2012,CRE,SC,ASO,ES,Federal Contract Tower,0,4,15,0,19,0,42,83,12,137,0,46,98,12,156,100,10,110,266
07/12/2012,CRE,SC,ASO,ES,Federal Contract Tower,0,1,17,6,24,0,53,27,2,82,0,54,44,8,106,84,0,84,190
07/13/2012,CRE,SC,ASO,ES,Federal Contract Tower,0,2,20,0,22,0,61,33,0,94,0,63,53,0,116,74,2,76,192
07/14/2012,CRE,SC,ASO,ES,Federal Contract Tower,0,2,30,0,32,0,22,36,0,58,0,24,66,0,90,86,0,86,176
07/15/2012,CRE,SC,ASO,ES,Federal Contract Tower,0,4,20,0,24,0,40,72,0,112,0,44,92,0,136,116,0,116,252
07/16/2012,CRE,SC,ASO,ES,Federal Contract Tower,0,2,14,7,23,0,63,54,2,119,0,65,68,9,142,104,0,104,246
07/17/2012,CRE,SC,ASO,ES,Federal Contract Tower,0,2,26,4,32,0,54,94,4,152,0,56,120,8,184,84,0,84,268
07/18/2012,CRE,SC,ASO,ES,Federal Contract Tower,0,4,25,0,29,0,58,91,0,149,0,62,116,0,178,58,0,58,236
07/19/2012,CRE,SC,ASO,ES,Federal Contract Tower,0,4,18,2,24,0,98,37,0,135,0,102,55,2,159,8,0,8,167
07/20/2012,CRE,SC,ASO,ES,Federal Contract Tower,0,2,31,3,36,0,48,39,8,95,0,50,70,11,131,40,2,42,173
07/21/2012,CRE,SC,ASO,ES,Federal Contract Tower,0,1,27,0,28,0,54,81,2,137,0,55,108,2,165,54,0,54,219
07/22/2012,CRE,SC,ASO,ES,Federal Contract Tower,0,5,28,2,35,0,35,86,0,121,0,40,114,2,156,86,0,86,242
07/23/2012,CRE,SC,ASO,ES,Federal Contract Tower,0,2,18,4,24,0,60,91,0,151,0,62,109,4,175,106,0,106,281
07/24/2012,CRE,SC,ASO,ES,Federal Contract Tower,0,0,17,0,17,0,37,73,0,110,0,37,90,0,127,82,0,82,209
07/25/2012,CRE,SC,ASO,ES,Federal Contract Tower,0,2,25,0,27,0,80,43,0,123,0,82,68,0,150,104,0,104,254
07/26/2012,CRE,SC,ASO,ES,Federal Contract Tower,0,3,23,7,33,0,103,81,0,184,0,106,104,7,217,102,0,102,319
07/27/2012,CRE,SC,ASO,ES,Federal Contract Tower,0,1,28,0,29,0,83,65,0,148,0,84,93,0,177,94,0,94,271
07/28/2012,CRE,SC,ASO,ES,Federal Contract Tower,0,2,31,0,33,0,42,46,5,93,0,44,77,5,126,112,0,112,238
07/29/2012,CRE,SC,ASO,ES,Federal Contract Tower,0,5,23,0,28,0,34,41,0,75,0,39,64,0,103,48,0,48,151
07/30/2012,CRE,SC,ASO,ES,Federal Contract Tower,0,4,11,0,15,0,17,2,0,19,0,21,13,0,34,0,0,0,34
07/31/2012,CRE,SC,ASO,ES,Federal Contract Tower,0,1,17,6,24,0,50,58,3,111,0,51,75,9,135,76,0,76,211
08/01/2012,CRE,SC,ASO,ES,Federal Contract Tower,0,3,15,2,20,0,58,66,0,124,0,61,81,2,144,90,0,90,234
08/02/2012,CRE,SC,ASO,ES,Federal Contract Tower,0,1,15,0,16,0,119,57,14,190,0,120,72,14,206,92,8,100,306
08/03/2012,CRE,SC,ASO,ES,Federal Contract Tower,0,6,36,0,42,0,73,69,2,144,0,79,105,2,186,104,0,104,290
08/04/2012,CRE,SC,ASO,ES,Federal Contract Tower,0,1,23,6,30,0,56,104,1,161,0,57,127,7,191,116,0,116,307
08/05/2012,CRE,SC,ASO,ES,Federal Contract Tower,0,3,22,0,25,0,25,71,3,99,0,28,93,3,124,90,0,90,214
08/06/2012,CRE,SC,ASO,ES,Federal Contract Tower,0,1,11,2,14,0,45,74,0,119,0,46,85,2,133,128,0,128,261
08/07/2012,CRE,SC,ASO,ES,Federal Contract Tower,0,0,24,2,26,0,31,25,11,67,0,31,49,13,93,22,0,22,115
08/08/2012,CRE,SC,ASO,ES,Federal Contract Tower,0,0,16,1,17,0,9,37,9,55,0,9,53,10,72,58,4,62,134
08/09/2012,CRE,SC,ASO,ES,Federal Contract Tower,0,0,25,4,29,0,111,112,0,223,0,111,137,4,252,104,2,106,358
08/10/2012,CRE,SC,ASO,ES,Federal Contract Tower,0,1,18,0,19,0,52,33,0,85,0,53,51,0,104,72,0,72,176
08/11/2012,CRE,SC,ASO,ES,Federal Contract Tower,0,2,6,0,8,0,41,33,1,75,0,43,39,1,83,102,0,102,185
08/12/2012,CRE,SC,ASO,ES,Federal Contract Tower,0,3,37,0,40,0,36,61,0,97,0,39,98,0,137,68,0,68,205
08/13/2012,CRE,SC,ASO,ES,Federal Contract Tower,0,2,24,10,36,0,140,75,3,218,0,142,99,13,254,66,0,66,320
08/14/2012,CRE,SC,ASO,ES,Federal Contract Tower,0,0,24,2,26,0,191,76,0,267,0,191,100,2,293,62,0,62,355
08/15/2012,CRE,SC,ASO,ES,Federal Contract Tower,0,2,22,2,26,0,70,77,6,153,0,72,99,8,179,74,0,74,253
08/16/2012,CRE,SC,ASO,ES,Federal Contract Tower,0,3,25,0,28,0,70,96,2,168,0,73,121,2,196,90,0,90,286
08/17/2012,CRE,SC,ASO,ES,Federal Contract Tower,0,0,22,2,24,0,114,107,6,227,0,114,129,8,251,58,2,60,311
08/18/2012,CRE,SC,ASO,ES,Federal Contract Tower,0,1,16,2,19,0,50,76,0,126,0,51,92,2,145,76,0,76,221
08/19/2012,CRE,SC,ASO,ES,Federal Contract Tower,0,0,20,0,20,0,0,31,8,39,0,0,51,8,59,18,0,18,77
08/20/2012,CRE,SC,ASO,ES,Federal Contract Tower,0,4,7,4,15,0,8,42,2,52,0,12,49,6,67,94,0,94,161
08/21/2012,CRE,SC,ASO,ES,Federal Contract Tower,0,3,11,5,19,0,4,68,0,72,0,7,79,5,91,60,0,60,151
08/22/2012,CRE,SC,ASO,ES,Federal Contract Tower,0,0,23,0,23,0,30,54,1,85,0,30,77,1,108,74,0,74,182
08/23/2012,CRE,SC,ASO,ES,Federal Contract Tower,0,0,18,0,18,0,16,35,0,51,0,16,53,0,69,52,0,52,121
08/24/2012,CRE,SC,ASO,ES,Federal Contract Tower,0,4,33,0,37,0,6,1,0,7,0,10,34,0,44,0,0,0,44
08/25/2012,CRE,SC,ASO,ES,Federal Contract Tower,0,4,29,0,33,0,47,51,4,102,0,51,80,4,135,88,0,88,223
08/26/2012,CRE,SC,ASO,ES,Federal Contract Tower,0,1,29,0,30,0,56,102,0,158,0,57,131,0,188,119,0,119,307
08/27/2012,CRE,SC,ASO,ES,Federal Contract Tower,0,2,11,4,17,0,20,62,0,82,0,22,73,4,99,71,0,71,170
08/28/2012,CRE,SC,ASO,ES,Federal Contract Tower,0,2,11,0,13,0,18,13,0,31,0,20,24,0,44,38,0,38,82
08/29/2012,CRE,SC,ASO,ES,Federal Contract Tower,0,0,10,0,10,0,142,32,0,174,0,142,42,0,184,44,0,44,228
08/30/2012,CRE,SC,ASO,ES,Federal Contract Tower,0,55,14,4,73,0,4,51,2,57,0,59,65,6,130,60,0,60,190
08/31/2012,CRE,SC,ASO,ES,Federal Contract Tower,0,3,37,2,42,0,65,63,8,136,0,68,100,10,178,100,0,100,278
09/01/2012,CRE,SC,ASO,ES,Federal Contract Tower,0,0,20,0,20,0,82,115,0,197,0,82,135,0,217,106,0,106,323
09/02/2012,CRE,SC,ASO,ES,Federal Contract Tower,0,0,7,0,7,0,64,83,0,147,0,64,90,0,154,66,0,66,220
09/03/2012,CRE,SC,ASO,ES,Federal Contract Tower,0,4,37,0,41,0,39,79,0,118,0,43,116,0,159,48,0,48,207
09/04/2012,CRE,SC,ASO,ES,Federal Contract Tower,0,2,19,0,21,0,38,26,0,64,0,40,45,0,85,20,0,20,105
09/05/2012,CRE,SC,ASO,ES,Federal Contract Tower,0,0,21,6,27,0,47,63,11,121,0,47,84,17,148,50,0,50,198
09/06/2012,CRE,SC,ASO,ES,Federal Contract Tower,0,0,29,0,29,0,34,69,0,103,0,34,98,0,132,60,0,60,192
09/07/2012,CRE,SC,ASO,ES,Federal Contract Tower,0,6,36,0,42,0,40,32,0,72,0,46,68,0,114,38,0,38,152
09/08/2012,CRE,SC,ASO,ES,Federal Contract Tower,0,0,13,0,13,0,32,13,0,45,0,32,26,0,58,30,0,30,88
09/09/2012,CRE,SC,ASO,ES,Federal Contract Tower,0,6,27,0,33,0,1,39,0,40,0,7,66,0,73,32,0,32,105
09/10/2012,CRE,SC,ASO,ES,Federal Contract Tower,0,0,12,2,14,0,5,46,0,51,0,5,58,2,65,20,0,20,85
09/11/2012,CRE,SC,ASO,ES,Federal Contract Tower,0,0,25,0,25,0,31,50,0,81,0,31,75,0,106,32,0,32,138
09/12/2012,CRE,SC,ASO,ES,Federal Contract Tower,0,1,24,1,26,0,8,56,3,67,0,9,80,4,93,42,0,42,135
09/13/2012,CRE,SC,ASO,ES,Federal Contract Tower,0,1,36,0,37,2,10,43,0,55,2,11,79,0,92,20,0,20,112
09/14/2012,CRE,SC,ASO,ES,Federal Contract Tower,0,2,31,1,34,0,12,20,0,32,0,14,51,1,66,18,0,18,84
09/15/2012,CRE,SC,ASO,ES,Federal Contract Tower,0,2,21,0,23,0,12,33,3,48,0,14,54,3,71,28,0,28,99
09/16/2012,CRE,SC,ASO,ES,Federal Contract Tower,0,0,25,0,25,0,4,33,0,37,0,4,58,0,62,30,0,30,92
09/17/2012,CRE,SC,ASO,ES,Federal Contract Tower,0,2,21,0,23,0,2,36,2,40,0,4,57,2,63,42,0,42,105
09/18/2012,CRE,SC,ASO,ES,Federal Contract Tower,0,0,0,0,0,0,2,2,1,5,0,2,2,1,5,0,0,0,5
09/19/2012,CRE,SC,ASO,ES,Federal Contract Tower,0,0,20,0,20,0,17,26,0,43,0,17,46,0,63,18,0,18,81
09/20/2012,CRE,SC,ASO,ES,Federal Contract Tower,0,2,24,0,26,0,22,47,0,69,0,24,71,0,95,18,0,18,113
09/21/2012,CRE,SC,ASO,ES,Federal Contract Tower,0,2,37,0,39,0,25,40,4,69,0,27,77,4,108,44,0,44,152
09/22/2012,CRE,SC,ASO,ES,Federal Contract Tower,0,0,19,0,19,0,18,60,0,78,0,18,79,0,97,38,0,38,135
09/23/2012,CRE,SC,ASO,ES,Federal Contract Tower,0,6,27,0,33,0,5,41,0,46,0,11,68,0,79,26,0,26,105
09/24/2012,CRE,SC,ASO,ES,Federal Contract Tower,0,2,16,2,20,0,0,43,2,45,0,2,59,4,65,22,0,22,87
09/25/2012,CRE,SC,ASO,ES,Federal Contract Tower,0,2,14,0,16,0,23,41,0,64,0,25,55,0,80,22,0,22,102
09/26/2012,CRE,SC,ASO,ES,Federal Contract Tower,0,0,10,0,10,0,33,41,0,74,0,33,51,0,84,22,0,22,106
09/27/2012,CRE,SC,ASO,ES,Federal Contract Tower,0,6,15,0,21,0,20,67,2,89,0,26,82,2,110,38,0,38,148
09/28/2012,CRE,SC,ASO,ES,Federal Contract Tower,0,2,22,0,24,0,20,35,0,55,0,22,57,0,79,38,0,38,117
09/29/2012,CRE,SC,ASO,ES,Federal Contract Tower,0,1,10,2,13,0,60,37,5,102,0,61,47,7,115,24,0,24,139
09/30/2012,CRE,SC,ASO,ES,Federal Contract Tower,0,11,33,10,54,0,15,7,0,22,0,26,40,10,76,20,0,20,96
10/01/2012,CRE,SC,ASO,ES,Federal Contract Tower,0,1,16,2,19,0,6,4,0,10,0,7,20,2,29,0,0,0,29
10/02/2012,CRE,SC,ASO,ES,Federal Contract Tower,0,0,11,2,13,0,22,31,0,53,0,22,42,2,66,0,0,0,66
10/03/2012,CRE,SC,ASO,ES,Federal Contract Tower,0,0,22,0,22,0,2,36,0,38,0,2,58,0,60,0,0,0,60
10/04/2012,CRE,SC,ASO,ES,Federal Contract Tower,0,2,22,2,26,0,23,32,4,59,0,25,54,6,85,26,0,26,111
10/05/2012,CRE,SC,ASO,ES,Federal Contract Tower,0,2,23,2,27,0,8,41,0,49,0,10,64,2,76,22,0,22,98
10/06/2012,CRE,SC,ASO,ES,Federal Contract Tower,0,0,18,0,18,0,16,33,0,49,0,16,51,0,67,24,0,24,91
10/07/2012,CRE,SC,ASO,ES,Federal Contract Tower,0,1,27,0,28,0,10,41,0,51,0,11,68,0,79,18,0,18,97
10/08/2012,CRE,SC,ASO,ES,Federal Contract Tower,0,5,14,0,19,0,2,0,0,2,0,7,14,0,21,0,0,0,21
10/09/2012,CRE,SC,ASO,ES,Federal Contract Tower,0,0,24,2,26,0,8,4,0,12,0,8,28,2,38,6,0,6,44
10/10/2012,CRE,SC,ASO,ES,Federal Contract Tower,0,0,22,4,26,0,13,16,0,29,0,13,38,4,55,0,0,0,55
10/11/2012,CRE,SC,ASO,ES,Federal Contract Tower,0,4,23,4,31,0,18,32,2,52,0,22,55,6,83,4,0,4,87
10/12/2012,CRE,SC,ASO,ES,Federal Contract Tower,0,0,15,4,19,0,46,40,0,86,0,46,55,4,105,52,0,52,157
10/13/2012,CRE,SC,ASO,ES,Federal Contract Tower,0,1,15,0,16,0,29,26,0,55,0,30,41,0,71,8,0,8,79
10/14/2012,CRE,SC,ASO,ES,Federal Contract Tower,0,0,22,0,22,0,31,49,0,80,0,31,71,0,102,40,0,40,142
10/15/2012,CRE,SC,ASO,ES,Federal Contract Tower,0,0,2,6,8,0,4,24,0,28,0,4,26,6,36,4,0,4,40
10/16/2012,CRE,SC,ASO,ES,Federal Contract Tower,0,0,16,0,16,0,8,49,2,59,0,8,65,2,75,8,0,8,83
10/17/2012,CRE,SC,ASO,ES,Federal Contract Tower,0,1,14,0,15,0,18,51,0,69,0,19,65,0,84,8,0,8,92
10/18/2012,CRE,SC,ASO,ES,Federal Contract Tower,0,3,20,2,25,0,10,36,2,48,0,13,56,4,73,12,0,12,85
10/19/2012,CRE,SC,ASO,ES,Federal Contract Tower,0,2,18,2,22,0,14,28,8,50,0,16,46,10,72,10,0,10,82
10/20/2012,CRE,SC,ASO,ES,Federal Contract Tower,0,0,7,0,7,0,34,34,3,71,0,34,41,3,78,10,0,10,88
10/21/2012,CRE,SC,ASO,ES,Federal Contract Tower,0,0,33,0,33,0,2,37,0,39,0,2,70,0,72,6,0,6,78
10/22/2012,CRE,SC,ASO,ES,Federal Contract Tower,0,2,14,4,20,0,7,37,0,44,0,9,51,4,64,4,0,4,68
10/23/2012,CRE,SC,ASO,ES,Federal Contract Tower,0,0,12,0,12,0,20,64,0,84,0,20,76,0,96,40,0,40,136
10/24/2012,CRE,SC,ASO,ES,Federal Contract Tower,0,2,16,4,22,0,26,44,0,70,0,28,60,4,92,68,0,68,160
10/25/2012,CRE,SC,ASO,ES,Federal Contract Tower,0,0,19,0,19,0,18,44,2,64,0,18,63,2,83,16,0,16,99
10/26/2012,CRE,SC,ASO,ES,Federal Contract Tower,0,0,17,2,19,0,17,17,2,36,0,17,34,4,55,0,0,0,55
10/27/2012,CRE,SC,ASO,ES,Federal Contract Tower,0,0,6,0,6,0,0,0,0,0,0,0,6,0,6,0,0,0,6
10/28/2012,CRE,SC,ASO,ES,Federal Contract Tower,0,0,6,0,6,0,0,2,0,2,0,0,8,0,8,0,0,0,8
10/29/2012,CRE,SC,ASO,ES,Federal Contract Tower,0,0,4,2,6,0,0,2,3,5,0,0,6,5,11,0,0,0,11
10/30/2012,CRE,SC,ASO,ES,Federal Contract Tower,0,0,3,0,3,0,2,3,2,7,0,2,6,2,10,0,0,0,10
10/31/2012,CRE,SC,ASO,ES,Federal Contract Tower,0,2,5,4,11,0,0,42,12,54,0,2,47,16,65,0,0,0,65
11/01/2012,CRE,SC,ASO,ES,Federal Contract Tower,0,0,10,2,12,0,1,45,6,52,0,1,55,8,64,0,0,0,64
11/02/2012,CRE,SC,ASO,ES,Federal Contract Tower,0,0,27,14,41,0,12,34,0,46,0,12,61,14,87,16,0,16,103
11/03/2012,CRE,SC,ASO,ES,Federal Contract Tower,0,0,18,0,18,0,15,45,0,60,0,15,63,0,78,22,0,22,100
11/04/2012,CRE,SC,ASO,ES,Federal Contract Tower,0,1,17,0,18,0,10,32,3,45,0,11,49,3,63,14,0,14,77
11/05/2012,CRE,SC,ASO,ES,Federal Contract Tower,0,1,7,2,10,0,1,35,0,36,0,2,42,2,46,18,0,18,64
11/06/2012,CRE,SC,ASO,ES,Federal Contract Tower,0,0,3,0,3,0,22,23,0,45,0,22,26,0,48,10,0,10,58
11/07/2012,CRE,SC,ASO,ES,Federal Contract Tower,0,2,14,6,22,0,12,37,1,50,0,14,51,7,72,12,0,12,84
11/08/2012,CRE,SC,ASO,ES,Federal Contract Tower,0,0,5,0,5,0,10,32,8,50,0,10,37,8,55,6,0,6,61
11/09/2012,CRE,SC,ASO,ES,Federal Contract Tower,0,1,19,0,20,0,12,50,3,65,0,13,69,3,85,16,0,16,101
11/10/2012,CRE,SC,ASO,ES,Federal Contract Tower,0,0,16,0,16,0,17,54,0,71,0,17,70,0,87,8,0,8,95
11/11/2012,CRE,SC,ASO,ES,Federal Contract Tower,0,2,20,0,22,0,12,40,6,58,0,14,60,6,80,14,0,14,94
11/12/2012,CRE,SC,ASO,ES,Federal Contract Tower,0,0,14,0,14,0,9,38,0,47,0,9,52,0,61,14,0,14,75
11/13/2012,CRE,SC,ASO,ES,Federal Contract Tower,0,0,6,0,6,0,8,27,0,35,0,8,33,0,41,10,0,10,51
11/14/2012,CRE,SC,ASO,ES,Federal Contract Tower,0,2,24,2,28,0,1,42,0,43,0,3,66,2,71,0,0,0,71
11/15/2012,CRE,SC,ASO,ES,Federal Contract Tower,0,2,13,0,15,0,0,0,0,0,0,2,13,0,15,0,0,0,15
11/16/2012,CRE,SC,ASO,ES,Federal Contract Tower,0,0,18,4,22,0,16,42,0,58,0,16,60,4,80,8,0,8,88
11/17/2012,CRE,SC,ASO,ES,Federal Contract Tower,0,0,15,0,15,0,3,29,0,32,0,3,44,0,47,14,0,14,61
11/18/2012,CRE,SC,ASO,ES,Federal Contract Tower,0,2,12,0,14,0,0,2,0,2,0,2,14,0,16,0,0,0,16
11/19/2012,CRE,SC,ASO,ES,Federal Contract Tower,0,0,7,10,17,0,1,0,2,3,0,1,7,12,20,0,0,0,20
11/20/2012,CRE,SC,ASO,ES,Federal Contract Tower,0,0,20,0,20,0,12,29,2,43,0,12,49,2,63,28,0,28,91
11/21/2012,CRE,SC,ASO,ES,Federal Contract Tower,0,0,17,0,17,0,11,45,0,56,0,11,62,0,73,28,0,28,101
11/22/2012,CRE,SC,ASO,ES,Federal Contract Tower,0,0,4,0,4,0,2,35,0,37,0,2,39,0,41,12,0,12,53
11/23/2012,CRE,SC,ASO,ES,Federal Contract Tower,0,0,19,0,19,0,45,63,0,108,0,45,82,0,127,38,0,38,165
11/24/2012,CRE,SC,ASO,ES,Federal Contract Tower,0,0,14,0,14,0,33,50,0,83,0,33,64,0,97,14,0,14,111
11/25/2012,CRE,SC,ASO,ES,Federal Contract Tower,0,0,32,0,32,0,17,90,0,107,0,17,122,0,139,22,0,22,161
11/26/2012,CRE,SC,ASO,ES,Federal Contract Tower,0,0,10,3,13,0,1,48,3,52,0,1,58,6,65,6,0,6,71
11/27/2012,CRE,SC,ASO,ES,Federal Contract Tower,0,0,12,2,14,0,1,26,0,27,0,1,38,2,41,6,0,6,47
11/28/2012,CRE,SC,ASO,ES,Federal Contract Tower,0,4,4,0,8,0,14,59,2,75,0,18,63,2,83,20,0,20,103
11/29/2012,CRE,SC,ASO,ES,Federal Contract Tower,0,2,8,4,14,0,0,54,0,54,0,2,62,4,68,0,0,0,68
11/30/2012,CRE,SC,ASO,ES,Federal Contract Tower,0,0,17,2,19,0,14,45,4,63,0,14,62,6,82,0,0,0,82
12/01/2012,CRE,SC,ASO,ES,Federal Contract Tower,0,0,8,2,10,0,13,47,0,60,0,13,55,2,70,22,0,22,92
12/02/2012,CRE,SC,ASO,ES,Federal Contract Tower,0,1,23,0,24,0,5,30,0,35,0,6,53,0,59,0,0,0,59
12/03/2012,CRE,SC,ASO,ES,Federal Contract Tower,0,0,10,6,16,0,10,45,0,55,0,10,55,6,71,12,0,12,83
12/04/2012,CRE,SC,ASO,ES,Federal Contract Tower,0,0,9,2,11,0,2,46,2,50,0,2,55,4,61,18,12,30,91
12/05/2012,CRE,SC,ASO,ES,Federal Contract Tower,0,0,11,2,13,0,4,48,2,54,0,4,59,4,67,21,0,21,88
12/06/2012,CRE,SC,ASO,ES,Federal Contract Tower,0,0,12,0,12,0,14,45,0,59,0,14,57,0,71,6,0,6,77
12/07/2012,CRE,SC,ASO,ES,Federal Contract Tower,0,0,9,2,11,0,3,3,0,6,0,3,12,2,17,12,0,12,29
12/08/2012,CRE,SC,ASO,ES,Federal Contract Tower,0,0,7,0,7,0,3,5,0,8,0,3,12,0,15,12,0,12,27
12/09/2012,CRE,SC,ASO,ES,Federal Contract Tower,0,1,6,2,9,0,3,33,2,38,0,4,39,4,47,12,0,12,59
12/10/2012,CRE,SC,ASO,ES,Federal Contract Tower,0,1,13,0,14,0,0,2,0,2,0,1,15,0,16,0,0,0,16
12/11/2012,CRE,SC,ASO,ES,Federal Contract Tower,0,0,20,0,20,0,19,40,4,63,0,19,60,4,83,38,0,38,121
12/12/2012,CRE,SC,ASO,ES,Federal Contract Tower,0,1,4,4,9,0,0,0,0,0,0,1,4,4,9,0,0,0,9
12/13/2012,CRE,SC,ASO,ES,Federal Contract Tower,0,0,24,0,24,0,0,18,0,18,0,0,42,0,42,0,0,0,42
12/14/2012,CRE,SC,ASO,ES,Federal Contract Tower,0,0,20,3,23,0,13,53,1,67,0,13,73,4,90,40,2,42,132
12/15/2012,CRE,SC,ASO,ES,Federal Contract Tower,0,3,17,0,20,0,4,23,2,29,0,7,40,2,49,16,0,16,65
12/16/2012,CRE,SC,ASO,ES,Federal Contract Tower,0,1,11,0,12,0,0,4,0,4,0,1,15,0,16,10,0,10,26
12/17/2012,CRE,SC,ASO,ES,Federal Contract Tower,0,0,1,0,1,0,0,0,0,0,0,0,1,0,1,0,0,0,1
12/18/2012,CRE,SC,ASO,ES,Federal Contract Tower,0,0,19,0,19,0,4,31,0,35,0,4,50,0,54,8,0,8,62
12/19/2012,CRE,SC,ASO,ES,Federal Contract Tower,0,0,3,2,5,2,1,50,0,53,2,1,53,2,58,0,0,0,58
12/20/2012,CRE,SC,ASO,ES,Federal Contract Tower,0,0,11,0,11,0,2,23,0,25,0,2,34,0,36,0,0,0,36
12/21/2012,CRE,SC,ASO,ES,Federal Contract Tower,0,5,2,3,10,0,0,16,1,17,0,5,18,4,27,0,0,0,27
12/22/2012,CRE,SC,ASO,ES,Federal Contract Tower,0,0,14,0,14,0,1,17,0,18,0,1,31,0,32,8,0,8,40
12/23/2012,CRE,SC,ASO,ES,Federal Contract Tower,0,0,9,0,9,0,8,30,0,38,0,8,39,0,47,16,0,16,63
12/24/2012,CRE,SC,ASO,ES,Federal Contract Tower,0,1,3,0,4,0,2,43,0,45,0,3,46,0,49,6,0,6,55
12/25/2012,CRE,SC,ASO,ES,Federal Contract Tower,0,0,6,0,6,0,0,0,0,0,0,0,6,0,6,0,0,0,6
12/26/2012,CRE,SC,ASO,ES,Federal Contract Tower,0,2,10,0,12,0,0,7,0,7,0,2,17,0,19,0,0,0,19
12/27/2012,CRE,SC,ASO,ES,Federal Contract Tower,0,1,9,0,10,0,6,46,0,52,0,7,55,0,62,12,0,12,74
12/28/2012,CRE,SC,ASO,ES,Federal Contract Tower,0,1,35,0,36,0,22,53,0,75,0,23,88,0,111,42,0,42,153
12/29/2012,CRE,SC,ASO,ES,Federal Contract Tower,0,0,7,0,7,0,5,2,0,7,0,5,9,0,14,0,0,0,14
12/30/2012,CRE,SC,ASO,ES,Federal Contract Tower,0,0,14,0,14,0,2,33,0,35,0,2,47,0,49,0,0,0,49
12/31/2012,CRE,SC,ASO,ES,Federal Contract Tower,0,0,19,0,19,0,15,43,0,58,0,15,62,0,77,0,0,0,77
01/01/2013,CRE,SC,ASO,ES,Federal Contract Tower,0,0,21,0,21,0,2,14,0,16,0,2,35,0,37,0,0,0,37
01/02/2013,CRE,SC,ASO,ES,Federal Contract Tower,0,1,22,0,23,0,1,0,0,1,0,2,22,0,24,0,0,0,24
01/03/2013,CRE,SC,ASO,ES,Federal Contract Tower,0,2,7,1,10,0,0,4,1,5,0,2,11,2,15,0,0,0,15
01/04/2013,CRE,SC,ASO,ES,Federal Contract Tower,0,1,15,0,16,0,17,23,4,44,0,18,38,4,60,0,0,0,60
01/05/2013,CRE,SC,ASO,ES,Federal Contract Tower,0,0,19,0,19,0,8,34,0,42,0,8,53,0,61,10,0,10,71
01/06/2013,CRE,SC,ASO,ES,Federal Contract Tower,0,1,19,0,20,0,14,13,0,27,0,15,32,0,47,0,0,0,47
01/07/2013,CRE,SC,ASO,ES,Federal Contract Tower,0,0,9,2,11,0,6,43,0,49,0,6,52,2,60,14,0,14,74
01/08/2013,CRE,SC,ASO,ES,Federal Contract Tower,0,21,10,0,31,0,1,33,0,34,0,22,43,0,65,46,0,46,111
01/09/2013,CRE,SC,ASO,ES,Federal Contract Tower,0,0,12,4,16,0,1,37,0,38,0,1,49,4,54,22,0,22,76
01/10/2013,CRE,SC,ASO,ES,Federal Contract Tower,0,0,3,5,8,0,5,25,5,35,0,5,28,10,43,18,0,18,61
01/11/2013,CRE,SC,ASO,ES,Federal Contract Tower,0,1,16,18,35,0,1,12,0,13,0,2,28,18,48,0,0,0,48
01/12/2013,CRE,SC,ASO,ES,Federal Contract Tower,0,0,9,0,9,0,9,22,0,31,0,9,31,0,40,6,0,6,46
01/13/2013,CRE,SC,ASO,ES,Federal Contract Tower,0,0,18,0,18,0,11,36,0,47,0,11,54,0,65,12,0,12,77
01/14/2013,CRE,SC,ASO,ES,Federal Contract Tower,0,0,7,6,13,0,12,39,2,53,0,12,46,8,66,0,0,0,66
01/15/2013,CRE,SC,ASO,ES,Federal Contract Tower,0,0,27,6,33,0,5,21,8,34,0,5,48,14,67,6,112,118,185
01/16/2013,CRE,SC,ASO,ES,Federal Contract Tower,0,0,7,1,8,0,3,19,0,22,0,3,26,1,30,8,0,8,38
01/17/2013,CRE,SC,ASO,ES,Federal Contract Tower,0,0,3,6,9,0,2,25,0,27,0,2,28,6,36,10,0,10,46
01/18/2013,CRE,SC,ASO,ES,Federal Contract Tower,0,0,23,6,29,0,4,19,1,24,0,4,42,7,53,0,0,0,53
01/19/2013,CRE,SC,ASO,ES,Federal Contract Tower,0,1,15,0,16,0,12,46,0,58,0,13,61,0,74,22,0,22,96
01/20/2013,CRE,SC,ASO,ES,Federal Contract Tower,0,2,5,0,7,0,11,37,0,48,0,13,42,0,55,0,0,0,55
01/21/2013,CRE,SC,ASO,ES,Federal Contract Tower,0,1,8,0,9,0,9,48,0,57,0,10,56,0,66,26,0,26,92
01/22/2013,CRE,SC,ASO,ES,Federal Contract Tower,0,0,7,4,11,0,8,20,4,32,0,8,27,8,43,26,0,26,69
01/23/2013,CRE,SC,ASO,ES,Federal Contract Tower,0,0,6,5,11,0,2,38,5,45,0,2,44,10,56,24,0,24,80
01/24/2013,CRE,SC,ASO,ES,Federal Contract Tower,0,0,7,2,9,0,2,19,2,23,0,2,26,4,32,0,0,0,32
01/25/2013,CRE,SC,ASO,ES,Federal Contract Tower,0,2,3,0,5,0,11,7,0,18,0,13,10,0,23,0,0,0,23
01/26/2013,CRE,SC,ASO,ES,Federal Contract Tower,0,0,10,0,10,0,1,17,0,18,0,1,27,0,28,12,0,12,40
01/27/2013,CRE,SC,ASO,ES,Federal Contract Tower,0,0,8,0,8,4,30,0,0,34,4,30,8,0,42,0,0,0,42
01/28/2013,CRE,SC,ASO,ES,Federal Contract Tower,0,0,5,0,5,0,4,30,0,34,0,4,35,0,39,0,0,0,39
01/29/2013,CRE,SC,ASO,ES,Federal Contract Tower,0,0,12,20,32,0,8,39,0,47,0,8,51,20,79,20,0,20,99
01/30/2013,CRE,SC,ASO,ES,Federal Contract Tower,0,2,5,4,11,0,0,24,0,24,0,2,29,4,35,0,0,0,35
01/31/2013,CRE,SC,ASO,ES,Federal Contract Tower,0,0,10,2,12,0,0,30,0,30,0,0,40,2,42,0,0,0,42
02/01/2013,CRE,SC,ASO,ES,Federal Contract Tower,0,0,6,0,6,0,0,15,0,15,0,0,21,0,21,0,0,0,21
02/02/2013,CRE,SC,ASO,ES,Federal Contract Tower,0,0,19,2,21,0,6,41,0,47,0,6,60,2,68,20,0,20,88
02/03/2013,CRE,SC,ASO,ES,Federal Contract Tower,0,0,8,2,10,0,0,25,2,27,0,0,33,4,37,0,0,0,37
02/04/2013,CRE,SC,ASO,ES,Federal Contract Tower,0,0,13,0,13,0,6,47,0,53,0,6,60,0,66,16,0,16,82
02/05/2013,CRE,SC,ASO,ES,Federal Contract Tower,0,2,11,2,15,0,2,40,0,42,0,4,51,2,57,20,0,20,77
02/06/2013,CRE,SC,ASO,ES,Federal Contract Tower,0,0,10,0,10,0,8,56,0,64,0,8,66,0,74,12,0,12,86
02/07/2013,CRE,SC,ASO,ES,Federal Contract Tower,0,1,11,4,16,0,3,23,0,26,0,4,34,4,42,0,0,0,42
02/08/2013,CRE,SC,ASO,ES,Federal Contract Tower,0,0,10,7,17,0,2,32,4,38,0,2,42,11,55,10,0,10,65
02/09/2013,CRE,SC,ASO,ES,Federal Contract Tower,0,3,19,0,22,0,25,19,0,44,0,28,38,0,66,0,0,0,66
02/10/2013,CRE,SC,ASO,ES,Federal Contract Tower,0,0,19,2,21,0,4,53,2,59,0,4,72,4,80,8,0,8,88
02/11/2013,CRE,SC,ASO,ES,Federal Contract Tower,0,0,7,2,9,0,0,15,0,15,0,0,22,2,24,0,0,0,24
02/12/2013,CRE,SC,ASO,ES,Federal Contract Tower,0,0,13,0,13,0,10,28,0,38,0,10,41,0,51,12,0,12,63
02/13/2013,CRE,SC,ASO,ES,Federal Contract Tower,0,0,3,0,3,0,0,0,0,0,0,0,3,0,3,0,0,0,3
02/14/2013,CRE,SC,ASO,ES,Federal Contract Tower,0,0,19,0,19,0,12,45,1,58,0,12,64,1,77,28,0,28,105
02/15/2013,CRE,SC,ASO,ES,Federal Contract Tower,0,1,27,0,28,0,13,34,0,47,0,14,61,0,75,14,0,14,89
02/16/2013,CRE,SC,ASO,ES,Federal Contract Tower,0,0,5,0,5,0,19,3,0,22,0,19,8,0,27,0,0,0,27
02/17/2013,CRE,SC,ASO,ES,Federal Contract Tower,0,1,14,0,15,0,0,16,2,18,0,1,30,2,33,0,0,0,33
02/18/2013,CRE,SC,ASO,ES,Federal Contract Tower,0,0,18,2,20,0,11,44,0,55,0,11,62,2,75,42,0,42,117
02/19/2013,CRE,SC,ASO,ES,Federal Contract Tower,0,0,12,0,12,0,0,22,0,22,0,0,34,0,34,16,0,16,50
02/20/2013,CRE,SC,ASO,ES,Federal Contract Tower,0,0,26,0,26,0,9,52,0,61,0,9,78,0,87,46,0,46,133
02/21/2013,CRE,SC,ASO,ES,Federal Contract Tower,0,0,12,9,21,0,5,48,2,55,0,5,60,11,76,22,0,22,98
02/22/2013,CRE,SC,ASO,ES,Federal Contract Tower,0,0,9,3,12,0,0,7,0,7,0,0,16,3,19,0,0,0,19
02/23/2013,CRE,SC,ASO,ES,Federal Contract Tower,0,0,2,0,2,0,0,0,0,0,0,0,2,0,2,0,0,0,2
02/24/2013,CRE,SC,ASO,ES,Federal Contract Tower,0,0,11,0,11,0,6,29,0,35,0,6,40,0,46,16,0,16,62
02/25/2013,CRE,SC,ASO,ES,Federal Contract Tower,0,1,9,0,10,0,10,39,1,50,0,11,48,1,60,32,0,32,92
02/26/2013,CRE,SC,ASO,ES,Federal Contract Tower,0,0,3,0,3,0,0,0,0,0,0,0,3,0,3,0,0,0,3
02/27/2013,CRE,SC,ASO,ES,Federal Contract Tower,0,0,16,3,19,0,9,32,0,41,0,9,48,3,60,10,0,10,70
02/28/2013,CRE,SC,ASO,ES,Federal Contract Tower,0,2,7,8,17,0,7,34,5,46,0,9,41,13,63,32,0,32,95
03/01/2013,CRE,SC,ASO,ES,Federal Contract Tower,0,3,27,4,34,0,2,40,4,46,0,5,67,8,80,14,0,14,94
03/02/2013,CRE,SC,ASO,ES,Federal Contract Tower,0,6,10,0,16,0,57,33,0,90,0,63,43,0,106,8,0,8,114
03/03/2013,CRE,SC,ASO,ES,Federal Contract Tower,0,0,17,2,19,0,66,59,0,125,0,66,76,2,144,30,0,30,174
03/04/2013,CRE,SC,ASO,ES,Federal Contract Tower,0,2,6,2,10,0,2,51,0,53,0,4,57,2,63,36,0,36,99
03/05/2013,CRE,SC,ASO,ES,Federal Contract Tower,0,0,9,1,10,0,2,26,18,46,0,2,35,19,56,16,26,42,98
03/06/2013,CRE,SC,ASO,ES,Federal Contract Tower,0,0,11,0,11,0,8,15,0,23,0,8,26,0,34,0,0,0,34
03/07/2013,CRE,SC,ASO,ES,Federal Contract Tower,0,1,20,1,22,0,38,51,0,89,0,39,71,1,111,0,0,0,111
03/08/2013,CRE,SC,ASO,ES,Federal Contract Tower,0,1,26,2,29,0,9,42,0,51,0,10,68,2,80,2,0,2,82
03/09/2013,CRE,SC,ASO,ES,Federal Contract Tower,0,0,23,0,23,0,115,68,0,183,0,115,91,0,206,4,0,4,210
03/10/2013,CRE,SC,ASO,ES,Federal Contract Tower,0,0,24,0,24,0,69,60,0,129,0,69,84,0,153,26,0,26,179
03/11/2013,CRE,SC,ASO,ES,Federal Contract Tower,0,0,15,1,16,0,70,54,3,127,0,70,69,4,143,18,0,18,161
03/12/2013,CRE,SC,ASO,ES,Federal Contract Tower,0,0,3,0,3,0,10,30,0,40,0,10,33,0,43,12,0,12,55
03/13/2013,CRE,SC,ASO,ES,Federal Contract Tower,0,0,13,9,22,0,1,19,0,20,0,1,32,9,42,0,0,0,42
03/14/2013,CRE,SC,ASO,ES,Federal Contract Tower,0,2,16,6,24,0,50,47,2,99,0,52,63,8,123,14,0,14,137
03/15/2013,CRE,SC,ASO,ES,Federal Contract Tower,0,1,29,0,30,0,58,56,0,114,0,59,85,0,144,22,0,22,166
03/16/2013,CRE,SC,ASO,ES,Federal Contract Tower,0,3,11,0,14,0,6,16,0,22,0,9,27,0,36,4,0,4,40
03/17/2013,CRE,SC,ASO,ES,Federal Contract Tower,0,2,24,0,26,0,80,86,2,168,0,82,110,2,194,42,0,42,236
03/18/2013,CRE,SC,ASO,ES,Federal Contract Tower,0,1,12,4,17,0,16,27,0,43,0,17,39,4,60,18,0,18,78
03/19/2013,CRE,SC,ASO,ES,Federal Contract Tower,0,1,15,8,24,0,20,24,2,46,0,21,39,10,70,18,4,22,92
03/20/2013,CRE,SC,ASO,ES,Federal Contract Tower,0,0,28,0,28,0,12,29,0,41,0,12,57,0,69,2,0,2,71
03/21/2013,CRE,SC,ASO,ES,Federal Contract Tower,0,0,6,6,12,0,13,33,4,50,0,13,39,10,62,0,0,0,62
03/22/2013,CRE,SC,ASO,ES,Federal Contract Tower,0,12,8,0,20,0,30,56,0,86,0,42,64,0,106,72,0,72,178
03/23/2013,CRE,SC,ASO,ES,Federal Contract Tower,0,1,15,0,16,0,4,14,0,18,0,5,29,0,34,0,0,0,34
03/24/2013,CRE,SC,ASO,ES,Federal Contract Tower,0,0,10,0,10,0,0,0,0,0,0,0,10,0,10,0,0,0,10
03/25/2013,CRE,SC,ASO,ES,Federal Contract Tower,0,0,16,2,18,0,14,49,0,63,0,14,65,2,81,14,0,14,95
03/26/2013,CRE,SC,ASO,ES,Federal Contract Tower,0,2,29,4,35,0,55,61,0,116,0,57,90,4,151,26,0,26,177
03/27/2013,CRE,SC,ASO,ES,Federal Contract Tower,0,8,11,2,21,0,83,66,0,149,0,91,77,2,170,40,0,40,210
03/28/2013,CRE,SC,ASO,ES,Federal Contract Tower,0,1,21,5,27,0,60,70,0,130,0,61,91,5,157,108,0,108,265
03/29/2013,CRE,SC,ASO,ES,Federal Contract Tower,0,4,27,4,35,0,49,72,0,121,0,53,99,4,156,38,0,38,194
03/30/2013,CRE,SC,ASO,ES,Federal Contract Tower,0,3,22,0,25,0,65,61,0,126,0,68,83,0,151,30,0,30,181
03/31/2013,CRE,SC,ASO,ES,Federal Contract Tower,0,1,12,0,13,0,76,26,0,102,0,77,38,0,115,18,0,18,133
04/01/2013,CRE,SC,ASO,ES,Federal Contract Tower,0,2,18,0,20,0,53,45,0,98,0,55,63,0,118,20,0,20,138
04/02/2013,CRE,SC,ASO,ES,Federal Contract Tower,0,0,10,0,10,0,56,52,2,110,0,56,62,2,120,50,0,50,170
04/03/2013,CRE,SC,ASO,ES,Federal Contract Tower,0,0,14,0,14,0,0,86,38,124,0,0,100,38,138,18,0,18,156
04/04/2013,CRE,SC,ASO,ES,Federal Contract Tower,0,0,14,0,14,0,0,0,0,0,0,0,14,0,14,0,0,0,14
04/05/2013,CRE,SC,ASO,ES,Federal Contract Tower,0,2,25,0,27,0,4,10,0,14,0,6,35,0,41,0,0,0,41
04/06/2013,CRE,SC,ASO,ES,Federal Contract Tower,0,3,24,2,29,0,45,42,0,87,0,48,66,2,116,18,0,18,134
04/07/2013,CRE,SC,ASO,ES,Federal Contract Tower,0,1,36,6,43,0,28,48,1,77,0,29,84,7,120,14,0,14,134
04/08/2013,CRE,SC,ASO,ES,Federal Contract Tower,0,0,18,4,22,0,44,54,2,100,0,44,72,6,122,28,0,28,150
04/09/2013,CRE,SC,ASO,ES,Federal Contract Tower,0,0,16,4,20,0,20,53,0,73,0,20,69,4,93,28,0,28,121
04/10/2013,CRE,SC,ASO,ES,Federal Contract Tower,0,2,12,5,19,0,33,38,0,71,0,35,50,5,90,20,2,22,112
04/11/2013,CRE,SC,ASO,ES,Federal Contract Tower,0,0,28,3,31,0,27,47,3,77,0,27,75,6,108,18,0,18,126
04/12/2013,CRE,SC,ASO,ES,Federal Contract Tower,0,0,18,0,18,0,8,1,0,9,0,8,19,0,27,0,0,0,27
04/13/2013,CRE,SC,ASO,ES,Federal Contract Tower,0,0,36,5,41,0,42,56,1,99,0,42,92,6,140,20,0,20,160
04/14/2013,CRE,SC,ASO,ES,Federal Contract Tower,0,13,31,0,44,0,28,53,0,81,0,41,84,0,125,26,0,26,151
04/15/2013,CRE,SC,ASO,ES,Federal Contract Tower,0,5,14,4,23,0,12,18,2,32,0,17,32,6,55,0,0,0,55
04/16/2013,CRE,SC,ASO,ES,Federal Contract Tower,0,4,24,0,28,0,33,44,1,78,0,37,68,1,106,20,0,20,126
04/17/2013,CRE,SC,ASO,ES,Federal Contract Tower,0,6,24,14,44,0,44,55,1,100,0,50,79,15,144,14,0,14,158
04/18/2013,CRE,SC,ASO,ES,Federal Contract Tower,0,1,16,0,17,0,20,33,0,53,0,21,49,0,70,6,0,6,76
04/19/2013,CRE,SC,ASO,ES,Federal Contract Tower,0,0,9,1,10,0,6,17,7,30,0,6,26,8,40,0,0,0,40
04/20/2013,CRE,SC,ASO,ES,Federal Contract Tower,0,0,9,0,9,0,36,27,0,63,0,36,36,0,72,0,0,0,72
04/21/2013,CRE,SC,ASO,ES,Federal Contract Tower,0,3,30,0,33,0,26,42,0,68,0,29,72,0,101,6,0,6,107
04/22/2013,CRE,SC,ASO,ES,Federal Contract Tower,0,0,12,4,16,0,27,28,0,55,0,27,40,4,71,0,0,0,71
04/23/2013,CRE,SC,ASO,ES,Federal Contract Tower,0,3,24,0,27,0,1,39,0,40,0,4,63,0,67,24,0,24,91
04/24/2013,CRE,SC,ASO,ES,Federal Contract Tower,0,0,12,5,17,0,34,46,2,82,0,34,58,7,99,14,0,14,113
04/25/2013,CRE,SC,ASO,ES,Federal Contract Tower,0,0,27,0,27,0,13,34,0,47,0,13,61,0,74,12,0,12,86
04/26/2013,CRE,SC,ASO,ES,Federal Contract Tower,0,2,20,2,24,0,39,57,0,96,0,41,77,2,120,18,0,18,138
04/27/2013,CRE,SC,ASO,ES,Federal Contract Tower,0,0,30,0,30,0,40,42,0,82,0,40,72,0,112,22,0,22,134
04/28/2013,CRE,SC,ASO,ES,Federal Contract Tower,0,0,21,0,21,0,39,37,0,76,0,39,58,0,97,28,0,28,125
04/29/2013,CRE,SC,ASO,ES,Federal Contract Tower,0,6,7,0,13,0,2,9,0,11,0,8,16,0,24,0,0,0,24
04/30/2013,CRE,SC,ASO,ES,Federal Contract Tower,0,18,12,12,42,0,15,11,0,26,0,33,23,12,68,0,0,0,68
05/01/2013,CRE,SC,ASO,ES,Federal Contract Tower,0,0,16,8,24,0,31,17,4,52,0,31,33,12,76,42,0,42,118
05/02/2013,CRE,SC,ASO,ES,Federal Contract Tower,0,4,20,0,24,0,16,15,0,31,0,20,35,0,55,0,0,0,55
05/03/2013,CRE,SC,ASO,ES,Federal Contract Tower,0,5,20,2,27,0,8,2,0,10,0,13,22,2,37,0,0,0,37
05/04/2013,CRE,SC,ASO,ES,Federal Contract Tower,0,0,7,0,7,0,114,3,0,117,0,114,10,0,124,0,0,0,124
05/05/2013,CRE,SC,ASO,ES,Federal Contract Tower,0,3,26,2,31,0,96,11,0,107,0,99,37,2,138,0,0,0,138
05/06/2013,CRE,SC,ASO,ES,Federal Contract Tower,0,2,22,0,24,0,140,18,5,163,0,142,40,5,187,2,0,2,189
05/07/2013,CRE,SC,ASO,ES,Federal Contract Tower,0,0,12,2,14,0,73,38,0,111,0,73,50,2,125,26,0,26,151
05/08/2013,CRE,SC,ASO,ES,Federal Contract Tower,0,2,10,2,14,0,55,37,2,94,0,57,47,4,108,4,0,4,112
05/09/2013,CRE,SC,ASO,ES,Federal Contract Tower,0,2,23,0,25,0,37,48,0,85,0,39,71,0,110,16,0,16,126
05/10/2013,CRE,SC,ASO,ES,Federal Contract Tower,0,2,22,0,24,0,33,36,0,69,0,35,58,0,93,36,0,36,129
05/11/2013,CRE,SC,ASO,ES,Federal Contract Tower,0,0,5,0,5,0,44,24,0,68,0,44,29,0,73,32,0,32,105
05/12/2013,CRE,SC,ASO,ES,Federal Contract Tower,0,0,22,0,22,0,24,36,0,60,0,24,58,0,82,0,0,0,82
05/13/2013,CRE,SC,ASO,ES,Federal Contract Tower,0,0,25,2,27,0,26,57,5,88,0,26,82,7,115,16,0,16,131
05/14/2013,CRE,SC,ASO,ES,Federal Contract Tower,0,0,21,2,23,0,31,42,0,73,0,31,63,2,96,32,0,32,128
05/15/2013,CRE,SC,ASO,ES,Federal Contract Tower,0,0,15,4,19,0,20,42,0,62,0,20,57,4,81,10,0,10,91
05/16/2013,CRE,SC,ASO,ES,Federal Contract Tower,0,4,23,4,31,0,37,63,0,100,0,41,86,4,131,26,0,26,157
05/17/2013,CRE,SC,ASO,ES,Federal Contract Tower,0,1,8,6,15,0,74,64,0,138,0,75,72,6,153,22,0,22,175
05/18/2013,CRE,SC,ASO,ES,Federal Contract Tower,0,2,21,0,23,0,81,52,0,133,0,83,73,0,156,42,0,42,198
05/19/2013,CRE,SC,ASO,ES,Federal Contract Tower,0,4,20,0,24,0,32,26,0,58,0,36,46,0,82,18,0,18,100
05/20/2013,CRE,SC,ASO,ES,Federal Contract Tower,0,1,6,0,7,0,10,13,0,23,0,11,19,0,30,16,0,16,46
05/21/2013,CRE,SC,ASO,ES,Federal Contract Tower,0,5,13,4,22,0,18,38,0,56,0,23,51,4,78,12,0,12,90
05/22/2013,CRE,SC,ASO,ES,Federal Contract Tower,0,2,17,2,21,0,64,40,0,104,0,66,57,2,125,32,0,32,157
05/23/2013,CRE,SC,ASO,ES,Federal Contract Tower,0,4,26,3,33,0,26,44,0,70,0,30,70,3,103,36,0,36,139
05/24/2013,CRE,SC,ASO,ES,Federal Contract Tower,0,0,22,0,22,0,36,45,1,82,0,36,67,1,104,40,0,40,144
05/25/2013,CRE,SC,ASO,ES,Federal Contract Tower,0,0,15,2,17,0,78,78,0,156,0,78,93,2,173,78,0,78,251
05/26/2013,CRE,SC,ASO,ES,Federal Contract Tower,0,2,19,0,21,0,64,96,0,160,0,66,115,0,181,64,0,64,245
05/27/2013,CRE,SC,ASO,ES,Federal Contract Tower,0,0,27,0,27,0,65,74,1,140,0,65,101,1,167,102,0,102,269
05/28/2013,CRE,SC,ASO,ES,Federal Contract Tower,0,1,23,0,24,0,32,53,0,85,0,33,76,0,109,54,0,54,163
05/29/2013,CRE,SC,ASO,ES,Federal Contract Tower,0,1,16,3,20,0,52,58,1,111,0,53,74,4,131,42,0,42,173
05/30/2013,CRE,SC,ASO,ES,Federal Contract Tower,0,1,22,6,29,0,74,56,0,130,0,75,78,6,159,20,0,20,179
05/31/2013,CRE,SC,ASO,ES,Federal Contract Tower,0,2,21,4,27,0,52,59,4,115,0,54,80,8,142,38,0,38,180
06/01/2013,CRE,SC,ASO,ES,Federal Contract Tower,0,2,20,1,23,0,34,37,0,71,0,36,57,1,94,30,0,30,124
06/02/2013,CRE,SC,ASO,ES,Federal Contract Tower,0,0,16,0,16,0,24,38,0,62,0,24,54,0,78,116,0,116,194
06/03/2013,CRE,SC,ASO,ES,Federal Contract Tower,0,0,5,0,5,0,12,17,0,29,0,12,22,0,34,16,0,16,50
06/04/2013,CRE,SC,ASO,ES,Federal Contract Tower,0,2,18,2,22,0,21,51,2,74,0,23,69,4,96,64,4,68,164
06/05/2013,CRE,SC,ASO,ES,Federal Contract Tower,0,0,27,2,29,0,53,34,0,87,0,53,61,2,116,52,0,52,168
06/06/2013,CRE,SC,ASO,ES,Federal Contract Tower,0,3,18,0,21,0,0,11,0,11,0,3,29,0,32,0,0,0,32
06/07/2013,CRE,SC,ASO,ES,Federal Contract Tower,0,1,13,0,14,0,4,0,15,19,0,5,13,15,33,0,0,0,33
06/08/2013,CRE,SC,ASO,ES,Federal Contract Tower,0,0,31,0,31,0,46,58,2,106,0,46,89,2,137,62,0,62,199
06/09/2013,CRE,SC,ASO,ES,Federal Contract Tower,0,2,23,1,26,0,21,30,0,51,0,23,53,1,77,42,0,42,119
06/10/2013,CRE,SC,ASO,ES,Federal Contract Tower,0,3,13,0,16,0,62,78,2,142,0,65,91,2,158,44,0,44,202
06/11/2013,CRE,SC,ASO,ES,Federal Contract Tower,0,1,24,3,28,0,58,96,3,157,0,59,120,6,185,58,0,58,243
06/12/2013,CRE,SC,ASO,ES,Federal Contract Tower,0,1,22,1,24,0,48,107,0,155,0,49,129,1,179,70,0,70,249
06/13/2013,CRE,SC,ASO,ES,Federal Contract Tower,0,0,19,2,21,0,102,74,0,176,0,102,93,2,197,58,0,58,255
06/14/2013,CRE,SC,ASO,ES,Federal Contract Tower,0,2,16,0,18,0,92,71,0,163,0,94,87,0,181,86,0,86,267
06/15/2013,CRE,SC,ASO,ES,Federal Contract Tower,0,0,22,0,22,0,58,72,0,130,0,58,94,0,152,86,0,86,238
06/16/2013,CRE,SC,ASO,ES,Federal Contract Tower,0,4,23,0,27,0,26,54,0,80,0,30,77,0,107,56,0,56,163
06/17/2013,CRE,SC,ASO,ES,Federal Contract Tower,0,0,22,0,22,0,32,40,8,80,0,32,62,8,102,42,0,42,144
06/18/2013,CRE,SC,ASO,ES,Federal Contract Tower,0,0,7,0,7,0,50,49,11,110,0,50,56,11,117,70,0,70,187
06/19/2013,CRE,SC,ASO,ES,Federal Contract Tower,0,0,21,0,21,0,70,65,0,135,0,70,86,0,156,76,0,76,232
06/20/2013,CRE,SC,ASO,ES,Federal Contract Tower,0,3,26,3,32,0,64,68,5,137,0,67,94,8,169,48,0,48,217
06/21/2013,CRE,SC,ASO,ES,Federal Contract Tower,0,3,15,2,20,0,82,64,1,147,0,85,79,3,167,82,0,82,249
06/22/2013,CRE,SC,ASO,ES,Federal Contract Tower,0,2,16,1,19,0,40,7,2,49,0,42,23,3,68,0,0,0,68
06/23/2013,CRE,SC,ASO,ES,Federal Contract Tower,0,0,35,0,35,0,42,74,0,116,0,42,109,0,151,112,0,112,263
06/24/2013,CRE,SC,ASO,ES,Federal Contract Tower,0,0,15,8,23,0,24,63,0,87,0,24,78,8,110,48,0,48,158
06/25/2013,CRE,SC,ASO,ES,Federal Contract Tower,0,2,11,1,14,0,62,84,3,149,0,64,95,4,163,72,0,72,235
06/26/2013,CRE,SC,ASO,ES,Federal Contract Tower,0,1,15,4,20,0,112,97,0,209,0,113,112,4,229,104,0,104,333
06/27/2013,CRE,SC,ASO,ES,Federal Contract Tower,0,1,20,1,22,0,64,62,2,128,0,65,82,3,150,72,0,72,222
06/28/2013,CRE,SC,ASO,ES,Federal Contract Tower,0,0,25,0,25,0,98,60,0,158,0,98,85,0,183,102,0,102,285
06/29/2013,CRE,SC,ASO,ES,Federal Contract Tower,0,2,23,0,25,0,54,47,0,101,0,56,70,0,126,58,0,58,184
06/30/2013,CRE,SC,ASO,ES,Federal Contract Tower,0,0,31,0,31,0,2,21,0,23,0,2,52,0,54,18,0,18,72
07/01/2013,CRE,SC,ASO,ES,Federal Contract Tower,0,0,15,0,15,0,2,4,0,6,0,2,19,0,21,0,0,0,21
07/02/2013,CRE,SC,ASO,ES,Federal Contract Tower,0,0,21,0,21,0,6,24,1,31,0,6,45,1,52,62,0,62,114
07/03/2013,CRE,SC,ASO,ES,Federal Contract Tower,0,2,26,0,28,0,60,58,0,118,0,62,84,0,146,70,0,70,216
07/04/2013,CRE,SC,ASO,ES,Federal Contract Tower,0,0,9,0,9,0,146,112,0,258,0,146,121,0,267,116,0,116,383
07/05/2013,CRE,SC,ASO,ES,Federal Contract Tower,0,0,17,0,17,0,126,79,0,205,0,126,96,0,222,112,0,112,334
07/06/2013,CRE,SC,ASO,ES,Federal Contract Tower,0,1,44,0,45,0,119,78,3,200,0,120,122,3,245,84,0,84,329
07/07/2013,CRE,SC,ASO,ES,Federal Contract Tower,0,2,29,0,31,0,51,61,0,112,0,53,90,0,143,88,0,88,231
07/08/2013,CRE,SC,ASO,ES,Federal Contract Tower,0,0,21,4,25,0,60,89,0,149,0,60,110,4,174,80,0,80,254
07/09/2013,CRE,SC,ASO,ES,Federal Contract Tower,0,2,16,0,18,0,78,108,4,190,0,80,124,4,208,86,0,86,294
07/10/2013,CRE,SC,ASO,ES,Federal Contract Tower,0,0,14,2,16,0,86,59,4,149,0,86,73,6,165,90,2,92,257
07/11/2013,CRE,SC,ASO,ES,Federal Contract Tower,0,1,12,0,13,0,118,88,2,208,0,119,100,2,221,68,0,68,289
07/12/2013,CRE,SC,ASO,ES,Federal Contract Tower,0,0,13,0,13,0,0,0,0,0,0,0,13,0,13,0,0,0,13
07/13/2013,CRE,SC,ASO,ES,Federal Contract Tower,0,1,19,0,20,0,2,2,0,4,0,3,21,0,24,0,0,0,24
07/14/2013,CRE,SC,ASO,ES,Federal Contract Tower,0,3,21,0,24,0,44,46,0,90,0,47,67,0,114,96,0,96,210
07/15/2013,CRE,SC,ASO,ES,Federal Contract Tower,0,2,13,0,15,0,48,32,2,82,0,50,45,2,97,60,0,60,157
07/16/2013,CRE,SC,ASO,ES,Federal Contract Tower,0,2,7,2,11,0,40,52,8,100,0,42,59,10,111,90,0,90,201
07/17/2013,CRE,SC,ASO,ES,Federal Contract Tower,0,0,8,0,8,0,42,62,1,105,0,42,70,1,113,84,0,84,197
07/18/2013,CRE,SC,ASO,ES,Federal Contract Tower,0,0,22,13,35,0,220,128,7,355,0,220,150,20,390,116,0,116,506
07/19/2013,CRE,SC,ASO,ES,Federal Contract Tower,0,0,26,0,26,0,90,86,2,178,0,90,112,2,204,94,0,94,298
07/20/2013,CRE,SC,ASO,ES,Federal Contract Tower,0,0,27,0,27,0,23,49,1,73,0,23,76,1,100,54,0,54,154
07/21/2013,CRE,SC,ASO,ES,Federal Contract Tower,0,1,43,1,45,0,28,57,1,86,0,29,100,2,131,50,0,50,181
07/22/2013,CRE,SC,ASO,ES,Federal Contract Tower,0,0,13,0,13,0,68,82,0,150,0,68,95,0,163,54,0,54,217
07/23/2013,CRE,SC,ASO,ES,Federal Contract Tower,0,0,23,1,24,0,77,74,2,153,0,77,97,3,177,40,0,40,217
07/24/2013,CRE,SC,ASO,ES,Federal Contract Tower,0,0,13,1,14,0,70,72,1,143,0,70,85,2,157,72,0,72,229
07/25/2013,CRE,SC,ASO,ES,Federal Contract Tower,0,0,21,1,22,0,93,66,0,159,0,93,87,1,181,80,10,90,271
07/26/2013,CRE,SC,ASO,ES,Federal Contract Tower,0,0,22,5,27,0,46,54,4,104,0,46,76,9,131,66,0,66,197
07/27/2013,CRE,SC,ASO,ES,Federal Contract Tower,0,0,29,0,29,0,69,58,1,128,0,69,87,1,157,56,0,56,213
07/28/2013,CRE,SC,ASO,ES,Federal Contract Tower,0,1,25,0,26,0,25,35,0,60,0,26,60,0,86,62,0,62,148
07/29/2013,CRE,SC,ASO,ES,Federal Contract Tower,0,0,13,1,14,0,20,37,6,63,0,20,50,7,77,32,0,32,109
07/30/2013,CRE,SC,ASO,ES,Federal Contract Tower,0,1,14,4,19,0,58,64,2,124,0,59,78,6,143,82,0,82,225
07/31/2013,CRE,SC,ASO,ES,Federal Contract Tower,0,9,20,5,34,0,88,68,2,158,0,97,88,7,192,62,0,62,254
08/01/2013,CRE,SC,ASO,ES,Federal Contract Tower,0,3,11,5,19,0,42,44,0,86,0,45,55,5,105,44,0,44,149
08/02/2013,CRE,SC,ASO,ES,Federal Contract Tower,0,2,24,0,26,0,66,59,0,125,0,68,83,0,151,84,0,84,235
08/03/2013,CRE,SC,ASO,ES,Federal Contract Tower,0,0,22,0,22,0,82,90,0,172,0,82,112,0,194,82,0,82,276
08/04/2013,CRE,SC,ASO,ES,Federal Contract Tower,0,3,19,0,22,0,38,56,2,96,0,41,75,2,118,58,0,58,176
08/05/2013,CRE,SC,ASO,ES,Federal Contract Tower,0,0,15,0,15,0,68,101,0,169,0,68,116,0,184,72,0,72,256
08/06/2013,CRE,SC,ASO,ES,Federal Contract Tower,0,1,11,6,18,0,62,82,1,145,0,63,93,7,163,62,0,62,225
08/07/2013,CRE,SC,ASO,ES,Federal Contract Tower,0,2,16,2,20,0,100,70,1,171,0,102,86,3,191,60,0,60,251
08/08/2013,CRE,SC,ASO,ES,Federal Contract Tower,0,2,19,3,24,0,198,69,0,267,0,200,88,3,291,68,0,68,359
08/09/2013,CRE,SC,ASO,ES,Federal Contract Tower,0,0,28,5,33,0,54,48,0,102,0,54,76,5,135,74,0,74,209
08/10/2013,CRE,SC,ASO,ES,Federal Contract Tower,0,2,23,0,25,0,42,48,0,90,0,44,71,0,115,44,0,44,159
08/11/2013,CRE,SC,ASO,ES,Federal Contract Tower,0,8,30,2,40,0,25,43,0,68,0,33,73,2,108,70,0,70,178
08/12/2013,CRE,SC,ASO,ES,Federal Contract Tower,0,0,8,0,8,0,76,55,0,131,0,76,63,0,139,70,0,70,209
08/13/2013,CRE,SC,ASO,ES,Federal Contract Tower,0,0,15,0,15,0,70,41,0,111,0,70,56,0,126,40,0,40,166
08/14/2013,CRE,SC,ASO,ES,Federal Contract Tower,0,18,0,0,18,0,42,39,2,83,0,60,39,2,101,74,0,74,175
08/15/2013,CRE,SC,ASO,ES,Federal Contract Tower,0,1,11,0,12,0,0,10,0,10,0,1,21,0,22,54,0,54,76
08/16/2013,CRE,SC,ASO,ES,Federal Contract Tower,0,2,15,0,17,0,22,2,0,24,0,24,17,0,41,0,0,0,41
08/17/2013,CRE,SC,ASO,ES,Federal Contract Tower,0,1,12,0,13,0,26,2,0,28,0,27,14,0,41,0,0,0,41
08/18/2013,CRE,SC,ASO,ES,Federal Contract Tower,0,2,20,0,22,0,70,62,0,132,0,72,82,0,154,98,0,98,252
08/19/2013,CRE,SC,ASO,ES,Federal Contract Tower,0,0,13,1,14,0,26,59,3,88,0,26,72,4,102,130,0,130,232
08/20/2013,CRE,SC,ASO,ES,Federal Contract Tower,0,0,5,2,7,0,48,61,0,109,0,48,66,2,116,60,0,60,176
08/21/2013,CRE,SC,ASO,ES,Federal Contract Tower,0,0,22,3,25,0,102,64,6,172,0,102,86,9,197,74,0,74,271
08/22/2013,CRE,SC,ASO,ES,Federal Contract Tower,0,0,12,2,14,0,6,52,12,70,0,6,64,14,84,38,6,44,128
08/23/2013,CRE,SC,ASO,ES,Federal Contract Tower,0,0,17,0,17,0,78,54,0,132,0,78,71,0,149,90,0,90,239
08/24/2013,CRE,SC,ASO,ES,Federal Contract Tower,0,2,27,0,29,0,42,28,0,70,0,44,55,0,99,48,0,48,147
08/25/2013,CRE,SC,ASO,ES,Federal Contract Tower,0,1,18,0,19,0,23,56,0,79,0,24,74,0,98,78,0,78,176
08/26/2013,CRE,SC,ASO,ES,Federal Contract Tower,0,1,23,0,24,0,30,65,0,95,0,31,88,0,119,54,0,54,173
08/27/2013,CRE,SC,ASO,ES,Federal Contract Tower,0,0,18,4,22,0,36,44,0,80,0,36,62,4,102,0,0,0,102
08/28/2013,CRE,SC,ASO,ES,Federal Contract Tower,0,0,8,7,15,0,104,38,0,142,0,104,46,7,157,52,0,52,209
08/29/2013,CRE,SC,ASO,ES,Federal Contract Tower,0,4,20,3,27,0,54,54,3,111,0,58,74,6,138,48,0,48,186
08/30/2013,CRE,SC,ASO,ES,Federal Contract Tower,0,2,34,2,38,0,51,85,0,136,0,53,119,2,174,84,2,86,260
08/31/2013,CRE,SC,ASO,ES,Federal Contract Tower,0,0,16,0,16,0,78,86,0,164,0,78,102,0,180,78,0,78,258
09/01/2013,CRE,SC,ASO,ES,Federal Contract Tower,0,0,18,0,18,0,80,63,0,143,0,80,81,0,161,88,0,88,249
09/02/2013,CRE,SC,ASO,ES,Federal Contract Tower,0,0,40,0,40,0,62,87,0,149,0,62,127,0,189,40,0,40,229
09/03/2013,CRE,SC,ASO,ES,Federal Contract Tower,0,9,16,1,26,0,36,35,14,85,0,45,51,15,111,14,0,14,125
09/04/2013,CRE,SC,ASO,ES,Federal Contract Tower,0,0,15,0,15,0,30,37,0,67,0,30,52,0,82,26,0,26,108
09/05/2013,CRE,SC,ASO,ES,Federal Contract Tower,0,2,9,0,11,0,54,38,0,92,0,56,47,0,103,20,0,20,123
09/06/2013,CRE,SC,ASO,ES,Federal Contract Tower,0,0,29,0,29,0,20,44,0,64,0,20,73,0,93,22,0,22,115
09/07/2013,CRE,SC,ASO,ES,Federal Contract Tower,0,2,18,0,20,0,32,52,0,84,0,34,70,0,104,30,0,30,134
09/08/2013,CRE,SC,ASO,ES,Federal Contract Tower,0,0,29,1,30,0,11,32,1,44,0,11,61,2,74,10,0,10,84
09/09/2013,CRE,SC,ASO,ES,Federal Contract Tower,0,2,9,0,11,0,30,31,0,61,0,32,40,0,72,20,0,20,92
09/10/2013,CRE,SC,ASO,ES,Federal Contract Tower,0,1,10,2,13,0,26,38,2,66,0,27,48,4,79,22,0,22,101
09/11/2013,CRE,SC,ASO,ES,Federal Contract Tower,0,2,12,0,14,0,43,35,0,78,0,45,47,0,92,42,0,42,134
09/12/2013,CRE,SC,ASO,ES,Federal Contract Tower,0,5,20,0,25,0,22,43,0,65,0,27,63,0,90,28,0,28,118
09/13/2013,CRE,SC,ASO,ES,Federal Contract Tower,0,0,28,2,30,0,36,40,2,78,0,36,68,4,108,30,0,30,138
09/14/2013,CRE,SC,ASO,ES,Federal Contract Tower,0,2,25,0,27,0,65,67,0,132,0,67,92,0,159,16,0,16,175
09/15/2013,CRE,SC,ASO,ES,Federal Contract Tower,0,1,27,0,28,0,42,50,0,92,0,43,77,0,120,16,0,16,136
09/16/2013,CRE,SC,ASO,ES,Federal Contract Tower,0,0,15,1,16,0,0,33,1,34,0,0,48,2,50,40,0,40,90
09/17/2013,CRE,SC,ASO,ES,Federal Contract Tower,0,1,13,4,18,0,28,36,0,64,0,29,49,4,82,18,0,18,100
09/18/2013,CRE,SC,ASO,ES,Federal Contract Tower,0,0,13,0,13,0,24,32,0,56,0,24,45,0,69,24,0,24,93
09/19/2013,CRE,SC,ASO,ES,Federal Contract Tower,0,0,26,2,28,0,14,49,4,67,0,14,75,6,95,20,16,36,131
09/20/2013,CRE,SC,ASO,ES,Federal Contract Tower,0,0,18,2,20,0,18,39,7,64,0,18,57,9,84,8,0,8,92
09/21/2013,CRE,SC,ASO,ES,Federal Contract Tower,0,0,9,0,9,0,36,24,0,60,0,36,33,0,69,14,0,14,83
09/22/2013,CRE,SC,ASO,ES,Federal Contract Tower,0,0,26,0,26,0,3,6,0,9,0,3,32,0,35,0,0,0,35
09/23/2013,CRE,SC,ASO,ES,Federal Contract Tower,0,0,12,2,14,0,18,36,0,54,0,18,48,2,68,18,0,18,86
09/24/2013,CRE,SC,ASO,ES,Federal Contract Tower,0,0,12,2,14,0,26,40,0,66,0,26,52,2,80,12,0,12,92
09/25/2013,CRE,SC,ASO,ES,Federal Contract Tower,0,0,16,0,16,0,12,30,0,42,0,12,46,0,58,22,0,22,80
09/26/2013,CRE,SC,ASO,ES,Federal Contract Tower,0,1,16,0,17,0,20,29,0,49,0,21,45,0,66,12,0,12,78
09/27/2013,CRE,SC,ASO,ES,Federal Contract Tower,0,1,29,1,31,0,32,35,4,71,0,33,64,5,102,10,0,10,112
09/28/2013,CRE,SC,ASO,ES,Federal Contract Tower,0,0,13,0,13,0,40,30,0,70,0,40,43,0,83,14,0,14,97
09/29/2013,CRE,SC,ASO,ES,Federal Contract Tower,0,2,29,0,31,0,16,34,0,50,0,18,63,0,81,16,0,16,97
09/30/2013,CRE,SC,ASO,ES,Federal Contract Tower,0,2,13,5,20,0,28,31,10,69,0,30,44,15,89,18,0,18,107
10/01/2013,CRE,SC,ASO,ES,Federal Contract Tower,0,1,11,2,14,0,20,23,0,43,0,21,34,2,57,16,0,16,73
10/02/2013,CRE,SC,ASO,ES,Federal Contract Tower,0,1,18,0,19,0,14,43,0,57,0,15,61,0,76,36,0,36,112
10/03/2013,CRE,SC,ASO,ES,Federal Contract Tower,0,0,23,0,23,0,18,42,2,62,0,18,65,2,85,48,0,48,133
10/04/2013,CRE,SC,ASO,ES,Federal Contract Tower,0,2,15,0,17,0,12,41,0,53,0,14,56,0,70,24,0,24,94
10/05/2013,CRE,SC,ASO,ES,Federal Contract Tower,0,4,16,0,20,0,37,33,0,70,0,41,49,0,90,16,0,16,106
10/06/2013,CRE,SC,ASO,ES,Federal Contract Tower,0,0,20,0,20,0,10,20,0,30,0,10,40,0,50,6,0,6,56
10/07/2013,CRE,SC,ASO,ES,Federal Contract Tower,0,1,12,0,13,0,4,4,0,8,0,5,16,0,21,0,0,0,21
10/08/2013,CRE,SC,ASO,ES,Federal Contract Tower,0,3,4,8,15,0,0,0,0,0,0,3,4,8,15,0,0,0,15
10/09/2013,CRE,SC,ASO,ES,Federal Contract Tower,0,3,17,0,20,0,16,2,0,18,0,19,19,0,38,0,0,0,38
10/10/2013,CRE,SC,ASO,ES,Federal Contract Tower,0,2,15,3,20,0,0,6,1,7,0,2,21,4,27,0,20,20,47
10/11/2013,CRE,SC,ASO,ES,Federal Contract Tower,0,0,19,1,20,0,24,30,0,54,0,24,49,1,74,20,0,20,94
10/12/2013,CRE,SC,ASO,ES,Federal Contract Tower,0,1,13,0,14,0,44,18,0,62,0,45,31,0,76,12,0,12,88
10/13/2013,CRE,SC,ASO,ES,Federal Contract Tower,0,0,21,0,21,0,7,6,0,13,0,7,27,0,34,0,0,0,34
10/14/2013,CRE,SC,ASO,ES,Federal Contract Tower,0,2,12,0,14,0,4,9,0,13,0,6,21,0,27,0,0,0,27
10/15/2013,CRE,SC,ASO,ES,Federal Contract Tower,0,0,17,3,20,0,16,13,0,29,0,16,30,3,49,8,2,10,59
10/16/2013,CRE,SC,ASO,ES,Federal Contract Tower,0,0,9,0,9,0,0,7,0,7,0,0,16,0,16,0,0,0,16
10/17/2013,CRE,SC,ASO,ES,Federal Contract Tower,0,3,12,5,20,0,35,44,0,79,0,38,56,5,99,28,0,28,127
10/18/2013,CRE,SC,ASO,ES,Federal Contract Tower,0,0,21,0,21,0,0,8,0,8,0,0,29,0,29,0,0,0,29
10/19/2013,CRE,SC,ASO,ES,Federal Contract Tower,0,2,11,0,13,0,10,1,0,11,0,12,12,0,24,0,0,0,24
10/20/2013,CRE,SC,ASO,ES,Federal Contract Tower,0,1,23,0,24,0,14,33,0,47,0,15,56,0,71,0,0,0,71
10/21/2013,CRE,SC,ASO,ES,Federal Contract Tower,0,0,14,0,14,0,8,17,0,25,0,8,31,0,39,0,0,0,39
10/22/2013,CRE,SC,ASO,ES,Federal Contract Tower,0,4,12,0,16,0,4,17,0,21,0,8,29,0,37,0,0,0,37
10/23/2013,CRE,SC,ASO,ES,Federal Contract Tower,0,0,8,0,8,0,8,22,0,30,0,8,30,0,38,2,0,2,40
10/24/2013,CRE,SC,ASO,ES,Federal Contract Tower,0,0,20,2,22,0,30,35,0,65,0,30,55,2,87,8,8,16,103
10/25/2013,CRE,SC,ASO,ES,Federal Contract Tower,0,0,13,5,18,0,13,29,1,43,0,13,42,6,61,0,0,0,61
10/26/2013,CRE,SC,ASO,ES,Federal Contract Tower,0,2,16,0,18,0,20,40,0,60,0,22,56,0,78,26,0,26,104
10/27/2013,CRE,SC,ASO,ES,Federal Contract Tower,0,0,35,0,35,0,19,58,0,77,0,19,93,0,112,18,0,18,130
10/28/2013,CRE,SC,ASO,ES,Federal Contract Tower,0,0,8,0,8,0,13,29,0,42,0,13,37,0,50,16,0,16,66
10/29/2013,CRE,SC,ASO,ES,Federal Contract Tower,0,0,22,2,24,0,10,36,0,46,0,10,58,2,70,30,0,30,100
10/30/2013,CRE,SC,ASO,ES,Federal Contract Tower,0,1,16,0,17,0,1,34,0,35,0,2,50,0,52,12,0,12,64
10/31/2013,CRE,SC,ASO,ES,Federal Contract Tower,0,0,8,0,8,0,18,33,0,51,0,18,41,0,59,24,0,24,83
11/01/2013,CRE,SC,ASO,ES,Federal Contract Tower,0,0,7,2,9,0,4,9,0,13,0,4,16,2,22,0,0,0,22
11/02/2013,CRE,SC,ASO,ES,Federal Contract Tower,0,0,20,0,20,0,10,26,0,36,0,10,46,0,56,2,0,2,58
11/03/2013,CRE,SC,ASO,ES,Federal Contract Tower,0,1,18,0,19,0,2,16,0,18,0,3,34,0,37,4,0,4,41
11/04/2013,CRE,SC,ASO,ES,Federal Contract Tower,0,0,10,0,10,0,2,0,20,22,0,2,10,20,32,0,0,0,32
11/05/2013,CRE,SC,ASO,ES,Federal Contract Tower,0,2,9,1,12,0,4,13,0,17,0,6,22,1,29,10,0,10,39
11/06/2013,CRE,SC,ASO,ES,Federal Contract Tower,0,1,11,0,12,0,10,20,0,30,0,11,31,0,42,0,0,0,42
11/07/2013,CRE,SC,ASO,ES,Federal Contract Tower,0,0,17,3,20,0,10,14,1,25,0,10,31,4,45,0,0,0,45
11/08/2013,CRE,SC,ASO,ES,Federal Contract Tower,0,0,24,0,24,0,18,25,0,43,0,18,49,0,67,0,0,0,67
11/09/2013,CRE,SC,ASO,ES,Federal Contract Tower,0,0,12,0,12,0,42,58,0,100,0,42,70,0,112,40,0,40,152
11/10/2013,CRE,SC,ASO,ES,Federal Contract Tower,0,0,23,0,23,0,36,37,0,73,0,36,60,0,96,6,0,6,102
11/11/2013,CRE,SC,ASO,ES,Federal Contract Tower,0,0,15,0,15,0,24,26,0,50,0,24,41,0,65,0,0,0,65
11/12/2013,CRE,SC,ASO,ES,Federal Contract Tower,0,2,9,0,11,0,4,0,7,11,0,6,9,7,22,0,0,0,22
11/13/2013,CRE,SC,ASO,ES,Federal Contract Tower,0,1,7,0,8,0,6,10,0,16,0,7,17,0,24,0,0,0,24
11/14/2013,CRE,SC,ASO,ES,Federal Contract Tower,0,0,18,4,22,0,17,37,4,58,0,17,55,8,80,4,0,4,84
11/15/2013,CRE,SC,ASO,ES,Federal Contract Tower,0,2,23,0,25,0,6,18,0,24,0,8,41,0,49,12,0,12,61
11/16/2013,CRE,SC,ASO,ES,Federal Contract Tower,0,0,20,4,24,0,6,20,0,26,0,6,40,4,50,20,0,20,70
11/17/2013,CRE,SC,ASO,ES,Federal Contract Tower,0,2,15,0,17,0,2,15,4,21,0,4,30,4,38,6,0,6,44
11/18/2013,CRE,SC,ASO,ES,Federal Contract Tower,0,0,4,2,6,0,1,10,2,13,0,1,14,4,19,8,6,14,33
11/19/2013,CRE,SC,ASO,ES,Federal Contract Tower,0,0,6,0,6,0,11,33,2,46,0,11,39,2,52,0,0,0,52
11/20/2013,CRE,SC,ASO,ES,Federal Contract Tower,0,0,10,0,10,0,0,17,0,17,0,0,27,0,27,0,0,0,27
11/21/2013,CRE,SC,ASO,ES,Federal Contract Tower,0,0,14,2,16,0,10,47,0,57,0,10,61,2,73,14,0,14,87
11/22/2013,CRE,SC,ASO,ES,Federal Contract Tower,0,0,25,0,25,0,2,19,0,21,0,2,44,0,46,6,0,6,52
11/23/2013,CRE,SC,ASO,ES,Federal Contract Tower,0,0,18,0,18,0,0,1,2,3,0,0,19,2,21,0,6,6,27
11/24/2013,CRE,SC,ASO,ES,Federal Contract Tower,0,0,16,0,16,0,2,5,4,11,0,2,21,4,27,0,16,16,43
11/25/2013,CRE,SC,ASO,ES,Federal Contract Tower,0,2,14,2,18,0,12,20,0,32,0,14,34,2,50,12,0,12,62
11/26/2013,CRE,SC,ASO,ES,Federal Contract Tower,0,0,2,7,9,0,0,7,2,9,0,0,9,9,18,0,6,6,24
11/27/2013,CRE,SC,ASO,ES,Federal Contract Tower,0,0,6,0,6,0,0,3,0,3,0,0,9,0,9,0,0,0,9
11/28/2013,CRE,SC,ASO,ES,Federal Contract Tower,0,0,11,0,11,0,0,21,0,21,0,0,32,0,32,8,0,8,40
11/29/2013,CRE,SC,ASO,ES,Federal Contract Tower,0,0,16,0,16,0,34,39,0,73,0,34,55,0,89,8,0,8,97
11/30/2013,CRE,SC,ASO,ES,Federal Contract Tower,0,0,15,0,15,0,20,27,0,47,0,20,42,0,62,0,0,0,62
12/01/2013,CRE,SC,ASO,ES,Federal Contract Tower,0,0,30,0,30,0,0,14,0,14,0,0,44,0,44,0,0,0,44
12/02/2013,CRE,SC,ASO,ES,Federal Contract Tower,0,2,5,2,9,0,4,22,0,26,0,6,27,2,35,12,0,12,47
12/03/2013,CRE,SC,ASO,ES,Federal Contract Tower,0,0,20,0,20,0,6,25,0,31,0,6,45,0,51,8,0,8,59
12/04/2013,CRE,SC,ASO,ES,Federal Contract Tower,0,1,9,2,12,0,0,14,0,14,0,1,23,2,26,0,0,0,26
12/05/2013,CRE,SC,ASO,ES,Federal Contract Tower,0,1,20,0,21,0,2,20,0,22,0,3,40,0,43,18,0,18,61
12/06/2013,CRE,SC,ASO,ES,Federal Contract Tower,0,0,11,0,11,0,6,23,2,31,0,6,34,2,42,0,0,0,42
12/07/2013,CRE,SC,ASO,ES,Federal Contract Tower,0,0,9,0,9,0,0,2,0,2,0,0,11,0,11,0,0,0,11
12/08/2013,CRE,SC,ASO,ES,Federal Contract Tower,0,0,0,0,0,0,0,0,0,0,0,0,0,0,0,0,0,0,0
12/09/2013,CRE,SC,ASO,ES,Federal Contract Tower,0,0,7,0,7,0,0,0,0,0,0,0,7,0,7,0,0,0,7
12/10/2013,CRE,SC,ASO,ES,Federal Contract Tower,0,0,2,0,2,0,0,0,0,0,0,0,2,0,2,0,0,0,2
12/11/2013,CRE,SC,ASO,ES,Federal Contract Tower,0,0,7,0,7,0,8,47,0,55,0,8,54,0,62,0,0,0,62
12/12/2013,CRE,SC,ASO,ES,Federal Contract Tower,0,0,10,4,14,0,6,35,4,45,0,6,45,8,59,18,6,24,83
12/13/2013,CRE,SC,ASO,ES,Federal Contract Tower,0,0,14,5,19,0,6,24,0,30,0,6,38,5,49,6,0,6,55
12/14/2013,CRE,SC,ASO,ES,Federal Contract Tower,0,0,5,0,5,0,0,0,0,0,0,0,5,0,5,0,0,0,5
12/15/2013,CRE,SC,ASO,ES,Federal Contract Tower,0,0,6,0,6,0,0,13,0,13,0,0,19,0,19,0,0,0,19
12/16/2013,CRE,SC,ASO,ES,Federal Contract Tower,0,0,5,0,5,0,1,29,0,30,0,1,34,0,35,2,0,2,37
12/17/2013,CRE,SC,ASO,ES,Federal Contract Tower,0,0,14,2,16,0,0,34,0,34,0,0,48,2,50,18,0,18,68
12/18/2013,CRE,SC,ASO,ES,Federal Contract Tower,0,0,23,0,23,0,8,24,4,36,0,8,47,4,59,0,0,0,59
12/19/2013,CRE,SC,ASO,ES,Federal Contract Tower,0,0,15,2,17,0,0,37,0,37,0,0,52,2,54,0,0,0,54
12/20/2013,CRE,SC,ASO,ES,Federal Contract Tower,0,2,10,6,18,0,8,52,11,71,0,10,62,17,89,6,0,6,95
12/21/2013,CRE,SC,ASO,ES,Federal Contract Tower,0,3,17,0,20,0,11,36,3,50,0,14,53,3,70,0,0,0,70
12/22/2013,CRE,SC,ASO,ES,Federal Contract Tower,0,0,7,0,7,0,2,13,0,15,0,2,20,0,22,2,0,2,24
12/23/2013,CRE,SC,ASO,ES,Federal Contract Tower,0,0,2,0,2,0,0,0,0,0,0,0,2,0,2,0,0,0,2
12/24/2013,CRE,SC,ASO,ES,Federal Contract Tower,0,0,4,0,4,0,0,27,0,27,0,0,31,0,31,0,0,0,31
12/25/2013,CRE,SC,ASO,ES,Federal Contract Tower,0,0,2,0,2,0,4,38,0,42,0,4,40,0,44,0,0,0,44
12/26/2013,CRE,SC,ASO,ES,Federal Contract Tower,0,0,13,0,13,0,14,32,0,46,0,14,45,0,59,28,0,28,87
12/27/2013,CRE,SC,ASO,ES,Federal Contract Tower,0,0,13,0,13,0,30,26,0,56,0,30,39,0,69,6,0,6,75
12/28/2013,CRE,SC,ASO,ES,Federal Contract Tower,0,0,11,0,11,0,42,45,0,87,0,42,56,0,98,18,0,18,116
12/29/2013,CRE,SC,ASO,ES,Federal Contract Tower,0,2,4,0,6,0,0,4,0,4,0,2,8,0,10,0,0,0,10
12/30/2013,CRE,SC,ASO,ES,Federal Contract Tower,0,0,22,0,22,0,14,24,0,38,0,14,46,0,60,16,0,16,76
12/31/2013,CRE,SC,ASO,ES,Federal Contract Tower,0,6,7,0,13,0,30,47,0,77,0,36,54,0,90,18,0,18,108
01/01/2014,CRE,SC,ASO,ES,Federal Contract Tower,0,0,16,0,16,0,0,37,0,37,0,0,53,0,53,0,0,0,53
01/02/2014,CRE,SC,ASO,ES,Federal Contract Tower,0,0,4,0,4,0,0,0,0,0,0,0,4,0,4,0,0,0,4
01/03/2014,CRE,SC,ASO,ES,Federal Contract Tower,0,0,7,0,7,0,3,20,0,23,0,3,27,0,30,0,0,0,30
01/04/2014,CRE,SC,ASO,ES,Federal Contract Tower,0,0,27,0,27,0,0,19,0,19,0,0,46,0,46,10,0,10,56
01/05/2014,CRE,SC,ASO,ES,Federal Contract Tower,0,0,8,1,9,0,0,7,1,8,0,0,15,2,17,2,0,2,19
01/06/2014,CRE,SC,ASO,ES,Federal Contract Tower,0,0,8,0,8,0,6,22,0,28,0,6,30,0,36,0,0,0,36
01/07/2014,CRE,SC,ASO,ES,Federal Contract Tower,0,0,2,1,3,0,0,21,6,27,0,0,23,7,30,16,12,28,58
01/08/2014,CRE,SC,ASO,ES,Federal Contract Tower,0,0,7,2,9,0,3,43,2,48,0,3,50,4,57,26,0,26,83
01/09/2014,CRE,SC,ASO,ES,Federal Contract Tower,0,0,4,2,6,0,2,29,0,31,0,2,33,2,37,0,0,0,37
01/10/2014,CRE,SC,ASO,ES,Federal Contract Tower,0,0,11,0,11,0,0,9,1,10,0,0,20,1,21,4,0,4,25
01/11/2014,CRE,SC,ASO,ES,Federal Contract Tower,0,0,1,2,3,0,0,0,0,0,0,0,1,2,3,0,0,0,3
01/12/2014,CRE,SC,ASO,ES,Federal Contract Tower,0,2,12,2,16,0,8,32,0,40,0,10,44,2,56,2,0,2,58
01/13/2014,CRE,SC,ASO,ES,Federal Contract Tower,0,2,1,2,5,0,4,33,0,37,0,6,34,2,42,0,0,0,42
01/14/2014,CRE,SC,ASO,ES,Federal Contract Tower,0,0,5,0,5,0,0,15,0,15,0,0,20,0,20,0,0,0,20
01/15/2014,CRE,SC,ASO,ES,Federal Contract Tower,0,1,5,4,10,0,8,35,4,47,0,9,40,8,57,4,0,4,61
01/16/2014,CRE,SC,ASO,ES,Federal Contract Tower,0,2,7,0,9,0,1,30,0,31,0,3,37,0,40,0,0,0,40
01/17/2014,CRE,SC,ASO,ES,Federal Contract Tower,0,1,14,11,26,0,9,24,5,38,0,10,38,16,64,14,0,14,78
01/18/2014,CRE,SC,ASO,ES,Federal Contract Tower,0,0,10,0,10,0,0,15,0,15,0,0,25,0,25,0,0,0,25
01/19/2014,CRE,SC,ASO,ES,Federal Contract Tower,0,2,20,0,22,0,4,24,0,28,0,6,44,0,50,0,0,0,50
01/20/2014,CRE,SC,ASO,ES,Federal Contract Tower,0,0,14,0,14,0,4,0,35,39,0,4,14,35,53,8,0,8,61
01/21/2014,CRE,SC,ASO,ES,Federal Contract Tower,0,0,6,0,6,0,2,12,2,16,0,2,18,2,22,0,0,0,22
01/22/2014,CRE,SC,ASO,ES,Federal Contract Tower,0,0,11,2,13,0,4,22,0,26,0,4,33,2,39,4,0,4,43
01/23/2014,CRE,SC,ASO,ES,Federal Contract Tower,0,0,9,2,11,0,2,25,0,27,0,2,34,2,38,6,0,6,44
01/24/2014,CRE,SC,ASO,ES,Federal Contract Tower,0,0,14,0,14,0,4,25,0,29,0,4,39,0,43,0,0,0,43
01/25/2014,CRE,SC,ASO,ES,Federal Contract Tower,0,0,6,2,8,0,14,15,0,29,0,14,21,2,37,0,0,0,37
01/26/2014,CRE,SC,ASO,ES,Federal Contract Tower,0,0,17,4,21,0,6,25,0,31,0,6,42,4,52,0,0,0,52
01/27/2014,CRE,SC,ASO,ES,Federal Contract Tower,0,0,11,0,11,0,2,38,0,40,0,2,49,0,51,18,0,18,69
01/28/2014,CRE,SC,ASO,ES,Federal Contract Tower,0,0,2,0,2,0,0,0,0,0,0,0,2,0,2,0,0,0,2
01/29/2014,CRE,SC,ASO,ES,Federal Contract Tower,0,0,0,0,0,0,0,0,0,0,0,0,0,0,0,0,0,0,0
01/30/2014,CRE,SC,ASO,ES,Federal Contract Tower,0,1,3,0,4,0,0,2,0,2,0,1,5,0,6,0,0,0,6
01/31/2014,CRE,SC,ASO,ES,Federal Contract Tower,0,1,14,5,20,0,6,20,0,26,0,7,34,5,46,2,0,2,48
02/01/2014,CRE,SC,ASO,ES,Federal Contract Tower,0,0,9,1,10,0,4,22,1,27,0,4,31,2,37,10,0,10,47
02/02/2014,CRE,SC,ASO,ES,Federal Contract Tower,0,1,11,0,12,0,4,9,2,15,0,5,20,2,27,0,0,0,27
02/03/2014,CRE,SC,ASO,ES,Federal Contract Tower,0,2,5,0,7,0,0,16,0,16,0,2,21,0,23,2,0,2,25
02/04/2014,CRE,SC,ASO,ES,Federal Contract Tower,0,3,2,6,11,0,2,7,0,9,0,5,9,6,20,14,0,14,34
02/05/2014,CRE,SC,ASO,ES,Federal Contract Tower,0,1,4,0,5,0,0,0,0,0,0,1,4,0,5,0,0,0,5
02/06/2014,CRE,SC,ASO,ES,Federal Contract Tower,0,1,11,2,14,0,0,35,2,37,0,1,46,4,51,14,0,14,65
02/07/2014,CRE,SC,ASO,ES,Federal Contract Tower,0,0,14,5,19,0,0,23,1,24,0,0,37,6,43,8,4,12,55
02/08/2014,CRE,SC,ASO,ES,Federal Contract Tower,0,3,8,0,11,0,16,12,0,28,0,19,20,0,39,0,0,0,39
02/09/2014,CRE,SC,ASO,ES,Federal Contract Tower,0,0,15,0,15,0,31,31,0,62,0,31,46,0,77,0,0,0,77
02/10/2014,CRE,SC,ASO,ES,Federal Contract Tower,0,0,13,0,13,0,6,31,0,37,0,6,44,0,50,18,0,18,68
02/11/2014,CRE,SC,ASO,ES,Federal Contract Tower,0,0,3,0,3,0,0,0,0,0,0,0,3,0,3,0,0,0,3
02/12/2014,CRE,SC,ASO,ES,Federal Contract Tower,0,0,0,0,0,0,0,0,0,0,0,0,0,0,0,0,0,0,0
02/13/2014,CRE,SC,ASO,ES,Federal Contract Tower,0,0,3,0,3,0,0,0,0,0,0,0,3,0,3,0,0,0,3
02/14/2014,CRE,SC,ASO,ES,Federal Contract Tower,0,0,23,0,23,0,13,32,14,59,0,13,55,14,82,0,0,0,82
02/15/2014,CRE,SC,ASO,ES,Federal Contract Tower,0,0,8,0,8,0,10,6,1,17,0,10,14,1,25,0,0,0,25
02/16/2014,CRE,SC,ASO,ES,Federal Contract Tower,0,2,18,0,20,0,28,30,2,60,0,30,48,2,80,0,0,0,80
02/17/2014,CRE,SC,ASO,ES,Federal Contract Tower,0,1,8,0,9,0,21,31,0,52,0,22,39,0,61,0,0,0,61
02/18/2014,CRE,SC,ASO,ES,Federal Contract Tower,0,0,13,4,17,0,14,35,0,49,0,14,48,4,66,4,0,4,70
02/19/2014,CRE,SC,ASO,ES,Federal Contract Tower,0,0,12,0,12,0,0,14,0,14,0,0,26,0,26,0,0,0,26
02/20/2014,CRE,SC,ASO,ES,Federal Contract Tower,0,2,16,3,21,0,2,12,2,16,0,4,28,5,37,0,0,0,37
02/21/2014,CRE,SC,ASO,ES,Federal Contract Tower,0,2,5,2,9,0,0,1,1,2,0,2,6,3,11,0,0,0,11
02/22/2014,CRE,SC,ASO,ES,Federal Contract Tower,0,5,12,5,22,0,38,46,0,84,0,43,58,5,106,18,0,18,124
02/23/2014,CRE,SC,ASO,ES,Federal Contract Tower,0,1,21,1,23,0,6,58,1,65,0,7,79,2,88,94,0,94,182
02/24/2014,CRE,SC,ASO,ES,Federal Contract Tower,0,2,13,3,18,0,0,64,4,68,0,2,77,7,86,64,0,64,150
02/25/2014,CRE,SC,ASO,ES,Federal Contract Tower,0,0,4,2,6,0,2,52,4,58,0,2,56,6,64,84,0,84,148
02/26/2014,CRE,SC,ASO,ES,Federal Contract Tower,0,0,8,2,10,0,0,11,1,12,0,0,19,3,22,0,0,0,22
02/27/2014,CRE,SC,ASO,ES,Federal Contract Tower,0,0,17,0,17,0,10,38,3,51,0,10,55,3,68,30,0,30,98
02/28/2014,CRE,SC,ASO,ES,Federal Contract Tower,0,2,13,3,18,0,20,23,5,48,0,22,36,8,66,6,0,6,72
03/01/2014,CRE,SC,ASO,ES,Federal Contract Tower,0,2,13,0,15,0,29,20,0,49,0,31,33,0,64,10,0,10,74
03/02/2014,CRE,SC,ASO,ES,Federal Contract Tower,0,1,12,0,13,0,16,49,4,69,0,17,61,4,82,12,0,12,94
03/03/2014,CRE,SC,ASO,ES,Federal Contract Tower,0,1,4,0,5,0,4,17,1,22,0,5,21,1,27,12,0,12,39
03/04/2014,CRE,SC,ASO,ES,Federal Contract Tower,0,0,3,0,3,0,0,3,0,3,0,0,6,0,6,0,0,0,6
03/05/2014,CRE,SC,ASO,ES,Federal Contract Tower,0,1,14,0,15,0,1,10,0,11,0,2,24,0,26,0,0,0,26
03/06/2014,CRE,SC,ASO,ES,Federal Contract Tower,0,0,3,0,3,0,0,0,0,0,0,0,3,0,3,0,0,0,3
03/07/2014,CRE,SC,ASO,ES,Federal Contract Tower,0,0,11,1,12,0,0,0,0,0,0,0,11,1,12,0,0,0,12
03/08/2014,CRE,SC,ASO,ES,Federal Contract Tower,0,0,19,1,20,0,76,74,1,151,0,76,93,2,171,28,0,28,199
03/09/2014,CRE,SC,ASO,ES,Federal Contract Tower,0,0,9,0,9,0,9,52,3,64,0,9,61,3,73,26,0,26,99
03/10/2014,CRE,SC,ASO,ES,Federal Contract Tower,0,0,12,0,12,0,24,48,14,86,0,24,60,14,98,36,0,36,134
03/11/2014,CRE,SC,ASO,ES,Federal Contract Tower,0,0,6,0,6,0,36,32,4,72,0,36,38,4,78,32,0,32,110
03/12/2014,CRE,SC,ASO,ES,Federal Contract Tower,0,0,13,1,14,0,20,10,2,32,0,20,23,3,46,0,0,0,46
03/13/2014,CRE,SC,ASO,ES,Federal Contract Tower,0,0,8,3,11,0,30,36,1,67,0,30,44,4,78,0,0,0,78
03/14/2014,CRE,SC,ASO,ES,Federal Contract Tower,0,0,18,0,18,0,26,63,0,89,0,26,81,0,107,66,0,66,173
03/15/2014,CRE,SC,ASO,ES,Federal Contract Tower,0,4,12,0,16,0,46,58,0,104,0,50,70,0,120,98,0,98,218
03/16/2014,CRE,SC,ASO,ES,Federal Contract Tower,0,2,15,0,17,0,0,5,0,5,0,2,20,0,22,0,0,0,22
03/17/2014,CRE,SC,ASO,ES,Federal Contract Tower,0,0,2,0,2,0,0,0,0,0,0,0,2,0,2,0,0,0,2
03/18/2014,CRE,SC,ASO,ES,Federal Contract Tower,0,0,10,1,11,0,0,4,0,4,0,0,14,1,15,0,0,0,15
03/19/2014,CRE,SC,ASO,ES,Federal Contract Tower,0,0,15,7,22,0,20,31,8,59,0,20,46,15,81,2,4,6,87
03/20/2014,CRE,SC,ASO,ES,Federal Contract Tower,0,1,15,3,19,0,40,123,0,163,0,41,138,3,182,12,0,12,194
03/21/2014,CRE,SC,ASO,ES,Federal Contract Tower,0,5,32,2,39,0,27,71,1,99,0,32,103,3,138,34,0,34,172
03/22/2014,CRE,SC,ASO,ES,Federal Contract Tower,0,0,18,0,18,0,42,144,2,188,0,42,162,2,206,116,0,116,322
03/23/2014,CRE,SC,ASO,ES,Federal Contract Tower,0,2,23,0,25,0,2,8,0,10,0,4,31,0,35,16,0,16,51
03/24/2014,CRE,SC,ASO,ES,Federal Contract Tower,0,3,12,1,16,0,25,40,6,71,0,28,52,7,87,24,0,24,111
03/25/2014,CRE,SC,ASO,ES,Federal Contract Tower,0,1,7,0,8,0,0,9,0,9,0,1,16,0,17,0,0,0,17
03/26/2014,CRE,SC,ASO,ES,Federal Contract Tower,0,1,6,6,13,0,20,32,1,53,0,21,38,7,66,0,0,0,66
03/27/2014,CRE,SC,ASO,ES,Federal Contract Tower,0,0,21,7,28,0,48,60,3,111,0,48,81,10,139,26,0,26,165
03/28/2014,CRE,SC,ASO,ES,Federal Contract Tower,0,1,16,4,21,0,20,26,0,46,0,21,42,4,67,28,0,28,95
03/29/2014,CRE,SC,ASO,ES,Federal Contract Tower,0,0,7,0,7,0,0,0,0,0,0,0,7,0,7,0,0,0,7
03/30/2014,CRE,SC,ASO,ES,Federal Contract Tower,0,2,9,0,11,0,16,14,4,34,0,18,23,4,45,0,0,0,45
03/31/2014,CRE,SC,ASO,ES,Federal Contract Tower,0,0,12,0,12,0,21,42,0,63,0,21,54,0,75,62,0,62,137
04/01/2014,CRE,SC,ASO,ES,Federal Contract Tower,0,2,23,2,27,0,24,59,2,85,0,26,82,4,112,58,0,58,170
04/02/2014,CRE,SC,ASO,ES,Federal Contract Tower,0,2,17,0,19,0,16,64,4,84,0,18,81,4,103,100,0,100,203
04/03/2014,CRE,SC,ASO,ES,Federal Contract Tower,0,0,13,3,16,0,68,81,1,150,0,68,94,4,166,94,0,94,260
04/04/2014,CRE,SC,ASO,ES,Federal Contract Tower,0,0,17,0,17,0,14,60,0,74,0,14,77,0,91,0,0,0,91
04/05/2014,CRE,SC,ASO,ES,Federal Contract Tower,0,0,25,1,26,0,40,71,2,113,0,40,96,3,139,104,0,104,243
04/06/2014,CRE,SC,ASO,ES,Federal Contract Tower,0,0,27,0,27,0,2,29,4,35,0,2,56,4,62,64,0,64,126
04/07/2014,CRE,SC,ASO,ES,Federal Contract Tower,0,0,12,0,12,0,4,5,0,9,0,4,17,0,21,0,0,0,21
04/08/2014,CRE,SC,ASO,ES,Federal Contract Tower,0,4,8,6,18,0,0,0,8,8,0,4,8,14,26,0,0,0,26
04/09/2014,CRE,SC,ASO,ES,Federal Contract Tower,0,0,14,2,16,0,14,39,1,54,0,14,53,3,70,92,0,92,162
04/10/2014,CRE,SC,ASO,ES,Federal Contract Tower,0,1,13,3,17,0,26,53,0,79,0,27,66,3,96,106,0,106,202
04/11/2014,CRE,SC,ASO,ES,Federal Contract Tower,0,1,26,2,29,0,32,83,2,117,0,33,109,4,146,12,0,12,158
04/12/2014,CRE,SC,ASO,ES,Federal Contract Tower,0,1,22,0,23,0,56,129,0,185,0,57,151,0,208,124,0,124,332
04/13/2014,CRE,SC,ASO,ES,Federal Contract Tower,0,6,25,0,31,0,28,98,0,126,0,34,123,0,157,40,0,40,197
04/14/2014,CRE,SC,ASO,ES,Federal Contract Tower,0,5,11,0,16,0,9,53,0,62,0,14,64,0,78,52,0,52,130
04/15/2014,CRE,SC,ASO,ES,Federal Contract Tower,0,7,7,0,14,0,12,0,0,12,0,19,7,0,26,0,0,0,26
04/16/2014,CRE,SC,ASO,ES,Federal Contract Tower,0,0,15,2,17,0,68,33,0,101,0,68,48,2,118,0,0,0,118
04/17/2014,CRE,SC,ASO,ES,Federal Contract Tower,0,0,21,1,22,0,99,46,2,147,0,99,67,3,169,62,0,62,231
04/18/2014,CRE,SC,ASO,ES,Federal Contract Tower,0,2,25,2,29,0,20,18,0,38,0,22,43,2,67,0,0,0,67
04/19/2014,CRE,SC,ASO,ES,Federal Contract Tower,0,3,9,0,12,0,0,0,0,0,0,3,9,0,12,0,0,0,12
04/20/2014,CRE,SC,ASO,ES,Federal Contract Tower,0,0,20,0,20,0,0,5,0,5,0,0,25,0,25,0,0,0,25
04/21/2014,CRE,SC,ASO,ES,Federal Contract Tower,0,1,22,0,23,0,20,45,0,65,0,21,67,0,88,20,0,20,108
04/22/2014,CRE,SC,ASO,ES,Federal Contract Tower,0,0,6,0,6,0,36,62,4,102,0,36,68,4,108,72,0,72,180
04/23/2014,CRE,SC,ASO,ES,Federal Contract Tower,0,0,20,2,22,0,43,46,0,89,0,43,66,2,111,26,0,26,137
04/24/2014,CRE,SC,ASO,ES,Federal Contract Tower,0,0,27,4,31,0,66,85,0,151,0,66,112,4,182,33,0,33,215
04/25/2014,CRE,SC,ASO,ES,Federal Contract Tower,0,1,12,2,15,0,64,56,10,130,0,65,68,12,145,20,0,20,165
04/26/2014,CRE,SC,ASO,ES,Federal Contract Tower,0,0,20,0,20,0,66,137,0,203,0,66,157,0,223,44,0,44,267
04/27/2014,CRE,SC,ASO,ES,Federal Contract Tower,0,2,30,0,32,0,32,106,0,138,0,34,136,0,170,24,0,24,194
04/28/2014,CRE,SC,ASO,ES,Federal Contract Tower,0,3,13,2,18,0,14,34,1,49,0,17,47,3,67,48,0,48,115
04/29/2014,CRE,SC,ASO,ES,Federal Contract Tower,0,2,4,0,6,0,6,11,0,17,0,8,15,0,23,0,0,0,23
04/30/2014,CRE,SC,ASO,ES,Federal Contract Tower,0,0,1,0,1,0,4,0,2,6,0,4,1,2,7,0,0,0,7
05/01/2014,CRE,SC,ASO,ES,Federal Contract Tower,0,0,22,1,23,0,14,32,5,51,0,14,54,6,74,14,0,14,88
05/02/2014,CRE,SC,ASO,ES,Federal Contract Tower,0,1,24,0,25,0,18,43,1,62,0,19,67,1,87,54,0,54,141
05/03/2014,CRE,SC,ASO,ES,Federal Contract Tower,0,0,12,0,12,0,47,65,0,112,0,47,77,0,124,56,0,56,180
05/04/2014,CRE,SC,ASO,ES,Federal Contract Tower,0,0,32,2,34,0,16,66,0,82,0,16,98,2,116,36,0,36,152
05/05/2014,CRE,SC,ASO,ES,Federal Contract Tower,0,0,17,0,17,0,30,32,2,64,0,30,49,2,81,40,0,40,121
05/06/2014,CRE,SC,ASO,ES,Federal Contract Tower,0,0,8,2,10,0,30,40,6,76,0,30,48,8,86,10,0,10,96
05/07/2014,CRE,SC,ASO,ES,Federal Contract Tower,0,0,19,8,27,0,28,43,0,71,0,28,62,8,98,14,14,28,126
05/08/2014,CRE,SC,ASO,ES,Federal Contract Tower,0,2,23,2,27,0,58,55,0,113,0,60,78,2,140,42,0,42,182
05/09/2014,CRE,SC,ASO,ES,Federal Contract Tower,0,3,27,2,32,0,25,49,4,78,0,28,76,6,110,36,0,36,146
05/10/2014,CRE,SC,ASO,ES,Federal Contract Tower,0,2,11,0,13,0,26,112,0,138,0,28,123,0,151,104,0,104,255
05/11/2014,CRE,SC,ASO,ES,Federal Contract Tower,0,0,19,0,19,0,22,40,0,62,0,22,59,0,81,16,0,16,97
05/12/2014,CRE,SC,ASO,ES,Federal Contract Tower,0,0,6,6,12,0,27,56,2,85,0,27,62,8,97,50,0,50,147
05/13/2014,CRE,SC,ASO,ES,Federal Contract Tower,0,0,23,0,23,0,31,39,0,70,0,31,62,0,93,10,0,10,103
05/14/2014,CRE,SC,ASO,ES,Federal Contract Tower,0,0,22,0,22,0,28,63,0,91,0,28,85,0,113,56,0,56,169
05/15/2014,CRE,SC,ASO,ES,Federal Contract Tower,0,0,10,0,10,0,1,5,0,6,0,1,15,0,16,0,0,0,16
05/16/2014,CRE,SC,ASO,ES,Federal Contract Tower,0,1,15,0,16,0,37,80,0,117,0,38,95,0,133,44,0,44,177
05/17/2014,CRE,SC,ASO,ES,Federal Contract Tower,0,0,21,7,28,0,46,131,0,177,0,46,152,7,205,72,0,72,277
05/18/2014,CRE,SC,ASO,ES,Federal Contract Tower,0,0,20,0,20,0,26,62,0,88,0,26,82,0,108,74,0,74,182
05/19/2014,CRE,SC,ASO,ES,Federal Contract Tower,0,0,8,0,8,0,22,35,0,57,0,22,43,0,65,32,0,32,97
05/20/2014,CRE,SC,ASO,ES,Federal Contract Tower,0,4,16,0,20,0,22,32,2,56,0,26,48,2,76,2,0,2,78
05/21/2014,CRE,SC,ASO,ES,Federal Contract Tower,0,1,15,0,16,0,29,31,0,60,0,30,46,0,76,0,0,0,76
05/22/2014,CRE,SC,ASO,ES,Federal Contract Tower,0,3,8,0,11,0,26,58,4,88,0,29,66,4,99,14,0,14,113
05/23/2014,CRE,SC,ASO,ES,Federal Contract Tower,0,1,16,0,17,0,24,75,0,99,0,25,91,0,116,30,0,30,146
05/24/2014,CRE,SC,ASO,ES,Federal Contract Tower,0,0,16,2,18,0,81,147,0,228,0,81,163,2,246,38,0,38,284
05/25/2014,CRE,SC,ASO,ES,Federal Contract Tower,0,0,4,0,4,0,42,109,0,151,0,42,113,0,155,112,0,112,267
05/26/2014,CRE,SC,ASO,ES,Federal Contract Tower,0,2,21,0,23,0,30,92,0,122,0,32,113,0,145,40,0,40,185
05/27/2014,CRE,SC,ASO,ES,Federal Contract Tower,0,0,7,2,9,0,20,21,0,41,0,20,28,2,50,4,0,4,54
05/28/2014,CRE,SC,ASO,ES,Federal Contract Tower,0,0,12,0,12,0,22,38,0,60,0,22,50,0,72,22,0,22,94
05/29/2014,CRE,SC,ASO,ES,Federal Contract Tower,0,0,9,0,9,0,14,32,1,47,0,14,41,1,56,20,0,20,76
05/30/2014,CRE,SC,ASO,ES,Federal Contract Tower,0,0,10,5,15,0,19,32,2,53,0,19,42,7,68,28,0,28,96
05/31/2014,CRE,SC,ASO,ES,Federal Contract Tower,0,2,19,0,21,0,28,41,2,71,0,30,60,2,92,40,2,42,134
06/01/2014,CRE,SC,ASO,ES,Federal Contract Tower,0,2,35,0,37,0,34,112,2,148,0,36,147,2,185,32,0,32,217
06/02/2014,CRE,SC,ASO,ES,Federal Contract Tower,0,0,11,0,11,0,34,75,0,109,0,34,86,0,120,38,0,38,158
06/03/2014,CRE,SC,ASO,ES,Federal Contract Tower,0,0,9,1,10,0,44,42,13,99,0,44,51,14,109,30,2,32,141
06/04/2014,CRE,SC,ASO,ES,Federal Contract Tower,0,2,20,4,26,0,78,97,1,176,0,80,117,5,202,44,0,44,246
06/05/2014,CRE,SC,ASO,ES,Federal Contract Tower,0,0,17,2,19,0,52,32,2,86,0,52,49,4,105,28,0,28,133
06/06/2014,CRE,SC,ASO,ES,Federal Contract Tower,0,0,16,0,16,0,35,75,4,114,0,35,91,4,130,64,0,64,194
06/07/2014,CRE,SC,ASO,ES,Federal Contract Tower,0,1,17,0,18,0,38,124,0,162,0,39,141,0,180,52,0,52,232
06/08/2014,CRE,SC,ASO,ES,Federal Contract Tower,0,2,13,1,16,0,52,118,3,173,0,54,131,4,189,62,0,62,251
06/09/2014,CRE,SC,ASO,ES,Federal Contract Tower,0,0,11,1,12,0,26,24,5,55,0,26,35,6,67,16,0,16,83
06/10/2014,CRE,SC,ASO,ES,Federal Contract Tower,0,2,12,4,18,0,52,71,1,124,0,54,83,5,142,46,0,46,188
06/11/2014,CRE,SC,ASO,ES,Federal Contract Tower,0,1,19,22,42,0,110,34,0,144,0,111,53,22,186,56,0,56,242
06/12/2014,CRE,SC,ASO,ES,Federal Contract Tower,0,2,20,9,31,0,46,27,0,73,0,48,47,9,104,36,0,36,140
06/13/2014,CRE,SC,ASO,ES,Federal Contract Tower,0,3,24,4,31,0,56,64,0,120,0,59,88,4,151,72,0,72,223
06/14/2014,CRE,SC,ASO,ES,Federal Contract Tower,0,0,25,0,25,0,66,128,0,194,0,66,153,0,219,72,0,72,291
06/15/2014,CRE,SC,ASO,ES,Federal Contract Tower,0,1,31,0,32,0,24,76,6,106,0,25,107,6,138,82,0,82,220
06/16/2014,CRE,SC,ASO,ES,Federal Contract Tower,0,2,17,3,22,0,48,63,1,112,0,50,80,4,134,102,0,102,236
06/17/2014,CRE,SC,ASO,ES,Federal Contract Tower,0,2,12,2,16,0,93,72,8,173,0,95,84,10,189,74,0,74,263
06/18/2014,CRE,SC,ASO,ES,Federal Contract Tower,0,2,15,0,17,0,72,88,6,166,0,74,103,6,183,90,0,90,273
06/19/2014,CRE,SC,ASO,ES,Federal Contract Tower,0,0,8,0,8,0,86,68,0,154,0,86,76,0,162,170,0,170,332
06/20/2014,CRE,SC,ASO,ES,Federal Contract Tower,0,2,15,1,18,0,80,94,5,179,0,82,109,6,197,142,0,142,339
06/21/2014,CRE,SC,ASO,ES,Federal Contract Tower,0,0,22,0,22,0,34,55,0,89,0,34,77,0,111,173,0,173,284
06/22/2014,CRE,SC,ASO,ES,Federal Contract Tower,0,4,25,0,29,0,51,101,6,158,0,55,126,6,187,128,0,128,315
06/23/2014,CRE,SC,ASO,ES,Federal Contract Tower,0,0,13,3,16,0,56,43,8,107,0,56,56,11,123,140,0,140,263
06/24/2014,CRE,SC,ASO,ES,Federal Contract Tower,0,2,19,2,23,0,52,31,7,90,0,54,50,9,113,114,0,114,227
06/25/2014,CRE,SC,ASO,ES,Federal Contract Tower,0,0,24,2,26,0,62,66,0,128,0,62,90,2,154,80,0,80,234
06/26/2014,CRE,SC,ASO,ES,Federal Contract Tower,0,2,30,4,36,0,82,84,10,176,0,84,114,14,212,70,0,70,282
06/27/2014,CRE,SC,ASO,ES,Federal Contract Tower,0,2,25,1,28,0,76,53,15,144,0,78,78,16,172,98,0,98,270
06/28/2014,CRE,SC,ASO,ES,Federal Contract Tower,0,0,21,0,21,0,14,2,0,16,0,14,23,0,37,0,0,0,37
06/29/2014,CRE,SC,ASO,ES,Federal Contract Tower,0,0,16,0,16,0,78,85,0,163,0,78,101,0,179,170,0,170,349
06/30/2014,CRE,SC,ASO,ES,Federal Contract Tower,0,0,5,0,5,0,64,56,6,126,0,64,61,6,131,104,0,104,235
07/01/2014,CRE,SC,ASO,ES,Federal Contract Tower,0,2,22,8,32,0,86,60,3,149,0,88,82,11,181,92,0,92,273
07/02/2014,CRE,SC,ASO,ES,Federal Contract Tower,0,0,17,0,17,0,122,113,7,242,0,122,130,7,259,128,0,128,387
07/03/2014,CRE,SC,ASO,ES,Federal Contract Tower,0,0,1,0,1,0,0,0,0,0,0,0,1,0,1,0,0,0,1
07/04/2014,CRE,SC,ASO,ES,Federal Contract Tower,0,0,19,0,19,0,77,133,0,210,0,77,152,0,229,94,0,94,323
07/05/2014,CRE,SC,ASO,ES,Federal Contract Tower,0,0,20,0,20,0,26,64,0,90,0,26,84,0,110,84,0,84,194
07/06/2014,CRE,SC,ASO,ES,Federal Contract Tower,0,2,39,0,41,0,101,118,0,219,0,103,157,0,260,158,0,158,418
07/07/2014,CRE,SC,ASO,ES,Federal Contract Tower,0,0,8,3,11,0,120,53,1,174,0,120,61,4,185,72,0,72,257
07/08/2014,CRE,SC,ASO,ES,Federal Contract Tower,0,2,8,0,10,0,121,48,2,171,0,123,56,2,181,84,0,84,265
07/09/2014,CRE,SC,ASO,ES,Federal Contract Tower,0,0,20,2,22,0,94,54,1,149,0,94,74,3,171,76,0,76,247
07/10/2014,CRE,SC,ASO,ES,Federal Contract Tower,0,2,17,0,19,0,82,42,1,125,0,84,59,1,144,38,0,38,182
07/11/2014,CRE,SC,ASO,ES,Federal Contract Tower,0,2,20,0,22,0,46,31,2,79,0,48,51,2,101,16,0,16,117
07/12/2014,CRE,SC,ASO,ES,Federal Contract Tower,0,0,20,0,20,0,40,37,4,81,0,40,57,4,101,64,0,64,165
07/13/2014,CRE,SC,ASO,ES,Federal Contract Tower,0,2,17,0,19,0,74,133,8,215,0,76,150,8,234,102,0,102,336
07/14/2014,CRE,SC,ASO,ES,Federal Contract Tower,0,0,8,4,12,0,60,43,4,107,0,60,51,8,119,88,0,88,207
07/15/2014,CRE,SC,ASO,ES,Federal Contract Tower,0,0,3,2,5,0,28,16,0,44,0,28,19,2,49,22,0,22,71
07/16/2014,CRE,SC,ASO,ES,Federal Contract Tower,0,1,23,0,24,0,40,5,0,45,0,41,28,0,69,0,0,0,69
07/17/2014,CRE,SC,ASO,ES,Federal Contract Tower,0,1,13,0,14,0,99,120,4,223,0,100,133,4,237,76,0,76,313
07/18/2014,CRE,SC,ASO,ES,Federal Contract Tower,0,0,14,4,18,0,133,112,2,247,0,133,126,6,265,116,0,116,381
07/19/2014,CRE,SC,ASO,ES,Federal Contract Tower,0,2,32,0,34,0,73,94,2,169,0,75,126,2,203,102,0,102,305
07/20/2014,CRE,SC,ASO,ES,Federal Contract Tower,0,1,20,0,21,0,70,106,0,176,0,71,126,0,197,114,0,114,311
07/21/2014,CRE,SC,ASO,ES,Federal Contract Tower,0,2,20,0,22,0,36,23,0,59,0,38,43,0,81,62,0,62,143
07/22/2014,CRE,SC,ASO,ES,Federal Contract Tower,0,0,19,0,19,0,62,7,0,69,0,62,26,0,88,0,0,0,88
07/23/2014,CRE,SC,ASO,ES,Federal Contract Tower,0,2,18,6,26,0,94,57,9,160,0,96,75,15,186,80,8,88,274
07/24/2014,CRE,SC,ASO,ES,Federal Contract Tower,0,0,19,0,19,0,105,67,0,172,0,105,86,0,191,46,0,46,237
07/25/2014,CRE,SC,ASO,ES,Federal Contract Tower,0,0,30,0,30,0,30,4,0,34,0,30,34,0,64,0,0,0,64
07/26/2014,CRE,SC,ASO,ES,Federal Contract Tower,0,0,30,0,30,0,107,110,0,217,0,107,140,0,247,110,0,110,357
07/27/2014,CRE,SC,ASO,ES,Federal Contract Tower,0,0,22,0,22,0,52,116,0,168,0,52,138,0,190,126,0,126,316
07/28/2014,CRE,SC,ASO,ES,Federal Contract Tower,0,0,11,0,11,0,32,27,0,59,0,32,38,0,70,110,0,110,180
07/29/2014,CRE,SC,ASO,ES,Federal Contract Tower,0,5,12,0,17,0,62,41,0,103,0,67,53,0,120,116,0,116,236
07/30/2014,CRE,SC,ASO,ES,Federal Contract Tower,0,0,15,2,17,0,118,46,1,165,0,118,61,3,182,92,0,92,274
07/31/2014,CRE,SC,ASO,ES,Federal Contract Tower,0,1,22,4,27,0,94,54,0,148,0,95,76,4,175,74,0,74,249
08/01/2014,CRE,SC,ASO,ES,Federal Contract Tower,0,0,16,0,16,0,32,3,0,35,0,32,19,0,51,0,0,0,51
08/02/2014,CRE,SC,ASO,ES,Federal Contract Tower,0,4,22,2,28,0,8,1,0,9,0,12,23,2,37,0,0,0,37
08/03/2014,CRE,SC,ASO,ES,Federal Contract Tower,0,4,11,0,15,0,18,3,0,21,0,22,14,0,36,0,0,0,36
08/04/2014,CRE,SC,ASO,ES,Federal Contract Tower,0,0,2,0,2,0,28,0,1,29,0,28,2,1,31,0,0,0,31
08/05/2014,CRE,SC,ASO,ES,Federal Contract Tower,0,0,21,0,21,0,54,28,0,82,0,54,49,0,103,88,0,88,191
08/06/2014,CRE,SC,ASO,ES,Federal Contract Tower,0,0,24,1,25,0,69,70,1,140,0,69,94,2,165,78,0,78,243
08/07/2014,CRE,SC,ASO,ES,Federal Contract Tower,0,0,28,2,30,0,84,116,1,201,0,84,144,3,231,84,0,84,315
08/08/2014,CRE,SC,ASO,ES,Federal Contract Tower,0,2,21,0,23,0,125,94,8,227,0,127,115,8,250,108,0,108,358
08/09/2014,CRE,SC,ASO,ES,Federal Contract Tower,0,2,16,0,18,0,50,49,0,99,0,52,65,0,117,66,0,66,183
08/10/2014,CRE,SC,ASO,ES,Federal Contract Tower,0,0,22,0,22,0,46,32,0,78,0,46,54,0,100,40,0,40,140
08/11/2014,CRE,SC,ASO,ES,Federal Contract Tower,0,0,14,0,14,0,117,33,0,150,0,117,47,0,164,114,0,114,278
08/12/2014,CRE,SC,ASO,ES,Federal Contract Tower,0,1,14,3,18,0,108,63,9,180,0,109,77,12,198,128,0,128,326
08/13/2014,CRE,SC,ASO,ES,Federal Contract Tower,0,1,12,2,15,0,100,37,7,144,0,101,49,9,159,86,0,86,245
08/14/2014,CRE,SC,ASO,ES,Federal Contract Tower,0,3,24,2,29,0,134,69,0,203,0,137,93,2,232,124,0,124,356
08/15/2014,CRE,SC,ASO,ES,Federal Contract Tower,0,3,21,2,26,0,151,159,0,310,0,154,180,2,336,94,0,94,430
08/16/2014,CRE,SC,ASO,ES,Federal Contract Tower,0,0,18,0,18,0,84,108,0,192,0,84,126,0,210,50,0,50,260
08/17/2014,CRE,SC,ASO,ES,Federal Contract Tower,0,0,17,0,17,0,49,105,0,154,0,49,122,0,171,92,0,92,263
08/18/2014,CRE,SC,ASO,ES,Federal Contract Tower,0,0,10,0,10,0,80,35,2,117,0,80,45,2,127,68,0,68,195
08/19/2014,CRE,SC,ASO,ES,Federal Contract Tower,0,0,4,0,4,0,80,31,0,111,0,80,35,0,115,110,0,110,225
08/20/2014,CRE,SC,ASO,ES,Federal Contract Tower,0,0,16,2,18,0,70,48,0,118,0,70,64,2,136,66,0,66,202
08/21/2014,CRE,SC,ASO,ES,Federal Contract Tower,0,0,10,3,13,0,62,36,10,108,0,62,46,13,121,36,0,36,157
08/22/2014,CRE,SC,ASO,ES,Federal Contract Tower,0,0,9,2,11,0,86,54,0,140,0,86,63,2,151,112,0,112,263
08/23/2014,CRE,SC,ASO,ES,Federal Contract Tower,0,0,8,0,8,0,40,66,0,106,0,40,74,0,114,26,0,26,140
08/24/2014,CRE,SC,ASO,ES,Federal Contract Tower,0,4,19,0,23,0,42,31,0,73,0,46,50,0,96,56,0,56,152
08/25/2014,CRE,SC,ASO,ES,Federal Contract Tower,0,1,14,3,18,0,36,33,0,69,0,37,47,3,87,92,0,92,179
08/26/2014,CRE,SC,ASO,ES,Federal Contract Tower,0,0,8,2,10,0,62,32,4,98,0,62,40,6,108,82,0,82,190
08/27/2014,CRE,SC,ASO,ES,Federal Contract Tower,0,2,12,4,18,0,68,129,0,197,0,70,141,4,215,52,0,52,267
08/28/2014,CRE,SC,ASO,ES,Federal Contract Tower,0,0,16,0,16,0,32,22,0,54,0,32,38,0,70,56,0,56,126
08/29/2014,CRE,SC,ASO,ES,Federal Contract Tower,0,2,28,0,30,0,72,76,2,150,0,74,104,2,180,120,0,120,300
08/30/2014,CRE,SC,ASO,ES,Federal Contract Tower,0,0,17,0,17,0,102,150,0,252,0,102,167,0,269,98,0,98,367
08/31/2014,CRE,SC,ASO,ES,Federal Contract Tower,0,0,13,0,13,0,130,141,0,271,0,130,154,0,284,68,0,68,352
09/01/2014,CRE,SC,ASO,ES,Federal Contract Tower,0,2,32,0,34,0,66,56,0,122,0,68,88,0,156,84,0,84,240
09/02/2014,CRE,SC,ASO,ES,Federal Contract Tower,0,1,3,0,4,0,20,23,0,43,0,21,26,0,47,26,0,26,73
09/03/2014,CRE,SC,ASO,ES,Federal Contract Tower,0,3,7,4,14,0,46,20,0,66,0,49,27,4,80,10,0,10,90
09/04/2014,CRE,SC,ASO,ES,Federal Contract Tower,0,0,19,4,23,0,48,20,0,68,0,48,39,4,91,8,0,8,99
09/05/2014,CRE,SC,ASO,ES,Federal Contract Tower,0,0,17,4,21,0,36,25,0,61,0,36,42,4,82,8,0,8,90
09/06/2014,CRE,SC,ASO,ES,Federal Contract Tower,0,1,11,0,12,0,22,36,0,58,0,23,47,0,70,6,0,6,76
09/07/2014,CRE,SC,ASO,ES,Federal Contract Tower,0,0,16,0,16,0,31,11,0,42,0,31,27,0,58,26,0,26,84
09/08/2014,CRE,SC,ASO,ES,Federal Contract Tower,0,0,6,2,8,0,0,0,0,0,0,0,6,2,8,0,0,0,8
09/09/2014,CRE,SC,ASO,ES,Federal Contract Tower,0,1,11,1,13,0,6,0,0,6,0,7,11,1,19,0,0,0,19
09/10/2014,CRE,SC,ASO,ES,Federal Contract Tower,0,3,18,0,21,0,20,14,0,34,0,23,32,0,55,10,0,10,65
09/11/2014,CRE,SC,ASO,ES,Federal Contract Tower,0,0,6,2,8,0,28,39,1,68,0,28,45,3,76,24,0,24,100
09/12/2014,CRE,SC,ASO,ES,Federal Contract Tower,0,3,12,1,16,0,23,21,10,54,0,26,33,11,70,10,0,10,80
09/13/2014,CRE,SC,ASO,ES,Federal Contract Tower,0,1,15,0,16,0,60,36,0,96,0,61,51,0,112,14,0,14,126
09/14/2014,CRE,SC,ASO,ES,Federal Contract Tower,0,0,23,1,24,0,8,2,0,10,0,8,25,1,34,0,0,0,34
09/15/2014,CRE,SC,ASO,ES,Federal Contract Tower,0,0,13,0,13,0,10,9,4,23,0,10,22,4,36,0,0,0,36
09/16/2014,CRE,SC,ASO,ES,Federal Contract Tower,0,0,10,2,12,0,48,13,2,63,0,48,23,4,75,10,0,10,85
09/17/2014,CRE,SC,ASO,ES,Federal Contract Tower,0,1,13,2,16,0,48,25,0,73,0,49,38,2,89,2,0,2,91
09/18/2014,CRE,SC,ASO,ES,Federal Contract Tower,0,0,15,4,19,0,26,50,0,76,0,26,65,4,95,8,0,8,103
09/19/2014,CRE,SC,ASO,ES,Federal Contract Tower,0,4,25,1,30,0,12,38,1,51,0,16,63,2,81,28,0,28,109
09/20/2014,CRE,SC,ASO,ES,Federal Contract Tower,0,0,17,0,17,0,62,19,2,83,0,62,36,2,100,10,0,10,110
09/21/2014,CRE,SC,ASO,ES,Federal Contract Tower,0,0,13,1,14,0,38,70,12,120,0,38,83,13,134,24,6,30,164
09/22/2014,CRE,SC,ASO,ES,Federal Contract Tower,0,0,10,0,10,0,18,23,1,42,0,18,33,1,52,18,0,18,70
09/23/2014,CRE,SC,ASO,ES,Federal Contract Tower,0,0,8,1,9,0,0,2,1,3,0,0,10,2,12,0,0,0,12
09/24/2014,CRE,SC,ASO,ES,Federal Contract Tower,0,1,16,0,17,0,0,0,0,0,0,1,16,0,17,0,0,0,17
09/25/2014,CRE,SC,ASO,ES,Federal Contract Tower,0,1,13,0,14,0,0,0,0,0,0,1,13,0,14,0,0,0,14
09/26/2014,CRE,SC,ASO,ES,Federal Contract Tower,0,0,13,2,15,0,26,4,0,30,0,26,17,2,45,0,0,0,45
09/27/2014,CRE,SC,ASO,ES,Federal Contract Tower,0,0,17,0,17,0,30,42,0,72,0,30,59,0,89,0,0,0,89
09/28/2014,CRE,SC,ASO,ES,Federal Contract Tower,0,2,25,0,27,0,43,96,2,141,0,45,121,2,168,4,0,4,172
09/29/2014,CRE,SC,ASO,ES,Federal Contract Tower,0,0,4,0,4,0,6,1,0,7,0,6,5,0,11,2,0,2,13
09/30/2014,CRE,SC,ASO,ES,Federal Contract Tower,0,0,8,7,15,0,32,18,0,50,0,32,26,7,65,8,0,8,73
10/01/2014,CRE,SC,ASO,ES,Federal Contract Tower,0,0,8,0,8,0,14,42,0,56,0,14,50,0,64,14,0,14,78
10/02/2014,CRE,SC,ASO,ES,Federal Contract Tower,0,0,10,0,10,0,38,25,2,65,0,38,35,2,75,10,0,10,85
10/03/2014,CRE,SC,ASO,ES,Federal Contract Tower,0,0,19,0,19,0,24,14,0,38,0,24,33,0,57,4,0,4,61
10/04/2014,CRE,SC,ASO,ES,Federal Contract Tower,0,0,6,0,6,0,10,20,0,30,0,10,26,0,36,0,0,0,36
10/05/2014,CRE,SC,ASO,ES,Federal Contract Tower,0,0,25,0,25,0,36,122,5,163,0,36,147,5,188,12,6,18,206
10/06/2014,CRE,SC,ASO,ES,Federal Contract Tower,0,0,5,0,5,0,12,20,4,36,0,12,25,4,41,10,0,10,51
10/07/2014,CRE,SC,ASO,ES,Federal Contract Tower,0,0,12,4,16,0,14,23,0,37,0,14,35,4,53,6,0,6,59
10/08/2014,CRE,SC,ASO,ES,Federal Contract Tower,0,0,17,2,19,0,36,33,0,69,0,36,50,2,88,12,0,12,100
10/09/2014,CRE,SC,ASO,ES,Federal Contract Tower,0,0,20,0,20,0,26,43,5,74,0,26,63,5,94,6,0,6,100
10/10/2014,CRE,SC,ASO,ES,Federal Contract Tower,0,2,25,0,27,0,42,59,3,104,0,44,84,3,131,10,0,10,141
10/11/2014,CRE,SC,ASO,ES,Federal Contract Tower,0,0,10,0,10,0,48,115,0,163,0,48,125,0,173,12,0,12,185
10/12/2014,CRE,SC,ASO,ES,Federal Contract Tower,0,0,33,0,33,0,28,2,0,30,0,28,35,0,63,0,0,0,63
10/13/2014,CRE,SC,ASO,ES,Federal Contract Tower,0,0,27,0,27,0,12,12,0,24,0,12,39,0,51,10,0,10,61
10/14/2014,CRE,SC,ASO,ES,Federal Contract Tower,0,1,7,0,8,0,12,7,0,19,0,13,14,0,27,0,0,0,27
10/15/2014,CRE,SC,ASO,ES,Federal Contract Tower,0,2,7,10,19,0,0,7,2,9,0,2,14,12,28,18,0,18,46
10/16/2014,CRE,SC,ASO,ES,Federal Contract Tower,0,0,10,0,10,0,20,24,4,48,0,20,34,4,58,0,0,0,58
10/17/2014,CRE,SC,ASO,ES,Federal Contract Tower,0,1,14,2,17,0,28,59,0,87,0,29,73,2,104,0,0,0,104
10/18/2014,CRE,SC,ASO,ES,Federal Contract Tower,0,1,18,0,19,0,42,112,2,156,0,43,130,2,175,6,0,6,181
10/19/2014,CRE,SC,ASO,ES,Federal Contract Tower,0,2,18,0,20,0,6,66,2,74,0,8,84,2,94,2,0,2,96
10/20/2014,CRE,SC,ASO,ES,Federal Contract Tower,0,1,11,0,12,0,12,18,0,30,0,13,29,0,42,4,0,4,46
10/21/2014,CRE,SC,ASO,ES,Federal Contract Tower,0,2,7,0,9,0,22,27,0,49,0,24,34,0,58,8,0,8,66
10/22/2014,CRE,SC,ASO,ES,Federal Contract Tower,0,0,15,4,19,0,25,32,0,57,0,25,47,4,76,10,0,10,86
10/23/2014,CRE,SC,ASO,ES,Federal Contract Tower,0,2,11,0,13,0,14,33,1,48,0,16,44,1,61,4,0,4,65
10/24/2014,CRE,SC,ASO,ES,Federal Contract Tower,0,0,20,2,22,0,27,34,0,61,0,27,54,2,83,4,0,4,87
10/25/2014,CRE,SC,ASO,ES,Federal Contract Tower,0,0,10,3,13,0,38,49,1,88,0,38,59,4,101,10,0,10,111
10/26/2014,CRE,SC,ASO,ES,Federal Contract Tower,0,0,18,0,18,0,8,39,0,47,0,8,57,0,65,14,0,14,79
10/27/2014,CRE,SC,ASO,ES,Federal Contract Tower,0,0,10,2,12,0,26,19,0,45,0,26,29,2,57,10,0,10,67
10/28/2014,CRE,SC,ASO,ES,Federal Contract Tower,0,2,9,0,11,0,14,20,0,34,0,16,29,0,45,12,0,12,57
10/29/2014,CRE,SC,ASO,ES,Federal Contract Tower,0,0,13,5,18,0,22,28,4,54,0,22,41,9,72,2,0,2,74
10/30/2014,CRE,SC,ASO,ES,Federal Contract Tower,0,0,15,2,17,0,2,21,8,31,0,2,36,10,48,0,0,0,48
10/31/2014,CRE,SC,ASO,ES,Federal Contract Tower,0,1,27,0,28,0,12,38,0,50,0,13,65,0,78,12,0,12,90
11/01/2014,CRE,SC,ASO,ES,Federal Contract Tower,0,0,5,0,5,0,0,0,2,2,0,0,5,2,7,0,0,0,7
11/02/2014,CRE,SC,ASO,ES,Federal Contract Tower,0,0,17,2,19,0,2,18,2,22,0,2,35,4,41,2,0,2,43
11/03/2014,CRE,SC,ASO,ES,Federal Contract Tower,0,0,7,0,7,0,10,13,2,25,0,10,20,2,32,0,0,0,32
11/04/2014,CRE,SC,ASO,ES,Federal Contract Tower,0,11,15,6,32,0,17,28,2,47,0,28,43,8,79,0,0,0,79
11/05/2014,CRE,SC,ASO,ES,Federal Contract Tower,0,2,12,8,22,0,20,26,1,47,0,22,38,9,69,22,0,22,91
11/06/2014,CRE,SC,ASO,ES,Federal Contract Tower,0,0,10,2,12,0,8,13,0,21,0,8,23,2,33,0,0,0,33
11/07/2014,CRE,SC,ASO,ES,Federal Contract Tower,0,0,8,0,8,0,7,29,0,36,0,7,37,0,44,16,0,16,60
11/08/2014,CRE,SC,ASO,ES,Federal Contract Tower,0,0,8,2,10,0,12,34,2,48,0,12,42,4,58,0,0,0,58
11/09/2014,CRE,SC,ASO,ES,Federal Contract Tower,0,0,25,0,25,0,4,35,5,44,0,4,60,5,69,0,0,0,69
11/10/2014,CRE,SC,ASO,ES,Federal Contract Tower,0,2,16,0,18,0,12,20,0,32,0,14,36,0,50,0,0,0,50
11/11/2014,CRE,SC,ASO,ES,Federal Contract Tower,0,0,13,0,13,0,6,19,0,25,0,6,32,0,38,4,0,4,42
11/12/2014,CRE,SC,ASO,ES,Federal Contract Tower,0,0,11,8,19,0,8,29,0,37,0,8,40,8,56,0,0,0,56
11/13/2014,CRE,SC,ASO,ES,Federal Contract Tower,0,0,3,3,6,0,6,9,1,16,0,6,12,4,22,0,18,18,40
11/14/2014,CRE,SC,ASO,ES,Federal Contract Tower,0,2,14,0,16,0,8,9,21,38,0,10,23,21,54,0,0,0,54
11/15/2014,CRE,SC,ASO,ES,Federal Contract Tower,0,0,19,0,19,0,12,27,2,41,0,12,46,2,60,0,0,0,60
11/16/2014,CRE,SC,ASO,ES,Federal Contract Tower,0,0,11,2,13,0,0,7,2,9,0,0,18,4,22,4,0,4,26
11/17/2014,CRE,SC,ASO,ES,Federal Contract Tower,0,0,5,0,5,0,2,8,0,10,0,2,13,0,15,0,0,0,15
11/18/2014,CRE,SC,ASO,ES,Federal Contract Tower,0,2,9,2,13,0,0,14,2,16,0,2,23,4,29,0,0,0,29
11/19/2014,CRE,SC,ASO,ES,Federal Contract Tower,0,0,9,4,13,0,4,28,0,32,0,4,37,4,45,16,0,16,61
11/20/2014,CRE,SC,ASO,ES,Federal Contract Tower,0,0,19,4,23,0,18,24,0,42,0,18,43,4,65,6,0,6,71
11/21/2014,CRE,SC,ASO,ES,Federal Contract Tower,0,0,14,0,14,0,2,25,0,27,0,2,39,0,41,4,0,4,45
11/22/2014,CRE,SC,ASO,ES,Federal Contract Tower,0,0,14,2,16,0,20,52,4,76,0,20,66,6,92,4,0,4,96
11/23/2014,CRE,SC,ASO,ES,Federal Contract Tower,0,0,7,0,7,0,0,1,0,1,0,0,8,0,8,0,0,0,8
11/24/2014,CRE,SC,ASO,ES,Federal Contract Tower,0,0,6,0,6,0,0,0,0,0,0,0,6,0,6,0,0,0,6
11/25/2014,CRE,SC,ASO,ES,Federal Contract Tower,0,6,15,0,21,0,0,2,0,2,0,6,17,0,23,0,0,0,23
11/26/2014,CRE,SC,ASO,ES,Federal Contract Tower,0,0,11,2,13,0,8,2,1,11,0,8,13,3,24,0,0,0,24
11/27/2014,CRE,SC,ASO,ES,Federal Contract Tower,0,0,5,0,5,0,2,5,0,7,0,2,10,0,12,0,0,0,12
11/28/2014,CRE,SC,ASO,ES,Federal Contract Tower,0,0,9,0,9,0,44,47,0,91,0,44,56,0,100,8,0,8,108
11/29/2014,CRE,SC,ASO,ES,Federal Contract Tower,0,0,6,0,6,0,50,47,0,97,0,50,53,0,103,4,0,4,107
11/30/2014,CRE,SC,ASO,ES,Federal Contract Tower,0,0,16,0,16,0,0,0,0,0,0,0,16,0,16,0,0,0,16
12/01/2014,CRE,SC,ASO,ES,Federal Contract Tower,0,0,8,8,16,0,12,25,2,39,0,12,33,10,55,0,0,0,55
12/02/2014,CRE,SC,ASO,ES,Federal Contract Tower,0,0,5,12,17,0,0,11,2,13,0,0,16,14,30,0,14,14,44
12/03/2014,CRE,SC,ASO,ES,Federal Contract Tower,0,0,6,0,6,0,0,6,2,8,0,0,12,2,14,0,0,0,14
12/04/2014,CRE,SC,ASO,ES,Federal Contract Tower,0,0,9,0,9,0,0,4,0,4,0,0,13,0,13,0,0,0,13
12/05/2014,CRE,SC,ASO,ES,Federal Contract Tower,0,0,13,6,19,0,10,23,0,33,0,10,36,6,52,4,0,4,56
12/06/2014,CRE,SC,ASO,ES,Federal Contract Tower,0,0,9,0,9,0,13,7,0,20,0,13,16,0,29,0,0,0,29
12/07/2014,CRE,SC,ASO,ES,Federal Contract Tower,0,0,12,0,12,0,0,2,0,2,0,0,14,0,14,0,0,0,14
12/08/2014,CRE,SC,ASO,ES,Federal Contract Tower,0,2,20,4,26,0,16,28,0,44,0,18,48,4,70,0,0,0,70
12/09/2014,CRE,SC,ASO,ES,Federal Contract Tower,0,0,7,4,11,0,0,1,0,1,0,0,8,4,12,0,0,0,12
12/10/2014,CRE,SC,ASO,ES,Federal Contract Tower,0,0,10,3,13,0,4,18,0,22,0,4,28,3,35,6,0,6,41
12/11/2014,CRE,SC,ASO,ES,Federal Contract Tower,0,0,20,4,24,0,4,27,4,35,0,4,47,8,59,8,4,12,71
12/12/2014,CRE,SC,ASO,ES,Federal Contract Tower,0,2,3,4,9,0,2,23,0,25,0,4,26,4,34,8,0,8,42
12/13/2014,CRE,SC,ASO,ES,Federal Contract Tower,0,0,9,0,9,0,6,42,1,49,0,6,51,1,58,4,0,4,62
12/14/2014,CRE,SC,ASO,ES,Federal Contract Tower,0,1,12,0,13,0,4,31,0,35,0,5,43,0,48,26,0,26,74
12/15/2014,CRE,SC,ASO,ES,Federal Contract Tower,0,0,11,2,13,0,12,18,2,32,0,12,29,4,45,14,0,14,59
12/16/2014,CRE,SC,ASO,ES,Federal Contract Tower,0,2,5,2,9,0,2,18,0,20,0,4,23,2,29,0,0,0,29
12/17/2014,CRE,SC,ASO,ES,Federal Contract Tower,0,0,7,4,11,0,8,36,1,45,0,8,43,5,56,14,0,14,70
12/18/2014,CRE,SC,ASO,ES,Federal Contract Tower,0,0,8,0,8,0,0,24,0,24,0,0,32,0,32,2,0,2,34
12/19/2014,CRE,SC,ASO,ES,Federal Contract Tower,0,3,15,0,18,0,11,33,0,44,0,14,48,0,62,22,0,22,84
12/20/2014,CRE,SC,ASO,ES,Federal Contract Tower,0,0,5,0,5,0,2,0,0,2,0,2,5,0,7,0,0,0,7
12/21/2014,CRE,SC,ASO,ES,Federal Contract Tower,0,1,8,0,9,0,5,10,0,15,0,6,18,0,24,0,0,0,24
12/22/2014,CRE,SC,ASO,ES,Federal Contract Tower,0,0,2,0,2,0,0,0,0,0,0,0,2,0,2,0,0,0,2
12/23/2014,CRE,SC,ASO,ES,Federal Contract Tower,0,0,2,0,2,0,0,0,0,0,0,0,2,0,2,0,0,0,2
12/24/2014,CRE,SC,ASO,ES,Federal Contract Tower,0,0,0,0,0,0,0,0,0,0,0,0,0,0,0,0,0,0,0
12/25/2014,CRE,SC,ASO,ES,Federal Contract Tower,0,0,5,0,5,0,0,6,4,10,0,0,11,4,15,0,0,0,15
12/26/2014,CRE,SC,ASO,ES,Federal Contract Tower,0,0,23,0,23,0,28,41,7,76,0,28,64,7,99,16,12,28,127
12/27/2014,CRE,SC,ASO,ES,Federal Contract Tower,0,2,23,0,25,0,30,47,0,77,0,32,70,0,102,4,0,4,106
12/28/2014,CRE,SC,ASO,ES,Federal Contract Tower,0,0,24,0,24,0,0,8,0,8,0,0,32,0,32,2,0,2,34
12/29/2014,CRE,SC,ASO,ES,Federal Contract Tower,0,2,1,0,3,0,0,0,0,0,0,2,1,0,3,0,0,0,3
12/30/2014,CRE,SC,ASO,ES,Federal Contract Tower,0,0,15,4,19,0,0,0,0,0,0,0,15,4,19,0,0,0,19
12/31/2014,CRE,SC,ASO,ES,Federal Contract Tower,0,0,13,0,13,0,37,41,2,80,0,37,54,2,93,12,0,12,105
01/01/2015,CRE,SC,ASO,ES,Federal Contract Tower,0,0,16,0,16,0,23,33,0,56,0,23,49,0,72,14,0,14,86
01/02/2015,CRE,SC,ASO,ES,Federal Contract Tower,0,0,20,0,20,0,4,17,0,21,0,4,37,0,41,0,0,0,41
01/03/2015,CRE,SC,ASO,ES,Federal Contract Tower,0,0,11,0,11,0,0,0,0,0,0,0,11,0,11,0,0,0,11
01/04/2015,CRE,SC,ASO,ES,Federal Contract Tower,0,0,12,0,12,0,0,1,0,1,0,0,13,0,13,0,0,0,13
01/05/2015,CRE,SC,ASO,ES,Federal Contract Tower,0,0,11,2,13,0,4,23,0,27,0,4,34,2,40,0,0,0,40
01/06/2015,CRE,SC,ASO,ES,Federal Contract Tower,0,0,15,2,17,0,2,27,3,32,0,2,42,5,49,6,0,6,55
01/07/2015,CRE,SC,ASO,ES,Federal Contract Tower,0,2,5,4,11,0,2,17,12,31,0,4,22,16,42,0,18,18,60
01/08/2015,CRE,SC,ASO,ES,Federal Contract Tower,0,0,13,4,17,0,0,8,2,10,0,0,21,6,27,0,0,0,27
01/09/2015,CRE,SC,ASO,ES,Federal Contract Tower,0,0,10,0,10,0,0,4,3,7,0,0,14,3,17,0,0,0,17
01/10/2015,CRE,SC,ASO,ES,Federal Contract Tower,0,0,16,0,16,0,11,45,2,58,0,11,61,2,74,0,0,0,74
01/11/2015,CRE,SC,ASO,ES,Federal Contract Tower,0,1,15,0,16,0,0,10,0,10,0,1,25,0,26,0,0,0,26
01/12/2015,CRE,SC,ASO,ES,Federal Contract Tower,0,4,0,2,6,0,0,0,0,0,0,4,0,2,6,0,0,0,6
01/13/2015,CRE,SC,ASO,ES,Federal Contract Tower,0,0,9,2,11,0,0,0,0,0,0,0,9,2,11,0,0,0,11
01/14/2015,CRE,SC,ASO,ES,Federal Contract Tower,0,0,7,0,7,0,0,0,0,0,0,0,7,0,7,0,0,0,7
01/15/2015,CRE,SC,ASO,ES,Federal Contract Tower,0,2,19,1,22,0,0,5,0,5,0,2,24,1,27,0,0,0,27
01/16/2015,CRE,SC,ASO,ES,Federal Contract Tower,0,0,11,1,12,0,0,19,2,21,0,0,30,3,33,0,0,0,33
01/17/2015,CRE,SC,ASO,ES,Federal Contract Tower,0,0,12,0,12,0,12,39,0,51,0,12,51,0,63,12,0,12,75
01/18/2015,CRE,SC,ASO,ES,Federal Contract Tower,0,1,11,1,13,0,0,9,1,10,0,1,20,2,23,0,0,0,23
01/19/2015,CRE,SC,ASO,ES,Federal Contract Tower,0,2,21,0,23,0,2,25,0,27,0,4,46,0,50,2,0,2,52
01/20/2015,CRE,SC,ASO,ES,Federal Contract Tower,0,0,7,2,9,0,0,19,0,19,0,0,26,2,28,0,0,0,28
01/21/2015,CRE,SC,ASO,ES,Federal Contract Tower,0,0,19,2,21,0,0,44,9,53,0,0,63,11,74,0,0,0,74
01/22/2015,CRE,SC,ASO,ES,Federal Contract Tower,0,0,11,6,17,0,0,30,6,36,0,0,41,12,53,28,0,28,81
01/23/2015,CRE,SC,ASO,ES,Federal Contract Tower,0,0,5,0,5,0,0,12,0,12,0,0,17,0,17,20,0,20,37
01/24/2015,CRE,SC,ASO,ES,Federal Contract Tower,0,0,7,0,7,0,0,0,0,0,0,0,7,0,7,0,0,0,7
01/25/2015,CRE,SC,ASO,ES,Federal Contract Tower,0,0,13,0,13,0,0,27,0,27,0,0,40,0,40,2,0,2,42
01/26/2015,CRE,SC,ASO,ES,Federal Contract Tower,0,0,0,3,3,0,0,2,0,2,0,0,2,3,5,0,0,0,5
01/27/2015,CRE,SC,ASO,ES,Federal Contract Tower,0,0,6,0,6,0,2,13,0,15,0,2,19,0,21,0,0,0,21
01/28/2015,CRE,SC,ASO,ES,Federal Contract Tower,0,0,7,0,7,0,0,33,0,33,0,0,40,0,40,16,0,16,56
01/29/2015,CRE,SC,ASO,ES,Federal Contract Tower,0,0,14,2,16,0,8,36,0,44,0,8,50,2,60,14,0,14,74
01/30/2015,CRE,SC,ASO,ES,Federal Contract Tower,0,0,13,3,16,0,2,26,8,36,0,2,39,11,52,0,0,0,52
01/31/2015,CRE,SC,ASO,ES,Federal Contract Tower,0,0,12,0,12,0,5,58,12,75,0,5,70,12,87,20,0,20,107
02/01/2015,CRE,SC,ASO,ES,Federal Contract Tower,0,0,4,2,6,0,4,19,0,23,0,4,23,2,29,0,0,0,29
02/02/2015,CRE,SC,ASO,ES,Federal Contract Tower,0,2,1,1,4,0,0,0,1,1,0,2,1,2,5,0,0,0,5
02/03/2015,CRE,SC,ASO,ES,Federal Contract Tower,0,2,7,0,9,0,8,15,0,23,0,10,22,0,32,0,0,0,32
02/04/2015,CRE,SC,ASO,ES,Federal Contract Tower,0,0,10,0,10,0,6,38,0,44,0,6,48,0,54,28,0,28,82
02/05/2015,CRE,SC,ASO,ES,Federal Contract Tower,0,0,4,1,5,0,10,13,1,24,0,10,17,2,29,0,0,0,29
02/06/2015,CRE,SC,ASO,ES,Federal Contract Tower,0,0,9,6,15,0,10,28,4,42,0,10,37,10,57,0,4,4,61
02/07/2015,CRE,SC,ASO,ES,Federal Contract Tower,0,0,9,0,9,0,10,47,0,57,0,10,56,0,66,4,0,4,70
02/08/2015,CRE,SC,ASO,ES,Federal Contract Tower,0,0,12,0,12,0,10,25,6,41,0,10,37,6,53,0,0,0,53
02/09/2015,CRE,SC,ASO,ES,Federal Contract Tower,0,0,4,2,6,0,0,25,2,27,0,0,29,4,33,14,0,14,47
02/10/2015,CRE,SC,ASO,ES,Federal Contract Tower,0,0,20,0,20,0,0,2,0,2,0,0,22,0,22,0,0,0,22
02/11/2015,CRE,SC,ASO,ES,Federal Contract Tower,0,0,7,3,10,0,10,31,0,41,0,10,38,3,51,6,0,6,57
02/12/2015,CRE,SC,ASO,ES,Federal Contract Tower,0,2,8,6,16,0,0,34,5,39,0,2,42,11,55,6,0,6,61
02/13/2015,CRE,SC,ASO,ES,Federal Contract Tower,0,0,24,0,24,0,15,50,0,65,0,15,74,0,89,0,0,0,89
02/14/2015,CRE,SC,ASO,ES,Federal Contract Tower,0,1,8,0,9,0,15,30,6,51,0,16,38,6,60,22,0,22,82
02/15/2015,CRE,SC,ASO,ES,Federal Contract Tower,0,0,6,0,6,0,0,4,2,6,0,0,10,2,12,0,0,0,12
02/16/2015,CRE,SC,ASO,ES,Federal Contract Tower,0,3,7,0,10,0,12,22,0,34,0,15,29,0,44,0,0,0,44
02/17/2015,CRE,SC,ASO,ES,Federal Contract Tower,0,0,10,6,16,0,0,0,0,0,0,0,10,6,16,0,0,0,16
02/18/2015,CRE,SC,ASO,ES,Federal Contract Tower,0,0,6,18,24,0,14,24,0,38,0,14,30,18,62,14,0,14,76
02/19/2015,CRE,SC,ASO,ES,Federal Contract Tower,0,0,0,0,0,0,0,6,0,6,0,0,6,0,6,0,0,0,6
02/20/2015,CRE,SC,ASO,ES,Federal Contract Tower,0,7,17,0,24,0,6,38,1,45,0,13,55,1,69,4,2,6,75
02/21/2015,CRE,SC,ASO,ES,Federal Contract Tower,0,0,12,2,14,0,0,1,0,1,0,0,13,2,15,0,0,0,15
02/22/2015,CRE,SC,ASO,ES,Federal Contract Tower,0,1,7,0,8,0,0,23,0,23,0,1,30,0,31,4,0,4,35
02/23/2015,CRE,SC,ASO,ES,Federal Contract Tower,0,1,10,2,13,0,0,0,0,0,0,1,10,2,13,0,0,0,13
02/24/2015,CRE,SC,ASO,ES,Federal Contract Tower,0,0,0,0,0,0,0,0,0,0,0,0,0,0,0,0,0,0,0
02/25/2015,CRE,SC,ASO,ES,Federal Contract Tower,0,0,6,0,6,0,4,2,7,13,0,4,8,7,19,0,0,0,19
02/26/2015,CRE,SC,ASO,ES,Federal Contract Tower,0,0,5,0,5,0,0,6,1,7,0,0,11,1,12,28,0,28,40
02/27/2015,CRE,SC,ASO,ES,Federal Contract Tower,0,2,12,2,16,0,0,30,0,30,0,2,42,2,46,10,0,10,56
02/28/2015,CRE,SC,ASO,ES,Federal Contract Tower,0,1,16,2,19,0,6,25,0,31,0,7,41,2,50,24,0,24,74
03/01/2015,CRE,SC,ASO,ES,Federal Contract Tower,0,2,20,0,22,0,0,5,0,5,0,2,25,0,27,0,0,0,27
03/02/2015,CRE,SC,ASO,ES,Federal Contract Tower,0,0,8,0,8,0,16,35,5,56,0,16,43,5,64,34,0,34,98
03/03/2015,CRE,SC,ASO,ES,Federal Contract Tower,0,0,6,0,6,0,4,32,2,38,0,4,38,2,44,30,0,30,74
03/04/2015,CRE,SC,ASO,ES,Federal Contract Tower,0,0,5,0,5,0,2,13,1,16,0,2,18,1,21,4,0,4,25
03/05/2015,CRE,SC,ASO,ES,Federal Contract Tower,0,0,6,4,10,0,2,0,0,2,0,2,6,4,12,0,0,0,12
03/06/2015,CRE,SC,ASO,ES,Federal Contract Tower,0,0,16,0,16,0,0,35,16,51,0,0,51,16,67,10,0,10,77
03/07/2015,CRE,SC,ASO,ES,Federal Contract Tower,0,0,12,0,12,0,16,33,0,49,0,16,45,0,61,46,0,46,107
03/08/2015,CRE,SC,ASO,ES,Federal Contract Tower,0,2,18,2,22,0,10,52,2,64,0,12,70,4,86,24,0,24,110
03/09/2015,CRE,SC,ASO,ES,Federal Contract Tower,0,0,12,4,16,0,10,28,0,38,0,10,40,4,54,10,0,10,64
03/10/2015,CRE,SC,ASO,ES,Federal Contract Tower,0,0,13,10,23,0,14,18,5,37,0,14,31,15,60,16,0,16,76
03/11/2015,CRE,SC,ASO,ES,Federal Contract Tower,0,0,9,3,12,0,8,6,2,16,0,8,15,5,28,0,0,0,28
03/12/2015,CRE,SC,ASO,ES,Federal Contract Tower,0,0,19,0,19,0,18,20,0,38,0,18,39,0,57,28,0,28,85
03/13/2015,CRE,SC,ASO,ES,Federal Contract Tower,0,0,25,4,29,0,18,17,1,36,0,18,42,5,65,6,0,6,71
03/14/2015,CRE,SC,ASO,ES,Federal Contract Tower,0,2,8,0,10,0,0,0,0,0,0,2,8,0,10,0,0,0,10
03/15/2015,CRE,SC,ASO,ES,Federal Contract Tower,0,0,22,0,22,0,20,44,1,65,0,20,66,1,87,22,0,22,109
03/16/2015,CRE,SC,ASO,ES,Federal Contract Tower,0,0,7,2,9,0,17,51,4,72,0,17,58,6,81,14,0,14,95
03/17/2015,CRE,SC,ASO,ES,Federal Contract Tower,0,0,11,5,16,0,15,46,0,61,0,15,57,5,77,22,0,22,99
03/18/2015,CRE,SC,ASO,ES,Federal Contract Tower,0,4,20,2,26,0,26,42,2,70,0,30,62,4,96,14,0,14,110
03/19/2015,CRE,SC,ASO,ES,Federal Contract Tower,0,3,19,0,22,0,38,17,0,55,0,41,36,0,77,0,0,0,77
03/20/2015,CRE,SC,ASO,ES,Federal Contract Tower,0,0,19,0,19,0,19,10,0,29,0,19,29,0,48,8,0,8,56
03/21/2015,CRE,SC,ASO,ES,Federal Contract Tower,0,0,22,0,22,0,18,35,0,53,0,18,57,0,75,14,0,14,89
03/22/2015,CRE,SC,ASO,ES,Federal Contract Tower,0,3,28,0,31,0,0,3,0,3,0,3,31,0,34,4,0,4,38
03/23/2015,CRE,SC,ASO,ES,Federal Contract Tower,0,0,9,2,11,0,12,3,0,15,0,12,12,2,26,4,0,4,30
03/24/2015,CRE,SC,ASO,ES,Federal Contract Tower,0,1,20,0,21,0,9,38,5,52,0,10,58,5,73,16,0,16,89
03/25/2015,CRE,SC,ASO,ES,Federal Contract Tower,0,0,16,2,18,0,5,20,0,25,0,5,36,2,43,12,0,12,55
03/26/2015,CRE,SC,ASO,ES,Federal Contract Tower,0,2,19,4,25,0,6,6,0,12,0,8,25,4,37,8,0,8,45
03/27/2015,CRE,SC,ASO,ES,Federal Contract Tower,0,4,15,2,21,0,12,4,0,16,0,16,19,2,37,4,0,4,41
03/28/2015,CRE,SC,ASO,ES,Federal Contract Tower,0,5,13,0,18,0,30,104,0,134,0,35,117,0,152,12,0,12,164
03/29/2015,CRE,SC,ASO,ES,Federal Contract Tower,0,0,11,0,11,0,34,73,0,107,0,34,84,0,118,24,0,24,142
03/30/2015,CRE,SC,ASO,ES,Federal Contract Tower,0,0,8,2,10,0,14,9,0,23,0,14,17,2,33,0,0,0,33
03/31/2015,CRE,SC,ASO,ES,Federal Contract Tower,0,0,15,2,17,0,16,35,4,55,0,16,50,6,72,6,0,6,78
04/01/2015,CRE,SC,ASO,ES,Federal Contract Tower,0,0,14,0,14,0,8,39,0,47,0,8,53,0,61,4,0,4,65
04/02/2015,CRE,SC,ASO,ES,Federal Contract Tower,0,0,17,2,19,0,8,41,0,49,0,8,58,2,68,20,0,20,88
04/03/2015,CRE,SC,ASO,ES,Federal Contract Tower,0,0,22,0,22,0,36,36,0,72,0,36,58,0,94,10,0,10,104
04/04/2015,CRE,SC,ASO,ES,Federal Contract Tower,0,0,15,0,15,0,36,19,0,55,0,36,34,0,70,8,0,8,78
04/05/2015,CRE,SC,ASO,ES,Federal Contract Tower,0,0,21,0,21,0,25,70,1,96,0,25,91,1,117,12,0,12,129
04/06/2015,CRE,SC,ASO,ES,Federal Contract Tower,0,2,14,0,16,0,14,40,6,60,0,16,54,6,76,8,0,8,84
04/07/2015,CRE,SC,ASO,ES,Federal Contract Tower,0,0,16,0,16,0,24,30,0,54,0,24,46,0,70,20,0,20,90
04/08/2015,CRE,SC,ASO,ES,Federal Contract Tower,0,0,6,4,10,0,22,26,2,50,0,22,32,6,60,8,0,8,68
04/09/2015,CRE,SC,ASO,ES,Federal Contract Tower,0,5,10,5,20,0,26,20,2,48,0,31,30,7,68,4,0,4,72
04/10/2015,CRE,SC,ASO,ES,Federal Contract Tower,0,4,18,34,56,0,50,41,1,92,0,54,59,35,148,158,0,158,306
04/11/2015,CRE,SC,ASO,ES,Federal Contract Tower,0,0,17,1,18,0,32,23,4,59,0,32,40,5,77,44,0,44,121
04/12/2015,CRE,SC,ASO,ES,Federal Contract Tower,0,6,25,3,34,0,16,50,1,67,0,22,75,4,101,6,0,6,107
04/13/2015,CRE,SC,ASO,ES,Federal Contract Tower,0,2,17,2,21,0,16,11,0,27,0,18,28,2,48,0,0,0,48
04/14/2015,CRE,SC,ASO,ES,Federal Contract Tower,0,3,15,7,25,0,0,4,1,5,0,3,19,8,30,0,0,0,30
04/15/2015,CRE,SC,ASO,ES,Federal Contract Tower,0,2,10,0,12,0,0,0,0,0,0,2,10,0,12,0,0,0,12
04/16/2015,CRE,SC,ASO,ES,Federal Contract Tower,0,2,9,0,11,0,2,6,2,10,0,4,15,2,21,0,0,0,21
04/17/2015,CRE,SC,ASO,ES,Federal Contract Tower,0,2,13,6,21,0,0,4,6,10,0,2,17,12,31,0,0,0,31
04/18/2015,CRE,SC,ASO,ES,Federal Contract Tower,0,0,15,0,15,0,2,4,0,6,0,2,19,0,21,0,0,0,21
04/19/2015,CRE,SC,ASO,ES,Federal Contract Tower,0,0,12,2,14,0,14,7,1,22,0,14,19,3,36,4,0,4,40
04/20/2015,CRE,SC,ASO,ES,Federal Contract Tower,0,0,15,2,17,0,14,15,0,29,0,14,30,2,46,6,0,6,52
04/21/2015,CRE,SC,ASO,ES,Federal Contract Tower,0,0,20,2,22,0,4,44,10,58,0,4,64,12,80,60,0,60,140
04/22/2015,CRE,SC,ASO,ES,Federal Contract Tower,0,2,26,1,29,0,38,46,2,86,0,40,72,3,115,42,0,42,157
04/23/2015,CRE,SC,ASO,ES,Federal Contract Tower,0,4,29,2,35,0,10,44,6,60,0,14,73,8,95,84,0,84,179
04/24/2015,CRE,SC,ASO,ES,Federal Contract Tower,0,0,27,2,29,0,20,47,4,71,0,20,74,6,100,120,0,120,220
04/25/2015,CRE,SC,ASO,ES,Federal Contract Tower,0,0,9,0,9,0,6,13,0,19,0,6,22,0,28,10,0,10,38
04/26/2015,CRE,SC,ASO,ES,Federal Contract Tower,0,2,45,0,47,0,2,18,2,22,0,4,63,2,69,30,0,30,99
04/27/2015,CRE,SC,ASO,ES,Federal Contract Tower,0,3,12,0,15,0,12,69,0,81,0,15,81,0,96,96,0,96,192
04/28/2015,CRE,SC,ASO,ES,Federal Contract Tower,0,5,13,2,20,0,21,49,0,70,0,26,62,2,90,78,0,78,168
04/29/2015,CRE,SC,ASO,ES,Federal Contract Tower,0,0,18,0,18,0,0,1,0,1,0,0,19,0,19,0,0,0,19
04/30/2015,CRE,SC,ASO,ES,Federal Contract Tower,0,2,29,0,31,0,24,47,0,71,0,26,76,0,102,80,0,80,182
05/01/2015,CRE,SC,ASO,ES,Federal Contract Tower,0,0,31,0,31,0,8,13,0,21,0,8,44,0,52,0,0,0,52
05/02/2015,CRE,SC,ASO,ES,Federal Contract Tower,0,0,24,0,24,0,24,115,0,139,0,24,139,0,163,138,0,138,301
05/03/2015,CRE,SC,ASO,ES,Federal Contract Tower,0,2,25,0,27,0,18,79,0,97,0,20,104,0,124,68,0,68,192
05/04/2015,CRE,SC,ASO,ES,Federal Contract Tower,0,0,16,1,17,0,18,48,1,67,0,18,64,2,84,22,0,22,106
05/05/2015,CRE,SC,ASO,ES,Federal Contract Tower,0,0,20,4,24,0,16,50,0,66,0,16,70,4,90,30,2,32,122
05/06/2015,CRE,SC,ASO,ES,Federal Contract Tower,0,0,13,0,13,0,6,43,4,53,0,6,56,4,66,18,0,18,84
05/07/2015,CRE,SC,ASO,ES,Federal Contract Tower,0,0,11,5,16,0,0,3,0,3,0,0,14,5,19,0,0,0,19
05/08/2015,CRE,SC,ASO,ES,Federal Contract Tower,0,0,14,0,14,0,4,5,0,9,0,4,19,0,23,0,0,0,23
05/09/2015,CRE,SC,ASO,ES,Federal Contract Tower,0,0,8,0,8,0,0,1,0,1,0,0,9,0,9,0,0,0,9
05/10/2015,CRE,SC,ASO,ES,Federal Contract Tower,0,0,1,0,1,0,0,0,0,0,0,0,1,0,1,0,0,0,1
05/11/2015,CRE,SC,ASO,ES,Federal Contract Tower,0,2,9,0,11,0,6,11,0,17,0,8,20,0,28,14,0,14,42
05/12/2015,CRE,SC,ASO,ES,Federal Contract Tower,0,0,13,5,18,0,22,46,0,68,0,22,59,5,86,72,0,72,158
05/13/2015,CRE,SC,ASO,ES,Federal Contract Tower,0,0,16,0,16,0,64,58,12,134,0,64,74,12,150,80,40,120,270
05/14/2015,CRE,SC,ASO,ES,Federal Contract Tower,0,0,24,6,30,0,34,44,0,78,0,34,68,6,108,14,0,14,122
05/15/2015,CRE,SC,ASO,ES,Federal Contract Tower,0,2,23,3,28,0,18,75,4,97,0,20,98,7,125,56,2,58,183
05/16/2015,CRE,SC,ASO,ES,Federal Contract Tower,0,3,18,0,21,0,44,131,0,175,0,47,149,0,196,118,0,118,314
05/17/2015,CRE,SC,ASO,ES,Federal Contract Tower,0,1,22,2,25,0,36,82,0,118,0,37,104,2,143,16,0,16,159
05/18/2015,CRE,SC,ASO,ES,Federal Contract Tower,0,0,16,2,18,0,20,27,0,47,0,20,43,2,65,12,0,12,77
05/19/2015,CRE,SC,ASO,ES,Federal Contract Tower,0,0,6,0,6,0,14,20,2,36,0,14,26,2,42,24,0,24,66
05/20/2015,CRE,SC,ASO,ES,Federal Contract Tower,0,2,11,1,14,0,16,48,2,66,0,18,59,3,80,14,0,14,94
05/21/2015,CRE,SC,ASO,ES,Federal Contract Tower,0,2,16,5,23,0,28,31,2,61,0,30,47,7,84,12,0,12,96
05/22/2015,CRE,SC,ASO,ES,Federal Contract Tower,0,4,37,0,41,0,30,88,3,121,0,34,125,3,162,18,0,18,180
05/23/2015,CRE,SC,ASO,ES,Federal Contract Tower,0,0,13,0,13,0,88,166,3,257,0,88,179,3,270,34,4,38,308
05/24/2015,CRE,SC,ASO,ES,Federal Contract Tower,0,0,2,0,2,0,44,128,9,181,0,44,130,9,183,60,2,62,245
05/25/2015,CRE,SC,ASO,ES,Federal Contract Tower,0,0,27,0,27,0,40,88,0,128,0,40,115,0,155,30,0,30,185
05/26/2015,CRE,SC,ASO,ES,Federal Contract Tower,0,0,4,0,4,0,12,42,0,54,0,12,46,0,58,24,0,24,82
05/27/2015,CRE,SC,ASO,ES,Federal Contract Tower,0,1,23,4,28,0,26,48,4,78,0,27,71,8,106,4,0,4,110
05/28/2015,CRE,SC,ASO,ES,Federal Contract Tower,0,2,14,2,18,0,30,45,0,75,0,32,59,2,93,8,0,8,101
05/29/2015,CRE,SC,ASO,ES,Federal Contract Tower,0,2,20,1,23,0,34,59,8,101,0,36,79,9,124,42,0,42,166
05/30/2015,CRE,SC,ASO,ES,Federal Contract Tower,0,0,15,0,15,0,48,78,0,126,0,48,93,0,141,30,0,30,171
05/31/2015,CRE,SC,ASO,ES,Federal Contract Tower,0,1,16,2,19,0,34,80,0,114,0,35,96,2,133,66,0,66,199
06/01/2015,CRE,SC,ASO,ES,Federal Contract Tower,0,0,5,2,7,0,14,24,0,38,0,14,29,2,45,42,0,42,87
06/02/2015,CRE,SC,ASO,ES,Federal Contract Tower,0,0,6,0,6,0,2,8,0,10,0,2,14,0,16,10,0,10,26
06/03/2015,CRE,SC,ASO,ES,Federal Contract Tower,0,0,13,0,13,0,6,5,0,11,0,6,18,0,24,0,0,0,24
06/04/2015,CRE,SC,ASO,ES,Federal Contract Tower,0,0,19,4,23,0,48,24,0,72,0,48,43,4,95,56,8,64,159
06/05/2015,CRE,SC,ASO,ES,Federal Contract Tower,0,5,10,7,22,0,35,29,4,68,0,40,39,11,90,78,0,78,168
06/06/2015,CRE,SC,ASO,ES,Federal Contract Tower,0,2,13,0,15,0,34,79,0,113,0,36,92,0,128,32,0,32,160
06/07/2015,CRE,SC,ASO,ES,Federal Contract Tower,0,1,16,0,17,0,28,96,0,124,0,29,112,0,141,58,0,58,199
06/08/2015,CRE,SC,ASO,ES,Federal Contract Tower,0,0,14,0,14,0,34,40,0,74,0,34,54,0,88,36,0,36,124
06/09/2015,CRE,SC,ASO,ES,Federal Contract Tower,0,2,6,0,8,0,18,18,2,38,0,20,24,2,46,28,0,28,74
06/10/2015,CRE,SC,ASO,ES,Federal Contract Tower,0,0,7,2,9,0,62,59,0,121,0,62,66,2,130,64,0,64,194
06/11/2015,CRE,SC,ASO,ES,Federal Contract Tower,0,5,32,1,38,0,76,89,4,169,0,81,121,5,207,84,0,84,291
06/12/2015,CRE,SC,ASO,ES,Federal Contract Tower,0,1,26,1,28,0,62,64,1,127,0,63,90,2,155,80,0,80,235
06/13/2015,CRE,SC,ASO,ES,Federal Contract Tower,0,1,11,0,12,0,50,93,0,143,0,51,104,0,155,70,0,70,225
06/14/2015,CRE,SC,ASO,ES,Federal Contract Tower,0,0,23,4,27,0,37,77,0,114,0,37,100,4,141,108,0,108,249
06/15/2015,CRE,SC,ASO,ES,Federal Contract Tower,0,0,20,4,24,0,19,49,0,68,0,19,69,4,92,50,0,50,142
06/16/2015,CRE,SC,ASO,ES,Federal Contract Tower,0,2,10,16,28,0,28,65,2,95,0,30,75,18,123,58,0,58,181
06/17/2015,CRE,SC,ASO,ES,Federal Contract Tower,0,2,10,0,12,0,81,72,0,153,0,83,82,0,165,52,0,52,217
06/18/2015,CRE,SC,ASO,ES,Federal Contract Tower,0,3,11,0,14,0,58,30,0,88,0,61,41,0,102,62,0,62,164
06/19/2015,CRE,SC,ASO,ES,Federal Contract Tower,0,4,16,0,20,0,54,74,0,128,0,58,90,0,148,98,0,98,246
06/20/2015,CRE,SC,ASO,ES,Federal Contract Tower,0,0,11,0,11,0,58,128,0,186,0,58,139,0,197,62,0,62,259
06/21/2015,CRE,SC,ASO,ES,Federal Contract Tower,0,2,17,1,20,0,49,87,2,138,0,51,104,3,158,90,0,90,248
06/22/2015,CRE,SC,ASO,ES,Federal Contract Tower,0,0,17,2,19,0,36,58,0,94,0,36,75,2,113,62,0,62,175
06/23/2015,CRE,SC,ASO,ES,Federal Contract Tower,0,2,9,0,11,0,38,39,0,77,0,40,48,0,88,46,0,46,134
06/24/2015,CRE,SC,ASO,ES,Federal Contract Tower,0,2,17,4,23,0,67,67,0,134,0,69,84,4,157,68,0,68,225
06/25/2015,CRE,SC,ASO,ES,Federal Contract Tower,0,1,12,0,13,0,64,43,0,107,0,65,55,0,120,88,0,88,208
06/26/2015,CRE,SC,ASO,ES,Federal Contract Tower,0,4,14,6,24,0,44,60,2,106,0,48,74,8,130,90,4,94,224
06/27/2015,CRE,SC,ASO,ES,Federal Contract Tower,0,0,7,0,7,0,24,18,0,42,0,24,25,0,49,24,0,24,73
06/28/2015,CRE,SC,ASO,ES,Federal Contract Tower,0,4,15,1,20,0,38,66,1,105,0,42,81,2,125,108,0,108,233
06/29/2015,CRE,SC,ASO,ES,Federal Contract Tower,0,0,19,1,20,0,50,40,1,91,0,50,59,2,111,76,0,76,187
06/30/2015,CRE,SC,ASO,ES,Federal Contract Tower,0,0,11,6,17,0,24,66,9,99,0,24,77,15,116,70,2,72,188
07/01/2015,CRE,SC,ASO,ES,Federal Contract Tower,0,0,33,5,38,0,86,72,0,158,0,86,105,5,196,58,0,58,254
07/02/2015,CRE,SC,ASO,ES,Federal Contract Tower,0,1,21,8,30,0,58,73,0,131,0,59,94,8,161,58,0,58,219
07/03/2015,CRE,SC,ASO,ES,Federal Contract Tower,0,3,12,0,15,0,59,33,0,92,0,62,45,0,107,28,0,28,135
07/04/2015,CRE,SC,ASO,ES,Federal Contract Tower,0,0,13,0,13,0,69,129,0,198,0,69,142,0,211,62,0,62,273
07/05/2015,CRE,SC,ASO,ES,Federal Contract Tower,0,4,20,0,24,0,106,147,0,253,0,110,167,0,277,82,0,82,359
07/06/2015,CRE,SC,ASO,ES,Federal Contract Tower,0,0,20,2,22,0,53,74,3,130,0,53,94,5,152,70,0,70,222
07/07/2015,CRE,SC,ASO,ES,Federal Contract Tower,0,0,20,1,21,0,75,59,5,139,0,75,79,6,160,88,12,100,260
07/08/2015,CRE,SC,ASO,ES,Federal Contract Tower,0,0,14,3,17,0,74,55,0,129,0,74,69,3,146,90,0,90,236
07/09/2015,CRE,SC,ASO,ES,Federal Contract Tower,0,6,23,1,30,0,96,114,0,210,0,102,137,1,240,92,0,92,332
07/10/2015,CRE,SC,ASO,ES,Federal Contract Tower,0,4,13,4,21,0,52,132,3,187,0,56,145,7,208,108,0,108,316
07/11/2015,CRE,SC,ASO,ES,Federal Contract Tower,0,2,18,1,21,0,16,122,1,139,0,18,140,2,160,74,0,74,234
07/12/2015,CRE,SC,ASO,ES,Federal Contract Tower,0,5,19,1,25,0,48,92,0,140,0,53,111,1,165,82,0,82,247
07/13/2015,CRE,SC,ASO,ES,Federal Contract Tower,0,0,11,0,11,0,20,50,0,70,0,20,61,0,81,62,0,62,143
07/14/2015,CRE,SC,ASO,ES,Federal Contract Tower,0,0,19,2,21,0,34,64,0,98,0,34,83,2,119,56,0,56,175
07/15/2015,CRE,SC,ASO,ES,Federal Contract Tower,0,1,13,1,15,0,74,90,7,171,0,75,103,8,186,112,0,112,298
07/16/2015,CRE,SC,ASO,ES,Federal Contract Tower,0,4,14,0,18,0,74,98,2,174,0,78,112,2,192,106,0,106,298
07/17/2015,CRE,SC,ASO,ES,Federal Contract Tower,0,1,28,0,29,110,94,0,0,204,110,95,28,0,233,0,0,0,233
07/18/2015,CRE,SC,ASO,ES,Federal Contract Tower,0,3,24,0,27,0,84,68,0,152,0,87,92,0,179,98,0,98,277
07/19/2015,CRE,SC,ASO,ES,Federal Contract Tower,0,0,9,2,11,0,38,98,0,136,0,38,107,2,147,76,0,76,223
07/20/2015,CRE,SC,ASO,ES,Federal Contract Tower,0,2,10,0,12,0,28,37,0,65,0,30,47,0,77,74,0,74,151
07/21/2015,CRE,SC,ASO,ES,Federal Contract Tower,0,2,9,2,13,0,38,27,0,65,0,40,36,2,78,52,0,52,130
07/22/2015,CRE,SC,ASO,ES,Federal Contract Tower,0,2,10,1,13,0,94,81,0,175,0,96,91,1,188,134,0,134,322
07/23/2015,CRE,SC,ASO,ES,Federal Contract Tower,0,2,22,0,24,0,84,50,0,134,0,86,72,0,158,38,0,38,196
07/24/2015,CRE,SC,ASO,ES,Federal Contract Tower,0,2,24,1,27,0,64,33,1,98,0,66,57,2,125,52,0,52,177
07/25/2015,CRE,SC,ASO,ES,Federal Contract Tower,0,0,12,0,12,0,112,144,2,258,0,112,156,2,270,126,0,126,396
07/26/2015,CRE,SC,ASO,ES,Federal Contract Tower,0,2,19,0,21,0,39,70,0,109,0,41,89,0,130,62,0,62,192
07/27/2015,CRE,SC,ASO,ES,Federal Contract Tower,0,1,16,0,17,0,58,53,6,117,0,59,69,6,134,48,0,48,182
07/28/2015,CRE,SC,ASO,ES,Federal Contract Tower,0,6,20,0,26,0,47,60,0,107,0,53,80,0,133,48,0,48,181
07/29/2015,CRE,SC,ASO,ES,Federal Contract Tower,0,1,15,0,16,0,64,87,0,151,0,65,102,0,167,90,0,90,257
07/30/2015,CRE,SC,ASO,ES,Federal Contract Tower,0,1,22,8,31,0,86,56,2,144,0,87,78,10,175,89,0,89,264
07/31/2015,CRE,SC,ASO,ES,Federal Contract Tower,0,0,18,0,18,0,83,73,2,158,0,83,91,2,176,100,0,100,276
08/01/2015,CRE,SC,ASO,ES,Federal Contract Tower,0,0,9,0,9,0,98,96,0,194,0,98,105,0,203,70,0,70,273
08/02/2015,CRE,SC,ASO,ES,Federal Contract Tower,0,5,18,0,23,0,56,40,0,96,0,61,58,0,119,112,0,112,231
08/03/2015,CRE,SC,ASO,ES,Federal Contract Tower,0,0,15,0,15,0,10,3,0,13,0,10,18,0,28,0,0,0,28
08/04/2015,CRE,SC,ASO,ES,Federal Contract Tower,0,1,4,0,5,0,10,1,2,13,0,11,5,2,18,0,0,0,18
08/05/2015,CRE,SC,ASO,ES,Federal Contract Tower,0,0,13,3,16,0,56,69,1,126,0,56,82,4,142,93,0,93,235
08/06/2015,CRE,SC,ASO,ES,Federal Contract Tower,0,0,10,0,10,0,72,56,4,132,0,72,66,4,142,74,2,76,218
08/07/2015,CRE,SC,ASO,ES,Federal Contract Tower,0,3,15,0,18,0,48,37,0,85,0,51,52,0,103,52,0,52,155
08/08/2015,CRE,SC,ASO,ES,Federal Contract Tower,0,0,17,0,17,0,38,40,0,78,0,38,57,0,95,56,0,56,151
08/09/2015,CRE,SC,ASO,ES,Federal Contract Tower,0,0,24,0,24,0,52,123,0,175,0,52,147,0,199,90,0,90,289
08/10/2015,CRE,SC,ASO,ES,Federal Contract Tower,0,4,7,0,11,0,34,31,3,68,0,38,38,3,79,70,0,70,149
08/11/2015,CRE,SC,ASO,ES,Federal Contract Tower,0,4,8,4,16,0,36,23,0,59,0,40,31,4,75,72,0,72,147
08/12/2015,CRE,SC,ASO,ES,Federal Contract Tower,0,2,15,0,17,0,66,57,7,130,0,68,72,7,147,66,0,66,213
08/13/2015,CRE,SC,ASO,ES,Federal Contract Tower,0,0,13,0,13,0,82,67,2,151,0,82,80,2,164,78,0,78,242
08/14/2015,CRE,SC,ASO,ES,Federal Contract Tower,0,0,19,0,19,0,61,65,0,126,0,61,84,0,145,66,0,66,211
08/15/2015,CRE,SC,ASO,ES,Federal Contract Tower,0,0,9,0,9,0,74,106,0,180,0,74,115,0,189,92,0,92,281
08/16/2015,CRE,SC,ASO,ES,Federal Contract Tower,0,2,21,0,23,0,52,127,0,179,0,54,148,0,202,82,0,82,284
08/17/2015,CRE,SC,ASO,ES,Federal Contract Tower,0,2,9,0,11,0,49,57,6,112,0,51,66,6,123,94,2,96,219
08/18/2015,CRE,SC,ASO,ES,Federal Contract Tower,0,0,7,3,10,0,2,8,3,13,0,2,15,6,23,12,0,12,35
08/19/2015,CRE,SC,ASO,ES,Federal Contract Tower,0,3,19,0,22,0,50,21,0,71,0,53,40,0,93,46,0,46,139
08/20/2015,CRE,SC,ASO,ES,Federal Contract Tower,0,0,7,0,7,0,60,50,0,110,0,60,57,0,117,50,0,50,167
08/21/2015,CRE,SC,ASO,ES,Federal Contract Tower,0,0,11,0,11,0,84,59,2,145,0,84,70,2,156,74,0,74,230
08/22/2015,CRE,SC,ASO,ES,Federal Contract Tower,0,0,11,2,13,0,64,155,2,221,0,64,166,4,234,70,0,70,304
08/23/2015,CRE,SC,ASO,ES,Federal Contract Tower,0,0,15,0,15,0,53,95,0,148,0,53,110,0,163,78,0,78,241
08/24/2015,CRE,SC,ASO,ES,Federal Contract Tower,0,2,9,0,11,0,20,45,0,65,0,22,54,0,76,78,0,78,154
08/25/2015,CRE,SC,ASO,ES,Federal Contract Tower,0,0,10,1,11,0,26,26,1,53,0,26,36,2,64,38,0,38,102
08/26/2015,CRE,SC,ASO,ES,Federal Contract Tower,0,0,15,0,15,0,10,39,2,51,0,10,54,2,66,36,0,36,102
08/27/2015,CRE,SC,ASO,ES,Federal Contract Tower,0,0,15,0,15,0,28,22,0,50,0,28,37,0,65,14,0,14,79
08/28/2015,CRE,SC,ASO,ES,Federal Contract Tower,0,6,23,0,29,0,57,62,0,119,0,63,85,0,148,80,2,82,230
08/29/2015,CRE,SC,ASO,ES,Federal Contract Tower,0,0,3,1,4,0,46,140,14,200,0,46,143,15,204,88,0,88,292
08/30/2015,CRE,SC,ASO,ES,Federal Contract Tower,0,0,20,1,21,0,16,29,5,50,0,16,49,6,71,42,0,42,113
08/31/2015,CRE,SC,ASO,ES,Federal Contract Tower,0,1,8,0,9,0,2,6,0,8,0,3,14,0,17,0,0,0,17
09/01/2015,CRE,SC,ASO,ES,Federal Contract Tower,0,2,8,0,10,0,16,46,0,62,0,18,54,0,72,52,0,52,124
09/02/2015,CRE,SC,ASO,ES,Federal Contract Tower,0,2,9,1,12,0,25,31,3,59,0,27,40,4,71,56,0,56,127
09/03/2015,CRE,SC,ASO,ES,Federal Contract Tower,0,1,7,0,8,0,16,21,0,37,0,17,28,0,45,22,0,22,67
09/04/2015,CRE,SC,ASO,ES,Federal Contract Tower,0,0,27,0,27,0,46,62,0,108,0,46,89,0,135,50,0,50,185
09/05/2015,CRE,SC,ASO,ES,Federal Contract Tower,0,0,8,1,9,0,60,122,1,183,0,60,130,2,192,70,0,70,262
09/06/2015,CRE,SC,ASO,ES,Federal Contract Tower,0,0,11,0,11,0,22,16,0,38,0,22,27,0,49,12,0,12,61
09/07/2015,CRE,SC,ASO,ES,Federal Contract Tower,0,0,23,0,23,0,2,31,0,33,0,2,54,0,56,22,0,22,78
09/08/2015,CRE,SC,ASO,ES,Federal Contract Tower,0,1,17,3,21,0,10,6,1,17,0,11,23,4,38,0,0,0,38
09/09/2015,CRE,SC,ASO,ES,Federal Contract Tower,0,1,12,0,13,0,37,40,0,77,0,38,52,0,90,10,0,10,100
09/10/2015,CRE,SC,ASO,ES,Federal Contract Tower,0,1,8,0,9,0,20,17,0,37,0,21,25,0,46,10,0,10,56
09/11/2015,CRE,SC,ASO,ES,Federal Contract Tower,0,0,19,0,19,0,31,58,0,89,0,31,77,0,108,2,2,4,112
09/12/2015,CRE,SC,ASO,ES,Federal Contract Tower,0,0,6,0,6,0,6,6,5,17,0,6,12,5,23,0,0,0,23
09/13/2015,CRE,SC,ASO,ES,Federal Contract Tower,0,0,18,0,18,0,8,22,0,30,0,8,40,0,48,6,0,6,54
09/14/2015,CRE,SC,ASO,ES,Federal Contract Tower,0,3,11,2,16,0,10,17,4,31,0,13,28,6,47,2,0,2,49
09/15/2015,CRE,SC,ASO,ES,Federal Contract Tower,0,2,14,4,20,0,52,36,0,88,0,54,50,4,108,8,0,8,116
09/16/2015,CRE,SC,ASO,ES,Federal Contract Tower,0,2,13,2,17,0,30,23,2,55,0,32,36,4,72,6,0,6,78
09/17/2015,CRE,SC,ASO,ES,Federal Contract Tower,0,2,9,0,11,0,10,10,0,20,0,12,19,0,31,0,0,0,31
09/18/2015,CRE,SC,ASO,ES,Federal Contract Tower,0,1,17,0,18,0,42,63,0,105,0,43,80,0,123,6,0,6,129
09/19/2015,CRE,SC,ASO,ES,Federal Contract Tower,0,0,13,0,13,0,44,107,1,152,0,44,120,1,165,8,0,8,173
09/20/2015,CRE,SC,ASO,ES,Federal Contract Tower,0,2,26,0,28,0,37,74,0,111,0,39,100,0,139,8,0,8,147
09/21/2015,CRE,SC,ASO,ES,Federal Contract Tower,0,0,9,2,11,0,23,21,0,44,0,23,30,2,55,6,0,6,61
09/22/2015,CRE,SC,ASO,ES,Federal Contract Tower,0,2,6,1,9,0,14,12,1,27,0,16,18,2,36,0,0,0,36
09/23/2015,CRE,SC,ASO,ES,Federal Contract Tower,0,0,14,3,17,0,8,6,1,15,0,8,20,4,32,0,0,0,32
09/24/2015,CRE,SC,ASO,ES,Federal Contract Tower,0,2,18,0,20,0,0,0,0,0,0,2,18,0,20,0,0,0,20
09/25/2015,CRE,SC,ASO,ES,Federal Contract Tower,0,0,5,6,11,0,8,4,6,18,0,8,9,12,29,2,0,2,31
09/26/2015,CRE,SC,ASO,ES,Federal Contract Tower,0,0,12,2,14,0,14,0,0,14,0,14,12,2,28,0,0,0,28
09/27/2015,CRE,SC,ASO,ES,Federal Contract Tower,0,2,5,0,7,0,14,19,0,33,0,16,24,0,40,0,0,0,40
09/28/2015,CRE,SC,ASO,ES,Federal Contract Tower,0,0,11,0,11,0,2,2,0,4,0,2,13,0,15,0,0,0,15
09/29/2015,CRE,SC,ASO,ES,Federal Contract Tower,0,0,8,0,8,0,10,9,0,19,0,10,17,0,27,4,0,4,31
09/30/2015,CRE,SC,ASO,ES,Federal Contract Tower,0,1,22,2,25,0,11,7,2,20,0,12,29,4,45,14,0,14,59
10/01/2015,CRE,SC,ASO,ES,Federal Contract Tower,0,0,3,0,3,0,0,0,0,0,0,0,3,0,3,0,0,0,3
10/02/2015,CRE,SC,ASO,ES,Federal Contract Tower,0,0,6,2,8,0,0,0,0,0,0,0,6,2,8,0,0,0,8
10/03/2015,CRE,SC,ASO,ES,Federal Contract Tower,0,0,0,0,0,0,0,2,0,2,0,0,2,0,2,0,0,0,2
10/04/2015,CRE,SC,ASO,ES,Federal Contract Tower,0,0,2,0,2,0,0,1,0,1,0,0,3,0,3,0,0,0,3
10/05/2015,CRE,SC,ASO,ES,Federal Contract Tower,0,2,3,0,5,0,0,1,0,1,0,2,4,0,6,0,0,0,6
10/06/2015,CRE,SC,ASO,ES,Federal Contract Tower,0,0,18,2,20,0,2,5,0,7,0,2,23,2,27,0,0,0,27
10/07/2015,CRE,SC,ASO,ES,Federal Contract Tower,0,2,17,4,23,0,4,38,2,44,0,6,55,6,67,12,0,12,79
10/08/2015,CRE,SC,ASO,ES,Federal Contract Tower,0,0,13,0,13,0,18,22,0,40,0,18,35,0,53,8,0,8,61
10/09/2015,CRE,SC,ASO,ES,Federal Contract Tower,0,0,27,0,27,0,14,30,15,59,0,14,57,15,86,14,0,14,100
10/10/2015,CRE,SC,ASO,ES,Federal Contract Tower,0,0,8,0,8,0,0,8,0,8,0,0,16,0,16,0,0,0,16
10/11/2015,CRE,SC,ASO,ES,Federal Contract Tower,0,0,25,0,25,0,16,25,0,41,0,16,50,0,66,2,0,2,68
10/12/2015,CRE,SC,ASO,ES,Federal Contract Tower,0,0,11,0,11,0,18,19,2,39,0,18,30,2,50,4,0,4,54
10/13/2015,CRE,SC,ASO,ES,Federal Contract Tower,0,2,16,0,18,0,10,22,2,34,0,12,38,2,52,6,0,6,58
10/14/2015,CRE,SC,ASO,ES,Federal Contract Tower,0,3,23,2,28,0,14,36,4,54,0,17,59,6,82,8,0,8,90
10/15/2015,CRE,SC,ASO,ES,Federal Contract Tower,0,2,13,4,19,0,6,32,6,44,0,8,45,10,63,8,0,8,71
10/16/2015,CRE,SC,ASO,ES,Federal Contract Tower,0,0,11,0,11,0,26,41,0,67,0,26,52,0,78,8,0,8,86
10/17/2015,CRE,SC,ASO,ES,Federal Contract Tower,0,2,11,0,13,0,0,27,0,27,0,2,38,0,40,2,0,2,42
10/18/2015,CRE,SC,ASO,ES,Federal Contract Tower,0,1,18,0,19,0,8,26,0,34,0,9,44,0,53,0,0,0,53
10/19/2015,CRE,SC,ASO,ES,Federal Contract Tower,0,0,15,1,16,0,10,17,4,31,0,10,32,5,47,0,0,0,47
10/20/2015,CRE,SC,ASO,ES,Federal Contract Tower,0,4,11,5,20,0,1,22,3,26,0,5,33,8,46,12,0,12,58
10/21/2015,CRE,SC,ASO,ES,Federal Contract Tower,0,1,12,16,29,0,2,32,0,34,0,3,44,16,63,14,0,14,77
10/22/2015,CRE,SC,ASO,ES,Federal Contract Tower,0,2,20,1,23,0,16,32,3,51,0,18,52,4,74,76,0,76,150
10/23/2015,CRE,SC,ASO,ES,Federal Contract Tower,0,1,24,2,27,0,10,51,5,66,0,11,75,7,93,74,2,76,169
10/24/2015,CRE,SC,ASO,ES,Federal Contract Tower,0,0,19,0,19,0,12,29,1,42,0,12,48,1,61,18,0,18,79
10/25/2015,CRE,SC,ASO,ES,Federal Contract Tower,0,0,17,0,17,0,14,30,0,44,0,14,47,0,61,0,0,0,61
10/26/2015,CRE,SC,ASO,ES,Federal Contract Tower,0,0,8,0,8,0,8,7,2,17,0,8,15,2,25,54,0,54,79
10/27/2015,CRE,SC,ASO,ES,Federal Contract Tower,0,4,10,0,14,0,0,3,0,3,0,4,13,0,17,16,0,16,33
10/28/2015,CRE,SC,ASO,ES,Federal Contract Tower,0,0,9,2,11,0,0,4,0,4,0,0,13,2,15,0,0,0,15
10/29/2015,CRE,SC,ASO,ES,Federal Contract Tower,0,0,22,0,22,0,12,44,0,56,0,12,66,0,78,14,0,14,92
10/30/2015,CRE,SC,ASO,ES,Federal Contract Tower,0,2,13,0,15,0,14,33,0,47,0,16,46,0,62,36,0,36,98
10/31/2015,CRE,SC,ASO,ES,Federal Contract Tower,0,0,13,0,13,0,18,56,0,74,0,18,69,0,87,34,0,34,121
11/01/2015,CRE,SC,ASO,ES,Federal Contract Tower,0,1,20,0,21,0,12,12,2,26,0,13,32,2,47,0,0,0,47
11/02/2015,CRE,SC,ASO,ES,Federal Contract Tower,0,1,7,9,17,0,6,8,1,15,0,7,15,10,32,12,0,12,44
11/03/2015,CRE,SC,ASO,ES,Federal Contract Tower,0,4,5,0,9,0,0,0,0,0,0,4,5,0,9,0,0,0,9
11/04/2015,CRE,SC,ASO,ES,Federal Contract Tower,0,2,12,0,14,0,0,0,0,0,0,2,12,0,14,0,0,0,14
11/05/2015,CRE,SC,ASO,ES,Federal Contract Tower,0,2,13,0,15,5,1,2,0,8,5,3,15,0,23,0,0,0,23
11/06/2015,CRE,SC,ASO,ES,Federal Contract Tower,0,5,14,0,19,0,8,14,2,24,0,13,28,2,43,0,0,0,43
11/07/2015,CRE,SC,ASO,ES,Federal Contract Tower,0,0,14,0,14,0,14,20,10,44,0,14,34,10,58,8,0,8,66
11/08/2015,CRE,SC,ASO,ES,Federal Contract Tower,0,4,17,2,23,0,5,16,1,22,0,9,33,3,45,6,0,6,51
11/09/2015,CRE,SC,ASO,ES,Federal Contract Tower,0,0,4,0,4,0,0,0,0,0,0,0,4,0,4,0,0,0,4
11/10/2015,CRE,SC,ASO,ES,Federal Contract Tower,0,0,6,2,8,0,0,4,0,4,0,0,10,2,12,0,0,0,12
11/11/2015,CRE,SC,ASO,ES,Federal Contract Tower,0,0,13,0,13,0,0,26,0,26,0,0,39,0,39,0,0,0,39
11/12/2015,CRE,SC,ASO,ES,Federal Contract Tower,0,4,22,1,27,0,5,17,21,43,0,9,39,22,70,0,0,0,70
11/13/2015,CRE,SC,ASO,ES,Federal Contract Tower,0,0,13,6,19,0,22,43,0,65,0,22,56,6,84,10,4,14,98
11/14/2015,CRE,SC,ASO,ES,Federal Contract Tower,0,0,26,3,29,0,4,59,7,70,0,4,85,10,99,6,0,6,105
11/15/2015,CRE,SC,ASO,ES,Federal Contract Tower,0,0,32,1,33,0,6,46,0,52,0,6,78,1,85,24,0,24,109
11/16/2015,CRE,SC,ASO,ES,Federal Contract Tower,0,4,17,4,25,0,18,22,2,42,0,22,39,6,67,20,0,20,87
11/17/2015,CRE,SC,ASO,ES,Federal Contract Tower,0,0,12,2,14,0,2,23,0,25,0,2,35,2,39,28,0,28,67
11/18/2015,CRE,SC,ASO,ES,Federal Contract Tower,0,0,6,0,6,0,1,5,0,6,0,1,11,0,12,0,0,0,12
11/19/2015,CRE,SC,ASO,ES,Federal Contract Tower,0,0,8,4,12,0,0,0,0,0,0,0,8,4,12,0,0,0,12
11/20/2015,CRE,SC,ASO,ES,Federal Contract Tower,0,0,18,0,18,0,2,14,5,21,0,2,32,5,39,0,0,0,39
11/21/2015,CRE,SC,ASO,ES,Federal Contract Tower,0,1,18,0,19,0,18,47,0,65,0,19,65,0,84,8,0,8,92
11/22/2015,CRE,SC,ASO,ES,Federal Contract Tower,0,1,12,0,13,0,0,7,0,7,0,1,19,0,20,0,0,0,20
11/23/2015,CRE,SC,ASO,ES,Federal Contract Tower,0,2,10,2,14,0,6,16,2,24,0,8,26,4,38,0,0,0,38
11/24/2015,CRE,SC,ASO,ES,Federal Contract Tower,0,4,21,6,31,0,0,26,0,26,0,4,47,6,57,0,0,0,57
11/25/2015,CRE,SC,ASO,ES,Federal Contract Tower,0,0,16,0,16,0,4,26,1,31,0,4,42,1,47,0,0,0,47
11/26/2015,CRE,SC,ASO,ES,Federal Contract Tower,0,0,7,0,7,0,0,12,0,12,0,0,19,0,19,0,0,0,19
11/27/2015,CRE,SC,ASO,ES,Federal Contract Tower,0,1,19,0,20,0,31,48,0,79,0,32,67,0,99,24,0,24,123
11/28/2015,CRE,SC,ASO,ES,Federal Contract Tower,0,2,10,0,12,0,32,34,0,66,0,34,44,0,78,8,0,8,86
11/29/2015,CRE,SC,ASO,ES,Federal Contract Tower,0,0,27,0,27,0,2,40,0,42,0,2,67,0,69,4,0,4,73
11/30/2015,CRE,SC,ASO,ES,Federal Contract Tower,0,0,8,4,12,0,2,4,0,6,0,2,12,4,18,0,0,0,18
12/01/2015,CRE,SC,ASO,ES,Federal Contract Tower,0,0,8,3,11,0,2,5,0,7,0,2,13,3,18,6,0,6,24
12/02/2015,CRE,SC,ASO,ES,Federal Contract Tower,0,0,10,7,17,0,0,7,2,9,0,0,17,9,26,4,0,4,30
12/03/2015,CRE,SC,ASO,ES,Federal Contract Tower,0,0,10,0,10,0,10,21,0,31,0,10,31,0,41,0,0,0,41
12/04/2015,CRE,SC,ASO,ES,Federal Contract Tower,0,0,9,0,9,0,0,12,0,12,0,0,21,0,21,0,0,0,21
12/05/2015,CRE,SC,ASO,ES,Federal Contract Tower,0,0,8,0,8,0,8,15,0,23,0,8,23,0,31,0,0,0,31
12/06/2015,CRE,SC,ASO,ES,Federal Contract Tower,0,0,13,1,14,0,0,28,0,28,0,0,41,1,42,10,0,10,52
12/07/2015,CRE,SC,ASO,ES,Federal Contract Tower,0,0,12,12,24,0,0,0,0,0,0,0,12,12,24,0,0,0,24
12/08/2015,CRE,SC,ASO,ES,Federal Contract Tower,0,0,10,4,14,0,0,20,0,20,0,0,30,4,34,4,0,4,38
12/09/2015,CRE,SC,ASO,ES,Federal Contract Tower,0,0,9,0,9,0,0,28,0,28,0,0,37,0,37,0,0,0,37
12/10/2015,CRE,SC,ASO,ES,Federal Contract Tower,0,0,9,8,17,0,0,29,1,30,0,0,38,9,47,0,0,0,47
12/11/2015,CRE,SC,ASO,ES,Federal Contract Tower,0,0,11,0,11,0,9,18,0,27,0,9,29,0,38,4,0,4,42
12/12/2015,CRE,SC,ASO,ES,Federal Contract Tower,0,0,14,0,14,0,10,59,2,71,0,10,73,2,85,18,0,18,103
12/13/2015,CRE,SC,ASO,ES,Federal Contract Tower,0,2,20,2,24,0,4,15,0,19,0,6,35,2,43,0,2,2,45
12/14/2015,CRE,SC,ASO,ES,Federal Contract Tower,0,2,5,2,9,0,0,2,2,4,0,2,7,4,13,0,0,0,13
12/15/2015,CRE,SC,ASO,ES,Federal Contract Tower,0,0,7,2,9,0,2,26,0,28,0,2,33,2,37,0,0,0,37
12/16/2015,CRE,SC,ASO,ES,Federal Contract Tower,0,0,12,5,17,0,0,23,1,24,0,0,35,6,41,0,0,0,41
12/17/2015,CRE,SC,ASO,ES,Federal Contract Tower,0,0,11,0,11,0,0,0,0,0,0,0,11,0,11,0,0,0,11
12/18/2015,CRE,SC,ASO,ES,Federal Contract Tower,0,8,7,6,21,0,0,9,0,9,0,8,16,6,30,0,0,0,30
12/19/2015,CRE,SC,ASO,ES,Federal Contract Tower,0,4,6,0,10,0,0,26,0,26,0,4,32,0,36,6,0,6,42
12/20/2015,CRE,SC,ASO,ES,Federal Contract Tower,0,0,9,0,9,0,0,16,0,16,0,0,25,0,25,0,0,0,25
12/21/2015,CRE,SC,ASO,ES,Federal Contract Tower,0,0,10,0,10,0,4,11,0,15,0,4,21,0,25,4,0,4,29
12/22/2015,CRE,SC,ASO,ES,Federal Contract Tower,0,0,10,0,10,0,0,1,0,1,0,0,11,0,11,0,0,0,11
12/23/2015,CRE,SC,ASO,ES,Federal Contract Tower,0,0,2,0,2,0,0,0,0,0,0,0,2,0,2,0,0,0,2
12/24/2015,CRE,SC,ASO,ES,Federal Contract Tower,0,0,4,0,4,0,2,0,0,2,0,2,4,0,6,0,0,0,6
12/25/2015,CRE,SC,ASO,ES,Federal Contract Tower,0,0,2,0,2,0,0,0,0,0,0,0,2,0,2,0,0,0,2
12/26/2015,CRE,SC,ASO,ES,Federal Contract Tower,0,0,15,0,15,0,2,4,0,6,0,2,19,0,21,0,0,0,21
12/27/2015,CRE,SC,ASO,ES,Federal Contract Tower,0,2,26,0,28,0,18,12,0,30,0,20,38,0,58,4,0,4,62
12/28/2015,CRE,SC,ASO,ES,Federal Contract Tower,0,0,3,0,3,0,14,2,0,16,0,14,5,0,19,0,0,0,19
12/29/2015,CRE,SC,ASO,ES,Federal Contract Tower,0,1,8,1,10,0,4,6,3,13,0,5,14,4,23,2,0,2,25
12/30/2015,CRE,SC,ASO,ES,Federal Contract Tower,0,1,11,0,12,0,0,7,0,7,0,1,18,0,19,16,0,16,35
12/31/2015,CRE,SC,ASO,ES,Federal Contract Tower,0,1,23,0,24,0,2,2,0,4,0,3,25,0,28,0,0,0,28
01/01/2016,CRE,SC,ASO,ES,Federal Contract Tower,0,0,15,0,15,0,9,12,0,21,0,9,27,0,36,10,0,10,46
01/02/2016,CRE,SC,ASO,ES,Federal Contract Tower,0,0,12,0,12,0,18,45,0,63,0,18,57,0,75,22,0,22,97
01/03/2016,CRE,SC,ASO,ES,Federal Contract Tower,0,1,24,0,25,0,9,29,0,38,0,10,53,0,63,6,0,6,69
01/04/2016,CRE,SC,ASO,ES,Federal Contract Tower,0,0,9,0,9,0,8,7,0,15,0,8,16,0,24,0,0,0,24
01/05/2016,CRE,SC,ASO,ES,Federal Contract Tower,0,3,19,0,22,0,0,9,0,9,0,3,28,0,31,0,0,0,31
01/06/2016,CRE,SC,ASO,ES,Federal Contract Tower,0,1,12,0,13,0,0,13,1,14,0,1,25,1,27,0,0,0,27
01/07/2016,CRE,SC,ASO,ES,Federal Contract Tower,0,0,13,2,15,0,0,6,2,8,0,0,19,4,23,0,0,0,23
01/08/2016,CRE,SC,ASO,ES,Federal Contract Tower,0,0,9,10,19,0,0,0,0,0,0,0,9,10,19,0,0,0,19
01/09/2016,CRE,SC,ASO,ES,Federal Contract Tower,0,0,6,0,6,0,4,0,0,4,0,4,6,0,10,0,0,0,10
01/10/2016,CRE,SC,ASO,ES,Federal Contract Tower,0,2,8,1,11,0,4,0,1,5,0,6,8,2,16,2,0,2,18
01/11/2016,CRE,SC,ASO,ES,Federal Contract Tower,0,2,13,5,20,0,0,17,0,17,0,2,30,5,37,8,0,8,45
01/12/2016,CRE,SC,ASO,ES,Federal Contract Tower,0,3,15,5,23,0,0,10,0,10,0,3,25,5,33,0,0,0,33
01/13/2016,CRE,SC,ASO,ES,Federal Contract Tower,0,4,5,1,10,0,2,29,1,32,0,6,34,2,42,6,0,6,48
01/14/2016,CRE,SC,ASO,ES,Federal Contract Tower,0,0,18,2,20,0,0,16,0,16,0,0,34,2,36,6,0,6,42
01/15/2016,CRE,SC,ASO,ES,Federal Contract Tower,0,2,5,0,7,0,0,3,0,3,0,2,8,0,10,0,0,0,10
01/16/2016,CRE,SC,ASO,ES,Federal Contract Tower,0,0,14,0,14,0,10,21,0,31,0,10,35,0,45,4,0,4,49
01/17/2016,CRE,SC,ASO,ES,Federal Contract Tower,0,1,7,0,8,0,0,0,0,0,0,1,7,0,8,0,0,0,8
01/18/2016,CRE,SC,ASO,ES,Federal Contract Tower,0,2,12,0,14,0,6,19,0,25,0,8,31,0,39,2,0,2,41
01/19/2016,CRE,SC,ASO,ES,Federal Contract Tower,0,8,4,0,12,0,0,25,2,27,0,8,29,2,39,36,0,36,75
01/20/2016,CRE,SC,ASO,ES,Federal Contract Tower,0,0,9,0,9,0,0,18,0,18,0,0,27,0,27,0,0,0,27
01/21/2016,CRE,SC,ASO,ES,Federal Contract Tower,0,0,19,0,19,0,0,21,0,21,0,0,40,0,40,0,0,0,40
01/22/2016,CRE,SC,ASO,ES,Federal Contract Tower,0,1,3,0,4,0,0,0,0,0,0,1,3,0,4,0,0,0,4
01/23/2016,CRE,SC,ASO,ES,Federal Contract Tower,0,0,1,0,1,0,0,0,0,0,0,0,1,0,1,0,0,0,1
01/24/2016,CRE,SC,ASO,ES,Federal Contract Tower,0,0,11,1,12,0,0,7,3,10,0,0,18,4,22,0,0,0,22
01/25/2016,CRE,SC,ASO,ES,Federal Contract Tower,0,0,15,0,15,0,0,9,0,9,0,0,24,0,24,0,0,0,24
01/26/2016,CRE,SC,ASO,ES,Federal Contract Tower,0,0,3,0,3,0,6,5,2,13,0,6,8,2,16,0,0,0,16
01/27/2016,CRE,SC,ASO,ES,Federal Contract Tower,0,1,8,0,9,0,0,3,0,3,0,1,11,0,12,6,0,6,18
01/28/2016,CRE,SC,ASO,ES,Federal Contract Tower,0,2,8,10,20,0,0,7,0,7,0,2,15,10,27,20,0,20,47
01/29/2016,CRE,SC,ASO,ES,Federal Contract Tower,0,0,11,1,12,0,8,26,1,35,0,8,37,2,47,12,0,12,59
01/30/2016,CRE,SC,ASO,ES,Federal Contract Tower,0,1,8,0,9,0,2,38,2,42,0,3,46,2,51,4,0,4,55
01/31/2016,CRE,SC,ASO,ES,Federal Contract Tower,0,2,18,0,20,0,0,32,4,36,0,2,50,4,56,2,0,2,58
02/01/2016,CRE,SC,ASO,ES,Federal Contract Tower,0,0,10,2,12,0,4,12,2,18,0,4,22,4,30,6,0,6,36
02/02/2016,CRE,SC,ASO,ES,Federal Contract Tower,0,0,8,2,10,0,4,23,4,31,0,4,31,6,41,4,0,4,45
02/03/2016,CRE,SC,ASO,ES,Federal Contract Tower,0,0,3,4,7,0,0,10,4,14,0,0,13,8,21,0,0,0,21
02/04/2016,CRE,SC,ASO,ES,Federal Contract Tower,0,0,2,2,4,0,0,0,0,0,0,0,2,2,4,0,0,0,4
02/05/2016,CRE,SC,ASO,ES,Federal Contract Tower,0,2,17,0,19,0,0,10,0,10,0,2,27,0,29,0,0,0,29
02/06/2016,CRE,SC,ASO,ES,Federal Contract Tower,0,2,4,1,7,0,16,33,1,50,0,18,37,2,57,4,0,4,61
02/07/2016,CRE,SC,ASO,ES,Federal Contract Tower,0,0,2,0,2,0,0,1,0,1,0,0,3,0,3,0,0,0,3
02/08/2016,CRE,SC,ASO,ES,Federal Contract Tower,0,0,5,1,6,0,14,10,1,25,0,14,15,2,31,0,0,0,31
02/09/2016,CRE,SC,ASO,ES,Federal Contract Tower,0,0,4,2,6,0,0,1,0,1,0,0,5,2,7,0,0,0,7
02/10/2016,CRE,SC,ASO,ES,Federal Contract Tower,0,1,11,5,17,0,0,8,3,11,0,1,19,8,28,0,0,0,28
02/11/2016,CRE,SC,ASO,ES,Federal Contract Tower,0,2,6,0,8,0,6,23,0,29,0,8,29,0,37,0,0,0,37
02/12/2016,CRE,SC,ASO,ES,Federal Contract Tower,0,3,13,0,16,0,0,7,0,7,0,3,20,0,23,2,0,2,25
02/13/2016,CRE,SC,ASO,ES,Federal Contract Tower,0,0,9,0,9,0,11,8,0,19,0,11,17,0,28,0,0,0,28
02/14/2016,CRE,SC,ASO,ES,Federal Contract Tower,0,0,7,0,7,0,14,15,0,29,0,14,22,0,36,0,0,0,36
02/15/2016,CRE,SC,ASO,ES,Federal Contract Tower,0,0,2,0,2,0,0,2,0,2,0,0,4,0,4,0,0,0,4
02/16/2016,CRE,SC,ASO,ES,Federal Contract Tower,0,0,1,4,5,0,5,5,1,11,0,5,6,5,16,0,6,6,22
02/17/2016,CRE,SC,ASO,ES,Federal Contract Tower,0,3,6,3,12,0,0,16,2,18,0,3,22,5,30,0,0,0,30
02/18/2016,CRE,SC,ASO,ES,Federal Contract Tower,0,0,7,2,9,0,0,29,4,33,0,0,36,6,42,13,0,13,55
02/19/2016,CRE,SC,ASO,ES,Federal Contract Tower,0,2,10,0,12,0,23,28,0,51,0,25,38,0,63,4,0,4,67
02/20/2016,CRE,SC,ASO,ES,Federal Contract Tower,0,4,7,0,11,0,19,27,2,48,0,23,34,2,59,10,0,10,69
02/21/2016,CRE,SC,ASO,ES,Federal Contract Tower,0,0,22,0,22,0,10,17,0,27,0,10,39,0,49,0,0,0,49
02/22/2016,CRE,SC,ASO,ES,Federal Contract Tower,0,2,8,1,11,0,2,3,3,8,0,4,11,4,19,8,0,8,27
02/23/2016,CRE,SC,ASO,ES,Federal Contract Tower,0,0,9,2,11,0,0,0,0,0,0,0,9,2,11,0,0,0,11
02/24/2016,CRE,SC,ASO,ES,Federal Contract Tower,0,0,5,0,5,0,0,0,0,0,0,0,5,0,5,0,0,0,5
02/25/2016,CRE,SC,ASO,ES,Federal Contract Tower,0,1,35,4,40,0,21,43,0,64,0,22,78,4,104,16,0,16,120
02/26/2016,CRE,SC,ASO,ES,Federal Contract Tower,0,3,19,2,24,0,2,52,1,55,0,5,71,3,79,6,0,6,85
02/27/2016,CRE,SC,ASO,ES,Federal Contract Tower,0,0,23,0,23,0,12,56,2,70,0,12,79,2,93,24,0,24,117
02/28/2016,CRE,SC,ASO,ES,Federal Contract Tower,0,7,29,0,36,0,6,30,2,38,0,13,59,2,74,0,0,0,74
02/29/2016,CRE,SC,ASO,ES,Federal Contract Tower,0,0,9,8,17,0,0,18,0,18,0,0,27,8,35,0,0,0,35
03/01/2016,CRE,SC,ASO,ES,Federal Contract Tower,0,6,12,4,22,0,0,45,0,45,0,6,57,4,67,22,0,22,89
03/02/2016,CRE,SC,ASO,ES,Federal Contract Tower,0,5,8,2,15,0,3,6,2,11,0,8,14,4,26,0,0,0,26
03/03/2016,CRE,SC,ASO,ES,Federal Contract Tower,0,0,8,5,13,0,6,17,0,23,0,6,25,5,36,0,0,0,36
03/04/2016,CRE,SC,ASO,ES,Federal Contract Tower,0,0,10,0,10,0,1,0,2,3,0,1,10,2,13,0,0,0,13
03/05/2016,CRE,SC,ASO,ES,Federal Contract Tower,0,0,14,0,14,0,33,32,0,65,0,33,46,0,79,49,0,49,128
03/06/2016,CRE,SC,ASO,ES,Federal Contract Tower,0,0,20,1,21,0,21,35,1,57,0,21,55,2,78,0,0,0,78
03/07/2016,CRE,SC,ASO,ES,Federal Contract Tower,0,0,17,2,19,0,10,26,2,38,0,10,43,4,57,0,0,0,57
03/08/2016,CRE,SC,ASO,ES,Federal Contract Tower,0,0,18,4,22,0,2,36,2,40,0,2,54,6,62,0,12,12,74
03/09/2016,CRE,SC,ASO,ES,Federal Contract Tower,0,0,8,0,8,0,0,12,4,16,0,0,20,4,24,0,0,0,24
03/10/2016,CRE,SC,ASO,ES,Federal Contract Tower,0,0,17,6,23,0,7,30,8,45,0,7,47,14,68,62,0,62,130
03/11/2016,CRE,SC,ASO,ES,Federal Contract Tower,0,0,24,2,26,0,10,29,2,41,0,10,53,4,67,110,0,110,177
03/12/2016,CRE,SC,ASO,ES,Federal Contract Tower,0,0,12,0,12,0,12,16,0,28,0,12,28,0,40,8,0,8,48
03/13/2016,CRE,SC,ASO,ES,Federal Contract Tower,0,0,19,0,19,0,10,12,0,22,0,10,31,0,41,4,0,4,45
03/14/2016,CRE,SC,ASO,ES,Federal Contract Tower,0,2,10,1,13,0,30,6,3,39,0,32,16,4,52,2,4,6,58
03/15/2016,CRE,SC,ASO,ES,Federal Contract Tower,0,3,18,0,21,0,3,30,0,33,0,6,48,0,54,22,0,22,76
03/16/2016,CRE,SC,ASO,ES,Federal Contract Tower,0,0,13,2,15,0,4,25,0,29,0,4,38,2,44,14,20,34,78
03/17/2016,CRE,SC,ASO,ES,Federal Contract Tower,0,1,15,0,16,0,6,31,6,43,0,7,46,6,59,2,6,8,67
03/18/2016,CRE,SC,ASO,ES,Federal Contract Tower,0,1,22,2,25,0,7,38,3,48,0,8,60,5,73,12,0,12,85
03/19/2016,CRE,SC,ASO,ES,Federal Contract Tower,0,2,14,3,19,0,16,18,0,34,0,18,32,3,53,12,0,12,65
03/20/2016,CRE,SC,ASO,ES,Federal Contract Tower,0,0,15,0,15,0,0,0,0,0,0,0,15,0,15,0,0,0,15
03/21/2016,CRE,SC,ASO,ES,Federal Contract Tower,0,3,16,0,19,0,8,16,1,25,0,11,32,1,44,0,0,0,44
03/22/2016,CRE,SC,ASO,ES,Federal Contract Tower,0,0,8,4,12,0,0,25,2,27,0,0,33,6,39,10,0,10,49
03/23/2016,CRE,SC,ASO,ES,Federal Contract Tower,0,3,16,1,20,0,4,22,7,33,0,7,38,8,53,10,0,10,63
03/24/2016,CRE,SC,ASO,ES,Federal Contract Tower,0,0,21,2,23,0,14,44,0,58,0,14,65,2,81,22,10,32,113
03/25/2016,CRE,SC,ASO,ES,Federal Contract Tower,0,0,14,0,14,0,6,20,0,26,0,6,34,0,40,6,0,6,46
03/28/2016,CRE,SC,ASO,ES,Federal Contract Tower,0,0,15,1,16,0,40,8,2,50,0,40,23,3,66,4,0,4,70
03/29/2016,CRE,SC,ASO,ES,Federal Contract Tower,0,0,11,0,11,0,18,28,2,48,0,18,39,2,59,16,0,16,75
03/30/2016,CRE,SC,ASO,ES,Federal Contract Tower,0,0,29,8,37,0,14,36,2,52,0,14,65,10,89,6,2,8,97
03/31/2016,CRE,SC,ASO,ES,Federal Contract Tower,0,2,10,0,12,0,11,9,3,23,0,13,19,3,35,12,0,12,47
04/01/2016,CRE,SC,ASO,ES,Federal Contract Tower,0,2,18,0,20,0,22,6,2,30,0,24,24,2,50,12,0,12,62
04/02/2016,CRE,SC,ASO,ES,Federal Contract Tower,0,0,15,0,15,0,24,6,0,30,0,24,21,0,45,4,0,4,49
04/03/2016,CRE,SC,ASO,ES,Federal Contract Tower,0,2,35,0,37,0,17,45,6,68,0,19,80,6,105,0,2,2,107
04/04/2016,CRE,SC,ASO,ES,Federal Contract Tower,0,2,7,8,17,0,0,24,3,27,0,2,31,11,44,8,0,8,52
04/05/2016,CRE,SC,ASO,ES,Federal Contract Tower,0,0,8,1,9,0,8,17,0,25,0,8,25,1,34,0,0,0,34
04/06/2016,CRE,SC,ASO,ES,Federal Contract Tower,0,0,27,1,28,0,4,38,1,43,0,4,65,2,71,10,6,16,87
04/07/2016,CRE,SC,ASO,ES,Federal Contract Tower,0,0,15,5,20,0,12,13,6,31,0,12,28,11,51,0,0,0,51
04/08/2016,CRE,SC,ASO,ES,Federal Contract Tower,0,0,23,0,23,0,3,17,0,20,0,3,40,0,43,4,0,4,47
04/09/2016,CRE,SC,ASO,ES,Federal Contract Tower,0,0,10,0,10,0,0,7,0,7,0,0,17,0,17,0,0,0,17
04/10/2016,CRE,SC,ASO,ES,Federal Contract Tower,0,2,36,0,38,0,5,38,0,43,0,7,74,0,81,6,0,6,87
04/11/2016,CRE,SC,ASO,ES,Federal Contract Tower,0,3,21,0,24,0,10,32,0,42,0,13,53,0,66,18,0,18,84
04/12/2016,CRE,SC,ASO,ES,Federal Contract Tower,0,6,23,0,29,0,0,2,2,4,0,6,25,2,33,0,0,0,33
04/13/2016,CRE,SC,ASO,ES,Federal Contract Tower,0,4,16,5,25,0,16,9,24,49,0,20,25,29,74,0,0,0,74
04/14/2016,CRE,SC,ASO,ES,Federal Contract Tower,0,0,18,0,18,0,17,20,0,37,0,17,38,0,55,16,0,16,71
04/15/2016,CRE,SC,ASO,ES,Federal Contract Tower,0,0,25,0,25,0,10,14,0,24,0,10,39,0,49,0,0,0,49
04/16/2016,CRE,SC,ASO,ES,Federal Contract Tower,0,2,18,4,24,0,34,49,2,85,0,36,67,6,109,36,0,36,145
04/17/2016,CRE,SC,ASO,ES,Federal Contract Tower,0,2,15,0,17,0,0,36,0,36,0,2,51,0,53,0,0,0,53
04/18/2016,CRE,SC,ASO,ES,Federal Contract Tower,0,1,23,1,25,0,2,32,0,34,0,3,55,1,59,4,0,4,63
04/19/2016,CRE,SC,ASO,ES,Federal Contract Tower,0,0,15,0,15,0,6,33,0,39,0,6,48,0,54,6,0,6,60
04/20/2016,CRE,SC,ASO,ES,Federal Contract Tower,0,2,16,0,18,0,8,24,1,33,0,10,40,1,51,4,0,4,55
04/21/2016,CRE,SC,ASO,ES,Federal Contract Tower,0,0,20,2,22,0,7,20,0,27,0,7,40,2,49,2,0,2,51
04/22/2016,CRE,SC,ASO,ES,Federal Contract Tower,0,0,16,4,20,0,2,10,0,12,0,2,26,4,32,0,0,0,32
04/23/2016,CRE,SC,ASO,ES,Federal Contract Tower,0,2,20,0,22,0,18,27,0,45,0,20,47,0,67,8,0,8,75
04/24/2016,CRE,SC,ASO,ES,Federal Contract Tower,0,2,27,0,29,0,1,52,0,53,0,3,79,0,82,52,0,52,134
04/25/2016,CRE,SC,ASO,ES,Federal Contract Tower,0,4,15,6,25,0,2,27,5,34,0,6,42,11,59,76,0,76,135
04/26/2016,CRE,SC,ASO,ES,Federal Contract Tower,0,2,10,2,14,0,16,25,0,41,0,18,35,2,55,84,0,84,139
04/27/2016,CRE,SC,ASO,ES,Federal Contract Tower,0,0,10,0,10,0,10,31,2,43,0,10,41,2,53,56,0,56,109
04/28/2016,CRE,SC,ASO,ES,Federal Contract Tower,0,0,22,0,22,0,18,22,0,40,0,18,44,0,62,46,0,46,108
04/29/2016,CRE,SC,ASO,ES,Federal Contract Tower,0,3,17,4,24,0,17,36,2,55,0,20,53,6,79,90,0,90,169
04/30/2016,CRE,SC,ASO,ES,Federal Contract Tower,0,0,23,0,23,0,16,8,0,24,0,16,31,0,47,0,0,0,47
05/01/2016,CRE,SC,ASO,ES,Federal Contract Tower,0,2,16,0,18,0,0,26,0,26,0,2,42,0,44,90,2,92,136
05/02/2016,CRE,SC,ASO,ES,Federal Contract Tower,0,5,5,1,11,0,7,25,5,37,0,12,30,6,48,70,0,70,118
05/03/2016,CRE,SC,ASO,ES,Federal Contract Tower,0,2,8,0,10,0,12,15,0,27,0,14,23,0,37,74,0,74,111
05/04/2016,CRE,SC,ASO,ES,Federal Contract Tower,0,5,6,0,11,0,16,29,2,47,0,21,35,2,58,100,0,100,158
05/05/2016,CRE,SC,ASO,ES,Federal Contract Tower,0,2,3,2,7,0,4,21,0,25,0,6,24,2,32,82,0,82,114
05/06/2016,CRE,SC,ASO,ES,Federal Contract Tower,0,2,15,0,17,0,6,31,0,37,0,8,46,0,54,86,0,86,140
05/07/2016,CRE,SC,ASO,ES,Federal Contract Tower,0,0,11,0,11,0,50,46,0,96,0,50,57,0,107,52,0,52,159
05/08/2016,CRE,SC,ASO,ES,Federal Contract Tower,0,2,10,0,12,0,16,48,0,64,0,18,58,0,76,88,0,88,164
05/09/2016,CRE,SC,ASO,ES,Federal Contract Tower,0,2,19,0,21,0,10,37,0,47,0,12,56,0,68,58,0,58,126
05/10/2016,CRE,SC,ASO,ES,Federal Contract Tower,0,3,10,0,13,0,21,32,0,53,0,24,42,0,66,88,6,94,160
05/11/2016,CRE,SC,ASO,ES,Federal Contract Tower,0,1,18,2,21,0,20,35,0,55,0,21,53,2,76,0,0,0,76
05/12/2016,CRE,SC,ASO,ES,Federal Contract Tower,0,1,12,4,17,0,21,27,5,53,0,22,39,9,70,24,0,24,94
05/13/2016,CRE,SC,ASO,ES,Federal Contract Tower,0,2,28,0,30,0,9,22,0,31,0,11,50,0,61,24,0,24,85
05/14/2016,CRE,SC,ASO,ES,Federal Contract Tower,0,2,8,0,10,0,18,30,0,48,0,20,38,0,58,16,0,16,74
05/15/2016,CRE,SC,ASO,ES,Federal Contract Tower,0,2,24,1,27,0,44,29,0,73,0,46,53,1,100,8,0,8,108
05/16/2016,CRE,SC,ASO,ES,Federal Contract Tower,0,4,18,0,22,0,23,17,7,47,0,27,35,7,69,8,0,8,77
05/17/2016,CRE,SC,ASO,ES,Federal Contract Tower,0,3,7,0,10,0,2,12,2,16,0,5,19,2,26,0,0,0,26
05/18/2016,CRE,SC,ASO,ES,Federal Contract Tower,0,1,20,0,21,0,10,4,0,14,0,11,24,0,35,0,0,0,35
05/19/2016,CRE,SC,ASO,ES,Federal Contract Tower,0,0,17,1,18,0,2,23,1,26,0,2,40,2,44,6,0,6,50
05/20/2016,CRE,SC,ASO,ES,Federal Contract Tower,0,1,18,2,21,0,6,33,0,39,0,7,51,2,60,56,0,56,116
05/21/2016,CRE,SC,ASO,ES,Federal Contract Tower,0,0,4,1,5,0,31,8,0,39,0,31,12,1,44,6,0,6,50
05/22/2016,CRE,SC,ASO,ES,Federal Contract Tower,0,2,22,0,24,0,14,26,0,40,0,16,48,0,64,50,0,50,114
05/23/2016,CRE,SC,ASO,ES,Federal Contract Tower,0,0,16,0,16,0,22,17,0,39,0,22,33,0,55,34,0,34,89
05/24/2016,CRE,SC,ASO,ES,Federal Contract Tower,0,0,26,0,26,0,36,53,0,89,0,36,79,0,115,48,0,48,163
05/25/2016,CRE,SC,ASO,ES,Federal Contract Tower,0,0,8,4,12,0,7,44,1,52,0,7,52,5,64,72,0,72,136
05/26/2016,CRE,SC,ASO,ES,Federal Contract Tower,0,0,21,0,21,0,24,46,0,70,0,24,67,0,91,92,0,92,183
05/27/2016,CRE,SC,ASO,ES,Federal Contract Tower,0,6,20,0,26,0,27,57,0,84,0,33,77,0,110,58,0,58,168
05/28/2016,CRE,SC,ASO,ES,Federal Contract Tower,0,0,13,0,13,0,24,21,0,45,0,24,34,0,58,28,0,28,86
05/29/2016,CRE,SC,ASO,ES,Federal Contract Tower,0,2,5,0,7,0,25,6,0,31,0,27,11,0,38,4,0,4,42
05/30/2016,CRE,SC,ASO,ES,Federal Contract Tower,0,7,17,6,30,0,9,29,16,54,0,16,46,22,84,66,0,66,150
05/31/2016,CRE,SC,ASO,ES,Federal Contract Tower,0,1,14,0,15,0,17,3,4,24,0,18,17,4,39,0,0,0,39
06/01/2016,CRE,SC,ASO,ES,Federal Contract Tower,0,0,6,0,6,0,26,20,0,46,0,26,26,0,52,30,0,30,82
06/02/2016,CRE,SC,ASO,ES,Federal Contract Tower,0,0,22,0,22,0,10,30,8,48,0,10,52,8,70,34,0,34,104
06/03/2016,CRE,SC,ASO,ES,Federal Contract Tower,0,0,18,0,18,0,20,45,4,69,0,20,63,4,87,60,2,62,149
06/04/2016,CRE,SC,ASO,ES,Federal Contract Tower,0,2,7,2,11,0,18,37,0,55,0,20,44,2,66,54,4,58,124
06/05/2016,CRE,SC,ASO,ES,Federal Contract Tower,0,0,19,0,19,0,12,19,0,31,0,12,38,0,50,66,0,66,116
06/06/2016,CRE,SC,ASO,ES,Federal Contract Tower,0,0,16,0,16,0,14,3,0,17,0,14,19,0,33,22,0,22,55
06/07/2016,CRE,SC,ASO,ES,Federal Contract Tower,0,2,3,0,5,0,19,7,0,26,0,21,10,0,31,0,0,0,31
06/08/2016,CRE,SC,ASO,ES,Federal Contract Tower,0,0,10,0,10,0,59,63,1,123,0,59,73,1,133,84,0,84,217
06/09/2016,CRE,SC,ASO,ES,Federal Contract Tower,0,1,23,5,29,0,37,48,1,86,0,38,71,6,115,80,0,80,195
06/10/2016,CRE,SC,ASO,ES,Federal Contract Tower,0,2,25,16,43,0,34,58,4,96,0,36,83,20,139,152,0,152,291
06/11/2016,CRE,SC,ASO,ES,Federal Contract Tower,0,2,10,0,12,0,18,40,0,58,0,20,50,0,70,74,0,74,144
06/12/2016,CRE,SC,ASO,ES,Federal Contract Tower,0,1,22,6,29,0,28,62,0,90,0,29,84,6,119,120,0,120,239
06/13/2016,CRE,SC,ASO,ES,Federal Contract Tower,0,0,16,2,18,0,32,56,4,92,0,32,72,6,110,114,0,114,224
06/14/2016,CRE,SC,ASO,ES,Federal Contract Tower,0,3,10,10,23,0,36,52,4,92,0,39,62,14,115,102,6,108,223
06/15/2016,CRE,SC,ASO,ES,Federal Contract Tower,0,5,23,0,28,0,35,60,0,95,0,40,83,0,123,94,0,94,217
06/16/2016,CRE,SC,ASO,ES,Federal Contract Tower,0,0,26,0,26,0,59,48,6,113,0,59,74,6,139,188,4,192,331
06/17/2016,CRE,SC,ASO,ES,Federal Contract Tower,0,1,24,0,25,0,58,55,4,117,0,59,79,4,142,158,0,158,300
06/18/2016,CRE,SC,ASO,ES,Federal Contract Tower,0,2,14,0,16,0,64,37,0,101,0,66,51,0,117,8,0,8,125
06/19/2016,CRE,SC,ASO,ES,Federal Contract Tower,0,0,24,4,28,0,20,41,4,65,0,20,65,8,93,100,0,100,193
06/20/2016,CRE,SC,ASO,ES,Federal Contract Tower,0,2,25,0,27,0,18,60,0,78,0,20,85,0,105,92,0,92,197
06/21/2016,CRE,SC,ASO,ES,Federal Contract Tower,0,0,16,2,18,0,48,42,2,92,0,48,58,4,110,58,14,72,182
06/22/2016,CRE,SC,ASO,ES,Federal Contract Tower,0,2,21,0,23,0,30,53,1,84,0,32,74,1,107,156,0,156,263
06/23/2016,CRE,SC,ASO,ES,Federal Contract Tower,0,0,12,1,13,0,64,48,0,112,0,64,60,1,125,94,0,94,219
06/24/2016,CRE,SC,ASO,ES,Federal Contract Tower,0,5,15,6,26,0,64,70,3,137,0,69,85,9,163,182,4,186,349
06/25/2016,CRE,SC,ASO,ES,Federal Contract Tower,0,0,20,1,21,0,24,27,2,53,0,24,47,3,74,70,0,70,144
06/26/2016,CRE,SC,ASO,ES,Federal Contract Tower,0,2,22,0,24,0,36,59,0,95,0,38,81,0,119,98,0,98,217
06/27/2016,CRE,SC,ASO,ES,Federal Contract Tower,0,3,18,1,22,0,30,36,4,70,0,33,54,5,92,150,2,152,244
06/28/2016,CRE,SC,ASO,ES,Federal Contract Tower,0,3,16,0,19,0,2,18,0,20,0,5,34,0,39,38,0,38,77
06/29/2016,CRE,SC,ASO,ES,Federal Contract Tower,0,3,12,6,21,0,35,36,0,71,0,38,48,6,92,62,0,62,154
06/30/2016,CRE,SC,ASO,ES,Federal Contract Tower,0,1,20,0,21,0,61,62,0,123,0,62,82,0,144,118,0,118,262
07/01/2016,CRE,SC,ASO,ES,Federal Contract Tower,0,3,39,0,42,0,62,52,0,114,0,65,91,0,156,140,0,140,296
07/02/2016,CRE,SC,ASO,ES,Federal Contract Tower,0,1,23,2,26,0,29,42,0,71,0,30,65,2,97,148,0,148,245
07/03/2016,CRE,SC,ASO,ES,Federal Contract Tower,0,1,19,0,20,0,38,39,0,77,0,39,58,0,97,180,0,180,277
07/04/2016,CRE,SC,ASO,ES,Federal Contract Tower,0,0,17,0,17,0,82,41,0,123,0,82,58,0,140,138,0,138,278
07/05/2016,CRE,SC,ASO,ES,Federal Contract Tower,0,1,27,3,31,0,78,67,1,146,0,79,94,4,177,110,0,110,287
07/06/2016,CRE,SC,ASO,ES,Federal Contract Tower,0,4,15,2,21,0,82,49,0,131,0,86,64,2,152,140,0,140,292
07/07/2016,CRE,SC,ASO,ES,Federal Contract Tower,0,2,22,0,24,0,61,60,0,121,0,63,82,0,145,138,0,138,283
07/08/2016,CRE,SC,ASO,ES,Federal Contract Tower,0,1,15,1,17,0,42,85,1,128,0,43,100,2,145,140,0,140,285
07/09/2016,CRE,SC,ASO,ES,Federal Contract Tower,0,1,28,0,29,0,56,80,2,138,0,57,108,2,167,94,0,94,261
07/10/2016,CRE,SC,ASO,ES,Federal Contract Tower,0,4,42,1,47,0,4,45,2,51,0,8,87,3,98,130,0,130,228
07/11/2016,CRE,SC,ASO,ES,Federal Contract Tower,0,1,7,0,8,0,22,42,0,64,0,23,49,0,72,168,0,168,240
07/12/2016,CRE,SC,ASO,ES,Federal Contract Tower,0,1,9,2,12,0,28,56,46,130,0,29,65,48,142,116,0,116,258
07/13/2016,CRE,SC,ASO,ES,Federal Contract Tower,0,1,24,0,25,0,24,50,2,76,0,25,74,2,101,124,0,124,225
07/14/2016,CRE,SC,ASO,ES,Federal Contract Tower,0,0,19,0,19,0,41,42,2,85,0,41,61,2,104,88,0,88,192
07/15/2016,CRE,SC,ASO,ES,Federal Contract Tower,0,0,15,6,21,0,28,47,0,75,0,28,62,6,96,100,0,100,196
07/16/2016,CRE,SC,ASO,ES,Federal Contract Tower,0,3,21,0,24,0,22,42,1,65,0,25,63,1,89,84,0,84,173
07/17/2016,CRE,SC,ASO,ES,Federal Contract Tower,0,4,12,0,16,0,12,34,0,46,0,16,46,0,62,124,0,124,186
07/18/2016,CRE,SC,ASO,ES,Federal Contract Tower,0,0,16,2,18,0,12,47,4,63,0,12,63,6,81,74,0,74,155
07/19/2016,CRE,SC,ASO,ES,Federal Contract Tower,0,0,9,1,10,0,57,41,1,99,0,57,50,2,109,134,0,134,243
07/20/2016,CRE,SC,ASO,ES,Federal Contract Tower,0,0,19,1,20,0,42,60,0,102,0,42,79,1,122,182,0,182,304
07/21/2016,CRE,SC,ASO,ES,Federal Contract Tower,0,0,18,1,19,0,49,63,0,112,0,49,81,1,131,168,0,168,299
07/22/2016,CRE,SC,ASO,ES,Federal Contract Tower,0,2,23,0,25,0,50,48,0,98,0,52,71,0,123,188,0,188,311
07/23/2016,CRE,SC,ASO,ES,Federal Contract Tower,0,0,23,0,23,0,32,53,0,85,0,32,76,0,108,94,0,94,202
07/24/2016,CRE,SC,ASO,ES,Federal Contract Tower,0,0,21,0,21,0,24,48,0,72,0,24,69,0,93,122,0,122,215
07/25/2016,CRE,SC,ASO,ES,Federal Contract Tower,0,0,12,4,16,0,22,52,2,76,0,22,64,6,92,170,0,170,262
07/26/2016,CRE,SC,ASO,ES,Federal Contract Tower,0,0,10,0,10,0,64,61,0,125,0,64,71,0,135,142,0,142,277
07/27/2016,CRE,SC,ASO,ES,Federal Contract Tower,0,0,12,0,12,0,51,58,0,109,0,51,70,0,121,102,0,102,223
07/28/2016,CRE,SC,ASO,ES,Federal Contract Tower,0,0,19,0,19,0,68,47,2,117,0,68,66,2,136,106,2,108,244
07/29/2016,CRE,SC,ASO,ES,Federal Contract Tower,0,0,23,0,23,0,68,69,0,137,0,68,92,0,160,142,0,142,302
07/30/2016,CRE,SC,ASO,ES,Federal Contract Tower,0,2,19,0,21,0,64,50,0,114,0,66,69,0,135,90,2,92,227
07/31/2016,CRE,SC,ASO,ES,Federal Contract Tower,0,0,12,0,12,0,20,31,0,51,0,20,43,0,63,118,0,118,181
08/01/2016,CRE,SC,ASO,ES,Federal Contract Tower,0,0,8,0,8,0,60,51,2,113,0,60,59,2,121,150,0,150,271
08/02/2016,CRE,SC,ASO,ES,Federal Contract Tower,0,2,16,0,18,0,28,49,2,79,0,30,65,2,97,110,0,110,207
08/03/2016,CRE,SC,ASO,ES,Federal Contract Tower,0,2,6,0,8,0,6,19,0,25,0,8,25,0,33,18,0,18,51
08/04/2016,CRE,SC,ASO,ES,Federal Contract Tower,0,2,17,0,19,0,63,27,0,90,0,65,44,0,109,102,0,102,211
08/05/2016,CRE,SC,ASO,ES,Federal Contract Tower,0,5,11,0,16,0,14,30,0,44,0,19,41,0,60,72,0,72,132
08/06/2016,CRE,SC,ASO,ES,Federal Contract Tower,0,1,15,0,16,0,49,45,1,95,0,50,60,1,111,108,0,108,219
08/07/2016,CRE,SC,ASO,ES,Federal Contract Tower,0,2,25,1,28,0,20,32,1,53,0,22,57,2,81,126,0,126,207
08/08/2016,CRE,SC,ASO,ES,Federal Contract Tower,0,1,14,0,15,0,30,39,0,69,0,31,53,0,84,112,0,112,196
08/09/2016,CRE,SC,ASO,ES,Federal Contract Tower,0,1,10,3,14,0,39,31,1,71,0,40,41,4,85,188,2,190,275
08/10/2016,CRE,SC,ASO,ES,Federal Contract Tower,0,3,22,2,27,0,62,29,2,93,0,65,51,4,120,184,2,186,306
08/11/2016,CRE,SC,ASO,ES,Federal Contract Tower,0,0,24,0,24,0,71,58,0,129,0,71,82,0,153,158,0,158,311
08/12/2016,CRE,SC,ASO,ES,Federal Contract Tower,0,0,19,0,19,0,49,35,4,88,0,49,54,4,107,146,0,146,253
08/13/2016,CRE,SC,ASO,ES,Federal Contract Tower,0,0,11,0,11,0,58,52,2,112,0,58,63,2,123,122,0,122,245
08/14/2016,CRE,SC,ASO,ES,Federal Contract Tower,0,0,16,0,16,0,33,66,0,99,0,33,82,0,115,126,2,128,243
08/15/2016,CRE,SC,ASO,ES,Federal Contract Tower,0,1,6,0,7,0,12,30,1,43,0,13,36,1,50,102,0,102,152
08/16/2016,CRE,SC,ASO,ES,Federal Contract Tower,0,3,8,0,11,0,30,44,6,80,0,33,52,6,91,58,0,58,149
08/17/2016,CRE,SC,ASO,ES,Federal Contract Tower,0,0,12,0,12,0,48,42,0,90,0,48,54,0,102,126,0,126,228
08/18/2016,CRE,SC,ASO,ES,Federal Contract Tower,0,0,9,1,10,0,31,33,5,69,0,31,42,6,79,54,0,54,133
08/19/2016,CRE,SC,ASO,ES,Federal Contract Tower,0,0,20,0,20,0,43,52,0,95,0,43,72,0,115,60,4,64,179
08/20/2016,CRE,SC,ASO,ES,Federal Contract Tower,0,0,14,0,14,0,45,39,0,84,0,45,53,0,98,72,0,72,170
08/21/2016,CRE,SC,ASO,ES,Federal Contract Tower,0,1,20,0,21,0,36,46,2,84,0,37,66,2,105,124,0,124,229
08/22/2016,CRE,SC,ASO,ES,Federal Contract Tower,0,0,10,0,10,0,38,35,2,75,0,38,45,2,85,130,0,130,215
08/23/2016,CRE,SC,ASO,ES,Federal Contract Tower,0,0,7,0,7,0,34,59,0,93,0,34,66,0,100,108,0,108,208
08/24/2016,CRE,SC,ASO,ES,Federal Contract Tower,0,0,8,0,8,0,38,43,2,83,0,38,51,2,91,116,0,116,207
08/25/2016,CRE,SC,ASO,ES,Federal Contract Tower,0,2,19,4,25,0,18,59,0,77,0,20,78,4,102,110,4,114,216
08/26/2016,CRE,SC,ASO,ES,Federal Contract Tower,0,0,25,0,25,0,42,54,0,96,0,42,79,0,121,84,2,86,207
08/27/2016,CRE,SC,ASO,ES,Federal Contract Tower,0,1,10,1,12,0,39,35,1,75,0,40,45,2,87,104,3,107,194
08/28/2016,CRE,SC,ASO,ES,Federal Contract Tower,0,0,16,0,16,0,12,30,4,46,0,12,46,4,62,76,2,78,140
08/29/2016,CRE,SC,ASO,ES,Federal Contract Tower,0,3,15,0,18,0,10,15,0,25,0,13,30,0,43,64,0,64,107
08/30/2016,CRE,SC,ASO,ES,Federal Contract Tower,0,3,7,0,10,0,30,40,5,75,0,33,47,5,85,68,0,68,153
08/31/2016,CRE,SC,ASO,ES,Federal Contract Tower,0,1,16,0,17,0,3,14,5,22,0,4,30,5,39,54,0,54,93
09/01/2016,CRE,SC,ASO,ES,Federal Contract Tower,0,1,14,4,19,0,14,34,4,52,0,15,48,8,71,86,0,86,157
09/02/2016,CRE,SC,ASO,ES,Federal Contract Tower,0,0,0,0,0,0,0,0,0,0,0,0,0,0,0,0,0,0,0
09/03/2016,CRE,SC,ASO,ES,Federal Contract Tower,0,7,16,0,23,0,19,29,0,48,0,26,45,0,71,60,0,60,131
09/04/2016,CRE,SC,ASO,ES,Federal Contract Tower,0,0,4,0,4,0,81,41,0,122,0,81,45,0,126,128,0,128,254
09/05/2016,CRE,SC,ASO,ES,Federal Contract Tower,0,2,20,0,22,0,26,47,0,73,0,28,67,0,95,72,0,72,167
09/06/2016,CRE,SC,ASO,ES,Federal Contract Tower,0,2,14,2,18,0,21,47,0,68,0,23,61,2,86,40,0,40,126
09/07/2016,CRE,SC,ASO,ES,Federal Contract Tower,0,0,7,4,11,0,4,26,0,30,0,4,33,4,41,22,0,22,63
09/08/2016,CRE,SC,ASO,ES,Federal Contract Tower,0,0,12,0,12,0,16,31,0,47,0,16,43,0,59,20,0,20,79
09/09/2016,CRE,SC,ASO,ES,Federal Contract Tower,0,0,13,2,15,0,12,34,8,54,0,12,47,10,69,12,0,12,81
09/10/2016,CRE,SC,ASO,ES,Federal Contract Tower,0,1,27,0,28,0,36,61,0,97,0,37,88,0,125,22,0,22,147
09/11/2016,CRE,SC,ASO,ES,Federal Contract Tower,0,2,17,0,19,0,14,37,4,55,0,16,54,4,74,22,0,22,96
09/12/2016,CRE,SC,ASO,ES,Federal Contract Tower,0,1,23,0,24,0,0,5,0,5,0,1,28,0,29,0,0,0,29
09/13/2016,CRE,SC,ASO,ES,Federal Contract Tower,0,12,19,0,31,0,16,13,0,29,0,28,32,0,60,24,0,24,84
09/14/2016,CRE,SC,ASO,ES,Federal Contract Tower,0,0,18,0,18,0,5,6,0,11,0,5,24,0,29,2,0,2,31
09/15/2016,CRE,SC,ASO,ES,Federal Contract Tower,0,0,19,0,19,0,6,4,2,12,0,6,23,2,31,10,0,10,41
09/16/2016,CRE,SC,ASO,ES,Federal Contract Tower,0,0,17,1,18,0,17,21,2,40,0,17,38,3,58,10,2,12,70
09/17/2016,CRE,SC,ASO,ES,Federal Contract Tower,0,0,14,1,15,0,16,15,1,32,0,16,29,2,47,38,0,38,85
09/18/2016,CRE,SC,ASO,ES,Federal Contract Tower,0,1,22,0,23,0,11,26,0,37,0,12,48,0,60,34,2,36,96
09/19/2016,CRE,SC,ASO,ES,Federal Contract Tower,0,1,9,0,10,0,0,5,0,5,0,1,14,0,15,0,0,0,15
09/20/2016,CRE,SC,ASO,ES,Federal Contract Tower,0,6,9,2,17,0,0,1,0,1,0,6,10,2,18,0,0,0,18
09/21/2016,CRE,SC,ASO,ES,Federal Contract Tower,0,0,13,0,13,0,6,7,0,13,0,6,20,0,26,8,4,12,38
09/22/2016,CRE,SC,ASO,ES,Federal Contract Tower,0,1,23,0,24,0,10,2,0,12,0,11,25,0,36,0,0,0,36
09/23/2016,CRE,SC,ASO,ES,Federal Contract Tower,0,0,24,0,24,0,14,8,0,22,0,14,32,0,46,28,0,28,74
09/24/2016,CRE,SC,ASO,ES,Federal Contract Tower,0,0,8,0,8,0,18,39,0,57,0,18,47,0,65,12,0,12,77
09/25/2016,CRE,SC,ASO,ES,Federal Contract Tower,0,0,30,0,30,0,2,13,0,15,0,2,43,0,45,34,0,34,79
09/26/2016,CRE,SC,ASO,ES,Federal Contract Tower,0,0,16,0,16,0,4,19,0,23,0,4,35,0,39,16,0,16,55
09/27/2016,CRE,SC,ASO,ES,Federal Contract Tower,0,0,5,2,7,0,12,15,1,28,0,12,20,3,35,16,2,18,53
09/28/2016,CRE,SC,ASO,ES,Federal Contract Tower,0,0,10,0,10,0,10,17,0,27,0,10,27,0,37,26,0,26,63
09/29/2016,CRE,SC,ASO,ES,Federal Contract Tower,0,1,10,0,11,0,7,7,1,15,0,8,17,1,26,16,0,16,42
09/30/2016,CRE,SC,ASO,ES,Federal Contract Tower,0,0,17,0,17,0,14,24,0,38,0,14,41,0,55,14,0,14,69
10/01/2016,CRE,SC,ASO,ES,Federal Contract Tower,0,0,15,0,15,0,10,26,0,36,0,10,41,0,51,2,0,2,53
10/02/2016,CRE,SC,ASO,ES,Federal Contract Tower,0,0,17,0,17,0,23,36,0,59,0,23,53,0,76,0,0,0,76
10/03/2016,CRE,SC,ASO,ES,Federal Contract Tower,0,0,9,2,11,0,4,27,2,33,0,4,36,4,44,0,0,0,44
10/04/2016,CRE,SC,ASO,ES,Federal Contract Tower,0,0,5,0,5,0,8,13,2,23,0,8,18,2,28,0,0,0,28
10/05/2016,CRE,SC,ASO,ES,Federal Contract Tower,0,2,6,2,10,0,4,7,0,11,0,6,13,2,21,0,0,0,21
10/06/2016,CRE,SC,ASO,ES,Federal Contract Tower,0,5,7,0,12,0,0,3,0,3,0,5,10,0,15,0,0,0,15
10/07/2016,CRE,SC,ASO,ES,Federal Contract Tower,0,0,3,0,3,0,0,0,0,0,0,0,3,0,3,0,0,0,3
10/08/2016,CRE,SC,ASO,ES,Federal Contract Tower,0,0,0,0,0,0,0,0,0,0,0,0,0,0,0,0,0,0,0
10/09/2016,CRE,SC,ASO,ES,Federal Contract Tower,0,0,8,0,8,0,2,11,8,21,0,2,19,8,29,10,0,10,39
10/10/2016,CRE,SC,ASO,ES,Federal Contract Tower,0,0,11,0,11,0,5,27,11,43,0,5,38,11,54,0,2,2,56
10/11/2016,CRE,SC,ASO,ES,Federal Contract Tower,0,3,8,0,11,0,10,37,0,47,0,13,45,0,58,0,0,0,58
10/12/2016,CRE,SC,ASO,ES,Federal Contract Tower,0,5,13,0,18,0,0,28,0,28,0,5,41,0,46,0,0,0,46
10/13/2016,CRE,SC,ASO,ES,Federal Contract Tower,0,4,22,1,27,0,23,67,2,92,0,27,89,3,119,32,0,32,151
10/14/2016,CRE,SC,ASO,ES,Federal Contract Tower,0,1,19,7,27,0,8,40,2,50,0,9,59,9,77,20,0,20,97
10/15/2016,CRE,SC,ASO,ES,Federal Contract Tower,0,0,21,0,21,0,21,17,0,38,0,21,38,0,59,10,0,10,69
10/16/2016,CRE,SC,ASO,ES,Federal Contract Tower,0,0,19,0,19,0,3,38,0,41,0,3,57,0,60,8,0,8,68
10/17/2016,CRE,SC,ASO,ES,Federal Contract Tower,0,3,20,0,23,0,6,7,4,17,0,9,27,4,40,0,0,0,40
10/18/2016,CRE,SC,ASO,ES,Federal Contract Tower,0,1,13,3,17,0,2,12,1,15,0,3,25,4,32,12,0,12,44
10/19/2016,CRE,SC,ASO,ES,Federal Contract Tower,0,4,17,0,21,0,26,27,0,53,0,30,44,0,74,22,0,22,96
10/20/2016,CRE,SC,ASO,ES,Federal Contract Tower,0,4,6,4,14,0,4,13,2,19,0,8,19,6,33,18,0,18,51
10/21/2016,CRE,SC,ASO,ES,Federal Contract Tower,0,4,12,0,16,0,2,15,1,18,0,6,27,1,34,36,0,36,70
10/22/2016,CRE,SC,ASO,ES,Federal Contract Tower,0,4,11,0,15,0,6,2,0,8,0,10,13,0,23,6,0,6,29
10/23/2016,CRE,SC,ASO,ES,Federal Contract Tower,0,3,16,0,19,0,13,18,0,31,0,16,34,0,50,0,0,0,50
10/24/2016,CRE,SC,ASO,ES,Federal Contract Tower,0,1,17,0,18,0,2,19,4,25,0,3,36,4,43,4,0,4,47
10/25/2016,CRE,SC,ASO,ES,Federal Contract Tower,0,2,11,0,13,0,6,18,0,24,0,8,29,0,37,0,0,0,37
10/26/2016,CRE,SC,ASO,ES,Federal Contract Tower,0,2,15,0,17,0,6,21,0,27,0,8,36,0,44,22,0,22,66
10/27/2016,CRE,SC,ASO,ES,Federal Contract Tower,0,0,12,0,12,0,2,21,0,23,0,2,33,0,35,16,2,18,53
10/28/2016,CRE,SC,ASO,ES,Federal Contract Tower,0,2,23,0,25,0,4,33,0,37,0,6,56,0,62,18,0,18,80
10/29/2016,CRE,SC,ASO,ES,Federal Contract Tower,0,0,20,0,20,0,4,26,0,30,0,4,46,0,50,16,2,18,68
10/30/2016,CRE,SC,ASO,ES,Federal Contract Tower,0,0,17,1,18,0,8,51,2,61,0,8,68,3,79,18,0,18,97
10/31/2016,CRE,SC,ASO,ES,Federal Contract Tower,0,2,15,0,17,0,0,11,4,15,0,2,26,4,32,12,0,12,44
11/01/2016,CRE,SC,ASO,ES,Federal Contract Tower,0,0,3,2,5,0,4,30,0,34,0,4,33,2,39,18,0,18,57
11/02/2016,CRE,SC,ASO,ES,Federal Contract Tower,0,0,16,1,17,0,11,31,1,43,0,11,47,2,60,14,0,14,74
11/03/2016,CRE,SC,ASO,ES,Federal Contract Tower,0,2,6,2,10,0,0,16,0,16,0,2,22,2,26,14,0,14,40
11/04/2016,CRE,SC,ASO,ES,Federal Contract Tower,0,2,10,0,12,0,4,11,4,19,0,6,21,4,31,0,0,0,31
11/05/2016,CRE,SC,ASO,ES,Federal Contract Tower,0,0,6,1,7,0,4,16,1,21,0,4,22,2,28,18,0,18,46
11/06/2016,CRE,SC,ASO,ES,Federal Contract Tower,0,4,19,0,23,0,0,41,0,41,0,4,60,0,64,40,0,40,104
11/07/2016,CRE,SC,ASO,ES,Federal Contract Tower,0,1,9,0,10,0,0,13,0,13,0,1,22,0,23,0,0,0,23
11/08/2016,CRE,SC,ASO,ES,Federal Contract Tower,0,1,16,0,17,0,0,28,0,28,0,1,44,0,45,32,0,32,77
11/09/2016,CRE,SC,ASO,ES,Federal Contract Tower,0,0,22,0,22,0,0,20,8,28,0,0,42,8,50,0,0,0,50
11/10/2016,CRE,SC,ASO,ES,Federal Contract Tower,0,4,16,0,20,0,2,27,2,31,0,6,43,2,51,22,0,22,73
11/11/2016,CRE,SC,ASO,ES,Federal Contract Tower,0,0,32,0,32,0,0,10,4,14,0,0,42,4,46,34,0,34,80
11/12/2016,CRE,SC,ASO,ES,Federal Contract Tower,0,0,19,0,19,0,17,18,0,35,0,17,37,0,54,8,0,8,62
11/13/2016,CRE,SC,ASO,ES,Federal Contract Tower,0,4,33,0,37,0,0,19,0,19,0,4,52,0,56,2,0,2,58
11/14/2016,CRE,SC,ASO,ES,Federal Contract Tower,0,0,13,0,13,0,0,2,0,2,0,0,15,0,15,0,0,0,15
11/15/2016,CRE,SC,ASO,ES,Federal Contract Tower,0,2,14,4,20,0,1,15,0,16,0,3,29,4,36,8,0,8,44
11/16/2016,CRE,SC,ASO,ES,Federal Contract Tower,0,0,8,4,12,0,4,15,0,19,0,4,23,4,31,12,2,14,45
11/17/2016,CRE,SC,ASO,ES,Federal Contract Tower,0,0,11,0,11,0,3,18,0,21,0,3,29,0,32,0,0,0,32
11/18/2016,CRE,SC,ASO,ES,Federal Contract Tower,0,0,17,0,17,0,2,53,0,55,0,2,70,0,72,30,0,30,102
11/19/2016,CRE,SC,ASO,ES,Federal Contract Tower,0,2,9,0,11,0,6,21,0,27,0,8,30,0,38,2,0,2,40
11/20/2016,CRE,SC,ASO,ES,Federal Contract Tower,0,0,15,0,15,0,4,13,0,17,0,4,28,0,32,0,0,0,32
11/21/2016,CRE,SC,ASO,ES,Federal Contract Tower,0,0,7,4,11,0,0,10,3,13,0,0,17,7,24,12,0,12,36
11/22/2016,CRE,SC,ASO,ES,Federal Contract Tower,0,0,23,2,25,0,2,18,0,20,0,2,41,2,45,0,0,0,45
11/23/2016,CRE,SC,ASO,ES,Federal Contract Tower,0,0,19,0,19,0,0,32,0,32,0,0,51,0,51,6,0,6,57
11/24/2016,CRE,SC,ASO,ES,Federal Contract Tower,0,0,5,0,5,0,0,9,0,9,0,0,14,0,14,0,0,0,14
11/25/2016,CRE,SC,ASO,ES,Federal Contract Tower,0,1,21,0,22,0,22,27,4,53,0,23,48,4,75,4,0,4,79
11/26/2016,CRE,SC,ASO,ES,Federal Contract Tower,0,2,16,0,18,0,6,18,6,30,0,8,34,6,48,2,0,2,50
11/27/2016,CRE,SC,ASO,ES,Federal Contract Tower,0,2,23,0,25,0,0,28,0,28,0,2,51,0,53,14,0,14,67
11/28/2016,CRE,SC,ASO,ES,Federal Contract Tower,0,0,9,4,13,0,0,19,2,21,0,0,28,6,34,4,0,4,38
11/29/2016,CRE,SC,ASO,ES,Federal Contract Tower,0,0,2,0,2,0,2,4,2,8,0,2,6,2,10,0,0,0,10
11/30/2016,CRE,SC,ASO,ES,Federal Contract Tower,0,4,4,2,10,0,0,0,0,0,0,4,4,2,10,0,0,0,10
12/01/2016,CRE,SC,ASO,ES,Federal Contract Tower,0,0,9,2,11,0,0,13,0,13,0,0,22,2,24,14,0,14,38
12/02/2016,CRE,SC,ASO,ES,Federal Contract Tower,0,0,6,0,6,0,0,15,0,15,0,0,21,0,21,4,0,4,25
12/03/2016,CRE,SC,ASO,ES,Federal Contract Tower,0,1,14,0,15,0,2,21,0,23,0,3,35,0,38,2,0,2,40
12/04/2016,CRE,SC,ASO,ES,Federal Contract Tower,0,0,9,0,9,0,2,9,2,13,0,2,18,2,22,0,0,0,22
12/05/2016,CRE,SC,ASO,ES,Federal Contract Tower,0,1,4,2,7,0,0,0,2,2,0,1,4,4,9,0,0,0,9
12/06/2016,CRE,SC,ASO,ES,Federal Contract Tower,0,1,9,2,12,0,0,0,0,0,0,1,9,2,12,0,0,0,12
12/07/2016,CRE,SC,ASO,ES,Federal Contract Tower,0,0,10,0,10,0,0,11,0,11,0,0,21,0,21,14,0,14,35
12/08/2016,CRE,SC,ASO,ES,Federal Contract Tower,0,0,7,0,7,0,4,3,0,7,0,4,10,0,14,0,0,0,14
12/09/2016,CRE,SC,ASO,ES,Federal Contract Tower,0,4,13,0,17,0,5,23,2,30,0,9,36,2,47,10,0,10,57
12/10/2016,CRE,SC,ASO,ES,Federal Contract Tower,0,0,12,0,12,0,0,51,0,51,0,0,63,0,63,12,0,12,75
12/11/2016,CRE,SC,ASO,ES,Federal Contract Tower,0,0,10,2,12,0,0,13,0,13,0,0,23,2,25,0,0,0,25
12/12/2016,CRE,SC,ASO,ES,Federal Contract Tower,0,0,6,2,8,0,4,0,0,4,0,4,6,2,12,0,0,0,12
12/13/2016,CRE,SC,ASO,ES,Federal Contract Tower,0,0,8,0,8,0,0,0,0,0,0,0,8,0,8,0,0,0,8
12/14/2016,CRE,SC,ASO,ES,Federal Contract Tower,0,0,13,1,14,0,0,13,1,14,0,0,26,2,28,0,0,0,28
12/15/2016,CRE,SC,ASO,ES,Federal Contract Tower,0,0,11,0,11,0,4,23,0,27,0,4,34,0,38,12,0,12,50
12/16/2016,CRE,SC,ASO,ES,Federal Contract Tower,0,0,24,0,24,0,14,18,0,32,0,14,42,0,56,24,0,24,80
12/17/2016,CRE,SC,ASO,ES,Federal Contract Tower,0,0,5,0,5,4,7,0,0,11,4,7,5,0,16,0,0,0,16
12/18/2016,CRE,SC,ASO,ES,Federal Contract Tower,0,0,14,0,14,0,4,1,0,5,0,4,15,0,19,0,0,0,19
12/19/2016,CRE,SC,ASO,ES,Federal Contract Tower,0,0,3,0,3,0,0,0,0,0,0,0,3,0,3,0,0,0,3
12/20/2016,CRE,SC,ASO,ES,Federal Contract Tower,0,0,11,0,11,0,0,0,0,0,0,0,11,0,11,0,0,0,11
12/21/2016,CRE,SC,ASO,ES,Federal Contract Tower,0,0,16,0,16,0,0,44,4,48,0,0,60,4,64,2,0,2,66
12/22/2016,CRE,SC,ASO,ES,Federal Contract Tower,0,0,8,2,10,0,3,21,0,24,0,3,29,2,34,2,0,2,36
12/23/2016,CRE,SC,ASO,ES,Federal Contract Tower,0,0,12,0,12,0,0,17,0,17,0,0,29,0,29,12,0,12,41
12/24/2016,CRE,SC,ASO,ES,Federal Contract Tower,0,0,4,0,4,0,4,3,0,7,0,4,7,0,11,6,0,6,17
12/25/2016,CRE,SC,ASO,ES,Federal Contract Tower,0,0,3,0,3,0,0,14,0,14,0,0,17,0,17,24,0,24,41
12/26/2016,CRE,SC,ASO,ES,Federal Contract Tower,0,0,24,0,24,0,0,5,2,7,0,0,29,2,31,0,0,0,31
12/27/2016,CRE,SC,ASO,ES,Federal Contract Tower,0,2,11,0,13,0,0,1,0,1,0,2,12,0,14,0,0,0,14
12/28/2016,CRE,SC,ASO,ES,Federal Contract Tower,0,0,23,0,23,0,10,13,0,23,0,10,36,0,46,0,0,0,46
12/29/2016,CRE,SC,ASO,ES,Federal Contract Tower,0,0,19,0,19,0,5,0,0,5,0,5,19,0,24,0,0,0,24
12/30/2016,CRE,SC,ASO,ES,Federal Contract Tower,0,0,15,0,15,0,2,14,0,16,0,2,29,0,31,2,0,2,33
12/31/2016,CRE,SC,ASO,ES,Federal Contract Tower,0,1,13,0,14,0,6,13,0,19,0,7,26,0,33,8,0,8,41
01/01/2017,CRE,SC,ASO,ES,Federal Contract Tower,0,1,24,0,25,0,13,8,2,23,0,14,32,2,48,0,0,0,48
01/02/2017,CRE,SC,ASO,ES,Federal Contract Tower,0,0,8,0,8,0,0,0,0,0,0,0,8,0,8,0,0,0,8
01/03/2017,CRE,SC,ASO,ES,Federal Contract Tower,0,0,9,0,9,0,0,2,0,2,0,0,11,0,11,0,0,0,11
01/04/2017,CRE,SC,ASO,ES,Federal Contract Tower,0,0,17,0,17,0,0,7,0,7,0,0,24,0,24,0,0,0,24
01/05/2017,CRE,SC,ASO,ES,Federal Contract Tower,0,0,25,2,27,0,6,20,2,28,0,6,45,4,55,0,4,4,59
01/06/2017,CRE,SC,ASO,ES,Federal Contract Tower,0,1,3,0,4,0,7,7,3,17,0,8,10,3,21,0,0,0,21
01/07/2017,CRE,SC,ASO,ES,Federal Contract Tower,0,0,0,0,0,0,0,0,0,0,0,0,0,0,0,0,0,0,0
01/08/2017,CRE,SC,ASO,ES,Federal Contract Tower,0,0,5,0,5,0,0,7,0,7,0,0,12,0,12,0,0,0,12
01/09/2017,CRE,SC,ASO,ES,Federal Contract Tower,0,0,11,0,11,0,0,10,0,10,0,0,21,0,21,0,0,0,21
01/10/2017,CRE,SC,ASO,ES,Federal Contract Tower,0,0,15,0,15,0,0,4,2,6,0,0,19,2,21,10,0,10,31
01/11/2017,CRE,SC,ASO,ES,Federal Contract Tower,0,0,8,0,8,0,0,12,0,12,0,0,20,0,20,10,0,10,30
01/12/2017,CRE,SC,ASO,ES,Federal Contract Tower,0,0,14,3,17,0,5,16,2,23,0,5,30,5,40,0,0,0,40
01/13/2017,CRE,SC,ASO,ES,Federal Contract Tower,0,2,27,0,29,0,2,19,0,21,0,4,46,0,50,8,0,8,58
01/14/2017,CRE,SC,ASO,ES,Federal Contract Tower,0,4,18,0,22,0,2,12,0,14,0,6,30,0,36,4,0,4,40
01/15/2017,CRE,SC,ASO,ES,Federal Contract Tower,0,1,15,0,16,0,6,17,0,23,0,7,32,0,39,8,8,16,55
01/16/2017,CRE,SC,ASO,ES,Federal Contract Tower,0,1,16,0,17,0,0,4,0,4,0,1,20,0,21,22,0,22,43
01/17/2017,CRE,SC,ASO,ES,Federal Contract Tower,0,2,4,0,6,0,0,13,0,13,0,2,17,0,19,12,0,12,31
01/18/2017,CRE,SC,ASO,ES,Federal Contract Tower,0,3,13,3,19,0,0,14,15,29,0,3,27,18,48,12,10,22,70
01/19/2017,CRE,SC,ASO,ES,Federal Contract Tower,0,0,16,2,18,0,2,23,0,25,0,2,39,2,43,6,0,6,49
01/20/2017,CRE,SC,ASO,ES,Federal Contract Tower,0,3,13,6,22,0,8,12,2,22,0,11,25,8,44,20,0,20,64
01/21/2017,CRE,SC,ASO,ES,Federal Contract Tower,0,0,7,0,7,0,0,0,0,0,0,0,7,0,7,0,0,0,7
01/22/2017,CRE,SC,ASO,ES,Federal Contract Tower,0,0,5,0,5,0,2,0,0,2,0,2,5,0,7,0,0,0,7
01/23/2017,CRE,SC,ASO,ES,Federal Contract Tower,0,2,6,2,10,0,2,2,0,4,0,4,8,2,14,4,0,4,18
01/24/2017,CRE,SC,ASO,ES,Federal Contract Tower,0,0,14,0,14,0,0,8,0,8,0,0,22,0,22,0,0,0,22
01/25/2017,CRE,SC,ASO,ES,Federal Contract Tower,0,0,11,2,13,0,3,26,0,29,0,3,37,2,42,16,0,16,58
01/26/2017,CRE,SC,ASO,ES,Federal Contract Tower,0,0,13,0,13,0,0,15,0,15,0,0,28,0,28,0,0,0,28
01/27/2017,CRE,SC,ASO,ES,Federal Contract Tower,0,0,20,0,20,0,2,19,2,23,0,2,39,2,43,2,0,2,45
01/28/2017,CRE,SC,ASO,ES,Federal Contract Tower,0,2,7,2,11,0,8,31,0,39,0,10,38,2,50,2,0,2,52
01/29/2017,CRE,SC,ASO,ES,Federal Contract Tower,0,0,13,0,13,0,0,16,2,18,0,0,29,2,31,0,0,0,31
01/30/2017,CRE,SC,ASO,ES,Federal Contract Tower,0,0,7,2,9,0,0,18,2,20,0,0,25,4,29,2,0,2,31
01/31/2017,CRE,SC,ASO,ES,Federal Contract Tower,0,0,12,3,15,0,0,4,4,8,0,0,16,7,23,0,0,0,23
02/01/2017,CRE,SC,ASO,ES,Federal Contract Tower,0,0,17,1,18,0,0,23,8,31,0,0,40,9,49,0,0,0,49
02/02/2017,CRE,SC,ASO,ES,Federal Contract Tower,0,0,9,0,9,0,0,24,0,24,0,0,33,0,33,2,0,2,35
02/03/2017,CRE,SC,ASO,ES,Federal Contract Tower,0,1,12,2,15,0,0,3,2,5,0,1,15,4,20,0,0,0,20
02/04/2017,CRE,SC,ASO,ES,Federal Contract Tower,0,0,14,0,14,0,0,21,0,21,0,0,35,0,35,2,0,2,37
02/05/2017,CRE,SC,ASO,ES,Federal Contract Tower,0,4,2,0,6,0,0,26,0,26,0,4,28,0,32,2,0,2,34
02/06/2017,CRE,SC,ASO,ES,Federal Contract Tower,0,0,13,2,15,0,0,13,0,13,0,0,26,2,28,0,0,0,28
02/07/2017,CRE,SC,ASO,ES,Federal Contract Tower,0,0,13,0,13,0,0,23,3,26,0,0,36,3,39,0,0,0,39
02/08/2017,CRE,SC,ASO,ES,Federal Contract Tower,0,3,9,0,12,0,4,10,0,14,0,7,19,0,26,0,0,0,26
02/09/2017,CRE,SC,ASO,ES,Federal Contract Tower,0,0,10,0,10,0,0,1,2,3,0,0,11,2,13,0,0,0,13
02/10/2017,CRE,SC,ASO,ES,Federal Contract Tower,0,0,23,2,25,0,2,26,0,28,0,2,49,2,53,0,0,0,53
02/11/2017,CRE,SC,ASO,ES,Federal Contract Tower,0,0,7,0,7,0,8,28,2,38,0,8,35,2,45,0,0,0,45
02/12/2017,CRE,SC,ASO,ES,Federal Contract Tower,0,2,8,4,14,0,0,26,0,26,0,2,34,4,40,0,0,0,40
02/13/2017,CRE,SC,ASO,ES,Federal Contract Tower,0,0,12,5,17,0,9,9,1,19,0,9,21,6,36,16,6,22,58
02/14/2017,CRE,SC,ASO,ES,Federal Contract Tower,0,0,19,2,21,0,2,23,0,25,0,2,42,2,46,16,0,16,62
02/15/2017,CRE,SC,ASO,ES,Federal Contract Tower,0,0,5,2,7,0,0,7,0,7,0,0,12,2,14,2,0,2,16
02/16/2017,CRE,SC,ASO,ES,Federal Contract Tower,0,1,29,0,30,0,8,19,0,27,0,9,48,0,57,6,0,6,63
02/17/2017,CRE,SC,ASO,ES,Federal Contract Tower,0,7,25,1,33,0,8,38,3,49,0,15,63,4,82,16,0,16,98
02/18/2017,CRE,SC,ASO,ES,Federal Contract Tower,0,3,12,0,15,0,10,24,0,34,0,13,36,0,49,8,0,8,57
02/19/2017,CRE,SC,ASO,ES,Federal Contract Tower,0,0,28,0,28,0,6,31,2,39,0,6,59,2,67,10,0,10,77
02/20/2017,CRE,SC,ASO,ES,Federal Contract Tower,0,0,24,0,24,0,2,32,0,34,0,2,56,0,58,2,0,2,60
02/21/2017,CRE,SC,ASO,ES,Federal Contract Tower,0,2,32,2,36,0,0,25,4,29,0,2,57,6,65,20,0,20,85
02/22/2017,CRE,SC,ASO,ES,Federal Contract Tower,0,0,23,3,26,0,4,31,0,35,0,4,54,3,61,0,0,0,61
02/23/2017,CRE,SC,ASO,ES,Federal Contract Tower,0,0,21,1,22,0,6,36,6,48,0,6,57,7,70,96,0,96,166
02/24/2017,CRE,SC,ASO,ES,Federal Contract Tower,0,3,16,2,21,0,6,39,0,45,0,9,55,2,66,34,0,34,100
02/25/2017,CRE,SC,ASO,ES,Federal Contract Tower,0,0,25,0,25,0,20,13,0,33,0,20,38,0,58,20,0,20,78
02/26/2017,CRE,SC,ASO,ES,Federal Contract Tower,0,7,21,0,28,0,2,38,0,40,0,9,59,0,68,16,0,16,84
02/27/2017,CRE,SC,ASO,ES,Federal Contract Tower,0,1,11,0,12,0,6,13,1,20,0,7,24,1,32,12,0,12,44
02/28/2017,CRE,SC,ASO,ES,Federal Contract Tower,0,8,21,0,29,0,0,12,0,12,0,8,33,0,41,0,0,0,41
03/01/2017,CRE,SC,ASO,ES,Federal Contract Tower,0,3,15,6,24,0,0,2,0,2,0,3,17,6,26,2,0,2,28
03/02/2017,CRE,SC,ASO,ES,Federal Contract Tower,0,2,9,0,11,0,0,6,2,8,0,2,15,2,19,38,0,38,57
03/03/2017,CRE,SC,ASO,ES,Federal Contract Tower,0,0,18,0,18,0,4,19,0,23,0,4,37,0,41,0,0,0,41
03/04/2017,CRE,SC,ASO,ES,Federal Contract Tower,0,2,16,0,18,0,27,29,0,56,0,29,45,0,74,26,0,26,100
03/05/2017,CRE,SC,ASO,ES,Federal Contract Tower,0,1,16,2,19,0,0,39,0,39,0,1,55,2,58,8,0,8,66
03/06/2017,CRE,SC,ASO,ES,Federal Contract Tower,0,0,12,4,16,0,0,19,0,19,0,0,31,4,35,0,0,0,35
03/07/2017,CRE,SC,ASO,ES,Federal Contract Tower,0,0,6,0,6,0,0,13,0,13,0,0,19,0,19,22,0,22,41
03/08/2017,CRE,SC,ASO,ES,Federal Contract Tower,0,0,5,2,7,0,0,14,0,14,0,0,19,2,21,26,0,26,47
03/09/2017,CRE,SC,ASO,ES,Federal Contract Tower,0,4,18,1,23,0,4,27,1,32,0,8,45,2,55,66,0,66,121
03/10/2017,CRE,SC,ASO,ES,Federal Contract Tower,0,0,8,0,8,0,18,7,2,27,0,18,15,2,35,0,0,0,35
03/11/2017,CRE,SC,ASO,ES,Federal Contract Tower,0,0,14,2,16,0,6,32,0,38,0,6,46,2,54,42,0,42,96
03/12/2017,CRE,SC,ASO,ES,Federal Contract Tower,0,1,10,0,11,0,0,0,0,0,0,1,10,0,11,0,0,0,11
03/13/2017,CRE,SC,ASO,ES,Federal Contract Tower,0,0,10,2,12,0,0,2,0,2,0,0,12,2,14,0,0,0,14
03/14/2017,CRE,SC,ASO,ES,Federal Contract Tower,0,0,3,0,3,0,0,1,2,3,0,0,4,2,6,0,0,0,6
03/15/2017,CRE,SC,ASO,ES,Federal Contract Tower,0,0,8,0,8,0,0,1,0,1,0,0,9,0,9,0,0,0,9
03/16/2017,CRE,SC,ASO,ES,Federal Contract Tower,0,0,8,0,8,0,12,15,0,27,0,12,23,0,35,0,0,0,35
03/17/2017,CRE,SC,ASO,ES,Federal Contract Tower,0,0,13,2,15,0,28,40,0,68,0,28,53,2,83,98,0,98,181
03/18/2017,CRE,SC,ASO,ES,Federal Contract Tower,0,0,9,0,9,0,24,18,0,42,0,24,27,0,51,122,0,122,173
03/19/2017,CRE,SC,ASO,ES,Federal Contract Tower,0,2,16,2,20,0,16,24,0,40,0,18,40,2,60,0,0,0,60
03/20/2017,CRE,SC,ASO,ES,Federal Contract Tower,0,0,8,2,10,0,0,44,8,52,0,0,52,10,62,100,0,100,162
03/21/2017,CRE,SC,ASO,ES,Federal Contract Tower,0,4,17,2,23,0,10,18,0,28,0,14,35,2,51,68,0,68,119
03/22/2017,CRE,SC,ASO,ES,Federal Contract Tower,0,0,7,2,9,0,25,9,2,36,0,25,16,4,45,6,0,6,51
03/23/2017,CRE,SC,ASO,ES,Federal Contract Tower,0,2,10,3,15,0,0,32,5,37,0,2,42,8,52,34,2,36,88
03/24/2017,CRE,SC,ASO,ES,Federal Contract Tower,0,0,24,0,24,0,5,49,0,54,0,5,73,0,78,86,4,90,168
03/25/2017,CRE,SC,ASO,ES,Federal Contract Tower,0,0,17,0,17,0,4,54,2,60,0,4,71,2,77,160,0,160,237
03/26/2017,CRE,SC,ASO,ES,Federal Contract Tower,0,0,21,0,21,0,12,22,0,34,0,12,43,0,55,60,0,60,115
03/27/2017,CRE,SC,ASO,ES,Federal Contract Tower,0,2,7,0,9,0,6,27,0,33,0,8,34,0,42,88,0,88,130
03/28/2017,CRE,SC,ASO,ES,Federal Contract Tower,0,2,5,5,12,0,18,17,0,35,0,20,22,5,47,0,0,0,47
03/29/2017,CRE,SC,ASO,ES,Federal Contract Tower,0,4,17,3,24,0,16,38,21,75,0,20,55,24,99,90,0,90,189
03/30/2017,CRE,SC,ASO,ES,Federal Contract Tower,0,3,14,2,19,0,20,17,3,40,0,23,31,5,59,32,0,32,91
03/31/2017,CRE,SC,ASO,ES,Federal Contract Tower,0,0,8,0,8,0,0,16,0,16,0,0,24,0,24,0,0,0,24
04/01/2017,CRE,SC,ASO,ES,Federal Contract Tower,0,0,16,0,16,0,8,31,2,41,0,8,47,2,57,84,0,84,141
04/02/2017,CRE,SC,ASO,ES,Federal Contract Tower,0,0,17,0,17,0,26,32,0,58,0,26,49,0,75,60,0,60,135
04/03/2017,CRE,SC,ASO,ES,Federal Contract Tower,0,0,10,0,10,0,4,10,0,14,0,4,20,0,24,0,0,0,24
04/04/2017,CRE,SC,ASO,ES,Federal Contract Tower,0,3,9,0,12,0,26,19,0,45,0,29,28,0,57,18,0,18,75
04/05/2017,CRE,SC,ASO,ES,Federal Contract Tower,0,0,18,0,18,0,2,5,0,7,0,2,23,0,25,0,0,0,25
04/06/2017,CRE,SC,ASO,ES,Federal Contract Tower,0,0,12,0,12,0,10,4,2,16,0,10,16,2,28,0,0,0,28
04/07/2017,CRE,SC,ASO,ES,Federal Contract Tower,0,3,17,0,20,0,10,5,0,15,0,13,22,0,35,0,0,0,35
04/08/2017,CRE,SC,ASO,ES,Federal Contract Tower,0,3,27,2,32,0,32,82,0,114,0,35,109,2,146,58,0,58,204
04/09/2017,CRE,SC,ASO,ES,Federal Contract Tower,0,2,34,0,36,0,26,36,0,62,0,28,70,0,98,48,2,50,148
04/10/2017,CRE,SC,ASO,ES,Federal Contract Tower,0,2,23,0,25,0,18,46,0,64,0,20,69,0,89,30,0,30,119
04/11/2017,CRE,SC,ASO,ES,Federal Contract Tower,0,5,23,1,29,0,29,37,1,67,0,34,60,2,96,42,0,42,138
04/12/2017,CRE,SC,ASO,ES,Federal Contract Tower,0,0,30,4,34,0,22,30,10,62,0,22,60,14,96,50,0,50,146
04/13/2017,CRE,SC,ASO,ES,Federal Contract Tower,0,1,41,0,42,0,49,45,0,94,0,50,86,0,136,34,0,34,170
04/14/2017,CRE,SC,ASO,ES,Federal Contract Tower,0,2,30,0,32,0,36,65,8,109,0,38,95,8,141,56,0,56,197
04/15/2017,CRE,SC,ASO,ES,Federal Contract Tower,0,3,17,0,20,0,58,70,0,128,0,61,87,0,148,56,0,56,204
04/16/2017,CRE,SC,ASO,ES,Federal Contract Tower,0,0,26,0,26,0,29,62,2,93,0,29,88,2,119,62,0,62,181
04/17/2017,CRE,SC,ASO,ES,Federal Contract Tower,0,4,17,0,21,0,20,39,0,59,0,24,56,0,80,42,0,42,122
04/18/2017,CRE,SC,ASO,ES,Federal Contract Tower,0,0,22,1,23,0,14,34,5,53,0,14,56,6,76,40,0,40,116
04/19/2017,CRE,SC,ASO,ES,Federal Contract Tower,0,0,20,4,24,0,14,33,2,49,0,14,53,6,73,42,4,46,119
04/20/2017,CRE,SC,ASO,ES,Federal Contract Tower,0,4,20,0,24,0,18,44,8,70,0,22,64,8,94,84,0,84,178
04/21/2017,CRE,SC,ASO,ES,Federal Contract Tower,0,6,37,0,43,0,42,71,4,117,0,48,108,4,160,60,0,60,220
04/22/2017,CRE,SC,ASO,ES,Federal Contract Tower,0,0,12,0,12,0,8,8,2,18,0,8,20,2,30,20,0,20,50
04/23/2017,CRE,SC,ASO,ES,Federal Contract Tower,0,0,23,0,23,0,0,0,0,0,0,0,23,0,23,0,0,0,23
04/24/2017,CRE,SC,ASO,ES,Federal Contract Tower,0,0,9,0,9,0,4,0,0,4,0,4,9,0,13,0,0,0,13
04/25/2017,CRE,SC,ASO,ES,Federal Contract Tower,0,1,15,0,16,0,4,0,0,4,0,5,15,0,20,0,0,0,20
04/26/2017,CRE,SC,ASO,ES,Federal Contract Tower,0,2,18,2,22,0,0,25,0,25,0,2,43,2,47,12,2,14,61
04/27/2017,CRE,SC,ASO,ES,Federal Contract Tower,0,2,26,10,38,0,8,34,2,44,0,10,60,12,82,14,0,14,96
04/28/2017,CRE,SC,ASO,ES,Federal Contract Tower,0,4,19,6,29,0,4,9,2,15,0,8,28,8,44,0,0,0,44
04/29/2017,CRE,SC,ASO,ES,Federal Contract Tower,0,2,17,0,19,0,28,29,0,57,0,30,46,0,76,20,0,20,96
04/30/2017,CRE,SC,ASO,ES,Federal Contract Tower,0,2,24,3,29,0,22,35,1,58,0,24,59,4,87,32,2,34,121
05/01/2017,CRE,SC,ASO,ES,Federal Contract Tower,0,4,7,0,11,0,2,2,4,8,0,6,9,4,19,0,0,0,19
05/02/2017,CRE,SC,ASO,ES,Federal Contract Tower,0,2,19,1,22,0,10,33,0,43,0,12,52,1,65,18,0,18,83
05/03/2017,CRE,SC,ASO,ES,Federal Contract Tower,0,4,28,6,38,0,8,33,4,45,0,12,61,10,83,4,0,4,87
05/04/2017,CRE,SC,ASO,ES,Federal Contract Tower,0,6,13,5,24,0,2,3,2,7,0,8,16,7,31,0,0,0,31
05/05/2017,CRE,SC,ASO,ES,Federal Contract Tower,0,0,9,0,9,0,8,1,0,9,0,8,10,0,18,0,0,0,18
05/06/2017,CRE,SC,ASO,ES,Federal Contract Tower,0,0,19,0,19,0,45,18,0,63,0,45,37,0,82,14,0,14,96
05/07/2017,CRE,SC,ASO,ES,Federal Contract Tower,0,12,20,0,32,0,34,22,0,56,0,46,42,0,88,26,0,26,114
05/08/2017,CRE,SC,ASO,ES,Federal Contract Tower,0,2,17,4,23,0,10,35,0,45,0,12,52,4,68,10,0,10,78
05/09/2017,CRE,SC,ASO,ES,Federal Contract Tower,0,2,19,0,21,0,26,22,0,48,0,28,41,0,69,92,0,92,161
05/10/2017,CRE,SC,ASO,ES,Federal Contract Tower,0,2,10,2,14,0,6,20,0,26,0,8,30,2,40,10,0,10,50
05/11/2017,CRE,SC,ASO,ES,Federal Contract Tower,0,2,11,1,14,0,7,16,4,27,0,9,27,5,41,6,0,6,47
05/12/2017,CRE,SC,ASO,ES,Federal Contract Tower,0,0,16,14,30,0,21,8,6,35,0,21,24,20,65,14,64,78,143
05/13/2017,CRE,SC,ASO,ES,Federal Contract Tower,0,1,10,0,11,0,0,5,0,5,0,1,15,0,16,12,0,12,28
05/14/2017,CRE,SC,ASO,ES,Federal Contract Tower,0,1,21,0,22,0,28,47,0,75,0,29,68,0,97,238,2,240,337
05/15/2017,CRE,SC,ASO,ES,Federal Contract Tower,0,4,15,0,19,0,10,35,2,47,0,14,50,2,66,78,0,78,144
05/16/2017,CRE,SC,ASO,ES,Federal Contract Tower,0,4,20,0,24,0,30,49,0,79,0,34,69,0,103,58,0,58,161
05/17/2017,CRE,SC,ASO,ES,Federal Contract Tower,0,0,25,2,27,0,22,44,0,66,0,22,69,2,93,60,0,60,153
05/18/2017,CRE,SC,ASO,ES,Federal Contract Tower,0,2,22,4,28,0,23,55,2,80,0,25,77,6,108,90,10,100,208
05/19/2017,CRE,SC,ASO,ES,Federal Contract Tower,0,2,20,7,29,0,18,51,1,70,0,20,71,8,99,52,0,52,151
05/20/2017,CRE,SC,ASO,ES,Federal Contract Tower,0,1,24,0,25,0,27,38,0,65,0,28,62,0,90,56,0,56,146
05/21/2017,CRE,SC,ASO,ES,Federal Contract Tower,0,2,40,0,42,0,38,36,0,74,0,40,76,0,116,110,0,110,226
05/22/2017,CRE,SC,ASO,ES,Federal Contract Tower,0,1,11,2,14,0,14,1,2,17,0,15,12,4,31,0,0,0,31
05/23/2017,CRE,SC,ASO,ES,Federal Contract Tower,0,3,9,0,12,0,8,0,0,8,0,11,9,0,20,0,0,0,20
05/24/2017,CRE,SC,ASO,ES,Federal Contract Tower,0,0,6,0,6,0,10,39,0,49,0,10,45,0,55,96,0,96,151
05/25/2017,CRE,SC,ASO,ES,Federal Contract Tower,0,2,20,0,22,0,11,6,1,18,0,13,26,1,40,0,0,0,40
05/26/2017,CRE,SC,ASO,ES,Federal Contract Tower,0,2,37,0,39,0,27,51,0,78,0,29,88,0,117,62,0,62,179
05/27/2017,CRE,SC,ASO,ES,Federal Contract Tower,0,0,7,0,7,0,32,57,0,89,0,32,64,0,96,150,0,150,246
05/28/2017,CRE,SC,ASO,ES,Federal Contract Tower,0,4,10,0,14,0,64,41,0,105,0,68,51,0,119,76,0,76,195
05/29/2017,CRE,SC,ASO,ES,Federal Contract Tower,0,1,21,4,26,0,26,40,0,66,0,27,61,4,92,62,0,62,154
05/30/2017,CRE,SC,ASO,ES,Federal Contract Tower,0,1,9,0,10,0,14,27,4,45,0,15,36,4,55,20,0,20,75
05/31/2017,CRE,SC,ASO,ES,Federal Contract Tower,0,0,14,0,14,0,20,46,0,66,0,20,60,0,80,78,0,78,158
06/01/2017,CRE,SC,ASO,ES,Federal Contract Tower,0,1,12,2,15,0,29,47,0,76,0,30,59,2,91,92,0,92,183
06/02/2017,CRE,SC,ASO,ES,Federal Contract Tower,0,6,18,1,25,0,12,46,2,60,0,18,64,3,85,42,0,42,127
06/03/2017,CRE,SC,ASO,ES,Federal Contract Tower,0,0,24,0,24,0,16,46,0,62,0,16,70,0,86,68,0,68,154
06/04/2017,CRE,SC,ASO,ES,Federal Contract Tower,0,3,15,0,18,0,20,30,2,52,0,23,45,2,70,36,0,36,106
06/05/2017,CRE,SC,ASO,ES,Federal Contract Tower,0,3,14,0,17,0,12,28,0,40,0,15,42,0,57,40,0,40,97
06/06/2017,CRE,SC,ASO,ES,Federal Contract Tower,0,0,16,0,16,0,12,2,0,14,0,12,18,0,30,0,0,0,30
06/07/2017,CRE,SC,ASO,ES,Federal Contract Tower,0,2,15,4,21,0,0,6,0,6,0,2,21,4,27,2,0,2,29
06/08/2017,CRE,SC,ASO,ES,Federal Contract Tower,0,3,32,2,37,0,8,6,3,17,0,11,38,5,54,0,0,0,54
06/09/2017,CRE,SC,ASO,ES,Federal Contract Tower,0,0,18,2,20,0,32,55,0,87,0,32,73,2,107,64,0,64,171
06/10/2017,CRE,SC,ASO,ES,Federal Contract Tower,0,0,12,0,12,0,40,84,0,124,0,40,96,0,136,70,0,70,206
06/11/2017,CRE,SC,ASO,ES,Federal Contract Tower,0,1,27,0,28,0,16,88,0,104,0,17,115,0,132,106,0,106,238
06/12/2017,CRE,SC,ASO,ES,Federal Contract Tower,0,5,12,0,17,0,22,48,2,72,0,27,60,2,89,72,0,72,161
06/13/2017,CRE,SC,ASO,ES,Federal Contract Tower,0,2,21,0,23,0,42,73,1,116,0,44,94,1,139,84,0,84,223
06/14/2017,CRE,SC,ASO,ES,Federal Contract Tower,0,2,10,3,15,0,62,58,0,120,0,64,68,3,135,58,0,58,193
06/15/2017,CRE,SC,ASO,ES,Federal Contract Tower,0,0,22,1,23,0,25,56,0,81,0,25,78,1,104,48,0,48,152
06/16/2017,CRE,SC,ASO,ES,Federal Contract Tower,0,0,18,0,18,0,26,43,0,69,0,26,61,0,87,70,0,70,157
06/17/2017,CRE,SC,ASO,ES,Federal Contract Tower,0,2,12,0,14,0,52,62,0,114,0,54,74,0,128,70,0,70,198
06/18/2017,CRE,SC,ASO,ES,Federal Contract Tower,0,0,35,0,35,0,30,71,0,101,0,30,106,0,136,84,0,84,220
06/19/2017,CRE,SC,ASO,ES,Federal Contract Tower,0,0,13,0,13,0,30,43,2,75,0,30,56,2,88,84,0,84,172
06/20/2017,CRE,SC,ASO,ES,Federal Contract Tower,0,0,10,0,10,0,4,28,4,36,0,4,38,4,46,32,0,32,78
06/21/2017,CRE,SC,ASO,ES,Federal Contract Tower,0,3,24,0,27,0,30,27,0,57,0,33,51,0,84,58,0,58,142
06/22/2017,CRE,SC,ASO,ES,Federal Contract Tower,0,2,25,0,27,0,14,24,0,38,0,16,49,0,65,24,0,24,89
06/23/2017,CRE,SC,ASO,ES,Federal Contract Tower,0,4,51,0,55,0,48,48,0,96,0,52,99,0,151,110,0,110,261
06/24/2017,CRE,SC,ASO,ES,Federal Contract Tower,0,1,23,0,24,0,16,43,0,59,0,17,66,0,83,48,0,48,131
06/25/2017,CRE,SC,ASO,ES,Federal Contract Tower,0,3,20,0,23,0,28,45,0,73,0,31,65,0,96,52,0,52,148
06/26/2017,CRE,SC,ASO,ES,Federal Contract Tower,0,0,13,0,13,0,26,43,0,69,0,26,56,0,82,148,0,148,230
06/27/2017,CRE,SC,ASO,ES,Federal Contract Tower,0,0,12,6,18,0,18,51,4,73,0,18,63,10,91,118,0,118,209
06/28/2017,CRE,SC,ASO,ES,Federal Contract Tower,0,1,10,3,14,0,56,59,3,118,0,57,69,6,132,146,0,146,278
06/29/2017,CRE,SC,ASO,ES,Federal Contract Tower,0,5,27,0,32,0,80,56,0,136,0,85,83,0,168,154,0,154,322
06/30/2017,CRE,SC,ASO,ES,Federal Contract Tower,0,2,24,0,26,0,40,41,0,81,0,42,65,0,107,38,0,38,145
07/01/2017,CRE,SC,ASO,ES,Federal Contract Tower,0,7,36,0,43,0,56,52,0,108,0,63,88,0,151,102,0,102,253
07/02/2017,CRE,SC,ASO,ES,Federal Contract Tower,0,4,10,0,14,0,90,56,0,146,0,94,66,0,160,126,0,126,286
07/03/2017,CRE,SC,ASO,ES,Federal Contract Tower,0,0,14,0,14,0,100,55,0,155,0,100,69,0,169,92,0,92,261
07/04/2017,CRE,SC,ASO,ES,Federal Contract Tower,0,2,10,0,12,0,56,49,0,105,0,58,59,0,117,136,0,136,253
07/05/2017,CRE,SC,ASO,ES,Federal Contract Tower,0,2,22,0,24,0,96,56,0,152,0,98,78,0,176,124,0,124,300
07/06/2017,CRE,SC,ASO,ES,Federal Contract Tower,0,6,30,2,38,0,84,68,0,152,0,90,98,2,190,130,0,130,320
07/07/2017,CRE,SC,ASO,ES,Federal Contract Tower,0,2,24,2,28,0,59,73,2,134,0,61,97,4,162,126,0,126,288
07/08/2017,CRE,SC,ASO,ES,Federal Contract Tower,0,4,24,0,28,0,36,67,0,103,0,40,91,0,131,112,0,112,243
07/09/2017,CRE,SC,ASO,ES,Federal Contract Tower,0,5,22,0,27,0,44,51,0,95,0,49,73,0,122,100,0,100,222
07/10/2017,CRE,SC,ASO,ES,Federal Contract Tower,0,2,14,0,16,0,39,17,4,60,0,41,31,4,76,32,0,32,108
07/11/2017,CRE,SC,ASO,ES,Federal Contract Tower,0,0,12,2,14,0,32,75,1,108,0,32,87,3,122,92,0,92,214
07/12/2017,CRE,SC,ASO,ES,Federal Contract Tower,0,0,18,2,20,0,62,82,2,146,0,62,100,4,166,120,0,120,286
07/13/2017,CRE,SC,ASO,ES,Federal Contract Tower,0,0,23,0,23,0,83,52,4,139,0,83,75,4,162,142,0,142,304
07/14/2017,CRE,SC,ASO,ES,Federal Contract Tower,0,2,20,2,24,0,70,52,3,125,0,72,72,5,149,176,0,176,325
07/15/2017,CRE,SC,ASO,ES,Federal Contract Tower,0,0,15,0,15,0,18,42,0,60,0,18,57,0,75,120,0,120,195
07/16/2017,CRE,SC,ASO,ES,Federal Contract Tower,0,0,13,0,13,0,18,51,0,69,0,18,64,0,82,80,0,80,162
07/17/2017,CRE,SC,ASO,ES,Federal Contract Tower,0,0,14,1,15,0,14,25,4,43,0,14,39,5,58,38,0,38,96
07/18/2017,CRE,SC,ASO,ES,Federal Contract Tower,0,2,21,0,23,0,12,54,0,66,0,14,75,0,89,74,0,74,163
07/19/2017,CRE,SC,ASO,ES,Federal Contract Tower,0,3,20,0,23,0,37,47,0,84,0,40,67,0,107,126,0,126,233
07/20/2017,CRE,SC,ASO,ES,Federal Contract Tower,0,1,17,0,18,0,22,52,2,76,0,23,69,2,94,130,0,130,224
07/21/2017,CRE,SC,ASO,ES,Federal Contract Tower,0,0,23,0,23,0,80,98,4,182,0,80,121,4,205,80,0,80,285
07/22/2017,CRE,SC,ASO,ES,Federal Contract Tower,0,5,11,0,16,0,70,69,2,141,0,75,80,2,157,108,0,108,265
07/23/2017,CRE,SC,ASO,ES,Federal Contract Tower,0,3,9,0,12,0,34,48,0,82,0,37,57,0,94,64,0,64,158
07/24/2017,CRE,SC,ASO,ES,Federal Contract Tower,0,5,16,0,21,0,24,49,2,75,0,29,65,2,96,120,0,120,216
07/25/2017,CRE,SC,ASO,ES,Federal Contract Tower,0,3,11,10,24,0,42,43,0,85,0,45,54,10,109,98,0,98,207
07/26/2017,CRE,SC,ASO,ES,Federal Contract Tower,0,2,25,4,31,0,26,44,0,70,0,28,69,4,101,66,0,66,167
07/27/2017,CRE,SC,ASO,ES,Federal Contract Tower,0,4,23,2,29,0,58,50,0,108,0,62,73,2,137,102,0,102,239
07/28/2017,CRE,SC,ASO,ES,Federal Contract Tower,0,0,20,0,20,0,58,56,0,114,0,58,76,0,134,78,0,78,212
07/29/2017,CRE,SC,ASO,ES,Federal Contract Tower,0,4,19,0,23,0,30,22,2,54,0,34,41,2,77,32,0,32,109
07/30/2017,CRE,SC,ASO,ES,Federal Contract Tower,0,1,22,0,23,0,38,48,0,86,0,39,70,0,109,106,0,106,215
07/31/2017,CRE,SC,ASO,ES,Federal Contract Tower,0,0,12,0,12,0,34,51,4,89,0,34,63,4,101,98,0,98,199
08/01/2017,CRE,SC,ASO,ES,Federal Contract Tower,0,2,16,7,25,0,56,53,3,112,0,58,69,10,137,90,0,90,227
08/02/2017,CRE,SC,ASO,ES,Federal Contract Tower,0,2,17,2,21,0,55,65,3,123,0,57,82,5,144,136,0,136,280
08/03/2017,CRE,SC,ASO,ES,Federal Contract Tower,0,0,27,0,27,0,31,54,0,85,0,31,81,0,112,104,0,104,216
08/04/2017,CRE,SC,ASO,ES,Federal Contract Tower,0,2,24,2,28,0,58,39,0,97,0,60,63,2,125,120,0,120,245
08/05/2017,CRE,SC,ASO,ES,Federal Contract Tower,0,0,27,1,28,0,30,44,0,74,0,30,71,1,102,74,0,74,176
08/06/2017,CRE,SC,ASO,ES,Federal Contract Tower,0,0,20,0,20,0,28,38,1,67,0,28,58,1,87,106,0,106,193
08/07/2017,CRE,SC,ASO,ES,Federal Contract Tower,0,2,12,0,14,0,28,20,0,48,0,30,32,0,62,50,0,50,112
08/08/2017,CRE,SC,ASO,ES,Federal Contract Tower,0,1,7,0,8,0,2,16,0,18,0,3,23,0,26,14,0,14,40
08/09/2017,CRE,SC,ASO,ES,Federal Contract Tower,0,0,12,4,16,0,8,0,0,8,0,8,12,4,24,0,0,0,24
08/10/2017,CRE,SC,ASO,ES,Federal Contract Tower,0,0,22,4,26,0,18,19,0,37,0,18,41,4,63,26,10,36,99
08/11/2017,CRE,SC,ASO,ES,Federal Contract Tower,0,0,15,0,15,0,72,24,2,98,0,72,39,2,113,126,0,126,239
08/12/2017,CRE,SC,ASO,ES,Federal Contract Tower,0,4,20,0,24,0,8,35,2,45,0,12,55,2,69,30,0,30,99
08/13/2017,CRE,SC,ASO,ES,Federal Contract Tower,0,0,20,0,20,0,27,33,0,60,0,27,53,0,80,94,0,94,174
08/14/2017,CRE,SC,ASO,ES,Federal Contract Tower,0,0,6,0,6,0,23,26,1,50,0,23,32,1,56,86,0,86,142
08/15/2017,CRE,SC,ASO,ES,Federal Contract Tower,0,0,16,2,18,0,19,45,2,66,0,19,61,4,84,80,0,80,164
08/16/2017,CRE,SC,ASO,ES,Federal Contract Tower,0,0,14,0,14,0,15,38,3,56,0,15,52,3,70,106,0,106,176
08/17/2017,CRE,SC,ASO,ES,Federal Contract Tower,0,0,19,0,19,0,32,30,0,62,0,32,49,0,81,42,0,42,123
08/18/2017,CRE,SC,ASO,ES,Federal Contract Tower,0,0,19,0,19,0,54,46,2,102,0,54,65,2,121,102,0,102,223
08/19/2017,CRE,SC,ASO,ES,Federal Contract Tower,0,1,22,0,23,0,24,42,1,67,0,25,64,1,90,98,0,98,188
08/20/2017,CRE,SC,ASO,ES,Federal Contract Tower,0,1,23,0,24,0,38,44,2,84,0,39,67,2,108,132,2,134,242
08/21/2017,CRE,SC,ASO,ES,Federal Contract Tower,0,0,26,0,26,0,19,37,2,58,0,19,63,2,84,44,0,44,128
08/22/2017,CRE,SC,ASO,ES,Federal Contract Tower,0,0,16,8,24,0,32,38,2,72,0,32,54,10,96,56,0,56,152
08/23/2017,CRE,SC,ASO,ES,Federal Contract Tower,0,0,10,8,18,0,68,45,0,113,0,68,55,8,131,64,4,68,199
08/24/2017,CRE,SC,ASO,ES,Federal Contract Tower,0,0,12,2,14,0,18,17,0,35,0,18,29,2,49,84,0,84,133
08/25/2017,CRE,SC,ASO,ES,Federal Contract Tower,0,3,27,0,30,0,46,70,0,116,0,49,97,0,146,62,0,62,208
08/26/2017,CRE,SC,ASO,ES,Federal Contract Tower,0,1,14,0,15,0,25,54,0,79,0,26,68,0,94,76,0,76,170
08/27/2017,CRE,SC,ASO,ES,Federal Contract Tower,0,5,28,0,33,0,39,45,0,84,0,44,73,0,117,66,0,66,183
08/28/2017,CRE,SC,ASO,ES,Federal Contract Tower,0,1,3,0,4,0,10,1,0,11,0,11,4,0,15,0,0,0,15
08/29/2017,CRE,SC,ASO,ES,Federal Contract Tower,0,0,6,6,12,0,8,2,0,10,0,8,8,6,22,0,0,0,22
08/30/2017,CRE,SC,ASO,ES,Federal Contract Tower,0,6,17,2,25,0,19,61,1,81,0,25,78,3,106,40,0,40,146
08/31/2017,CRE,SC,ASO,ES,Federal Contract Tower,0,0,11,0,11,0,30,25,0,55,0,30,36,0,66,48,0,48,114
09/01/2017,CRE,SC,ASO,ES,Federal Contract Tower,0,2,18,0,20,0,9,31,0,40,0,11,49,0,60,52,0,52,112
09/02/2017,CRE,SC,ASO,ES,Federal Contract Tower,0,2,13,0,15,0,22,14,0,36,0,24,27,0,51,46,0,46,97
09/03/2017,CRE,SC,ASO,ES,Federal Contract Tower,0,0,17,0,17,0,84,58,4,146,0,84,75,4,163,172,0,172,335
09/04/2017,CRE,SC,ASO,ES,Federal Contract Tower,0,2,21,0,23,0,58,65,2,125,0,60,86,2,148,60,0,60,208
09/05/2017,CRE,SC,ASO,ES,Federal Contract Tower,0,2,11,2,15,0,24,12,2,38,0,26,23,4,53,2,0,2,55
09/06/2017,CRE,SC,ASO,ES,Federal Contract Tower,0,2,9,1,12,0,3,18,2,23,0,5,27,3,35,0,0,0,35
09/07/2017,CRE,SC,ASO,ES,Federal Contract Tower,0,0,26,8,34,0,25,21,17,63,0,25,47,25,97,12,2,14,111
09/08/2017,CRE,SC,ASO,ES,Federal Contract Tower,0,0,23,0,23,0,8,21,0,29,0,8,44,0,52,0,0,0,52
09/09/2017,CRE,SC,ASO,ES,Federal Contract Tower,0,0,11,0,11,0,33,16,0,49,0,33,27,0,60,0,0,0,60
09/10/2017,CRE,SC,ASO,ES,Federal Contract Tower,0,0,11,0,11,0,4,6,0,10,0,4,17,0,21,0,0,0,21
09/11/2017,CRE,SC,ASO,ES,Federal Contract Tower,0,0,6,0,6,0,0,0,0,0,0,0,6,0,6,0,0,0,6
09/12/2017,CRE,SC,ASO,ES,Federal Contract Tower,0,0,10,0,10,0,0,11,0,11,0,0,21,0,21,0,0,0,21
09/13/2017,CRE,SC,ASO,ES,Federal Contract Tower,0,3,18,0,21,0,6,21,0,27,0,9,39,0,48,0,0,0,48
09/14/2017,CRE,SC,ASO,ES,Federal Contract Tower,0,0,11,0,11,0,6,3,7,16,0,6,14,7,27,0,0,0,27
09/15/2017,CRE,SC,ASO,ES,Federal Contract Tower,0,0,19,0,19,0,6,25,0,31,0,6,44,0,50,2,0,2,52
09/16/2017,CRE,SC,ASO,ES,Federal Contract Tower,0,2,16,0,18,0,14,29,6,49,0,16,45,6,67,0,0,0,67
09/17/2017,CRE,SC,ASO,ES,Federal Contract Tower,0,1,36,0,37,0,6,14,2,22,0,7,50,2,59,0,0,0,59
09/18/2017,CRE,SC,ASO,ES,Federal Contract Tower,0,0,16,2,18,0,8,9,2,19,0,8,25,4,37,0,0,0,37
09/19/2017,CRE,SC,ASO,ES,Federal Contract Tower,0,0,14,6,20,0,14,27,0,41,0,14,41,6,61,10,0,10,71
09/20/2017,CRE,SC,ASO,ES,Federal Contract Tower,0,2,14,2,18,0,10,17,0,27,0,12,31,2,45,0,0,0,45
09/21/2017,CRE,SC,ASO,ES,Federal Contract Tower,0,2,16,0,18,0,10,14,2,26,0,12,30,2,44,2,0,2,46
09/22/2017,CRE,SC,ASO,ES,Federal Contract Tower,0,2,21,6,29,0,17,28,1,46,0,19,49,7,75,14,6,20,95
09/23/2017,CRE,SC,ASO,ES,Federal Contract Tower,0,0,19,0,19,0,16,30,4,50,0,16,49,4,69,0,0,0,69
09/24/2017,CRE,SC,ASO,ES,Federal Contract Tower,0,0,25,2,27,0,12,36,0,48,0,12,61,2,75,0,0,0,75
09/25/2017,CRE,SC,ASO,ES,Federal Contract Tower,0,1,17,0,18,0,19,3,2,24,0,20,20,2,42,0,0,0,42
09/26/2017,CRE,SC,ASO,ES,Federal Contract Tower,0,1,6,0,7,0,4,4,0,8,0,5,10,0,15,0,0,0,15
09/27/2017,CRE,SC,ASO,ES,Federal Contract Tower,0,1,17,2,20,0,10,13,0,23,0,11,30,2,43,2,26,28,71
09/28/2017,CRE,SC,ASO,ES,Federal Contract Tower,0,5,14,0,19,0,16,12,4,32,0,21,26,4,51,2,0,2,53
09/29/2017,CRE,SC,ASO,ES,Federal Contract Tower,0,0,27,0,27,0,26,33,8,67,0,26,60,8,94,6,0,6,100
09/30/2017,CRE,SC,ASO,ES,Federal Contract Tower,0,1,30,0,31,0,34,40,10,84,0,35,70,10,115,134,0,134,249
10/01/2017,CRE,SC,ASO,ES,Federal Contract Tower,0,2,16,0,18,0,6,27,3,36,0,8,43,3,54,6,0,6,60
10/02/2017,CRE,SC,ASO,ES,Federal Contract Tower,0,1,13,0,14,0,13,21,2,36,0,14,34,2,50,0,0,0,50
10/03/2017,CRE,SC,ASO,ES,Federal Contract Tower,0,2,12,1,15,0,8,30,1,39,0,10,42,2,54,14,0,14,68
10/04/2017,CRE,SC,ASO,ES,Federal Contract Tower,0,0,11,0,11,0,6,17,1,24,0,6,28,1,35,0,0,0,35
10/05/2017,CRE,SC,ASO,ES,Federal Contract Tower,0,0,21,1,22,0,2,23,1,26,0,2,44,2,48,4,0,4,52
10/06/2017,CRE,SC,ASO,ES,Federal Contract Tower,0,0,30,2,32,0,4,29,6,39,0,4,59,8,71,10,0,10,81
10/07/2017,CRE,SC,ASO,ES,Federal Contract Tower,0,0,27,6,33,0,0,14,5,19,0,0,41,11,52,6,0,6,58
10/08/2017,CRE,SC,ASO,ES,Federal Contract Tower,0,0,12,0,12,0,2,6,1,9,0,2,18,1,21,8,0,8,29
10/09/2017,CRE,SC,ASO,ES,Federal Contract Tower,0,2,9,0,11,0,0,3,0,3,0,2,12,0,14,0,0,0,14
10/10/2017,CRE,SC,ASO,ES,Federal Contract Tower,0,0,20,4,24,0,12,13,8,33,0,12,33,12,57,0,0,0,57
10/11/2017,CRE,SC,ASO,ES,Federal Contract Tower,0,2,9,4,15,0,4,12,0,16,0,6,21,4,31,2,0,2,33
10/12/2017,CRE,SC,ASO,ES,Federal Contract Tower,0,1,14,4,19,0,12,12,0,24,0,13,26,4,43,6,0,6,49
10/13/2017,CRE,SC,ASO,ES,Federal Contract Tower,0,5,30,2,37,0,16,16,0,32,0,21,46,2,69,0,38,38,107
10/14/2017,CRE,SC,ASO,ES,Federal Contract Tower,0,4,22,2,28,0,14,5,0,19,0,18,27,2,47,0,0,0,47
10/15/2017,CRE,SC,ASO,ES,Federal Contract Tower,0,0,30,0,30,0,4,32,0,36,0,4,62,0,66,2,0,2,68
10/16/2017,CRE,SC,ASO,ES,Federal Contract Tower,0,0,7,0,7,0,0,1,12,13,0,0,8,12,20,0,0,0,20
10/17/2017,CRE,SC,ASO,ES,Federal Contract Tower,0,1,13,2,16,0,4,18,8,30,0,5,31,10,46,0,0,0,46
10/18/2017,CRE,SC,ASO,ES,Federal Contract Tower,0,5,18,0,23,0,18,36,3,57,0,23,54,3,80,6,0,6,86
10/19/2017,CRE,SC,ASO,ES,Federal Contract Tower,0,1,14,0,15,0,6,36,0,42,0,7,50,0,57,10,0,10,67
10/20/2017,CRE,SC,ASO,ES,Federal Contract Tower,0,6,20,2,28,0,30,54,2,86,0,36,74,4,114,16,2,18,132
10/21/2017,CRE,SC,ASO,ES,Federal Contract Tower,0,0,22,0,22,0,24,34,1,59,0,24,56,1,81,10,0,10,91
10/22/2017,CRE,SC,ASO,ES,Federal Contract Tower,0,5,26,0,31,0,8,36,0,44,0,13,62,0,75,4,0,4,79
10/23/2017,CRE,SC,ASO,ES,Federal Contract Tower,0,0,6,2,8,0,0,1,0,1,0,0,7,2,9,0,0,0,9
10/24/2017,CRE,SC,ASO,ES,Federal Contract Tower,0,2,14,2,18,0,4,12,0,16,0,6,26,2,34,0,0,0,34
10/25/2017,CRE,SC,ASO,ES,Federal Contract Tower,0,3,20,0,23,0,2,16,0,18,0,5,36,0,41,0,0,0,41
10/26/2017,CRE,SC,ASO,ES,Federal Contract Tower,0,0,21,0,21,0,2,20,1,23,0,2,41,1,44,0,0,0,44
10/27/2017,CRE,SC,ASO,ES,Federal Contract Tower,0,0,24,2,26,0,12,24,10,46,0,12,48,12,72,48,0,48,120
10/28/2017,CRE,SC,ASO,ES,Federal Contract Tower,0,0,18,0,18,0,10,29,0,39,0,10,47,0,57,0,0,0,57
10/29/2017,CRE,SC,ASO,ES,Federal Contract Tower,0,2,11,0,13,0,1,11,0,12,0,3,22,0,25,0,0,0,25
10/30/2017,CRE,SC,ASO,ES,Federal Contract Tower,0,0,13,0,13,0,0,17,2,19,0,0,30,2,32,0,0,0,32
10/31/2017,CRE,SC,ASO,ES,Federal Contract Tower,0,3,6,0,9,0,1,22,5,28,0,4,28,5,37,0,0,0,37
11/01/2017,CRE,SC,ASO,ES,Federal Contract Tower,0,2,19,2,23,0,6,21,0,27,0,8,40,2,50,4,0,4,54
11/02/2017,CRE,SC,ASO,ES,Federal Contract Tower,0,0,24,0,24,0,2,27,4,33,0,2,51,4,57,0,0,0,57
11/03/2017,CRE,SC,ASO,ES,Federal Contract Tower,0,0,34,2,36,0,4,31,0,35,0,4,65,2,71,2,0,2,73
11/04/2017,CRE,SC,ASO,ES,Federal Contract Tower,0,0,24,2,26,0,0,32,0,32,0,0,56,2,58,6,0,6,64
11/05/2017,CRE,SC,ASO,ES,Federal Contract Tower,0,0,34,0,34,0,0,4,0,4,0,0,38,0,38,0,0,0,38
11/06/2017,CRE,SC,ASO,ES,Federal Contract Tower,0,2,21,0,23,0,4,18,0,22,0,6,39,0,45,0,0,0,45
11/07/2017,CRE,SC,ASO,ES,Federal Contract Tower,0,4,5,4,13,0,7,29,8,44,0,11,34,12,57,8,0,8,65
11/08/2017,CRE,SC,ASO,ES,Federal Contract Tower,0,1,14,2,17,0,0,4,0,4,0,1,18,2,21,0,0,0,21
11/09/2017,CRE,SC,ASO,ES,Federal Contract Tower,0,0,6,2,8,0,0,0,0,0,0,0,6,2,8,0,0,0,8
11/10/2017,CRE,SC,ASO,ES,Federal Contract Tower,0,0,18,0,18,0,14,20,0,34,0,14,38,0,52,18,0,18,70
11/11/2017,CRE,SC,ASO,ES,Federal Contract Tower,0,0,15,0,15,0,16,14,0,30,0,16,29,0,45,0,0,0,45
11/12/2017,CRE,SC,ASO,ES,Federal Contract Tower,0,0,14,0,14,0,0,17,0,17,0,0,31,0,31,0,0,0,31
11/13/2017,CRE,SC,ASO,ES,Federal Contract Tower,0,2,12,4,18,0,4,4,1,9,0,6,16,5,27,0,30,30,57
11/14/2017,CRE,SC,ASO,ES,Federal Contract Tower,0,0,15,0,15,0,0,14,0,14,0,0,29,0,29,0,0,0,29
11/15/2017,CRE,SC,ASO,ES,Federal Contract Tower,0,2,16,0,18,0,2,15,0,17,0,4,31,0,35,0,0,0,35
11/16/2017,CRE,SC,ASO,ES,Federal Contract Tower,0,0,29,0,29,0,0,26,0,26,0,0,55,0,55,14,0,14,69
11/17/2017,CRE,SC,ASO,ES,Federal Contract Tower,0,2,35,2,39,0,6,32,4,42,0,8,67,6,81,0,0,0,81
11/18/2017,CRE,SC,ASO,ES,Federal Contract Tower,0,2,12,0,14,0,2,32,0,34,0,4,44,0,48,80,0,80,128
11/19/2017,CRE,SC,ASO,ES,Federal Contract Tower,0,2,16,0,18,0,4,17,0,21,0,6,33,0,39,0,0,0,39
11/20/2017,CRE,SC,ASO,ES,Federal Contract Tower,0,3,14,2,19,0,6,20,2,28,0,9,34,4,47,0,0,0,47
11/21/2017,CRE,SC,ASO,ES,Federal Contract Tower,0,1,12,2,15,0,0,15,4,19,0,1,27,6,34,0,0,0,34
11/22/2017,CRE,SC,ASO,ES,Federal Contract Tower,0,2,13,0,15,0,2,27,0,29,0,4,40,0,44,18,0,18,62
11/23/2017,CRE,SC,ASO,ES,Federal Contract Tower,0,0,4,0,4,0,0,10,0,10,0,0,14,0,14,2,0,2,16
11/24/2017,CRE,SC,ASO,ES,Federal Contract Tower,0,2,16,0,18,0,10,32,0,42,0,12,48,0,60,16,0,16,76
11/25/2017,CRE,SC,ASO,ES,Federal Contract Tower,0,1,17,0,18,0,22,38,0,60,0,23,55,0,78,16,0,16,94
11/26/2017,CRE,SC,ASO,ES,Federal Contract Tower,0,3,24,0,27,0,4,36,0,40,0,7,60,0,67,6,0,6,73
11/27/2017,CRE,SC,ASO,ES,Federal Contract Tower,0,2,21,8,31,0,2,19,0,21,0,4,40,8,52,4,0,4,56
11/28/2017,CRE,SC,ASO,ES,Federal Contract Tower,0,0,15,2,17,0,0,22,0,22,0,0,37,2,39,0,0,0,39
11/29/2017,CRE,SC,ASO,ES,Federal Contract Tower,0,0,7,0,7,0,14,23,0,37,0,14,30,0,44,54,0,54,98
11/30/2017,CRE,SC,ASO,ES,Federal Contract Tower,0,0,14,2,16,0,6,21,0,27,0,6,35,2,43,0,0,0,43
12/01/2017,CRE,SC,ASO,ES,Federal Contract Tower,0,4,8,0,12,0,4,33,0,37,0,8,41,0,49,22,0,22,71
12/02/2017,CRE,SC,ASO,ES,Federal Contract Tower,0,2,11,3,16,0,6,14,0,20,0,8,25,3,36,6,0,6,42
12/03/2017,CRE,SC,ASO,ES,Federal Contract Tower,0,1,15,0,16,0,2,30,0,32,0,3,45,0,48,38,0,38,86
12/04/2017,CRE,SC,ASO,ES,Federal Contract Tower,0,0,20,0,20,0,2,26,8,36,0,2,46,8,56,10,0,10,66
12/05/2017,CRE,SC,ASO,ES,Federal Contract Tower,0,4,15,0,19,0,0,10,6,16,0,4,25,6,35,10,4,14,49
12/06/2017,CRE,SC,ASO,ES,Federal Contract Tower,0,0,9,2,11,0,0,0,0,0,0,0,9,2,11,0,0,0,11
12/07/2017,CRE,SC,ASO,ES,Federal Contract Tower,0,0,8,0,8,0,0,4,0,4,0,0,12,0,12,0,0,0,12
12/08/2017,CRE,SC,ASO,ES,Federal Contract Tower,0,0,13,0,13,0,0,0,0,0,0,0,13,0,13,0,0,0,13
12/09/2017,CRE,SC,ASO,ES,Federal Contract Tower,0,0,7,0,7,0,0,0,0,0,0,0,7,0,7,0,0,0,7
12/10/2017,CRE,SC,ASO,ES,Federal Contract Tower,0,0,16,0,16,0,0,33,0,33,0,0,49,0,49,4,0,4,53
12/11/2017,CRE,SC,ASO,ES,Federal Contract Tower,0,4,24,8,36,0,0,29,0,29,0,4,53,8,65,2,0,2,67
12/12/2017,CRE,SC,ASO,ES,Federal Contract Tower,0,0,11,0,11,0,0,7,2,9,0,0,18,2,20,0,0,0,20
12/13/2017,CRE,SC,ASO,ES,Federal Contract Tower,0,0,8,3,11,0,2,19,4,25,0,2,27,7,36,8,0,8,44
12/14/2017,CRE,SC,ASO,ES,Federal Contract Tower,0,0,17,0,17,0,0,19,0,19,0,0,36,0,36,6,0,6,42
12/15/2017,CRE,SC,ASO,ES,Federal Contract Tower,0,0,22,0,22,0,0,10,1,11,0,0,32,1,33,6,0,6,39
12/16/2017,CRE,SC,ASO,ES,Federal Contract Tower,0,4,16,0,20,0,6,43,1,50,0,10,59,1,70,48,0,48,118
12/17/2017,CRE,SC,ASO,ES,Federal Contract Tower,0,0,13,0,13,0,0,28,0,28,0,0,41,0,41,44,0,44,85
12/18/2017,CRE,SC,ASO,ES,Federal Contract Tower,0,0,12,0,12,0,0,6,0,6,0,0,18,0,18,0,0,0,18
12/19/2017,CRE,SC,ASO,ES,Federal Contract Tower,0,1,10,0,11,0,0,30,2,32,0,1,40,2,43,22,0,22,65
12/20/2017,CRE,SC,ASO,ES,Federal Contract Tower,0,0,5,8,13,0,0,1,0,1,0,0,6,8,14,0,0,0,14
12/21/2017,CRE,SC,ASO,ES,Federal Contract Tower,0,0,10,0,10,0,2,14,0,16,0,2,24,0,26,8,0,8,34
12/22/2017,CRE,SC,ASO,ES,Federal Contract Tower,0,0,14,0,14,0,4,17,0,21,0,4,31,0,35,10,0,10,45
12/23/2017,CRE,SC,ASO,ES,Federal Contract Tower,0,0,11,0,11,0,4,18,0,22,0,4,29,0,33,8,0,8,41
12/24/2017,CRE,SC,ASO,ES,Federal Contract Tower,0,2,3,0,5,0,0,0,0,0,0,2,3,0,5,0,0,0,5
12/25/2017,CRE,SC,ASO,ES,Federal Contract Tower,0,0,2,0,2,0,0,2,0,2,0,0,4,0,4,0,0,0,4
12/26/2017,CRE,SC,ASO,ES,Federal Contract Tower,0,0,12,0,12,0,0,29,0,29,0,0,41,0,41,4,0,4,45
12/27/2017,CRE,SC,ASO,ES,Federal Contract Tower,0,0,13,0,13,0,2,3,0,5,0,2,16,0,18,0,0,0,18
12/28/2017,CRE,SC,ASO,ES,Federal Contract Tower,0,2,24,2,28,0,4,21,0,25,0,6,45,2,53,6,0,6,59
12/29/2017,CRE,SC,ASO,ES,Federal Contract Tower,0,1,18,2,21,0,10,10,0,20,0,11,28,2,41,0,0,0,41
12/30/2017,CRE,SC,ASO,ES,Federal Contract Tower,0,2,19,0,21,0,0,40,0,40,0,2,59,0,61,38,0,38,99
12/31/2017,CRE,SC,ASO,ES,Federal Contract Tower,0,0,11,0,11,0,0,13,0,13,0,0,24,0,24,0,0,0,24
01/01/2018,CRE,SC,ASO,ES,Federal Contract Tower,0,0,17,0,17,0,0,21,0,21,0,0,38,0,38,4,0,4,42
01/02/2018,CRE,SC,ASO,ES,Federal Contract Tower,0,0,17,0,17,0,0,13,0,13,0,0,30,0,30,6,0,6,36
01/03/2018,CRE,SC,ASO,ES,Federal Contract Tower,0,0,4,0,4,0,0,1,0,1,0,0,5,0,5,0,0,0,5
01/04/2018,CRE,SC,ASO,ES,Federal Contract Tower,0,0,1,0,1,0,0,1,0,1,0,0,2,0,2,0,0,0,2
01/05/2018,CRE,SC,ASO,ES,Federal Contract Tower,0,0,7,0,7,0,0,5,0,5,0,0,12,0,12,0,0,0,12
01/06/2018,CRE,SC,ASO,ES,Federal Contract Tower,0,0,3,0,3,0,0,14,4,18,0,0,17,4,21,0,0,0,21
01/07/2018,CRE,SC,ASO,ES,Federal Contract Tower,0,0,18,0,18,0,0,15,0,15,0,0,33,0,33,0,0,0,33
01/08/2018,CRE,SC,ASO,ES,Federal Contract Tower,0,0,13,0,13,0,0,12,4,16,0,0,25,4,29,2,0,2,31
01/09/2018,CRE,SC,ASO,ES,Federal Contract Tower,0,0,27,4,31,0,0,33,2,35,0,0,60,6,66,2,0,2,68
01/10/2018,CRE,SC,ASO,ES,Federal Contract Tower,0,0,29,2,31,0,0,24,2,26,0,0,53,4,57,14,0,14,71
01/11/2018,CRE,SC,ASO,ES,Federal Contract Tower,0,0,6,1,7,0,0,4,0,4,0,0,10,1,11,0,0,0,11
01/12/2018,CRE,SC,ASO,ES,Federal Contract Tower,0,0,8,2,10,0,0,0,0,0,0,0,8,2,10,0,0,0,10
01/13/2018,CRE,SC,ASO,ES,Federal Contract Tower,0,0,12,0,12,0,0,17,2,19,0,0,29,2,31,10,0,10,41
01/14/2018,CRE,SC,ASO,ES,Federal Contract Tower,0,1,14,0,15,0,0,32,0,32,0,1,46,0,47,20,0,20,67
01/15/2018,CRE,SC,ASO,ES,Federal Contract Tower,0,0,14,1,15,0,12,36,0,48,0,12,50,1,63,0,0,0,63
01/16/2018,CRE,SC,ASO,ES,Federal Contract Tower,0,3,19,1,23,0,2,41,1,44,0,5,60,2,67,14,0,14,81
01/17/2018,CRE,SC,ASO,ES,Federal Contract Tower,0,0,8,0,8,0,0,19,0,19,0,0,27,0,27,0,0,0,27
01/18/2018,CRE,SC,ASO,ES,Federal Contract Tower,0,0,17,0,17,0,1,33,0,34,0,1,50,0,51,0,0,0,51
01/19/2018,CRE,SC,ASO,ES,Federal Contract Tower,0,4,12,1,17,0,4,21,1,26,0,8,33,2,43,12,0,12,55
01/20/2018,CRE,SC,ASO,ES,Federal Contract Tower,0,2,14,0,16,0,10,57,0,67,0,12,71,0,83,16,0,16,99
01/21/2018,CRE,SC,ASO,ES,Federal Contract Tower,0,0,16,0,16,0,0,41,0,41,0,0,57,0,57,10,0,10,67
01/22/2018,CRE,SC,ASO,ES,Federal Contract Tower,0,0,9,0,9,0,0,6,0,6,0,0,15,0,15,2,0,2,17
01/23/2018,CRE,SC,ASO,ES,Federal Contract Tower,0,0,14,0,14,0,0,3,0,3,0,0,17,0,17,0,0,0,17
01/24/2018,CRE,SC,ASO,ES,Federal Contract Tower,0,0,7,4,11,0,4,21,4,29,0,4,28,8,40,18,0,18,58
01/25/2018,CRE,SC,ASO,ES,Federal Contract Tower,0,0,19,0,19,0,3,16,0,19,0,3,35,0,38,0,0,0,38
01/26/2018,CRE,SC,ASO,ES,Federal Contract Tower,0,2,24,2,28,0,0,30,0,30,0,2,54,2,58,20,0,20,78
01/27/2018,CRE,SC,ASO,ES,Federal Contract Tower,0,0,6,0,6,0,4,41,0,45,0,4,47,0,51,158,0,158,209
01/28/2018,CRE,SC,ASO,ES,Federal Contract Tower,0,0,9,0,9,0,0,0,0,0,0,0,9,0,9,0,0,0,9
01/29/2018,CRE,SC,ASO,ES,Federal Contract Tower,0,0,6,0,6,0,0,0,0,0,0,0,6,0,6,0,0,0,6
01/30/2018,CRE,SC,ASO,ES,Federal Contract Tower,0,2,6,0,8,0,0,13,30,43,0,2,19,30,51,0,0,0,51
01/31/2018,CRE,SC,ASO,ES,Federal Contract Tower,0,2,12,0,14,0,0,27,0,27,0,2,39,0,41,10,0,10,51
02/01/2018,CRE,SC,ASO,ES,Federal Contract Tower,0,0,11,0,11,0,4,20,0,24,0,4,31,0,35,2,0,2,37
02/02/2018,CRE,SC,ASO,ES,Federal Contract Tower,0,2,12,0,14,0,0,8,2,10,0,2,20,2,24,2,0,2,26
02/03/2018,CRE,SC,ASO,ES,Federal Contract Tower,0,0,21,1,22,0,16,37,2,55,0,16,58,3,77,8,0,8,85
02/04/2018,CRE,SC,ASO,ES,Federal Contract Tower,0,0,9,0,9,0,0,1,0,1,0,0,10,0,10,0,0,0,10
02/05/2018,CRE,SC,ASO,ES,Federal Contract Tower,0,0,18,0,18,0,0,20,0,20,0,0,38,0,38,0,0,0,38
02/06/2018,CRE,SC,ASO,ES,Federal Contract Tower,0,0,12,2,14,0,2,29,0,31,0,2,41,2,45,6,0,6,51
02/07/2018,CRE,SC,ASO,ES,Federal Contract Tower,0,0,10,0,10,0,0,1,0,1,0,0,11,0,11,0,0,0,11
02/08/2018,CRE,SC,ASO,ES,Federal Contract Tower,0,3,15,0,18,0,0,8,0,8,0,3,23,0,26,12,0,12,38
02/09/2018,CRE,SC,ASO,ES,Federal Contract Tower,0,1,16,0,17,0,0,23,0,23,0,1,39,0,40,4,0,4,44
02/10/2018,CRE,SC,ASO,ES,Federal Contract Tower,0,0,4,0,4,0,0,2,0,2,0,0,6,0,6,10,0,10,16
02/11/2018,CRE,SC,ASO,ES,Federal Contract Tower,0,0,13,0,13,0,0,0,0,0,0,0,13,0,13,0,0,0,13
02/12/2018,CRE,SC,ASO,ES,Federal Contract Tower,0,0,16,8,24,0,0,4,0,4,0,0,20,8,28,0,0,0,28
02/13/2018,CRE,SC,ASO,ES,Federal Contract Tower,0,0,14,2,16,0,0,3,0,3,0,0,17,2,19,0,0,0,19
02/14/2018,CRE,SC,ASO,ES,Federal Contract Tower,0,3,12,2,17,0,0,3,0,3,0,3,15,2,20,0,0,0,20
02/15/2018,CRE,SC,ASO,ES,Federal Contract Tower,0,2,10,6,18,0,0,10,6,16,0,2,20,12,34,22,4,26,60
02/16/2018,CRE,SC,ASO,ES,Federal Contract Tower,0,0,20,0,20,0,2,13,0,15,0,2,33,0,35,10,0,10,45
02/17/2018,CRE,SC,ASO,ES,Federal Contract Tower,0,0,8,0,8,0,0,3,0,3,0,0,11,0,11,4,0,4,15
02/18/2018,CRE,SC,ASO,ES,Federal Contract Tower,0,0,21,0,21,0,0,24,0,24,0,0,45,0,45,2,0,2,47
02/19/2018,CRE,SC,ASO,ES,Federal Contract Tower,0,0,27,0,27,0,0,0,0,0,0,0,27,0,27,0,0,0,27
02/20/2018,CRE,SC,ASO,ES,Federal Contract Tower,0,0,14,0,14,0,0,9,0,9,0,0,23,0,23,0,0,0,23
02/21/2018,CRE,SC,ASO,ES,Federal Contract Tower,0,4,16,2,22,0,0,10,0,10,0,4,26,2,32,0,0,0,32
02/22/2018,CRE,SC,ASO,ES,Federal Contract Tower,0,0,15,2,17,0,0,17,2,19,0,0,32,4,36,0,0,0,36
02/23/2018,CRE,SC,ASO,ES,Federal Contract Tower,0,1,15,0,16,0,3,27,2,32,0,4,42,2,48,28,0,28,76
02/24/2018,CRE,SC,ASO,ES,Federal Contract Tower,0,0,19,0,19,0,14,15,0,29,0,14,34,0,48,8,0,8,56
02/25/2018,CRE,SC,ASO,ES,Federal Contract Tower,0,0,19,8,27,0,8,25,0,33,0,8,44,8,60,14,0,14,74
02/26/2018,CRE,SC,ASO,ES,Federal Contract Tower,0,2,8,2,12,0,4,2,4,10,0,6,10,6,22,0,0,0,22
02/27/2018,CRE,SC,ASO,ES,Federal Contract Tower,0,3,12,4,19,0,4,25,2,31,0,7,37,6,50,0,0,0,50
02/28/2018,CRE,SC,ASO,ES,Federal Contract Tower,0,0,16,1,17,0,4,10,1,15,0,4,26,2,32,0,0,0,32
03/01/2018,CRE,SC,ASO,ES,Federal Contract Tower,0,0,8,10,18,0,0,0,2,2,0,0,8,12,20,0,0,0,20
03/02/2018,CRE,SC,ASO,ES,Federal Contract Tower,0,0,12,3,15,0,0,2,1,3,0,0,14,4,18,0,0,0,18
03/03/2018,CRE,SC,ASO,ES,Federal Contract Tower,0,0,14,0,14,0,0,14,0,14,0,0,28,0,28,0,0,0,28
03/04/2018,CRE,SC,ASO,ES,Federal Contract Tower,0,6,31,0,37,0,4,31,3,38,0,10,62,3,75,0,0,0,75
03/05/2018,CRE,SC,ASO,ES,Federal Contract Tower,0,0,24,2,26,0,0,37,0,37,0,0,61,2,63,10,0,10,73
03/06/2018,CRE,SC,ASO,ES,Federal Contract Tower,0,2,7,5,14,0,0,18,0,18,0,2,25,5,32,0,0,0,32
03/07/2018,CRE,SC,ASO,ES,Federal Contract Tower,0,0,18,1,19,0,2,13,1,16,0,2,31,2,35,0,0,0,35
03/08/2018,CRE,SC,ASO,ES,Federal Contract Tower,0,5,15,1,21,0,12,20,3,35,0,17,35,4,56,6,0,6,62
03/09/2018,CRE,SC,ASO,ES,Federal Contract Tower,0,2,27,0,29,0,4,37,1,42,0,6,64,1,71,12,4,16,87
03/10/2018,CRE,SC,ASO,ES,Federal Contract Tower,0,2,16,0,18,0,2,21,0,23,0,4,37,0,41,0,0,0,41
03/11/2018,CRE,SC,ASO,ES,Federal Contract Tower,0,2,19,1,22,0,4,7,1,12,0,6,26,2,34,10,0,10,44
03/12/2018,CRE,SC,ASO,ES,Federal Contract Tower,0,0,5,4,9,0,0,0,0,0,0,0,5,4,9,0,0,0,9
03/13/2018,CRE,SC,ASO,ES,Federal Contract Tower,0,0,13,6,19,0,0,18,1,19,0,0,31,7,38,0,0,0,38
03/14/2018,CRE,SC,ASO,ES,Federal Contract Tower,0,0,19,3,22,0,0,9,3,12,0,0,28,6,34,0,0,0,34
03/15/2018,CRE,SC,ASO,ES,Federal Contract Tower,0,11,17,0,28,0,18,17,4,39,0,29,34,4,67,0,0,0,67
03/16/2018,CRE,SC,ASO,ES,Federal Contract Tower,0,2,20,0,22,0,22,33,0,55,0,24,53,0,77,6,0,6,83
03/17/2018,CRE,SC,ASO,ES,Federal Contract Tower,0,0,20,0,20,0,14,17,0,31,0,14,37,0,51,8,0,8,59
03/18/2018,CRE,SC,ASO,ES,Federal Contract Tower,0,8,37,0,45,0,4,26,2,32,0,12,63,2,77,0,0,0,77
03/19/2018,CRE,SC,ASO,ES,Federal Contract Tower,0,1,10,1,12,0,8,22,1,31,0,9,32,2,43,8,0,8,51
03/20/2018,CRE,SC,ASO,ES,Federal Contract Tower,0,3,13,0,16,0,0,7,0,7,0,3,20,0,23,8,0,8,31
03/21/2018,CRE,SC,ASO,ES,Federal Contract Tower,0,0,4,2,6,0,0,3,4,7,0,0,7,6,13,0,0,0,13
03/22/2018,CRE,SC,ASO,ES,Federal Contract Tower,0,3,19,0,22,0,0,28,1,29,0,3,47,1,51,0,0,0,51
03/23/2018,CRE,SC,ASO,ES,Federal Contract Tower,0,2,32,0,34,0,0,40,0,40,0,2,72,0,74,20,0,20,94
03/24/2018,CRE,SC,ASO,ES,Federal Contract Tower,0,1,12,0,13,0,0,26,1,27,0,1,38,1,40,8,0,8,48
03/25/2018,CRE,SC,ASO,ES,Federal Contract Tower,0,0,25,0,25,0,0,3,0,3,0,0,28,0,28,0,0,0,28
03/26/2018,CRE,SC,ASO,ES,Federal Contract Tower,0,2,23,0,25,0,4,8,3,15,0,6,31,3,40,10,0,10,50
03/27/2018,CRE,SC,ASO,ES,Federal Contract Tower,0,0,13,0,13,0,0,33,0,33,0,0,46,0,46,36,0,36,82
03/28/2018,CRE,SC,ASO,ES,Federal Contract Tower,0,3,16,0,19,0,8,40,10,58,0,11,56,10,77,34,0,34,111
03/29/2018,CRE,SC,ASO,ES,Federal Contract Tower,0,0,19,0,19,0,12,41,2,55,0,12,60,2,74,28,0,28,102
03/30/2018,CRE,SC,ASO,ES,Federal Contract Tower,0,0,25,0,25,0,2,2,0,4,0,2,27,0,29,0,0,0,29
03/31/2018,CRE,SC,ASO,ES,Federal Contract Tower,0,2,32,0,34,0,57,51,0,108,0,59,83,0,142,20,0,20,162
04/01/2018,CRE,SC,ASO,ES,Federal Contract Tower,0,1,20,0,21,0,16,34,2,52,0,17,54,2,73,14,0,14,87
04/02/2018,CRE,SC,ASO,ES,Federal Contract Tower,0,4,25,0,29,0,8,45,3,56,0,12,70,3,85,58,4,62,147
04/03/2018,CRE,SC,ASO,ES,Federal Contract Tower,0,2,20,0,22,0,14,33,0,47,0,16,53,0,69,4,0,4,73
04/04/2018,CRE,SC,ASO,ES,Federal Contract Tower,0,7,14,5,26,0,15,20,1,36,0,22,34,6,62,8,0,8,70
04/05/2018,CRE,SC,ASO,ES,Federal Contract Tower,0,3,22,2,27,0,33,50,0,83,0,36,72,2,110,76,0,76,186
04/06/2018,CRE,SC,ASO,ES,Federal Contract Tower,0,3,17,2,22,0,34,31,2,67,0,37,48,4,89,70,0,70,159
04/07/2018,CRE,SC,ASO,ES,Federal Contract Tower,0,2,9,0,11,0,4,5,0,9,0,6,14,0,20,22,0,22,42
04/08/2018,CRE,SC,ASO,ES,Federal Contract Tower,0,1,33,2,36,0,16,55,2,73,0,17,88,4,109,12,0,12,121
04/09/2018,CRE,SC,ASO,ES,Federal Contract Tower,0,5,20,0,25,0,0,0,0,0,0,5,20,0,25,0,0,0,25
04/10/2018,CRE,SC,ASO,ES,Federal Contract Tower,0,3,16,1,20,0,6,1,0,7,0,9,17,1,27,0,0,0,27
04/11/2018,CRE,SC,ASO,ES,Federal Contract Tower,0,2,28,4,34,0,19,43,0,62,0,21,71,4,96,30,0,30,126
04/12/2018,CRE,SC,ASO,ES,Federal Contract Tower,0,0,17,0,17,0,2,40,2,44,0,2,57,2,61,38,0,38,99
04/13/2018,CRE,SC,ASO,ES,Federal Contract Tower,0,0,14,0,14,0,0,32,2,34,0,0,46,2,48,28,0,28,76
04/14/2018,CRE,SC,ASO,ES,Federal Contract Tower,0,2,32,0,34,0,18,38,0,56,0,20,70,0,90,48,0,48,138
04/15/2018,CRE,SC,ASO,ES,Federal Contract Tower,0,1,14,0,15,0,14,4,0,18,0,15,18,0,33,4,0,4,37
04/16/2018,CRE,SC,ASO,ES,Federal Contract Tower,0,0,9,4,13,0,10,14,0,24,0,10,23,4,37,0,0,0,37
04/17/2018,CRE,SC,ASO,ES,Federal Contract Tower,0,3,8,8,19,0,4,12,0,16,0,7,20,8,35,4,0,4,39
04/18/2018,CRE,SC,ASO,ES,Federal Contract Tower,0,1,24,1,26,0,10,29,1,40,0,11,53,2,66,14,0,14,80
04/19/2018,CRE,SC,ASO,ES,Federal Contract Tower,0,0,13,4,17,0,4,10,2,16,0,4,23,6,33,0,0,0,33
04/20/2018,CRE,SC,ASO,ES,Federal Contract Tower,0,0,18,2,20,0,18,38,0,56,0,18,56,2,76,8,0,8,84
04/21/2018,CRE,SC,ASO,ES,Federal Contract Tower,0,0,11,0,11,0,12,22,0,34,0,12,33,0,45,12,0,12,57
04/22/2018,CRE,SC,ASO,ES,Federal Contract Tower,0,2,22,0,24,0,6,42,0,48,0,8,64,0,72,26,0,26,98
04/23/2018,CRE,SC,ASO,ES,Federal Contract Tower,0,2,2,1,5,0,0,2,1,3,0,2,4,2,8,0,0,0,8
04/24/2018,CRE,SC,ASO,ES,Federal Contract Tower,0,3,15,4,22,0,0,12,2,14,0,3,27,6,36,4,22,26,62
04/25/2018,CRE,SC,ASO,ES,Federal Contract Tower,0,3,23,3,29,0,7,23,0,30,0,10,46,3,59,44,0,44,103
04/26/2018,CRE,SC,ASO,ES,Federal Contract Tower,0,0,24,0,24,0,0,16,4,20,0,0,40,4,44,0,2,2,46
04/27/2018,CRE,SC,ASO,ES,Federal Contract Tower,0,7,37,0,44,0,6,12,0,18,0,13,49,0,62,10,0,10,72
04/28/2018,CRE,SC,ASO,ES,Federal Contract Tower,0,4,24,0,28,0,14,50,0,64,0,18,74,0,92,16,0,16,108
04/29/2018,CRE,SC,ASO,ES,Federal Contract Tower,0,10,36,0,46,0,6,47,0,53,0,16,83,0,99,24,0,24,123
04/30/2018,CRE,SC,ASO,ES,Federal Contract Tower,0,2,11,4,17,0,8,25,0,33,0,10,36,4,50,46,0,46,96
05/01/2018,CRE,SC,ASO,ES,Federal Contract Tower,0,0,17,3,20,0,35,34,0,69,0,35,51,3,89,34,0,34,123
05/02/2018,CRE,SC,ASO,ES,Federal Contract Tower,0,0,14,0,14,0,17,19,2,38,0,17,33,2,52,10,0,10,62
05/03/2018,CRE,SC,ASO,ES,Federal Contract Tower,0,0,18,12,30,0,6,35,0,41,0,6,53,12,71,20,0,20,91
05/04/2018,CRE,SC,ASO,ES,Federal Contract Tower,0,3,8,0,11,0,4,41,0,45,0,7,49,0,56,18,0,18,74
05/05/2018,CRE,SC,ASO,ES,Federal Contract Tower,0,2,10,0,12,0,8,39,0,47,0,10,49,0,59,58,0,58,117
05/06/2018,CRE,SC,ASO,ES,Federal Contract Tower,0,2,29,1,32,0,14,23,0,37,0,16,52,1,69,14,0,14,83
05/07/2018,CRE,SC,ASO,ES,Federal Contract Tower,0,1,32,6,39,0,19,8,2,29,0,20,40,8,68,38,10,48,116
05/08/2018,CRE,SC,ASO,ES,Federal Contract Tower,0,2,16,6,24,0,12,18,4,34,0,14,34,10,58,8,0,8,66
05/09/2018,CRE,SC,ASO,ES,Federal Contract Tower,0,2,28,0,30,0,7,34,0,41,0,9,62,0,71,78,2,80,151
05/10/2018,CRE,SC,ASO,ES,Federal Contract Tower,0,0,23,2,25,0,17,34,2,53,0,17,57,4,78,52,0,52,130
05/11/2018,CRE,SC,ASO,ES,Federal Contract Tower,0,0,28,0,28,0,12,48,0,60,0,12,76,0,88,48,0,48,136
05/12/2018,CRE,SC,ASO,ES,Federal Contract Tower,0,0,7,0,7,0,18,59,0,77,0,18,66,0,84,54,0,54,138
05/13/2018,CRE,SC,ASO,ES,Federal Contract Tower,0,2,16,0,18,0,14,33,0,47,0,16,49,0,65,98,0,98,163
05/14/2018,CRE,SC,ASO,ES,Federal Contract Tower,0,0,15,1,16,0,2,29,1,32,0,2,44,2,48,66,0,66,114
05/15/2018,CRE,SC,ASO,ES,Federal Contract Tower,0,2,7,2,11,0,22,20,0,42,0,24,27,2,53,54,0,54,107
05/16/2018,CRE,SC,ASO,ES,Federal Contract Tower,0,1,9,6,16,0,8,19,4,31,0,9,28,10,47,34,0,34,81
05/17/2018,CRE,SC,ASO,ES,Federal Contract Tower,0,1,11,0,12,0,2,0,0,2,0,3,11,0,14,0,0,0,14
05/18/2018,CRE,SC,ASO,ES,Federal Contract Tower,0,0,14,0,14,0,2,9,0,11,0,2,23,0,25,10,0,10,35
05/19/2018,CRE,SC,ASO,ES,Federal Contract Tower,0,0,15,0,15,0,0,0,0,0,0,0,15,0,15,0,0,0,15
05/20/2018,CRE,SC,ASO,ES,Federal Contract Tower,0,0,24,0,24,0,14,16,0,30,0,14,40,0,54,10,0,10,64
05/21/2018,CRE,SC,ASO,ES,Federal Contract Tower,0,1,9,0,10,0,2,15,0,17,0,3,24,0,27,42,0,42,69
05/22/2018,CRE,SC,ASO,ES,Federal Contract Tower,0,2,16,0,18,0,8,22,0,30,0,10,38,0,48,10,0,10,58
05/23/2018,CRE,SC,ASO,ES,Federal Contract Tower,0,1,5,0,6,0,8,12,1,21,0,9,17,1,27,8,0,8,35
05/24/2018,CRE,SC,ASO,ES,Federal Contract Tower,0,3,17,0,20,0,2,25,0,27,0,5,42,0,47,44,0,44,91
05/25/2018,CRE,SC,ASO,ES,Federal Contract Tower,0,0,24,2,26,0,28,32,0,60,0,28,56,2,86,58,0,58,144
05/26/2018,CRE,SC,ASO,ES,Federal Contract Tower,0,2,14,0,16,0,26,13,0,39,0,28,27,0,55,32,0,32,87
05/27/2018,CRE,SC,ASO,ES,Federal Contract Tower,0,2,18,0,20,0,73,27,0,100,0,75,45,0,120,42,0,42,162
05/28/2018,CRE,SC,ASO,ES,Federal Contract Tower,0,1,11,0,12,0,0,0,0,0,0,1,11,0,12,0,0,0,12
05/29/2018,CRE,SC,ASO,ES,Federal Contract Tower,0,0,14,0,14,0,8,12,0,20,0,8,26,0,34,20,0,20,54
05/30/2018,CRE,SC,ASO,ES,Federal Contract Tower,0,4,8,0,12,0,6,14,3,23,0,10,22,3,35,4,0,4,39
05/31/2018,CRE,SC,ASO,ES,Federal Contract Tower,0,0,15,4,19,0,13,14,0,27,0,13,29,4,46,32,0,32,78
06/01/2018,CRE,SC,ASO,ES,Federal Contract Tower,0,3,26,0,29,0,44,47,0,91,0,47,73,0,120,112,0,112,232
06/02/2018,CRE,SC,ASO,ES,Federal Contract Tower,0,0,30,0,30,0,32,55,0,87,0,32,85,0,117,144,0,144,261
06/03/2018,CRE,SC,ASO,ES,Federal Contract Tower,0,0,15,0,15,0,14,44,4,62,0,14,59,4,77,120,0,120,197
06/04/2018,CRE,SC,ASO,ES,Federal Contract Tower,0,0,13,0,13,0,26,36,0,62,0,26,49,0,75,98,0,98,173
06/05/2018,CRE,SC,ASO,ES,Federal Contract Tower,0,2,12,5,19,0,19,63,0,82,0,21,75,5,101,92,0,92,193
06/06/2018,CRE,SC,ASO,ES,Federal Contract Tower,0,4,10,0,14,0,36,45,0,81,0,40,55,0,95,126,0,126,221
06/07/2018,CRE,SC,ASO,ES,Federal Contract Tower,0,5,19,2,26,0,31,43,2,76,0,36,62,4,102,68,0,68,170
06/08/2018,CRE,SC,ASO,ES,Federal Contract Tower,0,1,24,0,25,0,32,64,0,96,0,33,88,0,121,190,0,190,311
06/09/2018,CRE,SC,ASO,ES,Federal Contract Tower,0,4,15,0,19,0,20,55,0,75,0,24,70,0,94,198,0,198,292
06/10/2018,CRE,SC,ASO,ES,Federal Contract Tower,0,1,24,0,25,0,32,42,0,74,0,33,66,0,99,156,0,156,255
06/11/2018,CRE,SC,ASO,ES,Federal Contract Tower,0,7,11,0,18,0,5,48,2,55,0,12,59,2,73,128,0,128,201
06/12/2018,CRE,SC,ASO,ES,Federal Contract Tower,0,0,10,0,10,0,1,0,2,3,0,1,10,2,13,0,0,0,13
06/13/2018,CRE,SC,ASO,ES,Federal Contract Tower,0,2,20,0,22,0,28,62,0,90,0,30,82,0,112,116,0,116,228
06/14/2018,CRE,SC,ASO,ES,Federal Contract Tower,0,0,20,0,20,0,26,53,5,84,0,26,73,5,104,132,0,132,236
06/15/2018,CRE,SC,ASO,ES,Federal Contract Tower,0,0,27,0,27,0,49,46,0,95,0,49,73,0,122,112,0,112,234
06/16/2018,CRE,SC,ASO,ES,Federal Contract Tower,0,1,9,0,10,0,36,56,0,92,0,37,65,0,102,168,0,168,270
06/17/2018,CRE,SC,ASO,ES,Federal Contract Tower,0,8,22,0,30,0,26,58,0,84,0,34,80,0,114,144,0,144,258
06/18/2018,CRE,SC,ASO,ES,Federal Contract Tower,0,3,15,0,18,0,14,44,0,58,0,17,59,0,76,118,0,118,194
06/19/2018,CRE,SC,ASO,ES,Federal Contract Tower,0,2,15,1,18,0,24,77,0,101,0,26,92,1,119,110,0,110,229
06/20/2018,CRE,SC,ASO,ES,Federal Contract Tower,0,2,17,0,19,0,29,81,1,111,0,31,98,1,130,86,0,86,216
06/21/2018,CRE,SC,ASO,ES,Federal Contract Tower,0,5,15,4,24,0,52,85,0,137,0,57,100,4,161,98,0,98,259
06/22/2018,CRE,SC,ASO,ES,Federal Contract Tower,0,2,16,0,18,0,46,70,4,120,0,48,86,4,138,150,2,152,290
06/23/2018,CRE,SC,ASO,ES,Federal Contract Tower,0,2,8,0,10,0,34,43,0,77,0,36,51,0,87,66,0,66,153
06/24/2018,CRE,SC,ASO,ES,Federal Contract Tower,0,0,20,4,24,0,19,40,4,63,0,19,60,8,87,138,0,138,225
06/25/2018,CRE,SC,ASO,ES,Federal Contract Tower,0,1,19,2,22,0,36,42,0,78,0,37,61,2,100,166,0,166,266
06/26/2018,CRE,SC,ASO,ES,Federal Contract Tower,0,4,14,0,18,0,45,42,0,87,0,49,56,0,105,132,0,132,237
06/27/2018,CRE,SC,ASO,ES,Federal Contract Tower,0,1,26,0,27,0,58,50,2,110,0,59,76,2,137,142,12,154,291
06/28/2018,CRE,SC,ASO,ES,Federal Contract Tower,0,0,18,0,18,0,79,58,0,137,0,79,76,0,155,154,0,154,309
06/29/2018,CRE,SC,ASO,ES,Federal Contract Tower,0,1,29,2,32,0,40,63,12,115,0,41,92,14,147,114,10,124,271
06/30/2018,CRE,SC,ASO,ES,Federal Contract Tower,0,4,22,0,26,0,30,67,0,97,0,34,89,0,123,112,0,112,235
07/01/2018,CRE,SC,ASO,ES,Federal Contract Tower,0,5,32,0,37,0,14,57,0,71,0,19,89,0,108,174,0,174,282
07/02/2018,CRE,SC,ASO,ES,Federal Contract Tower,0,1,22,7,30,0,38,45,0,83,0,39,67,7,113,130,0,130,243
07/03/2018,CRE,SC,ASO,ES,Federal Contract Tower,0,1,18,0,19,0,84,54,0,138,0,85,72,0,157,110,0,110,267
07/04/2018,CRE,SC,ASO,ES,Federal Contract Tower,0,0,22,0,22,0,22,46,0,68,0,22,68,0,90,36,0,36,126
07/05/2018,CRE,SC,ASO,ES,Federal Contract Tower,0,0,12,0,12,0,48,59,0,107,0,48,71,0,119,86,0,86,205
07/06/2018,CRE,SC,ASO,ES,Federal Contract Tower,0,2,15,2,19,0,62,49,2,113,0,64,64,4,132,106,14,120,252
07/07/2018,CRE,SC,ASO,ES,Federal Contract Tower,0,5,27,0,32,0,38,57,0,95,0,43,84,0,127,66,0,66,193
07/08/2018,CRE,SC,ASO,ES,Federal Contract Tower,0,3,26,0,29,0,40,21,2,63,0,43,47,2,92,0,0,0,92
07/09/2018,CRE,SC,ASO,ES,Federal Contract Tower,0,0,13,0,13,0,30,27,0,57,0,30,40,0,70,142,0,142,212
07/10/2018,CRE,SC,ASO,ES,Federal Contract Tower,0,1,10,2,13,0,20,64,2,86,0,21,74,4,99,134,0,134,233
07/11/2018,CRE,SC,ASO,ES,Federal Contract Tower,0,1,8,2,11,0,28,58,0,86,0,29,66,2,97,190,0,190,287
07/12/2018,CRE,SC,ASO,ES,Federal Contract Tower,0,2,17,0,19,0,24,56,3,83,0,26,73,3,102,126,0,126,228
07/13/2018,CRE,SC,ASO,ES,Federal Contract Tower,0,0,26,0,26,0,26,40,0,66,0,26,66,0,92,98,0,98,190
07/14/2018,CRE,SC,ASO,ES,Federal Contract Tower,0,0,22,0,22,0,45,77,0,122,0,45,99,0,144,116,0,116,260
07/15/2018,CRE,SC,ASO,ES,Federal Contract Tower,0,2,24,0,26,0,16,59,0,75,0,18,83,0,101,168,0,168,269
07/16/2018,CRE,SC,ASO,ES,Federal Contract Tower,0,2,15,0,17,0,26,37,0,63,0,28,52,0,80,182,0,182,262
07/17/2018,CRE,SC,ASO,ES,Federal Contract Tower,0,0,9,0,9,0,14,32,0,46,0,14,41,0,55,42,0,42,97
07/18/2018,CRE,SC,ASO,ES,Federal Contract Tower,0,1,18,0,19,0,22,25,2,49,0,23,43,2,68,76,0,76,144
07/19/2018,CRE,SC,ASO,ES,Federal Contract Tower,0,6,17,0,23,0,46,53,3,102,0,52,70,3,125,80,4,84,209
07/20/2018,CRE,SC,ASO,ES,Federal Contract Tower,0,2,12,7,21,0,0,1,4,5,0,2,13,11,26,0,0,0,26
07/21/2018,CRE,SC,ASO,ES,Federal Contract Tower,0,1,20,0,21,0,8,36,0,44,0,9,56,0,65,78,0,78,143
07/22/2018,CRE,SC,ASO,ES,Federal Contract Tower,0,3,11,0,14,0,16,34,0,50,0,19,45,0,64,182,0,182,246
07/23/2018,CRE,SC,ASO,ES,Federal Contract Tower,0,4,10,0,14,0,22,16,0,38,0,26,26,0,52,88,0,88,140
07/24/2018,CRE,SC,ASO,ES,Federal Contract Tower,0,0,10,4,14,0,28,4,0,32,0,28,14,4,46,0,0,0,46
07/25/2018,CRE,SC,ASO,ES,Federal Contract Tower,0,8,13,0,21,0,15,27,0,42,0,23,40,0,63,46,0,46,109
07/26/2018,CRE,SC,ASO,ES,Federal Contract Tower,0,0,19,0,19,0,12,39,40,91,0,12,58,40,110,50,0,50,160
07/27/2018,CRE,SC,ASO,ES,Federal Contract Tower,0,2,14,0,16,0,16,8,0,24,0,18,22,0,40,0,2,2,42
07/28/2018,CRE,SC,ASO,ES,Federal Contract Tower,0,2,14,0,16,0,22,37,0,59,0,24,51,0,75,106,0,106,181
07/29/2018,CRE,SC,ASO,ES,Federal Contract Tower,0,1,21,0,22,0,20,18,0,38,0,21,39,0,60,24,0,24,84
07/30/2018,CRE,SC,ASO,ES,Federal Contract Tower,0,0,9,1,10,0,20,10,1,31,0,20,19,2,41,84,0,84,125
07/31/2018,CRE,SC,ASO,ES,Federal Contract Tower,0,0,8,5,13,0,10,31,0,41,0,10,39,5,54,128,0,128,182
08/01/2018,CRE,SC,ASO,ES,Federal Contract Tower,0,2,13,0,15,0,16,36,0,52,0,18,49,0,67,122,0,122,189
08/02/2018,CRE,SC,ASO,ES,Federal Contract Tower,0,0,9,0,9,0,30,27,0,57,0,30,36,0,66,134,0,134,200
08/03/2018,CRE,SC,ASO,ES,Federal Contract Tower,0,0,21,0,21,0,33,17,0,50,0,33,38,0,71,32,0,32,103
08/04/2018,CRE,SC,ASO,ES,Federal Contract Tower,0,0,31,0,31,0,23,36,0,59,0,23,67,0,90,114,0,114,204
08/05/2018,CRE,SC,ASO,ES,Federal Contract Tower,0,0,21,0,21,0,24,36,0,60,0,24,57,0,81,150,0,150,231
08/06/2018,CRE,SC,ASO,ES,Federal Contract Tower,0,0,13,2,15,0,33,42,3,78,0,33,55,5,93,148,0,148,241
08/07/2018,CRE,SC,ASO,ES,Federal Contract Tower,0,0,8,0,8,0,22,70,3,95,0,22,78,3,103,78,0,78,181
08/08/2018,CRE,SC,ASO,ES,Federal Contract Tower,0,2,15,4,21,0,26,44,0,70,0,28,59,4,91,114,4,118,209
08/09/2018,CRE,SC,ASO,ES,Federal Contract Tower,0,0,20,0,20,0,56,34,0,90,0,56,54,0,110,126,0,126,236
08/10/2018,CRE,SC,ASO,ES,Federal Contract Tower,0,2,27,0,29,0,20,39,0,59,0,22,66,0,88,86,0,86,174
08/11/2018,CRE,SC,ASO,ES,Federal Contract Tower,0,2,17,0,19,0,32,42,0,74,0,34,59,0,93,82,0,82,175
08/12/2018,CRE,SC,ASO,ES,Federal Contract Tower,0,0,31,0,31,0,38,32,0,70,0,38,63,0,101,124,0,124,225
08/13/2018,CRE,SC,ASO,ES,Federal Contract Tower,0,0,12,0,12,0,20,22,1,43,0,20,34,1,55,64,0,64,119
08/14/2018,CRE,SC,ASO,ES,Federal Contract Tower,0,0,12,3,15,0,59,41,4,104,0,59,53,7,119,60,0,60,179
08/15/2018,CRE,SC,ASO,ES,Federal Contract Tower,0,2,19,2,23,0,12,38,6,56,0,14,57,8,79,74,2,76,155
08/16/2018,CRE,SC,ASO,ES,Federal Contract Tower,0,0,15,3,18,0,36,46,3,85,0,36,61,6,103,10,0,10,113
08/17/2018,CRE,SC,ASO,ES,Federal Contract Tower,0,2,20,4,26,0,36,54,2,92,0,38,74,6,118,88,0,88,206
08/18/2018,CRE,SC,ASO,ES,Federal Contract Tower,0,3,9,0,12,0,56,33,0,89,0,59,42,0,101,50,0,50,151
08/19/2018,CRE,SC,ASO,ES,Federal Contract Tower,0,2,21,0,23,0,24,25,0,49,0,26,46,0,72,138,0,138,210
08/20/2018,CRE,SC,ASO,ES,Federal Contract Tower,0,6,12,0,18,0,26,19,0,45,0,32,31,0,63,124,0,124,187
08/21/2018,CRE,SC,ASO,ES,Federal Contract Tower,0,1,15,0,16,0,18,28,1,47,0,19,43,1,63,94,0,94,157
08/22/2018,CRE,SC,ASO,ES,Federal Contract Tower,0,0,27,0,27,0,10,32,0,42,0,10,59,0,69,84,0,84,153
08/23/2018,CRE,SC,ASO,ES,Federal Contract Tower,0,0,15,0,15,2,28,43,2,75,2,28,58,2,90,82,0,82,172
08/24/2018,CRE,SC,ASO,ES,Federal Contract Tower,0,0,15,5,20,0,23,42,2,67,0,23,57,7,87,44,0,44,131
08/25/2018,CRE,SC,ASO,ES,Federal Contract Tower,0,1,8,0,9,0,44,56,0,100,0,45,64,0,109,38,0,38,147
08/26/2018,CRE,SC,ASO,ES,Federal Contract Tower,0,0,20,0,20,0,10,45,3,58,0,10,65,3,78,120,0,120,198
08/27/2018,CRE,SC,ASO,ES,Federal Contract Tower,0,1,15,5,21,0,12,23,1,36,0,13,38,6,57,86,0,86,143
08/28/2018,CRE,SC,ASO,ES,Federal Contract Tower,0,1,10,0,11,0,14,41,0,55,0,15,51,0,66,58,0,58,124
08/29/2018,CRE,SC,ASO,ES,Federal Contract Tower,0,0,12,0,12,0,32,27,2,61,0,32,39,2,73,52,0,52,125
08/30/2018,CRE,SC,ASO,ES,Federal Contract Tower,0,2,11,0,13,0,26,40,0,66,0,28,51,0,79,46,0,46,125
08/31/2018,CRE,SC,ASO,ES,Federal Contract Tower,0,0,34,0,34,0,6,46,0,52,0,6,80,0,86,70,0,70,156
09/01/2018,CRE,SC,ASO,ES,Federal Contract Tower,0,2,12,0,14,0,38,37,2,77,0,40,49,2,91,70,0,70,161
09/02/2018,CRE,SC,ASO,ES,Federal Contract Tower,0,0,11,0,11,0,56,24,0,80,0,56,35,0,91,86,0,86,177
09/03/2018,CRE,SC,ASO,ES,Federal Contract Tower,0,0,39,0,39,0,26,39,0,65,0,26,78,0,104,106,0,106,210
09/04/2018,CRE,SC,ASO,ES,Federal Contract Tower,0,4,15,0,19,0,9,19,0,28,0,13,34,0,47,22,0,22,69
09/05/2018,CRE,SC,ASO,ES,Federal Contract Tower,0,2,21,0,23,0,8,19,0,27,0,10,40,0,50,14,0,14,64
09/06/2018,CRE,SC,ASO,ES,Federal Contract Tower,0,0,21,6,27,0,6,16,2,24,0,6,37,8,51,4,2,6,57
09/07/2018,CRE,SC,ASO,ES,Federal Contract Tower,0,2,7,2,11,0,24,16,2,42,0,26,23,4,53,10,0,10,63
09/08/2018,CRE,SC,ASO,ES,Federal Contract Tower,0,0,18,0,18,0,10,10,0,20,0,10,28,0,38,14,0,14,52
09/09/2018,CRE,SC,ASO,ES,Federal Contract Tower,0,0,11,0,11,0,14,9,0,23,0,14,20,0,34,4,0,4,38
09/10/2018,CRE,SC,ASO,ES,Federal Contract Tower,0,5,13,0,18,0,24,13,0,37,0,29,26,0,55,18,0,18,73
09/11/2018,CRE,SC,ASO,ES,Federal Contract Tower,0,20,13,2,35,0,1,8,0,9,0,21,21,2,44,0,0,0,44
09/12/2018,CRE,SC,ASO,ES,Federal Contract Tower,0,20,23,0,43,0,2,11,0,13,0,22,34,0,56,0,0,0,56
09/15/2018,CRE,SC,ASO,ES,Federal Contract Tower,0,0,0,0,0,0,0,0,0,0,0,0,0,0,0,0,4,4,4
09/16/2018,CRE,SC,ASO,ES,Federal Contract Tower,0,0,0,0,0,0,0,2,0,2,0,0,2,0,2,0,0,0,2
09/17/2018,CRE,SC,ASO,ES,Federal Contract Tower,0,0,9,0,9,0,6,25,7,38,0,6,34,7,47,12,8,20,67
09/18/2018,CRE,SC,ASO,ES,Federal Contract Tower,0,0,9,0,9,0,4,43,19,66,0,4,52,19,75,8,0,8,83
09/19/2018,CRE,SC,ASO,ES,Federal Contract Tower,0,0,18,0,18,0,1,49,2,52,0,1,67,2,70,2,0,2,72
09/20/2018,CRE,SC,ASO,ES,Federal Contract Tower,0,0,17,2,19,0,0,31,0,31,0,0,48,2,50,4,4,8,58
09/21/2018,CRE,SC,ASO,ES,Federal Contract Tower,0,4,25,0,29,0,0,48,0,48,0,4,73,0,77,6,0,6,83
09/22/2018,CRE,SC,ASO,ES,Federal Contract Tower,0,0,9,0,9,0,14,59,4,77,0,14,68,4,86,18,0,18,104
09/23/2018,CRE,SC,ASO,ES,Federal Contract Tower,0,2,21,0,23,0,17,53,0,70,0,19,74,0,93,0,0,0,93
09/24/2018,CRE,SC,ASO,ES,Federal Contract Tower,0,2,20,2,24,0,7,23,2,32,0,9,43,4,56,0,0,0,56
09/25/2018,CRE,SC,ASO,ES,Federal Contract Tower,0,1,20,6,27,0,1,16,2,19,0,2,36,8,46,0,0,0,46
09/26/2018,CRE,SC,ASO,ES,Federal Contract Tower,0,0,10,2,12,0,7,40,0,47,0,7,50,2,59,6,0,6,65
09/27/2018,CRE,SC,ASO,ES,Federal Contract Tower,0,3,14,6,23,0,2,16,0,18,0,5,30,6,41,0,0,0,41
09/28/2018,CRE,SC,ASO,ES,Federal Contract Tower,0,4,12,6,22,0,6,5,4,15,0,10,17,10,37,0,2,2,39
09/29/2018,CRE,SC,ASO,ES,Federal Contract Tower,0,1,11,0,12,0,0,2,0,2,0,1,13,0,14,0,0,0,14
09/30/2018,CRE,SC,ASO,ES,Federal Contract Tower,0,1,23,0,24,0,8,19,5,32,0,9,42,5,56,0,0,0,56
10/01/2018,CRE,SC,ASO,ES,Federal Contract Tower,0,2,14,0,16,0,0,23,0,23,0,2,37,0,39,8,0,8,47
10/02/2018,CRE,SC,ASO,ES,Federal Contract Tower,0,0,8,2,10,0,2,10,0,12,0,2,18,2,22,0,0,0,22
10/03/2018,CRE,SC,ASO,ES,Federal Contract Tower,0,1,24,12,37,0,4,35,1,40,0,5,59,13,77,0,0,0,77
10/04/2018,CRE,SC,ASO,ES,Federal Contract Tower,0,0,10,2,12,0,0,24,0,24,0,0,34,2,36,8,0,8,44
10/05/2018,CRE,SC,ASO,ES,Federal Contract Tower,0,6,17,0,23,0,2,40,1,43,0,8,57,1,66,10,3,13,79
10/06/2018,CRE,SC,ASO,ES,Federal Contract Tower,0,9,22,0,31,0,0,17,0,17,0,9,39,0,48,8,0,8,56
10/07/2018,CRE,SC,ASO,ES,Federal Contract Tower,0,1,25,0,26,0,0,13,0,13,0,1,38,0,39,0,0,0,39
10/08/2018,CRE,SC,ASO,ES,Federal Contract Tower,0,4,7,0,11,0,0,6,2,8,0,4,13,2,19,2,0,2,21
10/09/2018,CRE,SC,ASO,ES,Federal Contract Tower,0,4,15,4,23,0,0,7,2,9,0,4,22,6,32,0,0,0,32
10/10/2018,CRE,SC,ASO,ES,Federal Contract Tower,0,4,4,0,8,0,0,1,4,5,0,4,5,4,13,0,0,0,13
10/11/2018,CRE,SC,ASO,ES,Federal Contract Tower,0,1,3,0,4,0,0,1,0,1,0,1,4,0,5,0,0,0,5
10/12/2018,CRE,SC,ASO,ES,Federal Contract Tower,0,2,11,8,21,0,0,26,0,26,0,2,37,8,47,0,0,0,47
10/13/2018,CRE,SC,ASO,ES,Federal Contract Tower,0,2,13,0,15,0,4,40,0,44,0,6,53,0,59,14,0,14,73
10/14/2018,CRE,SC,ASO,ES,Federal Contract Tower,0,5,13,0,18,0,4,31,0,35,0,9,44,0,53,0,0,0,53
10/15/2018,CRE,SC,ASO,ES,Federal Contract Tower,0,2,14,1,17,0,4,31,2,37,0,6,45,3,54,6,0,6,60
10/16/2018,CRE,SC,ASO,ES,Federal Contract Tower,0,0,8,0,8,0,12,16,2,30,0,12,24,2,38,2,0,2,40
10/17/2018,CRE,SC,ASO,ES,Federal Contract Tower,0,0,16,1,17,1,0,10,0,11,1,0,26,1,28,6,0,6,34
10/18/2018,CRE,SC,ASO,ES,Federal Contract Tower,0,4,10,0,14,0,4,12,0,16,0,8,22,0,30,0,0,0,30
10/19/2018,CRE,SC,ASO,ES,Federal Contract Tower,0,0,14,1,15,0,2,32,5,39,0,2,46,6,54,0,0,0,54
10/20/2018,CRE,SC,ASO,ES,Federal Contract Tower,0,1,11,0,12,0,5,3,4,12,0,6,14,4,24,2,0,2,26
10/21/2018,CRE,SC,ASO,ES,Federal Contract Tower,0,2,13,0,15,0,0,23,0,23,0,2,36,0,38,4,0,4,42
10/22/2018,CRE,SC,ASO,ES,Federal Contract Tower,0,6,10,1,17,0,8,24,1,33,0,14,34,2,50,0,0,0,50
10/23/2018,CRE,SC,ASO,ES,Federal Contract Tower,0,2,17,3,22,0,0,29,1,30,0,2,46,4,52,0,0,0,52
10/24/2018,CRE,SC,ASO,ES,Federal Contract Tower,0,1,14,0,15,0,3,25,0,28,0,4,39,0,43,0,0,0,43
10/25/2018,CRE,SC,ASO,ES,Federal Contract Tower,0,1,22,0,23,0,2,39,9,50,0,3,61,9,73,8,0,8,81
10/26/2018,CRE,SC,ASO,ES,Federal Contract Tower,0,1,9,8,18,0,0,0,0,0,0,1,9,8,18,0,0,0,18
10/27/2018,CRE,SC,ASO,ES,Federal Contract Tower,0,0,7,0,7,0,8,2,0,10,0,8,9,0,17,0,6,6,23
10/28/2018,CRE,SC,ASO,ES,Federal Contract Tower,0,2,10,0,12,0,2,18,0,20,0,4,28,0,32,6,0,6,38
10/29/2018,CRE,SC,ASO,ES,Federal Contract Tower,0,0,8,4,12,0,0,18,2,20,0,0,26,6,32,6,0,6,38
10/30/2018,CRE,SC,ASO,ES,Federal Contract Tower,0,1,15,2,18,0,0,24,0,24,0,1,39,2,42,12,0,12,54
10/31/2018,CRE,SC,ASO,ES,Federal Contract Tower,0,0,9,2,11,0,0,19,0,19,0,0,28,2,30,0,0,0,30
11/01/2018,CRE,SC,ASO,ES,Federal Contract Tower,0,4,20,0,24,0,4,11,2,17,0,8,31,2,41,0,0,0,41
11/02/2018,CRE,SC,ASO,ES,Federal Contract Tower,0,1,2,0,3,0,2,3,4,9,0,3,5,4,12,0,0,0,12
11/03/2018,CRE,SC,ASO,ES,Federal Contract Tower,0,2,18,0,20,0,0,45,1,46,0,2,63,1,66,12,0,12,78
11/04/2018,CRE,SC,ASO,ES,Federal Contract Tower,0,5,19,0,24,0,2,19,0,21,0,7,38,0,45,0,2,2,47
11/05/2018,CRE,SC,ASO,ES,Federal Contract Tower,0,0,0,0,0,0,0,2,2,4,0,0,2,2,4,2,0,2,6
11/06/2018,CRE,SC,ASO,ES,Federal Contract Tower,0,0,0,0,0,0,2,7,0,9,0,2,7,0,9,0,0,0,9
11/07/2018,CRE,SC,ASO,ES,Federal Contract Tower,0,0,0,0,0,0,0,13,0,13,0,0,13,0,13,0,10,10,23
11/08/2018,CRE,SC,ASO,ES,Federal Contract Tower,0,0,0,2,2,0,0,6,2,8,0,0,6,4,10,2,0,2,12
11/09/2018,CRE,SC,ASO,ES,Federal Contract Tower,0,0,0,0,0,0,0,2,0,2,0,0,2,0,2,0,0,0,2
11/10/2018,CRE,SC,ASO,ES,Federal Contract Tower,0,0,0,0,0,0,8,30,2,40,0,8,30,2,40,2,0,2,42
11/11/2018,CRE,SC,ASO,ES,Federal Contract Tower,0,0,0,0,0,0,0,23,0,23,0,0,23,0,23,0,0,0,23
11/12/2018,CRE,SC,ASO,ES,Federal Contract Tower,0,0,0,0,0,0,0,4,0,4,0,0,4,0,4,2,0,2,6
11/13/2018,CRE,SC,ASO,ES,Federal Contract Tower,0,0,0,0,0,0,0,0,2,2,0,0,0,2,2,0,0,0,2
11/14/2018,CRE,SC,ASO,ES,Federal Contract Tower,0,0,0,0,0,0,0,6,0,6,0,0,6,0,6,0,0,0,6
11/15/2018,CRE,SC,ASO,ES,Federal Contract Tower,0,0,0,0,0,0,0,0,0,0,0,0,0,0,0,0,0,0,0
11/16/2018,CRE,SC,ASO,ES,Federal Contract Tower,0,0,0,0,0,0,0,30,8,38,0,0,30,8,38,0,0,0,38
11/17/2018,CRE,SC,ASO,ES,Federal Contract Tower,0,0,0,0,0,0,0,33,0,33,0,0,33,0,33,60,0,60,93
11/18/2018,CRE,SC,ASO,ES,Federal Contract Tower,0,0,0,0,0,0,0,22,0,22,0,0,22,0,22,0,0,0,22
11/19/2018,CRE,SC,ASO,ES,Federal Contract Tower,0,0,0,0,0,0,0,9,0,9,0,0,9,0,9,0,0,0,9
11/20/2018,CRE,SC,ASO,ES,Federal Contract Tower,0,0,0,0,0,0,2,8,2,12,0,2,8,2,12,0,0,0,12
11/21/2018,CRE,SC,ASO,ES,Federal Contract Tower,0,0,0,0,0,0,0,20,0,20,0,0,20,0,20,0,0,0,20
11/22/2018,CRE,SC,ASO,ES,Federal Contract Tower,0,0,0,0,0,0,0,10,0,10,0,0,10,0,10,0,0,0,10
11/23/2018,CRE,SC,ASO,ES,Federal Contract Tower,0,0,0,0,0,0,6,21,0,27,0,6,21,0,27,0,0,0,27
11/24/2018,CRE,SC,ASO,ES,Federal Contract Tower,0,0,0,0,0,0,0,4,0,4,0,0,4,0,4,0,0,0,4
11/25/2018,CRE,SC,ASO,ES,Federal Contract Tower,0,0,0,0,0,0,0,20,0,20,0,0,20,0,20,2,0,2,22
11/26/2018,CRE,SC,ASO,ES,Federal Contract Tower,0,0,0,0,0,0,0,4,0,4,0,0,4,0,4,0,0,0,4
11/27/2018,CRE,SC,ASO,ES,Federal Contract Tower,0,0,0,0,0,0,0,4,0,4,0,0,4,0,4,0,0,0,4
11/28/2018,CRE,SC,ASO,ES,Federal Contract Tower,0,0,0,0,0,0,2,14,5,21,0,2,14,5,21,0,0,0,21
11/29/2018,CRE,SC,ASO,ES,Federal Contract Tower,0,0,0,0,0,0,2,14,2,18,0,2,14,2,18,0,0,0,18
11/30/2018,CRE,SC,ASO,ES,Federal Contract Tower,0,0,0,0,0,0,5,14,2,21,0,5,14,2,21,0,0,0,21
12/01/2018,CRE,SC,ASO,ES,Federal Contract Tower,0,0,0,0,0,0,0,2,0,2,0,0,2,0,2,0,0,0,2
12/02/2018,CRE,SC,ASO,ES,Federal Contract Tower,0,0,0,0,0,0,0,2,2,4,0,0,2,2,4,0,0,0,4
12/03/2018,CRE,SC,ASO,ES,Federal Contract Tower,0,0,0,0,0,0,0,3,1,4,0,0,3,1,4,0,0,0,4
12/04/2018,CRE,SC,ASO,ES,Federal Contract Tower,0,0,0,0,0,0,0,16,0,16,0,0,16,0,16,0,0,0,16
12/05/2018,CRE,SC,ASO,ES,Federal Contract Tower,0,0,0,0,0,0,0,5,0,5,0,0,5,0,5,0,0,0,5
12/06/2018,CRE,SC,ASO,ES,Federal Contract Tower,0,0,0,0,0,0,4,14,0,18,0,4,14,0,18,6,0,6,24
12/07/2018,CRE,SC,ASO,ES,Federal Contract Tower,0,0,0,0,0,0,4,8,0,12,0,4,8,0,12,0,0,0,12
12/08/2018,CRE,SC,ASO,ES,Federal Contract Tower,0,0,0,0,0,0,0,3,0,3,0,0,3,0,3,0,0,0,3
12/09/2018,CRE,SC,ASO,ES,Federal Contract Tower,0,0,0,0,0,0,0,0,0,0,0,0,0,0,0,0,0,0,0
12/10/2018,CRE,SC,ASO,ES,Federal Contract Tower,0,0,0,0,0,0,0,0,0,0,0,0,0,0,0,0,0,0,0
12/11/2018,CRE,SC,ASO,ES,Federal Contract Tower,0,0,0,0,0,0,0,6,0,6,0,0,6,0,6,0,0,0,6
12/12/2018,CRE,SC,ASO,ES,Federal Contract Tower,0,0,0,0,0,0,1,9,0,10,0,1,9,0,10,0,0,0,10
12/13/2018,CRE,SC,ASO,ES,Federal Contract Tower,0,0,0,0,0,0,0,21,0,21,0,0,21,0,21,0,0,0,21
12/14/2018,CRE,SC,ASO,ES,Federal Contract Tower,0,0,0,0,0,0,0,0,0,0,0,0,0,0,0,0,0,0,0
12/15/2018,CRE,SC,ASO,ES,Federal Contract Tower,0,0,0,0,0,0,0,3,0,3,0,0,3,0,3,0,0,0,3
12/16/2018,CRE,SC,ASO,ES,Federal Contract Tower,0,0,0,0,0,0,0,14,6,20,0,0,14,6,20,2,0,2,22
12/17/2018,CRE,SC,ASO,ES,Federal Contract Tower,0,0,0,0,0,0,4,16,0,20,0,4,16,0,20,0,0,0,20
12/18/2018,CRE,SC,ASO,ES,Federal Contract Tower,0,0,0,0,0,0,0,11,0,11,0,0,11,0,11,6,0,6,17
12/19/2018,CRE,SC,ASO,ES,Federal Contract Tower,0,0,0,0,0,0,0,20,1,21,0,0,20,1,21,0,0,0,21
12/20/2018,CRE,SC,ASO,ES,Federal Contract Tower,0,0,0,0,0,0,0,1,0,1,0,0,1,0,1,0,0,0,1
12/21/2018,CRE,SC,ASO,ES,Federal Contract Tower,0,0,0,0,0,0,0,3,0,3,0,0,3,0,3,0,0,0,3
12/22/2018,CRE,SC,ASO,ES,Federal Contract Tower,0,0,0,0,0,0,0,15,0,15,0,0,15,0,15,0,0,0,15
12/23/2018,CRE,SC,ASO,ES,Federal Contract Tower,0,0,0,0,0,0,5,19,0,24,0,5,19,0,24,0,0,0,24
12/24/2018,CRE,SC,ASO,ES,Federal Contract Tower,0,0,0,0,0,0,4,21,0,25,0,4,21,0,25,0,0,0,25
12/25/2018,CRE,SC,ASO,ES,Federal Contract Tower,0,0,0,0,0,0,0,6,0,6,0,0,6,0,6,0,0,0,6
12/26/2018,CRE,SC,ASO,ES,Federal Contract Tower,0,0,0,0,0,0,0,17,0,17,0,0,17,0,17,0,0,0,17
12/27/2018,CRE,SC,ASO,ES,Federal Contract Tower,0,0,0,0,0,0,2,9,0,11,0,2,9,0,11,10,0,10,21
12/28/2018,CRE,SC,ASO,ES,Federal Contract Tower,0,0,0,0,0,0,0,0,0,0,0,0,0,0,0,0,0,0,0
12/29/2018,CRE,SC,ASO,ES,Federal Contract Tower,0,0,0,0,0,0,3,10,0,13,0,3,10,0,13,0,0,0,13
12/30/2018,CRE,SC,ASO,ES,Federal Contract Tower,0,0,0,0,0,0,0,1,0,1,0,0,1,0,1,0,0,0,1
12/31/2018,CRE,SC,ASO,ES,Federal Contract Tower,0,0,0,0,0,0,0,1,0,1,0,0,1,0,1,0,0,0,1
01/01/2019,CRE,SC,ASO,ES,Federal Contract Tower,0,0,0,0,0,0,0,6,0,6,0,0,6,0,6,4,0,4,10
01/02/2019,CRE,SC,ASO,ES,Federal Contract Tower,0,0,0,0,0,0,0,0,0,0,0,0,0,0,0,0,0,0,0
01/03/2019,CRE,SC,ASO,ES,Federal Contract Tower,0,0,0,0,0,0,0,0,0,0,0,0,0,0,0,0,0,0,0
01/04/2019,CRE,SC,ASO,ES,Federal Contract Tower,0,0,0,0,0,0,0,0,0,0,0,0,0,0,0,0,0,0,0
01/05/2019,CRE,SC,ASO,ES,Federal Contract Tower,0,0,0,0,0,0,0,16,0,16,0,0,16,0,16,2,0,2,18
01/06/2019,CRE,SC,ASO,ES,Federal Contract Tower,0,0,0,0,0,0,0,26,0,26,0,0,26,0,26,4,0,4,30
01/07/2019,CRE,SC,ASO,ES,Federal Contract Tower,0,0,0,0,0,0,0,8,0,8,0,0,8,0,8,0,0,0,8
01/08/2019,CRE,SC,ASO,ES,Federal Contract Tower,0,0,0,0,0,0,6,12,0,18,0,6,12,0,18,0,0,0,18
01/09/2019,CRE,SC,ASO,ES,Federal Contract Tower,0,0,0,0,0,0,0,10,0,10,0,0,10,0,10,4,0,4,14
01/10/2019,CRE,SC,ASO,ES,Federal Contract Tower,0,0,0,0,0,0,6,4,0,10,0,6,4,0,10,0,0,0,10
01/11/2019,CRE,SC,ASO,ES,Federal Contract Tower,0,0,0,0,0,0,0,17,0,17,0,0,17,0,17,0,0,0,17
01/12/2019,CRE,SC,ASO,ES,Federal Contract Tower,0,0,0,0,0,0,0,4,0,4,0,0,4,0,4,16,0,16,20
01/13/2019,CRE,SC,ASO,ES,Federal Contract Tower,0,0,0,0,0,0,0,0,0,0,0,0,0,0,0,0,0,0,0
01/14/2019,CRE,SC,ASO,ES,Federal Contract Tower,0,0,0,0,0,0,4,1,6,11,0,4,1,6,11,0,0,0,11
01/15/2019,CRE,SC,ASO,ES,Federal Contract Tower,0,0,0,0,0,0,2,6,4,12,0,2,6,4,12,0,0,0,12
01/16/2019,CRE,SC,ASO,ES,Federal Contract Tower,0,0,0,0,0,0,0,17,0,17,0,0,17,0,17,0,0,0,17
01/17/2019,CRE,SC,ASO,ES,Federal Contract Tower,0,0,0,0,0,0,0,0,0,0,0,0,0,0,0,0,0,0,0
01/18/2019,CRE,SC,ASO,ES,Federal Contract Tower,0,0,0,0,0,0,0,0,0,0,0,0,0,0,0,0,0,0,0
01/19/2019,CRE,SC,ASO,ES,Federal Contract Tower,0,0,0,0,0,0,6,7,0,13,0,6,7,0,13,0,0,0,13
01/20/2019,CRE,SC,ASO,ES,Federal Contract Tower,0,0,0,0,0,0,2,0,0,2,0,2,0,0,2,0,0,0,2
01/21/2019,CRE,SC,ASO,ES,Federal Contract Tower,0,0,0,0,0,0,1,13,0,14,0,1,13,0,14,4,0,4,18
01/22/2019,CRE,SC,ASO,ES,Federal Contract Tower,0,0,0,0,0,0,0,15,0,15,0,0,15,0,15,0,0,0,15
01/23/2019,CRE,SC,ASO,ES,Federal Contract Tower,0,0,0,0,0,0,6,6,0,12,0,6,6,0,12,0,0,0,12
01/24/2019,CRE,SC,ASO,ES,Federal Contract Tower,0,0,0,0,0,0,0,3,0,3,0,0,3,0,3,0,0,0,3
01/25/2019,CRE,SC,ASO,ES,Federal Contract Tower,0,0,0,0,0,2,0,0,0,2,2,0,0,0,2,12,0,12,14
01/26/2019,CRE,SC,ASO,ES,Federal Contract Tower,0,0,0,0,0,0,0,0,0,0,0,0,0,0,0,94,0,94,94
01/27/2019,CRE,SC,ASO,ES,Federal Contract Tower,0,0,0,0,0,0,4,22,0,26,0,4,22,0,26,0,0,0,26
01/28/2019,CRE,SC,ASO,ES,Federal Contract Tower,0,0,0,0,0,0,0,12,17,29,0,0,12,17,29,2,0,2,31
01/29/2019,CRE,SC,ASO,ES,Federal Contract Tower,0,0,0,0,0,0,0,6,0,6,0,0,6,0,6,0,0,0,6
01/30/2019,CRE,SC,ASO,ES,Federal Contract Tower,0,0,0,0,0,1,16,0,0,17,1,16,0,0,17,0,0,0,17
01/31/2019,CRE,SC,ASO,ES,Federal Contract Tower,0,0,0,0,0,0,2,18,0,20,0,2,18,0,20,0,0,0,20
02/01/2019,CRE,SC,ASO,ES,Federal Contract Tower,0,0,12,2,14,0,0,20,2,22,0,0,32,4,36,0,0,0,36
02/02/2019,CRE,SC,ASO,ES,Federal Contract Tower,0,0,4,0,4,0,0,19,0,19,0,0,23,0,23,0,0,0,23
02/03/2019,CRE,SC,ASO,ES,Federal Contract Tower,0,0,18,0,18,0,5,3,0,8,0,5,21,0,26,0,0,0,26
02/04/2019,CRE,SC,ASO,ES,Federal Contract Tower,0,0,10,2,12,0,4,21,2,27,0,4,31,4,39,10,0,10,49
02/05/2019,CRE,SC,ASO,ES,Federal Contract Tower,0,1,10,0,11,0,0,26,0,26,0,1,36,0,37,0,0,0,37
02/06/2019,CRE,SC,ASO,ES,Federal Contract Tower,0,2,7,6,15,0,0,15,0,15,0,2,22,6,30,0,6,6,36
02/07/2019,CRE,SC,ASO,ES,Federal Contract Tower,0,0,12,2,14,0,0,18,4,22,0,0,30,6,36,0,0,0,36
02/08/2019,CRE,SC,ASO,ES,Federal Contract Tower,0,0,10,0,10,0,0,12,8,20,0,0,22,8,30,2,0,2,32
02/09/2019,CRE,SC,ASO,ES,Federal Contract Tower,0,0,12,0,12,0,0,15,4,19,0,0,27,4,31,0,0,0,31
02/10/2019,CRE,SC,ASO,ES,Federal Contract Tower,0,0,22,0,22,0,0,8,0,8,0,0,30,0,30,0,0,0,30
02/11/2019,CRE,SC,ASO,ES,Federal Contract Tower,0,0,3,2,5,0,0,0,0,0,0,0,3,2,5,0,0,0,5
02/12/2019,CRE,SC,ASO,ES,Federal Contract Tower,0,0,3,0,3,0,0,0,0,0,0,0,3,0,3,0,0,0,3
02/13/2019,CRE,SC,ASO,ES,Federal Contract Tower,0,0,11,0,11,0,0,18,2,20,0,0,29,2,31,0,0,0,31
02/14/2019,CRE,SC,ASO,ES,Federal Contract Tower,0,0,14,2,16,0,0,20,0,20,0,0,34,2,36,10,0,10,46
02/15/2019,CRE,SC,ASO,ES,Federal Contract Tower,0,0,21,0,21,0,0,18,0,18,0,0,39,0,39,2,0,2,41
02/16/2019,CRE,SC,ASO,ES,Federal Contract Tower,0,2,13,0,15,0,6,0,0,6,0,8,13,0,21,0,0,0,21
02/17/2019,CRE,SC,ASO,ES,Federal Contract Tower,0,5,9,0,14,0,0,0,0,0,0,5,9,0,14,0,0,0,14
02/18/2019,CRE,SC,ASO,ES,Federal Contract Tower,0,3,11,0,14,0,4,10,0,14,0,7,21,0,28,0,0,0,28
02/19/2019,CRE,SC,ASO,ES,Federal Contract Tower,0,2,12,0,14,0,0,7,0,7,0,2,19,0,21,0,0,0,21
02/20/2019,CRE,SC,ASO,ES,Federal Contract Tower,0,5,8,2,15,0,0,0,0,0,0,5,8,2,15,0,0,0,15
02/21/2019,CRE,SC,ASO,ES,Federal Contract Tower,0,0,11,1,12,0,2,1,5,8,0,2,12,6,20,0,0,0,20
02/22/2019,CRE,SC,ASO,ES,Federal Contract Tower,0,4,11,1,16,0,0,0,0,0,0,4,11,1,16,0,0,0,16
02/23/2019,CRE,SC,ASO,ES,Federal Contract Tower,0,0,6,4,10,0,0,0,0,0,0,0,6,4,10,0,0,0,10
02/24/2019,CRE,SC,ASO,ES,Federal Contract Tower,0,2,16,2,20,0,0,2,2,4,0,2,18,4,24,0,0,0,24
02/25/2019,CRE,SC,ASO,ES,Federal Contract Tower,0,0,21,0,21,0,0,16,3,19,0,0,37,3,40,8,0,8,48
02/26/2019,CRE,SC,ASO,ES,Federal Contract Tower,0,0,13,0,13,0,0,22,1,23,0,0,35,1,36,0,0,0,36
02/27/2019,CRE,SC,ASO,ES,Federal Contract Tower,0,3,6,2,11,0,0,3,0,3,0,3,9,2,14,0,52,52,66
02/28/2019,CRE,SC,ASO,ES,Federal Contract Tower,0,4,5,4,13,0,0,13,2,15,0,4,18,6,28,2,0,2,30
03/01/2019,CRE,SC,ASO,ES,Federal Contract Tower,0,0,8,1,9,0,0,2,1,3,0,0,10,2,12,6,0,6,18
03/02/2019,CRE,SC,ASO,ES,Federal Contract Tower,0,0,18,0,18,0,2,4,0,6,0,2,22,0,24,18,0,18,42
03/03/2019,CRE,SC,ASO,ES,Federal Contract Tower,0,3,16,0,19,0,0,7,0,7,0,3,23,0,26,0,0,0,26
03/04/2019,CRE,SC,ASO,ES,Federal Contract Tower,0,2,5,10,17,0,0,9,0,9,0,2,14,10,26,0,0,0,26
03/05/2019,CRE,SC,ASO,ES,Federal Contract Tower,0,0,12,2,14,0,0,1,0,1,0,0,13,2,15,18,0,18,33
03/06/2019,CRE,SC,ASO,ES,Federal Contract Tower,0,1,19,0,20,0,0,13,0,13,0,1,32,0,33,2,0,2,35
03/07/2019,CRE,SC,ASO,ES,Federal Contract Tower,0,0,17,0,17,0,4,12,0,16,0,4,29,0,33,8,0,8,41
03/08/2019,CRE,SC,ASO,ES,Federal Contract Tower,0,0,16,0,16,0,4,20,0,24,0,4,36,0,40,8,0,8,48
03/09/2019,CRE,SC,ASO,ES,Federal Contract Tower,0,0,11,2,13,0,0,6,20,26,0,0,17,22,39,18,0,18,57
03/10/2019,CRE,SC,ASO,ES,Federal Contract Tower,0,1,12,0,13,0,2,5,0,7,0,3,17,0,20,2,0,2,22
03/11/2019,CRE,SC,ASO,ES,Federal Contract Tower,0,3,23,2,28,0,10,24,2,36,0,13,47,4,64,0,0,0,64
03/12/2019,CRE,SC,ASO,ES,Federal Contract Tower,0,0,7,0,7,0,6,23,0,29,0,6,30,0,36,2,0,2,38
03/13/2019,CRE,SC,ASO,ES,Federal Contract Tower,0,2,13,0,15,0,6,15,0,21,0,8,28,0,36,0,0,0,36
03/14/2019,CRE,SC,ASO,ES,Federal Contract Tower,0,2,15,2,19,0,0,16,2,18,0,2,31,4,37,0,0,0,37
03/15/2019,CRE,SC,ASO,ES,Federal Contract Tower,0,1,18,2,21,0,7,11,0,18,0,8,29,2,39,12,2,14,53
03/16/2019,CRE,SC,ASO,ES,Federal Contract Tower,0,0,10,0,10,0,12,30,0,42,0,12,40,0,52,12,0,12,64
03/17/2019,CRE,SC,ASO,ES,Federal Contract Tower,0,2,33,0,35,0,6,34,0,40,0,8,67,0,75,2,0,2,77
03/18/2019,CRE,SC,ASO,ES,Federal Contract Tower,0,2,20,1,23,0,0,12,1,13,0,2,32,2,36,2,0,2,38
03/19/2019,CRE,SC,ASO,ES,Federal Contract Tower,0,0,10,0,10,0,1,22,0,23,0,1,32,0,33,12,0,12,45
03/20/2019,CRE,SC,ASO,ES,Federal Contract Tower,0,0,14,0,14,0,2,4,0,6,0,2,18,0,20,0,0,0,20
03/21/2019,CRE,SC,ASO,ES,Federal Contract Tower,0,0,25,4,29,0,0,20,0,20,0,0,45,4,49,0,0,0,49
03/22/2019,CRE,SC,ASO,ES,Federal Contract Tower,0,1,31,0,32,0,0,21,0,21,0,1,52,0,53,0,0,0,53
03/23/2019,CRE,SC,ASO,ES,Federal Contract Tower,0,0,22,0,22,0,36,72,0,108,0,36,94,0,130,2,0,2,132
03/24/2019,CRE,SC,ASO,ES,Federal Contract Tower,0,1,31,0,32,0,8,28,0,36,0,9,59,0,68,0,0,0,68
03/25/2019,CRE,SC,ASO,ES,Federal Contract Tower,0,0,6,0,6,0,4,15,0,19,0,4,21,0,25,0,0,0,25
03/26/2019,CRE,SC,ASO,ES,Federal Contract Tower,0,2,12,3,17,0,2,7,8,17,0,4,19,11,34,0,10,10,44
03/27/2019,CRE,SC,ASO,ES,Federal Contract Tower,0,7,17,0,24,0,8,10,2,20,0,15,27,2,44,0,0,0,44
03/28/2019,CRE,SC,ASO,ES,Federal Contract Tower,0,5,20,2,27,0,10,36,0,46,0,15,56,2,73,2,14,16,89
03/29/2019,CRE,SC,ASO,ES,Federal Contract Tower,0,0,23,0,23,0,28,29,22,79,0,28,52,22,102,2,14,16,118
03/30/2019,CRE,SC,ASO,ES,Federal Contract Tower,0,0,23,0,23,0,11,48,0,59,0,11,71,0,82,22,0,22,104
03/31/2019,CRE,SC,ASO,ES,Federal Contract Tower,0,2,25,0,27,0,8,9,0,17,0,10,34,0,44,8,0,8,52
04/01/2019,CRE,SC,ASO,ES,Federal Contract Tower,0,0,28,0,28,0,9,15,0,24,0,9,43,0,52,8,0,8,60
04/02/2019,CRE,SC,ASO,ES,Federal Contract Tower,0,0,11,0,11,0,0,0,0,0,0,0,11,0,11,0,0,0,11
04/03/2019,CRE,SC,ASO,ES,Federal Contract Tower,0,0,15,6,21,0,0,26,6,32,0,0,41,12,53,4,18,22,75
04/04/2019,CRE,SC,ASO,ES,Federal Contract Tower,0,0,23,6,29,0,2,28,0,30,0,2,51,6,59,52,0,52,111
04/05/2019,CRE,SC,ASO,ES,Federal Contract Tower,0,0,16,0,16,0,0,1,0,1,0,0,17,0,17,0,0,0,17
04/06/2019,CRE,SC,ASO,ES,Federal Contract Tower,0,2,16,0,18,0,14,15,1,30,0,16,31,1,48,4,0,4,52
04/07/2019,CRE,SC,ASO,ES,Federal Contract Tower,0,1,35,0,36,0,7,31,0,38,0,8,66,0,74,14,0,14,88
04/08/2019,CRE,SC,ASO,ES,Federal Contract Tower,0,1,16,0,17,0,6,7,0,13,0,7,23,0,30,6,0,6,36
04/09/2019,CRE,SC,ASO,ES,Federal Contract Tower,0,0,11,0,11,0,6,5,0,11,0,6,16,0,22,18,0,18,40
04/10/2019,CRE,SC,ASO,ES,Federal Contract Tower,0,0,16,5,21,0,0,31,15,46,0,0,47,20,67,12,0,12,79
04/11/2019,CRE,SC,ASO,ES,Federal Contract Tower,0,1,10,0,11,0,0,23,0,23,0,1,33,0,34,12,0,12,46
04/12/2019,CRE,SC,ASO,ES,Federal Contract Tower,0,1,12,2,15,0,2,13,0,15,0,3,25,2,30,12,0,12,42
04/13/2019,CRE,SC,ASO,ES,Federal Contract Tower,0,3,19,3,25,0,0,7,0,7,0,3,26,3,32,54,0,54,86
04/14/2019,CRE,SC,ASO,ES,Federal Contract Tower,0,1,15,2,18,0,0,12,0,12,0,1,27,2,30,56,0,56,86
04/15/2019,CRE,SC,ASO,ES,Federal Contract Tower,0,0,7,1,8,0,14,13,0,27,0,14,20,1,35,0,6,6,41
04/16/2019,CRE,SC,ASO,ES,Federal Contract Tower,0,4,31,0,35,0,12,29,0,41,0,16,60,0,76,6,0,6,82
04/17/2019,CRE,SC,ASO,ES,Federal Contract Tower,0,1,21,0,22,0,6,47,0,53,0,7,68,0,75,54,0,54,129
04/18/2019,CRE,SC,ASO,ES,Federal Contract Tower,0,1,16,4,21,0,30,45,4,79,0,31,61,8,100,62,0,62,162
04/19/2019,CRE,SC,ASO,ES,Federal Contract Tower,0,1,3,0,4,0,0,0,0,0,0,1,3,0,4,0,0,0,4
04/20/2019,CRE,SC,ASO,ES,Federal Contract Tower,0,0,19,0,19,0,12,15,0,27,0,12,34,0,46,10,0,10,56
04/21/2019,CRE,SC,ASO,ES,Federal Contract Tower,0,1,25,0,26,0,2,31,0,33,0,3,56,0,59,88,0,88,147
04/22/2019,CRE,SC,ASO,ES,Federal Contract Tower,0,4,24,2,30,0,12,41,0,53,0,16,65,2,83,36,0,36,119
04/23/2019,CRE,SC,ASO,ES,Federal Contract Tower,0,4,13,2,19,0,0,42,0,42,0,4,55,2,61,50,0,50,111
04/24/2019,CRE,SC,ASO,ES,Federal Contract Tower,0,0,31,12,43,0,31,37,2,70,0,31,68,14,113,16,0,16,129
04/25/2019,CRE,SC,ASO,ES,Federal Contract Tower,0,0,18,0,18,0,6,39,0,45,0,6,57,0,63,20,0,20,83
04/26/2019,CRE,SC,ASO,ES,Federal Contract Tower,0,6,11,0,17,0,8,10,0,18,0,14,21,0,35,8,0,8,43
04/27/2019,CRE,SC,ASO,ES,Federal Contract Tower,0,2,12,0,14,0,28,42,0,70,0,30,54,0,84,30,0,30,114
04/28/2019,CRE,SC,ASO,ES,Federal Contract Tower,0,5,24,0,29,0,0,25,0,25,0,5,49,0,54,34,0,34,88
04/29/2019,CRE,SC,ASO,ES,Federal Contract Tower,0,0,21,2,23,0,0,14,1,15,0,0,35,3,38,10,0,10,48
04/30/2019,CRE,SC,ASO,ES,Federal Contract Tower,0,4,18,3,25,0,16,27,1,44,0,20,45,4,69,52,0,52,121
05/01/2019,CRE,SC,ASO,ES,Federal Contract Tower,0,1,28,3,32,0,22,23,1,46,0,23,51,4,78,64,0,64,142
05/02/2019,CRE,SC,ASO,ES,Federal Contract Tower,0,3,10,4,17,0,1,23,0,24,0,4,33,4,41,32,2,34,75
05/03/2019,CRE,SC,ASO,ES,Federal Contract Tower,0,3,6,0,9,0,6,30,0,36,0,9,36,0,45,40,0,40,85
05/04/2019,CRE,SC,ASO,ES,Federal Contract Tower,0,0,19,0,19,0,14,9,0,23,0,14,28,0,42,8,0,8,50
05/05/2019,CRE,SC,ASO,ES,Federal Contract Tower,0,3,13,0,16,0,0,6,0,6,0,3,19,0,22,16,0,16,38
05/06/2019,CRE,SC,ASO,ES,Federal Contract Tower,0,4,21,0,25,0,0,34,2,36,0,4,55,2,61,60,0,60,121
05/07/2019,CRE,SC,ASO,ES,Federal Contract Tower,0,3,23,0,26,0,4,19,2,25,0,7,42,2,51,108,0,108,159
05/08/2019,CRE,SC,ASO,ES,Federal Contract Tower,0,2,17,2,21,0,8,30,0,38,0,10,47,2,59,62,0,62,121
05/09/2019,CRE,SC,ASO,ES,Federal Contract Tower,0,2,22,4,28,0,8,30,0,38,0,10,52,4,66,4,0,4,70
05/10/2019,CRE,SC,ASO,ES,Federal Contract Tower,0,4,19,10,33,0,14,27,4,45,0,18,46,14,78,70,2,72,150
05/11/2019,CRE,SC,ASO,ES,Federal Contract Tower,0,1,11,0,12,0,6,29,2,37,0,7,40,2,49,22,0,22,71
05/12/2019,CRE,SC,ASO,ES,Federal Contract Tower,0,3,15,0,18,0,4,7,0,11,0,7,22,0,29,8,0,8,37
05/13/2019,CRE,SC,ASO,ES,Federal Contract Tower,0,4,12,0,16,0,12,22,0,34,0,16,34,0,50,90,0,90,140
05/14/2019,CRE,SC,ASO,ES,Federal Contract Tower,0,1,11,4,16,0,20,26,1,47,0,21,37,5,63,10,0,10,73
05/15/2019,CRE,SC,ASO,ES,Federal Contract Tower,0,0,11,2,13,0,4,39,0,43,0,4,50,2,56,126,0,126,182
05/16/2019,CRE,SC,ASO,ES,Federal Contract Tower,0,0,15,0,15,0,10,49,0,59,0,10,64,0,74,78,0,78,152
05/17/2019,CRE,SC,ASO,ES,Federal Contract Tower,0,0,27,11,38,0,12,45,37,94,0,12,72,48,132,22,52,74,206
05/18/2019,CRE,SC,ASO,ES,Federal Contract Tower,0,1,20,0,21,0,20,50,0,70,0,21,70,0,91,120,0,120,211
05/19/2019,CRE,SC,ASO,ES,Federal Contract Tower,0,1,12,0,13,0,24,66,0,90,0,25,78,0,103,114,0,114,217
05/20/2019,CRE,SC,ASO,ES,Federal Contract Tower,0,4,19,10,33,0,12,27,1,40,0,16,46,11,73,46,4,50,123
05/21/2019,CRE,SC,ASO,ES,Federal Contract Tower,0,2,18,2,22,0,12,35,1,48,0,14,53,3,70,64,0,64,134
05/22/2019,CRE,SC,ASO,ES,Federal Contract Tower,0,1,15,1,17,0,2,20,0,22,0,3,35,1,39,30,0,30,69
05/23/2019,CRE,SC,ASO,ES,Federal Contract Tower,0,0,20,0,20,0,28,51,5,84,0,28,71,5,104,32,0,32,136
05/24/2019,CRE,SC,ASO,ES,Federal Contract Tower,0,0,31,0,31,0,33,55,0,88,0,33,86,0,119,22,0,22,141
05/25/2019,CRE,SC,ASO,ES,Federal Contract Tower,0,0,9,0,9,0,22,25,0,47,0,22,34,0,56,46,0,46,102
05/26/2019,CRE,SC,ASO,ES,Federal Contract Tower,0,0,20,0,20,0,28,47,0,75,0,28,67,0,95,94,0,94,189
05/27/2019,CRE,SC,ASO,ES,Federal Contract Tower,0,1,22,0,23,0,20,70,0,90,0,21,92,0,113,40,0,40,153
05/28/2019,CRE,SC,ASO,ES,Federal Contract Tower,0,5,11,0,16,0,4,34,0,38,0,9,45,0,54,40,0,40,94
05/29/2019,CRE,SC,ASO,ES,Federal Contract Tower,0,0,12,0,12,0,8,34,0,42,0,8,46,0,54,38,0,38,92
05/30/2019,CRE,SC,ASO,ES,Federal Contract Tower,0,4,13,0,17,0,22,37,0,59,0,26,50,0,76,18,0,18,94
05/31/2019,CRE,SC,ASO,ES,Federal Contract Tower,0,0,10,0,10,0,22,29,0,51,0,22,39,0,61,24,0,24,85
06/01/2019,CRE,SC,ASO,ES,Federal Contract Tower,0,1,13,0,14,0,46,48,0,94,0,47,61,0,108,28,0,28,136
06/02/2019,CRE,SC,ASO,ES,Federal Contract Tower,0,2,28,0,30,0,16,41,0,57,0,18,69,0,87,44,0,44,131
06/03/2019,CRE,SC,ASO,ES,Federal Contract Tower,0,0,14,2,16,0,8,30,0,38,0,8,44,2,54,48,0,48,102
06/04/2019,CRE,SC,ASO,ES,Federal Contract Tower,0,0,7,5,12,0,26,38,4,68,0,26,45,9,80,30,4,34,114
06/05/2019,CRE,SC,ASO,ES,Federal Contract Tower,0,0,6,8,14,0,10,25,4,39,0,10,31,12,53,18,0,18,71
06/06/2019,CRE,SC,ASO,ES,Federal Contract Tower,0,3,20,0,23,0,10,30,0,40,0,13,50,0,63,12,0,12,75
06/07/2019,CRE,SC,ASO,ES,Federal Contract Tower,0,2,9,0,11,0,10,29,0,39,0,12,38,0,50,36,0,36,86
06/08/2019,CRE,SC,ASO,ES,Federal Contract Tower,0,0,15,0,15,0,14,24,0,38,0,14,39,0,53,22,0,22,75
06/09/2019,CRE,SC,ASO,ES,Federal Contract Tower,0,0,15,0,15,0,38,7,0,45,0,38,22,0,60,0,0,0,60
06/10/2019,CRE,SC,ASO,ES,Federal Contract Tower,0,2,8,3,13,0,10,17,4,31,0,12,25,7,44,44,0,44,88
06/11/2019,CRE,SC,ASO,ES,Federal Contract Tower,0,0,16,2,18,0,4,35,0,39,0,4,51,2,57,46,0,46,103
06/12/2019,CRE,SC,ASO,ES,Federal Contract Tower,0,0,11,0,11,0,10,0,0,10,0,10,11,0,21,0,0,0,21
06/13/2019,CRE,SC,ASO,ES,Federal Contract Tower,0,2,21,3,26,0,27,56,1,84,0,29,77,4,110,56,4,60,170
06/14/2019,CRE,SC,ASO,ES,Federal Contract Tower,0,0,26,0,26,0,16,63,0,79,0,16,89,0,105,102,0,102,207
06/15/2019,CRE,SC,ASO,ES,Federal Contract Tower,0,2,22,0,24,0,10,51,0,61,0,12,73,0,85,58,0,58,143
06/16/2019,CRE,SC,ASO,ES,Federal Contract Tower,0,1,28,0,29,0,26,68,4,98,0,27,96,4,127,70,0,70,197
06/17/2019,CRE,SC,ASO,ES,Federal Contract Tower,0,1,9,0,10,0,24,44,0,68,0,25,53,0,78,58,0,58,136
06/18/2019,CRE,SC,ASO,ES,Federal Contract Tower,0,2,21,4,27,0,22,39,4,65,0,24,60,8,92,40,4,44,136
06/19/2019,CRE,SC,ASO,ES,Federal Contract Tower,0,2,6,1,9,0,18,46,1,65,0,20,52,2,74,46,0,46,120
06/20/2019,CRE,SC,ASO,ES,Federal Contract Tower,0,0,21,0,21,0,41,56,0,97,0,41,77,0,118,60,0,60,178
06/21/2019,CRE,SC,ASO,ES,Federal Contract Tower,0,2,23,4,29,0,21,28,1,50,0,23,51,5,79,30,10,40,119
06/22/2019,CRE,SC,ASO,ES,Federal Contract Tower,0,1,13,0,14,0,20,39,0,59,0,21,52,0,73,42,0,42,115
06/23/2019,CRE,SC,ASO,ES,Federal Contract Tower,0,1,17,0,18,0,14,51,0,65,0,15,68,0,83,52,0,52,135
06/24/2019,CRE,SC,ASO,ES,Federal Contract Tower,0,2,16,3,21,0,10,32,2,44,0,12,48,5,65,60,0,60,125
06/25/2019,CRE,SC,ASO,ES,Federal Contract Tower,0,0,15,4,19,0,23,48,2,73,0,23,63,6,92,66,2,68,160
06/26/2019,CRE,SC,ASO,ES,Federal Contract Tower,0,2,12,1,15,0,70,51,0,121,0,72,63,1,136,58,0,58,194
06/27/2019,CRE,SC,ASO,ES,Federal Contract Tower,0,2,13,2,17,0,16,48,2,66,0,18,61,4,83,50,0,50,133
06/28/2019,CRE,SC,ASO,ES,Federal Contract Tower,0,3,19,0,22,0,46,46,0,92,0,49,65,0,114,64,0,64,178
06/29/2019,CRE,SC,ASO,ES,Federal Contract Tower,0,2,17,0,19,0,32,44,0,76,0,34,61,0,95,68,0,68,163
06/30/2019,CRE,SC,ASO,ES,Federal Contract Tower,0,2,15,1,18,0,28,52,1,81,0,30,67,2,99,92,0,92,191
07/01/2019,CRE,SC,ASO,ES,Federal Contract Tower,0,5,14,0,19,0,43,59,3,105,0,48,73,3,124,98,0,98,222
07/02/2019,CRE,SC,ASO,ES,Federal Contract Tower,0,4,13,4,21,0,32,56,0,88,0,36,69,4,109,70,0,70,179
07/03/2019,CRE,SC,ASO,ES,Federal Contract Tower,0,1,18,1,20,0,6,26,13,45,0,7,44,14,65,16,0,16,81
07/04/2019,CRE,SC,ASO,ES,Federal Contract Tower,0,0,9,0,9,0,35,61,0,96,0,35,70,0,105,108,0,108,213
07/05/2019,CRE,SC,ASO,ES,Federal Contract Tower,0,0,12,0,12,0,18,12,0,30,0,18,24,0,42,6,0,6,48
07/06/2019,CRE,SC,ASO,ES,Federal Contract Tower,0,6,14,2,22,0,58,37,0,95,0,64,51,2,117,50,0,50,167
07/07/2019,CRE,SC,ASO,ES,Federal Contract Tower,0,0,32,0,32,0,32,59,0,91,0,32,91,0,123,68,0,68,191
07/08/2019,CRE,SC,ASO,ES,Federal Contract Tower,0,0,16,1,17,0,28,32,11,71,0,28,48,12,88,68,0,68,156
07/09/2019,CRE,SC,ASO,ES,Federal Contract Tower,0,1,21,0,22,0,36,39,0,75,0,37,60,0,97,40,0,40,137
07/10/2019,CRE,SC,ASO,ES,Federal Contract Tower,0,3,18,0,21,0,14,14,0,28,0,17,32,0,49,4,0,4,53
07/11/2019,CRE,SC,ASO,ES,Federal Contract Tower,0,4,14,0,18,0,34,43,0,77,0,38,57,0,95,60,0,60,155
07/12/2019,CRE,SC,ASO,ES,Federal Contract Tower,0,0,17,0,17,0,48,37,0,85,0,48,54,0,102,62,0,62,164
07/13/2019,CRE,SC,ASO,ES,Federal Contract Tower,0,0,14,0,14,0,21,30,0,51,0,21,44,0,65,32,0,32,97
07/14/2019,CRE,SC,ASO,ES,Federal Contract Tower,0,2,19,2,23,0,32,47,0,79,0,34,66,2,102,64,0,64,166
07/15/2019,CRE,SC,ASO,ES,Federal Contract Tower,0,0,13,0,13,0,16,61,0,77,0,16,74,0,90,76,0,76,166
07/16/2019,CRE,SC,ASO,ES,Federal Contract Tower,0,0,14,2,16,0,52,79,0,131,0,52,93,2,147,68,0,68,215
07/17/2019,CRE,SC,ASO,ES,Federal Contract Tower,0,2,6,0,8,0,45,52,0,97,0,47,58,0,105,78,0,78,183
07/18/2019,CRE,SC,ASO,ES,Federal Contract Tower,0,2,9,2,13,0,26,71,0,97,0,28,80,2,110,44,12,56,166
07/19/2019,CRE,SC,ASO,ES,Federal Contract Tower,0,0,20,2,22,0,32,46,5,83,0,32,66,7,105,36,0,36,141
07/20/2019,CRE,SC,ASO,ES,Federal Contract Tower,0,0,15,0,15,0,48,53,2,103,0,48,68,2,118,68,0,68,186
07/21/2019,CRE,SC,ASO,ES,Federal Contract Tower,0,4,17,0,21,0,20,44,0,64,0,24,61,0,85,50,0,50,135
07/22/2019,CRE,SC,ASO,ES,Federal Contract Tower,0,0,24,5,29,0,19,40,0,59,0,19,64,5,88,60,2,62,150
07/23/2019,CRE,SC,ASO,ES,Federal Contract Tower,0,0,22,2,24,0,12,38,0,50,0,12,60,2,74,48,0,48,122
07/24/2019,CRE,SC,ASO,ES,Federal Contract Tower,0,0,17,4,21,0,26,44,0,70,0,26,61,4,91,92,26,118,209
07/25/2019,CRE,SC,ASO,ES,Federal Contract Tower,0,0,24,3,27,0,34,52,1,87,0,34,76,4,114,76,0,76,190
07/26/2019,CRE,SC,ASO,ES,Federal Contract Tower,0,1,26,0,27,0,41,77,2,120,0,42,103,2,147,58,0,58,205
07/27/2019,CRE,SC,ASO,ES,Federal Contract Tower,0,1,22,0,23,0,62,69,0,131,0,63,91,0,154,52,0,52,206
07/28/2019,CRE,SC,ASO,ES,Federal Contract Tower,0,5,22,0,27,0,57,68,2,127,0,62,90,2,154,104,2,106,260
07/29/2019,CRE,SC,ASO,ES,Federal Contract Tower,0,0,20,4,24,0,30,75,0,105,0,30,95,4,129,80,12,92,221
07/30/2019,CRE,SC,ASO,ES,Federal Contract Tower,0,5,7,3,15,0,46,63,3,112,0,51,70,6,127,94,0,94,221
07/31/2019,CRE,SC,ASO,ES,Federal Contract Tower,0,2,31,4,37,0,42,56,0,98,0,44,87,4,135,84,24,108,243
08/01/2019,CRE,SC,ASO,ES,Federal Contract Tower,0,4,15,2,21,0,44,45,0,89,0,48,60,2,110,70,0,70,180
08/02/2019,CRE,SC,ASO,ES,Federal Contract Tower,0,1,24,0,25,0,61,55,2,118,0,62,79,2,143,54,0,54,197
08/03/2019,CRE,SC,ASO,ES,Federal Contract Tower,0,2,17,0,19,0,40,2,5,47,0,42,19,5,66,0,0,0,66
08/04/2019,CRE,SC,ASO,ES,Federal Contract Tower,0,5,24,0,29,0,41,55,0,96,0,46,79,0,125,70,0,70,195
08/05/2019,CRE,SC,ASO,ES,Federal Contract Tower,0,0,4,0,4,0,27,59,0,86,0,27,63,0,90,60,0,60,150
08/06/2019,CRE,SC,ASO,ES,Federal Contract Tower,0,2,18,8,28,0,30,51,0,81,0,32,69,8,109,70,4,74,183
08/07/2019,CRE,SC,ASO,ES,Federal Contract Tower,0,0,18,4,22,0,65,62,0,127,0,65,80,4,149,60,0,60,209
08/08/2019,CRE,SC,ASO,ES,Federal Contract Tower,0,4,20,0,24,0,38,61,2,101,0,42,81,2,125,60,0,60,185
08/09/2019,CRE,SC,ASO,ES,Federal Contract Tower,0,0,13,3,16,0,68,44,1,113,0,68,57,4,129,66,6,72,201
08/10/2019,CRE,SC,ASO,ES,Federal Contract Tower,0,4,20,0,24,0,42,48,0,90,0,46,68,0,114,52,0,52,166
08/11/2019,CRE,SC,ASO,ES,Federal Contract Tower,0,2,27,0,29,0,10,22,0,32,0,12,49,0,61,32,0,32,93
08/12/2019,CRE,SC,ASO,ES,Federal Contract Tower,0,0,13,0,13,0,15,36,0,51,0,15,49,0,64,84,0,84,148
08/13/2019,CRE,SC,ASO,ES,Federal Contract Tower,0,0,10,0,10,0,36,67,0,103,0,36,77,0,113,74,0,74,187
08/14/2019,CRE,SC,ASO,ES,Federal Contract Tower,0,0,12,1,13,0,34,45,1,80,0,34,57,2,93,44,0,44,137
08/15/2019,CRE,SC,ASO,ES,Federal Contract Tower,0,0,17,2,19,0,30,56,8,94,0,30,73,10,113,60,0,60,173
08/16/2019,CRE,SC,ASO,ES,Federal Contract Tower,0,0,18,0,18,0,12,1,0,13,0,12,19,0,31,0,0,0,31
08/17/2019,CRE,SC,ASO,ES,Federal Contract Tower,0,0,10,0,10,0,4,0,0,4,0,4,10,0,14,0,0,0,14
08/18/2019,CRE,SC,ASO,ES,Federal Contract Tower,0,0,12,1,13,0,20,34,1,55,0,20,46,2,68,42,0,42,110
08/19/2019,CRE,SC,ASO,ES,Federal Contract Tower,0,0,9,6,15,0,14,46,0,60,0,14,55,6,75,56,0,56,131
08/20/2019,CRE,SC,ASO,ES,Federal Contract Tower,0,0,7,0,7,8,36,20,0,64,8,36,27,0,71,34,0,34,105
08/21/2019,CRE,SC,ASO,ES,Federal Contract Tower,0,2,12,0,14,0,10,21,0,31,0,12,33,0,45,32,0,32,77
08/22/2019,CRE,SC,ASO,ES,Federal Contract Tower,0,0,11,0,11,0,24,36,0,60,0,24,47,0,71,34,0,34,105
08/23/2019,CRE,SC,ASO,ES,Federal Contract Tower,0,0,16,0,16,0,54,59,0,113,0,54,75,0,129,38,0,38,167
08/24/2019,CRE,SC,ASO,ES,Federal Contract Tower,0,0,15,0,15,0,2,21,0,23,0,2,36,0,38,24,0,24,62
08/25/2019,CRE,SC,ASO,ES,Federal Contract Tower,0,4,17,0,21,0,14,4,0,18,0,18,21,0,39,0,0,0,39
08/26/2019,CRE,SC,ASO,ES,Federal Contract Tower,0,0,15,8,23,0,18,53,3,74,0,18,68,11,97,48,4,52,149
08/27/2019,CRE,SC,ASO,ES,Federal Contract Tower,0,0,14,12,26,0,16,27,0,43,0,16,41,12,69,38,4,42,111
08/28/2019,CRE,SC,ASO,ES,Federal Contract Tower,0,0,15,0,15,0,16,37,0,53,0,16,52,0,68,46,0,46,114
08/29/2019,CRE,SC,ASO,ES,Federal Contract Tower,0,0,20,2,22,0,30,50,0,80,0,30,70,2,102,38,0,38,140
08/30/2019,CRE,SC,ASO,ES,Federal Contract Tower,0,0,21,0,21,0,23,68,0,91,0,23,89,0,112,48,2,50,162
08/31/2019,CRE,SC,ASO,ES,Federal Contract Tower,0,0,17,0,17,0,43,34,0,77,0,43,51,0,94,46,0,46,140
09/01/2019,CRE,SC,ASO,ES,Federal Contract Tower,0,2,15,0,17,0,54,22,14,90,0,56,37,14,107,14,0,14,121
09/02/2019,CRE,SC,ASO,ES,Federal Contract Tower,0,1,26,0,27,0,1,13,0,14,0,2,39,0,41,0,0,0,41
09/03/2019,CRE,SC,ASO,ES,Federal Contract Tower,0,0,13,0,13,0,0,11,0,11,0,0,24,0,24,0,0,0,24
09/04/2019,CRE,SC,ASO,ES,Federal Contract Tower,0,0,0,0,0,0,0,4,0,4,0,0,4,0,4,0,0,0,4
09/05/2019,CRE,SC,ASO,ES,Federal Contract Tower,0,0,0,0,0,0,0,0,0,0,0,0,0,0,0,0,0,0,0
09/06/2019,CRE,SC,ASO,ES,Federal Contract Tower,0,0,7,1,8,0,2,11,3,16,0,2,18,4,24,10,0,10,34
09/07/2019,CRE,SC,ASO,ES,Federal Contract Tower,0,0,18,0,18,0,0,45,0,45,0,0,63,0,63,22,0,22,85
09/08/2019,CRE,SC,ASO,ES,Federal Contract Tower,0,2,24,0,26,0,2,31,0,33,0,4,55,0,59,0,0,0,59
09/09/2019,CRE,SC,ASO,ES,Federal Contract Tower,0,1,12,0,13,0,10,30,0,40,0,11,42,0,53,12,0,12,65
09/10/2019,CRE,SC,ASO,ES,Federal Contract Tower,0,0,6,0,6,0,12,18,0,30,0,12,24,0,36,0,0,0,36
09/11/2019,CRE,SC,ASO,ES,Federal Contract Tower,0,2,15,0,17,0,6,12,0,18,0,8,27,0,35,0,0,0,35
09/12/2019,CRE,SC,ASO,ES,Federal Contract Tower,0,3,9,3,15,0,4,18,2,24,0,7,27,5,39,4,18,22,61
09/13/2019,CRE,SC,ASO,ES,Federal Contract Tower,0,3,14,0,17,0,3,22,2,27,0,6,36,2,44,0,0,0,44
09/14/2019,CRE,SC,ASO,ES,Federal Contract Tower,0,4,14,0,18,0,12,5,0,17,0,16,19,0,35,0,0,0,35
09/15/2019,CRE,SC,ASO,ES,Federal Contract Tower,0,1,20,0,21,0,19,13,0,32,0,20,33,0,53,8,4,12,65
09/16/2019,CRE,SC,ASO,ES,Federal Contract Tower,0,2,18,2,22,0,12,14,2,28,0,14,32,4,50,2,0,2,52
09/17/2019,CRE,SC,ASO,ES,Federal Contract Tower,0,1,7,0,8,0,6,17,0,23,0,7,24,0,31,6,0,6,37
09/18/2019,CRE,SC,ASO,ES,Federal Contract Tower,0,0,11,2,13,0,12,13,0,25,0,12,24,2,38,0,0,0,38
09/19/2019,CRE,SC,ASO,ES,Federal Contract Tower,0,4,13,4,21,0,10,18,2,30,0,14,31,6,51,0,0,0,51
09/20/2019,CRE,SC,ASO,ES,Federal Contract Tower,0,2,12,0,14,0,8,35,3,46,0,10,47,3,60,2,0,2,62
09/21/2019,CRE,SC,ASO,ES,Federal Contract Tower,0,2,16,0,18,0,20,45,0,65,0,22,61,0,83,26,0,26,109
09/22/2019,CRE,SC,ASO,ES,Federal Contract Tower,0,0,17,0,17,0,2,35,0,37,0,2,52,0,54,4,0,4,58
09/23/2019,CRE,SC,ASO,ES,Federal Contract Tower,0,6,17,6,29,0,16,21,2,39,0,22,38,8,68,4,0,4,72
09/24/2019,CRE,SC,ASO,ES,Federal Contract Tower,0,2,7,4,13,0,6,25,0,31,0,8,32,4,44,10,0,10,54
09/25/2019,CRE,SC,ASO,ES,Federal Contract Tower,0,0,9,8,17,0,18,21,0,39,0,18,30,8,56,6,10,16,72
09/26/2019,CRE,SC,ASO,ES,Federal Contract Tower,0,2,8,2,12,0,10,16,0,26,0,12,24,2,38,6,0,6,44
09/27/2019,CRE,SC,ASO,ES,Federal Contract Tower,0,0,22,0,22,0,10,27,0,37,0,10,49,0,59,0,0,0,59
09/28/2019,CRE,SC,ASO,ES,Federal Contract Tower,0,2,17,0,19,0,12,18,4,34,0,14,35,4,53,0,0,0,53
09/29/2019,CRE,SC,ASO,ES,Federal Contract Tower,0,3,32,0,35,0,4,34,3,41,0,7,66,3,76,2,0,2,78
09/30/2019,CRE,SC,ASO,ES,Federal Contract Tower,0,3,13,1,17,0,2,24,1,27,0,5,37,2,44,6,0,6,50
10/01/2019,CRE,SC,ASO,ES,Federal Contract Tower,0,0,8,0,8,0,8,11,1,20,0,8,19,1,28,0,0,0,28
10/02/2019,CRE,SC,ASO,ES,Federal Contract Tower,0,3,12,4,19,0,6,24,0,30,0,9,36,4,49,24,0,24,73
10/03/2019,CRE,SC,ASO,ES,Federal Contract Tower,0,2,16,5,23,0,6,17,0,23,0,8,33,5,46,0,2,2,48
10/04/2019,CRE,SC,ASO,ES,Federal Contract Tower,0,0,15,7,22,0,12,26,0,38,0,12,41,7,60,0,0,0,60
10/05/2019,CRE,SC,ASO,ES,Federal Contract Tower,0,1,12,0,13,0,6,6,4,16,0,7,18,4,29,6,0,6,35
10/06/2019,CRE,SC,ASO,ES,Federal Contract Tower,0,4,40,0,44,0,0,20,0,20,0,4,60,0,64,2,0,2,66
10/07/2019,CRE,SC,ASO,ES,Federal Contract Tower,0,2,8,2,12,0,0,6,2,8,0,2,14,4,20,10,0,10,30
10/08/2019,CRE,SC,ASO,ES,Federal Contract Tower,0,2,6,14,22,0,0,5,0,5,0,2,11,14,27,0,8,8,35
10/09/2019,CRE,SC,ASO,ES,Federal Contract Tower,0,0,18,0,18,0,4,11,0,15,0,4,29,0,33,10,0,10,43
10/10/2019,CRE,SC,ASO,ES,Federal Contract Tower,0,2,19,2,23,0,8,26,0,34,0,10,45,2,57,0,6,6,63
10/11/2019,CRE,SC,ASO,ES,Federal Contract Tower,0,0,23,2,25,0,12,32,0,44,0,12,55,2,69,16,12,28,97
10/12/2019,CRE,SC,ASO,ES,Federal Contract Tower,0,1,15,0,16,0,22,39,0,61,0,23,54,0,77,2,0,2,79
10/13/2019,CRE,SC,ASO,ES,Federal Contract Tower,0,0,31,0,31,0,9,8,0,17,0,9,39,0,48,4,0,4,52
10/14/2019,CRE,SC,ASO,ES,Federal Contract Tower,0,8,13,0,21,0,0,23,0,23,0,8,36,0,44,0,0,0,44
10/15/2019,CRE,SC,ASO,ES,Federal Contract Tower,0,1,17,2,20,0,0,6,0,6,0,1,23,2,26,0,0,0,26
10/16/2019,CRE,SC,ASO,ES,Federal Contract Tower,0,2,10,0,12,0,0,5,0,5,0,2,15,0,17,0,0,0,17
10/17/2019,CRE,SC,ASO,ES,Federal Contract Tower,0,1,14,0,15,0,22,26,2,50,0,23,40,2,65,12,0,12,77
10/18/2019,CRE,SC,ASO,ES,Federal Contract Tower,0,4,16,0,20,0,14,23,6,43,0,18,39,6,63,0,0,0,63
10/19/2019,CRE,SC,ASO,ES,Federal Contract Tower,0,2,10,0,12,0,1,3,0,4,0,3,13,0,16,0,0,0,16
10/20/2019,CRE,SC,ASO,ES,Federal Contract Tower,0,1,14,2,17,0,0,4,0,4,0,1,18,2,21,0,0,0,21
10/21/2019,CRE,SC,ASO,ES,Federal Contract Tower,0,2,18,2,22,0,9,21,4,34,0,11,39,6,56,4,0,4,60
10/22/2019,CRE,SC,ASO,ES,Federal Contract Tower,0,4,5,11,20,0,4,3,0,7,0,8,8,11,27,0,0,0,27
10/23/2019,CRE,SC,ASO,ES,Federal Contract Tower,0,3,5,4,12,0,6,20,2,28,0,9,25,6,40,0,18,18,58
10/24/2019,CRE,SC,ASO,ES,Federal Contract Tower,0,0,24,0,24,0,2,19,1,22,0,2,43,1,46,0,0,0,46
10/25/2019,CRE,SC,ASO,ES,Federal Contract Tower,0,1,21,0,22,0,0,17,2,19,0,1,38,2,41,0,0,0,41
10/26/2019,CRE,SC,ASO,ES,Federal Contract Tower,0,1,14,0,15,0,4,12,3,19,0,5,26,3,34,0,0,0,34
10/27/2019,CRE,SC,ASO,ES,Federal Contract Tower,0,6,14,0,20,0,1,0,0,1,0,7,14,0,21,0,0,0,21
10/28/2019,CRE,SC,ASO,ES,Federal Contract Tower,0,0,5,2,7,0,2,15,8,25,0,2,20,10,32,8,16,24,56
10/29/2019,CRE,SC,ASO,ES,Federal Contract Tower,0,0,8,0,8,0,0,4,0,4,0,0,12,0,12,0,0,0,12
10/30/2019,CRE,SC,ASO,ES,Federal Contract Tower,0,1,9,10,20,0,2,2,1,5,0,3,11,11,25,0,0,0,25
10/31/2019,CRE,SC,ASO,ES,Federal Contract Tower,0,1,14,6,21,0,0,1,8,9,0,1,15,14,30,0,8,8,38
11/01/2019,CRE,SC,ASO,ES,Federal Contract Tower,0,0,17,4,21,0,0,8,0,8,0,0,25,4,29,0,0,0,29
11/02/2019,CRE,SC,ASO,ES,Federal Contract Tower,0,2,12,0,14,0,0,28,2,30,0,2,40,2,44,2,0,2,46
11/03/2019,CRE,SC,ASO,ES,Federal Contract Tower,0,1,24,0,25,0,4,24,0,28,0,5,48,0,53,0,0,0,53
11/04/2019,CRE,SC,ASO,ES,Federal Contract Tower,0,2,4,0,6,0,0,10,0,10,0,2,14,0,16,4,0,4,20
11/05/2019,CRE,SC,ASO,ES,Federal Contract Tower,0,0,12,0,12,0,0,4,0,4,0,0,16,0,16,0,0,0,16
11/06/2019,CRE,SC,ASO,ES,Federal Contract Tower,0,0,18,2,20,0,0,18,0,18,0,0,36,2,38,6,0,6,44
11/07/2019,CRE,SC,ASO,ES,Federal Contract Tower,0,2,19,0,21,0,2,28,3,33,0,4,47,3,54,8,0,8,62
11/08/2019,CRE,SC,ASO,ES,Federal Contract Tower,0,0,18,0,18,0,0,4,0,4,0,0,22,0,22,0,0,0,22
11/09/2019,CRE,SC,ASO,ES,Federal Contract Tower,0,2,8,0,10,0,1,22,0,23,0,3,30,0,33,0,0,0,33
11/10/2019,CRE,SC,ASO,ES,Federal Contract Tower,0,3,24,0,27,0,4,39,1,44,0,7,63,1,71,2,0,2,73
11/11/2019,CRE,SC,ASO,ES,Federal Contract Tower,0,2,17,0,19,0,0,25,1,26,0,2,42,1,45,2,0,2,47
11/12/2019,CRE,SC,ASO,ES,Federal Contract Tower,0,0,5,0,5,0,0,4,0,4,0,0,9,0,9,0,0,0,9
11/13/2019,CRE,SC,ASO,ES,Federal Contract Tower,0,0,14,2,16,0,6,11,0,17,0,6,25,2,33,8,0,8,41
11/14/2019,CRE,SC,ASO,ES,Federal Contract Tower,0,1,13,0,14,0,0,5,0,5,0,1,18,0,19,8,0,8,27
11/15/2019,CRE,SC,ASO,ES,Federal Contract Tower,0,4,9,1,14,0,0,0,0,0,0,4,9,1,14,0,0,0,14
11/16/2019,CRE,SC,ASO,ES,Federal Contract Tower,0,0,9,2,11,0,0,0,1,1,0,0,9,3,12,0,0,0,12
11/17/2019,CRE,SC,ASO,ES,Federal Contract Tower,0,0,11,0,11,0,0,1,0,1,0,0,12,0,12,0,0,0,12
11/18/2019,CRE,SC,ASO,ES,Federal Contract Tower,0,0,12,0,12,0,0,0,0,0,0,0,12,0,12,0,0,0,12
11/19/2019,CRE,SC,ASO,ES,Federal Contract Tower,0,0,21,8,29,0,0,4,14,18,0,0,25,22,47,0,32,32,79
11/20/2019,CRE,SC,ASO,ES,Federal Contract Tower,0,0,16,4,20,0,0,2,0,2,0,0,18,4,22,0,0,0,22
11/21/2019,CRE,SC,ASO,ES,Federal Contract Tower,0,2,4,6,12,0,0,28,0,28,0,2,32,6,40,20,0,20,60
11/22/2019,CRE,SC,ASO,ES,Federal Contract Tower,0,0,25,0,25,0,2,21,0,23,0,2,46,0,48,0,0,0,48
11/23/2019,CRE,SC,ASO,ES,Federal Contract Tower,0,1,10,0,11,0,2,8,0,10,0,3,18,0,21,2,0,2,23
11/24/2019,CRE,SC,ASO,ES,Federal Contract Tower,0,3,16,0,19,0,0,32,0,32,0,3,48,0,51,0,0,0,51
11/25/2019,CRE,SC,ASO,ES,Federal Contract Tower,0,1,20,2,23,0,8,17,2,27,0,9,37,4,50,8,0,8,58
11/26/2019,CRE,SC,ASO,ES,Federal Contract Tower,0,1,21,4,26,0,0,14,2,16,0,1,35,6,42,0,0,0,42
11/27/2019,CRE,SC,ASO,ES,Federal Contract Tower,0,0,10,2,12,0,1,8,6,15,0,1,18,8,27,20,0,20,47
11/28/2019,CRE,SC,ASO,ES,Federal Contract Tower,0,2,7,0,9,0,0,5,0,5,0,2,12,0,14,0,0,0,14
11/29/2019,CRE,SC,ASO,ES,Federal Contract Tower,0,1,14,0,15,0,0,23,0,23,0,1,37,0,38,10,0,10,48
11/30/2019,CRE,SC,ASO,ES,Federal Contract Tower,0,0,24,0,24,0,8,14,0,22,0,8,38,0,46,12,0,12,58
12/01/2019,CRE,SC,ASO,ES,Federal Contract Tower,0,4,9,0,13,0,0,1,0,1,0,4,10,0,14,0,0,0,14
12/02/2019,CRE,SC,ASO,ES,Federal Contract Tower,0,1,17,0,18,0,4,8,0,12,0,5,25,0,30,0,2,2,32
12/03/2019,CRE,SC,ASO,ES,Federal Contract Tower,0,2,17,0,19,0,0,20,0,20,0,2,37,0,39,0,0,0,39
12/04/2019,CRE,SC,ASO,ES,Federal Contract Tower,0,3,16,0,19,0,0,25,0,25,0,3,41,0,44,10,0,10,54
12/05/2019,CRE,SC,ASO,ES,Federal Contract Tower,0,0,13,7,20,0,2,11,2,15,0,2,24,9,35,14,22,36,71
12/06/2019,CRE,SC,ASO,ES,Federal Contract Tower,0,0,19,0,19,0,0,14,0,14,0,0,33,0,33,0,0,0,33
12/07/2019,CRE,SC,ASO,ES,Federal Contract Tower,0,0,21,0,21,0,4,18,0,22,0,4,39,0,43,0,0,0,43
12/08/2019,CRE,SC,ASO,ES,Federal Contract Tower,0,0,23,0,23,0,0,4,0,4,0,0,27,0,27,0,0,0,27
12/09/2019,CRE,SC,ASO,ES,Federal Contract Tower,0,0,6,0,6,0,0,0,0,0,0,0,6,0,6,0,0,0,6
12/10/2019,CRE,SC,ASO,ES,Federal Contract Tower,0,8,18,2,28,0,0,11,0,11,0,8,29,2,39,0,0,0,39
12/11/2019,CRE,SC,ASO,ES,Federal Contract Tower,0,0,10,0,10,0,2,7,0,9,0,2,17,0,19,0,0,0,19
12/12/2019,CRE,SC,ASO,ES,Federal Contract Tower,0,0,20,2,22,0,0,15,1,16,0,0,35,3,38,0,0,0,38
12/13/2019,CRE,SC,ASO,ES,Federal Contract Tower,0,0,4,0,4,0,0,1,0,1,0,0,5,0,5,0,0,0,5
12/14/2019,CRE,SC,ASO,ES,Federal Contract Tower,0,2,15,0,17,0,0,6,0,6,0,2,21,0,23,0,0,0,23
12/15/2019,CRE,SC,ASO,ES,Federal Contract Tower,0,0,13,0,13,0,0,35,0,35,0,0,48,0,48,6,0,6,54
12/16/2019,CRE,SC,ASO,ES,Federal Contract Tower,0,2,13,4,19,0,0,33,0,33,0,2,46,4,52,6,0,6,58
12/17/2019,CRE,SC,ASO,ES,Federal Contract Tower,0,1,5,0,6,0,0,1,0,1,0,1,6,0,7,0,0,0,7
12/18/2019,CRE,SC,ASO,ES,Federal Contract Tower,0,1,13,8,22,0,0,5,0,5,0,1,18,8,27,0,0,0,27
12/19/2019,CRE,SC,ASO,ES,Federal Contract Tower,0,2,15,0,17,0,0,13,0,13,0,2,28,0,30,2,0,2,32
12/20/2019,CRE,SC,ASO,ES,Federal Contract Tower,0,2,16,0,18,0,2,15,0,17,0,4,31,0,35,0,0,0,35
12/21/2019,CRE,SC,ASO,ES,Federal Contract Tower,0,0,6,0,6,0,10,10,0,20,0,10,16,0,26,6,0,6,32
12/22/2019,CRE,SC,ASO,ES,Federal Contract Tower,0,1,5,0,6,0,0,7,0,7,0,1,12,0,13,0,0,0,13
12/23/2019,CRE,SC,ASO,ES,Federal Contract Tower,0,1,4,0,5,0,0,0,0,0,0,1,4,0,5,0,0,0,5
12/24/2019,CRE,SC,ASO,ES,Federal Contract Tower,0,0,2,0,2,0,0,8,0,8,0,0,10,0,10,0,0,0,10
12/25/2019,CRE,SC,ASO,ES,Federal Contract Tower,0,0,7,0,7,0,0,3,0,3,0,0,10,0,10,0,0,0,10
12/26/2019,CRE,SC,ASO,ES,Federal Contract Tower,0,3,27,0,30,0,0,21,0,21,0,3,48,0,51,2,0,2,53
12/27/2019,CRE,SC,ASO,ES,Federal Contract Tower,0,3,13,0,16,0,0,14,0,14,0,3,27,0,30,0,0,0,30
12/28/2019,CRE,SC,ASO,ES,Federal Contract Tower,0,2,16,0,18,0,2,26,0,28,0,4,42,0,46,14,0,14,60
12/29/2019,CRE,SC,ASO,ES,Federal Contract Tower,0,2,16,0,18,0,0,10,0,10,0,2,26,0,28,4,0,4,32
12/30/2019,CRE,SC,ASO,ES,Federal Contract Tower,0,0,12,2,14,0,2,4,0,6,0,2,16,2,20,0,0,0,20
12/31/2019,CRE,SC,ASO,ES,Federal Contract Tower,0,0,15,0,15,0,4,9,0,13,0,4,24,0,28,4,0,4,32
01/01/2020,CRE,SC,ASO,ES,Federal Contract Tower,0,0,13,0,13,0,1,18,0,19,0,1,31,0,32,8,0,8,40
01/02/2020,CRE,SC,ASO,ES,Federal Contract Tower,0,0,17,0,17,0,2,11,0,13,0,2,28,0,30,2,0,2,32
01/03/2020,CRE,SC,ASO,ES,Federal Contract Tower,0,0,7,3,10,0,0,4,1,5,0,0,11,4,15,0,0,0,15
01/04/2020,CRE,SC,ASO,ES,Federal Contract Tower,0,0,4,0,4,0,0,3,0,3,0,0,7,0,7,0,0,0,7
01/05/2020,CRE,SC,ASO,ES,Federal Contract Tower,0,0,26,0,26,0,2,25,0,27,0,2,51,0,53,0,0,0,53
01/06/2020,CRE,SC,ASO,ES,Federal Contract Tower,0,1,10,0,11,0,0,16,0,16,0,1,26,0,27,0,0,0,27
01/07/2020,CRE,SC,ASO,ES,Federal Contract Tower,0,1,2,6,9,0,0,8,0,8,0,1,10,6,17,4,0,4,21
01/08/2020,CRE,SC,ASO,ES,Federal Contract Tower,0,0,14,0,14,0,0,28,10,38,0,0,42,10,52,4,0,4,56
01/09/2020,CRE,SC,ASO,ES,Federal Contract Tower,0,0,16,2,18,0,0,26,0,26,0,0,42,2,44,28,0,28,72
01/10/2020,CRE,SC,ASO,ES,Federal Contract Tower,0,0,12,0,12,0,2,9,0,11,0,2,21,0,23,0,0,0,23
01/11/2020,CRE,SC,ASO,ES,Federal Contract Tower,0,0,8,0,8,0,0,6,1,7,0,0,14,1,15,0,0,0,15
01/12/2020,CRE,SC,ASO,ES,Federal Contract Tower,0,0,9,0,9,0,0,0,0,0,0,0,9,0,9,0,0,0,9
01/13/2020,CRE,SC,ASO,ES,Federal Contract Tower,0,0,11,0,11,0,0,0,0,0,0,0,11,0,11,2,0,2,13
01/14/2020,CRE,SC,ASO,ES,Federal Contract Tower,0,0,5,0,5,0,0,2,0,2,0,0,7,0,7,0,0,0,7
01/15/2020,CRE,SC,ASO,ES,Federal Contract Tower,0,0,14,0,14,0,0,6,0,6,0,0,20,0,20,4,0,4,24
01/16/2020,CRE,SC,ASO,ES,Federal Contract Tower,0,0,10,2,12,0,0,13,0,13,0,0,23,2,25,2,0,2,27
01/17/2020,CRE,SC,ASO,ES,Federal Contract Tower,0,1,18,0,19,0,0,21,0,21,0,1,39,0,40,2,0,2,42
01/18/2020,CRE,SC,ASO,ES,Federal Contract Tower,0,1,13,0,14,0,0,4,0,4,0,1,17,0,18,4,0,4,22
01/19/2020,CRE,SC,ASO,ES,Federal Contract Tower,0,0,15,0,15,0,0,10,0,10,0,0,25,0,25,2,0,2,27
01/20/2020,CRE,SC,ASO,ES,Federal Contract Tower,0,0,13,0,13,0,0,20,2,22,0,0,33,2,35,0,0,0,35
01/21/2020,CRE,SC,ASO,ES,Federal Contract Tower,0,0,2,1,3,0,0,4,2,6,0,0,6,3,9,0,0,0,9
01/22/2020,CRE,SC,ASO,ES,Federal Contract Tower,0,2,11,2,15,0,0,15,2,17,0,2,26,4,32,2,0,2,34
01/23/2020,CRE,SC,ASO,ES,Federal Contract Tower,0,0,18,0,18,0,0,18,0,18,0,0,36,0,36,10,0,10,46
01/24/2020,CRE,SC,ASO,ES,Federal Contract Tower,0,2,10,21,33,0,0,3,2,5,0,2,13,23,38,0,0,0,38
01/25/2020,CRE,SC,ASO,ES,Federal Contract Tower,0,0,7,0,7,0,0,18,0,18,0,0,25,0,25,8,0,8,33
01/26/2020,CRE,SC,ASO,ES,Federal Contract Tower,0,2,14,0,16,0,2,16,0,18,0,4,30,0,34,0,0,0,34
01/27/2020,CRE,SC,ASO,ES,Federal Contract Tower,0,0,4,2,6,0,0,15,0,15,0,0,19,2,21,14,0,14,35
01/28/2020,CRE,SC,ASO,ES,Federal Contract Tower,0,0,12,1,13,0,0,18,1,19,0,0,30,2,32,0,6,6,38
01/29/2020,CRE,SC,ASO,ES,Federal Contract Tower,0,1,13,2,16,0,0,17,1,18,0,1,30,3,34,16,24,40,74
01/30/2020,CRE,SC,ASO,ES,Federal Contract Tower,0,1,7,2,10,0,0,24,0,24,0,1,31,2,34,10,0,10,44
01/31/2020,CRE,SC,ASO,ES,Federal Contract Tower,0,0,9,0,9,0,0,4,0,4,0,0,13,0,13,0,0,0,13
02/01/2020,CRE,SC,ASO,ES,Federal Contract Tower,0,0,12,0,12,0,0,0,0,0,0,0,12,0,12,0,0,0,12
02/02/2020,CRE,SC,ASO,ES,Federal Contract Tower,0,0,20,0,20,0,0,59,0,59,0,0,79,0,79,10,0,10,89
02/03/2020,CRE,SC,ASO,ES,Federal Contract Tower,0,1,11,0,12,0,0,19,0,19,0,1,30,0,31,0,0,0,31
02/04/2020,CRE,SC,ASO,ES,Federal Contract Tower,0,0,5,1,6,0,0,15,3,18,0,0,20,4,24,2,12,14,38
02/05/2020,CRE,SC,ASO,ES,Federal Contract Tower,0,0,10,2,12,0,0,12,0,12,0,0,22,2,24,14,0,14,38
02/06/2020,CRE,SC,ASO,ES,Federal Contract Tower,0,1,5,2,8,0,0,1,0,1,0,1,6,2,9,0,0,0,9
02/07/2020,CRE,SC,ASO,ES,Federal Contract Tower,0,0,5,4,9,0,0,0,0,0,0,0,5,4,9,0,0,0,9
02/08/2020,CRE,SC,ASO,ES,Federal Contract Tower,0,0,4,0,4,0,1,21,0,22,0,1,25,0,26,12,0,12,38
02/09/2020,CRE,SC,ASO,ES,Federal Contract Tower,0,0,5,0,5,0,0,26,6,32,0,0,31,6,37,12,0,12,49
02/10/2020,CRE,SC,ASO,ES,Federal Contract Tower,0,0,21,4,25,0,2,20,0,22,0,2,41,4,47,8,10,18,65
02/11/2020,CRE,SC,ASO,ES,Federal Contract Tower,0,0,6,4,10,0,0,0,0,0,0,0,6,4,10,0,40,40,50
02/12/2020,CRE,SC,ASO,ES,Federal Contract Tower,0,2,24,7,33,0,0,10,0,10,0,2,34,7,43,0,0,0,43
02/13/2020,CRE,SC,ASO,ES,Federal Contract Tower,0,0,4,4,8,0,0,1,0,1,0,0,5,4,9,0,0,0,9
02/14/2020,CRE,SC,ASO,ES,Federal Contract Tower,0,2,22,0,24,0,2,16,0,18,0,4,38,0,42,0,0,0,42
02/15/2020,CRE,SC,ASO,ES,Federal Contract Tower,0,0,21,0,21,0,2,20,0,22,0,2,41,0,43,0,0,0,43
02/16/2020,CRE,SC,ASO,ES,Federal Contract Tower,0,0,18,0,18,0,0,7,0,7,0,0,25,0,25,0,0,0,25
02/17/2020,CRE,SC,ASO,ES,Federal Contract Tower,0,0,20,0,20,0,0,4,0,4,0,0,24,0,24,0,0,0,24
02/18/2020,CRE,SC,ASO,ES,Federal Contract Tower,0,0,16,0,16,0,0,1,0,1,0,0,17,0,17,0,0,0,17
02/19/2020,CRE,SC,ASO,ES,Federal Contract Tower,0,2,6,0,8,0,0,0,0,0,0,2,6,0,8,0,0,0,8
02/20/2020,CRE,SC,ASO,ES,Federal Contract Tower,0,0,4,0,4,0,0,0,0,0,0,0,4,0,4,0,0,0,4
02/21/2020,CRE,SC,ASO,ES,Federal Contract Tower,0,0,7,0,7,0,0,4,0,4,0,0,11,0,11,0,0,0,11
02/22/2020,CRE,SC,ASO,ES,Federal Contract Tower,0,1,9,0,10,0,2,42,0,44,0,3,51,0,54,14,0,14,68
02/23/2020,CRE,SC,ASO,ES,Federal Contract Tower,0,1,7,0,8,0,0,38,0,38,0,1,45,0,46,10,0,10,56
02/24/2020,CRE,SC,ASO,ES,Federal Contract Tower,0,0,5,0,5,0,0,8,0,8,0,0,13,0,13,0,0,0,13
02/25/2020,CRE,SC,ASO,ES,Federal Contract Tower,0,0,10,3,13,0,0,16,3,19,0,0,26,6,32,0,0,0,32
02/26/2020,CRE,SC,ASO,ES,Federal Contract Tower,0,0,10,4,14,0,0,0,0,0,0,0,10,4,14,0,0,0,14
02/27/2020,CRE,SC,ASO,ES,Federal Contract Tower,0,0,14,10,24,0,2,23,16,41,0,2,37,26,65,4,0,4,69
02/28/2020,CRE,SC,ASO,ES,Federal Contract Tower,0,0,13,0,13,0,4,15,0,19,0,4,28,0,32,0,0,0,32
02/29/2020,CRE,SC,ASO,ES,Federal Contract Tower,0,0,13,0,13,0,0,18,0,18,0,0,31,0,31,4,0,4,35
03/01/2020,CRE,SC,ASO,ES,Federal Contract Tower,0,0,21,0,21,0,0,30,0,30,0,0,51,0,51,16,0,16,67
03/02/2020,CRE,SC,ASO,ES,Federal Contract Tower,0,1,7,0,8,0,0,11,2,13,0,1,18,2,21,2,0,2,23
03/03/2020,CRE,SC,ASO,ES,Federal Contract Tower,0,1,8,0,9,0,0,2,1,3,0,1,10,1,12,0,0,0,12
03/04/2020,CRE,SC,ASO,ES,Federal Contract Tower,0,1,10,2,13,0,0,5,2,7,0,1,15,4,20,8,0,8,28
03/05/2020,CRE,SC,ASO,ES,Federal Contract Tower,0,3,5,0,8,0,0,1,0,1,0,3,6,0,9,0,0,0,9
03/06/2020,CRE,SC,ASO,ES,Federal Contract Tower,0,0,8,2,10,0,0,9,2,11,0,0,17,4,21,2,0,2,23
03/07/2020,CRE,SC,ASO,ES,Federal Contract Tower,0,0,5,2,7,0,0,14,0,14,0,0,19,2,21,6,0,6,27
03/08/2020,CRE,SC,ASO,ES,Federal Contract Tower,0,0,10,0,10,0,2,28,0,30,0,2,38,0,40,0,0,0,40
03/09/2020,CRE,SC,ASO,ES,Federal Contract Tower,0,2,16,0,18,0,4,22,0,26,0,6,38,0,44,10,0,10,54
03/10/2020,CRE,SC,ASO,ES,Federal Contract Tower,0,0,10,2,12,0,0,10,2,12,0,0,20,4,24,6,0,6,30
03/11/2020,CRE,SC,ASO,ES,Federal Contract Tower,0,2,19,0,21,0,0,13,0,13,0,2,32,0,34,0,0,0,34
03/12/2020,CRE,SC,ASO,ES,Federal Contract Tower,0,0,17,2,19,0,4,15,0,19,0,4,32,2,38,14,0,14,52
03/13/2020,CRE,SC,ASO,ES,Federal Contract Tower,0,2,19,3,24,0,0,11,1,12,0,2,30,4,36,2,2,4,40
03/14/2020,CRE,SC,ASO,ES,Federal Contract Tower,0,0,20,0,20,0,6,31,0,37,0,6,51,0,57,10,0,10,67
03/15/2020,CRE,SC,ASO,ES,Federal Contract Tower,0,3,25,0,28,0,2,1,0,3,0,5,26,0,31,0,0,0,31
03/16/2020,CRE,SC,ASO,ES,Federal Contract Tower,0,0,9,0,9,0,2,10,0,12,0,2,19,0,21,14,0,14,35
03/17/2020,CRE,SC,ASO,ES,Federal Contract Tower,0,0,7,2,9,0,0,0,0,0,0,0,7,2,9,0,0,0,9
03/18/2020,CRE,SC,ASO,ES,Federal Contract Tower,0,0,9,2,11,0,0,7,0,7,0,0,16,2,18,14,0,14,32
03/19/2020,CRE,SC,ASO,ES,Federal Contract Tower,0,2,9,0,11,0,0,10,0,10,0,2,19,0,21,6,0,6,27
03/20/2020,CRE,SC,ASO,ES,Federal Contract Tower,0,0,6,2,8,0,0,10,0,10,0,0,16,2,18,4,0,4,22
03/21/2020,CRE,SC,ASO,ES,Federal Contract Tower,0,0,16,0,16,0,1,8,0,9,0,1,24,0,25,4,0,4,29
03/22/2020,CRE,SC,ASO,ES,Federal Contract Tower,0,0,21,0,21,0,0,2,0,2,0,0,23,0,23,4,0,4,27
03/23/2020,CRE,SC,ASO,ES,Federal Contract Tower,0,0,7,0,7,0,0,2,0,2,0,0,9,0,9,0,0,0,9
03/24/2020,CRE,SC,ASO,ES,Federal Contract Tower,0,2,6,0,8,0,0,0,0,0,0,2,6,0,8,0,0,0,8
03/25/2020,CRE,SC,ASO,ES,Federal Contract Tower,0,2,4,2,8,0,4,4,0,8,0,6,8,2,16,0,14,14,30
03/26/2020,CRE,SC,ASO,ES,Federal Contract Tower,0,0,7,0,7,0,0,14,0,14,0,0,21,0,21,2,0,2,23
03/27/2020,CRE,SC,ASO,ES,Federal Contract Tower,0,0,8,0,8,0,0,15,0,15,0,0,23,0,23,0,0,0,23
03/28/2020,CRE,SC,ASO,ES,Federal Contract Tower,0,0,3,0,3,0,6,17,0,23,0,6,20,0,26,0,0,0,26
03/29/2020,CRE,SC,ASO,ES,Federal Contract Tower,0,0,3,0,3,0,4,16,0,20,0,4,19,0,23,6,0,6,29
03/30/2020,CRE,SC,ASO,ES,Federal Contract Tower,0,0,8,0,8,0,0,19,0,19,0,0,27,0,27,2,0,2,29
03/31/2020,CRE,SC,ASO,ES,Federal Contract Tower,0,0,1,0,1,0,0,7,0,7,0,0,8,0,8,0,0,0,8
04/01/2020,CRE,SC,ASO,ES,Federal Contract Tower,0,0,1,0,1,0,0,3,0,3,0,0,4,0,4,0,0,0,4
04/02/2020,CRE,SC,ASO,ES,Federal Contract Tower,0,0,11,0,11,0,0,7,0,7,0,0,18,0,18,0,0,0,18
04/03/2020,CRE,SC,ASO,ES,Federal Contract Tower,0,0,7,2,9,0,0,10,0,10,0,0,17,2,19,0,0,0,19
04/04/2020,CRE,SC,ASO,ES,Federal Contract Tower,0,0,2,0,2,0,0,19,0,19,0,0,21,0,21,6,0,6,27
04/05/2020,CRE,SC,ASO,ES,Federal Contract Tower,0,0,3,0,3,0,0,18,0,18,0,0,21,0,21,0,0,0,21
04/06/2020,CRE,SC,ASO,ES,Federal Contract Tower,0,0,8,0,8,0,0,10,0,10,0,0,18,0,18,0,0,0,18
04/07/2020,CRE,SC,ASO,ES,Federal Contract Tower,0,0,7,2,9,0,0,17,0,17,0,0,24,2,26,22,0,22,48
04/08/2020,CRE,SC,ASO,ES,Federal Contract Tower,0,0,7,0,7,0,0,9,0,9,0,0,16,0,16,0,0,0,16
04/09/2020,CRE,SC,ASO,ES,Federal Contract Tower,0,0,7,0,7,0,0,3,1,4,0,0,10,1,11,2,0,2,13
04/10/2020,CRE,SC,ASO,ES,Federal Contract Tower,0,0,2,0,2,0,0,17,0,17,0,0,19,0,19,14,0,14,33
04/11/2020,CRE,SC,ASO,ES,Federal Contract Tower,0,0,7,0,7,0,0,23,0,23,0,0,30,0,30,2,0,2,32
04/12/2020,CRE,SC,ASO,ES,Federal Contract Tower,0,0,3,0,3,0,0,2,0,2,0,0,5,0,5,0,0,0,5
04/13/2020,CRE,SC,ASO,ES,Federal Contract Tower,0,0,1,0,1,0,0,1,0,1,0,0,2,0,2,0,0,0,2
04/14/2020,CRE,SC,ASO,ES,Federal Contract Tower,0,0,8,4,12,0,0,9,0,9,0,0,17,4,21,12,0,12,33
04/15/2020,CRE,SC,ASO,ES,Federal Contract Tower,0,0,2,0,2,0,0,2,0,2,0,0,4,0,4,0,0,0,4
04/16/2020,CRE,SC,ASO,ES,Federal Contract Tower,0,0,10,2,12,0,0,5,0,5,0,0,15,2,17,4,12,16,33
04/17/2020,CRE,SC,ASO,ES,Federal Contract Tower,0,0,8,0,8,0,0,12,0,12,0,0,20,0,20,2,0,2,22
04/18/2020,CRE,SC,ASO,ES,Federal Contract Tower,0,0,3,0,3,0,0,7,0,7,0,0,10,0,10,0,0,0,10
04/19/2020,CRE,SC,ASO,ES,Federal Contract Tower,0,0,0,0,0,0,0,7,0,7,0,0,7,0,7,0,0,0,7
04/20/2020,CRE,SC,ASO,ES,Federal Contract Tower,0,0,8,0,8,0,0,3,0,3,0,0,11,0,11,2,0,2,13
04/21/2020,CRE,SC,ASO,ES,Federal Contract Tower,0,0,7,12,19,0,0,9,0,9,0,0,16,12,28,2,50,52,80
04/22/2020,CRE,SC,ASO,ES,Federal Contract Tower,0,3,10,4,17,0,0,27,0,27,0,3,37,4,44,26,16,42,86
04/23/2020,CRE,SC,ASO,ES,Federal Contract Tower,0,1,3,0,4,0,0,1,0,1,0,1,4,0,5,0,0,0,5
04/24/2020,CRE,SC,ASO,ES,Federal Contract Tower,0,3,20,0,23,0,0,9,0,9,0,3,29,0,32,0,0,0,32
04/25/2020,CRE,SC,ASO,ES,Federal Contract Tower,0,1,11,0,12,0,0,10,0,10,0,1,21,0,22,10,0,10,32
04/26/2020,CRE,SC,ASO,ES,Federal Contract Tower,0,0,8,0,8,0,0,11,0,11,0,0,19,0,19,0,0,0,19
04/27/2020,CRE,SC,ASO,ES,Federal Contract Tower,0,0,6,2,8,0,0,19,0,19,0,0,25,2,27,4,0,4,31
04/28/2020,CRE,SC,ASO,ES,Federal Contract Tower,0,1,11,0,12,0,0,35,0,35,0,1,46,0,47,18,0,18,65
04/29/2020,CRE,SC,ASO,ES,Federal Contract Tower,0,3,12,0,15,0,1,4,0,5,0,4,16,0,20,0,0,0,20
04/30/2020,CRE,SC,ASO,ES,Federal Contract Tower,0,2,9,0,11,0,0,10,0,10,0,2,19,0,21,16,0,16,37
05/01/2020,CRE,SC,ASO,ES,Federal Contract Tower,0,2,17,0,19,0,0,19,0,19,0,2,36,0,38,0,0,0,38
05/02/2020,CRE,SC,ASO,ES,Federal Contract Tower,0,0,18,0,18,0,0,47,0,47,0,0,65,0,65,22,0,22,87
05/03/2020,CRE,SC,ASO,ES,Federal Contract Tower,0,2,13,0,15,0,2,31,0,33,0,4,44,0,48,0,0,0,48
05/04/2020,CRE,SC,ASO,ES,Federal Contract Tower,0,0,13,0,13,0,0,26,2,28,0,0,39,2,41,4,0,4,45
05/05/2020,CRE,SC,ASO,ES,Federal Contract Tower,0,3,11,2,16,0,0,7,0,7,0,3,18,2,23,4,0,4,27
05/06/2020,CRE,SC,ASO,ES,Federal Contract Tower,0,3,7,0,10,0,0,8,0,8,0,3,15,0,18,16,0,16,34
05/07/2020,CRE,SC,ASO,ES,Federal Contract Tower,0,2,13,2,17,0,0,24,1,25,0,2,37,3,42,18,0,18,60
05/08/2020,CRE,SC,ASO,ES,Federal Contract Tower,0,1,9,0,10,0,0,18,0,18,0,1,27,0,28,17,0,17,45
05/09/2020,CRE,SC,ASO,ES,Federal Contract Tower,0,1,6,0,7,0,3,19,0,22,0,4,25,0,29,0,0,0,29
05/10/2020,CRE,SC,ASO,ES,Federal Contract Tower,0,3,15,0,18,0,0,19,0,19,0,3,34,0,37,0,0,0,37
05/11/2020,CRE,SC,ASO,ES,Federal Contract Tower,0,1,7,2,10,0,0,10,0,10,0,1,17,2,20,2,0,2,22
05/12/2020,CRE,SC,ASO,ES,Federal Contract Tower,0,1,9,2,12,0,2,38,0,40,0,3,47,2,52,16,0,16,68
05/13/2020,CRE,SC,ASO,ES,Federal Contract Tower,0,0,26,0,26,0,6,30,0,36,0,6,56,0,62,0,0,0,62
05/14/2020,CRE,SC,ASO,ES,Federal Contract Tower,0,2,13,4,19,0,10,27,0,37,0,12,40,4,56,6,0,6,62
05/15/2020,CRE,SC,ASO,ES,Federal Contract Tower,0,0,20,6,26,0,4,42,0,46,0,4,62,6,72,54,4,58,130
05/16/2020,CRE,SC,ASO,ES,Federal Contract Tower,0,3,30,0,33,0,2,41,0,43,0,5,71,0,76,16,2,18,94
05/17/2020,CRE,SC,ASO,ES,Federal Contract Tower,0,2,26,0,28,0,4,18,0,22,0,6,44,0,50,2,0,2,52
05/18/2020,CRE,SC,ASO,ES,Federal Contract Tower,0,0,18,4,22,0,2,16,0,18,0,2,34,4,40,6,0,6,46
05/19/2020,CRE,SC,ASO,ES,Federal Contract Tower,0,3,9,0,12,0,10,0,0,10,0,13,9,0,22,0,0,0,22
05/20/2020,CRE,SC,ASO,ES,Federal Contract Tower,0,0,11,0,11,0,0,0,0,0,0,0,11,0,11,0,0,0,11
05/21/2020,CRE,SC,ASO,ES,Federal Contract Tower,0,4,16,3,23,0,4,2,0,6,0,8,18,3,29,0,0,0,29
05/22/2020,CRE,SC,ASO,ES,Federal Contract Tower,0,1,26,2,29,0,2,27,0,29,0,3,53,2,58,10,0,10,68
05/23/2020,CRE,SC,ASO,ES,Federal Contract Tower,0,2,24,0,26,0,17,30,0,47,0,19,54,0,73,44,0,44,117
05/24/2020,CRE,SC,ASO,ES,Federal Contract Tower,0,2,27,0,29,0,33,25,0,58,0,35,52,0,87,22,0,22,109
05/25/2020,CRE,SC,ASO,ES,Federal Contract Tower,0,0,24,2,26,0,38,29,2,69,0,38,53,4,95,36,0,36,131
05/26/2020,CRE,SC,ASO,ES,Federal Contract Tower,0,0,10,0,10,0,14,5,3,22,0,14,15,3,32,6,0,6,38
05/27/2020,CRE,SC,ASO,ES,Federal Contract Tower,0,0,0,0,0,0,0,2,0,2,0,0,2,0,2,0,0,0,2
05/28/2020,CRE,SC,ASO,ES,Federal Contract Tower,0,0,11,0,11,0,14,1,0,15,0,14,12,0,26,0,0,0,26
05/29/2020,CRE,SC,ASO,ES,Federal Contract Tower,0,0,8,0,8,0,14,19,0,33,0,14,27,0,41,16,0,16,57
05/30/2020,CRE,SC,ASO,ES,Federal Contract Tower,0,0,20,0,20,0,6,25,0,31,0,6,45,0,51,12,0,12,63
05/31/2020,CRE,SC,ASO,ES,Federal Contract Tower,0,3,25,0,28,0,4,33,0,37,0,7,58,0,65,38,0,38,103
06/01/2020,CRE,SC,ASO,ES,Federal Contract Tower,0,1,10,2,13,0,10,46,2,58,0,11,56,4,71,32,14,46,117
06/02/2020,CRE,SC,ASO,ES,Federal Contract Tower,0,1,11,0,12,0,6,23,0,29,0,7,34,0,41,6,0,6,47
06/03/2020,CRE,SC,ASO,ES,Federal Contract Tower,0,0,11,1,12,0,10,25,1,36,0,10,36,2,48,14,18,32,80
06/04/2020,CRE,SC,ASO,ES,Federal Contract Tower,0,3,20,4,27,0,10,12,0,22,0,13,32,4,49,16,0,16,65
06/05/2020,CRE,SC,ASO,ES,Federal Contract Tower,0,1,12,0,13,0,26,30,2,58,0,27,42,2,71,36,0,36,107
06/06/2020,CRE,SC,ASO,ES,Federal Contract Tower,0,2,26,0,28,0,22,33,0,55,0,24,59,0,83,36,0,36,119
06/07/2020,CRE,SC,ASO,ES,Federal Contract Tower,0,2,20,0,22,0,24,30,0,54,0,26,50,0,76,34,0,34,110
06/08/2020,CRE,SC,ASO,ES,Federal Contract Tower,0,0,18,0,18,0,20,22,0,42,0,20,40,0,60,22,0,22,82
06/09/2020,CRE,SC,ASO,ES,Federal Contract Tower,0,0,17,0,17,0,12,14,0,26,0,12,31,0,43,10,0,10,53
06/10/2020,CRE,SC,ASO,ES,Federal Contract Tower,0,0,9,4,13,0,30,22,0,52,0,30,31,4,65,26,0,26,91
06/11/2020,CRE,SC,ASO,ES,Federal Contract Tower,0,0,11,0,11,0,4,3,0,7,0,4,14,0,18,0,0,0,18
06/12/2020,CRE,SC,ASO,ES,Federal Contract Tower,0,0,4,0,4,0,8,2,0,10,0,8,6,0,14,0,0,0,14
06/13/2020,CRE,SC,ASO,ES,Federal Contract Tower,0,1,23,0,24,0,26,4,0,30,0,27,27,0,54,6,0,6,60
06/14/2020,CRE,SC,ASO,ES,Federal Contract Tower,0,1,11,0,12,0,14,7,0,21,0,15,18,0,33,0,0,0,33
06/15/2020,CRE,SC,ASO,ES,Federal Contract Tower,0,2,9,0,11,0,0,0,0,0,0,2,9,0,11,0,0,0,11
06/16/2020,CRE,SC,ASO,ES,Federal Contract Tower,0,0,13,0,13,0,2,2,0,4,0,2,15,0,17,0,0,0,17
06/17/2020,CRE,SC,ASO,ES,Federal Contract Tower,0,0,17,0,17,0,16,18,0,34,0,16,35,0,51,16,0,16,67
06/18/2020,CRE,SC,ASO,ES,Federal Contract Tower,0,0,25,2,27,0,20,33,0,53,0,20,58,2,80,34,0,34,114
06/19/2020,CRE,SC,ASO,ES,Federal Contract Tower,0,0,26,0,26,0,15,40,0,55,0,15,66,0,81,36,0,36,117
06/20/2020,CRE,SC,ASO,ES,Federal Contract Tower,0,3,24,0,27,0,14,38,0,52,0,17,62,0,79,34,0,34,113
06/21/2020,CRE,SC,ASO,ES,Federal Contract Tower,0,4,16,0,20,0,24,39,2,65,0,28,55,2,85,50,0,50,135
06/22/2020,CRE,SC,ASO,ES,Federal Contract Tower,0,0,17,0,17,0,16,31,0,47,0,16,48,0,64,36,0,36,100
06/23/2020,CRE,SC,ASO,ES,Federal Contract Tower,0,2,12,0,14,0,2,40,0,42,0,4,52,0,56,26,0,26,82
06/24/2020,CRE,SC,ASO,ES,Federal Contract Tower,0,0,4,2,6,0,2,35,0,37,0,2,39,2,43,16,4,20,63
06/25/2020,CRE,SC,ASO,ES,Federal Contract Tower,0,1,17,0,18,0,6,8,0,14,0,7,25,0,32,2,0,2,34
06/26/2020,CRE,SC,ASO,ES,Federal Contract Tower,0,1,24,0,25,0,25,49,1,75,0,26,73,1,100,34,0,34,134
06/27/2020,CRE,SC,ASO,ES,Federal Contract Tower,0,2,15,0,17,0,50,36,0,86,0,52,51,0,103,26,0,26,129
06/28/2020,CRE,SC,ASO,ES,Federal Contract Tower,0,0,12,2,14,0,24,31,0,55,0,24,43,2,69,14,0,14,83
06/29/2020,CRE,SC,ASO,ES,Federal Contract Tower,0,0,9,0,9,0,18,22,2,42,0,18,31,2,51,36,0,36,87
06/30/2020,CRE,SC,ASO,ES,Federal Contract Tower,0,0,12,0,12,0,30,14,0,44,0,30,26,0,56,34,0,34,90
07/01/2020,CRE,SC,ASO,ES,Federal Contract Tower,0,3,9,0,12,0,12,16,0,28,0,15,25,0,40,32,0,32,72
07/02/2020,CRE,SC,ASO,ES,Federal Contract Tower,0,0,11,0,11,0,30,33,0,63,0,30,44,0,74,34,0,34,108
07/03/2020,CRE,SC,ASO,ES,Federal Contract Tower,0,0,11,0,11,0,50,63,0,113,0,50,74,0,124,72,0,72,196
07/04/2020,CRE,SC,ASO,ES,Federal Contract Tower,0,1,15,0,16,0,74,68,0,142,0,75,83,0,158,84,0,84,242
07/05/2020,CRE,SC,ASO,ES,Federal Contract Tower,0,1,17,0,18,0,66,86,0,152,0,67,103,0,170,116,0,116,286
07/06/2020,CRE,SC,ASO,ES,Federal Contract Tower,0,2,16,0,18,0,42,49,0,91,0,44,65,0,109,54,0,54,163
07/07/2020,CRE,SC,ASO,ES,Federal Contract Tower,0,0,10,0,10,0,8,3,0,11,0,8,13,0,21,0,0,0,21
07/08/2020,CRE,SC,ASO,ES,Federal Contract Tower,0,1,11,0,12,0,4,2,0,6,0,5,13,0,18,0,2,2,20
07/09/2020,CRE,SC,ASO,ES,Federal Contract Tower,0,1,18,0,19,0,12,33,0,45,0,13,51,0,64,50,0,50,114
07/10/2020,CRE,SC,ASO,ES,Federal Contract Tower,0,3,18,0,21,0,42,43,0,85,0,45,61,0,106,74,0,74,180
07/11/2020,CRE,SC,ASO,ES,Federal Contract Tower,0,10,12,0,22,0,27,32,6,65,0,37,44,6,87,52,0,52,139
07/12/2020,CRE,SC,ASO,ES,Federal Contract Tower,0,0,22,0,22,0,4,48,0,52,0,4,70,0,74,82,0,82,156
07/13/2020,CRE,SC,ASO,ES,Federal Contract Tower,0,2,5,0,7,0,14,26,0,40,0,16,31,0,47,76,0,76,123
07/14/2020,CRE,SC,ASO,ES,Federal Contract Tower,0,2,10,1,13,0,36,32,2,70,0,38,42,3,83,24,0,24,107
07/15/2020,CRE,SC,ASO,ES,Federal Contract Tower,0,3,16,0,19,0,30,33,1,64,0,33,49,1,83,32,0,32,115
07/16/2020,CRE,SC,ASO,ES,Federal Contract Tower,0,3,12,1,16,0,14,36,4,54,0,17,48,5,70,44,0,44,114
07/17/2020,CRE,SC,ASO,ES,Federal Contract Tower,0,5,9,0,14,0,29,53,2,84,0,34,62,2,98,68,0,68,166
07/18/2020,CRE,SC,ASO,ES,Federal Contract Tower,0,0,28,0,28,0,43,64,0,107,0,43,92,0,135,58,0,58,193
07/19/2020,CRE,SC,ASO,ES,Federal Contract Tower,0,3,16,0,19,0,14,65,0,79,0,17,81,0,98,66,0,66,164
07/20/2020,CRE,SC,ASO,ES,Federal Contract Tower,0,4,13,2,19,0,13,39,1,53,0,17,52,3,72,46,0,46,118
07/21/2020,CRE,SC,ASO,ES,Federal Contract Tower,0,0,14,0,14,0,37,24,0,61,0,37,38,0,75,44,0,44,119
07/22/2020,CRE,SC,ASO,ES,Federal Contract Tower,0,0,7,4,11,0,20,29,0,49,0,20,36,4,60,64,0,64,124
07/23/2020,CRE,SC,ASO,ES,Federal Contract Tower,0,3,19,0,22,0,28,21,0,49,0,31,40,0,71,28,0,28,99
07/24/2020,CRE,SC,ASO,ES,Federal Contract Tower,0,0,14,0,14,0,4,20,0,24,0,4,34,0,38,38,0,38,76
07/25/2020,CRE,SC,ASO,ES,Federal Contract Tower,0,0,16,0,16,0,13,26,0,39,0,13,42,0,55,22,0,22,77
07/26/2020,CRE,SC,ASO,ES,Federal Contract Tower,0,2,19,0,21,0,18,88,0,106,0,20,107,0,127,82,0,82,209
07/27/2020,CRE,SC,ASO,ES,Federal Contract Tower,0,1,16,2,19,0,20,43,0,63,0,21,59,2,82,58,0,58,140
07/28/2020,CRE,SC,ASO,ES,Federal Contract Tower,0,3,8,2,13,0,20,29,0,49,0,23,37,2,62,68,0,68,130
07/29/2020,CRE,SC,ASO,ES,Federal Contract Tower,0,2,4,0,6,0,20,23,4,47,0,22,27,4,53,28,0,28,81
07/30/2020,CRE,SC,ASO,ES,Federal Contract Tower,0,1,16,0,17,0,16,31,0,47,0,17,47,0,64,52,0,52,116
07/31/2020,CRE,SC,ASO,ES,Federal Contract Tower,0,1,15,0,16,0,58,38,0,96,0,59,53,0,112,62,0,62,174
08/01/2020,CRE,SC,ASO,ES,Federal Contract Tower,0,0,18,0,18,0,6,23,0,29,0,6,41,0,47,24,0,24,71
08/02/2020,CRE,SC,ASO,ES,Federal Contract Tower,0,2,21,2,25,0,40,49,0,89,0,42,70,2,114,74,0,74,188
08/03/2020,CRE,SC,ASO,ES,Federal Contract Tower,0,0,0,0,0,0,0,1,0,1,0,0,1,0,1,0,0,0,1
08/04/2020,CRE,SC,ASO,ES,Federal Contract Tower,0,0,6,0,6,0,4,11,2,17,0,4,17,2,23,0,0,0,23
08/05/2020,CRE,SC,ASO,ES,Federal Contract Tower,0,1,20,0,21,0,18,15,0,33,0,19,35,0,54,0,0,0,54
08/06/2020,CRE,SC,ASO,ES,Federal Contract Tower,0,1,13,0,14,0,0,18,0,18,0,1,31,0,32,16,0,16,48
08/07/2020,CRE,SC,ASO,ES,Federal Contract Tower,0,0,16,0,16,0,23,19,0,42,0,23,35,0,58,70,0,70,128
08/08/2020,CRE,SC,ASO,ES,Federal Contract Tower,0,2,16,0,18,0,22,37,2,61,0,24,53,2,79,82,0,82,161
08/09/2020,CRE,SC,ASO,ES,Federal Contract Tower,0,2,15,0,17,0,46,33,0,79,0,48,48,0,96,86,0,86,182
08/10/2020,CRE,SC,ASO,ES,Federal Contract Tower,0,2,5,0,7,0,6,20,0,26,0,8,25,0,33,56,0,56,89
08/11/2020,CRE,SC,ASO,ES,Federal Contract Tower,0,2,7,2,11,0,10,27,0,37,0,12,34,2,48,20,8,28,76
08/12/2020,CRE,SC,ASO,ES,Federal Contract Tower,0,1,11,0,12,0,12,35,0,47,0,13,46,0,59,46,0,46,105
08/13/2020,CRE,SC,ASO,ES,Federal Contract Tower,0,2,23,0,25,0,32,26,0,58,0,34,49,0,83,28,0,28,111
08/14/2020,CRE,SC,ASO,ES,Federal Contract Tower,0,2,15,0,17,0,32,30,0,62,0,34,45,0,79,26,0,26,105
08/15/2020,CRE,SC,ASO,ES,Federal Contract Tower,0,0,9,0,9,0,28,16,0,44,0,28,25,0,53,12,0,12,65
08/16/2020,CRE,SC,ASO,ES,Federal Contract Tower,0,2,18,0,20,0,20,29,2,51,0,22,47,2,71,80,0,80,151
08/17/2020,CRE,SC,ASO,ES,Federal Contract Tower,0,0,6,0,6,0,0,52,0,52,0,0,58,0,58,78,0,78,136
08/18/2020,CRE,SC,ASO,ES,Federal Contract Tower,0,0,7,0,7,0,12,31,0,43,0,12,38,0,50,32,0,32,82
08/19/2020,CRE,SC,ASO,ES,Federal Contract Tower,0,0,9,3,12,0,22,27,3,52,0,22,36,6,64,46,2,48,112
08/20/2020,CRE,SC,ASO,ES,Federal Contract Tower,0,0,19,0,19,0,30,27,1,58,0,30,46,1,77,56,0,56,133
08/21/2020,CRE,SC,ASO,ES,Federal Contract Tower,0,0,13,0,13,0,3,32,0,35,0,3,45,0,48,36,0,36,84
08/22/2020,CRE,SC,ASO,ES,Federal Contract Tower,0,0,13,0,13,0,18,43,2,63,0,18,56,2,76,42,0,42,118
08/23/2020,CRE,SC,ASO,ES,Federal Contract Tower,0,0,12,0,12,0,24,25,0,49,0,24,37,0,61,46,8,54,115
08/24/2020,CRE,SC,ASO,ES,Federal Contract Tower,0,2,10,0,12,0,0,5,0,5,0,2,15,0,17,20,0,20,37
08/25/2020,CRE,SC,ASO,ES,Federal Contract Tower,0,0,2,3,5,0,18,19,1,38,0,18,21,4,43,32,10,42,85
08/26/2020,CRE,SC,ASO,ES,Federal Contract Tower,0,0,10,0,10,0,6,35,0,41,0,6,45,0,51,42,0,42,93
08/27/2020,CRE,SC,ASO,ES,Federal Contract Tower,0,0,27,0,27,0,24,49,0,73,0,24,76,0,100,42,0,42,142
08/28/2020,CRE,SC,ASO,ES,Federal Contract Tower,0,1,19,0,20,0,23,44,0,67,0,24,63,0,87,62,0,62,149
08/29/2020,CRE,SC,ASO,ES,Federal Contract Tower,0,0,3,0,3,0,16,31,0,47,0,16,34,0,50,44,0,44,94
08/30/2020,CRE,SC,ASO,ES,Federal Contract Tower,0,1,34,0,35,0,24,82,8,114,0,25,116,8,149,82,0,82,231
08/31/2020,CRE,SC,ASO,ES,Federal Contract Tower,0,0,16,2,18,0,8,23,0,31,0,8,39,2,49,20,0,20,69
09/01/2020,CRE,SC,ASO,ES,Federal Contract Tower,0,0,5,2,7,0,8,13,2,23,0,8,18,4,30,10,0,10,40
09/02/2020,CRE,SC,ASO,ES,Federal Contract Tower,0,0,9,0,9,0,10,22,0,32,0,10,31,0,41,26,0,26,67
09/03/2020,CRE,SC,ASO,ES,Federal Contract Tower,0,2,13,3,18,0,14,32,0,46,0,16,45,3,64,34,0,34,98
09/04/2020,CRE,SC,ASO,ES,Federal Contract Tower,0,3,14,0,17,0,21,60,0,81,0,24,74,0,98,66,0,66,164
09/05/2020,CRE,SC,ASO,ES,Federal Contract Tower,0,0,25,0,25,0,38,45,0,83,0,38,70,0,108,114,0,114,222
09/06/2020,CRE,SC,ASO,ES,Federal Contract Tower,0,1,19,0,20,0,54,51,0,105,0,55,70,0,125,90,0,90,215
09/07/2020,CRE,SC,ASO,ES,Federal Contract Tower,0,4,39,0,43,0,4,60,0,64,0,8,99,0,107,66,0,66,173
09/08/2020,CRE,SC,ASO,ES,Federal Contract Tower,0,0,7,0,7,0,2,25,0,27,0,2,32,0,34,20,0,20,54
09/09/2020,CRE,SC,ASO,ES,Federal Contract Tower,0,1,9,6,16,0,0,3,0,3,0,1,12,6,19,0,0,0,19
09/10/2020,CRE,SC,ASO,ES,Federal Contract Tower,0,5,13,2,20,0,0,9,0,9,0,5,22,2,29,18,0,18,47
09/11/2020,CRE,SC,ASO,ES,Federal Contract Tower,0,2,7,0,9,0,2,19,0,21,0,4,26,0,30,38,0,38,68
09/12/2020,CRE,SC,ASO,ES,Federal Contract Tower,0,0,10,0,10,0,4,9,0,13,0,4,19,0,23,18,0,18,41
09/13/2020,CRE,SC,ASO,ES,Federal Contract Tower,0,0,16,0,16,0,22,35,0,57,0,22,51,0,73,66,0,66,139
09/14/2020,CRE,SC,ASO,ES,Federal Contract Tower,0,2,19,2,23,0,0,13,0,13,0,2,32,2,36,30,0,30,66
09/15/2020,CRE,SC,ASO,ES,Federal Contract Tower,0,4,19,4,27,0,22,25,0,47,0,26,44,4,74,10,14,24,98
09/16/2020,CRE,SC,ASO,ES,Federal Contract Tower,0,3,8,0,11,0,3,11,2,16,0,6,19,2,27,12,0,12,39
09/17/2020,CRE,SC,ASO,ES,Federal Contract Tower,0,0,4,2,6,0,0,7,1,8,0,0,11,3,14,26,10,36,50
09/18/2020,CRE,SC,ASO,ES,Federal Contract Tower,0,2,17,1,20,0,26,9,3,38,0,28,26,4,58,26,0,26,84
09/19/2020,CRE,SC,ASO,ES,Federal Contract Tower,0,2,20,0,22,0,28,19,0,47,0,30,39,0,69,24,0,24,93
09/20/2020,CRE,SC,ASO,ES,Federal Contract Tower,0,0,19,0,19,0,19,38,0,57,0,19,57,0,76,36,0,36,112
09/21/2020,CRE,SC,ASO,ES,Federal Contract Tower,0,9,9,0,18,0,4,8,2,14,0,13,17,2,32,4,0,4,36
09/22/2020,CRE,SC,ASO,ES,Federal Contract Tower,0,4,14,7,25,0,6,38,1,45,0,10,52,8,70,16,8,24,94
09/23/2020,CRE,SC,ASO,ES,Federal Contract Tower,0,8,20,4,32,0,4,18,2,24,0,12,38,6,56,20,0,20,76
09/24/2020,CRE,SC,ASO,ES,Federal Contract Tower,0,0,20,2,22,0,4,34,0,38,0,4,54,2,60,28,32,60,120
09/25/2020,CRE,SC,ASO,ES,Federal Contract Tower,0,1,4,0,5,0,2,5,0,7,0,3,9,0,12,8,0,8,20
09/26/2020,CRE,SC,ASO,ES,Federal Contract Tower,0,1,40,0,41,0,18,13,2,33,0,19,53,2,74,14,0,14,88
09/27/2020,CRE,SC,ASO,ES,Federal Contract Tower,0,3,30,4,37,0,42,24,0,66,0,45,54,4,103,8,0,8,111
09/28/2020,CRE,SC,ASO,ES,Federal Contract Tower,0,0,8,0,8,0,12,0,0,12,0,12,8,0,20,0,2,2,22
09/29/2020,CRE,SC,ASO,ES,Federal Contract Tower,0,0,7,4,11,0,0,9,2,11,0,0,16,6,22,0,0,0,22
09/30/2020,CRE,SC,ASO,ES,Federal Contract Tower,0,0,12,0,12,0,13,32,0,45,0,13,44,0,57,14,0,14,71
10/01/2020,CRE,SC,ASO,ES,Federal Contract Tower,0,2,13,0,15,0,0,43,1,44,0,2,56,1,59,4,0,4,63
10/02/2020,CRE,SC,ASO,ES,Federal Contract Tower,0,0,18,3,21,0,0,31,4,35,0,0,49,7,56,14,0,14,70
10/03/2020,CRE,SC,ASO,ES,Federal Contract Tower,0,1,8,0,9,0,5,36,0,41,0,6,44,0,50,22,0,22,72
10/04/2020,CRE,SC,ASO,ES,Federal Contract Tower,0,1,20,0,21,0,0,7,0,7,0,1,27,0,28,0,0,0,28
10/05/2020,CRE,SC,ASO,ES,Federal Contract Tower,0,1,21,0,22,0,0,16,0,16,0,1,37,0,38,12,0,12,50
10/06/2020,CRE,SC,ASO,ES,Federal Contract Tower,0,0,7,0,7,0,0,9,2,11,0,0,16,2,18,0,0,0,18
10/07/2020,CRE,SC,ASO,ES,Federal Contract Tower,0,1,12,3,16,0,0,24,3,27,0,1,36,6,43,22,0,22,65
10/08/2020,CRE,SC,ASO,ES,Federal Contract Tower,0,1,22,2,25,0,2,16,4,22,0,3,38,6,47,10,10,20,67
10/09/2020,CRE,SC,ASO,ES,Federal Contract Tower,0,0,18,2,20,0,4,23,2,29,0,4,41,4,49,4,0,4,53
10/10/2020,CRE,SC,ASO,ES,Federal Contract Tower,0,3,5,0,8,0,4,10,0,14,0,7,15,0,22,0,0,0,22
10/11/2020,CRE,SC,ASO,ES,Federal Contract Tower,0,5,8,0,13,0,0,3,0,3,0,5,11,0,16,4,0,4,20
10/12/2020,CRE,SC,ASO,ES,Federal Contract Tower,0,0,10,0,10,0,0,4,2,6,0,0,14,2,16,0,0,0,16
10/13/2020,CRE,SC,ASO,ES,Federal Contract Tower,0,4,24,2,30,0,0,19,0,19,0,4,43,2,49,22,0,22,71
10/14/2020,CRE,SC,ASO,ES,Federal Contract Tower,0,1,18,0,19,0,0,21,0,21,0,1,39,0,40,14,0,14,54
10/15/2020,CRE,SC,ASO,ES,Federal Contract Tower,0,1,13,4,18,0,0,13,0,13,0,1,26,4,31,12,0,12,43
10/16/2020,CRE,SC,ASO,ES,Federal Contract Tower,0,0,23,0,23,0,4,6,0,10,0,4,29,0,33,6,0,6,39
10/17/2020,CRE,SC,ASO,ES,Federal Contract Tower,0,0,16,0,16,0,20,29,0,49,0,20,45,0,65,16,0,16,81
10/18/2020,CRE,SC,ASO,ES,Federal Contract Tower,0,0,22,2,24,0,10,43,0,53,0,10,65,2,77,16,0,16,93
10/19/2020,CRE,SC,ASO,ES,Federal Contract Tower,0,2,18,2,22,0,12,18,2,32,0,14,36,4,54,4,0,4,58
10/20/2020,CRE,SC,ASO,ES,Federal Contract Tower,0,0,14,2,16,0,0,12,0,12,0,0,26,2,28,6,0,6,34
10/21/2020,CRE,SC,ASO,ES,Federal Contract Tower,0,0,8,0,8,0,0,18,1,19,0,0,26,1,27,2,0,2,29
10/22/2020,CRE,SC,ASO,ES,Federal Contract Tower,0,0,15,3,18,0,0,13,1,14,0,0,28,4,32,2,14,16,48
10/23/2020,CRE,SC,ASO,ES,Federal Contract Tower,0,0,15,0,15,0,5,16,0,21,0,5,31,0,36,18,0,18,54
10/24/2020,CRE,SC,ASO,ES,Federal Contract Tower,0,0,15,0,15,0,0,24,0,24,0,0,39,0,39,22,0,22,61
10/25/2020,CRE,SC,ASO,ES,Federal Contract Tower,0,4,13,1,18,0,4,0,1,5,0,8,13,2,23,0,0,0,23
10/26/2020,CRE,SC,ASO,ES,Federal Contract Tower,0,2,8,0,10,0,4,14,2,20,0,6,22,2,30,0,0,0,30
10/27/2020,CRE,SC,ASO,ES,Federal Contract Tower,0,2,14,0,16,0,6,15,2,23,0,8,29,2,39,12,0,12,51
10/28/2020,CRE,SC,ASO,ES,Federal Contract Tower,0,2,12,0,14,0,0,14,0,14,0,2,26,0,28,4,0,4,32
10/29/2020,CRE,SC,ASO,ES,Federal Contract Tower,0,5,7,4,16,0,0,0,2,2,0,5,7,6,18,0,0,0,18
10/30/2020,CRE,SC,ASO,ES,Federal Contract Tower,0,1,9,0,10,0,4,3,2,9,0,5,12,2,19,0,2,2,21
10/31/2020,CRE,SC,ASO,ES,Federal Contract Tower,0,4,25,0,29,0,0,17,0,17,0,4,42,0,46,8,0,8,54
11/01/2020,CRE,SC,ASO,ES,Federal Contract Tower,0,3,7,2,12,0,2,2,2,6,0,5,9,4,18,4,0,4,22
11/02/2020,CRE,SC,ASO,ES,Federal Contract Tower,0,0,9,2,11,0,9,5,0,14,0,9,14,2,25,18,0,18,43
11/03/2020,CRE,SC,ASO,ES,Federal Contract Tower,0,0,16,2,18,0,0,15,5,20,0,0,31,7,38,0,0,0,38
11/04/2020,CRE,SC,ASO,ES,Federal Contract Tower,0,0,12,0,12,0,0,19,2,21,0,0,31,2,33,2,0,2,35
11/05/2020,CRE,SC,ASO,ES,Federal Contract Tower,0,0,13,0,13,0,6,13,0,19,0,6,26,0,32,0,0,0,32
11/06/2020,CRE,SC,ASO,ES,Federal Contract Tower,0,0,18,0,18,0,1,6,0,7,0,1,24,0,25,0,0,0,25
11/07/2020,CRE,SC,ASO,ES,Federal Contract Tower,0,0,19,0,19,0,2,14,0,16,0,2,33,0,35,8,0,8,43
11/08/2020,CRE,SC,ASO,ES,Federal Contract Tower,0,0,22,0,22,0,8,23,0,31,0,8,45,0,53,8,0,8,61
11/09/2020,CRE,SC,ASO,ES,Federal Contract Tower,0,0,13,0,13,0,12,5,1,18,0,12,18,1,31,2,0,2,33
11/10/2020,CRE,SC,ASO,ES,Federal Contract Tower,0,0,10,2,12,0,0,2,0,2,0,0,12,2,14,0,0,0,14
11/11/2020,CRE,SC,ASO,ES,Federal Contract Tower,0,0,6,2,8,0,0,1,0,1,0,0,7,2,9,2,0,2,11
11/12/2020,CRE,SC,ASO,ES,Federal Contract Tower,0,1,4,0,5,0,0,0,0,0,0,1,4,0,5,0,0,0,5
11/13/2020,CRE,SC,ASO,ES,Federal Contract Tower,0,0,7,0,7,0,0,3,0,3,0,0,10,0,10,0,0,0,10
11/14/2020,CRE,SC,ASO,ES,Federal Contract Tower,0,0,14,0,14,0,0,27,0,27,0,0,41,0,41,10,0,10,51
11/15/2020,CRE,SC,ASO,ES,Federal Contract Tower,0,0,16,2,18,0,0,11,0,11,0,0,27,2,29,0,0,0,29
11/16/2020,CRE,SC,ASO,ES,Federal Contract Tower,0,0,9,4,13,0,0,10,0,10,0,0,19,4,23,2,0,2,25
11/17/2020,CRE,SC,ASO,ES,Federal Contract Tower,0,0,13,4,17,0,0,17,0,17,0,0,30,4,34,4,0,4,38
11/18/2020,CRE,SC,ASO,ES,Federal Contract Tower,0,3,4,2,9,0,0,12,0,12,0,3,16,2,21,10,0,10,31
11/19/2020,CRE,SC,ASO,ES,Federal Contract Tower,0,5,20,9,34,0,0,27,2,29,0,5,47,11,63,0,4,4,67
11/20/2020,CRE,SC,ASO,ES,Federal Contract Tower,0,1,20,0,21,0,2,28,0,30,0,3,48,0,51,6,0,6,57
11/21/2020,CRE,SC,ASO,ES,Federal Contract Tower,0,0,22,0,22,0,1,39,0,40,0,1,61,0,62,2,0,2,64
11/22/2020,CRE,SC,ASO,ES,Federal Contract Tower,0,0,22,0,22,0,4,31,0,35,0,4,53,0,57,12,0,12,69
11/23/2020,CRE,SC,ASO,ES,Federal Contract Tower,0,0,14,0,14,0,0,26,0,26,0,0,40,0,40,0,0,0,40
11/24/2020,CRE,SC,ASO,ES,Federal Contract Tower,0,0,16,1,17,0,2,17,9,28,0,2,33,10,45,0,8,8,53
11/25/2020,CRE,SC,ASO,ES,Federal Contract Tower,0,0,17,0,17,0,0,13,0,13,0,0,30,0,30,0,0,0,30
11/26/2020,CRE,SC,ASO,ES,Federal Contract Tower,0,0,4,0,4,0,0,4,0,4,0,0,8,0,8,2,0,2,10
11/27/2020,CRE,SC,ASO,ES,Federal Contract Tower,0,8,20,0,28,0,0,12,0,12,0,8,32,0,40,8,0,8,48
11/28/2020,CRE,SC,ASO,ES,Federal Contract Tower,0,2,17,0,19,0,2,15,0,17,0,4,32,0,36,26,0,26,62
11/29/2020,CRE,SC,ASO,ES,Federal Contract Tower,0,2,29,0,31,0,0,7,0,7,0,2,36,0,38,0,0,0,38
11/30/2020,CRE,SC,ASO,ES,Federal Contract Tower,0,0,1,0,1,0,0,2,6,8,0,0,3,6,9,0,0,0,9
12/01/2020,CRE,SC,ASO,ES,Federal Contract Tower,0,0,9,4,13,0,0,5,8,13,0,0,14,12,26,6,10,16,42
12/02/2020,CRE,SC,ASO,ES,Federal Contract Tower,0,0,14,9,23,0,0,15,1,16,0,0,29,10,39,18,0,18,57
12/03/2020,CRE,SC,ASO,ES,Federal Contract Tower,0,0,15,0,15,0,8,20,0,28,0,8,35,0,43,16,0,16,59
12/04/2020,CRE,SC,ASO,ES,Federal Contract Tower,0,0,10,2,12,0,0,3,0,3,0,0,13,2,15,2,0,2,17
12/05/2020,CRE,SC,ASO,ES,Federal Contract Tower,0,0,4,0,4,0,0,10,0,10,0,0,14,0,14,6,0,6,20
12/06/2020,CRE,SC,ASO,ES,Federal Contract Tower,0,0,9,0,9,0,0,27,0,27,0,0,36,0,36,2,0,2,38
12/07/2020,CRE,SC,ASO,ES,Federal Contract Tower,0,2,5,0,7,0,0,2,0,2,0,2,7,0,9,8,0,8,17
12/08/2020,CRE,SC,ASO,ES,Federal Contract Tower,0,2,8,6,16,0,0,16,3,19,0,2,24,9,35,0,0,0,35
12/09/2020,CRE,SC,ASO,ES,Federal Contract Tower,0,1,14,6,21,0,0,21,1,22,0,1,35,7,43,14,10,24,67
12/10/2020,CRE,SC,ASO,ES,Federal Contract Tower,0,0,11,4,15,0,0,11,2,13,0,0,22,6,28,2,0,2,30
12/11/2020,CRE,SC,ASO,ES,Federal Contract Tower,0,2,11,0,13,0,0,28,0,28,0,2,39,0,41,8,2,10,51
12/12/2020,CRE,SC,ASO,ES,Federal Contract Tower,0,3,7,0,10,0,13,19,0,32,0,16,26,0,42,4,0,4,46
12/13/2020,CRE,SC,ASO,ES,Federal Contract Tower,0,1,19,0,20,0,0,15,2,17,0,1,34,2,37,0,0,0,37
12/14/2020,CRE,SC,ASO,ES,Federal Contract Tower,0,0,11,0,11,0,0,0,0,0,0,0,11,0,11,0,0,0,11
12/15/2020,CRE,SC,ASO,ES,Federal Contract Tower,0,0,16,0,16,0,0,14,0,14,0,0,30,0,30,0,0,0,30
12/16/2020,CRE,SC,ASO,ES,Federal Contract Tower,0,0,3,2,5,0,0,0,0,0,0,0,3,2,5,0,0,0,5
12/17/2020,CRE,SC,ASO,ES,Federal Contract Tower,0,3,7,0,10,0,0,0,0,0,0,3,7,0,10,0,0,0,10
12/18/2020,CRE,SC,ASO,ES,Federal Contract Tower,0,2,11,0,13,0,0,27,0,27,0,2,38,0,40,6,0,6,46
12/19/2020,CRE,SC,ASO,ES,Federal Contract Tower,0,3,15,0,18,0,10,29,2,41,0,13,44,2,59,6,0,6,65
12/20/2020,CRE,SC,ASO,ES,Federal Contract Tower,0,0,6,3,9,0,0,0,1,1,0,0,6,4,10,2,0,2,12
12/21/2020,CRE,SC,ASO,ES,Federal Contract Tower,0,0,9,4,13,0,0,10,0,10,0,0,19,4,23,0,0,0,23
12/22/2020,CRE,SC,ASO,ES,Federal Contract Tower,0,2,20,0,22,0,6,26,0,32,0,8,46,0,54,0,0,0,54
12/23/2020,CRE,SC,ASO,ES,Federal Contract Tower,0,0,20,2,22,0,5,19,0,24,0,5,39,2,46,10,0,10,56
12/24/2020,CRE,SC,ASO,ES,Federal Contract Tower,0,0,2,0,2,0,0,0,0,0,0,0,2,0,2,0,0,0,2
12/25/2020,CRE,SC,ASO,ES,Federal Contract Tower,0,0,4,0,4,0,0,1,0,1,0,0,5,0,5,0,0,0,5
12/26/2020,CRE,SC,ASO,ES,Federal Contract Tower,0,0,11,0,11,0,0,18,2,20,0,0,29,2,31,2,0,2,33
12/27/2020,CRE,SC,ASO,ES,Federal Contract Tower,0,4,29,0,33,0,3,43,0,46,0,7,72,0,79,16,0,16,95
12/28/2020,CRE,SC,ASO,ES,Federal Contract Tower,0,0,16,2,18,0,0,24,0,24,0,0,40,2,42,4,12,16,58
12/29/2020,CRE,SC,ASO,ES,Federal Contract Tower,0,2,16,0,18,0,0,16,0,16,0,2,32,0,34,0,0,0,34
12/30/2020,CRE,SC,ASO,ES,Federal Contract Tower,0,0,20,0,20,0,0,7,0,7,0,0,27,0,27,2,0,2,29
12/31/2020,CRE,SC,ASO,ES,Federal Contract Tower,0,0,3,0,3,0,0,1,0,1,0,0,4,0,4,0,0,0,4
01/01/2021,CRE,SC,ASO,ES,Federal Contract Tower,0,2,5,0,7,0,0,0,0,0,0,2,5,0,7,0,0,0,7
01/02/2021,CRE,SC,ASO,ES,Federal Contract Tower,0,0,21,0,21,0,0,0,0,0,0,0,21,0,21,0,0,0,21
01/03/2021,CRE,SC,ASO,ES,Federal Contract Tower,0,0,15,0,15,0,4,18,0,22,0,4,33,0,37,0,0,0,37
01/04/2021,CRE,SC,ASO,ES,Federal Contract Tower,0,0,16,2,18,0,2,13,6,21,0,2,29,8,39,14,16,30,69
01/05/2021,CRE,SC,ASO,ES,Federal Contract Tower,0,0,3,2,5,0,0,3,0,3,0,0,6,2,8,0,0,0,8
01/06/2021,CRE,SC,ASO,ES,Federal Contract Tower,0,4,14,2,20,0,0,12,0,12,0,4,26,2,32,0,0,0,32
01/07/2021,CRE,SC,ASO,ES,Federal Contract Tower,0,4,6,2,12,0,0,16,11,27,0,4,22,13,39,4,16,20,59
01/08/2021,CRE,SC,ASO,ES,Federal Contract Tower,0,0,1,2,3,0,0,0,0,0,0,0,1,2,3,0,0,0,3
01/09/2021,CRE,SC,ASO,ES,Federal Contract Tower,0,0,16,0,16,0,0,36,2,38,0,0,52,2,54,22,0,22,76
01/10/2021,CRE,SC,ASO,ES,Federal Contract Tower,0,0,23,0,23,0,0,28,0,28,0,0,51,0,51,2,0,2,53
01/11/2021,CRE,SC,ASO,ES,Federal Contract Tower,0,0,9,0,9,0,0,7,0,7,0,0,16,0,16,0,0,0,16
01/12/2021,CRE,SC,ASO,ES,Federal Contract Tower,0,0,13,2,15,0,0,0,0,0,0,0,13,2,15,0,0,0,15
01/13/2021,CRE,SC,ASO,ES,Federal Contract Tower,0,1,8,0,9,0,2,8,1,11,0,3,16,1,20,0,0,0,20
01/14/2021,CRE,SC,ASO,ES,Federal Contract Tower,0,1,27,2,30,0,4,32,6,42,0,5,59,8,72,0,0,0,72
01/15/2021,CRE,SC,ASO,ES,Federal Contract Tower,0,0,15,6,21,0,0,0,4,4,0,0,15,10,25,0,12,12,37
01/16/2021,CRE,SC,ASO,ES,Federal Contract Tower,0,0,10,0,10,0,8,9,0,17,0,8,19,0,27,4,0,4,31
01/17/2021,CRE,SC,ASO,ES,Federal Contract Tower,0,0,32,0,32,0,4,27,2,33,0,4,59,2,65,10,0,10,75
01/18/2021,CRE,SC,ASO,ES,Federal Contract Tower,0,1,15,0,16,0,0,14,0,14,0,1,29,0,30,2,0,2,32
01/19/2021,CRE,SC,ASO,ES,Federal Contract Tower,0,1,5,0,6,0,0,20,0,20,0,1,25,0,26,2,0,2,28
01/20/2021,CRE,SC,ASO,ES,Federal Contract Tower,0,0,5,0,5,0,0,9,0,9,0,0,14,0,14,2,0,2,16
01/21/2021,CRE,SC,ASO,ES,Federal Contract Tower,0,0,7,0,7,0,0,0,0,0,0,0,7,0,7,0,0,0,7
01/22/2021,CRE,SC,ASO,ES,Federal Contract Tower,0,2,11,2,15,0,0,18,0,18,0,2,29,2,33,0,0,0,33
01/23/2021,CRE,SC,ASO,ES,Federal Contract Tower,0,0,18,2,20,0,0,19,2,21,0,0,37,4,41,6,0,6,47
01/24/2021,CRE,SC,ASO,ES,Federal Contract Tower,0,1,9,2,12,0,0,33,0,33,0,1,42,2,45,0,0,0,45
01/25/2021,CRE,SC,ASO,ES,Federal Contract Tower,0,4,12,0,16,0,0,2,0,2,0,4,14,0,18,0,0,0,18
01/26/2021,CRE,SC,ASO,ES,Federal Contract Tower,0,0,3,0,3,0,0,2,0,2,0,0,5,0,5,0,0,0,5
01/27/2021,CRE,SC,ASO,ES,Federal Contract Tower,0,0,4,0,4,0,0,0,0,0,0,0,4,0,4,0,0,0,4
01/28/2021,CRE,SC,ASO,ES,Federal Contract Tower,0,0,16,0,16,0,0,11,1,12,0,0,27,1,28,0,0,0,28
01/29/2021,CRE,SC,ASO,ES,Federal Contract Tower,0,0,20,0,20,0,0,35,4,39,0,0,55,4,59,0,0,0,59
01/30/2021,CRE,SC,ASO,ES,Federal Contract Tower,0,0,13,0,13,0,2,24,2,28,0,2,37,2,41,0,0,0,41
01/31/2021,CRE,SC,ASO,ES,Federal Contract Tower,0,0,6,0,6,0,0,0,0,0,0,0,6,0,6,0,0,0,6
02/01/2021,CRE,SC,ASO,ES,Federal Contract Tower,0,1,6,0,7,0,0,0,0,0,0,1,6,0,7,0,0,0,7
02/02/2021,CRE,SC,ASO,ES,Federal Contract Tower,0,1,13,6,20,0,0,2,0,2,0,1,15,6,22,0,0,0,22
02/03/2021,CRE,SC,ASO,ES,Federal Contract Tower,0,2,11,0,13,0,0,9,0,9,0,2,20,0,22,0,0,0,22
02/04/2021,CRE,SC,ASO,ES,Federal Contract Tower,0,0,17,4,21,0,0,23,0,23,0,0,40,4,44,0,0,0,44
02/05/2021,CRE,SC,ASO,ES,Federal Contract Tower,0,1,7,0,8,0,0,0,0,0,0,1,7,0,8,0,0,0,8
02/06/2021,CRE,SC,ASO,ES,Federal Contract Tower,0,3,11,0,14,0,0,19,0,19,0,3,30,0,33,48,2,50,83
02/07/2021,CRE,SC,ASO,ES,Federal Contract Tower,0,2,5,0,7,0,4,1,0,5,0,6,6,0,12,0,0,0,12
02/08/2021,CRE,SC,ASO,ES,Federal Contract Tower,0,2,14,2,18,0,6,12,4,22,0,8,26,6,40,0,0,0,40
02/09/2021,CRE,SC,ASO,ES,Federal Contract Tower,0,0,5,2,7,0,6,2,0,8,0,6,7,2,15,0,0,0,15
02/10/2021,CRE,SC,ASO,ES,Federal Contract Tower,0,0,20,4,24,0,2,0,0,2,0,2,20,4,26,0,4,4,30
02/11/2021,CRE,SC,ASO,ES,Federal Contract Tower,0,1,6,2,9,0,0,0,0,0,0,1,6,2,9,0,0,0,9
02/12/2021,CRE,SC,ASO,ES,Federal Contract Tower,0,0,0,0,0,0,0,0,0,0,0,0,0,0,0,0,0,0,0
02/13/2021,CRE,SC,ASO,ES,Federal Contract Tower,0,1,8,0,9,0,0,0,0,0,0,1,8,0,9,0,0,0,9
02/14/2021,CRE,SC,ASO,ES,Federal Contract Tower,0,3,4,0,7,0,0,0,0,0,0,3,4,0,7,0,0,0,7
02/15/2021,CRE,SC,ASO,ES,Federal Contract Tower,0,0,7,6,13,0,0,0,0,0,0,0,7,6,13,0,0,0,13
02/16/2021,CRE,SC,ASO,ES,Federal Contract Tower,0,1,9,3,13,0,14,13,7,34,0,15,22,10,47,0,20,20,67
02/17/2021,CRE,SC,ASO,ES,Federal Contract Tower,0,0,19,0,19,0,0,20,3,23,0,0,39,3,42,6,0,6,48
02/18/2021,CRE,SC,ASO,ES,Federal Contract Tower,0,0,4,2,6,0,0,0,0,0,0,0,4,2,6,0,0,0,6
02/19/2021,CRE,SC,ASO,ES,Federal Contract Tower,0,0,5,0,5,0,0,1,0,1,0,0,6,0,6,0,0,0,6
02/20/2021,CRE,SC,ASO,ES,Federal Contract Tower,0,0,16,0,16,0,0,47,0,47,0,0,63,0,63,8,0,8,71
02/21/2021,CRE,SC,ASO,ES,Federal Contract Tower,0,0,21,0,21,0,4,33,0,37,0,4,54,0,58,8,2,10,68
02/22/2021,CRE,SC,ASO,ES,Federal Contract Tower,0,1,8,0,9,0,0,1,0,1,0,1,9,0,10,2,0,2,12
02/23/2021,CRE,SC,ASO,ES,Federal Contract Tower,0,3,10,1,14,0,0,35,1,36,0,3,45,2,50,100,16,116,166
02/24/2021,CRE,SC,ASO,ES,Federal Contract Tower,0,0,22,6,28,0,2,22,3,27,0,2,44,9,55,0,10,10,65
02/25/2021,CRE,SC,ASO,ES,Federal Contract Tower,0,0,21,6,27,0,0,28,0,28,0,0,49,6,55,0,0,0,55
02/26/2021,CRE,SC,ASO,ES,Federal Contract Tower,0,0,22,0,22,0,2,8,2,12,0,2,30,2,34,2,0,2,36
02/27/2021,CRE,SC,ASO,ES,Federal Contract Tower,0,0,10,0,10,0,4,14,2,20,0,4,24,2,30,10,0,10,40
02/28/2021,CRE,SC,ASO,ES,Federal Contract Tower,0,0,22,0,22,0,6,17,2,25,0,6,39,2,47,2,0,2,49
03/01/2021,CRE,SC,ASO,ES,Federal Contract Tower,0,2,12,12,26,0,6,1,0,7,0,8,13,12,33,0,0,0,33
03/02/2021,CRE,SC,ASO,ES,Federal Contract Tower,0,0,5,0,5,0,0,21,4,25,0,0,26,4,30,16,6,22,52
03/03/2021,CRE,SC,ASO,ES,Federal Contract Tower,0,0,4,0,4,0,0,6,0,6,0,0,10,0,10,2,0,2,12
03/04/2021,CRE,SC,ASO,ES,Federal Contract Tower,0,0,13,0,13,0,0,21,0,21,0,0,34,0,34,24,18,42,76
03/05/2021,CRE,SC,ASO,ES,Federal Contract Tower,0,0,16,0,16,0,0,21,2,23,0,0,37,2,39,2,8,10,49
03/06/2021,CRE,SC,ASO,ES,Federal Contract Tower,0,0,11,0,11,0,2,31,0,33,0,2,42,0,44,14,0,14,58
03/07/2021,CRE,SC,ASO,ES,Federal Contract Tower,0,4,23,0,27,0,12,34,0,46,0,16,57,0,73,0,0,0,73
03/08/2021,CRE,SC,ASO,ES,Federal Contract Tower,0,4,8,2,14,0,0,36,0,36,0,4,44,2,50,8,0,8,58
03/09/2021,CRE,SC,ASO,ES,Federal Contract Tower,0,2,11,2,15,0,0,13,2,15,0,2,24,4,30,0,0,0,30
03/10/2021,CRE,SC,ASO,ES,Federal Contract Tower,0,0,23,0,23,0,0,17,2,19,0,0,40,2,42,2,12,14,56
03/11/2021,CRE,SC,ASO,ES,Federal Contract Tower,0,1,20,5,26,0,0,23,0,23,0,1,43,5,49,20,0,20,69
03/12/2021,CRE,SC,ASO,ES,Federal Contract Tower,0,4,15,8,27,0,0,14,2,16,0,4,29,10,43,2,0,2,45
03/13/2021,CRE,SC,ASO,ES,Federal Contract Tower,0,2,16,0,18,0,26,31,0,57,0,28,47,0,75,24,0,24,99
03/14/2021,CRE,SC,ASO,ES,Federal Contract Tower,0,2,25,0,27,0,14,17,0,31,0,16,42,0,58,8,0,8,66
03/15/2021,CRE,SC,ASO,ES,Federal Contract Tower,0,0,11,0,11,0,6,8,0,14,0,6,19,0,25,2,0,2,27
03/16/2021,CRE,SC,ASO,ES,Federal Contract Tower,0,1,10,2,13,0,0,0,0,0,0,1,10,2,13,0,0,0,13
03/17/2021,CRE,SC,ASO,ES,Federal Contract Tower,0,0,24,2,26,0,0,6,0,6,0,0,30,2,32,24,0,24,56
03/18/2021,CRE,SC,ASO,ES,Federal Contract Tower,0,0,2,0,2,0,0,0,0,0,0,0,2,0,2,0,0,0,2
03/19/2021,CRE,SC,ASO,ES,Federal Contract Tower,0,0,15,0,15,0,10,5,0,15,0,10,20,0,30,4,0,4,34
03/20/2021,CRE,SC,ASO,ES,Federal Contract Tower,0,1,16,0,17,0,26,11,0,37,0,27,27,0,54,22,0,22,76
03/21/2021,CRE,SC,ASO,ES,Federal Contract Tower,0,4,20,2,26,0,6,4,0,10,0,10,24,2,36,12,0,12,48
03/22/2021,CRE,SC,ASO,ES,Federal Contract Tower,0,0,19,3,22,0,1,7,0,8,0,1,26,3,30,2,18,20,50
03/23/2021,CRE,SC,ASO,ES,Federal Contract Tower,0,0,18,0,18,0,4,9,0,13,0,4,27,0,31,0,0,0,31
03/24/2021,CRE,SC,ASO,ES,Federal Contract Tower,0,0,12,16,28,0,14,16,5,35,0,14,28,21,63,12,30,42,105
03/25/2021,CRE,SC,ASO,ES,Federal Contract Tower,0,2,25,4,31,0,4,25,2,31,0,6,50,6,62,10,26,36,98
03/26/2021,CRE,SC,ASO,ES,Federal Contract Tower,0,4,11,0,15,0,14,4,0,18,0,18,15,0,33,20,0,20,53
03/27/2021,CRE,SC,ASO,ES,Federal Contract Tower,0,4,17,0,21,0,28,18,0,46,0,32,35,0,67,24,0,24,91
03/28/2021,CRE,SC,ASO,ES,Federal Contract Tower,0,1,17,0,18,0,10,3,0,13,0,11,20,0,31,20,0,20,51
03/29/2021,CRE,SC,ASO,ES,Federal Contract Tower,0,2,21,3,26,0,26,29,2,57,0,28,50,5,83,12,0,12,95
03/30/2021,CRE,SC,ASO,ES,Federal Contract Tower,0,0,13,3,16,0,12,13,3,28,0,12,26,6,44,2,0,2,46
03/31/2021,CRE,SC,ASO,ES,Federal Contract Tower,0,0,7,0,7,0,22,5,1,28,0,22,12,1,35,2,0,2,37
04/01/2021,CRE,SC,ASO,ES,Federal Contract Tower,0,0,11,0,11,0,77,17,0,94,0,77,28,0,105,0,0,0,105
04/02/2021,CRE,SC,ASO,ES,Federal Contract Tower,0,4,18,0,22,0,16,28,0,44,0,20,46,0,66,20,4,24,90
04/03/2021,CRE,SC,ASO,ES,Federal Contract Tower,0,0,24,0,24,0,48,41,0,89,0,48,65,0,113,28,0,28,141
04/04/2021,CRE,SC,ASO,ES,Federal Contract Tower,0,1,21,0,22,0,24,26,0,50,0,25,47,0,72,6,0,6,78
04/05/2021,CRE,SC,ASO,ES,Federal Contract Tower,0,2,23,0,25,0,34,25,0,59,0,36,48,0,84,32,0,32,116
04/06/2021,CRE,SC,ASO,ES,Federal Contract Tower,0,0,11,1,12,0,30,16,1,47,0,30,27,2,59,8,0,8,67
04/07/2021,CRE,SC,ASO,ES,Federal Contract Tower,0,0,19,0,19,0,24,45,0,69,0,24,64,0,88,18,0,18,106
04/08/2021,CRE,SC,ASO,ES,Federal Contract Tower,0,0,10,2,12,0,24,31,3,58,0,24,41,5,70,40,0,40,110
04/09/2021,CRE,SC,ASO,ES,Federal Contract Tower,0,4,16,10,30,0,34,37,2,73,0,38,53,12,103,12,10,22,125
04/10/2021,CRE,SC,ASO,ES,Federal Contract Tower,0,2,12,4,18,0,6,33,2,41,0,8,45,6,59,28,0,28,87
04/11/2021,CRE,SC,ASO,ES,Federal Contract Tower,0,3,18,0,21,0,23,26,2,51,0,26,44,2,72,36,0,36,108
04/12/2021,CRE,SC,ASO,ES,Federal Contract Tower,0,2,19,2,23,0,16,28,4,48,0,18,47,6,71,0,24,24,95
04/13/2021,CRE,SC,ASO,ES,Federal Contract Tower,0,0,16,0,16,0,2,30,0,32,0,2,46,0,48,12,0,12,60
04/14/2021,CRE,SC,ASO,ES,Federal Contract Tower,0,0,16,4,20,0,12,24,0,36,0,12,40,4,56,2,0,2,58
04/15/2021,CRE,SC,ASO,ES,Federal Contract Tower,0,2,29,1,32,0,16,16,1,33,0,18,45,2,65,8,4,12,77
04/16/2021,CRE,SC,ASO,ES,Federal Contract Tower,0,2,20,2,24,0,42,48,0,90,0,44,68,2,114,16,8,24,138
04/17/2021,CRE,SC,ASO,ES,Federal Contract Tower,0,0,24,0,24,0,30,34,0,64,0,30,58,0,88,32,0,32,120
04/18/2021,CRE,SC,ASO,ES,Federal Contract Tower,0,3,34,0,37,0,30,41,0,71,0,33,75,0,108,22,0,22,130
04/19/2021,CRE,SC,ASO,ES,Federal Contract Tower,0,3,23,0,26,0,6,20,0,26,0,9,43,0,52,10,0,10,62
04/20/2021,CRE,SC,ASO,ES,Federal Contract Tower,0,0,18,2,20,0,20,26,0,46,0,20,44,2,66,4,0,4,70
04/21/2021,CRE,SC,ASO,ES,Federal Contract Tower,0,1,13,1,15,0,18,13,2,33,0,19,26,3,48,2,0,2,50
04/22/2021,CRE,SC,ASO,ES,Federal Contract Tower,0,4,19,0,23,0,28,28,0,56,0,32,47,0,79,64,0,64,143
04/23/2021,CRE,SC,ASO,ES,Federal Contract Tower,0,3,13,0,16,0,50,36,0,86,0,53,49,0,102,38,0,38,140
04/24/2021,CRE,SC,ASO,ES,Federal Contract Tower,0,1,6,0,7,0,14,13,0,27,0,15,19,0,34,0,0,0,34
04/25/2021,CRE,SC,ASO,ES,Federal Contract Tower,0,9,32,2,43,0,20,27,2,49,0,29,59,4,92,18,0,18,110
04/26/2021,CRE,SC,ASO,ES,Federal Contract Tower,0,2,27,0,29,0,8,27,0,35,0,10,54,0,64,0,0,0,64
04/27/2021,CRE,SC,ASO,ES,Federal Contract Tower,0,6,15,0,21,0,8,13,2,23,0,14,28,2,44,0,0,0,44
04/28/2021,CRE,SC,ASO,ES,Federal Contract Tower,0,0,6,0,6,0,4,19,0,23,0,4,25,0,29,6,0,6,35
04/29/2021,CRE,SC,ASO,ES,Federal Contract Tower,0,2,21,0,23,0,6,15,0,21,0,8,36,0,44,10,0,10,54
04/30/2021,CRE,SC,ASO,ES,Federal Contract Tower,0,2,24,0,26,0,21,27,0,48,0,23,51,0,74,34,0,34,108
05/01/2021,CRE,SC,ASO,ES,Federal Contract Tower,0,1,12,0,13,0,56,52,0,108,0,57,64,0,121,32,0,32,153
05/02/2021,CRE,SC,ASO,ES,Federal Contract Tower,0,4,29,0,33,0,34,50,0,84,0,38,79,0,117,6,0,6,123
05/03/2021,CRE,SC,ASO,ES,Federal Contract Tower,0,0,8,0,8,0,10,6,0,16,0,10,14,0,24,4,0,4,28
05/04/2021,CRE,SC,ASO,ES,Federal Contract Tower,0,0,13,0,13,0,26,12,0,38,0,26,25,0,51,14,0,14,65
05/05/2021,CRE,SC,ASO,ES,Federal Contract Tower,0,4,8,2,14,0,4,22,0,26,0,8,30,2,40,18,4,22,62
05/06/2021,CRE,SC,ASO,ES,Federal Contract Tower,0,4,20,0,24,0,6,17,0,23,0,10,37,0,47,12,0,12,59
05/07/2021,CRE,SC,ASO,ES,Federal Contract Tower,0,0,18,2,20,0,26,25,0,51,0,26,43,2,71,20,0,20,91
05/08/2021,CRE,SC,ASO,ES,Federal Contract Tower,0,6,17,0,23,0,45,17,0,62,0,51,34,0,85,30,2,32,117
05/09/2021,CRE,SC,ASO,ES,Federal Contract Tower,0,2,18,0,20,0,27,30,4,61,0,29,48,4,81,50,0,50,131
05/10/2021,CRE,SC,ASO,ES,Federal Contract Tower,0,1,13,0,14,0,28,8,9,45,0,29,21,9,59,22,32,54,113
05/11/2021,CRE,SC,ASO,ES,Federal Contract Tower,0,8,22,0,30,0,42,14,0,56,0,50,36,0,86,6,0,6,92
05/12/2021,CRE,SC,ASO,ES,Federal Contract Tower,0,2,8,0,10,0,0,3,0,3,0,2,11,0,13,0,0,0,13
05/13/2021,CRE,SC,ASO,ES,Federal Contract Tower,0,0,10,2,12,0,18,25,0,43,0,18,35,2,55,14,2,16,71
05/14/2021,CRE,SC,ASO,ES,Federal Contract Tower,0,0,15,0,15,0,26,32,0,58,0,26,47,0,73,38,0,38,111
05/15/2021,CRE,SC,ASO,ES,Federal Contract Tower,0,0,8,0,8,0,25,54,0,79,0,25,62,0,87,78,0,78,165
05/16/2021,CRE,SC,ASO,ES,Federal Contract Tower,0,0,21,0,21,0,52,38,0,90,0,52,59,0,111,82,0,82,193
05/17/2021,CRE,SC,ASO,ES,Federal Contract Tower,0,1,14,0,15,0,28,33,0,61,0,29,47,0,76,46,0,46,122
05/18/2021,CRE,SC,ASO,ES,Federal Contract Tower,0,1,15,6,22,0,14,23,10,47,0,15,38,16,69,2,8,10,79
05/19/2021,CRE,SC,ASO,ES,Federal Contract Tower,0,5,9,1,15,0,21,27,0,48,0,26,36,1,63,28,0,28,91
05/20/2021,CRE,SC,ASO,ES,Federal Contract Tower,0,0,17,0,17,0,32,30,0,62,0,32,47,0,79,44,0,44,123
05/21/2021,CRE,SC,ASO,ES,Federal Contract Tower,0,0,11,0,11,0,28,61,0,89,0,28,72,0,100,34,0,34,134
05/22/2021,CRE,SC,ASO,ES,Federal Contract Tower,0,0,14,0,14,0,44,38,0,82,0,44,52,0,96,40,0,40,136
05/23/2021,CRE,SC,ASO,ES,Federal Contract Tower,0,0,23,0,23,0,22,66,0,88,0,22,89,0,111,62,0,62,173
05/24/2021,CRE,SC,ASO,ES,Federal Contract Tower,0,2,10,4,16,0,16,19,2,37,0,18,29,6,53,34,0,34,87
05/25/2021,CRE,SC,ASO,ES,Federal Contract Tower,0,0,21,0,21,0,26,18,0,44,0,26,39,0,65,34,0,34,99
05/26/2021,CRE,SC,ASO,ES,Federal Contract Tower,0,0,10,0,10,0,24,10,0,34,0,24,20,0,44,0,0,0,44
05/27/2021,CRE,SC,ASO,ES,Federal Contract Tower,0,4,30,6,40,0,18,53,0,71,0,22,83,6,111,52,0,52,163
05/28/2021,CRE,SC,ASO,ES,Federal Contract Tower,0,2,24,0,26,0,20,29,0,49,0,22,53,0,75,60,0,60,135
05/29/2021,CRE,SC,ASO,ES,Federal Contract Tower,0,0,12,0,12,0,47,28,0,75,0,47,40,0,87,100,0,100,187
05/30/2021,CRE,SC,ASO,ES,Federal Contract Tower,0,0,7,0,7,0,62,40,0,102,0,62,47,0,109,42,0,42,151
05/31/2021,CRE,SC,ASO,ES,Federal Contract Tower,0,2,29,0,31,0,56,61,0,117,0,58,90,0,148,54,0,54,202
06/01/2021,CRE,SC,ASO,ES,Federal Contract Tower,0,2,12,0,14,0,20,29,0,49,0,22,41,0,63,66,0,66,129
06/02/2021,CRE,SC,ASO,ES,Federal Contract Tower,0,5,6,8,19,0,16,9,0,25,0,21,15,8,44,22,0,22,66
06/03/2021,CRE,SC,ASO,ES,Federal Contract Tower,0,1,5,0,6,0,6,7,6,19,0,7,12,6,25,36,0,36,61
06/04/2021,CRE,SC,ASO,ES,Federal Contract Tower,0,1,5,0,6,0,32,39,0,71,0,33,44,0,77,28,0,28,105
06/05/2021,CRE,SC,ASO,ES,Federal Contract Tower,0,0,14,0,14,0,28,28,8,64,0,28,42,8,78,62,0,62,140
06/06/2021,CRE,SC,ASO,ES,Federal Contract Tower,0,2,12,0,14,0,2,1,0,3,0,4,13,0,17,0,0,0,17
06/07/2021,CRE,SC,ASO,ES,Federal Contract Tower,0,8,8,3,19,0,18,17,1,36,0,26,25,4,55,58,0,58,113
06/08/2021,CRE,SC,ASO,ES,Federal Contract Tower,0,1,12,1,14,0,28,26,2,56,0,29,38,3,70,32,18,50,120
06/09/2021,CRE,SC,ASO,ES,Federal Contract Tower,0,6,17,4,27,0,40,25,4,69,0,46,42,8,96,28,0,28,124
06/10/2021,CRE,SC,ASO,ES,Federal Contract Tower,0,2,16,0,18,0,36,26,2,64,0,38,42,2,82,44,4,48,130
06/11/2021,CRE,SC,ASO,ES,Federal Contract Tower,0,2,18,2,22,0,40,44,2,86,0,42,62,4,108,86,16,102,210
06/12/2021,CRE,SC,ASO,ES,Federal Contract Tower,0,0,22,1,23,0,24,15,9,48,0,24,37,10,71,48,0,48,119
06/13/2021,CRE,SC,ASO,ES,Federal Contract Tower,0,0,19,0,19,0,33,18,0,51,0,33,37,0,70,78,0,78,148
06/14/2021,CRE,SC,ASO,ES,Federal Contract Tower,0,0,21,8,29,0,18,26,0,44,0,18,47,8,73,100,0,100,173
06/15/2021,CRE,SC,ASO,ES,Federal Contract Tower,0,2,16,2,20,0,12,18,0,30,0,14,34,2,50,66,2,68,118
06/16/2021,CRE,SC,ASO,ES,Federal Contract Tower,0,0,24,4,28,0,48,52,0,100,0,48,76,4,128,64,18,82,210
06/17/2021,CRE,SC,ASO,ES,Federal Contract Tower,0,4,22,0,26,0,37,75,0,112,0,41,97,0,138,92,2,94,232
06/18/2021,CRE,SC,ASO,ES,Federal Contract Tower,0,0,28,0,28,0,108,61,0,169,0,108,89,0,197,66,0,66,263
06/19/2021,CRE,SC,ASO,ES,Federal Contract Tower,0,0,25,0,25,0,70,43,2,115,0,70,68,2,140,72,0,72,212
06/20/2021,CRE,SC,ASO,ES,Federal Contract Tower,0,2,14,0,16,0,10,0,0,10,0,12,14,0,26,2,0,2,28
06/21/2021,CRE,SC,ASO,ES,Federal Contract Tower,0,2,13,0,15,0,18,19,3,40,0,20,32,3,55,90,0,90,145
06/22/2021,CRE,SC,ASO,ES,Federal Contract Tower,0,2,7,0,9,0,24,30,0,54,0,26,37,0,63,50,0,50,113
06/23/2021,CRE,SC,ASO,ES,Federal Contract Tower,0,1,22,6,29,0,59,44,0,103,0,60,66,6,132,68,22,90,222
06/24/2021,CRE,SC,ASO,ES,Federal Contract Tower,0,2,20,2,24,0,94,55,2,151,0,96,75,4,175,146,40,186,361
06/25/2021,CRE,SC,ASO,ES,Federal Contract Tower,0,0,19,0,19,0,46,39,0,85,0,46,58,0,104,46,0,46,150
06/26/2021,CRE,SC,ASO,ES,Federal Contract Tower,0,4,13,0,17,0,24,29,2,55,0,28,42,2,72,88,0,88,160
06/27/2021,CRE,SC,ASO,ES,Federal Contract Tower,0,0,25,0,25,0,41,79,9,129,0,41,104,9,154,88,0,88,242
06/28/2021,CRE,SC,ASO,ES,Federal Contract Tower,0,1,10,0,11,0,40,14,6,60,0,41,24,6,71,0,0,0,71
06/29/2021,CRE,SC,ASO,ES,Federal Contract Tower,0,2,12,0,14,0,52,57,5,114,0,54,69,5,128,78,4,82,210
06/30/2021,CRE,SC,ASO,ES,Federal Contract Tower,0,0,20,0,20,0,48,52,0,100,0,48,72,0,120,156,0,156,276
07/01/2021,CRE,SC,ASO,ES,Federal Contract Tower,0,7,29,5,41,0,43,34,0,77,0,50,63,5,118,76,0,76,194
07/02/2021,CRE,SC,ASO,ES,Federal Contract Tower,0,0,16,0,16,0,14,14,0,28,0,14,30,0,44,52,0,52,96
07/03/2021,CRE,SC,ASO,ES,Federal Contract Tower,0,0,19,0,19,0,74,82,4,160,0,74,101,4,179,90,0,90,269
07/04/2021,CRE,SC,ASO,ES,Federal Contract Tower,0,0,15,0,15,0,72,68,3,143,0,72,83,3,158,98,6,104,262
07/05/2021,CRE,SC,ASO,ES,Federal Contract Tower,0,1,13,0,14,0,61,64,0,125,0,62,77,0,139,72,0,72,211
07/06/2021,CRE,SC,ASO,ES,Federal Contract Tower,0,4,21,2,27,0,102,51,12,165,0,106,72,14,192,34,0,34,226
07/07/2021,CRE,SC,ASO,ES,Federal Contract Tower,0,0,11,0,11,0,34,34,0,68,0,34,45,0,79,34,0,34,113
07/08/2021,CRE,SC,ASO,ES,Federal Contract Tower,0,2,2,0,4,0,0,0,0,0,0,2,2,0,4,0,0,0,4
07/09/2021,CRE,SC,ASO,ES,Federal Contract Tower,0,4,10,2,16,0,46,63,1,110,0,50,73,3,126,88,0,88,214
07/10/2021,CRE,SC,ASO,ES,Federal Contract Tower,0,2,28,0,30,0,41,48,0,89,0,43,76,0,119,100,0,100,219
07/11/2021,CRE,SC,ASO,ES,Federal Contract Tower,0,0,27,0,27,0,19,40,0,59,0,19,67,0,86,100,0,100,186
07/12/2021,CRE,SC,ASO,ES,Federal Contract Tower,0,1,15,4,20,0,30,27,2,59,0,31,42,6,79,200,0,200,279
07/13/2021,CRE,SC,ASO,ES,Federal Contract Tower,0,1,19,0,20,0,54,46,10,110,0,55,65,10,130,126,0,126,256
07/14/2021,CRE,SC,ASO,ES,Federal Contract Tower,0,2,14,0,16,0,46,33,1,80,0,48,47,1,96,68,0,68,164
07/15/2021,CRE,SC,ASO,ES,Federal Contract Tower,0,8,16,0,24,0,40,60,16,116,0,48,76,16,140,76,0,76,216
07/16/2021,CRE,SC,ASO,ES,Federal Contract Tower,0,0,14,1,15,0,74,54,1,129,0,74,68,2,144,96,0,96,240
07/17/2021,CRE,SC,ASO,ES,Federal Contract Tower,0,1,25,0,26,0,73,43,0,116,0,74,68,0,142,86,0,86,228
07/18/2021,CRE,SC,ASO,ES,Federal Contract Tower,0,6,20,0,26,0,24,42,0,66,0,30,62,0,92,82,0,82,174
07/19/2021,CRE,SC,ASO,ES,Federal Contract Tower,0,4,11,0,15,0,8,24,0,32,0,12,35,0,47,54,0,54,101
07/20/2021,CRE,SC,ASO,ES,Federal Contract Tower,0,0,12,0,12,0,30,26,2,58,0,30,38,2,70,88,0,88,158
07/21/2021,CRE,SC,ASO,ES,Federal Contract Tower,0,0,18,2,20,0,30,34,0,64,0,30,52,2,84,54,0,54,138
07/22/2021,CRE,SC,ASO,ES,Federal Contract Tower,0,0,15,1,16,0,58,31,1,90,0,58,46,2,106,70,0,70,176
07/23/2021,CRE,SC,ASO,ES,Federal Contract Tower,0,1,19,0,20,0,36,41,0,77,0,37,60,0,97,78,0,78,175
07/24/2021,CRE,SC,ASO,ES,Federal Contract Tower,0,8,25,0,33,0,45,60,0,105,0,53,85,0,138,120,0,120,258
07/25/2021,CRE,SC,ASO,ES,Federal Contract Tower,0,6,15,0,21,0,76,57,2,135,0,82,72,2,156,114,0,114,270
07/26/2021,CRE,SC,ASO,ES,Federal Contract Tower,0,2,15,3,20,0,78,58,1,137,0,80,73,4,157,112,0,112,269
07/27/2021,CRE,SC,ASO,ES,Federal Contract Tower,0,0,7,2,9,0,66,35,0,101,0,66,42,2,110,64,0,64,174
07/28/2021,CRE,SC,ASO,ES,Federal Contract Tower,0,0,11,0,11,0,46,36,0,82,0,46,47,0,93,76,0,76,169
07/29/2021,CRE,SC,ASO,ES,Federal Contract Tower,0,0,14,0,14,0,60,54,4,118,0,60,68,4,132,168,0,168,300
07/30/2021,CRE,SC,ASO,ES,Federal Contract Tower,0,0,20,0,20,0,76,44,0,120,0,76,64,0,140,116,0,116,256
07/31/2021,CRE,SC,ASO,ES,Federal Contract Tower,0,4,27,0,31,0,90,49,0,139,0,94,76,0,170,76,2,78,248
08/01/2021,CRE,SC,ASO,ES,Federal Contract Tower,0,2,11,0,13,0,51,44,0,95,0,53,55,0,108,130,0,130,238
08/02/2021,CRE,SC,ASO,ES,Federal Contract Tower,0,1,17,3,21,0,32,41,1,74,0,33,58,4,95,70,0,70,165
08/03/2021,CRE,SC,ASO,ES,Federal Contract Tower,0,4,8,0,12,0,0,1,0,1,0,4,9,0,13,0,0,0,13
08/04/2021,CRE,SC,ASO,ES,Federal Contract Tower,0,2,22,2,26,0,0,13,3,16,0,2,35,5,42,42,0,42,84
08/05/2021,CRE,SC,ASO,ES,Federal Contract Tower,0,3,39,0,42,0,46,27,0,73,0,49,66,0,115,62,0,62,177
08/06/2021,CRE,SC,ASO,ES,Federal Contract Tower,0,3,5,0,8,0,11,21,0,32,0,14,26,0,40,42,0,42,82
08/07/2021,CRE,SC,ASO,ES,Federal Contract Tower,0,1,12,0,13,0,46,24,0,70,0,47,36,0,83,48,0,48,131
08/08/2021,CRE,SC,ASO,ES,Federal Contract Tower,0,7,30,0,37,0,41,40,0,81,0,48,70,0,118,146,0,146,264
08/09/2021,CRE,SC,ASO,ES,Federal Contract Tower,0,5,10,0,15,0,22,27,0,49,0,27,37,0,64,82,0,82,146
08/10/2021,CRE,SC,ASO,ES,Federal Contract Tower,0,1,10,0,11,0,72,30,2,104,0,73,40,2,115,32,0,32,147
08/11/2021,CRE,SC,ASO,ES,Federal Contract Tower,0,3,13,8,24,0,98,34,0,132,0,101,47,8,156,48,0,48,204
08/12/2021,CRE,SC,ASO,ES,Federal Contract Tower,0,6,8,4,18,0,72,39,0,111,0,78,47,4,129,42,0,42,171
08/13/2021,CRE,SC,ASO,ES,Federal Contract Tower,0,0,14,6,20,0,86,57,0,143,0,86,71,6,163,90,0,90,253
08/14/2021,CRE,SC,ASO,ES,Federal Contract Tower,0,3,3,1,7,0,108,29,15,152,0,111,32,16,159,68,8,76,235
08/15/2021,CRE,SC,ASO,ES,Federal Contract Tower,0,0,11,0,11,0,12,35,0,47,0,12,46,0,58,88,0,88,146
08/16/2021,CRE,SC,ASO,ES,Federal Contract Tower,0,2,13,2,17,0,33,22,0,55,0,35,35,2,72,50,0,50,122
08/17/2021,CRE,SC,ASO,ES,Federal Contract Tower,0,4,0,2,6,0,0,2,0,2,0,4,2,2,8,0,0,0,8
08/18/2021,CRE,SC,ASO,ES,Federal Contract Tower,0,1,8,0,9,0,12,18,0,30,0,13,26,0,39,50,0,50,89
08/19/2021,CRE,SC,ASO,ES,Federal Contract Tower,0,5,10,4,19,0,26,22,0,48,0,31,32,4,67,50,0,50,117
08/20/2021,CRE,SC,ASO,ES,Federal Contract Tower,0,0,14,2,16,0,87,40,0,127,0,87,54,2,143,62,0,62,205
08/21/2021,CRE,SC,ASO,ES,Federal Contract Tower,0,2,16,0,18,0,22,24,0,46,0,24,40,0,64,46,0,46,110
08/22/2021,CRE,SC,ASO,ES,Federal Contract Tower,0,0,14,0,14,0,46,11,0,57,0,46,25,0,71,20,0,20,91
08/23/2021,CRE,SC,ASO,ES,Federal Contract Tower,0,0,7,0,7,0,22,32,0,54,0,22,39,0,61,48,0,48,109
08/24/2021,CRE,SC,ASO,ES,Federal Contract Tower,0,0,17,2,19,0,54,29,0,83,0,54,46,2,102,14,0,14,116
08/25/2021,CRE,SC,ASO,ES,Federal Contract Tower,0,2,4,0,6,0,20,35,2,57,0,22,39,2,63,60,0,60,123
08/26/2021,CRE,SC,ASO,ES,Federal Contract Tower,0,0,19,0,19,0,42,29,0,71,0,42,48,0,90,64,0,64,154
08/27/2021,CRE,SC,ASO,ES,Federal Contract Tower,0,0,18,5,23,0,50,41,0,91,0,50,59,5,114,50,2,52,166
08/28/2021,CRE,SC,ASO,ES,Federal Contract Tower,0,2,7,0,9,0,64,44,0,108,0,66,51,0,117,50,0,50,167
08/29/2021,CRE,SC,ASO,ES,Federal Contract Tower,0,0,6,1,7,0,58,50,1,109,0,58,56,2,116,70,2,72,188
08/30/2021,CRE,SC,ASO,ES,Federal Contract Tower,0,0,14,2,16,0,30,39,0,69,0,30,53,2,85,86,0,86,171
08/31/2021,CRE,SC,ASO,ES,Federal Contract Tower,0,2,13,4,19,0,15,31,4,50,0,17,44,8,69,34,0,34,103
09/01/2021,CRE,SC,ASO,ES,Federal Contract Tower,0,2,7,3,12,0,26,15,3,44,0,28,22,6,56,18,0,18,74
09/02/2021,CRE,SC,ASO,ES,Federal Contract Tower,0,0,23,10,33,0,32,34,0,66,0,32,57,10,99,68,0,68,167
09/03/2021,CRE,SC,ASO,ES,Federal Contract Tower,0,4,18,0,22,0,27,55,1,83,0,31,73,1,105,62,0,62,167
09/04/2021,CRE,SC,ASO,ES,Federal Contract Tower,0,1,28,0,29,0,44,58,0,102,0,45,86,0,131,102,0,102,233
09/05/2021,CRE,SC,ASO,ES,Federal Contract Tower,0,0,16,0,16,0,32,29,0,61,0,32,45,0,77,128,0,128,205
09/06/2021,CRE,SC,ASO,ES,Federal Contract Tower,0,2,34,0,36,0,22,49,2,73,0,24,83,2,109,124,0,124,233
09/07/2021,CRE,SC,ASO,ES,Federal Contract Tower,0,0,16,0,16,0,22,19,0,41,0,22,35,0,57,22,0,22,79
09/08/2021,CRE,SC,ASO,ES,Federal Contract Tower,0,0,10,0,10,0,36,26,0,62,0,36,36,0,72,50,0,50,122
09/09/2021,CRE,SC,ASO,ES,Federal Contract Tower,0,2,8,0,10,0,4,2,0,6,0,6,10,0,16,2,0,2,18
09/10/2021,CRE,SC,ASO,ES,Federal Contract Tower,0,0,33,2,35,0,54,58,2,114,0,54,91,4,149,38,0,38,187
09/11/2021,CRE,SC,ASO,ES,Federal Contract Tower,0,1,13,0,14,0,34,41,0,75,0,35,54,0,89,18,0,18,107
09/12/2021,CRE,SC,ASO,ES,Federal Contract Tower,0,2,13,0,15,0,38,59,0,97,0,40,72,0,112,88,0,88,200
09/13/2021,CRE,SC,ASO,ES,Federal Contract Tower,0,4,15,2,21,2,16,27,0,45,2,20,42,2,66,22,0,22,88
09/14/2021,CRE,SC,ASO,ES,Federal Contract Tower,0,5,9,2,16,0,4,19,0,23,0,9,28,2,39,16,0,16,55
09/15/2021,CRE,SC,ASO,ES,Federal Contract Tower,0,1,2,2,5,0,54,17,1,72,0,55,19,3,77,24,0,24,101
09/16/2021,CRE,SC,ASO,ES,Federal Contract Tower,0,0,12,3,15,0,34,24,4,62,0,34,36,7,77,42,10,52,129
09/17/2021,CRE,SC,ASO,ES,Federal Contract Tower,0,7,22,0,29,0,28,22,2,52,0,35,44,2,81,42,0,42,123
09/18/2021,CRE,SC,ASO,ES,Federal Contract Tower,0,1,17,0,18,0,44,22,4,70,0,45,39,4,88,14,0,14,102
09/19/2021,CRE,SC,ASO,ES,Federal Contract Tower,0,1,21,0,22,0,47,22,0,69,0,48,43,0,91,20,0,20,111
09/20/2021,CRE,SC,ASO,ES,Federal Contract Tower,0,1,11,1,13,0,22,4,3,29,0,23,15,4,42,26,0,26,68
09/21/2021,CRE,SC,ASO,ES,Federal Contract Tower,0,5,8,0,13,0,6,1,0,7,0,11,9,0,20,0,0,0,20
09/22/2021,CRE,SC,ASO,ES,Federal Contract Tower,0,0,18,1,19,0,4,1,4,9,0,4,19,5,28,6,0,6,34
09/23/2021,CRE,SC,ASO,ES,Federal Contract Tower,0,2,34,5,41,0,24,34,0,58,0,26,68,5,99,44,0,44,143
09/24/2021,CRE,SC,ASO,ES,Federal Contract Tower,0,4,20,0,24,0,22,38,0,60,0,26,58,0,84,72,0,72,156
09/25/2021,CRE,SC,ASO,ES,Federal Contract Tower,0,0,22,0,22,0,30,48,0,78,0,30,70,0,100,72,0,72,172
09/26/2021,CRE,SC,ASO,ES,Federal Contract Tower,0,4,27,0,31,0,50,34,0,84,0,54,61,0,115,14,0,14,129
09/27/2021,CRE,SC,ASO,ES,Federal Contract Tower,0,3,11,0,14,0,13,44,0,57,0,16,55,0,71,0,0,0,71
09/28/2021,CRE,SC,ASO,ES,Federal Contract Tower,0,2,18,0,20,0,20,27,8,55,0,22,45,8,75,38,0,38,113
09/29/2021,CRE,SC,ASO,ES,Federal Contract Tower,0,3,15,4,22,0,8,29,0,37,0,11,44,4,59,22,0,22,81
09/30/2021,CRE,SC,ASO,ES,Federal Contract Tower,0,1,23,2,26,0,24,19,0,43,0,25,42,2,69,20,0,20,89
10/01/2021,CRE,SC,ASO,ES,Federal Contract Tower,0,4,22,0,26,0,15,28,0,43,0,19,50,0,69,42,2,44,113
10/02/2021,CRE,SC,ASO,ES,Federal Contract Tower,0,1,9,0,10,0,17,23,7,47,0,18,32,7,57,38,0,38,95
10/03/2021,CRE,SC,ASO,ES,Federal Contract Tower,0,0,36,0,36,0,24,21,0,45,0,24,57,0,81,24,0,24,105
10/04/2021,CRE,SC,ASO,ES,Federal Contract Tower,0,0,15,2,17,0,10,10,0,20,0,10,25,2,37,28,0,28,65
10/05/2021,CRE,SC,ASO,ES,Federal Contract Tower,0,1,3,0,4,0,0,1,0,1,0,1,4,0,5,0,0,0,5
10/06/2021,CRE,SC,ASO,ES,Federal Contract Tower,0,3,13,1,17,0,4,4,1,9,0,7,17,2,26,0,0,0,26
10/07/2021,CRE,SC,ASO,ES,Federal Contract Tower,0,8,14,2,24,0,0,3,0,3,0,8,17,2,27,10,2,12,39
10/08/2021,CRE,SC,ASO,ES,Federal Contract Tower,0,4,13,0,17,0,16,11,0,27,0,20,24,0,44,24,0,24,68
10/09/2021,CRE,SC,ASO,ES,Federal Contract Tower,0,1,11,0,12,0,0,1,0,1,0,1,12,0,13,0,0,0,13
10/10/2021,CRE,SC,ASO,ES,Federal Contract Tower,0,2,30,0,32,0,10,9,0,19,0,12,39,0,51,14,0,14,65
10/11/2021,CRE,SC,ASO,ES,Federal Contract Tower,0,1,22,0,23,0,4,6,2,12,0,5,28,2,35,26,0,26,61
10/12/2021,CRE,SC,ASO,ES,Federal Contract Tower,0,1,24,2,27,0,10,28,2,40,0,11,52,4,67,22,0,22,89
10/13/2021,CRE,SC,ASO,ES,Federal Contract Tower,0,3,7,3,13,0,0,18,1,19,0,3,25,4,32,10,0,10,42
10/14/2021,CRE,SC,ASO,ES,Federal Contract Tower,0,4,17,2,23,0,8,29,0,37,0,12,46,2,60,30,2,32,92
10/15/2021,CRE,SC,ASO,ES,Federal Contract Tower,0,5,13,5,23,0,18,21,0,39,0,23,34,5,62,16,0,16,78
10/16/2021,CRE,SC,ASO,ES,Federal Contract Tower,0,1,10,0,11,0,16,27,0,43,0,17,37,0,54,30,0,30,84
10/17/2021,CRE,SC,ASO,ES,Federal Contract Tower,0,1,9,0,10,0,30,28,0,58,0,31,37,0,68,0,0,0,68
10/18/2021,CRE,SC,ASO,ES,Federal Contract Tower,0,5,8,3,16,0,6,28,3,37,0,11,36,6,53,22,0,22,75
10/19/2021,CRE,SC,ASO,ES,Federal Contract Tower,0,9,17,0,26,0,16,24,0,40,0,25,41,0,66,24,0,24,90
10/20/2021,CRE,SC,ASO,ES,Federal Contract Tower,0,2,17,2,21,0,2,22,2,26,0,4,39,4,47,10,0,10,57
10/21/2021,CRE,SC,ASO,ES,Federal Contract Tower,0,1,5,0,6,0,0,24,0,24,0,1,29,0,30,40,0,40,70
10/22/2021,CRE,SC,ASO,ES,Federal Contract Tower,0,1,13,4,18,0,8,14,0,22,0,9,27,4,40,28,0,28,68
10/23/2021,CRE,SC,ASO,ES,Federal Contract Tower,0,2,15,0,17,0,15,41,0,56,0,17,56,0,73,24,0,24,97
10/24/2021,CRE,SC,ASO,ES,Federal Contract Tower,0,2,37,2,41,0,28,29,0,57,0,30,66,2,98,16,0,16,114
10/25/2021,CRE,SC,ASO,ES,Federal Contract Tower,0,5,6,2,13,0,0,5,0,5,0,5,11,2,18,6,0,6,24
10/26/2021,CRE,SC,ASO,ES,Federal Contract Tower,0,5,11,2,18,0,18,6,0,24,0,23,17,2,42,6,0,6,48
10/27/2021,CRE,SC,ASO,ES,Federal Contract Tower,0,3,14,0,17,0,6,26,0,32,0,9,40,0,49,6,0,6,55
10/28/2021,CRE,SC,ASO,ES,Federal Contract Tower,0,0,4,2,6,0,0,14,0,14,0,0,18,2,20,0,0,0,20
10/29/2021,CRE,SC,ASO,ES,Federal Contract Tower,0,4,18,0,22,0,2,12,2,16,0,6,30,2,38,12,0,12,50
10/30/2021,CRE,SC,ASO,ES,Federal Contract Tower,0,3,11,0,14,0,3,33,0,36,0,6,44,0,50,30,0,30,80
10/31/2021,CRE,SC,ASO,ES,Federal Contract Tower,0,3,20,0,23,0,8,12,1,21,0,11,32,1,44,40,0,40,84
11/01/2021,CRE,SC,ASO,ES,Federal Contract Tower,0,0,8,0,8,0,0,33,3,36,0,0,41,3,44,26,0,26,70
11/02/2021,CRE,SC,ASO,ES,Federal Contract Tower,0,1,13,6,20,0,4,28,0,32,0,5,41,6,52,6,0,6,58
11/03/2021,CRE,SC,ASO,ES,Federal Contract Tower,0,5,10,0,15,0,8,18,0,26,0,13,28,0,41,0,0,0,41
11/04/2021,CRE,SC,ASO,ES,Federal Contract Tower,0,1,17,4,22,0,0,4,0,4,0,1,21,4,26,2,0,2,28
11/05/2021,CRE,SC,ASO,ES,Federal Contract Tower,0,2,22,1,25,0,2,16,1,19,0,4,38,2,44,10,0,10,54
11/06/2021,CRE,SC,ASO,ES,Federal Contract Tower,0,2,10,0,12,0,0,1,0,1,0,2,11,0,13,0,0,0,13
11/07/2021,CRE,SC,ASO,ES,Federal Contract Tower,0,2,12,0,14,0,0,4,0,4,0,2,16,0,18,0,0,0,18
11/08/2021,CRE,SC,ASO,ES,Federal Contract Tower,0,6,10,2,18,0,6,18,1,25,0,12,28,3,43,6,4,10,53
11/09/2021,CRE,SC,ASO,ES,Federal Contract Tower,0,3,9,2,14,0,0,17,0,17,0,3,26,2,31,18,0,18,49
11/10/2021,CRE,SC,ASO,ES,Federal Contract Tower,0,1,20,0,21,0,5,15,0,20,0,6,35,0,41,16,0,16,57
11/11/2021,CRE,SC,ASO,ES,Federal Contract Tower,0,2,16,0,18,0,0,10,2,12,0,2,26,2,30,24,0,24,54
11/12/2021,CRE,SC,ASO,ES,Federal Contract Tower,0,1,14,0,15,0,0,16,0,16,0,1,30,0,31,18,0,18,49
11/13/2021,CRE,SC,ASO,ES,Federal Contract Tower,0,0,24,0,24,0,8,22,0,30,0,8,46,0,54,26,0,26,80
11/14/2021,CRE,SC,ASO,ES,Federal Contract Tower,0,6,9,0,15,0,9,40,0,49,0,15,49,0,64,12,0,12,76
11/15/2021,CRE,SC,ASO,ES,Federal Contract Tower,0,1,13,2,16,0,4,22,2,28,0,5,35,4,44,10,0,10,54
11/16/2021,CRE,SC,ASO,ES,Federal Contract Tower,0,4,15,0,19,0,4,13,4,21,0,8,28,4,40,0,0,0,40
11/17/2021,CRE,SC,ASO,ES,Federal Contract Tower,0,3,14,0,17,0,0,13,0,13,0,3,27,0,30,10,0,10,40
11/18/2021,CRE,SC,ASO,ES,Federal Contract Tower,0,1,18,0,19,0,2,19,0,21,0,3,37,0,40,42,0,42,82
11/19/2021,CRE,SC,ASO,ES,Federal Contract Tower,0,0,17,0,17,0,0,14,0,14,0,0,31,0,31,0,0,0,31
11/20/2021,CRE,SC,ASO,ES,Federal Contract Tower,0,0,12,0,12,0,0,19,0,19,0,0,31,0,31,8,0,8,39
11/21/2021,CRE,SC,ASO,ES,Federal Contract Tower,0,4,11,0,15,0,12,17,0,29,0,16,28,0,44,8,0,8,52
11/22/2021,CRE,SC,ASO,ES,Federal Contract Tower,0,0,17,0,17,0,2,0,0,2,0,2,17,0,19,0,0,0,19
11/23/2021,CRE,SC,ASO,ES,Federal Contract Tower,0,0,9,0,9,0,2,10,0,12,0,2,19,0,21,0,0,0,21
11/24/2021,CRE,SC,ASO,ES,Federal Contract Tower,0,2,12,0,14,0,2,28,0,30,0,4,40,0,44,8,0,8,52
11/25/2021,CRE,SC,ASO,ES,Federal Contract Tower,0,2,6,0,8,0,0,13,0,13,0,2,19,0,21,0,0,0,21
11/26/2021,CRE,SC,ASO,ES,Federal Contract Tower,0,2,3,0,5,0,0,7,0,7,0,2,10,0,12,18,0,18,30
11/27/2021,CRE,SC,ASO,ES,Federal Contract Tower,0,0,10,0,10,0,6,23,0,29,0,6,33,0,39,2,0,2,41
11/28/2021,CRE,SC,ASO,ES,Federal Contract Tower,0,8,26,0,34,0,0,41,6,47,0,8,67,6,81,36,0,36,117
11/29/2021,CRE,SC,ASO,ES,Federal Contract Tower,0,1,15,6,22,0,0,16,10,26,0,1,31,16,48,12,38,50,98
11/30/2021,CRE,SC,ASO,ES,Federal Contract Tower,0,4,13,2,19,0,0,30,0,30,0,4,43,2,49,24,0,24,73
12/01/2021,CRE,SC,ASO,ES,Federal Contract Tower,0,2,11,4,17,0,0,14,3,17,0,2,25,7,34,4,0,4,38
12/02/2021,CRE,SC,ASO,ES,Federal Contract Tower,0,2,15,2,19,0,2,27,0,29,0,4,42,2,48,18,10,28,76
12/03/2021,CRE,SC,ASO,ES,Federal Contract Tower,0,2,14,0,16,0,0,30,0,30,0,2,44,0,46,4,0,4,50
12/04/2021,CRE,SC,ASO,ES,Federal Contract Tower,0,1,8,0,9,0,0,24,0,24,0,1,32,0,33,18,0,18,51
12/05/2021,CRE,SC,ASO,ES,Federal Contract Tower,0,2,22,2,26,0,0,13,4,17,0,2,35,6,43,14,0,14,57
12/06/2021,CRE,SC,ASO,ES,Federal Contract Tower,0,4,9,2,15,0,0,7,3,10,0,4,16,5,25,8,0,8,33
12/07/2021,CRE,SC,ASO,ES,Federal Contract Tower,0,1,14,0,15,0,0,2,4,6,0,1,16,4,21,0,0,0,21
12/08/2021,CRE,SC,ASO,ES,Federal Contract Tower,0,1,3,0,4,0,0,0,0,0,0,1,3,0,4,0,0,0,4
12/09/2021,CRE,SC,ASO,ES,Federal Contract Tower,0,4,19,3,26,0,2,14,1,17,0,6,33,4,43,16,0,16,59
12/10/2021,CRE,SC,ASO,ES,Federal Contract Tower,0,0,15,0,15,0,0,6,2,8,0,0,21,2,23,0,0,0,23
12/11/2021,CRE,SC,ASO,ES,Federal Contract Tower,0,0,10,0,10,0,0,7,0,7,0,0,17,0,17,0,0,0,17
12/12/2021,CRE,SC,ASO,ES,Federal Contract Tower,0,0,10,2,12,0,0,16,0,16,0,0,26,2,28,0,6,6,34
12/13/2021,CRE,SC,ASO,ES,Federal Contract Tower,0,0,10,0,10,0,2,22,0,24,0,2,32,0,34,4,0,4,38
12/14/2021,CRE,SC,ASO,ES,Federal Contract Tower,0,0,3,0,3,0,10,16,6,32,0,10,19,6,35,20,0,20,55
12/15/2021,CRE,SC,ASO,ES,Federal Contract Tower,0,4,22,0,26,0,0,13,0,13,0,4,35,0,39,26,0,26,65
12/16/2021,CRE,SC,ASO,ES,Federal Contract Tower,0,4,15,2,21,0,0,15,3,18,0,4,30,5,39,32,0,32,71
12/17/2021,CRE,SC,ASO,ES,Federal Contract Tower,0,0,13,2,15,0,0,16,0,16,0,0,29,2,31,30,0,30,61
12/18/2021,CRE,SC,ASO,ES,Federal Contract Tower,0,0,7,0,7,0,0,4,0,4,0,0,11,0,11,0,0,0,11
12/19/2021,CRE,SC,ASO,ES,Federal Contract Tower,0,2,8,0,10,0,0,0,0,0,0,2,8,0,10,0,0,0,10
12/20/2021,CRE,SC,ASO,ES,Federal Contract Tower,0,3,18,4,25,0,0,18,0,18,0,3,36,4,43,2,0,2,45
12/21/2021,CRE,SC,ASO,ES,Federal Contract Tower,0,0,2,0,2,0,0,0,0,0,0,0,2,0,2,0,0,0,2
12/22/2021,CRE,SC,ASO,ES,Federal Contract Tower,0,0,10,2,12,0,0,18,0,18,0,0,28,2,30,20,0,20,50
12/23/2021,CRE,SC,ASO,ES,Federal Contract Tower,0,0,6,0,6,0,0,28,0,28,0,0,34,0,34,4,0,4,38
12/24/2021,CRE,SC,ASO,ES,Federal Contract Tower,0,3,7,0,10,0,0,21,0,21,0,3,28,0,31,20,0,20,51
12/25/2021,CRE,SC,ASO,ES,Federal Contract Tower,0,3,2,0,5,0,0,1,0,1,0,3,3,0,6,0,0,0,6
12/26/2021,CRE,SC,ASO,ES,Federal Contract Tower,0,0,18,0,18,0,4,43,0,47,0,4,61,0,65,36,0,36,101
12/27/2021,CRE,SC,ASO,ES,Federal Contract Tower,0,0,10,1,11,0,4,15,2,21,0,4,25,3,32,36,0,36,68
12/28/2021,CRE,SC,ASO,ES,Federal Contract Tower,0,5,13,4,22,0,0,11,0,11,0,5,24,4,33,34,0,34,67
12/29/2021,CRE,SC,ASO,ES,Federal Contract Tower,0,0,10,0,10,0,2,9,0,11,0,2,19,0,21,12,0,12,33
12/30/2021,CRE,SC,ASO,ES,Federal Contract Tower,0,2,12,0,14,0,0,7,0,7,0,2,19,0,21,22,0,22,43
12/31/2021,CRE,SC,ASO,ES,Federal Contract Tower,0,2,27,0,29,0,10,14,0,24,0,12,41,0,53,16,0,16,69
01/01/2022,CRE,SC,ASO,ES,Federal Contract Tower,0,0,5,0,5,0,0,2,0,2,0,0,7,0,7,4,0,4,11
01/02/2022,CRE,SC,ASO,ES,Federal Contract Tower,0,0,11,0,11,0,8,7,0,15,0,8,18,0,26,4,0,4,30
01/03/2022,CRE,SC,ASO,ES,Federal Contract Tower,0,0,4,0,4,0,0,0,0,0,0,0,4,0,4,0,0,0,4
01/04/2022,CRE,SC,ASO,ES,Federal Contract Tower,0,3,16,0,19,0,2,24,0,26,0,5,40,0,45,32,0,32,77
01/05/2022,CRE,SC,ASO,ES,Federal Contract Tower,0,2,11,4,17,0,0,5,0,5,0,2,16,4,22,2,0,2,24
01/06/2022,CRE,SC,ASO,ES,Federal Contract Tower,0,0,12,4,16,0,2,18,0,20,0,2,30,4,36,10,0,10,46
01/07/2022,CRE,SC,ASO,ES,Federal Contract Tower,0,2,11,6,19,0,4,11,1,16,0,6,22,7,35,4,8,12,47
01/08/2022,CRE,SC,ASO,ES,Federal Contract Tower,0,0,23,0,23,0,2,21,0,23,0,2,44,0,46,12,0,12,58
01/09/2022,CRE,SC,ASO,ES,Federal Contract Tower,0,0,15,1,16,0,6,28,3,37,0,6,43,4,53,48,0,48,101
01/10/2022,CRE,SC,ASO,ES,Federal Contract Tower,0,0,9,0,9,0,0,4,0,4,0,0,13,0,13,10,0,10,23
01/11/2022,CRE,SC,ASO,ES,Federal Contract Tower,0,0,11,0,11,0,2,16,0,18,0,2,27,0,29,26,0,26,55
01/12/2022,CRE,SC,ASO,ES,Federal Contract Tower,0,2,15,2,19,0,0,18,0,18,0,2,33,2,37,12,0,12,49
01/13/2022,CRE,SC,ASO,ES,Federal Contract Tower,0,0,16,0,16,0,5,16,0,21,0,5,32,0,37,20,0,20,57
01/14/2022,CRE,SC,ASO,ES,Federal Contract Tower,0,1,11,8,20,0,2,6,0,8,0,3,17,8,28,2,0,2,30
01/15/2022,CRE,SC,ASO,ES,Federal Contract Tower,0,0,9,0,9,0,0,14,0,14,0,0,23,0,23,4,0,4,27
01/16/2022,CRE,SC,ASO,ES,Federal Contract Tower,0,0,1,0,1,0,0,0,0,0,0,0,1,0,1,0,0,0,1
01/17/2022,CRE,SC,ASO,ES,Federal Contract Tower,0,2,6,0,8,0,2,1,4,7,0,4,7,4,15,0,0,0,15
01/18/2022,CRE,SC,ASO,ES,Federal Contract Tower,0,1,22,0,23,0,0,18,0,18,0,1,40,0,41,36,0,36,77
01/19/2022,CRE,SC,ASO,ES,Federal Contract Tower,0,0,11,4,15,0,0,17,0,17,0,0,28,4,32,22,0,22,54
01/20/2022,CRE,SC,ASO,ES,Federal Contract Tower,0,4,6,6,16,0,0,8,0,8,0,4,14,6,24,14,0,14,38
01/21/2022,CRE,SC,ASO,ES,Federal Contract Tower,0,0,0,0,0,0,0,0,0,0,0,0,0,0,0,0,0,0,0
01/22/2022,CRE,SC,ASO,ES,Federal Contract Tower,0,0,6,0,6,0,0,1,0,1,0,0,7,0,7,0,0,0,7
01/23/2022,CRE,SC,ASO,ES,Federal Contract Tower,0,0,16,4,20,0,0,20,6,26,0,0,36,10,46,18,0,18,64
01/24/2022,CRE,SC,ASO,ES,Federal Contract Tower,0,0,23,5,28,0,1,16,0,17,0,1,39,5,45,18,0,18,63
01/25/2022,CRE,SC,ASO,ES,Federal Contract Tower,0,4,6,2,12,0,0,12,0,12,0,4,18,2,24,18,2,20,44
01/26/2022,CRE,SC,ASO,ES,Federal Contract Tower,0,0,16,0,16,0,0,6,5,11,0,0,22,5,27,4,0,4,31
01/27/2022,CRE,SC,ASO,ES,Federal Contract Tower,0,0,20,2,22,0,0,22,10,32,0,0,42,12,54,0,0,0,54
01/28/2022,CRE,SC,ASO,ES,Federal Contract Tower,0,0,6,4,10,0,4,13,8,25,0,4,19,12,35,34,8,42,77
01/29/2022,CRE,SC,ASO,ES,Federal Contract Tower,0,0,2,0,2,0,0,11,0,11,0,0,13,0,13,0,0,0,13
01/30/2022,CRE,SC,ASO,ES,Federal Contract Tower,0,2,14,0,16,0,0,11,0,11,0,2,25,0,27,0,0,0,27
01/31/2022,CRE,SC,ASO,ES,Federal Contract Tower,0,4,8,4,16,0,0,20,2,22,0,4,28,6,38,6,0,6,44
02/01/2022,CRE,SC,ASO,ES,Federal Contract Tower,0,0,19,2,21,0,0,19,1,20,0,0,38,3,41,30,0,30,71
02/02/2022,CRE,SC,ASO,ES,Federal Contract Tower,0,0,15,1,16,0,1,21,0,22,0,1,36,1,38,2,0,2,40
02/03/2022,CRE,SC,ASO,ES,Federal Contract Tower,0,2,6,0,8,0,0,5,0,5,0,2,11,0,13,10,0,10,23
02/04/2022,CRE,SC,ASO,ES,Federal Contract Tower,0,0,7,0,7,0,0,1,0,1,0,0,8,0,8,0,0,0,8
02/05/2022,CRE,SC,ASO,ES,Federal Contract Tower,0,0,10,0,10,0,0,10,0,10,0,0,20,0,20,8,0,8,28
02/06/2022,CRE,SC,ASO,ES,Federal Contract Tower,0,2,19,1,22,0,4,16,1,21,0,6,35,2,43,34,0,34,77
02/07/2022,CRE,SC,ASO,ES,Federal Contract Tower,0,4,4,0,8,0,0,0,0,0,0,4,4,0,8,0,0,0,8
02/08/2022,CRE,SC,ASO,ES,Federal Contract Tower,0,2,9,3,14,0,0,3,5,8,0,2,12,8,22,0,0,0,22
02/09/2022,CRE,SC,ASO,ES,Federal Contract Tower,0,0,12,2,14,0,0,45,0,45,0,0,57,2,59,20,0,20,79
02/10/2022,CRE,SC,ASO,ES,Federal Contract Tower,0,0,15,0,15,0,2,24,3,29,0,2,39,3,44,14,0,14,58
02/11/2022,CRE,SC,ASO,ES,Federal Contract Tower,0,3,16,4,23,0,4,33,0,37,0,7,49,4,60,32,0,32,92
02/12/2022,CRE,SC,ASO,ES,Federal Contract Tower,0,1,14,0,15,0,4,31,0,35,0,5,45,0,50,20,0,20,70
02/13/2022,CRE,SC,ASO,ES,Federal Contract Tower,0,2,10,0,12,0,4,1,0,5,0,6,11,0,17,10,0,10,27
02/14/2022,CRE,SC,ASO,ES,Federal Contract Tower,0,0,19,2,21,0,4,22,0,26,0,4,41,2,47,0,0,0,47
02/15/2022,CRE,SC,ASO,ES,Federal Contract Tower,0,2,22,0,24,0,0,27,1,28,0,2,49,1,52,16,0,16,68
02/16/2022,CRE,SC,ASO,ES,Federal Contract Tower,0,0,17,0,17,0,0,26,0,26,0,0,43,0,43,40,0,40,83
02/17/2022,CRE,SC,ASO,ES,Federal Contract Tower,0,1,11,0,12,0,6,14,0,20,0,7,25,0,32,24,0,24,56
02/18/2022,CRE,SC,ASO,ES,Federal Contract Tower,0,1,11,0,12,0,1,6,0,7,0,2,17,0,19,2,0,2,21
02/19/2022,CRE,SC,ASO,ES,Federal Contract Tower,0,1,6,0,7,0,0,22,0,22,0,1,28,0,29,22,0,22,51
02/20/2022,CRE,SC,ASO,ES,Federal Contract Tower,0,1,31,0,32,0,10,39,0,49,0,11,70,0,81,32,0,32,113
02/21/2022,CRE,SC,ASO,ES,Federal Contract Tower,0,2,25,0,27,0,4,24,0,28,0,6,49,0,55,22,0,22,77
02/22/2022,CRE,SC,ASO,ES,Federal Contract Tower,0,0,11,4,15,0,4,20,5,29,0,4,31,9,44,14,0,14,58
02/23/2022,CRE,SC,ASO,ES,Federal Contract Tower,0,4,15,0,19,0,2,7,6,15,0,6,22,6,34,24,12,36,70
02/24/2022,CRE,SC,ASO,ES,Federal Contract Tower,0,2,11,0,13,0,8,10,0,18,0,10,21,0,31,0,0,0,31
02/25/2022,CRE,SC,ASO,ES,Federal Contract Tower,0,0,11,1,12,0,0,10,1,11,0,0,21,2,23,4,0,4,27
02/26/2022,CRE,SC,ASO,ES,Federal Contract Tower,0,0,15,0,15,0,6,13,0,19,0,6,28,0,34,4,0,4,38
02/27/2022,CRE,SC,ASO,ES,Federal Contract Tower,0,0,13,0,13,0,4,3,0,7,0,4,16,0,20,18,0,18,38
02/28/2022,CRE,SC,ASO,ES,Federal Contract Tower,0,0,13,4,17,0,4,20,0,24,0,4,33,4,41,20,0,20,61
03/01/2022,CRE,SC,ASO,ES,Federal Contract Tower,0,0,7,4,11,0,0,21,0,21,0,0,28,4,32,16,12,28,60
03/02/2022,CRE,SC,ASO,ES,Federal Contract Tower,0,1,21,2,24,0,0,19,3,22,0,1,40,5,46,4,0,4,50
03/03/2022,CRE,SC,ASO,ES,Federal Contract Tower,0,3,16,0,19,0,0,36,0,36,0,3,52,0,55,90,0,90,145
03/04/2022,CRE,SC,ASO,ES,Federal Contract Tower,0,1,15,0,16,0,6,7,0,13,0,7,22,0,29,0,0,0,29
03/05/2022,CRE,SC,ASO,ES,Federal Contract Tower,0,3,10,0,13,0,8,17,0,25,0,11,27,0,38,6,0,6,44
03/06/2022,CRE,SC,ASO,ES,Federal Contract Tower,0,1,28,0,29,0,6,18,2,26,0,7,46,2,55,24,0,24,79
03/07/2022,CRE,SC,ASO,ES,Federal Contract Tower,0,1,9,0,10,0,12,6,8,26,0,13,15,8,36,24,16,40,76
03/08/2022,CRE,SC,ASO,ES,Federal Contract Tower,0,0,19,3,22,0,4,6,6,16,0,4,25,9,38,8,8,16,54
03/09/2022,CRE,SC,ASO,ES,Federal Contract Tower,0,0,2,1,3,0,0,0,1,1,0,0,2,2,4,0,0,0,4
03/10/2022,CRE,SC,ASO,ES,Federal Contract Tower,0,2,8,0,10,0,0,2,0,2,0,2,10,0,12,6,0,6,18
03/11/2022,CRE,SC,ASO,ES,Federal Contract Tower,0,0,10,0,10,0,5,0,0,5,0,5,10,0,15,0,0,0,15
03/12/2022,CRE,SC,ASO,ES,Federal Contract Tower,0,0,2,0,2,0,0,0,2,2,0,0,2,2,4,0,0,0,4
03/13/2022,CRE,SC,ASO,ES,Federal Contract Tower,0,3,10,0,13,0,14,24,0,38,0,17,34,0,51,34,0,34,85
03/14/2022,CRE,SC,ASO,ES,Federal Contract Tower,0,1,29,0,30,0,18,35,0,53,0,19,64,0,83,10,0,10,93
03/15/2022,CRE,SC,ASO,ES,Federal Contract Tower,0,0,13,2,15,0,2,22,0,24,0,2,35,2,39,20,0,20,59
03/16/2022,CRE,SC,ASO,ES,Federal Contract Tower,0,0,9,0,9,0,0,3,0,3,0,0,12,0,12,8,0,8,20
03/17/2022,CRE,SC,ASO,ES,Federal Contract Tower,0,2,24,2,28,0,8,11,4,23,0,10,35,6,51,18,0,18,69
03/18/2022,CRE,SC,ASO,ES,Federal Contract Tower,0,1,20,6,27,0,58,36,4,98,0,59,56,10,125,46,0,46,171
03/19/2022,CRE,SC,ASO,ES,Federal Contract Tower,0,0,8,0,8,0,18,5,0,23,0,18,13,0,31,24,2,26,57
03/20/2022,CRE,SC,ASO,ES,Federal Contract Tower,0,0,36,0,36,0,12,21,4,37,0,12,57,4,73,42,2,44,117
03/21/2022,CRE,SC,ASO,ES,Federal Contract Tower,0,0,16,2,18,0,0,29,0,29,0,0,45,2,47,62,0,62,109
03/22/2022,CRE,SC,ASO,ES,Federal Contract Tower,0,2,18,6,26,0,4,25,2,31,0,6,43,8,57,6,0,6,63
03/23/2022,CRE,SC,ASO,ES,Federal Contract Tower,0,2,7,15,24,0,8,10,1,19,0,10,17,16,43,28,4,32,75
03/24/2022,CRE,SC,ASO,ES,Federal Contract Tower,0,0,4,0,4,0,0,0,0,0,0,0,4,0,4,0,0,0,4
03/25/2022,CRE,SC,ASO,ES,Federal Contract Tower,0,2,24,7,33,0,10,23,0,33,0,12,47,7,66,30,2,32,98
03/26/2022,CRE,SC,ASO,ES,Federal Contract Tower,0,5,9,0,14,0,9,15,0,24,0,14,24,0,38,22,0,22,60
03/27/2022,CRE,SC,ASO,ES,Federal Contract Tower,0,3,14,0,17,0,9,17,0,26,0,12,31,0,43,34,0,34,77
03/28/2022,CRE,SC,ASO,ES,Federal Contract Tower,0,1,14,4,19,0,2,25,2,29,0,3,39,6,48,20,0,20,68
03/29/2022,CRE,SC,ASO,ES,Federal Contract Tower,0,1,14,4,19,0,6,40,0,46,0,7,54,4,65,42,0,42,107
03/30/2022,CRE,SC,ASO,ES,Federal Contract Tower,0,0,12,1,13,0,2,11,1,14,0,2,23,2,27,16,0,16,43
03/31/2022,CRE,SC,ASO,ES,Federal Contract Tower,0,0,9,1,10,0,0,0,0,0,0,0,9,1,10,0,0,0,10
04/01/2022,CRE,SC,ASO,ES,Federal Contract Tower,0,2,12,0,14,0,26,38,0,64,0,28,50,0,78,36,0,36,114
04/02/2022,CRE,SC,ASO,ES,Federal Contract Tower,0,1,14,0,15,0,20,52,0,72,0,21,66,0,87,36,0,36,123
04/03/2022,CRE,SC,ASO,ES,Federal Contract Tower,0,3,14,0,17,0,10,53,0,63,0,13,67,0,80,56,0,56,136
04/04/2022,CRE,SC,ASO,ES,Federal Contract Tower,0,0,17,4,21,0,12,33,0,45,0,12,50,4,66,24,0,24,90
04/05/2022,CRE,SC,ASO,ES,Federal Contract Tower,0,0,16,4,20,0,18,6,0,24,0,18,22,4,44,30,0,30,74
04/06/2022,CRE,SC,ASO,ES,Federal Contract Tower,0,2,11,6,19,0,20,17,1,38,0,22,28,7,57,38,0,38,95
04/07/2022,CRE,SC,ASO,ES,Federal Contract Tower,0,2,13,8,23,0,14,6,9,29,0,16,19,17,52,14,0,14,66
04/08/2022,CRE,SC,ASO,ES,Federal Contract Tower,0,2,24,0,26,0,40,50,0,90,0,42,74,0,116,76,0,76,192
04/09/2022,CRE,SC,ASO,ES,Federal Contract Tower,0,2,25,0,27,0,12,15,0,27,0,14,40,0,54,0,0,0,54
04/10/2022,CRE,SC,ASO,ES,Federal Contract Tower,0,4,24,0,28,0,14,38,1,53,0,18,62,1,81,32,2,34,115
04/11/2022,CRE,SC,ASO,ES,Federal Contract Tower,0,4,20,0,24,0,14,45,2,61,0,18,65,2,85,82,0,82,167
04/12/2022,CRE,SC,ASO,ES,Federal Contract Tower,0,3,25,2,30,0,18,35,4,57,0,21,60,6,87,26,0,26,113
04/13/2022,CRE,SC,ASO,ES,Federal Contract Tower,0,2,21,2,25,0,24,40,0,64,0,26,61,2,89,32,0,32,121
04/14/2022,CRE,SC,ASO,ES,Federal Contract Tower,0,2,20,4,26,0,12,27,5,44,0,14,47,9,70,44,26,70,140
04/15/2022,CRE,SC,ASO,ES,Federal Contract Tower,0,0,20,2,22,0,32,22,0,54,0,32,42,2,76,52,0,52,128
04/16/2022,CRE,SC,ASO,ES,Federal Contract Tower,0,0,7,0,7,0,16,16,0,32,0,16,23,0,39,64,0,64,103
04/17/2022,CRE,SC,ASO,ES,Federal Contract Tower,0,0,17,0,17,0,34,19,0,53,0,34,36,0,70,92,0,92,162
04/18/2022,CRE,SC,ASO,ES,Federal Contract Tower,0,0,7,4,11,0,0,0,0,0,0,0,7,4,11,0,0,0,11
04/19/2022,CRE,SC,ASO,ES,Federal Contract Tower,0,5,25,0,30,0,8,27,1,36,0,13,52,1,66,72,0,72,138
04/20/2022,CRE,SC,ASO,ES,Federal Contract Tower,0,1,14,0,15,0,46,46,2,94,0,47,60,2,109,50,2,52,161
04/21/2022,CRE,SC,ASO,ES,Federal Contract Tower,0,0,12,1,13,0,18,28,3,49,0,18,40,4,62,36,0,36,98
04/22/2022,CRE,SC,ASO,ES,Federal Contract Tower,0,1,31,0,32,0,14,36,1,51,0,15,67,1,83,64,0,64,147
04/23/2022,CRE,SC,ASO,ES,Federal Contract Tower,0,1,17,0,18,0,44,45,3,92,0,45,62,3,110,54,0,54,164
04/24/2022,CRE,SC,ASO,ES,Federal Contract Tower,0,4,18,0,22,0,18,50,1,69,0,22,68,1,91,48,0,48,139
04/25/2022,CRE,SC,ASO,ES,Federal Contract Tower,0,2,18,4,24,0,0,30,0,30,0,2,48,4,54,20,12,32,86
04/26/2022,CRE,SC,ASO,ES,Federal Contract Tower,0,1,18,2,21,0,25,16,0,41,0,26,34,2,62,10,8,18,80
04/27/2022,CRE,SC,ASO,ES,Federal Contract Tower,0,4,12,1,17,0,12,16,0,28,0,16,28,1,45,16,6,22,67
04/28/2022,CRE,SC,ASO,ES,Federal Contract Tower,0,1,15,3,19,0,24,29,4,57,0,25,44,7,76,36,22,58,134
04/29/2022,CRE,SC,ASO,ES,Federal Contract Tower,0,4,25,3,32,0,4,36,1,41,0,8,61,4,73,88,0,88,161
04/30/2022,CRE,SC,ASO,ES,Federal Contract Tower,0,0,15,0,15,0,36,31,0,67,0,36,46,0,82,38,0,38,120
05/01/2022,CRE,SC,ASO,ES,Federal Contract Tower,0,0,21,0,21,0,18,34,0,52,0,18,55,0,73,58,0,58,131
05/02/2022,CRE,SC,ASO,ES,Federal Contract Tower,0,2,18,0,20,0,24,13,0,37,0,26,31,0,57,46,0,46,103
05/03/2022,CRE,SC,ASO,ES,Federal Contract Tower,0,2,18,0,20,0,16,17,0,33,0,18,35,0,53,18,0,18,71
05/04/2022,CRE,SC,ASO,ES,Federal Contract Tower,0,1,27,9,37,0,6,24,1,31,0,7,51,10,68,16,0,16,84
05/05/2022,CRE,SC,ASO,ES,Federal Contract Tower,0,0,26,0,26,0,22,30,2,54,0,22,56,2,80,70,0,70,150
05/06/2022,CRE,SC,ASO,ES,Federal Contract Tower,0,2,18,0,20,0,14,10,0,24,0,16,28,0,44,34,0,34,78
05/07/2022,CRE,SC,ASO,ES,Federal Contract Tower,0,0,9,0,9,0,34,18,0,52,0,34,27,0,61,36,0,36,97
05/08/2022,CRE,SC,ASO,ES,Federal Contract Tower,0,0,13,0,13,0,14,7,0,21,0,14,20,0,34,24,0,24,58
05/09/2022,CRE,SC,ASO,ES,Federal Contract Tower,0,0,19,2,21,0,10,23,8,41,0,10,42,10,62,10,0,10,72
05/10/2022,CRE,SC,ASO,ES,Federal Contract Tower,0,0,14,1,15,0,3,9,5,17,0,3,23,6,32,16,0,16,48
05/11/2022,CRE,SC,ASO,ES,Federal Contract Tower,0,3,17,0,20,0,21,21,2,44,0,24,38,2,64,12,0,12,76
05/12/2022,CRE,SC,ASO,ES,Federal Contract Tower,0,3,11,0,14,0,0,0,0,0,0,3,11,0,14,0,0,0,14
05/13/2022,CRE,SC,ASO,ES,Federal Contract Tower,0,1,26,0,27,0,22,7,0,29,0,23,33,0,56,34,0,34,90
05/14/2022,CRE,SC,ASO,ES,Federal Contract Tower,0,2,14,0,16,0,35,32,0,67,0,37,46,0,83,82,0,82,165
05/15/2022,CRE,SC,ASO,ES,Federal Contract Tower,0,5,21,0,26,0,11,25,4,40,0,16,46,4,66,40,0,40,106
05/16/2022,CRE,SC,ASO,ES,Federal Contract Tower,0,3,22,0,25,0,6,21,4,31,0,9,43,4,56,66,0,66,122
05/17/2022,CRE,SC,ASO,ES,Federal Contract Tower,0,2,25,0,27,0,24,37,1,62,0,26,62,1,89,22,0,22,111
05/18/2022,CRE,SC,ASO,ES,Federal Contract Tower,0,2,18,2,22,0,34,33,0,67,0,36,51,2,89,20,12,32,121
05/19/2022,CRE,SC,ASO,ES,Federal Contract Tower,0,3,15,0,18,0,18,47,2,67,0,21,62,2,85,40,0,40,125
05/20/2022,CRE,SC,ASO,ES,Federal Contract Tower,0,1,16,2,19,0,23,34,0,57,0,24,50,2,76,58,0,58,134
05/21/2022,CRE,SC,ASO,ES,Federal Contract Tower,0,1,12,0,13,0,13,24,0,37,0,14,36,0,50,40,0,40,90
05/22/2022,CRE,SC,ASO,ES,Federal Contract Tower,0,3,18,0,21,0,10,28,0,38,0,13,46,0,59,56,0,56,115
05/23/2022,CRE,SC,ASO,ES,Federal Contract Tower,0,2,11,1,14,0,3,12,1,16,0,5,23,2,30,28,0,28,58
05/24/2022,CRE,SC,ASO,ES,Federal Contract Tower,0,2,9,0,11,0,2,10,4,16,0,4,19,4,27,52,0,52,79
05/25/2022,CRE,SC,ASO,ES,Federal Contract Tower,0,0,10,2,12,0,14,16,4,34,0,14,26,6,46,26,2,28,74
05/26/2022,CRE,SC,ASO,ES,Federal Contract Tower,0,0,22,6,28,0,2,11,0,13,0,2,33,6,41,22,0,22,63
05/27/2022,CRE,SC,ASO,ES,Federal Contract Tower,0,0,8,0,8,0,0,6,2,8,0,0,14,2,16,16,0,16,32
05/28/2022,CRE,SC,ASO,ES,Federal Contract Tower,0,0,22,0,22,0,16,18,0,34,0,16,40,0,56,28,0,28,84
05/29/2022,CRE,SC,ASO,ES,Federal Contract Tower,0,0,9,0,9,0,22,30,2,54,0,22,39,2,63,10,0,10,73
05/30/2022,CRE,SC,ASO,ES,Federal Contract Tower,0,0,18,0,18,0,31,24,0,55,0,31,42,0,73,40,0,40,113
05/31/2022,CRE,SC,ASO,ES,Federal Contract Tower,0,0,18,2,20,0,17,22,0,39,0,17,40,2,59,4,0,4,63
06/01/2022,CRE,SC,ASO,ES,Federal Contract Tower,0,1,16,2,19,0,12,18,0,30,0,13,34,2,49,52,2,54,103
06/02/2022,CRE,SC,ASO,ES,Federal Contract Tower,0,0,27,4,31,0,10,30,4,44,0,10,57,8,75,28,4,32,107
06/03/2022,CRE,SC,ASO,ES,Federal Contract Tower,0,2,12,1,15,0,8,20,1,29,0,10,32,2,44,28,0,28,72
06/04/2022,CRE,SC,ASO,ES,Federal Contract Tower,0,2,8,0,10,0,2,18,0,20,0,4,26,0,30,36,0,36,66
06/05/2022,CRE,SC,ASO,ES,Federal Contract Tower,0,0,19,0,19,0,40,30,2,72,0,40,49,2,91,52,0,52,143
06/06/2022,CRE,SC,ASO,ES,Federal Contract Tower,0,0,11,0,11,0,5,35,2,42,0,5,46,2,53,40,0,40,93
06/07/2022,CRE,SC,ASO,ES,Federal Contract Tower,0,4,9,0,13,0,20,35,2,57,0,24,44,2,70,30,0,30,100
06/08/2022,CRE,SC,ASO,ES,Federal Contract Tower,0,0,13,0,13,0,28,25,0,53,0,28,38,0,66,28,0,28,94
06/09/2022,CRE,SC,ASO,ES,Federal Contract Tower,0,0,28,0,28,0,31,31,1,63,0,31,59,1,91,34,0,34,125
06/10/2022,CRE,SC,ASO,ES,Federal Contract Tower,0,1,26,0,27,0,35,38,0,73,0,36,64,0,100,58,0,58,158
06/11/2022,CRE,SC,ASO,ES,Federal Contract Tower,0,3,21,0,24,0,30,31,0,61,0,33,52,0,85,60,0,60,145
06/12/2022,CRE,SC,ASO,ES,Federal Contract Tower,0,0,22,0,22,0,12,15,0,27,0,12,37,0,49,40,0,40,89
06/13/2022,CRE,SC,ASO,ES,Federal Contract Tower,0,0,11,0,11,0,12,20,0,32,0,12,31,0,43,34,0,34,77
06/14/2022,CRE,SC,ASO,ES,Federal Contract Tower,0,0,6,0,6,0,24,36,0,60,0,24,42,0,66,38,0,38,104
06/15/2022,CRE,SC,ASO,ES,Federal Contract Tower,0,0,21,2,23,0,42,54,0,96,0,42,75,2,119,72,0,72,191
06/16/2022,CRE,SC,ASO,ES,Federal Contract Tower,0,2,8,0,10,0,42,38,0,80,0,44,46,0,90,32,0,32,122
06/17/2022,CRE,SC,ASO,ES,Federal Contract Tower,0,1,10,4,15,0,26,41,2,69,0,27,51,6,84,54,16,70,154
06/18/2022,CRE,SC,ASO,ES,Federal Contract Tower,0,3,20,0,23,0,34,54,0,88,0,37,74,0,111,74,0,74,185
06/19/2022,CRE,SC,ASO,ES,Federal Contract Tower,0,0,14,0,14,0,30,62,0,92,0,30,76,0,106,90,0,90,196
06/20/2022,CRE,SC,ASO,ES,Federal Contract Tower,0,0,22,0,22,0,10,41,0,51,0,10,63,0,73,68,0,68,141
06/21/2022,CRE,SC,ASO,ES,Federal Contract Tower,0,0,7,2,9,0,14,38,8,60,0,14,45,10,69,72,0,72,141
06/22/2022,CRE,SC,ASO,ES,Federal Contract Tower,0,2,20,2,24,0,28,40,0,68,0,30,60,2,92,38,0,38,130
06/23/2022,CRE,SC,ASO,ES,Federal Contract Tower,0,1,17,8,26,0,41,41,0,82,0,42,58,8,108,68,18,86,194
06/24/2022,CRE,SC,ASO,ES,Federal Contract Tower,0,5,20,2,27,0,36,44,0,80,0,41,64,2,107,118,0,118,225
06/25/2022,CRE,SC,ASO,ES,Federal Contract Tower,0,3,11,0,14,0,52,34,0,86,0,55,45,0,100,38,0,38,138
06/26/2022,CRE,SC,ASO,ES,Federal Contract Tower,0,2,21,0,23,0,15,26,0,41,0,17,47,0,64,76,0,76,140
06/27/2022,CRE,SC,ASO,ES,Federal Contract Tower,0,2,15,2,19,0,4,33,0,37,0,6,48,2,56,76,10,86,142
06/28/2022,CRE,SC,ASO,ES,Federal Contract Tower,0,0,20,0,20,0,12,0,2,14,0,12,20,2,34,0,0,0,34
06/29/2022,CRE,SC,ASO,ES,Federal Contract Tower,0,0,7,0,7,0,8,21,0,29,0,8,28,0,36,46,2,48,84
06/30/2022,CRE,SC,ASO,ES,Federal Contract Tower,0,0,18,0,18,0,2,28,0,30,0,2,46,0,48,60,0,60,108
07/01/2022,CRE,SC,ASO,ES,Federal Contract Tower,0,0,9,0,9,0,0,9,0,9,0,0,18,0,18,0,0,0,18
07/02/2022,CRE,SC,ASO,ES,Federal Contract Tower,0,3,17,0,20,0,24,1,0,25,0,27,18,0,45,4,0,4,49
07/03/2022,CRE,SC,ASO,ES,Federal Contract Tower,0,2,7,0,9,0,39,43,0,82,0,41,50,0,91,76,0,76,167
07/04/2022,CRE,SC,ASO,ES,Federal Contract Tower,0,0,1,0,1,0,4,10,0,14,0,4,11,0,15,36,6,42,57
07/05/2022,CRE,SC,ASO,ES,Federal Contract Tower,0,2,14,0,16,0,42,31,4,77,0,44,45,4,93,46,0,46,139
07/06/2022,CRE,SC,ASO,ES,Federal Contract Tower,0,4,8,0,12,0,14,40,2,56,0,18,48,2,68,36,0,36,104
07/07/2022,CRE,SC,ASO,ES,Federal Contract Tower,0,7,19,0,26,0,18,36,2,56,0,25,55,2,82,68,0,68,150
07/08/2022,CRE,SC,ASO,ES,Federal Contract Tower,0,0,30,6,36,0,2,16,0,18,0,2,46,6,54,42,0,42,96
07/09/2022,CRE,SC,ASO,ES,Federal Contract Tower,0,2,16,0,18,0,2,27,0,29,0,4,43,0,47,44,0,44,91
07/10/2022,CRE,SC,ASO,ES,Federal Contract Tower,0,3,13,0,16,0,2,13,0,15,0,5,26,0,31,38,0,38,69
07/11/2022,CRE,SC,ASO,ES,Federal Contract Tower,0,6,12,4,22,0,0,20,0,20,0,6,32,4,42,44,0,44,86
07/12/2022,CRE,SC,ASO,ES,Federal Contract Tower,0,1,17,0,18,0,14,26,2,42,0,15,43,2,60,28,0,28,88
07/13/2022,CRE,SC,ASO,ES,Federal Contract Tower,0,0,31,0,31,0,42,26,0,68,0,42,57,0,99,60,0,60,159
07/14/2022,CRE,SC,ASO,ES,Federal Contract Tower,0,0,17,4,21,0,6,26,0,32,0,6,43,4,53,66,0,66,119
07/15/2022,CRE,SC,ASO,ES,Federal Contract Tower,0,0,11,4,15,0,0,6,0,6,0,0,17,4,21,0,0,0,21
07/16/2022,CRE,SC,ASO,ES,Federal Contract Tower,0,0,15,0,15,0,39,21,0,60,0,39,36,0,75,80,0,80,155
07/17/2022,CRE,SC,ASO,ES,Federal Contract Tower,0,2,10,0,12,0,11,32,0,43,0,13,42,0,55,128,0,128,183
07/18/2022,CRE,SC,ASO,ES,Federal Contract Tower,0,0,13,2,15,0,0,11,0,11,0,0,24,2,26,47,0,47,73
07/19/2022,CRE,SC,ASO,ES,Federal Contract Tower,0,6,14,8,28,0,0,31,2,33,0,6,45,10,61,44,12,56,117
07/20/2022,CRE,SC,ASO,ES,Federal Contract Tower,0,4,18,2,24,0,10,30,0,40,0,14,48,2,64,44,0,44,108
07/21/2022,CRE,SC,ASO,ES,Federal Contract Tower,0,0,27,6,33,0,0,24,0,24,0,0,51,6,57,44,2,46,103
07/22/2022,CRE,SC,ASO,ES,Federal Contract Tower,0,3,13,0,16,0,0,22,0,22,0,3,35,0,38,20,0,20,58
07/23/2022,CRE,SC,ASO,ES,Federal Contract Tower,0,2,19,0,21,0,0,14,0,14,0,2,33,0,35,14,0,14,49
07/24/2022,CRE,SC,ASO,ES,Federal Contract Tower,0,0,30,0,30,0,1,27,0,28,0,1,57,0,58,48,0,48,106
07/25/2022,CRE,SC,ASO,ES,Federal Contract Tower,0,1,12,14,27,0,3,11,1,15,0,4,23,15,42,32,0,32,74
07/26/2022,CRE,SC,ASO,ES,Federal Contract Tower,0,0,9,6,15,0,0,31,0,31,0,0,40,6,46,82,0,82,128
07/27/2022,CRE,SC,ASO,ES,Federal Contract Tower,0,5,16,6,27,0,6,28,0,34,0,11,44,6,61,76,0,76,137
07/28/2022,CRE,SC,ASO,ES,Federal Contract Tower,0,0,14,15,29,0,2,34,4,40,0,2,48,19,69,46,0,46,115
07/29/2022,CRE,SC,ASO,ES,Federal Contract Tower,0,1,26,4,31,0,10,46,0,56,0,11,72,4,87,54,0,54,141
07/30/2022,CRE,SC,ASO,ES,Federal Contract Tower,0,0,13,0,13,0,0,34,0,34,0,0,47,0,47,30,0,30,77
07/31/2022,CRE,SC,ASO,ES,Federal Contract Tower,0,0,12,0,12,0,0,31,0,31,0,0,43,0,43,38,0,38,81
08/01/2022,CRE,SC,ASO,ES,Federal Contract Tower,0,2,12,2,16,0,24,25,0,49,0,26,37,2,65,66,16,82,147
08/02/2022,CRE,SC,ASO,ES,Federal Contract Tower,0,2,12,0,14,0,48,51,1,100,0,50,63,1,114,50,0,50,164
08/03/2022,CRE,SC,ASO,ES,Federal Contract Tower,0,0,15,2,17,0,50,48,2,100,0,50,63,4,117,52,0,52,169
08/04/2022,CRE,SC,ASO,ES,Federal Contract Tower,0,2,16,2,20,0,34,39,1,74,0,36,55,3,94,54,0,54,148
08/05/2022,CRE,SC,ASO,ES,Federal Contract Tower,0,10,22,0,32,0,27,50,1,78,0,37,72,1,110,104,0,104,214
08/06/2022,CRE,SC,ASO,ES,Federal Contract Tower,0,3,10,0,13,0,32,31,10,73,0,35,41,10,86,60,0,60,146
08/07/2022,CRE,SC,ASO,ES,Federal Contract Tower,0,4,28,0,32,0,43,41,0,84,0,47,69,0,116,68,0,68,184
08/08/2022,CRE,SC,ASO,ES,Federal Contract Tower,0,2,6,3,11,0,16,27,1,44,0,18,33,4,55,54,6,60,115
08/09/2022,CRE,SC,ASO,ES,Federal Contract Tower,0,0,8,0,8,0,43,43,2,88,0,43,51,2,96,38,0,38,134
08/10/2022,CRE,SC,ASO,ES,Federal Contract Tower,0,2,10,1,13,0,36,40,2,78,0,38,50,3,91,46,0,46,137
08/11/2022,CRE,SC,ASO,ES,Federal Contract Tower,0,4,14,1,19,0,40,33,2,75,0,44,47,3,94,58,10,68,162
08/12/2022,CRE,SC,ASO,ES,Federal Contract Tower,0,5,13,2,20,0,12,17,0,29,0,17,30,2,49,38,0,38,87
08/13/2022,CRE,SC,ASO,ES,Federal Contract Tower,0,3,23,0,26,0,70,42,0,112,0,73,65,0,138,74,0,74,212
08/14/2022,CRE,SC,ASO,ES,Federal Contract Tower,0,3,13,0,16,0,21,26,0,47,0,24,39,0,63,110,0,110,173
08/15/2022,CRE,SC,ASO,ES,Federal Contract Tower,0,4,5,8,17,0,36,18,0,54,0,40,23,8,71,92,12,104,175
08/16/2022,CRE,SC,ASO,ES,Federal Contract Tower,0,0,16,4,20,0,8,8,0,16,0,8,24,4,36,36,0,36,72
08/17/2022,CRE,SC,ASO,ES,Federal Contract Tower,0,1,20,0,21,0,4,30,0,34,0,5,50,0,55,74,0,74,129
08/18/2022,CRE,SC,ASO,ES,Federal Contract Tower,0,0,15,0,15,0,22,34,0,56,0,22,49,0,71,80,0,80,151
08/19/2022,CRE,SC,ASO,ES,Federal Contract Tower,0,1,3,0,4,0,2,1,1,4,0,3,4,1,8,0,0,0,8
08/20/2022,CRE,SC,ASO,ES,Federal Contract Tower,0,3,16,0,19,0,22,24,0,46,0,25,40,0,65,44,0,44,109
08/21/2022,CRE,SC,ASO,ES,Federal Contract Tower,0,3,24,0,27,0,16,11,0,27,0,19,35,0,54,28,0,28,82
08/22/2022,CRE,SC,ASO,ES,Federal Contract Tower,0,1,8,2,11,0,34,18,0,52,0,35,26,2,63,56,0,56,119
08/23/2022,CRE,SC,ASO,ES,Federal Contract Tower,0,4,7,3,14,0,22,16,3,41,0,26,23,6,55,24,0,24,79
08/24/2022,CRE,SC,ASO,ES,Federal Contract Tower,0,3,14,5,22,0,34,50,2,86,0,37,64,7,108,74,0,74,182
08/25/2022,CRE,SC,ASO,ES,Federal Contract Tower,0,0,20,0,20,0,46,32,0,78,0,46,52,0,98,60,0,60,158
08/26/2022,CRE,SC,ASO,ES,Federal Contract Tower,0,6,13,0,19,0,16,39,4,59,0,22,52,4,78,76,0,76,154
08/27/2022,CRE,SC,ASO,ES,Federal Contract Tower,0,6,14,0,20,0,38,46,2,86,0,44,60,2,106,70,0,70,176
08/28/2022,CRE,SC,ASO,ES,Federal Contract Tower,0,4,16,0,20,0,25,32,0,57,0,29,48,0,77,60,0,60,137
08/29/2022,CRE,SC,ASO,ES,Federal Contract Tower,0,2,9,4,15,0,10,14,0,24,0,12,23,4,39,70,0,70,109
08/30/2022,CRE,SC,ASO,ES,Federal Contract Tower,0,4,16,2,22,0,2,15,0,17,0,6,31,2,39,52,0,52,91
08/31/2022,CRE,SC,ASO,ES,Federal Contract Tower,0,0,16,2,18,0,26,37,0,63,0,26,53,2,81,46,0,46,127
09/01/2022,CRE,SC,ASO,ES,Federal Contract Tower,0,2,19,0,21,0,22,60,0,82,0,24,79,0,103,36,0,36,139
09/02/2022,CRE,SC,ASO,ES,Federal Contract Tower,0,0,27,0,27,0,22,46,0,68,0,22,73,0,95,92,0,92,187
09/03/2022,CRE,SC,ASO,ES,Federal Contract Tower,0,0,8,0,8,0,32,34,2,68,0,32,42,2,76,50,0,50,126
09/04/2022,CRE,SC,ASO,ES,Federal Contract Tower,0,0,13,0,13,0,60,48,0,108,0,60,61,0,121,88,0,88,209
09/05/2022,CRE,SC,ASO,ES,Federal Contract Tower,0,4,27,0,31,0,34,29,0,63,0,38,56,0,94,72,0,72,166
09/06/2022,CRE,SC,ASO,ES,Federal Contract Tower,0,0,6,0,6,0,16,16,6,38,0,16,22,6,44,24,0,24,68
09/07/2022,CRE,SC,ASO,ES,Federal Contract Tower,0,2,11,1,14,0,26,18,7,51,0,28,29,8,65,42,0,42,107
09/08/2022,CRE,SC,ASO,ES,Federal Contract Tower,0,0,21,0,21,0,6,8,0,14,0,6,29,0,35,26,0,26,61
09/09/2022,CRE,SC,ASO,ES,Federal Contract Tower,0,2,9,0,11,0,20,14,0,34,0,22,23,0,45,94,0,94,139
09/10/2022,CRE,SC,ASO,ES,Federal Contract Tower,0,0,9,0,9,0,2,0,0,2,0,2,9,0,11,0,0,0,11
09/11/2022,CRE,SC,ASO,ES,Federal Contract Tower,0,0,15,0,15,0,4,8,0,12,0,4,23,0,27,30,0,30,57
09/12/2022,CRE,SC,ASO,ES,Federal Contract Tower,0,0,9,2,11,0,2,10,0,12,0,2,19,2,23,8,0,8,31
09/13/2022,CRE,SC,ASO,ES,Federal Contract Tower,0,2,17,8,27,0,20,37,0,57,0,22,54,8,84,22,0,22,106
09/14/2022,CRE,SC,ASO,ES,Federal Contract Tower,0,0,12,4,16,0,16,43,0,59,0,16,55,4,75,100,0,100,175
09/15/2022,CRE,SC,ASO,ES,Federal Contract Tower,0,1,10,2,13,0,12,32,0,44,0,13,42,2,57,16,0,16,73
09/16/2022,CRE,SC,ASO,ES,Federal Contract Tower,0,0,16,0,16,0,16,34,2,52,0,16,50,2,68,50,0,50,118
09/17/2022,CRE,SC,ASO,ES,Federal Contract Tower,0,3,13,0,16,0,26,33,0,59,0,29,46,0,75,36,0,36,111
09/18/2022,CRE,SC,ASO,ES,Federal Contract Tower,0,3,21,0,24,0,17,31,0,48,0,20,52,0,72,38,0,38,110
09/19/2022,CRE,SC,ASO,ES,Federal Contract Tower,0,0,6,6,12,0,16,18,0,34,0,16,24,6,46,40,4,44,90
09/20/2022,CRE,SC,ASO,ES,Federal Contract Tower,0,0,9,6,15,0,12,40,0,52,0,12,49,6,67,32,0,32,99
09/21/2022,CRE,SC,ASO,ES,Federal Contract Tower,0,2,31,0,33,0,14,40,0,54,0,16,71,0,87,52,0,52,139
09/22/2022,CRE,SC,ASO,ES,Federal Contract Tower,0,4,24,2,30,0,6,15,0,21,0,10,39,2,51,12,20,32,83
09/23/2022,CRE,SC,ASO,ES,Federal Contract Tower,0,3,18,0,21,0,6,34,4,44,0,9,52,4,65,40,0,40,105
09/24/2022,CRE,SC,ASO,ES,Federal Contract Tower,0,3,22,0,25,0,33,46,0,79,0,36,68,0,104,36,0,36,140
09/25/2022,CRE,SC,ASO,ES,Federal Contract Tower,0,4,15,0,19,0,10,13,0,23,0,14,28,0,42,30,2,32,74
09/26/2022,CRE,SC,ASO,ES,Federal Contract Tower,0,1,14,0,15,0,8,22,0,30,0,9,36,0,45,54,0,54,99
09/27/2022,CRE,SC,ASO,ES,Federal Contract Tower,0,2,18,0,20,0,18,25,0,43,0,20,43,0,63,32,0,32,95
09/28/2022,CRE,SC,ASO,ES,Federal Contract Tower,0,0,14,2,16,0,24,10,9,43,0,24,24,11,59,10,0,10,69
09/29/2022,CRE,SC,ASO,ES,Federal Contract Tower,0,0,2,0,2,0,0,2,0,2,0,0,4,0,4,0,0,0,4
10/01/2022,CRE,SC,ASO,ES,Federal Contract Tower,0,0,8,0,8,0,0,16,0,16,0,0,24,0,24,34,0,34,58
10/02/2022,CRE,SC,ASO,ES,Federal Contract Tower,0,4,10,2,16,0,8,6,3,17,0,12,16,5,33,0,0,0,33
10/03/2022,CRE,SC,ASO,ES,Federal Contract Tower,0,0,7,0,7,0,0,1,0,1,0,0,8,0,8,0,0,0,8
10/04/2022,CRE,SC,ASO,ES,Federal Contract Tower,0,0,11,0,11,0,8,12,2,22,0,8,23,2,33,6,0,6,39
10/05/2022,CRE,SC,ASO,ES,Federal Contract Tower,0,2,11,2,15,0,12,33,0,45,0,14,44,2,60,54,14,68,128
10/06/2022,CRE,SC,ASO,ES,Federal Contract Tower,0,2,16,8,26,0,4,43,0,47,0,6,59,8,73,46,6,52,125
10/07/2022,CRE,SC,ASO,ES,Federal Contract Tower,0,2,19,6,27,0,27,37,1,65,0,29,56,7,92,68,12,80,172
10/08/2022,CRE,SC,ASO,ES,Federal Contract Tower,0,0,13,0,13,0,27,22,0,49,0,27,35,0,62,28,0,28,90
10/09/2022,CRE,SC,ASO,ES,Federal Contract Tower,0,2,19,0,21,0,4,34,0,38,0,6,53,0,59,20,0,20,79
10/10/2022,CRE,SC,ASO,ES,Federal Contract Tower,0,0,12,0,12,0,0,17,2,19,0,0,29,2,31,24,0,24,55
10/11/2022,CRE,SC,ASO,ES,Federal Contract Tower,0,1,8,0,9,0,0,24,2,26,0,1,32,2,35,102,0,102,137
10/12/2022,CRE,SC,ASO,ES,Federal Contract Tower,0,2,4,3,9,0,0,16,1,17,0,2,20,4,26,22,0,22,48
10/13/2022,CRE,SC,ASO,ES,Federal Contract Tower,0,1,15,6,22,0,0,6,0,6,0,1,21,6,28,6,2,8,36
10/14/2022,CRE,SC,ASO,ES,Federal Contract Tower,0,7,18,1,26,0,18,43,1,62,0,25,61,2,88,124,0,124,212
10/15/2022,CRE,SC,ASO,ES,Federal Contract Tower,0,0,20,0,20,0,25,46,0,71,0,25,66,0,91,30,0,30,121
10/16/2022,CRE,SC,ASO,ES,Federal Contract Tower,0,6,27,0,33,0,4,44,0,48,0,10,71,0,81,42,0,42,123
10/17/2022,CRE,SC,ASO,ES,Federal Contract Tower,0,3,13,0,16,0,5,10,0,15,0,8,23,0,31,0,2,2,33
10/18/2022,CRE,SC,ASO,ES,Federal Contract Tower,0,0,10,2,12,0,0,16,4,20,0,0,26,6,32,14,14,28,60
10/19/2022,CRE,SC,ASO,ES,Federal Contract Tower,0,0,9,1,10,0,6,19,2,27,0,6,28,3,37,12,0,12,49
10/20/2022,CRE,SC,ASO,ES,Federal Contract Tower,0,4,17,2,23,0,10,34,0,44,0,14,51,2,67,56,0,56,123
10/21/2022,CRE,SC,ASO,ES,Federal Contract Tower,0,2,12,0,14,0,6,39,4,49,0,8,51,4,63,22,0,22,85
10/22/2022,CRE,SC,ASO,ES,Federal Contract Tower,0,3,12,0,15,0,14,41,0,55,0,17,53,0,70,28,0,28,98
10/23/2022,CRE,SC,ASO,ES,Federal Contract Tower,0,2,26,0,28,0,8,24,0,32,0,10,50,0,60,6,0,6,66
10/24/2022,CRE,SC,ASO,ES,Federal Contract Tower,0,0,10,10,20,0,0,4,0,4,0,0,14,10,24,0,0,0,24
10/25/2022,CRE,SC,ASO,ES,Federal Contract Tower,0,2,16,2,20,0,0,29,0,29,0,2,45,2,49,4,0,4,53
10/26/2022,CRE,SC,ASO,ES,Federal Contract Tower,0,4,4,2,10,0,2,14,2,18,0,6,18,4,28,14,12,26,54
10/27/2022,CRE,SC,ASO,ES,Federal Contract Tower,0,2,36,1,39,0,0,7,1,8,0,2,43,2,47,8,0,8,55
10/28/2022,CRE,SC,ASO,ES,Federal Contract Tower,0,0,25,0,25,0,0,3,0,3,0,0,28,0,28,0,0,0,28
10/29/2022,CRE,SC,ASO,ES,Federal Contract Tower,0,5,17,0,22,0,0,0,0,0,0,5,17,0,22,0,0,0,22
10/30/2022,CRE,SC,ASO,ES,Federal Contract Tower,0,6,29,0,35,0,0,15,0,15,0,6,44,0,50,0,0,0,50
10/31/2022,CRE,SC,ASO,ES,Federal Contract Tower,0,1,18,2,21,0,0,7,0,7,0,1,25,2,28,20,10,30,58
11/01/2022,CRE,SC,ASO,ES,Federal Contract Tower,0,2,19,0,21,0,0,4,0,4,0,2,23,0,25,0,0,0,25
11/02/2022,CRE,SC,ASO,ES,Federal Contract Tower,0,1,16,1,18,0,2,27,1,30,0,3,43,2,48,44,0,44,92
11/03/2022,CRE,SC,ASO,ES,Federal Contract Tower,0,4,17,0,21,0,0,31,0,31,0,4,48,0,52,32,0,32,84
11/04/2022,CRE,SC,ASO,ES,Federal Contract Tower,0,2,21,1,24,0,2,28,1,31,0,4,49,2,55,20,0,20,75
11/05/2022,CRE,SC,ASO,ES,Federal Contract Tower,0,0,13,0,13,0,2,27,0,29,0,2,40,0,42,32,0,32,74
11/06/2022,CRE,SC,ASO,ES,Federal Contract Tower,0,2,21,14,37,0,1,11,5,17,0,3,32,19,54,4,0,4,58
11/07/2022,CRE,SC,ASO,ES,Federal Contract Tower,0,2,16,0,18,0,0,24,0,24,0,2,40,0,42,50,0,50,92
11/08/2022,CRE,SC,ASO,ES,Federal Contract Tower,0,0,15,0,15,0,2,5,0,7,0,2,20,0,22,0,0,0,22
11/09/2022,CRE,SC,ASO,ES,Federal Contract Tower,0,0,10,0,10,0,0,3,2,5,0,0,13,2,15,2,0,2,17
11/10/2022,CRE,SC,ASO,ES,Federal Contract Tower,0,0,3,0,3,0,0,0,0,0,0,0,3,0,3,0,0,0,3
11/11/2022,CRE,SC,ASO,ES,Federal Contract Tower,0,0,2,0,2,0,0,2,0,2,0,0,4,0,4,2,0,2,6
11/12/2022,CRE,SC,ASO,ES,Federal Contract Tower,0,2,25,0,27,0,3,7,0,10,0,5,32,0,37,12,0,12,49
11/13/2022,CRE,SC,ASO,ES,Federal Contract Tower,0,4,11,0,15,0,6,19,0,25,0,10,30,0,40,4,0,4,44
11/14/2022,CRE,SC,ASO,ES,Federal Contract Tower,0,0,15,0,15,0,0,17,0,17,0,0,32,0,32,28,0,28,60
11/15/2022,CRE,SC,ASO,ES,Federal Contract Tower,0,0,4,2,6,0,0,0,0,0,0,0,4,2,6,0,0,0,6
11/16/2022,CRE,SC,ASO,ES,Federal Contract Tower,0,2,10,2,14,0,0,7,0,7,0,2,17,2,21,12,0,12,33
11/17/2022,CRE,SC,ASO,ES,Federal Contract Tower,0,6,13,3,22,0,0,32,3,35,0,6,45,6,57,114,12,126,183
11/18/2022,CRE,SC,ASO,ES,Federal Contract Tower,0,2,17,6,25,0,0,38,0,38,0,2,55,6,63,44,0,44,107
11/19/2022,CRE,SC,ASO,ES,Federal Contract Tower,0,0,8,0,8,0,2,41,0,43,0,2,49,0,51,30,0,30,81
11/20/2022,CRE,SC,ASO,ES,Federal Contract Tower,0,4,16,0,20,0,1,25,0,26,0,5,41,0,46,14,0,14,60
11/21/2022,CRE,SC,ASO,ES,Federal Contract Tower,0,0,14,4,18,0,2,20,0,22,0,2,34,4,40,64,0,64,104
11/22/2022,CRE,SC,ASO,ES,Federal Contract Tower,0,3,15,4,22,0,4,17,0,21,0,7,32,4,43,42,0,42,85
11/23/2022,CRE,SC,ASO,ES,Federal Contract Tower,0,2,14,0,16,0,0,11,0,11,0,2,25,0,27,14,0,14,41
11/24/2022,CRE,SC,ASO,ES,Federal Contract Tower,0,0,9,0,9,0,0,8,0,8,0,0,17,0,17,8,0,8,25
11/25/2022,CRE,SC,ASO,ES,Federal Contract Tower,0,1,13,0,14,0,2,4,2,8,0,3,17,2,22,16,0,16,38
11/26/2022,CRE,SC,ASO,ES,Federal Contract Tower,0,2,21,0,23,0,0,18,4,22,0,2,39,4,45,4,0,4,49
11/27/2022,CRE,SC,ASO,ES,Federal Contract Tower,0,1,12,0,13,0,0,1,0,1,0,1,13,0,14,0,0,0,14
11/28/2022,CRE,SC,ASO,ES,Federal Contract Tower,0,2,20,3,25,0,0,16,1,17,0,2,36,4,42,38,0,38,80
11/29/2022,CRE,SC,ASO,ES,Federal Contract Tower,0,2,17,0,19,0,0,27,0,27,0,2,44,0,46,30,0,30,76
11/30/2022,CRE,SC,ASO,ES,Federal Contract Tower,0,3,11,0,14,0,0,4,2,6,0,3,15,2,20,18,4,22,42
12/01/2022,CRE,SC,ASO,ES,Federal Contract Tower,0,5,21,0,26,0,4,26,1,31,0,9,47,1,57,108,0,108,165
12/02/2022,CRE,SC,ASO,ES,Federal Contract Tower,0,4,7,2,13,0,0,20,1,21,0,4,27,3,34,42,0,42,76
12/03/2022,CRE,SC,ASO,ES,Federal Contract Tower,0,0,8,0,8,0,0,13,0,13,0,0,21,0,21,6,0,6,27
12/04/2022,CRE,SC,ASO,ES,Federal Contract Tower,0,3,17,0,20,0,2,25,2,29,0,5,42,2,49,8,0,8,57
12/05/2022,CRE,SC,ASO,ES,Federal Contract Tower,0,4,12,2,18,0,4,12,0,16,0,8,24,2,34,30,0,30,64
12/06/2022,CRE,SC,ASO,ES,Federal Contract Tower,0,2,10,6,18,0,0,7,0,7,0,2,17,6,25,10,0,10,35
12/07/2022,CRE,SC,ASO,ES,Federal Contract Tower,0,2,3,0,5,0,0,24,7,31,0,2,27,7,36,22,0,22,58
12/08/2022,CRE,SC,ASO,ES,Federal Contract Tower,0,0,12,7,19,0,0,5,9,14,0,0,17,16,33,0,4,4,37
12/09/2022,CRE,SC,ASO,ES,Federal Contract Tower,0,0,18,2,20,0,0,16,0,16,0,0,34,2,36,42,2,44,80
12/10/2022,CRE,SC,ASO,ES,Federal Contract Tower,0,0,18,0,18,0,0,8,0,8,0,0,26,0,26,20,0,20,46
12/11/2022,CRE,SC,ASO,ES,Federal Contract Tower,0,3,6,0,9,0,0,4,0,4,0,3,10,0,13,2,0,2,15
12/12/2022,CRE,SC,ASO,ES,Federal Contract Tower,0,4,16,2,22,0,0,28,0,28,0,4,44,2,50,94,0,94,144
12/13/2022,CRE,SC,ASO,ES,Federal Contract Tower,0,5,28,0,33,0,0,19,0,19,0,5,47,0,52,46,2,48,100
12/14/2022,CRE,SC,ASO,ES,Federal Contract Tower,0,0,6,2,8,0,0,25,0,25,0,0,31,2,33,74,0,74,107
12/15/2022,CRE,SC,ASO,ES,Federal Contract Tower,0,0,4,0,4,0,0,2,0,2,0,0,6,0,6,4,0,4,10
12/16/2022,CRE,SC,ASO,ES,Federal Contract Tower,0,0,14,0,14,0,0,10,0,10,0,0,24,0,24,16,0,16,40
12/17/2022,CRE,SC,ASO,ES,Federal Contract Tower,0,1,7,0,8,0,0,30,0,30,0,1,37,0,38,38,0,38,76
12/18/2022,CRE,SC,ASO,ES,Federal Contract Tower,0,3,10,0,13,0,6,13,0,19,0,9,23,0,32,20,0,20,52
12/19/2022,CRE,SC,ASO,ES,Federal Contract Tower,0,0,11,7,18,0,3,31,0,34,0,3,42,7,52,54,6,60,112
12/20/2022,CRE,SC,ASO,ES,Federal Contract Tower,0,0,13,0,13,0,0,20,0,20,0,0,33,0,33,32,0,32,65
12/21/2022,CRE,SC,ASO,ES,Federal Contract Tower,0,0,8,0,8,0,0,5,0,5,0,0,13,0,13,2,0,2,15
12/22/2022,CRE,SC,ASO,ES,Federal Contract Tower,0,2,7,2,11,0,0,0,0,0,0,2,7,2,11,0,0,0,11
12/23/2022,CRE,SC,ASO,ES,Federal Contract Tower,0,2,4,0,6,0,0,0,2,2,0,2,4,2,8,0,0,0,8
12/24/2022,CRE,SC,ASO,ES,Federal Contract Tower,0,0,5,0,5,0,0,8,0,8,0,0,13,0,13,6,0,6,19
12/25/2022,CRE,SC,ASO,ES,Federal Contract Tower,0,2,1,0,3,0,0,0,0,0,0,2,1,0,3,0,0,0,3
12/26/2022,CRE,SC,ASO,ES,Federal Contract Tower,0,4,17,0,21,0,0,29,0,29,0,4,46,0,50,38,0,38,88
12/27/2022,CRE,SC,ASO,ES,Federal Contract Tower,0,2,16,0,18,0,0,57,0,57,0,2,73,0,75,52,0,52,127
12/28/2022,CRE,SC,ASO,ES,Federal Contract Tower,0,1,18,0,19,0,4,65,0,69,0,5,83,0,88,52,0,52,140
12/29/2022,CRE,SC,ASO,ES,Federal Contract Tower,0,0,10,0,10,0,0,40,0,40,0,0,50,0,50,30,0,30,80
12/30/2022,CRE,SC,ASO,ES,Federal Contract Tower,0,1,25,0,26,0,1,23,0,24,0,2,48,0,50,46,2,48,98
12/31/2022,CRE,SC,ASO,ES,Federal Contract Tower,0,0,5,0,5,0,0,0,0,0,0,0,5,0,5,0,0,0,5
01/01/2023,CRE,SC,ASO,ES,Federal Contract Tower,0,1,36,0,37,0,0,15,0,15,0,1,51,0,52,44,0,44,96
01/02/2023,CRE,SC,ASO,ES,Federal Contract Tower,0,3,32,0,35,0,0,20,0,20,0,3,52,0,55,42,0,42,97
01/03/2023,CRE,SC,ASO,ES,Federal Contract Tower,0,0,6,6,12,0,0,12,0,12,0,0,18,6,24,34,18,52,76
01/04/2023,CRE,SC,ASO,ES,Federal Contract Tower,0,0,6,0,6,0,0,0,0,0,0,0,6,0,6,0,0,0,6
01/05/2023,CRE,SC,ASO,ES,Federal Contract Tower,0,0,10,4,14,0,0,22,2,24,0,0,32,6,38,30,0,30,68
01/06/2023,CRE,SC,ASO,ES,Federal Contract Tower,0,0,3,0,3,0,0,27,0,27,0,0,30,0,30,16,0,16,46
01/07/2023,CRE,SC,ASO,ES,Federal Contract Tower,0,0,25,0,25,0,0,19,0,19,0,0,44,0,44,0,0,0,44
01/08/2023,CRE,SC,ASO,ES,Federal Contract Tower,0,0,6,0,6,0,0,19,0,19,0,0,25,0,25,12,0,12,37
01/09/2023,CRE,SC,ASO,ES,Federal Contract Tower,0,0,6,0,6,0,0,5,0,5,0,0,11,0,11,0,0,0,11
01/10/2023,CRE,SC,ASO,ES,Federal Contract Tower,0,1,12,0,13,0,2,24,0,26,0,3,36,0,39,20,0,20,59
01/11/2023,CRE,SC,ASO,ES,Federal Contract Tower,0,5,14,10,29,0,10,31,0,41,0,15,45,10,70,32,0,32,102
01/12/2023,CRE,SC,ASO,ES,Federal Contract Tower,0,1,13,0,14,0,0,16,2,18,0,1,29,2,32,16,0,16,48
01/13/2023,CRE,SC,ASO,ES,Federal Contract Tower,0,2,11,2,15,0,0,11,0,11,0,2,22,2,26,10,0,10,36
01/14/2023,CRE,SC,ASO,ES,Federal Contract Tower,0,2,8,0,10,0,2,6,0,8,0,4,14,0,18,8,0,8,26
01/15/2023,CRE,SC,ASO,ES,Federal Contract Tower,0,6,16,0,22,0,4,27,0,31,0,10,43,0,53,8,0,8,61
01/16/2023,CRE,SC,ASO,ES,Federal Contract Tower,0,0,17,0,17,0,2,30,0,32,0,2,47,0,49,44,0,44,93
01/17/2023,CRE,SC,ASO,ES,Federal Contract Tower,0,2,14,0,16,0,0,2,0,2,0,2,16,0,18,0,0,0,18
01/18/2023,CRE,SC,ASO,ES,Federal Contract Tower,0,2,11,0,13,0,0,16,2,18,0,2,27,2,31,32,0,32,63
01/19/2023,CRE,SC,ASO,ES,Federal Contract Tower,0,2,10,4,16,0,0,7,0,7,0,2,17,4,23,0,0,0,23
01/20/2023,CRE,SC,ASO,ES,Federal Contract Tower,0,2,20,1,23,0,0,22,3,25,0,2,42,4,48,16,0,16,64
01/21/2023,CRE,SC,ASO,ES,Federal Contract Tower,0,0,24,0,24,0,0,18,0,18,0,0,42,0,42,14,0,14,56
01/22/2023,CRE,SC,ASO,ES,Federal Contract Tower,0,2,9,0,11,0,0,0,0,0,0,2,9,0,11,0,0,0,11
01/23/2023,CRE,SC,ASO,ES,Federal Contract Tower,0,2,4,2,8,0,0,6,0,6,0,2,10,2,14,6,0,6,20
01/24/2023,CRE,SC,ASO,ES,Federal Contract Tower,0,8,19,4,31,0,0,21,0,21,0,8,40,4,52,34,0,34,86
01/25/2023,CRE,SC,ASO,ES,Federal Contract Tower,0,1,1,0,2,0,0,0,0,0,0,1,1,0,2,0,0,0,2
01/26/2023,CRE,SC,ASO,ES,Federal Contract Tower,0,6,18,0,24,0,4,19,4,27,0,10,37,4,51,10,0,10,61
01/27/2023,CRE,SC,ASO,ES,Federal Contract Tower,0,0,14,0,14,0,0,26,6,32,0,0,40,6,46,16,0,16,62
01/28/2023,CRE,SC,ASO,ES,Federal Contract Tower,0,2,11,0,13,0,0,43,0,43,0,2,54,0,56,16,0,16,72
01/29/2023,CRE,SC,ASO,ES,Federal Contract Tower,0,2,13,0,15,0,0,21,2,23,0,2,34,2,38,28,0,28,66
01/30/2023,CRE,SC,ASO,ES,Federal Contract Tower,0,0,5,2,7,0,0,0,0,0,0,0,5,2,7,0,0,0,7
01/31/2023,CRE,SC,ASO,ES,Federal Contract Tower,0,1,6,2,9,0,0,0,0,0,0,1,6,2,9,4,0,4,13
02/01/2023,CRE,SC,ASO,ES,Federal Contract Tower,0,5,13,0,18,0,0,4,2,6,0,5,17,2,24,0,0,0,24
02/02/2023,CRE,SC,ASO,ES,Federal Contract Tower,0,0,4,0,4,0,0,0,0,0,0,0,4,0,4,0,0,0,4
02/03/2023,CRE,SC,ASO,ES,Federal Contract Tower,0,0,13,0,13,0,0,7,0,7,0,0,20,0,20,0,0,0,20
02/04/2023,CRE,SC,ASO,ES,Federal Contract Tower,0,2,9,0,11,0,1,42,0,43,0,3,51,0,54,4,0,4,58
02/05/2023,CRE,SC,ASO,ES,Federal Contract Tower,0,2,7,0,9,0,0,1,2,3,0,2,8,2,12,0,4,4,16
02/06/2023,CRE,SC,ASO,ES,Federal Contract Tower,0,3,17,0,20,0,0,14,4,18,0,3,31,4,38,2,2,4,42
02/07/2023,CRE,SC,ASO,ES,Federal Contract Tower,0,0,12,2,14,0,0,19,9,28,0,0,31,11,42,38,6,44,86
02/08/2023,CRE,SC,ASO,ES,Federal Contract Tower,0,0,12,4,16,0,0,37,0,37,0,0,49,4,53,50,0,50,103
02/09/2023,CRE,SC,ASO,ES,Federal Contract Tower,0,0,18,4,22,0,2,18,0,20,0,2,36,4,42,26,0,26,68
02/10/2023,CRE,SC,ASO,ES,Federal Contract Tower,0,5,17,0,22,0,2,5,0,7,0,7,22,0,29,36,0,36,65
02/11/2023,CRE,SC,ASO,ES,Federal Contract Tower,0,3,8,0,11,0,0,4,0,4,0,3,12,0,15,0,0,0,15
02/12/2023,CRE,SC,ASO,ES,Federal Contract Tower,0,3,6,0,9,0,0,0,0,0,0,3,6,0,9,0,0,0,9
02/13/2023,CRE,SC,ASO,ES,Federal Contract Tower,0,1,13,0,14,0,6,26,0,32,0,7,39,0,46,30,10,40,86
02/14/2023,CRE,SC,ASO,ES,Federal Contract Tower,0,4,8,4,16,0,6,22,4,32,0,10,30,8,48,6,2,8,56
02/15/2023,CRE,SC,ASO,ES,Federal Contract Tower,0,3,10,6,19,0,6,37,5,48,0,9,47,11,67,32,0,32,99
02/16/2023,CRE,SC,ASO,ES,Federal Contract Tower,0,2,21,4,27,0,1,18,0,19,0,3,39,4,46,16,0,16,62
02/17/2023,CRE,SC,ASO,ES,Federal Contract Tower,0,0,10,4,14,0,0,1,0,1,0,0,11,4,15,0,0,0,15
02/18/2023,CRE,SC,ASO,ES,Federal Contract Tower,0,4,18,0,22,0,0,29,0,29,0,4,47,0,51,28,0,28,79
02/19/2023,CRE,SC,ASO,ES,Federal Contract Tower,0,2,9,0,11,0,4,16,0,20,0,6,25,0,31,26,0,26,57
02/20/2023,CRE,SC,ASO,ES,Federal Contract Tower,0,2,14,0,16,0,14,14,0,28,0,16,28,0,44,28,0,28,72
02/21/2023,CRE,SC,ASO,ES,Federal Contract Tower,0,2,7,0,9,0,0,20,4,24,0,2,27,4,33,20,0,20,53
02/22/2023,CRE,SC,ASO,ES,Federal Contract Tower,0,2,14,8,24,0,13,10,2,25,0,15,24,10,49,32,0,32,81
02/23/2023,CRE,SC,ASO,ES,Federal Contract Tower,0,2,18,6,26,0,4,28,0,32,0,6,46,6,58,56,2,58,116
02/24/2023,CRE,SC,ASO,ES,Federal Contract Tower,0,0,19,2,21,0,0,20,0,20,0,0,39,2,41,62,0,62,103
02/25/2023,CRE,SC,ASO,ES,Federal Contract Tower,0,6,6,0,12,0,0,0,0,0,0,6,6,0,12,0,0,0,12
02/26/2023,CRE,SC,ASO,ES,Federal Contract Tower,0,0,23,0,23,0,0,8,0,8,0,0,31,0,31,34,0,34,65
02/27/2023,CRE,SC,ASO,ES,Federal Contract Tower,0,1,21,7,29,0,0,0,0,0,0,1,21,7,29,0,0,0,29
02/28/2023,CRE,SC,ASO,ES,Federal Contract Tower,0,1,22,0,23,0,0,33,3,36,0,1,55,3,59,36,0,36,95
03/01/2023,CRE,SC,ASO,ES,Federal Contract Tower,0,3,20,3,26,0,0,15,0,15,0,3,35,3,41,22,0,22,63
03/02/2023,CRE,SC,ASO,ES,Federal Contract Tower,0,2,22,0,24,0,0,4,0,4,0,2,26,0,28,20,0,20,48
03/03/2023,CRE,SC,ASO,ES,Federal Contract Tower,0,4,10,2,16,0,19,5,1,25,0,23,15,3,41,0,0,0,41
03/04/2023,CRE,SC,ASO,ES,Federal Contract Tower,0,4,13,0,17,0,12,13,2,27,0,16,26,2,44,16,0,16,60
03/05/2023,CRE,SC,ASO,ES,Federal Contract Tower,0,4,14,0,18,0,16,45,0,61,0,20,59,0,79,22,0,22,101
03/06/2023,CRE,SC,ASO,ES,Federal Contract Tower,0,1,12,3,16,0,2,36,5,43,0,3,48,8,59,50,0,50,109
03/07/2023,CRE,SC,ASO,ES,Federal Contract Tower,0,1,8,0,9,0,2,18,0,20,0,3,26,0,29,4,0,4,33
03/08/2023,CRE,SC,ASO,ES,Federal Contract Tower,0,4,11,4,19,0,0,27,1,28,0,4,38,5,47,20,8,28,75
03/09/2023,CRE,SC,ASO,ES,Federal Contract Tower,0,2,16,1,19,0,0,42,1,43,0,2,58,2,62,24,0,24,86
03/10/2023,CRE,SC,ASO,ES,Federal Contract Tower,0,0,17,0,17,0,0,0,0,0,0,0,17,0,17,0,0,0,17
03/11/2023,CRE,SC,ASO,ES,Federal Contract Tower,0,0,15,0,15,0,9,22,0,31,0,9,37,0,46,36,0,36,82
03/12/2023,CRE,SC,ASO,ES,Federal Contract Tower,0,3,9,0,12,0,0,4,0,4,0,3,13,0,16,28,0,28,44
03/13/2023,CRE,SC,ASO,ES,Federal Contract Tower,0,2,12,2,16,0,0,1,2,3,0,2,13,4,19,0,0,0,19
03/14/2023,CRE,SC,ASO,ES,Federal Contract Tower,0,3,15,0,18,0,6,7,4,17,0,9,22,4,35,8,0,8,43
03/15/2023,CRE,SC,ASO,ES,Federal Contract Tower,0,0,9,2,11,0,27,11,0,38,0,27,20,2,49,14,0,14,63
03/16/2023,CRE,SC,ASO,ES,Federal Contract Tower,0,6,25,0,31,0,22,24,0,46,0,28,49,0,77,74,4,78,155
03/17/2023,CRE,SC,ASO,ES,Federal Contract Tower,0,1,5,2,8,0,0,10,1,11,0,1,15,3,19,86,2,88,107
03/18/2023,CRE,SC,ASO,ES,Federal Contract Tower,0,3,7,4,14,0,2,0,0,2,0,5,7,4,16,0,0,0,16
03/19/2023,CRE,SC,ASO,ES,Federal Contract Tower,0,3,18,0,21,0,8,46,0,54,0,11,64,0,75,54,0,54,129
03/20/2023,CRE,SC,ASO,ES,Federal Contract Tower,0,3,11,8,22,0,0,19,2,21,0,3,30,10,43,16,0,16,59
03/21/2023,CRE,SC,ASO,ES,Federal Contract Tower,0,1,12,2,15,0,8,28,2,38,0,9,40,4,53,58,0,58,111
03/22/2023,CRE,SC,ASO,ES,Federal Contract Tower,0,2,6,4,12,0,0,16,0,16,0,2,22,4,28,36,0,36,64
03/23/2023,CRE,SC,ASO,ES,Federal Contract Tower,0,2,17,2,21,0,0,25,2,27,0,2,42,4,48,18,0,18,66
03/24/2023,CRE,SC,ASO,ES,Federal Contract Tower,0,3,13,0,16,0,11,24,0,35,0,14,37,0,51,36,2,38,89
03/25/2023,CRE,SC,ASO,ES,Federal Contract Tower,0,2,11,0,13,0,16,14,1,31,0,18,25,1,44,30,0,30,74
03/26/2023,CRE,SC,ASO,ES,Federal Contract Tower,0,2,20,0,22,0,8,10,4,22,0,10,30,4,44,8,0,8,52
03/27/2023,CRE,SC,ASO,ES,Federal Contract Tower,0,0,23,1,24,0,0,10,1,11,0,0,33,2,35,0,0,0,35
03/28/2023,CRE,SC,ASO,ES,Federal Contract Tower,0,0,37,0,37,0,9,14,0,23,0,9,51,0,60,10,0,10,70
03/29/2023,CRE,SC,ASO,ES,Federal Contract Tower,0,0,20,0,20,0,0,20,2,22,0,0,40,2,42,42,0,42,84
03/30/2023,CRE,SC,ASO,ES,Federal Contract Tower,0,0,22,6,28,0,0,46,2,48,0,0,68,8,76,84,0,84,160
03/31/2023,CRE,SC,ASO,ES,Federal Contract Tower,0,3,18,4,25,0,3,27,0,30,0,6,45,4,55,56,0,56,111
04/01/2023,CRE,SC,ASO,ES,Federal Contract Tower,0,1,14,0,15,0,18,4,2,24,0,19,18,2,39,0,0,0,39
04/02/2023,CRE,SC,ASO,ES,Federal Contract Tower,0,3,18,0,21,0,16,63,0,79,0,19,81,0,100,64,0,64,164
04/03/2023,CRE,SC,ASO,ES,Federal Contract Tower,0,0,18,0,18,0,18,25,0,43,0,18,43,0,61,12,0,12,73
04/04/2023,CRE,SC,ASO,ES,Federal Contract Tower,0,0,19,2,21,0,14,36,0,50,0,14,55,2,71,24,0,24,95
04/05/2023,CRE,SC,ASO,ES,Federal Contract Tower,0,1,9,2,12,0,5,16,0,21,0,6,25,2,33,12,14,26,59
04/06/2023,CRE,SC,ASO,ES,Federal Contract Tower,0,2,26,0,28,0,4,18,3,25,0,6,44,3,53,20,0,20,73
04/07/2023,CRE,SC,ASO,ES,Federal Contract Tower,0,3,30,0,33,0,14,19,4,37,0,17,49,4,70,40,0,40,110
04/08/2023,CRE,SC,ASO,ES,Federal Contract Tower,0,3,5,0,8,0,0,0,0,0,0,3,5,0,8,0,0,0,8
04/09/2023,CRE,SC,ASO,ES,Federal Contract Tower,0,0,13,0,13,0,8,4,0,12,0,8,17,0,25,0,0,0,25
04/10/2023,CRE,SC,ASO,ES,Federal Contract Tower,0,5,28,0,33,0,18,14,0,32,0,23,42,0,65,38,0,38,103
04/11/2023,CRE,SC,ASO,ES,Federal Contract Tower,0,0,12,0,12,0,18,21,0,39,0,18,33,0,51,40,0,40,91
04/12/2023,CRE,SC,ASO,ES,Federal Contract Tower,0,0,16,6,22,0,3,36,0,39,0,3,52,6,61,92,8,100,161
04/13/2023,CRE,SC,ASO,ES,Federal Contract Tower,0,0,32,5,37,0,5,56,2,63,0,5,88,7,100,64,0,64,164
04/14/2023,CRE,SC,ASO,ES,Federal Contract Tower,0,0,19,1,20,0,17,18,0,35,0,17,37,1,55,24,0,24,79
04/15/2023,CRE,SC,ASO,ES,Federal Contract Tower,0,3,16,0,19,0,38,41,1,80,0,41,57,1,99,54,0,54,153
04/16/2023,CRE,SC,ASO,ES,Federal Contract Tower,0,3,29,0,32,0,8,30,0,38,0,11,59,0,70,22,0,22,92
04/17/2023,CRE,SC,ASO,ES,Federal Contract Tower,0,0,17,0,17,0,2,12,0,14,0,2,29,0,31,22,2,24,55
04/18/2023,CRE,SC,ASO,ES,Federal Contract Tower,0,0,14,0,14,0,0,14,2,16,0,0,28,2,30,18,0,18,48
04/19/2023,CRE,SC,ASO,ES,Federal Contract Tower,0,2,21,0,23,0,15,33,0,48,0,17,54,0,71,64,0,64,135
04/20/2023,CRE,SC,ASO,ES,Federal Contract Tower,0,2,19,4,25,0,2,45,3,50,0,4,64,7,75,52,4,56,131
04/21/2023,CRE,SC,ASO,ES,Federal Contract Tower,0,0,17,0,17,0,10,48,0,58,0,10,65,0,75,106,0,106,181
04/22/2023,CRE,SC,ASO,ES,Federal Contract Tower,0,3,6,0,9,0,6,0,0,6,0,9,6,0,15,4,0,4,19
04/23/2023,CRE,SC,ASO,ES,Federal Contract Tower,0,3,21,0,24,0,10,43,0,53,0,13,64,0,77,62,4,66,143
04/24/2023,CRE,SC,ASO,ES,Federal Contract Tower,0,2,23,2,27,0,0,23,6,29,0,2,46,8,56,42,0,42,98
04/25/2023,CRE,SC,ASO,ES,Federal Contract Tower,0,3,9,0,12,0,0,21,0,21,0,3,30,0,33,34,0,34,67
04/26/2023,CRE,SC,ASO,ES,Federal Contract Tower,0,1,13,0,14,0,14,14,0,28,0,15,27,0,42,50,0,50,92
04/27/2023,CRE,SC,ASO,ES,Federal Contract Tower,0,1,14,0,15,0,2,26,0,28,0,3,40,0,43,82,0,82,125
04/28/2023,CRE,SC,ASO,ES,Federal Contract Tower,0,2,8,0,10,0,8,21,7,36,0,10,29,7,46,82,0,82,128
04/29/2023,CRE,SC,ASO,ES,Federal Contract Tower,0,1,27,0,28,0,5,27,0,32,0,6,54,0,60,70,0,70,130
04/30/2023,CRE,SC,ASO,ES,Federal Contract Tower,0,5,9,1,15,0,0,5,1,6,0,5,14,2,21,12,0,12,33
05/01/2023,CRE,SC,ASO,ES,Federal Contract Tower,0,2,16,0,18,0,0,9,0,9,0,2,25,0,27,22,0,22,49
05/02/2023,CRE,SC,ASO,ES,Federal Contract Tower,0,0,8,0,8,0,0,6,0,6,0,0,14,0,14,8,0,8,22
05/03/2023,CRE,SC,ASO,ES,Federal Contract Tower,0,2,7,0,9,0,5,14,0,19,0,7,21,0,28,26,0,26,54
05/04/2023,CRE,SC,ASO,ES,Federal Contract Tower,0,2,10,4,16,0,4,40,0,44,0,6,50,4,60,96,0,96,156
05/05/2023,CRE,SC,ASO,ES,Federal Contract Tower,0,1,17,0,18,0,7,50,0,57,0,8,67,0,75,86,0,86,161
05/06/2023,CRE,SC,ASO,ES,Federal Contract Tower,0,2,9,0,11,0,0,38,0,38,0,2,47,0,49,84,0,84,133
05/07/2023,CRE,SC,ASO,ES,Federal Contract Tower,0,5,18,0,23,0,10,39,0,49,0,15,57,0,72,78,0,78,150
05/08/2023,CRE,SC,ASO,ES,Federal Contract Tower,0,3,18,0,21,0,0,32,0,32,0,3,50,0,53,46,2,48,101
05/09/2023,CRE,SC,ASO,ES,Federal Contract Tower,0,0,10,0,10,0,16,29,2,47,0,16,39,2,57,60,0,60,117
05/10/2023,CRE,SC,ASO,ES,Federal Contract Tower,0,4,16,0,20,0,32,50,0,82,0,36,66,0,102,92,0,92,194
05/11/2023,CRE,SC,ASO,ES,Federal Contract Tower,0,0,25,0,25,0,4,20,0,24,0,4,45,0,49,24,0,24,73
05/12/2023,CRE,SC,ASO,ES,Federal Contract Tower,0,3,24,0,27,0,6,43,1,50,0,9,67,1,77,74,0,74,151
05/13/2023,CRE,SC,ASO,ES,Federal Contract Tower,0,3,12,0,15,0,24,45,2,71,0,27,57,2,86,110,2,112,198
05/14/2023,CRE,SC,ASO,ES,Federal Contract Tower,0,4,18,0,22,0,12,13,0,25,0,16,31,0,47,40,0,40,87
05/15/2023,CRE,SC,ASO,ES,Federal Contract Tower,0,2,21,0,23,0,8,26,2,36,0,10,47,2,59,50,16,66,125
05/16/2023,CRE,SC,ASO,ES,Federal Contract Tower,0,0,17,10,27,0,6,34,0,40,0,6,51,10,67,46,0,46,113
05/17/2023,CRE,SC,ASO,ES,Federal Contract Tower,0,3,13,4,20,0,13,37,1,51,0,16,50,5,71,88,6,94,165
05/18/2023,CRE,SC,ASO,ES,Federal Contract Tower,0,3,9,0,12,0,3,4,2,9,0,6,13,2,21,16,0,16,37
05/19/2023,CRE,SC,ASO,ES,Federal Contract Tower,0,1,14,0,15,0,4,0,0,4,0,5,14,0,19,0,0,0,19
05/20/2023,CRE,SC,ASO,ES,Federal Contract Tower,0,0,21,0,21,0,42,35,1,78,0,42,56,1,99,42,0,42,141
05/21/2023,CRE,SC,ASO,ES,Federal Contract Tower,0,7,20,0,27,0,12,9,0,21,0,19,29,0,48,4,0,4,52
05/22/2023,CRE,SC,ASO,ES,Federal Contract Tower,0,0,16,2,18,0,7,34,0,41,0,7,50,2,59,64,0,64,123
05/23/2023,CRE,SC,ASO,ES,Federal Contract Tower,0,0,18,1,19,0,0,9,7,16,0,0,27,8,35,26,30,56,91
05/24/2023,CRE,SC,ASO,ES,Federal Contract Tower,0,9,14,2,25,0,5,25,2,32,0,14,39,4,57,32,0,32,89
05/25/2023,CRE,SC,ASO,ES,Federal Contract Tower,0,0,5,0,5,0,7,22,0,29,0,7,27,0,34,26,0,26,60
05/26/2023,CRE,SC,ASO,ES,Federal Contract Tower,0,2,16,0,18,0,0,6,0,6,0,2,22,0,24,0,0,0,24
05/27/2023,CRE,SC,ASO,ES,Federal Contract Tower,0,3,5,0,8,0,0,1,0,1,0,3,6,0,9,0,0,0,9
05/28/2023,CRE,SC,ASO,ES,Federal Contract Tower,0,0,9,0,9,0,6,0,0,6,0,6,9,0,15,0,0,0,15
05/29/2023,CRE,SC,ASO,ES,Federal Contract Tower,0,2,13,0,15,0,26,12,0,38,0,28,25,0,53,26,0,26,79
05/30/2023,CRE,SC,ASO,ES,Federal Contract Tower,0,2,13,0,15,0,50,39,0,89,0,52,52,0,104,62,0,62,166
05/31/2023,CRE,SC,ASO,ES,Federal Contract Tower,0,10,52,0,62,0,10,22,0,32,0,20,74,0,94,80,0,80,174
06/01/2023,CRE,SC,ASO,ES,Federal Contract Tower,0,4,23,1,28,0,10,23,0,33,0,14,46,1,61,44,0,44,105
06/02/2023,CRE,SC,ASO,ES,Federal Contract Tower,0,3,21,0,24,0,8,26,0,34,0,11,47,0,58,64,0,64,122
06/03/2023,CRE,SC,ASO,ES,Federal Contract Tower,0,4,13,0,17,0,13,34,0,47,0,17,47,0,64,50,0,50,114
06/04/2023,CRE,SC,ASO,ES,Federal Contract Tower,0,3,22,0,25,0,18,19,0,37,0,21,41,0,62,32,0,32,94
06/05/2023,CRE,SC,ASO,ES,Federal Contract Tower,0,6,19,4,29,0,3,23,0,26,0,9,42,4,55,60,0,60,115
06/06/2023,CRE,SC,ASO,ES,Federal Contract Tower,0,0,19,0,19,0,14,34,4,52,0,14,53,4,71,28,0,28,99
06/07/2023,CRE,SC,ASO,ES,Federal Contract Tower,0,0,14,4,18,0,38,40,0,78,0,38,54,4,96,64,0,64,160
06/08/2023,CRE,SC,ASO,ES,Federal Contract Tower,0,4,23,5,32,0,6,25,1,32,0,10,48,6,64,36,0,36,100
06/09/2023,CRE,SC,ASO,ES,Federal Contract Tower,0,3,17,5,25,0,6,42,3,51,0,9,59,8,76,50,4,54,130
06/10/2023,CRE,SC,ASO,ES,Federal Contract Tower,0,3,26,0,29,0,14,37,1,52,0,17,63,1,81,54,0,54,135
06/11/2023,CRE,SC,ASO,ES,Federal Contract Tower,0,4,29,0,33,0,18,35,0,53,0,22,64,0,86,34,0,34,120
06/12/2023,CRE,SC,ASO,ES,Federal Contract Tower,0,6,20,2,28,0,13,20,0,33,0,19,40,2,61,32,0,32,93
06/13/2023,CRE,SC,ASO,ES,Federal Contract Tower,0,1,17,2,20,0,20,46,4,70,0,21,63,6,90,86,0,86,176
06/14/2023,CRE,SC,ASO,ES,Federal Contract Tower,0,3,14,0,17,0,14,38,12,64,0,17,52,12,81,28,0,28,109
06/15/2023,CRE,SC,ASO,ES,Federal Contract Tower,0,3,36,0,39,0,18,37,5,60,0,21,73,5,99,70,0,70,169
06/16/2023,CRE,SC,ASO,ES,Federal Contract Tower,0,7,29,0,36,0,36,50,0,86,0,43,79,0,122,42,0,42,164
06/17/2023,CRE,SC,ASO,ES,Federal Contract Tower,0,3,33,0,36,0,42,42,0,84,0,45,75,0,120,72,0,72,192
06/18/2023,CRE,SC,ASO,ES,Federal Contract Tower,0,3,15,0,18,0,40,46,0,86,0,43,61,0,104,62,0,62,166
06/19/2023,CRE,SC,ASO,ES,Federal Contract Tower,0,12,24,0,36,0,25,21,0,46,0,37,45,0,82,56,0,56,138
06/20/2023,CRE,SC,ASO,ES,Federal Contract Tower,0,0,11,0,11,0,3,4,0,7,0,3,15,0,18,8,0,8,26
06/21/2023,CRE,SC,ASO,ES,Federal Contract Tower,0,3,11,0,14,0,12,13,0,25,0,15,24,0,39,48,0,48,87
06/22/2023,CRE,SC,ASO,ES,Federal Contract Tower,0,0,9,2,11,0,22,2,0,24,0,22,11,2,35,18,0,18,53
06/23/2023,CRE,SC,ASO,ES,Federal Contract Tower,0,3,16,0,19,0,18,26,0,44,0,21,42,0,63,40,0,40,103
06/24/2023,CRE,SC,ASO,ES,Federal Contract Tower,0,3,16,0,19,0,24,45,0,69,0,27,61,0,88,56,0,56,144
06/25/2023,CRE,SC,ASO,ES,Federal Contract Tower,0,3,14,0,17,0,14,45,0,59,0,17,59,0,76,42,0,42,118
06/26/2023,CRE,SC,ASO,ES,Federal Contract Tower,0,0,21,3,24,0,16,27,1,44,0,16,48,4,68,48,0,48,116
06/27/2023,CRE,SC,ASO,ES,Federal Contract Tower,0,8,15,2,25,0,20,34,0,54,0,28,49,2,79,44,0,44,123
06/28/2023,CRE,SC,ASO,ES,Federal Contract Tower,0,6,15,2,23,0,36,49,3,88,0,42,64,5,111,64,0,64,175
06/29/2023,CRE,SC,ASO,ES,Federal Contract Tower,0,4,17,1,22,0,31,27,0,58,0,35,44,1,80,36,0,36,116
06/30/2023,CRE,SC,ASO,ES,Federal Contract Tower,0,4,31,0,35,0,18,27,2,47,0,22,58,2,82,60,0,60,142
07/01/2023,CRE,SC,ASO,ES,Federal Contract Tower,0,1,28,0,29,0,34,42,0,76,0,35,70,0,105,60,0,60,165
07/02/2023,CRE,SC,ASO,ES,Federal Contract Tower,0,8,10,0,18,0,104,49,1,154,0,112,59,1,172,42,0,42,214
07/03/2023,CRE,SC,ASO,ES,Federal Contract Tower,0,1,14,0,15,0,74,23,0,97,0,75,37,0,112,22,0,22,134
07/04/2023,CRE,SC,ASO,ES,Federal Contract Tower,0,2,6,0,8,0,56,26,0,82,0,58,32,0,90,36,0,36,126
07/05/2023,CRE,SC,ASO,ES,Federal Contract Tower,0,6,13,0,19,0,27,32,0,59,0,33,45,0,78,10,0,10,88
07/06/2023,CRE,SC,ASO,ES,Federal Contract Tower,0,3,24,4,31,0,54,33,0,87,0,57,57,4,118,56,0,56,174
07/07/2023,CRE,SC,ASO,ES,Federal Contract Tower,0,2,26,0,28,0,76,18,0,94,0,78,44,0,122,56,0,56,178
07/08/2023,CRE,SC,ASO,ES,Federal Contract Tower,0,9,16,0,25,0,48,31,0,79,0,57,47,0,104,80,0,80,184
07/09/2023,CRE,SC,ASO,ES,Federal Contract Tower,0,1,23,0,24,0,26,11,0,37,0,27,34,0,61,54,8,62,123
07/10/2023,CRE,SC,ASO,ES,Federal Contract Tower,0,0,8,1,9,0,6,6,1,13,0,6,14,2,22,2,0,2,24
07/11/2023,CRE,SC,ASO,ES,Federal Contract Tower,0,3,22,2,27,0,62,54,0,116,0,65,76,2,143,40,12,52,195
07/12/2023,CRE,SC,ASO,ES,Federal Contract Tower,0,5,28,3,36,0,62,32,3,97,0,67,60,6,133,56,2,58,191
07/13/2023,CRE,SC,ASO,ES,Federal Contract Tower,0,1,8,0,9,0,50,44,5,99,0,51,52,5,108,70,56,126,234
07/14/2023,CRE,SC,ASO,ES,Federal Contract Tower,0,3,13,0,16,0,58,33,0,91,0,61,46,0,107,44,2,46,153
07/15/2023,CRE,SC,ASO,ES,Federal Contract Tower,0,3,23,0,26,0,32,24,0,56,0,35,47,0,82,60,0,60,142
07/16/2023,CRE,SC,ASO,ES,Federal Contract Tower,0,6,14,0,20,0,18,29,0,47,0,24,43,0,67,62,0,62,129
07/17/2023,CRE,SC,ASO,ES,Federal Contract Tower,0,5,27,1,33,0,5,33,0,38,0,10,60,1,71,48,0,48,119
07/18/2023,CRE,SC,ASO,ES,Federal Contract Tower,0,3,13,0,16,0,29,16,0,45,0,32,29,0,61,36,0,36,97
07/19/2023,CRE,SC,ASO,ES,Federal Contract Tower,0,2,19,0,21,0,42,25,0,67,0,44,44,0,88,22,0,22,110
07/20/2023,CRE,SC,ASO,ES,Federal Contract Tower,0,0,15,0,15,0,10,19,0,29,0,10,34,0,44,16,0,16,60
07/21/2023,CRE,SC,ASO,ES,Federal Contract Tower,0,2,11,0,13,0,68,58,0,126,0,70,69,0,139,78,0,78,217
07/22/2023,CRE,SC,ASO,ES,Federal Contract Tower,0,8,11,0,19,0,42,39,0,81,0,50,50,0,100,56,0,56,156
07/23/2023,CRE,SC,ASO,ES,Federal Contract Tower,0,0,8,0,8,0,28,28,0,56,0,28,36,0,64,80,0,80,144
07/24/2023,CRE,SC,ASO,ES,Federal Contract Tower,0,0,22,0,22,0,34,18,6,58,0,34,40,6,80,48,2,50,130
07/25/2023,CRE,SC,ASO,ES,Federal Contract Tower,0,0,17,9,26,0,27,44,2,73,0,27,61,11,99,62,0,62,161
07/26/2023,CRE,SC,ASO,ES,Federal Contract Tower,0,3,20,0,23,0,37,46,0,83,0,40,66,0,106,74,0,74,180
07/27/2023,CRE,SC,ASO,ES,Federal Contract Tower,0,5,17,5,27,0,46,37,3,86,0,51,54,8,113,86,16,102,215
07/28/2023,CRE,SC,ASO,ES,Federal Contract Tower,0,0,20,0,20,0,10,26,0,36,0,10,46,0,56,97,0,97,153
07/29/2023,CRE,SC,ASO,ES,Federal Contract Tower,0,6,12,0,18,0,30,12,0,42,0,36,24,0,60,28,0,28,88
07/30/2023,CRE,SC,ASO,ES,Federal Contract Tower,0,4,20,0,24,0,50,49,2,101,0,54,69,2,125,104,0,104,229
07/31/2023,CRE,SC,ASO,ES,Federal Contract Tower,0,2,23,2,27,0,30,13,0,43,0,32,36,2,70,16,0,16,86
08/01/2023,CRE,SC,ASO,ES,Federal Contract Tower,0,2,20,0,22,0,54,33,2,89,0,56,53,2,111,66,0,66,177
08/02/2023,CRE,SC,ASO,ES,Federal Contract Tower,0,1,29,5,35,0,28,34,0,62,0,29,63,5,97,64,0,64,161
08/03/2023,CRE,SC,ASO,ES,Federal Contract Tower,0,7,25,7,39,0,38,26,0,64,0,45,51,7,103,50,12,62,165
08/04/2023,CRE,SC,ASO,ES,Federal Contract Tower,0,6,14,0,20,0,0,2,0,2,0,6,16,0,22,0,0,0,22
08/05/2023,CRE,SC,ASO,ES,Federal Contract Tower,0,5,10,0,15,0,29,25,0,54,0,34,35,0,69,32,0,32,101
08/06/2023,CRE,SC,ASO,ES,Federal Contract Tower,0,9,18,0,27,0,21,25,0,46,0,30,43,0,73,40,0,40,113
08/07/2023,CRE,SC,ASO,ES,Federal Contract Tower,0,1,15,6,22,0,14,23,2,39,0,15,38,8,61,28,0,28,89
08/08/2023,CRE,SC,ASO,ES,Federal Contract Tower,0,1,12,0,13,0,14,30,0,44,0,15,42,0,57,40,0,40,97
08/09/2023,CRE,SC,ASO,ES,Federal Contract Tower,0,4,15,1,20,0,44,39,4,87,0,48,54,5,107,58,16,74,181
08/10/2023,CRE,SC,ASO,ES,Federal Contract Tower,0,5,18,0,23,0,25,33,0,58,0,30,51,0,81,44,0,44,125
08/11/2023,CRE,SC,ASO,ES,Federal Contract Tower,0,7,20,2,29,0,34,24,0,58,0,41,44,2,87,40,2,42,129
08/12/2023,CRE,SC,ASO,ES,Federal Contract Tower,0,5,7,0,12,0,19,35,0,54,0,24,42,0,66,56,0,56,122
08/13/2023,CRE,SC,ASO,ES,Federal Contract Tower,0,4,15,1,20,0,9,32,1,42,0,13,47,2,62,32,2,34,96
08/14/2023,CRE,SC,ASO,ES,Federal Contract Tower,0,3,28,0,31,0,16,17,2,35,0,19,45,2,66,8,0,8,74
08/15/2023,CRE,SC,ASO,ES,Federal Contract Tower,0,2,15,2,19,0,14,9,1,24,0,16,24,3,43,8,12,20,63
08/16/2023,CRE,SC,ASO,ES,Federal Contract Tower,0,4,16,0,20,0,38,24,1,63,0,42,40,1,83,16,0,16,99
08/17/2023,CRE,SC,ASO,ES,Federal Contract Tower,0,0,20,0,20,0,24,21,0,45,0,24,41,0,65,18,0,18,83
08/18/2023,CRE,SC,ASO,ES,Federal Contract Tower,0,7,9,0,16,0,22,29,1,52,0,29,38,1,68,36,0,36,104
08/19/2023,CRE,SC,ASO,ES,Federal Contract Tower,0,0,22,0,22,0,28,17,0,45,0,28,39,0,67,2,0,2,69
08/20/2023,CRE,SC,ASO,ES,Federal Contract Tower,0,2,29,0,31,0,24,30,2,56,0,26,59,2,87,2,0,2,89
08/21/2023,CRE,SC,ASO,ES,Federal Contract Tower,0,2,14,2,18,0,14,10,2,26,0,16,24,4,44,2,0,2,46
08/22/2023,CRE,SC,ASO,ES,Federal Contract Tower,0,2,9,0,11,0,38,36,2,76,0,40,45,2,87,22,0,22,109
08/23/2023,CRE,SC,ASO,ES,Federal Contract Tower,0,0,11,0,11,0,12,18,0,30,0,12,29,0,41,8,0,8,49
08/24/2023,CRE,SC,ASO,ES,Federal Contract Tower,0,3,20,4,27,0,22,11,0,33,0,25,31,4,60,18,0,18,78
08/25/2023,CRE,SC,ASO,ES,Federal Contract Tower,0,1,12,1,14,0,27,16,0,43,0,28,28,1,57,42,2,44,101
08/26/2023,CRE,SC,ASO,ES,Federal Contract Tower,0,2,13,0,15,0,17,22,0,39,0,19,35,0,54,14,0,14,68
08/27/2023,CRE,SC,ASO,ES,Federal Contract Tower,0,1,14,0,15,0,18,13,6,37,0,19,27,6,52,2,0,2,54
08/28/2023,CRE,SC,ASO,ES,Federal Contract Tower,0,2,25,1,28,0,13,18,1,32,0,15,43,2,60,10,4,14,74
08/29/2023,CRE,SC,ASO,ES,Federal Contract Tower,0,4,7,0,11,0,14,5,6,25,0,18,12,6,36,10,0,10,46
08/30/2023,CRE,SC,ASO,ES,Federal Contract Tower,0,0,3,0,3,0,0,1,0,1,0,0,4,0,4,0,0,0,4
08/31/2023,CRE,SC,ASO,ES,Federal Contract Tower,0,3,20,0,23,0,6,6,0,12,0,9,26,0,35,0,0,0,35
