01/01/2000,CRG,FL,ASO,ES,Federal Contract Tower,0,1,23,0,24,0,0,79,0,79,0,1,102,0,103,52,0,52,155
01/02/2000,CRG,FL,ASO,ES,Federal Contract Tower,0,0,25,0,25,0,0,120,0,120,0,0,145,0,145,105,0,105,250
01/03/2000,CRG,FL,ASO,ES,Federal Contract Tower,0,18,49,1,68,0,19,66,34,119,0,37,115,35,187,32,42,74,261
01/04/2000,CRG,FL,ASO,ES,Federal Contract Tower,0,18,48,1,67,0,15,93,34,142,0,33,141,35,209,45,22,67,276
01/05/2000,CRG,FL,ASO,ES,Federal Contract Tower,0,22,56,1,79,0,11,151,73,235,0,33,207,74,314,50,16,66,380
01/06/2000,CRG,FL,ASO,ES,Federal Contract Tower,0,21,56,1,78,0,3,94,24,121,0,24,150,25,199,101,2,103,302
01/07/2000,CRG,FL,ASO,ES,Federal Contract Tower,0,30,98,2,130,0,0,42,20,62,0,30,140,22,192,14,0,14,206
01/08/2000,CRG,FL,ASO,ES,Federal Contract Tower,0,4,20,1,25,0,0,146,3,149,0,4,166,4,174,138,0,138,312
01/09/2000,CRG,FL,ASO,ES,Federal Contract Tower,0,1,30,0,31,0,0,116,0,116,0,1,146,0,147,78,0,78,225
01/10/2000,CRG,FL,ASO,ES,Federal Contract Tower,0,25,67,1,93,0,5,96,43,144,0,30,163,44,237,20,2,22,259
01/11/2000,CRG,FL,ASO,ES,Federal Contract Tower,0,26,67,1,94,0,15,159,36,210,0,41,226,37,304,114,28,142,446
01/12/2000,CRG,FL,ASO,ES,Federal Contract Tower,0,25,67,1,93,0,11,144,58,213,0,36,211,59,306,69,0,69,375
01/13/2000,CRG,FL,ASO,ES,Federal Contract Tower,0,25,67,1,93,0,8,141,42,191,0,33,208,43,284,106,22,128,412
01/14/2000,CRG,FL,ASO,ES,Federal Contract Tower,0,18,49,1,68,0,9,99,66,174,0,27,148,67,242,17,16,33,275
01/15/2000,CRG,FL,ASO,ES,Federal Contract Tower,0,6,45,1,52,0,0,204,0,204,0,6,249,1,256,190,0,190,446
01/16/2000,CRG,FL,ASO,ES,Federal Contract Tower,0,0,11,0,11,0,0,209,0,209,0,0,220,0,220,119,0,119,339
01/17/2000,CRG,FL,ASO,ES,Federal Contract Tower,0,10,56,0,66,0,0,143,0,143,0,10,199,0,209,171,0,171,380
01/18/2000,CRG,FL,ASO,ES,Federal Contract Tower,0,21,56,1,78,0,15,105,86,206,0,36,161,87,284,135,14,149,433
01/19/2000,CRG,FL,ASO,ES,Federal Contract Tower,0,33,89,1,123,0,3,105,67,175,0,36,194,68,298,79,22,101,399
01/20/2000,CRG,FL,ASO,ES,Federal Contract Tower,0,21,55,0,76,0,8,74,52,134,0,29,129,52,210,24,56,80,290
01/21/2000,CRG,FL,ASO,ES,Federal Contract Tower,0,24,63,0,87,0,7,186,48,241,0,31,249,48,328,116,8,124,452
01/22/2000,CRG,FL,ASO,ES,Federal Contract Tower,0,6,31,0,37,0,0,220,0,220,0,6,251,0,257,178,0,178,435
01/23/2000,CRG,FL,ASO,ES,Federal Contract Tower,0,2,50,0,52,0,0,131,8,139,0,2,181,8,191,142,0,142,333
01/24/2000,CRG,FL,ASO,ES,Federal Contract Tower,0,22,50,0,72,0,10,0,15,25,0,32,50,15,97,8,0,8,105
01/25/2000,CRG,FL,ASO,ES,Federal Contract Tower,0,25,66,0,91,0,10,138,50,198,0,35,204,50,289,95,22,117,406
01/26/2000,CRG,FL,ASO,ES,Federal Contract Tower,0,30,81,0,111,0,0,143,60,203,0,30,224,60,314,102,6,108,422
01/27/2000,CRG,FL,ASO,ES,Federal Contract Tower,0,25,67,0,92,0,7,131,33,171,0,32,198,33,263,154,8,162,425
01/28/2000,CRG,FL,ASO,ES,Federal Contract Tower,0,27,71,0,98,0,1,61,32,94,0,28,132,32,192,58,0,58,250
01/29/2000,CRG,FL,ASO,ES,Federal Contract Tower,0,6,33,0,39,0,0,35,0,35,0,6,68,0,74,10,0,10,84
01/30/2000,CRG,FL,ASO,ES,Federal Contract Tower,0,0,26,0,26,0,0,71,1,72,0,0,97,1,98,86,0,86,184
01/31/2000,CRG,FL,ASO,ES,Federal Contract Tower,0,27,73,0,100,0,0,126,50,176,0,27,199,50,276,120,6,126,402
02/01/2000,CRG,FL,ASO,ES,Federal Contract Tower,0,23,73,1,97,0,10,179,96,285,0,33,252,97,382,166,0,166,548
02/02/2000,CRG,FL,ASO,ES,Federal Contract Tower,0,22,69,1,92,0,11,161,84,256,0,33,230,85,348,140,52,192,540
02/03/2000,CRG,FL,ASO,ES,Federal Contract Tower,0,24,72,1,97,0,7,151,44,202,0,31,223,45,299,174,22,196,495
02/04/2000,CRG,FL,ASO,ES,Federal Contract Tower,0,20,60,1,81,0,8,179,18,205,0,28,239,19,286,106,0,106,392
02/05/2000,CRG,FL,ASO,ES,Federal Contract Tower,0,3,24,0,27,0,0,197,0,197,0,3,221,0,224,194,0,194,418
02/06/2000,CRG,FL,ASO,ES,Federal Contract Tower,0,1,36,1,38,0,0,172,3,175,0,1,208,4,213,177,0,177,390
02/07/2000,CRG,FL,ASO,ES,Federal Contract Tower,0,18,55,1,74,0,9,124,77,210,0,27,179,78,284,127,0,127,411
02/08/2000,CRG,FL,ASO,ES,Federal Contract Tower,0,24,72,1,97,0,4,112,111,227,0,28,184,112,324,148,4,152,476
02/09/2000,CRG,FL,ASO,ES,Federal Contract Tower,0,22,67,1,90,0,7,103,68,178,0,29,170,69,268,52,2,54,322
02/10/2000,CRG,FL,ASO,ES,Federal Contract Tower,0,23,72,1,96,0,3,189,37,229,0,26,261,38,325,183,2,185,510
02/11/2000,CRG,FL,ASO,ES,Federal Contract Tower,0,25,81,1,107,0,0,175,22,197,0,25,256,23,304,114,4,118,422
02/12/2000,CRG,FL,ASO,ES,Federal Contract Tower,0,7,47,1,55,0,0,185,16,201,0,7,232,17,256,135,12,147,403
02/13/2000,CRG,FL,ASO,ES,Federal Contract Tower,0,0,40,1,41,0,0,155,8,163,0,0,195,9,204,102,2,104,308
02/14/2000,CRG,FL,ASO,ES,Federal Contract Tower,0,15,45,1,61,0,10,22,9,41,0,25,67,10,102,4,0,4,106
02/15/2000,CRG,FL,ASO,ES,Federal Contract Tower,0,26,78,1,105,0,5,194,55,254,0,31,272,56,359,98,24,122,481
02/16/2000,CRG,FL,ASO,ES,Federal Contract Tower,0,22,69,1,92,0,5,169,57,231,0,27,238,58,323,168,32,200,523
02/17/2000,CRG,FL,ASO,ES,Federal Contract Tower,0,27,83,0,110,0,5,136,18,159,0,32,219,18,269,174,0,174,443
02/18/2000,CRG,FL,ASO,ES,Federal Contract Tower,0,23,73,0,96,0,5,194,17,216,0,28,267,17,312,84,0,84,396
02/19/2000,CRG,FL,ASO,ES,Federal Contract Tower,0,4,64,0,68,0,0,144,2,146,0,4,208,2,214,77,0,77,291
02/20/2000,CRG,FL,ASO,ES,Federal Contract Tower,0,0,51,0,51,0,0,149,2,151,0,0,200,2,202,152,0,152,354
02/21/2000,CRG,FL,ASO,ES,Federal Contract Tower,0,9,45,0,54,0,0,182,0,182,0,9,227,0,236,226,0,226,462
02/22/2000,CRG,FL,ASO,ES,Federal Contract Tower,0,24,76,0,100,0,10,109,63,182,0,34,185,63,282,70,18,88,370
02/23/2000,CRG,FL,ASO,ES,Federal Contract Tower,0,28,85,0,113,0,6,98,72,176,0,34,183,72,289,111,72,183,472
02/24/2000,CRG,FL,ASO,ES,Federal Contract Tower,0,25,76,0,101,0,7,139,29,175,0,32,215,29,276,172,14,186,462
02/25/2000,CRG,FL,ASO,ES,Federal Contract Tower,0,23,70,0,93,0,5,200,43,248,0,28,270,43,341,166,0,166,507
02/26/2000,CRG,FL,ASO,ES,Federal Contract Tower,0,4,34,0,38,0,0,221,22,243,0,4,255,22,281,111,6,117,398
02/27/2000,CRG,FL,ASO,ES,Federal Contract Tower,0,0,25,0,25,0,0,125,14,139,0,0,150,14,164,100,6,106,270
02/28/2000,CRG,FL,ASO,ES,Federal Contract Tower,0,22,69,0,91,0,5,180,71,256,0,27,249,71,347,78,30,108,455
02/29/2000,CRG,FL,ASO,ES,Federal Contract Tower,0,20,64,0,84,0,9,138,42,189,0,29,202,42,273,117,61,178,451
03/01/2000,CRG,FL,ASO,ES,Federal Contract Tower,0,19,60,1,80,0,23,182,25,230,0,42,242,26,310,141,0,141,451
03/02/2000,CRG,FL,ASO,ES,Federal Contract Tower,0,25,74,1,100,0,10,120,42,172,0,35,194,43,272,83,4,87,359
03/03/2000,CRG,FL,ASO,ES,Federal Contract Tower,0,23,68,1,92,0,1,178,12,191,0,24,246,13,283,74,0,74,357
03/04/2000,CRG,FL,ASO,ES,Federal Contract Tower,0,8,40,0,48,0,0,78,0,78,0,8,118,0,126,58,0,58,184
03/05/2000,CRG,FL,ASO,ES,Federal Contract Tower,0,4,41,1,46,0,0,171,11,182,0,4,212,12,228,169,0,169,397
03/06/2000,CRG,FL,ASO,ES,Federal Contract Tower,0,15,44,1,60,0,10,125,43,178,0,25,169,44,238,107,0,107,345
03/07/2000,CRG,FL,ASO,ES,Federal Contract Tower,0,23,67,1,91,0,7,124,15,146,0,30,191,16,237,112,0,112,349
03/08/2000,CRG,FL,ASO,ES,Federal Contract Tower,0,20,59,1,80,0,16,151,35,202,0,36,210,36,282,65,4,69,351
03/09/2000,CRG,FL,ASO,ES,Federal Contract Tower,0,21,62,1,84,0,10,155,39,204,0,31,217,40,288,64,15,79,367
03/10/2000,CRG,FL,ASO,ES,Federal Contract Tower,0,26,76,1,103,0,1,147,15,163,0,27,223,16,266,131,0,131,397
03/11/2000,CRG,FL,ASO,ES,Federal Contract Tower,0,5,21,1,27,0,0,100,11,111,0,5,121,12,138,73,8,81,219
03/12/2000,CRG,FL,ASO,ES,Federal Contract Tower,0,0,46,1,47,0,0,109,7,116,0,0,155,8,163,95,0,95,258
03/13/2000,CRG,FL,ASO,ES,Federal Contract Tower,0,20,58,1,79,0,6,153,52,211,0,26,211,53,290,107,0,107,397
03/14/2000,CRG,FL,ASO,ES,Federal Contract Tower,0,18,53,1,72,0,9,137,80,226,0,27,190,81,298,95,20,115,413
03/15/2000,CRG,FL,ASO,ES,Federal Contract Tower,0,27,81,0,108,0,4,173,58,235,0,31,254,58,343,111,8,119,462
03/16/2000,CRG,FL,ASO,ES,Federal Contract Tower,0,20,59,0,79,0,15,90,29,134,0,35,149,29,213,105,24,129,342
03/17/2000,CRG,FL,ASO,ES,Federal Contract Tower,0,24,96,0,120,0,0,116,4,120,0,24,212,4,240,64,0,64,304
03/18/2000,CRG,FL,ASO,ES,Federal Contract Tower,0,4,62,0,66,0,0,49,68,117,0,4,111,68,183,5,0,5,188
03/19/2000,CRG,FL,ASO,ES,Federal Contract Tower,0,1,28,0,29,0,0,97,14,111,0,1,125,14,140,36,0,36,176
03/20/2000,CRG,FL,ASO,ES,Federal Contract Tower,0,20,61,0,81,0,7,128,30,165,0,27,189,30,246,71,8,79,325
03/21/2000,CRG,FL,ASO,ES,Federal Contract Tower,0,22,67,0,89,0,7,198,87,292,0,29,265,87,381,157,44,201,582
03/22/2000,CRG,FL,ASO,ES,Federal Contract Tower,0,27,81,0,108,0,5,213,52,270,0,32,294,52,378,188,0,188,566
03/23/2000,CRG,FL,ASO,ES,Federal Contract Tower,0,32,99,0,131,0,0,91,82,173,0,32,190,82,304,38,8,46,350
03/24/2000,CRG,FL,ASO,ES,Federal Contract Tower,0,25,85,0,110,0,0,165,12,177,0,25,250,12,287,139,0,139,426
03/25/2000,CRG,FL,ASO,ES,Federal Contract Tower,0,10,51,0,61,0,0,216,0,216,0,10,267,0,277,133,0,133,410
03/26/2000,CRG,FL,ASO,ES,Federal Contract Tower,0,1,49,0,50,0,0,131,5,136,0,1,180,5,186,34,0,34,220
03/27/2000,CRG,FL,ASO,ES,Federal Contract Tower,0,23,71,0,94,0,7,53,27,87,0,30,124,27,181,67,0,67,248
03/28/2000,CRG,FL,ASO,ES,Federal Contract Tower,0,22,65,0,87,0,11,202,54,267,0,33,267,54,354,176,0,176,530
03/29/2000,CRG,FL,ASO,ES,Federal Contract Tower,0,27,80,0,107,0,5,155,86,246,0,32,235,86,353,134,20,154,507
03/30/2000,CRG,FL,ASO,ES,Federal Contract Tower,0,23,68,0,91,0,3,51,19,73,0,26,119,19,164,79,0,79,243
03/31/2000,CRG,FL,ASO,ES,Federal Contract Tower,0,31,99,0,130,0,0,108,16,124,0,31,207,16,254,80,0,80,334
04/01/2000,CRG,FL,ASO,ES,Federal Contract Tower,0,4,42,0,46,0,0,165,13,178,0,4,207,13,224,115,2,117,341
04/02/2000,CRG,FL,ASO,ES,Federal Contract Tower,0,2,43,1,46,0,0,161,9,170,0,2,204,10,216,158,0,158,374
04/03/2000,CRG,FL,ASO,ES,Federal Contract Tower,0,23,72,1,96,0,11,134,35,180,0,34,206,36,276,144,0,144,420
04/04/2000,CRG,FL,ASO,ES,Federal Contract Tower,0,26,79,1,106,0,11,72,53,136,0,37,151,54,242,94,8,102,344
04/05/2000,CRG,FL,ASO,ES,Federal Contract Tower,0,20,64,1,85,0,14,192,109,315,0,34,256,110,400,125,8,133,533
04/06/2000,CRG,FL,ASO,ES,Federal Contract Tower,0,19,58,1,78,0,14,167,41,222,0,33,225,42,300,119,5,124,424
04/07/2000,CRG,FL,ASO,ES,Federal Contract Tower,0,23,72,1,96,0,9,205,30,244,0,32,277,31,340,155,0,155,495
04/08/2000,CRG,FL,ASO,ES,Federal Contract Tower,0,8,27,1,36,0,0,155,15,170,0,8,182,16,206,70,2,72,278
04/09/2000,CRG,FL,ASO,ES,Federal Contract Tower,0,0,33,1,34,0,0,205,6,211,0,0,238,7,245,36,8,44,289
04/10/2000,CRG,FL,ASO,ES,Federal Contract Tower,0,23,73,1,97,0,3,140,46,189,0,26,213,47,286,133,0,133,419
04/11/2000,CRG,FL,ASO,ES,Federal Contract Tower,0,21,65,1,87,0,13,148,67,228,0,34,213,68,315,157,0,157,472
04/12/2000,CRG,FL,ASO,ES,Federal Contract Tower,0,28,86,1,115,0,3,144,73,220,0,31,230,74,335,127,20,147,482
04/13/2000,CRG,FL,ASO,ES,Federal Contract Tower,0,23,91,1,115,0,0,115,71,186,0,23,206,72,301,31,2,33,334
04/14/2000,CRG,FL,ASO,ES,Federal Contract Tower,0,25,89,1,115,0,0,19,1,20,0,25,108,2,135,0,0,0,135
04/15/2000,CRG,FL,ASO,ES,Federal Contract Tower,0,4,44,1,49,0,0,75,7,82,0,4,119,8,131,50,4,54,185
04/16/2000,CRG,FL,ASO,ES,Federal Contract Tower,0,0,48,1,49,0,0,128,4,132,0,0,176,5,181,132,24,156,337
04/17/2000,CRG,FL,ASO,ES,Federal Contract Tower,0,15,46,1,62,0,13,123,27,163,0,28,169,28,225,87,0,87,312
04/18/2000,CRG,FL,ASO,ES,Federal Contract Tower,0,21,67,0,88,0,11,163,53,227,0,32,230,53,315,134,18,152,467
04/19/2000,CRG,FL,ASO,ES,Federal Contract Tower,0,23,73,0,96,0,6,159,113,278,0,29,232,113,374,146,38,184,558
04/20/2000,CRG,FL,ASO,ES,Federal Contract Tower,0,27,85,0,112,0,6,173,45,224,0,33,258,45,336,173,39,212,548
04/21/2000,CRG,FL,ASO,ES,Federal Contract Tower,0,18,57,0,75,0,9,116,22,147,0,27,173,22,222,51,12,63,285
04/22/2000,CRG,FL,ASO,ES,Federal Contract Tower,0,3,22,0,25,0,0,176,0,176,0,3,198,0,201,129,0,129,330
04/23/2000,CRG,FL,ASO,ES,Federal Contract Tower,0,2,28,0,30,0,0,126,2,128,0,2,154,2,158,34,0,34,192
04/24/2000,CRG,FL,ASO,ES,Federal Contract Tower,0,21,66,0,87,0,8,58,10,76,0,29,124,10,163,56,0,56,219
04/25/2000,CRG,FL,ASO,ES,Federal Contract Tower,0,25,78,0,103,0,12,139,58,209,0,37,217,58,312,109,8,117,429
04/26/2000,CRG,FL,ASO,ES,Federal Contract Tower,0,24,76,0,100,0,6,163,56,225,0,30,239,56,325,198,12,210,535
04/27/2000,CRG,FL,ASO,ES,Federal Contract Tower,0,24,76,0,100,0,8,192,30,230,0,32,268,30,330,128,4,132,462
04/28/2000,CRG,FL,ASO,ES,Federal Contract Tower,0,21,65,0,86,0,11,85,5,101,0,32,150,5,187,54,0,54,241
04/29/2000,CRG,FL,ASO,ES,Federal Contract Tower,0,4,34,0,38,0,0,233,0,233,0,4,267,0,271,151,0,151,422
04/30/2000,CRG,FL,ASO,ES,Federal Contract Tower,0,5,39,0,44,0,0,191,2,193,0,5,230,2,237,133,0,133,370
05/01/2000,CRG,FL,ASO,ES,Federal Contract Tower,0,20,57,0,77,0,13,175,64,252,0,33,232,64,329,133,0,133,462
05/02/2000,CRG,FL,ASO,ES,Federal Contract Tower,0,23,67,0,90,0,7,135,54,196,0,30,202,54,286,199,0,199,485
05/03/2000,CRG,FL,ASO,ES,Federal Contract Tower,0,17,49,0,66,0,14,152,66,232,0,31,201,66,298,187,22,209,507
05/04/2000,CRG,FL,ASO,ES,Federal Contract Tower,0,24,70,0,94,0,7,122,76,205,0,31,192,76,299,222,4,226,525
05/05/2000,CRG,FL,ASO,ES,Federal Contract Tower,0,22,63,0,85,0,3,171,46,220,0,25,234,46,305,93,0,93,398
05/06/2000,CRG,FL,ASO,ES,Federal Contract Tower,0,10,33,0,43,0,0,185,27,212,0,10,218,27,255,44,0,44,299
05/07/2000,CRG,FL,ASO,ES,Federal Contract Tower,0,2,34,0,36,0,0,176,8,184,0,2,210,8,220,124,2,126,346
05/08/2000,CRG,FL,ASO,ES,Federal Contract Tower,0,14,44,1,59,0,11,168,41,220,0,25,212,42,279,128,8,136,415
05/09/2000,CRG,FL,ASO,ES,Federal Contract Tower,0,21,64,1,86,0,10,136,34,180,0,31,200,35,266,130,3,133,399
05/10/2000,CRG,FL,ASO,ES,Federal Contract Tower,0,26,78,1,105,0,3,180,59,242,0,29,258,60,347,152,0,152,499
05/11/2000,CRG,FL,ASO,ES,Federal Contract Tower,0,21,64,1,86,0,12,237,31,280,0,33,301,32,366,178,0,178,544
05/12/2000,CRG,FL,ASO,ES,Federal Contract Tower,0,26,79,1,106,0,11,186,34,231,0,37,265,35,337,165,0,165,502
05/13/2000,CRG,FL,ASO,ES,Federal Contract Tower,0,3,34,1,38,0,0,170,4,174,0,3,204,5,212,148,0,148,360
05/14/2000,CRG,FL,ASO,ES,Federal Contract Tower,0,3,24,1,28,0,0,107,2,109,0,3,131,3,137,86,0,86,223
05/15/2000,CRG,FL,ASO,ES,Federal Contract Tower,0,22,68,0,90,0,7,140,63,210,0,29,208,63,300,86,0,86,386
05/16/2000,CRG,FL,ASO,ES,Federal Contract Tower,0,22,70,0,92,0,11,218,74,303,0,33,288,74,395,161,10,171,566
05/17/2000,CRG,FL,ASO,ES,Federal Contract Tower,0,23,73,0,96,0,6,219,34,259,0,29,292,34,355,177,6,183,538
05/18/2000,CRG,FL,ASO,ES,Federal Contract Tower,0,25,78,0,103,0,9,208,50,267,0,34,286,50,370,136,36,172,542
05/19/2000,CRG,FL,ASO,ES,Federal Contract Tower,0,21,66,0,87,0,8,181,17,206,0,29,247,17,293,85,2,87,380
05/20/2000,CRG,FL,ASO,ES,Federal Contract Tower,0,3,28,0,31,0,0,148,11,159,0,3,176,11,190,174,4,178,368
05/21/2000,CRG,FL,ASO,ES,Federal Contract Tower,0,1,24,0,25,0,0,138,8,146,0,1,162,8,171,150,0,150,321
05/22/2000,CRG,FL,ASO,ES,Federal Contract Tower,0,21,64,0,85,0,11,110,30,151,0,32,174,30,236,94,28,122,358
05/23/2000,CRG,FL,ASO,ES,Federal Contract Tower,0,24,74,0,98,0,3,155,32,190,0,27,229,32,288,108,73,181,469
05/24/2000,CRG,FL,ASO,ES,Federal Contract Tower,0,23,73,0,96,0,6,167,42,215,0,29,240,42,311,162,6,168,479
05/25/2000,CRG,FL,ASO,ES,Federal Contract Tower,0,26,82,0,108,0,9,154,68,231,0,35,236,68,339,104,19,123,462
05/26/2000,CRG,FL,ASO,ES,Federal Contract Tower,0,25,76,0,101,0,3,124,7,134,0,28,200,7,235,103,0,103,338
05/27/2000,CRG,FL,ASO,ES,Federal Contract Tower,0,7,30,0,37,0,0,167,2,169,0,7,197,2,206,80,0,80,286
05/28/2000,CRG,FL,ASO,ES,Federal Contract Tower,0,0,20,0,20,0,0,105,0,105,0,0,125,0,125,39,0,39,164
05/29/2000,CRG,FL,ASO,ES,Federal Contract Tower,0,0,44,0,44,0,0,159,0,159,0,0,203,0,203,66,0,66,269
05/30/2000,CRG,FL,ASO,ES,Federal Contract Tower,0,18,57,0,75,0,9,107,67,183,0,27,164,67,258,112,0,112,370
05/31/2000,CRG,FL,ASO,ES,Federal Contract Tower,0,23,70,0,93,0,4,130,81,215,0,27,200,81,308,135,22,157,465
06/01/2000,CRG,FL,ASO,ES,Federal Contract Tower,0,14,57,1,72,0,9,171,86,266,0,23,228,87,338,157,18,175,513
06/02/2000,CRG,FL,ASO,ES,Federal Contract Tower,0,13,53,1,67,0,7,176,46,229,0,20,229,47,296,139,0,139,435
06/03/2000,CRG,FL,ASO,ES,Federal Contract Tower,0,5,34,1,40,0,0,199,4,203,0,5,233,5,243,136,0,136,379
06/04/2000,CRG,FL,ASO,ES,Federal Contract Tower,0,0,27,0,27,0,0,109,0,109,0,0,136,0,136,88,0,88,224
06/05/2000,CRG,FL,ASO,ES,Federal Contract Tower,0,12,47,1,60,0,8,113,54,175,0,20,160,55,235,82,0,82,317
06/06/2000,CRG,FL,ASO,ES,Federal Contract Tower,0,16,63,1,80,0,11,152,43,206,0,27,215,44,286,108,2,110,396
06/07/2000,CRG,FL,ASO,ES,Federal Contract Tower,0,16,65,1,82,0,7,142,122,271,0,23,207,123,353,96,28,124,477
06/08/2000,CRG,FL,ASO,ES,Federal Contract Tower,0,16,64,1,81,0,10,143,65,218,0,26,207,66,299,184,4,188,487
06/09/2000,CRG,FL,ASO,ES,Federal Contract Tower,0,15,61,1,77,0,4,119,23,146,0,19,180,24,223,108,4,112,335
06/10/2000,CRG,FL,ASO,ES,Federal Contract Tower,0,3,34,1,38,0,0,150,1,151,0,3,184,2,189,107,0,107,296
06/11/2000,CRG,FL,ASO,ES,Federal Contract Tower,0,1,52,1,54,0,0,73,1,74,0,1,125,2,128,44,0,44,172
06/12/2000,CRG,FL,ASO,ES,Federal Contract Tower,0,17,71,0,88,0,4,133,20,157,0,21,204,20,245,131,22,153,398
06/13/2000,CRG,FL,ASO,ES,Federal Contract Tower,0,14,57,0,71,0,11,154,22,187,0,25,211,22,258,136,0,136,394
06/14/2000,CRG,FL,ASO,ES,Federal Contract Tower,0,12,50,0,62,0,15,166,63,244,0,27,216,63,306,104,20,124,430
06/15/2000,CRG,FL,ASO,ES,Federal Contract Tower,0,14,58,0,72,0,7,153,19,179,0,21,211,19,251,67,0,67,318
06/16/2000,CRG,FL,ASO,ES,Federal Contract Tower,0,16,64,0,80,0,3,167,6,176,0,19,231,6,256,86,2,88,344
06/17/2000,CRG,FL,ASO,ES,Federal Contract Tower,0,2,26,0,28,0,0,154,16,170,0,2,180,16,198,70,2,72,270
06/18/2000,CRG,FL,ASO,ES,Federal Contract Tower,0,4,30,0,34,0,0,146,8,154,0,4,176,8,188,46,0,46,234
06/19/2000,CRG,FL,ASO,ES,Federal Contract Tower,0,12,51,0,63,0,8,155,41,204,0,20,206,41,267,119,0,119,386
06/20/2000,CRG,FL,ASO,ES,Federal Contract Tower,0,11,44,0,55,0,10,144,31,185,0,21,188,31,240,153,2,155,395
06/21/2000,CRG,FL,ASO,ES,Federal Contract Tower,0,15,63,0,78,0,6,130,15,151,0,21,193,15,229,104,20,124,353
06/22/2000,CRG,FL,ASO,ES,Federal Contract Tower,0,20,87,0,107,0,0,123,33,156,0,20,210,33,263,102,4,106,369
06/23/2000,CRG,FL,ASO,ES,Federal Contract Tower,0,14,60,0,74,0,4,85,8,97,0,18,145,8,171,85,0,85,256
06/24/2000,CRG,FL,ASO,ES,Federal Contract Tower,0,2,28,0,30,0,0,163,1,164,0,2,191,1,194,131,0,131,325
06/25/2000,CRG,FL,ASO,ES,Federal Contract Tower,0,0,37,0,37,0,0,147,0,147,0,0,184,0,184,88,0,88,272
06/26/2000,CRG,FL,ASO,ES,Federal Contract Tower,0,11,45,0,56,0,13,132,25,170,0,24,177,25,226,93,0,93,319
06/27/2000,CRG,FL,ASO,ES,Federal Contract Tower,0,15,63,0,78,0,8,104,16,128,0,23,167,16,206,66,10,76,282
06/28/2000,CRG,FL,ASO,ES,Federal Contract Tower,0,17,72,0,89,0,4,114,25,143,0,21,186,25,232,95,24,119,351
06/29/2000,CRG,FL,ASO,ES,Federal Contract Tower,0,15,62,0,77,0,15,102,14,131,0,30,164,14,208,112,0,112,320
06/30/2000,CRG,FL,ASO,ES,Federal Contract Tower,0,19,78,0,97,0,4,97,16,117,0,23,175,16,214,38,12,50,264
07/01/2000,CRG,FL,ASO,ES,Federal Contract Tower,0,1,30,0,31,0,0,156,0,156,0,1,186,0,187,118,0,118,305
07/02/2000,CRG,FL,ASO,ES,Federal Contract Tower,0,0,22,0,22,0,0,104,0,104,0,0,126,0,126,91,0,91,217
07/03/2000,CRG,FL,ASO,ES,Federal Contract Tower,0,11,37,0,48,0,13,158,1,172,0,24,195,1,220,119,2,121,341
07/04/2000,CRG,FL,ASO,ES,Federal Contract Tower,0,2,32,0,34,0,0,100,0,100,0,2,132,0,134,84,0,84,218
07/05/2000,CRG,FL,ASO,ES,Federal Contract Tower,0,16,55,0,71,0,9,141,54,204,0,25,196,54,275,184,0,184,459
07/06/2000,CRG,FL,ASO,ES,Federal Contract Tower,0,18,64,0,82,0,9,156,30,195,0,27,220,30,277,112,0,112,389
07/07/2000,CRG,FL,ASO,ES,Federal Contract Tower,0,15,52,0,67,0,6,71,18,95,0,21,123,18,162,99,38,137,299
07/08/2000,CRG,FL,ASO,ES,Federal Contract Tower,0,3,40,1,44,0,0,122,1,123,0,3,162,2,167,112,2,114,281
07/09/2000,CRG,FL,ASO,ES,Federal Contract Tower,0,2,37,0,39,0,0,136,0,136,0,2,173,0,175,100,0,100,275
07/10/2000,CRG,FL,ASO,ES,Federal Contract Tower,0,12,47,1,60,0,10,132,38,180,0,22,179,39,240,56,0,56,296
07/11/2000,CRG,FL,ASO,ES,Federal Contract Tower,0,17,65,1,83,0,5,111,48,164,0,22,176,49,247,104,4,108,355
07/12/2000,CRG,FL,ASO,ES,Federal Contract Tower,0,17,65,1,83,0,6,139,47,192,0,23,204,48,275,153,23,176,451
07/13/2000,CRG,FL,ASO,ES,Federal Contract Tower,0,17,65,0,82,0,12,130,48,190,0,29,195,48,272,115,2,117,389
07/14/2000,CRG,FL,ASO,ES,Federal Contract Tower,0,17,65,0,82,0,5,111,11,127,0,22,176,11,209,55,4,59,268
07/15/2000,CRG,FL,ASO,ES,Federal Contract Tower,0,2,34,0,36,0,0,134,14,148,0,2,168,14,184,88,0,88,272
07/16/2000,CRG,FL,ASO,ES,Federal Contract Tower,0,2,34,0,36,0,0,91,9,100,0,2,125,9,136,48,0,48,184
07/17/2000,CRG,FL,ASO,ES,Federal Contract Tower,0,13,49,0,62,0,9,99,56,164,0,22,148,56,226,72,13,85,311
07/18/2000,CRG,FL,ASO,ES,Federal Contract Tower,0,20,75,0,95,0,3,177,66,246,0,23,252,66,341,198,8,206,547
07/19/2000,CRG,FL,ASO,ES,Federal Contract Tower,0,16,61,0,77,0,8,114,92,214,0,24,175,92,291,86,12,98,389
07/20/2000,CRG,FL,ASO,ES,Federal Contract Tower,0,19,71,0,90,0,4,85,29,118,0,23,156,29,208,71,56,127,335
07/21/2000,CRG,FL,ASO,ES,Federal Contract Tower,0,16,61,0,77,0,4,128,24,156,0,20,189,24,233,116,8,124,357
07/22/2000,CRG,FL,ASO,ES,Federal Contract Tower,0,3,27,0,30,0,0,102,0,102,0,3,129,0,132,42,0,42,174
07/23/2000,CRG,FL,ASO,ES,Federal Contract Tower,0,1,27,0,28,0,0,108,6,114,0,1,135,6,142,62,0,62,204
07/24/2000,CRG,FL,ASO,ES,Federal Contract Tower,0,12,45,0,57,0,13,88,47,148,0,25,133,47,205,96,4,100,305
07/25/2000,CRG,FL,ASO,ES,Federal Contract Tower,0,15,58,0,73,0,7,99,47,153,0,22,157,47,226,58,0,58,284
07/26/2000,CRG,FL,ASO,ES,Federal Contract Tower,0,16,60,0,76,0,7,129,38,174,0,23,189,38,250,140,2,142,392
07/27/2000,CRG,FL,ASO,ES,Federal Contract Tower,0,21,79,0,100,0,4,103,57,164,0,25,182,57,264,113,14,127,391
07/28/2000,CRG,FL,ASO,ES,Federal Contract Tower,0,12,47,0,59,0,5,124,20,149,0,17,171,20,208,95,0,95,303
07/29/2000,CRG,FL,ASO,ES,Federal Contract Tower,0,5,28,0,33,0,0,133,0,133,0,5,161,0,166,90,0,90,256
07/30/2000,CRG,FL,ASO,ES,Federal Contract Tower,0,2,37,0,39,0,0,129,0,129,0,2,166,0,168,58,0,58,226
07/31/2000,CRG,FL,ASO,ES,Federal Contract Tower,0,12,49,0,61,0,12,80,44,136,0,24,129,44,197,43,38,81,278
08/01/2000,CRG,FL,ASO,ES,Federal Contract Tower,0,18,58,0,76,0,6,144,36,186,0,24,202,36,262,64,0,64,326
08/02/2000,CRG,FL,ASO,ES,Federal Contract Tower,0,17,52,0,69,0,9,95,72,176,0,26,147,72,245,138,0,138,383
08/03/2000,CRG,FL,ASO,ES,Federal Contract Tower,0,18,58,0,76,0,5,103,29,137,0,23,161,29,213,66,30,96,309
08/04/2000,CRG,FL,ASO,ES,Federal Contract Tower,0,14,44,0,58,0,9,140,12,161,0,23,184,12,219,72,0,72,291
08/05/2000,CRG,FL,ASO,ES,Federal Contract Tower,0,3,22,0,25,0,0,111,4,115,0,3,133,4,140,186,0,186,326
08/06/2000,CRG,FL,ASO,ES,Federal Contract Tower,0,1,38,0,39,0,0,126,2,128,0,1,164,2,167,89,0,89,256
08/07/2000,CRG,FL,ASO,ES,Federal Contract Tower,0,17,54,0,71,0,5,142,77,224,0,22,196,77,295,106,0,106,401
08/08/2000,CRG,FL,ASO,ES,Federal Contract Tower,0,17,54,0,71,0,13,139,80,232,0,30,193,80,303,161,12,173,476
08/09/2000,CRG,FL,ASO,ES,Federal Contract Tower,0,18,58,0,76,0,10,168,81,259,0,28,226,81,335,192,30,222,557
08/10/2000,CRG,FL,ASO,ES,Federal Contract Tower,0,20,64,0,84,0,7,180,43,230,0,27,244,43,314,110,4,114,428
08/11/2000,CRG,FL,ASO,ES,Federal Contract Tower,0,20,64,0,84,0,3,135,22,160,0,23,199,22,244,108,0,108,352
08/12/2000,CRG,FL,ASO,ES,Federal Contract Tower,0,4,22,1,27,0,0,88,3,91,0,4,110,4,118,102,0,102,220
08/13/2000,CRG,FL,ASO,ES,Federal Contract Tower,0,2,25,1,28,0,0,126,2,128,0,2,151,3,156,81,0,81,237
08/14/2000,CRG,FL,ASO,ES,Federal Contract Tower,0,15,49,1,65,0,7,145,49,201,0,22,194,50,266,88,0,88,354
08/15/2000,CRG,FL,ASO,ES,Federal Contract Tower,0,17,57,0,74,0,7,109,99,215,0,24,166,99,289,65,0,65,354
08/16/2000,CRG,FL,ASO,ES,Federal Contract Tower,0,15,49,0,64,0,9,117,52,178,0,24,166,52,242,106,4,110,352
08/17/2000,CRG,FL,ASO,ES,Federal Contract Tower,0,21,69,0,90,0,9,118,60,187,0,30,187,60,277,120,0,120,397
08/18/2000,CRG,FL,ASO,ES,Federal Contract Tower,0,16,53,0,69,0,4,130,25,159,0,20,183,25,228,52,4,56,284
08/19/2000,CRG,FL,ASO,ES,Federal Contract Tower,0,2,30,0,32,0,0,103,4,107,0,2,133,4,139,140,0,140,279
08/20/2000,CRG,FL,ASO,ES,Federal Contract Tower,0,0,33,0,33,0,0,135,0,135,0,0,168,0,168,134,0,134,302
08/21/2000,CRG,FL,ASO,ES,Federal Contract Tower,0,12,42,0,54,0,6,97,20,123,0,18,139,20,177,80,18,98,275
08/22/2000,CRG,FL,ASO,ES,Federal Contract Tower,0,20,67,0,87,0,3,119,72,194,0,23,186,72,281,175,2,177,458
08/23/2000,CRG,FL,ASO,ES,Federal Contract Tower,0,16,53,0,69,0,6,176,68,250,0,22,229,68,319,77,22,99,418
08/24/2000,CRG,FL,ASO,ES,Federal Contract Tower,0,19,66,0,85,0,0,148,51,199,0,19,214,51,284,90,0,90,374
08/25/2000,CRG,FL,ASO,ES,Federal Contract Tower,0,19,63,0,82,0,3,101,19,123,0,22,164,19,205,42,4,46,251
08/26/2000,CRG,FL,ASO,ES,Federal Contract Tower,0,4,48,0,52,0,0,167,2,169,0,4,215,2,221,114,0,114,335
08/27/2000,CRG,FL,ASO,ES,Federal Contract Tower,0,1,33,0,34,0,0,155,4,159,0,1,188,4,193,124,0,124,317
08/28/2000,CRG,FL,ASO,ES,Federal Contract Tower,0,18,59,0,77,0,1,146,40,187,0,19,205,40,264,90,2,92,356
08/29/2000,CRG,FL,ASO,ES,Federal Contract Tower,0,21,71,0,92,0,3,96,78,177,0,24,167,78,269,88,24,112,381
08/30/2000,CRG,FL,ASO,ES,Federal Contract Tower,0,23,76,0,99,0,3,66,64,133,0,26,142,64,232,41,0,41,273
08/31/2000,CRG,FL,ASO,ES,Federal Contract Tower,0,17,58,0,75,0,13,100,61,174,0,30,158,61,249,62,0,62,311
09/01/2000,CRG,FL,ASO,ES,Federal Contract Tower,0,21,58,0,79,0,9,92,9,110,0,30,150,9,189,58,0,58,247
09/02/2000,CRG,FL,ASO,ES,Federal Contract Tower,0,2,28,0,30,0,0,98,5,103,0,2,126,5,133,108,0,108,241
09/03/2000,CRG,FL,ASO,ES,Federal Contract Tower,0,0,17,0,17,0,0,99,0,99,0,0,116,0,116,96,0,96,212
09/04/2000,CRG,FL,ASO,ES,Federal Contract Tower,0,0,27,0,27,0,0,148,0,148,0,0,175,0,175,102,0,102,277
09/05/2000,CRG,FL,ASO,ES,Federal Contract Tower,0,17,48,0,65,0,8,64,8,80,0,25,112,8,145,49,0,49,194
09/06/2000,CRG,FL,ASO,ES,Federal Contract Tower,0,19,54,0,73,0,8,7,10,25,0,27,61,10,98,17,0,17,115
09/07/2000,CRG,FL,ASO,ES,Federal Contract Tower,0,20,54,0,74,0,3,19,28,50,0,23,73,28,124,30,0,30,154
09/08/2000,CRG,FL,ASO,ES,Federal Contract Tower,0,20,56,0,76,0,6,50,12,68,0,26,106,12,144,96,68,164,308
09/09/2000,CRG,FL,ASO,ES,Federal Contract Tower,0,2,35,1,38,0,0,68,3,71,0,2,103,4,109,127,0,127,236
09/10/2000,CRG,FL,ASO,ES,Federal Contract Tower,0,0,36,1,37,0,0,137,8,145,0,0,173,9,182,65,0,65,247
09/11/2000,CRG,FL,ASO,ES,Federal Contract Tower,0,19,54,1,74,0,4,144,52,200,0,23,198,53,274,97,0,97,371
09/12/2000,CRG,FL,ASO,ES,Federal Contract Tower,0,21,63,1,85,0,7,132,104,243,0,28,195,105,328,121,0,121,449
09/13/2000,CRG,FL,ASO,ES,Federal Contract Tower,0,18,51,1,70,0,7,177,123,307,0,25,228,124,377,130,4,134,511
09/14/2000,CRG,FL,ASO,ES,Federal Contract Tower,0,23,67,1,91,0,2,163,36,201,0,25,230,37,292,76,2,78,370
09/15/2000,CRG,FL,ASO,ES,Federal Contract Tower,0,21,63,1,85,0,4,206,24,234,0,25,269,25,319,132,11,143,462
09/16/2000,CRG,FL,ASO,ES,Federal Contract Tower,0,2,34,1,37,0,0,169,3,172,0,2,203,4,209,144,0,144,353
09/17/2000,CRG,FL,ASO,ES,Federal Contract Tower,0,0,23,0,23,0,0,20,6,26,0,0,43,6,49,0,0,0,49
09/18/2000,CRG,FL,ASO,ES,Federal Contract Tower,0,11,34,0,45,0,12,43,14,69,0,23,77,14,114,50,4,54,168
09/19/2000,CRG,FL,ASO,ES,Federal Contract Tower,0,14,43,0,57,0,11,216,52,279,0,25,259,52,336,254,17,271,607
09/20/2000,CRG,FL,ASO,ES,Federal Contract Tower,0,18,54,0,72,0,3,121,24,148,0,21,175,24,220,160,4,164,384
09/21/2000,CRG,FL,ASO,ES,Federal Contract Tower,0,22,67,0,89,0,4,233,73,310,0,26,300,73,399,234,14,248,647
09/22/2000,CRG,FL,ASO,ES,Federal Contract Tower,0,22,65,0,87,0,1,108,19,128,0,23,173,19,215,86,33,119,334
09/23/2000,CRG,FL,ASO,ES,Federal Contract Tower,0,2,32,0,34,0,0,234,0,234,0,2,266,0,268,231,0,231,499
09/24/2000,CRG,FL,ASO,ES,Federal Contract Tower,0,0,27,0,27,0,0,140,1,141,0,0,167,1,168,196,0,196,364
09/25/2000,CRG,FL,ASO,ES,Federal Contract Tower,0,15,45,0,60,0,7,221,22,250,0,22,266,22,310,136,9,145,455
09/26/2000,CRG,FL,ASO,ES,Federal Contract Tower,0,26,76,0,102,0,1,151,29,181,0,27,227,29,283,183,17,200,483
09/27/2000,CRG,FL,ASO,ES,Federal Contract Tower,0,22,66,0,88,0,3,165,35,203,0,25,231,35,291,214,0,214,505
09/28/2000,CRG,FL,ASO,ES,Federal Contract Tower,0,19,58,0,77,0,3,235,15,253,0,22,293,15,330,176,0,176,506
09/29/2000,CRG,FL,ASO,ES,Federal Contract Tower,0,18,53,0,71,0,1,95,14,110,0,19,148,14,181,64,8,72,253
09/30/2000,CRG,FL,ASO,ES,Federal Contract Tower,0,2,26,0,28,0,0,63,2,65,0,2,89,2,93,49,0,49,142
10/01/2000,CRG,FL,ASO,ES,Federal Contract Tower,0,2,43,0,45,0,0,135,0,135,0,2,178,0,180,213,0,213,393
10/02/2000,CRG,FL,ASO,ES,Federal Contract Tower,0,16,56,1,73,0,3,177,116,296,0,19,233,117,369,250,2,252,621
10/03/2000,CRG,FL,ASO,ES,Federal Contract Tower,0,16,56,1,73,0,7,199,79,285,0,23,255,80,358,219,0,219,577
10/04/2000,CRG,FL,ASO,ES,Federal Contract Tower,0,21,75,1,97,0,5,122,129,256,0,26,197,130,353,142,27,169,522
10/05/2000,CRG,FL,ASO,ES,Federal Contract Tower,0,23,81,1,105,0,0,205,102,307,0,23,286,103,412,171,6,177,589
10/06/2000,CRG,FL,ASO,ES,Federal Contract Tower,0,15,53,1,69,0,6,202,11,219,0,21,255,12,288,213,8,221,509
10/07/2000,CRG,FL,ASO,ES,Federal Contract Tower,0,4,61,1,66,0,0,80,1,81,0,4,141,2,147,126,0,126,273
10/08/2000,CRG,FL,ASO,ES,Federal Contract Tower,0,2,48,0,50,0,0,114,0,114,0,2,162,0,164,83,0,83,247
10/09/2000,CRG,FL,ASO,ES,Federal Contract Tower,0,5,38,1,44,0,0,151,1,152,0,5,189,2,196,92,0,92,288
10/10/2000,CRG,FL,ASO,ES,Federal Contract Tower,0,18,63,1,82,0,4,202,105,311,0,22,265,106,393,173,0,173,566
10/11/2000,CRG,FL,ASO,ES,Federal Contract Tower,0,17,60,1,78,0,10,265,58,333,0,27,325,59,411,222,0,222,633
10/12/2000,CRG,FL,ASO,ES,Federal Contract Tower,0,20,69,1,90,0,6,238,36,280,0,26,307,37,370,242,0,242,612
10/13/2000,CRG,FL,ASO,ES,Federal Contract Tower,0,14,52,1,67,0,10,240,10,260,0,24,292,11,327,218,0,218,545
10/14/2000,CRG,FL,ASO,ES,Federal Contract Tower,0,2,29,1,32,0,0,213,7,220,0,2,242,8,252,132,0,132,384
10/15/2000,CRG,FL,ASO,ES,Federal Contract Tower,0,3,24,1,28,0,0,181,7,188,0,3,205,8,216,202,4,206,422
10/16/2000,CRG,FL,ASO,ES,Federal Contract Tower,0,18,65,1,84,0,7,184,73,264,0,25,249,74,348,137,0,137,485
10/17/2000,CRG,FL,ASO,ES,Federal Contract Tower,0,19,70,0,89,0,6,183,84,273,0,25,253,84,362,166,0,166,528
10/18/2000,CRG,FL,ASO,ES,Federal Contract Tower,0,18,63,0,81,0,12,237,62,311,0,30,300,62,392,188,0,188,580
10/19/2000,CRG,FL,ASO,ES,Federal Contract Tower,0,23,83,0,106,0,8,211,49,268,0,31,294,49,374,259,19,278,652
10/20/2000,CRG,FL,ASO,ES,Federal Contract Tower,0,19,68,0,87,0,5,151,72,228,0,24,219,72,315,140,0,140,455
10/21/2000,CRG,FL,ASO,ES,Federal Contract Tower,0,4,36,0,40,0,0,191,0,191,0,4,227,0,231,166,0,166,397
10/22/2000,CRG,FL,ASO,ES,Federal Contract Tower,0,2,35,0,37,0,0,205,6,211,0,2,240,6,248,222,0,222,470
10/23/2000,CRG,FL,ASO,ES,Federal Contract Tower,0,15,56,0,71,0,10,60,121,191,0,25,116,121,262,42,54,96,358
10/24/2000,CRG,FL,ASO,ES,Federal Contract Tower,0,18,65,0,83,0,5,89,73,167,0,23,154,73,250,142,0,142,392
10/25/2000,CRG,FL,ASO,ES,Federal Contract Tower,0,19,68,0,87,0,4,148,96,248,0,23,216,96,335,150,0,150,485
10/26/2000,CRG,FL,ASO,ES,Federal Contract Tower,0,17,62,0,79,0,9,215,110,334,0,26,277,110,413,205,14,219,632
10/27/2000,CRG,FL,ASO,ES,Federal Contract Tower,0,18,64,0,82,0,6,225,45,276,0,24,289,45,358,218,0,218,576
10/28/2000,CRG,FL,ASO,ES,Federal Contract Tower,0,5,63,0,68,0,0,222,0,222,0,5,285,0,290,212,0,212,502
10/29/2000,CRG,FL,ASO,ES,Federal Contract Tower,0,1,60,0,61,0,0,160,0,160,0,1,220,0,221,132,0,132,353
10/30/2000,CRG,FL,ASO,ES,Federal Contract Tower,0,14,51,0,65,0,8,218,115,341,0,22,269,115,406,279,0,279,685
10/31/2000,CRG,FL,ASO,ES,Federal Contract Tower,0,14,51,0,65,0,15,196,104,315,0,29,247,104,380,287,4,291,671
11/01/2000,CRG,FL,ASO,ES,Federal Contract Tower,0,14,37,0,51,0,8,0,0,8,0,22,37,0,59,0,0,0,59
11/02/2000,CRG,FL,ASO,ES,Federal Contract Tower,0,22,74,0,96,0,0,0,2,2,0,22,74,2,98,0,0,0,98
11/03/2000,CRG,FL,ASO,ES,Federal Contract Tower,0,20,61,0,81,0,2,0,1,3,0,22,61,1,84,0,0,0,84
11/04/2000,CRG,FL,ASO,ES,Federal Contract Tower,0,2,27,0,29,0,0,7,0,7,0,2,34,0,36,0,0,0,36
11/05/2000,CRG,FL,ASO,ES,Federal Contract Tower,0,6,30,0,36,0,0,2,2,4,0,6,32,2,40,0,0,0,40
11/06/2000,CRG,FL,ASO,ES,Federal Contract Tower,0,14,40,0,54,0,4,0,1,5,0,18,40,1,59,0,0,0,59
11/07/2000,CRG,FL,ASO,ES,Federal Contract Tower,0,15,39,0,54,0,12,0,0,12,0,27,39,0,66,0,0,0,66
11/08/2000,CRG,FL,ASO,ES,Federal Contract Tower,0,19,58,0,77,0,8,0,0,8,0,27,58,0,85,0,0,0,85
11/09/2000,CRG,FL,ASO,ES,Federal Contract Tower,0,17,50,0,67,0,10,0,0,10,0,27,50,0,77,0,0,0,77
11/10/2000,CRG,FL,ASO,ES,Federal Contract Tower,0,21,72,0,93,0,0,2,0,2,0,21,74,0,95,0,0,0,95
11/11/2000,CRG,FL,ASO,ES,Federal Contract Tower,0,1,23,0,24,0,0,7,0,7,0,1,30,0,31,0,0,0,31
11/12/2000,CRG,FL,ASO,ES,Federal Contract Tower,0,7,36,0,43,0,0,4,0,4,0,7,40,0,47,0,0,0,47
11/13/2000,CRG,FL,ASO,ES,Federal Contract Tower,0,16,53,0,69,0,3,0,0,3,0,19,53,0,72,0,0,0,72
11/14/2000,CRG,FL,ASO,ES,Federal Contract Tower,0,17,57,0,74,0,3,0,0,3,0,20,57,0,77,0,0,0,77
11/15/2000,CRG,FL,ASO,ES,Federal Contract Tower,0,20,70,0,90,0,0,2,0,2,0,20,72,0,92,0,0,0,92
11/16/2000,CRG,FL,ASO,ES,Federal Contract Tower,0,19,63,0,82,0,4,0,0,4,0,23,63,0,86,0,0,0,86
11/17/2000,CRG,FL,ASO,ES,Federal Contract Tower,0,22,85,0,107,0,0,1,2,3,0,22,86,2,110,0,0,0,110
11/18/2000,CRG,FL,ASO,ES,Federal Contract Tower,0,3,37,0,40,0,0,8,0,8,0,3,45,0,48,0,0,0,48
11/19/2000,CRG,FL,ASO,ES,Federal Contract Tower,0,0,57,0,57,0,0,16,0,16,0,0,73,0,73,0,0,0,73
11/20/2000,CRG,FL,ASO,ES,Federal Contract Tower,0,21,82,0,103,0,0,3,0,3,0,21,85,0,106,0,0,0,106
11/21/2000,CRG,FL,ASO,ES,Federal Contract Tower,0,18,57,0,75,0,5,0,0,5,0,23,57,0,80,0,0,0,80
11/22/2000,CRG,FL,ASO,ES,Federal Contract Tower,0,19,78,0,97,0,0,4,0,4,0,19,82,0,101,0,0,0,101
11/23/2000,CRG,FL,ASO,ES,Federal Contract Tower,0,3,17,0,20,0,0,1,0,1,0,3,18,0,21,0,0,0,21
11/24/2000,CRG,FL,ASO,ES,Federal Contract Tower,0,13,41,0,54,0,2,0,0,2,0,15,41,0,56,0,0,0,56
11/25/2000,CRG,FL,ASO,ES,Federal Contract Tower,0,0,13,0,13,0,0,3,0,3,0,0,16,0,16,0,0,0,16
11/26/2000,CRG,FL,ASO,ES,Federal Contract Tower,0,0,45,0,45,0,0,13,0,13,0,0,58,0,58,0,0,0,58
11/27/2000,CRG,FL,ASO,ES,Federal Contract Tower,0,14,46,0,60,0,2,0,0,2,0,16,46,0,62,0,0,0,62
11/28/2000,CRG,FL,ASO,ES,Federal Contract Tower,0,14,41,0,55,0,7,0,0,7,0,21,41,0,62,0,0,0,62
11/29/2000,CRG,FL,ASO,ES,Federal Contract Tower,0,20,63,0,83,0,2,0,2,4,0,22,63,2,87,0,0,0,87
11/30/2000,CRG,FL,ASO,ES,Federal Contract Tower,0,18,59,0,77,0,2,0,0,2,0,20,59,0,79,0,0,0,79
12/01/2000,CRG,FL,ASO,ES,Federal Contract Tower,0,16,51,0,67,0,8,191,39,238,0,24,242,39,305,188,0,188,493
12/02/2000,CRG,FL,ASO,ES,Federal Contract Tower,0,3,26,1,30,0,0,136,9,145,0,3,162,10,175,127,4,131,306
12/03/2000,CRG,FL,ASO,ES,Federal Contract Tower,0,2,29,0,31,0,0,31,0,31,0,2,60,0,62,0,0,0,62
12/04/2000,CRG,FL,ASO,ES,Federal Contract Tower,0,16,56,1,73,0,10,139,68,217,0,26,195,69,290,201,0,201,491
12/05/2000,CRG,FL,ASO,ES,Federal Contract Tower,0,18,63,1,82,0,8,220,67,295,0,26,283,68,377,212,36,248,625
12/06/2000,CRG,FL,ASO,ES,Federal Contract Tower,0,17,60,1,78,0,4,161,69,234,0,21,221,70,312,271,2,273,585
12/07/2000,CRG,FL,ASO,ES,Federal Contract Tower,0,16,57,1,74,0,12,198,52,262,0,28,255,53,336,292,19,311,647
12/08/2000,CRG,FL,ASO,ES,Federal Contract Tower,0,15,50,1,66,0,7,219,46,272,0,22,269,47,338,279,18,297,635
12/09/2000,CRG,FL,ASO,ES,Federal Contract Tower,0,1,24,1,26,0,0,231,13,244,0,1,255,14,270,245,26,271,541
12/10/2000,CRG,FL,ASO,ES,Federal Contract Tower,0,6,48,1,55,0,0,62,3,65,0,6,110,4,120,20,0,20,140
12/11/2000,CRG,FL,ASO,ES,Federal Contract Tower,0,17,70,1,88,0,0,13,3,16,0,17,83,4,104,0,0,0,104
12/12/2000,CRG,FL,ASO,ES,Federal Contract Tower,0,21,75,1,97,0,0,84,63,147,0,21,159,64,244,177,4,181,425
12/13/2000,CRG,FL,ASO,ES,Federal Contract Tower,0,24,83,1,108,0,2,29,31,62,0,26,112,32,170,54,32,86,256
12/14/2000,CRG,FL,ASO,ES,Federal Contract Tower,0,22,78,1,101,0,0,98,33,131,0,22,176,34,232,232,0,232,464
12/15/2000,CRG,FL,ASO,ES,Federal Contract Tower,0,11,74,1,86,0,0,33,6,39,0,11,107,7,125,34,0,34,159
12/16/2000,CRG,FL,ASO,ES,Federal Contract Tower,0,3,30,0,33,0,0,150,2,152,0,3,180,2,185,139,0,139,324
12/17/2000,CRG,FL,ASO,ES,Federal Contract Tower,0,2,12,0,14,0,0,45,4,49,0,2,57,4,63,30,0,30,93
12/18/2000,CRG,FL,ASO,ES,Federal Contract Tower,0,14,51,0,65,0,3,245,43,291,0,17,296,43,356,165,0,165,521
12/19/2000,CRG,FL,ASO,ES,Federal Contract Tower,0,17,60,0,77,0,3,39,12,54,0,20,99,12,131,47,0,47,178
12/20/2000,CRG,FL,ASO,ES,Federal Contract Tower,0,18,62,0,80,0,4,145,70,219,0,22,207,70,299,144,0,144,443
12/21/2000,CRG,FL,ASO,ES,Federal Contract Tower,0,14,51,0,65,0,3,187,48,238,0,17,238,48,303,153,0,153,456
12/22/2000,CRG,FL,ASO,ES,Federal Contract Tower,0,12,41,0,53,0,9,157,30,196,0,21,198,30,249,129,0,129,378
12/23/2000,CRG,FL,ASO,ES,Federal Contract Tower,0,5,34,0,39,0,0,75,0,75,0,5,109,0,114,81,0,81,195
12/24/2000,CRG,FL,ASO,ES,Federal Contract Tower,0,0,10,0,10,0,0,55,0,55,0,0,65,0,65,22,0,22,87
12/25/2000,CRG,FL,ASO,ES,Federal Contract Tower,0,0,7,0,7,0,0,34,0,34,0,0,41,0,41,16,0,16,57
12/26/2000,CRG,FL,ASO,ES,Federal Contract Tower,0,19,65,0,84,0,4,37,1,42,0,23,102,1,126,38,0,38,164
12/27/2000,CRG,FL,ASO,ES,Federal Contract Tower,0,18,65,0,83,0,5,187,40,232,0,23,252,40,315,20,0,20,335
12/28/2000,CRG,FL,ASO,ES,Federal Contract Tower,0,12,39,0,51,0,12,0,0,12,0,24,39,0,63,0,0,0,63
12/29/2000,CRG,FL,ASO,ES,Federal Contract Tower,0,11,38,0,49,0,13,117,6,136,0,24,155,6,185,76,0,76,261
12/30/2000,CRG,FL,ASO,ES,Federal Contract Tower,0,2,27,0,29,0,0,136,0,136,0,2,163,0,165,69,0,69,234
12/31/2000,CRG,FL,ASO,ES,Federal Contract Tower,0,0,14,0,14,0,0,99,0,99,0,0,113,0,113,86,0,86,199
01/01/2001,CRG,FL,ASO,ES,Federal Contract Tower,0,4,55,0,59,0,0,115,0,115,0,4,170,0,174,50,0,50,224
01/02/2001,CRG,FL,ASO,ES,Federal Contract Tower,0,13,47,0,60,0,6,150,2,158,0,19,197,2,218,80,0,80,298
01/03/2001,CRG,FL,ASO,ES,Federal Contract Tower,0,15,58,0,73,0,9,166,81,256,0,24,224,81,329,99,0,99,428
01/04/2001,CRG,FL,ASO,ES,Federal Contract Tower,0,16,60,0,76,0,12,150,45,207,0,28,210,45,283,84,0,84,367
01/05/2001,CRG,FL,ASO,ES,Federal Contract Tower,0,13,48,0,61,0,7,188,22,217,0,20,236,22,278,96,4,100,378
01/06/2001,CRG,FL,ASO,ES,Federal Contract Tower,0,3,23,0,26,0,0,210,8,218,0,3,233,8,244,144,0,144,388
01/07/2001,CRG,FL,ASO,ES,Federal Contract Tower,0,1,32,0,33,0,0,124,2,126,0,1,156,2,159,65,0,65,224
01/08/2001,CRG,FL,ASO,ES,Federal Contract Tower,0,13,48,0,61,0,7,96,18,121,0,20,144,18,182,93,16,109,291
01/09/2001,CRG,FL,ASO,ES,Federal Contract Tower,0,17,67,0,84,0,5,149,64,218,0,22,216,64,302,58,4,62,364
01/10/2001,CRG,FL,ASO,ES,Federal Contract Tower,0,18,74,1,93,0,5,151,97,253,0,23,225,98,346,186,0,186,532
01/11/2001,CRG,FL,ASO,ES,Federal Contract Tower,0,19,78,1,98,0,9,119,128,256,0,28,197,129,354,234,22,256,610
01/12/2001,CRG,FL,ASO,ES,Federal Contract Tower,0,19,79,1,99,0,4,120,13,137,0,23,199,14,236,135,0,135,371
01/13/2001,CRG,FL,ASO,ES,Federal Contract Tower,0,4,37,1,42,0,0,192,1,193,0,4,229,2,235,187,0,187,422
01/14/2001,CRG,FL,ASO,ES,Federal Contract Tower,0,2,63,1,66,0,0,88,0,88,0,2,151,1,154,63,0,63,217
01/15/2001,CRG,FL,ASO,ES,Federal Contract Tower,0,6,50,0,56,0,0,185,0,185,0,6,235,0,241,214,0,214,455
01/16/2001,CRG,FL,ASO,ES,Federal Contract Tower,0,15,62,1,78,0,5,193,77,275,0,20,255,78,353,279,26,305,658
01/17/2001,CRG,FL,ASO,ES,Federal Contract Tower,0,18,75,0,93,0,5,176,130,311,0,23,251,130,404,248,0,248,652
01/18/2001,CRG,FL,ASO,ES,Federal Contract Tower,0,17,72,0,89,0,2,117,55,174,0,19,189,55,263,165,0,165,428
01/19/2001,CRG,FL,ASO,ES,Federal Contract Tower,0,15,62,0,77,0,8,114,6,128,0,23,176,6,205,80,0,80,285
01/20/2001,CRG,FL,ASO,ES,Federal Contract Tower,0,2,41,0,43,0,0,76,2,78,0,2,117,2,121,36,0,36,157
01/21/2001,CRG,FL,ASO,ES,Federal Contract Tower,0,0,26,0,26,0,0,229,2,231,0,0,255,2,257,199,0,199,456
01/22/2001,CRG,FL,ASO,ES,Federal Contract Tower,0,16,67,0,83,0,5,113,41,159,0,21,180,41,242,84,32,116,358
01/23/2001,CRG,FL,ASO,ES,Federal Contract Tower,0,14,57,0,71,0,10,167,58,235,0,24,224,58,306,105,22,127,433
01/24/2001,CRG,FL,ASO,ES,Federal Contract Tower,0,17,71,0,88,0,3,272,50,325,0,20,343,50,413,300,32,332,745
01/25/2001,CRG,FL,ASO,ES,Federal Contract Tower,0,16,66,0,82,0,7,177,72,256,0,23,243,72,338,0,302,302,640
01/26/2001,CRG,FL,ASO,ES,Federal Contract Tower,0,14,56,0,70,0,7,211,50,268,0,21,267,50,338,139,6,145,483
01/27/2001,CRG,FL,ASO,ES,Federal Contract Tower,0,5,39,0,44,0,0,219,31,250,0,5,258,31,294,203,8,211,505
01/28/2001,CRG,FL,ASO,ES,Federal Contract Tower,0,4,37,0,41,0,0,233,4,237,0,4,270,4,278,182,0,182,460
01/29/2001,CRG,FL,ASO,ES,Federal Contract Tower,0,14,57,0,71,0,10,198,53,261,0,24,255,53,332,209,18,227,559
01/30/2001,CRG,FL,ASO,ES,Federal Contract Tower,0,18,76,0,94,0,3,54,12,69,0,21,130,12,163,28,0,28,191
01/31/2001,CRG,FL,ASO,ES,Federal Contract Tower,0,22,89,0,111,0,0,78,35,113,0,22,167,35,224,103,10,113,337
02/01/2001,CRG,FL,ASO,ES,Federal Contract Tower,0,25,99,0,124,0,2,117,67,186,0,27,216,67,310,238,0,238,548
02/02/2001,CRG,FL,ASO,ES,Federal Contract Tower,0,21,90,0,111,0,0,177,2,179,0,21,267,2,290,217,0,217,507
02/03/2001,CRG,FL,ASO,ES,Federal Contract Tower,0,4,47,0,51,0,0,248,2,250,0,4,295,2,301,248,0,248,549
02/04/2001,CRG,FL,ASO,ES,Federal Contract Tower,0,1,51,0,52,0,0,47,0,47,0,1,98,0,99,0,0,0,99
02/05/2001,CRG,FL,ASO,ES,Federal Contract Tower,0,17,64,0,81,0,9,294,33,336,0,26,358,33,417,179,25,204,621
02/06/2001,CRG,FL,ASO,ES,Federal Contract Tower,0,15,56,0,71,0,9,234,37,280,0,24,290,37,351,264,32,296,647
02/07/2001,CRG,FL,ASO,ES,Federal Contract Tower,0,16,63,0,79,0,12,237,96,345,0,28,300,96,424,255,0,255,679
02/08/2001,CRG,FL,ASO,ES,Federal Contract Tower,0,18,68,0,86,0,9,218,90,317,0,27,286,90,403,245,0,245,648
02/09/2001,CRG,FL,ASO,ES,Federal Contract Tower,0,16,64,0,80,0,5,213,42,260,0,21,277,42,340,195,4,199,539
02/10/2001,CRG,FL,ASO,ES,Federal Contract Tower,0,2,44,0,46,0,0,196,29,225,0,2,240,29,271,278,6,284,555
02/11/2001,CRG,FL,ASO,ES,Federal Contract Tower,0,0,49,0,49,0,0,102,16,118,0,0,151,16,167,103,0,103,270
02/12/2001,CRG,FL,ASO,ES,Federal Contract Tower,0,15,57,0,72,0,3,27,2,32,0,18,84,2,104,0,0,0,104
02/13/2001,CRG,FL,ASO,ES,Federal Contract Tower,0,23,92,0,115,0,3,8,0,11,0,26,100,0,126,0,0,0,126
02/14/2001,CRG,FL,ASO,ES,Federal Contract Tower,0,15,61,1,77,0,7,139,72,218,0,22,200,73,295,120,1,121,416
02/15/2001,CRG,FL,ASO,ES,Federal Contract Tower,0,23,95,0,118,0,9,201,36,246,0,32,296,36,364,149,11,160,524
02/16/2001,CRG,FL,ASO,ES,Federal Contract Tower,0,19,80,0,99,0,11,223,8,242,0,30,303,8,341,232,0,232,573
02/17/2001,CRG,FL,ASO,ES,Federal Contract Tower,0,3,49,0,52,0,0,169,6,175,0,3,218,6,227,187,0,187,414
02/18/2001,CRG,FL,ASO,ES,Federal Contract Tower,0,1,40,0,41,0,0,176,0,176,0,1,216,0,217,190,0,190,407
02/19/2001,CRG,FL,ASO,ES,Federal Contract Tower,0,7,39,0,46,0,0,232,2,234,0,7,271,2,280,222,0,222,502
02/20/2001,CRG,FL,ASO,ES,Federal Contract Tower,0,18,77,0,95,0,10,187,29,226,0,28,264,29,321,173,4,177,498
02/21/2001,CRG,FL,ASO,ES,Federal Contract Tower,0,14,60,0,74,0,9,160,67,236,0,23,220,67,310,203,6,209,519
02/22/2001,CRG,FL,ASO,ES,Federal Contract Tower,0,22,92,0,114,0,2,165,20,187,0,24,257,20,301,173,0,173,474
02/23/2001,CRG,FL,ASO,ES,Federal Contract Tower,0,26,122,0,148,0,0,40,21,61,0,26,162,21,209,13,0,13,222
02/24/2001,CRG,FL,ASO,ES,Federal Contract Tower,0,2,56,0,58,0,0,141,0,141,0,2,197,0,199,178,0,178,377
02/25/2001,CRG,FL,ASO,ES,Federal Contract Tower,0,1,46,0,47,0,0,183,5,188,0,1,229,5,235,143,2,145,380
02/26/2001,CRG,FL,ASO,ES,Federal Contract Tower,0,16,66,0,82,0,5,145,21,171,0,21,211,21,253,126,2,128,381
02/27/2001,CRG,FL,ASO,ES,Federal Contract Tower,0,16,65,0,81,0,12,204,87,303,0,28,269,87,384,233,0,233,617
02/28/2001,CRG,FL,ASO,ES,Federal Contract Tower,0,19,77,0,96,0,4,177,71,252,0,23,254,71,348,189,2,191,539
03/01/2001,CRG,FL,ASO,ES,Federal Contract Tower,0,21,74,1,96,0,2,166,57,225,0,23,240,58,321,213,2,215,536
03/02/2001,CRG,FL,ASO,ES,Federal Contract Tower,0,22,80,1,103,0,5,190,15,210,0,27,270,16,313,199,0,199,512
03/03/2001,CRG,FL,ASO,ES,Federal Contract Tower,0,4,31,1,36,0,0,103,1,104,0,4,134,2,140,78,0,78,218
03/04/2001,CRG,FL,ASO,ES,Federal Contract Tower,0,2,29,1,32,0,0,51,3,54,0,2,80,4,86,3,0,3,89
03/05/2001,CRG,FL,ASO,ES,Federal Contract Tower,0,11,39,1,51,0,10,67,19,96,0,21,106,20,147,66,12,78,225
03/06/2001,CRG,FL,ASO,ES,Federal Contract Tower,0,11,41,1,53,0,8,63,30,101,0,19,104,31,154,23,24,47,201
03/07/2001,CRG,FL,ASO,ES,Federal Contract Tower,0,23,85,1,109,0,1,197,63,261,0,24,282,64,370,125,0,125,495
03/08/2001,CRG,FL,ASO,ES,Federal Contract Tower,0,16,59,1,76,0,5,259,47,311,0,21,318,48,387,242,0,242,629
03/09/2001,CRG,FL,ASO,ES,Federal Contract Tower,0,19,67,1,87,0,7,199,15,221,0,26,266,16,308,246,6,252,560
03/10/2001,CRG,FL,ASO,ES,Federal Contract Tower,0,3,41,1,45,0,0,201,16,217,0,3,242,17,262,193,4,197,459
03/11/2001,CRG,FL,ASO,ES,Federal Contract Tower,0,4,38,1,43,0,0,180,5,185,0,4,218,6,228,138,4,142,370
03/12/2001,CRG,FL,ASO,ES,Federal Contract Tower,0,15,55,1,71,0,6,148,127,281,0,21,203,128,352,150,6,156,508
03/13/2001,CRG,FL,ASO,ES,Federal Contract Tower,0,15,53,1,69,0,8,80,33,121,0,23,133,34,190,174,0,174,364
03/14/2001,CRG,FL,ASO,ES,Federal Contract Tower,0,20,71,1,92,0,0,284,117,401,0,20,355,118,493,146,26,172,665
03/15/2001,CRG,FL,ASO,ES,Federal Contract Tower,0,9,34,1,44,0,8,32,13,53,0,17,66,14,97,0,2,2,99
03/16/2001,CRG,FL,ASO,ES,Federal Contract Tower,0,18,72,0,90,0,0,176,7,183,0,18,248,7,273,138,0,138,411
03/17/2001,CRG,FL,ASO,ES,Federal Contract Tower,0,3,39,0,42,0,0,292,8,300,0,3,331,8,342,224,0,224,566
03/18/2001,CRG,FL,ASO,ES,Federal Contract Tower,0,2,66,0,68,0,0,49,1,50,0,2,115,1,118,0,0,0,118
03/19/2001,CRG,FL,ASO,ES,Federal Contract Tower,0,13,49,0,62,0,12,4,26,42,0,25,53,26,104,7,2,9,113
03/20/2001,CRG,FL,ASO,ES,Federal Contract Tower,0,14,52,0,66,0,10,120,32,162,0,24,172,32,228,147,4,151,379
03/21/2001,CRG,FL,ASO,ES,Federal Contract Tower,0,22,82,0,104,0,8,184,76,268,0,30,266,76,372,185,4,189,561
03/22/2001,CRG,FL,ASO,ES,Federal Contract Tower,0,20,86,0,106,0,0,336,48,384,0,20,422,48,490,315,6,321,811
03/23/2001,CRG,FL,ASO,ES,Federal Contract Tower,0,23,93,0,116,0,0,297,26,323,0,23,390,26,439,279,0,279,718
03/24/2001,CRG,FL,ASO,ES,Federal Contract Tower,0,4,32,0,36,0,0,278,1,279,0,4,310,1,315,277,0,277,592
03/25/2001,CRG,FL,ASO,ES,Federal Contract Tower,0,9,63,0,72,0,0,109,2,111,0,9,172,2,183,78,0,78,261
03/26/2001,CRG,FL,ASO,ES,Federal Contract Tower,0,18,65,0,83,0,5,202,50,257,0,23,267,50,340,176,8,184,524
03/27/2001,CRG,FL,ASO,ES,Federal Contract Tower,0,19,70,0,89,0,5,240,109,354,0,24,310,109,443,170,6,176,619
03/28/2001,CRG,FL,ASO,ES,Federal Contract Tower,0,18,67,0,85,0,8,173,91,272,0,26,240,91,357,145,1,146,503
03/29/2001,CRG,FL,ASO,ES,Federal Contract Tower,0,14,54,0,68,0,10,68,8,86,0,24,122,8,154,42,11,53,207
03/30/2001,CRG,FL,ASO,ES,Federal Contract Tower,0,18,68,0,86,0,9,65,8,82,0,27,133,8,168,134,26,160,328
03/31/2001,CRG,FL,ASO,ES,Federal Contract Tower,0,7,58,0,65,0,0,171,5,176,0,7,229,5,241,157,0,157,398
04/01/2001,CRG,FL,ASO,ES,Federal Contract Tower,0,2,40,0,42,0,0,140,4,144,0,2,180,4,186,49,0,49,235
04/02/2001,CRG,FL,ASO,ES,Federal Contract Tower,0,19,58,1,78,0,3,283,95,381,0,22,341,96,459,227,0,227,686
04/03/2001,CRG,FL,ASO,ES,Federal Contract Tower,0,23,74,0,97,0,2,249,80,331,0,25,323,80,428,239,0,239,667
04/04/2001,CRG,FL,ASO,ES,Federal Contract Tower,0,24,87,0,111,0,2,177,74,253,0,26,264,74,364,262,4,266,630
04/05/2001,CRG,FL,ASO,ES,Federal Contract Tower,0,23,81,0,104,0,4,142,60,206,0,27,223,60,310,164,10,174,484
04/06/2001,CRG,FL,ASO,ES,Federal Contract Tower,0,19,48,0,67,0,2,245,29,276,0,21,293,29,343,110,2,112,455
04/07/2001,CRG,FL,ASO,ES,Federal Contract Tower,0,3,46,0,49,0,0,202,4,206,0,3,248,4,255,212,0,212,467
04/08/2001,CRG,FL,ASO,ES,Federal Contract Tower,0,2,52,0,54,0,0,177,2,179,0,2,229,2,233,137,0,137,370
04/09/2001,CRG,FL,ASO,ES,Federal Contract Tower,0,19,55,1,75,0,3,204,47,254,0,22,259,48,329,241,2,243,572
04/10/2001,CRG,FL,ASO,ES,Federal Contract Tower,0,19,70,1,90,0,5,274,39,318,0,24,344,40,408,207,2,209,617
04/11/2001,CRG,FL,ASO,ES,Federal Contract Tower,0,23,72,1,96,0,2,239,38,279,0,25,311,39,375,189,0,189,564
04/12/2001,CRG,FL,ASO,ES,Federal Contract Tower,0,22,68,0,90,0,5,240,38,283,0,27,308,38,373,188,2,190,563
04/13/2001,CRG,FL,ASO,ES,Federal Contract Tower,0,20,90,2,112,0,5,271,21,297,0,25,361,23,409,181,0,181,590
04/14/2001,CRG,FL,ASO,ES,Federal Contract Tower,0,3,65,0,68,0,0,129,0,129,0,3,194,0,197,148,0,148,345
04/15/2001,CRG,FL,ASO,ES,Federal Contract Tower,0,3,32,0,35,0,0,120,4,124,0,3,152,4,159,128,0,128,287
04/16/2001,CRG,FL,ASO,ES,Federal Contract Tower,0,20,63,2,85,0,4,227,28,259,0,24,290,30,344,195,0,195,539
04/17/2001,CRG,FL,ASO,ES,Federal Contract Tower,0,15,56,0,71,0,14,200,25,239,0,29,256,25,310,114,4,118,428
04/18/2001,CRG,FL,ASO,ES,Federal Contract Tower,0,21,45,0,66,0,4,249,80,333,0,25,294,80,399,220,2,222,621
04/19/2001,CRG,FL,ASO,ES,Federal Contract Tower,0,21,67,0,88,0,3,187,31,221,0,24,254,31,309,233,0,233,542
04/20/2001,CRG,FL,ASO,ES,Federal Contract Tower,0,18,76,0,94,0,4,247,10,261,0,22,323,10,355,235,6,241,596
04/21/2001,CRG,FL,ASO,ES,Federal Contract Tower,0,5,30,0,35,0,0,205,4,209,0,5,235,4,244,246,0,246,490
04/22/2001,CRG,FL,ASO,ES,Federal Contract Tower,0,3,51,0,54,0,0,197,9,206,0,3,248,9,260,146,0,146,406
04/23/2001,CRG,FL,ASO,ES,Federal Contract Tower,0,17,65,0,82,0,5,190,64,259,0,22,255,64,341,213,0,213,554
04/24/2001,CRG,FL,ASO,ES,Federal Contract Tower,0,27,56,0,83,0,4,265,19,288,0,31,321,19,371,246,0,246,617
04/25/2001,CRG,FL,ASO,ES,Federal Contract Tower,0,27,80,0,107,0,1,68,14,83,0,28,148,14,190,2,0,2,192
04/26/2001,CRG,FL,ASO,ES,Federal Contract Tower,0,18,63,0,81,0,10,187,89,286,0,28,250,89,367,166,4,170,537
04/27/2001,CRG,FL,ASO,ES,Federal Contract Tower,0,23,68,2,93,0,3,228,19,250,0,26,296,21,343,199,2,201,544
04/28/2001,CRG,FL,ASO,ES,Federal Contract Tower,0,6,40,0,46,0,0,175,2,177,0,6,215,2,223,204,0,204,427
04/29/2001,CRG,FL,ASO,ES,Federal Contract Tower,0,0,34,0,34,0,0,159,2,161,0,0,193,2,195,110,0,110,305
04/30/2001,CRG,FL,ASO,ES,Federal Contract Tower,0,15,58,0,73,0,10,123,49,182,0,25,181,49,255,135,0,135,390
05/01/2001,CRG,FL,ASO,ES,Federal Contract Tower,0,25,80,0,105,0,7,193,54,254,0,32,273,54,359,196,0,196,555
05/02/2001,CRG,FL,ASO,ES,Federal Contract Tower,0,21,76,0,97,0,7,137,56,200,0,28,213,56,297,120,10,130,427
05/03/2001,CRG,FL,ASO,ES,Federal Contract Tower,0,25,86,0,111,0,5,163,62,230,0,30,249,62,341,166,0,166,507
05/04/2001,CRG,FL,ASO,ES,Federal Contract Tower,0,21,48,0,69,0,5,188,21,214,0,26,236,21,283,168,0,168,451
05/05/2001,CRG,FL,ASO,ES,Federal Contract Tower,0,2,43,0,45,0,1,177,26,204,0,3,220,26,249,76,2,78,327
05/06/2001,CRG,FL,ASO,ES,Federal Contract Tower,0,0,25,0,25,0,0,187,21,208,0,0,212,21,233,138,4,142,375
05/07/2001,CRG,FL,ASO,ES,Federal Contract Tower,0,26,89,2,117,0,2,33,12,47,0,28,122,14,164,0,0,0,164
05/08/2001,CRG,FL,ASO,ES,Federal Contract Tower,0,25,69,0,94,0,4,203,42,249,0,29,272,42,343,114,0,114,457
05/09/2001,CRG,FL,ASO,ES,Federal Contract Tower,0,24,93,0,117,0,4,161,96,261,0,28,254,96,378,180,2,182,560
05/10/2001,CRG,FL,ASO,ES,Federal Contract Tower,0,24,50,0,74,0,5,230,107,342,0,29,280,107,416,155,2,157,573
05/11/2001,CRG,FL,ASO,ES,Federal Contract Tower,0,28,62,2,92,0,7,191,68,266,0,35,253,70,358,269,13,282,640
05/12/2001,CRG,FL,ASO,ES,Federal Contract Tower,0,1,31,0,32,0,1,154,2,157,0,2,185,2,189,92,0,92,281
05/13/2001,CRG,FL,ASO,ES,Federal Contract Tower,0,0,9,0,9,0,181,0,0,181,0,181,9,0,190,170,0,170,360
05/14/2001,CRG,FL,ASO,ES,Federal Contract Tower,0,21,53,0,74,0,8,203,28,239,0,29,256,28,313,161,0,161,474
05/15/2001,CRG,FL,ASO,ES,Federal Contract Tower,0,29,67,1,97,0,4,254,44,302,0,33,321,45,399,233,0,233,632
05/16/2001,CRG,FL,ASO,ES,Federal Contract Tower,0,27,85,0,112,0,7,188,33,228,0,34,273,33,340,194,2,196,536
05/17/2001,CRG,FL,ASO,ES,Federal Contract Tower,0,27,82,4,113,0,5,210,50,265,0,32,292,54,378,183,2,185,563
05/18/2001,CRG,FL,ASO,ES,Federal Contract Tower,0,25,86,2,113,0,7,200,14,221,0,32,286,16,334,293,4,297,631
05/19/2001,CRG,FL,ASO,ES,Federal Contract Tower,0,2,29,0,31,0,0,246,2,248,0,2,275,2,279,217,0,217,496
05/20/2001,CRG,FL,ASO,ES,Federal Contract Tower,0,0,37,1,38,0,0,130,6,136,0,0,167,7,174,146,0,146,320
05/21/2001,CRG,FL,ASO,ES,Federal Contract Tower,0,21,67,1,89,0,4,169,27,200,0,25,236,28,289,168,0,168,457
05/22/2001,CRG,FL,ASO,ES,Federal Contract Tower,0,25,74,2,101,0,3,164,23,190,0,28,238,25,291,103,0,103,394
05/23/2001,CRG,FL,ASO,ES,Federal Contract Tower,0,26,73,1,100,0,4,164,75,243,0,30,237,76,343,190,0,190,533
05/24/2001,CRG,FL,ASO,ES,Federal Contract Tower,0,23,78,1,102,0,7,214,48,269,0,30,292,49,371,358,9,367,738
05/25/2001,CRG,FL,ASO,ES,Federal Contract Tower,0,25,88,1,114,0,0,180,5,185,0,25,268,6,299,84,0,84,383
05/26/2001,CRG,FL,ASO,ES,Federal Contract Tower,0,5,30,0,35,0,0,129,0,129,0,5,159,0,164,102,0,102,266
05/27/2001,CRG,FL,ASO,ES,Federal Contract Tower,0,0,31,0,31,0,0,86,0,86,0,0,117,0,117,127,0,127,244
05/28/2001,CRG,FL,ASO,ES,Federal Contract Tower,0,0,47,0,47,0,0,64,2,66,0,0,111,2,113,43,0,43,156
05/29/2001,CRG,FL,ASO,ES,Federal Contract Tower,0,25,29,0,54,0,10,106,24,140,0,35,135,24,194,82,6,88,282
05/30/2001,CRG,FL,ASO,ES,Federal Contract Tower,0,29,95,0,124,0,4,102,58,164,0,33,197,58,288,226,6,232,520
05/31/2001,CRG,FL,ASO,ES,Federal Contract Tower,0,30,83,0,113,0,4,162,100,266,0,34,245,100,379,138,2,140,519
06/01/2001,CRG,FL,ASO,ES,Federal Contract Tower,0,21,52,0,73,0,6,120,11,137,0,27,172,11,210,70,0,70,280
06/02/2001,CRG,FL,ASO,ES,Federal Contract Tower,0,3,33,0,36,0,0,194,12,206,0,3,227,12,242,165,0,165,407
06/03/2001,CRG,FL,ASO,ES,Federal Contract Tower,0,1,37,0,38,0,0,120,2,122,0,1,157,2,160,147,0,147,307
06/04/2001,CRG,FL,ASO,ES,Federal Contract Tower,0,25,56,0,81,0,1,195,87,283,0,26,251,87,364,184,8,192,556
06/05/2001,CRG,FL,ASO,ES,Federal Contract Tower,0,23,57,0,80,0,7,167,42,216,0,30,224,42,296,183,7,190,486
06/06/2001,CRG,FL,ASO,ES,Federal Contract Tower,0,29,47,0,76,0,6,171,56,233,0,35,218,56,309,174,0,174,483
06/07/2001,CRG,FL,ASO,ES,Federal Contract Tower,0,27,65,0,92,0,0,190,34,224,0,27,255,34,316,180,12,192,508
06/08/2001,CRG,FL,ASO,ES,Federal Contract Tower,0,24,56,0,80,0,3,201,46,250,0,27,257,46,330,92,62,154,484
06/09/2001,CRG,FL,ASO,ES,Federal Contract Tower,0,6,34,0,40,0,0,133,49,182,0,6,167,49,222,61,34,95,317
06/10/2001,CRG,FL,ASO,ES,Federal Contract Tower,0,2,43,0,45,0,0,55,12,67,0,2,98,12,112,91,10,101,213
06/11/2001,CRG,FL,ASO,ES,Federal Contract Tower,0,28,59,0,87,0,1,106,82,189,0,29,165,82,276,162,54,216,492
06/12/2001,CRG,FL,ASO,ES,Federal Contract Tower,0,29,50,0,79,0,5,71,30,106,0,34,121,30,185,53,0,53,238
06/13/2001,CRG,FL,ASO,ES,Federal Contract Tower,0,29,67,0,96,0,7,181,56,244,0,36,248,56,340,224,8,232,572
06/14/2001,CRG,FL,ASO,ES,Federal Contract Tower,0,33,59,0,92,0,0,181,45,226,0,33,240,45,318,131,44,175,493
06/15/2001,CRG,FL,ASO,ES,Federal Contract Tower,0,28,51,0,79,0,3,186,45,234,0,31,237,45,313,159,0,159,472
06/16/2001,CRG,FL,ASO,ES,Federal Contract Tower,0,7,25,0,32,0,0,166,0,166,0,7,191,0,198,115,0,115,313
06/17/2001,CRG,FL,ASO,ES,Federal Contract Tower,0,1,18,0,19,0,0,122,5,127,0,1,140,5,146,92,0,92,238
06/18/2001,CRG,FL,ASO,ES,Federal Contract Tower,0,24,45,0,69,0,8,142,59,209,0,32,187,59,278,100,14,114,392
06/19/2001,CRG,FL,ASO,ES,Federal Contract Tower,0,29,74,4,107,0,5,172,86,263,0,34,246,90,370,181,0,181,551
06/20/2001,CRG,FL,ASO,ES,Federal Contract Tower,0,31,68,0,99,0,4,188,63,255,0,35,256,63,354,86,16,102,456
06/21/2001,CRG,FL,ASO,ES,Federal Contract Tower,0,28,59,0,87,0,7,119,46,172,0,35,178,46,259,66,0,66,325
06/22/2001,CRG,FL,ASO,ES,Federal Contract Tower,0,28,50,0,78,0,2,146,11,159,0,30,196,11,237,137,0,137,374
06/23/2001,CRG,FL,ASO,ES,Federal Contract Tower,0,4,36,0,40,0,0,108,0,108,0,4,144,0,148,124,0,124,272
06/24/2001,CRG,FL,ASO,ES,Federal Contract Tower,0,0,41,0,41,0,0,118,2,120,0,0,159,2,161,128,0,128,289
06/25/2001,CRG,FL,ASO,ES,Federal Contract Tower,0,28,48,0,76,0,11,184,41,236,0,39,232,41,312,160,4,164,476
06/26/2001,CRG,FL,ASO,ES,Federal Contract Tower,0,34,59,0,93,0,7,234,84,325,0,41,293,84,418,161,10,171,589
06/27/2001,CRG,FL,ASO,ES,Federal Contract Tower,0,27,69,0,96,0,8,137,49,194,0,35,206,49,290,141,2,143,433
06/28/2001,CRG,FL,ASO,ES,Federal Contract Tower,0,25,63,0,88,0,7,127,36,170,0,32,190,36,258,113,20,133,391
06/29/2001,CRG,FL,ASO,ES,Federal Contract Tower,0,27,78,2,107,0,1,140,13,154,0,28,218,15,261,125,0,125,386
06/30/2001,CRG,FL,ASO,ES,Federal Contract Tower,0,4,41,0,45,0,2,147,0,149,0,6,188,0,194,109,0,109,303
07/01/2001,CRG,FL,ASO,ES,Federal Contract Tower,0,0,38,0,38,0,1,121,0,122,0,1,159,0,160,110,0,110,270
07/02/2001,CRG,FL,ASO,ES,Federal Contract Tower,0,23,40,0,63,0,9,158,19,186,0,32,198,19,249,170,8,178,427
07/03/2001,CRG,FL,ASO,ES,Federal Contract Tower,0,19,59,0,78,0,9,209,35,253,0,28,268,35,331,230,0,230,561
07/04/2001,CRG,FL,ASO,ES,Federal Contract Tower,0,1,35,0,36,0,1,127,0,128,0,2,162,0,164,121,0,121,285
07/05/2001,CRG,FL,ASO,ES,Federal Contract Tower,0,20,37,0,57,0,9,185,19,213,0,29,222,19,270,161,22,183,453
07/06/2001,CRG,FL,ASO,ES,Federal Contract Tower,0,20,58,0,78,0,10,178,8,196,0,30,236,8,274,165,2,167,441
07/07/2001,CRG,FL,ASO,ES,Federal Contract Tower,0,5,31,0,36,0,1,175,1,177,0,6,206,1,213,157,0,157,370
07/08/2001,CRG,FL,ASO,ES,Federal Contract Tower,0,3,51,0,54,0,1,117,0,118,0,4,168,0,172,66,0,66,238
07/09/2001,CRG,FL,ASO,ES,Federal Contract Tower,0,28,45,0,73,0,2,181,13,196,0,30,226,13,269,183,0,183,452
07/10/2001,CRG,FL,ASO,ES,Federal Contract Tower,0,22,68,0,90,0,14,124,25,163,0,36,192,25,253,191,18,209,462
07/11/2001,CRG,FL,ASO,ES,Federal Contract Tower,0,25,44,0,69,0,6,185,34,225,0,31,229,34,294,193,4,197,491
07/12/2001,CRG,FL,ASO,ES,Federal Contract Tower,0,31,84,3,118,0,10,170,33,213,0,41,254,36,331,104,4,108,439
07/13/2001,CRG,FL,ASO,ES,Federal Contract Tower,0,21,60,1,82,0,8,94,17,119,0,29,154,18,201,102,4,106,307
07/14/2001,CRG,FL,ASO,ES,Federal Contract Tower,0,3,44,1,48,0,1,171,13,185,0,4,215,14,233,92,2,94,327
07/15/2001,CRG,FL,ASO,ES,Federal Contract Tower,0,0,34,0,34,0,0,149,6,155,0,0,183,6,189,81,0,81,270
07/16/2001,CRG,FL,ASO,ES,Federal Contract Tower,0,22,67,0,89,0,8,165,31,204,0,30,232,31,293,240,0,240,533
07/17/2001,CRG,FL,ASO,ES,Federal Contract Tower,0,27,57,0,84,0,7,206,99,312,0,34,263,99,396,129,0,129,525
07/18/2001,CRG,FL,ASO,ES,Federal Contract Tower,0,29,76,0,105,0,8,121,136,265,0,37,197,136,370,127,0,127,497
07/19/2001,CRG,FL,ASO,ES,Federal Contract Tower,0,24,75,0,99,0,5,196,69,270,0,29,271,69,369,175,8,183,552
07/20/2001,CRG,FL,ASO,ES,Federal Contract Tower,0,27,54,0,81,0,4,79,19,102,0,31,133,19,183,131,0,131,314
07/21/2001,CRG,FL,ASO,ES,Federal Contract Tower,0,4,46,0,50,0,0,63,14,77,0,4,109,14,127,69,0,69,196
07/22/2001,CRG,FL,ASO,ES,Federal Contract Tower,0,0,43,0,43,0,0,122,18,140,0,0,165,18,183,133,0,133,316
07/23/2001,CRG,FL,ASO,ES,Federal Contract Tower,0,18,54,0,72,0,14,92,32,138,0,32,146,32,210,93,0,93,303
07/24/2001,CRG,FL,ASO,ES,Federal Contract Tower,0,28,74,0,102,0,2,163,34,199,0,30,237,34,301,177,4,181,482
07/25/2001,CRG,FL,ASO,ES,Federal Contract Tower,0,28,73,0,101,0,2,194,58,254,0,30,267,58,355,194,12,206,561
07/26/2001,CRG,FL,ASO,ES,Federal Contract Tower,0,25,59,0,84,0,5,102,37,144,0,30,161,37,228,134,2,136,364
07/27/2001,CRG,FL,ASO,ES,Federal Contract Tower,0,23,70,0,93,0,3,116,11,130,0,26,186,11,223,143,17,160,383
07/28/2001,CRG,FL,ASO,ES,Federal Contract Tower,0,4,26,0,30,0,0,206,14,220,0,4,232,14,250,76,0,76,326
07/29/2001,CRG,FL,ASO,ES,Federal Contract Tower,0,0,32,0,32,0,0,133,0,133,0,0,165,0,165,96,0,96,261
07/30/2001,CRG,FL,ASO,ES,Federal Contract Tower,0,21,48,0,69,0,7,162,42,211,0,28,210,42,280,128,0,128,408
07/31/2001,CRG,FL,ASO,ES,Federal Contract Tower,0,26,63,0,89,0,7,66,51,124,0,33,129,51,213,22,0,22,235
08/01/2001,CRG,FL,ASO,ES,Federal Contract Tower,0,19,67,0,86,0,7,93,96,196,0,26,160,96,282,137,22,159,441
08/02/2001,CRG,FL,ASO,ES,Federal Contract Tower,0,21,72,0,93,0,6,144,39,189,0,27,216,39,282,130,4,134,416
08/03/2001,CRG,FL,ASO,ES,Federal Contract Tower,0,20,52,0,72,0,5,85,14,104,0,25,137,14,176,56,0,56,232
08/04/2001,CRG,FL,ASO,ES,Federal Contract Tower,0,6,39,0,45,0,0,166,5,171,0,6,205,5,216,78,0,78,294
08/05/2001,CRG,FL,ASO,ES,Federal Contract Tower,0,0,33,0,33,0,0,50,2,52,0,0,83,2,85,66,0,66,151
08/06/2001,CRG,FL,ASO,ES,Federal Contract Tower,0,24,50,0,74,0,9,173,11,193,0,33,223,11,267,91,2,93,360
08/07/2001,CRG,FL,ASO,ES,Federal Contract Tower,0,26,59,0,85,0,10,154,52,216,0,36,213,52,301,124,28,152,453
08/08/2001,CRG,FL,ASO,ES,Federal Contract Tower,0,24,65,0,89,0,8,196,69,273,0,32,261,69,362,195,4,199,561
08/09/2001,CRG,FL,ASO,ES,Federal Contract Tower,0,21,62,0,83,0,6,186,53,245,0,27,248,53,328,162,5,167,495
08/10/2001,CRG,FL,ASO,ES,Federal Contract Tower,0,17,80,2,99,0,7,169,19,195,0,24,249,21,294,179,4,183,477
08/11/2001,CRG,FL,ASO,ES,Federal Contract Tower,0,4,26,0,30,0,0,142,0,142,0,4,168,0,172,87,0,87,259
08/12/2001,CRG,FL,ASO,ES,Federal Contract Tower,0,3,36,0,39,0,0,163,6,169,0,3,199,6,208,52,0,52,260
08/13/2001,CRG,FL,ASO,ES,Federal Contract Tower,0,21,54,0,75,0,8,168,43,219,0,29,222,43,294,68,10,78,372
08/14/2001,CRG,FL,ASO,ES,Federal Contract Tower,0,24,55,2,81,0,7,161,68,236,0,31,216,70,317,74,21,95,412
08/15/2001,CRG,FL,ASO,ES,Federal Contract Tower,0,27,78,2,107,0,1,111,61,173,0,28,189,63,280,66,10,76,356
08/16/2001,CRG,FL,ASO,ES,Federal Contract Tower,0,27,80,0,107,0,3,124,124,251,0,30,204,124,358,116,4,120,478
08/17/2001,CRG,FL,ASO,ES,Federal Contract Tower,0,21,64,0,85,0,7,166,16,189,0,28,230,16,274,122,4,126,400
08/18/2001,CRG,FL,ASO,ES,Federal Contract Tower,0,3,19,0,22,0,0,241,10,251,0,3,260,10,273,133,0,133,406
08/19/2001,CRG,FL,ASO,ES,Federal Contract Tower,0,0,49,0,49,0,0,128,11,139,0,0,177,11,188,84,0,84,272
08/20/2001,CRG,FL,ASO,ES,Federal Contract Tower,0,27,40,0,67,0,6,175,44,225,0,33,215,44,292,152,16,168,460
08/21/2001,CRG,FL,ASO,ES,Federal Contract Tower,0,25,30,1,56,0,7,218,109,334,0,32,248,110,390,112,8,120,510
08/22/2001,CRG,FL,ASO,ES,Federal Contract Tower,0,26,77,1,104,0,5,173,157,335,0,31,250,158,439,134,0,134,573
08/23/2001,CRG,FL,ASO,ES,Federal Contract Tower,0,24,45,0,69,0,3,190,131,324,0,27,235,131,393,123,9,132,525
08/24/2001,CRG,FL,ASO,ES,Federal Contract Tower,0,20,60,0,80,0,14,172,26,212,0,34,232,26,292,165,6,171,463
08/25/2001,CRG,FL,ASO,ES,Federal Contract Tower,0,4,31,0,35,0,0,211,2,213,0,4,242,2,248,113,0,113,361
08/26/2001,CRG,FL,ASO,ES,Federal Contract Tower,0,5,43,1,49,0,0,145,3,148,0,5,188,4,197,70,0,70,267
08/27/2001,CRG,FL,ASO,ES,Federal Contract Tower,0,23,40,0,63,0,9,173,46,228,0,32,213,46,291,164,8,172,463
08/28/2001,CRG,FL,ASO,ES,Federal Contract Tower,0,26,51,0,77,0,3,200,50,253,0,29,251,50,330,144,2,146,476
08/29/2001,CRG,FL,ASO,ES,Federal Contract Tower,0,23,68,0,91,0,17,174,103,294,0,40,242,103,385,116,12,128,513
08/30/2001,CRG,FL,ASO,ES,Federal Contract Tower,0,29,85,0,114,0,2,177,64,243,0,31,262,64,357,194,22,216,573
08/31/2001,CRG,FL,ASO,ES,Federal Contract Tower,0,19,59,0,78,0,3,163,6,172,0,22,222,6,250,97,0,97,347
09/01/2001,CRG,FL,ASO,ES,Federal Contract Tower,0,4,25,0,29,0,0,138,4,142,0,4,163,4,171,57,0,57,228
09/02/2001,CRG,FL,ASO,ES,Federal Contract Tower,0,0,30,0,30,0,0,129,0,129,0,0,159,0,159,71,0,71,230
09/03/2001,CRG,FL,ASO,ES,Federal Contract Tower,0,0,42,0,42,0,0,122,0,122,0,0,164,0,164,126,0,126,290
09/04/2001,CRG,FL,ASO,ES,Federal Contract Tower,0,19,60,0,79,0,7,128,38,173,0,26,188,38,252,63,18,81,333
09/05/2001,CRG,FL,ASO,ES,Federal Contract Tower,0,29,46,2,77,0,8,148,78,234,0,37,194,80,311,228,73,301,612
09/06/2001,CRG,FL,ASO,ES,Federal Contract Tower,0,26,52,0,78,0,3,121,67,191,0,29,173,67,269,167,0,167,436
09/07/2001,CRG,FL,ASO,ES,Federal Contract Tower,0,18,83,0,101,0,9,182,30,221,0,27,265,30,322,200,2,202,524
09/08/2001,CRG,FL,ASO,ES,Federal Contract Tower,0,3,17,0,20,0,0,249,2,251,0,3,266,2,271,178,14,192,463
09/09/2001,CRG,FL,ASO,ES,Federal Contract Tower,0,0,57,0,57,0,0,116,11,127,0,0,173,11,184,120,0,120,304
09/10/2001,CRG,FL,ASO,ES,Federal Contract Tower,0,22,59,0,81,0,5,212,56,273,0,27,271,56,354,175,4,179,533
09/11/2001,CRG,FL,ASO,ES,Federal Contract Tower,0,7,21,0,28,0,0,16,6,22,0,7,37,6,50,10,0,10,60
09/12/2001,CRG,FL,ASO,ES,Federal Contract Tower,0,0,0,0,0,0,0,0,4,4,0,0,0,4,4,0,0,0,4
09/13/2001,CRG,FL,ASO,ES,Federal Contract Tower,0,21,3,0,24,0,1,1,2,4,0,22,4,2,28,0,0,0,28
09/14/2001,CRG,FL,ASO,ES,Federal Contract Tower,0,5,4,0,9,0,17,0,0,17,0,22,4,0,26,0,0,0,26
09/15/2001,CRG,FL,ASO,ES,Federal Contract Tower,0,4,9,0,13,0,0,6,0,6,0,4,15,0,19,0,0,0,19
09/16/2001,CRG,FL,ASO,ES,Federal Contract Tower,0,3,55,0,58,0,0,18,4,22,0,3,73,4,80,0,0,0,80
09/17/2001,CRG,FL,ASO,ES,Federal Contract Tower,0,29,106,2,137,0,2,14,68,84,0,31,120,70,221,0,0,0,221
09/18/2001,CRG,FL,ASO,ES,Federal Contract Tower,0,32,158,2,192,0,0,8,95,103,0,32,166,97,295,0,2,2,297
09/19/2001,CRG,FL,ASO,ES,Federal Contract Tower,0,33,153,1,187,0,0,36,53,89,0,33,189,54,276,0,8,8,284
09/20/2001,CRG,FL,ASO,ES,Federal Contract Tower,0,33,169,1,203,0,0,47,49,96,0,33,216,50,299,0,6,6,305
09/21/2001,CRG,FL,ASO,ES,Federal Contract Tower,0,23,143,2,168,0,0,59,18,77,0,23,202,20,245,14,12,26,271
09/22/2001,CRG,FL,ASO,ES,Federal Contract Tower,0,4,50,2,56,0,0,104,16,120,0,4,154,18,176,132,0,132,308
09/23/2001,CRG,FL,ASO,ES,Federal Contract Tower,0,1,53,0,54,0,0,86,20,106,0,1,139,20,160,102,3,105,265
09/24/2001,CRG,FL,ASO,ES,Federal Contract Tower,0,28,56,2,86,0,2,150,32,184,0,30,206,34,270,190,0,190,460
09/25/2001,CRG,FL,ASO,ES,Federal Contract Tower,0,30,85,0,115,0,1,161,38,200,0,31,246,38,315,220,0,220,535
09/26/2001,CRG,FL,ASO,ES,Federal Contract Tower,0,37,66,0,103,0,1,254,61,316,0,38,320,61,419,251,32,283,702
09/27/2001,CRG,FL,ASO,ES,Federal Contract Tower,0,26,90,2,118,0,2,248,24,274,0,28,338,26,392,303,10,313,705
09/28/2001,CRG,FL,ASO,ES,Federal Contract Tower,0,25,85,2,112,0,2,205,17,224,0,27,290,19,336,252,14,266,602
09/29/2001,CRG,FL,ASO,ES,Federal Contract Tower,0,3,26,0,29,0,0,37,2,39,0,3,63,2,68,44,0,44,112
09/30/2001,CRG,FL,ASO,ES,Federal Contract Tower,0,0,52,0,52,0,0,104,2,106,0,0,156,2,158,56,0,56,214
10/01/2001,CRG,FL,ASO,ES,Federal Contract Tower,0,23,67,0,90,0,9,242,69,320,0,32,309,69,410,300,2,302,712
10/02/2001,CRG,FL,ASO,ES,Federal Contract Tower,0,24,67,0,91,0,6,284,68,358,0,30,351,68,449,400,8,408,857
10/03/2001,CRG,FL,ASO,ES,Federal Contract Tower,0,27,59,1,87,0,4,261,67,332,0,31,320,68,419,244,0,244,663
10/04/2001,CRG,FL,ASO,ES,Federal Contract Tower,0,30,72,0,102,0,2,253,66,321,0,32,325,66,423,279,2,281,704
10/05/2001,CRG,FL,ASO,ES,Federal Contract Tower,0,22,43,0,65,0,2,258,16,276,0,24,301,16,341,199,0,199,540
10/06/2001,CRG,FL,ASO,ES,Federal Contract Tower,0,5,42,1,48,0,0,146,1,147,0,5,188,2,195,268,2,270,465
10/07/2001,CRG,FL,ASO,ES,Federal Contract Tower,0,0,69,0,69,0,0,69,4,73,0,0,138,4,142,136,0,136,278
10/08/2001,CRG,FL,ASO,ES,Federal Contract Tower,0,14,53,0,67,0,0,163,6,169,0,14,216,6,236,262,0,262,498
10/09/2001,CRG,FL,ASO,ES,Federal Contract Tower,0,31,54,2,87,0,2,172,38,212,0,33,226,40,299,106,0,106,405
10/10/2001,CRG,FL,ASO,ES,Federal Contract Tower,0,27,63,3,93,0,8,235,70,313,0,35,298,73,406,246,8,254,660
10/11/2001,CRG,FL,ASO,ES,Federal Contract Tower,0,30,62,0,92,0,4,253,51,308,0,34,315,51,400,391,2,393,793
10/12/2001,CRG,FL,ASO,ES,Federal Contract Tower,0,21,63,0,84,0,5,241,42,288,0,26,304,42,372,289,11,300,672
10/13/2001,CRG,FL,ASO,ES,Federal Contract Tower,0,6,44,0,50,0,0,186,8,194,0,6,230,8,244,278,0,278,522
10/14/2001,CRG,FL,ASO,ES,Federal Contract Tower,0,1,44,0,45,0,4,118,7,129,0,5,162,7,174,180,0,180,354
10/15/2001,CRG,FL,ASO,ES,Federal Contract Tower,0,23,81,0,104,0,7,237,60,304,0,30,318,60,408,312,0,312,720
10/16/2001,CRG,FL,ASO,ES,Federal Contract Tower,0,25,74,2,101,0,10,293,77,380,0,35,367,79,481,437,2,439,920
10/17/2001,CRG,FL,ASO,ES,Federal Contract Tower,0,28,62,2,92,0,2,246,108,356,0,30,308,110,448,241,20,261,709
10/18/2001,CRG,FL,ASO,ES,Federal Contract Tower,0,27,80,1,108,0,5,215,111,331,0,32,295,112,439,223,29,252,691
10/19/2001,CRG,FL,ASO,ES,Federal Contract Tower,0,27,75,1,103,0,7,181,17,205,0,34,256,18,308,221,8,229,537
10/20/2001,CRG,FL,ASO,ES,Federal Contract Tower,0,5,52,2,59,0,1,224,0,225,0,6,276,2,284,326,0,326,610
10/21/2001,CRG,FL,ASO,ES,Federal Contract Tower,0,2,96,0,98,0,0,72,2,74,0,2,168,2,172,10,0,10,182
10/22/2001,CRG,FL,ASO,ES,Federal Contract Tower,0,30,97,1,128,0,5,94,32,131,0,35,191,33,259,88,0,88,347
10/23/2001,CRG,FL,ASO,ES,Federal Contract Tower,0,29,60,0,89,0,6,128,86,220,0,35,188,86,309,221,12,233,542
10/24/2001,CRG,FL,ASO,ES,Federal Contract Tower,0,34,72,0,106,0,1,102,83,186,0,35,174,83,292,300,4,304,596
10/25/2001,CRG,FL,ASO,ES,Federal Contract Tower,0,38,91,0,129,0,3,206,46,255,0,41,297,46,384,284,6,290,674
10/26/2001,CRG,FL,ASO,ES,Federal Contract Tower,0,28,97,0,125,0,0,253,34,287,0,28,350,34,412,269,0,269,681
10/27/2001,CRG,FL,ASO,ES,Federal Contract Tower,0,10,94,0,104,0,1,203,6,210,0,11,297,6,314,127,0,127,441
10/28/2001,CRG,FL,ASO,ES,Federal Contract Tower,0,0,77,0,77,0,0,192,9,201,0,0,269,9,278,182,0,182,460
10/29/2001,CRG,FL,ASO,ES,Federal Contract Tower,0,23,62,0,85,0,12,178,83,273,0,35,240,83,358,271,0,271,629
10/30/2001,CRG,FL,ASO,ES,Federal Contract Tower,0,31,72,0,103,0,0,267,141,408,0,31,339,141,511,275,0,275,786
10/31/2001,CRG,FL,ASO,ES,Federal Contract Tower,0,27,67,0,94,0,7,204,84,295,0,34,271,84,389,267,2,269,658
11/01/2001,CRG,FL,ASO,ES,Federal Contract Tower,0,28,66,0,94,0,3,212,76,291,0,31,278,76,385,196,8,204,589
11/02/2001,CRG,FL,ASO,ES,Federal Contract Tower,0,22,84,0,106,0,0,118,37,155,0,22,202,37,261,294,0,294,555
11/03/2001,CRG,FL,ASO,ES,Federal Contract Tower,0,3,40,2,45,0,0,168,39,207,0,3,208,41,252,220,0,220,472
11/04/2001,CRG,FL,ASO,ES,Federal Contract Tower,0,3,72,0,75,0,0,88,4,92,0,3,160,4,167,38,0,38,205
11/05/2001,CRG,FL,ASO,ES,Federal Contract Tower,0,27,57,0,84,0,4,109,59,172,0,31,166,59,256,180,16,196,452
11/06/2001,CRG,FL,ASO,ES,Federal Contract Tower,0,31,72,1,104,0,7,234,127,368,0,38,306,128,472,292,0,292,764
11/07/2001,CRG,FL,ASO,ES,Federal Contract Tower,0,26,96,1,123,0,3,265,134,402,0,29,361,135,525,418,16,434,959
11/08/2001,CRG,FL,ASO,ES,Federal Contract Tower,0,27,106,0,133,0,5,309,69,383,0,32,415,69,516,276,16,292,808
11/09/2001,CRG,FL,ASO,ES,Federal Contract Tower,0,23,78,0,101,0,8,285,33,326,0,31,363,33,427,359,0,359,786
11/10/2001,CRG,FL,ASO,ES,Federal Contract Tower,0,5,55,0,60,0,6,259,11,276,0,11,314,11,336,350,0,350,686
11/11/2001,CRG,FL,ASO,ES,Federal Contract Tower,0,1,59,0,60,0,0,201,1,202,0,1,260,1,262,218,0,218,480
11/12/2001,CRG,FL,ASO,ES,Federal Contract Tower,0,12,64,0,76,0,3,119,2,124,0,15,183,2,200,234,0,234,434
11/13/2001,CRG,FL,ASO,ES,Federal Contract Tower,0,28,101,0,129,0,3,87,58,148,0,31,188,58,277,70,0,70,347
11/14/2001,CRG,FL,ASO,ES,Federal Contract Tower,0,32,61,0,93,0,3,7,8,18,0,35,68,8,111,0,0,0,111
11/15/2001,CRG,FL,ASO,ES,Federal Contract Tower,0,31,66,1,98,0,8,43,58,109,0,39,109,59,207,10,12,22,229
11/16/2001,CRG,FL,ASO,ES,Federal Contract Tower,0,23,85,0,108,0,4,226,12,242,0,27,311,12,350,245,17,262,612
11/17/2001,CRG,FL,ASO,ES,Federal Contract Tower,0,3,52,0,55,0,0,298,14,312,0,3,350,14,367,304,0,304,671
11/18/2001,CRG,FL,ASO,ES,Federal Contract Tower,0,3,71,0,74,0,0,107,9,116,0,3,178,9,190,51,0,51,241
11/19/2001,CRG,FL,ASO,ES,Federal Contract Tower,0,25,88,0,113,0,7,89,11,107,0,32,177,11,220,76,0,76,296
11/20/2001,CRG,FL,ASO,ES,Federal Contract Tower,0,28,94,2,124,0,0,163,47,210,0,28,257,49,334,224,22,246,580
11/21/2001,CRG,FL,ASO,ES,Federal Contract Tower,0,22,83,0,105,0,5,192,11,208,0,27,275,11,313,178,2,180,493
11/22/2001,CRG,FL,ASO,ES,Federal Contract Tower,0,3,22,0,25,0,0,74,0,74,0,3,96,0,99,38,0,38,137
11/23/2001,CRG,FL,ASO,ES,Federal Contract Tower,0,9,37,0,46,0,15,126,0,141,0,24,163,0,187,152,0,152,339
11/24/2001,CRG,FL,ASO,ES,Federal Contract Tower,0,3,28,0,31,0,0,173,0,173,0,3,201,0,204,119,0,119,323
11/25/2001,CRG,FL,ASO,ES,Federal Contract Tower,0,2,54,0,56,0,0,155,2,157,0,2,209,2,213,134,0,134,347
11/26/2001,CRG,FL,ASO,ES,Federal Contract Tower,0,24,67,0,91,0,6,186,59,251,0,30,253,59,342,346,18,364,706
11/27/2001,CRG,FL,ASO,ES,Federal Contract Tower,0,24,97,0,121,0,6,212,99,317,0,30,309,99,438,215,7,222,660
11/28/2001,CRG,FL,ASO,ES,Federal Contract Tower,0,23,85,6,114,0,7,259,53,319,0,30,344,59,433,358,12,370,803
11/29/2001,CRG,FL,ASO,ES,Federal Contract Tower,0,29,83,3,115,0,5,188,127,320,0,34,271,130,435,305,0,305,740
11/30/2001,CRG,FL,ASO,ES,Federal Contract Tower,0,23,88,0,111,0,6,253,62,321,0,29,341,62,432,271,6,277,709
12/01/2001,CRG,FL,ASO,ES,Federal Contract Tower,0,3,57,0,60,0,0,259,26,285,0,3,316,26,345,269,0,269,614
12/02/2001,CRG,FL,ASO,ES,Federal Contract Tower,0,1,57,0,58,0,0,181,0,181,0,1,238,0,239,223,0,223,462
12/03/2001,CRG,FL,ASO,ES,Federal Contract Tower,0,42,113,0,155,0,0,42,44,86,0,42,155,44,241,0,0,0,241
12/04/2001,CRG,FL,ASO,ES,Federal Contract Tower,0,29,134,1,164,0,0,67,124,191,0,29,201,125,355,9,4,13,368
12/05/2001,CRG,FL,ASO,ES,Federal Contract Tower,0,26,74,1,101,0,11,205,93,309,0,37,279,94,410,304,2,306,716
12/06/2001,CRG,FL,ASO,ES,Federal Contract Tower,0,29,99,0,128,0,0,220,156,376,0,29,319,156,504,336,22,358,862
12/07/2001,CRG,FL,ASO,ES,Federal Contract Tower,0,29,48,0,77,0,0,172,21,193,0,29,220,21,270,202,0,202,472
12/08/2001,CRG,FL,ASO,ES,Federal Contract Tower,0,3,59,2,64,0,0,158,5,163,0,3,217,7,227,281,0,281,508
12/09/2001,CRG,FL,ASO,ES,Federal Contract Tower,0,4,77,0,81,0,0,99,6,105,0,4,176,6,186,85,0,85,271
12/10/2001,CRG,FL,ASO,ES,Federal Contract Tower,0,23,76,0,99,0,2,9,4,15,0,25,85,4,114,4,0,4,118
12/11/2001,CRG,FL,ASO,ES,Federal Contract Tower,0,5,19,0,24,0,0,3,0,3,0,5,22,0,27,0,0,0,27
12/12/2001,CRG,FL,ASO,ES,Federal Contract Tower,0,27,104,0,131,0,0,25,0,25,0,27,129,0,156,0,0,0,156
12/13/2001,CRG,FL,ASO,ES,Federal Contract Tower,0,24,59,0,83,0,0,106,30,136,0,24,165,30,219,112,4,116,335
12/14/2001,CRG,FL,ASO,ES,Federal Contract Tower,0,30,102,0,132,0,7,110,17,134,0,37,212,17,266,155,34,189,455
12/15/2001,CRG,FL,ASO,ES,Federal Contract Tower,0,7,70,3,80,0,0,91,13,104,0,7,161,16,184,128,18,146,330
12/16/2001,CRG,FL,ASO,ES,Federal Contract Tower,0,3,42,0,45,0,0,131,17,148,0,3,173,17,193,168,0,168,361
12/17/2001,CRG,FL,ASO,ES,Federal Contract Tower,0,31,68,1,100,0,5,183,38,226,0,36,251,39,326,200,0,200,526
12/18/2001,CRG,FL,ASO,ES,Federal Contract Tower,0,23,71,0,94,0,6,187,39,232,0,29,258,39,326,211,10,221,547
12/19/2001,CRG,FL,ASO,ES,Federal Contract Tower,0,24,50,1,75,0,7,264,32,303,0,31,314,33,378,199,10,209,587
12/20/2001,CRG,FL,ASO,ES,Federal Contract Tower,0,24,60,0,84,0,7,195,38,240,0,31,255,38,324,138,10,148,472
12/21/2001,CRG,FL,ASO,ES,Federal Contract Tower,0,20,33,0,53,0,6,176,12,194,0,26,209,12,247,150,4,154,401
12/22/2001,CRG,FL,ASO,ES,Federal Contract Tower,0,2,37,0,39,0,1,100,0,101,0,3,137,0,140,150,0,150,290
12/23/2001,CRG,FL,ASO,ES,Federal Contract Tower,0,0,36,0,36,0,0,63,0,63,0,0,99,0,99,119,0,119,218
12/24/2001,CRG,FL,ASO,ES,Federal Contract Tower,0,23,21,0,44,0,2,90,0,92,0,25,111,0,136,58,0,58,194
12/25/2001,CRG,FL,ASO,ES,Federal Contract Tower,0,1,16,0,17,0,0,43,0,43,0,1,59,0,60,58,0,58,118
12/26/2001,CRG,FL,ASO,ES,Federal Contract Tower,0,15,52,0,67,0,14,86,16,116,0,29,138,16,183,14,0,14,197
12/27/2001,CRG,FL,ASO,ES,Federal Contract Tower,0,23,56,0,79,0,5,158,13,176,0,28,214,13,255,71,0,71,326
12/28/2001,CRG,FL,ASO,ES,Federal Contract Tower,0,21,36,0,57,0,4,184,0,188,0,25,220,0,245,144,0,144,389
12/29/2001,CRG,FL,ASO,ES,Federal Contract Tower,0,7,39,0,46,0,0,132,2,134,0,7,171,2,180,135,0,135,315
12/30/2001,CRG,FL,ASO,ES,Federal Contract Tower,0,2,54,0,56,0,0,134,2,136,0,2,188,2,192,94,0,94,286
12/31/2001,CRG,FL,ASO,ES,Federal Contract Tower,0,27,33,0,60,0,2,142,0,144,0,29,175,0,204,110,0,110,314
01/01/2002,CRG,FL,ASO,ES,Federal Contract Tower,0,3,45,0,48,0,1,104,2,107,0,4,149,2,155,82,0,82,237
01/02/2002,CRG,FL,ASO,ES,Federal Contract Tower,0,29,22,0,51,0,3,0,0,3,0,32,22,0,54,0,0,0,54
01/03/2002,CRG,FL,ASO,ES,Federal Contract Tower,0,33,50,0,83,0,7,49,33,89,0,40,99,33,172,16,0,16,188
01/04/2002,CRG,FL,ASO,ES,Federal Contract Tower,0,24,50,3,77,0,9,173,69,251,0,33,223,72,328,148,0,148,476
01/05/2002,CRG,FL,ASO,ES,Federal Contract Tower,0,5,59,0,64,0,1,192,2,195,0,6,251,2,259,163,0,163,422
01/06/2002,CRG,FL,ASO,ES,Federal Contract Tower,0,0,28,0,28,0,1,32,4,37,0,1,60,4,65,49,0,49,114
01/07/2002,CRG,FL,ASO,ES,Federal Contract Tower,0,20,29,0,49,0,11,124,26,161,0,31,153,26,210,140,14,154,364
01/08/2002,CRG,FL,ASO,ES,Federal Contract Tower,0,32,46,0,78,0,9,142,67,218,0,41,188,67,296,35,2,37,333
01/09/2002,CRG,FL,ASO,ES,Federal Contract Tower,0,25,67,0,92,0,10,176,26,212,0,35,243,26,304,148,0,148,452
01/10/2002,CRG,FL,ASO,ES,Federal Contract Tower,0,23,79,0,102,0,8,213,39,260,0,31,292,39,362,173,2,175,537
01/11/2002,CRG,FL,ASO,ES,Federal Contract Tower,0,18,106,0,124,0,17,187,32,236,0,35,293,32,360,222,6,228,588
01/12/2002,CRG,FL,ASO,ES,Federal Contract Tower,0,7,68,0,75,0,0,108,15,123,0,7,176,15,198,119,0,119,317
01/13/2002,CRG,FL,ASO,ES,Federal Contract Tower,0,3,38,0,41,0,0,261,28,289,0,3,299,28,330,277,0,277,607
01/14/2002,CRG,FL,ASO,ES,Federal Contract Tower,0,33,56,0,89,0,1,51,2,54,0,34,107,2,143,36,0,36,179
01/15/2002,CRG,FL,ASO,ES,Federal Contract Tower,0,30,72,0,102,0,3,150,58,211,0,33,222,58,313,251,6,257,570
01/16/2002,CRG,FL,ASO,ES,Federal Contract Tower,0,18,98,0,116,0,11,185,87,283,0,29,283,87,399,251,2,253,652
01/17/2002,CRG,FL,ASO,ES,Federal Contract Tower,0,26,90,0,116,0,6,157,90,253,0,32,247,90,369,247,9,256,625
01/18/2002,CRG,FL,ASO,ES,Federal Contract Tower,0,17,83,0,100,0,8,202,28,238,0,25,285,28,338,202,0,202,540
01/19/2002,CRG,FL,ASO,ES,Federal Contract Tower,0,3,49,0,52,0,0,189,2,191,0,3,238,2,243,152,0,152,395
01/20/2002,CRG,FL,ASO,ES,Federal Contract Tower,0,1,50,0,51,0,0,112,1,113,0,1,162,1,164,95,0,95,259
01/21/2002,CRG,FL,ASO,ES,Federal Contract Tower,0,7,55,0,62,0,0,22,4,26,0,7,77,4,88,54,0,54,142
01/22/2002,CRG,FL,ASO,ES,Federal Contract Tower,0,36,92,0,128,0,4,149,95,248,0,40,241,95,376,242,11,253,629
01/23/2002,CRG,FL,ASO,ES,Federal Contract Tower,0,36,71,1,108,0,1,154,56,211,0,37,225,57,319,155,28,183,502
01/24/2002,CRG,FL,ASO,ES,Federal Contract Tower,0,38,84,2,124,0,8,186,36,230,0,46,270,38,354,195,0,195,549
01/25/2002,CRG,FL,ASO,ES,Federal Contract Tower,0,33,70,0,103,0,0,66,15,81,0,33,136,15,184,89,0,89,273
01/26/2002,CRG,FL,ASO,ES,Federal Contract Tower,0,4,83,1,88,0,0,12,4,16,0,4,95,5,104,0,0,0,104
01/27/2002,CRG,FL,ASO,ES,Federal Contract Tower,0,0,53,4,57,0,0,107,9,116,0,0,160,13,173,154,52,206,379
01/28/2002,CRG,FL,ASO,ES,Federal Contract Tower,0,26,72,0,98,0,4,174,72,250,0,30,246,72,348,243,2,245,593
01/29/2002,CRG,FL,ASO,ES,Federal Contract Tower,0,22,62,0,84,0,2,79,22,103,0,24,141,22,187,92,14,106,293
01/30/2002,CRG,FL,ASO,ES,Federal Contract Tower,0,22,75,1,98,0,2,120,29,151,0,24,195,30,249,154,0,154,403
01/31/2002,CRG,FL,ASO,ES,Federal Contract Tower,0,30,62,0,92,0,8,231,85,324,0,38,293,85,416,297,0,297,713
02/01/2002,CRG,FL,ASO,ES,Federal Contract Tower,0,20,81,0,101,0,7,226,25,258,0,27,307,25,359,250,14,264,623
02/02/2002,CRG,FL,ASO,ES,Federal Contract Tower,0,2,72,2,76,0,1,223,1,225,0,3,295,3,301,235,0,235,536
02/03/2002,CRG,FL,ASO,ES,Federal Contract Tower,0,0,58,0,58,0,1,153,6,160,0,1,211,6,218,74,0,74,292
02/04/2002,CRG,FL,ASO,ES,Federal Contract Tower,0,37,62,0,99,0,7,201,28,236,0,44,263,28,335,212,0,212,547
02/05/2002,CRG,FL,ASO,ES,Federal Contract Tower,0,24,82,0,106,0,17,139,94,250,0,41,221,94,356,183,0,183,539
02/06/2002,CRG,FL,ASO,ES,Federal Contract Tower,0,20,53,1,74,0,5,137,49,191,0,25,190,50,265,222,62,284,549
02/07/2002,CRG,FL,ASO,ES,Federal Contract Tower,0,19,84,1,104,0,5,58,13,76,0,24,142,14,180,10,0,10,190
02/08/2002,CRG,FL,ASO,ES,Federal Contract Tower,0,17,104,0,121,0,15,168,64,247,0,32,272,64,368,162,0,162,530
02/09/2002,CRG,FL,ASO,ES,Federal Contract Tower,0,6,41,0,47,0,0,236,29,265,0,6,277,29,312,154,0,154,466
02/10/2002,CRG,FL,ASO,ES,Federal Contract Tower,0,1,62,0,63,0,0,128,15,143,0,1,190,15,206,228,0,228,434
02/11/2002,CRG,FL,ASO,ES,Federal Contract Tower,0,19,82,0,101,0,9,192,46,247,0,28,274,46,348,169,4,173,521
02/12/2002,CRG,FL,ASO,ES,Federal Contract Tower,0,22,80,0,102,0,7,247,39,293,0,29,327,39,395,256,0,256,651
02/13/2002,CRG,FL,ASO,ES,Federal Contract Tower,0,23,82,0,105,0,11,207,32,250,0,34,289,32,355,250,1,251,606
02/14/2002,CRG,FL,ASO,ES,Federal Contract Tower,0,23,70,0,93,0,8,198,25,231,0,31,268,25,324,175,14,189,513
02/15/2002,CRG,FL,ASO,ES,Federal Contract Tower,0,23,102,0,125,0,3,159,6,168,0,26,261,6,293,160,0,160,453
02/16/2002,CRG,FL,ASO,ES,Federal Contract Tower,0,4,57,0,61,0,1,162,4,167,0,5,219,4,228,212,0,212,440
02/17/2002,CRG,FL,ASO,ES,Federal Contract Tower,0,2,43,0,45,0,1,199,1,201,0,3,242,1,246,182,0,182,428
02/18/2002,CRG,FL,ASO,ES,Federal Contract Tower,0,11,76,0,87,0,2,198,2,202,0,13,274,2,289,134,0,134,423
02/19/2002,CRG,FL,ASO,ES,Federal Contract Tower,0,28,83,0,111,0,12,195,56,263,0,40,278,56,374,154,14,168,542
02/20/2002,CRG,FL,ASO,ES,Federal Contract Tower,0,27,73,0,100,0,11,157,28,196,0,38,230,28,296,137,14,151,447
02/21/2002,CRG,FL,ASO,ES,Federal Contract Tower,0,25,108,3,136,0,2,128,41,171,0,27,236,44,307,238,0,238,545
02/22/2002,CRG,FL,ASO,ES,Federal Contract Tower,0,19,90,0,109,0,8,150,48,206,0,27,240,48,315,235,0,235,550
02/23/2002,CRG,FL,ASO,ES,Federal Contract Tower,0,3,73,0,76,0,0,27,0,27,0,3,100,0,103,0,0,0,103
02/24/2002,CRG,FL,ASO,ES,Federal Contract Tower,0,1,50,2,53,0,0,192,17,209,0,1,242,19,262,199,0,199,461
02/25/2002,CRG,FL,ASO,ES,Federal Contract Tower,0,21,66,0,87,0,9,174,101,284,0,30,240,101,371,184,0,184,555
02/26/2002,CRG,FL,ASO,ES,Federal Contract Tower,0,25,70,1,96,0,11,251,62,324,0,36,321,63,420,300,3,303,723
02/27/2002,CRG,FL,ASO,ES,Federal Contract Tower,0,22,56,0,78,0,11,113,40,164,0,33,169,40,242,64,8,72,314
02/28/2002,CRG,FL,ASO,ES,Federal Contract Tower,0,26,62,0,88,0,11,249,61,321,0,37,311,61,409,261,28,289,698
03/01/2002,CRG,FL,ASO,ES,Federal Contract Tower,0,22,63,0,85,0,13,194,12,219,0,35,257,12,304,194,0,194,498
03/02/2002,CRG,FL,ASO,ES,Federal Contract Tower,0,4,39,0,43,0,1,24,4,29,0,5,63,4,72,46,0,46,118
03/03/2002,CRG,FL,ASO,ES,Federal Contract Tower,0,4,34,0,38,0,1,11,0,12,0,5,45,0,50,0,0,0,50
03/04/2002,CRG,FL,ASO,ES,Federal Contract Tower,0,20,71,0,91,0,15,143,35,193,0,35,214,35,284,74,8,82,366
03/05/2002,CRG,FL,ASO,ES,Federal Contract Tower,0,31,70,0,101,0,9,178,63,250,0,40,248,63,351,155,0,155,506
03/06/2002,CRG,FL,ASO,ES,Federal Contract Tower,0,28,102,0,130,0,9,182,82,273,0,37,284,82,403,78,0,78,481
03/07/2002,CRG,FL,ASO,ES,Federal Contract Tower,0,22,74,0,96,0,13,227,66,306,0,35,301,66,402,142,2,144,546
03/08/2002,CRG,FL,ASO,ES,Federal Contract Tower,0,19,80,0,99,0,8,171,77,256,0,27,251,77,355,183,0,183,538
03/09/2002,CRG,FL,ASO,ES,Federal Contract Tower,0,5,40,0,45,0,0,110,22,132,0,5,150,22,177,73,16,89,266
03/10/2002,CRG,FL,ASO,ES,Federal Contract Tower,0,6,81,0,87,0,0,132,8,140,0,6,213,8,227,90,0,90,317
03/11/2002,CRG,FL,ASO,ES,Federal Contract Tower,0,20,90,0,110,0,16,195,106,317,0,36,285,106,427,217,2,219,646
03/12/2002,CRG,FL,ASO,ES,Federal Contract Tower,0,25,92,0,117,0,11,133,34,178,0,36,225,34,295,145,0,145,440
03/13/2002,CRG,FL,ASO,ES,Federal Contract Tower,0,38,91,2,131,0,3,127,28,158,0,41,218,30,289,136,12,148,437
03/14/2002,CRG,FL,ASO,ES,Federal Contract Tower,0,30,95,0,125,0,4,193,133,330,0,34,288,133,455,257,4,261,716
03/15/2002,CRG,FL,ASO,ES,Federal Contract Tower,0,21,91,0,112,0,14,178,15,207,0,35,269,15,319,264,0,264,583
03/16/2002,CRG,FL,ASO,ES,Federal Contract Tower,0,7,62,0,69,0,0,185,12,197,0,7,247,12,266,248,0,248,514
03/17/2002,CRG,FL,ASO,ES,Federal Contract Tower,0,6,54,0,60,0,0,221,8,229,0,6,275,8,289,169,0,169,458
03/18/2002,CRG,FL,ASO,ES,Federal Contract Tower,0,17,98,0,115,0,22,209,25,256,0,39,307,25,371,287,0,287,658
03/19/2002,CRG,FL,ASO,ES,Federal Contract Tower,0,26,106,0,132,0,10,190,60,260,0,36,296,60,392,270,6,276,668
03/20/2002,CRG,FL,ASO,ES,Federal Contract Tower,0,28,91,0,119,0,12,207,31,250,0,40,298,31,369,213,0,213,582
03/21/2002,CRG,FL,ASO,ES,Federal Contract Tower,0,32,73,0,105,0,5,82,23,110,0,37,155,23,215,68,0,68,283
03/22/2002,CRG,FL,ASO,ES,Federal Contract Tower,0,21,66,0,87,0,7,240,23,270,0,28,306,23,357,190,0,190,547
03/23/2002,CRG,FL,ASO,ES,Federal Contract Tower,0,11,91,0,102,0,0,181,4,185,0,11,272,4,287,183,0,183,470
03/24/2002,CRG,FL,ASO,ES,Federal Contract Tower,0,13,74,0,87,0,0,152,0,152,0,13,226,0,239,177,0,177,416
03/25/2002,CRG,FL,ASO,ES,Federal Contract Tower,0,25,82,0,107,0,12,251,29,292,0,37,333,29,399,203,0,203,602
03/26/2002,CRG,FL,ASO,ES,Federal Contract Tower,0,26,58,0,84,0,4,169,17,190,0,30,227,17,274,256,2,258,532
03/27/2002,CRG,FL,ASO,ES,Federal Contract Tower,0,29,105,0,134,0,2,186,24,212,0,31,291,24,346,165,0,165,511
03/28/2002,CRG,FL,ASO,ES,Federal Contract Tower,0,24,74,0,98,0,12,226,67,305,0,36,300,67,403,181,2,183,586
03/29/2002,CRG,FL,ASO,ES,Federal Contract Tower,0,20,87,0,107,0,5,168,1,174,0,25,255,1,281,177,2,179,460
03/30/2002,CRG,FL,ASO,ES,Federal Contract Tower,0,5,41,0,46,0,0,158,2,160,0,5,199,2,206,159,0,159,365
03/31/2002,CRG,FL,ASO,ES,Federal Contract Tower,0,2,35,0,37,0,0,108,0,108,0,2,143,0,145,79,0,79,224
04/01/2002,CRG,FL,ASO,ES,Federal Contract Tower,0,28,82,0,110,0,2,151,27,180,0,30,233,27,290,169,0,169,459
04/02/2002,CRG,FL,ASO,ES,Federal Contract Tower,0,35,88,0,123,0,2,104,26,132,0,37,192,26,255,215,0,215,470
04/03/2002,CRG,FL,ASO,ES,Federal Contract Tower,0,29,72,0,101,0,1,128,38,167,0,30,200,38,268,164,25,189,457
04/04/2002,CRG,FL,ASO,ES,Federal Contract Tower,0,26,89,0,115,0,5,112,96,213,0,31,201,96,328,147,0,147,475
04/05/2002,CRG,FL,ASO,ES,Federal Contract Tower,0,28,97,0,125,0,6,151,23,180,0,34,248,23,305,248,7,255,560
04/06/2002,CRG,FL,ASO,ES,Federal Contract Tower,0,4,68,0,72,0,0,244,11,255,0,4,312,11,327,167,0,167,494
04/07/2002,CRG,FL,ASO,ES,Federal Contract Tower,0,3,69,0,72,0,0,151,8,159,0,3,220,8,231,79,14,93,324
04/08/2002,CRG,FL,ASO,ES,Federal Contract Tower,0,23,75,0,98,0,11,123,21,155,0,34,198,21,253,82,3,85,338
04/09/2002,CRG,FL,ASO,ES,Federal Contract Tower,0,25,60,1,86,0,9,213,36,258,0,34,273,37,344,239,10,249,593
04/10/2002,CRG,FL,ASO,ES,Federal Contract Tower,0,28,87,0,115,0,3,121,15,139,0,31,208,15,254,166,16,182,436
04/11/2002,CRG,FL,ASO,ES,Federal Contract Tower,0,35,109,0,144,0,0,85,19,104,0,35,194,19,248,6,0,6,254
04/12/2002,CRG,FL,ASO,ES,Federal Contract Tower,0,28,98,1,127,0,2,56,32,90,0,30,154,33,217,28,0,28,245
04/13/2002,CRG,FL,ASO,ES,Federal Contract Tower,0,6,61,0,67,0,2,143,0,145,0,8,204,0,212,236,0,236,448
04/14/2002,CRG,FL,ASO,ES,Federal Contract Tower,0,2,52,0,54,0,0,138,0,138,0,2,190,0,192,198,0,198,390
04/15/2002,CRG,FL,ASO,ES,Federal Contract Tower,0,29,65,0,94,0,8,216,76,300,0,37,281,76,394,255,0,255,649
04/16/2002,CRG,FL,ASO,ES,Federal Contract Tower,0,28,75,0,103,0,7,171,106,284,0,35,246,106,387,215,0,215,602
04/17/2002,CRG,FL,ASO,ES,Federal Contract Tower,0,31,100,0,131,0,4,168,161,333,0,35,268,161,464,148,0,148,612
04/18/2002,CRG,FL,ASO,ES,Federal Contract Tower,0,29,76,1,106,0,7,192,32,231,0,36,268,33,337,188,4,192,529
04/19/2002,CRG,FL,ASO,ES,Federal Contract Tower,0,26,93,0,119,0,1,198,32,231,0,27,291,32,350,220,24,244,594
04/20/2002,CRG,FL,ASO,ES,Federal Contract Tower,0,5,74,0,79,0,1,196,30,227,0,6,270,30,306,230,4,234,540
04/21/2002,CRG,FL,ASO,ES,Federal Contract Tower,0,1,72,0,73,0,0,175,5,180,0,1,247,5,253,98,0,98,351
04/22/2002,CRG,FL,ASO,ES,Federal Contract Tower,0,28,93,0,121,0,9,190,32,231,0,37,283,32,352,134,0,134,486
04/23/2002,CRG,FL,ASO,ES,Federal Contract Tower,0,26,75,0,101,0,7,197,79,283,0,33,272,79,384,248,4,252,636
04/24/2002,CRG,FL,ASO,ES,Federal Contract Tower,0,35,81,0,116,0,6,137,160,303,0,41,218,160,419,187,8,195,614
04/25/2002,CRG,FL,ASO,ES,Federal Contract Tower,0,35,95,1,131,0,5,158,52,215,0,40,253,53,346,181,6,187,533
04/26/2002,CRG,FL,ASO,ES,Federal Contract Tower,0,22,81,0,103,0,8,143,33,184,0,30,224,33,287,215,0,215,502
04/27/2002,CRG,FL,ASO,ES,Federal Contract Tower,0,7,65,0,72,0,0,68,2,70,0,7,133,2,142,36,0,36,178
04/28/2002,CRG,FL,ASO,ES,Federal Contract Tower,0,10,67,0,77,0,0,113,7,120,0,10,180,7,197,112,0,112,309
04/29/2002,CRG,FL,ASO,ES,Federal Contract Tower,0,29,80,0,109,0,7,116,46,169,0,36,196,46,278,103,0,103,381
04/30/2002,CRG,FL,ASO,ES,Federal Contract Tower,0,35,71,0,106,0,4,130,66,200,0,39,201,66,306,290,12,302,608
05/01/2002,CRG,FL,ASO,ES,Federal Contract Tower,0,27,74,1,102,0,3,104,37,144,0,30,178,38,246,176,5,181,427
05/02/2002,CRG,FL,ASO,ES,Federal Contract Tower,0,27,95,0,122,0,7,130,50,187,0,34,225,50,309,118,8,126,435
05/03/2002,CRG,FL,ASO,ES,Federal Contract Tower,0,23,81,1,105,0,7,129,26,162,0,30,210,27,267,160,0,160,427
05/04/2002,CRG,FL,ASO,ES,Federal Contract Tower,0,6,35,0,41,0,0,155,3,158,0,6,190,3,199,137,0,137,336
05/05/2002,CRG,FL,ASO,ES,Federal Contract Tower,0,5,94,0,99,0,0,4,8,12,0,5,98,8,111,0,0,0,111
05/06/2002,CRG,FL,ASO,ES,Federal Contract Tower,0,28,38,1,67,0,11,130,77,218,0,39,168,78,285,219,23,242,527
05/07/2002,CRG,FL,ASO,ES,Federal Contract Tower,0,31,74,0,105,0,12,107,124,243,0,43,181,124,348,190,14,204,552
05/08/2002,CRG,FL,ASO,ES,Federal Contract Tower,0,28,77,1,106,0,9,195,41,245,0,37,272,42,351,167,4,171,522
05/09/2002,CRG,FL,ASO,ES,Federal Contract Tower,0,26,70,2,98,0,4,182,44,230,0,30,252,46,328,176,10,186,514
05/10/2002,CRG,FL,ASO,ES,Federal Contract Tower,0,22,64,2,88,0,7,184,41,232,0,29,248,43,320,210,20,230,550
05/11/2002,CRG,FL,ASO,ES,Federal Contract Tower,0,5,25,0,30,0,0,187,12,199,0,5,212,12,229,102,0,102,331
05/12/2002,CRG,FL,ASO,ES,Federal Contract Tower,0,3,47,0,50,0,0,124,10,134,0,3,171,10,184,109,0,109,293
05/13/2002,CRG,FL,ASO,ES,Federal Contract Tower,0,23,79,0,102,0,7,156,48,211,0,30,235,48,313,120,0,120,433
05/14/2002,CRG,FL,ASO,ES,Federal Contract Tower,0,27,73,0,100,0,8,143,83,234,0,35,216,83,334,187,0,187,521
05/15/2002,CRG,FL,ASO,ES,Federal Contract Tower,0,18,98,0,116,0,15,136,132,283,0,33,234,132,399,212,0,212,611
05/16/2002,CRG,FL,ASO,ES,Federal Contract Tower,0,26,81,4,111,0,6,156,90,252,0,32,237,94,363,230,6,236,599
05/17/2002,CRG,FL,ASO,ES,Federal Contract Tower,0,23,65,0,88,0,3,120,8,131,0,26,185,8,219,143,4,147,366
05/18/2002,CRG,FL,ASO,ES,Federal Contract Tower,0,4,16,0,20,0,0,112,7,119,0,4,128,7,139,64,0,64,203
05/19/2002,CRG,FL,ASO,ES,Federal Contract Tower,0,3,58,0,61,0,0,0,4,4,0,3,58,4,65,0,0,0,65
05/20/2002,CRG,FL,ASO,ES,Federal Contract Tower,0,24,102,0,126,0,11,153,100,264,0,35,255,100,390,151,6,157,547
05/21/2002,CRG,FL,ASO,ES,Federal Contract Tower,0,24,82,2,108,0,12,209,146,367,0,36,291,148,475,307,0,307,782
05/22/2002,CRG,FL,ASO,ES,Federal Contract Tower,0,25,52,0,77,0,6,120,135,261,0,31,172,135,338,12,0,12,350
05/23/2002,CRG,FL,ASO,ES,Federal Contract Tower,0,30,101,0,131,0,3,124,106,233,0,33,225,106,364,195,6,201,565
05/24/2002,CRG,FL,ASO,ES,Federal Contract Tower,0,23,106,0,129,0,11,202,9,222,0,34,308,9,351,150,8,158,509
05/25/2002,CRG,FL,ASO,ES,Federal Contract Tower,0,3,32,0,35,0,0,188,10,198,0,3,220,10,233,225,0,225,458
05/26/2002,CRG,FL,ASO,ES,Federal Contract Tower,0,1,37,0,38,0,0,134,2,136,0,1,171,2,174,121,0,121,295
05/27/2002,CRG,FL,ASO,ES,Federal Contract Tower,0,5,44,0,49,0,0,85,0,85,0,5,129,0,134,69,0,69,203
05/28/2002,CRG,FL,ASO,ES,Federal Contract Tower,0,24,82,0,106,0,14,147,93,254,0,38,229,93,360,149,0,149,509
05/29/2002,CRG,FL,ASO,ES,Federal Contract Tower,0,28,87,1,116,0,6,125,133,264,0,34,212,134,380,157,0,157,537
05/30/2002,CRG,FL,ASO,ES,Federal Contract Tower,0,31,82,0,113,0,4,145,99,248,0,35,227,99,361,190,0,190,551
05/31/2002,CRG,FL,ASO,ES,Federal Contract Tower,0,25,82,0,107,0,4,152,32,188,0,29,234,32,295,298,0,298,593
06/01/2002,CRG,FL,ASO,ES,Federal Contract Tower,0,4,41,0,45,0,0,161,0,161,0,4,202,0,206,231,0,231,437
06/02/2002,CRG,FL,ASO,ES,Federal Contract Tower,0,2,38,0,40,0,0,136,0,136,0,2,174,0,176,165,0,165,341
06/03/2002,CRG,FL,ASO,ES,Federal Contract Tower,0,22,88,0,110,0,11,175,76,262,0,33,263,76,372,266,8,274,646
06/04/2002,CRG,FL,ASO,ES,Federal Contract Tower,0,28,92,0,120,0,4,151,86,241,0,32,243,86,361,219,0,219,580
06/05/2002,CRG,FL,ASO,ES,Federal Contract Tower,0,34,111,0,145,0,0,140,141,281,0,34,251,141,426,221,2,223,649
06/06/2002,CRG,FL,ASO,ES,Federal Contract Tower,0,32,61,0,93,0,2,173,46,221,0,34,234,46,314,304,0,304,618
06/07/2002,CRG,FL,ASO,ES,Federal Contract Tower,0,25,65,1,91,0,5,134,5,144,0,30,199,6,235,152,0,152,387
06/08/2002,CRG,FL,ASO,ES,Federal Contract Tower,0,5,40,0,45,0,0,91,2,93,0,5,131,2,138,46,0,46,184
06/09/2002,CRG,FL,ASO,ES,Federal Contract Tower,0,4,49,0,53,0,1,123,2,126,0,5,172,2,179,120,0,120,299
06/10/2002,CRG,FL,ASO,ES,Federal Contract Tower,0,26,86,0,112,0,11,151,71,233,0,37,237,71,345,171,11,182,527
06/11/2002,CRG,FL,ASO,ES,Federal Contract Tower,0,28,91,0,119,0,14,140,95,249,0,42,231,95,368,188,0,188,556
06/12/2002,CRG,FL,ASO,ES,Federal Contract Tower,0,31,93,0,124,0,8,146,106,260,0,39,239,106,384,271,0,271,655
06/13/2002,CRG,FL,ASO,ES,Federal Contract Tower,0,30,89,0,119,0,5,158,90,253,0,35,247,90,372,233,0,233,605
06/14/2002,CRG,FL,ASO,ES,Federal Contract Tower,0,23,92,0,115,0,6,183,6,195,0,29,275,6,310,199,0,199,509
06/15/2002,CRG,FL,ASO,ES,Federal Contract Tower,0,5,38,1,44,0,0,160,4,164,0,5,198,5,208,143,0,143,351
06/16/2002,CRG,FL,ASO,ES,Federal Contract Tower,0,3,27,0,30,0,0,160,0,160,0,3,187,0,190,142,0,142,332
06/17/2002,CRG,FL,ASO,ES,Federal Contract Tower,0,25,77,2,104,0,6,149,25,180,0,31,226,27,284,181,0,181,465
06/18/2002,CRG,FL,ASO,ES,Federal Contract Tower,0,31,65,0,96,0,5,96,48,149,0,36,161,48,245,176,12,188,433
06/19/2002,CRG,FL,ASO,ES,Federal Contract Tower,0,32,79,0,111,0,0,60,44,104,0,32,139,44,215,115,0,115,330
06/20/2002,CRG,FL,ASO,ES,Federal Contract Tower,0,26,78,2,106,0,0,132,84,216,0,26,210,86,322,146,34,180,502
06/21/2002,CRG,FL,ASO,ES,Federal Contract Tower,0,33,41,0,74,0,0,7,4,11,0,33,48,4,85,0,0,0,85
06/22/2002,CRG,FL,ASO,ES,Federal Contract Tower,0,6,26,0,32,0,0,30,6,36,0,6,56,6,68,20,10,30,98
06/23/2002,CRG,FL,ASO,ES,Federal Contract Tower,0,1,52,0,53,0,0,79,2,81,0,1,131,2,134,192,0,192,326
06/24/2002,CRG,FL,ASO,ES,Federal Contract Tower,0,34,98,0,132,0,0,170,58,228,0,34,268,58,360,150,0,150,510
06/25/2002,CRG,FL,ASO,ES,Federal Contract Tower,0,32,98,0,130,0,6,133,77,216,0,38,231,77,346,226,0,226,572
06/26/2002,CRG,FL,ASO,ES,Federal Contract Tower,0,26,89,0,115,0,6,99,41,146,0,32,188,41,261,88,0,88,349
06/27/2002,CRG,FL,ASO,ES,Federal Contract Tower,0,28,91,0,119,0,2,169,45,216,0,30,260,45,335,284,10,294,629
06/28/2002,CRG,FL,ASO,ES,Federal Contract Tower,0,25,71,3,99,0,3,183,19,205,0,28,254,22,304,186,0,186,490
06/29/2002,CRG,FL,ASO,ES,Federal Contract Tower,0,3,37,0,40,0,0,203,14,217,0,3,240,14,257,190,0,190,447
06/30/2002,CRG,FL,ASO,ES,Federal Contract Tower,0,0,36,1,37,0,0,118,1,119,0,0,154,2,156,130,0,130,286
07/01/2002,CRG,FL,ASO,ES,Federal Contract Tower,0,26,89,0,115,0,8,148,87,243,0,34,237,87,358,223,16,239,597
07/02/2002,CRG,FL,ASO,ES,Federal Contract Tower,0,24,97,0,121,0,8,181,90,279,0,32,278,90,400,176,10,186,586
07/03/2002,CRG,FL,ASO,ES,Federal Contract Tower,0,26,81,0,107,0,13,175,35,223,0,39,256,35,330,176,0,176,506
07/04/2002,CRG,FL,ASO,ES,Federal Contract Tower,0,2,30,0,32,0,1,121,2,124,0,3,151,2,156,107,0,107,263
07/05/2002,CRG,FL,ASO,ES,Federal Contract Tower,0,21,45,1,67,0,7,148,1,156,0,28,193,2,223,172,0,172,395
07/06/2002,CRG,FL,ASO,ES,Federal Contract Tower,0,4,32,0,36,0,1,119,0,120,0,5,151,0,156,94,0,94,250
07/07/2002,CRG,FL,ASO,ES,Federal Contract Tower,0,5,58,0,63,0,0,95,0,95,0,5,153,0,158,149,0,149,307
07/08/2002,CRG,FL,ASO,ES,Federal Contract Tower,0,23,76,0,99,0,11,131,35,177,0,34,207,35,276,230,0,230,506
07/09/2002,CRG,FL,ASO,ES,Federal Contract Tower,0,22,66,1,89,0,10,141,34,185,0,32,207,35,274,148,18,166,440
07/10/2002,CRG,FL,ASO,ES,Federal Contract Tower,0,28,68,1,97,0,13,203,78,294,0,41,271,79,391,219,16,235,626
07/11/2002,CRG,FL,ASO,ES,Federal Contract Tower,0,30,87,0,117,0,6,246,85,337,0,36,333,85,454,234,0,234,688
07/12/2002,CRG,FL,ASO,ES,Federal Contract Tower,0,24,77,0,101,0,8,176,45,229,0,32,253,45,330,180,0,180,510
07/13/2002,CRG,FL,ASO,ES,Federal Contract Tower,0,6,44,1,51,0,0,63,10,73,0,6,107,11,124,103,14,117,241
07/14/2002,CRG,FL,ASO,ES,Federal Contract Tower,0,1,39,0,40,0,0,121,4,125,0,1,160,4,165,90,66,156,321
07/15/2002,CRG,FL,ASO,ES,Federal Contract Tower,0,26,58,1,85,0,15,255,41,311,0,41,313,42,396,190,0,190,586
07/16/2002,CRG,FL,ASO,ES,Federal Contract Tower,0,23,95,0,118,0,9,231,99,339,0,32,326,99,457,224,16,240,697
07/17/2002,CRG,FL,ASO,ES,Federal Contract Tower,0,33,104,0,137,0,6,188,109,303,0,39,292,109,440,148,0,148,588
07/18/2002,CRG,FL,ASO,ES,Federal Contract Tower,0,29,93,1,123,0,6,165,71,242,0,35,258,72,365,237,12,249,614
07/19/2002,CRG,FL,ASO,ES,Federal Contract Tower,0,21,89,0,110,0,9,153,5,167,0,30,242,5,277,139,0,139,416
07/20/2002,CRG,FL,ASO,ES,Federal Contract Tower,0,3,36,0,39,0,0,103,8,111,0,3,139,8,150,103,0,103,253
07/21/2002,CRG,FL,ASO,ES,Federal Contract Tower,0,0,33,0,33,0,0,121,2,123,0,0,154,2,156,126,4,130,286
07/22/2002,CRG,FL,ASO,ES,Federal Contract Tower,0,26,47,1,74,0,8,156,33,197,0,34,203,34,271,129,0,129,400
07/23/2002,CRG,FL,ASO,ES,Federal Contract Tower,0,32,87,0,119,0,4,157,75,236,0,36,244,75,355,195,0,195,550
07/24/2002,CRG,FL,ASO,ES,Federal Contract Tower,0,32,75,0,107,0,1,165,60,226,0,33,240,60,333,116,0,116,449
07/25/2002,CRG,FL,ASO,ES,Federal Contract Tower,0,31,58,0,89,0,5,153,63,221,0,36,211,63,310,88,0,88,398
07/26/2002,CRG,FL,ASO,ES,Federal Contract Tower,0,22,60,0,82,0,6,128,6,140,0,28,188,6,222,139,0,139,361
07/27/2002,CRG,FL,ASO,ES,Federal Contract Tower,0,5,32,0,37,0,2,113,12,127,0,7,145,12,164,122,0,122,286
07/28/2002,CRG,FL,ASO,ES,Federal Contract Tower,0,2,24,0,26,0,0,137,8,145,0,2,161,8,171,154,0,154,325
07/29/2002,CRG,FL,ASO,ES,Federal Contract Tower,0,29,63,1,93,0,10,133,56,199,0,39,196,57,292,190,8,198,490
07/30/2002,CRG,FL,ASO,ES,Federal Contract Tower,0,25,92,8,125,0,7,204,41,252,0,32,296,49,377,239,0,239,616
07/31/2002,CRG,FL,ASO,ES,Federal Contract Tower,0,24,82,0,106,0,10,149,42,201,0,34,231,42,307,182,10,192,499
08/01/2002,CRG,FL,ASO,ES,Federal Contract Tower,0,22,52,0,74,0,9,122,77,208,0,31,174,77,282,206,14,220,502
08/02/2002,CRG,FL,ASO,ES,Federal Contract Tower,0,24,67,3,94,0,6,171,40,217,0,30,238,43,311,175,4,179,490
08/03/2002,CRG,FL,ASO,ES,Federal Contract Tower,0,5,28,0,33,0,0,94,0,94,0,5,122,0,127,98,0,98,225
08/04/2002,CRG,FL,ASO,ES,Federal Contract Tower,0,3,29,0,32,0,1,82,0,83,0,4,111,0,115,50,0,50,165
08/05/2002,CRG,FL,ASO,ES,Federal Contract Tower,0,29,62,1,92,0,4,126,53,183,0,33,188,54,275,168,4,172,447
08/06/2002,CRG,FL,ASO,ES,Federal Contract Tower,0,26,63,0,89,0,6,186,38,230,0,32,249,38,319,161,4,165,484
08/07/2002,CRG,FL,ASO,ES,Federal Contract Tower,0,29,70,0,99,0,22,65,87,174,0,51,135,87,273,87,16,103,376
08/08/2002,CRG,FL,ASO,ES,Federal Contract Tower,0,25,59,0,84,0,11,163,96,270,0,36,222,96,354,244,2,246,600
08/09/2002,CRG,FL,ASO,ES,Federal Contract Tower,0,26,72,0,98,0,8,122,76,206,0,34,194,76,304,139,0,139,443
08/10/2002,CRG,FL,ASO,ES,Federal Contract Tower,0,5,26,0,31,0,0,137,21,158,0,5,163,21,189,120,6,126,315
08/11/2002,CRG,FL,ASO,ES,Federal Contract Tower,0,6,35,0,41,0,1,150,11,162,0,7,185,11,203,112,16,128,331
08/12/2002,CRG,FL,ASO,ES,Federal Contract Tower,0,31,51,1,83,0,2,149,78,229,0,33,200,79,312,195,15,210,522
08/13/2002,CRG,FL,ASO,ES,Federal Contract Tower,0,26,50,0,76,0,3,131,27,161,0,29,181,27,237,98,0,98,335
08/14/2002,CRG,FL,ASO,ES,Federal Contract Tower,0,28,72,3,103,0,5,173,55,233,0,33,245,58,336,145,2,147,483
08/15/2002,CRG,FL,ASO,ES,Federal Contract Tower,0,35,50,0,85,0,1,167,93,261,0,36,217,93,346,188,16,204,550
08/16/2002,CRG,FL,ASO,ES,Federal Contract Tower,0,23,64,0,87,0,4,207,37,248,0,27,271,37,335,196,4,200,535
08/17/2002,CRG,FL,ASO,ES,Federal Contract Tower,0,4,31,0,35,0,0,183,25,208,0,4,214,25,243,205,6,211,454
08/18/2002,CRG,FL,ASO,ES,Federal Contract Tower,0,7,30,0,37,0,0,152,9,161,0,7,182,9,198,174,0,174,372
08/19/2002,CRG,FL,ASO,ES,Federal Contract Tower,0,25,52,1,78,0,4,138,9,151,0,29,190,10,229,133,0,133,362
08/20/2002,CRG,FL,ASO,ES,Federal Contract Tower,0,23,65,0,88,0,5,136,42,183,0,28,201,42,271,262,2,264,535
08/21/2002,CRG,FL,ASO,ES,Federal Contract Tower,0,21,92,3,116,0,9,191,100,300,0,30,283,103,416,291,0,291,707
08/22/2002,CRG,FL,ASO,ES,Federal Contract Tower,0,22,79,0,101,0,2,167,74,243,0,24,246,74,344,174,8,182,526
08/23/2002,CRG,FL,ASO,ES,Federal Contract Tower,0,18,50,0,68,0,2,181,29,212,0,20,231,29,280,235,4,239,519
08/24/2002,CRG,FL,ASO,ES,Federal Contract Tower,0,5,25,0,30,0,3,169,24,196,0,8,194,24,226,185,0,185,411
08/25/2002,CRG,FL,ASO,ES,Federal Contract Tower,0,2,29,1,32,0,0,134,1,135,0,2,163,2,167,169,0,169,336
08/26/2002,CRG,FL,ASO,ES,Federal Contract Tower,0,31,56,0,87,0,7,122,46,175,0,38,178,46,262,130,4,134,396
08/27/2002,CRG,FL,ASO,ES,Federal Contract Tower,0,23,46,2,71,0,5,129,25,159,0,28,175,27,230,231,22,253,483
08/28/2002,CRG,FL,ASO,ES,Federal Contract Tower,0,30,76,1,107,0,2,111,48,161,0,32,187,49,268,161,6,167,435
08/29/2002,CRG,FL,ASO,ES,Federal Contract Tower,0,28,83,2,113,0,3,130,50,183,0,31,213,52,296,272,8,280,576
08/30/2002,CRG,FL,ASO,ES,Federal Contract Tower,0,22,55,0,77,0,6,89,12,107,0,28,144,12,184,100,0,100,284
08/31/2002,CRG,FL,ASO,ES,Federal Contract Tower,0,3,36,0,39,0,0,42,0,42,0,3,78,0,81,36,0,36,117
09/01/2002,CRG,FL,ASO,ES,Federal Contract Tower,0,0,44,0,44,0,0,67,0,67,0,0,111,0,111,64,0,64,175
09/02/2002,CRG,FL,ASO,ES,Federal Contract Tower,0,1,66,0,67,0,0,63,0,63,0,1,129,0,130,67,0,67,197
09/03/2002,CRG,FL,ASO,ES,Federal Contract Tower,0,25,68,0,93,0,0,87,107,194,0,25,155,107,287,134,0,134,421
09/04/2002,CRG,FL,ASO,ES,Federal Contract Tower,0,27,60,0,87,0,1,60,74,135,0,28,120,74,222,20,4,24,246
09/05/2002,CRG,FL,ASO,ES,Federal Contract Tower,0,24,45,0,69,0,2,177,94,273,0,26,222,94,342,262,12,274,616
09/06/2002,CRG,FL,ASO,ES,Federal Contract Tower,0,20,78,0,98,0,0,235,34,269,0,20,313,34,367,248,14,262,629
09/07/2002,CRG,FL,ASO,ES,Federal Contract Tower,0,3,32,0,35,0,0,254,15,269,0,3,286,15,304,233,6,239,543
09/08/2002,CRG,FL,ASO,ES,Federal Contract Tower,0,4,51,0,55,0,0,136,15,151,0,4,187,15,206,254,0,254,460
09/09/2002,CRG,FL,ASO,ES,Federal Contract Tower,0,21,70,3,94,0,3,245,77,325,0,24,315,80,419,235,0,235,654
09/10/2002,CRG,FL,ASO,ES,Federal Contract Tower,0,35,62,1,98,0,0,256,43,299,0,35,318,44,397,170,0,170,567
09/11/2002,CRG,FL,ASO,ES,Federal Contract Tower,0,28,76,0,104,0,1,265,50,316,0,29,341,50,420,261,4,265,685
09/12/2002,CRG,FL,ASO,ES,Federal Contract Tower,0,24,51,1,76,0,2,242,65,309,0,26,293,66,385,286,25,311,696
09/13/2002,CRG,FL,ASO,ES,Federal Contract Tower,0,22,51,0,73,0,0,131,10,141,0,22,182,10,214,156,4,160,374
09/14/2002,CRG,FL,ASO,ES,Federal Contract Tower,0,3,29,0,32,0,0,176,6,182,0,3,205,6,214,269,0,269,483
09/15/2002,CRG,FL,ASO,ES,Federal Contract Tower,0,1,29,0,30,0,0,115,2,117,0,1,144,2,147,131,0,131,278
09/16/2002,CRG,FL,ASO,ES,Federal Contract Tower,0,24,75,0,99,0,2,203,35,240,0,26,278,35,339,179,0,179,518
09/17/2002,CRG,FL,ASO,ES,Federal Contract Tower,0,28,50,0,78,0,0,177,50,227,0,28,227,50,305,233,4,237,542
09/18/2002,CRG,FL,ASO,ES,Federal Contract Tower,0,29,93,2,124,0,0,192,94,286,0,29,285,96,410,282,0,282,692
09/19/2002,CRG,FL,ASO,ES,Federal Contract Tower,0,28,67,0,95,0,0,196,91,287,0,28,263,91,382,236,3,239,621
09/20/2002,CRG,FL,ASO,ES,Federal Contract Tower,0,27,96,3,126,0,2,179,30,211,0,29,275,33,337,237,2,239,576
09/21/2002,CRG,FL,ASO,ES,Federal Contract Tower,0,4,64,2,70,0,0,152,23,175,0,4,216,25,245,249,0,249,494
09/22/2002,CRG,FL,ASO,ES,Federal Contract Tower,0,1,50,0,51,0,1,185,13,199,0,2,235,13,250,248,0,248,498
09/23/2002,CRG,FL,ASO,ES,Federal Contract Tower,0,24,72,1,97,0,2,188,61,251,0,26,260,62,348,254,10,264,612
09/24/2002,CRG,FL,ASO,ES,Federal Contract Tower,0,24,41,0,65,0,0,29,8,37,0,24,70,8,102,50,0,50,152
09/25/2002,CRG,FL,ASO,ES,Federal Contract Tower,0,27,82,0,109,0,0,88,34,122,0,27,170,34,231,254,0,254,485
09/26/2002,CRG,FL,ASO,ES,Federal Contract Tower,0,30,76,1,107,0,0,70,12,82,0,30,146,13,189,92,6,98,287
09/27/2002,CRG,FL,ASO,ES,Federal Contract Tower,0,21,76,0,97,0,4,108,5,117,0,25,184,5,214,207,2,209,423
09/28/2002,CRG,FL,ASO,ES,Federal Contract Tower,0,4,51,0,55,0,0,216,18,234,0,4,267,18,289,295,0,295,584
09/29/2002,CRG,FL,ASO,ES,Federal Contract Tower,0,1,29,0,30,0,0,138,16,154,0,1,167,16,184,301,0,301,485
09/30/2002,CRG,FL,ASO,ES,Federal Contract Tower,0,24,76,0,100,0,1,82,4,87,0,25,158,4,187,84,0,84,271
10/01/2002,CRG,FL,ASO,ES,Federal Contract Tower,0,24,71,1,96,0,1,130,32,163,0,25,201,33,259,167,15,182,441
10/02/2002,CRG,FL,ASO,ES,Federal Contract Tower,0,27,94,0,121,0,1,181,40,222,0,28,275,40,343,289,1,290,633
10/03/2002,CRG,FL,ASO,ES,Federal Contract Tower,0,27,88,0,115,0,0,272,76,348,0,27,360,76,463,279,6,285,748
10/04/2002,CRG,FL,ASO,ES,Federal Contract Tower,0,22,63,1,86,0,7,231,33,271,0,29,294,34,357,271,2,273,630
10/05/2002,CRG,FL,ASO,ES,Federal Contract Tower,0,3,49,0,52,0,0,235,36,271,0,3,284,36,323,236,6,242,565
10/06/2002,CRG,FL,ASO,ES,Federal Contract Tower,0,1,45,0,46,0,0,187,8,195,0,1,232,8,241,224,0,224,465
10/07/2002,CRG,FL,ASO,ES,Federal Contract Tower,0,24,51,1,76,0,5,205,88,298,0,29,256,89,374,254,4,258,632
10/08/2002,CRG,FL,ASO,ES,Federal Contract Tower,0,25,81,0,106,0,7,172,88,267,0,32,253,88,373,391,0,391,764
10/09/2002,CRG,FL,ASO,ES,Federal Contract Tower,0,27,128,3,158,0,3,54,71,128,0,30,182,74,286,102,0,102,388
10/10/2002,CRG,FL,ASO,ES,Federal Contract Tower,0,31,57,2,90,0,1,101,88,190,0,32,158,90,280,186,0,186,466
10/11/2002,CRG,FL,ASO,ES,Federal Contract Tower,0,24,78,0,102,0,3,109,8,120,0,27,187,8,222,117,0,117,339
10/12/2002,CRG,FL,ASO,ES,Federal Contract Tower,0,4,33,0,37,0,1,160,0,161,0,5,193,0,198,231,0,231,429
10/13/2002,CRG,FL,ASO,ES,Federal Contract Tower,0,2,41,0,43,0,0,98,0,98,0,2,139,0,141,47,0,47,188
10/14/2002,CRG,FL,ASO,ES,Federal Contract Tower,0,16,39,0,55,0,0,79,0,79,0,16,118,0,134,87,0,87,221
10/15/2002,CRG,FL,ASO,ES,Federal Contract Tower,0,32,87,0,119,0,2,29,74,105,0,34,116,74,224,39,0,39,263
10/16/2002,CRG,FL,ASO,ES,Federal Contract Tower,0,30,122,2,154,0,3,116,41,160,0,33,238,43,314,164,4,168,482
10/17/2002,CRG,FL,ASO,ES,Federal Contract Tower,0,24,73,0,97,0,5,236,61,302,0,29,309,61,399,326,2,328,727
10/18/2002,CRG,FL,ASO,ES,Federal Contract Tower,0,20,80,1,101,0,3,213,20,236,0,23,293,21,337,246,0,246,583
10/19/2002,CRG,FL,ASO,ES,Federal Contract Tower,0,6,29,0,35,0,0,239,0,239,0,6,268,0,274,382,0,382,656
10/20/2002,CRG,FL,ASO,ES,Federal Contract Tower,0,6,52,0,58,0,0,146,4,150,0,6,198,4,208,218,0,218,426
10/21/2002,CRG,FL,ASO,ES,Federal Contract Tower,0,32,48,0,80,0,1,149,22,172,0,33,197,22,252,298,0,298,550
10/22/2002,CRG,FL,ASO,ES,Federal Contract Tower,0,21,71,0,92,0,6,195,99,300,0,27,266,99,392,157,31,188,580
10/23/2002,CRG,FL,ASO,ES,Federal Contract Tower,0,18,111,0,129,0,10,40,80,130,0,28,151,80,259,151,33,184,443
10/24/2002,CRG,FL,ASO,ES,Federal Contract Tower,0,24,88,0,112,0,32,39,59,130,0,56,127,59,242,80,26,106,348
10/25/2002,CRG,FL,ASO,ES,Federal Contract Tower,0,24,117,0,141,0,1,17,16,34,0,25,134,16,175,108,0,108,283
10/26/2002,CRG,FL,ASO,ES,Federal Contract Tower,0,5,100,0,105,0,0,171,8,179,0,5,271,8,284,207,0,207,491
10/27/2002,CRG,FL,ASO,ES,Federal Contract Tower,0,1,56,1,58,0,1,173,1,175,0,2,229,2,233,303,0,303,536
10/28/2002,CRG,FL,ASO,ES,Federal Contract Tower,0,24,72,0,96,0,1,247,44,292,0,25,319,44,388,312,0,312,700
10/29/2002,CRG,FL,ASO,ES,Federal Contract Tower,0,26,74,3,103,0,4,136,67,207,0,30,210,70,310,281,20,301,611
10/30/2002,CRG,FL,ASO,ES,Federal Contract Tower,0,31,83,0,114,0,4,116,34,154,0,35,199,34,268,231,10,241,509
10/31/2002,CRG,FL,ASO,ES,Federal Contract Tower,0,26,99,0,125,0,14,176,49,239,0,40,275,49,364,230,0,230,594
11/01/2002,CRG,FL,ASO,ES,Federal Contract Tower,0,25,99,0,124,0,6,173,34,213,0,31,272,34,337,258,0,258,595
11/02/2002,CRG,FL,ASO,ES,Federal Contract Tower,0,9,72,0,81,0,1,214,25,240,0,10,286,25,321,176,4,180,501
11/03/2002,CRG,FL,ASO,ES,Federal Contract Tower,0,17,103,2,122,0,0,118,14,132,0,17,221,16,254,97,2,99,353
11/04/2002,CRG,FL,ASO,ES,Federal Contract Tower,0,23,75,0,98,0,11,191,65,267,0,34,266,65,365,197,0,197,562
11/05/2002,CRG,FL,ASO,ES,Federal Contract Tower,0,35,69,2,106,0,0,138,49,187,0,35,207,51,293,332,0,332,625
11/06/2002,CRG,FL,ASO,ES,Federal Contract Tower,0,27,60,1,88,0,4,77,26,107,0,31,137,27,195,102,8,110,305
11/07/2002,CRG,FL,ASO,ES,Federal Contract Tower,0,22,70,3,95,0,5,243,108,356,0,27,313,111,451,362,16,378,829
11/08/2002,CRG,FL,ASO,ES,Federal Contract Tower,0,23,77,0,100,0,5,212,38,255,0,28,289,38,355,253,0,253,608
11/09/2002,CRG,FL,ASO,ES,Federal Contract Tower,0,3,37,0,40,0,0,240,1,241,0,3,277,1,281,242,0,242,523
11/10/2002,CRG,FL,ASO,ES,Federal Contract Tower,0,7,36,0,43,0,0,132,1,133,0,7,168,1,176,169,0,169,345
11/11/2002,CRG,FL,ASO,ES,Federal Contract Tower,0,14,62,1,77,0,2,108,3,113,0,16,170,4,190,144,2,146,336
11/12/2002,CRG,FL,ASO,ES,Federal Contract Tower,0,29,51,0,80,0,1,32,0,33,0,30,83,0,113,37,0,37,150
11/13/2002,CRG,FL,ASO,ES,Federal Contract Tower,0,29,85,0,114,0,3,108,154,265,0,32,193,154,379,150,4,154,533
11/14/2002,CRG,FL,ASO,ES,Federal Contract Tower,0,27,74,1,102,0,9,238,135,382,0,36,312,136,484,229,2,231,715
11/15/2002,CRG,FL,ASO,ES,Federal Contract Tower,0,24,82,0,106,0,0,245,64,309,0,24,327,64,415,309,4,313,728
11/16/2002,CRG,FL,ASO,ES,Federal Contract Tower,0,2,24,0,26,0,0,43,2,45,0,2,67,2,71,77,0,77,148
11/17/2002,CRG,FL,ASO,ES,Federal Contract Tower,0,2,46,5,53,0,0,29,23,52,0,2,75,28,105,0,0,0,105
11/18/2002,CRG,FL,ASO,ES,Federal Contract Tower,0,21,72,0,93,0,10,190,69,269,0,31,262,69,362,104,0,104,466
11/19/2002,CRG,FL,ASO,ES,Federal Contract Tower,0,19,81,1,101,0,0,201,125,326,0,19,282,126,427,179,8,187,614
11/20/2002,CRG,FL,ASO,ES,Federal Contract Tower,0,28,88,0,116,0,4,204,128,336,0,32,292,128,452,156,7,163,615
11/21/2002,CRG,FL,ASO,ES,Federal Contract Tower,0,23,78,0,101,0,6,148,70,224,0,29,226,70,325,173,8,181,506
11/22/2002,CRG,FL,ASO,ES,Federal Contract Tower,0,32,66,3,101,0,0,246,35,281,0,32,312,38,382,142,6,148,530
11/23/2002,CRG,FL,ASO,ES,Federal Contract Tower,0,2,53,0,55,0,0,273,9,282,0,2,326,9,337,221,0,221,558
11/24/2002,CRG,FL,ASO,ES,Federal Contract Tower,0,2,47,1,50,0,0,180,0,180,0,2,227,1,230,156,0,156,386
11/25/2002,CRG,FL,ASO,ES,Federal Contract Tower,0,23,67,0,90,0,0,167,20,187,0,23,234,20,277,160,2,162,439
11/26/2002,CRG,FL,ASO,ES,Federal Contract Tower,0,20,67,0,87,0,14,101,31,146,0,34,168,31,233,152,4,156,389
11/27/2002,CRG,FL,ASO,ES,Federal Contract Tower,0,26,51,0,77,0,3,180,8,191,0,29,231,8,268,180,0,180,448
11/28/2002,CRG,FL,ASO,ES,Federal Contract Tower,0,4,20,0,24,0,0,66,2,68,0,4,86,2,92,60,2,62,154
11/29/2002,CRG,FL,ASO,ES,Federal Contract Tower,0,17,30,0,47,0,8,176,0,184,0,25,206,0,231,113,0,113,344
11/30/2002,CRG,FL,ASO,ES,Federal Contract Tower,0,1,54,0,55,0,0,110,0,110,0,1,164,0,165,67,0,67,232
12/01/2002,CRG,FL,ASO,ES,Federal Contract Tower,0,11,63,0,74,0,0,122,12,134,0,11,185,12,208,190,0,190,398
12/02/2002,CRG,FL,ASO,ES,Federal Contract Tower,0,23,76,0,99,0,2,189,31,222,0,25,265,31,321,225,6,231,552
12/03/2002,CRG,FL,ASO,ES,Federal Contract Tower,0,23,94,0,117,0,4,212,92,308,0,27,306,92,425,241,2,243,668
12/04/2002,CRG,FL,ASO,ES,Federal Contract Tower,0,27,109,0,136,0,1,113,36,150,0,28,222,36,286,106,2,108,394
12/05/2002,CRG,FL,ASO,ES,Federal Contract Tower,0,27,87,0,114,0,1,25,2,28,0,28,112,2,142,24,0,24,166
12/06/2002,CRG,FL,ASO,ES,Federal Contract Tower,0,24,123,1,148,0,2,2,15,19,0,26,125,16,167,2,0,2,169
12/07/2002,CRG,FL,ASO,ES,Federal Contract Tower,0,2,66,2,70,0,0,168,6,174,0,2,234,8,244,316,2,318,562
12/08/2002,CRG,FL,ASO,ES,Federal Contract Tower,0,2,51,0,53,0,0,173,0,173,0,2,224,0,226,267,0,267,493
12/09/2002,CRG,FL,ASO,ES,Federal Contract Tower,0,24,90,0,114,0,1,64,74,139,0,25,154,74,253,28,0,28,281
12/10/2002,CRG,FL,ASO,ES,Federal Contract Tower,0,27,70,0,97,0,0,19,0,19,0,27,89,0,116,6,0,6,122
12/11/2002,CRG,FL,ASO,ES,Federal Contract Tower,0,33,131,0,164,0,0,95,16,111,0,33,226,16,275,28,0,28,303
12/12/2002,CRG,FL,ASO,ES,Federal Contract Tower,0,29,103,0,132,0,3,206,49,258,0,32,309,49,390,213,0,213,603
12/13/2002,CRG,FL,ASO,ES,Federal Contract Tower,0,20,55,0,75,0,6,66,20,92,0,26,121,20,167,75,0,75,242
12/14/2002,CRG,FL,ASO,ES,Federal Contract Tower,0,2,38,0,40,0,0,161,0,161,0,2,199,0,201,210,0,210,411
12/15/2002,CRG,FL,ASO,ES,Federal Contract Tower,0,3,35,0,38,0,0,168,0,168,0,3,203,0,206,98,0,98,304
12/16/2002,CRG,FL,ASO,ES,Federal Contract Tower,0,22,46,0,68,0,6,229,28,263,0,28,275,28,331,160,0,160,491
12/17/2002,CRG,FL,ASO,ES,Federal Contract Tower,0,32,88,0,120,0,8,200,72,280,0,40,288,72,400,179,0,179,579
12/18/2002,CRG,FL,ASO,ES,Federal Contract Tower,0,28,113,1,142,0,0,42,19,61,0,28,155,20,203,26,0,26,229
12/19/2002,CRG,FL,ASO,ES,Federal Contract Tower,0,28,69,2,99,0,3,148,42,193,0,31,217,44,292,171,0,171,463
12/20/2002,CRG,FL,ASO,ES,Federal Contract Tower,0,16,59,0,75,0,5,106,5,116,0,21,165,5,191,97,0,97,288
12/21/2002,CRG,FL,ASO,ES,Federal Contract Tower,0,3,38,0,41,0,0,168,0,168,0,3,206,0,209,193,0,193,402
12/22/2002,CRG,FL,ASO,ES,Federal Contract Tower,0,0,37,0,37,0,0,160,3,163,0,0,197,3,200,224,0,224,424
12/23/2002,CRG,FL,ASO,ES,Federal Contract Tower,0,26,39,0,65,0,0,117,32,149,0,26,156,32,214,122,0,122,336
12/24/2002,CRG,FL,ASO,ES,Federal Contract Tower,0,18,16,0,34,0,0,3,0,3,0,18,19,0,37,0,0,0,37
12/25/2002,CRG,FL,ASO,ES,Federal Contract Tower,0,3,13,0,16,0,0,19,0,19,0,3,32,0,35,10,0,10,45
12/26/2002,CRG,FL,ASO,ES,Federal Contract Tower,0,11,41,0,52,0,16,91,0,107,0,27,132,0,159,42,0,42,201
12/27/2002,CRG,FL,ASO,ES,Federal Contract Tower,0,14,52,0,66,0,17,105,18,140,0,31,157,18,206,113,0,113,319
12/28/2002,CRG,FL,ASO,ES,Federal Contract Tower,0,4,47,0,51,0,2,100,1,103,0,6,147,1,154,118,0,118,272
12/29/2002,CRG,FL,ASO,ES,Federal Contract Tower,0,3,44,0,47,0,0,143,0,143,0,3,187,0,190,124,0,124,314
12/30/2002,CRG,FL,ASO,ES,Federal Contract Tower,0,23,54,0,77,0,0,135,25,160,0,23,189,25,237,70,0,70,307
12/31/2002,CRG,FL,ASO,ES,Federal Contract Tower,0,24,40,0,64,0,0,48,2,50,0,24,88,2,114,73,0,73,187
01/01/2003,CRG,FL,ASO,ES,Federal Contract Tower,0,3,79,0,82,0,0,80,0,80,0,3,159,0,162,29,0,29,191
01/02/2003,CRG,FL,ASO,ES,Federal Contract Tower,0,26,74,0,100,0,3,102,12,117,0,29,176,12,217,81,0,81,298
01/03/2003,CRG,FL,ASO,ES,Federal Contract Tower,0,23,56,0,79,0,5,90,32,127,0,28,146,32,206,46,0,46,252
01/04/2003,CRG,FL,ASO,ES,Federal Contract Tower,0,2,35,0,37,0,0,155,12,167,0,2,190,12,204,136,0,136,340
01/05/2003,CRG,FL,ASO,ES,Federal Contract Tower,0,5,42,0,47,0,0,143,6,149,0,5,185,6,196,106,3,109,305
01/06/2003,CRG,FL,ASO,ES,Federal Contract Tower,0,24,36,0,60,0,4,166,43,213,0,28,202,43,273,219,20,239,512
01/07/2003,CRG,FL,ASO,ES,Federal Contract Tower,0,21,71,0,92,0,8,176,50,234,0,29,247,50,326,175,0,175,501
01/08/2003,CRG,FL,ASO,ES,Federal Contract Tower,0,22,52,0,74,0,5,160,46,211,0,27,212,46,285,155,0,155,440
01/09/2003,CRG,FL,ASO,ES,Federal Contract Tower,0,23,77,1,101,0,14,204,57,275,0,37,281,58,376,221,2,223,599
01/10/2003,CRG,FL,ASO,ES,Federal Contract Tower,0,17,84,0,101,0,6,146,34,186,0,23,230,34,287,266,0,266,553
01/11/2003,CRG,FL,ASO,ES,Federal Contract Tower,0,2,68,0,70,0,0,306,14,320,0,2,374,14,390,319,0,319,709
01/12/2003,CRG,FL,ASO,ES,Federal Contract Tower,0,2,31,0,33,0,0,161,2,163,0,2,192,2,196,106,0,106,302
01/13/2003,CRG,FL,ASO,ES,Federal Contract Tower,0,25,49,0,74,0,4,161,68,233,0,29,210,68,307,300,4,304,611
01/14/2003,CRG,FL,ASO,ES,Federal Contract Tower,0,19,56,2,77,0,8,267,57,332,0,27,323,59,409,275,0,275,684
01/15/2003,CRG,FL,ASO,ES,Federal Contract Tower,0,29,90,0,119,0,7,183,120,310,0,36,273,120,429,218,0,218,647
01/16/2003,CRG,FL,ASO,ES,Federal Contract Tower,0,25,86,1,112,0,3,207,54,264,0,28,293,55,376,330,0,330,706
01/17/2003,CRG,FL,ASO,ES,Federal Contract Tower,0,16,64,0,80,0,9,207,24,240,0,25,271,24,320,233,0,233,553
01/18/2003,CRG,FL,ASO,ES,Federal Contract Tower,0,5,39,0,44,0,1,184,0,185,0,6,223,0,229,249,0,249,478
01/19/2003,CRG,FL,ASO,ES,Federal Contract Tower,0,7,34,0,41,0,0,155,0,155,0,7,189,0,196,139,0,139,335
01/20/2003,CRG,FL,ASO,ES,Federal Contract Tower,0,10,49,0,59,0,4,238,0,242,0,14,287,0,301,227,0,227,528
01/21/2003,CRG,FL,ASO,ES,Federal Contract Tower,0,24,85,0,109,0,3,227,80,310,0,27,312,80,419,236,6,242,661
01/22/2003,CRG,FL,ASO,ES,Federal Contract Tower,0,28,118,0,146,0,1,27,12,40,0,29,145,12,186,22,0,22,208
01/23/2003,CRG,FL,ASO,ES,Federal Contract Tower,0,22,90,3,115,0,4,33,53,90,0,26,123,56,205,22,4,26,231
01/24/2003,CRG,FL,ASO,ES,Federal Contract Tower,0,24,98,0,122,0,3,181,11,195,0,27,279,11,317,188,0,188,505
01/25/2003,CRG,FL,ASO,ES,Federal Contract Tower,0,4,59,0,63,0,0,253,0,253,0,4,312,0,316,275,0,275,591
01/26/2003,CRG,FL,ASO,ES,Federal Contract Tower,0,4,29,0,33,0,0,220,2,222,0,4,249,2,255,157,2,159,414
01/27/2003,CRG,FL,ASO,ES,Federal Contract Tower,0,26,75,0,101,0,5,193,70,268,0,31,268,70,369,238,0,238,607
01/28/2003,CRG,FL,ASO,ES,Federal Contract Tower,0,26,76,0,102,0,5,241,66,312,0,31,317,66,414,276,10,286,700
01/29/2003,CRG,FL,ASO,ES,Federal Contract Tower,0,20,78,0,98,0,9,147,58,214,0,29,225,58,312,260,16,276,588
01/30/2003,CRG,FL,ASO,ES,Federal Contract Tower,0,22,87,0,109,0,2,195,72,269,0,24,282,72,378,239,2,241,619
01/31/2003,CRG,FL,ASO,ES,Federal Contract Tower,0,34,82,0,116,0,2,24,4,30,0,36,106,4,146,12,0,12,158
02/01/2003,CRG,FL,ASO,ES,Federal Contract Tower,0,5,62,1,68,0,0,210,2,212,0,5,272,3,280,234,0,234,514
02/02/2003,CRG,FL,ASO,ES,Federal Contract Tower,0,4,37,0,41,0,0,188,2,190,0,4,225,2,231,260,0,260,491
02/03/2003,CRG,FL,ASO,ES,Federal Contract Tower,0,24,74,0,98,0,6,163,22,191,0,30,237,22,289,161,0,161,450
02/04/2003,CRG,FL,ASO,ES,Federal Contract Tower,0,24,108,0,132,0,4,42,26,72,0,28,150,26,204,88,2,90,294
02/05/2003,CRG,FL,ASO,ES,Federal Contract Tower,0,20,92,0,112,0,4,215,100,319,0,24,307,100,431,224,4,228,659
02/06/2003,CRG,FL,ASO,ES,Federal Contract Tower,0,27,78,1,106,0,10,151,91,252,0,37,229,92,358,189,0,189,547
02/07/2003,CRG,FL,ASO,ES,Federal Contract Tower,0,24,104,0,128,0,2,50,71,123,0,26,154,71,251,48,0,48,299
02/08/2003,CRG,FL,ASO,ES,Federal Contract Tower,0,5,56,0,61,0,0,162,27,189,0,5,218,27,250,263,0,263,513
02/09/2003,CRG,FL,ASO,ES,Federal Contract Tower,0,1,60,0,61,0,0,25,26,51,0,1,85,26,112,16,0,16,128
02/10/2003,CRG,FL,ASO,ES,Federal Contract Tower,0,24,78,0,102,0,8,112,50,170,0,32,190,50,272,182,0,182,454
02/11/2003,CRG,FL,ASO,ES,Federal Contract Tower,0,19,83,0,102,0,7,198,52,257,0,26,281,52,359,233,0,233,592
02/12/2003,CRG,FL,ASO,ES,Federal Contract Tower,0,18,86,1,105,0,4,253,25,282,0,22,339,26,387,357,2,359,746
02/13/2003,CRG,FL,ASO,ES,Federal Contract Tower,0,25,62,0,87,0,7,195,22,224,0,32,257,22,311,182,0,182,493
02/14/2003,CRG,FL,ASO,ES,Federal Contract Tower,0,21,93,0,114,0,5,223,15,243,0,26,316,15,357,318,0,318,675
02/15/2003,CRG,FL,ASO,ES,Federal Contract Tower,0,3,56,0,59,0,2,254,0,256,0,5,310,0,315,250,0,250,565
02/16/2003,CRG,FL,ASO,ES,Federal Contract Tower,0,2,49,0,51,0,0,47,4,51,0,2,96,4,102,21,0,21,123
02/17/2003,CRG,FL,ASO,ES,Federal Contract Tower,0,17,104,0,121,0,3,110,0,113,0,20,214,0,234,166,0,166,400
02/18/2003,CRG,FL,ASO,ES,Federal Contract Tower,0,23,149,0,172,0,4,112,44,160,0,27,261,44,332,375,8,383,715
02/19/2003,CRG,FL,ASO,ES,Federal Contract Tower,0,27,84,0,111,0,3,224,75,302,0,30,308,75,413,431,2,433,846
02/20/2003,CRG,FL,ASO,ES,Federal Contract Tower,0,30,131,0,161,0,1,58,58,117,0,31,189,58,278,138,0,138,416
02/21/2003,CRG,FL,ASO,ES,Federal Contract Tower,0,23,88,2,113,0,0,43,2,45,0,23,131,4,158,123,0,123,281
02/22/2003,CRG,FL,ASO,ES,Federal Contract Tower,0,2,21,0,23,0,0,20,6,26,0,2,41,6,49,0,0,0,49
02/23/2003,CRG,FL,ASO,ES,Federal Contract Tower,0,4,54,0,58,0,1,188,8,197,0,5,242,8,255,222,0,222,477
02/24/2003,CRG,FL,ASO,ES,Federal Contract Tower,0,24,71,0,95,0,2,214,28,244,0,26,285,28,339,314,0,314,653
02/25/2003,CRG,FL,ASO,ES,Federal Contract Tower,0,22,89,0,111,0,6,214,88,308,0,28,303,88,419,111,25,136,555
02/26/2003,CRG,FL,ASO,ES,Federal Contract Tower,0,32,77,0,109,0,0,109,20,129,0,32,186,20,238,210,0,210,448
02/27/2003,CRG,FL,ASO,ES,Federal Contract Tower,0,25,55,0,80,0,0,56,28,84,0,25,111,28,164,54,0,54,218
02/28/2003,CRG,FL,ASO,ES,Federal Contract Tower,0,26,109,0,135,0,0,7,20,27,0,26,116,20,162,0,0,0,162
03/01/2003,CRG,FL,ASO,ES,Federal Contract Tower,0,2,32,0,34,0,0,12,0,12,0,2,44,0,46,0,0,0,46
03/02/2003,CRG,FL,ASO,ES,Federal Contract Tower,0,8,48,1,57,0,1,65,1,67,0,9,113,2,124,117,0,117,241
03/03/2003,CRG,FL,ASO,ES,Federal Contract Tower,0,24,47,1,72,0,0,168,65,233,0,24,215,66,305,273,2,275,580
03/04/2003,CRG,FL,ASO,ES,Federal Contract Tower,0,25,91,0,116,0,0,4,2,6,0,25,95,2,122,0,0,0,122
03/05/2003,CRG,FL,ASO,ES,Federal Contract Tower,0,31,86,0,117,0,3,110,22,135,0,34,196,22,252,194,0,194,446
03/06/2003,CRG,FL,ASO,ES,Federal Contract Tower,0,24,55,0,79,0,4,126,54,184,0,28,181,54,263,173,0,173,436
03/07/2003,CRG,FL,ASO,ES,Federal Contract Tower,0,29,60,0,89,0,0,14,4,18,0,29,74,4,107,13,0,13,120
03/08/2003,CRG,FL,ASO,ES,Federal Contract Tower,0,3,79,0,82,0,0,38,6,44,0,3,117,6,126,89,0,89,215
03/09/2003,CRG,FL,ASO,ES,Federal Contract Tower,0,8,43,0,51,0,0,6,1,7,0,8,49,1,58,0,0,0,58
03/10/2003,CRG,FL,ASO,ES,Federal Contract Tower,0,23,77,0,100,0,4,276,61,341,0,27,353,61,441,189,0,189,630
03/11/2003,CRG,FL,ASO,ES,Federal Contract Tower,0,23,99,0,122,0,7,236,72,315,0,30,335,72,437,313,4,317,754
03/12/2003,CRG,FL,ASO,ES,Federal Contract Tower,0,28,76,0,104,0,4,245,41,290,0,32,321,41,394,266,0,266,660
03/13/2003,CRG,FL,ASO,ES,Federal Contract Tower,0,26,64,0,90,0,6,132,35,173,0,32,196,35,263,120,0,120,383
03/14/2003,CRG,FL,ASO,ES,Federal Contract Tower,0,24,98,0,122,0,0,167,12,179,0,24,265,12,301,209,0,209,510
03/15/2003,CRG,FL,ASO,ES,Federal Contract Tower,0,3,99,0,102,0,0,30,0,30,0,3,129,0,132,39,0,39,171
03/16/2003,CRG,FL,ASO,ES,Federal Contract Tower,0,3,102,0,105,0,1,4,14,19,0,4,106,14,124,14,0,14,138
03/17/2003,CRG,FL,ASO,ES,Federal Contract Tower,0,23,66,0,89,0,0,161,37,198,0,23,227,37,287,301,0,301,588
03/18/2003,CRG,FL,ASO,ES,Federal Contract Tower,0,28,76,4,108,0,0,230,76,306,0,28,306,80,414,295,0,295,709
03/19/2003,CRG,FL,ASO,ES,Federal Contract Tower,0,31,116,0,147,0,0,80,37,117,0,31,196,37,264,100,0,100,364
03/20/2003,CRG,FL,ASO,ES,Federal Contract Tower,0,21,59,0,80,0,3,107,30,140,0,24,166,30,220,123,0,123,343
03/21/2003,CRG,FL,ASO,ES,Federal Contract Tower,0,22,53,0,75,0,3,179,38,220,0,25,232,38,295,368,2,370,665
03/22/2003,CRG,FL,ASO,ES,Federal Contract Tower,0,6,58,0,64,0,0,233,0,233,0,6,291,0,297,225,0,225,522
03/23/2003,CRG,FL,ASO,ES,Federal Contract Tower,0,9,59,0,68,0,0,141,2,143,0,9,200,2,211,183,0,183,394
03/24/2003,CRG,FL,ASO,ES,Federal Contract Tower,0,29,74,0,103,0,1,241,92,334,0,30,315,92,437,205,12,217,654
03/25/2003,CRG,FL,ASO,ES,Federal Contract Tower,0,29,84,0,113,0,1,233,106,340,0,30,317,106,453,206,0,206,659
03/26/2003,CRG,FL,ASO,ES,Federal Contract Tower,0,26,89,0,115,0,3,186,69,258,0,29,275,69,373,280,14,294,667
03/27/2003,CRG,FL,ASO,ES,Federal Contract Tower,0,25,69,0,94,0,4,78,40,122,0,29,147,40,216,149,0,149,365
03/28/2003,CRG,FL,ASO,ES,Federal Contract Tower,0,23,103,0,126,0,3,129,40,172,0,26,232,40,298,191,0,191,489
03/29/2003,CRG,FL,ASO,ES,Federal Contract Tower,0,8,67,0,75,0,0,152,14,166,0,8,219,14,241,221,0,221,462
03/30/2003,CRG,FL,ASO,ES,Federal Contract Tower,0,6,75,1,82,0,0,23,3,26,0,6,98,4,108,20,0,20,128
03/31/2003,CRG,FL,ASO,ES,Federal Contract Tower,0,22,77,0,99,0,7,174,18,199,0,29,251,18,298,219,0,219,517
04/01/2003,CRG,FL,ASO,ES,Federal Contract Tower,0,22,79,0,101,0,3,175,74,252,0,25,254,74,353,262,0,262,615
04/02/2003,CRG,FL,ASO,ES,Federal Contract Tower,0,24,61,2,87,0,5,228,63,296,0,29,289,65,383,279,8,287,670
04/03/2003,CRG,FL,ASO,ES,Federal Contract Tower,0,18,90,0,108,0,8,214,46,268,0,26,304,46,376,150,0,150,526
04/04/2003,CRG,FL,ASO,ES,Federal Contract Tower,0,23,63,2,88,0,2,235,12,249,0,25,298,14,337,158,0,158,495
04/05/2003,CRG,FL,ASO,ES,Federal Contract Tower,0,2,44,0,46,0,0,245,2,247,0,2,289,2,293,244,0,244,537
04/06/2003,CRG,FL,ASO,ES,Federal Contract Tower,0,0,71,0,71,0,0,128,2,130,0,0,199,2,201,196,0,196,397
04/07/2003,CRG,FL,ASO,ES,Federal Contract Tower,0,17,98,0,115,0,3,120,52,175,0,20,218,52,290,201,12,213,503
04/08/2003,CRG,FL,ASO,ES,Federal Contract Tower,0,25,97,0,122,0,0,24,0,24,0,25,121,0,146,0,0,0,146
04/09/2003,CRG,FL,ASO,ES,Federal Contract Tower,0,30,111,0,141,0,2,24,56,82,0,32,135,56,223,78,0,78,301
04/10/2003,CRG,FL,ASO,ES,Federal Contract Tower,0,22,144,0,166,0,4,66,28,98,0,26,210,28,264,155,0,155,419
04/11/2003,CRG,FL,ASO,ES,Federal Contract Tower,0,23,91,0,114,0,5,158,22,185,0,28,249,22,299,159,6,165,464
04/12/2003,CRG,FL,ASO,ES,Federal Contract Tower,0,2,58,0,60,0,0,207,12,219,0,2,265,12,279,311,0,311,590
04/13/2003,CRG,FL,ASO,ES,Federal Contract Tower,0,0,52,0,52,0,0,158,4,162,0,0,210,4,214,360,0,360,574
04/14/2003,CRG,FL,ASO,ES,Federal Contract Tower,0,24,89,0,113,0,5,175,48,228,0,29,264,48,341,364,0,364,705
04/15/2003,CRG,FL,ASO,ES,Federal Contract Tower,0,27,96,0,123,0,6,215,112,333,0,33,311,112,456,357,0,357,813
04/16/2003,CRG,FL,ASO,ES,Federal Contract Tower,0,21,91,0,112,0,7,253,43,303,0,28,344,43,415,261,12,273,688
04/17/2003,CRG,FL,ASO,ES,Federal Contract Tower,0,26,103,0,129,0,3,203,50,256,0,29,306,50,385,308,0,308,693
04/18/2003,CRG,FL,ASO,ES,Federal Contract Tower,0,21,70,0,91,0,6,174,20,200,0,27,244,20,291,245,0,245,536
04/19/2003,CRG,FL,ASO,ES,Federal Contract Tower,0,6,38,0,44,0,1,139,2,142,0,7,177,2,186,148,0,148,334
04/20/2003,CRG,FL,ASO,ES,Federal Contract Tower,0,8,55,0,63,0,0,97,4,101,0,8,152,4,164,66,0,66,230
04/21/2003,CRG,FL,ASO,ES,Federal Contract Tower,0,27,78,0,105,0,1,174,29,204,0,28,252,29,309,298,0,298,607
04/22/2003,CRG,FL,ASO,ES,Federal Contract Tower,0,24,104,0,128,0,7,187,24,218,0,31,291,24,346,197,0,197,543
04/23/2003,CRG,FL,ASO,ES,Federal Contract Tower,0,26,87,0,113,0,0,176,123,299,0,26,263,123,412,268,0,268,680
04/24/2003,CRG,FL,ASO,ES,Federal Contract Tower,0,26,73,0,99,0,1,255,70,326,0,27,328,70,425,337,8,345,770
04/25/2003,CRG,FL,ASO,ES,Federal Contract Tower,0,25,48,0,73,0,3,66,12,81,0,28,114,12,154,108,0,108,262
04/26/2003,CRG,FL,ASO,ES,Federal Contract Tower,0,7,42,0,49,0,0,133,2,135,0,7,175,2,184,166,0,166,350
04/27/2003,CRG,FL,ASO,ES,Federal Contract Tower,0,5,43,0,48,0,0,184,2,186,0,5,227,2,234,163,0,163,397
04/28/2003,CRG,FL,ASO,ES,Federal Contract Tower,0,27,46,0,73,0,3,152,107,262,0,30,198,107,335,167,8,175,510
04/29/2003,CRG,FL,ASO,ES,Federal Contract Tower,0,21,74,1,96,0,5,222,65,292,0,26,296,66,388,232,0,232,620
04/30/2003,CRG,FL,ASO,ES,Federal Contract Tower,0,25,78,0,103,0,0,182,52,234,0,25,260,52,337,268,0,268,605
05/01/2003,CRG,FL,ASO,ES,Federal Contract Tower,0,24,76,0,100,0,4,144,110,258,0,28,220,110,358,290,0,290,648
05/02/2003,CRG,FL,ASO,ES,Federal Contract Tower,0,22,78,0,100,0,1,148,24,173,0,23,226,24,273,232,0,232,505
05/03/2003,CRG,FL,ASO,ES,Federal Contract Tower,0,4,47,0,51,0,1,154,4,159,0,5,201,4,210,118,0,118,328
05/04/2003,CRG,FL,ASO,ES,Federal Contract Tower,0,3,65,0,68,0,0,149,2,151,0,3,214,2,219,110,0,110,329
05/05/2003,CRG,FL,ASO,ES,Federal Contract Tower,0,21,72,0,93,0,4,168,35,207,0,25,240,35,300,256,4,260,560
05/06/2003,CRG,FL,ASO,ES,Federal Contract Tower,0,22,99,0,121,0,1,159,38,198,0,23,258,38,319,281,0,281,600
05/07/2003,CRG,FL,ASO,ES,Federal Contract Tower,0,22,88,1,111,0,8,185,19,212,0,30,273,20,323,260,0,260,583
05/08/2003,CRG,FL,ASO,ES,Federal Contract Tower,0,21,68,2,91,0,6,210,30,246,0,27,278,32,337,194,0,194,531
05/09/2003,CRG,FL,ASO,ES,Federal Contract Tower,0,23,60,0,83,0,3,196,4,203,0,26,256,4,286,179,2,181,467
05/10/2003,CRG,FL,ASO,ES,Federal Contract Tower,0,3,38,0,41,0,0,215,4,219,0,3,253,4,260,237,0,237,497
05/11/2003,CRG,FL,ASO,ES,Federal Contract Tower,0,6,37,0,43,0,0,117,3,120,0,6,154,3,163,76,0,76,239
05/12/2003,CRG,FL,ASO,ES,Federal Contract Tower,0,22,73,0,95,0,0,157,16,173,0,22,230,16,268,235,0,235,503
05/13/2003,CRG,FL,ASO,ES,Federal Contract Tower,0,26,76,0,102,0,4,215,74,293,0,30,291,74,395,257,4,261,656
05/14/2003,CRG,FL,ASO,ES,Federal Contract Tower,0,19,69,0,88,0,4,232,79,315,0,23,301,79,403,279,4,283,686
05/15/2003,CRG,FL,ASO,ES,Federal Contract Tower,0,21,89,0,110,0,2,141,80,223,0,23,230,80,333,203,0,203,536
05/16/2003,CRG,FL,ASO,ES,Federal Contract Tower,0,23,85,0,108,0,5,177,10,192,0,28,262,10,300,222,0,222,522
05/17/2003,CRG,FL,ASO,ES,Federal Contract Tower,0,5,38,0,43,0,0,149,7,156,0,5,187,7,199,158,0,158,357
05/18/2003,CRG,FL,ASO,ES,Federal Contract Tower,0,2,48,0,50,0,0,103,0,103,0,2,151,0,153,175,0,175,328
05/19/2003,CRG,FL,ASO,ES,Federal Contract Tower,0,26,50,0,76,0,3,66,37,106,0,29,116,37,182,145,0,145,327
05/20/2003,CRG,FL,ASO,ES,Federal Contract Tower,0,26,88,0,114,0,2,51,78,131,0,28,139,78,245,0,12,12,257
05/21/2003,CRG,FL,ASO,ES,Federal Contract Tower,0,21,68,0,89,0,3,207,89,299,0,24,275,89,388,4,0,4,392
05/22/2003,CRG,FL,ASO,ES,Federal Contract Tower,0,30,62,0,92,0,1,108,28,137,0,31,170,28,229,2,0,2,231
05/23/2003,CRG,FL,ASO,ES,Federal Contract Tower,0,19,79,0,98,0,6,122,14,142,0,25,201,14,240,76,0,76,316
05/24/2003,CRG,FL,ASO,ES,Federal Contract Tower,0,6,46,0,52,0,0,167,0,167,0,6,213,0,219,154,0,154,373
05/25/2003,CRG,FL,ASO,ES,Federal Contract Tower,0,1,27,0,28,0,0,129,6,135,0,1,156,6,163,154,0,154,317
05/26/2003,CRG,FL,ASO,ES,Federal Contract Tower,0,6,32,0,38,0,0,152,0,152,0,6,184,0,190,127,0,127,317
05/27/2003,CRG,FL,ASO,ES,Federal Contract Tower,0,26,74,0,100,0,1,207,41,249,0,27,281,41,349,282,0,282,631
05/28/2003,CRG,FL,ASO,ES,Federal Contract Tower,0,22,57,0,79,0,4,215,74,293,0,26,272,74,372,257,0,257,629
05/29/2003,CRG,FL,ASO,ES,Federal Contract Tower,0,20,43,0,63,0,3,212,32,247,0,23,255,32,310,228,8,236,546
05/30/2003,CRG,FL,ASO,ES,Federal Contract Tower,0,21,79,0,100,0,3,222,20,245,0,24,301,20,345,229,0,229,574
05/31/2003,CRG,FL,ASO,ES,Federal Contract Tower,0,5,31,0,36,0,0,102,0,102,0,5,133,0,138,122,0,122,260
06/01/2003,CRG,FL,ASO,ES,Federal Contract Tower,0,2,71,0,73,0,0,53,0,53,0,2,124,0,126,106,0,106,232
06/02/2003,CRG,FL,ASO,ES,Federal Contract Tower,0,21,76,0,97,0,0,158,74,232,0,21,234,74,329,292,0,292,621
06/03/2003,CRG,FL,ASO,ES,Federal Contract Tower,0,23,59,0,82,0,0,100,44,144,0,23,159,44,226,107,8,115,341
06/04/2003,CRG,FL,ASO,ES,Federal Contract Tower,0,25,52,0,77,0,2,66,12,80,0,27,118,12,157,161,0,161,318
06/05/2003,CRG,FL,ASO,ES,Federal Contract Tower,0,23,65,0,88,0,0,121,104,225,0,23,186,104,313,254,6,260,573
06/06/2003,CRG,FL,ASO,ES,Federal Contract Tower,0,22,90,0,112,0,2,149,22,173,0,24,239,22,285,186,0,186,471
06/07/2003,CRG,FL,ASO,ES,Federal Contract Tower,0,4,28,0,32,0,0,85,0,85,0,4,113,0,117,130,0,130,247
06/08/2003,CRG,FL,ASO,ES,Federal Contract Tower,0,4,37,0,41,0,0,31,4,35,0,4,68,4,76,65,0,65,141
06/09/2003,CRG,FL,ASO,ES,Federal Contract Tower,0,22,71,0,93,0,1,137,65,203,0,23,208,65,296,296,0,296,592
06/10/2003,CRG,FL,ASO,ES,Federal Contract Tower,0,23,77,0,100,0,1,183,137,321,0,24,260,137,421,290,2,292,713
06/11/2003,CRG,FL,ASO,ES,Federal Contract Tower,0,24,75,0,99,0,2,140,24,166,0,26,215,24,265,197,0,197,462
06/12/2003,CRG,FL,ASO,ES,Federal Contract Tower,0,19,74,0,93,0,12,173,70,255,0,31,247,70,348,256,2,258,606
06/13/2003,CRG,FL,ASO,ES,Federal Contract Tower,0,24,79,0,103,0,1,185,14,200,0,25,264,14,303,187,0,187,490
06/14/2003,CRG,FL,ASO,ES,Federal Contract Tower,0,2,39,0,41,0,0,159,10,169,0,2,198,10,210,164,0,164,374
06/15/2003,CRG,FL,ASO,ES,Federal Contract Tower,0,7,74,0,81,0,0,122,4,126,0,7,196,4,207,152,0,152,359
06/16/2003,CRG,FL,ASO,ES,Federal Contract Tower,0,22,55,0,77,0,2,137,46,185,0,24,192,46,262,249,0,249,511
06/17/2003,CRG,FL,ASO,ES,Federal Contract Tower,0,26,80,0,106,0,3,132,32,167,0,29,212,32,273,277,0,277,550
06/18/2003,CRG,FL,ASO,ES,Federal Contract Tower,0,18,69,0,87,0,7,128,27,162,0,25,197,27,249,147,0,147,396
06/19/2003,CRG,FL,ASO,ES,Federal Contract Tower,0,23,101,0,124,0,4,88,40,132,0,27,189,40,256,161,0,161,417
06/20/2003,CRG,FL,ASO,ES,Federal Contract Tower,0,22,93,0,115,0,1,38,14,53,0,23,131,14,168,131,0,131,299
06/21/2003,CRG,FL,ASO,ES,Federal Contract Tower,0,5,54,0,59,0,0,88,8,96,0,5,142,8,155,204,0,204,359
06/22/2003,CRG,FL,ASO,ES,Federal Contract Tower,0,2,44,0,46,0,0,145,10,155,0,2,189,10,201,94,0,94,295
06/23/2003,CRG,FL,ASO,ES,Federal Contract Tower,0,20,90,0,110,0,4,192,77,273,0,24,282,77,383,219,10,229,612
06/24/2003,CRG,FL,ASO,ES,Federal Contract Tower,0,23,57,0,80,0,3,214,93,310,0,26,271,93,390,155,16,171,561
06/25/2003,CRG,FL,ASO,ES,Federal Contract Tower,0,20,77,0,97,0,5,233,156,394,0,25,310,156,491,156,22,178,669
06/26/2003,CRG,FL,ASO,ES,Federal Contract Tower,0,18,73,0,91,0,10,209,77,296,0,28,282,77,387,280,19,299,686
06/27/2003,CRG,FL,ASO,ES,Federal Contract Tower,0,24,84,0,108,0,3,163,46,212,0,27,247,46,320,136,0,136,456
06/28/2003,CRG,FL,ASO,ES,Federal Contract Tower,0,4,44,0,48,0,0,71,4,75,0,4,115,4,123,105,0,105,228
06/29/2003,CRG,FL,ASO,ES,Federal Contract Tower,0,3,55,0,58,0,0,66,2,68,0,3,121,2,126,83,0,83,209
06/30/2003,CRG,FL,ASO,ES,Federal Contract Tower,0,20,64,0,84,0,3,144,20,167,0,23,208,20,251,204,0,204,455
07/01/2003,CRG,FL,ASO,ES,Federal Contract Tower,0,22,72,0,94,0,2,121,40,163,0,24,193,40,257,230,2,232,489
07/02/2003,CRG,FL,ASO,ES,Federal Contract Tower,0,21,64,0,85,0,3,116,34,153,0,24,180,34,238,143,0,143,381
07/03/2003,CRG,FL,ASO,ES,Federal Contract Tower,0,16,73,0,89,0,1,147,4,152,0,17,220,4,241,162,2,164,405
07/04/2003,CRG,FL,ASO,ES,Federal Contract Tower,0,5,22,0,27,0,0,164,4,168,0,5,186,4,195,105,0,105,300
07/05/2003,CRG,FL,ASO,ES,Federal Contract Tower,0,3,32,0,35,0,0,127,8,135,0,3,159,8,170,152,0,152,322
07/06/2003,CRG,FL,ASO,ES,Federal Contract Tower,0,6,50,0,56,0,0,167,2,169,0,6,217,2,225,133,0,133,358
07/07/2003,CRG,FL,ASO,ES,Federal Contract Tower,0,23,72,1,96,0,2,194,35,231,0,25,266,36,327,151,0,151,478
07/08/2003,CRG,FL,ASO,ES,Federal Contract Tower,0,20,70,0,90,0,2,234,42,278,0,22,304,42,368,256,4,260,628
07/09/2003,CRG,FL,ASO,ES,Federal Contract Tower,0,24,74,0,98,0,3,177,80,260,0,27,251,80,358,149,2,151,509
07/10/2003,CRG,FL,ASO,ES,Federal Contract Tower,0,22,70,0,92,0,0,129,39,168,0,22,199,39,260,167,0,167,427
07/11/2003,CRG,FL,ASO,ES,Federal Contract Tower,0,17,70,0,87,0,3,145,22,170,0,20,215,22,257,116,0,116,373
07/12/2003,CRG,FL,ASO,ES,Federal Contract Tower,0,4,50,1,55,0,2,175,8,185,0,6,225,9,240,149,6,155,395
07/13/2003,CRG,FL,ASO,ES,Federal Contract Tower,0,3,40,0,43,0,0,110,0,110,0,3,150,0,153,156,0,156,309
07/14/2003,CRG,FL,ASO,ES,Federal Contract Tower,0,18,37,1,56,0,6,95,13,114,0,24,132,14,170,133,0,133,303
07/15/2003,CRG,FL,ASO,ES,Federal Contract Tower,0,17,102,0,119,0,5,161,56,222,0,22,263,56,341,163,2,165,506
07/16/2003,CRG,FL,ASO,ES,Federal Contract Tower,0,17,109,0,126,0,5,160,78,243,0,22,269,78,369,194,4,198,567
07/17/2003,CRG,FL,ASO,ES,Federal Contract Tower,0,16,80,1,97,0,7,220,53,280,0,23,300,54,377,200,0,200,577
07/18/2003,CRG,FL,ASO,ES,Federal Contract Tower,0,19,73,0,92,0,2,191,36,229,0,21,264,36,321,120,0,120,441
07/19/2003,CRG,FL,ASO,ES,Federal Contract Tower,0,3,61,0,64,0,0,152,8,160,0,3,213,8,224,178,0,178,402
07/20/2003,CRG,FL,ASO,ES,Federal Contract Tower,0,1,66,0,67,0,0,109,0,109,0,1,175,0,176,179,0,179,355
07/21/2003,CRG,FL,ASO,ES,Federal Contract Tower,0,23,48,0,71,0,1,159,28,188,0,24,207,28,259,168,2,170,429
07/22/2003,CRG,FL,ASO,ES,Federal Contract Tower,0,19,74,0,93,0,4,137,34,175,0,23,211,34,268,117,0,117,385
07/23/2003,CRG,FL,ASO,ES,Federal Contract Tower,0,20,68,0,88,0,3,122,35,160,0,23,190,35,248,100,2,102,350
07/24/2003,CRG,FL,ASO,ES,Federal Contract Tower,0,18,90,0,108,0,2,156,25,183,0,20,246,25,291,82,6,88,379
07/25/2003,CRG,FL,ASO,ES,Federal Contract Tower,0,16,65,0,81,0,2,118,34,154,0,18,183,34,235,100,0,100,335
07/26/2003,CRG,FL,ASO,ES,Federal Contract Tower,0,3,44,0,47,0,0,177,0,177,0,3,221,0,224,106,0,106,330
07/27/2003,CRG,FL,ASO,ES,Federal Contract Tower,0,0,61,0,61,0,0,170,2,172,0,0,231,2,233,141,0,141,374
07/28/2003,CRG,FL,ASO,ES,Federal Contract Tower,0,21,68,0,89,0,5,154,66,225,0,26,222,66,314,228,4,232,546
07/29/2003,CRG,FL,ASO,ES,Federal Contract Tower,0,19,66,0,85,0,4,160,72,236,0,23,226,72,321,271,0,271,592
07/30/2003,CRG,FL,ASO,ES,Federal Contract Tower,0,18,72,0,90,0,2,168,51,221,0,20,240,51,311,188,7,195,506
07/31/2003,CRG,FL,ASO,ES,Federal Contract Tower,0,24,53,2,79,0,5,164,62,231,0,29,217,64,310,230,0,230,540
08/01/2003,CRG,FL,ASO,ES,Federal Contract Tower,0,20,60,0,80,0,6,136,12,154,0,26,196,12,234,155,0,155,389
08/02/2003,CRG,FL,ASO,ES,Federal Contract Tower,0,2,32,0,34,0,0,125,0,125,0,2,157,0,159,66,0,66,225
08/03/2003,CRG,FL,ASO,ES,Federal Contract Tower,0,1,38,0,39,0,1,119,0,120,0,2,157,0,159,141,0,141,300
08/04/2003,CRG,FL,ASO,ES,Federal Contract Tower,0,28,64,0,92,0,0,119,42,161,0,28,183,42,253,199,6,205,458
08/05/2003,CRG,FL,ASO,ES,Federal Contract Tower,0,24,71,0,95,0,0,129,38,167,0,24,200,38,262,244,0,244,506
08/06/2003,CRG,FL,ASO,ES,Federal Contract Tower,0,19,64,2,85,0,2,135,60,197,0,21,199,62,282,138,0,138,420
08/07/2003,CRG,FL,ASO,ES,Federal Contract Tower,0,20,65,0,85,0,3,118,47,168,0,23,183,47,253,184,15,199,452
08/08/2003,CRG,FL,ASO,ES,Federal Contract Tower,0,20,64,0,84,0,3,131,8,142,0,23,195,8,226,169,16,185,411
08/09/2003,CRG,FL,ASO,ES,Federal Contract Tower,0,1,47,0,48,0,0,82,8,90,0,1,129,8,138,60,0,60,198
08/10/2003,CRG,FL,ASO,ES,Federal Contract Tower,0,5,53,0,58,0,0,68,6,74,0,5,121,6,132,85,0,85,217
08/11/2003,CRG,FL,ASO,ES,Federal Contract Tower,0,19,73,0,92,0,2,107,36,145,0,21,180,36,237,124,0,124,361
08/12/2003,CRG,FL,ASO,ES,Federal Contract Tower,0,19,68,0,87,0,2,174,68,244,0,21,242,68,331,179,4,183,514
08/13/2003,CRG,FL,ASO,ES,Federal Contract Tower,0,22,67,0,89,0,2,190,85,277,0,24,257,85,366,278,7,285,651
08/14/2003,CRG,FL,ASO,ES,Federal Contract Tower,0,25,71,0,96,0,1,113,68,182,0,26,184,68,278,141,0,141,419
08/15/2003,CRG,FL,ASO,ES,Federal Contract Tower,0,18,77,0,95,0,2,173,4,179,0,20,250,4,274,207,0,207,481
08/16/2003,CRG,FL,ASO,ES,Federal Contract Tower,0,3,42,2,47,0,0,123,3,126,0,3,165,5,173,171,0,171,344
08/17/2003,CRG,FL,ASO,ES,Federal Contract Tower,0,3,58,0,61,0,0,149,8,157,0,3,207,8,218,205,0,205,423
08/18/2003,CRG,FL,ASO,ES,Federal Contract Tower,0,20,82,0,102,0,2,137,38,177,0,22,219,38,279,128,0,128,407
08/19/2003,CRG,FL,ASO,ES,Federal Contract Tower,0,17,92,0,109,0,4,161,58,223,0,21,253,58,332,260,0,260,592
08/20/2003,CRG,FL,ASO,ES,Federal Contract Tower,0,21,68,1,90,0,5,241,90,336,0,26,309,91,426,269,0,269,695
08/21/2003,CRG,FL,ASO,ES,Federal Contract Tower,0,21,63,0,84,0,3,104,80,187,0,24,167,80,271,153,0,153,424
08/22/2003,CRG,FL,ASO,ES,Federal Contract Tower,0,21,79,0,100,0,4,131,9,144,0,25,210,9,244,230,0,230,474
08/23/2003,CRG,FL,ASO,ES,Federal Contract Tower,0,1,38,0,39,0,0,112,0,112,0,1,150,0,151,163,0,163,314
08/24/2003,CRG,FL,ASO,ES,Federal Contract Tower,0,1,28,0,29,0,0,147,5,152,0,1,175,5,181,116,0,116,297
08/25/2003,CRG,FL,ASO,ES,Federal Contract Tower,0,17,74,2,93,0,2,157,92,251,0,19,231,94,344,151,8,159,503
08/26/2003,CRG,FL,ASO,ES,Federal Contract Tower,0,20,83,0,103,0,3,212,88,303,0,23,295,88,406,235,0,235,641
08/27/2003,CRG,FL,ASO,ES,Federal Contract Tower,0,28,80,0,108,0,2,165,48,215,0,30,245,48,323,166,2,168,491
08/28/2003,CRG,FL,ASO,ES,Federal Contract Tower,0,16,56,0,72,0,8,258,72,338,0,24,314,72,410,242,0,242,652
08/29/2003,CRG,FL,ASO,ES,Federal Contract Tower,0,23,104,0,127,0,3,146,12,161,0,26,250,12,288,211,0,211,499
08/30/2003,CRG,FL,ASO,ES,Federal Contract Tower,0,3,39,0,42,0,0,140,4,144,0,3,179,4,186,188,0,188,374
08/31/2003,CRG,FL,ASO,ES,Federal Contract Tower,0,1,21,0,22,0,0,118,4,122,0,1,139,4,144,141,0,141,285
09/01/2003,CRG,FL,ASO,ES,Federal Contract Tower,0,3,48,0,51,0,0,174,0,174,0,3,222,0,225,102,0,102,327
09/02/2003,CRG,FL,ASO,ES,Federal Contract Tower,0,23,72,0,95,0,4,201,38,243,0,27,273,38,338,134,4,138,476
09/03/2003,CRG,FL,ASO,ES,Federal Contract Tower,0,20,54,0,74,0,3,160,34,197,0,23,214,34,271,252,0,252,523
09/04/2003,CRG,FL,ASO,ES,Federal Contract Tower,0,23,77,0,100,0,1,142,36,179,0,24,219,36,279,183,8,191,470
09/05/2003,CRG,FL,ASO,ES,Federal Contract Tower,0,22,56,0,78,0,3,173,12,188,0,25,229,12,266,220,0,220,486
09/06/2003,CRG,FL,ASO,ES,Federal Contract Tower,0,2,46,0,48,0,0,61,2,63,0,2,107,2,111,117,0,117,228
09/07/2003,CRG,FL,ASO,ES,Federal Contract Tower,0,4,78,0,82,0,0,25,2,27,0,4,103,2,109,100,0,100,209
09/08/2003,CRG,FL,ASO,ES,Federal Contract Tower,0,23,105,0,128,0,2,116,12,130,0,25,221,12,258,134,0,134,392
09/09/2003,CRG,FL,ASO,ES,Federal Contract Tower,0,26,88,0,114,0,3,114,40,157,0,29,202,40,271,139,0,139,410
09/10/2003,CRG,FL,ASO,ES,Federal Contract Tower,0,24,90,0,114,0,1,212,76,289,0,25,302,76,403,327,0,327,730
09/11/2003,CRG,FL,ASO,ES,Federal Contract Tower,0,17,75,2,94,0,3,181,48,232,0,20,256,50,326,221,0,221,547
09/12/2003,CRG,FL,ASO,ES,Federal Contract Tower,0,17,56,0,73,0,2,254,20,276,0,19,310,20,349,247,0,247,596
09/13/2003,CRG,FL,ASO,ES,Federal Contract Tower,0,2,42,0,44,0,0,254,10,264,0,2,296,10,308,302,0,302,610
09/14/2003,CRG,FL,ASO,ES,Federal Contract Tower,0,4,42,0,46,0,0,176,2,178,0,4,218,2,224,141,0,141,365
09/15/2003,CRG,FL,ASO,ES,Federal Contract Tower,0,25,67,0,92,0,2,153,68,223,0,27,220,68,315,222,4,226,541
09/16/2003,CRG,FL,ASO,ES,Federal Contract Tower,0,18,78,0,96,0,5,200,116,321,0,23,278,116,417,312,0,312,729
09/17/2003,CRG,FL,ASO,ES,Federal Contract Tower,0,21,73,0,94,0,3,116,120,239,0,24,189,120,333,316,8,324,657
09/18/2003,CRG,FL,ASO,ES,Federal Contract Tower,0,21,80,0,101,0,4,198,42,244,0,25,278,42,345,461,0,461,806
09/19/2003,CRG,FL,ASO,ES,Federal Contract Tower,0,20,65,0,85,0,3,299,8,310,0,23,364,8,395,341,0,341,736
09/20/2003,CRG,FL,ASO,ES,Federal Contract Tower,0,4,39,0,43,0,0,257,8,265,0,4,296,8,308,216,0,216,524
09/21/2003,CRG,FL,ASO,ES,Federal Contract Tower,0,5,44,0,49,0,0,166,4,170,0,5,210,4,219,150,0,150,369
09/22/2003,CRG,FL,ASO,ES,Federal Contract Tower,0,23,84,0,107,0,0,233,30,263,0,23,317,30,370,208,2,210,580
09/23/2003,CRG,FL,ASO,ES,Federal Contract Tower,0,21,67,0,88,0,0,207,78,285,0,21,274,78,373,216,0,216,589
09/24/2003,CRG,FL,ASO,ES,Federal Contract Tower,0,21,96,1,118,0,4,152,41,197,0,25,248,42,315,251,2,253,568
09/25/2003,CRG,FL,ASO,ES,Federal Contract Tower,0,24,90,0,114,0,2,82,20,104,0,26,172,20,218,159,3,162,380
09/26/2003,CRG,FL,ASO,ES,Federal Contract Tower,0,18,79,0,97,0,2,122,10,134,0,20,201,10,231,198,0,198,429
09/27/2003,CRG,FL,ASO,ES,Federal Contract Tower,0,1,40,0,41,0,0,224,10,234,0,1,264,10,275,166,0,166,441
09/28/2003,CRG,FL,ASO,ES,Federal Contract Tower,0,3,44,0,47,0,0,218,0,218,0,3,262,0,265,291,0,291,556
09/29/2003,CRG,FL,ASO,ES,Federal Contract Tower,0,19,56,0,75,0,2,238,62,302,0,21,294,62,377,213,0,213,590
09/30/2003,CRG,FL,ASO,ES,Federal Contract Tower,0,25,64,0,89,0,2,187,64,253,0,27,251,64,342,257,0,257,599
10/01/2003,CRG,FL,ASO,ES,Federal Contract Tower,0,21,80,0,101,0,5,173,30,208,0,26,253,30,309,369,14,383,692
10/02/2003,CRG,FL,ASO,ES,Federal Contract Tower,0,18,69,0,87,0,4,118,90,212,0,22,187,90,299,302,4,306,605
10/03/2003,CRG,FL,ASO,ES,Federal Contract Tower,0,23,86,0,109,0,4,198,16,218,0,27,284,16,327,275,0,275,602
10/04/2003,CRG,FL,ASO,ES,Federal Contract Tower,0,6,43,0,49,0,0,250,12,262,0,6,293,12,311,184,0,184,495
10/05/2003,CRG,FL,ASO,ES,Federal Contract Tower,0,4,36,0,40,0,0,189,4,193,0,4,225,4,233,197,0,197,430
10/06/2003,CRG,FL,ASO,ES,Federal Contract Tower,0,17,64,0,81,0,9,188,90,287,0,26,252,90,368,265,0,265,633
10/07/2003,CRG,FL,ASO,ES,Federal Contract Tower,0,20,74,0,94,0,6,98,76,180,0,26,172,76,274,140,8,148,422
10/08/2003,CRG,FL,ASO,ES,Federal Contract Tower,0,23,88,0,111,0,8,78,57,143,0,31,166,57,254,233,0,233,487
10/09/2003,CRG,FL,ASO,ES,Federal Contract Tower,0,25,97,0,122,0,2,135,119,256,0,27,232,119,378,211,4,215,593
10/10/2003,CRG,FL,ASO,ES,Federal Contract Tower,0,24,91,0,115,0,7,199,22,228,0,31,290,22,343,334,4,338,681
10/11/2003,CRG,FL,ASO,ES,Federal Contract Tower,0,3,80,0,83,0,0,64,1,65,0,3,144,1,148,106,0,106,254
10/12/2003,CRG,FL,ASO,ES,Federal Contract Tower,0,3,63,0,66,0,0,65,0,65,0,3,128,0,131,121,0,121,252
10/13/2003,CRG,FL,ASO,ES,Federal Contract Tower,0,16,86,0,102,0,0,34,0,34,0,16,120,0,136,14,0,14,150
10/14/2003,CRG,FL,ASO,ES,Federal Contract Tower,0,21,85,1,107,0,10,147,37,194,0,31,232,38,301,352,0,352,653
10/15/2003,CRG,FL,ASO,ES,Federal Contract Tower,0,17,70,1,88,0,9,251,91,351,0,26,321,92,439,422,0,422,861
10/16/2003,CRG,FL,ASO,ES,Federal Contract Tower,0,15,61,1,77,0,6,286,103,395,0,21,347,104,472,437,1,438,910
10/17/2003,CRG,FL,ASO,ES,Federal Contract Tower,0,18,75,0,93,0,0,199,15,214,0,18,274,15,307,274,0,274,581
10/18/2003,CRG,FL,ASO,ES,Federal Contract Tower,0,2,36,0,38,0,0,239,14,253,0,2,275,14,291,193,0,193,484
10/19/2003,CRG,FL,ASO,ES,Federal Contract Tower,0,6,40,0,46,0,0,163,4,167,0,6,203,4,213,284,0,284,497
10/20/2003,CRG,FL,ASO,ES,Federal Contract Tower,0,13,54,0,67,0,12,223,86,321,0,25,277,86,388,366,0,366,754
10/21/2003,CRG,FL,ASO,ES,Federal Contract Tower,0,19,79,0,98,0,7,225,59,291,0,26,304,59,389,339,0,339,728
10/22/2003,CRG,FL,ASO,ES,Federal Contract Tower,0,17,68,0,85,0,4,286,70,360,0,21,354,70,445,302,0,302,747
10/23/2003,CRG,FL,ASO,ES,Federal Contract Tower,0,16,63,0,79,0,8,258,35,301,0,24,321,35,380,281,0,281,661
10/24/2003,CRG,FL,ASO,ES,Federal Contract Tower,0,17,71,0,88,0,5,242,40,287,0,22,313,40,375,296,0,296,671
10/25/2003,CRG,FL,ASO,ES,Federal Contract Tower,0,4,44,0,48,0,0,144,10,154,0,4,188,10,202,208,0,208,410
10/26/2003,CRG,FL,ASO,ES,Federal Contract Tower,0,8,43,0,51,0,0,101,16,117,0,8,144,16,168,102,0,102,270
10/27/2003,CRG,FL,ASO,ES,Federal Contract Tower,0,16,65,0,81,0,9,110,78,197,0,25,175,78,278,157,0,157,435
10/28/2003,CRG,FL,ASO,ES,Federal Contract Tower,0,19,78,0,97,0,8,91,8,107,0,27,169,8,204,298,0,298,502
10/29/2003,CRG,FL,ASO,ES,Federal Contract Tower,0,22,91,0,113,0,8,248,90,346,0,30,339,90,459,252,0,252,711
10/30/2003,CRG,FL,ASO,ES,Federal Contract Tower,0,23,92,0,115,0,7,269,106,382,0,30,361,106,497,280,0,280,777
10/31/2003,CRG,FL,ASO,ES,Federal Contract Tower,0,24,96,0,120,0,7,185,10,202,0,31,281,10,322,221,0,221,543
11/01/2003,CRG,FL,ASO,ES,Federal Contract Tower,0,16,108,0,124,0,0,185,0,185,0,16,293,0,309,137,0,137,446
11/02/2003,CRG,FL,ASO,ES,Federal Contract Tower,0,6,68,0,74,0,0,139,10,149,0,6,207,10,223,165,0,165,388
11/03/2003,CRG,FL,ASO,ES,Federal Contract Tower,0,19,82,0,101,0,4,116,98,218,0,23,198,98,319,211,4,215,534
11/04/2003,CRG,FL,ASO,ES,Federal Contract Tower,0,19,81,0,100,0,6,169,49,224,0,25,250,49,324,307,8,315,639
11/05/2003,CRG,FL,ASO,ES,Federal Contract Tower,0,18,80,0,98,0,10,204,55,269,0,28,284,55,367,320,23,343,710
11/06/2003,CRG,FL,ASO,ES,Federal Contract Tower,0,19,85,0,104,0,8,171,24,203,0,27,256,24,307,199,16,215,522
11/07/2003,CRG,FL,ASO,ES,Federal Contract Tower,0,17,81,1,99,0,10,210,15,235,0,27,291,16,334,339,0,339,673
11/08/2003,CRG,FL,ASO,ES,Federal Contract Tower,0,3,71,0,74,0,0,102,0,102,0,3,173,0,176,112,0,112,288
11/09/2003,CRG,FL,ASO,ES,Federal Contract Tower,0,2,50,0,52,0,0,17,0,17,0,2,67,0,69,18,0,18,87
11/10/2003,CRG,FL,ASO,ES,Federal Contract Tower,0,18,85,1,104,0,5,24,73,102,0,23,109,74,206,0,0,0,206
11/11/2003,CRG,FL,ASO,ES,Federal Contract Tower,0,11,104,1,116,0,0,147,3,150,0,11,251,4,266,79,0,79,345
11/12/2003,CRG,FL,ASO,ES,Federal Contract Tower,0,17,81,1,99,0,12,224,45,281,0,29,305,46,380,203,0,203,583
11/13/2003,CRG,FL,ASO,ES,Federal Contract Tower,0,18,83,1,102,0,6,262,61,329,0,24,345,62,431,192,0,192,623
11/14/2003,CRG,FL,ASO,ES,Federal Contract Tower,0,17,79,1,97,0,7,276,11,294,0,24,355,12,391,270,0,270,661
11/15/2003,CRG,FL,ASO,ES,Federal Contract Tower,0,4,47,1,52,0,0,257,11,268,0,4,304,12,320,175,0,175,495
11/16/2003,CRG,FL,ASO,ES,Federal Contract Tower,0,0,33,0,33,0,0,200,6,206,0,0,233,6,239,284,0,284,523
11/17/2003,CRG,FL,ASO,ES,Federal Contract Tower,0,16,76,0,92,0,7,222,93,322,0,23,298,93,414,289,7,296,710
11/18/2003,CRG,FL,ASO,ES,Federal Contract Tower,0,17,78,0,95,0,9,225,48,282,0,26,303,48,377,188,2,190,567
11/19/2003,CRG,FL,ASO,ES,Federal Contract Tower,0,14,66,0,80,0,10,82,19,111,0,24,148,19,191,51,2,53,244
11/20/2003,CRG,FL,ASO,ES,Federal Contract Tower,0,20,94,0,114,0,8,237,68,313,0,28,331,68,427,209,0,209,636
11/21/2003,CRG,FL,ASO,ES,Federal Contract Tower,0,17,77,0,94,0,13,252,10,275,0,30,329,10,369,236,0,236,605
11/22/2003,CRG,FL,ASO,ES,Federal Contract Tower,0,1,39,0,40,0,0,231,4,235,0,1,270,4,275,300,0,300,575
11/23/2003,CRG,FL,ASO,ES,Federal Contract Tower,0,7,54,0,61,0,0,168,8,176,0,7,222,8,237,326,0,326,563
11/24/2003,CRG,FL,ASO,ES,Federal Contract Tower,0,18,82,0,100,0,7,210,55,272,0,25,292,55,372,197,0,197,569
11/25/2003,CRG,FL,ASO,ES,Federal Contract Tower,0,21,98,0,119,0,0,158,54,212,0,21,256,54,331,167,0,167,498
11/26/2003,CRG,FL,ASO,ES,Federal Contract Tower,0,18,87,0,105,0,6,220,4,230,0,24,307,4,335,216,0,216,551
11/27/2003,CRG,FL,ASO,ES,Federal Contract Tower,0,2,22,0,24,0,0,58,2,60,0,2,80,2,84,9,0,9,93
11/28/2003,CRG,FL,ASO,ES,Federal Contract Tower,0,10,50,0,60,0,9,98,0,107,0,19,148,0,167,42,0,42,209
11/29/2003,CRG,FL,ASO,ES,Federal Contract Tower,0,4,38,0,42,0,0,155,0,155,0,4,193,0,197,113,0,113,310
11/30/2003,CRG,FL,ASO,ES,Federal Contract Tower,0,4,72,0,76,0,0,128,6,134,0,4,200,6,210,159,0,159,369
12/01/2003,CRG,FL,ASO,ES,Federal Contract Tower,0,17,58,0,75,0,4,238,28,270,0,21,296,28,345,217,4,221,566
12/02/2003,CRG,FL,ASO,ES,Federal Contract Tower,0,18,65,0,83,0,5,145,69,219,0,23,210,69,302,103,14,117,419
12/03/2003,CRG,FL,ASO,ES,Federal Contract Tower,0,25,88,0,113,0,1,163,70,234,0,26,251,70,347,205,8,213,560
12/04/2003,CRG,FL,ASO,ES,Federal Contract Tower,0,21,101,0,122,0,0,110,23,133,0,21,211,23,255,215,0,215,470
12/05/2003,CRG,FL,ASO,ES,Federal Contract Tower,0,20,99,0,119,0,0,30,14,44,0,20,129,14,163,0,0,0,163
12/06/2003,CRG,FL,ASO,ES,Federal Contract Tower,0,2,31,0,33,0,0,661,16,677,0,2,692,16,710,170,0,170,880
12/07/2003,CRG,FL,ASO,ES,Federal Contract Tower,0,0,34,0,34,0,0,261,8,269,0,0,295,8,303,280,0,280,583
12/08/2003,CRG,FL,ASO,ES,Federal Contract Tower,0,18,69,0,87,0,0,234,66,300,0,18,303,66,387,208,0,208,595
12/09/2003,CRG,FL,ASO,ES,Federal Contract Tower,0,21,77,0,98,0,3,234,68,305,0,24,311,68,403,241,0,241,644
12/10/2003,CRG,FL,ASO,ES,Federal Contract Tower,0,24,84,0,108,0,2,44,39,85,0,26,128,39,193,17,10,27,220
12/11/2003,CRG,FL,ASO,ES,Federal Contract Tower,0,22,79,0,101,0,2,190,36,228,0,24,269,36,329,194,0,194,523
12/12/2003,CRG,FL,ASO,ES,Federal Contract Tower,0,20,73,0,93,0,5,160,30,195,0,25,233,30,288,302,0,302,590
12/13/2003,CRG,FL,ASO,ES,Federal Contract Tower,0,5,40,0,45,0,0,184,10,194,0,5,224,10,239,178,0,178,417
12/14/2003,CRG,FL,ASO,ES,Federal Contract Tower,0,3,51,0,54,0,0,43,3,46,0,3,94,3,100,43,0,43,143
12/15/2003,CRG,FL,ASO,ES,Federal Contract Tower,0,17,62,1,80,0,4,237,67,308,0,21,299,68,388,231,0,231,619
12/16/2003,CRG,FL,ASO,ES,Federal Contract Tower,0,19,70,1,90,0,5,178,73,256,0,24,248,74,346,198,0,198,544
12/17/2003,CRG,FL,ASO,ES,Federal Contract Tower,0,22,85,0,107,0,4,58,30,92,0,26,143,30,199,94,32,126,325
12/18/2003,CRG,FL,ASO,ES,Federal Contract Tower,0,20,75,0,95,0,5,153,39,197,0,25,228,39,292,159,0,159,451
12/19/2003,CRG,FL,ASO,ES,Federal Contract Tower,0,19,71,0,90,0,5,198,24,227,0,24,269,24,317,184,0,184,501
12/20/2003,CRG,FL,ASO,ES,Federal Contract Tower,0,4,34,0,38,0,0,225,4,229,0,4,259,4,267,223,0,223,490
12/21/2003,CRG,FL,ASO,ES,Federal Contract Tower,0,0,23,0,23,0,0,162,2,164,0,0,185,2,187,167,0,167,354
12/22/2003,CRG,FL,ASO,ES,Federal Contract Tower,0,13,51,0,64,0,12,191,72,275,0,25,242,72,339,144,2,146,485
12/23/2003,CRG,FL,ASO,ES,Federal Contract Tower,0,17,64,0,81,0,7,127,34,168,0,24,191,34,249,144,0,144,393
12/24/2003,CRG,FL,ASO,ES,Federal Contract Tower,0,10,37,0,47,0,11,79,4,94,0,21,116,4,141,63,0,63,204
12/25/2003,CRG,FL,ASO,ES,Federal Contract Tower,0,0,15,0,15,0,0,33,1,34,0,0,48,1,49,0,0,0,49
12/26/2003,CRG,FL,ASO,ES,Federal Contract Tower,0,14,52,0,66,0,4,100,8,112,0,18,152,8,178,88,0,88,266
12/27/2003,CRG,FL,ASO,ES,Federal Contract Tower,0,5,19,0,24,0,0,180,12,192,0,5,199,12,216,96,0,96,312
12/28/2003,CRG,FL,ASO,ES,Federal Contract Tower,0,3,28,0,31,0,0,130,0,130,0,3,158,0,161,148,0,148,309
12/29/2003,CRG,FL,ASO,ES,Federal Contract Tower,0,11,42,0,53,0,11,128,18,157,0,22,170,18,210,188,0,188,398
12/30/2003,CRG,FL,ASO,ES,Federal Contract Tower,0,15,58,0,73,0,7,97,22,126,0,22,155,22,199,161,0,161,360
12/31/2003,CRG,FL,ASO,ES,Federal Contract Tower,0,18,70,0,88,0,4,124,26,154,0,22,194,26,242,177,0,177,419
01/01/2004,CRG,FL,ASO,ES,Federal Contract Tower,0,2,22,0,24,0,0,83,0,83,0,2,105,0,107,15,0,15,122
01/02/2004,CRG,FL,ASO,ES,Federal Contract Tower,0,17,67,0,84,0,7,206,4,217,0,24,273,4,301,132,0,132,433
01/03/2004,CRG,FL,ASO,ES,Federal Contract Tower,0,2,41,0,43,0,0,191,2,193,0,2,232,2,236,143,0,143,379
01/04/2004,CRG,FL,ASO,ES,Federal Contract Tower,0,5,41,0,46,0,0,165,7,172,0,5,206,7,218,160,0,160,378
01/05/2004,CRG,FL,ASO,ES,Federal Contract Tower,0,14,52,0,66,0,10,118,42,170,0,24,170,42,236,162,8,170,406
01/06/2004,CRG,FL,ASO,ES,Federal Contract Tower,0,17,67,0,84,0,9,27,62,98,0,26,94,62,182,165,0,165,347
01/07/2004,CRG,FL,ASO,ES,Federal Contract Tower,0,17,67,0,84,0,3,116,80,199,0,20,183,80,283,119,0,119,402
01/08/2004,CRG,FL,ASO,ES,Federal Contract Tower,0,15,61,0,76,0,7,189,81,277,0,22,250,81,353,182,8,190,543
01/09/2004,CRG,FL,ASO,ES,Federal Contract Tower,0,18,76,1,95,0,2,160,7,169,0,20,236,8,264,214,0,214,478
01/10/2004,CRG,FL,ASO,ES,Federal Contract Tower,0,1,27,1,29,0,0,34,15,49,0,1,61,16,78,53,0,53,131
01/11/2004,CRG,FL,ASO,ES,Federal Contract Tower,0,2,33,1,36,0,0,236,7,243,0,2,269,8,279,261,0,261,540
01/12/2004,CRG,FL,ASO,ES,Federal Contract Tower,0,16,68,1,85,0,6,198,43,247,0,22,266,44,332,222,2,224,556
01/13/2004,CRG,FL,ASO,ES,Federal Contract Tower,0,15,62,1,78,0,9,205,53,267,0,24,267,54,345,208,0,208,553
01/14/2004,CRG,FL,ASO,ES,Federal Contract Tower,0,21,85,1,107,0,3,242,48,293,0,24,327,49,400,139,0,139,539
01/15/2004,CRG,FL,ASO,ES,Federal Contract Tower,0,18,74,0,92,0,4,208,38,250,0,22,282,38,342,236,20,256,598
01/16/2004,CRG,FL,ASO,ES,Federal Contract Tower,0,20,83,0,103,0,6,242,20,268,0,26,325,20,371,220,0,220,591
01/17/2004,CRG,FL,ASO,ES,Federal Contract Tower,0,4,59,0,63,0,0,176,4,180,0,4,235,4,243,312,0,312,555
01/18/2004,CRG,FL,ASO,ES,Federal Contract Tower,0,0,28,0,28,0,0,118,4,122,0,0,146,4,150,141,0,141,291
01/19/2004,CRG,FL,ASO,ES,Federal Contract Tower,0,10,55,0,65,0,0,47,0,47,0,10,102,0,112,85,0,85,197
01/20/2004,CRG,FL,ASO,ES,Federal Contract Tower,0,16,67,0,83,0,8,228,138,374,0,24,295,138,457,193,2,195,652
01/21/2004,CRG,FL,ASO,ES,Federal Contract Tower,0,21,88,0,109,0,0,214,100,314,0,21,302,100,423,296,6,302,725
01/22/2004,CRG,FL,ASO,ES,Federal Contract Tower,0,20,83,0,103,0,3,266,56,325,0,23,349,56,428,252,10,262,690
01/23/2004,CRG,FL,ASO,ES,Federal Contract Tower,0,17,70,0,87,0,10,248,8,266,0,27,318,8,353,191,0,191,544
01/24/2004,CRG,FL,ASO,ES,Federal Contract Tower,0,3,33,0,36,0,0,246,0,246,0,3,279,0,282,285,0,285,567
01/25/2004,CRG,FL,ASO,ES,Federal Contract Tower,0,0,33,0,33,0,0,229,8,237,0,0,262,8,270,304,0,304,574
01/26/2004,CRG,FL,ASO,ES,Federal Contract Tower,0,14,61,0,75,0,4,121,57,182,0,18,182,57,257,194,2,196,453
01/27/2004,CRG,FL,ASO,ES,Federal Contract Tower,0,14,62,0,76,0,16,144,22,182,0,30,206,22,258,167,0,167,425
01/28/2004,CRG,FL,ASO,ES,Federal Contract Tower,0,20,86,0,106,0,7,256,46,309,0,27,342,46,415,223,8,231,646
01/29/2004,CRG,FL,ASO,ES,Federal Contract Tower,0,13,56,0,69,0,8,262,48,318,0,21,318,48,387,329,0,329,716
01/30/2004,CRG,FL,ASO,ES,Federal Contract Tower,0,19,78,0,97,0,0,241,18,259,0,19,319,18,356,277,0,277,633
01/31/2004,CRG,FL,ASO,ES,Federal Contract Tower,0,2,33,0,35,0,0,215,4,219,0,2,248,4,254,265,0,265,519
02/01/2004,CRG,FL,ASO,ES,Federal Contract Tower,0,2,33,1,36,0,0,13,3,16,0,2,46,4,52,4,0,4,56
02/02/2004,CRG,FL,ASO,ES,Federal Contract Tower,0,17,78,1,96,0,3,18,15,36,0,20,96,16,132,0,0,0,132
02/03/2004,CRG,FL,ASO,ES,Federal Contract Tower,0,21,96,1,118,0,6,97,51,154,0,27,193,52,272,189,4,193,465
02/04/2004,CRG,FL,ASO,ES,Federal Contract Tower,0,20,91,1,112,0,3,265,82,350,0,23,356,83,462,245,2,247,709
02/05/2004,CRG,FL,ASO,ES,Federal Contract Tower,0,17,78,1,96,0,10,191,45,246,0,27,269,46,342,179,0,179,521
02/06/2004,CRG,FL,ASO,ES,Federal Contract Tower,0,13,59,1,73,0,9,114,39,162,0,22,173,40,235,165,0,165,400
02/07/2004,CRG,FL,ASO,ES,Federal Contract Tower,0,7,50,1,58,0,0,168,3,171,0,7,218,4,229,256,0,256,485
02/08/2004,CRG,FL,ASO,ES,Federal Contract Tower,0,1,31,1,33,0,0,156,1,157,0,1,187,2,190,193,0,193,383
02/09/2004,CRG,FL,ASO,ES,Federal Contract Tower,0,15,72,1,88,0,5,182,115,302,0,20,254,116,390,252,2,254,644
02/10/2004,CRG,FL,ASO,ES,Federal Contract Tower,0,16,74,1,91,0,13,175,59,247,0,29,249,60,338,306,10,316,654
02/11/2004,CRG,FL,ASO,ES,Federal Contract Tower,0,22,101,1,124,0,0,11,11,22,0,22,112,12,146,0,0,0,146
02/12/2004,CRG,FL,ASO,ES,Federal Contract Tower,0,18,83,0,101,0,9,28,28,65,0,27,111,28,166,78,0,78,244
02/13/2004,CRG,FL,ASO,ES,Federal Contract Tower,0,25,142,0,167,0,0,11,6,17,0,25,153,6,184,0,0,0,184
02/14/2004,CRG,FL,ASO,ES,Federal Contract Tower,0,0,19,0,19,0,0,9,1,10,0,0,28,1,29,0,0,0,29
02/15/2004,CRG,FL,ASO,ES,Federal Contract Tower,0,0,37,0,37,0,0,122,0,122,0,0,159,0,159,119,0,119,278
02/16/2004,CRG,FL,ASO,ES,Federal Contract Tower,0,15,118,0,133,0,0,131,2,133,0,15,249,2,266,187,0,187,453
02/17/2004,CRG,FL,ASO,ES,Federal Contract Tower,0,29,135,0,164,0,1,0,0,1,0,30,135,0,165,0,0,0,165
02/18/2004,CRG,FL,ASO,ES,Federal Contract Tower,0,22,102,0,124,0,8,311,76,395,0,30,413,76,519,304,10,314,833
02/19/2004,CRG,FL,ASO,ES,Federal Contract Tower,0,16,78,0,94,0,13,294,47,354,0,29,372,47,448,244,3,247,695
02/20/2004,CRG,FL,ASO,ES,Federal Contract Tower,0,21,99,0,120,0,4,243,24,271,0,25,342,24,391,220,0,220,611
02/21/2004,CRG,FL,ASO,ES,Federal Contract Tower,0,4,37,0,41,0,0,167,0,167,0,4,204,0,208,169,0,169,377
02/22/2004,CRG,FL,ASO,ES,Federal Contract Tower,0,2,57,0,59,0,0,239,12,251,0,2,296,12,310,234,0,234,544
02/23/2004,CRG,FL,ASO,ES,Federal Contract Tower,0,17,78,0,95,0,4,220,79,303,0,21,298,79,398,215,6,221,619
02/24/2004,CRG,FL,ASO,ES,Federal Contract Tower,0,13,61,0,74,0,11,2,0,13,0,24,63,0,87,0,0,0,87
02/25/2004,CRG,FL,ASO,ES,Federal Contract Tower,0,13,58,0,71,0,14,0,2,16,0,27,58,2,87,0,0,0,87
02/26/2004,CRG,FL,ASO,ES,Federal Contract Tower,0,26,116,0,142,0,4,0,70,74,0,30,116,70,216,56,0,56,272
02/27/2004,CRG,FL,ASO,ES,Federal Contract Tower,0,23,116,0,139,0,0,32,34,66,0,23,148,34,205,140,0,140,345
02/28/2004,CRG,FL,ASO,ES,Federal Contract Tower,0,3,53,0,56,0,0,237,14,251,0,3,290,14,307,137,0,137,444
02/29/2004,CRG,FL,ASO,ES,Federal Contract Tower,0,4,59,0,63,0,0,253,0,253,0,4,312,0,316,232,0,232,548
03/01/2004,CRG,FL,ASO,ES,Federal Contract Tower,0,16,67,0,83,0,7,214,39,260,0,23,281,39,343,221,6,227,570
03/02/2004,CRG,FL,ASO,ES,Federal Contract Tower,0,20,83,0,103,0,4,215,68,287,0,24,298,68,390,336,0,336,726
03/03/2004,CRG,FL,ASO,ES,Federal Contract Tower,0,21,84,0,105,0,7,282,50,339,0,28,366,50,444,321,10,331,775
03/04/2004,CRG,FL,ASO,ES,Federal Contract Tower,0,23,94,0,117,0,8,230,66,304,0,31,324,66,421,352,2,354,775
03/05/2004,CRG,FL,ASO,ES,Federal Contract Tower,0,21,84,0,105,0,2,178,20,200,0,23,262,20,305,153,0,153,458
03/06/2004,CRG,FL,ASO,ES,Federal Contract Tower,0,2,50,0,52,0,0,100,7,107,0,2,150,7,159,91,2,93,252
03/07/2004,CRG,FL,ASO,ES,Federal Contract Tower,0,3,51,0,54,0,0,236,2,238,0,3,287,2,292,196,0,196,488
03/08/2004,CRG,FL,ASO,ES,Federal Contract Tower,0,17,71,0,88,0,6,211,50,267,0,23,282,50,355,128,0,128,483
03/09/2004,CRG,FL,ASO,ES,Federal Contract Tower,0,17,70,0,87,0,3,206,82,291,0,20,276,82,378,180,0,180,558
03/10/2004,CRG,FL,ASO,ES,Federal Contract Tower,0,21,85,0,106,0,1,153,98,252,0,22,238,98,358,199,0,199,557
03/11/2004,CRG,FL,ASO,ES,Federal Contract Tower,0,19,84,1,104,0,9,215,41,265,0,28,299,42,369,247,0,247,616
03/12/2004,CRG,FL,ASO,ES,Federal Contract Tower,0,18,79,1,98,0,5,249,17,271,0,23,328,18,369,93,0,93,462
03/13/2004,CRG,FL,ASO,ES,Federal Contract Tower,0,6,62,1,69,0,0,207,6,213,0,6,269,7,282,7,0,7,289
03/14/2004,CRG,FL,ASO,ES,Federal Contract Tower,0,2,37,0,39,0,0,232,0,232,0,2,269,0,271,42,0,42,313
03/15/2004,CRG,FL,ASO,ES,Federal Contract Tower,0,17,74,1,92,0,9,142,47,198,0,26,216,48,290,52,0,52,342
03/16/2004,CRG,FL,ASO,ES,Federal Contract Tower,0,20,84,1,105,0,14,61,19,94,0,34,145,20,199,66,0,66,265
03/17/2004,CRG,FL,ASO,ES,Federal Contract Tower,0,17,76,0,93,0,9,215,26,250,0,26,291,26,343,24,2,26,369
03/18/2004,CRG,FL,ASO,ES,Federal Contract Tower,0,17,74,0,91,0,8,221,30,259,0,25,295,30,350,81,0,81,431
03/19/2004,CRG,FL,ASO,ES,Federal Contract Tower,0,19,81,0,100,0,8,208,30,246,0,27,289,30,346,99,0,99,445
03/20/2004,CRG,FL,ASO,ES,Federal Contract Tower,0,12,60,0,72,0,0,172,14,186,0,12,232,14,258,107,0,107,365
03/21/2004,CRG,FL,ASO,ES,Federal Contract Tower,0,11,51,0,62,0,1,218,6,225,0,12,269,6,287,82,0,82,369
03/22/2004,CRG,FL,ASO,ES,Federal Contract Tower,0,15,68,0,83,0,11,197,58,266,0,26,265,58,349,107,0,107,456
03/23/2004,CRG,FL,ASO,ES,Federal Contract Tower,0,20,88,0,108,0,9,166,149,324,0,29,254,149,432,138,6,144,576
03/24/2004,CRG,FL,ASO,ES,Federal Contract Tower,0,23,113,0,136,0,0,181,102,283,0,23,294,102,419,202,0,202,621
03/25/2004,CRG,FL,ASO,ES,Federal Contract Tower,0,21,89,0,110,0,0,217,74,291,0,21,306,74,401,175,0,175,576
03/26/2004,CRG,FL,ASO,ES,Federal Contract Tower,0,22,94,0,116,0,1,168,32,201,0,23,262,32,317,112,0,112,429
03/27/2004,CRG,FL,ASO,ES,Federal Contract Tower,0,3,35,0,38,0,0,182,8,190,0,3,217,8,228,237,0,237,465
03/28/2004,CRG,FL,ASO,ES,Federal Contract Tower,0,4,41,0,45,0,0,207,8,215,0,4,248,8,260,183,6,189,449
03/29/2004,CRG,FL,ASO,ES,Federal Contract Tower,0,21,94,0,115,0,4,206,54,264,0,25,300,54,379,220,0,220,599
03/30/2004,CRG,FL,ASO,ES,Federal Contract Tower,0,20,88,0,108,0,5,214,54,273,0,25,302,54,381,217,0,217,598
03/31/2004,CRG,FL,ASO,ES,Federal Contract Tower,0,24,102,0,126,0,2,218,38,258,0,26,320,38,384,164,0,164,548
04/01/2004,CRG,FL,ASO,ES,Federal Contract Tower,0,21,89,0,110,0,5,176,38,219,0,26,265,38,329,34,0,34,363
04/02/2004,CRG,FL,ASO,ES,Federal Contract Tower,0,23,103,0,126,0,0,204,14,218,0,23,307,14,344,61,0,61,405
04/03/2004,CRG,FL,ASO,ES,Federal Contract Tower,0,2,61,0,63,0,0,220,6,226,0,2,281,6,289,71,0,71,360
04/04/2004,CRG,FL,ASO,ES,Federal Contract Tower,0,8,63,0,71,0,0,187,10,197,0,8,250,10,268,179,0,179,447
04/05/2004,CRG,FL,ASO,ES,Federal Contract Tower,0,19,82,0,101,0,0,249,54,303,0,19,331,54,404,114,0,114,518
04/06/2004,CRG,FL,ASO,ES,Federal Contract Tower,0,17,70,0,87,0,6,151,68,225,0,23,221,68,312,214,6,220,532
04/07/2004,CRG,FL,ASO,ES,Federal Contract Tower,0,23,114,0,137,0,0,195,34,229,0,23,309,34,366,253,8,261,627
04/08/2004,CRG,FL,ASO,ES,Federal Contract Tower,0,20,86,0,106,0,12,39,28,79,0,32,125,28,185,69,4,73,258
04/09/2004,CRG,FL,ASO,ES,Federal Contract Tower,0,22,93,0,115,0,5,192,6,203,0,27,285,6,318,266,0,266,584
04/10/2004,CRG,FL,ASO,ES,Federal Contract Tower,0,1,41,0,42,0,0,234,2,236,0,1,275,2,278,267,0,267,545
04/11/2004,CRG,FL,ASO,ES,Federal Contract Tower,0,6,45,0,51,0,0,154,0,154,0,6,199,0,205,123,0,123,328
04/12/2004,CRG,FL,ASO,ES,Federal Contract Tower,0,21,90,0,111,0,1,106,30,137,0,22,196,30,248,243,0,243,491
04/13/2004,CRG,FL,ASO,ES,Federal Contract Tower,0,16,64,0,80,0,5,69,40,114,0,21,133,40,194,169,0,169,363
04/14/2004,CRG,FL,ASO,ES,Federal Contract Tower,0,17,73,0,90,0,4,121,64,189,0,21,194,64,279,80,16,96,375
04/15/2004,CRG,FL,ASO,ES,Federal Contract Tower,0,23,99,0,122,0,6,209,113,328,0,29,308,113,450,213,0,213,663
04/16/2004,CRG,FL,ASO,ES,Federal Contract Tower,0,20,85,0,105,0,10,209,28,247,0,30,294,28,352,243,2,245,597
04/17/2004,CRG,FL,ASO,ES,Federal Contract Tower,0,5,32,1,38,0,0,236,19,255,0,5,268,20,293,177,0,177,470
04/18/2004,CRG,FL,ASO,ES,Federal Contract Tower,0,6,51,1,58,0,0,222,3,225,0,6,273,4,283,232,0,232,515
04/19/2004,CRG,FL,ASO,ES,Federal Contract Tower,0,15,69,0,84,0,5,225,42,272,0,20,294,42,356,184,4,188,544
04/20/2004,CRG,FL,ASO,ES,Federal Contract Tower,0,19,87,0,106,0,6,228,40,274,0,25,315,40,380,329,0,329,709
04/21/2004,CRG,FL,ASO,ES,Federal Contract Tower,0,21,92,0,113,0,14,247,24,285,0,35,339,24,398,250,0,250,648
04/22/2004,CRG,FL,ASO,ES,Federal Contract Tower,0,15,68,0,83,0,13,201,40,254,0,28,269,40,337,198,0,198,535
04/23/2004,CRG,FL,ASO,ES,Federal Contract Tower,0,19,87,0,106,0,5,232,18,255,0,24,319,18,361,150,0,150,511
04/24/2004,CRG,FL,ASO,ES,Federal Contract Tower,0,1,31,0,32,0,0,226,2,228,0,1,257,2,260,217,0,217,477
04/25/2004,CRG,FL,ASO,ES,Federal Contract Tower,0,5,48,0,53,0,0,156,4,160,0,5,204,4,213,211,0,211,424
04/26/2004,CRG,FL,ASO,ES,Federal Contract Tower,0,16,70,0,86,0,6,173,27,206,0,22,243,27,292,184,4,188,480
04/27/2004,CRG,FL,ASO,ES,Federal Contract Tower,0,16,72,0,88,0,6,203,42,251,0,22,275,42,339,272,0,272,611
04/28/2004,CRG,FL,ASO,ES,Federal Contract Tower,0,23,104,0,127,0,4,282,120,406,0,27,386,120,533,253,2,255,788
04/29/2004,CRG,FL,ASO,ES,Federal Contract Tower,0,22,98,0,120,0,9,185,54,248,0,31,283,54,368,260,0,260,628
04/30/2004,CRG,FL,ASO,ES,Federal Contract Tower,0,19,83,0,102,0,4,63,10,77,0,23,146,10,179,64,0,64,243
05/01/2004,CRG,FL,ASO,ES,Federal Contract Tower,0,3,36,0,39,0,0,63,0,63,0,3,99,0,102,94,0,94,196
05/02/2004,CRG,FL,ASO,ES,Federal Contract Tower,0,6,59,0,65,0,0,103,6,109,0,6,162,6,174,266,0,266,440
05/03/2004,CRG,FL,ASO,ES,Federal Contract Tower,0,20,97,0,117,0,4,128,44,176,0,24,225,44,293,91,0,91,384
05/04/2004,CRG,FL,ASO,ES,Federal Contract Tower,0,17,82,0,99,0,8,204,160,372,0,25,286,160,471,229,0,229,700
05/05/2004,CRG,FL,ASO,ES,Federal Contract Tower,0,19,95,0,114,0,4,225,70,299,0,23,320,70,413,283,2,285,698
05/06/2004,CRG,FL,ASO,ES,Federal Contract Tower,0,17,81,0,98,0,5,241,22,268,0,22,322,22,366,210,0,210,576
05/07/2004,CRG,FL,ASO,ES,Federal Contract Tower,0,17,82,0,99,0,7,195,0,202,0,24,277,0,301,172,0,172,473
05/08/2004,CRG,FL,ASO,ES,Federal Contract Tower,0,2,38,0,40,0,0,172,4,176,0,2,210,4,216,143,0,143,359
05/09/2004,CRG,FL,ASO,ES,Federal Contract Tower,0,1,35,0,36,0,0,167,2,169,0,1,202,2,205,195,0,195,400
05/10/2004,CRG,FL,ASO,ES,Federal Contract Tower,0,16,80,0,96,0,14,214,82,310,0,30,294,82,406,187,0,187,593
05/11/2004,CRG,FL,ASO,ES,Federal Contract Tower,0,22,109,0,131,0,4,151,67,222,0,26,260,67,353,203,2,205,558
05/12/2004,CRG,FL,ASO,ES,Federal Contract Tower,0,19,94,0,113,0,7,155,52,214,0,26,249,52,327,191,0,191,518
05/13/2004,CRG,FL,ASO,ES,Federal Contract Tower,0,16,77,0,93,0,4,186,46,236,0,20,263,46,329,193,0,193,522
05/14/2004,CRG,FL,ASO,ES,Federal Contract Tower,0,17,85,0,102,0,6,214,14,234,0,23,299,14,336,139,0,139,475
05/15/2004,CRG,FL,ASO,ES,Federal Contract Tower,0,3,43,0,46,0,0,168,12,180,0,3,211,12,226,152,0,152,378
05/16/2004,CRG,FL,ASO,ES,Federal Contract Tower,0,1,46,0,47,0,0,178,2,180,0,1,224,2,227,214,0,214,441
05/17/2004,CRG,FL,ASO,ES,Federal Contract Tower,0,16,86,0,102,0,9,169,89,267,0,25,255,89,369,190,2,192,561
05/18/2004,CRG,FL,ASO,ES,Federal Contract Tower,0,19,96,0,115,0,11,214,60,285,0,30,310,60,400,161,2,163,563
05/19/2004,CRG,FL,ASO,ES,Federal Contract Tower,0,20,101,0,121,0,5,275,42,322,0,25,376,42,443,249,0,249,692
05/20/2004,CRG,FL,ASO,ES,Federal Contract Tower,0,21,106,0,127,0,1,208,60,269,0,22,314,60,396,220,2,222,618
05/21/2004,CRG,FL,ASO,ES,Federal Contract Tower,0,18,91,0,109,0,13,182,12,207,0,31,273,12,316,217,0,217,533
05/22/2004,CRG,FL,ASO,ES,Federal Contract Tower,0,3,38,0,41,0,0,201,0,201,0,3,239,0,242,196,0,196,438
05/23/2004,CRG,FL,ASO,ES,Federal Contract Tower,0,4,36,0,40,0,0,233,0,233,0,4,269,0,273,241,0,241,514
05/24/2004,CRG,FL,ASO,ES,Federal Contract Tower,0,13,70,0,83,0,11,199,22,232,0,24,269,22,315,235,0,235,550
05/25/2004,CRG,FL,ASO,ES,Federal Contract Tower,0,17,91,0,108,0,11,207,36,254,0,28,298,36,362,236,0,236,598
05/26/2004,CRG,FL,ASO,ES,Federal Contract Tower,0,14,76,0,90,0,9,252,23,284,0,23,328,23,374,248,0,248,622
05/27/2004,CRG,FL,ASO,ES,Federal Contract Tower,0,15,78,0,93,0,9,204,36,249,0,24,282,36,342,223,0,223,565
05/28/2004,CRG,FL,ASO,ES,Federal Contract Tower,0,17,86,0,103,0,5,171,4,180,0,22,257,4,283,100,0,100,383
05/29/2004,CRG,FL,ASO,ES,Federal Contract Tower,0,1,31,0,32,0,0,170,0,170,0,1,201,0,202,158,0,158,360
05/30/2004,CRG,FL,ASO,ES,Federal Contract Tower,0,4,28,0,32,0,0,144,0,144,0,4,172,0,176,157,0,157,333
05/31/2004,CRG,FL,ASO,ES,Federal Contract Tower,0,6,32,0,38,0,0,132,0,132,0,6,164,0,170,109,0,109,279
06/01/2004,CRG,FL,ASO,ES,Federal Contract Tower,0,22,85,0,107,0,2,119,8,129,0,24,204,8,236,81,0,81,317
06/02/2004,CRG,FL,ASO,ES,Federal Contract Tower,0,20,78,0,98,0,3,127,22,152,0,23,205,22,250,168,2,170,420
06/03/2004,CRG,FL,ASO,ES,Federal Contract Tower,0,20,78,0,98,0,1,150,36,187,0,21,228,36,285,181,0,181,466
06/04/2004,CRG,FL,ASO,ES,Federal Contract Tower,0,16,59,0,75,0,2,158,4,164,0,18,217,4,239,198,0,198,437
06/05/2004,CRG,FL,ASO,ES,Federal Contract Tower,0,3,46,0,49,0,0,193,6,199,0,3,239,6,248,154,0,154,402
06/06/2004,CRG,FL,ASO,ES,Federal Contract Tower,0,4,38,0,42,0,0,132,14,146,0,4,170,14,188,108,0,108,296
06/07/2004,CRG,FL,ASO,ES,Federal Contract Tower,0,18,70,0,88,0,4,148,60,212,0,22,218,60,300,184,4,188,488
06/08/2004,CRG,FL,ASO,ES,Federal Contract Tower,0,21,78,0,99,0,7,199,62,268,0,28,277,62,367,194,6,200,567
06/09/2004,CRG,FL,ASO,ES,Federal Contract Tower,0,20,78,0,98,0,3,144,48,195,0,23,222,48,293,286,0,286,579
06/10/2004,CRG,FL,ASO,ES,Federal Contract Tower,0,22,82,0,104,0,3,170,42,215,0,25,252,42,319,303,18,321,640
06/11/2004,CRG,FL,ASO,ES,Federal Contract Tower,0,17,66,0,83,0,5,189,14,208,0,22,255,14,291,248,0,248,539
06/12/2004,CRG,FL,ASO,ES,Federal Contract Tower,0,2,37,0,39,0,0,194,10,204,0,2,231,10,243,158,0,158,401
06/13/2004,CRG,FL,ASO,ES,Federal Contract Tower,0,6,36,0,42,0,0,162,2,164,0,6,198,2,206,177,0,177,383
06/14/2004,CRG,FL,ASO,ES,Federal Contract Tower,0,20,74,0,94,0,4,97,21,122,0,24,171,21,216,106,0,106,322
06/15/2004,CRG,FL,ASO,ES,Federal Contract Tower,0,24,91,0,115,0,1,148,32,181,0,25,239,32,296,237,2,239,535
06/16/2004,CRG,FL,ASO,ES,Federal Contract Tower,0,20,77,0,97,0,4,164,34,202,0,24,241,34,299,301,0,301,600
06/17/2004,CRG,FL,ASO,ES,Federal Contract Tower,0,21,82,0,103,0,4,265,56,325,0,25,347,56,428,248,0,248,676
06/18/2004,CRG,FL,ASO,ES,Federal Contract Tower,0,23,88,0,111,0,2,182,14,198,0,25,270,14,309,178,0,178,487
06/19/2004,CRG,FL,ASO,ES,Federal Contract Tower,0,3,35,0,38,0,0,161,6,167,0,3,196,6,205,101,0,101,306
06/20/2004,CRG,FL,ASO,ES,Federal Contract Tower,0,5,38,0,43,0,0,86,0,86,0,5,124,0,129,157,0,157,286
06/21/2004,CRG,FL,ASO,ES,Federal Contract Tower,0,20,82,0,102,0,5,124,12,141,0,25,206,12,243,179,0,179,422
06/22/2004,CRG,FL,ASO,ES,Federal Contract Tower,0,18,73,0,91,0,6,100,31,137,0,24,173,31,228,221,2,223,451
06/23/2004,CRG,FL,ASO,ES,Federal Contract Tower,0,19,75,0,94,0,8,137,37,182,0,27,212,37,276,289,0,289,565
06/24/2004,CRG,FL,ASO,ES,Federal Contract Tower,0,18,74,0,92,0,3,206,44,253,0,21,280,44,345,238,0,238,583
06/25/2004,CRG,FL,ASO,ES,Federal Contract Tower,0,21,90,0,111,0,0,222,22,244,0,21,312,22,355,172,0,172,527
06/26/2004,CRG,FL,ASO,ES,Federal Contract Tower,0,6,45,0,51,0,0,151,12,163,0,6,196,12,214,141,0,141,355
06/27/2004,CRG,FL,ASO,ES,Federal Contract Tower,0,6,37,0,43,0,0,160,0,160,0,6,197,0,203,152,0,152,355
06/28/2004,CRG,FL,ASO,ES,Federal Contract Tower,0,14,58,0,72,0,12,165,10,187,0,26,223,10,259,175,0,175,434
06/29/2004,CRG,FL,ASO,ES,Federal Contract Tower,0,19,76,0,95,0,10,192,32,234,0,29,268,32,329,244,0,244,573
06/30/2004,CRG,FL,ASO,ES,Federal Contract Tower,0,19,78,0,97,0,9,255,28,292,0,28,333,28,389,229,19,248,637
07/01/2004,CRG,FL,ASO,ES,Federal Contract Tower,0,26,104,0,130,0,1,220,24,245,0,27,324,24,375,151,6,157,532
07/02/2004,CRG,FL,ASO,ES,Federal Contract Tower,0,25,100,0,125,0,2,242,2,246,0,27,342,2,371,110,0,110,481
07/03/2004,CRG,FL,ASO,ES,Federal Contract Tower,0,4,38,0,42,0,0,157,4,161,0,4,195,4,203,134,0,134,337
07/04/2004,CRG,FL,ASO,ES,Federal Contract Tower,0,2,7,0,9,0,0,129,6,135,0,2,136,6,144,161,0,161,305
07/05/2004,CRG,FL,ASO,ES,Federal Contract Tower,0,6,47,0,53,0,0,183,2,185,0,6,230,2,238,218,0,218,456
07/06/2004,CRG,FL,ASO,ES,Federal Contract Tower,0,16,64,0,80,0,14,168,42,224,0,30,232,42,304,216,0,216,520
07/07/2004,CRG,FL,ASO,ES,Federal Contract Tower,0,22,92,0,114,0,2,204,19,225,0,24,296,19,339,204,0,204,543
07/08/2004,CRG,FL,ASO,ES,Federal Contract Tower,0,16,67,0,83,0,5,162,28,195,0,21,229,28,278,116,0,116,394
07/09/2004,CRG,FL,ASO,ES,Federal Contract Tower,0,21,88,0,109,0,0,248,26,274,0,21,336,26,383,244,0,244,627
07/10/2004,CRG,FL,ASO,ES,Federal Contract Tower,0,2,28,0,30,0,0,204,14,218,0,2,232,14,248,205,0,205,453
07/11/2004,CRG,FL,ASO,ES,Federal Contract Tower,0,2,25,0,27,0,0,118,6,124,0,2,143,6,151,101,0,101,252
07/12/2004,CRG,FL,ASO,ES,Federal Contract Tower,0,18,74,0,92,0,11,131,34,176,0,29,205,34,268,296,2,298,566
07/13/2004,CRG,FL,ASO,ES,Federal Contract Tower,0,19,75,0,94,0,2,167,24,193,0,21,242,24,287,236,2,238,525
07/14/2004,CRG,FL,ASO,ES,Federal Contract Tower,0,21,88,0,109,0,14,219,58,291,0,35,307,58,400,281,0,281,681
07/15/2004,CRG,FL,ASO,ES,Federal Contract Tower,0,13,58,1,72,0,11,129,19,159,0,24,187,20,231,218,0,218,449
07/16/2004,CRG,FL,ASO,ES,Federal Contract Tower,0,18,77,1,96,0,10,191,7,208,0,28,268,8,304,167,0,167,471
07/17/2004,CRG,FL,ASO,ES,Federal Contract Tower,0,6,28,0,34,0,0,125,2,127,0,6,153,2,161,104,0,104,265
07/18/2004,CRG,FL,ASO,ES,Federal Contract Tower,0,1,40,0,41,0,0,99,4,103,0,1,139,4,144,106,0,106,250
07/19/2004,CRG,FL,ASO,ES,Federal Contract Tower,0,17,72,0,89,0,4,139,30,173,0,21,211,30,262,167,0,167,429
07/20/2004,CRG,FL,ASO,ES,Federal Contract Tower,0,20,89,0,109,0,0,203,68,271,0,20,292,68,380,306,0,306,686
07/21/2004,CRG,FL,ASO,ES,Federal Contract Tower,0,15,68,0,83,0,7,230,81,318,0,22,298,81,401,332,0,332,733
07/22/2004,CRG,FL,ASO,ES,Federal Contract Tower,0,19,81,0,100,0,3,225,58,286,0,22,306,58,386,259,0,259,645
07/23/2004,CRG,FL,ASO,ES,Federal Contract Tower,0,19,80,0,99,0,0,129,4,133,0,19,209,4,232,210,0,210,442
07/24/2004,CRG,FL,ASO,ES,Federal Contract Tower,0,1,39,0,40,0,0,74,4,78,0,1,113,4,118,143,0,143,261
07/25/2004,CRG,FL,ASO,ES,Federal Contract Tower,0,0,29,0,29,0,0,152,12,164,0,0,181,12,193,100,0,100,293
07/26/2004,CRG,FL,ASO,ES,Federal Contract Tower,0,17,76,0,93,0,4,199,70,273,0,21,275,70,366,137,4,141,507
07/27/2004,CRG,FL,ASO,ES,Federal Contract Tower,0,18,76,0,94,0,9,189,54,252,0,27,265,54,346,217,0,217,563
07/28/2004,CRG,FL,ASO,ES,Federal Contract Tower,0,17,74,0,91,0,8,205,45,258,0,25,279,45,349,225,0,225,574
07/29/2004,CRG,FL,ASO,ES,Federal Contract Tower,0,18,79,0,97,0,2,161,46,209,0,20,240,46,306,151,0,151,457
07/30/2004,CRG,FL,ASO,ES,Federal Contract Tower,0,17,76,0,93,0,2,148,12,162,0,19,224,12,255,194,0,194,449
07/31/2004,CRG,FL,ASO,ES,Federal Contract Tower,0,2,32,0,34,0,0,97,2,99,0,2,129,2,133,113,0,113,246
08/01/2004,CRG,FL,ASO,ES,Federal Contract Tower,0,4,43,0,47,0,0,127,2,129,0,4,170,2,176,76,0,76,252
08/02/2004,CRG,FL,ASO,ES,Federal Contract Tower,0,16,61,0,77,0,6,136,40,182,0,22,197,40,259,97,0,97,356
08/03/2004,CRG,FL,ASO,ES,Federal Contract Tower,0,20,77,0,97,0,4,163,68,235,0,24,240,68,332,172,4,176,508
08/04/2004,CRG,FL,ASO,ES,Federal Contract Tower,0,22,84,0,106,0,7,173,74,254,0,29,257,74,360,114,0,114,474
08/05/2004,CRG,FL,ASO,ES,Federal Contract Tower,0,19,73,0,92,0,2,205,52,259,0,21,278,52,351,156,0,156,507
08/06/2004,CRG,FL,ASO,ES,Federal Contract Tower,0,20,78,0,98,0,4,153,24,181,0,24,231,24,279,111,0,111,390
08/07/2004,CRG,FL,ASO,ES,Federal Contract Tower,0,3,36,0,39,0,0,108,2,110,0,3,144,2,149,117,0,117,266
08/08/2004,CRG,FL,ASO,ES,Federal Contract Tower,0,3,47,0,50,0,0,109,8,117,0,3,156,8,167,148,0,148,315
08/09/2004,CRG,FL,ASO,ES,Federal Contract Tower,0,19,71,0,90,0,7,150,80,237,0,26,221,80,327,231,4,235,562
08/10/2004,CRG,FL,ASO,ES,Federal Contract Tower,0,19,70,0,89,0,4,165,85,254,0,23,235,85,343,136,8,144,487
08/11/2004,CRG,FL,ASO,ES,Federal Contract Tower,0,20,78,0,98,0,3,154,50,207,0,23,232,50,305,135,0,135,440
08/12/2004,CRG,FL,ASO,ES,Federal Contract Tower,0,15,58,0,73,0,9,70,6,85,0,24,128,6,158,92,0,92,250
08/13/2004,CRG,FL,ASO,ES,Federal Contract Tower,0,7,23,0,30,0,5,42,0,47,0,12,65,0,77,27,0,27,104
08/14/2004,CRG,FL,ASO,ES,Federal Contract Tower,0,5,24,0,29,0,0,69,18,87,0,5,93,18,116,106,0,106,222
08/15/2004,CRG,FL,ASO,ES,Federal Contract Tower,0,2,44,0,46,0,0,130,4,134,0,2,174,4,180,115,0,115,295
08/16/2004,CRG,FL,ASO,ES,Federal Contract Tower,0,19,77,1,97,0,4,143,75,222,0,23,220,76,319,186,0,186,505
08/17/2004,CRG,FL,ASO,ES,Federal Contract Tower,0,22,92,0,114,0,0,173,52,225,0,22,265,52,339,183,0,183,522
08/18/2004,CRG,FL,ASO,ES,Federal Contract Tower,0,23,91,0,114,0,4,163,64,231,0,27,254,64,345,148,2,150,495
08/19/2004,CRG,FL,ASO,ES,Federal Contract Tower,0,21,85,0,106,0,3,173,52,228,0,24,258,52,334,292,0,292,626
08/20/2004,CRG,FL,ASO,ES,Federal Contract Tower,0,20,82,0,102,0,5,168,14,187,0,25,250,14,289,123,0,123,412
08/21/2004,CRG,FL,ASO,ES,Federal Contract Tower,0,2,29,0,31,0,0,143,15,158,0,2,172,15,189,118,0,118,307
08/22/2004,CRG,FL,ASO,ES,Federal Contract Tower,0,4,41,0,45,0,0,151,4,155,0,4,192,4,200,187,0,187,387
08/23/2004,CRG,FL,ASO,ES,Federal Contract Tower,0,17,67,0,84,0,10,114,32,156,0,27,181,32,240,152,0,152,392
08/24/2004,CRG,FL,ASO,ES,Federal Contract Tower,0,21,86,0,107,0,7,111,54,172,0,28,197,54,279,142,0,142,421
08/25/2004,CRG,FL,ASO,ES,Federal Contract Tower,0,16,67,0,83,0,11,172,100,283,0,27,239,100,366,237,2,239,605
08/26/2004,CRG,FL,ASO,ES,Federal Contract Tower,0,20,82,0,102,0,9,168,111,288,0,29,250,111,390,204,0,204,594
08/27/2004,CRG,FL,ASO,ES,Federal Contract Tower,0,16,67,0,83,0,7,203,28,238,0,23,270,28,321,302,4,306,627
08/28/2004,CRG,FL,ASO,ES,Federal Contract Tower,0,1,32,0,33,0,0,206,2,208,0,1,238,2,241,220,0,220,461
08/29/2004,CRG,FL,ASO,ES,Federal Contract Tower,0,0,34,0,34,0,0,158,6,164,0,0,192,6,198,218,0,218,416
08/30/2004,CRG,FL,ASO,ES,Federal Contract Tower,0,14,58,0,72,0,4,170,54,228,0,18,228,54,300,216,0,216,516
08/31/2004,CRG,FL,ASO,ES,Federal Contract Tower,0,18,72,0,90,0,2,187,46,235,0,20,259,46,325,227,0,227,552
09/01/2004,CRG,FL,ASO,ES,Federal Contract Tower,0,21,77,0,98,0,2,183,26,211,0,23,260,26,309,257,0,257,566
09/02/2004,CRG,FL,ASO,ES,Federal Contract Tower,0,21,95,0,116,0,0,156,20,176,0,21,251,20,292,86,0,86,378
09/03/2004,CRG,FL,ASO,ES,Federal Contract Tower,0,20,73,0,93,0,3,65,2,70,0,23,138,2,163,42,0,42,205
09/04/2004,CRG,FL,ASO,ES,Federal Contract Tower,0,2,13,0,15,0,0,13,0,13,0,2,26,0,28,27,0,27,55
09/05/2004,CRG,FL,ASO,ES,Federal Contract Tower,0,0,1,0,1,0,0,1,0,1,0,0,2,0,2,0,0,0,2
09/06/2004,CRG,FL,ASO,ES,Federal Contract Tower,0,1,0,0,1,0,0,1,3,4,0,1,1,3,5,0,0,0,5
09/07/2004,CRG,FL,ASO,ES,Federal Contract Tower,0,14,53,0,67,0,14,23,2,39,0,28,76,2,106,0,0,0,106
09/08/2004,CRG,FL,ASO,ES,Federal Contract Tower,0,27,108,0,135,0,0,94,50,144,0,27,202,50,279,56,0,56,335
09/09/2004,CRG,FL,ASO,ES,Federal Contract Tower,0,21,89,0,110,0,0,166,34,200,0,21,255,34,310,113,0,113,423
09/10/2004,CRG,FL,ASO,ES,Federal Contract Tower,0,17,63,0,80,0,5,166,42,213,0,22,229,42,293,130,0,130,423
09/11/2004,CRG,FL,ASO,ES,Federal Contract Tower,0,1,42,0,43,0,0,131,0,131,0,1,173,0,174,145,0,145,319
09/12/2004,CRG,FL,ASO,ES,Federal Contract Tower,0,1,38,0,39,0,0,115,8,123,0,1,153,8,162,130,0,130,292
09/13/2004,CRG,FL,ASO,ES,Federal Contract Tower,0,15,58,0,73,0,13,104,102,219,0,28,162,102,292,159,0,159,451
09/14/2004,CRG,FL,ASO,ES,Federal Contract Tower,0,18,68,0,86,0,12,108,72,192,0,30,176,72,278,117,0,117,395
09/15/2004,CRG,FL,ASO,ES,Federal Contract Tower,0,14,53,0,67,0,14,179,80,273,0,28,232,80,340,224,0,224,564
09/16/2004,CRG,FL,ASO,ES,Federal Contract Tower,0,13,54,0,67,0,0,165,42,207,0,13,219,42,274,261,8,269,543
09/17/2004,CRG,FL,ASO,ES,Federal Contract Tower,0,18,72,0,90,0,2,207,44,253,0,20,279,44,343,226,0,226,569
09/18/2004,CRG,FL,ASO,ES,Federal Contract Tower,0,3,35,0,38,0,0,303,6,309,0,3,338,6,347,210,0,210,557
09/19/2004,CRG,FL,ASO,ES,Federal Contract Tower,0,3,44,0,47,0,0,152,10,162,0,3,196,10,209,273,0,273,482
09/20/2004,CRG,FL,ASO,ES,Federal Contract Tower,0,21,87,0,108,0,0,37,36,73,0,21,124,36,181,0,0,0,181
09/21/2004,CRG,FL,ASO,ES,Federal Contract Tower,0,23,91,0,114,0,2,72,116,190,0,25,163,116,304,88,16,104,408
09/22/2004,CRG,FL,ASO,ES,Federal Contract Tower,0,18,73,0,91,0,3,269,142,414,0,21,342,142,505,265,0,265,770
09/23/2004,CRG,FL,ASO,ES,Federal Contract Tower,0,21,86,0,107,0,3,246,154,403,0,24,332,154,510,263,0,263,773
09/24/2004,CRG,FL,ASO,ES,Federal Contract Tower,0,20,82,0,102,0,2,165,22,189,0,22,247,22,291,216,0,216,507
09/25/2004,CRG,FL,ASO,ES,Federal Contract Tower,0,11,61,0,72,0,0,62,4,66,0,11,123,4,138,48,0,48,186
09/26/2004,CRG,FL,ASO,ES,Federal Contract Tower,0,0,0,0,0,0,0,0,0,0,0,0,0,0,0,0,0,0,0
09/27/2004,CRG,FL,ASO,ES,Federal Contract Tower,0,10,39,0,49,0,10,3,6,19,0,20,42,6,68,10,0,10,78
09/28/2004,CRG,FL,ASO,ES,Federal Contract Tower,0,24,96,0,120,0,0,121,38,159,0,24,217,38,279,110,14,124,403
09/29/2004,CRG,FL,ASO,ES,Federal Contract Tower,0,18,73,0,91,0,6,220,32,258,0,24,293,32,349,204,0,204,553
09/30/2004,CRG,FL,ASO,ES,Federal Contract Tower,0,20,82,0,102,0,7,254,42,303,0,27,336,42,405,291,2,293,698
10/01/2004,CRG,FL,ASO,ES,Federal Contract Tower,0,22,60,0,82,0,1,211,8,220,0,23,271,8,302,314,0,314,616
10/02/2004,CRG,FL,ASO,ES,Federal Contract Tower,0,2,54,0,56,0,2,214,8,224,0,4,268,8,280,253,0,253,533
10/03/2004,CRG,FL,ASO,ES,Federal Contract Tower,0,2,52,0,54,0,0,127,0,127,0,2,179,0,181,186,0,186,367
10/04/2004,CRG,FL,ASO,ES,Federal Contract Tower,0,17,54,0,71,0,2,232,82,316,0,19,286,82,387,401,2,403,790
10/05/2004,CRG,FL,ASO,ES,Federal Contract Tower,0,22,80,0,102,0,2,281,93,376,0,24,361,93,478,261,0,261,739
10/06/2004,CRG,FL,ASO,ES,Federal Contract Tower,0,20,74,0,94,0,2,263,118,383,0,22,337,118,477,362,0,362,839
10/07/2004,CRG,FL,ASO,ES,Federal Contract Tower,0,28,55,3,86,0,0,260,71,331,0,28,315,74,417,306,16,322,739
10/08/2004,CRG,FL,ASO,ES,Federal Contract Tower,0,23,65,0,88,0,2,225,21,248,0,25,290,21,336,301,2,303,639
10/09/2004,CRG,FL,ASO,ES,Federal Contract Tower,0,1,59,0,60,0,0,194,2,196,0,1,253,2,256,213,0,213,469
10/10/2004,CRG,FL,ASO,ES,Federal Contract Tower,0,4,40,0,44,0,0,190,0,190,0,4,230,0,234,319,0,319,553
10/11/2004,CRG,FL,ASO,ES,Federal Contract Tower,0,11,53,0,64,0,0,184,0,184,0,11,237,0,248,227,0,227,475
10/12/2004,CRG,FL,ASO,ES,Federal Contract Tower,0,24,58,0,82,0,1,183,23,207,0,25,241,23,289,261,0,261,550
10/13/2004,CRG,FL,ASO,ES,Federal Contract Tower,0,26,72,0,98,0,2,195,34,231,0,28,267,34,329,227,8,235,564
10/14/2004,CRG,FL,ASO,ES,Federal Contract Tower,0,27,88,0,115,0,0,247,44,291,0,27,335,44,406,302,0,302,708
10/15/2004,CRG,FL,ASO,ES,Federal Contract Tower,0,24,94,0,118,0,3,117,20,140,0,27,211,20,258,203,0,203,461
10/16/2004,CRG,FL,ASO,ES,Federal Contract Tower,0,3,57,0,60,0,0,220,4,224,0,3,277,4,284,197,0,197,481
10/17/2004,CRG,FL,ASO,ES,Federal Contract Tower,0,5,73,0,78,0,0,137,2,139,0,5,210,2,217,213,0,213,430
10/18/2004,CRG,FL,ASO,ES,Federal Contract Tower,0,20,61,0,81,0,1,181,44,226,0,21,242,44,307,285,4,289,596
10/19/2004,CRG,FL,ASO,ES,Federal Contract Tower,0,27,81,0,108,0,4,187,38,229,0,31,268,38,337,337,2,339,676
10/20/2004,CRG,FL,ASO,ES,Federal Contract Tower,0,18,82,0,100,0,5,162,46,213,0,23,244,46,313,353,0,353,666
10/21/2004,CRG,FL,ASO,ES,Federal Contract Tower,0,25,118,0,143,0,0,150,73,223,0,25,268,73,366,186,0,186,552
10/22/2004,CRG,FL,ASO,ES,Federal Contract Tower,0,23,99,0,122,0,0,76,20,96,0,23,175,20,218,212,0,212,430
10/23/2004,CRG,FL,ASO,ES,Federal Contract Tower,0,4,53,0,57,0,0,111,2,113,0,4,164,2,170,81,0,81,251
10/24/2004,CRG,FL,ASO,ES,Federal Contract Tower,0,1,48,0,49,0,0,158,6,164,0,1,206,6,213,209,0,209,422
10/25/2004,CRG,FL,ASO,ES,Federal Contract Tower,0,21,70,0,91,0,3,240,86,329,0,24,310,86,420,375,0,375,795
10/26/2004,CRG,FL,ASO,ES,Federal Contract Tower,0,19,77,0,96,0,4,201,78,283,0,23,278,78,379,323,0,323,702
10/27/2004,CRG,FL,ASO,ES,Federal Contract Tower,0,24,99,0,123,0,0,181,82,263,0,24,280,82,386,470,0,470,856
10/28/2004,CRG,FL,ASO,ES,Federal Contract Tower,0,23,99,0,122,0,0,181,82,263,0,23,280,82,385,470,0,470,855
10/29/2004,CRG,FL,ASO,ES,Federal Contract Tower,0,18,126,2,146,0,1,94,2,97,0,19,220,4,243,14,0,14,257
10/30/2004,CRG,FL,ASO,ES,Federal Contract Tower,0,3,99,0,102,0,0,124,0,124,0,3,223,0,226,178,0,178,404
10/31/2004,CRG,FL,ASO,ES,Federal Contract Tower,0,5,77,0,82,0,0,155,0,155,0,5,232,0,237,161,0,161,398
11/01/2004,CRG,FL,ASO,ES,Federal Contract Tower,0,19,70,1,90,0,3,189,58,250,0,22,259,59,340,296,0,296,636
11/02/2004,CRG,FL,ASO,ES,Federal Contract Tower,0,22,85,0,107,0,1,242,24,267,0,23,327,24,374,438,0,438,812
11/03/2004,CRG,FL,ASO,ES,Federal Contract Tower,0,31,52,0,83,0,1,216,63,280,0,32,268,63,363,373,0,373,736
11/04/2004,CRG,FL,ASO,ES,Federal Contract Tower,0,23,79,0,102,0,2,161,48,211,0,25,240,48,313,306,0,306,619
11/05/2004,CRG,FL,ASO,ES,Federal Contract Tower,0,26,81,0,107,0,5,241,58,304,0,31,322,58,411,357,0,357,768
11/06/2004,CRG,FL,ASO,ES,Federal Contract Tower,0,4,44,0,48,0,0,262,16,278,0,4,306,16,326,258,0,258,584
11/07/2004,CRG,FL,ASO,ES,Federal Contract Tower,0,5,65,0,70,0,0,245,10,255,0,5,310,10,325,282,0,282,607
11/08/2004,CRG,FL,ASO,ES,Federal Contract Tower,0,19,56,0,75,0,8,215,66,289,0,27,271,66,364,349,44,393,757
11/09/2004,CRG,FL,ASO,ES,Federal Contract Tower,0,25,82,0,107,0,4,135,76,215,0,29,217,76,322,275,0,275,597
11/10/2004,CRG,FL,ASO,ES,Federal Contract Tower,0,21,95,0,116,0,3,186,74,263,0,24,281,74,379,291,0,291,670
11/11/2004,CRG,FL,ASO,ES,Federal Contract Tower,0,19,83,0,102,0,0,188,11,199,0,19,271,11,301,318,0,318,619
11/12/2004,CRG,FL,ASO,ES,Federal Contract Tower,0,16,58,0,74,0,0,190,6,196,0,16,248,6,270,360,0,360,630
11/13/2004,CRG,FL,ASO,ES,Federal Contract Tower,0,4,96,0,100,0,0,74,0,74,0,4,170,0,174,46,0,46,220
11/14/2004,CRG,FL,ASO,ES,Federal Contract Tower,0,3,68,0,71,0,0,40,4,44,0,3,108,4,115,40,0,40,155
11/15/2004,CRG,FL,ASO,ES,Federal Contract Tower,0,22,103,0,125,0,1,160,48,209,0,23,263,48,334,259,0,259,593
11/16/2004,CRG,FL,ASO,ES,Federal Contract Tower,0,22,107,0,129,0,1,273,48,322,0,23,380,48,451,418,2,420,871
11/17/2004,CRG,FL,ASO,ES,Federal Contract Tower,0,19,95,0,114,0,6,247,92,345,0,25,342,92,459,432,0,432,891
11/18/2004,CRG,FL,ASO,ES,Federal Contract Tower,0,25,117,0,142,0,3,204,64,271,0,28,321,64,413,384,0,384,797
11/19/2004,CRG,FL,ASO,ES,Federal Contract Tower,0,27,80,0,107,0,2,244,14,260,0,29,324,14,367,333,0,333,700
11/20/2004,CRG,FL,ASO,ES,Federal Contract Tower,0,1,67,0,68,0,0,208,4,212,0,1,275,4,280,253,0,253,533
11/21/2004,CRG,FL,ASO,ES,Federal Contract Tower,0,6,64,0,70,0,0,193,4,197,0,6,257,4,267,246,0,246,513
11/22/2004,CRG,FL,ASO,ES,Federal Contract Tower,0,23,74,0,97,0,0,188,52,240,0,23,262,52,337,347,4,351,688
11/23/2004,CRG,FL,ASO,ES,Federal Contract Tower,0,26,59,1,86,0,4,200,33,237,0,30,259,34,323,270,0,270,593
11/24/2004,CRG,FL,ASO,ES,Federal Contract Tower,0,28,64,0,92,0,1,125,12,138,0,29,189,12,230,180,0,180,410
11/25/2004,CRG,FL,ASO,ES,Federal Contract Tower,0,28,64,0,92,0,1,125,12,138,0,29,189,12,230,180,0,180,410
11/26/2004,CRG,FL,ASO,ES,Federal Contract Tower,0,20,52,0,72,0,4,134,2,140,0,24,186,2,212,90,0,90,302
11/27/2004,CRG,FL,ASO,ES,Federal Contract Tower,0,3,50,0,53,0,1,124,0,125,0,4,174,0,178,177,0,177,355
11/28/2004,CRG,FL,ASO,ES,Federal Contract Tower,0,2,114,0,116,0,1,126,13,140,0,3,240,13,256,123,0,123,379
11/29/2004,CRG,FL,ASO,ES,Federal Contract Tower,0,24,97,0,121,0,4,172,31,207,0,28,269,31,328,288,0,288,616
11/30/2004,CRG,FL,ASO,ES,Federal Contract Tower,0,22,73,0,95,0,1,218,50,269,0,23,291,50,364,253,0,253,617
12/01/2004,CRG,FL,ASO,ES,Federal Contract Tower,0,33,105,0,138,0,2,115,38,155,0,35,220,38,293,246,4,250,543
12/02/2004,CRG,FL,ASO,ES,Federal Contract Tower,0,25,87,2,114,0,3,207,40,250,0,28,294,42,364,244,0,244,608
12/03/2004,CRG,FL,ASO,ES,Federal Contract Tower,0,21,84,0,105,0,4,232,7,243,0,25,316,7,348,306,0,306,654
12/04/2004,CRG,FL,ASO,ES,Federal Contract Tower,0,6,64,0,70,0,0,229,10,239,0,6,293,10,309,324,0,324,633
12/05/2004,CRG,FL,ASO,ES,Federal Contract Tower,0,2,65,0,67,0,0,236,10,246,0,2,301,10,313,203,0,203,516
12/06/2004,CRG,FL,ASO,ES,Federal Contract Tower,0,25,68,0,93,0,1,208,50,259,0,26,276,50,352,259,2,261,613
12/07/2004,CRG,FL,ASO,ES,Federal Contract Tower,0,25,77,0,102,0,0,160,78,238,0,25,237,78,340,181,0,181,521
12/08/2004,CRG,FL,ASO,ES,Federal Contract Tower,0,22,85,0,107,0,5,155,80,240,0,27,240,80,347,260,0,260,607
12/09/2004,CRG,FL,ASO,ES,Federal Contract Tower,0,23,98,0,121,0,3,166,10,179,0,26,264,10,300,156,0,156,456
12/10/2004,CRG,FL,ASO,ES,Federal Contract Tower,0,22,66,0,88,0,1,107,4,112,0,23,173,4,200,90,0,90,290
12/11/2004,CRG,FL,ASO,ES,Federal Contract Tower,0,3,37,0,40,0,0,216,8,224,0,3,253,8,264,138,0,138,402
12/12/2004,CRG,FL,ASO,ES,Federal Contract Tower,0,1,43,0,44,0,0,159,4,163,0,1,202,4,207,212,0,212,419
12/13/2004,CRG,FL,ASO,ES,Federal Contract Tower,0,21,96,1,118,0,6,177,36,219,0,27,273,37,337,130,4,134,471
12/14/2004,CRG,FL,ASO,ES,Federal Contract Tower,0,24,60,1,85,0,8,188,71,267,0,32,248,72,352,301,0,301,653
12/15/2004,CRG,FL,ASO,ES,Federal Contract Tower,0,21,73,0,94,0,5,202,56,263,0,26,275,56,357,177,11,188,545
12/16/2004,CRG,FL,ASO,ES,Federal Contract Tower,0,23,85,0,108,0,4,148,71,223,0,27,233,71,331,170,3,173,504
12/17/2004,CRG,FL,ASO,ES,Federal Contract Tower,0,20,81,0,101,0,0,190,22,212,0,20,271,22,313,238,0,238,551
12/18/2004,CRG,FL,ASO,ES,Federal Contract Tower,0,2,46,0,48,0,0,223,6,229,0,2,269,6,277,175,0,175,452
12/19/2004,CRG,FL,ASO,ES,Federal Contract Tower,0,1,40,0,41,0,0,152,0,152,0,1,192,0,193,153,0,153,346
12/20/2004,CRG,FL,ASO,ES,Federal Contract Tower,0,1,40,0,41,0,0,152,0,152,0,1,192,0,193,153,0,153,346
12/21/2004,CRG,FL,ASO,ES,Federal Contract Tower,0,21,48,0,69,0,7,150,74,231,0,28,198,74,300,214,8,222,522
12/22/2004,CRG,FL,ASO,ES,Federal Contract Tower,0,23,39,0,62,0,1,137,44,182,0,24,176,44,244,134,0,134,378
12/23/2004,CRG,FL,ASO,ES,Federal Contract Tower,0,23,44,0,67,0,1,68,2,71,0,24,112,2,138,21,0,21,159
12/24/2004,CRG,FL,ASO,ES,Federal Contract Tower,0,19,30,0,49,0,4,65,4,73,0,23,95,4,122,85,0,85,207
12/25/2004,CRG,FL,ASO,ES,Federal Contract Tower,0,0,4,0,4,0,0,2,0,2,0,0,6,0,6,0,0,0,6
12/26/2004,CRG,FL,ASO,ES,Federal Contract Tower,0,6,34,0,40,0,5,0,0,5,0,11,34,0,45,0,0,0,45
12/27/2004,CRG,FL,ASO,ES,Federal Contract Tower,0,20,52,0,72,0,3,105,42,150,0,23,157,42,222,95,0,95,317
12/28/2004,CRG,FL,ASO,ES,Federal Contract Tower,0,21,40,0,61,0,1,147,92,240,0,22,187,92,301,135,0,135,436
12/29/2004,CRG,FL,ASO,ES,Federal Contract Tower,0,19,58,0,77,0,6,199,38,243,0,25,257,38,320,143,0,143,463
12/30/2004,CRG,FL,ASO,ES,Federal Contract Tower,0,23,54,0,77,0,4,148,16,168,0,27,202,16,245,190,0,190,435
12/31/2004,CRG,FL,ASO,ES,Federal Contract Tower,0,19,54,0,73,0,0,135,0,135,0,19,189,0,208,206,0,206,414
01/01/2005,CRG,FL,ASO,ES,Federal Contract Tower,0,0,41,0,41,0,0,100,0,100,0,0,141,0,141,102,0,102,243
01/02/2005,CRG,FL,ASO,ES,Federal Contract Tower,0,2,58,0,60,0,0,145,0,145,0,2,203,0,205,226,0,226,431
01/03/2005,CRG,FL,ASO,ES,Federal Contract Tower,0,18,47,0,65,0,3,123,26,152,0,21,170,26,217,157,0,157,374
01/04/2005,CRG,FL,ASO,ES,Federal Contract Tower,0,21,61,0,82,0,2,166,36,204,0,23,227,36,286,128,0,128,414
01/05/2005,CRG,FL,ASO,ES,Federal Contract Tower,0,24,64,0,88,0,0,163,50,213,0,24,227,50,301,214,0,214,515
01/06/2005,CRG,FL,ASO,ES,Federal Contract Tower,0,23,60,0,83,0,2,179,28,209,0,25,239,28,292,191,0,191,483
01/07/2005,CRG,FL,ASO,ES,Federal Contract Tower,0,21,96,0,117,0,3,165,12,180,0,24,261,12,297,254,0,254,551
01/08/2005,CRG,FL,ASO,ES,Federal Contract Tower,0,4,49,0,53,0,0,155,28,183,0,4,204,28,236,314,0,314,550
01/09/2005,CRG,FL,ASO,ES,Federal Contract Tower,0,5,53,0,58,0,1,150,8,159,0,6,203,8,217,266,0,266,483
01/10/2005,CRG,FL,ASO,ES,Federal Contract Tower,0,28,96,0,124,0,5,78,8,91,0,33,174,8,215,99,0,99,314
01/11/2005,CRG,FL,ASO,ES,Federal Contract Tower,0,21,103,0,124,0,2,193,30,225,0,23,296,30,349,219,0,219,568
01/12/2005,CRG,FL,ASO,ES,Federal Contract Tower,0,22,89,0,111,0,4,200,34,238,0,26,289,34,349,269,0,269,618
01/13/2005,CRG,FL,ASO,ES,Federal Contract Tower,0,25,82,0,107,0,0,114,44,158,0,25,196,44,265,104,0,104,369
01/14/2005,CRG,FL,ASO,ES,Federal Contract Tower,0,19,92,0,111,0,6,41,2,49,0,25,133,2,160,56,0,56,216
01/15/2005,CRG,FL,ASO,ES,Federal Contract Tower,0,1,53,0,54,0,0,26,2,28,0,1,79,2,82,9,0,9,91
01/16/2005,CRG,FL,ASO,ES,Federal Contract Tower,0,3,72,0,75,0,0,77,0,77,0,3,149,0,152,89,0,89,241
01/17/2005,CRG,FL,ASO,ES,Federal Contract Tower,0,12,75,0,87,0,1,194,0,195,0,13,269,0,282,266,0,266,548
01/18/2005,CRG,FL,ASO,ES,Federal Contract Tower,0,23,68,0,91,0,3,166,57,226,0,26,234,57,317,182,0,182,499
01/19/2005,CRG,FL,ASO,ES,Federal Contract Tower,0,26,97,0,123,0,2,247,54,303,0,28,344,54,426,313,0,313,739
01/20/2005,CRG,FL,ASO,ES,Federal Contract Tower,0,19,78,0,97,0,1,192,35,228,0,20,270,35,325,323,0,323,648
01/21/2005,CRG,FL,ASO,ES,Federal Contract Tower,0,24,94,0,118,0,0,201,39,240,0,24,295,39,358,453,11,464,822
01/22/2005,CRG,FL,ASO,ES,Federal Contract Tower,0,5,85,0,90,0,0,56,8,64,0,5,141,8,154,103,0,103,257
01/23/2005,CRG,FL,ASO,ES,Federal Contract Tower,0,3,25,0,28,0,1,115,0,116,0,4,140,0,144,234,0,234,378
01/24/2005,CRG,FL,ASO,ES,Federal Contract Tower,0,23,68,0,91,0,5,216,86,307,0,28,284,86,398,228,0,228,626
01/25/2005,CRG,FL,ASO,ES,Federal Contract Tower,0,24,78,0,102,0,2,214,62,278,0,26,292,62,380,316,0,316,696
01/26/2005,CRG,FL,ASO,ES,Federal Contract Tower,0,26,59,0,85,0,4,237,42,283,0,30,296,42,368,275,0,275,643
01/27/2005,CRG,FL,ASO,ES,Federal Contract Tower,0,27,104,0,131,0,1,106,76,183,0,28,210,76,314,123,0,123,437
01/28/2005,CRG,FL,ASO,ES,Federal Contract Tower,0,29,81,3,113,0,2,29,5,36,0,31,110,8,149,12,0,12,161
01/29/2005,CRG,FL,ASO,ES,Federal Contract Tower,0,1,58,0,59,0,1,63,8,72,0,2,121,8,131,136,0,136,267
01/30/2005,CRG,FL,ASO,ES,Federal Contract Tower,0,5,79,2,86,0,1,63,0,64,0,6,142,2,150,146,0,146,296
01/31/2005,CRG,FL,ASO,ES,Federal Contract Tower,0,22,88,0,110,0,1,201,40,242,0,23,289,40,352,175,0,175,527
02/01/2005,CRG,FL,ASO,ES,Federal Contract Tower,0,32,97,0,129,0,7,92,79,178,0,39,189,79,307,252,0,252,559
02/02/2005,CRG,FL,ASO,ES,Federal Contract Tower,0,25,53,0,78,0,0,3,13,16,0,25,56,13,94,0,0,0,94
02/03/2005,CRG,FL,ASO,ES,Federal Contract Tower,0,29,60,0,89,0,0,25,0,25,0,29,85,0,114,41,0,41,155
02/04/2005,CRG,FL,ASO,ES,Federal Contract Tower,0,29,66,0,95,0,4,166,18,188,0,33,232,18,283,245,0,245,528
02/05/2005,CRG,FL,ASO,ES,Federal Contract Tower,0,2,41,0,43,0,0,169,0,169,0,2,210,0,212,186,0,186,398
02/06/2005,CRG,FL,ASO,ES,Federal Contract Tower,0,6,56,0,62,0,1,77,0,78,0,7,133,0,140,52,0,52,192
02/07/2005,CRG,FL,ASO,ES,Federal Contract Tower,0,26,116,0,142,0,10,219,26,255,0,36,335,26,397,271,0,271,668
02/08/2005,CRG,FL,ASO,ES,Federal Contract Tower,0,31,70,0,101,0,0,238,55,293,0,31,308,55,394,352,2,354,748
02/09/2005,CRG,FL,ASO,ES,Federal Contract Tower,0,27,90,2,119,0,2,254,68,324,0,29,344,70,443,328,0,328,771
02/10/2005,CRG,FL,ASO,ES,Federal Contract Tower,0,25,82,2,109,0,4,176,64,244,0,29,258,66,353,260,0,260,613
02/11/2005,CRG,FL,ASO,ES,Federal Contract Tower,0,22,109,2,133,0,1,199,67,267,0,23,308,69,400,276,0,276,676
02/12/2005,CRG,FL,ASO,ES,Federal Contract Tower,0,5,58,0,63,0,0,219,6,225,0,5,277,6,288,210,0,210,498
02/13/2005,CRG,FL,ASO,ES,Federal Contract Tower,0,5,68,0,73,0,0,240,4,244,0,5,308,4,317,229,0,229,546
02/14/2005,CRG,FL,ASO,ES,Federal Contract Tower,0,28,66,1,95,0,1,150,18,169,0,29,216,19,264,292,0,292,556
02/15/2005,CRG,FL,ASO,ES,Federal Contract Tower,0,25,105,0,130,0,0,117,42,159,0,25,222,42,289,176,0,176,465
02/16/2005,CRG,FL,ASO,ES,Federal Contract Tower,0,26,105,0,131,0,2,208,48,258,0,28,313,48,389,173,0,173,562
02/17/2005,CRG,FL,ASO,ES,Federal Contract Tower,0,27,106,2,135,0,6,104,36,146,0,33,210,38,281,86,0,86,367
02/18/2005,CRG,FL,ASO,ES,Federal Contract Tower,0,19,89,0,108,0,8,209,12,229,0,27,298,12,337,120,0,120,457
02/19/2005,CRG,FL,ASO,ES,Federal Contract Tower,0,4,59,0,63,0,2,208,6,216,0,6,267,6,279,182,0,182,461
02/20/2005,CRG,FL,ASO,ES,Federal Contract Tower,0,1,54,0,55,0,0,189,6,195,0,1,243,6,250,111,0,111,361
02/21/2005,CRG,FL,ASO,ES,Federal Contract Tower,0,12,69,0,81,0,2,214,0,216,0,14,283,0,297,107,0,107,404
02/22/2005,CRG,FL,ASO,ES,Federal Contract Tower,0,31,114,0,145,0,2,167,58,227,0,33,281,58,372,157,2,159,531
02/23/2005,CRG,FL,ASO,ES,Federal Contract Tower,0,19,103,0,122,0,2,51,34,87,0,21,154,34,209,90,10,100,309
02/24/2005,CRG,FL,ASO,ES,Federal Contract Tower,0,24,105,0,129,0,7,73,56,136,0,31,178,56,265,81,0,81,346
02/25/2005,CRG,FL,ASO,ES,Federal Contract Tower,0,24,66,3,93,0,3,17,11,31,0,27,83,14,124,0,0,0,124
02/26/2005,CRG,FL,ASO,ES,Federal Contract Tower,0,5,70,0,75,0,0,114,12,126,0,5,184,12,201,124,0,124,325
02/27/2005,CRG,FL,ASO,ES,Federal Contract Tower,0,0,18,0,18,0,0,6,0,6,0,0,24,0,24,0,0,0,24
02/28/2005,CRG,FL,ASO,ES,Federal Contract Tower,0,35,87,0,122,0,2,154,58,214,0,37,241,58,336,114,0,114,450
03/01/2005,CRG,FL,ASO,ES,Federal Contract Tower,0,32,73,2,107,0,4,148,39,191,0,36,221,41,298,43,12,55,353
03/02/2005,CRG,FL,ASO,ES,Federal Contract Tower,0,17,61,0,78,0,0,217,70,287,0,17,278,70,365,2,0,2,367
03/03/2005,CRG,FL,ASO,ES,Federal Contract Tower,0,18,64,0,82,0,4,126,70,200,0,22,190,70,282,2,0,2,284
03/04/2005,CRG,FL,ASO,ES,Federal Contract Tower,0,15,79,0,94,0,2,235,28,265,0,17,314,28,359,6,0,6,365
03/05/2005,CRG,FL,ASO,ES,Federal Contract Tower,0,1,26,0,27,0,0,207,10,217,0,1,233,10,244,8,0,8,252
03/06/2005,CRG,FL,ASO,ES,Federal Contract Tower,0,35,71,0,106,0,2,223,34,259,0,37,294,34,365,118,0,118,483
03/07/2005,CRG,FL,ASO,ES,Federal Contract Tower,0,20,58,0,78,0,3,224,34,261,0,23,282,34,339,0,0,0,339
03/08/2005,CRG,FL,ASO,ES,Federal Contract Tower,0,22,33,0,55,0,7,58,30,95,0,29,91,30,150,0,0,0,150
03/09/2005,CRG,FL,ASO,ES,Federal Contract Tower,0,24,67,0,91,0,5,147,96,248,0,29,214,96,339,18,0,18,357
03/10/2005,CRG,FL,ASO,ES,Federal Contract Tower,0,21,56,0,77,0,1,209,46,256,0,22,265,46,333,9,0,9,342
03/11/2005,CRG,FL,ASO,ES,Federal Contract Tower,0,24,59,0,83,0,1,202,16,219,0,25,261,16,302,14,0,14,316
03/12/2005,CRG,FL,ASO,ES,Federal Contract Tower,0,2,32,0,34,0,0,215,8,223,0,2,247,8,257,116,0,116,373
03/13/2005,CRG,FL,ASO,ES,Federal Contract Tower,0,4,45,0,49,0,0,185,6,191,0,4,230,6,240,80,0,80,320
03/14/2005,CRG,FL,ASO,ES,Federal Contract Tower,0,33,76,0,109,0,3,133,64,200,0,36,209,64,309,190,0,190,499
03/15/2005,CRG,FL,ASO,ES,Federal Contract Tower,0,39,105,0,144,0,1,16,127,144,0,40,121,127,288,5,0,5,293
03/16/2005,CRG,FL,ASO,ES,Federal Contract Tower,0,25,58,0,83,0,3,30,6,39,0,28,88,6,122,17,0,17,139
03/17/2005,CRG,FL,ASO,ES,Federal Contract Tower,0,23,42,0,65,0,0,3,0,3,0,23,45,0,68,0,0,0,68
03/18/2005,CRG,FL,ASO,ES,Federal Contract Tower,0,32,154,0,186,0,2,57,8,67,0,34,211,8,253,61,0,61,314
03/19/2005,CRG,FL,ASO,ES,Federal Contract Tower,0,9,61,0,70,0,2,238,6,246,0,11,299,6,316,182,0,182,498
03/20/2005,CRG,FL,ASO,ES,Federal Contract Tower,0,12,76,0,88,0,1,158,12,171,0,13,234,12,259,200,0,200,459
03/21/2005,CRG,FL,ASO,ES,Federal Contract Tower,0,38,80,0,118,0,1,131,38,170,0,39,211,38,288,135,0,135,423
03/22/2005,CRG,FL,ASO,ES,Federal Contract Tower,0,22,40,0,62,0,6,28,6,40,0,28,68,6,102,55,0,55,157
03/23/2005,CRG,FL,ASO,ES,Federal Contract Tower,0,24,98,0,122,0,3,147,38,188,0,27,245,38,310,123,0,123,433
03/24/2005,CRG,FL,ASO,ES,Federal Contract Tower,0,34,102,0,136,0,5,258,48,311,0,39,360,48,447,277,0,277,724
03/25/2005,CRG,FL,ASO,ES,Federal Contract Tower,0,30,56,0,86,0,1,38,2,41,0,31,94,2,127,94,0,94,221
03/26/2005,CRG,FL,ASO,ES,Federal Contract Tower,0,2,21,0,23,0,0,26,0,26,0,2,47,0,49,43,0,43,92
03/27/2005,CRG,FL,ASO,ES,Federal Contract Tower,0,3,25,0,28,0,0,57,2,59,0,3,82,2,87,95,0,95,182
03/28/2005,CRG,FL,ASO,ES,Federal Contract Tower,0,27,66,0,93,0,7,72,38,117,0,34,138,38,210,25,0,25,235
03/29/2005,CRG,FL,ASO,ES,Federal Contract Tower,0,37,124,0,161,0,4,246,37,287,0,41,370,37,448,205,0,205,653
03/30/2005,CRG,FL,ASO,ES,Federal Contract Tower,0,27,104,0,131,0,2,249,50,301,0,29,353,50,432,160,0,160,592
03/31/2005,CRG,FL,ASO,ES,Federal Contract Tower,0,26,75,0,101,0,2,211,16,229,0,28,286,16,330,185,0,185,515
04/01/2005,CRG,FL,ASO,ES,Federal Contract Tower,0,23,77,0,100,0,0,108,8,116,0,23,185,8,216,185,0,185,401
04/02/2005,CRG,FL,ASO,ES,Federal Contract Tower,0,1,42,0,43,0,1,90,8,99,0,2,132,8,142,33,0,33,175
04/03/2005,CRG,FL,ASO,ES,Federal Contract Tower,0,3,69,0,72,0,0,193,12,205,0,3,262,12,277,99,0,99,376
04/04/2005,CRG,FL,ASO,ES,Federal Contract Tower,0,27,88,0,115,0,4,290,36,330,0,31,378,36,445,261,0,261,706
04/05/2005,CRG,FL,ASO,ES,Federal Contract Tower,0,27,85,0,112,0,6,234,103,343,0,33,319,103,455,339,0,339,794
04/06/2005,CRG,FL,ASO,ES,Federal Contract Tower,0,35,71,0,106,0,2,223,34,259,0,37,294,34,365,118,0,118,483
04/07/2005,CRG,FL,ASO,ES,Federal Contract Tower,0,22,40,0,62,0,1,53,6,60,0,23,93,6,122,7,0,7,129
04/08/2005,CRG,FL,ASO,ES,Federal Contract Tower,0,25,66,0,91,0,6,155,4,165,0,31,221,4,256,397,0,397,653
04/09/2005,CRG,FL,ASO,ES,Federal Contract Tower,0,3,75,0,78,0,0,214,0,214,0,3,289,0,292,161,0,161,453
04/10/2005,CRG,FL,ASO,ES,Federal Contract Tower,0,1,84,0,85,0,1,162,12,175,0,2,246,12,260,227,0,227,487
04/11/2005,CRG,FL,ASO,ES,Federal Contract Tower,0,25,111,0,136,0,2,202,78,282,0,27,313,78,418,233,0,233,651
04/12/2005,CRG,FL,ASO,ES,Federal Contract Tower,0,38,76,0,114,0,5,231,18,254,0,43,307,18,368,152,0,152,520
04/13/2005,CRG,FL,ASO,ES,Federal Contract Tower,0,34,108,0,142,0,8,121,24,153,0,42,229,24,295,180,0,180,475
04/14/2005,CRG,FL,ASO,ES,Federal Contract Tower,0,28,112,0,140,0,6,58,46,110,0,34,170,46,250,82,2,84,334
04/15/2005,CRG,FL,ASO,ES,Federal Contract Tower,0,33,83,0,116,0,1,205,22,228,0,34,288,22,344,200,0,200,544
04/16/2005,CRG,FL,ASO,ES,Federal Contract Tower,0,7,34,0,41,0,2,194,16,212,0,9,228,16,253,238,0,238,491
04/17/2005,CRG,FL,ASO,ES,Federal Contract Tower,0,3,62,0,65,0,1,159,10,170,0,4,221,10,235,165,0,165,400
04/18/2005,CRG,FL,ASO,ES,Federal Contract Tower,0,27,96,0,123,0,4,232,94,330,0,31,328,94,453,302,0,302,755
04/19/2005,CRG,FL,ASO,ES,Federal Contract Tower,0,26,108,0,134,0,3,209,79,291,0,29,317,79,425,182,0,182,607
04/20/2005,CRG,FL,ASO,ES,Federal Contract Tower,0,38,104,0,142,0,2,211,44,257,0,40,315,44,399,255,0,255,654
04/21/2005,CRG,FL,ASO,ES,Federal Contract Tower,0,28,96,0,124,0,9,220,80,309,0,37,316,80,433,270,0,270,703
04/22/2005,CRG,FL,ASO,ES,Federal Contract Tower,0,26,91,0,117,0,3,154,8,165,0,29,245,8,282,185,0,185,467
04/23/2005,CRG,FL,ASO,ES,Federal Contract Tower,0,3,35,0,38,0,0,74,8,82,0,3,109,8,120,131,0,131,251
04/24/2005,CRG,FL,ASO,ES,Federal Contract Tower,0,1,64,0,65,0,0,110,2,112,0,1,174,2,177,99,0,99,276
04/25/2005,CRG,FL,ASO,ES,Federal Contract Tower,0,26,82,0,108,0,6,184,30,220,0,32,266,30,328,199,0,199,527
04/26/2005,CRG,FL,ASO,ES,Federal Contract Tower,0,26,75,0,101,0,4,96,19,119,0,30,171,19,220,181,0,181,401
04/27/2005,CRG,FL,ASO,ES,Federal Contract Tower,0,34,74,0,108,0,0,155,50,205,0,34,229,50,313,188,4,192,505
04/28/2005,CRG,FL,ASO,ES,Federal Contract Tower,0,35,100,0,135,0,0,215,50,265,0,35,315,50,400,213,2,215,615
04/29/2005,CRG,FL,ASO,ES,Federal Contract Tower,0,24,86,0,110,0,3,175,10,188,0,27,261,10,298,252,0,252,550
04/30/2005,CRG,FL,ASO,ES,Federal Contract Tower,0,2,38,0,40,0,0,74,0,74,0,2,112,0,114,102,0,102,216
05/01/2005,CRG,FL,ASO,ES,Federal Contract Tower,0,3,42,0,45,0,0,77,0,77,0,3,119,0,122,156,0,156,278
05/02/2005,CRG,FL,ASO,ES,Federal Contract Tower,0,36,69,0,105,0,2,156,80,238,0,38,225,80,343,200,0,200,543
05/03/2005,CRG,FL,ASO,ES,Federal Contract Tower,0,32,85,0,117,0,3,198,106,307,0,35,283,106,424,205,0,205,629
05/04/2005,CRG,FL,ASO,ES,Federal Contract Tower,0,34,80,0,114,0,1,98,98,197,0,35,178,98,311,148,0,148,459
05/05/2005,CRG,FL,ASO,ES,Federal Contract Tower,0,35,57,0,92,0,6,12,54,72,0,41,69,54,164,9,0,9,173
05/06/2005,CRG,FL,ASO,ES,Federal Contract Tower,0,32,110,0,142,0,2,85,8,95,0,34,195,8,237,209,0,209,446
05/07/2005,CRG,FL,ASO,ES,Federal Contract Tower,0,4,63,0,67,0,0,187,6,193,0,4,250,6,260,193,0,193,453
05/08/2005,CRG,FL,ASO,ES,Federal Contract Tower,0,7,66,0,73,0,0,147,16,163,0,7,213,16,236,197,0,197,433
05/09/2005,CRG,FL,ASO,ES,Federal Contract Tower,0,30,89,0,119,0,3,182,38,223,0,33,271,38,342,188,0,188,530
05/10/2005,CRG,FL,ASO,ES,Federal Contract Tower,0,31,108,0,139,0,4,243,56,303,0,35,351,56,442,265,0,265,707
05/11/2005,CRG,FL,ASO,ES,Federal Contract Tower,0,37,95,0,132,0,1,216,82,299,0,38,311,82,431,267,0,267,698
05/12/2005,CRG,FL,ASO,ES,Federal Contract Tower,0,33,100,1,134,0,6,155,71,232,0,39,255,72,366,265,0,265,631
05/13/2005,CRG,FL,ASO,ES,Federal Contract Tower,0,32,99,0,131,0,5,146,6,157,0,37,245,6,288,262,0,262,550
05/14/2005,CRG,FL,ASO,ES,Federal Contract Tower,0,1,49,0,50,0,0,209,12,221,0,1,258,12,271,236,0,236,507
05/15/2005,CRG,FL,ASO,ES,Federal Contract Tower,0,2,40,0,42,0,0,175,8,183,0,2,215,8,225,200,4,204,429
05/16/2005,CRG,FL,ASO,ES,Federal Contract Tower,0,28,63,0,91,0,1,155,28,184,0,29,218,28,275,280,0,280,555
05/17/2005,CRG,FL,ASO,ES,Federal Contract Tower,0,28,76,0,104,0,1,151,16,168,0,29,227,16,272,374,10,384,656
05/18/2005,CRG,FL,ASO,ES,Federal Contract Tower,0,30,109,0,139,0,5,163,93,261,0,35,272,93,400,479,0,479,879
05/19/2005,CRG,FL,ASO,ES,Federal Contract Tower,0,29,68,0,97,0,8,216,54,278,0,37,284,54,375,378,0,378,753
05/20/2005,CRG,FL,ASO,ES,Federal Contract Tower,0,31,72,0,103,0,2,174,32,208,0,33,246,32,311,265,0,265,576
05/21/2005,CRG,FL,ASO,ES,Federal Contract Tower,0,1,54,0,55,0,0,61,6,67,0,1,115,6,122,65,0,65,187
05/22/2005,CRG,FL,ASO,ES,Federal Contract Tower,0,1,63,0,64,0,0,221,8,229,0,1,284,8,293,315,0,315,608
05/23/2005,CRG,FL,ASO,ES,Federal Contract Tower,0,30,71,0,101,0,5,157,44,206,0,35,228,44,307,101,0,101,408
05/24/2005,CRG,FL,ASO,ES,Federal Contract Tower,0,40,71,0,111,0,3,158,46,207,0,43,229,46,318,232,0,232,550
05/25/2005,CRG,FL,ASO,ES,Federal Contract Tower,0,29,85,0,114,0,10,170,68,248,0,39,255,68,362,253,0,253,615
05/26/2005,CRG,FL,ASO,ES,Federal Contract Tower,0,25,90,2,117,0,11,174,32,217,0,36,264,34,334,359,0,359,693
05/27/2005,CRG,FL,ASO,ES,Federal Contract Tower,0,38,86,0,124,0,5,151,10,166,0,43,237,10,290,224,0,224,514
05/28/2005,CRG,FL,ASO,ES,Federal Contract Tower,0,4,47,0,51,0,0,160,4,164,0,4,207,4,215,195,0,195,410
05/29/2005,CRG,FL,ASO,ES,Federal Contract Tower,0,0,52,0,52,0,0,183,4,187,0,0,235,4,239,186,0,186,425
05/30/2005,CRG,FL,ASO,ES,Federal Contract Tower,0,4,53,0,57,0,0,134,4,138,0,4,187,4,195,141,0,141,336
05/31/2005,CRG,FL,ASO,ES,Federal Contract Tower,0,30,63,0,93,0,0,41,30,71,0,30,104,30,164,81,0,81,245
06/01/2005,CRG,FL,ASO,ES,Federal Contract Tower,0,33,70,0,103,0,5,112,48,165,0,38,182,48,268,166,22,188,456
06/02/2005,CRG,FL,ASO,ES,Federal Contract Tower,0,35,78,0,113,0,1,159,32,192,0,36,237,32,305,270,0,270,575
06/03/2005,CRG,FL,ASO,ES,Federal Contract Tower,0,28,73,0,101,0,4,154,16,174,0,32,227,16,275,160,0,160,435
06/04/2005,CRG,FL,ASO,ES,Federal Contract Tower,0,2,54,0,56,0,0,168,14,182,0,2,222,14,238,206,0,206,444
06/05/2005,CRG,FL,ASO,ES,Federal Contract Tower,0,2,62,0,64,0,0,163,4,167,0,2,225,4,231,176,0,176,407
06/06/2005,CRG,FL,ASO,ES,Federal Contract Tower,0,32,66,0,98,0,1,204,32,237,0,33,270,32,335,189,0,189,524
06/07/2005,CRG,FL,ASO,ES,Federal Contract Tower,0,32,73,0,105,0,1,168,44,213,0,33,241,44,318,308,0,308,626
06/08/2005,CRG,FL,ASO,ES,Federal Contract Tower,0,30,77,0,107,0,13,141,54,208,0,43,218,54,315,304,0,304,619
06/09/2005,CRG,FL,ASO,ES,Federal Contract Tower,0,33,102,0,135,0,4,130,66,200,0,37,232,66,335,223,4,227,562
06/10/2005,CRG,FL,ASO,ES,Federal Contract Tower,0,31,85,0,116,0,13,62,10,85,0,44,147,10,201,229,12,241,442
06/11/2005,CRG,FL,ASO,ES,Federal Contract Tower,0,2,28,0,30,0,0,10,0,10,0,2,38,0,40,41,0,41,81
06/12/2005,CRG,FL,ASO,ES,Federal Contract Tower,0,0,56,0,56,0,0,34,12,46,0,0,90,12,102,56,0,56,158
06/13/2005,CRG,FL,ASO,ES,Federal Contract Tower,0,28,70,0,98,0,1,122,26,149,0,29,192,26,247,208,0,208,455
06/14/2005,CRG,FL,ASO,ES,Federal Contract Tower,0,30,67,0,97,0,3,170,34,207,0,33,237,34,304,266,0,266,570
06/15/2005,CRG,FL,ASO,ES,Federal Contract Tower,0,27,84,0,111,0,3,192,44,239,0,30,276,44,350,310,0,310,660
06/16/2005,CRG,FL,ASO,ES,Federal Contract Tower,0,31,91,0,122,0,5,214,50,269,0,36,305,50,391,264,10,274,665
06/17/2005,CRG,FL,ASO,ES,Federal Contract Tower,0,30,63,0,93,0,3,180,14,197,0,33,243,14,290,317,0,317,607
06/18/2005,CRG,FL,ASO,ES,Federal Contract Tower,0,4,45,0,49,0,3,88,0,91,0,7,133,0,140,98,0,98,238
06/19/2005,CRG,FL,ASO,ES,Federal Contract Tower,0,3,48,0,51,0,0,101,0,101,0,3,149,0,152,181,0,181,333
06/20/2005,CRG,FL,ASO,ES,Federal Contract Tower,0,30,49,0,79,0,7,165,68,240,0,37,214,68,319,243,0,243,562
06/21/2005,CRG,FL,ASO,ES,Federal Contract Tower,0,27,84,0,111,0,11,118,72,201,0,38,202,72,312,248,2,250,562
06/22/2005,CRG,FL,ASO,ES,Federal Contract Tower,0,33,82,0,115,0,2,217,83,302,0,35,299,83,417,269,0,269,686
06/23/2005,CRG,FL,ASO,ES,Federal Contract Tower,0,30,89,0,119,0,3,163,56,222,0,33,252,56,341,206,0,206,547
06/24/2005,CRG,FL,ASO,ES,Federal Contract Tower,0,26,76,0,102,0,12,137,22,171,0,38,213,22,273,109,0,109,382
06/25/2005,CRG,FL,ASO,ES,Federal Contract Tower,0,2,53,0,55,0,0,15,26,41,0,2,68,26,96,8,0,8,104
06/26/2005,CRG,FL,ASO,ES,Federal Contract Tower,0,6,66,0,72,0,0,86,20,106,0,6,152,20,178,135,0,135,313
06/27/2005,CRG,FL,ASO,ES,Federal Contract Tower,0,29,73,0,102,0,1,101,6,108,0,30,174,6,210,103,0,103,313
06/28/2005,CRG,FL,ASO,ES,Federal Contract Tower,0,29,82,0,111,0,3,52,6,61,0,32,134,6,172,33,0,33,205
06/29/2005,CRG,FL,ASO,ES,Federal Contract Tower,0,31,85,0,116,0,5,112,6,123,0,36,197,6,239,214,0,214,453
06/30/2005,CRG,FL,ASO,ES,Federal Contract Tower,0,29,84,0,113,0,4,82,24,110,0,33,166,24,223,156,0,156,379
07/01/2005,CRG,FL,ASO,ES,Federal Contract Tower,0,28,98,0,126,0,1,115,4,120,0,29,213,4,246,172,0,172,418
07/02/2005,CRG,FL,ASO,ES,Federal Contract Tower,0,0,54,0,54,0,0,98,4,102,0,0,152,4,156,95,0,95,251
07/03/2005,CRG,FL,ASO,ES,Federal Contract Tower,0,3,35,0,38,0,0,86,4,90,0,3,121,4,128,63,0,63,191
07/04/2005,CRG,FL,ASO,ES,Federal Contract Tower,0,0,37,0,37,0,0,103,0,103,0,0,140,0,140,108,0,108,248
07/05/2005,CRG,FL,ASO,ES,Federal Contract Tower,0,29,81,0,110,0,0,152,24,176,0,29,233,24,286,103,0,103,389
07/06/2005,CRG,FL,ASO,ES,Federal Contract Tower,0,33,61,0,94,0,0,146,58,204,0,33,207,58,298,243,0,243,541
07/07/2005,CRG,FL,ASO,ES,Federal Contract Tower,0,30,85,1,116,0,0,208,45,253,0,30,293,46,369,189,0,189,558
07/08/2005,CRG,FL,ASO,ES,Federal Contract Tower,0,27,69,0,96,0,1,176,34,211,0,28,245,34,307,195,2,197,504
07/09/2005,CRG,FL,ASO,ES,Federal Contract Tower,0,3,63,0,66,0,0,30,8,38,0,3,93,8,104,100,0,100,204
07/10/2005,CRG,FL,ASO,ES,Federal Contract Tower,0,1,25,0,26,0,0,1,2,3,0,1,26,2,29,0,0,0,29
07/11/2005,CRG,FL,ASO,ES,Federal Contract Tower,0,26,70,0,96,0,0,118,36,154,0,26,188,36,250,127,2,129,379
07/12/2005,CRG,FL,ASO,ES,Federal Contract Tower,0,33,93,0,126,0,0,157,46,203,0,33,250,46,329,213,2,215,544
07/13/2005,CRG,FL,ASO,ES,Federal Contract Tower,0,33,91,0,124,0,1,129,48,178,0,34,220,48,302,128,0,128,430
07/14/2005,CRG,FL,ASO,ES,Federal Contract Tower,0,32,88,0,120,0,2,185,44,231,0,34,273,44,351,135,0,135,486
07/15/2005,CRG,FL,ASO,ES,Federal Contract Tower,0,30,98,0,128,0,0,133,10,143,0,30,231,10,271,142,0,142,413
07/16/2005,CRG,FL,ASO,ES,Federal Contract Tower,0,1,64,1,66,0,0,156,7,163,0,1,220,8,229,141,6,147,376
07/17/2005,CRG,FL,ASO,ES,Federal Contract Tower,0,1,63,1,65,0,1,121,9,131,0,2,184,10,196,123,0,123,319
07/18/2005,CRG,FL,ASO,ES,Federal Contract Tower,0,29,76,0,105,0,0,150,62,212,0,29,226,62,317,232,0,232,549
07/19/2005,CRG,FL,ASO,ES,Federal Contract Tower,0,35,70,0,105,0,6,161,80,247,0,41,231,80,352,285,0,285,637
07/20/2005,CRG,FL,ASO,ES,Federal Contract Tower,0,31,83,0,114,0,2,181,108,291,0,33,264,108,405,274,0,274,679
07/21/2005,CRG,FL,ASO,ES,Federal Contract Tower,0,30,84,0,114,0,4,192,96,292,0,34,276,96,406,265,0,265,671
07/22/2005,CRG,FL,ASO,ES,Federal Contract Tower,0,28,88,0,116,0,5,174,24,203,0,33,262,24,319,207,0,207,526
07/23/2005,CRG,FL,ASO,ES,Federal Contract Tower,0,2,49,0,51,0,0,168,0,168,0,2,217,0,219,110,0,110,329
07/24/2005,CRG,FL,ASO,ES,Federal Contract Tower,0,1,63,0,64,0,1,92,2,95,0,2,155,2,159,67,0,67,226
07/25/2005,CRG,FL,ASO,ES,Federal Contract Tower,0,25,54,0,79,0,3,185,62,250,0,28,239,62,329,162,0,162,491
07/26/2005,CRG,FL,ASO,ES,Federal Contract Tower,0,31,64,0,95,0,1,174,92,267,0,32,238,92,362,262,0,262,624
07/27/2005,CRG,FL,ASO,ES,Federal Contract Tower,0,32,75,0,107,0,3,144,89,236,0,35,219,89,343,222,4,226,569
07/28/2005,CRG,FL,ASO,ES,Federal Contract Tower,0,30,59,0,89,0,4,132,60,196,0,34,191,60,285,231,0,231,516
07/29/2005,CRG,FL,ASO,ES,Federal Contract Tower,0,29,60,0,89,0,2,112,22,136,0,31,172,22,225,175,0,175,400
07/30/2005,CRG,FL,ASO,ES,Federal Contract Tower,0,1,33,0,34,0,0,129,4,133,0,1,162,4,167,199,0,199,366
07/31/2005,CRG,FL,ASO,ES,Federal Contract Tower,0,0,35,0,35,0,0,92,10,102,0,0,127,10,137,120,0,120,257
08/01/2005,CRG,FL,ASO,ES,Federal Contract Tower,0,30,65,0,95,0,3,112,74,189,0,33,177,74,284,196,0,196,480
08/02/2005,CRG,FL,ASO,ES,Federal Contract Tower,0,30,89,0,119,0,1,103,116,220,0,31,192,116,339,127,0,127,466
08/03/2005,CRG,FL,ASO,ES,Federal Contract Tower,0,30,73,0,103,0,5,128,173,306,0,35,201,173,409,115,0,115,524
08/04/2005,CRG,FL,ASO,ES,Federal Contract Tower,0,30,114,0,144,0,3,94,137,234,0,33,208,137,378,250,0,250,628
08/05/2005,CRG,FL,ASO,ES,Federal Contract Tower,0,25,54,1,80,0,1,102,10,113,0,26,156,11,193,101,0,101,294
08/06/2005,CRG,FL,ASO,ES,Federal Contract Tower,0,1,66,0,67,0,0,138,10,148,0,1,204,10,215,173,0,173,388
08/07/2005,CRG,FL,ASO,ES,Federal Contract Tower,0,0,71,0,71,0,0,129,26,155,0,0,200,26,226,219,0,219,445
08/08/2005,CRG,FL,ASO,ES,Federal Contract Tower,0,29,54,0,83,0,1,115,42,158,0,30,169,42,241,192,0,192,433
08/09/2005,CRG,FL,ASO,ES,Federal Contract Tower,0,30,83,0,113,0,2,118,62,182,0,32,201,62,295,151,0,151,446
08/10/2005,CRG,FL,ASO,ES,Federal Contract Tower,0,31,66,0,97,0,1,157,66,224,0,32,223,66,321,212,0,212,533
08/11/2005,CRG,FL,ASO,ES,Federal Contract Tower,0,35,89,0,124,0,1,90,57,148,0,36,179,57,272,174,0,174,446
08/12/2005,CRG,FL,ASO,ES,Federal Contract Tower,0,28,100,1,129,0,1,115,15,131,0,29,215,16,260,206,0,206,466
08/13/2005,CRG,FL,ASO,ES,Federal Contract Tower,0,2,64,0,66,0,0,128,8,136,0,2,192,8,202,207,0,207,409
08/14/2005,CRG,FL,ASO,ES,Federal Contract Tower,0,1,54,0,55,0,0,94,10,104,0,1,148,10,159,72,0,72,231
08/15/2005,CRG,FL,ASO,ES,Federal Contract Tower,0,24,78,0,102,0,7,122,82,211,0,31,200,82,313,95,0,95,408
08/16/2005,CRG,FL,ASO,ES,Federal Contract Tower,0,30,73,1,104,0,3,132,60,195,0,33,205,61,299,306,6,312,611
08/17/2005,CRG,FL,ASO,ES,Federal Contract Tower,0,28,96,0,124,0,4,155,36,195,0,32,251,36,319,264,2,266,585
08/18/2005,CRG,FL,ASO,ES,Federal Contract Tower,0,30,77,0,107,0,1,164,30,195,0,31,241,30,302,186,0,186,488
08/19/2005,CRG,FL,ASO,ES,Federal Contract Tower,0,20,88,0,108,0,1,87,16,104,0,21,175,16,212,233,0,233,445
08/20/2005,CRG,FL,ASO,ES,Federal Contract Tower,0,3,65,0,68,0,0,147,16,163,0,3,212,16,231,219,0,219,450
08/21/2005,CRG,FL,ASO,ES,Federal Contract Tower,0,2,49,0,51,0,0,158,6,164,0,2,207,6,215,190,0,190,405
08/22/2005,CRG,FL,ASO,ES,Federal Contract Tower,0,23,62,0,85,0,0,122,120,242,0,23,184,120,327,132,0,132,459
08/23/2005,CRG,FL,ASO,ES,Federal Contract Tower,0,31,68,0,99,0,5,111,72,188,0,36,179,72,287,122,0,122,409
08/24/2005,CRG,FL,ASO,ES,Federal Contract Tower,0,28,68,0,96,0,5,122,137,264,0,33,190,137,360,245,2,247,607
08/25/2005,CRG,FL,ASO,ES,Federal Contract Tower,0,37,82,0,119,0,1,92,46,139,0,38,174,46,258,122,0,122,380
08/26/2005,CRG,FL,ASO,ES,Federal Contract Tower,0,28,70,0,98,0,3,108,20,131,0,31,178,20,229,194,2,196,425
08/27/2005,CRG,FL,ASO,ES,Federal Contract Tower,0,1,41,0,42,0,0,151,0,151,0,1,192,0,193,245,0,245,438
08/28/2005,CRG,FL,ASO,ES,Federal Contract Tower,0,2,36,0,38,0,0,140,4,144,0,2,176,4,182,196,0,196,378
08/29/2005,CRG,FL,ASO,ES,Federal Contract Tower,0,27,59,0,86,0,1,111,26,138,0,28,170,26,224,138,0,138,362
08/30/2005,CRG,FL,ASO,ES,Federal Contract Tower,0,28,72,0,100,0,6,86,28,120,0,34,158,28,220,169,2,171,391
08/31/2005,CRG,FL,ASO,ES,Federal Contract Tower,0,31,103,0,134,0,3,70,47,120,0,34,173,47,254,150,0,150,404
09/01/2005,CRG,FL,ASO,ES,Federal Contract Tower,0,29,89,1,119,0,5,121,33,159,0,34,210,34,278,346,2,348,626
09/02/2005,CRG,FL,ASO,ES,Federal Contract Tower,0,25,108,0,133,0,12,170,22,204,0,37,278,22,337,253,0,253,590
09/03/2005,CRG,FL,ASO,ES,Federal Contract Tower,0,2,59,0,61,0,0,182,4,186,0,2,241,4,247,227,0,227,474
09/04/2005,CRG,FL,ASO,ES,Federal Contract Tower,0,2,57,0,59,0,0,180,6,186,0,2,237,6,245,191,0,191,436
09/05/2005,CRG,FL,ASO,ES,Federal Contract Tower,0,0,58,0,58,0,0,91,2,93,0,0,149,2,151,148,0,148,299
09/06/2005,CRG,FL,ASO,ES,Federal Contract Tower,0,29,56,0,85,0,0,28,20,48,0,29,84,20,133,65,0,65,198
09/07/2005,CRG,FL,ASO,ES,Federal Contract Tower,0,28,54,2,84,0,9,6,32,47,0,37,60,34,131,0,0,0,131
09/08/2005,CRG,FL,ASO,ES,Federal Contract Tower,0,27,34,0,61,0,3,37,38,78,0,30,71,38,139,6,0,6,145
09/09/2005,CRG,FL,ASO,ES,Federal Contract Tower,0,31,65,0,96,0,3,57,10,70,0,34,122,10,166,68,0,68,234
09/10/2005,CRG,FL,ASO,ES,Federal Contract Tower,0,1,45,0,46,0,0,256,14,270,0,1,301,14,316,178,0,178,494
09/11/2005,CRG,FL,ASO,ES,Federal Contract Tower,0,7,40,0,47,0,0,152,6,158,0,7,192,6,205,258,0,258,463
09/12/2005,CRG,FL,ASO,ES,Federal Contract Tower,0,29,85,0,114,0,1,201,54,256,0,30,286,54,370,248,0,248,618
09/13/2005,CRG,FL,ASO,ES,Federal Contract Tower,0,31,76,0,107,0,1,185,50,236,0,32,261,50,343,325,0,325,668
09/14/2005,CRG,FL,ASO,ES,Federal Contract Tower,0,31,71,0,102,0,4,176,84,264,0,35,247,84,366,412,0,412,778
09/15/2005,CRG,FL,ASO,ES,Federal Contract Tower,0,25,85,0,110,0,3,150,81,234,0,28,235,81,344,298,2,300,644
09/16/2005,CRG,FL,ASO,ES,Federal Contract Tower,0,28,91,0,119,0,3,215,44,262,0,31,306,44,381,331,0,331,712
09/17/2005,CRG,FL,ASO,ES,Federal Contract Tower,0,2,54,0,56,0,0,151,0,151,0,2,205,0,207,250,0,250,457
09/18/2005,CRG,FL,ASO,ES,Federal Contract Tower,0,4,51,0,55,0,0,76,4,80,0,4,127,4,135,101,0,101,236
09/19/2005,CRG,FL,ASO,ES,Federal Contract Tower,0,28,68,0,96,0,2,142,48,192,0,30,210,48,288,246,0,246,534
09/20/2005,CRG,FL,ASO,ES,Federal Contract Tower,0,31,68,0,99,0,2,104,120,226,0,33,172,120,325,155,0,155,480
09/21/2005,CRG,FL,ASO,ES,Federal Contract Tower,0,27,83,0,110,0,4,75,50,129,0,31,158,50,239,111,0,111,350
09/22/2005,CRG,FL,ASO,ES,Federal Contract Tower,0,27,79,0,106,0,2,108,62,172,0,29,187,62,278,182,0,182,460
09/23/2005,CRG,FL,ASO,ES,Federal Contract Tower,0,24,79,0,103,0,2,201,63,266,0,26,280,63,369,289,0,289,658
09/24/2005,CRG,FL,ASO,ES,Federal Contract Tower,0,1,54,0,55,0,0,237,2,239,0,1,291,2,294,216,0,216,510
09/25/2005,CRG,FL,ASO,ES,Federal Contract Tower,0,0,59,0,59,0,0,181,12,193,0,0,240,12,252,202,0,202,454
09/26/2005,CRG,FL,ASO,ES,Federal Contract Tower,0,26,78,0,104,0,5,178,46,229,0,31,256,46,333,284,2,286,619
09/27/2005,CRG,FL,ASO,ES,Federal Contract Tower,0,29,76,0,105,0,1,130,68,199,0,30,206,68,304,193,0,193,497
09/28/2005,CRG,FL,ASO,ES,Federal Contract Tower,0,27,89,0,116,0,2,203,28,233,0,29,292,28,349,286,0,286,635
09/29/2005,CRG,FL,ASO,ES,Federal Contract Tower,0,34,97,0,131,0,5,169,22,196,0,39,266,22,327,264,0,264,591
09/30/2005,CRG,FL,ASO,ES,Federal Contract Tower,0,27,82,0,109,0,1,193,16,210,0,28,275,16,319,254,0,254,573
10/01/2005,CRG,FL,ASO,ES,Federal Contract Tower,0,3,69,0,72,0,1,137,6,144,0,4,206,6,216,172,0,172,388
10/02/2005,CRG,FL,ASO,ES,Federal Contract Tower,0,0,66,0,66,0,0,97,0,97,0,0,163,0,163,225,0,225,388
10/03/2005,CRG,FL,ASO,ES,Federal Contract Tower,0,26,57,0,83,0,3,71,4,78,0,29,128,4,161,82,0,82,243
10/04/2005,CRG,FL,ASO,ES,Federal Contract Tower,0,27,59,0,86,0,3,78,118,199,0,30,137,118,285,118,0,118,403
10/05/2005,CRG,FL,ASO,ES,Federal Contract Tower,0,32,42,0,74,0,2,13,18,33,0,34,55,18,107,2,0,2,109
10/06/2005,CRG,FL,ASO,ES,Federal Contract Tower,0,34,69,0,103,0,1,55,30,86,0,35,124,30,189,100,0,100,289
10/07/2005,CRG,FL,ASO,ES,Federal Contract Tower,0,27,78,0,105,0,2,36,10,48,0,29,114,10,153,190,0,190,343
10/08/2005,CRG,FL,ASO,ES,Federal Contract Tower,0,1,62,0,63,0,0,102,8,110,0,1,164,8,173,159,0,159,332
10/09/2005,CRG,FL,ASO,ES,Federal Contract Tower,0,2,102,0,104,0,0,27,4,31,0,2,129,4,135,214,0,214,349
10/10/2005,CRG,FL,ASO,ES,Federal Contract Tower,0,12,92,0,104,0,0,142,0,142,0,12,234,0,246,232,0,232,478
10/11/2005,CRG,FL,ASO,ES,Federal Contract Tower,0,26,118,0,144,0,2,106,50,158,0,28,224,50,302,242,0,242,544
10/12/2005,CRG,FL,ASO,ES,Federal Contract Tower,0,31,106,0,137,0,4,110,112,226,0,35,216,112,363,216,0,216,579
10/13/2005,CRG,FL,ASO,ES,Federal Contract Tower,0,33,112,0,145,0,1,25,90,116,0,34,137,90,261,72,0,72,333
10/14/2005,CRG,FL,ASO,ES,Federal Contract Tower,0,30,65,1,96,0,1,210,13,224,0,31,275,14,320,290,2,292,612
10/15/2005,CRG,FL,ASO,ES,Federal Contract Tower,0,1,72,0,73,0,0,171,4,175,0,1,243,4,248,279,0,279,527
10/16/2005,CRG,FL,ASO,ES,Federal Contract Tower,0,4,62,0,66,0,0,179,2,181,0,4,241,2,247,237,0,237,484
10/17/2005,CRG,FL,ASO,ES,Federal Contract Tower,0,22,55,0,77,0,5,158,118,281,0,27,213,118,358,356,0,356,714
10/18/2005,CRG,FL,ASO,ES,Federal Contract Tower,0,30,89,0,119,0,2,248,114,364,0,32,337,114,483,304,0,304,787
10/19/2005,CRG,FL,ASO,ES,Federal Contract Tower,0,29,86,0,115,0,3,191,87,281,0,32,277,87,396,276,0,276,672
10/20/2005,CRG,FL,ASO,ES,Federal Contract Tower,0,29,92,3,124,0,2,224,140,366,0,31,316,143,490,239,18,257,747
10/21/2005,CRG,FL,ASO,ES,Federal Contract Tower,0,32,62,0,94,0,3,154,8,165,0,35,216,8,259,344,0,344,603
10/22/2005,CRG,FL,ASO,ES,Federal Contract Tower,0,0,56,0,56,0,0,112,0,112,0,0,168,0,168,151,0,151,319
10/23/2005,CRG,FL,ASO,ES,Federal Contract Tower,0,0,55,0,55,0,0,22,4,26,0,0,77,4,81,50,0,50,131
10/24/2005,CRG,FL,ASO,ES,Federal Contract Tower,0,30,26,0,56,0,4,39,74,117,0,34,65,74,173,24,0,24,197
10/25/2005,CRG,FL,ASO,ES,Federal Contract Tower,0,29,77,0,106,0,6,155,44,205,0,35,232,44,311,140,0,140,451
10/26/2005,CRG,FL,ASO,ES,Federal Contract Tower,0,41,79,0,120,0,2,242,107,351,0,43,321,107,471,354,0,354,825
10/27/2005,CRG,FL,ASO,ES,Federal Contract Tower,0,31,102,0,133,0,5,206,98,309,0,36,308,98,442,207,0,207,649
10/28/2005,CRG,FL,ASO,ES,Federal Contract Tower,0,32,101,1,134,0,4,168,49,221,0,36,269,50,355,210,0,210,565
10/29/2005,CRG,FL,ASO,ES,Federal Contract Tower,0,8,138,0,146,0,0,145,14,159,0,8,283,14,305,163,0,163,468
10/30/2005,CRG,FL,ASO,ES,Federal Contract Tower,0,3,92,0,95,0,2,122,8,132,0,5,214,8,227,124,0,124,351
10/31/2005,CRG,FL,ASO,ES,Federal Contract Tower,0,27,57,1,85,0,4,149,71,224,0,31,206,72,309,243,0,243,552
11/01/2005,CRG,FL,ASO,ES,Federal Contract Tower,0,30,83,0,113,0,0,105,107,212,0,30,188,107,325,191,0,191,516
11/02/2005,CRG,FL,ASO,ES,Federal Contract Tower,0,34,91,0,125,0,4,220,76,300,0,38,311,76,425,289,2,291,716
11/03/2005,CRG,FL,ASO,ES,Federal Contract Tower,0,34,86,0,120,0,0,188,35,223,0,34,274,35,343,172,0,172,515
11/04/2005,CRG,FL,ASO,ES,Federal Contract Tower,0,28,95,0,123,0,1,135,34,170,0,29,230,34,293,320,0,320,613
11/05/2005,CRG,FL,ASO,ES,Federal Contract Tower,0,0,48,0,48,0,0,115,14,129,0,0,163,14,177,53,0,53,230
11/06/2005,CRG,FL,ASO,ES,Federal Contract Tower,0,5,59,0,64,0,0,107,10,117,0,5,166,10,181,125,0,125,306
11/07/2005,CRG,FL,ASO,ES,Federal Contract Tower,0,33,73,0,106,0,3,167,66,236,0,36,240,66,342,182,0,182,524
11/08/2005,CRG,FL,ASO,ES,Federal Contract Tower,0,34,71,0,105,0,2,215,93,310,0,36,286,93,415,250,0,250,665
11/09/2005,CRG,FL,ASO,ES,Federal Contract Tower,0,35,84,0,119,0,3,186,78,267,0,38,270,78,386,223,0,223,609
11/10/2005,CRG,FL,ASO,ES,Federal Contract Tower,0,31,110,0,141,0,2,169,53,224,0,33,279,53,365,138,0,138,503
11/11/2005,CRG,FL,ASO,ES,Federal Contract Tower,0,20,100,0,120,0,1,183,2,186,0,21,283,2,306,207,0,207,513
11/12/2005,CRG,FL,ASO,ES,Federal Contract Tower,0,0,42,0,42,0,0,211,2,213,0,0,253,2,255,168,0,168,423
11/13/2005,CRG,FL,ASO,ES,Federal Contract Tower,0,2,132,0,134,0,0,68,0,68,0,2,200,0,202,216,0,216,418
11/14/2005,CRG,FL,ASO,ES,Federal Contract Tower,0,36,101,0,137,0,3,145,60,208,0,39,246,60,345,221,0,221,566
11/15/2005,CRG,FL,ASO,ES,Federal Contract Tower,0,40,111,0,151,0,7,152,68,227,0,47,263,68,378,207,10,217,595
11/16/2005,CRG,FL,ASO,ES,Federal Contract Tower,0,36,111,0,147,0,0,199,42,241,0,36,310,42,388,284,20,304,692
11/17/2005,CRG,FL,ASO,ES,Federal Contract Tower,0,29,101,0,130,0,2,156,62,220,0,31,257,62,350,186,22,208,558
11/18/2005,CRG,FL,ASO,ES,Federal Contract Tower,0,36,117,0,153,0,0,116,20,136,0,36,233,20,289,157,0,157,446
11/19/2005,CRG,FL,ASO,ES,Federal Contract Tower,0,1,102,0,103,0,0,45,14,59,0,1,147,14,162,108,0,108,270
11/20/2005,CRG,FL,ASO,ES,Federal Contract Tower,0,2,80,0,82,0,0,21,4,25,0,2,101,4,107,13,0,13,120
11/21/2005,CRG,FL,ASO,ES,Federal Contract Tower,0,30,68,0,98,0,0,42,58,100,0,30,110,58,198,72,0,72,270
11/22/2005,CRG,FL,ASO,ES,Federal Contract Tower,0,30,83,0,113,0,8,124,70,202,0,38,207,70,315,109,0,109,424
11/23/2005,CRG,FL,ASO,ES,Federal Contract Tower,0,33,94,0,127,0,5,201,4,210,0,38,295,4,337,200,0,200,537
11/24/2005,CRG,FL,ASO,ES,Federal Contract Tower,0,1,27,0,28,0,0,38,0,38,0,1,65,0,66,32,0,32,98
11/25/2005,CRG,FL,ASO,ES,Federal Contract Tower,0,23,46,0,69,0,3,165,2,170,0,26,211,2,239,188,0,188,427
11/26/2005,CRG,FL,ASO,ES,Federal Contract Tower,0,8,90,0,98,0,1,60,0,61,0,9,150,0,159,76,0,76,235
11/27/2005,CRG,FL,ASO,ES,Federal Contract Tower,0,3,71,0,74,0,0,124,4,128,0,3,195,4,202,157,0,157,359
11/28/2005,CRG,FL,ASO,ES,Federal Contract Tower,0,29,56,0,85,0,1,104,28,133,0,30,160,28,218,117,0,117,335
11/29/2005,CRG,FL,ASO,ES,Federal Contract Tower,0,32,78,1,111,0,6,132,57,195,0,38,210,58,306,170,0,170,476
11/30/2005,CRG,FL,ASO,ES,Federal Contract Tower,0,28,95,1,124,0,2,193,45,240,0,30,288,46,364,359,0,359,723
12/01/2005,CRG,FL,ASO,ES,Federal Contract Tower,0,30,117,0,147,0,0,187,42,229,0,30,304,42,376,204,0,204,580
12/02/2005,CRG,FL,ASO,ES,Federal Contract Tower,0,27,105,0,132,0,1,263,28,292,0,28,368,28,424,271,0,271,695
12/03/2005,CRG,FL,ASO,ES,Federal Contract Tower,0,2,84,0,86,0,0,200,4,204,0,2,284,4,290,285,0,285,575
12/04/2005,CRG,FL,ASO,ES,Federal Contract Tower,0,3,89,0,92,0,0,183,6,189,0,3,272,6,281,164,0,164,445
12/05/2005,CRG,FL,ASO,ES,Federal Contract Tower,0,31,67,4,102,0,1,133,48,182,0,32,200,52,284,149,0,149,433
12/06/2005,CRG,FL,ASO,ES,Federal Contract Tower,0,31,115,0,146,0,4,166,73,243,0,35,281,73,389,147,4,151,540
12/07/2005,CRG,FL,ASO,ES,Federal Contract Tower,0,26,103,0,129,0,2,111,48,161,0,28,214,48,290,129,0,129,419
12/08/2005,CRG,FL,ASO,ES,Federal Contract Tower,0,28,72,0,100,0,9,8,8,25,0,37,80,8,125,70,0,70,195
12/09/2005,CRG,FL,ASO,ES,Federal Contract Tower,0,26,99,2,127,0,2,75,14,91,0,28,174,16,218,105,0,105,323
12/10/2005,CRG,FL,ASO,ES,Federal Contract Tower,0,2,67,0,69,0,0,217,14,231,0,2,284,14,300,225,0,225,525
12/11/2005,CRG,FL,ASO,ES,Federal Contract Tower,0,1,46,0,47,0,0,121,10,131,0,1,167,10,178,192,0,192,370
12/12/2005,CRG,FL,ASO,ES,Federal Contract Tower,0,31,91,0,122,0,2,177,44,223,0,33,268,44,345,221,0,221,566
12/13/2005,CRG,FL,ASO,ES,Federal Contract Tower,0,37,68,0,105,0,2,163,68,233,0,39,231,68,338,272,6,278,616
12/14/2005,CRG,FL,ASO,ES,Federal Contract Tower,0,28,89,0,117,0,2,111,62,175,0,30,200,62,292,120,0,120,412
12/15/2005,CRG,FL,ASO,ES,Federal Contract Tower,0,25,76,0,101,0,1,95,26,122,0,26,171,26,223,88,0,88,311
12/16/2005,CRG,FL,ASO,ES,Federal Contract Tower,0,24,107,0,131,0,3,180,10,193,0,27,287,10,324,264,23,287,611
12/17/2005,CRG,FL,ASO,ES,Federal Contract Tower,0,1,77,0,78,0,0,63,0,63,0,1,140,0,141,29,0,29,170
12/18/2005,CRG,FL,ASO,ES,Federal Contract Tower,0,0,54,0,54,0,0,8,0,8,0,0,62,0,62,0,0,0,62
12/19/2005,CRG,FL,ASO,ES,Federal Contract Tower,0,29,93,0,122,0,1,29,8,38,0,30,122,8,160,10,0,10,170
12/20/2005,CRG,FL,ASO,ES,Federal Contract Tower,0,26,87,0,113,0,1,164,36,201,0,27,251,36,314,246,0,246,560
12/21/2005,CRG,FL,ASO,ES,Federal Contract Tower,0,26,77,0,103,0,0,131,28,159,0,26,208,28,262,148,0,148,410
12/22/2005,CRG,FL,ASO,ES,Federal Contract Tower,0,27,68,0,95,0,3,154,38,195,0,30,222,38,290,205,0,205,495
12/23/2005,CRG,FL,ASO,ES,Federal Contract Tower,0,26,47,0,73,0,4,178,0,182,0,30,225,0,255,150,0,150,405
12/24/2005,CRG,FL,ASO,ES,Federal Contract Tower,0,0,29,0,29,0,0,85,0,85,0,0,114,0,114,41,0,41,155
12/25/2005,CRG,FL,ASO,ES,Federal Contract Tower,0,2,16,0,18,0,0,3,2,5,0,2,19,2,23,0,0,0,23
12/26/2005,CRG,FL,ASO,ES,Federal Contract Tower,0,2,36,0,38,0,0,43,0,43,0,2,79,0,81,17,0,17,98
12/27/2005,CRG,FL,ASO,ES,Federal Contract Tower,0,30,64,0,94,0,3,132,26,161,0,33,196,26,255,130,0,130,385
12/28/2005,CRG,FL,ASO,ES,Federal Contract Tower,0,27,47,0,74,0,2,72,24,98,0,29,119,24,172,39,16,55,227
12/29/2005,CRG,FL,ASO,ES,Federal Contract Tower,0,29,38,0,67,0,3,78,14,95,0,32,116,14,162,68,0,68,230
12/30/2005,CRG,FL,ASO,ES,Federal Contract Tower,0,24,69,0,93,0,3,142,0,145,0,27,211,0,238,93,0,93,331
12/31/2005,CRG,FL,ASO,ES,Federal Contract Tower,0,2,30,0,32,0,0,93,0,93,0,2,123,0,125,65,0,65,190
01/01/2006,CRG,FL,ASO,ES,Federal Contract Tower,0,5,32,0,37,0,1,38,0,39,0,6,70,0,76,8,0,8,84
01/02/2006,CRG,FL,ASO,ES,Federal Contract Tower,0,4,47,0,51,0,0,60,0,60,0,4,107,0,111,60,0,60,171
01/03/2006,CRG,FL,ASO,ES,Federal Contract Tower,0,26,66,0,92,0,6,102,14,122,0,32,168,14,214,101,0,101,315
01/04/2006,CRG,FL,ASO,ES,Federal Contract Tower,0,26,82,0,108,0,3,151,42,196,0,29,233,42,304,91,0,91,395
01/05/2006,CRG,FL,ASO,ES,Federal Contract Tower,0,26,64,0,90,0,3,145,30,178,0,29,209,30,268,104,0,104,372
01/06/2006,CRG,FL,ASO,ES,Federal Contract Tower,0,30,77,0,107,0,3,107,14,124,0,33,184,14,231,114,0,114,345
01/07/2006,CRG,FL,ASO,ES,Federal Contract Tower,0,6,56,0,62,0,1,156,10,167,0,7,212,10,229,141,0,141,370
01/08/2006,CRG,FL,ASO,ES,Federal Contract Tower,0,3,55,0,58,0,0,139,10,149,0,3,194,10,207,146,0,146,353
01/09/2006,CRG,FL,ASO,ES,Federal Contract Tower,0,24,86,0,110,0,3,147,46,196,0,27,233,46,306,135,2,137,443
01/10/2006,CRG,FL,ASO,ES,Federal Contract Tower,0,26,66,0,92,0,3,130,113,246,0,29,196,113,338,93,0,93,431
01/11/2006,CRG,FL,ASO,ES,Federal Contract Tower,0,29,65,0,94,0,3,125,30,158,0,32,190,30,252,192,0,192,444
01/12/2006,CRG,FL,ASO,ES,Federal Contract Tower,0,29,78,0,107,0,2,148,86,236,0,31,226,86,343,156,0,156,499
01/13/2006,CRG,FL,ASO,ES,Federal Contract Tower,0,29,69,0,98,0,1,111,2,114,0,30,180,2,212,193,0,193,405
01/14/2006,CRG,FL,ASO,ES,Federal Contract Tower,0,1,13,0,14,0,0,25,0,25,0,1,38,0,39,11,0,11,50
01/15/2006,CRG,FL,ASO,ES,Federal Contract Tower,0,1,67,0,68,0,0,159,4,163,0,1,226,4,231,224,0,224,455
01/16/2006,CRG,FL,ASO,ES,Federal Contract Tower,0,8,87,0,95,0,0,165,4,169,0,8,252,4,264,267,0,267,531
01/17/2006,CRG,FL,ASO,ES,Federal Contract Tower,0,31,82,0,113,0,0,98,32,130,0,31,180,32,243,105,0,105,348
01/18/2006,CRG,FL,ASO,ES,Federal Contract Tower,0,27,75,0,102,0,2,111,56,169,0,29,186,56,271,333,0,333,604
01/19/2006,CRG,FL,ASO,ES,Federal Contract Tower,0,25,88,0,113,0,1,164,62,227,0,26,252,62,340,312,0,312,652
01/20/2006,CRG,FL,ASO,ES,Federal Contract Tower,0,31,117,0,148,0,0,181,18,199,0,31,298,18,347,276,0,276,623
01/21/2006,CRG,FL,ASO,ES,Federal Contract Tower,0,0,51,0,51,0,0,190,6,196,0,0,241,6,247,195,0,195,442
01/22/2006,CRG,FL,ASO,ES,Federal Contract Tower,0,2,64,0,66,0,0,56,4,60,0,2,120,4,126,108,0,108,234
01/23/2006,CRG,FL,ASO,ES,Federal Contract Tower,0,27,91,0,118,0,2,90,38,130,0,29,181,38,248,186,4,190,438
01/24/2006,CRG,FL,ASO,ES,Federal Contract Tower,0,26,78,1,105,0,4,80,37,121,0,30,158,38,226,152,0,152,378
01/25/2006,CRG,FL,ASO,ES,Federal Contract Tower,0,27,101,0,128,0,2,234,78,314,0,29,335,78,442,259,0,259,701
01/26/2006,CRG,FL,ASO,ES,Federal Contract Tower,0,28,84,0,112,0,4,191,40,235,0,32,275,40,347,271,0,271,618
01/27/2006,CRG,FL,ASO,ES,Federal Contract Tower,0,31,97,0,128,0,2,184,12,198,0,33,281,12,326,188,0,188,514
01/28/2006,CRG,FL,ASO,ES,Federal Contract Tower,0,3,44,0,47,0,0,208,8,216,0,3,252,8,263,243,0,243,506
01/29/2006,CRG,FL,ASO,ES,Federal Contract Tower,0,1,31,0,32,0,0,84,8,92,0,1,115,8,124,121,0,121,245
01/30/2006,CRG,FL,ASO,ES,Federal Contract Tower,0,28,90,1,119,0,4,49,17,70,0,32,139,18,189,128,0,128,317
01/31/2006,CRG,FL,ASO,ES,Federal Contract Tower,0,30,59,0,89,0,5,223,47,275,0,35,282,47,364,284,0,284,648
02/01/2006,CRG,FL,ASO,ES,Federal Contract Tower,0,34,69,0,103,0,6,141,114,261,0,40,210,114,364,226,0,226,590
02/02/2006,CRG,FL,ASO,ES,Federal Contract Tower,0,28,60,0,88,0,1,56,16,73,0,29,116,16,161,220,0,220,381
02/03/2006,CRG,FL,ASO,ES,Federal Contract Tower,0,27,69,0,96,0,0,56,14,70,0,27,125,14,166,88,0,88,254
02/04/2006,CRG,FL,ASO,ES,Federal Contract Tower,0,1,46,0,47,0,0,41,6,47,0,1,87,6,94,70,0,70,164
02/05/2006,CRG,FL,ASO,ES,Federal Contract Tower,0,2,57,0,59,0,0,113,0,113,0,2,170,0,172,118,0,118,290
02/06/2006,CRG,FL,ASO,ES,Federal Contract Tower,0,26,71,0,97,0,1,156,38,195,0,27,227,38,292,302,0,302,594
02/07/2006,CRG,FL,ASO,ES,Federal Contract Tower,0,25,88,0,113,0,2,79,40,121,0,27,167,40,234,51,0,51,285
02/08/2006,CRG,FL,ASO,ES,Federal Contract Tower,0,29,93,0,122,0,5,182,75,262,0,34,275,75,384,240,0,240,624
02/09/2006,CRG,FL,ASO,ES,Federal Contract Tower,0,26,79,0,105,0,4,143,59,206,0,30,222,59,311,209,0,209,520
02/10/2006,CRG,FL,ASO,ES,Federal Contract Tower,0,31,86,1,118,0,2,197,37,236,0,33,283,38,354,236,0,236,590
02/11/2006,CRG,FL,ASO,ES,Federal Contract Tower,0,2,40,0,42,0,0,40,22,62,0,2,80,22,104,105,0,105,209
02/12/2006,CRG,FL,ASO,ES,Federal Contract Tower,0,4,37,0,41,0,2,75,24,101,0,6,112,24,142,107,0,107,249
02/13/2006,CRG,FL,ASO,ES,Federal Contract Tower,0,30,73,0,103,0,9,155,22,186,0,39,228,22,289,305,0,305,594
02/14/2006,CRG,FL,ASO,ES,Federal Contract Tower,0,26,52,0,78,0,2,197,44,243,0,28,249,44,321,285,0,285,606
02/15/2006,CRG,FL,ASO,ES,Federal Contract Tower,0,27,87,0,114,0,4,207,58,269,0,31,294,58,383,284,0,284,667
02/16/2006,CRG,FL,ASO,ES,Federal Contract Tower,0,31,99,0,130,0,3,184,62,249,0,34,283,62,379,302,0,302,681
02/17/2006,CRG,FL,ASO,ES,Federal Contract Tower,0,29,85,0,114,0,1,157,16,174,0,30,242,16,288,255,0,255,543
02/18/2006,CRG,FL,ASO,ES,Federal Contract Tower,0,0,56,0,56,0,1,142,6,149,0,1,198,6,205,260,0,260,465
02/19/2006,CRG,FL,ASO,ES,Federal Contract Tower,0,0,61,0,61,0,6,19,0,25,0,6,80,0,86,21,0,21,107
02/20/2006,CRG,FL,ASO,ES,Federal Contract Tower,0,11,80,0,91,0,2,67,2,71,0,13,147,2,162,98,0,98,260
02/21/2006,CRG,FL,ASO,ES,Federal Contract Tower,0,34,86,2,122,0,1,139,26,166,0,35,225,28,288,176,0,176,464
02/22/2006,CRG,FL,ASO,ES,Federal Contract Tower,0,32,95,0,127,0,3,172,28,203,0,35,267,28,330,199,0,199,529
02/23/2006,CRG,FL,ASO,ES,Federal Contract Tower,0,29,71,0,100,0,1,13,6,20,0,30,84,6,120,4,0,4,124
02/24/2006,CRG,FL,ASO,ES,Federal Contract Tower,0,26,99,0,125,0,2,201,26,229,0,28,300,26,354,162,0,162,516
02/25/2006,CRG,FL,ASO,ES,Federal Contract Tower,0,0,34,0,34,0,0,85,6,91,0,0,119,6,125,235,0,235,360
02/26/2006,CRG,FL,ASO,ES,Federal Contract Tower,0,0,64,0,64,0,0,72,4,76,0,0,136,4,140,74,0,74,214
02/27/2006,CRG,FL,ASO,ES,Federal Contract Tower,0,29,87,0,116,0,3,227,28,258,0,32,314,28,374,371,0,371,745
02/28/2006,CRG,FL,ASO,ES,Federal Contract Tower,0,28,86,0,114,0,2,209,56,267,0,30,295,56,381,268,0,268,649
03/01/2006,CRG,FL,ASO,ES,Federal Contract Tower,0,24,93,0,117,0,7,206,48,261,0,31,299,48,378,276,0,276,654
03/02/2006,CRG,FL,ASO,ES,Federal Contract Tower,0,30,95,0,125,0,2,168,40,210,0,32,263,40,335,164,0,164,499
03/03/2006,CRG,FL,ASO,ES,Federal Contract Tower,0,24,109,0,133,0,5,187,20,212,0,29,296,20,345,205,0,205,550
03/04/2006,CRG,FL,ASO,ES,Federal Contract Tower,0,0,72,0,72,0,0,98,4,102,0,0,170,4,174,176,0,176,350
03/05/2006,CRG,FL,ASO,ES,Federal Contract Tower,0,0,54,0,54,0,0,147,12,159,0,0,201,12,213,235,0,235,448
03/06/2006,CRG,FL,ASO,ES,Federal Contract Tower,0,29,79,0,108,0,6,137,26,169,0,35,216,26,277,251,0,251,528
03/07/2006,CRG,FL,ASO,ES,Federal Contract Tower,0,27,74,0,101,0,7,139,69,215,0,34,213,69,316,197,0,197,513
03/08/2006,CRG,FL,ASO,ES,Federal Contract Tower,0,29,106,0,135,0,6,214,48,268,0,35,320,48,403,232,0,232,635
03/09/2006,CRG,FL,ASO,ES,Federal Contract Tower,0,27,82,0,109,0,3,196,52,251,0,30,278,52,360,237,0,237,597
03/10/2006,CRG,FL,ASO,ES,Federal Contract Tower,0,26,85,0,111,0,2,118,26,146,0,28,203,26,257,279,0,279,536
03/11/2006,CRG,FL,ASO,ES,Federal Contract Tower,0,0,68,0,68,0,0,147,24,171,0,0,215,24,239,177,0,177,416
03/12/2006,CRG,FL,ASO,ES,Federal Contract Tower,0,0,63,0,63,0,0,132,4,136,0,0,195,4,199,182,0,182,381
03/13/2006,CRG,FL,ASO,ES,Federal Contract Tower,0,28,74,0,102,0,3,172,68,243,0,31,246,68,345,238,0,238,583
03/14/2006,CRG,FL,ASO,ES,Federal Contract Tower,0,33,75,0,108,0,2,76,16,94,0,35,151,16,202,63,0,63,265
03/15/2006,CRG,FL,ASO,ES,Federal Contract Tower,0,30,91,0,121,0,7,238,56,301,0,37,329,56,422,159,0,159,581
03/16/2006,CRG,FL,ASO,ES,Federal Contract Tower,0,25,85,0,110,0,3,166,38,207,0,28,251,38,317,141,0,141,458
03/17/2006,CRG,FL,ASO,ES,Federal Contract Tower,0,26,74,0,100,0,2,128,12,142,0,28,202,12,242,77,0,77,319
03/18/2006,CRG,FL,ASO,ES,Federal Contract Tower,0,1,94,0,95,0,0,130,8,138,0,1,224,8,233,170,0,170,403
03/19/2006,CRG,FL,ASO,ES,Federal Contract Tower,0,2,47,0,49,0,0,110,2,112,0,2,157,2,161,139,0,139,300
03/20/2006,CRG,FL,ASO,ES,Federal Contract Tower,0,28,56,0,84,0,2,105,32,139,0,30,161,32,223,219,0,219,442
03/21/2006,CRG,FL,ASO,ES,Federal Contract Tower,0,27,63,0,90,0,4,46,23,73,0,31,109,23,163,98,0,98,261
03/22/2006,CRG,FL,ASO,ES,Federal Contract Tower,0,23,125,0,148,0,7,190,116,313,0,30,315,116,461,169,2,171,632
03/23/2006,CRG,FL,ASO,ES,Federal Contract Tower,0,26,112,0,138,0,1,59,92,152,0,27,171,92,290,93,6,99,389
03/24/2006,CRG,FL,ASO,ES,Federal Contract Tower,0,26,82,0,108,0,7,135,8,150,0,33,217,8,258,141,0,141,399
03/25/2006,CRG,FL,ASO,ES,Federal Contract Tower,0,1,77,0,78,0,0,150,2,152,0,1,227,2,230,167,0,167,397
03/26/2006,CRG,FL,ASO,ES,Federal Contract Tower,0,12,60,0,72,0,0,109,4,113,0,12,169,4,185,211,0,211,396
03/27/2006,CRG,FL,ASO,ES,Federal Contract Tower,0,25,88,0,113,0,2,222,38,262,0,27,310,38,375,254,0,254,629
03/28/2006,CRG,FL,ASO,ES,Federal Contract Tower,0,25,88,0,113,0,7,210,58,275,0,32,298,58,388,305,0,305,693
03/29/2006,CRG,FL,ASO,ES,Federal Contract Tower,0,32,110,0,142,0,6,191,46,243,0,38,301,46,385,335,0,335,720
03/30/2006,CRG,FL,ASO,ES,Federal Contract Tower,0,26,78,0,104,0,1,159,54,214,0,27,237,54,318,275,0,275,593
03/31/2006,CRG,FL,ASO,ES,Federal Contract Tower,0,27,91,0,118,0,2,164,8,174,0,29,255,8,292,287,0,287,579
04/01/2006,CRG,FL,ASO,ES,Federal Contract Tower,0,5,60,0,65,0,2,150,10,162,0,7,210,10,227,196,0,196,423
04/02/2006,CRG,FL,ASO,ES,Federal Contract Tower,0,3,70,0,73,0,1,147,4,152,0,4,217,4,225,218,0,218,443
04/03/2006,CRG,FL,ASO,ES,Federal Contract Tower,0,27,63,0,90,0,1,135,22,158,0,28,198,22,248,274,0,274,522
04/04/2006,CRG,FL,ASO,ES,Federal Contract Tower,0,27,74,0,101,0,1,218,108,327,0,28,292,108,428,326,0,326,754
04/05/2006,CRG,FL,ASO,ES,Federal Contract Tower,0,25,72,0,97,0,1,171,78,250,0,26,243,78,347,330,0,330,677
04/06/2006,CRG,FL,ASO,ES,Federal Contract Tower,0,29,68,0,97,0,7,213,44,264,0,36,281,44,361,203,0,203,564
04/07/2006,CRG,FL,ASO,ES,Federal Contract Tower,0,21,86,0,107,0,3,173,10,186,0,24,259,10,293,264,4,268,561
04/08/2006,CRG,FL,ASO,ES,Federal Contract Tower,0,1,31,0,32,0,0,65,6,71,0,1,96,6,103,69,0,69,172
04/09/2006,CRG,FL,ASO,ES,Federal Contract Tower,0,4,67,0,71,0,0,81,10,91,0,4,148,10,162,101,0,101,263
04/10/2006,CRG,FL,ASO,ES,Federal Contract Tower,0,27,66,0,93,0,3,139,64,206,0,30,205,64,299,117,0,117,416
04/11/2006,CRG,FL,ASO,ES,Federal Contract Tower,0,32,85,0,117,0,4,149,68,221,0,36,234,68,338,241,0,241,579
04/12/2006,CRG,FL,ASO,ES,Federal Contract Tower,0,26,101,0,127,0,2,184,84,270,0,28,285,84,397,420,0,420,817
04/13/2006,CRG,FL,ASO,ES,Federal Contract Tower,0,23,95,0,118,0,4,142,110,256,0,27,237,110,374,217,0,217,591
04/14/2006,CRG,FL,ASO,ES,Federal Contract Tower,0,28,95,1,124,0,2,191,7,200,0,30,286,8,324,178,0,178,502
04/15/2006,CRG,FL,ASO,ES,Federal Contract Tower,0,0,47,0,47,0,0,180,4,184,0,0,227,4,231,218,0,218,449
04/16/2006,CRG,FL,ASO,ES,Federal Contract Tower,0,0,52,0,52,0,0,111,4,115,0,0,163,4,167,114,0,114,281
04/17/2006,CRG,FL,ASO,ES,Federal Contract Tower,0,29,109,0,138,0,3,125,30,158,0,32,234,30,296,163,2,165,461
04/18/2006,CRG,FL,ASO,ES,Federal Contract Tower,0,29,121,1,151,0,1,43,35,79,0,30,164,36,230,178,0,178,408
04/19/2006,CRG,FL,ASO,ES,Federal Contract Tower,0,26,116,0,142,0,1,152,56,209,0,27,268,56,351,420,0,420,771
04/20/2006,CRG,FL,ASO,ES,Federal Contract Tower,0,28,87,0,115,0,2,194,56,252,0,30,281,56,367,341,0,341,708
04/21/2006,CRG,FL,ASO,ES,Federal Contract Tower,0,24,89,0,113,0,5,183,14,202,0,29,272,14,315,268,0,268,583
04/22/2006,CRG,FL,ASO,ES,Federal Contract Tower,0,1,35,0,36,0,0,111,6,117,0,1,146,6,153,195,0,195,348
04/23/2006,CRG,FL,ASO,ES,Federal Contract Tower,0,0,63,0,63,0,0,238,18,256,0,0,301,18,319,322,0,322,641
04/24/2006,CRG,FL,ASO,ES,Federal Contract Tower,0,33,91,0,124,0,2,227,38,267,0,35,318,38,391,262,0,262,653
04/25/2006,CRG,FL,ASO,ES,Federal Contract Tower,0,26,85,0,111,0,5,192,30,227,0,31,277,30,338,246,0,246,584
04/26/2006,CRG,FL,ASO,ES,Federal Contract Tower,0,29,69,0,98,0,1,127,42,170,0,30,196,42,268,229,0,229,497
04/27/2006,CRG,FL,ASO,ES,Federal Contract Tower,0,25,127,0,152,0,1,162,54,217,0,26,289,54,369,244,0,244,613
04/28/2006,CRG,FL,ASO,ES,Federal Contract Tower,0,17,91,0,108,0,4,183,44,231,0,21,274,44,339,299,0,299,638
04/29/2006,CRG,FL,ASO,ES,Federal Contract Tower,0,7,51,0,58,0,0,121,14,135,0,7,172,14,193,79,0,79,272
04/30/2006,CRG,FL,ASO,ES,Federal Contract Tower,0,2,55,0,57,0,0,110,12,122,0,2,165,12,179,204,0,204,383
05/01/2006,CRG,FL,ASO,ES,Federal Contract Tower,0,24,51,0,75,0,3,124,42,169,0,27,175,42,244,287,0,287,531
05/02/2006,CRG,FL,ASO,ES,Federal Contract Tower,0,24,51,0,75,0,0,208,55,263,0,24,259,55,338,260,0,260,598
05/03/2006,CRG,FL,ASO,ES,Federal Contract Tower,0,25,78,0,103,0,4,187,38,229,0,29,265,38,332,178,0,178,510
05/04/2006,CRG,FL,ASO,ES,Federal Contract Tower,0,29,86,0,115,0,2,188,22,212,0,31,274,22,327,169,0,169,496
05/05/2006,CRG,FL,ASO,ES,Federal Contract Tower,0,26,81,0,107,0,2,128,18,148,0,28,209,18,255,274,0,274,529
05/06/2006,CRG,FL,ASO,ES,Federal Contract Tower,0,0,61,0,61,0,0,114,14,128,0,0,175,14,189,139,0,139,328
05/07/2006,CRG,FL,ASO,ES,Federal Contract Tower,0,4,55,0,59,0,2,100,2,104,0,6,155,2,163,113,0,113,276
05/08/2006,CRG,FL,ASO,ES,Federal Contract Tower,0,24,69,0,93,0,1,73,4,78,0,25,142,4,171,126,0,126,297
05/09/2006,CRG,FL,ASO,ES,Federal Contract Tower,0,31,97,0,128,0,5,46,110,161,0,36,143,110,289,65,0,65,354
05/10/2006,CRG,FL,ASO,ES,Federal Contract Tower,0,27,96,0,123,0,5,109,50,164,0,32,205,50,287,226,14,240,527
05/11/2006,CRG,FL,ASO,ES,Federal Contract Tower,0,23,64,0,87,0,10,113,48,171,0,33,177,48,258,151,0,151,409
05/12/2006,CRG,FL,ASO,ES,Federal Contract Tower,0,23,84,0,107,0,4,181,30,215,0,27,265,30,322,135,4,139,461
05/13/2006,CRG,FL,ASO,ES,Federal Contract Tower,0,5,60,0,65,0,1,176,4,181,0,6,236,4,246,178,0,178,424
05/14/2006,CRG,FL,ASO,ES,Federal Contract Tower,0,3,52,0,55,0,0,103,0,103,0,3,155,0,158,150,0,150,308
05/15/2006,CRG,FL,ASO,ES,Federal Contract Tower,0,24,46,0,70,0,8,114,54,176,0,32,160,54,246,210,0,210,456
05/16/2006,CRG,FL,ASO,ES,Federal Contract Tower,0,29,98,0,127,0,2,198,42,242,0,31,296,42,369,198,0,198,567
05/17/2006,CRG,FL,ASO,ES,Federal Contract Tower,0,30,84,0,114,0,3,205,64,272,0,33,289,64,386,226,0,226,612
05/18/2006,CRG,FL,ASO,ES,Federal Contract Tower,0,36,88,0,124,0,1,212,36,249,0,37,300,36,373,199,6,205,578
05/19/2006,CRG,FL,ASO,ES,Federal Contract Tower,0,28,94,0,122,0,2,239,10,251,0,30,333,10,373,237,0,237,610
05/20/2006,CRG,FL,ASO,ES,Federal Contract Tower,0,1,54,0,55,0,0,192,12,204,0,1,246,12,259,116,0,116,375
05/21/2006,CRG,FL,ASO,ES,Federal Contract Tower,0,2,60,0,62,0,0,134,4,138,0,2,194,4,200,171,0,171,371
05/22/2006,CRG,FL,ASO,ES,Federal Contract Tower,0,22,67,0,89,0,1,149,60,210,0,23,216,60,299,252,0,252,551
05/23/2006,CRG,FL,ASO,ES,Federal Contract Tower,0,23,83,0,106,0,2,163,127,292,0,25,246,127,398,171,20,191,589
05/24/2006,CRG,FL,ASO,ES,Federal Contract Tower,0,28,87,4,119,0,1,178,50,229,0,29,265,54,348,293,0,293,641
05/25/2006,CRG,FL,ASO,ES,Federal Contract Tower,0,26,83,0,109,0,0,126,32,158,0,26,209,32,267,222,0,222,489
05/26/2006,CRG,FL,ASO,ES,Federal Contract Tower,0,29,102,0,131,0,2,123,2,127,0,31,225,2,258,209,0,209,467
05/27/2006,CRG,FL,ASO,ES,Federal Contract Tower,0,1,51,0,52,0,0,127,0,127,0,1,178,0,179,171,0,171,350
05/28/2006,CRG,FL,ASO,ES,Federal Contract Tower,0,3,30,0,33,0,0,98,4,102,0,3,128,4,135,128,0,128,263
05/29/2006,CRG,FL,ASO,ES,Federal Contract Tower,0,4,65,0,69,0,1,126,0,127,0,5,191,0,196,217,0,217,413
05/30/2006,CRG,FL,ASO,ES,Federal Contract Tower,0,27,67,0,94,0,6,198,118,322,0,33,265,118,416,280,0,280,696
05/31/2006,CRG,FL,ASO,ES,Federal Contract Tower,0,25,94,0,119,0,0,133,59,192,0,25,227,59,311,156,0,156,467
06/01/2006,CRG,FL,ASO,ES,Federal Contract Tower,0,24,81,0,105,0,6,101,46,153,0,30,182,46,258,206,0,206,464
06/02/2006,CRG,FL,ASO,ES,Federal Contract Tower,0,26,72,0,98,0,2,154,48,204,0,28,226,48,302,178,2,180,482
06/03/2006,CRG,FL,ASO,ES,Federal Contract Tower,0,3,47,0,50,0,0,102,28,130,0,3,149,28,180,126,0,126,306
06/04/2006,CRG,FL,ASO,ES,Federal Contract Tower,0,2,57,0,59,0,0,132,28,160,0,2,189,28,219,138,0,138,357
06/05/2006,CRG,FL,ASO,ES,Federal Contract Tower,0,23,63,0,86,0,2,169,58,229,0,25,232,58,315,159,0,159,474
06/06/2006,CRG,FL,ASO,ES,Federal Contract Tower,0,27,100,2,129,0,2,175,78,255,0,29,275,80,384,248,0,248,632
06/07/2006,CRG,FL,ASO,ES,Federal Contract Tower,0,25,88,0,113,0,0,157,50,207,0,25,245,50,320,230,0,230,550
06/08/2006,CRG,FL,ASO,ES,Federal Contract Tower,0,25,93,0,118,0,3,176,24,203,0,28,269,24,321,210,0,210,531
06/09/2006,CRG,FL,ASO,ES,Federal Contract Tower,0,27,86,0,113,0,0,183,15,198,0,27,269,15,311,221,0,221,532
06/10/2006,CRG,FL,ASO,ES,Federal Contract Tower,0,3,54,0,57,0,0,136,0,136,0,3,190,0,193,147,0,147,340
06/11/2006,CRG,FL,ASO,ES,Federal Contract Tower,0,2,49,0,51,0,0,125,10,135,0,2,174,10,186,129,0,129,315
06/12/2006,CRG,FL,ASO,ES,Federal Contract Tower,0,27,56,0,83,0,0,75,16,91,0,27,131,16,174,98,0,98,272
06/13/2006,CRG,FL,ASO,ES,Federal Contract Tower,0,25,10,0,35,0,0,6,4,10,0,25,16,4,45,3,0,3,48
06/14/2006,CRG,FL,ASO,ES,Federal Contract Tower,0,27,61,0,88,0,0,99,30,129,0,27,160,30,217,202,0,202,419
06/15/2006,CRG,FL,ASO,ES,Federal Contract Tower,0,28,91,0,119,0,1,162,37,200,0,29,253,37,319,211,0,211,530
06/16/2006,CRG,FL,ASO,ES,Federal Contract Tower,0,24,74,0,98,0,0,144,34,178,0,24,218,34,276,202,6,208,484
06/17/2006,CRG,FL,ASO,ES,Federal Contract Tower,0,1,61,0,62,0,0,133,6,139,0,1,194,6,201,132,0,132,333
06/18/2006,CRG,FL,ASO,ES,Federal Contract Tower,0,4,65,0,69,0,0,70,8,78,0,4,135,8,147,95,0,95,242
06/19/2006,CRG,FL,ASO,ES,Federal Contract Tower,0,27,79,0,106,0,1,145,27,173,0,28,224,27,279,259,0,259,538
06/20/2006,CRG,FL,ASO,ES,Federal Contract Tower,0,32,68,0,100,0,0,158,44,202,0,32,226,44,302,226,0,226,528
06/21/2006,CRG,FL,ASO,ES,Federal Contract Tower,0,33,99,0,132,0,2,195,48,245,0,35,294,48,377,154,0,154,531
06/22/2006,CRG,FL,ASO,ES,Federal Contract Tower,0,25,99,0,124,0,1,143,44,188,0,26,242,44,312,234,4,238,550
06/23/2006,CRG,FL,ASO,ES,Federal Contract Tower,0,28,102,0,130,0,4,136,22,162,0,32,238,22,292,198,0,198,490
06/24/2006,CRG,FL,ASO,ES,Federal Contract Tower,0,5,81,0,86,0,0,114,8,122,0,5,195,8,208,109,0,109,317
06/25/2006,CRG,FL,ASO,ES,Federal Contract Tower,0,2,33,0,35,0,0,39,0,39,0,2,72,0,74,49,0,49,123
06/26/2006,CRG,FL,ASO,ES,Federal Contract Tower,0,25,74,0,99,0,0,91,16,107,0,25,165,16,206,149,0,149,355
06/27/2006,CRG,FL,ASO,ES,Federal Contract Tower,0,23,85,0,108,0,2,136,23,161,0,25,221,23,269,182,0,182,451
06/28/2006,CRG,FL,ASO,ES,Federal Contract Tower,0,28,106,0,134,0,2,102,32,136,0,30,208,32,270,222,0,222,492
06/29/2006,CRG,FL,ASO,ES,Federal Contract Tower,0,20,92,0,112,0,6,179,34,219,0,26,271,34,331,204,0,204,535
06/30/2006,CRG,FL,ASO,ES,Federal Contract Tower,0,27,107,0,134,0,0,163,2,165,0,27,270,2,299,257,0,257,556
07/01/2006,CRG,FL,ASO,ES,Federal Contract Tower,0,3,63,0,66,0,0,127,6,133,0,3,190,6,199,119,0,119,318
07/02/2006,CRG,FL,ASO,ES,Federal Contract Tower,0,2,49,0,51,0,0,95,2,97,0,2,144,2,148,102,0,102,250
07/03/2006,CRG,FL,ASO,ES,Federal Contract Tower,0,21,62,0,83,0,3,153,0,156,0,24,215,0,239,193,0,193,432
07/04/2006,CRG,FL,ASO,ES,Federal Contract Tower,0,6,31,1,38,0,1,114,2,117,0,7,145,3,155,114,2,116,271
07/05/2006,CRG,FL,ASO,ES,Federal Contract Tower,0,27,75,0,102,0,2,155,48,205,0,29,230,48,307,267,0,267,574
07/06/2006,CRG,FL,ASO,ES,Federal Contract Tower,0,26,61,4,91,0,0,103,64,167,0,26,164,68,258,155,6,161,419
07/07/2006,CRG,FL,ASO,ES,Federal Contract Tower,0,29,91,0,120,0,1,50,18,69,0,30,141,18,189,41,0,41,230
07/08/2006,CRG,FL,ASO,ES,Federal Contract Tower,0,2,51,0,53,0,1,169,7,177,0,3,220,7,230,177,0,177,407
07/09/2006,CRG,FL,ASO,ES,Federal Contract Tower,0,0,48,0,48,0,0,165,6,171,0,0,213,6,219,179,0,179,398
07/10/2006,CRG,FL,ASO,ES,Federal Contract Tower,0,28,72,0,100,0,0,190,59,249,0,28,262,59,349,231,0,231,580
07/11/2006,CRG,FL,ASO,ES,Federal Contract Tower,0,30,86,0,116,0,0,128,74,202,0,30,214,74,318,275,0,275,593
07/12/2006,CRG,FL,ASO,ES,Federal Contract Tower,0,31,78,0,109,0,2,125,53,180,0,33,203,53,289,308,0,308,597
07/13/2006,CRG,FL,ASO,ES,Federal Contract Tower,0,30,87,0,117,0,0,195,38,233,0,30,282,38,350,290,0,290,640
07/14/2006,CRG,FL,ASO,ES,Federal Contract Tower,0,28,91,0,119,0,0,139,12,151,0,28,230,12,270,258,0,258,528
07/15/2006,CRG,FL,ASO,ES,Federal Contract Tower,0,1,56,0,57,0,0,163,4,167,0,1,219,4,224,162,0,162,386
07/16/2006,CRG,FL,ASO,ES,Federal Contract Tower,0,4,60,0,64,0,0,85,6,91,0,4,145,6,155,153,0,153,308
07/17/2006,CRG,FL,ASO,ES,Federal Contract Tower,0,28,72,0,100,0,0,139,44,183,0,28,211,44,283,252,0,252,535
07/18/2006,CRG,FL,ASO,ES,Federal Contract Tower,0,26,69,0,95,0,0,152,84,236,0,26,221,84,331,234,0,234,565
07/19/2006,CRG,FL,ASO,ES,Federal Contract Tower,0,30,83,0,113,0,0,192,36,228,0,30,275,36,341,210,0,210,551
07/20/2006,CRG,FL,ASO,ES,Federal Contract Tower,0,32,83,0,115,0,0,151,52,203,0,32,234,52,318,220,0,220,538
07/21/2006,CRG,FL,ASO,ES,Federal Contract Tower,0,28,87,0,115,0,1,136,18,155,0,29,223,18,270,182,0,182,452
07/22/2006,CRG,FL,ASO,ES,Federal Contract Tower,0,2,45,0,47,0,0,119,6,125,0,2,164,6,172,177,0,177,349
07/23/2006,CRG,FL,ASO,ES,Federal Contract Tower,0,8,44,0,52,0,0,108,4,112,0,8,152,4,164,99,0,99,263
07/24/2006,CRG,FL,ASO,ES,Federal Contract Tower,0,27,75,0,102,0,0,120,18,138,0,27,195,18,240,128,0,128,368
07/25/2006,CRG,FL,ASO,ES,Federal Contract Tower,0,27,82,0,109,0,0,131,38,169,0,27,213,38,278,218,0,218,496
07/26/2006,CRG,FL,ASO,ES,Federal Contract Tower,0,27,72,0,99,0,2,168,84,254,0,29,240,84,353,225,0,225,578
07/27/2006,CRG,FL,ASO,ES,Federal Contract Tower,0,25,83,0,108,0,2,180,59,241,0,27,263,59,349,155,0,155,504
07/28/2006,CRG,FL,ASO,ES,Federal Contract Tower,0,23,61,0,84,0,2,150,14,166,0,25,211,14,250,142,30,172,422
07/29/2006,CRG,FL,ASO,ES,Federal Contract Tower,0,5,52,0,57,0,1,109,10,120,0,6,161,10,177,190,0,190,367
07/30/2006,CRG,FL,ASO,ES,Federal Contract Tower,0,1,71,0,72,0,0,88,10,98,0,1,159,10,170,91,0,91,261
07/31/2006,CRG,FL,ASO,ES,Federal Contract Tower,0,26,63,0,89,0,3,120,14,137,0,29,183,14,226,159,0,159,385
08/01/2006,CRG,FL,ASO,ES,Federal Contract Tower,0,24,83,0,107,0,0,128,28,156,0,24,211,28,263,152,0,152,415
08/02/2006,CRG,FL,ASO,ES,Federal Contract Tower,0,29,96,1,126,0,2,137,43,182,0,31,233,44,308,211,8,219,527
08/03/2006,CRG,FL,ASO,ES,Federal Contract Tower,0,28,105,0,133,0,2,176,60,238,0,30,281,60,371,177,5,182,553
08/04/2006,CRG,FL,ASO,ES,Federal Contract Tower,0,23,72,0,95,0,2,125,26,153,0,25,197,26,248,159,0,159,407
08/05/2006,CRG,FL,ASO,ES,Federal Contract Tower,0,2,55,0,57,0,0,139,12,151,0,2,194,12,208,139,0,139,347
08/06/2006,CRG,FL,ASO,ES,Federal Contract Tower,0,1,61,0,62,0,0,105,6,111,0,1,166,6,173,112,0,112,285
08/07/2006,CRG,FL,ASO,ES,Federal Contract Tower,0,24,63,2,89,0,2,133,54,189,0,26,196,56,278,155,2,157,435
08/08/2006,CRG,FL,ASO,ES,Federal Contract Tower,0,23,60,2,85,0,0,175,30,205,0,23,235,32,290,201,0,201,491
08/09/2006,CRG,FL,ASO,ES,Federal Contract Tower,0,30,96,0,126,0,3,125,42,170,0,33,221,42,296,176,0,176,472
08/10/2006,CRG,FL,ASO,ES,Federal Contract Tower,0,27,74,1,102,0,2,121,45,168,0,29,195,46,270,219,8,227,497
08/11/2006,CRG,FL,ASO,ES,Federal Contract Tower,0,27,72,0,99,0,1,120,12,133,0,28,192,12,232,76,0,76,308
08/12/2006,CRG,FL,ASO,ES,Federal Contract Tower,0,0,41,0,41,0,0,181,4,185,0,0,222,4,226,164,0,164,390
08/13/2006,CRG,FL,ASO,ES,Federal Contract Tower,0,0,49,0,49,0,0,18,0,18,0,0,67,0,67,22,0,22,89
08/14/2006,CRG,FL,ASO,ES,Federal Contract Tower,0,26,57,0,83,0,0,164,38,202,0,26,221,38,285,266,6,272,557
08/15/2006,CRG,FL,ASO,ES,Federal Contract Tower,0,24,67,0,91,0,2,131,57,190,0,26,198,57,281,214,0,214,495
08/16/2006,CRG,FL,ASO,ES,Federal Contract Tower,0,21,83,0,104,0,3,199,66,268,0,24,282,66,372,270,0,270,642
08/17/2006,CRG,FL,ASO,ES,Federal Contract Tower,0,24,75,0,99,0,5,153,62,220,0,29,228,62,319,202,4,206,525
08/18/2006,CRG,FL,ASO,ES,Federal Contract Tower,0,25,68,0,93,0,5,103,12,120,0,30,171,12,213,136,0,136,349
08/19/2006,CRG,FL,ASO,ES,Federal Contract Tower,0,0,62,0,62,0,0,53,10,63,0,0,115,10,125,68,0,68,193
08/20/2006,CRG,FL,ASO,ES,Federal Contract Tower,0,3,46,0,49,0,0,84,6,90,0,3,130,6,139,146,0,146,285
08/21/2006,CRG,FL,ASO,ES,Federal Contract Tower,0,26,67,0,93,0,5,107,56,168,0,31,174,56,261,170,0,170,431
08/22/2006,CRG,FL,ASO,ES,Federal Contract Tower,0,23,64,0,87,0,3,156,35,194,0,26,220,35,281,163,0,163,444
08/23/2006,CRG,FL,ASO,ES,Federal Contract Tower,0,27,77,0,104,0,0,129,32,161,0,27,206,32,265,202,0,202,467
08/24/2006,CRG,FL,ASO,ES,Federal Contract Tower,0,24,81,0,105,0,4,123,32,159,0,28,204,32,264,162,0,162,426
08/25/2006,CRG,FL,ASO,ES,Federal Contract Tower,0,26,79,0,105,0,0,43,10,53,0,26,122,10,158,72,0,72,230
08/26/2006,CRG,FL,ASO,ES,Federal Contract Tower,0,2,58,0,60,0,2,140,4,146,0,4,198,4,206,166,0,166,372
08/27/2006,CRG,FL,ASO,ES,Federal Contract Tower,0,0,44,0,44,0,0,100,6,106,0,0,144,6,150,61,0,61,211
08/28/2006,CRG,FL,ASO,ES,Federal Contract Tower,0,26,66,0,92,0,3,129,34,166,0,29,195,34,258,187,0,187,445
08/29/2006,CRG,FL,ASO,ES,Federal Contract Tower,0,27,53,0,80,0,2,200,52,254,0,29,253,52,334,179,10,189,523
08/30/2006,CRG,FL,ASO,ES,Federal Contract Tower,0,24,59,0,83,0,1,65,158,224,0,25,124,158,307,61,0,61,368
08/31/2006,CRG,FL,ASO,ES,Federal Contract Tower,0,26,66,1,93,0,3,56,32,91,0,29,122,33,184,70,6,76,260
09/01/2006,CRG,FL,ASO,ES,Federal Contract Tower,0,28,75,0,103,0,4,159,6,169,0,32,234,6,272,161,0,161,433
09/02/2006,CRG,FL,ASO,ES,Federal Contract Tower,0,2,49,0,51,0,0,143,6,149,0,2,192,6,200,108,0,108,308
09/03/2006,CRG,FL,ASO,ES,Federal Contract Tower,0,1,39,0,40,0,0,114,0,114,0,1,153,0,154,86,0,86,240
09/04/2006,CRG,FL,ASO,ES,Federal Contract Tower,0,3,47,0,50,0,0,161,4,165,0,3,208,4,215,243,0,243,458
09/05/2006,CRG,FL,ASO,ES,Federal Contract Tower,0,31,65,0,96,0,1,183,36,220,0,32,248,36,316,173,0,173,489
09/06/2006,CRG,FL,ASO,ES,Federal Contract Tower,0,33,70,0,103,0,0,128,84,212,0,33,198,84,315,248,6,254,569
09/07/2006,CRG,FL,ASO,ES,Federal Contract Tower,0,28,58,0,86,0,0,127,50,177,0,28,185,50,263,86,0,86,349
09/08/2006,CRG,FL,ASO,ES,Federal Contract Tower,0,30,67,0,97,0,1,152,28,181,0,31,219,28,278,355,0,355,633
09/09/2006,CRG,FL,ASO,ES,Federal Contract Tower,0,2,58,0,60,0,3,164,4,171,0,5,222,4,231,221,0,221,452
09/10/2006,CRG,FL,ASO,ES,Federal Contract Tower,0,1,71,0,72,0,0,35,6,41,0,1,106,6,113,72,0,72,185
09/11/2006,CRG,FL,ASO,ES,Federal Contract Tower,0,26,75,0,101,0,2,183,78,263,0,28,258,78,364,234,0,234,598
09/12/2006,CRG,FL,ASO,ES,Federal Contract Tower,0,27,72,0,99,0,1,90,100,191,0,28,162,100,290,126,0,126,416
09/13/2006,CRG,FL,ASO,ES,Federal Contract Tower,0,26,55,0,81,0,1,156,44,201,0,27,211,44,282,220,0,220,502
09/14/2006,CRG,FL,ASO,ES,Federal Contract Tower,0,23,80,0,103,0,0,129,50,179,0,23,209,50,282,178,0,178,460
09/15/2006,CRG,FL,ASO,ES,Federal Contract Tower,0,28,68,0,96,0,1,198,32,231,0,29,266,32,327,203,0,203,530
09/16/2006,CRG,FL,ASO,ES,Federal Contract Tower,0,1,55,0,56,0,0,142,10,152,0,1,197,10,208,184,0,184,392
09/17/2006,CRG,FL,ASO,ES,Federal Contract Tower,0,2,73,0,75,0,0,123,4,127,0,2,196,4,202,193,0,193,395
09/18/2006,CRG,FL,ASO,ES,Federal Contract Tower,0,28,65,0,93,0,1,147,56,204,0,29,212,56,297,231,0,231,528
09/19/2006,CRG,FL,ASO,ES,Federal Contract Tower,0,27,70,0,97,0,1,113,49,163,0,28,183,49,260,96,0,96,356
09/20/2006,CRG,FL,ASO,ES,Federal Contract Tower,0,24,66,0,90,0,0,256,48,304,0,24,322,48,394,295,0,295,689
09/21/2006,CRG,FL,ASO,ES,Federal Contract Tower,0,25,79,0,104,0,3,218,76,297,0,28,297,76,401,296,0,296,697
09/22/2006,CRG,FL,ASO,ES,Federal Contract Tower,0,22,106,0,128,0,1,179,16,196,0,23,285,16,324,285,0,285,609
09/23/2006,CRG,FL,ASO,ES,Federal Contract Tower,0,0,38,0,38,0,1,183,8,192,0,1,221,8,230,279,0,279,509
09/24/2006,CRG,FL,ASO,ES,Federal Contract Tower,0,0,47,0,47,0,0,160,20,180,0,0,207,20,227,151,0,151,378
09/25/2006,CRG,FL,ASO,ES,Federal Contract Tower,0,27,57,0,84,0,2,146,40,188,0,29,203,40,272,210,0,210,482
09/26/2006,CRG,FL,ASO,ES,Federal Contract Tower,0,26,94,3,123,0,1,149,53,203,0,27,243,56,326,282,0,282,608
09/27/2006,CRG,FL,ASO,ES,Federal Contract Tower,0,24,93,0,117,0,2,147,22,171,0,26,240,22,288,289,0,289,577
09/28/2006,CRG,FL,ASO,ES,Federal Contract Tower,0,29,77,0,106,0,0,179,18,197,0,29,256,18,303,186,0,186,489
09/29/2006,CRG,FL,ASO,ES,Federal Contract Tower,0,26,65,0,91,0,0,161,8,169,0,26,226,8,260,210,2,212,472
09/30/2006,CRG,FL,ASO,ES,Federal Contract Tower,0,0,48,0,48,0,0,155,0,155,0,0,203,0,203,278,0,278,481
10/01/2006,CRG,FL,ASO,ES,Federal Contract Tower,0,3,56,0,59,0,0,178,12,190,0,3,234,12,249,191,0,191,440
10/02/2006,CRG,FL,ASO,ES,Federal Contract Tower,0,25,52,0,77,0,0,178,131,309,0,25,230,131,386,265,0,265,651
10/03/2006,CRG,FL,ASO,ES,Federal Contract Tower,0,25,67,0,92,0,1,171,108,280,0,26,238,108,372,226,0,226,598
10/04/2006,CRG,FL,ASO,ES,Federal Contract Tower,0,26,94,1,121,0,2,208,143,353,0,28,302,144,474,374,0,374,848
10/05/2006,CRG,FL,ASO,ES,Federal Contract Tower,0,29,88,1,118,0,2,179,188,369,0,31,267,189,487,336,0,336,823
10/06/2006,CRG,FL,ASO,ES,Federal Contract Tower,0,26,101,0,127,0,2,178,56,236,0,28,279,56,363,260,0,260,623
10/07/2006,CRG,FL,ASO,ES,Federal Contract Tower,0,5,79,0,84,0,0,117,26,143,0,5,196,26,227,118,0,118,345
10/08/2006,CRG,FL,ASO,ES,Federal Contract Tower,0,5,61,0,66,0,0,144,58,202,0,5,205,58,268,180,0,180,448
10/09/2006,CRG,FL,ASO,ES,Federal Contract Tower,0,14,64,0,78,0,0,129,0,129,0,14,193,0,207,144,0,144,351
10/10/2006,CRG,FL,ASO,ES,Federal Contract Tower,0,26,96,0,122,0,0,178,116,294,0,26,274,116,416,313,2,315,731
10/11/2006,CRG,FL,ASO,ES,Federal Contract Tower,0,28,65,0,93,0,1,177,24,202,0,29,242,24,295,228,0,228,523
10/12/2006,CRG,FL,ASO,ES,Federal Contract Tower,0,25,89,0,114,0,0,135,52,187,0,25,224,52,301,148,0,148,449
10/13/2006,CRG,FL,ASO,ES,Federal Contract Tower,0,27,93,0,120,0,2,128,23,153,0,29,221,23,273,177,0,177,450
10/14/2006,CRG,FL,ASO,ES,Federal Contract Tower,0,0,48,0,48,0,0,157,4,161,0,0,205,4,209,217,0,217,426
10/15/2006,CRG,FL,ASO,ES,Federal Contract Tower,0,2,57,0,59,0,0,128,0,128,0,2,185,0,187,133,0,133,320
10/16/2006,CRG,FL,ASO,ES,Federal Contract Tower,0,28,65,1,94,0,2,125,59,186,0,30,190,60,280,191,0,191,471
10/17/2006,CRG,FL,ASO,ES,Federal Contract Tower,0,30,74,0,104,0,0,183,138,321,0,30,257,138,425,191,0,191,616
10/18/2006,CRG,FL,ASO,ES,Federal Contract Tower,0,28,67,0,95,0,0,69,50,119,0,28,136,50,214,121,18,139,353
10/19/2006,CRG,FL,ASO,ES,Federal Contract Tower,0,27,83,0,110,0,2,65,68,135,0,29,148,68,245,172,0,172,417
10/20/2006,CRG,FL,ASO,ES,Federal Contract Tower,0,28,85,0,113,0,0,122,12,134,0,28,207,12,247,199,0,199,446
10/21/2006,CRG,FL,ASO,ES,Federal Contract Tower,0,0,63,0,63,0,0,201,6,207,0,0,264,6,270,233,0,233,503
10/22/2006,CRG,FL,ASO,ES,Federal Contract Tower,0,2,44,0,46,0,0,118,2,120,0,2,162,2,166,145,0,145,311
10/23/2006,CRG,FL,ASO,ES,Federal Contract Tower,0,23,56,0,79,0,4,138,34,176,0,27,194,34,255,167,0,167,422
10/24/2006,CRG,FL,ASO,ES,Federal Contract Tower,0,28,86,0,114,0,1,165,26,192,0,29,251,26,306,201,12,213,519
10/25/2006,CRG,FL,ASO,ES,Federal Contract Tower,0,27,109,0,136,0,0,147,77,224,0,27,256,77,360,273,2,275,635
10/26/2006,CRG,FL,ASO,ES,Federal Contract Tower,0,24,114,0,138,0,0,124,58,182,0,24,238,58,320,268,0,268,588
10/27/2006,CRG,FL,ASO,ES,Federal Contract Tower,0,30,98,0,128,0,0,58,2,60,0,30,156,2,188,141,0,141,329
10/28/2006,CRG,FL,ASO,ES,Federal Contract Tower,0,8,87,0,95,0,0,89,2,91,0,8,176,2,186,142,0,142,328
10/29/2006,CRG,FL,ASO,ES,Federal Contract Tower,0,11,95,0,106,0,0,148,4,152,0,11,243,4,258,139,0,139,397
10/30/2006,CRG,FL,ASO,ES,Federal Contract Tower,0,27,83,1,111,0,1,120,34,155,0,28,203,35,266,199,0,199,465
10/31/2006,CRG,FL,ASO,ES,Federal Contract Tower,0,24,70,3,97,0,0,125,78,203,0,24,195,81,300,247,0,247,547
11/01/2006,CRG,FL,ASO,ES,Federal Contract Tower,0,28,75,1,104,0,2,134,103,239,0,30,209,104,343,276,0,276,619
11/02/2006,CRG,FL,ASO,ES,Federal Contract Tower,0,27,98,0,125,0,3,199,58,260,0,30,297,58,385,272,0,272,657
11/03/2006,CRG,FL,ASO,ES,Federal Contract Tower,0,29,87,0,116,0,2,79,6,87,0,31,166,6,203,48,0,48,251
11/04/2006,CRG,FL,ASO,ES,Federal Contract Tower,0,4,53,0,57,0,0,113,6,119,0,4,166,6,176,125,0,125,301
11/05/2006,CRG,FL,ASO,ES,Federal Contract Tower,0,4,56,0,60,0,0,26,8,34,0,4,82,8,94,28,0,28,122
11/06/2006,CRG,FL,ASO,ES,Federal Contract Tower,0,29,75,0,104,0,1,136,34,171,0,30,211,34,275,251,0,251,526
11/07/2006,CRG,FL,ASO,ES,Federal Contract Tower,0,27,65,0,92,0,0,77,38,115,0,27,142,38,207,156,6,162,369
11/08/2006,CRG,FL,ASO,ES,Federal Contract Tower,0,29,68,0,97,0,1,151,77,229,0,30,219,77,326,107,0,107,433
11/09/2006,CRG,FL,ASO,ES,Federal Contract Tower,0,24,106,0,130,0,2,219,65,286,0,26,325,65,416,260,0,260,676
11/10/2006,CRG,FL,ASO,ES,Federal Contract Tower,0,23,113,0,136,0,1,202,4,207,0,24,315,4,343,279,0,279,622
11/11/2006,CRG,FL,ASO,ES,Federal Contract Tower,0,2,48,0,50,0,0,205,6,211,0,2,253,6,261,245,0,245,506
11/12/2006,CRG,FL,ASO,ES,Federal Contract Tower,0,0,57,0,57,0,0,146,4,150,0,0,203,4,207,151,0,151,358
11/13/2006,CRG,FL,ASO,ES,Federal Contract Tower,0,30,82,0,112,0,0,150,84,234,0,30,232,84,346,329,0,329,675
11/14/2006,CRG,FL,ASO,ES,Federal Contract Tower,0,26,108,0,134,0,1,220,81,302,0,27,328,81,436,205,0,205,641
11/15/2006,CRG,FL,ASO,ES,Federal Contract Tower,0,26,70,0,96,0,1,157,41,199,0,27,227,41,295,170,0,170,465
11/16/2006,CRG,FL,ASO,ES,Federal Contract Tower,0,29,92,0,121,0,2,70,64,136,0,31,162,64,257,130,0,130,387
11/17/2006,CRG,FL,ASO,ES,Federal Contract Tower,0,25,89,2,116,0,1,139,26,166,0,26,228,28,282,247,5,252,534
11/18/2006,CRG,FL,ASO,ES,Federal Contract Tower,0,4,52,0,56,0,1,194,12,207,0,5,246,12,263,174,0,174,437
11/19/2006,CRG,FL,ASO,ES,Federal Contract Tower,0,6,56,2,64,0,0,160,10,170,0,6,216,12,234,94,0,94,328
11/20/2006,CRG,FL,ASO,ES,Federal Contract Tower,0,23,83,0,106,0,0,136,16,152,0,23,219,16,258,214,0,214,472
11/21/2006,CRG,FL,ASO,ES,Federal Contract Tower,0,24,85,0,109,0,6,41,58,105,0,30,126,58,214,16,0,16,230
11/22/2006,CRG,FL,ASO,ES,Federal Contract Tower,0,17,91,0,108,0,0,80,6,86,0,17,171,6,194,98,0,98,292
11/23/2006,CRG,FL,ASO,ES,Federal Contract Tower,0,1,20,0,21,0,0,65,2,67,0,1,85,2,88,46,0,46,134
11/24/2006,CRG,FL,ASO,ES,Federal Contract Tower,0,18,33,0,51,0,3,107,0,110,0,21,140,0,161,140,0,140,301
11/25/2006,CRG,FL,ASO,ES,Federal Contract Tower,0,2,60,0,62,0,1,145,2,148,0,3,205,2,210,166,0,166,376
11/26/2006,CRG,FL,ASO,ES,Federal Contract Tower,0,3,62,0,65,0,0,95,0,95,0,3,157,0,160,150,0,150,310
11/27/2006,CRG,FL,ASO,ES,Federal Contract Tower,0,22,68,0,90,0,2,44,0,46,0,24,112,0,136,37,0,37,173
11/28/2006,CRG,FL,ASO,ES,Federal Contract Tower,0,21,89,0,110,0,1,144,112,257,0,22,233,112,367,254,0,254,621
11/29/2006,CRG,FL,ASO,ES,Federal Contract Tower,0,29,85,0,114,0,1,116,117,234,0,30,201,117,348,279,6,285,633
11/30/2006,CRG,FL,ASO,ES,Federal Contract Tower,0,26,89,0,115,0,1,85,20,106,0,27,174,20,221,168,0,168,389
12/01/2006,CRG,FL,ASO,ES,Federal Contract Tower,0,22,102,0,124,0,4,40,16,60,0,26,142,16,184,107,0,107,291
12/02/2006,CRG,FL,ASO,ES,Federal Contract Tower,0,0,130,0,130,0,0,23,6,29,0,0,153,6,159,152,0,152,311
12/03/2006,CRG,FL,ASO,ES,Federal Contract Tower,0,0,78,0,78,0,0,63,0,63,0,0,141,0,141,134,0,134,275
12/04/2006,CRG,FL,ASO,ES,Federal Contract Tower,0,18,95,0,113,0,0,225,96,321,0,18,320,96,434,291,0,291,725
12/05/2006,CRG,FL,ASO,ES,Federal Contract Tower,0,19,102,0,121,0,1,201,85,287,0,20,303,85,408,233,0,233,641
12/06/2006,CRG,FL,ASO,ES,Federal Contract Tower,0,22,85,0,107,0,4,186,66,256,0,26,271,66,363,259,2,261,624
12/07/2006,CRG,FL,ASO,ES,Federal Contract Tower,0,21,102,0,123,0,0,149,48,197,0,21,251,48,320,253,0,253,573
12/08/2006,CRG,FL,ASO,ES,Federal Contract Tower,0,21,83,0,104,0,1,141,30,172,0,22,224,30,276,100,0,100,376
12/09/2006,CRG,FL,ASO,ES,Federal Contract Tower,0,1,84,0,85,0,0,101,8,109,0,1,185,8,194,168,0,168,362
12/10/2006,CRG,FL,ASO,ES,Federal Contract Tower,0,6,59,0,65,0,0,92,0,92,0,6,151,0,157,113,0,113,270
12/11/2006,CRG,FL,ASO,ES,Federal Contract Tower,0,26,96,0,122,0,1,177,76,254,0,27,273,76,376,242,0,242,618
12/12/2006,CRG,FL,ASO,ES,Federal Contract Tower,0,27,78,0,105,0,8,176,146,330,0,35,254,146,435,206,0,206,641
12/13/2006,CRG,FL,ASO,ES,Federal Contract Tower,0,24,110,0,134,0,0,77,66,143,0,24,187,66,277,119,0,119,396
12/14/2006,CRG,FL,ASO,ES,Federal Contract Tower,0,19,65,1,85,0,0,4,1,5,0,19,69,2,90,0,0,0,90
12/15/2006,CRG,FL,ASO,ES,Federal Contract Tower,0,21,87,1,109,0,0,34,11,45,0,21,121,12,154,46,0,46,200
12/16/2006,CRG,FL,ASO,ES,Federal Contract Tower,0,3,63,0,66,0,0,129,0,129,0,3,192,0,195,252,0,252,447
12/17/2006,CRG,FL,ASO,ES,Federal Contract Tower,0,2,60,0,62,0,0,128,2,130,0,2,188,2,192,174,0,174,366
12/18/2006,CRG,FL,ASO,ES,Federal Contract Tower,0,24,65,0,89,0,3,172,64,239,0,27,237,64,328,186,0,186,514
12/19/2006,CRG,FL,ASO,ES,Federal Contract Tower,0,21,88,2,111,0,0,171,64,235,0,21,259,66,346,208,2,210,556
12/20/2006,CRG,FL,ASO,ES,Federal Contract Tower,0,26,78,0,104,0,1,133,44,178,0,27,211,44,282,129,0,129,411
12/21/2006,CRG,FL,ASO,ES,Federal Contract Tower,0,24,84,0,108,0,0,33,30,63,0,24,117,30,171,39,0,39,210
12/22/2006,CRG,FL,ASO,ES,Federal Contract Tower,0,21,38,0,59,0,1,56,6,63,0,22,94,6,122,58,0,58,180
12/23/2006,CRG,FL,ASO,ES,Federal Contract Tower,0,3,55,0,58,0,0,80,0,80,0,3,135,0,138,70,0,70,208
12/24/2006,CRG,FL,ASO,ES,Federal Contract Tower,0,2,14,0,16,0,0,33,0,33,0,2,47,0,49,22,0,22,71
12/25/2006,CRG,FL,ASO,ES,Federal Contract Tower,0,0,5,0,5,0,0,3,0,3,0,0,8,0,8,0,0,0,8
12/26/2006,CRG,FL,ASO,ES,Federal Contract Tower,0,25,71,0,96,0,1,65,10,76,0,26,136,10,172,46,0,46,218
12/27/2006,CRG,FL,ASO,ES,Federal Contract Tower,0,24,61,0,85,0,2,147,33,182,0,26,208,33,267,99,0,99,366
12/28/2006,CRG,FL,ASO,ES,Federal Contract Tower,0,23,71,0,94,0,0,107,78,185,0,23,178,78,279,151,10,161,440
12/29/2006,CRG,FL,ASO,ES,Federal Contract Tower,0,23,72,0,95,0,5,113,6,124,0,28,185,6,219,220,0,220,439
12/30/2006,CRG,FL,ASO,ES,Federal Contract Tower,0,6,57,0,63,0,1,95,0,96,0,7,152,0,159,61,0,61,220
12/31/2006,CRG,FL,ASO,ES,Federal Contract Tower,0,4,43,0,47,0,0,62,0,62,0,4,105,0,109,66,0,66,175
01/01/2007,CRG,FL,ASO,ES,Federal Contract Tower,0,3,64,0,67,0,0,27,2,29,0,3,91,2,96,4,0,4,100
01/02/2007,CRG,FL,ASO,ES,Federal Contract Tower,0,25,83,0,108,0,1,153,2,156,0,26,236,2,264,105,0,105,369
01/03/2007,CRG,FL,ASO,ES,Federal Contract Tower,0,22,61,0,83,0,0,73,32,105,0,22,134,32,188,54,0,54,242
01/04/2007,CRG,FL,ASO,ES,Federal Contract Tower,0,18,71,0,89,0,0,61,42,103,0,18,132,42,192,126,0,126,318
01/05/2007,CRG,FL,ASO,ES,Federal Contract Tower,0,25,53,1,79,0,0,102,13,115,0,25,155,14,194,211,0,211,405
01/06/2007,CRG,FL,ASO,ES,Federal Contract Tower,0,5,71,0,76,0,0,147,4,151,0,5,218,4,227,193,0,193,420
01/07/2007,CRG,FL,ASO,ES,Federal Contract Tower,0,6,45,0,51,0,0,134,11,145,0,6,179,11,196,57,0,57,253
01/08/2007,CRG,FL,ASO,ES,Federal Contract Tower,0,21,65,2,88,0,1,61,11,73,0,22,126,13,161,35,0,35,196
01/09/2007,CRG,FL,ASO,ES,Federal Contract Tower,0,21,58,0,79,0,2,160,55,217,0,23,218,55,296,83,0,83,379
01/10/2007,CRG,FL,ASO,ES,Federal Contract Tower,0,26,95,1,122,0,2,170,100,272,0,28,265,101,394,284,2,286,680
01/11/2007,CRG,FL,ASO,ES,Federal Contract Tower,0,24,66,0,90,0,1,152,110,263,0,25,218,110,353,215,0,215,568
01/12/2007,CRG,FL,ASO,ES,Federal Contract Tower,0,25,91,0,116,0,1,176,74,251,0,26,267,74,367,274,0,274,641
01/13/2007,CRG,FL,ASO,ES,Federal Contract Tower,0,0,58,0,58,0,0,182,4,186,0,0,240,4,244,229,0,229,473
01/14/2007,CRG,FL,ASO,ES,Federal Contract Tower,0,4,67,0,71,0,0,119,0,119,0,4,186,0,190,105,0,105,295
01/15/2007,CRG,FL,ASO,ES,Federal Contract Tower,0,9,79,0,88,0,0,210,0,210,0,9,289,0,298,270,0,270,568
01/16/2007,CRG,FL,ASO,ES,Federal Contract Tower,0,20,82,0,102,0,3,208,72,283,0,23,290,72,385,240,0,240,625
01/17/2007,CRG,FL,ASO,ES,Federal Contract Tower,0,20,59,0,79,0,0,11,14,25,0,20,70,14,104,17,0,17,121
01/18/2007,CRG,FL,ASO,ES,Federal Contract Tower,0,22,85,0,107,0,0,20,30,50,0,22,105,30,157,0,0,0,157
01/19/2007,CRG,FL,ASO,ES,Federal Contract Tower,0,22,83,0,105,0,3,150,19,172,0,25,233,19,277,217,6,223,500
01/20/2007,CRG,FL,ASO,ES,Federal Contract Tower,0,4,68,0,72,0,0,203,6,209,0,4,271,6,281,179,0,179,460
01/21/2007,CRG,FL,ASO,ES,Federal Contract Tower,0,3,59,0,62,0,0,196,2,198,0,3,255,2,260,147,0,147,407
01/22/2007,CRG,FL,ASO,ES,Federal Contract Tower,0,21,67,0,88,0,2,65,22,89,0,23,132,22,177,66,0,66,243
01/23/2007,CRG,FL,ASO,ES,Federal Contract Tower,0,24,97,0,121,0,0,109,37,146,0,24,206,37,267,210,0,210,477
01/24/2007,CRG,FL,ASO,ES,Federal Contract Tower,0,25,61,0,86,0,0,137,58,195,0,25,198,58,281,238,0,238,519
01/25/2007,CRG,FL,ASO,ES,Federal Contract Tower,0,19,83,0,102,0,1,171,48,220,0,20,254,48,322,228,0,228,550
01/26/2007,CRG,FL,ASO,ES,Federal Contract Tower,0,23,90,0,113,0,4,200,48,252,0,27,290,48,365,197,0,197,562
01/27/2007,CRG,FL,ASO,ES,Federal Contract Tower,0,2,62,0,64,0,1,171,0,172,0,3,233,0,236,140,0,140,376
01/28/2007,CRG,FL,ASO,ES,Federal Contract Tower,0,3,53,0,56,0,0,94,0,94,0,3,147,0,150,61,0,61,211
01/29/2007,CRG,FL,ASO,ES,Federal Contract Tower,0,21,73,0,94,0,3,161,62,226,0,24,234,62,320,233,0,233,553
01/30/2007,CRG,FL,ASO,ES,Federal Contract Tower,0,20,100,0,120,0,3,151,57,211,0,23,251,57,331,208,0,208,539
01/31/2007,CRG,FL,ASO,ES,Federal Contract Tower,0,21,74,0,95,0,6,178,154,338,0,27,252,154,433,160,6,166,599
02/01/2007,CRG,FL,ASO,ES,Federal Contract Tower,0,16,53,0,69,0,2,99,26,127,0,18,152,26,196,56,2,58,254
02/02/2007,CRG,FL,ASO,ES,Federal Contract Tower,0,16,86,0,102,0,3,124,16,143,0,19,210,16,245,133,0,133,378
02/03/2007,CRG,FL,ASO,ES,Federal Contract Tower,0,1,63,0,64,0,0,122,4,126,0,1,185,4,190,139,0,139,329
02/04/2007,CRG,FL,ASO,ES,Federal Contract Tower,0,2,38,0,40,0,0,129,10,139,0,2,167,10,179,71,6,77,256
02/05/2007,CRG,FL,ASO,ES,Federal Contract Tower,0,16,88,0,104,0,3,114,34,151,0,19,202,34,255,102,4,106,361
02/06/2007,CRG,FL,ASO,ES,Federal Contract Tower,0,20,95,0,115,0,3,140,104,247,0,23,235,104,362,253,0,253,615
02/07/2007,CRG,FL,ASO,ES,Federal Contract Tower,0,17,115,0,132,0,4,172,54,230,0,21,287,54,362,288,0,288,650
02/08/2007,CRG,FL,ASO,ES,Federal Contract Tower,0,22,87,0,109,0,3,182,52,237,0,25,269,52,346,236,0,236,582
02/09/2007,CRG,FL,ASO,ES,Federal Contract Tower,0,19,87,0,106,0,5,191,23,219,0,24,278,23,325,310,0,310,635
02/10/2007,CRG,FL,ASO,ES,Federal Contract Tower,0,2,66,0,68,0,0,175,13,188,0,2,241,13,256,159,0,159,415
02/11/2007,CRG,FL,ASO,ES,Federal Contract Tower,0,2,59,0,61,0,0,190,7,197,0,2,249,7,258,151,0,151,409
02/12/2007,CRG,FL,ASO,ES,Federal Contract Tower,0,19,60,0,79,0,2,163,64,229,0,21,223,64,308,164,0,164,472
02/13/2007,CRG,FL,ASO,ES,Federal Contract Tower,0,20,69,0,89,0,1,92,72,165,0,21,161,72,254,113,0,113,367
02/14/2007,CRG,FL,ASO,ES,Federal Contract Tower,0,17,72,0,89,0,2,149,60,211,0,19,221,60,300,164,0,164,464
02/15/2007,CRG,FL,ASO,ES,Federal Contract Tower,0,23,86,0,109,0,9,230,56,295,0,32,316,56,404,158,0,158,562
02/16/2007,CRG,FL,ASO,ES,Federal Contract Tower,0,18,85,0,103,0,2,186,4,192,0,20,271,4,295,260,0,260,555
02/17/2007,CRG,FL,ASO,ES,Federal Contract Tower,0,4,76,0,80,0,0,187,4,191,0,4,263,4,271,156,0,156,427
02/18/2007,CRG,FL,ASO,ES,Federal Contract Tower,0,0,68,0,68,0,0,107,0,107,0,0,175,0,175,153,0,153,328
02/19/2007,CRG,FL,ASO,ES,Federal Contract Tower,0,7,95,0,102,0,2,217,2,221,0,9,312,2,323,212,0,212,535
02/20/2007,CRG,FL,ASO,ES,Federal Contract Tower,0,17,113,0,130,0,1,185,58,244,0,18,298,58,374,227,0,227,601
02/21/2007,CRG,FL,ASO,ES,Federal Contract Tower,0,26,79,0,105,0,3,161,34,198,0,29,240,34,303,218,0,218,521
02/22/2007,CRG,FL,ASO,ES,Federal Contract Tower,0,25,92,0,117,0,2,179,28,209,0,27,271,28,326,178,0,178,504
02/23/2007,CRG,FL,ASO,ES,Federal Contract Tower,0,21,111,0,132,0,2,240,59,301,0,23,351,59,433,206,0,206,639
02/24/2007,CRG,FL,ASO,ES,Federal Contract Tower,0,4,68,0,72,0,0,171,8,179,0,4,239,8,251,125,0,125,376
02/25/2007,CRG,FL,ASO,ES,Federal Contract Tower,0,2,41,0,43,0,0,61,8,69,0,2,102,8,112,32,0,32,144
02/26/2007,CRG,FL,ASO,ES,Federal Contract Tower,0,21,108,0,129,0,0,218,58,276,0,21,326,58,405,306,0,306,711
02/27/2007,CRG,FL,ASO,ES,Federal Contract Tower,0,22,86,0,108,0,2,190,112,304,0,24,276,112,412,230,0,230,642
02/28/2007,CRG,FL,ASO,ES,Federal Contract Tower,0,24,76,0,100,0,3,193,58,254,0,27,269,58,354,262,0,262,616
03/01/2007,CRG,FL,ASO,ES,Federal Contract Tower,0,20,59,0,79,0,0,71,32,103,0,20,130,32,182,124,0,124,306
03/02/2007,CRG,FL,ASO,ES,Federal Contract Tower,0,24,91,0,115,0,1,62,10,73,0,25,153,10,188,66,0,66,254
03/03/2007,CRG,FL,ASO,ES,Federal Contract Tower,0,2,73,0,75,0,0,120,2,122,0,2,193,2,197,191,0,191,388
03/04/2007,CRG,FL,ASO,ES,Federal Contract Tower,0,2,51,0,53,0,0,109,7,116,0,2,160,7,169,124,0,124,293
03/05/2007,CRG,FL,ASO,ES,Federal Contract Tower,0,21,90,0,111,0,2,194,58,254,0,23,284,58,365,247,0,247,612
03/06/2007,CRG,FL,ASO,ES,Federal Contract Tower,0,21,78,0,99,0,0,202,62,264,0,21,280,62,363,237,17,254,617
03/07/2007,CRG,FL,ASO,ES,Federal Contract Tower,0,25,64,1,90,0,1,245,97,343,0,26,309,98,433,239,0,239,672
03/08/2007,CRG,FL,ASO,ES,Federal Contract Tower,0,26,98,1,125,0,0,202,75,277,0,26,300,76,402,236,0,236,638
03/09/2007,CRG,FL,ASO,ES,Federal Contract Tower,0,22,97,0,119,0,0,135,12,147,0,22,232,12,266,119,10,129,395
03/10/2007,CRG,FL,ASO,ES,Federal Contract Tower,0,1,52,0,53,0,0,149,4,153,0,1,201,4,206,222,0,222,428
03/11/2007,CRG,FL,ASO,ES,Federal Contract Tower,0,4,55,0,59,0,0,97,6,103,0,4,152,6,162,191,0,191,353
03/12/2007,CRG,FL,ASO,ES,Federal Contract Tower,0,22,86,0,108,0,3,190,52,245,0,25,276,52,353,221,0,221,574
03/13/2007,CRG,FL,ASO,ES,Federal Contract Tower,0,22,76,0,98,0,2,173,37,212,0,24,249,37,310,244,0,244,554
03/14/2007,CRG,FL,ASO,ES,Federal Contract Tower,0,25,75,1,101,0,2,193,50,245,0,27,268,51,346,188,0,188,534
03/15/2007,CRG,FL,ASO,ES,Federal Contract Tower,0,22,87,0,109,0,3,155,40,198,0,25,242,40,307,187,0,187,494
03/16/2007,CRG,FL,ASO,ES,Federal Contract Tower,0,25,73,0,98,0,2,128,17,147,0,27,201,17,245,82,0,82,327
03/17/2007,CRG,FL,ASO,ES,Federal Contract Tower,0,2,57,0,59,0,0,160,2,162,0,2,217,2,221,102,0,102,323
03/18/2007,CRG,FL,ASO,ES,Federal Contract Tower,0,8,72,0,80,0,0,169,10,179,0,8,241,10,259,143,0,143,402
03/19/2007,CRG,FL,ASO,ES,Federal Contract Tower,0,22,60,0,82,0,2,161,92,255,0,24,221,92,337,190,6,196,533
03/20/2007,CRG,FL,ASO,ES,Federal Contract Tower,0,21,90,0,111,0,2,181,94,277,0,23,271,94,388,278,0,278,666
03/21/2007,CRG,FL,ASO,ES,Federal Contract Tower,0,23,83,0,106,0,3,152,78,233,0,26,235,78,339,123,4,127,466
03/22/2007,CRG,FL,ASO,ES,Federal Contract Tower,0,22,75,0,97,0,0,155,64,219,0,22,230,64,316,161,0,161,477
03/23/2007,CRG,FL,ASO,ES,Federal Contract Tower,0,21,73,0,94,0,2,173,27,202,0,23,246,27,296,162,0,162,458
03/24/2007,CRG,FL,ASO,ES,Federal Contract Tower,0,2,52,0,54,0,0,188,10,198,0,2,240,10,252,184,0,184,436
03/25/2007,CRG,FL,ASO,ES,Federal Contract Tower,0,0,77,0,77,0,0,174,10,184,0,0,251,10,261,163,0,163,424
03/26/2007,CRG,FL,ASO,ES,Federal Contract Tower,0,22,77,0,99,0,3,131,34,168,0,25,208,34,267,183,0,183,450
03/27/2007,CRG,FL,ASO,ES,Federal Contract Tower,0,15,65,4,84,0,8,158,59,225,0,23,223,63,309,271,0,271,580
03/28/2007,CRG,FL,ASO,ES,Federal Contract Tower,0,19,96,0,115,0,3,131,54,188,0,22,227,54,303,180,0,180,483
03/29/2007,CRG,FL,ASO,ES,Federal Contract Tower,0,22,93,0,115,0,2,102,56,160,0,24,195,56,275,171,0,171,446
03/30/2007,CRG,FL,ASO,ES,Federal Contract Tower,0,24,113,0,137,0,0,23,20,43,0,24,136,20,180,49,10,59,239
03/31/2007,CRG,FL,ASO,ES,Federal Contract Tower,2,3,84,0,89,0,0,178,14,192,2,3,262,14,281,125,0,125,406
04/01/2007,CRG,FL,ASO,ES,Federal Contract Tower,0,3,51,0,54,0,0,177,6,183,0,3,228,6,237,181,0,181,418
04/02/2007,CRG,FL,ASO,ES,Federal Contract Tower,0,22,86,0,108,0,2,194,42,238,0,24,280,42,346,172,0,172,518
04/03/2007,CRG,FL,ASO,ES,Federal Contract Tower,0,19,89,0,108,0,4,219,102,325,0,23,308,102,433,150,0,150,583
04/04/2007,CRG,FL,ASO,ES,Federal Contract Tower,0,20,90,0,110,0,3,187,44,234,0,23,277,44,344,210,9,219,563
04/05/2007,CRG,FL,ASO,ES,Federal Contract Tower,0,20,119,0,139,0,6,126,74,206,0,26,245,74,345,156,0,156,501
04/06/2007,CRG,FL,ASO,ES,Federal Contract Tower,0,22,103,0,125,0,3,185,23,211,0,25,288,23,336,184,2,186,522
04/07/2007,CRG,FL,ASO,ES,Federal Contract Tower,0,1,65,0,66,0,1,133,6,140,0,2,198,6,206,185,0,185,391
04/08/2007,CRG,FL,ASO,ES,Federal Contract Tower,0,7,63,0,70,0,1,103,2,106,0,8,166,2,176,80,0,80,256
04/09/2007,CRG,FL,ASO,ES,Federal Contract Tower,0,22,88,0,110,0,4,143,12,159,0,26,231,12,269,214,0,214,483
04/10/2007,CRG,FL,ASO,ES,Federal Contract Tower,0,23,85,0,108,0,2,132,64,198,0,25,217,64,306,177,0,177,483
04/11/2007,CRG,FL,ASO,ES,Federal Contract Tower,0,26,92,0,118,0,2,92,36,130,0,28,184,36,248,131,0,131,379
04/12/2007,CRG,FL,ASO,ES,Federal Contract Tower,0,21,101,0,122,0,0,178,64,242,0,21,279,64,364,226,4,230,594
04/13/2007,CRG,FL,ASO,ES,Federal Contract Tower,0,17,125,0,142,0,2,154,22,178,0,19,279,22,320,181,0,181,501
04/14/2007,CRG,FL,ASO,ES,Federal Contract Tower,0,1,54,0,55,0,0,141,10,151,0,1,195,10,206,76,0,76,282
04/15/2007,CRG,FL,ASO,ES,Federal Contract Tower,0,3,28,0,31,0,0,15,0,15,0,3,43,0,46,2,0,2,48
04/16/2007,CRG,FL,ASO,ES,Federal Contract Tower,0,15,48,0,63,0,3,106,26,135,0,18,154,26,198,87,8,95,293
04/17/2007,CRG,FL,ASO,ES,Federal Contract Tower,0,23,84,0,107,0,1,94,24,119,0,24,178,24,226,28,0,28,254
04/18/2007,CRG,FL,ASO,ES,Federal Contract Tower,0,22,95,0,117,0,3,31,52,86,0,25,126,52,203,77,0,77,280
04/19/2007,CRG,FL,ASO,ES,Federal Contract Tower,0,19,113,0,132,0,2,194,98,294,0,21,307,98,426,194,0,194,620
04/20/2007,CRG,FL,ASO,ES,Federal Contract Tower,0,21,91,0,112,0,2,71,44,117,0,23,162,44,229,35,0,35,264
04/21/2007,CRG,FL,ASO,ES,Federal Contract Tower,0,2,35,0,37,0,0,153,2,155,0,2,188,2,192,126,0,126,318
04/22/2007,CRG,FL,ASO,ES,Federal Contract Tower,0,8,57,0,65,0,0,173,4,177,0,8,230,4,242,121,0,121,363
04/23/2007,CRG,FL,ASO,ES,Federal Contract Tower,0,19,78,0,97,0,3,243,56,302,0,22,321,56,399,290,0,290,689
04/24/2007,CRG,FL,ASO,ES,Federal Contract Tower,0,26,92,1,119,0,3,229,42,274,0,29,321,43,393,262,0,262,655
04/25/2007,CRG,FL,ASO,ES,Federal Contract Tower,0,25,113,0,138,0,5,176,70,251,0,30,289,70,389,261,0,261,650
04/26/2007,CRG,FL,ASO,ES,Federal Contract Tower,0,19,73,0,92,0,1,222,36,259,0,20,295,36,351,223,0,223,574
04/27/2007,CRG,FL,ASO,ES,Federal Contract Tower,0,22,73,0,95,0,2,177,10,189,0,24,250,10,284,193,0,193,477
04/28/2007,CRG,FL,ASO,ES,Federal Contract Tower,0,1,65,0,66,0,0,201,4,205,0,1,266,4,271,184,0,184,455
04/29/2007,CRG,FL,ASO,ES,Federal Contract Tower,0,2,78,0,80,0,0,43,0,43,0,2,121,0,123,79,0,79,202
04/30/2007,CRG,FL,ASO,ES,Federal Contract Tower,0,17,93,0,110,0,3,37,31,71,0,20,130,31,181,57,0,57,238
05/01/2007,CRG,FL,ASO,ES,Federal Contract Tower,0,17,79,0,96,0,6,153,64,223,0,23,232,64,319,171,2,173,492
05/02/2007,CRG,FL,ASO,ES,Federal Contract Tower,0,18,112,0,130,0,2,146,57,205,0,20,258,57,335,190,0,190,525
05/03/2007,CRG,FL,ASO,ES,Federal Contract Tower,0,30,102,0,132,0,1,94,31,126,0,31,196,31,258,142,0,142,400
05/04/2007,CRG,FL,ASO,ES,Federal Contract Tower,0,22,81,0,103,0,1,89,2,92,0,23,170,2,195,89,0,89,284
05/05/2007,CRG,FL,ASO,ES,Federal Contract Tower,0,0,38,0,38,0,0,116,4,120,0,0,154,4,158,205,0,205,363
05/06/2007,CRG,FL,ASO,ES,Federal Contract Tower,0,3,55,0,58,0,0,55,2,57,0,3,110,2,115,92,0,92,207
05/07/2007,CRG,FL,ASO,ES,Federal Contract Tower,0,19,71,0,90,0,1,98,66,165,0,20,169,66,255,132,0,132,387
05/08/2007,CRG,FL,ASO,ES,Federal Contract Tower,0,21,78,0,99,0,5,130,84,219,0,26,208,84,318,104,0,104,422
05/09/2007,CRG,FL,ASO,ES,Federal Contract Tower,0,18,88,0,106,0,3,37,44,84,0,21,125,44,190,37,0,37,227
05/10/2007,CRG,FL,ASO,ES,Federal Contract Tower,0,18,80,0,98,0,3,37,66,106,0,21,117,66,204,25,6,31,235
05/11/2007,CRG,FL,ASO,ES,Federal Contract Tower,0,22,89,0,111,0,4,147,8,159,0,26,236,8,270,240,0,240,510
05/12/2007,CRG,FL,ASO,ES,Federal Contract Tower,0,7,60,0,67,0,0,132,4,136,0,7,192,4,203,218,0,218,421
05/13/2007,CRG,FL,ASO,ES,Federal Contract Tower,0,1,74,0,75,0,0,60,0,60,0,1,134,0,135,151,0,151,286
05/14/2007,CRG,FL,ASO,ES,Federal Contract Tower,0,23,76,0,99,0,1,85,50,136,0,24,161,50,235,158,0,158,393
05/15/2007,CRG,FL,ASO,ES,Federal Contract Tower,0,19,96,0,115,0,3,177,100,280,0,22,273,100,395,237,0,237,632
05/16/2007,CRG,FL,ASO,ES,Federal Contract Tower,0,24,88,0,112,0,1,197,78,276,0,25,285,78,388,415,0,415,803
05/17/2007,CRG,FL,ASO,ES,Federal Contract Tower,0,25,118,0,143,0,0,35,8,43,0,25,153,8,186,58,0,58,244
05/18/2007,CRG,FL,ASO,ES,Federal Contract Tower,0,24,104,0,128,0,5,165,26,196,0,29,269,26,324,308,0,308,632
05/19/2007,CRG,FL,ASO,ES,Federal Contract Tower,0,5,53,0,58,0,0,208,16,224,0,5,261,16,282,244,0,244,526
05/20/2007,CRG,FL,ASO,ES,Federal Contract Tower,0,7,59,0,66,0,0,192,10,202,0,7,251,10,268,319,0,319,587
05/21/2007,CRG,FL,ASO,ES,Federal Contract Tower,0,19,89,0,108,0,2,137,50,189,0,21,226,50,297,288,0,288,585
05/22/2007,CRG,FL,ASO,ES,Federal Contract Tower,0,20,82,0,102,0,3,215,62,280,0,23,297,62,382,230,0,230,612
05/23/2007,CRG,FL,ASO,ES,Federal Contract Tower,0,16,102,0,118,0,4,125,78,207,0,20,227,78,325,313,0,313,638
05/24/2007,CRG,FL,ASO,ES,Federal Contract Tower,0,19,92,0,111,0,5,176,52,233,0,24,268,52,344,172,0,172,516
05/25/2007,CRG,FL,ASO,ES,Federal Contract Tower,0,20,90,0,110,0,3,194,14,211,0,23,284,14,321,236,0,236,557
05/26/2007,CRG,FL,ASO,ES,Federal Contract Tower,0,0,59,0,59,0,0,153,0,153,0,0,212,0,212,223,0,223,435
05/27/2007,CRG,FL,ASO,ES,Federal Contract Tower,0,1,53,0,54,0,0,129,6,135,0,1,182,6,189,126,0,126,315
05/28/2007,CRG,FL,ASO,ES,Federal Contract Tower,0,2,72,0,74,0,0,164,1,165,0,2,236,1,239,269,0,269,508
05/29/2007,CRG,FL,ASO,ES,Federal Contract Tower,0,21,63,0,84,0,1,160,86,247,0,22,223,86,331,369,0,369,700
05/30/2007,CRG,FL,ASO,ES,Federal Contract Tower,0,24,73,0,97,0,1,150,60,211,0,25,223,60,308,264,0,264,572
05/31/2007,CRG,FL,ASO,ES,Federal Contract Tower,0,25,79,0,104,0,2,145,96,243,0,27,224,96,347,216,0,216,563
06/01/2007,CRG,FL,ASO,ES,Federal Contract Tower,0,24,75,0,99,0,0,173,12,185,0,24,248,12,284,180,0,180,464
06/02/2007,CRG,FL,ASO,ES,Federal Contract Tower,0,6,21,0,27,0,0,4,2,6,0,6,25,2,33,0,0,0,33
06/03/2007,CRG,FL,ASO,ES,Federal Contract Tower,0,4,58,0,62,0,0,69,2,71,0,4,127,2,133,96,0,96,229
06/04/2007,CRG,FL,ASO,ES,Federal Contract Tower,0,20,63,0,83,0,1,117,25,143,0,21,180,25,226,234,0,234,460
06/05/2007,CRG,FL,ASO,ES,Federal Contract Tower,0,20,63,0,83,0,4,91,42,137,0,24,154,42,220,214,0,214,434
06/06/2007,CRG,FL,ASO,ES,Federal Contract Tower,0,18,84,0,102,0,0,159,52,211,0,18,243,52,313,166,0,166,479
06/07/2007,CRG,FL,ASO,ES,Federal Contract Tower,0,28,89,1,118,0,0,187,47,234,0,28,276,48,352,236,0,236,588
06/08/2007,CRG,FL,ASO,ES,Federal Contract Tower,0,20,99,0,119,0,3,212,30,245,0,23,311,30,364,160,0,160,524
06/09/2007,CRG,FL,ASO,ES,Federal Contract Tower,0,6,60,0,66,0,0,151,12,163,0,6,211,12,229,225,0,225,454
06/10/2007,CRG,FL,ASO,ES,Federal Contract Tower,0,4,83,0,87,0,0,166,10,176,0,4,249,10,263,167,0,167,430
06/11/2007,CRG,FL,ASO,ES,Federal Contract Tower,0,24,72,0,96,0,0,134,37,171,0,24,206,37,267,355,0,355,622
06/12/2007,CRG,FL,ASO,ES,Federal Contract Tower,0,26,64,0,90,0,2,106,46,154,0,28,170,46,244,84,0,84,328
06/13/2007,CRG,FL,ASO,ES,Federal Contract Tower,0,21,77,0,98,0,6,104,30,140,0,27,181,30,238,148,0,148,386
06/14/2007,CRG,FL,ASO,ES,Federal Contract Tower,0,20,108,0,128,0,5,160,56,221,0,25,268,56,349,135,0,135,484
06/15/2007,CRG,FL,ASO,ES,Federal Contract Tower,0,19,97,0,116,0,4,211,26,241,0,23,308,26,357,288,0,288,645
06/16/2007,CRG,FL,ASO,ES,Federal Contract Tower,0,1,63,0,64,0,0,177,6,183,0,1,240,6,247,280,0,280,527
06/17/2007,CRG,FL,ASO,ES,Federal Contract Tower,0,5,44,0,49,0,0,148,12,160,0,5,192,12,209,105,0,105,314
06/18/2007,CRG,FL,ASO,ES,Federal Contract Tower,0,22,72,0,94,0,2,156,30,188,0,24,228,30,282,151,0,151,433
06/19/2007,CRG,FL,ASO,ES,Federal Contract Tower,0,28,61,0,89,0,4,124,37,165,0,32,185,37,254,154,0,154,408
06/20/2007,CRG,FL,ASO,ES,Federal Contract Tower,0,22,51,0,73,0,6,68,20,94,0,28,119,20,167,139,12,151,318
06/21/2007,CRG,FL,ASO,ES,Federal Contract Tower,0,29,96,0,125,0,5,65,56,126,0,34,161,56,251,123,0,123,374
06/22/2007,CRG,FL,ASO,ES,Federal Contract Tower,0,28,73,0,101,0,5,167,26,198,0,33,240,26,299,269,0,269,568
06/23/2007,CRG,FL,ASO,ES,Federal Contract Tower,0,8,49,0,57,0,0,176,0,176,0,8,225,0,233,150,0,150,383
06/24/2007,CRG,FL,ASO,ES,Federal Contract Tower,0,8,47,0,55,0,0,129,2,131,0,8,176,2,186,218,0,218,404
06/25/2007,CRG,FL,ASO,ES,Federal Contract Tower,0,23,74,0,97,0,3,131,60,194,0,26,205,60,291,253,0,253,544
06/26/2007,CRG,FL,ASO,ES,Federal Contract Tower,0,22,72,0,94,0,3,188,40,231,0,25,260,40,325,222,0,222,547
06/27/2007,CRG,FL,ASO,ES,Federal Contract Tower,0,19,66,0,85,0,5,154,98,257,0,24,220,98,342,263,0,263,605
06/28/2007,CRG,FL,ASO,ES,Federal Contract Tower,0,21,93,1,115,0,2,137,27,166,0,23,230,28,281,255,0,255,536
06/29/2007,CRG,FL,ASO,ES,Federal Contract Tower,0,24,72,0,96,0,3,143,12,158,0,27,215,12,254,207,0,207,461
06/30/2007,CRG,FL,ASO,ES,Federal Contract Tower,0,3,53,0,56,0,1,154,0,155,0,4,207,0,211,139,0,139,350
07/01/2007,CRG,FL,ASO,ES,Federal Contract Tower,0,5,46,0,51,0,1,120,9,130,0,6,166,9,181,104,0,104,285
07/02/2007,CRG,FL,ASO,ES,Federal Contract Tower,0,19,66,0,85,0,5,153,72,230,0,24,219,72,315,227,0,227,542
07/03/2007,CRG,FL,ASO,ES,Federal Contract Tower,0,17,60,2,79,0,6,54,38,98,0,23,114,40,177,73,0,73,250
07/04/2007,CRG,FL,ASO,ES,Federal Contract Tower,0,6,28,0,34,0,1,83,4,88,0,7,111,4,122,267,0,267,389
07/05/2007,CRG,FL,ASO,ES,Federal Contract Tower,0,23,64,0,87,0,2,112,60,174,0,25,176,60,261,208,0,208,469
07/06/2007,CRG,FL,ASO,ES,Federal Contract Tower,0,17,77,0,94,0,5,143,32,180,0,22,220,32,274,224,14,238,512
07/07/2007,CRG,FL,ASO,ES,Federal Contract Tower,0,7,49,1,57,0,0,153,6,159,0,7,202,7,216,210,0,210,426
07/08/2007,CRG,FL,ASO,ES,Federal Contract Tower,0,7,69,0,76,0,0,117,4,121,0,7,186,4,197,169,0,169,366
07/09/2007,CRG,FL,ASO,ES,Federal Contract Tower,0,16,66,0,82,0,2,157,52,211,0,18,223,52,293,223,0,223,516
07/10/2007,CRG,FL,ASO,ES,Federal Contract Tower,0,22,71,0,93,0,5,185,66,256,0,27,256,66,349,218,0,218,567
07/11/2007,CRG,FL,ASO,ES,Federal Contract Tower,0,21,65,0,86,0,3,167,46,216,0,24,232,46,302,205,0,205,507
07/12/2007,CRG,FL,ASO,ES,Federal Contract Tower,0,19,75,0,94,0,4,91,50,145,0,23,166,50,239,165,0,165,404
07/13/2007,CRG,FL,ASO,ES,Federal Contract Tower,0,16,64,0,80,0,2,169,9,180,0,18,233,9,260,195,0,195,455
07/14/2007,CRG,FL,ASO,ES,Federal Contract Tower,0,2,37,0,39,0,0,133,4,137,0,2,170,4,176,237,0,237,413
07/15/2007,CRG,FL,ASO,ES,Federal Contract Tower,0,0,55,0,55,0,1,104,18,123,0,1,159,18,178,144,0,144,322
07/16/2007,CRG,FL,ASO,ES,Federal Contract Tower,0,20,71,0,91,0,2,177,28,207,0,22,248,28,298,195,0,195,493
07/17/2007,CRG,FL,ASO,ES,Federal Contract Tower,0,18,75,0,93,0,5,174,48,227,0,23,249,48,320,198,6,204,524
07/18/2007,CRG,FL,ASO,ES,Federal Contract Tower,0,26,82,0,108,0,2,204,62,268,0,28,286,62,376,209,0,209,585
07/19/2007,CRG,FL,ASO,ES,Federal Contract Tower,0,25,74,0,99,0,1,214,46,261,0,26,288,46,360,270,0,270,630
07/20/2007,CRG,FL,ASO,ES,Federal Contract Tower,0,23,81,0,104,0,0,217,18,235,0,23,298,18,339,181,0,181,520
07/21/2007,CRG,FL,ASO,ES,Federal Contract Tower,0,2,40,0,42,0,0,170,8,178,0,2,210,8,220,210,0,210,430
07/22/2007,CRG,FL,ASO,ES,Federal Contract Tower,0,2,57,0,59,0,0,97,2,99,0,2,154,2,158,108,0,108,266
07/23/2007,CRG,FL,ASO,ES,Federal Contract Tower,0,19,82,0,101,0,3,189,84,276,0,22,271,84,377,169,0,169,546
07/24/2007,CRG,FL,ASO,ES,Federal Contract Tower,0,22,58,1,81,0,0,77,50,127,0,22,135,51,208,174,0,174,382
07/25/2007,CRG,FL,ASO,ES,Federal Contract Tower,0,25,76,0,101,0,3,194,28,225,0,28,270,28,326,260,0,260,586
07/26/2007,CRG,FL,ASO,ES,Federal Contract Tower,0,18,94,0,112,0,2,171,49,222,0,20,265,49,334,200,0,200,534
07/27/2007,CRG,FL,ASO,ES,Federal Contract Tower,0,23,78,0,101,0,3,140,10,153,0,26,218,10,254,169,0,169,423
07/28/2007,CRG,FL,ASO,ES,Federal Contract Tower,0,0,29,0,29,0,0,182,6,188,0,0,211,6,217,154,0,154,371
07/29/2007,CRG,FL,ASO,ES,Federal Contract Tower,0,5,56,0,61,0,1,172,11,184,0,6,228,11,245,176,0,176,421
07/30/2007,CRG,FL,ASO,ES,Federal Contract Tower,0,19,79,0,98,0,2,158,22,182,0,21,237,22,280,140,0,140,420
07/31/2007,CRG,FL,ASO,ES,Federal Contract Tower,0,23,67,0,90,0,1,122,122,245,0,24,189,122,335,262,0,262,597
08/01/2007,CRG,FL,ASO,ES,Federal Contract Tower,0,18,85,0,103,0,3,95,86,184,0,21,180,86,287,163,10,173,460
08/02/2007,CRG,FL,ASO,ES,Federal Contract Tower,0,19,81,0,100,0,3,99,24,126,0,22,180,24,226,189,0,189,415
08/03/2007,CRG,FL,ASO,ES,Federal Contract Tower,0,16,67,0,83,0,3,101,0,104,0,19,168,0,187,147,0,147,334
08/04/2007,CRG,FL,ASO,ES,Federal Contract Tower,0,1,32,0,33,0,0,172,2,174,0,1,204,2,207,197,0,197,404
08/05/2007,CRG,FL,ASO,ES,Federal Contract Tower,0,5,43,1,49,0,0,147,11,158,0,5,190,12,207,177,0,177,384
08/06/2007,CRG,FL,ASO,ES,Federal Contract Tower,0,16,61,0,77,0,3,157,54,214,0,19,218,54,291,192,0,192,483
08/07/2007,CRG,FL,ASO,ES,Federal Contract Tower,0,19,70,0,89,0,3,198,60,261,0,22,268,60,350,235,6,241,591
08/08/2007,CRG,FL,ASO,ES,Federal Contract Tower,0,16,71,0,87,0,2,193,30,225,0,18,264,30,312,278,0,278,590
08/09/2007,CRG,FL,ASO,ES,Federal Contract Tower,0,21,63,0,84,0,3,136,56,195,0,24,199,56,279,205,0,205,484
08/10/2007,CRG,FL,ASO,ES,Federal Contract Tower,0,15,82,0,97,0,4,197,14,215,0,19,279,14,312,185,0,185,497
08/11/2007,CRG,FL,ASO,ES,Federal Contract Tower,0,0,51,0,51,0,0,166,2,168,0,0,217,2,219,173,0,173,392
08/12/2007,CRG,FL,ASO,ES,Federal Contract Tower,0,1,52,0,53,0,0,145,8,153,0,1,197,8,206,159,0,159,365
08/13/2007,CRG,FL,ASO,ES,Federal Contract Tower,0,17,77,0,94,0,4,144,42,190,0,21,221,42,284,200,0,200,484
08/14/2007,CRG,FL,ASO,ES,Federal Contract Tower,0,20,77,0,97,0,2,125,32,159,0,22,202,32,256,174,0,174,430
08/15/2007,CRG,FL,ASO,ES,Federal Contract Tower,0,16,52,0,68,0,5,194,44,243,0,21,246,44,311,209,0,209,520
08/16/2007,CRG,FL,ASO,ES,Federal Contract Tower,0,17,62,0,79,0,4,194,20,218,0,21,256,20,297,216,0,216,513
08/17/2007,CRG,FL,ASO,ES,Federal Contract Tower,0,17,69,0,86,0,6,158,4,168,0,23,227,4,254,302,0,302,556
08/18/2007,CRG,FL,ASO,ES,Federal Contract Tower,0,2,65,1,68,0,0,163,13,176,0,2,228,14,244,197,0,197,441
08/19/2007,CRG,FL,ASO,ES,Federal Contract Tower,0,3,49,0,52,0,0,117,2,119,0,3,166,2,171,131,0,131,302
08/20/2007,CRG,FL,ASO,ES,Federal Contract Tower,0,21,74,0,95,0,4,151,44,199,0,25,225,44,294,183,0,183,477
08/21/2007,CRG,FL,ASO,ES,Federal Contract Tower,0,21,66,2,89,0,6,171,82,259,0,27,237,84,348,234,4,238,586
08/22/2007,CRG,FL,ASO,ES,Federal Contract Tower,0,19,68,0,87,0,2,194,118,314,0,21,262,118,401,276,0,276,677
08/23/2007,CRG,FL,ASO,ES,Federal Contract Tower,0,17,65,1,83,0,4,180,143,327,0,21,245,144,410,235,0,235,645
08/24/2007,CRG,FL,ASO,ES,Federal Contract Tower,0,19,74,0,93,0,4,165,18,187,0,23,239,18,280,180,0,180,460
08/25/2007,CRG,FL,ASO,ES,Federal Contract Tower,0,2,43,0,45,0,0,47,4,51,0,2,90,4,96,151,0,151,247
08/26/2007,CRG,FL,ASO,ES,Federal Contract Tower,0,1,43,0,44,0,1,113,2,116,0,2,156,2,160,128,0,128,288
08/27/2007,CRG,FL,ASO,ES,Federal Contract Tower,0,18,50,0,68,0,1,147,46,194,0,19,197,46,262,204,0,204,466
08/28/2007,CRG,FL,ASO,ES,Federal Contract Tower,0,17,63,0,80,0,3,180,104,287,0,20,243,104,367,224,0,224,591
08/29/2007,CRG,FL,ASO,ES,Federal Contract Tower,0,17,79,0,96,0,3,202,102,307,0,20,281,102,403,230,0,230,633
08/30/2007,CRG,FL,ASO,ES,Federal Contract Tower,0,19,83,0,102,0,4,166,48,218,0,23,249,48,320,204,0,204,524
08/31/2007,CRG,FL,ASO,ES,Federal Contract Tower,0,20,76,0,96,0,2,113,4,119,0,22,189,4,215,188,0,188,403
09/01/2007,CRG,FL,ASO,ES,Federal Contract Tower,0,1,52,0,53,0,1,82,15,98,0,2,134,15,151,170,2,172,323
09/02/2007,CRG,FL,ASO,ES,Federal Contract Tower,0,0,37,0,37,0,0,21,0,21,0,0,58,0,58,63,0,63,121
09/03/2007,CRG,FL,ASO,ES,Federal Contract Tower,0,1,95,0,96,0,0,92,0,92,0,1,187,0,188,137,0,137,325
09/04/2007,CRG,FL,ASO,ES,Federal Contract Tower,0,19,79,0,98,0,5,189,81,275,0,24,268,81,373,270,0,270,643
09/05/2007,CRG,FL,ASO,ES,Federal Contract Tower,0,18,77,0,95,0,15,188,82,285,0,33,265,82,380,272,0,272,652
09/06/2007,CRG,FL,ASO,ES,Federal Contract Tower,0,18,81,0,99,0,3,218,118,339,0,21,299,118,438,236,0,236,674
09/07/2007,CRG,FL,ASO,ES,Federal Contract Tower,0,20,63,0,83,0,2,159,27,188,0,22,222,27,271,183,0,183,454
09/08/2007,CRG,FL,ASO,ES,Federal Contract Tower,0,0,67,0,67,0,0,83,0,83,0,0,150,0,150,170,0,170,320
09/09/2007,CRG,FL,ASO,ES,Federal Contract Tower,0,5,43,1,49,0,0,180,2,182,0,5,223,3,231,265,0,265,496
09/10/2007,CRG,FL,ASO,ES,Federal Contract Tower,0,22,62,0,84,0,2,185,34,221,0,24,247,34,305,261,0,261,566
09/11/2007,CRG,FL,ASO,ES,Federal Contract Tower,0,22,63,0,85,0,4,121,54,179,0,26,184,54,264,181,0,181,445
09/12/2007,CRG,FL,ASO,ES,Federal Contract Tower,0,18,74,0,92,0,6,101,62,169,0,24,175,62,261,229,0,229,490
09/13/2007,CRG,FL,ASO,ES,Federal Contract Tower,0,15,70,0,85,0,6,165,56,227,0,21,235,56,312,266,0,266,578
09/14/2007,CRG,FL,ASO,ES,Federal Contract Tower,0,22,74,0,96,0,3,172,12,187,0,25,246,12,283,265,0,265,548
09/15/2007,CRG,FL,ASO,ES,Federal Contract Tower,0,6,40,0,46,0,0,143,15,158,0,6,183,15,204,210,10,220,424
09/16/2007,CRG,FL,ASO,ES,Federal Contract Tower,0,2,59,0,61,0,0,141,4,145,0,2,200,4,206,145,0,145,351
09/17/2007,CRG,FL,ASO,ES,Federal Contract Tower,0,14,35,0,49,0,6,29,112,147,0,20,64,112,196,2,0,2,198
09/18/2007,CRG,FL,ASO,ES,Federal Contract Tower,0,17,73,0,90,0,5,31,106,142,0,22,104,106,232,37,0,37,269
09/19/2007,CRG,FL,ASO,ES,Federal Contract Tower,0,17,71,0,88,0,1,35,74,110,0,18,106,74,198,26,0,26,224
09/20/2007,CRG,FL,ASO,ES,Federal Contract Tower,0,17,64,0,81,0,7,137,48,192,0,24,201,48,273,323,0,323,596
09/21/2007,CRG,FL,ASO,ES,Federal Contract Tower,0,18,77,0,95,0,5,186,38,229,0,23,263,38,324,304,2,306,630
09/22/2007,CRG,FL,ASO,ES,Federal Contract Tower,0,2,43,0,45,0,1,135,8,144,0,3,178,8,189,299,0,299,488
09/23/2007,CRG,FL,ASO,ES,Federal Contract Tower,0,3,52,0,55,0,0,117,8,125,0,3,169,8,180,205,0,205,385
09/24/2007,CRG,FL,ASO,ES,Federal Contract Tower,0,12,76,0,88,0,10,162,42,214,0,22,238,42,302,332,0,332,634
09/25/2007,CRG,FL,ASO,ES,Federal Contract Tower,0,19,105,0,124,0,3,172,44,219,0,22,277,44,343,278,0,278,621
09/26/2007,CRG,FL,ASO,ES,Federal Contract Tower,0,16,81,0,97,0,9,235,68,312,0,25,316,68,409,322,0,322,731
09/27/2007,CRG,FL,ASO,ES,Federal Contract Tower,0,24,106,0,130,0,3,190,42,235,0,27,296,42,365,284,0,284,649
09/28/2007,CRG,FL,ASO,ES,Federal Contract Tower,0,21,105,0,126,0,4,215,6,225,0,25,320,6,351,346,0,346,697
09/29/2007,CRG,FL,ASO,ES,Federal Contract Tower,0,9,117,0,126,0,0,133,8,141,0,9,250,8,267,99,0,99,366
09/30/2007,CRG,FL,ASO,ES,Federal Contract Tower,0,9,94,0,103,0,0,53,0,53,0,9,147,0,156,63,0,63,219
10/01/2007,CRG,FL,ASO,ES,Federal Contract Tower,0,14,77,0,91,0,8,63,44,115,0,22,140,44,206,59,0,59,265
10/02/2007,CRG,FL,ASO,ES,Federal Contract Tower,0,16,43,0,59,0,5,4,2,11,0,21,47,2,70,2,0,2,72
10/03/2007,CRG,FL,ASO,ES,Federal Contract Tower,0,14,65,0,79,0,6,146,20,172,0,20,211,20,251,244,0,244,495
10/04/2007,CRG,FL,ASO,ES,Federal Contract Tower,0,16,72,2,90,0,2,106,28,136,0,18,178,30,226,122,0,122,348
10/05/2007,CRG,FL,ASO,ES,Federal Contract Tower,0,14,50,0,64,0,2,41,2,45,0,16,91,2,109,83,0,83,192
10/06/2007,CRG,FL,ASO,ES,Federal Contract Tower,0,1,37,0,38,0,0,61,0,61,0,1,98,0,99,155,0,155,254
10/07/2007,CRG,FL,ASO,ES,Federal Contract Tower,0,2,25,0,27,0,0,167,0,167,0,2,192,0,194,208,0,208,402
10/08/2007,CRG,FL,ASO,ES,Federal Contract Tower,0,6,81,0,87,0,2,263,0,265,0,8,344,0,352,339,0,339,691
10/09/2007,CRG,FL,ASO,ES,Federal Contract Tower,0,13,91,2,106,0,5,282,88,375,0,18,373,90,481,411,0,411,892
10/10/2007,CRG,FL,ASO,ES,Federal Contract Tower,0,14,83,0,97,0,7,228,51,286,0,21,311,51,383,302,0,302,685
10/11/2007,CRG,FL,ASO,ES,Federal Contract Tower,0,16,80,0,96,0,2,173,54,229,0,18,253,54,325,294,0,294,619
10/12/2007,CRG,FL,ASO,ES,Federal Contract Tower,0,18,119,0,137,0,3,201,14,218,0,21,320,14,355,208,0,208,563
10/13/2007,CRG,FL,ASO,ES,Federal Contract Tower,0,3,60,0,63,0,0,212,22,234,0,3,272,22,297,125,0,125,422
10/14/2007,CRG,FL,ASO,ES,Federal Contract Tower,0,1,66,0,67,0,0,140,9,149,0,1,206,9,216,152,2,154,370
10/15/2007,CRG,FL,ASO,ES,Federal Contract Tower,0,17,80,0,97,0,6,178,56,240,0,23,258,56,337,244,0,244,581
10/16/2007,CRG,FL,ASO,ES,Federal Contract Tower,0,22,109,0,131,0,1,182,82,265,0,23,291,82,396,386,0,386,782
10/17/2007,CRG,FL,ASO,ES,Federal Contract Tower,0,17,106,0,123,0,2,179,86,267,0,19,285,86,390,354,2,356,746
10/18/2007,CRG,FL,ASO,ES,Federal Contract Tower,0,14,131,0,145,0,7,156,28,191,0,21,287,28,336,215,4,219,555
10/19/2007,CRG,FL,ASO,ES,Federal Contract Tower,0,19,76,0,95,0,1,85,12,98,0,20,161,12,193,75,0,75,268
10/20/2007,CRG,FL,ASO,ES,Federal Contract Tower,0,3,46,0,49,0,0,146,2,148,0,3,192,2,197,157,0,157,354
10/21/2007,CRG,FL,ASO,ES,Federal Contract Tower,0,3,73,0,76,0,0,117,4,121,0,3,190,4,197,119,0,119,316
10/22/2007,CRG,FL,ASO,ES,Federal Contract Tower,0,13,94,0,107,0,5,87,130,222,0,18,181,130,329,112,0,112,441
10/23/2007,CRG,FL,ASO,ES,Federal Contract Tower,0,18,90,1,109,0,6,168,40,214,0,24,258,41,323,142,0,142,465
10/24/2007,CRG,FL,ASO,ES,Federal Contract Tower,0,20,109,3,132,0,1,21,30,52,0,21,130,33,184,32,0,32,216
10/25/2007,CRG,FL,ASO,ES,Federal Contract Tower,0,16,80,0,96,0,5,222,64,291,0,21,302,64,387,388,0,388,775
10/26/2007,CRG,FL,ASO,ES,Federal Contract Tower,0,22,125,0,147,0,5,79,2,86,0,27,204,2,233,233,0,233,466
10/27/2007,CRG,FL,ASO,ES,Federal Contract Tower,0,10,112,0,122,0,0,60,0,60,0,10,172,0,182,141,0,141,323
10/28/2007,CRG,FL,ASO,ES,Federal Contract Tower,0,9,98,0,107,0,0,44,4,48,0,9,142,4,155,30,0,30,185
10/29/2007,CRG,FL,ASO,ES,Federal Contract Tower,0,16,82,24,122,0,2,9,86,97,0,18,91,110,219,0,4,4,223
10/30/2007,CRG,FL,ASO,ES,Federal Contract Tower,0,15,80,18,113,0,4,77,94,175,0,19,157,112,288,44,0,44,332
10/31/2007,CRG,FL,ASO,ES,Federal Contract Tower,0,17,81,0,98,0,2,147,120,269,0,19,228,120,367,238,0,238,605
11/01/2007,CRG,FL,ASO,ES,Federal Contract Tower,0,17,88,0,105,0,4,52,35,91,0,21,140,35,196,47,0,47,243
11/02/2007,CRG,FL,ASO,ES,Federal Contract Tower,0,26,92,0,118,0,3,101,50,154,0,29,193,50,272,172,0,172,444
11/03/2007,CRG,FL,ASO,ES,Federal Contract Tower,0,5,57,0,62,0,0,206,50,256,0,5,263,50,318,253,0,253,571
11/04/2007,CRG,FL,ASO,ES,Federal Contract Tower,0,3,69,1,73,0,0,232,28,260,0,3,301,29,333,235,0,235,568
11/05/2007,CRG,FL,ASO,ES,Federal Contract Tower,0,19,85,0,104,0,3,243,76,322,0,22,328,76,426,419,2,421,847
11/06/2007,CRG,FL,ASO,ES,Federal Contract Tower,0,15,88,0,103,10,2,209,61,282,10,17,297,61,385,403,0,403,788
11/07/2007,CRG,FL,ASO,ES,Federal Contract Tower,0,13,75,0,88,0,10,137,116,263,0,23,212,116,351,190,0,190,541
11/08/2007,CRG,FL,ASO,ES,Federal Contract Tower,0,14,94,0,108,0,6,177,110,293,0,20,271,110,401,237,10,247,648
11/09/2007,CRG,FL,ASO,ES,Federal Contract Tower,0,14,94,0,108,0,5,207,38,250,0,19,301,38,358,269,0,269,627
11/10/2007,CRG,FL,ASO,ES,Federal Contract Tower,0,2,52,0,54,0,2,201,2,205,0,4,253,2,259,147,0,147,406
11/11/2007,CRG,FL,ASO,ES,Federal Contract Tower,0,1,67,0,68,0,0,163,0,163,0,1,230,0,231,168,0,168,399
11/12/2007,CRG,FL,ASO,ES,Federal Contract Tower,0,5,79,0,84,0,3,200,4,207,0,8,279,4,291,261,0,261,552
11/13/2007,CRG,FL,ASO,ES,Federal Contract Tower,0,20,6,0,26,0,0,244,30,274,0,20,250,30,300,315,0,315,615
11/14/2007,CRG,FL,ASO,ES,Federal Contract Tower,0,12,84,0,96,0,6,197,48,251,0,18,281,48,347,278,0,278,625
11/15/2007,CRG,FL,ASO,ES,Federal Contract Tower,0,17,49,0,66,0,7,113,42,162,0,24,162,42,228,118,0,118,346
11/16/2007,CRG,FL,ASO,ES,Federal Contract Tower,0,15,96,0,111,0,6,216,5,227,0,21,312,5,338,321,2,323,661
11/17/2007,CRG,FL,ASO,ES,Federal Contract Tower,0,5,62,0,67,0,4,217,0,221,0,9,279,0,288,246,0,246,534
11/18/2007,CRG,FL,ASO,ES,Federal Contract Tower,0,4,50,0,54,0,0,173,0,173,0,4,223,0,227,264,0,264,491
11/19/2007,CRG,FL,ASO,ES,Federal Contract Tower,0,22,86,0,108,0,5,201,38,244,0,27,287,38,352,281,0,281,633
11/20/2007,CRG,FL,ASO,ES,Federal Contract Tower,0,20,83,0,103,0,2,155,54,211,0,22,238,54,314,256,0,256,570
11/21/2007,CRG,FL,ASO,ES,Federal Contract Tower,0,20,76,0,96,0,8,130,4,142,0,28,206,4,238,216,0,216,454
11/22/2007,CRG,FL,ASO,ES,Federal Contract Tower,0,3,11,0,14,0,0,25,0,25,0,3,36,0,39,48,0,48,87
11/23/2007,CRG,FL,ASO,ES,Federal Contract Tower,0,12,56,0,68,6,4,109,0,119,6,16,165,0,187,97,0,97,284
11/24/2007,CRG,FL,ASO,ES,Federal Contract Tower,0,4,61,0,65,0,0,68,0,68,0,4,129,0,133,88,0,88,221
11/25/2007,CRG,FL,ASO,ES,Federal Contract Tower,0,7,63,0,70,0,0,24,0,24,0,7,87,0,94,72,0,72,166
11/26/2007,CRG,FL,ASO,ES,Federal Contract Tower,0,17,57,0,74,0,3,135,32,170,0,20,192,32,244,204,0,204,448
11/27/2007,CRG,FL,ASO,ES,Federal Contract Tower,0,13,70,0,83,0,6,105,62,173,0,19,175,62,256,187,4,191,447
11/28/2007,CRG,FL,ASO,ES,Federal Contract Tower,0,14,77,0,91,0,4,155,106,265,0,18,232,106,356,286,0,286,642
11/29/2007,CRG,FL,ASO,ES,Federal Contract Tower,0,25,106,0,131,0,1,80,48,129,0,26,186,48,260,145,0,145,405
11/30/2007,CRG,FL,ASO,ES,Federal Contract Tower,0,20,132,0,152,0,3,61,10,74,0,23,193,10,226,77,0,77,303
12/01/2007,CRG,FL,ASO,ES,Federal Contract Tower,0,7,49,0,56,0,0,203,10,213,0,7,252,10,269,149,0,149,418
12/02/2007,CRG,FL,ASO,ES,Federal Contract Tower,0,2,59,0,61,0,0,146,4,150,0,2,205,4,211,237,0,237,448
12/03/2007,CRG,FL,ASO,ES,Federal Contract Tower,0,21,76,0,97,0,7,130,46,183,0,28,206,46,280,140,0,140,420
12/04/2007,CRG,FL,ASO,ES,Federal Contract Tower,0,15,90,0,105,0,6,229,90,325,0,21,319,90,430,269,2,271,701
12/05/2007,CRG,FL,ASO,ES,Federal Contract Tower,0,15,76,0,91,0,7,190,74,271,0,22,266,74,362,196,0,196,558
12/06/2007,CRG,FL,ASO,ES,Federal Contract Tower,0,18,115,2,135,0,12,183,24,219,0,30,298,26,354,175,0,175,529
12/07/2007,CRG,FL,ASO,ES,Federal Contract Tower,0,17,116,0,133,0,2,9,8,19,0,19,125,8,152,0,0,0,152
12/08/2007,CRG,FL,ASO,ES,Federal Contract Tower,0,2,67,2,71,0,0,93,58,151,0,2,160,60,222,149,0,149,371
12/09/2007,CRG,FL,ASO,ES,Federal Contract Tower,0,4,61,0,65,0,0,126,0,126,0,4,187,0,191,256,0,256,447
12/10/2007,CRG,FL,ASO,ES,Federal Contract Tower,0,11,93,0,104,0,8,169,188,365,0,19,262,188,469,230,0,230,699
12/11/2007,CRG,FL,ASO,ES,Federal Contract Tower,0,15,65,0,80,0,4,131,94,229,0,19,196,94,309,151,22,173,482
12/12/2007,CRG,FL,ASO,ES,Federal Contract Tower,0,13,66,0,79,0,8,200,88,296,0,21,266,88,375,213,6,219,594
12/13/2007,CRG,FL,ASO,ES,Federal Contract Tower,0,12,79,0,91,0,5,123,42,170,0,17,202,42,261,206,0,206,467
12/14/2007,CRG,FL,ASO,ES,Federal Contract Tower,0,15,83,0,98,0,4,118,6,128,0,19,201,6,226,208,0,208,434
12/15/2007,CRG,FL,ASO,ES,Federal Contract Tower,0,2,52,1,55,0,0,47,13,60,0,2,99,14,115,142,0,142,257
12/16/2007,CRG,FL,ASO,ES,Federal Contract Tower,0,1,40,0,41,0,0,38,8,46,0,1,78,8,87,50,0,50,137
12/17/2007,CRG,FL,ASO,ES,Federal Contract Tower,0,14,78,0,92,0,6,140,52,198,0,20,218,52,290,176,0,176,466
12/18/2007,CRG,FL,ASO,ES,Federal Contract Tower,0,16,76,0,92,0,7,202,98,307,0,23,278,98,399,239,6,245,644
12/19/2007,CRG,FL,ASO,ES,Federal Contract Tower,0,14,78,0,92,0,4,172,66,242,0,18,250,66,334,292,2,294,628
12/20/2007,CRG,FL,ASO,ES,Federal Contract Tower,0,15,88,0,103,0,7,174,70,251,0,22,262,70,354,220,0,220,574
12/21/2007,CRG,FL,ASO,ES,Federal Contract Tower,0,15,61,0,76,0,8,69,4,81,0,23,130,4,157,38,0,38,195
12/22/2007,CRG,FL,ASO,ES,Federal Contract Tower,0,0,61,0,61,0,0,0,0,0,0,0,61,0,61,0,0,0,61
12/23/2007,CRG,FL,ASO,ES,Federal Contract Tower,0,3,40,0,43,0,0,53,0,53,0,3,93,0,96,36,0,36,132
12/24/2007,CRG,FL,ASO,ES,Federal Contract Tower,0,13,25,0,38,0,4,105,0,109,0,17,130,0,147,110,0,110,257
12/25/2007,CRG,FL,ASO,ES,Federal Contract Tower,0,0,11,0,11,0,0,9,0,9,0,0,20,0,20,4,0,4,24
12/26/2007,CRG,FL,ASO,ES,Federal Contract Tower,0,15,76,0,91,0,4,49,6,59,0,19,125,6,150,216,0,216,366
12/27/2007,CRG,FL,ASO,ES,Federal Contract Tower,0,17,41,0,58,0,7,136,42,185,0,24,177,42,243,119,0,119,362
12/28/2007,CRG,FL,ASO,ES,Federal Contract Tower,0,17,48,0,65,0,6,126,2,134,0,23,174,2,199,263,0,263,462
12/29/2007,CRG,FL,ASO,ES,Federal Contract Tower,0,3,32,0,35,0,0,67,0,67,0,3,99,0,102,36,0,36,138
12/30/2007,CRG,FL,ASO,ES,Federal Contract Tower,0,3,23,0,26,0,0,49,0,49,0,3,72,0,75,135,0,135,210
12/31/2007,CRG,FL,ASO,ES,Federal Contract Tower,0,11,43,0,54,0,3,128,0,131,0,14,171,0,185,152,0,152,337
01/01/2008,CRG,FL,ASO,ES,Federal Contract Tower,0,11,37,0,48,0,2,65,0,67,0,13,102,0,115,42,0,42,157
01/02/2008,CRG,FL,ASO,ES,Federal Contract Tower,0,8,51,0,59,0,3,96,10,109,0,11,147,10,168,47,0,47,215
01/03/2008,CRG,FL,ASO,ES,Federal Contract Tower,0,14,52,2,68,0,6,83,50,139,0,20,135,52,207,98,0,98,305
01/04/2008,CRG,FL,ASO,ES,Federal Contract Tower,0,15,79,0,94,0,4,160,20,184,0,19,239,20,278,115,0,115,393
01/05/2008,CRG,FL,ASO,ES,Federal Contract Tower,0,1,51,0,52,0,0,182,2,184,0,1,233,2,236,159,0,159,395
01/06/2008,CRG,FL,ASO,ES,Federal Contract Tower,0,3,52,0,55,0,0,132,0,132,0,3,184,0,187,117,0,117,304
01/07/2008,CRG,FL,ASO,ES,Federal Contract Tower,0,10,68,0,78,0,3,188,44,235,0,13,256,44,313,224,0,224,537
01/08/2008,CRG,FL,ASO,ES,Federal Contract Tower,0,11,70,0,81,0,5,134,84,223,0,16,204,84,304,289,0,289,593
01/09/2008,CRG,FL,ASO,ES,Federal Contract Tower,0,9,74,0,83,0,8,171,22,201,0,17,245,22,284,395,0,395,679
01/10/2008,CRG,FL,ASO,ES,Federal Contract Tower,0,13,57,0,70,0,2,153,46,201,0,15,210,46,271,324,0,324,595
01/11/2008,CRG,FL,ASO,ES,Federal Contract Tower,0,13,72,0,85,0,4,129,16,149,0,17,201,16,234,256,0,256,490
01/12/2008,CRG,FL,ASO,ES,Federal Contract Tower,0,1,39,0,40,0,1,77,4,82,0,2,116,4,122,178,0,178,300
01/13/2008,CRG,FL,ASO,ES,Federal Contract Tower,0,2,29,0,31,0,0,42,2,44,0,2,71,2,75,120,0,120,195
01/14/2008,CRG,FL,ASO,ES,Federal Contract Tower,0,11,64,1,76,0,3,183,79,265,0,14,247,80,341,260,0,260,601
01/15/2008,CRG,FL,ASO,ES,Federal Contract Tower,0,12,87,0,99,0,2,161,75,238,0,14,248,75,337,271,18,289,626
01/16/2008,CRG,FL,ASO,ES,Federal Contract Tower,0,20,77,0,97,0,4,93,90,187,0,24,170,90,284,251,0,251,535
01/17/2008,CRG,FL,ASO,ES,Federal Contract Tower,0,14,56,0,70,0,10,51,42,103,0,24,107,42,173,53,0,53,226
01/18/2008,CRG,FL,ASO,ES,Federal Contract Tower,0,13,85,1,99,0,0,29,3,32,0,13,114,4,131,112,0,112,243
01/19/2008,CRG,FL,ASO,ES,Federal Contract Tower,0,0,33,0,33,0,0,19,0,19,0,0,52,0,52,164,0,164,216
01/20/2008,CRG,FL,ASO,ES,Federal Contract Tower,0,1,48,0,49,0,0,190,4,194,0,1,238,4,243,255,0,255,498
01/21/2008,CRG,FL,ASO,ES,Federal Contract Tower,0,1,83,0,84,0,0,61,0,61,0,1,144,0,145,49,0,49,194
01/22/2008,CRG,FL,ASO,ES,Federal Contract Tower,0,16,85,0,101,0,0,184,63,247,0,16,269,63,348,342,0,342,690
01/23/2008,CRG,FL,ASO,ES,Federal Contract Tower,0,20,93,0,113,0,1,96,76,173,0,21,189,76,286,285,0,285,571
01/24/2008,CRG,FL,ASO,ES,Federal Contract Tower,0,16,62,0,78,0,2,156,64,222,0,18,218,64,300,300,4,304,604
01/25/2008,CRG,FL,ASO,ES,Federal Contract Tower,0,18,83,0,101,0,3,153,54,210,0,21,236,54,311,165,0,165,476
01/26/2008,CRG,FL,ASO,ES,Federal Contract Tower,0,2,36,0,38,0,0,0,0,0,0,2,36,0,38,32,0,32,70
01/27/2008,CRG,FL,ASO,ES,Federal Contract Tower,0,2,36,0,38,0,2,260,9,271,0,4,296,9,309,319,0,319,628
01/28/2008,CRG,FL,ASO,ES,Federal Contract Tower,0,13,91,0,104,0,5,192,96,293,0,18,283,96,397,250,0,250,647
01/29/2008,CRG,FL,ASO,ES,Federal Contract Tower,0,14,89,0,103,0,2,185,70,257,0,16,274,70,360,230,0,230,590
01/30/2008,CRG,FL,ASO,ES,Federal Contract Tower,0,17,97,0,114,0,4,83,50,137,0,21,180,50,251,206,0,206,457
01/31/2008,CRG,FL,ASO,ES,Federal Contract Tower,0,14,99,0,113,0,0,94,44,138,0,14,193,44,251,198,2,200,451
02/01/2008,CRG,FL,ASO,ES,Federal Contract Tower,0,20,73,0,93,0,0,177,12,189,0,20,250,12,282,196,0,196,478
02/02/2008,CRG,FL,ASO,ES,Federal Contract Tower,0,7,62,0,69,0,0,247,6,253,0,7,309,6,322,269,0,269,591
02/03/2008,CRG,FL,ASO,ES,Federal Contract Tower,0,0,55,0,55,0,0,128,0,128,0,0,183,0,183,170,0,170,353
02/04/2008,CRG,FL,ASO,ES,Federal Contract Tower,0,19,70,0,89,0,1,108,6,115,0,20,178,6,204,200,0,200,404
02/05/2008,CRG,FL,ASO,ES,Federal Contract Tower,0,14,93,34,141,0,2,138,36,176,0,16,231,70,317,248,0,248,565
02/06/2008,CRG,FL,ASO,ES,Federal Contract Tower,0,15,70,2,87,0,3,111,44,158,0,18,181,46,245,63,0,63,308
02/07/2008,CRG,FL,ASO,ES,Federal Contract Tower,0,17,75,0,92,0,2,112,46,160,0,19,187,46,252,173,0,173,425
02/08/2008,CRG,FL,ASO,ES,Federal Contract Tower,0,16,97,0,113,0,4,222,13,239,0,20,319,13,352,190,0,190,542
02/09/2008,CRG,FL,ASO,ES,Federal Contract Tower,0,0,64,0,64,0,0,216,0,216,0,0,280,0,280,278,0,278,558
02/10/2008,CRG,FL,ASO,ES,Federal Contract Tower,0,0,56,3,59,0,0,175,7,182,0,0,231,10,241,284,0,284,525
02/11/2008,CRG,FL,ASO,ES,Federal Contract Tower,0,14,66,0,80,0,2,202,70,274,0,16,268,70,354,237,0,237,591
02/12/2008,CRG,FL,ASO,ES,Federal Contract Tower,0,11,62,0,73,0,2,135,24,161,0,13,197,24,234,128,0,128,362
02/13/2008,CRG,FL,ASO,ES,Federal Contract Tower,0,16,22,0,38,0,5,101,42,148,0,21,123,42,186,110,0,110,296
02/14/2008,CRG,FL,ASO,ES,Federal Contract Tower,0,12,85,0,97,0,3,195,76,274,0,15,280,76,371,178,2,180,551
02/15/2008,CRG,FL,ASO,ES,Federal Contract Tower,0,16,77,1,94,0,2,200,4,206,0,18,277,5,300,296,0,296,596
02/16/2008,CRG,FL,ASO,ES,Federal Contract Tower,0,6,52,0,58,0,0,169,4,173,0,6,221,4,231,193,0,193,424
02/17/2008,CRG,FL,ASO,ES,Federal Contract Tower,0,2,50,0,52,0,0,102,0,102,0,2,152,0,154,86,0,86,240
02/18/2008,CRG,FL,ASO,ES,Federal Contract Tower,0,1,57,0,58,0,1,34,0,35,0,2,91,0,93,56,0,56,149
02/19/2008,CRG,FL,ASO,ES,Federal Contract Tower,0,14,87,0,101,0,3,194,35,232,0,17,281,35,333,183,0,183,516
02/20/2008,CRG,FL,ASO,ES,Federal Contract Tower,0,17,106,0,123,0,5,210,50,265,0,22,316,50,388,259,0,259,647
02/21/2008,CRG,FL,ASO,ES,Federal Contract Tower,0,13,68,0,81,0,0,118,52,170,0,13,186,52,251,143,6,149,400
02/22/2008,CRG,FL,ASO,ES,Federal Contract Tower,0,11,63,0,74,0,6,116,12,134,0,17,179,12,208,80,0,80,288
02/23/2008,CRG,FL,ASO,ES,Federal Contract Tower,0,0,55,0,55,0,0,76,0,76,0,0,131,0,131,127,0,127,258
02/24/2008,CRG,FL,ASO,ES,Federal Contract Tower,0,0,78,0,78,0,0,132,0,132,0,0,210,0,210,161,0,161,371
02/25/2008,CRG,FL,ASO,ES,Federal Contract Tower,0,19,92,0,111,0,2,151,22,175,0,21,243,22,286,129,0,129,415
02/26/2008,CRG,FL,ASO,ES,Federal Contract Tower,0,26,58,0,84,0,1,10,0,11,0,27,68,0,95,14,0,14,109
02/27/2008,CRG,FL,ASO,ES,Federal Contract Tower,0,21,74,0,95,0,2,166,44,212,0,23,240,44,307,143,0,143,450
02/28/2008,CRG,FL,ASO,ES,Federal Contract Tower,0,17,77,0,94,0,0,191,68,259,0,17,268,68,353,296,0,296,649
02/29/2008,CRG,FL,ASO,ES,Federal Contract Tower,0,15,76,0,91,0,1,204,22,227,0,16,280,22,318,183,0,183,501
03/01/2008,CRG,FL,ASO,ES,Federal Contract Tower,0,10,84,0,94,0,2,140,4,146,0,12,224,4,240,174,0,174,414
03/02/2008,CRG,FL,ASO,ES,Federal Contract Tower,0,5,84,0,89,0,0,141,2,143,0,5,225,2,232,167,0,167,399
03/03/2008,CRG,FL,ASO,ES,Federal Contract Tower,0,10,73,0,83,0,3,148,26,177,0,13,221,26,260,111,0,111,371
03/04/2008,CRG,FL,ASO,ES,Federal Contract Tower,0,12,18,1,31,0,2,19,20,41,0,14,37,21,72,3,0,3,75
03/05/2008,CRG,FL,ASO,ES,Federal Contract Tower,0,16,103,1,120,0,4,256,65,325,0,20,359,66,445,220,0,220,665
03/06/2008,CRG,FL,ASO,ES,Federal Contract Tower,0,12,86,0,98,0,1,217,62,280,0,13,303,62,378,135,0,135,513
03/07/2008,CRG,FL,ASO,ES,Federal Contract Tower,0,10,20,0,30,0,0,8,0,8,0,10,28,0,38,7,0,7,45
03/08/2008,CRG,FL,ASO,ES,Federal Contract Tower,0,2,25,0,27,0,0,24,16,40,0,2,49,16,67,6,0,6,73
03/09/2008,CRG,FL,ASO,ES,Federal Contract Tower,0,1,72,0,73,0,0,96,12,108,0,1,168,12,181,206,0,206,387
03/10/2008,CRG,FL,ASO,ES,Federal Contract Tower,0,12,91,0,103,0,5,264,46,315,0,17,355,46,418,226,0,226,644
03/11/2008,CRG,FL,ASO,ES,Federal Contract Tower,0,18,93,0,111,0,4,199,16,219,0,22,292,16,330,134,0,134,464
03/12/2008,CRG,FL,ASO,ES,Federal Contract Tower,0,16,107,0,123,0,0,240,42,282,0,16,347,42,405,297,0,297,702
03/13/2008,CRG,FL,ASO,ES,Federal Contract Tower,0,12,98,0,110,0,2,190,60,252,0,14,288,60,362,258,0,258,620
03/14/2008,CRG,FL,ASO,ES,Federal Contract Tower,0,17,87,0,104,0,0,72,12,84,0,17,159,12,188,105,0,105,293
03/15/2008,CRG,FL,ASO,ES,Federal Contract Tower,0,4,50,0,54,0,0,55,0,55,0,4,105,0,109,120,0,120,229
03/16/2008,CRG,FL,ASO,ES,Federal Contract Tower,0,1,78,0,79,0,0,133,0,133,0,1,211,0,212,114,0,114,326
03/17/2008,CRG,FL,ASO,ES,Federal Contract Tower,0,18,83,0,101,0,2,113,42,157,0,20,196,42,258,88,0,88,346
03/18/2008,CRG,FL,ASO,ES,Federal Contract Tower,0,15,59,0,74,0,1,90,28,119,0,16,149,28,193,8,0,8,201
03/19/2008,CRG,FL,ASO,ES,Federal Contract Tower,0,24,64,0,88,0,0,118,36,154,0,24,182,36,242,66,0,66,308
03/20/2008,CRG,FL,ASO,ES,Federal Contract Tower,0,20,96,0,116,0,0,128,62,190,0,20,224,62,306,123,0,123,429
03/21/2008,CRG,FL,ASO,ES,Federal Contract Tower,0,17,90,7,114,0,0,188,34,222,0,17,278,41,336,180,2,182,518
03/22/2008,CRG,FL,ASO,ES,Federal Contract Tower,0,2,60,0,62,0,0,122,0,122,0,2,182,0,184,95,0,95,279
03/23/2008,CRG,FL,ASO,ES,Federal Contract Tower,0,3,62,0,65,0,0,95,0,95,0,3,157,0,160,123,0,123,283
03/24/2008,CRG,FL,ASO,ES,Federal Contract Tower,0,12,74,0,86,0,1,132,34,167,0,13,206,34,253,104,8,112,365
03/25/2008,CRG,FL,ASO,ES,Federal Contract Tower,0,15,94,0,109,0,1,178,99,278,0,16,272,99,387,252,0,252,639
03/26/2008,CRG,FL,ASO,ES,Federal Contract Tower,0,17,108,0,125,0,2,187,72,261,0,19,295,72,386,206,0,206,592
03/27/2008,CRG,FL,ASO,ES,Federal Contract Tower,0,17,83,2,102,0,0,163,16,179,0,17,246,18,281,170,0,170,451
03/28/2008,CRG,FL,ASO,ES,Federal Contract Tower,0,25,91,0,116,0,0,175,18,193,0,25,266,18,309,179,0,179,488
03/29/2008,CRG,FL,ASO,ES,Federal Contract Tower,0,10,65,0,75,0,0,162,0,162,0,10,227,0,237,197,0,197,434
03/30/2008,CRG,FL,ASO,ES,Federal Contract Tower,0,3,55,0,58,0,0,5,0,5,0,3,60,0,63,0,0,0,63
03/31/2008,CRG,FL,ASO,ES,Federal Contract Tower,0,19,82,0,101,0,0,17,8,25,0,19,99,8,126,13,0,13,139
04/01/2008,CRG,FL,ASO,ES,Federal Contract Tower,0,16,64,0,80,0,2,151,36,189,0,18,215,36,269,207,0,207,476
04/02/2008,CRG,FL,ASO,ES,Federal Contract Tower,0,16,74,0,90,0,3,188,60,251,0,19,262,60,341,245,0,245,586
04/03/2008,CRG,FL,ASO,ES,Federal Contract Tower,0,20,91,0,111,0,0,20,18,38,0,20,111,18,149,23,0,23,172
04/04/2008,CRG,FL,ASO,ES,Federal Contract Tower,0,11,86,1,98,0,1,157,0,158,0,12,243,1,256,42,0,42,298
04/05/2008,CRG,FL,ASO,ES,Federal Contract Tower,0,2,35,0,37,0,0,44,0,44,0,2,79,0,81,48,0,48,129
04/06/2008,CRG,FL,ASO,ES,Federal Contract Tower,0,3,37,0,40,0,0,81,2,83,0,3,118,2,123,40,0,40,163
04/07/2008,CRG,FL,ASO,ES,Federal Contract Tower,0,15,118,0,133,0,0,49,26,75,0,15,167,26,208,8,0,8,216
04/08/2008,CRG,FL,ASO,ES,Federal Contract Tower,0,12,130,0,142,0,3,92,58,153,0,15,222,58,295,60,0,60,355
04/09/2008,CRG,FL,ASO,ES,Federal Contract Tower,0,20,103,0,123,0,1,178,124,303,0,21,281,124,426,254,0,254,680
04/10/2008,CRG,FL,ASO,ES,Federal Contract Tower,0,16,104,0,120,0,0,224,78,302,0,16,328,78,422,200,0,200,622
04/11/2008,CRG,FL,ASO,ES,Federal Contract Tower,0,17,72,0,89,0,3,219,0,222,0,20,291,0,311,176,0,176,487
04/12/2008,CRG,FL,ASO,ES,Federal Contract Tower,0,0,57,0,57,0,0,138,7,145,0,0,195,7,202,89,0,89,291
04/13/2008,CRG,FL,ASO,ES,Federal Contract Tower,0,0,57,0,57,0,2,94,0,96,0,2,151,0,153,102,0,102,255
04/14/2008,CRG,FL,ASO,ES,Federal Contract Tower,0,16,86,2,104,0,5,176,30,211,0,21,262,32,315,150,2,152,467
04/15/2008,CRG,FL,ASO,ES,Federal Contract Tower,0,14,79,0,93,0,2,119,52,173,0,16,198,52,266,98,10,108,374
04/16/2008,CRG,FL,ASO,ES,Federal Contract Tower,0,12,85,0,97,0,1,167,116,284,0,13,252,116,381,199,0,199,580
04/17/2008,CRG,FL,ASO,ES,Federal Contract Tower,0,21,80,0,101,0,5,223,90,318,0,26,303,90,419,203,0,203,622
04/18/2008,CRG,FL,ASO,ES,Federal Contract Tower,0,11,99,0,110,0,7,222,10,239,0,18,321,10,349,151,0,151,500
04/19/2008,CRG,FL,ASO,ES,Federal Contract Tower,0,5,53,0,58,0,0,145,10,155,0,5,198,10,213,147,0,147,360
04/20/2008,CRG,FL,ASO,ES,Federal Contract Tower,0,3,56,0,59,0,0,142,4,146,0,3,198,4,205,104,0,104,309
04/21/2008,CRG,FL,ASO,ES,Federal Contract Tower,0,10,61,0,71,0,5,162,2,169,0,15,223,2,240,181,0,181,421
04/22/2008,CRG,FL,ASO,ES,Federal Contract Tower,0,10,79,0,89,0,4,142,72,218,0,14,221,72,307,197,0,197,504
04/23/2008,CRG,FL,ASO,ES,Federal Contract Tower,0,14,108,0,122,0,1,108,79,188,0,15,216,79,310,47,0,47,357
04/24/2008,CRG,FL,ASO,ES,Federal Contract Tower,0,8,100,0,108,0,5,124,84,213,0,13,224,84,321,162,2,164,485
04/25/2008,CRG,FL,ASO,ES,Federal Contract Tower,0,16,89,0,105,0,5,193,10,208,0,21,282,10,313,242,0,242,555
04/26/2008,CRG,FL,ASO,ES,Federal Contract Tower,0,5,65,0,70,0,0,210,8,218,0,5,275,8,288,120,0,120,408
04/27/2008,CRG,FL,ASO,ES,Federal Contract Tower,0,5,70,0,75,0,0,153,0,153,0,5,223,0,228,90,0,90,318
04/28/2008,CRG,FL,ASO,ES,Federal Contract Tower,0,12,54,0,66,0,0,68,0,68,0,12,122,0,134,62,0,62,196
04/29/2008,CRG,FL,ASO,ES,Federal Contract Tower,0,18,79,0,97,0,5,141,32,178,0,23,220,32,275,143,0,143,418
04/30/2008,CRG,FL,ASO,ES,Federal Contract Tower,0,22,75,0,97,0,2,214,48,264,0,24,289,48,361,279,0,279,640
05/01/2008,CRG,FL,ASO,ES,Federal Contract Tower,0,14,91,0,105,0,2,200,28,230,0,16,291,28,335,181,0,181,516
05/02/2008,CRG,FL,ASO,ES,Federal Contract Tower,0,17,74,0,91,0,1,219,6,226,0,18,293,6,317,168,0,168,485
05/03/2008,CRG,FL,ASO,ES,Federal Contract Tower,0,2,52,0,54,0,0,170,2,172,0,2,222,2,226,75,0,75,301
05/04/2008,CRG,FL,ASO,ES,Federal Contract Tower,0,5,49,0,54,0,0,116,8,124,0,5,165,8,178,97,0,97,275
05/05/2008,CRG,FL,ASO,ES,Federal Contract Tower,0,10,66,0,76,0,0,187,26,213,0,10,253,26,289,145,0,145,434
05/06/2008,CRG,FL,ASO,ES,Federal Contract Tower,0,15,92,0,107,0,0,155,56,211,0,15,247,56,318,130,0,130,448
05/07/2008,CRG,FL,ASO,ES,Federal Contract Tower,0,15,71,0,86,0,1,182,20,203,0,16,253,20,289,191,0,191,480
05/08/2008,CRG,FL,ASO,ES,Federal Contract Tower,0,13,93,0,106,0,3,182,24,209,0,16,275,24,315,167,0,167,482
05/09/2008,CRG,FL,ASO,ES,Federal Contract Tower,0,11,67,0,78,0,1,112,10,123,0,12,179,10,201,84,0,84,285
05/10/2008,CRG,FL,ASO,ES,Federal Contract Tower,0,5,56,0,61,0,0,121,0,121,0,5,177,0,182,150,0,150,332
05/11/2008,CRG,FL,ASO,ES,Federal Contract Tower,0,8,36,0,44,0,0,29,2,31,0,8,65,2,75,45,0,45,120
05/12/2008,CRG,FL,ASO,ES,Federal Contract Tower,0,16,71,0,87,0,1,166,16,183,0,17,237,16,270,152,0,152,422
05/13/2008,CRG,FL,ASO,ES,Federal Contract Tower,0,16,97,0,113,0,2,210,60,272,0,18,307,60,385,142,0,142,527
05/14/2008,CRG,FL,ASO,ES,Federal Contract Tower,0,14,78,0,92,0,3,178,50,231,0,17,256,50,323,194,0,194,517
05/15/2008,CRG,FL,ASO,ES,Federal Contract Tower,0,15,73,1,89,0,3,158,34,195,0,18,231,35,284,138,0,138,422
05/16/2008,CRG,FL,ASO,ES,Federal Contract Tower,0,10,74,0,84,0,1,78,2,81,0,11,152,2,165,63,0,63,228
05/17/2008,CRG,FL,ASO,ES,Federal Contract Tower,0,2,63,0,65,0,0,111,4,115,0,2,174,4,180,134,0,134,314
05/18/2008,CRG,FL,ASO,ES,Federal Contract Tower,0,0,62,0,62,0,0,58,4,62,0,0,120,4,124,92,0,92,216
05/19/2008,CRG,FL,ASO,ES,Federal Contract Tower,0,12,86,1,99,0,3,170,20,193,0,15,256,21,292,101,0,101,393
05/20/2008,CRG,FL,ASO,ES,Federal Contract Tower,0,18,60,0,78,0,1,135,24,160,0,19,195,24,238,157,0,157,395
05/21/2008,CRG,FL,ASO,ES,Federal Contract Tower,0,14,87,0,101,0,4,83,30,117,0,18,170,30,218,162,0,162,380
05/22/2008,CRG,FL,ASO,ES,Federal Contract Tower,0,20,94,0,114,0,0,160,29,189,0,20,254,29,303,137,0,137,440
05/23/2008,CRG,FL,ASO,ES,Federal Contract Tower,0,15,78,0,93,0,1,142,8,151,0,16,220,8,244,130,0,130,374
05/24/2008,CRG,FL,ASO,ES,Federal Contract Tower,0,4,53,0,57,0,0,137,0,137,0,4,190,0,194,155,0,155,349
05/25/2008,CRG,FL,ASO,ES,Federal Contract Tower,0,0,38,4,42,0,0,96,0,96,0,0,134,4,138,131,0,131,269
05/26/2008,CRG,FL,ASO,ES,Federal Contract Tower,0,4,53,0,57,0,0,163,0,163,0,4,216,0,220,110,0,110,330
05/27/2008,CRG,FL,ASO,ES,Federal Contract Tower,0,14,82,0,96,0,1,182,56,239,0,15,264,56,335,143,0,143,478
05/28/2008,CRG,FL,ASO,ES,Federal Contract Tower,0,17,71,0,88,0,2,154,34,190,0,19,225,34,278,127,0,127,405
05/29/2008,CRG,FL,ASO,ES,Federal Contract Tower,0,16,103,0,119,0,4,160,58,222,0,20,263,58,341,150,0,150,491
05/30/2008,CRG,FL,ASO,ES,Federal Contract Tower,0,16,87,0,103,0,0,179,41,220,0,16,266,41,323,112,0,112,435
05/31/2008,CRG,FL,ASO,ES,Federal Contract Tower,0,5,73,0,78,0,0,154,2,156,0,5,227,2,234,113,0,113,347
06/01/2008,CRG,FL,ASO,ES,Federal Contract Tower,0,2,65,0,67,0,0,73,0,73,0,2,138,0,140,56,0,56,196
06/02/2008,CRG,FL,ASO,ES,Federal Contract Tower,0,10,62,0,72,0,2,123,24,149,0,12,185,24,221,121,0,121,342
06/03/2008,CRG,FL,ASO,ES,Federal Contract Tower,0,14,59,0,73,0,0,114,57,171,0,14,173,57,244,149,0,149,393
06/04/2008,CRG,FL,ASO,ES,Federal Contract Tower,0,16,77,0,93,0,0,215,50,265,0,16,292,50,358,210,0,210,568
06/05/2008,CRG,FL,ASO,ES,Federal Contract Tower,0,17,85,0,102,0,1,189,32,222,0,18,274,32,324,227,0,227,551
06/06/2008,CRG,FL,ASO,ES,Federal Contract Tower,0,14,76,1,91,0,4,200,20,224,0,18,276,21,315,132,0,132,447
06/07/2008,CRG,FL,ASO,ES,Federal Contract Tower,0,1,44,2,47,0,0,148,1,149,0,1,192,3,196,110,0,110,306
06/08/2008,CRG,FL,ASO,ES,Federal Contract Tower,0,2,51,0,53,0,0,132,10,142,0,2,183,10,195,113,0,113,308
06/09/2008,CRG,FL,ASO,ES,Federal Contract Tower,0,16,73,0,89,0,2,163,68,233,0,18,236,68,322,124,0,124,446
06/10/2008,CRG,FL,ASO,ES,Federal Contract Tower,0,14,66,2,82,0,2,102,76,180,0,16,168,78,262,106,0,106,368
06/11/2008,CRG,FL,ASO,ES,Federal Contract Tower,0,14,49,0,63,0,1,128,22,151,0,15,177,22,214,97,0,97,311
06/12/2008,CRG,FL,ASO,ES,Federal Contract Tower,0,16,66,0,82,0,1,152,71,224,0,17,218,71,306,175,2,177,483
06/13/2008,CRG,FL,ASO,ES,Federal Contract Tower,0,15,92,0,107,0,0,149,20,169,0,15,241,20,276,176,0,176,452
06/14/2008,CRG,FL,ASO,ES,Federal Contract Tower,0,1,43,0,44,0,3,125,0,128,0,4,168,0,172,119,0,119,291
06/15/2008,CRG,FL,ASO,ES,Federal Contract Tower,0,0,41,0,41,0,1,72,0,73,0,1,113,0,114,68,0,68,182
06/16/2008,CRG,FL,ASO,ES,Federal Contract Tower,0,11,71,0,82,0,0,152,22,174,0,11,223,22,256,206,0,206,462
06/17/2008,CRG,FL,ASO,ES,Federal Contract Tower,0,13,84,0,97,0,2,162,32,196,0,15,246,32,293,183,0,183,476
06/18/2008,CRG,FL,ASO,ES,Federal Contract Tower,0,13,99,0,112,0,2,165,30,197,0,15,264,30,309,109,0,109,418
06/19/2008,CRG,FL,ASO,ES,Federal Contract Tower,0,11,88,0,99,0,1,152,24,177,0,12,240,24,276,174,0,174,450
06/20/2008,CRG,FL,ASO,ES,Federal Contract Tower,0,14,81,0,95,0,2,173,22,197,0,16,254,22,292,174,0,174,466
06/21/2008,CRG,FL,ASO,ES,Federal Contract Tower,0,0,48,0,48,0,0,104,6,110,0,0,152,6,158,96,0,96,254
06/22/2008,CRG,FL,ASO,ES,Federal Contract Tower,0,4,53,0,57,0,1,92,0,93,0,5,145,0,150,48,0,48,198
06/23/2008,CRG,FL,ASO,ES,Federal Contract Tower,0,9,78,0,87,0,4,160,12,176,0,13,238,12,263,109,0,109,372
06/24/2008,CRG,FL,ASO,ES,Federal Contract Tower,0,14,89,0,103,0,4,153,44,201,0,18,242,44,304,105,0,105,409
06/25/2008,CRG,FL,ASO,ES,Federal Contract Tower,0,14,68,0,82,0,2,151,66,219,0,16,219,66,301,117,4,121,422
06/26/2008,CRG,FL,ASO,ES,Federal Contract Tower,0,13,86,0,99,0,5,98,22,125,0,18,184,22,224,103,0,103,327
06/27/2008,CRG,FL,ASO,ES,Federal Contract Tower,0,17,96,0,113,0,1,156,20,177,0,18,252,20,290,111,0,111,401
06/28/2008,CRG,FL,ASO,ES,Federal Contract Tower,0,0,44,0,44,0,0,120,0,120,0,0,164,0,164,101,0,101,265
06/29/2008,CRG,FL,ASO,ES,Federal Contract Tower,0,1,48,0,49,0,0,93,2,95,0,1,141,2,144,143,0,143,287
06/30/2008,CRG,FL,ASO,ES,Federal Contract Tower,0,15,64,0,79,0,1,128,10,139,0,16,192,10,218,122,0,122,340
07/01/2008,CRG,FL,ASO,ES,Federal Contract Tower,0,12,67,0,79,0,3,139,66,208,0,15,206,66,287,151,0,151,438
07/02/2008,CRG,FL,ASO,ES,Federal Contract Tower,0,12,84,0,96,0,2,178,56,236,0,14,262,56,332,134,0,134,466
07/03/2008,CRG,FL,ASO,ES,Federal Contract Tower,0,15,92,0,107,0,1,161,0,162,0,16,253,0,269,251,0,251,520
07/04/2008,CRG,FL,ASO,ES,Federal Contract Tower,1,34,0,0,35,0,0,111,2,113,1,34,111,2,148,77,0,77,225
07/05/2008,CRG,FL,ASO,ES,Federal Contract Tower,1,43,0,0,44,0,0,104,0,104,1,43,104,0,148,122,0,122,270
07/06/2008,CRG,FL,ASO,ES,Federal Contract Tower,0,4,32,0,36,0,0,75,0,75,0,4,107,0,111,115,0,115,226
07/07/2008,CRG,FL,ASO,ES,Federal Contract Tower,0,21,63,0,84,0,0,141,22,163,0,21,204,22,247,71,0,71,318
07/08/2008,CRG,FL,ASO,ES,Federal Contract Tower,0,13,70,0,83,0,0,135,54,189,0,13,205,54,272,180,0,180,452
07/09/2008,CRG,FL,ASO,ES,Federal Contract Tower,0,14,79,0,93,0,1,148,68,217,0,15,227,68,310,130,0,130,440
07/10/2008,CRG,FL,ASO,ES,Federal Contract Tower,0,15,62,0,77,0,4,151,22,177,0,19,213,22,254,211,0,211,465
07/11/2008,CRG,FL,ASO,ES,Federal Contract Tower,13,59,0,0,72,0,2,109,14,125,13,61,109,14,197,101,0,101,298
07/12/2008,CRG,FL,ASO,ES,Federal Contract Tower,0,0,55,0,55,0,1,101,12,114,0,1,156,12,169,62,0,62,231
07/13/2008,CRG,FL,ASO,ES,Federal Contract Tower,0,5,49,0,54,0,0,88,0,88,0,5,137,0,142,105,0,105,247
07/14/2008,CRG,FL,ASO,ES,Federal Contract Tower,0,9,74,0,83,0,5,92,22,119,0,14,166,22,202,99,2,101,303
07/15/2008,CRG,FL,ASO,ES,Federal Contract Tower,0,12,74,0,86,0,31,81,80,192,0,43,155,80,278,115,0,115,393
07/16/2008,CRG,FL,ASO,ES,Federal Contract Tower,0,12,95,0,107,0,2,89,53,144,0,14,184,53,251,169,0,169,420
07/17/2008,CRG,FL,ASO,ES,Federal Contract Tower,19,72,0,0,91,0,3,41,42,86,19,75,41,42,177,49,0,49,226
07/18/2008,CRG,FL,ASO,ES,Federal Contract Tower,0,12,95,0,107,0,2,75,12,89,0,14,170,12,196,93,0,93,289
07/19/2008,CRG,FL,ASO,ES,Federal Contract Tower,0,2,41,0,43,0,0,138,4,142,0,2,179,4,185,129,0,129,314
07/20/2008,CRG,FL,ASO,ES,Federal Contract Tower,0,3,60,0,63,0,2,124,4,130,0,5,184,4,193,54,0,54,247
07/21/2008,CRG,FL,ASO,ES,Federal Contract Tower,0,10,70,0,80,0,2,125,22,149,0,12,195,22,229,123,0,123,352
07/22/2008,CRG,FL,ASO,ES,Federal Contract Tower,0,14,82,0,96,0,4,101,41,146,0,18,183,41,242,130,10,140,382
07/23/2008,CRG,FL,ASO,ES,Federal Contract Tower,0,13,59,0,72,0,2,93,40,135,0,15,152,40,207,113,0,113,320
07/24/2008,CRG,FL,ASO,ES,Federal Contract Tower,0,16,72,0,88,0,2,122,33,157,0,18,194,33,245,158,0,158,403
07/25/2008,CRG,FL,ASO,ES,Federal Contract Tower,0,11,72,0,83,0,0,174,22,196,0,11,246,22,279,160,0,160,439
07/26/2008,CRG,FL,ASO,ES,Federal Contract Tower,0,0,30,0,30,0,1,131,8,140,0,1,161,8,170,109,0,109,279
07/27/2008,CRG,FL,ASO,ES,Federal Contract Tower,4,42,0,0,46,0,4,108,6,118,4,46,108,6,164,95,4,99,263
07/28/2008,CRG,FL,ASO,ES,Federal Contract Tower,0,12,63,1,76,0,0,88,15,103,0,12,151,16,179,123,0,123,302
07/29/2008,CRG,FL,ASO,ES,Federal Contract Tower,0,11,76,0,87,0,0,79,31,110,0,11,155,31,197,147,0,147,344
07/30/2008,CRG,FL,ASO,ES,Federal Contract Tower,0,15,63,0,78,0,3,87,24,114,0,18,150,24,192,111,0,111,303
07/31/2008,CRG,FL,ASO,ES,Federal Contract Tower,0,13,72,0,85,0,2,104,20,126,0,15,176,20,211,153,0,153,364
08/01/2008,CRG,FL,ASO,ES,Federal Contract Tower,0,11,55,0,66,0,2,130,6,138,0,13,185,6,204,86,0,86,290
08/02/2008,CRG,FL,ASO,ES,Federal Contract Tower,0,3,57,0,60,0,0,109,0,109,0,3,166,0,169,46,0,46,215
08/03/2008,CRG,FL,ASO,ES,Federal Contract Tower,0,2,44,0,46,0,0,104,0,104,0,2,148,0,150,102,0,102,252
08/04/2008,CRG,FL,ASO,ES,Federal Contract Tower,0,11,62,0,73,0,1,105,34,140,0,12,167,34,213,148,0,148,361
08/05/2008,CRG,FL,ASO,ES,Federal Contract Tower,0,12,46,0,58,0,1,132,46,179,0,13,178,46,237,168,0,168,405
08/06/2008,CRG,FL,ASO,ES,Federal Contract Tower,0,13,57,0,70,0,0,146,42,188,0,13,203,42,258,128,4,132,390
08/07/2008,CRG,FL,ASO,ES,Federal Contract Tower,0,18,64,0,82,0,0,134,48,182,0,18,198,48,264,74,0,74,338
08/08/2008,CRG,FL,ASO,ES,Federal Contract Tower,0,11,67,0,78,0,0,86,6,92,0,11,153,6,170,78,0,78,248
08/09/2008,CRG,FL,ASO,ES,Federal Contract Tower,0,3,46,0,49,0,0,137,0,137,0,3,183,0,186,161,0,161,347
08/10/2008,CRG,FL,ASO,ES,Federal Contract Tower,0,2,48,0,50,0,0,98,4,102,0,2,146,4,152,82,0,82,234
08/11/2008,CRG,FL,ASO,ES,Federal Contract Tower,0,13,48,0,61,0,2,151,22,175,0,15,199,22,236,160,0,160,396
08/12/2008,CRG,FL,ASO,ES,Federal Contract Tower,0,16,42,0,58,0,79,20,0,99,0,95,62,0,157,102,0,102,259
08/13/2008,CRG,FL,ASO,ES,Federal Contract Tower,0,11,55,1,67,0,1,36,12,49,0,12,91,13,116,50,0,50,166
08/14/2008,CRG,FL,ASO,ES,Federal Contract Tower,0,10,64,0,74,0,1,66,18,85,0,11,130,18,159,74,0,74,233
08/15/2008,CRG,FL,ASO,ES,Federal Contract Tower,0,14,85,0,99,0,1,163,9,173,0,15,248,9,272,167,0,167,439
08/16/2008,CRG,FL,ASO,ES,Federal Contract Tower,0,2,46,0,48,0,0,92,0,92,0,2,138,0,140,112,0,112,252
08/17/2008,CRG,FL,ASO,ES,Federal Contract Tower,0,2,43,0,45,0,0,75,0,75,0,2,118,0,120,76,0,76,196
08/18/2008,CRG,FL,ASO,ES,Federal Contract Tower,0,10,54,0,64,0,0,84,44,128,0,10,138,44,192,105,0,105,297
08/19/2008,CRG,FL,ASO,ES,Federal Contract Tower,0,12,34,0,46,0,0,56,42,98,0,12,90,42,144,85,0,85,229
08/20/2008,CRG,FL,ASO,ES,Federal Contract Tower,0,10,14,0,24,0,0,0,0,0,0,10,14,0,24,0,0,0,24
08/21/2008,CRG,FL,ASO,ES,Federal Contract Tower,0,2,2,0,4,0,0,1,0,1,0,2,3,0,5,0,0,0,5
08/22/2008,CRG,FL,ASO,ES,Federal Contract Tower,0,0,0,0,0,0,0,0,0,0,0,0,0,0,0,0,0,0,0
08/23/2008,CRG,FL,ASO,ES,Federal Contract Tower,0,2,21,2,25,0,0,13,7,20,0,2,34,9,45,12,0,12,57
08/24/2008,CRG,FL,ASO,ES,Federal Contract Tower,0,2,41,0,43,0,0,53,22,75,0,2,94,22,118,23,0,23,141
08/25/2008,CRG,FL,ASO,ES,Federal Contract Tower,0,14,51,0,65,0,1,99,18,118,0,15,150,18,183,68,0,68,251
08/26/2008,CRG,FL,ASO,ES,Federal Contract Tower,0,12,32,0,44,0,1,169,50,220,0,13,201,50,264,109,0,109,373
08/27/2008,CRG,FL,ASO,ES,Federal Contract Tower,0,14,79,20,113,0,14,174,20,208,0,28,253,40,321,99,4,103,424
08/28/2008,CRG,FL,ASO,ES,Federal Contract Tower,0,14,77,0,91,0,2,99,34,135,0,16,176,34,226,149,0,149,375
08/29/2008,CRG,FL,ASO,ES,Federal Contract Tower,0,13,91,0,104,0,0,155,23,178,0,13,246,23,282,190,0,190,472
08/30/2008,CRG,FL,ASO,ES,Federal Contract Tower,0,2,43,0,45,0,0,57,0,57,0,2,100,0,102,90,0,90,192
08/31/2008,CRG,FL,ASO,ES,Federal Contract Tower,0,0,37,0,37,0,0,80,0,80,0,0,117,0,117,74,0,74,191
09/01/2008,CRG,FL,ASO,ES,Federal Contract Tower,0,2,42,0,44,0,0,116,0,116,0,2,158,0,160,144,0,144,304
09/02/2008,CRG,FL,ASO,ES,Federal Contract Tower,0,11,50,0,61,0,0,126,87,213,0,11,176,87,274,108,0,108,382
09/03/2008,CRG,FL,ASO,ES,Federal Contract Tower,0,10,85,0,95,0,0,153,44,197,0,10,238,44,292,109,0,109,401
09/04/2008,CRG,FL,ASO,ES,Federal Contract Tower,0,9,48,0,57,0,0,111,128,239,0,9,159,128,296,92,0,92,388
09/05/2008,CRG,FL,ASO,ES,Federal Contract Tower,0,10,36,0,46,0,0,15,30,45,0,10,51,30,91,0,0,0,91
09/06/2008,CRG,FL,ASO,ES,Federal Contract Tower,0,0,57,0,57,0,0,191,0,191,0,0,248,0,248,106,0,106,354
09/07/2008,CRG,FL,ASO,ES,Federal Contract Tower,0,1,52,0,53,0,0,116,0,116,0,1,168,0,169,118,0,118,287
09/08/2008,CRG,FL,ASO,ES,Federal Contract Tower,0,17,53,0,70,0,0,91,52,143,0,17,144,52,213,86,0,86,299
09/09/2008,CRG,FL,ASO,ES,Federal Contract Tower,0,12,80,0,92,0,1,126,66,193,0,13,206,66,285,92,0,92,377
09/10/2008,CRG,FL,ASO,ES,Federal Contract Tower,0,13,74,1,88,0,1,65,89,155,0,14,139,90,243,153,0,153,396
09/11/2008,CRG,FL,ASO,ES,Federal Contract Tower,0,13,75,0,88,0,1,109,50,160,0,14,184,50,248,124,0,124,372
09/12/2008,CRG,FL,ASO,ES,Federal Contract Tower,0,8,85,0,93,0,1,136,10,147,0,9,221,10,240,87,0,87,327
09/13/2008,CRG,FL,ASO,ES,Federal Contract Tower,0,1,43,0,44,0,0,169,0,169,0,1,212,0,213,127,0,127,340
09/14/2008,CRG,FL,ASO,ES,Federal Contract Tower,0,4,51,0,55,0,0,121,0,121,0,4,172,0,176,71,0,71,247
09/15/2008,CRG,FL,ASO,ES,Federal Contract Tower,0,15,55,0,70,0,0,124,34,158,0,15,179,34,228,155,0,155,383
09/16/2008,CRG,FL,ASO,ES,Federal Contract Tower,0,14,65,0,79,0,1,144,34,179,0,15,209,34,258,142,0,142,400
09/17/2008,CRG,FL,ASO,ES,Federal Contract Tower,0,21,69,0,90,0,0,140,22,162,0,21,209,22,252,89,0,89,341
09/18/2008,CRG,FL,ASO,ES,Federal Contract Tower,0,13,57,0,70,0,0,79,68,147,0,13,136,68,217,68,0,68,285
09/19/2008,CRG,FL,ASO,ES,Federal Contract Tower,0,9,80,0,89,0,0,119,34,153,0,9,199,34,242,68,0,68,310
09/20/2008,CRG,FL,ASO,ES,Federal Contract Tower,0,1,59,0,60,0,0,71,0,71,0,1,130,0,131,55,0,55,186
09/21/2008,CRG,FL,ASO,ES,Federal Contract Tower,0,8,34,0,42,0,0,87,8,95,0,8,121,8,137,93,0,93,230
09/22/2008,CRG,FL,ASO,ES,Federal Contract Tower,0,8,56,0,64,0,1,51,22,74,0,9,107,22,138,29,0,29,167
09/23/2008,CRG,FL,ASO,ES,Federal Contract Tower,0,8,60,0,68,0,0,130,61,191,0,8,190,61,259,84,0,84,343
09/24/2008,CRG,FL,ASO,ES,Federal Contract Tower,0,9,100,0,109,0,1,95,50,146,0,10,195,50,255,92,0,92,347
09/25/2008,CRG,FL,ASO,ES,Federal Contract Tower,0,11,61,0,72,0,0,177,62,239,0,11,238,62,311,178,0,178,489
09/26/2008,CRG,FL,ASO,ES,Federal Contract Tower,0,11,88,0,99,0,0,136,11,147,0,11,224,11,246,235,0,235,481
09/27/2008,CRG,FL,ASO,ES,Federal Contract Tower,0,7,54,0,61,0,1,181,0,182,0,8,235,0,243,144,0,144,387
09/28/2008,CRG,FL,ASO,ES,Federal Contract Tower,0,2,58,0,60,0,0,172,12,184,0,2,230,12,244,160,0,160,404
09/29/2008,CRG,FL,ASO,ES,Federal Contract Tower,0,16,79,0,95,0,0,155,32,187,0,16,234,32,282,119,0,119,401
09/30/2008,CRG,FL,ASO,ES,Federal Contract Tower,0,8,93,1,102,0,1,146,20,167,0,9,239,21,269,119,0,119,388
10/01/2008,CRG,FL,ASO,ES,Federal Contract Tower,0,14,70,0,84,0,2,147,84,233,0,16,217,84,317,197,0,197,514
10/02/2008,CRG,FL,ASO,ES,Federal Contract Tower,0,8,68,0,76,0,1,165,74,240,0,9,233,74,316,186,0,186,502
10/03/2008,CRG,FL,ASO,ES,Federal Contract Tower,0,8,74,0,82,0,2,180,14,196,0,10,254,14,278,195,0,195,473
10/04/2008,CRG,FL,ASO,ES,Federal Contract Tower,0,0,50,0,50,0,0,218,10,228,0,0,268,10,278,175,0,175,453
10/05/2008,CRG,FL,ASO,ES,Federal Contract Tower,0,3,50,0,53,0,0,150,6,156,0,3,200,6,209,169,0,169,378
10/06/2008,CRG,FL,ASO,ES,Federal Contract Tower,0,7,68,0,75,0,1,60,26,87,0,8,128,26,162,68,0,68,230
10/07/2008,CRG,FL,ASO,ES,Federal Contract Tower,0,12,75,0,87,0,0,126,72,198,0,12,201,72,285,111,0,111,396
10/08/2008,CRG,FL,ASO,ES,Federal Contract Tower,0,8,60,0,68,0,0,62,34,96,0,8,122,34,164,147,0,147,311
10/09/2008,CRG,FL,ASO,ES,Federal Contract Tower,0,9,41,0,50,0,0,94,16,110,0,9,135,16,160,79,0,79,239
10/10/2008,CRG,FL,ASO,ES,Federal Contract Tower,0,9,86,0,95,0,0,110,6,116,0,9,196,6,211,114,0,114,325
10/11/2008,CRG,FL,ASO,ES,Federal Contract Tower,0,0,76,0,76,0,0,55,0,55,0,0,131,0,131,26,0,26,157
10/12/2008,CRG,FL,ASO,ES,Federal Contract Tower,0,2,66,0,68,0,0,82,0,82,0,2,148,0,150,106,0,106,256
10/13/2008,CRG,FL,ASO,ES,Federal Contract Tower,0,6,53,0,59,0,0,66,4,70,0,6,119,4,129,45,0,45,174
10/14/2008,CRG,FL,ASO,ES,Federal Contract Tower,0,11,71,0,82,0,0,184,102,286,0,11,255,102,368,169,0,169,537
10/15/2008,CRG,FL,ASO,ES,Federal Contract Tower,0,16,79,0,95,0,0,196,56,252,0,16,275,56,347,295,0,295,642
10/16/2008,CRG,FL,ASO,ES,Federal Contract Tower,0,12,78,0,90,0,0,158,50,208,0,12,236,50,298,143,0,143,441
10/17/2008,CRG,FL,ASO,ES,Federal Contract Tower,0,11,71,0,82,0,1,188,12,201,0,12,259,12,283,196,0,196,479
10/18/2008,CRG,FL,ASO,ES,Federal Contract Tower,0,4,44,0,48,0,1,151,5,157,0,5,195,5,205,208,0,208,413
10/19/2008,CRG,FL,ASO,ES,Federal Contract Tower,0,0,66,0,66,0,0,149,2,151,0,0,215,2,217,201,0,201,418
10/20/2008,CRG,FL,ASO,ES,Federal Contract Tower,0,10,65,2,77,0,1,135,34,170,0,11,200,36,247,182,0,182,429
10/21/2008,CRG,FL,ASO,ES,Federal Contract Tower,0,10,56,0,66,0,1,141,80,222,0,11,197,80,288,210,0,210,498
10/22/2008,CRG,FL,ASO,ES,Federal Contract Tower,0,6,61,0,67,0,4,170,36,210,0,10,231,36,277,204,0,204,481
10/23/2008,CRG,FL,ASO,ES,Federal Contract Tower,0,9,58,0,67,0,3,76,22,101,0,12,134,22,168,36,0,36,204
10/24/2008,CRG,FL,ASO,ES,Federal Contract Tower,0,10,47,0,57,0,0,24,2,26,0,10,71,2,83,10,0,10,93
10/25/2008,CRG,FL,ASO,ES,Federal Contract Tower,0,1,50,0,51,0,0,25,2,27,0,1,75,2,78,22,0,22,100
10/26/2008,CRG,FL,ASO,ES,Federal Contract Tower,0,3,65,0,68,0,0,145,0,145,0,3,210,0,213,267,0,267,480
10/27/2008,CRG,FL,ASO,ES,Federal Contract Tower,0,11,76,0,87,0,0,165,0,165,0,11,241,0,252,259,0,259,511
10/28/2008,CRG,FL,ASO,ES,Federal Contract Tower,0,8,73,1,82,0,0,158,36,194,0,8,231,37,276,82,0,82,358
10/29/2008,CRG,FL,ASO,ES,Federal Contract Tower,0,8,73,0,81,0,0,169,56,225,0,8,242,56,306,138,0,138,444
10/30/2008,CRG,FL,ASO,ES,Federal Contract Tower,0,12,82,0,94,0,0,186,48,234,0,12,268,48,328,199,10,209,537
10/31/2008,CRG,FL,ASO,ES,Federal Contract Tower,0,14,81,0,95,0,2,116,6,124,0,16,197,6,219,144,0,144,363
11/01/2008,CRG,FL,ASO,ES,Federal Contract Tower,0,26,131,0,157,0,0,146,6,152,0,26,277,6,309,149,0,149,458
11/02/2008,CRG,FL,ASO,ES,Federal Contract Tower,0,3,69,0,72,0,1,71,6,78,0,4,140,6,150,55,0,55,205
11/03/2008,CRG,FL,ASO,ES,Federal Contract Tower,0,12,92,0,104,0,0,36,73,109,0,12,128,73,213,18,0,18,231
11/04/2008,CRG,FL,ASO,ES,Federal Contract Tower,0,11,87,1,99,0,0,56,172,228,0,11,143,173,327,153,0,153,480
11/05/2008,CRG,FL,ASO,ES,Federal Contract Tower,0,9,97,0,106,0,0,60,78,138,0,9,157,78,244,85,0,85,329
11/06/2008,CRG,FL,ASO,ES,Federal Contract Tower,0,12,93,0,105,0,0,202,63,265,0,12,295,63,370,220,0,220,590
11/07/2008,CRG,FL,ASO,ES,Federal Contract Tower,0,10,80,0,90,0,1,177,21,199,0,11,257,21,289,154,0,154,443
11/08/2008,CRG,FL,ASO,ES,Federal Contract Tower,0,0,35,0,35,0,0,136,8,144,0,0,171,8,179,160,0,160,339
11/09/2008,CRG,FL,ASO,ES,Federal Contract Tower,0,2,60,0,62,0,0,124,8,132,0,2,184,8,194,163,0,163,357
11/10/2008,CRG,FL,ASO,ES,Federal Contract Tower,0,10,67,0,77,0,0,157,26,183,0,10,224,26,260,192,0,192,452
11/11/2008,CRG,FL,ASO,ES,Federal Contract Tower,0,2,52,0,54,0,0,136,4,140,0,2,188,4,194,144,0,144,338
11/12/2008,CRG,FL,ASO,ES,Federal Contract Tower,0,9,70,0,79,0,0,82,92,174,0,9,152,92,253,142,0,142,395
11/13/2008,CRG,FL,ASO,ES,Federal Contract Tower,0,10,94,0,104,0,2,70,22,94,0,12,164,22,198,100,0,100,298
11/14/2008,CRG,FL,ASO,ES,Federal Contract Tower,0,10,71,0,81,0,0,77,6,83,0,10,148,6,164,66,0,66,230
11/15/2008,CRG,FL,ASO,ES,Federal Contract Tower,0,2,49,0,51,0,0,36,0,36,0,2,85,0,87,102,0,102,189
11/16/2008,CRG,FL,ASO,ES,Federal Contract Tower,0,3,73,1,77,0,0,134,0,134,0,3,207,1,211,176,2,178,389
11/17/2008,CRG,FL,ASO,ES,Federal Contract Tower,0,9,49,0,58,0,0,190,12,202,0,9,239,12,260,236,0,236,496
11/18/2008,CRG,FL,ASO,ES,Federal Contract Tower,0,8,60,0,68,0,5,130,66,201,0,13,190,66,269,221,0,221,490
11/19/2008,CRG,FL,ASO,ES,Federal Contract Tower,0,10,73,0,83,0,2,168,74,244,0,12,241,74,327,127,0,127,454
11/20/2008,CRG,FL,ASO,ES,Federal Contract Tower,0,9,79,0,88,0,1,194,48,243,0,10,273,48,331,162,0,162,493
11/21/2008,CRG,FL,ASO,ES,Federal Contract Tower,0,11,77,0,88,0,1,128,12,141,0,12,205,12,229,142,0,142,371
11/22/2008,CRG,FL,ASO,ES,Federal Contract Tower,0,4,54,0,58,0,0,116,0,116,0,4,170,0,174,102,0,102,276
11/23/2008,CRG,FL,ASO,ES,Federal Contract Tower,0,3,49,0,52,0,0,109,0,109,0,3,158,0,161,165,0,165,326
11/24/2008,CRG,FL,ASO,ES,Federal Contract Tower,0,9,60,0,69,0,0,146,92,238,0,9,206,92,307,153,0,153,460
11/25/2008,CRG,FL,ASO,ES,Federal Contract Tower,0,10,56,0,66,0,1,134,56,191,0,11,190,56,257,204,0,204,461
11/26/2008,CRG,FL,ASO,ES,Federal Contract Tower,0,12,54,0,66,0,0,120,4,124,0,12,174,4,190,131,0,131,321
11/27/2008,CRG,FL,ASO,ES,Federal Contract Tower,0,0,13,0,13,0,0,59,0,59,0,0,72,0,72,41,0,41,113
11/28/2008,CRG,FL,ASO,ES,Federal Contract Tower,0,10,34,0,44,0,1,126,0,127,0,11,160,0,171,77,0,77,248
11/29/2008,CRG,FL,ASO,ES,Federal Contract Tower,0,4,54,0,58,0,0,103,0,103,0,4,157,0,161,102,0,102,263
11/30/2008,CRG,FL,ASO,ES,Federal Contract Tower,0,6,32,0,38,0,0,35,0,35,0,6,67,0,73,8,0,8,81
12/01/2008,CRG,FL,ASO,ES,Federal Contract Tower,0,11,65,0,76,0,1,141,14,156,0,12,206,14,232,50,0,50,282
12/02/2008,CRG,FL,ASO,ES,Federal Contract Tower,0,8,55,0,63,0,1,116,34,151,0,9,171,34,214,117,0,117,331
12/03/2008,CRG,FL,ASO,ES,Federal Contract Tower,0,13,66,0,79,0,0,143,58,201,0,13,209,58,280,145,0,145,425
12/04/2008,CRG,FL,ASO,ES,Federal Contract Tower,0,11,75,0,86,0,0,155,38,193,0,11,230,38,279,229,0,229,508
12/05/2008,CRG,FL,ASO,ES,Federal Contract Tower,0,9,71,0,80,0,2,115,0,117,0,11,186,0,197,237,0,237,434
12/06/2008,CRG,FL,ASO,ES,Federal Contract Tower,0,2,59,2,63,0,0,78,4,82,0,2,137,6,145,95,0,95,240
12/07/2008,CRG,FL,ASO,ES,Federal Contract Tower,0,5,45,0,50,0,0,135,0,135,0,5,180,0,185,118,2,120,305
12/08/2008,CRG,FL,ASO,ES,Federal Contract Tower,0,12,79,0,91,0,3,123,50,176,0,15,202,50,267,112,0,112,379
12/09/2008,CRG,FL,ASO,ES,Federal Contract Tower,0,9,77,0,86,0,4,156,58,218,0,13,233,58,304,283,0,283,587
12/10/2008,CRG,FL,ASO,ES,Federal Contract Tower,0,16,87,1,104,0,0,62,42,104,0,16,149,43,208,89,0,89,297
12/11/2008,CRG,FL,ASO,ES,Federal Contract Tower,0,7,26,0,33,0,1,26,4,31,0,8,52,4,64,17,0,17,81
12/12/2008,CRG,FL,ASO,ES,Federal Contract Tower,0,8,82,0,90,0,1,141,14,156,0,9,223,14,246,170,0,170,416
12/13/2008,CRG,FL,ASO,ES,Federal Contract Tower,0,1,52,0,53,0,0,146,6,152,0,1,198,6,205,193,0,193,398
12/14/2008,CRG,FL,ASO,ES,Federal Contract Tower,0,3,52,0,55,0,0,63,6,69,0,3,115,6,124,152,0,152,276
12/15/2008,CRG,FL,ASO,ES,Federal Contract Tower,0,8,57,0,65,0,1,94,24,119,0,9,151,24,184,150,0,150,334
12/16/2008,CRG,FL,ASO,ES,Federal Contract Tower,0,9,57,0,66,0,0,65,14,79,0,9,122,14,145,134,0,134,279
12/17/2008,CRG,FL,ASO,ES,Federal Contract Tower,0,10,44,0,54,0,0,71,4,75,0,10,115,4,129,88,0,88,217
12/18/2008,CRG,FL,ASO,ES,Federal Contract Tower,0,10,61,0,71,0,1,130,18,149,0,11,191,18,220,144,0,144,364
12/19/2008,CRG,FL,ASO,ES,Federal Contract Tower,0,7,63,0,70,0,2,120,6,128,0,9,183,6,198,178,0,178,376
12/20/2008,CRG,FL,ASO,ES,Federal Contract Tower,0,3,41,0,44,0,0,128,4,132,0,3,169,4,176,168,0,168,344
12/21/2008,CRG,FL,ASO,ES,Federal Contract Tower,0,1,23,0,24,0,0,42,0,42,0,1,65,0,66,78,0,78,144
12/22/2008,CRG,FL,ASO,ES,Federal Contract Tower,0,6,31,0,37,0,0,83,36,119,0,6,114,36,156,152,2,154,310
12/23/2008,CRG,FL,ASO,ES,Federal Contract Tower,0,7,49,0,56,0,0,86,82,168,0,7,135,82,224,66,0,66,290
12/24/2008,CRG,FL,ASO,ES,Federal Contract Tower,0,7,39,0,46,0,0,57,4,61,0,7,96,4,107,54,0,54,161
12/25/2008,CRG,FL,ASO,ES,Federal Contract Tower,0,1,14,0,15,0,0,25,0,25,0,1,39,0,40,24,0,24,64
12/26/2008,CRG,FL,ASO,ES,Federal Contract Tower,0,6,51,0,57,0,0,93,0,93,0,6,144,0,150,52,0,52,202
12/27/2008,CRG,FL,ASO,ES,Federal Contract Tower,0,0,23,0,23,0,1,94,0,95,0,1,117,0,118,60,0,60,178
12/28/2008,CRG,FL,ASO,ES,Federal Contract Tower,0,4,24,0,28,0,0,102,0,102,0,4,126,0,130,62,0,62,192
12/29/2008,CRG,FL,ASO,ES,Federal Contract Tower,0,11,47,0,58,0,0,97,10,107,0,11,144,10,165,59,0,59,224
12/30/2008,CRG,FL,ASO,ES,Federal Contract Tower,0,4,49,0,53,0,1,210,44,255,0,5,259,44,308,63,2,65,373
12/31/2008,CRG,FL,ASO,ES,Federal Contract Tower,0,6,43,0,49,0,0,117,0,117,0,6,160,0,166,36,0,36,202
01/01/2009,CRG,FL,ASO,ES,Federal Contract Tower,0,10,46,0,56,0,0,71,0,71,0,10,117,0,127,32,0,32,159
01/02/2009,CRG,FL,ASO,ES,Federal Contract Tower,0,6,58,0,64,0,0,147,2,149,0,6,205,2,213,117,0,117,330
01/03/2009,CRG,FL,ASO,ES,Federal Contract Tower,0,2,47,0,49,0,0,73,4,77,0,2,120,4,126,85,0,85,211
01/04/2009,CRG,FL,ASO,ES,Federal Contract Tower,0,1,40,0,41,0,1,124,0,125,0,2,164,0,166,144,0,144,310
01/05/2009,CRG,FL,ASO,ES,Federal Contract Tower,0,10,48,0,58,0,2,94,26,122,0,12,142,26,180,129,0,129,309
01/06/2009,CRG,FL,ASO,ES,Federal Contract Tower,0,10,42,0,52,0,0,62,42,104,0,10,104,42,156,50,2,52,208
01/07/2009,CRG,FL,ASO,ES,Federal Contract Tower,0,7,39,0,46,0,0,54,28,82,0,7,93,28,128,24,8,32,160
01/08/2009,CRG,FL,ASO,ES,Federal Contract Tower,0,6,65,0,71,0,3,127,14,144,0,9,192,14,215,66,0,66,281
01/09/2009,CRG,FL,ASO,ES,Federal Contract Tower,0,12,48,0,60,0,0,151,20,171,0,12,199,20,231,207,0,207,438
01/10/2009,CRG,FL,ASO,ES,Federal Contract Tower,0,2,32,1,35,0,0,160,1,161,0,2,192,2,196,103,0,103,299
01/11/2009,CRG,FL,ASO,ES,Federal Contract Tower,0,0,26,0,26,0,0,40,4,44,0,0,66,4,70,66,0,66,136
01/12/2009,CRG,FL,ASO,ES,Federal Contract Tower,0,5,54,0,59,0,1,52,30,83,0,6,106,30,142,48,0,48,190
01/13/2009,CRG,FL,ASO,ES,Federal Contract Tower,0,7,47,0,54,0,0,3,0,3,0,7,50,0,57,0,0,0,57
01/14/2009,CRG,FL,ASO,ES,Federal Contract Tower,0,9,77,0,86,0,0,193,32,225,0,9,270,32,311,214,0,214,525
01/15/2009,CRG,FL,ASO,ES,Federal Contract Tower,0,10,53,0,63,0,1,152,56,209,0,11,205,56,272,169,6,175,447
01/16/2009,CRG,FL,ASO,ES,Federal Contract Tower,0,17,50,0,67,0,1,149,28,178,0,18,199,28,245,128,0,128,373
01/17/2009,CRG,FL,ASO,ES,Federal Contract Tower,0,4,33,0,37,0,0,149,6,155,0,4,182,6,192,196,0,196,388
01/18/2009,CRG,FL,ASO,ES,Federal Contract Tower,0,2,29,0,31,0,0,86,0,86,0,2,115,0,117,30,0,30,147
01/19/2009,CRG,FL,ASO,ES,Federal Contract Tower,0,2,44,0,46,0,0,98,46,144,0,2,142,46,190,118,0,118,308
01/20/2009,CRG,FL,ASO,ES,Federal Contract Tower,0,10,54,0,64,0,0,105,78,183,0,10,159,78,247,18,0,18,265
01/21/2009,CRG,FL,ASO,ES,Federal Contract Tower,0,8,48,0,56,0,0,122,86,208,0,8,170,86,264,136,0,136,400
01/22/2009,CRG,FL,ASO,ES,Federal Contract Tower,0,6,68,0,74,0,0,120,98,218,0,6,188,98,292,137,0,137,429
01/23/2009,CRG,FL,ASO,ES,Federal Contract Tower,0,5,68,0,73,0,0,140,36,176,0,5,208,36,249,86,0,86,335
01/24/2009,CRG,FL,ASO,ES,Federal Contract Tower,0,1,31,2,34,0,0,111,2,113,0,1,142,4,147,132,2,134,281
01/25/2009,CRG,FL,ASO,ES,Federal Contract Tower,0,1,77,0,78,0,0,35,4,39,0,1,112,4,117,34,0,34,151
01/26/2009,CRG,FL,ASO,ES,Federal Contract Tower,0,9,38,1,48,0,0,90,32,122,0,9,128,33,170,66,0,66,236
01/27/2009,CRG,FL,ASO,ES,Federal Contract Tower,0,7,53,0,60,0,0,20,14,34,0,7,73,14,94,43,0,43,137
01/28/2009,CRG,FL,ASO,ES,Federal Contract Tower,0,7,62,1,70,0,2,96,40,138,0,9,158,41,208,82,2,84,292
01/29/2009,CRG,FL,ASO,ES,Federal Contract Tower,0,7,60,0,67,0,0,10,6,16,0,7,70,6,83,0,0,0,83
01/30/2009,CRG,FL,ASO,ES,Federal Contract Tower,0,9,61,0,70,0,0,158,46,204,0,9,219,46,274,133,0,133,407
01/31/2009,CRG,FL,ASO,ES,Federal Contract Tower,0,1,43,0,44,0,0,214,0,214,0,1,257,0,258,218,0,218,476
02/01/2009,CRG,FL,ASO,ES,Federal Contract Tower,0,3,32,0,35,0,0,100,0,100,0,3,132,0,135,87,0,87,222
02/02/2009,CRG,FL,ASO,ES,Federal Contract Tower,0,6,53,0,59,0,0,58,10,68,0,6,111,10,127,111,0,111,238
02/03/2009,CRG,FL,ASO,ES,Federal Contract Tower,0,7,62,0,69,0,1,152,40,193,0,8,214,40,262,176,0,176,438
02/04/2009,CRG,FL,ASO,ES,Federal Contract Tower,0,6,45,0,51,0,0,98,46,144,0,6,143,46,195,33,0,33,228
02/05/2009,CRG,FL,ASO,ES,Federal Contract Tower,0,7,65,0,72,0,1,155,32,188,0,8,220,32,260,107,4,111,371
02/06/2009,CRG,FL,ASO,ES,Federal Contract Tower,0,16,70,0,86,0,0,177,12,189,0,16,247,12,275,94,0,94,369
02/07/2009,CRG,FL,ASO,ES,Federal Contract Tower,0,0,44,0,44,0,0,168,2,170,0,0,212,2,214,174,0,174,388
02/08/2009,CRG,FL,ASO,ES,Federal Contract Tower,0,5,31,0,36,0,0,136,4,140,0,5,167,4,176,94,0,94,270
02/09/2009,CRG,FL,ASO,ES,Federal Contract Tower,0,6,63,0,69,0,0,148,12,160,0,6,211,12,229,177,0,177,406
02/10/2009,CRG,FL,ASO,ES,Federal Contract Tower,0,6,67,0,73,0,0,169,66,235,0,6,236,66,308,137,0,137,445
02/11/2009,CRG,FL,ASO,ES,Federal Contract Tower,0,7,64,0,71,0,1,149,28,178,0,8,213,28,249,73,0,73,322
02/12/2009,CRG,FL,ASO,ES,Federal Contract Tower,0,9,56,0,65,0,1,146,20,167,0,10,202,20,232,207,0,207,439
02/13/2009,CRG,FL,ASO,ES,Federal Contract Tower,0,10,66,0,76,0,1,180,16,197,0,11,246,16,273,171,0,171,444
02/14/2009,CRG,FL,ASO,ES,Federal Contract Tower,0,0,40,0,40,0,0,39,0,39,0,0,79,0,79,12,0,12,91
02/15/2009,CRG,FL,ASO,ES,Federal Contract Tower,0,0,57,0,57,0,0,56,4,60,0,0,113,4,117,43,0,43,160
02/16/2009,CRG,FL,ASO,ES,Federal Contract Tower,0,7,62,0,69,0,0,168,0,168,0,7,230,0,237,177,0,177,414
02/17/2009,CRG,FL,ASO,ES,Federal Contract Tower,0,7,93,0,100,0,0,181,60,241,0,7,274,60,341,205,0,205,546
02/18/2009,CRG,FL,ASO,ES,Federal Contract Tower,0,7,64,1,72,0,1,90,25,116,0,8,154,26,188,111,2,113,301
02/19/2009,CRG,FL,ASO,ES,Federal Contract Tower,0,7,75,0,82,0,2,97,66,165,0,9,172,66,247,75,0,75,322
02/20/2009,CRG,FL,ASO,ES,Federal Contract Tower,0,9,83,0,92,0,0,173,54,227,0,9,256,54,319,147,0,147,466
02/21/2009,CRG,FL,ASO,ES,Federal Contract Tower,0,0,52,0,52,0,0,157,6,163,0,0,209,6,215,159,0,159,374
02/22/2009,CRG,FL,ASO,ES,Federal Contract Tower,0,6,42,0,48,0,0,105,0,105,0,6,147,0,153,71,0,71,224
02/23/2009,CRG,FL,ASO,ES,Federal Contract Tower,0,8,39,0,47,0,0,139,64,203,0,8,178,64,250,136,0,136,386
02/24/2009,CRG,FL,ASO,ES,Federal Contract Tower,0,10,84,1,95,0,1,139,116,256,0,11,223,117,351,126,12,138,489
02/25/2009,CRG,FL,ASO,ES,Federal Contract Tower,0,15,64,1,80,0,1,123,76,200,0,16,187,77,280,141,0,141,421
02/26/2009,CRG,FL,ASO,ES,Federal Contract Tower,0,9,63,0,72,0,0,118,80,198,0,9,181,80,270,106,0,106,376
02/27/2009,CRG,FL,ASO,ES,Federal Contract Tower,0,11,59,0,70,0,0,167,12,179,0,11,226,12,249,189,0,189,438
02/28/2009,CRG,FL,ASO,ES,Federal Contract Tower,0,5,36,0,41,0,0,131,0,131,0,5,167,0,172,46,0,46,218
03/01/2009,CRG,FL,ASO,ES,Federal Contract Tower,0,3,19,0,22,0,0,14,2,16,0,3,33,2,38,1,0,1,39
03/02/2009,CRG,FL,ASO,ES,Federal Contract Tower,0,9,59,2,70,0,0,118,55,173,0,9,177,57,243,136,0,136,379
03/03/2009,CRG,FL,ASO,ES,Federal Contract Tower,0,10,68,3,81,0,0,93,146,239,0,10,161,149,320,133,0,133,453
03/04/2009,CRG,FL,ASO,ES,Federal Contract Tower,0,10,76,3,89,0,0,132,82,214,0,10,208,85,303,108,0,108,411
03/05/2009,CRG,FL,ASO,ES,Federal Contract Tower,0,7,69,0,76,0,0,147,104,251,0,7,216,104,327,280,0,280,607
03/06/2009,CRG,FL,ASO,ES,Federal Contract Tower,0,6,73,0,79,0,0,172,21,193,0,6,245,21,272,162,0,162,434
03/07/2009,CRG,FL,ASO,ES,Federal Contract Tower,0,4,40,0,44,0,0,138,14,152,0,4,178,14,196,152,0,152,348
03/08/2009,CRG,FL,ASO,ES,Federal Contract Tower,0,1,41,0,42,0,0,116,11,127,0,1,157,11,169,100,0,100,269
03/09/2009,CRG,FL,ASO,ES,Federal Contract Tower,0,10,59,0,69,0,0,106,32,138,0,10,165,32,207,145,0,145,352
03/10/2009,CRG,FL,ASO,ES,Federal Contract Tower,0,11,47,1,59,0,2,133,53,188,0,13,180,54,247,173,0,173,420
03/11/2009,CRG,FL,ASO,ES,Federal Contract Tower,0,9,60,0,69,0,1,147,60,208,0,10,207,60,277,243,0,243,520
03/12/2009,CRG,FL,ASO,ES,Federal Contract Tower,0,7,58,0,65,0,1,107,52,160,0,8,165,52,225,193,0,193,418
03/13/2009,CRG,FL,ASO,ES,Federal Contract Tower,0,8,75,0,83,0,0,37,0,37,0,8,112,0,120,21,0,21,141
03/14/2009,CRG,FL,ASO,ES,Federal Contract Tower,0,0,1,46,47,0,0,63,0,63,0,0,64,46,110,38,0,38,148
03/15/2009,CRG,FL,ASO,ES,Federal Contract Tower,0,1,45,0,46,0,0,114,8,122,0,1,159,8,168,76,0,76,244
03/16/2009,CRG,FL,ASO,ES,Federal Contract Tower,0,8,56,0,64,0,1,72,52,125,0,9,128,52,189,130,0,130,319
03/17/2009,CRG,FL,ASO,ES,Federal Contract Tower,0,7,76,0,83,0,1,67,34,102,0,8,143,34,185,28,0,28,213
03/18/2009,CRG,FL,ASO,ES,Federal Contract Tower,0,9,73,0,82,0,0,93,34,127,0,9,166,34,209,94,0,94,303
03/19/2009,CRG,FL,ASO,ES,Federal Contract Tower,0,8,74,0,82,0,2,160,47,209,0,10,234,47,291,209,0,209,500
03/20/2009,CRG,FL,ASO,ES,Federal Contract Tower,0,7,84,0,91,0,0,131,16,147,0,7,215,16,238,58,0,58,296
03/21/2009,CRG,FL,ASO,ES,Federal Contract Tower,0,2,36,0,38,0,0,130,10,140,0,2,166,10,178,69,8,77,255
03/22/2009,CRG,FL,ASO,ES,Federal Contract Tower,0,0,52,0,52,0,0,98,6,104,0,0,150,6,156,52,0,52,208
03/23/2009,CRG,FL,ASO,ES,Federal Contract Tower,0,7,70,0,77,0,1,45,12,58,0,8,115,12,135,57,0,57,192
03/24/2009,CRG,FL,ASO,ES,Federal Contract Tower,0,10,62,0,72,0,2,151,79,232,0,12,213,79,304,169,0,169,473
03/25/2009,CRG,FL,ASO,ES,Federal Contract Tower,0,7,84,0,91,0,3,260,34,297,0,10,344,34,388,133,0,133,521
03/26/2009,CRG,FL,ASO,ES,Federal Contract Tower,0,3,51,0,54,0,2,118,24,144,0,5,169,24,198,108,0,108,306
03/27/2009,CRG,FL,ASO,ES,Federal Contract Tower,0,4,39,0,43,0,1,85,12,98,0,5,124,12,141,74,2,76,217
03/28/2009,CRG,FL,ASO,ES,Federal Contract Tower,0,0,30,0,30,0,0,71,0,71,0,0,101,0,101,43,0,43,144
03/29/2009,CRG,FL,ASO,ES,Federal Contract Tower,0,0,48,0,48,0,0,77,6,83,0,0,125,6,131,23,0,23,154
03/30/2009,CRG,FL,ASO,ES,Federal Contract Tower,0,8,75,0,83,0,0,187,43,230,0,8,262,43,313,139,0,139,452
03/31/2009,CRG,FL,ASO,ES,Federal Contract Tower,0,3,45,0,48,0,1,101,44,146,0,4,146,44,194,172,0,172,366
04/01/2009,CRG,FL,ASO,ES,Federal Contract Tower,0,5,45,0,50,0,0,34,0,34,0,5,79,0,84,36,0,36,120
04/02/2009,CRG,FL,ASO,ES,Federal Contract Tower,0,4,41,0,45,0,0,45,6,51,0,4,86,6,96,95,0,95,191
04/03/2009,CRG,FL,ASO,ES,Federal Contract Tower,0,6,67,0,73,0,0,128,8,136,0,6,195,8,209,76,0,76,285
04/04/2009,CRG,FL,ASO,ES,Federal Contract Tower,0,1,44,0,45,0,0,142,2,144,0,1,186,2,189,218,0,218,407
04/05/2009,CRG,FL,ASO,ES,Federal Contract Tower,0,3,50,0,53,0,0,74,4,78,0,3,124,4,131,132,0,132,263
04/06/2009,CRG,FL,ASO,ES,Federal Contract Tower,0,7,43,0,50,0,0,50,34,84,0,7,93,34,134,26,0,26,160
04/07/2009,CRG,FL,ASO,ES,Federal Contract Tower,0,7,35,0,42,0,0,105,0,105,0,7,140,0,147,12,0,12,159
04/08/2009,CRG,FL,ASO,ES,Federal Contract Tower,0,12,63,0,75,0,0,208,66,274,0,12,271,66,349,181,8,189,538
04/09/2009,CRG,FL,ASO,ES,Federal Contract Tower,0,8,72,0,80,0,0,166,55,221,0,8,238,55,301,212,18,230,531
04/10/2009,CRG,FL,ASO,ES,Federal Contract Tower,0,6,54,0,60,0,1,128,10,139,0,7,182,10,199,190,0,190,389
04/11/2009,CRG,FL,ASO,ES,Federal Contract Tower,0,5,22,0,27,0,1,104,0,105,0,6,126,0,132,65,0,65,197
04/12/2009,CRG,FL,ASO,ES,Federal Contract Tower,0,2,45,0,47,0,0,96,0,96,0,2,141,0,143,69,0,69,212
04/13/2009,CRG,FL,ASO,ES,Federal Contract Tower,0,5,38,0,43,0,2,43,4,49,0,7,81,4,92,35,0,35,127
04/14/2009,CRG,FL,ASO,ES,Federal Contract Tower,0,5,37,0,42,0,2,68,32,102,0,7,105,32,144,29,0,29,173
04/15/2009,CRG,FL,ASO,ES,Federal Contract Tower,0,10,78,0,88,0,0,196,76,272,0,10,274,76,360,203,0,203,563
04/16/2009,CRG,FL,ASO,ES,Federal Contract Tower,0,7,68,0,75,0,0,141,94,235,0,7,209,94,310,143,2,145,455
04/17/2009,CRG,FL,ASO,ES,Federal Contract Tower,0,4,58,0,62,0,1,126,22,149,0,5,184,22,211,100,0,100,311
04/18/2009,CRG,FL,ASO,ES,Federal Contract Tower,0,4,43,0,47,0,0,132,0,132,0,4,175,0,179,127,0,127,306
04/19/2009,CRG,FL,ASO,ES,Federal Contract Tower,0,4,34,0,38,0,0,73,2,75,0,4,107,2,113,70,0,70,183
04/20/2009,CRG,FL,ASO,ES,Federal Contract Tower,0,5,54,0,59,0,0,83,8,91,0,5,137,8,150,50,0,50,200
04/21/2009,CRG,FL,ASO,ES,Federal Contract Tower,0,11,62,0,73,0,0,155,52,207,0,11,217,52,280,175,0,175,455
04/22/2009,CRG,FL,ASO,ES,Federal Contract Tower,0,5,69,0,74,0,2,181,46,229,0,7,250,46,303,151,0,151,454
04/23/2009,CRG,FL,ASO,ES,Federal Contract Tower,0,7,64,1,72,0,0,143,45,188,0,7,207,46,260,169,0,169,429
04/24/2009,CRG,FL,ASO,ES,Federal Contract Tower,0,5,74,2,81,0,0,181,44,225,0,5,255,46,306,135,0,135,441
04/25/2009,CRG,FL,ASO,ES,Federal Contract Tower,0,36,0,0,36,0,0,140,40,180,0,36,140,40,216,96,0,96,312
04/26/2009,CRG,FL,ASO,ES,Federal Contract Tower,0,4,38,0,42,0,0,111,6,117,0,4,149,6,159,84,0,84,243
04/27/2009,CRG,FL,ASO,ES,Federal Contract Tower,0,7,52,0,59,0,2,145,40,187,0,9,197,40,246,73,0,73,319
04/28/2009,CRG,FL,ASO,ES,Federal Contract Tower,0,6,82,0,88,0,0,140,90,230,0,6,222,90,318,108,0,108,426
04/29/2009,CRG,FL,ASO,ES,Federal Contract Tower,0,4,76,0,80,0,0,144,68,212,0,4,220,68,292,135,0,135,427
04/30/2009,CRG,FL,ASO,ES,Federal Contract Tower,0,8,75,0,83,0,0,151,92,243,0,8,226,92,326,102,0,102,428
05/01/2009,CRG,FL,ASO,ES,Federal Contract Tower,0,2,76,0,78,0,0,134,12,146,0,2,210,12,224,99,0,99,323
05/02/2009,CRG,FL,ASO,ES,Federal Contract Tower,0,1,58,0,59,0,0,58,10,68,0,1,116,10,127,60,0,60,187
05/03/2009,CRG,FL,ASO,ES,Federal Contract Tower,0,0,49,0,49,0,0,81,15,96,0,0,130,15,145,66,0,66,211
05/04/2009,CRG,FL,ASO,ES,Federal Contract Tower,0,4,53,0,57,0,1,126,28,155,0,5,179,28,212,120,0,120,332
05/05/2009,CRG,FL,ASO,ES,Federal Contract Tower,0,6,53,0,59,0,0,99,32,131,0,6,152,32,190,132,6,138,328
05/06/2009,CRG,FL,ASO,ES,Federal Contract Tower,0,5,53,0,58,0,0,164,36,200,0,5,217,36,258,154,2,156,414
05/07/2009,CRG,FL,ASO,ES,Federal Contract Tower,0,9,83,0,92,0,0,177,28,205,0,9,260,28,297,73,0,73,370
05/08/2009,CRG,FL,ASO,ES,Federal Contract Tower,0,5,58,0,63,0,0,145,18,163,0,5,203,18,226,131,0,131,357
05/09/2009,CRG,FL,ASO,ES,Federal Contract Tower,0,3,34,0,37,0,0,90,2,92,0,3,124,2,129,138,0,138,267
05/10/2009,CRG,FL,ASO,ES,Federal Contract Tower,0,8,37,0,45,0,0,89,6,95,0,8,126,6,140,120,0,120,260
05/11/2009,CRG,FL,ASO,ES,Federal Contract Tower,0,4,58,0,62,0,0,110,54,164,0,4,168,54,226,74,0,74,300
05/12/2009,CRG,FL,ASO,ES,Federal Contract Tower,0,9,63,0,72,0,0,58,140,198,0,9,121,140,270,67,8,75,345
05/13/2009,CRG,FL,ASO,ES,Federal Contract Tower,0,2,52,0,54,0,2,134,58,194,0,4,186,58,248,103,0,103,351
05/14/2009,CRG,FL,ASO,ES,Federal Contract Tower,0,12,44,0,56,0,0,82,84,166,0,12,126,84,222,73,0,73,295
05/15/2009,CRG,FL,ASO,ES,Federal Contract Tower,0,3,71,0,74,0,0,127,2,129,0,3,198,2,203,132,0,132,335
05/16/2009,CRG,FL,ASO,ES,Federal Contract Tower,0,1,31,0,32,0,0,109,9,118,0,1,140,9,150,116,0,116,266
05/17/2009,CRG,FL,ASO,ES,Federal Contract Tower,0,0,33,0,33,0,0,77,1,78,0,0,110,1,111,100,0,100,211
05/18/2009,CRG,FL,ASO,ES,Federal Contract Tower,0,3,25,0,28,0,0,4,2,6,0,3,29,2,34,0,0,0,34
05/19/2009,CRG,FL,ASO,ES,Federal Contract Tower,0,3,15,0,18,0,0,2,2,4,0,3,17,2,22,0,0,0,22
05/20/2009,CRG,FL,ASO,ES,Federal Contract Tower,0,4,26,0,30,0,0,3,0,3,0,4,29,0,33,8,0,8,41
05/21/2009,CRG,FL,ASO,ES,Federal Contract Tower,0,2,46,0,48,0,0,26,14,40,0,2,72,14,88,42,0,42,130
05/22/2009,CRG,FL,ASO,ES,Federal Contract Tower,0,2,51,0,53,0,0,19,16,35,0,2,70,16,88,23,0,23,111
05/23/2009,CRG,FL,ASO,ES,Federal Contract Tower,0,4,25,0,29,0,0,32,0,32,0,4,57,0,61,6,0,6,67
05/24/2009,CRG,FL,ASO,ES,Federal Contract Tower,0,0,21,0,21,0,0,81,0,81,0,0,102,0,102,77,0,77,179
05/25/2009,CRG,FL,ASO,ES,Federal Contract Tower,0,4,40,0,44,0,0,110,4,114,0,4,150,4,158,143,0,143,301
05/26/2009,CRG,FL,ASO,ES,Federal Contract Tower,0,7,55,0,62,0,2,117,55,174,0,9,172,55,236,76,0,76,312
05/27/2009,CRG,FL,ASO,ES,Federal Contract Tower,0,5,52,0,57,0,0,95,20,115,0,5,147,20,172,105,0,105,277
05/28/2009,CRG,FL,ASO,ES,Federal Contract Tower,0,8,75,0,83,0,0,87,24,111,0,8,162,24,194,159,0,159,353
05/29/2009,CRG,FL,ASO,ES,Federal Contract Tower,0,5,56,1,62,0,0,153,12,165,0,5,209,13,227,184,0,184,411
05/30/2009,CRG,FL,ASO,ES,Federal Contract Tower,0,1,35,0,36,0,0,114,8,122,0,1,149,8,158,91,0,91,249
05/31/2009,CRG,FL,ASO,ES,Federal Contract Tower,0,6,42,0,48,0,0,127,4,131,0,6,169,4,179,106,0,106,285
06/01/2009,CRG,FL,ASO,ES,Federal Contract Tower,0,7,52,0,59,0,0,152,50,202,0,7,204,50,261,120,0,120,381
06/02/2009,CRG,FL,ASO,ES,Federal Contract Tower,0,2,60,0,62,0,0,161,38,199,0,2,221,38,261,110,0,110,371
06/03/2009,CRG,FL,ASO,ES,Federal Contract Tower,0,3,47,0,50,0,0,131,48,179,0,3,178,48,229,100,0,100,329
06/04/2009,CRG,FL,ASO,ES,Federal Contract Tower,0,8,53,0,61,0,0,102,42,144,0,8,155,42,205,140,0,140,345
06/05/2009,CRG,FL,ASO,ES,Federal Contract Tower,0,5,53,0,58,0,0,64,12,76,0,5,117,12,134,57,0,57,191
06/06/2009,CRG,FL,ASO,ES,Federal Contract Tower,0,1,36,0,37,0,0,31,0,31,0,1,67,0,68,59,0,59,127
06/07/2009,CRG,FL,ASO,ES,Federal Contract Tower,0,1,38,0,39,0,0,55,2,57,0,1,93,2,96,140,0,140,236
06/08/2009,CRG,FL,ASO,ES,Federal Contract Tower,0,7,49,1,57,0,1,102,29,132,0,8,151,30,189,138,0,138,327
06/09/2009,CRG,FL,ASO,ES,Federal Contract Tower,0,9,41,1,51,0,0,172,106,278,0,9,213,107,329,235,0,235,564
06/10/2009,CRG,FL,ASO,ES,Federal Contract Tower,0,8,43,0,51,0,0,145,72,217,0,8,188,72,268,163,0,163,431
06/11/2009,CRG,FL,ASO,ES,Federal Contract Tower,0,4,62,0,66,0,0,156,16,172,0,4,218,16,238,177,0,177,415
06/12/2009,CRG,FL,ASO,ES,Federal Contract Tower,0,6,61,0,67,0,0,147,18,165,0,6,208,18,232,121,0,121,353
06/13/2009,CRG,FL,ASO,ES,Federal Contract Tower,0,1,34,0,35,0,0,103,12,115,0,1,137,12,150,75,0,75,225
06/14/2009,CRG,FL,ASO,ES,Federal Contract Tower,0,2,35,0,37,0,0,127,8,135,0,2,162,8,172,81,0,81,253
06/15/2009,CRG,FL,ASO,ES,Federal Contract Tower,0,7,40,0,47,0,2,98,32,132,0,9,138,32,179,130,0,130,309
06/16/2009,CRG,FL,ASO,ES,Federal Contract Tower,0,3,49,2,54,0,0,102,28,130,0,3,151,30,184,129,0,129,313
06/17/2009,CRG,FL,ASO,ES,Federal Contract Tower,0,2,48,0,50,0,0,103,0,103,0,2,151,0,153,211,0,211,364
06/18/2009,CRG,FL,ASO,ES,Federal Contract Tower,0,3,32,0,35,0,0,99,14,113,0,3,131,14,148,102,0,102,250
06/19/2009,CRG,FL,ASO,ES,Federal Contract Tower,0,6,64,0,70,0,0,135,12,147,0,6,199,12,217,79,0,79,296
06/20/2009,CRG,FL,ASO,ES,Federal Contract Tower,0,0,21,0,21,0,0,109,4,113,0,0,130,4,134,86,0,86,220
06/21/2009,CRG,FL,ASO,ES,Federal Contract Tower,0,1,29,0,30,0,0,136,0,136,0,1,165,0,166,58,0,58,224
06/22/2009,CRG,FL,ASO,ES,Federal Contract Tower,0,4,43,0,47,0,0,74,36,110,0,4,117,36,157,121,2,123,280
06/23/2009,CRG,FL,ASO,ES,Federal Contract Tower,0,5,58,0,63,0,0,97,129,226,0,5,155,129,289,76,0,76,365
06/24/2009,CRG,FL,ASO,ES,Federal Contract Tower,0,6,76,2,84,0,0,89,100,189,0,6,165,102,273,119,0,119,392
06/25/2009,CRG,FL,ASO,ES,Federal Contract Tower,0,4,79,1,84,0,0,134,56,190,0,4,213,57,274,163,0,163,437
06/26/2009,CRG,FL,ASO,ES,Federal Contract Tower,0,2,62,0,64,0,0,86,12,98,0,2,148,12,162,73,0,73,235
06/27/2009,CRG,FL,ASO,ES,Federal Contract Tower,0,1,21,0,22,0,0,137,8,145,0,1,158,8,167,99,0,99,266
06/28/2009,CRG,FL,ASO,ES,Federal Contract Tower,0,3,37,0,40,0,0,98,6,104,0,3,135,6,144,47,0,47,191
06/29/2009,CRG,FL,ASO,ES,Federal Contract Tower,0,2,32,0,34,0,0,76,16,92,0,2,108,16,126,50,0,50,176
06/30/2009,CRG,FL,ASO,ES,Federal Contract Tower,0,5,56,0,61,0,0,65,0,65,0,5,121,0,126,122,0,122,248
07/01/2009,CRG,FL,ASO,ES,Federal Contract Tower,0,5,58,0,63,0,0,136,36,172,0,5,194,36,235,109,0,109,344
07/02/2009,CRG,FL,ASO,ES,Federal Contract Tower,0,2,79,0,81,0,0,95,16,111,0,2,174,16,192,110,0,110,302
07/03/2009,CRG,FL,ASO,ES,Federal Contract Tower,0,4,54,0,58,0,0,135,2,137,0,4,189,2,195,106,0,106,301
07/04/2009,CRG,FL,ASO,ES,Federal Contract Tower,0,2,17,0,19,0,1,157,0,158,0,3,174,0,177,148,0,148,325
07/05/2009,CRG,FL,ASO,ES,Federal Contract Tower,0,2,28,0,30,0,0,79,4,83,0,2,107,4,113,111,0,111,224
07/06/2009,CRG,FL,ASO,ES,Federal Contract Tower,0,5,41,0,46,0,0,47,8,55,0,5,88,8,101,54,0,54,155
07/07/2009,CRG,FL,ASO,ES,Federal Contract Tower,0,4,39,0,43,0,0,73,20,93,0,4,112,20,136,34,0,34,170
07/08/2009,CRG,FL,ASO,ES,Federal Contract Tower,0,7,46,0,53,0,0,47,26,73,0,7,93,26,126,64,0,64,190
07/09/2009,CRG,FL,ASO,ES,Federal Contract Tower,0,7,37,0,44,0,0,78,38,116,0,7,115,38,160,87,0,87,247
07/10/2009,CRG,FL,ASO,ES,Federal Contract Tower,0,7,67,0,74,0,0,70,42,112,0,7,137,42,186,112,0,112,298
07/11/2009,CRG,FL,ASO,ES,Federal Contract Tower,0,2,30,0,32,0,0,151,6,157,0,2,181,6,189,256,0,256,445
07/12/2009,CRG,FL,ASO,ES,Federal Contract Tower,0,3,58,0,61,0,0,143,2,145,0,3,201,2,206,141,0,141,347
07/13/2009,CRG,FL,ASO,ES,Federal Contract Tower,0,2,60,0,62,0,0,112,26,138,0,2,172,26,200,74,0,74,274
07/14/2009,CRG,FL,ASO,ES,Federal Contract Tower,0,2,68,0,70,0,0,113,28,141,0,2,181,28,211,122,0,122,333
07/15/2009,CRG,FL,ASO,ES,Federal Contract Tower,0,9,52,0,61,0,1,102,38,141,0,10,154,38,202,142,0,142,344
07/16/2009,CRG,FL,ASO,ES,Federal Contract Tower,0,5,46,0,51,0,1,116,44,161,0,6,162,44,212,110,0,110,322
07/17/2009,CRG,FL,ASO,ES,Federal Contract Tower,0,3,43,0,46,0,1,87,4,92,0,4,130,4,138,64,0,64,202
07/18/2009,CRG,FL,ASO,ES,Federal Contract Tower,0,2,26,0,28,0,0,54,3,57,0,2,80,3,85,79,0,79,164
07/19/2009,CRG,FL,ASO,ES,Federal Contract Tower,0,0,56,0,56,0,0,106,0,106,0,0,162,0,162,54,0,54,216
07/20/2009,CRG,FL,ASO,ES,Federal Contract Tower,0,1,55,0,56,0,1,95,11,107,0,2,150,11,163,60,0,60,223
07/21/2009,CRG,FL,ASO,ES,Federal Contract Tower,0,3,66,0,69,0,1,127,76,204,0,4,193,76,273,89,0,89,362
07/22/2009,CRG,FL,ASO,ES,Federal Contract Tower,0,2,55,0,57,0,1,132,54,187,0,3,187,54,244,94,0,94,338
07/23/2009,CRG,FL,ASO,ES,Federal Contract Tower,0,2,66,0,68,0,1,124,45,170,0,3,190,45,238,136,0,136,374
07/24/2009,CRG,FL,ASO,ES,Federal Contract Tower,0,7,47,0,54,0,1,163,12,176,0,8,210,12,230,137,0,137,367
07/25/2009,CRG,FL,ASO,ES,Federal Contract Tower,0,3,29,0,32,0,0,98,2,100,0,3,127,2,132,112,0,112,244
07/26/2009,CRG,FL,ASO,ES,Federal Contract Tower,0,2,30,0,32,0,0,81,4,85,0,2,111,4,117,45,0,45,162
07/27/2009,CRG,FL,ASO,ES,Federal Contract Tower,0,2,41,0,43,0,0,119,20,139,0,2,160,20,182,101,0,101,283
07/28/2009,CRG,FL,ASO,ES,Federal Contract Tower,0,2,48,0,50,0,1,96,60,157,0,3,144,60,207,88,0,88,295
07/29/2009,CRG,FL,ASO,ES,Federal Contract Tower,0,2,42,0,44,0,0,92,32,124,0,2,134,32,168,34,0,34,202
07/30/2009,CRG,FL,ASO,ES,Federal Contract Tower,0,5,52,0,57,0,0,98,34,132,0,5,150,34,189,74,0,74,263
07/31/2009,CRG,FL,ASO,ES,Federal Contract Tower,0,10,63,0,73,0,0,112,4,116,0,10,175,4,189,108,0,108,297
08/01/2009,CRG,FL,ASO,ES,Federal Contract Tower,0,2,35,0,37,0,0,101,2,103,0,2,136,2,140,84,0,84,224
08/02/2009,CRG,FL,ASO,ES,Federal Contract Tower,0,2,34,0,36,0,0,112,4,116,0,2,146,4,152,169,0,169,321
08/03/2009,CRG,FL,ASO,ES,Federal Contract Tower,0,2,52,0,54,0,0,73,9,82,0,2,125,9,136,129,0,129,265
08/04/2009,CRG,FL,ASO,ES,Federal Contract Tower,0,5,42,0,47,0,0,115,50,165,0,5,157,50,212,87,0,87,299
08/05/2009,CRG,FL,ASO,ES,Federal Contract Tower,0,10,57,4,71,0,0,131,57,188,0,10,188,61,259,81,0,81,340
08/06/2009,CRG,FL,ASO,ES,Federal Contract Tower,0,3,58,0,61,0,0,126,66,192,0,3,184,66,253,161,0,161,414
08/07/2009,CRG,FL,ASO,ES,Federal Contract Tower,0,2,51,0,53,0,0,160,40,200,0,2,211,40,253,173,0,173,426
08/08/2009,CRG,FL,ASO,ES,Federal Contract Tower,0,2,34,0,36,0,0,135,2,137,0,2,169,2,173,70,0,70,243
08/09/2009,CRG,FL,ASO,ES,Federal Contract Tower,0,0,30,0,30,0,0,130,4,134,0,0,160,4,164,71,0,71,235
08/10/2009,CRG,FL,ASO,ES,Federal Contract Tower,0,3,51,0,54,0,2,98,42,142,0,5,149,42,196,74,0,74,270
08/11/2009,CRG,FL,ASO,ES,Federal Contract Tower,0,2,42,0,44,0,1,126,44,171,0,3,168,44,215,211,4,215,430
08/12/2009,CRG,FL,ASO,ES,Federal Contract Tower,0,5,48,0,53,0,1,101,52,154,0,6,149,52,207,151,0,151,358
08/13/2009,CRG,FL,ASO,ES,Federal Contract Tower,0,4,30,0,34,0,0,102,16,118,0,4,132,16,152,63,0,63,215
08/14/2009,CRG,FL,ASO,ES,Federal Contract Tower,0,3,51,3,57,0,2,75,9,86,0,5,126,12,143,151,0,151,294
08/15/2009,CRG,FL,ASO,ES,Federal Contract Tower,0,3,34,0,37,0,0,105,2,107,0,3,139,2,144,147,0,147,291
08/16/2009,CRG,FL,ASO,ES,Federal Contract Tower,0,4,41,0,45,0,0,102,8,110,0,4,143,8,155,172,0,172,327
08/17/2009,CRG,FL,ASO,ES,Federal Contract Tower,0,6,44,0,50,0,0,97,10,107,0,6,141,10,157,98,0,98,255
08/18/2009,CRG,FL,ASO,ES,Federal Contract Tower,0,5,61,0,66,0,0,112,108,220,0,5,173,108,286,107,0,107,393
08/19/2009,CRG,FL,ASO,ES,Federal Contract Tower,0,6,44,1,51,0,1,97,34,132,0,7,141,35,183,110,0,110,293
08/20/2009,CRG,FL,ASO,ES,Federal Contract Tower,0,5,54,0,59,0,1,85,64,150,0,6,139,64,209,120,13,133,342
08/21/2009,CRG,FL,ASO,ES,Federal Contract Tower,0,11,56,0,67,0,1,104,24,129,0,12,160,24,196,152,0,152,348
08/22/2009,CRG,FL,ASO,ES,Federal Contract Tower,0,2,24,0,26,0,0,61,18,79,0,2,85,18,105,97,0,97,202
08/23/2009,CRG,FL,ASO,ES,Federal Contract Tower,0,1,41,0,42,0,0,106,14,120,0,1,147,14,162,146,0,146,308
08/24/2009,CRG,FL,ASO,ES,Federal Contract Tower,0,8,35,0,43,0,1,102,66,169,0,9,137,66,212,73,0,73,285
08/25/2009,CRG,FL,ASO,ES,Federal Contract Tower,0,7,48,0,55,0,2,99,98,199,0,9,147,98,254,109,0,109,363
08/26/2009,CRG,FL,ASO,ES,Federal Contract Tower,0,5,44,0,49,0,1,79,118,198,0,6,123,118,247,46,12,58,305
08/27/2009,CRG,FL,ASO,ES,Federal Contract Tower,0,6,59,1,66,0,0,71,61,132,0,6,130,62,198,31,0,31,229
08/28/2009,CRG,FL,ASO,ES,Federal Contract Tower,0,7,47,4,58,0,1,72,6,79,0,8,119,10,137,137,0,137,274
08/29/2009,CRG,FL,ASO,ES,Federal Contract Tower,0,0,52,0,52,0,0,126,0,126,0,0,178,0,178,154,0,154,332
08/30/2009,CRG,FL,ASO,ES,Federal Contract Tower,0,1,40,0,41,0,0,119,0,119,0,1,159,0,160,85,0,85,245
08/31/2009,CRG,FL,ASO,ES,Federal Contract Tower,0,8,38,0,46,0,0,75,36,111,0,8,113,36,157,67,0,67,224
09/01/2009,CRG,FL,ASO,ES,Federal Contract Tower,0,4,55,0,59,0,0,77,54,131,0,4,132,54,190,48,2,50,240
09/02/2009,CRG,FL,ASO,ES,Federal Contract Tower,0,5,47,0,52,0,2,31,138,171,0,7,78,138,223,36,0,36,259
09/03/2009,CRG,FL,ASO,ES,Federal Contract Tower,0,8,56,0,64,0,0,67,77,144,0,8,123,77,208,51,0,51,259
09/04/2009,CRG,FL,ASO,ES,Federal Contract Tower,0,8,80,0,88,0,0,138,4,142,0,8,218,4,230,149,0,149,379
09/05/2009,CRG,FL,ASO,ES,Federal Contract Tower,0,0,26,0,26,0,0,99,2,101,0,0,125,2,127,147,0,147,274
09/06/2009,CRG,FL,ASO,ES,Federal Contract Tower,0,2,16,0,18,0,0,101,0,101,0,2,117,0,119,97,0,97,216
09/07/2009,CRG,FL,ASO,ES,Federal Contract Tower,0,2,41,0,43,0,0,122,0,122,0,2,163,0,165,81,0,81,246
09/08/2009,CRG,FL,ASO,ES,Federal Contract Tower,0,6,52,2,60,0,0,132,80,212,0,6,184,82,272,73,0,73,345
09/09/2009,CRG,FL,ASO,ES,Federal Contract Tower,0,6,46,0,52,0,2,119,180,301,0,8,165,180,353,125,6,131,484
09/10/2009,CRG,FL,ASO,ES,Federal Contract Tower,0,7,62,0,69,0,0,148,60,208,0,7,210,60,277,80,0,80,357
09/11/2009,CRG,FL,ASO,ES,Federal Contract Tower,0,7,45,0,52,0,1,167,40,208,0,8,212,40,260,100,0,100,360
09/12/2009,CRG,FL,ASO,ES,Federal Contract Tower,0,3,29,0,32,0,0,54,20,74,0,3,83,20,106,84,0,84,190
09/13/2009,CRG,FL,ASO,ES,Federal Contract Tower,0,1,29,0,30,0,1,65,8,74,0,2,94,8,104,38,0,38,142
09/14/2009,CRG,FL,ASO,ES,Federal Contract Tower,0,7,70,0,77,0,0,109,42,151,0,7,179,42,228,83,0,83,311
09/15/2009,CRG,FL,ASO,ES,Federal Contract Tower,0,6,55,0,61,0,0,109,84,193,0,6,164,84,254,46,0,46,300
09/16/2009,CRG,FL,ASO,ES,Federal Contract Tower,0,5,60,0,65,0,2,158,78,238,0,7,218,78,303,94,4,98,401
09/17/2009,CRG,FL,ASO,ES,Federal Contract Tower,0,6,40,0,46,0,0,137,96,233,0,6,177,96,279,107,0,107,386
09/18/2009,CRG,FL,ASO,ES,Federal Contract Tower,0,8,68,0,76,0,1,171,8,180,0,9,239,8,256,123,0,123,379
09/19/2009,CRG,FL,ASO,ES,Federal Contract Tower,0,0,29,0,29,0,0,140,2,142,0,0,169,2,171,123,0,123,294
09/20/2009,CRG,FL,ASO,ES,Federal Contract Tower,0,2,37,0,39,0,0,77,0,77,0,2,114,0,116,92,0,92,208
09/21/2009,CRG,FL,ASO,ES,Federal Contract Tower,0,7,35,0,42,0,0,110,56,166,0,7,145,56,208,108,0,108,316
09/22/2009,CRG,FL,ASO,ES,Federal Contract Tower,0,10,60,0,70,0,0,133,122,255,0,10,193,122,325,151,4,155,480
09/23/2009,CRG,FL,ASO,ES,Federal Contract Tower,0,7,48,0,55,0,0,124,94,218,0,7,172,94,273,68,0,68,341
09/24/2009,CRG,FL,ASO,ES,Federal Contract Tower,0,8,51,0,59,0,0,157,58,215,0,8,208,58,274,86,8,94,368
09/25/2009,CRG,FL,ASO,ES,Federal Contract Tower,0,8,59,0,67,0,0,145,42,187,0,8,204,42,254,62,0,62,316
09/26/2009,CRG,FL,ASO,ES,Federal Contract Tower,0,1,41,0,42,0,0,157,8,165,0,1,198,8,207,178,0,178,385
09/27/2009,CRG,FL,ASO,ES,Federal Contract Tower,0,0,30,0,30,0,0,99,0,99,0,0,129,0,129,35,0,35,164
09/28/2009,CRG,FL,ASO,ES,Federal Contract Tower,0,5,45,0,50,0,2,142,24,168,0,7,187,24,218,76,0,76,294
09/29/2009,CRG,FL,ASO,ES,Federal Contract Tower,0,5,47,1,53,0,1,156,16,173,0,6,203,17,226,136,0,136,362
09/30/2009,CRG,FL,ASO,ES,Federal Contract Tower,0,6,61,0,67,0,3,172,12,187,0,9,233,12,254,91,0,91,345
10/01/2009,CRG,FL,ASO,ES,Federal Contract Tower,0,7,59,0,66,0,2,127,70,199,0,9,186,70,265,81,0,81,346
10/02/2009,CRG,FL,ASO,ES,Federal Contract Tower,0,12,70,0,82,0,1,116,14,131,0,13,186,14,213,82,0,82,295
10/03/2009,CRG,FL,ASO,ES,Federal Contract Tower,0,3,24,0,27,0,0,98,18,116,0,3,122,18,143,66,0,66,209
10/04/2009,CRG,FL,ASO,ES,Federal Contract Tower,0,11,37,0,48,0,0,95,2,97,0,11,132,2,145,77,0,77,222
10/05/2009,CRG,FL,ASO,ES,Federal Contract Tower,0,6,50,1,57,0,0,97,24,121,0,6,147,25,178,73,0,73,251
10/06/2009,CRG,FL,ASO,ES,Federal Contract Tower,0,7,47,0,54,0,1,83,36,120,0,8,130,36,174,63,0,63,237
10/07/2009,CRG,FL,ASO,ES,Federal Contract Tower,0,8,44,0,52,0,2,125,28,155,0,10,169,28,207,45,0,45,252
10/08/2009,CRG,FL,ASO,ES,Federal Contract Tower,0,8,66,2,76,0,2,121,16,139,0,10,187,18,215,83,0,83,298
10/09/2009,CRG,FL,ASO,ES,Federal Contract Tower,0,12,63,0,75,0,0,145,10,155,0,12,208,10,230,134,0,134,364
10/10/2009,CRG,FL,ASO,ES,Federal Contract Tower,0,4,45,0,49,0,0,142,0,142,0,4,187,0,191,93,0,93,284
10/11/2009,CRG,FL,ASO,ES,Federal Contract Tower,0,1,25,0,26,0,0,77,0,77,0,1,102,0,103,61,0,61,164
10/12/2009,CRG,FL,ASO,ES,Federal Contract Tower,0,5,55,0,60,0,0,97,0,97,0,5,152,0,157,179,0,179,336
10/13/2009,CRG,FL,ASO,ES,Federal Contract Tower,0,12,62,1,75,0,0,4,37,41,0,12,66,38,116,0,0,0,116
10/14/2009,CRG,FL,ASO,ES,Federal Contract Tower,0,7,58,0,65,0,0,118,42,160,0,7,176,42,225,121,0,121,346
10/15/2009,CRG,FL,ASO,ES,Federal Contract Tower,0,7,69,2,78,0,2,82,44,128,0,9,151,46,206,82,0,82,288
10/16/2009,CRG,FL,ASO,ES,Federal Contract Tower,0,15,51,0,66,0,1,60,12,73,0,16,111,12,139,100,0,100,239
10/17/2009,CRG,FL,ASO,ES,Federal Contract Tower,0,2,42,0,44,0,0,138,6,144,0,2,180,6,188,71,0,71,259
10/18/2009,CRG,FL,ASO,ES,Federal Contract Tower,0,4,43,2,49,0,0,95,6,101,0,4,138,8,150,72,0,72,222
10/19/2009,CRG,FL,ASO,ES,Federal Contract Tower,0,8,51,0,59,0,3,124,46,173,0,11,175,46,232,110,0,110,342
10/20/2009,CRG,FL,ASO,ES,Federal Contract Tower,0,8,56,0,64,0,0,126,129,255,0,8,182,129,319,148,26,174,493
10/21/2009,CRG,FL,ASO,ES,Federal Contract Tower,0,11,53,0,64,0,0,179,121,300,0,11,232,121,364,125,0,125,489
10/22/2009,CRG,FL,ASO,ES,Federal Contract Tower,0,9,53,0,62,0,2,147,112,261,0,11,200,112,323,101,0,101,424
10/23/2009,CRG,FL,ASO,ES,Federal Contract Tower,0,10,53,4,67,0,0,119,15,134,0,10,172,19,201,108,0,108,309
10/24/2009,CRG,FL,ASO,ES,Federal Contract Tower,0,1,24,0,25,0,0,106,5,111,0,1,130,5,136,102,0,102,238
10/25/2009,CRG,FL,ASO,ES,Federal Contract Tower,0,1,49,0,50,0,1,133,2,136,0,2,182,2,186,71,0,71,257
10/26/2009,CRG,FL,ASO,ES,Federal Contract Tower,0,8,50,0,58,0,0,27,22,49,0,8,77,22,107,0,0,0,107
10/27/2009,CRG,FL,ASO,ES,Federal Contract Tower,0,6,72,0,78,0,0,79,28,107,0,6,151,28,185,31,6,37,222
10/28/2009,CRG,FL,ASO,ES,Federal Contract Tower,0,8,69,2,79,0,0,81,58,139,0,8,150,60,218,46,24,70,288
10/29/2009,CRG,FL,ASO,ES,Federal Contract Tower,0,8,97,0,105,0,2,77,66,145,0,10,174,66,250,33,0,33,283
10/30/2009,CRG,FL,ASO,ES,Federal Contract Tower,0,9,68,0,77,0,1,122,22,145,0,10,190,22,222,123,0,123,345
10/31/2009,CRG,FL,ASO,ES,Federal Contract Tower,0,5,83,0,88,0,0,110,4,114,0,5,193,4,202,148,0,148,350
11/01/2009,CRG,FL,ASO,ES,Federal Contract Tower,0,2,72,0,74,0,0,106,0,106,0,2,178,0,180,117,0,117,297
11/02/2009,CRG,FL,ASO,ES,Federal Contract Tower,0,7,71,0,78,0,0,98,100,198,0,7,169,100,276,71,0,71,347
11/03/2009,CRG,FL,ASO,ES,Federal Contract Tower,0,11,76,0,87,0,0,156,62,218,0,11,232,62,305,123,0,123,428
11/04/2009,CRG,FL,ASO,ES,Federal Contract Tower,0,9,64,0,73,0,0,158,86,244,0,9,222,86,317,112,0,112,429
11/05/2009,CRG,FL,ASO,ES,Federal Contract Tower,0,7,57,0,64,0,2,123,72,197,0,9,180,72,261,123,2,125,386
11/06/2009,CRG,FL,ASO,ES,Federal Contract Tower,0,14,68,0,82,0,0,151,8,159,0,14,219,8,241,117,0,117,358
11/07/2009,CRG,FL,ASO,ES,Federal Contract Tower,0,0,31,0,31,0,0,94,20,114,0,0,125,20,145,103,0,103,248
11/08/2009,CRG,FL,ASO,ES,Federal Contract Tower,0,1,46,0,47,0,0,89,12,101,0,1,135,12,148,80,0,80,228
11/09/2009,CRG,FL,ASO,ES,Federal Contract Tower,0,11,63,0,74,0,0,69,116,185,0,11,132,116,259,92,0,92,351
11/10/2009,CRG,FL,ASO,ES,Federal Contract Tower,0,8,32,0,40,0,0,62,38,100,0,8,94,38,140,51,0,51,191
11/11/2009,CRG,FL,ASO,ES,Federal Contract Tower,0,3,41,0,44,0,0,18,2,20,0,3,59,2,64,72,0,72,136
11/12/2009,CRG,FL,ASO,ES,Federal Contract Tower,0,9,75,0,84,0,0,25,0,25,0,9,100,0,109,94,0,94,203
11/13/2009,CRG,FL,ASO,ES,Federal Contract Tower,0,12,59,0,71,0,4,141,10,155,0,16,200,10,226,144,0,144,370
11/14/2009,CRG,FL,ASO,ES,Federal Contract Tower,0,0,26,0,26,0,0,167,8,175,0,0,193,8,201,156,0,156,357
11/15/2009,CRG,FL,ASO,ES,Federal Contract Tower,0,1,51,0,52,0,0,148,0,148,0,1,199,0,200,204,0,204,404
11/16/2009,CRG,FL,ASO,ES,Federal Contract Tower,0,7,45,0,52,0,1,102,60,163,0,8,147,60,215,118,0,118,333
11/17/2009,CRG,FL,ASO,ES,Federal Contract Tower,0,13,54,0,67,0,0,130,88,218,0,13,184,88,285,87,6,93,378
11/18/2009,CRG,FL,ASO,ES,Federal Contract Tower,0,6,70,0,76,0,0,123,54,177,0,6,193,54,253,124,12,136,389
11/19/2009,CRG,FL,ASO,ES,Federal Contract Tower,0,8,82,1,91,0,0,15,2,17,0,8,97,3,108,0,6,6,114
11/20/2009,CRG,FL,ASO,ES,Federal Contract Tower,0,8,65,1,74,0,5,141,18,164,0,13,206,19,238,129,10,139,377
11/21/2009,CRG,FL,ASO,ES,Federal Contract Tower,0,3,39,0,42,0,0,121,4,125,0,3,160,4,167,142,0,142,309
11/22/2009,CRG,FL,ASO,ES,Federal Contract Tower,0,3,45,0,48,0,0,60,4,64,0,3,105,4,112,82,0,82,194
11/23/2009,CRG,FL,ASO,ES,Federal Contract Tower,0,5,68,1,74,0,1,46,41,88,0,6,114,42,162,77,0,77,239
11/24/2009,CRG,FL,ASO,ES,Federal Contract Tower,0,14,89,0,103,0,0,12,52,64,0,14,101,52,167,26,0,26,193
11/25/2009,CRG,FL,ASO,ES,Federal Contract Tower,0,7,41,0,48,0,0,14,0,14,0,7,55,0,62,7,0,7,69
11/26/2009,CRG,FL,ASO,ES,Federal Contract Tower,0,0,10,0,10,0,0,53,0,53,0,0,63,0,63,24,0,24,87
11/27/2009,CRG,FL,ASO,ES,Federal Contract Tower,0,6,30,0,36,0,1,136,0,137,0,7,166,0,173,73,0,73,246
11/28/2009,CRG,FL,ASO,ES,Federal Contract Tower,0,1,30,0,31,0,0,98,0,98,0,1,128,0,129,172,0,172,301
11/29/2009,CRG,FL,ASO,ES,Federal Contract Tower,0,0,38,0,38,0,0,129,0,129,0,0,167,0,167,189,0,189,356
11/30/2009,CRG,FL,ASO,ES,Federal Contract Tower,0,7,54,0,61,0,0,110,36,146,0,7,164,36,207,116,0,116,323
12/01/2009,CRG,FL,ASO,ES,Federal Contract Tower,0,6,68,0,74,0,0,57,90,147,0,6,125,90,221,55,6,61,282
12/02/2009,CRG,FL,ASO,ES,Federal Contract Tower,0,8,34,0,42,0,1,55,12,68,0,9,89,12,110,30,0,30,140
12/03/2009,CRG,FL,ASO,ES,Federal Contract Tower,0,9,47,0,56,0,0,123,34,157,0,9,170,34,213,110,0,110,323
12/04/2009,CRG,FL,ASO,ES,Federal Contract Tower,0,9,58,0,67,0,0,86,8,94,0,9,144,8,161,43,0,43,204
12/05/2009,CRG,FL,ASO,ES,Federal Contract Tower,0,1,31,0,32,0,0,51,0,51,0,1,82,0,83,42,0,42,125
12/06/2009,CRG,FL,ASO,ES,Federal Contract Tower,0,2,45,0,47,0,0,102,6,108,0,2,147,6,155,142,0,142,297
12/07/2009,CRG,FL,ASO,ES,Federal Contract Tower,0,6,59,0,65,0,0,2,26,28,0,6,61,26,93,0,0,0,93
12/08/2009,CRG,FL,ASO,ES,Federal Contract Tower,0,8,47,0,55,0,0,88,58,146,0,8,135,58,201,89,4,93,294
12/09/2009,CRG,FL,ASO,ES,Federal Contract Tower,0,6,47,0,53,0,0,49,21,70,0,6,96,21,123,24,8,32,155
12/10/2009,CRG,FL,ASO,ES,Federal Contract Tower,0,6,52,0,58,0,0,136,29,165,0,6,188,29,223,81,0,81,304
12/11/2009,CRG,FL,ASO,ES,Federal Contract Tower,0,7,55,0,62,0,0,132,14,146,0,7,187,14,208,101,0,101,309
12/12/2009,CRG,FL,ASO,ES,Federal Contract Tower,0,0,27,0,27,0,0,4,0,4,0,0,31,0,31,2,0,2,33
12/13/2009,CRG,FL,ASO,ES,Federal Contract Tower,0,2,44,0,46,0,1,12,2,15,0,3,56,2,61,0,0,0,61
12/14/2009,CRG,FL,ASO,ES,Federal Contract Tower,0,12,57,0,69,0,0,67,34,101,0,12,124,34,170,47,0,47,217
12/15/2009,CRG,FL,ASO,ES,Federal Contract Tower,0,8,41,1,50,0,0,96,114,210,0,8,137,115,260,91,0,91,351
12/16/2009,CRG,FL,ASO,ES,Federal Contract Tower,0,8,67,0,75,0,0,73,108,181,0,8,140,108,256,48,0,48,304
12/17/2009,CRG,FL,ASO,ES,Federal Contract Tower,0,14,51,0,65,0,0,109,124,233,0,14,160,124,298,99,0,99,397
12/18/2009,CRG,FL,ASO,ES,Federal Contract Tower,0,10,40,1,51,0,0,36,54,90,0,10,76,55,141,14,0,14,155
12/19/2009,CRG,FL,ASO,ES,Federal Contract Tower,0,5,40,0,45,0,0,0,0,0,0,5,40,0,45,80,0,80,125
12/20/2009,CRG,FL,ASO,ES,Federal Contract Tower,0,5,28,0,33,0,0,127,2,129,0,5,155,2,162,135,0,135,297
12/21/2009,CRG,FL,ASO,ES,Federal Contract Tower,0,8,43,0,51,0,1,114,32,147,0,9,157,32,198,109,0,109,307
12/22/2009,CRG,FL,ASO,ES,Federal Contract Tower,0,8,34,0,42,0,0,121,52,173,0,8,155,52,215,102,0,102,317
12/23/2009,CRG,FL,ASO,ES,Federal Contract Tower,0,8,45,0,53,0,3,101,68,172,0,11,146,68,225,16,0,16,241
12/24/2009,CRG,FL,ASO,ES,Federal Contract Tower,0,11,36,0,47,0,1,57,4,62,0,12,93,4,109,28,0,28,137
12/25/2009,CRG,FL,ASO,ES,Federal Contract Tower,0,1,11,0,12,0,0,5,0,5,0,1,16,0,17,0,0,0,17
12/26/2009,CRG,FL,ASO,ES,Federal Contract Tower,0,1,40,0,41,0,0,116,0,116,0,1,156,0,157,52,0,52,209
12/27/2009,CRG,FL,ASO,ES,Federal Contract Tower,0,6,33,0,39,0,0,55,0,55,0,6,88,0,94,65,0,65,159
12/28/2009,CRG,FL,ASO,ES,Federal Contract Tower,0,11,42,0,53,0,0,70,16,86,0,11,112,16,139,74,0,74,213
12/29/2009,CRG,FL,ASO,ES,Federal Contract Tower,0,7,43,0,50,0,0,130,26,156,0,7,173,26,206,112,0,112,318
12/30/2009,CRG,FL,ASO,ES,Federal Contract Tower,0,8,47,0,55,0,0,101,22,123,0,8,148,22,178,115,0,115,293
12/31/2009,CRG,FL,ASO,ES,Federal Contract Tower,0,11,38,0,49,0,0,95,2,97,0,11,133,2,146,135,0,135,281
01/01/2010,CRG,FL,ASO,ES,Federal Contract Tower,0,2,47,0,49,0,0,44,0,44,0,2,91,0,93,24,0,24,117
01/02/2010,CRG,FL,ASO,ES,Federal Contract Tower,0,1,48,0,49,0,0,115,0,115,0,1,163,0,164,60,0,60,224
01/03/2010,CRG,FL,ASO,ES,Federal Contract Tower,0,4,34,0,38,0,1,58,0,59,0,5,92,0,97,129,0,129,226
01/04/2010,CRG,FL,ASO,ES,Federal Contract Tower,0,5,58,0,63,0,1,88,18,107,0,6,146,18,170,104,0,104,274
01/05/2010,CRG,FL,ASO,ES,Federal Contract Tower,0,9,47,1,57,0,1,95,33,129,0,10,142,34,186,78,0,78,264
01/06/2010,CRG,FL,ASO,ES,Federal Contract Tower,0,6,42,2,50,0,2,114,45,161,0,8,156,47,211,188,0,188,399
01/07/2010,CRG,FL,ASO,ES,Federal Contract Tower,0,8,38,0,46,0,1,136,36,173,0,9,174,36,219,173,0,173,392
01/08/2010,CRG,FL,ASO,ES,Federal Contract Tower,0,7,43,0,50,0,0,36,14,50,0,7,79,14,100,50,0,50,150
01/09/2010,CRG,FL,ASO,ES,Federal Contract Tower,0,0,29,0,29,0,0,97,8,105,0,0,126,8,134,109,0,109,243
01/10/2010,CRG,FL,ASO,ES,Federal Contract Tower,0,2,26,0,28,0,0,96,4,100,0,2,122,4,128,88,0,88,216
01/11/2010,CRG,FL,ASO,ES,Federal Contract Tower,0,6,38,0,44,0,1,121,12,134,0,7,159,12,178,115,0,115,293
01/12/2010,CRG,FL,ASO,ES,Federal Contract Tower,0,12,46,0,58,0,1,121,52,174,0,13,167,52,232,62,6,68,300
01/13/2010,CRG,FL,ASO,ES,Federal Contract Tower,0,7,58,0,65,0,1,104,72,177,0,8,162,72,242,107,2,109,351
01/14/2010,CRG,FL,ASO,ES,Federal Contract Tower,0,7,49,0,56,0,0,132,76,208,0,7,181,76,264,88,4,92,356
01/15/2010,CRG,FL,ASO,ES,Federal Contract Tower,0,9,60,1,70,0,0,129,37,166,0,9,189,38,236,106,0,106,342
01/16/2010,CRG,FL,ASO,ES,Federal Contract Tower,0,0,27,0,27,0,0,11,0,11,0,0,38,0,38,6,0,6,44
01/17/2010,CRG,FL,ASO,ES,Federal Contract Tower,0,3,26,0,29,0,0,51,0,51,0,3,77,0,80,28,0,28,108
01/18/2010,CRG,FL,ASO,ES,Federal Contract Tower,0,4,52,0,56,0,1,153,2,156,0,5,205,2,212,98,0,98,310
01/19/2010,CRG,FL,ASO,ES,Federal Contract Tower,0,5,68,0,73,0,2,130,26,158,0,7,198,26,231,110,28,138,369
01/20/2010,CRG,FL,ASO,ES,Federal Contract Tower,0,10,54,0,64,0,0,155,58,213,0,10,209,58,277,180,0,180,457
01/21/2010,CRG,FL,ASO,ES,Federal Contract Tower,0,4,25,0,29,0,0,25,0,25,0,4,50,0,54,4,0,4,58
01/22/2010,CRG,FL,ASO,ES,Federal Contract Tower,0,7,71,0,78,0,0,57,24,81,0,7,128,24,159,11,0,11,170
01/23/2010,CRG,FL,ASO,ES,Federal Contract Tower,0,2,78,0,80,0,0,6,0,6,0,2,84,0,86,0,0,0,86
01/24/2010,CRG,FL,ASO,ES,Federal Contract Tower,0,0,21,0,21,0,0,54,0,54,0,0,75,0,75,4,0,4,79
01/25/2010,CRG,FL,ASO,ES,Federal Contract Tower,0,5,57,0,62,0,1,150,42,193,0,6,207,42,255,110,0,110,365
01/26/2010,CRG,FL,ASO,ES,Federal Contract Tower,0,9,60,1,70,0,3,119,22,144,0,12,179,23,214,97,0,97,311
01/27/2010,CRG,FL,ASO,ES,Federal Contract Tower,0,12,64,0,76,0,0,224,59,283,0,12,288,59,359,162,0,162,521
01/28/2010,CRG,FL,ASO,ES,Federal Contract Tower,0,7,54,0,61,0,4,229,66,299,0,11,283,66,360,143,0,143,503
01/29/2010,CRG,FL,ASO,ES,Federal Contract Tower,0,10,74,0,84,0,0,139,12,151,0,10,213,12,235,128,0,128,363
01/30/2010,CRG,FL,ASO,ES,Federal Contract Tower,0,3,14,0,17,0,0,21,2,23,0,3,35,2,40,36,0,36,76
01/31/2010,CRG,FL,ASO,ES,Federal Contract Tower,0,2,55,0,57,0,0,54,10,64,0,2,109,10,121,98,0,98,219
02/01/2010,CRG,FL,ASO,ES,Federal Contract Tower,0,8,53,1,62,0,0,102,23,125,0,8,155,24,187,74,0,74,261
02/02/2010,CRG,FL,ASO,ES,Federal Contract Tower,0,9,21,1,31,0,0,18,24,42,0,9,39,25,73,57,0,57,130
02/03/2010,CRG,FL,ASO,ES,Federal Contract Tower,0,8,79,1,88,0,2,115,66,183,0,10,194,67,271,148,2,150,421
02/04/2010,CRG,FL,ASO,ES,Federal Contract Tower,0,6,75,0,81,0,1,153,49,203,0,7,228,49,284,89,0,89,373
02/05/2010,CRG,FL,ASO,ES,Federal Contract Tower,0,12,29,0,41,0,0,41,18,59,0,12,70,18,100,50,0,50,150
02/06/2010,CRG,FL,ASO,ES,Federal Contract Tower,0,0,35,0,35,0,0,71,4,75,0,0,106,4,110,39,0,39,149
02/07/2010,CRG,FL,ASO,ES,Federal Contract Tower,0,4,34,0,38,0,0,147,0,147,0,4,181,0,185,150,0,150,335
02/08/2010,CRG,FL,ASO,ES,Federal Contract Tower,0,9,64,0,73,0,0,173,20,193,0,9,237,20,266,140,0,140,406
02/09/2010,CRG,FL,ASO,ES,Federal Contract Tower,0,11,48,0,59,0,0,76,40,116,0,11,124,40,175,177,0,177,352
02/10/2010,CRG,FL,ASO,ES,Federal Contract Tower,0,7,53,0,60,0,2,92,43,137,0,9,145,43,197,77,6,83,280
02/11/2010,CRG,FL,ASO,ES,Federal Contract Tower,0,8,54,0,62,0,1,182,86,269,0,9,236,86,331,188,0,188,519
02/12/2010,CRG,FL,ASO,ES,Federal Contract Tower,0,7,21,0,28,0,0,15,2,17,0,7,36,2,45,0,0,0,45
02/13/2010,CRG,FL,ASO,ES,Federal Contract Tower,0,3,43,0,46,0,0,62,0,62,0,3,105,0,108,92,0,92,200
02/14/2010,CRG,FL,ASO,ES,Federal Contract Tower,0,5,41,0,46,0,0,150,0,150,0,5,191,0,196,156,0,156,352
02/15/2010,CRG,FL,ASO,ES,Federal Contract Tower,0,6,54,0,60,0,0,111,0,111,0,6,165,0,171,74,0,74,245
02/16/2010,CRG,FL,ASO,ES,Federal Contract Tower,0,8,61,1,70,0,1,146,35,182,0,9,207,36,252,85,0,85,337
02/17/2010,CRG,FL,ASO,ES,Federal Contract Tower,0,7,60,0,67,0,1,159,60,220,0,8,219,60,287,106,4,110,397
02/18/2010,CRG,FL,ASO,ES,Federal Contract Tower,0,7,56,0,63,0,0,118,54,172,0,7,174,54,235,86,0,86,321
02/19/2010,CRG,FL,ASO,ES,Federal Contract Tower,0,12,65,0,77,0,0,188,18,206,0,12,253,18,283,182,0,182,465
02/20/2010,CRG,FL,ASO,ES,Federal Contract Tower,0,3,41,0,44,0,1,148,2,151,0,4,189,2,195,100,0,100,295
02/21/2010,CRG,FL,ASO,ES,Federal Contract Tower,0,0,40,0,40,0,0,143,0,143,0,0,183,0,183,154,0,154,337
02/22/2010,CRG,FL,ASO,ES,Federal Contract Tower,0,6,53,0,59,0,0,69,22,91,0,6,122,22,150,68,0,68,218
02/23/2010,CRG,FL,ASO,ES,Federal Contract Tower,0,8,62,0,70,0,0,120,44,164,0,8,182,44,234,116,0,116,350
02/24/2010,CRG,FL,ASO,ES,Federal Contract Tower,0,8,56,0,64,0,0,118,84,202,0,8,174,84,266,108,4,112,378
02/25/2010,CRG,FL,ASO,ES,Federal Contract Tower,0,10,58,0,68,0,0,94,42,136,0,10,152,42,204,63,0,63,267
02/26/2010,CRG,FL,ASO,ES,Federal Contract Tower,0,9,61,0,70,0,0,144,8,152,0,9,205,8,222,118,0,118,340
02/27/2010,CRG,FL,ASO,ES,Federal Contract Tower,0,3,19,0,22,0,0,106,6,112,0,3,125,6,134,79,0,79,213
02/28/2010,CRG,FL,ASO,ES,Federal Contract Tower,0,1,47,0,48,0,0,111,0,111,0,1,158,0,159,74,0,74,233
03/01/2010,CRG,FL,ASO,ES,Federal Contract Tower,0,7,58,0,65,0,0,157,84,241,0,7,215,84,306,151,0,151,457
03/02/2010,CRG,FL,ASO,ES,Federal Contract Tower,0,7,42,1,50,0,0,0,0,0,0,7,42,1,50,16,0,16,66
03/03/2010,CRG,FL,ASO,ES,Federal Contract Tower,0,6,33,0,39,0,0,96,20,116,0,6,129,20,155,75,0,75,230
03/04/2010,CRG,FL,ASO,ES,Federal Contract Tower,0,8,71,0,79,0,2,145,30,177,0,10,216,30,256,164,0,164,420
03/05/2010,CRG,FL,ASO,ES,Federal Contract Tower,0,10,58,0,68,0,0,175,18,193,0,10,233,18,261,93,0,93,354
03/06/2010,CRG,FL,ASO,ES,Federal Contract Tower,0,1,31,0,32,0,0,146,0,146,0,1,177,0,178,195,0,195,373
03/07/2010,CRG,FL,ASO,ES,Federal Contract Tower,0,4,45,0,49,0,0,115,8,123,0,4,160,8,172,188,0,188,360
03/08/2010,CRG,FL,ASO,ES,Federal Contract Tower,0,7,45,0,52,0,3,129,32,164,0,10,174,32,216,169,0,169,385
03/09/2010,CRG,FL,ASO,ES,Federal Contract Tower,0,6,57,0,63,0,0,162,42,204,0,6,219,42,267,110,0,110,377
03/10/2010,CRG,FL,ASO,ES,Federal Contract Tower,0,6,44,0,50,0,1,115,53,169,0,7,159,53,219,87,0,87,306
03/11/2010,CRG,FL,ASO,ES,Federal Contract Tower,0,5,31,0,36,0,0,27,12,39,0,5,58,12,75,15,0,15,90
03/12/2010,CRG,FL,ASO,ES,Federal Contract Tower,0,7,78,1,86,0,1,39,2,42,0,8,117,3,128,57,0,57,185
03/13/2010,CRG,FL,ASO,ES,Federal Contract Tower,0,2,46,0,48,0,0,99,2,101,0,2,145,2,149,45,0,45,194
03/14/2010,CRG,FL,ASO,ES,Federal Contract Tower,0,2,26,0,28,0,0,100,4,104,0,2,126,4,132,68,0,68,200
03/15/2010,CRG,FL,ASO,ES,Federal Contract Tower,0,10,50,3,63,0,1,131,33,165,0,11,181,36,228,74,0,74,302
03/16/2010,CRG,FL,ASO,ES,Federal Contract Tower,0,8,47,0,55,0,1,170,85,256,0,9,217,85,311,234,0,234,545
03/17/2010,CRG,FL,ASO,ES,Federal Contract Tower,0,6,66,0,72,0,0,79,32,111,0,6,145,32,183,107,0,107,290
03/18/2010,CRG,FL,ASO,ES,Federal Contract Tower,0,8,84,0,92,0,0,162,45,207,0,8,246,45,299,133,0,133,432
03/19/2010,CRG,FL,ASO,ES,Federal Contract Tower,0,18,91,0,109,0,0,211,36,247,0,18,302,36,356,150,0,150,506
03/20/2010,CRG,FL,ASO,ES,Federal Contract Tower,0,2,48,0,50,0,0,207,8,215,0,2,255,8,265,163,0,163,428
03/21/2010,CRG,FL,ASO,ES,Federal Contract Tower,0,1,39,0,40,0,0,50,0,50,0,1,89,0,90,50,0,50,140
03/22/2010,CRG,FL,ASO,ES,Federal Contract Tower,0,5,59,0,64,0,1,69,32,102,0,6,128,32,166,21,0,21,187
03/23/2010,CRG,FL,ASO,ES,Federal Contract Tower,0,8,57,0,65,0,3,153,34,190,0,11,210,34,255,79,0,79,334
03/24/2010,CRG,FL,ASO,ES,Federal Contract Tower,7,7,56,0,70,0,1,2,64,67,7,8,58,64,137,97,0,97,234
03/25/2010,CRG,FL,ASO,ES,Federal Contract Tower,0,9,68,1,78,0,1,139,10,150,0,10,207,11,228,125,6,131,359
03/26/2010,CRG,FL,ASO,ES,Federal Contract Tower,0,11,62,0,73,0,1,130,4,135,0,12,192,4,208,108,0,108,316
03/27/2010,CRG,FL,ASO,ES,Federal Contract Tower,0,2,52,0,54,0,0,81,4,85,0,2,133,4,139,74,0,74,213
03/28/2010,CRG,FL,ASO,ES,Federal Contract Tower,0,2,41,0,43,0,2,75,0,77,0,4,116,0,120,53,0,53,173
03/29/2010,CRG,FL,ASO,ES,Federal Contract Tower,0,7,60,0,67,0,3,80,18,101,0,10,140,18,168,107,0,107,275
03/30/2010,CRG,FL,ASO,ES,Federal Contract Tower,0,5,52,1,58,0,1,153,33,187,0,6,205,34,245,120,0,120,365
03/31/2010,CRG,FL,ASO,ES,Federal Contract Tower,0,6,69,1,76,0,1,183,26,210,0,7,252,27,286,71,0,71,357
04/01/2010,CRG,FL,ASO,ES,Federal Contract Tower,0,10,63,0,73,0,0,188,64,252,0,10,251,64,325,137,0,137,462
04/02/2010,CRG,FL,ASO,ES,Federal Contract Tower,0,9,65,0,74,0,2,156,6,164,0,11,221,6,238,103,0,103,341
04/03/2010,CRG,FL,ASO,ES,Federal Contract Tower,0,2,37,0,39,0,0,149,0,149,0,2,186,0,188,110,0,110,298
04/04/2010,CRG,FL,ASO,ES,Federal Contract Tower,0,3,28,1,32,0,1,78,1,80,0,4,106,2,112,21,0,21,133
04/05/2010,CRG,FL,ASO,ES,Federal Contract Tower,0,10,57,0,67,0,0,138,12,150,0,10,195,12,217,95,0,95,312
04/06/2010,CRG,FL,ASO,ES,Federal Contract Tower,0,14,64,0,78,0,0,129,61,190,0,14,193,61,268,70,0,70,338
04/07/2010,CRG,FL,ASO,ES,Federal Contract Tower,0,11,61,0,72,0,0,147,53,200,0,11,208,53,272,144,0,144,416
04/08/2010,CRG,FL,ASO,ES,Federal Contract Tower,0,14,75,0,89,0,0,136,26,162,0,14,211,26,251,81,6,87,338
04/09/2010,CRG,FL,ASO,ES,Federal Contract Tower,0,16,93,0,109,0,0,142,14,156,0,16,235,14,265,87,0,87,352
04/10/2010,CRG,FL,ASO,ES,Federal Contract Tower,0,0,55,0,55,0,0,168,4,172,0,0,223,4,227,89,0,89,316
04/11/2010,CRG,FL,ASO,ES,Federal Contract Tower,0,5,51,0,56,0,0,76,2,78,0,5,127,2,134,12,0,12,146
04/12/2010,CRG,FL,ASO,ES,Federal Contract Tower,0,5,50,0,55,0,1,103,60,164,0,6,153,60,219,46,0,46,265
04/13/2010,CRG,FL,ASO,ES,Federal Contract Tower,0,11,53,0,64,0,1,119,36,156,0,12,172,36,220,75,4,79,299
04/14/2010,CRG,FL,ASO,ES,Federal Contract Tower,0,5,48,0,53,0,1,172,134,307,0,6,220,134,360,112,0,112,472
04/15/2010,CRG,FL,ASO,ES,Federal Contract Tower,0,13,74,0,87,0,1,128,111,240,0,14,202,111,327,149,0,149,476
04/16/2010,CRG,FL,ASO,ES,Federal Contract Tower,0,10,91,0,101,0,4,150,26,180,0,14,241,26,281,137,0,137,418
04/17/2010,CRG,FL,ASO,ES,Federal Contract Tower,0,2,23,0,25,0,0,164,10,174,0,2,187,10,199,111,0,111,310
04/18/2010,CRG,FL,ASO,ES,Federal Contract Tower,0,2,45,0,47,0,0,97,2,99,0,2,142,2,146,85,0,85,231
04/19/2010,CRG,FL,ASO,ES,Federal Contract Tower,0,5,43,0,48,0,1,101,34,136,0,6,144,34,184,40,0,40,224
04/20/2010,CRG,FL,ASO,ES,Federal Contract Tower,0,6,51,0,57,0,0,148,74,222,0,6,199,74,279,141,4,145,424
04/21/2010,CRG,FL,ASO,ES,Federal Contract Tower,0,9,57,0,66,0,0,138,90,228,0,9,195,90,294,139,0,139,433
04/22/2010,CRG,FL,ASO,ES,Federal Contract Tower,0,10,68,0,78,0,4,197,72,273,0,14,265,72,351,131,0,131,482
04/23/2010,CRG,FL,ASO,ES,Federal Contract Tower,0,8,62,0,70,0,0,153,19,172,0,8,215,19,242,87,0,87,329
04/24/2010,CRG,FL,ASO,ES,Federal Contract Tower,0,2,37,0,39,0,0,181,14,195,0,2,218,14,234,131,0,131,365
04/25/2010,CRG,FL,ASO,ES,Federal Contract Tower,0,2,29,0,31,2,0,14,0,16,2,2,43,0,47,55,0,55,102
04/26/2010,CRG,FL,ASO,ES,Federal Contract Tower,0,7,54,0,61,0,0,123,34,157,0,7,177,34,218,133,0,133,351
04/27/2010,CRG,FL,ASO,ES,Federal Contract Tower,0,14,59,0,73,0,0,138,28,166,0,14,197,28,239,84,0,84,323
04/28/2010,CRG,FL,ASO,ES,Federal Contract Tower,0,9,71,0,80,0,0,180,38,218,0,9,251,38,298,126,0,126,424
04/29/2010,CRG,FL,ASO,ES,Federal Contract Tower,0,6,74,0,80,0,0,183,28,211,0,6,257,28,291,184,0,184,475
04/30/2010,CRG,FL,ASO,ES,Federal Contract Tower,0,11,66,0,77,0,1,96,2,99,0,12,162,2,176,106,0,106,282
05/01/2010,CRG,FL,ASO,ES,Federal Contract Tower,0,0,37,0,37,0,0,89,0,89,0,0,126,0,126,112,0,112,238
05/02/2010,CRG,FL,ASO,ES,Federal Contract Tower,0,3,51,0,54,0,0,93,0,93,0,3,144,0,147,42,0,42,189
05/03/2010,CRG,FL,ASO,ES,Federal Contract Tower,0,6,42,0,48,0,0,106,20,126,0,6,148,20,174,78,0,78,252
05/04/2010,CRG,FL,ASO,ES,Federal Contract Tower,0,9,45,0,54,0,0,69,24,93,0,9,114,24,147,124,0,124,271
05/05/2010,CRG,FL,ASO,ES,Federal Contract Tower,0,10,54,1,65,0,0,80,58,138,0,10,134,59,203,124,0,124,327
05/06/2010,CRG,FL,ASO,ES,Federal Contract Tower,0,8,85,0,93,0,1,156,60,217,0,9,241,60,310,119,0,119,429
05/07/2010,CRG,FL,ASO,ES,Federal Contract Tower,0,11,80,0,91,0,0,170,4,174,0,11,250,4,265,188,0,188,453
05/08/2010,CRG,FL,ASO,ES,Federal Contract Tower,0,4,48,0,52,0,0,129,2,131,0,4,177,2,183,159,0,159,342
05/09/2010,CRG,FL,ASO,ES,Federal Contract Tower,0,10,43,0,53,0,0,93,0,93,0,10,136,0,146,187,0,187,333
05/10/2010,CRG,FL,ASO,ES,Federal Contract Tower,0,10,66,0,76,0,0,130,62,192,0,10,196,62,268,62,0,62,330
05/11/2010,CRG,FL,ASO,ES,Federal Contract Tower,0,10,51,0,61,0,1,139,48,188,0,11,190,48,249,117,0,117,366
05/12/2010,CRG,FL,ASO,ES,Federal Contract Tower,0,7,71,0,78,0,0,172,40,212,0,7,243,40,290,74,0,74,364
05/13/2010,CRG,FL,ASO,ES,Federal Contract Tower,0,6,61,1,68,0,0,172,44,216,0,6,233,45,284,166,0,166,450
05/14/2010,CRG,FL,ASO,ES,Federal Contract Tower,0,8,76,0,84,0,0,141,17,158,0,8,217,17,242,158,0,158,400
05/15/2010,CRG,FL,ASO,ES,Federal Contract Tower,0,1,37,0,38,0,0,95,0,95,0,1,132,0,133,152,0,152,285
05/16/2010,CRG,FL,ASO,ES,Federal Contract Tower,0,2,70,0,72,0,0,96,0,96,0,2,166,0,168,58,0,58,226
05/17/2010,CRG,FL,ASO,ES,Federal Contract Tower,0,5,41,0,46,0,0,53,24,77,0,5,94,24,123,57,0,57,180
05/18/2010,CRG,FL,ASO,ES,Federal Contract Tower,0,7,72,0,79,0,1,143,58,202,0,8,215,58,281,148,0,148,429
05/19/2010,CRG,FL,ASO,ES,Federal Contract Tower,0,9,78,0,87,0,1,157,34,192,0,10,235,34,279,141,0,141,420
05/20/2010,CRG,FL,ASO,ES,Federal Contract Tower,0,9,74,0,83,0,0,137,60,197,0,9,211,60,280,128,0,128,408
05/21/2010,CRG,FL,ASO,ES,Federal Contract Tower,0,11,98,0,109,0,1,117,0,118,0,12,215,0,227,78,0,78,305
05/22/2010,CRG,FL,ASO,ES,Federal Contract Tower,0,0,44,1,45,0,0,166,5,171,0,0,210,6,216,115,0,115,331
05/23/2010,CRG,FL,ASO,ES,Federal Contract Tower,0,4,55,0,59,0,0,94,10,104,0,4,149,10,163,126,0,126,289
05/24/2010,CRG,FL,ASO,ES,Federal Contract Tower,0,11,36,0,47,0,0,93,46,139,0,11,129,46,186,44,0,44,230
05/25/2010,CRG,FL,ASO,ES,Federal Contract Tower,0,8,48,0,56,0,0,100,6,106,0,8,148,6,162,42,0,42,204
05/26/2010,CRG,FL,ASO,ES,Federal Contract Tower,0,6,55,0,61,0,1,153,18,172,0,7,208,18,233,132,0,132,365
05/27/2010,CRG,FL,ASO,ES,Federal Contract Tower,0,10,72,0,82,0,1,115,6,122,0,11,187,6,204,164,0,164,368
05/28/2010,CRG,FL,ASO,ES,Federal Contract Tower,0,8,67,0,75,0,0,188,6,194,0,8,255,6,269,143,0,143,412
05/29/2010,CRG,FL,ASO,ES,Federal Contract Tower,0,1,38,0,39,0,0,106,0,106,0,1,144,0,145,195,0,195,340
05/30/2010,CRG,FL,ASO,ES,Federal Contract Tower,0,1,36,0,37,0,0,77,0,77,0,1,113,0,114,93,0,93,207
05/31/2010,CRG,FL,ASO,ES,Federal Contract Tower,0,2,64,0,66,0,0,83,2,85,0,2,147,2,151,97,0,97,248
06/01/2010,CRG,FL,ASO,ES,Federal Contract Tower,0,8,60,0,68,0,0,142,28,170,0,8,202,28,238,167,0,167,405
06/02/2010,CRG,FL,ASO,ES,Federal Contract Tower,0,10,43,0,53,0,0,127,38,165,0,10,170,38,218,85,0,85,303
06/03/2010,CRG,FL,ASO,ES,Federal Contract Tower,0,7,78,0,85,0,0,90,48,138,0,7,168,48,223,101,0,101,324
06/04/2010,CRG,FL,ASO,ES,Federal Contract Tower,0,10,55,0,65,0,0,84,18,102,0,10,139,18,167,122,0,122,289
06/05/2010,CRG,FL,ASO,ES,Federal Contract Tower,0,2,35,0,37,0,0,106,6,112,0,2,141,6,149,60,0,60,209
06/06/2010,CRG,FL,ASO,ES,Federal Contract Tower,0,0,47,0,47,0,0,57,2,59,0,0,104,2,106,56,0,56,162
06/07/2010,CRG,FL,ASO,ES,Federal Contract Tower,0,6,73,0,79,0,0,97,46,143,0,6,170,46,222,57,0,57,279
06/08/2010,CRG,FL,ASO,ES,Federal Contract Tower,0,7,51,0,58,0,0,134,136,270,0,7,185,136,328,190,0,190,518
06/09/2010,CRG,FL,ASO,ES,Federal Contract Tower,0,9,66,0,75,0,1,142,44,187,0,10,208,44,262,152,0,152,414
06/10/2010,CRG,FL,ASO,ES,Federal Contract Tower,0,12,73,0,85,0,1,122,54,177,0,13,195,54,262,163,0,163,425
06/11/2010,CRG,FL,ASO,ES,Federal Contract Tower,0,13,45,0,58,0,0,127,8,135,0,13,172,8,193,100,0,100,293
06/12/2010,CRG,FL,ASO,ES,Federal Contract Tower,0,0,31,0,31,0,0,114,6,120,0,0,145,6,151,125,0,125,276
06/13/2010,CRG,FL,ASO,ES,Federal Contract Tower,0,2,32,0,34,0,0,108,2,110,0,2,140,2,144,80,0,80,224
06/14/2010,CRG,FL,ASO,ES,Federal Contract Tower,0,6,54,0,60,0,0,111,6,117,0,6,165,6,177,166,0,166,343
06/15/2010,CRG,FL,ASO,ES,Federal Contract Tower,0,5,53,0,58,0,1,101,40,142,0,6,154,40,200,147,0,147,347
06/16/2010,CRG,FL,ASO,ES,Federal Contract Tower,0,8,46,0,54,0,0,74,80,154,0,8,120,80,208,55,0,55,263
06/17/2010,CRG,FL,ASO,ES,Federal Contract Tower,0,7,73,1,81,0,1,108,61,170,0,8,181,62,251,103,0,103,354
06/18/2010,CRG,FL,ASO,ES,Federal Contract Tower,0,10,69,0,79,0,0,130,2,132,0,10,199,2,211,104,0,104,315
06/19/2010,CRG,FL,ASO,ES,Federal Contract Tower,0,1,39,0,40,0,0,127,4,131,0,1,166,4,171,86,0,86,257
06/20/2010,CRG,FL,ASO,ES,Federal Contract Tower,0,3,41,0,44,0,0,92,4,96,0,3,133,4,140,47,0,47,187
06/21/2010,CRG,FL,ASO,ES,Federal Contract Tower,0,7,54,4,65,0,0,95,28,123,0,7,149,32,188,72,0,72,260
06/22/2010,CRG,FL,ASO,ES,Federal Contract Tower,0,7,56,0,63,0,0,110,86,196,0,7,166,86,259,110,0,110,369
06/23/2010,CRG,FL,ASO,ES,Federal Contract Tower,0,7,51,0,58,0,0,147,41,188,0,7,198,41,246,158,0,158,404
06/24/2010,CRG,FL,ASO,ES,Federal Contract Tower,0,7,62,0,69,0,0,159,48,207,0,7,221,48,276,167,0,167,443
06/25/2010,CRG,FL,ASO,ES,Federal Contract Tower,0,9,65,0,74,0,1,125,7,133,0,10,190,7,207,198,0,198,405
06/26/2010,CRG,FL,ASO,ES,Federal Contract Tower,0,0,20,0,20,0,0,126,4,130,0,0,146,4,150,110,0,110,260
06/27/2010,CRG,FL,ASO,ES,Federal Contract Tower,0,3,19,0,22,0,0,84,4,88,0,3,103,4,110,32,0,32,142
06/28/2010,CRG,FL,ASO,ES,Federal Contract Tower,0,6,34,0,40,0,0,120,20,140,0,6,154,20,180,81,0,81,261
06/29/2010,CRG,FL,ASO,ES,Federal Contract Tower,0,10,34,0,44,0,0,81,19,100,0,10,115,19,144,128,4,132,276
06/30/2010,CRG,FL,ASO,ES,Federal Contract Tower,0,6,55,1,62,0,1,98,22,121,0,7,153,23,183,105,0,105,288
07/01/2010,CRG,FL,ASO,ES,Federal Contract Tower,0,11,45,0,56,0,1,118,42,161,0,12,163,42,217,111,6,117,334
07/02/2010,CRG,FL,ASO,ES,Federal Contract Tower,0,15,41,0,56,0,0,74,0,74,0,15,115,0,130,27,0,27,157
07/03/2010,CRG,FL,ASO,ES,Federal Contract Tower,0,0,40,0,40,0,0,113,0,113,0,0,153,0,153,82,0,82,235
07/04/2010,CRG,FL,ASO,ES,Federal Contract Tower,0,0,12,0,12,0,0,67,0,67,0,0,79,0,79,73,0,73,152
07/05/2010,CRG,FL,ASO,ES,Federal Contract Tower,0,4,54,0,58,0,0,127,0,127,0,4,181,0,185,176,0,176,361
07/06/2010,CRG,FL,ASO,ES,Federal Contract Tower,0,7,66,0,73,0,0,145,24,169,0,7,211,24,242,107,0,107,349
07/07/2010,CRG,FL,ASO,ES,Federal Contract Tower,0,9,49,0,58,0,0,138,34,172,0,9,187,34,230,105,0,105,335
07/08/2010,CRG,FL,ASO,ES,Federal Contract Tower,0,8,50,0,58,0,0,108,94,202,0,8,158,94,260,173,0,173,433
07/09/2010,CRG,FL,ASO,ES,Federal Contract Tower,0,10,51,0,61,0,0,142,10,152,0,10,193,10,213,107,0,107,320
07/10/2010,CRG,FL,ASO,ES,Federal Contract Tower,0,2,31,0,33,0,0,97,2,99,0,2,128,2,132,108,0,108,240
07/11/2010,CRG,FL,ASO,ES,Federal Contract Tower,0,2,30,0,32,0,0,89,8,97,0,2,119,8,129,96,0,96,225
07/12/2010,CRG,FL,ASO,ES,Federal Contract Tower,0,6,37,0,43,0,0,147,4,151,0,6,184,4,194,192,0,192,386
07/13/2010,CRG,FL,ASO,ES,Federal Contract Tower,0,7,43,0,50,0,0,153,34,187,0,7,196,34,237,112,2,114,351
07/14/2010,CRG,FL,ASO,ES,Federal Contract Tower,0,7,39,0,46,0,0,109,26,135,0,7,148,26,181,112,0,112,293
07/15/2010,CRG,FL,ASO,ES,Federal Contract Tower,0,10,51,0,61,0,0,117,14,131,0,10,168,14,192,96,0,96,288
07/16/2010,CRG,FL,ASO,ES,Federal Contract Tower,0,8,70,0,78,0,0,208,6,214,0,8,278,6,292,82,0,82,374
07/17/2010,CRG,FL,ASO,ES,Federal Contract Tower,0,0,38,0,38,0,0,117,16,133,0,0,155,16,171,66,0,66,237
07/18/2010,CRG,FL,ASO,ES,Federal Contract Tower,0,3,55,0,58,0,0,95,20,115,0,3,150,20,173,107,0,107,280
07/19/2010,CRG,FL,ASO,ES,Federal Contract Tower,0,7,44,0,51,0,1,133,24,158,0,8,177,24,209,86,0,86,295
07/20/2010,CRG,FL,ASO,ES,Federal Contract Tower,0,7,33,0,40,0,1,153,16,170,0,8,186,16,210,144,0,144,354
07/21/2010,CRG,FL,ASO,ES,Federal Contract Tower,0,8,73,2,83,0,0,146,52,198,0,8,219,54,281,127,0,127,408
07/22/2010,CRG,FL,ASO,ES,Federal Contract Tower,0,8,57,0,65,0,0,146,34,180,0,8,203,34,245,126,0,126,371
07/23/2010,CRG,FL,ASO,ES,Federal Contract Tower,0,9,52,0,61,0,0,142,6,148,0,9,194,6,209,78,0,78,287
07/24/2010,CRG,FL,ASO,ES,Federal Contract Tower,0,1,41,0,42,0,0,74,0,74,0,1,115,0,116,88,0,88,204
07/25/2010,CRG,FL,ASO,ES,Federal Contract Tower,0,0,35,0,35,0,0,84,2,86,0,0,119,2,121,50,0,50,171
07/26/2010,CRG,FL,ASO,ES,Federal Contract Tower,0,8,73,0,81,0,0,105,28,133,0,8,178,28,214,92,6,98,312
07/27/2010,CRG,FL,ASO,ES,Federal Contract Tower,0,9,61,0,70,0,1,131,54,186,0,10,192,54,256,116,0,116,372
07/28/2010,CRG,FL,ASO,ES,Federal Contract Tower,0,8,60,0,68,0,0,78,46,124,0,8,138,46,192,40,0,40,232
07/29/2010,CRG,FL,ASO,ES,Federal Contract Tower,0,6,66,0,72,0,0,104,24,128,0,6,170,24,200,52,0,52,252
07/30/2010,CRG,FL,ASO,ES,Federal Contract Tower,0,12,52,0,64,0,2,113,14,129,0,14,165,14,193,111,0,111,304
07/31/2010,CRG,FL,ASO,ES,Federal Contract Tower,0,2,48,0,50,0,0,54,0,54,0,2,102,0,104,80,0,80,184
08/01/2010,CRG,FL,ASO,ES,Federal Contract Tower,0,2,28,0,30,0,0,63,2,65,0,2,91,2,95,129,0,129,224
08/02/2010,CRG,FL,ASO,ES,Federal Contract Tower,0,11,45,0,56,0,1,138,30,169,0,12,183,30,225,130,0,130,355
08/03/2010,CRG,FL,ASO,ES,Federal Contract Tower,0,5,62,0,67,0,1,110,50,161,0,6,172,50,228,152,0,152,380
08/04/2010,CRG,FL,ASO,ES,Federal Contract Tower,0,6,47,0,53,1,0,113,20,134,1,6,160,20,187,83,0,83,270
08/05/2010,CRG,FL,ASO,ES,Federal Contract Tower,0,6,61,0,67,0,1,90,30,121,0,7,151,30,188,135,6,141,329
08/06/2010,CRG,FL,ASO,ES,Federal Contract Tower,0,10,56,0,66,0,0,97,6,103,0,10,153,6,169,105,0,105,274
08/07/2010,CRG,FL,ASO,ES,Federal Contract Tower,0,0,28,0,28,0,0,73,0,73,0,0,101,0,101,112,0,112,213
08/08/2010,CRG,FL,ASO,ES,Federal Contract Tower,0,2,52,0,54,0,0,107,0,107,0,2,159,0,161,117,0,117,278
08/09/2010,CRG,FL,ASO,ES,Federal Contract Tower,0,9,33,0,42,0,1,83,50,134,0,10,116,50,176,75,0,75,251
08/10/2010,CRG,FL,ASO,ES,Federal Contract Tower,0,8,55,0,63,0,0,118,52,170,0,8,173,52,233,87,0,87,320
08/11/2010,CRG,FL,ASO,ES,Federal Contract Tower,0,7,44,0,51,0,1,118,48,167,0,8,162,48,218,82,10,92,310
08/12/2010,CRG,FL,ASO,ES,Federal Contract Tower,0,10,48,0,58,0,1,130,14,145,0,11,178,14,203,73,2,75,278
08/13/2010,CRG,FL,ASO,ES,Federal Contract Tower,0,7,63,0,70,0,0,92,6,98,0,7,155,6,168,118,0,118,286
08/14/2010,CRG,FL,ASO,ES,Federal Contract Tower,0,0,29,0,29,0,0,90,2,92,0,0,119,2,121,40,0,40,161
08/15/2010,CRG,FL,ASO,ES,Federal Contract Tower,0,0,53,0,53,0,0,65,4,69,0,0,118,4,122,74,0,74,196
08/16/2010,CRG,FL,ASO,ES,Federal Contract Tower,0,11,55,0,66,0,0,132,18,150,0,11,187,18,216,121,0,121,337
08/17/2010,CRG,FL,ASO,ES,Federal Contract Tower,0,7,39,0,46,0,3,110,38,151,0,10,149,38,197,118,0,118,315
08/18/2010,CRG,FL,ASO,ES,Federal Contract Tower,0,8,58,1,67,0,0,128,24,152,0,8,186,25,219,104,0,104,323
08/19/2010,CRG,FL,ASO,ES,Federal Contract Tower,0,8,58,1,67,0,0,93,37,130,0,8,151,38,197,125,0,125,322
08/20/2010,CRG,FL,ASO,ES,Federal Contract Tower,0,9,38,0,47,0,1,111,12,124,0,10,149,12,171,83,2,85,256
08/21/2010,CRG,FL,ASO,ES,Federal Contract Tower,0,1,33,0,34,0,0,92,8,100,0,1,125,8,134,78,0,78,212
08/22/2010,CRG,FL,ASO,ES,Federal Contract Tower,0,0,30,0,30,0,0,100,2,102,0,0,130,2,132,76,0,76,208
08/23/2010,CRG,FL,ASO,ES,Federal Contract Tower,0,6,47,0,53,0,0,87,4,91,0,6,134,4,144,58,0,58,202
08/24/2010,CRG,FL,ASO,ES,Federal Contract Tower,0,6,44,0,50,0,1,93,46,140,0,7,137,46,190,56,20,76,266
08/25/2010,CRG,FL,ASO,ES,Federal Contract Tower,0,6,58,0,64,0,0,84,26,110,0,6,142,26,174,149,6,155,329
08/26/2010,CRG,FL,ASO,ES,Federal Contract Tower,0,13,53,0,66,0,0,105,56,161,0,13,158,56,227,46,0,46,273
08/27/2010,CRG,FL,ASO,ES,Federal Contract Tower,0,11,60,0,71,0,1,95,12,108,0,12,155,12,179,107,0,107,286
08/28/2010,CRG,FL,ASO,ES,Federal Contract Tower,0,0,48,0,48,0,0,68,0,68,0,0,116,0,116,115,0,115,231
08/29/2010,CRG,FL,ASO,ES,Federal Contract Tower,0,0,33,0,33,0,0,45,0,45,0,0,78,0,78,41,0,41,119
08/30/2010,CRG,FL,ASO,ES,Federal Contract Tower,0,5,37,0,42,0,1,119,20,140,0,6,156,20,182,185,0,185,367
08/31/2010,CRG,FL,ASO,ES,Federal Contract Tower,0,11,72,0,83,0,2,123,60,185,0,13,195,60,268,114,0,114,382
09/01/2010,CRG,FL,ASO,ES,Federal Contract Tower,0,14,49,0,63,0,1,95,102,198,0,15,144,102,261,102,0,102,363
09/02/2010,CRG,FL,ASO,ES,Federal Contract Tower,0,4,63,0,67,0,1,105,68,174,0,5,168,68,241,111,0,111,352
09/03/2010,CRG,FL,ASO,ES,Federal Contract Tower,0,7,60,1,68,0,1,126,8,135,0,8,186,9,203,67,0,67,270
09/04/2010,CRG,FL,ASO,ES,Federal Contract Tower,0,0,48,0,48,0,0,109,0,109,0,0,157,0,157,88,0,88,245
09/05/2010,CRG,FL,ASO,ES,Federal Contract Tower,0,0,24,0,24,0,0,101,0,101,0,0,125,0,125,134,0,134,259
09/06/2010,CRG,FL,ASO,ES,Federal Contract Tower,0,0,40,0,40,0,0,83,0,83,0,0,123,0,123,122,0,122,245
09/07/2010,CRG,FL,ASO,ES,Federal Contract Tower,0,11,51,0,62,0,1,75,66,142,0,12,126,66,204,58,0,58,262
09/08/2010,CRG,FL,ASO,ES,Federal Contract Tower,0,7,60,1,68,0,1,81,31,113,0,8,141,32,181,68,0,68,249
09/09/2010,CRG,FL,ASO,ES,Federal Contract Tower,0,8,55,0,63,0,2,157,46,205,0,10,212,46,268,184,0,184,452
09/10/2010,CRG,FL,ASO,ES,Federal Contract Tower,0,8,67,0,75,0,2,162,6,170,0,10,229,6,245,91,0,91,336
09/11/2010,CRG,FL,ASO,ES,Federal Contract Tower,0,2,32,0,34,0,0,137,8,145,0,2,169,8,179,91,0,91,270
09/12/2010,CRG,FL,ASO,ES,Federal Contract Tower,0,0,33,0,33,0,0,65,2,67,0,0,98,2,100,89,0,89,189
09/13/2010,CRG,FL,ASO,ES,Federal Contract Tower,0,10,46,0,56,0,0,102,27,129,0,10,148,27,185,85,0,85,270
09/14/2010,CRG,FL,ASO,ES,Federal Contract Tower,0,9,43,0,52,0,3,118,58,179,0,12,161,58,231,107,0,107,338
09/15/2010,CRG,FL,ASO,ES,Federal Contract Tower,0,6,50,1,57,0,2,135,46,183,0,8,185,47,240,259,0,259,499
09/16/2010,CRG,FL,ASO,ES,Federal Contract Tower,0,5,61,0,66,0,0,126,56,182,0,5,187,56,248,294,0,294,542
09/17/2010,CRG,FL,ASO,ES,Federal Contract Tower,0,12,74,0,86,0,2,145,12,159,0,14,219,12,245,110,2,112,357
09/18/2010,CRG,FL,ASO,ES,Federal Contract Tower,0,0,40,0,40,0,0,145,2,147,0,0,185,2,187,153,0,153,340
09/19/2010,CRG,FL,ASO,ES,Federal Contract Tower,0,2,49,0,51,0,2,82,4,88,0,4,131,4,139,77,0,77,216
09/20/2010,CRG,FL,ASO,ES,Federal Contract Tower,0,8,45,0,53,0,0,115,34,149,0,8,160,34,202,208,0,208,410
09/21/2010,CRG,FL,ASO,ES,Federal Contract Tower,0,5,60,0,65,0,1,109,88,198,0,6,169,88,263,45,2,47,310
09/22/2010,CRG,FL,ASO,ES,Federal Contract Tower,0,11,49,0,60,0,1,153,46,200,0,12,202,46,260,77,0,77,337
09/23/2010,CRG,FL,ASO,ES,Federal Contract Tower,0,7,58,0,65,0,1,160,24,185,0,8,218,24,250,95,0,95,345
09/24/2010,CRG,FL,ASO,ES,Federal Contract Tower,0,8,59,0,67,0,0,137,20,157,0,8,196,20,224,118,0,118,342
09/25/2010,CRG,FL,ASO,ES,Federal Contract Tower,0,0,47,0,47,0,0,306,2,308,0,0,353,2,355,8,0,8,363
09/26/2010,CRG,FL,ASO,ES,Federal Contract Tower,0,3,38,0,41,0,0,81,2,83,0,3,119,2,124,118,0,118,242
09/27/2010,CRG,FL,ASO,ES,Federal Contract Tower,0,6,30,3,39,0,0,91,22,113,0,6,121,25,152,22,0,22,174
09/28/2010,CRG,FL,ASO,ES,Federal Contract Tower,0,12,47,0,59,0,0,106,42,148,0,12,153,42,207,167,0,167,374
09/29/2010,CRG,FL,ASO,ES,Federal Contract Tower,0,10,60,0,70,0,0,65,24,89,0,10,125,24,159,65,0,65,224
09/30/2010,CRG,FL,ASO,ES,Federal Contract Tower,0,8,55,0,63,0,1,114,20,135,0,9,169,20,198,155,0,155,353
10/01/2010,CRG,FL,ASO,ES,Federal Contract Tower,0,8,79,0,87,0,2,181,28,211,0,10,260,28,298,96,0,96,394
10/02/2010,CRG,FL,ASO,ES,Federal Contract Tower,0,7,62,0,69,0,0,115,20,135,0,7,177,20,204,94,0,94,298
10/03/2010,CRG,FL,ASO,ES,Federal Contract Tower,0,2,39,0,41,0,0,93,8,101,0,2,132,8,142,77,0,77,219
10/04/2010,CRG,FL,ASO,ES,Federal Contract Tower,0,7,48,0,55,0,0,136,34,170,0,7,184,34,225,92,0,92,317
10/05/2010,CRG,FL,ASO,ES,Federal Contract Tower,0,9,58,1,68,0,0,141,71,212,0,9,199,72,280,130,0,130,410
10/06/2010,CRG,FL,ASO,ES,Federal Contract Tower,0,8,52,0,60,0,0,161,88,249,0,8,213,88,309,132,0,132,441
10/07/2010,CRG,FL,ASO,ES,Federal Contract Tower,0,7,50,0,57,0,2,153,80,235,0,9,203,80,292,106,0,106,398
10/08/2010,CRG,FL,ASO,ES,Federal Contract Tower,0,10,51,0,61,0,1,167,8,176,0,11,218,8,237,190,0,190,427
10/09/2010,CRG,FL,ASO,ES,Federal Contract Tower,0,1,33,0,34,0,0,90,0,90,0,1,123,0,124,128,0,128,252
10/10/2010,CRG,FL,ASO,ES,Federal Contract Tower,0,0,43,0,43,0,0,106,0,106,0,0,149,0,149,58,0,58,207
10/11/2010,CRG,FL,ASO,ES,Federal Contract Tower,0,4,43,2,49,0,0,126,2,128,0,4,169,4,177,110,0,110,287
10/12/2010,CRG,FL,ASO,ES,Federal Contract Tower,0,9,66,0,75,0,0,164,34,198,0,9,230,34,273,159,0,159,432
10/13/2010,CRG,FL,ASO,ES,Federal Contract Tower,0,8,55,0,63,0,0,123,36,159,0,8,178,36,222,170,0,170,392
10/14/2010,CRG,FL,ASO,ES,Federal Contract Tower,0,6,50,3,59,0,2,130,37,169,0,8,180,40,228,165,0,165,393
10/15/2010,CRG,FL,ASO,ES,Federal Contract Tower,0,15,64,0,79,0,0,119,8,127,0,15,183,8,206,151,0,151,357
10/16/2010,CRG,FL,ASO,ES,Federal Contract Tower,0,1,28,0,29,0,0,78,6,84,0,1,106,6,113,110,0,110,223
10/17/2010,CRG,FL,ASO,ES,Federal Contract Tower,0,1,42,0,43,0,0,90,16,106,0,1,132,16,149,123,0,123,272
10/18/2010,CRG,FL,ASO,ES,Federal Contract Tower,0,6,59,2,67,0,0,74,32,106,0,6,133,34,173,138,0,138,311
10/19/2010,CRG,FL,ASO,ES,Federal Contract Tower,0,7,41,3,51,0,0,141,32,173,0,7,182,35,224,149,0,149,373
10/20/2010,CRG,FL,ASO,ES,Federal Contract Tower,0,8,46,2,56,0,0,120,16,136,0,8,166,18,192,117,0,117,309
10/21/2010,CRG,FL,ASO,ES,Federal Contract Tower,0,6,53,1,60,0,1,141,23,165,0,7,194,24,225,112,0,112,337
10/22/2010,CRG,FL,ASO,ES,Federal Contract Tower,0,9,65,1,75,0,2,143,15,160,0,11,208,16,235,129,0,129,364
10/23/2010,CRG,FL,ASO,ES,Federal Contract Tower,0,0,39,0,39,0,0,109,4,113,0,0,148,4,152,63,0,63,215
10/24/2010,CRG,FL,ASO,ES,Federal Contract Tower,0,1,42,0,43,0,0,101,0,101,0,1,143,0,144,80,0,80,224
10/25/2010,CRG,FL,ASO,ES,Federal Contract Tower,0,7,47,0,54,0,0,110,40,150,0,7,157,40,204,46,0,46,250
10/26/2010,CRG,FL,ASO,ES,Federal Contract Tower,0,12,67,0,79,0,0,119,50,169,0,12,186,50,248,116,0,116,364
10/27/2010,CRG,FL,ASO,ES,Federal Contract Tower,0,10,65,0,75,0,0,151,12,163,0,10,216,12,238,170,0,170,408
10/28/2010,CRG,FL,ASO,ES,Federal Contract Tower,0,8,63,0,71,0,1,80,44,125,0,9,143,44,196,166,0,166,362
10/29/2010,CRG,FL,ASO,ES,Federal Contract Tower,0,12,66,0,78,0,1,157,18,176,0,13,223,18,254,171,0,171,425
10/30/2010,CRG,FL,ASO,ES,Federal Contract Tower,0,9,72,0,81,0,0,140,0,140,0,9,212,0,221,231,0,231,452
10/31/2010,CRG,FL,ASO,ES,Federal Contract Tower,0,3,41,0,44,0,0,127,0,127,0,3,168,0,171,66,0,66,237
11/01/2010,CRG,FL,ASO,ES,Federal Contract Tower,0,6,70,0,76,0,1,133,44,178,0,7,203,44,254,121,0,121,375
11/02/2010,CRG,FL,ASO,ES,Federal Contract Tower,0,12,58,0,70,0,0,94,64,158,0,12,152,64,228,85,0,85,313
11/03/2010,CRG,FL,ASO,ES,Federal Contract Tower,0,13,77,0,90,0,0,32,86,118,0,13,109,86,208,14,0,14,222
11/04/2010,CRG,FL,ASO,ES,Federal Contract Tower,0,9,50,0,59,0,1,23,36,60,0,10,73,36,119,16,0,16,135
11/05/2010,CRG,FL,ASO,ES,Federal Contract Tower,0,15,73,0,88,0,0,105,20,125,0,15,178,20,213,153,0,153,366
11/06/2010,CRG,FL,ASO,ES,Federal Contract Tower,0,3,20,0,23,0,0,141,4,145,0,3,161,4,168,59,0,59,227
11/07/2010,CRG,FL,ASO,ES,Federal Contract Tower,0,4,39,0,43,0,0,96,8,104,0,4,135,8,147,28,0,28,175
11/08/2010,CRG,FL,ASO,ES,Federal Contract Tower,0,9,38,0,47,0,0,130,26,156,0,9,168,26,203,94,0,94,297
11/09/2010,CRG,FL,ASO,ES,Federal Contract Tower,0,6,39,0,45,0,1,170,46,217,0,7,209,46,262,166,0,166,428
11/10/2010,CRG,FL,ASO,ES,Federal Contract Tower,0,9,45,0,54,0,1,119,66,186,0,10,164,66,240,174,0,174,414
11/11/2010,CRG,FL,ASO,ES,Federal Contract Tower,0,11,64,0,75,0,1,140,0,141,0,12,204,0,216,180,0,180,396
11/12/2010,CRG,FL,ASO,ES,Federal Contract Tower,0,7,62,0,69,0,1,156,2,159,0,8,218,2,228,176,0,176,404
11/13/2010,CRG,FL,ASO,ES,Federal Contract Tower,0,3,52,0,55,0,0,177,10,187,0,3,229,10,242,179,0,179,421
11/14/2010,CRG,FL,ASO,ES,Federal Contract Tower,0,7,47,0,54,0,0,101,2,103,0,7,148,2,157,149,0,149,306
11/15/2010,CRG,FL,ASO,ES,Federal Contract Tower,0,6,59,1,66,0,3,145,35,183,0,9,204,36,249,138,0,138,387
11/16/2010,CRG,FL,ASO,ES,Federal Contract Tower,0,11,58,0,69,0,2,106,40,148,0,13,164,40,217,27,0,27,244
11/17/2010,CRG,FL,ASO,ES,Federal Contract Tower,0,7,55,0,62,0,2,119,48,169,0,9,174,48,231,56,0,56,287
11/18/2010,CRG,FL,ASO,ES,Federal Contract Tower,0,7,53,1,61,0,2,114,75,191,0,9,167,76,252,280,0,280,532
11/19/2010,CRG,FL,ASO,ES,Federal Contract Tower,0,11,53,0,64,0,1,128,60,189,0,12,181,60,253,233,0,233,486
11/20/2010,CRG,FL,ASO,ES,Federal Contract Tower,0,5,51,0,56,0,0,135,6,141,0,5,186,6,197,135,0,135,332
11/21/2010,CRG,FL,ASO,ES,Federal Contract Tower,0,5,48,0,53,0,0,96,0,96,0,5,144,0,149,101,0,101,250
11/22/2010,CRG,FL,ASO,ES,Federal Contract Tower,0,8,54,0,62,0,1,117,94,212,0,9,171,94,274,101,0,101,375
11/23/2010,CRG,FL,ASO,ES,Federal Contract Tower,0,10,48,0,58,0,0,110,30,140,0,10,158,30,198,156,0,156,354
11/24/2010,CRG,FL,ASO,ES,Federal Contract Tower,0,7,57,0,64,0,0,108,6,114,0,7,165,6,178,83,0,83,261
11/25/2010,CRG,FL,ASO,ES,Federal Contract Tower,0,0,12,0,12,0,0,27,0,27,0,0,39,0,39,0,0,0,39
11/26/2010,CRG,FL,ASO,ES,Federal Contract Tower,0,8,29,0,37,0,2,88,0,90,0,10,117,0,127,48,0,48,175
11/27/2010,CRG,FL,ASO,ES,Federal Contract Tower,0,0,39,0,39,0,0,104,0,104,0,0,143,0,143,54,0,54,197
11/28/2010,CRG,FL,ASO,ES,Federal Contract Tower,0,0,47,0,47,0,0,124,2,126,0,0,171,2,173,87,0,87,260
11/29/2010,CRG,FL,ASO,ES,Federal Contract Tower,0,11,49,0,60,0,0,90,62,152,0,11,139,62,212,74,0,74,286
11/30/2010,CRG,FL,ASO,ES,Federal Contract Tower,0,10,55,0,65,0,1,99,46,146,0,11,154,46,211,99,6,105,316
12/01/2010,CRG,FL,ASO,ES,Federal Contract Tower,0,8,59,0,67,0,0,76,42,118,0,8,135,42,185,19,6,25,210
12/02/2010,CRG,FL,ASO,ES,Federal Contract Tower,0,9,66,0,75,0,0,135,66,201,0,9,201,66,276,101,4,105,381
12/03/2010,CRG,FL,ASO,ES,Federal Contract Tower,0,12,64,0,76,0,1,132,12,145,0,13,196,12,221,158,0,158,379
12/04/2010,CRG,FL,ASO,ES,Federal Contract Tower,0,1,48,0,49,0,0,127,2,129,0,1,175,2,178,226,0,226,404
12/05/2010,CRG,FL,ASO,ES,Federal Contract Tower,0,4,25,0,29,0,0,83,14,97,0,4,108,14,126,232,0,232,358
12/06/2010,CRG,FL,ASO,ES,Federal Contract Tower,0,7,39,0,46,0,1,103,40,144,0,8,142,40,190,124,0,124,314
12/07/2010,CRG,FL,ASO,ES,Federal Contract Tower,0,8,45,0,53,0,0,90,38,128,0,8,135,38,181,81,0,81,262
12/08/2010,CRG,FL,ASO,ES,Federal Contract Tower,0,8,49,0,57,0,0,129,42,171,0,8,178,42,228,113,0,113,341
12/09/2010,CRG,FL,ASO,ES,Federal Contract Tower,0,13,58,0,71,0,0,131,64,195,0,13,189,64,266,111,0,111,377
12/10/2010,CRG,FL,ASO,ES,Federal Contract Tower,0,16,86,0,102,0,0,108,24,132,0,16,194,24,234,77,0,77,311
12/11/2010,CRG,FL,ASO,ES,Federal Contract Tower,0,0,50,0,50,0,0,118,18,136,0,0,168,18,186,44,0,44,230
12/12/2010,CRG,FL,ASO,ES,Federal Contract Tower,0,0,21,0,21,0,0,26,6,32,0,0,47,6,53,6,0,6,59
12/13/2010,CRG,FL,ASO,ES,Federal Contract Tower,0,8,46,0,54,0,0,36,36,72,0,8,82,36,126,21,0,21,147
12/14/2010,CRG,FL,ASO,ES,Federal Contract Tower,0,6,70,0,76,0,0,97,16,113,0,6,167,16,189,93,0,93,282
12/15/2010,CRG,FL,ASO,ES,Federal Contract Tower,0,14,42,0,56,0,0,121,40,161,0,14,163,40,217,125,0,125,342
12/16/2010,CRG,FL,ASO,ES,Federal Contract Tower,0,11,64,1,76,0,0,143,10,153,0,11,207,11,229,157,0,157,386
12/17/2010,CRG,FL,ASO,ES,Federal Contract Tower,0,9,53,0,62,0,0,117,0,117,0,9,170,0,179,132,0,132,311
12/18/2010,CRG,FL,ASO,ES,Federal Contract Tower,0,5,19,0,24,0,0,85,0,85,0,5,104,0,109,136,0,136,245
12/19/2010,CRG,FL,ASO,ES,Federal Contract Tower,0,1,41,0,42,0,12,8,0,20,0,13,49,0,62,0,0,0,62
12/20/2010,CRG,FL,ASO,ES,Federal Contract Tower,0,9,32,0,41,0,0,124,46,170,0,9,156,46,211,183,0,183,394
12/21/2010,CRG,FL,ASO,ES,Federal Contract Tower,0,8,43,0,51,0,0,120,22,142,0,8,163,22,193,137,0,137,330
12/22/2010,CRG,FL,ASO,ES,Federal Contract Tower,0,10,37,0,47,0,0,75,20,95,0,10,112,20,142,44,0,44,186
12/23/2010,CRG,FL,ASO,ES,Federal Contract Tower,0,7,29,0,36,0,1,81,0,82,0,8,110,0,118,93,0,93,211
12/24/2010,CRG,FL,ASO,ES,Federal Contract Tower,0,7,18,0,25,0,0,63,0,63,0,7,81,0,88,45,0,45,133
12/25/2010,CRG,FL,ASO,ES,Federal Contract Tower,0,1,8,0,9,0,0,10,0,10,0,1,18,0,19,6,0,6,25
12/26/2010,CRG,FL,ASO,ES,Federal Contract Tower,0,4,23,0,27,0,0,4,0,4,0,4,27,0,31,2,0,2,33
12/27/2010,CRG,FL,ASO,ES,Federal Contract Tower,0,5,37,0,42,0,0,70,0,70,0,5,107,0,112,84,0,84,196
12/28/2010,CRG,FL,ASO,ES,Federal Contract Tower,0,9,44,0,53,0,0,103,4,107,0,9,147,4,160,48,0,48,208
12/29/2010,CRG,FL,ASO,ES,Federal Contract Tower,0,8,41,0,49,0,0,116,38,154,0,8,157,38,203,119,0,119,322
12/30/2010,CRG,FL,ASO,ES,Federal Contract Tower,0,6,53,0,59,0,0,126,28,154,0,6,179,28,213,109,0,109,322
12/31/2010,CRG,FL,ASO,ES,Federal Contract Tower,0,9,37,0,46,0,0,125,0,125,0,9,162,0,171,48,0,48,219
01/01/2011,CRG,FL,ASO,ES,Federal Contract Tower,0,6,19,0,25,0,0,54,0,54,0,6,73,0,79,16,0,16,95
01/02/2011,CRG,FL,ASO,ES,Federal Contract Tower,0,2,48,0,50,0,0,25,4,29,0,2,73,4,79,43,0,43,122
01/03/2011,CRG,FL,ASO,ES,Federal Contract Tower,0,8,36,0,44,0,0,112,16,128,0,8,148,16,172,72,0,72,244
01/04/2011,CRG,FL,ASO,ES,Federal Contract Tower,0,10,48,3,61,0,0,119,67,186,0,10,167,70,247,89,0,89,336
01/05/2011,CRG,FL,ASO,ES,Federal Contract Tower,0,6,37,0,43,0,0,56,8,64,0,6,93,8,107,83,0,83,190
01/06/2011,CRG,FL,ASO,ES,Federal Contract Tower,0,8,32,2,42,0,0,93,28,121,0,8,125,30,163,186,0,186,349
01/07/2011,CRG,FL,ASO,ES,Federal Contract Tower,0,8,44,0,52,0,0,88,122,210,0,8,132,122,262,108,0,108,370
01/08/2011,CRG,FL,ASO,ES,Federal Contract Tower,0,2,33,0,35,0,0,93,36,129,0,2,126,36,164,52,0,52,216
01/09/2011,CRG,FL,ASO,ES,Federal Contract Tower,0,1,33,0,34,0,0,70,82,152,0,1,103,82,186,108,0,108,294
01/10/2011,CRG,FL,ASO,ES,Federal Contract Tower,0,6,21,0,27,0,0,6,0,6,0,6,27,0,33,6,0,6,39
01/11/2011,CRG,FL,ASO,ES,Federal Contract Tower,0,10,67,0,77,0,0,2,2,4,0,10,69,2,81,0,0,0,81
01/12/2011,CRG,FL,ASO,ES,Federal Contract Tower,0,11,48,0,59,0,1,107,72,180,0,12,155,72,239,104,0,104,343
01/13/2011,CRG,FL,ASO,ES,Federal Contract Tower,0,6,53,0,59,0,1,105,90,196,0,7,158,90,255,103,0,103,358
01/14/2011,CRG,FL,ASO,ES,Federal Contract Tower,0,7,63,0,70,0,1,146,6,153,0,8,209,6,223,113,0,113,336
01/15/2011,CRG,FL,ASO,ES,Federal Contract Tower,0,1,47,0,48,0,1,115,2,118,0,2,162,2,166,226,0,226,392
01/16/2011,CRG,FL,ASO,ES,Federal Contract Tower,0,1,46,0,47,0,0,106,0,106,0,1,152,0,153,139,2,141,294
01/17/2011,CRG,FL,ASO,ES,Federal Contract Tower,0,6,48,0,54,0,0,6,0,6,0,6,54,0,60,0,0,0,60
01/18/2011,CRG,FL,ASO,ES,Federal Contract Tower,0,11,54,0,65,0,1,72,20,93,0,12,126,20,158,25,0,25,183
01/19/2011,CRG,FL,ASO,ES,Federal Contract Tower,0,5,69,0,74,0,1,86,32,119,0,6,155,32,193,153,0,153,346
01/20/2011,CRG,FL,ASO,ES,Federal Contract Tower,0,6,60,0,66,0,0,101,112,213,0,6,161,112,279,139,0,139,418
01/21/2011,CRG,FL,ASO,ES,Federal Contract Tower,0,10,61,0,71,0,0,42,42,84,0,10,103,42,155,77,0,77,232
01/22/2011,CRG,FL,ASO,ES,Federal Contract Tower,0,0,39,0,39,0,0,172,4,176,0,0,211,4,215,238,0,238,453
01/23/2011,CRG,FL,ASO,ES,Federal Contract Tower,0,4,35,0,39,0,0,148,10,158,0,4,183,10,197,313,0,313,510
01/24/2011,CRG,FL,ASO,ES,Federal Contract Tower,0,6,62,2,70,0,0,138,92,230,0,6,200,94,300,126,0,126,426
01/25/2011,CRG,FL,ASO,ES,Federal Contract Tower,0,6,24,0,30,0,0,31,4,35,0,6,55,4,65,17,0,17,82
01/26/2011,CRG,FL,ASO,ES,Federal Contract Tower,0,4,68,0,72,0,0,89,32,121,0,4,157,32,193,57,0,57,250
01/27/2011,CRG,FL,ASO,ES,Federal Contract Tower,0,7,66,2,75,0,0,130,46,176,0,7,196,48,251,233,0,233,484
01/28/2011,CRG,FL,ASO,ES,Federal Contract Tower,0,9,60,0,69,0,0,124,12,136,0,9,184,12,205,92,0,92,297
01/29/2011,CRG,FL,ASO,ES,Federal Contract Tower,0,0,46,0,46,0,0,202,0,202,0,0,248,0,248,236,0,236,484
01/30/2011,CRG,FL,ASO,ES,Federal Contract Tower,0,2,30,0,32,0,0,137,4,141,0,2,167,4,173,199,0,199,372
01/31/2011,CRG,FL,ASO,ES,Federal Contract Tower,0,6,40,0,46,0,0,124,50,174,0,6,164,50,220,175,0,175,395
02/01/2011,CRG,FL,ASO,ES,Federal Contract Tower,0,9,41,0,50,0,0,61,8,69,0,9,102,8,119,303,0,303,422
02/02/2011,CRG,FL,ASO,ES,Federal Contract Tower,0,8,56,0,64,0,0,49,28,77,0,8,105,28,141,396,0,396,537
02/03/2011,CRG,FL,ASO,ES,Federal Contract Tower,0,9,34,0,43,0,0,7,2,9,0,9,41,2,52,0,0,0,52
02/04/2011,CRG,FL,ASO,ES,Federal Contract Tower,0,11,34,0,45,0,0,0,0,0,0,11,34,0,45,0,0,0,45
02/05/2011,CRG,FL,ASO,ES,Federal Contract Tower,0,0,24,0,24,0,0,31,4,35,0,0,55,4,59,26,0,26,85
02/06/2011,CRG,FL,ASO,ES,Federal Contract Tower,0,2,29,0,31,0,0,98,6,104,0,2,127,6,135,226,0,226,361
02/07/2011,CRG,FL,ASO,ES,Federal Contract Tower,0,9,40,0,49,0,0,3,0,3,0,9,43,0,52,2,0,2,54
02/08/2011,CRG,FL,ASO,ES,Federal Contract Tower,0,12,55,0,67,0,0,180,34,214,0,12,235,34,281,241,0,241,522
02/09/2011,CRG,FL,ASO,ES,Federal Contract Tower,0,10,55,0,65,0,0,155,100,255,0,10,210,100,320,315,0,315,635
02/10/2011,CRG,FL,ASO,ES,Federal Contract Tower,0,11,52,1,64,0,0,14,68,82,0,11,66,69,146,92,0,92,238
02/11/2011,CRG,FL,ASO,ES,Federal Contract Tower,0,11,78,0,89,0,0,112,16,128,0,11,190,16,217,191,0,191,408
02/12/2011,CRG,FL,ASO,ES,Federal Contract Tower,0,2,39,0,41,0,0,180,18,198,0,2,219,18,239,185,0,185,424
02/13/2011,CRG,FL,ASO,ES,Federal Contract Tower,0,0,47,0,47,0,0,175,6,181,0,0,222,6,228,147,0,147,375
02/14/2011,CRG,FL,ASO,ES,Federal Contract Tower,0,11,30,0,41,0,0,123,28,151,0,11,153,28,192,143,0,143,335
02/15/2011,CRG,FL,ASO,ES,Federal Contract Tower,0,7,53,0,60,0,0,161,86,247,0,7,214,86,307,82,0,82,389
02/16/2011,CRG,FL,ASO,ES,Federal Contract Tower,0,15,72,0,87,0,0,100,74,174,0,15,172,74,261,200,0,200,461
02/17/2011,CRG,FL,ASO,ES,Federal Contract Tower,0,7,73,0,80,0,0,109,30,139,0,7,182,30,219,80,0,80,299
02/18/2011,CRG,FL,ASO,ES,Federal Contract Tower,0,10,48,0,58,0,0,178,14,192,0,10,226,14,250,165,0,165,415
02/19/2011,CRG,FL,ASO,ES,Federal Contract Tower,0,3,46,0,49,0,0,200,0,200,0,3,246,0,249,150,0,150,399
02/20/2011,CRG,FL,ASO,ES,Federal Contract Tower,0,1,34,0,35,0,0,130,0,130,0,1,164,0,165,62,0,62,227
02/21/2011,CRG,FL,ASO,ES,Federal Contract Tower,0,6,39,0,45,0,0,118,10,128,0,6,157,10,173,59,0,59,232
02/22/2011,CRG,FL,ASO,ES,Federal Contract Tower,0,12,71,0,83,0,0,78,32,110,0,12,149,32,193,59,0,59,252
02/23/2011,CRG,FL,ASO,ES,Federal Contract Tower,0,8,69,0,77,0,0,13,10,23,0,8,82,10,100,48,0,48,148
02/24/2011,CRG,FL,ASO,ES,Federal Contract Tower,0,7,75,0,82,0,0,158,64,222,0,7,233,64,304,191,0,191,495
02/25/2011,CRG,FL,ASO,ES,Federal Contract Tower,0,12,46,0,58,0,0,125,8,133,0,12,171,8,191,103,0,103,294
02/26/2011,CRG,FL,ASO,ES,Federal Contract Tower,0,0,49,0,49,0,0,151,2,153,0,0,200,2,202,178,0,178,380
02/27/2011,CRG,FL,ASO,ES,Federal Contract Tower,0,4,47,0,51,0,0,108,0,108,0,4,155,0,159,153,0,153,312
02/28/2011,CRG,FL,ASO,ES,Federal Contract Tower,0,8,44,0,52,0,0,112,4,116,0,8,156,4,168,85,0,85,253
03/01/2011,CRG,FL,ASO,ES,Federal Contract Tower,0,7,46,0,53,0,0,59,74,133,0,7,105,74,186,91,0,91,277
03/02/2011,CRG,FL,ASO,ES,Federal Contract Tower,0,11,74,0,85,0,0,138,62,200,0,11,212,62,285,117,6,123,408
03/03/2011,CRG,FL,ASO,ES,Federal Contract Tower,0,10,53,0,63,0,0,132,65,197,0,10,185,65,260,97,2,99,359
03/04/2011,CRG,FL,ASO,ES,Federal Contract Tower,0,9,69,0,78,0,0,144,16,160,0,9,213,16,238,110,0,110,348
03/05/2011,CRG,FL,ASO,ES,Federal Contract Tower,0,3,39,0,42,0,0,153,2,155,0,3,192,2,197,121,0,121,318
03/06/2011,CRG,FL,ASO,ES,Federal Contract Tower,0,0,33,0,33,0,0,45,2,47,0,0,78,2,80,34,0,34,114
03/07/2011,CRG,FL,ASO,ES,Federal Contract Tower,0,11,66,0,77,0,0,114,40,154,0,11,180,40,231,83,0,83,314
03/08/2011,CRG,FL,ASO,ES,Federal Contract Tower,0,8,64,0,72,0,0,118,60,178,0,8,182,60,250,210,2,212,462
03/09/2011,CRG,FL,ASO,ES,Federal Contract Tower,0,9,40,0,49,0,0,118,26,144,0,9,158,26,193,30,0,30,223
03/10/2011,CRG,FL,ASO,ES,Federal Contract Tower,0,8,83,0,91,0,0,111,36,147,0,8,194,36,238,56,2,58,296
03/11/2011,CRG,FL,ASO,ES,Federal Contract Tower,0,8,74,0,82,0,0,177,2,179,0,8,251,2,261,101,0,101,362
03/12/2011,CRG,FL,ASO,ES,Federal Contract Tower,0,1,49,0,50,0,0,242,0,242,0,1,291,0,292,272,0,272,564
03/13/2011,CRG,FL,ASO,ES,Federal Contract Tower,0,5,61,0,66,0,3,139,4,146,0,8,200,4,212,224,0,224,436
03/14/2011,CRG,FL,ASO,ES,Federal Contract Tower,0,10,52,0,62,0,1,113,26,140,0,11,165,26,202,199,0,199,401
03/15/2011,CRG,FL,ASO,ES,Federal Contract Tower,0,9,61,1,71,0,0,143,33,176,0,9,204,34,247,166,0,166,413
03/16/2011,CRG,FL,ASO,ES,Federal Contract Tower,0,7,53,1,61,0,0,130,27,157,0,7,183,28,218,139,0,139,357
03/17/2011,CRG,FL,ASO,ES,Federal Contract Tower,0,11,53,0,64,0,2,143,66,211,0,13,196,66,275,167,0,167,442
03/18/2011,CRG,FL,ASO,ES,Federal Contract Tower,0,13,70,0,83,0,1,159,22,182,0,14,229,22,265,183,0,183,448
03/19/2011,CRG,FL,ASO,ES,Federal Contract Tower,0,0,44,0,44,0,0,166,14,180,0,0,210,14,224,262,0,262,486
03/20/2011,CRG,FL,ASO,ES,Federal Contract Tower,0,4,44,0,48,0,0,78,6,84,0,4,122,6,132,87,0,87,219
03/21/2011,CRG,FL,ASO,ES,Federal Contract Tower,0,9,43,0,52,0,0,134,28,162,0,9,177,28,214,65,0,65,279
03/22/2011,CRG,FL,ASO,ES,Federal Contract Tower,0,7,53,0,60,0,0,164,30,194,0,7,217,30,254,215,2,217,471
03/23/2011,CRG,FL,ASO,ES,Federal Contract Tower,0,15,50,0,65,0,0,128,20,148,0,15,178,20,213,90,0,90,303
03/24/2011,CRG,FL,ASO,ES,Federal Contract Tower,0,8,61,0,69,0,0,128,97,225,0,8,189,97,294,26,0,26,320
03/25/2011,CRG,FL,ASO,ES,Federal Contract Tower,0,12,77,0,89,0,0,178,92,270,0,12,255,92,359,152,0,152,511
03/26/2011,CRG,FL,ASO,ES,Federal Contract Tower,0,4,43,0,47,0,0,136,48,184,0,4,179,48,231,139,0,139,370
03/27/2011,CRG,FL,ASO,ES,Federal Contract Tower,0,0,39,0,39,0,0,53,42,95,0,0,92,42,134,26,0,26,160
03/28/2011,CRG,FL,ASO,ES,Federal Contract Tower,0,9,29,0,38,0,0,22,38,60,0,9,51,38,98,57,0,57,155
03/29/2011,CRG,FL,ASO,ES,Federal Contract Tower,0,8,50,0,58,0,0,16,44,60,0,8,66,44,118,6,0,6,124
03/30/2011,CRG,FL,ASO,ES,Federal Contract Tower,0,8,30,0,38,0,0,18,4,22,0,8,48,4,60,19,0,19,79
03/31/2011,CRG,FL,ASO,ES,Federal Contract Tower,0,8,32,0,40,0,0,10,14,24,0,8,42,14,64,6,2,8,72
04/01/2011,CRG,FL,ASO,ES,Federal Contract Tower,0,6,77,0,83,0,0,171,8,179,0,6,248,8,262,125,0,125,387
04/02/2011,CRG,FL,ASO,ES,Federal Contract Tower,0,2,43,0,45,0,0,163,22,185,0,2,206,22,230,204,0,204,434
04/03/2011,CRG,FL,ASO,ES,Federal Contract Tower,0,2,35,0,37,0,0,138,54,192,0,2,173,54,229,171,0,171,400
04/04/2011,CRG,FL,ASO,ES,Federal Contract Tower,0,12,53,0,65,0,0,148,14,162,0,12,201,14,227,48,0,48,275
04/05/2011,CRG,FL,ASO,ES,Federal Contract Tower,0,9,57,0,66,0,0,84,30,114,0,9,141,30,180,6,0,6,186
04/06/2011,CRG,FL,ASO,ES,Federal Contract Tower,0,9,60,0,69,0,0,177,36,213,0,9,237,36,282,180,0,180,462
04/07/2011,CRG,FL,ASO,ES,Federal Contract Tower,0,11,76,0,87,0,0,220,40,260,0,11,296,40,347,219,0,219,566
04/08/2011,CRG,FL,ASO,ES,Federal Contract Tower,0,11,69,2,82,0,0,205,20,225,0,11,274,22,307,195,0,195,502
04/09/2011,CRG,FL,ASO,ES,Federal Contract Tower,0,1,36,0,37,0,0,157,6,163,0,1,193,6,200,140,0,140,340
04/10/2011,CRG,FL,ASO,ES,Federal Contract Tower,0,3,50,0,53,0,0,136,0,136,0,3,186,0,189,199,0,199,388
04/11/2011,CRG,FL,ASO,ES,Federal Contract Tower,0,6,46,1,53,0,0,130,31,161,0,6,176,32,214,111,0,111,325
04/12/2011,CRG,FL,ASO,ES,Federal Contract Tower,0,6,48,0,54,0,0,93,30,123,0,6,141,30,177,15,0,15,192
04/13/2011,CRG,FL,ASO,ES,Federal Contract Tower,0,6,58,0,64,0,0,186,70,256,0,6,244,70,320,219,2,221,541
04/14/2011,CRG,FL,ASO,ES,Federal Contract Tower,0,6,66,1,73,0,0,183,28,211,0,6,249,29,284,188,0,188,472
04/15/2011,CRG,FL,ASO,ES,Federal Contract Tower,0,9,44,0,53,0,0,115,8,123,0,9,159,8,176,160,2,162,338
04/16/2011,CRG,FL,ASO,ES,Federal Contract Tower,0,0,12,0,12,0,0,60,8,68,0,0,72,8,80,22,0,22,102
04/17/2011,CRG,FL,ASO,ES,Federal Contract Tower,0,0,52,0,52,0,0,149,4,153,0,0,201,4,205,178,0,178,383
04/18/2011,CRG,FL,ASO,ES,Federal Contract Tower,0,8,46,0,54,0,0,120,34,154,0,8,166,34,208,164,0,164,372
04/19/2011,CRG,FL,ASO,ES,Federal Contract Tower,0,8,66,0,74,0,0,136,36,172,0,8,202,36,246,139,0,139,385
04/20/2011,CRG,FL,ASO,ES,Federal Contract Tower,0,6,80,0,86,0,0,120,38,158,0,6,200,38,244,161,2,163,407
04/21/2011,CRG,FL,ASO,ES,Federal Contract Tower,0,7,69,0,76,0,0,110,28,138,0,7,179,28,214,209,0,209,423
04/22/2011,CRG,FL,ASO,ES,Federal Contract Tower,0,7,56,0,63,0,0,142,6,148,0,7,198,6,211,136,0,136,347
04/23/2011,CRG,FL,ASO,ES,Federal Contract Tower,0,0,53,2,55,0,0,119,4,123,0,0,172,6,178,74,0,74,252
04/24/2011,CRG,FL,ASO,ES,Federal Contract Tower,0,0,32,0,32,0,0,49,1,50,0,0,81,1,82,24,0,24,106
04/25/2011,CRG,FL,ASO,ES,Federal Contract Tower,0,11,53,0,64,0,0,113,20,133,0,11,166,20,197,123,0,123,320
04/26/2011,CRG,FL,ASO,ES,Federal Contract Tower,0,6,62,0,68,0,0,94,44,138,0,6,156,44,206,188,0,188,394
04/27/2011,CRG,FL,ASO,ES,Federal Contract Tower,0,10,61,0,71,0,0,97,30,127,0,10,158,30,198,64,0,64,262
04/28/2011,CRG,FL,ASO,ES,Federal Contract Tower,0,18,29,0,47,0,0,44,8,52,0,18,73,8,99,14,8,22,121
04/29/2011,CRG,FL,ASO,ES,Federal Contract Tower,0,9,76,0,85,0,0,139,36,175,0,9,215,36,260,101,0,101,361
04/30/2011,CRG,FL,ASO,ES,Federal Contract Tower,0,2,32,0,34,0,0,122,10,132,0,2,154,10,166,139,0,139,305
05/01/2011,CRG,FL,ASO,ES,Federal Contract Tower,0,0,39,0,39,0,0,99,6,105,0,0,138,6,144,65,0,65,209
05/02/2011,CRG,FL,ASO,ES,Federal Contract Tower,0,7,47,0,54,0,0,114,30,144,0,7,161,30,198,89,0,89,287
05/03/2011,CRG,FL,ASO,ES,Federal Contract Tower,0,7,33,0,40,0,0,132,30,162,0,7,165,30,202,165,0,165,367
05/04/2011,CRG,FL,ASO,ES,Federal Contract Tower,0,7,85,0,92,0,0,106,30,136,0,7,191,30,228,80,0,80,308
05/05/2011,CRG,FL,ASO,ES,Federal Contract Tower,0,13,65,0,78,0,0,127,62,189,0,13,192,62,267,72,0,72,339
05/06/2011,CRG,FL,ASO,ES,Federal Contract Tower,0,10,70,0,80,0,1,107,4,112,0,11,177,4,192,169,0,169,361
05/07/2011,CRG,FL,ASO,ES,Federal Contract Tower,0,3,34,0,37,0,0,122,8,130,0,3,156,8,167,147,0,147,314
05/08/2011,CRG,FL,ASO,ES,Federal Contract Tower,0,3,51,0,54,0,0,91,0,91,0,3,142,0,145,84,0,84,229
05/09/2011,CRG,FL,ASO,ES,Federal Contract Tower,0,10,39,0,49,0,0,116,24,140,0,10,155,24,189,185,0,185,374
05/10/2011,CRG,FL,ASO,ES,Federal Contract Tower,0,17,66,0,83,0,0,99,50,149,0,17,165,50,232,174,0,174,406
05/11/2011,CRG,FL,ASO,ES,Federal Contract Tower,0,12,52,0,64,0,0,71,80,151,0,12,123,80,215,137,0,137,352
05/12/2011,CRG,FL,ASO,ES,Federal Contract Tower,0,8,49,0,57,0,0,103,20,123,0,8,152,20,180,108,0,108,288
05/13/2011,CRG,FL,ASO,ES,Federal Contract Tower,0,10,72,0,82,0,0,107,4,111,0,10,179,4,193,72,0,72,265
05/14/2011,CRG,FL,ASO,ES,Federal Contract Tower,0,0,27,0,27,0,0,88,2,90,0,0,115,2,117,117,0,117,234
05/15/2011,CRG,FL,ASO,ES,Federal Contract Tower,0,12,59,0,71,0,2,135,2,139,0,14,194,2,210,127,0,127,337
05/16/2011,CRG,FL,ASO,ES,Federal Contract Tower,0,12,59,0,71,0,2,135,2,139,0,14,194,2,210,127,0,127,337
05/17/2011,CRG,FL,ASO,ES,Federal Contract Tower,0,11,58,0,69,0,0,111,24,135,0,11,169,24,204,75,12,87,291
05/18/2011,CRG,FL,ASO,ES,Federal Contract Tower,0,7,58,0,65,0,1,104,40,145,0,8,162,40,210,32,6,38,248
05/19/2011,CRG,FL,ASO,ES,Federal Contract Tower,0,12,51,3,66,0,0,131,77,208,0,12,182,80,274,132,4,136,410
05/20/2011,CRG,FL,ASO,ES,Federal Contract Tower,0,7,58,0,65,0,0,140,36,176,0,7,198,36,241,261,0,261,502
05/21/2011,CRG,FL,ASO,ES,Federal Contract Tower,0,0,34,1,35,0,0,249,4,253,0,0,283,5,288,130,4,134,422
05/22/2011,CRG,FL,ASO,ES,Federal Contract Tower,0,3,51,0,54,0,0,132,0,132,0,3,183,0,186,192,0,192,378
05/23/2011,CRG,FL,ASO,ES,Federal Contract Tower,0,12,51,0,63,0,1,125,14,140,0,13,176,14,203,90,0,90,293
05/24/2011,CRG,FL,ASO,ES,Federal Contract Tower,0,9,45,3,57,0,0,80,28,108,0,9,125,31,165,289,0,289,454
05/25/2011,CRG,FL,ASO,ES,Federal Contract Tower,0,8,66,2,76,0,0,127,44,171,0,8,193,46,247,58,2,60,307
05/26/2011,CRG,FL,ASO,ES,Federal Contract Tower,0,9,74,0,83,0,0,113,16,129,0,9,187,16,212,131,0,131,343
05/27/2011,CRG,FL,ASO,ES,Federal Contract Tower,0,13,66,0,79,0,1,101,0,102,0,14,167,0,181,46,0,46,227
05/28/2011,CRG,FL,ASO,ES,Federal Contract Tower,0,0,39,0,39,0,0,153,0,153,0,0,192,0,192,178,0,178,370
05/29/2011,CRG,FL,ASO,ES,Federal Contract Tower,0,2,23,0,25,0,0,111,0,111,0,2,134,0,136,93,0,93,229
05/30/2011,CRG,FL,ASO,ES,Federal Contract Tower,0,2,41,0,43,0,0,108,0,108,0,2,149,0,151,149,0,149,300
05/31/2011,CRG,FL,ASO,ES,Federal Contract Tower,0,8,33,0,41,0,0,99,62,161,0,8,132,62,202,201,4,205,407
06/01/2011,CRG,FL,ASO,ES,Federal Contract Tower,0,6,34,0,40,0,0,110,100,210,0,6,144,100,250,175,0,175,425
06/02/2011,CRG,FL,ASO,ES,Federal Contract Tower,0,6,51,0,57,0,0,131,68,199,0,6,182,68,256,68,0,68,324
06/03/2011,CRG,FL,ASO,ES,Federal Contract Tower,0,8,52,0,60,0,0,146,32,178,0,8,198,32,238,225,0,225,463
06/04/2011,CRG,FL,ASO,ES,Federal Contract Tower,0,0,33,0,33,0,0,114,10,124,0,0,147,10,157,122,0,122,279
06/05/2011,CRG,FL,ASO,ES,Federal Contract Tower,0,2,60,1,63,0,0,71,9,80,0,2,131,10,143,38,0,38,181
06/06/2011,CRG,FL,ASO,ES,Federal Contract Tower,0,5,31,0,36,0,0,71,32,103,0,5,102,32,139,136,0,136,275
06/07/2011,CRG,FL,ASO,ES,Federal Contract Tower,0,7,52,1,60,0,0,131,50,181,0,7,183,51,241,184,0,184,425
06/08/2011,CRG,FL,ASO,ES,Federal Contract Tower,0,6,46,0,52,0,0,99,34,133,0,6,145,34,185,176,2,178,363
06/09/2011,CRG,FL,ASO,ES,Federal Contract Tower,0,7,53,0,60,0,0,130,59,189,0,7,183,59,249,219,0,219,468
06/10/2011,CRG,FL,ASO,ES,Federal Contract Tower,0,12,59,0,71,0,1,95,8,104,0,13,154,8,175,116,0,116,291
06/11/2011,CRG,FL,ASO,ES,Federal Contract Tower,0,0,37,0,37,0,0,146,4,150,0,0,183,4,187,135,0,135,322
06/12/2011,CRG,FL,ASO,ES,Federal Contract Tower,0,3,44,0,47,0,0,98,2,100,0,3,142,2,147,88,0,88,235
06/13/2011,CRG,FL,ASO,ES,Federal Contract Tower,0,4,50,0,54,0,0,80,2,82,0,4,130,2,136,106,0,106,242
06/14/2011,CRG,FL,ASO,ES,Federal Contract Tower,0,10,65,0,75,0,0,90,16,106,0,10,155,16,181,85,0,85,266
06/15/2011,CRG,FL,ASO,ES,Federal Contract Tower,0,11,39,0,50,0,0,36,34,70,0,11,75,34,120,26,0,26,146
06/16/2011,CRG,FL,ASO,ES,Federal Contract Tower,0,10,59,0,69,0,0,114,42,156,0,10,173,42,225,175,0,175,400
06/17/2011,CRG,FL,ASO,ES,Federal Contract Tower,0,12,60,0,72,0,0,29,0,29,0,12,89,0,101,120,0,120,221
06/18/2011,CRG,FL,ASO,ES,Federal Contract Tower,0,2,37,0,39,0,0,113,0,113,0,2,150,0,152,185,0,185,337
06/19/2011,CRG,FL,ASO,ES,Federal Contract Tower,0,0,47,0,47,0,0,59,0,59,0,0,106,0,106,120,0,120,226
06/20/2011,CRG,FL,ASO,ES,Federal Contract Tower,0,6,52,0,58,0,0,155,20,175,0,6,207,20,233,248,0,248,481
06/21/2011,CRG,FL,ASO,ES,Federal Contract Tower,0,6,68,0,74,0,0,11,6,17,0,6,79,6,91,0,0,0,91
06/22/2011,CRG,FL,ASO,ES,Federal Contract Tower,0,7,74,0,81,0,0,53,28,81,0,7,127,28,162,50,0,50,212
06/23/2011,CRG,FL,ASO,ES,Federal Contract Tower,0,7,58,3,68,0,0,127,16,143,0,7,185,19,211,172,6,178,389
06/24/2011,CRG,FL,ASO,ES,Federal Contract Tower,0,8,54,0,62,0,0,101,10,111,0,8,155,10,173,75,0,75,248
06/25/2011,CRG,FL,ASO,ES,Federal Contract Tower,0,0,28,0,28,0,0,80,6,86,0,0,108,6,114,151,0,151,265
06/26/2011,CRG,FL,ASO,ES,Federal Contract Tower,0,2,48,0,50,0,0,88,4,92,0,2,136,4,142,83,0,83,225
06/27/2011,CRG,FL,ASO,ES,Federal Contract Tower,0,8,43,1,52,0,0,106,12,118,0,8,149,13,170,116,0,116,286
06/28/2011,CRG,FL,ASO,ES,Federal Contract Tower,0,8,50,0,58,0,0,86,12,98,0,8,136,12,156,121,0,121,277
06/29/2011,CRG,FL,ASO,ES,Federal Contract Tower,0,8,58,0,66,0,0,117,24,141,0,8,175,24,207,112,12,124,331
06/30/2011,CRG,FL,ASO,ES,Federal Contract Tower,0,10,57,0,67,0,0,67,12,79,0,10,124,12,146,108,0,108,254
07/01/2011,CRG,FL,ASO,ES,Federal Contract Tower,0,11,71,0,82,0,0,117,2,119,0,11,188,2,201,209,0,209,410
07/02/2011,CRG,FL,ASO,ES,Federal Contract Tower,0,1,41,0,42,0,0,93,0,93,0,1,134,0,135,203,0,203,338
07/03/2011,CRG,FL,ASO,ES,Federal Contract Tower,0,2,20,0,22,0,0,94,0,94,0,2,114,0,116,116,0,116,232
07/04/2011,CRG,FL,ASO,ES,Federal Contract Tower,0,2,22,0,24,0,0,79,0,79,0,2,101,0,103,93,0,93,196
07/05/2011,CRG,FL,ASO,ES,Federal Contract Tower,0,10,54,0,64,0,0,112,12,124,0,10,166,12,188,114,0,114,302
07/06/2011,CRG,FL,ASO,ES,Federal Contract Tower,0,7,60,0,67,0,0,161,36,197,0,7,221,36,264,207,2,209,473
07/07/2011,CRG,FL,ASO,ES,Federal Contract Tower,0,8,63,0,71,0,0,90,42,132,0,8,153,42,203,33,0,33,236
07/08/2011,CRG,FL,ASO,ES,Federal Contract Tower,0,9,70,0,79,0,0,23,8,31,0,9,93,8,110,4,0,4,114
07/09/2011,CRG,FL,ASO,ES,Federal Contract Tower,0,0,29,0,29,0,0,89,4,93,0,0,118,4,122,104,0,104,226
07/10/2011,CRG,FL,ASO,ES,Federal Contract Tower,0,6,39,0,45,0,0,86,4,90,0,6,125,4,135,126,0,126,261
07/11/2011,CRG,FL,ASO,ES,Federal Contract Tower,0,8,49,0,57,0,0,113,26,139,0,8,162,26,196,165,0,165,361
07/12/2011,CRG,FL,ASO,ES,Federal Contract Tower,0,6,40,0,46,0,0,151,24,175,0,6,191,24,221,178,0,178,399
07/13/2011,CRG,FL,ASO,ES,Federal Contract Tower,0,7,44,0,51,0,0,155,48,203,0,7,199,48,254,143,0,143,397
07/14/2011,CRG,FL,ASO,ES,Federal Contract Tower,0,9,56,0,65,0,0,81,24,105,0,9,137,24,170,121,0,121,291
07/15/2011,CRG,FL,ASO,ES,Federal Contract Tower,0,10,43,2,55,0,0,72,24,96,0,10,115,26,151,69,4,73,224
07/16/2011,CRG,FL,ASO,ES,Federal Contract Tower,0,2,36,0,38,0,0,63,0,63,0,2,99,0,101,44,0,44,145
07/17/2011,CRG,FL,ASO,ES,Federal Contract Tower,0,0,45,0,45,0,0,95,0,95,0,0,140,0,140,128,0,128,268
07/18/2011,CRG,FL,ASO,ES,Federal Contract Tower,0,12,41,0,53,0,0,106,62,168,0,12,147,62,221,132,0,132,353
07/19/2011,CRG,FL,ASO,ES,Federal Contract Tower,0,9,54,0,63,0,0,168,38,206,0,9,222,38,269,190,0,190,459
07/20/2011,CRG,FL,ASO,ES,Federal Contract Tower,0,9,39,0,48,0,0,128,24,152,0,9,167,24,200,111,0,111,311
07/21/2011,CRG,FL,ASO,ES,Federal Contract Tower,0,7,59,0,66,0,0,114,28,142,0,7,173,28,208,141,0,141,349
07/22/2011,CRG,FL,ASO,ES,Federal Contract Tower,0,9,41,0,50,0,0,193,8,201,0,9,234,8,251,163,0,163,414
07/23/2011,CRG,FL,ASO,ES,Federal Contract Tower,0,1,43,0,44,0,0,105,4,109,0,1,148,4,153,142,0,142,295
07/24/2011,CRG,FL,ASO,ES,Federal Contract Tower,0,2,40,0,42,0,0,87,8,95,0,2,127,8,137,74,0,74,211
07/25/2011,CRG,FL,ASO,ES,Federal Contract Tower,0,6,39,0,45,0,0,118,10,128,0,6,157,10,173,73,0,73,246
07/26/2011,CRG,FL,ASO,ES,Federal Contract Tower,0,8,49,2,59,0,0,115,36,151,0,8,164,38,210,179,0,179,389
07/27/2011,CRG,FL,ASO,ES,Federal Contract Tower,0,8,61,0,69,0,0,125,22,147,0,8,186,22,216,197,0,197,413
07/28/2011,CRG,FL,ASO,ES,Federal Contract Tower,0,6,67,0,73,0,0,105,22,127,0,6,172,22,200,89,0,89,289
07/29/2011,CRG,FL,ASO,ES,Federal Contract Tower,0,8,48,0,56,0,0,83,8,91,0,8,131,8,147,93,0,93,240
07/30/2011,CRG,FL,ASO,ES,Federal Contract Tower,0,0,31,0,31,0,0,102,0,102,0,0,133,0,133,84,0,84,217
07/31/2011,CRG,FL,ASO,ES,Federal Contract Tower,0,0,31,0,31,0,0,120,2,122,0,0,151,2,153,101,0,101,254
08/01/2011,CRG,FL,ASO,ES,Federal Contract Tower,0,6,29,0,35,0,0,86,26,112,0,6,115,26,147,133,0,133,280
08/02/2011,CRG,FL,ASO,ES,Federal Contract Tower,0,9,55,0,64,0,0,117,58,175,0,9,172,58,239,128,0,128,367
08/03/2011,CRG,FL,ASO,ES,Federal Contract Tower,0,12,52,0,64,0,0,90,40,130,0,12,142,40,194,128,2,130,324
08/04/2011,CRG,FL,ASO,ES,Federal Contract Tower,0,7,47,0,54,0,0,124,24,148,0,7,171,24,202,175,0,175,377
08/05/2011,CRG,FL,ASO,ES,Federal Contract Tower,0,8,47,0,55,0,0,97,18,115,0,8,144,18,170,133,0,133,303
08/06/2011,CRG,FL,ASO,ES,Federal Contract Tower,0,0,23,0,23,0,0,100,0,100,0,0,123,0,123,120,0,120,243
08/07/2011,CRG,FL,ASO,ES,Federal Contract Tower,0,2,25,0,27,0,0,79,0,79,0,2,104,0,106,84,0,84,190
08/08/2011,CRG,FL,ASO,ES,Federal Contract Tower,0,11,50,0,61,0,0,103,20,123,0,11,153,20,184,87,0,87,271
08/09/2011,CRG,FL,ASO,ES,Federal Contract Tower,0,8,28,4,40,0,0,95,26,121,0,8,123,30,161,96,0,96,257
08/10/2011,CRG,FL,ASO,ES,Federal Contract Tower,0,5,43,0,48,0,1,127,56,184,0,6,170,56,232,104,2,106,338
08/11/2011,CRG,FL,ASO,ES,Federal Contract Tower,0,10,42,0,52,0,0,137,44,181,0,10,179,44,233,179,2,181,414
08/12/2011,CRG,FL,ASO,ES,Federal Contract Tower,0,11,46,0,57,0,0,133,4,137,0,11,179,4,194,126,0,126,320
08/13/2011,CRG,FL,ASO,ES,Federal Contract Tower,0,0,28,0,28,0,0,101,0,101,0,0,129,0,129,92,0,92,221
08/14/2011,CRG,FL,ASO,ES,Federal Contract Tower,0,4,26,0,30,0,0,89,2,91,0,4,115,2,121,86,0,86,207
08/15/2011,CRG,FL,ASO,ES,Federal Contract Tower,0,8,25,0,33,0,0,78,30,108,0,8,103,30,141,171,0,171,312
08/16/2011,CRG,FL,ASO,ES,Federal Contract Tower,0,6,46,0,52,0,0,99,66,165,0,6,145,66,217,157,0,157,374
08/17/2011,CRG,FL,ASO,ES,Federal Contract Tower,0,6,50,0,56,0,0,119,80,199,0,6,169,80,255,77,0,77,332
08/18/2011,CRG,FL,ASO,ES,Federal Contract Tower,0,7,51,0,58,0,0,74,32,106,0,7,125,32,164,171,2,173,337
08/19/2011,CRG,FL,ASO,ES,Federal Contract Tower,0,10,54,0,64,0,0,177,6,183,0,10,231,6,247,120,0,120,367
08/20/2011,CRG,FL,ASO,ES,Federal Contract Tower,0,0,25,0,25,0,0,154,3,157,0,0,179,3,182,123,0,123,305
08/21/2011,CRG,FL,ASO,ES,Federal Contract Tower,0,1,25,0,26,0,0,113,2,115,0,1,138,2,141,150,0,150,291
08/22/2011,CRG,FL,ASO,ES,Federal Contract Tower,0,6,34,0,40,0,0,126,14,140,0,6,160,14,180,149,0,149,329
08/23/2011,CRG,FL,ASO,ES,Federal Contract Tower,0,5,38,0,43,0,0,119,18,137,0,5,157,18,180,124,0,124,304
08/24/2011,CRG,FL,ASO,ES,Federal Contract Tower,0,7,32,0,39,0,1,113,86,200,0,8,145,86,239,105,0,105,344
08/25/2011,CRG,FL,ASO,ES,Federal Contract Tower,0,5,32,0,37,0,1,98,54,153,0,6,130,54,190,128,0,128,318
08/26/2011,CRG,FL,ASO,ES,Federal Contract Tower,0,10,24,0,34,0,0,44,0,44,0,10,68,0,78,104,0,104,182
08/27/2011,CRG,FL,ASO,ES,Federal Contract Tower,0,0,22,0,22,0,0,108,0,108,0,0,130,0,130,71,0,71,201
08/28/2011,CRG,FL,ASO,ES,Federal Contract Tower,0,1,30,0,31,0,0,83,0,83,0,1,113,0,114,102,0,102,216
08/29/2011,CRG,FL,ASO,ES,Federal Contract Tower,0,5,52,0,57,0,1,108,18,127,0,6,160,18,184,107,0,107,291
08/30/2011,CRG,FL,ASO,ES,Federal Contract Tower,0,6,63,0,69,0,1,154,48,203,0,7,217,48,272,149,4,153,425
08/31/2011,CRG,FL,ASO,ES,Federal Contract Tower,0,11,49,2,62,0,1,134,24,159,0,12,183,26,221,250,0,250,471
09/01/2011,CRG,FL,ASO,ES,Federal Contract Tower,0,6,44,0,50,0,2,134,30,166,0,8,178,30,216,148,4,152,368
09/02/2011,CRG,FL,ASO,ES,Federal Contract Tower,0,12,57,0,69,0,0,160,2,162,0,12,217,2,231,239,0,239,470
09/03/2011,CRG,FL,ASO,ES,Federal Contract Tower,0,0,32,0,32,0,0,131,2,133,0,0,163,2,165,136,0,136,301
09/04/2011,CRG,FL,ASO,ES,Federal Contract Tower,0,0,31,0,31,0,0,64,0,64,0,0,95,0,95,98,0,98,193
09/05/2011,CRG,FL,ASO,ES,Federal Contract Tower,0,1,27,0,28,0,0,96,0,96,0,1,123,0,124,79,0,79,203
09/06/2011,CRG,FL,ASO,ES,Federal Contract Tower,0,6,28,2,36,0,1,72,26,99,0,7,100,28,135,95,0,95,230
09/07/2011,CRG,FL,ASO,ES,Federal Contract Tower,0,7,47,0,54,0,1,136,32,169,0,8,183,32,223,126,2,128,351
09/08/2011,CRG,FL,ASO,ES,Federal Contract Tower,0,5,46,0,51,0,0,144,24,168,0,5,190,24,219,193,2,195,414
09/09/2011,CRG,FL,ASO,ES,Federal Contract Tower,0,10,62,1,73,0,0,139,5,144,0,10,201,6,217,288,0,288,505
09/10/2011,CRG,FL,ASO,ES,Federal Contract Tower,0,1,30,0,31,0,0,148,2,150,0,1,178,2,181,114,0,114,295
09/11/2011,CRG,FL,ASO,ES,Federal Contract Tower,0,1,36,0,37,0,0,92,6,98,0,1,128,6,135,71,0,71,206
09/12/2011,CRG,FL,ASO,ES,Federal Contract Tower,0,6,53,0,59,0,2,136,42,180,0,8,189,42,239,85,0,85,324
09/13/2011,CRG,FL,ASO,ES,Federal Contract Tower,0,7,56,0,63,0,0,117,20,137,0,7,173,20,200,170,0,170,370
09/14/2011,CRG,FL,ASO,ES,Federal Contract Tower,0,9,45,0,54,0,0,140,46,186,0,9,185,46,240,401,0,401,641
09/15/2011,CRG,FL,ASO,ES,Federal Contract Tower,0,8,63,0,71,0,0,155,14,169,0,8,218,14,240,181,0,181,421
09/16/2011,CRG,FL,ASO,ES,Federal Contract Tower,0,8,54,0,62,0,0,102,2,104,0,8,156,2,166,115,0,115,281
09/17/2011,CRG,FL,ASO,ES,Federal Contract Tower,0,0,53,0,53,0,0,9,0,9,0,0,62,0,62,0,0,0,62
09/18/2011,CRG,FL,ASO,ES,Federal Contract Tower,0,2,34,0,36,0,0,13,10,23,0,2,47,10,59,95,0,95,154
09/19/2011,CRG,FL,ASO,ES,Federal Contract Tower,0,5,38,0,43,0,1,74,34,109,0,6,112,34,152,71,0,71,223
09/20/2011,CRG,FL,ASO,ES,Federal Contract Tower,0,7,33,2,42,0,1,67,84,152,0,8,100,86,194,112,0,112,306
09/21/2011,CRG,FL,ASO,ES,Federal Contract Tower,0,7,54,0,61,0,1,96,54,151,0,8,150,54,212,166,0,166,378
09/22/2011,CRG,FL,ASO,ES,Federal Contract Tower,0,5,40,5,50,0,1,106,32,139,0,6,146,37,189,201,0,201,390
09/23/2011,CRG,FL,ASO,ES,Federal Contract Tower,0,7,40,0,47,0,1,158,4,163,0,8,198,4,210,243,0,243,453
09/24/2011,CRG,FL,ASO,ES,Federal Contract Tower,0,0,42,0,42,0,0,95,0,95,0,0,137,0,137,160,0,160,297
09/25/2011,CRG,FL,ASO,ES,Federal Contract Tower,0,2,35,0,37,0,0,72,0,72,0,2,107,0,109,98,0,98,207
09/26/2011,CRG,FL,ASO,ES,Federal Contract Tower,0,5,37,0,42,0,1,62,6,69,0,6,99,6,111,28,0,28,139
09/27/2011,CRG,FL,ASO,ES,Federal Contract Tower,0,5,49,0,54,0,1,144,24,169,0,6,193,24,223,135,0,135,358
09/28/2011,CRG,FL,ASO,ES,Federal Contract Tower,0,6,52,0,58,0,0,145,52,197,0,6,197,52,255,243,0,243,498
09/29/2011,CRG,FL,ASO,ES,Federal Contract Tower,0,5,49,0,54,0,1,153,28,182,0,6,202,28,236,164,0,164,400
09/30/2011,CRG,FL,ASO,ES,Federal Contract Tower,0,7,64,0,71,0,1,115,6,122,0,8,179,6,193,120,0,120,313
10/01/2011,CRG,FL,ASO,ES,Federal Contract Tower,0,3,52,0,55,0,0,167,0,167,0,3,219,0,222,166,0,166,388
10/02/2011,CRG,FL,ASO,ES,Federal Contract Tower,0,0,29,0,29,0,0,127,0,127,0,0,156,0,156,114,0,114,270
10/03/2011,CRG,FL,ASO,ES,Federal Contract Tower,0,6,63,0,69,0,0,144,50,194,0,6,207,50,263,183,0,183,446
10/04/2011,CRG,FL,ASO,ES,Federal Contract Tower,0,6,47,0,53,0,0,145,60,205,0,6,192,60,258,123,0,123,381
10/05/2011,CRG,FL,ASO,ES,Federal Contract Tower,0,6,47,0,53,0,0,178,66,244,0,6,225,66,297,162,0,162,459
10/06/2011,CRG,FL,ASO,ES,Federal Contract Tower,0,5,46,0,51,0,1,75,56,132,0,6,121,56,183,52,0,52,235
10/07/2011,CRG,FL,ASO,ES,Federal Contract Tower,0,8,40,2,50,0,0,70,2,72,0,8,110,4,122,182,0,182,304
10/08/2011,CRG,FL,ASO,ES,Federal Contract Tower,0,0,31,0,31,0,0,21,4,25,0,0,52,4,56,4,0,4,60
10/09/2011,CRG,FL,ASO,ES,Federal Contract Tower,0,0,35,0,35,0,0,23,0,23,0,0,58,0,58,28,0,28,86
10/10/2011,CRG,FL,ASO,ES,Federal Contract Tower,0,4,49,0,53,0,0,76,0,76,0,4,125,0,129,131,0,131,260
10/11/2011,CRG,FL,ASO,ES,Federal Contract Tower,0,6,70,0,76,0,0,154,26,180,0,6,224,26,256,203,0,203,459
10/12/2011,CRG,FL,ASO,ES,Federal Contract Tower,0,10,61,0,71,0,1,136,38,175,0,11,197,38,246,172,0,172,418
10/13/2011,CRG,FL,ASO,ES,Federal Contract Tower,0,17,69,0,86,0,1,117,16,134,0,18,186,16,220,139,0,139,359
10/14/2011,CRG,FL,ASO,ES,Federal Contract Tower,0,5,70,0,75,0,2,204,6,212,0,7,274,6,287,188,0,188,475
10/15/2011,CRG,FL,ASO,ES,Federal Contract Tower,0,1,42,0,43,0,0,249,11,260,0,1,291,11,303,150,0,150,453
10/16/2011,CRG,FL,ASO,ES,Federal Contract Tower,0,5,42,0,47,0,0,110,2,112,0,5,152,2,159,111,0,111,270
10/17/2011,CRG,FL,ASO,ES,Federal Contract Tower,0,9,52,0,61,0,0,150,28,178,0,9,202,28,239,182,0,182,421
10/18/2011,CRG,FL,ASO,ES,Federal Contract Tower,0,6,59,0,65,0,0,67,26,93,0,6,126,26,158,42,0,42,200
10/19/2011,CRG,FL,ASO,ES,Federal Contract Tower,0,6,45,0,51,0,0,55,36,91,0,6,100,36,142,54,0,54,196
10/20/2011,CRG,FL,ASO,ES,Federal Contract Tower,0,5,64,0,69,0,1,165,22,188,0,6,229,22,257,235,0,235,492
10/21/2011,CRG,FL,ASO,ES,Federal Contract Tower,0,10,76,0,86,0,2,163,22,187,0,12,239,22,273,324,0,324,597
10/22/2011,CRG,FL,ASO,ES,Federal Contract Tower,0,0,36,0,36,0,0,154,6,160,0,0,190,6,196,195,0,195,391
10/23/2011,CRG,FL,ASO,ES,Federal Contract Tower,0,0,41,0,41,0,0,134,2,136,0,0,175,2,177,149,0,149,326
10/24/2011,CRG,FL,ASO,ES,Federal Contract Tower,0,13,42,0,55,0,2,169,32,203,0,15,211,32,258,181,0,181,439
10/25/2011,CRG,FL,ASO,ES,Federal Contract Tower,0,13,53,0,66,0,1,153,100,254,0,14,206,100,320,179,0,179,499
10/26/2011,CRG,FL,ASO,ES,Federal Contract Tower,0,9,78,0,87,0,1,138,66,205,0,10,216,66,292,229,0,229,521
10/27/2011,CRG,FL,ASO,ES,Federal Contract Tower,0,12,73,0,85,0,0,141,36,177,0,12,214,36,262,110,0,110,372
10/28/2011,CRG,FL,ASO,ES,Federal Contract Tower,0,12,53,2,67,0,0,156,14,170,0,12,209,16,237,307,4,311,548
10/29/2011,CRG,FL,ASO,ES,Federal Contract Tower,0,8,70,0,78,0,0,45,0,45,0,8,115,0,123,73,0,73,196
10/30/2011,CRG,FL,ASO,ES,Federal Contract Tower,0,0,47,0,47,0,0,76,6,82,0,0,123,6,129,65,0,65,194
10/31/2011,CRG,FL,ASO,ES,Federal Contract Tower,0,6,62,0,68,0,0,89,18,107,0,6,151,18,175,197,0,197,372
11/01/2011,CRG,FL,ASO,ES,Federal Contract Tower,0,6,35,0,41,0,0,68,52,120,0,6,103,52,161,166,0,166,327
11/02/2011,CRG,FL,ASO,ES,Federal Contract Tower,0,11,45,0,56,0,0,107,52,159,0,11,152,52,215,227,0,227,442
11/03/2011,CRG,FL,ASO,ES,Federal Contract Tower,0,11,59,1,71,0,0,170,84,254,0,11,229,85,325,254,0,254,579
11/04/2011,CRG,FL,ASO,ES,Federal Contract Tower,0,10,52,0,62,0,0,122,4,126,0,10,174,4,188,129,0,129,317
11/05/2011,CRG,FL,ASO,ES,Federal Contract Tower,0,0,47,0,47,0,0,59,20,79,0,0,106,20,126,47,0,47,173
11/06/2011,CRG,FL,ASO,ES,Federal Contract Tower,0,1,35,0,36,0,0,9,4,13,0,1,44,4,49,6,0,6,55
11/07/2011,CRG,FL,ASO,ES,Federal Contract Tower,0,10,48,0,58,0,0,20,58,78,0,10,68,58,136,85,0,85,221
11/08/2011,CRG,FL,ASO,ES,Federal Contract Tower,0,7,43,0,50,0,0,70,126,196,0,7,113,126,246,110,0,110,356
11/09/2011,CRG,FL,ASO,ES,Federal Contract Tower,0,8,44,0,52,0,0,151,106,257,0,8,195,106,309,330,0,330,639
11/10/2011,CRG,FL,ASO,ES,Federal Contract Tower,0,10,72,0,82,0,0,129,20,149,0,10,201,20,231,250,0,250,481
11/11/2011,CRG,FL,ASO,ES,Federal Contract Tower,0,3,61,0,64,0,0,168,0,168,0,3,229,0,232,216,0,216,448
11/12/2011,CRG,FL,ASO,ES,Federal Contract Tower,0,6,41,0,47,0,0,125,2,127,0,6,166,2,174,141,0,141,315
11/13/2011,CRG,FL,ASO,ES,Federal Contract Tower,0,6,60,0,66,0,0,114,0,114,0,6,174,0,180,72,0,72,252
11/14/2011,CRG,FL,ASO,ES,Federal Contract Tower,0,8,43,0,51,0,0,116,16,132,0,8,159,16,183,212,0,212,395
11/15/2011,CRG,FL,ASO,ES,Federal Contract Tower,0,6,75,0,81,0,0,87,12,99,0,6,162,12,180,135,0,135,315
11/16/2011,CRG,FL,ASO,ES,Federal Contract Tower,0,8,61,0,69,0,0,113,10,123,0,8,174,10,192,198,0,198,390
11/17/2011,CRG,FL,ASO,ES,Federal Contract Tower,0,9,61,2,72,0,1,153,47,201,0,10,214,49,273,124,0,124,397
11/18/2011,CRG,FL,ASO,ES,Federal Contract Tower,0,11,79,0,90,0,1,111,20,132,0,12,190,20,222,113,0,113,335
11/19/2011,CRG,FL,ASO,ES,Federal Contract Tower,0,0,47,0,47,0,0,156,0,156,0,0,203,0,203,235,0,235,438
11/20/2011,CRG,FL,ASO,ES,Federal Contract Tower,0,0,0,34,34,0,0,123,0,123,0,0,123,34,157,173,0,173,330
11/21/2011,CRG,FL,ASO,ES,Federal Contract Tower,0,8,39,2,49,0,0,126,57,183,0,8,165,59,232,184,4,188,420
11/22/2011,CRG,FL,ASO,ES,Federal Contract Tower,0,8,54,0,62,0,0,105,10,115,0,8,159,10,177,112,0,112,289
11/23/2011,CRG,FL,ASO,ES,Federal Contract Tower,0,10,64,0,74,0,0,43,4,47,0,10,107,4,121,17,0,17,138
11/24/2011,CRG,FL,ASO,ES,Federal Contract Tower,0,0,14,0,14,0,0,19,0,19,0,0,33,0,33,2,0,2,35
11/25/2011,CRG,FL,ASO,ES,Federal Contract Tower,0,5,43,0,48,0,3,87,0,90,0,8,130,0,138,59,0,59,197
11/26/2011,CRG,FL,ASO,ES,Federal Contract Tower,0,1,37,0,38,0,0,85,2,87,0,1,122,2,125,46,0,46,171
11/27/2011,CRG,FL,ASO,ES,Federal Contract Tower,0,4,32,0,36,0,0,85,0,85,0,4,117,0,121,84,0,84,205
11/28/2011,CRG,FL,ASO,ES,Federal Contract Tower,0,7,36,0,43,0,1,51,18,70,0,8,87,18,113,49,0,49,162
11/29/2011,CRG,FL,ASO,ES,Federal Contract Tower,0,8,57,0,65,0,0,119,40,159,0,8,176,40,224,162,0,162,386
11/30/2011,CRG,FL,ASO,ES,Federal Contract Tower,0,11,67,0,78,0,0,137,36,173,0,11,204,36,251,207,0,207,458
12/01/2011,CRG,FL,ASO,ES,Federal Contract Tower,0,9,62,0,71,0,0,144,48,192,0,9,206,48,263,143,0,143,406
12/02/2011,CRG,FL,ASO,ES,Federal Contract Tower,0,9,66,0,75,0,1,113,26,140,0,10,179,26,215,224,0,224,439
12/03/2011,CRG,FL,ASO,ES,Federal Contract Tower,0,0,35,0,35,0,0,106,0,106,0,0,141,0,141,112,0,112,253
12/04/2011,CRG,FL,ASO,ES,Federal Contract Tower,0,0,31,0,31,0,0,77,2,79,0,0,108,2,110,44,0,44,154
12/05/2011,CRG,FL,ASO,ES,Federal Contract Tower,0,6,44,0,50,0,0,92,16,108,0,6,136,16,158,129,0,129,287
12/06/2011,CRG,FL,ASO,ES,Federal Contract Tower,0,6,52,0,58,0,0,149,14,163,0,6,201,14,221,128,0,128,349
12/07/2011,CRG,FL,ASO,ES,Federal Contract Tower,0,6,45,0,51,0,0,79,26,105,0,6,124,26,156,66,0,66,222
12/08/2011,CRG,FL,ASO,ES,Federal Contract Tower,0,7,51,2,60,0,0,108,14,122,0,7,159,16,182,87,0,87,269
12/09/2011,CRG,FL,ASO,ES,Federal Contract Tower,0,10,58,2,70,0,0,74,16,90,0,10,132,18,160,90,0,90,250
12/10/2011,CRG,FL,ASO,ES,Federal Contract Tower,0,2,34,2,38,0,0,44,12,56,0,2,78,14,94,151,0,151,245
12/11/2011,CRG,FL,ASO,ES,Federal Contract Tower,0,2,28,1,31,0,0,7,0,7,0,2,35,1,38,0,0,0,38
12/12/2011,CRG,FL,ASO,ES,Federal Contract Tower,0,7,34,0,41,0,0,7,0,7,0,7,41,0,48,0,0,0,48
12/13/2011,CRG,FL,ASO,ES,Federal Contract Tower,0,10,84,0,94,0,0,75,38,113,0,10,159,38,207,76,0,76,283
12/14/2011,CRG,FL,ASO,ES,Federal Contract Tower,0,8,54,0,62,0,0,194,66,260,0,8,248,66,322,247,0,247,569
12/15/2011,CRG,FL,ASO,ES,Federal Contract Tower,0,9,58,0,67,0,0,157,38,195,0,9,215,38,262,182,0,182,444
12/16/2011,CRG,FL,ASO,ES,Federal Contract Tower,0,10,61,0,71,0,1,131,8,140,0,11,192,8,211,197,0,197,408
12/17/2011,CRG,FL,ASO,ES,Federal Contract Tower,0,0,38,0,38,0,0,103,2,105,0,0,141,2,143,108,0,108,251
12/18/2011,CRG,FL,ASO,ES,Federal Contract Tower,0,0,27,0,27,0,0,121,2,123,0,0,148,2,150,130,0,130,280
12/19/2011,CRG,FL,ASO,ES,Federal Contract Tower,0,7,49,0,56,0,0,159,10,169,0,7,208,10,225,158,0,158,383
12/20/2011,CRG,FL,ASO,ES,Federal Contract Tower,0,8,63,0,71,0,0,132,31,163,0,8,195,31,234,169,0,169,403
12/21/2011,CRG,FL,ASO,ES,Federal Contract Tower,0,6,40,0,46,0,2,140,40,182,0,8,180,40,228,141,0,141,369
12/22/2011,CRG,FL,ASO,ES,Federal Contract Tower,0,4,39,0,43,0,2,111,20,133,0,6,150,20,176,73,0,73,249
12/23/2011,CRG,FL,ASO,ES,Federal Contract Tower,0,8,28,0,36,0,3,68,0,71,0,11,96,0,107,51,0,51,158
12/24/2011,CRG,FL,ASO,ES,Federal Contract Tower,0,0,17,0,17,0,0,38,0,38,0,0,55,0,55,20,0,20,75
12/25/2011,CRG,FL,ASO,ES,Federal Contract Tower,0,2,13,0,15,0,0,9,0,9,0,2,22,0,24,0,0,0,24
12/26/2011,CRG,FL,ASO,ES,Federal Contract Tower,0,2,40,0,42,0,0,66,0,66,0,2,106,0,108,9,0,9,117
12/27/2011,CRG,FL,ASO,ES,Federal Contract Tower,0,5,31,0,36,0,1,22,12,35,0,6,53,12,71,14,0,14,85
12/28/2011,CRG,FL,ASO,ES,Federal Contract Tower,0,7,66,0,73,0,0,121,12,133,0,7,187,12,206,72,0,72,278
12/29/2011,CRG,FL,ASO,ES,Federal Contract Tower,0,8,44,1,53,0,1,76,20,97,0,9,120,21,150,66,0,66,216
12/30/2011,CRG,FL,ASO,ES,Federal Contract Tower,0,9,49,0,58,0,1,121,0,122,0,10,170,0,180,93,0,93,273
12/31/2011,CRG,FL,ASO,ES,Federal Contract Tower,0,2,28,0,30,0,0,88,0,88,0,2,116,0,118,26,0,26,144
01/01/2012,CRG,FL,ASO,ES,Federal Contract Tower,0,2,19,0,21,0,0,38,0,38,0,2,57,0,59,8,0,8,67
01/02/2012,CRG,FL,ASO,ES,Federal Contract Tower,0,3,46,0,49,0,0,79,0,79,0,3,125,0,128,9,0,9,137
01/03/2012,CRG,FL,ASO,ES,Federal Contract Tower,0,9,41,0,50,0,0,60,24,84,0,9,101,24,134,37,0,37,171
01/04/2012,CRG,FL,ASO,ES,Federal Contract Tower,0,11,45,0,56,0,0,108,26,134,0,11,153,26,190,99,0,99,289
01/05/2012,CRG,FL,ASO,ES,Federal Contract Tower,0,11,45,0,56,0,0,80,44,124,0,11,125,44,180,49,2,51,231
01/06/2012,CRG,FL,ASO,ES,Federal Contract Tower,0,12,49,0,61,0,2,121,14,137,0,14,170,14,198,104,2,106,304
01/07/2012,CRG,FL,ASO,ES,Federal Contract Tower,0,1,35,0,36,0,0,79,13,92,0,1,114,13,128,48,7,55,183
01/08/2012,CRG,FL,ASO,ES,Federal Contract Tower,0,0,44,0,44,0,0,79,11,90,0,0,123,11,134,50,0,50,184
01/09/2012,CRG,FL,ASO,ES,Federal Contract Tower,0,6,45,0,51,0,0,92,28,120,0,6,137,28,171,71,0,71,242
01/10/2012,CRG,FL,ASO,ES,Federal Contract Tower,0,11,51,0,62,0,0,102,42,144,0,11,153,42,206,110,0,110,316
01/11/2012,CRG,FL,ASO,ES,Federal Contract Tower,0,6,24,0,30,0,0,31,46,77,0,6,55,46,107,42,0,42,149
01/12/2012,CRG,FL,ASO,ES,Federal Contract Tower,0,12,41,0,53,0,1,108,36,145,0,13,149,36,198,99,8,107,305
01/13/2012,CRG,FL,ASO,ES,Federal Contract Tower,0,14,60,0,74,0,0,122,7,129,0,14,182,7,203,120,0,120,323
01/14/2012,CRG,FL,ASO,ES,Federal Contract Tower,0,3,36,0,39,0,0,119,0,119,0,3,155,0,158,98,0,98,256
01/15/2012,CRG,FL,ASO,ES,Federal Contract Tower,0,2,45,0,47,0,0,71,4,75,0,2,116,4,122,44,0,44,166
01/16/2012,CRG,FL,ASO,ES,Federal Contract Tower,0,6,76,0,82,0,0,106,10,116,0,6,182,10,198,155,0,155,353
01/17/2012,CRG,FL,ASO,ES,Federal Contract Tower,0,8,55,0,63,0,0,111,57,168,0,8,166,57,231,94,0,94,325
01/18/2012,CRG,FL,ASO,ES,Federal Contract Tower,0,6,63,0,69,0,0,50,22,72,0,6,113,22,141,75,6,81,222
01/19/2012,CRG,FL,ASO,ES,Federal Contract Tower,0,8,65,0,73,0,0,142,111,253,0,8,207,111,326,171,0,171,497
01/20/2012,CRG,FL,ASO,ES,Federal Contract Tower,0,5,47,0,52,0,4,139,14,157,0,9,186,14,209,134,0,134,343
01/21/2012,CRG,FL,ASO,ES,Federal Contract Tower,0,0,52,0,52,0,0,165,6,171,0,0,217,6,223,224,0,224,447
01/22/2012,CRG,FL,ASO,ES,Federal Contract Tower,0,1,25,0,26,0,0,46,8,54,0,1,71,8,80,50,0,50,130
01/23/2012,CRG,FL,ASO,ES,Federal Contract Tower,0,7,48,1,56,0,0,67,17,84,0,7,115,18,140,101,0,101,241
01/24/2012,CRG,FL,ASO,ES,Federal Contract Tower,0,5,53,0,58,0,2,101,106,209,0,7,154,106,267,157,8,165,432
01/25/2012,CRG,FL,ASO,ES,Federal Contract Tower,0,8,64,0,72,0,1,59,70,130,0,9,123,70,202,85,6,91,293
01/26/2012,CRG,FL,ASO,ES,Federal Contract Tower,0,5,82,2,89,0,1,111,60,172,0,6,193,62,261,162,0,162,423
01/27/2012,CRG,FL,ASO,ES,Federal Contract Tower,0,8,40,0,48,0,1,78,8,87,0,9,118,8,135,152,0,152,287
01/28/2012,CRG,FL,ASO,ES,Federal Contract Tower,0,2,43,0,45,0,0,120,14,134,0,2,163,14,179,178,0,178,357
01/29/2012,CRG,FL,ASO,ES,Federal Contract Tower,0,3,33,0,36,0,0,87,4,91,0,3,120,4,127,24,0,24,151
01/30/2012,CRG,FL,ASO,ES,Federal Contract Tower,0,9,59,1,69,0,0,96,73,169,0,9,155,74,238,105,0,105,343
01/31/2012,CRG,FL,ASO,ES,Federal Contract Tower,0,10,76,0,86,0,0,107,62,169,0,10,183,62,255,142,14,156,411
02/01/2012,CRG,FL,ASO,ES,Federal Contract Tower,0,11,58,0,69,0,0,119,58,177,0,11,177,58,246,201,0,201,447
02/02/2012,CRG,FL,ASO,ES,Federal Contract Tower,0,10,47,0,57,0,0,128,76,204,0,10,175,76,261,187,0,187,448
02/03/2012,CRG,FL,ASO,ES,Federal Contract Tower,0,11,65,0,76,0,0,107,24,131,0,11,172,24,207,109,0,109,316
02/04/2012,CRG,FL,ASO,ES,Federal Contract Tower,0,0,20,0,20,0,0,103,2,105,0,0,123,2,125,129,0,129,254
02/05/2012,CRG,FL,ASO,ES,Federal Contract Tower,0,2,30,0,32,0,0,75,0,75,0,2,105,0,107,132,0,132,239
02/06/2012,CRG,FL,ASO,ES,Federal Contract Tower,0,6,70,0,76,0,0,4,2,6,0,6,74,2,82,17,0,17,99
02/07/2012,CRG,FL,ASO,ES,Federal Contract Tower,0,6,57,0,63,0,0,74,44,118,0,6,131,44,181,193,0,193,374
02/08/2012,CRG,FL,ASO,ES,Federal Contract Tower,0,5,73,0,78,0,1,141,38,180,0,6,214,38,258,205,2,207,465
02/09/2012,CRG,FL,ASO,ES,Federal Contract Tower,0,7,58,0,65,0,2,126,40,168,0,9,184,40,233,183,0,183,416
02/10/2012,CRG,FL,ASO,ES,Federal Contract Tower,0,10,53,0,63,0,1,110,42,153,0,11,163,42,216,127,6,133,349
02/11/2012,CRG,FL,ASO,ES,Federal Contract Tower,0,2,31,0,33,0,0,110,7,117,0,2,141,7,150,56,0,56,206
02/12/2012,CRG,FL,ASO,ES,Federal Contract Tower,0,2,33,0,35,0,0,96,6,102,0,2,129,6,137,61,0,61,198
02/13/2012,CRG,FL,ASO,ES,Federal Contract Tower,0,7,57,0,64,0,1,150,48,199,0,8,207,48,263,164,0,164,427
02/14/2012,CRG,FL,ASO,ES,Federal Contract Tower,0,13,45,0,58,0,0,128,80,208,0,13,173,80,266,90,6,96,362
02/15/2012,CRG,FL,ASO,ES,Federal Contract Tower,0,6,64,0,70,0,1,40,10,51,0,7,104,10,121,44,0,44,165
02/16/2012,CRG,FL,ASO,ES,Federal Contract Tower,0,6,57,0,63,0,0,137,33,170,0,6,194,33,233,159,0,159,392
02/17/2012,CRG,FL,ASO,ES,Federal Contract Tower,0,13,63,0,76,0,0,1,0,1,0,13,64,0,77,0,0,0,77
02/18/2012,CRG,FL,ASO,ES,Federal Contract Tower,0,4,46,0,50,0,0,63,0,63,0,4,109,0,113,196,0,196,309
02/19/2012,CRG,FL,ASO,ES,Federal Contract Tower,0,8,33,0,41,0,0,16,0,16,0,8,49,0,57,33,0,33,90
02/20/2012,CRG,FL,ASO,ES,Federal Contract Tower,0,8,77,0,85,0,0,113,0,113,0,8,190,0,198,206,0,206,404
02/21/2012,CRG,FL,ASO,ES,Federal Contract Tower,0,16,65,0,81,0,0,154,38,192,0,16,219,38,273,248,0,248,521
02/22/2012,CRG,FL,ASO,ES,Federal Contract Tower,0,9,47,0,56,0,0,128,36,164,0,9,175,36,220,212,2,214,434
02/23/2012,CRG,FL,ASO,ES,Federal Contract Tower,0,6,57,0,63,0,1,92,28,121,0,7,149,28,184,138,22,160,344
02/24/2012,CRG,FL,ASO,ES,Federal Contract Tower,0,10,36,0,46,0,2,52,2,56,0,12,88,2,102,33,0,33,135
02/25/2012,CRG,FL,ASO,ES,Federal Contract Tower,0,0,57,0,57,0,0,108,4,112,0,0,165,4,169,182,0,182,351
02/26/2012,CRG,FL,ASO,ES,Federal Contract Tower,0,2,28,0,30,0,0,18,8,26,0,2,46,8,56,111,0,111,167
02/27/2012,CRG,FL,ASO,ES,Federal Contract Tower,0,6,37,0,43,0,0,10,16,26,0,6,47,16,69,70,0,70,139
02/28/2012,CRG,FL,ASO,ES,Federal Contract Tower,0,15,55,0,70,0,0,45,22,67,0,15,100,22,137,28,0,28,165
02/29/2012,CRG,FL,ASO,ES,Federal Contract Tower,0,6,68,0,74,0,1,144,26,171,0,7,212,26,245,213,0,213,458
03/01/2012,CRG,FL,ASO,ES,Federal Contract Tower,0,11,72,0,83,0,0,134,30,164,0,11,206,30,247,121,12,133,380
03/02/2012,CRG,FL,ASO,ES,Federal Contract Tower,0,13,67,0,80,0,1,133,0,134,0,14,200,0,214,172,0,172,386
03/03/2012,CRG,FL,ASO,ES,Federal Contract Tower,0,8,33,0,41,0,0,22,0,22,0,8,55,0,63,57,0,57,120
03/04/2012,CRG,FL,ASO,ES,Federal Contract Tower,0,3,44,0,47,0,0,48,0,48,0,3,92,0,95,56,0,56,151
03/05/2012,CRG,FL,ASO,ES,Federal Contract Tower,0,10,50,0,60,0,0,130,8,138,0,10,180,8,198,73,8,81,279
03/06/2012,CRG,FL,ASO,ES,Federal Contract Tower,0,14,52,2,68,0,1,112,72,185,0,15,164,74,253,125,0,125,378
03/07/2012,CRG,FL,ASO,ES,Federal Contract Tower,0,9,63,0,72,0,0,131,120,251,0,9,194,120,323,162,0,162,485
03/08/2012,CRG,FL,ASO,ES,Federal Contract Tower,0,15,63,0,78,0,0,198,108,306,0,15,261,108,384,194,6,200,584
03/09/2012,CRG,FL,ASO,ES,Federal Contract Tower,0,10,52,0,62,0,0,117,6,123,0,10,169,6,185,194,0,194,379
03/10/2012,CRG,FL,ASO,ES,Federal Contract Tower,0,0,30,0,30,0,0,67,12,79,0,0,97,12,109,88,0,88,197
03/11/2012,CRG,FL,ASO,ES,Federal Contract Tower,0,3,34,0,37,0,0,82,6,88,0,3,116,6,125,47,0,47,172
03/12/2012,CRG,FL,ASO,ES,Federal Contract Tower,0,6,61,0,67,0,0,144,30,174,0,6,205,30,241,231,0,231,472
03/13/2012,CRG,FL,ASO,ES,Federal Contract Tower,0,7,50,0,57,0,2,158,50,210,0,9,208,50,267,221,0,221,488
03/14/2012,CRG,FL,ASO,ES,Federal Contract Tower,0,16,53,0,69,0,0,148,32,180,0,16,201,32,249,228,0,228,477
03/15/2012,CRG,FL,ASO,ES,Federal Contract Tower,0,16,60,0,76,0,0,146,62,208,0,16,206,62,284,248,0,248,532
03/16/2012,CRG,FL,ASO,ES,Federal Contract Tower,0,7,71,0,78,0,1,92,76,169,0,8,163,76,247,135,0,135,382
03/17/2012,CRG,FL,ASO,ES,Federal Contract Tower,0,3,56,0,59,0,1,109,32,142,0,4,165,32,201,75,0,75,276
03/18/2012,CRG,FL,ASO,ES,Federal Contract Tower,0,7,42,0,49,0,0,132,18,150,0,7,174,18,199,134,0,134,333
03/19/2012,CRG,FL,ASO,ES,Federal Contract Tower,0,9,50,0,59,0,0,141,38,179,0,9,191,38,238,143,0,143,381
03/20/2012,CRG,FL,ASO,ES,Federal Contract Tower,0,16,45,1,62,0,0,145,61,206,0,16,190,62,268,116,0,116,384
03/21/2012,CRG,FL,ASO,ES,Federal Contract Tower,0,10,62,0,72,0,0,102,22,124,0,10,164,22,196,120,0,120,316
03/22/2012,CRG,FL,ASO,ES,Federal Contract Tower,0,6,52,1,59,0,0,102,13,115,0,6,154,14,174,140,0,140,314
03/23/2012,CRG,FL,ASO,ES,Federal Contract Tower,0,17,38,1,56,0,0,117,11,128,0,17,155,12,184,172,0,172,356
03/24/2012,CRG,FL,ASO,ES,Federal Contract Tower,0,6,29,0,35,0,0,58,6,64,0,6,87,6,99,38,0,38,137
03/25/2012,CRG,FL,ASO,ES,Federal Contract Tower,0,10,47,0,57,0,0,101,10,111,0,10,148,10,168,16,0,16,184
03/26/2012,CRG,FL,ASO,ES,Federal Contract Tower,0,11,46,2,59,0,0,124,48,172,0,11,170,50,231,161,0,161,392
03/27/2012,CRG,FL,ASO,ES,Federal Contract Tower,0,8,68,0,76,0,0,158,27,185,0,8,226,27,261,213,0,213,474
03/28/2012,CRG,FL,ASO,ES,Federal Contract Tower,0,9,56,0,65,0,0,127,37,164,0,9,183,37,229,225,0,225,454
03/29/2012,CRG,FL,ASO,ES,Federal Contract Tower,0,10,65,1,76,0,0,126,15,141,0,10,191,16,217,215,0,215,432
03/30/2012,CRG,FL,ASO,ES,Federal Contract Tower,0,10,57,0,67,0,0,150,11,161,0,10,207,11,228,158,0,158,386
03/31/2012,CRG,FL,ASO,ES,Federal Contract Tower,0,0,21,0,21,0,0,41,0,41,0,0,62,0,62,60,0,60,122
04/01/2012,CRG,FL,ASO,ES,Federal Contract Tower,0,2,35,0,37,0,0,116,0,116,0,2,151,0,153,95,0,95,248
04/02/2012,CRG,FL,ASO,ES,Federal Contract Tower,0,12,33,0,45,0,0,120,12,132,0,12,153,12,177,195,0,195,372
04/03/2012,CRG,FL,ASO,ES,Federal Contract Tower,0,18,45,0,63,0,0,140,70,210,0,18,185,70,273,104,0,104,377
04/04/2012,CRG,FL,ASO,ES,Federal Contract Tower,0,8,59,0,67,0,0,119,30,149,0,8,178,30,216,51,0,51,267
04/05/2012,CRG,FL,ASO,ES,Federal Contract Tower,0,10,52,0,62,0,0,105,24,129,0,10,157,24,191,140,0,140,331
04/06/2012,CRG,FL,ASO,ES,Federal Contract Tower,0,14,47,0,61,0,0,76,14,90,0,14,123,14,151,37,0,37,188
04/07/2012,CRG,FL,ASO,ES,Federal Contract Tower,0,2,50,0,52,0,0,133,0,133,0,2,183,0,185,79,0,79,264
04/08/2012,CRG,FL,ASO,ES,Federal Contract Tower,0,5,40,0,45,0,2,106,0,108,0,7,146,0,153,90,0,90,243
04/09/2012,CRG,FL,ASO,ES,Federal Contract Tower,0,9,60,0,69,0,0,72,40,112,0,9,132,40,181,51,0,51,232
04/10/2012,CRG,FL,ASO,ES,Federal Contract Tower,0,10,76,0,86,0,0,181,74,255,0,10,257,74,341,257,0,257,598
04/11/2012,CRG,FL,ASO,ES,Federal Contract Tower,0,8,55,0,63,0,0,115,50,165,0,8,170,50,228,277,0,277,505
04/12/2012,CRG,FL,ASO,ES,Federal Contract Tower,0,8,63,2,73,0,0,103,85,188,0,8,166,87,261,97,6,103,364
04/13/2012,CRG,FL,ASO,ES,Federal Contract Tower,0,11,64,0,75,0,0,140,24,164,0,11,204,24,239,147,0,147,386
04/14/2012,CRG,FL,ASO,ES,Federal Contract Tower,0,4,35,0,39,0,0,94,6,100,0,4,129,6,139,123,0,123,262
04/15/2012,CRG,FL,ASO,ES,Federal Contract Tower,0,0,38,0,38,0,0,120,10,130,0,0,158,10,168,150,0,150,318
04/16/2012,CRG,FL,ASO,ES,Federal Contract Tower,0,12,46,6,64,0,0,140,36,176,0,12,186,42,240,209,0,209,449
04/17/2012,CRG,FL,ASO,ES,Federal Contract Tower,0,10,72,1,83,0,0,134,38,172,0,10,206,39,255,102,0,102,357
04/18/2012,CRG,FL,ASO,ES,Federal Contract Tower,0,11,53,0,64,0,0,125,42,167,0,11,178,42,231,78,0,78,309
04/19/2012,CRG,FL,ASO,ES,Federal Contract Tower,0,16,47,0,63,0,3,121,34,158,0,19,168,34,221,128,0,128,349
04/20/2012,CRG,FL,ASO,ES,Federal Contract Tower,0,15,50,0,65,0,0,113,2,115,0,15,163,2,180,192,0,192,372
04/21/2012,CRG,FL,ASO,ES,Federal Contract Tower,0,2,21,0,23,0,0,56,0,56,0,2,77,0,79,88,0,88,167
04/22/2012,CRG,FL,ASO,ES,Federal Contract Tower,0,4,32,0,36,0,0,25,3,28,0,4,57,3,64,49,0,49,113
04/23/2012,CRG,FL,ASO,ES,Federal Contract Tower,0,9,46,0,55,0,0,100,34,134,0,9,146,34,189,98,0,98,287
04/24/2012,CRG,FL,ASO,ES,Federal Contract Tower,0,9,56,0,65,0,0,82,35,117,0,9,138,35,182,132,0,132,314
04/25/2012,CRG,FL,ASO,ES,Federal Contract Tower,0,9,81,0,90,0,0,128,20,148,0,9,209,20,238,177,4,181,419
04/26/2012,CRG,FL,ASO,ES,Federal Contract Tower,0,7,57,0,64,0,2,131,28,161,0,9,188,28,225,114,0,114,339
04/27/2012,CRG,FL,ASO,ES,Federal Contract Tower,0,11,64,0,75,0,2,121,12,135,0,13,185,12,210,172,0,172,382
04/28/2012,CRG,FL,ASO,ES,Federal Contract Tower,0,4,41,0,45,0,1,145,0,146,0,5,186,0,191,200,0,200,391
04/29/2012,CRG,FL,ASO,ES,Federal Contract Tower,0,3,33,0,36,0,0,0,0,0,0,3,33,0,36,155,0,155,191
04/30/2012,CRG,FL,ASO,ES,Federal Contract Tower,0,9,71,0,80,0,1,95,58,154,0,10,166,58,234,183,0,183,417
05/01/2012,CRG,FL,ASO,ES,Federal Contract Tower,0,8,56,0,64,0,1,90,16,107,0,9,146,16,171,165,0,165,336
05/02/2012,CRG,FL,ASO,ES,Federal Contract Tower,0,10,50,0,60,0,0,109,16,125,0,10,159,16,185,140,0,140,325
05/03/2012,CRG,FL,ASO,ES,Federal Contract Tower,0,11,62,0,73,0,3,134,36,173,0,14,196,36,246,165,0,165,411
05/04/2012,CRG,FL,ASO,ES,Federal Contract Tower,0,10,37,0,47,0,1,85,10,96,0,11,122,10,143,127,0,127,270
05/05/2012,CRG,FL,ASO,ES,Federal Contract Tower,0,0,39,0,39,0,0,164,8,172,0,0,203,8,211,100,0,100,311
05/06/2012,CRG,FL,ASO,ES,Federal Contract Tower,0,2,41,0,43,0,0,54,2,56,0,2,95,2,99,15,0,15,114
05/07/2012,CRG,FL,ASO,ES,Federal Contract Tower,0,8,55,0,63,0,0,90,18,108,0,8,145,18,171,113,0,113,284
05/08/2012,CRG,FL,ASO,ES,Federal Contract Tower,0,13,49,0,62,0,0,116,30,146,0,13,165,30,208,82,0,82,290
05/09/2012,CRG,FL,ASO,ES,Federal Contract Tower,0,14,57,0,71,0,0,98,20,118,0,14,155,20,189,91,0,91,280
05/10/2012,CRG,FL,ASO,ES,Federal Contract Tower,0,8,80,1,89,0,1,93,36,130,0,9,173,37,219,115,4,119,338
05/11/2012,CRG,FL,ASO,ES,Federal Contract Tower,0,13,59,0,72,0,2,123,6,131,0,15,182,6,203,171,0,171,374
05/12/2012,CRG,FL,ASO,ES,Federal Contract Tower,0,5,43,0,48,0,0,120,4,124,0,5,163,4,172,67,0,67,239
05/13/2012,CRG,FL,ASO,ES,Federal Contract Tower,0,5,27,0,32,0,0,85,4,89,0,5,112,4,121,56,0,56,177
05/14/2012,CRG,FL,ASO,ES,Federal Contract Tower,0,15,37,0,52,0,0,64,8,72,0,15,101,8,124,89,0,89,213
05/15/2012,CRG,FL,ASO,ES,Federal Contract Tower,0,9,44,0,53,0,0,87,27,114,0,9,131,27,167,109,8,117,284
05/16/2012,CRG,FL,ASO,ES,Federal Contract Tower,0,10,57,0,67,0,0,83,12,95,0,10,140,12,162,114,0,114,276
05/17/2012,CRG,FL,ASO,ES,Federal Contract Tower,0,7,69,0,76,0,1,80,28,109,0,8,149,28,185,81,0,81,266
05/18/2012,CRG,FL,ASO,ES,Federal Contract Tower,0,8,67,0,75,0,0,27,4,31,0,8,94,4,106,32,0,32,138
05/19/2012,CRG,FL,ASO,ES,Federal Contract Tower,0,2,53,0,55,0,0,113,4,117,0,2,166,4,172,119,0,119,291
05/20/2012,CRG,FL,ASO,ES,Federal Contract Tower,0,5,29,0,34,0,0,73,4,77,0,5,102,4,111,93,0,93,204
05/21/2012,CRG,FL,ASO,ES,Federal Contract Tower,0,8,56,0,64,0,0,132,36,168,0,8,188,36,232,125,0,125,357
05/22/2012,CRG,FL,ASO,ES,Federal Contract Tower,0,15,57,1,73,0,0,103,19,122,0,15,160,20,195,154,0,154,349
05/23/2012,CRG,FL,ASO,ES,Federal Contract Tower,0,17,50,0,67,0,0,124,22,146,0,17,174,22,213,165,12,177,390
05/24/2012,CRG,FL,ASO,ES,Federal Contract Tower,0,11,65,0,76,0,0,157,16,173,0,11,222,16,249,110,0,110,359
05/25/2012,CRG,FL,ASO,ES,Federal Contract Tower,0,11,71,2,84,0,0,115,4,119,0,11,186,6,203,133,0,133,336
05/26/2012,CRG,FL,ASO,ES,Federal Contract Tower,0,0,39,0,39,0,0,94,0,94,0,0,133,0,133,71,0,71,204
05/27/2012,CRG,FL,ASO,ES,Federal Contract Tower,0,2,14,0,16,0,0,27,0,27,0,2,41,0,43,5,0,5,48
05/28/2012,CRG,FL,ASO,ES,Federal Contract Tower,0,1,15,1,17,0,0,14,1,15,0,1,29,2,32,0,0,0,32
05/29/2012,CRG,FL,ASO,ES,Federal Contract Tower,0,6,16,0,22,0,0,11,8,19,0,6,27,8,41,0,0,0,41
05/30/2012,CRG,FL,ASO,ES,Federal Contract Tower,0,17,50,0,67,0,0,102,10,112,0,17,152,10,179,94,0,94,273
05/31/2012,CRG,FL,ASO,ES,Federal Contract Tower,0,16,52,0,68,0,0,75,8,83,0,16,127,8,151,73,0,73,224
06/01/2012,CRG,FL,ASO,ES,Federal Contract Tower,0,12,48,0,60,0,1,88,2,91,0,13,136,2,151,93,0,93,244
06/02/2012,CRG,FL,ASO,ES,Federal Contract Tower,0,7,38,0,45,0,0,89,0,89,0,7,127,0,134,45,0,45,179
06/03/2012,CRG,FL,ASO,ES,Federal Contract Tower,0,3,38,0,41,0,0,117,0,117,0,3,155,0,158,130,0,130,288
06/04/2012,CRG,FL,ASO,ES,Federal Contract Tower,0,12,42,0,54,0,1,110,2,113,0,13,152,2,167,76,0,76,243
06/05/2012,CRG,FL,ASO,ES,Federal Contract Tower,0,10,45,0,55,0,0,74,8,82,0,10,119,8,137,119,0,119,256
06/06/2012,CRG,FL,ASO,ES,Federal Contract Tower,0,7,52,0,59,0,0,62,6,68,0,7,114,6,127,104,0,104,231
06/07/2012,CRG,FL,ASO,ES,Federal Contract Tower,0,8,29,0,37,0,0,26,12,38,0,8,55,12,75,80,0,80,155
06/08/2012,CRG,FL,ASO,ES,Federal Contract Tower,0,10,54,0,64,0,0,32,4,36,0,10,86,4,100,125,0,125,225
06/09/2012,CRG,FL,ASO,ES,Federal Contract Tower,0,1,35,0,36,0,0,31,2,33,0,1,66,2,69,32,0,32,101
06/10/2012,CRG,FL,ASO,ES,Federal Contract Tower,0,0,26,0,26,0,0,45,8,53,0,0,71,8,79,77,0,77,156
06/11/2012,CRG,FL,ASO,ES,Federal Contract Tower,0,10,42,0,52,0,0,105,8,113,0,10,147,8,165,150,0,150,315
06/12/2012,CRG,FL,ASO,ES,Federal Contract Tower,0,12,43,0,55,0,0,86,18,104,0,12,129,18,159,178,0,178,337
06/13/2012,CRG,FL,ASO,ES,Federal Contract Tower,0,16,59,0,75,0,0,113,64,177,0,16,172,64,252,253,0,253,505
06/14/2012,CRG,FL,ASO,ES,Federal Contract Tower,0,10,45,0,55,0,0,61,104,165,0,10,106,104,220,99,0,99,319
06/15/2012,CRG,FL,ASO,ES,Federal Contract Tower,0,17,58,0,75,0,0,75,2,77,0,17,133,2,152,127,0,127,279
06/16/2012,CRG,FL,ASO,ES,Federal Contract Tower,0,0,29,0,29,0,0,119,0,119,0,0,148,0,148,88,0,88,236
06/17/2012,CRG,FL,ASO,ES,Federal Contract Tower,0,5,34,0,39,0,1,113,2,116,0,6,147,2,155,167,0,167,322
06/18/2012,CRG,FL,ASO,ES,Federal Contract Tower,0,8,62,0,70,0,0,106,58,164,0,8,168,58,234,139,0,139,373
06/19/2012,CRG,FL,ASO,ES,Federal Contract Tower,0,14,40,0,54,0,0,114,60,174,0,14,154,60,228,102,0,102,330
06/20/2012,CRG,FL,ASO,ES,Federal Contract Tower,0,14,49,0,63,0,0,82,50,132,0,14,131,50,195,90,0,90,285
06/21/2012,CRG,FL,ASO,ES,Federal Contract Tower,0,7,56,0,63,0,0,101,58,159,0,7,157,58,222,186,0,186,408
06/22/2012,CRG,FL,ASO,ES,Federal Contract Tower,0,9,43,0,52,0,0,103,18,121,0,9,146,18,173,194,0,194,367
06/23/2012,CRG,FL,ASO,ES,Federal Contract Tower,0,2,32,0,34,0,0,50,2,52,0,2,82,2,86,70,0,70,156
06/24/2012,CRG,FL,ASO,ES,Federal Contract Tower,0,6,36,0,42,0,0,11,0,11,0,6,47,0,53,77,0,77,130
06/25/2012,CRG,FL,ASO,ES,Federal Contract Tower,0,6,22,0,28,0,0,11,4,15,0,6,33,4,43,16,0,16,59
06/26/2012,CRG,FL,ASO,ES,Federal Contract Tower,0,7,24,0,31,0,0,21,6,27,0,7,45,6,58,30,0,30,88
06/27/2012,CRG,FL,ASO,ES,Federal Contract Tower,0,11,62,0,73,0,0,54,41,95,0,11,116,41,168,79,6,85,253
06/28/2012,CRG,FL,ASO,ES,Federal Contract Tower,0,6,45,0,51,0,0,137,36,173,0,6,182,36,224,209,0,209,433
06/29/2012,CRG,FL,ASO,ES,Federal Contract Tower,0,5,63,0,68,0,1,128,6,135,0,6,191,6,203,146,0,146,349
06/30/2012,CRG,FL,ASO,ES,Federal Contract Tower,0,3,48,0,51,0,0,102,14,116,0,3,150,14,167,142,0,142,309
07/01/2012,CRG,FL,ASO,ES,Federal Contract Tower,0,1,39,0,40,0,0,93,0,93,0,1,132,0,133,82,0,82,215
07/02/2012,CRG,FL,ASO,ES,Federal Contract Tower,0,8,50,0,58,0,0,124,16,140,0,8,174,16,198,116,0,116,314
07/03/2012,CRG,FL,ASO,ES,Federal Contract Tower,0,8,48,0,56,0,0,107,32,139,0,8,155,32,195,93,0,93,288
07/04/2012,CRG,FL,ASO,ES,Federal Contract Tower,0,3,25,0,28,0,1,67,0,68,0,4,92,0,96,53,0,53,149
07/05/2012,CRG,FL,ASO,ES,Federal Contract Tower,0,6,40,0,46,0,0,99,14,113,0,6,139,14,159,90,0,90,249
07/06/2012,CRG,FL,ASO,ES,Federal Contract Tower,0,5,54,0,59,0,0,108,20,128,0,5,162,20,187,105,0,105,292
07/07/2012,CRG,FL,ASO,ES,Federal Contract Tower,0,3,41,0,44,0,0,93,6,99,0,3,134,6,143,147,0,147,290
07/08/2012,CRG,FL,ASO,ES,Federal Contract Tower,0,3,45,0,48,0,0,97,2,99,0,3,142,2,147,37,0,37,184
07/09/2012,CRG,FL,ASO,ES,Federal Contract Tower,0,7,42,0,49,0,0,87,24,111,0,7,129,24,160,102,0,102,262
07/10/2012,CRG,FL,ASO,ES,Federal Contract Tower,0,10,43,0,53,0,0,111,25,136,0,10,154,25,189,126,0,126,315
07/11/2012,CRG,FL,ASO,ES,Federal Contract Tower,0,6,58,0,64,0,0,95,32,127,0,6,153,32,191,135,0,135,326
07/12/2012,CRG,FL,ASO,ES,Federal Contract Tower,0,10,46,0,56,0,0,121,38,159,0,10,167,38,215,129,0,129,344
07/13/2012,CRG,FL,ASO,ES,Federal Contract Tower,0,15,68,0,83,0,0,122,12,134,0,15,190,12,217,129,0,129,346
07/14/2012,CRG,FL,ASO,ES,Federal Contract Tower,0,2,50,0,52,0,2,105,6,113,0,4,155,6,165,98,0,98,263
07/15/2012,CRG,FL,ASO,ES,Federal Contract Tower,0,3,34,0,37,0,0,87,14,101,0,3,121,14,138,132,0,132,270
07/16/2012,CRG,FL,ASO,ES,Federal Contract Tower,0,7,48,0,55,0,0,98,44,142,0,7,146,44,197,130,0,130,327
07/17/2012,CRG,FL,ASO,ES,Federal Contract Tower,0,6,55,1,62,0,0,88,38,126,0,6,143,39,188,192,0,192,380
07/18/2012,CRG,FL,ASO,ES,Federal Contract Tower,0,7,58,2,67,0,2,108,108,218,0,9,166,110,285,150,0,150,435
07/19/2012,CRG,FL,ASO,ES,Federal Contract Tower,0,5,38,0,43,0,0,75,38,113,0,5,113,38,156,96,0,96,252
07/20/2012,CRG,FL,ASO,ES,Federal Contract Tower,0,6,75,0,81,0,0,108,12,120,0,6,183,12,201,105,0,105,306
07/21/2012,CRG,FL,ASO,ES,Federal Contract Tower,0,3,42,0,45,0,0,105,4,109,0,3,147,4,154,24,0,24,178
07/22/2012,CRG,FL,ASO,ES,Federal Contract Tower,0,3,33,0,36,0,0,67,4,71,0,3,100,4,107,77,0,77,184
07/23/2012,CRG,FL,ASO,ES,Federal Contract Tower,0,6,41,0,47,0,0,110,26,136,0,6,151,26,183,102,0,102,285
07/24/2012,CRG,FL,ASO,ES,Federal Contract Tower,0,6,64,0,70,0,0,101,24,125,0,6,165,24,195,116,0,116,311
07/25/2012,CRG,FL,ASO,ES,Federal Contract Tower,0,8,54,0,62,0,0,90,22,112,0,8,144,22,174,62,0,62,236
07/26/2012,CRG,FL,ASO,ES,Federal Contract Tower,0,8,66,0,74,0,0,116,18,134,0,8,182,18,208,124,0,124,332
07/27/2012,CRG,FL,ASO,ES,Federal Contract Tower,0,10,36,0,46,0,0,111,12,123,0,10,147,12,169,119,0,119,288
07/28/2012,CRG,FL,ASO,ES,Federal Contract Tower,0,0,27,0,27,0,0,102,2,104,0,0,129,2,131,75,0,75,206
07/29/2012,CRG,FL,ASO,ES,Federal Contract Tower,0,2,20,0,22,0,0,53,2,55,0,2,73,2,77,52,0,52,129
07/30/2012,CRG,FL,ASO,ES,Federal Contract Tower,0,5,30,0,35,0,0,54,10,64,0,5,84,10,99,100,0,100,199
07/31/2012,CRG,FL,ASO,ES,Federal Contract Tower,0,12,48,0,60,0,0,88,28,116,0,12,136,28,176,141,31,172,348
08/01/2012,CRG,FL,ASO,ES,Federal Contract Tower,0,7,61,0,68,0,0,102,50,152,0,7,163,50,220,211,0,211,431
08/02/2012,CRG,FL,ASO,ES,Federal Contract Tower,0,6,56,0,62,0,0,110,26,136,0,6,166,26,198,106,0,106,304
08/03/2012,CRG,FL,ASO,ES,Federal Contract Tower,0,8,51,0,59,0,0,121,4,125,0,8,172,4,184,131,0,131,315
08/04/2012,CRG,FL,ASO,ES,Federal Contract Tower,0,2,27,0,29,0,0,50,16,66,0,2,77,16,95,45,0,45,140
08/05/2012,CRG,FL,ASO,ES,Federal Contract Tower,0,1,26,0,27,0,0,12,4,16,0,1,38,4,43,22,0,22,65
08/06/2012,CRG,FL,ASO,ES,Federal Contract Tower,0,6,40,0,46,0,0,91,26,117,0,6,131,26,163,62,0,62,225
08/07/2012,CRG,FL,ASO,ES,Federal Contract Tower,0,2,26,0,28,0,0,85,44,129,0,2,111,44,157,143,6,149,306
08/08/2012,CRG,FL,ASO,ES,Federal Contract Tower,0,1,40,0,41,0,0,79,18,97,0,1,119,18,138,88,16,104,242
08/09/2012,CRG,FL,ASO,ES,Federal Contract Tower,0,6,47,0,53,0,0,94,14,108,0,6,141,14,161,139,0,139,300
08/10/2012,CRG,FL,ASO,ES,Federal Contract Tower,0,7,38,0,45,0,0,119,16,135,0,7,157,16,180,142,0,142,322
08/11/2012,CRG,FL,ASO,ES,Federal Contract Tower,0,5,34,0,39,0,2,118,8,128,0,7,152,8,167,132,0,132,299
08/12/2012,CRG,FL,ASO,ES,Federal Contract Tower,0,5,29,2,36,0,0,71,4,75,0,5,100,6,111,49,0,49,160
08/13/2012,CRG,FL,ASO,ES,Federal Contract Tower,0,5,59,0,64,0,0,113,42,155,0,5,172,42,219,102,0,102,321
08/14/2012,CRG,FL,ASO,ES,Federal Contract Tower,0,4,66,0,70,0,0,164,53,217,0,4,230,53,287,180,17,197,484
08/15/2012,CRG,FL,ASO,ES,Federal Contract Tower,0,4,66,0,70,0,0,114,10,124,0,4,180,10,194,98,0,98,292
08/16/2012,CRG,FL,ASO,ES,Federal Contract Tower,0,2,46,0,48,0,0,129,6,135,0,2,175,6,183,88,0,88,271
08/17/2012,CRG,FL,ASO,ES,Federal Contract Tower,0,6,55,0,61,0,0,136,0,136,0,6,191,0,197,135,0,135,332
08/18/2012,CRG,FL,ASO,ES,Federal Contract Tower,0,2,45,0,47,0,0,108,3,111,0,2,153,3,158,168,0,168,326
08/19/2012,CRG,FL,ASO,ES,Federal Contract Tower,0,6,36,0,42,0,0,40,0,40,0,6,76,0,82,103,0,103,185
08/20/2012,CRG,FL,ASO,ES,Federal Contract Tower,0,3,38,0,41,0,0,24,10,34,0,3,62,10,75,69,0,69,144
08/21/2012,CRG,FL,ASO,ES,Federal Contract Tower,0,6,44,1,51,0,0,12,16,28,0,6,56,17,79,10,0,10,89
08/22/2012,CRG,FL,ASO,ES,Federal Contract Tower,0,5,71,0,76,0,0,116,12,128,0,5,187,12,204,64,0,64,268
08/23/2012,CRG,FL,ASO,ES,Federal Contract Tower,0,3,76,0,79,0,0,58,20,78,0,3,134,20,157,56,0,56,213
08/24/2012,CRG,FL,ASO,ES,Federal Contract Tower,0,4,59,0,63,0,0,132,16,148,0,4,191,16,211,166,0,166,377
08/25/2012,CRG,FL,ASO,ES,Federal Contract Tower,0,0,41,0,41,0,0,96,0,96,0,0,137,0,137,187,0,187,324
08/26/2012,CRG,FL,ASO,ES,Federal Contract Tower,0,4,27,0,31,0,0,68,4,72,0,4,95,4,103,36,0,36,139
08/27/2012,CRG,FL,ASO,ES,Federal Contract Tower,0,3,9,0,12,0,0,9,6,15,0,3,18,6,27,20,0,20,47
08/28/2012,CRG,FL,ASO,ES,Federal Contract Tower,0,3,40,1,44,0,0,84,28,112,0,3,124,29,156,79,0,79,235
08/29/2012,CRG,FL,ASO,ES,Federal Contract Tower,0,6,48,0,54,0,0,135,44,179,0,6,183,44,233,227,0,227,460
08/30/2012,CRG,FL,ASO,ES,Federal Contract Tower,0,9,69,0,78,0,0,84,22,106,0,9,153,22,184,187,0,187,371
08/31/2012,CRG,FL,ASO,ES,Federal Contract Tower,0,5,93,0,98,0,0,117,6,123,0,5,210,6,221,113,0,113,334
09/01/2012,CRG,FL,ASO,ES,Federal Contract Tower,0,8,44,0,52,0,0,92,0,92,0,8,136,0,144,147,0,147,291
09/02/2012,CRG,FL,ASO,ES,Federal Contract Tower,0,1,28,0,29,0,0,64,0,64,0,1,92,0,93,38,0,38,131
09/03/2012,CRG,FL,ASO,ES,Federal Contract Tower,0,5,47,0,52,0,0,135,8,143,0,5,182,8,195,96,0,96,291
09/04/2012,CRG,FL,ASO,ES,Federal Contract Tower,0,13,45,0,58,0,0,121,32,153,0,13,166,32,211,149,0,149,360
09/05/2012,CRG,FL,ASO,ES,Federal Contract Tower,0,6,46,0,52,0,0,164,39,203,0,6,210,39,255,118,0,118,373
09/06/2012,CRG,FL,ASO,ES,Federal Contract Tower,0,7,48,0,55,0,0,112,34,146,0,7,160,34,201,99,0,99,300
09/07/2012,CRG,FL,ASO,ES,Federal Contract Tower,0,7,46,0,53,0,0,113,13,126,0,7,159,13,179,65,0,65,244
09/08/2012,CRG,FL,ASO,ES,Federal Contract Tower,0,7,22,0,29,0,0,255,8,263,0,7,277,8,292,76,0,76,368
09/09/2012,CRG,FL,ASO,ES,Federal Contract Tower,0,2,28,0,30,0,0,42,0,42,0,2,70,0,72,46,0,46,118
09/10/2012,CRG,FL,ASO,ES,Federal Contract Tower,0,5,50,0,55,0,0,140,52,192,0,5,190,52,247,126,0,126,373
09/11/2012,CRG,FL,ASO,ES,Federal Contract Tower,0,8,43,0,51,0,0,162,66,228,0,8,205,66,279,125,0,125,404
09/12/2012,CRG,FL,ASO,ES,Federal Contract Tower,0,3,29,0,32,0,0,79,47,126,0,3,108,47,158,51,6,57,215
09/13/2012,CRG,FL,ASO,ES,Federal Contract Tower,0,4,44,0,48,0,0,37,20,57,0,4,81,20,105,67,0,67,172
09/14/2012,CRG,FL,ASO,ES,Federal Contract Tower,0,5,52,0,57,0,0,128,24,152,0,5,180,24,209,163,0,163,372
09/15/2012,CRG,FL,ASO,ES,Federal Contract Tower,0,3,40,0,43,0,0,87,2,89,0,3,127,2,132,64,0,64,196
09/16/2012,CRG,FL,ASO,ES,Federal Contract Tower,0,1,33,0,34,0,0,73,0,73,0,1,106,0,107,124,0,124,231
09/17/2012,CRG,FL,ASO,ES,Federal Contract Tower,0,4,38,0,42,0,0,125,14,139,0,4,163,14,181,113,0,113,294
09/18/2012,CRG,FL,ASO,ES,Federal Contract Tower,0,3,30,0,33,0,0,30,10,40,0,3,60,10,73,32,0,32,105
09/19/2012,CRG,FL,ASO,ES,Federal Contract Tower,0,3,56,0,59,0,0,104,52,156,0,3,160,52,215,141,0,141,356
09/20/2012,CRG,FL,ASO,ES,Federal Contract Tower,0,4,53,0,57,0,0,67,6,73,0,4,120,6,130,57,0,57,187
09/21/2012,CRG,FL,ASO,ES,Federal Contract Tower,0,2,79,0,81,0,0,114,10,124,0,2,193,10,205,177,0,177,382
09/22/2012,CRG,FL,ASO,ES,Federal Contract Tower,0,6,43,0,49,0,0,131,0,131,0,6,174,0,180,237,0,237,417
09/23/2012,CRG,FL,ASO,ES,Federal Contract Tower,0,2,42,0,44,0,0,70,0,70,0,2,112,0,114,82,0,82,196
09/24/2012,CRG,FL,ASO,ES,Federal Contract Tower,0,13,47,0,60,0,0,151,32,183,0,13,198,32,243,128,0,128,371
09/25/2012,CRG,FL,ASO,ES,Federal Contract Tower,0,4,46,0,50,0,0,99,68,167,0,4,145,68,217,157,0,157,374
09/26/2012,CRG,FL,ASO,ES,Federal Contract Tower,0,4,42,0,46,0,0,118,24,142,0,4,160,24,188,217,0,217,405
09/27/2012,CRG,FL,ASO,ES,Federal Contract Tower,0,3,68,3,74,0,0,141,3,144,0,3,209,6,218,289,0,289,507
09/28/2012,CRG,FL,ASO,ES,Federal Contract Tower,0,3,61,0,64,0,0,119,7,126,0,3,180,7,190,118,0,118,308
09/29/2012,CRG,FL,ASO,ES,Federal Contract Tower,0,7,58,0,65,0,0,114,2,116,0,7,172,2,181,278,0,278,459
09/30/2012,CRG,FL,ASO,ES,Federal Contract Tower,0,2,39,0,41,0,0,55,2,57,0,2,94,2,98,47,0,47,145
10/01/2012,CRG,FL,ASO,ES,Federal Contract Tower,0,4,41,0,45,0,0,97,18,115,0,4,138,18,160,85,0,85,245
10/02/2012,CRG,FL,ASO,ES,Federal Contract Tower,0,9,63,0,72,0,0,88,16,104,0,9,151,16,176,108,10,118,294
10/03/2012,CRG,FL,ASO,ES,Federal Contract Tower,0,9,70,0,79,0,0,47,8,55,0,9,117,8,134,42,0,42,176
10/04/2012,CRG,FL,ASO,ES,Federal Contract Tower,0,5,58,0,63,0,0,62,12,74,0,5,120,12,137,92,0,92,229
10/05/2012,CRG,FL,ASO,ES,Federal Contract Tower,0,6,72,0,78,0,0,90,8,98,0,6,162,8,176,176,0,176,352
10/06/2012,CRG,FL,ASO,ES,Federal Contract Tower,0,2,13,0,15,0,0,82,2,84,0,2,95,2,99,164,0,164,263
10/07/2012,CRG,FL,ASO,ES,Federal Contract Tower,0,5,39,0,44,0,0,116,6,122,0,5,155,6,166,84,0,84,250
10/08/2012,CRG,FL,ASO,ES,Federal Contract Tower,0,2,40,0,42,0,0,98,0,98,0,2,138,0,140,215,0,215,355
10/09/2012,CRG,FL,ASO,ES,Federal Contract Tower,0,10,62,0,72,0,0,15,2,17,0,10,77,2,89,0,0,0,89
10/10/2012,CRG,FL,ASO,ES,Federal Contract Tower,0,4,88,0,92,0,0,121,47,168,0,4,209,47,260,243,0,243,503
10/11/2012,CRG,FL,ASO,ES,Federal Contract Tower,0,4,60,0,64,0,0,149,58,207,0,4,209,58,271,166,0,166,437
10/12/2012,CRG,FL,ASO,ES,Federal Contract Tower,0,2,77,0,79,0,0,159,30,189,0,2,236,30,268,209,0,209,477
10/13/2012,CRG,FL,ASO,ES,Federal Contract Tower,0,6,30,0,36,0,0,137,16,153,0,6,167,16,189,188,0,188,377
10/14/2012,CRG,FL,ASO,ES,Federal Contract Tower,0,2,54,0,56,0,0,76,6,82,0,2,130,6,138,49,0,49,187
10/15/2012,CRG,FL,ASO,ES,Federal Contract Tower,0,4,57,0,61,0,1,93,8,102,0,5,150,8,163,212,0,212,375
10/16/2012,CRG,FL,ASO,ES,Federal Contract Tower,0,5,55,0,60,0,0,102,36,138,0,5,157,36,198,104,2,106,304
10/17/2012,CRG,FL,ASO,ES,Federal Contract Tower,0,6,76,0,82,0,0,96,28,124,0,6,172,28,206,183,0,183,389
10/18/2012,CRG,FL,ASO,ES,Federal Contract Tower,0,8,70,0,78,0,0,105,32,137,0,8,175,32,215,59,0,59,274
10/19/2012,CRG,FL,ASO,ES,Federal Contract Tower,0,9,46,0,55,0,0,100,12,112,0,9,146,12,167,118,0,118,285
10/20/2012,CRG,FL,ASO,ES,Federal Contract Tower,0,1,26,0,27,0,0,142,6,148,0,1,168,6,175,100,0,100,275
10/21/2012,CRG,FL,ASO,ES,Federal Contract Tower,0,3,32,0,35,0,0,65,6,71,0,3,97,6,106,43,0,43,149
10/22/2012,CRG,FL,ASO,ES,Federal Contract Tower,0,5,49,0,54,0,0,90,50,140,0,5,139,50,194,139,0,139,333
10/23/2012,CRG,FL,ASO,ES,Federal Contract Tower,0,6,48,0,54,0,0,99,30,129,0,6,147,30,183,136,0,136,319
10/24/2012,CRG,FL,ASO,ES,Federal Contract Tower,0,8,71,0,79,0,0,122,72,194,0,8,193,72,273,149,0,149,422
10/25/2012,CRG,FL,ASO,ES,Federal Contract Tower,0,4,68,0,72,0,0,67,62,129,0,4,135,62,201,93,0,93,294
10/26/2012,CRG,FL,ASO,ES,Federal Contract Tower,0,13,51,0,64,0,0,26,12,38,0,13,77,12,102,12,0,12,114
10/27/2012,CRG,FL,ASO,ES,Federal Contract Tower,0,1,32,0,33,0,1,11,0,12,0,2,43,0,45,22,0,22,67
10/28/2012,CRG,FL,ASO,ES,Federal Contract Tower,0,2,38,0,40,0,0,51,4,55,0,2,89,4,95,44,0,44,139
10/29/2012,CRG,FL,ASO,ES,Federal Contract Tower,0,2,50,1,53,0,0,114,9,123,0,2,164,10,176,92,0,92,268
10/30/2012,CRG,FL,ASO,ES,Federal Contract Tower,0,5,43,0,48,0,0,79,8,87,0,5,122,8,135,34,0,34,169
10/31/2012,CRG,FL,ASO,ES,Federal Contract Tower,0,2,52,0,54,0,0,97,22,119,0,2,149,22,173,119,0,119,292
11/01/2012,CRG,FL,ASO,ES,Federal Contract Tower,0,4,56,0,60,0,0,139,28,167,0,4,195,28,227,139,0,139,366
11/02/2012,CRG,FL,ASO,ES,Federal Contract Tower,0,7,72,1,80,0,0,133,16,149,0,7,205,17,229,154,0,154,383
11/03/2012,CRG,FL,ASO,ES,Federal Contract Tower,0,3,44,0,47,0,0,132,4,136,0,3,176,4,183,166,0,166,349
11/04/2012,CRG,FL,ASO,ES,Federal Contract Tower,0,4,39,0,43,0,0,77,14,91,0,4,116,14,134,149,0,149,283
11/05/2012,CRG,FL,ASO,ES,Federal Contract Tower,0,4,54,0,58,0,0,106,40,146,0,4,160,40,204,194,0,194,398
11/06/2012,CRG,FL,ASO,ES,Federal Contract Tower,0,4,47,1,52,0,0,76,54,130,0,4,123,55,182,88,0,88,270
11/07/2012,CRG,FL,ASO,ES,Federal Contract Tower,0,6,63,0,69,0,0,131,38,169,0,6,194,38,238,287,6,293,531
11/08/2012,CRG,FL,ASO,ES,Federal Contract Tower,0,2,59,1,62,0,0,128,48,176,0,2,187,49,238,126,0,126,364
11/09/2012,CRG,FL,ASO,ES,Federal Contract Tower,0,5,63,0,68,0,0,142,10,152,0,5,205,10,220,143,0,143,363
11/10/2012,CRG,FL,ASO,ES,Federal Contract Tower,0,2,42,0,44,0,0,85,2,87,0,2,127,2,131,124,0,124,255
11/11/2012,CRG,FL,ASO,ES,Federal Contract Tower,0,2,41,0,43,0,0,61,6,67,0,2,102,6,110,50,0,50,160
11/12/2012,CRG,FL,ASO,ES,Federal Contract Tower,0,1,38,0,39,0,0,70,0,70,0,1,108,0,109,121,0,121,230
11/13/2012,CRG,FL,ASO,ES,Federal Contract Tower,0,10,52,2,64,0,0,73,24,97,0,10,125,26,161,135,0,135,296
11/14/2012,CRG,FL,ASO,ES,Federal Contract Tower,0,3,64,0,67,0,0,3,2,5,0,3,67,2,72,0,0,0,72
11/15/2012,CRG,FL,ASO,ES,Federal Contract Tower,0,5,57,0,62,0,0,12,50,62,0,5,69,50,124,25,0,25,149
11/16/2012,CRG,FL,ASO,ES,Federal Contract Tower,0,4,64,1,69,0,0,17,42,59,0,4,81,43,128,5,0,5,133
11/17/2012,CRG,FL,ASO,ES,Federal Contract Tower,0,0,49,0,49,0,0,13,0,13,0,0,62,0,62,6,0,6,68
11/18/2012,CRG,FL,ASO,ES,Federal Contract Tower,0,4,37,0,41,0,0,50,0,50,0,4,87,0,91,107,0,107,198
11/19/2012,CRG,FL,ASO,ES,Federal Contract Tower,0,4,64,0,68,0,0,27,64,91,0,4,91,64,159,10,0,10,169
11/20/2012,CRG,FL,ASO,ES,Federal Contract Tower,0,5,86,0,91,0,0,147,48,195,0,5,233,48,286,162,0,162,448
11/21/2012,CRG,FL,ASO,ES,Federal Contract Tower,0,6,59,0,65,0,0,102,0,102,0,6,161,0,167,131,0,131,298
11/22/2012,CRG,FL,ASO,ES,Federal Contract Tower,0,2,15,0,17,0,0,22,0,22,0,2,37,0,39,0,0,0,39
11/23/2012,CRG,FL,ASO,ES,Federal Contract Tower,0,6,24,0,30,0,0,68,0,68,0,6,92,0,98,102,0,102,200
11/24/2012,CRG,FL,ASO,ES,Federal Contract Tower,0,1,51,0,52,0,0,66,0,66,0,1,117,0,118,76,0,76,194
11/25/2012,CRG,FL,ASO,ES,Federal Contract Tower,0,7,48,0,55,0,0,78,0,78,0,7,126,0,133,88,0,88,221
11/26/2012,CRG,FL,ASO,ES,Federal Contract Tower,0,12,56,0,68,0,0,131,66,197,0,12,187,66,265,238,0,238,503
11/27/2012,CRG,FL,ASO,ES,Federal Contract Tower,0,6,48,0,54,0,1,127,28,156,0,7,175,28,210,177,0,177,387
11/28/2012,CRG,FL,ASO,ES,Federal Contract Tower,0,4,61,0,65,0,0,9,52,61,0,4,70,52,126,2,0,2,128
11/29/2012,CRG,FL,ASO,ES,Federal Contract Tower,0,9,63,0,72,0,0,106,40,146,0,9,169,40,218,210,0,210,428
11/30/2012,CRG,FL,ASO,ES,Federal Contract Tower,0,0,72,0,72,0,0,122,56,178,0,0,194,56,250,161,0,161,411
12/01/2012,CRG,FL,ASO,ES,Federal Contract Tower,0,2,39,0,41,0,0,78,0,78,0,2,117,0,119,147,0,147,266
12/02/2012,CRG,FL,ASO,ES,Federal Contract Tower,0,7,43,0,50,0,0,112,0,112,0,7,155,0,162,68,0,68,230
12/03/2012,CRG,FL,ASO,ES,Federal Contract Tower,0,5,66,0,71,0,0,55,32,87,0,5,121,32,158,80,0,80,238
12/04/2012,CRG,FL,ASO,ES,Federal Contract Tower,0,4,61,0,65,0,0,163,40,203,0,4,224,40,268,111,0,111,379
12/05/2012,CRG,FL,ASO,ES,Federal Contract Tower,0,2,76,0,78,0,0,116,24,140,0,2,192,24,218,119,0,119,337
12/06/2012,CRG,FL,ASO,ES,Federal Contract Tower,0,1,58,0,59,0,0,40,28,68,0,1,98,28,127,107,0,107,234
12/07/2012,CRG,FL,ASO,ES,Federal Contract Tower,0,1,53,2,56,0,0,8,0,8,0,1,61,2,64,0,0,0,64
12/08/2012,CRG,FL,ASO,ES,Federal Contract Tower,0,7,35,0,42,0,0,31,0,31,0,7,66,0,73,12,0,12,85
12/09/2012,CRG,FL,ASO,ES,Federal Contract Tower,0,3,27,0,30,0,0,58,6,64,0,3,85,6,94,109,0,109,203
12/10/2012,CRG,FL,ASO,ES,Federal Contract Tower,0,3,40,0,43,0,0,79,24,103,0,3,119,24,146,158,0,158,304
12/11/2012,CRG,FL,ASO,ES,Federal Contract Tower,0,3,69,0,72,0,0,66,21,87,0,3,135,21,159,223,0,223,382
12/12/2012,CRG,FL,ASO,ES,Federal Contract Tower,0,1,56,0,57,0,0,4,6,10,0,1,60,6,67,0,0,0,67
12/13/2012,CRG,FL,ASO,ES,Federal Contract Tower,0,5,77,0,82,0,0,8,10,18,0,5,85,10,100,0,0,0,100
12/14/2012,CRG,FL,ASO,ES,Federal Contract Tower,0,4,94,0,98,0,0,40,4,44,0,4,134,4,142,158,0,158,300
12/15/2012,CRG,FL,ASO,ES,Federal Contract Tower,0,0,47,0,47,0,0,25,4,29,0,0,72,4,76,8,0,8,84
12/16/2012,CRG,FL,ASO,ES,Federal Contract Tower,0,0,34,0,34,0,0,125,4,129,0,0,159,4,163,236,0,236,399
12/17/2012,CRG,FL,ASO,ES,Federal Contract Tower,0,1,36,0,37,0,0,67,20,87,0,1,103,20,124,150,0,150,274
12/18/2012,CRG,FL,ASO,ES,Federal Contract Tower,0,5,57,0,62,0,0,88,14,102,0,5,145,14,164,205,0,205,369
12/19/2012,CRG,FL,ASO,ES,Federal Contract Tower,0,3,67,0,70,0,0,113,48,161,0,3,180,48,231,221,0,221,452
12/20/2012,CRG,FL,ASO,ES,Federal Contract Tower,0,0,47,0,47,0,0,90,8,98,0,0,137,8,145,107,0,107,252
12/21/2012,CRG,FL,ASO,ES,Federal Contract Tower,0,2,28,0,30,0,0,74,14,88,0,2,102,14,118,6,10,16,134
12/22/2012,CRG,FL,ASO,ES,Federal Contract Tower,0,7,38,0,45,0,0,117,0,117,0,7,155,0,162,58,0,58,220
12/23/2012,CRG,FL,ASO,ES,Federal Contract Tower,0,8,28,0,36,0,0,72,0,72,0,8,100,0,108,63,0,63,171
12/24/2012,CRG,FL,ASO,ES,Federal Contract Tower,0,3,16,0,19,0,0,47,0,47,0,3,63,0,66,25,0,25,91
12/25/2012,CRG,FL,ASO,ES,Federal Contract Tower,0,2,5,0,7,0,0,35,0,35,0,2,40,0,42,0,0,0,42
12/26/2012,CRG,FL,ASO,ES,Federal Contract Tower,0,8,29,0,37,0,3,21,14,38,0,11,50,14,75,17,0,17,92
12/27/2012,CRG,FL,ASO,ES,Federal Contract Tower,0,6,54,0,60,0,0,99,8,107,0,6,153,8,167,93,0,93,260
12/28/2012,CRG,FL,ASO,ES,Federal Contract Tower,0,3,52,0,55,0,0,101,2,103,0,3,153,2,158,46,0,46,204
12/29/2012,CRG,FL,ASO,ES,Federal Contract Tower,0,2,33,0,35,0,0,29,0,29,0,2,62,0,64,40,0,40,104
12/30/2012,CRG,FL,ASO,ES,Federal Contract Tower,0,1,52,0,53,0,0,0,0,0,0,1,52,0,53,82,0,82,135
12/31/2012,CRG,FL,ASO,ES,Federal Contract Tower,0,5,44,0,49,0,0,73,35,108,0,5,117,35,157,109,0,109,266
01/01/2013,CRG,FL,ASO,ES,Federal Contract Tower,0,5,27,0,32,0,1,46,0,47,0,6,73,0,79,27,0,27,106
01/02/2013,CRG,FL,ASO,ES,Federal Contract Tower,0,3,61,0,64,0,0,47,2,49,0,3,108,2,113,46,0,46,159
01/03/2013,CRG,FL,ASO,ES,Federal Contract Tower,0,6,44,0,50,0,0,9,8,17,0,6,53,8,67,2,0,2,69
01/04/2013,CRG,FL,ASO,ES,Federal Contract Tower,0,10,67,0,77,0,0,42,60,102,0,10,109,60,179,40,0,40,219
01/05/2013,CRG,FL,ASO,ES,Federal Contract Tower,0,3,43,0,46,0,0,126,0,126,0,3,169,0,172,62,0,62,234
01/06/2013,CRG,FL,ASO,ES,Federal Contract Tower,0,3,27,0,30,0,0,27,0,27,0,3,54,0,57,8,0,8,65
01/07/2013,CRG,FL,ASO,ES,Federal Contract Tower,0,5,28,0,33,0,0,75,64,139,0,5,103,64,172,51,0,51,223
01/08/2013,CRG,FL,ASO,ES,Federal Contract Tower,0,3,49,0,52,0,0,36,44,80,0,3,85,44,132,39,0,39,171
01/09/2013,CRG,FL,ASO,ES,Federal Contract Tower,0,4,55,0,59,0,0,23,8,31,0,4,78,8,90,19,0,19,109
01/10/2013,CRG,FL,ASO,ES,Federal Contract Tower,0,1,54,0,55,0,0,74,78,152,0,1,128,78,207,68,2,70,277
01/11/2013,CRG,FL,ASO,ES,Federal Contract Tower,0,3,58,0,61,0,0,86,16,102,0,3,144,16,163,76,0,76,239
01/12/2013,CRG,FL,ASO,ES,Federal Contract Tower,0,0,33,0,33,0,0,125,2,127,0,0,158,2,160,92,0,92,252
01/13/2013,CRG,FL,ASO,ES,Federal Contract Tower,0,3,30,0,33,0,0,79,8,87,0,3,109,8,120,45,0,45,165
01/14/2013,CRG,FL,ASO,ES,Federal Contract Tower,0,6,53,0,59,0,0,101,8,109,0,6,154,8,168,157,0,157,325
01/15/2013,CRG,FL,ASO,ES,Federal Contract Tower,0,1,56,0,57,0,2,91,16,109,0,3,147,16,166,155,0,155,321
01/16/2013,CRG,FL,ASO,ES,Federal Contract Tower,0,3,53,0,56,0,0,122,36,158,0,3,175,36,214,111,0,111,325
01/17/2013,CRG,FL,ASO,ES,Federal Contract Tower,0,3,56,0,59,0,0,64,28,92,0,3,120,28,151,109,0,109,260
01/18/2013,CRG,FL,ASO,ES,Federal Contract Tower,0,5,85,0,90,0,0,65,4,69,0,5,150,4,159,56,0,56,215
01/19/2013,CRG,FL,ASO,ES,Federal Contract Tower,0,3,56,0,59,0,0,58,0,58,0,3,114,0,117,55,0,55,172
01/20/2013,CRG,FL,ASO,ES,Federal Contract Tower,0,1,39,2,42,0,0,67,8,75,0,1,106,10,117,166,0,166,283
01/21/2013,CRG,FL,ASO,ES,Federal Contract Tower,0,7,54,0,61,0,0,126,0,126,0,7,180,0,187,121,0,121,308
01/22/2013,CRG,FL,ASO,ES,Federal Contract Tower,0,3,49,0,52,0,1,110,32,143,0,4,159,32,195,156,0,156,351
01/23/2013,CRG,FL,ASO,ES,Federal Contract Tower,0,9,47,0,56,0,0,138,56,194,0,9,185,56,250,166,2,168,418
01/24/2013,CRG,FL,ASO,ES,Federal Contract Tower,0,0,71,0,71,0,0,123,40,163,0,0,194,40,234,110,0,110,344
01/25/2013,CRG,FL,ASO,ES,Federal Contract Tower,0,1,65,0,66,0,0,104,20,124,0,1,169,20,190,134,2,136,326
01/26/2013,CRG,FL,ASO,ES,Federal Contract Tower,0,4,50,0,54,0,0,112,2,114,0,4,162,2,168,133,0,133,301
01/27/2013,CRG,FL,ASO,ES,Federal Contract Tower,0,0,55,0,55,0,0,56,6,62,0,0,111,6,117,147,0,147,264
01/28/2013,CRG,FL,ASO,ES,Federal Contract Tower,0,1,58,0,59,0,0,116,84,200,0,1,174,84,259,70,0,70,329
01/29/2013,CRG,FL,ASO,ES,Federal Contract Tower,0,2,53,0,55,0,0,106,32,138,0,2,159,32,193,181,0,181,374
01/30/2013,CRG,FL,ASO,ES,Federal Contract Tower,0,1,50,0,51,0,0,68,32,100,0,1,118,32,151,32,0,32,183
01/31/2013,CRG,FL,ASO,ES,Federal Contract Tower,0,2,70,0,72,0,0,120,32,152,0,2,190,32,224,54,0,54,278
02/01/2013,CRG,FL,ASO,ES,Federal Contract Tower,0,0,83,4,87,0,0,102,10,112,0,0,185,14,199,88,0,88,287
02/02/2013,CRG,FL,ASO,ES,Federal Contract Tower,0,2,51,0,53,0,0,82,12,94,0,2,133,12,147,161,0,161,308
02/03/2013,CRG,FL,ASO,ES,Federal Contract Tower,0,1,24,0,25,0,0,55,0,55,0,1,79,0,80,24,0,24,104
02/04/2013,CRG,FL,ASO,ES,Federal Contract Tower,0,5,52,0,57,0,0,87,34,121,0,5,139,34,178,95,0,95,273
02/05/2013,CRG,FL,ASO,ES,Federal Contract Tower,0,1,48,2,51,0,0,110,17,127,0,1,158,19,178,161,0,161,339
02/06/2013,CRG,FL,ASO,ES,Federal Contract Tower,0,4,57,0,61,0,0,96,70,166,0,4,153,70,227,83,4,87,314
02/07/2013,CRG,FL,ASO,ES,Federal Contract Tower,0,0,45,0,45,0,0,75,48,123,0,0,120,48,168,67,0,67,235
02/08/2013,CRG,FL,ASO,ES,Federal Contract Tower,0,3,81,0,84,0,0,102,14,116,0,3,183,14,200,71,0,71,271
02/09/2013,CRG,FL,ASO,ES,Federal Contract Tower,0,2,47,0,49,0,0,90,11,101,0,2,137,11,150,149,0,149,299
02/10/2013,CRG,FL,ASO,ES,Federal Contract Tower,0,4,34,0,38,0,0,56,2,58,0,4,90,2,96,39,0,39,135
02/11/2013,CRG,FL,ASO,ES,Federal Contract Tower,0,0,56,0,56,0,0,95,8,103,0,0,151,8,159,46,0,46,205
02/12/2013,CRG,FL,ASO,ES,Federal Contract Tower,0,0,48,2,50,0,0,46,62,108,0,0,94,64,158,123,0,123,281
02/13/2013,CRG,FL,ASO,ES,Federal Contract Tower,0,5,32,0,37,0,0,28,40,68,0,5,60,40,105,16,4,20,125
02/14/2013,CRG,FL,ASO,ES,Federal Contract Tower,0,5,62,3,70,0,0,47,34,81,0,5,109,37,151,75,0,75,226
02/15/2013,CRG,FL,ASO,ES,Federal Contract Tower,0,2,75,0,77,0,0,93,4,97,0,2,168,4,174,143,0,143,317
02/16/2013,CRG,FL,ASO,ES,Federal Contract Tower,0,3,42,0,45,0,0,76,0,76,0,3,118,0,121,84,0,84,205
02/17/2013,CRG,FL,ASO,ES,Federal Contract Tower,0,7,40,0,47,0,0,70,0,70,0,7,110,0,117,120,0,120,237
02/18/2013,CRG,FL,ASO,ES,Federal Contract Tower,0,2,55,0,57,0,0,138,0,138,0,2,193,0,195,135,0,135,330
02/19/2013,CRG,FL,ASO,ES,Federal Contract Tower,0,11,42,0,53,0,0,85,30,115,0,11,127,30,168,64,0,64,232
02/20/2013,CRG,FL,ASO,ES,Federal Contract Tower,0,3,66,0,69,0,0,123,98,221,0,3,189,98,290,179,0,179,469
02/21/2013,CRG,FL,ASO,ES,Federal Contract Tower,0,5,76,0,81,0,0,105,88,193,0,5,181,88,274,261,4,265,539
02/22/2013,CRG,FL,ASO,ES,Federal Contract Tower,0,3,44,0,47,0,0,118,2,120,0,3,162,2,167,131,16,147,314
02/23/2013,CRG,FL,ASO,ES,Federal Contract Tower,0,0,46,0,46,0,0,78,4,82,0,0,124,4,128,85,0,85,213
02/24/2013,CRG,FL,ASO,ES,Federal Contract Tower,0,3,35,0,38,0,0,57,2,59,0,3,92,2,97,72,0,72,169
02/25/2013,CRG,FL,ASO,ES,Federal Contract Tower,0,1,35,0,36,0,0,4,6,10,0,1,39,6,46,0,0,0,46
02/26/2013,CRG,FL,ASO,ES,Federal Contract Tower,0,4,53,0,57,0,2,58,35,95,0,6,111,35,152,6,0,6,158
02/27/2013,CRG,FL,ASO,ES,Federal Contract Tower,0,7,72,0,79,0,0,158,38,196,0,7,230,38,275,216,0,216,491
02/28/2013,CRG,FL,ASO,ES,Federal Contract Tower,0,4,76,0,80,0,0,128,28,156,0,4,204,28,236,115,0,115,351
03/01/2013,CRG,FL,ASO,ES,Federal Contract Tower,0,2,74,2,78,0,0,115,4,119,0,2,189,6,197,206,0,206,403
03/02/2013,CRG,FL,ASO,ES,Federal Contract Tower,0,1,41,0,42,0,0,85,10,95,0,1,126,10,137,81,0,81,218
03/03/2013,CRG,FL,ASO,ES,Federal Contract Tower,0,0,50,1,51,0,0,73,12,85,0,0,123,13,136,64,0,64,200
03/04/2013,CRG,FL,ASO,ES,Federal Contract Tower,0,5,59,0,64,0,0,139,52,191,0,5,198,52,255,171,0,171,426
03/05/2013,CRG,FL,ASO,ES,Federal Contract Tower,0,4,42,0,46,0,0,109,36,145,0,4,151,36,191,127,30,157,348
03/06/2013,CRG,FL,ASO,ES,Federal Contract Tower,0,6,63,2,71,0,0,64,24,88,0,6,127,26,159,46,0,46,205
03/07/2013,CRG,FL,ASO,ES,Federal Contract Tower,0,7,63,0,70,0,0,141,64,205,0,7,204,64,275,193,0,193,468
03/08/2013,CRG,FL,ASO,ES,Federal Contract Tower,0,7,58,1,66,0,0,150,6,156,0,7,208,7,222,141,0,141,363
03/09/2013,CRG,FL,ASO,ES,Federal Contract Tower,0,4,39,0,43,0,2,141,2,145,0,6,180,2,188,215,0,215,403
03/10/2013,CRG,FL,ASO,ES,Federal Contract Tower,0,9,41,0,50,0,0,106,5,111,0,9,147,5,161,140,0,140,301
03/11/2013,CRG,FL,ASO,ES,Federal Contract Tower,0,9,60,0,69,0,0,126,17,143,0,9,186,17,212,149,2,151,363
03/12/2013,CRG,FL,ASO,ES,Federal Contract Tower,0,6,70,0,76,0,0,44,20,64,0,6,114,20,140,20,0,20,160
03/13/2013,CRG,FL,ASO,ES,Federal Contract Tower,0,9,66,2,77,0,0,104,41,145,0,9,170,43,222,129,0,129,351
03/14/2013,CRG,FL,ASO,ES,Federal Contract Tower,0,3,68,0,71,0,0,159,76,235,0,3,227,76,306,234,0,234,540
03/15/2013,CRG,FL,ASO,ES,Federal Contract Tower,0,5,64,0,69,0,0,164,44,208,0,5,228,44,277,116,0,116,393
03/16/2013,CRG,FL,ASO,ES,Federal Contract Tower,0,0,39,2,41,0,0,119,0,119,0,0,158,2,160,180,0,180,340
03/17/2013,CRG,FL,ASO,ES,Federal Contract Tower,0,4,28,0,32,0,0,90,2,92,0,4,118,2,124,109,0,109,233
03/18/2013,CRG,FL,ASO,ES,Federal Contract Tower,0,3,47,0,50,0,0,88,12,100,0,3,135,12,150,186,0,186,336
03/19/2013,CRG,FL,ASO,ES,Federal Contract Tower,0,1,51,0,52,0,0,109,32,141,0,1,160,32,193,141,0,141,334
03/20/2013,CRG,FL,ASO,ES,Federal Contract Tower,0,6,58,0,64,0,0,42,102,144,0,6,100,102,208,182,0,182,390
03/21/2013,CRG,FL,ASO,ES,Federal Contract Tower,0,4,36,0,40,0,0,122,30,152,0,4,158,30,192,155,6,161,353
03/22/2013,CRG,FL,ASO,ES,Federal Contract Tower,0,8,49,0,57,0,0,152,6,158,0,8,201,6,215,147,0,147,362
03/23/2013,CRG,FL,ASO,ES,Federal Contract Tower,0,6,29,0,35,0,0,54,0,54,0,6,83,0,89,56,0,56,145
03/24/2013,CRG,FL,ASO,ES,Federal Contract Tower,0,5,9,0,14,0,0,25,0,25,0,5,34,0,39,83,0,83,122
03/25/2013,CRG,FL,ASO,ES,Federal Contract Tower,0,3,44,0,47,0,0,107,40,147,0,3,151,40,194,66,0,66,260
03/26/2013,CRG,FL,ASO,ES,Federal Contract Tower,0,3,50,0,53,0,0,108,30,138,0,3,158,30,191,122,0,122,313
03/27/2013,CRG,FL,ASO,ES,Federal Contract Tower,0,10,45,0,55,0,0,167,54,221,0,10,212,54,276,238,0,238,514
03/28/2013,CRG,FL,ASO,ES,Federal Contract Tower,0,3,59,0,62,0,0,217,18,235,0,3,276,18,297,250,0,250,547
03/29/2013,CRG,FL,ASO,ES,Federal Contract Tower,0,6,42,0,48,0,0,170,1,171,0,6,212,1,219,295,0,295,514
03/30/2013,CRG,FL,ASO,ES,Federal Contract Tower,0,4,44,0,48,0,0,145,0,145,0,4,189,0,193,102,0,102,295
03/31/2013,CRG,FL,ASO,ES,Federal Contract Tower,0,2,26,0,28,0,0,65,0,65,0,2,91,0,93,36,0,36,129
04/01/2013,CRG,FL,ASO,ES,Federal Contract Tower,0,8,53,0,61,0,0,69,8,77,0,8,122,8,138,103,0,103,241
04/02/2013,CRG,FL,ASO,ES,Federal Contract Tower,0,3,37,0,40,0,0,150,62,212,0,3,187,62,252,127,0,127,379
04/03/2013,CRG,FL,ASO,ES,Federal Contract Tower,0,0,45,0,45,0,0,123,44,167,0,0,168,44,212,132,0,132,344
04/04/2013,CRG,FL,ASO,ES,Federal Contract Tower,0,3,42,0,45,0,0,54,20,74,0,3,96,20,119,6,0,6,125
04/05/2013,CRG,FL,ASO,ES,Federal Contract Tower,0,2,61,1,64,0,0,2,5,7,0,2,63,6,71,0,0,0,71
04/06/2013,CRG,FL,ASO,ES,Federal Contract Tower,0,0,57,0,57,0,2,166,2,170,0,2,223,2,227,220,0,220,447
04/07/2013,CRG,FL,ASO,ES,Federal Contract Tower,0,0,28,0,28,0,0,82,14,96,0,0,110,14,124,38,0,38,162
04/08/2013,CRG,FL,ASO,ES,Federal Contract Tower,0,2,52,0,54,0,0,105,34,139,0,2,157,34,193,280,0,280,473
04/09/2013,CRG,FL,ASO,ES,Federal Contract Tower,0,2,56,0,58,0,3,124,40,167,0,5,180,40,225,340,0,340,565
04/10/2013,CRG,FL,ASO,ES,Federal Contract Tower,0,4,69,0,73,0,0,150,68,218,0,4,219,68,291,220,0,220,511
04/11/2013,CRG,FL,ASO,ES,Federal Contract Tower,0,2,63,0,65,0,0,100,14,114,0,2,163,14,179,170,0,170,349
04/12/2013,CRG,FL,ASO,ES,Federal Contract Tower,0,2,64,0,66,0,0,78,0,78,0,2,142,0,144,77,0,77,221
04/13/2013,CRG,FL,ASO,ES,Federal Contract Tower,0,8,47,0,55,0,0,127,2,129,0,8,174,2,184,136,0,136,320
04/14/2013,CRG,FL,ASO,ES,Federal Contract Tower,0,2,35,0,37,0,0,110,2,112,0,2,145,2,149,46,0,46,195
04/15/2013,CRG,FL,ASO,ES,Federal Contract Tower,0,2,60,2,64,0,0,122,33,155,0,2,182,35,219,195,0,195,414
04/16/2013,CRG,FL,ASO,ES,Federal Contract Tower,0,4,53,0,57,0,1,85,130,216,0,5,138,130,273,51,0,51,324
04/17/2013,CRG,FL,ASO,ES,Federal Contract Tower,0,3,79,0,82,0,0,144,104,248,0,3,223,104,330,150,0,150,480
04/18/2013,CRG,FL,ASO,ES,Federal Contract Tower,0,6,71,0,77,0,0,128,84,212,0,6,199,84,289,216,0,216,505
04/19/2013,CRG,FL,ASO,ES,Federal Contract Tower,0,1,43,0,44,0,0,90,4,94,0,1,133,4,138,64,0,64,202
04/20/2013,CRG,FL,ASO,ES,Federal Contract Tower,0,2,34,0,36,0,2,30,0,32,0,4,64,0,68,8,0,8,76
04/21/2013,CRG,FL,ASO,ES,Federal Contract Tower,0,3,40,0,43,0,0,44,4,48,0,3,84,4,91,122,0,122,213
04/22/2013,CRG,FL,ASO,ES,Federal Contract Tower,0,0,31,0,31,0,0,25,34,59,0,0,56,34,90,0,0,0,90
04/23/2013,CRG,FL,ASO,ES,Federal Contract Tower,0,6,66,0,72,0,1,149,85,235,0,7,215,85,307,244,0,244,551
04/24/2013,CRG,FL,ASO,ES,Federal Contract Tower,0,2,63,1,66,0,0,200,91,291,0,2,263,92,357,297,10,307,664
04/25/2013,CRG,FL,ASO,ES,Federal Contract Tower,0,8,75,0,83,0,0,203,62,265,0,8,278,62,348,260,0,260,608
04/26/2013,CRG,FL,ASO,ES,Federal Contract Tower,0,9,77,0,86,0,0,96,30,126,0,9,173,30,212,105,0,105,317
04/27/2013,CRG,FL,ASO,ES,Federal Contract Tower,0,3,30,0,33,0,0,99,0,99,0,3,129,0,132,183,0,183,315
04/28/2013,CRG,FL,ASO,ES,Federal Contract Tower,0,4,29,0,33,0,0,48,2,50,0,4,77,2,83,121,0,121,204
04/29/2013,CRG,FL,ASO,ES,Federal Contract Tower,0,3,36,0,39,0,0,69,6,75,0,3,105,6,114,49,0,49,163
04/30/2013,CRG,FL,ASO,ES,Federal Contract Tower,0,5,54,0,59,0,0,76,98,174,0,5,130,98,233,110,0,110,343
05/01/2013,CRG,FL,ASO,ES,Federal Contract Tower,0,0,81,0,81,0,0,35,73,108,0,0,116,73,189,49,0,49,238
05/02/2013,CRG,FL,ASO,ES,Federal Contract Tower,0,4,24,0,28,0,0,10,36,46,0,4,34,36,74,0,0,0,74
05/03/2013,CRG,FL,ASO,ES,Federal Contract Tower,0,3,25,0,28,0,0,3,14,17,0,3,28,14,45,7,6,13,58
05/04/2013,CRG,FL,ASO,ES,Federal Contract Tower,0,4,15,0,19,0,0,1,0,1,0,4,16,0,20,0,0,0,20
05/05/2013,CRG,FL,ASO,ES,Federal Contract Tower,0,4,35,0,39,0,0,60,2,62,0,4,95,2,101,25,0,25,126
05/06/2013,CRG,FL,ASO,ES,Federal Contract Tower,0,9,65,0,74,0,0,135,16,151,0,9,200,16,225,132,0,132,357
05/07/2013,CRG,FL,ASO,ES,Federal Contract Tower,0,4,54,0,58,0,0,148,44,192,0,4,202,44,250,80,0,80,330
05/08/2013,CRG,FL,ASO,ES,Federal Contract Tower,0,5,70,0,75,0,0,177,38,215,0,5,247,38,290,129,0,129,419
05/09/2013,CRG,FL,ASO,ES,Federal Contract Tower,0,4,71,2,77,0,0,134,22,156,0,4,205,24,233,123,0,123,356
05/10/2013,CRG,FL,ASO,ES,Federal Contract Tower,0,2,68,0,70,0,0,130,12,142,0,2,198,12,212,94,0,94,306
05/11/2013,CRG,FL,ASO,ES,Federal Contract Tower,0,1,34,0,35,0,0,103,0,103,0,1,137,0,138,98,0,98,236
05/12/2013,CRG,FL,ASO,ES,Federal Contract Tower,0,0,26,0,26,0,0,88,2,90,0,0,114,2,116,55,0,55,171
05/13/2013,CRG,FL,ASO,ES,Federal Contract Tower,0,4,78,1,83,0,0,115,46,161,0,4,193,47,244,125,0,125,369
05/14/2013,CRG,FL,ASO,ES,Federal Contract Tower,0,2,54,10,66,0,0,119,52,171,0,2,173,62,237,77,0,77,314
05/15/2013,CRG,FL,ASO,ES,Federal Contract Tower,0,2,65,1,68,0,0,113,31,144,0,2,178,32,212,111,0,111,323
05/16/2013,CRG,FL,ASO,ES,Federal Contract Tower,0,0,57,0,57,0,0,104,38,142,0,0,161,38,199,73,0,73,272
05/17/2013,CRG,FL,ASO,ES,Federal Contract Tower,0,0,55,0,55,0,0,98,28,126,0,0,153,28,181,71,0,71,252
05/18/2013,CRG,FL,ASO,ES,Federal Contract Tower,0,0,27,0,27,0,0,73,0,73,0,0,100,0,100,62,16,78,178
05/19/2013,CRG,FL,ASO,ES,Federal Contract Tower,0,6,31,0,37,0,0,80,0,80,0,6,111,0,117,138,0,138,255
05/20/2013,CRG,FL,ASO,ES,Federal Contract Tower,0,1,54,0,55,0,0,56,20,76,0,1,110,20,131,40,2,42,173
05/21/2013,CRG,FL,ASO,ES,Federal Contract Tower,0,2,49,0,51,0,0,94,35,129,0,2,143,35,180,114,0,114,294
05/22/2013,CRG,FL,ASO,ES,Federal Contract Tower,0,5,64,0,69,0,0,58,38,96,0,5,122,38,165,48,0,48,213
05/23/2013,CRG,FL,ASO,ES,Federal Contract Tower,0,2,65,0,67,0,0,98,22,120,0,2,163,22,187,146,0,146,333
05/24/2013,CRG,FL,ASO,ES,Federal Contract Tower,0,5,60,0,65,0,0,100,8,108,0,5,160,8,173,151,0,151,324
05/25/2013,CRG,FL,ASO,ES,Federal Contract Tower,0,3,27,0,30,0,0,114,1,115,0,3,141,1,145,107,0,107,252
05/26/2013,CRG,FL,ASO,ES,Federal Contract Tower,0,4,29,0,33,0,0,94,6,100,0,4,123,6,133,165,0,165,298
05/27/2013,CRG,FL,ASO,ES,Federal Contract Tower,0,1,51,0,52,0,0,132,0,132,0,1,183,0,184,106,0,106,290
05/28/2013,CRG,FL,ASO,ES,Federal Contract Tower,0,4,67,0,71,0,0,91,36,127,0,4,158,36,198,143,0,143,341
05/29/2013,CRG,FL,ASO,ES,Federal Contract Tower,0,4,56,1,61,0,0,93,64,157,0,4,149,65,218,89,0,89,307
05/30/2013,CRG,FL,ASO,ES,Federal Contract Tower,0,2,62,0,64,0,0,101,64,165,0,2,163,64,229,96,0,96,325
05/31/2013,CRG,FL,ASO,ES,Federal Contract Tower,0,4,64,0,68,0,0,106,19,125,0,4,170,19,193,102,0,102,295
06/01/2013,CRG,FL,ASO,ES,Federal Contract Tower,0,7,41,0,48,0,0,95,8,103,0,7,136,8,151,49,0,49,200
06/02/2013,CRG,FL,ASO,ES,Federal Contract Tower,0,4,27,0,31,0,0,52,4,56,0,4,79,4,87,57,0,57,144
06/03/2013,CRG,FL,ASO,ES,Federal Contract Tower,0,0,49,1,50,0,0,79,21,100,0,0,128,22,150,116,0,116,266
06/04/2013,CRG,FL,ASO,ES,Federal Contract Tower,0,1,39,0,40,0,0,84,14,98,0,1,123,14,138,101,0,101,239
06/05/2013,CRG,FL,ASO,ES,Federal Contract Tower,0,7,47,0,54,0,0,80,18,98,0,7,127,18,152,137,0,137,289
06/06/2013,CRG,FL,ASO,ES,Federal Contract Tower,0,0,28,0,28,0,0,9,0,9,0,0,37,0,37,8,0,8,45
06/07/2013,CRG,FL,ASO,ES,Federal Contract Tower,0,4,47,0,51,0,0,88,4,92,0,4,135,4,143,66,0,66,209
06/08/2013,CRG,FL,ASO,ES,Federal Contract Tower,0,0,37,0,37,0,0,84,2,86,0,0,121,2,123,120,0,120,243
06/09/2013,CRG,FL,ASO,ES,Federal Contract Tower,0,4,32,0,36,0,0,63,4,67,0,4,95,4,103,84,0,84,187
06/10/2013,CRG,FL,ASO,ES,Federal Contract Tower,0,0,52,0,52,0,0,127,16,143,0,0,179,16,195,127,0,127,322
06/11/2013,CRG,FL,ASO,ES,Federal Contract Tower,0,6,50,0,56,0,1,113,22,136,0,7,163,22,192,183,0,183,375
06/12/2013,CRG,FL,ASO,ES,Federal Contract Tower,0,0,57,0,57,0,0,99,34,133,0,0,156,34,190,105,0,105,295
06/13/2013,CRG,FL,ASO,ES,Federal Contract Tower,0,1,54,0,55,0,0,101,34,135,0,1,155,34,190,187,0,187,377
06/14/2013,CRG,FL,ASO,ES,Federal Contract Tower,0,2,43,0,45,0,0,79,8,87,0,2,122,8,132,147,2,149,281
06/15/2013,CRG,FL,ASO,ES,Federal Contract Tower,0,4,37,0,41,0,0,123,2,125,0,4,160,2,166,76,0,76,242
06/16/2013,CRG,FL,ASO,ES,Federal Contract Tower,0,2,32,0,34,0,0,102,12,114,0,2,134,12,148,51,0,51,199
06/17/2013,CRG,FL,ASO,ES,Federal Contract Tower,0,4,55,0,59,0,0,114,8,122,0,4,169,8,181,108,0,108,289
06/18/2013,CRG,FL,ASO,ES,Federal Contract Tower,0,2,41,0,43,0,0,106,32,138,0,2,147,32,181,87,0,87,268
06/19/2013,CRG,FL,ASO,ES,Federal Contract Tower,0,2,56,1,59,0,0,91,33,124,0,2,147,34,183,108,0,108,291
06/20/2013,CRG,FL,ASO,ES,Federal Contract Tower,0,6,43,0,49,0,0,68,48,116,0,6,111,48,165,113,0,113,278
06/21/2013,CRG,FL,ASO,ES,Federal Contract Tower,0,0,56,0,56,0,2,84,4,90,0,2,140,4,146,192,0,192,338
06/22/2013,CRG,FL,ASO,ES,Federal Contract Tower,0,0,27,0,27,0,0,128,0,128,0,0,155,0,155,140,0,140,295
06/23/2013,CRG,FL,ASO,ES,Federal Contract Tower,0,7,36,0,43,0,0,98,0,98,0,7,134,0,141,121,0,121,262
06/24/2013,CRG,FL,ASO,ES,Federal Contract Tower,0,1,46,0,47,0,0,103,4,107,0,1,149,4,154,126,0,126,280
06/25/2013,CRG,FL,ASO,ES,Federal Contract Tower,0,0,55,0,55,0,0,76,72,148,0,0,131,72,203,115,0,115,318
06/26/2013,CRG,FL,ASO,ES,Federal Contract Tower,0,2,53,0,55,0,0,107,34,141,0,2,160,34,196,176,0,176,372
06/27/2013,CRG,FL,ASO,ES,Federal Contract Tower,0,4,60,0,64,0,0,106,16,122,0,4,166,16,186,107,0,107,293
06/28/2013,CRG,FL,ASO,ES,Federal Contract Tower,0,2,43,0,45,0,0,124,6,130,0,2,167,6,175,165,0,165,340
06/29/2013,CRG,FL,ASO,ES,Federal Contract Tower,0,7,27,0,34,0,0,66,2,68,0,7,93,2,102,76,0,76,178
06/30/2013,CRG,FL,ASO,ES,Federal Contract Tower,0,0,41,0,41,0,0,49,2,51,0,0,90,2,92,78,0,78,170
07/01/2013,CRG,FL,ASO,ES,Federal Contract Tower,0,1,35,0,36,0,0,52,10,62,0,1,87,10,98,12,0,12,110
07/02/2013,CRG,FL,ASO,ES,Federal Contract Tower,0,0,46,0,46,0,0,48,28,76,0,0,94,28,122,64,0,64,186
07/03/2013,CRG,FL,ASO,ES,Federal Contract Tower,0,3,65,0,68,0,1,113,12,126,0,4,178,12,194,83,0,83,277
07/04/2013,CRG,FL,ASO,ES,Federal Contract Tower,0,1,30,0,31,0,0,64,4,68,0,1,94,4,99,107,0,107,206
07/05/2013,CRG,FL,ASO,ES,Federal Contract Tower,0,3,30,0,33,0,0,87,0,87,0,3,117,0,120,66,0,66,186
07/06/2013,CRG,FL,ASO,ES,Federal Contract Tower,0,2,35,0,37,0,0,125,0,125,0,2,160,0,162,144,0,144,306
07/07/2013,CRG,FL,ASO,ES,Federal Contract Tower,0,2,53,0,55,0,0,81,0,81,0,2,134,0,136,104,0,104,240
07/08/2013,CRG,FL,ASO,ES,Federal Contract Tower,0,0,67,0,67,0,0,124,14,138,0,0,191,14,205,100,0,100,305
07/09/2013,CRG,FL,ASO,ES,Federal Contract Tower,0,2,67,0,69,0,0,110,40,150,0,2,177,40,219,50,0,50,269
07/10/2013,CRG,FL,ASO,ES,Federal Contract Tower,0,2,40,0,42,0,0,130,46,176,0,2,170,46,218,154,0,154,372
07/11/2013,CRG,FL,ASO,ES,Federal Contract Tower,0,6,71,0,77,0,0,137,25,162,0,6,208,25,239,124,0,124,363
07/12/2013,CRG,FL,ASO,ES,Federal Contract Tower,0,2,58,0,60,0,0,86,18,104,0,2,144,18,164,132,0,132,296
07/13/2013,CRG,FL,ASO,ES,Federal Contract Tower,0,1,49,0,50,0,0,75,2,77,0,1,124,2,127,85,0,85,212
07/14/2013,CRG,FL,ASO,ES,Federal Contract Tower,0,2,38,0,40,0,0,46,4,50,0,2,84,4,90,125,0,125,215
07/15/2013,CRG,FL,ASO,ES,Federal Contract Tower,0,4,57,0,61,0,0,71,39,110,0,4,128,39,171,30,0,30,201
07/16/2013,CRG,FL,ASO,ES,Federal Contract Tower,0,5,72,0,77,0,0,115,36,151,0,5,187,36,228,123,0,123,351
07/17/2013,CRG,FL,ASO,ES,Federal Contract Tower,0,4,62,0,66,0,0,123,31,154,0,4,185,31,220,163,0,163,383
07/18/2013,CRG,FL,ASO,ES,Federal Contract Tower,0,2,66,2,70,0,0,96,63,159,0,2,162,65,229,138,0,138,367
07/19/2013,CRG,FL,ASO,ES,Federal Contract Tower,0,7,47,0,54,0,0,158,6,164,0,7,205,6,218,114,0,114,332
07/20/2013,CRG,FL,ASO,ES,Federal Contract Tower,0,3,48,0,51,0,0,92,0,92,0,3,140,0,143,110,0,110,253
07/21/2013,CRG,FL,ASO,ES,Federal Contract Tower,0,2,69,0,71,0,0,70,2,72,0,2,139,2,143,35,0,35,178
07/22/2013,CRG,FL,ASO,ES,Federal Contract Tower,0,1,39,2,42,0,0,70,10,80,0,1,109,12,122,43,0,43,165
07/23/2013,CRG,FL,ASO,ES,Federal Contract Tower,0,0,61,0,61,0,0,100,44,144,0,0,161,44,205,138,0,138,343
07/24/2013,CRG,FL,ASO,ES,Federal Contract Tower,0,1,48,0,49,0,0,49,24,73,0,1,97,24,122,32,0,32,154
07/25/2013,CRG,FL,ASO,ES,Federal Contract Tower,0,4,53,0,57,0,0,75,80,155,0,4,128,80,212,57,0,57,269
07/26/2013,CRG,FL,ASO,ES,Federal Contract Tower,0,4,45,0,49,0,0,133,10,143,0,4,178,10,192,82,0,82,274
07/27/2013,CRG,FL,ASO,ES,Federal Contract Tower,0,2,34,0,36,0,0,130,4,134,0,2,164,4,170,39,0,39,209
07/28/2013,CRG,FL,ASO,ES,Federal Contract Tower,0,4,28,0,32,0,0,52,2,54,0,4,80,2,86,39,0,39,125
07/29/2013,CRG,FL,ASO,ES,Federal Contract Tower,0,1,40,0,41,0,0,105,14,119,0,1,145,14,160,147,0,147,307
07/30/2013,CRG,FL,ASO,ES,Federal Contract Tower,0,2,51,0,53,0,1,111,30,142,0,3,162,30,195,94,0,94,289
07/31/2013,CRG,FL,ASO,ES,Federal Contract Tower,0,2,42,0,44,0,0,55,12,67,0,2,97,12,111,10,0,10,121
08/01/2013,CRG,FL,ASO,ES,Federal Contract Tower,0,4,41,1,46,0,0,92,22,114,0,4,133,23,160,95,0,95,255
08/02/2013,CRG,FL,ASO,ES,Federal Contract Tower,0,7,58,1,66,0,0,92,9,101,0,7,150,10,167,154,0,154,321
08/03/2013,CRG,FL,ASO,ES,Federal Contract Tower,0,2,49,0,51,0,0,78,6,84,0,2,127,6,135,70,0,70,205
08/04/2013,CRG,FL,ASO,ES,Federal Contract Tower,0,3,40,0,43,0,0,63,0,63,0,3,103,0,106,87,0,87,193
08/05/2013,CRG,FL,ASO,ES,Federal Contract Tower,0,4,56,0,60,0,0,111,26,137,0,4,167,26,197,101,0,101,298
08/06/2013,CRG,FL,ASO,ES,Federal Contract Tower,0,3,49,0,52,0,0,90,53,143,0,3,139,53,195,133,0,133,328
08/07/2013,CRG,FL,ASO,ES,Federal Contract Tower,0,2,56,2,60,0,0,101,68,169,0,2,157,70,229,99,10,109,338
08/08/2013,CRG,FL,ASO,ES,Federal Contract Tower,0,1,52,0,53,0,0,117,85,202,0,1,169,85,255,112,4,116,371
08/09/2013,CRG,FL,ASO,ES,Federal Contract Tower,0,4,63,0,67,0,0,115,14,129,0,4,178,14,196,108,2,110,306
08/10/2013,CRG,FL,ASO,ES,Federal Contract Tower,0,3,43,0,46,0,0,72,2,74,0,3,115,2,120,66,0,66,186
08/11/2013,CRG,FL,ASO,ES,Federal Contract Tower,0,4,51,0,55,0,0,74,10,84,0,4,125,10,139,34,0,34,173
08/12/2013,CRG,FL,ASO,ES,Federal Contract Tower,0,0,57,2,59,0,0,105,28,133,0,0,162,30,192,92,0,92,284
08/13/2013,CRG,FL,ASO,ES,Federal Contract Tower,0,3,54,0,57,0,0,113,26,139,0,3,167,26,196,107,0,107,303
08/14/2013,CRG,FL,ASO,ES,Federal Contract Tower,0,11,61,0,72,0,0,93,17,110,0,11,154,17,182,161,0,161,343
08/15/2013,CRG,FL,ASO,ES,Federal Contract Tower,0,3,40,0,43,0,0,72,30,102,0,3,112,30,145,135,0,135,280
08/16/2013,CRG,FL,ASO,ES,Federal Contract Tower,0,2,42,0,44,0,0,65,0,65,0,2,107,0,109,86,0,86,195
08/17/2013,CRG,FL,ASO,ES,Federal Contract Tower,0,1,21,0,22,0,0,64,2,66,0,1,85,2,88,99,0,99,187
08/18/2013,CRG,FL,ASO,ES,Federal Contract Tower,0,3,36,0,39,0,0,60,2,62,0,3,96,2,101,117,0,117,218
08/19/2013,CRG,FL,ASO,ES,Federal Contract Tower,0,4,63,0,67,0,0,107,10,117,0,4,170,10,184,100,0,100,284
08/20/2013,CRG,FL,ASO,ES,Federal Contract Tower,0,3,39,0,42,0,0,106,46,152,0,3,145,46,194,92,0,92,286
08/21/2013,CRG,FL,ASO,ES,Federal Contract Tower,0,2,75,0,77,0,0,97,54,151,0,2,172,54,228,98,6,104,332
08/22/2013,CRG,FL,ASO,ES,Federal Contract Tower,0,4,42,0,46,0,0,33,26,59,0,4,75,26,105,50,0,50,155
08/23/2013,CRG,FL,ASO,ES,Federal Contract Tower,0,2,54,0,56,0,0,43,4,47,0,2,97,4,103,74,0,74,177
08/24/2013,CRG,FL,ASO,ES,Federal Contract Tower,0,0,40,0,40,0,0,56,0,56,0,0,96,0,96,65,0,65,161
08/25/2013,CRG,FL,ASO,ES,Federal Contract Tower,0,2,33,0,35,0,0,58,0,58,0,2,91,0,93,106,0,106,199
08/26/2013,CRG,FL,ASO,ES,Federal Contract Tower,0,3,55,0,58,0,0,91,26,117,0,3,146,26,175,126,0,126,301
08/27/2013,CRG,FL,ASO,ES,Federal Contract Tower,0,9,60,0,69,0,0,108,98,206,0,9,168,98,275,143,0,143,418
08/28/2013,CRG,FL,ASO,ES,Federal Contract Tower,0,2,54,0,56,0,0,117,36,153,0,2,171,36,209,68,0,68,277
08/29/2013,CRG,FL,ASO,ES,Federal Contract Tower,0,0,67,0,67,0,0,142,26,168,0,0,209,26,235,92,0,92,327
08/30/2013,CRG,FL,ASO,ES,Federal Contract Tower,0,0,61,0,61,0,0,117,2,119,0,0,178,2,180,130,0,130,310
08/31/2013,CRG,FL,ASO,ES,Federal Contract Tower,0,2,31,0,33,0,0,90,2,92,0,2,121,2,125,82,0,82,207
09/01/2013,CRG,FL,ASO,ES,Federal Contract Tower,0,0,27,0,27,0,0,61,0,61,0,0,88,0,88,120,0,120,208
09/02/2013,CRG,FL,ASO,ES,Federal Contract Tower,0,0,39,0,39,0,0,97,0,97,0,0,136,0,136,160,0,160,296
09/03/2013,CRG,FL,ASO,ES,Federal Contract Tower,0,2,38,0,40,0,0,120,18,138,0,2,158,18,178,260,2,262,440
09/04/2013,CRG,FL,ASO,ES,Federal Contract Tower,0,4,60,0,64,0,0,107,56,163,0,4,167,56,227,290,2,292,519
09/05/2013,CRG,FL,ASO,ES,Federal Contract Tower,0,2,53,0,55,0,0,91,46,137,0,2,144,46,192,109,0,109,301
09/06/2013,CRG,FL,ASO,ES,Federal Contract Tower,0,2,61,0,63,0,0,114,0,114,0,2,175,0,177,141,2,143,320
09/07/2013,CRG,FL,ASO,ES,Federal Contract Tower,0,4,62,0,66,0,0,114,4,118,0,4,176,4,184,126,0,126,310
09/08/2013,CRG,FL,ASO,ES,Federal Contract Tower,0,1,53,0,54,0,0,76,4,80,0,1,129,4,134,40,0,40,174
09/09/2013,CRG,FL,ASO,ES,Federal Contract Tower,0,7,67,0,74,0,0,97,48,145,0,7,164,48,219,144,0,144,363
09/10/2013,CRG,FL,ASO,ES,Federal Contract Tower,0,0,59,0,59,0,0,82,58,140,0,0,141,58,199,142,0,142,341
09/11/2013,CRG,FL,ASO,ES,Federal Contract Tower,0,3,49,0,52,0,0,104,48,152,0,3,153,48,204,256,2,258,462
09/12/2013,CRG,FL,ASO,ES,Federal Contract Tower,0,0,61,0,61,0,0,102,76,178,0,0,163,76,239,208,0,208,447
09/13/2013,CRG,FL,ASO,ES,Federal Contract Tower,0,0,45,0,45,0,0,113,22,135,0,0,158,22,180,210,0,210,390
09/14/2013,CRG,FL,ASO,ES,Federal Contract Tower,0,0,38,0,38,0,0,116,6,122,0,0,154,6,160,80,0,80,240
09/15/2013,CRG,FL,ASO,ES,Federal Contract Tower,0,5,35,0,40,0,0,76,2,78,0,5,111,2,118,73,0,73,191
09/16/2013,CRG,FL,ASO,ES,Federal Contract Tower,0,0,54,0,54,0,0,123,20,143,0,0,177,20,197,113,0,113,310
09/17/2013,CRG,FL,ASO,ES,Federal Contract Tower,0,0,71,0,71,0,0,82,36,118,0,0,153,36,189,100,2,102,291
09/18/2013,CRG,FL,ASO,ES,Federal Contract Tower,0,1,38,0,39,0,0,40,52,92,0,1,78,52,131,41,0,41,172
09/19/2013,CRG,FL,ASO,ES,Federal Contract Tower,0,2,63,0,65,0,0,86,36,122,0,2,149,36,187,143,2,145,332
09/20/2013,CRG,FL,ASO,ES,Federal Contract Tower,0,4,55,0,59,0,0,149,12,161,0,4,204,12,220,106,0,106,326
09/21/2013,CRG,FL,ASO,ES,Federal Contract Tower,0,1,36,0,37,0,0,168,0,168,0,1,204,0,205,92,0,92,297
09/22/2013,CRG,FL,ASO,ES,Federal Contract Tower,0,3,32,0,35,0,0,29,0,29,0,3,61,0,64,42,0,42,106
09/23/2013,CRG,FL,ASO,ES,Federal Contract Tower,0,1,44,2,47,0,0,49,52,101,0,1,93,54,148,47,0,47,195
09/24/2013,CRG,FL,ASO,ES,Federal Contract Tower,0,3,43,0,46,0,0,26,26,52,0,3,69,26,98,36,0,36,134
09/25/2013,CRG,FL,ASO,ES,Federal Contract Tower,0,4,64,0,68,0,0,59,16,75,0,4,123,16,143,95,0,95,238
09/26/2013,CRG,FL,ASO,ES,Federal Contract Tower,0,4,78,0,82,0,0,30,10,40,0,4,108,10,122,26,0,26,148
09/27/2013,CRG,FL,ASO,ES,Federal Contract Tower,0,4,75,0,79,0,0,114,0,114,0,4,189,0,193,102,0,102,295
09/28/2013,CRG,FL,ASO,ES,Federal Contract Tower,0,5,66,1,72,0,0,54,0,54,0,5,120,1,126,136,0,136,262
09/29/2013,CRG,FL,ASO,ES,Federal Contract Tower,0,1,41,0,42,0,0,98,2,100,0,1,139,2,142,192,0,192,334
09/30/2013,CRG,FL,ASO,ES,Federal Contract Tower,0,0,47,1,48,0,0,122,20,142,0,0,169,21,190,246,0,246,436
10/01/2013,CRG,FL,ASO,ES,Federal Contract Tower,0,2,52,0,54,0,0,124,88,212,0,2,176,88,266,227,0,227,493
10/02/2013,CRG,FL,ASO,ES,Federal Contract Tower,0,4,59,0,63,0,0,145,94,239,0,4,204,94,302,200,0,200,502
10/03/2013,CRG,FL,ASO,ES,Federal Contract Tower,0,1,53,2,56,0,0,103,76,179,0,1,156,78,235,103,0,103,338
10/04/2013,CRG,FL,ASO,ES,Federal Contract Tower,0,1,79,0,80,0,0,124,16,140,0,1,203,16,220,133,0,133,353
10/05/2013,CRG,FL,ASO,ES,Federal Contract Tower,0,0,44,0,44,0,0,117,0,117,0,0,161,0,161,160,0,160,321
10/06/2013,CRG,FL,ASO,ES,Federal Contract Tower,0,4,30,0,34,0,0,46,0,46,0,4,76,0,80,63,0,63,143
10/07/2013,CRG,FL,ASO,ES,Federal Contract Tower,0,4,41,0,45,0,0,46,44,90,0,4,87,44,135,75,0,75,210
10/08/2013,CRG,FL,ASO,ES,Federal Contract Tower,0,2,65,0,67,0,0,4,54,58,0,2,69,54,125,0,0,0,125
10/09/2013,CRG,FL,ASO,ES,Federal Contract Tower,0,2,54,11,67,0,0,31,24,55,0,2,85,35,122,32,0,32,154
10/10/2013,CRG,FL,ASO,ES,Federal Contract Tower,0,1,56,0,57,0,0,146,74,220,0,1,202,74,277,126,0,126,403
10/11/2013,CRG,FL,ASO,ES,Federal Contract Tower,0,4,69,2,75,0,0,139,13,152,0,4,208,15,227,133,0,133,360
10/12/2013,CRG,FL,ASO,ES,Federal Contract Tower,0,5,45,0,50,0,0,108,6,114,0,5,153,6,164,82,0,82,246
10/13/2013,CRG,FL,ASO,ES,Federal Contract Tower,0,9,57,0,66,0,0,78,0,78,0,9,135,0,144,45,0,45,189
10/14/2013,CRG,FL,ASO,ES,Federal Contract Tower,0,3,54,0,57,0,0,22,15,37,0,3,76,15,94,78,0,78,172
10/15/2013,CRG,FL,ASO,ES,Federal Contract Tower,0,2,43,0,45,0,0,7,80,87,0,2,50,80,132,0,16,16,148
10/16/2013,CRG,FL,ASO,ES,Federal Contract Tower,0,8,66,0,74,0,0,117,78,195,0,8,183,78,269,111,2,113,382
10/17/2013,CRG,FL,ASO,ES,Federal Contract Tower,0,2,73,0,75,0,0,145,78,223,0,2,218,78,298,190,0,190,488
10/18/2013,CRG,FL,ASO,ES,Federal Contract Tower,0,2,78,0,80,0,0,114,11,125,0,2,192,11,205,109,0,109,314
10/19/2013,CRG,FL,ASO,ES,Federal Contract Tower,0,1,47,0,48,0,0,149,0,149,0,1,196,0,197,95,0,95,292
10/20/2013,CRG,FL,ASO,ES,Federal Contract Tower,0,2,47,0,49,0,0,66,0,66,0,2,113,0,115,87,0,87,202
10/21/2013,CRG,FL,ASO,ES,Federal Contract Tower,0,0,60,0,60,0,0,28,44,72,0,0,88,44,132,86,2,88,220
10/22/2013,CRG,FL,ASO,ES,Federal Contract Tower,0,2,44,0,46,0,0,14,84,98,0,2,58,84,144,2,0,2,146
10/23/2013,CRG,FL,ASO,ES,Federal Contract Tower,0,0,79,0,79,0,0,132,34,166,0,0,211,34,245,179,0,179,424
10/24/2013,CRG,FL,ASO,ES,Federal Contract Tower,0,10,83,4,97,0,0,142,50,192,0,10,225,54,289,252,0,252,541
10/25/2013,CRG,FL,ASO,ES,Federal Contract Tower,0,2,79,0,81,0,0,107,42,149,0,2,186,42,230,113,0,113,343
10/26/2013,CRG,FL,ASO,ES,Federal Contract Tower,0,0,56,0,56,0,0,103,8,111,0,0,159,8,167,129,0,129,296
10/27/2013,CRG,FL,ASO,ES,Federal Contract Tower,0,5,56,0,61,0,0,94,8,102,0,5,150,8,163,128,0,128,291
10/28/2013,CRG,FL,ASO,ES,Federal Contract Tower,0,2,57,0,59,0,0,119,82,201,0,2,176,82,260,161,0,161,421
10/29/2013,CRG,FL,ASO,ES,Federal Contract Tower,0,3,90,0,93,0,0,129,58,187,0,3,219,58,280,111,2,113,393
10/30/2013,CRG,FL,ASO,ES,Federal Contract Tower,0,9,74,0,83,0,0,136,96,232,0,9,210,96,315,128,0,128,443
10/31/2013,CRG,FL,ASO,ES,Federal Contract Tower,0,1,43,0,44,0,0,121,28,149,0,1,164,28,193,118,0,118,311
11/01/2013,CRG,FL,ASO,ES,Federal Contract Tower,0,2,45,2,49,0,0,81,12,93,0,2,126,14,142,94,0,94,236
11/02/2013,CRG,FL,ASO,ES,Federal Contract Tower,0,7,71,0,78,0,0,50,2,52,0,7,121,2,130,55,0,55,185
11/03/2013,CRG,FL,ASO,ES,Federal Contract Tower,0,0,44,0,44,0,0,85,4,89,0,0,129,4,133,39,0,39,172
11/04/2013,CRG,FL,ASO,ES,Federal Contract Tower,0,0,46,0,46,0,0,53,60,113,0,0,99,60,159,16,0,16,175
11/05/2013,CRG,FL,ASO,ES,Federal Contract Tower,0,3,53,1,57,0,0,15,86,101,0,3,68,87,158,16,0,16,174
11/06/2013,CRG,FL,ASO,ES,Federal Contract Tower,0,3,66,0,69,0,0,31,82,113,0,3,97,82,182,72,2,74,256
11/07/2013,CRG,FL,ASO,ES,Federal Contract Tower,0,4,71,0,75,0,0,72,48,120,0,4,143,48,195,146,0,146,341
11/08/2013,CRG,FL,ASO,ES,Federal Contract Tower,0,4,68,2,74,0,0,76,30,106,0,4,144,32,180,56,0,56,236
11/09/2013,CRG,FL,ASO,ES,Federal Contract Tower,0,3,45,0,48,0,0,113,2,115,0,3,158,2,163,134,0,134,297
11/10/2013,CRG,FL,ASO,ES,Federal Contract Tower,0,2,40,0,42,0,0,81,0,81,0,2,121,0,123,74,0,74,197
11/11/2013,CRG,FL,ASO,ES,Federal Contract Tower,0,0,74,0,74,0,0,156,0,156,0,0,230,0,230,138,0,138,368
11/12/2013,CRG,FL,ASO,ES,Federal Contract Tower,0,1,44,0,45,0,0,100,40,140,0,1,144,40,185,212,0,212,397
11/13/2013,CRG,FL,ASO,ES,Federal Contract Tower,0,3,65,2,70,0,0,34,46,80,0,3,99,48,150,4,0,4,154
11/14/2013,CRG,FL,ASO,ES,Federal Contract Tower,0,3,73,0,76,0,0,100,42,142,0,3,173,42,218,104,0,104,322
11/15/2013,CRG,FL,ASO,ES,Federal Contract Tower,0,3,59,0,62,0,0,72,18,90,0,3,131,18,152,73,0,73,225
11/16/2013,CRG,FL,ASO,ES,Federal Contract Tower,0,0,46,0,46,0,0,86,10,96,0,0,132,10,142,72,0,72,214
11/17/2013,CRG,FL,ASO,ES,Federal Contract Tower,0,5,39,0,44,0,0,81,6,87,0,5,120,6,131,65,0,65,196
11/18/2013,CRG,FL,ASO,ES,Federal Contract Tower,0,4,51,0,55,0,0,50,22,72,0,4,101,22,127,99,0,99,226
11/19/2013,CRG,FL,ASO,ES,Federal Contract Tower,0,1,73,0,74,0,0,113,22,135,0,1,186,22,209,82,0,82,291
11/20/2013,CRG,FL,ASO,ES,Federal Contract Tower,0,0,64,0,64,0,0,10,18,28,0,0,74,18,92,42,0,42,134
11/21/2013,CRG,FL,ASO,ES,Federal Contract Tower,0,0,62,0,62,0,0,36,32,68,0,0,98,32,130,60,0,60,190
11/22/2013,CRG,FL,ASO,ES,Federal Contract Tower,0,0,61,0,61,0,0,95,14,109,0,0,156,14,170,150,0,150,320
11/23/2013,CRG,FL,ASO,ES,Federal Contract Tower,0,3,45,0,48,0,0,152,6,158,0,3,197,6,206,170,0,170,376
11/24/2013,CRG,FL,ASO,ES,Federal Contract Tower,0,1,22,0,23,0,0,22,0,22,0,1,44,0,45,0,0,0,45
11/25/2013,CRG,FL,ASO,ES,Federal Contract Tower,0,4,59,0,63,0,0,89,46,135,0,4,148,46,198,171,0,171,369
11/26/2013,CRG,FL,ASO,ES,Federal Contract Tower,0,1,37,0,38,0,0,25,2,27,0,1,62,2,65,84,0,84,149
11/27/2013,CRG,FL,ASO,ES,Federal Contract Tower,0,3,42,0,45,0,0,31,4,35,0,3,73,4,80,46,0,46,126
11/28/2013,CRG,FL,ASO,ES,Federal Contract Tower,0,3,19,0,22,0,0,37,2,39,0,3,56,2,61,22,0,22,83
11/29/2013,CRG,FL,ASO,ES,Federal Contract Tower,0,4,37,0,41,0,0,61,6,67,0,4,98,6,108,26,0,26,134
11/30/2013,CRG,FL,ASO,ES,Federal Contract Tower,0,1,26,2,29,0,0,0,0,0,0,1,26,2,29,0,0,0,29
12/01/2013,CRG,FL,ASO,ES,Federal Contract Tower,0,3,66,0,69,0,0,58,2,60,0,3,124,2,129,55,0,55,184
12/02/2013,CRG,FL,ASO,ES,Federal Contract Tower,0,4,64,0,68,0,0,76,60,136,0,4,140,60,204,69,0,69,273
12/03/2013,CRG,FL,ASO,ES,Federal Contract Tower,0,2,55,0,57,0,0,72,22,94,0,2,127,22,151,131,0,131,282
12/04/2013,CRG,FL,ASO,ES,Federal Contract Tower,0,2,61,0,63,0,0,86,30,116,0,2,147,30,179,96,0,96,275
12/05/2013,CRG,FL,ASO,ES,Federal Contract Tower,0,6,69,2,77,0,0,113,16,129,0,6,182,18,206,212,0,212,418
12/06/2013,CRG,FL,ASO,ES,Federal Contract Tower,0,5,42,0,47,0,0,117,19,136,0,5,159,19,183,107,0,107,290
12/07/2013,CRG,FL,ASO,ES,Federal Contract Tower,0,6,38,0,44,0,0,145,28,173,0,6,183,28,217,166,0,166,383
12/08/2013,CRG,FL,ASO,ES,Federal Contract Tower,0,0,29,0,29,0,0,0,0,0,0,0,29,0,29,0,0,0,29
12/09/2013,CRG,FL,ASO,ES,Federal Contract Tower,0,1,42,0,43,0,0,86,10,96,0,1,128,10,139,173,0,173,312
12/10/2013,CRG,FL,ASO,ES,Federal Contract Tower,0,9,39,0,48,0,0,51,12,63,0,9,90,12,111,94,0,94,205
12/11/2013,CRG,FL,ASO,ES,Federal Contract Tower,0,8,69,0,77,0,0,56,70,126,0,8,125,70,203,150,0,150,353
12/12/2013,CRG,FL,ASO,ES,Federal Contract Tower,0,8,56,0,64,0,0,126,87,213,0,8,182,87,277,92,0,92,369
12/13/2013,CRG,FL,ASO,ES,Federal Contract Tower,0,3,60,0,63,0,0,141,6,147,0,3,201,6,210,114,0,114,324
12/14/2013,CRG,FL,ASO,ES,Federal Contract Tower,0,0,32,0,32,0,0,54,4,58,0,0,86,4,90,51,0,51,141
12/15/2013,CRG,FL,ASO,ES,Federal Contract Tower,0,2,43,0,45,0,0,41,12,53,0,2,84,12,98,84,0,84,182
12/16/2013,CRG,FL,ASO,ES,Federal Contract Tower,0,3,47,0,50,0,0,100,32,132,0,3,147,32,182,85,0,85,267
12/17/2013,CRG,FL,ASO,ES,Federal Contract Tower,0,1,71,0,72,0,0,112,34,146,0,1,183,34,218,86,0,86,304
12/18/2013,CRG,FL,ASO,ES,Federal Contract Tower,0,1,65,1,67,0,0,129,6,135,0,1,194,7,202,185,0,185,387
12/19/2013,CRG,FL,ASO,ES,Federal Contract Tower,0,1,64,0,65,0,0,121,40,161,0,1,185,40,226,188,0,188,414
12/20/2013,CRG,FL,ASO,ES,Federal Contract Tower,0,1,56,0,57,0,1,151,12,164,0,2,207,12,221,208,0,208,429
12/21/2013,CRG,FL,ASO,ES,Federal Contract Tower,0,2,46,0,48,0,0,102,0,102,0,2,148,0,150,186,0,186,336
12/22/2013,CRG,FL,ASO,ES,Federal Contract Tower,0,1,21,0,22,0,0,51,0,51,0,1,72,0,73,69,0,69,142
12/23/2013,CRG,FL,ASO,ES,Federal Contract Tower,0,2,55,0,57,0,0,27,6,33,0,2,82,6,90,33,0,33,123
12/24/2013,CRG,FL,ASO,ES,Federal Contract Tower,0,2,24,0,26,0,0,47,0,47,0,2,71,0,73,10,0,10,83
12/25/2013,CRG,FL,ASO,ES,Federal Contract Tower,0,3,16,0,19,0,0,10,0,10,0,3,26,0,29,0,0,0,29
12/26/2013,CRG,FL,ASO,ES,Federal Contract Tower,0,1,57,4,62,0,0,31,4,35,0,1,88,8,97,0,0,0,97
12/27/2013,CRG,FL,ASO,ES,Federal Contract Tower,0,5,46,0,51,0,0,14,2,16,0,5,60,2,67,24,0,24,91
12/28/2013,CRG,FL,ASO,ES,Federal Contract Tower,0,4,36,0,40,0,0,13,0,13,0,4,49,0,53,27,0,27,80
12/29/2013,CRG,FL,ASO,ES,Federal Contract Tower,0,2,23,0,25,0,0,17,0,17,0,2,40,0,42,46,0,46,88
12/30/2013,CRG,FL,ASO,ES,Federal Contract Tower,0,0,60,0,60,0,0,82,10,92,0,0,142,10,152,84,0,84,236
12/31/2013,CRG,FL,ASO,ES,Federal Contract Tower,0,1,34,0,35,0,0,110,0,110,0,1,144,0,145,168,0,168,313
01/01/2014,CRG,FL,ASO,ES,Federal Contract Tower,0,2,32,0,34,0,0,8,0,8,0,2,40,0,42,12,0,12,54
01/02/2014,CRG,FL,ASO,ES,Federal Contract Tower,0,2,27,0,29,0,0,0,0,0,0,2,27,0,29,0,0,0,29
01/03/2014,CRG,FL,ASO,ES,Federal Contract Tower,0,1,51,0,52,0,0,78,2,80,0,1,129,2,132,159,0,159,291
01/04/2014,CRG,FL,ASO,ES,Federal Contract Tower,0,0,45,0,45,0,0,3,0,3,0,0,48,0,48,0,0,0,48
01/05/2014,CRG,FL,ASO,ES,Federal Contract Tower,0,2,46,0,48,0,0,94,0,94,0,2,140,0,142,260,0,260,402
01/06/2014,CRG,FL,ASO,ES,Federal Contract Tower,0,2,44,0,46,0,0,24,12,36,0,2,68,12,82,86,0,86,168
01/07/2014,CRG,FL,ASO,ES,Federal Contract Tower,0,6,26,0,32,0,0,61,66,127,0,6,87,66,159,107,0,107,266
01/08/2014,CRG,FL,ASO,ES,Federal Contract Tower,0,1,39,0,40,0,0,60,52,112,0,1,99,52,152,154,0,154,306
01/09/2014,CRG,FL,ASO,ES,Federal Contract Tower,0,5,42,38,85,0,0,0,16,16,0,5,42,54,101,0,0,0,101
01/10/2014,CRG,FL,ASO,ES,Federal Contract Tower,0,0,48,0,48,0,0,33,14,47,0,0,81,14,95,103,0,103,198
01/11/2014,CRG,FL,ASO,ES,Federal Contract Tower,0,1,23,0,24,0,0,8,0,8,0,1,31,0,32,0,0,0,32
01/12/2014,CRG,FL,ASO,ES,Federal Contract Tower,0,2,40,0,42,0,0,131,12,143,0,2,171,12,185,121,4,125,310
01/13/2014,CRG,FL,ASO,ES,Federal Contract Tower,0,6,40,0,46,0,0,109,44,153,0,6,149,44,199,171,0,171,370
01/14/2014,CRG,FL,ASO,ES,Federal Contract Tower,0,5,58,0,63,0,0,77,44,121,0,5,135,44,184,26,0,26,210
01/15/2014,CRG,FL,ASO,ES,Federal Contract Tower,0,2,62,0,64,0,0,137,58,195,0,2,199,58,259,114,4,118,377
01/16/2014,CRG,FL,ASO,ES,Federal Contract Tower,0,5,55,0,60,0,0,118,37,155,0,5,173,37,215,60,0,60,275
01/17/2014,CRG,FL,ASO,ES,Federal Contract Tower,0,8,55,0,63,0,0,155,8,163,0,8,210,8,226,114,0,114,340
01/18/2014,CRG,FL,ASO,ES,Federal Contract Tower,0,3,53,0,56,0,0,129,0,129,0,3,182,0,185,137,0,137,322
01/19/2014,CRG,FL,ASO,ES,Federal Contract Tower,0,0,34,0,34,0,0,70,0,70,0,0,104,0,104,35,0,35,139
01/20/2014,CRG,FL,ASO,ES,Federal Contract Tower,0,5,52,0,57,0,0,166,0,166,0,5,218,0,223,196,0,196,419
01/21/2014,CRG,FL,ASO,ES,Federal Contract Tower,0,2,43,0,45,0,0,82,32,114,0,2,125,32,159,128,0,128,287
01/22/2014,CRG,FL,ASO,ES,Federal Contract Tower,0,2,41,0,43,0,1,126,54,181,0,3,167,54,224,245,0,245,469
01/23/2014,CRG,FL,ASO,ES,Federal Contract Tower,0,3,65,0,68,0,0,119,36,155,0,3,184,36,223,206,0,206,429
01/24/2014,CRG,FL,ASO,ES,Federal Contract Tower,0,9,60,0,69,0,0,122,22,144,0,9,182,22,213,123,0,123,336
01/25/2014,CRG,FL,ASO,ES,Federal Contract Tower,0,5,42,0,47,0,0,125,0,125,0,5,167,0,172,160,0,160,332
01/26/2014,CRG,FL,ASO,ES,Federal Contract Tower,0,3,47,0,50,0,0,94,2,96,0,3,141,2,146,75,0,75,221
01/27/2014,CRG,FL,ASO,ES,Federal Contract Tower,0,2,56,0,58,0,0,130,22,152,0,2,186,22,210,196,0,196,406
01/28/2014,CRG,FL,ASO,ES,Federal Contract Tower,0,0,27,42,69,0,0,0,0,0,0,0,27,42,69,0,0,0,69
01/29/2014,CRG,FL,ASO,ES,Federal Contract Tower,0,3,21,2,26,0,0,5,10,15,0,3,26,12,41,0,0,0,41
01/30/2014,CRG,FL,ASO,ES,Federal Contract Tower,0,9,39,0,48,0,0,2,40,42,0,9,41,40,90,0,0,0,90
01/31/2014,CRG,FL,ASO,ES,Federal Contract Tower,0,5,79,0,84,0,0,38,4,42,0,5,117,4,126,105,0,105,231
02/01/2014,CRG,FL,ASO,ES,Federal Contract Tower,0,3,28,0,31,0,0,48,0,48,0,3,76,0,79,34,0,34,113
02/02/2014,CRG,FL,ASO,ES,Federal Contract Tower,0,2,22,0,24,0,0,15,0,15,0,2,37,0,39,30,0,30,69
02/03/2014,CRG,FL,ASO,ES,Federal Contract Tower,0,0,59,0,59,0,0,130,10,140,0,0,189,10,199,211,2,213,412
02/04/2014,CRG,FL,ASO,ES,Federal Contract Tower,0,0,72,8,80,0,0,34,0,34,0,0,106,8,114,31,0,31,145
02/05/2014,CRG,FL,ASO,ES,Federal Contract Tower,0,1,63,0,64,0,0,41,20,61,0,1,104,20,125,104,0,104,229
02/06/2014,CRG,FL,ASO,ES,Federal Contract Tower,0,1,68,0,69,0,0,127,102,229,0,1,195,102,298,119,0,119,417
02/07/2014,CRG,FL,ASO,ES,Federal Contract Tower,0,4,56,0,60,0,0,12,14,26,0,4,68,14,86,173,0,173,259
02/08/2014,CRG,FL,ASO,ES,Federal Contract Tower,0,4,27,3,34,0,0,34,18,52,0,4,61,21,86,52,0,52,138
02/09/2014,CRG,FL,ASO,ES,Federal Contract Tower,0,1,34,0,35,0,0,158,4,162,0,1,192,4,197,169,0,169,366
02/10/2014,CRG,FL,ASO,ES,Federal Contract Tower,0,4,61,0,65,0,0,110,56,166,0,4,171,56,231,196,0,196,427
02/11/2014,CRG,FL,ASO,ES,Federal Contract Tower,0,5,44,46,95,0,0,70,2,72,0,5,114,48,167,75,0,75,242
02/12/2014,CRG,FL,ASO,ES,Federal Contract Tower,0,2,24,4,30,0,0,0,0,0,0,2,24,4,30,0,0,0,30
02/13/2014,CRG,FL,ASO,ES,Federal Contract Tower,0,1,85,0,86,0,0,65,20,85,0,1,150,20,171,95,16,111,282
02/14/2014,CRG,FL,ASO,ES,Federal Contract Tower,0,3,78,0,81,0,0,150,6,156,0,3,228,6,237,150,0,150,387
02/15/2014,CRG,FL,ASO,ES,Federal Contract Tower,0,3,36,0,39,0,0,116,2,118,0,3,152,2,157,118,0,118,275
02/16/2014,CRG,FL,ASO,ES,Federal Contract Tower,0,0,54,0,54,0,0,135,2,137,0,0,189,2,191,74,0,74,265
02/17/2014,CRG,FL,ASO,ES,Federal Contract Tower,0,2,54,0,56,0,0,110,1,111,0,2,164,1,167,162,0,162,329
02/18/2014,CRG,FL,ASO,ES,Federal Contract Tower,0,2,56,0,58,0,0,104,80,184,0,2,160,80,242,230,0,230,472
02/19/2014,CRG,FL,ASO,ES,Federal Contract Tower,0,4,46,0,50,0,0,115,73,188,0,4,161,73,238,162,0,162,400
02/20/2014,CRG,FL,ASO,ES,Federal Contract Tower,0,1,64,0,65,0,0,126,34,160,0,1,190,34,225,289,0,289,514
02/21/2014,CRG,FL,ASO,ES,Federal Contract Tower,0,0,29,0,29,0,0,28,5,33,0,0,57,5,62,0,4,4,66
02/22/2014,CRG,FL,ASO,ES,Federal Contract Tower,0,0,45,0,45,0,0,78,0,78,0,0,123,0,123,68,0,68,191
02/23/2014,CRG,FL,ASO,ES,Federal Contract Tower,0,2,24,0,26,0,0,16,0,16,0,2,40,0,42,24,0,24,66
02/24/2014,CRG,FL,ASO,ES,Federal Contract Tower,0,2,68,0,70,0,0,57,40,97,0,2,125,40,167,67,0,67,234
02/25/2014,CRG,FL,ASO,ES,Federal Contract Tower,0,4,60,0,64,0,0,118,61,179,0,4,178,61,243,228,6,234,477
02/26/2014,CRG,FL,ASO,ES,Federal Contract Tower,0,2,32,0,34,0,0,6,2,8,0,2,38,2,42,6,0,6,48
02/27/2014,CRG,FL,ASO,ES,Federal Contract Tower,0,7,79,0,86,0,0,132,48,180,0,7,211,48,266,165,0,165,431
02/28/2014,CRG,FL,ASO,ES,Federal Contract Tower,0,6,80,0,86,0,0,187,18,205,0,6,267,18,291,135,0,135,426
03/01/2014,CRG,FL,ASO,ES,Federal Contract Tower,0,2,70,0,72,0,0,72,0,72,0,2,142,0,144,211,0,211,355
03/02/2014,CRG,FL,ASO,ES,Federal Contract Tower,0,6,44,0,50,0,0,77,0,77,0,6,121,0,127,219,0,219,346
03/03/2014,CRG,FL,ASO,ES,Federal Contract Tower,0,0,37,0,37,0,0,80,16,96,0,0,117,16,133,217,0,217,350
03/04/2014,CRG,FL,ASO,ES,Federal Contract Tower,0,6,52,8,66,0,0,0,0,0,0,6,52,8,66,0,0,0,66
03/05/2014,CRG,FL,ASO,ES,Federal Contract Tower,0,5,51,40,96,0,0,0,0,0,0,5,51,40,96,0,0,0,96
03/06/2014,CRG,FL,ASO,ES,Federal Contract Tower,0,1,34,0,35,0,0,0,0,0,0,1,34,0,35,0,0,0,35
03/07/2014,CRG,FL,ASO,ES,Federal Contract Tower,0,4,77,0,81,0,0,47,4,51,0,4,124,4,132,85,0,85,217
03/08/2014,CRG,FL,ASO,ES,Federal Contract Tower,0,3,49,0,52,0,0,251,0,251,0,3,300,0,303,291,0,291,594
03/09/2014,CRG,FL,ASO,ES,Federal Contract Tower,0,3,68,0,71,0,0,116,0,116,0,3,184,0,187,147,0,147,334
03/10/2014,CRG,FL,ASO,ES,Federal Contract Tower,0,0,75,0,75,0,0,98,42,140,0,0,173,42,215,213,2,215,430
03/11/2014,CRG,FL,ASO,ES,Federal Contract Tower,0,2,48,0,50,0,0,144,42,186,0,2,192,42,236,180,0,180,416
03/12/2014,CRG,FL,ASO,ES,Federal Contract Tower,0,0,38,2,40,0,0,59,36,95,0,0,97,38,135,8,0,8,143
03/13/2014,CRG,FL,ASO,ES,Federal Contract Tower,0,0,51,0,51,0,0,85,40,125,0,0,136,40,176,153,0,153,329
03/14/2014,CRG,FL,ASO,ES,Federal Contract Tower,0,9,65,0,74,0,0,117,6,123,0,9,182,6,197,213,0,213,410
03/15/2014,CRG,FL,ASO,ES,Federal Contract Tower,0,1,50,0,51,0,0,128,10,138,0,1,178,10,189,155,0,155,344
03/16/2014,CRG,FL,ASO,ES,Federal Contract Tower,0,2,17,0,19,0,1,34,4,39,0,3,51,4,58,24,0,24,82
03/17/2014,CRG,FL,ASO,ES,Federal Contract Tower,0,0,12,0,12,0,0,7,6,13,0,0,19,6,25,0,0,0,25
03/18/2014,CRG,FL,ASO,ES,Federal Contract Tower,0,4,66,22,92,0,0,1,36,37,0,4,67,58,129,0,0,0,129
03/19/2014,CRG,FL,ASO,ES,Federal Contract Tower,0,2,73,0,75,0,0,33,56,89,0,2,106,56,164,16,0,16,180
03/20/2014,CRG,FL,ASO,ES,Federal Contract Tower,0,4,82,0,86,0,1,90,46,137,0,5,172,46,223,131,0,131,354
03/21/2014,CRG,FL,ASO,ES,Federal Contract Tower,0,6,75,0,81,0,0,140,6,146,0,6,215,6,227,272,0,272,499
03/22/2014,CRG,FL,ASO,ES,Federal Contract Tower,0,2,38,0,40,0,0,66,0,66,0,2,104,0,106,114,0,114,220
03/23/2014,CRG,FL,ASO,ES,Federal Contract Tower,0,5,44,0,49,0,0,120,4,124,0,5,164,4,173,115,0,115,288
03/24/2014,CRG,FL,ASO,ES,Federal Contract Tower,0,3,47,4,54,0,0,46,38,84,0,3,93,42,138,174,0,174,312
03/25/2014,CRG,FL,ASO,ES,Federal Contract Tower,0,2,59,0,61,0,0,50,48,98,0,2,109,48,159,95,0,95,254
03/26/2014,CRG,FL,ASO,ES,Federal Contract Tower,0,5,68,0,73,0,0,100,42,142,0,5,168,42,215,296,0,296,511
03/27/2014,CRG,FL,ASO,ES,Federal Contract Tower,0,5,48,0,53,0,0,92,51,143,0,5,140,51,196,338,0,338,534
03/28/2014,CRG,FL,ASO,ES,Federal Contract Tower,0,4,42,0,46,0,4,65,6,75,0,8,107,6,121,197,0,197,318
03/29/2014,CRG,FL,ASO,ES,Federal Contract Tower,0,0,15,0,15,0,0,25,0,25,0,0,40,0,40,10,0,10,50
03/30/2014,CRG,FL,ASO,ES,Federal Contract Tower,0,8,55,0,63,0,0,96,0,96,0,8,151,0,159,88,0,88,247
03/31/2014,CRG,FL,ASO,ES,Federal Contract Tower,0,6,57,1,64,0,0,100,58,158,0,6,157,59,222,177,0,177,399
04/01/2014,CRG,FL,ASO,ES,Federal Contract Tower,0,5,76,0,81,0,0,111,42,153,0,5,187,42,234,190,0,190,424
04/02/2014,CRG,FL,ASO,ES,Federal Contract Tower,0,6,89,1,96,0,0,117,30,147,0,6,206,31,243,185,0,185,428
04/03/2014,CRG,FL,ASO,ES,Federal Contract Tower,0,6,72,0,78,0,0,123,18,141,0,6,195,18,219,152,0,152,371
04/04/2014,CRG,FL,ASO,ES,Federal Contract Tower,0,7,69,0,76,0,0,82,12,94,0,7,151,12,170,81,0,81,251
04/05/2014,CRG,FL,ASO,ES,Federal Contract Tower,0,5,39,0,44,0,0,68,7,75,0,5,107,7,119,64,0,64,183
04/06/2014,CRG,FL,ASO,ES,Federal Contract Tower,0,2,64,0,66,0,0,49,3,52,0,2,113,3,118,40,0,40,158
04/07/2014,CRG,FL,ASO,ES,Federal Contract Tower,0,4,48,0,52,0,1,52,4,57,0,5,100,4,109,35,0,35,144
04/08/2014,CRG,FL,ASO,ES,Federal Contract Tower,0,2,45,0,47,0,0,63,20,83,0,2,108,20,130,69,0,69,199
04/09/2014,CRG,FL,ASO,ES,Federal Contract Tower,0,3,90,0,93,0,0,104,29,133,0,3,194,29,226,227,0,227,453
04/10/2014,CRG,FL,ASO,ES,Federal Contract Tower,0,5,59,0,64,0,0,182,30,212,0,5,241,30,276,237,0,237,513
04/11/2014,CRG,FL,ASO,ES,Federal Contract Tower,0,7,86,0,93,0,0,116,7,123,0,7,202,7,216,200,0,200,416
04/12/2014,CRG,FL,ASO,ES,Federal Contract Tower,0,5,60,0,65,0,0,131,14,145,0,5,191,14,210,238,0,238,448
04/13/2014,CRG,FL,ASO,ES,Federal Contract Tower,0,1,51,0,52,0,1,115,2,118,0,2,166,2,170,151,0,151,321
04/14/2014,CRG,FL,ASO,ES,Federal Contract Tower,0,1,66,0,67,0,0,76,12,88,0,1,142,12,155,152,0,152,307
04/15/2014,CRG,FL,ASO,ES,Federal Contract Tower,0,2,28,0,30,0,0,28,16,44,0,2,56,16,74,57,0,57,131
04/16/2014,CRG,FL,ASO,ES,Federal Contract Tower,0,2,71,0,73,0,0,86,38,124,0,2,157,38,197,109,0,109,306
04/17/2014,CRG,FL,ASO,ES,Federal Contract Tower,0,11,74,0,85,0,0,29,29,58,0,11,103,29,143,16,0,16,159
04/18/2014,CRG,FL,ASO,ES,Federal Contract Tower,0,1,17,0,18,0,0,10,0,10,0,1,27,0,28,33,0,33,61
04/19/2014,CRG,FL,ASO,ES,Federal Contract Tower,0,3,44,0,47,0,0,13,0,13,0,3,57,0,60,111,0,111,171
04/20/2014,CRG,FL,ASO,ES,Federal Contract Tower,0,9,15,0,24,0,0,20,0,20,0,9,35,0,44,32,0,32,76
04/21/2014,CRG,FL,ASO,ES,Federal Contract Tower,0,3,79,0,82,0,0,136,28,164,0,3,215,28,246,292,0,292,538
04/22/2014,CRG,FL,ASO,ES,Federal Contract Tower,0,10,74,0,84,0,2,145,32,179,0,12,219,32,263,222,0,222,485
04/23/2014,CRG,FL,ASO,ES,Federal Contract Tower,0,0,62,0,62,0,0,124,52,176,0,0,186,52,238,190,0,190,428
04/24/2014,CRG,FL,ASO,ES,Federal Contract Tower,0,7,85,0,92,0,0,66,39,105,0,7,151,39,197,188,0,188,385
04/25/2014,CRG,FL,ASO,ES,Federal Contract Tower,0,9,72,0,81,0,0,109,4,113,0,9,181,4,194,84,0,84,278
04/26/2014,CRG,FL,ASO,ES,Federal Contract Tower,0,2,37,1,40,0,0,115,1,116,0,2,152,2,156,125,0,125,281
04/27/2014,CRG,FL,ASO,ES,Federal Contract Tower,0,1,43,0,44,0,0,106,4,110,0,1,149,4,154,78,0,78,232
04/28/2014,CRG,FL,ASO,ES,Federal Contract Tower,0,1,70,1,72,0,0,121,18,139,0,1,191,19,211,236,0,236,447
04/29/2014,CRG,FL,ASO,ES,Federal Contract Tower,0,7,47,0,54,0,0,92,38,130,0,7,139,38,184,156,0,156,340
04/30/2014,CRG,FL,ASO,ES,Federal Contract Tower,0,4,47,0,51,0,0,45,36,81,0,4,92,36,132,58,0,58,190
05/01/2014,CRG,FL,ASO,ES,Federal Contract Tower,0,2,44,0,46,0,0,71,24,95,0,2,115,24,141,104,0,104,245
05/02/2014,CRG,FL,ASO,ES,Federal Contract Tower,0,6,47,0,53,0,0,9,0,9,0,6,56,0,62,0,0,0,62
05/03/2014,CRG,FL,ASO,ES,Federal Contract Tower,0,4,39,2,45,0,0,30,2,32,0,4,69,4,77,40,0,40,117
05/04/2014,CRG,FL,ASO,ES,Federal Contract Tower,0,5,40,0,45,0,0,109,12,121,0,5,149,12,166,119,0,119,285
05/05/2014,CRG,FL,ASO,ES,Federal Contract Tower,0,2,83,0,85,0,0,166,40,206,0,2,249,40,291,216,0,216,507
05/06/2014,CRG,FL,ASO,ES,Federal Contract Tower,0,10,62,0,72,0,0,143,46,189,0,10,205,46,261,281,0,281,542
05/07/2014,CRG,FL,ASO,ES,Federal Contract Tower,0,2,83,0,85,0,0,122,66,188,0,2,205,66,273,385,0,385,658
05/08/2014,CRG,FL,ASO,ES,Federal Contract Tower,0,8,59,0,67,0,0,150,50,200,0,8,209,50,267,256,0,256,523
05/09/2014,CRG,FL,ASO,ES,Federal Contract Tower,0,4,45,2,51,0,0,103,8,111,0,4,148,10,162,210,0,210,372
05/10/2014,CRG,FL,ASO,ES,Federal Contract Tower,0,3,33,0,36,0,0,128,0,128,0,3,161,0,164,110,0,110,274
05/11/2014,CRG,FL,ASO,ES,Federal Contract Tower,0,1,41,0,42,0,0,67,0,67,0,1,108,0,109,75,0,75,184
05/12/2014,CRG,FL,ASO,ES,Federal Contract Tower,0,0,56,0,56,0,0,115,60,175,0,0,171,60,231,188,0,188,419
05/13/2014,CRG,FL,ASO,ES,Federal Contract Tower,0,5,59,0,64,0,0,107,91,198,0,5,166,91,262,143,0,143,405
05/14/2014,CRG,FL,ASO,ES,Federal Contract Tower,0,3,61,8,72,0,0,51,54,105,0,3,112,62,177,103,2,105,282
05/15/2014,CRG,FL,ASO,ES,Federal Contract Tower,0,0,26,0,26,0,0,28,26,54,0,0,54,26,80,101,16,117,197
05/16/2014,CRG,FL,ASO,ES,Federal Contract Tower,0,6,59,0,65,0,0,121,8,129,0,6,180,8,194,245,0,245,439
05/17/2014,CRG,FL,ASO,ES,Federal Contract Tower,0,5,46,0,51,0,0,128,0,128,0,5,174,0,179,97,0,97,276
05/18/2014,CRG,FL,ASO,ES,Federal Contract Tower,0,3,39,0,42,0,0,103,1,104,0,3,142,1,146,110,0,110,256
05/19/2014,CRG,FL,ASO,ES,Federal Contract Tower,0,4,53,0,57,0,0,104,40,144,0,4,157,40,201,140,0,140,341
05/20/2014,CRG,FL,ASO,ES,Federal Contract Tower,0,5,67,1,73,0,0,125,96,221,0,5,192,97,294,146,12,158,452
05/21/2014,CRG,FL,ASO,ES,Federal Contract Tower,0,4,58,0,62,0,0,154,48,202,0,4,212,48,264,100,0,100,364
05/22/2014,CRG,FL,ASO,ES,Federal Contract Tower,0,3,78,0,81,0,0,98,20,118,0,3,176,20,199,162,0,162,361
05/23/2014,CRG,FL,ASO,ES,Federal Contract Tower,0,4,68,0,72,0,0,128,6,134,0,4,196,6,206,147,0,147,353
05/24/2014,CRG,FL,ASO,ES,Federal Contract Tower,0,0,26,0,26,0,0,89,0,89,0,0,115,0,115,123,0,123,238
05/25/2014,CRG,FL,ASO,ES,Federal Contract Tower,0,1,21,0,22,0,1,88,0,89,0,2,109,0,111,90,0,90,201
05/26/2014,CRG,FL,ASO,ES,Federal Contract Tower,0,3,40,0,43,0,0,51,0,51,0,3,91,0,94,114,0,114,208
05/27/2014,CRG,FL,ASO,ES,Federal Contract Tower,0,5,66,0,71,0,0,110,20,130,0,5,176,20,201,201,0,201,402
05/28/2014,CRG,FL,ASO,ES,Federal Contract Tower,0,4,42,0,46,0,0,84,40,124,0,4,126,40,170,195,0,195,365
05/29/2014,CRG,FL,ASO,ES,Federal Contract Tower,0,3,51,2,56,0,0,72,30,102,0,3,123,32,158,121,0,121,279
05/30/2014,CRG,FL,ASO,ES,Federal Contract Tower,0,3,76,0,79,0,0,62,4,66,0,3,138,4,145,134,0,134,279
05/31/2014,CRG,FL,ASO,ES,Federal Contract Tower,0,0,33,0,33,0,0,89,0,89,0,0,122,0,122,76,0,76,198
06/01/2014,CRG,FL,ASO,ES,Federal Contract Tower,0,6,28,0,34,0,0,26,0,26,0,6,54,0,60,30,0,30,90
06/02/2014,CRG,FL,ASO,ES,Federal Contract Tower,0,0,42,0,42,0,0,46,24,70,0,0,88,24,112,78,0,78,190
06/03/2014,CRG,FL,ASO,ES,Federal Contract Tower,0,2,50,0,52,0,0,88,36,124,0,2,138,36,176,142,0,142,318
06/04/2014,CRG,FL,ASO,ES,Federal Contract Tower,0,4,59,0,63,0,0,83,44,127,0,4,142,44,190,105,0,105,295
06/05/2014,CRG,FL,ASO,ES,Federal Contract Tower,0,2,61,0,63,0,0,136,22,158,0,2,197,22,221,156,0,156,377
06/06/2014,CRG,FL,ASO,ES,Federal Contract Tower,0,4,43,0,47,0,0,120,10,130,0,4,163,10,177,98,0,98,275
06/07/2014,CRG,FL,ASO,ES,Federal Contract Tower,0,2,46,0,48,0,0,51,15,66,0,2,97,15,114,73,0,73,187
06/08/2014,CRG,FL,ASO,ES,Federal Contract Tower,0,7,59,4,70,0,0,69,14,83,0,7,128,18,153,89,0,89,242
06/09/2014,CRG,FL,ASO,ES,Federal Contract Tower,0,6,49,0,55,0,0,68,20,88,0,6,117,20,143,100,0,100,243
06/10/2014,CRG,FL,ASO,ES,Federal Contract Tower,0,0,57,0,57,0,0,76,49,125,0,0,133,49,182,66,0,66,248
06/11/2014,CRG,FL,ASO,ES,Federal Contract Tower,0,1,30,0,31,0,0,63,38,101,0,1,93,38,132,74,0,74,206
06/12/2014,CRG,FL,ASO,ES,Federal Contract Tower,0,1,56,0,57,0,0,80,48,128,0,1,136,48,185,74,0,74,259
06/13/2014,CRG,FL,ASO,ES,Federal Contract Tower,0,0,59,0,59,0,0,109,8,117,0,0,168,8,176,152,0,152,328
06/14/2014,CRG,FL,ASO,ES,Federal Contract Tower,0,2,45,0,47,0,0,105,0,105,0,2,150,0,152,83,0,83,235
06/15/2014,CRG,FL,ASO,ES,Federal Contract Tower,0,3,43,0,46,0,0,84,6,90,0,3,127,6,136,147,0,147,283
06/16/2014,CRG,FL,ASO,ES,Federal Contract Tower,0,4,47,0,51,0,0,94,22,116,0,4,141,22,167,118,0,118,285
06/17/2014,CRG,FL,ASO,ES,Federal Contract Tower,0,2,52,0,54,0,0,98,79,177,0,2,150,79,231,123,0,123,354
06/18/2014,CRG,FL,ASO,ES,Federal Contract Tower,0,4,63,0,67,0,0,109,36,145,0,4,172,36,212,102,0,102,314
06/19/2014,CRG,FL,ASO,ES,Federal Contract Tower,0,3,48,0,51,0,0,97,66,163,0,3,145,66,214,111,0,111,325
06/20/2014,CRG,FL,ASO,ES,Federal Contract Tower,0,2,59,1,62,0,0,89,12,101,0,2,148,13,163,210,0,210,373
06/21/2014,CRG,FL,ASO,ES,Federal Contract Tower,0,4,49,0,53,0,0,110,2,112,0,4,159,2,165,115,0,115,280
06/22/2014,CRG,FL,ASO,ES,Federal Contract Tower,0,2,31,0,33,0,0,58,2,60,0,2,89,2,93,50,0,50,143
06/23/2014,CRG,FL,ASO,ES,Federal Contract Tower,0,4,61,0,65,0,0,65,24,89,0,4,126,24,154,106,0,106,260
06/24/2014,CRG,FL,ASO,ES,Federal Contract Tower,0,3,69,0,72,0,0,94,38,132,0,3,163,38,204,167,2,169,373
06/25/2014,CRG,FL,ASO,ES,Federal Contract Tower,0,0,40,0,40,0,0,126,32,158,0,0,166,32,198,137,0,137,335
06/26/2014,CRG,FL,ASO,ES,Federal Contract Tower,0,2,72,0,74,0,0,143,32,175,0,2,215,32,249,103,4,107,356
06/27/2014,CRG,FL,ASO,ES,Federal Contract Tower,0,4,57,0,61,0,0,125,2,127,0,4,182,2,188,144,0,144,332
06/28/2014,CRG,FL,ASO,ES,Federal Contract Tower,0,0,48,0,48,0,2,128,0,130,0,2,176,0,178,101,0,101,279
06/29/2014,CRG,FL,ASO,ES,Federal Contract Tower,0,1,55,1,57,0,0,79,5,84,0,1,134,6,141,44,0,44,185
06/30/2014,CRG,FL,ASO,ES,Federal Contract Tower,0,0,59,0,59,0,0,106,4,110,0,0,165,4,169,205,0,205,374
07/01/2014,CRG,FL,ASO,ES,Federal Contract Tower,0,4,68,0,72,0,0,95,82,177,0,4,163,82,249,151,0,151,400
07/02/2014,CRG,FL,ASO,ES,Federal Contract Tower,0,0,42,1,43,0,0,78,10,88,0,0,120,11,131,129,0,129,260
07/03/2014,CRG,FL,ASO,ES,Federal Contract Tower,0,3,51,0,54,0,0,93,4,97,0,3,144,4,151,140,0,140,291
07/04/2014,CRG,FL,ASO,ES,Federal Contract Tower,0,0,20,0,20,0,0,74,0,74,0,0,94,0,94,202,0,202,296
07/05/2014,CRG,FL,ASO,ES,Federal Contract Tower,0,0,24,0,24,0,0,68,0,68,0,0,92,0,92,63,0,63,155
07/06/2014,CRG,FL,ASO,ES,Federal Contract Tower,0,1,40,0,41,0,0,67,0,67,0,1,107,0,108,87,0,87,195
07/07/2014,CRG,FL,ASO,ES,Federal Contract Tower,0,2,54,0,56,0,0,81,22,103,0,2,135,22,159,92,0,92,251
07/08/2014,CRG,FL,ASO,ES,Federal Contract Tower,0,1,60,0,61,0,0,104,34,138,0,1,164,34,199,150,0,150,349
07/09/2014,CRG,FL,ASO,ES,Federal Contract Tower,0,1,47,0,48,0,0,125,30,155,0,1,172,30,203,151,0,151,354
07/10/2014,CRG,FL,ASO,ES,Federal Contract Tower,0,4,57,2,63,0,0,93,26,119,0,4,150,28,182,143,0,143,325
07/11/2014,CRG,FL,ASO,ES,Federal Contract Tower,0,6,42,5,53,0,0,89,18,107,0,6,131,23,160,95,0,95,255
07/12/2014,CRG,FL,ASO,ES,Federal Contract Tower,0,0,36,0,36,0,0,35,0,35,0,0,71,0,71,45,0,45,116
07/13/2014,CRG,FL,ASO,ES,Federal Contract Tower,0,2,52,0,54,0,0,66,12,78,0,2,118,12,132,82,0,82,214
07/14/2014,CRG,FL,ASO,ES,Federal Contract Tower,0,3,40,0,43,0,0,77,22,99,0,3,117,22,142,161,0,161,303
07/15/2014,CRG,FL,ASO,ES,Federal Contract Tower,0,2,42,0,44,0,0,52,28,80,0,2,94,28,124,128,0,128,252
07/16/2014,CRG,FL,ASO,ES,Federal Contract Tower,0,0,69,0,69,0,0,19,24,43,0,0,88,24,112,99,0,99,211
07/17/2014,CRG,FL,ASO,ES,Federal Contract Tower,0,4,60,0,64,0,0,121,52,173,0,4,181,52,237,137,14,151,388
07/18/2014,CRG,FL,ASO,ES,Federal Contract Tower,0,2,45,0,47,0,0,78,16,94,0,2,123,16,141,132,0,132,273
07/19/2014,CRG,FL,ASO,ES,Federal Contract Tower,0,2,36,0,38,0,0,102,10,112,0,2,138,10,150,116,0,116,266
07/20/2014,CRG,FL,ASO,ES,Federal Contract Tower,0,0,36,0,36,0,0,71,6,77,0,0,107,6,113,136,0,136,249
07/21/2014,CRG,FL,ASO,ES,Federal Contract Tower,0,5,29,0,34,0,0,89,28,117,0,5,118,28,151,190,0,190,341
07/22/2014,CRG,FL,ASO,ES,Federal Contract Tower,0,2,47,0,49,0,1,105,52,158,0,3,152,52,207,196,0,196,403
07/23/2014,CRG,FL,ASO,ES,Federal Contract Tower,0,1,68,0,69,0,0,60,54,114,0,1,128,54,183,320,0,320,503
07/24/2014,CRG,FL,ASO,ES,Federal Contract Tower,0,5,62,0,67,0,0,106,24,130,0,5,168,24,197,244,0,244,441
07/25/2014,CRG,FL,ASO,ES,Federal Contract Tower,0,1,50,0,51,0,0,109,36,145,0,1,159,36,196,121,0,121,317
07/26/2014,CRG,FL,ASO,ES,Federal Contract Tower,0,1,35,0,36,0,0,62,4,66,0,1,97,4,102,117,0,117,219
07/27/2014,CRG,FL,ASO,ES,Federal Contract Tower,0,2,49,0,51,0,0,85,4,89,0,2,134,4,140,99,0,99,239
07/28/2014,CRG,FL,ASO,ES,Federal Contract Tower,0,2,49,0,51,0,0,90,16,106,0,2,139,16,157,107,0,107,264
07/29/2014,CRG,FL,ASO,ES,Federal Contract Tower,0,3,52,1,56,0,0,108,16,124,0,3,160,17,180,98,0,98,278
07/30/2014,CRG,FL,ASO,ES,Federal Contract Tower,0,3,47,0,50,0,0,80,46,126,0,3,127,46,176,92,2,94,270
07/31/2014,CRG,FL,ASO,ES,Federal Contract Tower,0,4,49,0,53,0,0,106,20,126,0,4,155,20,179,51,2,53,232
08/01/2014,CRG,FL,ASO,ES,Federal Contract Tower,0,1,47,0,48,0,0,78,4,82,0,1,125,4,130,149,0,149,279
08/02/2014,CRG,FL,ASO,ES,Federal Contract Tower,0,1,24,0,25,0,0,55,0,55,0,1,79,0,80,81,0,81,161
08/03/2014,CRG,FL,ASO,ES,Federal Contract Tower,0,0,46,0,46,0,0,42,0,42,0,0,88,0,88,52,0,52,140
08/04/2014,CRG,FL,ASO,ES,Federal Contract Tower,0,4,41,0,45,0,0,38,26,64,0,4,79,26,109,48,0,48,157
08/05/2014,CRG,FL,ASO,ES,Federal Contract Tower,0,6,82,0,88,0,0,60,58,118,0,6,142,58,206,129,0,129,335
08/06/2014,CRG,FL,ASO,ES,Federal Contract Tower,0,4,77,0,81,0,0,84,38,122,0,4,161,38,203,124,0,124,327
08/07/2014,CRG,FL,ASO,ES,Federal Contract Tower,0,2,54,0,56,0,0,115,32,147,0,2,169,32,203,130,2,132,335
08/08/2014,CRG,FL,ASO,ES,Federal Contract Tower,0,0,51,0,51,0,0,99,16,115,0,0,150,16,166,148,0,148,314
08/09/2014,CRG,FL,ASO,ES,Federal Contract Tower,0,4,52,0,56,0,0,95,4,99,0,4,147,4,155,193,0,193,348
08/10/2014,CRG,FL,ASO,ES,Federal Contract Tower,0,3,42,0,45,0,0,66,2,68,0,3,108,2,113,87,0,87,200
08/11/2014,CRG,FL,ASO,ES,Federal Contract Tower,0,2,46,0,48,0,0,28,18,46,0,2,74,18,94,80,0,80,174
08/12/2014,CRG,FL,ASO,ES,Federal Contract Tower,0,0,36,0,36,0,0,75,34,109,0,0,111,34,145,110,0,110,255
08/13/2014,CRG,FL,ASO,ES,Federal Contract Tower,0,2,68,0,70,0,0,72,20,92,0,2,140,20,162,157,0,157,319
08/14/2014,CRG,FL,ASO,ES,Federal Contract Tower,0,2,68,0,70,0,0,63,18,81,0,2,131,18,151,173,0,173,324
08/15/2014,CRG,FL,ASO,ES,Federal Contract Tower,0,4,59,0,63,0,0,81,6,87,0,4,140,6,150,144,0,144,294
08/16/2014,CRG,FL,ASO,ES,Federal Contract Tower,0,0,40,0,40,0,0,94,2,96,0,0,134,2,136,107,0,107,243
08/17/2014,CRG,FL,ASO,ES,Federal Contract Tower,0,0,45,0,45,0,0,68,0,68,0,0,113,0,113,62,0,62,175
08/18/2014,CRG,FL,ASO,ES,Federal Contract Tower,0,3,33,0,36,0,0,54,2,56,0,3,87,2,92,146,0,146,238
08/19/2014,CRG,FL,ASO,ES,Federal Contract Tower,0,4,39,0,43,0,0,122,50,172,0,4,161,50,215,92,0,92,307
08/20/2014,CRG,FL,ASO,ES,Federal Contract Tower,0,0,61,0,61,0,0,87,32,119,0,0,148,32,180,197,0,197,377
08/21/2014,CRG,FL,ASO,ES,Federal Contract Tower,0,4,32,0,36,0,0,71,22,93,0,4,103,22,129,114,0,114,243
08/22/2014,CRG,FL,ASO,ES,Federal Contract Tower,0,3,58,2,63,0,0,89,14,103,0,3,147,16,166,147,0,147,313
08/23/2014,CRG,FL,ASO,ES,Federal Contract Tower,0,4,35,0,39,0,0,106,2,108,0,4,141,2,147,157,0,157,304
08/24/2014,CRG,FL,ASO,ES,Federal Contract Tower,0,4,29,0,33,0,0,65,4,69,0,4,94,4,102,58,11,69,171
08/25/2014,CRG,FL,ASO,ES,Federal Contract Tower,0,5,41,0,46,0,0,45,34,79,0,5,86,34,125,102,0,102,227
08/26/2014,CRG,FL,ASO,ES,Federal Contract Tower,0,4,53,0,57,0,0,33,34,67,0,4,86,34,124,97,0,97,221
08/27/2014,CRG,FL,ASO,ES,Federal Contract Tower,0,1,58,1,60,0,0,102,34,136,0,1,160,35,196,197,4,201,397
08/28/2014,CRG,FL,ASO,ES,Federal Contract Tower,0,1,69,0,70,0,0,92,38,130,0,1,161,38,200,172,0,172,372
08/29/2014,CRG,FL,ASO,ES,Federal Contract Tower,0,5,58,0,63,0,0,109,10,119,0,5,167,10,182,182,0,182,364
08/30/2014,CRG,FL,ASO,ES,Federal Contract Tower,0,0,49,0,49,0,0,96,0,96,0,0,145,0,145,164,0,164,309
08/31/2014,CRG,FL,ASO,ES,Federal Contract Tower,0,0,48,0,48,0,0,69,8,77,0,0,117,8,125,124,0,124,249
09/01/2014,CRG,FL,ASO,ES,Federal Contract Tower,0,3,47,0,50,0,0,107,0,107,0,3,154,0,157,68,0,68,225
09/02/2014,CRG,FL,ASO,ES,Federal Contract Tower,0,0,25,0,25,0,0,72,20,92,0,0,97,20,117,214,0,214,331
09/03/2014,CRG,FL,ASO,ES,Federal Contract Tower,0,2,39,1,42,0,0,106,82,188,0,2,145,83,230,199,0,199,429
09/04/2014,CRG,FL,ASO,ES,Federal Contract Tower,0,2,40,0,42,0,0,118,96,214,0,2,158,96,256,248,0,248,504
09/05/2014,CRG,FL,ASO,ES,Federal Contract Tower,0,8,59,0,67,0,0,96,4,100,0,8,155,4,167,274,0,274,441
09/06/2014,CRG,FL,ASO,ES,Federal Contract Tower,0,3,33,0,36,0,0,28,6,34,0,3,61,6,70,32,0,32,102
09/07/2014,CRG,FL,ASO,ES,Federal Contract Tower,0,1,37,0,38,0,0,19,4,23,0,1,56,4,61,42,0,42,103
09/08/2014,CRG,FL,ASO,ES,Federal Contract Tower,0,6,34,0,40,0,0,51,8,59,0,6,85,8,99,124,0,124,223
09/09/2014,CRG,FL,ASO,ES,Federal Contract Tower,0,5,27,0,32,0,0,62,76,138,0,5,89,76,170,74,0,74,244
09/10/2014,CRG,FL,ASO,ES,Federal Contract Tower,0,1,46,0,47,0,0,77,54,131,0,1,123,54,178,121,0,121,299
09/11/2014,CRG,FL,ASO,ES,Federal Contract Tower,0,3,40,4,47,0,0,133,59,192,0,3,173,63,239,161,0,161,400
09/12/2014,CRG,FL,ASO,ES,Federal Contract Tower,0,0,52,1,53,0,0,105,16,121,0,0,157,17,174,138,0,138,312
09/13/2014,CRG,FL,ASO,ES,Federal Contract Tower,0,4,25,0,29,0,0,103,0,103,0,4,128,0,132,141,0,141,273
09/14/2014,CRG,FL,ASO,ES,Federal Contract Tower,0,2,30,0,32,0,0,70,2,72,0,2,100,2,104,87,0,87,191
09/15/2014,CRG,FL,ASO,ES,Federal Contract Tower,0,2,30,0,32,0,0,77,28,105,0,2,107,28,137,152,0,152,289
09/16/2014,CRG,FL,ASO,ES,Federal Contract Tower,0,4,37,0,41,0,0,61,18,79,0,4,98,18,120,179,0,179,299
09/17/2014,CRG,FL,ASO,ES,Federal Contract Tower,0,2,49,6,57,0,0,143,62,205,0,2,192,68,262,208,0,208,470
09/18/2014,CRG,FL,ASO,ES,Federal Contract Tower,0,2,72,0,74,0,0,190,42,232,0,2,262,42,306,264,0,264,570
09/19/2014,CRG,FL,ASO,ES,Federal Contract Tower,0,1,53,0,54,0,0,113,6,119,0,1,166,6,173,173,0,173,346
09/20/2014,CRG,FL,ASO,ES,Federal Contract Tower,0,3,32,0,35,0,0,11,0,11,0,3,43,0,46,32,0,32,78
09/21/2014,CRG,FL,ASO,ES,Federal Contract Tower,0,1,62,0,63,0,0,103,0,103,0,1,165,0,166,92,0,92,258
09/22/2014,CRG,FL,ASO,ES,Federal Contract Tower,0,7,42,0,49,0,0,139,30,169,0,7,181,30,218,167,0,167,385
09/23/2014,CRG,FL,ASO,ES,Federal Contract Tower,0,2,48,0,50,0,0,33,48,81,0,2,81,48,131,14,0,14,145
09/24/2014,CRG,FL,ASO,ES,Federal Contract Tower,0,3,69,0,72,0,0,28,50,78,0,3,97,50,150,4,0,4,154
09/25/2014,CRG,FL,ASO,ES,Federal Contract Tower,0,3,62,0,65,0,0,78,76,154,0,3,140,76,219,92,0,92,311
09/26/2014,CRG,FL,ASO,ES,Federal Contract Tower,0,4,55,0,59,0,0,17,8,25,0,4,72,8,84,46,0,46,130
09/27/2014,CRG,FL,ASO,ES,Federal Contract Tower,0,0,60,2,62,0,0,6,4,10,0,0,66,6,72,26,0,26,98
09/28/2014,CRG,FL,ASO,ES,Federal Contract Tower,0,2,58,0,60,0,0,38,2,40,0,2,96,2,100,135,0,135,235
09/29/2014,CRG,FL,ASO,ES,Federal Contract Tower,0,1,31,0,32,0,0,57,12,69,0,1,88,12,101,151,0,151,252
09/30/2014,CRG,FL,ASO,ES,Federal Contract Tower,0,3,65,0,68,0,0,26,18,44,0,3,91,18,112,131,0,131,243
10/01/2014,CRG,FL,ASO,ES,Federal Contract Tower,0,5,95,0,100,0,0,164,38,202,0,5,259,38,302,265,0,265,567
10/02/2014,CRG,FL,ASO,ES,Federal Contract Tower,0,2,71,0,73,0,0,174,30,204,0,2,245,30,277,324,0,324,601
10/03/2014,CRG,FL,ASO,ES,Federal Contract Tower,0,0,52,0,52,0,0,134,16,150,0,0,186,16,202,211,0,211,413
10/04/2014,CRG,FL,ASO,ES,Federal Contract Tower,0,2,71,0,73,0,0,83,9,92,0,2,154,9,165,155,0,155,320
10/05/2014,CRG,FL,ASO,ES,Federal Contract Tower,0,0,42,0,42,0,0,95,0,95,0,0,137,0,137,147,0,147,284
10/06/2014,CRG,FL,ASO,ES,Federal Contract Tower,0,5,55,0,60,0,0,103,41,144,0,5,158,41,204,260,0,260,464
10/07/2014,CRG,FL,ASO,ES,Federal Contract Tower,0,2,59,0,61,0,0,148,68,216,0,2,207,68,277,309,0,309,586
10/08/2014,CRG,FL,ASO,ES,Federal Contract Tower,0,2,62,0,64,0,0,95,72,167,0,2,157,72,231,292,2,294,525
10/09/2014,CRG,FL,ASO,ES,Federal Contract Tower,0,6,74,0,80,0,0,103,88,191,0,6,177,88,271,177,0,177,448
10/10/2014,CRG,FL,ASO,ES,Federal Contract Tower,0,2,71,0,73,0,0,138,4,142,0,2,209,4,215,233,0,233,448
10/11/2014,CRG,FL,ASO,ES,Federal Contract Tower,0,6,41,0,47,0,0,91,0,91,0,6,132,0,138,125,0,125,263
10/12/2014,CRG,FL,ASO,ES,Federal Contract Tower,0,4,47,0,51,0,0,88,0,88,0,4,135,0,139,76,0,76,215
10/13/2014,CRG,FL,ASO,ES,Federal Contract Tower,0,4,47,0,51,0,0,127,0,127,0,4,174,0,178,198,0,198,376
10/14/2014,CRG,FL,ASO,ES,Federal Contract Tower,0,1,45,0,46,0,0,91,22,113,0,1,136,22,159,205,0,205,364
10/15/2014,CRG,FL,ASO,ES,Federal Contract Tower,0,4,80,0,84,0,0,98,24,122,0,4,178,24,206,260,0,260,466
10/16/2014,CRG,FL,ASO,ES,Federal Contract Tower,0,4,61,0,65,0,0,92,16,108,0,4,153,16,173,165,0,165,338
10/17/2014,CRG,FL,ASO,ES,Federal Contract Tower,0,8,68,0,76,0,0,147,20,167,0,8,215,20,243,176,0,176,419
10/18/2014,CRG,FL,ASO,ES,Federal Contract Tower,0,2,48,0,50,0,0,109,8,117,0,2,157,8,167,131,0,131,298
10/19/2014,CRG,FL,ASO,ES,Federal Contract Tower,0,6,56,0,62,0,0,95,6,101,0,6,151,6,163,150,0,150,313
10/20/2014,CRG,FL,ASO,ES,Federal Contract Tower,0,2,54,0,56,0,0,109,96,205,0,2,163,96,261,193,0,193,454
10/21/2014,CRG,FL,ASO,ES,Federal Contract Tower,0,5,63,0,68,0,0,107,54,161,0,5,170,54,229,186,0,186,415
10/22/2014,CRG,FL,ASO,ES,Federal Contract Tower,0,8,56,0,64,0,0,106,14,120,0,8,162,14,184,129,2,131,315
10/23/2014,CRG,FL,ASO,ES,Federal Contract Tower,0,3,62,0,65,0,0,111,66,177,0,3,173,66,242,150,0,150,392
10/24/2014,CRG,FL,ASO,ES,Federal Contract Tower,0,9,47,4,60,0,0,139,18,157,0,9,186,22,217,206,0,206,423
10/25/2014,CRG,FL,ASO,ES,Federal Contract Tower,0,2,56,0,58,0,1,106,0,107,0,3,162,0,165,217,0,217,382
10/26/2014,CRG,FL,ASO,ES,Federal Contract Tower,0,9,62,0,71,0,0,92,2,94,0,9,154,2,165,110,0,110,275
10/27/2014,CRG,FL,ASO,ES,Federal Contract Tower,0,2,56,0,58,0,0,106,46,152,0,2,162,46,210,239,0,239,449
10/28/2014,CRG,FL,ASO,ES,Federal Contract Tower,0,6,75,0,81,0,0,112,38,150,0,6,187,38,231,208,0,208,439
10/29/2014,CRG,FL,ASO,ES,Federal Contract Tower,0,2,74,0,76,0,0,82,34,116,0,2,156,34,192,145,6,151,343
10/30/2014,CRG,FL,ASO,ES,Federal Contract Tower,0,2,103,0,105,0,2,90,74,166,0,4,193,74,271,224,2,226,497
10/31/2014,CRG,FL,ASO,ES,Federal Contract Tower,0,1,84,0,85,0,0,141,20,161,0,1,225,20,246,188,0,188,434
11/01/2014,CRG,FL,ASO,ES,Federal Contract Tower,0,3,59,0,62,0,0,54,2,56,0,3,113,2,118,12,0,12,130
11/02/2014,CRG,FL,ASO,ES,Federal Contract Tower,0,2,62,0,64,0,0,97,4,101,0,2,159,4,165,120,0,120,285
11/03/2014,CRG,FL,ASO,ES,Federal Contract Tower,0,3,33,0,36,0,0,81,104,185,0,3,114,104,221,163,0,163,384
11/04/2014,CRG,FL,ASO,ES,Federal Contract Tower,0,9,68,0,77,0,0,88,122,210,0,9,156,122,287,203,0,203,490
11/05/2014,CRG,FL,ASO,ES,Federal Contract Tower,0,4,79,0,83,0,0,107,120,227,0,4,186,120,310,187,0,187,497
11/06/2014,CRG,FL,ASO,ES,Federal Contract Tower,0,2,77,0,79,0,0,122,54,176,0,2,199,54,255,113,0,113,368
11/07/2014,CRG,FL,ASO,ES,Federal Contract Tower,0,9,75,0,84,0,0,154,16,170,0,9,229,16,254,164,0,164,418
11/08/2014,CRG,FL,ASO,ES,Federal Contract Tower,0,4,70,0,74,0,1,149,10,160,0,5,219,10,234,273,0,273,507
11/09/2014,CRG,FL,ASO,ES,Federal Contract Tower,0,5,59,0,64,0,0,80,4,84,0,5,139,4,148,111,0,111,259
11/10/2014,CRG,FL,ASO,ES,Federal Contract Tower,0,1,69,0,70,0,0,44,4,48,0,1,113,4,118,269,0,269,387
11/11/2014,CRG,FL,ASO,ES,Federal Contract Tower,0,0,88,0,88,0,0,94,0,94,0,0,182,0,182,147,0,147,329
11/12/2014,CRG,FL,ASO,ES,Federal Contract Tower,0,5,80,1,86,0,0,108,48,156,0,5,188,49,242,150,0,150,392
11/13/2014,CRG,FL,ASO,ES,Federal Contract Tower,0,6,82,1,89,0,0,118,42,160,0,6,200,43,249,276,0,276,525
11/14/2014,CRG,FL,ASO,ES,Federal Contract Tower,0,6,72,2,80,0,0,87,14,101,0,6,159,16,181,120,0,120,301
11/15/2014,CRG,FL,ASO,ES,Federal Contract Tower,0,0,38,0,38,0,0,102,0,102,0,0,140,0,140,83,0,83,223
11/16/2014,CRG,FL,ASO,ES,Federal Contract Tower,0,4,85,0,89,0,0,99,4,103,0,4,184,4,192,128,0,128,320
11/17/2014,CRG,FL,ASO,ES,Federal Contract Tower,0,0,38,0,38,0,0,40,8,48,0,0,78,8,86,38,0,38,124
11/18/2014,CRG,FL,ASO,ES,Federal Contract Tower,0,2,72,2,76,0,0,110,40,150,0,2,182,42,226,137,0,137,363
11/19/2014,CRG,FL,ASO,ES,Federal Contract Tower,0,8,92,0,100,0,0,128,90,218,0,8,220,90,318,144,0,144,462
11/20/2014,CRG,FL,ASO,ES,Federal Contract Tower,0,3,87,0,90,0,0,124,88,212,0,3,211,88,302,146,2,148,450
11/21/2014,CRG,FL,ASO,ES,Federal Contract Tower,0,7,78,0,85,0,0,171,46,217,0,7,249,46,302,216,0,216,518
11/22/2014,CRG,FL,ASO,ES,Federal Contract Tower,0,3,51,0,54,0,0,52,0,52,0,3,103,0,106,89,0,89,195
11/23/2014,CRG,FL,ASO,ES,Federal Contract Tower,0,4,27,0,31,0,0,12,0,12,0,4,39,0,43,34,0,34,77
11/24/2014,CRG,FL,ASO,ES,Federal Contract Tower,0,1,97,0,98,0,0,48,36,84,0,1,145,36,182,214,0,214,396
11/25/2014,CRG,FL,ASO,ES,Federal Contract Tower,0,2,23,0,25,0,0,1,64,65,0,2,24,64,90,9,0,9,99
11/26/2014,CRG,FL,ASO,ES,Federal Contract Tower,0,8,64,0,72,0,0,54,8,62,0,8,118,8,134,23,0,23,157
11/27/2014,CRG,FL,ASO,ES,Federal Contract Tower,0,0,25,0,25,0,0,28,0,28,0,0,53,0,53,0,0,0,53
11/28/2014,CRG,FL,ASO,ES,Federal Contract Tower,0,0,37,0,37,0,0,102,0,102,0,0,139,0,139,63,0,63,202
11/29/2014,CRG,FL,ASO,ES,Federal Contract Tower,0,7,71,0,78,0,0,131,0,131,0,7,202,0,209,96,0,96,305
11/30/2014,CRG,FL,ASO,ES,Federal Contract Tower,0,2,70,0,72,0,0,95,0,95,0,2,165,0,167,143,0,143,310
12/01/2014,CRG,FL,ASO,ES,Federal Contract Tower,0,4,65,0,69,0,0,102,88,190,0,4,167,88,259,186,0,186,445
12/02/2014,CRG,FL,ASO,ES,Federal Contract Tower,0,8,70,0,78,0,0,106,83,189,0,8,176,83,267,287,0,287,554
12/03/2014,CRG,FL,ASO,ES,Federal Contract Tower,0,7,79,0,86,0,0,76,24,100,0,7,155,24,186,130,10,140,326
12/04/2014,CRG,FL,ASO,ES,Federal Contract Tower,0,5,96,2,103,0,0,138,54,192,0,5,234,56,295,232,0,232,527
12/05/2014,CRG,FL,ASO,ES,Federal Contract Tower,0,3,64,2,69,0,0,0,0,0,0,3,64,2,69,0,0,0,69
12/06/2014,CRG,FL,ASO,ES,Federal Contract Tower,0,7,52,0,59,0,0,49,0,49,0,7,101,0,108,192,0,192,300
12/07/2014,CRG,FL,ASO,ES,Federal Contract Tower,0,8,83,0,91,0,0,30,4,34,0,8,113,4,125,110,0,110,235
12/08/2014,CRG,FL,ASO,ES,Federal Contract Tower,0,2,43,0,45,0,2,12,38,52,0,4,55,38,97,0,0,0,97
12/09/2014,CRG,FL,ASO,ES,Federal Contract Tower,0,11,92,0,103,0,0,162,40,202,0,11,254,40,305,167,0,167,472
12/10/2014,CRG,FL,ASO,ES,Federal Contract Tower,0,5,93,0,98,0,0,164,48,212,0,5,257,48,310,307,0,307,617
12/11/2014,CRG,FL,ASO,ES,Federal Contract Tower,0,10,74,1,85,0,0,140,22,162,0,10,214,23,247,217,0,217,464
12/12/2014,CRG,FL,ASO,ES,Federal Contract Tower,0,2,96,0,98,0,0,155,15,170,0,2,251,15,268,206,0,206,474
12/13/2014,CRG,FL,ASO,ES,Federal Contract Tower,0,5,55,1,61,0,0,126,6,132,0,5,181,7,193,143,0,143,336
12/14/2014,CRG,FL,ASO,ES,Federal Contract Tower,0,2,75,0,77,0,0,98,0,98,0,2,173,0,175,142,0,142,317
12/15/2014,CRG,FL,ASO,ES,Federal Contract Tower,0,5,59,0,64,0,0,119,78,197,0,5,178,78,261,167,0,167,428
12/16/2014,CRG,FL,ASO,ES,Federal Contract Tower,0,8,63,0,71,0,0,110,38,148,0,8,173,38,219,177,2,179,398
12/17/2014,CRG,FL,ASO,ES,Federal Contract Tower,0,4,98,0,102,0,0,160,34,194,0,4,258,34,296,298,0,298,594
12/18/2014,CRG,FL,ASO,ES,Federal Contract Tower,0,6,60,0,66,0,0,122,18,140,0,6,182,18,206,304,2,306,512
12/19/2014,CRG,FL,ASO,ES,Federal Contract Tower,0,8,92,0,100,0,0,102,12,114,0,8,194,12,214,196,0,196,410
12/20/2014,CRG,FL,ASO,ES,Federal Contract Tower,0,3,75,0,78,0,0,83,0,83,0,3,158,0,161,139,0,139,300
12/21/2014,CRG,FL,ASO,ES,Federal Contract Tower,0,2,23,0,25,0,0,0,0,0,0,2,23,0,25,0,0,0,25
12/22/2014,CRG,FL,ASO,ES,Federal Contract Tower,0,0,25,0,25,0,0,26,24,50,0,0,51,24,75,24,0,24,99
12/23/2014,CRG,FL,ASO,ES,Federal Contract Tower,0,0,35,0,35,0,0,16,6,22,0,0,51,6,57,27,0,27,84
12/24/2014,CRG,FL,ASO,ES,Federal Contract Tower,0,2,10,0,12,0,0,12,0,12,0,2,22,0,24,3,0,3,27
12/25/2014,CRG,FL,ASO,ES,Federal Contract Tower,0,1,12,0,13,0,0,27,2,29,0,1,39,2,42,88,0,88,130
12/26/2014,CRG,FL,ASO,ES,Federal Contract Tower,0,2,59,0,61,0,0,55,0,55,0,2,114,0,116,92,2,94,210
12/27/2014,CRG,FL,ASO,ES,Federal Contract Tower,0,4,36,0,40,0,0,61,0,61,0,4,97,0,101,59,0,59,160
12/28/2014,CRG,FL,ASO,ES,Federal Contract Tower,0,7,33,0,40,0,0,53,0,53,0,7,86,0,93,90,0,90,183
12/29/2014,CRG,FL,ASO,ES,Federal Contract Tower,0,2,40,0,42,0,0,54,18,72,0,2,94,18,114,85,0,85,199
12/30/2014,CRG,FL,ASO,ES,Federal Contract Tower,0,3,69,0,72,0,0,50,36,86,0,3,119,36,158,78,0,78,236
12/31/2014,CRG,FL,ASO,ES,Federal Contract Tower,0,3,40,0,43,0,0,22,4,26,0,3,62,4,69,12,0,12,81
01/01/2015,CRG,FL,ASO,ES,Federal Contract Tower,0,1,33,0,34,0,0,17,0,17,0,1,50,0,51,51,0,51,102
01/02/2015,CRG,FL,ASO,ES,Federal Contract Tower,0,10,74,0,84,0,0,34,0,34,0,10,108,0,118,65,0,65,183
01/03/2015,CRG,FL,ASO,ES,Federal Contract Tower,0,3,60,0,63,0,0,74,0,74,0,3,134,0,137,141,0,141,278
01/04/2015,CRG,FL,ASO,ES,Federal Contract Tower,0,1,37,0,38,0,0,33,0,33,0,1,70,0,71,20,0,20,91
01/05/2015,CRG,FL,ASO,ES,Federal Contract Tower,0,3,59,8,70,0,0,121,56,177,0,3,180,64,247,228,0,228,475
01/06/2015,CRG,FL,ASO,ES,Federal Contract Tower,0,2,57,0,59,0,0,136,29,165,0,2,193,29,224,308,0,308,532
01/07/2015,CRG,FL,ASO,ES,Federal Contract Tower,0,0,48,0,48,0,0,71,40,111,0,0,119,40,159,279,0,279,438
01/08/2015,CRG,FL,ASO,ES,Federal Contract Tower,0,1,28,0,29,0,0,43,30,73,0,1,71,30,102,57,0,57,159
01/09/2015,CRG,FL,ASO,ES,Federal Contract Tower,0,11,63,0,74,0,0,75,41,116,0,11,138,41,190,129,0,129,319
01/10/2015,CRG,FL,ASO,ES,Federal Contract Tower,0,1,51,0,52,0,0,155,2,157,0,1,206,2,209,200,0,200,409
01/11/2015,CRG,FL,ASO,ES,Federal Contract Tower,0,3,40,0,43,0,0,33,4,37,0,3,73,4,80,115,0,115,195
01/12/2015,CRG,FL,ASO,ES,Federal Contract Tower,0,1,29,0,30,0,0,2,0,2,0,1,31,0,32,1,0,1,33
01/13/2015,CRG,FL,ASO,ES,Federal Contract Tower,0,5,39,0,44,0,0,0,0,0,0,5,39,0,44,18,0,18,62
01/14/2015,CRG,FL,ASO,ES,Federal Contract Tower,0,6,42,0,48,0,0,2,58,60,0,6,44,58,108,20,0,20,128
01/15/2015,CRG,FL,ASO,ES,Federal Contract Tower,0,2,84,0,86,0,0,2,8,10,0,2,86,8,96,27,0,27,123
01/16/2015,CRG,FL,ASO,ES,Federal Contract Tower,0,4,85,0,89,0,0,167,24,191,0,4,252,24,280,266,0,266,546
01/17/2015,CRG,FL,ASO,ES,Federal Contract Tower,0,6,63,0,69,0,0,146,13,159,0,6,209,13,228,341,0,341,569
01/18/2015,CRG,FL,ASO,ES,Federal Contract Tower,0,4,42,0,46,0,0,111,4,115,0,4,153,4,161,199,0,199,360
01/19/2015,CRG,FL,ASO,ES,Federal Contract Tower,0,6,65,0,71,0,0,181,0,181,0,6,246,0,252,373,0,373,625
01/20/2015,CRG,FL,ASO,ES,Federal Contract Tower,0,5,59,8,72,0,0,108,34,142,0,5,167,42,214,264,0,264,478
01/21/2015,CRG,FL,ASO,ES,Federal Contract Tower,0,6,58,0,64,0,0,120,92,212,0,6,178,92,276,291,0,291,567
01/22/2015,CRG,FL,ASO,ES,Federal Contract Tower,0,11,82,0,93,0,0,127,66,193,0,11,209,66,286,313,0,313,599
01/23/2015,CRG,FL,ASO,ES,Federal Contract Tower,0,2,20,0,22,0,0,17,10,27,0,2,37,10,49,116,0,116,165
01/24/2015,CRG,FL,ASO,ES,Federal Contract Tower,0,0,21,0,21,0,0,42,16,58,0,0,63,16,79,22,0,22,101
01/25/2015,CRG,FL,ASO,ES,Federal Contract Tower,0,5,85,0,90,0,1,139,9,149,0,6,224,9,239,171,0,171,410
01/26/2015,CRG,FL,ASO,ES,Federal Contract Tower,0,5,35,1,41,0,0,54,43,97,0,5,89,44,138,132,0,132,270
01/27/2015,CRG,FL,ASO,ES,Federal Contract Tower,0,4,52,0,56,0,0,83,38,121,0,4,135,38,177,297,0,297,474
01/28/2015,CRG,FL,ASO,ES,Federal Contract Tower,0,5,82,0,87,0,0,153,82,235,0,5,235,82,322,411,0,411,733
01/29/2015,CRG,FL,ASO,ES,Federal Contract Tower,0,1,73,1,75,0,0,146,106,252,0,1,219,107,327,235,0,235,562
01/30/2015,CRG,FL,ASO,ES,Federal Contract Tower,0,8,73,2,83,0,0,120,14,134,0,8,193,16,217,194,0,194,411
01/31/2015,CRG,FL,ASO,ES,Federal Contract Tower,0,5,45,0,50,0,0,147,10,157,0,5,192,10,207,226,0,226,433
02/01/2015,CRG,FL,ASO,ES,Federal Contract Tower,0,3,34,0,37,0,0,0,0,0,0,3,34,0,37,147,0,147,184
02/02/2015,CRG,FL,ASO,ES,Federal Contract Tower,0,3,40,1,44,0,0,50,18,68,0,3,90,19,112,82,0,82,194
02/03/2015,CRG,FL,ASO,ES,Federal Contract Tower,0,0,54,0,54,0,0,113,120,233,0,0,167,120,287,237,20,257,544
02/04/2015,CRG,FL,ASO,ES,Federal Contract Tower,0,8,77,0,85,0,0,57,40,97,0,8,134,40,182,200,0,200,382
02/05/2015,CRG,FL,ASO,ES,Federal Contract Tower,0,6,66,0,72,0,0,126,94,220,0,6,192,94,292,214,0,214,506
02/06/2015,CRG,FL,ASO,ES,Federal Contract Tower,0,6,86,1,93,0,0,134,38,172,0,6,220,39,265,175,0,175,440
02/07/2015,CRG,FL,ASO,ES,Federal Contract Tower,0,2,39,2,43,0,0,156,8,164,0,2,195,10,207,253,0,253,460
02/08/2015,CRG,FL,ASO,ES,Federal Contract Tower,0,2,48,0,50,0,0,87,16,103,0,2,135,16,153,222,0,222,375
02/09/2015,CRG,FL,ASO,ES,Federal Contract Tower,0,0,43,1,44,0,0,58,20,78,0,0,101,21,122,115,0,115,237
02/10/2015,CRG,FL,ASO,ES,Federal Contract Tower,0,0,65,3,68,0,0,50,56,106,0,0,115,59,174,165,0,165,339
02/11/2015,CRG,FL,ASO,ES,Federal Contract Tower,0,1,100,14,115,0,0,115,66,181,0,1,215,80,296,295,0,295,591
02/12/2015,CRG,FL,ASO,ES,Federal Contract Tower,0,7,79,4,90,0,0,119,62,181,0,7,198,66,271,190,0,190,461
02/13/2015,CRG,FL,ASO,ES,Federal Contract Tower,0,8,59,0,67,0,0,132,12,144,0,8,191,12,211,328,0,328,539
02/14/2015,CRG,FL,ASO,ES,Federal Contract Tower,0,5,44,0,49,0,0,82,9,91,0,5,126,9,140,145,0,145,285
02/15/2015,CRG,FL,ASO,ES,Federal Contract Tower,0,3,49,0,52,0,0,62,4,66,0,3,111,4,118,149,0,149,267
02/16/2015,CRG,FL,ASO,ES,Federal Contract Tower,0,2,48,0,50,0,0,110,0,110,0,2,158,0,160,279,0,279,439
02/17/2015,CRG,FL,ASO,ES,Federal Contract Tower,0,4,43,0,47,0,0,5,20,25,0,4,48,20,72,6,0,6,78
02/18/2015,CRG,FL,ASO,ES,Federal Contract Tower,0,2,75,0,77,0,0,93,56,149,0,2,168,56,226,210,0,210,436
02/19/2015,CRG,FL,ASO,ES,Federal Contract Tower,0,2,71,0,73,0,1,99,42,142,0,3,170,42,215,260,30,290,505
02/20/2015,CRG,FL,ASO,ES,Federal Contract Tower,0,1,61,0,62,0,0,149,20,169,0,1,210,20,231,280,0,280,511
02/21/2015,CRG,FL,ASO,ES,Federal Contract Tower,0,1,44,0,45,0,0,108,0,108,0,1,152,0,153,155,0,155,308
02/22/2015,CRG,FL,ASO,ES,Federal Contract Tower,0,6,42,1,49,0,0,74,20,94,0,6,116,21,143,136,0,136,279
02/23/2015,CRG,FL,ASO,ES,Federal Contract Tower,0,6,55,0,61,0,0,36,36,72,0,6,91,36,133,42,0,42,175
02/24/2015,CRG,FL,ASO,ES,Federal Contract Tower,0,4,37,4,45,0,0,0,0,0,0,4,37,4,45,0,0,0,45
02/25/2015,CRG,FL,ASO,ES,Federal Contract Tower,0,1,51,5,57,0,0,16,51,67,0,1,67,56,124,33,0,33,157
02/26/2015,CRG,FL,ASO,ES,Federal Contract Tower,0,2,53,0,55,0,0,68,58,126,0,2,121,58,181,121,2,123,304
02/27/2015,CRG,FL,ASO,ES,Federal Contract Tower,0,0,70,4,74,0,0,86,12,98,0,0,156,16,172,202,12,214,386
02/28/2015,CRG,FL,ASO,ES,Federal Contract Tower,0,3,30,0,33,0,0,4,10,14,0,3,34,10,47,2,0,2,49
03/01/2015,CRG,FL,ASO,ES,Federal Contract Tower,0,0,31,0,31,0,0,5,0,5,0,0,36,0,36,0,0,0,36
03/02/2015,CRG,FL,ASO,ES,Federal Contract Tower,0,0,56,0,56,0,0,97,42,139,0,0,153,42,195,113,0,113,308
03/03/2015,CRG,FL,ASO,ES,Federal Contract Tower,0,0,57,0,57,0,0,138,76,214,0,0,195,76,271,255,0,255,526
03/04/2015,CRG,FL,ASO,ES,Federal Contract Tower,0,5,66,2,73,0,0,124,19,143,0,5,190,21,216,180,0,180,396
03/05/2015,CRG,FL,ASO,ES,Federal Contract Tower,0,0,76,0,76,0,0,70,24,94,0,0,146,24,170,77,2,79,249
03/06/2015,CRG,FL,ASO,ES,Federal Contract Tower,0,0,39,1,40,0,0,1,0,1,0,0,40,1,41,0,0,0,41
03/07/2015,CRG,FL,ASO,ES,Federal Contract Tower,0,4,52,0,56,0,0,105,6,111,0,4,157,6,167,164,0,164,331
03/08/2015,CRG,FL,ASO,ES,Federal Contract Tower,0,1,48,4,53,0,0,103,7,110,0,1,151,11,163,288,0,288,451
03/09/2015,CRG,FL,ASO,ES,Federal Contract Tower,0,4,55,0,59,0,0,153,46,199,0,4,208,46,258,273,0,273,531
03/10/2015,CRG,FL,ASO,ES,Federal Contract Tower,0,5,49,0,54,0,0,139,76,215,0,5,188,76,269,293,0,293,562
03/11/2015,CRG,FL,ASO,ES,Federal Contract Tower,0,5,51,2,58,0,0,175,90,265,0,5,226,92,323,430,0,430,753
03/12/2015,CRG,FL,ASO,ES,Federal Contract Tower,0,6,66,0,72,0,0,14,2,16,0,6,80,2,88,135,0,135,223
03/13/2015,CRG,FL,ASO,ES,Federal Contract Tower,0,3,60,0,63,0,0,62,2,64,0,3,122,2,127,241,0,241,368
03/14/2015,CRG,FL,ASO,ES,Federal Contract Tower,0,2,44,0,46,0,0,83,3,86,0,2,127,3,132,177,16,193,325
03/15/2015,CRG,FL,ASO,ES,Federal Contract Tower,0,4,63,0,67,0,0,129,2,131,0,4,192,2,198,198,0,198,396
03/16/2015,CRG,FL,ASO,ES,Federal Contract Tower,0,1,28,0,29,0,0,126,62,188,0,1,154,62,217,353,0,353,570
03/17/2015,CRG,FL,ASO,ES,Federal Contract Tower,0,3,49,0,52,0,0,147,54,201,0,3,196,54,253,169,0,169,422
03/18/2015,CRG,FL,ASO,ES,Federal Contract Tower,0,8,54,0,62,0,0,107,84,191,0,8,161,84,253,139,6,145,398
03/19/2015,CRG,FL,ASO,ES,Federal Contract Tower,0,2,53,0,55,0,0,48,46,94,0,2,101,46,149,187,0,187,336
03/20/2015,CRG,FL,ASO,ES,Federal Contract Tower,0,2,66,0,68,0,0,38,20,58,0,2,104,20,126,151,0,151,277
03/21/2015,CRG,FL,ASO,ES,Federal Contract Tower,0,1,80,0,81,0,0,44,0,44,0,1,124,0,125,155,0,155,280
03/22/2015,CRG,FL,ASO,ES,Federal Contract Tower,0,5,53,0,58,0,0,8,0,8,0,5,61,0,66,11,0,11,77
03/23/2015,CRG,FL,ASO,ES,Federal Contract Tower,0,1,47,0,48,0,0,0,2,2,0,1,47,2,50,0,0,0,50
03/24/2015,CRG,FL,ASO,ES,Federal Contract Tower,0,3,62,10,75,0,0,0,0,0,0,3,62,10,75,0,0,0,75
03/25/2015,CRG,FL,ASO,ES,Federal Contract Tower,0,3,68,2,73,0,0,65,66,131,0,3,133,68,204,243,0,243,447
03/26/2015,CRG,FL,ASO,ES,Federal Contract Tower,0,4,68,0,72,0,0,63,35,98,0,4,131,35,170,246,0,246,416
03/27/2015,CRG,FL,ASO,ES,Federal Contract Tower,0,4,58,0,62,0,0,45,6,51,0,4,103,6,113,173,0,173,286
03/28/2015,CRG,FL,ASO,ES,Federal Contract Tower,0,3,56,0,59,0,0,133,2,135,0,3,189,2,194,230,0,230,424
03/29/2015,CRG,FL,ASO,ES,Federal Contract Tower,0,7,49,10,66,0,0,110,6,116,0,7,159,16,182,279,0,279,461
03/30/2015,CRG,FL,ASO,ES,Federal Contract Tower,0,3,86,1,90,0,0,160,17,177,0,3,246,18,267,247,0,247,514
03/31/2015,CRG,FL,ASO,ES,Federal Contract Tower,0,2,67,0,69,0,0,109,18,127,0,2,176,18,196,281,0,281,477
04/01/2015,CRG,FL,ASO,ES,Federal Contract Tower,0,3,48,0,51,0,1,74,88,163,0,4,122,88,214,264,0,264,478
04/02/2015,CRG,FL,ASO,ES,Federal Contract Tower,0,3,65,0,68,0,2,123,52,177,0,5,188,52,245,434,0,434,679
04/03/2015,CRG,FL,ASO,ES,Federal Contract Tower,0,8,80,0,88,0,0,140,0,140,0,8,220,0,228,340,0,340,568
04/04/2015,CRG,FL,ASO,ES,Federal Contract Tower,0,2,34,0,36,0,0,94,0,94,0,2,128,0,130,200,0,200,330
04/05/2015,CRG,FL,ASO,ES,Federal Contract Tower,0,3,29,0,32,0,0,42,0,42,0,3,71,0,74,129,0,129,203
04/06/2015,CRG,FL,ASO,ES,Federal Contract Tower,0,3,43,0,46,0,0,122,58,180,0,3,165,58,226,115,0,115,341
04/07/2015,CRG,FL,ASO,ES,Federal Contract Tower,0,0,51,0,51,0,0,98,40,138,0,0,149,40,189,298,0,298,487
04/08/2015,CRG,FL,ASO,ES,Federal Contract Tower,0,8,85,0,93,0,0,141,83,224,0,8,226,83,317,265,2,267,584
04/09/2015,CRG,FL,ASO,ES,Federal Contract Tower,0,10,72,0,82,0,0,143,34,177,0,10,215,34,259,282,0,282,541
04/10/2015,CRG,FL,ASO,ES,Federal Contract Tower,0,7,48,0,55,0,0,106,20,126,0,7,154,20,181,249,0,249,430
04/11/2015,CRG,FL,ASO,ES,Federal Contract Tower,0,9,46,0,55,0,0,83,0,83,0,9,129,0,138,176,0,176,314
04/12/2015,CRG,FL,ASO,ES,Federal Contract Tower,0,5,50,0,55,0,0,50,2,52,0,5,100,2,107,95,0,95,202
04/13/2015,CRG,FL,ASO,ES,Federal Contract Tower,0,1,28,0,29,0,0,32,14,46,0,1,60,14,75,141,0,141,216
04/14/2015,CRG,FL,ASO,ES,Federal Contract Tower,0,3,80,0,83,0,0,79,52,131,0,3,159,52,214,232,0,232,446
04/15/2015,CRG,FL,ASO,ES,Federal Contract Tower,0,6,40,0,46,0,0,60,18,78,0,6,100,18,124,246,0,246,370
04/16/2015,CRG,FL,ASO,ES,Federal Contract Tower,0,3,90,0,93,0,0,0,0,0,0,3,90,0,93,0,0,0,93
04/17/2015,CRG,FL,ASO,ES,Federal Contract Tower,0,6,48,0,54,0,0,34,24,58,0,6,82,24,112,132,0,132,244
04/18/2015,CRG,FL,ASO,ES,Federal Contract Tower,0,7,59,0,66,0,0,86,0,86,0,7,145,0,152,268,0,268,420
04/19/2015,CRG,FL,ASO,ES,Federal Contract Tower,0,5,28,0,33,0,0,59,4,63,0,5,87,4,96,98,0,98,194
04/20/2015,CRG,FL,ASO,ES,Federal Contract Tower,0,1,57,0,58,0,0,67,14,81,0,1,124,14,139,214,0,214,353
04/21/2015,CRG,FL,ASO,ES,Federal Contract Tower,0,3,63,0,66,0,0,103,40,143,0,3,166,40,209,255,0,255,464
04/22/2015,CRG,FL,ASO,ES,Federal Contract Tower,0,3,88,0,91,0,0,153,79,232,0,3,241,79,323,319,0,319,642
04/23/2015,CRG,FL,ASO,ES,Federal Contract Tower,0,5,87,0,92,0,0,132,61,193,0,5,219,61,285,328,0,328,613
04/24/2015,CRG,FL,ASO,ES,Federal Contract Tower,0,2,82,0,84,0,0,140,6,146,0,2,222,6,230,179,0,179,409
04/25/2015,CRG,FL,ASO,ES,Federal Contract Tower,0,1,25,0,26,0,0,62,0,62,0,1,87,0,88,112,0,112,200
04/26/2015,CRG,FL,ASO,ES,Federal Contract Tower,0,6,44,0,50,0,0,89,22,111,0,6,133,22,161,148,0,148,309
04/27/2015,CRG,FL,ASO,ES,Federal Contract Tower,0,7,73,0,80,0,0,49,52,101,0,7,122,52,181,135,0,135,316
04/28/2015,CRG,FL,ASO,ES,Federal Contract Tower,0,3,53,0,56,0,0,52,64,116,0,3,105,64,172,188,0,188,360
04/29/2015,CRG,FL,ASO,ES,Federal Contract Tower,0,4,52,0,56,0,0,55,60,115,0,4,107,60,171,69,2,71,242
04/30/2015,CRG,FL,ASO,ES,Federal Contract Tower,0,5,80,9,94,0,0,162,64,226,0,5,242,73,320,288,0,288,608
05/01/2015,CRG,FL,ASO,ES,Federal Contract Tower,0,4,64,0,68,0,0,182,20,202,0,4,246,20,270,274,0,274,544
05/02/2015,CRG,FL,ASO,ES,Federal Contract Tower,0,3,47,0,50,0,0,188,2,190,0,3,235,2,240,408,0,408,648
05/03/2015,CRG,FL,ASO,ES,Federal Contract Tower,0,4,52,0,56,0,0,105,0,105,0,4,157,0,161,206,0,206,367
05/04/2015,CRG,FL,ASO,ES,Federal Contract Tower,0,6,47,0,53,0,0,134,70,204,0,6,181,70,257,272,0,272,529
05/05/2015,CRG,FL,ASO,ES,Federal Contract Tower,0,4,62,0,66,0,0,99,108,207,0,4,161,108,273,165,0,165,438
05/06/2015,CRG,FL,ASO,ES,Federal Contract Tower,0,2,73,0,75,0,0,53,82,135,0,2,126,82,210,179,0,179,389
05/07/2015,CRG,FL,ASO,ES,Federal Contract Tower,0,4,65,0,69,0,0,149,70,219,0,4,214,70,288,273,0,273,561
05/08/2015,CRG,FL,ASO,ES,Federal Contract Tower,0,4,77,0,81,0,0,195,8,203,0,4,272,8,284,278,0,278,562
05/09/2015,CRG,FL,ASO,ES,Federal Contract Tower,0,2,44,0,46,0,0,163,6,169,0,2,207,6,215,296,0,296,511
05/10/2015,CRG,FL,ASO,ES,Federal Contract Tower,0,12,46,0,58,0,0,112,17,129,0,12,158,17,187,80,6,86,273
05/11/2015,CRG,FL,ASO,ES,Federal Contract Tower,0,0,61,0,61,0,0,123,12,135,0,0,184,12,196,174,0,174,370
05/12/2015,CRG,FL,ASO,ES,Federal Contract Tower,0,1,71,0,72,0,1,120,53,174,0,2,191,53,246,213,0,213,459
05/13/2015,CRG,FL,ASO,ES,Federal Contract Tower,0,5,78,0,83,0,0,112,80,192,0,5,190,80,275,331,0,331,606
05/14/2015,CRG,FL,ASO,ES,Federal Contract Tower,0,5,65,0,70,0,0,76,39,115,0,5,141,39,185,266,0,266,451
05/15/2015,CRG,FL,ASO,ES,Federal Contract Tower,0,2,44,0,46,0,0,103,10,113,0,2,147,10,159,217,1,218,377
05/16/2015,CRG,FL,ASO,ES,Federal Contract Tower,0,1,34,0,35,0,0,123,16,139,0,1,157,16,174,154,0,154,328
05/17/2015,CRG,FL,ASO,ES,Federal Contract Tower,0,1,58,0,59,0,0,88,5,93,0,1,146,5,152,160,0,160,312
05/18/2015,CRG,FL,ASO,ES,Federal Contract Tower,0,5,67,4,76,0,0,157,46,203,0,5,224,50,279,338,0,338,617
05/19/2015,CRG,FL,ASO,ES,Federal Contract Tower,0,0,53,1,54,0,0,100,34,134,0,0,153,35,188,225,0,225,413
05/20/2015,CRG,FL,ASO,ES,Federal Contract Tower,0,3,80,0,83,0,0,110,24,134,0,3,190,24,217,190,0,190,407
05/21/2015,CRG,FL,ASO,ES,Federal Contract Tower,0,0,64,0,64,0,0,137,20,157,0,0,201,20,221,181,0,181,402
05/22/2015,CRG,FL,ASO,ES,Federal Contract Tower,0,0,76,0,76,0,0,156,0,156,0,0,232,0,232,268,0,268,500
05/23/2015,CRG,FL,ASO,ES,Federal Contract Tower,0,2,55,0,57,0,2,91,3,96,0,4,146,3,153,140,0,140,293
05/24/2015,CRG,FL,ASO,ES,Federal Contract Tower,0,2,38,0,40,0,0,122,1,123,0,2,160,1,163,67,0,67,230
05/25/2015,CRG,FL,ASO,ES,Federal Contract Tower,0,3,21,0,24,0,0,79,6,85,0,3,100,6,109,124,0,124,233
05/26/2015,CRG,FL,ASO,ES,Federal Contract Tower,0,2,46,0,48,0,0,115,23,138,0,2,161,23,186,242,12,254,440
05/27/2015,CRG,FL,ASO,ES,Federal Contract Tower,0,1,64,0,65,0,0,114,66,180,0,1,178,66,245,136,0,136,381
05/28/2015,CRG,FL,ASO,ES,Federal Contract Tower,0,3,75,0,78,0,0,138,42,180,0,3,213,42,258,148,0,148,406
05/29/2015,CRG,FL,ASO,ES,Federal Contract Tower,0,2,49,2,53,0,0,175,16,191,0,2,224,18,244,158,0,158,402
05/30/2015,CRG,FL,ASO,ES,Federal Contract Tower,0,1,38,0,39,0,0,76,2,78,0,1,114,2,117,298,0,298,415
05/31/2015,CRG,FL,ASO,ES,Federal Contract Tower,0,2,24,0,26,0,0,89,6,95,0,2,113,6,121,216,0,216,337
06/01/2015,CRG,FL,ASO,ES,Federal Contract Tower,0,4,37,0,41,0,0,74,16,90,0,4,111,16,131,182,0,182,313
06/02/2015,CRG,FL,ASO,ES,Federal Contract Tower,0,7,51,0,58,0,0,105,46,151,0,7,156,46,209,206,0,206,415
06/03/2015,CRG,FL,ASO,ES,Federal Contract Tower,0,3,45,0,48,0,0,118,84,202,0,3,163,84,250,321,0,321,571
06/04/2015,CRG,FL,ASO,ES,Federal Contract Tower,0,4,81,0,85,0,0,126,43,169,0,4,207,43,254,329,9,338,592
06/05/2015,CRG,FL,ASO,ES,Federal Contract Tower,0,5,58,0,63,0,0,121,23,144,0,5,179,23,207,254,0,254,461
06/06/2015,CRG,FL,ASO,ES,Federal Contract Tower,0,0,52,0,52,0,0,135,17,152,0,0,187,17,204,190,0,190,394
06/07/2015,CRG,FL,ASO,ES,Federal Contract Tower,0,3,46,2,51,0,0,103,3,106,0,3,149,5,157,126,2,128,285
06/08/2015,CRG,FL,ASO,ES,Federal Contract Tower,0,5,54,0,59,0,0,117,22,139,0,5,171,22,198,179,0,179,377
06/09/2015,CRG,FL,ASO,ES,Federal Contract Tower,0,2,55,0,57,0,0,143,34,177,0,2,198,34,234,298,0,298,532
06/10/2015,CRG,FL,ASO,ES,Federal Contract Tower,0,2,61,0,63,0,0,98,22,120,0,2,159,22,183,246,2,248,431
06/11/2015,CRG,FL,ASO,ES,Federal Contract Tower,0,7,78,0,85,0,0,102,6,108,0,7,180,6,193,267,0,267,460
06/12/2015,CRG,FL,ASO,ES,Federal Contract Tower,0,3,50,0,53,0,0,133,4,137,0,3,183,4,190,137,0,137,327
06/13/2015,CRG,FL,ASO,ES,Federal Contract Tower,0,3,45,0,48,0,0,139,0,139,0,3,184,0,187,180,0,180,367
06/14/2015,CRG,FL,ASO,ES,Federal Contract Tower,0,0,40,0,40,0,0,98,5,103,0,0,138,5,143,234,0,234,377
06/15/2015,CRG,FL,ASO,ES,Federal Contract Tower,0,6,49,0,55,0,0,129,22,151,0,6,178,22,206,111,0,111,317
06/16/2015,CRG,FL,ASO,ES,Federal Contract Tower,0,5,54,0,59,0,0,127,43,170,0,5,181,43,229,161,0,161,390
06/17/2015,CRG,FL,ASO,ES,Federal Contract Tower,0,4,54,0,58,0,0,149,16,165,0,4,203,16,223,165,0,165,388
06/18/2015,CRG,FL,ASO,ES,Federal Contract Tower,0,1,74,0,75,0,0,116,40,156,0,1,190,40,231,268,0,268,499
06/19/2015,CRG,FL,ASO,ES,Federal Contract Tower,0,0,51,0,51,0,0,90,14,104,0,0,141,14,155,160,0,160,315
06/20/2015,CRG,FL,ASO,ES,Federal Contract Tower,0,3,61,0,64,0,0,116,0,116,0,3,177,0,180,193,0,193,373
06/21/2015,CRG,FL,ASO,ES,Federal Contract Tower,0,3,37,0,40,0,0,51,16,67,0,3,88,16,107,211,0,211,318
06/22/2015,CRG,FL,ASO,ES,Federal Contract Tower,0,0,78,0,78,0,0,97,18,115,0,0,175,18,193,79,0,79,272
06/23/2015,CRG,FL,ASO,ES,Federal Contract Tower,0,0,50,0,50,0,0,104,10,114,0,0,154,10,164,131,0,131,295
06/24/2015,CRG,FL,ASO,ES,Federal Contract Tower,0,2,76,0,78,0,0,94,18,112,0,2,170,18,190,229,0,229,419
06/25/2015,CRG,FL,ASO,ES,Federal Contract Tower,0,2,68,0,70,0,0,87,24,111,0,2,155,24,181,129,0,129,310
06/26/2015,CRG,FL,ASO,ES,Federal Contract Tower,0,4,78,0,82,0,1,115,0,116,0,5,193,0,198,169,0,169,367
06/27/2015,CRG,FL,ASO,ES,Federal Contract Tower,0,3,59,0,62,0,0,106,0,106,0,3,165,0,168,113,0,113,281
06/28/2015,CRG,FL,ASO,ES,Federal Contract Tower,0,5,44,0,49,0,0,53,0,53,0,5,97,0,102,140,0,140,242
06/29/2015,CRG,FL,ASO,ES,Federal Contract Tower,0,3,56,0,59,0,0,63,16,79,0,3,119,16,138,183,0,183,321
06/30/2015,CRG,FL,ASO,ES,Federal Contract Tower,0,1,65,1,67,0,0,89,42,131,0,1,154,43,198,160,0,160,358
07/01/2015,CRG,FL,ASO,ES,Federal Contract Tower,0,0,108,0,108,0,0,105,18,123,0,0,213,18,231,195,0,195,426
07/02/2015,CRG,FL,ASO,ES,Federal Contract Tower,0,2,68,0,70,0,0,114,6,120,0,2,182,6,190,93,0,93,283
07/03/2015,CRG,FL,ASO,ES,Federal Contract Tower,0,1,64,0,65,0,0,109,0,109,0,1,173,0,174,113,0,113,287
07/04/2015,CRG,FL,ASO,ES,Federal Contract Tower,0,1,19,0,20,0,0,54,0,54,0,1,73,0,74,82,0,82,156
07/05/2015,CRG,FL,ASO,ES,Federal Contract Tower,0,5,39,0,44,0,0,57,0,57,0,5,96,0,101,68,0,68,169
07/06/2015,CRG,FL,ASO,ES,Federal Contract Tower,0,0,43,0,43,0,0,115,0,115,0,0,158,0,158,185,0,185,343
07/07/2015,CRG,FL,ASO,ES,Federal Contract Tower,0,0,49,0,49,0,0,129,8,137,0,0,178,8,186,327,2,329,515
07/08/2015,CRG,FL,ASO,ES,Federal Contract Tower,0,2,55,2,59,0,0,104,28,132,0,2,159,30,191,286,0,286,477
07/09/2015,CRG,FL,ASO,ES,Federal Contract Tower,0,0,51,0,51,0,0,118,24,142,0,0,169,24,193,184,11,195,388
07/10/2015,CRG,FL,ASO,ES,Federal Contract Tower,0,4,58,0,62,0,0,141,37,178,0,4,199,37,240,354,0,354,594
07/11/2015,CRG,FL,ASO,ES,Federal Contract Tower,0,0,40,0,40,0,0,83,4,87,0,0,123,4,127,124,0,124,251
07/12/2015,CRG,FL,ASO,ES,Federal Contract Tower,0,1,38,0,39,0,0,76,6,82,0,1,114,6,121,142,0,142,263
07/13/2015,CRG,FL,ASO,ES,Federal Contract Tower,0,1,55,0,56,0,0,82,22,104,0,1,137,22,160,194,0,194,354
07/14/2015,CRG,FL,ASO,ES,Federal Contract Tower,0,2,61,2,65,0,0,105,30,135,0,2,166,32,200,232,0,232,432
07/15/2015,CRG,FL,ASO,ES,Federal Contract Tower,0,1,51,0,52,0,0,95,46,141,0,1,146,46,193,193,0,193,386
07/16/2015,CRG,FL,ASO,ES,Federal Contract Tower,0,2,55,0,57,0,0,87,18,105,0,2,142,18,162,161,0,161,323
07/17/2015,CRG,FL,ASO,ES,Federal Contract Tower,0,5,34,1,40,0,0,96,16,112,0,5,130,17,152,193,0,193,345
07/18/2015,CRG,FL,ASO,ES,Federal Contract Tower,0,6,34,0,40,0,0,55,0,55,0,6,89,0,95,190,0,190,285
07/19/2015,CRG,FL,ASO,ES,Federal Contract Tower,0,2,42,0,44,0,0,43,3,46,0,2,85,3,90,6,0,6,96
07/20/2015,CRG,FL,ASO,ES,Federal Contract Tower,0,1,54,0,55,0,0,87,18,105,0,1,141,18,160,113,0,113,273
07/21/2015,CRG,FL,ASO,ES,Federal Contract Tower,0,0,29,0,29,0,0,127,26,153,0,0,156,26,182,143,0,143,325
07/22/2015,CRG,FL,ASO,ES,Federal Contract Tower,0,3,50,0,53,0,0,76,20,96,0,3,126,20,149,167,0,167,316
07/23/2015,CRG,FL,ASO,ES,Federal Contract Tower,0,0,39,0,39,0,0,98,18,116,0,0,137,18,155,222,0,222,377
07/24/2015,CRG,FL,ASO,ES,Federal Contract Tower,0,2,68,0,70,0,0,79,6,85,0,2,147,6,155,120,0,120,275
07/25/2015,CRG,FL,ASO,ES,Federal Contract Tower,0,1,28,0,29,0,0,65,4,69,0,1,93,4,98,46,0,46,144
07/26/2015,CRG,FL,ASO,ES,Federal Contract Tower,0,3,48,0,51,0,0,58,0,58,0,3,106,0,109,135,0,135,244
07/27/2015,CRG,FL,ASO,ES,Federal Contract Tower,0,0,64,30,94,0,0,77,2,79,0,0,141,32,173,191,0,191,364
07/28/2015,CRG,FL,ASO,ES,Federal Contract Tower,0,2,48,0,50,0,0,92,52,144,0,2,140,52,194,239,0,239,433
07/29/2015,CRG,FL,ASO,ES,Federal Contract Tower,0,2,67,4,73,0,0,131,78,209,0,2,198,82,282,231,6,237,519
07/30/2015,CRG,FL,ASO,ES,Federal Contract Tower,0,2,58,0,60,0,0,110,50,160,0,2,168,50,220,190,0,190,410
07/31/2015,CRG,FL,ASO,ES,Federal Contract Tower,0,7,37,0,44,0,0,133,6,139,0,7,170,6,183,328,0,328,511
08/01/2015,CRG,FL,ASO,ES,Federal Contract Tower,0,0,44,0,44,0,0,55,0,55,0,0,99,0,99,141,0,141,240
08/02/2015,CRG,FL,ASO,ES,Federal Contract Tower,0,2,47,0,49,0,0,62,0,62,0,2,109,0,111,43,0,43,154
08/03/2015,CRG,FL,ASO,ES,Federal Contract Tower,0,2,42,0,44,0,0,16,0,16,0,2,58,0,60,51,0,51,111
08/04/2015,CRG,FL,ASO,ES,Federal Contract Tower,0,2,52,0,54,0,0,55,16,71,0,2,107,16,125,48,0,48,173
08/05/2015,CRG,FL,ASO,ES,Federal Contract Tower,0,0,41,0,41,0,0,98,46,144,0,0,139,46,185,166,42,208,393
08/06/2015,CRG,FL,ASO,ES,Federal Contract Tower,0,4,73,0,77,0,0,105,12,117,0,4,178,12,194,224,28,252,446
08/07/2015,CRG,FL,ASO,ES,Federal Contract Tower,0,4,41,0,45,0,0,70,4,74,0,4,111,4,119,112,0,112,231
08/08/2015,CRG,FL,ASO,ES,Federal Contract Tower,0,0,51,0,51,0,0,75,2,77,0,0,126,2,128,156,0,156,284
08/09/2015,CRG,FL,ASO,ES,Federal Contract Tower,0,0,62,0,62,0,0,75,0,75,0,0,137,0,137,75,26,101,238
08/10/2015,CRG,FL,ASO,ES,Federal Contract Tower,0,4,44,0,48,0,0,170,48,218,0,4,214,48,266,185,0,185,451
08/11/2015,CRG,FL,ASO,ES,Federal Contract Tower,0,2,45,0,47,0,0,93,30,123,0,2,138,30,170,272,0,272,442
08/12/2015,CRG,FL,ASO,ES,Federal Contract Tower,0,1,66,0,67,0,0,96,28,124,0,1,162,28,191,129,0,129,320
08/13/2015,CRG,FL,ASO,ES,Federal Contract Tower,0,6,34,0,40,0,0,101,36,137,0,6,135,36,177,261,0,261,438
08/14/2015,CRG,FL,ASO,ES,Federal Contract Tower,0,0,51,0,51,0,0,109,4,113,0,0,160,4,164,246,10,256,420
08/15/2015,CRG,FL,ASO,ES,Federal Contract Tower,0,2,35,0,37,0,0,74,0,74,0,2,109,0,111,165,0,165,276
08/16/2015,CRG,FL,ASO,ES,Federal Contract Tower,0,4,28,0,32,0,0,24,0,24,0,4,52,0,56,35,0,35,91
08/17/2015,CRG,FL,ASO,ES,Federal Contract Tower,0,1,28,0,29,0,0,74,22,96,0,1,102,22,125,118,0,118,243
08/18/2015,CRG,FL,ASO,ES,Federal Contract Tower,0,1,59,0,60,0,0,86,30,116,0,1,145,30,176,173,0,173,349
08/19/2015,CRG,FL,ASO,ES,Federal Contract Tower,0,0,57,0,57,0,0,93,40,133,0,0,150,40,190,174,0,174,364
08/20/2015,CRG,FL,ASO,ES,Federal Contract Tower,0,0,44,0,44,0,0,110,20,130,0,0,154,20,174,117,0,117,291
08/21/2015,CRG,FL,ASO,ES,Federal Contract Tower,0,2,69,0,71,0,0,134,22,156,0,2,203,22,227,252,10,262,489
08/22/2015,CRG,FL,ASO,ES,Federal Contract Tower,0,3,35,0,38,0,0,102,2,104,0,3,137,2,142,258,0,258,400
08/23/2015,CRG,FL,ASO,ES,Federal Contract Tower,0,1,37,0,38,0,0,78,7,85,0,1,115,7,123,117,2,119,242
08/24/2015,CRG,FL,ASO,ES,Federal Contract Tower,0,1,39,0,40,0,0,69,48,117,0,1,108,48,157,194,0,194,351
08/25/2015,CRG,FL,ASO,ES,Federal Contract Tower,0,4,44,0,48,0,0,107,16,123,0,4,151,16,171,274,0,274,445
08/26/2015,CRG,FL,ASO,ES,Federal Contract Tower,0,3,60,2,65,0,0,89,32,121,0,3,149,34,186,82,0,82,268
08/27/2015,CRG,FL,ASO,ES,Federal Contract Tower,0,2,50,0,52,0,0,80,60,140,0,2,130,60,192,300,2,302,494
08/28/2015,CRG,FL,ASO,ES,Federal Contract Tower,0,2,41,0,43,0,0,61,8,69,0,2,102,8,112,172,2,174,286
08/29/2015,CRG,FL,ASO,ES,Federal Contract Tower,0,2,29,0,31,0,0,56,10,66,0,2,85,10,97,216,0,216,313
08/30/2015,CRG,FL,ASO,ES,Federal Contract Tower,0,2,14,0,16,0,0,35,2,37,0,2,49,2,53,88,0,88,141
08/31/2015,CRG,FL,ASO,ES,Federal Contract Tower,0,0,55,0,55,0,0,26,20,46,0,0,81,20,101,50,0,50,151
09/01/2015,CRG,FL,ASO,ES,Federal Contract Tower,0,0,38,0,38,0,0,85,82,167,0,0,123,82,205,271,0,271,476
09/02/2015,CRG,FL,ASO,ES,Federal Contract Tower,0,2,22,8,32,0,0,98,44,142,0,2,120,52,174,83,14,97,271
09/03/2015,CRG,FL,ASO,ES,Federal Contract Tower,0,3,69,0,72,0,0,117,50,167,0,3,186,50,239,220,0,220,459
09/04/2015,CRG,FL,ASO,ES,Federal Contract Tower,0,3,68,0,71,0,0,114,2,116,0,3,182,2,187,198,0,198,385
09/05/2015,CRG,FL,ASO,ES,Federal Contract Tower,0,1,34,0,35,0,0,78,4,82,0,1,112,4,117,188,0,188,305
09/06/2015,CRG,FL,ASO,ES,Federal Contract Tower,0,2,23,0,25,0,0,46,2,48,0,2,69,2,73,81,0,81,154
09/07/2015,CRG,FL,ASO,ES,Federal Contract Tower,0,2,41,0,43,0,0,81,0,81,0,2,122,0,124,94,0,94,218
09/08/2015,CRG,FL,ASO,ES,Federal Contract Tower,0,1,51,0,52,0,0,73,34,107,0,1,124,34,159,65,8,73,232
09/09/2015,CRG,FL,ASO,ES,Federal Contract Tower,0,2,68,6,76,0,0,147,46,193,0,2,215,52,269,169,0,169,438
09/10/2015,CRG,FL,ASO,ES,Federal Contract Tower,0,1,63,0,64,0,0,111,34,145,0,1,174,34,209,316,0,316,525
09/11/2015,CRG,FL,ASO,ES,Federal Contract Tower,0,2,55,0,57,0,0,117,30,147,0,2,172,30,204,206,0,206,410
09/12/2015,CRG,FL,ASO,ES,Federal Contract Tower,0,0,21,0,21,0,0,27,6,33,0,0,48,6,54,71,0,71,125
09/13/2015,CRG,FL,ASO,ES,Federal Contract Tower,0,7,44,0,51,0,0,88,6,94,0,7,132,6,145,270,0,270,415
09/14/2015,CRG,FL,ASO,ES,Federal Contract Tower,0,6,55,6,67,0,0,118,28,146,0,6,173,34,213,146,2,148,361
09/15/2015,CRG,FL,ASO,ES,Federal Contract Tower,0,2,30,6,38,0,0,61,30,91,0,2,91,36,129,175,0,175,304
09/16/2015,CRG,FL,ASO,ES,Federal Contract Tower,0,2,35,4,41,0,0,46,61,107,0,2,81,65,148,120,0,120,268
09/17/2015,CRG,FL,ASO,ES,Federal Contract Tower,0,3,54,5,62,0,0,36,35,71,0,3,90,40,133,81,0,81,214
09/18/2015,CRG,FL,ASO,ES,Federal Contract Tower,0,4,68,0,72,0,0,27,35,62,0,4,95,35,134,42,0,42,176
09/19/2015,CRG,FL,ASO,ES,Federal Contract Tower,0,1,48,0,49,0,0,74,4,78,0,1,122,4,127,133,0,133,260
09/20/2015,CRG,FL,ASO,ES,Federal Contract Tower,0,9,76,0,85,0,0,163,8,171,0,9,239,8,256,267,4,271,527
09/21/2015,CRG,FL,ASO,ES,Federal Contract Tower,0,2,71,0,73,0,0,155,44,199,0,2,226,44,272,129,0,129,401
09/22/2015,CRG,FL,ASO,ES,Federal Contract Tower,0,6,46,1,53,0,0,110,52,162,0,6,156,53,215,304,2,306,521
09/23/2015,CRG,FL,ASO,ES,Federal Contract Tower,0,6,61,0,67,0,0,22,46,68,0,6,83,46,135,45,0,45,180
09/24/2015,CRG,FL,ASO,ES,Federal Contract Tower,0,0,68,0,68,0,0,8,36,44,0,0,76,36,112,63,0,63,175
09/25/2015,CRG,FL,ASO,ES,Federal Contract Tower,0,8,60,0,68,0,0,110,30,140,0,8,170,30,208,139,0,139,347
09/26/2015,CRG,FL,ASO,ES,Federal Contract Tower,0,0,32,0,32,0,0,88,6,94,0,0,120,6,126,157,0,157,283
09/27/2015,CRG,FL,ASO,ES,Federal Contract Tower,0,1,46,0,47,0,0,4,6,10,0,1,50,6,57,0,0,0,57
09/28/2015,CRG,FL,ASO,ES,Federal Contract Tower,0,1,37,0,38,0,0,66,82,148,0,1,103,82,186,60,0,60,246
09/29/2015,CRG,FL,ASO,ES,Federal Contract Tower,0,1,44,0,45,0,0,73,34,107,0,1,117,34,152,162,10,172,324
09/30/2015,CRG,FL,ASO,ES,Federal Contract Tower,0,4,46,6,56,0,0,82,34,116,0,4,128,40,172,213,0,213,385
10/01/2015,CRG,FL,ASO,ES,Federal Contract Tower,0,5,61,2,68,0,0,67,76,143,0,5,128,78,211,170,0,170,381
10/02/2015,CRG,FL,ASO,ES,Federal Contract Tower,0,7,56,0,63,0,0,19,16,35,0,7,75,16,98,67,0,67,165
10/03/2015,CRG,FL,ASO,ES,Federal Contract Tower,2,1,56,0,59,0,0,35,0,35,2,1,91,0,94,210,0,210,304
10/04/2015,CRG,FL,ASO,ES,Federal Contract Tower,0,1,63,1,65,0,0,65,9,74,0,1,128,10,139,212,0,212,351
10/05/2015,CRG,FL,ASO,ES,Federal Contract Tower,0,2,49,2,53,0,0,36,26,62,0,2,85,28,115,197,2,199,314
10/06/2015,CRG,FL,ASO,ES,Federal Contract Tower,0,0,95,0,95,0,0,57,46,103,0,0,152,46,198,253,0,253,451
10/07/2015,CRG,FL,ASO,ES,Federal Contract Tower,0,8,65,0,73,0,0,165,64,229,0,8,230,64,302,310,0,310,612
10/08/2015,CRG,FL,ASO,ES,Federal Contract Tower,0,0,54,0,54,0,0,106,82,188,0,0,160,82,242,338,0,338,580
10/09/2015,CRG,FL,ASO,ES,Federal Contract Tower,0,2,65,0,67,0,0,129,28,157,0,2,194,28,224,308,0,308,532
10/10/2015,CRG,FL,ASO,ES,Federal Contract Tower,0,2,30,0,32,0,0,98,0,98,0,2,128,0,130,161,0,161,291
10/11/2015,CRG,FL,ASO,ES,Federal Contract Tower,0,5,54,0,59,0,0,55,2,57,0,5,109,2,116,113,0,113,229
10/12/2015,CRG,FL,ASO,ES,Federal Contract Tower,0,3,56,0,59,0,0,107,0,107,0,3,163,0,166,220,0,220,386
10/13/2015,CRG,FL,ASO,ES,Federal Contract Tower,0,2,57,0,59,0,0,122,28,150,0,2,179,28,209,248,0,248,457
10/14/2015,CRG,FL,ASO,ES,Federal Contract Tower,0,21,77,0,98,0,1,157,42,200,0,22,234,42,298,272,0,272,570
10/15/2015,CRG,FL,ASO,ES,Federal Contract Tower,0,4,73,0,77,0,0,139,84,223,0,4,212,84,300,263,0,263,563
10/16/2015,CRG,FL,ASO,ES,Federal Contract Tower,0,3,62,0,65,0,0,150,14,164,0,3,212,14,229,214,0,214,443
10/17/2015,CRG,FL,ASO,ES,Federal Contract Tower,0,2,29,0,31,0,0,185,8,193,0,2,214,8,224,140,0,140,364
10/18/2015,CRG,FL,ASO,ES,Federal Contract Tower,0,2,35,0,37,0,0,57,0,57,0,2,92,0,94,29,0,29,123
10/19/2015,CRG,FL,ASO,ES,Federal Contract Tower,0,1,39,0,40,0,0,53,56,109,0,1,92,56,149,86,0,86,235
10/20/2015,CRG,FL,ASO,ES,Federal Contract Tower,0,4,58,0,62,0,0,81,58,139,0,4,139,58,201,161,0,161,362
10/21/2015,CRG,FL,ASO,ES,Federal Contract Tower,0,6,53,0,59,0,0,111,94,205,0,6,164,94,264,214,0,214,478
10/22/2015,CRG,FL,ASO,ES,Federal Contract Tower,0,2,54,0,56,0,0,144,62,206,0,2,198,62,262,245,4,249,511
10/23/2015,CRG,FL,ASO,ES,Federal Contract Tower,0,9,59,4,72,0,0,77,14,91,0,9,136,18,163,218,0,218,381
10/24/2015,CRG,FL,ASO,ES,Federal Contract Tower,0,8,37,0,45,0,0,63,8,71,0,8,100,8,116,72,0,72,188
10/25/2015,CRG,FL,ASO,ES,Federal Contract Tower,0,8,50,0,58,0,0,59,6,65,0,8,109,6,123,94,0,94,217
10/26/2015,CRG,FL,ASO,ES,Federal Contract Tower,0,2,47,4,53,0,0,85,76,161,0,2,132,80,214,209,0,209,423
10/27/2015,CRG,FL,ASO,ES,Federal Contract Tower,0,1,59,0,60,0,0,71,27,98,0,1,130,27,158,274,0,274,432
10/28/2015,CRG,FL,ASO,ES,Federal Contract Tower,0,13,70,0,83,0,0,64,34,98,0,13,134,34,181,151,0,151,332
10/29/2015,CRG,FL,ASO,ES,Federal Contract Tower,0,5,84,0,89,0,0,158,22,180,0,5,242,22,269,291,0,291,560
10/30/2015,CRG,FL,ASO,ES,Federal Contract Tower,0,8,74,0,82,0,0,95,10,105,0,8,169,10,187,230,0,230,417
10/31/2015,CRG,FL,ASO,ES,Federal Contract Tower,0,8,84,0,92,0,0,107,0,107,0,8,191,0,199,119,0,119,318
11/01/2015,CRG,FL,ASO,ES,Federal Contract Tower,0,2,47,0,49,0,0,84,0,84,0,2,131,0,133,131,0,131,264
11/02/2015,CRG,FL,ASO,ES,Federal Contract Tower,0,0,45,0,45,0,0,70,20,90,0,0,115,20,135,85,0,85,220
11/03/2015,CRG,FL,ASO,ES,Federal Contract Tower,0,7,61,0,68,0,0,150,26,176,0,7,211,26,244,284,0,284,528
11/04/2015,CRG,FL,ASO,ES,Federal Contract Tower,0,8,74,0,82,0,0,133,59,192,0,8,207,59,274,325,30,355,629
11/05/2015,CRG,FL,ASO,ES,Federal Contract Tower,0,4,59,2,65,0,0,116,102,218,0,4,175,104,283,308,0,308,591
11/06/2015,CRG,FL,ASO,ES,Federal Contract Tower,0,6,56,0,62,0,0,118,20,138,0,6,174,20,200,329,0,329,529
11/07/2015,CRG,FL,ASO,ES,Federal Contract Tower,0,1,40,8,49,0,0,91,8,99,0,1,131,16,148,133,0,133,281
11/08/2015,CRG,FL,ASO,ES,Federal Contract Tower,0,3,27,0,30,0,0,0,0,0,0,3,27,0,30,0,0,0,30
11/09/2015,CRG,FL,ASO,ES,Federal Contract Tower,0,6,38,0,44,0,0,30,16,46,0,6,68,16,90,75,0,75,165
11/10/2015,CRG,FL,ASO,ES,Federal Contract Tower,0,5,57,2,64,0,0,71,74,145,0,5,128,76,209,144,6,150,359
11/11/2015,CRG,FL,ASO,ES,Federal Contract Tower,0,6,62,0,68,0,0,143,0,143,0,6,205,0,211,290,0,290,501
11/12/2015,CRG,FL,ASO,ES,Federal Contract Tower,0,4,68,3,75,0,0,147,34,181,0,4,215,37,256,274,0,274,530
11/13/2015,CRG,FL,ASO,ES,Federal Contract Tower,0,6,84,0,90,0,0,133,28,161,0,6,217,28,251,278,2,280,531
11/14/2015,CRG,FL,ASO,ES,Federal Contract Tower,0,3,51,0,54,0,0,115,2,117,0,3,166,2,171,182,0,182,353
11/15/2015,CRG,FL,ASO,ES,Federal Contract Tower,0,4,61,0,65,0,0,87,5,92,0,4,148,5,157,126,0,126,283
11/16/2015,CRG,FL,ASO,ES,Federal Contract Tower,0,4,70,0,74,0,0,127,22,149,0,4,197,22,223,221,2,223,446
11/17/2015,CRG,FL,ASO,ES,Federal Contract Tower,0,2,80,0,82,0,0,92,38,130,0,2,172,38,212,208,0,208,420
11/18/2015,CRG,FL,ASO,ES,Federal Contract Tower,0,2,44,2,48,0,0,54,60,114,0,2,98,62,162,59,0,59,221
11/19/2015,CRG,FL,ASO,ES,Federal Contract Tower,0,12,71,0,83,0,0,25,22,47,0,12,96,22,130,134,18,152,282
11/20/2015,CRG,FL,ASO,ES,Federal Contract Tower,0,6,85,0,91,0,0,78,18,96,0,6,163,18,187,130,0,130,317
11/21/2015,CRG,FL,ASO,ES,Federal Contract Tower,0,0,40,0,40,0,0,71,0,71,0,0,111,0,111,196,0,196,307
11/22/2015,CRG,FL,ASO,ES,Federal Contract Tower,0,4,45,0,49,0,0,25,0,25,0,4,70,0,74,56,0,56,130
11/23/2015,CRG,FL,ASO,ES,Federal Contract Tower,0,0,66,0,66,0,0,125,38,163,0,0,191,38,229,251,0,251,480
11/24/2015,CRG,FL,ASO,ES,Federal Contract Tower,0,2,65,0,67,0,0,128,38,166,0,2,193,38,233,305,0,305,538
11/25/2015,CRG,FL,ASO,ES,Federal Contract Tower,0,5,71,0,76,0,0,96,0,96,0,5,167,0,172,141,0,141,313
11/26/2015,CRG,FL,ASO,ES,Federal Contract Tower,0,3,19,0,22,0,0,23,0,23,0,3,42,0,45,17,0,17,62
11/27/2015,CRG,FL,ASO,ES,Federal Contract Tower,0,5,38,2,45,0,0,54,0,54,0,5,92,2,99,101,0,101,200
11/28/2015,CRG,FL,ASO,ES,Federal Contract Tower,0,2,52,0,54,0,0,51,0,51,0,2,103,0,105,94,0,94,199
11/29/2015,CRG,FL,ASO,ES,Federal Contract Tower,0,9,63,0,72,0,0,114,0,114,0,9,177,0,186,67,0,67,253
11/30/2015,CRG,FL,ASO,ES,Federal Contract Tower,0,3,99,0,102,0,0,98,56,154,0,3,197,56,256,110,0,110,366
12/01/2015,CRG,FL,ASO,ES,Federal Contract Tower,0,7,68,0,75,0,0,97,90,187,0,7,165,90,262,220,0,220,482
12/02/2015,CRG,FL,ASO,ES,Federal Contract Tower,0,3,48,0,51,0,0,67,36,103,0,3,115,36,154,188,0,188,342
12/03/2015,CRG,FL,ASO,ES,Federal Contract Tower,0,2,71,0,73,0,0,96,108,204,0,2,167,108,277,111,10,121,398
12/04/2015,CRG,FL,ASO,ES,Federal Contract Tower,0,4,59,0,63,0,0,20,39,59,0,4,79,39,122,36,3,39,161
12/05/2015,CRG,FL,ASO,ES,Federal Contract Tower,0,5,45,0,50,0,0,4,1,5,0,5,49,1,55,0,0,0,55
12/06/2015,CRG,FL,ASO,ES,Federal Contract Tower,0,3,53,0,56,0,0,74,8,82,0,3,127,8,138,107,0,107,245
12/07/2015,CRG,FL,ASO,ES,Federal Contract Tower,0,7,62,0,69,0,0,57,70,127,0,7,119,70,196,147,0,147,343
12/08/2015,CRG,FL,ASO,ES,Federal Contract Tower,0,11,69,0,80,0,0,133,118,251,0,11,202,118,331,234,0,234,565
12/09/2015,CRG,FL,ASO,ES,Federal Contract Tower,0,12,66,0,78,0,0,120,59,179,0,12,186,59,257,299,2,301,558
12/10/2015,CRG,FL,ASO,ES,Federal Contract Tower,0,4,71,0,75,0,0,101,21,122,0,4,172,21,197,290,0,290,487
12/11/2015,CRG,FL,ASO,ES,Federal Contract Tower,0,10,75,0,85,0,0,140,19,159,0,10,215,19,244,154,2,156,400
12/12/2015,CRG,FL,ASO,ES,Federal Contract Tower,0,10,54,0,64,0,0,160,10,170,0,10,214,10,234,114,0,114,348
12/13/2015,CRG,FL,ASO,ES,Federal Contract Tower,0,5,51,1,57,0,0,96,21,117,0,5,147,22,174,160,0,160,334
12/14/2015,CRG,FL,ASO,ES,Federal Contract Tower,0,4,42,0,46,0,0,54,40,94,0,4,96,40,140,82,0,82,222
12/15/2015,CRG,FL,ASO,ES,Federal Contract Tower,0,0,62,0,62,0,0,34,70,104,0,0,96,70,166,152,8,160,326
12/16/2015,CRG,FL,ASO,ES,Federal Contract Tower,0,5,75,0,80,0,0,45,32,77,0,5,120,32,157,222,2,224,381
12/17/2015,CRG,FL,ASO,ES,Federal Contract Tower,0,7,62,2,71,0,0,63,14,77,0,7,125,16,148,64,0,64,212
12/18/2015,CRG,FL,ASO,ES,Federal Contract Tower,0,3,62,0,65,0,0,71,16,87,0,3,133,16,152,122,0,122,274
12/19/2015,CRG,FL,ASO,ES,Federal Contract Tower,0,6,53,0,59,0,0,117,2,119,0,6,170,2,178,168,0,168,346
12/20/2015,CRG,FL,ASO,ES,Federal Contract Tower,0,0,48,0,48,0,0,87,2,89,0,0,135,2,137,167,0,167,304
12/21/2015,CRG,FL,ASO,ES,Federal Contract Tower,0,4,65,0,69,0,0,110,18,128,0,4,175,18,197,217,0,217,414
12/22/2015,CRG,FL,ASO,ES,Federal Contract Tower,0,4,46,0,50,0,0,43,16,59,0,4,89,16,109,107,0,107,216
12/23/2015,CRG,FL,ASO,ES,Federal Contract Tower,0,6,45,0,51,0,0,30,10,40,0,6,75,10,91,67,0,67,158
12/24/2015,CRG,FL,ASO,ES,Federal Contract Tower,0,2,21,0,23,0,0,21,0,21,0,2,42,0,44,2,0,2,46
12/25/2015,CRG,FL,ASO,ES,Federal Contract Tower,0,3,13,0,16,0,0,16,0,16,0,3,29,0,32,18,0,18,50
12/26/2015,CRG,FL,ASO,ES,Federal Contract Tower,0,3,44,0,47,0,0,79,0,79,0,3,123,0,126,43,0,43,169
12/27/2015,CRG,FL,ASO,ES,Federal Contract Tower,0,2,41,0,43,0,0,50,0,50,0,2,91,0,93,25,0,25,118
12/28/2015,CRG,FL,ASO,ES,Federal Contract Tower,0,1,34,0,35,0,0,48,12,60,0,1,82,12,95,87,0,87,182
12/29/2015,CRG,FL,ASO,ES,Federal Contract Tower,0,6,56,0,62,0,0,59,28,87,0,6,115,28,149,121,12,133,282
12/30/2015,CRG,FL,ASO,ES,Federal Contract Tower,0,6,46,0,52,0,0,72,6,78,0,6,118,6,130,247,0,247,377
12/31/2015,CRG,FL,ASO,ES,Federal Contract Tower,0,1,48,0,49,0,0,62,0,62,0,1,110,0,111,144,0,144,255
01/01/2016,CRG,FL,ASO,ES,Federal Contract Tower,0,2,19,0,21,0,0,1,0,1,0,2,20,0,22,0,0,0,22
01/02/2016,CRG,FL,ASO,ES,Federal Contract Tower,0,2,66,0,68,0,0,35,0,35,0,2,101,0,103,148,0,148,251
01/03/2016,CRG,FL,ASO,ES,Federal Contract Tower,0,5,41,0,46,0,0,40,0,40,0,5,81,0,86,90,0,90,176
01/04/2016,CRG,FL,ASO,ES,Federal Contract Tower,0,3,60,2,65,0,0,85,30,115,0,3,145,32,180,124,0,124,304
01/05/2016,CRG,FL,ASO,ES,Federal Contract Tower,0,2,51,0,53,0,0,44,92,136,0,2,95,92,189,49,12,61,250
01/06/2016,CRG,FL,ASO,ES,Federal Contract Tower,0,0,32,0,32,0,0,0,22,22,0,0,32,22,54,0,0,0,54
01/07/2016,CRG,FL,ASO,ES,Federal Contract Tower,0,6,36,0,42,0,0,0,4,4,0,6,36,4,46,0,0,0,46
01/08/2016,CRG,FL,ASO,ES,Federal Contract Tower,0,2,51,0,53,0,0,7,42,49,0,2,58,42,102,9,0,9,111
01/09/2016,CRG,FL,ASO,ES,Federal Contract Tower,0,4,28,0,32,0,0,0,0,0,0,4,28,0,32,0,0,0,32
01/10/2016,CRG,FL,ASO,ES,Federal Contract Tower,0,6,45,0,51,0,0,57,0,57,0,6,102,0,108,137,0,137,245
01/11/2016,CRG,FL,ASO,ES,Federal Contract Tower,0,0,77,0,77,0,0,113,8,121,0,0,190,8,198,280,0,280,478
01/12/2016,CRG,FL,ASO,ES,Federal Contract Tower,0,4,61,0,65,0,0,138,50,188,0,4,199,50,253,203,8,211,464
01/13/2016,CRG,FL,ASO,ES,Federal Contract Tower,0,3,83,2,88,0,0,142,22,164,0,3,225,24,252,233,0,233,485
01/14/2016,CRG,FL,ASO,ES,Federal Contract Tower,0,0,71,7,78,0,0,121,75,196,0,0,192,82,274,189,0,189,463
01/15/2016,CRG,FL,ASO,ES,Federal Contract Tower,0,0,49,0,49,0,0,44,2,46,0,0,93,2,95,44,0,44,139
01/16/2016,CRG,FL,ASO,ES,Federal Contract Tower,0,9,48,0,57,0,0,61,0,61,0,9,109,0,118,115,0,115,233
01/17/2016,CRG,FL,ASO,ES,Federal Contract Tower,0,1,34,0,35,0,0,36,0,36,0,1,70,0,71,62,0,62,133
01/18/2016,CRG,FL,ASO,ES,Federal Contract Tower,0,2,82,0,84,0,0,126,0,126,0,2,208,0,210,207,0,207,417
01/19/2016,CRG,FL,ASO,ES,Federal Contract Tower,0,2,88,0,90,0,0,132,22,154,0,2,220,22,244,360,0,360,604
01/20/2016,CRG,FL,ASO,ES,Federal Contract Tower,0,3,91,1,95,0,0,134,121,255,0,3,225,122,350,257,25,282,632
01/21/2016,CRG,FL,ASO,ES,Federal Contract Tower,0,5,86,0,91,0,0,177,88,265,0,5,263,88,356,277,56,333,689
01/22/2016,CRG,FL,ASO,ES,Federal Contract Tower,0,4,26,4,34,0,0,36,8,44,0,4,62,12,78,105,0,105,183
01/25/2016,CRG,FL,ASO,ES,Federal Contract Tower,0,3,88,0,91,0,0,108,106,214,0,3,196,106,305,291,2,293,598
01/26/2016,CRG,FL,ASO,ES,Federal Contract Tower,0,3,86,2,91,0,0,127,122,249,0,3,213,124,340,236,0,236,576
01/27/2016,CRG,FL,ASO,ES,Federal Contract Tower,0,5,58,0,63,0,0,33,106,139,0,5,91,106,202,50,4,54,256
01/28/2016,CRG,FL,ASO,ES,Federal Contract Tower,0,5,44,0,49,0,0,0,0,0,0,5,44,0,49,0,0,0,49
01/29/2016,CRG,FL,ASO,ES,Federal Contract Tower,0,0,106,0,106,0,0,133,40,173,0,0,239,40,279,238,10,248,527
01/30/2016,CRG,FL,ASO,ES,Federal Contract Tower,0,4,76,0,80,0,0,124,8,132,0,4,200,8,212,236,0,236,448
01/31/2016,CRG,FL,ASO,ES,Federal Contract Tower,0,2,96,0,98,0,0,80,6,86,0,2,176,6,184,131,0,131,315
02/01/2016,CRG,FL,ASO,ES,Federal Contract Tower,0,4,79,0,83,0,0,112,42,154,0,4,191,42,237,308,0,308,545
02/02/2016,CRG,FL,ASO,ES,Federal Contract Tower,0,3,54,0,57,0,0,101,94,195,0,3,155,94,252,395,22,417,669
02/03/2016,CRG,FL,ASO,ES,Federal Contract Tower,0,3,55,0,58,0,0,89,54,143,0,3,144,54,201,267,14,281,482
02/04/2016,CRG,FL,ASO,ES,Federal Contract Tower,0,1,41,0,42,0,0,17,2,19,0,1,58,2,61,56,0,56,117
02/05/2016,CRG,FL,ASO,ES,Federal Contract Tower,0,11,58,0,69,0,0,133,20,153,0,11,191,20,222,299,0,299,521
02/06/2016,CRG,FL,ASO,ES,Federal Contract Tower,0,2,54,0,56,0,0,48,0,48,0,2,102,0,104,124,0,124,228
02/07/2016,CRG,FL,ASO,ES,Federal Contract Tower,0,5,25,0,30,0,0,44,0,44,0,5,69,0,74,98,0,98,172
02/08/2016,CRG,FL,ASO,ES,Federal Contract Tower,0,4,54,0,58,0,0,91,6,97,0,4,145,6,155,85,0,85,240
02/09/2016,CRG,FL,ASO,ES,Federal Contract Tower,0,2,42,0,44,2,0,48,44,94,2,2,90,44,138,96,0,96,234
02/10/2016,CRG,FL,ASO,ES,Federal Contract Tower,0,0,72,0,72,0,0,117,38,155,0,0,189,38,227,153,24,177,404
02/11/2016,CRG,FL,ASO,ES,Federal Contract Tower,0,1,96,0,97,0,0,138,41,179,0,1,234,41,276,340,0,340,616
02/12/2016,CRG,FL,ASO,ES,Federal Contract Tower,0,6,74,0,80,0,0,107,19,126,0,6,181,19,206,134,0,134,340
02/13/2016,CRG,FL,ASO,ES,Federal Contract Tower,0,8,62,0,70,0,0,118,2,120,0,8,180,2,190,220,0,220,410
02/14/2016,CRG,FL,ASO,ES,Federal Contract Tower,0,1,43,1,45,0,0,70,2,72,0,1,113,3,117,153,0,153,270
02/15/2016,CRG,FL,ASO,ES,Federal Contract Tower,0,1,46,0,47,0,0,58,2,60,0,1,104,2,107,165,0,165,272
02/16/2016,CRG,FL,ASO,ES,Federal Contract Tower,0,3,70,0,73,0,0,120,40,160,0,3,190,40,233,207,10,217,450
02/17/2016,CRG,FL,ASO,ES,Federal Contract Tower,0,6,88,1,95,0,0,161,48,209,0,6,249,49,304,240,34,274,578
02/18/2016,CRG,FL,ASO,ES,Federal Contract Tower,0,6,98,1,105,0,2,142,90,234,0,8,240,91,339,303,12,315,654
02/19/2016,CRG,FL,ASO,ES,Federal Contract Tower,0,3,70,2,75,0,0,100,28,128,0,3,170,30,203,277,0,277,480
02/20/2016,CRG,FL,ASO,ES,Federal Contract Tower,0,5,81,0,86,0,0,113,10,123,0,5,194,10,209,228,0,228,437
02/21/2016,CRG,FL,ASO,ES,Federal Contract Tower,0,7,75,0,82,0,0,85,8,93,0,7,160,8,175,195,0,195,370
02/22/2016,CRG,FL,ASO,ES,Federal Contract Tower,0,2,95,0,97,0,0,108,21,129,0,2,203,21,226,168,8,176,402
02/23/2016,CRG,FL,ASO,ES,Federal Contract Tower,0,0,54,1,55,0,0,80,50,130,0,0,134,51,185,180,2,182,367
02/24/2016,CRG,FL,ASO,ES,Federal Contract Tower,0,3,18,8,29,0,0,28,30,58,0,3,46,38,87,23,0,23,110
02/25/2016,CRG,FL,ASO,ES,Federal Contract Tower,0,10,79,1,90,0,0,72,38,110,0,10,151,39,200,143,0,143,343
02/26/2016,CRG,FL,ASO,ES,Federal Contract Tower,0,11,55,1,67,0,0,101,5,106,0,11,156,6,173,192,0,192,365
02/27/2016,CRG,FL,ASO,ES,Federal Contract Tower,0,4,73,1,78,0,0,134,0,134,0,4,207,1,212,297,0,297,509
02/28/2016,CRG,FL,ASO,ES,Federal Contract Tower,0,2,63,0,65,0,0,118,8,126,0,2,181,8,191,266,0,266,457
02/29/2016,CRG,FL,ASO,ES,Federal Contract Tower,0,3,83,4,90,0,0,141,36,177,0,3,224,40,267,320,0,320,587
03/01/2016,CRG,FL,ASO,ES,Federal Contract Tower,0,4,93,0,97,0,0,163,59,222,0,4,256,59,319,305,4,309,628
03/02/2016,CRG,FL,ASO,ES,Federal Contract Tower,0,9,85,0,94,0,0,88,33,121,0,9,173,33,215,259,2,261,476
03/03/2016,CRG,FL,ASO,ES,Federal Contract Tower,0,7,97,0,104,0,0,109,52,161,0,7,206,52,265,261,0,261,526
03/04/2016,CRG,FL,ASO,ES,Federal Contract Tower,0,3,66,0,69,0,0,60,24,84,0,3,126,24,153,155,0,155,308
03/05/2016,CRG,FL,ASO,ES,Federal Contract Tower,0,2,63,0,65,0,0,90,17,107,0,2,153,17,172,225,0,225,397
03/06/2016,CRG,FL,ASO,ES,Federal Contract Tower,0,2,65,0,67,0,0,93,8,101,0,2,158,8,168,109,0,109,277
03/07/2016,CRG,FL,ASO,ES,Federal Contract Tower,0,0,68,0,68,0,0,97,72,169,0,0,165,72,237,122,2,124,361
03/08/2016,CRG,FL,ASO,ES,Federal Contract Tower,0,5,65,0,70,0,0,93,104,197,0,5,158,104,267,272,0,272,539
03/09/2016,CRG,FL,ASO,ES,Federal Contract Tower,0,3,71,0,74,0,0,89,42,131,0,3,160,42,205,250,5,255,460
03/10/2016,CRG,FL,ASO,ES,Federal Contract Tower,0,2,66,1,69,0,0,124,57,181,0,2,190,58,250,284,0,284,534
03/11/2016,CRG,FL,ASO,ES,Federal Contract Tower,0,5,84,1,90,0,0,105,7,112,0,5,189,8,202,294,0,294,496
03/12/2016,CRG,FL,ASO,ES,Federal Contract Tower,0,11,51,0,62,0,0,83,0,83,0,11,134,0,145,182,0,182,327
03/13/2016,CRG,FL,ASO,ES,Federal Contract Tower,0,3,49,0,52,0,0,40,0,40,0,3,89,0,92,56,0,56,148
03/14/2016,CRG,FL,ASO,ES,Federal Contract Tower,0,8,65,0,73,0,0,64,18,82,0,8,129,18,155,143,0,143,298
03/15/2016,CRG,FL,ASO,ES,Federal Contract Tower,0,11,75,0,86,0,0,110,48,158,0,11,185,48,244,356,0,356,600
03/16/2016,CRG,FL,ASO,ES,Federal Contract Tower,0,7,76,0,83,0,0,71,30,101,0,7,147,30,184,260,0,260,444
03/17/2016,CRG,FL,ASO,ES,Federal Contract Tower,0,3,58,2,63,0,0,64,18,82,0,3,122,20,145,218,0,218,363
03/18/2016,CRG,FL,ASO,ES,Federal Contract Tower,0,8,87,0,95,0,0,99,0,99,0,8,186,0,194,205,0,205,399
03/19/2016,CRG,FL,ASO,ES,Federal Contract Tower,0,3,44,0,47,0,0,28,0,28,0,3,72,0,75,49,0,49,124
03/20/2016,CRG,FL,ASO,ES,Federal Contract Tower,0,5,41,0,46,0,0,107,2,109,0,5,148,2,155,96,0,96,251
03/21/2016,CRG,FL,ASO,ES,Federal Contract Tower,0,7,86,0,93,0,0,103,26,129,0,7,189,26,222,115,4,119,341
03/22/2016,CRG,FL,ASO,ES,Federal Contract Tower,0,9,93,2,104,0,0,120,47,167,0,9,213,49,271,266,0,266,537
03/23/2016,CRG,FL,ASO,ES,Federal Contract Tower,0,8,90,0,98,0,0,145,60,205,0,8,235,60,303,265,0,265,568
03/24/2016,CRG,FL,ASO,ES,Federal Contract Tower,0,6,49,2,57,0,0,123,40,163,0,6,172,42,220,267,0,267,487
03/25/2016,CRG,FL,ASO,ES,Federal Contract Tower,0,2,41,0,43,0,0,74,10,84,0,2,115,10,127,265,0,265,392
03/28/2016,CRG,FL,ASO,ES,Federal Contract Tower,0,8,87,0,95,0,0,100,22,122,0,8,187,22,217,195,2,197,414
03/29/2016,CRG,FL,ASO,ES,Federal Contract Tower,0,6,81,0,87,0,0,88,70,158,0,6,169,70,245,249,12,261,506
03/30/2016,CRG,FL,ASO,ES,Federal Contract Tower,0,4,97,0,101,0,0,130,91,221,0,4,227,91,322,240,10,250,572
03/31/2016,CRG,FL,ASO,ES,Federal Contract Tower,0,11,71,0,82,0,0,122,20,142,0,11,193,20,224,195,2,197,421
04/01/2016,CRG,FL,ASO,ES,Federal Contract Tower,0,2,65,0,67,0,0,68,16,84,0,2,133,16,151,198,8,206,357
04/02/2016,CRG,FL,ASO,ES,Federal Contract Tower,0,0,22,0,22,0,0,35,2,37,0,0,57,2,59,75,0,75,134
04/03/2016,CRG,FL,ASO,ES,Federal Contract Tower,0,0,55,0,55,0,0,95,8,103,0,0,150,8,158,118,0,118,276
04/04/2016,CRG,FL,ASO,ES,Federal Contract Tower,0,2,76,0,78,0,0,112,41,153,0,2,188,41,231,159,16,175,406
04/05/2016,CRG,FL,ASO,ES,Federal Contract Tower,0,12,68,2,82,0,0,125,79,204,0,12,193,81,286,298,1,299,585
04/06/2016,CRG,FL,ASO,ES,Federal Contract Tower,0,3,66,0,69,0,0,133,96,229,0,3,199,96,298,283,12,295,593
04/07/2016,CRG,FL,ASO,ES,Federal Contract Tower,0,5,76,0,81,0,0,115,60,175,0,5,191,60,256,205,2,207,463
04/08/2016,CRG,FL,ASO,ES,Federal Contract Tower,0,5,74,0,79,0,0,124,6,130,0,5,198,6,209,87,4,91,300
04/09/2016,CRG,FL,ASO,ES,Federal Contract Tower,0,4,47,0,51,0,0,83,2,85,0,4,130,2,136,135,0,135,271
04/10/2016,CRG,FL,ASO,ES,Federal Contract Tower,0,5,47,4,56,0,1,99,6,106,0,6,146,10,162,121,0,121,283
04/11/2016,CRG,FL,ASO,ES,Federal Contract Tower,0,3,63,0,66,0,0,112,30,142,0,3,175,30,208,142,0,142,350
04/12/2016,CRG,FL,ASO,ES,Federal Contract Tower,0,6,62,0,68,0,0,78,40,118,0,6,140,40,186,206,0,206,392
04/13/2016,CRG,FL,ASO,ES,Federal Contract Tower,0,3,71,0,74,0,0,21,102,123,0,3,92,102,197,106,14,120,317
04/14/2016,CRG,FL,ASO,ES,Federal Contract Tower,0,1,37,0,38,0,0,12,34,46,0,1,49,34,84,8,46,54,138
04/15/2016,CRG,FL,ASO,ES,Federal Contract Tower,0,6,66,2,74,0,0,15,22,37,0,6,81,24,111,0,0,0,111
04/16/2016,CRG,FL,ASO,ES,Federal Contract Tower,0,4,49,0,53,0,0,52,4,56,0,4,101,4,109,147,0,147,256
04/17/2016,CRG,FL,ASO,ES,Federal Contract Tower,0,2,51,0,53,0,0,80,12,92,0,2,131,12,145,196,0,196,341
04/18/2016,CRG,FL,ASO,ES,Federal Contract Tower,0,6,74,2,82,0,0,147,58,205,0,6,221,60,287,333,10,343,630
04/19/2016,CRG,FL,ASO,ES,Federal Contract Tower,0,6,71,4,81,0,0,134,94,228,0,6,205,98,309,391,0,391,700
04/20/2016,CRG,FL,ASO,ES,Federal Contract Tower,0,4,93,0,97,0,0,155,40,195,0,4,248,40,292,430,0,430,722
04/21/2016,CRG,FL,ASO,ES,Federal Contract Tower,0,0,66,0,66,0,0,140,66,206,0,0,206,66,272,259,0,259,531
04/22/2016,CRG,FL,ASO,ES,Federal Contract Tower,0,1,35,0,36,0,0,57,5,62,0,1,92,5,98,182,0,182,280
04/23/2016,CRG,FL,ASO,ES,Federal Contract Tower,0,2,53,2,57,0,0,210,6,216,0,2,263,8,273,57,0,57,330
04/24/2016,CRG,FL,ASO,ES,Federal Contract Tower,0,1,38,0,39,0,0,73,16,89,0,1,111,16,128,221,0,221,349
04/25/2016,CRG,FL,ASO,ES,Federal Contract Tower,0,5,62,0,67,0,0,117,11,128,0,5,179,11,195,203,0,203,398
04/26/2016,CRG,FL,ASO,ES,Federal Contract Tower,0,3,67,0,70,0,0,118,50,168,0,3,185,50,238,273,0,273,511
04/27/2016,CRG,FL,ASO,ES,Federal Contract Tower,0,4,101,0,105,0,0,99,42,141,0,4,200,42,246,158,0,158,404
04/28/2016,CRG,FL,ASO,ES,Federal Contract Tower,0,3,65,0,68,0,0,119,44,163,0,3,184,44,231,233,0,233,464
04/29/2016,CRG,FL,ASO,ES,Federal Contract Tower,0,2,64,1,67,0,0,103,51,154,0,2,167,52,221,277,0,277,498
04/30/2016,CRG,FL,ASO,ES,Federal Contract Tower,0,0,66,0,66,0,0,95,4,99,0,0,161,4,165,248,0,248,413
05/01/2016,CRG,FL,ASO,ES,Federal Contract Tower,0,4,48,0,52,0,0,88,2,90,0,4,136,2,142,178,0,178,320
05/02/2016,CRG,FL,ASO,ES,Federal Contract Tower,0,5,55,0,60,0,0,89,21,110,0,5,144,21,170,173,6,179,349
05/03/2016,CRG,FL,ASO,ES,Federal Contract Tower,0,4,59,0,63,0,0,94,62,156,0,4,153,62,219,168,0,168,387
05/04/2016,CRG,FL,ASO,ES,Federal Contract Tower,0,8,66,0,74,0,0,65,66,131,0,8,131,66,205,228,0,228,433
05/06/2016,CRG,FL,ASO,ES,Federal Contract Tower,0,6,100,0,106,0,0,98,2,100,0,6,198,2,206,243,0,243,449
05/07/2016,CRG,FL,ASO,ES,Federal Contract Tower,0,6,38,0,44,0,0,83,0,83,0,6,121,0,127,182,0,182,309
05/08/2016,CRG,FL,ASO,ES,Federal Contract Tower,0,16,55,0,71,0,2,114,0,116,0,18,169,0,187,176,0,176,363
05/09/2016,CRG,FL,ASO,ES,Federal Contract Tower,0,4,98,0,102,0,0,106,40,146,0,4,204,40,248,133,0,133,381
05/10/2016,CRG,FL,ASO,ES,Federal Contract Tower,0,7,77,0,84,0,0,113,52,165,0,7,190,52,249,244,10,254,503
05/11/2016,CRG,FL,ASO,ES,Federal Contract Tower,0,15,82,0,97,0,0,114,58,172,0,15,196,58,269,183,0,183,452
05/12/2016,CRG,FL,ASO,ES,Federal Contract Tower,0,9,90,0,99,0,0,145,48,193,0,9,235,48,292,270,0,270,562
05/13/2016,CRG,FL,ASO,ES,Federal Contract Tower,0,15,79,0,94,0,0,95,18,113,0,15,174,18,207,179,2,181,388
05/14/2016,CRG,FL,ASO,ES,Federal Contract Tower,0,10,65,1,76,0,0,127,2,129,0,10,192,3,205,285,0,285,490
05/15/2016,CRG,FL,ASO,ES,Federal Contract Tower,0,15,75,0,90,0,0,94,6,100,0,15,169,6,190,209,0,209,399
05/16/2016,CRG,FL,ASO,ES,Federal Contract Tower,0,8,99,1,108,0,0,117,64,181,0,8,216,65,289,254,0,254,543
05/17/2016,CRG,FL,ASO,ES,Federal Contract Tower,0,5,54,1,60,0,0,59,22,81,0,5,113,23,141,132,18,150,291
05/18/2016,CRG,FL,ASO,ES,Federal Contract Tower,0,2,70,0,72,0,0,42,54,96,0,2,112,54,168,77,0,77,245
05/19/2016,CRG,FL,ASO,ES,Federal Contract Tower,0,3,63,0,66,0,0,35,52,87,0,3,98,52,153,135,2,137,290
05/20/2016,CRG,FL,ASO,ES,Federal Contract Tower,0,10,51,0,61,0,0,34,16,50,0,10,85,16,111,56,0,56,167
05/21/2016,CRG,FL,ASO,ES,Federal Contract Tower,0,3,53,0,56,0,0,57,14,71,0,3,110,14,127,124,0,124,251
05/22/2016,CRG,FL,ASO,ES,Federal Contract Tower,0,5,56,0,61,0,1,116,20,137,0,6,172,20,198,61,0,61,259
05/23/2016,CRG,FL,ASO,ES,Federal Contract Tower,0,7,97,0,104,0,0,135,60,195,0,7,232,60,299,160,0,160,459
05/24/2016,CRG,FL,ASO,ES,Federal Contract Tower,0,5,68,0,73,0,0,168,84,252,0,5,236,84,325,188,28,216,541
05/25/2016,CRG,FL,ASO,ES,Federal Contract Tower,0,1,83,0,84,0,0,147,52,199,0,1,230,52,283,185,0,185,468
05/26/2016,CRG,FL,ASO,ES,Federal Contract Tower,0,4,49,3,56,0,0,152,32,184,0,4,201,35,240,205,0,205,445
05/27/2016,CRG,FL,ASO,ES,Federal Contract Tower,0,3,62,0,65,0,0,113,10,123,0,3,175,10,188,270,0,270,458
05/28/2016,CRG,FL,ASO,ES,Federal Contract Tower,0,0,35,0,35,0,0,76,0,76,0,0,111,0,111,118,0,118,229
05/29/2016,CRG,FL,ASO,ES,Federal Contract Tower,0,0,51,0,51,0,0,72,2,74,0,0,123,2,125,178,0,178,303
05/30/2016,CRG,FL,ASO,ES,Federal Contract Tower,0,0,61,0,61,0,0,102,0,102,0,0,163,0,163,143,0,143,306
05/31/2016,CRG,FL,ASO,ES,Federal Contract Tower,0,4,82,0,86,0,0,106,36,142,0,4,188,36,228,253,0,253,481
06/01/2016,CRG,FL,ASO,ES,Federal Contract Tower,0,5,73,0,78,0,0,110,70,180,0,5,183,70,258,254,10,264,522
06/02/2016,CRG,FL,ASO,ES,Federal Contract Tower,0,5,74,0,79,0,0,136,36,172,0,5,210,36,251,321,0,321,572
06/03/2016,CRG,FL,ASO,ES,Federal Contract Tower,0,4,59,0,63,0,0,116,20,136,0,4,175,20,199,165,0,165,364
06/04/2016,CRG,FL,ASO,ES,Federal Contract Tower,0,2,50,0,52,0,0,84,0,84,0,2,134,0,136,86,0,86,222
06/05/2016,CRG,FL,ASO,ES,Federal Contract Tower,0,9,49,0,58,0,0,70,12,82,0,9,119,12,140,90,0,90,230
06/06/2016,CRG,FL,ASO,ES,Federal Contract Tower,0,3,30,0,33,0,0,27,2,29,0,3,57,2,62,22,0,22,84
06/07/2016,CRG,FL,ASO,ES,Federal Contract Tower,0,0,60,0,60,0,0,36,36,72,0,0,96,36,132,171,0,171,303
06/08/2016,CRG,FL,ASO,ES,Federal Contract Tower,0,11,102,0,113,0,0,104,54,158,0,11,206,54,271,275,8,283,554
06/09/2016,CRG,FL,ASO,ES,Federal Contract Tower,0,9,63,0,72,0,0,125,22,147,0,9,188,22,219,251,0,251,470
06/10/2016,CRG,FL,ASO,ES,Federal Contract Tower,0,5,70,0,75,0,0,103,12,115,0,5,173,12,190,232,0,232,422
06/11/2016,CRG,FL,ASO,ES,Federal Contract Tower,0,3,50,0,53,0,0,118,2,120,0,3,168,2,173,109,0,109,282
06/12/2016,CRG,FL,ASO,ES,Federal Contract Tower,0,5,59,0,64,0,1,101,4,106,0,6,160,4,170,146,0,146,316
06/13/2016,CRG,FL,ASO,ES,Federal Contract Tower,0,3,56,5,64,0,0,125,26,151,0,3,181,31,215,268,5,273,488
06/14/2016,CRG,FL,ASO,ES,Federal Contract Tower,0,8,76,0,84,0,0,99,97,196,0,8,175,97,280,453,4,457,737
06/15/2016,CRG,FL,ASO,ES,Federal Contract Tower,0,7,80,0,87,0,0,95,41,136,0,7,175,41,223,327,6,333,556
06/16/2016,CRG,FL,ASO,ES,Federal Contract Tower,0,4,78,0,82,0,0,55,10,65,0,4,133,10,147,146,0,146,293
06/17/2016,CRG,FL,ASO,ES,Federal Contract Tower,0,5,95,0,100,0,0,102,10,112,0,5,197,10,212,112,0,112,324
06/18/2016,CRG,FL,ASO,ES,Federal Contract Tower,0,3,48,0,51,0,0,63,4,67,0,3,111,4,118,77,0,77,195
06/19/2016,CRG,FL,ASO,ES,Federal Contract Tower,0,0,65,0,65,0,0,59,7,66,0,0,124,7,131,20,0,20,151
06/20/2016,CRG,FL,ASO,ES,Federal Contract Tower,0,4,81,0,85,0,0,105,29,134,0,4,186,29,219,131,0,131,350
06/21/2016,CRG,FL,ASO,ES,Federal Contract Tower,0,4,68,0,72,0,0,102,50,152,0,4,170,50,224,176,0,176,400
06/22/2016,CRG,FL,ASO,ES,Federal Contract Tower,0,8,73,0,81,0,0,173,42,215,0,8,246,42,296,219,6,225,521
06/23/2016,CRG,FL,ASO,ES,Federal Contract Tower,0,0,91,2,93,0,0,117,16,133,0,0,208,18,226,246,0,246,472
06/24/2016,CRG,FL,ASO,ES,Federal Contract Tower,0,1,75,2,78,0,0,124,28,152,0,1,199,30,230,180,0,180,410
06/25/2016,CRG,FL,ASO,ES,Federal Contract Tower,0,4,56,0,60,0,0,153,2,155,0,4,209,2,215,167,0,167,382
06/26/2016,CRG,FL,ASO,ES,Federal Contract Tower,0,3,49,0,52,0,0,35,0,35,0,3,84,0,87,47,0,47,134
06/27/2016,CRG,FL,ASO,ES,Federal Contract Tower,2,9,86,0,97,0,0,84,0,84,2,9,170,0,181,261,0,261,442
06/28/2016,CRG,FL,ASO,ES,Federal Contract Tower,0,3,73,2,78,0,0,110,30,140,0,3,183,32,218,275,2,277,495
06/29/2016,CRG,FL,ASO,ES,Federal Contract Tower,0,5,79,0,84,0,0,93,10,103,0,5,172,10,187,206,0,206,393
06/30/2016,CRG,FL,ASO,ES,Federal Contract Tower,0,12,64,0,76,0,0,119,18,137,0,12,183,18,213,251,0,251,464
07/01/2016,CRG,FL,ASO,ES,Federal Contract Tower,0,7,73,0,80,0,0,145,2,147,0,7,218,2,227,268,0,268,495
07/02/2016,CRG,FL,ASO,ES,Federal Contract Tower,0,3,44,0,47,0,0,114,4,118,0,3,158,4,165,118,0,118,283
07/03/2016,CRG,FL,ASO,ES,Federal Contract Tower,0,4,31,0,35,0,0,57,2,59,0,4,88,2,94,102,0,102,196
07/04/2016,CRG,FL,ASO,ES,Federal Contract Tower,0,9,29,0,38,0,0,63,0,63,0,9,92,0,101,69,0,69,170
07/05/2016,CRG,FL,ASO,ES,Federal Contract Tower,0,12,63,0,75,0,0,104,8,112,0,12,167,8,187,200,0,200,387
07/06/2016,CRG,FL,ASO,ES,Federal Contract Tower,0,14,48,0,62,0,0,119,28,147,0,14,167,28,209,157,0,157,366
07/07/2016,CRG,FL,ASO,ES,Federal Contract Tower,0,13,82,0,95,0,0,112,39,151,0,13,194,39,246,223,26,249,495
07/08/2016,CRG,FL,ASO,ES,Federal Contract Tower,0,1,79,0,80,0,0,109,2,111,0,1,188,2,191,134,0,134,325
07/09/2016,CRG,FL,ASO,ES,Federal Contract Tower,0,0,47,0,47,0,0,84,4,88,0,0,131,4,135,71,0,71,206
07/10/2016,CRG,FL,ASO,ES,Federal Contract Tower,0,0,38,0,38,0,0,57,10,67,0,0,95,10,105,128,0,128,233
07/11/2016,CRG,FL,ASO,ES,Federal Contract Tower,0,3,49,0,52,0,0,96,28,124,0,3,145,28,176,172,0,172,348
07/12/2016,CRG,FL,ASO,ES,Federal Contract Tower,0,5,44,0,49,0,0,80,44,124,0,5,124,44,173,160,0,160,333
07/13/2016,CRG,FL,ASO,ES,Federal Contract Tower,0,9,59,2,70,0,0,105,104,209,0,9,164,106,279,152,0,152,431
07/14/2016,CRG,FL,ASO,ES,Federal Contract Tower,0,8,55,0,63,0,0,95,56,151,0,8,150,56,214,111,0,111,325
07/15/2016,CRG,FL,ASO,ES,Federal Contract Tower,0,3,47,0,50,0,0,94,4,98,0,3,141,4,148,107,0,107,255
07/16/2016,CRG,FL,ASO,ES,Federal Contract Tower,0,7,49,0,56,0,0,89,4,93,0,7,138,4,149,210,0,210,359
07/17/2016,CRG,FL,ASO,ES,Federal Contract Tower,0,5,50,0,55,0,0,60,16,76,0,5,110,16,131,157,0,157,288
07/18/2016,CRG,FL,ASO,ES,Federal Contract Tower,0,5,78,0,83,0,0,67,36,103,0,5,145,36,186,277,0,277,463
07/19/2016,CRG,FL,ASO,ES,Federal Contract Tower,0,2,52,1,55,0,0,102,81,183,0,2,154,82,238,303,10,313,551
07/20/2016,CRG,FL,ASO,ES,Federal Contract Tower,0,1,62,0,63,0,0,128,40,168,0,1,190,40,231,188,0,188,419
07/21/2016,CRG,FL,ASO,ES,Federal Contract Tower,0,4,72,0,76,0,0,132,60,192,0,4,204,60,268,275,0,275,543
07/22/2016,CRG,FL,ASO,ES,Federal Contract Tower,0,3,72,0,75,0,0,121,18,139,0,3,193,18,214,296,0,296,510
07/23/2016,CRG,FL,ASO,ES,Federal Contract Tower,0,1,53,0,54,0,0,77,0,77,0,1,130,0,131,84,0,84,215
07/24/2016,CRG,FL,ASO,ES,Federal Contract Tower,0,2,41,0,43,0,0,64,0,64,0,2,105,0,107,30,0,30,137
07/25/2016,CRG,FL,ASO,ES,Federal Contract Tower,0,5,48,0,53,0,0,102,18,120,0,5,150,18,173,88,0,88,261
07/26/2016,CRG,FL,ASO,ES,Federal Contract Tower,0,3,62,0,65,0,0,100,74,174,0,3,162,74,239,100,0,100,339
07/27/2016,CRG,FL,ASO,ES,Federal Contract Tower,0,9,64,0,73,0,4,100,78,182,0,13,164,78,255,126,0,126,381
07/28/2016,CRG,FL,ASO,ES,Federal Contract Tower,0,9,73,0,82,0,0,96,40,136,0,9,169,40,218,119,0,119,337
07/29/2016,CRG,FL,ASO,ES,Federal Contract Tower,0,0,56,0,56,0,0,96,6,102,0,0,152,6,158,161,0,161,319
07/30/2016,CRG,FL,ASO,ES,Federal Contract Tower,0,2,28,0,30,0,0,83,0,83,0,2,111,0,113,69,0,69,182
07/31/2016,CRG,FL,ASO,ES,Federal Contract Tower,0,3,47,0,50,0,0,75,2,77,0,3,122,2,127,109,0,109,236
08/01/2016,CRG,FL,ASO,ES,Federal Contract Tower,0,2,47,0,49,0,0,77,16,93,0,2,124,16,142,192,6,198,340
08/02/2016,CRG,FL,ASO,ES,Federal Contract Tower,0,3,46,0,49,0,0,100,41,141,0,3,146,41,190,206,11,217,407
08/03/2016,CRG,FL,ASO,ES,Federal Contract Tower,0,1,57,0,58,0,0,94,32,126,0,1,151,32,184,186,0,186,370
08/04/2016,CRG,FL,ASO,ES,Federal Contract Tower,0,0,61,0,61,0,0,78,34,112,0,0,139,34,173,117,0,117,290
08/05/2016,CRG,FL,ASO,ES,Federal Contract Tower,0,5,53,0,58,0,0,64,2,66,0,5,117,2,124,146,0,146,270
08/06/2016,CRG,FL,ASO,ES,Federal Contract Tower,0,6,46,0,52,0,0,70,0,70,0,6,116,0,122,166,0,166,288
08/07/2016,CRG,FL,ASO,ES,Federal Contract Tower,0,0,26,0,26,0,0,38,0,38,0,0,64,0,64,120,0,120,184
08/08/2016,CRG,FL,ASO,ES,Federal Contract Tower,0,1,48,0,49,0,2,75,22,99,0,3,123,22,148,150,0,150,298
08/09/2016,CRG,FL,ASO,ES,Federal Contract Tower,0,4,43,0,47,0,0,81,36,117,0,4,124,36,164,145,14,159,323
08/10/2016,CRG,FL,ASO,ES,Federal Contract Tower,0,8,42,0,50,0,0,102,45,147,0,8,144,45,197,403,0,403,600
08/11/2016,CRG,FL,ASO,ES,Federal Contract Tower,0,2,65,0,67,0,0,100,44,144,0,2,165,44,211,242,20,262,473
08/12/2016,CRG,FL,ASO,ES,Federal Contract Tower,0,2,65,0,67,0,2,105,6,113,0,4,170,6,180,317,0,317,497
08/13/2016,CRG,FL,ASO,ES,Federal Contract Tower,0,2,32,0,34,0,0,103,0,103,0,2,135,0,137,195,0,195,332
08/14/2016,CRG,FL,ASO,ES,Federal Contract Tower,0,5,36,0,41,0,0,67,6,73,0,5,103,6,114,155,0,155,269
08/15/2016,CRG,FL,ASO,ES,Federal Contract Tower,0,13,42,0,55,0,0,92,26,118,0,13,134,26,173,155,0,155,328
08/16/2016,CRG,FL,ASO,ES,Federal Contract Tower,0,1,50,1,52,0,1,91,97,189,0,2,141,98,241,229,2,231,472
08/17/2016,CRG,FL,ASO,ES,Federal Contract Tower,0,8,63,3,74,0,0,63,100,163,0,8,126,103,237,206,0,206,443
08/18/2016,CRG,FL,ASO,ES,Federal Contract Tower,0,4,50,8,62,0,0,67,109,176,0,4,117,117,238,283,22,305,543
08/19/2016,CRG,FL,ASO,ES,Federal Contract Tower,0,12,42,0,54,0,4,118,6,128,0,16,160,6,182,223,0,223,405
08/20/2016,CRG,FL,ASO,ES,Federal Contract Tower,0,3,52,0,55,0,0,89,2,91,0,3,141,2,146,178,0,178,324
08/21/2016,CRG,FL,ASO,ES,Federal Contract Tower,0,6,27,0,33,0,0,71,8,79,0,6,98,8,112,193,0,193,305
08/22/2016,CRG,FL,ASO,ES,Federal Contract Tower,0,4,49,0,53,0,0,92,44,136,0,4,141,44,189,171,16,187,376
08/23/2016,CRG,FL,ASO,ES,Federal Contract Tower,0,0,46,0,46,0,0,92,76,168,0,0,138,76,214,205,25,230,444
08/24/2016,CRG,FL,ASO,ES,Federal Contract Tower,0,2,56,0,58,0,2,110,78,190,0,4,166,78,248,188,0,188,436
08/25/2016,CRG,FL,ASO,ES,Federal Contract Tower,0,2,56,0,58,0,0,84,73,157,0,2,140,73,215,184,3,187,402
08/26/2016,CRG,FL,ASO,ES,Federal Contract Tower,0,2,54,0,56,0,0,100,8,108,0,2,154,8,164,217,0,217,381
08/27/2016,CRG,FL,ASO,ES,Federal Contract Tower,0,4,49,0,53,0,0,70,4,74,0,4,119,4,127,349,0,349,476
08/28/2016,CRG,FL,ASO,ES,Federal Contract Tower,0,3,36,0,39,0,0,97,16,113,0,3,133,16,152,221,0,221,373
08/29/2016,CRG,FL,ASO,ES,Federal Contract Tower,0,6,28,0,34,0,0,61,30,91,0,6,89,30,125,184,12,196,321
08/30/2016,CRG,FL,ASO,ES,Federal Contract Tower,0,1,54,0,55,0,0,41,108,149,0,1,95,108,204,143,0,143,347
08/31/2016,CRG,FL,ASO,ES,Federal Contract Tower,0,4,63,0,67,0,2,26,34,62,0,6,89,34,129,90,20,110,239
09/01/2016,CRG,FL,ASO,ES,Federal Contract Tower,0,0,25,0,25,0,0,36,0,36,0,0,61,0,61,89,0,89,150
09/02/2016,CRG,FL,ASO,ES,Federal Contract Tower,0,4,5,0,9,0,0,14,4,18,0,4,19,4,27,0,0,0,27
09/03/2016,CRG,FL,ASO,ES,Federal Contract Tower,0,1,32,1,34,0,1,39,3,43,0,2,71,4,77,113,0,113,190
09/04/2016,CRG,FL,ASO,ES,Federal Contract Tower,0,4,18,0,22,0,0,34,4,38,0,4,52,4,60,10,0,10,70
09/05/2016,CRG,FL,ASO,ES,Federal Contract Tower,0,0,39,0,39,0,0,74,0,74,0,0,113,0,113,40,0,40,153
09/06/2016,CRG,FL,ASO,ES,Federal Contract Tower,0,3,65,0,68,0,0,101,56,157,0,3,166,56,225,146,0,146,371
09/07/2016,CRG,FL,ASO,ES,Federal Contract Tower,0,3,50,0,53,0,4,108,94,206,0,7,158,94,259,263,0,263,522
09/08/2016,CRG,FL,ASO,ES,Federal Contract Tower,0,4,55,0,59,0,0,108,80,188,0,4,163,80,247,194,0,194,441
09/09/2016,CRG,FL,ASO,ES,Federal Contract Tower,0,3,67,0,70,0,0,115,28,143,0,3,182,28,213,209,0,209,422
09/10/2016,CRG,FL,ASO,ES,Federal Contract Tower,0,0,35,0,35,0,0,115,6,121,0,0,150,6,156,190,0,190,346
09/11/2016,CRG,FL,ASO,ES,Federal Contract Tower,0,2,53,0,55,0,0,90,6,96,0,2,143,6,151,168,0,168,319
09/12/2016,CRG,FL,ASO,ES,Federal Contract Tower,0,1,50,0,51,0,0,92,98,190,0,1,142,98,241,191,0,191,432
09/13/2016,CRG,FL,ASO,ES,Federal Contract Tower,0,0,19,0,19,0,0,20,24,44,0,0,39,24,63,34,0,34,97
09/14/2016,CRG,FL,ASO,ES,Federal Contract Tower,0,6,48,4,58,0,0,39,54,93,0,6,87,58,151,231,2,233,384
09/15/2016,CRG,FL,ASO,ES,Federal Contract Tower,0,5,67,0,72,2,0,87,50,139,2,5,154,50,211,249,0,249,460
09/16/2016,CRG,FL,ASO,ES,Federal Contract Tower,0,2,53,0,55,0,0,82,6,88,0,2,135,6,143,223,0,223,366
09/17/2016,CRG,FL,ASO,ES,Federal Contract Tower,0,2,34,0,36,0,0,130,0,130,0,2,164,0,166,277,0,277,443
09/18/2016,CRG,FL,ASO,ES,Federal Contract Tower,0,5,33,0,38,0,0,67,0,67,0,5,100,0,105,161,0,161,266
09/19/2016,CRG,FL,ASO,ES,Federal Contract Tower,0,2,46,0,48,0,0,73,28,101,0,2,119,28,149,147,0,147,296
09/20/2016,CRG,FL,ASO,ES,Federal Contract Tower,0,12,76,0,88,0,0,92,78,170,0,12,168,78,258,227,2,229,487
09/21/2016,CRG,FL,ASO,ES,Federal Contract Tower,0,1,64,2,67,0,0,122,64,186,0,1,186,66,253,274,16,290,543
09/22/2016,CRG,FL,ASO,ES,Federal Contract Tower,0,4,107,0,111,0,0,154,43,197,0,4,261,43,308,299,12,311,619
09/23/2016,CRG,FL,ASO,ES,Federal Contract Tower,0,5,105,0,110,0,0,139,2,141,0,5,244,2,251,243,0,243,494
09/24/2016,CRG,FL,ASO,ES,Federal Contract Tower,0,5,35,0,40,0,0,107,4,111,0,5,142,4,151,176,0,176,327
09/25/2016,CRG,FL,ASO,ES,Federal Contract Tower,0,1,42,0,43,0,0,90,0,90,0,1,132,0,133,171,0,171,304
09/26/2016,CRG,FL,ASO,ES,Federal Contract Tower,0,5,54,2,61,0,0,62,7,69,0,5,116,9,130,131,0,131,261
09/27/2016,CRG,FL,ASO,ES,Federal Contract Tower,0,1,55,0,56,0,0,105,30,135,0,1,160,30,191,299,0,299,490
09/28/2016,CRG,FL,ASO,ES,Federal Contract Tower,0,6,58,2,66,0,0,87,26,113,0,6,145,28,179,272,0,272,451
09/29/2016,CRG,FL,ASO,ES,Federal Contract Tower,0,10,61,0,71,0,0,103,26,129,0,10,164,26,200,216,0,216,416
09/30/2016,CRG,FL,ASO,ES,Federal Contract Tower,0,9,58,0,67,0,0,93,8,101,0,9,151,8,168,216,0,216,384
10/01/2016,CRG,FL,ASO,ES,Federal Contract Tower,0,3,31,0,34,0,0,87,4,91,0,3,118,4,125,96,0,96,221
10/02/2016,CRG,FL,ASO,ES,Federal Contract Tower,0,4,22,0,26,0,0,77,2,79,0,4,99,2,105,135,0,135,240
10/03/2016,CRG,FL,ASO,ES,Federal Contract Tower,0,3,51,0,54,0,0,71,38,109,0,3,122,38,163,167,0,167,330
10/04/2016,CRG,FL,ASO,ES,Federal Contract Tower,0,4,48,0,52,0,0,29,14,43,0,4,77,14,95,127,0,127,222
10/05/2016,CRG,FL,ASO,ES,Federal Contract Tower,0,7,31,0,38,0,0,8,8,16,0,7,39,8,54,0,0,0,54
10/06/2016,CRG,FL,ASO,ES,Federal Contract Tower,0,0,10,0,10,0,0,2,0,2,0,0,12,0,12,0,0,0,12
10/07/2016,CRG,FL,ASO,ES,Federal Contract Tower,0,0,0,0,0,0,0,0,0,0,0,0,0,0,0,0,0,0,0
10/08/2016,CRG,FL,ASO,ES,Federal Contract Tower,0,1,9,0,10,0,0,45,27,72,0,1,54,27,82,0,0,0,82
10/09/2016,CRG,FL,ASO,ES,Federal Contract Tower,0,3,34,0,37,0,2,71,4,77,0,5,105,4,114,77,0,77,191
10/10/2016,CRG,FL,ASO,ES,Federal Contract Tower,0,3,47,0,50,0,0,94,6,100,0,3,141,6,150,55,0,55,205
10/11/2016,CRG,FL,ASO,ES,Federal Contract Tower,0,4,67,0,71,0,0,85,52,137,0,4,152,52,208,118,0,118,326
10/12/2016,CRG,FL,ASO,ES,Federal Contract Tower,8,1,61,0,70,0,0,63,55,118,8,1,124,55,188,128,40,168,356
10/13/2016,CRG,FL,ASO,ES,Federal Contract Tower,0,3,90,0,93,0,0,162,90,252,0,3,252,90,345,305,0,305,650
10/14/2016,CRG,FL,ASO,ES,Federal Contract Tower,0,5,76,2,83,0,0,116,8,124,0,5,192,10,207,308,0,308,515
10/15/2016,CRG,FL,ASO,ES,Federal Contract Tower,0,5,52,0,57,0,0,71,2,73,0,5,123,2,130,96,0,96,226
10/16/2016,CRG,FL,ASO,ES,Federal Contract Tower,0,4,55,0,59,0,0,80,0,80,0,4,135,0,139,168,0,168,307
10/17/2016,CRG,FL,ASO,ES,Federal Contract Tower,0,7,81,0,88,0,0,70,40,110,0,7,151,40,198,219,0,219,417
10/18/2016,CRG,FL,ASO,ES,Federal Contract Tower,0,2,60,2,64,0,0,144,112,256,0,2,204,114,320,178,10,188,508
10/19/2016,CRG,FL,ASO,ES,Federal Contract Tower,0,2,72,0,74,0,0,159,66,225,0,2,231,66,299,214,10,224,523
10/20/2016,CRG,FL,ASO,ES,Federal Contract Tower,0,10,79,0,89,0,0,65,35,100,0,10,144,35,189,160,0,160,349
10/21/2016,CRG,FL,ASO,ES,Federal Contract Tower,0,8,78,0,86,0,0,98,4,102,0,8,176,4,188,199,0,199,387
10/22/2016,CRG,FL,ASO,ES,Federal Contract Tower,0,6,65,0,71,0,0,166,0,166,0,6,231,0,237,121,0,121,358
10/23/2016,CRG,FL,ASO,ES,Federal Contract Tower,0,0,56,0,56,0,0,123,0,123,0,0,179,0,179,186,0,186,365
10/24/2016,CRG,FL,ASO,ES,Federal Contract Tower,0,4,58,0,62,0,0,125,32,157,0,4,183,32,219,194,10,204,423
10/25/2016,CRG,FL,ASO,ES,Federal Contract Tower,0,8,73,1,82,0,0,140,80,220,0,8,213,81,302,302,0,302,604
10/26/2016,CRG,FL,ASO,ES,Federal Contract Tower,0,4,90,0,94,0,2,134,43,179,0,6,224,43,273,266,6,272,545
10/27/2016,CRG,FL,ASO,ES,Federal Contract Tower,0,8,102,0,110,0,1,116,34,151,0,9,218,34,261,273,0,273,534
10/28/2016,CRG,FL,ASO,ES,Federal Contract Tower,0,6,97,0,103,0,0,108,16,124,0,6,205,16,227,311,18,329,556
10/29/2016,CRG,FL,ASO,ES,Federal Contract Tower,0,6,69,0,75,0,0,107,0,107,0,6,176,0,182,122,0,122,304
10/30/2016,CRG,FL,ASO,ES,Federal Contract Tower,0,5,91,0,96,0,0,72,4,76,0,5,163,4,172,132,0,132,304
10/31/2016,CRG,FL,ASO,ES,Federal Contract Tower,0,2,52,0,54,0,4,85,53,142,0,6,137,53,196,198,40,238,434
11/01/2016,CRG,FL,ASO,ES,Federal Contract Tower,0,4,55,0,59,0,0,97,71,168,0,4,152,71,227,223,4,227,454
11/02/2016,CRG,FL,ASO,ES,Federal Contract Tower,0,6,75,0,81,0,2,78,62,142,0,8,153,62,223,221,0,221,444
11/03/2016,CRG,FL,ASO,ES,Federal Contract Tower,0,4,47,0,51,0,2,50,31,83,0,6,97,31,134,150,0,150,284
11/04/2016,CRG,FL,ASO,ES,Federal Contract Tower,0,9,80,0,89,0,0,115,8,123,0,9,195,8,212,287,0,287,499
11/05/2016,CRG,FL,ASO,ES,Federal Contract Tower,0,7,43,0,50,0,4,107,26,137,0,11,150,26,187,104,0,104,291
11/06/2016,CRG,FL,ASO,ES,Federal Contract Tower,0,7,61,0,68,0,0,57,4,61,0,7,118,4,129,52,0,52,181
11/07/2016,CRG,FL,ASO,ES,Federal Contract Tower,0,10,52,0,62,0,0,103,89,192,0,10,155,89,254,207,54,261,515
11/08/2016,CRG,FL,ASO,ES,Federal Contract Tower,0,9,68,1,78,0,0,102,118,220,0,9,170,119,298,138,94,232,530
11/09/2016,CRG,FL,ASO,ES,Federal Contract Tower,0,10,75,0,85,0,0,83,61,144,0,10,158,61,229,219,0,219,448
11/10/2016,CRG,FL,ASO,ES,Federal Contract Tower,0,8,83,0,91,0,0,122,18,140,0,8,205,18,231,251,0,251,482
11/11/2016,CRG,FL,ASO,ES,Federal Contract Tower,0,8,77,0,85,0,0,115,0,115,0,8,192,0,200,370,0,370,570
11/12/2016,CRG,FL,ASO,ES,Federal Contract Tower,0,3,49,0,52,0,0,59,7,66,0,3,108,7,118,102,0,102,220
11/13/2016,CRG,FL,ASO,ES,Federal Contract Tower,0,5,53,1,59,0,0,53,0,53,0,5,106,1,112,143,0,143,255
11/14/2016,CRG,FL,ASO,ES,Federal Contract Tower,0,3,64,4,71,0,0,68,69,137,0,3,132,73,208,230,12,242,450
11/15/2016,CRG,FL,ASO,ES,Federal Contract Tower,0,2,67,4,73,0,0,103,78,181,0,2,170,82,254,267,0,267,521
11/16/2016,CRG,FL,ASO,ES,Federal Contract Tower,0,2,92,0,94,0,1,99,84,184,0,3,191,84,278,262,0,262,540
11/17/2016,CRG,FL,ASO,ES,Federal Contract Tower,0,5,67,0,72,0,0,156,62,218,0,5,223,62,290,316,12,328,618
11/18/2016,CRG,FL,ASO,ES,Federal Contract Tower,0,2,105,0,107,0,1,149,24,174,0,3,254,24,281,219,2,221,502
11/19/2016,CRG,FL,ASO,ES,Federal Contract Tower,0,2,61,0,63,0,0,102,0,102,0,2,163,0,165,212,0,212,377
11/20/2016,CRG,FL,ASO,ES,Federal Contract Tower,0,4,53,0,57,0,0,79,2,81,0,4,132,2,138,83,0,83,221
11/21/2016,CRG,FL,ASO,ES,Federal Contract Tower,0,1,70,0,71,0,5,111,23,139,0,6,181,23,210,109,42,151,361
11/22/2016,CRG,FL,ASO,ES,Federal Contract Tower,0,11,71,0,82,0,0,95,54,149,0,11,166,54,231,133,0,133,364
11/23/2016,CRG,FL,ASO,ES,Federal Contract Tower,0,4,80,0,84,0,0,67,2,69,0,4,147,2,153,179,0,179,332
11/24/2016,CRG,FL,ASO,ES,Federal Contract Tower,0,4,22,0,26,0,0,24,0,24,0,4,46,0,50,38,0,38,88
11/25/2016,CRG,FL,ASO,ES,Federal Contract Tower,0,10,48,0,58,0,1,87,2,90,0,11,135,2,148,112,0,112,260
11/26/2016,CRG,FL,ASO,ES,Federal Contract Tower,0,2,35,0,37,2,0,76,0,78,2,2,111,0,115,105,0,105,220
11/27/2016,CRG,FL,ASO,ES,Federal Contract Tower,0,5,57,0,62,0,0,115,0,115,0,5,172,0,177,60,0,60,237
11/28/2016,CRG,FL,ASO,ES,Federal Contract Tower,0,8,51,0,59,0,1,65,33,99,0,9,116,33,158,170,46,216,374
11/29/2016,CRG,FL,ASO,ES,Federal Contract Tower,0,6,40,0,46,0,0,80,53,133,0,6,120,53,179,173,3,176,355
11/30/2016,CRG,FL,ASO,ES,Federal Contract Tower,0,6,76,0,82,0,0,76,42,118,0,6,152,42,200,119,2,121,321
12/01/2016,CRG,FL,ASO,ES,Federal Contract Tower,0,8,95,0,103,0,0,92,26,118,0,8,187,26,221,147,0,147,368
12/02/2016,CRG,FL,ASO,ES,Federal Contract Tower,0,7,80,0,87,0,0,194,12,206,0,7,274,12,293,168,0,168,461
12/03/2016,CRG,FL,ASO,ES,Federal Contract Tower,0,10,52,0,62,0,0,109,4,113,0,10,161,4,175,232,0,232,407
12/04/2016,CRG,FL,ASO,ES,Federal Contract Tower,0,12,58,0,70,0,0,91,12,103,0,12,149,12,173,94,0,94,267
12/05/2016,CRG,FL,ASO,ES,Federal Contract Tower,0,13,47,0,60,0,2,67,28,97,0,15,114,28,157,197,0,197,354
12/06/2016,CRG,FL,ASO,ES,Federal Contract Tower,0,1,39,0,40,0,0,25,16,41,0,1,64,16,81,63,0,63,144
12/07/2016,CRG,FL,ASO,ES,Federal Contract Tower,0,9,61,4,74,0,0,130,34,164,0,9,191,38,238,299,0,299,537
12/08/2016,CRG,FL,ASO,ES,Federal Contract Tower,0,9,84,4,97,0,0,143,42,185,0,9,227,46,282,217,8,225,507
12/09/2016,CRG,FL,ASO,ES,Federal Contract Tower,0,0,64,0,64,0,0,108,12,120,0,0,172,12,184,187,0,187,371
12/10/2016,CRG,FL,ASO,ES,Federal Contract Tower,0,8,44,0,52,0,0,148,16,164,0,8,192,16,216,241,0,241,457
12/11/2016,CRG,FL,ASO,ES,Federal Contract Tower,0,9,43,0,52,0,0,78,0,78,0,9,121,0,130,139,0,139,269
12/12/2016,CRG,FL,ASO,ES,Federal Contract Tower,0,8,78,0,86,0,0,18,32,50,0,8,96,32,136,156,0,156,292
12/13/2016,CRG,FL,ASO,ES,Federal Contract Tower,0,5,56,1,62,0,0,112,26,138,0,5,168,27,200,217,3,220,420
12/14/2016,CRG,FL,ASO,ES,Federal Contract Tower,0,12,48,0,60,0,0,91,54,145,0,12,139,54,205,224,0,224,429
12/15/2016,CRG,FL,ASO,ES,Federal Contract Tower,0,12,75,0,87,0,0,119,71,190,0,12,194,71,277,225,0,225,502
12/16/2016,CRG,FL,ASO,ES,Federal Contract Tower,0,10,68,0,78,0,2,119,2,123,0,12,187,2,201,150,0,150,351
12/17/2016,CRG,FL,ASO,ES,Federal Contract Tower,0,6,55,0,61,0,0,92,0,92,0,6,147,0,153,110,0,110,263
12/18/2016,CRG,FL,ASO,ES,Federal Contract Tower,0,1,32,0,33,0,3,35,0,38,0,4,67,0,71,98,0,98,169
12/19/2016,CRG,FL,ASO,ES,Federal Contract Tower,0,5,30,2,37,0,0,0,0,0,0,5,30,2,37,0,0,0,37
12/20/2016,CRG,FL,ASO,ES,Federal Contract Tower,0,2,33,0,35,0,0,0,2,2,0,2,33,2,37,0,0,0,37
12/21/2016,CRG,FL,ASO,ES,Federal Contract Tower,0,8,45,1,54,0,0,70,23,93,0,8,115,24,147,107,0,107,254
12/22/2016,CRG,FL,ASO,ES,Federal Contract Tower,0,11,55,0,66,0,0,120,19,139,0,11,175,19,205,88,3,91,296
12/23/2016,CRG,FL,ASO,ES,Federal Contract Tower,0,5,46,0,51,0,1,67,3,71,0,6,113,3,122,19,1,20,142
12/24/2016,CRG,FL,ASO,ES,Federal Contract Tower,0,1,15,0,16,0,0,48,2,50,0,1,63,2,66,4,0,4,70
12/25/2016,CRG,FL,ASO,ES,Federal Contract Tower,0,1,10,0,11,0,0,22,0,22,0,1,32,0,33,2,0,2,35
12/26/2016,CRG,FL,ASO,ES,Federal Contract Tower,0,9,37,0,46,0,0,0,0,0,0,9,37,0,46,0,0,0,46
12/27/2016,CRG,FL,ASO,ES,Federal Contract Tower,0,1,25,0,26,0,0,57,22,79,0,1,82,22,105,41,0,41,146
12/28/2016,CRG,FL,ASO,ES,Federal Contract Tower,0,5,63,0,68,0,0,72,26,98,0,5,135,26,166,78,0,78,244
12/29/2016,CRG,FL,ASO,ES,Federal Contract Tower,0,3,30,0,33,0,0,37,18,55,0,3,67,18,88,36,0,36,124
12/30/2016,CRG,FL,ASO,ES,Federal Contract Tower,0,5,57,0,62,0,0,115,0,115,0,5,172,0,177,126,0,126,303
12/31/2016,CRG,FL,ASO,ES,Federal Contract Tower,0,5,49,0,54,0,0,106,0,106,0,5,155,0,160,148,0,148,308
01/01/2017,CRG,FL,ASO,ES,Federal Contract Tower,0,4,37,0,41,0,0,56,0,56,0,4,93,0,97,46,0,46,143
01/02/2017,CRG,FL,ASO,ES,Federal Contract Tower,0,6,46,0,52,0,0,89,0,89,0,6,135,0,141,159,0,159,300
01/03/2017,CRG,FL,ASO,ES,Federal Contract Tower,0,2,21,0,23,0,0,16,24,40,0,2,37,24,63,20,0,20,83
01/04/2017,CRG,FL,ASO,ES,Federal Contract Tower,0,7,66,0,73,0,0,136,28,164,0,7,202,28,237,304,0,304,541
01/05/2017,CRG,FL,ASO,ES,Federal Contract Tower,0,8,62,0,70,0,0,135,29,164,0,8,197,29,234,271,8,279,513
01/06/2017,CRG,FL,ASO,ES,Federal Contract Tower,0,1,38,0,39,0,0,110,4,114,0,1,148,4,153,281,0,281,434
01/07/2017,CRG,FL,ASO,ES,Federal Contract Tower,0,7,10,0,17,0,0,9,0,9,0,7,19,0,26,16,0,16,42
01/08/2017,CRG,FL,ASO,ES,Federal Contract Tower,0,8,49,0,57,0,0,93,2,95,0,8,142,2,152,181,0,181,333
01/09/2017,CRG,FL,ASO,ES,Federal Contract Tower,0,13,71,0,84,0,0,59,38,97,0,13,130,38,181,279,0,279,460
01/10/2017,CRG,FL,ASO,ES,Federal Contract Tower,0,5,66,0,71,0,0,90,24,114,0,5,156,24,185,179,0,179,364
01/11/2017,CRG,FL,ASO,ES,Federal Contract Tower,0,8,59,0,67,0,0,117,52,169,0,8,176,52,236,175,0,175,411
01/12/2017,CRG,FL,ASO,ES,Federal Contract Tower,0,5,46,0,51,0,0,116,94,210,0,5,162,94,261,201,0,201,462
01/13/2017,CRG,FL,ASO,ES,Federal Contract Tower,0,7,82,0,89,0,2,122,26,150,0,9,204,26,239,265,0,265,504
01/14/2017,CRG,FL,ASO,ES,Federal Contract Tower,0,7,29,0,36,0,0,65,0,65,0,7,94,0,101,123,0,123,224
01/15/2017,CRG,FL,ASO,ES,Federal Contract Tower,0,4,47,0,51,0,1,94,0,95,0,5,141,0,146,161,0,161,307
01/16/2017,CRG,FL,ASO,ES,Federal Contract Tower,0,7,53,0,60,0,1,156,0,157,0,8,209,0,217,278,0,278,495
01/17/2017,CRG,FL,ASO,ES,Federal Contract Tower,0,10,53,0,63,0,0,122,40,162,0,10,175,40,225,202,0,202,427
01/18/2017,CRG,FL,ASO,ES,Federal Contract Tower,0,16,58,0,74,0,0,133,43,176,0,16,191,43,250,179,0,179,429
01/19/2017,CRG,FL,ASO,ES,Federal Contract Tower,0,9,58,2,69,0,0,68,32,100,0,9,126,34,169,218,16,234,403
01/20/2017,CRG,FL,ASO,ES,Federal Contract Tower,0,5,60,1,66,0,0,140,33,173,0,5,200,34,239,101,0,101,340
01/21/2017,CRG,FL,ASO,ES,Federal Contract Tower,4,5,27,0,36,0,0,71,0,71,4,5,98,0,107,172,0,172,279
01/22/2017,CRG,FL,ASO,ES,Federal Contract Tower,2,2,6,0,10,0,0,5,0,5,2,2,11,0,15,0,0,0,15
01/23/2017,CRG,FL,ASO,ES,Federal Contract Tower,4,7,30,0,41,0,0,49,36,85,4,7,79,36,126,37,0,37,163
01/24/2017,CRG,FL,ASO,ES,Federal Contract Tower,0,7,67,0,74,0,0,164,60,224,0,7,231,60,298,215,0,215,513
01/25/2017,CRG,FL,ASO,ES,Federal Contract Tower,0,13,101,4,118,0,1,155,58,214,0,14,256,62,332,318,0,318,650
01/26/2017,CRG,FL,ASO,ES,Federal Contract Tower,0,14,76,0,90,0,0,38,46,84,0,14,114,46,174,110,0,110,284
01/27/2017,CRG,FL,ASO,ES,Federal Contract Tower,0,5,96,2,103,0,0,114,22,136,0,5,210,24,239,327,0,327,566
01/28/2017,CRG,FL,ASO,ES,Federal Contract Tower,0,5,57,0,62,0,0,138,0,138,0,5,195,0,200,391,0,391,591
01/29/2017,CRG,FL,ASO,ES,Federal Contract Tower,0,7,54,0,61,0,0,86,0,86,0,7,140,0,147,245,0,245,392
01/30/2017,CRG,FL,ASO,ES,Federal Contract Tower,0,4,59,0,63,0,1,132,25,158,0,5,191,25,221,258,3,261,482
01/31/2017,CRG,FL,ASO,ES,Federal Contract Tower,0,3,52,0,55,0,0,162,34,196,0,3,214,34,251,280,0,280,531
02/01/2017,CRG,FL,ASO,ES,Federal Contract Tower,0,9,54,0,63,0,1,145,61,207,0,10,199,61,270,280,0,280,550
02/02/2017,CRG,FL,ASO,ES,Federal Contract Tower,0,11,70,0,81,0,0,137,44,181,0,11,207,44,262,324,0,324,586
02/03/2017,CRG,FL,ASO,ES,Federal Contract Tower,0,9,66,2,77,0,0,136,4,140,0,9,202,6,217,279,0,279,496
02/04/2017,CRG,FL,ASO,ES,Federal Contract Tower,0,4,23,0,27,0,0,14,6,20,0,4,37,6,47,35,0,35,82
02/05/2017,CRG,FL,ASO,ES,Federal Contract Tower,0,6,58,0,64,0,0,72,4,76,0,6,130,4,140,170,0,170,310
02/06/2017,CRG,FL,ASO,ES,Federal Contract Tower,0,6,51,0,57,0,4,122,14,140,0,10,173,14,197,267,0,267,464
02/07/2017,CRG,FL,ASO,ES,Federal Contract Tower,0,14,67,0,81,0,2,86,82,170,0,16,153,82,251,262,4,266,517
02/08/2017,CRG,FL,ASO,ES,Federal Contract Tower,0,7,80,0,87,0,0,55,56,111,0,7,135,56,198,335,0,335,533
02/09/2017,CRG,FL,ASO,ES,Federal Contract Tower,0,0,58,0,58,0,1,93,26,120,0,1,151,26,178,151,0,151,329
02/10/2017,CRG,FL,ASO,ES,Federal Contract Tower,0,9,82,0,91,0,2,198,12,212,0,11,280,12,303,295,0,295,598
02/11/2017,CRG,FL,ASO,ES,Federal Contract Tower,0,6,66,0,72,0,0,142,6,148,0,6,208,6,220,370,0,370,590
02/12/2017,CRG,FL,ASO,ES,Federal Contract Tower,0,5,43,0,48,0,0,78,6,84,0,5,121,6,132,121,0,121,253
02/13/2017,CRG,FL,ASO,ES,Federal Contract Tower,0,5,49,0,54,0,0,97,61,158,0,5,146,61,212,176,0,176,388
02/14/2017,CRG,FL,ASO,ES,Federal Contract Tower,0,8,60,0,68,0,2,105,25,132,0,10,165,25,200,333,8,341,541
02/15/2017,CRG,FL,ASO,ES,Federal Contract Tower,0,9,34,0,43,0,2,16,23,41,0,11,50,23,84,35,1,36,120
02/16/2017,CRG,FL,ASO,ES,Federal Contract Tower,0,6,75,0,81,0,0,149,54,203,0,6,224,54,284,283,0,283,567
02/17/2017,CRG,FL,ASO,ES,Federal Contract Tower,0,3,78,0,81,0,4,149,16,169,0,7,227,16,250,338,0,338,588
02/18/2017,CRG,FL,ASO,ES,Federal Contract Tower,0,3,40,0,43,0,0,106,14,120,0,3,146,14,163,119,0,119,282
02/19/2017,CRG,FL,ASO,ES,Federal Contract Tower,0,6,50,0,56,0,0,95,10,105,0,6,145,10,161,206,0,206,367
02/20/2017,CRG,FL,ASO,ES,Federal Contract Tower,0,5,75,0,80,0,0,125,6,131,0,5,200,6,211,320,0,320,531
02/21/2017,CRG,FL,ASO,ES,Federal Contract Tower,0,4,61,0,65,0,0,62,35,97,0,4,123,35,162,216,0,216,378
02/22/2017,CRG,FL,ASO,ES,Federal Contract Tower,0,4,48,0,52,0,0,44,132,176,0,4,92,132,228,94,4,98,326
02/23/2017,CRG,FL,ASO,ES,Federal Contract Tower,0,5,44,0,49,0,1,64,50,115,0,6,108,50,164,287,0,287,451
02/24/2017,CRG,FL,ASO,ES,Federal Contract Tower,0,13,85,6,104,0,0,128,16,144,0,13,213,22,248,247,12,259,507
02/25/2017,CRG,FL,ASO,ES,Federal Contract Tower,0,1,39,0,40,0,0,111,0,111,0,1,150,0,151,180,0,180,331
02/26/2017,CRG,FL,ASO,ES,Federal Contract Tower,0,4,52,0,56,0,3,125,4,132,0,7,177,4,188,203,0,203,391
02/27/2017,CRG,FL,ASO,ES,Federal Contract Tower,0,13,61,0,74,0,0,88,36,124,0,13,149,36,198,171,0,171,369
02/28/2017,CRG,FL,ASO,ES,Federal Contract Tower,0,11,59,0,70,0,0,106,54,160,0,11,165,54,230,398,0,398,628
03/01/2017,CRG,FL,ASO,ES,Federal Contract Tower,0,7,43,0,50,0,0,138,28,166,0,7,181,28,216,264,20,284,500
03/02/2017,CRG,FL,ASO,ES,Federal Contract Tower,0,6,52,0,58,0,0,60,54,114,0,6,112,54,172,252,0,252,424
03/03/2017,CRG,FL,ASO,ES,Federal Contract Tower,0,11,67,0,78,0,1,142,20,163,0,12,209,20,241,290,0,290,531
03/04/2017,CRG,FL,ASO,ES,Federal Contract Tower,0,3,55,0,58,0,0,95,6,101,0,3,150,6,159,187,0,187,346
03/05/2017,CRG,FL,ASO,ES,Federal Contract Tower,0,12,34,0,46,0,1,76,4,81,0,13,110,4,127,147,0,147,274
03/06/2017,CRG,FL,ASO,ES,Federal Contract Tower,0,1,56,0,57,0,0,99,16,115,0,1,155,16,172,161,0,161,333
03/07/2017,CRG,FL,ASO,ES,Federal Contract Tower,0,13,44,0,57,0,0,121,30,151,0,13,165,30,208,232,0,232,440
03/08/2017,CRG,FL,ASO,ES,Federal Contract Tower,0,14,52,0,66,0,0,118,93,211,0,14,170,93,277,331,0,331,608
03/09/2017,CRG,FL,ASO,ES,Federal Contract Tower,0,9,53,0,62,0,1,135,102,238,0,10,188,102,300,402,0,402,702
03/10/2017,CRG,FL,ASO,ES,Federal Contract Tower,0,6,61,2,69,0,3,143,12,158,0,9,204,14,227,311,0,311,538
03/11/2017,CRG,FL,ASO,ES,Federal Contract Tower,0,3,53,0,56,0,2,118,4,124,0,5,171,4,180,197,0,197,377
03/12/2017,CRG,FL,ASO,ES,Federal Contract Tower,0,10,17,0,27,0,0,22,6,28,0,10,39,6,55,109,0,109,164
03/13/2017,CRG,FL,ASO,ES,Federal Contract Tower,0,3,43,0,46,0,0,1,0,1,0,3,44,0,47,0,0,0,47
03/14/2017,CRG,FL,ASO,ES,Federal Contract Tower,0,6,54,2,62,0,3,47,54,104,0,9,101,56,166,97,0,97,263
03/15/2017,CRG,FL,ASO,ES,Federal Contract Tower,0,3,75,0,78,0,0,120,44,164,0,3,195,44,242,344,0,344,586
03/16/2017,CRG,FL,ASO,ES,Federal Contract Tower,0,14,92,0,106,0,0,140,45,185,0,14,232,45,291,357,14,371,662
03/17/2017,CRG,FL,ASO,ES,Federal Contract Tower,0,0,63,0,63,0,1,166,16,183,0,1,229,16,246,269,0,269,515
03/18/2017,CRG,FL,ASO,ES,Federal Contract Tower,0,10,37,0,47,0,0,127,2,129,0,10,164,2,176,200,0,200,376
03/19/2017,CRG,FL,ASO,ES,Federal Contract Tower,0,3,41,0,44,0,0,75,0,75,0,3,116,0,119,166,0,166,285
03/20/2017,CRG,FL,ASO,ES,Federal Contract Tower,0,9,45,0,54,0,0,125,64,189,0,9,170,64,243,196,0,196,439
03/21/2017,CRG,FL,ASO,ES,Federal Contract Tower,0,10,64,2,76,0,0,123,25,148,0,10,187,27,224,315,0,315,539
03/22/2017,CRG,FL,ASO,ES,Federal Contract Tower,0,7,61,0,68,0,0,114,57,171,0,7,175,57,239,257,22,279,518
03/23/2017,CRG,FL,ASO,ES,Federal Contract Tower,0,10,46,0,56,0,1,68,57,126,0,11,114,57,182,190,6,196,378
03/24/2017,CRG,FL,ASO,ES,Federal Contract Tower,0,9,69,0,78,0,1,101,10,112,0,10,170,10,190,154,0,154,344
03/25/2017,CRG,FL,ASO,ES,Federal Contract Tower,0,3,37,1,41,0,2,133,6,141,0,5,170,7,182,124,0,124,306
03/26/2017,CRG,FL,ASO,ES,Federal Contract Tower,0,7,53,0,60,0,1,83,0,84,0,8,136,0,144,105,0,105,249
03/27/2017,CRG,FL,ASO,ES,Federal Contract Tower,0,2,49,0,51,0,4,110,28,142,0,6,159,28,193,230,25,255,448
03/28/2017,CRG,FL,ASO,ES,Federal Contract Tower,0,8,78,0,86,0,0,131,22,153,0,8,209,22,239,367,32,399,638
03/29/2017,CRG,FL,ASO,ES,Federal Contract Tower,0,5,66,0,71,0,0,131,62,193,0,5,197,62,264,326,0,326,590
03/30/2017,CRG,FL,ASO,ES,Federal Contract Tower,0,11,52,0,63,0,2,165,34,201,0,13,217,34,264,203,0,203,467
03/31/2017,CRG,FL,ASO,ES,Federal Contract Tower,0,10,66,2,78,0,0,97,4,101,0,10,163,6,179,82,0,82,261
04/01/2017,CRG,FL,ASO,ES,Federal Contract Tower,0,3,50,0,53,0,3,124,0,127,0,6,174,0,180,241,0,241,421
04/02/2017,CRG,FL,ASO,ES,Federal Contract Tower,0,10,43,0,53,0,1,97,4,102,0,11,140,4,155,168,0,168,323
04/03/2017,CRG,FL,ASO,ES,Federal Contract Tower,0,5,46,0,51,0,2,57,29,88,0,7,103,29,139,155,0,155,294
04/04/2017,CRG,FL,ASO,ES,Federal Contract Tower,0,2,41,0,43,0,0,57,42,99,0,2,98,42,142,145,10,155,297
04/05/2017,CRG,FL,ASO,ES,Federal Contract Tower,0,7,48,0,55,0,0,123,30,153,0,7,171,30,208,240,0,240,448
04/06/2017,CRG,FL,ASO,ES,Federal Contract Tower,0,6,53,0,59,0,1,88,34,123,0,7,141,34,182,83,0,83,265
04/07/2017,CRG,FL,ASO,ES,Federal Contract Tower,0,8,84,0,92,0,0,114,30,144,0,8,198,30,236,152,0,152,388
04/08/2017,CRG,FL,ASO,ES,Federal Contract Tower,0,2,43,0,45,0,2,146,4,152,0,4,189,4,197,274,0,274,471
04/09/2017,CRG,FL,ASO,ES,Federal Contract Tower,0,6,48,0,54,0,0,81,16,97,0,6,129,16,151,149,0,149,300
04/10/2017,CRG,FL,ASO,ES,Federal Contract Tower,0,8,67,0,75,0,0,100,34,134,0,8,167,34,209,237,0,237,446
04/11/2017,CRG,FL,ASO,ES,Federal Contract Tower,0,1,65,0,66,0,0,142,46,188,0,1,207,46,254,202,0,202,456
04/12/2017,CRG,FL,ASO,ES,Federal Contract Tower,0,14,60,0,74,0,0,125,58,183,0,14,185,58,257,256,0,256,513
04/13/2017,CRG,FL,ASO,ES,Federal Contract Tower,0,14,73,2,89,0,0,104,64,168,0,14,177,66,257,152,0,152,409
04/14/2017,CRG,FL,ASO,ES,Federal Contract Tower,0,13,78,0,91,0,5,114,6,125,0,18,192,6,216,177,0,177,393
04/15/2017,CRG,FL,ASO,ES,Federal Contract Tower,0,4,33,0,37,0,5,112,0,117,0,9,145,0,154,199,0,199,353
04/16/2017,CRG,FL,ASO,ES,Federal Contract Tower,0,5,40,0,45,0,1,75,0,76,0,6,115,0,121,125,0,125,246
04/17/2017,CRG,FL,ASO,ES,Federal Contract Tower,0,9,89,0,98,0,0,122,0,122,0,9,211,0,220,136,0,136,356
04/18/2017,CRG,FL,ASO,ES,Federal Contract Tower,0,6,50,0,56,0,0,129,50,179,0,6,179,50,235,286,0,286,521
04/19/2017,CRG,FL,ASO,ES,Federal Contract Tower,0,12,68,0,80,0,0,97,48,145,0,12,165,48,225,236,0,236,461
04/20/2017,CRG,FL,ASO,ES,Federal Contract Tower,0,6,59,0,65,0,0,106,64,170,0,6,165,64,235,219,0,219,454
04/21/2017,CRG,FL,ASO,ES,Federal Contract Tower,0,2,64,2,68,0,0,138,12,150,0,2,202,14,218,282,0,282,500
04/22/2017,CRG,FL,ASO,ES,Federal Contract Tower,0,5,73,0,78,0,2,152,6,160,0,7,225,6,238,264,0,264,502
04/23/2017,CRG,FL,ASO,ES,Federal Contract Tower,0,6,48,0,54,0,0,50,2,52,0,6,98,2,106,105,0,105,211
04/24/2017,CRG,FL,ASO,ES,Federal Contract Tower,0,12,58,0,70,0,1,78,28,107,0,13,136,28,177,136,0,136,313
04/25/2017,CRG,FL,ASO,ES,Federal Contract Tower,0,7,81,0,88,0,0,117,32,149,0,7,198,32,237,194,0,194,431
04/26/2017,CRG,FL,ASO,ES,Federal Contract Tower,0,12,89,0,101,0,2,115,76,193,0,14,204,76,294,286,10,296,590
04/27/2017,CRG,FL,ASO,ES,Federal Contract Tower,0,6,60,0,66,0,0,116,36,152,0,6,176,36,218,212,3,215,433
04/28/2017,CRG,FL,ASO,ES,Federal Contract Tower,0,8,73,0,81,0,1,115,8,124,0,9,188,8,205,207,0,207,412
04/29/2017,CRG,FL,ASO,ES,Federal Contract Tower,0,7,44,0,51,0,0,89,0,89,0,7,133,0,140,122,0,122,262
04/30/2017,CRG,FL,ASO,ES,Federal Contract Tower,0,2,46,0,48,0,0,51,4,55,0,2,97,4,103,38,0,38,141
05/01/2017,CRG,FL,ASO,ES,Federal Contract Tower,0,6,43,0,49,2,0,42,18,62,2,6,85,18,111,75,0,75,186
05/02/2017,CRG,FL,ASO,ES,Federal Contract Tower,0,5,67,0,72,0,0,95,46,141,0,5,162,46,213,225,0,225,438
05/03/2017,CRG,FL,ASO,ES,Federal Contract Tower,0,14,67,0,81,0,0,131,66,197,0,14,198,66,278,188,0,188,466
05/04/2017,CRG,FL,ASO,ES,Federal Contract Tower,0,5,37,0,42,0,0,48,26,74,0,5,85,26,116,114,0,114,230
05/05/2017,CRG,FL,ASO,ES,Federal Contract Tower,0,5,55,0,60,0,1,60,12,73,0,6,115,12,133,46,0,46,179
05/06/2017,CRG,FL,ASO,ES,Federal Contract Tower,0,9,37,3,49,0,0,74,6,80,0,9,111,9,129,77,0,77,206
05/07/2017,CRG,FL,ASO,ES,Federal Contract Tower,0,14,42,0,56,2,0,95,6,103,2,14,137,6,159,193,0,193,352
05/08/2017,CRG,FL,ASO,ES,Federal Contract Tower,0,10,62,2,74,0,0,99,24,123,0,10,161,26,197,153,0,153,350
05/09/2017,CRG,FL,ASO,ES,Federal Contract Tower,0,11,54,0,65,0,1,114,20,135,0,12,168,20,200,233,0,233,433
05/10/2017,CRG,FL,ASO,ES,Federal Contract Tower,0,6,59,0,65,0,0,93,53,146,0,6,152,53,211,258,0,258,469
05/11/2017,CRG,FL,ASO,ES,Federal Contract Tower,0,17,66,0,83,0,1,108,21,130,0,18,174,21,213,176,0,176,389
05/12/2017,CRG,FL,ASO,ES,Federal Contract Tower,0,25,79,0,104,0,0,111,13,124,0,25,190,13,228,197,0,197,425
05/13/2017,CRG,FL,ASO,ES,Federal Contract Tower,0,3,22,0,25,0,1,48,0,49,0,4,70,0,74,165,0,165,239
05/14/2017,CRG,FL,ASO,ES,Federal Contract Tower,0,15,72,0,87,0,1,57,2,60,0,16,129,2,147,87,0,87,234
05/15/2017,CRG,FL,ASO,ES,Federal Contract Tower,0,14,75,0,89,0,2,91,10,103,0,16,166,10,192,157,0,157,349
05/16/2017,CRG,FL,ASO,ES,Federal Contract Tower,0,7,53,0,60,0,0,106,19,125,0,7,159,19,185,295,0,295,480
05/17/2017,CRG,FL,ASO,ES,Federal Contract Tower,0,13,60,0,73,0,2,131,36,169,0,15,191,36,242,293,0,293,535
05/18/2017,CRG,FL,ASO,ES,Federal Contract Tower,0,13,81,1,95,0,1,127,28,156,0,14,208,29,251,230,4,234,485
05/19/2017,CRG,FL,ASO,ES,Federal Contract Tower,0,7,90,0,97,0,1,67,29,97,0,8,157,29,194,149,0,149,343
05/20/2017,CRG,FL,ASO,ES,Federal Contract Tower,0,5,38,0,43,0,0,82,0,82,0,5,120,0,125,241,0,241,366
05/21/2017,CRG,FL,ASO,ES,Federal Contract Tower,0,7,41,0,48,0,0,76,0,76,0,7,117,0,124,52,0,52,176
05/22/2017,CRG,FL,ASO,ES,Federal Contract Tower,0,8,51,0,59,0,0,80,22,102,0,8,131,22,161,157,2,159,320
05/23/2017,CRG,FL,ASO,ES,Federal Contract Tower,0,10,39,0,49,0,0,80,38,118,0,10,119,38,167,149,0,149,316
05/24/2017,CRG,FL,ASO,ES,Federal Contract Tower,0,2,21,0,23,0,0,17,4,21,0,2,38,4,44,82,0,82,126
05/25/2017,CRG,FL,ASO,ES,Federal Contract Tower,0,11,74,0,85,0,0,149,22,171,0,11,223,22,256,235,2,237,493
05/26/2017,CRG,FL,ASO,ES,Federal Contract Tower,0,5,96,0,101,0,1,232,4,237,0,6,328,4,338,188,0,188,526
05/27/2017,CRG,FL,ASO,ES,Federal Contract Tower,0,5,58,0,63,0,4,149,2,155,0,9,207,2,218,107,0,107,325
05/28/2017,CRG,FL,ASO,ES,Federal Contract Tower,2,3,25,0,30,0,0,88,6,94,2,3,113,6,124,178,0,178,302
05/29/2017,CRG,FL,ASO,ES,Federal Contract Tower,0,3,63,0,66,0,0,132,0,132,0,3,195,0,198,223,0,223,421
05/30/2017,CRG,FL,ASO,ES,Federal Contract Tower,0,8,78,0,86,0,1,84,22,107,0,9,162,22,193,182,0,182,375
05/31/2017,CRG,FL,ASO,ES,Federal Contract Tower,0,7,43,0,50,0,0,88,18,106,0,7,131,18,156,211,0,211,367
06/01/2017,CRG,FL,ASO,ES,Federal Contract Tower,0,8,68,0,76,0,0,92,26,118,0,8,160,26,194,170,0,170,364
06/02/2017,CRG,FL,ASO,ES,Federal Contract Tower,0,8,37,0,45,0,0,73,6,79,0,8,110,6,124,155,0,155,279
06/03/2017,CRG,FL,ASO,ES,Federal Contract Tower,0,9,34,0,43,0,0,90,8,98,0,9,124,8,141,154,0,154,295
06/04/2017,CRG,FL,ASO,ES,Federal Contract Tower,0,7,51,0,58,0,3,99,0,102,0,10,150,0,160,140,0,140,300
06/05/2017,CRG,FL,ASO,ES,Federal Contract Tower,0,3,42,0,45,0,0,94,24,118,0,3,136,24,163,400,1,401,564
06/06/2017,CRG,FL,ASO,ES,Federal Contract Tower,0,3,38,0,41,0,0,16,14,30,0,3,54,14,71,84,0,84,155
06/07/2017,CRG,FL,ASO,ES,Federal Contract Tower,0,4,50,0,54,0,0,44,34,78,0,4,94,34,132,91,0,91,223
06/10/2017,CRG,FL,ASO,ES,Federal Contract Tower,0,4,46,0,50,0,0,107,4,111,0,4,153,4,161,149,0,149,310
06/11/2017,CRG,FL,ASO,ES,Federal Contract Tower,0,9,29,0,38,0,0,51,0,51,0,9,80,0,89,191,0,191,280
06/12/2017,CRG,FL,ASO,ES,Federal Contract Tower,0,3,36,0,39,0,0,44,44,88,0,3,80,44,127,12,0,12,139
06/13/2017,CRG,FL,ASO,ES,Federal Contract Tower,0,4,51,0,55,0,0,79,34,113,0,4,130,34,168,179,0,179,347
06/14/2017,CRG,FL,ASO,ES,Federal Contract Tower,0,11,33,0,44,0,5,99,40,144,0,16,132,40,188,150,0,150,338
06/16/2017,CRG,FL,ASO,ES,Federal Contract Tower,2,7,84,0,93,0,0,64,0,64,2,7,148,0,157,114,0,114,271
06/17/2017,CRG,FL,ASO,ES,Federal Contract Tower,0,2,52,0,54,0,0,104,0,104,0,2,156,0,158,121,0,121,279
06/18/2017,CRG,FL,ASO,ES,Federal Contract Tower,0,2,30,0,32,0,0,73,2,75,0,2,103,2,107,62,0,62,169
06/19/2017,CRG,FL,ASO,ES,Federal Contract Tower,0,6,30,0,36,0,0,83,12,95,0,6,113,12,131,140,0,140,271
06/20/2017,CRG,FL,ASO,ES,Federal Contract Tower,0,3,66,0,69,0,0,92,90,182,0,3,158,90,251,198,0,198,449
06/21/2017,CRG,FL,ASO,ES,Federal Contract Tower,0,18,73,2,93,0,0,133,30,163,0,18,206,32,256,163,0,163,419
06/22/2017,CRG,FL,ASO,ES,Federal Contract Tower,0,7,61,0,68,0,0,126,22,148,0,7,187,22,216,203,0,203,419
06/23/2017,CRG,FL,ASO,ES,Federal Contract Tower,0,5,71,0,76,0,0,118,10,128,0,5,189,10,204,183,0,183,387
06/24/2017,CRG,FL,ASO,ES,Federal Contract Tower,0,1,48,0,49,0,0,134,2,136,0,1,182,2,185,88,0,88,273
06/25/2017,CRG,FL,ASO,ES,Federal Contract Tower,0,4,56,0,60,0,0,60,0,60,0,4,116,0,120,121,0,121,241
06/26/2017,CRG,FL,ASO,ES,Federal Contract Tower,0,2,55,0,57,0,2,63,30,95,0,4,118,30,152,107,0,107,259
06/27/2017,CRG,FL,ASO,ES,Federal Contract Tower,0,4,49,0,53,0,0,31,60,91,0,4,80,60,144,88,2,90,234
06/28/2017,CRG,FL,ASO,ES,Federal Contract Tower,0,7,92,0,99,0,0,103,44,147,0,7,195,44,246,166,0,166,412
06/29/2017,CRG,FL,ASO,ES,Federal Contract Tower,0,7,76,0,83,0,0,98,54,152,0,7,174,54,235,171,0,171,406
06/30/2017,CRG,FL,ASO,ES,Federal Contract Tower,0,6,62,0,68,0,3,105,12,120,0,9,167,12,188,205,0,205,393
07/01/2017,CRG,FL,ASO,ES,Federal Contract Tower,0,4,56,0,60,0,0,101,0,101,0,4,157,0,161,117,0,117,278
07/02/2017,CRG,FL,ASO,ES,Federal Contract Tower,0,5,41,0,46,0,0,78,1,79,0,5,119,1,125,91,0,91,216
07/03/2017,CRG,FL,ASO,ES,Federal Contract Tower,0,3,35,0,38,0,1,119,0,120,0,4,154,0,158,133,0,133,291
07/04/2017,CRG,FL,ASO,ES,Federal Contract Tower,0,5,42,0,47,0,0,115,0,115,0,5,157,0,162,245,0,245,407
07/05/2017,CRG,FL,ASO,ES,Federal Contract Tower,0,7,68,0,75,0,1,131,44,176,0,8,199,44,251,220,0,220,471
07/06/2017,CRG,FL,ASO,ES,Federal Contract Tower,0,12,74,0,86,0,2,123,42,167,0,14,197,42,253,285,0,285,538
07/07/2017,CRG,FL,ASO,ES,Federal Contract Tower,0,3,64,0,67,0,1,117,21,139,0,4,181,21,206,353,0,353,559
07/08/2017,CRG,FL,ASO,ES,Federal Contract Tower,0,2,58,0,60,0,0,126,2,128,0,2,184,2,188,297,0,297,485
07/09/2017,CRG,FL,ASO,ES,Federal Contract Tower,0,2,45,0,47,0,2,81,2,85,0,4,126,2,132,274,0,274,406
07/10/2017,CRG,FL,ASO,ES,Federal Contract Tower,0,1,64,0,65,0,0,98,18,116,0,1,162,18,181,192,0,192,373
07/11/2017,CRG,FL,ASO,ES,Federal Contract Tower,0,2,59,0,61,0,1,144,90,235,0,3,203,90,296,231,0,231,527
07/12/2017,CRG,FL,ASO,ES,Federal Contract Tower,0,5,79,0,84,0,0,98,56,154,0,5,177,56,238,217,0,217,455
07/13/2017,CRG,FL,ASO,ES,Federal Contract Tower,0,5,70,0,75,0,0,81,48,129,0,5,151,48,204,317,0,317,521
07/14/2017,CRG,FL,ASO,ES,Federal Contract Tower,0,0,67,0,67,0,0,101,8,109,0,0,168,8,176,218,0,218,394
07/15/2017,CRG,FL,ASO,ES,Federal Contract Tower,0,7,54,0,61,0,0,106,2,108,0,7,160,2,169,161,0,161,330
07/16/2017,CRG,FL,ASO,ES,Federal Contract Tower,0,1,47,0,48,0,0,57,0,57,0,1,104,0,105,107,0,107,212
07/17/2017,CRG,FL,ASO,ES,Federal Contract Tower,2,1,43,0,46,0,0,94,18,112,2,1,137,18,158,208,0,208,366
07/18/2017,CRG,FL,ASO,ES,Federal Contract Tower,0,12,69,0,81,0,0,115,44,159,0,12,184,44,240,274,0,274,514
07/19/2017,CRG,FL,ASO,ES,Federal Contract Tower,0,3,56,4,63,0,0,71,41,112,0,3,127,45,175,322,0,322,497
07/20/2017,CRG,FL,ASO,ES,Federal Contract Tower,0,14,63,0,77,0,0,138,38,176,0,14,201,38,253,309,0,309,562
07/21/2017,CRG,FL,ASO,ES,Federal Contract Tower,0,2,63,0,65,0,0,137,28,165,0,2,200,28,230,199,0,199,429
07/22/2017,CRG,FL,ASO,ES,Federal Contract Tower,0,4,58,0,62,0,5,46,2,53,0,9,104,2,115,79,0,79,194
07/23/2017,CRG,FL,ASO,ES,Federal Contract Tower,0,4,37,0,41,0,0,84,2,86,0,4,121,2,127,175,0,175,302
07/24/2017,CRG,FL,ASO,ES,Federal Contract Tower,0,5,40,0,45,0,0,119,24,143,0,5,159,24,188,173,10,183,371
07/25/2017,CRG,FL,ASO,ES,Federal Contract Tower,0,2,64,2,68,2,0,131,14,147,2,2,195,16,215,206,0,206,421
07/26/2017,CRG,FL,ASO,ES,Federal Contract Tower,0,2,57,0,59,0,0,86,36,122,0,2,143,36,181,211,0,211,392
07/27/2017,CRG,FL,ASO,ES,Federal Contract Tower,0,6,58,0,64,0,0,70,42,112,0,6,128,42,176,223,0,223,399
07/28/2017,CRG,FL,ASO,ES,Federal Contract Tower,0,12,55,0,67,0,0,0,2,2,0,12,55,2,69,163,0,163,232
07/29/2017,CRG,FL,ASO,ES,Federal Contract Tower,0,7,44,0,51,6,6,87,0,99,6,13,131,0,150,114,0,114,264
07/30/2017,CRG,FL,ASO,ES,Federal Contract Tower,0,2,30,0,32,0,1,35,0,36,0,3,65,0,68,47,0,47,115
07/31/2017,CRG,FL,ASO,ES,Federal Contract Tower,0,1,55,0,56,0,1,116,26,143,0,2,171,26,199,187,0,187,386
08/01/2017,CRG,FL,ASO,ES,Federal Contract Tower,0,5,60,0,65,0,0,91,86,177,0,5,151,86,242,274,4,278,520
08/02/2017,CRG,FL,ASO,ES,Federal Contract Tower,0,3,36,0,39,0,0,48,31,79,0,3,84,31,118,109,1,110,228
08/03/2017,CRG,FL,ASO,ES,Federal Contract Tower,0,5,53,0,58,0,0,70,42,112,0,5,123,42,170,158,0,158,328
08/04/2017,CRG,FL,ASO,ES,Federal Contract Tower,0,5,70,0,75,2,0,134,4,140,2,5,204,4,215,281,0,281,496
08/05/2017,CRG,FL,ASO,ES,Federal Contract Tower,0,2,52,0,54,0,0,137,2,139,0,2,189,2,193,130,0,130,323
08/06/2017,CRG,FL,ASO,ES,Federal Contract Tower,0,11,48,0,59,0,0,108,12,120,0,11,156,12,179,200,0,200,379
08/07/2017,CRG,FL,ASO,ES,Federal Contract Tower,0,3,43,0,46,0,1,99,14,114,0,4,142,14,160,175,0,175,335
08/08/2017,CRG,FL,ASO,ES,Federal Contract Tower,0,11,57,2,70,0,0,89,14,103,0,11,146,16,173,220,4,224,397
08/09/2017,CRG,FL,ASO,ES,Federal Contract Tower,0,7,50,0,57,0,0,96,6,102,0,7,146,6,159,216,0,216,375
08/10/2017,CRG,FL,ASO,ES,Federal Contract Tower,0,13,63,0,76,0,0,120,32,152,0,13,183,32,228,278,2,280,508
08/11/2017,CRG,FL,ASO,ES,Federal Contract Tower,0,6,54,0,60,0,0,117,30,147,0,6,171,30,207,200,0,200,407
08/12/2017,CRG,FL,ASO,ES,Federal Contract Tower,0,5,54,0,59,0,0,130,2,132,0,5,184,2,191,293,0,293,484
08/13/2017,CRG,FL,ASO,ES,Federal Contract Tower,0,1,36,0,37,0,0,93,4,97,0,1,129,4,134,212,0,212,346
08/14/2017,CRG,FL,ASO,ES,Federal Contract Tower,2,2,52,0,56,0,0,112,16,128,2,2,164,16,184,168,0,168,352
08/15/2017,CRG,FL,ASO,ES,Federal Contract Tower,0,3,59,0,62,0,3,99,26,128,0,6,158,26,190,210,34,244,434
08/16/2017,CRG,FL,ASO,ES,Federal Contract Tower,0,1,54,1,56,0,0,123,30,153,0,1,177,31,209,389,1,390,599
08/17/2017,CRG,FL,ASO,ES,Federal Contract Tower,0,3,56,0,59,0,1,111,29,141,0,4,167,29,200,316,35,351,551
08/18/2017,CRG,FL,ASO,ES,Federal Contract Tower,2,5,47,0,54,0,0,110,22,132,2,5,157,22,186,245,0,245,431
08/19/2017,CRG,FL,ASO,ES,Federal Contract Tower,0,0,36,0,36,0,3,99,4,106,0,3,135,4,142,134,0,134,276
08/20/2017,CRG,FL,ASO,ES,Federal Contract Tower,0,2,47,0,49,0,1,90,6,97,0,3,137,6,146,172,0,172,318
08/21/2017,CRG,FL,ASO,ES,Federal Contract Tower,0,3,58,0,61,0,0,79,52,131,0,3,137,52,192,50,0,50,242
08/22/2017,CRG,FL,ASO,ES,Federal Contract Tower,0,2,49,4,55,0,0,167,68,235,0,2,216,72,290,224,0,224,514
08/23/2017,CRG,FL,ASO,ES,Federal Contract Tower,0,7,84,0,91,0,0,147,62,209,0,7,231,62,300,344,0,344,644
08/24/2017,CRG,FL,ASO,ES,Federal Contract Tower,0,4,46,0,50,0,2,123,36,161,0,6,169,36,211,158,0,158,369
08/25/2017,CRG,FL,ASO,ES,Federal Contract Tower,0,8,49,0,57,0,1,108,6,115,0,9,157,6,172,225,0,225,397
08/26/2017,CRG,FL,ASO,ES,Federal Contract Tower,0,5,37,2,44,0,0,68,0,68,0,5,105,2,112,207,0,207,319
08/27/2017,CRG,FL,ASO,ES,Federal Contract Tower,0,2,44,0,46,0,0,31,0,31,0,2,75,0,77,123,0,123,200
08/28/2017,CRG,FL,ASO,ES,Federal Contract Tower,0,1,55,0,56,0,0,10,10,20,0,1,65,10,76,2,0,2,78
08/29/2017,CRG,FL,ASO,ES,Federal Contract Tower,0,2,56,3,61,0,0,90,22,112,0,2,146,25,173,307,0,307,480
08/30/2017,CRG,FL,ASO,ES,Federal Contract Tower,0,8,61,0,69,0,0,68,34,102,0,8,129,34,171,250,0,250,421
08/31/2017,CRG,FL,ASO,ES,Federal Contract Tower,0,5,73,0,78,0,0,138,18,156,0,5,211,18,234,323,0,323,557
09/02/2017,CRG,FL,ASO,ES,Federal Contract Tower,0,0,56,0,56,0,0,114,0,114,0,0,170,0,170,165,0,165,335
09/03/2017,CRG,FL,ASO,ES,Federal Contract Tower,0,4,32,0,36,0,0,65,10,75,0,4,97,10,111,135,0,135,246
09/04/2017,CRG,FL,ASO,ES,Federal Contract Tower,0,5,40,0,45,0,0,100,2,102,0,5,140,2,147,216,0,216,363
09/05/2017,CRG,FL,ASO,ES,Federal Contract Tower,0,4,67,4,75,0,0,102,12,114,0,4,169,16,189,196,0,196,385
09/06/2017,CRG,FL,ASO,ES,Federal Contract Tower,0,4,83,0,87,0,0,75,0,75,0,4,158,0,162,227,0,227,389
09/07/2017,CRG,FL,ASO,ES,Federal Contract Tower,0,6,92,0,98,0,2,75,16,93,0,8,167,16,191,118,0,118,309
09/08/2017,CRG,FL,ASO,ES,Federal Contract Tower,0,6,51,0,57,0,2,57,30,89,0,8,108,30,146,64,0,64,210
09/09/2017,CRG,FL,ASO,ES,Federal Contract Tower,2,0,8,0,10,0,0,7,0,7,2,0,15,0,17,0,0,0,17
09/10/2017,CRG,FL,ASO,ES,Federal Contract Tower,0,0,0,0,0,0,0,0,0,0,0,0,0,0,0,0,0,0,0
09/11/2017,CRG,FL,ASO,ES,Federal Contract Tower,0,0,0,0,0,0,0,0,0,0,0,0,0,0,0,0,0,0,0
09/12/2017,CRG,FL,ASO,ES,Federal Contract Tower,0,3,36,0,39,0,0,90,18,108,0,3,126,18,147,0,0,0,147
09/13/2017,CRG,FL,ASO,ES,Federal Contract Tower,0,9,62,0,71,0,0,114,60,174,0,9,176,60,245,33,0,33,278
09/14/2017,CRG,FL,ASO,ES,Federal Contract Tower,0,0,45,0,45,0,0,129,32,161,0,0,174,32,206,154,0,154,360
09/15/2017,CRG,FL,ASO,ES,Federal Contract Tower,0,1,54,0,55,0,0,106,2,108,0,1,160,2,163,226,0,226,389
09/16/2017,CRG,FL,ASO,ES,Federal Contract Tower,0,6,57,0,63,0,0,118,4,122,0,6,175,4,185,224,0,224,409
09/17/2017,CRG,FL,ASO,ES,Federal Contract Tower,0,0,43,0,43,0,1,98,0,99,0,1,141,0,142,126,0,126,268
09/18/2017,CRG,FL,ASO,ES,Federal Contract Tower,0,5,42,0,47,0,0,117,18,135,0,5,159,18,182,169,0,169,351
09/19/2017,CRG,FL,ASO,ES,Federal Contract Tower,0,4,53,4,61,0,4,130,124,258,0,8,183,128,319,162,0,162,481
09/20/2017,CRG,FL,ASO,ES,Federal Contract Tower,0,5,57,0,62,0,0,134,70,204,0,5,191,70,266,303,0,303,569
09/21/2017,CRG,FL,ASO,ES,Federal Contract Tower,0,4,57,0,61,0,2,109,73,184,0,6,166,73,245,280,0,280,525
09/22/2017,CRG,FL,ASO,ES,Federal Contract Tower,0,10,70,0,80,0,5,111,17,133,0,15,181,17,213,245,8,253,466
09/23/2017,CRG,FL,ASO,ES,Federal Contract Tower,0,6,34,0,40,0,0,85,24,109,0,6,119,24,149,209,9,218,367
09/24/2017,CRG,FL,ASO,ES,Federal Contract Tower,0,5,59,0,64,0,2,76,10,88,0,7,135,10,152,61,0,61,213
09/25/2017,CRG,FL,ASO,ES,Federal Contract Tower,0,6,73,0,79,0,0,111,28,139,0,6,184,28,218,313,0,313,531
09/26/2017,CRG,FL,ASO,ES,Federal Contract Tower,0,4,60,0,64,0,2,139,42,183,0,6,199,42,247,256,0,256,503
09/27/2017,CRG,FL,ASO,ES,Federal Contract Tower,0,6,51,2,59,0,0,127,20,147,0,6,178,22,206,222,2,224,430
09/28/2017,CRG,FL,ASO,ES,Federal Contract Tower,0,9,77,0,86,0,1,146,32,179,0,10,223,32,265,220,0,220,485
09/29/2017,CRG,FL,ASO,ES,Federal Contract Tower,0,6,59,0,65,0,0,110,29,139,0,6,169,29,204,238,0,238,442
09/30/2017,CRG,FL,ASO,ES,Federal Contract Tower,0,4,27,0,31,0,0,31,0,31,0,4,58,0,62,87,0,87,149
10/01/2017,CRG,FL,ASO,ES,Federal Contract Tower,0,1,18,0,19,0,0,0,0,0,0,1,18,0,19,0,0,0,19
10/02/2017,CRG,FL,ASO,ES,Federal Contract Tower,0,5,54,0,59,0,0,83,27,110,0,5,137,27,169,107,8,115,284
10/03/2017,CRG,FL,ASO,ES,Federal Contract Tower,0,5,47,0,52,0,2,70,23,95,0,7,117,23,147,16,0,16,163
10/04/2017,CRG,FL,ASO,ES,Federal Contract Tower,0,7,54,0,61,0,0,99,30,129,0,7,153,30,190,169,0,169,359
10/05/2017,CRG,FL,ASO,ES,Federal Contract Tower,0,1,50,0,51,0,0,86,28,114,0,1,136,28,165,126,0,126,291
10/06/2017,CRG,FL,ASO,ES,Federal Contract Tower,0,5,77,0,82,0,8,95,18,121,0,13,172,18,203,227,0,227,430
10/07/2017,CRG,FL,ASO,ES,Federal Contract Tower,0,4,40,0,44,0,0,92,8,100,0,4,132,8,144,167,0,167,311
10/08/2017,CRG,FL,ASO,ES,Federal Contract Tower,0,1,35,0,36,0,0,29,14,43,0,1,64,14,79,79,0,79,158
10/09/2017,CRG,FL,ASO,ES,Federal Contract Tower,0,6,94,0,100,0,0,113,15,128,0,6,207,15,228,281,0,281,509
10/10/2017,CRG,FL,ASO,ES,Federal Contract Tower,0,11,61,0,72,0,0,144,20,164,0,11,205,20,236,238,0,238,474
10/11/2017,CRG,FL,ASO,ES,Federal Contract Tower,0,5,87,0,92,0,0,130,45,175,0,5,217,45,267,288,0,288,555
10/12/2017,CRG,FL,ASO,ES,Federal Contract Tower,0,6,68,2,76,0,2,113,45,160,0,8,181,47,236,221,0,221,457
10/13/2017,CRG,FL,ASO,ES,Federal Contract Tower,0,10,70,0,80,0,0,111,12,123,0,10,181,12,203,194,0,194,397
10/14/2017,CRG,FL,ASO,ES,Federal Contract Tower,0,3,40,0,43,0,0,95,10,105,0,3,135,10,148,224,0,224,372
10/15/2017,CRG,FL,ASO,ES,Federal Contract Tower,0,3,61,0,64,0,0,90,2,92,0,3,151,2,156,136,0,136,292
10/16/2017,CRG,FL,ASO,ES,Federal Contract Tower,0,2,70,0,72,0,0,122,20,142,0,2,192,20,214,141,0,141,355
10/17/2017,CRG,FL,ASO,ES,Federal Contract Tower,0,3,74,0,77,0,0,47,50,97,0,3,121,50,174,30,0,30,204
10/18/2017,CRG,FL,ASO,ES,Federal Contract Tower,0,7,75,0,82,0,2,92,86,180,0,9,167,86,262,122,0,122,384
10/19/2017,CRG,FL,ASO,ES,Federal Contract Tower,0,1,82,13,96,0,0,69,58,127,0,1,151,71,223,115,0,115,338
10/20/2017,CRG,FL,ASO,ES,Federal Contract Tower,0,5,77,0,82,0,0,122,10,132,0,5,199,10,214,281,0,281,495
10/21/2017,CRG,FL,ASO,ES,Federal Contract Tower,0,7,33,0,40,0,2,129,2,133,0,9,162,2,173,187,0,187,360
10/22/2017,CRG,FL,ASO,ES,Federal Contract Tower,0,3,42,0,45,0,0,77,2,79,0,3,119,2,124,159,0,159,283
10/23/2017,CRG,FL,ASO,ES,Federal Contract Tower,0,2,50,0,52,0,0,66,20,86,0,2,116,20,138,165,0,165,303
10/24/2017,CRG,FL,ASO,ES,Federal Contract Tower,0,6,78,0,84,0,0,174,24,198,0,6,252,24,282,250,0,250,532
10/25/2017,CRG,FL,ASO,ES,Federal Contract Tower,0,2,90,2,94,0,0,119,28,147,0,2,209,30,241,296,0,296,537
10/26/2017,CRG,FL,ASO,ES,Federal Contract Tower,0,16,92,0,108,0,2,143,28,173,0,18,235,28,281,278,0,278,559
10/27/2017,CRG,FL,ASO,ES,Federal Contract Tower,0,6,92,0,98,0,0,181,18,199,0,6,273,18,297,222,3,225,522
10/28/2017,CRG,FL,ASO,ES,Federal Contract Tower,0,15,85,0,100,0,0,128,10,138,0,15,213,10,238,153,0,153,391
10/29/2017,CRG,FL,ASO,ES,Federal Contract Tower,0,7,57,0,64,0,0,55,2,57,0,7,112,2,121,4,0,4,125
10/30/2017,CRG,FL,ASO,ES,Federal Contract Tower,0,5,57,0,62,0,0,151,18,169,0,5,208,18,231,255,0,255,486
10/31/2017,CRG,FL,ASO,ES,Federal Contract Tower,0,3,89,0,92,0,2,129,40,171,0,5,218,40,263,162,0,162,425
11/01/2017,CRG,FL,ASO,ES,Federal Contract Tower,0,7,95,0,102,0,0,132,28,160,0,7,227,28,262,225,0,225,487
11/02/2017,CRG,FL,ASO,ES,Federal Contract Tower,0,4,68,0,72,0,2,128,54,184,0,6,196,54,256,403,0,403,659
11/03/2017,CRG,FL,ASO,ES,Federal Contract Tower,0,7,64,6,77,0,0,115,14,129,0,7,179,20,206,272,0,272,478
11/04/2017,CRG,FL,ASO,ES,Federal Contract Tower,0,9,50,4,63,0,0,115,2,117,0,9,165,6,180,193,0,193,373
11/05/2017,CRG,FL,ASO,ES,Federal Contract Tower,0,8,76,6,90,0,0,21,2,23,0,8,97,8,113,0,0,0,113
11/06/2017,CRG,FL,ASO,ES,Federal Contract Tower,0,6,78,6,90,0,0,71,34,105,0,6,149,40,195,188,0,188,383
11/07/2017,CRG,FL,ASO,ES,Federal Contract Tower,0,2,78,2,82,0,0,89,81,170,0,2,167,83,252,269,2,271,523
11/08/2017,CRG,FL,ASO,ES,Federal Contract Tower,0,5,80,4,89,0,0,130,72,202,0,5,210,76,291,189,0,189,480
11/09/2017,CRG,FL,ASO,ES,Federal Contract Tower,0,5,78,6,89,0,0,43,36,79,0,5,121,42,168,145,0,145,313
11/10/2017,CRG,FL,ASO,ES,Federal Contract Tower,0,6,70,0,76,0,0,75,2,77,0,6,145,2,153,128,0,128,281
11/11/2017,CRG,FL,ASO,ES,Federal Contract Tower,0,4,63,0,67,0,0,55,0,55,0,4,118,0,122,137,0,137,259
11/12/2017,CRG,FL,ASO,ES,Federal Contract Tower,0,3,64,0,67,0,0,91,0,91,0,3,155,0,158,146,0,146,304
11/13/2017,CRG,FL,ASO,ES,Federal Contract Tower,0,5,56,0,61,0,0,71,30,101,0,5,127,30,162,241,0,241,403
11/14/2017,CRG,FL,ASO,ES,Federal Contract Tower,0,10,82,0,92,0,0,74,96,170,0,10,156,96,262,104,0,104,366
11/15/2017,CRG,FL,ASO,ES,Federal Contract Tower,0,7,91,0,98,0,0,44,64,108,0,7,135,64,206,281,0,281,487
11/16/2017,CRG,FL,ASO,ES,Federal Contract Tower,0,7,75,0,82,0,0,180,76,256,0,7,255,76,338,230,0,230,568
11/17/2017,CRG,FL,ASO,ES,Federal Contract Tower,0,13,67,0,80,0,0,219,26,245,0,13,286,26,325,310,0,310,635
11/18/2017,CRG,FL,ASO,ES,Federal Contract Tower,0,2,63,0,65,0,0,202,2,204,0,2,265,2,269,349,0,349,618
11/19/2017,CRG,FL,ASO,ES,Federal Contract Tower,0,14,45,0,59,0,0,108,2,110,0,14,153,2,169,232,0,232,401
11/20/2017,CRG,FL,ASO,ES,Federal Contract Tower,0,6,77,0,83,0,0,154,62,216,0,6,231,62,299,256,0,256,555
11/21/2017,CRG,FL,ASO,ES,Federal Contract Tower,0,5,64,2,71,0,0,78,84,162,0,5,142,86,233,167,0,167,400
11/22/2017,CRG,FL,ASO,ES,Federal Contract Tower,0,6,63,0,69,0,0,105,2,107,0,6,168,2,176,195,0,195,371
11/23/2017,CRG,FL,ASO,ES,Federal Contract Tower,0,1,5,0,6,0,0,0,0,0,0,1,5,0,6,0,0,0,6
11/24/2017,CRG,FL,ASO,ES,Federal Contract Tower,0,5,38,0,43,0,0,53,0,53,0,5,91,0,96,58,0,58,154
11/25/2017,CRG,FL,ASO,ES,Federal Contract Tower,0,4,45,0,49,0,0,164,4,168,0,4,209,4,217,102,0,102,319
11/26/2017,CRG,FL,ASO,ES,Federal Contract Tower,0,9,61,2,72,0,0,109,6,115,0,9,170,8,187,105,0,105,292
11/27/2017,CRG,FL,ASO,ES,Federal Contract Tower,0,3,65,0,68,0,2,101,48,151,0,5,166,48,219,122,0,122,341
11/28/2017,CRG,FL,ASO,ES,Federal Contract Tower,0,13,65,0,78,0,4,130,100,234,0,17,195,100,312,219,0,219,531
11/29/2017,CRG,FL,ASO,ES,Federal Contract Tower,0,12,99,0,111,0,0,133,132,265,0,12,232,132,376,262,0,262,638
11/30/2017,CRG,FL,ASO,ES,Federal Contract Tower,0,9,67,0,76,0,0,149,84,233,0,9,216,84,309,278,0,278,587
12/01/2017,CRG,FL,ASO,ES,Federal Contract Tower,0,6,81,0,87,0,0,145,10,155,0,6,226,10,242,232,0,232,474
12/02/2017,CRG,FL,ASO,ES,Federal Contract Tower,0,7,38,0,45,0,0,105,3,108,0,7,143,3,153,225,0,225,378
12/03/2017,CRG,FL,ASO,ES,Federal Contract Tower,0,13,79,5,97,0,0,17,2,19,0,13,96,7,116,3,0,3,119
12/04/2017,CRG,FL,ASO,ES,Federal Contract Tower,0,5,68,0,73,0,4,101,40,145,0,9,169,40,218,249,0,249,467
12/05/2017,CRG,FL,ASO,ES,Federal Contract Tower,0,1,65,2,68,0,0,120,42,162,0,1,185,44,230,268,0,268,498
12/06/2017,CRG,FL,ASO,ES,Federal Contract Tower,0,6,72,1,79,0,0,114,24,138,0,6,186,25,217,186,0,186,403
12/07/2017,CRG,FL,ASO,ES,Federal Contract Tower,0,3,37,0,40,0,0,0,12,12,0,3,37,12,52,0,0,0,52
12/08/2017,CRG,FL,ASO,ES,Federal Contract Tower,0,0,32,0,32,0,0,0,0,0,0,0,32,0,32,0,0,0,32
12/09/2017,CRG,FL,ASO,ES,Federal Contract Tower,0,2,51,0,53,0,0,21,0,21,0,2,72,0,74,22,0,22,96
12/10/2017,CRG,FL,ASO,ES,Federal Contract Tower,0,6,51,4,61,0,0,123,0,123,0,6,174,4,184,125,0,125,309
12/11/2017,CRG,FL,ASO,ES,Federal Contract Tower,0,2,88,0,90,0,0,143,0,143,0,2,231,0,233,240,0,240,473
12/12/2017,CRG,FL,ASO,ES,Federal Contract Tower,0,10,55,2,67,0,0,101,38,139,0,10,156,40,206,118,0,118,324
12/13/2017,CRG,FL,ASO,ES,Federal Contract Tower,0,13,67,0,80,0,1,157,24,182,0,14,224,24,262,252,0,252,514
12/14/2017,CRG,FL,ASO,ES,Federal Contract Tower,0,2,78,0,80,0,0,113,32,145,0,2,191,32,225,309,2,311,536
12/15/2017,CRG,FL,ASO,ES,Federal Contract Tower,0,7,66,2,75,0,0,125,4,129,0,7,191,6,204,251,0,251,455
12/16/2017,CRG,FL,ASO,ES,Federal Contract Tower,0,5,53,0,58,0,0,142,0,142,0,5,195,0,200,92,0,92,292
12/17/2017,CRG,FL,ASO,ES,Federal Contract Tower,0,21,56,0,77,0,0,86,0,86,0,21,142,0,163,119,0,119,282
12/18/2017,CRG,FL,ASO,ES,Federal Contract Tower,0,4,74,0,78,0,0,117,18,135,0,4,191,18,213,161,0,161,374
12/19/2017,CRG,FL,ASO,ES,Federal Contract Tower,0,8,73,0,81,0,0,82,28,110,0,8,155,28,191,246,0,246,437
12/20/2017,CRG,FL,ASO,ES,Federal Contract Tower,0,4,67,1,72,0,0,123,56,179,0,4,190,57,251,207,0,207,458
12/21/2017,CRG,FL,ASO,ES,Federal Contract Tower,0,4,81,0,85,0,0,14,6,20,0,4,95,6,105,2,0,2,107
12/22/2017,CRG,FL,ASO,ES,Federal Contract Tower,0,6,83,0,89,0,0,30,2,32,0,6,113,2,121,116,0,116,237
12/23/2017,CRG,FL,ASO,ES,Federal Contract Tower,2,5,38,0,45,0,0,74,0,74,2,5,112,0,119,60,0,60,179
12/24/2017,CRG,FL,ASO,ES,Federal Contract Tower,0,2,13,0,15,0,0,48,0,48,0,2,61,0,63,6,0,6,69
12/25/2017,CRG,FL,ASO,ES,Federal Contract Tower,0,2,5,0,7,0,0,35,0,35,0,2,40,0,42,6,0,6,48
12/26/2017,CRG,FL,ASO,ES,Federal Contract Tower,0,0,36,0,36,0,0,81,0,81,0,0,117,0,117,33,0,33,150
12/27/2017,CRG,FL,ASO,ES,Federal Contract Tower,0,0,34,0,34,0,0,48,20,68,0,0,82,20,102,102,0,102,204
12/28/2017,CRG,FL,ASO,ES,Federal Contract Tower,0,2,27,6,35,0,0,0,8,8,0,2,27,14,43,0,0,0,43
12/29/2017,CRG,FL,ASO,ES,Federal Contract Tower,0,7,55,1,63,0,0,22,1,23,0,7,77,2,86,2,0,2,88
12/30/2017,CRG,FL,ASO,ES,Federal Contract Tower,0,7,64,0,71,0,0,68,0,68,0,7,132,0,139,94,0,94,233
12/31/2017,CRG,FL,ASO,ES,Federal Contract Tower,0,3,31,0,34,0,0,67,0,67,0,3,98,0,101,57,0,57,158
01/01/2018,CRG,FL,ASO,ES,Federal Contract Tower,0,4,19,0,23,0,0,5,0,5,0,4,24,0,28,15,0,15,43
01/02/2018,CRG,FL,ASO,ES,Federal Contract Tower,0,10,36,0,46,0,0,15,6,21,0,10,51,6,67,11,0,11,78
01/03/2018,CRG,FL,ASO,ES,Federal Contract Tower,0,2,14,0,16,0,0,0,0,0,0,2,14,0,16,0,0,0,16
01/04/2018,CRG,FL,ASO,ES,Federal Contract Tower,0,5,60,0,65,0,0,94,25,119,0,5,154,25,184,133,1,134,318
01/05/2018,CRG,FL,ASO,ES,Federal Contract Tower,0,9,52,0,61,0,0,109,0,109,0,9,161,0,170,180,0,180,350
01/06/2018,CRG,FL,ASO,ES,Federal Contract Tower,0,4,52,0,56,0,0,92,2,94,0,4,144,2,150,165,0,165,315
01/07/2018,CRG,FL,ASO,ES,Federal Contract Tower,0,8,43,0,51,0,0,74,0,74,0,8,117,0,125,86,0,86,211
01/08/2018,CRG,FL,ASO,ES,Federal Contract Tower,0,7,53,0,60,0,0,33,4,37,0,7,86,4,97,81,0,81,178
01/09/2018,CRG,FL,ASO,ES,Federal Contract Tower,0,2,57,0,59,0,0,30,26,56,0,2,87,26,115,86,0,86,201
01/10/2018,CRG,FL,ASO,ES,Federal Contract Tower,0,4,39,0,43,0,0,39,64,103,0,4,78,64,146,178,0,178,324
01/11/2018,CRG,FL,ASO,ES,Federal Contract Tower,0,6,68,0,74,0,2,41,26,69,0,8,109,26,143,72,0,72,215
01/12/2018,CRG,FL,ASO,ES,Federal Contract Tower,0,4,39,0,43,0,0,18,8,26,0,4,57,8,69,89,0,89,158
01/13/2018,CRG,FL,ASO,ES,Federal Contract Tower,0,2,87,0,89,0,0,138,4,142,0,2,225,4,231,221,0,221,452
01/14/2018,CRG,FL,ASO,ES,Federal Contract Tower,0,0,41,0,41,0,0,112,0,112,0,0,153,0,153,165,0,165,318
01/15/2018,CRG,FL,ASO,ES,Federal Contract Tower,0,11,60,0,71,0,0,102,0,102,0,11,162,0,173,220,0,220,393
01/16/2018,CRG,FL,ASO,ES,Federal Contract Tower,0,13,65,0,78,0,0,149,98,247,0,13,214,98,325,288,0,288,613
01/17/2018,CRG,FL,ASO,ES,Federal Contract Tower,0,12,72,0,84,0,0,93,53,146,0,12,165,53,230,211,5,216,446
01/18/2018,CRG,FL,ASO,ES,Federal Contract Tower,0,4,59,0,63,0,0,137,80,217,0,4,196,80,280,237,0,237,517
01/19/2018,CRG,FL,ASO,ES,Federal Contract Tower,0,2,77,2,81,0,1,138,18,157,0,3,215,20,238,246,0,246,484
01/20/2018,CRG,FL,ASO,ES,Federal Contract Tower,0,4,57,0,61,0,2,136,8,146,0,6,193,8,207,241,0,241,448
01/21/2018,CRG,FL,ASO,ES,Federal Contract Tower,0,11,39,3,53,0,1,97,2,100,0,12,136,5,153,117,0,117,270
01/22/2018,CRG,FL,ASO,ES,Federal Contract Tower,0,1,63,0,64,0,0,116,32,148,0,1,179,32,212,197,0,197,409
01/23/2018,CRG,FL,ASO,ES,Federal Contract Tower,0,4,56,0,60,0,0,40,40,80,0,4,96,40,140,169,0,169,309
01/24/2018,CRG,FL,ASO,ES,Federal Contract Tower,0,3,75,0,78,0,0,132,66,198,0,3,207,66,276,364,0,364,640
01/25/2018,CRG,FL,ASO,ES,Federal Contract Tower,0,2,96,0,98,0,0,103,105,208,0,2,199,105,306,194,2,196,502
01/26/2018,CRG,FL,ASO,ES,Federal Contract Tower,0,3,47,2,52,0,0,145,24,169,0,3,192,26,221,148,0,148,369
01/27/2018,CRG,FL,ASO,ES,Federal Contract Tower,0,8,50,0,58,0,0,108,4,112,0,8,158,4,170,228,0,228,398
01/28/2018,CRG,FL,ASO,ES,Federal Contract Tower,0,1,33,0,34,0,0,33,0,33,0,1,66,0,67,60,0,60,127
01/29/2018,CRG,FL,ASO,ES,Federal Contract Tower,0,1,50,0,51,0,0,22,64,86,0,1,72,64,137,142,0,142,279
01/30/2018,CRG,FL,ASO,ES,Federal Contract Tower,0,9,70,0,79,0,2,96,74,172,0,11,166,74,251,302,0,302,553
01/31/2018,CRG,FL,ASO,ES,Federal Contract Tower,0,9,70,0,79,0,0,119,66,185,0,9,189,66,264,262,0,262,526
02/02/2018,CRG,FL,ASO,ES,Federal Contract Tower,0,8,60,2,70,0,0,120,22,142,0,8,180,24,212,297,0,297,509
02/03/2018,CRG,FL,ASO,ES,Federal Contract Tower,0,8,37,0,45,0,2,105,2,109,0,10,142,2,154,132,0,132,286
02/04/2018,CRG,FL,ASO,ES,Federal Contract Tower,0,5,16,0,21,0,0,25,2,27,0,5,41,2,48,52,0,52,100
02/05/2018,CRG,FL,ASO,ES,Federal Contract Tower,0,7,65,0,72,0,0,117,60,177,0,7,182,60,249,198,0,198,447
02/06/2018,CRG,FL,ASO,ES,Federal Contract Tower,0,4,67,0,71,0,1,138,122,261,0,5,205,122,332,282,7,289,621
02/07/2018,CRG,FL,ASO,ES,Federal Contract Tower,0,5,79,0,84,0,0,133,42,175,0,5,212,42,259,385,0,385,644
02/08/2018,CRG,FL,ASO,ES,Federal Contract Tower,0,6,68,4,78,0,0,36,56,92,0,6,104,60,170,60,0,60,230
02/09/2018,CRG,FL,ASO,ES,Federal Contract Tower,0,0,69,0,69,0,0,21,8,29,0,0,90,8,98,78,0,78,176
02/10/2018,CRG,FL,ASO,ES,Federal Contract Tower,0,5,49,0,54,0,0,92,12,104,0,5,141,12,158,167,0,167,325
02/11/2018,CRG,FL,ASO,ES,Federal Contract Tower,0,7,50,0,57,0,0,71,4,75,0,7,121,4,132,93,0,93,225
02/12/2018,CRG,FL,ASO,ES,Federal Contract Tower,0,5,57,0,62,0,0,45,46,91,0,5,102,46,153,151,0,151,304
02/13/2018,CRG,FL,ASO,ES,Federal Contract Tower,0,1,28,0,29,0,0,0,8,8,0,1,28,8,37,0,0,0,37
02/14/2018,CRG,FL,ASO,ES,Federal Contract Tower,0,7,37,2,46,0,0,43,18,61,0,7,80,20,107,40,0,40,147
02/15/2018,CRG,FL,ASO,ES,Federal Contract Tower,0,11,82,0,93,0,0,198,52,250,0,11,280,52,343,340,0,340,683
02/16/2018,CRG,FL,ASO,ES,Federal Contract Tower,0,7,85,0,92,0,0,125,14,139,0,7,210,14,231,209,0,209,440
02/17/2018,CRG,FL,ASO,ES,Federal Contract Tower,0,0,52,0,52,0,0,121,10,131,0,0,173,10,183,188,0,188,371
02/18/2018,CRG,FL,ASO,ES,Federal Contract Tower,0,6,36,0,42,0,0,89,2,91,0,6,125,2,133,139,0,139,272
02/19/2018,CRG,FL,ASO,ES,Federal Contract Tower,0,2,64,0,66,0,0,96,2,98,0,2,160,2,164,205,0,205,369
02/20/2018,CRG,FL,ASO,ES,Federal Contract Tower,0,7,90,0,97,0,0,117,50,167,0,7,207,50,264,166,0,166,430
02/21/2018,CRG,FL,ASO,ES,Federal Contract Tower,0,3,93,0,96,0,0,150,51,201,0,3,243,51,297,252,0,252,549
02/22/2018,CRG,FL,ASO,ES,Federal Contract Tower,0,8,79,0,87,0,0,133,98,231,0,8,212,98,318,259,0,259,577
02/23/2018,CRG,FL,ASO,ES,Federal Contract Tower,0,16,74,0,90,0,2,138,2,142,0,18,212,2,232,332,0,332,564
02/24/2018,CRG,FL,ASO,ES,Federal Contract Tower,0,6,69,1,76,0,0,124,4,128,0,6,193,5,204,243,0,243,447
02/25/2018,CRG,FL,ASO,ES,Federal Contract Tower,0,18,57,0,75,0,0,79,11,90,0,18,136,11,165,94,0,94,259
02/26/2018,CRG,FL,ASO,ES,Federal Contract Tower,0,0,53,2,55,0,2,93,38,133,0,2,146,40,188,139,0,139,327
02/27/2018,CRG,FL,ASO,ES,Federal Contract Tower,0,7,74,0,81,0,0,71,78,149,0,7,145,78,230,206,0,206,436
02/28/2018,CRG,FL,ASO,ES,Federal Contract Tower,0,1,73,0,74,0,0,201,44,245,0,1,274,44,319,412,1,413,732
03/01/2018,CRG,FL,ASO,ES,Federal Contract Tower,0,3,77,0,80,0,0,132,70,202,0,3,209,70,282,154,0,154,436
03/02/2018,CRG,FL,ASO,ES,Federal Contract Tower,0,7,108,0,115,0,2,138,48,188,0,9,246,48,303,222,0,222,525
03/03/2018,CRG,FL,ASO,ES,Federal Contract Tower,0,8,56,0,64,0,1,124,4,129,0,9,180,4,193,168,0,168,361
03/04/2018,CRG,FL,ASO,ES,Federal Contract Tower,0,8,65,0,73,0,0,100,10,110,0,8,165,10,183,114,0,114,297
03/05/2018,CRG,FL,ASO,ES,Federal Contract Tower,0,7,79,0,86,0,0,144,46,190,0,7,223,46,276,384,10,394,670
03/06/2018,CRG,FL,ASO,ES,Federal Contract Tower,0,4,72,0,76,0,0,129,62,191,0,4,201,62,267,439,4,443,710
03/07/2018,CRG,FL,ASO,ES,Federal Contract Tower,0,5,68,0,73,0,0,118,30,148,0,5,186,30,221,193,0,193,414
03/08/2018,CRG,FL,ASO,ES,Federal Contract Tower,0,4,39,2,45,0,0,110,64,174,0,4,149,66,219,208,0,208,427
03/09/2018,CRG,FL,ASO,ES,Federal Contract Tower,0,10,76,0,86,0,0,187,32,219,0,10,263,32,305,280,0,280,585
03/10/2018,CRG,FL,ASO,ES,Federal Contract Tower,0,2,63,0,65,0,2,151,14,167,0,4,214,14,232,182,0,182,414
03/11/2018,CRG,FL,ASO,ES,Federal Contract Tower,0,5,38,0,43,0,1,93,4,98,0,6,131,4,141,112,0,112,253
03/12/2018,CRG,FL,ASO,ES,Federal Contract Tower,0,11,32,0,43,0,0,35,58,93,0,11,67,58,136,45,24,69,205
03/13/2018,CRG,FL,ASO,ES,Federal Contract Tower,0,1,86,0,87,0,0,141,56,197,0,1,227,56,284,390,0,390,674
03/14/2018,CRG,FL,ASO,ES,Federal Contract Tower,0,9,82,0,91,0,0,153,30,183,0,9,235,30,274,196,2,198,472
03/15/2018,CRG,FL,ASO,ES,Federal Contract Tower,0,14,72,0,86,0,3,165,46,214,0,17,237,46,300,314,0,314,614
03/16/2018,CRG,FL,ASO,ES,Federal Contract Tower,0,8,73,0,81,0,0,215,10,225,0,8,288,10,306,241,0,241,547
03/17/2018,CRG,FL,ASO,ES,Federal Contract Tower,0,7,60,0,67,0,0,135,0,135,0,7,195,0,202,247,0,247,449
03/18/2018,CRG,FL,ASO,ES,Federal Contract Tower,0,6,62,0,68,0,8,54,0,62,0,14,116,0,130,66,0,66,196
03/19/2018,CRG,FL,ASO,ES,Federal Contract Tower,0,9,39,0,48,0,0,31,18,49,0,9,70,18,97,173,0,173,270
03/20/2018,CRG,FL,ASO,ES,Federal Contract Tower,0,8,23,0,31,0,0,13,27,40,0,8,36,27,71,50,0,50,121
03/21/2018,CRG,FL,ASO,ES,Federal Contract Tower,0,10,28,2,40,0,2,120,62,184,0,12,148,64,224,55,0,55,279
03/22/2018,CRG,FL,ASO,ES,Federal Contract Tower,0,5,96,1,102,0,2,183,52,237,0,7,279,53,339,407,2,409,748
03/23/2018,CRG,FL,ASO,ES,Federal Contract Tower,0,9,81,0,90,0,2,166,66,234,0,11,247,66,324,325,0,325,649
03/24/2018,CRG,FL,ASO,ES,Federal Contract Tower,0,4,64,0,68,0,0,131,1,132,0,4,195,1,200,233,0,233,433
03/25/2018,CRG,FL,ASO,ES,Federal Contract Tower,0,6,44,0,50,0,0,54,0,54,0,6,98,0,104,78,0,78,182
03/26/2018,CRG,FL,ASO,ES,Federal Contract Tower,0,11,41,1,53,0,0,0,7,7,0,11,41,8,60,0,0,0,60
03/27/2018,CRG,FL,ASO,ES,Federal Contract Tower,0,18,80,0,98,0,0,116,75,191,0,18,196,75,289,400,0,400,689
03/28/2018,CRG,FL,ASO,ES,Federal Contract Tower,0,8,89,0,97,0,0,178,78,256,0,8,267,78,353,287,0,287,640
03/29/2018,CRG,FL,ASO,ES,Federal Contract Tower,0,10,86,0,96,0,0,117,28,145,0,10,203,28,241,285,0,285,526
03/30/2018,CRG,FL,ASO,ES,Federal Contract Tower,0,13,59,2,74,0,0,35,2,37,0,13,94,4,111,125,0,125,236
03/31/2018,CRG,FL,ASO,ES,Federal Contract Tower,0,11,72,0,83,0,0,97,2,99,0,11,169,2,182,166,0,166,348
04/01/2018,CRG,FL,ASO,ES,Federal Contract Tower,0,14,45,0,59,0,0,35,0,35,0,14,80,0,94,56,0,56,150
04/02/2018,CRG,FL,ASO,ES,Federal Contract Tower,0,17,76,0,93,0,0,118,10,128,0,17,194,10,221,287,0,287,508
04/03/2018,CRG,FL,ASO,ES,Federal Contract Tower,0,7,81,0,88,0,0,145,48,193,0,7,226,48,281,374,0,374,655
04/04/2018,CRG,FL,ASO,ES,Federal Contract Tower,0,8,80,6,94,0,0,95,36,131,0,8,175,42,225,212,14,226,451
04/05/2018,CRG,FL,ASO,ES,Federal Contract Tower,0,11,88,0,99,0,0,179,45,224,0,11,267,45,323,332,1,333,656
04/06/2018,CRG,FL,ASO,ES,Federal Contract Tower,0,4,78,0,82,0,0,169,8,177,0,4,247,8,259,378,0,378,637
04/07/2018,CRG,FL,ASO,ES,Federal Contract Tower,0,2,33,1,36,0,0,100,9,109,0,2,133,10,145,176,0,176,321
04/08/2018,CRG,FL,ASO,ES,Federal Contract Tower,2,3,77,0,82,0,0,59,6,65,2,3,136,6,147,102,0,102,249
04/09/2018,CRG,FL,ASO,ES,Federal Contract Tower,0,9,57,2,68,0,0,11,6,17,0,9,68,8,85,43,0,43,128
04/10/2018,CRG,FL,ASO,ES,Federal Contract Tower,0,3,23,0,26,0,0,0,2,2,0,3,23,2,28,0,0,0,28
04/11/2018,CRG,FL,ASO,ES,Federal Contract Tower,0,7,86,0,93,0,0,135,66,201,0,7,221,66,294,361,0,361,655
04/12/2018,CRG,FL,ASO,ES,Federal Contract Tower,0,3,102,0,105,0,0,200,66,266,0,3,302,66,371,382,0,382,753
04/13/2018,CRG,FL,ASO,ES,Federal Contract Tower,0,4,100,1,105,0,0,199,34,233,0,4,299,35,338,327,0,327,665
04/14/2018,CRG,FL,ASO,ES,Federal Contract Tower,0,6,50,0,56,0,0,112,8,120,0,6,162,8,176,305,0,305,481
04/15/2018,CRG,FL,ASO,ES,Federal Contract Tower,0,5,19,0,24,0,1,21,0,22,0,6,40,0,46,72,0,72,118
04/16/2018,CRG,FL,ASO,ES,Federal Contract Tower,0,7,71,2,80,0,0,110,40,150,0,7,181,42,230,71,0,71,301
04/17/2018,CRG,FL,ASO,ES,Federal Contract Tower,0,4,90,0,94,0,0,156,20,176,0,4,246,20,270,271,0,271,541
04/18/2018,CRG,FL,ASO,ES,Federal Contract Tower,0,11,105,0,116,0,0,188,26,214,0,11,293,26,330,349,0,349,679
04/19/2018,CRG,FL,ASO,ES,Federal Contract Tower,0,12,78,0,90,0,2,103,44,149,0,14,181,44,239,307,0,307,546
04/20/2018,CRG,FL,ASO,ES,Federal Contract Tower,0,8,70,0,78,0,0,65,2,67,0,8,135,2,145,125,0,125,270
04/21/2018,CRG,FL,ASO,ES,Federal Contract Tower,0,4,48,0,52,0,2,30,0,32,0,6,78,0,84,35,0,35,119
04/22/2018,CRG,FL,ASO,ES,Federal Contract Tower,0,7,42,0,49,0,1,51,10,62,0,8,93,10,111,102,0,102,213
04/23/2018,CRG,FL,ASO,ES,Federal Contract Tower,0,1,46,0,47,0,0,24,22,46,0,1,70,22,93,102,0,102,195
04/24/2018,CRG,FL,ASO,ES,Federal Contract Tower,0,19,97,0,116,0,4,133,20,157,0,23,230,20,273,430,0,430,703
04/25/2018,CRG,FL,ASO,ES,Federal Contract Tower,0,3,98,0,101,0,3,154,16,173,0,6,252,16,274,442,0,442,716
04/26/2018,CRG,FL,ASO,ES,Federal Contract Tower,0,9,94,0,103,0,1,172,41,214,0,10,266,41,317,421,0,421,738
04/27/2018,CRG,FL,ASO,ES,Federal Contract Tower,0,9,66,1,76,0,1,136,1,138,0,10,202,2,214,356,0,356,570
04/28/2018,CRG,FL,ASO,ES,Federal Contract Tower,0,3,49,0,52,0,0,167,4,171,0,3,216,4,223,206,0,206,429
04/29/2018,CRG,FL,ASO,ES,Federal Contract Tower,0,12,64,1,77,0,0,130,4,134,0,12,194,5,211,210,0,210,421
04/30/2018,CRG,FL,ASO,ES,Federal Contract Tower,0,3,111,0,114,0,0,113,88,201,0,3,224,88,315,475,0,475,790
05/01/2018,CRG,FL,ASO,ES,Federal Contract Tower,0,5,71,2,78,0,0,149,48,197,0,5,220,50,275,472,0,472,747
05/02/2018,CRG,FL,ASO,ES,Federal Contract Tower,0,10,91,0,101,0,2,172,63,237,0,12,263,63,338,374,0,374,712
05/03/2018,CRG,FL,ASO,ES,Federal Contract Tower,0,5,92,0,97,0,0,147,72,219,0,5,239,72,316,462,0,462,778
05/04/2018,CRG,FL,ASO,ES,Federal Contract Tower,0,5,80,0,85,0,0,159,32,191,0,5,239,32,276,271,0,271,547
05/05/2018,CRG,FL,ASO,ES,Federal Contract Tower,0,17,44,0,61,0,0,106,25,131,0,17,150,25,192,110,0,110,302
05/06/2018,CRG,FL,ASO,ES,Federal Contract Tower,0,7,45,0,52,0,0,97,13,110,0,7,142,13,162,176,0,176,338
05/07/2018,CRG,FL,ASO,ES,Federal Contract Tower,0,12,83,0,95,0,0,153,42,195,0,12,236,42,290,262,0,262,552
05/08/2018,CRG,FL,ASO,ES,Federal Contract Tower,0,19,72,0,91,0,0,135,98,233,0,19,207,98,324,287,0,287,611
05/09/2018,CRG,FL,ASO,ES,Federal Contract Tower,0,10,84,0,94,0,0,185,44,229,0,10,269,44,323,307,0,307,630
05/10/2018,CRG,FL,ASO,ES,Federal Contract Tower,0,11,81,0,92,0,0,164,66,230,0,11,245,66,322,353,0,353,675
05/11/2018,CRG,FL,ASO,ES,Federal Contract Tower,0,13,96,0,109,0,0,167,10,177,0,13,263,10,286,229,0,229,515
05/12/2018,CRG,FL,ASO,ES,Federal Contract Tower,0,2,61,0,63,0,0,146,0,146,0,2,207,0,209,207,0,207,416
05/13/2018,CRG,FL,ASO,ES,Federal Contract Tower,0,17,71,0,88,0,0,75,2,77,0,17,146,2,165,131,0,131,296
05/14/2018,CRG,FL,ASO,ES,Federal Contract Tower,0,7,34,0,41,0,0,21,0,21,0,7,55,0,62,93,0,93,155
05/15/2018,CRG,FL,ASO,ES,Federal Contract Tower,0,3,37,0,40,0,2,43,8,53,0,5,80,8,93,157,0,157,250
05/16/2018,CRG,FL,ASO,ES,Federal Contract Tower,0,2,42,0,44,0,0,124,6,130,0,2,166,6,174,191,0,191,365
05/17/2018,CRG,FL,ASO,ES,Federal Contract Tower,0,8,48,0,56,0,0,55,22,77,0,8,103,22,133,208,0,208,341
05/18/2018,CRG,FL,ASO,ES,Federal Contract Tower,0,1,74,0,75,0,0,102,8,110,0,1,176,8,185,237,2,239,424
05/19/2018,CRG,FL,ASO,ES,Federal Contract Tower,0,2,47,0,49,0,0,37,0,37,0,2,84,0,86,256,0,256,342
05/20/2018,CRG,FL,ASO,ES,Federal Contract Tower,0,4,31,0,35,0,0,27,0,27,0,4,58,0,62,152,0,152,214
05/21/2018,CRG,FL,ASO,ES,Federal Contract Tower,0,3,50,0,53,0,0,59,26,85,0,3,109,26,138,186,0,186,324
05/22/2018,CRG,FL,ASO,ES,Federal Contract Tower,0,6,66,0,72,0,0,86,76,162,0,6,152,76,234,175,0,175,409
05/23/2018,CRG,FL,ASO,ES,Federal Contract Tower,0,20,89,0,109,0,0,203,30,233,0,20,292,30,342,342,0,342,684
05/24/2018,CRG,FL,ASO,ES,Federal Contract Tower,0,7,79,0,86,0,0,164,62,226,0,7,243,62,312,338,0,338,650
05/25/2018,CRG,FL,ASO,ES,Federal Contract Tower,0,10,87,0,97,0,4,152,12,168,0,14,239,12,265,245,0,245,510
05/26/2018,CRG,FL,ASO,ES,Federal Contract Tower,0,5,45,0,50,0,0,105,0,105,0,5,150,0,155,138,0,138,293
05/27/2018,CRG,FL,ASO,ES,Federal Contract Tower,0,3,8,0,11,0,0,4,0,4,0,3,12,0,15,52,0,52,67
05/28/2018,CRG,FL,ASO,ES,Federal Contract Tower,0,3,38,0,41,0,0,65,8,73,0,3,103,8,114,223,0,223,337
05/29/2018,CRG,FL,ASO,ES,Federal Contract Tower,0,10,54,0,64,0,0,97,16,113,0,10,151,16,177,162,0,162,339
05/30/2018,CRG,FL,ASO,ES,Federal Contract Tower,0,6,59,0,65,0,0,47,4,51,0,6,106,4,116,153,0,153,269
05/31/2018,CRG,FL,ASO,ES,Federal Contract Tower,0,4,73,0,77,0,0,90,14,104,0,4,163,14,181,157,0,157,338
06/01/2018,CRG,FL,ASO,ES,Federal Contract Tower,0,7,59,0,66,0,3,104,24,131,0,10,163,24,197,281,0,281,478
06/02/2018,CRG,FL,ASO,ES,Federal Contract Tower,0,6,44,0,50,0,0,77,2,79,0,6,121,2,129,206,0,206,335
06/03/2018,CRG,FL,ASO,ES,Federal Contract Tower,2,4,57,0,63,0,0,94,4,98,2,4,151,4,161,207,0,207,368
06/04/2018,CRG,FL,ASO,ES,Federal Contract Tower,0,6,61,0,67,0,0,130,24,154,0,6,191,24,221,319,0,319,540
06/05/2018,CRG,FL,ASO,ES,Federal Contract Tower,0,1,105,0,106,0,0,224,433,657,0,1,329,433,763,317,0,317,1080
06/06/2018,CRG,FL,ASO,ES,Federal Contract Tower,0,6,96,0,102,0,0,127,28,155,0,6,223,28,257,419,0,419,676
06/07/2018,CRG,FL,ASO,ES,Federal Contract Tower,0,5,83,1,89,0,0,162,36,198,0,5,245,37,287,364,0,364,651
06/08/2018,CRG,FL,ASO,ES,Federal Contract Tower,0,1,77,0,78,0,2,129,2,133,0,3,206,2,211,179,0,179,390
06/09/2018,CRG,FL,ASO,ES,Federal Contract Tower,0,3,63,0,66,0,4,95,2,101,0,7,158,2,167,152,0,152,319
06/10/2018,CRG,FL,ASO,ES,Federal Contract Tower,0,3,71,0,74,0,12,74,0,86,0,15,145,0,160,125,0,125,285
06/11/2018,CRG,FL,ASO,ES,Federal Contract Tower,0,3,69,0,72,0,0,101,16,117,0,3,170,16,189,198,7,205,394
06/12/2018,CRG,FL,ASO,ES,Federal Contract Tower,0,6,83,0,89,0,0,126,40,166,0,6,209,40,255,262,0,262,517
06/13/2018,CRG,FL,ASO,ES,Federal Contract Tower,0,1,91,0,92,0,2,147,45,194,0,3,238,45,286,279,17,296,582
06/14/2018,CRG,FL,ASO,ES,Federal Contract Tower,0,9,80,0,89,0,0,161,35,196,0,9,241,35,285,279,0,279,564
06/15/2018,CRG,FL,ASO,ES,Federal Contract Tower,0,12,63,0,75,0,2,122,19,143,0,14,185,19,218,208,0,208,426
06/16/2018,CRG,FL,ASO,ES,Federal Contract Tower,0,1,44,0,45,0,0,96,0,96,0,1,140,0,141,116,0,116,257
06/17/2018,CRG,FL,ASO,ES,Federal Contract Tower,0,2,33,0,35,0,0,82,0,82,0,2,115,0,117,127,0,127,244
06/18/2018,CRG,FL,ASO,ES,Federal Contract Tower,0,3,52,0,55,0,0,165,16,181,0,3,217,16,236,321,14,335,571
06/19/2018,CRG,FL,ASO,ES,Federal Contract Tower,0,2,74,0,76,0,0,140,20,160,0,2,214,20,236,207,0,207,443
06/20/2018,CRG,FL,ASO,ES,Federal Contract Tower,0,1,94,0,95,0,0,145,12,157,0,1,239,12,252,226,0,226,478
06/21/2018,CRG,FL,ASO,ES,Federal Contract Tower,0,6,74,4,84,0,0,100,49,149,0,6,174,53,233,298,0,298,531
06/22/2018,CRG,FL,ASO,ES,Federal Contract Tower,2,3,80,0,85,0,0,128,42,170,2,3,208,42,255,275,2,277,532
06/23/2018,CRG,FL,ASO,ES,Federal Contract Tower,0,5,74,0,79,0,0,119,2,121,0,5,193,2,200,213,0,213,413
06/24/2018,CRG,FL,ASO,ES,Federal Contract Tower,0,7,52,0,59,0,0,103,8,111,0,7,155,8,170,186,0,186,356
06/25/2018,CRG,FL,ASO,ES,Federal Contract Tower,0,6,85,0,91,0,0,146,29,175,0,6,231,29,266,270,0,270,536
06/26/2018,CRG,FL,ASO,ES,Federal Contract Tower,0,3,56,0,59,0,0,130,18,148,0,3,186,18,207,185,0,185,392
06/27/2018,CRG,FL,ASO,ES,Federal Contract Tower,0,6,68,0,74,0,0,131,43,174,0,6,199,43,248,320,0,320,568
06/28/2018,CRG,FL,ASO,ES,Federal Contract Tower,0,1,59,0,60,0,2,91,12,105,0,3,150,12,165,228,0,228,393
06/29/2018,CRG,FL,ASO,ES,Federal Contract Tower,0,1,64,0,65,0,2,112,20,134,0,3,176,20,199,220,0,220,419
06/30/2018,CRG,FL,ASO,ES,Federal Contract Tower,0,0,66,0,66,0,0,95,2,97,0,0,161,2,163,207,2,209,372
07/01/2018,CRG,FL,ASO,ES,Federal Contract Tower,0,0,50,0,50,0,2,102,4,108,0,2,152,4,158,183,0,183,341
07/02/2018,CRG,FL,ASO,ES,Federal Contract Tower,0,1,70,0,71,0,0,174,10,184,0,1,244,10,255,224,0,224,479
07/03/2018,CRG,FL,ASO,ES,Federal Contract Tower,0,6,60,0,66,0,0,99,56,155,0,6,159,56,221,241,0,241,462
07/04/2018,CRG,FL,ASO,ES,Federal Contract Tower,0,2,15,0,17,0,0,66,0,66,0,2,81,0,83,99,0,99,182
07/05/2018,CRG,FL,ASO,ES,Federal Contract Tower,0,1,63,0,64,0,0,78,54,132,0,1,141,54,196,255,0,255,451
07/06/2018,CRG,FL,ASO,ES,Federal Contract Tower,0,3,75,0,78,0,0,153,0,153,0,3,228,0,231,241,0,241,472
07/07/2018,CRG,FL,ASO,ES,Federal Contract Tower,0,5,51,0,56,0,0,115,0,115,0,5,166,0,171,227,0,227,398
07/08/2018,CRG,FL,ASO,ES,Federal Contract Tower,0,3,58,0,61,0,0,89,0,89,0,3,147,0,150,150,0,150,300
07/09/2018,CRG,FL,ASO,ES,Federal Contract Tower,0,1,60,0,61,0,0,164,32,196,0,1,224,32,257,280,0,280,537
07/10/2018,CRG,FL,ASO,ES,Federal Contract Tower,0,8,74,0,82,0,0,103,48,151,0,8,177,48,233,295,0,295,528
07/11/2018,CRG,FL,ASO,ES,Federal Contract Tower,0,5,89,0,94,0,0,144,42,186,0,5,233,42,280,271,0,271,551
07/12/2018,CRG,FL,ASO,ES,Federal Contract Tower,0,3,105,0,108,0,2,155,36,193,0,5,260,36,301,252,0,252,553
07/13/2018,CRG,FL,ASO,ES,Federal Contract Tower,0,2,83,0,85,0,3,146,18,167,0,5,229,18,252,345,0,345,597
07/14/2018,CRG,FL,ASO,ES,Federal Contract Tower,0,1,57,0,58,0,0,91,0,91,0,1,148,0,149,197,0,197,346
07/15/2018,CRG,FL,ASO,ES,Federal Contract Tower,0,5,47,0,52,0,0,49,0,49,0,5,96,0,101,86,0,86,187
07/16/2018,CRG,FL,ASO,ES,Federal Contract Tower,0,3,54,0,57,0,0,126,18,144,0,3,180,18,201,192,0,192,393
07/17/2018,CRG,FL,ASO,ES,Federal Contract Tower,0,1,82,0,83,0,2,86,26,114,0,3,168,26,197,128,0,128,325
07/18/2018,CRG,FL,ASO,ES,Federal Contract Tower,0,2,89,0,91,0,0,98,22,120,0,2,187,22,211,216,0,216,427
07/19/2018,CRG,FL,ASO,ES,Federal Contract Tower,0,0,71,0,71,0,0,62,22,84,0,0,133,22,155,226,0,226,381
07/20/2018,CRG,FL,ASO,ES,Federal Contract Tower,0,5,49,0,54,0,0,41,22,63,0,5,90,22,117,114,0,114,231
07/21/2018,CRG,FL,ASO,ES,Federal Contract Tower,0,3,64,0,67,0,0,107,0,107,0,3,171,0,174,221,0,221,395
07/22/2018,CRG,FL,ASO,ES,Federal Contract Tower,0,4,38,0,42,0,0,53,0,53,0,4,91,0,95,58,0,58,153
07/23/2018,CRG,FL,ASO,ES,Federal Contract Tower,0,3,96,0,99,0,0,116,39,155,0,3,212,39,254,260,0,260,514
07/24/2018,CRG,FL,ASO,ES,Federal Contract Tower,0,4,64,2,70,0,0,117,12,129,0,4,181,14,199,349,2,351,550
07/25/2018,CRG,FL,ASO,ES,Federal Contract Tower,0,2,70,0,72,0,0,140,14,154,0,2,210,14,226,294,0,294,520
07/27/2018,CRG,FL,ASO,ES,Federal Contract Tower,0,2,84,0,86,0,0,124,4,128,0,2,208,4,214,140,0,140,354
07/28/2018,CRG,FL,ASO,ES,Federal Contract Tower,0,1,61,0,62,0,0,172,4,176,0,1,233,4,238,197,0,197,435
07/29/2018,CRG,FL,ASO,ES,Federal Contract Tower,0,8,57,0,65,0,0,114,13,127,0,8,171,13,192,98,0,98,290
07/30/2018,CRG,FL,ASO,ES,Federal Contract Tower,2,3,77,0,82,0,2,98,21,121,2,5,175,21,203,159,0,159,362
07/31/2018,CRG,FL,ASO,ES,Federal Contract Tower,0,9,71,0,80,0,0,79,30,109,0,9,150,30,189,192,0,192,381
08/01/2018,CRG,FL,ASO,ES,Federal Contract Tower,0,3,67,0,70,0,0,121,33,154,0,3,188,33,224,285,4,289,513
08/02/2018,CRG,FL,ASO,ES,Federal Contract Tower,0,4,59,0,63,0,0,106,28,134,0,4,165,28,197,221,0,221,418
08/03/2018,CRG,FL,ASO,ES,Federal Contract Tower,0,5,70,0,75,0,0,121,21,142,0,5,191,21,217,276,0,276,493
08/04/2018,CRG,FL,ASO,ES,Federal Contract Tower,0,9,48,0,57,0,0,164,18,182,0,9,212,18,239,153,0,153,392
08/05/2018,CRG,FL,ASO,ES,Federal Contract Tower,0,8,78,0,86,0,0,117,0,117,0,8,195,0,203,148,0,148,351
08/06/2018,CRG,FL,ASO,ES,Federal Contract Tower,0,8,93,2,103,0,0,152,22,174,0,8,245,24,277,245,0,245,522
08/07/2018,CRG,FL,ASO,ES,Federal Contract Tower,0,10,64,2,76,0,2,163,71,236,0,12,227,73,312,230,5,235,547
08/08/2018,CRG,FL,ASO,ES,Federal Contract Tower,0,6,81,1,88,0,0,150,52,202,0,6,231,53,290,317,0,317,607
08/09/2018,CRG,FL,ASO,ES,Federal Contract Tower,0,2,64,2,68,0,0,170,26,196,0,2,234,28,264,219,0,219,483
08/10/2018,CRG,FL,ASO,ES,Federal Contract Tower,0,6,89,1,96,0,0,215,10,225,0,6,304,11,321,276,0,276,597
08/11/2018,CRG,FL,ASO,ES,Federal Contract Tower,0,0,50,0,50,0,0,94,0,94,0,0,144,0,144,153,0,153,297
08/12/2018,CRG,FL,ASO,ES,Federal Contract Tower,0,5,58,0,63,0,2,67,0,69,0,7,125,0,132,72,0,72,204
08/13/2018,CRG,FL,ASO,ES,Federal Contract Tower,0,5,53,0,58,0,4,92,24,120,0,9,145,24,178,167,0,167,345
08/14/2018,CRG,FL,ASO,ES,Federal Contract Tower,0,5,76,0,81,0,2,91,38,131,0,7,167,38,212,127,0,127,339
08/15/2018,CRG,FL,ASO,ES,Federal Contract Tower,0,4,78,0,82,0,0,132,20,152,0,4,210,20,234,240,0,240,474
08/16/2018,CRG,FL,ASO,ES,Federal Contract Tower,0,9,78,0,87,0,0,192,34,226,0,9,270,34,313,287,0,287,600
08/17/2018,CRG,FL,ASO,ES,Federal Contract Tower,0,2,68,0,70,0,6,150,2,158,0,8,218,2,228,275,0,275,503
08/18/2018,CRG,FL,ASO,ES,Federal Contract Tower,0,0,44,0,44,0,0,127,0,127,0,0,171,0,171,260,0,260,431
08/19/2018,CRG,FL,ASO,ES,Federal Contract Tower,0,1,47,0,48,0,0,127,0,127,0,1,174,0,175,176,0,176,351
08/20/2018,CRG,FL,ASO,ES,Federal Contract Tower,0,3,45,0,48,0,0,124,10,134,0,3,169,10,182,193,0,193,375
08/21/2018,CRG,FL,ASO,ES,Federal Contract Tower,0,1,61,2,64,0,0,114,20,134,0,1,175,22,198,255,0,255,453
08/22/2018,CRG,FL,ASO,ES,Federal Contract Tower,0,2,71,0,73,0,0,135,28,163,0,2,206,28,236,302,0,302,538
08/23/2018,CRG,FL,ASO,ES,Federal Contract Tower,0,2,86,0,88,0,0,172,66,238,0,2,258,66,326,278,0,278,604
08/24/2018,CRG,FL,ASO,ES,Federal Contract Tower,0,4,74,0,78,0,0,114,40,154,0,4,188,40,232,297,0,297,529
08/25/2018,CRG,FL,ASO,ES,Federal Contract Tower,0,2,49,0,51,0,6,98,0,104,0,8,147,0,155,154,0,154,309
08/26/2018,CRG,FL,ASO,ES,Federal Contract Tower,0,2,54,0,56,0,2,102,0,104,0,4,156,0,160,157,0,157,317
08/27/2018,CRG,FL,ASO,ES,Federal Contract Tower,0,4,75,0,79,0,0,120,58,178,0,4,195,58,257,200,0,200,457
08/28/2018,CRG,FL,ASO,ES,Federal Contract Tower,0,1,70,0,71,0,0,105,62,167,0,1,175,62,238,196,0,196,434
08/29/2018,CRG,FL,ASO,ES,Federal Contract Tower,0,4,79,0,83,0,0,163,60,223,0,4,242,60,306,278,0,278,584
08/30/2018,CRG,FL,ASO,ES,Federal Contract Tower,0,7,91,0,98,0,0,166,60,226,0,7,257,60,324,325,0,325,649
08/31/2018,CRG,FL,ASO,ES,Federal Contract Tower,0,0,92,0,92,0,2,155,6,163,0,2,247,6,255,234,0,234,489
09/01/2018,CRG,FL,ASO,ES,Federal Contract Tower,0,3,37,0,40,0,0,109,2,111,0,3,146,2,151,202,0,202,353
09/02/2018,CRG,FL,ASO,ES,Federal Contract Tower,0,3,28,0,31,0,0,49,4,53,0,3,77,4,84,96,0,96,180
09/03/2018,CRG,FL,ASO,ES,Federal Contract Tower,0,5,48,0,53,0,0,69,0,69,0,5,117,0,122,140,0,140,262
09/04/2018,CRG,FL,ASO,ES,Federal Contract Tower,0,2,56,0,58,0,0,83,85,168,0,2,139,85,226,164,2,166,392
09/05/2018,CRG,FL,ASO,ES,Federal Contract Tower,0,3,88,0,91,0,0,150,75,225,0,3,238,75,316,212,0,212,528
09/06/2018,CRG,FL,ASO,ES,Federal Contract Tower,0,4,79,0,83,0,0,85,62,147,0,4,164,62,230,248,0,248,478
09/07/2018,CRG,FL,ASO,ES,Federal Contract Tower,0,3,77,2,82,0,0,137,30,167,0,3,214,32,249,284,0,284,533
09/08/2018,CRG,FL,ASO,ES,Federal Contract Tower,0,2,48,0,50,0,4,105,4,113,0,6,153,4,163,179,0,179,342
09/09/2018,CRG,FL,ASO,ES,Federal Contract Tower,0,3,48,0,51,0,0,118,2,120,0,3,166,2,171,301,0,301,472
09/10/2018,CRG,FL,ASO,ES,Federal Contract Tower,0,5,58,0,63,0,0,124,32,156,0,5,182,32,219,261,0,261,480
09/11/2018,CRG,FL,ASO,ES,Federal Contract Tower,0,4,50,2,56,0,0,166,51,217,0,4,216,53,273,281,0,281,554
09/12/2018,CRG,FL,ASO,ES,Federal Contract Tower,0,3,83,0,86,0,2,137,92,231,0,5,220,92,317,242,0,242,559
09/13/2018,CRG,FL,ASO,ES,Federal Contract Tower,0,4,79,1,84,0,0,135,33,168,0,4,214,34,252,198,0,198,450
09/14/2018,CRG,FL,ASO,ES,Federal Contract Tower,0,4,66,0,70,0,2,155,10,167,0,6,221,10,237,160,0,160,397
09/15/2018,CRG,FL,ASO,ES,Federal Contract Tower,0,7,57,0,64,0,0,118,0,118,0,7,175,0,182,144,0,144,326
09/16/2018,CRG,FL,ASO,ES,Federal Contract Tower,4,3,46,0,53,0,0,106,2,108,4,3,152,2,161,118,0,118,279
09/17/2018,CRG,FL,ASO,ES,Federal Contract Tower,0,3,54,1,58,0,0,119,33,152,0,3,173,34,210,213,0,213,423
09/18/2018,CRG,FL,ASO,ES,Federal Contract Tower,0,5,49,0,54,0,0,113,39,152,0,5,162,39,206,202,0,202,408
09/19/2018,CRG,FL,ASO,ES,Federal Contract Tower,0,9,67,0,76,0,0,134,58,192,0,9,201,58,268,101,0,101,369
09/20/2018,CRG,FL,ASO,ES,Federal Contract Tower,0,5,76,0,81,0,0,147,26,173,0,5,223,26,254,245,0,245,499
09/21/2018,CRG,FL,ASO,ES,Federal Contract Tower,0,2,86,0,88,0,0,157,0,157,0,2,243,0,245,223,0,223,468
09/22/2018,CRG,FL,ASO,ES,Federal Contract Tower,0,5,49,0,54,0,0,114,0,114,0,5,163,0,168,155,0,155,323
09/23/2018,CRG,FL,ASO,ES,Federal Contract Tower,0,3,69,0,72,0,0,113,1,114,0,3,182,1,186,108,0,108,294
09/24/2018,CRG,FL,ASO,ES,Federal Contract Tower,0,10,54,0,64,0,0,120,41,161,0,10,174,41,225,185,0,185,410
09/25/2018,CRG,FL,ASO,ES,Federal Contract Tower,0,6,50,0,56,0,0,127,97,224,0,6,177,97,280,153,0,153,433
09/26/2018,CRG,FL,ASO,ES,Federal Contract Tower,0,11,87,0,98,0,0,173,35,208,0,11,260,35,306,280,1,281,587
09/27/2018,CRG,FL,ASO,ES,Federal Contract Tower,0,8,61,0,69,0,0,115,42,157,0,8,176,42,226,132,0,132,358
09/28/2018,CRG,FL,ASO,ES,Federal Contract Tower,0,3,100,0,103,0,4,163,18,185,0,7,263,18,288,187,0,187,475
09/29/2018,CRG,FL,ASO,ES,Federal Contract Tower,0,2,59,0,61,0,0,112,0,112,0,2,171,0,173,117,0,117,290
09/30/2018,CRG,FL,ASO,ES,Federal Contract Tower,0,2,44,0,46,0,0,94,0,94,0,2,138,0,140,108,0,108,248
10/01/2018,CRG,FL,ASO,ES,Federal Contract Tower,0,1,38,0,39,0,0,51,30,81,0,1,89,30,120,165,0,165,285
10/02/2018,CRG,FL,ASO,ES,Federal Contract Tower,0,4,78,0,82,0,0,101,85,186,0,4,179,85,268,296,0,296,564
10/03/2018,CRG,FL,ASO,ES,Federal Contract Tower,0,5,83,0,88,0,0,120,91,211,0,5,203,91,299,263,8,271,570
10/04/2018,CRG,FL,ASO,ES,Federal Contract Tower,0,6,94,0,100,0,0,156,84,240,0,6,250,84,340,260,0,260,600
10/05/2018,CRG,FL,ASO,ES,Federal Contract Tower,0,8,87,0,95,0,0,170,9,179,0,8,257,9,274,283,0,283,557
10/06/2018,CRG,FL,ASO,ES,Federal Contract Tower,0,4,37,0,41,0,0,152,3,155,0,4,189,3,196,190,0,190,386
10/07/2018,CRG,FL,ASO,ES,Federal Contract Tower,0,3,61,0,64,0,0,88,0,88,0,3,149,0,152,120,0,120,272
10/08/2018,CRG,FL,ASO,ES,Federal Contract Tower,0,6,52,0,58,0,0,92,0,92,0,6,144,0,150,171,0,171,321
10/09/2018,CRG,FL,ASO,ES,Federal Contract Tower,0,1,25,0,26,0,0,24,30,54,0,1,49,30,80,34,0,34,114
10/10/2018,CRG,FL,ASO,ES,Federal Contract Tower,0,2,21,0,23,0,0,27,10,37,0,2,48,10,60,170,0,170,230
10/11/2018,CRG,FL,ASO,ES,Federal Contract Tower,0,5,45,0,50,0,0,122,44,166,0,5,167,44,216,204,0,204,420
10/12/2018,CRG,FL,ASO,ES,Federal Contract Tower,0,8,91,0,99,0,0,211,30,241,0,8,302,30,340,198,0,198,538
10/13/2018,CRG,FL,ASO,ES,Federal Contract Tower,0,1,92,0,93,0,0,189,8,197,0,1,281,8,290,230,0,230,520
10/14/2018,CRG,FL,ASO,ES,Federal Contract Tower,0,8,68,2,78,0,0,138,6,144,0,8,206,8,222,209,0,209,431
10/15/2018,CRG,FL,ASO,ES,Federal Contract Tower,0,3,80,2,85,0,0,157,54,211,0,3,237,56,296,337,0,337,633
10/16/2018,CRG,FL,ASO,ES,Federal Contract Tower,0,2,70,2,74,0,0,142,52,194,0,2,212,54,268,225,12,237,505
10/17/2018,CRG,FL,ASO,ES,Federal Contract Tower,0,2,76,1,79,0,0,131,121,252,0,2,207,122,331,315,0,315,646
10/18/2018,CRG,FL,ASO,ES,Federal Contract Tower,0,0,85,0,85,0,0,102,92,194,0,0,187,92,279,236,0,236,515
10/19/2018,CRG,FL,ASO,ES,Federal Contract Tower,0,1,87,0,88,0,0,160,13,173,0,1,247,13,261,209,0,209,470
10/20/2018,CRG,FL,ASO,ES,Federal Contract Tower,0,7,52,0,59,0,2,159,0,161,0,9,211,0,220,189,0,189,409
10/21/2018,CRG,FL,ASO,ES,Federal Contract Tower,0,7,61,0,68,0,1,115,2,118,0,8,176,2,186,102,0,102,288
10/22/2018,CRG,FL,ASO,ES,Federal Contract Tower,0,11,61,0,72,0,2,124,38,164,0,13,185,38,236,283,0,283,519
10/23/2018,CRG,FL,ASO,ES,Federal Contract Tower,0,5,69,1,75,0,2,86,51,139,0,7,155,52,214,463,0,463,677
10/24/2018,CRG,FL,ASO,ES,Federal Contract Tower,0,9,86,0,95,0,1,169,80,250,0,10,255,80,345,281,0,281,626
10/25/2018,CRG,FL,ASO,ES,Federal Contract Tower,0,11,83,0,94,0,0,129,64,193,0,11,212,64,287,288,2,290,577
10/26/2018,CRG,FL,ASO,ES,Federal Contract Tower,0,7,52,0,59,0,0,71,10,81,0,7,123,10,140,252,0,252,392
10/27/2018,CRG,FL,ASO,ES,Federal Contract Tower,0,16,105,0,121,0,0,127,2,129,0,16,232,2,250,135,6,141,391
10/28/2018,CRG,FL,ASO,ES,Federal Contract Tower,0,2,73,0,75,0,0,100,2,102,0,2,173,2,177,146,0,146,323
10/29/2018,CRG,FL,ASO,ES,Federal Contract Tower,0,4,80,0,84,0,0,140,56,196,0,4,220,56,280,292,0,292,572
10/30/2018,CRG,FL,ASO,ES,Federal Contract Tower,0,3,95,5,103,0,0,210,86,296,0,3,305,91,399,424,0,424,823
10/31/2018,CRG,FL,ASO,ES,Federal Contract Tower,0,4,73,0,77,0,0,217,57,274,0,4,290,57,351,382,1,383,734
11/01/2018,CRG,FL,ASO,ES,Federal Contract Tower,0,5,59,0,64,0,0,234,51,285,0,5,293,51,349,244,0,244,593
11/02/2018,CRG,FL,ASO,ES,Federal Contract Tower,2,4,46,0,52,0,0,93,2,95,2,4,139,2,147,190,0,190,337
11/03/2018,CRG,FL,ASO,ES,Federal Contract Tower,0,9,82,0,91,0,0,129,2,131,0,9,211,2,222,186,0,186,408
11/04/2018,CRG,FL,ASO,ES,Federal Contract Tower,0,5,38,0,43,0,0,36,8,44,0,5,74,8,87,64,0,64,151
11/05/2018,CRG,FL,ASO,ES,Federal Contract Tower,0,1,62,6,69,0,2,135,11,148,0,3,197,17,217,285,0,285,502
11/06/2018,CRG,FL,ASO,ES,Federal Contract Tower,0,1,87,5,93,0,0,180,35,215,0,1,267,40,308,398,0,398,706
11/07/2018,CRG,FL,ASO,ES,Federal Contract Tower,0,10,86,0,96,0,0,228,26,254,0,10,314,26,350,327,4,331,681
11/08/2018,CRG,FL,ASO,ES,Federal Contract Tower,0,7,84,1,92,0,0,127,45,172,0,7,211,46,264,225,0,225,489
11/09/2018,CRG,FL,ASO,ES,Federal Contract Tower,0,7,74,0,81,0,2,88,2,92,0,9,162,2,173,175,0,175,348
11/10/2018,CRG,FL,ASO,ES,Federal Contract Tower,4,4,44,0,52,0,0,97,4,101,4,4,141,4,153,150,0,150,303
11/11/2018,CRG,FL,ASO,ES,Federal Contract Tower,0,4,64,0,68,0,0,45,0,45,0,4,109,0,113,58,0,58,171
11/12/2018,CRG,FL,ASO,ES,Federal Contract Tower,0,2,36,0,38,0,0,28,0,28,0,2,64,0,66,162,0,162,228
11/13/2018,CRG,FL,ASO,ES,Federal Contract Tower,0,9,55,0,64,0,0,174,34,208,0,9,229,34,272,345,0,345,617
11/14/2018,CRG,FL,ASO,ES,Federal Contract Tower,0,7,63,4,74,0,0,14,18,32,0,7,77,22,106,44,0,44,150
11/15/2018,CRG,FL,ASO,ES,Federal Contract Tower,0,8,98,0,106,0,0,40,34,74,0,8,138,34,180,293,0,293,473
11/16/2018,CRG,FL,ASO,ES,Federal Contract Tower,2,6,113,0,121,0,2,206,4,212,2,8,319,4,333,399,0,399,732
11/17/2018,CRG,FL,ASO,ES,Federal Contract Tower,0,0,95,0,95,0,0,237,0,237,0,0,332,0,332,299,0,299,631
11/18/2018,CRG,FL,ASO,ES,Federal Contract Tower,0,3,74,0,77,0,0,134,0,134,0,3,208,0,211,216,0,216,427
11/19/2018,CRG,FL,ASO,ES,Federal Contract Tower,0,4,99,0,103,0,0,77,20,97,0,4,176,20,200,155,0,155,355
11/20/2018,CRG,FL,ASO,ES,Federal Contract Tower,0,4,83,0,87,0,0,172,26,198,0,4,255,26,285,331,0,331,616
11/21/2018,CRG,FL,ASO,ES,Federal Contract Tower,0,5,91,0,96,0,2,196,0,198,0,7,287,0,294,220,0,220,514
11/23/2018,CRG,FL,ASO,ES,Federal Contract Tower,0,5,44,0,49,0,0,49,0,49,0,5,93,0,98,65,0,65,163
11/24/2018,CRG,FL,ASO,ES,Federal Contract Tower,0,1,56,0,57,0,0,88,0,88,0,1,144,0,145,94,0,94,239
11/25/2018,CRG,FL,ASO,ES,Federal Contract Tower,0,4,78,0,82,0,0,20,0,20,0,4,98,0,102,77,0,77,179
11/26/2018,CRG,FL,ASO,ES,Federal Contract Tower,10,8,17,0,35,0,0,12,18,30,10,8,29,18,65,46,0,46,111
11/27/2018,CRG,FL,ASO,ES,Federal Contract Tower,0,3,71,0,74,0,0,211,78,289,0,3,282,78,363,197,0,197,560
11/28/2018,CRG,FL,ASO,ES,Federal Contract Tower,0,9,83,0,92,0,0,192,52,244,0,9,275,52,336,254,0,254,590
11/29/2018,CRG,FL,ASO,ES,Federal Contract Tower,0,0,113,0,113,0,0,119,68,187,0,0,232,68,300,229,0,229,529
11/30/2018,CRG,FL,ASO,ES,Federal Contract Tower,0,3,84,0,87,0,0,190,5,195,0,3,274,5,282,196,0,196,478
12/01/2018,CRG,FL,ASO,ES,Federal Contract Tower,0,1,29,0,30,0,0,9,0,9,0,1,38,0,39,95,0,95,134
12/02/2018,CRG,FL,ASO,ES,Federal Contract Tower,0,7,50,0,57,0,0,67,0,67,0,7,117,0,124,96,0,96,220
12/03/2018,CRG,FL,ASO,ES,Federal Contract Tower,0,2,43,0,45,0,0,30,6,36,0,2,73,6,81,25,0,25,106
12/04/2018,CRG,FL,ASO,ES,Federal Contract Tower,0,5,108,1,114,0,0,213,72,285,0,5,321,73,399,288,0,288,687
12/05/2018,CRG,FL,ASO,ES,Federal Contract Tower,0,7,81,0,88,0,0,212,0,212,0,7,293,0,300,260,0,260,560
12/06/2018,CRG,FL,ASO,ES,Federal Contract Tower,0,8,93,2,103,0,0,222,54,276,0,8,315,56,379,330,0,330,709
12/07/2018,CRG,FL,ASO,ES,Federal Contract Tower,0,4,92,0,96,0,0,189,18,207,0,4,281,18,303,293,0,293,596
12/08/2018,CRG,FL,ASO,ES,Federal Contract Tower,0,1,70,0,71,0,0,97,0,97,0,1,167,0,168,209,0,209,377
12/09/2018,CRG,FL,ASO,ES,Federal Contract Tower,0,3,18,0,21,0,0,32,0,32,0,3,50,0,53,46,0,46,99
12/10/2018,CRG,FL,ASO,ES,Federal Contract Tower,0,2,50,0,52,0,0,50,19,69,0,2,100,19,121,260,0,260,381
12/11/2018,CRG,FL,ASO,ES,Federal Contract Tower,0,6,62,0,68,0,0,137,55,192,0,6,199,55,260,335,0,335,595
12/12/2018,CRG,FL,ASO,ES,Federal Contract Tower,0,6,115,0,121,0,0,154,48,202,0,6,269,48,323,422,10,432,755
12/13/2018,CRG,FL,ASO,ES,Federal Contract Tower,0,7,86,0,93,0,0,156,46,202,0,7,242,46,295,330,0,330,625
12/14/2018,CRG,FL,ASO,ES,Federal Contract Tower,0,1,11,0,12,0,0,5,0,5,0,1,16,0,17,8,0,8,25
12/15/2018,CRG,FL,ASO,ES,Federal Contract Tower,4,3,68,0,75,0,0,78,0,78,4,3,146,0,153,176,0,176,329
12/16/2018,CRG,FL,ASO,ES,Federal Contract Tower,0,11,63,0,74,0,2,129,0,131,0,13,192,0,205,167,0,167,372
12/17/2018,CRG,FL,ASO,ES,Federal Contract Tower,0,9,100,0,109,0,0,200,28,228,0,9,300,28,337,312,54,366,703
12/18/2018,CRG,FL,ASO,ES,Federal Contract Tower,0,12,85,0,97,0,0,201,60,261,0,12,286,60,358,436,0,436,794
12/19/2018,CRG,FL,ASO,ES,Federal Contract Tower,0,1,86,0,87,0,0,125,70,195,0,1,211,70,282,349,0,349,631
12/20/2018,CRG,FL,ASO,ES,Federal Contract Tower,0,0,13,0,13,0,0,9,10,19,0,0,22,10,32,61,0,61,93
12/21/2018,CRG,FL,ASO,ES,Federal Contract Tower,0,3,29,0,32,0,0,35,15,50,0,3,64,15,82,82,0,82,164
12/22/2018,CRG,FL,ASO,ES,Federal Contract Tower,2,3,64,0,69,0,0,103,0,103,2,3,167,0,172,95,0,95,267
12/23/2018,CRG,FL,ASO,ES,Federal Contract Tower,0,2,49,0,51,0,0,100,0,100,0,2,149,0,151,81,0,81,232
12/24/2018,CRG,FL,ASO,ES,Federal Contract Tower,0,7,33,1,41,0,0,74,4,78,0,7,107,5,119,84,0,84,203
12/25/2018,CRG,FL,ASO,ES,Federal Contract Tower,0,0,8,0,8,0,0,30,2,32,0,0,38,2,40,6,0,6,46
12/26/2018,CRG,FL,ASO,ES,Federal Contract Tower,0,2,52,0,54,0,0,77,22,99,0,2,129,22,153,137,0,137,290
12/27/2018,CRG,FL,ASO,ES,Federal Contract Tower,0,4,58,1,63,0,0,65,15,80,0,4,123,16,143,210,0,210,353
12/28/2018,CRG,FL,ASO,ES,Federal Contract Tower,5,27,1,0,33,0,0,51,8,59,5,27,52,8,92,135,0,135,227
12/29/2018,CRG,FL,ASO,ES,Federal Contract Tower,0,4,45,0,49,0,0,16,0,16,0,4,61,0,65,116,0,116,181
12/30/2018,CRG,FL,ASO,ES,Federal Contract Tower,0,6,35,0,41,0,0,33,0,33,0,6,68,0,74,75,0,75,149
12/31/2018,CRG,FL,ASO,ES,Federal Contract Tower,0,8,35,0,43,0,0,63,0,63,0,8,98,0,106,147,0,147,253
01/01/2019,CRG,FL,ASO,ES,Federal Contract Tower,0,15,43,1,59,0,0,74,0,74,0,15,117,1,133,77,0,77,210
01/02/2019,CRG,FL,ASO,ES,Federal Contract Tower,0,3,48,0,51,0,0,130,30,160,0,3,178,30,211,336,0,336,547
01/03/2019,CRG,FL,ASO,ES,Federal Contract Tower,0,2,80,1,83,0,0,123,35,158,0,2,203,36,241,345,0,345,586
01/04/2019,CRG,FL,ASO,ES,Federal Contract Tower,0,6,22,0,28,0,0,20,6,26,0,6,42,6,54,34,0,34,88
01/05/2019,CRG,FL,ASO,ES,Federal Contract Tower,0,4,69,0,73,0,0,146,4,150,0,4,215,4,223,214,0,214,437
01/06/2019,CRG,FL,ASO,ES,Federal Contract Tower,0,4,82,0,86,0,2,135,0,137,0,6,217,0,223,197,0,197,420
01/07/2019,CRG,FL,ASO,ES,Federal Contract Tower,0,1,77,1,79,0,1,168,41,210,0,2,245,42,289,285,0,285,574
01/08/2019,CRG,FL,ASO,ES,Federal Contract Tower,0,4,88,0,92,0,0,164,40,204,0,4,252,40,296,400,0,400,696
01/09/2019,CRG,FL,ASO,ES,Federal Contract Tower,0,0,85,1,86,0,0,152,68,220,0,0,237,69,306,357,0,357,663
01/10/2019,CRG,FL,ASO,ES,Federal Contract Tower,0,8,93,1,102,0,0,185,68,253,0,8,278,69,355,259,0,259,614
01/11/2019,CRG,FL,ASO,ES,Federal Contract Tower,0,5,90,0,95,0,0,184,36,220,0,5,274,36,315,264,0,264,579
01/12/2019,CRG,FL,ASO,ES,Federal Contract Tower,0,0,80,0,80,0,4,154,8,166,0,4,234,8,246,190,0,190,436
01/13/2019,CRG,FL,ASO,ES,Federal Contract Tower,0,0,47,0,47,0,0,107,2,109,0,0,154,2,156,78,0,78,234
01/14/2019,CRG,FL,ASO,ES,Federal Contract Tower,0,6,121,2,129,0,0,151,55,206,0,6,272,57,335,294,0,294,629
01/15/2019,CRG,FL,ASO,ES,Federal Contract Tower,0,2,101,0,103,0,0,127,117,244,0,2,228,117,347,268,0,268,615
01/16/2019,CRG,FL,ASO,ES,Federal Contract Tower,0,8,84,0,92,0,0,207,94,301,0,8,291,94,393,261,0,261,654
01/17/2019,CRG,FL,ASO,ES,Federal Contract Tower,0,2,82,0,84,0,0,234,88,322,0,2,316,88,406,324,0,324,730
01/18/2019,CRG,FL,ASO,ES,Federal Contract Tower,0,7,89,0,96,0,0,181,22,203,0,7,270,22,299,243,0,243,542
01/19/2019,CRG,FL,ASO,ES,Federal Contract Tower,0,0,45,0,45,0,0,146,0,146,0,0,191,0,191,178,0,178,369
01/20/2019,CRG,FL,ASO,ES,Federal Contract Tower,0,4,18,0,22,0,4,16,3,23,0,8,34,3,45,24,0,24,69
01/21/2019,CRG,FL,ASO,ES,Federal Contract Tower,0,2,89,0,91,0,0,189,0,189,0,2,278,0,280,196,0,196,476
01/22/2019,CRG,FL,ASO,ES,Federal Contract Tower,0,5,104,0,109,0,0,140,84,224,0,5,244,84,333,272,4,276,609
01/23/2019,CRG,FL,ASO,ES,Federal Contract Tower,0,4,48,0,52,0,0,129,32,161,0,4,177,32,213,282,0,282,495
01/24/2019,CRG,FL,ASO,ES,Federal Contract Tower,0,5,39,0,44,0,6,103,36,145,0,11,142,36,189,135,0,135,324
01/25/2019,CRG,FL,ASO,ES,Federal Contract Tower,0,4,101,0,105,0,0,218,18,236,0,4,319,18,341,385,0,385,726
01/26/2019,CRG,FL,ASO,ES,Federal Contract Tower,0,1,73,0,74,0,0,125,2,127,0,1,198,2,201,146,0,146,347
01/27/2019,CRG,FL,ASO,ES,Federal Contract Tower,0,2,30,0,32,0,2,3,0,5,0,4,33,0,37,44,0,44,81
01/28/2019,CRG,FL,ASO,ES,Federal Contract Tower,0,7,69,0,76,0,2,165,34,201,0,9,234,34,277,250,0,250,527
01/29/2019,CRG,FL,ASO,ES,Federal Contract Tower,0,6,78,0,84,0,0,136,53,189,0,6,214,53,273,248,0,248,521
01/30/2019,CRG,FL,ASO,ES,Federal Contract Tower,0,1,79,0,80,0,0,178,76,254,0,1,257,76,334,268,0,268,602
01/31/2019,CRG,FL,ASO,ES,Federal Contract Tower,0,8,57,0,65,0,0,150,110,260,0,8,207,110,325,259,0,259,584
02/01/2019,CRG,FL,ASO,ES,Federal Contract Tower,0,4,62,0,66,0,0,94,18,112,0,4,156,18,178,189,0,189,367
02/02/2019,CRG,FL,ASO,ES,Federal Contract Tower,0,6,43,0,49,0,0,42,0,42,0,6,85,0,91,88,0,88,179
02/03/2019,CRG,FL,ASO,ES,Federal Contract Tower,0,2,28,0,30,0,0,2,0,2,0,2,30,0,32,0,0,0,32
02/04/2019,CRG,FL,ASO,ES,Federal Contract Tower,0,6,92,5,103,0,0,63,49,112,0,6,155,54,215,117,0,117,332
02/05/2019,CRG,FL,ASO,ES,Federal Contract Tower,0,2,93,0,95,0,2,191,111,304,0,4,284,111,399,271,0,271,670
02/06/2019,CRG,FL,ASO,ES,Federal Contract Tower,0,7,96,0,103,0,2,198,100,300,0,9,294,100,403,404,10,414,817
02/07/2019,CRG,FL,ASO,ES,Federal Contract Tower,0,9,101,1,111,0,0,190,73,263,0,9,291,74,374,311,0,311,685
02/08/2019,CRG,FL,ASO,ES,Federal Contract Tower,0,10,106,0,116,0,2,182,22,206,0,12,288,22,322,197,0,197,519
02/09/2019,CRG,FL,ASO,ES,Federal Contract Tower,0,6,59,0,65,0,0,55,8,63,0,6,114,8,128,60,0,60,188
02/10/2019,CRG,FL,ASO,ES,Federal Contract Tower,0,6,62,0,68,0,0,17,0,17,0,6,79,0,85,46,0,46,131
02/11/2019,CRG,FL,ASO,ES,Federal Contract Tower,0,1,84,2,87,0,0,96,64,160,0,1,180,66,247,179,0,179,426
02/12/2019,CRG,FL,ASO,ES,Federal Contract Tower,0,1,79,0,80,0,0,100,44,144,0,1,179,44,224,254,0,254,478
02/13/2019,CRG,FL,ASO,ES,Federal Contract Tower,0,1,108,3,112,0,0,139,36,175,0,1,247,39,287,299,0,299,586
02/14/2019,CRG,FL,ASO,ES,Federal Contract Tower,0,4,108,0,112,0,0,220,38,258,0,4,328,38,370,277,0,277,647
02/15/2019,CRG,FL,ASO,ES,Federal Contract Tower,0,9,98,0,107,0,0,185,2,187,0,9,283,2,294,257,0,257,551
02/16/2019,CRG,FL,ASO,ES,Federal Contract Tower,0,2,85,0,87,0,0,124,1,125,0,2,209,1,212,201,0,201,413
02/17/2019,CRG,FL,ASO,ES,Federal Contract Tower,0,3,78,0,81,0,0,70,1,71,0,3,148,1,152,176,0,176,328
02/18/2019,CRG,FL,ASO,ES,Federal Contract Tower,0,0,87,0,87,0,0,178,2,180,0,0,265,2,267,217,0,217,484
02/19/2019,CRG,FL,ASO,ES,Federal Contract Tower,0,4,54,0,58,0,0,47,10,57,0,4,101,10,115,110,0,110,225
02/20/2019,CRG,FL,ASO,ES,Federal Contract Tower,0,7,88,0,95,0,0,73,66,139,0,7,161,66,234,144,0,144,378
02/21/2019,CRG,FL,ASO,ES,Federal Contract Tower,0,2,95,0,97,0,0,173,52,225,0,2,268,52,322,259,0,259,581
02/22/2019,CRG,FL,ASO,ES,Federal Contract Tower,0,4,103,2,109,0,1,145,26,172,0,5,248,28,281,239,0,239,520
02/23/2019,CRG,FL,ASO,ES,Federal Contract Tower,0,4,41,0,45,0,0,48,0,48,0,4,89,0,93,73,0,73,166
02/24/2019,CRG,FL,ASO,ES,Federal Contract Tower,0,13,59,0,72,0,0,55,6,61,0,13,114,6,133,75,0,75,208
02/25/2019,CRG,FL,ASO,ES,Federal Contract Tower,0,3,91,0,94,0,0,188,42,230,0,3,279,42,324,318,0,318,642
02/26/2019,CRG,FL,ASO,ES,Federal Contract Tower,0,5,88,0,93,0,0,161,94,255,0,5,249,94,348,237,0,237,585
02/27/2019,CRG,FL,ASO,ES,Federal Contract Tower,0,2,78,0,80,0,0,132,116,248,0,2,210,116,328,211,0,211,539
02/28/2019,CRG,FL,ASO,ES,Federal Contract Tower,0,5,89,0,94,0,0,101,58,159,0,5,190,58,253,211,0,211,464
03/01/2019,CRG,FL,ASO,ES,Federal Contract Tower,0,3,75,0,78,0,0,116,16,132,0,3,191,16,210,220,0,220,430
03/02/2019,CRG,FL,ASO,ES,Federal Contract Tower,0,1,35,0,36,0,0,55,4,59,0,1,90,4,95,129,0,129,224
03/03/2019,CRG,FL,ASO,ES,Federal Contract Tower,0,1,54,0,55,0,0,55,0,55,0,1,109,0,110,113,0,113,223
03/04/2019,CRG,FL,ASO,ES,Federal Contract Tower,0,3,69,0,72,0,0,99,37,136,0,3,168,37,208,166,0,166,374
03/05/2019,CRG,FL,ASO,ES,Federal Contract Tower,0,6,76,1,83,0,0,69,39,108,0,6,145,40,191,112,0,112,303
03/06/2019,CRG,FL,ASO,ES,Federal Contract Tower,0,2,79,0,81,0,0,142,97,239,0,2,221,97,320,293,2,295,615
03/07/2019,CRG,FL,ASO,ES,Federal Contract Tower,0,1,77,0,78,0,0,165,82,247,0,1,242,82,325,284,0,284,609
03/08/2019,CRG,FL,ASO,ES,Federal Contract Tower,0,5,94,8,107,0,0,157,15,172,0,5,251,23,279,214,0,214,493
03/09/2019,CRG,FL,ASO,ES,Federal Contract Tower,0,2,80,0,82,0,0,152,16,168,0,2,232,16,250,183,0,183,433
03/10/2019,CRG,FL,ASO,ES,Federal Contract Tower,0,3,72,0,75,0,0,117,2,119,0,3,189,2,194,168,0,168,362
03/11/2019,CRG,FL,ASO,ES,Federal Contract Tower,0,8,64,0,72,0,0,94,62,156,0,8,158,62,228,291,2,293,521
03/12/2019,CRG,FL,ASO,ES,Federal Contract Tower,0,7,83,0,90,0,0,158,96,254,0,7,241,96,344,362,2,364,708
03/13/2019,CRG,FL,ASO,ES,Federal Contract Tower,0,3,65,2,70,0,0,125,150,275,0,3,190,152,345,160,0,160,505
03/14/2019,CRG,FL,ASO,ES,Federal Contract Tower,0,9,104,0,113,0,0,127,86,213,0,9,231,86,326,123,0,123,449
03/15/2019,CRG,FL,ASO,ES,Federal Contract Tower,0,10,99,0,109,0,0,149,42,191,0,10,248,42,300,182,0,182,482
03/16/2019,CRG,FL,ASO,ES,Federal Contract Tower,0,5,80,0,85,0,2,99,56,157,0,7,179,56,242,189,0,189,431
03/17/2019,CRG,FL,ASO,ES,Federal Contract Tower,0,13,49,0,62,0,0,27,12,39,0,13,76,12,101,82,0,82,183
03/18/2019,CRG,FL,ASO,ES,Federal Contract Tower,0,11,74,0,85,0,2,114,82,198,0,13,188,82,283,306,0,306,589
03/19/2019,CRG,FL,ASO,ES,Federal Contract Tower,0,8,64,0,72,0,0,61,90,151,0,8,125,90,223,116,0,116,339
03/20/2019,CRG,FL,ASO,ES,Federal Contract Tower,0,7,66,0,73,0,0,170,44,214,0,7,236,44,287,259,8,267,554
03/21/2019,CRG,FL,ASO,ES,Federal Contract Tower,0,5,93,0,98,0,0,202,30,232,0,5,295,30,330,215,0,215,545
03/22/2019,CRG,FL,ASO,ES,Federal Contract Tower,0,10,62,2,74,0,0,168,8,176,0,10,230,10,250,249,0,249,499
03/23/2019,CRG,FL,ASO,ES,Federal Contract Tower,0,2,81,0,83,0,0,193,0,193,0,2,274,0,276,209,0,209,485
03/24/2019,CRG,FL,ASO,ES,Federal Contract Tower,0,3,82,0,85,0,0,143,2,145,0,3,225,2,230,50,0,50,280
03/25/2019,CRG,FL,ASO,ES,Federal Contract Tower,0,6,64,2,72,0,1,151,10,162,0,7,215,12,234,230,0,230,464
03/26/2019,CRG,FL,ASO,ES,Federal Contract Tower,0,4,85,0,89,0,0,130,70,200,0,4,215,70,289,283,0,283,572
03/27/2019,CRG,FL,ASO,ES,Federal Contract Tower,0,2,31,0,33,0,0,10,48,58,0,2,41,48,91,18,0,18,109
03/28/2019,CRG,FL,ASO,ES,Federal Contract Tower,0,5,101,0,106,0,0,108,42,150,0,5,209,42,256,203,4,207,463
03/29/2019,CRG,FL,ASO,ES,Federal Contract Tower,0,9,119,0,128,0,0,197,10,207,0,9,316,10,335,313,0,313,648
03/30/2019,CRG,FL,ASO,ES,Federal Contract Tower,0,3,92,0,95,0,0,194,0,194,0,3,286,0,289,238,0,238,527
03/31/2019,CRG,FL,ASO,ES,Federal Contract Tower,0,4,52,0,56,0,0,134,0,134,0,4,186,0,190,117,0,117,307
04/01/2019,CRG,FL,ASO,ES,Federal Contract Tower,0,2,39,0,41,2,0,3,8,13,2,2,42,8,54,54,0,54,108
04/02/2019,CRG,FL,ASO,ES,Federal Contract Tower,0,3,47,0,50,0,0,52,48,100,0,3,99,48,150,118,0,118,268
04/03/2019,CRG,FL,ASO,ES,Federal Contract Tower,0,5,96,0,101,0,0,236,108,344,0,5,332,108,445,417,0,417,862
04/04/2019,CRG,FL,ASO,ES,Federal Contract Tower,0,6,90,0,96,0,0,172,66,238,0,6,262,66,334,262,0,262,596
04/05/2019,CRG,FL,ASO,ES,Federal Contract Tower,0,5,64,2,71,2,0,106,2,110,2,5,170,4,181,253,0,253,434
04/06/2019,CRG,FL,ASO,ES,Federal Contract Tower,0,1,46,0,47,0,0,135,2,137,0,1,181,2,184,168,0,168,352
04/07/2019,CRG,FL,ASO,ES,Federal Contract Tower,0,2,59,0,61,0,0,97,0,97,0,2,156,0,158,76,0,76,234
04/08/2019,CRG,FL,ASO,ES,Federal Contract Tower,0,4,60,0,64,0,2,90,2,94,0,6,150,2,158,62,0,62,220
04/09/2019,CRG,FL,ASO,ES,Federal Contract Tower,0,2,40,0,42,0,0,44,24,68,0,2,84,24,110,241,0,241,351
04/10/2019,CRG,FL,ASO,ES,Federal Contract Tower,0,6,106,2,114,0,0,188,70,258,0,6,294,72,372,388,0,388,760
04/11/2019,CRG,FL,ASO,ES,Federal Contract Tower,0,4,90,0,94,0,2,138,43,183,0,6,228,43,277,263,0,263,540
04/12/2019,CRG,FL,ASO,ES,Federal Contract Tower,0,2,106,0,108,0,0,142,10,152,0,2,248,10,260,154,0,154,414
04/13/2019,CRG,FL,ASO,ES,Federal Contract Tower,0,1,49,0,50,0,0,90,6,96,0,1,139,6,146,167,0,167,313
04/14/2019,CRG,FL,ASO,ES,Federal Contract Tower,0,1,33,0,34,0,0,44,0,44,0,1,77,0,78,60,0,60,138
04/15/2019,CRG,FL,ASO,ES,Federal Contract Tower,0,0,60,2,62,0,0,145,13,158,0,0,205,15,220,85,0,85,305
04/16/2019,CRG,FL,ASO,ES,Federal Contract Tower,0,0,53,0,53,0,0,183,101,284,0,0,236,101,337,173,0,173,510
04/17/2019,CRG,FL,ASO,ES,Federal Contract Tower,0,3,83,0,86,0,1,177,64,242,0,4,260,64,328,111,0,111,439
04/18/2019,CRG,FL,ASO,ES,Federal Contract Tower,0,4,66,0,70,0,1,161,27,189,0,5,227,27,259,122,0,122,381
04/19/2019,CRG,FL,ASO,ES,Federal Contract Tower,0,0,13,0,13,0,1,12,2,15,0,1,25,2,28,11,0,11,39
04/20/2019,CRG,FL,ASO,ES,Federal Contract Tower,0,2,34,0,36,0,0,100,0,100,0,2,134,0,136,78,0,78,214
04/21/2019,CRG,FL,ASO,ES,Federal Contract Tower,0,2,33,0,35,2,0,0,0,2,2,2,33,0,37,28,0,28,65
04/22/2019,CRG,FL,ASO,ES,Federal Contract Tower,0,2,77,0,79,0,0,190,30,220,0,2,267,30,299,152,0,152,451
04/23/2019,CRG,FL,ASO,ES,Federal Contract Tower,0,0,68,0,68,0,0,174,46,220,0,0,242,46,288,157,0,157,445
04/24/2019,CRG,FL,ASO,ES,Federal Contract Tower,0,2,69,0,71,0,2,184,50,236,0,4,253,50,307,185,0,185,492
04/25/2019,CRG,FL,ASO,ES,Federal Contract Tower,0,2,85,0,87,0,0,166,28,194,0,2,251,28,281,117,0,117,398
04/26/2019,CRG,FL,ASO,ES,Federal Contract Tower,0,0,42,0,42,0,0,96,6,102,0,0,138,6,144,61,0,61,205
04/27/2019,CRG,FL,ASO,ES,Federal Contract Tower,0,0,46,0,46,0,2,131,0,133,0,2,177,0,179,154,0,154,333
04/28/2019,CRG,FL,ASO,ES,Federal Contract Tower,0,3,77,0,80,0,0,95,0,95,0,3,172,0,175,160,0,160,335
04/29/2019,CRG,FL,ASO,ES,Federal Contract Tower,0,0,59,0,59,0,0,133,36,169,0,0,192,36,228,101,0,101,329
04/30/2019,CRG,FL,ASO,ES,Federal Contract Tower,0,1,59,0,60,0,0,127,78,205,0,1,186,78,265,144,0,144,409
05/01/2019,CRG,FL,ASO,ES,Federal Contract Tower,0,6,68,0,74,0,0,153,66,219,0,6,221,66,293,119,0,119,412
05/02/2019,CRG,FL,ASO,ES,Federal Contract Tower,0,2,27,0,29,0,0,82,46,128,0,2,109,46,157,56,0,56,213
05/03/2019,CRG,FL,ASO,ES,Federal Contract Tower,0,2,36,4,42,0,0,55,18,73,0,2,91,22,115,124,0,124,239
05/04/2019,CRG,FL,ASO,ES,Federal Contract Tower,0,1,46,0,47,2,0,106,4,112,2,1,152,4,159,142,0,142,301
05/05/2019,CRG,FL,ASO,ES,Federal Contract Tower,0,4,19,0,23,0,0,15,0,15,0,4,34,0,38,18,0,18,56
05/06/2019,CRG,FL,ASO,ES,Federal Contract Tower,0,0,48,0,48,0,2,165,28,195,0,2,213,28,243,134,10,144,387
05/07/2019,CRG,FL,ASO,ES,Federal Contract Tower,0,0,80,0,80,0,0,183,38,221,0,0,263,38,301,149,0,149,450
05/08/2019,CRG,FL,ASO,ES,Federal Contract Tower,0,0,63,4,67,0,0,128,44,172,0,0,191,48,239,161,0,161,400
05/09/2019,CRG,FL,ASO,ES,Federal Contract Tower,0,0,57,0,57,0,0,160,18,178,0,0,217,18,235,218,0,218,453
05/10/2019,CRG,FL,ASO,ES,Federal Contract Tower,0,2,50,0,52,0,0,152,6,158,0,2,202,6,210,104,0,104,314
05/11/2019,CRG,FL,ASO,ES,Federal Contract Tower,0,0,41,0,41,0,0,83,6,89,0,0,124,6,130,122,0,122,252
05/12/2019,CRG,FL,ASO,ES,Federal Contract Tower,0,0,15,0,15,0,0,45,0,45,0,0,60,0,60,41,0,41,101
05/13/2019,CRG,FL,ASO,ES,Federal Contract Tower,0,0,44,0,44,0,0,71,12,83,0,0,115,12,127,31,0,31,158
05/14/2019,CRG,FL,ASO,ES,Federal Contract Tower,0,1,80,0,81,0,0,166,44,210,0,1,246,44,291,178,0,178,469
05/15/2019,CRG,FL,ASO,ES,Federal Contract Tower,0,1,77,0,78,0,0,187,46,233,0,1,264,46,311,161,0,161,472
05/16/2019,CRG,FL,ASO,ES,Federal Contract Tower,0,2,67,0,69,0,0,134,32,166,0,2,201,32,235,221,0,221,456
05/17/2019,CRG,FL,ASO,ES,Federal Contract Tower,0,1,83,0,84,0,0,184,16,200,0,1,267,16,284,137,6,143,427
05/18/2019,CRG,FL,ASO,ES,Federal Contract Tower,0,0,49,0,49,0,0,116,0,116,0,0,165,0,165,87,0,87,252
05/19/2019,CRG,FL,ASO,ES,Federal Contract Tower,0,3,46,0,49,0,0,75,0,75,0,3,121,0,124,84,0,84,208
05/20/2019,CRG,FL,ASO,ES,Federal Contract Tower,0,0,49,0,49,0,0,158,4,162,0,0,207,4,211,43,0,43,254
05/21/2019,CRG,FL,ASO,ES,Federal Contract Tower,0,0,85,0,85,0,2,168,70,240,0,2,253,70,325,160,0,160,485
05/22/2019,CRG,FL,ASO,ES,Federal Contract Tower,0,0,68,0,68,0,0,168,37,205,0,0,236,37,273,138,0,138,411
05/23/2019,CRG,FL,ASO,ES,Federal Contract Tower,0,2,66,0,68,0,1,142,50,193,0,3,208,50,261,105,0,105,366
05/24/2019,CRG,FL,ASO,ES,Federal Contract Tower,0,2,84,0,86,0,0,178,4,182,0,2,262,4,268,189,0,189,457
05/25/2019,CRG,FL,ASO,ES,Federal Contract Tower,0,1,34,0,35,0,0,99,3,102,0,1,133,3,137,94,0,94,231
05/26/2019,CRG,FL,ASO,ES,Federal Contract Tower,0,1,35,0,36,0,0,74,0,74,0,1,109,0,110,88,0,88,198
05/27/2019,CRG,FL,ASO,ES,Federal Contract Tower,0,4,63,0,67,0,0,141,2,143,0,4,204,2,210,123,0,123,333
05/28/2019,CRG,FL,ASO,ES,Federal Contract Tower,0,0,55,0,55,0,0,112,18,130,0,0,167,18,185,182,0,182,367
05/29/2019,CRG,FL,ASO,ES,Federal Contract Tower,0,0,64,0,64,0,2,151,42,195,0,2,215,42,259,140,0,140,399
05/30/2019,CRG,FL,ASO,ES,Federal Contract Tower,0,0,49,0,49,0,0,183,32,215,0,0,232,32,264,100,0,100,364
05/31/2019,CRG,FL,ASO,ES,Federal Contract Tower,0,1,37,0,38,0,0,145,12,157,0,1,182,12,195,218,0,218,413
06/01/2019,CRG,FL,ASO,ES,Federal Contract Tower,0,4,36,0,40,0,0,83,8,91,0,4,119,8,131,166,0,166,297
06/02/2019,CRG,FL,ASO,ES,Federal Contract Tower,0,1,37,0,38,0,0,101,8,109,0,1,138,8,147,115,0,115,262
06/03/2019,CRG,FL,ASO,ES,Federal Contract Tower,0,2,48,0,50,0,2,182,74,258,0,4,230,74,308,169,0,169,477
06/04/2019,CRG,FL,ASO,ES,Federal Contract Tower,0,1,44,0,45,0,0,134,14,148,0,1,178,14,193,192,0,192,385
06/05/2019,CRG,FL,ASO,ES,Federal Contract Tower,0,7,64,0,71,0,0,154,36,190,0,7,218,36,261,169,0,169,430
06/06/2019,CRG,FL,ASO,ES,Federal Contract Tower,0,1,68,0,69,0,3,142,42,187,0,4,210,42,256,274,0,274,530
06/07/2019,CRG,FL,ASO,ES,Federal Contract Tower,0,1,41,0,42,0,0,130,2,132,0,1,171,2,174,122,2,124,298
06/08/2019,CRG,FL,ASO,ES,Federal Contract Tower,0,2,19,0,21,0,0,71,2,73,0,2,90,2,94,231,0,231,325
06/09/2019,CRG,FL,ASO,ES,Federal Contract Tower,0,0,27,0,27,0,0,41,0,41,0,0,68,0,68,116,0,116,184
06/10/2019,CRG,FL,ASO,ES,Federal Contract Tower,0,4,51,0,55,0,0,107,8,115,0,4,158,8,170,290,0,290,460
06/11/2019,CRG,FL,ASO,ES,Federal Contract Tower,0,3,56,0,59,0,0,105,12,117,0,3,161,12,176,310,0,310,486
06/12/2019,CRG,FL,ASO,ES,Federal Contract Tower,0,0,34,1,35,0,0,93,38,131,0,0,127,39,166,250,0,250,416
06/13/2019,CRG,FL,ASO,ES,Federal Contract Tower,0,8,58,0,66,0,0,0,4,4,0,8,58,4,70,274,2,276,346
06/14/2019,CRG,FL,ASO,ES,Federal Contract Tower,0,8,64,0,72,0,0,175,10,185,0,8,239,10,257,302,0,302,559
06/15/2019,CRG,FL,ASO,ES,Federal Contract Tower,0,4,85,0,89,0,0,141,14,155,0,4,226,14,244,290,0,290,534
06/16/2019,CRG,FL,ASO,ES,Federal Contract Tower,0,2,34,0,36,0,2,79,1,82,0,4,113,1,118,200,0,200,318
06/17/2019,CRG,FL,ASO,ES,Federal Contract Tower,0,2,58,0,60,0,0,114,16,130,0,2,172,16,190,259,0,259,449
06/18/2019,CRG,FL,ASO,ES,Federal Contract Tower,0,12,66,0,78,0,0,69,48,117,0,12,135,48,195,244,0,244,439
06/19/2019,CRG,FL,ASO,ES,Federal Contract Tower,0,2,50,0,52,0,2,88,18,108,0,4,138,18,160,211,0,211,371
06/20/2019,CRG,FL,ASO,ES,Federal Contract Tower,0,0,57,0,57,0,0,73,24,97,0,0,130,24,154,168,0,168,322
06/21/2019,CRG,FL,ASO,ES,Federal Contract Tower,0,4,95,0,99,0,0,134,22,156,0,4,229,22,255,218,0,218,473
06/22/2019,CRG,FL,ASO,ES,Federal Contract Tower,0,1,63,0,64,0,0,93,0,93,0,1,156,0,157,290,0,290,447
06/23/2019,CRG,FL,ASO,ES,Federal Contract Tower,0,5,59,0,64,0,0,69,0,69,0,5,128,0,133,165,0,165,298
06/24/2019,CRG,FL,ASO,ES,Federal Contract Tower,0,10,85,0,95,0,0,161,4,165,0,10,246,4,260,325,0,325,585
06/25/2019,CRG,FL,ASO,ES,Federal Contract Tower,0,2,82,0,84,0,0,129,32,161,0,2,211,32,245,340,0,340,585
06/26/2019,CRG,FL,ASO,ES,Federal Contract Tower,0,9,113,0,122,0,0,165,68,233,0,9,278,68,355,410,0,410,765
06/27/2019,CRG,FL,ASO,ES,Federal Contract Tower,0,11,91,0,102,0,0,214,68,282,0,11,305,68,384,302,0,302,686
06/28/2019,CRG,FL,ASO,ES,Federal Contract Tower,0,3,77,0,80,0,0,147,10,157,0,3,224,10,237,247,0,247,484
06/29/2019,CRG,FL,ASO,ES,Federal Contract Tower,0,0,53,0,53,0,0,86,3,89,0,0,139,3,142,112,0,112,254
06/30/2019,CRG,FL,ASO,ES,Federal Contract Tower,0,6,51,0,57,0,0,97,12,109,0,6,148,12,166,218,0,218,384
07/01/2019,CRG,FL,ASO,ES,Federal Contract Tower,0,3,74,0,77,0,0,140,26,166,0,3,214,26,243,339,0,339,582
07/02/2019,CRG,FL,ASO,ES,Federal Contract Tower,0,7,76,2,85,0,0,140,40,180,0,7,216,42,265,344,2,346,611
07/03/2019,CRG,FL,ASO,ES,Federal Contract Tower,0,3,60,0,63,0,0,133,2,135,0,3,193,2,198,317,0,317,515
07/04/2019,CRG,FL,ASO,ES,Federal Contract Tower,0,2,43,0,45,0,0,119,0,119,0,2,162,0,164,256,0,256,420
07/05/2019,CRG,FL,ASO,ES,Federal Contract Tower,0,4,60,0,64,0,0,99,2,101,0,4,159,2,165,156,0,156,321
07/06/2019,CRG,FL,ASO,ES,Federal Contract Tower,2,4,51,0,57,0,0,57,2,59,2,4,108,2,116,97,0,97,213
07/07/2019,CRG,FL,ASO,ES,Federal Contract Tower,0,6,51,0,57,0,0,75,0,75,0,6,126,0,132,95,0,95,227
07/08/2019,CRG,FL,ASO,ES,Federal Contract Tower,0,6,61,0,67,0,0,141,19,160,0,6,202,19,227,222,0,222,449
07/09/2019,CRG,FL,ASO,ES,Federal Contract Tower,0,2,71,0,73,0,0,111,34,145,0,2,182,34,218,373,0,373,591
07/10/2019,CRG,FL,ASO,ES,Federal Contract Tower,0,3,60,0,63,0,0,72,24,96,0,3,132,24,159,190,0,190,349
07/11/2019,CRG,FL,ASO,ES,Federal Contract Tower,0,2,81,2,85,0,0,163,22,185,0,2,244,24,270,301,0,301,571
07/12/2019,CRG,FL,ASO,ES,Federal Contract Tower,0,1,58,0,59,0,0,137,6,143,0,1,195,6,202,334,0,334,536
07/13/2019,CRG,FL,ASO,ES,Federal Contract Tower,0,3,47,0,50,0,0,98,0,98,0,3,145,0,148,265,0,265,413
07/14/2019,CRG,FL,ASO,ES,Federal Contract Tower,0,2,50,0,52,0,0,66,6,72,0,2,116,6,124,208,0,208,332
07/15/2019,CRG,FL,ASO,ES,Federal Contract Tower,0,2,79,0,81,0,0,138,18,156,0,2,217,18,237,229,0,229,466
07/16/2019,CRG,FL,ASO,ES,Federal Contract Tower,0,3,58,0,61,0,0,170,42,212,0,3,228,42,273,428,0,428,701
07/17/2019,CRG,FL,ASO,ES,Federal Contract Tower,0,6,60,0,66,0,0,147,40,187,0,6,207,40,253,332,0,332,585
07/18/2019,CRG,FL,ASO,ES,Federal Contract Tower,0,2,93,0,95,0,0,190,26,216,0,2,283,26,311,279,0,279,590
07/19/2019,CRG,FL,ASO,ES,Federal Contract Tower,0,9,85,0,94,0,0,148,4,152,0,9,233,4,246,204,0,204,450
07/20/2019,CRG,FL,ASO,ES,Federal Contract Tower,6,3,57,0,66,0,0,130,0,130,6,3,187,0,196,186,0,186,382
07/21/2019,CRG,FL,ASO,ES,Federal Contract Tower,0,1,43,0,44,0,0,105,0,105,0,1,148,0,149,207,0,207,356
07/22/2019,CRG,FL,ASO,ES,Federal Contract Tower,0,3,69,0,72,0,0,163,16,179,0,3,232,16,251,277,0,277,528
07/23/2019,CRG,FL,ASO,ES,Federal Contract Tower,0,8,66,0,74,0,4,122,22,148,0,12,188,22,222,265,0,265,487
07/24/2019,CRG,FL,ASO,ES,Federal Contract Tower,0,3,46,0,49,0,0,31,22,53,0,3,77,22,102,7,0,7,109
07/25/2019,CRG,FL,ASO,ES,Federal Contract Tower,0,6,83,0,89,0,1,133,68,202,0,7,216,68,291,206,0,206,497
07/26/2019,CRG,FL,ASO,ES,Federal Contract Tower,0,5,71,0,76,0,0,108,22,130,0,5,179,22,206,288,0,288,494
07/27/2019,CRG,FL,ASO,ES,Federal Contract Tower,0,4,35,0,39,0,4,56,0,60,0,8,91,0,99,88,0,88,187
07/28/2019,CRG,FL,ASO,ES,Federal Contract Tower,0,2,67,0,69,0,0,69,0,69,0,2,136,0,138,106,0,106,244
07/29/2019,CRG,FL,ASO,ES,Federal Contract Tower,0,0,83,0,83,0,0,131,4,135,0,0,214,4,218,222,0,222,440
07/30/2019,CRG,FL,ASO,ES,Federal Contract Tower,0,0,101,0,101,0,0,152,84,236,0,0,253,84,337,259,0,259,596
07/31/2019,CRG,FL,ASO,ES,Federal Contract Tower,0,3,81,0,84,0,2,135,76,213,0,5,216,76,297,333,4,337,634
08/01/2019,CRG,FL,ASO,ES,Federal Contract Tower,0,4,59,0,63,0,0,85,88,173,0,4,144,88,236,236,0,236,472
08/02/2019,CRG,FL,ASO,ES,Federal Contract Tower,0,1,28,0,29,0,0,48,22,70,0,1,76,22,99,145,0,145,244
08/03/2019,CRG,FL,ASO,ES,Federal Contract Tower,0,0,80,0,80,0,0,81,2,83,0,0,161,2,163,81,0,81,244
08/04/2019,CRG,FL,ASO,ES,Federal Contract Tower,0,4,55,0,59,0,0,100,0,100,0,4,155,0,159,186,0,186,345
08/05/2019,CRG,FL,ASO,ES,Federal Contract Tower,0,2,60,0,62,0,0,131,14,145,0,2,191,14,207,334,0,334,541
08/06/2019,CRG,FL,ASO,ES,Federal Contract Tower,0,2,84,0,86,0,0,154,14,168,0,2,238,14,254,350,0,350,604
08/07/2019,CRG,FL,ASO,ES,Federal Contract Tower,0,2,87,0,89,0,0,118,35,153,0,2,205,35,242,247,10,257,499
08/08/2019,CRG,FL,ASO,ES,Federal Contract Tower,0,2,97,0,99,0,0,159,30,189,0,2,256,30,288,309,0,309,597
08/09/2019,CRG,FL,ASO,ES,Federal Contract Tower,0,3,73,0,76,0,2,145,34,181,0,5,218,34,257,287,0,287,544
08/10/2019,CRG,FL,ASO,ES,Federal Contract Tower,0,2,73,0,75,0,0,100,0,100,0,2,173,0,175,175,0,175,350
08/11/2019,CRG,FL,ASO,ES,Federal Contract Tower,0,2,61,0,63,0,0,104,0,104,0,2,165,0,167,160,0,160,327
08/12/2019,CRG,FL,ASO,ES,Federal Contract Tower,0,1,103,6,110,0,0,149,36,185,0,1,252,42,295,261,0,261,556
08/13/2019,CRG,FL,ASO,ES,Federal Contract Tower,0,1,87,0,88,0,0,134,44,178,0,1,221,44,266,276,0,276,542
08/14/2019,CRG,FL,ASO,ES,Federal Contract Tower,0,2,79,0,81,0,0,157,46,203,0,2,236,46,284,329,0,329,613
08/15/2019,CRG,FL,ASO,ES,Federal Contract Tower,0,7,51,0,58,0,0,154,20,174,0,7,205,20,232,263,0,263,495
08/16/2019,CRG,FL,ASO,ES,Federal Contract Tower,0,1,59,0,60,0,0,104,16,120,0,1,163,16,180,138,0,138,318
08/17/2019,CRG,FL,ASO,ES,Federal Contract Tower,0,0,39,0,39,0,0,27,0,27,0,0,66,0,66,10,0,10,76
08/18/2019,CRG,FL,ASO,ES,Federal Contract Tower,0,1,55,0,56,0,0,96,0,96,0,1,151,0,152,148,0,148,300
08/19/2019,CRG,FL,ASO,ES,Federal Contract Tower,0,5,80,0,85,0,0,156,44,200,0,5,236,44,285,323,0,323,608
08/20/2019,CRG,FL,ASO,ES,Federal Contract Tower,0,11,81,2,94,0,2,203,50,255,0,13,284,52,349,334,6,340,689
08/21/2019,CRG,FL,ASO,ES,Federal Contract Tower,0,6,93,0,99,0,0,221,18,239,0,6,314,18,338,232,0,232,570
08/22/2019,CRG,FL,ASO,ES,Federal Contract Tower,0,8,117,0,125,0,0,193,37,230,0,8,310,37,355,247,0,247,602
08/23/2019,CRG,FL,ASO,ES,Federal Contract Tower,0,7,64,6,77,0,0,201,20,221,0,7,265,26,298,340,0,340,638
08/24/2019,CRG,FL,ASO,ES,Federal Contract Tower,0,4,78,0,82,0,2,112,8,122,0,6,190,8,204,275,0,275,479
08/25/2019,CRG,FL,ASO,ES,Federal Contract Tower,0,5,38,0,43,0,0,31,2,33,0,5,69,2,76,72,0,72,148
08/26/2019,CRG,FL,ASO,ES,Federal Contract Tower,0,5,70,0,75,0,0,141,32,173,0,5,211,32,248,358,0,358,606
08/27/2019,CRG,FL,ASO,ES,Federal Contract Tower,0,4,60,0,64,0,0,167,37,204,0,4,227,37,268,350,0,350,618
08/28/2019,CRG,FL,ASO,ES,Federal Contract Tower,0,1,91,0,92,0,2,65,38,105,0,3,156,38,197,178,0,178,375
08/29/2019,CRG,FL,ASO,ES,Federal Contract Tower,0,3,134,0,137,0,1,185,2,188,0,4,319,2,325,376,0,376,701
08/30/2019,CRG,FL,ASO,ES,Federal Contract Tower,0,2,75,0,77,0,0,56,0,56,0,2,131,0,133,146,0,146,279
08/31/2019,CRG,FL,ASO,ES,Federal Contract Tower,0,1,66,0,67,0,0,34,0,34,0,1,100,0,101,92,0,92,193
09/01/2019,CRG,FL,ASO,ES,Federal Contract Tower,0,0,15,0,15,0,0,15,22,37,0,0,30,22,52,33,0,33,85
09/02/2019,CRG,FL,ASO,ES,Federal Contract Tower,0,0,21,0,21,0,0,18,0,18,0,0,39,0,39,42,0,42,81
09/03/2019,CRG,FL,ASO,ES,Federal Contract Tower,0,0,0,0,0,0,0,0,0,0,0,0,0,0,0,0,0,0,0
09/04/2019,CRG,FL,ASO,ES,Federal Contract Tower,0,0,0,0,0,0,0,0,0,0,0,0,0,0,0,0,0,0,0
09/05/2019,CRG,FL,ASO,ES,Federal Contract Tower,0,0,40,0,40,0,0,71,30,101,0,0,111,30,141,54,0,54,195
09/06/2019,CRG,FL,ASO,ES,Federal Contract Tower,0,2,74,0,76,0,2,112,8,122,0,4,186,8,198,137,0,137,335
09/07/2019,CRG,FL,ASO,ES,Federal Contract Tower,0,2,62,0,64,0,4,134,2,140,0,6,196,2,204,158,0,158,362
09/08/2019,CRG,FL,ASO,ES,Federal Contract Tower,0,8,67,0,75,0,0,127,0,127,0,8,194,0,202,149,0,149,351
09/09/2019,CRG,FL,ASO,ES,Federal Contract Tower,0,6,58,0,64,0,0,165,34,199,0,6,223,34,263,181,0,181,444
09/10/2019,CRG,FL,ASO,ES,Federal Contract Tower,0,6,62,0,68,0,0,170,68,238,0,6,232,68,306,360,0,360,666
09/11/2019,CRG,FL,ASO,ES,Federal Contract Tower,0,3,68,0,71,0,0,132,64,196,0,3,200,64,267,300,0,300,567
09/12/2019,CRG,FL,ASO,ES,Federal Contract Tower,0,5,76,0,81,0,0,136,34,170,0,5,212,34,251,451,0,451,702
09/13/2019,CRG,FL,ASO,ES,Federal Contract Tower,0,0,70,0,70,0,0,80,10,90,0,0,150,10,160,230,0,230,390
09/14/2019,CRG,FL,ASO,ES,Federal Contract Tower,0,2,27,0,29,0,0,63,2,65,0,2,90,2,94,179,0,179,273
09/15/2019,CRG,FL,ASO,ES,Federal Contract Tower,0,3,17,0,20,0,0,11,2,13,0,3,28,2,33,6,0,6,39
09/16/2019,CRG,FL,ASO,ES,Federal Contract Tower,0,0,71,0,71,0,0,148,26,174,0,0,219,26,245,340,0,340,585
09/17/2019,CRG,FL,ASO,ES,Federal Contract Tower,0,5,84,0,89,0,0,177,58,235,0,5,261,58,324,490,0,490,814
09/18/2019,CRG,FL,ASO,ES,Federal Contract Tower,0,4,75,0,79,0,0,139,54,193,0,4,214,54,272,358,0,358,630
09/19/2019,CRG,FL,ASO,ES,Federal Contract Tower,0,5,73,0,78,0,0,119,35,154,0,5,192,35,232,176,0,176,408
09/20/2019,CRG,FL,ASO,ES,Federal Contract Tower,0,10,70,0,80,0,0,151,4,155,0,10,221,4,235,375,0,375,610
09/21/2019,CRG,FL,ASO,ES,Federal Contract Tower,0,4,72,0,76,0,0,145,0,145,0,4,217,0,221,302,0,302,523
09/22/2019,CRG,FL,ASO,ES,Federal Contract Tower,0,2,58,0,60,0,0,113,3,116,0,2,171,3,176,265,0,265,441
09/23/2019,CRG,FL,ASO,ES,Federal Contract Tower,0,2,57,0,59,0,0,151,24,175,0,2,208,24,234,414,0,414,648
09/24/2019,CRG,FL,ASO,ES,Federal Contract Tower,0,8,93,0,101,0,2,219,30,251,0,10,312,30,352,499,0,499,851
09/25/2019,CRG,FL,ASO,ES,Federal Contract Tower,0,2,85,0,87,0,0,165,24,189,0,2,250,24,276,414,0,414,690
09/26/2019,CRG,FL,ASO,ES,Federal Contract Tower,0,7,98,0,105,0,0,174,56,230,0,7,272,56,335,330,0,330,665
09/27/2019,CRG,FL,ASO,ES,Federal Contract Tower,0,4,93,2,99,0,0,198,2,200,0,4,291,4,299,337,0,337,636
09/28/2019,CRG,FL,ASO,ES,Federal Contract Tower,0,0,42,0,42,0,2,160,0,162,0,2,202,0,204,206,0,206,410
09/29/2019,CRG,FL,ASO,ES,Federal Contract Tower,0,7,51,2,60,0,0,93,0,93,0,7,144,2,153,242,0,242,395
09/30/2019,CRG,FL,ASO,ES,Federal Contract Tower,0,12,69,0,81,0,0,133,30,163,0,12,202,30,244,322,0,322,566
10/01/2019,CRG,FL,ASO,ES,Federal Contract Tower,0,4,75,0,79,0,0,136,56,192,0,4,211,56,271,207,0,207,478
10/02/2019,CRG,FL,ASO,ES,Federal Contract Tower,0,0,83,0,83,0,0,168,106,274,0,0,251,106,357,292,0,292,649
10/03/2019,CRG,FL,ASO,ES,Federal Contract Tower,0,5,91,0,96,0,0,162,49,211,0,5,253,49,307,369,10,379,686
10/04/2019,CRG,FL,ASO,ES,Federal Contract Tower,0,10,83,2,95,0,0,160,2,162,0,10,243,4,257,281,0,281,538
10/05/2019,CRG,FL,ASO,ES,Federal Contract Tower,0,0,74,0,74,0,0,94,0,94,0,0,168,0,168,288,0,288,456
10/06/2019,CRG,FL,ASO,ES,Federal Contract Tower,0,3,49,0,52,0,0,62,2,64,0,3,111,2,116,74,0,74,190
10/07/2019,CRG,FL,ASO,ES,Federal Contract Tower,0,1,23,1,25,0,0,3,18,21,0,1,26,19,46,11,0,11,57
10/08/2019,CRG,FL,ASO,ES,Federal Contract Tower,0,8,65,8,81,0,0,69,89,158,0,8,134,97,239,227,0,227,466
10/09/2019,CRG,FL,ASO,ES,Federal Contract Tower,0,4,80,8,92,0,0,111,88,199,0,4,191,96,291,391,0,391,682
10/10/2019,CRG,FL,ASO,ES,Federal Contract Tower,0,2,87,0,89,0,0,137,60,197,0,2,224,60,286,296,0,296,582
10/11/2019,CRG,FL,ASO,ES,Federal Contract Tower,0,2,110,0,112,0,0,215,2,217,0,2,325,2,329,382,0,382,711
10/12/2019,CRG,FL,ASO,ES,Federal Contract Tower,0,5,78,0,83,0,0,197,4,201,0,5,275,4,284,284,0,284,568
10/13/2019,CRG,FL,ASO,ES,Federal Contract Tower,0,4,81,0,85,0,0,110,0,110,0,4,191,0,195,246,0,246,441
10/14/2019,CRG,FL,ASO,ES,Federal Contract Tower,0,2,98,0,100,0,0,176,0,176,0,2,274,0,276,376,0,376,652
10/15/2019,CRG,FL,ASO,ES,Federal Contract Tower,0,5,72,0,77,0,0,146,64,210,0,5,218,64,287,330,2,332,619
10/16/2019,CRG,FL,ASO,ES,Federal Contract Tower,0,5,79,0,84,0,0,134,69,203,0,5,213,69,287,319,0,319,606
10/17/2019,CRG,FL,ASO,ES,Federal Contract Tower,0,5,109,0,114,0,0,235,44,279,0,5,344,44,393,440,0,440,833
10/18/2019,CRG,FL,ASO,ES,Federal Contract Tower,0,3,101,0,104,0,0,177,14,191,0,3,278,14,295,407,0,407,702
10/19/2019,CRG,FL,ASO,ES,Federal Contract Tower,0,3,14,0,17,0,0,15,4,19,0,3,29,4,36,12,0,12,48
10/20/2019,CRG,FL,ASO,ES,Federal Contract Tower,0,4,43,0,47,0,0,83,2,85,0,4,126,2,132,160,0,160,292
10/21/2019,CRG,FL,ASO,ES,Federal Contract Tower,0,5,75,0,80,0,0,86,26,112,0,5,161,26,192,183,0,183,375
10/22/2019,CRG,FL,ASO,ES,Federal Contract Tower,0,1,76,0,77,0,0,78,36,114,0,1,154,36,191,257,0,257,448
10/23/2019,CRG,FL,ASO,ES,Federal Contract Tower,0,4,95,0,99,0,0,219,74,293,0,4,314,74,392,332,0,332,724
10/24/2019,CRG,FL,ASO,ES,Federal Contract Tower,0,6,118,16,140,0,0,184,60,244,0,6,302,76,384,382,0,382,766
10/25/2019,CRG,FL,ASO,ES,Federal Contract Tower,0,7,105,0,112,0,0,167,19,186,0,7,272,19,298,259,0,259,557
10/26/2019,CRG,FL,ASO,ES,Federal Contract Tower,0,2,42,4,48,0,0,73,6,79,0,2,115,10,127,106,0,106,233
10/27/2019,CRG,FL,ASO,ES,Federal Contract Tower,0,4,66,0,70,0,0,51,12,63,0,4,117,12,133,84,0,84,217
10/28/2019,CRG,FL,ASO,ES,Federal Contract Tower,0,5,100,8,113,0,2,169,36,207,0,7,269,44,320,302,0,302,622
10/29/2019,CRG,FL,ASO,ES,Federal Contract Tower,0,0,73,0,73,0,0,39,16,55,0,0,112,16,128,140,0,140,268
10/30/2019,CRG,FL,ASO,ES,Federal Contract Tower,0,3,79,0,82,0,0,150,62,212,0,3,229,62,294,460,0,460,754
10/31/2019,CRG,FL,ASO,ES,Federal Contract Tower,0,8,94,0,102,0,0,176,10,186,0,8,270,10,288,305,0,305,593
11/01/2019,CRG,FL,ASO,ES,Federal Contract Tower,0,10,130,0,140,0,0,138,12,150,0,10,268,12,290,300,0,300,590
11/02/2019,CRG,FL,ASO,ES,Federal Contract Tower,0,15,111,0,126,0,0,143,0,143,0,15,254,0,269,213,0,213,482
11/03/2019,CRG,FL,ASO,ES,Federal Contract Tower,0,10,92,2,104,0,0,103,0,103,0,10,195,2,207,273,0,273,480
11/04/2019,CRG,FL,ASO,ES,Federal Contract Tower,0,17,83,0,100,0,0,165,36,201,0,17,248,36,301,311,0,311,612
11/05/2019,CRG,FL,ASO,ES,Federal Contract Tower,0,7,72,0,79,0,0,33,60,93,0,7,105,60,172,135,0,135,307
11/06/2019,CRG,FL,ASO,ES,Federal Contract Tower,0,11,121,2,134,0,0,82,70,152,0,11,203,72,286,242,0,242,528
11/07/2019,CRG,FL,ASO,ES,Federal Contract Tower,0,15,84,0,99,0,0,208,44,252,0,15,292,44,351,391,0,391,742
11/08/2019,CRG,FL,ASO,ES,Federal Contract Tower,0,8,58,0,66,0,0,13,6,19,0,8,71,6,85,42,0,42,127
11/09/2019,CRG,FL,ASO,ES,Federal Contract Tower,0,4,77,0,81,0,0,116,2,118,0,4,193,2,199,285,0,285,484
11/10/2019,CRG,FL,ASO,ES,Federal Contract Tower,0,9,84,0,93,0,0,122,0,122,0,9,206,0,215,434,0,434,649
11/11/2019,CRG,FL,ASO,ES,Federal Contract Tower,0,6,106,0,112,0,0,166,2,168,0,6,272,2,280,430,0,430,710
11/12/2019,CRG,FL,ASO,ES,Federal Contract Tower,0,2,53,0,55,0,0,145,12,157,0,2,198,12,212,361,0,361,573
11/13/2019,CRG,FL,ASO,ES,Federal Contract Tower,0,5,93,4,102,0,0,98,85,183,0,5,191,89,285,151,0,151,436
11/14/2019,CRG,FL,ASO,ES,Federal Contract Tower,0,8,90,2,100,0,0,2,6,8,0,8,92,8,108,0,0,0,108
11/15/2019,CRG,FL,ASO,ES,Federal Contract Tower,0,8,45,0,53,0,0,0,0,0,0,8,45,0,53,0,0,0,53
11/16/2019,CRG,FL,ASO,ES,Federal Contract Tower,0,0,54,0,54,0,0,4,2,6,0,0,58,2,60,4,0,4,64
11/17/2019,CRG,FL,ASO,ES,Federal Contract Tower,0,17,70,0,87,0,0,116,6,122,0,17,186,6,209,227,0,227,436
11/18/2019,CRG,FL,ASO,ES,Federal Contract Tower,0,7,80,1,88,0,0,191,66,257,0,7,271,67,345,381,0,381,726
11/19/2019,CRG,FL,ASO,ES,Federal Contract Tower,0,6,82,0,88,0,0,199,48,247,0,6,281,48,335,283,0,283,618
11/20/2019,CRG,FL,ASO,ES,Federal Contract Tower,0,5,94,1,100,0,0,241,86,327,0,5,335,87,427,387,0,387,814
11/21/2019,CRG,FL,ASO,ES,Federal Contract Tower,0,7,103,0,110,0,0,213,92,305,0,7,316,92,415,421,0,421,836
11/22/2019,CRG,FL,ASO,ES,Federal Contract Tower,0,0,124,0,124,0,0,179,31,210,0,0,303,31,334,304,1,305,639
11/23/2019,CRG,FL,ASO,ES,Federal Contract Tower,0,7,71,3,81,0,0,196,8,204,0,7,267,11,285,229,0,229,514
11/24/2019,CRG,FL,ASO,ES,Federal Contract Tower,0,6,75,0,81,0,0,107,0,107,0,6,182,0,188,313,0,313,501
11/25/2019,CRG,FL,ASO,ES,Federal Contract Tower,0,4,91,4,99,0,0,165,10,175,0,4,256,14,274,271,0,271,545
11/26/2019,CRG,FL,ASO,ES,Federal Contract Tower,0,8,89,0,97,0,6,186,28,220,0,14,275,28,317,345,0,345,662
11/27/2019,CRG,FL,ASO,ES,Federal Contract Tower,0,3,76,0,79,0,0,179,0,179,0,3,255,0,258,193,0,193,451
11/28/2019,CRG,FL,ASO,ES,Federal Contract Tower,0,4,14,0,18,0,0,40,0,40,0,4,54,0,58,6,0,6,64
11/29/2019,CRG,FL,ASO,ES,Federal Contract Tower,0,7,46,0,53,0,0,97,0,97,0,7,143,0,150,157,0,157,307
11/30/2019,CRG,FL,ASO,ES,Federal Contract Tower,0,5,59,0,64,0,0,81,0,81,0,5,140,0,145,163,0,163,308
12/01/2019,CRG,FL,ASO,ES,Federal Contract Tower,0,4,51,0,55,0,0,25,0,25,0,4,76,0,80,40,0,40,120
12/02/2019,CRG,FL,ASO,ES,Federal Contract Tower,0,1,64,4,69,0,0,130,12,142,0,1,194,16,211,130,0,130,341
12/03/2019,CRG,FL,ASO,ES,Federal Contract Tower,0,7,73,6,86,0,0,187,46,233,0,7,260,52,319,334,0,334,653
12/04/2019,CRG,FL,ASO,ES,Federal Contract Tower,0,7,101,4,112,0,0,216,58,274,0,7,317,62,386,328,0,328,714
12/05/2019,CRG,FL,ASO,ES,Federal Contract Tower,0,2,80,0,82,0,0,223,62,285,0,2,303,62,367,303,0,303,670
12/06/2019,CRG,FL,ASO,ES,Federal Contract Tower,0,10,92,2,104,0,0,215,8,223,0,10,307,10,327,374,0,374,701
12/07/2019,CRG,FL,ASO,ES,Federal Contract Tower,0,0,80,0,80,0,0,149,18,167,0,0,229,18,247,405,0,405,652
12/08/2019,CRG,FL,ASO,ES,Federal Contract Tower,0,7,54,0,61,0,0,13,0,13,0,7,67,0,74,200,0,200,274
12/09/2019,CRG,FL,ASO,ES,Federal Contract Tower,0,2,69,0,71,0,0,169,46,215,0,2,238,46,286,261,0,261,547
12/10/2019,CRG,FL,ASO,ES,Federal Contract Tower,0,10,90,2,102,0,0,206,26,232,0,10,296,28,334,323,0,323,657
12/11/2019,CRG,FL,ASO,ES,Federal Contract Tower,0,3,75,10,88,0,0,17,24,41,0,3,92,34,129,24,0,24,153
12/12/2019,CRG,FL,ASO,ES,Federal Contract Tower,0,8,80,0,88,0,0,35,24,59,0,8,115,24,147,183,0,183,330
12/13/2019,CRG,FL,ASO,ES,Federal Contract Tower,0,1,34,0,35,0,0,9,2,11,0,1,43,2,46,4,0,4,50
12/14/2019,CRG,FL,ASO,ES,Federal Contract Tower,0,6,61,0,67,0,0,118,0,118,0,6,179,0,185,260,0,260,445
12/15/2019,CRG,FL,ASO,ES,Federal Contract Tower,0,10,78,0,88,0,0,200,0,200,0,10,278,0,288,354,0,354,642
12/16/2019,CRG,FL,ASO,ES,Federal Contract Tower,0,7,73,0,80,0,0,206,10,216,0,7,279,10,296,387,0,387,683
12/17/2019,CRG,FL,ASO,ES,Federal Contract Tower,0,2,59,0,61,0,0,37,2,39,0,2,96,2,100,108,0,108,208
12/18/2019,CRG,FL,ASO,ES,Federal Contract Tower,0,10,87,0,97,0,0,201,56,257,0,10,288,56,354,267,0,267,621
12/19/2019,CRG,FL,ASO,ES,Federal Contract Tower,0,15,69,0,84,0,2,178,24,204,0,17,247,24,288,326,0,326,614
12/20/2019,CRG,FL,ASO,ES,Federal Contract Tower,0,6,69,0,75,0,2,74,40,116,0,8,143,40,191,88,0,88,279
12/21/2019,CRG,FL,ASO,ES,Federal Contract Tower,0,1,43,0,44,0,0,30,0,30,0,1,73,0,74,62,0,62,136
12/22/2019,CRG,FL,ASO,ES,Federal Contract Tower,0,0,18,0,18,0,0,0,0,0,0,0,18,0,18,0,0,0,18
12/23/2019,CRG,FL,ASO,ES,Federal Contract Tower,0,6,44,2,52,0,0,66,4,70,0,6,110,6,122,93,0,93,215
12/24/2019,CRG,FL,ASO,ES,Federal Contract Tower,0,2,14,1,17,0,0,3,0,3,0,2,17,1,20,0,0,0,20
12/25/2019,CRG,FL,ASO,ES,Federal Contract Tower,0,2,22,0,24,0,0,23,0,23,0,2,45,0,47,2,0,2,49
12/26/2019,CRG,FL,ASO,ES,Federal Contract Tower,0,0,66,0,66,0,2,42,6,50,0,2,108,6,116,147,0,147,263
12/27/2019,CRG,FL,ASO,ES,Federal Contract Tower,0,5,57,6,68,0,4,114,28,146,0,9,171,34,214,218,0,218,432
12/28/2019,CRG,FL,ASO,ES,Federal Contract Tower,0,3,59,0,62,0,0,44,0,44,0,3,103,0,106,76,0,76,182
12/29/2019,CRG,FL,ASO,ES,Federal Contract Tower,0,0,51,0,51,0,0,16,0,16,0,0,67,0,67,0,0,0,67
12/30/2019,CRG,FL,ASO,ES,Federal Contract Tower,0,4,63,6,73,0,0,108,2,110,0,4,171,8,183,144,0,144,327
12/31/2019,CRG,FL,ASO,ES,Federal Contract Tower,0,0,78,0,78,0,0,172,0,172,0,0,250,0,250,156,0,156,406
01/01/2020,CRG,FL,ASO,ES,Federal Contract Tower,0,4,40,0,44,0,2,100,0,102,0,6,140,0,146,141,0,141,287
01/02/2020,CRG,FL,ASO,ES,Federal Contract Tower,0,10,72,0,82,0,0,133,8,141,0,10,205,8,223,227,0,227,450
01/03/2020,CRG,FL,ASO,ES,Federal Contract Tower,0,9,71,1,81,0,0,82,22,104,0,9,153,23,185,176,0,176,361
01/04/2020,CRG,FL,ASO,ES,Federal Contract Tower,0,4,27,0,31,0,0,20,0,20,0,4,47,0,51,67,0,67,118
01/05/2020,CRG,FL,ASO,ES,Federal Contract Tower,0,5,73,0,78,0,2,148,0,150,0,7,221,0,228,206,0,206,434
01/06/2020,CRG,FL,ASO,ES,Federal Contract Tower,0,5,65,0,70,0,0,166,18,184,0,5,231,18,254,365,0,365,619
01/07/2020,CRG,FL,ASO,ES,Federal Contract Tower,0,8,90,1,99,0,0,179,21,200,0,8,269,22,299,323,0,323,622
01/08/2020,CRG,FL,ASO,ES,Federal Contract Tower,0,1,91,0,92,0,0,190,62,252,0,1,281,62,344,363,0,363,707
01/09/2020,CRG,FL,ASO,ES,Federal Contract Tower,0,8,106,0,114,0,0,142,46,188,0,8,248,46,302,231,0,231,533
01/10/2020,CRG,FL,ASO,ES,Federal Contract Tower,0,5,84,2,91,0,0,179,32,211,0,5,263,34,302,250,0,250,552
01/11/2020,CRG,FL,ASO,ES,Federal Contract Tower,0,4,36,0,40,0,0,41,10,51,0,4,77,10,91,156,0,156,247
01/12/2020,CRG,FL,ASO,ES,Federal Contract Tower,0,8,55,0,63,0,0,100,0,100,0,8,155,0,163,266,0,266,429
01/13/2020,CRG,FL,ASO,ES,Federal Contract Tower,0,7,72,0,79,0,2,158,20,180,0,9,230,20,259,297,0,297,556
01/14/2020,CRG,FL,ASO,ES,Federal Contract Tower,0,3,79,0,82,0,0,164,60,224,0,3,243,60,306,329,0,329,635
01/15/2020,CRG,FL,ASO,ES,Federal Contract Tower,0,6,129,0,135,0,0,181,30,211,0,6,310,30,346,475,0,475,821
01/16/2020,CRG,FL,ASO,ES,Federal Contract Tower,0,4,116,0,120,0,0,63,12,75,0,4,179,12,195,164,0,164,359
01/17/2020,CRG,FL,ASO,ES,Federal Contract Tower,0,4,74,1,79,0,0,104,0,104,0,4,178,1,183,94,0,94,277
01/18/2020,CRG,FL,ASO,ES,Federal Contract Tower,0,1,84,0,85,0,0,121,0,121,0,1,205,0,206,262,0,262,468
01/19/2020,CRG,FL,ASO,ES,Federal Contract Tower,0,2,39,0,41,0,0,34,0,34,0,2,73,0,75,112,0,112,187
01/20/2020,CRG,FL,ASO,ES,Federal Contract Tower,0,9,103,0,112,0,0,235,0,235,0,9,338,0,347,256,0,256,603
01/21/2020,CRG,FL,ASO,ES,Federal Contract Tower,0,2,85,0,87,0,0,165,34,199,0,2,250,34,286,290,0,290,576
01/22/2020,CRG,FL,ASO,ES,Federal Contract Tower,0,3,79,0,82,0,0,62,21,83,0,3,141,21,165,185,0,185,350
01/23/2020,CRG,FL,ASO,ES,Federal Contract Tower,0,8,48,0,56,0,0,0,16,16,0,8,48,16,72,0,0,0,72
01/24/2020,CRG,FL,ASO,ES,Federal Contract Tower,2,2,106,0,110,0,0,165,12,177,2,2,271,12,287,376,0,376,663
01/25/2020,CRG,FL,ASO,ES,Federal Contract Tower,0,3,94,0,97,0,0,199,4,203,0,3,293,4,300,251,0,251,551
01/26/2020,CRG,FL,ASO,ES,Federal Contract Tower,0,1,68,0,69,0,0,166,0,166,0,1,234,0,235,234,0,234,469
01/27/2020,CRG,FL,ASO,ES,Federal Contract Tower,0,5,77,2,84,0,0,0,6,6,0,5,77,8,90,346,0,346,436
01/28/2020,CRG,FL,ASO,ES,Federal Contract Tower,0,8,119,0,127,0,0,185,54,239,0,8,304,54,366,385,0,385,751
01/29/2020,CRG,FL,ASO,ES,Federal Contract Tower,0,4,81,0,85,0,0,180,14,194,0,4,261,14,279,399,0,399,678
01/30/2020,CRG,FL,ASO,ES,Federal Contract Tower,0,5,81,0,86,0,0,16,4,20,0,5,97,4,106,80,0,80,186
01/31/2020,CRG,FL,ASO,ES,Federal Contract Tower,0,5,74,2,81,0,0,56,24,80,0,5,130,26,161,265,0,265,426
02/01/2020,CRG,FL,ASO,ES,Federal Contract Tower,0,0,60,0,60,0,0,14,0,14,0,0,74,0,74,0,0,0,74
02/02/2020,CRG,FL,ASO,ES,Federal Contract Tower,0,1,55,0,56,0,0,168,0,168,0,1,223,0,224,352,0,352,576
02/03/2020,CRG,FL,ASO,ES,Federal Contract Tower,0,3,76,0,79,0,0,216,10,226,0,3,292,10,305,390,0,390,695
02/04/2020,CRG,FL,ASO,ES,Federal Contract Tower,0,5,76,0,81,0,0,220,20,240,0,5,296,20,321,429,0,429,750
02/05/2020,CRG,FL,ASO,ES,Federal Contract Tower,0,5,97,0,102,0,0,180,9,189,0,5,277,9,291,416,0,416,707
02/06/2020,CRG,FL,ASO,ES,Federal Contract Tower,0,3,29,1,33,0,0,22,10,32,0,3,51,11,65,52,0,52,117
02/07/2020,CRG,FL,ASO,ES,Federal Contract Tower,0,13,70,0,83,0,1,80,4,85,0,14,150,4,168,74,0,74,242
02/08/2020,CRG,FL,ASO,ES,Federal Contract Tower,0,1,104,0,105,0,0,191,14,205,0,1,295,14,310,177,0,177,487
02/09/2020,CRG,FL,ASO,ES,Federal Contract Tower,0,6,64,0,70,0,0,132,6,138,0,6,196,6,208,336,0,336,544
02/10/2020,CRG,FL,ASO,ES,Federal Contract Tower,0,2,95,0,97,0,0,197,23,220,0,2,292,23,317,309,0,309,626
02/11/2020,CRG,FL,ASO,ES,Federal Contract Tower,0,9,105,0,114,0,4,169,23,196,0,13,274,23,310,313,14,327,637
02/12/2020,CRG,FL,ASO,ES,Federal Contract Tower,0,8,105,0,113,0,0,154,6,160,0,8,259,6,273,336,0,336,609
02/13/2020,CRG,FL,ASO,ES,Federal Contract Tower,0,11,81,1,93,0,0,61,11,72,0,11,142,12,165,77,0,77,242
02/14/2020,CRG,FL,ASO,ES,Federal Contract Tower,0,4,78,0,82,0,0,36,14,50,0,4,114,14,132,9,0,9,141
02/15/2020,CRG,FL,ASO,ES,Federal Contract Tower,0,0,75,0,75,0,0,133,7,140,0,0,208,7,215,178,0,178,393
02/16/2020,CRG,FL,ASO,ES,Federal Contract Tower,0,4,40,0,44,0,0,71,0,71,0,4,111,0,115,234,0,234,349
02/17/2020,CRG,FL,ASO,ES,Federal Contract Tower,0,3,53,0,56,0,0,7,0,7,0,3,60,0,63,0,0,0,63
02/18/2020,CRG,FL,ASO,ES,Federal Contract Tower,0,8,93,4,105,0,2,135,16,153,0,10,228,20,258,306,0,306,564
02/19/2020,CRG,FL,ASO,ES,Federal Contract Tower,0,21,108,0,129,0,0,80,30,110,0,21,188,30,239,166,0,166,405
02/20/2020,CRG,FL,ASO,ES,Federal Contract Tower,0,10,71,0,81,0,0,14,4,18,0,10,85,4,99,12,0,12,111
02/21/2020,CRG,FL,ASO,ES,Federal Contract Tower,0,10,47,0,57,0,2,10,0,12,0,12,57,0,69,4,0,4,73
02/22/2020,CRG,FL,ASO,ES,Federal Contract Tower,0,2,84,0,86,0,0,100,0,100,0,2,184,0,186,336,0,336,522
02/23/2020,CRG,FL,ASO,ES,Federal Contract Tower,0,10,82,0,92,0,0,176,0,176,0,10,258,0,268,358,0,358,626
02/24/2020,CRG,FL,ASO,ES,Federal Contract Tower,0,10,126,0,136,0,0,198,4,202,0,10,324,4,338,471,0,471,809
02/25/2020,CRG,FL,ASO,ES,Federal Contract Tower,0,2,47,0,49,0,0,22,0,22,0,2,69,0,71,78,0,78,149
02/26/2020,CRG,FL,ASO,ES,Federal Contract Tower,0,2,58,0,60,0,0,87,13,100,0,2,145,13,160,386,0,386,546
02/27/2020,CRG,FL,ASO,ES,Federal Contract Tower,0,5,141,0,146,0,0,227,24,251,0,5,368,24,397,365,0,365,762
02/28/2020,CRG,FL,ASO,ES,Federal Contract Tower,0,12,99,0,111,0,0,271,31,302,0,12,370,31,413,389,0,389,802
02/29/2020,CRG,FL,ASO,ES,Federal Contract Tower,0,1,61,0,62,0,0,94,0,94,0,1,155,0,156,215,0,215,371
03/01/2020,CRG,FL,ASO,ES,Federal Contract Tower,0,2,72,0,74,0,0,188,0,188,0,2,260,0,262,360,0,360,622
03/02/2020,CRG,FL,ASO,ES,Federal Contract Tower,0,5,67,0,72,0,0,174,28,202,0,5,241,28,274,302,0,302,576
03/03/2020,CRG,FL,ASO,ES,Federal Contract Tower,0,9,81,1,91,0,0,202,44,246,0,9,283,45,337,401,0,401,738
03/04/2020,CRG,FL,ASO,ES,Federal Contract Tower,0,0,108,0,108,0,0,129,24,153,0,0,237,24,261,270,0,270,531
03/05/2020,CRG,FL,ASO,ES,Federal Contract Tower,0,3,47,0,50,0,0,24,8,32,0,3,71,8,82,16,0,16,98
03/06/2020,CRG,FL,ASO,ES,Federal Contract Tower,0,6,102,0,108,0,2,106,2,110,0,8,208,2,218,144,0,144,362
03/07/2020,CRG,FL,ASO,ES,Federal Contract Tower,0,5,82,0,87,0,0,118,0,118,0,5,200,0,205,374,0,374,579
03/08/2020,CRG,FL,ASO,ES,Federal Contract Tower,0,8,72,0,80,0,0,87,4,91,0,8,159,4,171,246,0,246,417
03/09/2020,CRG,FL,ASO,ES,Federal Contract Tower,0,10,86,0,96,0,0,141,26,167,0,10,227,26,263,288,0,288,551
03/10/2020,CRG,FL,ASO,ES,Federal Contract Tower,0,4,126,1,131,0,0,195,8,203,0,4,321,9,334,265,0,265,599
03/11/2020,CRG,FL,ASO,ES,Federal Contract Tower,0,10,105,0,115,0,2,171,14,187,0,12,276,14,302,453,0,453,755
03/12/2020,CRG,FL,ASO,ES,Federal Contract Tower,0,16,127,1,144,0,0,190,21,211,0,16,317,22,355,329,0,329,684
03/13/2020,CRG,FL,ASO,ES,Federal Contract Tower,0,18,110,0,128,0,0,167,18,185,0,18,277,18,313,290,8,298,611
03/14/2020,CRG,FL,ASO,ES,Federal Contract Tower,0,5,63,0,68,0,0,113,2,115,0,5,176,2,183,470,0,470,653
03/15/2020,CRG,FL,ASO,ES,Federal Contract Tower,0,2,61,0,63,0,1,100,4,105,0,3,161,4,168,344,0,344,512
03/16/2020,CRG,FL,ASO,ES,Federal Contract Tower,0,4,94,0,98,0,0,41,14,55,0,4,135,14,153,164,0,164,317
03/17/2020,CRG,FL,ASO,ES,Federal Contract Tower,0,2,61,0,63,0,0,135,20,155,0,2,196,20,218,337,0,337,555
03/18/2020,CRG,FL,ASO,ES,Federal Contract Tower,0,6,100,0,106,0,2,181,4,187,0,8,281,4,293,378,0,378,671
03/19/2020,CRG,FL,ASO,ES,Federal Contract Tower,0,0,81,2,83,0,0,184,23,207,0,0,265,25,290,391,0,391,681
03/20/2020,CRG,FL,ASO,ES,Federal Contract Tower,0,5,64,0,69,0,0,176,0,176,0,5,240,0,245,314,0,314,559
03/21/2020,CRG,FL,ASO,ES,Federal Contract Tower,0,0,88,0,88,0,0,130,0,130,0,0,218,0,218,424,0,424,642
03/22/2020,CRG,FL,ASO,ES,Federal Contract Tower,0,0,56,0,56,0,0,77,0,77,0,0,133,0,133,212,0,212,345
03/23/2020,CRG,FL,ASO,ES,Federal Contract Tower,0,0,61,0,61,0,0,104,41,145,0,0,165,41,206,255,0,255,461
03/24/2020,CRG,FL,ASO,ES,Federal Contract Tower,0,3,69,2,74,0,0,113,6,119,0,3,182,8,193,209,0,209,402
03/25/2020,CRG,FL,ASO,ES,Federal Contract Tower,0,6,62,2,70,0,0,123,2,125,0,6,185,4,195,468,0,468,663
03/26/2020,CRG,FL,ASO,ES,Federal Contract Tower,0,2,86,0,88,0,0,145,17,162,0,2,231,17,250,320,0,320,570
03/27/2020,CRG,FL,ASO,ES,Federal Contract Tower,0,0,86,0,86,0,0,136,0,136,0,0,222,0,222,231,0,231,453
03/28/2020,CRG,FL,ASO,ES,Federal Contract Tower,0,0,64,0,64,0,0,157,0,157,0,0,221,0,221,388,0,388,609
03/29/2020,CRG,FL,ASO,ES,Federal Contract Tower,0,0,45,0,45,0,0,110,0,110,0,0,155,0,155,202,0,202,357
03/30/2020,CRG,FL,ASO,ES,Federal Contract Tower,0,3,52,2,57,0,0,179,7,186,0,3,231,9,243,371,0,371,614
03/31/2020,CRG,FL,ASO,ES,Federal Contract Tower,0,0,39,0,39,0,0,39,4,43,0,0,78,4,82,143,0,143,225
04/01/2020,CRG,FL,ASO,ES,Federal Contract Tower,0,2,68,0,70,0,0,138,12,150,0,2,206,12,220,282,0,282,502
04/02/2020,CRG,FL,ASO,ES,Federal Contract Tower,0,1,56,2,59,0,0,166,0,166,0,1,222,2,225,380,0,380,605
04/03/2020,CRG,FL,ASO,ES,Federal Contract Tower,0,0,55,0,55,0,0,125,3,128,0,0,180,3,183,252,0,252,435
04/04/2020,CRG,FL,ASO,ES,Federal Contract Tower,0,1,54,0,55,0,0,108,0,108,0,1,162,0,163,357,0,357,520
04/05/2020,CRG,FL,ASO,ES,Federal Contract Tower,0,0,11,0,11,0,0,22,0,22,0,0,33,0,33,126,0,126,159
04/06/2020,CRG,FL,ASO,ES,Federal Contract Tower,0,0,48,0,48,0,0,108,2,110,0,0,156,2,158,343,4,347,505
04/07/2020,CRG,FL,ASO,ES,Federal Contract Tower,0,0,47,6,53,0,0,108,8,116,0,0,155,14,169,329,0,329,498
04/08/2020,CRG,FL,ASO,ES,Federal Contract Tower,0,0,34,2,36,0,0,29,18,47,0,0,63,20,83,82,0,82,165
04/09/2020,CRG,FL,ASO,ES,Federal Contract Tower,0,1,55,0,56,0,0,94,3,97,0,1,149,3,153,233,0,233,386
04/10/2020,CRG,FL,ASO,ES,Federal Contract Tower,0,6,44,0,50,0,0,78,20,98,0,6,122,20,148,256,0,256,404
04/11/2020,CRG,FL,ASO,ES,Federal Contract Tower,0,0,49,0,49,0,0,138,0,138,0,0,187,0,187,291,0,291,478
04/12/2020,CRG,FL,ASO,ES,Federal Contract Tower,0,1,15,0,16,0,0,9,0,9,0,1,24,0,25,22,0,22,47
04/13/2020,CRG,FL,ASO,ES,Federal Contract Tower,0,0,17,0,17,0,2,19,2,23,0,2,36,2,40,0,0,0,40
04/14/2020,CRG,FL,ASO,ES,Federal Contract Tower,0,1,19,0,20,0,0,21,0,21,0,1,40,0,41,125,0,125,166
04/15/2020,CRG,FL,ASO,ES,Federal Contract Tower,0,3,14,0,17,0,0,7,4,11,0,3,21,4,28,12,0,12,40
04/16/2020,CRG,FL,ASO,ES,Federal Contract Tower,0,0,29,2,31,0,0,123,8,131,0,0,152,10,162,173,0,173,335
04/17/2020,CRG,FL,ASO,ES,Federal Contract Tower,0,1,68,0,69,0,0,132,6,138,0,1,200,6,207,278,0,278,485
04/18/2020,CRG,FL,ASO,ES,Federal Contract Tower,0,3,42,0,45,0,0,39,0,39,0,3,81,0,84,116,0,116,200
04/19/2020,CRG,FL,ASO,ES,Federal Contract Tower,0,1,19,0,20,0,0,54,0,54,0,1,73,0,74,116,0,116,190
04/20/2020,CRG,FL,ASO,ES,Federal Contract Tower,0,3,28,0,31,0,4,45,6,55,0,7,73,6,86,90,0,90,176
04/21/2020,CRG,FL,ASO,ES,Federal Contract Tower,0,0,71,4,75,0,0,202,19,221,0,0,273,23,296,309,0,309,605
04/22/2020,CRG,FL,ASO,ES,Federal Contract Tower,0,0,61,0,61,0,0,191,26,217,0,0,252,26,278,264,0,264,542
04/23/2020,CRG,FL,ASO,ES,Federal Contract Tower,0,3,10,2,15,0,0,71,0,71,0,3,81,2,86,74,0,74,160
04/24/2020,CRG,FL,ASO,ES,Federal Contract Tower,0,0,37,2,39,0,0,43,0,43,0,0,80,2,82,102,0,102,184
04/25/2020,CRG,FL,ASO,ES,Federal Contract Tower,0,0,53,0,53,0,0,101,0,101,0,0,154,0,154,231,0,231,385
04/26/2020,CRG,FL,ASO,ES,Federal Contract Tower,0,4,33,0,37,0,0,86,0,86,0,4,119,0,123,66,0,66,189
04/27/2020,CRG,FL,ASO,ES,Federal Contract Tower,0,0,63,0,63,0,0,152,8,160,0,0,215,8,223,201,0,201,424
04/28/2020,CRG,FL,ASO,ES,Federal Contract Tower,0,2,81,2,85,0,2,153,14,169,0,4,234,16,254,304,0,304,558
04/29/2020,CRG,FL,ASO,ES,Federal Contract Tower,0,2,50,0,52,0,0,128,12,140,0,2,178,12,192,281,0,281,473
04/30/2020,CRG,FL,ASO,ES,Federal Contract Tower,0,6,40,0,46,0,0,84,3,87,0,6,124,3,133,164,0,164,297
05/01/2020,CRG,FL,ASO,ES,Federal Contract Tower,0,2,69,0,71,0,0,161,0,161,0,2,230,0,232,201,0,201,433
05/02/2020,CRG,FL,ASO,ES,Federal Contract Tower,0,2,56,0,58,0,0,120,0,120,0,2,176,0,178,331,0,331,509
05/03/2020,CRG,FL,ASO,ES,Federal Contract Tower,0,0,39,0,39,0,0,133,0,133,0,0,172,0,172,220,0,220,392
05/04/2020,CRG,FL,ASO,ES,Federal Contract Tower,0,2,58,0,60,0,0,144,8,152,0,2,202,8,212,257,0,257,469
05/05/2020,CRG,FL,ASO,ES,Federal Contract Tower,0,1,47,2,50,0,0,149,14,163,0,1,196,16,213,273,0,273,486
05/06/2020,CRG,FL,ASO,ES,Federal Contract Tower,0,4,63,2,69,0,0,74,23,97,0,4,137,25,166,192,0,192,358
05/07/2020,CRG,FL,ASO,ES,Federal Contract Tower,0,2,63,0,65,0,3,147,18,168,0,5,210,18,233,307,0,307,540
05/08/2020,CRG,FL,ASO,ES,Federal Contract Tower,0,4,52,0,56,0,0,172,13,185,0,4,224,13,241,256,0,256,497
05/09/2020,CRG,FL,ASO,ES,Federal Contract Tower,0,0,35,0,35,0,0,68,2,70,0,0,103,2,105,232,0,232,337
05/10/2020,CRG,FL,ASO,ES,Federal Contract Tower,0,3,28,0,31,0,0,61,0,61,0,3,89,0,92,115,0,115,207
05/11/2020,CRG,FL,ASO,ES,Federal Contract Tower,0,3,63,0,66,0,0,130,20,150,0,3,193,20,216,314,0,314,530
05/12/2020,CRG,FL,ASO,ES,Federal Contract Tower,0,1,61,0,62,0,0,194,13,207,0,1,255,13,269,246,0,246,515
05/13/2020,CRG,FL,ASO,ES,Federal Contract Tower,0,4,67,0,71,0,0,149,8,157,0,4,216,8,228,329,0,329,557
05/14/2020,CRG,FL,ASO,ES,Federal Contract Tower,0,5,62,2,69,0,0,128,6,134,0,5,190,8,203,222,0,222,425
05/15/2020,CRG,FL,ASO,ES,Federal Contract Tower,0,2,72,1,75,0,0,136,0,136,0,2,208,1,211,286,0,286,497
05/16/2020,CRG,FL,ASO,ES,Federal Contract Tower,0,9,45,0,54,0,0,52,0,52,0,9,97,0,106,195,0,195,301
05/17/2020,CRG,FL,ASO,ES,Federal Contract Tower,0,7,49,0,56,0,0,75,0,75,0,7,124,0,131,160,0,160,291
05/18/2020,CRG,FL,ASO,ES,Federal Contract Tower,0,2,40,0,42,0,0,79,4,83,0,2,119,4,125,326,0,326,451
05/19/2020,CRG,FL,ASO,ES,Federal Contract Tower,0,3,72,0,75,0,0,174,8,182,0,3,246,8,257,513,0,513,770
05/20/2020,CRG,FL,ASO,ES,Federal Contract Tower,0,3,92,0,95,0,0,167,6,173,0,3,259,6,268,383,0,383,651
05/21/2020,CRG,FL,ASO,ES,Federal Contract Tower,0,5,81,0,86,0,0,159,10,169,0,5,240,10,255,338,0,338,593
05/22/2020,CRG,FL,ASO,ES,Federal Contract Tower,0,18,76,0,94,0,0,171,2,173,0,18,247,2,267,232,0,232,499
05/23/2020,CRG,FL,ASO,ES,Federal Contract Tower,2,2,54,0,58,0,0,103,0,103,2,2,157,0,161,272,0,272,433
05/24/2020,CRG,FL,ASO,ES,Federal Contract Tower,0,1,50,0,51,0,0,62,0,62,0,1,112,0,113,86,0,86,199
05/25/2020,CRG,FL,ASO,ES,Federal Contract Tower,0,2,50,0,52,0,0,54,0,54,0,2,104,0,106,233,0,233,339
05/26/2020,CRG,FL,ASO,ES,Federal Contract Tower,0,2,27,0,29,0,0,7,0,7,0,2,34,0,36,67,0,67,103
05/27/2020,CRG,FL,ASO,ES,Federal Contract Tower,0,2,70,0,72,0,0,60,8,68,0,2,130,8,140,236,0,236,376
05/28/2020,CRG,FL,ASO,ES,Federal Contract Tower,0,6,67,0,73,0,0,117,6,123,0,6,184,6,196,246,0,246,442
05/29/2020,CRG,FL,ASO,ES,Federal Contract Tower,0,5,65,0,70,0,0,131,0,131,0,5,196,0,201,252,0,252,453
05/30/2020,CRG,FL,ASO,ES,Federal Contract Tower,0,4,59,0,63,0,0,119,2,121,0,4,178,2,184,215,0,215,399
05/31/2020,CRG,FL,ASO,ES,Federal Contract Tower,0,0,59,0,59,0,0,132,0,132,0,0,191,0,191,218,0,218,409
06/01/2020,CRG,FL,ASO,ES,Federal Contract Tower,0,4,56,0,60,0,0,68,10,78,0,4,124,10,138,70,0,70,208
06/02/2020,CRG,FL,ASO,ES,Federal Contract Tower,0,4,98,0,102,0,0,167,6,173,0,4,265,6,275,435,0,435,710
06/03/2020,CRG,FL,ASO,ES,Federal Contract Tower,0,4,79,0,83,0,0,185,6,191,0,4,264,6,274,422,0,422,696
06/04/2020,CRG,FL,ASO,ES,Federal Contract Tower,0,1,65,0,66,0,0,14,0,14,0,1,79,0,80,168,0,168,248
06/05/2020,CRG,FL,ASO,ES,Federal Contract Tower,0,4,88,0,92,0,0,94,10,104,0,4,182,10,196,362,0,362,558
06/06/2020,CRG,FL,ASO,ES,Federal Contract Tower,0,4,27,0,31,0,0,45,0,45,0,4,72,0,76,160,0,160,236
06/07/2020,CRG,FL,ASO,ES,Federal Contract Tower,0,1,10,0,11,0,0,4,0,4,0,1,14,0,15,0,0,0,15
06/08/2020,CRG,FL,ASO,ES,Federal Contract Tower,0,1,73,0,74,0,0,60,4,64,0,1,133,4,138,108,0,108,246
06/09/2020,CRG,FL,ASO,ES,Federal Contract Tower,0,1,59,0,60,0,0,68,2,70,0,1,127,2,130,257,0,257,387
06/10/2020,CRG,FL,ASO,ES,Federal Contract Tower,0,5,76,0,81,0,0,142,0,142,0,5,218,0,223,410,0,410,633
06/11/2020,CRG,FL,ASO,ES,Federal Contract Tower,0,0,77,0,77,0,0,159,6,165,0,0,236,6,242,420,0,420,662
06/12/2020,CRG,FL,ASO,ES,Federal Contract Tower,0,2,88,0,90,0,0,204,6,210,0,2,292,6,300,278,0,278,578
06/13/2020,CRG,FL,ASO,ES,Federal Contract Tower,0,3,58,0,61,0,0,80,0,80,0,3,138,0,141,246,0,246,387
06/14/2020,CRG,FL,ASO,ES,Federal Contract Tower,0,7,48,0,55,0,0,72,0,72,0,7,120,0,127,83,0,83,210
06/15/2020,CRG,FL,ASO,ES,Federal Contract Tower,0,6,98,7,111,0,0,128,12,140,0,6,226,19,251,292,0,292,543
06/16/2020,CRG,FL,ASO,ES,Federal Contract Tower,0,3,84,15,102,0,0,185,25,210,0,3,269,40,312,498,6,504,816
06/17/2020,CRG,FL,ASO,ES,Federal Contract Tower,0,12,107,0,119,0,0,156,67,223,0,12,263,67,342,444,0,444,786
06/18/2020,CRG,FL,ASO,ES,Federal Contract Tower,0,7,102,0,109,0,0,157,10,167,0,7,259,10,276,449,12,461,737
06/19/2020,CRG,FL,ASO,ES,Federal Contract Tower,0,2,44,0,46,0,0,82,8,90,0,2,126,8,136,167,0,167,303
06/20/2020,CRG,FL,ASO,ES,Federal Contract Tower,0,2,61,0,63,0,0,103,0,103,0,2,164,0,166,222,0,222,388
06/21/2020,CRG,FL,ASO,ES,Federal Contract Tower,0,0,54,0,54,0,0,95,0,95,0,0,149,0,149,136,0,136,285
06/22/2020,CRG,FL,ASO,ES,Federal Contract Tower,0,5,71,0,76,0,0,84,0,84,0,5,155,0,160,156,0,156,316
06/23/2020,CRG,FL,ASO,ES,Federal Contract Tower,0,4,54,0,58,0,0,102,10,112,0,4,156,10,170,203,0,203,373
06/24/2020,CRG,FL,ASO,ES,Federal Contract Tower,0,9,55,2,66,0,0,96,2,98,0,9,151,4,164,130,0,130,294
06/25/2020,CRG,FL,ASO,ES,Federal Contract Tower,0,7,79,0,86,0,2,147,14,163,0,9,226,14,249,259,0,259,508
06/26/2020,CRG,FL,ASO,ES,Federal Contract Tower,0,7,103,0,110,0,0,164,0,164,0,7,267,0,274,280,0,280,554
06/27/2020,CRG,FL,ASO,ES,Federal Contract Tower,0,1,53,0,54,0,0,44,0,44,0,1,97,0,98,154,0,154,252
06/28/2020,CRG,FL,ASO,ES,Federal Contract Tower,0,6,51,0,57,0,0,91,0,91,0,6,142,0,148,148,0,148,296
06/29/2020,CRG,FL,ASO,ES,Federal Contract Tower,0,4,66,1,71,0,0,147,8,155,0,4,213,9,226,311,0,311,537
06/30/2020,CRG,FL,ASO,ES,Federal Contract Tower,0,2,51,0,53,0,0,109,18,127,0,2,160,18,180,236,0,236,416
07/01/2020,CRG,FL,ASO,ES,Federal Contract Tower,0,2,78,0,80,0,2,153,10,165,0,4,231,10,245,286,0,286,531
07/02/2020,CRG,FL,ASO,ES,Federal Contract Tower,0,4,67,0,71,0,0,122,8,130,0,4,189,8,201,200,0,200,401
07/03/2020,CRG,FL,ASO,ES,Federal Contract Tower,0,5,60,0,65,0,0,158,0,158,0,5,218,0,223,307,0,307,530
07/04/2020,CRG,FL,ASO,ES,Federal Contract Tower,0,3,19,0,22,0,0,71,0,71,0,3,90,0,93,58,0,58,151
07/05/2020,CRG,FL,ASO,ES,Federal Contract Tower,0,7,45,0,52,0,0,36,0,36,0,7,81,0,88,128,0,128,216
07/06/2020,CRG,FL,ASO,ES,Federal Contract Tower,0,9,29,0,38,0,0,124,0,124,0,9,153,0,162,308,0,308,470
07/07/2020,CRG,FL,ASO,ES,Federal Contract Tower,0,8,61,0,69,0,0,116,17,133,0,8,177,17,202,250,0,250,452
07/08/2020,CRG,FL,ASO,ES,Federal Contract Tower,0,7,83,0,90,0,0,66,12,78,0,7,149,12,168,150,8,158,326
07/09/2020,CRG,FL,ASO,ES,Federal Contract Tower,0,5,58,0,63,0,0,166,14,180,0,5,224,14,243,270,0,270,513
07/10/2020,CRG,FL,ASO,ES,Federal Contract Tower,0,5,76,0,81,0,0,168,2,170,0,5,244,2,251,245,0,245,496
07/11/2020,CRG,FL,ASO,ES,Federal Contract Tower,0,9,50,0,59,0,0,111,0,111,0,9,161,0,170,180,0,180,350
07/12/2020,CRG,FL,ASO,ES,Federal Contract Tower,0,9,54,0,63,0,4,112,0,116,0,13,166,0,179,131,0,131,310
07/13/2020,CRG,FL,ASO,ES,Federal Contract Tower,0,4,71,0,75,0,0,161,8,169,0,4,232,8,244,321,0,321,565
07/14/2020,CRG,FL,ASO,ES,Federal Contract Tower,0,2,70,0,72,0,0,140,2,142,0,2,210,2,214,227,0,227,441
07/15/2020,CRG,FL,ASO,ES,Federal Contract Tower,0,4,83,0,87,0,0,145,6,151,0,4,228,6,238,266,0,266,504
07/16/2020,CRG,FL,ASO,ES,Federal Contract Tower,0,4,91,0,95,0,0,167,10,177,0,4,258,10,272,450,0,450,722
07/17/2020,CRG,FL,ASO,ES,Federal Contract Tower,0,15,74,0,89,0,0,187,2,189,0,15,261,2,278,308,0,308,586
07/18/2020,CRG,FL,ASO,ES,Federal Contract Tower,0,2,60,0,62,0,0,75,0,75,0,2,135,0,137,130,0,130,267
07/19/2020,CRG,FL,ASO,ES,Federal Contract Tower,0,5,61,0,66,0,0,97,0,97,0,5,158,0,163,176,0,176,339
07/20/2020,CRG,FL,ASO,ES,Federal Contract Tower,0,6,66,0,72,0,0,186,0,186,0,6,252,0,258,288,0,288,546
07/21/2020,CRG,FL,ASO,ES,Federal Contract Tower,0,7,80,0,87,0,0,167,6,173,0,7,247,6,260,392,0,392,652
07/22/2020,CRG,FL,ASO,ES,Federal Contract Tower,0,3,65,2,70,0,0,99,18,117,0,3,164,20,187,296,0,296,483
07/23/2020,CRG,FL,ASO,ES,Federal Contract Tower,0,10,75,0,85,0,0,133,4,137,0,10,208,4,222,258,0,258,480
07/24/2020,CRG,FL,ASO,ES,Federal Contract Tower,0,11,86,0,97,0,0,155,2,157,0,11,241,2,254,288,0,288,542
07/25/2020,CRG,FL,ASO,ES,Federal Contract Tower,0,9,71,0,80,0,0,92,0,92,0,9,163,0,172,146,0,146,318
07/26/2020,CRG,FL,ASO,ES,Federal Contract Tower,0,8,48,0,56,0,0,74,0,74,0,8,122,0,130,160,0,160,290
07/28/2020,CRG,FL,ASO,ES,Federal Contract Tower,0,10,72,0,82,0,0,141,6,147,0,10,213,6,229,264,0,264,493
07/29/2020,CRG,FL,ASO,ES,Federal Contract Tower,0,12,62,0,74,0,0,115,6,121,0,12,177,6,195,259,0,259,454
07/30/2020,CRG,FL,ASO,ES,Federal Contract Tower,0,3,86,0,89,0,0,140,8,148,0,3,226,8,237,244,0,244,481
07/31/2020,CRG,FL,ASO,ES,Federal Contract Tower,0,9,93,0,102,0,0,191,1,192,0,9,284,1,294,312,0,312,606
08/01/2020,CRG,FL,ASO,ES,Federal Contract Tower,0,11,57,0,68,0,0,104,0,104,0,11,161,0,172,150,0,150,322
08/02/2020,CRG,FL,ASO,ES,Federal Contract Tower,0,9,11,0,20,0,0,31,0,31,0,9,42,0,51,76,0,76,127
08/03/2020,CRG,FL,ASO,ES,Federal Contract Tower,0,5,18,0,23,0,2,37,0,39,0,7,55,0,62,48,0,48,110
08/04/2020,CRG,FL,ASO,ES,Federal Contract Tower,0,13,70,0,83,0,0,178,4,182,0,13,248,4,265,306,0,306,571
08/05/2020,CRG,FL,ASO,ES,Federal Contract Tower,0,9,80,0,89,0,0,135,8,143,0,9,215,8,232,290,0,290,522
08/06/2020,CRG,FL,ASO,ES,Federal Contract Tower,0,6,73,2,81,0,0,161,4,165,0,6,234,6,246,230,4,234,480
08/07/2020,CRG,FL,ASO,ES,Federal Contract Tower,0,6,76,0,82,0,0,165,4,169,0,6,241,4,251,181,0,181,432
08/08/2020,CRG,FL,ASO,ES,Federal Contract Tower,0,4,52,0,56,0,0,100,0,100,0,4,152,0,156,220,0,220,376
08/09/2020,CRG,FL,ASO,ES,Federal Contract Tower,0,7,64,0,71,0,0,2,0,2,0,7,66,0,73,128,0,128,201
08/10/2020,CRG,FL,ASO,ES,Federal Contract Tower,0,8,79,0,87,0,0,110,6,116,0,8,189,6,203,327,0,327,530
08/11/2020,CRG,FL,ASO,ES,Federal Contract Tower,0,13,42,0,55,0,2,128,4,134,0,15,170,4,189,258,0,258,447
08/12/2020,CRG,FL,ASO,ES,Federal Contract Tower,0,6,63,0,69,0,2,129,4,135,0,8,192,4,204,396,0,396,600
08/13/2020,CRG,FL,ASO,ES,Federal Contract Tower,0,7,85,0,92,0,0,153,8,161,0,7,238,8,253,240,2,242,495
08/14/2020,CRG,FL,ASO,ES,Federal Contract Tower,0,6,62,2,70,0,0,149,8,157,0,6,211,10,227,206,0,206,433
08/15/2020,CRG,FL,ASO,ES,Federal Contract Tower,0,4,37,0,41,0,0,82,0,82,0,4,119,0,123,208,0,208,331
08/16/2020,CRG,FL,ASO,ES,Federal Contract Tower,0,5,48,0,53,0,0,86,0,86,0,5,134,0,139,146,0,146,285
08/17/2020,CRG,FL,ASO,ES,Federal Contract Tower,0,4,68,2,74,0,0,94,4,98,0,4,162,6,172,336,0,336,508
08/18/2020,CRG,FL,ASO,ES,Federal Contract Tower,0,9,56,2,67,0,0,77,4,81,0,9,133,6,148,149,0,149,297
08/19/2020,CRG,FL,ASO,ES,Federal Contract Tower,0,15,47,0,62,0,0,137,6,143,0,15,184,6,205,291,0,291,496
08/20/2020,CRG,FL,ASO,ES,Federal Contract Tower,0,11,43,0,54,0,0,142,8,150,0,11,185,8,204,279,0,279,483
08/21/2020,CRG,FL,ASO,ES,Federal Contract Tower,0,8,83,0,91,0,0,161,2,163,0,8,244,2,254,332,0,332,586
08/22/2020,CRG,FL,ASO,ES,Federal Contract Tower,0,2,58,0,60,0,0,114,0,114,0,2,172,0,174,186,0,186,360
08/23/2020,CRG,FL,ASO,ES,Federal Contract Tower,0,10,43,0,53,0,2,67,8,77,0,12,110,8,130,108,0,108,238
08/24/2020,CRG,FL,ASO,ES,Federal Contract Tower,0,13,76,0,89,0,0,101,2,103,0,13,177,2,192,303,0,303,495
08/25/2020,CRG,FL,ASO,ES,Federal Contract Tower,0,10,80,0,90,0,0,139,6,145,0,10,219,6,235,488,0,488,723
08/26/2020,CRG,FL,ASO,ES,Federal Contract Tower,0,9,89,0,98,0,0,189,8,197,0,9,278,8,295,350,0,350,645
08/27/2020,CRG,FL,ASO,ES,Federal Contract Tower,0,6,79,0,85,0,0,215,11,226,0,6,294,11,311,272,6,278,589
08/28/2020,CRG,FL,ASO,ES,Federal Contract Tower,0,19,88,0,107,0,0,183,8,191,0,19,271,8,298,282,0,282,580
08/29/2020,CRG,FL,ASO,ES,Federal Contract Tower,0,4,38,0,42,0,0,88,0,88,0,4,126,0,130,174,0,174,304
08/30/2020,CRG,FL,ASO,ES,Federal Contract Tower,0,4,25,0,29,0,0,25,0,25,0,4,50,0,54,58,0,58,112
08/31/2020,CRG,FL,ASO,ES,Federal Contract Tower,0,15,64,0,79,0,0,99,0,99,0,15,163,0,178,320,2,322,500
09/01/2020,CRG,FL,ASO,ES,Federal Contract Tower,0,13,78,0,91,0,0,121,12,133,0,13,199,12,224,207,0,207,431
09/02/2020,CRG,FL,ASO,ES,Federal Contract Tower,0,10,95,0,105,0,0,129,0,129,0,10,224,0,234,357,0,357,591
09/03/2020,CRG,FL,ASO,ES,Federal Contract Tower,0,16,63,0,79,0,0,178,0,178,0,16,241,0,257,217,0,217,474
09/04/2020,CRG,FL,ASO,ES,Federal Contract Tower,0,14,75,0,89,0,0,219,1,220,0,14,294,1,309,405,0,405,714
09/05/2020,CRG,FL,ASO,ES,Federal Contract Tower,0,0,49,0,49,0,0,143,0,143,0,0,192,0,192,288,0,288,480
09/06/2020,CRG,FL,ASO,ES,Federal Contract Tower,0,3,27,0,30,0,0,72,0,72,0,3,99,0,102,150,0,150,252
09/07/2020,CRG,FL,ASO,ES,Federal Contract Tower,0,6,55,0,61,0,1,146,0,147,0,7,201,0,208,317,0,317,525
09/08/2020,CRG,FL,ASO,ES,Federal Contract Tower,0,17,44,0,61,0,0,88,3,91,0,17,132,3,152,279,0,279,431
09/09/2020,CRG,FL,ASO,ES,Federal Contract Tower,0,9,82,0,91,0,0,98,6,104,0,9,180,6,195,230,0,230,425
09/10/2020,CRG,FL,ASO,ES,Federal Contract Tower,0,8,93,0,101,0,0,202,15,217,0,8,295,15,318,423,0,423,741
09/11/2020,CRG,FL,ASO,ES,Federal Contract Tower,0,6,118,0,124,0,0,130,10,140,0,6,248,10,264,244,0,244,508
09/12/2020,CRG,FL,ASO,ES,Federal Contract Tower,0,5,42,0,47,0,0,116,4,120,0,5,158,4,167,154,0,154,321
09/13/2020,CRG,FL,ASO,ES,Federal Contract Tower,0,2,31,0,33,0,4,42,0,46,0,6,73,0,79,210,0,210,289
09/14/2020,CRG,FL,ASO,ES,Federal Contract Tower,0,8,73,0,81,0,0,155,16,171,0,8,228,16,252,390,0,390,642
09/15/2020,CRG,FL,ASO,ES,Federal Contract Tower,0,6,64,2,72,0,0,174,16,190,0,6,238,18,262,472,0,472,734
09/16/2020,CRG,FL,ASO,ES,Federal Contract Tower,0,3,77,2,82,0,0,138,9,147,0,3,215,11,229,402,0,402,631
09/17/2020,CRG,FL,ASO,ES,Federal Contract Tower,0,4,27,0,31,0,0,86,1,87,0,4,113,1,118,173,0,173,291
09/18/2020,CRG,FL,ASO,ES,Federal Contract Tower,0,12,100,0,112,0,7,121,8,136,0,19,221,8,248,242,0,242,490
09/19/2020,CRG,FL,ASO,ES,Federal Contract Tower,0,4,20,0,24,0,0,6,0,6,0,4,26,0,30,42,0,42,72
09/20/2020,CRG,FL,ASO,ES,Federal Contract Tower,0,1,13,0,14,0,0,5,0,5,0,1,18,0,19,0,0,0,19
09/21/2020,CRG,FL,ASO,ES,Federal Contract Tower,0,7,52,0,59,0,0,46,6,52,0,7,98,6,111,82,0,82,193
09/22/2020,CRG,FL,ASO,ES,Federal Contract Tower,0,6,98,2,106,0,0,235,9,244,0,6,333,11,350,338,0,338,688
09/23/2020,CRG,FL,ASO,ES,Federal Contract Tower,0,18,101,2,121,0,0,209,4,213,0,18,310,6,334,410,0,410,744
09/24/2020,CRG,FL,ASO,ES,Federal Contract Tower,0,16,90,0,106,0,0,193,8,201,0,16,283,8,307,291,0,291,598
09/25/2020,CRG,FL,ASO,ES,Federal Contract Tower,0,12,92,0,104,0,2,223,2,227,0,14,315,2,331,399,0,399,730
09/26/2020,CRG,FL,ASO,ES,Federal Contract Tower,0,7,51,0,58,0,0,190,0,190,0,7,241,0,248,250,0,250,498
09/27/2020,CRG,FL,ASO,ES,Federal Contract Tower,0,2,42,0,44,0,0,12,0,12,0,2,54,0,56,70,0,70,126
09/28/2020,CRG,FL,ASO,ES,Federal Contract Tower,0,14,46,0,60,0,0,113,8,121,0,14,159,8,181,343,0,343,524
09/29/2020,CRG,FL,ASO,ES,Federal Contract Tower,0,5,61,0,66,0,0,84,10,94,0,5,145,10,160,176,0,176,336
09/30/2020,CRG,FL,ASO,ES,Federal Contract Tower,0,16,99,0,115,0,0,275,2,277,0,16,374,2,392,412,0,412,804
10/01/2020,CRG,FL,ASO,ES,Federal Contract Tower,0,7,85,0,92,0,0,234,3,237,0,7,319,3,329,366,0,366,695
10/02/2020,CRG,FL,ASO,ES,Federal Contract Tower,0,4,102,0,106,0,0,200,1,201,0,4,302,1,307,312,0,312,619
10/04/2020,CRG,FL,ASO,ES,Federal Contract Tower,0,4,40,0,44,0,0,4,0,4,0,4,44,0,48,0,0,0,48
10/05/2020,CRG,FL,ASO,ES,Federal Contract Tower,0,8,89,0,97,0,0,6,0,6,0,8,95,0,103,16,0,16,119
10/06/2020,CRG,FL,ASO,ES,Federal Contract Tower,0,4,104,0,108,0,0,52,8,60,0,4,156,8,168,182,0,182,350
10/07/2020,CRG,FL,ASO,ES,Federal Contract Tower,0,8,116,0,124,0,0,1,1,2,0,8,117,1,126,30,0,30,156
10/08/2020,CRG,FL,ASO,ES,Federal Contract Tower,0,15,96,0,111,0,0,207,7,214,0,15,303,7,325,448,0,448,773
10/09/2020,CRG,FL,ASO,ES,Federal Contract Tower,0,4,59,0,63,0,0,144,1,145,0,4,203,1,208,354,0,354,562
10/10/2020,CRG,FL,ASO,ES,Federal Contract Tower,0,13,64,0,77,0,0,102,0,102,0,13,166,0,179,230,0,230,409
10/11/2020,CRG,FL,ASO,ES,Federal Contract Tower,0,5,38,0,43,0,0,44,0,44,0,5,82,0,87,153,0,153,240
10/12/2020,CRG,FL,ASO,ES,Federal Contract Tower,0,5,88,0,93,0,0,212,0,212,0,5,300,0,305,457,0,457,762
10/13/2020,CRG,FL,ASO,ES,Federal Contract Tower,0,13,93,0,106,0,0,269,4,273,0,13,362,4,379,463,0,463,842
10/14/2020,CRG,FL,ASO,ES,Federal Contract Tower,0,13,102,2,117,0,0,218,8,226,0,13,320,10,343,385,0,385,728
10/15/2020,CRG,FL,ASO,ES,Federal Contract Tower,0,10,92,0,102,0,0,183,6,189,0,10,275,6,291,455,0,455,746
10/16/2020,CRG,FL,ASO,ES,Federal Contract Tower,0,10,82,0,92,0,0,236,0,236,0,10,318,0,328,404,0,404,732
10/17/2020,CRG,FL,ASO,ES,Federal Contract Tower,0,9,55,0,64,0,0,105,0,105,0,9,160,0,169,222,0,222,391
10/18/2020,CRG,FL,ASO,ES,Federal Contract Tower,0,8,48,0,56,0,0,71,0,71,0,8,119,0,127,176,0,176,303
10/19/2020,CRG,FL,ASO,ES,Federal Contract Tower,0,12,76,0,88,0,0,79,1,80,0,12,155,1,168,126,0,126,294
10/20/2020,CRG,FL,ASO,ES,Federal Contract Tower,0,12,73,0,85,0,0,115,12,127,0,12,188,12,212,495,0,495,707
10/21/2020,CRG,FL,ASO,ES,Federal Contract Tower,0,6,78,0,84,0,0,137,7,144,0,6,215,7,228,446,0,446,674
10/22/2020,CRG,FL,ASO,ES,Federal Contract Tower,0,12,89,0,101,0,0,168,3,171,0,12,257,3,272,368,0,368,640
10/23/2020,CRG,FL,ASO,ES,Federal Contract Tower,0,10,99,0,109,0,0,183,0,183,0,10,282,0,292,354,0,354,646
10/24/2020,CRG,FL,ASO,ES,Federal Contract Tower,0,4,52,0,56,0,0,102,0,102,0,4,154,0,158,407,0,407,565
10/25/2020,CRG,FL,ASO,ES,Federal Contract Tower,0,8,55,0,63,0,0,101,2,103,0,8,156,2,166,329,0,329,495
10/26/2020,CRG,FL,ASO,ES,Federal Contract Tower,0,8,90,0,98,0,0,142,0,142,0,8,232,0,240,390,0,390,630
10/27/2020,CRG,FL,ASO,ES,Federal Contract Tower,0,11,83,0,94,0,4,116,5,125,0,15,199,5,219,359,0,359,578
10/28/2020,CRG,FL,ASO,ES,Federal Contract Tower,0,9,78,0,87,0,0,178,6,184,0,9,256,6,271,508,0,508,779
10/29/2020,CRG,FL,ASO,ES,Federal Contract Tower,0,7,58,0,65,0,0,77,12,89,0,7,135,12,154,184,0,184,338
10/30/2020,CRG,FL,ASO,ES,Federal Contract Tower,0,8,92,0,100,0,0,256,2,258,0,8,348,2,358,335,0,335,693
10/31/2020,CRG,FL,ASO,ES,Federal Contract Tower,0,5,58,0,63,0,0,52,0,52,0,5,110,0,115,150,0,150,265
11/01/2020,CRG,FL,ASO,ES,Federal Contract Tower,0,2,38,0,40,0,0,80,0,80,0,2,118,0,120,141,0,141,261
11/02/2020,CRG,FL,ASO,ES,Federal Contract Tower,0,15,37,0,52,0,0,161,0,161,0,15,198,0,213,218,0,218,431
11/03/2020,CRG,FL,ASO,ES,Federal Contract Tower,0,13,86,2,101,0,0,252,7,259,0,13,338,9,360,432,0,432,792
11/04/2020,CRG,FL,ASO,ES,Federal Contract Tower,0,6,93,0,99,0,0,218,9,227,0,6,311,9,326,367,0,367,693
11/05/2020,CRG,FL,ASO,ES,Federal Contract Tower,0,10,87,2,99,0,0,155,5,160,0,10,242,7,259,289,0,289,548
11/06/2020,CRG,FL,ASO,ES,Federal Contract Tower,0,9,66,0,75,0,0,64,0,64,0,9,130,0,139,138,0,138,277
11/07/2020,CRG,FL,ASO,ES,Federal Contract Tower,0,12,66,0,78,0,0,74,0,74,0,12,140,0,152,78,0,78,230
11/08/2020,CRG,FL,ASO,ES,Federal Contract Tower,0,12,60,0,72,0,0,41,0,41,0,12,101,0,113,121,0,121,234
11/09/2020,CRG,FL,ASO,ES,Federal Contract Tower,0,6,34,0,40,0,0,28,9,37,0,6,62,9,77,10,0,10,87
11/10/2020,CRG,FL,ASO,ES,Federal Contract Tower,0,5,52,0,57,0,0,8,0,8,0,5,60,0,65,17,6,23,88
11/11/2020,CRG,FL,ASO,ES,Federal Contract Tower,0,3,65,0,68,0,0,7,0,7,0,3,72,0,75,95,0,95,170
11/12/2020,CRG,FL,ASO,ES,Federal Contract Tower,0,11,25,0,36,0,0,8,0,8,0,11,33,0,44,16,0,16,60
11/13/2020,CRG,FL,ASO,ES,Federal Contract Tower,0,5,116,0,121,0,0,104,0,104,0,5,220,0,225,174,0,174,399
11/14/2020,CRG,FL,ASO,ES,Federal Contract Tower,0,8,96,0,104,0,0,193,0,193,0,8,289,0,297,334,0,334,631
11/15/2020,CRG,FL,ASO,ES,Federal Contract Tower,0,6,61,0,67,0,0,97,0,97,0,6,158,0,164,340,0,340,504
11/16/2020,CRG,FL,ASO,ES,Federal Contract Tower,0,17,85,2,104,0,0,246,13,259,0,17,331,15,363,394,0,394,757
11/17/2020,CRG,FL,ASO,ES,Federal Contract Tower,0,6,81,2,89,0,0,209,26,235,0,6,290,28,324,330,0,330,654
11/18/2020,CRG,FL,ASO,ES,Federal Contract Tower,0,13,63,0,76,0,0,160,13,173,0,13,223,13,249,212,0,212,461
11/19/2020,CRG,FL,ASO,ES,Federal Contract Tower,0,11,84,0,95,0,0,94,6,100,0,11,178,6,195,157,0,157,352
11/20/2020,CRG,FL,ASO,ES,Federal Contract Tower,0,5,97,0,102,0,0,149,0,149,0,5,246,0,251,320,0,320,571
11/21/2020,CRG,FL,ASO,ES,Federal Contract Tower,0,8,76,0,84,0,0,103,0,103,0,8,179,0,187,168,0,168,355
11/22/2020,CRG,FL,ASO,ES,Federal Contract Tower,0,8,33,3,44,0,0,10,1,11,0,8,43,4,55,16,0,16,71
11/23/2020,CRG,FL,ASO,ES,Federal Contract Tower,0,17,64,0,81,0,0,260,16,276,0,17,324,16,357,306,0,306,663
11/24/2020,CRG,FL,ASO,ES,Federal Contract Tower,0,9,67,0,76,0,0,163,20,183,0,9,230,20,259,347,0,347,606
11/25/2020,CRG,FL,ASO,ES,Federal Contract Tower,0,7,68,0,75,0,0,140,1,141,0,7,208,1,216,264,0,264,480
11/26/2020,CRG,FL,ASO,ES,Federal Contract Tower,0,7,10,0,17,0,0,57,0,57,0,7,67,0,74,141,0,141,215
11/27/2020,CRG,FL,ASO,ES,Federal Contract Tower,0,7,42,0,49,0,0,61,0,61,0,7,103,0,110,137,0,137,247
11/28/2020,CRG,FL,ASO,ES,Federal Contract Tower,0,6,42,0,48,0,0,40,0,40,0,6,82,0,88,98,0,98,186
11/29/2020,CRG,FL,ASO,ES,Federal Contract Tower,0,18,44,0,62,0,0,22,1,23,0,18,66,1,85,86,0,86,171
11/30/2020,CRG,FL,ASO,ES,Federal Contract Tower,0,8,63,0,71,0,0,88,7,95,0,8,151,7,166,125,0,125,291
12/01/2020,CRG,FL,ASO,ES,Federal Contract Tower,0,10,83,0,93,0,0,149,4,153,0,10,232,4,246,322,0,322,568
12/02/2020,CRG,FL,ASO,ES,Federal Contract Tower,0,10,79,0,89,0,0,165,3,168,0,10,244,3,257,387,0,387,644
12/03/2020,CRG,FL,ASO,ES,Federal Contract Tower,0,10,69,0,79,0,0,139,1,140,0,10,208,1,219,412,0,412,631
12/04/2020,CRG,FL,ASO,ES,Federal Contract Tower,0,5,82,2,89,0,0,136,0,136,0,5,218,2,225,314,0,314,539
12/05/2020,CRG,FL,ASO,ES,Federal Contract Tower,0,11,60,0,71,0,0,119,0,119,0,11,179,0,190,210,0,210,400
12/06/2020,CRG,FL,ASO,ES,Federal Contract Tower,0,15,52,0,67,0,0,92,0,92,0,15,144,0,159,238,0,238,397
12/07/2020,CRG,FL,ASO,ES,Federal Contract Tower,0,17,61,8,86,0,0,107,3,110,0,17,168,11,196,225,0,225,421
12/08/2020,CRG,FL,ASO,ES,Federal Contract Tower,0,3,80,0,83,0,0,162,3,165,0,3,242,3,248,533,0,533,781
12/09/2020,CRG,FL,ASO,ES,Federal Contract Tower,0,12,86,2,100,0,2,171,14,187,0,14,257,16,287,314,0,314,601
12/10/2020,CRG,FL,ASO,ES,Federal Contract Tower,0,15,61,0,76,0,0,189,0,189,0,15,250,0,265,406,0,406,671
12/11/2020,CRG,FL,ASO,ES,Federal Contract Tower,0,8,45,0,53,0,0,149,2,151,0,8,194,2,204,319,0,319,523
12/12/2020,CRG,FL,ASO,ES,Federal Contract Tower,0,2,41,0,43,0,0,93,0,93,0,2,134,0,136,213,0,213,349
12/13/2020,CRG,FL,ASO,ES,Federal Contract Tower,0,11,43,0,54,0,0,53,0,53,0,11,96,0,107,77,0,77,184
12/14/2020,CRG,FL,ASO,ES,Federal Contract Tower,0,9,49,0,58,0,0,66,2,68,0,9,115,2,126,164,0,164,290
12/15/2020,CRG,FL,ASO,ES,Federal Contract Tower,0,12,72,0,84,0,0,33,4,37,0,12,105,4,121,101,0,101,222
12/16/2020,CRG,FL,ASO,ES,Federal Contract Tower,0,5,33,0,38,0,0,0,0,0,0,5,33,0,38,0,0,0,38
12/17/2020,CRG,FL,ASO,ES,Federal Contract Tower,0,11,98,0,109,0,0,92,6,98,0,11,190,6,207,320,2,322,529
12/18/2020,CRG,FL,ASO,ES,Federal Contract Tower,0,12,91,0,103,0,0,157,9,166,0,12,248,9,269,224,0,224,493
12/19/2020,CRG,FL,ASO,ES,Federal Contract Tower,0,5,68,0,73,0,0,48,0,48,0,5,116,0,121,168,0,168,289
12/20/2020,CRG,FL,ASO,ES,Federal Contract Tower,0,2,38,0,40,0,0,49,0,49,0,2,87,0,89,135,0,135,224
12/21/2020,CRG,FL,ASO,ES,Federal Contract Tower,0,6,56,0,62,0,2,121,0,123,0,8,177,0,185,228,0,228,413
12/22/2020,CRG,FL,ASO,ES,Federal Contract Tower,0,4,38,0,42,0,0,169,11,180,0,4,207,11,222,280,0,280,502
12/23/2020,CRG,FL,ASO,ES,Federal Contract Tower,0,11,46,0,57,0,0,164,3,167,0,11,210,3,224,262,0,262,486
12/24/2020,CRG,FL,ASO,ES,Federal Contract Tower,0,6,14,0,20,0,0,22,0,22,0,6,36,0,42,43,0,43,85
12/25/2020,CRG,FL,ASO,ES,Federal Contract Tower,0,0,6,0,6,0,0,13,0,13,0,0,19,0,19,2,0,2,21
12/26/2020,CRG,FL,ASO,ES,Federal Contract Tower,0,8,32,0,40,0,0,93,0,93,0,8,125,0,133,98,0,98,231
12/27/2020,CRG,FL,ASO,ES,Federal Contract Tower,0,13,33,0,46,0,0,70,0,70,0,13,103,0,116,97,0,97,213
12/28/2020,CRG,FL,ASO,ES,Federal Contract Tower,0,4,28,0,32,0,2,103,7,112,0,6,131,7,144,198,0,198,342
12/29/2020,CRG,FL,ASO,ES,Federal Contract Tower,0,2,43,0,45,0,0,150,4,154,0,2,193,4,199,235,0,235,434
12/30/2020,CRG,FL,ASO,ES,Federal Contract Tower,0,8,42,0,50,0,0,115,3,118,0,8,157,3,168,249,0,249,417
12/31/2020,CRG,FL,ASO,ES,Federal Contract Tower,0,8,24,0,32,0,2,89,2,93,0,10,113,2,125,160,0,160,285
01/01/2021,CRG,FL,ASO,ES,Federal Contract Tower,0,9,14,0,23,0,0,31,1,32,0,9,45,1,55,34,0,34,89
01/02/2021,CRG,FL,ASO,ES,Federal Contract Tower,0,5,30,0,35,0,0,44,0,44,0,5,74,0,79,94,0,94,173
01/03/2021,CRG,FL,ASO,ES,Federal Contract Tower,0,3,39,0,42,0,0,59,0,59,0,3,98,0,101,122,0,122,223
01/04/2021,CRG,FL,ASO,ES,Federal Contract Tower,0,12,55,0,67,0,2,149,2,153,0,14,204,2,220,271,0,271,491
01/05/2021,CRG,FL,ASO,ES,Federal Contract Tower,0,7,54,2,63,0,0,164,4,168,0,7,218,6,231,236,0,236,467
01/06/2021,CRG,FL,ASO,ES,Federal Contract Tower,0,4,69,2,75,0,0,133,0,133,0,4,202,2,208,322,0,322,530
01/07/2021,CRG,FL,ASO,ES,Federal Contract Tower,0,5,63,0,68,0,0,152,6,158,0,5,215,6,226,369,0,369,595
01/08/2021,CRG,FL,ASO,ES,Federal Contract Tower,0,7,57,0,64,0,0,96,0,96,0,7,153,0,160,197,0,197,357
01/09/2021,CRG,FL,ASO,ES,Federal Contract Tower,0,3,40,0,43,0,0,51,0,51,0,3,91,0,94,174,0,174,268
01/10/2021,CRG,FL,ASO,ES,Federal Contract Tower,0,5,44,1,50,0,0,102,1,103,0,5,146,2,153,237,0,237,390
01/11/2021,CRG,FL,ASO,ES,Federal Contract Tower,0,9,64,0,73,0,0,168,1,169,0,9,232,1,242,352,0,352,594
01/12/2021,CRG,FL,ASO,ES,Federal Contract Tower,0,6,69,0,75,0,0,18,2,20,0,6,87,2,95,158,0,158,253
01/13/2021,CRG,FL,ASO,ES,Federal Contract Tower,0,8,77,0,85,0,0,58,5,63,0,8,135,5,148,214,0,214,362
01/14/2021,CRG,FL,ASO,ES,Federal Contract Tower,0,14,70,0,84,0,0,211,7,218,0,14,281,7,302,278,0,278,580
01/15/2021,CRG,FL,ASO,ES,Federal Contract Tower,0,5,45,0,50,0,0,146,0,146,0,5,191,0,196,168,0,168,364
01/16/2021,CRG,FL,ASO,ES,Federal Contract Tower,0,3,36,0,39,0,0,0,0,0,0,3,36,0,39,101,0,101,140
01/17/2021,CRG,FL,ASO,ES,Federal Contract Tower,0,4,44,1,49,0,0,157,2,159,0,4,201,3,208,196,0,196,404
01/18/2021,CRG,FL,ASO,ES,Federal Contract Tower,0,7,86,0,93,0,0,194,0,194,0,7,280,0,287,280,0,280,567
01/19/2021,CRG,FL,ASO,ES,Federal Contract Tower,0,8,63,0,71,0,2,180,7,189,0,10,243,7,260,287,0,287,547
01/20/2021,CRG,FL,ASO,ES,Federal Contract Tower,0,9,78,0,87,0,0,219,2,221,0,9,297,2,308,278,0,278,586
01/21/2021,CRG,FL,ASO,ES,Federal Contract Tower,0,7,62,2,71,0,1,189,8,198,0,8,251,10,269,306,0,306,575
01/22/2021,CRG,FL,ASO,ES,Federal Contract Tower,0,7,73,0,80,0,0,2,0,2,0,7,75,0,82,0,0,0,82
01/23/2021,CRG,FL,ASO,ES,Federal Contract Tower,0,4,43,0,47,0,0,64,0,64,0,4,107,0,111,153,0,153,264
01/24/2021,CRG,FL,ASO,ES,Federal Contract Tower,0,5,45,0,50,0,2,58,0,60,0,7,103,0,110,270,0,270,380
01/25/2021,CRG,FL,ASO,ES,Federal Contract Tower,0,8,63,0,71,0,0,0,0,0,0,8,63,0,71,174,0,174,245
01/26/2021,CRG,FL,ASO,ES,Federal Contract Tower,0,4,72,1,77,0,0,173,4,177,0,4,245,5,254,311,0,311,565
01/27/2021,CRG,FL,ASO,ES,Federal Contract Tower,0,5,63,0,68,0,0,28,0,28,0,5,91,0,96,67,0,67,163
01/28/2021,CRG,FL,ASO,ES,Federal Contract Tower,0,9,62,0,71,0,0,138,5,143,0,9,200,5,214,256,0,256,470
01/29/2021,CRG,FL,ASO,ES,Federal Contract Tower,0,7,65,0,72,0,0,223,0,223,0,7,288,0,295,348,0,348,643
01/30/2021,CRG,FL,ASO,ES,Federal Contract Tower,0,5,52,0,57,0,0,150,0,150,0,5,202,0,207,234,0,234,441
01/31/2021,CRG,FL,ASO,ES,Federal Contract Tower,0,1,49,0,50,0,0,36,0,36,0,1,85,0,86,16,0,16,102
02/01/2021,CRG,FL,ASO,ES,Federal Contract Tower,0,10,46,0,56,0,0,26,4,30,0,10,72,4,86,62,0,62,148
02/02/2021,CRG,FL,ASO,ES,Federal Contract Tower,0,8,42,0,50,0,0,128,2,130,0,8,170,2,180,144,0,144,324
02/03/2021,CRG,FL,ASO,ES,Federal Contract Tower,0,12,82,0,94,0,0,217,4,221,0,12,299,4,315,341,0,341,656
02/04/2021,CRG,FL,ASO,ES,Federal Contract Tower,0,6,87,0,93,0,0,225,0,225,0,6,312,0,318,251,0,251,569
02/05/2021,CRG,FL,ASO,ES,Federal Contract Tower,0,12,57,0,69,0,0,101,16,117,0,12,158,16,186,142,0,142,328
02/06/2021,CRG,FL,ASO,ES,Federal Contract Tower,0,3,28,0,31,0,0,0,0,0,0,3,28,0,31,0,0,0,31
02/07/2021,CRG,FL,ASO,ES,Federal Contract Tower,0,4,59,0,63,0,0,45,1,46,0,4,104,1,109,147,0,147,256
02/08/2021,CRG,FL,ASO,ES,Federal Contract Tower,0,9,80,0,89,0,0,142,0,142,0,9,222,0,231,316,0,316,547
02/09/2021,CRG,FL,ASO,ES,Federal Contract Tower,0,9,35,0,44,0,0,16,0,16,0,9,51,0,60,71,0,71,131
02/10/2021,CRG,FL,ASO,ES,Federal Contract Tower,0,15,81,0,96,0,0,29,0,29,0,15,110,0,125,98,0,98,223
02/11/2021,CRG,FL,ASO,ES,Federal Contract Tower,0,15,78,0,93,0,0,146,0,146,0,15,224,0,239,251,0,251,490
02/12/2021,CRG,FL,ASO,ES,Federal Contract Tower,0,16,64,0,80,0,0,11,0,11,0,16,75,0,91,15,0,15,106
02/13/2021,CRG,FL,ASO,ES,Federal Contract Tower,0,2,22,0,24,0,0,1,0,1,0,2,23,0,25,18,0,18,43
02/14/2021,CRG,FL,ASO,ES,Federal Contract Tower,0,4,14,0,18,0,0,0,0,0,0,4,14,0,18,0,0,0,18
02/15/2021,CRG,FL,ASO,ES,Federal Contract Tower,0,9,24,0,33,0,0,26,0,26,0,9,50,0,59,68,0,68,127
02/16/2021,CRG,FL,ASO,ES,Federal Contract Tower,0,10,90,0,100,0,0,233,6,239,0,10,323,6,339,284,0,284,623
02/17/2021,CRG,FL,ASO,ES,Federal Contract Tower,0,7,114,1,122,0,0,120,1,121,0,7,234,2,243,170,0,170,413
02/18/2021,CRG,FL,ASO,ES,Federal Contract Tower,0,6,70,1,77,0,0,108,3,111,0,6,178,4,188,233,0,233,421
02/19/2021,CRG,FL,ASO,ES,Federal Contract Tower,0,12,41,2,55,0,0,1,0,1,0,12,42,2,56,2,0,2,58
02/20/2021,CRG,FL,ASO,ES,Federal Contract Tower,0,10,75,0,85,0,0,198,2,200,0,10,273,2,285,325,2,327,612
02/21/2021,CRG,FL,ASO,ES,Federal Contract Tower,0,6,47,0,53,0,0,115,0,115,0,6,162,0,168,245,0,245,413
02/22/2021,CRG,FL,ASO,ES,Federal Contract Tower,0,15,72,3,90,0,0,142,1,143,0,15,214,4,233,218,0,218,451
02/23/2021,CRG,FL,ASO,ES,Federal Contract Tower,0,15,73,0,88,0,0,259,0,259,0,15,332,0,347,412,0,412,759
02/24/2021,CRG,FL,ASO,ES,Federal Contract Tower,0,5,104,0,109,0,0,238,0,238,0,5,342,0,347,480,22,502,849
02/25/2021,CRG,FL,ASO,ES,Federal Contract Tower,0,22,81,1,104,0,1,229,0,230,0,23,310,1,334,259,0,259,593
02/26/2021,CRG,FL,ASO,ES,Federal Contract Tower,0,9,94,3,106,0,0,235,0,235,0,9,329,3,341,363,0,363,704
02/27/2021,CRG,FL,ASO,ES,Federal Contract Tower,0,5,69,0,74,0,0,130,0,130,0,5,199,0,204,249,0,249,453
02/28/2021,CRG,FL,ASO,ES,Federal Contract Tower,0,19,72,0,91,0,0,114,0,114,0,19,186,0,205,214,0,214,419
03/01/2021,CRG,FL,ASO,ES,Federal Contract Tower,0,10,99,0,109,0,0,102,0,102,0,10,201,0,211,207,0,207,418
03/02/2021,CRG,FL,ASO,ES,Federal Contract Tower,0,9,24,4,37,0,0,0,0,0,0,9,24,4,37,0,0,0,37
03/03/2021,CRG,FL,ASO,ES,Federal Contract Tower,0,9,91,0,100,0,0,16,0,16,0,9,107,0,116,76,2,78,194
03/04/2021,CRG,FL,ASO,ES,Federal Contract Tower,0,11,97,8,116,0,0,287,2,289,0,11,384,10,405,382,0,382,787
03/05/2021,CRG,FL,ASO,ES,Federal Contract Tower,0,11,93,2,106,0,0,228,0,228,0,11,321,2,334,254,0,254,588
03/06/2021,CRG,FL,ASO,ES,Federal Contract Tower,0,10,27,0,37,0,0,20,0,20,0,10,47,0,57,114,0,114,171
03/07/2021,CRG,FL,ASO,ES,Federal Contract Tower,0,15,52,0,67,0,0,128,0,128,0,15,180,0,195,210,0,210,405
03/08/2021,CRG,FL,ASO,ES,Federal Contract Tower,0,24,78,0,102,0,0,178,2,180,0,24,256,2,282,198,0,198,480
03/09/2021,CRG,FL,ASO,ES,Federal Contract Tower,0,11,101,0,112,0,0,206,0,206,0,11,307,0,318,444,0,444,762
03/10/2021,CRG,FL,ASO,ES,Federal Contract Tower,0,10,95,0,105,0,0,211,0,211,0,10,306,0,316,357,0,357,673
03/11/2021,CRG,FL,ASO,ES,Federal Contract Tower,0,20,99,0,119,0,0,244,1,245,0,20,343,1,364,376,0,376,740
03/12/2021,CRG,FL,ASO,ES,Federal Contract Tower,0,25,87,0,112,0,0,206,1,207,0,25,293,1,319,366,0,366,685
03/13/2021,CRG,FL,ASO,ES,Federal Contract Tower,0,9,73,0,82,0,0,218,0,218,0,9,291,0,300,289,0,289,589
03/14/2021,CRG,FL,ASO,ES,Federal Contract Tower,0,15,69,0,84,0,0,123,5,128,0,15,192,5,212,289,0,289,501
03/15/2021,CRG,FL,ASO,ES,Federal Contract Tower,0,13,96,0,109,0,0,183,0,183,0,13,279,0,292,366,0,366,658
03/16/2021,CRG,FL,ASO,ES,Federal Contract Tower,0,7,74,0,81,0,0,166,2,168,0,7,240,2,249,279,0,279,528
03/17/2021,CRG,FL,ASO,ES,Federal Contract Tower,0,15,118,1,134,0,0,150,5,155,0,15,268,6,289,280,0,280,569
03/18/2021,CRG,FL,ASO,ES,Federal Contract Tower,0,9,53,0,62,0,0,60,2,62,0,9,113,2,124,146,0,146,270
03/19/2021,CRG,FL,ASO,ES,Federal Contract Tower,0,11,90,0,101,0,0,211,1,212,0,11,301,1,313,271,0,271,584
03/20/2021,CRG,FL,ASO,ES,Federal Contract Tower,0,4,20,0,24,0,0,7,2,9,0,4,27,2,33,10,2,12,45
03/21/2021,CRG,FL,ASO,ES,Federal Contract Tower,0,4,27,0,31,0,0,0,0,0,0,4,27,0,31,0,0,0,31
03/22/2021,CRG,FL,ASO,ES,Federal Contract Tower,0,12,73,0,85,0,0,32,0,32,0,12,105,0,117,59,0,59,176
03/23/2021,CRG,FL,ASO,ES,Federal Contract Tower,0,7,115,0,122,0,0,220,1,221,0,7,335,1,343,341,0,341,684
03/24/2021,CRG,FL,ASO,ES,Federal Contract Tower,0,16,94,0,110,0,0,202,2,204,0,16,296,2,314,302,0,302,616
03/25/2021,CRG,FL,ASO,ES,Federal Contract Tower,0,10,95,1,106,0,0,178,6,184,0,10,273,7,290,348,0,348,638
03/26/2021,CRG,FL,ASO,ES,Federal Contract Tower,0,12,96,0,108,0,0,174,3,177,0,12,270,3,285,238,0,238,523
03/27/2021,CRG,FL,ASO,ES,Federal Contract Tower,0,8,52,0,60,0,0,96,2,98,0,8,148,2,158,151,0,151,309
03/28/2021,CRG,FL,ASO,ES,Federal Contract Tower,0,23,54,0,77,0,0,91,12,103,0,23,145,12,180,185,0,185,365
03/29/2021,CRG,FL,ASO,ES,Federal Contract Tower,0,11,86,1,98,0,0,129,6,135,0,11,215,7,233,336,0,336,569
03/30/2021,CRG,FL,ASO,ES,Federal Contract Tower,0,12,60,0,72,0,0,61,4,65,0,12,121,4,137,199,0,199,336
03/31/2021,CRG,FL,ASO,ES,Federal Contract Tower,0,8,81,3,92,0,0,82,1,83,0,8,163,4,175,152,0,152,327
04/01/2021,CRG,FL,ASO,ES,Federal Contract Tower,0,17,82,2,101,0,0,85,6,91,0,17,167,8,192,144,0,144,336
04/02/2021,CRG,FL,ASO,ES,Federal Contract Tower,0,13,81,0,94,0,0,101,4,105,0,13,182,4,199,134,0,134,333
04/03/2021,CRG,FL,ASO,ES,Federal Contract Tower,0,10,50,0,60,0,0,142,0,142,0,10,192,0,202,161,0,161,363
04/04/2021,CRG,FL,ASO,ES,Federal Contract Tower,0,9,45,0,54,0,0,125,0,125,0,9,170,0,179,144,0,144,323
04/05/2021,CRG,FL,ASO,ES,Federal Contract Tower,0,23,67,0,90,0,0,190,0,190,0,23,257,0,280,293,0,293,573
04/06/2021,CRG,FL,ASO,ES,Federal Contract Tower,0,18,99,0,117,0,0,223,1,224,0,18,322,1,341,397,0,397,738
04/07/2021,CRG,FL,ASO,ES,Federal Contract Tower,0,9,103,1,113,0,0,193,24,217,0,9,296,25,330,352,0,352,682
04/08/2021,CRG,FL,ASO,ES,Federal Contract Tower,0,14,66,6,86,0,0,171,4,175,0,14,237,10,261,337,0,337,598
04/09/2021,CRG,FL,ASO,ES,Federal Contract Tower,0,8,78,0,86,0,0,174,0,174,0,8,252,0,260,269,0,269,529
04/10/2021,CRG,FL,ASO,ES,Federal Contract Tower,0,7,39,0,46,0,0,72,0,72,0,7,111,0,118,119,0,119,237
04/11/2021,CRG,FL,ASO,ES,Federal Contract Tower,0,4,15,0,19,0,0,23,0,23,0,4,38,0,42,14,0,14,56
04/12/2021,CRG,FL,ASO,ES,Federal Contract Tower,0,15,100,0,115,0,0,195,0,195,0,15,295,0,310,388,0,388,698
04/13/2021,CRG,FL,ASO,ES,Federal Contract Tower,0,7,82,2,91,0,0,245,5,250,0,7,327,7,341,316,0,316,657
04/14/2021,CRG,FL,ASO,ES,Federal Contract Tower,0,19,69,0,88,0,0,225,0,225,0,19,294,0,313,363,0,363,676
04/15/2021,CRG,FL,ASO,ES,Federal Contract Tower,0,21,59,2,82,0,0,122,4,126,0,21,181,6,208,243,0,243,451
04/16/2021,CRG,FL,ASO,ES,Federal Contract Tower,0,11,65,0,76,0,0,104,4,108,0,11,169,4,184,139,0,139,323
04/17/2021,CRG,FL,ASO,ES,Federal Contract Tower,0,5,45,0,50,0,0,32,0,32,0,5,77,0,82,254,2,256,338
04/18/2021,CRG,FL,ASO,ES,Federal Contract Tower,0,3,43,0,46,0,0,9,0,9,0,3,52,0,55,4,0,4,59
04/19/2021,CRG,FL,ASO,ES,Federal Contract Tower,0,12,69,2,83,0,0,185,1,186,0,12,254,3,269,326,0,326,595
04/20/2021,CRG,FL,ASO,ES,Federal Contract Tower,0,13,87,0,100,0,0,163,0,163,0,13,250,0,263,381,0,381,644
04/21/2021,CRG,FL,ASO,ES,Federal Contract Tower,0,16,70,0,86,0,0,206,0,206,0,16,276,0,292,376,0,376,668
04/22/2021,CRG,FL,ASO,ES,Federal Contract Tower,0,22,79,0,101,0,0,204,2,206,0,22,283,2,307,291,0,291,598
04/23/2021,CRG,FL,ASO,ES,Federal Contract Tower,0,20,77,0,97,0,0,204,0,204,0,20,281,0,301,175,0,175,476
04/24/2021,CRG,FL,ASO,ES,Federal Contract Tower,0,8,51,0,59,0,0,57,0,57,0,8,108,0,116,118,0,118,234
04/25/2021,CRG,FL,ASO,ES,Federal Contract Tower,0,7,66,0,73,0,0,102,1,103,0,7,168,1,176,278,0,278,454
04/26/2021,CRG,FL,ASO,ES,Federal Contract Tower,0,13,84,1,98,0,0,182,0,182,0,13,266,1,280,274,0,274,554
04/27/2021,CRG,FL,ASO,ES,Federal Contract Tower,0,16,92,0,108,0,0,215,19,234,0,16,307,19,342,284,0,284,626
04/28/2021,CRG,FL,ASO,ES,Federal Contract Tower,0,14,90,0,104,0,0,196,16,212,0,14,286,16,316,282,2,284,600
04/29/2021,CRG,FL,ASO,ES,Federal Contract Tower,0,11,88,0,99,0,0,165,6,171,0,11,253,6,270,325,0,325,595
04/30/2021,CRG,FL,ASO,ES,Federal Contract Tower,0,16,72,0,88,0,0,206,1,207,0,16,278,1,295,197,0,197,492
05/01/2021,CRG,FL,ASO,ES,Federal Contract Tower,0,4,57,0,61,0,0,109,0,109,0,4,166,0,170,254,0,254,424
05/02/2021,CRG,FL,ASO,ES,Federal Contract Tower,0,12,48,0,60,0,0,59,0,59,0,12,107,0,119,154,0,154,273
05/03/2021,CRG,FL,ASO,ES,Federal Contract Tower,0,20,59,0,79,0,0,180,2,182,0,20,239,2,261,286,0,286,547
05/04/2021,CRG,FL,ASO,ES,Federal Contract Tower,0,25,58,0,83,0,0,172,0,172,0,25,230,0,255,188,0,188,443
05/05/2021,CRG,FL,ASO,ES,Federal Contract Tower,0,13,60,0,73,0,0,134,0,134,0,13,194,0,207,154,0,154,361
05/06/2021,CRG,FL,ASO,ES,Federal Contract Tower,0,15,46,0,61,0,0,93,6,99,0,15,139,6,160,205,1,206,366
05/07/2021,CRG,FL,ASO,ES,Federal Contract Tower,0,10,95,0,105,0,0,244,0,244,0,10,339,0,349,206,0,206,555
05/08/2021,CRG,FL,ASO,ES,Federal Contract Tower,0,13,49,0,62,0,0,159,0,159,0,13,208,0,221,226,0,226,447
05/10/2021,CRG,FL,ASO,ES,Federal Contract Tower,0,10,79,0,89,0,0,123,1,124,0,10,202,1,213,230,0,230,443
05/11/2021,CRG,FL,ASO,ES,Federal Contract Tower,0,17,77,0,94,0,0,160,0,160,0,17,237,0,254,217,0,217,471
05/12/2021,CRG,FL,ASO,ES,Federal Contract Tower,0,16,68,2,86,0,0,137,4,141,0,16,205,6,227,234,0,234,461
05/13/2021,CRG,FL,ASO,ES,Federal Contract Tower,0,10,78,3,91,0,0,13,3,16,0,10,91,6,107,53,0,53,160
05/14/2021,CRG,FL,ASO,ES,Federal Contract Tower,0,3,95,2,100,0,0,194,4,198,0,3,289,6,298,236,0,236,534
05/15/2021,CRG,FL,ASO,ES,Federal Contract Tower,0,4,47,0,51,0,0,91,10,101,0,4,138,10,152,115,0,115,267
05/16/2021,CRG,FL,ASO,ES,Federal Contract Tower,0,18,73,0,91,0,0,84,2,86,0,18,157,2,177,125,0,125,302
05/17/2021,CRG,FL,ASO,ES,Federal Contract Tower,0,10,69,0,79,0,0,182,5,187,0,10,251,5,266,367,0,367,633
05/18/2021,CRG,FL,ASO,ES,Federal Contract Tower,0,13,97,0,110,0,0,181,24,205,0,13,278,24,315,312,0,312,627
05/19/2021,CRG,FL,ASO,ES,Federal Contract Tower,0,19,65,0,84,0,0,117,1,118,0,19,182,1,202,275,0,275,477
05/20/2021,CRG,FL,ASO,ES,Federal Contract Tower,0,17,80,0,97,0,0,164,22,186,0,17,244,22,283,207,0,207,490
05/21/2021,CRG,FL,ASO,ES,Federal Contract Tower,0,19,75,0,94,0,0,134,4,138,0,19,209,4,232,238,0,238,470
05/22/2021,CRG,FL,ASO,ES,Federal Contract Tower,0,9,61,0,70,0,0,136,0,136,0,9,197,0,206,296,0,296,502
05/23/2021,CRG,FL,ASO,ES,Federal Contract Tower,0,13,53,0,66,0,0,154,2,156,0,13,207,2,222,241,0,241,463
05/24/2021,CRG,FL,ASO,ES,Federal Contract Tower,0,7,97,0,104,0,0,176,2,178,0,7,273,2,282,476,0,476,758
05/25/2021,CRG,FL,ASO,ES,Federal Contract Tower,0,8,71,0,79,0,0,238,0,238,0,8,309,0,317,505,0,505,822
05/26/2021,CRG,FL,ASO,ES,Federal Contract Tower,0,6,92,0,98,0,0,215,0,215,0,6,307,0,313,452,0,452,765
05/27/2021,CRG,FL,ASO,ES,Federal Contract Tower,0,16,67,2,85,0,0,195,5,200,0,16,262,7,285,344,0,344,629
05/28/2021,CRG,FL,ASO,ES,Federal Contract Tower,0,16,84,0,100,0,0,209,0,209,0,16,293,0,309,294,0,294,603
05/29/2021,CRG,FL,ASO,ES,Federal Contract Tower,0,6,47,0,53,0,0,100,0,100,0,6,147,0,153,181,0,181,334
05/30/2021,CRG,FL,ASO,ES,Federal Contract Tower,0,6,35,0,41,0,0,85,0,85,0,6,120,0,126,189,0,189,315
05/31/2021,CRG,FL,ASO,ES,Federal Contract Tower,0,11,61,3,75,0,0,157,1,158,0,11,218,4,233,330,0,330,563
06/01/2021,CRG,FL,ASO,ES,Federal Contract Tower,0,13,79,0,92,0,0,169,0,169,0,13,248,0,261,455,0,455,716
06/02/2021,CRG,FL,ASO,ES,Federal Contract Tower,0,10,68,0,78,0,0,150,2,152,0,10,218,2,230,349,0,349,579
06/03/2021,CRG,FL,ASO,ES,Federal Contract Tower,0,15,71,0,86,0,0,94,11,105,0,15,165,11,191,124,0,124,315
06/04/2021,CRG,FL,ASO,ES,Federal Contract Tower,0,9,80,0,89,0,0,115,0,115,0,9,195,0,204,278,0,278,482
06/05/2021,CRG,FL,ASO,ES,Federal Contract Tower,0,8,52,0,60,0,0,42,0,42,0,8,94,0,102,130,0,130,232
06/06/2021,CRG,FL,ASO,ES,Federal Contract Tower,0,16,42,0,58,0,0,99,0,99,0,16,141,0,157,139,0,139,296
06/07/2021,CRG,FL,ASO,ES,Federal Contract Tower,0,9,59,1,69,0,0,91,1,92,0,9,150,2,161,262,0,262,423
06/08/2021,CRG,FL,ASO,ES,Federal Contract Tower,0,8,86,1,95,0,0,170,0,170,0,8,256,1,265,483,0,483,748
06/09/2021,CRG,FL,ASO,ES,Federal Contract Tower,0,12,68,0,80,0,0,202,17,219,0,12,270,17,299,390,0,390,689
06/10/2021,CRG,FL,ASO,ES,Federal Contract Tower,0,13,65,2,80,0,0,208,19,227,0,13,273,21,307,380,0,380,687
06/11/2021,CRG,FL,ASO,ES,Federal Contract Tower,0,12,76,0,88,0,0,230,17,247,0,12,306,17,335,248,0,248,583
06/12/2021,CRG,FL,ASO,ES,Federal Contract Tower,0,6,43,0,49,0,0,71,1,72,0,6,114,1,121,153,0,153,274
06/13/2021,CRG,FL,ASO,ES,Federal Contract Tower,0,15,43,0,58,0,0,39,0,39,0,15,82,0,97,82,0,82,179
06/14/2021,CRG,FL,ASO,ES,Federal Contract Tower,0,6,46,0,52,0,0,32,0,32,0,6,78,0,84,45,0,45,129
06/15/2021,CRG,FL,ASO,ES,Federal Contract Tower,0,17,59,0,76,0,0,147,0,147,0,17,206,0,223,270,0,270,493
06/16/2021,CRG,FL,ASO,ES,Federal Contract Tower,0,15,68,0,83,0,0,167,0,167,0,15,235,0,250,452,0,452,702
06/17/2021,CRG,FL,ASO,ES,Federal Contract Tower,0,11,96,0,107,0,0,192,4,196,0,11,288,4,303,282,2,284,587
06/18/2021,CRG,FL,ASO,ES,Federal Contract Tower,0,4,76,0,80,0,0,173,0,173,0,4,249,0,253,243,0,243,496
06/19/2021,CRG,FL,ASO,ES,Federal Contract Tower,0,4,45,0,49,0,0,77,1,78,0,4,122,1,127,300,0,300,427
06/20/2021,CRG,FL,ASO,ES,Federal Contract Tower,0,11,30,0,41,0,0,29,0,29,0,11,59,0,70,71,0,71,141
06/21/2021,CRG,FL,ASO,ES,Federal Contract Tower,0,13,45,0,58,0,0,74,0,74,0,13,119,0,132,218,0,218,350
06/22/2021,CRG,FL,ASO,ES,Federal Contract Tower,0,16,33,0,49,0,0,107,0,107,0,16,140,0,156,278,0,278,434
06/23/2021,CRG,FL,ASO,ES,Federal Contract Tower,0,15,93,2,110,0,0,60,1,61,0,15,153,3,171,285,0,285,456
06/24/2021,CRG,FL,ASO,ES,Federal Contract Tower,0,12,71,0,83,0,0,147,9,156,0,12,218,9,239,253,0,253,492
06/25/2021,CRG,FL,ASO,ES,Federal Contract Tower,0,9,50,0,59,0,0,45,0,45,0,9,95,0,104,128,0,128,232
06/26/2021,CRG,FL,ASO,ES,Federal Contract Tower,0,7,45,0,52,0,0,82,2,84,0,7,127,2,136,269,0,269,405
06/27/2021,CRG,FL,ASO,ES,Federal Contract Tower,0,12,51,0,63,0,0,120,0,120,0,12,171,0,183,249,0,249,432
06/28/2021,CRG,FL,ASO,ES,Federal Contract Tower,0,12,83,0,95,0,0,128,0,128,0,12,211,0,223,339,0,339,562
06/29/2021,CRG,FL,ASO,ES,Federal Contract Tower,0,7,73,0,80,0,0,197,0,197,0,7,270,0,277,533,0,533,810
06/30/2021,CRG,FL,ASO,ES,Federal Contract Tower,0,19,80,0,99,0,0,154,0,154,0,19,234,0,253,431,0,431,684
07/01/2021,CRG,FL,ASO,ES,Federal Contract Tower,0,19,88,0,107,0,0,143,1,144,0,19,231,1,251,439,2,441,692
07/02/2021,CRG,FL,ASO,ES,Federal Contract Tower,0,17,72,0,89,0,0,78,0,78,0,17,150,0,167,150,0,150,317
07/03/2021,CRG,FL,ASO,ES,Federal Contract Tower,0,4,52,0,56,0,0,103,1,104,0,4,155,1,160,212,0,212,372
07/04/2021,CRG,FL,ASO,ES,Federal Contract Tower,0,3,14,0,17,0,0,34,0,34,0,3,48,0,51,22,0,22,73
07/05/2021,CRG,FL,ASO,ES,Federal Contract Tower,0,6,57,0,63,0,0,93,0,93,0,6,150,0,156,325,0,325,481
07/06/2021,CRG,FL,ASO,ES,Federal Contract Tower,0,5,68,0,73,0,0,158,0,158,0,5,226,0,231,433,0,433,664
07/07/2021,CRG,FL,ASO,ES,Federal Contract Tower,0,1,9,0,10,0,0,4,0,4,0,1,13,0,14,58,0,58,72
07/08/2021,CRG,FL,ASO,ES,Federal Contract Tower,0,5,51,0,56,0,0,140,4,144,0,5,191,4,200,492,0,492,692
07/09/2021,CRG,FL,ASO,ES,Federal Contract Tower,0,11,85,1,97,0,0,155,9,164,0,11,240,10,261,337,0,337,598
07/10/2021,CRG,FL,ASO,ES,Federal Contract Tower,0,4,47,0,51,0,0,133,4,137,0,4,180,4,188,336,0,336,524
07/11/2021,CRG,FL,ASO,ES,Federal Contract Tower,0,4,47,0,51,0,0,120,0,120,0,4,167,0,171,278,0,278,449
07/12/2021,CRG,FL,ASO,ES,Federal Contract Tower,0,2,38,0,40,0,0,120,1,121,0,2,158,1,161,450,0,450,611
07/13/2021,CRG,FL,ASO,ES,Federal Contract Tower,0,8,52,0,60,0,0,172,0,172,0,8,224,0,232,465,0,465,697
07/14/2021,CRG,FL,ASO,ES,Federal Contract Tower,0,16,75,2,93,0,0,171,0,171,0,16,246,2,264,505,0,505,769
07/15/2021,CRG,FL,ASO,ES,Federal Contract Tower,0,16,94,2,112,0,0,261,23,284,0,16,355,25,396,475,0,475,871
07/16/2021,CRG,FL,ASO,ES,Federal Contract Tower,0,12,74,0,86,0,0,244,13,257,0,12,318,13,343,401,0,401,744
07/17/2021,CRG,FL,ASO,ES,Federal Contract Tower,0,11,80,0,91,0,0,121,3,124,0,11,201,3,215,263,0,263,478
07/18/2021,CRG,FL,ASO,ES,Federal Contract Tower,0,17,53,0,70,0,0,100,0,100,0,17,153,0,170,143,0,143,313
07/19/2021,CRG,FL,ASO,ES,Federal Contract Tower,0,6,61,0,67,0,0,121,2,123,0,6,182,2,190,295,0,295,485
07/20/2021,CRG,FL,ASO,ES,Federal Contract Tower,0,9,57,1,67,0,0,186,1,187,0,9,243,2,254,443,0,443,697
07/21/2021,CRG,FL,ASO,ES,Federal Contract Tower,0,17,79,0,96,0,0,165,0,165,0,17,244,0,261,350,0,350,611
07/22/2021,CRG,FL,ASO,ES,Federal Contract Tower,0,6,94,0,100,0,0,175,9,184,0,6,269,9,284,466,0,466,750
07/23/2021,CRG,FL,ASO,ES,Federal Contract Tower,0,8,73,0,81,0,0,163,9,172,0,8,236,9,253,450,0,450,703
07/24/2021,CRG,FL,ASO,ES,Federal Contract Tower,0,5,48,0,53,0,0,73,0,73,0,5,121,0,126,249,0,249,375
07/25/2021,CRG,FL,ASO,ES,Federal Contract Tower,0,6,57,0,63,0,0,68,0,68,0,6,125,0,131,197,0,197,328
07/26/2021,CRG,FL,ASO,ES,Federal Contract Tower,0,4,64,0,68,0,0,16,0,16,0,4,80,0,84,48,0,48,132
07/27/2021,CRG,FL,ASO,ES,Federal Contract Tower,0,5,48,0,53,0,0,166,0,166,0,5,214,0,219,392,0,392,611
07/28/2021,CRG,FL,ASO,ES,Federal Contract Tower,0,10,86,0,96,0,0,207,0,207,0,10,293,0,303,318,0,318,621
07/29/2021,CRG,FL,ASO,ES,Federal Contract Tower,0,9,91,0,100,0,0,140,14,154,0,9,231,14,254,470,0,470,724
07/30/2021,CRG,FL,ASO,ES,Federal Contract Tower,0,15,74,2,91,0,0,127,8,135,0,15,201,10,226,365,2,367,593
07/31/2021,CRG,FL,ASO,ES,Federal Contract Tower,0,8,41,0,49,0,0,88,16,104,0,8,129,16,153,219,2,221,374
08/01/2021,CRG,FL,ASO,ES,Federal Contract Tower,0,6,37,0,43,0,0,81,0,81,0,6,118,0,124,154,0,154,278
08/02/2021,CRG,FL,ASO,ES,Federal Contract Tower,0,7,62,1,70,0,0,102,1,103,0,7,164,2,173,350,0,350,523
08/03/2021,CRG,FL,ASO,ES,Federal Contract Tower,0,7,56,0,63,0,0,49,6,55,0,7,105,6,118,139,0,139,257
08/04/2021,CRG,FL,ASO,ES,Federal Contract Tower,0,13,66,1,80,0,0,73,1,74,0,13,139,2,154,272,0,272,426
08/05/2021,CRG,FL,ASO,ES,Federal Contract Tower,0,8,68,0,76,0,0,34,5,39,0,8,102,5,115,236,0,236,351
08/06/2021,CRG,FL,ASO,ES,Federal Contract Tower,0,11,96,0,107,0,0,175,2,177,0,11,271,2,284,261,0,261,545
08/07/2021,CRG,FL,ASO,ES,Federal Contract Tower,0,5,32,0,37,0,0,47,0,47,0,5,79,0,84,232,0,232,316
08/08/2021,CRG,FL,ASO,ES,Federal Contract Tower,0,5,57,0,62,0,0,106,4,110,0,5,163,4,172,168,0,168,340
08/09/2021,CRG,FL,ASO,ES,Federal Contract Tower,0,11,54,0,65,0,0,169,2,171,0,11,223,2,236,346,0,346,582
08/10/2021,CRG,FL,ASO,ES,Federal Contract Tower,0,12,73,3,88,0,0,211,12,223,0,12,284,15,311,619,0,619,930
08/11/2021,CRG,FL,ASO,ES,Federal Contract Tower,0,9,66,0,75,0,0,197,2,199,0,9,263,2,274,411,0,411,685
08/12/2021,CRG,FL,ASO,ES,Federal Contract Tower,0,7,85,0,92,0,0,176,12,188,0,7,261,12,280,481,0,481,761
08/13/2021,CRG,FL,ASO,ES,Federal Contract Tower,0,20,78,0,98,0,0,201,0,201,0,20,279,0,299,368,0,368,667
08/14/2021,CRG,FL,ASO,ES,Federal Contract Tower,0,4,33,0,37,0,0,25,2,27,0,4,58,2,64,109,0,109,173
08/15/2021,CRG,FL,ASO,ES,Federal Contract Tower,0,3,23,0,26,0,0,83,0,83,0,3,106,0,109,147,0,147,256
08/16/2021,CRG,FL,ASO,ES,Federal Contract Tower,0,5,29,2,36,0,0,47,3,50,0,5,76,5,86,224,2,226,312
08/17/2021,CRG,FL,ASO,ES,Federal Contract Tower,0,4,48,2,54,0,0,143,0,143,0,4,191,2,197,376,0,376,573
08/18/2021,CRG,FL,ASO,ES,Federal Contract Tower,0,3,76,0,79,0,0,192,0,192,0,3,268,0,271,342,0,342,613
08/19/2021,CRG,FL,ASO,ES,Federal Contract Tower,0,9,103,0,112,0,0,183,5,188,0,9,286,5,300,464,0,464,764
08/20/2021,CRG,FL,ASO,ES,Federal Contract Tower,0,7,58,0,65,0,0,192,0,192,0,7,250,0,257,300,0,300,557
08/21/2021,CRG,FL,ASO,ES,Federal Contract Tower,0,7,61,0,68,0,0,114,0,114,0,7,175,0,182,235,0,235,417
08/22/2021,CRG,FL,ASO,ES,Federal Contract Tower,0,8,39,0,47,0,0,91,0,91,0,8,130,0,138,214,0,214,352
08/23/2021,CRG,FL,ASO,ES,Federal Contract Tower,0,6,38,5,49,0,0,74,1,75,0,6,112,6,124,204,0,204,328
08/24/2021,CRG,FL,ASO,ES,Federal Contract Tower,0,7,48,2,57,0,0,108,2,110,0,7,156,4,167,260,0,260,427
08/25/2021,CRG,FL,ASO,ES,Federal Contract Tower,0,11,95,0,106,0,0,198,4,202,0,11,293,4,308,392,0,392,700
08/26/2021,CRG,FL,ASO,ES,Federal Contract Tower,0,0,14,91,105,0,0,136,13,149,0,0,150,104,254,302,0,302,556
08/27/2021,CRG,FL,ASO,ES,Federal Contract Tower,0,12,96,0,108,0,0,103,2,105,0,12,199,2,213,150,0,150,363
08/28/2021,CRG,FL,ASO,ES,Federal Contract Tower,0,5,60,0,65,0,0,66,2,68,0,5,126,2,133,204,0,204,337
08/29/2021,CRG,FL,ASO,ES,Federal Contract Tower,0,16,54,0,70,0,0,73,2,75,0,16,127,2,145,135,0,135,280
08/30/2021,CRG,FL,ASO,ES,Federal Contract Tower,0,9,69,2,80,0,0,189,8,197,0,9,258,10,277,461,0,461,738
08/31/2021,CRG,FL,ASO,ES,Federal Contract Tower,0,14,64,0,78,0,0,192,8,200,0,14,256,8,278,344,0,344,622
09/01/2021,CRG,FL,ASO,ES,Federal Contract Tower,0,7,62,0,69,0,0,73,10,83,0,7,135,10,152,154,0,154,306
09/02/2021,CRG,FL,ASO,ES,Federal Contract Tower,0,9,91,0,100,0,0,127,2,129,0,9,218,2,229,230,0,230,459
09/03/2021,CRG,FL,ASO,ES,Federal Contract Tower,0,10,111,0,121,0,0,173,0,173,0,10,284,0,294,245,0,245,539
09/04/2021,CRG,FL,ASO,ES,Federal Contract Tower,0,8,50,0,58,0,0,155,3,158,0,8,205,3,216,218,0,218,434
09/05/2021,CRG,FL,ASO,ES,Federal Contract Tower,0,9,49,0,58,0,0,105,8,113,0,9,154,8,171,264,0,264,435
09/06/2021,CRG,FL,ASO,ES,Federal Contract Tower,0,7,64,0,71,0,0,171,0,171,0,7,235,0,242,342,0,342,584
09/07/2021,CRG,FL,ASO,ES,Federal Contract Tower,0,9,100,1,110,0,0,170,1,171,0,9,270,2,281,348,0,348,629
09/08/2021,CRG,FL,ASO,ES,Federal Contract Tower,0,6,59,1,66,0,0,133,0,133,0,6,192,1,199,337,0,337,536
09/09/2021,CRG,FL,ASO,ES,Federal Contract Tower,0,10,51,0,61,0,0,34,3,37,0,10,85,3,98,97,0,97,195
09/10/2021,CRG,FL,ASO,ES,Federal Contract Tower,0,16,74,0,90,0,0,173,2,175,0,16,247,2,265,350,0,350,615
09/11/2021,CRG,FL,ASO,ES,Federal Contract Tower,0,3,62,0,65,0,0,165,1,166,0,3,227,1,231,268,0,268,499
09/12/2021,CRG,FL,ASO,ES,Federal Contract Tower,0,3,44,0,47,0,0,103,0,103,0,3,147,0,150,187,0,187,337
09/13/2021,CRG,FL,ASO,ES,Federal Contract Tower,0,11,82,0,93,0,0,209,4,213,0,11,291,4,306,334,0,334,640
09/14/2021,CRG,FL,ASO,ES,Federal Contract Tower,0,13,43,0,56,0,0,182,0,182,0,13,225,0,238,397,0,397,635
09/15/2021,CRG,FL,ASO,ES,Federal Contract Tower,0,13,78,2,93,0,0,208,0,208,0,13,286,2,301,443,0,443,744
09/16/2021,CRG,FL,ASO,ES,Federal Contract Tower,0,9,62,0,71,0,0,141,4,145,0,9,203,4,216,378,0,378,594
09/17/2021,CRG,FL,ASO,ES,Federal Contract Tower,0,9,108,0,117,0,0,165,3,168,0,9,273,3,285,476,0,476,761
09/18/2021,CRG,FL,ASO,ES,Federal Contract Tower,0,4,50,0,54,0,0,97,0,97,0,4,147,0,151,489,0,489,640
09/19/2021,CRG,FL,ASO,ES,Federal Contract Tower,0,7,49,0,56,0,0,16,0,16,0,7,65,0,72,10,0,10,82
09/20/2021,CRG,FL,ASO,ES,Federal Contract Tower,0,8,54,0,62,0,0,59,0,59,0,8,113,0,121,204,0,204,325
09/21/2021,CRG,FL,ASO,ES,Federal Contract Tower,0,19,68,0,87,0,0,83,2,85,0,19,151,2,172,326,0,326,498
09/22/2021,CRG,FL,ASO,ES,Federal Contract Tower,0,11,63,0,74,0,0,199,0,199,0,11,262,0,273,433,0,433,706
09/23/2021,CRG,FL,ASO,ES,Federal Contract Tower,0,10,119,3,132,0,0,298,7,305,0,10,417,10,437,462,0,462,899
09/24/2021,CRG,FL,ASO,ES,Federal Contract Tower,0,8,104,0,112,0,0,262,2,264,0,8,366,2,376,433,0,433,809
09/25/2021,CRG,FL,ASO,ES,Federal Contract Tower,0,7,71,0,78,0,0,180,0,180,0,7,251,0,258,365,0,365,623
09/26/2021,CRG,FL,ASO,ES,Federal Contract Tower,0,9,64,0,73,0,0,123,0,123,0,9,187,0,196,191,0,191,387
09/27/2021,CRG,FL,ASO,ES,Federal Contract Tower,0,13,62,1,76,0,0,196,1,197,0,13,258,2,273,370,0,370,643
09/28/2021,CRG,FL,ASO,ES,Federal Contract Tower,0,18,59,3,80,0,0,224,2,226,0,18,283,5,306,446,0,446,752
09/29/2021,CRG,FL,ASO,ES,Federal Contract Tower,0,17,91,0,108,0,0,268,1,269,0,17,359,1,377,378,0,378,755
09/30/2021,CRG,FL,ASO,ES,Federal Contract Tower,0,23,100,2,125,0,0,185,9,194,0,23,285,11,319,387,0,387,706
10/01/2021,CRG,FL,ASO,ES,Federal Contract Tower,0,19,86,0,105,0,0,207,0,207,0,19,293,0,312,250,0,250,562
10/02/2021,CRG,FL,ASO,ES,Federal Contract Tower,0,7,57,2,66,0,0,149,1,150,0,7,206,3,216,311,0,311,527
10/03/2021,CRG,FL,ASO,ES,Federal Contract Tower,0,20,55,0,75,0,0,80,0,80,0,20,135,0,155,242,0,242,397
10/04/2021,CRG,FL,ASO,ES,Federal Contract Tower,0,18,78,2,98,0,0,178,0,178,0,18,256,2,276,342,0,342,618
10/05/2021,CRG,FL,ASO,ES,Federal Contract Tower,0,20,63,2,85,0,0,172,0,172,0,20,235,2,257,426,0,426,683
10/06/2021,CRG,FL,ASO,ES,Federal Contract Tower,0,8,82,2,92,0,0,146,0,146,0,8,228,2,238,354,0,354,592
10/07/2021,CRG,FL,ASO,ES,Federal Contract Tower,0,7,110,0,117,0,0,131,0,131,0,7,241,0,248,370,0,370,618
10/08/2021,CRG,FL,ASO,ES,Federal Contract Tower,0,10,84,0,94,0,0,112,4,116,0,10,196,4,210,295,0,295,505
10/09/2021,CRG,FL,ASO,ES,Federal Contract Tower,0,10,80,0,90,0,0,105,3,108,0,10,185,3,198,311,0,311,509
10/10/2021,CRG,FL,ASO,ES,Federal Contract Tower,0,6,53,0,59,0,0,57,2,59,0,6,110,2,118,124,0,124,242
10/11/2021,CRG,FL,ASO,ES,Federal Contract Tower,0,7,85,0,92,0,0,1,0,1,0,7,86,0,93,280,0,280,373
10/12/2021,CRG,FL,ASO,ES,Federal Contract Tower,0,13,70,0,83,0,0,164,0,164,0,13,234,0,247,290,0,290,537
10/13/2021,CRG,FL,ASO,ES,Federal Contract Tower,0,6,114,4,124,0,0,215,2,217,0,6,329,6,341,396,0,396,737
10/14/2021,CRG,FL,ASO,ES,Federal Contract Tower,0,17,119,0,136,0,0,215,25,240,0,17,334,25,376,378,0,378,754
10/15/2021,CRG,FL,ASO,ES,Federal Contract Tower,0,14,86,0,100,0,0,188,2,190,0,14,274,2,290,328,0,328,618
10/16/2021,CRG,FL,ASO,ES,Federal Contract Tower,0,21,68,0,89,0,0,156,2,158,0,21,224,2,247,265,0,265,512
10/17/2021,CRG,FL,ASO,ES,Federal Contract Tower,0,15,53,0,68,0,0,100,0,100,0,15,153,0,168,186,0,186,354
10/18/2021,CRG,FL,ASO,ES,Federal Contract Tower,0,14,68,0,82,0,0,217,2,219,0,14,285,2,301,337,0,337,638
10/19/2021,CRG,FL,ASO,ES,Federal Contract Tower,0,11,74,6,91,0,0,236,0,236,0,11,310,6,327,446,0,446,773
10/20/2021,CRG,FL,ASO,ES,Federal Contract Tower,0,10,88,3,101,0,0,229,5,234,0,10,317,8,335,359,0,359,694
10/21/2021,CRG,FL,ASO,ES,Federal Contract Tower,0,20,106,0,126,0,0,200,8,208,0,20,306,8,334,376,0,376,710
10/22/2021,CRG,FL,ASO,ES,Federal Contract Tower,0,9,83,0,92,0,0,157,1,158,0,9,240,1,250,417,0,417,667
10/23/2021,CRG,FL,ASO,ES,Federal Contract Tower,0,7,62,2,71,0,0,123,1,124,0,7,185,3,195,329,0,329,524
10/24/2021,CRG,FL,ASO,ES,Federal Contract Tower,0,10,50,0,60,0,0,92,0,92,0,10,142,0,152,212,0,212,364
10/25/2021,CRG,FL,ASO,ES,Federal Contract Tower,0,10,80,0,90,0,0,82,1,83,0,10,162,1,173,196,0,196,369
10/26/2021,CRG,FL,ASO,ES,Federal Contract Tower,0,13,87,2,102,0,1,238,5,244,0,14,325,7,346,393,0,393,739
10/27/2021,CRG,FL,ASO,ES,Federal Contract Tower,0,6,121,3,130,0,0,247,2,249,0,6,368,5,379,429,0,429,808
10/28/2021,CRG,FL,ASO,ES,Federal Contract Tower,0,5,43,0,48,0,0,15,1,16,0,5,58,1,64,39,0,39,103
10/29/2021,CRG,FL,ASO,ES,Federal Contract Tower,0,17,120,0,137,0,0,169,0,169,0,17,289,0,306,352,0,352,658
10/30/2021,CRG,FL,ASO,ES,Federal Contract Tower,0,33,114,0,147,0,0,119,0,119,0,33,233,0,266,147,0,147,413
10/31/2021,CRG,FL,ASO,ES,Federal Contract Tower,0,12,68,0,80,0,0,122,0,122,0,12,190,0,202,168,0,168,370
11/01/2021,CRG,FL,ASO,ES,Federal Contract Tower,0,7,81,0,88,0,0,165,4,169,0,7,246,4,257,374,0,374,631
11/02/2021,CRG,FL,ASO,ES,Federal Contract Tower,0,16,92,0,108,0,0,220,2,222,0,16,312,2,330,382,0,382,712
11/03/2021,CRG,FL,ASO,ES,Federal Contract Tower,0,9,92,7,108,0,0,134,21,155,0,9,226,28,263,144,0,144,407
11/04/2021,CRG,FL,ASO,ES,Federal Contract Tower,0,13,143,0,156,0,0,50,25,75,0,13,193,25,231,258,4,262,493
11/05/2021,CRG,FL,ASO,ES,Federal Contract Tower,0,1,28,0,29,0,0,2,1,3,0,1,30,1,32,0,0,0,32
11/06/2021,CRG,FL,ASO,ES,Federal Contract Tower,0,0,11,0,11,0,0,0,0,0,0,0,11,0,11,0,0,0,11
11/07/2021,CRG,FL,ASO,ES,Federal Contract Tower,0,6,78,0,84,0,0,49,2,51,0,6,127,2,135,338,0,338,473
11/08/2021,CRG,FL,ASO,ES,Federal Contract Tower,0,14,80,0,94,0,0,203,0,203,0,14,283,0,297,281,0,281,578
11/09/2021,CRG,FL,ASO,ES,Federal Contract Tower,0,8,90,2,100,0,0,222,10,232,0,8,312,12,332,359,1,360,692
11/10/2021,CRG,FL,ASO,ES,Federal Contract Tower,0,19,103,0,122,0,0,226,15,241,0,19,329,15,363,334,0,334,697
11/11/2021,CRG,FL,ASO,ES,Federal Contract Tower,0,14,73,0,87,0,0,204,0,204,0,14,277,0,291,319,0,319,610
11/12/2021,CRG,FL,ASO,ES,Federal Contract Tower,0,6,120,0,126,0,0,85,0,85,0,6,205,0,211,218,0,218,429
11/13/2021,CRG,FL,ASO,ES,Federal Contract Tower,0,0,102,0,102,0,0,98,1,99,0,0,200,1,201,328,0,328,529
11/14/2021,CRG,FL,ASO,ES,Federal Contract Tower,0,4,75,0,79,0,0,195,0,195,0,4,270,0,274,148,0,148,422
11/15/2021,CRG,FL,ASO,ES,Federal Contract Tower,0,4,95,2,101,0,0,203,0,203,0,4,298,2,304,361,0,361,665
11/16/2021,CRG,FL,ASO,ES,Federal Contract Tower,0,8,85,0,93,0,0,207,0,207,0,8,292,0,300,414,0,414,714
11/17/2021,CRG,FL,ASO,ES,Federal Contract Tower,0,6,98,0,104,0,0,234,32,266,0,6,332,32,370,326,1,327,697
11/18/2021,CRG,FL,ASO,ES,Federal Contract Tower,0,7,106,0,113,0,0,191,6,197,0,7,297,6,310,413,0,413,723
11/19/2021,CRG,FL,ASO,ES,Federal Contract Tower,0,8,107,0,115,0,0,79,1,80,0,8,186,1,195,214,0,214,409
11/20/2021,CRG,FL,ASO,ES,Federal Contract Tower,0,3,74,0,77,0,0,10,1,11,0,3,84,1,88,6,0,6,94
11/21/2021,CRG,FL,ASO,ES,Federal Contract Tower,0,1,81,0,82,0,0,0,0,0,0,1,81,0,82,0,0,0,82
11/22/2021,CRG,FL,ASO,ES,Federal Contract Tower,0,13,99,0,112,0,0,100,0,100,0,13,199,0,212,208,0,208,420
11/23/2021,CRG,FL,ASO,ES,Federal Contract Tower,0,11,77,2,90,0,0,179,2,181,0,11,256,4,271,242,0,242,513
11/24/2021,CRG,FL,ASO,ES,Federal Contract Tower,0,6,80,0,86,0,0,177,0,177,0,6,257,0,263,291,0,291,554
11/25/2021,CRG,FL,ASO,ES,Federal Contract Tower,0,2,23,0,25,0,2,50,0,52,0,4,73,0,77,39,0,39,116
11/27/2021,CRG,FL,ASO,ES,Federal Contract Tower,0,5,62,0,67,0,0,120,0,120,0,5,182,0,187,130,0,130,317
11/28/2021,CRG,FL,ASO,ES,Federal Contract Tower,0,5,55,0,60,0,0,136,0,136,0,5,191,0,196,204,0,204,400
11/29/2021,CRG,FL,ASO,ES,Federal Contract Tower,0,8,96,0,104,1,0,189,0,190,1,8,285,0,294,395,0,395,689
11/30/2021,CRG,FL,ASO,ES,Federal Contract Tower,0,10,90,0,100,0,0,218,2,220,0,10,308,2,320,389,0,389,709
12/01/2021,CRG,FL,ASO,ES,Federal Contract Tower,0,7,94,2,103,0,0,249,0,249,0,7,343,2,352,452,0,452,804
12/02/2021,CRG,FL,ASO,ES,Federal Contract Tower,0,20,94,0,114,0,0,196,7,203,0,20,290,7,317,368,0,368,685
12/03/2021,CRG,FL,ASO,ES,Federal Contract Tower,0,6,97,0,103,0,2,245,0,247,0,8,342,0,350,285,0,285,635
12/04/2021,CRG,FL,ASO,ES,Federal Contract Tower,0,2,75,0,77,0,0,103,0,103,0,2,178,0,180,189,0,189,369
12/05/2021,CRG,FL,ASO,ES,Federal Contract Tower,0,6,54,0,60,0,0,114,0,114,0,6,168,0,174,226,0,226,400
12/06/2021,CRG,FL,ASO,ES,Federal Contract Tower,0,8,83,0,91,0,0,132,2,134,0,8,215,2,225,189,0,189,414
12/07/2021,CRG,FL,ASO,ES,Federal Contract Tower,0,6,89,0,95,0,0,125,0,125,0,6,214,0,220,270,0,270,490
12/08/2021,CRG,FL,ASO,ES,Federal Contract Tower,0,6,73,3,82,0,0,99,0,99,0,6,172,3,181,142,0,142,323
12/09/2021,CRG,FL,ASO,ES,Federal Contract Tower,0,12,127,0,139,0,0,69,9,78,0,12,196,9,217,357,0,357,574
12/10/2021,CRG,FL,ASO,ES,Federal Contract Tower,0,5,89,2,96,0,0,205,0,205,0,5,294,2,301,357,0,357,658
12/11/2021,CRG,FL,ASO,ES,Federal Contract Tower,0,2,70,0,72,0,0,129,5,134,0,2,199,5,206,188,0,188,394
12/12/2021,CRG,FL,ASO,ES,Federal Contract Tower,0,5,79,1,85,0,0,39,4,43,0,5,118,5,128,114,0,114,242
12/13/2021,CRG,FL,ASO,ES,Federal Contract Tower,0,12,86,1,99,0,0,111,5,116,0,12,197,6,215,367,0,367,582
12/14/2021,CRG,FL,ASO,ES,Federal Contract Tower,0,10,119,6,135,0,2,73,11,86,0,12,192,17,221,99,0,99,320
12/15/2021,CRG,FL,ASO,ES,Federal Contract Tower,0,10,133,6,149,0,0,189,3,192,0,10,322,9,341,222,0,222,563
12/16/2021,CRG,FL,ASO,ES,Federal Contract Tower,0,9,109,0,118,0,0,188,6,194,0,9,297,6,312,393,0,393,705
12/17/2021,CRG,FL,ASO,ES,Federal Contract Tower,0,10,91,0,101,0,0,237,2,239,0,10,328,2,340,297,0,297,637
12/18/2021,CRG,FL,ASO,ES,Federal Contract Tower,0,4,59,0,63,0,0,92,1,93,0,4,151,1,156,189,0,189,345
12/19/2021,CRG,FL,ASO,ES,Federal Contract Tower,0,4,24,0,28,0,0,13,0,13,0,4,37,0,41,28,0,28,69
12/20/2021,CRG,FL,ASO,ES,Federal Contract Tower,0,3,42,4,49,0,0,4,2,6,0,3,46,6,55,0,0,0,55
12/21/2021,CRG,FL,ASO,ES,Federal Contract Tower,0,2,10,0,12,0,0,0,0,0,0,2,10,0,12,0,0,0,12
12/22/2021,CRG,FL,ASO,ES,Federal Contract Tower,0,10,78,0,88,0,0,127,0,127,0,10,205,0,215,186,0,186,401
12/23/2021,CRG,FL,ASO,ES,Federal Contract Tower,0,7,69,0,76,0,0,156,0,156,0,7,225,0,232,228,0,228,460
12/24/2021,CRG,FL,ASO,ES,Federal Contract Tower,0,2,29,0,31,0,0,104,0,104,0,2,133,0,135,119,0,119,254
12/25/2021,CRG,FL,ASO,ES,Federal Contract Tower,0,4,9,0,13,0,0,50,0,50,0,4,59,0,63,0,0,0,63
12/26/2021,CRG,FL,ASO,ES,Federal Contract Tower,0,1,58,0,59,0,0,71,0,71,0,1,129,0,130,76,0,76,206
12/27/2021,CRG,FL,ASO,ES,Federal Contract Tower,0,4,47,0,51,0,0,66,1,67,0,4,113,1,118,209,0,209,327
12/28/2021,CRG,FL,ASO,ES,Federal Contract Tower,0,11,54,0,65,0,0,160,0,160,0,11,214,0,225,331,0,331,556
12/29/2021,CRG,FL,ASO,ES,Federal Contract Tower,0,10,43,0,53,0,0,152,0,152,0,10,195,0,205,224,0,224,429
12/30/2021,CRG,FL,ASO,ES,Federal Contract Tower,0,6,59,0,65,0,0,117,0,117,0,6,176,0,182,173,0,173,355
12/31/2021,CRG,FL,ASO,ES,Federal Contract Tower,0,12,56,0,68,0,0,66,0,66,0,12,122,0,134,140,0,140,274
01/01/2022,CRG,FL,ASO,ES,Federal Contract Tower,0,5,31,0,36,0,0,57,0,57,0,5,88,0,93,50,0,50,143
01/02/2022,CRG,FL,ASO,ES,Federal Contract Tower,0,2,37,0,39,0,0,46,0,46,0,2,83,0,85,19,0,19,104
01/03/2022,CRG,FL,ASO,ES,Federal Contract Tower,0,4,36,0,40,0,0,109,0,109,0,4,145,0,149,134,0,134,283
01/04/2022,CRG,FL,ASO,ES,Federal Contract Tower,0,7,65,0,72,0,0,186,0,186,0,7,251,0,258,332,0,332,590
01/05/2022,CRG,FL,ASO,ES,Federal Contract Tower,0,5,113,0,118,0,1,87,0,88,0,6,200,0,206,349,0,349,555
01/06/2022,CRG,FL,ASO,ES,Federal Contract Tower,0,2,98,0,100,0,0,214,0,214,0,2,312,0,314,336,0,336,650
01/07/2022,CRG,FL,ASO,ES,Federal Contract Tower,0,4,88,0,92,0,0,159,1,160,0,4,247,1,252,356,0,356,608
01/08/2022,CRG,FL,ASO,ES,Federal Contract Tower,0,4,52,0,56,0,0,106,0,106,0,4,158,0,162,171,0,171,333
01/09/2022,CRG,FL,ASO,ES,Federal Contract Tower,0,8,43,0,51,0,0,98,0,98,0,8,141,0,149,196,0,196,345
01/10/2022,CRG,FL,ASO,ES,Federal Contract Tower,0,8,60,0,68,0,0,13,0,13,0,8,73,0,81,18,0,18,99
01/11/2022,CRG,FL,ASO,ES,Federal Contract Tower,0,6,73,0,79,0,0,143,0,143,0,6,216,0,222,215,0,215,437
01/12/2022,CRG,FL,ASO,ES,Federal Contract Tower,0,4,77,1,82,0,0,194,1,195,0,4,271,2,277,302,0,302,579
01/13/2022,CRG,FL,ASO,ES,Federal Contract Tower,0,6,98,0,104,0,0,182,9,191,0,6,280,9,295,381,0,381,676
01/14/2022,CRG,FL,ASO,ES,Federal Contract Tower,0,10,90,0,100,0,1,203,0,204,0,11,293,0,304,299,0,299,603
01/15/2022,CRG,FL,ASO,ES,Federal Contract Tower,0,4,80,0,84,0,0,140,1,141,0,4,220,1,225,310,0,310,535
01/16/2022,CRG,FL,ASO,ES,Federal Contract Tower,0,0,14,0,14,0,0,4,0,4,0,0,18,0,18,10,0,10,28
01/17/2022,CRG,FL,ASO,ES,Federal Contract Tower,0,8,48,0,56,0,0,71,0,71,0,8,119,0,127,57,0,57,184
01/18/2022,CRG,FL,ASO,ES,Federal Contract Tower,0,8,91,0,99,0,0,223,0,223,0,8,314,0,322,360,0,360,682
01/19/2022,CRG,FL,ASO,ES,Federal Contract Tower,0,2,103,0,105,0,0,186,2,188,0,2,289,2,293,305,0,305,598
01/20/2022,CRG,FL,ASO,ES,Federal Contract Tower,0,11,83,0,94,0,0,174,9,183,0,11,257,9,277,340,0,340,617
01/21/2022,CRG,FL,ASO,ES,Federal Contract Tower,0,3,41,0,44,0,0,0,0,0,0,3,41,0,44,0,0,0,44
01/22/2022,CRG,FL,ASO,ES,Federal Contract Tower,0,5,19,0,24,0,0,0,0,0,0,5,19,0,24,0,0,0,24
01/23/2022,CRG,FL,ASO,ES,Federal Contract Tower,0,4,51,0,55,0,0,115,0,115,0,4,166,0,170,422,0,422,592
01/24/2022,CRG,FL,ASO,ES,Federal Contract Tower,0,13,110,0,123,0,0,148,1,149,0,13,258,1,272,313,0,313,585
01/25/2022,CRG,FL,ASO,ES,Federal Contract Tower,0,8,70,6,84,0,0,133,0,133,0,8,203,6,217,483,0,483,700
01/26/2022,CRG,FL,ASO,ES,Federal Contract Tower,0,6,95,0,101,0,0,171,0,171,0,6,266,0,272,312,0,312,584
01/27/2022,CRG,FL,ASO,ES,Federal Contract Tower,0,8,107,0,115,0,0,13,5,18,0,8,120,5,133,39,0,39,172
01/28/2022,CRG,FL,ASO,ES,Federal Contract Tower,0,11,80,0,91,0,0,144,0,144,0,11,224,0,235,476,0,476,711
01/29/2022,CRG,FL,ASO,ES,Federal Contract Tower,0,6,47,0,53,0,0,98,0,98,0,6,145,0,151,81,0,81,232
01/30/2022,CRG,FL,ASO,ES,Federal Contract Tower,0,9,53,0,62,0,0,144,0,144,0,9,197,0,206,216,0,216,422
01/31/2022,CRG,FL,ASO,ES,Federal Contract Tower,0,7,90,1,98,0,0,222,1,223,0,7,312,2,321,328,0,328,649
02/01/2022,CRG,FL,ASO,ES,Federal Contract Tower,0,6,75,0,81,0,0,198,0,198,0,6,273,0,279,382,0,382,661
02/02/2022,CRG,FL,ASO,ES,Federal Contract Tower,0,6,82,0,88,0,0,160,0,160,0,6,242,0,248,453,0,453,701
02/03/2022,CRG,FL,ASO,ES,Federal Contract Tower,0,9,89,5,103,0,0,179,13,192,0,9,268,18,295,288,0,288,583
02/04/2022,CRG,FL,ASO,ES,Federal Contract Tower,0,8,80,2,90,0,0,137,1,138,0,8,217,3,228,313,0,313,541
02/05/2022,CRG,FL,ASO,ES,Federal Contract Tower,0,7,46,0,53,0,0,85,0,85,0,7,131,0,138,232,0,232,370
02/06/2022,CRG,FL,ASO,ES,Federal Contract Tower,0,8,28,0,36,0,0,0,0,0,0,8,28,0,36,0,0,0,36
02/07/2022,CRG,FL,ASO,ES,Federal Contract Tower,0,8,76,0,84,0,0,1,0,1,0,8,77,0,85,4,0,4,89
02/08/2022,CRG,FL,ASO,ES,Federal Contract Tower,0,11,81,0,92,0,0,81,0,81,0,11,162,0,173,310,0,310,483
02/09/2022,CRG,FL,ASO,ES,Federal Contract Tower,0,8,94,0,102,0,0,196,0,196,0,8,290,0,298,413,0,413,711
02/10/2022,CRG,FL,ASO,ES,Federal Contract Tower,0,11,110,0,121,0,0,263,4,267,0,11,373,4,388,487,0,487,875
02/11/2022,CRG,FL,ASO,ES,Federal Contract Tower,0,3,106,0,109,0,0,242,0,242,0,3,348,0,351,372,0,372,723
02/12/2022,CRG,FL,ASO,ES,Federal Contract Tower,0,9,88,0,97,0,0,143,0,143,0,9,231,0,240,452,0,452,692
02/13/2022,CRG,FL,ASO,ES,Federal Contract Tower,0,0,68,0,68,0,0,65,0,65,0,0,133,0,133,133,0,133,266
02/14/2022,CRG,FL,ASO,ES,Federal Contract Tower,0,12,50,0,62,0,0,198,3,201,0,12,248,3,263,209,0,209,472
02/15/2022,CRG,FL,ASO,ES,Federal Contract Tower,0,9,81,2,92,0,1,201,2,204,0,10,282,4,296,362,2,364,660
02/16/2022,CRG,FL,ASO,ES,Federal Contract Tower,0,7,100,0,107,0,0,227,3,230,0,7,327,3,337,255,0,255,592
02/17/2022,CRG,FL,ASO,ES,Federal Contract Tower,0,10,112,0,122,0,0,177,1,178,0,10,289,1,300,312,4,316,616
02/18/2022,CRG,FL,ASO,ES,Federal Contract Tower,0,7,80,0,87,0,0,21,9,30,0,7,101,9,117,40,0,40,157
02/19/2022,CRG,FL,ASO,ES,Federal Contract Tower,0,9,81,0,90,0,0,255,0,255,0,9,336,0,345,323,0,323,668
02/20/2022,CRG,FL,ASO,ES,Federal Contract Tower,0,4,74,0,78,0,0,111,6,117,0,4,185,6,195,264,0,264,459
02/21/2022,CRG,FL,ASO,ES,Federal Contract Tower,0,9,99,0,108,0,4,203,6,213,0,13,302,6,321,399,0,399,720
02/22/2022,CRG,FL,ASO,ES,Federal Contract Tower,0,5,90,0,95,0,0,191,6,197,0,5,281,6,292,415,0,415,707
02/23/2022,CRG,FL,ASO,ES,Federal Contract Tower,0,15,123,0,138,0,0,169,4,173,0,15,292,4,311,265,0,265,576
02/24/2022,CRG,FL,ASO,ES,Federal Contract Tower,0,15,105,2,122,0,0,196,5,201,0,15,301,7,323,488,0,488,811
02/25/2022,CRG,FL,ASO,ES,Federal Contract Tower,0,9,84,0,93,0,0,177,0,177,0,9,261,0,270,439,0,439,709
02/26/2022,CRG,FL,ASO,ES,Federal Contract Tower,0,16,58,0,74,0,0,173,0,173,0,16,231,0,247,426,0,426,673
02/27/2022,CRG,FL,ASO,ES,Federal Contract Tower,0,9,44,0,53,0,0,73,0,73,0,9,117,0,126,334,0,334,460
02/28/2022,CRG,FL,ASO,ES,Federal Contract Tower,0,9,47,0,56,0,0,0,0,0,0,9,47,0,56,0,0,0,56
03/01/2022,CRG,FL,ASO,ES,Federal Contract Tower,0,13,101,0,114,0,0,160,0,160,0,13,261,0,274,446,0,446,720
03/02/2022,CRG,FL,ASO,ES,Federal Contract Tower,0,11,91,0,102,0,0,198,0,198,0,11,289,0,300,566,0,566,866
03/03/2022,CRG,FL,ASO,ES,Federal Contract Tower,0,6,108,9,123,0,1,261,18,280,0,7,369,27,403,623,0,623,1026
03/04/2022,CRG,FL,ASO,ES,Federal Contract Tower,0,15,109,0,124,0,0,180,0,180,0,15,289,0,304,441,0,441,745
03/05/2022,CRG,FL,ASO,ES,Federal Contract Tower,0,5,92,0,97,0,0,111,0,111,0,5,203,0,208,251,0,251,459
03/06/2022,CRG,FL,ASO,ES,Federal Contract Tower,0,8,73,0,81,0,0,120,0,120,0,8,193,0,201,213,0,213,414
03/07/2022,CRG,FL,ASO,ES,Federal Contract Tower,0,10,82,0,92,0,0,153,0,153,0,10,235,0,245,308,0,308,553
03/08/2022,CRG,FL,ASO,ES,Federal Contract Tower,0,20,106,0,126,0,0,67,0,67,0,20,173,0,193,241,0,241,434
03/09/2022,CRG,FL,ASO,ES,Federal Contract Tower,0,5,81,0,86,0,0,27,7,34,0,5,108,7,120,109,0,109,229
03/10/2022,CRG,FL,ASO,ES,Federal Contract Tower,0,5,60,0,65,0,0,22,13,35,0,5,82,13,100,229,0,229,329
03/11/2022,CRG,FL,ASO,ES,Federal Contract Tower,0,2,18,0,20,0,0,0,0,0,0,2,18,0,20,0,0,0,20
03/12/2022,CRG,FL,ASO,ES,Federal Contract Tower,0,4,33,0,37,0,0,21,0,21,0,4,54,0,58,76,0,76,134
03/13/2022,CRG,FL,ASO,ES,Federal Contract Tower,0,10,83,0,93,0,0,174,0,174,0,10,257,0,267,427,0,427,694
03/14/2022,CRG,FL,ASO,ES,Federal Contract Tower,0,19,105,0,124,0,0,188,0,188,0,19,293,0,312,446,0,446,758
03/15/2022,CRG,FL,ASO,ES,Federal Contract Tower,0,11,80,0,91,0,0,113,0,113,0,11,193,0,204,377,0,377,581
03/16/2022,CRG,FL,ASO,ES,Federal Contract Tower,0,3,46,0,49,0,0,77,11,88,0,3,123,11,137,176,0,176,313
03/17/2022,CRG,FL,ASO,ES,Federal Contract Tower,0,9,129,0,138,0,0,237,8,245,0,9,366,8,383,353,0,353,736
03/18/2022,CRG,FL,ASO,ES,Federal Contract Tower,0,4,97,0,101,0,0,121,0,121,0,4,218,0,222,246,0,246,468
03/19/2022,CRG,FL,ASO,ES,Federal Contract Tower,0,6,67,0,73,0,0,109,0,109,0,6,176,0,182,211,0,211,393
03/20/2022,CRG,FL,ASO,ES,Federal Contract Tower,0,11,58,0,69,0,0,160,0,160,0,11,218,0,229,298,0,298,527
03/21/2022,CRG,FL,ASO,ES,Federal Contract Tower,0,13,110,0,123,0,0,189,0,189,0,13,299,0,312,340,0,340,652
03/22/2022,CRG,FL,ASO,ES,Federal Contract Tower,0,15,93,0,108,0,0,178,0,178,0,15,271,0,286,362,0,362,648
03/23/2022,CRG,FL,ASO,ES,Federal Contract Tower,0,13,38,0,51,0,0,62,1,63,0,13,100,1,114,194,0,194,308
03/24/2022,CRG,FL,ASO,ES,Federal Contract Tower,0,6,25,0,31,0,0,4,5,9,0,6,29,5,40,0,0,0,40
03/25/2022,CRG,FL,ASO,ES,Federal Contract Tower,0,6,114,0,120,0,0,193,2,195,0,6,307,2,315,332,0,332,647
03/26/2022,CRG,FL,ASO,ES,Federal Contract Tower,0,7,68,1,76,0,0,147,0,147,0,7,215,1,223,322,0,322,545
03/27/2022,CRG,FL,ASO,ES,Federal Contract Tower,0,1,72,2,75,0,0,129,3,132,0,1,201,5,207,182,0,182,389
03/28/2022,CRG,FL,ASO,ES,Federal Contract Tower,0,5,98,0,103,0,0,257,0,257,0,5,355,0,360,536,0,536,896
03/29/2022,CRG,FL,ASO,ES,Federal Contract Tower,0,15,101,0,116,0,0,207,0,207,0,15,308,0,323,419,0,419,742
03/30/2022,CRG,FL,ASO,ES,Federal Contract Tower,0,5,114,0,119,0,0,171,13,184,0,5,285,13,303,287,0,287,590
03/31/2022,CRG,FL,ASO,ES,Federal Contract Tower,0,5,19,0,24,0,0,41,0,41,0,5,60,0,65,42,0,42,107
04/01/2022,CRG,FL,ASO,ES,Federal Contract Tower,0,11,117,0,128,0,0,205,0,205,0,11,322,0,333,413,0,413,746
04/02/2022,CRG,FL,ASO,ES,Federal Contract Tower,0,0,65,0,65,0,0,20,0,20,0,0,85,0,85,86,0,86,171
04/03/2022,CRG,FL,ASO,ES,Federal Contract Tower,0,2,82,0,84,0,0,0,0,0,0,2,82,0,84,321,0,321,405
04/04/2022,CRG,FL,ASO,ES,Federal Contract Tower,0,5,121,0,126,0,0,214,1,215,0,5,335,1,341,432,0,432,773
04/05/2022,CRG,FL,ASO,ES,Federal Contract Tower,0,17,69,0,86,0,0,108,0,108,0,17,177,0,194,302,0,302,496
04/06/2022,CRG,FL,ASO,ES,Federal Contract Tower,0,15,68,8,91,0,0,87,3,90,0,15,155,11,181,303,0,303,484
04/07/2022,CRG,FL,ASO,ES,Federal Contract Tower,0,4,76,0,80,0,0,36,1,37,0,4,112,1,117,107,0,107,224
04/08/2022,CRG,FL,ASO,ES,Federal Contract Tower,0,11,81,0,92,0,0,195,0,195,0,11,276,0,287,223,0,223,510
04/09/2022,CRG,FL,ASO,ES,Federal Contract Tower,0,5,59,0,64,0,0,66,0,66,0,5,125,0,130,164,0,164,294
04/10/2022,CRG,FL,ASO,ES,Federal Contract Tower,0,3,80,0,83,0,0,186,0,186,0,3,266,0,269,224,0,224,493
04/11/2022,CRG,FL,ASO,ES,Federal Contract Tower,0,10,104,0,114,0,0,228,0,228,0,10,332,0,342,373,0,373,715
04/12/2022,CRG,FL,ASO,ES,Federal Contract Tower,0,6,87,1,94,0,0,228,2,230,0,6,315,3,324,539,0,539,863
04/13/2022,CRG,FL,ASO,ES,Federal Contract Tower,0,6,112,0,118,0,0,188,8,196,0,6,300,8,314,425,0,425,739
04/14/2022,CRG,FL,ASO,ES,Federal Contract Tower,0,15,125,2,142,0,0,163,6,169,0,15,288,8,311,365,0,365,676
04/15/2022,CRG,FL,ASO,ES,Federal Contract Tower,0,11,101,0,112,0,0,105,0,105,0,11,206,0,217,313,0,313,530
04/16/2022,CRG,FL,ASO,ES,Federal Contract Tower,0,5,82,0,87,0,0,99,0,99,0,5,181,0,186,324,0,324,510
04/17/2022,CRG,FL,ASO,ES,Federal Contract Tower,0,8,27,0,35,0,0,28,0,28,0,8,55,0,63,32,0,32,95
04/18/2022,CRG,FL,ASO,ES,Federal Contract Tower,0,6,102,0,108,0,0,145,1,146,0,6,247,1,254,338,0,338,592
04/19/2022,CRG,FL,ASO,ES,Federal Contract Tower,0,12,75,0,87,0,0,197,0,197,0,12,272,0,284,475,0,475,759
04/20/2022,CRG,FL,ASO,ES,Federal Contract Tower,0,8,109,2,119,0,0,173,10,183,0,8,282,12,302,186,0,186,488
04/21/2022,CRG,FL,ASO,ES,Federal Contract Tower,0,9,99,0,108,0,0,171,14,185,0,9,270,14,293,411,0,411,704
04/22/2022,CRG,FL,ASO,ES,Federal Contract Tower,0,7,106,0,113,0,0,148,2,150,0,7,254,2,263,366,0,366,629
04/23/2022,CRG,FL,ASO,ES,Federal Contract Tower,0,5,70,0,75,0,0,122,0,122,0,5,192,0,197,308,0,308,505
04/24/2022,CRG,FL,ASO,ES,Federal Contract Tower,0,7,58,0,65,0,0,110,0,110,0,7,168,0,175,234,0,234,409
04/25/2022,CRG,FL,ASO,ES,Federal Contract Tower,0,5,89,0,94,0,0,161,0,161,0,5,250,0,255,266,0,266,521
04/26/2022,CRG,FL,ASO,ES,Federal Contract Tower,0,8,95,0,103,0,0,181,2,183,0,8,276,2,286,398,0,398,684
04/27/2022,CRG,FL,ASO,ES,Federal Contract Tower,0,8,111,10,129,0,0,136,3,139,0,8,247,13,268,393,0,393,661
04/28/2022,CRG,FL,ASO,ES,Federal Contract Tower,0,16,103,0,119,0,0,170,21,191,0,16,273,21,310,202,0,202,512
04/29/2022,CRG,FL,ASO,ES,Federal Contract Tower,0,10,99,3,112,0,0,204,2,206,0,10,303,5,318,258,0,258,576
04/30/2022,CRG,FL,ASO,ES,Federal Contract Tower,0,6,65,0,71,0,0,107,2,109,0,6,172,2,180,295,0,295,475
05/01/2022,CRG,FL,ASO,ES,Federal Contract Tower,0,11,67,0,78,0,0,111,2,113,0,11,178,2,191,206,0,206,397
05/02/2022,CRG,FL,ASO,ES,Federal Contract Tower,0,7,80,0,87,0,0,151,6,157,0,7,231,6,244,347,0,347,591
05/03/2022,CRG,FL,ASO,ES,Federal Contract Tower,0,11,104,0,115,0,0,157,8,165,0,11,261,8,280,398,0,398,678
05/04/2022,CRG,FL,ASO,ES,Federal Contract Tower,0,12,97,0,109,0,0,190,19,209,0,12,287,19,318,439,0,439,757
05/05/2022,CRG,FL,ASO,ES,Federal Contract Tower,0,9,128,0,137,0,0,200,8,208,0,9,328,8,345,384,0,384,729
05/06/2022,CRG,FL,ASO,ES,Federal Contract Tower,0,6,78,1,85,0,0,122,1,123,0,6,200,2,208,194,0,194,402
05/07/2022,CRG,FL,ASO,ES,Federal Contract Tower,0,2,45,0,47,0,0,57,0,57,0,2,102,0,104,106,0,106,210
05/08/2022,CRG,FL,ASO,ES,Federal Contract Tower,0,3,56,0,59,0,0,74,1,75,0,3,130,1,134,169,0,169,303
05/09/2022,CRG,FL,ASO,ES,Federal Contract Tower,0,8,74,0,82,0,0,107,19,126,0,8,181,19,208,346,0,346,554
05/10/2022,CRG,FL,ASO,ES,Federal Contract Tower,0,12,80,0,92,0,0,156,18,174,0,12,236,18,266,408,0,408,674
05/11/2022,CRG,FL,ASO,ES,Federal Contract Tower,0,7,99,0,106,0,0,129,8,137,0,7,228,8,243,353,0,353,596
05/12/2022,CRG,FL,ASO,ES,Federal Contract Tower,0,3,119,0,122,0,0,134,17,151,0,3,253,17,273,465,2,467,740
05/13/2022,CRG,FL,ASO,ES,Federal Contract Tower,0,3,83,0,86,0,0,49,9,58,0,3,132,9,144,233,0,233,377
05/14/2022,CRG,FL,ASO,ES,Federal Contract Tower,0,4,61,0,65,0,0,120,2,122,0,4,181,2,187,239,0,239,426
05/15/2022,CRG,FL,ASO,ES,Federal Contract Tower,0,3,58,0,61,0,0,51,1,52,0,3,109,1,113,196,0,196,309
05/16/2022,CRG,FL,ASO,ES,Federal Contract Tower,0,8,107,1,116,0,0,152,2,154,0,8,259,3,270,345,0,345,615
05/17/2022,CRG,FL,ASO,ES,Federal Contract Tower,0,8,91,0,99,0,1,180,0,181,0,9,271,0,280,463,0,463,743
05/18/2022,CRG,FL,ASO,ES,Federal Contract Tower,0,5,103,0,108,0,0,192,0,192,0,5,295,0,300,356,0,356,656
05/19/2022,CRG,FL,ASO,ES,Federal Contract Tower,0,11,121,0,132,0,0,135,0,135,0,11,256,0,267,369,0,369,636
05/20/2022,CRG,FL,ASO,ES,Federal Contract Tower,0,5,90,0,95,0,0,137,0,137,0,5,227,0,232,260,0,260,492
05/21/2022,CRG,FL,ASO,ES,Federal Contract Tower,0,5,34,0,39,0,0,40,0,40,0,5,74,0,79,138,0,138,217
05/22/2022,CRG,FL,ASO,ES,Federal Contract Tower,0,4,62,0,66,0,0,34,0,34,0,4,96,0,100,34,0,34,134
05/23/2022,CRG,FL,ASO,ES,Federal Contract Tower,0,6,85,0,91,0,0,112,0,112,0,6,197,0,203,402,0,402,605
05/24/2022,CRG,FL,ASO,ES,Federal Contract Tower,0,6,100,0,106,0,1,111,0,112,0,7,211,0,218,405,0,405,623
05/25/2022,CRG,FL,ASO,ES,Federal Contract Tower,0,11,84,0,95,0,0,120,9,129,0,11,204,9,224,478,0,478,702
05/26/2022,CRG,FL,ASO,ES,Federal Contract Tower,0,2,91,0,93,0,0,175,4,179,0,2,266,4,272,318,0,318,590
05/27/2022,CRG,FL,ASO,ES,Federal Contract Tower,0,4,67,0,71,0,0,70,2,72,0,4,137,2,143,251,0,251,394
05/28/2022,CRG,FL,ASO,ES,Federal Contract Tower,0,3,53,0,56,0,0,125,0,125,0,3,178,0,181,172,0,172,353
05/29/2022,CRG,FL,ASO,ES,Federal Contract Tower,0,0,29,0,29,0,0,96,1,97,0,0,125,1,126,146,0,146,272
05/30/2022,CRG,FL,ASO,ES,Federal Contract Tower,0,7,81,0,88,0,0,109,0,109,0,7,190,0,197,333,0,333,530
05/31/2022,CRG,FL,ASO,ES,Federal Contract Tower,0,6,75,2,83,0,0,153,0,153,0,6,228,2,236,459,0,459,695
06/01/2022,CRG,FL,ASO,ES,Federal Contract Tower,0,16,81,1,98,0,0,166,10,176,0,16,247,11,274,503,0,503,777
06/02/2022,CRG,FL,ASO,ES,Federal Contract Tower,0,12,105,0,117,0,0,170,7,177,0,12,275,7,294,449,0,449,743
06/03/2022,CRG,FL,ASO,ES,Federal Contract Tower,0,9,90,0,99,0,0,182,2,184,0,9,272,2,283,354,0,354,637
06/04/2022,CRG,FL,ASO,ES,Federal Contract Tower,0,3,46,0,49,0,0,73,4,77,0,3,119,4,126,225,0,225,351
06/05/2022,CRG,FL,ASO,ES,Federal Contract Tower,0,6,44,0,50,0,0,23,0,23,0,6,67,0,73,126,0,126,199
06/06/2022,CRG,FL,ASO,ES,Federal Contract Tower,0,6,53,0,59,0,0,55,6,61,0,6,108,6,120,281,0,281,401
06/07/2022,CRG,FL,ASO,ES,Federal Contract Tower,0,4,103,0,107,0,0,153,10,163,0,4,256,10,270,398,0,398,668
06/08/2022,CRG,FL,ASO,ES,Federal Contract Tower,0,1,96,0,97,0,0,140,7,147,0,1,236,7,244,414,0,414,658
06/09/2022,CRG,FL,ASO,ES,Federal Contract Tower,0,2,84,0,86,0,0,149,4,153,0,2,233,4,239,174,0,174,413
06/10/2022,CRG,FL,ASO,ES,Federal Contract Tower,0,8,83,0,91,0,0,115,0,115,0,8,198,0,206,274,0,274,480
06/11/2022,CRG,FL,ASO,ES,Federal Contract Tower,0,4,52,0,56,0,0,37,0,37,0,4,89,0,93,116,6,122,215
06/12/2022,CRG,FL,ASO,ES,Federal Contract Tower,0,0,55,0,55,0,0,37,1,38,0,0,92,1,93,159,0,159,252
06/13/2022,CRG,FL,ASO,ES,Federal Contract Tower,0,9,78,1,88,0,0,135,2,137,0,9,213,3,225,302,0,302,527
06/14/2022,CRG,FL,ASO,ES,Federal Contract Tower,0,8,69,0,77,0,0,134,3,137,0,8,203,3,214,341,0,341,555
06/15/2022,CRG,FL,ASO,ES,Federal Contract Tower,0,11,111,0,122,0,0,184,8,192,0,11,295,8,314,585,0,585,899
06/16/2022,CRG,FL,ASO,ES,Federal Contract Tower,0,7,91,0,98,0,0,130,8,138,0,7,221,8,236,358,0,358,594
06/17/2022,CRG,FL,ASO,ES,Federal Contract Tower,0,10,89,0,99,0,0,172,0,172,0,10,261,0,271,511,0,511,782
06/18/2022,CRG,FL,ASO,ES,Federal Contract Tower,0,2,39,0,41,0,0,69,0,69,0,2,108,0,110,174,0,174,284
06/19/2022,CRG,FL,ASO,ES,Federal Contract Tower,0,2,65,0,67,0,0,108,0,108,0,2,173,0,175,186,0,186,361
06/20/2022,CRG,FL,ASO,ES,Federal Contract Tower,0,10,86,0,96,0,0,149,0,149,0,10,235,0,245,506,0,506,751
06/21/2022,CRG,FL,ASO,ES,Federal Contract Tower,0,11,62,2,75,0,0,170,0,170,0,11,232,2,245,404,0,404,649
06/22/2022,CRG,FL,ASO,ES,Federal Contract Tower,0,6,72,2,80,0,0,195,3,198,0,6,267,5,278,400,0,400,678
06/23/2022,CRG,FL,ASO,ES,Federal Contract Tower,0,8,79,0,87,0,0,142,3,145,0,8,221,3,232,250,0,250,482
06/24/2022,CRG,FL,ASO,ES,Federal Contract Tower,0,6,88,0,94,0,0,82,1,83,0,6,170,1,177,229,0,229,406
06/25/2022,CRG,FL,ASO,ES,Federal Contract Tower,0,2,55,0,57,0,0,96,0,96,0,2,151,0,153,165,0,165,318
06/26/2022,CRG,FL,ASO,ES,Federal Contract Tower,0,4,58,0,62,0,0,88,1,89,0,4,146,1,151,234,0,234,385
06/27/2022,CRG,FL,ASO,ES,Federal Contract Tower,0,8,54,1,63,0,0,153,2,155,0,8,207,3,218,479,0,479,697
06/28/2022,CRG,FL,ASO,ES,Federal Contract Tower,0,3,66,0,69,0,0,110,2,112,0,3,176,2,181,424,0,424,605
06/29/2022,CRG,FL,ASO,ES,Federal Contract Tower,0,6,75,3,84,0,0,197,16,213,0,6,272,19,297,432,0,432,729
06/30/2022,CRG,FL,ASO,ES,Federal Contract Tower,0,2,113,0,115,0,0,104,3,107,0,2,217,3,222,272,0,272,494
07/01/2022,CRG,FL,ASO,ES,Federal Contract Tower,0,4,88,0,92,0,0,87,0,87,0,4,175,0,179,150,0,150,329
07/02/2022,CRG,FL,ASO,ES,Federal Contract Tower,0,2,42,0,44,0,0,66,0,66,0,2,108,0,110,190,0,190,300
07/03/2022,CRG,FL,ASO,ES,Federal Contract Tower,0,4,32,0,36,0,0,22,0,22,0,4,54,0,58,166,0,166,224
07/04/2022,CRG,FL,ASO,ES,Federal Contract Tower,0,2,35,0,37,0,0,89,0,89,0,2,124,0,126,191,0,191,317
07/05/2022,CRG,FL,ASO,ES,Federal Contract Tower,0,9,57,0,66,0,0,120,0,120,0,9,177,0,186,321,0,321,507
07/06/2022,CRG,FL,ASO,ES,Federal Contract Tower,0,4,84,0,88,0,0,184,21,205,0,4,268,21,293,465,0,465,758
07/07/2022,CRG,FL,ASO,ES,Federal Contract Tower,0,3,91,0,94,0,0,168,7,175,0,3,259,7,269,81,0,81,350
07/08/2022,CRG,FL,ASO,ES,Federal Contract Tower,0,6,77,0,83,0,0,99,2,101,0,6,176,2,184,196,0,196,380
07/09/2022,CRG,FL,ASO,ES,Federal Contract Tower,0,3,36,0,39,0,0,49,0,49,0,3,85,0,88,142,0,142,230
07/10/2022,CRG,FL,ASO,ES,Federal Contract Tower,0,0,25,0,25,0,0,64,0,64,0,0,89,0,89,105,0,105,194
07/11/2022,CRG,FL,ASO,ES,Federal Contract Tower,0,2,62,0,64,0,0,86,0,86,0,2,148,0,150,209,0,209,359
07/12/2022,CRG,FL,ASO,ES,Federal Contract Tower,0,11,91,2,104,0,0,118,3,121,0,11,209,5,225,294,0,294,519
07/13/2022,CRG,FL,ASO,ES,Federal Contract Tower,0,11,102,10,123,0,0,131,8,139,0,11,233,18,262,383,0,383,645
07/14/2022,CRG,FL,ASO,ES,Federal Contract Tower,0,5,87,0,92,0,0,144,14,158,0,5,231,14,250,413,2,415,665
07/15/2022,CRG,FL,ASO,ES,Federal Contract Tower,0,5,95,0,100,0,0,140,4,144,0,5,235,4,244,298,0,298,542
07/16/2022,CRG,FL,ASO,ES,Federal Contract Tower,0,4,42,0,46,0,0,67,0,67,0,4,109,0,113,106,0,106,219
07/17/2022,CRG,FL,ASO,ES,Federal Contract Tower,0,3,50,0,53,0,0,63,0,63,0,3,113,0,116,205,0,205,321
07/18/2022,CRG,FL,ASO,ES,Federal Contract Tower,0,11,76,8,95,0,0,131,5,136,0,11,207,13,231,363,0,363,594
07/19/2022,CRG,FL,ASO,ES,Federal Contract Tower,0,5,62,0,67,0,0,124,0,124,0,5,186,0,191,364,0,364,555
07/20/2022,CRG,FL,ASO,ES,Federal Contract Tower,0,6,53,0,59,0,0,102,6,108,0,6,155,6,167,319,0,319,486
07/21/2022,CRG,FL,ASO,ES,Federal Contract Tower,0,3,119,0,122,0,0,211,4,215,0,3,330,4,337,281,0,281,618
07/22/2022,CRG,FL,ASO,ES,Federal Contract Tower,0,6,92,0,98,0,0,162,1,163,0,6,254,1,261,366,0,366,627
07/23/2022,CRG,FL,ASO,ES,Federal Contract Tower,0,0,70,0,70,0,0,80,0,80,0,0,150,0,150,253,0,253,403
07/24/2022,CRG,FL,ASO,ES,Federal Contract Tower,0,5,60,0,65,0,0,115,0,115,0,5,175,0,180,226,0,226,406
07/25/2022,CRG,FL,ASO,ES,Federal Contract Tower,0,4,75,0,79,0,0,201,1,202,0,4,276,1,281,453,0,453,734
07/26/2022,CRG,FL,ASO,ES,Federal Contract Tower,0,8,93,1,102,0,0,176,0,176,0,8,269,1,278,337,0,337,615
07/27/2022,CRG,FL,ASO,ES,Federal Contract Tower,0,6,95,0,101,0,0,133,10,143,0,6,228,10,244,244,2,246,490
07/28/2022,CRG,FL,ASO,ES,Federal Contract Tower,0,6,88,1,95,0,0,160,5,165,0,6,248,6,260,278,0,278,538
07/29/2022,CRG,FL,ASO,ES,Federal Contract Tower,0,6,97,0,103,0,0,158,0,158,0,6,255,0,261,419,0,419,680
07/30/2022,CRG,FL,ASO,ES,Federal Contract Tower,0,5,75,0,80,0,0,94,4,98,0,5,169,4,178,138,0,138,316
07/31/2022,CRG,FL,ASO,ES,Federal Contract Tower,0,8,47,1,56,0,0,110,0,110,0,8,157,1,166,214,0,214,380
08/01/2022,CRG,FL,ASO,ES,Federal Contract Tower,0,3,69,0,72,0,0,144,4,148,0,3,213,4,220,351,0,351,571
08/02/2022,CRG,FL,ASO,ES,Federal Contract Tower,0,12,67,0,79,0,0,177,4,181,0,12,244,4,260,494,0,494,754
08/03/2022,CRG,FL,ASO,ES,Federal Contract Tower,0,9,83,0,92,0,0,171,6,177,0,9,254,6,269,410,2,412,681
08/04/2022,CRG,FL,ASO,ES,Federal Contract Tower,0,7,96,0,103,0,0,161,4,165,0,7,257,4,268,316,0,316,584
08/05/2022,CRG,FL,ASO,ES,Federal Contract Tower,0,6,80,0,86,0,0,129,8,137,0,6,209,8,223,289,0,289,512
08/06/2022,CRG,FL,ASO,ES,Federal Contract Tower,0,2,43,0,45,0,0,93,4,97,0,2,136,4,142,223,0,223,365
08/07/2022,CRG,FL,ASO,ES,Federal Contract Tower,0,4,58,0,62,0,0,81,1,82,0,4,139,1,144,219,0,219,363
08/08/2022,CRG,FL,ASO,ES,Federal Contract Tower,0,7,48,0,55,0,0,89,3,92,0,7,137,3,147,202,0,202,349
08/09/2022,CRG,FL,ASO,ES,Federal Contract Tower,0,7,63,0,70,0,0,131,1,132,0,7,194,1,202,421,0,421,623
08/10/2022,CRG,FL,ASO,ES,Federal Contract Tower,0,4,118,0,122,0,0,128,0,128,0,4,246,0,250,344,0,344,594
08/11/2022,CRG,FL,ASO,ES,Federal Contract Tower,0,9,67,0,76,0,0,116,14,130,0,9,183,14,206,288,0,288,494
08/12/2022,CRG,FL,ASO,ES,Federal Contract Tower,0,6,73,0,79,0,0,150,0,150,0,6,223,0,229,439,0,439,668
08/13/2022,CRG,FL,ASO,ES,Federal Contract Tower,0,0,49,0,49,0,0,71,0,71,0,0,120,0,120,194,0,194,314
08/14/2022,CRG,FL,ASO,ES,Federal Contract Tower,0,4,68,0,72,0,0,114,0,114,0,4,182,0,186,102,0,102,288
08/15/2022,CRG,FL,ASO,ES,Federal Contract Tower,0,12,81,2,95,0,0,228,9,237,0,12,309,11,332,322,0,322,654
08/16/2022,CRG,FL,ASO,ES,Federal Contract Tower,0,7,81,0,88,0,0,137,0,137,0,7,218,0,225,387,0,387,612
08/17/2022,CRG,FL,ASO,ES,Federal Contract Tower,0,8,56,0,64,0,0,171,15,186,0,8,227,15,250,290,0,290,540
08/18/2022,CRG,FL,ASO,ES,Federal Contract Tower,0,4,71,0,75,0,0,116,5,121,0,4,187,5,196,151,0,151,347
08/19/2022,CRG,FL,ASO,ES,Federal Contract Tower,0,3,76,0,79,0,0,106,2,108,0,3,182,2,187,270,0,270,457
08/20/2022,CRG,FL,ASO,ES,Federal Contract Tower,0,2,80,0,82,0,0,154,0,154,0,2,234,0,236,247,0,247,483
08/21/2022,CRG,FL,ASO,ES,Federal Contract Tower,0,4,53,0,57,0,0,93,0,93,0,4,146,0,150,198,0,198,348
08/22/2022,CRG,FL,ASO,ES,Federal Contract Tower,0,6,66,0,72,0,0,128,0,128,0,6,194,0,200,268,0,268,468
08/23/2022,CRG,FL,ASO,ES,Federal Contract Tower,0,4,78,0,82,0,0,167,0,167,0,4,245,0,249,393,0,393,642
08/24/2022,CRG,FL,ASO,ES,Federal Contract Tower,0,2,60,0,62,0,0,192,9,201,0,2,252,9,263,467,0,467,730
08/25/2022,CRG,FL,ASO,ES,Federal Contract Tower,0,6,85,0,91,0,0,102,4,106,0,6,187,4,197,160,0,160,357
08/26/2022,CRG,FL,ASO,ES,Federal Contract Tower,0,5,62,0,67,0,0,65,0,65,0,5,127,0,132,195,0,195,327
08/27/2022,CRG,FL,ASO,ES,Federal Contract Tower,0,1,71,0,72,0,0,77,0,77,0,1,148,0,149,175,0,175,324
08/28/2022,CRG,FL,ASO,ES,Federal Contract Tower,0,0,35,0,35,0,0,71,0,71,0,0,106,0,106,285,0,285,391
08/29/2022,CRG,FL,ASO,ES,Federal Contract Tower,0,2,63,0,65,0,0,74,1,75,0,2,137,1,140,304,0,304,444
08/30/2022,CRG,FL,ASO,ES,Federal Contract Tower,0,12,74,0,86,0,0,198,4,202,0,12,272,4,288,327,0,327,615
08/31/2022,CRG,FL,ASO,ES,Federal Contract Tower,0,2,70,0,72,0,0,111,6,117,0,2,181,6,189,153,0,153,342
09/01/2022,CRG,FL,ASO,ES,Federal Contract Tower,0,2,71,0,73,0,0,128,1,129,0,2,199,1,202,228,0,228,430
09/02/2022,CRG,FL,ASO,ES,Federal Contract Tower,0,4,88,0,92,0,0,174,0,174,0,4,262,0,266,376,0,376,642
09/03/2022,CRG,FL,ASO,ES,Federal Contract Tower,0,1,79,0,80,0,0,91,0,91,0,1,170,0,171,158,0,158,329
09/04/2022,CRG,FL,ASO,ES,Federal Contract Tower,0,3,18,0,21,0,0,67,0,67,0,3,85,0,88,184,0,184,272
09/05/2022,CRG,FL,ASO,ES,Federal Contract Tower,0,7,79,0,86,0,0,192,0,192,0,7,271,0,278,296,0,296,574
09/06/2022,CRG,FL,ASO,ES,Federal Contract Tower,0,10,67,2,79,0,0,188,0,188,0,10,255,2,267,354,0,354,621
09/07/2022,CRG,FL,ASO,ES,Federal Contract Tower,0,6,64,0,70,0,0,214,3,217,0,6,278,3,287,438,0,438,725
09/08/2022,CRG,FL,ASO,ES,Federal Contract Tower,0,2,96,0,98,0,0,113,6,119,0,2,209,6,217,378,0,378,595
09/09/2022,CRG,FL,ASO,ES,Federal Contract Tower,0,2,93,0,95,0,0,107,7,114,0,2,200,7,209,234,0,234,443
09/10/2022,CRG,FL,ASO,ES,Federal Contract Tower,0,0,49,0,49,0,0,138,0,138,0,0,187,0,187,138,0,138,325
09/11/2022,CRG,FL,ASO,ES,Federal Contract Tower,0,2,55,0,57,0,0,102,0,102,0,2,157,0,159,239,0,239,398
09/12/2022,CRG,FL,ASO,ES,Federal Contract Tower,0,4,69,1,74,0,0,93,5,98,0,4,162,6,172,204,0,204,376
09/13/2022,CRG,FL,ASO,ES,Federal Contract Tower,0,11,81,0,92,0,0,137,4,141,0,11,218,4,233,592,0,592,825
09/14/2022,CRG,FL,ASO,ES,Federal Contract Tower,0,4,112,2,118,0,0,169,14,183,0,4,281,16,301,316,0,316,617
09/15/2022,CRG,FL,ASO,ES,Federal Contract Tower,0,6,112,0,118,0,0,161,18,179,0,6,273,18,297,219,0,219,516
09/16/2022,CRG,FL,ASO,ES,Federal Contract Tower,0,7,95,0,102,0,0,117,0,117,0,7,212,0,219,362,0,362,581
09/17/2022,CRG,FL,ASO,ES,Federal Contract Tower,0,0,44,0,44,0,0,81,3,84,0,0,125,3,128,144,0,144,272
09/18/2022,CRG,FL,ASO,ES,Federal Contract Tower,0,1,43,0,44,0,0,15,0,15,0,1,58,0,59,57,0,57,116
09/19/2022,CRG,FL,ASO,ES,Federal Contract Tower,0,4,124,0,128,0,0,79,16,95,0,4,203,16,223,203,0,203,426
09/20/2022,CRG,FL,ASO,ES,Federal Contract Tower,0,3,90,1,94,0,0,145,3,148,0,3,235,4,242,254,0,254,496
09/21/2022,CRG,FL,ASO,ES,Federal Contract Tower,0,8,95,2,105,0,2,206,17,225,0,10,301,19,330,461,0,461,791
09/22/2022,CRG,FL,ASO,ES,Federal Contract Tower,0,5,111,0,116,0,2,250,5,257,0,7,361,5,373,460,0,460,833
09/23/2022,CRG,FL,ASO,ES,Federal Contract Tower,0,11,104,0,115,0,0,107,2,109,0,11,211,2,224,229,0,229,453
09/24/2022,CRG,FL,ASO,ES,Federal Contract Tower,0,2,81,0,83,0,0,180,0,180,0,2,261,0,263,202,0,202,465
09/25/2022,CRG,FL,ASO,ES,Federal Contract Tower,0,7,71,0,78,0,0,137,0,137,0,7,208,0,215,230,0,230,445
09/26/2022,CRG,FL,ASO,ES,Federal Contract Tower,0,5,110,0,115,0,0,252,5,257,0,5,362,5,372,365,0,365,737
09/27/2022,CRG,FL,ASO,ES,Federal Contract Tower,0,5,76,0,81,0,0,145,0,145,0,5,221,0,226,198,0,198,424
09/28/2022,CRG,FL,ASO,ES,Federal Contract Tower,0,4,16,0,20,0,0,3,0,3,0,4,19,0,23,2,0,2,25
09/29/2022,CRG,FL,ASO,ES,Federal Contract Tower,0,0,0,0,0,0,0,0,0,0,0,0,0,0,0,0,0,0,0
09/30/2022,CRG,FL,ASO,ES,Federal Contract Tower,0,6,20,0,26,0,0,36,0,36,0,6,56,0,62,41,0,41,103
10/01/2022,CRG,FL,ASO,ES,Federal Contract Tower,0,0,49,0,49,0,0,84,0,84,0,0,133,0,133,82,0,82,215
10/02/2022,CRG,FL,ASO,ES,Federal Contract Tower,0,3,46,0,49,0,0,125,0,125,0,3,171,0,174,207,0,207,381
10/03/2022,CRG,FL,ASO,ES,Federal Contract Tower,0,4,57,0,61,0,0,123,1,124,0,4,180,1,185,339,0,339,524
10/04/2022,CRG,FL,ASO,ES,Federal Contract Tower,0,11,87,0,98,0,2,201,0,203,0,13,288,0,301,275,0,275,576
10/05/2022,CRG,FL,ASO,ES,Federal Contract Tower,0,8,97,0,105,0,0,218,5,223,0,8,315,5,328,464,0,464,792
10/06/2022,CRG,FL,ASO,ES,Federal Contract Tower,0,14,75,0,89,0,0,257,6,263,0,14,332,6,352,417,0,417,769
10/07/2022,CRG,FL,ASO,ES,Federal Contract Tower,0,5,99,4,108,0,0,210,0,210,0,5,309,4,318,437,0,437,755
10/08/2022,CRG,FL,ASO,ES,Federal Contract Tower,0,4,77,0,81,0,0,118,0,118,0,4,195,0,199,337,0,337,536
10/09/2022,CRG,FL,ASO,ES,Federal Contract Tower,0,9,62,0,71,0,0,137,0,137,0,9,199,0,208,202,0,202,410
10/10/2022,CRG,FL,ASO,ES,Federal Contract Tower,0,7,102,0,109,0,0,98,0,98,0,7,200,0,207,156,0,156,363
10/11/2022,CRG,FL,ASO,ES,Federal Contract Tower,0,6,87,0,93,0,0,146,0,146,0,6,233,0,239,258,0,258,497
10/12/2022,CRG,FL,ASO,ES,Federal Contract Tower,0,4,106,0,110,0,0,124,7,131,0,4,230,7,241,419,0,419,660
10/13/2022,CRG,FL,ASO,ES,Federal Contract Tower,0,13,91,0,104,0,0,229,8,237,0,13,320,8,341,437,0,437,778
10/14/2022,CRG,FL,ASO,ES,Federal Contract Tower,0,8,133,0,141,0,0,239,3,242,0,8,372,3,383,412,0,412,795
10/15/2022,CRG,FL,ASO,ES,Federal Contract Tower,0,5,100,0,105,0,0,192,0,192,0,5,292,0,297,376,0,376,673
10/16/2022,CRG,FL,ASO,ES,Federal Contract Tower,0,7,68,0,75,0,0,150,0,150,0,7,218,0,225,398,0,398,623
10/17/2022,CRG,FL,ASO,ES,Federal Contract Tower,0,6,74,0,80,0,0,173,1,174,0,6,247,1,254,356,0,356,610
10/18/2022,CRG,FL,ASO,ES,Federal Contract Tower,0,8,96,0,104,0,0,200,0,200,0,8,296,0,304,364,0,364,668
10/19/2022,CRG,FL,ASO,ES,Federal Contract Tower,0,9,96,0,105,0,0,213,1,214,0,9,309,1,319,328,0,328,647
10/20/2022,CRG,FL,ASO,ES,Federal Contract Tower,0,4,129,2,135,0,0,242,3,245,0,4,371,5,380,410,0,410,790
10/21/2022,CRG,FL,ASO,ES,Federal Contract Tower,0,4,118,0,122,0,0,198,0,198,0,4,316,0,320,326,0,326,646
10/22/2022,CRG,FL,ASO,ES,Federal Contract Tower,0,5,94,0,99,0,0,158,0,158,0,5,252,0,257,308,0,308,565
10/23/2022,CRG,FL,ASO,ES,Federal Contract Tower,0,10,72,0,82,0,0,119,2,121,0,10,191,2,203,304,0,304,507
10/24/2022,CRG,FL,ASO,ES,Federal Contract Tower,0,12,73,0,85,0,0,178,2,180,0,12,251,2,265,522,0,522,787
10/25/2022,CRG,FL,ASO,ES,Federal Contract Tower,0,10,84,1,95,0,0,214,2,216,0,10,298,3,311,495,4,499,810
10/26/2022,CRG,FL,ASO,ES,Federal Contract Tower,0,6,93,0,99,0,0,210,9,219,0,6,303,9,318,505,0,505,823
10/27/2022,CRG,FL,ASO,ES,Federal Contract Tower,0,18,121,0,139,0,0,170,0,170,0,18,291,0,309,247,0,247,556
10/28/2022,CRG,FL,ASO,ES,Federal Contract Tower,0,11,130,0,141,0,0,19,0,19,0,11,149,0,160,22,0,22,182
10/29/2022,CRG,FL,ASO,ES,Federal Contract Tower,0,11,72,0,83,0,0,0,0,0,0,11,72,0,83,0,0,0,83
10/30/2022,CRG,FL,ASO,ES,Federal Contract Tower,0,12,94,0,106,0,0,4,0,4,0,12,98,0,110,2,0,2,112
10/31/2022,CRG,FL,ASO,ES,Federal Contract Tower,0,8,66,0,74,0,0,185,1,186,0,8,251,1,260,446,0,446,706
11/01/2022,CRG,FL,ASO,ES,Federal Contract Tower,0,11,89,3,103,0,2,230,0,232,0,13,319,3,335,356,0,356,691
11/02/2022,CRG,FL,ASO,ES,Federal Contract Tower,0,10,90,0,100,0,0,210,2,212,0,10,300,2,312,313,0,313,625
11/03/2022,CRG,FL,ASO,ES,Federal Contract Tower,0,12,141,0,153,0,0,61,12,73,0,12,202,12,226,104,0,104,330
11/04/2022,CRG,FL,ASO,ES,Federal Contract Tower,0,11,137,0,148,0,0,73,0,73,0,11,210,0,221,50,0,50,271
11/05/2022,CRG,FL,ASO,ES,Federal Contract Tower,0,4,54,0,58,0,0,164,0,164,0,4,218,0,222,383,0,383,605
11/06/2022,CRG,FL,ASO,ES,Federal Contract Tower,0,5,57,0,62,0,0,70,0,70,0,5,127,0,132,310,0,310,442
11/07/2022,CRG,FL,ASO,ES,Federal Contract Tower,0,10,84,0,94,0,0,164,3,167,0,10,248,3,261,379,0,379,640
11/08/2022,CRG,FL,ASO,ES,Federal Contract Tower,0,7,51,0,58,0,0,74,0,74,0,7,125,0,132,154,0,154,286
11/09/2022,CRG,FL,ASO,ES,Federal Contract Tower,0,2,14,0,16,0,0,11,0,11,0,2,25,0,27,6,0,6,33
11/10/2022,CRG,FL,ASO,ES,Federal Contract Tower,0,2,0,0,2,0,0,0,0,0,0,2,0,0,2,0,0,0,2
11/11/2022,CRG,FL,ASO,ES,Federal Contract Tower,0,5,48,0,53,0,0,66,0,66,0,5,114,0,119,170,0,170,289
11/12/2022,CRG,FL,ASO,ES,Federal Contract Tower,0,2,100,0,102,0,0,121,0,121,0,2,221,0,223,192,0,192,415
11/13/2022,CRG,FL,ASO,ES,Federal Contract Tower,0,8,97,0,105,0,0,90,0,90,0,8,187,0,195,328,0,328,523
11/14/2022,CRG,FL,ASO,ES,Federal Contract Tower,0,18,136,1,155,0,0,61,0,61,0,18,197,1,216,126,5,131,347
11/15/2022,CRG,FL,ASO,ES,Federal Contract Tower,0,8,116,0,124,0,0,190,0,190,0,8,306,0,314,269,0,269,583
11/16/2022,CRG,FL,ASO,ES,Federal Contract Tower,0,14,122,0,136,0,0,66,1,67,0,14,188,1,203,235,0,235,438
11/17/2022,CRG,FL,ASO,ES,Federal Contract Tower,0,12,115,0,127,0,0,278,6,284,0,12,393,6,411,368,2,370,781
11/18/2022,CRG,FL,ASO,ES,Federal Contract Tower,0,6,125,0,131,0,0,223,0,223,0,6,348,0,354,325,0,325,679
11/19/2022,CRG,FL,ASO,ES,Federal Contract Tower,0,3,79,0,82,0,0,149,0,149,0,3,228,0,231,274,0,274,505
11/20/2022,CRG,FL,ASO,ES,Federal Contract Tower,0,7,64,0,71,0,0,107,0,107,0,7,171,0,178,303,0,303,481
11/21/2022,CRG,FL,ASO,ES,Federal Contract Tower,0,6,95,5,106,0,0,57,0,57,0,6,152,5,163,123,0,123,286
11/22/2022,CRG,FL,ASO,ES,Federal Contract Tower,0,7,83,0,90,0,0,0,0,0,0,7,83,0,90,0,0,0,90
11/23/2022,CRG,FL,ASO,ES,Federal Contract Tower,0,8,74,0,82,0,0,1,0,1,0,8,75,0,83,0,0,0,83
11/24/2022,CRG,FL,ASO,ES,Federal Contract Tower,0,1,21,0,22,0,0,0,0,0,0,1,21,0,22,0,0,0,22
11/25/2022,CRG,FL,ASO,ES,Federal Contract Tower,0,10,23,0,33,0,0,9,0,9,0,10,32,0,42,8,0,8,50
11/26/2022,CRG,FL,ASO,ES,Federal Contract Tower,0,6,59,0,65,0,0,53,0,53,0,6,112,0,118,133,0,133,251
11/27/2022,CRG,FL,ASO,ES,Federal Contract Tower,0,8,43,0,51,0,0,55,0,55,0,8,98,0,106,65,0,65,171
11/28/2022,CRG,FL,ASO,ES,Federal Contract Tower,0,11,92,2,105,0,0,249,0,249,0,11,341,2,354,503,0,503,857
11/29/2022,CRG,FL,ASO,ES,Federal Contract Tower,0,6,101,0,107,0,1,205,4,210,0,7,306,4,317,417,0,417,734
11/30/2022,CRG,FL,ASO,ES,Federal Contract Tower,0,4,69,0,73,0,0,106,0,106,0,4,175,0,179,285,0,285,464
12/01/2022,CRG,FL,ASO,ES,Federal Contract Tower,0,4,94,0,98,0,0,214,19,233,0,4,308,19,331,273,0,273,604
12/02/2022,CRG,FL,ASO,ES,Federal Contract Tower,0,4,125,0,129,0,0,248,0,248,0,4,373,0,377,556,0,556,933
12/03/2022,CRG,FL,ASO,ES,Federal Contract Tower,0,2,75,0,77,0,0,178,0,178,0,2,253,0,255,386,0,386,641
12/04/2022,CRG,FL,ASO,ES,Federal Contract Tower,0,7,57,0,64,0,0,105,1,106,0,7,162,1,170,361,0,361,531
12/05/2022,CRG,FL,ASO,ES,Federal Contract Tower,0,7,82,5,94,0,0,209,1,210,0,7,291,6,304,459,0,459,763
12/06/2022,CRG,FL,ASO,ES,Federal Contract Tower,0,6,65,0,71,0,0,202,1,203,0,6,267,1,274,516,0,516,790
12/07/2022,CRG,FL,ASO,ES,Federal Contract Tower,0,9,95,1,105,0,0,213,12,225,0,9,308,13,330,461,0,461,791
12/08/2022,CRG,FL,ASO,ES,Federal Contract Tower,0,9,102,1,112,0,0,265,11,276,0,9,367,12,388,459,0,459,847
12/09/2022,CRG,FL,ASO,ES,Federal Contract Tower,0,8,95,0,103,0,0,196,0,196,0,8,291,0,299,346,0,346,645
12/10/2022,CRG,FL,ASO,ES,Federal Contract Tower,0,5,58,0,63,0,0,0,0,0,0,5,58,0,63,0,0,0,63
12/11/2022,CRG,FL,ASO,ES,Federal Contract Tower,0,5,76,0,81,0,0,12,0,12,0,5,88,0,93,32,8,40,133
12/12/2022,CRG,FL,ASO,ES,Federal Contract Tower,0,14,130,0,144,0,0,111,4,115,0,14,241,4,259,508,0,508,767
12/13/2022,CRG,FL,ASO,ES,Federal Contract Tower,0,15,91,1,107,0,0,108,3,111,0,15,199,4,218,216,0,216,434
12/14/2022,CRG,FL,ASO,ES,Federal Contract Tower,0,21,93,1,115,0,0,124,3,127,0,21,217,4,242,332,0,332,574
12/15/2022,CRG,FL,ASO,ES,Federal Contract Tower,0,3,53,0,56,0,0,43,5,48,0,3,96,5,104,227,2,229,333
12/16/2022,CRG,FL,ASO,ES,Federal Contract Tower,0,9,81,0,90,0,0,198,0,198,0,9,279,0,288,407,0,407,695
12/17/2022,CRG,FL,ASO,ES,Federal Contract Tower,0,3,83,0,86,0,0,165,0,165,0,3,248,0,251,264,0,264,515
12/18/2022,CRG,FL,ASO,ES,Federal Contract Tower,0,4,48,0,52,0,0,163,0,163,0,4,211,0,215,303,0,303,518
12/19/2022,CRG,FL,ASO,ES,Federal Contract Tower,0,14,94,0,108,0,0,181,0,181,0,14,275,0,289,366,0,366,655
12/20/2022,CRG,FL,ASO,ES,Federal Contract Tower,0,7,56,0,63,0,0,3,0,3,0,7,59,0,66,8,0,8,74
12/21/2022,CRG,FL,ASO,ES,Federal Contract Tower,0,3,28,0,31,0,0,0,0,0,0,3,28,0,31,0,0,0,31
12/22/2022,CRG,FL,ASO,ES,Federal Contract Tower,0,5,42,0,47,0,0,25,0,25,0,5,67,0,72,30,0,30,102
12/23/2022,CRG,FL,ASO,ES,Federal Contract Tower,0,2,28,0,30,0,0,59,0,59,0,2,87,0,89,64,0,64,153
12/24/2022,CRG,FL,ASO,ES,Federal Contract Tower,0,3,30,0,33,0,0,30,0,30,0,3,60,0,63,28,0,28,91
12/25/2022,CRG,FL,ASO,ES,Federal Contract Tower,0,5,7,0,12,0,0,27,0,27,0,5,34,0,39,2,0,2,41
12/26/2022,CRG,FL,ASO,ES,Federal Contract Tower,0,9,57,0,66,0,0,94,0,94,0,9,151,0,160,195,0,195,355
12/27/2022,CRG,FL,ASO,ES,Federal Contract Tower,0,11,63,0,74,0,0,122,0,122,0,11,185,0,196,262,0,262,458
12/28/2022,CRG,FL,ASO,ES,Federal Contract Tower,0,4,88,0,92,0,0,87,0,87,0,4,175,0,179,186,0,186,365
12/29/2022,CRG,FL,ASO,ES,Federal Contract Tower,0,8,93,0,101,0,0,99,0,99,0,8,192,0,200,170,0,170,370
12/30/2022,CRG,FL,ASO,ES,Federal Contract Tower,0,10,92,0,102,0,0,154,0,154,0,10,246,0,256,243,0,243,499
12/31/2022,CRG,FL,ASO,ES,Federal Contract Tower,0,4,35,0,39,0,0,8,0,8,0,4,43,0,47,6,0,6,53
01/01/2023,CRG,FL,ASO,ES,Federal Contract Tower,0,3,40,0,43,0,0,30,0,30,0,3,70,0,73,35,0,35,108
01/02/2023,CRG,FL,ASO,ES,Federal Contract Tower,0,9,41,0,50,0,0,76,0,76,0,9,117,0,126,240,0,240,366
01/03/2023,CRG,FL,ASO,ES,Federal Contract Tower,0,5,71,4,80,0,0,171,2,173,0,5,242,6,253,281,0,281,534
01/04/2023,CRG,FL,ASO,ES,Federal Contract Tower,0,5,66,0,71,0,0,36,3,39,0,5,102,3,110,136,0,136,246
01/05/2023,CRG,FL,ASO,ES,Federal Contract Tower,0,7,93,2,102,0,0,266,3,269,0,7,359,5,371,251,0,251,622
01/06/2023,CRG,FL,ASO,ES,Federal Contract Tower,0,6,117,0,123,0,0,239,0,239,0,6,356,0,362,369,0,369,731
01/07/2023,CRG,FL,ASO,ES,Federal Contract Tower,0,3,68,0,71,0,0,189,0,189,0,3,257,0,260,343,0,343,603
01/08/2023,CRG,FL,ASO,ES,Federal Contract Tower,0,9,63,0,72,0,0,162,0,162,0,9,225,0,234,261,4,265,499
01/09/2023,CRG,FL,ASO,ES,Federal Contract Tower,0,13,81,0,94,0,0,215,0,215,0,13,296,0,309,348,0,348,657
01/10/2023,CRG,FL,ASO,ES,Federal Contract Tower,0,10,107,3,120,0,0,214,0,214,0,10,321,3,334,412,0,412,746
01/11/2023,CRG,FL,ASO,ES,Federal Contract Tower,0,8,82,1,91,0,0,260,10,270,0,8,342,11,361,300,0,300,661
01/12/2023,CRG,FL,ASO,ES,Federal Contract Tower,0,7,96,2,105,0,0,220,15,235,0,7,316,17,340,241,0,241,581
01/13/2023,CRG,FL,ASO,ES,Federal Contract Tower,0,10,84,0,94,0,0,124,5,129,0,10,208,5,223,178,0,178,401
01/14/2023,CRG,FL,ASO,ES,Federal Contract Tower,0,6,84,0,90,0,1,153,0,154,0,7,237,0,244,67,0,67,311
01/15/2023,CRG,FL,ASO,ES,Federal Contract Tower,0,5,94,0,99,0,0,162,4,166,0,5,256,4,265,233,0,233,498
01/16/2023,CRG,FL,ASO,ES,Federal Contract Tower,0,12,86,0,98,0,0,236,1,237,0,12,322,1,335,362,0,362,697
01/17/2023,CRG,FL,ASO,ES,Federal Contract Tower,0,9,93,0,102,0,0,240,0,240,0,9,333,0,342,273,0,273,615
01/18/2023,CRG,FL,ASO,ES,Federal Contract Tower,0,7,102,0,109,0,0,213,0,213,0,7,315,0,322,274,0,274,596
01/19/2023,CRG,FL,ASO,ES,Federal Contract Tower,0,14,95,0,109,0,0,178,7,185,0,14,273,7,294,213,0,213,507
01/20/2023,CRG,FL,ASO,ES,Federal Contract Tower,0,15,95,1,111,0,0,218,0,218,0,15,313,1,329,252,0,252,581
01/21/2023,CRG,FL,ASO,ES,Federal Contract Tower,0,3,96,2,101,0,0,115,2,117,0,3,211,4,218,251,0,251,469
01/22/2023,CRG,FL,ASO,ES,Federal Contract Tower,0,7,36,0,43,0,0,41,0,41,0,7,77,0,84,92,0,92,176
01/23/2023,CRG,FL,ASO,ES,Federal Contract Tower,0,8,101,0,109,0,0,171,4,175,0,8,272,4,284,358,0,358,642
01/24/2023,CRG,FL,ASO,ES,Federal Contract Tower,0,11,122,0,133,0,0,225,0,225,0,11,347,0,358,333,0,333,691
01/25/2023,CRG,FL,ASO,ES,Federal Contract Tower,0,10,33,0,43,0,0,42,0,42,0,10,75,0,85,78,0,78,163
01/26/2023,CRG,FL,ASO,ES,Federal Contract Tower,0,5,127,0,132,0,0,209,5,214,0,5,336,5,346,305,0,305,651
01/27/2023,CRG,FL,ASO,ES,Federal Contract Tower,0,4,121,0,125,0,0,240,9,249,0,4,361,9,374,358,0,358,732
01/28/2023,CRG,FL,ASO,ES,Federal Contract Tower,0,7,88,0,95,0,0,180,4,184,0,7,268,4,279,177,0,177,456
01/29/2023,CRG,FL,ASO,ES,Federal Contract Tower,0,15,65,0,80,0,0,87,0,87,0,15,152,0,167,335,0,335,502
01/30/2023,CRG,FL,ASO,ES,Federal Contract Tower,0,11,85,0,96,0,0,204,6,210,0,11,289,6,306,502,0,502,808
01/31/2023,CRG,FL,ASO,ES,Federal Contract Tower,0,19,84,0,103,0,0,124,0,124,0,19,208,0,227,273,0,273,500
02/01/2023,CRG,FL,ASO,ES,Federal Contract Tower,0,14,100,0,114,0,0,184,6,190,0,14,284,6,304,311,0,311,615
02/02/2023,CRG,FL,ASO,ES,Federal Contract Tower,0,6,111,0,117,0,0,219,6,225,0,6,330,6,342,368,0,368,710
02/03/2023,CRG,FL,ASO,ES,Federal Contract Tower,0,6,77,0,83,0,0,25,2,27,0,6,102,2,110,88,0,88,198
02/04/2023,CRG,FL,ASO,ES,Federal Contract Tower,0,10,115,0,125,0,0,119,0,119,0,10,234,0,244,114,0,114,358
02/05/2023,CRG,FL,ASO,ES,Federal Contract Tower,0,2,65,0,67,0,0,55,0,55,0,2,120,0,122,146,0,146,268
02/06/2023,CRG,FL,ASO,ES,Federal Contract Tower,0,6,104,0,110,0,0,260,4,264,0,6,364,4,374,279,0,279,653
02/07/2023,CRG,FL,ASO,ES,Federal Contract Tower,0,13,102,0,115,0,0,215,0,215,0,13,317,0,330,320,0,320,650
02/08/2023,CRG,FL,ASO,ES,Federal Contract Tower,0,13,118,0,131,0,0,233,6,239,0,13,351,6,370,278,0,278,648
02/09/2023,CRG,FL,ASO,ES,Federal Contract Tower,0,13,113,0,126,0,0,254,9,263,0,13,367,9,389,362,0,362,751
02/10/2023,CRG,FL,ASO,ES,Federal Contract Tower,0,9,104,0,113,0,0,24,2,26,0,9,128,2,139,157,0,157,296
02/11/2023,CRG,FL,ASO,ES,Federal Contract Tower,0,0,37,0,37,0,0,5,0,5,0,0,42,0,42,4,0,4,46
02/12/2023,CRG,FL,ASO,ES,Federal Contract Tower,0,5,26,0,31,0,0,12,0,12,0,5,38,0,43,12,0,12,55
02/13/2023,CRG,FL,ASO,ES,Federal Contract Tower,0,14,124,0,138,0,0,277,1,278,0,14,401,1,416,355,0,355,771
02/14/2023,CRG,FL,ASO,ES,Federal Contract Tower,0,7,91,2,100,0,0,227,0,227,0,7,318,2,327,269,0,269,596
02/15/2023,CRG,FL,ASO,ES,Federal Contract Tower,0,9,94,0,103,0,0,263,14,277,0,9,357,14,380,183,0,183,563
02/16/2023,CRG,FL,ASO,ES,Federal Contract Tower,0,8,121,0,129,0,0,226,9,235,0,8,347,9,364,365,0,365,729
02/17/2023,CRG,FL,ASO,ES,Federal Contract Tower,0,7,85,0,92,0,0,105,0,105,0,7,190,0,197,170,0,170,367
02/18/2023,CRG,FL,ASO,ES,Federal Contract Tower,0,5,86,0,91,0,0,168,0,168,0,5,254,0,259,245,0,245,504
02/19/2023,CRG,FL,ASO,ES,Federal Contract Tower,0,9,58,0,67,0,0,157,0,157,0,9,215,0,224,496,0,496,720
02/20/2023,CRG,FL,ASO,ES,Federal Contract Tower,0,11,101,0,112,0,0,214,0,214,0,11,315,0,326,389,0,389,715
02/21/2023,CRG,FL,ASO,ES,Federal Contract Tower,0,4,130,0,134,0,0,101,0,101,0,4,231,0,235,147,0,147,382
02/22/2023,CRG,FL,ASO,ES,Federal Contract Tower,0,10,122,0,132,0,0,236,7,243,0,10,358,7,375,382,0,382,757
02/23/2023,CRG,FL,ASO,ES,Federal Contract Tower,0,10,97,0,107,0,0,231,14,245,0,10,328,14,352,422,0,422,774
02/24/2023,CRG,FL,ASO,ES,Federal Contract Tower,0,12,122,0,134,0,0,190,0,190,0,12,312,0,324,302,0,302,626
02/25/2023,CRG,FL,ASO,ES,Federal Contract Tower,0,9,118,0,127,0,0,169,3,172,0,9,287,3,299,284,0,284,583
02/26/2023,CRG,FL,ASO,ES,Federal Contract Tower,0,8,79,0,87,0,0,165,0,165,0,8,244,0,252,284,0,284,536
02/27/2023,CRG,FL,ASO,ES,Federal Contract Tower,0,16,109,0,125,0,0,169,0,169,0,16,278,0,294,266,0,266,560
02/28/2023,CRG,FL,ASO,ES,Federal Contract Tower,0,12,108,0,120,0,0,131,0,131,0,12,239,0,251,268,0,268,519
03/01/2023,CRG,FL,ASO,ES,Federal Contract Tower,0,9,111,2,122,0,2,200,10,212,0,11,311,12,334,221,0,221,555
03/02/2023,CRG,FL,ASO,ES,Federal Contract Tower,0,13,138,2,153,0,0,202,4,206,0,13,340,6,359,253,0,253,612
03/03/2023,CRG,FL,ASO,ES,Federal Contract Tower,0,6,61,0,67,0,0,104,2,106,0,6,165,2,173,109,0,109,282
03/04/2023,CRG,FL,ASO,ES,Federal Contract Tower,0,1,62,0,63,0,0,107,0,107,0,1,169,0,170,294,0,294,464
03/05/2023,CRG,FL,ASO,ES,Federal Contract Tower,0,9,67,0,76,0,0,154,1,155,0,9,221,1,231,324,0,324,555
03/06/2023,CRG,FL,ASO,ES,Federal Contract Tower,0,6,97,0,103,0,0,179,1,180,0,6,276,1,283,486,0,486,769
03/07/2023,CRG,FL,ASO,ES,Federal Contract Tower,0,11,102,0,113,0,0,172,0,172,0,11,274,0,285,323,0,323,608
03/08/2023,CRG,FL,ASO,ES,Federal Contract Tower,0,11,116,0,127,0,0,194,10,204,0,11,310,10,331,231,0,231,562
03/09/2023,CRG,FL,ASO,ES,Federal Contract Tower,0,20,130,0,150,0,0,271,12,283,0,20,401,12,433,230,0,230,663
03/10/2023,CRG,FL,ASO,ES,Federal Contract Tower,0,22,95,0,117,0,0,145,0,145,0,22,240,0,262,193,0,193,455
03/11/2023,CRG,FL,ASO,ES,Federal Contract Tower,0,2,110,0,112,0,0,214,0,214,0,2,324,0,326,306,0,306,632
03/12/2023,CRG,FL,ASO,ES,Federal Contract Tower,0,18,78,0,96,0,0,94,1,95,0,18,172,1,191,159,0,159,350
03/13/2023,CRG,FL,ASO,ES,Federal Contract Tower,0,11,54,0,65,0,0,22,1,23,0,11,76,1,88,148,0,148,236
03/14/2023,CRG,FL,ASO,ES,Federal Contract Tower,0,5,110,0,115,0,0,209,0,209,0,5,319,0,324,313,0,313,637
03/15/2023,CRG,FL,ASO,ES,Federal Contract Tower,0,9,69,0,78,0,0,236,17,253,0,9,305,17,331,432,0,432,763
03/16/2023,CRG,FL,ASO,ES,Federal Contract Tower,0,3,78,0,81,0,0,210,15,225,0,3,288,15,306,313,1,314,620
03/17/2023,CRG,FL,ASO,ES,Federal Contract Tower,0,5,94,0,99,0,0,167,0,167,0,5,261,0,266,280,0,280,546
03/18/2023,CRG,FL,ASO,ES,Federal Contract Tower,0,4,30,0,34,0,0,8,0,8,0,4,38,0,42,24,0,24,66
03/19/2023,CRG,FL,ASO,ES,Federal Contract Tower,0,3,80,0,83,0,0,186,0,186,0,3,266,0,269,332,0,332,601
03/20/2023,CRG,FL,ASO,ES,Federal Contract Tower,0,15,87,0,102,0,0,226,1,227,0,15,313,1,329,363,0,363,692
03/21/2023,CRG,FL,ASO,ES,Federal Contract Tower,0,15,88,0,103,0,1,140,0,141,0,16,228,0,244,284,0,284,528
03/22/2023,CRG,FL,ASO,ES,Federal Contract Tower,0,7,98,0,105,0,0,189,4,193,0,7,287,4,298,447,0,447,745
03/23/2023,CRG,FL,ASO,ES,Federal Contract Tower,0,19,94,0,113,0,1,271,6,278,0,20,365,6,391,401,0,401,792
03/24/2023,CRG,FL,ASO,ES,Federal Contract Tower,0,15,138,0,153,0,0,269,4,273,0,15,407,4,426,383,0,383,809
03/25/2023,CRG,FL,ASO,ES,Federal Contract Tower,0,6,122,0,128,0,0,74,0,74,0,6,196,0,202,214,0,214,416
03/26/2023,CRG,FL,ASO,ES,Federal Contract Tower,0,8,76,0,84,0,0,109,1,110,0,8,185,1,194,312,0,312,506
03/27/2023,CRG,FL,ASO,ES,Federal Contract Tower,0,8,104,1,113,0,0,207,0,207,0,8,311,1,320,210,0,210,530
03/28/2023,CRG,FL,ASO,ES,Federal Contract Tower,0,9,64,0,73,0,0,42,0,42,0,9,106,0,115,215,0,215,330
03/29/2023,CRG,FL,ASO,ES,Federal Contract Tower,0,10,111,0,121,0,0,161,3,164,0,10,272,3,285,373,0,373,658
03/30/2023,CRG,FL,ASO,ES,Federal Contract Tower,0,19,112,2,133,0,4,293,12,309,0,23,405,14,442,347,2,349,791
03/31/2023,CRG,FL,ASO,ES,Federal Contract Tower,0,7,111,0,118,0,0,224,0,224,0,7,335,0,342,252,0,252,594
04/01/2023,CRG,FL,ASO,ES,Federal Contract Tower,0,6,77,0,83,0,0,128,0,128,0,6,205,0,211,198,0,198,409
04/02/2023,CRG,FL,ASO,ES,Federal Contract Tower,0,9,77,0,86,0,0,171,0,171,0,9,248,0,257,277,0,277,534
04/03/2023,CRG,FL,ASO,ES,Federal Contract Tower,0,11,87,0,98,0,0,165,4,169,0,11,252,4,267,390,0,390,657
04/04/2023,CRG,FL,ASO,ES,Federal Contract Tower,0,9,125,0,134,0,0,195,0,195,0,9,320,0,329,233,0,233,562
04/05/2023,CRG,FL,ASO,ES,Federal Contract Tower,0,7,101,0,108,0,0,178,2,180,0,7,279,2,288,225,0,225,513
04/06/2023,CRG,FL,ASO,ES,Federal Contract Tower,0,14,109,0,123,0,0,253,15,268,0,14,362,15,391,453,0,453,844
04/07/2023,CRG,FL,ASO,ES,Federal Contract Tower,0,15,129,0,144,0,0,211,1,212,0,15,340,1,356,326,0,326,682
04/08/2023,CRG,FL,ASO,ES,Federal Contract Tower,0,7,72,0,79,0,0,55,0,55,0,7,127,0,134,192,0,192,326
04/09/2023,CRG,FL,ASO,ES,Federal Contract Tower,0,4,26,0,30,0,0,1,0,1,0,4,27,0,31,0,0,0,31
04/10/2023,CRG,FL,ASO,ES,Federal Contract Tower,0,6,56,0,62,0,0,2,0,2,0,6,58,0,64,6,0,6,70
04/11/2023,CRG,FL,ASO,ES,Federal Contract Tower,0,10,127,0,137,0,1,82,0,83,0,11,209,0,220,173,0,173,393
04/12/2023,CRG,FL,ASO,ES,Federal Contract Tower,0,9,124,0,133,0,0,304,20,324,0,9,428,20,457,183,0,183,640
04/13/2023,CRG,FL,ASO,ES,Federal Contract Tower,0,6,60,0,66,0,0,65,0,65,0,6,125,0,131,104,0,104,235
04/14/2023,CRG,FL,ASO,ES,Federal Contract Tower,0,7,132,0,139,0,0,306,2,308,0,7,438,2,447,312,0,312,759
04/15/2023,CRG,FL,ASO,ES,Federal Contract Tower,0,3,92,0,95,0,0,228,0,228,0,3,320,0,323,412,0,412,735
04/16/2023,CRG,FL,ASO,ES,Federal Contract Tower,0,12,63,0,75,0,0,101,0,101,0,12,164,0,176,444,0,444,620
04/17/2023,CRG,FL,ASO,ES,Federal Contract Tower,0,8,100,0,108,0,206,2,0,208,0,214,102,0,316,237,0,237,553
04/18/2023,CRG,FL,ASO,ES,Federal Contract Tower,0,12,100,0,112,0,2,241,1,244,0,14,341,1,356,418,0,418,774
04/19/2023,CRG,FL,ASO,ES,Federal Contract Tower,0,7,99,2,108,0,0,253,3,256,0,7,352,5,364,368,0,368,732
04/20/2023,CRG,FL,ASO,ES,Federal Contract Tower,0,7,91,0,98,0,0,240,5,245,0,7,331,5,343,356,0,356,699
04/21/2023,CRG,FL,ASO,ES,Federal Contract Tower,0,6,113,0,119,0,0,217,0,217,0,6,330,0,336,364,0,364,700
04/22/2023,CRG,FL,ASO,ES,Federal Contract Tower,0,4,63,0,67,0,0,130,0,130,0,4,193,0,197,266,0,266,463
04/23/2023,CRG,FL,ASO,ES,Federal Contract Tower,0,2,50,2,54,0,0,145,1,146,0,2,195,3,200,154,0,154,354
04/24/2023,CRG,FL,ASO,ES,Federal Contract Tower,0,10,76,0,86,0,0,204,1,205,0,10,280,1,291,452,1,453,744
04/25/2023,CRG,FL,ASO,ES,Federal Contract Tower,0,9,77,0,86,0,0,161,0,161,0,9,238,0,247,374,0,374,621
04/26/2023,CRG,FL,ASO,ES,Federal Contract Tower,0,7,80,0,87,0,0,201,4,205,0,7,281,4,292,447,0,447,739
04/27/2023,CRG,FL,ASO,ES,Federal Contract Tower,0,6,73,0,79,0,0,123,0,123,0,6,196,0,202,250,0,250,452
04/28/2023,CRG,FL,ASO,ES,Federal Contract Tower,0,5,93,0,98,0,0,151,0,151,0,5,244,0,249,292,0,292,541
04/29/2023,CRG,FL,ASO,ES,Federal Contract Tower,0,3,57,0,60,0,0,75,0,75,0,3,132,0,135,256,0,256,391
04/30/2023,CRG,FL,ASO,ES,Federal Contract Tower,0,7,41,0,48,0,0,15,0,15,0,7,56,0,63,8,0,8,71
05/01/2023,CRG,FL,ASO,ES,Federal Contract Tower,0,5,84,0,89,0,0,158,0,158,0,5,242,0,247,212,0,212,459
05/02/2023,CRG,FL,ASO,ES,Federal Contract Tower,0,8,75,0,83,0,0,231,0,231,0,8,306,0,314,249,0,249,563
05/03/2023,CRG,FL,ASO,ES,Federal Contract Tower,0,11,85,0,96,0,0,223,4,227,0,11,308,4,323,337,0,337,660
05/04/2023,CRG,FL,ASO,ES,Federal Contract Tower,0,16,117,0,133,0,0,266,12,278,0,16,383,12,411,428,0,428,839
05/05/2023,CRG,FL,ASO,ES,Federal Contract Tower,0,12,116,0,128,0,0,236,4,240,0,12,352,4,368,298,0,298,666
05/06/2023,CRG,FL,ASO,ES,Federal Contract Tower,0,11,77,0,88,0,0,44,0,44,0,11,121,0,132,80,0,80,212
05/07/2023,CRG,FL,ASO,ES,Federal Contract Tower,0,11,93,0,104,0,0,169,4,173,0,11,262,4,277,411,0,411,688
05/08/2023,CRG,FL,ASO,ES,Federal Contract Tower,0,6,105,0,111,0,0,231,2,233,0,6,336,2,344,401,0,401,745
05/09/2023,CRG,FL,ASO,ES,Federal Contract Tower,0,10,81,0,91,0,0,231,16,247,0,10,312,16,338,482,0,482,820
05/10/2023,CRG,FL,ASO,ES,Federal Contract Tower,0,17,95,0,112,0,0,215,12,227,0,17,310,12,339,170,0,170,509
05/11/2023,CRG,FL,ASO,ES,Federal Contract Tower,0,13,125,0,138,0,0,198,8,206,0,13,323,8,344,441,0,441,785
05/12/2023,CRG,FL,ASO,ES,Federal Contract Tower,0,12,123,0,135,0,0,171,0,171,0,12,294,0,306,186,0,186,492
05/13/2023,CRG,FL,ASO,ES,Federal Contract Tower,0,5,61,0,66,0,0,92,0,92,0,5,153,0,158,293,0,293,451
05/14/2023,CRG,FL,ASO,ES,Federal Contract Tower,0,8,60,0,68,0,0,143,1,144,0,8,203,1,212,270,0,270,482
05/15/2023,CRG,FL,ASO,ES,Federal Contract Tower,0,9,105,0,114,0,0,228,0,228,0,9,333,0,342,468,0,468,810
05/16/2023,CRG,FL,ASO,ES,Federal Contract Tower,0,19,100,0,119,0,0,199,0,199,0,19,299,0,318,406,0,406,724
05/17/2023,CRG,FL,ASO,ES,Federal Contract Tower,0,12,78,0,90,0,0,108,9,117,0,12,186,9,207,271,0,271,478
05/18/2023,CRG,FL,ASO,ES,Federal Contract Tower,0,7,87,2,96,0,0,154,15,169,0,7,241,17,265,288,0,288,553
05/19/2023,CRG,FL,ASO,ES,Federal Contract Tower,0,12,175,0,187,0,0,83,0,83,0,12,258,0,270,220,0,220,490
05/20/2023,CRG,FL,ASO,ES,Federal Contract Tower,0,3,81,0,84,0,0,118,0,118,0,3,199,0,202,373,0,373,575
05/21/2023,CRG,FL,ASO,ES,Federal Contract Tower,0,3,50,0,53,0,0,120,0,120,0,3,170,0,173,175,0,175,348
05/22/2023,CRG,FL,ASO,ES,Federal Contract Tower,0,3,38,0,41,0,0,44,0,44,0,3,82,0,85,92,0,92,177
05/23/2023,CRG,FL,ASO,ES,Federal Contract Tower,0,5,69,0,74,0,0,52,0,52,0,5,121,0,126,280,0,280,406
05/24/2023,CRG,FL,ASO,ES,Federal Contract Tower,0,9,92,0,101,0,0,61,15,76,0,9,153,15,177,203,0,203,380
05/25/2023,CRG,FL,ASO,ES,Federal Contract Tower,0,11,114,0,125,0,0,214,10,224,0,11,328,10,349,371,0,371,720
05/26/2023,CRG,FL,ASO,ES,Federal Contract Tower,0,9,69,0,78,0,0,14,0,14,0,9,83,0,92,59,0,59,151
05/27/2023,CRG,FL,ASO,ES,Federal Contract Tower,0,0,53,0,53,0,0,42,0,42,0,0,95,0,95,167,0,167,262
05/28/2023,CRG,FL,ASO,ES,Federal Contract Tower,0,2,75,0,77,0,0,124,0,124,0,2,199,0,201,506,0,506,707
05/29/2023,CRG,FL,ASO,ES,Federal Contract Tower,0,6,68,0,74,0,0,262,0,262,0,6,330,0,336,406,0,406,742
05/30/2023,CRG,FL,ASO,ES,Federal Contract Tower,0,6,76,0,82,0,0,232,0,232,0,6,308,0,314,363,0,363,677
05/31/2023,CRG,FL,ASO,ES,Federal Contract Tower,0,5,123,0,128,0,0,187,12,199,0,5,310,12,327,354,0,354,681
06/01/2023,CRG,FL,ASO,ES,Federal Contract Tower,0,5,105,0,110,0,0,145,13,158,0,5,250,13,268,693,0,693,961
06/02/2023,CRG,FL,ASO,ES,Federal Contract Tower,0,8,110,0,118,0,0,167,0,167,0,8,277,0,285,315,0,315,600
06/03/2023,CRG,FL,ASO,ES,Federal Contract Tower,0,7,83,0,90,0,0,42,0,42,0,7,125,0,132,398,0,398,530
06/04/2023,CRG,FL,ASO,ES,Federal Contract Tower,0,3,48,0,51,0,0,24,0,24,0,3,72,0,75,29,0,29,104
06/05/2023,CRG,FL,ASO,ES,Federal Contract Tower,0,5,70,0,75,0,0,247,1,248,0,5,317,1,323,599,0,599,922
06/06/2023,CRG,FL,ASO,ES,Federal Contract Tower,0,9,79,0,88,0,0,270,0,270,0,9,349,0,358,354,0,354,712
06/07/2023,CRG,FL,ASO,ES,Federal Contract Tower,0,5,92,0,97,0,0,210,2,212,0,5,302,2,309,292,0,292,601
06/08/2023,CRG,FL,ASO,ES,Federal Contract Tower,0,7,105,0,112,0,0,269,12,281,0,7,374,12,393,413,0,413,806
06/09/2023,CRG,FL,ASO,ES,Federal Contract Tower,0,8,94,0,102,0,0,170,1,171,0,8,264,1,273,361,0,361,634
06/10/2023,CRG,FL,ASO,ES,Federal Contract Tower,0,3,73,0,76,0,0,111,0,111,0,3,184,0,187,297,0,297,484
06/11/2023,CRG,FL,ASO,ES,Federal Contract Tower,0,5,73,0,78,0,0,114,0,114,0,5,187,0,192,291,0,291,483
06/12/2023,CRG,FL,ASO,ES,Federal Contract Tower,0,5,96,0,101,0,0,203,0,203,0,5,299,0,304,400,0,400,704
06/13/2023,CRG,FL,ASO,ES,Federal Contract Tower,0,5,86,0,91,0,0,168,0,168,0,5,254,0,259,317,0,317,576
06/14/2023,CRG,FL,ASO,ES,Federal Contract Tower,0,2,106,0,108,0,0,98,0,98,0,2,204,0,206,282,0,282,488
06/15/2023,CRG,FL,ASO,ES,Federal Contract Tower,0,4,54,0,58,0,0,164,0,164,0,4,218,0,222,128,0,128,350
06/16/2023,CRG,FL,ASO,ES,Federal Contract Tower,0,2,80,0,82,0,0,164,2,166,0,2,244,2,248,245,0,245,493
06/17/2023,CRG,FL,ASO,ES,Federal Contract Tower,0,1,28,0,29,0,0,65,0,65,0,1,93,0,94,244,0,244,338
06/18/2023,CRG,FL,ASO,ES,Federal Contract Tower,0,4,49,0,53,0,0,126,2,128,0,4,175,2,181,331,0,331,512
06/19/2023,CRG,FL,ASO,ES,Federal Contract Tower,0,6,44,0,50,0,0,177,0,177,0,6,221,0,227,355,0,355,582
06/20/2023,CRG,FL,ASO,ES,Federal Contract Tower,0,2,41,0,43,0,0,92,0,92,0,2,133,0,135,154,0,154,289
06/21/2023,CRG,FL,ASO,ES,Federal Contract Tower,0,3,63,0,66,0,0,96,9,105,0,3,159,9,171,339,0,339,510
06/22/2023,CRG,FL,ASO,ES,Federal Contract Tower,0,2,66,0,68,0,0,84,4,88,0,2,150,4,156,237,0,237,393
06/23/2023,CRG,FL,ASO,ES,Federal Contract Tower,0,0,56,0,56,0,0,128,0,128,0,0,184,0,184,98,0,98,282
06/24/2023,CRG,FL,ASO,ES,Federal Contract Tower,0,5,73,0,78,0,0,117,0,117,0,5,190,0,195,290,2,292,487
06/25/2023,CRG,FL,ASO,ES,Federal Contract Tower,0,3,70,0,73,0,0,171,0,171,0,3,241,0,244,369,0,369,613
06/26/2023,CRG,FL,ASO,ES,Federal Contract Tower,0,4,95,0,99,0,0,286,0,286,0,4,381,0,385,462,0,462,847
06/27/2023,CRG,FL,ASO,ES,Federal Contract Tower,0,3,94,0,97,0,0,126,0,126,0,3,220,0,223,356,0,356,579
06/28/2023,CRG,FL,ASO,ES,Federal Contract Tower,0,8,113,0,121,0,0,198,0,198,0,8,311,0,319,428,0,428,747
06/29/2023,CRG,FL,ASO,ES,Federal Contract Tower,0,5,110,0,115,0,0,264,15,279,0,5,374,15,394,597,0,597,991
06/30/2023,CRG,FL,ASO,ES,Federal Contract Tower,0,10,104,0,114,0,0,210,2,212,0,10,314,2,326,418,0,418,744
07/01/2023,CRG,FL,ASO,ES,Federal Contract Tower,0,1,103,0,104,0,0,188,0,188,0,1,291,0,292,304,0,304,596
07/02/2023,CRG,FL,ASO,ES,Federal Contract Tower,0,2,58,0,60,0,0,131,0,131,0,2,189,0,191,333,0,333,524
07/03/2023,CRG,FL,ASO,ES,Federal Contract Tower,0,6,58,0,64,0,0,222,0,222,0,6,280,0,286,321,0,321,607
07/04/2023,CRG,FL,ASO,ES,Federal Contract Tower,0,1,65,0,66,0,0,144,0,144,0,1,209,0,210,256,0,256,466
07/05/2023,CRG,FL,ASO,ES,Federal Contract Tower,0,6,84,0,90,0,0,159,2,161,0,6,243,2,251,310,0,310,561
07/06/2023,CRG,FL,ASO,ES,Federal Contract Tower,0,10,98,0,108,0,0,185,0,185,0,10,283,0,293,237,0,237,530
07/07/2023,CRG,FL,ASO,ES,Federal Contract Tower,0,5,58,0,63,0,0,118,0,118,0,5,176,0,181,234,0,234,415
07/08/2023,CRG,FL,ASO,ES,Federal Contract Tower,0,0,70,0,70,0,0,113,0,113,0,0,183,0,183,147,0,147,330
07/09/2023,CRG,FL,ASO,ES,Federal Contract Tower,0,3,50,0,53,0,0,121,1,122,0,3,171,1,175,213,0,213,388
07/10/2023,CRG,FL,ASO,ES,Federal Contract Tower,0,5,60,1,66,0,0,117,1,118,0,5,177,2,184,233,0,233,417
07/11/2023,CRG,FL,ASO,ES,Federal Contract Tower,0,6,63,0,69,0,0,58,0,58,0,6,121,0,127,319,0,319,446
07/12/2023,CRG,FL,ASO,ES,Federal Contract Tower,0,7,84,0,91,0,0,281,6,287,0,7,365,6,378,450,0,450,828
07/13/2023,CRG,FL,ASO,ES,Federal Contract Tower,0,5,78,0,83,0,0,200,0,200,0,5,278,0,283,428,0,428,711
07/14/2023,CRG,FL,ASO,ES,Federal Contract Tower,0,3,87,0,90,0,0,190,0,190,0,3,277,0,280,341,0,341,621
07/15/2023,CRG,FL,ASO,ES,Federal Contract Tower,0,4,72,0,76,0,0,138,0,138,0,4,210,0,214,386,0,386,600
07/16/2023,CRG,FL,ASO,ES,Federal Contract Tower,0,5,66,0,71,0,0,63,0,63,0,5,129,0,134,151,0,151,285
07/17/2023,CRG,FL,ASO,ES,Federal Contract Tower,0,7,84,0,91,0,0,77,0,77,0,7,161,0,168,236,0,236,404
07/18/2023,CRG,FL,ASO,ES,Federal Contract Tower,0,13,106,0,119,0,0,229,0,229,0,13,335,0,348,449,0,449,797
07/19/2023,CRG,FL,ASO,ES,Federal Contract Tower,0,11,95,0,106,0,0,198,2,200,0,11,293,2,306,428,0,428,734
07/20/2023,CRG,FL,ASO,ES,Federal Contract Tower,0,9,93,0,102,0,2,266,0,268,0,11,359,0,370,374,0,374,744
07/21/2023,CRG,FL,ASO,ES,Federal Contract Tower,0,5,111,2,118,0,0,229,2,231,0,5,340,4,349,281,0,281,630
07/22/2023,CRG,FL,ASO,ES,Federal Contract Tower,0,8,79,0,87,0,0,114,0,114,0,8,193,0,201,174,0,174,375
07/23/2023,CRG,FL,ASO,ES,Federal Contract Tower,0,3,44,0,47,0,0,86,0,86,0,3,130,0,133,200,0,200,333
07/24/2023,CRG,FL,ASO,ES,Federal Contract Tower,0,6,64,0,70,0,0,145,4,149,0,6,209,4,219,238,0,238,457
07/25/2023,CRG,FL,ASO,ES,Federal Contract Tower,0,2,89,0,91,0,0,127,0,127,0,2,216,0,218,263,0,263,481
07/26/2023,CRG,FL,ASO,ES,Federal Contract Tower,0,6,94,0,100,0,0,257,12,269,0,6,351,12,369,475,0,475,844
07/27/2023,CRG,FL,ASO,ES,Federal Contract Tower,0,8,94,0,102,0,0,128,10,138,0,8,222,10,240,375,1,376,616
07/28/2023,CRG,FL,ASO,ES,Federal Contract Tower,0,11,66,0,77,0,0,7,0,7,0,11,73,0,84,14,0,14,98
07/29/2023,CRG,FL,ASO,ES,Federal Contract Tower,0,6,91,0,97,0,0,145,2,147,0,6,236,2,244,254,2,256,500
07/30/2023,CRG,FL,ASO,ES,Federal Contract Tower,0,5,63,0,68,0,0,121,0,121,0,5,184,0,189,191,0,191,380
07/31/2023,CRG,FL,ASO,ES,Federal Contract Tower,0,7,83,2,92,0,0,144,8,152,0,7,227,10,244,388,0,388,632
08/01/2023,CRG,FL,ASO,ES,Federal Contract Tower,0,4,98,0,102,0,0,153,7,160,0,4,251,7,262,374,0,374,636
08/02/2023,CRG,FL,ASO,ES,Federal Contract Tower,0,8,99,0,107,0,0,172,11,183,0,8,271,11,290,259,0,259,549
08/03/2023,CRG,FL,ASO,ES,Federal Contract Tower,0,6,80,0,86,0,0,212,2,214,0,6,292,2,300,241,0,241,541
08/04/2023,CRG,FL,ASO,ES,Federal Contract Tower,0,4,69,0,73,0,0,124,0,124,0,4,193,0,197,193,0,193,390
08/05/2023,CRG,FL,ASO,ES,Federal Contract Tower,0,8,48,0,56,0,0,96,2,98,0,8,144,2,154,150,0,150,304
08/06/2023,CRG,FL,ASO,ES,Federal Contract Tower,0,6,60,0,66,0,0,122,3,125,0,6,182,3,191,310,0,310,501
08/07/2023,CRG,FL,ASO,ES,Federal Contract Tower,0,11,101,0,112,0,0,217,0,217,0,11,318,0,329,375,0,375,704
08/08/2023,CRG,FL,ASO,ES,Federal Contract Tower,0,6,70,0,76,0,0,228,0,228,0,6,298,0,304,273,0,273,577
08/09/2023,CRG,FL,ASO,ES,Federal Contract Tower,0,2,76,0,78,0,0,195,16,211,0,2,271,16,289,295,2,297,586
08/10/2023,CRG,FL,ASO,ES,Federal Contract Tower,0,7,112,6,125,0,0,137,4,141,0,7,249,10,266,187,6,193,459
08/11/2023,CRG,FL,ASO,ES,Federal Contract Tower,0,6,86,0,92,0,0,201,0,201,0,6,287,0,293,232,0,232,525
08/12/2023,CRG,FL,ASO,ES,Federal Contract Tower,0,0,93,0,93,0,0,118,0,118,0,0,211,0,211,184,0,184,395
08/13/2023,CRG,FL,ASO,ES,Federal Contract Tower,0,2,67,0,69,0,0,139,0,139,0,2,206,0,208,175,0,175,383
08/14/2023,CRG,FL,ASO,ES,Federal Contract Tower,0,8,72,0,80,0,0,210,0,210,0,8,282,0,290,310,0,310,600
08/15/2023,CRG,FL,ASO,ES,Federal Contract Tower,0,3,68,0,71,0,0,126,0,126,0,3,194,0,197,359,0,359,556
08/16/2023,CRG,FL,ASO,ES,Federal Contract Tower,0,3,61,0,64,0,0,154,0,154,0,3,215,0,218,306,0,306,524
08/17/2023,CRG,FL,ASO,ES,Federal Contract Tower,0,4,72,0,76,0,0,113,0,113,0,4,185,0,189,193,6,199,388
08/18/2023,CRG,FL,ASO,ES,Federal Contract Tower,0,4,80,0,84,0,0,216,0,216,0,4,296,0,300,402,0,402,702
08/19/2023,CRG,FL,ASO,ES,Federal Contract Tower,0,6,79,0,85,0,0,165,0,165,0,6,244,0,250,358,0,358,608
08/20/2023,CRG,FL,ASO,ES,Federal Contract Tower,0,0,64,0,64,0,0,72,0,72,0,0,136,0,136,247,0,247,383
08/21/2023,CRG,FL,ASO,ES,Federal Contract Tower,0,5,82,0,87,0,2,206,0,208,0,7,288,0,295,508,0,508,803
08/22/2023,CRG,FL,ASO,ES,Federal Contract Tower,0,6,78,0,84,0,0,198,0,198,0,6,276,0,282,370,0,370,652
08/23/2023,CRG,FL,ASO,ES,Federal Contract Tower,0,8,65,0,73,0,2,186,5,193,0,10,251,5,266,342,0,342,608
08/24/2023,CRG,FL,ASO,ES,Federal Contract Tower,0,3,100,1,104,0,0,204,0,204,0,3,304,1,308,406,0,406,714
08/25/2023,CRG,FL,ASO,ES,Federal Contract Tower,0,7,104,0,111,0,0,231,0,231,0,7,335,0,342,351,0,351,693
08/26/2023,CRG,FL,ASO,ES,Federal Contract Tower,0,6,78,0,84,0,0,153,2,155,0,6,231,2,239,236,0,236,475
08/27/2023,CRG,FL,ASO,ES,Federal Contract Tower,0,3,52,0,55,0,0,97,0,97,0,3,149,0,152,148,0,148,300
08/28/2023,CRG,FL,ASO,ES,Federal Contract Tower,0,2,61,0,63,0,0,128,0,128,0,2,189,0,191,360,0,360,551
08/29/2023,CRG,FL,ASO,ES,Federal Contract Tower,0,2,59,0,61,0,0,94,0,94,0,2,153,0,155,169,0,169,324
08/30/2023,CRG,FL,ASO,ES,Federal Contract Tower,0,0,2,0,2,0,0,0,0,0,0,0,2,0,2,0,0,0,2
08/31/2023,CRG,FL,ASO,ES,Federal Contract Tower,0,5,67,0,72,0,0,130,2,132,0,5,197,2,204,294,0,294,498
