01/01/2000,CRQ,CA,AWP,WE,Towers with Display (VFR),0,18,51,0,69,0,2,148,10,160,0,20,199,10,229,54,0,54,283
01/02/2000,CRQ,CA,AWP,WE,Towers with Display (VFR),0,29,82,0,111,0,3,417,4,424,0,32,499,4,535,128,0,128,663
01/03/2000,CRQ,CA,AWP,WE,Towers with Display (VFR),0,33,97,1,131,0,19,266,9,294,0,52,363,10,425,271,0,271,696
01/04/2000,CRQ,CA,AWP,WE,Towers with Display (VFR),0,41,119,1,161,0,1,333,49,383,0,42,452,50,544,228,0,228,772
01/05/2000,CRQ,CA,AWP,WE,Towers with Display (VFR),0,35,107,2,144,0,8,370,24,402,0,43,477,26,546,232,0,232,778
01/06/2000,CRQ,CA,AWP,WE,Towers with Display (VFR),0,31,95,2,128,0,11,407,34,452,0,42,502,36,580,196,0,196,776
01/07/2000,CRQ,CA,AWP,WE,Towers with Display (VFR),0,39,117,2,158,0,10,364,40,414,0,49,481,42,572,263,0,263,835
01/08/2000,CRQ,CA,AWP,WE,Towers with Display (VFR),0,28,83,1,112,0,7,335,2,344,0,35,418,3,456,298,0,298,754
01/09/2000,CRQ,CA,AWP,WE,Towers with Display (VFR),0,35,108,0,143,0,0,429,0,429,0,35,537,0,572,214,0,214,786
01/10/2000,CRQ,CA,AWP,WE,Towers with Display (VFR),0,26,79,1,106,0,17,228,7,252,0,43,307,8,358,188,0,188,546
01/11/2000,CRQ,CA,AWP,WE,Towers with Display (VFR),0,37,119,2,158,0,0,235,22,257,0,37,354,24,415,173,0,173,588
01/12/2000,CRQ,CA,AWP,WE,Towers with Display (VFR),0,36,111,2,149,0,17,210,15,242,0,53,321,17,391,74,0,74,465
01/13/2000,CRQ,CA,AWP,WE,Towers with Display (VFR),0,32,96,2,130,0,7,282,28,317,0,39,378,30,447,203,0,203,650
01/14/2000,CRQ,CA,AWP,WE,Towers with Display (VFR),0,28,83,1,112,0,10,292,11,313,0,38,375,12,425,179,0,179,604
01/15/2000,CRQ,CA,AWP,WE,Towers with Display (VFR),0,30,94,1,125,0,12,445,3,460,0,42,539,4,585,268,0,268,853
01/16/2000,CRQ,CA,AWP,WE,Towers with Display (VFR),0,35,107,0,142,0,2,187,0,189,0,37,294,0,331,232,0,232,563
01/17/2000,CRQ,CA,AWP,WE,Towers with Display (VFR),0,33,100,1,134,0,8,347,5,360,0,41,447,6,494,210,0,210,704
01/18/2000,CRQ,CA,AWP,WE,Towers with Display (VFR),0,34,103,1,138,0,22,351,25,398,0,56,454,26,536,196,0,196,732
01/19/2000,CRQ,CA,AWP,WE,Towers with Display (VFR),0,51,165,1,217,0,0,519,27,546,0,51,684,28,763,216,0,216,979
01/20/2000,CRQ,CA,AWP,WE,Towers with Display (VFR),0,41,136,1,178,0,0,166,27,193,0,41,302,28,371,116,0,116,487
01/21/2000,CRQ,CA,AWP,WE,Towers with Display (VFR),0,52,167,1,220,0,0,204,29,233,0,52,371,30,453,177,0,177,630
01/22/2000,CRQ,CA,AWP,WE,Towers with Display (VFR),0,33,100,1,134,0,19,381,21,421,0,52,481,22,555,228,0,228,783
01/23/2000,CRQ,CA,AWP,WE,Towers with Display (VFR),0,39,120,0,159,0,0,379,0,379,0,39,499,0,538,194,0,194,732
01/24/2000,CRQ,CA,AWP,WE,Towers with Display (VFR),0,32,99,1,132,0,19,303,29,351,0,51,402,30,483,216,0,216,699
01/25/2000,CRQ,CA,AWP,WE,Towers with Display (VFR),0,33,124,1,158,0,0,61,14,75,0,33,185,15,233,36,0,36,269
01/26/2000,CRQ,CA,AWP,WE,Towers with Display (VFR),0,40,120,1,161,0,3,339,19,361,0,43,459,20,522,140,0,140,662
01/27/2000,CRQ,CA,AWP,WE,Towers with Display (VFR),0,41,126,1,168,0,11,365,24,400,0,52,491,25,568,210,0,210,778
01/28/2000,CRQ,CA,AWP,WE,Towers with Display (VFR),0,36,109,1,146,0,18,520,23,561,0,54,629,24,707,266,0,266,973
01/29/2000,CRQ,CA,AWP,WE,Towers with Display (VFR),0,41,125,1,167,0,3,251,1,255,0,44,376,2,422,170,0,170,592
01/30/2000,CRQ,CA,AWP,WE,Towers with Display (VFR),0,31,97,1,129,0,3,297,7,307,0,34,394,8,436,242,0,242,678
01/31/2000,CRQ,CA,AWP,WE,Towers with Display (VFR),0,43,132,1,176,0,6,202,15,223,0,49,334,16,399,210,0,210,609
02/01/2000,CRQ,CA,AWP,WE,Towers with Display (VFR),0,32,109,1,142,0,14,396,37,447,0,46,505,38,589,236,0,236,825
02/02/2000,CRQ,CA,AWP,WE,Towers with Display (VFR),0,29,99,1,129,0,16,302,67,385,0,45,401,68,514,214,0,214,728
02/03/2000,CRQ,CA,AWP,WE,Towers with Display (VFR),0,36,121,1,158,0,10,351,31,392,0,46,472,32,550,192,0,192,742
02/04/2000,CRQ,CA,AWP,WE,Towers with Display (VFR),0,29,100,1,130,0,9,271,30,310,0,38,371,31,440,375,0,375,815
02/05/2000,CRQ,CA,AWP,WE,Towers with Display (VFR),0,32,106,1,139,0,0,191,5,196,0,32,297,6,335,158,0,158,493
02/06/2000,CRQ,CA,AWP,WE,Towers with Display (VFR),0,38,128,1,167,0,0,376,3,379,0,38,504,4,546,128,0,128,674
02/07/2000,CRQ,CA,AWP,WE,Towers with Display (VFR),0,49,159,1,209,0,2,235,7,244,0,51,394,8,453,176,0,176,629
02/08/2000,CRQ,CA,AWP,WE,Towers with Display (VFR),0,44,142,1,187,0,0,181,5,186,0,44,323,6,373,138,0,138,511
02/09/2000,CRQ,CA,AWP,WE,Towers with Display (VFR),0,43,173,1,217,0,0,193,27,220,0,43,366,28,437,130,0,130,567
02/10/2000,CRQ,CA,AWP,WE,Towers with Display (VFR),0,19,64,1,84,0,24,221,31,276,0,43,285,32,360,158,2,160,520
02/11/2000,CRQ,CA,AWP,WE,Towers with Display (VFR),0,37,142,1,180,0,0,251,9,260,0,37,393,10,440,309,0,309,749
02/12/2000,CRQ,CA,AWP,WE,Towers with Display (VFR),0,33,108,0,141,0,2,319,0,321,0,35,427,0,462,352,0,352,814
02/13/2000,CRQ,CA,AWP,WE,Towers with Display (VFR),0,41,141,1,183,0,0,97,25,122,0,41,238,26,305,90,0,90,395
02/14/2000,CRQ,CA,AWP,WE,Towers with Display (VFR),0,39,127,0,166,0,14,43,0,57,0,53,170,0,223,50,0,50,273
02/15/2000,CRQ,CA,AWP,WE,Towers with Display (VFR),0,42,138,1,181,0,0,233,17,250,0,42,371,18,431,124,0,124,555
02/16/2000,CRQ,CA,AWP,WE,Towers with Display (VFR),0,43,139,1,183,0,6,138,3,147,0,49,277,4,330,138,0,138,468
02/17/2000,CRQ,CA,AWP,WE,Towers with Display (VFR),0,38,123,1,162,0,7,214,35,256,0,45,337,36,418,193,0,193,611
02/18/2000,CRQ,CA,AWP,WE,Towers with Display (VFR),0,41,135,1,177,0,7,496,26,529,0,48,631,27,706,272,0,272,978
02/19/2000,CRQ,CA,AWP,WE,Towers with Display (VFR),0,28,91,0,119,0,7,509,8,524,0,35,600,8,643,244,0,244,887
02/20/2000,CRQ,CA,AWP,WE,Towers with Display (VFR),0,28,92,0,120,0,10,103,10,123,0,38,195,10,243,104,0,104,347
02/21/2000,CRQ,CA,AWP,WE,Towers with Display (VFR),0,31,103,0,134,0,16,65,2,83,0,47,168,2,217,62,0,62,279
02/22/2000,CRQ,CA,AWP,WE,Towers with Display (VFR),0,44,143,0,187,0,19,394,44,457,0,63,537,44,644,248,0,248,892
02/23/2000,CRQ,CA,AWP,WE,Towers with Display (VFR),0,28,92,0,120,0,18,76,12,106,0,46,168,12,226,84,0,84,310
02/24/2000,CRQ,CA,AWP,WE,Towers with Display (VFR),0,36,118,0,154,0,13,234,33,280,0,49,352,33,434,218,0,218,652
02/25/2000,CRQ,CA,AWP,WE,Towers with Display (VFR),0,34,112,0,146,0,10,324,20,354,0,44,436,20,500,349,0,349,849
02/26/2000,CRQ,CA,AWP,WE,Towers with Display (VFR),0,30,98,0,128,0,16,468,14,498,0,46,566,14,626,278,0,278,904
02/27/2000,CRQ,CA,AWP,WE,Towers with Display (VFR),0,39,127,0,166,0,3,165,12,180,0,42,292,12,346,198,0,198,544
02/28/2000,CRQ,CA,AWP,WE,Towers with Display (VFR),0,38,125,0,163,0,6,270,18,294,0,44,395,18,457,199,0,199,656
02/29/2000,CRQ,CA,AWP,WE,Towers with Display (VFR),0,33,109,0,142,0,7,321,22,350,0,40,430,22,492,174,0,174,666
03/01/2000,CRQ,CA,AWP,WE,Towers with Display (VFR),0,38,145,2,185,0,7,343,10,360,0,45,488,12,545,240,0,240,785
03/02/2000,CRQ,CA,AWP,WE,Towers with Display (VFR),0,25,96,2,123,0,23,317,16,356,0,48,413,18,479,216,0,216,695
03/03/2000,CRQ,CA,AWP,WE,Towers with Display (VFR),0,39,144,2,185,0,7,242,44,293,0,46,386,46,478,314,0,314,792
03/04/2000,CRQ,CA,AWP,WE,Towers with Display (VFR),0,31,115,2,148,0,3,266,0,269,0,34,381,2,417,156,0,156,573
03/05/2000,CRQ,CA,AWP,WE,Towers with Display (VFR),0,19,67,0,86,0,23,10,0,33,0,42,77,0,119,0,0,0,119
03/06/2000,CRQ,CA,AWP,WE,Towers with Display (VFR),0,32,119,2,153,0,24,399,40,463,0,56,518,42,616,286,0,286,902
03/07/2000,CRQ,CA,AWP,WE,Towers with Display (VFR),0,29,107,2,138,0,23,269,42,334,0,52,376,44,472,242,0,242,714
03/08/2000,CRQ,CA,AWP,WE,Towers with Display (VFR),0,28,106,2,136,0,31,162,30,223,0,59,268,32,359,76,0,76,435
03/09/2000,CRQ,CA,AWP,WE,Towers with Display (VFR),0,41,151,2,194,0,8,279,14,301,0,49,430,16,495,232,0,232,727
03/10/2000,CRQ,CA,AWP,WE,Towers with Display (VFR),0,32,118,2,152,0,7,391,14,412,0,39,509,16,564,278,0,278,842
03/11/2000,CRQ,CA,AWP,WE,Towers with Display (VFR),0,30,112,2,144,0,21,706,18,745,0,51,818,20,889,268,26,294,1183
03/12/2000,CRQ,CA,AWP,WE,Towers with Display (VFR),0,37,135,2,174,0,1,378,6,385,0,38,513,8,559,242,0,242,801
03/13/2000,CRQ,CA,AWP,WE,Towers with Display (VFR),0,37,138,2,177,0,6,254,4,264,0,43,392,6,441,176,0,176,617
03/14/2000,CRQ,CA,AWP,WE,Towers with Display (VFR),0,29,108,2,139,0,4,375,8,387,0,33,483,10,526,266,0,266,792
03/15/2000,CRQ,CA,AWP,WE,Towers with Display (VFR),0,24,145,2,171,0,0,203,4,207,0,24,348,6,378,128,0,128,506
03/16/2000,CRQ,CA,AWP,WE,Towers with Display (VFR),0,36,208,3,247,0,0,98,8,106,0,36,306,11,353,122,0,122,475
03/17/2000,CRQ,CA,AWP,WE,Towers with Display (VFR),0,35,130,2,167,0,24,314,8,346,0,59,444,10,513,336,0,336,849
03/18/2000,CRQ,CA,AWP,WE,Towers with Display (VFR),0,34,127,2,163,0,3,356,8,367,0,37,483,10,530,300,0,300,830
03/19/2000,CRQ,CA,AWP,WE,Towers with Display (VFR),0,37,146,0,183,0,0,507,0,507,0,37,653,0,690,156,0,156,846
03/20/2000,CRQ,CA,AWP,WE,Towers with Display (VFR),0,25,95,1,121,0,27,224,19,270,0,52,319,20,391,122,0,122,513
03/21/2000,CRQ,CA,AWP,WE,Towers with Display (VFR),0,39,147,1,187,0,12,352,16,380,0,51,499,17,567,224,0,224,791
03/22/2000,CRQ,CA,AWP,WE,Towers with Display (VFR),0,33,125,1,159,0,10,481,11,502,0,43,606,12,661,280,0,280,941
03/23/2000,CRQ,CA,AWP,WE,Towers with Display (VFR),0,45,168,2,215,0,5,333,48,386,0,50,501,50,601,244,0,244,845
03/24/2000,CRQ,CA,AWP,WE,Towers with Display (VFR),0,41,154,1,196,0,24,574,43,641,0,65,728,44,837,260,0,260,1097
03/25/2000,CRQ,CA,AWP,WE,Towers with Display (VFR),0,37,137,1,175,0,5,457,25,487,0,42,594,26,662,288,0,288,950
03/26/2000,CRQ,CA,AWP,WE,Towers with Display (VFR),0,32,122,1,155,0,5,469,9,483,0,37,591,10,638,206,0,206,844
03/27/2000,CRQ,CA,AWP,WE,Towers with Display (VFR),0,32,118,1,151,0,16,186,21,223,0,48,304,22,374,326,0,326,700
03/28/2000,CRQ,CA,AWP,WE,Towers with Display (VFR),0,41,152,1,194,0,0,233,21,254,0,41,385,22,448,198,0,198,646
03/29/2000,CRQ,CA,AWP,WE,Towers with Display (VFR),0,31,132,1,164,0,0,218,3,221,0,31,350,4,385,144,0,144,529
03/30/2000,CRQ,CA,AWP,WE,Towers with Display (VFR),0,36,133,1,170,0,6,219,15,240,0,42,352,16,410,314,0,314,724
03/31/2000,CRQ,CA,AWP,WE,Towers with Display (VFR),0,27,104,1,132,0,19,274,12,305,0,46,378,13,437,221,0,221,658
04/01/2000,CRQ,CA,AWP,WE,Towers with Display (VFR),0,16,61,1,78,0,17,275,19,311,0,33,336,20,389,300,0,300,689
04/02/2000,CRQ,CA,AWP,WE,Towers with Display (VFR),0,35,133,1,169,0,12,406,0,418,0,47,539,1,587,188,0,188,775
04/03/2000,CRQ,CA,AWP,WE,Towers with Display (VFR),0,33,126,1,160,0,7,387,4,398,0,40,513,5,558,236,0,236,794
04/04/2000,CRQ,CA,AWP,WE,Towers with Display (VFR),0,38,157,1,196,0,0,211,7,218,0,38,368,8,414,84,0,84,498
04/05/2000,CRQ,CA,AWP,WE,Towers with Display (VFR),0,39,160,1,200,0,0,179,4,183,0,39,339,5,383,122,2,124,507
04/06/2000,CRQ,CA,AWP,WE,Towers with Display (VFR),0,36,152,1,189,0,0,196,19,215,0,36,348,20,404,194,0,194,598
04/07/2000,CRQ,CA,AWP,WE,Towers with Display (VFR),0,42,150,1,193,0,7,236,5,248,0,49,386,6,441,222,0,222,663
04/08/2000,CRQ,CA,AWP,WE,Towers with Display (VFR),0,28,104,0,132,0,4,229,0,233,0,32,333,0,365,134,0,134,499
04/09/2000,CRQ,CA,AWP,WE,Towers with Display (VFR),0,30,111,0,141,0,4,352,0,356,0,34,463,0,497,170,0,170,667
04/10/2000,CRQ,CA,AWP,WE,Towers with Display (VFR),0,35,125,1,161,0,6,295,5,306,0,41,420,6,467,184,0,184,651
04/11/2000,CRQ,CA,AWP,WE,Towers with Display (VFR),0,31,122,1,154,0,0,370,1,371,0,31,492,2,525,166,0,166,691
04/12/2000,CRQ,CA,AWP,WE,Towers with Display (VFR),0,27,99,1,127,0,2,215,15,232,0,29,314,16,359,190,0,190,549
04/13/2000,CRQ,CA,AWP,WE,Towers with Display (VFR),0,34,121,1,156,0,6,288,29,323,0,40,409,30,479,208,2,210,689
04/14/2000,CRQ,CA,AWP,WE,Towers with Display (VFR),0,35,128,1,164,0,8,205,29,242,0,43,333,30,406,272,0,272,678
04/15/2000,CRQ,CA,AWP,WE,Towers with Display (VFR),0,32,114,1,147,0,5,294,15,314,0,37,408,16,461,174,0,174,635
04/16/2000,CRQ,CA,AWP,WE,Towers with Display (VFR),0,31,114,1,146,0,5,322,25,352,0,36,436,26,498,164,0,164,662
04/17/2000,CRQ,CA,AWP,WE,Towers with Display (VFR),0,22,78,1,101,0,14,107,5,126,0,36,185,6,227,94,0,94,321
04/18/2000,CRQ,CA,AWP,WE,Towers with Display (VFR),0,25,92,1,118,0,8,253,23,284,0,33,345,24,402,176,0,176,578
04/19/2000,CRQ,CA,AWP,WE,Towers with Display (VFR),0,32,115,1,148,0,12,334,28,374,0,44,449,29,522,291,0,291,813
04/20/2000,CRQ,CA,AWP,WE,Towers with Display (VFR),0,37,133,0,170,0,13,409,32,454,0,50,542,32,624,386,0,386,1010
04/21/2000,CRQ,CA,AWP,WE,Towers with Display (VFR),0,52,224,1,277,0,0,78,37,115,0,52,302,38,392,125,0,125,517
04/22/2000,CRQ,CA,AWP,WE,Towers with Display (VFR),0,39,140,0,179,0,10,246,0,256,0,49,386,0,435,296,0,296,731
04/23/2000,CRQ,CA,AWP,WE,Towers with Display (VFR),0,30,112,0,142,0,11,361,0,372,0,41,473,0,514,208,0,208,722
04/24/2000,CRQ,CA,AWP,WE,Towers with Display (VFR),0,37,134,0,171,0,3,320,0,323,0,40,454,0,494,297,0,297,791
04/25/2000,CRQ,CA,AWP,WE,Towers with Display (VFR),0,37,137,0,174,0,11,367,12,390,0,48,504,12,564,224,0,224,788
04/26/2000,CRQ,CA,AWP,WE,Towers with Display (VFR),0,37,137,0,174,0,14,455,20,489,0,51,592,20,663,160,0,160,823
04/27/2000,CRQ,CA,AWP,WE,Towers with Display (VFR),0,42,152,0,194,0,3,172,12,187,0,45,324,12,381,136,0,136,517
04/28/2000,CRQ,CA,AWP,WE,Towers with Display (VFR),0,49,176,0,225,0,7,204,18,229,0,56,380,18,454,196,0,196,650
04/29/2000,CRQ,CA,AWP,WE,Towers with Display (VFR),0,21,76,0,97,0,11,424,0,435,0,32,500,0,532,138,0,138,670
04/30/2000,CRQ,CA,AWP,WE,Towers with Display (VFR),0,28,104,0,132,0,20,425,0,445,0,48,529,0,577,220,0,220,797
05/01/2000,CRQ,CA,AWP,WE,Towers with Display (VFR),0,33,121,0,154,0,12,368,34,414,0,45,489,34,568,352,0,352,920
05/02/2000,CRQ,CA,AWP,WE,Towers with Display (VFR),0,37,140,1,178,0,23,353,39,415,0,60,493,40,593,264,0,264,857
05/03/2000,CRQ,CA,AWP,WE,Towers with Display (VFR),0,43,166,2,211,0,3,332,32,367,0,46,498,34,578,218,0,218,796
05/04/2000,CRQ,CA,AWP,WE,Towers with Display (VFR),0,55,211,2,268,0,11,194,32,237,0,66,405,34,505,234,6,240,745
05/05/2000,CRQ,CA,AWP,WE,Towers with Display (VFR),0,40,156,2,198,0,18,229,26,273,0,58,385,28,471,206,0,206,677
05/06/2000,CRQ,CA,AWP,WE,Towers with Display (VFR),0,33,125,1,159,0,5,322,9,336,0,38,447,10,495,268,0,268,763
05/07/2000,CRQ,CA,AWP,WE,Towers with Display (VFR),0,7,29,1,37,0,28,320,49,397,0,35,349,50,434,144,0,144,578
05/08/2000,CRQ,CA,AWP,WE,Towers with Display (VFR),0,35,143,0,178,0,0,175,0,175,0,35,318,0,353,136,0,136,489
05/09/2000,CRQ,CA,AWP,WE,Towers with Display (VFR),0,37,170,2,209,0,0,209,11,220,0,37,379,13,429,94,0,94,523
05/10/2000,CRQ,CA,AWP,WE,Towers with Display (VFR),0,41,156,2,199,0,8,257,14,279,0,49,413,16,478,356,0,356,834
05/11/2000,CRQ,CA,AWP,WE,Towers with Display (VFR),0,34,129,1,164,0,7,274,51,332,0,41,403,52,496,342,0,342,838
05/12/2000,CRQ,CA,AWP,WE,Towers with Display (VFR),0,27,101,1,129,0,12,413,7,432,0,39,514,8,561,320,0,320,881
05/13/2000,CRQ,CA,AWP,WE,Towers with Display (VFR),0,25,96,0,121,0,5,503,0,508,0,30,599,0,629,330,0,330,959
05/14/2000,CRQ,CA,AWP,WE,Towers with Display (VFR),0,26,97,0,123,0,3,347,0,350,0,29,444,0,473,170,0,170,643
05/15/2000,CRQ,CA,AWP,WE,Towers with Display (VFR),0,30,115,1,146,0,14,245,10,269,0,44,360,11,415,203,0,203,618
05/16/2000,CRQ,CA,AWP,WE,Towers with Display (VFR),0,15,55,1,71,0,29,337,39,405,0,44,392,40,476,240,0,240,716
05/17/2000,CRQ,CA,AWP,WE,Towers with Display (VFR),0,38,149,1,188,0,6,260,35,301,0,44,409,36,489,220,0,220,709
05/18/2000,CRQ,CA,AWP,WE,Towers with Display (VFR),0,36,138,1,175,0,26,450,41,517,0,62,588,42,692,204,0,204,896
05/19/2000,CRQ,CA,AWP,WE,Towers with Display (VFR),0,32,121,0,153,0,22,371,31,424,0,54,492,31,577,232,0,232,809
05/20/2000,CRQ,CA,AWP,WE,Towers with Display (VFR),0,31,116,0,147,0,4,307,2,313,0,35,423,2,460,130,0,130,590
05/21/2000,CRQ,CA,AWP,WE,Towers with Display (VFR),0,32,128,0,160,0,0,242,0,242,0,32,370,0,402,80,0,80,482
05/22/2000,CRQ,CA,AWP,WE,Towers with Display (VFR),0,40,155,1,196,0,10,222,5,237,0,50,377,6,433,66,0,66,499
05/23/2000,CRQ,CA,AWP,WE,Towers with Display (VFR),0,39,199,1,239,0,0,114,21,135,0,39,313,22,374,84,0,84,458
05/24/2000,CRQ,CA,AWP,WE,Towers with Display (VFR),0,43,177,1,221,0,0,135,9,144,0,43,312,10,365,154,0,154,519
05/25/2000,CRQ,CA,AWP,WE,Towers with Display (VFR),0,42,208,1,251,0,0,83,5,88,0,42,291,6,339,68,0,68,407
05/26/2000,CRQ,CA,AWP,WE,Towers with Display (VFR),0,41,157,1,199,0,9,321,13,343,0,50,478,14,542,265,0,265,807
05/27/2000,CRQ,CA,AWP,WE,Towers with Display (VFR),0,27,104,0,131,0,1,404,0,405,0,28,508,0,536,152,0,152,688
05/28/2000,CRQ,CA,AWP,WE,Towers with Display (VFR),0,26,100,0,126,0,15,346,0,361,0,41,446,0,487,232,0,232,719
05/29/2000,CRQ,CA,AWP,WE,Towers with Display (VFR),0,12,45,0,57,0,25,374,0,399,0,37,419,0,456,114,0,114,570
05/30/2000,CRQ,CA,AWP,WE,Towers with Display (VFR),0,41,159,0,200,0,19,273,0,292,0,60,432,0,492,140,0,140,632
05/31/2000,CRQ,CA,AWP,WE,Towers with Display (VFR),0,36,138,1,175,0,26,361,25,412,0,62,499,26,587,200,0,200,787
06/01/2000,CRQ,CA,AWP,WE,Towers with Display (VFR),0,38,134,2,174,0,16,367,17,400,0,54,501,19,574,184,0,184,758
06/02/2000,CRQ,CA,AWP,WE,Towers with Display (VFR),0,38,135,2,175,0,7,387,37,431,0,45,522,39,606,314,0,314,920
06/03/2000,CRQ,CA,AWP,WE,Towers with Display (VFR),0,21,74,1,96,0,7,308,10,325,0,28,382,11,421,259,0,259,680
06/04/2000,CRQ,CA,AWP,WE,Towers with Display (VFR),0,32,124,2,158,0,0,414,0,414,0,32,538,2,572,188,0,188,760
06/05/2000,CRQ,CA,AWP,WE,Towers with Display (VFR),0,32,112,2,146,0,16,314,26,356,0,48,426,28,502,308,0,308,810
06/06/2000,CRQ,CA,AWP,WE,Towers with Display (VFR),0,36,125,2,163,0,7,356,56,419,0,43,481,58,582,210,0,210,792
06/07/2000,CRQ,CA,AWP,WE,Towers with Display (VFR),0,41,148,3,192,0,1,325,15,341,0,42,473,18,533,162,0,162,695
06/08/2000,CRQ,CA,AWP,WE,Towers with Display (VFR),0,37,134,3,174,0,21,404,45,470,0,58,538,48,644,236,0,236,880
06/09/2000,CRQ,CA,AWP,WE,Towers with Display (VFR),0,31,114,3,148,0,24,333,40,397,0,55,447,43,545,272,0,272,817
06/10/2000,CRQ,CA,AWP,WE,Towers with Display (VFR),0,28,105,3,136,0,13,429,19,461,0,41,534,22,597,278,0,278,875
06/11/2000,CRQ,CA,AWP,WE,Towers with Display (VFR),0,33,121,2,156,0,14,416,0,430,0,47,537,2,586,102,0,102,688
06/12/2000,CRQ,CA,AWP,WE,Towers with Display (VFR),0,31,115,3,149,0,25,324,14,363,0,56,439,17,512,238,0,238,750
06/13/2000,CRQ,CA,AWP,WE,Towers with Display (VFR),0,30,110,3,143,0,19,291,36,346,0,49,401,39,489,298,0,298,787
06/14/2000,CRQ,CA,AWP,WE,Towers with Display (VFR),0,45,193,4,242,0,0,185,38,223,0,45,378,42,465,226,0,226,691
06/15/2000,CRQ,CA,AWP,WE,Towers with Display (VFR),0,40,144,3,187,0,26,351,43,420,0,66,495,46,607,326,0,326,933
06/16/2000,CRQ,CA,AWP,WE,Towers with Display (VFR),0,41,163,4,208,0,0,196,32,228,0,41,359,36,436,202,0,202,638
06/17/2000,CRQ,CA,AWP,WE,Towers with Display (VFR),0,32,117,1,150,0,5,244,0,249,0,37,361,1,399,190,0,190,589
06/18/2000,CRQ,CA,AWP,WE,Towers with Display (VFR),0,39,140,0,179,0,3,346,0,349,0,42,486,0,528,196,0,196,724
06/19/2000,CRQ,CA,AWP,WE,Towers with Display (VFR),0,30,111,3,144,0,10,295,20,325,0,40,406,23,469,160,0,160,629
06/20/2000,CRQ,CA,AWP,WE,Towers with Display (VFR),0,28,105,3,136,0,15,317,7,339,0,43,422,10,475,202,0,202,677
06/21/2000,CRQ,CA,AWP,WE,Towers with Display (VFR),0,31,126,0,157,0,0,216,0,216,0,31,342,0,373,187,0,187,560
06/22/2000,CRQ,CA,AWP,WE,Towers with Display (VFR),0,40,145,2,187,0,10,208,9,227,0,50,353,11,414,178,0,178,592
06/23/2000,CRQ,CA,AWP,WE,Towers with Display (VFR),0,38,153,2,193,0,0,178,20,198,0,38,331,22,391,212,0,212,603
06/24/2000,CRQ,CA,AWP,WE,Towers with Display (VFR),0,32,119,2,153,0,9,339,6,354,0,41,458,8,507,274,0,274,781
06/25/2000,CRQ,CA,AWP,WE,Towers with Display (VFR),0,27,99,0,126,0,19,322,0,341,0,46,421,0,467,190,0,190,657
06/26/2000,CRQ,CA,AWP,WE,Towers with Display (VFR),0,31,115,2,148,0,26,340,16,382,0,57,455,18,530,329,0,329,859
06/27/2000,CRQ,CA,AWP,WE,Towers with Display (VFR),0,28,105,2,135,0,18,332,22,372,0,46,437,24,507,190,0,190,697
06/28/2000,CRQ,CA,AWP,WE,Towers with Display (VFR),0,39,176,3,218,0,0,197,33,230,0,39,373,36,448,234,0,234,682
06/29/2000,CRQ,CA,AWP,WE,Towers with Display (VFR),0,40,146,2,188,0,19,249,39,307,0,59,395,41,495,270,0,270,765
06/30/2000,CRQ,CA,AWP,WE,Towers with Display (VFR),0,45,166,3,214,0,6,228,1,235,0,51,394,4,449,232,0,232,681
07/01/2000,CRQ,CA,AWP,WE,Towers with Display (VFR),0,37,130,1,168,0,9,399,15,423,0,46,529,16,591,261,0,261,852
07/02/2000,CRQ,CA,AWP,WE,Towers with Display (VFR),0,34,118,1,153,0,1,336,9,346,0,35,454,10,499,182,0,182,681
07/03/2000,CRQ,CA,AWP,WE,Towers with Display (VFR),0,43,150,0,193,0,3,327,0,330,0,46,477,0,523,292,0,292,815
07/04/2000,CRQ,CA,AWP,WE,Towers with Display (VFR),0,24,83,0,107,0,9,218,0,227,0,33,301,0,334,194,0,194,528
07/05/2000,CRQ,CA,AWP,WE,Towers with Display (VFR),0,33,120,2,155,0,5,254,41,300,0,38,374,43,455,214,0,214,669
07/06/2000,CRQ,CA,AWP,WE,Towers with Display (VFR),0,35,125,2,162,0,9,281,9,299,0,44,406,11,461,218,0,218,679
07/07/2000,CRQ,CA,AWP,WE,Towers with Display (VFR),0,41,147,2,190,0,1,272,15,288,0,42,419,17,478,250,0,250,728
07/08/2000,CRQ,CA,AWP,WE,Towers with Display (VFR),0,38,139,2,179,0,0,357,2,359,0,38,496,4,538,232,0,232,770
07/09/2000,CRQ,CA,AWP,WE,Towers with Display (VFR),0,39,156,0,195,0,0,352,0,352,0,39,508,0,547,304,0,304,851
07/10/2000,CRQ,CA,AWP,WE,Towers with Display (VFR),0,38,139,2,179,0,11,273,63,347,0,49,412,65,526,228,0,228,754
07/11/2000,CRQ,CA,AWP,WE,Towers with Display (VFR),0,45,161,2,208,0,4,223,27,254,0,49,384,29,462,260,0,260,722
07/12/2000,CRQ,CA,AWP,WE,Towers with Display (VFR),0,39,140,2,181,0,8,355,16,379,0,47,495,18,560,258,0,258,818
07/13/2000,CRQ,CA,AWP,WE,Towers with Display (VFR),0,46,166,2,214,0,4,388,35,427,0,50,554,37,641,248,26,274,915
07/14/2000,CRQ,CA,AWP,WE,Towers with Display (VFR),0,41,148,2,191,0,1,326,22,349,0,42,474,24,540,249,0,249,789
07/15/2000,CRQ,CA,AWP,WE,Towers with Display (VFR),0,24,87,1,112,0,17,461,7,485,0,41,548,8,597,124,0,124,721
07/16/2000,CRQ,CA,AWP,WE,Towers with Display (VFR),0,29,108,2,139,0,24,418,0,442,0,53,526,2,581,202,0,202,783
07/17/2000,CRQ,CA,AWP,WE,Towers with Display (VFR),0,38,138,2,178,0,7,348,10,365,0,45,486,12,543,272,0,272,815
07/18/2000,CRQ,CA,AWP,WE,Towers with Display (VFR),0,33,121,1,155,0,10,395,27,432,0,43,516,28,587,282,0,282,869
07/19/2000,CRQ,CA,AWP,WE,Towers with Display (VFR),0,40,145,1,186,0,2,256,17,275,0,42,401,18,461,238,0,238,699
07/20/2000,CRQ,CA,AWP,WE,Towers with Display (VFR),0,24,88,0,112,0,33,346,22,401,0,57,434,22,513,286,0,286,799
07/21/2000,CRQ,CA,AWP,WE,Towers with Display (VFR),0,29,105,1,135,0,29,290,18,337,0,58,395,19,472,288,0,288,760
07/22/2000,CRQ,CA,AWP,WE,Towers with Display (VFR),0,37,144,0,181,0,0,303,0,303,0,37,447,0,484,284,0,284,768
07/23/2000,CRQ,CA,AWP,WE,Towers with Display (VFR),0,32,118,1,151,0,17,343,7,367,0,49,461,8,518,130,0,130,648
07/24/2000,CRQ,CA,AWP,WE,Towers with Display (VFR),0,38,138,1,177,0,4,324,16,344,0,42,462,17,521,340,0,340,861
07/25/2000,CRQ,CA,AWP,WE,Towers with Display (VFR),0,38,138,1,177,0,15,335,31,381,0,53,473,32,558,174,0,174,732
07/26/2000,CRQ,CA,AWP,WE,Towers with Display (VFR),0,41,148,1,190,0,21,224,34,279,0,62,372,35,469,141,0,141,610
07/27/2000,CRQ,CA,AWP,WE,Towers with Display (VFR),0,45,163,1,209,0,7,329,42,378,0,52,492,43,587,214,0,214,801
07/28/2000,CRQ,CA,AWP,WE,Towers with Display (VFR),0,48,172,0,220,0,6,183,0,189,0,54,355,0,409,184,0,184,593
07/29/2000,CRQ,CA,AWP,WE,Towers with Display (VFR),0,35,154,1,190,0,0,163,3,166,0,35,317,4,356,120,0,120,476
07/30/2000,CRQ,CA,AWP,WE,Towers with Display (VFR),0,41,177,1,219,0,0,189,5,194,0,41,366,6,413,102,0,102,515
07/31/2000,CRQ,CA,AWP,WE,Towers with Display (VFR),0,38,140,1,179,0,15,248,33,296,0,53,388,34,475,218,0,218,693
08/01/2000,CRQ,CA,AWP,WE,Towers with Display (VFR),0,31,108,1,140,0,11,319,37,367,0,42,427,38,507,342,0,342,849
08/02/2000,CRQ,CA,AWP,WE,Towers with Display (VFR),0,40,182,1,223,0,0,225,30,255,0,40,407,31,478,320,0,320,798
08/03/2000,CRQ,CA,AWP,WE,Towers with Display (VFR),0,36,124,1,161,0,11,248,36,295,0,47,372,37,456,364,0,364,820
08/04/2000,CRQ,CA,AWP,WE,Towers with Display (VFR),0,41,139,1,181,0,2,275,37,314,0,43,414,38,495,332,0,332,827
08/05/2000,CRQ,CA,AWP,WE,Towers with Display (VFR),0,32,105,0,137,0,9,285,10,304,0,41,390,10,441,192,0,192,633
08/06/2000,CRQ,CA,AWP,WE,Towers with Display (VFR),0,10,31,0,41,0,18,322,4,344,0,28,353,4,385,60,0,60,445
08/07/2000,CRQ,CA,AWP,WE,Towers with Display (VFR),0,43,150,2,195,0,2,271,18,291,0,45,421,20,486,293,0,293,779
08/08/2000,CRQ,CA,AWP,WE,Towers with Display (VFR),0,40,139,2,181,0,23,287,52,362,0,63,426,54,543,360,2,362,905
08/09/2000,CRQ,CA,AWP,WE,Towers with Display (VFR),0,36,126,2,164,0,42,348,42,432,0,78,474,44,596,338,0,338,934
08/10/2000,CRQ,CA,AWP,WE,Towers with Display (VFR),0,39,138,2,179,0,11,408,44,463,0,50,546,46,642,366,0,366,1008
08/11/2000,CRQ,CA,AWP,WE,Towers with Display (VFR),0,37,129,2,168,0,19,487,60,566,0,56,616,62,734,354,0,354,1088
08/12/2000,CRQ,CA,AWP,WE,Towers with Display (VFR),0,37,128,2,167,0,5,336,0,341,0,42,464,2,508,214,0,214,722
08/13/2000,CRQ,CA,AWP,WE,Towers with Display (VFR),0,43,149,0,192,0,15,427,0,442,0,58,576,0,634,168,0,168,802
08/14/2000,CRQ,CA,AWP,WE,Towers with Display (VFR),0,31,108,2,141,0,44,402,53,499,0,75,510,55,640,306,0,306,946
08/15/2000,CRQ,CA,AWP,WE,Towers with Display (VFR),0,33,117,2,152,0,25,338,46,409,0,58,455,48,561,220,0,220,781
08/16/2000,CRQ,CA,AWP,WE,Towers with Display (VFR),0,39,137,2,178,0,25,413,36,474,0,64,550,38,652,315,0,315,967
08/17/2000,CRQ,CA,AWP,WE,Towers with Display (VFR),0,36,125,1,162,0,18,399,43,460,0,54,524,44,622,277,0,277,899
08/18/2000,CRQ,CA,AWP,WE,Towers with Display (VFR),0,32,113,1,146,0,28,503,39,570,0,60,616,40,716,338,0,338,1054
08/19/2000,CRQ,CA,AWP,WE,Towers with Display (VFR),0,29,98,0,127,0,23,344,14,381,0,52,442,14,508,168,0,168,676
08/20/2000,CRQ,CA,AWP,WE,Towers with Display (VFR),0,45,159,1,205,0,6,323,82,411,0,51,482,83,616,168,0,168,784
08/21/2000,CRQ,CA,AWP,WE,Towers with Display (VFR),0,38,132,1,171,0,12,277,17,306,0,50,409,18,477,280,0,280,757
08/22/2000,CRQ,CA,AWP,WE,Towers with Display (VFR),0,38,133,1,172,0,11,342,13,366,0,49,475,14,538,166,0,166,704
08/23/2000,CRQ,CA,AWP,WE,Towers with Display (VFR),0,32,115,1,148,0,11,358,21,390,0,43,473,22,538,184,0,184,722
08/24/2000,CRQ,CA,AWP,WE,Towers with Display (VFR),0,39,139,1,179,0,9,362,39,410,0,48,501,40,589,318,0,318,907
08/25/2000,CRQ,CA,AWP,WE,Towers with Display (VFR),0,35,123,1,159,0,18,274,65,357,0,53,397,66,516,225,0,225,741
08/26/2000,CRQ,CA,AWP,WE,Towers with Display (VFR),0,33,118,1,152,0,13,258,2,273,0,46,376,3,425,204,0,204,629
08/27/2000,CRQ,CA,AWP,WE,Towers with Display (VFR),0,43,151,1,195,0,4,185,2,191,0,47,336,3,386,142,0,142,528
08/28/2000,CRQ,CA,AWP,WE,Towers with Display (VFR),0,50,176,1,227,0,10,142,11,163,0,60,318,12,390,308,0,308,698
08/29/2000,CRQ,CA,AWP,WE,Towers with Display (VFR),0,43,153,1,197,0,0,12,21,33,0,43,165,22,230,8,0,8,238
08/30/2000,CRQ,CA,AWP,WE,Towers with Display (VFR),0,40,291,2,333,0,0,50,18,68,0,40,341,20,401,157,0,157,558
08/31/2000,CRQ,CA,AWP,WE,Towers with Display (VFR),0,41,142,1,184,0,16,324,41,381,0,57,466,42,565,300,0,300,865
09/01/2000,CRQ,CA,AWP,WE,Towers with Display (VFR),0,37,132,1,170,0,25,325,33,383,0,62,457,34,553,274,0,274,827
09/02/2000,CRQ,CA,AWP,WE,Towers with Display (VFR),0,30,123,1,154,0,0,389,22,411,0,30,512,23,565,252,0,252,817
09/03/2000,CRQ,CA,AWP,WE,Towers with Display (VFR),0,25,85,0,110,0,11,410,34,455,0,36,495,34,565,246,0,246,811
09/04/2000,CRQ,CA,AWP,WE,Towers with Display (VFR),0,38,134,0,172,0,21,501,0,522,0,59,635,0,694,262,0,262,956
09/05/2000,CRQ,CA,AWP,WE,Towers with Display (VFR),0,37,133,1,171,0,8,306,8,322,0,45,439,9,493,206,0,206,699
09/06/2000,CRQ,CA,AWP,WE,Towers with Display (VFR),0,50,191,3,244,0,0,299,23,322,0,50,490,26,566,228,0,228,794
09/07/2000,CRQ,CA,AWP,WE,Towers with Display (VFR),0,37,134,2,173,0,19,284,37,340,0,56,418,39,513,350,0,350,863
09/08/2000,CRQ,CA,AWP,WE,Towers with Display (VFR),0,36,131,2,169,0,21,384,47,452,0,57,515,49,621,392,0,392,1013
09/09/2000,CRQ,CA,AWP,WE,Towers with Display (VFR),0,26,98,2,126,0,24,349,6,379,0,50,447,8,505,222,0,222,727
09/10/2000,CRQ,CA,AWP,WE,Towers with Display (VFR),0,31,112,2,145,0,11,411,0,422,0,42,523,2,567,270,0,270,837
09/11/2000,CRQ,CA,AWP,WE,Towers with Display (VFR),0,23,81,1,105,0,23,415,27,465,0,46,496,28,570,364,0,364,934
09/12/2000,CRQ,CA,AWP,WE,Towers with Display (VFR),0,31,116,2,149,0,37,432,45,514,0,68,548,47,663,240,0,240,903
09/13/2000,CRQ,CA,AWP,WE,Towers with Display (VFR),0,26,98,2,126,0,30,367,49,446,0,56,465,51,572,268,0,268,840
09/14/2000,CRQ,CA,AWP,WE,Towers with Display (VFR),0,33,122,2,157,0,28,273,22,323,0,61,395,24,480,163,0,163,643
09/15/2000,CRQ,CA,AWP,WE,Towers with Display (VFR),0,41,150,2,193,0,3,201,22,226,0,44,351,24,419,68,0,68,487
09/16/2000,CRQ,CA,AWP,WE,Towers with Display (VFR),0,25,95,2,122,0,15,342,25,382,0,40,437,27,504,244,0,244,748
09/17/2000,CRQ,CA,AWP,WE,Towers with Display (VFR),0,26,95,0,121,0,16,385,0,401,0,42,480,0,522,128,0,128,650
09/18/2000,CRQ,CA,AWP,WE,Towers with Display (VFR),0,24,87,0,111,0,4,172,6,182,0,28,259,6,293,126,0,126,419
09/19/2000,CRQ,CA,AWP,WE,Towers with Display (VFR),0,30,111,1,142,0,9,242,7,258,0,39,353,8,400,140,0,140,540
09/20/2000,CRQ,CA,AWP,WE,Towers with Display (VFR),0,35,131,1,167,0,20,228,21,269,0,55,359,22,436,206,0,206,642
09/21/2000,CRQ,CA,AWP,WE,Towers with Display (VFR),0,40,146,1,187,0,7,172,19,198,0,47,318,20,385,242,0,242,627
09/22/2000,CRQ,CA,AWP,WE,Towers with Display (VFR),0,41,167,1,209,0,0,136,29,165,0,41,303,30,374,170,0,170,544
09/23/2000,CRQ,CA,AWP,WE,Towers with Display (VFR),0,20,73,0,93,0,20,335,24,379,0,40,408,24,472,275,0,275,747
09/24/2000,CRQ,CA,AWP,WE,Towers with Display (VFR),0,35,128,1,164,0,5,386,10,401,0,40,514,11,565,188,0,188,753
09/25/2000,CRQ,CA,AWP,WE,Towers with Display (VFR),0,28,106,1,135,0,8,248,7,263,0,36,354,8,398,222,0,222,620
09/26/2000,CRQ,CA,AWP,WE,Towers with Display (VFR),0,37,136,1,174,0,11,224,15,250,0,48,360,16,424,174,0,174,598
09/27/2000,CRQ,CA,AWP,WE,Towers with Display (VFR),0,42,295,3,340,0,0,0,21,21,0,42,295,24,361,115,0,115,476
09/28/2000,CRQ,CA,AWP,WE,Towers with Display (VFR),0,47,173,1,221,0,8,244,39,291,0,55,417,40,512,228,0,228,740
09/29/2000,CRQ,CA,AWP,WE,Towers with Display (VFR),0,43,158,1,202,0,7,256,23,286,0,50,414,24,488,224,0,224,712
09/30/2000,CRQ,CA,AWP,WE,Towers with Display (VFR),0,31,116,1,148,0,1,186,23,210,0,32,302,24,358,186,0,186,544
10/01/2000,CRQ,CA,AWP,WE,Towers with Display (VFR),0,32,149,2,183,0,0,93,2,95,0,32,242,4,278,54,0,54,332
10/02/2000,CRQ,CA,AWP,WE,Towers with Display (VFR),0,30,109,1,140,0,16,156,17,189,0,46,265,18,329,226,0,226,555
10/03/2000,CRQ,CA,AWP,WE,Towers with Display (VFR),0,44,159,2,205,0,11,208,39,258,0,55,367,41,463,238,0,238,701
10/04/2000,CRQ,CA,AWP,WE,Towers with Display (VFR),0,41,175,2,218,0,0,116,34,150,0,41,291,36,368,162,0,162,530
10/05/2000,CRQ,CA,AWP,WE,Towers with Display (VFR),0,47,170,2,219,0,3,188,34,225,0,50,358,36,444,273,0,273,717
10/06/2000,CRQ,CA,AWP,WE,Towers with Display (VFR),0,42,162,2,206,0,0,106,8,114,0,42,268,10,320,78,0,78,398
10/07/2000,CRQ,CA,AWP,WE,Towers with Display (VFR),0,33,126,2,161,0,0,258,11,269,0,33,384,13,430,292,0,292,722
10/08/2000,CRQ,CA,AWP,WE,Towers with Display (VFR),0,36,132,2,170,0,1,283,11,295,0,37,415,13,465,198,0,198,663
10/09/2000,CRQ,CA,AWP,WE,Towers with Display (VFR),0,38,141,2,181,0,8,251,17,276,0,46,392,19,457,246,0,246,703
10/10/2000,CRQ,CA,AWP,WE,Towers with Display (VFR),0,23,82,1,106,0,30,244,41,315,0,53,326,42,421,194,0,194,615
10/11/2000,CRQ,CA,AWP,WE,Towers with Display (VFR),0,30,113,2,145,0,17,186,33,236,0,47,299,35,381,231,0,231,612
10/12/2000,CRQ,CA,AWP,WE,Towers with Display (VFR),0,59,214,2,275,0,5,152,50,207,0,64,366,52,482,314,0,314,796
10/13/2000,CRQ,CA,AWP,WE,Towers with Display (VFR),0,31,111,1,143,0,10,350,45,405,0,41,461,46,548,302,0,302,850
10/14/2000,CRQ,CA,AWP,WE,Towers with Display (VFR),0,24,86,1,111,0,14,313,7,334,0,38,399,8,445,350,0,350,795
10/15/2000,CRQ,CA,AWP,WE,Towers with Display (VFR),0,35,129,2,166,0,18,414,24,456,0,53,543,26,622,292,0,292,914
10/16/2000,CRQ,CA,AWP,WE,Towers with Display (VFR),0,31,109,1,141,0,25,244,11,280,0,56,353,12,421,110,0,110,531
10/17/2000,CRQ,CA,AWP,WE,Towers with Display (VFR),0,43,162,2,207,0,0,231,42,273,0,43,393,44,480,216,0,216,696
10/18/2000,CRQ,CA,AWP,WE,Towers with Display (VFR),0,45,163,1,209,0,20,265,49,334,0,65,428,50,543,174,0,174,717
10/19/2000,CRQ,CA,AWP,WE,Towers with Display (VFR),0,45,181,1,227,0,0,207,29,236,0,45,388,30,463,212,0,212,675
10/20/2000,CRQ,CA,AWP,WE,Towers with Display (VFR),0,26,96,0,122,0,8,94,22,124,0,34,190,22,246,60,0,60,306
10/21/2000,CRQ,CA,AWP,WE,Towers with Display (VFR),0,17,64,0,81,0,14,173,14,201,0,31,237,14,282,190,0,190,472
10/22/2000,CRQ,CA,AWP,WE,Towers with Display (VFR),0,24,88,0,112,0,16,423,0,439,0,40,511,0,551,214,0,214,765
10/23/2000,CRQ,CA,AWP,WE,Towers with Display (VFR),0,30,109,0,139,0,26,253,34,313,0,56,362,34,452,336,0,336,788
10/24/2000,CRQ,CA,AWP,WE,Towers with Display (VFR),0,42,153,1,196,0,16,471,45,532,0,58,624,46,728,326,0,326,1054
10/25/2000,CRQ,CA,AWP,WE,Towers with Display (VFR),0,37,135,1,173,0,25,371,57,453,0,62,506,58,626,236,0,236,862
10/26/2000,CRQ,CA,AWP,WE,Towers with Display (VFR),0,48,177,1,226,0,6,219,47,272,0,54,396,48,498,232,0,232,730
10/27/2000,CRQ,CA,AWP,WE,Towers with Display (VFR),0,27,98,0,125,0,17,206,92,315,0,44,304,92,440,216,0,216,656
10/28/2000,CRQ,CA,AWP,WE,Towers with Display (VFR),0,34,148,1,183,0,0,297,17,314,0,34,445,18,497,228,0,228,725
10/29/2000,CRQ,CA,AWP,WE,Towers with Display (VFR),0,30,110,0,140,0,11,310,16,337,0,41,420,16,477,228,0,228,705
10/30/2000,CRQ,CA,AWP,WE,Towers with Display (VFR),0,31,117,1,149,0,9,206,13,228,0,40,323,14,377,200,0,200,577
10/31/2000,CRQ,CA,AWP,WE,Towers with Display (VFR),0,25,92,0,117,0,37,276,48,361,0,62,368,48,478,226,0,226,704
11/01/2000,CRQ,CA,AWP,WE,Towers with Display (VFR),0,41,121,1,163,0,12,455,37,504,0,53,576,38,667,232,0,232,899
11/02/2000,CRQ,CA,AWP,WE,Towers with Display (VFR),0,49,147,2,198,0,6,367,40,413,0,55,514,42,611,304,0,304,915
11/03/2000,CRQ,CA,AWP,WE,Towers with Display (VFR),0,42,126,2,170,0,11,306,10,327,0,53,432,12,497,276,0,276,773
11/04/2000,CRQ,CA,AWP,WE,Towers with Display (VFR),0,33,98,2,133,0,5,364,12,381,0,38,462,14,514,294,0,294,808
11/05/2000,CRQ,CA,AWP,WE,Towers with Display (VFR),0,43,128,2,173,0,3,234,11,248,0,46,362,13,421,192,0,192,613
11/06/2000,CRQ,CA,AWP,WE,Towers with Display (VFR),0,41,123,2,166,0,3,184,22,209,0,44,307,24,375,228,0,228,603
11/07/2000,CRQ,CA,AWP,WE,Towers with Display (VFR),0,33,98,2,133,0,13,246,30,289,0,46,344,32,422,224,0,224,646
11/08/2000,CRQ,CA,AWP,WE,Towers with Display (VFR),0,48,222,3,273,0,0,240,41,281,0,48,462,44,554,206,0,206,760
11/09/2000,CRQ,CA,AWP,WE,Towers with Display (VFR),0,51,286,4,341,0,0,55,44,99,0,51,341,48,440,236,0,236,676
11/10/2000,CRQ,CA,AWP,WE,Towers with Display (VFR),0,39,118,2,159,0,16,253,24,293,0,55,371,26,452,355,0,355,807
11/11/2000,CRQ,CA,AWP,WE,Towers with Display (VFR),0,28,84,2,114,0,25,301,20,346,0,53,385,22,460,206,0,206,666
11/12/2000,CRQ,CA,AWP,WE,Towers with Display (VFR),0,42,125,2,169,0,5,516,22,543,0,47,641,24,712,226,0,226,938
11/13/2000,CRQ,CA,AWP,WE,Towers with Display (VFR),0,44,133,2,179,0,17,301,21,339,0,61,434,23,518,190,0,190,708
11/14/2000,CRQ,CA,AWP,WE,Towers with Display (VFR),0,41,121,2,164,0,17,283,28,328,0,58,404,30,492,168,0,168,660
11/15/2000,CRQ,CA,AWP,WE,Towers with Display (VFR),0,44,132,1,177,0,22,357,51,430,0,66,489,52,607,262,0,262,869
11/16/2000,CRQ,CA,AWP,WE,Towers with Display (VFR),0,41,124,1,166,0,1,335,49,385,0,42,459,50,551,312,0,312,863
11/17/2000,CRQ,CA,AWP,WE,Towers with Display (VFR),0,38,115,1,154,0,26,405,37,468,0,64,520,38,622,272,0,272,894
11/18/2000,CRQ,CA,AWP,WE,Towers with Display (VFR),0,33,102,1,136,0,11,498,36,545,0,44,600,37,681,228,0,228,909
11/19/2000,CRQ,CA,AWP,WE,Towers with Display (VFR),0,40,120,1,161,0,9,380,23,412,0,49,500,24,573,138,0,138,711
11/20/2000,CRQ,CA,AWP,WE,Towers with Display (VFR),0,0,0,0,0,0,45,387,21,453,0,45,387,21,453,324,6,330,783
11/21/2000,CRQ,CA,AWP,WE,Towers with Display (VFR),0,44,132,1,177,0,32,347,52,431,0,76,479,53,608,198,0,198,806
11/22/2000,CRQ,CA,AWP,WE,Towers with Display (VFR),0,60,275,3,338,0,0,181,61,242,0,60,456,64,580,254,0,254,834
11/23/2000,CRQ,CA,AWP,WE,Towers with Display (VFR),0,6,21,0,27,0,29,281,6,316,0,35,302,6,343,142,0,142,485
11/24/2000,CRQ,CA,AWP,WE,Towers with Display (VFR),0,6,19,0,25,0,55,434,10,499,0,61,453,10,524,209,0,209,733
11/25/2000,CRQ,CA,AWP,WE,Towers with Display (VFR),0,36,115,0,151,0,0,331,0,331,0,36,446,0,482,212,0,212,694
11/26/2000,CRQ,CA,AWP,WE,Towers with Display (VFR),0,51,151,0,202,0,1,310,0,311,0,52,461,0,513,170,0,170,683
11/27/2000,CRQ,CA,AWP,WE,Towers with Display (VFR),0,8,24,0,32,0,28,374,16,418,0,36,398,16,450,316,0,316,766
11/28/2000,CRQ,CA,AWP,WE,Towers with Display (VFR),0,28,82,0,110,0,21,201,39,261,0,49,283,39,371,206,2,208,579
11/29/2000,CRQ,CA,AWP,WE,Towers with Display (VFR),0,37,121,1,159,0,0,166,27,193,0,37,287,28,352,184,0,184,536
11/30/2000,CRQ,CA,AWP,WE,Towers with Display (VFR),0,39,116,1,156,0,7,141,33,181,0,46,257,34,337,174,0,174,511
12/01/2000,CRQ,CA,AWP,WE,Towers with Display (VFR),0,44,144,1,189,0,0,104,32,136,0,44,248,33,325,246,0,246,571
12/02/2000,CRQ,CA,AWP,WE,Towers with Display (VFR),0,23,67,0,90,0,9,159,2,170,0,32,226,2,260,148,0,148,408
12/03/2000,CRQ,CA,AWP,WE,Towers with Display (VFR),0,26,114,0,140,0,0,142,0,142,0,26,256,0,282,69,0,69,351
12/04/2000,CRQ,CA,AWP,WE,Towers with Display (VFR),0,38,112,1,151,0,9,226,17,252,0,47,338,18,403,172,0,172,575
12/05/2000,CRQ,CA,AWP,WE,Towers with Display (VFR),0,35,103,1,139,0,15,285,21,321,0,50,388,22,460,232,0,232,692
12/06/2000,CRQ,CA,AWP,WE,Towers with Display (VFR),0,33,99,1,133,0,5,209,41,255,0,38,308,42,388,308,0,308,696
12/07/2000,CRQ,CA,AWP,WE,Towers with Display (VFR),0,33,98,1,132,0,14,266,43,323,0,47,364,44,455,168,0,168,623
12/08/2000,CRQ,CA,AWP,WE,Towers with Display (VFR),0,46,144,1,191,0,0,56,1,57,0,46,200,2,248,116,0,116,364
12/09/2000,CRQ,CA,AWP,WE,Towers with Display (VFR),0,33,102,2,137,0,12,245,6,263,0,45,347,8,400,330,0,330,730
12/10/2000,CRQ,CA,AWP,WE,Towers with Display (VFR),0,37,113,0,150,0,3,192,0,195,0,40,305,0,345,298,0,298,643
12/11/2000,CRQ,CA,AWP,WE,Towers with Display (VFR),0,32,96,2,130,0,7,202,8,217,0,39,298,10,347,152,0,152,499
12/12/2000,CRQ,CA,AWP,WE,Towers with Display (VFR),0,32,99,2,133,0,19,113,26,158,0,51,212,28,291,100,0,100,391
12/13/2000,CRQ,CA,AWP,WE,Towers with Display (VFR),0,36,111,2,149,0,3,311,42,356,0,39,422,44,505,192,0,192,697
12/14/2000,CRQ,CA,AWP,WE,Towers with Display (VFR),0,34,105,2,141,0,7,249,33,289,0,41,354,35,430,176,0,176,606
12/15/2000,CRQ,CA,AWP,WE,Towers with Display (VFR),0,36,110,2,148,0,8,243,27,278,0,44,353,29,426,170,0,170,596
12/16/2000,CRQ,CA,AWP,WE,Towers with Display (VFR),0,35,105,2,142,0,10,348,34,392,0,45,453,36,534,290,0,290,824
12/17/2000,CRQ,CA,AWP,WE,Towers with Display (VFR),0,39,118,2,159,0,1,485,0,486,0,40,603,2,645,162,0,162,807
12/18/2000,CRQ,CA,AWP,WE,Towers with Display (VFR),0,28,84,1,113,0,10,236,12,258,0,38,320,13,371,178,0,178,549
12/19/2000,CRQ,CA,AWP,WE,Towers with Display (VFR),0,34,105,2,141,0,21,346,14,381,0,55,451,16,522,174,0,174,696
12/20/2000,CRQ,CA,AWP,WE,Towers with Display (VFR),0,33,102,1,136,0,10,417,17,444,0,43,519,18,580,208,0,208,788
12/21/2000,CRQ,CA,AWP,WE,Towers with Display (VFR),0,35,109,1,145,0,3,237,1,241,0,38,346,2,386,152,0,152,538
12/22/2000,CRQ,CA,AWP,WE,Towers with Display (VFR),0,39,119,1,159,0,0,206,21,227,0,39,325,22,386,224,0,224,610
12/23/2000,CRQ,CA,AWP,WE,Towers with Display (VFR),0,29,89,0,118,0,7,212,0,219,0,36,301,0,337,158,0,158,495
12/24/2000,CRQ,CA,AWP,WE,Towers with Display (VFR),0,22,67,0,89,0,7,113,0,120,0,29,180,0,209,48,0,48,257
12/25/2000,CRQ,CA,AWP,WE,Towers with Display (VFR),0,10,30,0,40,0,17,52,0,69,0,27,82,0,109,18,0,18,127
12/26/2000,CRQ,CA,AWP,WE,Towers with Display (VFR),0,34,104,1,139,0,12,406,11,429,0,46,510,12,568,146,0,146,714
12/27/2000,CRQ,CA,AWP,WE,Towers with Display (VFR),0,29,91,1,121,0,7,367,12,386,0,36,458,13,507,230,0,230,737
12/28/2000,CRQ,CA,AWP,WE,Towers with Display (VFR),0,30,119,1,150,0,0,437,88,525,0,30,556,89,675,275,0,275,950
12/29/2000,CRQ,CA,AWP,WE,Towers with Display (VFR),0,28,87,1,116,0,14,316,19,349,0,42,403,20,465,241,0,241,706
12/30/2000,CRQ,CA,AWP,WE,Towers with Display (VFR),0,29,90,0,119,0,13,411,0,424,0,42,501,0,543,109,0,109,652
12/31/2000,CRQ,CA,AWP,WE,Towers with Display (VFR),0,27,79,0,106,0,7,309,0,316,0,34,388,0,422,174,0,174,596
01/01/2001,CRQ,CA,AWP,WE,Towers with Display (VFR),0,34,97,0,131,0,1,206,0,207,0,35,303,0,338,194,0,194,532
01/02/2001,CRQ,CA,AWP,WE,Towers with Display (VFR),0,37,108,1,146,0,16,337,13,366,0,53,445,14,512,272,0,272,784
01/03/2001,CRQ,CA,AWP,WE,Towers with Display (VFR),0,26,78,1,105,0,35,336,25,396,0,61,414,26,501,329,0,329,830
01/04/2001,CRQ,CA,AWP,WE,Towers with Display (VFR),0,39,116,2,157,0,0,318,21,339,0,39,434,23,496,292,0,292,788
01/05/2001,CRQ,CA,AWP,WE,Towers with Display (VFR),0,40,115,2,157,0,29,273,27,329,0,69,388,29,486,294,0,294,780
01/06/2001,CRQ,CA,AWP,WE,Towers with Display (VFR),0,30,97,1,128,0,0,290,13,303,0,30,387,14,431,260,2,262,693
01/07/2001,CRQ,CA,AWP,WE,Towers with Display (VFR),0,26,80,1,107,0,0,215,12,227,0,26,295,13,334,145,0,145,479
01/08/2001,CRQ,CA,AWP,WE,Towers with Display (VFR),0,30,85,0,115,0,6,60,0,66,0,36,145,0,181,92,0,92,273
01/09/2001,CRQ,CA,AWP,WE,Towers with Display (VFR),0,38,108,1,147,0,6,232,13,251,0,44,340,14,398,214,0,214,612
01/10/2001,CRQ,CA,AWP,WE,Towers with Display (VFR),0,41,116,2,159,0,19,212,30,261,0,60,328,32,420,232,0,232,652
01/11/2001,CRQ,CA,AWP,WE,Towers with Display (VFR),0,27,75,1,103,0,29,89,27,145,0,56,164,28,248,77,0,77,325
01/12/2001,CRQ,CA,AWP,WE,Towers with Display (VFR),0,27,77,1,105,0,17,126,27,170,0,44,203,28,275,128,0,128,403
01/13/2001,CRQ,CA,AWP,WE,Towers with Display (VFR),0,34,105,1,140,0,0,379,15,394,0,34,484,16,534,232,0,232,766
01/14/2001,CRQ,CA,AWP,WE,Towers with Display (VFR),0,41,116,2,159,0,15,395,2,412,0,56,511,4,571,312,0,312,883
01/15/2001,CRQ,CA,AWP,WE,Towers with Display (VFR),0,28,77,0,105,0,12,242,0,254,0,40,319,0,359,428,0,428,787
01/16/2001,CRQ,CA,AWP,WE,Towers with Display (VFR),0,35,96,1,132,0,5,237,26,268,0,40,333,27,400,162,2,164,564
01/17/2001,CRQ,CA,AWP,WE,Towers with Display (VFR),0,38,105,1,144,0,20,288,35,343,0,58,393,36,487,234,0,234,721
01/18/2001,CRQ,CA,AWP,WE,Towers with Display (VFR),0,39,112,1,152,0,27,373,53,453,0,66,485,54,605,248,0,248,853
01/19/2001,CRQ,CA,AWP,WE,Towers with Display (VFR),0,40,115,1,156,0,15,377,55,447,0,55,492,56,603,290,10,300,903
01/20/2001,CRQ,CA,AWP,WE,Towers with Display (VFR),0,0,0,0,0,0,47,377,12,436,0,47,377,12,436,213,0,213,649
01/21/2001,CRQ,CA,AWP,WE,Towers with Display (VFR),0,48,137,1,186,0,9,446,2,457,0,57,583,3,643,348,0,348,991
01/22/2001,CRQ,CA,AWP,WE,Towers with Display (VFR),0,38,109,0,147,0,10,292,8,310,0,48,401,8,457,194,4,198,655
01/23/2001,CRQ,CA,AWP,WE,Towers with Display (VFR),0,37,103,0,140,0,11,267,30,308,0,48,370,30,448,208,0,208,656
01/24/2001,CRQ,CA,AWP,WE,Towers with Display (VFR),0,45,174,1,220,0,0,108,35,143,0,45,282,36,363,176,0,176,539
01/25/2001,CRQ,CA,AWP,WE,Towers with Display (VFR),0,39,113,1,153,0,16,389,54,459,0,55,502,55,612,320,0,320,932
01/26/2001,CRQ,CA,AWP,WE,Towers with Display (VFR),0,33,92,0,125,0,16,105,26,147,0,49,197,26,272,52,0,52,324
01/27/2001,CRQ,CA,AWP,WE,Towers with Display (VFR),0,33,93,0,126,0,11,254,22,287,0,44,347,22,413,348,4,352,765
01/28/2001,CRQ,CA,AWP,WE,Towers with Display (VFR),0,29,82,0,111,0,2,226,0,228,0,31,308,0,339,163,0,163,502
01/29/2001,CRQ,CA,AWP,WE,Towers with Display (VFR),0,40,122,1,163,0,0,195,11,206,0,40,317,12,369,198,0,198,567
01/30/2001,CRQ,CA,AWP,WE,Towers with Display (VFR),0,34,96,0,130,0,20,310,10,340,0,54,406,10,470,219,2,221,691
01/31/2001,CRQ,CA,AWP,WE,Towers with Display (VFR),0,43,122,1,166,0,3,321,49,373,0,46,443,50,539,236,0,236,775
02/01/2001,CRQ,CA,AWP,WE,Towers with Display (VFR),0,33,97,2,132,0,16,272,68,356,0,49,369,70,488,254,0,254,742
02/02/2001,CRQ,CA,AWP,WE,Towers with Display (VFR),0,40,130,3,173,0,0,364,15,379,0,40,494,18,552,288,0,288,840
02/03/2001,CRQ,CA,AWP,WE,Towers with Display (VFR),0,34,96,2,132,0,2,390,8,400,0,36,486,10,532,182,0,182,714
02/04/2001,CRQ,CA,AWP,WE,Towers with Display (VFR),0,43,120,0,163,0,8,455,0,463,0,51,575,0,626,174,0,174,800
02/05/2001,CRQ,CA,AWP,WE,Towers with Display (VFR),0,35,99,2,136,0,2,325,18,345,0,37,424,20,481,172,0,172,653
02/06/2001,CRQ,CA,AWP,WE,Towers with Display (VFR),0,46,157,3,206,0,0,112,13,125,0,46,269,16,331,84,0,84,415
02/07/2001,CRQ,CA,AWP,WE,Towers with Display (VFR),0,43,120,2,165,0,9,252,50,311,0,52,372,52,476,284,0,284,760
02/08/2001,CRQ,CA,AWP,WE,Towers with Display (VFR),0,43,122,2,167,0,5,402,63,470,0,48,524,65,637,293,0,293,930
02/09/2001,CRQ,CA,AWP,WE,Towers with Display (VFR),0,40,113,2,155,0,14,276,54,344,0,54,389,56,499,212,0,212,711
02/10/2001,CRQ,CA,AWP,WE,Towers with Display (VFR),0,36,114,2,152,0,0,274,22,296,0,36,388,24,448,256,4,260,708
02/11/2001,CRQ,CA,AWP,WE,Towers with Display (VFR),0,33,94,2,129,0,10,295,4,309,0,43,389,6,438,192,0,192,630
02/12/2001,CRQ,CA,AWP,WE,Towers with Display (VFR),0,27,79,2,108,0,15,36,6,57,0,42,115,8,165,66,0,66,231
02/13/2001,CRQ,CA,AWP,WE,Towers with Display (VFR),0,21,58,1,80,0,14,54,28,96,0,35,112,29,176,134,0,134,310
02/14/2001,CRQ,CA,AWP,WE,Towers with Display (VFR),0,35,99,2,136,0,11,201,41,253,0,46,300,43,389,236,0,236,625
02/15/2001,CRQ,CA,AWP,WE,Towers with Display (VFR),0,39,111,2,152,0,11,298,51,360,0,50,409,53,512,230,26,256,768
02/16/2001,CRQ,CA,AWP,WE,Towers with Display (VFR),0,38,109,2,149,0,12,345,46,403,0,50,454,48,552,234,0,234,786
02/17/2001,CRQ,CA,AWP,WE,Towers with Display (VFR),0,38,109,1,148,0,5,369,13,387,0,43,478,14,535,382,0,382,917
02/18/2001,CRQ,CA,AWP,WE,Towers with Display (VFR),0,34,99,0,133,0,1,235,0,236,0,35,334,0,369,272,0,272,641
02/19/2001,CRQ,CA,AWP,WE,Towers with Display (VFR),0,38,107,1,146,0,4,274,7,285,0,42,381,8,431,272,0,272,703
02/20/2001,CRQ,CA,AWP,WE,Towers with Display (VFR),0,36,102,1,139,0,12,246,31,289,0,48,348,32,428,260,0,260,688
02/21/2001,CRQ,CA,AWP,WE,Towers with Display (VFR),0,40,114,1,155,0,10,350,25,385,0,50,464,26,540,214,0,214,754
02/22/2001,CRQ,CA,AWP,WE,Towers with Display (VFR),0,39,124,1,164,0,0,128,67,195,0,39,252,68,359,138,6,144,503
02/23/2001,CRQ,CA,AWP,WE,Towers with Display (VFR),0,32,93,1,126,0,13,76,20,109,0,45,169,21,235,168,0,168,403
02/24/2001,CRQ,CA,AWP,WE,Towers with Display (VFR),0,43,122,1,166,0,5,160,3,168,0,48,282,4,334,336,0,336,670
02/25/2001,CRQ,CA,AWP,WE,Towers with Display (VFR),0,20,82,1,103,0,0,27,2,29,0,20,109,3,132,18,0,18,150
02/26/2001,CRQ,CA,AWP,WE,Towers with Display (VFR),0,26,102,1,129,0,0,174,65,239,0,26,276,66,368,250,0,250,618
02/27/2001,CRQ,CA,AWP,WE,Towers with Display (VFR),0,25,71,1,97,0,25,177,37,239,0,50,248,38,336,194,0,194,530
02/28/2001,CRQ,CA,AWP,WE,Towers with Display (VFR),0,33,147,2,182,0,0,63,19,82,0,33,210,21,264,167,0,167,431
03/01/2001,CRQ,CA,AWP,WE,Towers with Display (VFR),0,39,128,1,168,0,6,251,41,298,0,45,379,42,466,236,0,236,702
03/02/2001,CRQ,CA,AWP,WE,Towers with Display (VFR),0,44,151,2,197,0,0,193,101,294,0,44,344,103,491,306,28,334,825
03/03/2001,CRQ,CA,AWP,WE,Towers with Display (VFR),0,35,119,2,156,0,8,335,6,349,0,43,454,8,505,340,0,340,845
03/04/2001,CRQ,CA,AWP,WE,Towers with Display (VFR),0,35,120,2,157,0,1,229,4,234,0,36,349,6,391,260,0,260,651
03/05/2001,CRQ,CA,AWP,WE,Towers with Display (VFR),0,27,91,1,119,0,14,271,29,314,0,41,362,30,433,250,0,250,683
03/06/2001,CRQ,CA,AWP,WE,Towers with Display (VFR),0,27,90,1,118,0,9,149,9,167,0,36,239,10,285,160,0,160,445
03/07/2001,CRQ,CA,AWP,WE,Towers with Display (VFR),0,36,125,2,163,0,9,161,49,219,0,45,286,51,382,304,0,304,686
03/08/2001,CRQ,CA,AWP,WE,Towers with Display (VFR),0,34,129,2,165,0,0,251,80,331,0,34,380,82,496,320,0,320,816
03/09/2001,CRQ,CA,AWP,WE,Towers with Display (VFR),0,41,142,2,185,0,7,117,35,159,0,48,259,37,344,337,0,337,681
03/10/2001,CRQ,CA,AWP,WE,Towers with Display (VFR),0,28,95,1,124,0,10,272,9,291,0,38,367,10,415,326,0,326,741
03/11/2001,CRQ,CA,AWP,WE,Towers with Display (VFR),0,27,95,0,122,0,0,236,0,236,0,27,331,0,358,228,0,228,586
03/12/2001,CRQ,CA,AWP,WE,Towers with Display (VFR),0,29,130,2,161,0,0,269,12,281,0,29,399,14,442,292,0,292,734
03/13/2001,CRQ,CA,AWP,WE,Towers with Display (VFR),0,33,112,2,147,0,13,333,31,377,0,46,445,33,524,222,0,222,746
03/14/2001,CRQ,CA,AWP,WE,Towers with Display (VFR),0,0,0,0,0,0,40,276,30,346,0,40,276,30,346,254,0,254,600
03/15/2001,CRQ,CA,AWP,WE,Towers with Display (VFR),0,53,195,2,250,0,0,84,31,115,0,53,279,33,365,244,0,244,609
03/16/2001,CRQ,CA,AWP,WE,Towers with Display (VFR),0,49,169,1,219,0,0,170,53,223,0,49,339,54,442,298,0,298,740
03/17/2001,CRQ,CA,AWP,WE,Towers with Display (VFR),0,34,116,1,151,0,10,316,34,360,0,44,432,35,511,374,0,374,885
03/18/2001,CRQ,CA,AWP,WE,Towers with Display (VFR),0,35,127,1,163,0,0,408,3,411,0,35,535,4,574,220,0,220,794
03/19/2001,CRQ,CA,AWP,WE,Towers with Display (VFR),0,32,109,0,141,0,1,330,11,342,0,33,439,11,483,226,0,226,709
03/20/2001,CRQ,CA,AWP,WE,Towers with Display (VFR),0,29,98,0,127,0,6,247,27,280,0,35,345,27,407,126,0,126,533
03/21/2001,CRQ,CA,AWP,WE,Towers with Display (VFR),0,40,171,1,212,0,0,0,1,1,0,40,171,2,213,80,0,80,293
03/22/2001,CRQ,CA,AWP,WE,Towers with Display (VFR),0,50,184,1,235,0,0,137,43,180,0,50,321,44,415,236,0,236,651
03/23/2001,CRQ,CA,AWP,WE,Towers with Display (VFR),0,36,169,1,206,0,0,209,42,251,0,36,378,43,457,258,0,258,715
03/24/2001,CRQ,CA,AWP,WE,Towers with Display (VFR),0,43,168,1,212,0,0,72,1,73,0,43,240,2,285,88,0,88,373
03/25/2001,CRQ,CA,AWP,WE,Towers with Display (VFR),0,42,144,1,187,0,9,163,6,178,0,51,307,7,365,193,0,193,558
03/26/2001,CRQ,CA,AWP,WE,Towers with Display (VFR),0,34,118,1,153,0,6,178,14,198,0,40,296,15,351,348,0,348,699
03/27/2001,CRQ,CA,AWP,WE,Towers with Display (VFR),0,40,156,1,197,0,0,202,15,217,0,40,358,16,414,124,0,124,538
03/28/2001,CRQ,CA,AWP,WE,Towers with Display (VFR),0,46,253,2,301,0,0,2,6,8,0,46,255,8,309,62,0,62,371
03/29/2001,CRQ,CA,AWP,WE,Towers with Display (VFR),0,39,136,1,176,0,6,127,3,136,0,45,263,4,312,112,0,112,424
03/30/2001,CRQ,CA,AWP,WE,Towers with Display (VFR),0,48,169,1,218,0,0,185,37,222,0,48,354,38,440,114,0,114,554
03/31/2001,CRQ,CA,AWP,WE,Towers with Display (VFR),0,47,181,1,229,0,0,156,19,175,0,47,337,20,404,154,0,154,558
04/01/2001,CRQ,CA,AWP,WE,Towers with Display (VFR),0,31,144,2,177,0,0,134,0,134,0,31,278,2,311,136,0,136,447
04/02/2001,CRQ,CA,AWP,WE,Towers with Display (VFR),0,40,104,0,144,0,3,170,15,188,0,43,274,15,332,174,0,174,506
04/03/2001,CRQ,CA,AWP,WE,Towers with Display (VFR),0,46,134,4,184,0,0,172,10,182,0,46,306,14,366,298,0,298,664
04/04/2001,CRQ,CA,AWP,WE,Towers with Display (VFR),0,44,104,0,148,0,10,323,46,379,0,54,427,46,527,258,0,258,785
04/05/2001,CRQ,CA,AWP,WE,Towers with Display (VFR),0,40,109,0,149,0,4,244,75,323,0,44,353,75,472,290,0,290,762
04/06/2001,CRQ,CA,AWP,WE,Towers with Display (VFR),0,39,106,0,145,0,5,188,23,216,0,44,294,23,361,280,26,306,667
04/07/2001,CRQ,CA,AWP,WE,Towers with Display (VFR),0,26,89,4,119,0,3,63,0,66,0,29,152,4,185,18,0,18,203
04/08/2001,CRQ,CA,AWP,WE,Towers with Display (VFR),0,32,86,0,118,0,0,391,0,391,0,32,477,0,509,196,0,196,705
04/09/2001,CRQ,CA,AWP,WE,Towers with Display (VFR),0,29,87,1,117,0,2,120,15,137,0,31,207,16,254,240,0,240,494
04/10/2001,CRQ,CA,AWP,WE,Towers with Display (VFR),0,34,79,3,116,0,9,297,9,315,0,43,376,12,431,266,0,266,697
04/11/2001,CRQ,CA,AWP,WE,Towers with Display (VFR),0,39,124,6,169,0,0,186,9,195,0,39,310,15,364,228,4,232,596
04/12/2001,CRQ,CA,AWP,WE,Towers with Display (VFR),0,40,144,2,186,0,0,260,29,289,0,40,404,31,475,268,0,268,743
04/13/2001,CRQ,CA,AWP,WE,Towers with Display (VFR),0,41,116,1,158,0,0,434,8,442,0,41,550,9,600,214,0,214,814
04/14/2001,CRQ,CA,AWP,WE,Towers with Display (VFR),0,32,113,0,145,0,0,399,0,399,0,32,512,0,544,266,0,266,810
04/15/2001,CRQ,CA,AWP,WE,Towers with Display (VFR),0,28,78,0,106,0,10,320,0,330,0,38,398,0,436,146,0,146,582
04/16/2001,CRQ,CA,AWP,WE,Towers with Display (VFR),0,32,116,0,148,0,4,272,10,286,0,36,388,10,434,254,0,254,688
04/17/2001,CRQ,CA,AWP,WE,Towers with Display (VFR),0,34,101,1,136,0,7,335,14,356,0,41,436,15,492,312,0,312,804
04/18/2001,CRQ,CA,AWP,WE,Towers with Display (VFR),0,35,91,12,138,0,0,214,3,217,0,35,305,15,355,248,0,248,603
04/19/2001,CRQ,CA,AWP,WE,Towers with Display (VFR),0,40,110,1,151,0,19,209,15,243,0,59,319,16,394,164,0,164,558
04/20/2001,CRQ,CA,AWP,WE,Towers with Display (VFR),0,39,139,0,178,0,4,247,25,276,0,43,386,25,454,363,0,363,817
04/21/2001,CRQ,CA,AWP,WE,Towers with Display (VFR),0,31,53,0,84,0,5,130,4,139,0,36,183,4,223,160,0,160,383
04/22/2001,CRQ,CA,AWP,WE,Towers with Display (VFR),0,34,116,0,150,0,19,555,4,578,0,53,671,4,728,260,0,260,988
04/23/2001,CRQ,CA,AWP,WE,Towers with Display (VFR),0,36,58,0,94,0,6,396,17,419,0,42,454,17,513,194,0,194,707
04/24/2001,CRQ,CA,AWP,WE,Towers with Display (VFR),0,30,98,1,129,0,5,318,11,334,0,35,416,12,463,160,0,160,623
04/25/2001,CRQ,CA,AWP,WE,Towers with Display (VFR),0,36,123,2,161,0,7,211,12,230,0,43,334,14,391,162,0,162,553
04/26/2001,CRQ,CA,AWP,WE,Towers with Display (VFR),0,39,154,0,193,0,2,99,0,101,0,41,253,0,294,52,0,52,346
04/27/2001,CRQ,CA,AWP,WE,Towers with Display (VFR),0,33,115,0,148,0,8,119,2,129,0,41,234,2,277,156,0,156,433
04/28/2001,CRQ,CA,AWP,WE,Towers with Display (VFR),0,26,138,0,164,0,15,207,0,222,0,41,345,0,386,123,0,123,509
04/29/2001,CRQ,CA,AWP,WE,Towers with Display (VFR),0,30,126,0,156,0,8,288,6,302,0,38,414,6,458,160,0,160,618
04/30/2001,CRQ,CA,AWP,WE,Towers with Display (VFR),0,36,126,3,165,0,1,146,6,153,0,37,272,9,318,84,0,84,402
05/01/2001,CRQ,CA,AWP,WE,Towers with Display (VFR),0,39,133,1,173,0,0,49,10,59,0,39,182,11,232,34,0,34,266
05/02/2001,CRQ,CA,AWP,WE,Towers with Display (VFR),0,43,158,1,202,0,10,116,28,154,0,53,274,29,356,154,0,154,510
05/03/2001,CRQ,CA,AWP,WE,Towers with Display (VFR),0,43,86,1,130,0,4,295,32,331,0,47,381,33,461,203,0,203,664
05/04/2001,CRQ,CA,AWP,WE,Towers with Display (VFR),0,43,89,2,134,0,6,385,43,434,0,49,474,45,568,294,0,294,862
05/05/2001,CRQ,CA,AWP,WE,Towers with Display (VFR),0,30,87,0,117,0,8,405,16,429,0,38,492,16,546,253,0,253,799
05/06/2001,CRQ,CA,AWP,WE,Towers with Display (VFR),0,0,0,0,0,0,42,469,15,526,0,42,469,15,526,214,0,214,740
05/07/2001,CRQ,CA,AWP,WE,Towers with Display (VFR),0,32,118,1,151,0,9,246,0,255,0,41,364,1,406,176,0,176,582
05/08/2001,CRQ,CA,AWP,WE,Towers with Display (VFR),0,37,69,3,109,0,11,308,7,326,0,48,377,10,435,204,0,204,639
05/09/2001,CRQ,CA,AWP,WE,Towers with Display (VFR),0,31,143,4,178,0,3,218,14,235,0,34,361,18,413,116,0,116,529
05/10/2001,CRQ,CA,AWP,WE,Towers with Display (VFR),0,40,135,0,175,0,0,180,12,192,0,40,315,12,367,160,0,160,527
05/11/2001,CRQ,CA,AWP,WE,Towers with Display (VFR),0,33,150,0,183,0,2,24,0,26,0,35,174,0,209,71,0,71,280
05/12/2001,CRQ,CA,AWP,WE,Towers with Display (VFR),0,23,145,1,169,0,11,36,3,50,0,34,181,4,219,90,0,90,309
05/13/2001,CRQ,CA,AWP,WE,Towers with Display (VFR),0,35,135,2,172,0,5,185,10,200,0,40,320,12,372,174,0,174,546
05/14/2001,CRQ,CA,AWP,WE,Towers with Display (VFR),0,36,137,2,175,0,0,202,12,214,0,36,339,14,389,238,0,238,627
05/15/2001,CRQ,CA,AWP,WE,Towers with Display (VFR),0,42,158,1,201,0,0,153,3,156,0,42,311,4,357,178,0,178,535
05/16/2001,CRQ,CA,AWP,WE,Towers with Display (VFR),0,28,196,5,229,0,0,118,0,118,0,28,314,5,347,86,0,86,433
05/17/2001,CRQ,CA,AWP,WE,Towers with Display (VFR),0,34,156,1,191,0,10,156,9,175,0,44,312,10,366,188,0,188,554
05/18/2001,CRQ,CA,AWP,WE,Towers with Display (VFR),0,45,191,1,237,0,2,198,17,217,0,47,389,18,454,194,0,194,648
05/19/2001,CRQ,CA,AWP,WE,Towers with Display (VFR),0,27,110,1,138,0,6,170,5,181,0,33,280,6,319,188,0,188,507
05/20/2001,CRQ,CA,AWP,WE,Towers with Display (VFR),0,31,195,0,226,0,10,179,0,189,0,41,374,0,415,154,0,154,569
05/21/2001,CRQ,CA,AWP,WE,Towers with Display (VFR),0,29,145,3,177,0,10,56,0,66,0,39,201,3,243,136,0,136,379
05/22/2001,CRQ,CA,AWP,WE,Towers with Display (VFR),0,35,133,0,168,0,9,162,0,171,0,44,295,0,339,110,0,110,449
05/23/2001,CRQ,CA,AWP,WE,Towers with Display (VFR),0,37,188,0,225,0,6,182,10,198,0,43,370,10,423,152,0,152,575
05/24/2001,CRQ,CA,AWP,WE,Towers with Display (VFR),0,31,193,0,224,0,0,53,1,54,0,31,246,1,278,94,0,94,372
05/25/2001,CRQ,CA,AWP,WE,Towers with Display (VFR),0,41,299,2,342,0,10,29,0,39,0,51,328,2,381,54,0,54,435
05/26/2001,CRQ,CA,AWP,WE,Towers with Display (VFR),0,33,131,0,164,0,8,70,0,78,0,41,201,0,242,104,0,104,346
05/27/2001,CRQ,CA,AWP,WE,Towers with Display (VFR),0,26,120,0,146,0,0,25,0,25,0,26,145,0,171,110,0,110,281
05/28/2001,CRQ,CA,AWP,WE,Towers with Display (VFR),0,40,167,1,208,0,0,219,2,221,0,40,386,3,429,314,0,314,743
05/29/2001,CRQ,CA,AWP,WE,Towers with Display (VFR),0,38,137,2,177,0,2,249,6,257,0,40,386,8,434,304,0,304,738
05/30/2001,CRQ,CA,AWP,WE,Towers with Display (VFR),0,44,178,1,223,0,0,175,13,188,0,44,353,14,411,104,0,104,515
05/31/2001,CRQ,CA,AWP,WE,Towers with Display (VFR),0,39,160,3,202,0,10,30,5,45,0,49,190,8,247,84,0,84,331
06/01/2001,CRQ,CA,AWP,WE,Towers with Display (VFR),0,43,178,4,225,0,7,54,0,61,0,50,232,4,286,25,0,25,311
06/02/2001,CRQ,CA,AWP,WE,Towers with Display (VFR),0,34,148,11,193,0,21,203,2,226,0,55,351,13,419,197,0,197,616
06/03/2001,CRQ,CA,AWP,WE,Towers with Display (VFR),0,40,155,0,195,0,0,245,0,245,0,40,400,0,440,212,0,212,652
06/04/2001,CRQ,CA,AWP,WE,Towers with Display (VFR),0,37,121,2,160,0,6,254,4,264,0,43,375,6,424,188,0,188,612
06/05/2001,CRQ,CA,AWP,WE,Towers with Display (VFR),0,41,108,6,155,0,11,271,4,286,0,52,379,10,441,310,0,310,751
06/06/2001,CRQ,CA,AWP,WE,Towers with Display (VFR),0,20,145,6,171,0,0,31,7,38,0,20,176,13,209,100,0,100,309
06/07/2001,CRQ,CA,AWP,WE,Towers with Display (VFR),0,42,167,3,212,0,0,169,0,169,0,42,336,3,381,168,0,168,549
06/08/2001,CRQ,CA,AWP,WE,Towers with Display (VFR),0,35,214,3,252,0,5,101,12,118,0,40,315,15,370,74,0,74,444
06/09/2001,CRQ,CA,AWP,WE,Towers with Display (VFR),0,32,105,0,137,0,23,213,0,236,0,55,318,0,373,142,0,142,515
06/10/2001,CRQ,CA,AWP,WE,Towers with Display (VFR),0,27,148,7,182,0,10,267,5,282,0,37,415,12,464,136,0,136,600
06/11/2001,CRQ,CA,AWP,WE,Towers with Display (VFR),0,29,118,1,148,0,3,221,1,225,0,32,339,2,373,280,0,280,653
06/12/2001,CRQ,CA,AWP,WE,Towers with Display (VFR),0,33,140,0,173,0,4,244,1,249,0,37,384,1,422,290,0,290,712
06/13/2001,CRQ,CA,AWP,WE,Towers with Display (VFR),0,47,225,7,279,0,0,119,5,124,0,47,344,12,403,272,0,272,675
06/14/2001,CRQ,CA,AWP,WE,Towers with Display (VFR),0,43,95,1,139,0,0,352,25,377,0,43,447,26,516,347,0,347,863
06/15/2001,CRQ,CA,AWP,WE,Towers with Display (VFR),0,41,104,8,153,0,0,244,26,270,0,41,348,34,423,272,0,272,695
06/16/2001,CRQ,CA,AWP,WE,Towers with Display (VFR),0,38,96,0,134,0,11,437,2,450,0,49,533,2,584,254,0,254,838
06/17/2001,CRQ,CA,AWP,WE,Towers with Display (VFR),0,29,104,0,133,0,25,265,4,294,0,54,369,4,427,142,0,142,569
06/18/2001,CRQ,CA,AWP,WE,Towers with Display (VFR),0,40,100,2,142,0,3,255,3,261,0,43,355,5,403,254,0,254,657
06/19/2001,CRQ,CA,AWP,WE,Towers with Display (VFR),0,29,134,7,170,0,24,309,4,337,0,53,443,11,507,286,0,286,793
06/20/2001,CRQ,CA,AWP,WE,Towers with Display (VFR),0,27,76,1,104,0,0,213,6,219,0,27,289,7,323,214,0,214,537
06/21/2001,CRQ,CA,AWP,WE,Towers with Display (VFR),0,28,102,6,136,0,0,299,13,312,0,28,401,19,448,198,0,198,646
06/22/2001,CRQ,CA,AWP,WE,Towers with Display (VFR),0,34,124,9,167,0,12,306,12,330,0,46,430,21,497,304,0,304,801
06/23/2001,CRQ,CA,AWP,WE,Towers with Display (VFR),0,24,153,4,181,0,17,344,0,361,0,41,497,4,542,303,2,305,847
06/24/2001,CRQ,CA,AWP,WE,Towers with Display (VFR),0,36,110,9,155,0,14,390,3,407,0,50,500,12,562,156,0,156,718
06/25/2001,CRQ,CA,AWP,WE,Towers with Display (VFR),0,32,139,14,185,0,11,293,7,311,0,43,432,21,496,246,0,246,742
06/26/2001,CRQ,CA,AWP,WE,Towers with Display (VFR),0,30,121,5,156,0,1,339,1,341,0,31,460,6,497,270,0,270,767
06/27/2001,CRQ,CA,AWP,WE,Towers with Display (VFR),0,34,126,4,164,0,4,390,14,408,0,38,516,18,572,368,0,368,940
06/28/2001,CRQ,CA,AWP,WE,Towers with Display (VFR),0,32,119,4,155,0,19,312,17,348,0,51,431,21,503,306,0,306,809
06/29/2001,CRQ,CA,AWP,WE,Towers with Display (VFR),0,37,184,0,221,0,17,253,10,280,0,54,437,10,501,203,0,203,704
06/30/2001,CRQ,CA,AWP,WE,Towers with Display (VFR),0,26,141,0,167,0,42,332,4,378,0,68,473,4,545,222,0,222,767
07/01/2001,CRQ,CA,AWP,WE,Towers with Display (VFR),0,30,119,0,149,0,6,288,2,296,0,36,407,2,445,138,0,138,583
07/02/2001,CRQ,CA,AWP,WE,Towers with Display (VFR),0,30,110,5,145,0,23,340,15,378,0,53,450,20,523,292,4,296,819
07/03/2001,CRQ,CA,AWP,WE,Towers with Display (VFR),0,25,157,6,188,0,19,191,3,213,0,44,348,9,401,238,0,238,639
07/04/2001,CRQ,CA,AWP,WE,Towers with Display (VFR),0,19,76,4,99,0,49,347,10,406,0,68,423,14,505,204,0,204,709
07/05/2001,CRQ,CA,AWP,WE,Towers with Display (VFR),0,17,97,4,118,0,30,333,22,385,0,47,430,26,503,268,0,268,771
07/06/2001,CRQ,CA,AWP,WE,Towers with Display (VFR),0,37,106,20,163,0,19,322,2,343,0,56,428,22,506,350,0,350,856
07/07/2001,CRQ,CA,AWP,WE,Towers with Display (VFR),0,32,89,0,121,0,26,370,0,396,0,58,459,0,517,424,0,424,941
07/08/2001,CRQ,CA,AWP,WE,Towers with Display (VFR),0,34,142,0,176,0,2,264,0,266,0,36,406,0,442,172,0,172,614
07/09/2001,CRQ,CA,AWP,WE,Towers with Display (VFR),0,36,180,7,223,0,18,160,19,197,0,54,340,26,420,236,0,236,656
07/10/2001,CRQ,CA,AWP,WE,Towers with Display (VFR),0,37,138,4,179,0,9,312,8,329,0,46,450,12,508,266,0,266,774
07/11/2001,CRQ,CA,AWP,WE,Towers with Display (VFR),0,45,118,13,176,0,0,337,0,337,0,45,455,13,513,211,0,211,724
07/12/2001,CRQ,CA,AWP,WE,Towers with Display (VFR),0,39,136,1,176,0,0,289,26,315,0,39,425,27,491,297,0,297,788
07/13/2001,CRQ,CA,AWP,WE,Towers with Display (VFR),0,36,136,4,176,0,5,297,37,339,0,41,433,41,515,242,0,242,757
07/14/2001,CRQ,CA,AWP,WE,Towers with Display (VFR),0,19,178,0,197,0,11,165,0,176,0,30,343,0,373,120,0,120,493
07/15/2001,CRQ,CA,AWP,WE,Towers with Display (VFR),0,40,143,7,190,0,1,395,15,411,0,41,538,22,601,176,0,176,777
07/16/2001,CRQ,CA,AWP,WE,Towers with Display (VFR),0,34,111,6,151,0,9,334,6,349,0,43,445,12,500,334,0,334,834
07/17/2001,CRQ,CA,AWP,WE,Towers with Display (VFR),0,35,106,9,150,0,12,380,12,404,0,47,486,21,554,360,0,360,914
07/18/2001,CRQ,CA,AWP,WE,Towers with Display (VFR),0,40,150,4,194,0,5,316,20,341,0,45,466,24,535,312,0,312,847
07/19/2001,CRQ,CA,AWP,WE,Towers with Display (VFR),0,37,139,0,176,0,8,396,0,404,0,45,535,0,580,250,0,250,830
07/20/2001,CRQ,CA,AWP,WE,Towers with Display (VFR),0,47,183,4,234,0,2,220,15,237,0,49,403,19,471,260,0,260,731
07/21/2001,CRQ,CA,AWP,WE,Towers with Display (VFR),0,33,134,0,167,0,13,463,8,484,0,46,597,8,651,250,0,250,901
07/22/2001,CRQ,CA,AWP,WE,Towers with Display (VFR),0,37,117,0,154,0,12,444,0,456,0,49,561,0,610,180,0,180,790
07/23/2001,CRQ,CA,AWP,WE,Towers with Display (VFR),0,34,118,0,152,0,0,299,6,305,0,34,417,6,457,172,0,172,629
07/24/2001,CRQ,CA,AWP,WE,Towers with Display (VFR),0,48,167,10,225,0,1,218,1,220,0,49,385,11,445,220,0,220,665
07/25/2001,CRQ,CA,AWP,WE,Towers with Display (VFR),0,51,170,8,229,0,0,271,19,290,0,51,441,27,519,236,0,236,755
07/26/2001,CRQ,CA,AWP,WE,Towers with Display (VFR),0,43,118,2,163,0,0,315,20,335,0,43,433,22,498,274,0,274,772
07/27/2001,CRQ,CA,AWP,WE,Towers with Display (VFR),0,42,117,0,159,0,6,217,4,227,0,48,334,4,386,238,0,238,624
07/28/2001,CRQ,CA,AWP,WE,Towers with Display (VFR),0,29,105,0,134,0,9,285,0,294,0,38,390,0,428,196,0,196,624
07/29/2001,CRQ,CA,AWP,WE,Towers with Display (VFR),0,35,76,0,111,0,17,382,4,403,0,52,458,4,514,106,0,106,620
07/30/2001,CRQ,CA,AWP,WE,Towers with Display (VFR),0,37,109,1,147,0,11,182,2,195,0,48,291,3,342,154,0,154,496
07/31/2001,CRQ,CA,AWP,WE,Towers with Display (VFR),0,28,169,4,201,0,5,225,17,247,0,33,394,21,448,138,0,138,586
08/01/2001,CRQ,CA,AWP,WE,Towers with Display (VFR),0,37,103,4,144,0,9,398,14,421,0,46,501,18,565,232,0,232,797
08/02/2001,CRQ,CA,AWP,WE,Towers with Display (VFR),0,46,200,6,252,0,6,236,11,253,0,52,436,17,505,215,10,225,730
08/03/2001,CRQ,CA,AWP,WE,Towers with Display (VFR),0,39,130,2,171,0,15,258,21,294,0,54,388,23,465,234,0,234,699
08/04/2001,CRQ,CA,AWP,WE,Towers with Display (VFR),0,26,105,1,132,0,27,423,3,453,0,53,528,4,585,252,0,252,837
08/05/2001,CRQ,CA,AWP,WE,Towers with Display (VFR),0,57,133,0,190,0,2,446,7,455,0,59,579,7,645,204,0,204,849
08/06/2001,CRQ,CA,AWP,WE,Towers with Display (VFR),0,38,189,3,230,0,0,179,2,181,0,38,368,5,411,274,0,274,685
08/07/2001,CRQ,CA,AWP,WE,Towers with Display (VFR),0,37,92,8,137,0,2,388,12,402,0,39,480,20,539,164,0,164,703
08/08/2001,CRQ,CA,AWP,WE,Towers with Display (VFR),0,33,200,8,241,0,9,149,5,163,0,42,349,13,404,126,0,126,530
08/09/2001,CRQ,CA,AWP,WE,Towers with Display (VFR),0,0,0,0,0,0,45,402,11,458,0,45,402,11,458,262,0,262,720
08/10/2001,CRQ,CA,AWP,WE,Towers with Display (VFR),0,14,171,2,187,0,27,251,4,282,0,41,422,6,469,252,0,252,721
08/11/2001,CRQ,CA,AWP,WE,Towers with Display (VFR),0,26,129,0,155,0,23,399,0,422,0,49,528,0,577,304,0,304,881
08/12/2001,CRQ,CA,AWP,WE,Towers with Display (VFR),0,30,166,0,196,0,11,343,5,359,0,41,509,5,555,260,0,260,815
08/13/2001,CRQ,CA,AWP,WE,Towers with Display (VFR),0,27,127,1,155,0,4,261,2,267,0,31,388,3,422,272,0,272,694
08/14/2001,CRQ,CA,AWP,WE,Towers with Display (VFR),0,33,129,1,163,0,9,340,9,358,0,42,469,10,521,449,0,449,970
08/15/2001,CRQ,CA,AWP,WE,Towers with Display (VFR),0,37,99,0,136,0,0,296,14,310,0,37,395,14,446,219,0,219,665
08/16/2001,CRQ,CA,AWP,WE,Towers with Display (VFR),0,38,148,2,188,0,10,258,20,288,0,48,406,22,476,178,0,178,654
08/17/2001,CRQ,CA,AWP,WE,Towers with Display (VFR),0,34,154,2,190,0,0,362,19,381,0,34,516,21,571,243,0,243,814
08/18/2001,CRQ,CA,AWP,WE,Towers with Display (VFR),0,35,94,0,129,0,0,396,0,396,0,35,490,0,525,186,0,186,711
08/19/2001,CRQ,CA,AWP,WE,Towers with Display (VFR),0,29,131,5,165,0,12,434,11,457,0,41,565,16,622,242,0,242,864
08/20/2001,CRQ,CA,AWP,WE,Towers with Display (VFR),0,35,140,2,177,0,10,260,9,279,0,45,400,11,456,178,0,178,634
08/21/2001,CRQ,CA,AWP,WE,Towers with Display (VFR),0,37,163,0,200,0,0,244,5,249,0,37,407,5,449,228,0,228,677
08/22/2001,CRQ,CA,AWP,WE,Towers with Display (VFR),0,42,123,1,166,0,8,341,24,373,0,50,464,25,539,232,0,232,771
08/23/2001,CRQ,CA,AWP,WE,Towers with Display (VFR),0,43,120,3,166,0,5,362,14,381,0,48,482,17,547,222,0,222,769
08/24/2001,CRQ,CA,AWP,WE,Towers with Display (VFR),0,43,136,4,183,0,19,336,6,361,0,62,472,10,544,164,0,164,708
08/25/2001,CRQ,CA,AWP,WE,Towers with Display (VFR),0,0,0,0,0,0,45,393,6,444,0,45,393,6,444,135,0,135,579
08/26/2001,CRQ,CA,AWP,WE,Towers with Display (VFR),0,36,180,0,216,0,0,317,0,317,0,36,497,0,533,192,0,192,725
08/27/2001,CRQ,CA,AWP,WE,Towers with Display (VFR),0,33,148,1,182,0,0,204,8,212,0,33,352,9,394,42,0,42,436
08/28/2001,CRQ,CA,AWP,WE,Towers with Display (VFR),0,31,145,3,179,0,4,184,2,190,0,35,329,5,369,46,0,46,415
08/29/2001,CRQ,CA,AWP,WE,Towers with Display (VFR),0,0,0,0,0,0,20,193,15,228,0,20,193,15,228,80,0,80,308
08/30/2001,CRQ,CA,AWP,WE,Towers with Display (VFR),0,42,135,3,180,0,19,274,5,298,0,61,409,8,478,268,0,268,746
08/31/2001,CRQ,CA,AWP,WE,Towers with Display (VFR),0,44,130,0,174,0,7,330,12,349,0,51,460,12,523,242,0,242,765
09/01/2001,CRQ,CA,AWP,WE,Towers with Display (VFR),0,0,0,0,0,0,51,494,4,549,0,51,494,4,549,216,0,216,765
09/02/2001,CRQ,CA,AWP,WE,Towers with Display (VFR),0,20,129,0,149,0,13,302,2,317,0,33,431,2,466,202,0,202,668
09/03/2001,CRQ,CA,AWP,WE,Towers with Display (VFR),0,40,231,0,271,0,6,63,0,69,0,46,294,0,340,0,0,0,340
09/04/2001,CRQ,CA,AWP,WE,Towers with Display (VFR),0,34,126,4,164,0,1,142,9,152,0,35,268,13,316,78,0,78,394
09/05/2001,CRQ,CA,AWP,WE,Towers with Display (VFR),0,35,221,0,256,0,21,167,3,191,0,56,388,3,447,60,0,60,507
09/06/2001,CRQ,CA,AWP,WE,Towers with Display (VFR),0,45,163,0,208,0,8,242,8,258,0,53,405,8,466,136,0,136,602
09/07/2001,CRQ,CA,AWP,WE,Towers with Display (VFR),0,40,153,0,193,0,41,359,21,421,0,81,512,21,614,202,0,202,816
09/08/2001,CRQ,CA,AWP,WE,Towers with Display (VFR),0,0,0,0,0,0,51,441,0,492,0,51,441,0,492,274,0,274,766
09/09/2001,CRQ,CA,AWP,WE,Towers with Display (VFR),0,33,186,0,219,0,33,201,0,234,0,66,387,0,453,218,0,218,671
09/10/2001,CRQ,CA,AWP,WE,Towers with Display (VFR),0,33,166,0,199,0,7,124,6,137,0,40,290,6,336,126,0,126,462
09/11/2001,CRQ,CA,AWP,WE,Towers with Display (VFR),0,0,1,0,1,0,0,5,2,7,0,0,6,2,8,0,0,0,8
09/12/2001,CRQ,CA,AWP,WE,Towers with Display (VFR),0,2,0,0,2,0,14,1,6,21,0,16,1,6,23,2,0,2,25
09/13/2001,CRQ,CA,AWP,WE,Towers with Display (VFR),0,41,0,2,43,0,19,0,10,29,0,60,0,12,72,0,0,0,72
09/14/2001,CRQ,CA,AWP,WE,Towers with Display (VFR),0,62,45,0,107,0,48,21,0,69,0,110,66,0,176,0,0,0,176
09/15/2001,CRQ,CA,AWP,WE,Towers with Display (VFR),0,34,104,0,138,0,8,7,8,23,0,42,111,8,161,2,0,2,163
09/16/2001,CRQ,CA,AWP,WE,Towers with Display (VFR),0,37,133,0,170,0,0,17,1,18,0,37,150,1,188,4,0,4,192
09/17/2001,CRQ,CA,AWP,WE,Towers with Display (VFR),0,52,128,0,180,0,0,24,6,30,0,52,152,6,210,0,0,0,210
09/18/2001,CRQ,CA,AWP,WE,Towers with Display (VFR),0,36,157,0,193,0,0,10,6,16,0,36,167,6,209,2,0,2,211
09/19/2001,CRQ,CA,AWP,WE,Towers with Display (VFR),0,40,141,0,181,0,4,0,2,6,0,44,141,2,187,0,0,0,187
09/20/2001,CRQ,CA,AWP,WE,Towers with Display (VFR),0,45,263,0,308,0,0,59,6,65,0,45,322,6,373,0,0,0,373
09/21/2001,CRQ,CA,AWP,WE,Towers with Display (VFR),0,53,225,0,278,0,7,46,0,53,0,60,271,0,331,18,0,18,349
09/22/2001,CRQ,CA,AWP,WE,Towers with Display (VFR),0,0,0,0,0,0,33,310,0,343,0,33,310,0,343,198,0,198,541
09/23/2001,CRQ,CA,AWP,WE,Towers with Display (VFR),0,43,179,3,225,0,0,178,4,182,0,43,357,7,407,118,0,118,525
09/24/2001,CRQ,CA,AWP,WE,Towers with Display (VFR),0,38,140,0,178,0,0,204,5,209,0,38,344,5,387,166,0,166,553
09/25/2001,CRQ,CA,AWP,WE,Towers with Display (VFR),0,42,143,0,185,0,4,293,9,306,0,46,436,9,491,232,0,232,723
09/26/2001,CRQ,CA,AWP,WE,Towers with Display (VFR),0,41,133,0,174,0,4,231,1,236,0,45,364,1,410,191,0,191,601
09/27/2001,CRQ,CA,AWP,WE,Towers with Display (VFR),0,36,134,0,170,0,0,200,2,202,0,36,334,2,372,118,0,118,490
09/28/2001,CRQ,CA,AWP,WE,Towers with Display (VFR),0,41,94,6,141,0,7,245,0,252,0,48,339,6,393,226,0,226,619
09/29/2001,CRQ,CA,AWP,WE,Towers with Display (VFR),0,0,0,0,0,0,47,438,0,485,0,47,438,0,485,262,0,262,747
09/30/2001,CRQ,CA,AWP,WE,Towers with Display (VFR),0,40,136,0,176,0,5,335,0,340,0,45,471,0,516,168,0,168,684
10/01/2001,CRQ,CA,AWP,WE,Towers with Display (VFR),0,26,145,8,179,0,2,217,25,244,0,28,362,33,423,182,4,186,609
10/02/2001,CRQ,CA,AWP,WE,Towers with Display (VFR),0,28,129,0,157,0,1,196,2,199,0,29,325,2,356,156,0,156,512
10/03/2001,CRQ,CA,AWP,WE,Towers with Display (VFR),0,29,135,0,164,0,0,159,2,161,0,29,294,2,325,100,0,100,425
10/04/2001,CRQ,CA,AWP,WE,Towers with Display (VFR),0,31,142,0,173,0,0,212,3,215,0,31,354,3,388,156,0,156,544
10/05/2001,CRQ,CA,AWP,WE,Towers with Display (VFR),0,29,175,0,204,0,8,179,2,189,0,37,354,2,393,148,0,148,541
10/06/2001,CRQ,CA,AWP,WE,Towers with Display (VFR),0,34,157,0,191,0,6,331,2,339,0,40,488,2,530,246,0,246,776
10/07/2001,CRQ,CA,AWP,WE,Towers with Display (VFR),0,29,135,0,164,0,9,331,2,342,0,38,466,2,506,236,0,236,742
10/08/2001,CRQ,CA,AWP,WE,Towers with Display (VFR),0,37,151,0,188,0,31,184,2,217,0,68,335,2,405,238,0,238,643
10/09/2001,CRQ,CA,AWP,WE,Towers with Display (VFR),0,39,188,0,227,0,5,172,3,180,0,44,360,3,407,216,0,216,623
10/10/2001,CRQ,CA,AWP,WE,Towers with Display (VFR),0,30,114,0,144,0,10,215,4,229,0,40,329,4,373,148,0,148,521
10/11/2001,CRQ,CA,AWP,WE,Towers with Display (VFR),0,38,165,0,203,0,0,170,3,173,0,38,335,3,376,182,0,182,558
10/12/2001,CRQ,CA,AWP,WE,Towers with Display (VFR),0,36,139,0,175,0,4,185,3,192,0,40,324,3,367,330,0,330,697
10/13/2001,CRQ,CA,AWP,WE,Towers with Display (VFR),0,0,0,0,0,0,11,139,0,150,0,11,139,0,150,76,0,76,226
10/14/2001,CRQ,CA,AWP,WE,Towers with Display (VFR),0,36,148,0,184,0,0,266,1,267,0,36,414,1,451,178,0,178,629
10/15/2001,CRQ,CA,AWP,WE,Towers with Display (VFR),0,37,117,0,154,0,3,264,3,270,0,40,381,3,424,212,0,212,636
10/16/2001,CRQ,CA,AWP,WE,Towers with Display (VFR),0,40,132,4,176,0,7,228,3,238,0,47,360,7,414,142,0,142,556
10/17/2001,CRQ,CA,AWP,WE,Towers with Display (VFR),0,31,165,0,196,0,9,233,0,242,0,40,398,0,438,176,0,176,614
10/18/2001,CRQ,CA,AWP,WE,Towers with Display (VFR),0,0,0,0,0,0,44,317,2,363,0,44,317,2,363,216,0,216,579
10/19/2001,CRQ,CA,AWP,WE,Towers with Display (VFR),0,34,187,0,221,0,14,157,6,177,0,48,344,6,398,110,0,110,508
10/20/2001,CRQ,CA,AWP,WE,Towers with Display (VFR),0,26,119,0,145,0,0,271,0,271,0,26,390,0,416,192,0,192,608
10/21/2001,CRQ,CA,AWP,WE,Towers with Display (VFR),0,27,137,3,167,0,6,225,2,233,0,33,362,5,400,172,0,172,572
10/22/2001,CRQ,CA,AWP,WE,Towers with Display (VFR),0,29,149,2,180,0,0,193,7,200,0,29,342,9,380,141,0,141,521
10/23/2001,CRQ,CA,AWP,WE,Towers with Display (VFR),0,34,169,0,203,0,0,143,3,146,0,34,312,3,349,84,0,84,433
10/24/2001,CRQ,CA,AWP,WE,Towers with Display (VFR),0,32,153,3,188,0,16,180,5,201,0,48,333,8,389,112,0,112,501
10/25/2001,CRQ,CA,AWP,WE,Towers with Display (VFR),0,38,161,0,199,0,14,155,4,173,0,52,316,4,372,168,0,168,540
10/26/2001,CRQ,CA,AWP,WE,Towers with Display (VFR),0,32,164,0,196,0,6,74,0,80,0,38,238,0,276,32,0,32,308
10/27/2001,CRQ,CA,AWP,WE,Towers with Display (VFR),0,26,127,0,153,0,6,131,0,137,0,32,258,0,290,60,0,60,350
10/28/2001,CRQ,CA,AWP,WE,Towers with Display (VFR),0,35,164,0,199,0,0,159,0,159,0,35,323,0,358,209,0,209,567
10/29/2001,CRQ,CA,AWP,WE,Towers with Display (VFR),0,30,105,2,137,0,0,248,1,249,0,30,353,3,386,278,0,278,664
10/30/2001,CRQ,CA,AWP,WE,Towers with Display (VFR),0,39,106,1,146,0,5,241,2,248,0,44,347,3,394,214,0,214,608
10/31/2001,CRQ,CA,AWP,WE,Towers with Display (VFR),0,27,131,0,158,0,0,157,2,159,0,27,288,2,317,182,0,182,499
11/01/2001,CRQ,CA,AWP,WE,Towers with Display (VFR),0,40,114,1,155,0,1,176,0,177,0,41,290,1,332,248,0,248,580
11/02/2001,CRQ,CA,AWP,WE,Towers with Display (VFR),0,22,118,0,140,0,17,249,6,272,0,39,367,6,412,238,0,238,650
11/03/2001,CRQ,CA,AWP,WE,Towers with Display (VFR),0,30,122,0,152,0,13,289,4,306,0,43,411,4,458,184,0,184,642
11/04/2001,CRQ,CA,AWP,WE,Towers with Display (VFR),0,32,121,1,154,0,3,122,0,125,0,35,243,1,279,88,0,88,367
11/05/2001,CRQ,CA,AWP,WE,Towers with Display (VFR),0,33,137,1,171,0,6,67,3,76,0,39,204,4,247,63,0,63,310
11/06/2001,CRQ,CA,AWP,WE,Towers with Display (VFR),0,44,149,0,193,0,8,52,2,62,0,52,201,2,255,40,0,40,295
11/07/2001,CRQ,CA,AWP,WE,Towers with Display (VFR),0,28,217,4,249,0,2,55,3,60,0,30,272,7,309,62,0,62,371
11/08/2001,CRQ,CA,AWP,WE,Towers with Display (VFR),0,28,202,0,230,0,2,119,0,121,0,30,321,0,351,52,0,52,403
11/09/2001,CRQ,CA,AWP,WE,Towers with Display (VFR),0,52,174,0,226,0,0,146,14,160,0,52,320,14,386,206,0,206,592
11/10/2001,CRQ,CA,AWP,WE,Towers with Display (VFR),0,0,0,0,0,0,27,330,2,359,0,27,330,2,359,216,0,216,575
11/11/2001,CRQ,CA,AWP,WE,Towers with Display (VFR),0,30,135,1,166,0,9,334,0,343,0,39,469,1,509,170,0,170,679
11/12/2001,CRQ,CA,AWP,WE,Towers with Display (VFR),0,23,145,0,168,0,4,207,2,213,0,27,352,2,381,240,0,240,621
11/13/2001,CRQ,CA,AWP,WE,Towers with Display (VFR),0,33,171,10,214,0,1,252,0,253,0,34,423,10,467,218,0,218,685
11/14/2001,CRQ,CA,AWP,WE,Towers with Display (VFR),0,29,108,12,149,0,0,297,12,309,0,29,405,24,458,96,0,96,554
11/15/2001,CRQ,CA,AWP,WE,Towers with Display (VFR),0,30,119,0,149,0,24,338,0,362,0,54,457,0,511,186,0,186,697
11/16/2001,CRQ,CA,AWP,WE,Towers with Display (VFR),0,30,163,0,193,0,0,150,0,150,0,30,313,0,343,154,0,154,497
11/17/2001,CRQ,CA,AWP,WE,Towers with Display (VFR),0,22,115,0,137,0,21,241,2,264,0,43,356,2,401,241,0,241,642
11/18/2001,CRQ,CA,AWP,WE,Towers with Display (VFR),0,22,122,0,144,0,13,279,0,292,0,35,401,0,436,222,0,222,658
11/19/2001,CRQ,CA,AWP,WE,Towers with Display (VFR),0,29,126,5,160,0,5,269,3,277,0,34,395,8,437,156,0,156,593
11/20/2001,CRQ,CA,AWP,WE,Towers with Display (VFR),0,32,144,0,176,0,0,320,0,320,0,32,464,0,496,180,0,180,676
11/21/2001,CRQ,CA,AWP,WE,Towers with Display (VFR),0,43,151,0,194,0,0,250,0,250,0,43,401,0,444,146,0,146,590
11/22/2001,CRQ,CA,AWP,WE,Towers with Display (VFR),0,19,75,0,94,0,4,94,0,98,0,23,169,0,192,46,0,46,238
11/23/2001,CRQ,CA,AWP,WE,Towers with Display (VFR),0,19,106,0,125,0,18,312,0,330,0,37,418,0,455,130,0,130,585
11/24/2001,CRQ,CA,AWP,WE,Towers with Display (VFR),0,21,85,0,106,0,7,178,0,185,0,28,263,0,291,144,0,144,435
11/25/2001,CRQ,CA,AWP,WE,Towers with Display (VFR),0,34,158,0,192,0,11,422,0,433,0,45,580,0,625,136,0,136,761
11/26/2001,CRQ,CA,AWP,WE,Towers with Display (VFR),0,21,118,3,142,0,11,240,4,255,0,32,358,7,397,116,0,116,513
11/27/2001,CRQ,CA,AWP,WE,Towers with Display (VFR),0,22,123,0,145,0,0,250,16,266,0,22,373,16,411,252,0,252,663
11/28/2001,CRQ,CA,AWP,WE,Towers with Display (VFR),0,37,129,0,166,0,7,326,6,339,0,44,455,6,505,190,0,190,695
11/29/2001,CRQ,CA,AWP,WE,Towers with Display (VFR),0,18,83,0,101,0,18,81,0,99,0,36,164,0,200,30,0,30,230
11/30/2001,CRQ,CA,AWP,WE,Towers with Display (VFR),0,24,107,1,132,0,5,313,54,372,0,29,420,55,504,224,0,224,728
12/01/2001,CRQ,CA,AWP,WE,Towers with Display (VFR),0,29,79,0,108,0,6,505,0,511,0,35,584,0,619,271,0,271,890
12/02/2001,CRQ,CA,AWP,WE,Towers with Display (VFR),0,20,116,0,136,0,0,232,0,232,0,20,348,0,368,158,0,158,526
12/03/2001,CRQ,CA,AWP,WE,Towers with Display (VFR),0,21,136,2,159,0,4,170,5,179,0,25,306,7,338,184,0,184,522
12/04/2001,CRQ,CA,AWP,WE,Towers with Display (VFR),0,27,107,4,138,0,2,285,0,287,0,29,392,4,425,227,0,227,652
12/05/2001,CRQ,CA,AWP,WE,Towers with Display (VFR),0,49,59,1,109,0,0,321,2,323,0,49,380,3,432,200,0,200,632
12/06/2001,CRQ,CA,AWP,WE,Towers with Display (VFR),0,35,116,0,151,0,5,307,9,321,0,40,423,9,472,120,0,120,592
12/07/2001,CRQ,CA,AWP,WE,Towers with Display (VFR),0,26,118,0,144,0,12,291,4,307,0,38,409,4,451,260,0,260,711
12/08/2001,CRQ,CA,AWP,WE,Towers with Display (VFR),0,30,68,0,98,0,2,298,0,300,0,32,366,0,398,253,0,253,651
12/09/2001,CRQ,CA,AWP,WE,Towers with Display (VFR),0,25,93,0,118,0,9,246,0,255,0,34,339,0,373,200,0,200,573
12/10/2001,CRQ,CA,AWP,WE,Towers with Display (VFR),0,33,104,3,140,0,3,205,0,208,0,36,309,3,348,166,0,166,514
12/11/2001,CRQ,CA,AWP,WE,Towers with Display (VFR),0,32,116,3,151,0,3,229,12,244,0,35,345,15,395,126,0,126,521
12/12/2001,CRQ,CA,AWP,WE,Towers with Display (VFR),0,32,107,0,139,0,2,256,0,258,0,34,363,0,397,228,0,228,625
12/13/2001,CRQ,CA,AWP,WE,Towers with Display (VFR),0,27,66,0,93,0,0,315,1,316,0,27,381,1,409,206,0,206,615
12/14/2001,CRQ,CA,AWP,WE,Towers with Display (VFR),0,32,107,0,139,0,1,94,14,109,0,33,201,14,248,110,0,110,358
12/15/2001,CRQ,CA,AWP,WE,Towers with Display (VFR),0,0,0,0,0,0,25,304,2,331,0,25,304,2,331,226,0,226,557
12/16/2001,CRQ,CA,AWP,WE,Towers with Display (VFR),0,29,97,0,126,0,0,369,0,369,0,29,466,0,495,146,0,146,641
12/17/2001,CRQ,CA,AWP,WE,Towers with Display (VFR),0,18,90,0,108,0,27,220,0,247,0,45,310,0,355,152,0,152,507
12/18/2001,CRQ,CA,AWP,WE,Towers with Display (VFR),0,26,101,0,127,0,10,262,4,276,0,36,363,4,403,206,0,206,609
12/19/2001,CRQ,CA,AWP,WE,Towers with Display (VFR),0,30,127,4,161,0,6,241,0,247,0,36,368,4,408,174,0,174,582
12/20/2001,CRQ,CA,AWP,WE,Towers with Display (VFR),0,37,127,0,164,0,21,145,0,166,0,58,272,0,330,198,0,198,528
12/21/2001,CRQ,CA,AWP,WE,Towers with Display (VFR),0,27,110,0,137,0,10,154,0,164,0,37,264,0,301,140,0,140,441
12/22/2001,CRQ,CA,AWP,WE,Towers with Display (VFR),0,24,111,0,135,0,2,419,0,421,0,26,530,0,556,250,0,250,806
12/23/2001,CRQ,CA,AWP,WE,Towers with Display (VFR),0,26,104,0,130,0,3,214,0,217,0,29,318,0,347,190,0,190,537
12/24/2001,CRQ,CA,AWP,WE,Towers with Display (VFR),0,17,67,0,84,0,6,279,0,285,0,23,346,0,369,130,0,130,499
12/25/2001,CRQ,CA,AWP,WE,Towers with Display (VFR),0,10,26,0,36,0,11,165,0,176,0,21,191,0,212,44,0,44,256
12/26/2001,CRQ,CA,AWP,WE,Towers with Display (VFR),0,25,81,0,106,0,15,366,2,383,0,40,447,2,489,176,0,176,665
12/27/2001,CRQ,CA,AWP,WE,Towers with Display (VFR),0,40,142,0,182,0,22,271,12,305,0,62,413,12,487,290,0,290,777
12/28/2001,CRQ,CA,AWP,WE,Towers with Display (VFR),0,28,87,0,115,0,11,250,11,272,0,39,337,11,387,166,0,166,553
12/29/2001,CRQ,CA,AWP,WE,Towers with Display (VFR),0,0,0,0,0,0,16,230,0,246,0,16,230,0,246,188,0,188,434
12/30/2001,CRQ,CA,AWP,WE,Towers with Display (VFR),0,22,123,0,145,0,13,184,0,197,0,35,307,0,342,184,0,184,526
12/31/2001,CRQ,CA,AWP,WE,Towers with Display (VFR),0,25,109,0,134,0,4,17,0,21,0,29,126,0,155,38,0,38,193
01/01/2002,CRQ,CA,AWP,WE,Towers with Display (VFR),0,18,62,0,80,0,6,61,0,67,0,24,123,0,147,111,0,111,258
01/02/2002,CRQ,CA,AWP,WE,Towers with Display (VFR),0,29,110,0,139,0,4,115,0,119,0,33,225,0,258,258,0,258,516
01/03/2002,CRQ,CA,AWP,WE,Towers with Display (VFR),0,22,123,0,145,0,3,131,0,134,0,25,254,0,279,176,0,176,455
01/04/2002,CRQ,CA,AWP,WE,Towers with Display (VFR),0,25,116,6,147,0,7,265,2,274,0,32,381,8,421,178,0,178,599
01/05/2002,CRQ,CA,AWP,WE,Towers with Display (VFR),0,0,0,0,0,0,31,551,0,582,0,31,551,0,582,186,0,186,768
01/06/2002,CRQ,CA,AWP,WE,Towers with Display (VFR),0,18,86,0,104,0,6,356,0,362,0,24,442,0,466,122,0,122,588
01/07/2002,CRQ,CA,AWP,WE,Towers with Display (VFR),0,22,85,0,107,0,16,227,12,255,0,38,312,12,362,246,0,246,608
01/08/2002,CRQ,CA,AWP,WE,Towers with Display (VFR),0,22,75,0,97,0,9,252,5,266,0,31,327,5,363,130,0,130,493
01/09/2002,CRQ,CA,AWP,WE,Towers with Display (VFR),0,23,134,4,161,0,15,125,13,153,0,38,259,17,314,248,0,248,562
01/10/2002,CRQ,CA,AWP,WE,Towers with Display (VFR),0,24,112,5,141,0,0,217,1,218,0,24,329,6,359,176,0,176,535
01/11/2002,CRQ,CA,AWP,WE,Towers with Display (VFR),0,24,98,0,122,0,17,392,9,418,0,41,490,9,540,326,0,326,866
01/12/2002,CRQ,CA,AWP,WE,Towers with Display (VFR),0,16,83,0,99,0,29,427,0,456,0,45,510,0,555,288,0,288,843
01/13/2002,CRQ,CA,AWP,WE,Towers with Display (VFR),0,24,99,0,123,0,9,403,0,412,0,33,502,0,535,160,0,160,695
01/14/2002,CRQ,CA,AWP,WE,Towers with Display (VFR),0,29,109,0,138,0,11,173,8,192,0,40,282,8,330,150,0,150,480
01/15/2002,CRQ,CA,AWP,WE,Towers with Display (VFR),0,33,131,6,170,0,14,199,10,223,0,47,330,16,393,250,0,250,643
01/16/2002,CRQ,CA,AWP,WE,Towers with Display (VFR),0,36,132,2,170,0,7,246,3,256,0,43,378,5,426,312,0,312,738
01/17/2002,CRQ,CA,AWP,WE,Towers with Display (VFR),0,24,103,6,133,0,0,248,2,250,0,24,351,8,383,172,0,172,555
01/18/2002,CRQ,CA,AWP,WE,Towers with Display (VFR),0,37,74,0,111,0,0,264,0,264,0,37,338,0,375,252,0,252,627
01/19/2002,CRQ,CA,AWP,WE,Towers with Display (VFR),0,30,120,0,150,0,11,396,0,407,0,41,516,0,557,234,0,234,791
01/20/2002,CRQ,CA,AWP,WE,Towers with Display (VFR),0,27,95,0,122,0,2,336,0,338,0,29,431,0,460,204,0,204,664
01/21/2002,CRQ,CA,AWP,WE,Towers with Display (VFR),0,31,112,1,144,0,26,322,4,352,0,57,434,5,496,256,0,256,752
01/22/2002,CRQ,CA,AWP,WE,Towers with Display (VFR),0,28,108,0,136,0,11,169,11,191,0,39,277,11,327,236,0,236,563
01/23/2002,CRQ,CA,AWP,WE,Towers with Display (VFR),0,28,83,12,123,0,29,264,0,293,0,57,347,12,416,146,0,146,562
01/24/2002,CRQ,CA,AWP,WE,Towers with Display (VFR),0,27,111,1,139,0,9,401,3,413,0,36,512,4,552,204,0,204,756
01/25/2002,CRQ,CA,AWP,WE,Towers with Display (VFR),0,45,75,0,120,0,0,412,1,413,0,45,487,1,533,177,0,177,710
01/26/2002,CRQ,CA,AWP,WE,Towers with Display (VFR),0,21,120,0,141,0,0,281,8,289,0,21,401,8,430,238,0,238,668
01/27/2002,CRQ,CA,AWP,WE,Towers with Display (VFR),0,32,115,1,148,0,9,221,1,231,0,41,336,2,379,300,0,300,679
01/28/2002,CRQ,CA,AWP,WE,Towers with Display (VFR),0,25,74,1,100,0,8,224,7,239,0,33,298,8,339,298,0,298,637
01/29/2002,CRQ,CA,AWP,WE,Towers with Display (VFR),0,30,48,1,79,0,7,137,19,163,0,37,185,20,242,206,4,210,452
01/30/2002,CRQ,CA,AWP,WE,Towers with Display (VFR),0,23,121,3,147,0,8,300,12,320,0,31,421,15,467,210,0,210,677
01/31/2002,CRQ,CA,AWP,WE,Towers with Display (VFR),0,19,163,3,185,0,0,224,1,225,0,19,387,4,410,319,0,319,729
02/01/2002,CRQ,CA,AWP,WE,Towers with Display (VFR),0,30,64,0,94,0,0,310,1,311,0,30,374,1,405,117,0,117,522
02/02/2002,CRQ,CA,AWP,WE,Towers with Display (VFR),0,16,108,1,125,0,23,337,3,363,0,39,445,4,488,234,0,234,722
02/03/2002,CRQ,CA,AWP,WE,Towers with Display (VFR),0,35,90,0,125,0,0,278,0,278,0,35,368,0,403,272,12,284,687
02/04/2002,CRQ,CA,AWP,WE,Towers with Display (VFR),0,33,109,2,144,0,12,250,10,272,0,45,359,12,416,192,0,192,608
02/05/2002,CRQ,CA,AWP,WE,Towers with Display (VFR),0,28,96,5,129,0,15,301,19,335,0,43,397,24,464,214,0,214,678
02/06/2002,CRQ,CA,AWP,WE,Towers with Display (VFR),0,31,132,4,167,0,9,255,2,266,0,40,387,6,433,120,0,120,553
02/07/2002,CRQ,CA,AWP,WE,Towers with Display (VFR),0,33,120,0,153,0,0,218,0,218,0,33,338,0,371,132,0,132,503
02/08/2002,CRQ,CA,AWP,WE,Towers with Display (VFR),0,33,164,0,197,0,0,224,0,224,0,33,388,0,421,172,0,172,593
02/09/2002,CRQ,CA,AWP,WE,Towers with Display (VFR),0,28,79,0,107,0,3,265,2,270,0,31,344,2,377,232,0,232,609
02/10/2002,CRQ,CA,AWP,WE,Towers with Display (VFR),0,28,57,0,85,0,8,185,0,193,0,36,242,0,278,102,0,102,380
02/11/2002,CRQ,CA,AWP,WE,Towers with Display (VFR),0,34,91,0,125,0,19,380,13,412,0,53,471,13,537,230,0,230,767
02/12/2002,CRQ,CA,AWP,WE,Towers with Display (VFR),0,28,100,7,135,0,26,321,19,366,0,54,421,26,501,260,0,260,761
02/13/2002,CRQ,CA,AWP,WE,Towers with Display (VFR),0,38,116,2,156,0,0,283,10,293,0,38,399,12,449,146,0,146,595
02/14/2002,CRQ,CA,AWP,WE,Towers with Display (VFR),0,34,118,1,153,0,0,152,5,157,0,34,270,6,310,164,0,164,474
02/15/2002,CRQ,CA,AWP,WE,Towers with Display (VFR),0,37,214,3,254,0,0,127,1,128,0,37,341,4,382,87,0,87,469
02/16/2002,CRQ,CA,AWP,WE,Towers with Display (VFR),0,26,158,1,185,0,7,165,0,172,0,33,323,1,357,220,0,220,577
02/17/2002,CRQ,CA,AWP,WE,Towers with Display (VFR),0,22,133,0,155,0,12,5,0,17,0,34,138,0,172,46,0,46,218
02/18/2002,CRQ,CA,AWP,WE,Towers with Display (VFR),0,40,121,2,163,0,2,324,6,332,0,42,445,8,495,164,0,164,659
02/19/2002,CRQ,CA,AWP,WE,Towers with Display (VFR),0,24,107,1,132,0,14,278,5,297,0,38,385,6,429,200,0,200,629
02/20/2002,CRQ,CA,AWP,WE,Towers with Display (VFR),0,40,109,1,150,0,7,334,9,350,0,47,443,10,500,186,0,186,686
02/21/2002,CRQ,CA,AWP,WE,Towers with Display (VFR),0,34,119,0,153,0,0,273,8,281,0,34,392,8,434,218,0,218,652
02/22/2002,CRQ,CA,AWP,WE,Towers with Display (VFR),0,30,99,0,129,0,0,310,0,310,0,30,409,0,439,205,0,205,644
02/23/2002,CRQ,CA,AWP,WE,Towers with Display (VFR),0,0,0,0,0,0,37,453,5,495,0,37,453,5,495,202,0,202,697
02/24/2002,CRQ,CA,AWP,WE,Towers with Display (VFR),0,29,76,0,105,0,0,394,4,398,0,29,470,4,503,160,0,160,663
02/25/2002,CRQ,CA,AWP,WE,Towers with Display (VFR),0,33,120,1,154,0,8,255,0,263,0,41,375,1,417,132,0,132,549
02/26/2002,CRQ,CA,AWP,WE,Towers with Display (VFR),0,29,103,0,132,0,7,284,0,291,0,36,387,0,423,188,0,188,611
02/27/2002,CRQ,CA,AWP,WE,Towers with Display (VFR),0,33,110,0,143,0,14,264,2,280,0,47,374,2,423,122,0,122,545
02/28/2002,CRQ,CA,AWP,WE,Towers with Display (VFR),0,26,186,0,212,0,17,179,12,208,0,43,365,12,420,164,0,164,584
03/01/2002,CRQ,CA,AWP,WE,Towers with Display (VFR),0,42,169,0,211,0,0,191,0,191,0,42,360,0,402,296,0,296,698
03/02/2002,CRQ,CA,AWP,WE,Towers with Display (VFR),0,24,115,0,139,0,0,281,32,313,0,24,396,32,452,172,4,176,628
03/03/2002,CRQ,CA,AWP,WE,Towers with Display (VFR),0,34,100,0,134,0,0,333,40,373,0,34,433,40,507,248,0,248,755
03/04/2002,CRQ,CA,AWP,WE,Towers with Display (VFR),0,25,86,0,111,0,13,267,7,287,0,38,353,7,398,209,0,209,607
03/05/2002,CRQ,CA,AWP,WE,Towers with Display (VFR),0,30,111,8,149,0,0,225,7,232,0,30,336,15,381,200,0,200,581
03/06/2002,CRQ,CA,AWP,WE,Towers with Display (VFR),0,17,121,0,138,0,14,195,3,212,0,31,316,3,350,165,0,165,515
03/07/2002,CRQ,CA,AWP,WE,Towers with Display (VFR),0,34,159,1,194,0,0,67,6,73,0,34,226,7,267,2,0,2,269
03/08/2002,CRQ,CA,AWP,WE,Towers with Display (VFR),0,21,112,2,135,0,0,180,0,180,0,21,292,2,315,221,0,221,536
03/09/2002,CRQ,CA,AWP,WE,Towers with Display (VFR),0,21,90,1,112,0,0,227,1,228,0,21,317,2,340,212,0,212,552
03/10/2002,CRQ,CA,AWP,WE,Towers with Display (VFR),0,24,100,0,124,0,0,470,0,470,0,24,570,0,594,73,0,73,667
03/11/2002,CRQ,CA,AWP,WE,Towers with Display (VFR),0,28,99,0,127,0,6,281,22,309,0,34,380,22,436,266,0,266,702
03/12/2002,CRQ,CA,AWP,WE,Towers with Display (VFR),0,41,156,0,197,0,4,127,6,137,0,45,283,6,334,164,0,164,498
03/13/2002,CRQ,CA,AWP,WE,Towers with Display (VFR),0,26,123,0,149,0,2,179,13,194,0,28,302,13,343,180,0,180,523
03/14/2002,CRQ,CA,AWP,WE,Towers with Display (VFR),0,27,135,1,163,0,7,208,5,220,0,34,343,6,383,200,2,202,585
03/15/2002,CRQ,CA,AWP,WE,Towers with Display (VFR),0,23,124,0,147,0,8,330,9,347,0,31,454,9,494,190,0,190,684
03/16/2002,CRQ,CA,AWP,WE,Towers with Display (VFR),0,23,74,0,97,0,1,227,2,230,0,24,301,2,327,244,0,244,571
03/17/2002,CRQ,CA,AWP,WE,Towers with Display (VFR),0,25,130,0,155,0,12,273,0,285,0,37,403,0,440,236,0,236,676
03/18/2002,CRQ,CA,AWP,WE,Towers with Display (VFR),0,25,66,0,91,0,12,272,10,294,0,37,338,10,385,230,0,230,615
03/19/2002,CRQ,CA,AWP,WE,Towers with Display (VFR),0,47,118,0,165,0,13,342,0,355,0,60,460,0,520,186,0,186,706
03/20/2002,CRQ,CA,AWP,WE,Towers with Display (VFR),0,26,111,5,142,0,10,251,1,262,0,36,362,6,404,162,0,162,566
03/21/2002,CRQ,CA,AWP,WE,Towers with Display (VFR),0,30,137,0,167,0,0,300,0,300,0,30,437,0,467,148,0,148,615
03/22/2002,CRQ,CA,AWP,WE,Towers with Display (VFR),0,36,135,0,171,0,0,226,2,228,0,36,361,2,399,140,0,140,539
03/23/2002,CRQ,CA,AWP,WE,Towers with Display (VFR),0,19,147,0,166,0,8,226,0,234,0,27,373,0,400,250,0,250,650
03/24/2002,CRQ,CA,AWP,WE,Towers with Display (VFR),0,34,151,0,185,0,3,147,4,154,0,37,298,4,339,170,0,170,509
03/25/2002,CRQ,CA,AWP,WE,Towers with Display (VFR),0,22,95,0,117,0,2,213,13,228,0,24,308,13,345,138,0,138,483
03/26/2002,CRQ,CA,AWP,WE,Towers with Display (VFR),0,42,103,0,145,0,7,280,16,303,0,49,383,16,448,242,0,242,690
03/27/2002,CRQ,CA,AWP,WE,Towers with Display (VFR),0,29,218,0,247,0,15,127,10,152,0,44,345,10,399,202,0,202,601
03/28/2002,CRQ,CA,AWP,WE,Towers with Display (VFR),0,22,127,0,149,0,6,124,2,132,0,28,251,2,281,238,0,238,519
03/29/2002,CRQ,CA,AWP,WE,Towers with Display (VFR),0,30,78,0,108,0,0,200,0,200,0,30,278,0,308,168,0,168,476
03/30/2002,CRQ,CA,AWP,WE,Towers with Display (VFR),0,23,190,0,213,0,0,110,0,110,0,23,300,0,323,62,0,62,385
03/31/2002,CRQ,CA,AWP,WE,Towers with Display (VFR),0,22,153,0,175,0,10,48,0,58,0,32,201,0,233,36,0,36,269
04/01/2002,CRQ,CA,AWP,WE,Towers with Display (VFR),0,30,155,0,185,0,0,103,9,112,0,30,258,9,297,66,0,66,363
04/02/2002,CRQ,CA,AWP,WE,Towers with Display (VFR),0,25,153,0,178,0,11,111,6,128,0,36,264,6,306,42,0,42,348
04/03/2002,CRQ,CA,AWP,WE,Towers with Display (VFR),0,33,179,0,212,0,5,123,12,140,0,38,302,12,352,152,0,152,504
04/04/2002,CRQ,CA,AWP,WE,Towers with Display (VFR),0,20,100,0,120,0,2,246,7,255,0,22,346,7,375,230,0,230,605
04/05/2002,CRQ,CA,AWP,WE,Towers with Display (VFR),0,39,116,0,155,0,5,214,12,231,0,44,330,12,386,198,0,198,584
04/06/2002,CRQ,CA,AWP,WE,Towers with Display (VFR),0,15,125,0,140,0,0,115,1,116,0,15,240,1,256,200,0,200,456
04/07/2002,CRQ,CA,AWP,WE,Towers with Display (VFR),0,28,147,0,175,0,0,248,0,248,0,28,395,0,423,204,0,204,627
04/08/2002,CRQ,CA,AWP,WE,Towers with Display (VFR),0,28,157,1,186,0,29,245,7,281,0,57,402,8,467,186,0,186,653
04/09/2002,CRQ,CA,AWP,WE,Towers with Display (VFR),0,34,140,1,175,0,20,210,9,239,0,54,350,10,414,170,0,170,584
04/10/2002,CRQ,CA,AWP,WE,Towers with Display (VFR),0,15,142,2,159,0,9,130,2,141,0,24,272,4,300,82,0,82,382
04/11/2002,CRQ,CA,AWP,WE,Towers with Display (VFR),0,19,152,0,171,0,0,151,6,157,0,19,303,6,328,89,0,89,417
04/12/2002,CRQ,CA,AWP,WE,Towers with Display (VFR),0,25,200,0,225,0,0,68,10,78,0,25,268,10,303,32,0,32,335
04/13/2002,CRQ,CA,AWP,WE,Towers with Display (VFR),0,20,194,0,214,0,0,139,0,139,0,20,333,0,353,62,0,62,415
04/14/2002,CRQ,CA,AWP,WE,Towers with Display (VFR),0,26,191,0,217,0,0,10,0,10,0,26,201,0,227,2,0,2,229
04/15/2002,CRQ,CA,AWP,WE,Towers with Display (VFR),0,21,150,0,171,0,8,47,0,55,0,29,197,0,226,144,0,144,370
04/16/2002,CRQ,CA,AWP,WE,Towers with Display (VFR),0,40,117,0,157,0,17,224,2,243,0,57,341,2,400,246,0,246,646
04/17/2002,CRQ,CA,AWP,WE,Towers with Display (VFR),0,26,126,0,152,0,20,195,11,226,0,46,321,11,378,232,0,232,610
04/18/2002,CRQ,CA,AWP,WE,Towers with Display (VFR),0,30,111,2,143,0,0,247,6,253,0,30,358,8,396,196,0,196,592
04/19/2002,CRQ,CA,AWP,WE,Towers with Display (VFR),0,17,81,0,98,0,12,201,4,217,0,29,282,4,315,196,0,196,511
04/20/2002,CRQ,CA,AWP,WE,Towers with Display (VFR),0,20,121,0,141,0,0,329,0,329,0,20,450,0,470,170,0,170,640
04/21/2002,CRQ,CA,AWP,WE,Towers with Display (VFR),0,20,116,0,136,0,10,378,0,388,0,30,494,0,524,92,0,92,616
04/22/2002,CRQ,CA,AWP,WE,Towers with Display (VFR),0,24,84,0,108,0,11,308,18,337,0,35,392,18,445,235,8,243,688
04/23/2002,CRQ,CA,AWP,WE,Towers with Display (VFR),0,30,98,0,128,0,5,358,22,385,0,35,456,22,513,257,6,263,776
04/24/2002,CRQ,CA,AWP,WE,Towers with Display (VFR),0,26,128,0,154,0,10,128,12,150,0,36,256,12,304,157,0,157,461
04/25/2002,CRQ,CA,AWP,WE,Towers with Display (VFR),0,32,138,2,172,0,0,211,10,221,0,32,349,12,393,182,0,182,575
04/26/2002,CRQ,CA,AWP,WE,Towers with Display (VFR),0,27,153,0,180,0,0,121,0,121,0,27,274,0,301,100,0,100,401
04/27/2002,CRQ,CA,AWP,WE,Towers with Display (VFR),0,24,142,0,166,0,3,261,1,265,0,27,403,1,431,226,0,226,657
04/28/2002,CRQ,CA,AWP,WE,Towers with Display (VFR),0,20,119,0,139,0,10,417,4,431,0,30,536,4,570,148,0,148,718
04/29/2002,CRQ,CA,AWP,WE,Towers with Display (VFR),0,24,96,2,122,0,6,290,6,302,0,30,386,8,424,217,0,217,641
04/30/2002,CRQ,CA,AWP,WE,Towers with Display (VFR),0,37,114,1,152,0,0,253,5,258,0,37,367,6,410,212,0,212,622
05/01/2002,CRQ,CA,AWP,WE,Towers with Display (VFR),0,27,128,0,155,0,45,283,14,342,0,72,411,14,497,281,0,281,778
05/02/2002,CRQ,CA,AWP,WE,Towers with Display (VFR),0,23,153,0,176,0,0,298,5,303,0,23,451,5,479,228,0,228,707
05/03/2002,CRQ,CA,AWP,WE,Towers with Display (VFR),0,29,153,0,182,0,3,236,0,239,0,32,389,0,421,236,0,236,657
05/04/2002,CRQ,CA,AWP,WE,Towers with Display (VFR),0,22,128,0,150,0,0,249,0,249,0,22,377,0,399,164,0,164,563
05/05/2002,CRQ,CA,AWP,WE,Towers with Display (VFR),0,33,149,0,182,0,0,194,0,194,0,33,343,0,376,190,0,190,566
05/06/2002,CRQ,CA,AWP,WE,Towers with Display (VFR),0,31,146,0,177,0,14,148,8,170,0,45,294,8,347,230,0,230,577
05/07/2002,CRQ,CA,AWP,WE,Towers with Display (VFR),0,36,141,3,180,0,15,141,5,161,0,51,282,8,341,176,0,176,517
05/08/2002,CRQ,CA,AWP,WE,Towers with Display (VFR),0,27,159,0,186,0,10,219,1,230,0,37,378,1,416,298,0,298,714
05/09/2002,CRQ,CA,AWP,WE,Towers with Display (VFR),0,23,169,0,192,0,0,201,8,209,0,23,370,8,401,156,0,156,557
05/10/2002,CRQ,CA,AWP,WE,Towers with Display (VFR),0,25,180,1,206,0,0,151,1,152,0,25,331,2,358,237,0,237,595
05/11/2002,CRQ,CA,AWP,WE,Towers with Display (VFR),0,17,125,0,142,0,10,473,2,485,0,27,598,2,627,324,0,324,951
05/12/2002,CRQ,CA,AWP,WE,Towers with Display (VFR),0,27,94,0,121,0,12,396,1,409,0,39,490,1,530,108,0,108,638
05/13/2002,CRQ,CA,AWP,WE,Towers with Display (VFR),0,22,64,0,86,0,23,388,18,429,0,45,452,18,515,308,0,308,823
05/14/2002,CRQ,CA,AWP,WE,Towers with Display (VFR),0,34,92,3,129,0,8,277,13,298,0,42,369,16,427,306,4,310,737
05/15/2002,CRQ,CA,AWP,WE,Towers with Display (VFR),0,23,179,0,202,0,14,150,5,169,0,37,329,5,371,208,0,208,579
05/16/2002,CRQ,CA,AWP,WE,Towers with Display (VFR),0,29,192,0,221,0,10,140,5,155,0,39,332,5,376,217,0,217,593
05/17/2002,CRQ,CA,AWP,WE,Towers with Display (VFR),0,48,192,3,243,0,0,120,0,120,0,48,312,3,363,224,0,224,587
05/18/2002,CRQ,CA,AWP,WE,Towers with Display (VFR),0,20,171,0,191,0,12,30,0,42,0,32,201,0,233,102,0,102,335
05/19/2002,CRQ,CA,AWP,WE,Towers with Display (VFR),0,26,129,0,155,0,0,133,0,133,0,26,262,0,288,218,0,218,506
05/20/2002,CRQ,CA,AWP,WE,Towers with Display (VFR),0,26,125,0,151,0,11,110,5,126,0,37,235,5,277,154,0,154,431
05/21/2002,CRQ,CA,AWP,WE,Towers with Display (VFR),0,38,94,3,135,0,11,247,13,271,0,49,341,16,406,280,0,280,686
05/22/2002,CRQ,CA,AWP,WE,Towers with Display (VFR),0,21,141,6,168,0,10,395,5,410,0,31,536,11,578,238,0,238,816
05/23/2002,CRQ,CA,AWP,WE,Towers with Display (VFR),0,30,123,0,153,0,4,298,0,302,0,34,421,0,455,238,0,238,693
05/24/2002,CRQ,CA,AWP,WE,Towers with Display (VFR),0,29,154,0,183,0,9,286,0,295,0,38,440,0,478,182,0,182,660
05/25/2002,CRQ,CA,AWP,WE,Towers with Display (VFR),0,19,134,0,153,0,0,213,1,214,0,19,347,1,367,196,0,196,563
05/26/2002,CRQ,CA,AWP,WE,Towers with Display (VFR),0,18,118,0,136,0,8,207,0,215,0,26,325,0,351,158,0,158,509
05/27/2002,CRQ,CA,AWP,WE,Towers with Display (VFR),0,27,135,2,164,0,27,303,2,332,0,54,438,4,496,112,0,112,608
05/28/2002,CRQ,CA,AWP,WE,Towers with Display (VFR),0,22,112,4,138,0,16,290,5,311,0,38,402,9,449,318,0,318,767
05/29/2002,CRQ,CA,AWP,WE,Towers with Display (VFR),0,28,134,0,162,0,8,228,2,238,0,36,362,2,400,99,0,99,499
05/30/2002,CRQ,CA,AWP,WE,Towers with Display (VFR),0,20,176,1,197,0,15,88,1,104,0,35,264,2,301,154,0,154,455
05/31/2002,CRQ,CA,AWP,WE,Towers with Display (VFR),0,22,128,0,150,0,0,182,2,184,0,22,310,2,334,98,0,98,432
06/01/2002,CRQ,CA,AWP,WE,Towers with Display (VFR),0,25,114,0,139,0,9,293,4,306,0,34,407,4,445,194,0,194,639
06/02/2002,CRQ,CA,AWP,WE,Towers with Display (VFR),0,27,103,0,130,0,19,286,0,305,0,46,389,0,435,154,0,154,589
06/03/2002,CRQ,CA,AWP,WE,Towers with Display (VFR),0,28,99,0,127,0,8,197,8,213,0,36,296,8,340,260,0,260,600
06/04/2002,CRQ,CA,AWP,WE,Towers with Display (VFR),0,32,92,0,124,0,3,314,10,327,0,35,406,10,451,234,0,234,685
06/05/2002,CRQ,CA,AWP,WE,Towers with Display (VFR),0,37,153,0,190,0,20,137,10,167,0,57,290,10,357,88,0,88,445
06/06/2002,CRQ,CA,AWP,WE,Towers with Display (VFR),0,30,116,3,149,0,0,184,1,185,0,30,300,4,334,58,0,58,392
06/07/2002,CRQ,CA,AWP,WE,Towers with Display (VFR),0,24,227,0,251,0,0,11,0,11,0,24,238,0,262,70,0,70,332
06/08/2002,CRQ,CA,AWP,WE,Towers with Display (VFR),0,28,178,0,206,0,5,84,4,93,0,33,262,4,299,68,0,68,367
06/09/2002,CRQ,CA,AWP,WE,Towers with Display (VFR),0,30,128,0,158,0,0,104,2,106,0,30,232,2,264,96,0,96,360
06/10/2002,CRQ,CA,AWP,WE,Towers with Display (VFR),0,20,119,1,140,0,6,191,3,200,0,26,310,4,340,240,0,240,580
06/11/2002,CRQ,CA,AWP,WE,Towers with Display (VFR),0,23,94,3,120,0,0,222,0,222,0,23,316,3,342,174,0,174,516
06/12/2002,CRQ,CA,AWP,WE,Towers with Display (VFR),0,34,144,0,178,0,16,272,7,295,0,50,416,7,473,221,0,221,694
06/13/2002,CRQ,CA,AWP,WE,Towers with Display (VFR),0,32,82,0,114,0,4,234,3,241,0,36,316,3,355,114,0,114,469
06/14/2002,CRQ,CA,AWP,WE,Towers with Display (VFR),0,37,93,0,130,0,1,301,2,304,0,38,394,2,434,153,0,153,587
06/15/2002,CRQ,CA,AWP,WE,Towers with Display (VFR),0,24,91,0,115,0,6,291,0,297,0,30,382,0,412,196,0,196,608
06/16/2002,CRQ,CA,AWP,WE,Towers with Display (VFR),0,34,94,0,128,0,11,254,0,265,0,45,348,0,393,72,0,72,465
06/17/2002,CRQ,CA,AWP,WE,Towers with Display (VFR),0,35,86,3,124,0,21,250,6,277,0,56,336,9,401,199,0,199,600
06/18/2002,CRQ,CA,AWP,WE,Towers with Display (VFR),0,31,144,0,175,0,12,238,3,253,0,43,382,3,428,248,0,248,676
06/19/2002,CRQ,CA,AWP,WE,Towers with Display (VFR),0,39,146,0,185,0,14,195,0,209,0,53,341,0,394,96,0,96,490
06/20/2002,CRQ,CA,AWP,WE,Towers with Display (VFR),0,31,194,1,226,0,9,85,17,111,0,40,279,18,337,106,0,106,443
06/21/2002,CRQ,CA,AWP,WE,Towers with Display (VFR),0,27,174,0,201,0,19,220,0,239,0,46,394,0,440,190,0,190,630
06/22/2002,CRQ,CA,AWP,WE,Towers with Display (VFR),0,25,122,0,147,0,0,235,0,235,0,25,357,0,382,206,0,206,588
06/23/2002,CRQ,CA,AWP,WE,Towers with Display (VFR),0,43,135,0,178,0,0,267,0,267,0,43,402,0,445,74,0,74,519
06/24/2002,CRQ,CA,AWP,WE,Towers with Display (VFR),0,25,151,3,179,0,6,202,4,212,0,31,353,7,391,211,0,211,602
06/25/2002,CRQ,CA,AWP,WE,Towers with Display (VFR),0,25,156,0,181,0,3,165,0,168,0,28,321,0,349,96,0,96,445
06/26/2002,CRQ,CA,AWP,WE,Towers with Display (VFR),0,27,197,8,232,0,8,186,3,197,0,35,383,11,429,56,0,56,485
06/27/2002,CRQ,CA,AWP,WE,Towers with Display (VFR),0,32,166,4,202,0,11,274,3,288,0,43,440,7,490,175,0,175,665
06/28/2002,CRQ,CA,AWP,WE,Towers with Display (VFR),0,26,122,0,148,0,15,264,2,281,0,41,386,2,429,132,0,132,561
06/29/2002,CRQ,CA,AWP,WE,Towers with Display (VFR),0,21,98,0,119,0,0,222,0,222,0,21,320,0,341,168,0,168,509
06/30/2002,CRQ,CA,AWP,WE,Towers with Display (VFR),0,24,114,0,138,0,0,185,0,185,0,24,299,0,323,100,0,100,423
07/01/2002,CRQ,CA,AWP,WE,Towers with Display (VFR),0,22,140,0,162,0,6,237,0,243,0,28,377,0,405,202,0,202,607
07/02/2002,CRQ,CA,AWP,WE,Towers with Display (VFR),0,26,123,0,149,0,5,280,0,285,0,31,403,0,434,206,0,206,640
07/03/2002,CRQ,CA,AWP,WE,Towers with Display (VFR),0,33,162,1,196,0,0,180,16,196,0,33,342,17,392,146,0,146,538
07/04/2002,CRQ,CA,AWP,WE,Towers with Display (VFR),0,14,72,0,86,0,21,169,0,190,0,35,241,0,276,86,0,86,362
07/05/2002,CRQ,CA,AWP,WE,Towers with Display (VFR),0,34,105,0,139,0,6,234,1,241,0,40,339,1,380,136,0,136,516
07/06/2002,CRQ,CA,AWP,WE,Towers with Display (VFR),0,18,146,0,164,0,10,150,3,163,0,28,296,3,327,74,0,74,401
07/07/2002,CRQ,CA,AWP,WE,Towers with Display (VFR),0,24,205,0,229,0,0,42,0,42,0,24,247,0,271,30,0,30,301
07/08/2002,CRQ,CA,AWP,WE,Towers with Display (VFR),0,35,120,0,155,0,1,181,0,182,0,36,301,0,337,104,0,104,441
07/09/2002,CRQ,CA,AWP,WE,Towers with Display (VFR),0,30,124,2,156,0,7,207,0,214,0,37,331,2,370,149,0,149,519
07/10/2002,CRQ,CA,AWP,WE,Towers with Display (VFR),0,22,151,1,174,0,13,247,1,261,0,35,398,2,435,228,0,228,663
07/11/2002,CRQ,CA,AWP,WE,Towers with Display (VFR),0,24,169,0,193,0,1,140,10,151,0,25,309,10,344,106,0,106,450
07/12/2002,CRQ,CA,AWP,WE,Towers with Display (VFR),0,35,169,1,205,0,2,154,3,159,0,37,323,4,364,64,0,64,428
07/13/2002,CRQ,CA,AWP,WE,Towers with Display (VFR),0,29,62,0,91,0,3,379,0,382,0,32,441,0,473,156,0,156,629
07/14/2002,CRQ,CA,AWP,WE,Towers with Display (VFR),0,34,141,0,175,0,3,325,0,328,0,37,466,0,503,116,0,116,619
07/15/2002,CRQ,CA,AWP,WE,Towers with Display (VFR),0,25,88,1,114,0,8,252,8,268,0,33,340,9,382,154,0,154,536
07/16/2002,CRQ,CA,AWP,WE,Towers with Display (VFR),0,22,124,2,148,0,9,223,7,239,0,31,347,9,387,168,0,168,555
07/17/2002,CRQ,CA,AWP,WE,Towers with Display (VFR),0,34,195,0,229,0,0,182,2,184,0,34,377,2,413,162,0,162,575
07/18/2002,CRQ,CA,AWP,WE,Towers with Display (VFR),0,25,164,0,189,0,6,193,0,199,0,31,357,0,388,170,0,170,558
07/19/2002,CRQ,CA,AWP,WE,Towers with Display (VFR),0,37,239,0,276,0,0,99,0,99,0,37,338,0,375,150,0,150,525
07/20/2002,CRQ,CA,AWP,WE,Towers with Display (VFR),0,21,153,2,176,0,0,246,0,246,0,21,399,2,422,204,0,204,626
07/21/2002,CRQ,CA,AWP,WE,Towers with Display (VFR),0,20,122,2,144,0,0,147,4,151,0,20,269,6,295,70,0,70,365
07/22/2002,CRQ,CA,AWP,WE,Towers with Display (VFR),0,26,109,1,136,0,8,237,6,251,0,34,346,7,387,168,0,168,555
07/23/2002,CRQ,CA,AWP,WE,Towers with Display (VFR),0,19,114,1,134,0,14,295,8,317,0,33,409,9,451,227,0,227,678
07/24/2002,CRQ,CA,AWP,WE,Towers with Display (VFR),0,28,117,4,149,0,5,275,0,280,0,33,392,4,429,212,0,212,641
07/25/2002,CRQ,CA,AWP,WE,Towers with Display (VFR),0,39,104,4,147,0,8,263,3,274,0,47,367,7,421,257,0,257,678
07/26/2002,CRQ,CA,AWP,WE,Towers with Display (VFR),0,30,149,0,179,0,4,217,0,221,0,34,366,0,400,168,0,168,568
07/27/2002,CRQ,CA,AWP,WE,Towers with Display (VFR),0,23,110,0,133,0,8,255,0,263,0,31,365,0,396,133,0,133,529
07/28/2002,CRQ,CA,AWP,WE,Towers with Display (VFR),0,20,123,0,143,0,8,361,1,370,0,28,484,1,513,45,0,45,558
07/29/2002,CRQ,CA,AWP,WE,Towers with Display (VFR),0,18,120,0,138,0,0,222,1,223,0,18,342,1,361,188,0,188,549
07/30/2002,CRQ,CA,AWP,WE,Towers with Display (VFR),0,40,156,0,196,0,5,211,2,218,0,45,367,2,414,206,0,206,620
07/31/2002,CRQ,CA,AWP,WE,Towers with Display (VFR),0,48,188,0,236,0,0,218,4,222,0,48,406,4,458,66,0,66,524
08/01/2002,CRQ,CA,AWP,WE,Towers with Display (VFR),0,32,129,0,161,0,7,227,4,238,0,39,356,4,399,218,0,218,617
08/02/2002,CRQ,CA,AWP,WE,Towers with Display (VFR),0,31,186,0,217,0,7,141,0,148,0,38,327,0,365,116,0,116,481
08/03/2002,CRQ,CA,AWP,WE,Towers with Display (VFR),0,25,137,0,162,0,0,307,0,307,0,25,444,0,469,146,0,146,615
08/04/2002,CRQ,CA,AWP,WE,Towers with Display (VFR),0,34,131,0,165,0,6,214,0,220,0,40,345,0,385,124,0,124,509
08/05/2002,CRQ,CA,AWP,WE,Towers with Display (VFR),0,18,129,0,147,0,31,208,0,239,0,49,337,0,386,152,0,152,538
08/06/2002,CRQ,CA,AWP,WE,Towers with Display (VFR),0,42,136,4,182,0,13,274,10,297,0,55,410,14,479,198,0,198,677
08/07/2002,CRQ,CA,AWP,WE,Towers with Display (VFR),0,38,118,1,157,0,15,245,4,264,0,53,363,5,421,234,0,234,655
08/08/2002,CRQ,CA,AWP,WE,Towers with Display (VFR),0,33,143,0,176,0,17,275,0,292,0,50,418,0,468,272,0,272,740
08/09/2002,CRQ,CA,AWP,WE,Towers with Display (VFR),0,32,141,0,173,0,13,240,0,253,0,45,381,0,426,256,0,256,682
08/10/2002,CRQ,CA,AWP,WE,Towers with Display (VFR),0,23,87,0,110,0,10,291,0,301,0,33,378,0,411,70,0,70,481
08/11/2002,CRQ,CA,AWP,WE,Towers with Display (VFR),0,29,129,0,158,0,10,255,0,265,0,39,384,0,423,92,0,92,515
08/12/2002,CRQ,CA,AWP,WE,Towers with Display (VFR),0,22,114,2,138,0,25,249,8,282,0,47,363,10,420,185,0,185,605
08/13/2002,CRQ,CA,AWP,WE,Towers with Display (VFR),0,32,187,2,221,0,16,211,13,240,0,48,398,15,461,170,0,170,631
08/14/2002,CRQ,CA,AWP,WE,Towers with Display (VFR),0,57,127,0,184,0,0,227,2,229,0,57,354,2,413,142,0,142,555
08/15/2002,CRQ,CA,AWP,WE,Towers with Display (VFR),0,38,129,2,169,0,2,203,2,207,0,40,332,4,376,178,0,178,554
08/16/2002,CRQ,CA,AWP,WE,Towers with Display (VFR),0,50,216,0,266,0,1,83,0,84,0,51,299,0,350,160,0,160,510
08/17/2002,CRQ,CA,AWP,WE,Towers with Display (VFR),0,27,136,0,163,0,0,157,0,157,0,27,293,0,320,252,0,252,572
08/18/2002,CRQ,CA,AWP,WE,Towers with Display (VFR),0,44,181,0,225,0,17,145,0,162,0,61,326,0,387,66,0,66,453
08/19/2002,CRQ,CA,AWP,WE,Towers with Display (VFR),0,28,162,10,200,0,7,67,6,80,0,35,229,16,280,74,0,74,354
08/20/2002,CRQ,CA,AWP,WE,Towers with Display (VFR),0,37,139,0,176,0,15,174,4,193,0,52,313,4,369,204,0,204,573
08/21/2002,CRQ,CA,AWP,WE,Towers with Display (VFR),0,33,142,0,175,0,16,251,22,289,0,49,393,22,464,154,0,154,618
08/22/2002,CRQ,CA,AWP,WE,Towers with Display (VFR),0,29,144,0,173,0,26,230,2,258,0,55,374,2,431,218,0,218,649
08/23/2002,CRQ,CA,AWP,WE,Towers with Display (VFR),0,36,160,0,196,0,3,177,0,180,0,39,337,0,376,179,0,179,555
08/24/2002,CRQ,CA,AWP,WE,Towers with Display (VFR),0,25,95,0,120,0,8,329,2,339,0,33,424,2,459,130,0,130,589
08/25/2002,CRQ,CA,AWP,WE,Towers with Display (VFR),0,32,132,0,164,0,0,359,0,359,0,32,491,0,523,156,0,156,679
08/26/2002,CRQ,CA,AWP,WE,Towers with Display (VFR),0,36,178,0,214,0,13,325,0,338,0,49,503,0,552,153,0,153,705
08/27/2002,CRQ,CA,AWP,WE,Towers with Display (VFR),0,22,153,2,177,0,14,198,0,212,0,36,351,2,389,203,0,203,592
08/28/2002,CRQ,CA,AWP,WE,Towers with Display (VFR),0,39,166,2,207,0,6,221,1,228,0,45,387,3,435,124,0,124,559
08/29/2002,CRQ,CA,AWP,WE,Towers with Display (VFR),0,23,147,0,170,0,0,263,0,263,0,23,410,0,433,84,0,84,517
08/30/2002,CRQ,CA,AWP,WE,Towers with Display (VFR),0,29,123,0,152,0,14,251,5,270,0,43,374,5,422,132,0,132,554
08/31/2002,CRQ,CA,AWP,WE,Towers with Display (VFR),0,21,90,0,111,0,5,248,3,256,0,26,338,3,367,148,0,148,515
09/01/2002,CRQ,CA,AWP,WE,Towers with Display (VFR),0,19,66,0,85,0,20,331,4,355,0,39,397,4,440,234,0,234,674
09/02/2002,CRQ,CA,AWP,WE,Towers with Display (VFR),0,30,110,0,140,0,12,338,0,350,0,42,448,0,490,222,0,222,712
09/03/2002,CRQ,CA,AWP,WE,Towers with Display (VFR),0,32,92,0,124,0,18,216,0,234,0,50,308,0,358,122,0,122,480
09/04/2002,CRQ,CA,AWP,WE,Towers with Display (VFR),0,27,111,0,138,0,16,258,4,278,0,43,369,4,416,156,0,156,572
09/05/2002,CRQ,CA,AWP,WE,Towers with Display (VFR),0,27,116,0,143,0,10,211,2,223,0,37,327,2,366,150,0,150,516
09/06/2002,CRQ,CA,AWP,WE,Towers with Display (VFR),0,30,132,0,162,0,6,172,8,186,0,36,304,8,348,214,0,214,562
09/07/2002,CRQ,CA,AWP,WE,Towers with Display (VFR),0,31,96,0,127,0,12,344,2,358,0,43,440,2,485,176,0,176,661
09/08/2002,CRQ,CA,AWP,WE,Towers with Display (VFR),0,35,76,0,111,0,5,326,3,334,0,40,402,3,445,126,0,126,571
09/09/2002,CRQ,CA,AWP,WE,Towers with Display (VFR),0,26,98,1,125,0,19,306,16,341,0,45,404,17,466,296,0,296,762
09/10/2002,CRQ,CA,AWP,WE,Towers with Display (VFR),0,24,125,3,152,0,7,284,10,301,0,31,409,13,453,176,0,176,629
09/11/2002,CRQ,CA,AWP,WE,Towers with Display (VFR),0,23,101,3,127,0,15,256,4,275,0,38,357,7,402,146,0,146,548
09/12/2002,CRQ,CA,AWP,WE,Towers with Display (VFR),0,35,112,1,148,0,7,181,1,189,0,42,293,2,337,184,0,184,521
09/13/2002,CRQ,CA,AWP,WE,Towers with Display (VFR),0,24,142,0,166,0,3,254,3,260,0,27,396,3,426,202,12,214,640
09/14/2002,CRQ,CA,AWP,WE,Towers with Display (VFR),0,19,115,1,135,0,39,233,4,276,0,58,348,5,411,112,0,112,523
09/15/2002,CRQ,CA,AWP,WE,Towers with Display (VFR),0,33,143,0,176,0,3,88,0,91,0,36,231,0,267,70,0,70,337
09/16/2002,CRQ,CA,AWP,WE,Towers with Display (VFR),0,21,83,0,104,0,19,240,4,263,0,40,323,4,367,236,0,236,603
09/17/2002,CRQ,CA,AWP,WE,Towers with Display (VFR),0,23,91,2,116,0,34,215,10,259,0,57,306,12,375,106,0,106,481
09/18/2002,CRQ,CA,AWP,WE,Towers with Display (VFR),0,25,109,1,135,0,24,189,1,214,0,49,298,2,349,132,0,132,481
09/19/2002,CRQ,CA,AWP,WE,Towers with Display (VFR),0,27,134,1,162,0,2,236,3,241,0,29,370,4,403,138,0,138,541
09/20/2002,CRQ,CA,AWP,WE,Towers with Display (VFR),0,34,130,0,164,0,2,201,0,203,0,36,331,0,367,148,0,148,515
09/21/2002,CRQ,CA,AWP,WE,Towers with Display (VFR),0,0,0,0,0,0,37,348,6,391,0,37,348,6,391,120,0,120,511
09/22/2002,CRQ,CA,AWP,WE,Towers with Display (VFR),0,32,91,0,123,0,2,339,0,341,0,34,430,0,464,138,0,138,602
09/23/2002,CRQ,CA,AWP,WE,Towers with Display (VFR),0,24,59,2,85,0,26,230,2,258,0,50,289,4,343,202,0,202,545
09/24/2002,CRQ,CA,AWP,WE,Towers with Display (VFR),0,26,131,0,157,0,1,105,0,106,0,27,236,0,263,116,0,116,379
09/25/2002,CRQ,CA,AWP,WE,Towers with Display (VFR),0,29,138,0,167,0,15,130,2,147,0,44,268,2,314,78,0,78,392
09/26/2002,CRQ,CA,AWP,WE,Towers with Display (VFR),0,24,109,0,133,0,9,217,7,233,0,33,326,7,366,208,0,208,574
09/27/2002,CRQ,CA,AWP,WE,Towers with Display (VFR),0,46,114,0,160,0,0,87,6,93,0,46,201,6,253,106,0,106,359
09/28/2002,CRQ,CA,AWP,WE,Towers with Display (VFR),0,47,193,0,240,0,0,108,0,108,0,47,301,0,348,142,0,142,490
09/29/2002,CRQ,CA,AWP,WE,Towers with Display (VFR),0,30,113,2,145,0,9,365,0,374,0,39,478,2,519,174,0,174,693
09/30/2002,CRQ,CA,AWP,WE,Towers with Display (VFR),0,21,97,0,118,0,10,184,11,205,0,31,281,11,323,160,0,160,483
10/01/2002,CRQ,CA,AWP,WE,Towers with Display (VFR),0,20,168,0,188,0,16,114,0,130,0,36,282,0,318,208,0,208,526
10/02/2002,CRQ,CA,AWP,WE,Towers with Display (VFR),0,23,114,1,138,0,23,255,6,284,0,46,369,7,422,212,0,212,634
10/03/2002,CRQ,CA,AWP,WE,Towers with Display (VFR),0,36,109,0,145,0,7,192,0,199,0,43,301,0,344,220,0,220,564
10/04/2002,CRQ,CA,AWP,WE,Towers with Display (VFR),0,23,105,0,128,0,6,247,0,253,0,29,352,0,381,184,0,184,565
10/05/2002,CRQ,CA,AWP,WE,Towers with Display (VFR),0,13,77,0,90,0,0,270,1,271,0,13,347,1,361,248,0,248,609
10/06/2002,CRQ,CA,AWP,WE,Towers with Display (VFR),0,31,87,0,118,0,0,328,7,335,0,31,415,7,453,120,0,120,573
10/07/2002,CRQ,CA,AWP,WE,Towers with Display (VFR),0,20,77,0,97,0,37,313,14,364,0,57,390,14,461,182,0,182,643
10/08/2002,CRQ,CA,AWP,WE,Towers with Display (VFR),0,32,114,0,146,0,19,247,10,276,0,51,361,10,422,190,0,190,612
10/09/2002,CRQ,CA,AWP,WE,Towers with Display (VFR),0,27,146,0,173,0,15,183,7,205,0,42,329,7,378,114,0,114,492
10/10/2002,CRQ,CA,AWP,WE,Towers with Display (VFR),0,32,146,0,178,0,8,137,5,150,0,40,283,5,328,167,0,167,495
10/11/2002,CRQ,CA,AWP,WE,Towers with Display (VFR),0,34,162,0,196,0,0,196,2,198,0,34,358,2,394,172,0,172,566
10/12/2002,CRQ,CA,AWP,WE,Towers with Display (VFR),0,29,140,0,169,0,5,215,0,220,0,34,355,0,389,182,0,182,571
10/13/2002,CRQ,CA,AWP,WE,Towers with Display (VFR),0,27,181,0,208,0,0,128,0,128,0,27,309,0,336,14,0,14,350
10/14/2002,CRQ,CA,AWP,WE,Towers with Display (VFR),0,43,161,0,204,0,16,172,0,188,0,59,333,0,392,144,0,144,536
10/15/2002,CRQ,CA,AWP,WE,Towers with Display (VFR),0,24,163,0,187,0,14,47,1,62,0,38,210,1,249,132,0,132,381
10/16/2002,CRQ,CA,AWP,WE,Towers with Display (VFR),0,23,170,0,193,0,15,139,17,171,0,38,309,17,364,244,0,244,608
10/17/2002,CRQ,CA,AWP,WE,Towers with Display (VFR),0,38,166,1,205,0,4,171,17,192,0,42,337,18,397,272,0,272,669
10/18/2002,CRQ,CA,AWP,WE,Towers with Display (VFR),0,24,156,1,181,0,15,162,3,180,0,39,318,4,361,266,0,266,627
10/19/2002,CRQ,CA,AWP,WE,Towers with Display (VFR),0,16,84,1,101,0,4,216,0,220,0,20,300,1,321,214,0,214,535
10/20/2002,CRQ,CA,AWP,WE,Towers with Display (VFR),0,32,185,0,217,0,0,0,0,0,0,32,185,0,217,52,0,52,269
10/21/2002,CRQ,CA,AWP,WE,Towers with Display (VFR),0,40,141,0,181,0,1,99,0,100,0,41,240,0,281,216,0,216,497
10/22/2002,CRQ,CA,AWP,WE,Towers with Display (VFR),0,29,156,13,198,0,10,147,13,170,0,39,303,26,368,170,12,182,550
10/23/2002,CRQ,CA,AWP,WE,Towers with Display (VFR),0,26,131,0,157,0,1,139,1,141,0,27,270,1,298,118,0,118,416
10/24/2002,CRQ,CA,AWP,WE,Towers with Display (VFR),0,22,137,0,159,0,1,109,0,110,0,23,246,0,269,171,0,171,440
10/25/2002,CRQ,CA,AWP,WE,Towers with Display (VFR),0,33,125,0,158,0,2,117,0,119,0,35,242,0,277,256,0,256,533
10/26/2002,CRQ,CA,AWP,WE,Towers with Display (VFR),0,22,114,0,136,0,10,140,0,150,0,32,254,0,286,200,0,200,486
10/27/2002,CRQ,CA,AWP,WE,Towers with Display (VFR),0,35,135,0,170,0,19,226,0,245,0,54,361,0,415,120,0,120,535
10/28/2002,CRQ,CA,AWP,WE,Towers with Display (VFR),0,10,49,0,59,0,36,278,12,326,0,46,327,12,385,127,0,127,512
10/29/2002,CRQ,CA,AWP,WE,Towers with Display (VFR),0,33,149,0,182,0,23,195,22,240,0,56,344,22,422,254,0,254,676
10/30/2002,CRQ,CA,AWP,WE,Towers with Display (VFR),0,30,140,0,170,0,19,198,12,229,0,49,338,12,399,244,2,246,645
10/31/2002,CRQ,CA,AWP,WE,Towers with Display (VFR),0,28,140,0,168,0,0,131,2,133,0,28,271,2,301,162,0,162,463
11/01/2002,CRQ,CA,AWP,WE,Towers with Display (VFR),0,25,159,2,186,0,8,156,2,166,0,33,315,4,352,122,0,122,474
11/02/2002,CRQ,CA,AWP,WE,Towers with Display (VFR),0,19,104,0,123,0,8,211,1,220,0,27,315,1,343,174,0,174,517
11/03/2002,CRQ,CA,AWP,WE,Towers with Display (VFR),0,25,121,0,146,0,8,223,2,233,0,33,344,2,379,184,0,184,563
11/04/2002,CRQ,CA,AWP,WE,Towers with Display (VFR),0,30,89,0,119,0,12,227,10,249,0,42,316,10,368,182,0,182,550
11/05/2002,CRQ,CA,AWP,WE,Towers with Display (VFR),0,27,136,4,167,0,20,217,4,241,0,47,353,8,408,188,0,188,596
11/06/2002,CRQ,CA,AWP,WE,Towers with Display (VFR),0,23,115,0,138,0,10,218,6,234,0,33,333,6,372,148,0,148,520
11/07/2002,CRQ,CA,AWP,WE,Towers with Display (VFR),0,31,122,0,153,0,13,184,12,209,0,44,306,12,362,140,0,140,502
11/08/2002,CRQ,CA,AWP,WE,Towers with Display (VFR),0,25,99,0,124,0,2,0,2,4,0,27,99,2,128,0,0,0,128
11/09/2002,CRQ,CA,AWP,WE,Towers with Display (VFR),0,9,77,0,86,0,2,3,0,5,0,11,80,0,91,0,0,0,91
11/10/2002,CRQ,CA,AWP,WE,Towers with Display (VFR),0,19,115,0,134,0,13,264,4,281,0,32,379,4,415,160,0,160,575
11/11/2002,CRQ,CA,AWP,WE,Towers with Display (VFR),0,22,103,0,125,0,23,339,0,362,0,45,442,0,487,188,0,188,675
11/12/2002,CRQ,CA,AWP,WE,Towers with Display (VFR),0,24,131,0,155,0,5,335,6,346,0,29,466,6,501,230,0,230,731
11/13/2002,CRQ,CA,AWP,WE,Towers with Display (VFR),0,27,79,1,107,0,15,302,8,325,0,42,381,9,432,232,0,232,664
11/14/2002,CRQ,CA,AWP,WE,Towers with Display (VFR),0,35,102,1,138,0,27,254,8,289,0,62,356,9,427,256,0,256,683
11/15/2002,CRQ,CA,AWP,WE,Towers with Display (VFR),0,21,116,0,137,0,17,286,2,305,0,38,402,2,442,220,0,220,662
11/16/2002,CRQ,CA,AWP,WE,Towers with Display (VFR),0,18,78,0,96,0,0,303,0,303,0,18,381,0,399,308,0,308,707
11/17/2002,CRQ,CA,AWP,WE,Towers with Display (VFR),0,27,76,0,103,0,5,321,4,330,0,32,397,4,433,248,0,248,681
11/18/2002,CRQ,CA,AWP,WE,Towers with Display (VFR),0,27,75,2,104,0,13,237,6,256,0,40,312,8,360,190,0,190,550
11/19/2002,CRQ,CA,AWP,WE,Towers with Display (VFR),0,22,99,0,121,0,7,255,12,274,0,29,354,12,395,200,0,200,595
11/20/2002,CRQ,CA,AWP,WE,Towers with Display (VFR),0,27,101,0,128,0,7,203,0,210,0,34,304,0,338,200,0,200,538
11/21/2002,CRQ,CA,AWP,WE,Towers with Display (VFR),0,23,114,2,139,0,6,280,9,295,0,29,394,11,434,194,0,194,628
11/22/2002,CRQ,CA,AWP,WE,Towers with Display (VFR),0,21,115,0,136,0,0,221,2,223,0,21,336,2,359,153,0,153,512
11/23/2002,CRQ,CA,AWP,WE,Towers with Display (VFR),0,28,148,0,176,0,3,157,2,162,0,31,305,2,338,214,0,214,552
11/24/2002,CRQ,CA,AWP,WE,Towers with Display (VFR),0,28,108,0,136,0,6,273,2,281,0,34,381,2,417,148,0,148,565
11/25/2002,CRQ,CA,AWP,WE,Towers with Display (VFR),0,32,96,0,128,0,15,141,12,168,0,47,237,12,296,164,0,164,460
11/26/2002,CRQ,CA,AWP,WE,Towers with Display (VFR),0,36,92,2,130,0,16,219,21,256,0,52,311,23,386,228,0,228,614
11/27/2002,CRQ,CA,AWP,WE,Towers with Display (VFR),0,42,125,0,167,0,8,199,16,223,0,50,324,16,390,192,0,192,582
11/28/2002,CRQ,CA,AWP,WE,Towers with Display (VFR),0,17,41,0,58,0,1,160,0,161,0,18,201,0,219,46,0,46,265
11/29/2002,CRQ,CA,AWP,WE,Towers with Display (VFR),0,21,108,0,129,0,4,204,6,214,0,25,312,6,343,168,0,168,511
11/30/2002,CRQ,CA,AWP,WE,Towers with Display (VFR),0,27,112,0,139,0,1,266,6,273,0,28,378,6,412,176,0,176,588
12/01/2002,CRQ,CA,AWP,WE,Towers with Display (VFR),0,28,145,1,174,0,9,449,5,463,0,37,594,6,637,117,0,117,754
12/02/2002,CRQ,CA,AWP,WE,Towers with Display (VFR),0,27,108,2,137,0,23,244,16,283,0,50,352,18,420,260,0,260,680
12/03/2002,CRQ,CA,AWP,WE,Towers with Display (VFR),0,26,99,1,126,0,18,191,7,216,0,44,290,8,342,178,0,178,520
12/04/2002,CRQ,CA,AWP,WE,Towers with Display (VFR),0,30,138,0,168,0,0,162,0,162,0,30,300,0,330,71,0,71,401
12/05/2002,CRQ,CA,AWP,WE,Towers with Display (VFR),0,27,89,2,118,0,14,251,2,267,0,41,340,4,385,187,0,187,572
12/06/2002,CRQ,CA,AWP,WE,Towers with Display (VFR),0,36,126,0,162,0,6,257,1,264,0,42,383,1,426,277,0,277,703
12/07/2002,CRQ,CA,AWP,WE,Towers with Display (VFR),0,22,127,0,149,0,6,260,0,266,0,28,387,0,415,154,0,154,569
12/08/2002,CRQ,CA,AWP,WE,Towers with Display (VFR),0,23,120,2,145,0,3,134,0,137,0,26,254,2,282,112,0,112,394
12/09/2002,CRQ,CA,AWP,WE,Towers with Display (VFR),0,26,81,0,107,0,15,102,9,126,0,41,183,9,233,192,0,192,425
12/10/2002,CRQ,CA,AWP,WE,Towers with Display (VFR),0,40,144,3,187,0,5,122,3,130,0,45,266,6,317,196,0,196,513
12/11/2002,CRQ,CA,AWP,WE,Towers with Display (VFR),0,21,122,0,143,0,12,230,4,246,0,33,352,4,389,266,0,266,655
12/12/2002,CRQ,CA,AWP,WE,Towers with Display (VFR),0,27,118,0,145,0,5,207,11,223,0,32,325,11,368,202,0,202,570
12/13/2002,CRQ,CA,AWP,WE,Towers with Display (VFR),0,23,125,2,150,0,6,203,5,214,0,29,328,7,364,169,0,169,533
12/14/2002,CRQ,CA,AWP,WE,Towers with Display (VFR),0,22,79,2,103,0,4,314,8,326,0,26,393,10,429,162,0,162,591
12/15/2002,CRQ,CA,AWP,WE,Towers with Display (VFR),0,26,109,0,135,0,1,142,4,147,0,27,251,4,282,98,0,98,380
12/16/2002,CRQ,CA,AWP,WE,Towers with Display (VFR),0,18,59,0,77,0,0,73,7,80,0,18,132,7,157,82,0,82,239
12/17/2002,CRQ,CA,AWP,WE,Towers with Display (VFR),0,29,113,0,142,0,14,129,3,146,0,43,242,3,288,164,6,170,458
12/18/2002,CRQ,CA,AWP,WE,Towers with Display (VFR),0,28,116,0,144,0,8,224,17,249,0,36,340,17,393,198,0,198,591
12/19/2002,CRQ,CA,AWP,WE,Towers with Display (VFR),0,21,109,0,130,0,10,248,5,263,0,31,357,5,393,196,0,196,589
12/20/2002,CRQ,CA,AWP,WE,Towers with Display (VFR),0,19,88,0,107,0,2,82,1,85,0,21,170,1,192,68,0,68,260
12/21/2002,CRQ,CA,AWP,WE,Towers with Display (VFR),0,22,100,0,122,0,0,72,0,72,0,22,172,0,194,116,0,116,310
12/22/2002,CRQ,CA,AWP,WE,Towers with Display (VFR),0,20,62,0,82,0,0,172,0,172,0,20,234,0,254,154,0,154,408
12/23/2002,CRQ,CA,AWP,WE,Towers with Display (VFR),0,28,119,0,147,0,3,272,4,279,0,31,391,4,426,118,0,118,544
12/24/2002,CRQ,CA,AWP,WE,Towers with Display (VFR),0,17,72,0,89,0,11,213,8,232,0,28,285,8,321,158,0,158,479
12/25/2002,CRQ,CA,AWP,WE,Towers with Display (VFR),0,18,24,0,42,0,7,173,2,182,0,25,197,2,224,44,0,44,268
12/26/2002,CRQ,CA,AWP,WE,Towers with Display (VFR),0,26,97,0,123,0,3,243,2,248,0,29,340,2,371,102,0,102,473
12/27/2002,CRQ,CA,AWP,WE,Towers with Display (VFR),0,26,109,0,135,0,14,278,12,304,0,40,387,12,439,190,0,190,629
12/28/2002,CRQ,CA,AWP,WE,Towers with Display (VFR),0,23,123,0,146,0,9,230,0,239,0,32,353,0,385,134,0,134,519
12/29/2002,CRQ,CA,AWP,WE,Towers with Display (VFR),0,26,90,0,116,0,11,187,0,198,0,37,277,0,314,154,0,154,468
12/30/2002,CRQ,CA,AWP,WE,Towers with Display (VFR),0,20,110,0,130,0,14,313,8,335,0,34,423,8,465,180,0,180,645
12/31/2002,CRQ,CA,AWP,WE,Towers with Display (VFR),0,18,76,3,97,0,13,211,0,224,0,31,287,3,321,148,0,148,469
01/01/2003,CRQ,CA,AWP,WE,Towers with Display (VFR),0,23,51,0,74,0,21,239,0,260,0,44,290,0,334,110,0,110,444
01/02/2003,CRQ,CA,AWP,WE,Towers with Display (VFR),0,20,98,0,118,0,2,311,2,315,0,22,409,2,433,292,0,292,725
01/03/2003,CRQ,CA,AWP,WE,Towers with Display (VFR),0,20,84,0,104,0,11,260,2,273,0,31,344,2,377,254,0,254,631
01/04/2003,CRQ,CA,AWP,WE,Towers with Display (VFR),0,20,98,0,118,0,0,435,5,440,0,20,533,5,558,288,0,288,846
01/05/2003,CRQ,CA,AWP,WE,Towers with Display (VFR),0,23,97,0,120,0,1,388,1,390,0,24,485,1,510,52,0,52,562
01/06/2003,CRQ,CA,AWP,WE,Towers with Display (VFR),0,24,46,0,70,0,8,53,0,61,0,32,99,0,131,36,0,36,167
01/07/2003,CRQ,CA,AWP,WE,Towers with Display (VFR),0,31,44,0,75,0,18,66,7,91,0,49,110,7,166,86,0,86,252
01/08/2003,CRQ,CA,AWP,WE,Towers with Display (VFR),0,32,115,0,147,0,9,192,11,212,0,41,307,11,359,276,0,276,635
01/09/2003,CRQ,CA,AWP,WE,Towers with Display (VFR),0,23,121,1,145,0,15,247,7,269,0,38,368,8,414,172,0,172,586
01/10/2003,CRQ,CA,AWP,WE,Towers with Display (VFR),0,21,108,3,132,0,17,174,17,208,0,38,282,20,340,272,0,272,612
01/11/2003,CRQ,CA,AWP,WE,Towers with Display (VFR),0,10,71,0,81,0,12,261,0,273,0,22,332,0,354,183,0,183,537
01/12/2003,CRQ,CA,AWP,WE,Towers with Display (VFR),0,20,167,0,187,0,0,60,0,60,0,20,227,0,247,16,0,16,263
01/13/2003,CRQ,CA,AWP,WE,Towers with Display (VFR),0,29,141,0,170,0,0,68,0,68,0,29,209,0,238,42,0,42,280
01/14/2003,CRQ,CA,AWP,WE,Towers with Display (VFR),0,18,154,2,174,0,13,97,10,120,0,31,251,12,294,86,0,86,380
01/15/2003,CRQ,CA,AWP,WE,Towers with Display (VFR),0,24,145,0,169,0,11,246,27,284,0,35,391,27,453,218,0,218,671
01/16/2003,CRQ,CA,AWP,WE,Towers with Display (VFR),0,30,121,0,151,0,12,272,12,296,0,42,393,12,447,202,0,202,649
01/17/2003,CRQ,CA,AWP,WE,Towers with Display (VFR),0,28,130,1,159,0,20,360,15,395,0,48,490,16,554,210,0,210,764
01/18/2003,CRQ,CA,AWP,WE,Towers with Display (VFR),0,20,91,0,111,0,0,321,0,321,0,20,412,0,432,184,0,184,616
01/19/2003,CRQ,CA,AWP,WE,Towers with Display (VFR),0,26,98,0,124,0,9,309,0,318,0,35,407,0,442,156,0,156,598
01/20/2003,CRQ,CA,AWP,WE,Towers with Display (VFR),0,27,160,0,187,0,6,262,0,268,0,33,422,0,455,170,0,170,625
01/21/2003,CRQ,CA,AWP,WE,Towers with Display (VFR),0,42,76,0,118,0,5,227,17,249,0,47,303,17,367,188,0,188,555
01/22/2003,CRQ,CA,AWP,WE,Towers with Display (VFR),0,33,97,0,130,0,21,221,4,246,0,54,318,4,376,228,0,228,604
01/23/2003,CRQ,CA,AWP,WE,Towers with Display (VFR),0,29,95,0,124,0,21,183,2,206,0,50,278,2,330,102,0,102,432
01/24/2003,CRQ,CA,AWP,WE,Towers with Display (VFR),0,35,66,0,101,0,9,241,8,258,0,44,307,8,359,232,0,232,591
01/25/2003,CRQ,CA,AWP,WE,Towers with Display (VFR),0,26,94,0,120,0,7,302,0,309,0,33,396,0,429,102,0,102,531
01/26/2003,CRQ,CA,AWP,WE,Towers with Display (VFR),0,43,96,0,139,0,6,207,0,213,0,49,303,0,352,208,0,208,560
01/27/2003,CRQ,CA,AWP,WE,Towers with Display (VFR),0,0,0,0,0,0,57,400,3,460,0,57,400,3,460,190,0,190,650
01/28/2003,CRQ,CA,AWP,WE,Towers with Display (VFR),0,46,147,0,193,0,0,325,7,332,0,46,472,7,525,122,0,122,647
01/29/2003,CRQ,CA,AWP,WE,Towers with Display (VFR),0,34,149,0,183,0,4,135,7,146,0,38,284,7,329,140,0,140,469
01/30/2003,CRQ,CA,AWP,WE,Towers with Display (VFR),0,36,111,0,147,0,7,193,4,204,0,43,304,4,351,164,0,164,515
01/31/2003,CRQ,CA,AWP,WE,Towers with Display (VFR),0,36,128,0,164,0,1,290,4,295,0,37,418,4,459,210,0,210,669
02/01/2003,CRQ,CA,AWP,WE,Towers with Display (VFR),0,15,115,0,130,0,4,273,0,277,0,19,388,0,407,162,0,162,569
02/02/2003,CRQ,CA,AWP,WE,Towers with Display (VFR),0,24,129,0,153,0,1,272,0,273,0,25,401,0,426,130,0,130,556
02/03/2003,CRQ,CA,AWP,WE,Towers with Display (VFR),0,26,117,8,151,0,12,233,10,255,0,38,350,18,406,178,0,178,584
02/04/2003,CRQ,CA,AWP,WE,Towers with Display (VFR),0,35,115,5,155,0,24,235,11,270,0,59,350,16,425,200,2,202,627
02/05/2003,CRQ,CA,AWP,WE,Towers with Display (VFR),0,24,110,0,134,0,6,224,6,236,0,30,334,6,370,176,0,176,546
02/06/2003,CRQ,CA,AWP,WE,Towers with Display (VFR),0,28,86,3,117,0,12,256,1,269,0,40,342,4,386,309,0,309,695
02/07/2003,CRQ,CA,AWP,WE,Towers with Display (VFR),0,27,128,0,155,0,11,227,2,240,0,38,355,2,395,166,0,166,561
02/08/2003,CRQ,CA,AWP,WE,Towers with Display (VFR),0,28,61,0,89,0,0,353,3,356,0,28,414,3,445,158,0,158,603
02/09/2003,CRQ,CA,AWP,WE,Towers with Display (VFR),0,32,81,0,113,0,0,399,2,401,0,32,480,2,514,207,0,207,721
02/10/2003,CRQ,CA,AWP,WE,Towers with Display (VFR),0,31,107,0,138,0,0,164,2,166,0,31,271,2,304,144,0,144,448
02/11/2003,CRQ,CA,AWP,WE,Towers with Display (VFR),0,28,141,0,169,0,0,0,2,2,0,28,141,2,171,4,0,4,175
02/12/2003,CRQ,CA,AWP,WE,Towers with Display (VFR),0,33,44,0,77,0,9,0,4,13,0,42,44,4,90,22,0,22,112
02/13/2003,CRQ,CA,AWP,WE,Towers with Display (VFR),0,28,153,1,182,0,8,21,3,32,0,36,174,4,214,28,0,28,242
02/14/2003,CRQ,CA,AWP,WE,Towers with Display (VFR),0,29,156,0,185,0,11,131,8,150,0,40,287,8,335,154,0,154,489
02/15/2003,CRQ,CA,AWP,WE,Towers with Display (VFR),0,26,165,0,191,0,7,229,6,242,0,33,394,6,433,214,0,214,647
02/16/2003,CRQ,CA,AWP,WE,Towers with Display (VFR),0,28,183,0,211,0,14,184,0,198,0,42,367,0,409,122,0,122,531
02/17/2003,CRQ,CA,AWP,WE,Towers with Display (VFR),0,34,125,0,159,0,0,242,8,250,0,34,367,8,409,266,0,266,675
02/18/2003,CRQ,CA,AWP,WE,Towers with Display (VFR),0,25,119,0,144,0,16,272,10,298,0,41,391,10,442,214,0,214,656
02/19/2003,CRQ,CA,AWP,WE,Towers with Display (VFR),0,42,189,0,231,0,5,138,22,165,0,47,327,22,396,138,0,138,534
02/20/2003,CRQ,CA,AWP,WE,Towers with Display (VFR),0,24,111,0,135,0,14,273,4,291,0,38,384,4,426,252,0,252,678
02/21/2003,CRQ,CA,AWP,WE,Towers with Display (VFR),0,31,121,0,152,0,9,343,18,370,0,40,464,18,522,190,0,190,712
02/22/2003,CRQ,CA,AWP,WE,Towers with Display (VFR),0,21,99,0,120,0,3,362,3,368,0,24,461,3,488,174,2,176,664
02/23/2003,CRQ,CA,AWP,WE,Towers with Display (VFR),0,27,158,0,185,0,0,192,5,197,0,27,350,5,382,178,2,180,562
02/24/2003,CRQ,CA,AWP,WE,Towers with Display (VFR),0,31,108,1,140,0,12,112,1,125,0,43,220,2,265,140,0,140,405
02/25/2003,CRQ,CA,AWP,WE,Towers with Display (VFR),0,34,75,2,111,0,2,53,5,60,0,36,128,7,171,100,0,100,271
02/26/2003,CRQ,CA,AWP,WE,Towers with Display (VFR),0,35,140,0,175,0,18,146,12,176,0,53,286,12,351,196,0,196,547
02/27/2003,CRQ,CA,AWP,WE,Towers with Display (VFR),0,30,99,1,130,0,6,95,7,108,0,36,194,8,238,94,0,94,332
02/28/2003,CRQ,CA,AWP,WE,Towers with Display (VFR),0,45,134,0,179,0,8,250,12,270,0,53,384,12,449,227,4,231,680
03/01/2003,CRQ,CA,AWP,WE,Towers with Display (VFR),0,16,116,0,132,0,1,266,1,268,0,17,382,1,400,210,0,210,610
03/02/2003,CRQ,CA,AWP,WE,Towers with Display (VFR),0,32,121,0,153,0,11,431,0,442,0,43,552,0,595,100,0,100,695
03/03/2003,CRQ,CA,AWP,WE,Towers with Display (VFR),0,33,143,0,176,0,1,156,9,166,0,34,299,9,342,106,0,106,448
03/04/2003,CRQ,CA,AWP,WE,Towers with Display (VFR),0,25,157,0,182,0,7,44,9,60,0,32,201,9,242,164,0,164,406
03/05/2003,CRQ,CA,AWP,WE,Towers with Display (VFR),0,34,122,0,156,0,5,220,12,237,0,39,342,12,393,160,0,160,553
03/06/2003,CRQ,CA,AWP,WE,Towers with Display (VFR),0,24,104,3,131,0,15,245,3,263,0,39,349,6,394,280,0,280,674
03/07/2003,CRQ,CA,AWP,WE,Towers with Display (VFR),0,31,106,3,140,0,10,238,9,257,0,41,344,12,397,152,0,152,549
03/08/2003,CRQ,CA,AWP,WE,Towers with Display (VFR),0,22,114,0,136,0,0,346,2,348,0,22,460,2,484,190,0,190,674
03/09/2003,CRQ,CA,AWP,WE,Towers with Display (VFR),0,0,0,0,0,0,23,316,0,339,0,23,316,0,339,72,0,72,411
03/10/2003,CRQ,CA,AWP,WE,Towers with Display (VFR),0,38,113,3,154,0,3,212,10,225,0,41,325,13,379,200,0,200,579
03/11/2003,CRQ,CA,AWP,WE,Towers with Display (VFR),0,34,106,2,142,0,22,203,14,239,0,56,309,16,381,248,0,248,629
03/12/2003,CRQ,CA,AWP,WE,Towers with Display (VFR),0,35,118,0,153,0,21,251,8,280,0,56,369,8,433,196,0,196,629
03/13/2003,CRQ,CA,AWP,WE,Towers with Display (VFR),0,35,150,2,187,0,12,130,2,144,0,47,280,4,331,108,0,108,439
03/14/2003,CRQ,CA,AWP,WE,Towers with Display (VFR),0,31,164,0,195,0,8,205,2,215,0,39,369,2,410,168,0,168,578
03/15/2003,CRQ,CA,AWP,WE,Towers with Display (VFR),0,19,80,0,99,0,2,18,2,22,0,21,98,2,121,106,0,106,227
03/16/2003,CRQ,CA,AWP,WE,Towers with Display (VFR),0,29,125,0,154,0,2,62,4,68,0,31,187,4,222,90,0,90,312
03/17/2003,CRQ,CA,AWP,WE,Towers with Display (VFR),0,24,76,0,100,0,14,95,6,115,0,38,171,6,215,118,0,118,333
03/18/2003,CRQ,CA,AWP,WE,Towers with Display (VFR),0,28,120,0,148,0,14,228,8,250,0,42,348,8,398,218,0,218,616
03/19/2003,CRQ,CA,AWP,WE,Towers with Display (VFR),0,26,95,0,121,0,13,264,8,285,0,39,359,8,406,168,0,168,574
03/20/2003,CRQ,CA,AWP,WE,Towers with Display (VFR),0,28,138,0,166,0,14,154,6,174,0,42,292,6,340,218,0,218,558
03/21/2003,CRQ,CA,AWP,WE,Towers with Display (VFR),0,32,109,0,141,0,15,337,0,352,0,47,446,0,493,174,0,174,667
03/22/2003,CRQ,CA,AWP,WE,Towers with Display (VFR),0,23,66,0,89,0,5,412,0,417,0,28,478,0,506,242,0,242,748
03/23/2003,CRQ,CA,AWP,WE,Towers with Display (VFR),0,31,177,0,208,0,0,278,2,280,0,31,455,2,488,118,0,118,606
03/24/2003,CRQ,CA,AWP,WE,Towers with Display (VFR),0,0,0,0,0,0,36,192,2,230,0,36,192,2,230,124,0,124,354
03/25/2003,CRQ,CA,AWP,WE,Towers with Display (VFR),0,37,182,2,221,0,3,223,6,232,0,40,405,8,453,231,0,231,684
03/26/2003,CRQ,CA,AWP,WE,Towers with Display (VFR),0,17,119,0,136,0,12,230,2,244,0,29,349,2,380,237,0,237,617
03/27/2003,CRQ,CA,AWP,WE,Towers with Display (VFR),0,22,137,2,161,0,9,282,0,291,0,31,419,2,452,186,14,200,652
03/28/2003,CRQ,CA,AWP,WE,Towers with Display (VFR),0,26,77,0,103,0,4,245,5,254,0,30,322,5,357,262,0,262,619
03/29/2003,CRQ,CA,AWP,WE,Towers with Display (VFR),0,20,50,0,70,0,6,115,0,121,0,26,165,0,191,120,0,120,311
03/30/2003,CRQ,CA,AWP,WE,Towers with Display (VFR),0,22,107,0,129,0,0,289,0,289,0,22,396,0,418,94,0,94,512
03/31/2003,CRQ,CA,AWP,WE,Towers with Display (VFR),0,21,105,0,126,0,15,254,20,289,0,36,359,20,415,92,0,92,507
04/01/2003,CRQ,CA,AWP,WE,Towers with Display (VFR),0,31,105,0,136,0,12,214,11,237,0,43,319,11,373,160,0,160,533
04/02/2003,CRQ,CA,AWP,WE,Towers with Display (VFR),0,30,150,0,180,0,11,167,12,190,0,41,317,12,370,256,0,256,626
04/03/2003,CRQ,CA,AWP,WE,Towers with Display (VFR),0,24,132,1,157,0,9,281,14,304,0,33,413,15,461,256,0,256,717
04/04/2003,CRQ,CA,AWP,WE,Towers with Display (VFR),0,34,117,0,151,0,0,207,18,225,0,34,324,18,376,146,0,146,522
04/05/2003,CRQ,CA,AWP,WE,Towers with Display (VFR),0,22,95,0,117,0,0,293,4,297,0,22,388,4,414,238,0,238,652
04/06/2003,CRQ,CA,AWP,WE,Towers with Display (VFR),0,30,101,0,131,0,12,365,1,378,0,42,466,1,509,94,0,94,603
04/07/2003,CRQ,CA,AWP,WE,Towers with Display (VFR),0,28,78,0,106,0,4,247,4,255,0,32,325,4,361,242,0,242,603
04/08/2003,CRQ,CA,AWP,WE,Towers with Display (VFR),0,33,98,0,131,0,15,335,6,356,0,48,433,6,487,186,0,186,673
04/09/2003,CRQ,CA,AWP,WE,Towers with Display (VFR),0,33,95,0,128,0,2,290,8,300,0,35,385,8,428,208,0,208,636
04/10/2003,CRQ,CA,AWP,WE,Towers with Display (VFR),0,31,115,0,146,0,2,281,10,293,0,33,396,10,439,254,0,254,693
04/11/2003,CRQ,CA,AWP,WE,Towers with Display (VFR),0,34,139,3,176,0,7,190,1,198,0,41,329,4,374,202,0,202,576
04/12/2003,CRQ,CA,AWP,WE,Towers with Display (VFR),0,29,81,2,112,0,5,258,2,265,0,34,339,4,377,176,0,176,553
04/13/2003,CRQ,CA,AWP,WE,Towers with Display (VFR),0,31,135,0,166,0,0,147,0,147,0,31,282,0,313,162,0,162,475
04/14/2003,CRQ,CA,AWP,WE,Towers with Display (VFR),0,25,54,0,79,0,2,6,2,10,0,27,60,2,89,16,0,16,105
04/15/2003,CRQ,CA,AWP,WE,Towers with Display (VFR),0,28,89,0,117,0,0,215,2,217,0,28,304,2,334,218,0,218,552
04/16/2003,CRQ,CA,AWP,WE,Towers with Display (VFR),0,24,108,0,132,0,0,232,0,232,0,24,340,0,364,115,0,115,479
04/17/2003,CRQ,CA,AWP,WE,Towers with Display (VFR),0,30,132,0,162,0,0,125,10,135,0,30,257,10,297,186,0,186,483
04/18/2003,CRQ,CA,AWP,WE,Towers with Display (VFR),0,30,179,0,209,0,0,174,8,182,0,30,353,8,391,195,0,195,586
04/19/2003,CRQ,CA,AWP,WE,Towers with Display (VFR),0,21,90,0,111,0,3,491,0,494,0,24,581,0,605,194,0,194,799
04/20/2003,CRQ,CA,AWP,WE,Towers with Display (VFR),0,38,93,0,131,0,0,294,1,295,0,38,387,1,426,112,0,112,538
04/21/2003,CRQ,CA,AWP,WE,Towers with Display (VFR),0,41,103,0,144,0,21,156,7,184,0,62,259,7,328,254,0,254,582
04/22/2003,CRQ,CA,AWP,WE,Towers with Display (VFR),0,30,129,0,159,0,15,161,0,176,0,45,290,0,335,178,0,178,513
04/23/2003,CRQ,CA,AWP,WE,Towers with Display (VFR),0,33,116,6,155,0,21,220,8,249,0,54,336,14,404,244,0,244,648
04/24/2003,CRQ,CA,AWP,WE,Towers with Display (VFR),0,34,112,0,146,0,3,241,7,251,0,37,353,7,397,206,0,206,603
04/25/2003,CRQ,CA,AWP,WE,Towers with Display (VFR),0,35,106,3,144,0,11,231,1,243,0,46,337,4,387,208,0,208,595
04/26/2003,CRQ,CA,AWP,WE,Towers with Display (VFR),0,21,104,0,125,0,0,262,0,262,0,21,366,0,387,282,0,282,669
04/27/2003,CRQ,CA,AWP,WE,Towers with Display (VFR),0,32,107,0,139,0,0,259,0,259,0,32,366,0,398,78,0,78,476
04/28/2003,CRQ,CA,AWP,WE,Towers with Display (VFR),0,0,0,0,0,0,54,363,2,419,0,54,363,2,419,211,0,211,630
04/29/2003,CRQ,CA,AWP,WE,Towers with Display (VFR),0,28,109,1,138,0,12,262,12,286,0,40,371,13,424,152,0,152,576
04/30/2003,CRQ,CA,AWP,WE,Towers with Display (VFR),0,45,82,0,127,0,0,258,8,266,0,45,340,8,393,142,0,142,535
05/01/2003,CRQ,CA,AWP,WE,Towers with Display (VFR),0,35,94,0,129,0,35,280,6,321,0,70,374,6,450,236,0,236,686
05/02/2003,CRQ,CA,AWP,WE,Towers with Display (VFR),0,32,124,0,156,0,18,191,2,211,0,50,315,2,367,190,0,190,557
05/03/2003,CRQ,CA,AWP,WE,Towers with Display (VFR),0,18,96,0,114,0,6,58,0,64,0,24,154,0,178,108,0,108,286
05/04/2003,CRQ,CA,AWP,WE,Towers with Display (VFR),0,51,166,0,217,0,5,224,0,229,0,56,390,0,446,166,0,166,612
05/05/2003,CRQ,CA,AWP,WE,Towers with Display (VFR),0,21,66,0,87,0,13,254,3,270,0,34,320,3,357,244,0,244,601
05/06/2003,CRQ,CA,AWP,WE,Towers with Display (VFR),0,51,127,2,180,0,0,117,4,121,0,51,244,6,301,328,0,328,629
05/07/2003,CRQ,CA,AWP,WE,Towers with Display (VFR),0,34,174,0,208,0,6,76,2,84,0,40,250,2,292,186,0,186,478
05/08/2003,CRQ,CA,AWP,WE,Towers with Display (VFR),0,34,176,0,210,0,21,126,12,159,0,55,302,12,369,428,0,428,797
05/09/2003,CRQ,CA,AWP,WE,Towers with Display (VFR),0,0,0,0,0,0,48,374,5,427,0,48,374,5,427,222,0,222,649
05/10/2003,CRQ,CA,AWP,WE,Towers with Display (VFR),0,30,90,0,120,0,3,435,0,438,0,33,525,0,558,228,0,228,786
05/11/2003,CRQ,CA,AWP,WE,Towers with Display (VFR),0,34,100,0,134,0,8,309,0,317,0,42,409,0,451,80,0,80,531
05/12/2003,CRQ,CA,AWP,WE,Towers with Display (VFR),0,27,81,0,108,0,13,281,1,295,0,40,362,1,403,150,0,150,553
05/13/2003,CRQ,CA,AWP,WE,Towers with Display (VFR),0,38,148,0,186,0,0,245,6,251,0,38,393,6,437,222,0,222,659
05/14/2003,CRQ,CA,AWP,WE,Towers with Display (VFR),0,43,129,0,172,0,5,105,8,118,0,48,234,8,290,140,0,140,430
05/15/2003,CRQ,CA,AWP,WE,Towers with Display (VFR),0,0,0,0,0,0,46,418,8,472,0,46,418,8,472,154,0,154,626
05/16/2003,CRQ,CA,AWP,WE,Towers with Display (VFR),0,33,99,0,132,0,12,213,14,239,0,45,312,14,371,160,0,160,531
05/17/2003,CRQ,CA,AWP,WE,Towers with Display (VFR),0,17,165,0,182,0,13,129,1,143,0,30,294,1,325,84,0,84,409
05/18/2003,CRQ,CA,AWP,WE,Towers with Display (VFR),0,27,119,2,148,0,15,252,2,269,0,42,371,4,417,86,0,86,503
05/19/2003,CRQ,CA,AWP,WE,Towers with Display (VFR),0,0,0,0,0,0,17,180,2,199,0,17,180,2,199,98,0,98,297
05/20/2003,CRQ,CA,AWP,WE,Towers with Display (VFR),0,21,139,0,160,0,8,205,1,214,0,29,344,1,374,194,0,194,568
05/21/2003,CRQ,CA,AWP,WE,Towers with Display (VFR),0,25,113,0,138,0,8,246,18,272,0,33,359,18,410,268,22,290,700
05/22/2003,CRQ,CA,AWP,WE,Towers with Display (VFR),1,24,159,4,188,0,21,183,4,208,1,45,342,8,396,160,0,160,556
05/23/2003,CRQ,CA,AWP,WE,Towers with Display (VFR),0,46,267,1,314,1,0,85,3,89,1,46,352,4,403,144,0,144,547
05/24/2003,CRQ,CA,AWP,WE,Towers with Display (VFR),1,23,164,0,188,0,3,82,4,89,1,26,246,4,277,274,0,274,551
05/25/2003,CRQ,CA,AWP,WE,Towers with Display (VFR),0,19,136,0,155,0,3,118,0,121,0,22,254,0,276,124,0,124,400
05/26/2003,CRQ,CA,AWP,WE,Towers with Display (VFR),0,0,0,0,0,0,0,0,0,0,0,0,0,0,0,0,0,0,0
05/27/2003,CRQ,CA,AWP,WE,Towers with Display (VFR),0,41,196,2,239,0,18,132,0,150,0,59,328,2,389,177,0,177,566
05/28/2003,CRQ,CA,AWP,WE,Towers with Display (VFR),0,24,137,0,161,0,13,221,0,234,0,37,358,0,395,220,0,220,615
05/29/2003,CRQ,CA,AWP,WE,Towers with Display (VFR),0,32,161,3,196,0,19,98,9,126,0,51,259,12,322,66,0,66,388
05/30/2003,CRQ,CA,AWP,WE,Towers with Display (VFR),0,37,280,10,327,0,0,0,0,0,0,37,280,10,327,76,0,76,403
05/31/2003,CRQ,CA,AWP,WE,Towers with Display (VFR),0,27,185,0,212,0,8,97,0,105,0,35,282,0,317,238,0,238,555
06/01/2003,CRQ,CA,AWP,WE,Towers with Display (VFR),0,13,84,1,98,0,24,216,1,241,0,37,300,2,339,26,0,26,365
06/02/2003,CRQ,CA,AWP,WE,Towers with Display (VFR),0,13,90,1,104,0,16,106,3,125,0,29,196,4,229,82,0,82,311
06/03/2003,CRQ,CA,AWP,WE,Towers with Display (VFR),0,15,97,1,113,0,33,173,9,215,0,48,270,10,328,182,0,182,510
06/04/2003,CRQ,CA,AWP,WE,Towers with Display (VFR),0,12,81,0,93,0,20,209,0,229,0,32,290,0,322,260,0,260,582
06/05/2003,CRQ,CA,AWP,WE,Towers with Display (VFR),0,16,101,1,118,0,25,185,5,215,0,41,286,6,333,244,0,244,577
06/06/2003,CRQ,CA,AWP,WE,Towers with Display (VFR),0,20,125,1,146,0,7,120,5,132,0,27,245,6,278,228,0,228,506
06/07/2003,CRQ,CA,AWP,WE,Towers with Display (VFR),0,17,101,0,118,0,7,112,0,119,0,24,213,0,237,76,0,76,313
06/08/2003,CRQ,CA,AWP,WE,Towers with Display (VFR),0,14,89,0,103,0,10,83,0,93,0,24,172,0,196,0,0,0,196
06/09/2003,CRQ,CA,AWP,WE,Towers with Display (VFR),0,15,91,1,107,0,30,121,6,157,0,45,212,7,264,172,0,172,436
06/10/2003,CRQ,CA,AWP,WE,Towers with Display (VFR),0,12,74,1,87,0,30,253,9,292,0,42,327,10,379,146,0,146,525
06/11/2003,CRQ,CA,AWP,WE,Towers with Display (VFR),0,7,44,1,52,0,55,309,11,375,0,62,353,12,427,234,0,234,661
06/12/2003,CRQ,CA,AWP,WE,Towers with Display (VFR),0,5,31,1,37,0,53,365,11,429,0,58,396,12,466,214,0,214,680
06/13/2003,CRQ,CA,AWP,WE,Towers with Display (VFR),0,4,28,0,32,0,33,290,0,323,0,37,318,0,355,134,0,134,489
06/14/2003,CRQ,CA,AWP,WE,Towers with Display (VFR),0,7,42,0,49,0,30,328,0,358,0,37,370,0,407,112,0,112,519
06/15/2003,CRQ,CA,AWP,WE,Towers with Display (VFR),0,21,125,0,146,0,18,200,0,218,0,39,325,0,364,62,0,62,426
06/16/2003,CRQ,CA,AWP,WE,Towers with Display (VFR),0,18,108,1,127,0,12,155,8,175,0,30,263,9,302,30,0,30,332
06/17/2003,CRQ,CA,AWP,WE,Towers with Display (VFR),0,17,107,0,124,0,24,124,6,154,0,41,231,6,278,84,0,84,362
06/18/2003,CRQ,CA,AWP,WE,Towers with Display (VFR),0,18,109,0,127,0,18,138,2,158,0,36,247,2,285,50,0,50,335
06/19/2003,CRQ,CA,AWP,WE,Towers with Display (VFR),0,16,100,0,116,0,24,123,8,155,0,40,223,8,271,148,0,148,419
06/20/2003,CRQ,CA,AWP,WE,Towers with Display (VFR),0,14,84,0,98,0,36,198,8,242,0,50,282,8,340,160,0,160,500
06/21/2003,CRQ,CA,AWP,WE,Towers with Display (VFR),0,13,78,0,91,0,7,123,1,131,0,20,201,1,222,166,0,166,388
06/22/2003,CRQ,CA,AWP,WE,Towers with Display (VFR),0,10,66,0,76,0,27,206,10,243,0,37,272,10,319,180,0,180,499
06/23/2003,CRQ,CA,AWP,WE,Towers with Display (VFR),0,13,79,0,92,0,19,148,4,171,0,32,227,4,263,146,0,146,409
06/24/2003,CRQ,CA,AWP,WE,Towers with Display (VFR),0,3,23,0,26,0,23,346,2,371,0,26,369,2,397,81,0,81,478
06/25/2003,CRQ,CA,AWP,WE,Towers with Display (VFR),0,13,78,0,91,0,11,224,3,238,0,24,302,3,329,180,0,180,509
06/26/2003,CRQ,CA,AWP,WE,Towers with Display (VFR),0,6,37,0,43,0,33,251,13,297,0,39,288,13,340,94,0,94,434
06/27/2003,CRQ,CA,AWP,WE,Towers with Display (VFR),0,7,46,0,53,0,21,269,4,294,0,28,315,4,347,154,0,154,501
06/28/2003,CRQ,CA,AWP,WE,Towers with Display (VFR),0,4,27,0,31,0,14,276,2,292,0,18,303,2,323,104,0,104,427
06/29/2003,CRQ,CA,AWP,WE,Towers with Display (VFR),0,2,12,0,14,0,41,420,0,461,0,43,432,0,475,68,0,68,543
06/30/2003,CRQ,CA,AWP,WE,Towers with Display (VFR),0,3,24,0,27,0,37,329,8,374,0,40,353,8,401,162,0,162,563
07/01/2003,CRQ,CA,AWP,WE,Towers with Display (VFR),0,28,146,0,174,0,8,212,1,221,0,36,358,1,395,174,0,174,569
07/02/2003,CRQ,CA,AWP,WE,Towers with Display (VFR),0,20,102,0,122,0,6,239,10,255,0,26,341,10,377,208,0,208,585
07/03/2003,CRQ,CA,AWP,WE,Towers with Display (VFR),0,31,128,1,160,0,9,296,5,310,0,40,424,6,470,269,0,269,739
07/04/2003,CRQ,CA,AWP,WE,Towers with Display (VFR),0,12,32,0,44,0,7,219,0,226,0,19,251,0,270,124,0,124,394
07/05/2003,CRQ,CA,AWP,WE,Towers with Display (VFR),0,16,53,0,69,0,7,303,0,310,0,23,356,0,379,177,0,177,556
07/06/2003,CRQ,CA,AWP,WE,Towers with Display (VFR),0,28,117,0,145,0,4,177,0,181,0,32,294,0,326,74,0,74,400
07/07/2003,CRQ,CA,AWP,WE,Towers with Display (VFR),0,32,106,0,138,0,14,163,7,184,0,46,269,7,322,120,0,120,442
07/08/2003,CRQ,CA,AWP,WE,Towers with Display (VFR),0,29,153,0,182,0,3,172,7,182,0,32,325,7,364,172,0,172,536
07/09/2003,CRQ,CA,AWP,WE,Towers with Display (VFR),0,32,151,0,183,0,0,137,2,139,0,32,288,2,322,198,4,202,524
07/10/2003,CRQ,CA,AWP,WE,Towers with Display (VFR),0,35,173,2,210,0,14,128,0,142,0,49,301,2,352,146,0,146,498
07/11/2003,CRQ,CA,AWP,WE,Towers with Display (VFR),0,30,137,0,167,0,17,260,12,289,0,47,397,12,456,249,0,249,705
07/12/2003,CRQ,CA,AWP,WE,Towers with Display (VFR),0,26,100,1,127,0,13,290,3,306,0,39,390,4,433,186,0,186,619
07/13/2003,CRQ,CA,AWP,WE,Towers with Display (VFR),0,37,122,0,159,0,26,335,0,361,0,63,457,0,520,36,0,36,556
07/14/2003,CRQ,CA,AWP,WE,Towers with Display (VFR),0,24,116,0,140,0,7,191,4,202,0,31,307,4,342,98,0,98,440
07/15/2003,CRQ,CA,AWP,WE,Towers with Display (VFR),0,27,206,0,233,0,0,22,1,23,0,27,228,1,256,166,0,166,422
07/16/2003,CRQ,CA,AWP,WE,Towers with Display (VFR),0,31,126,0,157,0,10,168,4,182,0,41,294,4,339,162,0,162,501
07/17/2003,CRQ,CA,AWP,WE,Towers with Display (VFR),0,27,95,0,122,0,14,245,2,261,0,41,340,2,383,265,0,265,648
07/18/2003,CRQ,CA,AWP,WE,Towers with Display (VFR),0,31,174,0,205,0,0,20,0,20,0,31,194,0,225,117,0,117,342
07/19/2003,CRQ,CA,AWP,WE,Towers with Display (VFR),0,20,99,0,119,0,1,324,0,325,0,21,423,0,444,256,0,256,700
07/20/2003,CRQ,CA,AWP,WE,Towers with Display (VFR),0,26,103,0,129,0,8,369,0,377,0,34,472,0,506,118,0,118,624
07/21/2003,CRQ,CA,AWP,WE,Towers with Display (VFR),0,32,149,0,181,0,7,197,2,206,0,39,346,2,387,142,0,142,529
07/22/2003,CRQ,CA,AWP,WE,Towers with Display (VFR),0,20,181,0,201,0,10,24,0,34,0,30,205,0,235,94,0,94,329
07/23/2003,CRQ,CA,AWP,WE,Towers with Display (VFR),0,35,167,0,202,0,11,163,2,176,0,46,330,2,378,92,0,92,470
07/24/2003,CRQ,CA,AWP,WE,Towers with Display (VFR),0,34,182,0,216,0,7,184,4,195,0,41,366,4,411,90,0,90,501
07/25/2003,CRQ,CA,AWP,WE,Towers with Display (VFR),0,33,151,0,184,0,5,258,0,263,0,38,409,0,447,125,0,125,572
07/26/2003,CRQ,CA,AWP,WE,Towers with Display (VFR),0,16,179,2,197,0,0,102,0,102,0,16,281,2,299,84,0,84,383
07/27/2003,CRQ,CA,AWP,WE,Towers with Display (VFR),0,39,144,0,183,0,8,211,0,219,0,47,355,0,402,86,0,86,488
07/28/2003,CRQ,CA,AWP,WE,Towers with Display (VFR),0,28,133,1,162,0,16,205,9,230,0,44,338,10,392,92,0,92,484
07/29/2003,CRQ,CA,AWP,WE,Towers with Display (VFR),0,33,112,2,147,0,0,224,4,228,0,33,336,6,375,196,0,196,571
07/30/2003,CRQ,CA,AWP,WE,Towers with Display (VFR),0,27,148,0,175,0,14,172,4,190,0,41,320,4,365,220,0,220,585
07/31/2003,CRQ,CA,AWP,WE,Towers with Display (VFR),0,34,136,0,170,0,1,225,8,234,0,35,361,8,404,114,0,114,518
08/01/2003,CRQ,CA,AWP,WE,Towers with Display (VFR),0,35,118,0,153,0,7,227,2,236,0,42,345,2,389,180,0,180,569
08/02/2003,CRQ,CA,AWP,WE,Towers with Display (VFR),0,19,108,1,128,0,0,284,1,285,0,19,392,2,413,58,0,58,471
08/03/2003,CRQ,CA,AWP,WE,Towers with Display (VFR),0,46,134,0,180,0,6,297,2,305,0,52,431,2,485,166,0,166,651
08/04/2003,CRQ,CA,AWP,WE,Towers with Display (VFR),0,34,49,0,83,0,10,289,12,311,0,44,338,12,394,130,0,130,524
08/05/2003,CRQ,CA,AWP,WE,Towers with Display (VFR),0,34,101,0,135,0,14,285,4,303,0,48,386,4,438,170,0,170,608
08/06/2003,CRQ,CA,AWP,WE,Towers with Display (VFR),0,37,124,0,161,0,0,249,12,261,0,37,373,12,422,192,0,192,614
08/07/2003,CRQ,CA,AWP,WE,Towers with Display (VFR),0,40,103,0,143,0,14,284,6,304,0,54,387,6,447,190,0,190,637
08/08/2003,CRQ,CA,AWP,WE,Towers with Display (VFR),0,39,94,0,133,0,14,318,2,334,0,53,412,2,467,246,0,246,713
08/09/2003,CRQ,CA,AWP,WE,Towers with Display (VFR),0,27,93,2,122,0,8,331,4,343,0,35,424,6,465,258,0,258,723
08/10/2003,CRQ,CA,AWP,WE,Towers with Display (VFR),0,27,78,0,105,0,4,375,2,381,0,31,453,2,486,160,0,160,646
08/11/2003,CRQ,CA,AWP,WE,Towers with Display (VFR),0,0,0,0,0,0,11,106,2,119,0,11,106,2,119,22,0,22,141
08/12/2003,CRQ,CA,AWP,WE,Towers with Display (VFR),0,27,111,3,141,0,16,270,17,303,0,43,381,20,444,218,0,218,662
08/13/2003,CRQ,CA,AWP,WE,Towers with Display (VFR),0,31,126,1,158,0,0,325,3,328,0,31,451,4,486,208,0,208,694
08/14/2003,CRQ,CA,AWP,WE,Towers with Display (VFR),0,40,136,0,176,0,3,185,2,190,0,43,321,2,366,84,0,84,450
08/15/2003,CRQ,CA,AWP,WE,Towers with Display (VFR),0,37,101,0,138,0,0,295,2,297,0,37,396,2,435,176,0,176,611
08/16/2003,CRQ,CA,AWP,WE,Towers with Display (VFR),0,26,106,3,135,0,11,366,5,382,0,37,472,8,517,108,0,108,625
08/17/2003,CRQ,CA,AWP,WE,Towers with Display (VFR),0,32,119,0,151,0,0,363,6,369,0,32,482,6,520,220,0,220,740
08/18/2003,CRQ,CA,AWP,WE,Towers with Display (VFR),0,25,96,2,123,0,10,216,7,233,0,35,312,9,356,186,0,186,542
08/19/2003,CRQ,CA,AWP,WE,Towers with Display (VFR),0,30,112,0,142,0,6,274,2,282,0,36,386,2,424,176,0,176,600
08/20/2003,CRQ,CA,AWP,WE,Towers with Display (VFR),0,30,96,0,126,0,8,254,1,263,0,38,350,1,389,234,0,234,623
08/21/2003,CRQ,CA,AWP,WE,Towers with Display (VFR),0,33,150,1,184,0,11,154,7,172,0,44,304,8,356,162,0,162,518
08/22/2003,CRQ,CA,AWP,WE,Towers with Display (VFR),0,38,185,0,223,0,6,150,11,167,0,44,335,11,390,138,0,138,528
08/23/2003,CRQ,CA,AWP,WE,Towers with Display (VFR),0,14,102,1,117,0,14,284,5,303,0,28,386,6,420,208,0,208,628
08/24/2003,CRQ,CA,AWP,WE,Towers with Display (VFR),0,42,105,6,153,0,8,373,3,384,0,50,478,9,537,114,0,114,651
08/25/2003,CRQ,CA,AWP,WE,Towers with Display (VFR),0,22,79,0,101,0,27,226,8,261,0,49,305,8,362,140,0,140,502
08/26/2003,CRQ,CA,AWP,WE,Towers with Display (VFR),0,36,90,1,127,0,4,298,13,315,0,40,388,14,442,240,0,240,682
08/27/2003,CRQ,CA,AWP,WE,Towers with Display (VFR),0,31,128,0,159,0,0,217,4,221,0,31,345,4,380,270,0,270,650
08/28/2003,CRQ,CA,AWP,WE,Towers with Display (VFR),0,25,126,4,155,0,10,260,8,278,0,35,386,12,433,228,0,228,661
08/29/2003,CRQ,CA,AWP,WE,Towers with Display (VFR),0,29,113,0,142,0,0,272,5,277,0,29,385,5,419,173,0,173,592
08/30/2003,CRQ,CA,AWP,WE,Towers with Display (VFR),0,25,119,1,145,0,13,269,1,283,0,38,388,2,428,118,0,118,546
08/31/2003,CRQ,CA,AWP,WE,Towers with Display (VFR),0,23,92,2,117,0,9,298,1,308,0,32,390,3,425,106,0,106,531
09/01/2003,CRQ,CA,AWP,WE,Towers with Display (VFR),0,31,193,1,225,0,0,190,0,190,0,31,383,1,415,36,0,36,451
09/02/2003,CRQ,CA,AWP,WE,Towers with Display (VFR),0,34,103,1,138,0,7,155,0,162,0,41,258,1,300,62,0,62,362
09/03/2003,CRQ,CA,AWP,WE,Towers with Display (VFR),0,26,84,2,112,0,10,252,4,266,0,36,336,6,378,134,0,134,512
09/04/2003,CRQ,CA,AWP,WE,Towers with Display (VFR),0,34,97,3,134,0,12,375,11,398,0,46,472,14,532,240,0,240,772
09/05/2003,CRQ,CA,AWP,WE,Towers with Display (VFR),0,37,94,0,131,0,17,287,4,308,0,54,381,4,439,150,0,150,589
09/06/2003,CRQ,CA,AWP,WE,Towers with Display (VFR),0,19,76,0,95,0,4,416,2,422,0,23,492,2,517,252,0,252,769
09/07/2003,CRQ,CA,AWP,WE,Towers with Display (VFR),0,38,110,0,148,0,21,562,0,583,0,59,672,0,731,208,0,208,939
09/08/2003,CRQ,CA,AWP,WE,Towers with Display (VFR),0,30,86,0,116,0,8,186,3,197,0,38,272,3,313,150,0,150,463
09/09/2003,CRQ,CA,AWP,WE,Towers with Display (VFR),0,35,106,2,143,0,12,215,0,227,0,47,321,2,370,206,0,206,576
09/10/2003,CRQ,CA,AWP,WE,Towers with Display (VFR),0,29,129,0,158,0,20,283,20,323,0,49,412,20,481,242,0,242,723
09/11/2003,CRQ,CA,AWP,WE,Towers with Display (VFR),0,39,152,1,192,0,7,191,1,199,0,46,343,2,391,146,0,146,537
09/12/2003,CRQ,CA,AWP,WE,Towers with Display (VFR),0,28,113,0,141,0,12,191,4,207,0,40,304,4,348,106,0,106,454
09/13/2003,CRQ,CA,AWP,WE,Towers with Display (VFR),0,24,119,0,143,0,0,293,2,295,0,24,412,2,438,160,0,160,598
09/14/2003,CRQ,CA,AWP,WE,Towers with Display (VFR),0,0,0,0,0,0,28,290,2,320,0,28,290,2,320,35,0,35,355
09/15/2003,CRQ,CA,AWP,WE,Towers with Display (VFR),0,22,77,1,100,0,3,171,2,176,0,25,248,3,276,42,0,42,318
09/16/2003,CRQ,CA,AWP,WE,Towers with Display (VFR),0,34,143,2,179,0,11,218,0,229,0,45,361,2,408,176,0,176,584
09/17/2003,CRQ,CA,AWP,WE,Towers with Display (VFR),0,39,116,0,155,0,5,230,7,242,0,44,346,7,397,166,0,166,563
09/18/2003,CRQ,CA,AWP,WE,Towers with Display (VFR),0,32,130,4,166,0,0,271,0,271,0,32,401,4,437,196,0,196,633
09/19/2003,CRQ,CA,AWP,WE,Towers with Display (VFR),0,23,123,0,146,0,0,273,1,274,0,23,396,1,420,154,0,154,574
09/20/2003,CRQ,CA,AWP,WE,Towers with Display (VFR),0,28,96,0,124,0,0,246,0,246,0,28,342,0,370,80,0,80,450
09/21/2003,CRQ,CA,AWP,WE,Towers with Display (VFR),0,17,110,0,127,0,0,184,0,184,0,17,294,0,311,104,0,104,415
09/22/2003,CRQ,CA,AWP,WE,Towers with Display (VFR),0,27,131,0,158,0,0,74,4,78,0,27,205,4,236,42,0,42,278
09/23/2003,CRQ,CA,AWP,WE,Towers with Display (VFR),0,25,209,4,238,0,1,18,5,24,0,26,227,9,262,18,0,18,280
09/24/2003,CRQ,CA,AWP,WE,Towers with Display (VFR),0,31,203,0,234,0,15,86,2,103,0,46,289,2,337,192,0,192,529
09/25/2003,CRQ,CA,AWP,WE,Towers with Display (VFR),0,34,180,0,214,0,4,145,4,153,0,38,325,4,367,62,12,74,441
09/26/2003,CRQ,CA,AWP,WE,Towers with Display (VFR),0,25,222,0,247,0,0,34,4,38,0,25,256,4,285,12,0,12,297
09/27/2003,CRQ,CA,AWP,WE,Towers with Display (VFR),0,20,170,4,194,0,4,72,1,77,0,24,242,5,271,22,0,22,293
09/28/2003,CRQ,CA,AWP,WE,Towers with Display (VFR),0,29,145,0,174,0,0,27,3,30,0,29,172,3,204,42,0,42,246
09/29/2003,CRQ,CA,AWP,WE,Towers with Display (VFR),0,21,202,0,223,0,1,46,1,48,0,22,248,1,271,68,0,68,339
09/30/2003,CRQ,CA,AWP,WE,Towers with Display (VFR),0,19,230,2,251,0,10,45,1,56,0,29,275,3,307,0,0,0,307
10/01/2003,CRQ,CA,AWP,WE,Towers with Display (VFR),0,28,125,2,155,0,9,232,12,253,0,37,357,14,408,212,0,212,620
10/02/2003,CRQ,CA,AWP,WE,Towers with Display (VFR),0,31,139,2,172,0,0,163,1,164,0,31,302,3,336,166,0,166,502
10/03/2003,CRQ,CA,AWP,WE,Towers with Display (VFR),0,29,144,2,175,0,0,87,3,90,0,29,231,5,265,158,0,158,423
10/04/2003,CRQ,CA,AWP,WE,Towers with Display (VFR),0,27,144,2,173,0,0,221,0,221,0,27,365,2,394,164,0,164,558
10/05/2003,CRQ,CA,AWP,WE,Towers with Display (VFR),0,40,217,3,260,0,0,0,1,1,0,40,217,4,261,46,0,46,307
10/06/2003,CRQ,CA,AWP,WE,Towers with Display (VFR),0,41,173,0,214,0,0,38,0,38,0,41,211,0,252,67,0,67,319
10/07/2003,CRQ,CA,AWP,WE,Towers with Display (VFR),0,31,155,2,188,0,0,101,2,103,0,31,256,4,291,24,0,24,315
10/08/2003,CRQ,CA,AWP,WE,Towers with Display (VFR),0,29,127,2,158,0,0,219,0,219,0,29,346,2,377,120,0,120,497
10/09/2003,CRQ,CA,AWP,WE,Towers with Display (VFR),0,34,142,0,176,0,6,24,0,30,0,40,166,0,206,26,0,26,232
10/10/2003,CRQ,CA,AWP,WE,Towers with Display (VFR),0,39,169,0,208,0,0,26,0,26,0,39,195,0,234,28,0,28,262
10/11/2003,CRQ,CA,AWP,WE,Towers with Display (VFR),0,27,141,2,170,0,0,266,10,276,0,27,407,12,446,182,0,182,628
10/12/2003,CRQ,CA,AWP,WE,Towers with Display (VFR),0,24,98,0,122,0,11,318,0,329,0,35,416,0,451,210,0,210,661
10/13/2003,CRQ,CA,AWP,WE,Towers with Display (VFR),0,23,93,0,116,0,4,275,0,279,0,27,368,0,395,174,0,174,569
10/14/2003,CRQ,CA,AWP,WE,Towers with Display (VFR),0,33,141,2,176,0,6,273,8,287,0,39,414,10,463,88,0,88,551
10/15/2003,CRQ,CA,AWP,WE,Towers with Display (VFR),0,37,159,2,198,0,14,255,6,275,0,51,414,8,473,202,0,202,675
10/16/2003,CRQ,CA,AWP,WE,Towers with Display (VFR),0,27,113,1,141,0,11,164,7,182,0,38,277,8,323,174,4,178,501
10/17/2003,CRQ,CA,AWP,WE,Towers with Display (VFR),0,29,139,2,170,0,0,173,5,178,0,29,312,7,348,154,3,157,505
10/18/2003,CRQ,CA,AWP,WE,Towers with Display (VFR),0,20,85,0,105,0,11,299,6,316,0,31,384,6,421,186,0,186,607
10/19/2003,CRQ,CA,AWP,WE,Towers with Display (VFR),0,26,110,0,136,0,6,317,0,323,0,32,427,0,459,88,0,88,547
10/20/2003,CRQ,CA,AWP,WE,Towers with Display (VFR),0,19,81,0,100,0,17,240,0,257,0,36,321,0,357,148,0,148,505
10/21/2003,CRQ,CA,AWP,WE,Towers with Display (VFR),0,24,103,0,127,0,37,337,7,381,0,61,440,7,508,136,0,136,644
10/22/2003,CRQ,CA,AWP,WE,Towers with Display (VFR),0,19,82,0,101,0,2,236,6,244,0,21,318,6,345,98,0,98,443
10/23/2003,CRQ,CA,AWP,WE,Towers with Display (VFR),0,27,113,0,140,0,15,277,5,297,0,42,390,5,437,182,0,182,619
10/24/2003,CRQ,CA,AWP,WE,Towers with Display (VFR),0,19,142,0,161,0,0,207,0,207,0,19,349,0,368,125,0,125,493
10/25/2003,CRQ,CA,AWP,WE,Towers with Display (VFR),0,23,109,0,132,0,0,262,1,263,0,23,371,1,395,176,0,176,571
10/26/2003,CRQ,CA,AWP,WE,Towers with Display (VFR),0,16,66,0,82,0,11,101,1,113,0,27,167,1,195,208,0,208,403
10/27/2003,CRQ,CA,AWP,WE,Towers with Display (VFR),0,15,64,0,79,0,21,147,5,173,0,36,211,5,252,108,0,108,360
10/28/2003,CRQ,CA,AWP,WE,Towers with Display (VFR),0,18,78,0,96,0,10,18,2,30,0,28,96,2,126,6,0,6,132
10/29/2003,CRQ,CA,AWP,WE,Towers with Display (VFR),0,21,90,0,111,0,8,86,8,102,0,29,176,8,213,70,0,70,283
10/30/2003,CRQ,CA,AWP,WE,Towers with Display (VFR),0,26,108,0,134,0,7,78,25,110,0,33,186,25,244,140,8,148,392
10/31/2003,CRQ,CA,AWP,WE,Towers with Display (VFR),0,21,86,0,107,0,11,179,7,197,0,32,265,7,304,140,0,140,444
11/01/2003,CRQ,CA,AWP,WE,Towers with Display (VFR),0,26,105,1,132,0,0,223,3,226,0,26,328,4,358,220,0,220,578
11/02/2003,CRQ,CA,AWP,WE,Towers with Display (VFR),0,26,102,1,129,0,13,340,4,357,0,39,442,5,486,117,0,117,603
11/03/2003,CRQ,CA,AWP,WE,Towers with Display (VFR),0,21,83,0,104,0,13,108,0,121,0,34,191,0,225,154,0,154,379
11/04/2003,CRQ,CA,AWP,WE,Towers with Display (VFR),0,0,0,0,0,0,35,266,4,305,0,35,266,4,305,150,4,154,459
11/05/2003,CRQ,CA,AWP,WE,Towers with Display (VFR),0,33,134,2,169,0,0,245,6,251,0,33,379,8,420,226,0,226,646
11/06/2003,CRQ,CA,AWP,WE,Towers with Display (VFR),0,32,130,2,164,0,9,262,2,273,0,41,392,4,437,244,0,244,681
11/07/2003,CRQ,CA,AWP,WE,Towers with Display (VFR),0,25,98,1,124,0,12,302,1,315,0,37,400,2,439,178,0,178,617
11/08/2003,CRQ,CA,AWP,WE,Towers with Display (VFR),0,20,86,0,106,0,0,447,0,447,0,20,533,0,553,146,0,146,699
11/09/2003,CRQ,CA,AWP,WE,Towers with Display (VFR),0,23,93,0,116,0,17,393,0,410,0,40,486,0,526,144,0,144,670
11/10/2003,CRQ,CA,AWP,WE,Towers with Display (VFR),0,24,97,1,122,0,6,253,7,266,0,30,350,8,388,220,0,220,608
11/11/2003,CRQ,CA,AWP,WE,Towers with Display (VFR),0,25,101,0,126,0,2,269,0,271,0,27,370,0,397,292,0,292,689
11/12/2003,CRQ,CA,AWP,WE,Towers with Display (VFR),0,34,139,2,175,0,9,115,8,132,0,43,254,10,307,202,0,202,509
11/13/2003,CRQ,CA,AWP,WE,Towers with Display (VFR),0,28,116,2,146,0,3,278,7,288,0,31,394,9,434,204,0,204,638
11/14/2003,CRQ,CA,AWP,WE,Towers with Display (VFR),0,30,124,2,156,0,12,280,4,296,0,42,404,6,452,183,0,183,635
11/15/2003,CRQ,CA,AWP,WE,Towers with Display (VFR),0,32,137,0,169,0,0,248,0,248,0,32,385,0,417,126,0,126,543
11/16/2003,CRQ,CA,AWP,WE,Towers with Display (VFR),0,27,112,1,140,0,5,305,4,314,0,32,417,5,454,198,0,198,652
11/17/2003,CRQ,CA,AWP,WE,Towers with Display (VFR),0,27,112,1,140,0,13,243,7,263,0,40,355,8,403,180,0,180,583
11/18/2003,CRQ,CA,AWP,WE,Towers with Display (VFR),0,29,122,0,151,0,15,405,0,420,0,44,527,0,571,128,0,128,699
11/19/2003,CRQ,CA,AWP,WE,Towers with Display (VFR),0,25,107,0,132,0,21,348,0,369,0,46,455,0,501,231,0,231,732
11/20/2003,CRQ,CA,AWP,WE,Towers with Display (VFR),0,32,131,1,164,0,8,159,7,174,0,40,290,8,338,82,0,82,420
11/21/2003,CRQ,CA,AWP,WE,Towers with Display (VFR),0,37,154,1,192,0,8,172,12,192,0,45,326,13,384,240,0,240,624
11/22/2003,CRQ,CA,AWP,WE,Towers with Display (VFR),0,21,87,0,108,0,9,327,0,336,0,30,414,0,444,179,0,179,623
11/23/2003,CRQ,CA,AWP,WE,Towers with Display (VFR),0,23,95,0,118,0,13,374,0,387,0,36,469,0,505,148,0,148,653
11/24/2003,CRQ,CA,AWP,WE,Towers with Display (VFR),0,26,110,1,137,0,12,300,7,319,0,38,410,8,456,278,0,278,734
11/25/2003,CRQ,CA,AWP,WE,Towers with Display (VFR),0,27,115,1,143,0,5,249,13,267,0,32,364,14,410,280,0,280,690
11/26/2003,CRQ,CA,AWP,WE,Towers with Display (VFR),0,30,123,0,153,0,0,256,0,256,0,30,379,0,409,172,0,172,581
11/27/2003,CRQ,CA,AWP,WE,Towers with Display (VFR),0,10,43,0,53,0,15,152,2,169,0,25,195,2,222,166,0,166,388
11/28/2003,CRQ,CA,AWP,WE,Towers with Display (VFR),0,21,84,0,105,0,12,264,0,276,0,33,348,0,381,170,0,170,551
11/29/2003,CRQ,CA,AWP,WE,Towers with Display (VFR),0,26,107,1,134,0,15,347,2,364,0,41,454,3,498,122,0,122,620
11/30/2003,CRQ,CA,AWP,WE,Towers with Display (VFR),0,37,152,1,190,0,12,459,5,476,0,49,611,6,666,114,0,114,780
12/01/2003,CRQ,CA,AWP,WE,Towers with Display (VFR),0,29,85,1,115,0,2,168,9,179,0,31,253,10,294,112,2,114,408
12/02/2003,CRQ,CA,AWP,WE,Towers with Display (VFR),0,33,94,1,128,0,8,233,5,246,0,41,327,6,374,142,0,142,516
12/03/2003,CRQ,CA,AWP,WE,Towers with Display (VFR),0,37,109,1,147,0,0,191,10,201,0,37,300,11,348,106,0,106,454
12/04/2003,CRQ,CA,AWP,WE,Towers with Display (VFR),0,34,115,1,150,0,0,164,1,165,0,34,279,2,315,126,0,126,441
12/05/2003,CRQ,CA,AWP,WE,Towers with Display (VFR),0,38,112,1,151,0,0,145,3,148,0,38,257,4,299,132,0,132,431
12/06/2003,CRQ,CA,AWP,WE,Towers with Display (VFR),0,26,76,2,104,0,1,210,0,211,0,27,286,2,315,154,0,154,469
12/07/2003,CRQ,CA,AWP,WE,Towers with Display (VFR),0,27,112,0,139,0,0,24,0,24,0,27,136,0,163,0,0,0,163
12/08/2003,CRQ,CA,AWP,WE,Towers with Display (VFR),0,29,88,2,119,0,7,215,6,228,0,36,303,8,347,148,0,148,495
12/09/2003,CRQ,CA,AWP,WE,Towers with Display (VFR),0,30,89,2,121,0,2,278,4,284,0,32,367,6,405,186,0,186,591
12/10/2003,CRQ,CA,AWP,WE,Towers with Display (VFR),0,22,64,1,87,0,9,173,9,191,0,31,237,10,278,258,0,258,536
12/11/2003,CRQ,CA,AWP,WE,Towers with Display (VFR),0,32,96,2,130,0,4,151,18,173,0,36,247,20,303,116,0,116,419
12/12/2003,CRQ,CA,AWP,WE,Towers with Display (VFR),0,32,96,2,130,0,21,267,11,299,0,53,363,13,429,140,0,140,569
12/13/2003,CRQ,CA,AWP,WE,Towers with Display (VFR),0,31,92,2,125,0,2,353,0,355,0,33,445,2,480,118,0,118,598
12/14/2003,CRQ,CA,AWP,WE,Towers with Display (VFR),0,18,93,1,112,0,0,200,0,200,0,18,293,1,312,194,2,196,508
12/15/2003,CRQ,CA,AWP,WE,Towers with Display (VFR),0,33,98,2,133,0,16,207,1,224,0,49,305,3,357,206,0,206,563
12/16/2003,CRQ,CA,AWP,WE,Towers with Display (VFR),0,30,88,2,120,0,6,253,4,263,0,36,341,6,383,256,0,256,639
12/17/2003,CRQ,CA,AWP,WE,Towers with Display (VFR),0,31,104,2,137,0,0,344,4,348,0,31,448,6,485,208,0,208,693
12/18/2003,CRQ,CA,AWP,WE,Towers with Display (VFR),0,35,104,1,140,0,1,247,8,256,0,36,351,9,396,158,0,158,554
12/19/2003,CRQ,CA,AWP,WE,Towers with Display (VFR),0,29,87,1,117,0,6,282,5,293,0,35,369,6,410,211,0,211,621
12/20/2003,CRQ,CA,AWP,WE,Towers with Display (VFR),0,33,97,0,130,0,6,184,0,190,0,39,281,0,320,132,0,132,452
12/21/2003,CRQ,CA,AWP,WE,Towers with Display (VFR),0,32,97,0,129,0,1,335,0,336,0,33,432,0,465,100,0,100,565
12/22/2003,CRQ,CA,AWP,WE,Towers with Display (VFR),0,32,95,1,128,0,18,261,7,286,0,50,356,8,414,198,0,198,612
12/23/2003,CRQ,CA,AWP,WE,Towers with Display (VFR),0,27,82,1,110,0,12,160,8,180,0,39,242,9,290,168,0,168,458
12/24/2003,CRQ,CA,AWP,WE,Towers with Display (VFR),0,22,69,0,91,0,2,153,0,155,0,24,222,0,246,60,0,60,306
12/25/2003,CRQ,CA,AWP,WE,Towers with Display (VFR),0,4,6,0,10,0,9,0,0,9,0,13,6,0,19,0,0,0,19
12/26/2003,CRQ,CA,AWP,WE,Towers with Display (VFR),0,26,79,1,106,0,7,144,6,157,0,33,223,7,263,124,0,124,387
12/27/2003,CRQ,CA,AWP,WE,Towers with Display (VFR),0,26,86,1,113,0,0,408,1,409,0,26,494,2,522,64,0,64,586
12/28/2003,CRQ,CA,AWP,WE,Towers with Display (VFR),0,29,88,1,118,0,5,398,1,404,0,34,486,2,522,74,0,74,596
12/29/2003,CRQ,CA,AWP,WE,Towers with Display (VFR),0,26,80,0,106,0,7,263,0,270,0,33,343,0,376,224,0,224,600
12/30/2003,CRQ,CA,AWP,WE,Towers with Display (VFR),0,27,82,1,110,0,14,184,3,201,0,41,266,4,311,96,0,96,407
12/31/2003,CRQ,CA,AWP,WE,Towers with Display (VFR),0,18,52,0,70,0,3,239,0,242,0,21,291,0,312,152,0,152,464
01/01/2004,CRQ,CA,AWP,WE,Towers with Display (VFR),0,17,61,1,79,0,17,128,3,148,0,34,189,4,227,68,0,68,295
01/02/2004,CRQ,CA,AWP,WE,Towers with Display (VFR),0,30,110,0,140,0,4,75,0,79,0,34,185,0,219,98,0,98,317
01/03/2004,CRQ,CA,AWP,WE,Towers with Display (VFR),0,28,99,0,127,0,13,285,0,298,0,41,384,0,425,104,0,104,529
01/04/2004,CRQ,CA,AWP,WE,Towers with Display (VFR),0,27,101,0,128,0,20,357,0,377,0,47,458,0,505,98,0,98,603
01/05/2004,CRQ,CA,AWP,WE,Towers with Display (VFR),0,19,70,2,91,0,16,241,2,259,0,35,311,4,350,135,0,135,485
01/06/2004,CRQ,CA,AWP,WE,Towers with Display (VFR),0,21,78,2,101,0,31,311,0,342,0,52,389,2,443,162,0,162,605
01/07/2004,CRQ,CA,AWP,WE,Towers with Display (VFR),0,23,82,2,107,0,25,197,0,222,0,48,279,2,329,118,0,118,447
01/08/2004,CRQ,CA,AWP,WE,Towers with Display (VFR),0,23,85,2,110,0,17,295,4,316,0,40,380,6,426,278,0,278,704
01/09/2004,CRQ,CA,AWP,WE,Towers with Display (VFR),0,24,111,3,138,0,0,202,4,206,0,24,313,7,344,154,0,154,498
01/10/2004,CRQ,CA,AWP,WE,Towers with Display (VFR),0,27,101,3,131,0,16,323,12,351,0,43,424,15,482,276,0,276,758
01/11/2004,CRQ,CA,AWP,WE,Towers with Display (VFR),0,36,132,3,171,0,6,330,3,339,0,42,462,6,510,106,0,106,616
01/12/2004,CRQ,CA,AWP,WE,Towers with Display (VFR),0,34,123,3,160,0,3,205,7,215,0,37,328,10,375,120,0,120,495
01/13/2004,CRQ,CA,AWP,WE,Towers with Display (VFR),0,27,96,0,123,0,4,257,0,261,0,31,353,0,384,174,0,174,558
01/14/2004,CRQ,CA,AWP,WE,Towers with Display (VFR),0,23,96,2,121,0,0,222,4,226,0,23,318,6,347,238,0,238,585
01/15/2004,CRQ,CA,AWP,WE,Towers with Display (VFR),0,30,111,2,143,0,14,205,0,219,0,44,316,2,362,137,0,137,499
01/16/2004,CRQ,CA,AWP,WE,Towers with Display (VFR),0,19,71,0,90,0,11,205,0,216,0,30,276,0,306,154,0,154,460
01/17/2004,CRQ,CA,AWP,WE,Towers with Display (VFR),0,26,123,1,150,0,0,336,0,336,0,26,459,1,486,170,0,170,656
01/18/2004,CRQ,CA,AWP,WE,Towers with Display (VFR),0,33,123,2,158,0,16,340,4,360,0,49,463,6,518,124,0,124,642
01/19/2004,CRQ,CA,AWP,WE,Towers with Display (VFR),0,35,127,2,164,0,5,143,4,152,0,40,270,6,316,98,0,98,414
01/20/2004,CRQ,CA,AWP,WE,Towers with Display (VFR),0,30,113,2,145,0,8,136,4,148,0,38,249,6,293,157,0,157,450
01/21/2004,CRQ,CA,AWP,WE,Towers with Display (VFR),0,30,112,2,144,0,11,245,21,277,0,41,357,23,421,203,2,205,626
01/22/2004,CRQ,CA,AWP,WE,Towers with Display (VFR),0,28,104,2,134,0,8,266,8,282,0,36,370,10,416,212,0,212,628
01/23/2004,CRQ,CA,AWP,WE,Towers with Display (VFR),0,33,121,2,156,0,0,277,3,280,0,33,398,5,436,139,0,139,575
01/24/2004,CRQ,CA,AWP,WE,Towers with Display (VFR),0,33,136,2,171,0,0,172,3,175,0,33,308,5,346,176,0,176,522
01/25/2004,CRQ,CA,AWP,WE,Towers with Display (VFR),0,50,184,3,237,0,3,385,3,391,0,53,569,6,628,206,0,206,834
01/26/2004,CRQ,CA,AWP,WE,Towers with Display (VFR),0,27,96,1,124,0,3,249,13,265,0,30,345,14,389,218,0,218,607
01/27/2004,CRQ,CA,AWP,WE,Towers with Display (VFR),0,27,96,1,124,0,20,242,9,271,0,47,338,10,395,208,0,208,603
01/28/2004,CRQ,CA,AWP,WE,Towers with Display (VFR),0,29,109,2,140,0,15,190,0,205,0,44,299,2,345,166,0,166,511
01/29/2004,CRQ,CA,AWP,WE,Towers with Display (VFR),0,34,127,2,163,0,26,240,7,273,0,60,367,9,436,162,0,162,598
01/30/2004,CRQ,CA,AWP,WE,Towers with Display (VFR),0,31,123,2,156,0,0,190,3,193,0,31,313,5,349,152,0,152,501
01/31/2004,CRQ,CA,AWP,WE,Towers with Display (VFR),0,22,101,2,125,0,0,274,2,276,0,22,375,4,401,206,0,206,607
02/01/2004,CRQ,CA,AWP,WE,Towers with Display (VFR),0,25,89,1,115,0,6,345,1,352,0,31,434,2,467,116,0,116,583
02/02/2004,CRQ,CA,AWP,WE,Towers with Display (VFR),0,27,97,1,125,0,21,219,17,257,0,48,316,18,382,166,0,166,548
02/03/2004,CRQ,CA,AWP,WE,Towers with Display (VFR),0,23,92,1,116,0,0,113,16,129,0,23,205,17,245,232,0,232,477
02/04/2004,CRQ,CA,AWP,WE,Towers with Display (VFR),0,27,96,1,124,0,3,230,5,238,0,30,326,6,362,286,0,286,648
02/05/2004,CRQ,CA,AWP,WE,Towers with Display (VFR),0,32,112,1,145,0,9,236,8,253,0,41,348,9,398,156,0,156,554
02/06/2004,CRQ,CA,AWP,WE,Towers with Display (VFR),0,31,109,1,141,0,22,291,1,314,0,53,400,2,455,215,0,215,670
02/07/2004,CRQ,CA,AWP,WE,Towers with Display (VFR),0,23,86,0,109,0,0,421,0,421,0,23,507,0,530,180,0,180,710
02/08/2004,CRQ,CA,AWP,WE,Towers with Display (VFR),0,35,123,2,160,0,5,445,0,450,0,40,568,2,610,182,0,182,792
02/09/2004,CRQ,CA,AWP,WE,Towers with Display (VFR),0,32,112,0,144,0,8,278,12,298,0,40,390,12,442,286,0,286,728
02/10/2004,CRQ,CA,AWP,WE,Towers with Display (VFR),0,28,100,0,128,0,2,183,4,189,0,30,283,4,317,220,0,220,537
02/11/2004,CRQ,CA,AWP,WE,Towers with Display (VFR),0,34,118,1,153,0,1,227,16,244,0,35,345,17,397,250,0,250,647
02/12/2004,CRQ,CA,AWP,WE,Towers with Display (VFR),0,28,100,0,128,0,3,313,13,329,0,31,413,13,457,250,0,250,707
02/13/2004,CRQ,CA,AWP,WE,Towers with Display (VFR),0,37,130,1,168,0,6,305,8,319,0,43,435,9,487,212,0,212,699
02/14/2004,CRQ,CA,AWP,WE,Towers with Display (VFR),0,24,83,0,107,0,14,293,4,311,0,38,376,4,418,176,0,176,594
02/15/2004,CRQ,CA,AWP,WE,Towers with Display (VFR),0,28,96,0,124,0,10,345,2,357,0,38,441,2,481,138,0,138,619
02/16/2004,CRQ,CA,AWP,WE,Towers with Display (VFR),0,34,115,1,150,0,19,348,1,368,0,53,463,2,518,184,0,184,702
02/17/2004,CRQ,CA,AWP,WE,Towers with Display (VFR),0,25,83,0,108,0,12,211,0,223,0,37,294,0,331,192,0,192,523
02/18/2004,CRQ,CA,AWP,WE,Towers with Display (VFR),0,23,76,0,99,0,11,60,6,77,0,34,136,6,176,68,0,68,244
02/19/2004,CRQ,CA,AWP,WE,Towers with Display (VFR),0,35,124,1,160,0,0,214,7,221,0,35,338,8,381,272,0,272,653
02/20/2004,CRQ,CA,AWP,WE,Towers with Display (VFR),0,30,127,1,158,0,0,151,8,159,0,30,278,9,317,216,0,216,533
02/21/2004,CRQ,CA,AWP,WE,Towers with Display (VFR),0,31,117,1,149,0,0,121,7,128,0,31,238,8,277,264,0,264,541
02/22/2004,CRQ,CA,AWP,WE,Towers with Display (VFR),0,23,77,1,101,0,19,43,3,65,0,42,120,4,166,122,0,122,288
02/23/2004,CRQ,CA,AWP,WE,Towers with Display (VFR),0,25,83,1,109,0,6,194,4,204,0,31,277,5,313,240,0,240,553
02/24/2004,CRQ,CA,AWP,WE,Towers with Display (VFR),0,33,112,1,146,0,10,200,9,219,0,43,312,10,365,358,0,358,723
02/25/2004,CRQ,CA,AWP,WE,Towers with Display (VFR),0,34,129,2,165,0,0,214,4,218,0,34,343,6,383,158,0,158,541
02/26/2004,CRQ,CA,AWP,WE,Towers with Display (VFR),0,29,100,1,130,0,24,85,2,111,0,53,185,3,241,140,0,140,381
02/27/2004,CRQ,CA,AWP,WE,Towers with Display (VFR),0,34,117,2,153,0,3,153,1,157,0,37,270,3,310,213,0,213,523
02/28/2004,CRQ,CA,AWP,WE,Towers with Display (VFR),0,32,109,0,141,0,0,372,0,372,0,32,481,0,513,152,0,152,665
02/29/2004,CRQ,CA,AWP,WE,Towers with Display (VFR),0,40,137,1,178,0,7,386,0,393,0,47,523,1,571,138,0,138,709
03/01/2004,CRQ,CA,AWP,WE,Towers with Display (VFR),0,22,124,1,147,0,13,171,5,189,0,35,295,6,336,238,0,238,574
03/02/2004,CRQ,CA,AWP,WE,Towers with Display (VFR),0,15,89,1,105,0,30,166,2,198,0,45,255,3,303,253,0,253,556
03/03/2004,CRQ,CA,AWP,WE,Towers with Display (VFR),0,21,117,1,139,0,16,250,4,270,0,37,367,5,409,254,0,254,663
03/04/2004,CRQ,CA,AWP,WE,Towers with Display (VFR),0,23,132,1,156,0,16,163,4,183,0,39,295,5,339,196,0,196,535
03/05/2004,CRQ,CA,AWP,WE,Towers with Display (VFR),0,21,120,0,141,0,12,283,0,295,0,33,403,0,436,178,0,178,614
03/06/2004,CRQ,CA,AWP,WE,Towers with Display (VFR),0,21,119,1,141,0,7,361,0,368,0,28,480,1,509,186,0,186,695
03/07/2004,CRQ,CA,AWP,WE,Towers with Display (VFR),0,23,125,1,149,0,21,428,1,450,0,44,553,2,599,154,0,154,753
03/08/2004,CRQ,CA,AWP,WE,Towers with Display (VFR),0,22,116,1,139,0,14,290,20,324,0,36,406,21,463,196,0,196,659
03/09/2004,CRQ,CA,AWP,WE,Towers with Display (VFR),0,21,112,1,134,0,20,278,3,301,0,41,390,4,435,292,0,292,727
03/10/2004,CRQ,CA,AWP,WE,Towers with Display (VFR),0,23,137,0,160,0,0,110,0,110,0,23,247,0,270,86,0,86,356
03/11/2004,CRQ,CA,AWP,WE,Towers with Display (VFR),0,25,134,1,160,0,16,204,7,227,0,41,338,8,387,189,0,189,576
03/12/2004,CRQ,CA,AWP,WE,Towers with Display (VFR),0,28,273,1,302,0,0,2,0,2,0,28,275,1,304,120,0,120,424
03/13/2004,CRQ,CA,AWP,WE,Towers with Display (VFR),0,29,153,0,182,0,2,187,0,189,0,31,340,0,371,106,0,106,477
03/14/2004,CRQ,CA,AWP,WE,Towers with Display (VFR),0,31,208,0,239,0,0,30,0,30,0,31,238,0,269,0,0,0,269
03/15/2004,CRQ,CA,AWP,WE,Towers with Display (VFR),0,23,126,1,150,0,8,164,2,174,0,31,290,3,324,166,0,166,490
03/16/2004,CRQ,CA,AWP,WE,Towers with Display (VFR),0,25,172,0,197,0,0,30,0,30,0,25,202,0,227,74,0,74,301
03/17/2004,CRQ,CA,AWP,WE,Towers with Display (VFR),0,23,153,1,177,0,0,73,3,76,0,23,226,4,253,78,0,78,331
03/18/2004,CRQ,CA,AWP,WE,Towers with Display (VFR),0,28,206,2,236,0,0,23,0,23,0,28,229,2,259,38,0,38,297
03/19/2004,CRQ,CA,AWP,WE,Towers with Display (VFR),0,30,263,0,293,0,0,0,0,0,0,30,263,0,293,34,0,34,327
03/20/2004,CRQ,CA,AWP,WE,Towers with Display (VFR),0,33,179,0,212,0,4,25,0,29,0,37,204,0,241,46,0,46,287
03/21/2004,CRQ,CA,AWP,WE,Towers with Display (VFR),0,39,255,0,294,0,0,0,0,0,0,39,255,0,294,2,0,2,296
03/22/2004,CRQ,CA,AWP,WE,Towers with Display (VFR),0,30,160,0,190,0,3,60,0,63,0,33,220,0,253,92,0,92,345
03/23/2004,CRQ,CA,AWP,WE,Towers with Display (VFR),0,28,152,0,180,0,5,121,2,128,0,33,273,2,308,224,0,224,532
03/24/2004,CRQ,CA,AWP,WE,Towers with Display (VFR),0,27,147,0,174,0,6,157,0,163,0,33,304,0,337,290,0,290,627
03/25/2004,CRQ,CA,AWP,WE,Towers with Display (VFR),0,30,165,0,195,0,0,227,6,233,0,30,392,6,428,194,0,194,622
03/26/2004,CRQ,CA,AWP,WE,Towers with Display (VFR),0,37,207,1,245,0,4,80,3,87,0,41,287,4,332,168,0,168,500
03/27/2004,CRQ,CA,AWP,WE,Towers with Display (VFR),0,20,107,0,127,0,13,438,2,453,0,33,545,2,580,194,0,194,774
03/28/2004,CRQ,CA,AWP,WE,Towers with Display (VFR),0,22,122,0,144,0,9,524,2,535,0,31,646,2,679,154,0,154,833
03/29/2004,CRQ,CA,AWP,WE,Towers with Display (VFR),0,21,112,0,133,0,16,285,4,305,0,37,397,4,438,206,0,206,644
03/30/2004,CRQ,CA,AWP,WE,Towers with Display (VFR),0,22,119,0,141,0,22,215,4,241,0,44,334,4,382,196,0,196,578
03/31/2004,CRQ,CA,AWP,WE,Towers with Display (VFR),0,32,173,0,205,0,3,152,8,163,0,35,325,8,368,258,0,258,626
04/01/2004,CRQ,CA,AWP,WE,Towers with Display (VFR),0,29,128,0,157,0,12,107,0,119,0,41,235,0,276,296,0,296,572
04/02/2004,CRQ,CA,AWP,WE,Towers with Display (VFR),0,34,152,2,188,0,4,163,0,167,0,38,315,2,355,212,0,212,567
04/03/2004,CRQ,CA,AWP,WE,Towers with Display (VFR),0,23,118,1,142,0,0,271,3,274,0,23,389,4,416,256,0,256,672
04/04/2004,CRQ,CA,AWP,WE,Towers with Display (VFR),0,18,118,1,137,0,0,389,1,390,0,18,507,2,527,158,0,158,685
04/05/2004,CRQ,CA,AWP,WE,Towers with Display (VFR),0,27,128,2,157,0,0,288,2,290,0,27,416,4,447,412,0,412,859
04/06/2004,CRQ,CA,AWP,WE,Towers with Display (VFR),0,33,153,2,188,0,0,184,2,186,0,33,337,4,374,332,0,332,706
04/07/2004,CRQ,CA,AWP,WE,Towers with Display (VFR),0,5,23,1,29,0,42,334,3,379,0,47,357,4,408,254,0,254,662
04/08/2004,CRQ,CA,AWP,WE,Towers with Display (VFR),0,34,165,2,201,0,0,127,3,130,0,34,292,5,331,222,0,222,553
04/09/2004,CRQ,CA,AWP,WE,Towers with Display (VFR),0,32,141,2,175,0,0,176,6,182,0,32,317,8,357,266,0,266,623
04/10/2004,CRQ,CA,AWP,WE,Towers with Display (VFR),0,25,109,0,134,0,1,193,0,194,0,26,302,0,328,126,0,126,454
04/11/2004,CRQ,CA,AWP,WE,Towers with Display (VFR),0,25,108,1,134,0,3,264,1,268,0,28,372,2,402,196,0,196,598
04/12/2004,CRQ,CA,AWP,WE,Towers with Display (VFR),0,34,152,0,186,0,12,198,0,210,0,46,350,0,396,178,0,178,574
04/13/2004,CRQ,CA,AWP,WE,Towers with Display (VFR),0,28,120,1,149,0,11,245,6,262,0,39,365,7,411,250,0,250,661
04/14/2004,CRQ,CA,AWP,WE,Towers with Display (VFR),0,27,128,2,157,0,0,293,10,303,0,27,421,12,460,340,0,340,800
04/15/2004,CRQ,CA,AWP,WE,Towers with Display (VFR),0,28,120,0,148,0,20,288,0,308,0,48,408,0,456,252,0,252,708
04/16/2004,CRQ,CA,AWP,WE,Towers with Display (VFR),0,28,129,0,157,0,1,294,0,295,0,29,423,0,452,259,0,259,711
04/17/2004,CRQ,CA,AWP,WE,Towers with Display (VFR),0,27,129,0,156,0,0,106,0,106,0,27,235,0,262,132,0,132,394
04/18/2004,CRQ,CA,AWP,WE,Towers with Display (VFR),0,28,124,0,152,0,9,407,0,416,0,37,531,0,568,106,0,106,674
04/19/2004,CRQ,CA,AWP,WE,Towers with Display (VFR),0,25,107,0,132,0,4,316,2,322,0,29,423,2,454,242,4,246,700
04/20/2004,CRQ,CA,AWP,WE,Towers with Display (VFR),0,24,105,0,129,0,11,277,0,288,0,35,382,0,417,250,0,250,667
04/21/2004,CRQ,CA,AWP,WE,Towers with Display (VFR),0,21,129,1,151,0,0,177,2,179,0,21,306,3,330,292,0,292,622
04/22/2004,CRQ,CA,AWP,WE,Towers with Display (VFR),0,29,130,1,160,0,0,200,4,204,0,29,330,5,364,207,0,207,571
04/23/2004,CRQ,CA,AWP,WE,Towers with Display (VFR),0,31,138,1,170,0,3,270,2,275,0,34,408,3,445,238,2,240,685
04/24/2004,CRQ,CA,AWP,WE,Towers with Display (VFR),0,24,104,0,128,0,5,339,5,349,0,29,443,5,477,182,0,182,659
04/25/2004,CRQ,CA,AWP,WE,Towers with Display (VFR),0,24,107,0,131,0,2,537,1,540,0,26,644,1,671,166,0,166,837
04/26/2004,CRQ,CA,AWP,WE,Towers with Display (VFR),0,25,123,0,148,0,0,277,7,284,0,25,400,7,432,240,0,240,672
04/27/2004,CRQ,CA,AWP,WE,Towers with Display (VFR),0,27,116,0,143,0,13,254,0,267,0,40,370,0,410,264,0,264,674
04/28/2004,CRQ,CA,AWP,WE,Towers with Display (VFR),0,35,156,0,191,0,3,138,0,141,0,38,294,0,332,88,0,88,420
04/29/2004,CRQ,CA,AWP,WE,Towers with Display (VFR),0,27,117,0,144,0,19,167,6,192,0,46,284,6,336,238,0,238,574
04/30/2004,CRQ,CA,AWP,WE,Towers with Display (VFR),0,29,132,1,162,0,6,215,1,222,0,35,347,2,384,268,0,268,652
05/01/2004,CRQ,CA,AWP,WE,Towers with Display (VFR),0,25,136,0,161,0,0,249,6,255,0,25,385,6,416,290,0,290,706
05/02/2004,CRQ,CA,AWP,WE,Towers with Display (VFR),0,24,114,0,138,0,8,399,4,411,0,32,513,4,549,174,0,174,723
05/03/2004,CRQ,CA,AWP,WE,Towers with Display (VFR),0,25,114,1,140,0,26,263,1,290,0,51,377,2,430,328,0,328,758
05/04/2004,CRQ,CA,AWP,WE,Towers with Display (VFR),0,27,124,0,151,0,2,252,0,254,0,29,376,0,405,239,0,239,644
05/05/2004,CRQ,CA,AWP,WE,Towers with Display (VFR),0,23,106,0,129,0,9,203,0,212,0,32,309,0,341,220,0,220,561
05/06/2004,CRQ,CA,AWP,WE,Towers with Display (VFR),0,31,143,1,175,0,12,209,11,232,0,43,352,12,407,358,0,358,765
05/07/2004,CRQ,CA,AWP,WE,Towers with Display (VFR),0,26,118,0,144,0,22,339,0,361,0,48,457,0,505,224,0,224,729
05/08/2004,CRQ,CA,AWP,WE,Towers with Display (VFR),0,22,105,0,127,0,0,352,0,352,0,22,457,0,479,190,0,190,669
05/09/2004,CRQ,CA,AWP,WE,Towers with Display (VFR),0,30,156,1,187,0,0,224,1,225,0,30,380,2,412,134,0,134,546
05/10/2004,CRQ,CA,AWP,WE,Towers with Display (VFR),0,29,130,1,160,0,19,143,7,169,0,48,273,8,329,138,4,142,471
05/11/2004,CRQ,CA,AWP,WE,Towers with Display (VFR),0,26,126,1,153,0,0,214,7,221,0,26,340,8,374,268,0,268,642
05/12/2004,CRQ,CA,AWP,WE,Towers with Display (VFR),0,23,103,0,126,0,8,249,0,257,0,31,352,0,383,328,0,328,711
05/13/2004,CRQ,CA,AWP,WE,Towers with Display (VFR),0,27,119,0,146,0,8,209,0,217,0,35,328,0,363,250,0,250,613
05/14/2004,CRQ,CA,AWP,WE,Towers with Display (VFR),0,20,90,1,111,0,0,276,4,280,0,20,366,5,391,212,0,212,603
05/15/2004,CRQ,CA,AWP,WE,Towers with Display (VFR),0,31,138,1,170,0,18,292,2,312,0,49,430,3,482,200,0,200,682
05/16/2004,CRQ,CA,AWP,WE,Towers with Display (VFR),0,28,127,1,156,0,0,281,2,283,0,28,408,3,439,56,0,56,495
05/17/2004,CRQ,CA,AWP,WE,Towers with Display (VFR),0,22,96,0,118,0,19,222,0,241,0,41,318,0,359,248,0,248,607
05/18/2004,CRQ,CA,AWP,WE,Towers with Display (VFR),0,24,104,1,129,0,9,165,3,177,0,33,269,4,306,208,0,208,514
05/19/2004,CRQ,CA,AWP,WE,Towers with Display (VFR),0,29,126,1,156,0,0,245,2,247,0,29,371,3,403,314,0,314,717
05/20/2004,CRQ,CA,AWP,WE,Towers with Display (VFR),0,28,126,1,155,0,8,267,3,278,0,36,393,4,433,244,0,244,677
05/21/2004,CRQ,CA,AWP,WE,Towers with Display (VFR),0,27,117,1,145,0,15,217,1,233,0,42,334,2,378,236,0,236,614
05/22/2004,CRQ,CA,AWP,WE,Towers with Display (VFR),0,38,193,0,231,2,0,232,0,234,2,38,425,0,465,276,0,276,741
05/23/2004,CRQ,CA,AWP,WE,Towers with Display (VFR),0,25,110,0,135,0,3,312,4,319,0,28,422,4,454,170,0,170,624
05/24/2004,CRQ,CA,AWP,WE,Towers with Display (VFR),0,29,130,0,159,0,13,155,14,182,0,42,285,14,341,240,0,240,581
05/25/2004,CRQ,CA,AWP,WE,Towers with Display (VFR),0,31,136,0,167,0,4,177,11,192,0,35,313,11,359,311,0,311,670
05/26/2004,CRQ,CA,AWP,WE,Towers with Display (VFR),0,34,161,0,195,0,0,129,10,139,0,34,290,10,334,286,0,286,620
05/27/2004,CRQ,CA,AWP,WE,Towers with Display (VFR),0,38,175,1,214,0,3,185,9,197,0,41,360,10,411,341,0,341,752
05/28/2004,CRQ,CA,AWP,WE,Towers with Display (VFR),0,41,184,1,226,0,7,168,2,177,0,48,352,3,403,205,0,205,608
05/29/2004,CRQ,CA,AWP,WE,Towers with Display (VFR),0,19,84,0,103,0,19,275,1,295,0,38,359,1,398,172,0,172,570
05/30/2004,CRQ,CA,AWP,WE,Towers with Display (VFR),0,30,146,0,176,0,0,260,7,267,0,30,406,7,443,158,0,158,601
05/31/2004,CRQ,CA,AWP,WE,Towers with Display (VFR),0,30,131,0,161,0,9,425,9,443,0,39,556,9,604,243,0,243,847
06/01/2004,CRQ,CA,AWP,WE,Towers with Display (VFR),0,25,122,2,149,0,18,267,3,288,0,43,389,5,437,256,0,256,693
06/02/2004,CRQ,CA,AWP,WE,Towers with Display (VFR),0,25,128,3,156,0,18,231,8,257,0,43,359,11,413,210,0,210,623
06/03/2004,CRQ,CA,AWP,WE,Towers with Display (VFR),0,27,134,3,164,0,22,171,0,193,0,49,305,3,357,245,0,245,602
06/04/2004,CRQ,CA,AWP,WE,Towers with Display (VFR),0,30,148,3,181,0,0,183,2,185,0,30,331,5,366,195,0,195,561
06/05/2004,CRQ,CA,AWP,WE,Towers with Display (VFR),0,29,140,0,169,0,0,238,0,238,0,29,378,0,407,152,0,152,559
06/06/2004,CRQ,CA,AWP,WE,Towers with Display (VFR),0,37,171,2,210,0,5,117,0,122,0,42,288,2,332,74,0,74,406
06/07/2004,CRQ,CA,AWP,WE,Towers with Display (VFR),0,32,152,0,184,0,30,127,0,157,0,62,279,0,341,110,0,110,451
06/08/2004,CRQ,CA,AWP,WE,Towers with Display (VFR),0,36,166,3,205,0,5,146,0,151,0,41,312,3,356,222,0,222,578
06/09/2004,CRQ,CA,AWP,WE,Towers with Display (VFR),0,29,137,3,169,0,8,161,1,170,0,37,298,4,339,288,0,288,627
06/10/2004,CRQ,CA,AWP,WE,Towers with Display (VFR),0,30,142,3,175,0,27,233,16,276,0,57,375,19,451,284,0,284,735
06/11/2004,CRQ,CA,AWP,WE,Towers with Display (VFR),0,32,150,3,185,0,20,239,1,260,0,52,389,4,445,202,0,202,647
06/12/2004,CRQ,CA,AWP,WE,Towers with Display (VFR),0,24,112,2,138,0,2,291,2,295,0,26,403,4,433,144,0,144,577
06/13/2004,CRQ,CA,AWP,WE,Towers with Display (VFR),0,35,168,0,203,0,0,286,0,286,0,35,454,0,489,148,0,148,637
06/14/2004,CRQ,CA,AWP,WE,Towers with Display (VFR),0,25,117,2,144,0,13,187,0,200,0,38,304,2,344,210,0,210,554
06/15/2004,CRQ,CA,AWP,WE,Towers with Display (VFR),0,29,137,3,169,0,8,129,3,140,0,37,266,6,309,192,0,192,501
06/16/2004,CRQ,CA,AWP,WE,Towers with Display (VFR),0,37,172,1,210,0,5,104,0,109,0,42,276,1,319,129,0,129,448
06/17/2004,CRQ,CA,AWP,WE,Towers with Display (VFR),0,37,172,2,211,0,10,142,4,156,0,47,314,6,367,252,0,252,619
06/18/2004,CRQ,CA,AWP,WE,Towers with Display (VFR),0,47,268,4,319,0,0,0,3,3,0,47,268,7,322,124,0,124,446
06/19/2004,CRQ,CA,AWP,WE,Towers with Display (VFR),0,38,178,1,217,0,4,38,0,42,0,42,216,1,259,26,0,26,285
06/20/2004,CRQ,CA,AWP,WE,Towers with Display (VFR),0,35,216,1,252,0,0,0,0,0,0,35,216,1,252,122,0,122,374
06/21/2004,CRQ,CA,AWP,WE,Towers with Display (VFR),0,29,150,0,179,0,0,106,0,106,0,29,256,0,285,196,0,196,481
06/22/2004,CRQ,CA,AWP,WE,Towers with Display (VFR),0,34,183,2,219,0,0,56,5,61,0,34,239,7,280,272,0,272,552
06/23/2004,CRQ,CA,AWP,WE,Towers with Display (VFR),0,37,181,2,220,0,0,183,3,186,0,37,364,5,406,222,0,222,628
06/24/2004,CRQ,CA,AWP,WE,Towers with Display (VFR),0,40,191,3,234,0,9,164,9,182,0,49,355,12,416,144,0,144,560
06/25/2004,CRQ,CA,AWP,WE,Towers with Display (VFR),0,41,196,3,240,0,2,119,4,125,0,43,315,7,365,140,0,140,505
06/26/2004,CRQ,CA,AWP,WE,Towers with Display (VFR),0,29,137,2,168,0,2,200,4,206,0,31,337,6,374,92,0,92,466
06/27/2004,CRQ,CA,AWP,WE,Towers with Display (VFR),0,37,174,2,213,0,2,154,3,159,0,39,328,5,372,104,0,104,476
06/28/2004,CRQ,CA,AWP,WE,Towers with Display (VFR),0,33,154,2,189,0,11,170,6,187,0,44,324,8,376,186,0,186,562
06/29/2004,CRQ,CA,AWP,WE,Towers with Display (VFR),0,36,177,2,215,0,0,181,6,187,0,36,358,8,402,136,0,136,538
06/30/2004,CRQ,CA,AWP,WE,Towers with Display (VFR),0,26,119,1,146,0,10,280,11,301,0,36,399,12,447,276,0,276,723
07/01/2004,CRQ,CA,AWP,WE,Towers with Display (VFR),0,42,162,2,206,0,3,247,6,256,0,45,409,8,462,176,0,176,638
07/02/2004,CRQ,CA,AWP,WE,Towers with Display (VFR),0,40,206,2,248,0,0,193,5,198,0,40,399,7,446,150,0,150,596
07/03/2004,CRQ,CA,AWP,WE,Towers with Display (VFR),0,0,0,0,0,0,23,366,3,392,0,23,366,3,392,174,0,174,566
07/04/2004,CRQ,CA,AWP,WE,Towers with Display (VFR),0,20,77,1,98,0,3,164,1,168,0,23,241,2,266,92,0,92,358
07/05/2004,CRQ,CA,AWP,WE,Towers with Display (VFR),0,46,179,1,226,0,0,200,0,200,0,46,379,1,426,70,0,70,496
07/06/2004,CRQ,CA,AWP,WE,Towers with Display (VFR),0,31,170,2,203,0,0,94,0,94,0,31,264,2,297,158,0,158,455
07/07/2004,CRQ,CA,AWP,WE,Towers with Display (VFR),0,48,214,2,264,0,0,121,4,125,0,48,335,6,389,156,0,156,545
07/08/2004,CRQ,CA,AWP,WE,Towers with Display (VFR),0,36,138,2,176,0,3,201,17,221,0,39,339,19,397,338,0,338,735
07/09/2004,CRQ,CA,AWP,WE,Towers with Display (VFR),0,32,120,1,153,0,3,220,3,226,0,35,340,4,379,248,0,248,627
07/10/2004,CRQ,CA,AWP,WE,Towers with Display (VFR),0,29,144,2,175,0,0,259,0,259,0,29,403,2,434,252,0,252,686
07/11/2004,CRQ,CA,AWP,WE,Towers with Display (VFR),0,32,125,1,158,0,0,186,3,189,0,32,311,4,347,114,0,114,461
07/12/2004,CRQ,CA,AWP,WE,Towers with Display (VFR),0,27,99,1,127,0,6,267,1,274,0,33,366,2,401,364,0,364,765
07/13/2004,CRQ,CA,AWP,WE,Towers with Display (VFR),0,34,125,1,160,0,9,275,2,286,0,43,400,3,446,292,0,292,738
07/14/2004,CRQ,CA,AWP,WE,Towers with Display (VFR),0,34,128,1,163,0,9,211,1,221,0,43,339,2,384,368,0,368,752
07/15/2004,CRQ,CA,AWP,WE,Towers with Display (VFR),0,39,148,2,189,0,14,247,0,261,0,53,395,2,450,354,0,354,804
07/16/2004,CRQ,CA,AWP,WE,Towers with Display (VFR),0,28,107,1,136,0,27,309,4,340,0,55,416,5,476,340,26,366,842
07/17/2004,CRQ,CA,AWP,WE,Towers with Display (VFR),0,25,93,0,118,0,12,394,26,432,0,37,487,26,550,362,0,362,912
07/18/2004,CRQ,CA,AWP,WE,Towers with Display (VFR),0,35,131,0,166,0,11,306,4,321,0,46,437,4,487,236,0,236,723
07/19/2004,CRQ,CA,AWP,WE,Towers with Display (VFR),0,28,104,0,132,0,3,270,6,279,0,31,374,6,411,320,0,320,731
07/20/2004,CRQ,CA,AWP,WE,Towers with Display (VFR),0,29,108,0,137,0,13,231,0,244,0,42,339,0,381,240,0,240,621
07/21/2004,CRQ,CA,AWP,WE,Towers with Display (VFR),0,45,173,0,218,0,2,117,0,119,0,47,290,0,337,174,0,174,511
07/22/2004,CRQ,CA,AWP,WE,Towers with Display (VFR),0,41,160,1,202,0,13,210,1,224,0,54,370,2,426,262,0,262,688
07/23/2004,CRQ,CA,AWP,WE,Towers with Display (VFR),0,35,164,1,200,0,0,216,7,223,0,35,380,8,423,226,2,228,651
07/24/2004,CRQ,CA,AWP,WE,Towers with Display (VFR),0,37,149,1,187,0,0,232,2,234,0,37,381,3,421,82,0,82,503
07/25/2004,CRQ,CA,AWP,WE,Towers with Display (VFR),0,41,175,1,217,0,0,196,3,199,0,41,371,4,416,88,0,88,504
07/26/2004,CRQ,CA,AWP,WE,Towers with Display (VFR),0,37,145,1,183,0,7,184,7,198,0,44,329,8,381,160,0,160,541
07/27/2004,CRQ,CA,AWP,WE,Towers with Display (VFR),0,30,138,1,169,0,0,280,1,281,0,30,418,2,450,178,0,178,628
07/28/2004,CRQ,CA,AWP,WE,Towers with Display (VFR),0,31,118,0,149,0,17,218,0,235,0,48,336,0,384,216,0,216,600
07/29/2004,CRQ,CA,AWP,WE,Towers with Display (VFR),0,41,159,1,201,0,17,200,2,219,0,58,359,3,420,220,0,220,640
07/30/2004,CRQ,CA,AWP,WE,Towers with Display (VFR),0,47,182,1,230,0,0,157,1,158,0,47,339,2,388,226,0,226,614
07/31/2004,CRQ,CA,AWP,WE,Towers with Display (VFR),0,43,166,0,209,0,5,194,0,199,0,48,360,0,408,176,0,176,584
08/01/2004,CRQ,CA,AWP,WE,Towers with Display (VFR),0,49,135,0,184,0,11,246,0,257,0,60,381,0,441,86,0,86,527
08/02/2004,CRQ,CA,AWP,WE,Towers with Display (VFR),0,27,138,0,165,0,0,187,0,187,0,27,325,0,352,204,0,204,556
08/03/2004,CRQ,CA,AWP,WE,Towers with Display (VFR),0,33,149,0,182,0,2,204,1,207,0,35,353,1,389,190,0,190,579
08/04/2004,CRQ,CA,AWP,WE,Towers with Display (VFR),0,38,173,0,211,0,16,98,4,118,0,54,271,4,329,118,0,118,447
08/05/2004,CRQ,CA,AWP,WE,Towers with Display (VFR),0,44,130,0,174,0,6,274,8,288,0,50,404,8,462,170,0,170,632
08/06/2004,CRQ,CA,AWP,WE,Towers with Display (VFR),0,41,120,0,161,0,0,317,0,317,0,41,437,0,478,124,0,124,602
08/07/2004,CRQ,CA,AWP,WE,Towers with Display (VFR),0,31,130,0,161,0,5,323,0,328,0,36,453,0,489,190,0,190,679
08/08/2004,CRQ,CA,AWP,WE,Towers with Display (VFR),0,40,163,0,203,0,8,389,1,398,0,48,552,1,601,133,0,133,734
08/09/2004,CRQ,CA,AWP,WE,Towers with Display (VFR),0,30,110,0,140,0,17,231,0,248,0,47,341,0,388,190,0,190,578
08/10/2004,CRQ,CA,AWP,WE,Towers with Display (VFR),0,36,95,0,131,0,10,269,0,279,0,46,364,0,410,214,0,214,624
08/11/2004,CRQ,CA,AWP,WE,Towers with Display (VFR),0,33,135,0,168,0,10,185,6,201,0,43,320,6,369,140,0,140,509
08/12/2004,CRQ,CA,AWP,WE,Towers with Display (VFR),0,38,187,2,227,0,0,116,2,118,0,38,303,4,345,170,0,170,515
08/13/2004,CRQ,CA,AWP,WE,Towers with Display (VFR),0,42,264,0,306,0,2,27,3,32,0,44,291,3,338,186,0,186,524
08/14/2004,CRQ,CA,AWP,WE,Towers with Display (VFR),0,29,151,0,180,0,7,206,0,213,0,36,357,0,393,198,0,198,591
08/15/2004,CRQ,CA,AWP,WE,Towers with Display (VFR),0,48,208,0,256,0,14,153,0,167,0,62,361,0,423,92,0,92,515
08/16/2004,CRQ,CA,AWP,WE,Towers with Display (VFR),0,53,152,3,208,0,0,218,4,222,0,53,370,7,430,182,0,182,612
08/17/2004,CRQ,CA,AWP,WE,Towers with Display (VFR),0,35,153,0,188,0,12,130,0,142,0,47,283,0,330,96,0,96,426
08/18/2004,CRQ,CA,AWP,WE,Towers with Display (VFR),0,33,133,0,166,0,16,160,0,176,0,49,293,0,342,180,0,180,522
08/19/2004,CRQ,CA,AWP,WE,Towers with Display (VFR),0,39,136,0,175,0,16,246,4,266,0,55,382,4,441,260,0,260,701
08/20/2004,CRQ,CA,AWP,WE,Towers with Display (VFR),0,32,164,2,198,0,8,181,0,189,0,40,345,2,387,190,0,190,577
08/21/2004,CRQ,CA,AWP,WE,Towers with Display (VFR),0,26,157,0,183,0,25,317,0,342,0,51,474,0,525,224,0,224,749
08/22/2004,CRQ,CA,AWP,WE,Towers with Display (VFR),0,36,157,0,193,0,4,356,0,360,0,40,513,0,553,74,0,74,627
08/23/2004,CRQ,CA,AWP,WE,Towers with Display (VFR),0,43,118,0,161,0,0,251,5,256,0,43,369,5,417,150,0,150,567
08/24/2004,CRQ,CA,AWP,WE,Towers with Display (VFR),0,38,119,0,157,0,8,263,0,271,0,46,382,0,428,260,0,260,688
08/25/2004,CRQ,CA,AWP,WE,Towers with Display (VFR),0,41,121,2,164,0,11,229,3,243,0,52,350,5,407,204,0,204,611
08/26/2004,CRQ,CA,AWP,WE,Towers with Display (VFR),0,39,152,0,191,0,1,164,0,165,0,40,316,0,356,202,0,202,558
08/27/2004,CRQ,CA,AWP,WE,Towers with Display (VFR),0,31,147,0,178,0,10,281,0,291,0,41,428,0,469,222,0,222,691
08/28/2004,CRQ,CA,AWP,WE,Towers with Display (VFR),0,30,103,0,133,0,5,341,2,348,0,35,444,2,481,52,0,52,533
08/29/2004,CRQ,CA,AWP,WE,Towers with Display (VFR),0,42,176,0,218,0,2,332,1,335,0,44,508,1,553,74,0,74,627
08/30/2004,CRQ,CA,AWP,WE,Towers with Display (VFR),0,36,132,0,168,0,1,244,1,246,0,37,376,1,414,268,0,268,682
08/31/2004,CRQ,CA,AWP,WE,Towers with Display (VFR),0,24,121,0,145,0,18,204,2,224,0,42,325,2,369,214,0,214,583
09/01/2004,CRQ,CA,AWP,WE,Towers with Display (VFR),0,28,108,1,137,0,19,248,0,267,0,47,356,1,404,270,0,270,674
09/02/2004,CRQ,CA,AWP,WE,Towers with Display (VFR),0,33,126,1,160,0,10,237,4,251,0,43,363,5,411,206,0,206,617
09/03/2004,CRQ,CA,AWP,WE,Towers with Display (VFR),0,39,161,1,201,0,0,286,3,289,0,39,447,4,490,173,2,175,665
09/04/2004,CRQ,CA,AWP,WE,Towers with Display (VFR),0,29,110,1,140,0,12,433,1,446,0,41,543,2,586,152,0,152,738
09/05/2004,CRQ,CA,AWP,WE,Towers with Display (VFR),0,22,82,1,105,0,24,244,2,270,0,46,326,3,375,52,0,52,427
09/06/2004,CRQ,CA,AWP,WE,Towers with Display (VFR),0,32,127,1,160,0,30,319,0,349,0,62,446,1,509,202,0,202,711
09/07/2004,CRQ,CA,AWP,WE,Towers with Display (VFR),0,26,103,2,131,0,17,243,0,260,0,43,346,2,391,320,0,320,711
09/08/2004,CRQ,CA,AWP,WE,Towers with Display (VFR),0,34,134,2,170,0,13,192,4,209,0,47,326,6,379,216,0,216,595
09/09/2004,CRQ,CA,AWP,WE,Towers with Display (VFR),0,28,110,2,140,0,13,243,1,257,0,41,353,3,397,266,0,266,663
09/10/2004,CRQ,CA,AWP,WE,Towers with Display (VFR),0,22,89,2,113,0,24,256,7,287,0,46,345,9,400,203,0,203,603
09/11/2004,CRQ,CA,AWP,WE,Towers with Display (VFR),0,3,11,0,14,0,26,415,0,441,0,29,426,0,455,108,0,108,563
09/12/2004,CRQ,CA,AWP,WE,Towers with Display (VFR),0,31,119,2,152,0,8,249,1,258,0,39,368,3,410,64,0,64,474
09/13/2004,CRQ,CA,AWP,WE,Towers with Display (VFR),0,33,127,2,162,0,7,167,3,177,0,40,294,5,339,158,0,158,497
09/14/2004,CRQ,CA,AWP,WE,Towers with Display (VFR),0,37,144,2,183,0,1,170,6,177,0,38,314,8,360,160,0,160,520
09/15/2004,CRQ,CA,AWP,WE,Towers with Display (VFR),0,42,162,2,206,0,12,240,9,261,0,54,402,11,467,322,0,322,789
09/16/2004,CRQ,CA,AWP,WE,Towers with Display (VFR),0,34,132,2,168,0,24,172,1,197,0,58,304,3,365,192,0,192,557
09/17/2004,CRQ,CA,AWP,WE,Towers with Display (VFR),0,38,158,0,196,0,0,247,0,247,0,38,405,0,443,246,0,246,689
09/18/2004,CRQ,CA,AWP,WE,Towers with Display (VFR),0,27,109,1,137,0,5,304,0,309,0,32,413,1,446,146,0,146,592
09/19/2004,CRQ,CA,AWP,WE,Towers with Display (VFR),0,34,158,0,192,0,0,156,0,156,0,34,314,0,348,44,0,44,392
09/20/2004,CRQ,CA,AWP,WE,Towers with Display (VFR),0,23,92,1,116,0,17,262,5,284,0,40,354,6,400,132,0,132,532
09/21/2004,CRQ,CA,AWP,WE,Towers with Display (VFR),0,24,98,0,122,0,29,242,0,271,0,53,340,0,393,228,0,228,621
09/22/2004,CRQ,CA,AWP,WE,Towers with Display (VFR),0,20,77,0,97,0,29,265,3,297,0,49,342,3,394,240,0,240,634
09/23/2004,CRQ,CA,AWP,WE,Towers with Display (VFR),0,27,109,1,137,0,23,241,0,264,0,50,350,1,401,220,2,222,623
09/24/2004,CRQ,CA,AWP,WE,Towers with Display (VFR),0,27,106,1,134,0,5,198,4,207,0,32,304,5,341,166,0,166,507
09/25/2004,CRQ,CA,AWP,WE,Towers with Display (VFR),0,25,107,1,133,0,0,175,2,177,0,25,282,3,310,90,0,90,400
09/26/2004,CRQ,CA,AWP,WE,Towers with Display (VFR),0,31,121,1,153,0,3,281,3,287,0,34,402,4,440,56,0,56,496
09/27/2004,CRQ,CA,AWP,WE,Towers with Display (VFR),0,35,139,1,175,0,7,179,1,187,0,42,318,2,362,102,0,102,464
09/28/2004,CRQ,CA,AWP,WE,Towers with Display (VFR),0,32,128,1,161,0,28,174,4,206,0,60,302,5,367,110,0,110,477
09/29/2004,CRQ,CA,AWP,WE,Towers with Display (VFR),0,35,136,1,172,0,18,186,2,206,0,53,322,3,378,176,0,176,554
09/30/2004,CRQ,CA,AWP,WE,Towers with Display (VFR),0,34,131,1,166,0,13,189,3,205,0,47,320,4,371,192,0,192,563
10/01/2004,CRQ,CA,AWP,WE,Towers with Display (VFR),0,33,119,0,152,0,17,276,6,299,0,50,395,6,451,172,0,172,623
10/02/2004,CRQ,CA,AWP,WE,Towers with Display (VFR),0,24,135,7,166,0,13,157,0,170,0,37,292,7,336,146,0,146,482
10/03/2004,CRQ,CA,AWP,WE,Towers with Display (VFR),0,30,121,0,151,0,22,130,2,154,0,52,251,2,305,30,0,30,335
10/04/2004,CRQ,CA,AWP,WE,Towers with Display (VFR),0,33,136,0,169,0,19,133,8,160,0,52,269,8,329,132,0,132,461
10/05/2004,CRQ,CA,AWP,WE,Towers with Display (VFR),0,26,126,0,152,0,18,147,5,170,0,44,273,5,322,160,0,160,482
10/06/2004,CRQ,CA,AWP,WE,Towers with Display (VFR),0,26,107,0,133,0,5,143,0,148,0,31,250,0,281,96,0,96,377
10/07/2004,CRQ,CA,AWP,WE,Towers with Display (VFR),0,24,123,0,147,0,16,162,2,180,0,40,285,2,327,184,0,184,511
10/08/2004,CRQ,CA,AWP,WE,Towers with Display (VFR),0,32,143,2,177,0,14,166,0,180,0,46,309,2,357,146,0,146,503
10/09/2004,CRQ,CA,AWP,WE,Towers with Display (VFR),0,23,124,4,151,0,13,170,4,187,0,36,294,8,338,142,0,142,480
10/10/2004,CRQ,CA,AWP,WE,Towers with Display (VFR),0,28,85,0,113,0,14,385,2,401,0,42,470,2,514,134,0,134,648
10/11/2004,CRQ,CA,AWP,WE,Towers with Display (VFR),0,28,99,4,131,0,8,220,8,236,0,36,319,12,367,220,0,220,587
10/12/2004,CRQ,CA,AWP,WE,Towers with Display (VFR),0,31,132,2,165,0,19,142,0,161,0,50,274,2,326,130,0,130,456
10/13/2004,CRQ,CA,AWP,WE,Towers with Display (VFR),0,30,174,3,207,0,20,160,3,183,0,50,334,6,390,156,0,156,546
10/14/2004,CRQ,CA,AWP,WE,Towers with Display (VFR),0,26,112,0,138,0,0,186,2,188,0,26,298,2,326,140,0,140,466
10/15/2004,CRQ,CA,AWP,WE,Towers with Display (VFR),0,25,146,0,171,0,40,137,2,179,0,65,283,2,350,122,0,122,472
10/16/2004,CRQ,CA,AWP,WE,Towers with Display (VFR),0,16,158,0,174,0,9,108,0,117,0,25,266,0,291,188,0,188,479
10/17/2004,CRQ,CA,AWP,WE,Towers with Display (VFR),0,23,176,0,199,0,27,41,8,76,0,50,217,8,275,102,0,102,377
10/18/2004,CRQ,CA,AWP,WE,Towers with Display (VFR),0,24,87,0,111,0,15,119,5,139,0,39,206,5,250,154,0,154,404
10/19/2004,CRQ,CA,AWP,WE,Towers with Display (VFR),0,29,120,0,149,0,22,12,0,34,0,51,132,0,183,54,0,54,237
10/20/2004,CRQ,CA,AWP,WE,Towers with Display (VFR),0,27,69,0,96,0,12,0,0,12,0,39,69,0,108,0,0,0,108
10/21/2004,CRQ,CA,AWP,WE,Towers with Display (VFR),0,23,113,4,140,0,122,136,0,258,0,145,249,4,398,278,0,278,676
10/22/2004,CRQ,CA,AWP,WE,Towers with Display (VFR),0,32,115,5,152,0,14,311,0,325,0,46,426,5,477,212,0,212,689
10/23/2004,CRQ,CA,AWP,WE,Towers with Display (VFR),0,25,91,0,116,0,3,314,4,321,0,28,405,4,437,88,0,88,525
10/24/2004,CRQ,CA,AWP,WE,Towers with Display (VFR),0,22,133,1,156,0,31,278,0,309,0,53,411,1,465,136,0,136,601
10/25/2004,CRQ,CA,AWP,WE,Towers with Display (VFR),0,19,103,1,123,0,25,180,11,216,0,44,283,12,339,236,0,236,575
10/26/2004,CRQ,CA,AWP,WE,Towers with Display (VFR),0,17,122,0,139,0,3,139,1,143,0,20,261,1,282,222,0,222,504
10/27/2004,CRQ,CA,AWP,WE,Towers with Display (VFR),0,9,85,0,94,0,12,22,0,34,0,21,107,0,128,4,0,4,132
10/28/2004,CRQ,CA,AWP,WE,Towers with Display (VFR),0,15,96,0,111,0,16,148,10,174,0,31,244,10,285,110,0,110,395
10/29/2004,CRQ,CA,AWP,WE,Towers with Display (VFR),0,30,108,0,138,0,7,257,4,268,0,37,365,4,406,187,0,187,593
10/30/2004,CRQ,CA,AWP,WE,Towers with Display (VFR),0,25,137,0,162,0,16,291,0,307,0,41,428,0,469,192,0,192,661
10/31/2004,CRQ,CA,AWP,WE,Towers with Display (VFR),0,23,93,0,116,0,9,318,0,327,0,32,411,0,443,86,0,86,529
11/01/2004,CRQ,CA,AWP,WE,Towers with Radar,0,29,65,6,100,0,6,201,0,207,0,35,266,6,307,74,4,78,385
11/02/2004,CRQ,CA,AWP,WE,Towers with Radar,0,33,92,0,125,0,0,206,2,208,0,33,298,2,333,282,0,282,615
11/03/2004,CRQ,CA,AWP,WE,Towers with Radar,0,29,117,0,146,0,4,281,10,295,0,33,398,10,441,188,0,188,629
11/04/2004,CRQ,CA,AWP,WE,Towers with Radar,0,26,65,0,91,0,4,184,2,190,0,30,249,2,281,270,3,273,554
11/05/2004,CRQ,CA,AWP,WE,Towers with Radar,0,0,0,0,0,0,22,333,3,358,0,22,333,3,358,182,0,182,540
11/06/2004,CRQ,CA,AWP,WE,Towers with Radar,0,0,0,0,0,0,30,320,1,351,0,30,320,1,351,205,0,205,556
11/07/2004,CRQ,CA,AWP,WE,Towers with Radar,0,32,117,0,149,0,3,70,0,73,0,35,187,0,222,78,0,78,300
11/08/2004,CRQ,CA,AWP,WE,Towers with Radar,0,24,100,1,125,0,11,100,5,116,0,35,200,6,241,212,0,212,453
11/09/2004,CRQ,CA,AWP,WE,Towers with Radar,0,23,130,0,153,0,23,143,8,174,0,46,273,8,327,266,0,266,593
11/10/2004,CRQ,CA,AWP,WE,Towers with Radar,0,27,87,0,114,0,7,231,0,238,0,34,318,0,352,204,0,204,556
11/11/2004,CRQ,CA,AWP,WE,Towers with Radar,0,30,158,4,192,0,7,236,3,246,0,37,394,7,438,314,0,314,752
11/12/2004,CRQ,CA,AWP,WE,Towers with Radar,0,28,115,5,148,0,1,384,6,391,0,29,499,11,539,255,0,255,794
11/13/2004,CRQ,CA,AWP,WE,Towers with Radar,0,29,86,0,115,0,7,173,2,182,0,36,259,2,297,230,0,230,527
11/14/2004,CRQ,CA,AWP,WE,Towers with Radar,0,34,113,3,150,0,14,296,6,316,0,48,409,9,466,206,0,206,672
11/15/2004,CRQ,CA,AWP,WE,Towers with Radar,0,41,81,5,127,0,4,244,4,252,0,45,325,9,379,164,0,164,543
11/16/2004,CRQ,CA,AWP,WE,Towers with Radar,0,26,99,0,125,0,12,269,0,281,0,38,368,0,406,238,0,238,644
11/17/2004,CRQ,CA,AWP,WE,Towers with Radar,0,22,99,0,121,0,20,229,5,254,0,42,328,5,375,228,0,228,603
11/18/2004,CRQ,CA,AWP,WE,Towers with Radar,0,29,91,0,120,0,7,220,2,229,0,36,311,2,349,236,0,236,585
11/19/2004,CRQ,CA,AWP,WE,Towers with Radar,0,48,238,0,286,0,1,124,0,125,0,49,362,0,411,190,0,190,601
11/20/2004,CRQ,CA,AWP,WE,Towers with Radar,0,32,141,0,173,0,15,255,0,270,0,47,396,0,443,352,0,352,795
11/21/2004,CRQ,CA,AWP,WE,Towers with Radar,0,33,92,0,125,0,4,126,2,132,0,37,218,2,257,126,0,126,383
11/22/2004,CRQ,CA,AWP,WE,Towers with Radar,0,23,93,0,116,0,10,235,5,250,0,33,328,5,366,333,0,333,699
11/23/2004,CRQ,CA,AWP,WE,Towers with Radar,0,22,142,0,164,0,15,261,4,280,0,37,403,4,444,194,0,194,638
11/24/2004,CRQ,CA,AWP,WE,Towers with Radar,0,35,122,0,157,0,8,251,0,259,0,43,373,0,416,106,0,106,522
11/25/2004,CRQ,CA,AWP,WE,Towers with Radar,0,21,54,0,75,0,0,105,0,105,0,21,159,0,180,20,0,20,200
11/26/2004,CRQ,CA,AWP,WE,Towers with Radar,0,22,101,0,123,0,7,339,0,346,0,29,440,0,469,208,0,208,677
11/27/2004,CRQ,CA,AWP,WE,Towers with Radar,0,16,55,0,71,0,28,189,0,217,0,44,244,0,288,218,0,218,506
11/28/2004,CRQ,CA,AWP,WE,Towers with Radar,0,39,133,0,172,0,15,299,0,314,0,54,432,0,486,101,0,101,587
11/29/2004,CRQ,CA,AWP,WE,Towers with Radar,0,26,92,0,118,0,10,215,3,228,0,36,307,3,346,190,0,190,536
11/30/2004,CRQ,CA,AWP,WE,Towers with Radar,0,34,108,0,142,0,12,245,12,269,0,46,353,12,411,170,0,170,581
12/01/2004,CRQ,CA,AWP,WE,Towers with Radar,0,28,141,0,169,0,6,235,0,241,0,34,376,0,410,178,2,180,590
12/02/2004,CRQ,CA,AWP,WE,Towers with Radar,0,33,110,2,145,0,2,245,3,250,0,35,355,5,395,155,0,155,550
12/03/2004,CRQ,CA,AWP,WE,Towers with Radar,0,25,90,1,116,0,8,294,1,303,0,33,384,2,419,246,0,246,665
12/04/2004,CRQ,CA,AWP,WE,Towers with Radar,0,27,95,0,122,0,4,142,0,146,0,31,237,0,268,208,0,208,476
12/05/2004,CRQ,CA,AWP,WE,Towers with Radar,0,21,71,0,92,0,17,0,0,17,0,38,71,0,109,32,0,32,141
12/06/2004,CRQ,CA,AWP,WE,Towers with Radar,0,36,114,2,152,0,12,189,5,206,0,48,303,7,358,266,0,266,624
12/07/2004,CRQ,CA,AWP,WE,Towers with Radar,0,28,48,0,76,0,2,28,10,40,0,30,76,10,116,42,0,42,158
12/08/2004,CRQ,CA,AWP,WE,Towers with Radar,0,36,138,0,174,0,13,81,14,108,0,49,219,14,282,235,6,241,523
12/09/2004,CRQ,CA,AWP,WE,Towers with Radar,0,26,3,0,29,0,299,0,0,299,0,325,3,0,328,186,0,186,514
12/10/2004,CRQ,CA,AWP,WE,Towers with Radar,0,37,107,2,146,0,7,271,4,282,0,44,378,6,428,184,0,184,612
12/11/2004,CRQ,CA,AWP,WE,Towers with Radar,0,30,123,2,155,0,2,339,0,341,0,32,462,2,496,286,0,286,782
12/12/2004,CRQ,CA,AWP,WE,Towers with Radar,0,25,195,0,220,0,24,6,2,32,0,49,201,2,252,8,0,8,260
12/13/2004,CRQ,CA,AWP,WE,Towers with Radar,0,30,158,2,190,0,16,87,4,107,0,46,245,6,297,138,0,138,435
12/14/2004,CRQ,CA,AWP,WE,Towers with Radar,0,35,98,0,133,0,4,185,4,193,0,39,283,4,326,158,0,158,484
12/15/2004,CRQ,CA,AWP,WE,Towers with Radar,0,29,120,5,154,0,19,263,0,282,0,48,383,5,436,242,0,242,678
12/16/2004,CRQ,CA,AWP,WE,Towers with Radar,0,31,68,1,100,0,3,206,2,211,0,34,274,3,311,218,0,218,529
12/17/2004,CRQ,CA,AWP,WE,Towers with Radar,0,24,89,0,113,0,10,103,0,113,0,34,192,0,226,162,0,162,388
12/18/2004,CRQ,CA,AWP,WE,Towers with Radar,0,23,100,0,123,0,1,328,0,329,0,24,428,0,452,232,0,232,684
12/19/2004,CRQ,CA,AWP,WE,Towers with Radar,0,21,97,0,118,0,1,281,2,284,0,22,378,2,402,178,0,178,580
12/20/2004,CRQ,CA,AWP,WE,Towers with Radar,0,26,104,1,131,0,12,178,9,199,0,38,282,10,330,216,0,216,546
12/21/2004,CRQ,CA,AWP,WE,Towers with Radar,0,32,106,4,142,0,10,287,3,300,0,42,393,7,442,198,0,198,640
12/22/2004,CRQ,CA,AWP,WE,Towers with Radar,0,27,92,0,119,0,14,227,20,261,0,41,319,20,380,160,0,160,540
12/23/2004,CRQ,CA,AWP,WE,Towers with Radar,0,33,95,0,128,0,16,328,0,344,0,49,423,0,472,204,0,204,676
12/24/2004,CRQ,CA,AWP,WE,Towers with Radar,0,20,50,0,70,0,6,134,0,140,0,26,184,0,210,56,0,56,266
12/25/2004,CRQ,CA,AWP,WE,Towers with Radar,0,21,14,0,35,0,9,138,0,147,0,30,152,0,182,52,0,52,234
12/26/2004,CRQ,CA,AWP,WE,Towers with Radar,0,36,93,0,129,0,0,164,2,166,0,36,257,2,295,94,0,94,389
12/27/2004,CRQ,CA,AWP,WE,Towers with Radar,0,27,103,0,130,0,9,172,0,181,0,36,275,0,311,114,0,114,425
12/28/2004,CRQ,CA,AWP,WE,Towers with Radar,0,13,49,0,62,0,12,7,2,21,0,25,56,2,83,26,0,26,109
12/29/2004,CRQ,CA,AWP,WE,Towers with Radar,0,21,99,2,122,0,10,27,2,39,0,31,126,4,161,20,0,20,181
12/30/2004,CRQ,CA,AWP,WE,Towers with Radar,0,26,127,3,156,0,4,187,0,191,0,30,314,3,347,184,0,184,531
12/31/2004,CRQ,CA,AWP,WE,Towers with Radar,0,18,94,0,112,0,0,5,0,5,0,18,99,0,117,108,0,108,225
01/01/2005,CRQ,CA,AWP,WE,Towers with Radar,0,17,47,0,64,0,16,160,0,176,0,33,207,0,240,76,0,76,316
01/02/2005,CRQ,CA,AWP,WE,Towers with Radar,0,22,104,0,126,0,16,82,0,98,0,38,186,0,224,80,0,80,304
01/03/2005,CRQ,CA,AWP,WE,Towers with Radar,0,18,48,1,67,0,10,9,0,19,0,28,57,1,86,30,0,30,116
01/04/2005,CRQ,CA,AWP,WE,Towers with Radar,0,25,55,4,84,0,14,116,5,135,0,39,171,9,219,92,0,92,311
01/05/2005,CRQ,CA,AWP,WE,Towers with Radar,0,32,112,2,146,0,13,284,8,305,0,45,396,10,451,156,0,156,607
01/06/2005,CRQ,CA,AWP,WE,Towers with Radar,0,26,112,0,138,0,5,170,0,175,0,31,282,0,313,188,0,188,501
01/07/2005,CRQ,CA,AWP,WE,Towers with Radar,0,13,50,0,63,0,3,3,0,6,0,16,53,0,69,8,0,8,77
01/08/2005,CRQ,CA,AWP,WE,Towers with Radar,0,16,62,0,78,0,9,8,0,17,0,25,70,0,95,0,0,0,95
01/09/2005,CRQ,CA,AWP,WE,Towers with Radar,0,20,54,0,74,0,6,5,0,11,0,26,59,0,85,8,0,8,93
01/10/2005,CRQ,CA,AWP,WE,Towers with Radar,0,22,68,4,94,0,0,6,1,7,0,22,74,5,101,0,0,0,101
01/11/2005,CRQ,CA,AWP,WE,Towers with Radar,0,17,78,1,96,0,5,98,9,112,0,22,176,10,208,72,0,72,280
01/12/2005,CRQ,CA,AWP,WE,Towers with Radar,0,28,130,0,158,0,18,284,0,302,0,46,414,0,460,292,0,292,752
01/13/2005,CRQ,CA,AWP,WE,Towers with Radar,0,23,107,0,130,0,31,0,8,39,0,54,107,8,169,224,0,224,393
01/14/2005,CRQ,CA,AWP,WE,Towers with Radar,0,26,135,0,161,0,17,205,0,222,0,43,340,0,383,135,0,135,518
01/15/2005,CRQ,CA,AWP,WE,Towers with Radar,0,18,72,0,90,0,5,308,0,313,0,23,380,0,403,199,0,199,602
01/16/2005,CRQ,CA,AWP,WE,Towers with Radar,0,29,88,0,117,0,3,287,1,291,0,32,375,1,408,152,0,152,560
01/17/2005,CRQ,CA,AWP,WE,Towers with Radar,0,28,125,0,153,0,2,248,0,250,0,30,373,0,403,80,0,80,483
01/18/2005,CRQ,CA,AWP,WE,Towers with Radar,0,26,122,0,148,0,7,232,0,239,0,33,354,0,387,174,0,174,561
01/19/2005,CRQ,CA,AWP,WE,Towers with Radar,0,30,72,0,102,0,10,276,6,292,0,40,348,6,394,178,0,178,572
01/20/2005,CRQ,CA,AWP,WE,Towers with Radar,0,24,119,0,143,0,18,211,4,233,0,42,330,4,376,216,0,216,592
01/21/2005,CRQ,CA,AWP,WE,Towers with Radar,0,23,157,0,180,0,0,94,1,95,0,23,251,1,275,104,0,104,379
01/22/2005,CRQ,CA,AWP,WE,Towers with Radar,0,26,118,3,147,0,4,157,1,162,0,30,275,4,309,202,0,202,511
01/23/2005,CRQ,CA,AWP,WE,Towers with Radar,0,27,151,0,178,0,16,126,0,142,0,43,277,0,320,69,0,69,389
01/24/2005,CRQ,CA,AWP,WE,Towers with Radar,0,34,121,0,155,0,0,161,4,165,0,34,282,4,320,200,0,200,520
01/25/2005,CRQ,CA,AWP,WE,Towers with Radar,0,29,119,1,149,0,9,156,2,167,0,38,275,3,316,169,0,169,485
01/26/2005,CRQ,CA,AWP,WE,Towers with Radar,0,22,153,2,177,0,14,46,7,67,0,36,199,9,244,106,0,106,350
01/27/2005,CRQ,CA,AWP,WE,Towers with Radar,0,19,108,0,127,0,13,170,1,184,0,32,278,1,311,222,0,222,533
01/28/2005,CRQ,CA,AWP,WE,Towers with Radar,0,33,150,0,183,0,6,63,0,69,0,39,213,0,252,112,4,116,368
01/29/2005,CRQ,CA,AWP,WE,Towers with Radar,0,20,80,0,100,0,13,246,0,259,0,33,326,0,359,216,0,216,575
01/30/2005,CRQ,CA,AWP,WE,Towers with Radar,0,31,107,0,138,0,17,370,0,387,0,48,477,0,525,106,0,106,631
01/31/2005,CRQ,CA,AWP,WE,Towers with Radar,0,22,94,1,117,0,3,237,3,243,0,25,331,4,360,276,0,276,636
02/01/2005,CRQ,CA,AWP,WE,Towers with Radar,0,21,89,4,114,0,15,215,8,238,0,36,304,12,352,236,0,236,588
02/02/2005,CRQ,CA,AWP,WE,Towers with Radar,0,28,74,0,102,0,13,219,0,232,0,41,293,0,334,260,0,260,594
02/03/2005,CRQ,CA,AWP,WE,Towers with Radar,0,28,95,0,123,0,4,171,0,175,0,32,266,0,298,126,0,126,424
02/04/2005,CRQ,CA,AWP,WE,Towers with Radar,0,27,112,2,141,0,8,323,7,338,0,35,435,9,479,219,0,219,698
02/05/2005,CRQ,CA,AWP,WE,Towers with Radar,0,17,107,2,126,0,26,284,1,311,0,43,391,3,437,210,0,210,647
02/06/2005,CRQ,CA,AWP,WE,Towers with Radar,0,19,113,2,134,0,1,62,0,63,0,20,175,2,197,156,0,156,353
02/07/2005,CRQ,CA,AWP,WE,Towers with Radar,0,28,125,0,153,0,0,108,0,108,0,28,233,0,261,250,0,250,511
02/08/2005,CRQ,CA,AWP,WE,Towers with Radar,0,28,95,0,123,0,9,243,11,263,0,37,338,11,386,342,0,342,728
02/09/2005,CRQ,CA,AWP,WE,Towers with Radar,0,30,106,3,139,0,21,298,14,333,0,51,404,17,472,328,0,328,800
02/10/2005,CRQ,CA,AWP,WE,Towers with Radar,0,30,90,0,120,0,7,157,4,168,0,37,247,4,288,228,0,228,516
02/11/2005,CRQ,CA,AWP,WE,Towers with Radar,0,22,86,2,110,0,9,21,0,30,0,31,107,2,140,2,0,2,142
02/12/2005,CRQ,CA,AWP,WE,Towers with Radar,0,19,89,0,108,0,6,4,0,10,0,25,93,0,118,0,0,0,118
02/13/2005,CRQ,CA,AWP,WE,Towers with Radar,0,26,130,0,156,0,17,88,6,111,0,43,218,6,267,134,0,134,401
02/14/2005,CRQ,CA,AWP,WE,Towers with Radar,0,27,112,1,140,0,0,153,0,153,0,27,265,1,293,224,0,224,517
02/15/2005,CRQ,CA,AWP,WE,Towers with Radar,0,28,100,2,130,0,10,171,12,193,0,38,271,14,323,255,0,255,578
02/16/2005,CRQ,CA,AWP,WE,Towers with Radar,0,28,107,0,135,0,17,261,9,287,0,45,368,9,422,254,0,254,676
02/17/2005,CRQ,CA,AWP,WE,Towers with Radar,0,33,95,4,132,0,13,110,0,123,0,46,205,4,255,158,0,158,413
02/18/2005,CRQ,CA,AWP,WE,Towers with Radar,0,23,132,1,156,0,5,118,5,128,0,28,250,6,284,180,0,180,464
02/19/2005,CRQ,CA,AWP,WE,Towers with Radar,0,22,55,1,78,0,0,38,0,38,0,22,93,1,116,36,0,36,152
02/20/2005,CRQ,CA,AWP,WE,Towers with Radar,0,22,61,0,83,0,4,114,2,120,0,26,175,2,203,194,0,194,397
02/21/2005,CRQ,CA,AWP,WE,Towers with Radar,0,23,72,0,95,0,10,42,0,52,0,33,114,0,147,40,0,40,187
02/22/2005,CRQ,CA,AWP,WE,Towers with Radar,0,17,74,0,91,0,0,45,1,46,0,17,119,1,137,130,0,130,267
02/23/2005,CRQ,CA,AWP,WE,Towers with Radar,0,32,100,0,132,0,4,155,5,164,0,36,255,5,296,178,0,178,474
02/24/2005,CRQ,CA,AWP,WE,Towers with Radar,0,34,144,2,180,0,11,330,6,347,0,45,474,8,527,270,0,270,797
02/25/2005,CRQ,CA,AWP,WE,Towers with Radar,0,47,202,1,250,0,7,155,3,165,0,54,357,4,415,312,0,312,727
02/26/2005,CRQ,CA,AWP,WE,Towers with Radar,0,33,143,3,179,0,6,245,5,256,0,39,388,8,435,322,0,322,757
02/27/2005,CRQ,CA,AWP,WE,Towers with Radar,0,29,139,1,169,0,15,228,2,245,0,44,367,3,414,368,0,368,782
02/28/2005,CRQ,CA,AWP,WE,Towers with Radar,0,28,118,0,146,0,11,146,1,158,0,39,264,1,304,312,0,312,616
03/01/2005,CRQ,CA,AWP,WE,Towers with Radar,0,27,84,1,112,0,20,154,1,175,0,47,238,2,287,276,0,276,563
03/02/2005,CRQ,CA,AWP,WE,Towers with Radar,0,37,152,1,190,0,4,217,5,226,0,41,369,6,416,330,0,330,746
03/03/2005,CRQ,CA,AWP,WE,Towers with Radar,0,26,123,0,149,0,14,240,2,256,0,40,363,2,405,258,0,258,663
03/04/2005,CRQ,CA,AWP,WE,Towers with Radar,0,45,101,2,148,0,0,97,0,97,0,45,198,2,245,157,0,157,402
03/05/2005,CRQ,CA,AWP,WE,Towers with Radar,0,19,96,0,115,0,3,240,0,243,0,22,336,0,358,284,0,284,642
03/06/2005,CRQ,CA,AWP,WE,Towers with Radar,0,26,145,0,171,0,3,176,10,189,0,29,321,10,360,110,0,110,470
03/07/2005,CRQ,CA,AWP,WE,Towers with Radar,0,21,97,5,123,0,6,192,0,198,0,27,289,5,321,280,0,280,601
03/08/2005,CRQ,CA,AWP,WE,Towers with Radar,0,20,83,2,105,0,4,112,1,117,0,24,195,3,222,50,0,50,272
03/09/2005,CRQ,CA,AWP,WE,Towers with Radar,0,42,248,0,290,0,11,0,2,13,0,53,248,2,303,36,0,36,339
03/10/2005,CRQ,CA,AWP,WE,Towers with Radar,0,21,170,0,191,0,6,86,4,96,0,27,256,4,287,52,0,52,339
03/11/2005,CRQ,CA,AWP,WE,Towers with Radar,0,27,186,0,213,0,9,0,0,9,0,36,186,0,222,63,0,63,285
03/12/2005,CRQ,CA,AWP,WE,Towers with Radar,0,16,169,0,185,0,6,0,0,6,0,22,169,0,191,59,0,59,250
03/13/2005,CRQ,CA,AWP,WE,Towers with Radar,0,24,171,1,196,0,3,132,2,137,0,27,303,3,333,216,0,216,549
03/14/2005,CRQ,CA,AWP,WE,Towers with Radar,0,22,116,0,138,0,0,194,0,194,0,22,310,0,332,291,0,291,623
03/15/2005,CRQ,CA,AWP,WE,Towers with Radar,0,29,99,0,128,0,0,296,0,296,0,29,395,0,424,228,2,230,654
03/16/2005,CRQ,CA,AWP,WE,Towers with Radar,0,23,120,0,143,0,8,390,0,398,0,31,510,0,541,188,0,188,729
03/17/2005,CRQ,CA,AWP,WE,Towers with Radar,0,34,144,1,179,0,7,223,9,239,0,41,367,10,418,206,0,206,624
03/18/2005,CRQ,CA,AWP,WE,Towers with Radar,0,30,131,0,161,0,6,82,6,94,0,36,213,6,255,195,0,195,450
03/19/2005,CRQ,CA,AWP,WE,Towers with Radar,0,26,140,0,166,0,6,16,0,22,0,32,156,0,188,91,0,91,279
03/20/2005,CRQ,CA,AWP,WE,Towers with Radar,0,33,99,0,132,0,0,253,4,257,0,33,352,4,389,190,0,190,579
03/21/2005,CRQ,CA,AWP,WE,Towers with Radar,0,34,116,0,150,0,5,255,11,271,0,39,371,11,421,224,9,233,654
03/22/2005,CRQ,CA,AWP,WE,Towers with Radar,0,18,94,0,112,0,10,172,7,189,0,28,266,7,301,134,0,134,435
03/23/2005,CRQ,CA,AWP,WE,Towers with Radar,0,28,116,0,144,0,9,127,2,138,0,37,243,2,282,228,0,228,510
03/24/2005,CRQ,CA,AWP,WE,Towers with Radar,0,14,145,3,162,0,32,97,7,136,0,46,242,10,298,250,0,250,548
03/25/2005,CRQ,CA,AWP,WE,Towers with Radar,0,37,140,0,177,0,2,322,5,329,0,39,462,5,506,270,2,272,778
03/26/2005,CRQ,CA,AWP,WE,Towers with Radar,0,11,137,2,150,0,25,349,1,375,0,36,486,3,525,344,0,344,869
03/27/2005,CRQ,CA,AWP,WE,Towers with Radar,0,19,92,0,111,0,5,249,0,254,0,24,341,0,365,162,0,162,527
03/28/2005,CRQ,CA,AWP,WE,Towers with Radar,0,24,118,4,146,0,8,163,14,185,0,32,281,18,331,234,0,234,565
03/29/2005,CRQ,CA,AWP,WE,Towers with Radar,0,30,110,0,140,0,10,244,7,261,0,40,354,7,401,166,0,166,567
03/30/2005,CRQ,CA,AWP,WE,Towers with Radar,0,20,91,0,111,0,18,342,3,363,0,38,433,3,474,230,0,230,704
03/31/2005,CRQ,CA,AWP,WE,Towers with Radar,0,24,96,0,120,0,19,205,8,232,0,43,301,8,352,172,2,174,526
04/01/2005,CRQ,CA,AWP,WE,Towers with Radar,0,29,127,2,158,0,27,273,0,300,0,56,400,2,458,274,2,276,734
04/02/2005,CRQ,CA,AWP,WE,Towers with Radar,0,32,100,3,135,0,6,306,7,319,0,38,406,10,454,223,0,223,677
04/03/2005,CRQ,CA,AWP,WE,Towers with Radar,0,43,135,2,180,0,14,177,0,191,0,57,312,2,371,228,0,228,599
04/04/2005,CRQ,CA,AWP,WE,Towers with Radar,0,26,108,0,134,0,14,179,7,200,0,40,287,7,334,360,0,360,694
04/05/2005,CRQ,CA,AWP,WE,Towers with Radar,0,36,120,0,156,0,12,303,3,318,0,48,423,3,474,260,0,260,734
04/06/2005,CRQ,CA,AWP,WE,Towers with Radar,0,40,135,0,175,0,14,293,0,307,0,54,428,0,482,428,0,428,910
04/07/2005,CRQ,CA,AWP,WE,Towers with Radar,0,33,166,2,201,0,14,152,3,169,0,47,318,5,370,238,4,242,612
04/08/2005,CRQ,CA,AWP,WE,Towers with Radar,0,33,144,0,177,0,16,256,5,277,0,49,400,5,454,250,4,254,708
04/09/2005,CRQ,CA,AWP,WE,Towers with Radar,0,24,98,0,122,0,20,399,2,421,0,44,497,2,543,262,0,262,805
04/10/2005,CRQ,CA,AWP,WE,Towers with Radar,0,31,122,0,153,0,0,344,2,346,0,31,466,2,499,169,0,169,668
04/11/2005,CRQ,CA,AWP,WE,Towers with Radar,0,26,93,0,119,0,12,263,9,284,0,38,356,9,403,242,6,248,651
04/12/2005,CRQ,CA,AWP,WE,Towers with Radar,0,21,98,0,119,0,17,263,2,282,0,38,361,2,401,224,0,224,625
04/13/2005,CRQ,CA,AWP,WE,Towers with Radar,0,28,148,4,180,0,11,163,2,176,0,39,311,6,356,162,0,162,518
04/14/2005,CRQ,CA,AWP,WE,Towers with Radar,0,26,124,0,150,0,1,227,3,231,0,27,351,3,381,142,0,142,523
04/15/2005,CRQ,CA,AWP,WE,Towers with Radar,0,40,151,0,191,0,5,297,1,303,0,45,448,1,494,194,2,196,690
04/16/2005,CRQ,CA,AWP,WE,Towers with Radar,0,31,69,0,100,0,0,328,0,328,0,31,397,0,428,110,0,110,538
04/17/2005,CRQ,CA,AWP,WE,Towers with Radar,0,30,190,0,220,0,0,122,6,128,0,30,312,6,348,84,0,84,432
04/18/2005,CRQ,CA,AWP,WE,Towers with Radar,0,21,138,0,159,0,1,142,14,157,0,22,280,14,316,292,0,292,608
04/19/2005,CRQ,CA,AWP,WE,Towers with Radar,0,27,84,0,111,0,8,141,12,161,0,35,225,12,272,232,0,232,504
04/20/2005,CRQ,CA,AWP,WE,Towers with Radar,0,25,152,0,177,0,10,0,4,14,0,35,152,4,191,260,0,260,451
04/21/2005,CRQ,CA,AWP,WE,Towers with Radar,0,23,118,2,143,0,24,261,7,292,0,47,379,9,435,338,0,338,773
04/22/2005,CRQ,CA,AWP,WE,Towers with Radar,0,34,177,0,211,0,6,151,6,163,0,40,328,6,374,250,0,250,624
04/23/2005,CRQ,CA,AWP,WE,Towers with Radar,0,18,97,2,117,0,9,313,1,323,0,27,410,3,440,230,0,230,670
04/24/2005,CRQ,CA,AWP,WE,Towers with Radar,0,21,173,0,194,0,11,105,6,122,0,32,278,6,316,140,0,140,456
04/25/2005,CRQ,CA,AWP,WE,Towers with Radar,0,18,108,0,126,0,0,268,8,276,0,18,376,8,402,346,0,346,748
04/26/2005,CRQ,CA,AWP,WE,Towers with Radar,0,29,127,1,157,0,8,152,1,161,0,37,279,2,318,226,0,226,544
04/27/2005,CRQ,CA,AWP,WE,Towers with Radar,0,40,167,0,207,0,10,199,13,222,0,50,366,13,429,454,0,454,883
04/28/2005,CRQ,CA,AWP,WE,Towers with Radar,0,27,114,0,141,0,15,92,10,117,0,42,206,10,258,220,0,220,478
04/29/2005,CRQ,CA,AWP,WE,Towers with Radar,0,40,137,0,177,0,5,255,5,265,0,45,392,5,442,407,3,410,852
04/30/2005,CRQ,CA,AWP,WE,Towers with Radar,0,15,78,0,93,0,1,375,0,376,0,16,453,0,469,288,0,288,757
05/01/2005,CRQ,CA,AWP,WE,Towers with Radar,0,16,143,0,159,0,27,260,2,289,0,43,403,2,448,256,0,256,704
05/02/2005,CRQ,CA,AWP,WE,Towers with Radar,0,33,127,3,163,0,7,225,6,238,0,40,352,9,401,258,0,258,659
05/03/2005,CRQ,CA,AWP,WE,Towers with Radar,0,34,125,0,159,0,2,269,4,275,0,36,394,4,434,244,2,246,680
05/04/2005,CRQ,CA,AWP,WE,Towers with Radar,0,0,356,0,356,0,44,0,5,49,0,44,356,5,405,0,5,5,410
05/05/2005,CRQ,CA,AWP,WE,Towers with Radar,0,33,164,2,199,0,14,110,10,134,0,47,274,12,333,202,0,202,535
05/06/2005,CRQ,CA,AWP,WE,Towers with Radar,0,25,122,1,148,0,13,240,11,264,0,38,362,12,412,280,2,282,694
05/07/2005,CRQ,CA,AWP,WE,Towers with Radar,0,21,117,0,138,0,21,308,4,333,0,42,425,4,471,337,0,337,808
05/08/2005,CRQ,CA,AWP,WE,Towers with Radar,0,31,90,0,121,0,23,308,0,331,0,54,398,0,452,240,0,240,692
05/09/2005,CRQ,CA,AWP,WE,Towers with Radar,0,29,128,0,157,0,13,195,11,219,0,42,323,11,376,280,0,280,656
05/10/2005,CRQ,CA,AWP,WE,Towers with Radar,0,18,92,0,110,0,5,273,11,289,0,23,365,11,399,266,0,266,665
05/11/2005,CRQ,CA,AWP,WE,Towers with Radar,0,33,113,0,146,0,9,308,3,320,0,42,421,3,466,258,0,258,724
05/12/2005,CRQ,CA,AWP,WE,Towers with Radar,0,24,116,0,140,0,18,370,9,397,0,42,486,9,537,340,0,340,877
05/13/2005,CRQ,CA,AWP,WE,Towers with Radar,0,36,129,0,165,0,18,341,6,365,0,54,470,6,530,290,0,290,820
05/14/2005,CRQ,CA,AWP,WE,Towers with Radar,0,17,99,0,116,0,22,395,2,419,0,39,494,2,535,180,0,180,715
05/15/2005,CRQ,CA,AWP,WE,Towers with Radar,0,30,106,2,138,0,9,350,2,361,0,39,456,4,499,254,0,254,753
05/16/2005,CRQ,CA,AWP,WE,Towers with Radar,0,31,131,1,163,0,3,57,2,62,0,34,188,3,225,127,0,127,352
05/17/2005,CRQ,CA,AWP,WE,Towers with Radar,0,51,136,0,187,0,16,264,2,282,0,67,400,2,469,288,0,288,757
05/18/2005,CRQ,CA,AWP,WE,Towers with Radar,0,32,122,1,155,0,20,295,16,331,0,52,417,17,486,362,0,362,848
05/19/2005,CRQ,CA,AWP,WE,Towers with Radar,0,26,115,8,149,0,0,367,0,367,0,26,482,8,516,305,0,305,821
05/20/2005,CRQ,CA,AWP,WE,Towers with Radar,0,36,137,0,173,0,19,390,2,411,0,55,527,2,584,213,0,213,797
05/21/2005,CRQ,CA,AWP,WE,Towers with Radar,0,28,90,4,122,0,17,425,1,443,0,45,515,5,565,194,0,194,759
05/22/2005,CRQ,CA,AWP,WE,Towers with Radar,0,36,123,0,159,0,0,230,2,232,0,36,353,2,391,206,2,208,599
05/23/2005,CRQ,CA,AWP,WE,Towers with Radar,0,39,166,0,205,0,21,173,1,195,0,60,339,1,400,144,0,144,544
05/24/2005,CRQ,CA,AWP,WE,Towers with Radar,0,52,180,0,232,0,16,184,0,200,0,68,364,0,432,212,0,212,644
05/25/2005,CRQ,CA,AWP,WE,Towers with Radar,0,34,140,0,174,0,9,180,0,189,0,43,320,0,363,188,0,188,551
05/26/2005,CRQ,CA,AWP,WE,Towers with Radar,0,24,196,5,225,0,7,150,4,161,0,31,346,9,386,122,0,122,508
05/27/2005,CRQ,CA,AWP,WE,Towers with Radar,0,13,80,0,93,0,5,31,2,38,0,18,111,2,131,172,0,172,303
05/28/2005,CRQ,CA,AWP,WE,Towers with Radar,0,21,170,0,191,0,23,182,0,205,0,44,352,0,396,335,2,337,733
05/29/2005,CRQ,CA,AWP,WE,Towers with Radar,0,23,147,0,170,0,8,139,0,147,0,31,286,0,317,240,0,240,557
05/30/2005,CRQ,CA,AWP,WE,Towers with Radar,0,27,148,0,175,0,17,344,2,363,0,44,492,2,538,194,0,194,732
05/31/2005,CRQ,CA,AWP,WE,Towers with Radar,0,31,133,0,164,0,7,189,0,196,0,38,322,0,360,160,0,160,520
06/01/2005,CRQ,CA,AWP,WE,Towers with Radar,0,46,193,0,239,0,0,89,0,89,0,46,282,0,328,186,0,186,514
06/02/2005,CRQ,CA,AWP,WE,Towers with Radar,0,32,199,0,231,0,0,70,2,72,0,32,269,2,303,380,0,380,683
06/03/2005,CRQ,CA,AWP,WE,Towers with Radar,0,19,151,0,170,0,6,156,0,162,0,25,307,0,332,230,0,230,562
06/04/2005,CRQ,CA,AWP,WE,Towers with Radar,0,21,191,0,212,0,8,133,2,143,0,29,324,2,355,250,0,250,605
06/05/2005,CRQ,CA,AWP,WE,Towers with Radar,0,34,197,0,231,0,5,156,1,162,0,39,353,1,393,264,0,264,657
06/06/2005,CRQ,CA,AWP,WE,Towers with Radar,0,25,115,1,141,0,8,235,1,244,0,33,350,2,385,268,0,268,653
06/07/2005,CRQ,CA,AWP,WE,Towers with Radar,0,33,90,0,123,0,18,397,6,421,0,51,487,6,544,338,0,338,882
06/08/2005,CRQ,CA,AWP,WE,Towers with Radar,0,37,117,0,154,0,8,294,0,302,0,45,411,0,456,334,0,334,790
06/09/2005,CRQ,CA,AWP,WE,Towers with Radar,0,44,189,1,234,0,9,116,9,134,0,53,305,10,368,306,0,306,674
06/10/2005,CRQ,CA,AWP,WE,Towers with Radar,0,30,216,4,250,0,16,121,0,137,0,46,337,4,387,249,0,249,636
06/11/2005,CRQ,CA,AWP,WE,Towers with Radar,0,28,162,2,192,0,13,125,1,139,0,41,287,3,331,324,0,324,655
06/12/2005,CRQ,CA,AWP,WE,Towers with Radar,0,38,202,0,240,0,7,50,2,59,0,45,252,2,299,192,0,192,491
06/13/2005,CRQ,CA,AWP,WE,Towers with Radar,0,31,138,1,170,0,6,128,5,139,0,37,266,6,309,146,0,146,455
06/14/2005,CRQ,CA,AWP,WE,Towers with Radar,0,28,142,2,172,0,0,55,2,57,0,28,197,4,229,42,0,42,271
06/15/2005,CRQ,CA,AWP,WE,Towers with Radar,0,47,183,0,230,0,0,31,3,34,0,47,214,3,264,146,2,148,412
06/16/2005,CRQ,CA,AWP,WE,Towers with Radar,0,34,203,0,237,0,21,120,5,146,0,55,323,5,383,358,0,358,741
06/17/2005,CRQ,CA,AWP,WE,Towers with Radar,0,40,157,3,200,0,5,223,1,229,0,45,380,4,429,259,0,259,688
06/18/2005,CRQ,CA,AWP,WE,Towers with Radar,0,21,101,2,124,0,8,404,0,412,0,29,505,2,536,292,0,292,828
06/19/2005,CRQ,CA,AWP,WE,Towers with Radar,0,34,100,1,135,0,14,374,5,393,0,48,474,6,528,176,0,176,704
06/20/2005,CRQ,CA,AWP,WE,Towers with Radar,0,25,98,1,124,0,14,243,0,257,0,39,341,1,381,446,0,446,827
06/21/2005,CRQ,CA,AWP,WE,Towers with Radar,0,28,121,3,152,0,10,223,0,233,0,38,344,3,385,370,2,372,757
06/22/2005,CRQ,CA,AWP,WE,Towers with Radar,0,30,116,1,147,0,8,275,2,285,0,38,391,3,432,256,0,256,688
06/23/2005,CRQ,CA,AWP,WE,Towers with Radar,0,33,135,0,168,0,9,265,0,274,0,42,400,0,442,205,0,205,647
06/24/2005,CRQ,CA,AWP,WE,Towers with Radar,0,38,140,3,181,0,3,400,0,403,0,41,540,3,584,197,0,197,781
06/25/2005,CRQ,CA,AWP,WE,Towers with Radar,0,24,73,0,97,0,3,383,2,388,0,27,456,2,485,91,0,91,576
06/26/2005,CRQ,CA,AWP,WE,Towers with Radar,0,34,112,4,150,0,12,352,0,364,0,46,464,4,514,266,0,266,780
06/27/2005,CRQ,CA,AWP,WE,Towers with Radar,0,35,170,2,207,0,8,220,0,228,0,43,390,2,435,170,0,170,605
06/28/2005,CRQ,CA,AWP,WE,Towers with Radar,0,25,141,1,167,0,5,261,4,270,0,30,402,5,437,360,0,360,797
06/29/2005,CRQ,CA,AWP,WE,Towers with Radar,0,36,158,0,194,0,0,193,0,193,0,36,351,0,387,172,0,172,559
06/30/2005,CRQ,CA,AWP,WE,Towers with Radar,0,31,176,2,209,0,8,177,1,186,0,39,353,3,395,160,0,160,555
07/01/2005,CRQ,CA,AWP,WE,Towers with Radar,0,39,203,0,242,0,12,224,0,236,0,51,427,0,478,156,0,156,634
07/02/2005,CRQ,CA,AWP,WE,Towers with Radar,0,35,149,0,184,0,10,239,0,249,0,45,388,0,433,144,0,144,577
07/03/2005,CRQ,CA,AWP,WE,Towers with Radar,0,25,92,0,117,0,7,204,0,211,0,32,296,0,328,114,0,114,442
07/04/2005,CRQ,CA,AWP,WE,Towers with Radar,0,20,85,0,105,0,16,187,6,209,0,36,272,6,314,88,0,88,402
07/05/2005,CRQ,CA,AWP,WE,Towers with Radar,0,34,127,4,165,0,3,205,6,214,0,37,332,10,379,82,0,82,461
07/06/2005,CRQ,CA,AWP,WE,Towers with Radar,0,40,131,0,171,0,9,306,6,321,0,49,437,6,492,226,0,226,718
07/07/2005,CRQ,CA,AWP,WE,Towers with Radar,0,28,140,0,168,0,19,341,8,368,0,47,481,8,536,234,0,234,770
07/08/2005,CRQ,CA,AWP,WE,Towers with Radar,0,21,115,0,136,0,12,283,2,297,0,33,398,2,433,164,0,164,597
07/09/2005,CRQ,CA,AWP,WE,Towers with Radar,0,42,132,2,176,0,9,317,3,329,0,51,449,5,505,257,0,257,762
07/10/2005,CRQ,CA,AWP,WE,Towers with Radar,0,48,145,0,193,0,8,275,2,285,0,56,420,2,478,206,0,206,684
07/11/2005,CRQ,CA,AWP,WE,Towers with Radar,0,25,116,0,141,0,12,182,5,199,0,37,298,5,340,174,0,174,514
07/12/2005,CRQ,CA,AWP,WE,Towers with Radar,0,22,121,1,144,0,3,144,4,151,0,25,265,5,295,214,0,214,509
07/13/2005,CRQ,CA,AWP,WE,Towers with Radar,0,37,140,0,177,0,5,101,2,108,0,42,241,2,285,114,0,114,399
07/14/2005,CRQ,CA,AWP,WE,Towers with Radar,0,35,140,0,175,0,7,194,0,201,0,42,334,0,376,134,0,134,510
07/15/2005,CRQ,CA,AWP,WE,Towers with Radar,0,14,139,0,153,0,44,255,4,303,0,58,394,4,456,268,0,268,724
07/16/2005,CRQ,CA,AWP,WE,Towers with Radar,0,30,152,0,182,0,19,321,3,343,0,49,473,3,525,258,0,258,783
07/17/2005,CRQ,CA,AWP,WE,Towers with Radar,0,55,198,0,253,0,10,134,7,151,0,65,332,7,404,64,0,64,468
07/18/2005,CRQ,CA,AWP,WE,Towers with Radar,0,32,206,0,238,0,3,80,2,85,0,35,286,2,323,24,0,24,347
07/19/2005,CRQ,CA,AWP,WE,Towers with Radar,0,28,170,2,200,0,0,238,8,246,0,28,408,10,446,208,0,208,654
07/20/2005,CRQ,CA,AWP,WE,Towers with Radar,0,30,110,0,140,0,26,273,6,305,0,56,383,6,445,354,0,354,799
07/21/2005,CRQ,CA,AWP,WE,Towers with Radar,0,26,100,0,126,0,24,311,6,341,0,50,411,6,467,358,0,358,825
07/22/2005,CRQ,CA,AWP,WE,Towers with Radar,0,35,112,0,147,0,0,344,0,344,0,35,456,0,491,282,0,282,773
07/23/2005,CRQ,CA,AWP,WE,Towers with Radar,0,26,109,0,135,0,4,253,1,258,0,30,362,1,393,404,0,404,797
07/24/2005,CRQ,CA,AWP,WE,Towers with Radar,0,34,157,0,191,0,37,232,2,271,0,71,389,2,462,162,0,162,624
07/25/2005,CRQ,CA,AWP,WE,Towers with Radar,0,31,116,3,150,0,14,196,13,223,0,45,312,16,373,274,0,274,647
07/26/2005,CRQ,CA,AWP,WE,Towers with Radar,0,30,106,0,136,0,17,349,10,376,0,47,455,10,512,294,0,294,806
07/27/2005,CRQ,CA,AWP,WE,Towers with Radar,0,30,132,0,162,0,15,206,2,223,0,45,338,2,385,176,0,176,561
07/28/2005,CRQ,CA,AWP,WE,Towers with Radar,0,28,124,0,152,0,15,291,9,315,0,43,415,9,467,291,0,291,758
07/29/2005,CRQ,CA,AWP,WE,Towers with Radar,0,35,139,2,176,0,28,304,0,332,0,63,443,2,508,338,0,338,846
07/30/2005,CRQ,CA,AWP,WE,Towers with Radar,0,29,95,0,124,0,7,316,4,327,0,36,411,4,451,372,0,372,823
07/31/2005,CRQ,CA,AWP,WE,Towers with Radar,0,37,142,1,180,0,8,287,0,295,0,45,429,1,475,166,0,166,641
08/01/2005,CRQ,CA,AWP,WE,Towers with Radar,0,35,182,0,217,0,8,100,0,108,0,43,282,0,325,92,0,92,417
08/02/2005,CRQ,CA,AWP,WE,Towers with Radar,0,46,146,0,192,0,1,77,0,78,0,47,223,0,270,128,0,128,398
08/03/2005,CRQ,CA,AWP,WE,Towers with Radar,0,31,139,0,170,0,11,244,4,259,0,42,383,4,429,232,0,232,661
08/04/2005,CRQ,CA,AWP,WE,Towers with Radar,0,33,142,1,176,0,3,190,1,194,0,36,332,2,370,134,0,134,504
08/05/2005,CRQ,CA,AWP,WE,Towers with Radar,0,35,153,0,188,0,17,208,0,225,0,52,361,0,413,214,0,214,627
08/06/2005,CRQ,CA,AWP,WE,Towers with Radar,0,32,111,0,143,0,5,298,0,303,0,37,409,0,446,246,0,246,692
08/07/2005,CRQ,CA,AWP,WE,Towers with Radar,0,31,156,0,187,0,5,152,0,157,0,36,308,0,344,26,0,26,370
08/08/2005,CRQ,CA,AWP,WE,Towers with Radar,0,33,116,1,150,0,8,169,9,186,0,41,285,10,336,192,2,194,530
08/09/2005,CRQ,CA,AWP,WE,Towers with Radar,0,32,127,0,159,0,3,223,6,232,0,35,350,6,391,124,0,124,515
08/10/2005,CRQ,CA,AWP,WE,Towers with Radar,0,30,122,2,154,0,25,245,0,270,0,55,367,2,424,248,0,248,672
08/11/2005,CRQ,CA,AWP,WE,Towers with Radar,0,31,232,0,263,0,15,47,0,62,0,46,279,0,325,136,0,136,461
08/12/2005,CRQ,CA,AWP,WE,Towers with Radar,0,41,212,0,253,0,20,98,0,118,0,61,310,0,371,198,0,198,569
08/13/2005,CRQ,CA,AWP,WE,Towers with Radar,0,27,218,0,245,0,18,97,2,117,0,45,315,2,362,340,0,340,702
08/14/2005,CRQ,CA,AWP,WE,Towers with Radar,0,33,160,0,193,0,9,76,0,85,0,42,236,0,278,312,0,312,590
08/15/2005,CRQ,CA,AWP,WE,Towers with Radar,0,34,122,1,157,0,6,140,8,154,0,40,262,9,311,310,0,310,621
08/16/2005,CRQ,CA,AWP,WE,Towers with Radar,0,37,134,0,171,0,11,187,3,201,0,48,321,3,372,192,0,192,564
08/17/2005,CRQ,CA,AWP,WE,Towers with Radar,0,33,156,3,192,0,2,165,0,167,0,35,321,3,359,229,0,229,588
08/18/2005,CRQ,CA,AWP,WE,Towers with Radar,0,32,136,0,168,0,16,258,1,275,0,48,394,1,443,267,0,267,710
08/19/2005,CRQ,CA,AWP,WE,Towers with Radar,0,40,120,0,160,0,7,259,1,267,0,47,379,1,427,218,0,218,645
08/20/2005,CRQ,CA,AWP,WE,Towers with Radar,0,39,105,0,144,0,13,339,0,352,0,52,444,0,496,402,0,402,898
08/21/2005,CRQ,CA,AWP,WE,Towers with Radar,0,46,177,0,223,0,1,73,0,74,0,47,250,0,297,132,0,132,429
08/22/2005,CRQ,CA,AWP,WE,Towers with Radar,0,48,136,0,184,0,16,124,12,152,0,64,260,12,336,128,0,128,464
08/23/2005,CRQ,CA,AWP,WE,Towers with Radar,0,24,144,0,168,0,0,134,8,142,0,24,278,8,310,148,16,164,474
08/24/2005,CRQ,CA,AWP,WE,Towers with Radar,0,33,120,0,153,0,8,206,4,218,0,41,326,4,371,206,0,206,577
08/25/2005,CRQ,CA,AWP,WE,Towers with Radar,0,36,108,0,144,0,0,242,3,245,0,36,350,3,389,255,0,255,644
08/26/2005,CRQ,CA,AWP,WE,Towers with Radar,0,35,98,0,133,0,6,212,0,218,0,41,310,0,351,212,0,212,563
08/27/2005,CRQ,CA,AWP,WE,Towers with Radar,0,31,87,1,119,0,21,401,0,422,0,52,488,1,541,296,0,296,837
08/28/2005,CRQ,CA,AWP,WE,Towers with Radar,0,31,149,1,181,0,26,279,5,310,0,57,428,6,491,242,0,242,733
08/29/2005,CRQ,CA,AWP,WE,Towers with Radar,0,30,147,2,179,0,16,119,4,139,0,46,266,6,318,186,0,186,504
08/30/2005,CRQ,CA,AWP,WE,Towers with Radar,0,30,80,0,110,0,9,120,0,129,0,39,200,0,239,134,0,134,373
08/31/2005,CRQ,CA,AWP,WE,Towers with Radar,0,25,97,0,122,0,20,227,4,251,0,45,324,4,373,242,0,242,615
09/01/2005,CRQ,CA,AWP,WE,Towers with Radar,0,34,131,1,166,0,3,0,0,3,0,37,131,1,169,220,0,220,389
09/02/2005,CRQ,CA,AWP,WE,Towers with Radar,0,51,149,0,200,0,14,222,0,236,0,65,371,0,436,182,0,182,618
09/03/2005,CRQ,CA,AWP,WE,Towers with Radar,0,26,96,2,124,0,9,296,3,308,0,35,392,5,432,148,0,148,580
09/04/2005,CRQ,CA,AWP,WE,Towers with Radar,0,20,69,0,89,0,19,251,2,272,0,39,320,2,361,210,0,210,571
09/05/2005,CRQ,CA,AWP,WE,Towers with Radar,0,48,113,0,161,0,21,272,0,293,0,69,385,0,454,178,0,178,632
09/06/2005,CRQ,CA,AWP,WE,Towers with Radar,0,26,90,0,116,0,8,258,2,268,0,34,348,2,384,132,0,132,516
09/07/2005,CRQ,CA,AWP,WE,Towers with Radar,0,37,102,0,139,0,15,223,2,240,0,52,325,2,379,244,0,244,623
09/08/2005,CRQ,CA,AWP,WE,Towers with Radar,0,33,130,0,163,0,4,244,5,253,0,37,374,5,416,242,0,242,658
09/09/2005,CRQ,CA,AWP,WE,Towers with Radar,0,45,147,0,192,0,2,166,0,168,0,47,313,0,360,296,0,296,656
09/10/2005,CRQ,CA,AWP,WE,Towers with Radar,0,27,107,0,134,0,7,250,0,257,0,34,357,0,391,390,0,390,781
09/11/2005,CRQ,CA,AWP,WE,Towers with Radar,0,38,107,0,145,0,9,248,0,257,0,47,355,0,402,238,0,238,640
09/12/2005,CRQ,CA,AWP,WE,Towers with Radar,0,28,87,0,115,0,5,166,1,172,0,33,253,1,287,70,0,70,357
09/13/2005,CRQ,CA,AWP,WE,Towers with Radar,0,26,126,0,152,0,11,154,15,180,0,37,280,15,332,140,0,140,472
09/14/2005,CRQ,CA,AWP,WE,Towers with Radar,0,28,119,0,147,0,14,206,2,222,0,42,325,2,369,168,0,168,537
09/15/2005,CRQ,CA,AWP,WE,Towers with Radar,0,31,186,0,217,0,36,172,1,209,0,67,358,1,426,172,0,172,598
09/16/2005,CRQ,CA,AWP,WE,Towers with Radar,0,38,139,1,178,0,13,213,8,234,0,51,352,9,412,173,0,173,585
09/17/2005,CRQ,CA,AWP,WE,Towers with Radar,0,32,122,0,154,0,12,288,2,302,0,44,410,2,456,208,0,208,664
09/18/2005,CRQ,CA,AWP,WE,Towers with Radar,0,23,123,0,146,0,19,278,1,298,0,42,401,1,444,110,0,110,554
09/19/2005,CRQ,CA,AWP,WE,Towers with Radar,0,32,104,1,137,0,13,148,2,163,0,45,252,3,300,114,0,114,414
09/20/2005,CRQ,CA,AWP,WE,Towers with Radar,0,32,86,0,118,0,11,76,6,93,0,43,162,6,211,208,0,208,419
09/21/2005,CRQ,CA,AWP,WE,Towers with Radar,0,27,118,1,146,0,15,271,5,291,0,42,389,6,437,192,0,192,629
09/22/2005,CRQ,CA,AWP,WE,Towers with Radar,0,41,103,0,144,0,9,207,0,216,0,50,310,0,360,221,0,221,581
09/23/2005,CRQ,CA,AWP,WE,Towers with Radar,0,56,139,0,195,0,10,153,8,171,0,66,292,8,366,160,0,160,526
09/24/2005,CRQ,CA,AWP,WE,Towers with Radar,0,20,104,0,124,0,3,253,0,256,0,23,357,0,380,102,0,102,482
09/25/2005,CRQ,CA,AWP,WE,Towers with Radar,0,27,98,0,125,0,10,286,0,296,0,37,384,0,421,118,0,118,539
09/26/2005,CRQ,CA,AWP,WE,Towers with Radar,0,18,94,0,112,0,4,163,5,172,0,22,257,5,284,268,0,268,552
09/27/2005,CRQ,CA,AWP,WE,Towers with Radar,0,20,95,0,115,0,6,252,0,258,0,26,347,0,373,240,0,240,613
09/28/2005,CRQ,CA,AWP,WE,Towers with Radar,0,29,110,0,139,0,26,260,6,292,0,55,370,6,431,302,0,302,733
09/29/2005,CRQ,CA,AWP,WE,Towers with Radar,0,40,126,0,166,0,12,283,3,298,0,52,409,3,464,269,0,269,733
09/30/2005,CRQ,CA,AWP,WE,Towers with Radar,0,34,99,2,135,0,14,277,0,291,0,48,376,2,426,298,0,298,724
10/01/2005,CRQ,CA,AWP,WE,Towers with Radar,0,25,85,2,112,0,7,182,1,190,0,32,267,3,302,148,0,148,450
10/02/2005,CRQ,CA,AWP,WE,Towers with Radar,0,43,109,1,153,0,4,197,1,202,0,47,306,2,355,136,0,136,491
10/03/2005,CRQ,CA,AWP,WE,Towers with Radar,0,27,77,0,104,0,13,196,6,215,0,40,273,6,319,288,0,288,607
10/04/2005,CRQ,CA,AWP,WE,Towers with Radar,0,22,98,0,120,0,8,299,0,307,0,30,397,0,427,285,0,285,712
10/05/2005,CRQ,CA,AWP,WE,Towers with Radar,0,32,87,0,119,0,15,249,4,268,0,47,336,4,387,254,0,254,641
10/06/2005,CRQ,CA,AWP,WE,Towers with Radar,0,40,102,2,144,0,26,319,2,347,0,66,421,4,491,296,0,296,787
10/07/2005,CRQ,CA,AWP,WE,Towers with Radar,0,29,109,0,138,0,7,256,0,263,0,36,365,0,401,176,0,176,577
10/08/2005,CRQ,CA,AWP,WE,Towers with Radar,0,22,120,5,147,0,7,183,1,191,0,29,303,6,338,354,0,354,692
10/09/2005,CRQ,CA,AWP,WE,Towers with Radar,0,31,109,0,140,0,9,299,0,308,0,40,408,0,448,210,0,210,658
10/10/2005,CRQ,CA,AWP,WE,Towers with Radar,0,41,91,2,134,0,7,196,2,205,0,48,287,4,339,238,0,238,577
10/11/2005,CRQ,CA,AWP,WE,Towers with Radar,0,20,119,0,139,0,8,205,0,213,0,28,324,0,352,286,0,286,638
10/12/2005,CRQ,CA,AWP,WE,Towers with Radar,0,25,113,0,138,0,2,265,5,272,0,27,378,5,410,190,0,190,600
10/13/2005,CRQ,CA,AWP,WE,Towers with Radar,0,24,94,10,128,0,9,352,3,364,0,33,446,13,492,321,0,321,813
10/14/2005,CRQ,CA,AWP,WE,Towers with Radar,0,33,133,3,169,0,18,228,0,246,0,51,361,3,415,390,0,390,805
10/15/2005,CRQ,CA,AWP,WE,Towers with Radar,0,15,111,3,129,0,17,218,1,236,0,32,329,4,365,286,0,286,651
10/16/2005,CRQ,CA,AWP,WE,Towers with Radar,0,29,117,0,146,0,4,147,3,154,0,33,264,3,300,216,0,216,516
10/17/2005,CRQ,CA,AWP,WE,Towers with Radar,0,23,75,0,98,0,12,55,0,67,0,35,130,0,165,148,0,148,313
10/18/2005,CRQ,CA,AWP,WE,Towers with Radar,0,24,99,0,123,0,8,105,2,115,0,32,204,2,238,174,0,174,412
10/19/2005,CRQ,CA,AWP,WE,Towers with Radar,0,44,103,3,150,0,11,265,5,281,0,55,368,8,431,166,0,166,597
10/20/2005,CRQ,CA,AWP,WE,Towers with Radar,0,23,111,0,134,0,25,218,1,244,0,48,329,1,378,200,0,200,578
10/21/2005,CRQ,CA,AWP,WE,Towers with Radar,0,38,197,3,238,0,3,14,1,18,0,41,211,4,256,16,0,16,272
10/22/2005,CRQ,CA,AWP,WE,Towers with Radar,0,26,188,2,216,0,12,5,0,17,0,38,193,2,233,32,0,32,265
10/23/2005,CRQ,CA,AWP,WE,Towers with Radar,0,35,210,0,245,0,0,39,0,39,0,35,249,0,284,182,0,182,466
10/24/2005,CRQ,CA,AWP,WE,Towers with Radar,0,30,108,0,138,0,0,26,0,26,0,30,134,0,164,74,0,74,238
10/25/2005,CRQ,CA,AWP,WE,Towers with Radar,0,28,125,0,153,0,17,141,6,164,0,45,266,6,317,210,8,218,535
10/26/2005,CRQ,CA,AWP,WE,Towers with Radar,0,32,211,0,243,0,2,154,8,164,0,34,365,8,407,332,2,334,741
10/27/2005,CRQ,CA,AWP,WE,Towers with Radar,0,27,165,3,195,0,34,210,5,249,0,61,375,8,444,284,0,284,728
10/28/2005,CRQ,CA,AWP,WE,Towers with Radar,0,42,104,2,148,0,18,366,5,389,0,60,470,7,537,206,10,216,753
10/29/2005,CRQ,CA,AWP,WE,Towers with Radar,0,25,99,2,126,0,24,331,6,361,0,49,430,8,487,216,0,216,703
10/30/2005,CRQ,CA,AWP,WE,Towers with Radar,0,37,111,0,148,0,6,334,0,340,0,43,445,0,488,150,0,150,638
10/31/2005,CRQ,CA,AWP,WE,Towers with Radar,0,22,92,0,114,0,9,242,2,253,0,31,334,2,367,348,0,348,715
11/01/2005,CRQ,CA,AWP,WE,Towers with Radar,0,35,94,0,129,0,10,271,8,289,0,45,365,8,418,310,2,312,730
11/02/2005,CRQ,CA,AWP,WE,Towers with Radar,0,37,155,0,192,0,15,249,10,274,0,52,404,10,466,189,0,189,655
11/03/2005,CRQ,CA,AWP,WE,Towers with Radar,0,37,124,1,162,0,12,313,8,333,0,49,437,9,495,279,0,279,774
11/04/2005,CRQ,CA,AWP,WE,Towers with Radar,0,28,179,3,210,0,17,239,0,256,0,45,418,3,466,210,0,210,676
11/05/2005,CRQ,CA,AWP,WE,Towers with Radar,0,24,95,1,120,0,11,267,4,282,0,35,362,5,402,334,0,334,736
11/06/2005,CRQ,CA,AWP,WE,Towers with Radar,0,33,147,1,181,0,20,230,0,250,0,53,377,1,431,120,0,120,551
11/07/2005,CRQ,CA,AWP,WE,Towers with Radar,0,25,128,1,154,0,9,135,1,145,0,34,263,2,299,72,0,72,371
11/08/2005,CRQ,CA,AWP,WE,Towers with Radar,0,26,85,4,115,0,10,128,8,146,0,36,213,12,261,268,0,268,529
11/09/2005,CRQ,CA,AWP,WE,Towers with Radar,0,29,95,0,124,0,31,179,2,212,0,60,274,2,336,156,10,166,502
11/10/2005,CRQ,CA,AWP,WE,Towers with Radar,0,41,135,3,179,0,14,136,0,150,0,55,271,3,329,204,0,204,533
11/11/2005,CRQ,CA,AWP,WE,Towers with Radar,0,47,158,1,206,0,16,260,0,276,0,63,418,1,482,245,0,245,727
11/12/2005,CRQ,CA,AWP,WE,Towers with Radar,0,32,72,8,112,0,23,461,1,485,0,55,533,9,597,172,0,172,769
11/13/2005,CRQ,CA,AWP,WE,Towers with Radar,0,45,157,0,202,0,0,232,1,233,0,45,389,1,435,78,0,78,513
11/14/2005,CRQ,CA,AWP,WE,Towers with Radar,0,22,90,0,112,0,3,171,2,176,0,25,261,2,288,130,0,130,418
11/15/2005,CRQ,CA,AWP,WE,Towers with Radar,0,25,88,0,113,0,5,189,0,194,0,30,277,0,307,208,0,208,515
11/16/2005,CRQ,CA,AWP,WE,Towers with Radar,0,36,106,0,142,0,5,266,7,278,0,41,372,7,420,104,0,104,524
11/17/2005,CRQ,CA,AWP,WE,Towers with Radar,0,33,117,1,151,0,13,276,5,294,0,46,393,6,445,86,0,86,531
11/18/2005,CRQ,CA,AWP,WE,Towers with Radar,0,20,114,0,134,0,17,313,0,330,0,37,427,0,464,140,0,140,604
11/19/2005,CRQ,CA,AWP,WE,Towers with Radar,0,32,90,1,123,0,20,358,4,382,0,52,448,5,505,176,0,176,681
11/20/2005,CRQ,CA,AWP,WE,Towers with Radar,0,31,93,0,124,0,18,288,4,310,0,49,381,4,434,158,0,158,592
11/21/2005,CRQ,CA,AWP,WE,Towers with Radar,0,26,122,1,149,0,9,235,1,245,0,35,357,2,394,144,6,150,544
11/22/2005,CRQ,CA,AWP,WE,Towers with Radar,0,28,136,0,164,0,2,229,2,233,0,30,365,2,397,110,0,110,507
11/23/2005,CRQ,CA,AWP,WE,Towers with Radar,0,39,131,0,170,0,25,315,2,342,0,64,446,2,512,128,0,128,640
11/24/2005,CRQ,CA,AWP,WE,Towers with Radar,0,18,40,0,58,0,5,81,0,86,0,23,121,0,144,54,0,54,198
11/25/2005,CRQ,CA,AWP,WE,Towers with Radar,0,31,132,0,163,0,11,53,0,64,0,42,185,0,227,66,2,68,295
11/26/2005,CRQ,CA,AWP,WE,Towers with Radar,0,25,120,0,145,0,1,113,0,114,0,26,233,0,259,130,0,130,389
11/27/2005,CRQ,CA,AWP,WE,Towers with Radar,0,41,160,0,201,0,8,230,1,239,0,49,390,1,440,78,0,78,518
11/28/2005,CRQ,CA,AWP,WE,Towers with Radar,0,27,118,0,145,0,1,205,10,216,0,28,323,10,361,126,0,126,487
11/29/2005,CRQ,CA,AWP,WE,Towers with Radar,0,31,112,0,143,0,13,201,14,228,0,44,313,14,371,120,0,120,491
11/30/2005,CRQ,CA,AWP,WE,Towers with Radar,0,29,126,0,155,0,22,268,10,300,0,51,394,10,455,133,2,135,590
12/01/2005,CRQ,CA,AWP,WE,Towers with Radar,0,37,194,0,231,0,10,124,2,136,0,47,318,2,367,60,0,60,427
12/02/2005,CRQ,CA,AWP,WE,Towers with Radar,0,35,167,0,202,0,17,116,3,136,0,52,283,3,338,133,0,133,471
12/03/2005,CRQ,CA,AWP,WE,Towers with Radar,0,22,139,0,161,0,21,279,2,302,0,43,418,2,463,132,46,178,641
12/04/2005,CRQ,CA,AWP,WE,Towers with Radar,0,25,99,0,124,0,7,278,2,287,0,32,377,2,411,130,0,130,541
12/05/2005,CRQ,CA,AWP,WE,Towers with Radar,0,31,104,0,135,0,13,219,3,235,0,44,323,3,370,232,0,232,602
12/06/2005,CRQ,CA,AWP,WE,Towers with Radar,0,28,96,0,124,0,7,232,2,241,0,35,328,2,365,114,2,116,481
12/07/2005,CRQ,CA,AWP,WE,Towers with Radar,0,30,115,0,145,0,20,342,5,367,0,50,457,5,512,146,0,146,658
12/08/2005,CRQ,CA,AWP,WE,Towers with Radar,0,36,135,0,171,0,17,275,10,302,0,53,410,10,473,98,0,98,571
12/09/2005,CRQ,CA,AWP,WE,Towers with Radar,0,33,112,1,146,0,9,253,3,265,0,42,365,4,411,167,0,167,578
12/10/2005,CRQ,CA,AWP,WE,Towers with Radar,0,34,105,2,141,0,16,279,0,295,0,50,384,2,436,258,0,258,694
12/11/2005,CRQ,CA,AWP,WE,Towers with Radar,0,32,110,8,150,0,23,278,7,308,0,55,388,15,458,126,0,126,584
12/12/2005,CRQ,CA,AWP,WE,Towers with Radar,0,37,78,0,115,0,14,213,15,242,0,51,291,15,357,96,0,96,453
12/13/2005,CRQ,CA,AWP,WE,Towers with Radar,0,30,140,0,170,0,12,220,7,239,0,42,360,7,409,118,0,118,527
12/14/2005,CRQ,CA,AWP,WE,Towers with Radar,0,44,110,0,154,0,11,308,12,331,0,55,418,12,485,190,0,190,675
12/15/2005,CRQ,CA,AWP,WE,Towers with Radar,0,33,140,0,173,0,10,166,5,181,0,43,306,5,354,116,6,122,476
12/16/2005,CRQ,CA,AWP,WE,Towers with Radar,0,17,128,0,145,0,32,260,8,300,0,49,388,8,445,72,0,72,517
12/17/2005,CRQ,CA,AWP,WE,Towers with Radar,0,16,125,0,141,0,2,180,0,182,0,18,305,0,323,186,0,186,509
12/18/2005,CRQ,CA,AWP,WE,Towers with Radar,0,23,86,0,109,0,12,218,2,232,0,35,304,2,341,104,0,104,445
12/19/2005,CRQ,CA,AWP,WE,Towers with Radar,0,22,86,0,108,0,0,201,4,205,0,22,287,4,313,48,0,48,361
12/20/2005,CRQ,CA,AWP,WE,Towers with Radar,0,35,135,0,170,0,0,191,4,195,0,35,326,4,365,160,0,160,525
12/21/2005,CRQ,CA,AWP,WE,Towers with Radar,0,20,108,2,130,0,33,268,0,301,0,53,376,2,431,132,0,132,563
12/22/2005,CRQ,CA,AWP,WE,Towers with Radar,0,12,105,0,117,0,6,108,1,115,0,18,213,1,232,62,0,62,294
12/23/2005,CRQ,CA,AWP,WE,Towers with Radar,0,19,134,0,153,0,32,75,0,107,0,51,209,0,260,68,0,68,328
12/24/2005,CRQ,CA,AWP,WE,Towers with Radar,0,0,98,0,98,0,17,51,0,68,0,17,149,0,166,98,0,98,264
12/25/2005,CRQ,CA,AWP,WE,Towers with Radar,0,15,22,0,37,0,14,33,2,49,0,29,55,2,86,2,0,2,88
12/26/2005,CRQ,CA,AWP,WE,Towers with Radar,0,25,144,0,169,0,5,105,0,110,0,30,249,0,279,218,0,218,497
12/27/2005,CRQ,CA,AWP,WE,Towers with Radar,0,33,128,0,161,0,16,230,0,246,0,49,358,0,407,218,0,218,625
12/28/2005,CRQ,CA,AWP,WE,Towers with Radar,0,30,145,2,177,0,10,176,2,188,0,40,321,4,365,136,0,136,501
12/29/2005,CRQ,CA,AWP,WE,Towers with Radar,0,29,121,0,150,0,8,225,4,237,0,37,346,4,387,168,0,168,555
12/30/2005,CRQ,CA,AWP,WE,Towers with Radar,0,27,156,0,183,0,12,293,2,307,0,39,449,2,490,71,0,71,561
12/31/2005,CRQ,CA,AWP,WE,Towers with Radar,0,22,61,0,83,0,0,93,0,93,0,22,154,0,176,10,0,10,186
01/01/2006,CRQ,CA,AWP,WE,Towers with Radar,0,38,68,0,106,0,1,102,2,105,0,39,170,2,211,98,0,98,309
01/02/2006,CRQ,CA,AWP,WE,Towers with Radar,0,16,67,0,83,0,15,13,0,28,0,31,80,0,111,8,0,8,119
01/03/2006,CRQ,CA,AWP,WE,Towers with Radar,0,29,62,0,91,0,9,251,6,266,0,38,313,6,357,220,0,220,577
01/04/2006,CRQ,CA,AWP,WE,Towers with Radar,0,23,96,6,125,0,10,311,0,321,0,33,407,6,446,70,0,70,516
01/05/2006,CRQ,CA,AWP,WE,Towers with Radar,0,28,103,4,135,0,33,324,6,363,0,61,427,10,498,232,0,232,730
01/06/2006,CRQ,CA,AWP,WE,Towers with Radar,0,32,118,0,150,0,37,303,6,346,0,69,421,6,496,274,0,274,770
01/07/2006,CRQ,CA,AWP,WE,Towers with Radar,0,25,93,0,118,0,12,348,6,366,0,37,441,6,484,128,0,128,612
01/08/2006,CRQ,CA,AWP,WE,Towers with Radar,0,37,148,0,185,0,0,0,0,0,0,37,148,0,185,82,0,82,267
01/09/2006,CRQ,CA,AWP,WE,Towers with Radar,0,37,75,0,112,0,9,201,4,214,0,46,276,4,326,134,0,134,460
01/10/2006,CRQ,CA,AWP,WE,Towers with Radar,0,31,118,4,153,0,15,262,20,297,0,46,380,24,450,270,2,272,722
01/11/2006,CRQ,CA,AWP,WE,Towers with Radar,0,24,114,2,140,0,12,213,2,227,0,36,327,4,367,86,0,86,453
01/12/2006,CRQ,CA,AWP,WE,Towers with Radar,0,24,120,0,144,0,26,241,0,267,0,50,361,0,411,134,0,134,545
01/13/2006,CRQ,CA,AWP,WE,Towers with Radar,0,27,148,0,175,0,10,202,0,212,0,37,350,0,387,116,0,116,503
01/14/2006,CRQ,CA,AWP,WE,Towers with Radar,0,23,122,2,147,0,0,95,0,95,0,23,217,2,242,126,0,126,368
01/15/2006,CRQ,CA,AWP,WE,Towers with Radar,0,28,94,0,122,0,27,222,1,250,0,55,316,1,372,224,0,224,596
01/16/2006,CRQ,CA,AWP,WE,Towers with Radar,0,46,82,0,128,0,8,367,6,381,0,54,449,6,509,242,0,242,751
01/17/2006,CRQ,CA,AWP,WE,Towers with Radar,0,34,96,0,130,0,18,277,4,299,0,52,373,4,429,150,0,150,579
01/18/2006,CRQ,CA,AWP,WE,Towers with Radar,0,36,105,0,141,0,6,221,4,231,0,42,326,4,372,76,0,76,448
01/19/2006,CRQ,CA,AWP,WE,Towers with Radar,0,25,117,0,142,0,2,288,0,290,0,27,405,0,432,124,0,124,556
01/20/2006,CRQ,CA,AWP,WE,Towers with Radar,0,27,116,2,145,0,15,282,0,297,0,42,398,2,442,184,0,184,626
01/21/2006,CRQ,CA,AWP,WE,Towers with Radar,0,30,99,6,135,0,3,335,4,342,0,33,434,10,477,132,4,136,613
01/22/2006,CRQ,CA,AWP,WE,Towers with Radar,0,31,109,2,142,0,13,444,0,457,0,44,553,2,599,272,0,272,871
01/23/2006,CRQ,CA,AWP,WE,Towers with Radar,0,31,95,0,126,0,10,170,4,184,0,41,265,4,310,165,0,165,475
01/24/2006,CRQ,CA,AWP,WE,Towers with Radar,0,14,39,0,53,0,2,84,0,86,0,16,123,0,139,0,0,0,139
01/25/2006,CRQ,CA,AWP,WE,Towers with Radar,0,46,33,0,79,0,0,261,2,263,0,46,294,2,342,168,0,168,510
01/26/2006,CRQ,CA,AWP,WE,Towers with Radar,0,22,78,0,100,0,11,230,2,243,0,33,308,2,343,142,0,142,485
01/27/2006,CRQ,CA,AWP,WE,Towers with Radar,0,27,114,1,142,0,12,202,4,218,0,39,316,5,360,158,0,158,518
01/28/2006,CRQ,CA,AWP,WE,Towers with Radar,0,24,75,0,99,0,8,342,4,354,0,32,417,4,453,142,0,142,595
01/29/2006,CRQ,CA,AWP,WE,Towers with Radar,0,35,107,0,142,0,15,295,0,310,0,50,402,0,452,102,4,106,558
01/30/2006,CRQ,CA,AWP,WE,Towers with Radar,0,25,108,0,133,0,17,177,4,198,0,42,285,4,331,93,4,97,428
01/31/2006,CRQ,CA,AWP,WE,Towers with Radar,0,23,79,0,102,0,19,177,4,200,0,42,256,4,302,164,0,164,466
02/01/2006,CRQ,CA,AWP,WE,Towers with Radar,0,21,95,0,116,0,12,209,0,221,0,33,304,0,337,112,0,112,449
02/02/2006,CRQ,CA,AWP,WE,Towers with Radar,0,21,86,0,107,0,6,246,2,254,0,27,332,2,361,115,0,115,476
02/03/2006,CRQ,CA,AWP,WE,Towers with Radar,0,30,109,0,139,0,1,148,0,149,0,31,257,0,288,66,0,66,354
02/04/2006,CRQ,CA,AWP,WE,Towers with Radar,0,17,105,0,122,0,15,112,0,127,0,32,217,0,249,44,0,44,293
02/05/2006,CRQ,CA,AWP,WE,Towers with Radar,0,25,127,0,152,0,10,149,4,163,0,35,276,4,315,100,0,100,415
02/06/2006,CRQ,CA,AWP,WE,Towers with Radar,0,30,89,0,119,0,14,209,2,225,0,44,298,2,344,116,0,116,460
02/07/2006,CRQ,CA,AWP,WE,Towers with Radar,0,26,75,0,101,0,16,213,0,229,0,42,288,0,330,160,0,160,490
02/08/2006,CRQ,CA,AWP,WE,Towers with Radar,0,35,96,0,131,0,9,171,0,180,0,44,267,0,311,251,0,251,562
02/09/2006,CRQ,CA,AWP,WE,Towers with Radar,0,45,70,0,115,0,0,240,0,240,0,45,310,0,355,214,0,214,569
02/10/2006,CRQ,CA,AWP,WE,Towers with Radar,0,31,122,0,153,0,6,165,0,171,0,37,287,0,324,84,0,84,408
02/11/2006,CRQ,CA,AWP,WE,Towers with Radar,0,27,91,0,118,0,1,240,0,241,0,28,331,0,359,146,0,146,505
02/12/2006,CRQ,CA,AWP,WE,Towers with Radar,0,38,90,0,128,0,15,381,2,398,0,53,471,2,526,224,0,224,750
02/13/2006,CRQ,CA,AWP,WE,Towers with Radar,0,33,55,0,88,0,10,305,8,323,0,43,360,8,411,212,0,212,623
02/14/2006,CRQ,CA,AWP,WE,Towers with Radar,0,18,67,0,85,0,16,216,2,234,0,34,283,2,319,200,0,200,519
02/15/2006,CRQ,CA,AWP,WE,Towers with Radar,0,32,114,1,147,0,14,147,4,165,0,46,261,5,312,148,0,148,460
02/16/2006,CRQ,CA,AWP,WE,Towers with Radar,0,23,110,1,134,0,17,234,9,260,0,40,344,10,394,250,0,250,644
02/17/2006,CRQ,CA,AWP,WE,Towers with Radar,0,22,127,0,149,0,25,203,4,232,0,47,330,4,381,168,4,172,553
02/18/2006,CRQ,CA,AWP,WE,Towers with Radar,0,15,61,0,76,0,9,202,0,211,0,24,263,0,287,182,0,182,469
02/19/2006,CRQ,CA,AWP,WE,Towers with Radar,0,37,71,0,108,0,4,153,0,157,0,41,224,0,265,244,0,244,509
02/20/2006,CRQ,CA,AWP,WE,Towers with Radar,0,53,99,0,152,0,4,334,2,340,0,57,433,2,492,164,0,164,656
02/21/2006,CRQ,CA,AWP,WE,Towers with Radar,0,39,82,0,121,0,16,229,11,256,0,55,311,11,377,98,4,102,479
02/22/2006,CRQ,CA,AWP,WE,Towers with Radar,0,42,84,0,126,0,3,261,2,266,0,45,345,2,392,150,0,150,542
02/23/2006,CRQ,CA,AWP,WE,Towers with Radar,0,48,85,0,133,0,21,320,0,341,0,69,405,0,474,168,0,168,642
02/24/2006,CRQ,CA,AWP,WE,Towers with Radar,0,33,89,0,122,0,3,226,4,233,0,36,315,4,355,148,0,148,503
02/25/2006,CRQ,CA,AWP,WE,Towers with Radar,0,23,111,1,135,0,21,313,2,336,0,44,424,3,471,146,0,146,617
02/26/2006,CRQ,CA,AWP,WE,Towers with Radar,0,47,89,0,136,0,13,363,0,376,0,60,452,0,512,176,0,176,688
02/27/2006,CRQ,CA,AWP,WE,Towers with Radar,0,20,80,0,100,0,9,112,2,123,0,29,192,2,223,92,0,92,315
02/28/2006,CRQ,CA,AWP,WE,Towers with Radar,0,22,77,1,100,0,21,57,2,80,0,43,134,3,180,132,0,132,312
03/01/2006,CRQ,CA,AWP,WE,Towers with Radar,0,27,90,0,117,0,16,241,1,258,0,43,331,1,375,250,0,250,625
03/02/2006,CRQ,CA,AWP,WE,Towers with Radar,0,44,98,0,142,0,9,264,4,277,0,53,362,4,419,156,0,156,575
03/03/2006,CRQ,CA,AWP,WE,Towers with Radar,0,29,97,1,127,0,12,80,0,92,0,41,177,1,219,118,0,118,337
03/04/2006,CRQ,CA,AWP,WE,Towers with Radar,0,23,101,2,126,0,20,337,2,359,0,43,438,4,485,126,0,126,611
03/05/2006,CRQ,CA,AWP,WE,Towers with Radar,0,40,95,0,135,0,2,331,0,333,0,42,426,0,468,132,0,132,600
03/06/2006,CRQ,CA,AWP,WE,Towers with Radar,0,34,77,0,111,0,9,139,4,152,0,43,216,4,263,176,0,176,439
03/07/2006,CRQ,CA,AWP,WE,Towers with Radar,0,39,104,0,143,0,0,193,13,206,0,39,297,13,349,114,0,114,463
03/08/2006,CRQ,CA,AWP,WE,Towers with Radar,0,32,116,0,148,0,16,225,0,241,0,48,341,0,389,200,0,200,589
03/09/2006,CRQ,CA,AWP,WE,Towers with Radar,0,25,109,0,134,0,14,199,6,219,0,39,308,6,353,230,2,232,585
03/10/2006,CRQ,CA,AWP,WE,Towers with Radar,0,17,72,0,89,0,11,86,3,100,0,28,158,3,189,174,0,174,363
03/11/2006,CRQ,CA,AWP,WE,Towers with Radar,0,12,39,0,51,0,1,8,1,10,0,13,47,1,61,39,0,39,100
03/12/2006,CRQ,CA,AWP,WE,Towers with Radar,0,37,84,0,121,0,0,197,6,203,0,37,281,6,324,194,0,194,518
03/13/2006,CRQ,CA,AWP,WE,Towers with Radar,0,22,84,0,106,0,8,261,1,270,0,30,345,1,376,222,0,222,598
03/14/2006,CRQ,CA,AWP,WE,Towers with Radar,0,24,96,0,120,0,23,270,0,293,0,47,366,0,413,218,0,218,631
03/15/2006,CRQ,CA,AWP,WE,Towers with Radar,0,28,104,0,132,0,16,349,2,367,0,44,453,2,499,250,0,250,749
03/16/2006,CRQ,CA,AWP,WE,Towers with Radar,0,36,96,0,132,0,7,246,0,253,0,43,342,0,385,172,0,172,557
03/17/2006,CRQ,CA,AWP,WE,Towers with Radar,0,41,98,3,142,0,8,175,3,186,0,49,273,6,328,141,0,141,469
03/18/2006,CRQ,CA,AWP,WE,Towers with Radar,0,21,61,3,85,0,9,95,0,104,0,30,156,3,189,124,0,124,313
03/19/2006,CRQ,CA,AWP,WE,Towers with Radar,0,33,102,0,135,0,0,268,0,268,0,33,370,0,403,254,0,254,657
03/20/2006,CRQ,CA,AWP,WE,Towers with Radar,0,0,0,0,0,0,26,234,9,269,0,26,234,9,269,142,4,146,415
03/21/2006,CRQ,CA,AWP,WE,Towers with Radar,0,21,77,0,98,0,22,203,2,227,0,43,280,2,325,190,0,190,515
03/22/2006,CRQ,CA,AWP,WE,Towers with Radar,0,20,118,2,140,0,23,327,6,356,0,43,445,8,496,230,0,230,726
03/23/2006,CRQ,CA,AWP,WE,Towers with Radar,0,27,102,0,129,0,9,327,4,340,0,36,429,4,469,302,0,302,771
03/24/2006,CRQ,CA,AWP,WE,Towers with Radar,0,21,121,0,142,0,16,329,0,345,0,37,450,0,487,202,0,202,689
03/25/2006,CRQ,CA,AWP,WE,Towers with Radar,0,27,125,0,152,0,2,201,1,204,0,29,326,1,356,149,0,149,505
03/26/2006,CRQ,CA,AWP,WE,Towers with Radar,0,39,102,0,141,0,5,252,0,257,0,44,354,0,398,166,0,166,564
03/27/2006,CRQ,CA,AWP,WE,Towers with Radar,0,20,90,0,110,0,34,251,9,294,0,54,341,9,404,244,0,244,648
03/28/2006,CRQ,CA,AWP,WE,Towers with Radar,0,13,64,0,77,0,22,149,9,180,0,35,213,9,257,94,4,98,355
03/29/2006,CRQ,CA,AWP,WE,Towers with Radar,0,24,88,0,112,0,15,254,0,269,0,39,342,0,381,82,0,82,463
03/30/2006,CRQ,CA,AWP,WE,Towers with Radar,0,31,94,0,125,0,10,294,0,304,0,41,388,0,429,177,0,177,606
03/31/2006,CRQ,CA,AWP,WE,Towers with Radar,0,32,123,0,155,0,31,194,4,229,0,63,317,4,384,174,0,174,558
04/01/2006,CRQ,CA,AWP,WE,Towers with Radar,0,26,133,2,161,0,3,107,9,119,0,29,240,11,280,182,0,182,462
04/02/2006,CRQ,CA,AWP,WE,Towers with Radar,0,29,83,0,112,0,30,347,0,377,0,59,430,0,489,292,0,292,781
04/03/2006,CRQ,CA,AWP,WE,Towers with Radar,0,21,99,4,124,0,12,162,13,187,0,33,261,17,311,252,0,252,563
04/04/2006,CRQ,CA,AWP,WE,Towers with Radar,0,20,77,1,98,0,5,118,0,123,0,25,195,1,221,106,0,106,327
04/05/2006,CRQ,CA,AWP,WE,Towers with Radar,0,25,87,0,112,0,26,18,8,52,0,51,105,8,164,50,0,50,214
04/06/2006,CRQ,CA,AWP,WE,Towers with Radar,0,24,140,0,164,0,21,291,2,314,0,45,431,2,478,0,0,0,478
04/07/2006,CRQ,CA,AWP,WE,Towers with Radar,0,31,141,3,175,0,26,214,3,243,0,57,355,6,418,170,0,170,588
04/08/2006,CRQ,CA,AWP,WE,Towers with Radar,0,29,136,1,166,0,13,364,0,377,0,42,500,1,543,154,0,154,697
04/09/2006,CRQ,CA,AWP,WE,Towers with Radar,0,46,102,0,148,0,11,257,6,274,0,57,359,6,422,236,0,236,658
04/10/2006,CRQ,CA,AWP,WE,Towers with Radar,0,36,139,0,175,0,15,205,8,228,0,51,344,8,403,350,2,352,755
04/11/2006,CRQ,CA,AWP,WE,Towers with Radar,0,32,107,0,139,0,12,421,2,435,0,44,528,2,574,190,0,190,764
04/12/2006,CRQ,CA,AWP,WE,Towers with Radar,0,28,119,0,147,0,25,203,4,232,0,53,322,4,379,0,210,210,589
04/13/2006,CRQ,CA,AWP,WE,Towers with Radar,0,29,117,0,146,0,12,303,0,315,0,41,420,0,461,296,0,296,757
04/14/2006,CRQ,CA,AWP,WE,Towers with Radar,0,35,98,0,133,0,2,45,0,47,0,37,143,0,180,78,0,78,258
04/15/2006,CRQ,CA,AWP,WE,Towers with Radar,0,22,172,0,194,0,42,117,0,159,0,64,289,0,353,238,0,238,591
04/16/2006,CRQ,CA,AWP,WE,Towers with Radar,0,36,107,0,143,0,5,250,2,257,0,41,357,2,400,176,0,176,576
04/17/2006,CRQ,CA,AWP,WE,Towers with Radar,0,46,165,6,217,0,12,212,4,228,0,58,377,10,445,394,0,394,839
04/18/2006,CRQ,CA,AWP,WE,Towers with Radar,0,29,112,0,141,0,20,340,3,363,0,49,452,3,504,191,0,191,695
04/19/2006,CRQ,CA,AWP,WE,Towers with Radar,0,26,126,0,152,0,12,283,2,297,0,38,409,2,449,210,0,210,659
04/20/2006,CRQ,CA,AWP,WE,Towers with Radar,0,27,128,0,155,0,4,214,4,222,0,31,342,4,377,184,0,184,561
04/21/2006,CRQ,CA,AWP,WE,Towers with Radar,0,27,166,0,193,0,4,208,16,228,0,31,374,16,421,149,0,149,570
04/22/2006,CRQ,CA,AWP,WE,Towers with Radar,0,27,139,0,166,0,4,196,0,200,0,31,335,0,366,302,0,302,668
04/23/2006,CRQ,CA,AWP,WE,Towers with Radar,0,40,90,0,130,0,17,205,0,222,0,57,295,0,352,12,0,12,364
04/24/2006,CRQ,CA,AWP,WE,Towers with Radar,0,30,98,0,128,0,10,309,3,322,0,40,407,3,450,284,0,284,734
04/25/2006,CRQ,CA,AWP,WE,Towers with Radar,0,20,78,0,98,0,15,298,1,314,0,35,376,1,412,273,0,273,685
04/26/2006,CRQ,CA,AWP,WE,Towers with Radar,0,22,141,3,166,0,10,147,2,159,0,32,288,5,325,269,7,276,601
04/27/2006,CRQ,CA,AWP,WE,Towers with Radar,0,22,143,0,165,0,16,153,0,169,0,38,296,0,334,275,0,275,609
04/28/2006,CRQ,CA,AWP,WE,Towers with Radar,0,29,182,0,211,0,10,251,0,261,0,39,433,0,472,115,4,119,591
04/29/2006,CRQ,CA,AWP,WE,Towers with Radar,0,27,70,0,97,0,5,226,0,231,0,32,296,0,328,47,0,47,375
04/30/2006,CRQ,CA,AWP,WE,Towers with Radar,0,31,173,0,204,0,8,171,0,179,0,39,344,0,383,44,0,44,427
05/01/2006,CRQ,CA,AWP,WE,Towers with Radar,0,40,194,0,234,0,9,113,6,128,0,49,307,6,362,34,0,34,396
05/02/2006,CRQ,CA,AWP,WE,Towers with Radar,0,23,205,9,237,0,31,122,0,153,0,54,327,9,390,136,0,136,526
05/03/2006,CRQ,CA,AWP,WE,Towers with Radar,0,43,182,3,228,0,4,159,1,164,0,47,341,4,392,158,2,160,552
05/04/2006,CRQ,CA,AWP,WE,Towers with Radar,0,34,156,0,190,0,21,219,0,240,0,55,375,0,430,215,0,215,645
05/05/2006,CRQ,CA,AWP,WE,Towers with Radar,0,36,136,2,174,0,6,214,1,221,0,42,350,3,395,182,0,182,577
05/06/2006,CRQ,CA,AWP,WE,Towers with Radar,0,26,164,3,193,0,21,118,1,140,0,47,282,4,333,211,0,211,544
05/07/2006,CRQ,CA,AWP,WE,Towers with Radar,0,47,174,2,223,0,19,250,4,273,0,66,424,6,496,264,0,264,760
05/08/2006,CRQ,CA,AWP,WE,Towers with Radar,0,28,184,0,212,0,22,86,12,120,0,50,270,12,332,154,0,154,486
05/09/2006,CRQ,CA,AWP,WE,Towers with Radar,0,45,145,2,192,0,0,185,3,188,0,45,330,5,380,256,2,258,638
05/10/2006,CRQ,CA,AWP,WE,Towers with Radar,0,33,193,0,226,0,23,150,5,178,0,56,343,5,404,88,0,88,492
05/11/2006,CRQ,CA,AWP,WE,Towers with Radar,0,35,208,0,243,0,17,55,1,73,0,52,263,1,316,33,0,33,349
05/12/2006,CRQ,CA,AWP,WE,Towers with Radar,0,28,255,2,285,0,22,120,0,142,0,50,375,2,427,50,0,50,477
05/13/2006,CRQ,CA,AWP,WE,Towers with Radar,0,26,131,0,157,0,8,230,4,242,0,34,361,4,399,170,0,170,569
05/14/2006,CRQ,CA,AWP,WE,Towers with Radar,0,37,166,0,203,0,5,96,6,107,0,42,262,6,310,12,0,12,322
05/15/2006,CRQ,CA,AWP,WE,Towers with Radar,0,48,160,0,208,0,10,142,9,161,0,58,302,9,369,172,0,172,541
05/16/2006,CRQ,CA,AWP,WE,Towers with Radar,0,38,150,0,188,0,16,141,8,165,0,54,291,8,353,52,2,54,407
05/17/2006,CRQ,CA,AWP,WE,Towers with Radar,0,38,233,0,271,0,16,5,0,21,0,54,238,0,292,18,0,18,310
05/18/2006,CRQ,CA,AWP,WE,Towers with Radar,0,39,210,0,249,0,16,0,0,16,0,55,210,0,265,0,0,0,265
05/19/2006,CRQ,CA,AWP,WE,Towers with Radar,0,48,193,2,243,0,18,123,7,148,0,66,316,9,391,6,0,6,397
05/20/2006,CRQ,CA,AWP,WE,Towers with Radar,0,36,130,0,166,0,23,285,4,312,0,59,415,4,478,178,0,178,656
05/21/2006,CRQ,CA,AWP,WE,Towers with Radar,0,33,175,0,208,0,11,143,2,156,0,44,318,2,364,139,0,139,503
05/22/2006,CRQ,CA,AWP,WE,Towers with Radar,0,44,148,0,192,0,16,184,6,206,0,60,332,6,398,244,2,246,644
05/23/2006,CRQ,CA,AWP,WE,Towers with Radar,0,19,94,0,113,0,15,278,4,297,0,34,372,4,410,206,0,206,616
05/24/2006,CRQ,CA,AWP,WE,Towers with Radar,0,26,111,0,137,0,16,245,2,263,0,42,356,2,400,114,0,114,514
05/25/2006,CRQ,CA,AWP,WE,Towers with Radar,0,32,137,0,169,0,16,259,0,275,0,48,396,0,444,113,0,113,557
05/26/2006,CRQ,CA,AWP,WE,Towers with Radar,0,35,175,0,210,0,24,145,0,169,0,59,320,0,379,246,0,246,625
05/27/2006,CRQ,CA,AWP,WE,Towers with Radar,0,26,85,0,111,0,13,209,2,224,0,39,294,2,335,136,0,136,471
05/28/2006,CRQ,CA,AWP,WE,Towers with Radar,0,19,102,0,121,0,21,378,2,401,0,40,480,2,522,150,2,152,674
05/29/2006,CRQ,CA,AWP,WE,Towers with Radar,0,49,131,0,180,0,17,437,3,457,0,66,568,3,637,192,0,192,829
05/30/2006,CRQ,CA,AWP,WE,Towers with Radar,0,37,117,0,154,0,18,362,6,386,0,55,479,6,540,186,2,188,728
05/31/2006,CRQ,CA,AWP,WE,Towers with Radar,0,32,116,0,148,0,9,270,0,279,0,41,386,0,427,158,0,158,585
06/01/2006,CRQ,CA,AWP,WE,Towers with Radar,0,44,149,0,193,0,13,197,2,212,0,57,346,2,405,173,2,175,580
06/02/2006,CRQ,CA,AWP,WE,Towers with Radar,0,30,136,2,168,0,5,287,0,292,0,35,423,2,460,92,0,92,552
06/03/2006,CRQ,CA,AWP,WE,Towers with Radar,0,36,105,0,141,0,16,347,2,365,0,52,452,2,506,134,0,134,640
06/04/2006,CRQ,CA,AWP,WE,Towers with Radar,0,47,133,0,180,0,20,204,0,224,0,67,337,0,404,114,0,114,518
06/05/2006,CRQ,CA,AWP,WE,Towers with Radar,0,39,136,0,175,0,14,164,2,180,0,53,300,2,355,46,0,46,401
06/06/2006,CRQ,CA,AWP,WE,Towers with Radar,0,36,145,0,181,0,9,92,0,101,0,45,237,0,282,6,0,6,288
06/07/2006,CRQ,CA,AWP,WE,Towers with Radar,0,42,154,0,196,0,7,93,0,100,0,49,247,0,296,0,0,0,296
06/08/2006,CRQ,CA,AWP,WE,Towers with Radar,0,34,233,2,269,0,24,82,2,108,0,58,315,4,377,52,0,52,429
06/09/2006,CRQ,CA,AWP,WE,Towers with Radar,0,59,209,2,270,0,12,49,1,62,0,71,258,3,332,26,0,26,358
06/10/2006,CRQ,CA,AWP,WE,Towers with Radar,0,23,44,0,67,0,25,358,6,389,0,48,402,6,456,103,0,103,559
06/11/2006,CRQ,CA,AWP,WE,Towers with Radar,0,40,120,0,160,0,17,303,2,322,0,57,423,2,482,132,0,132,614
06/12/2006,CRQ,CA,AWP,WE,Towers with Radar,0,55,117,0,172,0,7,324,2,333,0,62,441,2,505,120,0,120,625
06/13/2006,CRQ,CA,AWP,WE,Towers with Radar,0,49,80,0,129,0,11,360,4,375,0,60,440,4,504,144,0,144,648
06/14/2006,CRQ,CA,AWP,WE,Towers with Radar,0,31,126,1,158,0,27,355,7,389,0,58,481,8,547,212,0,212,759
06/15/2006,CRQ,CA,AWP,WE,Towers with Radar,0,33,112,0,145,0,26,322,4,352,0,59,434,4,497,188,0,188,685
06/16/2006,CRQ,CA,AWP,WE,Towers with Radar,0,50,117,0,167,0,32,290,19,341,0,82,407,19,508,202,0,202,710
06/17/2006,CRQ,CA,AWP,WE,Towers with Radar,0,43,107,0,150,0,0,285,4,289,0,43,392,4,439,134,0,134,573
06/18/2006,CRQ,CA,AWP,WE,Towers with Radar,0,45,106,0,151,0,18,266,0,284,0,63,372,0,435,168,0,168,603
06/19/2006,CRQ,CA,AWP,WE,Towers with Radar,0,43,124,0,167,0,10,213,2,225,0,53,337,2,392,203,0,203,595
06/20/2006,CRQ,CA,AWP,WE,Towers with Radar,0,40,140,0,180,0,3,219,0,222,0,43,359,0,402,185,2,187,589
06/21/2006,CRQ,CA,AWP,WE,Towers with Radar,0,31,125,0,156,0,31,213,18,262,0,62,338,18,418,70,0,70,488
06/22/2006,CRQ,CA,AWP,WE,Towers with Radar,0,40,149,0,189,0,30,197,4,231,0,70,346,4,420,98,0,98,518
06/23/2006,CRQ,CA,AWP,WE,Towers with Radar,0,32,153,2,187,0,10,198,5,213,0,42,351,7,400,114,4,118,518
06/24/2006,CRQ,CA,AWP,WE,Towers with Radar,0,21,73,0,94,0,8,217,0,225,0,29,290,0,319,146,0,146,465
06/25/2006,CRQ,CA,AWP,WE,Towers with Radar,0,33,104,1,138,0,23,260,4,287,0,56,364,5,425,216,0,216,641
06/26/2006,CRQ,CA,AWP,WE,Towers with Radar,0,40,82,0,122,0,18,262,0,280,0,58,344,0,402,138,0,138,540
06/27/2006,CRQ,CA,AWP,WE,Towers with Radar,0,22,71,0,93,0,27,231,10,268,0,49,302,10,361,207,0,207,568
06/28/2006,CRQ,CA,AWP,WE,Towers with Radar,0,39,105,0,144,0,12,255,6,273,0,51,360,6,417,182,1,183,600
06/29/2006,CRQ,CA,AWP,WE,Towers with Radar,0,46,103,0,149,0,16,265,2,283,0,62,368,2,432,143,0,143,575
06/30/2006,CRQ,CA,AWP,WE,Towers with Radar,0,36,135,0,171,0,12,172,0,184,0,48,307,0,355,116,0,116,471
07/01/2006,CRQ,CA,AWP,WE,Towers with Radar,0,33,122,0,155,0,34,251,2,287,0,67,373,2,442,184,0,184,626
07/02/2006,CRQ,CA,AWP,WE,Towers with Radar,0,27,78,0,105,0,23,295,0,318,0,50,373,0,423,181,0,181,604
07/03/2006,CRQ,CA,AWP,WE,Towers with Radar,0,20,92,0,112,0,16,293,1,310,0,36,385,1,422,128,0,128,550
07/04/2006,CRQ,CA,AWP,WE,Towers with Radar,0,26,82,0,108,0,12,243,2,257,0,38,325,2,365,44,0,44,409
07/05/2006,CRQ,CA,AWP,WE,Towers with Radar,0,31,109,0,140,0,11,121,0,132,0,42,230,0,272,79,0,79,351
07/06/2006,CRQ,CA,AWP,WE,Towers with Radar,0,28,125,0,153,0,22,137,0,159,0,50,262,0,312,110,0,110,422
07/07/2006,CRQ,CA,AWP,WE,Towers with Radar,0,36,112,0,148,0,21,218,0,239,0,57,330,0,387,148,0,148,535
07/08/2006,CRQ,CA,AWP,WE,Towers with Radar,0,25,115,0,140,0,21,251,0,272,0,46,366,0,412,118,0,118,530
07/09/2006,CRQ,CA,AWP,WE,Towers with Radar,0,30,115,2,147,0,46,211,3,260,0,76,326,5,407,288,0,288,695
07/10/2006,CRQ,CA,AWP,WE,Towers with Radar,0,32,110,0,142,0,35,159,2,196,0,67,269,2,338,151,0,151,489
07/11/2006,CRQ,CA,AWP,WE,Towers with Radar,0,37,131,0,168,0,23,348,0,371,0,60,479,0,539,117,0,117,656
07/12/2006,CRQ,CA,AWP,WE,Towers with Radar,0,29,129,0,158,0,17,276,4,297,0,46,405,4,455,206,4,210,665
07/13/2006,CRQ,CA,AWP,WE,Towers with Radar,0,36,105,0,141,0,11,145,0,156,0,47,250,0,297,35,0,35,332
07/14/2006,CRQ,CA,AWP,WE,Towers with Radar,0,33,124,0,157,0,17,192,3,212,0,50,316,3,369,22,0,22,391
07/15/2006,CRQ,CA,AWP,WE,Towers with Radar,0,25,122,0,147,0,20,224,1,245,0,45,346,1,392,114,0,114,506
07/16/2006,CRQ,CA,AWP,WE,Towers with Radar,0,44,111,0,155,0,17,236,2,255,0,61,347,2,410,194,0,194,604
07/17/2006,CRQ,CA,AWP,WE,Towers with Radar,0,38,114,0,152,0,17,184,5,206,0,55,298,5,358,148,4,152,510
07/18/2006,CRQ,CA,AWP,WE,Towers with Radar,0,53,108,2,163,0,18,214,6,238,0,71,322,8,401,178,0,178,579
07/19/2006,CRQ,CA,AWP,WE,Towers with Radar,0,54,145,0,199,0,25,179,4,208,0,79,324,4,407,66,0,66,473
07/20/2006,CRQ,CA,AWP,WE,Towers with Radar,0,44,195,0,239,0,8,170,2,180,0,52,365,2,419,202,0,202,621
07/21/2006,CRQ,CA,AWP,WE,Towers with Radar,0,43,140,0,183,0,32,342,26,400,0,75,482,26,583,158,0,158,741
07/22/2006,CRQ,CA,AWP,WE,Towers with Radar,0,20,102,0,122,0,10,285,0,295,0,30,387,0,417,166,0,166,583
07/23/2006,CRQ,CA,AWP,WE,Towers with Radar,0,51,116,0,167,0,0,256,4,260,0,51,372,4,427,292,0,292,719
07/24/2006,CRQ,CA,AWP,WE,Towers with Radar,0,37,100,0,137,0,0,200,8,208,0,37,300,8,345,126,0,126,471
07/25/2006,CRQ,CA,AWP,WE,Towers with Radar,0,29,117,0,146,0,16,48,6,70,0,45,165,6,216,4,0,4,220
07/26/2006,CRQ,CA,AWP,WE,Towers with Radar,0,38,95,0,133,0,0,187,2,189,0,38,282,2,322,112,0,112,434
07/27/2006,CRQ,CA,AWP,WE,Towers with Radar,0,40,133,0,173,0,19,204,12,235,0,59,337,12,408,224,0,224,632
07/28/2006,CRQ,CA,AWP,WE,Towers with Radar,0,37,159,2,198,0,37,223,11,271,0,74,382,13,469,170,0,170,639
07/29/2006,CRQ,CA,AWP,WE,Towers with Radar,0,36,133,1,170,0,10,57,1,68,0,46,190,2,238,38,0,38,276
07/30/2006,CRQ,CA,AWP,WE,Towers with Radar,0,55,187,2,244,0,11,15,9,35,0,66,202,11,279,40,0,40,319
07/31/2006,CRQ,CA,AWP,WE,Towers with Radar,0,63,130,0,193,0,5,118,6,129,0,68,248,6,322,140,0,140,462
08/01/2006,CRQ,CA,AWP,WE,Towers with Radar,0,51,139,2,192,0,0,177,8,185,0,51,316,10,377,138,0,138,515
08/02/2006,CRQ,CA,AWP,WE,Towers with Radar,0,45,174,2,221,0,12,200,6,218,0,57,374,8,439,128,0,128,567
08/03/2006,CRQ,CA,AWP,WE,Towers with Radar,0,49,169,0,218,0,29,0,2,31,0,78,169,2,249,0,0,0,249
08/04/2006,CRQ,CA,AWP,WE,Towers with Radar,0,45,112,4,161,0,10,269,0,279,0,55,381,4,440,128,0,128,568
08/05/2006,CRQ,CA,AWP,WE,Towers with Radar,0,28,113,0,141,0,11,250,0,261,0,39,363,0,402,156,0,156,558
08/06/2006,CRQ,CA,AWP,WE,Towers with Radar,0,50,136,3,189,0,43,339,1,383,0,93,475,4,572,334,0,334,906
08/07/2006,CRQ,CA,AWP,WE,Towers with Radar,0,33,152,3,188,0,37,165,7,209,0,70,317,10,397,170,0,170,567
08/08/2006,CRQ,CA,AWP,WE,Towers with Radar,0,46,92,0,138,0,31,273,0,304,0,77,365,0,442,66,0,66,508
08/09/2006,CRQ,CA,AWP,WE,Towers with Radar,0,55,113,0,168,0,28,306,0,334,0,83,419,0,502,84,0,84,586
08/10/2006,CRQ,CA,AWP,WE,Towers with Radar,0,41,137,0,178,0,34,205,0,239,0,75,342,0,417,138,0,138,555
08/11/2006,CRQ,CA,AWP,WE,Towers with Radar,0,46,166,4,216,0,24,256,5,285,0,70,422,9,501,104,0,104,605
08/12/2006,CRQ,CA,AWP,WE,Towers with Radar,0,28,146,0,174,0,20,293,0,313,0,48,439,0,487,116,0,116,603
08/13/2006,CRQ,CA,AWP,WE,Towers with Radar,0,50,173,0,223,0,28,303,2,333,0,78,476,2,556,160,0,160,716
08/14/2006,CRQ,CA,AWP,WE,Towers with Radar,0,44,126,4,174,0,24,228,4,256,0,68,354,8,430,86,0,86,516
08/15/2006,CRQ,CA,AWP,WE,Towers with Radar,0,53,108,0,161,0,13,224,10,247,0,66,332,10,408,38,0,38,446
08/16/2006,CRQ,CA,AWP,WE,Towers with Radar,0,45,122,0,167,0,5,179,0,184,0,50,301,0,351,0,0,0,351
08/17/2006,CRQ,CA,AWP,WE,Towers with Radar,0,31,159,0,190,0,31,250,0,281,0,62,409,0,471,230,0,230,701
08/18/2006,CRQ,CA,AWP,WE,Towers with Radar,0,33,140,1,174,0,31,200,1,232,0,64,340,2,406,138,0,138,544
08/19/2006,CRQ,CA,AWP,WE,Towers with Radar,0,37,94,0,131,0,30,250,2,282,0,67,344,2,413,58,0,58,471
08/20/2006,CRQ,CA,AWP,WE,Towers with Radar,0,28,134,0,162,0,48,257,2,307,0,76,391,2,469,102,0,102,571
08/21/2006,CRQ,CA,AWP,WE,Towers with Radar,0,55,132,2,189,0,16,221,5,242,0,71,353,7,431,94,0,94,525
08/22/2006,CRQ,CA,AWP,WE,Towers with Radar,0,40,103,0,143,0,13,223,6,242,0,53,326,6,385,95,3,98,483
08/23/2006,CRQ,CA,AWP,WE,Towers with Radar,0,32,125,0,157,0,20,210,0,230,0,52,335,0,387,82,0,82,469
08/24/2006,CRQ,CA,AWP,WE,Towers with Radar,0,39,138,0,177,0,22,329,10,361,0,61,467,10,538,46,0,46,584
08/25/2006,CRQ,CA,AWP,WE,Towers with Radar,0,47,114,2,163,0,28,305,3,336,0,75,419,5,499,108,0,108,607
08/26/2006,CRQ,CA,AWP,WE,Towers with Radar,0,27,106,0,133,0,34,373,4,411,0,61,479,4,544,204,0,204,748
08/27/2006,CRQ,CA,AWP,WE,Towers with Radar,0,37,92,0,129,0,27,286,4,317,0,64,378,4,446,172,0,172,618
08/28/2006,CRQ,CA,AWP,WE,Towers with Radar,0,45,90,5,140,0,22,292,0,314,0,67,382,5,454,116,0,116,570
08/29/2006,CRQ,CA,AWP,WE,Towers with Radar,0,35,124,2,161,0,30,211,4,245,0,65,335,6,406,132,0,132,538
08/30/2006,CRQ,CA,AWP,WE,Towers with Radar,0,38,132,0,170,0,11,214,0,225,0,49,346,0,395,131,0,131,526
08/31/2006,CRQ,CA,AWP,WE,Towers with Radar,0,39,111,2,152,0,21,234,3,258,0,60,345,5,410,202,0,202,612
09/01/2006,CRQ,CA,AWP,WE,Towers with Radar,0,45,149,0,194,0,15,221,2,238,0,60,370,2,432,46,0,46,478
09/02/2006,CRQ,CA,AWP,WE,Towers with Radar,0,28,94,0,122,0,23,263,0,286,0,51,357,0,408,18,0,18,426
09/03/2006,CRQ,CA,AWP,WE,Towers with Radar,0,21,103,0,124,0,17,253,0,270,0,38,356,0,394,218,0,218,612
09/04/2006,CRQ,CA,AWP,WE,Towers with Radar,0,40,116,1,157,0,31,335,3,369,0,71,451,4,526,240,0,240,766
09/05/2006,CRQ,CA,AWP,WE,Towers with Radar,0,28,94,0,122,0,27,304,0,331,0,55,398,0,453,249,0,249,702
09/06/2006,CRQ,CA,AWP,WE,Towers with Radar,0,34,127,0,161,0,26,221,2,249,0,60,348,2,410,174,0,174,584
09/07/2006,CRQ,CA,AWP,WE,Towers with Radar,0,29,189,2,220,0,34,253,2,289,0,63,442,4,509,110,0,110,619
09/08/2006,CRQ,CA,AWP,WE,Towers with Radar,0,34,152,3,189,0,19,270,7,296,0,53,422,10,485,172,0,172,657
09/09/2006,CRQ,CA,AWP,WE,Towers with Radar,0,23,113,0,136,0,19,331,0,350,0,42,444,0,486,14,0,14,500
09/10/2006,CRQ,CA,AWP,WE,Towers with Radar,0,35,136,0,171,0,28,295,7,330,0,63,431,7,501,14,0,14,515
09/11/2006,CRQ,CA,AWP,WE,Towers with Radar,0,27,139,0,166,0,14,241,3,258,0,41,380,3,424,62,0,62,486
09/12/2006,CRQ,CA,AWP,WE,Towers with Radar,0,26,106,0,132,0,22,260,6,288,0,48,366,6,420,120,0,120,540
09/13/2006,CRQ,CA,AWP,WE,Towers with Radar,0,32,148,0,180,0,16,219,2,237,0,48,367,2,417,156,0,156,573
09/14/2006,CRQ,CA,AWP,WE,Towers with Radar,0,38,130,0,168,0,19,242,0,261,0,57,372,0,429,74,0,74,503
09/15/2006,CRQ,CA,AWP,WE,Towers with Radar,0,32,157,0,189,0,22,258,0,280,0,54,415,0,469,176,0,176,645
09/16/2006,CRQ,CA,AWP,WE,Towers with Radar,0,26,60,2,88,0,19,395,4,418,0,45,455,6,506,144,0,144,650
09/17/2006,CRQ,CA,AWP,WE,Towers with Radar,0,34,119,0,153,0,30,345,3,378,0,64,464,3,531,152,0,152,683
09/18/2006,CRQ,CA,AWP,WE,Towers with Radar,0,28,59,0,87,0,22,274,6,302,0,50,333,6,389,88,0,88,477
09/19/2006,CRQ,CA,AWP,WE,Towers with Radar,0,32,99,0,131,0,10,261,2,273,0,42,360,2,404,86,0,86,490
09/20/2006,CRQ,CA,AWP,WE,Towers with Radar,0,31,96,2,129,0,24,258,13,295,0,55,354,15,424,130,0,130,554
09/21/2006,CRQ,CA,AWP,WE,Towers with Radar,0,44,153,0,197,0,21,256,6,283,0,65,409,6,480,80,0,80,560
09/22/2006,CRQ,CA,AWP,WE,Towers with Radar,0,39,125,0,164,0,13,212,2,227,0,52,337,2,391,140,0,140,531
09/23/2006,CRQ,CA,AWP,WE,Towers with Radar,0,25,97,0,122,0,23,355,2,380,0,48,452,2,502,162,0,162,664
09/24/2006,CRQ,CA,AWP,WE,Towers with Radar,0,1,3,0,4,0,65,443,0,508,0,66,446,0,512,124,0,124,636
09/25/2006,CRQ,CA,AWP,WE,Towers with Radar,0,37,123,0,160,0,22,281,4,307,0,59,404,4,467,162,0,162,629
09/26/2006,CRQ,CA,AWP,WE,Towers with Radar,0,26,121,4,151,0,18,146,2,166,0,44,267,6,317,52,0,52,369
09/27/2006,CRQ,CA,AWP,WE,Towers with Radar,0,35,142,0,177,0,14,193,4,211,0,49,335,4,388,134,0,134,522
09/28/2006,CRQ,CA,AWP,WE,Towers with Radar,0,28,114,0,142,0,28,304,0,332,0,56,418,0,474,92,0,92,566
09/29/2006,CRQ,CA,AWP,WE,Towers with Radar,0,25,146,0,171,0,13,207,0,220,0,38,353,0,391,49,0,49,440
09/30/2006,CRQ,CA,AWP,WE,Towers with Radar,0,22,116,2,140,0,10,223,2,235,0,32,339,4,375,84,0,84,459
10/01/2006,CRQ,CA,AWP,WE,Towers with Radar,0,31,125,0,156,0,8,231,2,241,0,39,356,2,397,132,0,132,529
10/02/2006,CRQ,CA,AWP,WE,Towers with Radar,0,34,88,0,122,0,18,246,10,274,0,52,334,10,396,168,0,168,564
10/03/2006,CRQ,CA,AWP,WE,Towers with Radar,0,36,95,0,131,0,30,324,1,355,0,66,419,1,486,126,0,126,612
10/04/2006,CRQ,CA,AWP,WE,Towers with Radar,0,26,91,0,117,0,36,239,2,277,0,62,330,2,394,144,0,144,538
10/05/2006,CRQ,CA,AWP,WE,Towers with Radar,0,57,167,0,224,0,0,327,0,327,0,57,494,0,551,108,0,108,659
10/06/2006,CRQ,CA,AWP,WE,Towers with Radar,0,32,124,0,156,0,18,307,6,331,0,50,431,6,487,164,0,164,651
10/07/2006,CRQ,CA,AWP,WE,Towers with Radar,0,23,115,1,139,0,28,301,1,330,0,51,416,2,469,120,0,120,589
10/08/2006,CRQ,CA,AWP,WE,Towers with Radar,0,38,138,0,176,0,18,222,2,242,0,56,360,2,418,118,0,118,536
10/09/2006,CRQ,CA,AWP,WE,Towers with Radar,0,54,136,3,193,0,11,171,5,187,0,65,307,8,380,138,0,138,518
10/10/2006,CRQ,CA,AWP,WE,Towers with Radar,0,41,153,6,200,0,31,259,0,290,0,72,412,6,490,126,0,126,616
10/11/2006,CRQ,CA,AWP,WE,Towers with Radar,0,43,123,0,166,0,21,232,4,257,0,64,355,4,423,176,0,176,599
10/12/2006,CRQ,CA,AWP,WE,Towers with Radar,0,51,207,0,258,0,2,283,0,285,0,53,490,0,543,148,0,148,691
10/13/2006,CRQ,CA,AWP,WE,Towers with Radar,0,47,100,1,148,0,15,288,0,303,0,62,388,1,451,66,0,66,517
10/14/2006,CRQ,CA,AWP,WE,Towers with Radar,0,24,69,2,95,0,9,173,3,185,0,33,242,5,280,214,0,214,494
10/15/2006,CRQ,CA,AWP,WE,Towers with Radar,0,42,120,0,162,0,7,125,0,132,0,49,245,0,294,92,0,92,386
10/16/2006,CRQ,CA,AWP,WE,Towers with Radar,0,40,130,0,170,0,27,31,9,67,0,67,161,9,237,40,0,40,277
10/17/2006,CRQ,CA,AWP,WE,Towers with Radar,0,40,130,0,170,0,27,31,9,67,0,67,161,9,237,40,0,40,277
10/18/2006,CRQ,CA,AWP,WE,Towers with Radar,0,29,105,0,134,0,20,312,17,349,0,49,417,17,483,320,0,320,803
10/19/2006,CRQ,CA,AWP,WE,Towers with Radar,0,29,107,0,136,0,18,382,4,404,0,47,489,4,540,142,0,142,682
10/20/2006,CRQ,CA,AWP,WE,Towers with Radar,0,46,115,0,161,0,5,340,0,345,0,51,455,0,506,158,0,158,664
10/21/2006,CRQ,CA,AWP,WE,Towers with Radar,0,27,109,0,136,0,30,254,2,286,0,57,363,2,422,118,0,118,540
10/22/2006,CRQ,CA,AWP,WE,Towers with Radar,0,26,142,0,168,0,10,321,0,331,0,36,463,0,499,106,0,106,605
10/23/2006,CRQ,CA,AWP,WE,Towers with Radar,0,31,105,0,136,0,20,295,2,317,0,51,400,2,453,156,0,156,609
10/24/2006,CRQ,CA,AWP,WE,Towers with Radar,0,26,123,7,156,0,26,214,0,240,0,52,337,7,396,156,0,156,552
10/25/2006,CRQ,CA,AWP,WE,Towers with Radar,0,33,186,0,219,0,0,40,0,40,0,33,226,0,259,12,0,12,271
10/26/2006,CRQ,CA,AWP,WE,Towers with Radar,0,30,104,0,134,0,25,293,4,322,0,55,397,4,456,176,0,176,632
10/27/2006,CRQ,CA,AWP,WE,Towers with Radar,0,33,137,0,170,0,10,276,2,288,0,43,413,2,458,106,0,106,564
10/28/2006,CRQ,CA,AWP,WE,Towers with Radar,0,18,84,0,102,0,23,310,2,335,0,41,394,2,437,190,0,190,627
10/29/2006,CRQ,CA,AWP,WE,Towers with Radar,0,39,134,0,173,0,11,307,2,320,0,50,441,2,493,138,0,138,631
10/30/2006,CRQ,CA,AWP,WE,Towers with Radar,0,43,117,3,163,0,7,254,0,261,0,50,371,3,424,87,0,87,511
10/31/2006,CRQ,CA,AWP,WE,Towers with Radar,0,20,70,0,90,0,18,194,0,212,0,38,264,0,302,198,0,198,500
11/01/2006,CRQ,CA,AWP,WE,Towers with Radar,0,21,78,0,99,0,17,256,0,273,0,38,334,0,372,108,0,108,480
11/02/2006,CRQ,CA,AWP,WE,Towers with Radar,0,36,122,1,159,0,21,256,0,277,0,57,378,1,436,114,0,114,550
11/03/2006,CRQ,CA,AWP,WE,Towers with Radar,0,40,183,7,230,0,35,195,0,230,0,75,378,7,460,20,0,20,480
11/04/2006,CRQ,CA,AWP,WE,Towers with Radar,0,24,82,2,108,0,14,316,0,330,0,38,398,2,438,98,0,98,536
11/05/2006,CRQ,CA,AWP,WE,Towers with Radar,0,77,170,0,247,0,0,228,6,234,0,77,398,6,481,201,0,201,682
11/06/2006,CRQ,CA,AWP,WE,Towers with Radar,0,37,83,0,120,0,30,248,5,283,0,67,331,5,403,150,0,150,553
11/07/2006,CRQ,CA,AWP,WE,Towers with Radar,0,16,92,1,109,0,37,319,2,358,0,53,411,3,467,112,0,112,579
11/08/2006,CRQ,CA,AWP,WE,Towers with Radar,0,43,164,0,207,0,20,197,10,227,0,63,361,10,434,102,0,102,536
11/09/2006,CRQ,CA,AWP,WE,Towers with Radar,0,28,142,0,170,0,19,213,0,232,0,47,355,0,402,196,0,196,598
11/10/2006,CRQ,CA,AWP,WE,Towers with Radar,0,31,95,0,126,0,51,358,2,411,0,82,453,2,537,114,0,114,651
11/11/2006,CRQ,CA,AWP,WE,Towers with Radar,0,34,107,0,141,0,42,194,2,238,0,76,301,2,379,160,0,160,539
11/12/2006,CRQ,CA,AWP,WE,Towers with Radar,0,33,97,1,131,0,32,308,1,341,0,65,405,2,472,186,0,186,658
11/13/2006,CRQ,CA,AWP,WE,Towers with Radar,0,36,114,0,150,0,26,316,15,357,0,62,430,15,507,186,0,186,693
11/14/2006,CRQ,CA,AWP,WE,Towers with Radar,0,52,119,0,171,0,11,0,0,11,0,63,119,0,182,16,0,16,198
11/15/2006,CRQ,CA,AWP,WE,Towers with Radar,0,35,115,0,150,0,57,245,0,302,0,92,360,0,452,172,0,172,624
11/16/2006,CRQ,CA,AWP,WE,Towers with Radar,0,32,93,0,125,0,17,315,0,332,0,49,408,0,457,126,0,126,583
11/17/2006,CRQ,CA,AWP,WE,Towers with Radar,0,35,184,1,220,0,35,193,1,229,0,70,377,2,449,102,0,102,551
11/18/2006,CRQ,CA,AWP,WE,Towers with Radar,0,18,89,8,115,0,40,368,8,416,0,58,457,16,531,194,0,194,725
11/19/2006,CRQ,CA,AWP,WE,Towers with Radar,0,30,126,3,159,0,18,276,2,296,0,48,402,5,455,126,0,126,581
11/20/2006,CRQ,CA,AWP,WE,Towers with Radar,0,26,101,0,127,0,20,276,10,306,0,46,377,10,433,238,2,240,673
11/21/2006,CRQ,CA,AWP,WE,Towers with Radar,0,28,127,0,155,0,24,247,0,271,0,52,374,0,426,106,0,106,532
11/22/2006,CRQ,CA,AWP,WE,Towers with Radar,0,44,133,0,177,0,58,369,0,427,0,102,502,0,604,96,0,96,700
11/23/2006,CRQ,CA,AWP,WE,Towers with Radar,0,23,42,0,65,0,11,114,0,125,0,34,156,0,190,68,0,68,258
11/24/2006,CRQ,CA,AWP,WE,Towers with Radar,0,23,99,0,122,0,35,179,0,214,0,58,278,0,336,134,0,134,470
11/25/2006,CRQ,CA,AWP,WE,Towers with Radar,0,49,79,0,128,0,15,275,2,292,0,64,354,2,420,208,0,208,628
11/26/2006,CRQ,CA,AWP,WE,Towers with Radar,0,62,125,0,187,0,15,303,0,318,0,77,428,0,505,228,0,228,733
11/27/2006,CRQ,CA,AWP,WE,Towers with Radar,0,29,61,0,90,0,10,156,4,170,0,39,217,4,260,58,0,58,318
11/28/2006,CRQ,CA,AWP,WE,Towers with Radar,0,25,104,0,129,0,36,194,2,232,0,61,298,2,361,214,0,214,575
11/29/2006,CRQ,CA,AWP,WE,Towers with Radar,0,25,72,0,97,0,45,231,2,278,0,70,303,2,375,206,0,206,581
11/30/2006,CRQ,CA,AWP,WE,Towers with Radar,0,38,95,0,133,0,35,308,0,343,0,73,403,0,476,192,0,192,668
12/01/2006,CRQ,CA,AWP,WE,Towers with Radar,0,38,120,0,158,0,22,218,0,240,0,60,338,0,398,162,0,162,560
12/02/2006,CRQ,CA,AWP,WE,Towers with Radar,0,16,66,0,82,0,15,275,0,290,0,31,341,0,372,243,2,245,617
12/03/2006,CRQ,CA,AWP,WE,Towers with Radar,0,27,88,0,115,0,14,306,0,320,0,41,394,0,435,292,2,294,729
12/04/2006,CRQ,CA,AWP,WE,Towers with Radar,0,26,78,0,104,0,38,232,5,275,0,64,310,5,379,200,0,200,579
12/05/2006,CRQ,CA,AWP,WE,Towers with Radar,0,31,93,0,124,0,7,211,0,218,0,38,304,0,342,166,0,166,508
12/06/2006,CRQ,CA,AWP,WE,Towers with Radar,0,37,96,0,133,0,16,217,0,233,0,53,313,0,366,94,0,94,460
12/07/2006,CRQ,CA,AWP,WE,Towers with Radar,0,32,108,0,140,0,28,274,0,302,0,60,382,0,442,260,0,260,702
12/08/2006,CRQ,CA,AWP,WE,Towers with Radar,0,34,136,0,170,0,14,167,2,183,0,48,303,2,353,82,0,82,435
12/09/2006,CRQ,CA,AWP,WE,Towers with Radar,0,18,90,0,108,0,14,228,4,246,0,32,318,4,354,172,0,172,526
12/10/2006,CRQ,CA,AWP,WE,Towers with Radar,0,27,79,0,106,0,9,168,2,179,0,36,247,2,285,406,0,406,691
12/11/2006,CRQ,CA,AWP,WE,Towers with Radar,0,24,114,0,138,0,15,154,0,169,0,39,268,0,307,130,0,130,437
12/12/2006,CRQ,CA,AWP,WE,Towers with Radar,0,23,86,0,109,0,10,205,0,215,0,33,291,0,324,155,0,155,479
12/13/2006,CRQ,CA,AWP,WE,Towers with Radar,0,31,109,0,140,0,21,249,0,270,0,52,358,0,410,250,0,250,660
12/14/2006,CRQ,CA,AWP,WE,Towers with Radar,0,25,102,0,127,0,26,272,4,302,0,51,374,4,429,292,6,298,727
12/15/2006,CRQ,CA,AWP,WE,Towers with Radar,0,15,156,0,171,0,5,129,2,136,0,20,285,2,307,32,2,34,341
12/16/2006,CRQ,CA,AWP,WE,Towers with Radar,0,19,92,0,111,0,10,129,0,139,0,29,221,0,250,162,0,162,412
12/17/2006,CRQ,CA,AWP,WE,Towers with Radar,0,0,0,0,0,37,0,300,0,337,37,0,300,0,337,312,0,312,649
12/18/2006,CRQ,CA,AWP,WE,Towers with Radar,0,42,91,0,133,0,9,222,4,235,0,51,313,4,368,96,0,96,464
12/19/2006,CRQ,CA,AWP,WE,Towers with Radar,0,24,87,0,111,0,27,253,2,282,0,51,340,2,393,124,0,124,517
12/20/2006,CRQ,CA,AWP,WE,Towers with Radar,0,19,82,0,101,0,40,284,6,330,0,59,366,6,431,162,0,162,593
12/21/2006,CRQ,CA,AWP,WE,Towers with Radar,0,31,117,0,148,0,27,328,4,359,0,58,445,4,507,134,0,134,641
12/22/2006,CRQ,CA,AWP,WE,Towers with Radar,0,19,89,0,108,0,10,195,0,205,0,29,284,0,313,142,0,142,455
12/23/2006,CRQ,CA,AWP,WE,Towers with Radar,0,24,126,0,150,0,18,369,0,387,0,42,495,0,537,204,0,204,741
12/24/2006,CRQ,CA,AWP,WE,Towers with Radar,0,14,49,0,63,0,21,220,0,241,0,35,269,0,304,236,0,236,540
12/25/2006,CRQ,CA,AWP,WE,Towers with Radar,0,24,25,0,49,0,2,124,0,126,0,26,149,0,175,34,0,34,209
12/26/2006,CRQ,CA,AWP,WE,Towers with Radar,0,24,99,0,123,0,25,253,14,292,0,49,352,14,415,130,0,130,545
12/27/2006,CRQ,CA,AWP,WE,Towers with Radar,0,30,94,0,124,0,15,59,0,74,0,45,153,0,198,50,0,50,248
12/28/2006,CRQ,CA,AWP,WE,Towers with Radar,0,0,0,0,0,0,45,387,4,436,0,45,387,4,436,144,2,146,582
12/29/2006,CRQ,CA,AWP,WE,Towers with Radar,0,37,78,0,115,0,11,302,0,313,0,48,380,0,428,112,0,112,540
12/30/2006,CRQ,CA,AWP,WE,Towers with Radar,0,24,106,0,130,0,13,270,2,285,0,37,376,2,415,200,0,200,615
12/31/2006,CRQ,CA,AWP,WE,Towers with Radar,0,36,63,0,99,0,0,233,2,235,0,36,296,2,334,96,0,96,430
01/01/2007,CRQ,CA,AWP,WE,Towers with Radar,0,36,79,0,115,0,7,138,0,145,0,43,217,0,260,104,0,104,364
01/02/2007,CRQ,CA,AWP,WE,Towers with Radar,0,31,101,0,132,0,23,208,2,233,0,54,309,2,365,64,0,64,429
01/03/2007,CRQ,CA,AWP,WE,Towers with Radar,0,25,92,0,117,0,26,153,0,179,0,51,245,0,296,106,0,106,402
01/04/2007,CRQ,CA,AWP,WE,Towers with Radar,0,20,61,0,81,0,55,220,0,275,0,75,281,0,356,88,0,88,444
01/05/2007,CRQ,CA,AWP,WE,Towers with Radar,0,34,80,0,114,0,26,136,4,166,0,60,216,4,280,80,4,84,364
01/06/2007,CRQ,CA,AWP,WE,Towers with Radar,0,0,0,0,0,0,43,429,0,472,0,43,429,0,472,200,0,200,672
01/07/2007,CRQ,CA,AWP,WE,Towers with Radar,0,20,74,3,97,0,9,311,0,320,0,29,385,3,417,285,0,285,702
01/08/2007,CRQ,CA,AWP,WE,Towers with Radar,0,22,70,0,92,0,23,224,2,249,0,45,294,2,341,162,0,162,503
01/09/2007,CRQ,CA,AWP,WE,Towers with Radar,0,24,91,0,115,0,24,230,4,258,0,48,321,4,373,152,2,154,527
01/10/2007,CRQ,CA,AWP,WE,Towers with Radar,0,28,102,0,130,0,21,320,6,347,0,49,422,6,477,228,0,228,705
01/11/2007,CRQ,CA,AWP,WE,Towers with Radar,0,6,52,0,58,0,36,244,0,280,0,42,296,0,338,218,0,218,556
01/12/2007,CRQ,CA,AWP,WE,Towers with Radar,0,27,103,0,130,0,23,194,0,217,0,50,297,0,347,234,0,234,581
01/13/2007,CRQ,CA,AWP,WE,Towers with Radar,0,11,70,0,81,0,42,299,2,343,0,53,369,2,424,216,0,216,640
01/14/2007,CRQ,CA,AWP,WE,Towers with Radar,0,18,81,0,99,0,19,315,0,334,0,37,396,0,433,134,0,134,567
01/15/2007,CRQ,CA,AWP,WE,Towers with Radar,0,40,92,0,132,0,22,248,0,270,0,62,340,0,402,113,0,113,515
01/16/2007,CRQ,CA,AWP,WE,Towers with Radar,0,26,91,0,117,0,63,427,2,492,0,89,518,2,609,266,2,268,877
01/17/2007,CRQ,CA,AWP,WE,Towers with Radar,0,21,77,1,99,0,4,326,1,331,0,25,403,2,430,146,2,148,578
01/18/2007,CRQ,CA,AWP,WE,Towers with Radar,0,34,86,0,120,0,22,255,0,277,0,56,341,0,397,250,0,250,647
01/19/2007,CRQ,CA,AWP,WE,Towers with Radar,0,20,109,0,129,0,18,317,0,335,0,38,426,0,464,258,0,258,722
01/20/2007,CRQ,CA,AWP,WE,Towers with Radar,0,22,102,0,124,0,23,388,0,411,0,45,490,0,535,255,0,255,790
01/21/2007,CRQ,CA,AWP,WE,Towers with Radar,0,27,72,0,99,0,18,319,2,339,0,45,391,2,438,156,0,156,594
01/22/2007,CRQ,CA,AWP,WE,Towers with Radar,0,20,84,0,104,0,30,274,2,306,0,50,358,2,410,78,0,78,488
01/23/2007,CRQ,CA,AWP,WE,Towers with Radar,0,18,95,0,113,0,18,254,0,272,0,36,349,0,385,124,0,124,509
01/24/2007,CRQ,CA,AWP,WE,Towers with Radar,0,30,126,0,156,0,14,317,3,334,0,44,443,3,490,286,2,288,778
01/25/2007,CRQ,CA,AWP,WE,Towers with Radar,0,41,118,0,159,0,23,420,0,443,0,64,538,0,602,252,0,252,854
01/26/2007,CRQ,CA,AWP,WE,Towers with Radar,0,33,129,1,163,0,31,280,7,318,0,64,409,8,481,290,0,290,771
01/27/2007,CRQ,CA,AWP,WE,Towers with Radar,0,23,97,0,120,0,17,267,2,286,0,40,364,2,406,238,0,238,644
01/28/2007,CRQ,CA,AWP,WE,Towers with Radar,0,35,104,2,141,0,24,274,10,308,0,59,378,12,449,218,2,220,669
01/29/2007,CRQ,CA,AWP,WE,Towers with Radar,0,31,85,0,116,0,14,139,0,153,0,45,224,0,269,74,0,74,343
01/30/2007,CRQ,CA,AWP,WE,Towers with Radar,0,35,118,0,153,0,13,48,3,64,0,48,166,3,217,74,0,74,291
01/31/2007,CRQ,CA,AWP,WE,Towers with Radar,0,35,100,0,135,0,15,220,4,239,0,50,320,4,374,158,4,162,536
02/01/2007,CRQ,CA,AWP,WE,Towers with Radar,0,37,116,13,166,0,26,266,0,292,0,63,382,13,458,326,8,334,792
02/02/2007,CRQ,CA,AWP,WE,Towers with Radar,0,0,0,0,0,0,55,420,4,479,0,55,420,4,479,186,4,190,669
02/03/2007,CRQ,CA,AWP,WE,Towers with Radar,0,18,96,0,114,0,20,465,6,491,0,38,561,6,605,298,0,298,903
02/04/2007,CRQ,CA,AWP,WE,Towers with Radar,0,21,78,0,99,0,14,323,0,337,0,35,401,0,436,136,0,136,572
02/05/2007,CRQ,CA,AWP,WE,Towers with Radar,0,27,90,2,119,0,26,318,0,344,0,53,408,2,463,120,0,120,583
02/06/2007,CRQ,CA,AWP,WE,Towers with Radar,0,37,97,4,138,0,11,225,3,239,0,48,322,7,377,85,2,87,464
02/07/2007,CRQ,CA,AWP,WE,Towers with Radar,0,37,27,0,64,0,0,326,0,326,0,37,353,0,390,78,0,78,468
02/08/2007,CRQ,CA,AWP,WE,Towers with Radar,0,25,114,0,139,0,3,215,0,218,0,28,329,0,357,192,0,192,549
02/09/2007,CRQ,CA,AWP,WE,Towers with Radar,0,45,130,2,177,0,17,228,0,245,0,62,358,2,422,152,0,152,574
02/10/2007,CRQ,CA,AWP,WE,Towers with Radar,0,24,100,3,127,0,10,198,5,213,0,34,298,8,340,124,0,124,464
02/11/2007,CRQ,CA,AWP,WE,Towers with Radar,0,37,135,0,172,0,12,55,0,67,0,49,190,0,239,28,0,28,267
02/12/2007,CRQ,CA,AWP,WE,Towers with Radar,0,40,209,2,251,0,17,129,6,152,0,57,338,8,403,145,0,145,548
02/13/2007,CRQ,CA,AWP,WE,Towers with Radar,0,20,80,0,100,0,21,130,2,153,0,41,210,2,253,124,0,124,377
02/14/2007,CRQ,CA,AWP,WE,Towers with Radar,0,25,98,0,123,0,9,265,8,282,0,34,363,8,405,188,2,190,595
02/15/2007,CRQ,CA,AWP,WE,Towers with Radar,0,57,37,0,94,0,0,398,4,402,0,57,435,4,496,224,2,226,722
02/16/2007,CRQ,CA,AWP,WE,Towers with Radar,0,26,149,3,178,0,52,434,3,489,0,78,583,6,667,360,0,360,1027
02/17/2007,CRQ,CA,AWP,WE,Towers with Radar,0,20,58,0,78,0,25,405,2,432,0,45,463,2,510,232,0,232,742
02/18/2007,CRQ,CA,AWP,WE,Towers with Radar,0,27,106,0,133,0,38,234,0,272,0,65,340,0,405,88,0,88,493
02/19/2007,CRQ,CA,AWP,WE,Towers with Radar,0,39,110,1,150,0,17,127,1,145,0,56,237,2,295,146,0,146,441
02/20/2007,CRQ,CA,AWP,WE,Towers with Radar,0,28,115,0,143,0,15,222,1,238,0,43,337,1,381,152,0,152,533
02/21/2007,CRQ,CA,AWP,WE,Towers with Radar,0,31,128,0,159,0,25,308,0,333,0,56,436,0,492,216,0,216,708
02/22/2007,CRQ,CA,AWP,WE,Towers with Radar,0,25,120,0,145,0,15,137,3,155,0,40,257,3,300,226,2,228,528
02/23/2007,CRQ,CA,AWP,WE,Towers with Radar,0,23,112,0,135,0,34,267,0,301,0,57,379,0,436,262,0,262,698
02/24/2007,CRQ,CA,AWP,WE,Towers with Radar,0,26,106,0,132,0,20,374,2,396,0,46,480,2,528,288,2,290,818
02/25/2007,CRQ,CA,AWP,WE,Towers with Radar,0,26,118,0,144,0,24,341,0,365,0,50,459,0,509,138,0,138,647
02/26/2007,CRQ,CA,AWP,WE,Towers with Radar,0,31,135,0,166,0,22,273,0,295,0,53,408,0,461,244,0,244,705
02/27/2007,CRQ,CA,AWP,WE,Towers with Radar,0,28,93,0,121,0,21,124,4,149,0,49,217,4,270,112,0,112,382
02/28/2007,CRQ,CA,AWP,WE,Towers with Radar,0,40,120,4,164,0,13,219,14,246,0,53,339,18,410,244,22,266,676
03/01/2007,CRQ,CA,AWP,WE,Towers with Radar,0,37,118,0,155,0,28,507,0,535,0,65,625,0,690,226,0,226,916
03/02/2007,CRQ,CA,AWP,WE,Towers with Radar,0,19,105,0,124,0,32,405,0,437,0,51,510,0,561,274,0,274,835
03/03/2007,CRQ,CA,AWP,WE,Towers with Radar,0,24,56,2,82,0,19,264,11,294,0,43,320,13,376,188,0,188,564
03/04/2007,CRQ,CA,AWP,WE,Towers with Radar,0,25,114,0,139,0,25,315,4,344,0,50,429,4,483,132,0,132,615
03/05/2007,CRQ,CA,AWP,WE,Towers with Radar,0,25,95,0,120,0,19,313,2,334,0,44,408,2,454,164,0,164,618
03/06/2007,CRQ,CA,AWP,WE,Towers with Radar,0,27,102,0,129,0,25,237,0,262,0,52,339,0,391,124,0,124,515
03/07/2007,CRQ,CA,AWP,WE,Towers with Radar,0,30,104,0,134,0,20,409,0,429,0,50,513,0,563,270,0,270,833
03/08/2007,CRQ,CA,AWP,WE,Towers with Radar,0,37,108,0,145,0,23,215,0,238,0,60,323,0,383,178,0,178,561
03/09/2007,CRQ,CA,AWP,WE,Towers with Radar,0,32,134,0,166,0,11,322,6,339,0,43,456,6,505,154,0,154,659
03/10/2007,CRQ,CA,AWP,WE,Towers with Radar,0,19,105,0,124,0,19,333,4,356,0,38,438,4,480,185,0,185,665
03/11/2007,CRQ,CA,AWP,WE,Towers with Radar,0,31,111,0,142,0,20,388,2,410,0,51,499,2,552,264,0,264,816
03/12/2007,CRQ,CA,AWP,WE,Towers with Radar,0,56,96,0,152,0,34,281,0,315,0,90,377,0,467,168,0,168,635
03/13/2007,CRQ,CA,AWP,WE,Towers with Radar,0,23,81,0,104,0,20,0,0,20,0,43,81,0,124,118,0,118,242
03/14/2007,CRQ,CA,AWP,WE,Towers with Radar,0,33,138,0,171,0,39,281,0,320,0,72,419,0,491,194,0,194,685
03/15/2007,CRQ,CA,AWP,WE,Towers with Radar,0,33,140,0,173,0,16,295,8,319,0,49,435,8,492,208,4,212,704
03/16/2007,CRQ,CA,AWP,WE,Towers with Radar,0,30,171,0,201,0,8,72,2,82,0,38,243,2,283,80,0,80,363
03/17/2007,CRQ,CA,AWP,WE,Towers with Radar,0,25,125,0,150,0,5,62,0,67,0,30,187,0,217,20,0,20,237
03/18/2007,CRQ,CA,AWP,WE,Towers with Radar,0,34,182,0,216,0,10,108,0,118,0,44,290,0,334,152,0,152,486
03/19/2007,CRQ,CA,AWP,WE,Towers with Radar,0,46,128,0,174,0,0,210,8,218,0,46,338,8,392,102,0,102,494
03/20/2007,CRQ,CA,AWP,WE,Towers with Radar,0,24,119,0,143,0,25,132,8,165,0,49,251,8,308,146,4,150,458
03/21/2007,CRQ,CA,AWP,WE,Towers with Radar,0,43,22,3,68,0,0,304,9,313,0,43,326,12,381,202,8,210,591
03/22/2007,CRQ,CA,AWP,WE,Towers with Radar,0,26,132,0,158,0,9,249,0,258,0,35,381,0,416,106,0,106,522
03/23/2007,CRQ,CA,AWP,WE,Towers with Radar,0,29,129,0,158,0,21,368,2,391,0,50,497,2,549,10,0,10,559
03/24/2007,CRQ,CA,AWP,WE,Towers with Radar,0,21,110,0,131,0,46,487,0,533,0,67,597,0,664,314,0,314,978
03/25/2007,CRQ,CA,AWP,WE,Towers with Radar,0,26,140,0,166,0,34,295,0,329,0,60,435,0,495,196,0,196,691
03/26/2007,CRQ,CA,AWP,WE,Towers with Radar,0,31,118,0,149,0,17,274,0,291,0,48,392,0,440,94,0,94,534
03/27/2007,CRQ,CA,AWP,WE,Towers with Radar,0,21,51,0,72,0,11,76,10,97,0,32,127,10,169,34,0,34,203
03/28/2007,CRQ,CA,AWP,WE,Towers with Radar,0,36,21,2,59,0,0,396,0,396,0,36,417,2,455,246,2,248,703
03/29/2007,CRQ,CA,AWP,WE,Towers with Radar,0,28,130,0,158,0,25,362,8,395,0,53,492,8,553,258,0,258,811
03/30/2007,CRQ,CA,AWP,WE,Towers with Radar,0,26,104,0,130,0,22,425,6,453,0,48,529,6,583,336,8,344,927
03/31/2007,CRQ,CA,AWP,WE,Towers with Radar,0,26,115,2,143,0,12,390,0,402,0,38,505,2,545,227,0,227,772
04/01/2007,CRQ,CA,AWP,WE,Towers with Radar,0,26,127,4,157,0,26,246,7,279,0,52,373,11,436,82,0,82,518
04/02/2007,CRQ,CA,AWP,WE,Towers with Radar,0,39,94,2,135,0,14,220,0,234,0,53,314,2,369,128,0,128,497
04/03/2007,CRQ,CA,AWP,WE,Towers with Radar,0,31,123,0,154,0,23,301,1,325,0,54,424,1,479,112,0,112,591
04/04/2007,CRQ,CA,AWP,WE,Towers with Radar,0,35,123,3,161,0,12,182,7,201,0,47,305,10,362,156,14,170,532
04/05/2007,CRQ,CA,AWP,WE,Towers with Radar,0,42,150,0,192,0,21,258,0,279,0,63,408,0,471,144,0,144,615
04/06/2007,CRQ,CA,AWP,WE,Towers with Radar,0,42,154,0,196,0,15,182,4,201,0,57,336,4,397,271,0,271,668
04/07/2007,CRQ,CA,AWP,WE,Towers with Radar,0,23,141,0,164,0,1,101,0,102,0,24,242,0,266,121,0,121,387
04/08/2007,CRQ,CA,AWP,WE,Towers with Radar,0,23,108,0,131,0,12,20,0,32,0,35,128,0,163,32,0,32,195
04/09/2007,CRQ,CA,AWP,WE,Towers with Radar,0,25,147,8,180,0,20,194,3,217,0,45,341,11,397,82,0,82,479
04/10/2007,CRQ,CA,AWP,WE,Towers with Radar,0,38,122,0,160,0,32,345,12,389,0,70,467,12,549,212,0,212,761
04/11/2007,CRQ,CA,AWP,WE,Towers with Radar,0,29,130,0,159,0,17,204,0,221,0,46,334,0,380,136,0,136,516
04/12/2007,CRQ,CA,AWP,WE,Towers with Radar,0,29,96,2,127,0,8,211,20,239,0,37,307,22,366,172,28,200,566
04/13/2007,CRQ,CA,AWP,WE,Towers with Radar,0,34,125,0,159,0,13,406,2,421,0,47,531,2,580,292,0,292,872
04/14/2007,CRQ,CA,AWP,WE,Towers with Radar,0,28,103,1,132,0,33,461,0,494,0,61,564,1,626,278,0,278,904
04/15/2007,CRQ,CA,AWP,WE,Towers with Radar,0,28,86,4,118,0,31,214,12,257,0,59,300,16,375,281,0,281,656
04/16/2007,CRQ,CA,AWP,WE,Towers with Radar,0,26,104,0,130,0,22,227,2,251,0,48,331,2,381,249,0,249,630
04/17/2007,CRQ,CA,AWP,WE,Towers with Radar,0,21,140,0,161,0,20,145,5,170,0,41,285,5,331,84,0,84,415
04/18/2007,CRQ,CA,AWP,WE,Towers with Radar,0,29,124,4,157,0,31,270,0,301,0,60,394,4,458,170,8,178,636
04/19/2007,CRQ,CA,AWP,WE,Towers with Radar,0,33,100,0,133,0,12,380,0,392,0,45,480,0,525,203,1,204,729
04/20/2007,CRQ,CA,AWP,WE,Towers with Radar,0,19,112,3,134,0,6,51,8,65,0,25,163,11,199,38,6,44,243
04/21/2007,CRQ,CA,AWP,WE,Towers with Radar,0,21,119,0,140,0,26,421,2,449,0,47,540,2,589,207,0,207,796
04/22/2007,CRQ,CA,AWP,WE,Towers with Radar,0,43,144,0,187,0,29,243,3,275,0,72,387,3,462,232,0,232,694
04/23/2007,CRQ,CA,AWP,WE,Towers with Radar,0,28,100,2,130,0,27,283,4,314,0,55,383,6,444,144,0,144,588
04/24/2007,CRQ,CA,AWP,WE,Towers with Radar,0,21,135,0,156,0,34,318,0,352,0,55,453,0,508,200,0,200,708
04/25/2007,CRQ,CA,AWP,WE,Towers with Radar,0,32,123,0,155,0,18,267,0,285,0,50,390,0,440,178,0,178,618
04/26/2007,CRQ,CA,AWP,WE,Towers with Radar,0,23,142,0,165,0,29,318,0,347,0,52,460,0,512,408,0,408,920
04/27/2007,CRQ,CA,AWP,WE,Towers with Radar,0,28,124,0,152,0,15,358,2,375,0,43,482,2,527,266,0,266,793
04/28/2007,CRQ,CA,AWP,WE,Towers with Radar,0,24,108,0,132,0,19,223,0,242,0,43,331,0,374,140,0,140,514
04/29/2007,CRQ,CA,AWP,WE,Towers with Radar,0,29,180,0,209,0,11,114,2,127,0,40,294,2,336,12,2,14,350
04/30/2007,CRQ,CA,AWP,WE,Towers with Radar,0,23,131,0,154,0,19,88,0,107,0,42,219,0,261,42,0,42,303
05/01/2007,CRQ,CA,AWP,WE,Towers with Radar,0,26,110,0,136,0,16,107,0,123,0,42,217,0,259,128,0,128,387
05/02/2007,CRQ,CA,AWP,WE,Towers with Radar,0,36,134,0,170,0,24,259,0,283,0,60,393,0,453,226,4,230,683
05/03/2007,CRQ,CA,AWP,WE,Towers with Radar,0,36,146,0,182,0,8,337,4,349,0,44,483,4,531,180,6,186,717
05/04/2007,CRQ,CA,AWP,WE,Towers with Radar,0,36,149,0,185,0,16,238,5,259,0,52,387,5,444,192,6,198,642
05/05/2007,CRQ,CA,AWP,WE,Towers with Radar,0,24,101,0,125,0,25,352,0,377,0,49,453,0,502,273,0,273,775
05/06/2007,CRQ,CA,AWP,WE,Towers with Radar,0,47,107,0,154,0,33,397,2,432,0,80,504,2,586,147,0,147,733
05/07/2007,CRQ,CA,AWP,WE,Towers with Radar,0,0,154,0,154,0,56,208,12,276,0,56,362,12,430,154,0,154,584
05/08/2007,CRQ,CA,AWP,WE,Towers with Radar,0,24,83,0,107,0,32,330,6,368,0,56,413,6,475,150,0,150,625
05/09/2007,CRQ,CA,AWP,WE,Towers with Radar,0,42,105,1,148,0,13,390,7,410,0,55,495,8,558,286,6,292,850
05/10/2007,CRQ,CA,AWP,WE,Towers with Radar,0,36,110,0,146,0,41,260,7,308,0,77,370,7,454,139,4,143,597
05/11/2007,CRQ,CA,AWP,WE,Towers with Radar,0,38,146,2,186,0,36,372,14,422,0,74,518,16,608,224,12,236,844
05/12/2007,CRQ,CA,AWP,WE,Towers with Radar,0,25,85,0,110,0,26,308,0,334,0,51,393,0,444,190,0,190,634
05/13/2007,CRQ,CA,AWP,WE,Towers with Radar,0,33,122,0,155,0,16,234,4,254,0,49,356,4,409,172,0,172,581
05/14/2007,CRQ,CA,AWP,WE,Towers with Radar,0,30,121,0,151,0,10,197,0,207,0,40,318,0,358,74,0,74,432
05/15/2007,CRQ,CA,AWP,WE,Towers with Radar,0,22,120,0,142,0,33,116,0,149,0,55,236,0,291,168,0,168,459
05/16/2007,CRQ,CA,AWP,WE,Towers with Radar,0,36,170,0,206,0,11,222,9,242,0,47,392,9,448,198,6,204,652
05/17/2007,CRQ,CA,AWP,WE,Towers with Radar,0,32,165,1,198,0,6,159,9,174,0,38,324,10,372,144,8,152,524
05/18/2007,CRQ,CA,AWP,WE,Towers with Radar,0,38,150,1,189,0,4,166,1,171,0,42,316,2,360,192,2,194,554
05/19/2007,CRQ,CA,AWP,WE,Towers with Radar,0,30,141,3,174,0,3,80,2,85,0,33,221,5,259,40,0,40,299
05/20/2007,CRQ,CA,AWP,WE,Towers with Radar,0,31,153,0,184,0,16,115,0,131,0,47,268,0,315,116,0,116,431
05/21/2007,CRQ,CA,AWP,WE,Towers with Radar,0,38,136,0,174,0,0,113,0,113,0,38,249,0,287,107,0,107,394
05/22/2007,CRQ,CA,AWP,WE,Towers with Radar,0,35,135,0,170,0,12,201,0,213,0,47,336,0,383,235,0,235,618
05/23/2007,CRQ,CA,AWP,WE,Towers with Radar,0,30,147,4,181,0,36,292,11,339,0,66,439,15,520,206,6,212,732
05/24/2007,CRQ,CA,AWP,WE,Towers with Radar,0,26,151,1,178,0,15,117,5,137,0,41,268,6,315,134,8,142,457
05/25/2007,CRQ,CA,AWP,WE,Towers with Radar,0,33,195,2,230,0,16,143,1,160,0,49,338,3,390,114,0,114,504
05/26/2007,CRQ,CA,AWP,WE,Towers with Radar,0,65,157,0,222,0,0,158,0,158,0,65,315,0,380,146,0,146,526
05/27/2007,CRQ,CA,AWP,WE,Towers with Radar,0,14,115,0,129,0,16,197,2,215,0,30,312,2,344,60,0,60,404
05/28/2007,CRQ,CA,AWP,WE,Towers with Radar,0,32,147,0,179,0,14,259,0,273,0,46,406,0,452,68,0,68,520
05/29/2007,CRQ,CA,AWP,WE,Towers with Radar,0,44,123,0,167,0,17,248,2,267,0,61,371,2,434,172,0,172,606
05/30/2007,CRQ,CA,AWP,WE,Towers with Radar,0,30,144,0,174,0,13,215,4,232,0,43,359,4,406,222,0,222,628
05/31/2007,CRQ,CA,AWP,WE,Towers with Radar,0,49,150,0,199,0,17,265,2,284,0,66,415,2,483,186,2,188,671
06/01/2007,CRQ,CA,AWP,WE,Towers with Radar,0,28,189,1,218,0,11,198,3,212,0,39,387,4,430,136,0,136,566
06/02/2007,CRQ,CA,AWP,WE,Towers with Radar,0,19,192,3,214,0,9,90,3,102,0,28,282,6,316,62,0,62,378
06/03/2007,CRQ,CA,AWP,WE,Towers with Radar,0,30,160,0,190,0,23,252,0,275,0,53,412,0,465,70,0,70,535
06/04/2007,CRQ,CA,AWP,WE,Towers with Radar,0,30,140,0,170,0,9,95,3,107,0,39,235,3,277,30,0,30,307
06/05/2007,CRQ,CA,AWP,WE,Towers with Radar,0,32,101,0,133,0,6,127,0,133,0,38,228,0,266,68,0,68,334
06/06/2007,CRQ,CA,AWP,WE,Towers with Radar,0,22,112,0,134,0,24,276,5,305,0,46,388,5,439,248,4,252,691
06/07/2007,CRQ,CA,AWP,WE,Towers with Radar,0,35,123,0,158,0,4,297,6,307,0,39,420,6,465,248,4,252,717
06/08/2007,CRQ,CA,AWP,WE,Towers with Radar,0,28,155,0,183,0,25,349,6,380,0,53,504,6,563,156,2,158,721
06/09/2007,CRQ,CA,AWP,WE,Towers with Radar,0,24,121,0,145,0,25,337,0,362,0,49,458,0,507,215,0,215,722
06/10/2007,CRQ,CA,AWP,WE,Towers with Radar,0,28,127,0,155,0,13,245,4,262,0,41,372,4,417,60,0,60,477
06/11/2007,CRQ,CA,AWP,WE,Towers with Radar,0,34,108,0,142,0,10,223,0,233,0,44,331,0,375,106,0,106,481
06/12/2007,CRQ,CA,AWP,WE,Towers with Radar,0,35,107,0,142,0,18,300,4,322,0,53,407,4,464,132,0,132,596
06/13/2007,CRQ,CA,AWP,WE,Towers with Radar,0,24,122,1,147,0,21,287,5,313,0,45,409,6,460,120,6,126,586
06/14/2007,CRQ,CA,AWP,WE,Towers with Radar,0,29,102,1,132,0,1,245,9,255,0,30,347,10,387,144,12,156,543
06/15/2007,CRQ,CA,AWP,WE,Towers with Radar,0,46,154,3,203,0,9,252,5,266,0,55,406,8,469,164,0,164,633
06/16/2007,CRQ,CA,AWP,WE,Towers with Radar,0,30,89,0,119,0,37,304,2,343,0,67,393,2,462,286,0,286,748
06/17/2007,CRQ,CA,AWP,WE,Towers with Radar,0,41,115,0,156,0,13,354,2,369,0,54,469,2,525,72,0,72,597
06/18/2007,CRQ,CA,AWP,WE,Towers with Radar,0,26,95,0,121,0,11,243,0,254,0,37,338,0,375,56,0,56,431
06/19/2007,CRQ,CA,AWP,WE,Towers with Radar,0,30,95,0,125,0,15,252,0,267,0,45,347,0,392,116,0,116,508
06/20/2007,CRQ,CA,AWP,WE,Towers with Radar,0,25,120,0,145,0,16,303,4,323,0,41,423,4,468,192,6,198,666
06/21/2007,CRQ,CA,AWP,WE,Towers with Radar,0,25,130,0,155,0,18,278,0,296,0,43,408,0,451,184,0,184,635
06/22/2007,CRQ,CA,AWP,WE,Towers with Radar,0,28,126,0,154,0,30,325,2,357,0,58,451,2,511,228,0,228,739
06/23/2007,CRQ,CA,AWP,WE,Towers with Radar,0,26,125,4,155,0,14,298,2,314,0,40,423,6,469,186,4,190,659
06/24/2007,CRQ,CA,AWP,WE,Towers with Radar,0,25,125,0,150,0,22,208,0,230,0,47,333,0,380,109,0,109,489
06/25/2007,CRQ,CA,AWP,WE,Towers with Radar,0,24,86,0,110,0,21,87,4,112,0,45,173,4,222,78,0,78,300
06/26/2007,CRQ,CA,AWP,WE,Towers with Radar,0,31,106,0,137,0,15,320,3,338,0,46,426,3,475,92,0,92,567
06/27/2007,CRQ,CA,AWP,WE,Towers with Radar,0,30,126,4,160,0,45,403,14,462,0,75,529,18,622,214,18,232,854
06/28/2007,CRQ,CA,AWP,WE,Towers with Radar,0,24,138,0,162,0,31,248,4,283,0,55,386,4,445,232,4,236,681
06/29/2007,CRQ,CA,AWP,WE,Towers with Radar,0,34,131,1,166,0,26,317,3,346,0,60,448,4,512,270,2,272,784
06/30/2007,CRQ,CA,AWP,WE,Towers with Radar,0,22,105,2,129,0,44,385,0,429,0,66,490,2,558,274,0,274,832
07/01/2007,CRQ,CA,AWP,WE,Towers with Radar,0,32,113,0,145,0,39,351,0,390,0,71,464,0,535,166,0,166,701
07/02/2007,CRQ,CA,AWP,WE,Towers with Radar,0,32,102,0,134,0,40,250,0,290,0,72,352,0,424,238,0,238,662
07/03/2007,CRQ,CA,AWP,WE,Towers with Radar,0,14,72,0,86,0,19,163,0,182,0,33,235,0,268,112,0,112,380
07/04/2007,CRQ,CA,AWP,WE,Towers with Radar,0,14,74,0,88,0,32,188,2,222,0,46,262,2,310,146,2,148,458
07/05/2007,CRQ,CA,AWP,WE,Towers with Radar,0,21,151,0,172,0,20,83,0,103,0,41,234,0,275,34,0,34,309
07/06/2007,CRQ,CA,AWP,WE,Towers with Radar,0,32,143,0,175,0,22,246,3,271,0,54,389,3,446,162,0,162,608
07/07/2007,CRQ,CA,AWP,WE,Towers with Radar,0,27,142,2,171,0,30,276,0,306,0,57,418,2,477,123,0,123,600
07/08/2007,CRQ,CA,AWP,WE,Towers with Radar,0,37,116,0,153,0,24,343,0,367,0,61,459,0,520,94,0,94,614
07/09/2007,CRQ,CA,AWP,WE,Towers with Radar,0,28,120,0,148,0,11,157,0,168,0,39,277,0,316,82,0,82,398
07/10/2007,CRQ,CA,AWP,WE,Towers with Radar,0,28,114,0,142,0,21,203,7,231,0,49,317,7,373,180,24,204,577
07/11/2007,CRQ,CA,AWP,WE,Towers with Radar,0,28,135,0,163,0,16,289,4,309,0,44,424,4,472,248,4,252,724
07/12/2007,CRQ,CA,AWP,WE,Towers with Radar,0,29,124,1,154,0,26,279,4,309,0,55,403,5,463,196,2,198,661
07/13/2007,CRQ,CA,AWP,WE,Towers with Radar,0,36,128,2,166,0,25,454,4,483,0,61,582,6,649,262,6,268,917
07/14/2007,CRQ,CA,AWP,WE,Towers with Radar,0,23,143,1,167,0,40,305,6,351,0,63,448,7,518,174,2,176,694
07/15/2007,CRQ,CA,AWP,WE,Towers with Radar,0,32,135,1,168,0,12,170,1,183,0,44,305,2,351,38,0,38,389
07/16/2007,CRQ,CA,AWP,WE,Towers with Radar,0,32,139,1,172,0,13,182,9,204,0,45,321,10,376,39,0,39,415
07/17/2007,CRQ,CA,AWP,WE,Towers with Radar,0,36,132,0,168,0,15,228,3,246,0,51,360,3,414,112,0,112,526
07/18/2007,CRQ,CA,AWP,WE,Towers with Radar,0,34,160,1,195,0,14,288,3,305,0,48,448,4,500,210,2,212,712
07/19/2007,CRQ,CA,AWP,WE,Towers with Radar,0,37,154,4,195,0,24,207,0,231,0,61,361,4,426,58,0,58,484
07/20/2007,CRQ,CA,AWP,WE,Towers with Radar,0,34,192,0,226,0,24,202,2,228,0,58,394,2,454,62,0,62,516
07/21/2007,CRQ,CA,AWP,WE,Towers with Radar,0,23,114,2,139,0,8,185,0,193,0,31,299,2,332,84,0,84,416
07/22/2007,CRQ,CA,AWP,WE,Towers with Radar,0,43,136,0,179,0,17,281,0,298,0,60,417,0,477,110,0,110,587
07/23/2007,CRQ,CA,AWP,WE,Towers with Radar,0,37,133,0,170,0,30,216,0,246,0,67,349,0,416,178,0,178,594
07/24/2007,CRQ,CA,AWP,WE,Towers with Radar,0,36,86,0,122,0,13,283,0,296,0,49,369,0,418,67,0,67,485
07/25/2007,CRQ,CA,AWP,WE,Towers with Radar,0,32,125,0,157,0,31,354,0,385,0,63,479,0,542,230,0,230,772
07/26/2007,CRQ,CA,AWP,WE,Towers with Radar,0,28,151,1,180,0,20,316,1,337,0,48,467,2,517,18,2,20,537
07/27/2007,CRQ,CA,AWP,WE,Towers with Radar,0,35,137,2,174,0,38,240,2,280,0,73,377,4,454,232,2,234,688
07/28/2007,CRQ,CA,AWP,WE,Towers with Radar,0,21,100,0,121,0,24,380,4,408,0,45,480,4,529,290,0,290,819
07/29/2007,CRQ,CA,AWP,WE,Towers with Radar,0,44,138,0,182,0,15,371,0,386,0,59,509,0,568,134,0,134,702
07/30/2007,CRQ,CA,AWP,WE,Towers with Radar,0,24,110,0,134,0,6,268,2,276,0,30,378,2,410,128,0,128,538
07/31/2007,CRQ,CA,AWP,WE,Towers with Radar,0,42,147,0,189,0,12,199,0,211,0,54,346,0,400,162,0,162,562
08/01/2007,CRQ,CA,AWP,WE,Towers with Radar,0,29,136,1,166,0,9,252,2,263,0,38,388,3,429,214,0,214,643
08/02/2007,CRQ,CA,AWP,WE,Towers with Radar,0,30,120,0,150,0,12,282,0,294,0,42,402,0,444,252,0,252,696
08/03/2007,CRQ,CA,AWP,WE,Towers with Radar,0,33,139,0,172,0,10,349,0,359,0,43,488,0,531,208,0,208,739
08/04/2007,CRQ,CA,AWP,WE,Towers with Radar,0,21,93,2,116,0,5,448,0,453,0,26,541,2,569,218,0,218,787
08/05/2007,CRQ,CA,AWP,WE,Towers with Radar,0,29,116,0,145,0,16,454,0,470,0,45,570,0,615,182,0,182,797
08/06/2007,CRQ,CA,AWP,WE,Towers with Radar,0,34,106,0,140,0,8,289,0,297,0,42,395,0,437,118,0,118,555
08/07/2007,CRQ,CA,AWP,WE,Towers with Radar,0,30,82,0,112,0,11,273,0,284,0,41,355,0,396,118,0,118,514
08/08/2007,CRQ,CA,AWP,WE,Towers with Radar,0,25,101,1,127,0,11,345,3,359,0,36,446,4,486,270,0,270,756
08/09/2007,CRQ,CA,AWP,WE,Towers with Radar,0,31,159,0,190,0,15,357,0,372,0,46,516,0,562,152,0,152,714
08/10/2007,CRQ,CA,AWP,WE,Towers with Radar,0,32,134,2,168,0,21,312,2,335,0,53,446,4,503,230,0,230,733
08/11/2007,CRQ,CA,AWP,WE,Towers with Radar,0,24,138,0,162,0,19,283,0,302,0,43,421,0,464,198,0,198,662
08/12/2007,CRQ,CA,AWP,WE,Towers with Radar,0,40,136,1,177,0,1,364,1,366,0,41,500,2,543,126,0,126,669
08/13/2007,CRQ,CA,AWP,WE,Towers with Radar,0,31,94,0,125,0,11,286,0,297,0,42,380,0,422,218,0,218,640
08/14/2007,CRQ,CA,AWP,WE,Towers with Radar,0,26,84,0,110,0,15,218,0,233,0,41,302,0,343,136,0,136,479
08/15/2007,CRQ,CA,AWP,WE,Towers with Radar,0,43,129,2,174,0,25,253,0,278,0,68,382,2,452,246,0,246,698
08/16/2007,CRQ,CA,AWP,WE,Towers with Radar,0,29,108,2,139,0,25,461,5,491,0,54,569,7,630,390,0,390,1020
08/17/2007,CRQ,CA,AWP,WE,Towers with Radar,0,40,144,1,185,0,11,424,0,435,0,51,568,1,620,286,0,286,906
08/18/2007,CRQ,CA,AWP,WE,Towers with Radar,0,25,106,6,137,0,11,345,8,364,0,36,451,14,501,172,0,172,673
08/19/2007,CRQ,CA,AWP,WE,Towers with Radar,0,38,134,0,172,0,38,343,0,381,0,76,477,0,553,278,0,278,831
08/20/2007,CRQ,CA,AWP,WE,Towers with Radar,0,37,100,0,137,0,5,260,2,267,0,42,360,2,404,182,0,182,586
08/21/2007,CRQ,CA,AWP,WE,Towers with Radar,0,37,118,0,155,0,8,237,2,247,0,45,355,2,402,192,0,192,594
08/22/2007,CRQ,CA,AWP,WE,Towers with Radar,0,24,140,0,164,0,27,369,0,396,0,51,509,0,560,214,0,214,774
08/23/2007,CRQ,CA,AWP,WE,Towers with Radar,0,40,141,2,183,0,23,242,0,265,0,63,383,2,448,240,2,242,690
08/24/2007,CRQ,CA,AWP,WE,Towers with Radar,0,31,123,0,154,0,25,244,2,271,0,56,367,2,425,54,0,54,479
08/25/2007,CRQ,CA,AWP,WE,Towers with Radar,0,29,113,0,142,0,33,294,0,327,0,62,407,0,469,182,0,182,651
08/26/2007,CRQ,CA,AWP,WE,Towers with Radar,0,33,104,0,137,0,16,202,2,220,0,49,306,2,357,242,0,242,599
08/27/2007,CRQ,CA,AWP,WE,Towers with Radar,0,46,80,0,126,0,5,241,6,252,0,51,321,6,378,158,0,158,536
08/28/2007,CRQ,CA,AWP,WE,Towers with Radar,0,25,127,3,155,0,13,260,3,276,0,38,387,6,431,146,0,146,577
08/29/2007,CRQ,CA,AWP,WE,Towers with Radar,0,44,135,0,179,0,30,427,2,459,0,74,562,2,638,304,2,306,944
08/30/2007,CRQ,CA,AWP,WE,Towers with Radar,0,41,117,0,158,0,3,433,4,440,0,44,550,4,598,272,4,276,874
08/31/2007,CRQ,CA,AWP,WE,Towers with Radar,0,47,136,0,183,0,27,388,0,415,0,74,524,0,598,340,0,340,938
09/01/2007,CRQ,CA,AWP,WE,Towers with Radar,0,27,82,0,109,0,19,299,0,318,0,46,381,0,427,282,0,282,709
09/02/2007,CRQ,CA,AWP,WE,Towers with Radar,0,31,96,0,127,0,19,357,0,376,0,50,453,0,503,249,0,249,752
09/03/2007,CRQ,CA,AWP,WE,Towers with Radar,0,31,77,0,108,0,34,271,2,307,0,65,348,2,415,138,0,138,553
09/04/2007,CRQ,CA,AWP,WE,Towers with Radar,0,26,84,0,110,0,19,179,0,198,0,45,263,0,308,84,0,84,392
09/05/2007,CRQ,CA,AWP,WE,Towers with Radar,0,20,111,0,131,0,20,286,8,314,0,40,397,8,445,174,6,180,625
09/06/2007,CRQ,CA,AWP,WE,Towers with Radar,0,26,140,1,167,0,20,280,1,301,0,46,420,2,468,182,0,182,650
09/07/2007,CRQ,CA,AWP,WE,Towers with Radar,0,31,133,0,164,0,10,219,4,233,0,41,352,4,397,148,0,148,545
09/08/2007,CRQ,CA,AWP,WE,Towers with Radar,0,18,95,1,114,0,31,419,0,450,0,49,514,1,564,186,0,186,750
09/09/2007,CRQ,CA,AWP,WE,Towers with Radar,0,35,85,0,120,0,27,384,0,411,0,62,469,0,531,216,0,216,747
09/10/2007,CRQ,CA,AWP,WE,Towers with Radar,0,27,95,0,122,0,12,193,2,207,0,39,288,2,329,132,0,132,461
09/11/2007,CRQ,CA,AWP,WE,Towers with Radar,0,26,92,0,118,0,21,223,2,246,0,47,315,2,364,90,0,90,454
09/12/2007,CRQ,CA,AWP,WE,Towers with Radar,0,26,116,0,142,0,24,213,0,237,0,50,329,0,379,178,0,178,557
09/13/2007,CRQ,CA,AWP,WE,Towers with Radar,0,40,116,0,156,0,23,363,8,394,0,63,479,8,550,242,8,250,800
09/14/2007,CRQ,CA,AWP,WE,Towers with Radar,0,39,114,0,153,0,8,324,1,333,0,47,438,1,486,146,0,146,632
09/15/2007,CRQ,CA,AWP,WE,Towers with Radar,0,20,107,0,127,0,30,376,7,413,0,50,483,7,540,190,2,192,732
09/16/2007,CRQ,CA,AWP,WE,Towers with Radar,0,26,128,1,155,0,15,288,2,305,0,41,416,3,460,140,0,140,600
09/17/2007,CRQ,CA,AWP,WE,Towers with Radar,0,31,93,0,124,0,18,217,0,235,0,49,310,0,359,94,0,94,453
09/18/2007,CRQ,CA,AWP,WE,Towers with Radar,0,33,101,0,134,0,15,197,2,214,0,48,298,2,348,124,0,124,472
09/19/2007,CRQ,CA,AWP,WE,Towers with Radar,0,28,160,0,188,0,18,193,0,211,0,46,353,0,399,182,0,182,581
09/20/2007,CRQ,CA,AWP,WE,Towers with Radar,0,25,154,1,180,0,14,240,1,255,0,39,394,2,435,214,0,214,649
09/21/2007,CRQ,CA,AWP,WE,Towers with Radar,0,30,113,1,144,0,23,236,1,260,0,53,349,2,404,158,0,158,562
09/22/2007,CRQ,CA,AWP,WE,Towers with Radar,0,16,58,0,74,0,4,62,0,66,0,20,120,0,140,86,0,86,226
09/23/2007,CRQ,CA,AWP,WE,Towers with Radar,0,25,95,0,120,0,7,228,0,235,0,32,323,0,355,162,0,162,517
09/24/2007,CRQ,CA,AWP,WE,Towers with Radar,0,25,78,0,103,0,13,195,0,208,0,38,273,0,311,136,0,136,447
09/25/2007,CRQ,CA,AWP,WE,Towers with Radar,0,23,118,0,141,0,14,195,1,210,0,37,313,1,351,104,0,104,455
09/26/2007,CRQ,CA,AWP,WE,Towers with Radar,0,21,109,0,130,0,16,269,2,287,0,37,378,2,417,224,0,224,641
09/27/2007,CRQ,CA,AWP,WE,Towers with Radar,0,30,109,0,139,0,14,274,10,298,0,44,383,10,437,174,8,182,619
09/28/2007,CRQ,CA,AWP,WE,Towers with Radar,0,34,140,1,175,0,15,233,0,248,0,49,373,1,423,160,0,160,583
09/29/2007,CRQ,CA,AWP,WE,Towers with Radar,0,18,111,2,131,0,23,269,1,293,0,41,380,3,424,208,0,208,632
09/30/2007,CRQ,CA,AWP,WE,Towers with Radar,0,33,112,1,146,0,44,283,1,328,0,77,395,2,474,248,0,248,722
10/01/2007,CRQ,CA,AWP,WE,Towers with Radar,0,24,64,0,88,0,10,174,0,184,0,34,238,0,272,174,0,174,446
10/02/2007,CRQ,CA,AWP,WE,Towers with Radar,0,30,85,0,115,0,19,246,2,267,0,49,331,2,382,160,0,160,542
10/03/2007,CRQ,CA,AWP,WE,Towers with Radar,0,24,102,0,126,0,25,318,6,349,0,49,420,6,475,322,6,328,803
10/04/2007,CRQ,CA,AWP,WE,Towers with Radar,0,32,120,0,152,0,11,231,4,246,0,43,351,4,398,160,4,164,562
10/05/2007,CRQ,CA,AWP,WE,Towers with Radar,0,29,114,2,145,0,34,211,0,245,0,63,325,2,390,144,0,144,534
10/06/2007,CRQ,CA,AWP,WE,Towers with Radar,0,12,109,4,125,0,36,350,0,386,0,48,459,4,511,206,0,206,717
10/07/2007,CRQ,CA,AWP,WE,Towers with Radar,0,35,141,0,176,0,25,290,4,319,0,60,431,4,495,190,0,190,685
10/08/2007,CRQ,CA,AWP,WE,Towers with Radar,0,33,85,0,118,0,34,250,2,286,0,67,335,2,404,146,0,146,550
10/09/2007,CRQ,CA,AWP,WE,Towers with Radar,0,32,82,0,114,0,12,220,2,234,0,44,302,2,348,170,0,170,518
10/10/2007,CRQ,CA,AWP,WE,Towers with Radar,0,25,91,2,118,0,28,310,4,342,0,53,401,6,460,198,4,202,662
10/11/2007,CRQ,CA,AWP,WE,Towers with Radar,0,47,31,1,79,0,53,0,0,53,0,100,31,1,132,218,6,224,356
10/12/2007,CRQ,CA,AWP,WE,Towers with Radar,0,41,120,0,161,0,8,163,2,173,0,49,283,2,334,147,0,147,481
10/13/2007,CRQ,CA,AWP,WE,Towers with Radar,0,25,78,3,106,0,29,158,3,190,0,54,236,6,296,186,4,190,486
10/14/2007,CRQ,CA,AWP,WE,Towers with Radar,0,30,146,2,178,0,34,159,8,201,0,64,305,10,379,152,2,154,533
10/15/2007,CRQ,CA,AWP,WE,Towers with Radar,0,33,146,0,179,0,7,59,4,70,0,40,205,4,249,32,0,32,281
10/16/2007,CRQ,CA,AWP,WE,Towers with Radar,0,23,110,0,133,0,23,238,2,263,0,46,348,2,396,192,0,192,588
10/17/2007,CRQ,CA,AWP,WE,Towers with Radar,0,38,125,0,163,0,9,129,0,138,0,47,254,0,301,200,0,200,501
10/18/2007,CRQ,CA,AWP,WE,Towers with Radar,0,18,108,0,126,0,20,232,0,252,0,38,340,0,378,224,0,224,602
10/19/2007,CRQ,CA,AWP,WE,Towers with Radar,0,35,126,0,161,0,28,312,2,342,0,63,438,2,503,240,2,242,745
10/20/2007,CRQ,CA,AWP,WE,Towers with Radar,0,28,112,2,142,0,28,256,2,286,0,56,368,4,428,122,0,122,550
10/21/2007,CRQ,CA,AWP,WE,Towers with Radar,0,31,97,0,128,0,21,168,0,189,0,52,265,0,317,106,0,106,423
10/22/2007,CRQ,CA,AWP,WE,Towers with Radar,0,27,72,0,99,0,11,46,0,57,0,38,118,0,156,8,0,8,164
10/23/2007,CRQ,CA,AWP,WE,Towers with Radar,0,23,45,0,68,0,19,40,8,67,0,42,85,8,135,54,0,54,189
10/24/2007,CRQ,CA,AWP,WE,Towers with Radar,0,18,60,0,78,0,25,94,23,142,0,43,154,23,220,78,20,98,318
10/25/2007,CRQ,CA,AWP,WE,Towers with Radar,0,14,60,1,75,0,20,84,23,127,0,34,144,24,202,84,0,84,286
10/26/2007,CRQ,CA,AWP,WE,Towers with Radar,0,26,97,0,123,0,28,84,38,150,0,54,181,38,273,116,0,116,389
10/27/2007,CRQ,CA,AWP,WE,Towers with Radar,0,20,83,0,103,0,13,184,26,223,0,33,267,26,326,266,18,284,610
10/28/2007,CRQ,CA,AWP,WE,Towers with Radar,0,22,96,0,118,0,13,124,25,162,0,35,220,25,280,168,0,168,448
10/29/2007,CRQ,CA,AWP,WE,Towers with Radar,0,18,86,1,105,0,8,216,11,235,0,26,302,12,340,228,0,228,568
10/30/2007,CRQ,CA,AWP,WE,Towers with Radar,0,34,124,0,158,0,5,193,5,203,0,39,317,5,361,174,0,174,535
10/31/2007,CRQ,CA,AWP,WE,Towers with Radar,0,24,140,0,164,0,27,255,2,284,0,51,395,2,448,216,2,218,666
11/01/2007,CRQ,CA,AWP,WE,Towers with Radar,0,26,206,0,232,0,17,74,0,91,0,43,280,0,323,10,0,10,333
11/02/2007,CRQ,CA,AWP,WE,Towers with Radar,0,25,150,0,175,0,6,135,0,141,0,31,285,0,316,82,0,82,398
11/03/2007,CRQ,CA,AWP,WE,Towers with Radar,0,19,114,0,133,0,3,228,0,231,0,22,342,0,364,110,0,110,474
11/04/2007,CRQ,CA,AWP,WE,Towers with Radar,0,31,149,1,181,0,29,188,7,224,0,60,337,8,405,62,0,62,467
11/05/2007,CRQ,CA,AWP,WE,Towers with Radar,0,27,109,1,137,0,17,84,0,101,0,44,193,1,238,89,0,89,327
11/06/2007,CRQ,CA,AWP,WE,Towers with Radar,0,22,165,0,187,0,2,78,2,82,0,24,243,2,269,4,0,4,273
11/07/2007,CRQ,CA,AWP,WE,Towers with Radar,0,20,138,0,158,0,4,58,0,62,0,24,196,0,220,38,0,38,258
11/08/2007,CRQ,CA,AWP,WE,Towers with Radar,0,22,181,4,207,0,14,68,4,86,0,36,249,8,293,90,0,90,383
11/09/2007,CRQ,CA,AWP,WE,Towers with Radar,0,27,153,0,180,0,13,169,0,182,0,40,322,0,362,250,0,250,612
11/10/2007,CRQ,CA,AWP,WE,Towers with Radar,0,16,126,0,142,0,18,281,0,299,0,34,407,0,441,192,0,192,633
11/11/2007,CRQ,CA,AWP,WE,Towers with Radar,0,28,128,0,156,0,0,188,0,188,0,28,316,0,344,200,0,200,544
11/12/2007,CRQ,CA,AWP,WE,Towers with Radar,0,23,108,0,131,0,15,251,0,266,0,38,359,0,397,194,0,194,591
11/13/2007,CRQ,CA,AWP,WE,Towers with Radar,0,25,98,0,123,0,25,250,4,279,0,50,348,4,402,136,0,136,538
11/14/2007,CRQ,CA,AWP,WE,Towers with Radar,0,22,116,1,139,0,17,315,1,333,0,39,431,2,472,225,0,225,697
11/15/2007,CRQ,CA,AWP,WE,Towers with Radar,0,26,134,0,160,0,33,334,4,371,0,59,468,4,531,198,2,200,731
11/16/2007,CRQ,CA,AWP,WE,Towers with Radar,0,30,146,0,176,0,8,154,2,164,0,38,300,2,340,130,2,132,472
11/17/2007,CRQ,CA,AWP,WE,Towers with Radar,0,20,122,0,142,0,26,240,5,271,0,46,362,5,413,88,0,88,501
11/18/2007,CRQ,CA,AWP,WE,Towers with Radar,0,33,159,0,192,0,17,107,0,124,0,50,266,0,316,76,0,76,392
11/19/2007,CRQ,CA,AWP,WE,Towers with Radar,0,29,135,0,164,0,0,81,0,81,0,29,216,0,245,18,0,18,263
11/20/2007,CRQ,CA,AWP,WE,Towers with Radar,0,30,155,0,185,0,15,73,4,92,0,45,228,4,277,100,0,100,377
11/21/2007,CRQ,CA,AWP,WE,Towers with Radar,0,45,179,0,224,0,27,381,0,408,0,72,560,0,632,352,0,352,984
11/22/2007,CRQ,CA,AWP,WE,Towers with Radar,0,9,58,0,67,0,10,119,0,129,0,19,177,0,196,70,0,70,266
11/23/2007,CRQ,CA,AWP,WE,Towers with Radar,0,14,104,0,118,0,22,274,0,296,0,36,378,0,414,196,0,196,610
11/24/2007,CRQ,CA,AWP,WE,Towers with Radar,0,29,85,0,114,0,24,275,0,299,0,53,360,0,413,232,0,232,645
11/25/2007,CRQ,CA,AWP,WE,Towers with Radar,0,36,135,0,171,0,25,275,0,300,0,61,410,0,471,114,0,114,585
11/26/2007,CRQ,CA,AWP,WE,Towers with Radar,0,19,102,0,121,0,13,184,2,199,0,32,286,2,320,196,0,196,516
11/27/2007,CRQ,CA,AWP,WE,Towers with Radar,0,26,85,2,113,0,27,241,4,272,0,53,326,6,385,140,0,140,525
11/28/2007,CRQ,CA,AWP,WE,Towers with Radar,0,28,94,4,126,0,19,251,0,270,0,47,345,4,396,228,4,232,628
11/29/2007,CRQ,CA,AWP,WE,Towers with Radar,0,28,120,0,148,0,19,337,6,362,0,47,457,6,510,208,6,214,724
11/30/2007,CRQ,CA,AWP,WE,Towers with Radar,0,25,89,1,115,0,12,2,0,14,0,37,91,1,129,0,0,0,129
12/01/2007,CRQ,CA,AWP,WE,Towers with Radar,0,11,84,5,100,0,16,215,3,234,0,27,299,8,334,340,8,348,682
12/02/2007,CRQ,CA,AWP,WE,Towers with Radar,0,20,95,1,116,0,19,298,1,318,0,39,393,2,434,168,0,168,602
12/03/2007,CRQ,CA,AWP,WE,Towers with Radar,0,23,99,0,122,0,16,221,2,239,0,39,320,2,361,104,0,104,465
12/04/2007,CRQ,CA,AWP,WE,Towers with Radar,0,23,111,0,134,0,19,293,2,314,0,42,404,2,448,114,0,114,562
12/05/2007,CRQ,CA,AWP,WE,Towers with Radar,0,21,90,0,111,0,19,325,2,346,0,40,415,2,457,214,2,216,673
12/06/2007,CRQ,CA,AWP,WE,Towers with Radar,0,27,107,0,134,0,20,155,2,177,0,47,262,2,311,162,0,162,473
12/07/2007,CRQ,CA,AWP,WE,Towers with Radar,0,28,83,0,111,0,10,62,0,72,0,38,145,0,183,28,0,28,211
12/08/2007,CRQ,CA,AWP,WE,Towers with Radar,0,14,79,2,95,0,5,137,0,142,0,19,216,2,237,180,0,180,417
12/09/2007,CRQ,CA,AWP,WE,Towers with Radar,0,26,97,0,123,0,19,336,0,355,0,45,433,0,478,202,0,202,680
12/10/2007,CRQ,CA,AWP,WE,Towers with Radar,0,28,118,0,146,0,21,199,5,225,0,49,317,5,371,218,0,218,589
12/11/2007,CRQ,CA,AWP,WE,Towers with Radar,0,21,93,0,114,0,30,141,3,174,0,51,234,3,288,114,6,120,408
12/12/2007,CRQ,CA,AWP,WE,Towers with Radar,0,34,121,0,155,0,25,312,0,337,0,59,433,0,492,288,0,288,780
12/13/2007,CRQ,CA,AWP,WE,Towers with Radar,0,31,114,4,149,0,27,333,2,362,0,58,447,6,511,220,6,226,737
12/14/2007,CRQ,CA,AWP,WE,Towers with Radar,0,25,119,0,144,0,19,258,2,279,0,44,377,2,423,154,0,154,577
12/15/2007,CRQ,CA,AWP,WE,Towers with Radar,0,19,100,0,119,0,19,344,0,363,0,38,444,0,482,194,0,194,676
12/16/2007,CRQ,CA,AWP,WE,Towers with Radar,0,22,83,0,105,0,0,291,0,291,0,22,374,0,396,128,0,128,524
12/17/2007,CRQ,CA,AWP,WE,Towers with Radar,0,25,90,0,115,0,15,190,4,209,0,40,280,4,324,94,0,94,418
12/18/2007,CRQ,CA,AWP,WE,Towers with Radar,0,22,96,0,118,0,14,118,2,134,0,36,214,2,252,132,0,132,384
12/19/2007,CRQ,CA,AWP,WE,Towers with Radar,0,22,103,2,127,0,21,101,8,130,0,43,204,10,257,96,10,106,363
12/20/2007,CRQ,CA,AWP,WE,Towers with Radar,0,32,97,0,129,0,11,150,0,161,0,43,247,0,290,138,0,138,428
12/21/2007,CRQ,CA,AWP,WE,Towers with Radar,0,36,123,0,159,0,17,319,2,338,0,53,442,2,497,176,0,176,673
12/22/2007,CRQ,CA,AWP,WE,Towers with Radar,0,18,146,0,164,0,42,307,0,349,0,60,453,0,513,204,0,204,717
12/23/2007,CRQ,CA,AWP,WE,Towers with Radar,0,19,65,0,84,0,18,267,0,285,0,37,332,0,369,147,0,147,516
12/24/2007,CRQ,CA,AWP,WE,Towers with Radar,0,12,48,0,60,0,15,199,0,214,0,27,247,0,274,92,0,92,366
12/25/2007,CRQ,CA,AWP,WE,Towers with Radar,0,19,17,0,36,0,7,37,0,44,0,26,54,0,80,14,0,14,94
12/26/2007,CRQ,CA,AWP,WE,Towers with Radar,0,40,110,0,150,0,32,351,0,383,0,72,461,0,533,176,0,176,709
12/27/2007,CRQ,CA,AWP,WE,Towers with Radar,0,35,100,0,135,0,29,252,0,281,0,64,352,0,416,308,0,308,724
12/28/2007,CRQ,CA,AWP,WE,Towers with Radar,0,35,101,0,136,0,18,300,8,326,0,53,401,8,462,192,8,200,662
12/29/2007,CRQ,CA,AWP,WE,Towers with Radar,0,17,112,0,129,0,7,123,0,130,0,24,235,0,259,162,0,162,421
12/30/2007,CRQ,CA,AWP,WE,Towers with Radar,0,28,76,0,104,0,13,169,0,182,0,41,245,0,286,124,0,124,410
12/31/2007,CRQ,CA,AWP,WE,Towers with Radar,0,15,68,0,83,0,14,205,0,219,0,29,273,0,302,116,0,116,418
01/01/2008,CRQ,CA,AWP,WE,Towers with Radar,0,19,59,0,78,0,14,73,0,87,0,33,132,0,165,130,0,130,295
01/02/2008,CRQ,CA,AWP,WE,Towers with Radar,0,22,107,0,129,0,18,268,0,286,0,40,375,0,415,188,0,188,603
01/03/2008,CRQ,CA,AWP,WE,Towers with Radar,0,21,114,1,136,0,14,170,0,184,0,35,284,1,320,158,0,158,478
01/04/2008,CRQ,CA,AWP,WE,Towers with Radar,0,20,84,1,105,0,7,133,3,143,0,27,217,4,248,116,2,118,366
01/05/2008,CRQ,CA,AWP,WE,Towers with Radar,0,12,52,0,64,0,3,11,0,14,0,15,63,0,78,0,0,0,78
01/06/2008,CRQ,CA,AWP,WE,Towers with Radar,0,23,62,0,85,0,3,7,0,10,0,26,69,0,95,10,0,10,105
01/07/2008,CRQ,CA,AWP,WE,Towers with Radar,0,26,75,0,101,0,7,117,0,124,0,33,192,0,225,54,0,54,279
01/08/2008,CRQ,CA,AWP,WE,Towers with Radar,0,27,93,0,120,0,34,224,2,260,0,61,317,2,380,136,0,136,516
01/09/2008,CRQ,CA,AWP,WE,Towers with Radar,0,19,119,0,138,0,16,259,2,277,0,35,378,2,415,274,2,276,691
01/10/2008,CRQ,CA,AWP,WE,Towers with Radar,0,31,85,2,118,0,0,230,0,230,0,31,315,2,348,196,0,196,544
01/11/2008,CRQ,CA,AWP,WE,Towers with Radar,0,26,77,0,103,0,34,289,6,329,0,60,366,6,432,264,0,264,696
01/12/2008,CRQ,CA,AWP,WE,Towers with Radar,0,14,87,0,101,0,23,346,4,373,0,37,433,4,474,142,2,144,618
01/13/2008,CRQ,CA,AWP,WE,Towers with Radar,0,33,74,0,107,0,15,356,0,371,0,48,430,0,478,198,0,198,676
01/14/2008,CRQ,CA,AWP,WE,Towers with Radar,0,27,81,0,108,0,14,238,0,252,0,41,319,0,360,270,0,270,630
01/15/2008,CRQ,CA,AWP,WE,Towers with Radar,0,23,107,0,130,0,13,221,4,238,0,36,328,4,368,214,2,216,584
01/16/2008,CRQ,CA,AWP,WE,Towers with Radar,0,20,106,0,126,0,2,177,0,179,0,22,283,0,305,148,0,148,453
01/17/2008,CRQ,CA,AWP,WE,Towers with Radar,0,0,120,0,120,0,33,213,2,248,0,33,333,2,368,0,0,0,368
01/18/2008,CRQ,CA,AWP,WE,Towers with Radar,0,37,140,1,178,0,17,327,3,347,0,54,467,4,525,278,0,278,803
01/19/2008,CRQ,CA,AWP,WE,Towers with Radar,0,12,108,0,120,0,15,330,0,345,0,27,438,0,465,282,0,282,747
01/20/2008,CRQ,CA,AWP,WE,Towers with Radar,0,22,77,0,99,0,13,221,0,234,0,35,298,0,333,92,0,92,425
01/21/2008,CRQ,CA,AWP,WE,Towers with Radar,0,31,101,1,133,0,7,82,1,90,0,38,183,2,223,146,0,146,369
01/22/2008,CRQ,CA,AWP,WE,Towers with Radar,0,32,107,1,140,0,10,178,5,193,0,42,285,6,333,212,2,214,547
01/23/2008,CRQ,CA,AWP,WE,Towers with Radar,0,44,35,3,82,0,0,232,1,233,0,44,267,4,315,120,0,120,435
01/24/2008,CRQ,CA,AWP,WE,Towers with Radar,0,23,95,5,123,0,10,128,11,149,0,33,223,16,272,62,0,62,334
01/25/2008,CRQ,CA,AWP,WE,Towers with Radar,0,27,101,0,128,0,11,220,2,233,0,38,321,2,361,96,2,98,459
01/26/2008,CRQ,CA,AWP,WE,Towers with Radar,0,25,78,1,104,0,13,217,5,235,0,38,295,6,339,184,6,190,529
01/27/2008,CRQ,CA,AWP,WE,Towers with Radar,0,19,56,2,77,0,12,63,2,77,0,31,119,4,154,20,4,24,178
01/28/2008,CRQ,CA,AWP,WE,Towers with Radar,0,24,67,0,91,0,6,45,6,57,0,30,112,6,148,56,0,56,204
01/29/2008,CRQ,CA,AWP,WE,Towers with Radar,0,30,107,0,137,0,10,202,2,214,0,40,309,2,351,206,0,206,557
01/30/2008,CRQ,CA,AWP,WE,Towers with Radar,0,15,133,0,148,0,9,163,0,172,0,24,296,0,320,238,0,238,558
01/31/2008,CRQ,CA,AWP,WE,Towers with Radar,0,27,104,2,133,0,6,267,4,277,0,33,371,6,410,176,0,176,586
02/01/2008,CRQ,CA,AWP,WE,Towers with Radar,0,18,130,0,148,0,9,223,0,232,0,27,353,0,380,232,0,232,612
02/02/2008,CRQ,CA,AWP,WE,Towers with Radar,0,20,114,2,136,0,14,228,0,242,0,34,342,2,378,284,0,284,662
02/03/2008,CRQ,CA,AWP,WE,Towers with Radar,0,16,39,0,55,0,12,21,0,33,0,28,60,0,88,0,0,0,88
02/04/2008,CRQ,CA,AWP,WE,Towers with Radar,0,25,114,0,139,0,19,220,6,245,0,44,334,6,384,210,0,210,594
02/05/2008,CRQ,CA,AWP,WE,Towers with Radar,0,29,120,0,149,0,14,234,0,248,0,43,354,0,397,132,0,132,529
02/06/2008,CRQ,CA,AWP,WE,Towers with Radar,0,29,108,2,139,0,14,199,0,213,0,43,307,2,352,162,4,166,518
02/07/2008,CRQ,CA,AWP,WE,Towers with Radar,0,40,120,0,160,0,21,298,6,325,0,61,418,6,485,208,0,208,693
02/08/2008,CRQ,CA,AWP,WE,Towers with Radar,0,25,99,0,124,0,23,380,0,403,0,48,479,0,527,294,0,294,821
02/09/2008,CRQ,CA,AWP,WE,Towers with Radar,0,21,104,0,125,0,32,345,0,377,0,53,449,0,502,312,0,312,814
02/10/2008,CRQ,CA,AWP,WE,Towers with Radar,0,24,106,0,130,0,24,278,0,302,0,48,384,0,432,168,0,168,600
02/11/2008,CRQ,CA,AWP,WE,Towers with Radar,0,22,86,0,108,0,25,223,2,250,0,47,309,2,358,210,0,210,568
02/12/2008,CRQ,CA,AWP,WE,Towers with Radar,0,27,107,0,134,0,25,260,4,289,0,52,367,4,423,234,2,236,659
02/13/2008,CRQ,CA,AWP,WE,Towers with Radar,0,20,147,1,168,0,12,71,1,84,0,32,218,2,252,6,0,6,258
02/14/2008,CRQ,CA,AWP,WE,Towers with Radar,0,29,80,2,111,0,7,69,2,78,0,36,149,4,189,30,0,30,219
02/15/2008,CRQ,CA,AWP,WE,Towers with Radar,0,27,107,0,134,0,25,318,4,347,0,52,425,4,481,330,0,330,811
02/16/2008,CRQ,CA,AWP,WE,Towers with Radar,0,12,69,0,81,0,17,358,0,375,0,29,427,0,456,200,0,200,656
02/17/2008,CRQ,CA,AWP,WE,Towers with Radar,0,25,91,0,116,0,12,235,0,247,0,37,326,0,363,176,0,176,539
02/18/2008,CRQ,CA,AWP,WE,Towers with Radar,0,33,154,0,187,0,16,131,2,149,0,49,285,2,336,156,0,156,492
02/19/2008,CRQ,CA,AWP,WE,Towers with Radar,0,32,118,4,154,0,20,176,2,198,0,52,294,6,352,144,0,144,496
02/20/2008,CRQ,CA,AWP,WE,Towers with Radar,0,29,78,4,111,0,2,42,2,46,0,31,120,6,157,0,0,0,157
02/21/2008,CRQ,CA,AWP,WE,Towers with Radar,0,34,135,0,169,0,15,190,2,207,0,49,325,2,376,200,0,200,576
02/22/2008,CRQ,CA,AWP,WE,Towers with Radar,0,29,99,1,129,0,10,38,0,48,0,39,137,1,177,6,0,6,183
02/23/2008,CRQ,CA,AWP,WE,Towers with Radar,0,24,82,0,106,0,22,356,2,380,0,46,438,2,486,280,6,286,772
02/24/2008,CRQ,CA,AWP,WE,Towers with Radar,0,33,84,0,117,0,19,102,0,121,0,52,186,0,238,56,0,56,294
02/25/2008,CRQ,CA,AWP,WE,Towers with Radar,0,24,145,0,169,0,14,209,0,223,0,38,354,0,392,152,0,152,544
02/26/2008,CRQ,CA,AWP,WE,Towers with Radar,0,23,129,3,155,0,16,224,1,241,0,39,353,4,396,107,0,107,503
02/27/2008,CRQ,CA,AWP,WE,Towers with Radar,0,15,123,1,139,0,17,362,5,384,0,32,485,6,523,161,0,161,684
02/28/2008,CRQ,CA,AWP,WE,Towers with Radar,0,19,153,4,176,0,14,219,7,240,0,33,372,11,416,166,0,166,582
02/29/2008,CRQ,CA,AWP,WE,Towers with Radar,0,42,182,0,224,0,16,170,2,188,0,58,352,2,412,196,0,196,608
03/01/2008,CRQ,CA,AWP,WE,Towers with Radar,0,20,126,0,146,0,5,106,0,111,0,25,232,0,257,120,0,120,377
03/02/2008,CRQ,CA,AWP,WE,Towers with Radar,0,30,113,0,143,0,19,418,4,441,0,49,531,4,584,212,4,216,800
03/03/2008,CRQ,CA,AWP,WE,Towers with Radar,0,22,88,1,111,0,17,197,1,215,0,39,285,2,326,116,0,116,442
03/04/2008,CRQ,CA,AWP,WE,Towers with Radar,0,33,114,0,147,0,9,250,2,261,0,42,364,2,408,96,0,96,504
03/05/2008,CRQ,CA,AWP,WE,Towers with Radar,0,35,119,0,154,0,22,245,4,271,0,57,364,4,425,172,0,172,597
03/06/2008,CRQ,CA,AWP,WE,Towers with Radar,0,22,134,6,162,0,21,255,0,276,0,43,389,6,438,212,0,212,650
03/07/2008,CRQ,CA,AWP,WE,Towers with Radar,0,35,120,5,160,0,17,396,2,415,0,52,516,7,575,168,2,170,745
03/08/2008,CRQ,CA,AWP,WE,Towers with Radar,0,16,94,0,110,0,16,260,10,286,0,32,354,10,396,108,0,108,504
03/09/2008,CRQ,CA,AWP,WE,Towers with Radar,0,29,94,0,123,0,23,342,0,365,0,52,436,0,488,160,0,160,648
03/10/2008,CRQ,CA,AWP,WE,Towers with Radar,0,29,77,0,106,0,21,241,3,265,0,50,318,3,371,170,6,176,547
03/11/2008,CRQ,CA,AWP,WE,Towers with Radar,0,46,42,0,88,0,0,266,1,267,0,46,308,1,355,220,0,220,575
03/12/2008,CRQ,CA,AWP,WE,Towers with Radar,0,21,111,0,132,0,8,289,3,300,0,29,400,3,432,226,0,226,658
03/13/2008,CRQ,CA,AWP,WE,Towers with Radar,0,28,131,6,165,0,3,278,0,281,0,31,409,6,446,132,0,132,578
03/14/2008,CRQ,CA,AWP,WE,Towers with Radar,0,31,134,0,165,0,21,189,6,216,0,52,323,6,381,186,0,186,567
03/15/2008,CRQ,CA,AWP,WE,Towers with Radar,0,19,90,0,109,0,20,141,6,167,0,39,231,6,276,66,0,66,342
03/16/2008,CRQ,CA,AWP,WE,Towers with Radar,0,26,57,4,87,0,12,187,2,201,0,38,244,6,288,134,2,136,424
03/17/2008,CRQ,CA,AWP,WE,Towers with Radar,0,27,100,0,127,0,18,239,8,265,0,45,339,8,392,200,4,204,596
03/18/2008,CRQ,CA,AWP,WE,Towers with Radar,0,18,92,1,111,0,26,245,1,272,0,44,337,2,383,138,0,138,521
03/19/2008,CRQ,CA,AWP,WE,Towers with Radar,0,30,109,0,139,0,28,139,0,167,0,58,248,0,306,86,0,86,392
03/20/2008,CRQ,CA,AWP,WE,Towers with Radar,0,22,152,1,175,0,6,260,5,271,0,28,412,6,446,170,2,172,618
03/21/2008,CRQ,CA,AWP,WE,Towers with Radar,0,32,107,0,139,0,22,330,1,353,0,54,437,1,492,246,0,246,738
03/22/2008,CRQ,CA,AWP,WE,Towers with Radar,0,24,104,0,128,0,25,443,0,468,0,49,547,0,596,178,0,178,774
03/23/2008,CRQ,CA,AWP,WE,Towers with Radar,0,26,88,0,114,0,22,275,0,297,0,48,363,0,411,146,0,146,557
03/24/2008,CRQ,CA,AWP,WE,Towers with Radar,0,30,103,1,134,0,20,360,5,385,0,50,463,6,519,228,2,230,749
03/25/2008,CRQ,CA,AWP,WE,Towers with Radar,0,16,95,1,112,0,23,267,13,303,0,39,362,14,415,214,10,224,639
03/26/2008,CRQ,CA,AWP,WE,Towers with Radar,0,22,146,4,172,0,8,293,4,305,0,30,439,8,477,134,0,134,611
03/27/2008,CRQ,CA,AWP,WE,Towers with Radar,0,38,132,2,172,0,15,321,3,339,0,53,453,5,511,152,4,156,667
03/28/2008,CRQ,CA,AWP,WE,Towers with Radar,0,30,169,3,202,0,14,237,3,254,0,44,406,6,456,218,4,222,678
03/29/2008,CRQ,CA,AWP,WE,Towers with Radar,0,29,90,2,121,0,15,224,0,239,0,44,314,2,360,238,0,238,598
03/30/2008,CRQ,CA,AWP,WE,Towers with Radar,0,24,125,2,151,0,21,165,0,186,0,45,290,2,337,114,2,116,453
03/31/2008,CRQ,CA,AWP,WE,Towers with Radar,0,32,104,0,136,0,6,299,4,309,0,38,403,4,445,178,0,178,623
04/01/2008,CRQ,CA,AWP,WE,Towers with Radar,0,21,126,0,147,0,23,184,1,208,0,44,310,1,355,222,0,222,577
04/02/2008,CRQ,CA,AWP,WE,Towers with Radar,0,27,109,0,136,0,20,304,1,325,0,47,413,1,461,190,0,190,651
04/03/2008,CRQ,CA,AWP,WE,Towers with Radar,0,18,134,3,155,0,20,227,3,250,0,38,361,6,405,276,0,276,681
04/04/2008,CRQ,CA,AWP,WE,Towers with Radar,0,35,209,0,244,0,0,115,6,121,0,35,324,6,365,106,8,114,479
04/05/2008,CRQ,CA,AWP,WE,Towers with Radar,0,14,150,0,164,0,38,144,0,182,0,52,294,0,346,200,0,200,546
04/06/2008,CRQ,CA,AWP,WE,Towers with Radar,0,22,121,2,145,0,13,257,0,270,0,35,378,2,415,310,2,312,727
04/07/2008,CRQ,CA,AWP,WE,Towers with Radar,0,17,128,2,147,0,22,254,4,280,0,39,382,6,427,226,4,230,657
04/08/2008,CRQ,CA,AWP,WE,Towers with Radar,0,24,114,1,139,0,18,180,10,208,0,42,294,11,347,194,6,200,547
04/09/2008,CRQ,CA,AWP,WE,Towers with Radar,0,34,94,4,132,0,15,284,0,299,0,49,378,4,431,271,0,271,702
04/10/2008,CRQ,CA,AWP,WE,Towers with Radar,0,25,105,2,132,0,20,338,4,362,0,45,443,6,494,242,0,242,736
04/11/2008,CRQ,CA,AWP,WE,Towers with Radar,0,47,128,0,175,0,11,372,0,383,0,58,500,0,558,256,0,256,814
04/12/2008,CRQ,CA,AWP,WE,Towers with Radar,0,18,80,0,98,0,20,312,0,332,0,38,392,0,430,192,0,192,622
04/13/2008,CRQ,CA,AWP,WE,Towers with Radar,0,21,125,0,146,0,0,442,2,444,0,21,567,2,590,256,2,258,848
04/14/2008,CRQ,CA,AWP,WE,Towers with Radar,0,22,114,0,136,0,28,283,2,313,0,50,397,2,449,264,0,264,713
04/15/2008,CRQ,CA,AWP,WE,Towers with Radar,0,19,96,0,115,0,21,236,0,257,0,40,332,0,372,202,0,202,574
04/16/2008,CRQ,CA,AWP,WE,Towers with Radar,0,21,103,0,124,0,23,317,4,344,0,44,420,4,468,264,0,264,732
04/17/2008,CRQ,CA,AWP,WE,Towers with Radar,0,23,111,3,137,0,11,302,0,313,0,34,413,3,450,168,0,168,618
04/18/2008,CRQ,CA,AWP,WE,Towers with Radar,0,30,115,0,145,0,22,451,0,473,0,52,566,0,618,200,0,200,818
04/19/2008,CRQ,CA,AWP,WE,Towers with Radar,0,16,90,1,107,0,19,216,1,236,0,35,306,2,343,282,2,284,627
04/20/2008,CRQ,CA,AWP,WE,Towers with Radar,0,28,120,0,148,0,19,307,9,335,0,47,427,9,483,292,4,296,779
04/21/2008,CRQ,CA,AWP,WE,Towers with Radar,0,27,94,0,121,0,9,273,4,286,0,36,367,4,407,196,4,200,607
04/22/2008,CRQ,CA,AWP,WE,Towers with Radar,0,25,117,1,143,0,19,345,1,365,0,44,462,2,508,188,0,188,696
04/23/2008,CRQ,CA,AWP,WE,Towers with Radar,0,36,127,0,163,0,6,253,2,261,0,42,380,2,424,144,0,144,568
04/24/2008,CRQ,CA,AWP,WE,Towers with Radar,0,28,129,3,160,0,10,279,8,297,0,38,408,11,457,206,0,206,663
04/25/2008,CRQ,CA,AWP,WE,Towers with Radar,0,38,133,4,175,0,11,347,3,361,0,49,480,7,536,352,0,352,888
04/26/2008,CRQ,CA,AWP,WE,Towers with Radar,0,18,70,0,88,0,39,405,0,444,0,57,475,0,532,264,0,264,796
04/27/2008,CRQ,CA,AWP,WE,Towers with Radar,0,34,95,1,130,0,25,351,0,376,0,59,446,1,506,212,0,212,718
04/28/2008,CRQ,CA,AWP,WE,Towers with Radar,0,0,0,0,0,0,46,463,11,520,0,46,463,11,520,272,10,282,802
04/29/2008,CRQ,CA,AWP,WE,Towers with Radar,0,28,119,1,148,0,16,261,3,280,0,44,380,4,428,138,2,140,568
04/30/2008,CRQ,CA,AWP,WE,Towers with Radar,0,22,118,0,140,0,18,174,2,194,0,40,292,2,334,162,2,164,498
05/01/2008,CRQ,CA,AWP,WE,Towers with Radar,0,25,138,4,167,0,29,358,7,394,0,54,496,11,561,332,0,332,893
05/02/2008,CRQ,CA,AWP,WE,Towers with Radar,0,35,122,2,159,0,7,324,4,335,0,42,446,6,494,252,0,252,746
05/03/2008,CRQ,CA,AWP,WE,Towers with Radar,0,22,92,0,114,0,17,360,0,377,0,39,452,0,491,284,0,284,775
05/04/2008,CRQ,CA,AWP,WE,Towers with Radar,0,26,106,0,132,0,8,178,0,186,0,34,284,0,318,88,0,88,406
05/05/2008,CRQ,CA,AWP,WE,Towers with Radar,0,18,109,0,127,0,10,162,4,176,0,28,271,4,303,175,0,175,478
05/06/2008,CRQ,CA,AWP,WE,Towers with Radar,0,23,132,1,156,0,6,82,3,91,0,29,214,4,247,120,2,122,369
05/07/2008,CRQ,CA,AWP,WE,Towers with Radar,0,29,146,0,175,0,8,139,3,150,0,37,285,3,325,228,14,242,567
05/08/2008,CRQ,CA,AWP,WE,Towers with Radar,0,34,162,1,197,0,2,209,3,214,0,36,371,4,411,220,0,220,631
05/09/2008,CRQ,CA,AWP,WE,Towers with Radar,0,21,168,1,190,0,11,213,10,234,0,32,381,11,424,220,4,224,648
05/10/2008,CRQ,CA,AWP,WE,Towers with Radar,0,14,86,0,100,0,10,296,0,306,0,24,382,0,406,230,0,230,636
05/11/2008,CRQ,CA,AWP,WE,Towers with Radar,0,27,102,0,129,0,19,184,0,203,0,46,286,0,332,254,0,254,586
05/12/2008,CRQ,CA,AWP,WE,Towers with Radar,0,18,190,0,208,0,20,130,4,154,0,38,320,4,362,142,4,146,508
05/13/2008,CRQ,CA,AWP,WE,Towers with Radar,0,20,91,0,111,0,26,285,6,317,0,46,376,6,428,210,4,214,642
05/14/2008,CRQ,CA,AWP,WE,Towers with Radar,0,47,17,0,64,0,0,370,21,391,0,47,387,21,455,306,18,324,779
05/15/2008,CRQ,CA,AWP,WE,Towers with Radar,0,14,125,2,141,0,31,360,2,393,0,45,485,4,534,323,2,325,859
05/16/2008,CRQ,CA,AWP,WE,Towers with Radar,0,21,120,3,144,0,26,436,16,478,0,47,556,19,622,338,8,346,968
05/17/2008,CRQ,CA,AWP,WE,Towers with Radar,0,11,95,0,106,0,19,402,0,421,0,30,497,0,527,184,0,184,711
05/18/2008,CRQ,CA,AWP,WE,Towers with Radar,0,20,93,0,113,0,16,306,0,322,0,36,399,0,435,150,0,150,585
05/19/2008,CRQ,CA,AWP,WE,Towers with Radar,0,25,98,0,123,0,23,306,2,331,0,48,404,2,454,216,2,218,672
05/20/2008,CRQ,CA,AWP,WE,Towers with Radar,0,25,181,0,206,0,11,109,2,122,0,36,290,2,328,66,0,66,394
05/21/2008,CRQ,CA,AWP,WE,Towers with Radar,0,21,132,0,153,0,11,201,4,216,0,32,333,4,369,276,2,278,647
05/22/2008,CRQ,CA,AWP,WE,Towers with Radar,0,16,108,2,126,0,12,146,4,162,0,28,254,6,288,58,0,58,346
05/23/2008,CRQ,CA,AWP,WE,Towers with Radar,0,29,71,1,101,0,0,10,1,11,0,29,81,2,112,34,2,36,148
05/24/2008,CRQ,CA,AWP,WE,Towers with Radar,0,20,88,0,108,0,9,232,0,241,0,29,320,0,349,186,0,186,535
05/25/2008,CRQ,CA,AWP,WE,Towers with Radar,0,17,72,0,89,0,11,255,0,266,0,28,327,0,355,170,0,170,525
05/26/2008,CRQ,CA,AWP,WE,Towers with Radar,0,20,113,2,135,0,36,251,1,288,0,56,364,3,423,266,2,268,691
05/27/2008,CRQ,CA,AWP,WE,Towers with Radar,0,30,131,1,162,0,15,292,0,307,0,45,423,1,469,282,0,282,751
05/28/2008,CRQ,CA,AWP,WE,Towers with Radar,0,39,147,0,186,0,6,359,2,367,0,45,506,2,553,226,0,226,779
05/29/2008,CRQ,CA,AWP,WE,Towers with Radar,0,26,131,1,158,0,20,314,2,336,0,46,445,3,494,238,0,238,732
05/30/2008,CRQ,CA,AWP,WE,Towers with Radar,0,44,23,0,67,0,0,542,0,542,0,44,565,0,609,240,0,240,849
05/31/2008,CRQ,CA,AWP,WE,Towers with Radar,0,25,110,0,135,0,21,268,0,289,0,46,378,0,424,214,0,214,638
06/01/2008,CRQ,CA,AWP,WE,Towers with Radar,0,29,112,0,141,0,23,212,0,235,0,52,324,0,376,278,0,278,654
06/02/2008,CRQ,CA,AWP,WE,Towers with Radar,0,22,84,0,106,0,12,227,2,241,0,34,311,2,347,216,2,218,565
06/03/2008,CRQ,CA,AWP,WE,Towers with Radar,0,28,99,0,127,0,11,246,8,265,0,39,345,8,392,188,6,194,586
06/04/2008,CRQ,CA,AWP,WE,Towers with Radar,0,32,134,0,166,0,8,156,2,166,0,40,290,2,332,176,0,176,508
06/05/2008,CRQ,CA,AWP,WE,Towers with Radar,0,31,124,2,157,0,22,233,0,255,0,53,357,2,412,184,0,184,596
06/06/2008,CRQ,CA,AWP,WE,Towers with Radar,0,30,106,1,137,0,23,306,6,335,0,53,412,7,472,231,6,237,709
06/07/2008,CRQ,CA,AWP,WE,Towers with Radar,0,18,90,0,108,0,27,230,0,257,0,45,320,0,365,192,0,192,557
06/08/2008,CRQ,CA,AWP,WE,Towers with Radar,0,34,115,0,149,0,10,278,0,288,0,44,393,0,437,210,0,210,647
06/09/2008,CRQ,CA,AWP,WE,Towers with Radar,0,21,144,0,165,0,12,188,0,200,0,33,332,0,365,116,0,116,481
06/10/2008,CRQ,CA,AWP,WE,Towers with Radar,0,29,153,2,184,0,16,99,6,121,0,45,252,8,305,74,6,80,385
06/11/2008,CRQ,CA,AWP,WE,Towers with Radar,0,23,150,0,173,0,11,231,0,242,0,34,381,0,415,224,0,224,639
06/12/2008,CRQ,CA,AWP,WE,Towers with Radar,0,26,156,0,182,0,11,286,3,300,0,37,442,3,482,154,0,154,636
06/13/2008,CRQ,CA,AWP,WE,Towers with Radar,0,32,189,2,223,0,23,219,5,247,0,55,408,7,470,146,6,152,622
06/14/2008,CRQ,CA,AWP,WE,Towers with Radar,0,27,117,0,144,0,27,306,0,333,0,54,423,0,477,254,0,254,731
06/15/2008,CRQ,CA,AWP,WE,Towers with Radar,0,45,114,1,160,0,40,251,0,291,0,85,365,1,451,164,0,164,615
06/16/2008,CRQ,CA,AWP,WE,Towers with Radar,0,31,84,0,115,0,21,266,2,289,0,52,350,2,404,200,2,202,606
06/17/2008,CRQ,CA,AWP,WE,Towers with Radar,0,36,150,7,193,0,23,238,8,269,0,59,388,15,462,231,12,243,705
06/18/2008,CRQ,CA,AWP,WE,Towers with Radar,0,27,87,0,114,0,11,281,0,292,0,38,368,0,406,162,0,162,568
06/19/2008,CRQ,CA,AWP,WE,Towers with Radar,0,25,103,0,128,0,21,277,0,298,0,46,380,0,426,278,0,278,704
06/20/2008,CRQ,CA,AWP,WE,Towers with Radar,0,32,95,0,127,0,15,260,5,280,0,47,355,5,407,176,0,176,583
06/21/2008,CRQ,CA,AWP,WE,Towers with Radar,0,13,80,0,93,0,29,279,0,308,0,42,359,0,401,146,0,146,547
06/22/2008,CRQ,CA,AWP,WE,Towers with Radar,0,34,91,0,125,0,24,392,6,422,0,58,483,6,547,238,6,244,791
06/23/2008,CRQ,CA,AWP,WE,Towers with Radar,0,22,108,0,130,0,11,223,5,239,0,33,331,5,369,196,0,196,565
06/24/2008,CRQ,CA,AWP,WE,Towers with Radar,0,25,82,0,107,0,16,304,0,320,0,41,386,0,427,178,0,178,605
06/25/2008,CRQ,CA,AWP,WE,Towers with Radar,0,30,123,0,153,0,8,241,1,250,0,38,364,1,403,200,0,200,603
06/26/2008,CRQ,CA,AWP,WE,Towers with Radar,0,31,121,2,154,0,26,208,2,236,0,57,329,4,390,266,2,268,658
06/27/2008,CRQ,CA,AWP,WE,Towers with Radar,0,36,148,2,186,0,8,202,2,212,0,44,350,4,398,134,0,134,532
06/28/2008,CRQ,CA,AWP,WE,Towers with Radar,0,18,104,0,122,0,27,280,0,307,0,45,384,0,429,244,0,244,673
06/29/2008,CRQ,CA,AWP,WE,Towers with Radar,0,25,99,0,124,0,6,158,0,164,0,31,257,0,288,114,0,114,402
06/30/2008,CRQ,CA,AWP,WE,Towers with Radar,0,20,86,0,106,0,17,112,0,129,0,37,198,0,235,190,0,190,425
07/01/2008,CRQ,CA,AWP,WE,Towers with Radar,0,0,171,0,171,0,0,173,2,175,0,0,344,2,346,192,2,194,540
07/02/2008,CRQ,CA,AWP,WE,Towers with Radar,0,0,140,0,140,0,0,113,0,113,0,0,253,0,253,54,0,54,307
07/03/2008,CRQ,CA,AWP,WE,Towers with Radar,0,41,192,0,233,0,0,102,0,102,0,41,294,0,335,68,0,68,403
07/04/2008,CRQ,CA,AWP,WE,Towers with Radar,0,6,44,0,50,0,7,92,0,99,0,13,136,0,149,54,0,54,203
07/05/2008,CRQ,CA,AWP,WE,Towers with Radar,0,20,97,0,117,0,6,113,0,119,0,26,210,0,236,107,0,107,343
07/06/2008,CRQ,CA,AWP,WE,Towers with Radar,0,35,168,0,203,0,3,102,0,105,0,38,270,0,308,66,0,66,374
07/07/2008,CRQ,CA,AWP,WE,Towers with Radar,0,27,121,2,150,0,2,120,2,124,0,29,241,4,274,86,2,88,362
07/08/2008,CRQ,CA,AWP,WE,Towers with Radar,0,30,159,0,189,0,1,66,0,67,0,31,225,0,256,0,0,0,256
07/09/2008,CRQ,CA,AWP,WE,Towers with Radar,0,32,186,0,218,0,3,47,3,53,0,35,233,3,271,50,21,71,342
07/10/2008,CRQ,CA,AWP,WE,Towers with Radar,0,27,129,0,156,0,6,136,0,142,0,33,265,0,298,172,6,178,476
07/11/2008,CRQ,CA,AWP,WE,Towers with Radar,0,23,112,0,135,0,3,149,2,154,0,26,261,2,289,108,0,108,397
07/12/2008,CRQ,CA,AWP,WE,Towers with Radar,0,19,101,0,120,0,8,161,0,169,0,27,262,0,289,171,1,172,461
07/13/2008,CRQ,CA,AWP,WE,Towers with Radar,0,26,79,1,106,0,2,181,1,184,0,28,260,2,290,110,2,112,402
07/14/2008,CRQ,CA,AWP,WE,Towers with Radar,0,22,87,0,109,0,4,176,0,180,0,26,263,0,289,116,0,116,405
07/15/2008,CRQ,CA,AWP,WE,Towers with Radar,0,29,73,0,102,0,1,142,1,144,0,30,215,1,246,150,0,150,396
07/16/2008,CRQ,CA,AWP,WE,Towers with Radar,0,29,127,2,158,0,7,158,2,167,0,36,285,4,325,168,12,180,505
07/17/2008,CRQ,CA,AWP,WE,Towers with Radar,0,21,141,0,162,0,0,119,0,119,0,21,260,0,281,88,4,92,373
07/18/2008,CRQ,CA,AWP,WE,Towers with Radar,0,22,153,0,175,0,0,126,0,126,0,22,279,0,301,44,0,44,345
07/19/2008,CRQ,CA,AWP,WE,Towers with Radar,0,19,171,0,190,0,6,95,0,101,0,25,266,0,291,74,0,74,365
07/20/2008,CRQ,CA,AWP,WE,Towers with Radar,0,25,109,0,134,0,5,181,0,186,0,30,290,0,320,168,0,168,488
07/21/2008,CRQ,CA,AWP,WE,Towers with Radar,0,24,93,0,117,0,4,175,3,182,0,28,268,3,299,100,0,100,399
07/22/2008,CRQ,CA,AWP,WE,Towers with Radar,0,24,82,1,107,0,0,142,0,142,0,24,224,1,249,164,8,172,421
07/23/2008,CRQ,CA,AWP,WE,Towers with Radar,0,26,121,1,148,0,14,117,2,133,0,40,238,3,281,129,14,143,424
07/24/2008,CRQ,CA,AWP,WE,Towers with Radar,0,25,145,0,170,0,6,120,0,126,0,31,265,0,296,80,4,84,380
07/25/2008,CRQ,CA,AWP,WE,Towers with Radar,0,23,121,4,148,0,10,145,0,155,0,33,266,4,303,98,0,98,401
07/26/2008,CRQ,CA,AWP,WE,Towers with Radar,0,21,155,1,177,0,12,126,3,141,0,33,281,4,318,130,0,130,448
07/27/2008,CRQ,CA,AWP,WE,Towers with Radar,0,31,137,0,168,0,4,145,0,149,0,35,282,0,317,176,0,176,493
07/28/2008,CRQ,CA,AWP,WE,Towers with Radar,0,27,128,4,159,0,3,128,0,131,0,30,256,4,290,162,0,162,452
07/29/2008,CRQ,CA,AWP,WE,Towers with Radar,0,32,120,0,152,0,4,91,0,95,0,36,211,0,247,102,0,102,349
07/30/2008,CRQ,CA,AWP,WE,Towers with Radar,0,28,128,2,158,0,4,143,6,153,0,32,271,8,311,180,6,186,497
07/31/2008,CRQ,CA,AWP,WE,Towers with Radar,0,20,157,1,178,0,1,176,3,180,0,21,333,4,358,172,0,172,530
08/01/2008,CRQ,CA,AWP,WE,Towers with Radar,0,31,150,0,181,0,4,181,4,189,0,35,331,4,370,195,0,195,565
08/02/2008,CRQ,CA,AWP,WE,Towers with Radar,0,28,142,0,170,0,7,173,0,180,0,35,315,0,350,66,0,66,416
08/03/2008,CRQ,CA,AWP,WE,Towers with Radar,0,31,95,0,126,0,15,185,0,200,0,46,280,0,326,120,0,120,446
08/04/2008,CRQ,CA,AWP,WE,Towers with Radar,0,32,101,2,135,0,7,166,0,173,0,39,267,2,308,220,2,222,530
08/05/2008,CRQ,CA,AWP,WE,Towers with Radar,0,27,105,0,132,0,6,151,0,157,0,33,256,0,289,150,0,150,439
08/06/2008,CRQ,CA,AWP,WE,Towers with Radar,0,38,118,0,156,0,5,145,0,150,0,43,263,0,306,176,0,176,482
08/07/2008,CRQ,CA,AWP,WE,Towers with Radar,0,27,114,0,141,0,3,202,0,205,0,30,316,0,346,153,0,153,499
08/08/2008,CRQ,CA,AWP,WE,Towers with Radar,0,29,98,0,127,0,4,143,0,147,0,33,241,0,274,129,0,129,403
08/09/2008,CRQ,CA,AWP,WE,Towers with Radar,0,21,65,0,86,0,2,188,2,192,0,23,253,2,278,109,0,109,387
08/10/2008,CRQ,CA,AWP,WE,Towers with Radar,0,36,112,0,148,0,6,200,0,206,0,42,312,0,354,118,0,118,472
08/11/2008,CRQ,CA,AWP,WE,Towers with Radar,0,27,120,3,150,0,3,179,6,188,0,30,299,9,338,140,3,143,481
08/12/2008,CRQ,CA,AWP,WE,Towers with Radar,0,28,128,0,156,0,3,136,1,140,0,31,264,1,296,102,0,102,398
08/13/2008,CRQ,CA,AWP,WE,Towers with Radar,0,30,119,0,149,0,8,175,1,184,0,38,294,1,333,153,5,158,491
08/14/2008,CRQ,CA,AWP,WE,Towers with Radar,0,29,116,0,145,0,3,168,0,171,0,32,284,0,316,154,4,158,474
08/15/2008,CRQ,CA,AWP,WE,Towers with Radar,0,36,155,1,192,0,5,148,1,154,0,41,303,2,346,56,0,56,402
08/16/2008,CRQ,CA,AWP,WE,Towers with Radar,0,23,91,1,115,0,1,196,0,197,0,24,287,1,312,59,0,59,371
08/17/2008,CRQ,CA,AWP,WE,Towers with Radar,0,38,121,0,159,0,3,158,2,163,0,41,279,2,322,108,4,112,434
08/18/2008,CRQ,CA,AWP,WE,Towers with Radar,0,21,109,2,132,0,10,261,2,273,0,31,370,4,405,182,0,182,587
08/19/2008,CRQ,CA,AWP,WE,Towers with Radar,0,26,137,2,165,0,13,167,0,180,0,39,304,2,345,106,0,106,451
08/20/2008,CRQ,CA,AWP,WE,Towers with Radar,0,18,132,1,151,0,4,129,2,135,0,22,261,3,286,113,0,113,399
08/21/2008,CRQ,CA,AWP,WE,Towers with Radar,0,26,151,0,177,0,0,167,0,167,0,26,318,0,344,184,2,186,530
08/22/2008,CRQ,CA,AWP,WE,Towers with Radar,0,29,138,0,167,0,3,167,0,170,0,32,305,0,337,152,0,152,489
08/23/2008,CRQ,CA,AWP,WE,Towers with Radar,0,21,128,0,149,0,0,156,0,156,0,21,284,0,305,108,0,108,413
08/24/2008,CRQ,CA,AWP,WE,Towers with Radar,0,31,104,2,137,0,0,186,0,186,0,31,290,2,323,102,0,102,425
08/25/2008,CRQ,CA,AWP,WE,Towers with Radar,0,34,102,0,136,0,2,126,0,128,0,36,228,0,264,152,0,152,416
08/26/2008,CRQ,CA,AWP,WE,Towers with Radar,0,24,114,1,139,0,4,195,2,201,0,28,309,3,340,90,0,90,430
08/27/2008,CRQ,CA,AWP,WE,Towers with Radar,0,25,154,1,180,0,8,137,1,146,0,33,291,2,326,133,6,139,465
08/28/2008,CRQ,CA,AWP,WE,Towers with Radar,0,33,144,0,177,0,0,127,0,127,0,33,271,0,304,98,0,98,402
08/29/2008,CRQ,CA,AWP,WE,Towers with Radar,0,25,118,3,146,0,0,186,2,188,0,25,304,5,334,79,0,79,413
08/30/2008,CRQ,CA,AWP,WE,Towers with Radar,0,27,95,0,122,0,2,238,0,240,0,29,333,0,362,202,0,202,564
08/31/2008,CRQ,CA,AWP,WE,Towers with Radar,0,19,84,1,104,0,2,164,0,166,0,21,248,1,270,190,0,190,460
09/01/2008,CRQ,CA,AWP,WE,Towers with Radar,0,27,103,4,134,0,2,185,1,188,0,29,288,5,322,180,0,180,502
09/02/2008,CRQ,CA,AWP,WE,Towers with Radar,0,17,108,1,126,0,14,219,3,236,0,31,327,4,362,148,0,148,510
09/03/2008,CRQ,CA,AWP,WE,Towers with Radar,0,24,115,5,144,0,1,154,2,157,0,25,269,7,301,130,0,130,431
09/04/2008,CRQ,CA,AWP,WE,Towers with Radar,0,27,81,1,109,0,1,141,2,144,0,28,222,3,253,184,0,184,437
09/05/2008,CRQ,CA,AWP,WE,Towers with Radar,0,38,121,1,160,0,6,196,3,205,0,44,317,4,365,136,0,136,501
09/06/2008,CRQ,CA,AWP,WE,Towers with Radar,0,19,89,0,108,0,6,137,1,144,0,25,226,1,252,155,0,155,407
09/07/2008,CRQ,CA,AWP,WE,Towers with Radar,0,17,118,0,135,0,0,158,0,158,0,17,276,0,293,180,0,180,473
09/08/2008,CRQ,CA,AWP,WE,Towers with Radar,0,25,113,0,138,0,8,137,0,145,0,33,250,0,283,226,2,228,511
09/09/2008,CRQ,CA,AWP,WE,Towers with Radar,0,25,85,1,111,0,0,181,0,181,0,25,266,1,292,228,0,228,520
09/10/2008,CRQ,CA,AWP,WE,Towers with Radar,0,18,132,0,150,0,0,170,1,171,0,18,302,1,321,138,0,138,459
09/11/2008,CRQ,CA,AWP,WE,Towers with Radar,0,20,156,0,176,0,7,103,1,111,0,27,259,1,287,122,0,122,409
09/12/2008,CRQ,CA,AWP,WE,Towers with Radar,0,29,166,0,195,0,1,96,0,97,0,30,262,0,292,206,0,206,498
09/13/2008,CRQ,CA,AWP,WE,Towers with Radar,0,6,113,0,119,0,4,166,0,170,0,10,279,0,289,230,0,230,519
09/14/2008,CRQ,CA,AWP,WE,Towers with Radar,0,24,176,0,200,0,1,130,0,131,0,25,306,0,331,184,0,184,515
09/15/2008,CRQ,CA,AWP,WE,Towers with Radar,0,17,71,1,89,0,10,191,0,201,0,27,262,1,290,264,0,264,554
09/16/2008,CRQ,CA,AWP,WE,Towers with Radar,0,32,131,0,163,0,8,123,3,134,0,40,254,3,297,130,2,132,429
09/17/2008,CRQ,CA,AWP,WE,Towers with Radar,0,28,106,2,136,0,3,83,0,86,0,31,189,2,222,94,2,96,318
09/18/2008,CRQ,CA,AWP,WE,Towers with Radar,0,29,122,0,151,0,1,123,0,124,0,30,245,0,275,112,2,114,389
09/19/2008,CRQ,CA,AWP,WE,Towers with Radar,0,17,108,0,125,0,4,253,0,257,0,21,361,0,382,213,4,217,599
09/20/2008,CRQ,CA,AWP,WE,Towers with Radar,0,11,76,0,87,0,5,234,0,239,0,16,310,0,326,144,2,146,472
09/21/2008,CRQ,CA,AWP,WE,Towers with Radar,0,24,101,0,125,0,8,163,0,171,0,32,264,0,296,178,0,178,474
09/22/2008,CRQ,CA,AWP,WE,Towers with Radar,0,18,66,1,85,0,9,228,4,241,0,27,294,5,326,136,6,142,468
09/23/2008,CRQ,CA,AWP,WE,Towers with Radar,0,28,104,0,132,0,10,152,1,163,0,38,256,1,295,94,0,94,389
09/24/2008,CRQ,CA,AWP,WE,Towers with Radar,0,19,98,0,117,0,0,170,1,171,0,19,268,1,288,174,2,176,464
09/25/2008,CRQ,CA,AWP,WE,Towers with Radar,0,23,125,2,150,0,2,251,0,253,0,25,376,2,403,146,8,154,557
09/26/2008,CRQ,CA,AWP,WE,Towers with Radar,0,21,110,0,131,0,7,189,2,198,0,28,299,2,329,126,7,133,462
09/27/2008,CRQ,CA,AWP,WE,Towers with Radar,0,15,122,1,138,0,1,119,0,120,0,16,241,1,258,64,0,64,322
09/28/2008,CRQ,CA,AWP,WE,Towers with Radar,0,19,124,2,145,0,1,42,0,43,0,20,166,2,188,12,0,12,200
09/29/2008,CRQ,CA,AWP,WE,Towers with Radar,0,27,72,5,104,0,9,157,2,168,0,36,229,7,272,150,6,156,428
09/30/2008,CRQ,CA,AWP,WE,Towers with Radar,0,19,76,0,95,0,7,177,1,185,0,26,253,1,280,97,10,107,387
10/01/2008,CRQ,CA,AWP,WE,Towers with Radar,0,30,96,0,126,0,4,142,0,146,0,34,238,0,272,199,2,201,473
10/02/2008,CRQ,CA,AWP,WE,Towers with Radar,0,25,114,0,139,0,4,174,0,178,0,29,288,0,317,92,0,92,409
10/03/2008,CRQ,CA,AWP,WE,Towers with Radar,0,31,161,2,194,0,3,140,0,143,0,34,301,2,337,160,0,160,497
10/04/2008,CRQ,CA,AWP,WE,Towers with Radar,0,17,82,0,99,0,1,131,0,132,0,18,213,0,231,272,0,272,503
10/05/2008,CRQ,CA,AWP,WE,Towers with Radar,0,23,92,0,115,0,14,149,1,164,0,37,241,1,279,214,0,214,493
10/06/2008,CRQ,CA,AWP,WE,Towers with Radar,0,20,82,0,102,0,9,235,0,244,0,29,317,0,346,270,0,270,616
10/07/2008,CRQ,CA,AWP,WE,Towers with Radar,0,19,88,1,108,0,1,187,0,188,0,20,275,1,296,170,0,170,466
10/08/2008,CRQ,CA,AWP,WE,Towers with Radar,0,15,85,2,102,0,7,168,3,178,0,22,253,5,280,169,2,171,451
10/09/2008,CRQ,CA,AWP,WE,Towers with Radar,0,20,126,0,146,0,4,146,0,150,0,24,272,0,296,88,0,88,384
10/10/2008,CRQ,CA,AWP,WE,Towers with Radar,0,21,131,0,152,0,7,129,0,136,0,28,260,0,288,238,0,238,526
10/11/2008,CRQ,CA,AWP,WE,Towers with Radar,0,12,59,0,71,0,9,168,0,177,0,21,227,0,248,236,0,236,484
10/12/2008,CRQ,CA,AWP,WE,Towers with Radar,0,14,77,0,91,0,3,218,0,221,0,17,295,0,312,168,2,170,482
10/13/2008,CRQ,CA,AWP,WE,Towers with Radar,0,23,66,2,91,0,13,202,0,215,0,36,268,2,306,174,2,176,482
10/14/2008,CRQ,CA,AWP,WE,Towers with Radar,0,21,66,0,87,0,1,2,0,3,0,22,68,0,90,204,2,206,296
10/15/2008,CRQ,CA,AWP,WE,Towers with Radar,0,20,115,0,135,0,4,213,1,218,0,24,328,1,353,170,0,170,523
10/16/2008,CRQ,CA,AWP,WE,Towers with Radar,0,27,110,0,137,0,1,220,8,229,0,28,330,8,366,148,2,150,516
10/17/2008,CRQ,CA,AWP,WE,Towers with Radar,0,21,90,2,113,0,10,234,5,249,0,31,324,7,362,118,8,126,488
10/18/2008,CRQ,CA,AWP,WE,Towers with Radar,0,10,55,1,66,0,3,238,0,241,0,13,293,1,307,244,0,244,551
10/19/2008,CRQ,CA,AWP,WE,Towers with Radar,0,15,111,0,126,0,9,177,0,186,0,24,288,0,312,162,0,162,474
10/20/2008,CRQ,CA,AWP,WE,Towers with Radar,0,27,96,2,125,0,4,121,0,125,0,31,217,2,250,312,4,316,566
10/21/2008,CRQ,CA,AWP,WE,Towers with Radar,0,26,98,3,127,0,3,204,1,208,0,29,302,4,335,150,0,150,485
10/22/2008,CRQ,CA,AWP,WE,Towers with Radar,0,20,73,1,94,0,5,170,4,179,0,25,243,5,273,248,10,258,531
10/23/2008,CRQ,CA,AWP,WE,Towers with Radar,0,23,113,1,137,0,6,189,0,195,0,29,302,1,332,132,0,132,464
10/24/2008,CRQ,CA,AWP,WE,Towers with Radar,0,27,80,3,110,0,5,258,5,268,0,32,338,8,378,186,0,186,564
10/25/2008,CRQ,CA,AWP,WE,Towers with Radar,0,34,51,0,85,0,8,242,0,250,0,42,293,0,335,158,0,158,493
10/26/2008,CRQ,CA,AWP,WE,Towers with Radar,0,16,81,2,99,0,4,235,0,239,0,20,316,2,338,142,0,142,480
10/27/2008,CRQ,CA,AWP,WE,Towers with Radar,0,20,58,0,78,0,0,180,0,180,0,20,238,0,258,178,0,178,436
10/28/2008,CRQ,CA,AWP,WE,Towers with Radar,0,25,67,0,92,0,7,205,0,212,0,32,272,0,304,167,3,170,474
10/29/2008,CRQ,CA,AWP,WE,Towers with Radar,0,21,80,0,101,0,11,222,1,234,0,32,302,1,335,160,0,160,495
10/30/2008,CRQ,CA,AWP,WE,Towers with Radar,0,22,82,0,104,0,12,151,3,166,0,34,233,3,270,212,0,212,482
10/31/2008,CRQ,CA,AWP,WE,Towers with Radar,0,20,82,2,104,0,6,212,1,219,0,26,294,3,323,195,9,204,527
11/01/2008,CRQ,CA,AWP,WE,Towers with Radar,0,14,69,0,83,0,6,230,1,237,0,20,299,1,320,228,0,228,548
11/02/2008,CRQ,CA,AWP,WE,Towers with Radar,0,18,120,0,138,0,0,117,0,117,0,18,237,0,255,148,0,148,403
11/03/2008,CRQ,CA,AWP,WE,Towers with Radar,0,16,96,1,113,0,3,145,0,148,0,19,241,1,261,198,0,198,459
11/04/2008,CRQ,CA,AWP,WE,Towers with Radar,0,13,97,3,113,0,1,140,4,145,0,14,237,7,258,210,6,216,474
11/05/2008,CRQ,CA,AWP,WE,Towers with Radar,0,21,67,0,88,0,4,135,0,139,0,25,202,0,227,142,0,142,369
11/06/2008,CRQ,CA,AWP,WE,Towers with Radar,0,22,73,0,95,0,9,248,0,257,0,31,321,0,352,266,2,268,620
11/07/2008,CRQ,CA,AWP,WE,Towers with Radar,0,24,97,3,124,0,12,263,2,277,0,36,360,5,401,232,6,238,639
11/08/2008,CRQ,CA,AWP,WE,Towers with Radar,0,11,49,0,60,0,6,277,0,283,0,17,326,0,343,188,0,188,531
11/09/2008,CRQ,CA,AWP,WE,Towers with Radar,0,24,80,0,104,0,5,149,0,154,0,29,229,0,258,204,0,204,462
11/10/2008,CRQ,CA,AWP,WE,Towers with Radar,0,17,105,0,122,0,3,165,1,169,0,20,270,1,291,234,2,236,527
11/11/2008,CRQ,CA,AWP,WE,Towers with Radar,0,23,106,0,129,0,0,0,0,0,0,23,106,0,129,226,2,228,357
11/12/2008,CRQ,CA,AWP,WE,Towers with Radar,0,19,96,3,118,0,4,218,0,222,0,23,314,3,340,112,4,116,456
11/13/2008,CRQ,CA,AWP,WE,Towers with Radar,0,25,88,0,113,0,4,204,2,210,0,29,292,2,323,146,0,146,469
11/14/2008,CRQ,CA,AWP,WE,Towers with Radar,0,22,97,0,119,0,8,304,0,312,0,30,401,0,431,250,0,250,681
11/15/2008,CRQ,CA,AWP,WE,Towers with Radar,0,8,54,0,62,0,1,206,4,211,0,9,260,4,273,262,0,262,535
11/16/2008,CRQ,CA,AWP,WE,Towers with Radar,0,18,89,0,107,0,3,198,0,201,0,21,287,0,308,214,0,214,522
11/17/2008,CRQ,CA,AWP,WE,Towers with Radar,0,28,84,2,114,0,8,224,2,234,0,36,308,4,348,284,2,286,634
11/18/2008,CRQ,CA,AWP,WE,Towers with Radar,0,23,91,1,115,0,6,246,0,252,0,29,337,1,367,226,0,226,593
11/19/2008,CRQ,CA,AWP,WE,Towers with Radar,0,22,94,0,116,0,0,129,1,130,0,22,223,1,246,152,0,152,398
11/20/2008,CRQ,CA,AWP,WE,Towers with Radar,0,23,105,0,128,0,10,192,0,202,0,33,297,0,330,210,0,210,540
11/21/2008,CRQ,CA,AWP,WE,Towers with Radar,0,17,86,0,103,0,4,212,0,216,0,21,298,0,319,212,0,212,531
11/22/2008,CRQ,CA,AWP,WE,Towers with Radar,0,19,83,0,102,0,5,217,0,222,0,24,300,0,324,136,0,136,460
11/23/2008,CRQ,CA,AWP,WE,Towers with Radar,0,19,101,0,120,0,5,180,0,185,0,24,281,0,305,166,0,166,471
11/24/2008,CRQ,CA,AWP,WE,Towers with Radar,0,27,118,8,153,0,1,172,0,173,0,28,290,8,326,174,0,174,500
11/25/2008,CRQ,CA,AWP,WE,Towers with Radar,0,22,103,0,125,0,10,182,2,194,0,32,285,2,319,217,0,217,536
11/26/2008,CRQ,CA,AWP,WE,Towers with Radar,0,19,114,1,134,0,5,58,1,64,0,24,172,2,198,105,0,105,303
11/27/2008,CRQ,CA,AWP,WE,Towers with Radar,0,9,33,0,42,0,3,13,0,16,0,12,46,0,58,2,0,2,60
11/28/2008,CRQ,CA,AWP,WE,Towers with Radar,0,14,90,0,104,0,4,172,0,176,0,18,262,0,280,226,0,226,506
11/29/2008,CRQ,CA,AWP,WE,Towers with Radar,0,23,89,0,112,0,7,213,0,220,0,30,302,0,332,198,0,198,530
11/30/2008,CRQ,CA,AWP,WE,Towers with Radar,0,17,174,0,191,0,8,126,0,134,0,25,300,0,325,114,0,114,439
12/01/2008,CRQ,CA,AWP,WE,Towers with Radar,0,20,98,0,118,0,0,213,0,213,0,20,311,0,331,156,0,156,487
12/02/2008,CRQ,CA,AWP,WE,Towers with Radar,0,26,107,3,136,0,0,73,0,73,0,26,180,3,209,126,0,126,335
12/03/2008,CRQ,CA,AWP,WE,Towers with Radar,0,41,101,1,143,0,1,125,1,127,0,42,226,2,270,198,0,198,468
12/04/2008,CRQ,CA,AWP,WE,Towers with Radar,0,27,96,0,123,0,10,157,0,167,0,37,253,0,290,263,1,264,554
12/05/2008,CRQ,CA,AWP,WE,Towers with Radar,0,21,98,1,120,0,5,284,1,290,0,26,382,2,410,162,8,170,580
12/06/2008,CRQ,CA,AWP,WE,Towers with Radar,0,12,57,0,69,0,8,286,0,294,0,20,343,0,363,202,0,202,565
12/07/2008,CRQ,CA,AWP,WE,Towers with Radar,0,12,107,0,119,0,2,172,0,174,0,14,279,0,293,176,0,176,469
12/08/2008,CRQ,CA,AWP,WE,Towers with Radar,0,20,87,0,107,0,9,142,0,151,0,29,229,0,258,232,0,232,490
12/09/2008,CRQ,CA,AWP,WE,Towers with Radar,0,22,71,5,98,0,13,247,4,264,0,35,318,9,362,222,0,222,584
12/10/2008,CRQ,CA,AWP,WE,Towers with Radar,0,25,108,2,135,0,5,264,0,269,0,30,372,2,404,184,0,184,588
12/11/2008,CRQ,CA,AWP,WE,Towers with Radar,0,23,85,0,108,0,3,269,1,273,0,26,354,1,381,250,0,250,631
12/12/2008,CRQ,CA,AWP,WE,Towers with Radar,0,29,138,1,168,0,8,159,2,169,0,37,297,3,337,144,0,144,481
12/13/2008,CRQ,CA,AWP,WE,Towers with Radar,0,8,109,0,117,0,2,116,0,118,0,10,225,0,235,274,0,274,509
12/14/2008,CRQ,CA,AWP,WE,Towers with Radar,0,15,78,0,93,0,9,186,0,195,0,24,264,0,288,220,0,220,508
12/15/2008,CRQ,CA,AWP,WE,Towers with Radar,0,19,47,0,66,0,0,1,0,1,0,19,48,0,67,0,0,0,67
12/16/2008,CRQ,CA,AWP,WE,Towers with Radar,0,25,105,2,132,0,4,171,5,180,0,29,276,7,312,234,0,234,546
12/17/2008,CRQ,CA,AWP,WE,Towers with Radar,0,17,35,0,52,0,0,2,0,2,0,17,37,0,54,0,0,0,54
12/18/2008,CRQ,CA,AWP,WE,Towers with Radar,0,29,119,0,148,0,7,275,0,282,0,36,394,0,430,232,2,234,664
12/19/2008,CRQ,CA,AWP,WE,Towers with Radar,0,17,92,0,109,0,1,199,0,200,0,18,291,0,309,228,0,228,537
12/20/2008,CRQ,CA,AWP,WE,Towers with Radar,0,18,105,0,123,0,7,311,0,318,0,25,416,0,441,252,0,252,693
12/21/2008,CRQ,CA,AWP,WE,Towers with Radar,0,19,78,0,97,0,6,271,1,278,0,25,349,1,375,210,0,210,585
12/22/2008,CRQ,CA,AWP,WE,Towers with Radar,0,21,76,0,97,0,1,19,0,20,0,22,95,0,117,38,0,38,155
12/23/2008,CRQ,CA,AWP,WE,Towers with Radar,0,22,101,0,123,0,1,193,0,194,0,23,294,0,317,220,0,220,537
12/24/2008,CRQ,CA,AWP,WE,Towers with Radar,0,13,46,0,59,0,0,72,0,72,0,13,118,0,131,218,0,218,349
12/25/2008,CRQ,CA,AWP,WE,Towers with Radar,0,20,24,0,44,0,2,2,0,4,0,22,26,0,48,6,0,6,54
12/26/2008,CRQ,CA,AWP,WE,Towers with Radar,0,26,76,2,104,0,10,201,0,211,0,36,277,2,315,192,0,192,507
12/27/2008,CRQ,CA,AWP,WE,Towers with Radar,0,15,77,0,92,0,9,267,0,276,0,24,344,0,368,166,0,166,534
12/28/2008,CRQ,CA,AWP,WE,Towers with Radar,0,23,47,0,70,0,14,219,1,234,0,37,266,1,304,180,2,182,486
12/29/2008,CRQ,CA,AWP,WE,Towers with Radar,0,20,89,0,109,0,9,211,12,232,0,29,300,12,341,118,0,118,459
12/30/2008,CRQ,CA,AWP,WE,Towers with Radar,0,30,72,1,103,0,17,305,3,325,0,47,377,4,428,216,0,216,644
12/31/2008,CRQ,CA,AWP,WE,Towers with Radar,0,12,66,0,78,0,5,177,0,182,0,17,243,0,260,77,0,77,337
01/01/2009,CRQ,CA,AWP,WE,Towers with Radar,0,17,53,0,70,0,1,53,0,54,0,18,106,0,124,20,0,20,144
01/02/2009,CRQ,CA,AWP,WE,Towers with Radar,0,24,93,0,117,0,1,0,0,1,0,25,93,0,118,40,0,40,158
01/03/2009,CRQ,CA,AWP,WE,Towers with Radar,0,18,139,0,157,0,3,134,0,137,0,21,273,0,294,112,0,112,406
01/04/2009,CRQ,CA,AWP,WE,Towers with Radar,0,14,79,0,93,0,1,291,0,292,0,15,370,0,385,152,0,152,537
01/05/2009,CRQ,CA,AWP,WE,Towers with Radar,0,19,71,3,93,0,2,219,5,226,0,21,290,8,319,190,6,196,515
01/06/2009,CRQ,CA,AWP,WE,Towers with Radar,0,27,85,5,117,0,22,173,0,195,0,49,258,5,312,226,0,226,538
01/07/2009,CRQ,CA,AWP,WE,Towers with Radar,0,20,74,3,97,0,16,211,5,232,0,36,285,8,329,214,2,216,545
01/08/2009,CRQ,CA,AWP,WE,Towers with Radar,0,23,136,0,159,0,1,93,0,94,0,24,229,0,253,76,0,76,329
01/09/2009,CRQ,CA,AWP,WE,Towers with Radar,0,19,102,2,123,0,6,260,1,267,0,25,362,3,390,226,0,226,616
01/10/2009,CRQ,CA,AWP,WE,Towers with Radar,0,12,43,0,55,0,3,269,0,272,0,15,312,0,327,330,0,330,657
01/11/2009,CRQ,CA,AWP,WE,Towers with Radar,0,25,85,1,111,0,5,250,1,256,0,30,335,2,367,210,0,210,577
01/12/2009,CRQ,CA,AWP,WE,Towers with Radar,0,21,65,2,88,0,15,215,0,230,0,36,280,2,318,216,0,216,534
01/13/2009,CRQ,CA,AWP,WE,Towers with Radar,0,16,74,2,92,0,3,242,3,248,0,19,316,5,340,294,6,300,640
01/14/2009,CRQ,CA,AWP,WE,Towers with Radar,0,17,91,0,108,0,4,293,0,297,0,21,384,0,405,140,0,140,545
01/15/2009,CRQ,CA,AWP,WE,Towers with Radar,0,30,93,0,123,0,5,223,1,229,0,35,316,1,352,168,0,168,520
01/16/2009,CRQ,CA,AWP,WE,Towers with Radar,0,27,87,0,114,0,11,307,2,320,0,38,394,2,434,214,0,214,648
01/17/2009,CRQ,CA,AWP,WE,Towers with Radar,0,10,61,3,74,0,6,281,0,287,0,16,342,3,361,222,0,222,583
01/18/2009,CRQ,CA,AWP,WE,Towers with Radar,0,26,69,0,95,0,1,258,0,259,0,27,327,0,354,140,0,140,494
01/19/2009,CRQ,CA,AWP,WE,Towers with Radar,0,22,68,0,90,0,3,239,7,249,0,25,307,7,339,192,10,202,541
01/20/2009,CRQ,CA,AWP,WE,Towers with Radar,0,20,82,0,102,0,1,166,0,167,0,21,248,0,269,179,0,179,448
01/21/2009,CRQ,CA,AWP,WE,Towers with Radar,0,16,68,1,85,0,3,158,0,161,0,19,226,1,246,262,0,262,508
01/22/2009,CRQ,CA,AWP,WE,Towers with Radar,0,18,81,0,99,0,0,101,2,103,0,18,182,2,202,246,0,246,448
01/23/2009,CRQ,CA,AWP,WE,Towers with Radar,0,23,121,0,144,0,3,64,0,67,0,26,185,0,211,80,0,80,291
01/24/2009,CRQ,CA,AWP,WE,Towers with Radar,0,8,95,0,103,0,10,153,0,163,0,18,248,0,266,202,0,202,468
01/25/2009,CRQ,CA,AWP,WE,Towers with Radar,0,11,107,2,120,0,0,157,2,159,0,11,264,4,279,232,2,234,513
01/26/2009,CRQ,CA,AWP,WE,Towers with Radar,0,20,104,2,126,0,1,138,0,139,0,21,242,2,265,150,0,150,415
01/27/2009,CRQ,CA,AWP,WE,Towers with Radar,0,12,77,0,89,0,2,251,0,253,0,14,328,0,342,218,0,218,560
01/28/2009,CRQ,CA,AWP,WE,Towers with Radar,0,19,91,0,110,0,2,297,0,299,0,21,388,0,409,314,1,315,724
01/29/2009,CRQ,CA,AWP,WE,Towers with Radar,0,29,66,2,97,0,0,214,2,216,0,29,280,4,313,348,0,348,661
01/30/2009,CRQ,CA,AWP,WE,Towers with Radar,0,16,90,1,107,0,5,276,0,281,0,21,366,1,388,412,0,412,800
01/31/2009,CRQ,CA,AWP,WE,Towers with Radar,0,20,91,2,113,0,2,269,0,271,0,22,360,2,384,176,0,176,560
02/01/2009,CRQ,CA,AWP,WE,Towers with Radar,0,24,66,0,90,0,3,214,2,219,0,27,280,2,309,228,2,230,539
02/02/2009,CRQ,CA,AWP,WE,Towers with Radar,0,23,73,3,99,0,0,248,1,249,0,23,321,4,348,224,0,224,572
02/03/2009,CRQ,CA,AWP,WE,Towers with Radar,0,20,84,1,105,0,0,292,2,294,0,20,376,3,399,284,4,288,687
02/04/2009,CRQ,CA,AWP,WE,Towers with Radar,0,21,94,1,116,0,19,228,0,247,0,40,322,1,363,232,0,232,595
02/05/2009,CRQ,CA,AWP,WE,Towers with Radar,0,22,91,0,113,0,0,123,0,123,0,22,214,0,236,166,0,166,402
02/06/2009,CRQ,CA,AWP,WE,Towers with Radar,0,15,86,0,101,0,0,50,0,50,0,15,136,0,151,26,0,26,177
02/07/2009,CRQ,CA,AWP,WE,Towers with Radar,0,9,50,0,59,0,5,53,2,60,0,14,103,2,119,146,2,148,267
02/08/2009,CRQ,CA,AWP,WE,Towers with Radar,0,15,85,0,100,0,4,104,0,108,0,19,189,0,208,174,0,174,382
02/09/2009,CRQ,CA,AWP,WE,Towers with Radar,0,15,59,0,74,0,5,13,0,18,0,20,72,0,92,16,0,16,108
02/10/2009,CRQ,CA,AWP,WE,Towers with Radar,0,20,74,0,94,0,14,286,2,302,0,34,360,2,396,296,2,298,694
02/11/2009,CRQ,CA,AWP,WE,Towers with Radar,0,19,75,0,94,0,32,261,0,293,0,51,336,0,387,204,0,204,591
02/12/2009,CRQ,CA,AWP,WE,Towers with Radar,0,22,104,0,126,0,8,223,0,231,0,30,327,0,357,270,0,270,627
02/13/2009,CRQ,CA,AWP,WE,Towers with Radar,0,19,116,0,135,0,9,188,0,197,0,28,304,0,332,178,0,178,510
02/14/2009,CRQ,CA,AWP,WE,Towers with Radar,0,8,58,1,67,0,7,234,0,241,0,15,292,1,308,214,0,214,522
02/15/2009,CRQ,CA,AWP,WE,Towers with Radar,0,16,75,1,92,0,3,198,0,201,0,19,273,1,293,202,0,202,495
02/16/2009,CRQ,CA,AWP,WE,Towers with Radar,0,14,53,0,67,0,0,4,0,4,0,14,57,0,71,2,0,2,73
02/17/2009,CRQ,CA,AWP,WE,Towers with Radar,0,21,78,0,99,0,4,173,2,179,0,25,251,2,278,260,0,260,538
02/18/2009,CRQ,CA,AWP,WE,Towers with Radar,0,16,107,0,123,0,17,360,0,377,0,33,467,0,500,378,0,378,878
02/19/2009,CRQ,CA,AWP,WE,Towers with Radar,0,18,98,0,116,0,5,216,2,223,0,23,314,2,339,270,0,270,609
02/20/2009,CRQ,CA,AWP,WE,Towers with Radar,0,16,92,2,110,0,1,212,2,215,0,17,304,4,325,186,2,188,513
02/21/2009,CRQ,CA,AWP,WE,Towers with Radar,0,9,95,0,104,0,5,298,0,303,0,14,393,0,407,212,0,212,619
02/22/2009,CRQ,CA,AWP,WE,Towers with Radar,0,22,107,2,131,0,6,248,1,255,0,28,355,3,386,237,8,245,631
02/23/2009,CRQ,CA,AWP,WE,Towers with Radar,0,11,78,0,89,0,2,202,0,204,0,13,280,0,293,102,0,102,395
02/24/2009,CRQ,CA,AWP,WE,Towers with Radar,0,19,65,0,84,0,3,239,0,242,0,22,304,0,326,246,4,250,576
02/25/2009,CRQ,CA,AWP,WE,Towers with Radar,0,22,19,3,44,0,0,185,0,185,0,22,204,3,229,228,0,228,457
02/26/2009,CRQ,CA,AWP,WE,Towers with Radar,0,17,125,0,142,0,5,204,0,209,0,22,329,0,351,138,2,140,491
02/27/2009,CRQ,CA,AWP,WE,Towers with Radar,0,19,145,0,164,0,6,202,0,208,0,25,347,0,372,128,0,128,500
02/28/2009,CRQ,CA,AWP,WE,Towers with Radar,0,9,130,0,139,0,5,262,0,267,0,14,392,0,406,180,2,182,588
03/01/2009,CRQ,CA,AWP,WE,Towers with Radar,0,20,88,0,108,0,9,260,0,269,0,29,348,0,377,156,6,162,539
03/02/2009,CRQ,CA,AWP,WE,Towers with Radar,0,20,73,2,95,0,9,235,2,246,0,29,308,4,341,248,2,250,591
03/03/2009,CRQ,CA,AWP,WE,Towers with Radar,0,18,92,0,110,0,20,230,2,252,0,38,322,2,362,220,2,222,584
03/04/2009,CRQ,CA,AWP,WE,Towers with Radar,0,14,95,0,109,0,15,144,2,161,0,29,239,2,270,147,16,163,433
03/05/2009,CRQ,CA,AWP,WE,Towers with Radar,0,22,101,1,124,0,6,258,0,264,0,28,359,1,388,173,2,175,563
03/06/2009,CRQ,CA,AWP,WE,Towers with Radar,0,21,113,0,134,0,0,256,0,256,0,21,369,0,390,188,0,188,578
03/07/2009,CRQ,CA,AWP,WE,Towers with Radar,0,9,85,0,94,0,9,303,2,314,0,18,388,2,408,216,0,216,624
03/08/2009,CRQ,CA,AWP,WE,Towers with Radar,0,17,111,0,128,0,5,247,0,252,0,22,358,0,380,248,4,252,632
03/09/2009,CRQ,CA,AWP,WE,Towers with Radar,0,21,101,0,122,0,3,129,0,132,0,24,230,0,254,180,0,180,434
03/10/2009,CRQ,CA,AWP,WE,Towers with Radar,0,18,76,1,95,0,2,236,0,238,0,20,312,1,333,256,2,258,591
03/11/2009,CRQ,CA,AWP,WE,Towers with Radar,0,22,150,0,172,0,4,170,0,174,0,26,320,0,346,290,2,292,638
03/12/2009,CRQ,CA,AWP,WE,Towers with Radar,0,21,119,1,141,0,9,205,1,215,0,30,324,2,356,216,7,223,579
03/13/2009,CRQ,CA,AWP,WE,Towers with Radar,0,22,126,1,149,0,4,300,0,304,0,26,426,1,453,150,0,150,603
03/14/2009,CRQ,CA,AWP,WE,Towers with Radar,0,14,151,0,165,0,4,190,0,194,0,18,341,0,359,216,0,216,575
03/15/2009,CRQ,CA,AWP,WE,Towers with Radar,0,22,112,3,137,0,6,223,1,230,0,28,335,4,367,184,0,184,551
03/16/2009,CRQ,CA,AWP,WE,Towers with Radar,0,25,82,1,108,0,1,211,2,214,0,26,293,3,322,208,2,210,532
03/17/2009,CRQ,CA,AWP,WE,Towers with Radar,0,21,82,0,103,0,3,253,3,259,0,24,335,3,362,204,0,204,566
03/18/2009,CRQ,CA,AWP,WE,Towers with Radar,0,20,97,0,117,0,5,180,1,186,0,25,277,1,303,132,0,132,435
03/19/2009,CRQ,CA,AWP,WE,Towers with Radar,0,22,145,4,171,0,5,64,2,71,0,27,209,6,242,64,2,66,308
03/20/2009,CRQ,CA,AWP,WE,Towers with Radar,0,17,173,4,194,0,2,45,0,47,0,19,218,4,241,4,0,4,245
03/21/2009,CRQ,CA,AWP,WE,Towers with Radar,0,10,108,0,118,0,2,190,0,192,0,12,298,0,310,206,0,206,516
03/22/2009,CRQ,CA,AWP,WE,Towers with Radar,0,16,58,2,76,0,5,38,0,43,0,21,96,2,119,68,0,68,187
03/23/2009,CRQ,CA,AWP,WE,Towers with Radar,0,22,73,2,97,0,0,203,0,203,0,22,276,2,300,212,0,212,512
03/24/2009,CRQ,CA,AWP,WE,Towers with Radar,0,23,86,0,109,0,15,183,0,198,0,38,269,0,307,228,0,228,535
03/25/2009,CRQ,CA,AWP,WE,Towers with Radar,0,19,105,5,129,0,0,238,0,238,0,19,343,5,367,312,0,312,679
03/26/2009,CRQ,CA,AWP,WE,Towers with Radar,0,21,100,0,121,0,5,211,0,216,0,26,311,0,337,90,0,90,427
03/27/2009,CRQ,CA,AWP,WE,Towers with Radar,0,20,126,1,147,0,4,292,1,297,0,24,418,2,444,208,0,208,652
03/28/2009,CRQ,CA,AWP,WE,Towers with Radar,0,7,62,0,69,0,5,259,0,264,0,12,321,0,333,182,0,182,515
03/29/2009,CRQ,CA,AWP,WE,Towers with Radar,0,15,127,0,142,0,9,148,0,157,0,24,275,0,299,172,0,172,471
03/30/2009,CRQ,CA,AWP,WE,Towers with Radar,0,18,100,0,118,0,7,306,0,313,0,25,406,0,431,311,0,311,742
03/31/2009,CRQ,CA,AWP,WE,Towers with Radar,0,17,75,1,93,0,3,271,2,276,0,20,346,3,369,268,0,268,637
04/01/2009,CRQ,CA,AWP,WE,Towers with Radar,0,21,114,0,135,0,3,166,0,169,0,24,280,0,304,132,2,134,438
04/02/2009,CRQ,CA,AWP,WE,Towers with Radar,0,26,183,1,210,0,0,74,0,74,0,26,257,1,284,65,0,65,349
04/03/2009,CRQ,CA,AWP,WE,Towers with Radar,0,25,141,0,166,0,4,112,0,116,0,29,253,0,282,202,0,202,484
04/04/2009,CRQ,CA,AWP,WE,Towers with Radar,0,7,61,0,68,0,6,288,2,296,0,13,349,2,364,130,4,134,498
04/05/2009,CRQ,CA,AWP,WE,Towers with Radar,0,26,80,0,106,0,3,202,0,205,0,29,282,0,311,178,0,178,489
04/06/2009,CRQ,CA,AWP,WE,Towers with Radar,0,18,73,0,91,0,6,198,1,205,0,24,271,1,296,250,0,250,546
04/07/2009,CRQ,CA,AWP,WE,Towers with Radar,0,24,110,0,134,0,3,155,0,158,0,27,265,0,292,109,0,109,401
04/08/2009,CRQ,CA,AWP,WE,Towers with Radar,0,19,93,0,112,0,3,201,1,205,0,22,294,1,317,224,1,225,542
04/09/2009,CRQ,CA,AWP,WE,Towers with Radar,0,19,107,0,126,0,0,163,0,163,0,19,270,0,289,186,28,214,503
04/10/2009,CRQ,CA,AWP,WE,Towers with Radar,0,16,112,1,129,0,2,129,14,145,0,18,241,15,274,214,0,214,488
04/11/2009,CRQ,CA,AWP,WE,Towers with Radar,0,11,111,0,122,0,4,174,0,178,0,15,285,0,300,188,0,188,488
04/12/2009,CRQ,CA,AWP,WE,Towers with Radar,0,15,90,0,105,0,3,220,1,224,0,18,310,1,329,250,0,250,579
04/13/2009,CRQ,CA,AWP,WE,Towers with Radar,0,20,76,0,96,0,6,221,0,227,0,26,297,0,323,264,1,265,588
04/14/2009,CRQ,CA,AWP,WE,Towers with Radar,0,24,111,0,135,0,0,75,0,75,0,24,186,0,210,58,2,60,270
04/15/2009,CRQ,CA,AWP,WE,Towers with Radar,0,16,66,0,82,0,9,135,0,144,0,25,201,0,226,192,0,192,418
04/16/2009,CRQ,CA,AWP,WE,Towers with Radar,0,28,85,3,116,0,1,196,1,198,0,29,281,4,314,127,0,127,441
04/17/2009,CRQ,CA,AWP,WE,Towers with Radar,0,24,85,0,109,0,6,293,1,300,0,30,378,1,409,212,4,216,625
04/18/2009,CRQ,CA,AWP,WE,Towers with Radar,0,10,60,0,70,0,5,254,4,263,0,15,314,4,333,232,4,236,569
04/19/2009,CRQ,CA,AWP,WE,Towers with Radar,0,21,80,0,101,0,11,339,0,350,0,32,419,0,451,336,0,336,787
04/20/2009,CRQ,CA,AWP,WE,Towers with Radar,0,21,59,0,80,0,18,213,0,231,0,39,272,0,311,220,0,220,531
04/21/2009,CRQ,CA,AWP,WE,Towers with Radar,0,17,80,0,97,0,7,199,4,210,0,24,279,4,307,206,2,208,515
04/22/2009,CRQ,CA,AWP,WE,Towers with Radar,0,19,132,0,151,0,3,101,2,106,0,22,233,2,257,50,0,50,307
04/23/2009,CRQ,CA,AWP,WE,Towers with Radar,0,19,132,7,158,0,2,93,0,95,0,21,225,7,253,183,2,185,438
04/24/2009,CRQ,CA,AWP,WE,Towers with Radar,0,17,168,2,187,0,3,177,1,181,0,20,345,3,368,274,0,274,642
04/25/2009,CRQ,CA,AWP,WE,Towers with Radar,0,12,88,0,100,0,6,173,0,179,0,18,261,0,279,208,0,208,487
04/26/2009,CRQ,CA,AWP,WE,Towers with Radar,0,9,100,0,109,0,6,190,0,196,0,15,290,0,305,238,0,238,543
04/27/2009,CRQ,CA,AWP,WE,Towers with Radar,0,16,95,0,111,0,5,199,4,208,0,21,294,4,319,258,0,258,577
04/28/2009,CRQ,CA,AWP,WE,Towers with Radar,0,17,117,2,136,0,6,160,0,166,0,23,277,2,302,124,0,124,426
04/29/2009,CRQ,CA,AWP,WE,Towers with Radar,0,20,139,0,159,0,1,237,0,238,0,21,376,0,397,255,0,255,652
04/30/2009,CRQ,CA,AWP,WE,Towers with Radar,0,23,108,1,132,0,3,230,0,233,0,26,338,1,365,194,6,200,565
05/01/2009,CRQ,CA,AWP,WE,Towers with Radar,0,19,101,0,120,0,1,208,1,210,0,20,309,1,330,172,2,174,504
05/02/2009,CRQ,CA,AWP,WE,Towers with Radar,0,7,94,0,101,0,1,95,0,96,0,8,189,0,197,114,0,114,311
05/03/2009,CRQ,CA,AWP,WE,Towers with Radar,0,16,117,0,133,0,3,163,0,166,0,19,280,0,299,190,4,194,493
05/04/2009,CRQ,CA,AWP,WE,Towers with Radar,0,17,95,2,114,0,7,81,0,88,0,24,176,2,202,94,1,95,297
05/05/2009,CRQ,CA,AWP,WE,Towers with Radar,0,24,80,0,104,0,0,165,0,165,0,24,245,0,269,162,0,162,431
05/06/2009,CRQ,CA,AWP,WE,Towers with Radar,0,18,99,0,117,0,7,198,1,206,0,25,297,1,323,304,0,304,627
05/07/2009,CRQ,CA,AWP,WE,Towers with Radar,0,19,97,1,117,0,2,181,0,183,0,21,278,1,300,172,0,172,472
05/08/2009,CRQ,CA,AWP,WE,Towers with Radar,0,27,173,2,202,0,3,122,0,125,0,30,295,2,327,6,0,6,333
05/09/2009,CRQ,CA,AWP,WE,Towers with Radar,0,11,136,0,147,0,0,85,0,85,0,11,221,0,232,54,0,54,286
05/10/2009,CRQ,CA,AWP,WE,Towers with Radar,0,22,96,0,118,0,1,123,0,124,0,23,219,0,242,71,0,71,313
05/11/2009,CRQ,CA,AWP,WE,Towers with Radar,0,21,122,2,145,0,1,169,0,170,0,22,291,2,315,266,0,266,581
05/12/2009,CRQ,CA,AWP,WE,Towers with Radar,0,20,152,2,174,0,2,82,0,84,0,22,234,2,258,148,0,148,406
05/13/2009,CRQ,CA,AWP,WE,Towers with Radar,0,21,101,2,124,0,7,203,5,215,0,28,304,7,339,272,6,278,617
05/14/2009,CRQ,CA,AWP,WE,Towers with Radar,0,23,93,0,116,0,9,153,0,162,0,32,246,0,278,110,0,110,388
05/15/2009,CRQ,CA,AWP,WE,Towers with Radar,0,24,161,0,185,0,1,109,2,112,0,25,270,2,297,86,2,88,385
05/16/2009,CRQ,CA,AWP,WE,Towers with Radar,0,12,143,0,155,0,2,69,0,71,0,14,212,0,226,26,0,26,252
05/17/2009,CRQ,CA,AWP,WE,Towers with Radar,0,15,132,0,147,0,1,56,0,57,0,16,188,0,204,104,0,104,308
05/18/2009,CRQ,CA,AWP,WE,Towers with Radar,0,28,166,3,197,0,8,72,0,80,0,36,238,3,277,32,0,32,309
05/19/2009,CRQ,CA,AWP,WE,Towers with Radar,0,23,145,1,169,0,7,201,0,208,0,30,346,1,377,124,0,124,501
05/20/2009,CRQ,CA,AWP,WE,Towers with Radar,0,22,102,1,125,0,3,200,2,205,0,25,302,3,330,222,2,224,554
05/21/2009,CRQ,CA,AWP,WE,Towers with Radar,0,21,136,0,157,0,2,198,1,201,0,23,334,1,358,130,2,132,490
05/22/2009,CRQ,CA,AWP,WE,Towers with Radar,0,24,155,0,179,0,4,232,0,236,0,28,387,0,415,164,0,164,579
05/23/2009,CRQ,CA,AWP,WE,Towers with Radar,0,8,99,0,107,0,12,257,2,271,0,20,356,2,378,198,0,198,576
05/24/2009,CRQ,CA,AWP,WE,Towers with Radar,0,13,73,0,86,0,7,180,0,187,0,20,253,0,273,174,0,174,447
05/25/2009,CRQ,CA,AWP,WE,Towers with Radar,0,19,101,0,120,0,9,201,0,210,0,28,302,0,330,176,0,176,506
05/26/2009,CRQ,CA,AWP,WE,Towers with Radar,0,29,98,0,127,0,7,218,0,225,0,36,316,0,352,120,0,120,472
05/27/2009,CRQ,CA,AWP,WE,Towers with Radar,0,21,178,2,201,0,3,50,0,53,0,24,228,2,254,131,0,131,385
05/28/2009,CRQ,CA,AWP,WE,Towers with Radar,0,30,194,1,225,0,0,2,0,2,0,30,196,1,227,0,0,0,227
05/29/2009,CRQ,CA,AWP,WE,Towers with Radar,0,16,178,0,194,0,0,8,0,8,0,16,186,0,202,14,0,14,216
05/30/2009,CRQ,CA,AWP,WE,Towers with Radar,0,25,119,0,144,0,0,4,0,4,0,25,123,0,148,0,0,0,148
05/31/2009,CRQ,CA,AWP,WE,Towers with Radar,0,16,165,1,182,0,0,16,0,16,0,16,181,1,198,0,0,0,198
06/01/2009,CRQ,CA,AWP,WE,Towers with Radar,0,13,158,0,171,0,0,13,0,13,0,13,171,0,184,18,0,18,202
06/02/2009,CRQ,CA,AWP,WE,Towers with Radar,0,17,143,1,161,0,10,248,2,260,0,27,391,3,421,231,2,233,654
06/03/2009,CRQ,CA,AWP,WE,Towers with Radar,0,18,100,0,118,0,1,67,0,68,0,19,167,0,186,186,0,186,372
06/04/2009,CRQ,CA,AWP,WE,Towers with Radar,0,20,121,0,141,0,4,180,0,184,0,24,301,0,325,182,0,182,507
06/05/2009,CRQ,CA,AWP,WE,Towers with Radar,0,15,106,1,122,0,3,147,10,160,0,18,253,11,282,266,0,266,548
06/06/2009,CRQ,CA,AWP,WE,Towers with Radar,0,17,74,0,91,0,6,145,0,151,0,23,219,0,242,154,0,154,396
06/07/2009,CRQ,CA,AWP,WE,Towers with Radar,0,28,106,0,134,0,5,173,0,178,0,33,279,0,312,146,0,146,458
06/08/2009,CRQ,CA,AWP,WE,Towers with Radar,0,22,100,2,124,0,2,181,0,183,0,24,281,2,307,246,1,247,554
06/09/2009,CRQ,CA,AWP,WE,Towers with Radar,0,19,126,3,148,0,2,188,2,192,0,21,314,5,340,126,0,126,466
06/10/2009,CRQ,CA,AWP,WE,Towers with Radar,0,17,165,7,189,0,0,98,1,99,0,17,263,8,288,194,0,194,482
06/11/2009,CRQ,CA,AWP,WE,Towers with Radar,0,22,134,3,159,0,4,152,2,158,0,26,286,5,317,130,0,130,447
06/12/2009,CRQ,CA,AWP,WE,Towers with Radar,0,24,141,0,165,0,3,149,2,154,0,27,290,2,319,200,0,200,519
06/13/2009,CRQ,CA,AWP,WE,Towers with Radar,0,14,89,2,105,0,5,190,0,195,0,19,279,2,300,186,0,186,486
06/14/2009,CRQ,CA,AWP,WE,Towers with Radar,0,13,106,0,119,0,2,164,1,167,0,15,270,1,286,194,0,194,480
06/15/2009,CRQ,CA,AWP,WE,Towers with Radar,0,16,119,0,135,0,5,113,0,118,0,21,232,0,253,228,0,228,481
06/16/2009,CRQ,CA,AWP,WE,Towers with Radar,0,26,107,0,133,0,4,171,0,175,0,30,278,0,308,213,0,213,521
06/17/2009,CRQ,CA,AWP,WE,Towers with Radar,0,26,141,0,167,0,9,172,0,181,0,35,313,0,348,172,0,172,520
06/18/2009,CRQ,CA,AWP,WE,Towers with Radar,0,30,131,7,168,0,6,166,0,172,0,36,297,7,340,245,0,245,585
06/19/2009,CRQ,CA,AWP,WE,Towers with Radar,0,27,232,6,265,0,0,0,0,0,0,27,232,6,265,0,0,0,265
06/20/2009,CRQ,CA,AWP,WE,Towers with Radar,0,18,119,1,138,0,2,24,0,26,0,20,143,1,164,118,0,118,282
06/21/2009,CRQ,CA,AWP,WE,Towers with Radar,0,25,109,0,134,0,0,184,0,184,0,25,293,0,318,228,0,228,546
06/22/2009,CRQ,CA,AWP,WE,Towers with Radar,0,23,67,2,92,0,3,192,1,196,0,26,259,3,288,256,0,256,544
06/23/2009,CRQ,CA,AWP,WE,Towers with Radar,0,25,88,3,116,0,3,180,2,185,0,28,268,5,301,218,0,218,519
06/24/2009,CRQ,CA,AWP,WE,Towers with Radar,0,23,102,0,125,0,6,150,3,159,0,29,252,3,284,208,2,210,494
06/25/2009,CRQ,CA,AWP,WE,Towers with Radar,0,25,132,0,157,0,0,139,1,140,0,25,271,1,297,112,0,112,409
06/26/2009,CRQ,CA,AWP,WE,Towers with Radar,0,28,117,1,146,0,10,217,0,227,0,38,334,1,373,150,0,150,523
06/27/2009,CRQ,CA,AWP,WE,Towers with Radar,0,12,77,0,89,0,8,359,0,367,0,20,436,0,456,178,0,178,634
06/28/2009,CRQ,CA,AWP,WE,Towers with Radar,0,16,91,0,107,0,2,163,1,166,0,18,254,1,273,164,0,164,437
06/29/2009,CRQ,CA,AWP,WE,Towers with Radar,0,21,127,0,148,0,2,188,0,190,0,23,315,0,338,168,0,168,506
06/30/2009,CRQ,CA,AWP,WE,Towers with Radar,0,28,112,0,140,0,5,113,0,118,0,33,225,0,258,86,0,86,344
07/01/2009,CRQ,CA,AWP,WE,Towers with Radar,0,25,115,0,140,0,6,155,0,161,0,31,270,0,301,194,0,194,495
07/02/2009,CRQ,CA,AWP,WE,Towers with Radar,0,20,154,0,174,0,3,85,0,88,0,23,239,0,262,54,0,54,316
07/03/2009,CRQ,CA,AWP,WE,Towers with Radar,0,17,149,1,167,0,3,163,0,166,0,20,312,1,333,146,0,146,479
07/04/2009,CRQ,CA,AWP,WE,Towers with Radar,0,11,72,0,83,0,9,176,0,185,0,20,248,0,268,144,0,144,412
07/05/2009,CRQ,CA,AWP,WE,Towers with Radar,0,16,82,0,98,0,4,201,0,205,0,20,283,0,303,126,0,126,429
07/06/2009,CRQ,CA,AWP,WE,Towers with Radar,0,21,115,0,136,0,0,168,2,170,0,21,283,2,306,59,2,61,367
07/07/2009,CRQ,CA,AWP,WE,Towers with Radar,0,21,80,0,101,0,6,139,0,145,0,27,219,0,246,82,0,82,328
07/08/2009,CRQ,CA,AWP,WE,Towers with Radar,0,23,90,0,113,0,3,188,0,191,0,26,278,0,304,88,0,88,392
07/09/2009,CRQ,CA,AWP,WE,Towers with Radar,0,23,79,0,102,0,5,199,0,204,0,28,278,0,306,120,0,120,426
07/10/2009,CRQ,CA,AWP,WE,Towers with Radar,0,30,108,0,138,0,9,218,0,227,0,39,326,0,365,216,0,216,581
07/11/2009,CRQ,CA,AWP,WE,Towers with Radar,0,19,43,2,64,0,4,224,1,229,0,23,267,3,293,170,0,170,463
07/12/2009,CRQ,CA,AWP,WE,Towers with Radar,0,34,70,0,104,0,5,179,3,187,0,39,249,3,291,74,0,74,365
07/13/2009,CRQ,CA,AWP,WE,Towers with Radar,0,21,92,0,113,0,1,167,0,168,0,22,259,0,281,80,0,80,361
07/14/2009,CRQ,CA,AWP,WE,Towers with Radar,0,23,102,0,125,0,4,194,0,198,0,27,296,0,323,196,0,196,519
07/15/2009,CRQ,CA,AWP,WE,Towers with Radar,0,25,102,0,127,0,4,152,0,156,0,29,254,0,283,156,0,156,439
07/16/2009,CRQ,CA,AWP,WE,Towers with Radar,0,19,89,1,109,0,1,165,0,166,0,20,254,1,275,182,0,182,457
07/17/2009,CRQ,CA,AWP,WE,Towers with Radar,0,23,67,0,90,0,0,199,2,201,0,23,266,2,291,162,1,163,454
07/18/2009,CRQ,CA,AWP,WE,Towers with Radar,0,11,59,1,71,0,2,259,2,263,0,13,318,3,334,204,0,204,538
07/19/2009,CRQ,CA,AWP,WE,Towers with Radar,0,24,102,0,126,0,5,191,1,197,0,29,293,1,323,150,0,150,473
07/20/2009,CRQ,CA,AWP,WE,Towers with Radar,0,20,76,0,96,0,4,155,4,163,0,24,231,4,259,155,4,159,418
07/21/2009,CRQ,CA,AWP,WE,Towers with Radar,0,28,94,1,123,0,10,189,0,199,0,38,283,1,322,152,0,152,474
07/22/2009,CRQ,CA,AWP,WE,Towers with Radar,0,25,97,0,122,0,2,230,0,232,0,27,327,0,354,154,0,154,508
07/23/2009,CRQ,CA,AWP,WE,Towers with Radar,0,23,118,0,141,0,7,206,0,213,0,30,324,0,354,142,0,142,496
07/24/2009,CRQ,CA,AWP,WE,Towers with Radar,0,24,126,0,150,0,18,158,0,176,0,42,284,0,326,170,0,170,496
07/25/2009,CRQ,CA,AWP,WE,Towers with Radar,0,15,110,0,125,0,10,215,0,225,0,25,325,0,350,130,0,130,480
07/26/2009,CRQ,CA,AWP,WE,Towers with Radar,0,33,120,0,153,0,7,149,0,156,0,40,269,0,309,170,0,170,479
07/27/2009,CRQ,CA,AWP,WE,Towers with Radar,0,32,103,0,135,0,0,138,0,138,0,32,241,0,273,170,0,170,443
07/28/2009,CRQ,CA,AWP,WE,Towers with Radar,0,16,0,0,16,0,12,173,0,185,0,28,173,0,201,250,0,250,451
07/29/2009,CRQ,CA,AWP,WE,Towers with Radar,0,19,95,4,118,0,3,134,1,138,0,22,229,5,256,188,0,188,444
07/30/2009,CRQ,CA,AWP,WE,Towers with Radar,0,19,105,0,124,0,2,149,2,153,0,21,254,2,277,118,0,118,395
07/31/2009,CRQ,CA,AWP,WE,Towers with Radar,0,25,101,0,126,0,9,190,0,199,0,34,291,0,325,154,0,154,479
08/01/2009,CRQ,CA,AWP,WE,Towers with Radar,0,14,104,0,118,0,0,203,0,203,0,14,307,0,321,128,0,128,449
08/02/2009,CRQ,CA,AWP,WE,Towers with Radar,0,32,140,0,172,0,6,156,0,162,0,38,296,0,334,90,0,90,424
08/03/2009,CRQ,CA,AWP,WE,Towers with Radar,0,25,57,0,82,0,3,184,2,189,0,28,241,2,271,124,0,124,395
08/04/2009,CRQ,CA,AWP,WE,Towers with Radar,0,19,85,0,104,0,9,179,0,188,0,28,264,0,292,178,0,178,470
08/05/2009,CRQ,CA,AWP,WE,Towers with Radar,0,23,71,0,94,0,6,245,0,251,0,29,316,0,345,100,4,104,449
08/06/2009,CRQ,CA,AWP,WE,Towers with Radar,0,26,95,0,121,0,3,213,0,216,0,29,308,0,337,132,0,132,469
08/07/2009,CRQ,CA,AWP,WE,Towers with Radar,0,29,99,0,128,0,6,223,0,229,0,35,322,0,357,122,0,122,479
08/08/2009,CRQ,CA,AWP,WE,Towers with Radar,0,20,71,0,91,0,2,236,1,239,0,22,307,1,330,170,0,170,500
08/09/2009,CRQ,CA,AWP,WE,Towers with Radar,0,39,112,0,151,0,0,214,0,214,0,39,326,0,365,116,0,116,481
08/10/2009,CRQ,CA,AWP,WE,Towers with Radar,0,23,118,0,141,0,12,116,0,128,0,35,234,0,269,104,1,105,374
08/11/2009,CRQ,CA,AWP,WE,Towers with Radar,0,24,97,2,123,0,3,252,0,255,0,27,349,2,378,230,2,232,610
08/12/2009,CRQ,CA,AWP,WE,Towers with Radar,0,24,138,0,162,0,2,116,0,118,0,26,254,0,280,88,0,88,368
08/13/2009,CRQ,CA,AWP,WE,Towers with Radar,0,21,128,2,151,0,0,177,2,179,0,21,305,4,330,184,0,184,514
08/14/2009,CRQ,CA,AWP,WE,Towers with Radar,0,20,123,0,143,0,5,177,0,182,0,25,300,0,325,164,0,164,489
08/15/2009,CRQ,CA,AWP,WE,Towers with Radar,0,15,112,0,127,0,3,196,0,199,0,18,308,0,326,144,0,144,470
08/16/2009,CRQ,CA,AWP,WE,Towers with Radar,0,26,128,0,154,0,4,198,0,202,0,30,326,0,356,126,0,126,482
08/17/2009,CRQ,CA,AWP,WE,Towers with Radar,0,25,107,1,133,0,10,160,1,171,0,35,267,2,304,168,0,168,472
08/18/2009,CRQ,CA,AWP,WE,Towers with Radar,0,36,119,0,155,0,1,140,0,141,0,37,259,0,296,122,0,122,418
08/19/2009,CRQ,CA,AWP,WE,Towers with Radar,0,35,141,12,188,0,6,103,1,110,0,41,244,13,298,110,0,110,408
08/20/2009,CRQ,CA,AWP,WE,Towers with Radar,0,32,102,10,144,0,4,180,0,184,0,36,282,10,328,92,0,92,420
08/21/2009,CRQ,CA,AWP,WE,Towers with Radar,0,27,100,0,127,0,3,177,1,181,0,30,277,1,308,170,0,170,478
08/22/2009,CRQ,CA,AWP,WE,Towers with Radar,0,19,116,0,135,0,4,156,0,160,0,23,272,0,295,130,0,130,425
08/23/2009,CRQ,CA,AWP,WE,Towers with Radar,0,22,107,0,129,0,1,150,0,151,0,23,257,0,280,64,0,64,344
08/24/2009,CRQ,CA,AWP,WE,Towers with Radar,0,21,74,2,97,0,1,200,1,202,0,22,274,3,299,116,0,116,415
08/25/2009,CRQ,CA,AWP,WE,Towers with Radar,0,20,59,0,79,0,0,182,0,182,0,20,241,0,261,242,0,242,503
08/26/2009,CRQ,CA,AWP,WE,Towers with Radar,0,20,80,3,103,0,10,282,0,292,0,30,362,3,395,120,0,120,515
08/27/2009,CRQ,CA,AWP,WE,Towers with Radar,0,28,82,0,110,0,9,248,0,257,0,37,330,0,367,248,0,248,615
08/28/2009,CRQ,CA,AWP,WE,Towers with Radar,0,29,99,0,128,0,3,222,2,227,0,32,321,2,355,132,2,134,489
08/29/2009,CRQ,CA,AWP,WE,Towers with Radar,0,11,65,0,76,0,2,221,0,223,0,13,286,0,299,160,0,160,459
08/30/2009,CRQ,CA,AWP,WE,Towers with Radar,0,19,68,0,87,0,6,217,0,223,0,25,285,0,310,156,0,156,466
08/31/2009,CRQ,CA,AWP,WE,Towers with Radar,0,20,64,4,88,0,10,170,0,180,0,30,234,4,268,166,2,168,436
09/01/2009,CRQ,CA,AWP,WE,Towers with Radar,0,27,66,0,93,0,3,202,0,205,0,30,268,0,298,276,0,276,574
09/02/2009,CRQ,CA,AWP,WE,Towers with Radar,0,22,58,3,83,0,17,178,3,198,0,39,236,6,281,184,7,191,472
09/03/2009,CRQ,CA,AWP,WE,Towers with Radar,0,19,91,1,111,9,217,0,0,226,9,236,91,1,337,124,0,124,461
09/04/2009,CRQ,CA,AWP,WE,Towers with Radar,0,22,66,0,88,0,2,213,0,215,0,24,279,0,303,159,0,159,462
09/05/2009,CRQ,CA,AWP,WE,Towers with Radar,0,18,55,0,73,0,8,224,1,233,0,26,279,1,306,144,0,144,450
09/06/2009,CRQ,CA,AWP,WE,Towers with Radar,0,14,59,0,73,0,3,199,0,202,0,17,258,0,275,94,0,94,369
09/07/2009,CRQ,CA,AWP,WE,Towers with Radar,0,23,96,0,119,0,6,199,0,205,0,29,295,0,324,124,0,124,448
09/08/2009,CRQ,CA,AWP,WE,Towers with Radar,0,24,73,0,97,0,10,162,0,172,0,34,235,0,269,168,0,168,437
09/09/2009,CRQ,CA,AWP,WE,Towers with Radar,0,19,95,0,114,0,15,203,0,218,0,34,298,0,332,142,0,142,474
09/10/2009,CRQ,CA,AWP,WE,Towers with Radar,0,23,79,0,102,0,6,235,0,241,0,29,314,0,343,190,0,190,533
09/11/2009,CRQ,CA,AWP,WE,Towers with Radar,0,23,96,0,119,0,8,217,0,225,0,31,313,0,344,214,0,214,558
09/12/2009,CRQ,CA,AWP,WE,Towers with Radar,0,13,107,0,120,0,12,161,0,173,0,25,268,0,293,138,0,138,431
09/13/2009,CRQ,CA,AWP,WE,Towers with Radar,0,16,93,0,109,0,6,159,0,165,0,22,252,0,274,176,0,176,450
09/14/2009,CRQ,CA,AWP,WE,Towers with Radar,0,29,97,2,128,0,5,148,0,153,0,34,245,2,281,202,0,202,483
09/15/2009,CRQ,CA,AWP,WE,Towers with Radar,0,23,88,0,111,0,14,226,0,240,0,37,314,0,351,332,0,332,683
09/16/2009,CRQ,CA,AWP,WE,Towers with Radar,0,26,93,0,119,0,8,212,0,220,0,34,305,0,339,138,0,138,477
09/17/2009,CRQ,CA,AWP,WE,Towers with Radar,0,20,96,0,116,0,3,117,0,120,0,23,213,0,236,158,0,158,394
09/18/2009,CRQ,CA,AWP,WE,Towers with Radar,0,24,85,0,109,0,6,139,0,145,0,30,224,0,254,126,0,126,380
09/19/2009,CRQ,CA,AWP,WE,Towers with Radar,0,17,77,0,94,0,4,152,0,156,0,21,229,0,250,112,0,112,362
09/20/2009,CRQ,CA,AWP,WE,Towers with Radar,0,22,96,0,118,0,16,186,0,202,0,38,282,0,320,130,0,130,450
09/21/2009,CRQ,CA,AWP,WE,Towers with Radar,0,28,71,0,99,0,3,189,0,192,0,31,260,0,291,214,0,214,505
09/22/2009,CRQ,CA,AWP,WE,Towers with Radar,0,20,102,0,122,0,4,182,0,186,0,24,284,0,308,234,0,234,542
09/23/2009,CRQ,CA,AWP,WE,Towers with Radar,0,29,80,0,109,0,6,133,0,139,0,35,213,0,248,253,0,253,501
09/24/2009,CRQ,CA,AWP,WE,Towers with Radar,0,20,103,0,123,0,11,257,0,268,0,31,360,0,391,160,2,162,553
09/25/2009,CRQ,CA,AWP,WE,Towers with Radar,0,28,72,0,100,0,9,208,1,218,0,37,280,1,318,194,2,196,514
09/26/2009,CRQ,CA,AWP,WE,Towers with Radar,0,10,65,1,76,0,3,233,0,236,0,13,298,1,312,170,0,170,482
09/27/2009,CRQ,CA,AWP,WE,Towers with Radar,0,9,102,0,111,0,5,211,0,216,0,14,313,0,327,114,0,114,441
09/28/2009,CRQ,CA,AWP,WE,Towers with Radar,0,17,77,0,94,0,0,114,0,114,0,17,191,0,208,146,0,146,354
09/29/2009,CRQ,CA,AWP,WE,Towers with Radar,0,26,90,0,116,0,6,158,0,164,0,32,248,0,280,212,0,212,492
09/30/2009,CRQ,CA,AWP,WE,Towers with Radar,0,30,70,0,100,0,10,198,0,208,0,40,268,0,308,186,0,186,494
10/01/2009,CRQ,CA,AWP,WE,Towers with Radar,0,19,72,0,91,0,5,172,0,177,0,24,244,0,268,94,6,100,368
10/02/2009,CRQ,CA,AWP,WE,Towers with Radar,0,19,95,0,114,0,10,193,2,205,0,29,288,2,319,156,0,156,475
10/03/2009,CRQ,CA,AWP,WE,Towers with Radar,0,11,69,0,80,0,7,222,0,229,0,18,291,0,309,158,0,158,467
10/04/2009,CRQ,CA,AWP,WE,Towers with Radar,0,27,89,0,116,0,16,139,0,155,0,43,228,0,271,148,0,148,419
10/05/2009,CRQ,CA,AWP,WE,Towers with Radar,0,28,78,1,107,0,7,254,1,262,0,35,332,2,369,248,2,250,619
10/06/2009,CRQ,CA,AWP,WE,Towers with Radar,0,18,82,3,103,0,7,195,4,206,0,25,277,7,309,296,0,296,605
10/07/2009,CRQ,CA,AWP,WE,Towers with Radar,0,19,102,3,124,0,13,148,0,161,0,32,250,3,285,186,0,186,471
10/08/2009,CRQ,CA,AWP,WE,Towers with Radar,0,27,78,0,105,0,2,197,0,199,0,29,275,0,304,108,0,108,412
10/09/2009,CRQ,CA,AWP,WE,Towers with Radar,0,24,94,0,118,0,11,206,0,217,0,35,300,0,335,168,0,168,503
10/10/2009,CRQ,CA,AWP,WE,Towers with Radar,0,10,88,0,98,0,7,198,0,205,0,17,286,0,303,108,0,108,411
10/11/2009,CRQ,CA,AWP,WE,Towers with Radar,0,21,84,0,105,0,11,154,0,165,0,32,238,0,270,140,0,140,410
10/12/2009,CRQ,CA,AWP,WE,Towers with Radar,0,28,82,2,112,0,139,0,0,139,0,167,82,2,251,150,0,150,401
10/13/2009,CRQ,CA,AWP,WE,Towers with Radar,0,23,65,0,88,0,6,100,24,130,0,29,165,24,218,148,0,148,366
10/14/2009,CRQ,CA,AWP,WE,Towers with Radar,0,17,94,2,113,0,1,97,0,98,0,18,191,2,211,160,0,160,371
10/15/2009,CRQ,CA,AWP,WE,Towers with Radar,0,19,109,9,137,0,2,133,0,135,0,21,242,9,272,112,0,112,384
10/16/2009,CRQ,CA,AWP,WE,Towers with Radar,0,23,71,0,94,0,7,233,2,242,0,30,304,2,336,164,2,166,502
10/17/2009,CRQ,CA,AWP,WE,Towers with Radar,0,11,50,0,61,0,4,229,0,233,0,15,279,0,294,165,0,165,459
10/18/2009,CRQ,CA,AWP,WE,Towers with Radar,0,14,129,1,144,0,3,71,0,74,0,17,200,1,218,10,0,10,228
10/19/2009,CRQ,CA,AWP,WE,Towers with Radar,0,23,89,1,113,0,2,77,5,84,0,25,166,6,197,96,0,96,293
10/20/2009,CRQ,CA,AWP,WE,Towers with Radar,0,26,97,4,127,0,6,225,0,231,0,32,322,4,358,264,2,266,624
10/21/2009,CRQ,CA,AWP,WE,Towers with Radar,0,17,84,0,101,0,6,225,0,231,0,23,309,0,332,208,0,208,540
10/22/2009,CRQ,CA,AWP,WE,Towers with Radar,0,18,89,0,107,0,5,195,0,200,0,23,284,0,307,208,0,208,515
10/23/2009,CRQ,CA,AWP,WE,Towers with Radar,0,22,81,3,106,0,2,201,3,206,0,24,282,6,312,174,0,174,486
10/24/2009,CRQ,CA,AWP,WE,Towers with Radar,0,13,83,0,96,0,1,159,0,160,0,14,242,0,256,87,0,87,343
10/25/2009,CRQ,CA,AWP,WE,Towers with Radar,0,24,75,0,99,0,9,150,0,159,0,33,225,0,258,156,0,156,414
10/26/2009,CRQ,CA,AWP,WE,Towers with Radar,0,19,67,2,88,0,1,175,0,176,0,20,242,2,264,137,0,137,401
10/27/2009,CRQ,CA,AWP,WE,Towers with Radar,0,25,75,0,100,0,1,91,0,92,0,26,166,0,192,154,0,154,346
10/28/2009,CRQ,CA,AWP,WE,Towers with Radar,0,18,58,6,82,0,4,93,4,101,0,22,151,10,183,10,0,10,193
10/29/2009,CRQ,CA,AWP,WE,Towers with Radar,0,19,111,0,130,0,10,218,0,228,0,29,329,0,358,168,0,168,526
10/30/2009,CRQ,CA,AWP,WE,Towers with Radar,0,19,72,0,91,0,14,250,1,265,0,33,322,1,356,122,0,122,478
10/31/2009,CRQ,CA,AWP,WE,Towers with Radar,0,15,47,0,62,0,3,227,0,230,0,18,274,0,292,105,0,105,397
11/01/2009,CRQ,CA,AWP,WE,Towers with Radar,0,23,69,0,92,0,1,158,0,159,0,24,227,0,251,86,1,87,338
11/02/2009,CRQ,CA,AWP,WE,Towers with Radar,0,13,63,0,76,0,6,167,0,173,0,19,230,0,249,184,0,184,433
11/03/2009,CRQ,CA,AWP,WE,Towers with Radar,0,17,67,1,85,0,15,169,0,184,0,32,236,1,269,100,2,102,371
11/04/2009,CRQ,CA,AWP,WE,Towers with Radar,0,19,82,2,103,0,1,145,1,147,0,20,227,3,250,110,1,111,361
11/05/2009,CRQ,CA,AWP,WE,Towers with Radar,0,17,88,0,105,0,7,120,6,133,0,24,208,6,238,150,0,150,388
11/06/2009,CRQ,CA,AWP,WE,Towers with Radar,0,27,112,0,139,0,3,171,2,176,0,30,283,2,315,158,4,162,477
11/07/2009,CRQ,CA,AWP,WE,Towers with Radar,0,11,101,0,112,0,7,138,0,145,0,18,239,0,257,94,0,94,351
11/08/2009,CRQ,CA,AWP,WE,Towers with Radar,0,21,96,0,117,0,4,213,0,217,0,25,309,0,334,178,0,178,512
11/09/2009,CRQ,CA,AWP,WE,Towers with Radar,0,18,69,2,89,0,3,158,2,163,0,21,227,4,252,150,0,150,402
11/10/2009,CRQ,CA,AWP,WE,Towers with Radar,0,17,84,1,102,0,3,184,0,187,0,20,268,1,289,164,0,164,453
11/11/2009,CRQ,CA,AWP,WE,Towers with Radar,0,16,70,0,86,0,4,233,0,237,0,20,303,0,323,205,0,205,528
11/12/2009,CRQ,CA,AWP,WE,Towers with Radar,0,24,94,0,118,0,8,134,0,142,0,32,228,0,260,132,0,132,392
11/13/2009,CRQ,CA,AWP,WE,Towers with Radar,0,18,125,4,147,0,7,150,2,159,0,25,275,6,306,230,2,232,538
11/14/2009,CRQ,CA,AWP,WE,Towers with Radar,0,13,61,0,74,0,2,261,0,263,0,15,322,0,337,208,0,208,545
11/15/2009,CRQ,CA,AWP,WE,Towers with Radar,0,19,86,0,105,0,2,223,0,225,0,21,309,0,330,146,0,146,476
11/16/2009,CRQ,CA,AWP,WE,Towers with Radar,0,21,52,1,74,0,12,174,0,186,0,33,226,1,260,286,0,286,546
11/17/2009,CRQ,CA,AWP,WE,Towers with Radar,0,16,79,1,96,0,13,212,4,229,0,29,291,5,325,204,0,204,529
11/18/2009,CRQ,CA,AWP,WE,Towers with Radar,0,20,76,5,101,0,2,199,0,201,0,22,275,5,302,190,0,190,492
11/19/2009,CRQ,CA,AWP,WE,Towers with Radar,0,16,93,1,110,0,1,194,0,195,0,17,287,1,305,130,0,130,435
11/20/2009,CRQ,CA,AWP,WE,Towers with Radar,0,23,100,0,123,0,5,214,1,220,0,28,314,1,343,150,0,150,493
11/21/2009,CRQ,CA,AWP,WE,Towers with Radar,0,13,78,2,93,0,8,206,2,216,0,21,284,4,309,154,2,156,465
11/22/2009,CRQ,CA,AWP,WE,Towers with Radar,0,21,69,0,90,0,9,208,1,218,0,30,277,1,308,122,0,122,430
11/23/2009,CRQ,CA,AWP,WE,Towers with Radar,0,21,64,0,85,0,2,259,0,261,0,23,323,0,346,258,0,258,604
11/24/2009,CRQ,CA,AWP,WE,Towers with Radar,0,23,80,0,103,0,5,244,0,249,0,28,324,0,352,200,0,200,552
11/25/2009,CRQ,CA,AWP,WE,Towers with Radar,0,17,82,0,99,0,8,208,1,217,0,25,290,1,316,216,0,216,532
11/26/2009,CRQ,CA,AWP,WE,Towers with Radar,0,10,33,2,45,0,5,101,0,106,0,15,134,2,151,80,0,80,231
11/27/2009,CRQ,CA,AWP,WE,Towers with Radar,0,17,67,0,84,0,5,143,0,148,0,22,210,0,232,162,0,162,394
11/28/2009,CRQ,CA,AWP,WE,Towers with Radar,0,18,66,0,84,0,3,62,3,68,0,21,128,3,152,122,4,126,278
11/29/2009,CRQ,CA,AWP,WE,Towers with Radar,0,31,103,0,134,0,0,221,0,221,0,31,324,0,355,126,0,126,481
11/30/2009,CRQ,CA,AWP,WE,Towers with Radar,0,24,45,0,69,0,14,169,1,184,0,38,214,1,253,124,10,134,387
12/01/2009,CRQ,CA,AWP,WE,Towers with Radar,0,21,71,3,95,0,3,167,1,171,0,24,238,4,266,182,0,182,448
12/02/2009,CRQ,CA,AWP,WE,Towers with Radar,0,12,80,1,93,0,1,166,1,168,0,13,246,2,261,165,2,167,428
12/03/2009,CRQ,CA,AWP,WE,Towers with Radar,0,14,102,1,117,0,8,155,0,163,0,22,257,1,280,134,0,134,414
12/04/2009,CRQ,CA,AWP,WE,Towers with Radar,0,17,56,0,73,0,2,239,0,241,0,19,295,0,314,264,0,264,578
12/05/2009,CRQ,CA,AWP,WE,Towers with Radar,0,14,103,0,117,0,12,146,0,158,0,26,249,0,275,300,0,300,575
12/06/2009,CRQ,CA,AWP,WE,Towers with Radar,0,20,74,5,99,0,3,114,1,118,0,23,188,6,217,106,0,106,323
12/07/2009,CRQ,CA,AWP,WE,Towers with Radar,0,11,30,0,41,0,0,0,0,0,0,11,30,0,41,0,0,0,41
12/08/2009,CRQ,CA,AWP,WE,Towers with Radar,0,14,84,0,98,0,8,122,0,130,0,22,206,0,228,146,0,146,374
12/09/2009,CRQ,CA,AWP,WE,Towers with Radar,0,18,65,2,85,0,12,179,0,191,0,30,244,2,276,91,0,91,367
12/10/2009,CRQ,CA,AWP,WE,Towers with Radar,0,17,65,0,82,0,1,135,0,136,0,18,200,0,218,95,0,95,313
12/11/2009,CRQ,CA,AWP,WE,Towers with Radar,0,17,100,0,117,0,0,43,0,43,0,17,143,0,160,42,0,42,202
12/12/2009,CRQ,CA,AWP,WE,Towers with Radar,0,10,45,1,56,0,0,6,0,6,0,10,51,1,62,4,0,4,66
12/13/2009,CRQ,CA,AWP,WE,Towers with Radar,0,13,73,0,86,0,3,133,0,136,0,16,206,0,222,168,0,168,390
12/14/2009,CRQ,CA,AWP,WE,Towers with Radar,0,19,90,0,109,0,2,197,6,205,0,21,287,6,314,129,6,135,449
12/15/2009,CRQ,CA,AWP,WE,Towers with Radar,0,18,76,0,94,0,2,214,0,216,0,20,290,0,310,96,0,96,406
12/16/2009,CRQ,CA,AWP,WE,Towers with Radar,0,17,72,2,91,0,7,173,0,180,0,24,245,2,271,126,0,126,397
12/17/2009,CRQ,CA,AWP,WE,Towers with Radar,0,15,69,2,86,0,6,200,2,208,0,21,269,4,294,94,2,96,390
12/18/2009,CRQ,CA,AWP,WE,Towers with Radar,0,21,66,0,87,0,2,227,0,229,0,23,293,0,316,108,0,108,424
12/19/2009,CRQ,CA,AWP,WE,Towers with Radar,0,8,78,0,86,0,3,252,2,257,0,11,330,2,343,156,0,156,499
12/20/2009,CRQ,CA,AWP,WE,Towers with Radar,0,19,59,0,78,0,3,219,5,227,0,22,278,5,305,152,8,160,465
12/21/2009,CRQ,CA,AWP,WE,Towers with Radar,0,16,80,0,96,0,8,191,0,199,0,24,271,0,295,196,0,196,491
12/22/2009,CRQ,CA,AWP,WE,Towers with Radar,0,17,53,2,72,0,5,106,4,115,0,22,159,6,187,122,4,126,313
12/23/2009,CRQ,CA,AWP,WE,Towers with Radar,0,18,51,2,71,0,2,231,0,233,0,20,282,2,304,136,0,136,440
12/24/2009,CRQ,CA,AWP,WE,Towers with Radar,0,18,41,0,59,0,0,156,0,156,0,18,197,0,215,112,0,112,327
12/25/2009,CRQ,CA,AWP,WE,Towers with Radar,0,16,15,0,31,0,2,83,0,85,0,18,98,0,116,80,0,80,196
12/26/2009,CRQ,CA,AWP,WE,Towers with Radar,0,15,90,0,105,0,4,189,0,193,0,19,279,0,298,166,0,166,464
12/27/2009,CRQ,CA,AWP,WE,Towers with Radar,0,21,66,0,87,0,8,157,0,165,0,29,223,0,252,112,0,112,364
12/28/2009,CRQ,CA,AWP,WE,Towers with Radar,0,21,80,3,104,0,2,169,0,171,0,23,249,3,275,200,0,200,475
12/29/2009,CRQ,CA,AWP,WE,Towers with Radar,0,20,57,0,77,0,7,197,0,204,0,27,254,0,281,127,0,127,408
12/30/2009,CRQ,CA,AWP,WE,Towers with Radar,0,15,136,0,151,0,49,0,0,49,0,64,136,0,200,38,6,44,244
12/31/2009,CRQ,CA,AWP,WE,Towers with Radar,0,14,61,0,75,0,2,208,1,211,0,16,269,1,286,95,0,95,381
01/01/2010,CRQ,CA,AWP,WE,Towers with Radar,0,14,46,0,60,0,7,185,0,192,0,21,231,0,252,164,0,164,416
01/02/2010,CRQ,CA,AWP,WE,Towers with Radar,0,19,97,0,116,0,4,295,1,300,0,23,392,1,416,232,0,232,648
01/03/2010,CRQ,CA,AWP,WE,Towers with Radar,0,17,80,0,97,0,8,214,0,222,0,25,294,0,319,161,0,161,480
01/04/2010,CRQ,CA,AWP,WE,Towers with Radar,0,18,48,0,66,0,18,120,0,138,0,36,168,0,204,176,0,176,380
01/05/2010,CRQ,CA,AWP,WE,Towers with Radar,0,19,65,0,84,0,3,196,0,199,0,22,261,0,283,124,0,124,407
01/06/2010,CRQ,CA,AWP,WE,Towers with Radar,0,14,62,0,76,0,6,200,0,206,0,20,262,0,282,122,0,122,404
01/07/2010,CRQ,CA,AWP,WE,Towers with Radar,0,19,82,7,108,0,6,168,0,174,0,25,250,7,282,116,0,116,398
01/08/2010,CRQ,CA,AWP,WE,Towers with Radar,0,24,69,3,96,0,9,229,2,240,0,33,298,5,336,160,0,160,496
01/09/2010,CRQ,CA,AWP,WE,Towers with Radar,0,12,57,0,69,0,2,229,2,233,0,14,286,2,302,127,0,127,429
01/10/2010,CRQ,CA,AWP,WE,Towers with Radar,0,22,100,0,122,0,1,305,1,307,0,23,405,1,429,142,0,142,571
01/11/2010,CRQ,CA,AWP,WE,Towers with Radar,0,19,83,2,104,0,4,190,0,194,0,23,273,2,298,176,0,176,474
01/12/2010,CRQ,CA,AWP,WE,Towers with Radar,0,17,69,0,86,0,4,193,0,197,0,21,262,0,283,216,0,216,499
01/13/2010,CRQ,CA,AWP,WE,Towers with Radar,0,19,132,0,151,0,5,16,0,21,0,24,148,0,172,64,0,64,236
01/14/2010,CRQ,CA,AWP,WE,Towers with Radar,0,32,80,1,113,0,7,215,0,222,0,39,295,1,335,147,1,148,483
01/15/2010,CRQ,CA,AWP,WE,Towers with Radar,0,21,93,0,114,0,4,290,0,294,0,25,383,0,408,134,0,134,542
01/16/2010,CRQ,CA,AWP,WE,Towers with Radar,0,9,75,0,84,0,6,287,0,293,0,15,362,0,377,130,0,130,507
01/17/2010,CRQ,CA,AWP,WE,Towers with Radar,0,21,46,0,67,0,0,120,0,120,0,21,166,0,187,111,0,111,298
01/18/2010,CRQ,CA,AWP,WE,Towers with Radar,0,9,73,2,84,0,0,2,0,2,0,9,75,2,86,0,0,0,86
01/19/2010,CRQ,CA,AWP,WE,Towers with Radar,0,17,53,0,70,0,5,44,0,49,0,22,97,0,119,18,0,18,137
01/20/2010,CRQ,CA,AWP,WE,Towers with Radar,0,13,34,0,47,0,1,25,0,26,0,14,59,0,73,42,0,42,115
01/21/2010,CRQ,CA,AWP,WE,Towers with Radar,0,8,29,0,37,0,0,2,0,2,0,8,31,0,39,0,0,0,39
01/22/2010,CRQ,CA,AWP,WE,Towers with Radar,0,12,27,0,39,0,0,19,0,19,0,12,46,0,58,22,0,22,80
01/23/2010,CRQ,CA,AWP,WE,Towers with Radar,0,15,122,0,137,0,5,221,0,226,0,20,343,0,363,174,0,174,537
01/24/2010,CRQ,CA,AWP,WE,Towers with Radar,0,13,84,0,97,0,4,208,0,212,0,17,292,0,309,150,0,150,459
01/25/2010,CRQ,CA,AWP,WE,Towers with Radar,0,16,65,0,81,0,5,195,1,201,0,21,260,1,282,184,2,186,468
01/26/2010,CRQ,CA,AWP,WE,Towers with Radar,0,24,75,1,100,0,7,113,2,122,0,31,188,3,222,214,4,218,440
01/27/2010,CRQ,CA,AWP,WE,Towers with Radar,0,21,82,0,103,0,7,149,3,159,0,28,231,3,262,222,0,222,484
01/28/2010,CRQ,CA,AWP,WE,Towers with Radar,0,18,77,3,98,0,9,258,2,269,0,27,335,5,367,139,0,139,506
01/29/2010,CRQ,CA,AWP,WE,Towers with Radar,0,16,82,0,98,0,1,229,0,230,0,17,311,0,328,156,0,156,484
01/30/2010,CRQ,CA,AWP,WE,Towers with Radar,0,18,54,0,72,0,4,230,0,234,0,22,284,0,306,184,0,184,490
01/31/2010,CRQ,CA,AWP,WE,Towers with Radar,0,20,77,0,97,0,5,241,0,246,0,25,318,0,343,158,0,158,501
02/01/2010,CRQ,CA,AWP,WE,Towers with Radar,0,16,79,1,96,0,3,135,1,139,0,19,214,2,235,138,0,138,373
02/02/2010,CRQ,CA,AWP,WE,Towers with Radar,0,24,86,1,111,0,7,196,0,203,0,31,282,1,314,154,0,154,468
02/03/2010,CRQ,CA,AWP,WE,Towers with Radar,0,18,95,5,118,0,6,191,2,199,0,24,286,7,317,222,6,228,545
02/04/2010,CRQ,CA,AWP,WE,Towers with Radar,0,22,119,3,144,0,4,131,0,135,0,26,250,3,279,170,0,170,449
02/05/2010,CRQ,CA,AWP,WE,Towers with Radar,0,19,96,0,115,0,0,79,0,79,0,19,175,0,194,158,0,158,352
02/06/2010,CRQ,CA,AWP,WE,Towers with Radar,0,8,59,0,67,0,0,0,0,0,0,8,59,0,67,0,0,0,67
02/07/2010,CRQ,CA,AWP,WE,Towers with Radar,0,21,59,1,81,0,6,162,0,168,0,27,221,1,249,220,0,220,469
02/08/2010,CRQ,CA,AWP,WE,Towers with Radar,0,19,77,0,96,0,5,272,0,277,0,24,349,0,373,154,0,154,527
02/09/2010,CRQ,CA,AWP,WE,Towers with Radar,0,15,64,0,79,0,5,79,4,88,0,20,143,4,167,106,0,106,273
02/10/2010,CRQ,CA,AWP,WE,Towers with Radar,0,21,81,0,102,0,8,234,0,242,0,29,315,0,344,108,0,108,452
02/11/2010,CRQ,CA,AWP,WE,Towers with Radar,0,15,117,0,132,0,7,247,0,254,0,22,364,0,386,112,1,113,499
02/12/2010,CRQ,CA,AWP,WE,Towers with Radar,0,19,111,1,131,0,10,248,0,258,0,29,359,1,389,112,0,112,501
02/13/2010,CRQ,CA,AWP,WE,Towers with Radar,0,13,86,1,100,0,5,247,1,253,0,18,333,2,353,142,0,142,495
02/14/2010,CRQ,CA,AWP,WE,Towers with Radar,0,20,54,0,74,0,15,307,0,322,0,35,361,0,396,150,0,150,546
02/15/2010,CRQ,CA,AWP,WE,Towers with Radar,0,23,99,0,122,0,4,274,0,278,0,27,373,0,400,204,0,204,604
02/16/2010,CRQ,CA,AWP,WE,Towers with Radar,0,20,99,2,121,0,7,203,2,212,0,27,302,4,333,184,0,184,517
02/17/2010,CRQ,CA,AWP,WE,Towers with Radar,0,17,80,4,101,0,5,193,1,199,0,22,273,5,300,129,0,129,429
02/18/2010,CRQ,CA,AWP,WE,Towers with Radar,0,15,88,0,103,0,8,218,1,227,0,23,306,1,330,102,0,102,432
02/19/2010,CRQ,CA,AWP,WE,Towers with Radar,0,14,122,0,136,0,2,180,0,182,0,16,302,0,318,58,0,58,376
02/20/2010,CRQ,CA,AWP,WE,Towers with Radar,0,7,73,2,82,0,6,194,1,201,0,13,267,3,283,158,0,158,441
02/21/2010,CRQ,CA,AWP,WE,Towers with Radar,0,29,78,0,107,0,5,124,2,131,0,34,202,2,238,102,0,102,340
02/22/2010,CRQ,CA,AWP,WE,Towers with Radar,0,18,86,9,113,0,0,184,1,185,0,18,270,10,298,152,1,153,451
02/23/2010,CRQ,CA,AWP,WE,Towers with Radar,0,25,64,0,89,0,1,223,0,224,0,26,287,0,313,142,0,142,455
02/24/2010,CRQ,CA,AWP,WE,Towers with Radar,0,22,72,2,96,0,1,112,0,113,0,23,184,2,209,230,4,234,443
02/25/2010,CRQ,CA,AWP,WE,Towers with Radar,0,21,125,0,146,0,6,159,0,165,0,27,284,0,311,90,2,92,403
02/26/2010,CRQ,CA,AWP,WE,Towers with Radar,0,17,84,0,101,0,4,231,0,235,0,21,315,0,336,148,0,148,484
02/27/2010,CRQ,CA,AWP,WE,Towers with Radar,0,10,33,1,44,0,0,2,0,2,0,10,35,1,46,0,0,0,46
02/28/2010,CRQ,CA,AWP,WE,Towers with Radar,0,26,107,2,135,0,4,279,2,285,0,30,386,4,420,156,0,156,576
03/01/2010,CRQ,CA,AWP,WE,Towers with Radar,0,19,78,0,97,0,8,210,3,221,0,27,288,3,318,142,2,144,462
03/02/2010,CRQ,CA,AWP,WE,Towers with Radar,0,16,91,6,113,0,1,218,4,223,0,17,309,10,336,166,0,166,502
03/03/2010,CRQ,CA,AWP,WE,Towers with Radar,0,21,90,2,113,0,4,155,1,160,0,25,245,3,273,109,0,109,382
03/04/2010,CRQ,CA,AWP,WE,Towers with Radar,0,18,125,0,143,0,4,172,14,190,0,22,297,14,333,102,2,104,437
03/05/2010,CRQ,CA,AWP,WE,Towers with Radar,0,17,79,0,96,0,0,0,0,0,0,17,79,0,96,120,0,120,216
03/06/2010,CRQ,CA,AWP,WE,Towers with Radar,0,12,73,0,85,0,2,63,0,65,0,14,136,0,150,0,0,0,150
03/07/2010,CRQ,CA,AWP,WE,Towers with Radar,0,13,77,1,91,0,1,87,0,88,0,14,164,1,179,92,0,92,271
03/08/2010,CRQ,CA,AWP,WE,Towers with Radar,0,16,78,0,94,0,1,94,0,95,0,17,172,0,189,102,0,102,291
03/09/2010,CRQ,CA,AWP,WE,Towers with Radar,0,28,58,1,87,0,6,176,1,183,0,34,234,2,270,180,0,180,450
03/10/2010,CRQ,CA,AWP,WE,Towers with Radar,0,17,71,0,88,0,3,142,2,147,0,20,213,2,235,76,4,80,315
03/11/2010,CRQ,CA,AWP,WE,Towers with Radar,0,21,101,0,122,0,3,237,0,240,0,24,338,0,362,146,0,146,508
03/12/2010,CRQ,CA,AWP,WE,Towers with Radar,0,20,79,0,99,0,7,203,11,221,0,27,282,11,320,163,2,165,485
03/13/2010,CRQ,CA,AWP,WE,Towers with Radar,0,13,95,4,112,0,4,131,0,135,0,17,226,4,247,95,0,95,342
03/14/2010,CRQ,CA,AWP,WE,Towers with Radar,0,20,86,0,106,0,22,269,0,291,0,42,355,0,397,176,0,176,573
03/15/2010,CRQ,CA,AWP,WE,Towers with Radar,0,23,77,2,102,0,7,208,5,220,0,30,285,7,322,170,0,170,492
03/16/2010,CRQ,CA,AWP,WE,Towers with Radar,0,28,60,1,89,0,31,206,1,238,0,59,266,2,327,134,2,136,463
03/17/2010,CRQ,CA,AWP,WE,Towers with Radar,0,25,101,1,127,0,8,262,3,273,0,33,363,4,400,160,6,166,566
03/18/2010,CRQ,CA,AWP,WE,Towers with Radar,0,23,94,0,117,0,12,186,0,198,0,35,280,0,315,148,0,148,463
03/19/2010,CRQ,CA,AWP,WE,Towers with Radar,0,28,78,2,108,0,3,269,1,273,0,31,347,3,381,136,0,136,517
03/20/2010,CRQ,CA,AWP,WE,Towers with Radar,0,9,66,0,75,0,3,211,0,214,0,12,277,0,289,86,0,86,375
03/21/2010,CRQ,CA,AWP,WE,Towers with Radar,0,24,121,0,145,0,8,231,0,239,0,32,352,0,384,124,0,124,508
03/22/2010,CRQ,CA,AWP,WE,Towers with Radar,0,17,53,0,70,0,4,170,2,176,0,21,223,2,246,164,6,170,416
03/23/2010,CRQ,CA,AWP,WE,Towers with Radar,0,18,69,1,88,0,6,215,6,227,0,24,284,7,315,176,0,176,491
03/24/2010,CRQ,CA,AWP,WE,Towers with Radar,0,25,89,3,117,0,7,235,5,247,0,32,324,8,364,166,0,166,530
03/25/2010,CRQ,CA,AWP,WE,Towers with Radar,0,29,103,3,135,0,7,225,2,234,0,36,328,5,369,200,0,200,569
03/26/2010,CRQ,CA,AWP,WE,Towers with Radar,0,38,93,1,132,0,6,237,0,243,0,44,330,1,375,113,4,117,492
03/27/2010,CRQ,CA,AWP,WE,Towers with Radar,0,11,59,1,71,0,1,224,2,227,0,12,283,3,298,124,0,124,422
03/28/2010,CRQ,CA,AWP,WE,Towers with Radar,0,24,67,0,91,0,7,236,1,244,0,31,303,1,335,256,0,256,591
03/29/2010,CRQ,CA,AWP,WE,Towers with Radar,0,15,42,1,58,0,2,149,1,152,0,17,191,2,210,214,2,216,426
03/30/2010,CRQ,CA,AWP,WE,Towers with Radar,0,21,107,3,131,0,7,147,0,154,0,28,254,3,285,224,0,224,509
03/31/2010,CRQ,CA,AWP,WE,Towers with Radar,0,19,82,5,106,0,3,95,1,99,0,22,177,6,205,88,2,90,295
04/01/2010,CRQ,CA,AWP,WE,Towers with Radar,0,15,91,0,106,0,8,85,0,93,0,23,176,0,199,122,0,122,321
04/02/2010,CRQ,CA,AWP,WE,Towers with Radar,0,22,78,0,100,0,0,265,0,265,0,22,343,0,365,74,0,74,439
04/03/2010,CRQ,CA,AWP,WE,Towers with Radar,0,11,64,0,75,0,1,215,0,216,0,12,279,0,291,86,0,86,377
04/04/2010,CRQ,CA,AWP,WE,Towers with Radar,0,20,70,0,90,0,5,167,0,172,0,25,237,0,262,100,0,100,362
04/05/2010,CRQ,CA,AWP,WE,Towers with Radar,0,22,69,2,93,0,3,48,0,51,0,25,117,2,144,50,2,52,196
04/06/2010,CRQ,CA,AWP,WE,Towers with Radar,0,26,90,0,116,0,11,360,0,371,0,37,450,0,487,240,0,240,727
04/07/2010,CRQ,CA,AWP,WE,Towers with Radar,0,19,73,2,94,0,3,199,4,206,0,22,272,6,300,100,6,106,406
04/08/2010,CRQ,CA,AWP,WE,Towers with Radar,0,18,81,0,99,0,7,262,2,271,0,25,343,2,370,272,2,274,644
04/09/2010,CRQ,CA,AWP,WE,Towers with Radar,0,16,109,0,125,0,1,179,0,180,0,17,288,0,305,110,0,110,415
04/10/2010,CRQ,CA,AWP,WE,Towers with Radar,0,24,68,2,94,0,2,207,2,211,0,26,275,4,305,174,0,174,479
04/11/2010,CRQ,CA,AWP,WE,Towers with Radar,0,18,88,0,106,0,1,176,0,177,0,19,264,0,283,166,0,166,449
04/12/2010,CRQ,CA,AWP,WE,Towers with Radar,0,17,98,3,118,0,9,50,0,59,0,26,148,3,177,74,0,74,251
04/13/2010,CRQ,CA,AWP,WE,Towers with Radar,0,13,83,8,104,0,0,167,3,170,0,13,250,11,274,288,4,292,566
04/14/2010,CRQ,CA,AWP,WE,Towers with Radar,0,18,85,0,103,0,3,164,0,167,0,21,249,0,270,138,0,138,408
04/15/2010,CRQ,CA,AWP,WE,Towers with Radar,0,22,98,0,120,0,4,202,1,207,0,26,300,1,327,142,0,142,469
04/16/2010,CRQ,CA,AWP,WE,Towers with Radar,0,22,106,0,128,0,6,162,0,168,0,28,268,0,296,182,0,182,478
04/17/2010,CRQ,CA,AWP,WE,Towers with Radar,0,7,64,0,71,0,6,246,0,252,0,13,310,0,323,146,0,146,469
04/18/2010,CRQ,CA,AWP,WE,Towers with Radar,0,23,106,0,129,0,6,212,0,218,0,29,318,0,347,262,0,262,609
04/19/2010,CRQ,CA,AWP,WE,Towers with Radar,0,14,76,0,90,0,5,180,0,185,0,19,256,0,275,178,0,178,453
04/20/2010,CRQ,CA,AWP,WE,Towers with Radar,0,19,86,0,105,0,5,168,0,173,0,24,254,0,278,160,0,160,438
04/21/2010,CRQ,CA,AWP,WE,Towers with Radar,0,16,53,3,72,0,1,66,1,68,0,17,119,4,140,8,0,8,148
04/22/2010,CRQ,CA,AWP,WE,Towers with Radar,0,14,103,0,117,0,8,79,0,87,0,22,182,0,204,174,0,174,378
04/23/2010,CRQ,CA,AWP,WE,Towers with Radar,0,21,82,0,103,0,2,289,0,291,0,23,371,0,394,98,0,98,492
04/24/2010,CRQ,CA,AWP,WE,Towers with Radar,0,6,54,0,60,0,2,180,0,182,0,8,234,0,242,82,0,82,324
04/25/2010,CRQ,CA,AWP,WE,Towers with Radar,0,14,133,0,147,0,9,175,0,184,0,23,308,0,331,136,0,136,467
04/26/2010,CRQ,CA,AWP,WE,Towers with Radar,0,4,124,6,134,0,0,6,0,6,0,4,130,6,140,0,0,0,140
04/27/2010,CRQ,CA,AWP,WE,Towers with Radar,0,6,102,0,108,0,4,82,0,86,0,10,184,0,194,110,0,110,304
04/28/2010,CRQ,CA,AWP,WE,Towers with Radar,0,16,98,1,115,0,4,137,34,175,0,20,235,35,290,158,0,158,448
04/29/2010,CRQ,CA,AWP,WE,Towers with Radar,0,13,37,0,50,0,3,118,0,121,0,16,155,0,171,118,2,120,291
04/30/2010,CRQ,CA,AWP,WE,Towers with Radar,0,7,63,0,70,0,1,204,1,206,0,8,267,1,276,76,2,78,354
05/01/2010,CRQ,CA,AWP,WE,Towers with Radar,0,4,61,0,65,0,2,194,0,196,0,6,255,0,261,144,0,144,405
05/02/2010,CRQ,CA,AWP,WE,Towers with Radar,0,22,86,0,108,0,5,233,0,238,0,27,319,0,346,198,0,198,544
05/03/2010,CRQ,CA,AWP,WE,Towers with Radar,0,21,78,0,99,0,2,214,0,216,0,23,292,0,315,238,0,238,553
05/04/2010,CRQ,CA,AWP,WE,Towers with Radar,0,14,58,7,79,0,11,211,4,226,0,25,269,11,305,236,4,240,545
05/05/2010,CRQ,CA,AWP,WE,Towers with Radar,0,16,105,0,121,0,1,263,0,264,0,17,368,0,385,216,0,216,601
05/06/2010,CRQ,CA,AWP,WE,Towers with Radar,0,15,77,0,92,0,3,191,0,194,0,18,268,0,286,68,0,68,354
05/07/2010,CRQ,CA,AWP,WE,Towers with Radar,0,17,70,0,87,0,6,272,0,278,0,23,342,0,365,176,0,176,541
05/08/2010,CRQ,CA,AWP,WE,Towers with Radar,0,9,69,0,78,0,3,254,0,257,0,12,323,0,335,139,0,139,474
05/09/2010,CRQ,CA,AWP,WE,Towers with Radar,0,15,131,2,148,0,0,182,0,182,0,15,313,2,330,122,0,122,452
05/10/2010,CRQ,CA,AWP,WE,Towers with Radar,0,0,0,0,0,0,3,22,0,25,0,3,22,0,25,4,0,4,29
05/11/2010,CRQ,CA,AWP,WE,Towers with Radar,0,0,0,0,0,0,7,19,0,26,0,7,19,0,26,2,0,2,28
05/12/2010,CRQ,CA,AWP,WE,Towers with Radar,0,0,0,0,0,0,1,22,0,23,0,1,22,0,23,10,0,10,33
05/13/2010,CRQ,CA,AWP,WE,Towers with Radar,0,0,0,0,0,0,4,39,0,43,0,4,39,0,43,0,0,0,43
05/14/2010,CRQ,CA,AWP,WE,Towers with Radar,0,0,17,0,17,0,3,90,0,93,0,3,107,0,110,32,0,32,142
05/15/2010,CRQ,CA,AWP,WE,Towers with Radar,0,3,65,0,68,0,1,82,0,83,0,4,147,0,151,36,0,36,187
05/16/2010,CRQ,CA,AWP,WE,Towers with Radar,0,21,111,0,132,0,0,8,0,8,0,21,119,0,140,0,0,0,140
05/17/2010,CRQ,CA,AWP,WE,Towers with Radar,0,21,135,0,156,0,4,109,6,119,0,25,244,6,275,141,0,141,416
05/18/2010,CRQ,CA,AWP,WE,Towers with Radar,0,15,109,2,126,0,16,163,0,179,0,31,272,2,305,176,0,176,481
05/19/2010,CRQ,CA,AWP,WE,Towers with Radar,0,22,143,3,168,0,3,66,0,69,0,25,209,3,237,10,0,10,247
05/20/2010,CRQ,CA,AWP,WE,Towers with Radar,0,16,79,0,95,0,4,217,2,223,0,20,296,2,318,184,6,190,508
05/21/2010,CRQ,CA,AWP,WE,Towers with Radar,0,15,103,0,118,0,3,196,0,199,0,18,299,0,317,108,0,108,425
05/22/2010,CRQ,CA,AWP,WE,Towers with Radar,0,9,99,0,108,0,3,144,0,147,0,12,243,0,255,106,0,106,361
05/23/2010,CRQ,CA,AWP,WE,Towers with Radar,0,26,63,0,89,0,5,218,0,223,0,31,281,0,312,188,0,188,500
05/24/2010,CRQ,CA,AWP,WE,Towers with Radar,0,0,0,0,0,0,5,39,0,44,0,5,39,0,44,0,0,0,44
05/25/2010,CRQ,CA,AWP,WE,Towers with Radar,0,0,0,0,0,0,4,74,0,78,0,4,74,0,78,0,0,0,78
05/26/2010,CRQ,CA,AWP,WE,Towers with Radar,0,0,0,0,0,0,15,31,0,46,0,15,31,0,46,18,0,18,64
05/27/2010,CRQ,CA,AWP,WE,Towers with Radar,0,0,0,0,0,0,2,34,0,36,0,2,34,0,36,94,0,94,130
05/28/2010,CRQ,CA,AWP,WE,Towers with Radar,0,0,51,0,51,0,2,154,1,157,0,2,205,1,208,54,0,54,262
05/29/2010,CRQ,CA,AWP,WE,Towers with Radar,0,0,47,0,47,0,4,208,0,212,0,4,255,0,259,81,0,81,340
05/30/2010,CRQ,CA,AWP,WE,Towers with Radar,0,6,41,0,47,0,8,220,0,228,0,14,261,0,275,180,0,180,455
05/31/2010,CRQ,CA,AWP,WE,Towers with Radar,0,10,64,0,74,0,7,249,0,256,0,17,313,0,330,182,0,182,512
06/01/2010,CRQ,CA,AWP,WE,Towers with Radar,0,19,123,2,144,0,8,209,0,217,0,27,332,2,361,120,0,120,481
06/02/2010,CRQ,CA,AWP,WE,Towers with Radar,0,29,91,2,122,0,3,151,7,161,0,32,242,9,283,166,4,170,453
06/03/2010,CRQ,CA,AWP,WE,Towers with Radar,0,19,140,2,161,0,0,167,0,167,0,19,307,2,328,84,0,84,412
06/04/2010,CRQ,CA,AWP,WE,Towers with Radar,0,14,92,0,106,0,2,131,1,134,0,16,223,1,240,66,0,66,306
06/05/2010,CRQ,CA,AWP,WE,Towers with Radar,0,8,95,0,103,0,1,125,0,126,0,9,220,0,229,42,0,42,271
06/06/2010,CRQ,CA,AWP,WE,Towers with Radar,0,18,167,0,185,0,0,65,0,65,0,18,232,0,250,32,0,32,282
06/07/2010,CRQ,CA,AWP,WE,Towers with Radar,0,1,4,0,5,0,0,14,0,14,0,1,18,0,19,0,0,0,19
06/08/2010,CRQ,CA,AWP,WE,Towers with Radar,0,4,6,1,11,0,2,22,0,24,0,6,28,1,35,0,0,0,35
06/09/2010,CRQ,CA,AWP,WE,Towers with Radar,0,0,0,0,0,0,2,7,0,9,0,2,7,0,9,4,0,4,13
06/10/2010,CRQ,CA,AWP,WE,Towers with Radar,0,0,0,0,0,0,7,14,2,23,0,7,14,2,23,0,2,2,25
06/11/2010,CRQ,CA,AWP,WE,Towers with Radar,0,0,0,0,0,0,1,15,0,16,0,1,15,0,16,0,0,0,16
06/12/2010,CRQ,CA,AWP,WE,Towers with Radar,0,2,57,0,59,0,3,102,0,105,0,5,159,0,164,70,0,70,234
06/13/2010,CRQ,CA,AWP,WE,Towers with Radar,0,12,79,0,91,0,0,171,0,171,0,12,250,0,262,128,0,128,390
06/14/2010,CRQ,CA,AWP,WE,Towers with Radar,0,15,79,2,96,0,6,141,2,149,0,21,220,4,245,56,6,62,307
06/15/2010,CRQ,CA,AWP,WE,Towers with Radar,0,19,104,0,123,0,6,181,0,187,0,25,285,0,310,144,0,144,454
06/16/2010,CRQ,CA,AWP,WE,Towers with Radar,0,19,111,1,131,0,3,129,0,132,0,22,240,1,263,88,2,90,353
06/17/2010,CRQ,CA,AWP,WE,Towers with Radar,0,28,65,0,93,0,1,170,3,174,0,29,235,3,267,224,0,224,491
06/18/2010,CRQ,CA,AWP,WE,Towers with Radar,0,15,128,0,143,0,3,184,0,187,0,18,312,0,330,77,0,77,407
06/19/2010,CRQ,CA,AWP,WE,Towers with Radar,0,11,70,0,81,0,2,185,0,187,0,13,255,0,268,100,0,100,368
06/20/2010,CRQ,CA,AWP,WE,Towers with Radar,0,20,97,0,117,0,2,209,0,211,0,22,306,0,328,148,0,148,476
06/21/2010,CRQ,CA,AWP,WE,Towers with Radar,0,0,0,0,0,0,1,15,0,16,0,1,15,0,16,0,0,0,16
06/22/2010,CRQ,CA,AWP,WE,Towers with Radar,0,0,0,0,0,0,1,24,0,25,0,1,24,0,25,0,0,0,25
06/23/2010,CRQ,CA,AWP,WE,Towers with Radar,0,0,2,0,2,0,1,4,0,5,0,1,6,0,7,50,0,50,57
06/24/2010,CRQ,CA,AWP,WE,Towers with Radar,0,2,1,0,3,0,2,27,0,29,0,4,28,0,32,0,0,0,32
06/25/2010,CRQ,CA,AWP,WE,Towers with Radar,0,0,0,0,0,0,1,18,1,20,0,1,18,1,20,0,0,0,20
06/26/2010,CRQ,CA,AWP,WE,Towers with Radar,0,1,51,0,52,0,3,109,28,140,0,4,160,28,192,28,0,28,220
06/27/2010,CRQ,CA,AWP,WE,Towers with Radar,0,14,89,0,103,0,0,234,0,234,0,14,323,0,337,148,0,148,485
06/28/2010,CRQ,CA,AWP,WE,Towers with Radar,0,14,108,0,122,0,0,0,0,0,0,14,108,0,122,0,0,0,122
06/29/2010,CRQ,CA,AWP,WE,Towers with Radar,0,23,141,0,164,0,0,0,0,0,0,23,141,0,164,0,0,0,164
06/30/2010,CRQ,CA,AWP,WE,Towers with Radar,0,20,154,0,174,0,2,29,0,31,0,22,183,0,205,8,0,8,213
07/01/2010,CRQ,CA,AWP,WE,Towers with Radar,0,18,145,1,164,0,2,48,0,50,0,20,193,1,214,22,0,22,236
07/02/2010,CRQ,CA,AWP,WE,Towers with Radar,0,17,96,2,115,0,4,201,0,205,0,21,297,2,320,88,0,88,408
07/03/2010,CRQ,CA,AWP,WE,Towers with Radar,0,5,81,1,87,0,6,168,4,178,0,11,249,5,265,80,0,80,345
07/04/2010,CRQ,CA,AWP,WE,Towers with Radar,0,5,60,0,65,0,0,82,0,82,0,5,142,0,147,76,0,76,223
07/05/2010,CRQ,CA,AWP,WE,Towers with Radar,0,16,140,2,158,0,1,80,0,81,0,17,220,2,239,68,0,68,307
07/06/2010,CRQ,CA,AWP,WE,Towers with Radar,0,3,5,0,8,0,0,0,0,0,0,3,5,0,8,20,0,20,28
07/07/2010,CRQ,CA,AWP,WE,Towers with Radar,0,0,0,0,0,0,0,0,0,0,0,0,0,0,0,0,0,0,0
07/08/2010,CRQ,CA,AWP,WE,Towers with Radar,0,2,7,0,9,0,0,5,0,5,0,2,12,0,14,16,0,16,30
07/09/2010,CRQ,CA,AWP,WE,Towers with Radar,0,3,103,0,106,0,5,21,0,26,0,8,124,0,132,26,0,26,158
07/10/2010,CRQ,CA,AWP,WE,Towers with Radar,0,2,119,0,121,0,0,40,0,40,0,2,159,0,161,6,0,6,167
07/11/2010,CRQ,CA,AWP,WE,Towers with Radar,0,11,116,0,127,0,1,169,0,170,0,12,285,0,297,142,0,142,439
07/12/2010,CRQ,CA,AWP,WE,Towers with Radar,0,12,67,0,79,0,7,201,0,208,0,19,268,0,287,166,0,166,453
07/13/2010,CRQ,CA,AWP,WE,Towers with Radar,0,19,67,1,87,0,2,261,0,263,0,21,328,1,350,188,0,188,538
07/14/2010,CRQ,CA,AWP,WE,Towers with Radar,0,22,61,0,83,0,7,249,1,257,0,29,310,1,340,210,2,212,552
07/15/2010,CRQ,CA,AWP,WE,Towers with Radar,0,23,80,0,103,0,2,203,0,205,0,25,283,0,308,143,4,147,455
07/16/2010,CRQ,CA,AWP,WE,Towers with Radar,0,22,76,0,98,0,14,204,3,221,0,36,280,3,319,96,1,97,416
07/17/2010,CRQ,CA,AWP,WE,Towers with Radar,0,16,52,0,68,0,5,235,4,244,0,21,287,4,312,115,0,115,427
07/18/2010,CRQ,CA,AWP,WE,Towers with Radar,0,25,95,0,120,0,9,201,0,210,0,34,296,0,330,168,0,168,498
07/19/2010,CRQ,CA,AWP,WE,Towers with Radar,0,23,107,6,136,0,2,125,1,128,0,25,232,7,264,37,0,37,301
07/20/2010,CRQ,CA,AWP,WE,Towers with Radar,0,19,175,2,196,0,0,16,0,16,0,19,191,2,212,8,0,8,220
07/21/2010,CRQ,CA,AWP,WE,Towers with Radar,0,21,168,0,189,0,0,7,0,7,0,21,175,0,196,0,0,0,196
07/22/2010,CRQ,CA,AWP,WE,Towers with Radar,0,26,202,8,236,0,0,96,0,96,0,26,298,8,332,47,2,49,381
07/23/2010,CRQ,CA,AWP,WE,Towers with Radar,0,24,152,0,176,0,10,189,0,199,0,34,341,0,375,100,4,104,479
07/24/2010,CRQ,CA,AWP,WE,Towers with Radar,0,16,117,2,135,0,9,97,0,106,0,25,214,2,241,54,2,56,297
07/25/2010,CRQ,CA,AWP,WE,Towers with Radar,0,21,168,0,189,0,6,150,0,156,0,27,318,0,345,76,0,76,421
07/26/2010,CRQ,CA,AWP,WE,Towers with Radar,0,23,130,2,155,0,1,57,0,58,0,24,187,2,213,24,0,24,237
07/27/2010,CRQ,CA,AWP,WE,Towers with Radar,0,24,144,0,168,0,9,61,0,70,0,33,205,0,238,69,0,69,307
07/28/2010,CRQ,CA,AWP,WE,Towers with Radar,0,15,121,0,136,0,14,139,2,155,0,29,260,2,291,108,0,108,399
07/29/2010,CRQ,CA,AWP,WE,Towers with Radar,0,18,121,0,139,0,5,142,0,147,0,23,263,0,286,46,0,46,332
07/30/2010,CRQ,CA,AWP,WE,Towers with Radar,0,23,175,0,198,0,7,37,0,44,0,30,212,0,242,52,0,52,294
07/31/2010,CRQ,CA,AWP,WE,Towers with Radar,0,14,106,0,120,0,4,117,0,121,0,18,223,0,241,60,0,60,301
08/01/2010,CRQ,CA,AWP,WE,Towers with Radar,0,16,86,0,102,0,0,201,0,201,0,16,287,0,303,136,0,136,439
08/02/2010,CRQ,CA,AWP,WE,Towers with Radar,0,16,77,4,97,0,6,139,2,147,0,22,216,6,244,124,0,124,368
08/03/2010,CRQ,CA,AWP,WE,Towers with Radar,0,25,60,0,85,0,2,103,2,107,0,27,163,2,192,120,2,122,314
08/04/2010,CRQ,CA,AWP,WE,Towers with Radar,0,26,92,0,118,0,6,163,0,169,0,32,255,0,287,152,0,152,439
08/05/2010,CRQ,CA,AWP,WE,Towers with Radar,0,21,113,1,135,0,2,199,0,201,0,23,312,1,336,118,4,122,458
08/06/2010,CRQ,CA,AWP,WE,Towers with Radar,0,22,114,0,136,0,0,165,0,165,0,22,279,0,301,78,0,78,379
08/07/2010,CRQ,CA,AWP,WE,Towers with Radar,0,12,92,0,104,0,2,116,0,118,0,14,208,0,222,88,0,88,310
08/08/2010,CRQ,CA,AWP,WE,Towers with Radar,0,27,106,0,133,0,6,170,0,176,0,33,276,0,309,164,0,164,473
08/09/2010,CRQ,CA,AWP,WE,Towers with Radar,0,21,65,0,86,0,1,102,1,104,0,22,167,1,190,138,2,140,330
08/10/2010,CRQ,CA,AWP,WE,Towers with Radar,0,32,108,0,140,0,8,110,2,120,0,40,218,2,260,110,4,114,374
08/11/2010,CRQ,CA,AWP,WE,Towers with Radar,0,23,66,0,89,0,3,146,0,149,0,26,212,0,238,86,0,86,324
08/12/2010,CRQ,CA,AWP,WE,Towers with Radar,0,25,98,2,125,0,1,187,2,190,0,26,285,4,315,111,0,111,426
08/13/2010,CRQ,CA,AWP,WE,Towers with Radar,0,26,114,0,140,0,5,128,0,133,0,31,242,0,273,106,0,106,379
08/14/2010,CRQ,CA,AWP,WE,Towers with Radar,0,22,108,1,131,0,3,42,0,45,0,25,150,1,176,16,0,16,192
08/15/2010,CRQ,CA,AWP,WE,Towers with Radar,0,36,127,2,165,0,0,176,0,176,0,36,303,2,341,124,0,124,465
08/16/2010,CRQ,CA,AWP,WE,Towers with Radar,0,30,86,0,116,0,1,149,0,150,0,31,235,0,266,198,0,198,464
08/17/2010,CRQ,CA,AWP,WE,Towers with Radar,0,25,95,0,120,0,1,178,0,179,0,26,273,0,299,202,0,202,501
08/18/2010,CRQ,CA,AWP,WE,Towers with Radar,0,25,86,1,112,0,5,150,0,155,0,30,236,1,267,168,4,172,439
08/19/2010,CRQ,CA,AWP,WE,Towers with Radar,0,32,80,0,112,0,8,193,0,201,0,40,273,0,313,168,0,168,481
08/20/2010,CRQ,CA,AWP,WE,Towers with Radar,0,26,82,1,109,0,1,214,0,215,0,27,296,1,324,62,0,62,386
08/21/2010,CRQ,CA,AWP,WE,Towers with Radar,0,17,70,0,87,0,3,253,0,256,0,20,323,0,343,64,2,66,409
08/22/2010,CRQ,CA,AWP,WE,Towers with Radar,0,21,78,0,99,0,3,260,0,263,0,24,338,0,362,118,0,118,480
08/23/2010,CRQ,CA,AWP,WE,Towers with Radar,0,30,67,0,97,0,0,193,0,193,0,30,260,0,290,128,0,128,418
08/24/2010,CRQ,CA,AWP,WE,Towers with Radar,0,18,78,0,96,0,0,140,2,142,0,18,218,2,238,177,4,181,419
08/25/2010,CRQ,CA,AWP,WE,Towers with Radar,0,19,69,0,88,0,10,194,0,204,0,29,263,0,292,190,2,192,484
08/26/2010,CRQ,CA,AWP,WE,Towers with Radar,0,28,103,0,131,0,2,149,3,154,0,30,252,3,285,151,4,155,440
08/27/2010,CRQ,CA,AWP,WE,Towers with Radar,0,13,144,1,158,0,6,124,3,133,0,19,268,4,291,138,0,138,429
08/28/2010,CRQ,CA,AWP,WE,Towers with Radar,0,9,68,1,78,0,5,96,0,101,0,14,164,1,179,48,0,48,227
08/29/2010,CRQ,CA,AWP,WE,Towers with Radar,0,32,78,0,110,0,7,227,0,234,0,39,305,0,344,122,0,122,466
08/30/2010,CRQ,CA,AWP,WE,Towers with Radar,0,14,71,1,86,0,3,99,0,102,0,17,170,1,188,138,0,138,326
08/31/2010,CRQ,CA,AWP,WE,Towers with Radar,0,19,47,3,69,0,5,110,0,115,0,24,157,3,184,116,0,116,300
09/01/2010,CRQ,CA,AWP,WE,Towers with Radar,0,27,87,0,114,0,3,120,0,123,0,30,207,0,237,200,0,200,437
09/02/2010,CRQ,CA,AWP,WE,Towers with Radar,0,23,100,1,124,0,5,99,0,104,0,28,199,1,228,86,0,86,314
09/03/2010,CRQ,CA,AWP,WE,Towers with Radar,0,37,106,2,145,0,1,121,1,123,0,38,227,3,268,74,0,74,342
09/04/2010,CRQ,CA,AWP,WE,Towers with Radar,0,17,67,0,84,0,8,171,0,179,0,25,238,0,263,130,0,130,393
09/05/2010,CRQ,CA,AWP,WE,Towers with Radar,0,8,69,1,78,0,5,136,0,141,0,13,205,1,219,104,0,104,323
09/06/2010,CRQ,CA,AWP,WE,Towers with Radar,0,21,115,1,137,0,0,178,0,178,0,21,293,1,315,118,0,118,433
09/07/2010,CRQ,CA,AWP,WE,Towers with Radar,0,19,95,0,114,0,4,78,0,82,0,23,173,0,196,120,0,120,316
09/08/2010,CRQ,CA,AWP,WE,Towers with Radar,0,14,135,2,151,0,4,118,0,122,0,18,253,2,273,116,0,116,389
09/09/2010,CRQ,CA,AWP,WE,Towers with Radar,0,11,105,1,117,0,6,110,0,116,0,17,215,1,233,112,0,112,345
09/10/2010,CRQ,CA,AWP,WE,Towers with Radar,0,15,86,0,101,0,4,161,0,165,0,19,247,0,266,81,2,83,349
09/11/2010,CRQ,CA,AWP,WE,Towers with Radar,0,16,87,0,103,0,0,87,0,87,0,16,174,0,190,76,0,76,266
09/12/2010,CRQ,CA,AWP,WE,Towers with Radar,0,15,78,4,97,0,4,167,0,171,0,19,245,4,268,148,2,150,418
09/13/2010,CRQ,CA,AWP,WE,Towers with Radar,0,22,63,0,85,0,5,139,0,144,0,27,202,0,229,180,0,180,409
09/14/2010,CRQ,CA,AWP,WE,Towers with Radar,0,23,55,0,78,0,3,183,0,186,0,26,238,0,264,126,1,127,391
09/15/2010,CRQ,CA,AWP,WE,Towers with Radar,0,15,65,2,82,0,0,97,4,101,0,15,162,6,183,84,3,87,270
09/16/2010,CRQ,CA,AWP,WE,Towers with Radar,0,23,117,1,141,0,1,84,0,85,0,24,201,1,226,58,0,58,284
09/17/2010,CRQ,CA,AWP,WE,Towers with Radar,0,23,79,0,102,0,0,115,0,115,0,23,194,0,217,39,0,39,256
09/18/2010,CRQ,CA,AWP,WE,Towers with Radar,0,12,54,1,67,0,3,118,0,121,0,15,172,1,188,67,0,67,255
09/19/2010,CRQ,CA,AWP,WE,Towers with Radar,0,20,86,1,107,0,1,193,0,194,0,21,279,1,301,120,0,120,421
09/20/2010,CRQ,CA,AWP,WE,Towers with Radar,0,20,103,3,126,0,4,83,0,87,0,24,186,3,213,78,2,80,293
09/21/2010,CRQ,CA,AWP,WE,Towers with Radar,0,23,91,0,114,0,6,52,0,58,0,29,143,0,172,0,0,0,172
09/22/2010,CRQ,CA,AWP,WE,Towers with Radar,0,24,102,0,126,0,8,139,2,149,0,32,241,2,275,110,1,111,386
09/23/2010,CRQ,CA,AWP,WE,Towers with Radar,0,25,111,0,136,0,2,248,0,250,0,27,359,0,386,118,0,118,504
09/24/2010,CRQ,CA,AWP,WE,Towers with Radar,0,25,58,0,83,0,8,146,0,154,0,33,204,0,237,70,0,70,307
09/25/2010,CRQ,CA,AWP,WE,Towers with Radar,0,6,44,0,50,0,9,199,0,208,0,15,243,0,258,157,0,157,415
09/26/2010,CRQ,CA,AWP,WE,Towers with Radar,0,18,66,2,86,0,6,201,1,208,0,24,267,3,294,146,0,146,440
09/27/2010,CRQ,CA,AWP,WE,Towers with Radar,0,15,44,0,59,0,2,112,0,114,0,17,156,0,173,137,0,137,310
09/28/2010,CRQ,CA,AWP,WE,Towers with Radar,0,15,53,1,69,0,9,156,0,165,0,24,209,1,234,152,0,152,386
09/29/2010,CRQ,CA,AWP,WE,Towers with Radar,0,15,51,1,67,0,3,133,0,136,0,18,184,1,203,96,0,96,299
09/30/2010,CRQ,CA,AWP,WE,Towers with Radar,0,27,60,4,91,0,7,69,1,77,0,34,129,5,168,34,0,34,202
10/01/2010,CRQ,CA,AWP,WE,Towers with Radar,0,21,84,1,106,0,2,74,0,76,0,23,158,1,182,36,0,36,218
10/02/2010,CRQ,CA,AWP,WE,Towers with Radar,0,10,60,1,71,0,0,144,0,144,0,10,204,1,215,94,0,94,309
10/03/2010,CRQ,CA,AWP,WE,Towers with Radar,0,30,115,0,145,0,0,0,0,0,0,30,115,0,145,0,0,0,145
10/04/2010,CRQ,CA,AWP,WE,Towers with Radar,0,19,83,4,106,0,0,3,0,3,0,19,86,4,109,0,4,4,113
10/05/2010,CRQ,CA,AWP,WE,Towers with Radar,0,20,109,0,129,0,3,61,0,64,0,23,170,0,193,54,0,54,247
10/06/2010,CRQ,CA,AWP,WE,Towers with Radar,0,22,81,0,103,0,9,95,0,104,0,31,176,0,207,222,0,222,429
10/07/2010,CRQ,CA,AWP,WE,Towers with Radar,0,19,100,0,119,0,11,148,0,159,0,30,248,0,278,60,2,62,340
10/08/2010,CRQ,CA,AWP,WE,Towers with Radar,0,18,71,0,89,0,5,260,0,265,0,23,331,0,354,174,0,174,528
10/09/2010,CRQ,CA,AWP,WE,Towers with Radar,0,14,61,0,75,0,4,252,0,256,0,18,313,0,331,159,0,159,490
10/10/2010,CRQ,CA,AWP,WE,Towers with Radar,0,18,77,0,95,0,0,214,0,214,0,18,291,0,309,166,0,166,475
10/11/2010,CRQ,CA,AWP,WE,Towers with Radar,0,22,78,1,101,0,8,132,1,141,0,30,210,2,242,142,0,142,384
10/12/2010,CRQ,CA,AWP,WE,Towers with Radar,0,23,101,0,124,0,5,84,0,89,0,28,185,0,213,47,0,47,260
10/13/2010,CRQ,CA,AWP,WE,Towers with Radar,0,21,113,0,134,0,0,22,0,22,0,21,135,0,156,20,0,20,176
10/14/2010,CRQ,CA,AWP,WE,Towers with Radar,0,23,143,11,177,0,1,25,0,26,0,24,168,11,203,8,0,8,211
10/15/2010,CRQ,CA,AWP,WE,Towers with Radar,0,17,163,0,180,0,0,0,0,0,0,17,163,0,180,0,0,0,180
10/16/2010,CRQ,CA,AWP,WE,Towers with Radar,0,14,112,0,126,0,1,10,0,11,0,15,122,0,137,0,0,0,137
10/17/2010,CRQ,CA,AWP,WE,Towers with Radar,0,16,106,0,122,0,0,0,0,0,0,16,106,0,122,0,0,0,122
10/18/2010,CRQ,CA,AWP,WE,Towers with Radar,0,17,92,4,113,0,0,20,0,20,0,17,112,4,133,54,0,54,187
10/19/2010,CRQ,CA,AWP,WE,Towers with Radar,0,23,102,0,125,0,1,1,0,2,0,24,103,0,127,4,0,4,131
10/20/2010,CRQ,CA,AWP,WE,Towers with Radar,0,12,115,1,128,0,4,33,0,37,0,16,148,1,165,46,0,46,211
10/21/2010,CRQ,CA,AWP,WE,Towers with Radar,0,21,129,0,150,0,0,94,6,100,0,21,223,6,250,84,2,86,336
10/22/2010,CRQ,CA,AWP,WE,Towers with Radar,0,16,143,0,159,0,1,61,0,62,0,17,204,0,221,138,0,138,359
10/23/2010,CRQ,CA,AWP,WE,Towers with Radar,0,18,119,0,137,0,0,83,0,83,0,18,202,0,220,201,0,201,421
10/24/2010,CRQ,CA,AWP,WE,Towers with Radar,0,18,101,1,120,0,4,151,0,155,0,22,252,1,275,204,0,204,479
10/25/2010,CRQ,CA,AWP,WE,Towers with Radar,0,16,83,1,100,0,0,53,0,53,0,16,136,1,153,48,0,48,201
10/26/2010,CRQ,CA,AWP,WE,Towers with Radar,0,19,101,0,120,0,3,125,0,128,0,22,226,0,248,132,0,132,380
10/27/2010,CRQ,CA,AWP,WE,Towers with Radar,0,21,85,0,106,0,5,144,0,149,0,26,229,0,255,110,0,110,365
10/28/2010,CRQ,CA,AWP,WE,Towers with Radar,0,25,90,2,117,0,4,232,1,237,0,29,322,3,354,148,0,148,502
10/29/2010,CRQ,CA,AWP,WE,Towers with Radar,0,18,73,4,95,0,1,256,0,257,0,19,329,4,352,130,2,132,484
10/30/2010,CRQ,CA,AWP,WE,Towers with Radar,0,10,85,0,95,0,6,80,0,86,0,16,165,0,181,107,0,107,288
10/31/2010,CRQ,CA,AWP,WE,Towers with Radar,0,17,86,1,104,0,3,219,0,222,0,20,305,1,326,150,0,150,476
11/01/2010,CRQ,CA,AWP,WE,Towers with Radar,0,16,62,2,80,0,3,139,0,142,0,19,201,2,222,152,0,152,374
11/02/2010,CRQ,CA,AWP,WE,Towers with Radar,0,13,51,0,64,0,4,156,1,161,0,17,207,1,225,164,0,164,389
11/03/2010,CRQ,CA,AWP,WE,Towers with Radar,0,17,66,0,83,0,2,202,0,204,0,19,268,0,287,205,1,206,493
11/04/2010,CRQ,CA,AWP,WE,Towers with Radar,0,18,69,0,87,0,6,223,0,229,0,24,292,0,316,170,0,170,486
11/05/2010,CRQ,CA,AWP,WE,Towers with Radar,0,15,81,0,96,0,4,257,0,261,0,19,338,0,357,184,0,184,541
11/06/2010,CRQ,CA,AWP,WE,Towers with Radar,0,11,68,1,80,0,1,127,0,128,0,12,195,1,208,88,0,88,296
11/07/2010,CRQ,CA,AWP,WE,Towers with Radar,0,19,71,2,92,0,2,240,0,242,0,21,311,2,334,148,0,148,482
11/08/2010,CRQ,CA,AWP,WE,Towers with Radar,0,21,78,1,100,0,1,123,0,124,0,22,201,1,224,120,0,120,344
11/09/2010,CRQ,CA,AWP,WE,Towers with Radar,0,18,68,0,86,0,7,216,0,223,0,25,284,0,309,194,0,194,503
11/10/2010,CRQ,CA,AWP,WE,Towers with Radar,0,19,103,0,122,0,2,165,2,169,0,21,268,2,291,152,4,156,447
11/11/2010,CRQ,CA,AWP,WE,Towers with Radar,0,30,71,2,103,0,3,170,2,175,0,33,241,4,278,156,0,156,434
11/12/2010,CRQ,CA,AWP,WE,Towers with Radar,0,17,82,0,99,0,0,270,0,270,0,17,352,0,369,146,0,146,515
11/13/2010,CRQ,CA,AWP,WE,Towers with Radar,0,12,53,0,65,0,2,186,0,188,0,14,239,0,253,142,0,142,395
11/14/2010,CRQ,CA,AWP,WE,Towers with Radar,0,16,76,0,92,0,2,263,0,265,0,18,339,0,357,174,0,174,531
11/15/2010,CRQ,CA,AWP,WE,Towers with Radar,0,19,84,0,103,0,4,193,0,197,0,23,277,0,300,144,0,144,444
11/16/2010,CRQ,CA,AWP,WE,Towers with Radar,0,13,81,0,94,0,9,163,2,174,0,22,244,2,268,40,0,40,308
11/17/2010,CRQ,CA,AWP,WE,Towers with Radar,0,22,47,0,69,0,3,160,0,163,0,25,207,0,232,86,0,86,318
11/18/2010,CRQ,CA,AWP,WE,Towers with Radar,0,24,97,2,123,0,1,114,0,115,0,25,211,2,238,60,0,60,298
11/19/2010,CRQ,CA,AWP,WE,Towers with Radar,0,15,115,1,131,0,6,81,0,87,0,21,196,1,218,106,0,106,324
11/20/2010,CRQ,CA,AWP,WE,Towers with Radar,0,9,63,0,72,0,0,0,0,0,0,9,63,0,72,0,0,0,72
11/21/2010,CRQ,CA,AWP,WE,Towers with Radar,0,15,90,1,106,0,5,146,0,151,0,20,236,1,257,132,0,132,389
11/22/2010,CRQ,CA,AWP,WE,Towers with Radar,0,20,69,0,89,0,7,238,0,245,0,27,307,0,334,210,0,210,544
11/23/2010,CRQ,CA,AWP,WE,Towers with Radar,0,22,91,1,114,0,1,212,0,213,0,23,303,1,327,176,0,176,503
11/24/2010,CRQ,CA,AWP,WE,Towers with Radar,0,32,124,0,156,0,5,191,0,196,0,37,315,0,352,152,0,152,504
11/25/2010,CRQ,CA,AWP,WE,Towers with Radar,0,6,14,0,20,0,2,128,0,130,0,8,142,0,150,92,0,92,242
11/26/2010,CRQ,CA,AWP,WE,Towers with Radar,0,13,53,0,66,0,0,237,0,237,0,13,290,0,303,112,0,112,415
11/27/2010,CRQ,CA,AWP,WE,Towers with Radar,0,25,53,0,78,0,4,210,0,214,0,29,263,0,292,120,0,120,412
11/28/2010,CRQ,CA,AWP,WE,Towers with Radar,0,38,84,0,122,0,8,189,0,197,0,46,273,0,319,142,12,154,473
11/29/2010,CRQ,CA,AWP,WE,Towers with Radar,0,18,60,0,78,0,1,168,0,169,0,19,228,0,247,112,0,112,359
11/30/2010,CRQ,CA,AWP,WE,Towers with Radar,0,17,61,0,78,0,0,148,0,148,0,17,209,0,226,108,0,108,334
12/01/2010,CRQ,CA,AWP,WE,Towers with Radar,0,16,52,0,68,0,1,163,0,164,0,17,215,0,232,148,0,148,380
12/02/2010,CRQ,CA,AWP,WE,Towers with Radar,0,31,77,0,108,0,7,259,0,266,0,38,336,0,374,130,0,130,504
12/03/2010,CRQ,CA,AWP,WE,Towers with Radar,0,16,59,0,75,0,20,159,0,179,0,36,218,0,254,126,0,126,380
12/04/2010,CRQ,CA,AWP,WE,Towers with Radar,0,12,52,0,64,0,1,197,0,198,0,13,249,0,262,112,0,112,374
12/05/2010,CRQ,CA,AWP,WE,Towers with Radar,0,19,70,0,89,0,0,186,1,187,0,19,256,1,276,168,0,168,444
12/06/2010,CRQ,CA,AWP,WE,Towers with Radar,0,13,76,1,90,0,2,123,0,125,0,15,199,1,215,158,0,158,373
12/07/2010,CRQ,CA,AWP,WE,Towers with Radar,0,14,59,0,73,0,18,118,0,136,0,32,177,0,209,66,0,66,275
12/08/2010,CRQ,CA,AWP,WE,Towers with Radar,0,16,66,0,82,0,4,182,0,186,0,20,248,0,268,154,0,154,422
12/09/2010,CRQ,CA,AWP,WE,Towers with Radar,0,16,59,0,75,0,4,221,0,225,0,20,280,0,300,112,0,112,412
12/10/2010,CRQ,CA,AWP,WE,Towers with Radar,0,21,87,0,108,0,0,61,0,61,0,21,148,0,169,24,0,24,193
12/11/2010,CRQ,CA,AWP,WE,Towers with Radar,0,14,64,0,78,0,0,182,0,182,0,14,246,0,260,124,0,124,384
12/12/2010,CRQ,CA,AWP,WE,Towers with Radar,0,15,53,2,70,0,2,254,1,257,0,17,307,3,327,182,0,182,509
12/13/2010,CRQ,CA,AWP,WE,Towers with Radar,0,11,77,1,89,0,6,173,0,179,0,17,250,1,268,106,0,106,374
12/14/2010,CRQ,CA,AWP,WE,Towers with Radar,0,25,127,0,152,0,4,35,0,39,0,29,162,0,191,62,0,62,253
12/15/2010,CRQ,CA,AWP,WE,Towers with Radar,0,20,173,4,197,0,1,22,1,24,0,21,195,5,221,60,0,60,281
12/16/2010,CRQ,CA,AWP,WE,Towers with Radar,0,25,101,0,126,0,6,132,4,142,0,31,233,4,268,136,0,136,404
12/17/2010,CRQ,CA,AWP,WE,Towers with Radar,0,26,106,0,132,0,0,38,0,38,0,26,144,0,170,44,0,44,214
12/18/2010,CRQ,CA,AWP,WE,Towers with Radar,0,14,68,0,82,0,3,18,0,21,0,17,86,0,103,36,0,36,139
12/19/2010,CRQ,CA,AWP,WE,Towers with Radar,0,11,75,0,86,0,0,0,0,0,0,11,75,0,86,0,0,0,86
12/20/2010,CRQ,CA,AWP,WE,Towers with Radar,0,5,26,0,31,0,0,0,0,0,0,5,26,0,31,0,0,0,31
12/21/2010,CRQ,CA,AWP,WE,Towers with Radar,0,23,37,0,60,0,0,0,0,0,0,23,37,0,60,0,0,0,60
12/22/2010,CRQ,CA,AWP,WE,Towers with Radar,0,13,40,0,53,0,2,1,0,3,0,15,41,0,56,0,0,0,56
12/23/2010,CRQ,CA,AWP,WE,Towers with Radar,0,23,110,0,133,0,3,184,0,187,0,26,294,0,320,206,0,206,526
12/24/2010,CRQ,CA,AWP,WE,Towers with Radar,0,10,52,0,62,0,0,147,0,147,0,10,199,0,209,84,0,84,293
12/25/2010,CRQ,CA,AWP,WE,Towers with Radar,0,19,37,0,56,0,1,13,0,14,0,20,50,0,70,28,0,28,98
12/26/2010,CRQ,CA,AWP,WE,Towers with Radar,0,19,94,0,113,0,1,137,0,138,0,20,231,0,251,138,0,138,389
12/27/2010,CRQ,CA,AWP,WE,Towers with Radar,0,22,56,0,78,0,8,223,0,231,0,30,279,0,309,158,0,158,467
12/28/2010,CRQ,CA,AWP,WE,Towers with Radar,0,13,55,1,69,0,4,180,1,185,0,17,235,2,254,94,2,96,350
12/29/2010,CRQ,CA,AWP,WE,Towers with Radar,0,16,40,0,56,0,0,0,0,0,0,16,40,0,56,0,0,0,56
12/30/2010,CRQ,CA,AWP,WE,Towers with Radar,0,30,74,0,104,0,8,212,0,220,0,38,286,0,324,171,6,177,501
12/31/2010,CRQ,CA,AWP,WE,Towers with Radar,0,12,46,0,58,0,5,195,0,200,0,17,241,0,258,89,1,90,348
01/01/2011,CRQ,CA,AWP,WE,Towers with Radar,0,16,49,0,65,0,2,88,0,90,0,18,137,0,155,62,0,62,217
01/02/2011,CRQ,CA,AWP,WE,Towers with Radar,0,14,90,0,104,0,3,134,0,137,0,17,224,0,241,88,0,88,329
01/03/2011,CRQ,CA,AWP,WE,Towers with Radar,0,12,111,0,123,0,0,21,0,21,0,12,132,0,144,98,0,98,242
01/04/2011,CRQ,CA,AWP,WE,Towers with Radar,0,9,75,0,84,0,6,148,0,154,0,15,223,0,238,203,0,203,441
01/05/2011,CRQ,CA,AWP,WE,Towers with Radar,0,13,79,0,92,0,4,170,0,174,0,17,249,0,266,130,2,132,398
01/06/2011,CRQ,CA,AWP,WE,Towers with Radar,0,15,84,0,99,0,4,173,0,177,0,19,257,0,276,156,0,156,432
01/07/2011,CRQ,CA,AWP,WE,Towers with Radar,0,16,63,0,79,0,1,107,0,108,0,17,170,0,187,109,0,109,296
01/08/2011,CRQ,CA,AWP,WE,Towers with Radar,0,14,97,0,111,0,2,158,0,160,0,16,255,0,271,134,0,134,405
01/09/2011,CRQ,CA,AWP,WE,Towers with Radar,0,11,128,4,143,0,2,242,0,244,0,13,370,4,387,230,0,230,617
01/10/2011,CRQ,CA,AWP,WE,Towers with Radar,0,16,61,1,78,0,4,162,0,166,0,20,223,1,244,184,0,184,428
01/11/2011,CRQ,CA,AWP,WE,Towers with Radar,0,21,78,0,99,0,5,198,0,203,0,26,276,0,302,158,0,158,460
01/12/2011,CRQ,CA,AWP,WE,Towers with Radar,0,19,81,0,100,0,8,232,1,241,0,27,313,1,341,112,0,112,453
01/13/2011,CRQ,CA,AWP,WE,Towers with Radar,0,22,82,0,104,0,2,206,0,208,0,24,288,0,312,140,0,140,452
01/14/2011,CRQ,CA,AWP,WE,Towers with Radar,0,23,81,0,104,0,3,224,0,227,0,26,305,0,331,124,4,128,459
01/15/2011,CRQ,CA,AWP,WE,Towers with Radar,0,9,52,0,61,0,4,253,0,257,0,13,305,0,318,238,0,238,556
01/16/2011,CRQ,CA,AWP,WE,Towers with Radar,0,17,64,0,81,0,6,308,0,314,0,23,372,0,395,228,0,228,623
01/17/2011,CRQ,CA,AWP,WE,Towers with Radar,0,23,81,2,106,0,8,297,0,305,0,31,378,2,411,232,0,232,643
01/18/2011,CRQ,CA,AWP,WE,Towers with Radar,0,20,70,0,90,0,7,171,2,180,0,27,241,2,270,160,2,162,432
01/19/2011,CRQ,CA,AWP,WE,Towers with Radar,0,14,122,0,136,0,0,12,0,12,0,14,134,0,148,16,0,16,164
01/20/2011,CRQ,CA,AWP,WE,Towers with Radar,0,15,74,0,89,0,5,193,0,198,0,20,267,0,287,156,0,156,443
01/21/2011,CRQ,CA,AWP,WE,Towers with Radar,0,30,77,0,107,0,2,275,0,277,0,32,352,0,384,124,0,124,508
01/22/2011,CRQ,CA,AWP,WE,Towers with Radar,0,17,59,1,77,0,5,229,0,234,0,22,288,1,311,124,0,124,435
01/23/2011,CRQ,CA,AWP,WE,Towers with Radar,0,21,57,0,78,0,5,243,0,248,0,26,300,0,326,172,0,172,498
01/24/2011,CRQ,CA,AWP,WE,Towers with Radar,0,14,88,0,102,0,4,205,0,209,0,18,293,0,311,206,0,206,517
01/25/2011,CRQ,CA,AWP,WE,Towers with Radar,0,17,55,0,72,0,2,19,8,29,0,19,74,8,101,182,0,182,283
01/26/2011,CRQ,CA,AWP,WE,Towers with Radar,0,19,80,1,100,0,7,199,0,206,0,26,279,1,306,120,3,123,429
01/27/2011,CRQ,CA,AWP,WE,Towers with Radar,0,11,78,1,90,0,4,192,2,198,0,15,270,3,288,150,0,150,438
01/28/2011,CRQ,CA,AWP,WE,Towers with Radar,0,16,85,0,101,0,5,230,1,236,0,21,315,1,337,69,0,69,406
01/29/2011,CRQ,CA,AWP,WE,Towers with Radar,0,14,63,1,78,0,4,213,4,221,0,18,276,5,299,90,0,90,389
01/30/2011,CRQ,CA,AWP,WE,Towers with Radar,0,20,101,0,121,0,2,127,0,129,0,22,228,0,250,162,0,162,412
01/31/2011,CRQ,CA,AWP,WE,Towers with Radar,0,18,94,2,114,0,6,118,4,128,0,24,212,6,242,134,2,136,378
02/01/2011,CRQ,CA,AWP,WE,Towers with Radar,0,14,70,1,85,0,9,160,6,175,0,23,230,7,260,130,10,140,400
02/02/2011,CRQ,CA,AWP,WE,Towers with Radar,0,18,38,3,59,0,12,109,7,128,0,30,147,10,187,136,4,140,327
02/03/2011,CRQ,CA,AWP,WE,Towers with Radar,0,11,62,0,73,0,6,221,0,227,0,17,283,0,300,135,0,135,435
02/04/2011,CRQ,CA,AWP,WE,Towers with Radar,0,24,97,0,121,0,2,297,0,299,0,26,394,0,420,113,0,113,533
02/05/2011,CRQ,CA,AWP,WE,Towers with Radar,0,14,58,1,73,0,2,218,0,220,0,16,276,1,293,117,0,117,410
02/06/2011,CRQ,CA,AWP,WE,Towers with Radar,0,10,30,0,40,0,10,211,0,221,0,20,241,0,261,192,0,192,453
02/07/2011,CRQ,CA,AWP,WE,Towers with Radar,0,26,94,0,120,0,3,191,0,194,0,29,285,0,314,148,0,148,462
02/08/2011,CRQ,CA,AWP,WE,Towers with Radar,0,21,82,0,103,0,1,81,0,82,0,22,163,0,185,126,0,126,311
02/09/2011,CRQ,CA,AWP,WE,Towers with Radar,0,17,81,0,98,0,10,163,0,173,0,27,244,0,271,154,0,154,425
02/10/2011,CRQ,CA,AWP,WE,Towers with Radar,0,21,77,0,98,0,0,224,0,224,0,21,301,0,322,107,0,107,429
02/11/2011,CRQ,CA,AWP,WE,Towers with Radar,0,25,87,0,112,0,4,203,0,207,0,29,290,0,319,175,2,177,496
02/12/2011,CRQ,CA,AWP,WE,Towers with Radar,0,11,51,0,62,0,2,206,0,208,0,13,257,0,270,197,0,197,467
02/13/2011,CRQ,CA,AWP,WE,Towers with Radar,0,22,94,2,118,0,3,270,0,273,0,25,364,2,391,122,0,122,513
02/14/2011,CRQ,CA,AWP,WE,Towers with Radar,0,21,58,0,79,0,7,199,0,206,0,28,257,0,285,148,0,148,433
02/15/2011,CRQ,CA,AWP,WE,Towers with Radar,0,21,61,0,82,0,4,151,2,157,0,25,212,2,239,120,0,120,359
02/16/2011,CRQ,CA,AWP,WE,Towers with Radar,0,18,60,1,79,0,0,7,0,7,0,18,67,1,86,0,43,43,129
02/17/2011,CRQ,CA,AWP,WE,Towers with Radar,0,18,68,0,86,0,2,165,0,167,0,20,233,0,253,93,0,93,346
02/18/2011,CRQ,CA,AWP,WE,Towers with Radar,0,16,67,0,83,0,1,73,0,74,0,17,140,0,157,66,0,66,223
02/19/2011,CRQ,CA,AWP,WE,Towers with Radar,0,15,49,0,64,0,1,80,0,81,0,16,129,0,145,150,0,150,295
02/20/2011,CRQ,CA,AWP,WE,Towers with Radar,0,26,76,0,102,0,3,219,0,222,0,29,295,0,324,176,0,176,500
02/21/2011,CRQ,CA,AWP,WE,Towers with Radar,0,23,100,0,123,0,7,246,0,253,0,30,346,0,376,144,0,144,520
02/22/2011,CRQ,CA,AWP,WE,Towers with Radar,0,21,72,0,93,0,6,195,1,202,0,27,267,1,295,168,0,168,463
02/23/2011,CRQ,CA,AWP,WE,Towers with Radar,0,20,74,0,94,0,1,192,2,195,0,21,266,2,289,136,2,138,427
02/24/2011,CRQ,CA,AWP,WE,Towers with Radar,0,18,103,0,121,0,4,165,0,169,0,22,268,0,290,184,0,184,474
02/25/2011,CRQ,CA,AWP,WE,Towers with Radar,0,23,83,0,106,0,0,82,2,84,0,23,165,2,190,136,1,137,327
02/26/2011,CRQ,CA,AWP,WE,Towers with Radar,0,11,45,2,58,0,6,41,0,47,0,17,86,2,105,50,0,50,155
02/27/2011,CRQ,CA,AWP,WE,Towers with Radar,0,19,80,1,100,0,4,279,0,283,0,23,359,1,383,170,0,170,553
02/28/2011,CRQ,CA,AWP,WE,Towers with Radar,0,23,49,1,73,0,6,180,6,192,0,29,229,7,265,127,20,147,412
03/01/2011,CRQ,CA,AWP,WE,Towers with Radar,0,23,44,5,72,0,5,203,1,209,0,28,247,6,281,216,4,220,501
03/02/2011,CRQ,CA,AWP,WE,Towers with Radar,0,20,83,0,103,0,36,184,0,220,0,56,267,0,323,148,0,148,471
03/03/2011,CRQ,CA,AWP,WE,Towers with Radar,0,20,82,0,102,0,0,80,0,80,0,20,162,0,182,63,0,63,245
03/04/2011,CRQ,CA,AWP,WE,Towers with Radar,0,28,85,1,114,0,1,142,0,143,0,29,227,1,257,72,0,72,329
03/05/2011,CRQ,CA,AWP,WE,Towers with Radar,0,11,57,0,68,0,2,232,0,234,0,13,289,0,302,84,0,84,386
03/06/2011,CRQ,CA,AWP,WE,Towers with Radar,0,19,139,0,158,0,3,163,0,166,0,22,302,0,324,134,0,134,458
03/07/2011,CRQ,CA,AWP,WE,Towers with Radar,0,27,67,0,94,0,2,20,0,22,0,29,87,0,116,93,0,93,209
03/08/2011,CRQ,CA,AWP,WE,Towers with Radar,0,21,63,0,84,0,10,246,3,259,0,31,309,3,343,108,2,110,453
03/09/2011,CRQ,CA,AWP,WE,Towers with Radar,0,23,66,0,89,0,3,217,0,220,0,26,283,0,309,180,0,180,489
03/10/2011,CRQ,CA,AWP,WE,Towers with Radar,0,25,74,0,99,0,11,246,0,257,0,36,320,0,356,104,0,104,460
03/11/2011,CRQ,CA,AWP,WE,Towers with Radar,0,23,110,1,134,0,2,168,0,170,0,25,278,1,304,44,0,44,348
03/12/2011,CRQ,CA,AWP,WE,Towers with Radar,0,11,52,0,63,0,8,187,0,195,0,19,239,0,258,76,0,76,334
03/13/2011,CRQ,CA,AWP,WE,Towers with Radar,26,88,0,0,114,0,0,218,0,218,26,88,218,0,332,156,0,156,488
03/14/2011,CRQ,CA,AWP,WE,Towers with Radar,0,24,63,0,87,0,3,186,0,189,0,27,249,0,276,130,0,130,406
03/15/2011,CRQ,CA,AWP,WE,Towers with Radar,0,19,88,0,107,0,5,181,0,186,0,24,269,0,293,113,0,113,406
03/16/2011,CRQ,CA,AWP,WE,Towers with Radar,0,21,111,3,135,0,6,127,0,133,0,27,238,3,268,48,0,48,316
03/17/2011,CRQ,CA,AWP,WE,Towers with Radar,0,27,95,0,122,0,1,139,0,140,0,28,234,0,262,80,6,86,348
03/18/2011,CRQ,CA,AWP,WE,Towers with Radar,0,23,83,4,110,0,10,268,1,279,0,33,351,5,389,160,0,160,549
03/19/2011,CRQ,CA,AWP,WE,Towers with Radar,0,10,72,0,82,0,1,236,0,237,0,11,308,0,319,262,0,262,581
03/20/2011,CRQ,CA,AWP,WE,Towers with Radar,0,27,66,1,94,0,1,109,0,110,0,28,175,1,204,90,0,90,294
03/21/2011,CRQ,CA,AWP,WE,Towers with Radar,0,26,60,0,86,0,1,84,0,85,0,27,144,0,171,92,0,92,263
03/22/2011,CRQ,CA,AWP,WE,Towers with Radar,0,19,79,0,98,0,4,210,0,214,0,23,289,0,312,190,0,190,502
03/23/2011,CRQ,CA,AWP,WE,Towers with Radar,0,13,72,2,87,0,1,206,0,207,0,14,278,2,294,102,0,102,396
03/24/2011,CRQ,CA,AWP,WE,Towers with Radar,0,25,97,0,122,0,6,224,1,231,0,31,321,1,353,114,2,116,469
03/25/2011,CRQ,CA,AWP,WE,Towers with Radar,0,23,92,0,115,0,0,93,0,93,0,23,185,0,208,101,2,103,311
03/26/2011,CRQ,CA,AWP,WE,Towers with Radar,0,13,84,0,97,0,5,139,0,144,0,18,223,0,241,50,0,50,291
03/27/2011,CRQ,CA,AWP,WE,Towers with Radar,0,23,127,0,150,0,3,198,0,201,0,26,325,0,351,180,0,180,531
03/28/2011,CRQ,CA,AWP,WE,Towers with Radar,0,25,115,0,140,5,108,0,0,113,5,133,115,0,253,163,0,163,416
03/29/2011,CRQ,CA,AWP,WE,Towers with Radar,0,26,80,1,107,0,4,181,2,187,0,30,261,3,294,156,4,160,454
03/30/2011,CRQ,CA,AWP,WE,Towers with Radar,0,21,85,0,106,0,3,190,0,193,0,24,275,0,299,124,0,124,423
03/31/2011,CRQ,CA,AWP,WE,Towers with Radar,0,13,68,0,81,0,0,246,4,250,0,13,314,4,331,344,0,344,675
04/01/2011,CRQ,CA,AWP,WE,Towers with Radar,0,27,79,0,106,0,1,209,0,210,0,28,288,0,316,132,0,132,448
04/02/2011,CRQ,CA,AWP,WE,Towers with Radar,0,12,111,0,123,0,3,58,0,61,0,15,169,0,184,34,0,34,218
04/03/2011,CRQ,CA,AWP,WE,Towers with Radar,0,30,75,0,105,0,1,214,0,215,0,31,289,0,320,206,0,206,526
04/04/2011,CRQ,CA,AWP,WE,Towers with Radar,0,18,73,0,91,0,2,166,0,168,0,20,239,0,259,160,0,160,419
04/05/2011,CRQ,CA,AWP,WE,Towers with Radar,0,28,75,0,103,0,4,111,4,119,0,32,186,4,222,134,4,138,360
04/06/2011,CRQ,CA,AWP,WE,Towers with Radar,0,24,100,0,124,0,2,49,0,51,0,26,149,0,175,120,0,120,295
04/07/2011,CRQ,CA,AWP,WE,Towers with Radar,0,23,90,0,113,0,2,59,3,64,0,25,149,3,177,72,8,80,257
04/08/2011,CRQ,CA,AWP,WE,Towers with Radar,0,22,64,0,86,0,1,74,0,75,0,23,138,0,161,159,0,159,320
04/09/2011,CRQ,CA,AWP,WE,Towers with Radar,0,13,77,0,90,0,1,170,0,171,0,14,247,0,261,124,0,124,385
04/10/2011,CRQ,CA,AWP,WE,Towers with Radar,0,33,64,0,97,0,1,256,0,257,0,34,320,0,354,192,0,192,546
04/11/2011,CRQ,CA,AWP,WE,Towers with Radar,0,21,83,0,104,0,11,135,0,146,0,32,218,0,250,130,0,130,380
04/12/2011,CRQ,CA,AWP,WE,Towers with Radar,0,24,93,4,121,0,1,145,1,147,0,25,238,5,268,76,2,78,346
04/13/2011,CRQ,CA,AWP,WE,Towers with Radar,0,21,86,0,107,0,3,134,0,137,0,24,220,0,244,170,0,170,414
04/14/2011,CRQ,CA,AWP,WE,Towers with Radar,0,16,64,1,81,0,3,197,0,200,0,19,261,1,281,58,1,59,340
04/15/2011,CRQ,CA,AWP,WE,Towers with Radar,0,20,77,1,98,0,4,250,0,254,0,24,327,1,352,194,0,194,546
04/16/2011,CRQ,CA,AWP,WE,Towers with Radar,0,20,60,0,80,0,3,214,0,217,0,23,274,0,297,132,0,132,429
04/17/2011,CRQ,CA,AWP,WE,Towers with Radar,0,29,106,3,138,0,5,129,0,134,0,34,235,3,272,88,0,88,360
04/18/2011,CRQ,CA,AWP,WE,Towers with Radar,0,21,101,0,122,0,2,25,0,27,0,23,126,0,149,52,0,52,201
04/19/2011,CRQ,CA,AWP,WE,Towers with Radar,0,18,137,5,160,0,2,54,0,56,0,20,191,5,216,75,0,75,291
04/20/2011,CRQ,CA,AWP,WE,Towers with Radar,0,20,119,6,145,0,1,132,0,133,0,21,251,6,278,132,0,132,410
04/21/2011,CRQ,CA,AWP,WE,Towers with Radar,0,25,117,4,146,0,8,94,0,102,0,33,211,4,248,91,1,92,340
04/22/2011,CRQ,CA,AWP,WE,Towers with Radar,0,21,129,1,151,0,4,143,0,147,0,25,272,1,298,180,0,180,478
04/23/2011,CRQ,CA,AWP,WE,Towers with Radar,0,19,106,3,128,0,1,157,0,158,0,20,263,3,286,152,2,154,440
04/24/2011,CRQ,CA,AWP,WE,Towers with Radar,0,28,102,1,131,0,2,50,0,52,0,30,152,1,183,88,0,88,271
04/25/2011,CRQ,CA,AWP,WE,Towers with Radar,0,22,73,0,95,0,6,165,0,171,0,28,238,0,266,150,0,150,416
04/26/2011,CRQ,CA,AWP,WE,Towers with Radar,0,17,98,1,116,0,4,193,0,197,0,21,291,1,313,124,0,124,437
04/27/2011,CRQ,CA,AWP,WE,Towers with Radar,0,21,86,0,107,0,0,252,0,252,0,21,338,0,359,192,0,192,551
04/28/2011,CRQ,CA,AWP,WE,Towers with Radar,0,18,70,0,88,0,5,218,0,223,0,23,288,0,311,121,0,121,432
04/29/2011,CRQ,CA,AWP,WE,Towers with Radar,0,22,125,0,147,0,4,163,0,167,0,26,288,0,314,142,0,142,456
04/30/2011,CRQ,CA,AWP,WE,Towers with Radar,0,11,53,1,65,0,5,220,0,225,0,16,273,1,290,139,0,139,429
05/01/2011,CRQ,CA,AWP,WE,Towers with Radar,0,17,66,1,84,0,4,192,0,196,0,21,258,1,280,118,0,118,398
05/02/2011,CRQ,CA,AWP,WE,Towers with Radar,0,16,58,0,74,0,7,140,1,148,0,23,198,1,222,125,0,125,347
05/03/2011,CRQ,CA,AWP,WE,Towers with Radar,0,18,67,0,85,0,3,185,0,188,0,21,252,0,273,200,0,200,473
05/04/2011,CRQ,CA,AWP,WE,Towers with Radar,0,23,78,0,101,0,7,207,0,214,0,30,285,0,315,90,0,90,405
05/05/2011,CRQ,CA,AWP,WE,Towers with Radar,0,15,99,2,116,0,5,141,0,146,0,20,240,2,262,42,0,42,304
05/06/2011,CRQ,CA,AWP,WE,Towers with Radar,0,22,94,0,116,0,2,141,0,143,0,24,235,0,259,110,0,110,369
05/07/2011,CRQ,CA,AWP,WE,Towers with Radar,0,14,110,0,124,0,2,153,0,155,0,16,263,0,279,84,0,84,363
05/08/2011,CRQ,CA,AWP,WE,Towers with Radar,0,24,95,0,119,0,1,107,0,108,0,25,202,0,227,110,0,110,337
05/09/2011,CRQ,CA,AWP,WE,Towers with Radar,0,24,113,0,137,0,4,93,0,97,0,28,206,0,234,64,0,64,298
05/10/2011,CRQ,CA,AWP,WE,Towers with Radar,0,14,84,0,98,0,6,168,0,174,0,20,252,0,272,180,0,180,452
05/11/2011,CRQ,CA,AWP,WE,Towers with Radar,0,24,87,0,111,0,10,170,0,180,0,34,257,0,291,110,0,110,401
05/12/2011,CRQ,CA,AWP,WE,Towers with Radar,0,26,71,1,98,0,5,156,2,163,0,31,227,3,261,106,0,106,367
05/13/2011,CRQ,CA,AWP,WE,Towers with Radar,0,24,163,0,187,0,3,42,0,45,0,27,205,0,232,64,0,64,296
05/14/2011,CRQ,CA,AWP,WE,Towers with Radar,0,11,129,0,140,0,2,105,0,107,0,13,234,0,247,98,0,98,345
05/15/2011,CRQ,CA,AWP,WE,Towers with Radar,0,20,122,0,142,0,2,155,0,157,0,22,277,0,299,154,0,154,453
05/16/2011,CRQ,CA,AWP,WE,Towers with Radar,0,17,75,1,93,0,1,132,0,133,0,18,207,1,226,173,0,173,399
05/17/2011,CRQ,CA,AWP,WE,Towers with Radar,0,15,78,0,93,0,0,34,2,36,0,15,112,2,129,38,2,40,169
05/18/2011,CRQ,CA,AWP,WE,Towers with Radar,0,18,83,0,101,0,0,49,0,49,0,18,132,0,150,60,0,60,210
05/19/2011,CRQ,CA,AWP,WE,Towers with Radar,0,23,108,2,133,0,4,194,0,198,0,27,302,2,331,124,0,124,455
05/20/2011,CRQ,CA,AWP,WE,Towers with Radar,0,27,112,0,139,0,6,124,0,130,0,33,236,0,269,88,4,92,361
05/21/2011,CRQ,CA,AWP,WE,Towers with Radar,0,15,96,1,112,0,10,131,0,141,0,25,227,1,253,38,0,38,291
05/22/2011,CRQ,CA,AWP,WE,Towers with Radar,0,25,156,0,181,0,8,156,0,164,0,33,312,0,345,124,0,124,469
05/23/2011,CRQ,CA,AWP,WE,Towers with Radar,0,23,122,2,147,0,2,97,0,99,0,25,219,2,246,170,0,170,416
05/24/2011,CRQ,CA,AWP,WE,Towers with Radar,0,19,91,0,110,0,1,209,2,212,0,20,300,2,322,100,2,102,424
05/25/2011,CRQ,CA,AWP,WE,Towers with Radar,0,25,109,0,134,0,5,205,0,210,0,30,314,0,344,73,0,73,417
05/26/2011,CRQ,CA,AWP,WE,Towers with Radar,0,16,110,0,126,0,4,223,2,229,0,20,333,2,355,114,2,116,471
05/27/2011,CRQ,CA,AWP,WE,Towers with Radar,0,19,108,0,127,0,2,283,0,285,0,21,391,0,412,138,0,138,550
05/28/2011,CRQ,CA,AWP,WE,Towers with Radar,0,14,122,0,136,0,3,174,0,177,0,17,296,0,313,94,0,94,407
05/29/2011,CRQ,CA,AWP,WE,Towers with Radar,0,14,73,0,87,0,2,109,0,111,0,16,182,0,198,124,0,124,322
05/30/2011,CRQ,CA,AWP,WE,Towers with Radar,0,18,87,0,105,0,3,360,0,363,0,21,447,0,468,260,0,260,728
05/31/2011,CRQ,CA,AWP,WE,Towers with Radar,0,25,80,0,105,0,12,221,2,235,0,37,301,2,340,255,2,257,597
06/01/2011,CRQ,CA,AWP,WE,Towers with Radar,0,15,90,1,106,0,10,173,1,184,0,25,263,2,290,162,2,164,454
06/02/2011,CRQ,CA,AWP,WE,Towers with Radar,0,14,84,0,98,0,0,236,2,238,0,14,320,2,336,161,0,161,497
06/03/2011,CRQ,CA,AWP,WE,Towers with Radar,0,18,77,0,95,0,3,182,0,185,0,21,259,0,280,172,0,172,452
06/04/2011,CRQ,CA,AWP,WE,Towers with Radar,0,9,63,1,73,0,8,147,0,155,0,17,210,1,228,82,0,82,310
06/05/2011,CRQ,CA,AWP,WE,Towers with Radar,0,22,79,0,101,0,5,226,0,231,0,27,305,0,332,148,0,148,480
06/06/2011,CRQ,CA,AWP,WE,Towers with Radar,0,16,79,0,95,0,5,155,0,160,0,21,234,0,255,108,0,108,363
06/07/2011,CRQ,CA,AWP,WE,Towers with Radar,0,21,97,0,118,0,5,169,0,174,0,26,266,0,292,176,0,176,468
06/08/2011,CRQ,CA,AWP,WE,Towers with Radar,0,19,144,0,163,0,1,94,0,95,0,20,238,0,258,98,0,98,356
06/09/2011,CRQ,CA,AWP,WE,Towers with Radar,0,18,193,9,220,0,4,36,0,40,0,22,229,9,260,58,0,58,318
06/10/2011,CRQ,CA,AWP,WE,Towers with Radar,0,21,178,0,199,0,3,20,1,24,0,24,198,1,223,32,0,32,255
06/11/2011,CRQ,CA,AWP,WE,Towers with Radar,0,13,111,0,124,0,2,132,0,134,0,15,243,0,258,90,0,90,348
06/12/2011,CRQ,CA,AWP,WE,Towers with Radar,0,24,107,0,131,0,3,210,1,214,0,27,317,1,345,168,0,168,513
06/13/2011,CRQ,CA,AWP,WE,Towers with Radar,0,21,122,1,144,0,5,120,0,125,0,26,242,1,269,104,0,104,373
06/14/2011,CRQ,CA,AWP,WE,Towers with Radar,0,29,112,1,142,0,0,98,1,99,0,29,210,2,241,94,0,94,335
06/15/2011,CRQ,CA,AWP,WE,Towers with Radar,0,20,180,0,200,0,5,36,0,41,0,25,216,0,241,82,0,82,323
06/16/2011,CRQ,CA,AWP,WE,Towers with Radar,0,20,152,0,172,0,3,104,0,107,0,23,256,0,279,96,0,96,375
06/17/2011,CRQ,CA,AWP,WE,Towers with Radar,0,17,150,0,167,0,0,107,0,107,0,17,257,0,274,84,0,84,358
06/18/2011,CRQ,CA,AWP,WE,Towers with Radar,0,23,75,0,98,0,3,206,0,209,0,26,281,0,307,92,0,92,399
06/19/2011,CRQ,CA,AWP,WE,Towers with Radar,0,25,107,8,140,0,10,122,2,134,0,35,229,10,274,98,4,102,376
06/20/2011,CRQ,CA,AWP,WE,Towers with Radar,0,20,102,1,123,0,5,149,0,154,0,25,251,1,277,118,0,118,395
06/21/2011,CRQ,CA,AWP,WE,Towers with Radar,0,34,145,2,181,0,3,102,1,106,0,37,247,3,287,38,0,38,325
06/22/2011,CRQ,CA,AWP,WE,Towers with Radar,0,32,166,2,200,0,5,80,1,86,0,37,246,3,286,16,0,16,302
06/23/2011,CRQ,CA,AWP,WE,Towers with Radar,0,22,164,0,186,0,3,29,0,32,0,25,193,0,218,4,0,4,222
06/24/2011,CRQ,CA,AWP,WE,Towers with Radar,0,21,110,2,133,0,0,139,0,139,0,21,249,2,272,112,0,112,384
06/25/2011,CRQ,CA,AWP,WE,Towers with Radar,0,10,96,1,107,0,2,179,2,183,0,12,275,3,290,84,0,84,374
06/26/2011,CRQ,CA,AWP,WE,Towers with Radar,0,26,97,2,125,0,4,263,2,269,0,30,360,4,394,126,6,132,526
06/27/2011,CRQ,CA,AWP,WE,Towers with Radar,0,22,100,2,124,0,6,183,0,189,0,28,283,2,313,158,0,158,471
06/28/2011,CRQ,CA,AWP,WE,Towers with Radar,0,36,108,3,147,0,5,84,0,89,0,41,192,3,236,38,0,38,274
06/29/2011,CRQ,CA,AWP,WE,Towers with Radar,0,37,130,7,174,0,1,199,1,201,0,38,329,8,375,74,2,76,451
06/30/2011,CRQ,CA,AWP,WE,Towers with Radar,0,23,73,0,96,0,2,233,0,235,0,25,306,0,331,131,0,131,462
07/01/2011,CRQ,CA,AWP,WE,Towers with Radar,0,18,87,1,106,0,3,271,0,274,0,21,358,1,380,147,0,147,527
07/02/2011,CRQ,CA,AWP,WE,Towers with Radar,0,20,58,0,78,0,3,183,0,186,0,23,241,0,264,108,0,108,372
07/03/2011,CRQ,CA,AWP,WE,Towers with Radar,0,14,58,0,72,0,5,231,0,236,0,19,289,0,308,136,0,136,444
07/04/2011,CRQ,CA,AWP,WE,Towers with Radar,0,7,42,0,49,0,4,195,0,199,0,11,237,0,248,186,0,186,434
07/05/2011,CRQ,CA,AWP,WE,Towers with Radar,0,24,64,0,88,0,5,115,0,120,0,29,179,0,208,71,0,71,279
07/06/2011,CRQ,CA,AWP,WE,Towers with Radar,0,23,65,0,88,0,7,156,0,163,0,30,221,0,251,116,0,116,367
07/07/2011,CRQ,CA,AWP,WE,Towers with Radar,0,18,75,0,93,0,7,170,14,191,0,25,245,14,284,120,0,120,404
07/08/2011,CRQ,CA,AWP,WE,Towers with Radar,0,25,83,1,109,0,4,214,1,219,0,29,297,2,328,219,0,219,547
07/09/2011,CRQ,CA,AWP,WE,Towers with Radar,0,18,66,0,84,0,10,174,1,185,0,28,240,1,269,145,1,146,415
07/10/2011,CRQ,CA,AWP,WE,Towers with Radar,0,25,73,2,100,0,7,175,0,182,0,32,248,2,282,112,0,112,394
07/11/2011,CRQ,CA,AWP,WE,Towers with Radar,0,34,98,3,135,0,5,152,0,157,0,39,250,3,292,88,0,88,380
07/12/2011,CRQ,CA,AWP,WE,Towers with Radar,0,29,105,3,137,0,28,154,2,184,0,57,259,5,321,96,2,98,419
07/13/2011,CRQ,CA,AWP,WE,Towers with Radar,0,24,121,1,146,0,5,211,0,216,0,29,332,1,362,82,0,82,444
07/14/2011,CRQ,CA,AWP,WE,Towers with Radar,0,24,110,2,136,0,1,132,0,133,0,25,242,2,269,118,0,118,387
07/15/2011,CRQ,CA,AWP,WE,Towers with Radar,0,20,107,0,127,0,17,214,0,231,0,37,321,0,358,174,0,174,532
07/16/2011,CRQ,CA,AWP,WE,Towers with Radar,0,16,105,0,121,0,5,230,0,235,0,21,335,0,356,174,0,174,530
07/17/2011,CRQ,CA,AWP,WE,Towers with Radar,0,27,84,0,111,0,13,249,0,262,0,40,333,0,373,144,0,144,517
07/18/2011,CRQ,CA,AWP,WE,Towers with Radar,0,21,84,0,105,0,12,191,0,203,0,33,275,0,308,140,0,140,448
07/19/2011,CRQ,CA,AWP,WE,Towers with Radar,0,16,96,2,114,0,7,184,1,192,0,23,280,3,306,108,0,108,414
07/20/2011,CRQ,CA,AWP,WE,Towers with Radar,0,34,138,1,173,0,2,98,1,101,0,36,236,2,274,161,0,161,435
07/21/2011,CRQ,CA,AWP,WE,Towers with Radar,0,36,115,2,153,0,3,165,0,168,0,39,280,2,321,184,4,188,509
07/22/2011,CRQ,CA,AWP,WE,Towers with Radar,0,30,113,0,143,0,2,184,0,186,0,32,297,0,329,188,0,188,517
07/23/2011,CRQ,CA,AWP,WE,Towers with Radar,0,21,98,1,120,0,5,213,2,220,0,26,311,3,340,185,0,185,525
07/24/2011,CRQ,CA,AWP,WE,Towers with Radar,0,30,106,0,136,0,5,246,0,251,0,35,352,0,387,174,0,174,561
07/25/2011,CRQ,CA,AWP,WE,Towers with Radar,0,28,59,4,91,0,9,183,1,193,0,37,242,5,284,194,2,196,480
07/26/2011,CRQ,CA,AWP,WE,Towers with Radar,0,28,83,0,111,0,2,172,0,174,0,30,255,0,285,124,0,124,409
07/27/2011,CRQ,CA,AWP,WE,Towers with Radar,0,24,133,0,157,0,12,99,0,111,0,36,232,0,268,100,0,100,368
07/28/2011,CRQ,CA,AWP,WE,Towers with Radar,0,17,115,0,132,0,4,176,0,180,0,21,291,0,312,182,0,182,494
07/29/2011,CRQ,CA,AWP,WE,Towers with Radar,0,22,163,2,187,0,0,101,0,101,0,22,264,2,288,48,0,48,336
07/30/2011,CRQ,CA,AWP,WE,Towers with Radar,0,14,110,0,124,0,2,114,0,116,0,16,224,0,240,54,0,54,294
07/31/2011,CRQ,CA,AWP,WE,Towers with Radar,0,33,88,2,123,0,6,249,0,255,0,39,337,2,378,258,0,258,636
08/01/2011,CRQ,CA,AWP,WE,Towers with Radar,0,31,76,0,107,0,5,158,0,163,0,36,234,0,270,128,0,128,398
08/02/2011,CRQ,CA,AWP,WE,Towers with Radar,0,29,62,0,91,0,3,241,0,244,0,32,303,0,335,268,0,268,603
08/03/2011,CRQ,CA,AWP,WE,Towers with Radar,0,22,63,0,85,0,4,161,0,165,0,26,224,0,250,124,0,124,374
08/04/2011,CRQ,CA,AWP,WE,Towers with Radar,0,30,92,0,122,0,5,173,0,178,0,35,265,0,300,142,0,142,442
08/05/2011,CRQ,CA,AWP,WE,Towers with Radar,0,26,112,0,138,0,7,162,0,169,0,33,274,0,307,94,4,98,405
08/06/2011,CRQ,CA,AWP,WE,Towers with Radar,0,14,64,0,78,0,1,160,0,161,0,15,224,0,239,110,0,110,349
08/07/2011,CRQ,CA,AWP,WE,Towers with Radar,0,27,81,0,108,0,8,196,0,204,0,35,277,0,312,170,0,170,482
08/08/2011,CRQ,CA,AWP,WE,Towers with Radar,0,20,74,1,95,0,4,133,0,137,0,24,207,1,232,116,10,126,358
08/09/2011,CRQ,CA,AWP,WE,Towers with Radar,0,31,128,0,159,0,4,103,0,107,0,35,231,0,266,57,0,57,323
08/10/2011,CRQ,CA,AWP,WE,Towers with Radar,0,22,121,1,144,0,12,89,0,101,0,34,210,1,245,105,0,105,350
08/11/2011,CRQ,CA,AWP,WE,Towers with Radar,0,27,117,0,144,0,3,126,0,129,0,30,243,0,273,104,0,104,377
08/12/2011,CRQ,CA,AWP,WE,Towers with Radar,0,27,144,1,172,0,1,127,0,128,0,28,271,1,300,108,0,108,408
08/13/2011,CRQ,CA,AWP,WE,Towers with Radar,0,26,141,0,167,0,0,77,0,77,0,26,218,0,244,0,10,10,254
08/14/2011,CRQ,CA,AWP,WE,Towers with Radar,0,35,152,0,187,0,7,83,1,91,0,42,235,1,278,62,0,62,340
08/15/2011,CRQ,CA,AWP,WE,Towers with Radar,0,27,134,0,161,0,1,25,0,26,0,28,159,0,187,32,0,32,219
08/16/2011,CRQ,CA,AWP,WE,Towers with Radar,0,23,102,0,125,0,2,150,0,152,0,25,252,0,277,128,0,128,405
08/17/2011,CRQ,CA,AWP,WE,Towers with Radar,0,23,91,0,114,0,8,144,2,154,0,31,235,2,268,222,0,222,490
08/18/2011,CRQ,CA,AWP,WE,Towers with Radar,0,21,104,0,125,0,5,153,0,158,0,26,257,0,283,158,2,160,443
08/19/2011,CRQ,CA,AWP,WE,Towers with Radar,0,21,105,1,127,0,5,166,0,171,0,26,271,1,298,61,2,63,361
08/20/2011,CRQ,CA,AWP,WE,Towers with Radar,0,18,161,0,179,0,4,132,0,136,0,22,293,0,315,64,0,64,379
08/21/2011,CRQ,CA,AWP,WE,Towers with Radar,0,28,91,0,119,0,0,165,0,165,0,28,256,0,284,57,0,57,341
08/22/2011,CRQ,CA,AWP,WE,Towers with Radar,0,26,72,2,100,0,1,163,0,164,0,27,235,2,264,185,0,185,449
08/23/2011,CRQ,CA,AWP,WE,Towers with Radar,0,22,67,0,89,0,4,130,0,134,0,26,197,0,223,104,2,106,329
08/24/2011,CRQ,CA,AWP,WE,Towers with Radar,0,21,110,0,131,0,0,122,0,122,0,21,232,0,253,90,0,90,343
08/25/2011,CRQ,CA,AWP,WE,Towers with Radar,0,30,66,0,96,0,10,167,2,179,0,40,233,2,275,85,0,85,360
08/26/2011,CRQ,CA,AWP,WE,Towers with Radar,0,22,83,0,105,0,5,218,1,224,0,27,301,1,329,149,0,149,478
08/27/2011,CRQ,CA,AWP,WE,Towers with Radar,0,24,61,0,85,0,1,229,0,230,0,25,290,0,315,192,0,192,507
08/28/2011,CRQ,CA,AWP,WE,Towers with Radar,0,29,92,1,122,0,8,251,0,259,0,37,343,1,381,174,0,174,555
08/29/2011,CRQ,CA,AWP,WE,Towers with Radar,0,37,95,0,132,0,4,200,0,204,0,41,295,0,336,137,0,137,473
08/30/2011,CRQ,CA,AWP,WE,Towers with Radar,0,26,85,1,112,0,3,162,0,165,0,29,247,1,277,92,0,92,369
08/31/2011,CRQ,CA,AWP,WE,Towers with Radar,0,23,87,0,110,0,3,142,0,145,0,26,229,0,255,120,0,120,375
09/01/2011,CRQ,CA,AWP,WE,Towers with Radar,0,19,87,0,106,0,2,182,0,184,0,21,269,0,290,164,0,164,454
09/02/2011,CRQ,CA,AWP,WE,Towers with Radar,0,31,116,0,147,0,0,211,0,211,0,31,327,0,358,82,3,85,443
09/03/2011,CRQ,CA,AWP,WE,Towers with Radar,0,14,72,0,86,0,4,150,0,154,0,18,222,0,240,39,0,39,279
09/04/2011,CRQ,CA,AWP,WE,Towers with Radar,0,9,45,4,58,0,0,227,0,227,0,9,272,4,285,136,0,136,421
09/05/2011,CRQ,CA,AWP,WE,Towers with Radar,0,23,68,0,91,0,3,189,0,192,0,26,257,0,283,176,0,176,459
09/06/2011,CRQ,CA,AWP,WE,Towers with Radar,0,16,73,3,92,0,2,150,0,152,0,18,223,3,244,134,0,134,378
09/07/2011,CRQ,CA,AWP,WE,Towers with Radar,0,20,80,6,106,0,11,215,3,229,0,31,295,9,335,218,2,220,555
09/08/2011,CRQ,CA,AWP,WE,Towers with Radar,1,16,60,0,77,0,0,149,0,149,1,16,209,0,226,76,0,76,302
09/09/2011,CRQ,CA,AWP,WE,Towers with Radar,0,18,119,1,138,0,0,169,0,169,0,18,288,1,307,63,0,63,370
09/10/2011,CRQ,CA,AWP,WE,Towers with Radar,0,16,92,0,108,0,0,125,0,125,0,16,217,0,233,104,0,104,337
09/11/2011,CRQ,CA,AWP,WE,Towers with Radar,0,22,71,1,94,0,4,246,0,250,0,26,317,1,344,148,0,148,492
09/12/2011,CRQ,CA,AWP,WE,Towers with Radar,0,25,94,6,125,0,12,164,2,178,0,37,258,8,303,104,0,104,407
09/13/2011,CRQ,CA,AWP,WE,Towers with Radar,0,15,78,0,93,0,5,146,0,151,0,20,224,0,244,70,0,70,314
09/14/2011,CRQ,CA,AWP,WE,Towers with Radar,0,18,90,1,109,0,10,164,0,174,0,28,254,1,283,105,0,105,388
09/15/2011,CRQ,CA,AWP,WE,Towers with Radar,0,23,122,1,146,0,4,120,0,124,0,27,242,1,270,51,0,51,321
09/16/2011,CRQ,CA,AWP,WE,Towers with Radar,0,20,184,2,206,0,2,62,0,64,0,22,246,2,270,112,0,112,382
09/17/2011,CRQ,CA,AWP,WE,Towers with Radar,0,18,132,2,152,0,3,144,0,147,0,21,276,2,299,44,0,44,343
09/18/2011,CRQ,CA,AWP,WE,Towers with Radar,0,33,119,7,159,0,5,172,0,177,0,38,291,7,336,92,0,92,428
09/19/2011,CRQ,CA,AWP,WE,Towers with Radar,0,24,129,2,155,0,0,0,0,0,0,24,129,2,155,0,0,0,155
09/20/2011,CRQ,CA,AWP,WE,Towers with Radar,0,19,125,0,144,0,0,1,51,52,0,19,126,51,196,24,0,24,220
09/21/2011,CRQ,CA,AWP,WE,Towers with Radar,0,26,112,0,138,0,2,109,0,111,0,28,221,0,249,32,0,32,281
09/22/2011,CRQ,CA,AWP,WE,Towers with Radar,0,27,116,0,143,0,1,110,0,111,0,28,226,0,254,120,1,121,375
09/23/2011,CRQ,CA,AWP,WE,Towers with Radar,0,20,155,2,177,0,0,22,0,22,0,20,177,2,199,0,0,0,199
09/24/2011,CRQ,CA,AWP,WE,Towers with Radar,0,19,115,2,136,0,1,52,0,53,0,20,167,2,189,11,0,11,200
09/25/2011,CRQ,CA,AWP,WE,Towers with Radar,0,27,126,0,153,0,2,174,0,176,0,29,300,0,329,122,0,122,451
09/26/2011,CRQ,CA,AWP,WE,Towers with Radar,0,36,68,2,106,0,4,123,0,127,0,40,191,2,233,115,0,115,348
09/27/2011,CRQ,CA,AWP,WE,Towers with Radar,0,11,113,1,125,0,1,84,0,85,0,12,197,1,210,46,0,46,256
09/28/2011,CRQ,CA,AWP,WE,Towers with Radar,0,21,120,8,149,0,0,113,0,113,0,21,233,8,262,69,0,69,331
09/29/2011,CRQ,CA,AWP,WE,Towers with Radar,0,20,84,11,115,0,5,146,1,152,0,25,230,12,267,39,0,39,306
09/30/2011,CRQ,CA,AWP,WE,Towers with Radar,0,16,88,2,106,0,2,225,0,227,0,18,313,2,333,85,0,85,418
10/01/2011,CRQ,CA,AWP,WE,Towers with Radar,0,13,58,0,71,0,2,196,0,198,0,15,254,0,269,167,0,167,436
10/02/2011,CRQ,CA,AWP,WE,Towers with Radar,0,28,89,0,117,0,9,224,0,233,0,37,313,0,350,168,0,168,518
10/03/2011,CRQ,CA,AWP,WE,Towers with Radar,0,20,72,0,92,0,10,165,0,175,0,30,237,0,267,132,0,132,399
10/04/2011,CRQ,CA,AWP,WE,Towers with Radar,0,13,72,0,85,0,4,54,0,58,0,17,126,0,143,78,0,78,221
10/05/2011,CRQ,CA,AWP,WE,Towers with Radar,0,24,69,6,99,0,0,24,0,24,0,24,93,6,123,28,0,28,151
10/06/2011,CRQ,CA,AWP,WE,Towers with Radar,0,27,89,0,116,0,7,160,0,167,0,34,249,0,283,106,0,106,389
10/07/2011,CRQ,CA,AWP,WE,Towers with Radar,0,19,76,0,95,0,8,279,0,287,0,27,355,0,382,144,0,144,526
10/08/2011,CRQ,CA,AWP,WE,Towers with Radar,0,13,68,0,81,0,2,199,1,202,0,15,267,1,283,154,0,154,437
10/09/2011,CRQ,CA,AWP,WE,Towers with Radar,0,24,74,4,102,0,0,323,0,323,0,24,397,4,425,198,0,198,623
10/10/2011,CRQ,CA,AWP,WE,Towers with Radar,0,27,71,0,98,0,6,195,0,201,0,33,266,0,299,142,0,142,441
10/11/2011,CRQ,CA,AWP,WE,Towers with Radar,0,20,73,0,93,0,3,292,0,295,0,23,365,0,388,267,0,267,655
10/12/2011,CRQ,CA,AWP,WE,Towers with Radar,0,22,65,2,89,0,5,253,1,259,0,27,318,3,348,174,0,174,522
10/13/2011,CRQ,CA,AWP,WE,Towers with Radar,0,26,55,0,81,0,1,273,0,274,0,27,328,0,355,144,0,144,499
10/14/2011,CRQ,CA,AWP,WE,Towers with Radar,0,34,109,0,143,0,0,156,0,156,0,34,265,0,299,84,0,84,383
10/15/2011,CRQ,CA,AWP,WE,Towers with Radar,0,21,92,4,117,0,1,100,0,101,0,22,192,4,218,48,0,48,266
10/16/2011,CRQ,CA,AWP,WE,Towers with Radar,0,27,80,2,109,0,3,166,0,169,0,30,246,2,278,82,0,82,360
10/17/2011,CRQ,CA,AWP,WE,Towers with Radar,0,21,61,0,82,0,3,138,0,141,0,24,199,0,223,84,0,84,307
10/18/2011,CRQ,CA,AWP,WE,Towers with Radar,0,17,123,0,140,0,0,14,13,27,0,17,137,13,167,0,0,0,167
10/19/2011,CRQ,CA,AWP,WE,Towers with Radar,0,17,109,0,126,0,0,29,1,30,0,17,138,1,156,45,0,45,201
10/20/2011,CRQ,CA,AWP,WE,Towers with Radar,0,21,121,4,146,0,5,62,0,67,0,26,183,4,213,158,0,158,371
10/21/2011,CRQ,CA,AWP,WE,Towers with Radar,0,21,124,0,145,0,4,102,0,106,0,25,226,0,251,147,0,147,398
10/22/2011,CRQ,CA,AWP,WE,Towers with Radar,0,7,101,0,108,0,4,42,0,46,0,11,143,0,154,35,0,35,189
10/23/2011,CRQ,CA,AWP,WE,Towers with Radar,0,25,119,0,144,0,3,79,0,82,0,28,198,0,226,24,0,24,250
10/24/2011,CRQ,CA,AWP,WE,Towers with Radar,0,20,102,9,131,0,1,18,1,20,0,21,120,10,151,107,0,107,258
10/25/2011,CRQ,CA,AWP,WE,Towers with Radar,0,16,90,4,110,0,10,148,0,158,0,26,238,4,268,155,0,155,423
10/26/2011,CRQ,CA,AWP,WE,Towers with Radar,0,23,97,0,120,0,6,154,0,160,0,29,251,0,280,255,0,255,535
10/27/2011,CRQ,CA,AWP,WE,Towers with Radar,0,27,70,0,97,0,2,183,0,185,0,29,253,0,282,232,0,232,514
10/28/2011,CRQ,CA,AWP,WE,Towers with Radar,0,19,72,0,91,0,5,204,0,209,0,24,276,0,300,171,0,171,471
10/29/2011,CRQ,CA,AWP,WE,Towers with Radar,0,13,72,0,85,0,10,232,0,242,0,23,304,0,327,137,0,137,464
10/30/2011,CRQ,CA,AWP,WE,Towers with Radar,0,23,82,1,106,0,4,273,0,277,0,27,355,1,383,152,0,152,535
10/31/2011,CRQ,CA,AWP,WE,Towers with Radar,0,20,48,0,68,0,0,118,0,118,0,20,166,0,186,148,0,148,334
11/01/2011,CRQ,CA,AWP,WE,Towers with Radar,0,22,67,7,96,0,5,91,2,98,0,27,158,9,194,116,4,120,314
11/02/2011,CRQ,CA,AWP,WE,Towers with Radar,0,22,72,4,98,0,12,109,2,123,0,34,181,6,221,145,3,148,369
11/03/2011,CRQ,CA,AWP,WE,Towers with Radar,0,25,99,0,124,0,0,144,1,145,0,25,243,1,269,184,0,184,453
11/04/2011,CRQ,CA,AWP,WE,Towers with Radar,0,19,74,2,95,0,0,11,0,11,0,19,85,2,106,31,0,31,137
11/05/2011,CRQ,CA,AWP,WE,Towers with Radar,0,13,67,2,82,0,2,203,0,205,0,15,270,2,287,120,0,120,407
11/06/2011,CRQ,CA,AWP,WE,Towers with Radar,0,20,65,0,85,0,3,39,0,42,0,23,104,0,127,50,0,50,177
11/07/2011,CRQ,CA,AWP,WE,Towers with Radar,0,16,77,0,93,0,4,122,0,126,0,20,199,0,219,84,0,84,303
11/08/2011,CRQ,CA,AWP,WE,Towers with Radar,0,16,82,0,98,0,7,162,2,171,0,23,244,2,269,197,0,197,466
11/09/2011,CRQ,CA,AWP,WE,Towers with Radar,0,21,97,0,118,0,13,180,0,193,0,34,277,0,311,97,2,99,410
11/10/2011,CRQ,CA,AWP,WE,Towers with Radar,0,25,82,6,113,0,4,134,4,142,0,29,216,10,255,97,0,97,352
11/11/2011,CRQ,CA,AWP,WE,Towers with Radar,0,25,75,0,100,0,0,89,0,89,0,25,164,0,189,26,0,26,215
11/12/2011,CRQ,CA,AWP,WE,Towers with Radar,0,12,58,0,70,0,2,36,0,38,0,14,94,0,108,58,0,58,166
11/13/2011,CRQ,CA,AWP,WE,Towers with Radar,0,21,109,0,130,0,0,233,0,233,0,21,342,0,363,178,0,178,541
11/14/2011,CRQ,CA,AWP,WE,Towers with Radar,0,24,100,3,127,0,5,81,2,88,0,29,181,5,215,76,0,76,291
11/15/2011,CRQ,CA,AWP,WE,Towers with Radar,0,23,92,0,115,0,2,196,0,198,0,25,288,0,313,173,0,173,486
11/16/2011,CRQ,CA,AWP,WE,Towers with Radar,0,17,98,4,119,0,9,133,0,142,0,26,231,4,261,96,0,96,357
11/17/2011,CRQ,CA,AWP,WE,Towers with Radar,0,28,103,2,133,0,0,40,0,40,0,28,143,2,173,23,0,23,196
11/18/2011,CRQ,CA,AWP,WE,Towers with Radar,0,33,126,1,160,0,6,70,0,76,0,39,196,1,236,173,0,173,409
11/19/2011,CRQ,CA,AWP,WE,Towers with Radar,0,14,103,0,117,0,0,110,0,110,0,14,213,0,227,77,0,77,304
11/20/2011,CRQ,CA,AWP,WE,Towers with Radar,0,18,73,0,91,0,1,62,0,63,0,19,135,0,154,84,0,84,238
11/21/2011,CRQ,CA,AWP,WE,Towers with Radar,0,26,89,1,116,0,5,128,0,133,0,31,217,1,249,113,0,113,362
11/22/2011,CRQ,CA,AWP,WE,Towers with Radar,0,19,64,3,86,0,0,238,3,241,0,19,302,6,327,226,0,226,553
11/23/2011,CRQ,CA,AWP,WE,Towers with Radar,0,20,126,0,146,0,0,130,0,130,0,20,256,0,276,120,0,120,396
11/24/2011,CRQ,CA,AWP,WE,Towers with Radar,0,9,29,0,38,0,0,32,0,32,0,9,61,0,70,53,0,53,123
11/25/2011,CRQ,CA,AWP,WE,Towers with Radar,0,19,58,0,77,0,4,179,0,183,0,23,237,0,260,79,0,79,339
11/26/2011,CRQ,CA,AWP,WE,Towers with Radar,0,21,80,0,101,0,2,227,0,229,0,23,307,0,330,142,0,142,472
11/27/2011,CRQ,CA,AWP,WE,Towers with Radar,0,27,100,0,127,0,5,272,0,277,0,32,372,0,404,163,0,163,567
11/28/2011,CRQ,CA,AWP,WE,Towers with Radar,0,25,52,0,77,0,18,128,0,146,0,43,180,0,223,134,0,134,357
11/29/2011,CRQ,CA,AWP,WE,Towers with Radar,0,18,58,0,76,0,3,121,0,124,0,21,179,0,200,90,0,90,290
11/30/2011,CRQ,CA,AWP,WE,Towers with Radar,0,14,116,2,132,0,2,103,0,105,0,16,219,2,237,171,0,171,408
12/01/2011,CRQ,CA,AWP,WE,Towers with Radar,0,25,38,4,67,0,2,79,1,82,0,27,117,5,149,100,0,100,249
12/02/2011,CRQ,CA,AWP,WE,Towers with Radar,0,27,64,0,91,0,3,148,1,152,0,30,212,1,243,87,0,87,330
12/03/2011,CRQ,CA,AWP,WE,Towers with Radar,0,15,46,2,63,0,3,142,3,148,0,18,188,5,211,42,2,44,255
12/04/2011,CRQ,CA,AWP,WE,Towers with Radar,0,26,80,2,108,0,1,193,1,195,0,27,273,3,303,134,0,134,437
12/05/2011,CRQ,CA,AWP,WE,Towers with Radar,0,23,52,4,79,0,0,156,1,157,0,23,208,5,236,174,0,174,410
12/06/2011,CRQ,CA,AWP,WE,Towers with Radar,0,19,63,2,84,0,19,156,2,177,0,38,219,4,261,88,4,92,353
12/07/2011,CRQ,CA,AWP,WE,Towers with Radar,0,18,59,3,80,0,7,171,0,178,0,25,230,3,258,211,0,211,469
12/08/2011,CRQ,CA,AWP,WE,Towers with Radar,0,19,66,2,87,0,5,200,0,205,0,24,266,2,292,126,0,126,418
12/09/2011,CRQ,CA,AWP,WE,Towers with Radar,0,15,101,0,116,0,6,228,0,234,0,21,329,0,350,132,0,132,482
12/10/2011,CRQ,CA,AWP,WE,Towers with Radar,0,14,84,0,98,0,0,221,0,221,0,14,305,0,319,143,0,143,462
12/11/2011,CRQ,CA,AWP,WE,Towers with Radar,0,24,82,0,106,0,5,189,0,194,0,29,271,0,300,152,0,152,452
12/12/2011,CRQ,CA,AWP,WE,Towers with Radar,0,25,49,1,75,0,1,9,1,11,0,26,58,2,86,13,2,15,101
12/13/2011,CRQ,CA,AWP,WE,Towers with Radar,0,26,79,0,105,0,5,68,0,73,0,31,147,0,178,139,0,139,317
12/14/2011,CRQ,CA,AWP,WE,Towers with Radar,0,17,89,9,115,0,3,120,0,123,0,20,209,9,238,163,0,163,401
12/15/2011,CRQ,CA,AWP,WE,Towers with Radar,0,19,78,1,98,0,3,103,1,107,0,22,181,2,205,100,0,100,305
12/16/2011,CRQ,CA,AWP,WE,Towers with Radar,0,15,52,0,67,0,1,92,2,95,0,16,144,2,162,121,0,121,283
12/17/2011,CRQ,CA,AWP,WE,Towers with Radar,0,18,58,0,76,0,1,154,0,155,0,19,212,0,231,105,0,105,336
12/18/2011,CRQ,CA,AWP,WE,Towers with Radar,0,18,80,0,98,0,7,177,0,184,0,25,257,0,282,135,0,135,417
12/19/2011,CRQ,CA,AWP,WE,Towers with Radar,0,22,69,0,91,0,6,104,0,110,0,28,173,0,201,138,0,138,339
12/20/2011,CRQ,CA,AWP,WE,Towers with Radar,0,16,82,0,98,0,13,137,0,150,0,29,219,0,248,88,2,90,338
12/21/2011,CRQ,CA,AWP,WE,Towers with Radar,0,18,83,0,101,0,3,183,2,188,0,21,266,2,289,159,2,161,450
12/22/2011,CRQ,CA,AWP,WE,Towers with Radar,0,24,53,0,77,0,5,186,0,191,0,29,239,0,268,146,0,146,414
12/23/2011,CRQ,CA,AWP,WE,Towers with Radar,0,25,70,0,95,0,8,198,0,206,0,33,268,0,301,117,0,117,418
12/24/2011,CRQ,CA,AWP,WE,Towers with Radar,0,9,28,0,37,0,2,134,0,136,0,11,162,0,173,80,0,80,253
12/25/2011,CRQ,CA,AWP,WE,Towers with Radar,0,19,17,0,36,0,2,92,0,94,0,21,109,0,130,172,0,172,302
12/26/2011,CRQ,CA,AWP,WE,Towers with Radar,1,23,94,0,118,0,5,236,0,241,1,28,330,0,359,118,0,118,477
12/27/2011,CRQ,CA,AWP,WE,Towers with Radar,0,17,93,2,112,0,2,168,3,173,0,19,261,5,285,84,0,84,369
12/28/2011,CRQ,CA,AWP,WE,Towers with Radar,0,22,64,0,86,0,7,216,0,223,0,29,280,0,309,178,0,178,487
12/29/2011,CRQ,CA,AWP,WE,Towers with Radar,0,22,79,1,102,0,15,176,1,192,0,37,255,2,294,96,0,96,390
12/30/2011,CRQ,CA,AWP,WE,Towers with Radar,0,18,62,0,80,0,4,146,0,150,0,22,208,0,230,110,0,110,340
12/31/2011,CRQ,CA,AWP,WE,Towers with Radar,0,9,44,0,53,0,2,148,0,150,0,11,192,0,203,106,0,106,309
01/01/2012,CRQ,CA,AWP,WE,Towers with Radar,0,29,52,0,81,0,9,94,0,103,0,38,146,0,184,61,0,61,245
01/02/2012,CRQ,CA,AWP,WE,Towers with Radar,0,19,87,0,106,0,0,197,0,197,0,19,284,0,303,59,0,59,362
01/03/2012,CRQ,CA,AWP,WE,Towers with Radar,0,21,58,4,83,0,6,150,0,156,0,27,208,4,239,159,2,161,400
01/04/2012,CRQ,CA,AWP,WE,Towers with Radar,0,17,67,0,84,0,1,138,0,139,0,18,205,0,223,173,0,173,396
01/05/2012,CRQ,CA,AWP,WE,Towers with Radar,0,17,48,0,65,0,1,159,0,160,0,18,207,0,225,65,0,65,290
01/06/2012,CRQ,CA,AWP,WE,Towers with Radar,0,16,67,2,85,0,6,165,0,171,0,22,232,2,256,113,1,114,370
01/07/2012,CRQ,CA,AWP,WE,Towers with Radar,0,16,95,0,111,0,2,109,0,111,0,18,204,0,222,60,0,60,282
01/08/2012,CRQ,CA,AWP,WE,Towers with Radar,0,26,61,1,88,0,4,194,0,198,0,30,255,1,286,223,0,223,509
01/09/2012,CRQ,CA,AWP,WE,Towers with Radar,0,24,76,1,101,0,5,138,0,143,0,29,214,1,244,168,0,168,412
01/10/2012,CRQ,CA,AWP,WE,Towers with Radar,0,23,71,0,94,0,4,180,0,184,0,27,251,0,278,117,0,117,395
01/11/2012,CRQ,CA,AWP,WE,Towers with Radar,0,25,72,4,101,0,0,118,3,121,0,25,190,7,222,117,3,120,342
01/12/2012,CRQ,CA,AWP,WE,Towers with Radar,0,29,73,0,102,0,4,111,0,115,0,33,184,0,217,90,0,90,307
01/13/2012,CRQ,CA,AWP,WE,Towers with Radar,0,21,87,4,112,0,12,183,2,197,0,33,270,6,309,112,2,114,423
01/14/2012,CRQ,CA,AWP,WE,Towers with Radar,0,14,63,0,77,0,5,215,1,221,0,19,278,1,298,198,2,200,498
01/15/2012,CRQ,CA,AWP,WE,Towers with Radar,0,19,59,0,78,0,4,124,1,129,0,23,183,1,207,142,0,142,349
01/16/2012,CRQ,CA,AWP,WE,Towers with Radar,0,19,66,1,86,0,5,90,0,95,0,24,156,1,181,91,0,91,272
01/17/2012,CRQ,CA,AWP,WE,Towers with Radar,0,25,77,0,102,0,8,196,0,204,0,33,273,0,306,165,0,165,471
01/18/2012,CRQ,CA,AWP,WE,Towers with Radar,0,21,77,2,100,0,3,166,3,172,0,24,243,5,272,86,0,86,358
01/19/2012,CRQ,CA,AWP,WE,Towers with Radar,0,25,90,4,119,0,20,162,0,182,0,45,252,4,301,132,0,132,433
01/20/2012,CRQ,CA,AWP,WE,Towers with Radar,0,23,78,0,101,0,7,191,4,202,0,30,269,4,303,87,2,89,392
01/21/2012,CRQ,CA,AWP,WE,Towers with Radar,0,10,70,0,80,0,0,7,0,7,0,10,77,0,87,10,0,10,97
01/22/2012,CRQ,CA,AWP,WE,Towers with Radar,0,18,77,3,98,0,5,207,0,212,0,23,284,3,310,178,0,178,488
01/23/2012,CRQ,CA,AWP,WE,Towers with Radar,0,23,62,0,85,0,3,1,0,4,0,26,63,0,89,2,0,2,91
01/24/2012,CRQ,CA,AWP,WE,Towers with Radar,0,13,83,0,96,0,6,175,0,181,0,19,258,0,277,139,0,139,416
01/25/2012,CRQ,CA,AWP,WE,Towers with Radar,0,14,45,1,60,0,2,124,0,126,0,16,169,1,186,176,0,176,362
01/26/2012,CRQ,CA,AWP,WE,Towers with Radar,0,22,70,1,93,0,5,171,0,176,0,27,241,1,269,70,0,70,339
01/27/2012,CRQ,CA,AWP,WE,Towers with Radar,0,23,64,2,89,0,5,138,4,147,0,28,202,6,236,145,0,145,381
01/28/2012,CRQ,CA,AWP,WE,Towers with Radar,0,12,46,0,58,0,1,161,0,162,0,13,207,0,220,108,0,108,328
01/29/2012,CRQ,CA,AWP,WE,Towers with Radar,0,16,66,0,82,0,1,296,0,297,0,17,362,0,379,143,0,143,522
01/30/2012,CRQ,CA,AWP,WE,Towers with Radar,0,19,84,10,113,0,1,132,3,136,0,20,216,13,249,102,4,106,355
01/31/2012,CRQ,CA,AWP,WE,Towers with Radar,1,21,91,4,117,0,38,111,2,151,1,59,202,6,268,160,6,166,434
02/01/2012,CRQ,CA,AWP,WE,Towers with Radar,0,23,80,10,113,0,27,113,0,140,0,50,193,10,253,118,0,118,371
02/02/2012,CRQ,CA,AWP,WE,Towers with Radar,0,25,61,0,86,0,3,174,0,177,0,28,235,0,263,191,0,191,454
02/03/2012,CRQ,CA,AWP,WE,Towers with Radar,0,27,69,0,96,0,0,170,0,170,0,27,239,0,266,150,0,150,416
02/04/2012,CRQ,CA,AWP,WE,Towers with Radar,0,12,57,2,71,0,7,279,0,286,0,19,336,2,357,172,0,172,529
02/05/2012,CRQ,CA,AWP,WE,Towers with Radar,0,21,46,0,67,0,2,159,0,161,0,23,205,0,228,146,0,146,374
02/06/2012,CRQ,CA,AWP,WE,Towers with Radar,0,21,70,0,91,0,4,160,0,164,0,25,230,0,255,138,0,138,393
02/07/2012,CRQ,CA,AWP,WE,Towers with Radar,0,19,45,0,64,0,0,50,0,50,0,19,95,0,114,96,0,96,210
02/08/2012,CRQ,CA,AWP,WE,Towers with Radar,0,20,50,19,89,0,1,119,1,121,0,21,169,20,210,210,0,210,420
02/09/2012,CRQ,CA,AWP,WE,Towers with Radar,0,19,104,0,123,0,1,193,1,195,0,20,297,1,318,131,0,131,449
02/10/2012,CRQ,CA,AWP,WE,Towers with Radar,0,21,95,1,117,0,4,163,1,168,0,25,258,2,285,80,2,82,367
02/11/2012,CRQ,CA,AWP,WE,Towers with Radar,0,19,99,1,119,0,2,69,0,71,0,21,168,1,190,94,0,94,284
02/12/2012,CRQ,CA,AWP,WE,Towers with Radar,0,21,117,8,146,0,0,207,0,207,0,21,324,8,353,196,0,196,549
02/13/2012,CRQ,CA,AWP,WE,Towers with Radar,0,22,60,1,83,0,2,47,0,49,0,24,107,1,132,52,0,52,184
02/14/2012,CRQ,CA,AWP,WE,Towers with Radar,0,22,73,1,96,0,5,131,0,136,0,27,204,1,232,4,0,4,236
02/15/2012,CRQ,CA,AWP,WE,Towers with Radar,0,17,72,10,99,0,3,16,0,19,0,20,88,10,118,39,0,39,157
02/16/2012,CRQ,CA,AWP,WE,Towers with Radar,0,23,71,0,94,0,0,132,1,133,0,23,203,1,227,137,0,137,364
02/17/2012,CRQ,CA,AWP,WE,Towers with Radar,0,27,83,2,112,0,3,253,0,256,0,30,336,2,368,131,0,131,499
02/18/2012,CRQ,CA,AWP,WE,Towers with Radar,0,18,68,0,86,0,2,166,0,168,0,20,234,0,254,84,0,84,338
02/19/2012,CRQ,CA,AWP,WE,Towers with Radar,0,26,101,2,129,0,3,154,2,159,0,29,255,4,288,130,0,130,418
02/20/2012,CRQ,CA,AWP,WE,Towers with Radar,0,27,112,0,139,0,1,162,0,163,0,28,274,0,302,125,0,125,427
02/21/2012,CRQ,CA,AWP,WE,Towers with Radar,0,21,97,7,125,0,3,208,0,211,0,24,305,7,336,152,0,152,488
02/22/2012,CRQ,CA,AWP,WE,Towers with Radar,0,21,60,2,83,0,3,155,0,158,0,24,215,2,241,98,0,98,339
02/23/2012,CRQ,CA,AWP,WE,Towers with Radar,0,23,72,4,99,0,0,172,0,172,0,23,244,4,271,164,0,164,435
02/24/2012,CRQ,CA,AWP,WE,Towers with Radar,0,30,116,2,148,0,1,65,0,66,0,31,181,2,214,43,0,43,257
02/25/2012,CRQ,CA,AWP,WE,Towers with Radar,0,16,85,0,101,0,2,141,0,143,0,18,226,0,244,121,1,122,366
02/26/2012,CRQ,CA,AWP,WE,Towers with Radar,0,18,100,2,120,0,3,128,0,131,0,21,228,2,251,162,0,162,413
02/27/2012,CRQ,CA,AWP,WE,Towers with Radar,0,24,39,0,63,0,0,23,0,23,0,24,62,0,86,42,4,46,132
02/28/2012,CRQ,CA,AWP,WE,Towers with Radar,0,25,77,0,102,0,0,100,0,100,0,25,177,0,202,169,0,169,371
02/29/2012,CRQ,CA,AWP,WE,Towers with Radar,0,15,80,1,96,0,2,159,2,163,0,17,239,3,259,194,0,194,453
03/01/2012,CRQ,CA,AWP,WE,Towers with Radar,0,25,94,4,123,0,11,82,0,93,0,36,176,4,216,70,0,70,286
03/02/2012,CRQ,CA,AWP,WE,Towers with Radar,0,26,97,0,123,0,5,206,0,211,0,31,303,0,334,175,0,175,509
03/03/2012,CRQ,CA,AWP,WE,Towers with Radar,0,14,70,0,84,0,3,183,0,186,0,17,253,0,270,142,0,142,412
03/04/2012,CRQ,CA,AWP,WE,Towers with Radar,0,21,75,0,96,0,7,282,0,289,0,28,357,0,385,224,0,224,609
03/05/2012,CRQ,CA,AWP,WE,Towers with Radar,0,31,59,5,95,0,3,125,0,128,0,34,184,5,223,160,2,162,385
03/06/2012,CRQ,CA,AWP,WE,Towers with Radar,0,22,99,4,125,0,0,15,0,15,0,22,114,4,140,31,0,31,171
03/07/2012,CRQ,CA,AWP,WE,Towers with Radar,0,23,55,0,78,0,3,121,0,124,0,26,176,0,202,104,9,113,315
03/08/2012,CRQ,CA,AWP,WE,Towers with Radar,0,28,62,5,95,0,4,163,4,171,0,32,225,9,266,143,10,153,419
03/09/2012,CRQ,CA,AWP,WE,Towers with Radar,0,22,77,2,101,0,0,153,0,153,0,22,230,2,254,110,0,110,364
03/10/2012,CRQ,CA,AWP,WE,Towers with Radar,0,17,70,0,87,0,1,146,1,148,0,18,216,1,235,95,0,95,330
03/11/2012,CRQ,CA,AWP,WE,Towers with Radar,0,22,78,0,100,0,23,212,2,237,0,45,290,2,337,206,0,206,543
03/12/2012,CRQ,CA,AWP,WE,Towers with Radar,0,32,80,1,113,0,18,131,0,149,0,50,211,1,262,65,8,73,335
03/13/2012,CRQ,CA,AWP,WE,Towers with Radar,0,19,70,4,93,0,2,80,1,83,0,21,150,5,176,142,0,142,318
03/14/2012,CRQ,CA,AWP,WE,Towers with Radar,0,27,95,5,127,0,1,125,1,127,0,28,220,6,254,100,0,100,354
03/15/2012,CRQ,CA,AWP,WE,Towers with Radar,0,20,133,1,154,0,1,36,0,37,0,21,169,1,191,12,0,12,203
03/16/2012,CRQ,CA,AWP,WE,Towers with Radar,0,16,130,0,146,0,0,83,0,83,0,16,213,0,229,145,0,145,374
03/17/2012,CRQ,CA,AWP,WE,Towers with Radar,0,9,33,0,42,0,0,1,0,1,0,9,34,0,43,10,0,10,53
03/18/2012,CRQ,CA,AWP,WE,Towers with Radar,0,19,31,3,53,0,0,26,1,27,0,19,57,4,80,52,0,52,132
03/19/2012,CRQ,CA,AWP,WE,Towers with Radar,0,25,68,2,95,0,1,71,0,72,0,26,139,2,167,108,0,108,275
03/20/2012,CRQ,CA,AWP,WE,Towers with Radar,0,27,69,9,105,0,1,170,0,171,0,28,239,9,276,180,0,180,456
03/21/2012,CRQ,CA,AWP,WE,Towers with Radar,0,17,70,9,96,0,2,129,2,133,0,19,199,11,229,181,0,181,410
03/22/2012,CRQ,CA,AWP,WE,Towers with Radar,0,19,96,1,116,0,1,168,1,170,0,20,264,2,286,181,0,181,467
03/23/2012,CRQ,CA,AWP,WE,Towers with Radar,0,22,110,0,132,0,0,118,0,118,0,22,228,0,250,117,0,117,367
03/24/2012,CRQ,CA,AWP,WE,Towers with Radar,0,10,62,1,73,0,0,139,0,139,0,10,201,1,212,176,10,186,398
03/25/2012,CRQ,CA,AWP,WE,Towers with Radar,0,20,72,0,92,0,4,42,0,46,0,24,114,0,138,103,0,103,241
03/26/2012,CRQ,CA,AWP,WE,Towers with Radar,0,16,72,1,89,0,4,163,1,168,0,20,235,2,257,169,0,169,426
03/27/2012,CRQ,CA,AWP,WE,Towers with Radar,0,15,90,4,109,0,2,188,2,192,0,17,278,6,301,185,0,185,486
03/28/2012,CRQ,CA,AWP,WE,Towers with Radar,0,20,76,0,96,0,0,167,0,167,0,20,243,0,263,146,0,146,409
03/29/2012,CRQ,CA,AWP,WE,Towers with Radar,0,20,152,0,172,0,0,35,0,35,0,20,187,0,207,50,0,50,257
03/30/2012,CRQ,CA,AWP,WE,Towers with Radar,0,16,84,3,103,0,32,99,0,131,0,48,183,3,234,106,0,106,340
03/31/2012,CRQ,CA,AWP,WE,Towers with Radar,1,14,121,0,136,0,0,44,0,44,1,14,165,0,180,152,0,152,332
04/01/2012,CRQ,CA,AWP,WE,Towers with Radar,0,19,95,1,115,0,0,211,2,213,0,19,306,3,328,265,0,265,593
04/02/2012,CRQ,CA,AWP,WE,Towers with Radar,0,16,69,0,85,0,0,155,0,155,0,16,224,0,240,195,0,195,435
04/03/2012,CRQ,CA,AWP,WE,Towers with Radar,0,29,72,0,101,0,0,180,2,182,0,29,252,2,283,264,2,266,549
04/04/2012,CRQ,CA,AWP,WE,Towers with Radar,0,28,67,0,95,0,4,193,0,197,0,32,260,0,292,130,0,130,422
04/05/2012,CRQ,CA,AWP,WE,Towers with Radar,0,25,104,0,129,0,3,108,0,111,0,28,212,0,240,170,0,170,410
04/06/2012,CRQ,CA,AWP,WE,Towers with Radar,0,19,61,0,80,0,2,193,0,195,0,21,254,0,275,190,0,190,465
04/07/2012,CRQ,CA,AWP,WE,Towers with Radar,0,13,54,0,67,0,1,272,0,273,0,14,326,0,340,218,0,218,558
04/08/2012,CRQ,CA,AWP,WE,Towers with Radar,0,22,54,0,76,0,2,205,0,207,0,24,259,0,283,150,0,150,433
04/09/2012,CRQ,CA,AWP,WE,Towers with Radar,0,21,65,0,86,0,0,193,0,193,0,21,258,0,279,195,0,195,474
04/10/2012,CRQ,CA,AWP,WE,Towers with Radar,0,20,98,0,118,0,0,131,3,134,0,20,229,3,252,101,0,101,353
04/11/2012,CRQ,CA,AWP,WE,Towers with Radar,0,16,76,8,100,0,2,50,1,53,0,18,126,9,153,123,4,127,280
04/12/2012,CRQ,CA,AWP,WE,Towers with Radar,0,14,74,6,94,0,3,106,2,111,0,17,180,8,205,147,0,147,352
04/13/2012,CRQ,CA,AWP,WE,Towers with Radar,0,18,43,4,65,0,5,17,5,27,0,23,60,9,92,58,0,58,150
04/14/2012,CRQ,CA,AWP,WE,Towers with Radar,0,11,49,1,61,0,16,79,0,95,0,27,128,1,156,156,0,156,312
04/15/2012,CRQ,CA,AWP,WE,Towers with Radar,0,23,80,0,103,0,2,274,0,276,0,25,354,0,379,165,0,165,544
04/16/2012,CRQ,CA,AWP,WE,Towers with Radar,0,22,61,0,83,0,0,184,0,184,0,22,245,0,267,174,0,174,441
04/17/2012,CRQ,CA,AWP,WE,Towers with Radar,0,23,58,3,84,0,5,202,2,209,0,28,260,5,293,63,4,67,360
04/18/2012,CRQ,CA,AWP,WE,Towers with Radar,0,25,78,9,112,0,3,92,1,96,0,28,170,10,208,71,4,75,283
04/19/2012,CRQ,CA,AWP,WE,Towers with Radar,0,25,104,2,131,0,3,119,2,124,0,28,223,4,255,82,2,84,339
04/20/2012,CRQ,CA,AWP,WE,Towers with Radar,0,23,113,2,138,0,0,78,0,78,0,23,191,2,216,93,0,93,309
04/21/2012,CRQ,CA,AWP,WE,Towers with Radar,0,11,122,2,135,0,0,1,0,1,0,11,123,2,136,9,0,9,145
04/22/2012,CRQ,CA,AWP,WE,Towers with Radar,0,21,138,1,160,0,0,0,0,0,0,21,138,1,160,5,0,5,165
04/23/2012,CRQ,CA,AWP,WE,Towers with Radar,0,18,104,0,122,0,1,42,0,43,0,19,146,0,165,153,0,153,318
04/24/2012,CRQ,CA,AWP,WE,Towers with Radar,0,17,84,3,104,0,3,172,0,175,0,20,256,3,279,92,0,92,371
04/25/2012,CRQ,CA,AWP,WE,Towers with Radar,0,16,90,3,109,0,4,86,1,91,0,20,176,4,200,108,6,114,314
04/26/2012,CRQ,CA,AWP,WE,Towers with Radar,0,22,96,0,118,0,3,58,0,61,0,25,154,0,179,113,0,113,292
04/27/2012,CRQ,CA,AWP,WE,Towers with Radar,0,26,92,0,118,0,1,197,0,198,0,27,289,0,316,268,0,268,584
04/28/2012,CRQ,CA,AWP,WE,Towers with Radar,0,14,58,1,73,0,4,271,0,275,0,18,329,1,348,124,0,124,472
04/29/2012,CRQ,CA,AWP,WE,Towers with Radar,0,28,168,1,197,0,1,64,0,65,0,29,232,1,262,54,0,54,316
04/30/2012,CRQ,CA,AWP,WE,Towers with Radar,0,23,99,4,126,0,1,15,0,16,0,24,114,4,142,75,0,75,217
05/01/2012,CRQ,CA,AWP,WE,Towers with Radar,0,22,116,2,140,0,5,21,2,28,0,27,137,4,168,31,0,31,199
05/02/2012,CRQ,CA,AWP,WE,Towers with Radar,0,28,102,3,133,0,4,87,2,93,0,32,189,5,226,206,0,206,432
05/03/2012,CRQ,CA,AWP,WE,Towers with Radar,0,28,96,0,124,0,4,102,0,106,0,32,198,0,230,136,0,136,366
05/04/2012,CRQ,CA,AWP,WE,Towers with Radar,0,29,124,3,156,0,3,139,0,142,0,32,263,3,298,182,0,182,480
05/05/2012,CRQ,CA,AWP,WE,Towers with Radar,0,17,74,0,91,0,6,141,1,148,0,23,215,1,239,173,0,173,412
05/06/2012,CRQ,CA,AWP,WE,Towers with Radar,0,32,86,1,119,0,5,141,2,148,0,37,227,3,267,159,0,159,426
05/07/2012,CRQ,CA,AWP,WE,Towers with Radar,0,15,63,0,78,0,0,126,4,130,0,15,189,4,208,35,0,35,243
05/08/2012,CRQ,CA,AWP,WE,Towers with Radar,0,18,59,1,78,0,8,131,1,140,0,26,190,2,218,193,0,193,411
05/09/2012,CRQ,CA,AWP,WE,Towers with Radar,0,23,101,2,126,0,1,106,0,107,0,24,207,2,233,92,0,92,325
05/10/2012,CRQ,CA,AWP,WE,Towers with Radar,0,19,86,6,111,0,2,79,2,83,0,21,165,8,194,99,0,99,293
05/11/2012,CRQ,CA,AWP,WE,Towers with Radar,0,23,90,3,116,0,5,148,0,153,0,28,238,3,269,145,0,145,414
05/12/2012,CRQ,CA,AWP,WE,Towers with Radar,0,11,75,1,87,0,3,192,0,195,0,14,267,1,282,124,0,124,406
05/13/2012,CRQ,CA,AWP,WE,Towers with Radar,0,28,103,0,131,0,2,109,1,112,0,30,212,1,243,127,0,127,370
05/14/2012,CRQ,CA,AWP,WE,Towers with Radar,0,23,92,3,118,0,1,138,2,141,0,24,230,5,259,141,4,145,404
05/15/2012,CRQ,CA,AWP,WE,Towers with Radar,0,29,101,0,130,0,7,158,1,166,0,36,259,1,296,152,0,152,448
05/16/2012,CRQ,CA,AWP,WE,Towers with Radar,0,27,90,0,117,0,5,145,23,173,0,32,235,23,290,245,0,245,535
05/17/2012,CRQ,CA,AWP,WE,Towers with Radar,0,21,132,7,160,0,7,86,2,95,0,28,218,9,255,71,0,71,326
05/18/2012,CRQ,CA,AWP,WE,Towers with Radar,0,21,93,4,118,0,4,156,1,161,0,25,249,5,279,169,2,171,450
05/19/2012,CRQ,CA,AWP,WE,Towers with Radar,0,18,67,2,87,0,1,148,0,149,0,19,215,2,236,152,0,152,388
05/20/2012,CRQ,CA,AWP,WE,Towers with Radar,0,15,95,0,110,0,5,153,0,158,0,20,248,0,268,56,0,56,324
05/21/2012,CRQ,CA,AWP,WE,Towers with Radar,0,22,116,2,140,0,2,99,2,103,0,24,215,4,243,111,0,111,354
05/22/2012,CRQ,CA,AWP,WE,Towers with Radar,0,23,89,1,113,0,1,163,0,164,0,24,252,1,277,141,2,143,420
05/23/2012,CRQ,CA,AWP,WE,Towers with Radar,0,35,108,0,143,0,4,86,1,91,0,39,194,1,234,164,2,166,400
05/24/2012,CRQ,CA,AWP,WE,Towers with Radar,0,19,138,2,159,0,0,62,0,62,0,19,200,2,221,185,0,185,406
05/25/2012,CRQ,CA,AWP,WE,Towers with Radar,0,25,124,0,149,0,5,55,2,62,0,30,179,2,211,162,2,164,375
05/26/2012,CRQ,CA,AWP,WE,Towers with Radar,0,17,74,1,92,0,2,165,0,167,0,19,239,1,259,113,0,113,372
05/27/2012,CRQ,CA,AWP,WE,Towers with Radar,0,25,87,0,112,0,3,207,2,212,0,28,294,2,324,198,2,200,524
05/28/2012,CRQ,CA,AWP,WE,Towers with Radar,0,23,58,0,81,0,2,165,0,167,0,25,223,0,248,230,0,230,478
05/29/2012,CRQ,CA,AWP,WE,Towers with Radar,0,27,70,3,100,0,3,156,0,159,0,30,226,3,259,174,1,175,434
05/30/2012,CRQ,CA,AWP,WE,Towers with Radar,0,13,67,0,80,0,5,136,0,141,0,18,203,0,221,139,0,139,360
05/31/2012,CRQ,CA,AWP,WE,Towers with Radar,0,17,102,0,119,0,0,113,0,113,0,17,215,0,232,137,0,137,369
06/01/2012,CRQ,CA,AWP,WE,Towers with Radar,0,22,114,0,136,0,2,109,1,112,0,24,223,1,248,91,0,91,339
06/02/2012,CRQ,CA,AWP,WE,Towers with Radar,0,20,101,3,124,0,1,78,0,79,0,21,179,3,203,89,0,89,292
06/03/2012,CRQ,CA,AWP,WE,Towers with Radar,0,25,104,3,132,0,1,71,0,72,0,26,175,3,204,70,0,70,274
06/04/2012,CRQ,CA,AWP,WE,Towers with Radar,0,22,130,0,152,0,2,24,0,26,0,24,154,0,178,48,0,48,226
06/05/2012,CRQ,CA,AWP,WE,Towers with Radar,0,29,77,0,106,0,2,95,0,97,0,31,172,0,203,185,2,187,390
06/06/2012,CRQ,CA,AWP,WE,Towers with Radar,0,33,78,0,111,0,3,161,1,165,0,36,239,1,276,165,0,165,441
06/07/2012,CRQ,CA,AWP,WE,Towers with Radar,0,28,59,0,87,0,4,153,4,161,0,32,212,4,248,173,0,173,421
06/08/2012,CRQ,CA,AWP,WE,Towers with Radar,0,27,101,1,129,0,3,135,1,139,0,30,236,2,268,153,0,153,421
06/09/2012,CRQ,CA,AWP,WE,Towers with Radar,0,16,75,2,93,0,2,109,0,111,0,18,184,2,204,86,0,86,290
06/10/2012,CRQ,CA,AWP,WE,Towers with Radar,0,33,71,1,105,0,2,223,0,225,0,35,294,1,330,272,0,272,602
06/11/2012,CRQ,CA,AWP,WE,Towers with Radar,0,23,87,0,110,0,0,50,2,52,0,23,137,2,162,104,2,106,268
06/12/2012,CRQ,CA,AWP,WE,Towers with Radar,0,28,159,0,187,0,0,3,0,3,0,28,162,0,190,3,0,3,193
06/13/2012,CRQ,CA,AWP,WE,Towers with Radar,0,22,166,0,188,0,3,36,0,39,0,25,202,0,227,44,0,44,271
06/14/2012,CRQ,CA,AWP,WE,Towers with Radar,0,19,137,3,159,0,4,83,2,89,0,23,220,5,248,193,0,193,441
06/15/2012,CRQ,CA,AWP,WE,Towers with Radar,0,21,124,2,147,0,2,55,2,59,0,23,179,4,206,202,2,204,410
06/16/2012,CRQ,CA,AWP,WE,Towers with Radar,0,11,83,0,94,0,5,109,0,114,0,16,192,0,208,209,2,211,419
06/17/2012,CRQ,CA,AWP,WE,Towers with Radar,0,25,86,0,111,0,0,133,0,133,0,25,219,0,244,90,0,90,334
06/18/2012,CRQ,CA,AWP,WE,Towers with Radar,0,21,126,0,147,0,1,43,0,44,0,22,169,0,191,29,0,29,220
06/19/2012,CRQ,CA,AWP,WE,Towers with Radar,0,26,105,0,131,0,0,158,0,158,0,26,263,0,289,153,0,153,442
06/20/2012,CRQ,CA,AWP,WE,Towers with Radar,0,27,95,0,122,0,2,157,1,160,0,29,252,1,282,173,2,175,457
06/21/2012,CRQ,CA,AWP,WE,Towers with Radar,0,23,121,0,144,0,2,109,4,115,0,25,230,4,259,116,0,116,375
06/22/2012,CRQ,CA,AWP,WE,Towers with Radar,0,30,104,1,135,0,4,146,0,150,0,34,250,1,285,90,0,90,375
06/23/2012,CRQ,CA,AWP,WE,Towers with Radar,0,21,77,1,99,0,6,182,0,188,0,27,259,1,287,129,0,129,416
06/24/2012,CRQ,CA,AWP,WE,Towers with Radar,0,33,87,1,121,0,0,286,0,286,0,33,373,1,407,167,0,167,574
06/25/2012,CRQ,CA,AWP,WE,Towers with Radar,0,24,92,0,116,0,10,162,0,172,0,34,254,0,288,133,0,133,421
06/26/2012,CRQ,CA,AWP,WE,Towers with Radar,0,38,92,0,130,0,1,147,0,148,0,39,239,0,278,126,0,126,404
06/27/2012,CRQ,CA,AWP,WE,Towers with Radar,0,16,83,0,99,0,8,168,0,176,0,24,251,0,275,247,0,247,522
06/28/2012,CRQ,CA,AWP,WE,Towers with Radar,0,18,96,5,119,0,2,177,0,179,0,20,273,5,298,209,2,211,509
06/29/2012,CRQ,CA,AWP,WE,Towers with Radar,0,21,104,0,125,0,1,217,0,218,0,22,321,0,343,88,0,88,431
06/30/2012,CRQ,CA,AWP,WE,Towers with Radar,0,11,67,0,78,0,0,194,1,195,0,11,261,1,273,269,0,269,542
07/01/2012,CRQ,CA,AWP,WE,Towers with Radar,0,26,66,0,92,0,3,186,0,189,0,29,252,0,281,135,0,135,416
07/02/2012,CRQ,CA,AWP,WE,Towers with Radar,0,17,73,1,91,0,2,123,0,125,0,19,196,1,216,223,0,223,439
07/03/2012,CRQ,CA,AWP,WE,Towers with Radar,0,15,96,1,112,0,2,135,0,137,0,17,231,1,249,137,0,137,386
07/04/2012,CRQ,CA,AWP,WE,Towers with Radar,0,15,82,4,101,0,1,13,0,14,0,16,95,4,115,32,0,32,147
07/05/2012,CRQ,CA,AWP,WE,Towers with Radar,0,17,112,3,132,0,0,52,0,52,0,17,164,3,184,180,0,180,364
07/06/2012,CRQ,CA,AWP,WE,Towers with Radar,0,15,73,4,92,0,1,106,0,107,0,16,179,4,199,107,2,109,308
07/07/2012,CRQ,CA,AWP,WE,Towers with Radar,0,13,63,1,77,0,0,105,0,105,0,13,168,1,182,144,0,144,326
07/08/2012,CRQ,CA,AWP,WE,Towers with Radar,0,21,99,0,120,0,0,227,0,227,0,21,326,0,347,225,0,225,572
07/09/2012,CRQ,CA,AWP,WE,Towers with Radar,0,31,62,0,93,0,2,198,0,200,0,33,260,0,293,212,0,212,505
07/10/2012,CRQ,CA,AWP,WE,Towers with Radar,0,23,76,0,99,0,5,151,0,156,0,28,227,0,255,145,0,145,400
07/11/2012,CRQ,CA,AWP,WE,Towers with Radar,0,28,93,2,123,0,2,146,0,148,0,30,239,2,271,135,0,135,406
07/12/2012,CRQ,CA,AWP,WE,Towers with Radar,0,19,91,0,110,0,1,114,0,115,0,20,205,0,225,245,0,245,470
07/13/2012,CRQ,CA,AWP,WE,Towers with Radar,0,22,78,2,102,0,1,191,1,193,0,23,269,3,295,130,0,130,425
07/14/2012,CRQ,CA,AWP,WE,Towers with Radar,0,11,133,0,144,0,0,23,0,23,0,11,156,0,167,45,0,45,212
07/15/2012,CRQ,CA,AWP,WE,Towers with Radar,0,27,88,0,115,0,5,249,1,255,0,32,337,1,370,174,0,174,544
07/16/2012,CRQ,CA,AWP,WE,Towers with Radar,0,23,92,0,115,0,1,246,0,247,0,24,338,0,362,243,0,243,605
07/17/2012,CRQ,CA,AWP,WE,Towers with Radar,0,22,100,0,122,0,3,222,0,225,0,25,322,0,347,202,0,202,549
07/18/2012,CRQ,CA,AWP,WE,Towers with Radar,0,26,126,2,154,0,5,218,3,226,0,31,344,5,380,262,0,262,642
07/19/2012,CRQ,CA,AWP,WE,Towers with Radar,0,22,101,0,123,0,6,184,0,190,0,28,285,0,313,215,2,217,530
07/20/2012,CRQ,CA,AWP,WE,Towers with Radar,0,32,76,0,108,0,7,215,2,224,0,39,291,2,332,268,0,268,600
07/21/2012,CRQ,CA,AWP,WE,Towers with Radar,0,10,89,0,99,0,0,200,0,200,0,10,289,0,299,183,0,183,482
07/22/2012,CRQ,CA,AWP,WE,Towers with Radar,0,18,119,0,137,0,3,215,0,218,0,21,334,0,355,235,0,235,590
07/23/2012,CRQ,CA,AWP,WE,Towers with Radar,0,28,120,1,149,0,6,109,0,115,0,34,229,1,264,183,0,183,447
07/24/2012,CRQ,CA,AWP,WE,Towers with Radar,0,16,103,3,122,0,6,121,2,129,0,22,224,5,251,257,2,259,510
07/25/2012,CRQ,CA,AWP,WE,Towers with Radar,0,25,119,1,145,0,5,193,3,201,0,30,312,4,346,217,0,217,563
07/26/2012,CRQ,CA,AWP,WE,Towers with Radar,0,27,93,0,120,0,1,148,0,149,0,28,241,0,269,179,0,179,448
07/27/2012,CRQ,CA,AWP,WE,Towers with Radar,0,25,101,1,127,0,16,189,0,205,0,41,290,1,332,123,0,123,455
07/28/2012,CRQ,CA,AWP,WE,Towers with Radar,0,26,85,0,111,0,4,203,2,209,0,30,288,2,320,116,0,116,436
07/29/2012,CRQ,CA,AWP,WE,Towers with Radar,0,26,89,2,117,0,1,246,3,250,0,27,335,5,367,138,0,138,505
07/30/2012,CRQ,CA,AWP,WE,Towers with Radar,0,30,71,0,101,0,7,135,0,142,0,37,206,0,243,128,0,128,371
07/31/2012,CRQ,CA,AWP,WE,Towers with Radar,0,19,76,0,95,0,5,168,0,173,0,24,244,0,268,165,0,165,433
08/01/2012,CRQ,CA,AWP,WE,Towers with Radar,0,25,76,0,101,0,7,154,1,162,0,32,230,1,263,190,0,190,453
08/02/2012,CRQ,CA,AWP,WE,Towers with Radar,0,22,92,1,115,0,4,124,4,132,0,26,216,5,247,108,2,110,357
08/03/2012,CRQ,CA,AWP,WE,Towers with Radar,0,20,114,0,134,0,0,169,2,171,0,20,283,2,305,108,0,108,413
08/04/2012,CRQ,CA,AWP,WE,Towers with Radar,0,14,109,0,123,0,3,187,1,191,0,17,296,1,314,120,0,120,434
08/05/2012,CRQ,CA,AWP,WE,Towers with Radar,0,22,132,0,154,0,8,133,1,142,0,30,265,1,296,89,0,89,385
08/06/2012,CRQ,CA,AWP,WE,Towers with Radar,0,26,69,0,95,0,2,158,0,160,0,28,227,0,255,217,0,217,472
08/07/2012,CRQ,CA,AWP,WE,Towers with Radar,0,21,69,2,92,0,0,181,4,185,0,21,250,6,277,221,4,225,502
08/08/2012,CRQ,CA,AWP,WE,Towers with Radar,0,22,70,0,92,0,3,197,1,201,0,25,267,1,293,263,0,263,556
08/09/2012,CRQ,CA,AWP,WE,Towers with Radar,0,27,66,2,95,0,0,145,0,145,0,27,211,2,240,194,0,194,434
08/10/2012,CRQ,CA,AWP,WE,Towers with Radar,0,23,60,0,83,0,3,131,1,135,0,26,191,1,218,263,0,263,481
08/11/2012,CRQ,CA,AWP,WE,Towers with Radar,0,24,71,0,95,0,5,151,0,156,0,29,222,0,251,192,0,192,443
08/12/2012,CRQ,CA,AWP,WE,Towers with Radar,0,28,67,0,95,0,2,193,0,195,0,30,260,0,290,151,0,151,441
08/13/2012,CRQ,CA,AWP,WE,Towers with Radar,0,21,65,2,88,0,4,196,0,200,0,25,261,2,288,231,0,231,519
08/14/2012,CRQ,CA,AWP,WE,Towers with Radar,0,19,67,0,86,0,7,224,1,232,0,26,291,1,318,238,0,238,556
08/15/2012,CRQ,CA,AWP,WE,Towers with Radar,0,23,93,2,118,0,0,136,0,136,0,23,229,2,254,261,0,261,515
08/16/2012,CRQ,CA,AWP,WE,Towers with Radar,0,25,91,0,116,0,3,199,0,202,0,28,290,0,318,198,0,198,516
08/17/2012,CRQ,CA,AWP,WE,Towers with Radar,0,27,96,0,123,0,4,191,0,195,0,31,287,0,318,178,0,178,496
08/18/2012,CRQ,CA,AWP,WE,Towers with Radar,0,10,58,0,68,0,10,228,0,238,0,20,286,0,306,134,0,134,440
08/19/2012,CRQ,CA,AWP,WE,Towers with Radar,0,22,98,1,121,0,7,262,1,270,0,29,360,2,391,153,2,155,546
08/20/2012,CRQ,CA,AWP,WE,Towers with Radar,0,15,83,0,98,0,4,142,0,146,0,19,225,0,244,287,0,287,531
08/21/2012,CRQ,CA,AWP,WE,Towers with Radar,0,19,113,0,132,0,3,112,0,115,0,22,225,0,247,69,0,69,316
08/22/2012,CRQ,CA,AWP,WE,Towers with Radar,0,21,113,6,140,0,4,137,0,141,0,25,250,6,281,84,0,84,365
08/23/2012,CRQ,CA,AWP,WE,Towers with Radar,0,33,136,3,172,0,0,24,0,24,0,33,160,3,196,74,0,74,270
08/24/2012,CRQ,CA,AWP,WE,Towers with Radar,0,24,159,0,183,0,3,8,0,11,0,27,167,0,194,44,0,44,238
08/25/2012,CRQ,CA,AWP,WE,Towers with Radar,0,11,99,0,110,0,0,28,0,28,0,11,127,0,138,16,0,16,154
08/26/2012,CRQ,CA,AWP,WE,Towers with Radar,0,30,90,0,120,0,6,191,2,199,0,36,281,2,319,93,0,93,412
08/27/2012,CRQ,CA,AWP,WE,Towers with Radar,0,32,65,3,100,0,10,187,7,204,0,42,252,10,304,225,0,225,529
08/28/2012,CRQ,CA,AWP,WE,Towers with Radar,0,23,53,0,76,0,7,213,0,220,0,30,266,0,296,187,0,187,483
08/29/2012,CRQ,CA,AWP,WE,Towers with Radar,0,30,93,0,123,0,3,195,0,198,0,33,288,0,321,143,0,143,464
08/30/2012,CRQ,CA,AWP,WE,Towers with Radar,0,24,80,0,104,0,2,187,3,192,0,26,267,3,296,166,2,168,464
08/31/2012,CRQ,CA,AWP,WE,Towers with Radar,0,23,119,0,142,0,1,198,0,199,0,24,317,0,341,131,0,131,472
09/01/2012,CRQ,CA,AWP,WE,Towers with Radar,0,13,59,0,72,0,8,314,0,322,0,21,373,0,394,91,0,91,485
09/02/2012,CRQ,CA,AWP,WE,Towers with Radar,0,15,75,0,90,0,3,239,2,244,0,18,314,2,334,167,2,169,503
09/03/2012,CRQ,CA,AWP,WE,Towers with Radar,0,16,71,0,87,0,2,176,1,179,0,18,247,1,266,65,0,65,331
09/04/2012,CRQ,CA,AWP,WE,Towers with Radar,0,26,58,4,88,0,2,120,0,122,0,28,178,4,210,217,0,217,427
09/05/2012,CRQ,CA,AWP,WE,Towers with Radar,0,18,77,2,97,0,0,158,4,162,0,18,235,6,259,145,0,145,404
09/06/2012,CRQ,CA,AWP,WE,Towers with Radar,0,24,61,4,89,0,1,148,3,152,0,25,209,7,241,174,0,174,415
09/07/2012,CRQ,CA,AWP,WE,Towers with Radar,0,25,62,0,87,0,9,182,1,192,0,34,244,1,279,190,0,190,469
09/08/2012,CRQ,CA,AWP,WE,Towers with Radar,0,10,79,1,90,0,1,183,1,185,0,11,262,2,275,178,0,178,453
09/09/2012,CRQ,CA,AWP,WE,Towers with Radar,0,24,52,0,76,0,1,180,0,181,0,25,232,0,257,137,0,137,394
09/10/2012,CRQ,CA,AWP,WE,Towers with Radar,0,23,77,6,106,0,8,202,4,214,0,31,279,10,320,218,8,226,546
09/11/2012,CRQ,CA,AWP,WE,Towers with Radar,0,19,154,2,175,0,0,0,0,0,0,19,154,2,175,0,0,0,175
09/12/2012,CRQ,CA,AWP,WE,Towers with Radar,0,18,135,2,155,0,5,109,2,116,0,23,244,4,271,132,6,138,409
09/13/2012,CRQ,CA,AWP,WE,Towers with Radar,0,25,141,0,166,0,0,16,0,16,0,25,157,0,182,0,0,0,182
09/14/2012,CRQ,CA,AWP,WE,Towers with Radar,0,22,76,5,103,0,6,211,1,218,0,28,287,6,321,238,0,238,559
09/15/2012,CRQ,CA,AWP,WE,Towers with Radar,0,13,61,0,74,0,3,154,1,158,0,16,215,1,232,250,0,250,482
09/16/2012,CRQ,CA,AWP,WE,Towers with Radar,0,18,67,0,85,0,0,255,0,255,0,18,322,0,340,197,0,197,537
09/17/2012,CRQ,CA,AWP,WE,Towers with Radar,0,14,86,0,100,0,0,113,0,113,0,14,199,0,213,153,0,153,366
09/18/2012,CRQ,CA,AWP,WE,Towers with Radar,0,20,100,2,122,0,1,147,0,148,0,21,247,2,270,104,0,104,374
09/19/2012,CRQ,CA,AWP,WE,Towers with Radar,0,17,75,2,94,0,3,165,0,168,0,20,240,2,262,204,0,204,466
09/20/2012,CRQ,CA,AWP,WE,Towers with Radar,0,19,76,0,95,0,3,157,0,160,0,22,233,0,255,228,0,228,483
09/21/2012,CRQ,CA,AWP,WE,Towers with Radar,0,18,71,1,90,0,4,115,2,121,0,22,186,3,211,78,0,78,289
09/22/2012,CRQ,CA,AWP,WE,Towers with Radar,0,12,53,1,66,0,3,150,0,153,0,15,203,1,219,116,0,116,335
09/23/2012,CRQ,CA,AWP,WE,Towers with Radar,0,32,91,1,124,0,3,224,0,227,0,35,315,1,351,123,0,123,474
09/24/2012,CRQ,CA,AWP,WE,Towers with Radar,0,23,75,0,98,0,13,155,2,170,0,36,230,2,268,169,0,169,437
09/25/2012,CRQ,CA,AWP,WE,Towers with Radar,0,26,83,0,109,0,7,126,0,133,0,33,209,0,242,222,0,222,464
09/26/2012,CRQ,CA,AWP,WE,Towers with Radar,0,22,69,0,91,0,3,102,0,105,0,25,171,0,196,122,0,122,318
09/27/2012,CRQ,CA,AWP,WE,Towers with Radar,0,36,77,0,113,0,11,142,0,153,0,47,219,0,266,98,0,98,364
09/28/2012,CRQ,CA,AWP,WE,Towers with Radar,0,22,75,0,97,0,13,127,0,140,0,35,202,0,237,200,0,200,437
09/29/2012,CRQ,CA,AWP,WE,Towers with Radar,0,10,43,0,53,0,1,184,0,185,0,11,227,0,238,90,0,90,328
09/30/2012,CRQ,CA,AWP,WE,Towers with Radar,0,25,74,1,100,0,0,255,0,255,0,25,329,1,355,378,0,378,733
10/01/2012,CRQ,CA,AWP,WE,Towers with Radar,0,15,77,0,92,0,2,136,2,140,0,17,213,2,232,181,0,181,413
10/02/2012,CRQ,CA,AWP,WE,Towers with Radar,0,17,78,2,97,0,13,118,0,131,0,30,196,2,228,132,0,132,360
10/03/2012,CRQ,CA,AWP,WE,Towers with Radar,0,27,85,0,112,0,8,126,0,134,0,35,211,0,246,145,0,145,391
10/04/2012,CRQ,CA,AWP,WE,Towers with Radar,0,24,102,0,126,0,7,151,3,161,0,31,253,3,287,103,0,103,390
10/05/2012,CRQ,CA,AWP,WE,Towers with Radar,0,21,92,2,115,0,11,152,1,164,0,32,244,3,279,210,1,211,490
10/06/2012,CRQ,CA,AWP,WE,Towers with Radar,0,11,84,0,95,0,15,177,0,192,0,26,261,0,287,80,0,80,367
10/07/2012,CRQ,CA,AWP,WE,Towers with Radar,0,19,76,1,96,0,3,214,1,218,0,22,290,2,314,163,0,163,477
10/08/2012,CRQ,CA,AWP,WE,Towers with Radar,0,26,89,0,115,0,1,144,0,145,0,27,233,0,260,251,2,253,513
10/09/2012,CRQ,CA,AWP,WE,Towers with Radar,0,20,100,0,120,0,5,153,0,158,0,25,253,0,278,183,0,183,461
10/10/2012,CRQ,CA,AWP,WE,Towers with Radar,0,22,117,3,142,0,0,120,1,121,0,22,237,4,263,103,8,111,374
10/11/2012,CRQ,CA,AWP,WE,Towers with Radar,0,16,50,0,66,0,0,43,0,43,0,16,93,0,109,32,0,32,141
10/12/2012,CRQ,CA,AWP,WE,Towers with Radar,0,20,87,4,111,0,3,130,0,133,0,23,217,4,244,239,0,239,483
10/13/2012,CRQ,CA,AWP,WE,Towers with Radar,0,8,66,0,74,0,10,198,0,208,0,18,264,0,282,148,0,148,430
10/14/2012,CRQ,CA,AWP,WE,Towers with Radar,0,19,79,2,100,0,3,207,0,210,0,22,286,2,310,116,0,116,426
10/15/2012,CRQ,CA,AWP,WE,Towers with Radar,0,22,68,1,91,0,2,177,0,179,0,24,245,1,270,227,0,227,497
10/16/2012,CRQ,CA,AWP,WE,Towers with Radar,0,15,76,0,91,0,2,127,0,129,0,17,203,0,220,196,0,196,416
10/17/2012,CRQ,CA,AWP,WE,Towers with Radar,0,17,72,4,93,0,2,158,0,160,0,19,230,4,253,159,2,161,414
10/18/2012,CRQ,CA,AWP,WE,Towers with Radar,0,20,90,6,116,0,7,134,0,141,0,27,224,6,257,165,4,169,426
10/19/2012,CRQ,CA,AWP,WE,Towers with Radar,0,35,136,1,172,0,1,85,0,86,0,36,221,1,258,36,2,38,296
10/20/2012,CRQ,CA,AWP,WE,Towers with Radar,0,19,137,2,158,0,1,7,0,8,0,20,144,2,166,8,0,8,174
10/21/2012,CRQ,CA,AWP,WE,Towers with Radar,0,18,107,0,125,0,2,63,0,65,0,20,170,0,190,81,0,81,271
10/22/2012,CRQ,CA,AWP,WE,Towers with Radar,0,33,89,5,127,0,2,158,2,162,0,35,247,7,289,111,2,113,402
10/23/2012,CRQ,CA,AWP,WE,Towers with Radar,0,17,91,5,113,0,5,119,1,125,0,22,210,6,238,198,2,200,438
10/24/2012,CRQ,CA,AWP,WE,Towers with Radar,0,14,85,0,99,0,4,143,0,147,0,18,228,0,246,210,2,212,458
10/25/2012,CRQ,CA,AWP,WE,Towers with Radar,0,26,78,2,106,0,28,196,1,225,0,54,274,3,331,229,2,231,562
10/26/2012,CRQ,CA,AWP,WE,Towers with Radar,0,23,83,0,106,0,1,169,0,170,0,24,252,0,276,205,0,205,481
10/27/2012,CRQ,CA,AWP,WE,Towers with Radar,0,14,59,0,73,0,3,189,0,192,0,17,248,0,265,162,0,162,427
10/28/2012,CRQ,CA,AWP,WE,Towers with Radar,0,22,70,0,92,0,4,288,0,292,0,26,358,0,384,183,0,183,567
10/29/2012,CRQ,CA,AWP,WE,Towers with Radar,0,18,52,1,71,0,0,149,1,150,0,18,201,2,221,117,2,119,340
10/30/2012,CRQ,CA,AWP,WE,Towers with Radar,0,18,78,0,96,0,0,144,0,144,0,18,222,0,240,201,0,201,441
10/31/2012,CRQ,CA,AWP,WE,Towers with Radar,0,20,148,3,171,0,0,72,0,72,0,20,220,3,243,110,0,110,353
11/01/2012,CRQ,CA,AWP,WE,Towers with Radar,0,20,108,1,129,0,8,104,2,114,0,28,212,3,243,110,0,110,353
11/02/2012,CRQ,CA,AWP,WE,Towers with Radar,0,28,100,2,130,0,3,142,0,145,0,31,242,2,275,160,0,160,435
11/03/2012,CRQ,CA,AWP,WE,Towers with Radar,0,19,72,0,91,0,3,223,1,227,0,22,295,1,318,171,0,171,489
11/04/2012,CRQ,CA,AWP,WE,Towers with Radar,0,20,70,0,90,0,0,258,0,258,0,20,328,0,348,288,0,288,636
11/05/2012,CRQ,CA,AWP,WE,Towers with Radar,0,20,80,0,100,0,3,178,1,182,0,23,258,1,282,145,0,145,427
11/06/2012,CRQ,CA,AWP,WE,Towers with Radar,0,19,69,0,88,0,3,134,1,138,0,22,203,1,226,157,0,157,383
11/07/2012,CRQ,CA,AWP,WE,Towers with Radar,0,20,105,2,127,0,0,132,0,132,0,20,237,2,259,68,2,70,329
11/08/2012,CRQ,CA,AWP,WE,Towers with Radar,0,21,111,1,133,0,8,72,0,80,0,29,183,1,213,158,0,158,371
11/09/2012,CRQ,CA,AWP,WE,Towers with Radar,0,21,96,0,117,0,1,98,0,99,0,22,194,0,216,66,0,66,282
11/10/2012,CRQ,CA,AWP,WE,Towers with Radar,0,11,78,0,89,0,4,123,0,127,0,15,201,0,216,147,0,147,363
11/11/2012,CRQ,CA,AWP,WE,Towers with Radar,0,27,55,0,82,0,10,242,0,252,0,37,297,0,334,193,0,193,527
11/12/2012,CRQ,CA,AWP,WE,Towers with Radar,0,24,76,0,100,0,1,150,0,151,0,25,226,0,251,166,0,166,417
11/13/2012,CRQ,CA,AWP,WE,Towers with Radar,0,21,90,0,111,0,4,178,0,182,0,25,268,0,293,163,0,163,456
11/14/2012,CRQ,CA,AWP,WE,Towers with Radar,0,28,105,0,133,0,1,161,0,162,0,29,266,0,295,166,0,166,461
11/15/2012,CRQ,CA,AWP,WE,Towers with Radar,0,29,91,13,133,0,1,106,0,107,0,30,197,13,240,114,1,115,355
11/16/2012,CRQ,CA,AWP,WE,Towers with Radar,0,21,87,3,111,0,0,160,0,160,0,21,247,3,271,75,0,75,346
11/17/2012,CRQ,CA,AWP,WE,Towers with Radar,0,15,90,4,109,0,5,133,0,138,0,20,223,4,247,73,0,73,320
11/18/2012,CRQ,CA,AWP,WE,Towers with Radar,0,20,73,1,94,0,13,163,0,176,0,33,236,1,270,114,2,116,386
11/19/2012,CRQ,CA,AWP,WE,Towers with Radar,0,26,83,2,111,0,9,249,1,259,0,35,332,3,370,175,0,175,545
11/20/2012,CRQ,CA,AWP,WE,Towers with Radar,0,21,104,2,127,1,4,226,0,231,1,25,330,2,358,160,0,160,518
11/21/2012,CRQ,CA,AWP,WE,Towers with Radar,0,29,162,0,191,1,9,132,0,142,1,38,294,0,333,126,0,126,459
11/22/2012,CRQ,CA,AWP,WE,Towers with Radar,0,11,25,0,36,0,8,62,0,70,0,19,87,0,106,182,0,182,288
11/23/2012,CRQ,CA,AWP,WE,Towers with Radar,0,9,52,0,61,0,0,94,0,94,0,9,146,0,155,110,0,110,265
11/24/2012,CRQ,CA,AWP,WE,Towers with Radar,0,27,61,0,88,0,7,149,0,156,0,34,210,0,244,124,0,124,368
11/25/2012,CRQ,CA,AWP,WE,Towers with Radar,0,29,167,0,196,0,0,41,0,41,0,29,208,0,237,53,0,53,290
11/26/2012,CRQ,CA,AWP,WE,Towers with Radar,0,32,97,4,133,0,7,147,4,158,0,39,244,8,291,88,4,92,383
11/27/2012,CRQ,CA,AWP,WE,Towers with Radar,0,23,109,2,134,0,3,66,0,69,0,26,175,2,203,188,2,190,393
11/28/2012,CRQ,CA,AWP,WE,Towers with Radar,0,24,92,2,118,0,2,125,0,127,0,26,217,2,245,354,0,354,599
11/29/2012,CRQ,CA,AWP,WE,Towers with Radar,0,26,129,6,161,0,1,25,0,26,0,27,154,6,187,204,0,204,391
11/30/2012,CRQ,CA,AWP,WE,Towers with Radar,0,24,98,0,122,0,0,10,0,10,0,24,108,0,132,52,4,56,188
12/01/2012,CRQ,CA,AWP,WE,Towers with Radar,0,11,94,0,105,0,0,75,0,75,0,11,169,0,180,88,0,88,268
12/02/2012,CRQ,CA,AWP,WE,Towers with Radar,0,18,104,1,123,0,3,65,0,68,0,21,169,1,191,143,0,143,334
12/03/2012,CRQ,CA,AWP,WE,Towers with Radar,0,30,116,2,148,0,1,49,0,50,0,31,165,2,198,96,0,96,294
12/04/2012,CRQ,CA,AWP,WE,Towers with Radar,0,26,118,2,146,0,2,103,0,105,0,28,221,2,251,76,0,76,327
12/05/2012,CRQ,CA,AWP,WE,Towers with Radar,0,18,210,1,229,0,2,59,0,61,0,20,269,1,290,46,2,48,338
12/06/2012,CRQ,CA,AWP,WE,Towers with Radar,0,17,81,1,99,0,3,99,0,102,0,20,180,1,201,95,0,95,296
12/07/2012,CRQ,CA,AWP,WE,Towers with Radar,0,15,134,0,149,0,0,44,0,44,0,15,178,0,193,4,2,6,199
12/08/2012,CRQ,CA,AWP,WE,Towers with Radar,0,18,62,0,80,0,0,95,0,95,0,18,157,0,175,107,0,107,282
12/09/2012,CRQ,CA,AWP,WE,Towers with Radar,0,25,65,0,90,0,7,193,0,200,0,32,258,0,290,216,0,216,506
12/10/2012,CRQ,CA,AWP,WE,Towers with Radar,0,24,74,15,113,0,3,174,1,178,0,27,248,16,291,173,0,173,464
12/11/2012,CRQ,CA,AWP,WE,Towers with Radar,0,27,58,5,90,0,12,192,6,210,0,39,250,11,300,125,6,131,431
12/12/2012,CRQ,CA,AWP,WE,Towers with Radar,0,28,85,1,114,0,1,108,0,109,0,29,193,1,223,117,2,119,342
12/13/2012,CRQ,CA,AWP,WE,Towers with Radar,0,25,62,0,87,0,5,9,0,14,0,30,71,0,101,10,0,10,111
12/14/2012,CRQ,CA,AWP,WE,Towers with Radar,0,32,93,0,125,0,1,87,1,89,0,33,180,1,214,44,0,44,258
12/15/2012,CRQ,CA,AWP,WE,Towers with Radar,0,12,68,0,80,0,6,154,0,160,0,18,222,0,240,162,0,162,402
12/16/2012,CRQ,CA,AWP,WE,Towers with Radar,0,22,83,0,105,0,1,80,0,81,0,23,163,0,186,150,0,150,336
12/17/2012,CRQ,CA,AWP,WE,Towers with Radar,0,30,94,0,124,0,4,71,0,75,0,34,165,0,199,39,0,39,238
12/18/2012,CRQ,CA,AWP,WE,Towers with Radar,0,18,74,0,92,0,2,49,0,51,0,20,123,0,143,139,0,139,282
12/19/2012,CRQ,CA,AWP,WE,Towers with Radar,0,26,81,2,109,0,10,160,1,171,0,36,241,3,280,106,2,108,388
12/20/2012,CRQ,CA,AWP,WE,Towers with Radar,0,31,85,0,116,0,6,181,0,187,0,37,266,0,303,170,0,170,473
12/21/2012,CRQ,CA,AWP,WE,Towers with Radar,0,36,90,0,126,0,6,179,2,187,0,42,269,2,313,127,2,129,442
12/22/2012,CRQ,CA,AWP,WE,Towers with Radar,0,19,66,0,85,0,3,183,0,186,0,22,249,0,271,169,0,169,440
12/23/2012,CRQ,CA,AWP,WE,Towers with Radar,0,11,52,0,63,0,3,126,0,129,0,14,178,0,192,150,0,150,342
12/24/2012,CRQ,CA,AWP,WE,Towers with Radar,0,8,45,0,53,0,0,11,0,11,0,8,56,0,64,18,0,18,82
12/25/2012,CRQ,CA,AWP,WE,Towers with Radar,0,14,14,0,28,0,0,25,0,25,0,14,39,0,53,39,0,39,92
12/26/2012,CRQ,CA,AWP,WE,Towers with Radar,0,24,73,0,97,0,2,56,0,58,0,26,129,0,155,109,0,109,264
12/27/2012,CRQ,CA,AWP,WE,Towers with Radar,0,25,72,2,99,0,4,119,3,126,0,29,191,5,225,100,0,100,325
12/28/2012,CRQ,CA,AWP,WE,Towers with Radar,0,23,82,0,105,0,0,173,0,173,0,23,255,0,278,117,0,117,395
12/29/2012,CRQ,CA,AWP,WE,Towers with Radar,0,7,58,0,65,0,0,68,0,68,0,7,126,0,133,72,0,72,205
12/30/2012,CRQ,CA,AWP,WE,Towers with Radar,0,23,49,0,72,0,1,77,0,78,0,24,126,0,150,163,0,163,313
12/31/2012,CRQ,CA,AWP,WE,Towers with Radar,0,11,49,0,60,0,3,221,0,224,0,14,270,0,284,103,0,103,387
01/01/2013,CRQ,CA,AWP,WE,Towers with Radar,0,26,50,0,76,0,0,57,0,57,0,26,107,0,133,33,0,33,166
01/02/2013,CRQ,CA,AWP,WE,Towers with Radar,0,22,57,0,79,0,1,98,0,99,0,23,155,0,178,0,0,0,178
01/03/2013,CRQ,CA,AWP,WE,Towers with Radar,0,28,65,0,93,0,3,136,2,141,0,31,201,2,234,0,0,0,234
01/04/2013,CRQ,CA,AWP,WE,Towers with Radar,0,31,84,0,115,0,3,211,0,214,0,34,295,0,329,0,0,0,329
01/05/2013,CRQ,CA,AWP,WE,Towers with Radar,0,19,87,0,106,0,2,168,0,170,0,21,255,0,276,0,0,0,276
01/06/2013,CRQ,CA,AWP,WE,Towers with Radar,0,21,75,1,97,0,5,66,0,71,0,26,141,1,168,77,0,77,245
01/07/2013,CRQ,CA,AWP,WE,Towers with Radar,0,27,60,0,87,0,3,79,0,82,0,30,139,0,169,86,2,88,257
01/08/2013,CRQ,CA,AWP,WE,Towers with Radar,0,22,57,0,79,0,9,109,0,118,0,31,166,0,197,115,0,115,312
01/09/2013,CRQ,CA,AWP,WE,Towers with Radar,0,18,71,2,91,0,3,80,0,83,0,21,151,2,174,131,2,133,307
01/10/2013,CRQ,CA,AWP,WE,Towers with Radar,0,26,73,0,99,0,8,35,0,43,0,34,108,0,142,161,2,163,305
01/11/2013,CRQ,CA,AWP,WE,Towers with Radar,0,24,68,0,92,0,2,116,0,118,0,26,184,0,210,58,0,58,268
01/12/2013,CRQ,CA,AWP,WE,Towers with Radar,0,18,60,1,79,0,0,202,0,202,0,18,262,1,281,195,0,195,476
01/13/2013,CRQ,CA,AWP,WE,Towers with Radar,0,23,65,1,89,0,4,163,0,167,0,27,228,1,256,152,0,152,408
01/14/2013,CRQ,CA,AWP,WE,Towers with Radar,0,18,60,0,78,0,3,100,0,103,0,21,160,0,181,154,0,154,335
01/15/2013,CRQ,CA,AWP,WE,Towers with Radar,0,31,71,2,104,0,2,126,0,128,0,33,197,2,232,195,0,195,427
01/16/2013,CRQ,CA,AWP,WE,Towers with Radar,0,27,94,1,122,0,1,172,0,173,0,28,266,1,295,79,2,81,376
01/17/2013,CRQ,CA,AWP,WE,Towers with Radar,0,23,71,2,96,0,2,187,0,189,0,25,258,2,285,233,0,233,518
01/18/2013,CRQ,CA,AWP,WE,Towers with Radar,0,25,77,1,103,0,1,184,0,185,0,26,261,1,288,272,0,272,560
01/19/2013,CRQ,CA,AWP,WE,Towers with Radar,0,16,56,0,72,0,3,252,0,255,0,19,308,0,327,196,0,196,523
01/20/2013,CRQ,CA,AWP,WE,Towers with Radar,0,27,71,0,98,0,4,234,0,238,0,31,305,0,336,114,0,114,450
01/21/2013,CRQ,CA,AWP,WE,Towers with Radar,0,32,80,1,113,0,3,199,0,202,0,35,279,1,315,153,0,153,468
01/22/2013,CRQ,CA,AWP,WE,Towers with Radar,0,31,52,3,86,0,0,0,1,1,0,31,52,4,87,0,0,0,87
01/23/2013,CRQ,CA,AWP,WE,Towers with Radar,0,23,82,4,109,0,2,120,0,122,0,25,202,4,231,81,0,81,312
01/24/2013,CRQ,CA,AWP,WE,Towers with Radar,0,23,68,2,93,0,0,2,0,2,0,23,70,2,95,0,0,0,95
01/25/2013,CRQ,CA,AWP,WE,Towers with Radar,0,20,66,1,87,0,0,52,2,54,0,20,118,3,141,99,0,99,240
01/26/2013,CRQ,CA,AWP,WE,Towers with Radar,0,14,59,4,77,0,0,0,0,0,0,14,59,4,77,0,0,0,77
01/27/2013,CRQ,CA,AWP,WE,Towers with Radar,0,23,83,3,109,0,4,28,3,35,0,27,111,6,144,68,0,68,212
01/28/2013,CRQ,CA,AWP,WE,Towers with Radar,0,22,62,3,87,0,13,126,2,141,0,35,188,5,228,201,2,203,431
01/29/2013,CRQ,CA,AWP,WE,Towers with Radar,0,26,67,4,97,0,0,172,0,172,0,26,239,4,269,225,0,225,494
01/30/2013,CRQ,CA,AWP,WE,Towers with Radar,0,23,90,0,113,0,9,194,0,203,0,32,284,0,316,135,1,136,452
01/31/2013,CRQ,CA,AWP,WE,Towers with Radar,0,27,69,0,96,0,2,169,0,171,0,29,238,0,267,197,0,197,464
02/01/2013,CRQ,CA,AWP,WE,Towers with Radar,0,25,75,4,104,0,3,221,1,225,0,28,296,5,329,135,0,135,464
02/02/2013,CRQ,CA,AWP,WE,Towers with Radar,0,12,69,1,82,0,2,192,0,194,0,14,261,1,276,158,0,158,434
02/03/2013,CRQ,CA,AWP,WE,Towers with Radar,0,20,59,1,80,0,0,245,0,245,0,20,304,1,325,272,0,272,597
02/04/2013,CRQ,CA,AWP,WE,Towers with Radar,0,19,117,0,136,0,1,49,1,51,0,20,166,1,187,23,0,23,210
02/05/2013,CRQ,CA,AWP,WE,Towers with Radar,0,22,103,0,125,0,1,7,0,8,0,23,110,0,133,54,0,54,187
02/06/2013,CRQ,CA,AWP,WE,Towers with Radar,0,23,90,1,114,0,2,115,2,119,0,25,205,3,233,235,0,235,468
02/07/2013,CRQ,CA,AWP,WE,Towers with Radar,0,21,106,6,133,0,0,2,0,2,0,21,108,6,135,0,0,0,135
02/08/2013,CRQ,CA,AWP,WE,Towers with Radar,0,21,55,2,78,0,0,2,0,2,0,21,57,2,80,0,0,0,80
02/09/2013,CRQ,CA,AWP,WE,Towers with Radar,0,13,73,0,86,0,6,171,0,177,0,19,244,0,263,198,0,198,461
02/10/2013,CRQ,CA,AWP,WE,Towers with Radar,0,19,95,0,114,0,0,161,0,161,0,19,256,0,275,269,0,269,544
02/11/2013,CRQ,CA,AWP,WE,Towers with Radar,0,23,81,2,106,0,2,254,0,256,0,25,335,2,362,152,0,152,514
02/12/2013,CRQ,CA,AWP,WE,Towers with Radar,0,27,67,0,94,0,6,176,0,182,0,33,243,0,276,106,0,106,382
02/13/2013,CRQ,CA,AWP,WE,Towers with Radar,0,32,68,2,102,0,1,173,0,174,0,33,241,2,276,185,0,185,461
02/14/2013,CRQ,CA,AWP,WE,Towers with Radar,0,29,69,0,98,0,2,130,0,132,0,31,199,0,230,125,6,131,361
02/15/2013,CRQ,CA,AWP,WE,Towers with Radar,0,25,66,2,93,0,14,179,1,194,0,39,245,3,287,65,0,65,352
02/16/2013,CRQ,CA,AWP,WE,Towers with Radar,0,12,77,0,89,0,0,291,0,291,0,12,368,0,380,146,0,146,526
02/17/2013,CRQ,CA,AWP,WE,Towers with Radar,0,21,74,0,95,0,1,108,0,109,0,22,182,0,204,102,0,102,306
02/18/2013,CRQ,CA,AWP,WE,Towers with Radar,0,25,139,0,164,0,3,115,0,118,0,28,254,0,282,109,0,109,391
02/19/2013,CRQ,CA,AWP,WE,Towers with Radar,0,18,65,0,83,0,4,32,0,36,0,22,97,0,119,72,0,72,191
02/20/2013,CRQ,CA,AWP,WE,Towers with Radar,0,17,31,4,52,0,8,80,2,90,0,25,111,6,142,68,0,68,210
02/21/2013,CRQ,CA,AWP,WE,Towers with Radar,0,24,66,0,90,0,2,2,0,4,0,26,68,0,94,0,0,0,94
02/22/2013,CRQ,CA,AWP,WE,Towers with Radar,0,23,91,0,114,0,2,205,2,209,0,25,296,2,323,107,0,107,430
02/23/2013,CRQ,CA,AWP,WE,Towers with Radar,0,17,67,6,90,0,2,253,0,255,0,19,320,6,345,154,0,154,499
02/24/2013,CRQ,CA,AWP,WE,Towers with Radar,0,21,61,4,86,0,4,198,2,204,0,25,259,6,290,172,0,172,462
02/25/2013,CRQ,CA,AWP,WE,Towers with Radar,0,22,72,1,95,0,3,132,2,137,0,25,204,3,232,80,2,82,314
02/26/2013,CRQ,CA,AWP,WE,Towers with Radar,0,19,71,0,90,0,6,147,0,153,0,25,218,0,243,141,6,147,390
02/27/2013,CRQ,CA,AWP,WE,Towers with Radar,0,18,77,2,97,0,5,143,2,150,0,23,220,4,247,123,0,123,370
02/28/2013,CRQ,CA,AWP,WE,Towers with Radar,0,20,44,0,64,0,0,1,0,1,0,20,45,0,65,0,0,0,65
03/01/2013,CRQ,CA,AWP,WE,Towers with Radar,0,27,81,4,112,0,4,216,2,222,0,31,297,6,334,139,4,143,477
03/02/2013,CRQ,CA,AWP,WE,Towers with Radar,0,18,77,0,95,0,3,241,0,244,0,21,318,0,339,148,0,148,487
03/03/2013,CRQ,CA,AWP,WE,Towers with Radar,0,26,99,0,125,0,0,181,0,181,0,26,280,0,306,197,0,197,503
03/04/2013,CRQ,CA,AWP,WE,Towers with Radar,0,25,67,2,94,0,6,153,0,159,0,31,220,2,253,143,0,143,396
03/05/2013,CRQ,CA,AWP,WE,Towers with Radar,0,32,135,0,167,0,1,49,0,50,0,33,184,0,217,30,2,32,249
03/06/2013,CRQ,CA,AWP,WE,Towers with Radar,0,20,74,14,108,0,0,122,0,122,0,20,196,14,230,150,0,150,380
03/07/2013,CRQ,CA,AWP,WE,Towers with Radar,0,33,116,0,149,0,0,52,0,52,0,33,168,0,201,126,2,128,329
03/08/2013,CRQ,CA,AWP,WE,Towers with Radar,0,21,63,1,85,0,4,82,0,86,0,25,145,1,171,114,0,114,285
03/09/2013,CRQ,CA,AWP,WE,Towers with Radar,0,19,69,2,90,0,1,145,0,146,0,20,214,2,236,205,0,205,441
03/10/2013,CRQ,CA,AWP,WE,Towers with Radar,0,26,65,2,93,0,12,285,0,297,0,38,350,2,390,165,0,165,555
03/11/2013,CRQ,CA,AWP,WE,Towers with Radar,0,25,74,2,101,0,0,154,0,154,0,25,228,2,255,105,0,105,360
03/12/2013,CRQ,CA,AWP,WE,Towers with Radar,0,20,100,5,125,0,1,178,4,183,0,21,278,9,308,292,4,296,604
03/13/2013,CRQ,CA,AWP,WE,Towers with Radar,0,19,107,0,126,0,1,166,0,167,0,20,273,0,293,69,0,69,362
03/14/2013,CRQ,CA,AWP,WE,Towers with Radar,0,29,79,0,108,0,2,101,2,105,0,31,180,2,213,0,0,0,213
03/15/2013,CRQ,CA,AWP,WE,Towers with Radar,0,26,143,0,169,0,2,110,0,112,0,28,253,0,281,0,0,0,281
03/16/2013,CRQ,CA,AWP,WE,Towers with Radar,0,24,91,0,115,0,4,133,0,137,0,28,224,0,252,91,0,91,343
03/17/2013,CRQ,CA,AWP,WE,Towers with Radar,0,24,71,0,95,0,0,141,0,141,0,24,212,0,236,290,0,290,526
03/18/2013,CRQ,CA,AWP,WE,Towers with Radar,0,16,106,0,122,0,5,127,0,132,0,21,233,0,254,239,0,239,493
03/19/2013,CRQ,CA,AWP,WE,Towers with Radar,0,16,81,0,97,0,3,116,0,119,0,19,197,0,216,108,0,108,324
03/20/2013,CRQ,CA,AWP,WE,Towers with Radar,0,24,112,0,136,0,4,120,2,126,0,28,232,2,262,166,0,166,428
03/21/2013,CRQ,CA,AWP,WE,Towers with Radar,0,21,90,2,113,0,3,126,0,129,0,24,216,2,242,135,0,135,377
03/22/2013,CRQ,CA,AWP,WE,Towers with Radar,0,17,84,8,109,0,1,195,1,197,0,18,279,9,306,0,0,0,306
03/23/2013,CRQ,CA,AWP,WE,Towers with Radar,0,24,82,2,108,0,3,158,0,161,0,27,240,2,269,238,0,238,507
03/24/2013,CRQ,CA,AWP,WE,Towers with Radar,0,19,78,1,98,0,0,212,0,212,0,19,290,1,310,242,0,242,552
03/25/2013,CRQ,CA,AWP,WE,Towers with Radar,0,29,68,2,99,0,0,127,3,130,0,29,195,5,229,175,6,181,410
03/26/2013,CRQ,CA,AWP,WE,Towers with Radar,0,18,144,0,162,0,3,114,0,117,0,21,258,0,279,207,0,207,486
03/27/2013,CRQ,CA,AWP,WE,Towers with Radar,0,29,114,5,148,0,2,169,1,172,0,31,283,6,320,224,2,226,546
03/28/2013,CRQ,CA,AWP,WE,Towers with Radar,0,22,88,4,114,0,5,154,2,161,0,27,242,6,275,80,0,80,355
03/29/2013,CRQ,CA,AWP,WE,Towers with Radar,0,19,83,0,102,0,1,154,0,155,0,20,237,0,257,0,0,0,257
03/30/2013,CRQ,CA,AWP,WE,Towers with Radar,0,17,108,0,125,0,3,121,0,124,0,20,229,0,249,184,0,184,433
03/31/2013,CRQ,CA,AWP,WE,Towers with Radar,0,16,69,0,85,0,1,140,0,141,0,17,209,0,226,193,0,193,419
04/01/2013,CRQ,CA,AWP,WE,Towers with Radar,0,23,98,0,121,0,2,91,0,93,0,25,189,0,214,231,0,231,445
04/02/2013,CRQ,CA,AWP,WE,Towers with Radar,0,18,94,4,116,0,3,134,2,139,0,21,228,6,255,153,4,157,412
04/03/2013,CRQ,CA,AWP,WE,Towers with Radar,0,14,150,1,165,0,1,116,0,117,0,15,266,1,282,70,0,70,352
04/04/2013,CRQ,CA,AWP,WE,Towers with Radar,0,25,88,1,114,0,2,119,1,122,0,27,207,2,236,130,0,130,366
04/05/2013,CRQ,CA,AWP,WE,Towers with Radar,0,23,161,3,187,0,3,69,0,72,0,26,230,3,259,120,0,120,379
04/06/2013,CRQ,CA,AWP,WE,Towers with Radar,0,21,97,5,123,0,1,138,0,139,0,22,235,5,262,154,0,154,416
04/07/2013,CRQ,CA,AWP,WE,Towers with Radar,0,26,154,2,182,0,2,166,0,168,0,28,320,2,350,184,0,184,534
04/08/2013,CRQ,CA,AWP,WE,Towers with Radar,0,26,62,0,88,0,0,51,0,51,0,26,113,0,139,142,0,142,281
04/09/2013,CRQ,CA,AWP,WE,Towers with Radar,0,30,75,6,111,0,6,141,16,163,0,36,216,22,274,162,0,162,436
04/10/2013,CRQ,CA,AWP,WE,Towers with Radar,0,22,75,0,97,0,9,203,1,213,0,31,278,1,310,235,0,235,545
04/11/2013,CRQ,CA,AWP,WE,Towers with Radar,0,21,71,0,92,0,0,1,0,1,0,21,72,0,93,0,0,0,93
04/12/2013,CRQ,CA,AWP,WE,Towers with Radar,0,19,101,3,123,0,5,158,2,165,0,24,259,5,288,139,0,139,427
04/13/2013,CRQ,CA,AWP,WE,Towers with Radar,0,13,176,3,192,0,2,15,0,17,0,15,191,3,209,80,0,80,289
04/14/2013,CRQ,CA,AWP,WE,Towers with Radar,0,16,113,1,130,0,3,48,0,51,0,19,161,1,181,109,0,109,290
04/15/2013,CRQ,CA,AWP,WE,Towers with Radar,0,21,84,0,105,0,2,22,0,24,0,23,106,0,129,108,0,108,237
04/16/2013,CRQ,CA,AWP,WE,Towers with Radar,0,17,89,9,115,0,7,100,2,109,0,24,189,11,224,225,2,227,451
04/17/2013,CRQ,CA,AWP,WE,Towers with Radar,0,21,78,0,99,0,6,158,2,166,0,27,236,2,265,227,0,227,492
04/18/2013,CRQ,CA,AWP,WE,Towers with Radar,0,26,95,6,127,0,3,215,3,221,0,29,310,9,348,234,2,236,584
04/19/2013,CRQ,CA,AWP,WE,Towers with Radar,0,32,75,0,107,0,2,268,0,270,0,34,343,0,377,108,0,108,485
04/20/2013,CRQ,CA,AWP,WE,Towers with Radar,0,17,77,1,95,0,2,203,0,205,0,19,280,1,300,217,0,217,517
04/21/2013,CRQ,CA,AWP,WE,Towers with Radar,0,26,99,0,125,0,6,199,0,205,0,32,298,0,330,152,0,152,482
04/22/2013,CRQ,CA,AWP,WE,Towers with Radar,0,26,77,13,116,0,4,86,1,91,0,30,163,14,207,141,0,141,348
04/23/2013,CRQ,CA,AWP,WE,Towers with Radar,0,20,94,2,116,0,0,141,3,144,0,20,235,5,260,248,2,250,510
04/24/2013,CRQ,CA,AWP,WE,Towers with Radar,0,25,153,0,178,0,13,29,4,46,0,38,182,4,224,151,2,153,377
04/25/2013,CRQ,CA,AWP,WE,Towers with Radar,0,23,95,8,126,0,3,167,2,172,0,26,262,10,298,154,2,156,454
04/26/2013,CRQ,CA,AWP,WE,Towers with Radar,0,30,78,2,110,0,3,261,0,264,0,33,339,2,374,130,2,132,506
04/27/2013,CRQ,CA,AWP,WE,Towers with Radar,0,21,93,0,114,0,2,119,0,121,0,23,212,0,235,132,0,132,367
04/28/2013,CRQ,CA,AWP,WE,Towers with Radar,0,34,105,4,143,0,0,142,0,142,0,34,247,4,285,95,0,95,380
04/29/2013,CRQ,CA,AWP,WE,Towers with Radar,0,18,91,0,109,0,1,131,0,132,0,19,222,0,241,167,0,167,408
04/30/2013,CRQ,CA,AWP,WE,Towers with Radar,0,22,128,2,152,0,6,116,0,122,0,28,244,2,274,191,0,191,465
05/01/2013,CRQ,CA,AWP,WE,Towers with Radar,0,20,102,0,122,0,7,157,1,165,0,27,259,1,287,193,0,193,480
05/02/2013,CRQ,CA,AWP,WE,Towers with Radar,0,27,63,0,90,0,0,2,0,2,0,27,65,0,92,0,0,0,92
05/03/2013,CRQ,CA,AWP,WE,Towers with Radar,0,28,78,2,108,0,2,224,0,226,0,30,302,2,334,147,1,148,482
05/04/2013,CRQ,CA,AWP,WE,Towers with Radar,0,24,101,0,125,0,5,235,0,240,0,29,336,0,365,149,0,149,514
05/05/2013,CRQ,CA,AWP,WE,Towers with Radar,0,23,98,1,122,0,7,105,1,113,0,30,203,2,235,149,2,151,386
05/06/2013,CRQ,CA,AWP,WE,Towers with Radar,0,23,79,0,102,0,2,37,0,39,0,25,116,0,141,86,0,86,227
05/07/2013,CRQ,CA,AWP,WE,Towers with Radar,0,28,83,6,117,0,5,81,4,90,0,33,164,10,207,166,3,169,376
05/08/2013,CRQ,CA,AWP,WE,Towers with Radar,0,25,76,16,117,0,2,121,2,125,0,27,197,18,242,148,2,150,392
05/09/2013,CRQ,CA,AWP,WE,Towers with Radar,0,27,107,0,134,0,3,145,0,148,0,30,252,0,282,92,0,92,374
05/10/2013,CRQ,CA,AWP,WE,Towers with Radar,0,24,90,6,120,0,2,261,2,265,0,26,351,8,385,147,0,147,532
05/11/2013,CRQ,CA,AWP,WE,Towers with Radar,0,14,132,0,146,0,3,175,0,178,0,17,307,0,324,112,0,112,436
05/12/2013,CRQ,CA,AWP,WE,Towers with Radar,0,27,67,0,94,0,2,234,0,236,0,29,301,0,330,103,0,103,433
05/13/2013,CRQ,CA,AWP,WE,Towers with Radar,0,23,71,0,94,0,7,145,0,152,0,30,216,0,246,204,0,204,450
05/14/2013,CRQ,CA,AWP,WE,Towers with Radar,0,25,90,0,115,0,10,110,2,122,0,35,200,2,237,147,4,151,388
05/15/2013,CRQ,CA,AWP,WE,Towers with Radar,0,25,89,4,118,0,7,126,0,133,0,32,215,4,251,238,0,238,489
05/16/2013,CRQ,CA,AWP,WE,Towers with Radar,0,28,100,0,128,0,0,0,0,0,0,28,100,0,128,0,0,0,128
05/17/2013,CRQ,CA,AWP,WE,Towers with Radar,0,25,110,3,138,0,7,152,0,159,0,32,262,3,297,116,0,116,413
05/18/2013,CRQ,CA,AWP,WE,Towers with Radar,0,14,80,0,94,0,3,180,0,183,0,17,260,0,277,111,0,111,388
05/19/2013,CRQ,CA,AWP,WE,Towers with Radar,0,38,98,0,136,0,18,266,2,286,0,56,364,2,422,176,2,178,600
05/20/2013,CRQ,CA,AWP,WE,Towers with Radar,0,32,95,2,129,0,6,153,2,161,0,38,248,4,290,205,2,207,497
05/21/2013,CRQ,CA,AWP,WE,Towers with Radar,0,44,100,2,146,0,0,123,0,123,0,44,223,2,269,217,0,217,486
05/22/2013,CRQ,CA,AWP,WE,Towers with Radar,0,34,90,0,124,0,3,104,4,111,0,37,194,4,235,252,2,254,489
05/23/2013,CRQ,CA,AWP,WE,Towers with Radar,0,28,100,2,130,0,5,122,0,127,0,33,222,2,257,197,4,201,458
05/24/2013,CRQ,CA,AWP,WE,Towers with Radar,0,30,130,0,160,0,0,182,0,182,0,30,312,0,342,134,0,134,476
05/25/2013,CRQ,CA,AWP,WE,Towers with Radar,0,20,69,0,89,0,6,141,0,147,0,26,210,0,236,134,0,134,370
05/26/2013,CRQ,CA,AWP,WE,Towers with Radar,0,20,64,0,84,0,5,165,2,172,0,25,229,2,256,122,0,122,378
05/27/2013,CRQ,CA,AWP,WE,Towers with Radar,0,28,96,0,124,0,6,157,0,163,0,34,253,0,287,133,0,133,420
05/28/2013,CRQ,CA,AWP,WE,Towers with Radar,0,23,90,2,115,0,2,116,4,122,0,25,206,6,237,237,0,237,474
05/29/2013,CRQ,CA,AWP,WE,Towers with Radar,0,27,77,4,108,0,2,138,3,143,0,29,215,7,251,209,6,215,466
05/30/2013,CRQ,CA,AWP,WE,Towers with Radar,0,21,78,2,101,0,0,1,0,1,0,21,79,2,102,0,0,0,102
05/31/2013,CRQ,CA,AWP,WE,Towers with Radar,0,30,95,10,135,0,5,180,2,187,0,35,275,12,322,120,2,122,444
06/01/2013,CRQ,CA,AWP,WE,Towers with Radar,0,24,94,0,118,0,1,76,0,77,0,25,170,0,195,116,0,116,311
06/02/2013,CRQ,CA,AWP,WE,Towers with Radar,0,28,128,0,156,1,0,34,0,35,1,28,162,0,191,56,0,56,247
06/03/2013,CRQ,CA,AWP,WE,Towers with Radar,0,21,91,3,115,0,5,146,3,154,0,26,237,6,269,238,6,244,513
06/04/2013,CRQ,CA,AWP,WE,Towers with Radar,0,19,85,7,111,0,0,92,5,97,0,19,177,12,208,121,4,125,333
06/05/2013,CRQ,CA,AWP,WE,Towers with Radar,0,28,87,8,123,0,1,117,4,122,0,29,204,12,245,102,4,106,351
06/06/2013,CRQ,CA,AWP,WE,Towers with Radar,0,31,146,5,182,0,6,66,2,74,0,37,212,7,256,70,0,70,326
06/07/2013,CRQ,CA,AWP,WE,Towers with Radar,0,23,121,6,150,0,3,47,0,50,0,26,168,6,200,14,2,16,216
06/08/2013,CRQ,CA,AWP,WE,Towers with Radar,0,22,105,0,127,0,2,84,0,86,0,24,189,0,213,230,0,230,443
06/09/2013,CRQ,CA,AWP,WE,Towers with Radar,0,21,96,0,117,0,5,168,0,173,0,26,264,0,290,215,0,215,505
06/10/2013,CRQ,CA,AWP,WE,Towers with Radar,0,22,64,0,86,0,0,167,0,167,0,22,231,0,253,204,0,204,457
06/11/2013,CRQ,CA,AWP,WE,Towers with Radar,0,26,130,1,157,0,6,183,2,191,0,32,313,3,348,171,2,173,521
06/12/2013,CRQ,CA,AWP,WE,Towers with Radar,0,26,110,0,136,0,1,53,0,54,0,27,163,0,190,141,6,147,337
06/13/2013,CRQ,CA,AWP,WE,Towers with Radar,0,26,95,2,123,0,9,125,0,134,0,35,220,2,257,108,0,108,365
06/14/2013,CRQ,CA,AWP,WE,Towers with Radar,0,24,118,2,144,0,0,1,0,1,0,24,119,2,145,0,0,0,145
06/15/2013,CRQ,CA,AWP,WE,Towers with Radar,0,17,82,0,99,0,1,190,0,191,0,18,272,0,290,219,0,219,509
06/16/2013,CRQ,CA,AWP,WE,Towers with Radar,0,26,93,0,119,0,6,162,0,168,0,32,255,0,287,156,0,156,443
06/17/2013,CRQ,CA,AWP,WE,Towers with Radar,0,36,98,7,141,0,5,157,1,163,0,41,255,8,304,151,0,151,455
06/18/2013,CRQ,CA,AWP,WE,Towers with Radar,0,29,92,7,128,0,5,95,9,109,0,34,187,16,237,131,2,133,370
06/19/2013,CRQ,CA,AWP,WE,Towers with Radar,0,31,93,3,127,0,1,164,1,166,0,32,257,4,293,168,0,168,461
06/20/2013,CRQ,CA,AWP,WE,Towers with Radar,0,24,85,11,120,0,3,196,3,202,0,27,281,14,322,116,0,116,438
06/21/2013,CRQ,CA,AWP,WE,Towers with Radar,0,26,92,2,120,0,6,202,1,209,0,32,294,3,329,137,2,139,468
06/22/2013,CRQ,CA,AWP,WE,Towers with Radar,0,24,84,0,108,0,7,217,0,224,0,31,301,0,332,182,0,182,514
06/23/2013,CRQ,CA,AWP,WE,Towers with Radar,0,28,91,0,119,0,0,146,0,146,0,28,237,0,265,163,0,163,428
06/24/2013,CRQ,CA,AWP,WE,Towers with Radar,0,23,94,0,117,0,0,150,2,152,0,23,244,2,269,161,2,163,432
06/25/2013,CRQ,CA,AWP,WE,Towers with Radar,0,26,98,4,128,0,5,131,2,138,0,31,229,6,266,139,0,139,405
06/26/2013,CRQ,CA,AWP,WE,Towers with Radar,0,27,74,6,107,0,1,159,0,160,0,28,233,6,267,186,6,192,459
06/27/2013,CRQ,CA,AWP,WE,Towers with Radar,0,23,123,5,151,0,0,185,3,188,0,23,308,8,339,350,0,350,689
06/28/2013,CRQ,CA,AWP,WE,Towers with Radar,0,32,95,3,130,0,3,196,4,203,0,35,291,7,333,150,0,150,483
06/29/2013,CRQ,CA,AWP,WE,Towers with Radar,0,22,82,0,104,0,3,193,0,196,0,25,275,0,300,140,0,140,440
06/30/2013,CRQ,CA,AWP,WE,Towers with Radar,0,33,72,0,105,1,6,108,0,115,1,39,180,0,220,150,0,150,370
07/01/2013,CRQ,CA,AWP,WE,Towers with Radar,0,22,95,4,121,0,5,222,4,231,0,27,317,8,352,328,8,336,688
07/02/2013,CRQ,CA,AWP,WE,Towers with Radar,0,30,166,3,199,0,4,38,1,43,0,34,204,4,242,21,4,25,267
07/03/2013,CRQ,CA,AWP,WE,Towers with Radar,0,24,135,5,164,0,3,83,0,86,0,27,218,5,250,208,0,208,458
07/04/2013,CRQ,CA,AWP,WE,Towers with Radar,0,21,51,1,73,0,4,82,0,86,0,25,133,1,159,81,0,81,240
07/05/2013,CRQ,CA,AWP,WE,Towers with Radar,0,20,104,0,124,0,11,155,2,168,0,31,259,2,292,142,0,142,434
07/06/2013,CRQ,CA,AWP,WE,Towers with Radar,0,24,127,2,153,0,5,73,0,78,0,29,200,2,231,80,0,80,311
07/07/2013,CRQ,CA,AWP,WE,Towers with Radar,0,21,116,1,138,0,0,110,0,110,0,21,226,1,248,69,0,69,317
07/08/2013,CRQ,CA,AWP,WE,Towers with Radar,0,27,103,6,136,0,4,172,0,176,0,31,275,6,312,167,0,167,479
07/09/2013,CRQ,CA,AWP,WE,Towers with Radar,0,24,93,1,118,0,7,128,0,135,0,31,221,1,253,197,0,197,450
07/10/2013,CRQ,CA,AWP,WE,Towers with Radar,0,21,84,9,114,0,4,140,1,145,0,25,224,10,259,124,1,125,384
07/11/2013,CRQ,CA,AWP,WE,Towers with Radar,0,25,101,2,128,0,1,142,1,144,0,26,243,3,272,240,2,242,514
07/12/2013,CRQ,CA,AWP,WE,Towers with Radar,0,29,142,4,175,0,2,197,0,199,0,31,339,4,374,145,0,145,519
07/13/2013,CRQ,CA,AWP,WE,Towers with Radar,0,21,108,0,129,0,1,153,0,154,0,22,261,0,283,85,0,85,368
07/14/2013,CRQ,CA,AWP,WE,Towers with Radar,0,28,91,0,119,0,0,255,0,255,0,28,346,0,374,167,0,167,541
07/15/2013,CRQ,CA,AWP,WE,Towers with Radar,0,27,104,4,135,0,2,166,0,168,0,29,270,4,303,175,0,175,478
07/16/2013,CRQ,CA,AWP,WE,Towers with Radar,0,44,92,3,139,0,4,196,3,203,0,48,288,6,342,242,6,248,590
07/17/2013,CRQ,CA,AWP,WE,Towers with Radar,0,34,84,2,120,0,5,239,2,246,0,39,323,4,366,180,2,182,548
07/18/2013,CRQ,CA,AWP,WE,Towers with Radar,0,38,82,2,122,0,2,141,0,143,0,40,223,2,265,132,0,132,397
07/19/2013,CRQ,CA,AWP,WE,Towers with Radar,0,41,130,2,173,0,3,105,0,108,0,44,235,2,281,103,4,107,388
07/20/2013,CRQ,CA,AWP,WE,Towers with Radar,0,17,111,0,128,0,12,82,0,94,0,29,193,0,222,81,0,81,303
07/21/2013,CRQ,CA,AWP,WE,Towers with Radar,0,33,95,0,128,0,0,84,0,84,0,33,179,0,212,86,0,86,298
07/22/2013,CRQ,CA,AWP,WE,Towers with Radar,0,18,111,6,135,0,15,190,3,208,0,33,301,9,343,119,6,125,468
07/23/2013,CRQ,CA,AWP,WE,Towers with Radar,0,24,92,0,116,0,8,190,2,200,0,32,282,2,316,167,2,169,485
07/24/2013,CRQ,CA,AWP,WE,Towers with Radar,0,25,181,2,208,0,0,51,0,51,0,25,232,2,259,55,0,55,314
07/25/2013,CRQ,CA,AWP,WE,Towers with Radar,0,33,129,2,164,0,3,130,3,136,0,36,259,5,300,129,4,133,433
07/26/2013,CRQ,CA,AWP,WE,Towers with Radar,0,34,120,0,154,0,6,91,0,97,0,40,211,0,251,110,0,110,361
07/27/2013,CRQ,CA,AWP,WE,Towers with Radar,0,27,137,0,164,0,1,34,0,35,0,28,171,0,199,16,0,16,215
07/28/2013,CRQ,CA,AWP,WE,Towers with Radar,0,39,148,2,189,0,9,239,0,248,0,48,387,2,437,131,0,131,568
07/29/2013,CRQ,CA,AWP,WE,Towers with Radar,0,25,86,3,114,0,10,118,7,135,0,35,204,10,249,114,2,116,365
07/30/2013,CRQ,CA,AWP,WE,Towers with Radar,0,31,101,4,136,0,4,116,3,123,0,35,217,7,259,185,4,189,448
07/31/2013,CRQ,CA,AWP,WE,Towers with Radar,0,23,122,5,150,0,0,80,0,80,0,23,202,5,230,143,2,145,375
08/01/2013,CRQ,CA,AWP,WE,Towers with Radar,0,28,99,0,127,0,7,159,2,168,0,35,258,2,295,196,2,198,493
08/02/2013,CRQ,CA,AWP,WE,Towers with Radar,0,23,103,0,126,0,2,154,0,156,0,25,257,0,282,314,0,314,596
08/03/2013,CRQ,CA,AWP,WE,Towers with Radar,0,24,81,0,105,0,7,177,0,184,0,31,258,0,289,176,0,176,465
08/04/2013,CRQ,CA,AWP,WE,Towers with Radar,0,20,88,0,108,0,3,205,4,212,0,23,293,4,320,135,4,139,459
08/05/2013,CRQ,CA,AWP,WE,Towers with Radar,0,32,86,7,125,0,10,197,8,215,0,42,283,15,340,213,8,221,561
08/06/2013,CRQ,CA,AWP,WE,Towers with Radar,0,19,97,7,123,0,3,144,0,147,0,22,241,7,270,172,2,174,444
08/07/2013,CRQ,CA,AWP,WE,Towers with Radar,0,22,65,3,90,0,3,91,3,97,0,25,156,6,187,67,4,71,258
08/08/2013,CRQ,CA,AWP,WE,Towers with Radar,0,30,111,8,149,0,4,134,0,138,0,34,245,8,287,114,1,115,402
08/09/2013,CRQ,CA,AWP,WE,Towers with Radar,0,30,114,0,144,0,5,176,0,181,0,35,290,0,325,127,0,127,452
08/10/2013,CRQ,CA,AWP,WE,Towers with Radar,0,24,119,0,143,0,2,201,0,203,0,26,320,0,346,149,0,149,495
08/11/2013,CRQ,CA,AWP,WE,Towers with Radar,0,32,88,0,120,0,7,154,0,161,0,39,242,0,281,193,0,193,474
08/12/2013,CRQ,CA,AWP,WE,Towers with Radar,0,30,138,2,170,0,8,174,1,183,0,38,312,3,353,210,2,212,565
08/13/2013,CRQ,CA,AWP,WE,Towers with Radar,0,31,220,3,254,0,7,101,0,108,0,38,321,3,362,68,2,70,432
08/14/2013,CRQ,CA,AWP,WE,Towers with Radar,0,22,172,3,197,0,3,100,0,103,0,25,272,3,300,66,0,66,366
08/15/2013,CRQ,CA,AWP,WE,Towers with Radar,0,28,111,0,139,0,5,146,0,151,0,33,257,0,290,167,0,167,457
08/16/2013,CRQ,CA,AWP,WE,Towers with Radar,0,29,111,0,140,0,7,215,0,222,0,36,326,0,362,154,0,154,516
08/17/2013,CRQ,CA,AWP,WE,Towers with Radar,0,19,76,0,95,0,4,196,0,200,0,23,272,0,295,249,0,249,544
08/18/2013,CRQ,CA,AWP,WE,Towers with Radar,0,34,130,0,164,0,6,220,1,227,0,40,350,1,391,185,0,185,576
08/19/2013,CRQ,CA,AWP,WE,Towers with Radar,0,30,167,0,197,0,5,121,0,126,0,35,288,0,323,206,0,206,529
08/20/2013,CRQ,CA,AWP,WE,Towers with Radar,0,27,138,5,170,0,3,97,4,104,0,30,235,9,274,121,4,125,399
08/21/2013,CRQ,CA,AWP,WE,Towers with Radar,0,19,91,1,111,0,7,185,4,196,0,26,276,5,307,184,4,188,495
08/22/2013,CRQ,CA,AWP,WE,Towers with Radar,0,29,91,1,121,0,5,202,1,208,0,34,293,2,329,313,0,313,642
08/23/2013,CRQ,CA,AWP,WE,Towers with Radar,0,19,105,0,124,0,5,190,0,195,0,24,295,0,319,230,2,232,551
08/24/2013,CRQ,CA,AWP,WE,Towers with Radar,0,22,73,0,95,0,4,190,1,195,0,26,263,1,290,132,0,132,422
08/25/2013,CRQ,CA,AWP,WE,Towers with Radar,0,19,91,0,110,0,12,218,0,230,0,31,309,0,340,233,0,233,573
08/26/2013,CRQ,CA,AWP,WE,Towers with Radar,0,26,78,0,104,0,7,147,2,156,0,33,225,2,260,338,0,338,598
08/27/2013,CRQ,CA,AWP,WE,Towers with Radar,0,18,80,4,102,0,7,147,0,154,0,25,227,4,256,215,2,217,473
08/28/2013,CRQ,CA,AWP,WE,Towers with Radar,0,28,85,2,115,0,15,259,6,280,0,43,344,8,395,253,4,257,652
08/29/2013,CRQ,CA,AWP,WE,Towers with Radar,0,24,82,2,108,0,1,182,0,183,0,25,264,2,291,254,2,256,547
08/30/2013,CRQ,CA,AWP,WE,Towers with Radar,0,25,74,3,102,0,7,189,1,197,0,32,263,4,299,208,2,210,509
08/31/2013,CRQ,CA,AWP,WE,Towers with Radar,0,24,67,0,91,0,3,178,2,183,0,27,245,2,274,106,2,108,382
09/01/2013,CRQ,CA,AWP,WE,Towers with Radar,0,32,59,0,91,0,3,150,0,153,0,35,209,0,244,143,0,143,387
09/02/2013,CRQ,CA,AWP,WE,Towers with Radar,0,22,117,0,139,0,5,55,0,60,0,27,172,0,199,374,0,374,573
09/03/2013,CRQ,CA,AWP,WE,Towers with Radar,0,25,72,0,97,0,8,196,4,208,0,33,268,4,305,314,4,318,623
09/04/2013,CRQ,CA,AWP,WE,Towers with Radar,0,17,80,1,98,0,4,147,5,156,0,21,227,6,254,220,4,224,478
09/05/2013,CRQ,CA,AWP,WE,Towers with Radar,0,19,71,2,92,0,0,165,0,165,0,19,236,2,257,181,4,185,442
09/06/2013,CRQ,CA,AWP,WE,Towers with Radar,0,25,92,0,117,0,1,143,0,144,0,26,235,0,261,222,2,224,485
09/07/2013,CRQ,CA,AWP,WE,Towers with Radar,0,23,55,0,78,0,10,188,1,199,0,33,243,1,277,195,0,195,472
09/08/2013,CRQ,CA,AWP,WE,Towers with Radar,0,23,85,0,108,0,7,246,1,254,0,30,331,1,362,255,0,255,617
09/09/2013,CRQ,CA,AWP,WE,Towers with Radar,0,23,76,6,105,0,6,135,4,145,0,29,211,10,250,313,6,319,569
09/10/2013,CRQ,CA,AWP,WE,Towers with Radar,0,26,86,1,113,0,6,190,4,200,0,32,276,5,313,484,2,486,799
09/11/2013,CRQ,CA,AWP,WE,Towers with Radar,0,22,103,3,128,0,7,189,2,198,0,29,292,5,326,229,4,233,559
09/12/2013,CRQ,CA,AWP,WE,Towers with Radar,0,26,127,1,154,0,11,144,3,158,0,37,271,4,312,176,4,180,492
09/13/2013,CRQ,CA,AWP,WE,Towers with Radar,0,25,84,2,111,0,11,170,3,184,0,36,254,5,295,152,0,152,447
09/14/2013,CRQ,CA,AWP,WE,Towers with Radar,0,17,70,4,91,0,3,142,3,148,0,20,212,7,239,224,0,224,463
09/15/2013,CRQ,CA,AWP,WE,Towers with Radar,0,21,59,5,85,0,18,110,1,129,0,39,169,6,214,64,0,64,278
09/16/2013,CRQ,CA,AWP,WE,Towers with Radar,0,28,63,0,91,0,6,130,0,136,0,34,193,0,227,341,0,341,568
09/17/2013,CRQ,CA,AWP,WE,Towers with Radar,0,19,157,2,178,0,5,92,2,99,0,24,249,4,277,88,2,90,367
09/18/2013,CRQ,CA,AWP,WE,Towers with Radar,0,24,96,2,122,0,5,153,5,163,0,29,249,7,285,269,2,271,556
09/19/2013,CRQ,CA,AWP,WE,Towers with Radar,0,19,111,0,130,0,3,130,0,133,0,22,241,0,263,301,0,301,564
09/20/2013,CRQ,CA,AWP,WE,Towers with Radar,0,25,138,0,163,0,2,113,0,115,0,27,251,0,278,274,0,274,552
09/21/2013,CRQ,CA,AWP,WE,Towers with Radar,0,20,80,0,100,0,0,163,0,163,0,20,243,0,263,192,0,192,455
09/22/2013,CRQ,CA,AWP,WE,Towers with Radar,0,29,71,0,100,0,8,223,0,231,0,37,294,0,331,223,0,223,554
09/23/2013,CRQ,CA,AWP,WE,Towers with Radar,0,29,75,0,104,0,7,215,0,222,0,36,290,0,326,287,0,287,613
09/24/2013,CRQ,CA,AWP,WE,Towers with Radar,0,15,84,0,99,0,4,258,4,266,0,19,342,4,365,302,4,306,671
09/25/2013,CRQ,CA,AWP,WE,Towers with Radar,0,21,89,0,110,0,2,91,0,93,0,23,180,0,203,112,4,116,319
09/26/2013,CRQ,CA,AWP,WE,Towers with Radar,0,38,110,0,148,0,4,97,0,101,0,42,207,0,249,115,0,115,364
09/27/2013,CRQ,CA,AWP,WE,Towers with Radar,0,28,100,0,128,0,0,199,0,199,0,28,299,0,327,247,0,247,574
09/28/2013,CRQ,CA,AWP,WE,Towers with Radar,0,18,83,0,101,0,3,217,0,220,0,21,300,0,321,210,0,210,531
09/29/2013,CRQ,CA,AWP,WE,Towers with Radar,0,19,76,0,95,0,8,197,0,205,0,27,273,0,300,180,0,180,480
09/30/2013,CRQ,CA,AWP,WE,Towers with Radar,0,20,72,1,93,0,1,256,2,259,0,21,328,3,352,312,2,314,666
10/01/2013,CRQ,CA,AWP,WE,Towers with Radar,0,24,83,0,107,0,15,145,2,162,0,39,228,2,269,175,2,177,446
10/02/2013,CRQ,CA,AWP,WE,Towers with Radar,0,25,80,0,105,0,4,114,1,119,0,29,194,1,224,181,0,181,405
10/03/2013,CRQ,CA,AWP,WE,Towers with Radar,0,24,120,0,144,0,10,58,1,69,0,34,178,1,213,292,4,296,509
10/04/2013,CRQ,CA,AWP,WE,Towers with Radar,0,26,62,0,88,0,1,189,0,190,0,27,251,0,278,217,0,217,495
10/05/2013,CRQ,CA,AWP,WE,Towers with Radar,0,12,36,0,48,0,2,104,0,106,0,14,140,0,154,197,0,197,351
10/06/2013,CRQ,CA,AWP,WE,Towers with Radar,0,25,56,0,81,0,10,258,0,268,0,35,314,0,349,314,0,314,663
10/07/2013,CRQ,CA,AWP,WE,Towers with Radar,0,17,71,0,88,0,8,219,0,227,0,25,290,0,315,237,0,237,552
10/08/2013,CRQ,CA,AWP,WE,Towers with Radar,0,22,91,4,117,0,9,165,1,175,0,31,256,5,292,291,2,293,585
10/09/2013,CRQ,CA,AWP,WE,Towers with Radar,0,16,75,3,94,0,4,50,4,58,0,20,125,7,152,152,8,160,312
10/10/2013,CRQ,CA,AWP,WE,Towers with Radar,0,26,78,8,112,0,3,125,0,128,0,29,203,8,240,274,6,280,520
10/11/2013,CRQ,CA,AWP,WE,Towers with Radar,0,34,86,2,122,0,2,182,4,188,0,36,268,6,310,219,0,219,529
10/12/2013,CRQ,CA,AWP,WE,Towers with Radar,0,16,73,0,89,0,7,166,0,173,0,23,239,0,262,130,0,130,392
10/13/2013,CRQ,CA,AWP,WE,Towers with Radar,0,25,80,0,105,0,12,153,0,165,0,37,233,0,270,128,0,128,398
10/14/2013,CRQ,CA,AWP,WE,Towers with Radar,0,26,78,0,104,0,10,178,0,188,0,36,256,0,292,247,0,247,539
10/15/2013,CRQ,CA,AWP,WE,Towers with Radar,0,33,62,0,95,0,2,143,0,145,0,35,205,0,240,123,0,123,363
10/16/2013,CRQ,CA,AWP,WE,Towers with Radar,0,23,75,2,100,0,5,147,1,153,0,28,222,3,253,205,8,213,466
10/17/2013,CRQ,CA,AWP,WE,Towers with Radar,0,26,115,3,144,0,4,137,1,142,0,30,252,4,286,196,0,196,482
10/18/2013,CRQ,CA,AWP,WE,Towers with Radar,0,26,86,0,112,0,3,169,0,172,0,29,255,0,284,252,2,254,538
10/19/2013,CRQ,CA,AWP,WE,Towers with Radar,0,17,67,3,87,0,12,161,1,174,0,29,228,4,261,110,2,112,373
10/20/2013,CRQ,CA,AWP,WE,Towers with Radar,0,26,104,0,130,0,1,142,0,143,0,27,246,0,273,105,0,105,378
10/21/2013,CRQ,CA,AWP,WE,Towers with Radar,0,20,91,2,113,0,4,158,0,162,0,24,249,2,275,297,0,297,572
10/22/2013,CRQ,CA,AWP,WE,Towers with Radar,0,19,108,0,127,0,1,67,0,68,0,20,175,0,195,173,0,173,368
10/23/2013,CRQ,CA,AWP,WE,Towers with Radar,0,21,128,7,156,0,7,74,0,81,0,28,202,7,237,208,6,214,451
10/24/2013,CRQ,CA,AWP,WE,Towers with Radar,0,20,118,0,138,0,1,50,5,56,0,21,168,5,194,108,2,110,304
10/25/2013,CRQ,CA,AWP,WE,Towers with Radar,0,30,129,0,159,0,7,111,1,119,0,37,240,1,278,274,0,274,552
10/26/2013,CRQ,CA,AWP,WE,Towers with Radar,0,23,158,1,182,0,1,43,0,44,0,24,201,1,226,12,0,12,238
10/27/2013,CRQ,CA,AWP,WE,Towers with Radar,0,28,137,0,165,0,3,64,0,67,0,31,201,0,232,86,0,86,318
10/28/2013,CRQ,CA,AWP,WE,Towers with Radar,0,20,87,0,107,0,7,85,0,92,0,27,172,0,199,188,0,188,387
10/29/2013,CRQ,CA,AWP,WE,Towers with Radar,0,16,109,0,125,0,4,174,1,179,0,20,283,1,304,191,8,199,503
10/30/2013,CRQ,CA,AWP,WE,Towers with Radar,0,22,89,2,113,0,5,197,0,202,0,27,286,2,315,320,0,320,635
10/31/2013,CRQ,CA,AWP,WE,Towers with Radar,0,26,68,0,94,0,0,163,2,165,0,26,231,2,259,176,2,178,437
11/01/2013,CRQ,CA,AWP,WE,Towers with Radar,0,33,66,0,99,0,7,245,0,252,0,40,311,0,351,223,0,223,574
11/02/2013,CRQ,CA,AWP,WE,Towers with Radar,0,16,66,0,82,0,11,175,0,186,0,27,241,0,268,110,0,110,378
11/03/2013,CRQ,CA,AWP,WE,Towers with Radar,0,24,79,0,103,0,1,189,0,190,0,25,268,0,293,224,0,224,517
11/04/2013,CRQ,CA,AWP,WE,Towers with Radar,0,20,72,0,92,0,3,118,2,123,0,23,190,2,215,175,0,175,390
11/05/2013,CRQ,CA,AWP,WE,Towers with Radar,0,24,88,2,114,0,8,155,10,173,0,32,243,12,287,210,16,226,513
11/06/2013,CRQ,CA,AWP,WE,Towers with Radar,0,25,72,0,97,0,0,143,1,144,0,25,215,1,241,161,0,161,402
11/07/2013,CRQ,CA,AWP,WE,Towers with Radar,0,23,92,5,120,0,5,159,2,166,0,28,251,7,286,227,10,237,523
11/08/2013,CRQ,CA,AWP,WE,Towers with Radar,0,29,79,0,108,0,2,203,0,205,0,31,282,0,313,130,0,130,443
11/09/2013,CRQ,CA,AWP,WE,Towers with Radar,0,25,71,0,96,0,3,183,1,187,0,28,254,1,283,97,0,97,380
11/10/2013,CRQ,CA,AWP,WE,Towers with Radar,0,20,63,0,83,0,2,266,0,268,0,22,329,0,351,147,0,147,498
11/11/2013,CRQ,CA,AWP,WE,Towers with Radar,0,25,91,0,116,0,7,229,0,236,0,32,320,0,352,239,0,239,591
11/12/2013,CRQ,CA,AWP,WE,Towers with Radar,0,23,69,4,96,0,11,164,3,178,0,34,233,7,274,182,4,186,460
11/13/2013,CRQ,CA,AWP,WE,Towers with Radar,0,18,78,0,96,0,1,154,2,157,0,19,232,2,253,375,0,375,628
11/14/2013,CRQ,CA,AWP,WE,Towers with Radar,0,33,97,0,130,0,1,170,0,171,0,34,267,0,301,200,0,200,501
11/15/2013,CRQ,CA,AWP,WE,Towers with Radar,0,16,122,2,140,0,0,45,0,45,0,16,167,2,185,263,0,263,448
11/16/2013,CRQ,CA,AWP,WE,Towers with Radar,0,16,93,0,109,0,3,123,0,126,0,19,216,0,235,314,8,322,557
11/17/2013,CRQ,CA,AWP,WE,Towers with Radar,0,23,79,6,108,0,3,217,0,220,0,26,296,6,328,212,0,212,540
11/18/2013,CRQ,CA,AWP,WE,Towers with Radar,0,25,129,1,155,0,7,162,2,171,0,32,291,3,326,261,0,261,587
11/19/2013,CRQ,CA,AWP,WE,Towers with Radar,0,23,107,1,131,0,4,108,0,112,0,27,215,1,243,265,2,267,510
11/20/2013,CRQ,CA,AWP,WE,Towers with Radar,0,20,117,2,139,0,3,81,1,85,0,23,198,3,224,283,2,285,509
11/21/2013,CRQ,CA,AWP,WE,Towers with Radar,0,24,85,6,115,0,0,14,0,14,0,24,99,6,129,286,0,286,415
11/22/2013,CRQ,CA,AWP,WE,Towers with Radar,0,19,81,0,100,0,1,45,1,47,0,20,126,1,147,62,6,68,215
11/23/2013,CRQ,CA,AWP,WE,Towers with Radar,0,10,76,0,86,0,1,151,1,153,0,11,227,1,239,160,0,160,399
11/24/2013,CRQ,CA,AWP,WE,Towers with Radar,0,18,83,0,101,0,8,217,0,225,0,26,300,0,326,210,0,210,536
11/25/2013,CRQ,CA,AWP,WE,Towers with Radar,0,30,92,5,127,0,10,251,1,262,0,40,343,6,389,258,2,260,649
11/26/2013,CRQ,CA,AWP,WE,Towers with Radar,0,21,80,0,101,0,4,166,2,172,0,25,246,2,273,163,4,167,440
11/27/2013,CRQ,CA,AWP,WE,Towers with Radar,0,35,76,1,112,0,3,195,0,198,0,38,271,1,310,246,0,246,556
11/28/2013,CRQ,CA,AWP,WE,Towers with Radar,0,12,12,0,24,0,6,34,0,40,0,18,46,0,64,71,0,71,135
11/29/2013,CRQ,CA,AWP,WE,Towers with Radar,0,15,58,4,77,0,8,65,0,73,0,23,123,4,150,193,0,193,343
11/30/2013,CRQ,CA,AWP,WE,Towers with Radar,0,24,62,2,88,0,10,178,0,188,0,34,240,2,276,94,0,94,370
12/01/2013,CRQ,CA,AWP,WE,Towers with Radar,0,32,67,2,101,0,4,265,0,269,0,36,332,2,370,226,0,226,596
12/02/2013,CRQ,CA,AWP,WE,Towers with Radar,0,20,76,1,97,0,0,156,0,156,0,20,232,1,253,173,0,173,426
12/03/2013,CRQ,CA,AWP,WE,Towers with Radar,0,16,97,2,115,0,3,70,0,73,0,19,167,2,188,244,0,244,432
12/04/2013,CRQ,CA,AWP,WE,Towers with Radar,0,20,59,1,80,0,3,93,0,96,0,23,152,1,176,168,0,168,344
12/05/2013,CRQ,CA,AWP,WE,Towers with Radar,0,27,69,0,96,0,5,129,2,136,0,32,198,2,232,272,2,274,506
12/06/2013,CRQ,CA,AWP,WE,Towers with Radar,0,21,95,6,122,0,5,136,0,141,0,26,231,6,263,203,0,203,466
12/07/2013,CRQ,CA,AWP,WE,Towers with Radar,0,16,45,5,66,0,0,30,1,31,0,16,75,6,97,183,2,185,282
12/08/2013,CRQ,CA,AWP,WE,Towers with Radar,0,22,75,7,104,0,4,162,8,174,0,26,237,15,278,165,6,171,449
12/09/2013,CRQ,CA,AWP,WE,Towers with Radar,0,17,54,0,71,0,3,189,1,193,0,20,243,1,264,250,0,250,514
12/10/2013,CRQ,CA,AWP,WE,Towers with Radar,0,22,68,2,92,0,4,135,0,139,0,26,203,2,231,293,0,293,524
12/11/2013,CRQ,CA,AWP,WE,Towers with Radar,0,26,75,2,103,0,2,90,6,98,0,28,165,8,201,200,2,202,403
12/12/2013,CRQ,CA,AWP,WE,Towers with Radar,0,22,85,0,107,0,2,119,0,121,0,24,204,0,228,182,0,182,410
12/13/2013,CRQ,CA,AWP,WE,Towers with Radar,0,13,62,0,75,0,8,191,2,201,0,21,253,2,276,120,2,122,398
12/14/2013,CRQ,CA,AWP,WE,Towers with Radar,0,10,62,0,72,0,4,198,1,203,0,14,260,1,275,64,0,64,339
12/15/2013,CRQ,CA,AWP,WE,Towers with Radar,0,18,78,0,96,0,0,184,3,187,0,18,262,3,283,279,2,281,564
12/16/2013,CRQ,CA,AWP,WE,Towers with Radar,0,28,92,0,120,0,6,198,0,204,0,34,290,0,324,160,0,160,484
12/17/2013,CRQ,CA,AWP,WE,Towers with Radar,0,19,72,4,95,0,2,190,3,195,0,21,262,7,290,223,2,225,515
12/18/2013,CRQ,CA,AWP,WE,Towers with Radar,0,27,94,7,128,0,7,111,0,118,0,34,205,7,246,150,0,150,396
12/19/2013,CRQ,CA,AWP,WE,Towers with Radar,0,23,71,4,98,0,1,13,1,15,0,24,84,5,113,204,6,210,323
12/20/2013,CRQ,CA,AWP,WE,Towers with Radar,0,36,97,0,133,0,2,161,0,163,0,38,258,0,296,160,0,160,456
12/21/2013,CRQ,CA,AWP,WE,Towers with Radar,0,26,70,0,96,0,6,177,4,187,0,32,247,4,283,124,0,124,407
12/22/2013,CRQ,CA,AWP,WE,Towers with Radar,0,21,55,0,76,0,0,188,1,189,0,21,243,1,265,261,0,261,526
12/23/2013,CRQ,CA,AWP,WE,Towers with Radar,0,22,53,3,78,0,1,153,0,154,0,23,206,3,232,280,0,280,512
12/24/2013,CRQ,CA,AWP,WE,Towers with Radar,0,16,38,0,54,0,6,132,0,138,0,22,170,0,192,126,0,126,318
12/25/2013,CRQ,CA,AWP,WE,Towers with Radar,0,17,16,0,33,0,3,30,0,33,0,20,46,0,66,47,0,47,113
12/26/2013,CRQ,CA,AWP,WE,Towers with Radar,0,23,68,0,91,0,0,111,0,111,0,23,179,0,202,160,0,160,362
12/27/2013,CRQ,CA,AWP,WE,Towers with Radar,0,22,77,0,99,0,0,161,0,161,0,22,238,0,260,108,0,108,368
12/28/2013,CRQ,CA,AWP,WE,Towers with Radar,0,23,84,0,107,0,3,161,1,165,0,26,245,1,272,87,0,87,359
12/29/2013,CRQ,CA,AWP,WE,Towers with Radar,0,32,70,0,102,0,6,246,2,254,0,38,316,2,356,179,2,181,537
12/30/2013,CRQ,CA,AWP,WE,Towers with Radar,0,23,90,0,113,0,5,203,0,208,0,28,293,0,321,157,0,157,478
12/31/2013,CRQ,CA,AWP,WE,Towers with Radar,0,15,56,0,71,0,1,139,0,140,0,16,195,0,211,85,0,85,296
01/01/2014,CRQ,CA,AWP,WE,Towers with Radar,0,19,34,0,53,0,11,83,0,94,0,30,117,0,147,132,0,132,279
01/02/2014,CRQ,CA,AWP,WE,Towers with Radar,0,26,75,0,101,0,1,122,0,123,0,27,197,0,224,90,0,90,314
01/03/2014,CRQ,CA,AWP,WE,Towers with Radar,0,36,84,0,120,0,0,146,0,146,0,36,230,0,266,128,0,128,394
01/04/2014,CRQ,CA,AWP,WE,Towers with Radar,0,20,80,0,100,0,2,193,0,195,0,22,273,0,295,232,0,232,527
01/05/2014,CRQ,CA,AWP,WE,Towers with Radar,0,24,70,0,94,0,5,180,2,187,0,29,250,2,281,236,2,238,519
01/06/2014,CRQ,CA,AWP,WE,Towers with Radar,0,21,73,1,95,0,4,186,2,192,0,25,259,3,287,161,2,163,450
01/07/2014,CRQ,CA,AWP,WE,Towers with Radar,0,35,93,2,130,0,1,124,1,126,0,36,217,3,256,122,2,124,380
01/08/2014,CRQ,CA,AWP,WE,Towers with Radar,0,25,89,2,116,0,2,101,5,108,0,27,190,7,224,120,2,122,346
01/09/2014,CRQ,CA,AWP,WE,Towers with Radar,0,19,93,3,115,0,3,87,1,91,0,22,180,4,206,83,0,83,289
01/10/2014,CRQ,CA,AWP,WE,Towers with Radar,0,20,91,6,117,0,0,164,0,164,0,20,255,6,281,115,0,115,396
01/11/2014,CRQ,CA,AWP,WE,Towers with Radar,0,21,51,2,74,0,1,187,0,188,0,22,238,2,262,142,0,142,404
01/12/2014,CRQ,CA,AWP,WE,Towers with Radar,0,23,41,0,64,0,1,130,0,131,0,24,171,0,195,132,0,132,327
01/13/2014,CRQ,CA,AWP,WE,Towers with Radar,0,24,73,0,97,0,6,217,0,223,0,30,290,0,320,246,0,246,566
01/14/2014,CRQ,CA,AWP,WE,Towers with Radar,0,27,50,5,82,0,4,138,4,146,0,31,188,9,228,199,2,201,429
01/15/2014,CRQ,CA,AWP,WE,Towers with Radar,0,31,111,3,145,0,3,171,5,179,0,34,282,8,324,217,12,229,553
01/16/2014,CRQ,CA,AWP,WE,Towers with Radar,0,25,103,0,128,0,0,159,0,159,0,25,262,0,287,288,2,290,577
01/17/2014,CRQ,CA,AWP,WE,Towers with Radar,0,22,103,0,125,0,6,144,0,150,0,28,247,0,275,182,0,182,457
01/18/2014,CRQ,CA,AWP,WE,Towers with Radar,0,15,56,0,71,0,0,230,0,230,0,15,286,0,301,218,0,218,519
01/19/2014,CRQ,CA,AWP,WE,Towers with Radar,0,18,58,0,76,0,0,158,0,158,0,18,216,0,234,166,0,166,400
01/20/2014,CRQ,CA,AWP,WE,Towers with Radar,0,28,123,0,151,0,4,271,0,275,0,32,394,0,426,237,0,237,663
01/21/2014,CRQ,CA,AWP,WE,Towers with Radar,0,21,76,0,97,0,2,194,0,196,0,23,270,0,293,226,0,226,519
01/22/2014,CRQ,CA,AWP,WE,Towers with Radar,0,19,81,2,102,0,2,155,6,163,0,21,236,8,265,248,8,256,521
01/23/2014,CRQ,CA,AWP,WE,Towers with Radar,0,17,100,4,121,0,3,99,0,102,0,20,199,4,223,126,2,128,351
01/24/2014,CRQ,CA,AWP,WE,Towers with Radar,0,25,95,2,122,0,0,161,4,165,0,25,256,6,287,165,4,169,456
01/25/2014,CRQ,CA,AWP,WE,Towers with Radar,0,17,90,5,112,0,4,189,3,196,0,21,279,8,308,151,0,151,459
01/26/2014,CRQ,CA,AWP,WE,Towers with Radar,0,27,86,3,116,0,5,215,2,222,0,32,301,5,338,139,0,139,477
01/27/2014,CRQ,CA,AWP,WE,Towers with Radar,0,23,122,7,152,0,7,135,6,148,0,30,257,13,300,124,6,130,430
01/28/2014,CRQ,CA,AWP,WE,Towers with Radar,0,30,86,0,116,0,2,112,0,114,0,32,198,0,230,92,0,92,322
01/29/2014,CRQ,CA,AWP,WE,Towers with Radar,0,21,108,0,129,0,8,133,2,143,0,29,241,2,272,125,0,125,397
01/30/2014,CRQ,CA,AWP,WE,Towers with Radar,0,23,133,0,156,0,0,13,0,13,0,23,146,0,169,117,0,117,286
01/31/2014,CRQ,CA,AWP,WE,Towers with Radar,0,21,98,1,120,0,0,93,1,94,0,21,191,2,214,162,0,162,376
02/01/2014,CRQ,CA,AWP,WE,Towers with Radar,0,17,80,0,97,0,4,176,0,180,0,21,256,0,277,153,1,154,431
02/02/2014,CRQ,CA,AWP,WE,Towers with Radar,0,28,47,0,75,0,3,89,0,92,0,31,136,0,167,117,0,117,284
02/03/2014,CRQ,CA,AWP,WE,Towers with Radar,0,19,94,5,118,0,0,132,0,132,0,19,226,5,250,183,0,183,433
02/04/2014,CRQ,CA,AWP,WE,Towers with Radar,0,25,96,6,127,0,6,99,0,105,0,31,195,6,232,189,2,191,423
02/05/2014,CRQ,CA,AWP,WE,Towers with Radar,0,21,92,0,113,0,3,143,3,149,0,24,235,3,262,141,2,143,405
02/06/2014,CRQ,CA,AWP,WE,Towers with Radar,0,24,89,13,126,0,2,55,2,59,0,26,144,15,185,112,4,116,301
02/07/2014,CRQ,CA,AWP,WE,Towers with Radar,0,19,92,5,116,0,0,118,0,118,0,19,210,5,234,240,2,242,476
02/08/2014,CRQ,CA,AWP,WE,Towers with Radar,0,14,105,0,119,0,4,186,0,190,0,18,291,0,309,198,0,198,507
02/09/2014,CRQ,CA,AWP,WE,Towers with Radar,0,32,121,2,155,0,3,143,0,146,0,35,264,2,301,175,0,175,476
02/10/2014,CRQ,CA,AWP,WE,Towers with Radar,0,20,125,0,145,0,0,84,0,84,0,20,209,0,229,130,0,130,359
02/11/2014,CRQ,CA,AWP,WE,Towers with Radar,0,21,77,5,103,0,7,104,2,113,0,28,181,7,216,98,3,101,317
02/12/2014,CRQ,CA,AWP,WE,Towers with Radar,0,19,84,2,105,0,3,130,2,135,0,22,214,4,240,177,2,179,419
02/13/2014,CRQ,CA,AWP,WE,Towers with Radar,0,21,103,4,128,0,11,256,1,268,0,32,359,5,396,186,2,188,584
02/14/2014,CRQ,CA,AWP,WE,Towers with Radar,0,28,97,2,127,0,1,180,1,182,0,29,277,3,309,113,4,117,426
02/15/2014,CRQ,CA,AWP,WE,Towers with Radar,0,21,86,0,107,0,3,181,1,185,0,24,267,1,292,135,0,135,427
02/16/2014,CRQ,CA,AWP,WE,Towers with Radar,0,34,85,0,119,0,0,180,0,180,0,34,265,0,299,133,0,133,432
02/17/2014,CRQ,CA,AWP,WE,Towers with Radar,0,31,144,2,177,0,2,116,0,118,0,33,260,2,295,44,0,44,339
02/18/2014,CRQ,CA,AWP,WE,Towers with Radar,0,27,82,6,115,0,6,197,5,208,0,33,279,11,323,276,2,278,601
02/19/2014,CRQ,CA,AWP,WE,Towers with Radar,0,22,104,0,126,0,2,159,3,164,0,24,263,3,290,175,4,179,469
02/20/2014,CRQ,CA,AWP,WE,Towers with Radar,0,27,99,1,127,0,7,154,0,161,0,34,253,1,288,201,2,203,491
02/21/2014,CRQ,CA,AWP,WE,Towers with Radar,0,21,116,4,141,0,3,162,4,169,0,24,278,8,310,162,10,172,482
02/22/2014,CRQ,CA,AWP,WE,Towers with Radar,0,22,78,4,104,0,6,194,3,203,0,28,272,7,307,202,1,203,510
02/23/2014,CRQ,CA,AWP,WE,Towers with Radar,0,30,77,0,107,0,3,182,2,187,0,33,259,2,294,146,0,146,440
02/24/2014,CRQ,CA,AWP,WE,Towers with Radar,0,20,106,1,127,0,7,162,0,169,0,27,268,1,296,122,0,122,418
02/25/2014,CRQ,CA,AWP,WE,Towers with Radar,0,30,81,9,120,0,6,188,2,196,0,36,269,11,316,187,4,191,507
02/26/2014,CRQ,CA,AWP,WE,Towers with Radar,0,27,117,0,144,0,5,121,3,129,0,32,238,3,273,230,0,230,503
02/27/2014,CRQ,CA,AWP,WE,Towers with Radar,0,28,69,0,97,0,0,5,0,5,0,28,74,0,102,15,0,15,117
02/28/2014,CRQ,CA,AWP,WE,Towers with Radar,0,14,21,4,39,0,0,34,0,34,0,14,55,4,73,0,0,0,73
03/01/2014,CRQ,CA,AWP,WE,Towers with Radar,0,16,23,0,39,0,2,6,0,8,0,18,29,0,47,94,0,94,141
03/02/2014,CRQ,CA,AWP,WE,Towers with Radar,0,15,68,0,83,0,0,35,0,35,0,15,103,0,118,73,0,73,191
03/03/2014,CRQ,CA,AWP,WE,Towers with Radar,0,21,96,4,121,0,5,112,0,117,0,26,208,4,238,153,0,153,391
03/04/2014,CRQ,CA,AWP,WE,Towers with Radar,0,29,142,10,181,0,2,133,0,135,0,31,275,10,316,208,0,208,524
03/05/2014,CRQ,CA,AWP,WE,Towers with Radar,0,23,158,0,181,0,2,70,1,73,0,25,228,1,254,58,0,58,312
03/06/2014,CRQ,CA,AWP,WE,Towers with Radar,0,25,120,6,151,0,0,108,1,109,0,25,228,7,260,148,0,148,408
03/07/2014,CRQ,CA,AWP,WE,Towers with Radar,0,23,119,4,146,0,1,143,0,144,0,24,262,4,290,157,0,157,447
03/08/2014,CRQ,CA,AWP,WE,Towers with Radar,0,25,80,0,105,0,5,250,1,256,0,30,330,1,361,283,1,284,645
03/09/2014,CRQ,CA,AWP,WE,Towers with Radar,0,26,72,0,98,0,0,221,0,221,0,26,293,0,319,233,1,234,553
03/10/2014,CRQ,CA,AWP,WE,Towers with Radar,0,31,93,2,126,0,1,200,1,202,0,32,293,3,328,167,0,167,495
03/11/2014,CRQ,CA,AWP,WE,Towers with Radar,0,20,76,3,99,0,2,144,0,146,0,22,220,3,245,157,4,161,406
03/12/2014,CRQ,CA,AWP,WE,Towers with Radar,0,29,77,2,108,0,1,112,0,113,0,30,189,2,221,112,0,112,333
03/13/2014,CRQ,CA,AWP,WE,Towers with Radar,0,21,133,7,161,0,1,139,0,140,0,22,272,7,301,166,4,170,471
03/14/2014,CRQ,CA,AWP,WE,Towers with Radar,0,23,93,2,118,0,0,173,0,173,0,23,266,2,291,149,0,149,440
03/15/2014,CRQ,CA,AWP,WE,Towers with Radar,0,16,57,0,73,0,4,203,0,207,0,20,260,0,280,172,0,172,452
03/16/2014,CRQ,CA,AWP,WE,Towers with Radar,0,30,103,2,135,0,1,211,2,214,0,31,314,4,349,213,2,215,564
03/17/2014,CRQ,CA,AWP,WE,Towers with Radar,0,24,96,3,123,0,0,170,0,170,0,24,266,3,293,231,0,231,524
03/18/2014,CRQ,CA,AWP,WE,Towers with Radar,0,25,96,4,125,0,1,142,0,143,0,26,238,4,268,143,0,143,411
03/19/2014,CRQ,CA,AWP,WE,Towers with Radar,0,28,134,2,164,0,4,174,0,178,0,32,308,2,342,172,0,172,514
03/20/2014,CRQ,CA,AWP,WE,Towers with Radar,0,25,114,0,139,0,0,133,0,133,0,25,247,0,272,142,1,143,415
03/21/2014,CRQ,CA,AWP,WE,Towers with Radar,0,22,138,8,168,0,0,122,0,122,0,22,260,8,290,211,0,211,501
03/22/2014,CRQ,CA,AWP,WE,Towers with Radar,0,20,95,3,118,0,4,124,0,128,0,24,219,3,246,239,0,239,485
03/23/2014,CRQ,CA,AWP,WE,Towers with Radar,0,29,105,0,134,0,3,71,0,74,0,32,176,0,208,86,0,86,294
03/24/2014,CRQ,CA,AWP,WE,Towers with Radar,0,23,139,4,166,0,3,24,0,27,0,26,163,4,193,114,0,114,307
03/25/2014,CRQ,CA,AWP,WE,Towers with Radar,0,17,127,8,152,0,0,3,0,3,0,17,130,8,155,5,0,5,160
03/26/2014,CRQ,CA,AWP,WE,Towers with Radar,0,12,85,2,99,0,0,58,0,58,0,12,143,2,157,167,0,167,324
03/27/2014,CRQ,CA,AWP,WE,Towers with Radar,0,23,90,11,124,0,5,114,0,119,0,28,204,11,243,204,0,204,447
03/28/2014,CRQ,CA,AWP,WE,Towers with Radar,0,30,87,9,126,0,5,222,0,227,0,35,309,9,353,157,2,159,512
03/29/2014,CRQ,CA,AWP,WE,Towers with Radar,0,14,59,0,73,0,1,214,0,215,0,15,273,0,288,160,0,160,448
03/30/2014,CRQ,CA,AWP,WE,Towers with Radar,0,29,81,0,110,0,1,185,0,186,0,30,266,0,296,82,0,82,378
03/31/2014,CRQ,CA,AWP,WE,Towers with Radar,0,27,79,4,110,0,3,135,2,140,0,30,214,6,250,187,0,187,437
04/01/2014,CRQ,CA,AWP,WE,Towers with Radar,0,23,65,5,93,0,1,62,6,69,0,24,127,11,162,191,0,191,353
04/02/2014,CRQ,CA,AWP,WE,Towers with Radar,0,26,80,14,120,0,9,76,6,91,0,35,156,20,211,157,4,161,372
04/03/2014,CRQ,CA,AWP,WE,Towers with Radar,0,24,72,4,100,0,3,203,0,206,0,27,275,4,306,210,5,215,521
04/04/2014,CRQ,CA,AWP,WE,Towers with Radar,0,22,79,0,101,0,2,150,0,152,0,24,229,0,253,184,0,184,437
04/05/2014,CRQ,CA,AWP,WE,Towers with Radar,0,21,60,0,81,0,4,147,0,151,0,25,207,0,232,113,0,113,345
04/06/2014,CRQ,CA,AWP,WE,Towers with Radar,0,29,50,0,79,0,2,191,0,193,0,31,241,0,272,159,0,159,431
04/07/2014,CRQ,CA,AWP,WE,Towers with Radar,0,25,68,0,93,0,2,140,0,142,0,27,208,0,235,142,0,142,377
04/08/2014,CRQ,CA,AWP,WE,Towers with Radar,0,28,66,2,96,0,5,121,1,127,0,33,187,3,223,136,0,136,359
04/09/2014,CRQ,CA,AWP,WE,Towers with Radar,0,34,46,2,82,0,6,116,0,122,0,40,162,2,204,176,4,180,384
04/10/2014,CRQ,CA,AWP,WE,Towers with Radar,0,27,43,1,71,0,4,138,1,143,0,31,181,2,214,136,2,138,352
04/11/2014,CRQ,CA,AWP,WE,Towers with Radar,0,28,91,0,119,0,1,209,0,210,0,29,300,0,329,244,0,244,573
04/12/2014,CRQ,CA,AWP,WE,Towers with Radar,0,28,90,0,118,0,4,121,0,125,0,32,211,0,243,242,0,242,485
04/13/2014,CRQ,CA,AWP,WE,Towers with Radar,0,27,82,5,114,0,2,122,0,124,0,29,204,5,238,163,2,165,403
04/14/2014,CRQ,CA,AWP,WE,Towers with Radar,0,19,68,1,88,0,5,147,0,152,0,24,215,1,240,167,0,167,407
04/15/2014,CRQ,CA,AWP,WE,Towers with Radar,0,29,84,2,115,0,6,98,1,105,0,35,182,3,220,112,0,112,332
04/16/2014,CRQ,CA,AWP,WE,Towers with Radar,0,25,92,11,128,0,6,111,1,118,0,31,203,12,246,145,2,147,393
04/17/2014,CRQ,CA,AWP,WE,Towers with Radar,0,22,145,0,167,0,4,51,0,55,0,26,196,0,222,93,2,95,317
04/18/2014,CRQ,CA,AWP,WE,Towers with Radar,0,24,105,0,129,0,1,148,0,149,0,25,253,0,278,154,2,156,434
04/19/2014,CRQ,CA,AWP,WE,Towers with Radar,0,16,71,0,87,0,2,178,0,180,0,18,249,0,267,186,0,186,453
04/20/2014,CRQ,CA,AWP,WE,Towers with Radar,0,23,65,0,88,0,2,153,0,155,0,25,218,0,243,75,0,75,318
04/21/2014,CRQ,CA,AWP,WE,Towers with Radar,0,23,109,2,134,0,0,100,1,101,0,23,209,3,235,132,0,132,367
04/22/2014,CRQ,CA,AWP,WE,Towers with Radar,0,25,84,6,115,0,2,99,0,101,0,27,183,6,216,139,2,141,357
04/23/2014,CRQ,CA,AWP,WE,Towers with Radar,0,24,67,0,91,0,2,95,0,97,0,26,162,0,188,169,0,169,357
04/24/2014,CRQ,CA,AWP,WE,Towers with Radar,0,24,54,10,88,0,2,144,0,146,0,26,198,10,234,117,6,123,357
04/25/2014,CRQ,CA,AWP,WE,Towers with Radar,0,31,75,1,107,0,1,102,1,104,0,32,177,2,211,72,0,72,283
04/26/2014,CRQ,CA,AWP,WE,Towers with Radar,0,20,43,0,63,0,7,76,0,83,0,27,119,0,146,93,0,93,239
04/27/2014,CRQ,CA,AWP,WE,Towers with Radar,0,17,97,0,114,0,7,163,0,170,0,24,260,0,284,205,0,205,489
04/28/2014,CRQ,CA,AWP,WE,Towers with Radar,0,24,71,0,95,0,3,187,0,190,0,27,258,0,285,170,0,170,455
04/29/2014,CRQ,CA,AWP,WE,Towers with Radar,0,15,51,6,72,0,1,112,0,113,0,16,163,6,185,138,0,138,323
04/30/2014,CRQ,CA,AWP,WE,Towers with Radar,0,29,50,0,79,0,4,56,0,60,0,33,106,0,139,92,0,92,231
05/01/2014,CRQ,CA,AWP,WE,Towers with Radar,0,31,74,4,109,0,5,101,4,110,0,36,175,8,219,122,0,122,341
05/02/2014,CRQ,CA,AWP,WE,Towers with Radar,0,30,82,5,117,0,1,168,2,171,0,31,250,7,288,118,2,120,408
05/03/2014,CRQ,CA,AWP,WE,Towers with Radar,0,23,72,1,96,0,1,181,0,182,0,24,253,1,278,190,0,190,468
05/04/2014,CRQ,CA,AWP,WE,Towers with Radar,0,45,90,0,135,0,3,162,0,165,0,48,252,0,300,148,1,149,449
05/05/2014,CRQ,CA,AWP,WE,Towers with Radar,0,22,96,0,118,0,1,83,0,84,0,23,179,0,202,154,0,154,356
05/06/2014,CRQ,CA,AWP,WE,Towers with Radar,0,23,101,2,126,0,2,82,0,84,0,25,183,2,210,102,2,104,314
05/07/2014,CRQ,CA,AWP,WE,Towers with Radar,0,24,113,0,137,0,2,91,0,93,0,26,204,0,230,171,4,175,405
05/08/2014,CRQ,CA,AWP,WE,Towers with Radar,0,21,60,4,85,0,0,37,0,37,0,21,97,4,122,73,0,73,195
05/09/2014,CRQ,CA,AWP,WE,Towers with Radar,0,19,120,0,139,0,3,171,0,174,0,22,291,0,313,136,0,136,449
05/10/2014,CRQ,CA,AWP,WE,Towers with Radar,0,14,100,0,114,0,3,135,0,138,0,17,235,0,252,145,0,145,397
05/11/2014,CRQ,CA,AWP,WE,Towers with Radar,0,23,67,2,92,0,2,101,0,103,0,25,168,2,195,116,0,116,311
05/12/2014,CRQ,CA,AWP,WE,Towers with Radar,0,19,82,2,103,0,5,139,0,144,0,24,221,2,247,182,0,182,429
05/13/2014,CRQ,CA,AWP,WE,Towers with Radar,0,21,44,4,69,0,7,86,1,94,0,28,130,5,163,46,0,46,209
05/14/2014,CRQ,CA,AWP,WE,Towers with Radar,0,20,42,0,62,0,5,49,0,54,0,25,91,0,116,30,0,30,146
05/15/2014,CRQ,CA,AWP,WE,Towers with Radar,0,27,78,0,105,0,9,1,0,10,0,36,79,0,115,6,0,6,121
05/16/2014,CRQ,CA,AWP,WE,Towers with Radar,0,16,84,0,100,0,4,25,0,29,0,20,109,0,129,6,0,6,135
05/17/2014,CRQ,CA,AWP,WE,Towers with Radar,0,21,48,0,69,0,5,83,0,88,0,26,131,0,157,109,0,109,266
05/18/2014,CRQ,CA,AWP,WE,Towers with Radar,0,28,103,0,131,0,3,139,1,143,0,31,242,1,274,121,0,121,395
05/19/2014,CRQ,CA,AWP,WE,Towers with Radar,0,26,90,0,116,0,12,131,0,143,0,38,221,0,259,310,0,310,569
05/20/2014,CRQ,CA,AWP,WE,Towers with Radar,0,23,115,4,142,0,7,158,2,167,0,30,273,6,309,104,3,107,416
05/21/2014,CRQ,CA,AWP,WE,Towers with Radar,0,32,92,4,128,0,1,109,0,110,0,33,201,4,238,130,0,130,368
05/22/2014,CRQ,CA,AWP,WE,Towers with Radar,0,29,142,1,172,0,2,77,2,81,0,31,219,3,253,197,0,197,450
05/23/2014,CRQ,CA,AWP,WE,Towers with Radar,0,26,131,2,159,0,2,186,0,188,0,28,317,2,347,178,0,178,525
05/24/2014,CRQ,CA,AWP,WE,Towers with Radar,0,13,164,1,178,0,1,50,0,51,0,14,214,1,229,132,0,132,361
05/25/2014,CRQ,CA,AWP,WE,Towers with Radar,0,15,56,0,71,0,3,133,0,136,0,18,189,0,207,144,0,144,351
05/26/2014,CRQ,CA,AWP,WE,Towers with Radar,0,22,89,0,111,0,6,224,2,232,0,28,313,2,343,134,0,134,477
05/27/2014,CRQ,CA,AWP,WE,Towers with Radar,0,21,122,17,160,0,3,98,1,102,0,24,220,18,262,224,6,230,492
05/28/2014,CRQ,CA,AWP,WE,Towers with Radar,0,24,92,14,130,0,9,133,7,149,0,33,225,21,279,226,0,226,505
05/29/2014,CRQ,CA,AWP,WE,Towers with Radar,0,32,102,2,136,0,2,89,1,92,0,34,191,3,228,127,0,127,355
05/30/2014,CRQ,CA,AWP,WE,Towers with Radar,0,21,76,8,105,0,3,108,2,113,0,24,184,10,218,80,0,80,298
05/31/2014,CRQ,CA,AWP,WE,Towers with Radar,0,18,79,2,99,0,5,152,0,157,0,23,231,2,256,136,2,138,394
06/01/2014,CRQ,CA,AWP,WE,Towers with Radar,0,25,91,0,116,0,4,162,0,166,0,29,253,0,282,115,0,115,397
06/02/2014,CRQ,CA,AWP,WE,Towers with Radar,0,20,77,0,97,0,1,121,0,122,0,21,198,0,219,102,0,102,321
06/03/2014,CRQ,CA,AWP,WE,Towers with Radar,0,27,85,0,112,0,0,184,0,184,0,27,269,0,296,212,0,212,508
06/04/2014,CRQ,CA,AWP,WE,Towers with Radar,0,19,69,9,97,0,3,117,1,121,0,22,186,10,218,113,0,113,331
06/05/2014,CRQ,CA,AWP,WE,Towers with Radar,0,25,75,4,104,0,8,159,0,167,0,33,234,4,271,225,0,225,496
06/06/2014,CRQ,CA,AWP,WE,Towers with Radar,0,27,91,2,120,0,0,110,2,112,0,27,201,4,232,198,4,202,434
06/07/2014,CRQ,CA,AWP,WE,Towers with Radar,0,19,75,0,94,0,1,120,0,121,0,20,195,0,215,130,0,130,345
06/08/2014,CRQ,CA,AWP,WE,Towers with Radar,0,37,85,0,122,0,4,126,0,130,0,41,211,0,252,177,0,177,429
06/09/2014,CRQ,CA,AWP,WE,Towers with Radar,0,24,131,2,157,0,1,63,0,64,0,25,194,2,221,24,0,24,245
06/10/2014,CRQ,CA,AWP,WE,Towers with Radar,0,27,124,3,154,0,3,64,0,67,0,30,188,3,221,135,0,135,356
06/11/2014,CRQ,CA,AWP,WE,Towers with Radar,0,35,93,2,130,0,4,116,3,123,0,39,209,5,253,118,0,118,371
06/12/2014,CRQ,CA,AWP,WE,Towers with Radar,0,23,81,3,107,0,3,144,2,149,0,26,225,5,256,142,0,142,398
06/13/2014,CRQ,CA,AWP,WE,Towers with Radar,0,30,104,0,134,0,0,134,1,135,0,30,238,1,269,152,0,152,421
06/14/2014,CRQ,CA,AWP,WE,Towers with Radar,0,27,84,0,111,0,3,149,0,152,0,30,233,0,263,186,0,186,449
06/15/2014,CRQ,CA,AWP,WE,Towers with Radar,0,26,114,0,140,0,1,172,0,173,0,27,286,0,313,99,0,99,412
06/16/2014,CRQ,CA,AWP,WE,Towers with Radar,0,28,81,5,114,0,2,143,5,150,0,30,224,10,264,108,4,112,376
06/17/2014,CRQ,CA,AWP,WE,Towers with Radar,0,25,100,2,127,0,5,151,1,157,0,30,251,3,284,187,4,191,475
06/18/2014,CRQ,CA,AWP,WE,Towers with Radar,0,31,79,3,113,0,0,132,3,135,0,31,211,6,248,75,0,75,323
06/19/2014,CRQ,CA,AWP,WE,Towers with Radar,0,27,95,0,122,0,1,169,0,170,0,28,264,0,292,117,2,119,411
06/20/2014,CRQ,CA,AWP,WE,Towers with Radar,0,26,87,2,115,0,2,166,0,168,0,28,253,2,283,137,0,137,420
06/21/2014,CRQ,CA,AWP,WE,Towers with Radar,0,17,74,1,92,0,2,111,0,113,0,19,185,1,205,78,0,78,283
06/22/2014,CRQ,CA,AWP,WE,Towers with Radar,0,27,84,0,111,0,6,141,0,147,0,33,225,0,258,50,0,50,308
06/23/2014,CRQ,CA,AWP,WE,Towers with Radar,1,30,66,1,98,0,2,143,0,145,1,32,209,1,243,190,0,190,433
06/24/2014,CRQ,CA,AWP,WE,Towers with Radar,0,17,104,1,122,0,5,133,0,138,0,22,237,1,260,118,0,118,378
06/25/2014,CRQ,CA,AWP,WE,Towers with Radar,0,27,107,2,136,0,2,128,0,130,0,29,235,2,266,172,2,174,440
06/26/2014,CRQ,CA,AWP,WE,Towers with Radar,0,23,112,2,137,0,2,94,0,96,0,25,206,2,233,146,0,146,379
06/27/2014,CRQ,CA,AWP,WE,Towers with Radar,0,24,132,1,157,0,1,89,0,90,0,25,221,1,247,85,0,85,332
06/28/2014,CRQ,CA,AWP,WE,Towers with Radar,0,29,101,0,130,0,5,129,0,134,0,34,230,0,264,184,0,184,448
06/29/2014,CRQ,CA,AWP,WE,Towers with Radar,0,35,111,0,146,0,2,88,0,90,0,37,199,0,236,77,0,77,313
06/30/2014,CRQ,CA,AWP,WE,Towers with Radar,0,21,111,1,133,0,0,78,2,80,0,21,189,3,213,86,0,86,299
07/01/2014,CRQ,CA,AWP,WE,Towers with Radar,0,19,81,1,101,0,3,88,0,91,0,22,169,1,192,105,0,105,297
07/02/2014,CRQ,CA,AWP,WE,Towers with Radar,0,22,78,0,100,0,8,108,2,118,0,30,186,2,218,176,4,180,398
07/03/2014,CRQ,CA,AWP,WE,Towers with Radar,0,27,81,0,108,0,1,117,0,118,0,28,198,0,226,144,0,144,370
07/04/2014,CRQ,CA,AWP,WE,Towers with Radar,0,12,35,0,47,0,2,146,0,148,0,14,181,0,195,246,0,246,441
07/05/2014,CRQ,CA,AWP,WE,Towers with Radar,0,13,55,0,68,0,2,163,0,165,0,15,218,0,233,200,0,200,433
07/06/2014,CRQ,CA,AWP,WE,Towers with Radar,0,38,73,0,111,0,1,169,0,170,0,39,242,0,281,111,0,111,392
07/07/2014,CRQ,CA,AWP,WE,Towers with Radar,0,25,70,0,95,0,0,168,0,168,0,25,238,0,263,175,1,176,439
07/08/2014,CRQ,CA,AWP,WE,Towers with Radar,0,25,73,0,98,0,0,145,0,145,0,25,218,0,243,171,0,171,414
07/09/2014,CRQ,CA,AWP,WE,Towers with Radar,0,27,76,6,109,0,7,112,0,119,0,34,188,6,228,113,0,113,341
07/10/2014,CRQ,CA,AWP,WE,Towers with Radar,0,25,116,6,147,0,2,128,0,130,0,27,244,6,277,90,0,90,367
07/11/2014,CRQ,CA,AWP,WE,Towers with Radar,0,25,82,2,109,0,3,170,1,174,0,28,252,3,283,174,0,174,457
07/12/2014,CRQ,CA,AWP,WE,Towers with Radar,0,18,92,0,110,0,4,138,0,142,0,22,230,0,252,105,0,105,357
07/13/2014,CRQ,CA,AWP,WE,Towers with Radar,0,27,63,0,90,0,0,133,0,133,0,27,196,0,223,97,0,97,320
07/14/2014,CRQ,CA,AWP,WE,Towers with Radar,0,30,104,0,134,0,2,78,0,80,0,32,182,0,214,113,0,113,327
07/15/2014,CRQ,CA,AWP,WE,Towers with Radar,0,32,129,2,163,0,3,23,4,30,0,35,152,6,193,8,0,8,201
07/16/2014,CRQ,CA,AWP,WE,Towers with Radar,0,32,73,2,107,0,0,113,2,115,0,32,186,4,222,120,2,122,344
07/17/2014,CRQ,CA,AWP,WE,Towers with Radar,0,30,105,3,138,0,0,87,0,87,0,30,192,3,225,142,0,142,367
07/18/2014,CRQ,CA,AWP,WE,Towers with Radar,0,34,106,6,146,0,0,121,2,123,0,34,227,8,269,150,0,150,419
07/19/2014,CRQ,CA,AWP,WE,Towers with Radar,0,24,69,0,93,0,0,100,0,100,0,24,169,0,193,157,0,157,350
07/20/2014,CRQ,CA,AWP,WE,Towers with Radar,0,43,129,0,172,0,4,153,0,157,0,47,282,0,329,229,0,229,558
07/21/2014,CRQ,CA,AWP,WE,Towers with Radar,0,31,76,7,114,0,3,135,0,138,0,34,211,7,252,137,0,137,389
07/22/2014,CRQ,CA,AWP,WE,Towers with Radar,0,27,75,6,108,0,1,119,0,120,0,28,194,6,228,188,0,188,416
07/23/2014,CRQ,CA,AWP,WE,Towers with Radar,0,26,83,1,110,0,5,137,0,142,0,31,220,1,252,147,0,147,399
07/24/2014,CRQ,CA,AWP,WE,Towers with Radar,0,26,99,0,125,0,1,119,0,120,0,27,218,0,245,214,4,218,463
07/25/2014,CRQ,CA,AWP,WE,Towers with Radar,0,25,83,3,111,0,1,200,2,203,0,26,283,5,314,290,0,290,604
07/26/2014,CRQ,CA,AWP,WE,Towers with Radar,0,20,84,18,122,0,1,158,2,161,0,21,242,20,283,178,2,180,463
07/27/2014,CRQ,CA,AWP,WE,Towers with Radar,0,29,74,3,106,0,1,68,0,69,0,30,142,3,175,62,2,64,239
07/28/2014,CRQ,CA,AWP,WE,Towers with Radar,0,25,68,0,93,0,0,140,0,140,0,25,208,0,233,183,0,183,416
07/29/2014,CRQ,CA,AWP,WE,Towers with Radar,0,27,68,12,107,0,3,143,0,146,0,30,211,12,253,124,2,126,379
07/30/2014,CRQ,CA,AWP,WE,Towers with Radar,0,31,59,2,92,0,6,156,1,163,0,37,215,3,255,183,0,183,438
07/31/2014,CRQ,CA,AWP,WE,Towers with Radar,0,25,69,2,96,0,4,123,0,127,0,29,192,2,223,134,2,136,359
08/01/2014,CRQ,CA,AWP,WE,Towers with Radar,0,36,96,0,132,0,6,106,0,112,0,42,202,0,244,160,0,160,404
08/02/2014,CRQ,CA,AWP,WE,Towers with Radar,0,17,98,0,115,0,3,51,0,54,0,20,149,0,169,20,0,20,189
08/03/2014,CRQ,CA,AWP,WE,Towers with Radar,0,18,102,0,120,0,3,32,0,35,0,21,134,0,155,82,0,82,237
08/04/2014,CRQ,CA,AWP,WE,Towers with Radar,0,26,84,2,112,0,1,121,0,122,0,27,205,2,234,196,0,196,430
08/05/2014,CRQ,CA,AWP,WE,Towers with Radar,0,24,62,0,86,0,2,134,1,137,0,26,196,1,223,119,0,119,342
08/06/2014,CRQ,CA,AWP,WE,Towers with Radar,0,20,65,0,85,0,2,164,0,166,0,22,229,0,251,137,0,137,388
08/07/2014,CRQ,CA,AWP,WE,Towers with Radar,0,35,64,2,101,0,2,114,0,116,0,37,178,2,217,178,0,178,395
08/08/2014,CRQ,CA,AWP,WE,Towers with Radar,0,30,104,7,141,0,1,109,0,110,0,31,213,7,251,183,0,183,434
08/09/2014,CRQ,CA,AWP,WE,Towers with Radar,0,11,107,0,118,0,2,123,1,126,0,13,230,1,244,207,2,209,453
08/10/2014,CRQ,CA,AWP,WE,Towers with Radar,0,36,92,2,130,0,3,146,1,150,0,39,238,3,280,70,0,70,350
08/11/2014,CRQ,CA,AWP,WE,Towers with Radar,0,29,74,4,107,0,0,157,0,157,0,29,231,4,264,159,0,159,423
08/12/2014,CRQ,CA,AWP,WE,Towers with Radar,0,34,114,0,148,0,2,88,1,91,0,36,202,1,239,291,0,291,530
08/13/2014,CRQ,CA,AWP,WE,Towers with Radar,0,25,129,1,155,0,1,65,0,66,0,26,194,1,221,46,0,46,267
08/14/2014,CRQ,CA,AWP,WE,Towers with Radar,0,31,99,0,130,0,3,157,0,160,0,34,256,0,290,246,2,248,538
08/15/2014,CRQ,CA,AWP,WE,Towers with Radar,0,35,85,2,122,0,4,219,0,223,0,39,304,2,345,178,0,178,523
08/16/2014,CRQ,CA,AWP,WE,Towers with Radar,0,14,76,0,90,0,3,179,0,182,0,17,255,0,272,214,0,214,486
08/17/2014,CRQ,CA,AWP,WE,Towers with Radar,0,34,67,0,101,0,2,149,0,151,0,36,216,0,252,133,0,133,385
08/18/2014,CRQ,CA,AWP,WE,Towers with Radar,0,24,111,0,135,0,2,135,0,137,0,26,246,0,272,138,0,138,410
08/19/2014,CRQ,CA,AWP,WE,Towers with Radar,0,23,105,3,131,0,1,110,0,111,0,24,215,3,242,203,6,209,451
08/20/2014,CRQ,CA,AWP,WE,Towers with Radar,0,24,82,0,106,0,0,79,1,80,0,24,161,1,186,122,0,122,308
08/21/2014,CRQ,CA,AWP,WE,Towers with Radar,0,21,82,4,107,0,5,99,6,110,0,26,181,10,217,131,2,133,350
08/22/2014,CRQ,CA,AWP,WE,Towers with Radar,0,38,77,0,115,0,8,103,0,111,0,46,180,0,226,126,0,126,352
08/23/2014,CRQ,CA,AWP,WE,Towers with Radar,0,24,65,0,89,0,0,209,9,218,0,24,274,9,307,124,2,126,433
08/24/2014,CRQ,CA,AWP,WE,Towers with Radar,0,36,88,0,124,0,3,156,0,159,0,39,244,0,283,126,0,126,409
08/25/2014,CRQ,CA,AWP,WE,Towers with Radar,0,36,74,2,112,0,0,143,0,143,0,36,217,2,255,132,0,132,387
08/26/2014,CRQ,CA,AWP,WE,Towers with Radar,0,27,96,0,123,0,1,136,0,137,0,28,232,0,260,237,4,241,501
08/27/2014,CRQ,CA,AWP,WE,Towers with Radar,0,22,64,2,88,0,2,154,0,156,0,24,218,2,244,210,0,210,454
08/28/2014,CRQ,CA,AWP,WE,Towers with Radar,0,27,91,6,124,0,3,140,0,143,0,30,231,6,267,91,0,91,358
08/29/2014,CRQ,CA,AWP,WE,Towers with Radar,0,39,102,0,141,0,12,186,3,201,0,51,288,3,342,191,0,191,533
08/30/2014,CRQ,CA,AWP,WE,Towers with Radar,0,16,73,0,89,0,8,112,0,120,0,24,185,0,209,120,0,120,329
08/31/2014,CRQ,CA,AWP,WE,Towers with Radar,0,25,71,0,96,0,4,140,0,144,0,29,211,0,240,108,0,108,348
09/01/2014,CRQ,CA,AWP,WE,Towers with Radar,0,29,111,2,142,0,2,159,0,161,0,31,270,2,303,188,0,188,491
09/02/2014,CRQ,CA,AWP,WE,Towers with Radar,0,29,64,1,94,0,2,126,0,128,0,31,190,1,222,161,0,161,383
09/03/2014,CRQ,CA,AWP,WE,Towers with Radar,0,27,94,4,125,0,1,95,1,97,0,28,189,5,222,126,2,128,350
09/04/2014,CRQ,CA,AWP,WE,Towers with Radar,0,30,84,0,114,0,2,88,0,90,0,32,172,0,204,105,2,107,311
09/05/2014,CRQ,CA,AWP,WE,Towers with Radar,0,29,98,0,127,0,0,120,1,121,0,29,218,1,248,77,0,77,325
09/06/2014,CRQ,CA,AWP,WE,Towers with Radar,0,21,82,1,104,0,9,116,3,128,0,30,198,4,232,99,0,99,331
09/07/2014,CRQ,CA,AWP,WE,Towers with Radar,0,26,67,0,93,0,0,117,0,117,0,26,184,0,210,83,0,83,293
09/08/2014,CRQ,CA,AWP,WE,Towers with Radar,0,21,62,0,83,0,2,100,1,103,0,23,162,1,186,82,0,82,268
09/09/2014,CRQ,CA,AWP,WE,Towers with Radar,0,26,89,0,115,0,4,98,0,102,0,30,187,0,217,103,0,103,320
09/10/2014,CRQ,CA,AWP,WE,Towers with Radar,0,26,49,2,77,0,1,105,0,106,0,27,154,2,183,113,0,113,296
09/11/2014,CRQ,CA,AWP,WE,Towers with Radar,0,36,72,4,112,0,1,88,1,90,0,37,160,5,202,144,0,144,346
09/12/2014,CRQ,CA,AWP,WE,Towers with Radar,0,22,69,5,96,0,5,160,0,165,0,27,229,5,261,136,2,138,399
09/13/2014,CRQ,CA,AWP,WE,Towers with Radar,0,21,55,0,76,0,0,128,0,128,0,21,183,0,204,139,0,139,343
09/14/2014,CRQ,CA,AWP,WE,Towers with Radar,0,32,66,2,100,0,1,143,0,144,0,33,209,2,244,142,0,142,386
09/15/2014,CRQ,CA,AWP,WE,Towers with Radar,0,27,77,0,104,0,0,109,1,110,0,27,186,1,214,161,0,161,375
09/16/2014,CRQ,CA,AWP,WE,Towers with Radar,0,26,60,0,86,0,11,92,0,103,0,37,152,0,189,142,0,142,331
09/17/2014,CRQ,CA,AWP,WE,Towers with Radar,0,24,64,0,88,0,2,76,0,78,0,26,140,0,166,210,0,210,376
09/18/2014,CRQ,CA,AWP,WE,Towers with Radar,0,30,87,0,117,0,0,119,0,119,0,30,206,0,236,172,0,172,408
09/19/2014,CRQ,CA,AWP,WE,Towers with Radar,0,27,93,4,124,0,3,101,0,104,0,30,194,4,228,213,0,213,441
09/20/2014,CRQ,CA,AWP,WE,Towers with Radar,0,27,97,0,124,0,2,87,0,89,0,29,184,0,213,166,0,166,379
09/21/2014,CRQ,CA,AWP,WE,Towers with Radar,0,26,103,0,129,0,0,128,0,128,0,26,231,0,257,102,0,102,359
09/22/2014,CRQ,CA,AWP,WE,Towers with Radar,0,22,64,0,86,0,2,141,0,143,0,24,205,0,229,124,0,124,353
09/23/2014,CRQ,CA,AWP,WE,Towers with Radar,0,23,67,0,90,0,4,108,0,112,0,27,175,0,202,97,6,103,305
09/24/2014,CRQ,CA,AWP,WE,Towers with Radar,0,19,74,2,95,0,0,144,1,145,0,19,218,3,240,209,4,213,453
09/25/2014,CRQ,CA,AWP,WE,Towers with Radar,0,21,78,2,101,0,1,139,0,140,0,22,217,2,241,144,0,144,385
09/26/2014,CRQ,CA,AWP,WE,Towers with Radar,0,26,117,7,150,0,1,116,2,119,0,27,233,9,269,42,0,42,311
09/27/2014,CRQ,CA,AWP,WE,Towers with Radar,0,13,55,0,68,0,4,136,0,140,0,17,191,0,208,75,0,75,283
09/28/2014,CRQ,CA,AWP,WE,Towers with Radar,0,31,64,0,95,0,3,111,0,114,0,34,175,0,209,110,0,110,319
09/29/2014,CRQ,CA,AWP,WE,Towers with Radar,0,21,43,0,64,0,0,107,0,107,0,21,150,0,171,98,2,100,271
09/30/2014,CRQ,CA,AWP,WE,Towers with Radar,0,18,76,4,98,0,1,145,0,146,0,19,221,4,244,96,0,96,340
10/01/2014,CRQ,CA,AWP,WE,Towers with Radar,0,27,103,4,134,0,0,123,0,123,0,27,226,4,257,109,4,113,370
10/02/2014,CRQ,CA,AWP,WE,Towers with Radar,0,27,56,2,85,0,2,103,0,105,0,29,159,2,190,90,0,90,280
10/03/2014,CRQ,CA,AWP,WE,Towers with Radar,0,23,57,0,80,0,1,116,0,117,0,24,173,0,197,133,0,133,330
10/04/2014,CRQ,CA,AWP,WE,Towers with Radar,0,15,38,6,59,0,4,122,1,127,0,19,160,7,186,95,0,95,281
10/05/2014,CRQ,CA,AWP,WE,Towers with Radar,0,23,72,3,98,0,2,125,0,127,0,25,197,3,225,121,0,121,346
10/06/2014,CRQ,CA,AWP,WE,Towers with Radar,0,30,71,4,105,0,6,107,0,113,0,36,178,4,218,116,1,117,335
10/07/2014,CRQ,CA,AWP,WE,Towers with Radar,0,24,68,3,95,0,3,73,8,84,0,27,141,11,179,202,0,202,381
10/08/2014,CRQ,CA,AWP,WE,Towers with Radar,0,28,55,10,93,0,2,108,2,112,0,30,163,12,205,107,1,108,313
10/09/2014,CRQ,CA,AWP,WE,Towers with Radar,0,21,78,1,100,0,0,120,0,120,0,21,198,1,220,148,0,148,368
10/10/2014,CRQ,CA,AWP,WE,Towers with Radar,0,23,131,10,164,0,0,155,1,156,0,23,286,11,320,205,0,205,525
10/11/2014,CRQ,CA,AWP,WE,Towers with Radar,0,16,91,4,111,0,3,114,1,118,0,19,205,5,229,126,0,126,355
10/12/2014,CRQ,CA,AWP,WE,Towers with Radar,0,30,113,0,143,0,5,139,0,144,0,35,252,0,287,60,0,60,347
10/13/2014,CRQ,CA,AWP,WE,Towers with Radar,0,29,107,0,136,0,0,57,0,57,0,29,164,0,193,103,0,103,296
10/14/2014,CRQ,CA,AWP,WE,Towers with Radar,0,22,93,5,120,0,1,86,0,87,0,23,179,5,207,92,2,94,301
10/15/2014,CRQ,CA,AWP,WE,Towers with Radar,0,18,105,3,126,0,2,89,1,92,0,20,194,4,218,93,1,94,312
10/16/2014,CRQ,CA,AWP,WE,Towers with Radar,0,36,104,6,146,0,1,134,0,135,0,37,238,6,281,104,0,104,385
10/17/2014,CRQ,CA,AWP,WE,Towers with Radar,0,26,114,0,140,0,1,103,0,104,0,27,217,0,244,114,0,114,358
10/18/2014,CRQ,CA,AWP,WE,Towers with Radar,0,12,84,0,96,0,5,116,0,121,0,17,200,0,217,103,0,103,320
10/19/2014,CRQ,CA,AWP,WE,Towers with Radar,0,32,93,0,125,0,2,109,1,112,0,34,202,1,237,38,0,38,275
10/20/2014,CRQ,CA,AWP,WE,Towers with Radar,0,30,92,10,132,0,2,48,0,50,0,32,140,10,182,68,0,68,250
10/21/2014,CRQ,CA,AWP,WE,Towers with Radar,0,22,78,0,100,0,1,102,0,103,0,23,180,0,203,86,0,86,289
10/22/2014,CRQ,CA,AWP,WE,Towers with Radar,0,32,65,0,97,0,1,123,3,127,0,33,188,3,224,152,0,152,376
10/23/2014,CRQ,CA,AWP,WE,Towers with Radar,0,25,68,0,93,0,0,3,0,3,0,25,71,0,96,0,0,0,96
10/24/2014,CRQ,CA,AWP,WE,Towers with Radar,0,26,57,0,83,0,0,182,0,182,0,26,239,0,265,157,0,157,422
10/25/2014,CRQ,CA,AWP,WE,Towers with Radar,0,17,64,0,81,0,5,129,0,134,0,22,193,0,215,112,0,112,327
10/26/2014,CRQ,CA,AWP,WE,Towers with Radar,0,33,99,0,132,1,6,77,0,84,1,39,176,0,216,182,0,182,398
10/27/2014,CRQ,CA,AWP,WE,Towers with Radar,0,21,57,2,80,0,0,125,0,125,0,21,182,2,205,174,0,174,379
10/28/2014,CRQ,CA,AWP,WE,Towers with Radar,0,23,52,1,76,0,7,100,0,107,0,30,152,1,183,143,0,143,326
10/29/2014,CRQ,CA,AWP,WE,Towers with Radar,0,22,69,0,91,0,1,124,0,125,0,23,193,0,216,191,2,193,409
10/30/2014,CRQ,CA,AWP,WE,Towers with Radar,0,20,121,0,141,0,2,131,0,133,0,22,252,0,274,122,0,122,396
10/31/2014,CRQ,CA,AWP,WE,Towers with Radar,0,25,91,0,116,0,7,54,0,61,0,32,145,0,177,131,0,131,308
11/01/2014,CRQ,CA,AWP,WE,Towers with Radar,0,20,89,0,109,0,3,38,0,41,0,23,127,0,150,71,0,71,221
11/02/2014,CRQ,CA,AWP,WE,Towers with Radar,0,28,63,0,91,0,0,102,0,102,0,28,165,0,193,77,0,77,270
11/03/2014,CRQ,CA,AWP,WE,Towers with Radar,0,24,66,0,90,0,1,105,0,106,0,25,171,0,196,102,0,102,298
11/04/2014,CRQ,CA,AWP,WE,Towers with Radar,0,14,68,0,82,0,2,110,0,112,0,16,178,0,194,164,2,166,360
11/05/2014,CRQ,CA,AWP,WE,Towers with Radar,0,28,50,1,79,0,4,114,0,118,0,32,164,1,197,135,0,135,332
11/06/2014,CRQ,CA,AWP,WE,Towers with Radar,0,30,85,3,118,0,5,157,1,163,0,35,242,4,281,184,0,184,465
11/07/2014,CRQ,CA,AWP,WE,Towers with Radar,0,32,101,0,133,0,0,174,2,176,0,32,275,2,309,106,0,106,415
11/08/2014,CRQ,CA,AWP,WE,Towers with Radar,0,19,55,0,74,0,2,143,0,145,0,21,198,0,219,108,0,108,327
11/09/2014,CRQ,CA,AWP,WE,Towers with Radar,0,34,97,0,131,0,4,103,0,107,0,38,200,0,238,107,0,107,345
11/10/2014,CRQ,CA,AWP,WE,Towers with Radar,0,23,92,0,115,0,1,74,0,75,0,24,166,0,190,126,0,126,316
11/11/2014,CRQ,CA,AWP,WE,Towers with Radar,0,24,105,2,131,0,2,104,0,106,0,26,209,2,237,215,0,215,452
11/12/2014,CRQ,CA,AWP,WE,Towers with Radar,0,23,79,2,104,0,3,96,0,99,0,26,175,2,203,91,2,93,296
11/13/2014,CRQ,CA,AWP,WE,Towers with Radar,0,21,105,4,130,0,0,117,0,117,0,21,222,4,247,187,0,187,434
11/14/2014,CRQ,CA,AWP,WE,Towers with Radar,0,30,118,0,148,0,0,3,0,3,0,30,121,0,151,0,0,0,151
11/15/2014,CRQ,CA,AWP,WE,Towers with Radar,0,21,74,3,98,0,1,147,2,150,0,22,221,5,248,158,0,158,406
11/16/2014,CRQ,CA,AWP,WE,Towers with Radar,0,25,89,0,114,0,2,124,0,126,0,27,213,0,240,79,0,79,319
11/17/2014,CRQ,CA,AWP,WE,Towers with Radar,0,17,86,2,105,0,1,114,0,115,0,18,200,2,220,118,0,118,338
11/18/2014,CRQ,CA,AWP,WE,Towers with Radar,0,20,92,5,117,0,2,110,2,114,0,22,202,7,231,122,0,122,353
11/19/2014,CRQ,CA,AWP,WE,Towers with Radar,0,21,60,3,84,0,0,92,0,92,0,21,152,3,176,208,6,214,390
11/20/2014,CRQ,CA,AWP,WE,Towers with Radar,0,25,95,3,123,0,0,114,0,114,0,25,209,3,237,111,2,113,350
11/21/2014,CRQ,CA,AWP,WE,Towers with Radar,0,29,108,2,139,0,0,114,1,115,0,29,222,3,254,201,0,201,455
11/22/2014,CRQ,CA,AWP,WE,Towers with Radar,0,30,65,2,97,0,2,211,1,214,0,32,276,3,311,209,0,209,520
11/23/2014,CRQ,CA,AWP,WE,Towers with Radar,0,30,76,0,106,0,2,172,0,174,0,32,248,0,280,233,0,233,513
11/24/2014,CRQ,CA,AWP,WE,Towers with Radar,0,28,63,0,91,0,3,112,0,115,0,31,175,0,206,267,0,267,473
11/25/2014,CRQ,CA,AWP,WE,Towers with Radar,0,28,79,0,107,0,2,128,0,130,0,30,207,0,237,176,0,176,413
11/26/2014,CRQ,CA,AWP,WE,Towers with Radar,0,34,80,0,114,0,1,168,0,169,0,35,248,0,283,83,0,83,366
11/27/2014,CRQ,CA,AWP,WE,Towers with Radar,0,9,22,0,31,0,1,63,0,64,0,10,85,0,95,38,0,38,133
11/28/2014,CRQ,CA,AWP,WE,Towers with Radar,0,28,63,1,92,0,4,148,0,152,0,32,211,1,244,130,0,130,374
11/29/2014,CRQ,CA,AWP,WE,Towers with Radar,0,44,88,1,133,0,2,137,0,139,0,46,225,1,272,129,0,129,401
11/30/2014,CRQ,CA,AWP,WE,Towers with Radar,0,37,144,0,181,0,0,52,0,52,0,37,196,0,233,100,0,100,333
12/01/2014,CRQ,CA,AWP,WE,Towers with Radar,0,31,71,0,102,0,0,98,3,101,0,31,169,3,203,206,0,206,409
12/02/2014,CRQ,CA,AWP,WE,Towers with Radar,0,19,49,0,68,0,0,11,0,11,0,19,60,0,79,20,0,20,99
12/03/2014,CRQ,CA,AWP,WE,Towers with Radar,0,24,46,12,82,0,0,0,0,0,0,24,46,12,82,0,0,0,82
12/04/2014,CRQ,CA,AWP,WE,Towers with Radar,0,23,92,0,115,0,0,88,3,91,0,23,180,3,206,127,11,138,344
12/05/2014,CRQ,CA,AWP,WE,Towers with Radar,0,33,107,0,140,0,2,110,0,112,0,35,217,0,252,146,0,146,398
12/06/2014,CRQ,CA,AWP,WE,Towers with Radar,0,24,108,0,132,0,0,151,0,151,0,24,259,0,283,172,0,172,455
12/07/2014,CRQ,CA,AWP,WE,Towers with Radar,0,27,86,0,113,0,2,125,0,127,0,29,211,0,240,75,0,75,315
12/08/2014,CRQ,CA,AWP,WE,Towers with Radar,0,20,53,1,74,0,4,123,1,128,0,24,176,2,202,233,2,235,437
12/09/2014,CRQ,CA,AWP,WE,Towers with Radar,0,30,75,1,106,0,4,128,1,133,0,34,203,2,239,137,0,137,376
12/10/2014,CRQ,CA,AWP,WE,Towers with Radar,0,28,69,0,97,0,3,76,0,79,0,31,145,0,176,124,0,124,300
12/11/2014,CRQ,CA,AWP,WE,Towers with Radar,0,21,86,0,107,0,2,62,0,64,0,23,148,0,171,113,0,113,284
12/12/2014,CRQ,CA,AWP,WE,Towers with Radar,0,21,41,0,62,0,2,5,0,7,0,23,46,0,69,80,0,80,149
12/13/2014,CRQ,CA,AWP,WE,Towers with Radar,0,15,71,1,87,0,2,101,0,103,0,17,172,1,190,132,1,133,323
12/14/2014,CRQ,CA,AWP,WE,Towers with Radar,0,21,78,3,102,0,1,136,1,138,0,22,214,4,240,123,0,123,363
12/15/2014,CRQ,CA,AWP,WE,Towers with Radar,0,35,85,2,122,0,2,137,0,139,0,37,222,2,261,136,0,136,397
12/16/2014,CRQ,CA,AWP,WE,Towers with Radar,0,15,51,0,66,0,0,45,0,45,0,15,96,0,111,66,0,66,177
12/17/2014,CRQ,CA,AWP,WE,Towers with Radar,0,14,77,4,95,0,1,33,2,36,0,15,110,6,131,120,0,120,251
12/18/2014,CRQ,CA,AWP,WE,Towers with Radar,0,31,84,2,117,0,1,105,0,106,0,32,189,2,223,234,0,234,457
12/19/2014,CRQ,CA,AWP,WE,Towers with Radar,0,30,96,4,130,0,4,129,0,133,0,34,225,4,263,110,0,110,373
12/20/2014,CRQ,CA,AWP,WE,Towers with Radar,0,22,109,0,131,0,1,99,0,100,0,23,208,0,231,134,0,134,365
12/21/2014,CRQ,CA,AWP,WE,Towers with Radar,0,28,67,0,95,0,1,98,0,99,0,29,165,0,194,140,0,140,334
12/22/2014,CRQ,CA,AWP,WE,Towers with Radar,0,24,90,0,114,0,4,135,0,139,0,28,225,0,253,123,0,123,376
12/23/2014,CRQ,CA,AWP,WE,Towers with Radar,0,29,69,0,98,0,0,146,0,146,0,29,215,0,244,145,0,145,389
12/24/2014,CRQ,CA,AWP,WE,Towers with Radar,0,19,36,0,55,0,1,94,0,95,0,20,130,0,150,80,0,80,230
12/25/2014,CRQ,CA,AWP,WE,Towers with Radar,0,20,15,0,35,0,0,23,0,23,0,20,38,0,58,2,0,2,60
12/26/2014,CRQ,CA,AWP,WE,Towers with Radar,0,33,61,0,94,0,0,0,0,0,0,33,61,0,94,0,0,0,94
12/27/2014,CRQ,CA,AWP,WE,Towers with Radar,0,38,66,0,104,0,6,126,0,132,0,44,192,0,236,80,0,80,316
12/28/2014,CRQ,CA,AWP,WE,Towers with Radar,0,28,81,0,109,0,1,113,0,114,0,29,194,0,223,60,0,60,283
12/29/2014,CRQ,CA,AWP,WE,Towers with Radar,0,25,84,2,111,0,6,140,0,146,0,31,224,2,257,90,0,90,347
12/30/2014,CRQ,CA,AWP,WE,Towers with Radar,0,36,84,0,120,0,2,44,0,46,0,38,128,0,166,143,0,143,309
12/31/2014,CRQ,CA,AWP,WE,Towers with Radar,0,24,32,0,56,0,5,53,0,58,0,29,85,0,114,54,0,54,168
01/01/2015,CRQ,CA,AWP,WE,Towers with Radar,0,26,44,0,70,0,0,87,0,87,0,26,131,0,157,98,0,98,255
01/02/2015,CRQ,CA,AWP,WE,Towers with Radar,0,34,88,0,122,0,5,149,0,154,0,39,237,0,276,148,0,148,424
01/03/2015,CRQ,CA,AWP,WE,Towers with Radar,0,26,86,0,112,0,5,173,0,178,0,31,259,0,290,34,0,34,324
01/04/2015,CRQ,CA,AWP,WE,Towers with Radar,0,32,93,0,125,0,2,159,0,161,0,34,252,0,286,119,0,119,405
01/05/2015,CRQ,CA,AWP,WE,Towers with Radar,0,33,74,2,109,0,1,128,0,129,0,34,202,2,238,153,0,153,391
01/06/2015,CRQ,CA,AWP,WE,Towers with Radar,0,24,75,1,100,0,3,107,0,110,0,27,182,1,210,89,0,89,299
01/07/2015,CRQ,CA,AWP,WE,Towers with Radar,0,30,75,0,105,0,4,105,2,111,0,34,180,2,216,95,0,95,311
01/08/2015,CRQ,CA,AWP,WE,Towers with Radar,0,24,75,1,100,0,0,128,0,128,0,24,203,1,228,136,1,137,365
01/09/2015,CRQ,CA,AWP,WE,Towers with Radar,0,23,87,11,121,0,0,1,0,1,0,23,88,11,122,0,0,0,122
01/10/2015,CRQ,CA,AWP,WE,Towers with Radar,0,25,64,0,89,0,5,131,7,143,0,30,195,7,232,170,4,174,406
01/11/2015,CRQ,CA,AWP,WE,Towers with Radar,0,35,72,0,107,0,0,6,0,6,0,35,78,0,113,18,0,18,131
01/12/2015,CRQ,CA,AWP,WE,Towers with Radar,0,29,80,2,111,0,0,59,0,59,0,29,139,2,170,86,0,86,256
01/13/2015,CRQ,CA,AWP,WE,Towers with Radar,1,24,89,4,118,0,0,142,0,142,1,24,231,4,260,142,0,142,402
01/14/2015,CRQ,CA,AWP,WE,Towers with Radar,0,31,77,6,114,0,0,138,1,139,0,31,215,7,253,122,0,122,375
01/15/2015,CRQ,CA,AWP,WE,Towers with Radar,0,32,87,0,119,0,6,162,0,168,0,38,249,0,287,179,0,179,466
01/16/2015,CRQ,CA,AWP,WE,Towers with Radar,0,33,98,1,132,0,4,170,0,174,0,37,268,1,306,138,1,139,445
01/17/2015,CRQ,CA,AWP,WE,Towers with Radar,0,23,45,1,69,0,7,139,0,146,0,30,184,1,215,212,0,212,427
01/18/2015,CRQ,CA,AWP,WE,Towers with Radar,0,23,57,0,80,0,3,138,0,141,0,26,195,0,221,154,0,154,375
01/19/2015,CRQ,CA,AWP,WE,Towers with Radar,0,34,107,1,142,0,1,130,0,131,0,35,237,1,273,304,0,304,577
01/20/2015,CRQ,CA,AWP,WE,Towers with Radar,0,22,113,1,136,0,1,8,0,9,0,23,121,1,145,48,0,48,193
01/21/2015,CRQ,CA,AWP,WE,Towers with Radar,0,37,108,1,146,0,1,98,0,99,0,38,206,1,245,124,1,125,370
01/22/2015,CRQ,CA,AWP,WE,Towers with Radar,0,29,90,0,119,0,1,151,0,152,0,30,241,0,271,135,0,135,406
01/23/2015,CRQ,CA,AWP,WE,Towers with Radar,0,25,89,0,114,0,4,160,0,164,0,29,249,0,278,105,0,105,383
01/24/2015,CRQ,CA,AWP,WE,Towers with Radar,0,22,27,0,49,0,2,119,0,121,0,24,146,0,170,105,0,105,275
01/25/2015,CRQ,CA,AWP,WE,Towers with Radar,0,26,67,4,97,0,3,119,0,122,0,29,186,4,219,127,0,127,346
01/26/2015,CRQ,CA,AWP,WE,Towers with Radar,0,23,57,0,80,0,3,41,0,44,0,26,98,0,124,66,0,66,190
01/27/2015,CRQ,CA,AWP,WE,Towers with Radar,0,30,81,0,111,0,0,120,0,120,0,30,201,0,231,227,1,228,459
01/28/2015,CRQ,CA,AWP,WE,Towers with Radar,0,27,81,2,110,0,0,131,0,131,0,27,212,2,241,144,0,144,385
01/29/2015,CRQ,CA,AWP,WE,Towers with Radar,0,35,103,5,143,0,0,119,1,120,0,35,222,6,263,189,1,190,453
01/30/2015,CRQ,CA,AWP,WE,Towers with Radar,0,35,73,0,108,0,4,100,0,104,0,39,173,0,212,217,0,217,429
01/31/2015,CRQ,CA,AWP,WE,Towers with Radar,0,23,95,0,118,0,1,96,0,97,0,24,191,0,215,101,0,101,316
02/01/2015,CRQ,CA,AWP,WE,Towers with Radar,0,35,61,0,96,0,6,142,0,148,0,41,203,0,244,81,0,81,325
02/02/2015,CRQ,CA,AWP,WE,Towers with Radar,0,30,78,0,108,0,1,91,0,92,0,31,169,0,200,149,0,149,349
02/03/2015,CRQ,CA,AWP,WE,Towers with Radar,0,27,70,1,98,0,3,97,0,100,0,30,167,1,198,137,0,137,335
02/04/2015,CRQ,CA,AWP,WE,Towers with Radar,0,37,82,0,119,0,3,117,0,120,0,40,199,0,239,80,0,80,319
02/05/2015,CRQ,CA,AWP,WE,Towers with Radar,0,28,80,2,110,0,2,74,0,76,0,30,154,2,186,55,0,55,241
02/06/2015,CRQ,CA,AWP,WE,Towers with Radar,0,24,71,3,98,0,0,111,0,111,0,24,182,3,209,148,0,148,357
02/07/2015,CRQ,CA,AWP,WE,Towers with Radar,0,25,58,1,84,0,5,153,31,189,0,30,211,32,273,119,0,119,392
02/08/2015,CRQ,CA,AWP,WE,Towers with Radar,0,30,58,2,90,0,3,145,1,149,0,33,203,3,239,115,0,115,354
02/09/2015,CRQ,CA,AWP,WE,Towers with Radar,0,26,53,0,79,0,0,80,2,82,0,26,133,2,161,135,0,135,296
02/10/2015,CRQ,CA,AWP,WE,Towers with Radar,0,38,75,2,115,0,1,136,0,137,0,39,211,2,252,103,0,103,355
02/11/2015,CRQ,CA,AWP,WE,Towers with Radar,0,25,78,2,105,0,2,99,2,103,0,27,177,4,208,142,2,144,352
02/12/2015,CRQ,CA,AWP,WE,Towers with Radar,0,30,71,3,104,0,0,113,0,113,0,30,184,3,217,116,0,116,333
02/13/2015,CRQ,CA,AWP,WE,Towers with Radar,0,24,76,0,100,0,5,178,0,183,0,29,254,0,283,134,2,136,419
02/14/2015,CRQ,CA,AWP,WE,Towers with Radar,0,19,60,1,80,0,7,165,0,172,0,26,225,1,252,95,0,95,347
02/15/2015,CRQ,CA,AWP,WE,Towers with Radar,0,23,63,2,88,0,5,148,0,153,0,28,211,2,241,66,6,72,313
02/16/2015,CRQ,CA,AWP,WE,Towers with Radar,0,23,90,2,115,0,0,146,0,146,0,23,236,2,261,108,0,108,369
02/17/2015,CRQ,CA,AWP,WE,Towers with Radar,0,27,78,5,110,0,1,88,4,93,0,28,166,9,203,101,0,101,304
02/18/2015,CRQ,CA,AWP,WE,Towers with Radar,0,29,61,2,92,0,3,80,4,87,0,32,141,6,179,122,0,122,301
02/19/2015,CRQ,CA,AWP,WE,Towers with Radar,0,29,75,1,105,0,0,87,0,87,0,29,162,1,192,158,0,158,350
02/20/2015,CRQ,CA,AWP,WE,Towers with Radar,0,28,112,6,146,0,0,89,0,89,0,28,201,6,235,109,0,109,344
02/21/2015,CRQ,CA,AWP,WE,Towers with Radar,0,15,85,11,111,0,0,75,3,78,0,15,160,14,189,156,0,156,345
02/22/2015,CRQ,CA,AWP,WE,Towers with Radar,0,32,94,9,135,0,0,42,0,42,0,32,136,9,177,132,0,132,309
02/23/2015,CRQ,CA,AWP,WE,Towers with Radar,0,21,80,2,103,0,3,92,0,95,0,24,172,2,198,169,1,170,368
02/24/2015,CRQ,CA,AWP,WE,Towers with Radar,0,35,85,0,120,0,3,111,1,115,0,38,196,1,235,112,5,117,352
02/25/2015,CRQ,CA,AWP,WE,Towers with Radar,0,33,77,4,114,0,4,182,0,186,0,37,259,4,300,198,0,198,498
02/26/2015,CRQ,CA,AWP,WE,Towers with Radar,0,32,91,4,127,0,1,167,0,168,0,33,258,4,295,137,0,137,432
02/27/2015,CRQ,CA,AWP,WE,Towers with Radar,0,23,108,6,137,0,5,59,0,64,0,28,167,6,201,203,0,203,404
02/28/2015,CRQ,CA,AWP,WE,Towers with Radar,0,21,75,1,97,0,0,57,0,57,0,21,132,1,154,55,0,55,209
03/01/2015,CRQ,CA,AWP,WE,Towers with Radar,0,27,52,1,80,0,0,13,0,13,0,27,65,1,93,19,0,19,112
03/02/2015,CRQ,CA,AWP,WE,Towers with Radar,0,23,50,0,73,0,3,21,1,25,0,26,71,1,98,69,0,69,167
03/03/2015,CRQ,CA,AWP,WE,Towers with Radar,0,28,46,0,74,0,3,117,0,120,0,31,163,0,194,112,0,112,306
03/04/2015,CRQ,CA,AWP,WE,Towers with Radar,0,29,51,4,84,0,4,125,2,131,0,33,176,6,215,89,2,91,306
03/05/2015,CRQ,CA,AWP,WE,Towers with Radar,0,36,82,2,120,0,2,222,3,227,0,38,304,5,347,237,0,237,584
03/06/2015,CRQ,CA,AWP,WE,Towers with Radar,0,39,60,4,103,0,3,185,2,190,0,42,245,6,293,148,0,148,441
03/07/2015,CRQ,CA,AWP,WE,Towers with Radar,0,25,69,0,94,0,3,227,0,230,0,28,296,0,324,171,0,171,495
03/08/2015,CRQ,CA,AWP,WE,Towers with Radar,0,35,74,0,109,0,6,147,0,153,0,41,221,0,262,133,0,133,395
03/09/2015,CRQ,CA,AWP,WE,Towers with Radar,0,31,73,9,113,0,1,114,0,115,0,32,187,9,228,148,0,148,376
03/10/2015,CRQ,CA,AWP,WE,Towers with Radar,0,25,91,0,116,0,5,174,0,179,0,30,265,0,295,140,2,142,437
03/11/2015,CRQ,CA,AWP,WE,Towers with Radar,0,31,85,2,118,0,1,134,0,135,0,32,219,2,253,156,0,156,409
03/12/2015,CRQ,CA,AWP,WE,Towers with Radar,0,39,90,6,135,0,0,178,0,178,0,39,268,6,313,200,10,210,523
03/13/2015,CRQ,CA,AWP,WE,Towers with Radar,0,25,81,2,108,0,7,181,0,188,0,32,262,2,296,170,0,170,466
03/14/2015,CRQ,CA,AWP,WE,Towers with Radar,0,17,56,4,77,0,6,162,1,169,0,23,218,5,246,114,0,114,360
03/15/2015,CRQ,CA,AWP,WE,Towers with Radar,0,28,55,0,83,0,4,159,0,163,0,32,214,0,246,128,0,128,374
03/16/2015,CRQ,CA,AWP,WE,Towers with Radar,0,28,67,2,97,0,0,166,2,168,0,28,233,4,265,157,0,157,422
03/17/2015,CRQ,CA,AWP,WE,Towers with Radar,0,27,63,0,90,0,2,141,1,144,0,29,204,1,234,82,0,82,316
03/18/2015,CRQ,CA,AWP,WE,Towers with Radar,0,32,83,2,117,0,0,112,0,112,0,32,195,2,229,102,3,105,334
03/19/2015,CRQ,CA,AWP,WE,Towers with Radar,0,38,75,0,113,0,2,134,2,138,0,40,209,2,251,176,0,176,427
03/20/2015,CRQ,CA,AWP,WE,Towers with Radar,0,30,97,0,127,0,2,162,0,164,0,32,259,0,291,89,0,89,380
03/21/2015,CRQ,CA,AWP,WE,Towers with Radar,0,22,101,2,125,0,3,130,0,133,0,25,231,2,258,106,0,106,364
03/22/2015,CRQ,CA,AWP,WE,Towers with Radar,0,25,64,6,95,0,2,134,1,137,0,27,198,7,232,129,2,131,363
03/23/2015,CRQ,CA,AWP,WE,Towers with Radar,0,29,98,4,131,0,3,118,2,123,0,32,216,6,254,119,0,119,373
03/24/2015,CRQ,CA,AWP,WE,Towers with Radar,0,30,89,0,119,0,8,148,0,156,0,38,237,0,275,155,2,157,432
03/25/2015,CRQ,CA,AWP,WE,Towers with Radar,0,33,75,1,109,0,5,176,0,181,0,38,251,1,290,173,2,175,465
03/26/2015,CRQ,CA,AWP,WE,Towers with Radar,0,38,90,0,128,0,3,242,4,249,0,41,332,4,377,154,0,154,531
03/27/2015,CRQ,CA,AWP,WE,Towers with Radar,0,28,97,2,127,0,6,200,1,207,0,34,297,3,334,86,0,86,420
03/28/2015,CRQ,CA,AWP,WE,Towers with Radar,0,18,73,2,93,0,2,179,0,181,0,20,252,2,274,87,0,87,361
03/29/2015,CRQ,CA,AWP,WE,Towers with Radar,0,29,98,0,127,0,1,152,0,153,0,30,250,0,280,81,0,81,361
03/30/2015,CRQ,CA,AWP,WE,Towers with Radar,0,31,82,3,116,0,1,79,0,80,0,32,161,3,196,58,0,58,254
03/31/2015,CRQ,CA,AWP,WE,Towers with Radar,0,38,89,4,131,0,4,106,2,112,0,42,195,6,243,66,2,68,311
04/01/2015,CRQ,CA,AWP,WE,Towers with Radar,0,41,105,7,153,0,4,136,1,141,0,45,241,8,294,178,6,184,478
04/02/2015,CRQ,CA,AWP,WE,Towers with Radar,0,36,110,0,146,0,0,157,1,158,0,36,267,1,304,121,0,121,425
04/03/2015,CRQ,CA,AWP,WE,Towers with Radar,0,31,112,0,143,0,3,189,0,192,0,34,301,0,335,135,4,139,474
04/04/2015,CRQ,CA,AWP,WE,Towers with Radar,0,24,67,0,91,0,0,185,0,185,0,24,252,0,276,141,0,141,417
04/05/2015,CRQ,CA,AWP,WE,Towers with Radar,0,29,71,0,100,0,2,74,0,76,0,31,145,0,176,112,0,112,288
04/06/2015,CRQ,CA,AWP,WE,Towers with Radar,0,34,82,0,116,0,0,118,0,118,0,34,200,0,234,72,0,72,306
04/07/2015,CRQ,CA,AWP,WE,Towers with Radar,0,25,92,1,118,0,3,169,0,172,0,28,261,1,290,156,0,156,446
04/08/2015,CRQ,CA,AWP,WE,Towers with Radar,0,20,76,0,96,0,0,180,2,182,0,20,256,2,278,211,2,213,491
04/09/2015,CRQ,CA,AWP,WE,Towers with Radar,0,17,92,17,126,0,2,157,5,164,0,19,249,22,290,338,2,340,630
04/10/2015,CRQ,CA,AWP,WE,Towers with Radar,0,31,76,2,109,0,1,133,0,134,0,32,209,2,243,156,0,156,399
04/11/2015,CRQ,CA,AWP,WE,Towers with Radar,0,16,68,2,86,0,1,221,0,222,0,17,289,2,308,201,0,201,509
04/12/2015,CRQ,CA,AWP,WE,Towers with Radar,0,25,54,0,79,0,0,155,0,155,0,25,209,0,234,145,0,145,379
04/13/2015,CRQ,CA,AWP,WE,Towers with Radar,0,23,82,1,106,0,2,103,3,108,0,25,185,4,214,87,1,88,302
04/14/2015,CRQ,CA,AWP,WE,Towers with Radar,0,20,87,0,107,0,6,125,0,131,0,26,212,0,238,152,0,152,390
04/15/2015,CRQ,CA,AWP,WE,Towers with Radar,0,22,77,0,99,0,1,146,2,149,0,23,223,2,248,174,2,176,424
04/16/2015,CRQ,CA,AWP,WE,Towers with Radar,0,25,82,1,108,0,1,136,2,139,0,26,218,3,247,116,0,116,363
04/17/2015,CRQ,CA,AWP,WE,Towers with Radar,0,20,99,4,123,0,6,183,0,189,0,26,282,4,312,145,2,147,459
04/18/2015,CRQ,CA,AWP,WE,Towers with Radar,0,24,70,3,97,0,0,171,0,171,0,24,241,3,268,94,0,94,362
04/19/2015,CRQ,CA,AWP,WE,Towers with Radar,0,16,87,1,104,0,3,124,0,127,0,19,211,1,231,70,0,70,301
04/20/2015,CRQ,CA,AWP,WE,Towers with Radar,0,29,88,6,123,0,3,117,1,121,0,32,205,7,244,111,0,111,355
04/21/2015,CRQ,CA,AWP,WE,Towers with Radar,0,31,140,2,173,0,4,127,0,131,0,35,267,2,304,173,0,173,477
04/22/2015,CRQ,CA,AWP,WE,Towers with Radar,0,15,109,0,124,0,1,93,0,94,0,16,202,0,218,114,0,114,332
04/23/2015,CRQ,CA,AWP,WE,Towers with Radar,0,27,121,6,154,0,0,85,0,85,0,27,206,6,239,152,0,152,391
04/24/2015,CRQ,CA,AWP,WE,Towers with Radar,0,18,131,1,150,0,2,33,0,35,0,20,164,1,185,32,0,32,217
04/25/2015,CRQ,CA,AWP,WE,Towers with Radar,0,10,83,4,97,0,3,63,0,66,0,13,146,4,163,116,2,118,281
04/26/2015,CRQ,CA,AWP,WE,Towers with Radar,0,16,112,2,130,0,2,174,0,176,0,18,286,2,306,160,0,160,466
04/27/2015,CRQ,CA,AWP,WE,Towers with Radar,0,19,69,2,90,0,1,143,1,145,0,20,212,3,235,123,1,124,359
04/28/2015,CRQ,CA,AWP,WE,Towers with Radar,0,26,79,0,105,0,7,156,0,163,0,33,235,0,268,110,0,110,378
04/29/2015,CRQ,CA,AWP,WE,Towers with Radar,0,21,75,1,97,0,2,195,2,199,0,23,270,3,296,230,2,232,528
04/30/2015,CRQ,CA,AWP,WE,Towers with Radar,0,19,81,0,100,0,4,156,0,160,0,23,237,0,260,227,1,228,488
05/01/2015,CRQ,CA,AWP,WE,Towers with Radar,0,28,92,0,120,0,4,194,0,198,0,32,286,0,318,147,16,163,481
05/02/2015,CRQ,CA,AWP,WE,Towers with Radar,0,19,82,0,101,0,1,122,0,123,0,20,204,0,224,129,0,129,353
05/03/2015,CRQ,CA,AWP,WE,Towers with Radar,0,26,105,0,131,0,5,73,0,78,0,31,178,0,209,90,0,90,299
05/04/2015,CRQ,CA,AWP,WE,Towers with Radar,0,22,102,2,126,0,2,43,0,45,0,24,145,2,171,96,4,100,271
05/05/2015,CRQ,CA,AWP,WE,Towers with Radar,0,22,105,6,133,0,10,87,1,98,0,32,192,7,231,95,0,95,326
05/06/2015,CRQ,CA,AWP,WE,Towers with Radar,0,17,106,0,123,0,2,71,0,73,0,19,177,0,196,121,3,124,320
05/07/2015,CRQ,CA,AWP,WE,Towers with Radar,0,22,97,4,123,0,0,50,2,52,0,22,147,6,175,99,2,101,276
05/08/2015,CRQ,CA,AWP,WE,Towers with Radar,0,24,54,1,79,0,0,32,2,34,0,24,86,3,113,115,0,115,228
05/09/2015,CRQ,CA,AWP,WE,Towers with Radar,0,20,77,0,97,0,1,124,0,125,0,21,201,0,222,109,0,109,331
05/10/2015,CRQ,CA,AWP,WE,Towers with Radar,0,14,65,0,79,0,1,152,0,153,0,15,217,0,232,79,0,79,311
05/11/2015,CRQ,CA,AWP,WE,Towers with Radar,0,22,133,1,156,0,0,89,0,89,0,22,222,1,245,104,0,104,349
05/12/2015,CRQ,CA,AWP,WE,Towers with Radar,0,24,117,0,141,0,4,96,0,100,0,28,213,0,241,109,0,109,350
05/13/2015,CRQ,CA,AWP,WE,Towers with Radar,0,23,95,0,118,0,10,152,0,162,0,33,247,0,280,245,0,245,525
05/14/2015,CRQ,CA,AWP,WE,Towers with Radar,0,23,94,0,117,0,2,38,0,40,0,25,132,0,157,153,0,153,310
05/15/2015,CRQ,CA,AWP,WE,Towers with Radar,0,21,83,3,107,0,1,29,0,30,0,22,112,3,137,33,0,33,170
05/16/2015,CRQ,CA,AWP,WE,Towers with Radar,0,17,72,0,89,0,2,57,0,59,0,19,129,0,148,173,0,173,321
05/17/2015,CRQ,CA,AWP,WE,Towers with Radar,0,28,80,0,108,0,3,118,0,121,0,31,198,0,229,148,0,148,377
05/18/2015,CRQ,CA,AWP,WE,Towers with Radar,0,24,105,5,134,0,6,88,0,94,0,30,193,5,228,129,6,135,363
05/19/2015,CRQ,CA,AWP,WE,Towers with Radar,0,21,106,1,128,0,6,155,0,161,0,27,261,1,289,188,2,190,479
05/20/2015,CRQ,CA,AWP,WE,Towers with Radar,0,30,136,0,166,0,5,120,0,125,0,35,256,0,291,174,0,174,465
05/21/2015,CRQ,CA,AWP,WE,Towers with Radar,0,29,112,2,143,0,3,67,0,70,0,32,179,2,213,181,2,183,396
05/22/2015,CRQ,CA,AWP,WE,Towers with Radar,0,35,107,0,142,0,1,96,0,97,0,36,203,0,239,66,0,66,305
05/23/2015,CRQ,CA,AWP,WE,Towers with Radar,0,14,98,0,112,0,1,75,0,76,0,15,173,0,188,155,0,155,343
05/24/2015,CRQ,CA,AWP,WE,Towers with Radar,0,11,95,0,106,0,2,71,0,73,0,13,166,0,179,176,0,176,355
05/25/2015,CRQ,CA,AWP,WE,Towers with Radar,0,25,125,2,152,0,0,28,0,28,0,25,153,2,180,78,0,78,258
05/26/2015,CRQ,CA,AWP,WE,Towers with Radar,0,17,122,0,139,0,3,47,1,51,0,20,169,1,190,93,2,95,285
05/27/2015,CRQ,CA,AWP,WE,Towers with Radar,0,16,150,1,167,0,2,71,0,73,0,18,221,1,240,119,2,121,361
05/28/2015,CRQ,CA,AWP,WE,Towers with Radar,0,22,131,8,161,0,9,107,1,117,0,31,238,9,278,113,6,119,397
05/29/2015,CRQ,CA,AWP,WE,Towers with Radar,0,19,151,2,172,0,1,131,0,132,0,20,282,2,304,57,0,57,361
05/30/2015,CRQ,CA,AWP,WE,Towers with Radar,0,17,142,0,159,0,0,20,0,20,0,17,162,0,179,18,0,18,197
05/31/2015,CRQ,CA,AWP,WE,Towers with Radar,0,23,149,6,178,0,1,60,0,61,0,24,209,6,239,8,0,8,247
06/01/2015,CRQ,CA,AWP,WE,Towers with Radar,0,22,74,3,99,0,4,107,0,111,0,26,181,3,210,149,0,149,359
06/02/2015,CRQ,CA,AWP,WE,Towers with Radar,0,19,118,2,139,0,2,106,0,108,0,21,224,2,247,82,0,82,329
06/03/2015,CRQ,CA,AWP,WE,Towers with Radar,0,19,87,3,109,0,1,110,0,111,0,20,197,3,220,79,0,79,299
06/04/2015,CRQ,CA,AWP,WE,Towers with Radar,0,32,87,4,123,0,22,74,1,97,0,54,161,5,220,98,0,98,318
06/05/2015,CRQ,CA,AWP,WE,Towers with Radar,0,28,94,0,122,0,3,102,0,105,0,31,196,0,227,149,0,149,376
06/06/2015,CRQ,CA,AWP,WE,Towers with Radar,0,14,49,0,63,0,3,146,0,149,0,17,195,0,212,126,1,127,339
06/07/2015,CRQ,CA,AWP,WE,Towers with Radar,0,18,85,0,103,0,3,136,0,139,0,21,221,0,242,88,0,88,330
06/08/2015,CRQ,CA,AWP,WE,Towers with Radar,0,27,70,4,101,0,13,114,0,127,0,40,184,4,228,96,0,96,324
06/09/2015,CRQ,CA,AWP,WE,Towers with Radar,0,22,86,0,108,0,7,85,2,94,0,29,171,2,202,66,0,66,268
06/10/2015,CRQ,CA,AWP,WE,Towers with Radar,0,22,162,3,187,0,6,48,0,54,0,28,210,3,241,20,0,20,261
06/11/2015,CRQ,CA,AWP,WE,Towers with Radar,0,25,142,1,168,0,0,33,0,33,0,25,175,1,201,2,1,3,204
06/12/2015,CRQ,CA,AWP,WE,Towers with Radar,0,26,161,6,193,0,1,13,0,14,0,27,174,6,207,64,0,64,271
06/13/2015,CRQ,CA,AWP,WE,Towers with Radar,0,14,110,4,128,0,2,26,0,28,0,16,136,4,156,86,0,86,242
06/14/2015,CRQ,CA,AWP,WE,Towers with Radar,0,13,159,1,173,0,1,48,0,49,0,14,207,1,222,84,0,84,306
06/15/2015,CRQ,CA,AWP,WE,Towers with Radar,0,15,137,0,152,0,0,33,0,33,0,15,170,0,185,21,0,21,206
06/16/2015,CRQ,CA,AWP,WE,Towers with Radar,0,22,106,2,130,0,3,73,0,76,0,25,179,2,206,59,0,59,265
06/17/2015,CRQ,CA,AWP,WE,Towers with Radar,0,24,114,0,138,0,3,75,1,79,0,27,189,1,217,95,4,99,316
06/18/2015,CRQ,CA,AWP,WE,Towers with Radar,0,28,100,2,130,0,0,4,0,4,0,28,104,2,134,0,0,0,134
06/19/2015,CRQ,CA,AWP,WE,Towers with Radar,0,20,87,0,107,0,2,147,3,152,0,22,234,3,259,152,0,152,411
06/20/2015,CRQ,CA,AWP,WE,Towers with Radar,0,10,85,0,95,0,1,157,0,158,0,11,242,0,253,205,0,205,458
06/21/2015,CRQ,CA,AWP,WE,Towers with Radar,0,20,56,0,76,0,3,139,1,143,0,23,195,1,219,103,0,103,322
06/22/2015,CRQ,CA,AWP,WE,Towers with Radar,0,22,115,4,141,0,2,129,0,131,0,24,244,4,272,199,0,199,471
06/23/2015,CRQ,CA,AWP,WE,Towers with Radar,0,16,91,4,111,0,3,111,4,118,0,19,202,8,229,111,4,115,344
06/24/2015,CRQ,CA,AWP,WE,Towers with Radar,0,22,92,3,117,0,3,132,45,180,0,25,224,48,297,131,2,133,430
06/25/2015,CRQ,CA,AWP,WE,Towers with Radar,0,21,84,0,105,0,4,116,0,120,0,25,200,0,225,106,0,106,331
06/26/2015,CRQ,CA,AWP,WE,Towers with Radar,0,22,110,1,133,0,0,136,0,136,0,22,246,1,269,144,0,144,413
06/27/2015,CRQ,CA,AWP,WE,Towers with Radar,0,18,123,4,145,0,3,79,0,82,0,21,202,4,227,39,0,39,266
06/28/2015,CRQ,CA,AWP,WE,Towers with Radar,0,19,90,1,110,0,1,161,0,162,0,20,251,1,272,140,0,140,412
06/29/2015,CRQ,CA,AWP,WE,Towers with Radar,0,17,96,2,115,0,3,94,0,97,0,20,190,2,212,100,1,101,313
06/30/2015,CRQ,CA,AWP,WE,Towers with Radar,1,26,72,2,101,0,2,128,0,130,1,28,200,2,231,176,2,178,409
07/01/2015,CRQ,CA,AWP,WE,Towers with Radar,0,34,114,1,149,0,11,130,0,141,0,45,244,1,290,144,0,144,434
07/02/2015,CRQ,CA,AWP,WE,Towers with Radar,0,25,147,2,174,0,2,111,0,113,0,27,258,2,287,66,0,66,353
07/03/2015,CRQ,CA,AWP,WE,Towers with Radar,0,19,123,2,144,0,1,101,2,104,0,20,224,4,248,84,0,84,332
07/04/2015,CRQ,CA,AWP,WE,Towers with Radar,0,11,66,0,77,0,9,43,2,54,0,20,109,2,131,29,0,29,160
07/05/2015,CRQ,CA,AWP,WE,Towers with Radar,0,27,174,0,201,0,1,11,0,12,0,28,185,0,213,55,0,55,268
07/06/2015,CRQ,CA,AWP,WE,Towers with Radar,0,19,134,0,153,0,5,44,0,49,0,24,178,0,202,52,1,53,255
07/07/2015,CRQ,CA,AWP,WE,Towers with Radar,0,15,131,1,147,0,0,25,0,25,0,15,156,1,172,72,0,72,244
07/08/2015,CRQ,CA,AWP,WE,Towers with Radar,0,25,103,7,135,0,2,102,2,106,0,27,205,9,241,96,0,96,337
07/09/2015,CRQ,CA,AWP,WE,Towers with Radar,0,18,94,0,112,0,1,150,1,152,0,19,244,1,264,140,0,140,404
07/10/2015,CRQ,CA,AWP,WE,Towers with Radar,0,32,111,0,143,0,5,140,0,145,0,37,251,0,288,218,0,218,506
07/11/2015,CRQ,CA,AWP,WE,Towers with Radar,0,26,89,2,117,0,4,143,1,148,0,30,232,3,265,181,0,181,446
07/12/2015,CRQ,CA,AWP,WE,Towers with Radar,0,21,108,0,129,0,0,149,0,149,0,21,257,0,278,74,2,76,354
07/13/2015,CRQ,CA,AWP,WE,Towers with Radar,0,29,66,3,98,0,2,119,0,121,0,31,185,3,219,73,0,73,292
07/14/2015,CRQ,CA,AWP,WE,Towers with Radar,0,27,106,2,135,0,1,100,0,101,0,28,206,2,236,79,0,79,315
07/15/2015,CRQ,CA,AWP,WE,Towers with Radar,0,31,108,2,141,0,1,143,0,144,0,32,251,2,285,140,0,140,425
07/16/2015,CRQ,CA,AWP,WE,Towers with Radar,0,39,115,0,154,0,1,152,0,153,0,40,267,0,307,119,0,119,426
07/17/2015,CRQ,CA,AWP,WE,Towers with Radar,0,28,96,0,124,0,0,15,0,15,0,28,111,0,139,6,0,6,145
07/18/2015,CRQ,CA,AWP,WE,Towers with Radar,0,17,43,0,60,0,0,23,0,23,0,17,66,0,83,28,0,28,111
07/19/2015,CRQ,CA,AWP,WE,Towers with Radar,0,24,82,0,106,0,1,98,0,99,0,25,180,0,205,65,0,65,270
07/20/2015,CRQ,CA,AWP,WE,Towers with Radar,0,17,104,4,125,0,0,85,0,85,0,17,189,4,210,136,0,136,346
07/21/2015,CRQ,CA,AWP,WE,Towers with Radar,0,26,114,4,144,0,1,34,0,35,0,27,148,4,179,33,0,33,212
07/22/2015,CRQ,CA,AWP,WE,Towers with Radar,0,27,119,6,152,0,1,125,2,128,0,28,244,8,280,184,0,184,464
07/23/2015,CRQ,CA,AWP,WE,Towers with Radar,0,25,89,12,126,0,1,132,3,136,0,26,221,15,262,138,0,138,400
07/24/2015,CRQ,CA,AWP,WE,Towers with Radar,0,25,115,2,142,0,3,157,0,160,0,28,272,2,302,195,0,195,497
07/25/2015,CRQ,CA,AWP,WE,Towers with Radar,0,14,62,3,79,0,3,154,1,158,0,17,216,4,237,150,0,150,387
07/26/2015,CRQ,CA,AWP,WE,Towers with Radar,0,21,81,0,102,0,3,113,0,116,0,24,194,0,218,128,0,128,346
07/27/2015,CRQ,CA,AWP,WE,Towers with Radar,0,15,87,0,102,0,3,164,0,167,0,18,251,0,269,145,0,145,414
07/28/2015,CRQ,CA,AWP,WE,Towers with Radar,0,21,91,0,112,0,8,192,0,200,0,29,283,0,312,164,0,164,476
07/29/2015,CRQ,CA,AWP,WE,Towers with Radar,0,25,81,2,108,0,0,126,0,126,0,25,207,2,234,108,0,108,342
07/30/2015,CRQ,CA,AWP,WE,Towers with Radar,0,28,116,0,144,0,0,73,0,73,0,28,189,0,217,146,0,146,363
07/31/2015,CRQ,CA,AWP,WE,Towers with Radar,0,26,102,4,132,0,1,134,2,137,0,27,236,6,269,99,0,99,368
08/01/2015,CRQ,CA,AWP,WE,Towers with Radar,0,19,131,0,150,0,6,85,0,91,0,25,216,0,241,76,0,76,317
08/02/2015,CRQ,CA,AWP,WE,Towers with Radar,0,28,123,1,152,0,3,80,0,83,0,31,203,1,235,110,0,110,345
08/03/2015,CRQ,CA,AWP,WE,Towers with Radar,0,29,69,0,98,0,4,99,2,105,0,33,168,2,203,147,2,149,352
08/04/2015,CRQ,CA,AWP,WE,Towers with Radar,0,21,89,1,111,0,2,133,0,135,0,23,222,1,246,137,4,141,387
08/05/2015,CRQ,CA,AWP,WE,Towers with Radar,2,30,73,0,105,0,7,130,3,140,2,37,203,3,245,180,0,180,425
08/06/2015,CRQ,CA,AWP,WE,Towers with Radar,0,30,101,0,131,0,10,137,1,148,0,40,238,1,279,233,0,233,512
08/07/2015,CRQ,CA,AWP,WE,Towers with Radar,0,35,87,0,122,0,0,139,0,139,0,35,226,0,261,136,0,136,397
08/08/2015,CRQ,CA,AWP,WE,Towers with Radar,0,10,80,0,90,0,1,200,0,201,0,11,280,0,291,188,0,188,479
08/09/2015,CRQ,CA,AWP,WE,Towers with Radar,0,33,91,0,124,0,0,115,0,115,0,33,206,0,239,84,0,84,323
08/10/2015,CRQ,CA,AWP,WE,Towers with Radar,0,23,82,0,105,0,4,122,0,126,0,27,204,0,231,132,0,132,363
08/11/2015,CRQ,CA,AWP,WE,Towers with Radar,0,14,102,6,122,0,7,149,2,158,0,21,251,8,280,186,0,186,466
08/12/2015,CRQ,CA,AWP,WE,Towers with Radar,0,31,85,2,118,0,11,200,0,211,0,42,285,2,329,230,0,230,559
08/13/2015,CRQ,CA,AWP,WE,Towers with Radar,0,42,83,3,128,0,8,191,1,200,0,50,274,4,328,166,2,168,496
08/14/2015,CRQ,CA,AWP,WE,Towers with Radar,0,33,96,2,131,0,5,179,0,184,0,38,275,2,315,163,2,165,480
08/15/2015,CRQ,CA,AWP,WE,Towers with Radar,0,11,66,1,78,0,4,192,0,196,0,15,258,1,274,127,0,127,401
08/16/2015,CRQ,CA,AWP,WE,Towers with Radar,0,25,68,0,93,0,1,178,1,180,0,26,246,1,273,118,1,119,392
08/17/2015,CRQ,CA,AWP,WE,Towers with Radar,0,36,116,1,153,0,1,76,0,77,0,37,192,1,230,91,0,91,321
08/18/2015,CRQ,CA,AWP,WE,Towers with Radar,0,27,105,2,134,0,0,141,0,141,0,27,246,2,275,116,0,116,391
08/19/2015,CRQ,CA,AWP,WE,Towers with Radar,0,30,98,0,128,0,4,143,2,149,0,34,241,2,277,200,0,200,477
08/20/2015,CRQ,CA,AWP,WE,Towers with Radar,0,33,96,1,130,0,3,198,0,201,0,36,294,1,331,140,0,140,471
08/21/2015,CRQ,CA,AWP,WE,Towers with Radar,0,33,102,2,137,0,1,116,0,117,0,34,218,2,254,144,0,144,398
08/22/2015,CRQ,CA,AWP,WE,Towers with Radar,0,16,99,0,115,0,7,128,0,135,0,23,227,0,250,129,1,130,380
08/23/2015,CRQ,CA,AWP,WE,Towers with Radar,0,26,108,0,134,0,0,87,0,87,0,26,195,0,221,85,0,85,306
08/24/2015,CRQ,CA,AWP,WE,Towers with Radar,0,28,100,0,128,0,2,58,0,60,0,30,158,0,188,46,0,46,234
08/25/2015,CRQ,CA,AWP,WE,Towers with Radar,0,23,75,2,100,0,3,70,0,73,0,26,145,2,173,67,0,67,240
08/26/2015,CRQ,CA,AWP,WE,Towers with Radar,0,25,65,0,90,0,4,138,0,142,0,29,203,0,232,138,0,138,370
08/27/2015,CRQ,CA,AWP,WE,Towers with Radar,0,31,70,0,101,0,8,165,0,173,0,39,235,0,274,215,0,215,489
08/28/2015,CRQ,CA,AWP,WE,Towers with Radar,0,28,63,2,93,0,2,160,0,162,0,30,223,2,255,185,0,185,440
08/29/2015,CRQ,CA,AWP,WE,Towers with Radar,0,13,48,2,63,0,4,180,2,186,0,17,228,4,249,98,0,98,347
08/30/2015,CRQ,CA,AWP,WE,Towers with Radar,0,24,82,2,108,0,3,144,1,148,0,27,226,3,256,106,0,106,362
08/31/2015,CRQ,CA,AWP,WE,Towers with Radar,0,20,83,2,105,0,0,90,0,90,0,20,173,2,195,128,0,128,323
09/01/2015,CRQ,CA,AWP,WE,Towers with Radar,0,33,103,0,136,0,7,85,0,92,0,40,188,0,228,105,0,105,333
09/02/2015,CRQ,CA,AWP,WE,Towers with Radar,0,17,91,0,108,0,9,146,0,155,0,26,237,0,263,137,0,137,400
09/03/2015,CRQ,CA,AWP,WE,Towers with Radar,0,25,91,0,116,0,5,118,0,123,0,30,209,0,239,146,0,146,385
09/04/2015,CRQ,CA,AWP,WE,Towers with Radar,0,24,104,0,128,0,0,126,0,126,0,24,230,0,254,97,0,97,351
09/05/2015,CRQ,CA,AWP,WE,Towers with Radar,0,13,82,3,98,0,1,150,0,151,0,14,232,3,249,94,0,94,343
09/06/2015,CRQ,CA,AWP,WE,Towers with Radar,0,18,69,1,88,0,3,137,0,140,0,21,206,1,228,58,0,58,286
09/07/2015,CRQ,CA,AWP,WE,Towers with Radar,0,33,91,0,124,0,1,155,1,157,0,34,246,1,281,160,0,160,441
09/08/2015,CRQ,CA,AWP,WE,Towers with Radar,0,25,82,0,107,0,7,141,2,150,0,32,223,2,257,123,2,125,382
09/09/2015,CRQ,CA,AWP,WE,Towers with Radar,0,24,76,3,103,0,0,152,1,153,0,24,228,4,256,87,0,87,343
09/10/2015,CRQ,CA,AWP,WE,Towers with Radar,0,36,74,0,110,0,5,133,0,138,0,41,207,0,248,101,0,101,349
09/11/2015,CRQ,CA,AWP,WE,Towers with Radar,0,36,94,0,130,0,3,170,1,174,0,39,264,1,304,125,0,125,429
09/12/2015,CRQ,CA,AWP,WE,Towers with Radar,0,20,62,4,86,0,8,147,2,157,0,28,209,6,243,55,2,57,300
09/13/2015,CRQ,CA,AWP,WE,Towers with Radar,0,38,67,0,105,0,1,174,0,175,0,39,241,0,280,35,0,35,315
09/14/2015,CRQ,CA,AWP,WE,Towers with Radar,0,36,72,0,108,0,2,73,0,75,0,38,145,0,183,98,0,98,281
09/15/2015,CRQ,CA,AWP,WE,Towers with Radar,0,16,80,4,100,0,0,0,0,0,0,16,80,4,100,0,0,0,100
09/16/2015,CRQ,CA,AWP,WE,Towers with Radar,0,30,66,1,97,0,4,155,3,162,0,34,221,4,259,139,8,147,406
09/17/2015,CRQ,CA,AWP,WE,Towers with Radar,0,31,71,0,102,0,2,161,2,165,0,33,232,2,267,168,0,168,435
09/18/2015,CRQ,CA,AWP,WE,Towers with Radar,0,33,70,1,104,0,0,149,0,149,0,33,219,1,253,143,0,143,396
09/19/2015,CRQ,CA,AWP,WE,Towers with Radar,0,13,68,2,83,0,1,223,0,224,0,14,291,2,307,208,0,208,515
09/20/2015,CRQ,CA,AWP,WE,Towers with Radar,0,31,59,1,91,0,1,167,1,169,0,32,226,2,260,192,0,192,452
09/21/2015,CRQ,CA,AWP,WE,Towers with Radar,0,22,60,8,90,0,0,55,2,57,0,22,115,10,147,133,1,134,281
09/22/2015,CRQ,CA,AWP,WE,Towers with Radar,0,21,73,0,94,0,5,102,1,108,0,26,175,1,202,49,0,49,251
09/23/2015,CRQ,CA,AWP,WE,Towers with Radar,0,27,69,2,98,0,2,131,3,136,0,29,200,5,234,73,0,73,307
09/24/2015,CRQ,CA,AWP,WE,Towers with Radar,0,23,95,2,120,0,1,128,0,129,0,24,223,2,249,101,2,103,352
09/25/2015,CRQ,CA,AWP,WE,Towers with Radar,0,22,70,6,98,0,4,164,1,169,0,26,234,7,267,121,2,123,390
09/26/2015,CRQ,CA,AWP,WE,Towers with Radar,0,9,50,4,63,0,1,133,1,135,0,10,183,5,198,104,0,104,302
09/27/2015,CRQ,CA,AWP,WE,Towers with Radar,0,30,82,1,113,0,0,115,1,116,0,30,197,2,229,115,2,117,346
09/28/2015,CRQ,CA,AWP,WE,Towers with Radar,0,23,75,0,98,0,0,101,0,101,0,23,176,0,199,70,0,70,269
09/29/2015,CRQ,CA,AWP,WE,Towers with Radar,0,17,72,1,90,0,4,119,0,123,0,21,191,1,213,143,2,145,358
09/30/2015,CRQ,CA,AWP,WE,Towers with Radar,1,20,80,3,104,0,3,122,2,127,1,23,202,5,231,165,2,167,398
10/01/2015,CRQ,CA,AWP,WE,Towers with Radar,0,33,76,7,116,0,3,118,3,124,0,36,194,10,240,117,5,122,362
10/02/2015,CRQ,CA,AWP,WE,Towers with Radar,0,20,55,4,79,0,3,147,1,151,0,23,202,5,230,141,0,141,371
10/03/2015,CRQ,CA,AWP,WE,Towers with Radar,0,24,58,2,84,0,5,131,0,136,0,29,189,2,220,115,0,115,335
10/04/2015,CRQ,CA,AWP,WE,Towers with Radar,0,17,74,2,93,0,5,29,0,34,0,22,103,2,127,75,0,75,202
10/05/2015,CRQ,CA,AWP,WE,Towers with Radar,0,25,75,2,102,0,2,25,0,27,0,27,100,2,129,54,0,54,183
10/06/2015,CRQ,CA,AWP,WE,Towers with Radar,0,19,76,2,97,0,1,149,0,150,0,20,225,2,247,195,0,195,442
10/07/2015,CRQ,CA,AWP,WE,Towers with Radar,0,22,86,0,108,0,1,146,0,147,0,23,232,0,255,88,0,88,343
10/08/2015,CRQ,CA,AWP,WE,Towers with Radar,0,26,72,0,98,0,7,132,1,140,0,33,204,1,238,223,0,223,461
10/09/2015,CRQ,CA,AWP,WE,Towers with Radar,0,18,60,4,82,0,7,197,0,204,0,25,257,4,286,214,0,214,500
10/10/2015,CRQ,CA,AWP,WE,Towers with Radar,0,6,46,2,54,0,1,134,1,136,0,7,180,3,190,138,1,139,329
10/11/2015,CRQ,CA,AWP,WE,Towers with Radar,0,33,61,4,98,0,7,37,1,45,0,40,98,5,143,0,4,4,147
10/12/2015,CRQ,CA,AWP,WE,Towers with Radar,0,29,66,3,98,0,0,60,2,62,0,29,126,5,160,33,0,33,193
10/13/2015,CRQ,CA,AWP,WE,Towers with Radar,0,23,89,1,113,0,1,154,0,155,0,24,243,1,268,129,0,129,397
10/14/2015,CRQ,CA,AWP,WE,Towers with Radar,0,19,131,3,153,0,4,160,0,164,0,23,291,3,317,128,0,128,445
10/15/2015,CRQ,CA,AWP,WE,Towers with Radar,0,39,156,10,205,0,1,39,0,40,0,40,195,10,245,44,0,44,289
10/16/2015,CRQ,CA,AWP,WE,Towers with Radar,0,24,137,2,163,0,0,14,0,14,0,24,151,2,177,130,0,130,307
10/17/2015,CRQ,CA,AWP,WE,Towers with Radar,0,16,106,0,122,0,0,74,0,74,0,16,180,0,196,98,0,98,294
10/18/2015,CRQ,CA,AWP,WE,Towers with Radar,0,29,142,7,178,0,3,63,0,66,0,32,205,7,244,171,0,171,415
10/19/2015,CRQ,CA,AWP,WE,Towers with Radar,0,16,108,4,128,0,0,130,0,130,0,16,238,4,258,200,0,200,458
10/20/2015,CRQ,CA,AWP,WE,Towers with Radar,0,23,88,3,114,0,3,130,0,133,0,26,218,3,247,182,3,185,432
10/21/2015,CRQ,CA,AWP,WE,Towers with Radar,0,19,107,0,126,0,0,130,0,130,0,19,237,0,256,160,0,160,416
10/22/2015,CRQ,CA,AWP,WE,Towers with Radar,0,25,89,7,121,0,1,199,1,201,0,26,288,8,322,192,0,192,514
10/23/2015,CRQ,CA,AWP,WE,Towers with Radar,0,32,111,1,144,0,7,226,0,233,0,39,337,1,377,188,0,188,565
10/24/2015,CRQ,CA,AWP,WE,Towers with Radar,0,13,83,0,96,0,0,141,2,143,0,13,224,2,239,102,0,102,341
10/25/2015,CRQ,CA,AWP,WE,Towers with Radar,0,30,92,3,125,0,1,128,2,131,0,31,220,5,256,100,0,100,356
10/26/2015,CRQ,CA,AWP,WE,Towers with Radar,0,27,78,0,105,0,2,115,0,117,0,29,193,0,222,190,2,192,414
10/27/2015,CRQ,CA,AWP,WE,Towers with Radar,0,18,71,0,89,0,0,141,0,141,0,18,212,0,230,118,2,120,350
10/28/2015,CRQ,CA,AWP,WE,Towers with Radar,0,28,98,1,127,0,7,172,1,180,0,35,270,2,307,187,2,189,496
10/29/2015,CRQ,CA,AWP,WE,Towers with Radar,0,22,103,1,126,0,3,146,1,150,0,25,249,2,276,159,0,159,435
10/30/2015,CRQ,CA,AWP,WE,Towers with Radar,0,26,78,3,107,0,2,225,0,227,0,28,303,3,334,183,2,185,519
10/31/2015,CRQ,CA,AWP,WE,Towers with Radar,0,13,49,1,63,0,0,203,0,203,0,13,252,1,266,144,0,144,410
11/01/2015,CRQ,CA,AWP,WE,Towers with Radar,0,26,86,1,113,0,4,265,1,270,0,30,351,2,383,138,0,138,521
11/02/2015,CRQ,CA,AWP,WE,Towers with Radar,0,23,98,3,124,0,2,49,0,51,0,25,147,3,175,90,0,90,265
11/03/2015,CRQ,CA,AWP,WE,Towers with Radar,0,19,92,2,113,0,1,95,0,96,0,20,187,2,209,86,0,86,295
11/04/2015,CRQ,CA,AWP,WE,Towers with Radar,0,34,104,1,139,0,2,139,3,144,0,36,243,4,283,162,2,164,447
11/05/2015,CRQ,CA,AWP,WE,Towers with Radar,0,27,97,3,127,0,3,211,0,214,0,30,308,3,341,166,0,166,507
11/06/2015,CRQ,CA,AWP,WE,Towers with Radar,0,28,87,2,117,0,0,183,1,184,0,28,270,3,301,94,0,94,395
11/07/2015,CRQ,CA,AWP,WE,Towers with Radar,0,16,59,2,77,0,2,183,1,186,0,18,242,3,263,102,0,102,365
11/08/2015,CRQ,CA,AWP,WE,Towers with Radar,0,20,106,1,127,0,6,242,0,248,0,26,348,1,375,96,0,96,471
11/09/2015,CRQ,CA,AWP,WE,Towers with Radar,0,28,81,0,109,0,1,47,0,48,0,29,128,0,157,135,0,135,292
11/10/2015,CRQ,CA,AWP,WE,Towers with Radar,0,26,73,1,100,0,4,146,3,153,0,30,219,4,253,119,0,119,372
11/11/2015,CRQ,CA,AWP,WE,Towers with Radar,0,24,84,4,112,0,2,221,0,223,0,26,305,4,335,231,0,231,566
11/12/2015,CRQ,CA,AWP,WE,Towers with Radar,0,30,89,2,121,0,2,170,0,172,0,32,259,2,293,205,0,205,498
11/13/2015,CRQ,CA,AWP,WE,Towers with Radar,0,32,85,3,120,0,4,224,1,229,0,36,309,4,349,149,0,149,498
11/14/2015,CRQ,CA,AWP,WE,Towers with Radar,0,17,56,1,74,0,3,172,0,175,0,20,228,1,249,157,0,157,406
11/15/2015,CRQ,CA,AWP,WE,Towers with Radar,0,23,95,0,118,0,1,63,2,66,0,24,158,2,184,94,0,94,278
11/16/2015,CRQ,CA,AWP,WE,Towers with Radar,0,30,72,0,102,0,4,45,0,49,0,34,117,0,151,97,0,97,248
11/17/2015,CRQ,CA,AWP,WE,Towers with Radar,0,26,78,0,104,0,4,138,3,145,0,30,216,3,249,142,0,142,391
11/18/2015,CRQ,CA,AWP,WE,Towers with Radar,0,16,76,2,94,0,1,118,0,119,0,17,194,2,213,143,0,143,356
11/19/2015,CRQ,CA,AWP,WE,Towers with Radar,0,6,25,0,31,0,0,24,4,28,0,6,49,4,59,73,0,73,132
11/20/2015,CRQ,CA,AWP,WE,Towers with Radar,0,31,94,1,126,0,3,139,1,143,0,34,233,2,269,238,0,238,507
11/21/2015,CRQ,CA,AWP,WE,Towers with Radar,0,13,87,2,102,0,1,213,0,214,0,14,300,2,316,180,0,180,496
11/22/2015,CRQ,CA,AWP,WE,Towers with Radar,0,19,75,0,94,0,1,166,1,168,0,20,241,1,262,158,1,159,421
11/23/2015,CRQ,CA,AWP,WE,Towers with Radar,0,16,82,0,98,0,9,124,1,134,0,25,206,1,232,91,0,91,323
11/24/2015,CRQ,CA,AWP,WE,Towers with Radar,0,22,128,3,153,0,1,109,0,110,0,23,237,3,263,85,0,85,348
11/25/2015,CRQ,CA,AWP,WE,Towers with Radar,0,27,110,0,137,0,0,85,0,85,0,27,195,0,222,134,0,134,356
11/26/2015,CRQ,CA,AWP,WE,Towers with Radar,0,12,34,0,46,0,2,40,0,42,0,14,74,0,88,18,0,18,106
11/27/2015,CRQ,CA,AWP,WE,Towers with Radar,0,13,87,0,100,0,0,85,1,86,0,13,172,1,186,41,0,41,227
11/28/2015,CRQ,CA,AWP,WE,Towers with Radar,0,16,73,0,89,0,0,174,0,174,0,16,247,0,263,125,0,125,388
11/29/2015,CRQ,CA,AWP,WE,Towers with Radar,0,34,120,0,154,0,1,185,0,186,0,35,305,0,340,132,0,132,472
11/30/2015,CRQ,CA,AWP,WE,Towers with Radar,0,25,72,0,97,0,0,113,0,113,0,25,185,0,210,70,0,70,280
12/01/2015,CRQ,CA,AWP,WE,Towers with Radar,0,24,67,0,91,0,1,126,0,127,0,25,193,0,218,69,0,69,287
12/02/2015,CRQ,CA,AWP,WE,Towers with Radar,0,17,66,0,83,0,2,152,1,155,0,19,218,1,238,72,2,74,312
12/03/2015,CRQ,CA,AWP,WE,Towers with Radar,0,20,86,0,106,0,1,146,0,147,0,21,232,0,253,226,2,228,481
12/04/2015,CRQ,CA,AWP,WE,Towers with Radar,0,28,103,2,133,0,1,145,2,148,0,29,248,4,281,109,2,111,392
12/05/2015,CRQ,CA,AWP,WE,Towers with Radar,0,20,64,2,86,0,3,176,1,180,0,23,240,3,266,201,0,201,467
12/06/2015,CRQ,CA,AWP,WE,Towers with Radar,0,25,95,0,120,0,3,160,2,165,0,28,255,2,285,116,0,116,401
12/07/2015,CRQ,CA,AWP,WE,Towers with Radar,0,19,81,2,102,0,6,125,0,131,0,25,206,2,233,137,2,139,372
12/08/2015,CRQ,CA,AWP,WE,Towers with Radar,0,13,73,0,86,0,2,128,0,130,0,15,201,0,216,155,0,155,371
12/09/2015,CRQ,CA,AWP,WE,Towers with Radar,0,21,109,0,130,0,2,132,2,136,0,23,241,2,266,102,0,102,368
12/10/2015,CRQ,CA,AWP,WE,Towers with Radar,0,26,140,5,171,0,4,50,2,56,0,30,190,7,227,25,1,26,253
12/11/2015,CRQ,CA,AWP,WE,Towers with Radar,0,24,86,1,111,0,0,28,0,28,0,24,114,1,139,45,0,45,184
12/12/2015,CRQ,CA,AWP,WE,Towers with Radar,0,9,83,0,92,0,4,199,0,203,0,13,282,0,295,96,0,96,391
12/13/2015,CRQ,CA,AWP,WE,Towers with Radar,0,28,88,0,116,0,0,98,2,100,0,28,186,2,216,91,0,91,307
12/14/2015,CRQ,CA,AWP,WE,Towers with Radar,0,24,65,0,89,0,1,80,0,81,0,25,145,0,170,90,0,90,260
12/15/2015,CRQ,CA,AWP,WE,Towers with Radar,0,24,81,2,107,0,4,102,1,107,0,28,183,3,214,45,0,45,259
12/16/2015,CRQ,CA,AWP,WE,Towers with Radar,0,23,93,2,118,0,7,170,2,179,0,30,263,4,297,83,0,83,380
12/17/2015,CRQ,CA,AWP,WE,Towers with Radar,0,26,82,2,110,0,0,144,0,144,0,26,226,2,254,122,1,123,377
12/18/2015,CRQ,CA,AWP,WE,Towers with Radar,0,21,87,1,109,0,1,177,0,178,0,22,264,1,287,247,2,249,536
12/19/2015,CRQ,CA,AWP,WE,Towers with Radar,0,14,115,0,129,0,2,102,0,104,0,16,217,0,233,133,0,133,366
12/20/2015,CRQ,CA,AWP,WE,Towers with Radar,0,14,64,1,79,0,0,140,0,140,0,14,204,1,219,89,0,89,308
12/21/2015,CRQ,CA,AWP,WE,Towers with Radar,0,16,83,2,101,0,1,101,4,106,0,17,184,6,207,103,7,110,317
12/22/2015,CRQ,CA,AWP,WE,Towers with Radar,0,19,45,4,68,0,0,0,0,0,0,19,45,4,68,0,0,0,68
12/23/2015,CRQ,CA,AWP,WE,Towers with Radar,0,18,132,11,161,0,1,60,0,61,0,19,192,11,222,137,2,139,361
12/24/2015,CRQ,CA,AWP,WE,Towers with Radar,0,11,45,0,56,0,3,77,0,80,0,14,122,0,136,105,1,106,242
12/25/2015,CRQ,CA,AWP,WE,Towers with Radar,0,15,13,0,28,0,6,9,0,15,0,21,22,0,43,2,0,2,45
12/26/2015,CRQ,CA,AWP,WE,Towers with Radar,0,19,44,0,63,0,1,72,0,73,0,20,116,0,136,59,0,59,195
12/27/2015,CRQ,CA,AWP,WE,Towers with Radar,0,23,70,1,94,0,1,138,1,140,0,24,208,2,234,143,1,144,378
12/28/2015,CRQ,CA,AWP,WE,Towers with Radar,1,13,70,0,84,0,1,80,2,83,1,14,150,2,167,99,2,101,268
12/29/2015,CRQ,CA,AWP,WE,Towers with Radar,0,20,104,2,126,0,12,142,1,155,0,32,246,3,281,150,1,151,432
12/30/2015,CRQ,CA,AWP,WE,Towers with Radar,0,24,116,0,140,0,4,185,1,190,0,28,301,1,330,115,2,117,447
12/31/2015,CRQ,CA,AWP,WE,Towers with Radar,0,12,87,0,99,0,0,171,0,171,0,12,258,0,270,190,0,190,460
01/01/2016,CRQ,CA,AWP,WE,Towers with Radar,0,18,64,0,82,0,0,126,0,126,0,18,190,0,208,101,0,101,309
01/02/2016,CRQ,CA,AWP,WE,Towers with Radar,0,20,114,0,134,0,0,186,0,186,0,20,300,0,320,153,0,153,473
01/03/2016,CRQ,CA,AWP,WE,Towers with Radar,0,24,95,0,119,0,4,112,0,116,0,28,207,0,235,198,0,198,433
01/04/2016,CRQ,CA,AWP,WE,Towers with Radar,0,16,73,0,89,0,1,30,0,31,0,17,103,0,120,97,0,97,217
01/05/2016,CRQ,CA,AWP,WE,Towers with Radar,0,28,49,1,78,0,0,0,0,0,0,28,49,1,78,0,0,0,78
01/06/2016,CRQ,CA,AWP,WE,Towers with Radar,0,21,41,0,62,0,0,10,0,10,0,21,51,0,72,59,0,59,131
01/07/2016,CRQ,CA,AWP,WE,Towers with Radar,0,14,78,1,93,0,0,34,0,34,0,14,112,1,127,134,0,134,261
01/08/2016,CRQ,CA,AWP,WE,Towers with Radar,0,21,91,0,112,0,0,135,0,135,0,21,226,0,247,109,0,109,356
01/09/2016,CRQ,CA,AWP,WE,Towers with Radar,0,13,82,5,100,0,1,175,0,176,0,14,257,5,276,174,0,174,450
01/10/2016,CRQ,CA,AWP,WE,Towers with Radar,0,23,94,0,117,0,0,50,1,51,0,23,144,1,168,147,0,147,315
01/11/2016,CRQ,CA,AWP,WE,Towers with Radar,0,28,90,2,120,0,0,133,2,135,0,28,223,4,255,175,0,175,430
01/12/2016,CRQ,CA,AWP,WE,Towers with Radar,0,19,122,2,143,0,0,157,0,157,0,19,279,2,300,105,2,107,407
01/13/2016,CRQ,CA,AWP,WE,Towers with Radar,0,33,90,6,129,0,4,140,0,144,0,37,230,6,273,100,14,114,387
01/14/2016,CRQ,CA,AWP,WE,Towers with Radar,0,37,114,0,151,0,2,150,0,152,0,39,264,0,303,164,0,164,467
01/15/2016,CRQ,CA,AWP,WE,Towers with Radar,0,30,127,4,161,0,0,56,2,58,0,30,183,6,219,116,2,118,337
01/16/2016,CRQ,CA,AWP,WE,Towers with Radar,0,10,106,5,121,0,0,174,0,174,0,10,280,5,295,145,0,145,440
01/17/2016,CRQ,CA,AWP,WE,Towers with Radar,0,23,87,0,110,0,0,127,1,128,0,23,214,1,238,107,1,108,346
01/18/2016,CRQ,CA,AWP,WE,Towers with Radar,0,14,157,2,173,0,1,51,0,52,0,15,208,2,225,88,0,88,313
01/19/2016,CRQ,CA,AWP,WE,Towers with Radar,0,23,102,4,129,0,0,74,0,74,0,23,176,4,203,48,2,50,253
01/20/2016,CRQ,CA,AWP,WE,Towers with Radar,0,24,103,0,127,0,3,90,2,95,0,27,193,2,222,106,5,111,333
01/21/2016,CRQ,CA,AWP,WE,Towers with Radar,0,26,74,0,100,0,3,154,2,159,0,29,228,2,259,144,0,144,403
01/22/2016,CRQ,CA,AWP,WE,Towers with Radar,0,18,87,1,106,0,3,174,2,179,0,21,261,3,285,201,0,201,486
01/23/2016,CRQ,CA,AWP,WE,Towers with Radar,0,8,95,4,107,0,1,103,0,104,0,9,198,4,211,171,0,171,382
01/24/2016,CRQ,CA,AWP,WE,Towers with Radar,0,9,72,2,83,0,0,155,0,155,0,9,227,2,238,139,0,139,377
01/25/2016,CRQ,CA,AWP,WE,Towers with Radar,0,20,102,0,122,0,2,161,0,163,0,22,263,0,285,151,0,151,436
01/26/2016,CRQ,CA,AWP,WE,Towers with Radar,0,22,93,0,115,0,2,165,0,167,0,24,258,0,282,189,0,189,471
01/27/2016,CRQ,CA,AWP,WE,Towers with Radar,0,20,78,0,98,0,4,138,0,142,0,24,216,0,240,157,0,157,397
01/28/2016,CRQ,CA,AWP,WE,Towers with Radar,0,25,81,0,106,0,5,178,0,183,0,30,259,0,289,234,0,234,523
01/29/2016,CRQ,CA,AWP,WE,Towers with Radar,0,22,84,0,106,0,0,180,1,181,0,22,264,1,287,128,1,129,416
01/30/2016,CRQ,CA,AWP,WE,Towers with Radar,0,16,106,1,123,0,0,29,6,35,0,16,135,7,158,167,1,168,326
01/31/2016,CRQ,CA,AWP,WE,Towers with Radar,0,20,50,0,70,0,0,1,0,1,0,20,51,0,71,2,0,2,73
02/01/2016,CRQ,CA,AWP,WE,Towers with Radar,0,21,47,0,68,0,1,62,0,63,0,22,109,0,131,119,0,119,250
02/02/2016,CRQ,CA,AWP,WE,Towers with Radar,0,27,87,0,114,0,1,150,0,151,0,28,237,0,265,140,0,140,405
02/03/2016,CRQ,CA,AWP,WE,Towers with Radar,0,21,81,0,102,0,0,198,0,198,0,21,279,0,300,187,10,197,497
02/04/2016,CRQ,CA,AWP,WE,Towers with Radar,0,17,108,4,129,0,4,205,0,209,0,21,313,4,338,169,1,170,508
02/05/2016,CRQ,CA,AWP,WE,Towers with Radar,0,24,97,0,121,0,0,172,0,172,0,24,269,0,293,189,0,189,482
02/06/2016,CRQ,CA,AWP,WE,Towers with Radar,0,12,96,0,108,0,2,272,0,274,0,14,368,0,382,259,0,259,641
02/07/2016,CRQ,CA,AWP,WE,Towers with Radar,0,20,65,0,85,0,3,143,0,146,0,23,208,0,231,244,0,244,475
02/08/2016,CRQ,CA,AWP,WE,Towers with Radar,0,21,66,0,87,0,4,194,0,198,0,25,260,0,285,272,0,272,557
02/09/2016,CRQ,CA,AWP,WE,Towers with Radar,0,18,73,0,91,0,2,165,8,175,0,20,238,8,266,254,0,254,520
02/10/2016,CRQ,CA,AWP,WE,Towers with Radar,0,28,62,2,92,0,8,201,7,216,0,36,263,9,308,207,12,219,527
02/11/2016,CRQ,CA,AWP,WE,Towers with Radar,0,22,98,0,120,0,5,177,0,182,0,27,275,0,302,191,0,191,493
02/12/2016,CRQ,CA,AWP,WE,Towers with Radar,0,20,81,2,103,0,0,222,1,223,0,20,303,3,326,262,2,264,590
02/13/2016,CRQ,CA,AWP,WE,Towers with Radar,0,19,102,0,121,0,1,189,0,190,0,20,291,0,311,232,0,232,543
02/14/2016,CRQ,CA,AWP,WE,Towers with Radar,0,19,81,0,100,0,0,161,0,161,0,19,242,0,261,192,0,192,453
02/15/2016,CRQ,CA,AWP,WE,Towers with Radar,0,14,107,1,122,0,1,165,0,166,0,15,272,1,288,192,0,192,480
02/16/2016,CRQ,CA,AWP,WE,Towers with Radar,0,23,89,2,114,0,0,172,0,172,0,23,261,2,286,187,0,187,473
02/17/2016,CRQ,CA,AWP,WE,Towers with Radar,0,12,90,0,102,0,1,121,2,124,0,13,211,2,226,184,0,184,410
02/18/2016,CRQ,CA,AWP,WE,Towers with Radar,0,20,105,0,125,0,2,63,1,66,0,22,168,1,191,150,0,150,341
02/19/2016,CRQ,CA,AWP,WE,Towers with Radar,0,15,99,1,115,0,3,183,0,186,0,18,282,1,301,110,0,110,411
02/20/2016,CRQ,CA,AWP,WE,Towers with Radar,0,17,86,9,112,0,0,258,1,259,0,17,344,10,371,209,0,209,580
02/21/2016,CRQ,CA,AWP,WE,Towers with Radar,0,10,92,3,105,0,1,176,0,177,0,11,268,3,282,177,0,177,459
02/22/2016,CRQ,CA,AWP,WE,Towers with Radar,0,14,103,0,117,0,2,143,0,145,0,16,246,0,262,173,0,173,435
02/23/2016,CRQ,CA,AWP,WE,Towers with Radar,0,34,78,1,113,0,1,174,2,177,0,35,252,3,290,172,9,181,471
02/24/2016,CRQ,CA,AWP,WE,Towers with Radar,0,20,86,1,107,0,0,175,2,177,0,20,261,3,284,169,0,169,453
02/25/2016,CRQ,CA,AWP,WE,Towers with Radar,0,19,79,0,98,0,5,177,0,182,0,24,256,0,280,175,2,177,457
02/26/2016,CRQ,CA,AWP,WE,Towers with Radar,0,27,76,3,106,0,3,185,0,188,0,30,261,3,294,207,0,207,501
02/27/2016,CRQ,CA,AWP,WE,Towers with Radar,0,6,76,4,86,0,1,207,0,208,0,7,283,4,294,218,0,218,512
02/28/2016,CRQ,CA,AWP,WE,Towers with Radar,0,12,93,3,108,0,2,134,0,136,0,14,227,3,244,106,0,106,350
02/29/2016,CRQ,CA,AWP,WE,Towers with Radar,0,25,82,3,110,0,1,98,0,99,0,26,180,3,209,57,0,57,266
03/01/2016,CRQ,CA,AWP,WE,Towers with Radar,0,20,91,1,112,0,1,94,8,103,0,21,185,9,215,94,0,94,309
03/02/2016,CRQ,CA,AWP,WE,Towers with Radar,0,33,95,0,128,0,3,112,0,115,0,36,207,0,243,158,0,158,401
03/03/2016,CRQ,CA,AWP,WE,Towers with Radar,0,25,98,0,123,0,0,109,0,109,0,25,207,0,232,74,0,74,306
03/04/2016,CRQ,CA,AWP,WE,Towers with Radar,0,23,100,0,123,0,0,116,1,117,0,23,216,1,240,90,0,90,330
03/05/2016,CRQ,CA,AWP,WE,Towers with Radar,0,16,88,2,106,0,1,152,1,154,0,17,240,3,260,180,0,180,440
03/06/2016,CRQ,CA,AWP,WE,Towers with Radar,0,13,84,1,98,0,0,52,0,52,0,13,136,1,150,59,0,59,209
03/07/2016,CRQ,CA,AWP,WE,Towers with Radar,0,19,33,1,53,0,0,2,0,2,0,19,35,1,55,6,0,6,61
03/08/2016,CRQ,CA,AWP,WE,Towers with Radar,0,28,71,0,99,0,0,137,3,140,0,28,208,3,239,84,0,84,323
03/09/2016,CRQ,CA,AWP,WE,Towers with Radar,0,19,82,0,101,0,6,209,2,217,0,25,291,2,318,159,4,163,481
03/10/2016,CRQ,CA,AWP,WE,Towers with Radar,0,34,109,2,145,0,4,200,1,205,0,38,309,3,350,164,8,172,522
03/11/2016,CRQ,CA,AWP,WE,Towers with Radar,0,31,104,0,135,0,0,21,0,21,0,31,125,0,156,52,0,52,208
03/12/2016,CRQ,CA,AWP,WE,Towers with Radar,0,9,96,0,105,0,0,184,0,184,0,9,280,0,289,172,0,172,461
03/13/2016,CRQ,CA,AWP,WE,Towers with Radar,0,22,121,0,143,0,1,130,0,131,0,23,251,0,274,98,0,98,372
03/14/2016,CRQ,CA,AWP,WE,Towers with Radar,0,21,114,6,141,0,1,22,0,23,0,22,136,6,164,50,0,50,214
03/15/2016,CRQ,CA,AWP,WE,Towers with Radar,0,27,106,0,133,0,4,171,3,178,0,31,277,3,311,175,0,175,486
03/16/2016,CRQ,CA,AWP,WE,Towers with Radar,0,24,102,0,126,0,3,173,0,176,0,27,275,0,302,132,8,140,442
03/17/2016,CRQ,CA,AWP,WE,Towers with Radar,0,24,100,2,126,0,1,177,1,179,0,25,277,3,305,176,0,176,481
03/18/2016,CRQ,CA,AWP,WE,Towers with Radar,0,22,84,4,110,0,0,151,0,151,0,22,235,4,261,131,0,131,392
03/19/2016,CRQ,CA,AWP,WE,Towers with Radar,0,13,70,6,89,0,0,130,1,131,0,13,200,7,220,157,0,157,377
03/20/2016,CRQ,CA,AWP,WE,Towers with Radar,0,24,115,4,143,0,1,123,1,125,0,25,238,5,268,166,0,166,434
03/21/2016,CRQ,CA,AWP,WE,Towers with Radar,0,24,109,1,134,0,0,58,0,58,0,24,167,1,192,70,0,70,262
03/22/2016,CRQ,CA,AWP,WE,Towers with Radar,0,22,87,3,112,0,4,103,1,108,0,26,190,4,220,213,0,213,433
03/23/2016,CRQ,CA,AWP,WE,Towers with Radar,0,30,121,4,155,0,4,225,0,229,0,34,346,4,384,222,3,225,609
03/24/2016,CRQ,CA,AWP,WE,Towers with Radar,0,28,83,0,111,0,4,174,0,178,0,32,257,0,289,199,0,199,488
03/25/2016,CRQ,CA,AWP,WE,Towers with Radar,0,23,90,1,114,0,7,204,1,212,0,30,294,2,326,255,1,256,582
03/26/2016,CRQ,CA,AWP,WE,Towers with Radar,0,15,87,1,103,0,1,236,0,237,0,16,323,1,340,198,0,198,538
03/27/2016,CRQ,CA,AWP,WE,Towers with Radar,0,19,95,0,114,0,0,107,0,107,0,19,202,0,221,81,0,81,302
03/28/2016,CRQ,CA,AWP,WE,Towers with Radar,0,29,123,2,154,0,0,45,0,45,0,29,168,2,199,30,0,30,229
03/29/2016,CRQ,CA,AWP,WE,Towers with Radar,0,24,99,0,123,0,2,86,1,89,0,26,185,1,212,124,2,126,338
03/30/2016,CRQ,CA,AWP,WE,Towers with Radar,0,27,114,0,141,0,1,132,0,133,0,28,246,0,274,196,0,196,470
03/31/2016,CRQ,CA,AWP,WE,Towers with Radar,0,30,129,0,159,0,1,153,1,155,0,31,282,1,314,165,1,166,480
04/01/2016,CRQ,CA,AWP,WE,Towers with Radar,0,38,100,1,139,0,1,156,1,158,0,39,256,2,297,180,0,180,477
04/02/2016,CRQ,CA,AWP,WE,Towers with Radar,0,13,84,2,99,0,3,189,0,192,0,16,273,2,291,176,0,176,467
04/03/2016,CRQ,CA,AWP,WE,Towers with Radar,0,19,106,1,126,0,0,153,0,153,0,19,259,1,279,160,1,161,440
04/04/2016,CRQ,CA,AWP,WE,Towers with Radar,0,15,88,5,108,0,0,146,1,147,0,15,234,6,255,114,0,114,369
04/05/2016,CRQ,CA,AWP,WE,Towers with Radar,0,18,92,0,110,0,2,153,4,159,0,20,245,4,269,142,0,142,411
04/06/2016,CRQ,CA,AWP,WE,Towers with Radar,0,24,79,0,103,0,3,160,0,163,0,27,239,0,266,182,0,182,448
04/07/2016,CRQ,CA,AWP,WE,Towers with Radar,0,24,99,2,125,0,4,36,0,40,0,28,135,2,165,55,0,55,220
04/08/2016,CRQ,CA,AWP,WE,Towers with Radar,0,27,118,1,146,0,0,36,0,36,0,27,154,1,182,109,0,109,291
04/09/2016,CRQ,CA,AWP,WE,Towers with Radar,0,11,107,1,119,0,0,61,0,61,0,11,168,1,180,194,0,194,374
04/10/2016,CRQ,CA,AWP,WE,Towers with Radar,0,32,95,0,127,0,1,36,0,37,0,33,131,0,164,105,0,105,269
04/11/2016,CRQ,CA,AWP,WE,Towers with Radar,0,14,90,0,104,0,0,121,1,122,0,14,211,1,226,208,0,208,434
04/12/2016,CRQ,CA,AWP,WE,Towers with Radar,0,17,134,0,151,0,3,141,2,146,0,20,275,2,297,127,0,127,424
04/13/2016,CRQ,CA,AWP,WE,Towers with Radar,0,24,98,0,122,0,1,144,2,147,0,25,242,2,269,159,0,159,428
04/14/2016,CRQ,CA,AWP,WE,Towers with Radar,0,17,124,0,141,0,4,126,1,131,0,21,250,1,272,105,0,105,377
04/15/2016,CRQ,CA,AWP,WE,Towers with Radar,0,19,89,3,111,0,2,144,0,146,0,21,233,3,257,179,3,182,439
04/16/2016,CRQ,CA,AWP,WE,Towers with Radar,0,14,80,5,99,0,0,169,0,169,0,14,249,5,268,168,0,168,436
04/17/2016,CRQ,CA,AWP,WE,Towers with Radar,0,20,97,0,117,0,4,172,2,178,0,24,269,2,295,171,0,171,466
04/18/2016,CRQ,CA,AWP,WE,Towers with Radar,0,19,75,0,94,0,0,146,0,146,0,19,221,0,240,152,0,152,392
04/19/2016,CRQ,CA,AWP,WE,Towers with Radar,0,20,90,0,110,0,0,160,1,161,0,20,250,1,271,150,2,152,423
04/20/2016,CRQ,CA,AWP,WE,Towers with Radar,0,24,107,0,131,0,5,200,1,206,0,29,307,1,337,258,0,258,595
04/21/2016,CRQ,CA,AWP,WE,Towers with Radar,0,22,139,0,161,0,2,158,0,160,0,24,297,0,321,195,0,195,516
04/22/2016,CRQ,CA,AWP,WE,Towers with Radar,0,22,113,0,135,0,3,150,1,154,0,25,263,1,289,163,0,163,452
04/23/2016,CRQ,CA,AWP,WE,Towers with Radar,0,16,70,0,86,0,0,154,0,154,0,16,224,0,240,186,0,186,426
04/24/2016,CRQ,CA,AWP,WE,Towers with Radar,0,23,86,0,109,0,0,182,0,182,0,23,268,0,291,163,0,163,454
04/25/2016,CRQ,CA,AWP,WE,Towers with Radar,0,24,131,0,155,0,2,62,0,64,0,26,193,0,219,145,0,145,364
04/26/2016,CRQ,CA,AWP,WE,Towers with Radar,0,18,90,1,109,0,0,154,4,158,0,18,244,5,267,161,0,161,428
04/27/2016,CRQ,CA,AWP,WE,Towers with Radar,0,18,110,1,129,0,3,132,0,135,0,21,242,1,264,236,0,236,500
04/28/2016,CRQ,CA,AWP,WE,Towers with Radar,0,25,136,0,161,0,1,134,0,135,0,26,270,0,296,333,1,334,630
04/29/2016,CRQ,CA,AWP,WE,Towers with Radar,0,18,116,1,135,0,0,4,0,4,0,18,120,1,139,0,0,0,139
04/30/2016,CRQ,CA,AWP,WE,Towers with Radar,0,12,109,1,122,0,1,133,0,134,0,13,242,1,256,176,0,176,432
05/01/2016,CRQ,CA,AWP,WE,Towers with Radar,0,27,129,1,157,0,1,127,2,130,0,28,256,3,287,162,0,162,449
05/02/2016,CRQ,CA,AWP,WE,Towers with Radar,0,15,102,0,117,0,3,113,2,118,0,18,215,2,235,142,1,143,378
05/03/2016,CRQ,CA,AWP,WE,Towers with Radar,0,18,92,0,110,0,0,166,2,168,0,18,258,2,278,109,0,109,387
05/04/2016,CRQ,CA,AWP,WE,Towers with Radar,0,23,123,0,146,0,5,106,0,111,0,28,229,0,257,166,6,172,429
05/05/2016,CRQ,CA,AWP,WE,Towers with Radar,0,32,115,2,149,0,13,71,1,85,0,45,186,3,234,337,1,338,572
05/06/2016,CRQ,CA,AWP,WE,Towers with Radar,0,20,105,0,125,0,1,48,0,49,0,21,153,0,174,156,0,156,330
05/07/2016,CRQ,CA,AWP,WE,Towers with Radar,0,14,149,0,163,0,1,4,0,5,0,15,153,0,168,140,0,140,308
05/08/2016,CRQ,CA,AWP,WE,Towers with Radar,0,26,102,0,128,0,0,143,0,143,0,26,245,0,271,149,0,149,420
05/09/2016,CRQ,CA,AWP,WE,Towers with Radar,0,25,133,0,158,0,0,114,0,114,0,25,247,0,272,246,0,246,518
05/10/2016,CRQ,CA,AWP,WE,Towers with Radar,0,22,163,0,185,0,0,106,0,106,0,22,269,0,291,240,0,240,531
05/11/2016,CRQ,CA,AWP,WE,Towers with Radar,0,19,152,0,171,0,0,97,0,97,0,19,249,0,268,66,0,66,334
05/12/2016,CRQ,CA,AWP,WE,Towers with Radar,0,25,154,1,180,0,4,64,0,68,0,29,218,1,248,144,0,144,392
05/13/2016,CRQ,CA,AWP,WE,Towers with Radar,0,22,122,0,144,0,4,103,0,107,0,26,225,0,251,96,0,96,347
05/14/2016,CRQ,CA,AWP,WE,Towers with Radar,0,22,128,0,150,0,1,21,1,23,0,23,149,1,173,66,0,66,239
05/15/2016,CRQ,CA,AWP,WE,Towers with Radar,0,27,133,0,160,0,1,89,1,91,0,28,222,1,251,122,0,122,373
05/16/2016,CRQ,CA,AWP,WE,Towers with Radar,0,22,173,0,195,0,0,18,0,18,0,22,191,0,213,146,3,149,362
05/17/2016,CRQ,CA,AWP,WE,Towers with Radar,0,23,146,0,169,0,5,41,0,46,0,28,187,0,215,143,0,143,358
05/18/2016,CRQ,CA,AWP,WE,Towers with Radar,0,23,137,0,160,0,1,50,0,51,0,24,187,0,211,144,0,144,355
05/19/2016,CRQ,CA,AWP,WE,Towers with Radar,0,20,152,4,176,0,6,63,2,71,0,26,215,6,247,132,0,132,379
05/20/2016,CRQ,CA,AWP,WE,Towers with Radar,0,31,161,2,194,0,2,118,1,121,0,33,279,3,315,180,0,180,495
05/21/2016,CRQ,CA,AWP,WE,Towers with Radar,0,15,110,0,125,0,1,156,9,166,0,16,266,9,291,264,4,268,559
05/22/2016,CRQ,CA,AWP,WE,Towers with Radar,0,17,122,0,139,0,0,142,4,146,0,17,264,4,285,216,2,218,503
05/23/2016,CRQ,CA,AWP,WE,Towers with Radar,0,26,123,1,150,0,1,111,3,115,0,27,234,4,265,189,6,195,460
05/24/2016,CRQ,CA,AWP,WE,Towers with Radar,0,19,130,0,149,0,3,116,1,120,0,22,246,1,269,225,2,227,496
05/25/2016,CRQ,CA,AWP,WE,Towers with Radar,0,16,162,0,178,0,1,183,0,184,0,17,345,0,362,193,0,193,555
05/26/2016,CRQ,CA,AWP,WE,Towers with Radar,0,28,149,0,177,0,0,119,0,119,0,28,268,0,296,176,0,176,472
05/27/2016,CRQ,CA,AWP,WE,Towers with Radar,0,27,129,0,156,0,1,82,0,83,0,28,211,0,239,104,0,104,343
05/28/2016,CRQ,CA,AWP,WE,Towers with Radar,0,12,123,0,135,0,0,49,0,49,0,12,172,0,184,36,0,36,220
05/29/2016,CRQ,CA,AWP,WE,Towers with Radar,0,15,134,0,149,0,4,33,0,37,0,19,167,0,186,234,0,234,420
05/30/2016,CRQ,CA,AWP,WE,Towers with Radar,0,19,119,0,138,0,8,83,0,91,0,27,202,0,229,155,0,155,384
05/31/2016,CRQ,CA,AWP,WE,Towers with Radar,0,23,145,2,170,0,0,17,2,19,0,23,162,4,189,130,0,130,319
06/01/2016,CRQ,CA,AWP,WE,Towers with Radar,0,27,115,0,142,0,3,29,0,32,0,30,144,0,174,27,0,27,201
06/02/2016,CRQ,CA,AWP,WE,Towers with Radar,0,39,120,0,159,0,4,142,0,146,0,43,262,0,305,180,2,182,487
06/03/2016,CRQ,CA,AWP,WE,Towers with Radar,0,22,98,0,120,0,2,134,0,136,0,24,232,0,256,99,1,100,356
06/04/2016,CRQ,CA,AWP,WE,Towers with Radar,0,10,133,1,144,0,0,96,4,100,0,10,229,5,244,66,0,66,310
06/05/2016,CRQ,CA,AWP,WE,Towers with Radar,0,26,110,0,136,0,8,68,0,76,0,34,178,0,212,49,0,49,261
06/06/2016,CRQ,CA,AWP,WE,Towers with Radar,0,22,134,0,156,0,3,88,0,91,0,25,222,0,247,46,0,46,293
06/07/2016,CRQ,CA,AWP,WE,Towers with Radar,0,25,97,3,125,0,1,47,0,48,0,26,144,3,173,71,0,71,244
06/08/2016,CRQ,CA,AWP,WE,Towers with Radar,0,19,95,0,114,0,0,100,0,100,0,19,195,0,214,47,2,49,263
06/09/2016,CRQ,CA,AWP,WE,Towers with Radar,0,20,141,0,161,0,5,50,0,55,0,25,191,0,216,88,1,89,305
06/10/2016,CRQ,CA,AWP,WE,Towers with Radar,0,18,145,8,171,0,0,143,0,143,0,18,288,8,314,120,0,120,434
06/11/2016,CRQ,CA,AWP,WE,Towers with Radar,0,15,131,1,147,0,1,52,0,53,0,16,183,1,200,91,0,91,291
06/12/2016,CRQ,CA,AWP,WE,Towers with Radar,0,19,135,0,154,0,3,120,0,123,0,22,255,0,277,158,0,158,435
06/13/2016,CRQ,CA,AWP,WE,Towers with Radar,0,26,113,2,141,0,1,76,0,77,0,27,189,2,218,52,0,52,270
06/14/2016,CRQ,CA,AWP,WE,Towers with Radar,0,23,120,0,143,0,2,66,0,68,0,25,186,0,211,54,1,55,266
06/15/2016,CRQ,CA,AWP,WE,Towers with Radar,0,26,143,6,175,0,1,207,0,208,0,27,350,6,383,254,4,258,641
06/16/2016,CRQ,CA,AWP,WE,Towers with Radar,0,22,115,0,137,0,9,173,0,182,0,31,288,0,319,243,0,243,562
06/17/2016,CRQ,CA,AWP,WE,Towers with Radar,0,28,93,3,124,0,4,214,0,218,0,32,307,3,342,197,0,197,539
06/18/2016,CRQ,CA,AWP,WE,Towers with Radar,0,17,107,0,124,0,1,172,0,173,0,18,279,0,297,176,0,176,473
06/19/2016,CRQ,CA,AWP,WE,Towers with Radar,0,31,84,0,115,0,7,146,0,153,0,38,230,0,268,162,0,162,430
06/20/2016,CRQ,CA,AWP,WE,Towers with Radar,0,33,75,0,108,0,1,119,1,121,0,34,194,1,229,215,2,217,446
06/21/2016,CRQ,CA,AWP,WE,Towers with Radar,0,30,117,2,149,0,0,156,2,158,0,30,273,4,307,181,2,183,490
06/22/2016,CRQ,CA,AWP,WE,Towers with Radar,0,29,93,0,122,0,2,139,2,143,0,31,232,2,265,86,2,88,353
06/23/2016,CRQ,CA,AWP,WE,Towers with Radar,0,32,91,0,123,0,5,185,1,191,0,37,276,1,314,162,2,164,478
06/24/2016,CRQ,CA,AWP,WE,Towers with Radar,0,30,132,0,162,0,2,126,5,133,0,32,258,5,295,132,3,135,430
06/25/2016,CRQ,CA,AWP,WE,Towers with Radar,0,9,97,0,106,0,0,130,0,130,0,9,227,0,236,104,0,104,340
06/26/2016,CRQ,CA,AWP,WE,Towers with Radar,0,26,96,0,122,0,1,177,0,178,0,27,273,0,300,131,0,131,431
06/27/2016,CRQ,CA,AWP,WE,Towers with Radar,0,21,70,6,97,0,7,130,0,137,0,28,200,6,234,149,0,149,383
06/28/2016,CRQ,CA,AWP,WE,Towers with Radar,0,21,91,0,112,0,1,94,0,95,0,22,185,0,207,85,0,85,292
06/29/2016,CRQ,CA,AWP,WE,Towers with Radar,0,30,119,6,155,0,6,187,2,195,0,36,306,8,350,200,2,202,552
06/30/2016,CRQ,CA,AWP,WE,Towers with Radar,0,24,169,3,196,0,2,151,1,154,0,26,320,4,350,180,2,182,532
07/01/2016,CRQ,CA,AWP,WE,Towers with Radar,0,37,143,0,180,0,4,89,0,93,0,41,232,0,273,116,0,116,389
07/02/2016,CRQ,CA,AWP,WE,Towers with Radar,0,24,102,0,126,0,2,163,0,165,0,26,265,0,291,183,0,183,474
07/03/2016,CRQ,CA,AWP,WE,Towers with Radar,0,11,87,0,98,0,8,121,0,129,0,19,208,0,227,112,0,112,339
07/04/2016,CRQ,CA,AWP,WE,Towers with Radar,0,14,42,0,56,0,1,79,0,80,0,15,121,0,136,60,0,60,196
07/05/2016,CRQ,CA,AWP,WE,Towers with Radar,0,38,106,0,144,0,1,130,0,131,0,39,236,0,275,197,0,197,472
07/06/2016,CRQ,CA,AWP,WE,Towers with Radar,0,15,116,0,131,0,4,167,0,171,0,19,283,0,302,150,0,150,452
07/07/2016,CRQ,CA,AWP,WE,Towers with Radar,0,26,132,0,158,0,0,141,3,144,0,26,273,3,302,169,2,171,473
07/08/2016,CRQ,CA,AWP,WE,Towers with Radar,0,32,129,0,161,0,0,188,0,188,0,32,317,0,349,199,2,201,550
07/09/2016,CRQ,CA,AWP,WE,Towers with Radar,0,20,125,0,145,0,1,153,0,154,0,21,278,0,299,156,0,156,455
07/10/2016,CRQ,CA,AWP,WE,Towers with Radar,0,21,130,0,151,0,2,212,0,214,0,23,342,0,365,86,0,86,451
07/11/2016,CRQ,CA,AWP,WE,Towers with Radar,0,26,141,3,170,0,2,108,2,112,0,28,249,5,282,134,0,134,416
07/12/2016,CRQ,CA,AWP,WE,Towers with Radar,0,17,96,1,114,0,0,120,0,120,0,17,216,1,234,148,0,148,382
07/13/2016,CRQ,CA,AWP,WE,Towers with Radar,0,32,133,0,165,0,0,241,0,241,0,32,374,0,406,137,0,137,543
07/14/2016,CRQ,CA,AWP,WE,Towers with Radar,0,24,151,0,175,0,1,217,0,218,0,25,368,0,393,142,0,142,535
07/15/2016,CRQ,CA,AWP,WE,Towers with Radar,0,24,151,1,176,0,0,210,0,210,0,24,361,1,386,137,0,137,523
07/16/2016,CRQ,CA,AWP,WE,Towers with Radar,0,13,106,2,121,0,0,163,0,163,0,13,269,2,284,193,0,193,477
07/17/2016,CRQ,CA,AWP,WE,Towers with Radar,0,23,145,0,168,0,1,187,0,188,0,24,332,0,356,206,0,206,562
07/18/2016,CRQ,CA,AWP,WE,Towers with Radar,0,32,86,2,120,0,2,146,1,149,0,34,232,3,269,191,0,191,460
07/19/2016,CRQ,CA,AWP,WE,Towers with Radar,0,22,84,4,110,0,1,226,6,233,0,23,310,10,343,191,0,191,534
07/20/2016,CRQ,CA,AWP,WE,Towers with Radar,0,30,141,2,173,0,12,234,3,249,0,42,375,5,422,247,1,248,670
07/21/2016,CRQ,CA,AWP,WE,Towers with Radar,0,27,111,0,138,0,6,242,0,248,0,33,353,0,386,208,0,208,594
07/22/2016,CRQ,CA,AWP,WE,Towers with Radar,0,28,103,0,131,0,0,210,0,210,0,28,313,0,341,219,0,219,560
07/23/2016,CRQ,CA,AWP,WE,Towers with Radar,0,14,85,0,99,0,0,171,0,171,0,14,256,0,270,274,0,274,544
07/24/2016,CRQ,CA,AWP,WE,Towers with Radar,0,30,118,2,150,0,4,212,0,216,0,34,330,2,366,137,10,147,513
07/25/2016,CRQ,CA,AWP,WE,Towers with Radar,0,25,114,5,144,0,1,126,0,127,0,26,240,5,271,124,0,124,395
07/26/2016,CRQ,CA,AWP,WE,Towers with Radar,0,20,96,0,116,0,3,146,0,149,0,23,242,0,265,166,0,166,431
07/27/2016,CRQ,CA,AWP,WE,Towers with Radar,0,26,83,6,115,0,5,161,4,170,0,31,244,10,285,147,2,149,434
07/28/2016,CRQ,CA,AWP,WE,Towers with Radar,0,35,126,1,162,0,3,196,0,199,0,38,322,1,361,211,0,211,572
07/29/2016,CRQ,CA,AWP,WE,Towers with Radar,0,28,108,0,136,0,3,179,1,183,0,31,287,1,319,202,0,202,521
07/30/2016,CRQ,CA,AWP,WE,Towers with Radar,0,26,110,0,136,0,5,160,2,167,0,31,270,2,303,186,0,186,489
07/31/2016,CRQ,CA,AWP,WE,Towers with Radar,0,26,112,0,138,0,1,136,0,137,0,27,248,0,275,120,0,120,395
08/01/2016,CRQ,CA,AWP,WE,Towers with Radar,0,18,100,0,118,0,1,139,0,140,0,19,239,0,258,91,0,91,349
08/02/2016,CRQ,CA,AWP,WE,Towers with Radar,0,16,79,0,95,0,0,129,0,129,0,16,208,0,224,272,4,276,500
08/03/2016,CRQ,CA,AWP,WE,Towers with Radar,0,26,112,2,140,0,2,183,0,185,0,28,295,2,325,242,0,242,567
08/04/2016,CRQ,CA,AWP,WE,Towers with Radar,0,27,130,0,157,0,2,166,1,169,0,29,296,1,326,129,1,130,456
08/05/2016,CRQ,CA,AWP,WE,Towers with Radar,0,39,146,0,185,0,6,110,0,116,0,45,256,0,301,198,0,198,499
08/06/2016,CRQ,CA,AWP,WE,Towers with Radar,0,15,118,0,133,0,1,68,0,69,0,16,186,0,202,117,0,117,319
08/07/2016,CRQ,CA,AWP,WE,Towers with Radar,0,25,135,1,161,0,0,127,0,127,0,25,262,1,288,181,0,181,469
08/08/2016,CRQ,CA,AWP,WE,Towers with Radar,0,42,128,0,170,0,5,82,0,87,0,47,210,0,257,74,0,74,331
08/09/2016,CRQ,CA,AWP,WE,Towers with Radar,0,30,126,0,156,0,2,146,0,148,0,32,272,0,304,157,0,157,461
08/10/2016,CRQ,CA,AWP,WE,Towers with Radar,0,20,151,0,171,0,2,195,0,197,0,22,346,0,368,305,0,305,673
08/11/2016,CRQ,CA,AWP,WE,Towers with Radar,0,28,114,0,142,0,7,220,0,227,0,35,334,0,369,234,0,234,603
08/12/2016,CRQ,CA,AWP,WE,Towers with Radar,0,32,106,0,138,0,13,212,1,226,0,45,318,1,364,177,0,177,541
08/13/2016,CRQ,CA,AWP,WE,Towers with Radar,0,22,78,1,101,0,7,201,1,209,0,29,279,2,310,192,0,192,502
08/14/2016,CRQ,CA,AWP,WE,Towers with Radar,0,24,109,1,134,0,3,173,0,176,0,27,282,1,310,137,0,137,447
08/15/2016,CRQ,CA,AWP,WE,Towers with Radar,0,36,115,1,152,0,0,179,5,184,0,36,294,6,336,183,0,183,519
08/16/2016,CRQ,CA,AWP,WE,Towers with Radar,0,23,73,5,101,0,5,150,1,156,0,28,223,6,257,151,0,151,408
08/17/2016,CRQ,CA,AWP,WE,Towers with Radar,0,33,109,3,145,0,2,172,2,176,0,35,281,5,321,212,2,214,535
08/18/2016,CRQ,CA,AWP,WE,Towers with Radar,0,35,133,2,170,0,7,204,0,211,0,42,337,2,381,179,0,179,560
08/19/2016,CRQ,CA,AWP,WE,Towers with Radar,0,40,119,0,159,0,2,227,1,230,0,42,346,1,389,184,0,184,573
08/20/2016,CRQ,CA,AWP,WE,Towers with Radar,0,22,127,0,149,0,1,204,0,205,0,23,331,0,354,216,0,216,570
08/21/2016,CRQ,CA,AWP,WE,Towers with Radar,0,35,113,0,148,0,0,234,0,234,0,35,347,0,382,152,0,152,534
08/22/2016,CRQ,CA,AWP,WE,Towers with Radar,0,34,92,3,129,0,0,120,2,122,0,34,212,5,251,171,0,171,422
08/23/2016,CRQ,CA,AWP,WE,Towers with Radar,0,29,125,7,161,0,3,175,5,183,0,32,300,12,344,152,0,152,496
08/24/2016,CRQ,CA,AWP,WE,Towers with Radar,0,30,126,5,161,0,3,216,12,231,0,33,342,17,392,180,0,180,572
08/25/2016,CRQ,CA,AWP,WE,Towers with Radar,0,30,116,0,146,0,1,136,0,137,0,31,252,0,283,179,0,179,462
08/26/2016,CRQ,CA,AWP,WE,Towers with Radar,0,31,123,0,154,0,9,149,0,158,0,40,272,0,312,145,0,145,457
08/27/2016,CRQ,CA,AWP,WE,Towers with Radar,0,16,131,0,147,0,1,135,0,136,0,17,266,0,283,216,0,216,499
08/28/2016,CRQ,CA,AWP,WE,Towers with Radar,0,25,117,0,142,0,3,195,0,198,0,28,312,0,340,193,0,193,533
08/29/2016,CRQ,CA,AWP,WE,Towers with Radar,0,27,91,0,118,0,3,97,0,100,0,30,188,0,218,164,0,164,382
08/30/2016,CRQ,CA,AWP,WE,Towers with Radar,0,23,99,0,122,0,1,116,0,117,0,24,215,0,239,209,0,209,448
08/31/2016,CRQ,CA,AWP,WE,Towers with Radar,0,25,91,0,116,0,7,90,0,97,0,32,181,0,213,98,0,98,311
09/01/2016,CRQ,CA,AWP,WE,Towers with Radar,0,32,108,5,145,0,1,63,0,64,0,33,171,5,209,96,0,96,305
09/02/2016,CRQ,CA,AWP,WE,Towers with Radar,0,35,139,2,176,0,0,127,2,129,0,35,266,4,305,161,8,169,474
09/03/2016,CRQ,CA,AWP,WE,Towers with Radar,0,12,109,0,121,0,0,175,2,177,0,12,284,2,298,141,0,141,439
09/04/2016,CRQ,CA,AWP,WE,Towers with Radar,0,14,76,0,90,0,0,108,0,108,0,14,184,0,198,73,0,73,271
09/05/2016,CRQ,CA,AWP,WE,Towers with Radar,0,30,118,0,148,0,4,160,0,164,0,34,278,0,312,160,0,160,472
09/06/2016,CRQ,CA,AWP,WE,Towers with Radar,0,34,97,2,133,0,1,123,0,124,0,35,220,2,257,96,0,96,353
09/07/2016,CRQ,CA,AWP,WE,Towers with Radar,0,26,129,1,156,0,2,78,1,81,0,28,207,2,237,46,1,47,284
09/08/2016,CRQ,CA,AWP,WE,Towers with Radar,0,28,128,0,156,0,6,135,0,141,0,34,263,0,297,224,0,224,521
09/09/2016,CRQ,CA,AWP,WE,Towers with Radar,0,24,101,0,125,0,2,162,3,167,0,26,263,3,292,181,0,181,473
09/10/2016,CRQ,CA,AWP,WE,Towers with Radar,0,11,88,0,99,0,2,155,0,157,0,13,243,0,256,180,0,180,436
09/11/2016,CRQ,CA,AWP,WE,Towers with Radar,0,26,134,1,161,0,1,83,0,84,0,27,217,1,245,98,0,98,343
09/12/2016,CRQ,CA,AWP,WE,Towers with Radar,0,15,127,0,142,0,1,68,0,69,0,16,195,0,211,116,10,126,337
09/13/2016,CRQ,CA,AWP,WE,Towers with Radar,0,23,128,0,151,0,2,94,0,96,0,25,222,0,247,107,0,107,354
09/14/2016,CRQ,CA,AWP,WE,Towers with Radar,0,23,88,0,111,0,2,140,3,145,0,25,228,3,256,184,2,186,442
09/15/2016,CRQ,CA,AWP,WE,Towers with Radar,0,32,111,0,143,0,6,171,2,179,0,38,282,2,322,171,0,171,493
09/16/2016,CRQ,CA,AWP,WE,Towers with Radar,0,29,110,0,139,0,1,177,0,178,0,30,287,0,317,175,0,175,492
09/17/2016,CRQ,CA,AWP,WE,Towers with Radar,0,9,75,0,84,0,2,165,0,167,0,11,240,0,251,139,0,139,390
09/18/2016,CRQ,CA,AWP,WE,Towers with Radar,0,24,102,0,126,0,0,122,0,122,0,24,224,0,248,114,0,114,362
09/19/2016,CRQ,CA,AWP,WE,Towers with Radar,0,12,106,0,118,0,1,71,3,75,0,13,177,3,193,89,0,89,282
09/20/2016,CRQ,CA,AWP,WE,Towers with Radar,0,10,90,2,102,0,0,64,0,64,0,10,154,2,166,128,0,128,294
09/21/2016,CRQ,CA,AWP,WE,Towers with Radar,0,20,104,2,126,0,4,70,0,74,0,24,174,2,200,181,0,181,381
09/22/2016,CRQ,CA,AWP,WE,Towers with Radar,0,27,143,1,171,0,6,88,1,95,0,33,231,2,266,132,0,132,398
09/23/2016,CRQ,CA,AWP,WE,Towers with Radar,0,24,88,0,112,0,0,150,0,150,0,24,238,0,262,264,0,264,526
09/24/2016,CRQ,CA,AWP,WE,Towers with Radar,0,16,61,0,77,0,2,185,0,187,0,18,246,0,264,198,0,198,462
09/25/2016,CRQ,CA,AWP,WE,Towers with Radar,0,14,86,0,100,0,0,131,0,131,0,14,217,0,231,192,0,192,423
09/26/2016,CRQ,CA,AWP,WE,Towers with Radar,0,22,87,0,109,0,0,94,0,94,0,22,181,0,203,92,0,92,295
09/27/2016,CRQ,CA,AWP,WE,Towers with Radar,0,11,120,3,134,0,4,170,2,176,0,15,290,5,310,195,2,197,507
09/28/2016,CRQ,CA,AWP,WE,Towers with Radar,0,24,108,0,132,0,2,242,1,245,0,26,350,1,377,278,0,278,655
09/29/2016,CRQ,CA,AWP,WE,Towers with Radar,0,28,118,1,147,0,4,148,0,152,0,32,266,1,299,217,0,217,516
09/30/2016,CRQ,CA,AWP,WE,Towers with Radar,0,22,120,0,142,0,1,164,0,165,0,23,284,0,307,168,0,168,475
10/01/2016,CRQ,CA,AWP,WE,Towers with Radar,0,8,114,0,122,0,2,180,0,182,0,10,294,0,304,186,0,186,490
10/02/2016,CRQ,CA,AWP,WE,Towers with Radar,0,19,105,0,124,0,3,147,0,150,0,22,252,0,274,135,0,135,409
10/03/2016,CRQ,CA,AWP,WE,Towers with Radar,0,13,84,0,97,0,4,117,0,121,0,17,201,0,218,70,0,70,288
10/04/2016,CRQ,CA,AWP,WE,Towers with Radar,0,14,101,0,115,0,6,125,0,131,0,20,226,0,246,134,0,134,380
10/05/2016,CRQ,CA,AWP,WE,Towers with Radar,0,23,101,1,125,0,0,134,7,141,0,23,235,8,266,156,0,156,422
10/06/2016,CRQ,CA,AWP,WE,Towers with Radar,0,12,107,2,121,0,0,173,0,173,0,12,280,2,294,213,0,213,507
10/07/2016,CRQ,CA,AWP,WE,Towers with Radar,0,32,119,0,151,0,0,227,0,227,0,32,346,0,378,206,0,206,584
10/08/2016,CRQ,CA,AWP,WE,Towers with Radar,0,9,90,4,103,0,1,180,4,185,0,10,270,8,288,182,0,182,470
10/09/2016,CRQ,CA,AWP,WE,Towers with Radar,0,12,102,0,114,0,2,185,0,187,0,14,287,0,301,73,0,73,374
10/10/2016,CRQ,CA,AWP,WE,Towers with Radar,0,24,75,0,99,0,1,160,0,161,0,25,235,0,260,173,0,173,433
10/11/2016,CRQ,CA,AWP,WE,Towers with Radar,0,14,117,0,131,0,0,57,4,61,0,14,174,4,192,87,0,87,279
10/12/2016,CRQ,CA,AWP,WE,Towers with Radar,0,17,145,0,162,0,4,119,2,125,0,21,264,2,287,210,0,210,497
10/13/2016,CRQ,CA,AWP,WE,Towers with Radar,0,21,95,2,118,0,0,8,1,9,0,21,103,3,127,2,0,2,129
10/14/2016,CRQ,CA,AWP,WE,Towers with Radar,0,14,130,1,145,0,3,117,0,120,0,17,247,1,265,176,0,176,441
10/15/2016,CRQ,CA,AWP,WE,Towers with Radar,0,9,134,1,144,0,1,138,0,139,0,10,272,1,283,170,0,170,453
10/16/2016,CRQ,CA,AWP,WE,Towers with Radar,0,26,129,0,155,0,1,96,0,97,0,27,225,0,252,78,0,78,330
10/17/2016,CRQ,CA,AWP,WE,Towers with Radar,0,21,151,0,172,0,0,26,0,26,0,21,177,0,198,34,0,34,232
10/18/2016,CRQ,CA,AWP,WE,Towers with Radar,0,19,133,1,153,0,4,186,0,190,0,23,319,1,343,185,10,195,538
10/19/2016,CRQ,CA,AWP,WE,Towers with Radar,0,18,131,0,149,0,5,163,3,171,0,23,294,3,320,210,4,214,534
10/20/2016,CRQ,CA,AWP,WE,Towers with Radar,0,29,100,0,129,0,1,193,1,195,0,30,293,1,324,237,0,237,561
10/21/2016,CRQ,CA,AWP,WE,Towers with Radar,0,34,107,0,141,0,2,207,0,209,0,36,314,0,350,170,0,170,520
10/22/2016,CRQ,CA,AWP,WE,Towers with Radar,0,13,97,4,114,0,0,197,0,197,0,13,294,4,311,136,0,136,447
10/23/2016,CRQ,CA,AWP,WE,Towers with Radar,0,21,112,10,143,0,1,132,0,133,0,22,244,10,276,116,0,116,392
10/24/2016,CRQ,CA,AWP,WE,Towers with Radar,0,16,61,1,78,0,1,32,1,34,0,17,93,2,112,27,0,27,139
10/25/2016,CRQ,CA,AWP,WE,Towers with Radar,0,21,95,0,116,0,0,129,0,129,0,21,224,0,245,147,0,147,392
10/26/2016,CRQ,CA,AWP,WE,Towers with Radar,0,21,105,0,126,0,1,161,2,164,0,22,266,2,290,215,0,215,505
10/27/2016,CRQ,CA,AWP,WE,Towers with Radar,0,14,125,3,142,0,1,155,7,163,0,15,280,10,305,158,0,158,463
10/28/2016,CRQ,CA,AWP,WE,Towers with Radar,0,16,122,5,143,0,0,164,1,165,0,16,286,6,308,167,0,167,475
10/29/2016,CRQ,CA,AWP,WE,Towers with Radar,0,10,84,0,94,0,3,150,0,153,0,13,234,0,247,124,0,124,371
10/30/2016,CRQ,CA,AWP,WE,Towers with Radar,0,14,100,2,116,0,0,59,0,59,0,14,159,2,175,68,0,68,243
10/31/2016,CRQ,CA,AWP,WE,Towers with Radar,0,18,97,1,116,0,0,95,0,95,0,18,192,1,211,120,0,120,331
11/01/2016,CRQ,CA,AWP,WE,Towers with Radar,0,24,111,0,135,0,3,147,0,150,0,27,258,0,285,207,0,207,492
11/02/2016,CRQ,CA,AWP,WE,Towers with Radar,0,18,114,0,132,0,0,140,0,140,0,18,254,0,272,221,2,223,495
11/03/2016,CRQ,CA,AWP,WE,Towers with Radar,0,23,140,0,163,0,7,202,3,212,0,30,342,3,375,151,2,153,528
11/04/2016,CRQ,CA,AWP,WE,Towers with Radar,0,19,93,2,114,0,1,180,1,182,0,20,273,3,296,174,0,174,470
11/05/2016,CRQ,CA,AWP,WE,Towers with Radar,0,8,99,0,107,0,0,167,0,167,0,8,266,0,274,188,0,188,462
11/06/2016,CRQ,CA,AWP,WE,Towers with Radar,0,22,81,1,104,0,2,124,0,126,0,24,205,1,230,102,0,102,332
11/07/2016,CRQ,CA,AWP,WE,Towers with Radar,0,24,75,0,99,0,0,137,2,139,0,24,212,2,238,191,0,191,429
11/08/2016,CRQ,CA,AWP,WE,Towers with Radar,0,18,95,0,113,0,0,173,0,173,0,18,268,0,286,267,0,267,553
11/09/2016,CRQ,CA,AWP,WE,Towers with Radar,0,21,88,0,109,0,4,132,0,136,0,25,220,0,245,240,0,240,485
11/10/2016,CRQ,CA,AWP,WE,Towers with Radar,0,19,94,4,117,0,0,187,0,187,0,19,281,4,304,316,0,316,620
11/11/2016,CRQ,CA,AWP,WE,Towers with Radar,0,25,113,0,138,0,3,182,0,185,0,28,295,0,323,207,0,207,530
11/12/2016,CRQ,CA,AWP,WE,Towers with Radar,0,14,87,0,101,0,1,214,0,215,0,15,301,0,316,196,0,196,512
11/13/2016,CRQ,CA,AWP,WE,Towers with Radar,0,28,84,2,114,0,4,177,0,181,0,32,261,2,295,135,1,136,431
11/14/2016,CRQ,CA,AWP,WE,Towers with Radar,0,33,82,0,115,0,1,146,0,147,0,34,228,0,262,130,0,130,392
11/15/2016,CRQ,CA,AWP,WE,Towers with Radar,0,19,103,2,124,0,0,113,0,113,0,19,216,2,237,74,4,78,315
11/16/2016,CRQ,CA,AWP,WE,Towers with Radar,0,33,146,0,179,0,2,80,0,82,0,35,226,0,261,103,16,119,380
11/17/2016,CRQ,CA,AWP,WE,Towers with Radar,0,34,130,0,164,0,1,181,0,182,0,35,311,0,346,233,0,233,579
11/18/2016,CRQ,CA,AWP,WE,Towers with Radar,0,25,122,0,147,0,0,219,0,219,0,25,341,0,366,275,0,275,641
11/19/2016,CRQ,CA,AWP,WE,Towers with Radar,0,21,85,0,106,0,0,213,1,214,0,21,298,1,320,205,0,205,525
11/20/2016,CRQ,CA,AWP,WE,Towers with Radar,0,10,134,7,151,0,0,70,1,71,0,10,204,8,222,121,0,121,343
11/21/2016,CRQ,CA,AWP,WE,Towers with Radar,0,22,160,0,182,0,0,33,0,33,0,22,193,0,215,112,1,113,328
11/22/2016,CRQ,CA,AWP,WE,Towers with Radar,0,15,135,6,156,0,3,256,0,259,0,18,391,6,415,326,0,326,741
11/23/2016,CRQ,CA,AWP,WE,Towers with Radar,0,20,112,0,132,0,3,132,0,135,0,23,244,0,267,134,0,134,401
11/24/2016,CRQ,CA,AWP,WE,Towers with Radar,0,4,38,0,42,0,2,71,0,73,0,6,109,0,115,117,0,117,232
11/25/2016,CRQ,CA,AWP,WE,Towers with Radar,0,13,94,0,107,0,5,182,0,187,0,18,276,0,294,152,0,152,446
11/26/2016,CRQ,CA,AWP,WE,Towers with Radar,0,19,79,0,98,0,1,53,0,54,0,20,132,0,152,76,0,76,228
11/27/2016,CRQ,CA,AWP,WE,Towers with Radar,0,19,141,0,160,0,2,11,0,13,0,21,152,0,173,2,0,2,175
11/28/2016,CRQ,CA,AWP,WE,Towers with Radar,0,30,130,0,160,0,0,53,0,53,0,30,183,0,213,137,0,137,350
11/29/2016,CRQ,CA,AWP,WE,Towers with Radar,0,18,93,0,111,0,1,167,0,168,0,19,260,0,279,203,0,203,482
11/30/2016,CRQ,CA,AWP,WE,Towers with Radar,0,18,86,0,104,0,1,145,0,146,0,19,231,0,250,189,1,190,440
12/01/2016,CRQ,CA,AWP,WE,Towers with Radar,0,14,137,0,151,0,2,202,2,206,0,16,339,2,357,250,0,250,607
12/02/2016,CRQ,CA,AWP,WE,Towers with Radar,0,20,97,0,117,0,0,123,0,123,0,20,220,0,240,78,0,78,318
12/03/2016,CRQ,CA,AWP,WE,Towers with Radar,0,19,78,0,97,0,1,119,0,120,0,20,197,0,217,134,0,134,351
12/04/2016,CRQ,CA,AWP,WE,Towers with Radar,0,11,99,2,112,0,0,188,0,188,0,11,287,2,300,144,0,144,444
12/05/2016,CRQ,CA,AWP,WE,Towers with Radar,0,20,129,0,149,0,0,118,0,118,0,20,247,0,267,154,0,154,421
12/06/2016,CRQ,CA,AWP,WE,Towers with Radar,0,12,132,0,144,0,0,81,0,81,0,12,213,0,225,179,0,179,404
12/07/2016,CRQ,CA,AWP,WE,Towers with Radar,0,22,129,1,152,0,5,115,1,121,0,27,244,2,273,299,2,301,574
12/08/2016,CRQ,CA,AWP,WE,Towers with Radar,0,28,117,1,146,0,4,161,0,165,0,32,278,1,311,231,0,231,542
12/09/2016,CRQ,CA,AWP,WE,Towers with Radar,0,17,101,3,121,0,2,172,0,174,0,19,273,3,295,188,0,188,483
12/10/2016,CRQ,CA,AWP,WE,Towers with Radar,0,21,104,3,128,0,0,46,0,46,0,21,150,3,174,63,0,63,237
12/11/2016,CRQ,CA,AWP,WE,Towers with Radar,0,20,102,4,126,0,2,88,0,90,0,22,190,4,216,107,0,107,323
12/12/2016,CRQ,CA,AWP,WE,Towers with Radar,0,15,101,0,116,0,2,52,0,54,0,17,153,0,170,113,0,113,283
12/13/2016,CRQ,CA,AWP,WE,Towers with Radar,0,17,93,0,110,0,1,143,0,144,0,18,236,0,254,197,0,197,451
12/14/2016,CRQ,CA,AWP,WE,Towers with Radar,0,24,93,2,119,0,1,153,0,154,0,25,246,2,273,164,0,164,437
12/15/2016,CRQ,CA,AWP,WE,Towers with Radar,0,26,101,2,129,0,0,37,0,37,0,26,138,2,166,83,0,83,249
12/16/2016,CRQ,CA,AWP,WE,Towers with Radar,0,21,61,0,82,0,0,3,0,3,0,21,64,0,85,18,0,18,103
12/17/2016,CRQ,CA,AWP,WE,Towers with Radar,0,25,117,0,142,0,0,193,0,193,0,25,310,0,335,210,0,210,545
12/18/2016,CRQ,CA,AWP,WE,Towers with Radar,0,22,102,0,124,0,1,212,0,213,0,23,314,0,337,286,0,286,623
12/19/2016,CRQ,CA,AWP,WE,Towers with Radar,0,20,73,0,93,0,3,123,0,126,0,23,196,0,219,178,0,178,397
12/20/2016,CRQ,CA,AWP,WE,Towers with Radar,0,14,105,0,119,0,0,175,0,175,0,14,280,0,294,135,0,135,429
12/21/2016,CRQ,CA,AWP,WE,Towers with Radar,0,29,119,1,149,0,3,73,1,77,0,32,192,2,226,188,2,190,416
12/22/2016,CRQ,CA,AWP,WE,Towers with Radar,0,16,63,1,80,0,1,1,0,2,0,17,64,1,82,16,0,16,98
12/23/2016,CRQ,CA,AWP,WE,Towers with Radar,0,19,101,1,121,0,1,11,0,12,0,20,112,1,133,56,0,56,189
12/24/2016,CRQ,CA,AWP,WE,Towers with Radar,0,7,35,0,42,0,2,18,0,20,0,9,53,0,62,34,0,34,96
12/25/2016,CRQ,CA,AWP,WE,Towers with Radar,0,11,10,0,21,0,0,70,0,70,0,11,80,0,91,20,0,20,111
12/26/2016,CRQ,CA,AWP,WE,Towers with Radar,0,25,73,0,98,0,1,179,0,180,0,26,252,0,278,205,0,205,483
12/27/2016,CRQ,CA,AWP,WE,Towers with Radar,0,17,56,0,73,0,0,122,0,122,0,17,178,0,195,156,0,156,351
12/28/2016,CRQ,CA,AWP,WE,Towers with Radar,0,17,88,0,105,0,6,162,0,168,0,23,250,0,273,143,2,145,418
12/29/2016,CRQ,CA,AWP,WE,Towers with Radar,1,19,136,0,156,0,3,176,0,179,1,22,312,0,335,236,0,236,571
12/30/2016,CRQ,CA,AWP,WE,Towers with Radar,0,14,68,0,82,0,0,45,0,45,0,14,113,0,127,108,0,108,235
12/31/2016,CRQ,CA,AWP,WE,Towers with Radar,0,16,49,0,65,0,0,0,0,0,0,16,49,0,65,0,0,0,65
01/01/2017,CRQ,CA,AWP,WE,Towers with Radar,0,17,77,0,94,0,1,73,0,74,0,18,150,0,168,174,0,174,342
01/02/2017,CRQ,CA,AWP,WE,Towers with Radar,0,13,127,0,140,0,0,73,0,73,0,13,200,0,213,276,1,277,490
01/03/2017,CRQ,CA,AWP,WE,Towers with Radar,0,20,117,0,137,0,0,150,0,150,0,20,267,0,287,201,0,201,488
01/04/2017,CRQ,CA,AWP,WE,Towers with Radar,0,16,90,0,106,0,0,138,4,142,0,16,228,4,248,231,0,231,479
01/05/2017,CRQ,CA,AWP,WE,Towers with Radar,0,17,56,0,73,0,0,0,0,0,0,17,56,0,73,0,0,0,73
01/06/2017,CRQ,CA,AWP,WE,Towers with Radar,0,15,129,0,144,0,7,152,0,159,0,22,281,0,303,328,0,328,631
01/07/2017,CRQ,CA,AWP,WE,Towers with Radar,0,7,95,1,103,0,3,191,0,194,0,10,286,1,297,188,0,188,485
01/08/2017,CRQ,CA,AWP,WE,Towers with Radar,0,15,73,1,89,0,0,198,0,198,0,15,271,1,287,175,0,175,462
01/09/2017,CRQ,CA,AWP,WE,Towers with Radar,0,16,65,0,81,0,3,3,0,6,0,19,68,0,87,20,0,20,107
01/10/2017,CRQ,CA,AWP,WE,Towers with Radar,0,13,141,0,154,0,1,57,0,58,0,14,198,0,212,226,0,226,438
01/11/2017,CRQ,CA,AWP,WE,Towers with Radar,0,13,57,1,71,0,0,0,0,0,0,13,57,1,71,0,0,0,71
01/12/2017,CRQ,CA,AWP,WE,Towers with Radar,0,18,63,4,85,0,0,18,2,20,0,18,81,6,105,42,0,42,147
01/13/2017,CRQ,CA,AWP,WE,Towers with Radar,0,22,116,0,138,0,1,93,0,94,0,23,209,0,232,281,0,281,513
01/14/2017,CRQ,CA,AWP,WE,Towers with Radar,0,10,98,0,108,0,1,226,4,231,0,11,324,4,339,230,0,230,569
01/15/2017,CRQ,CA,AWP,WE,Towers with Radar,0,21,115,0,136,0,0,78,0,78,0,21,193,0,214,188,0,188,402
01/16/2017,CRQ,CA,AWP,WE,Towers with Radar,0,21,126,0,147,0,1,195,0,196,0,22,321,0,343,233,0,233,576
01/17/2017,CRQ,CA,AWP,WE,Towers with Radar,0,13,120,0,133,0,0,219,0,219,0,13,339,0,352,187,0,187,539
01/18/2017,CRQ,CA,AWP,WE,Towers with Radar,0,12,152,0,164,0,2,126,0,128,0,14,278,0,292,250,0,250,542
01/19/2017,CRQ,CA,AWP,WE,Towers with Radar,0,15,67,0,82,0,1,19,3,23,0,16,86,3,105,72,0,72,177
01/20/2017,CRQ,CA,AWP,WE,Towers with Radar,0,13,17,1,31,0,0,0,0,0,0,13,17,1,31,0,0,0,31
01/21/2017,CRQ,CA,AWP,WE,Towers with Radar,0,10,82,1,93,0,1,88,0,89,0,11,170,1,182,278,0,278,460
01/22/2017,CRQ,CA,AWP,WE,Towers with Radar,0,10,59,0,69,0,0,7,0,7,0,10,66,0,76,38,0,38,114
01/23/2017,CRQ,CA,AWP,WE,Towers with Radar,0,15,57,0,72,0,0,7,0,7,0,15,64,0,79,8,0,8,87
01/24/2017,CRQ,CA,AWP,WE,Towers with Radar,0,22,90,0,112,0,0,80,0,80,0,22,170,0,192,93,0,93,285
01/25/2017,CRQ,CA,AWP,WE,Towers with Radar,0,11,136,0,147,0,5,195,0,200,0,16,331,0,347,223,0,223,570
01/26/2017,CRQ,CA,AWP,WE,Towers with Radar,0,31,120,2,153,0,0,204,1,205,0,31,324,3,358,320,0,320,678
01/27/2017,CRQ,CA,AWP,WE,Towers with Radar,0,29,86,0,115,0,0,122,1,123,0,29,208,1,238,179,2,181,419
01/28/2017,CRQ,CA,AWP,WE,Towers with Radar,0,9,89,2,100,0,0,205,0,205,0,9,294,2,305,214,0,214,519
01/29/2017,CRQ,CA,AWP,WE,Towers with Radar,0,22,109,0,131,0,0,190,0,190,0,22,299,0,321,246,0,246,567
01/30/2017,CRQ,CA,AWP,WE,Towers with Radar,0,19,82,0,101,0,2,155,0,157,0,21,237,0,258,158,0,158,416
01/31/2017,CRQ,CA,AWP,WE,Towers with Radar,0,18,108,2,128,0,1,206,0,207,0,19,314,2,335,183,0,183,518
02/01/2017,CRQ,CA,AWP,WE,Towers with Radar,0,19,126,3,148,0,8,129,0,137,0,27,255,3,285,219,3,222,507
02/02/2017,CRQ,CA,AWP,WE,Towers with Radar,0,19,90,2,111,0,0,125,3,128,0,19,215,5,239,256,0,256,495
02/03/2017,CRQ,CA,AWP,WE,Towers with Radar,0,16,149,0,165,0,0,96,0,96,0,16,245,0,261,173,0,173,434
02/04/2017,CRQ,CA,AWP,WE,Towers with Radar,0,6,154,2,162,0,0,119,0,119,0,6,273,2,281,179,2,181,462
02/05/2017,CRQ,CA,AWP,WE,Towers with Radar,0,18,101,1,120,0,0,36,0,36,0,18,137,1,156,62,0,62,218
02/06/2017,CRQ,CA,AWP,WE,Towers with Radar,0,16,80,0,96,0,0,0,0,0,0,16,80,0,96,32,0,32,128
02/07/2017,CRQ,CA,AWP,WE,Towers with Radar,0,23,61,0,84,0,2,16,0,18,0,25,77,0,102,14,2,16,118
02/08/2017,CRQ,CA,AWP,WE,Towers with Radar,0,19,112,2,133,0,2,114,0,116,0,21,226,2,249,229,0,229,478
02/09/2017,CRQ,CA,AWP,WE,Towers with Radar,0,7,112,0,119,0,1,60,0,61,0,8,172,0,180,52,0,52,232
02/10/2017,CRQ,CA,AWP,WE,Towers with Radar,0,15,164,0,179,0,0,2,0,2,0,15,166,0,181,8,0,8,189
02/11/2017,CRQ,CA,AWP,WE,Towers with Radar,0,3,87,1,91,0,0,12,1,13,0,3,99,2,104,89,2,91,195
02/12/2017,CRQ,CA,AWP,WE,Towers with Radar,0,17,113,1,131,0,0,240,0,240,0,17,353,1,371,212,0,212,583
02/13/2017,CRQ,CA,AWP,WE,Towers with Radar,0,9,124,5,138,0,0,230,1,231,0,9,354,6,369,285,0,285,654
02/14/2017,CRQ,CA,AWP,WE,Towers with Radar,0,11,113,1,125,0,0,149,0,149,0,11,262,1,274,150,0,150,424
02/15/2017,CRQ,CA,AWP,WE,Towers with Radar,0,9,101,2,112,0,0,210,6,216,0,9,311,8,328,249,0,249,577
02/16/2017,CRQ,CA,AWP,WE,Towers with Radar,0,28,131,0,159,0,4,126,0,130,0,32,257,0,289,211,0,211,500
02/17/2017,CRQ,CA,AWP,WE,Towers with Radar,0,3,24,0,27,0,0,0,0,0,0,3,24,0,27,12,0,12,39
02/18/2017,CRQ,CA,AWP,WE,Towers with Radar,0,8,64,0,72,0,0,18,0,18,0,8,82,0,90,41,0,41,131
02/19/2017,CRQ,CA,AWP,WE,Towers with Radar,0,24,117,1,142,0,2,72,0,74,0,26,189,1,216,156,0,156,372
02/20/2017,CRQ,CA,AWP,WE,Towers with Radar,0,25,131,0,156,0,1,134,0,135,0,26,265,0,291,154,0,154,445
02/21/2017,CRQ,CA,AWP,WE,Towers with Radar,0,14,86,4,104,0,6,147,0,153,0,20,233,4,257,217,0,217,474
02/22/2017,CRQ,CA,AWP,WE,Towers with Radar,0,15,142,2,159,0,0,167,0,167,0,15,309,2,326,226,0,226,552
02/23/2017,CRQ,CA,AWP,WE,Towers with Radar,0,23,84,0,107,0,1,159,0,160,0,24,243,0,267,184,2,186,453
02/24/2017,CRQ,CA,AWP,WE,Towers with Radar,0,11,115,0,126,0,1,218,1,220,0,12,333,1,346,263,0,263,609
02/25/2017,CRQ,CA,AWP,WE,Towers with Radar,0,13,85,2,100,0,0,195,0,195,0,13,280,2,295,183,6,189,484
02/26/2017,CRQ,CA,AWP,WE,Towers with Radar,0,30,95,0,125,0,3,27,0,30,0,33,122,0,155,120,0,120,275
02/27/2017,CRQ,CA,AWP,WE,Towers with Radar,0,13,42,0,55,0,0,0,0,0,0,13,42,0,55,0,0,0,55
02/28/2017,CRQ,CA,AWP,WE,Towers with Radar,0,14,82,0,96,0,0,119,0,119,0,14,201,0,215,249,0,249,464
03/01/2017,CRQ,CA,AWP,WE,Towers with Radar,0,18,126,0,144,0,6,168,0,174,0,24,294,0,318,230,0,230,548
03/02/2017,CRQ,CA,AWP,WE,Towers with Radar,0,19,100,2,121,0,0,163,0,163,0,19,263,2,284,191,0,191,475
03/03/2017,CRQ,CA,AWP,WE,Towers with Radar,0,23,130,0,153,0,0,212,0,212,0,23,342,0,365,186,0,186,551
03/04/2017,CRQ,CA,AWP,WE,Towers with Radar,0,9,94,0,103,0,0,154,0,154,0,9,248,0,257,145,0,145,402
03/05/2017,CRQ,CA,AWP,WE,Towers with Radar,0,44,102,1,147,0,1,45,0,46,0,45,147,1,193,102,0,102,295
03/06/2017,CRQ,CA,AWP,WE,Towers with Radar,0,19,98,0,117,0,0,202,1,203,0,19,300,1,320,199,0,199,519
03/07/2017,CRQ,CA,AWP,WE,Towers with Radar,0,21,74,0,95,0,0,172,0,172,0,21,246,0,267,170,0,170,437
03/08/2017,CRQ,CA,AWP,WE,Towers with Radar,0,27,100,0,127,0,5,205,1,211,0,32,305,1,338,269,0,269,607
03/09/2017,CRQ,CA,AWP,WE,Towers with Radar,0,27,96,0,123,0,2,227,0,229,0,29,323,0,352,317,6,323,675
03/10/2017,CRQ,CA,AWP,WE,Towers with Radar,0,28,75,0,103,0,0,7,0,7,0,28,82,0,110,0,0,0,110
03/11/2017,CRQ,CA,AWP,WE,Towers with Radar,0,12,65,0,77,0,0,6,0,6,0,12,71,0,83,0,0,0,83
03/12/2017,CRQ,CA,AWP,WE,Towers with Radar,0,22,114,1,137,0,0,158,0,158,0,22,272,1,295,151,0,151,446
03/13/2017,CRQ,CA,AWP,WE,Towers with Radar,0,16,81,0,97,0,0,139,0,139,0,16,220,0,236,125,0,125,361
03/14/2017,CRQ,CA,AWP,WE,Towers with Radar,0,11,101,1,113,0,0,200,0,200,0,11,301,1,313,191,9,200,513
03/15/2017,CRQ,CA,AWP,WE,Towers with Radar,0,32,116,4,152,0,4,180,1,185,0,36,296,5,337,131,0,131,468
03/16/2017,CRQ,CA,AWP,WE,Towers with Radar,0,20,110,0,130,0,1,151,0,152,0,21,261,0,282,204,0,204,486
03/17/2017,CRQ,CA,AWP,WE,Towers with Radar,0,24,129,1,154,0,0,178,0,178,0,24,307,1,332,158,0,158,490
03/18/2017,CRQ,CA,AWP,WE,Towers with Radar,0,13,67,2,82,0,0,144,0,144,0,13,211,2,226,145,0,145,371
03/19/2017,CRQ,CA,AWP,WE,Towers with Radar,0,22,122,4,148,0,2,135,0,137,0,24,257,4,285,82,0,82,367
03/20/2017,CRQ,CA,AWP,WE,Towers with Radar,0,16,150,1,167,0,0,102,0,102,0,16,252,1,269,254,0,254,523
03/21/2017,CRQ,CA,AWP,WE,Towers with Radar,0,12,111,1,124,0,2,127,3,132,0,14,238,4,256,226,0,226,482
03/22/2017,CRQ,CA,AWP,WE,Towers with Radar,0,9,90,4,103,0,2,17,0,19,0,11,107,4,122,144,0,144,266
03/23/2017,CRQ,CA,AWP,WE,Towers with Radar,0,17,117,0,134,0,0,197,5,202,0,17,314,5,336,209,0,209,545
03/24/2017,CRQ,CA,AWP,WE,Towers with Radar,0,18,70,0,88,0,0,2,0,2,0,18,72,0,90,0,0,0,90
03/25/2017,CRQ,CA,AWP,WE,Towers with Radar,0,9,114,4,127,0,1,104,0,105,0,10,218,4,232,256,1,257,489
03/26/2017,CRQ,CA,AWP,WE,Towers with Radar,0,8,165,0,173,0,1,149,0,150,0,9,314,0,323,225,0,225,548
03/27/2017,CRQ,CA,AWP,WE,Towers with Radar,0,6,138,0,144,0,0,159,0,159,0,6,297,0,303,257,0,257,560
03/28/2017,CRQ,CA,AWP,WE,Towers with Radar,0,11,107,9,127,0,2,192,2,196,0,13,299,11,323,254,0,254,577
03/29/2017,CRQ,CA,AWP,WE,Towers with Radar,0,18,143,0,161,0,0,267,0,267,0,18,410,0,428,275,4,279,707
03/30/2017,CRQ,CA,AWP,WE,Towers with Radar,0,22,129,2,153,0,4,121,0,125,0,26,250,2,278,232,0,232,510
03/31/2017,CRQ,CA,AWP,WE,Towers with Radar,0,16,112,0,128,0,0,177,0,177,0,16,289,0,305,228,0,228,533
04/01/2017,CRQ,CA,AWP,WE,Towers with Radar,0,5,101,0,106,0,0,196,1,197,0,5,297,1,303,179,0,179,482
04/02/2017,CRQ,CA,AWP,WE,Towers with Radar,0,21,111,0,132,0,0,225,0,225,0,21,336,0,357,182,0,182,539
04/03/2017,CRQ,CA,AWP,WE,Towers with Radar,0,16,111,0,127,0,2,101,0,103,0,18,212,0,230,209,0,209,439
04/04/2017,CRQ,CA,AWP,WE,Towers with Radar,0,16,121,0,137,0,0,174,0,174,0,16,295,0,311,149,0,149,460
04/05/2017,CRQ,CA,AWP,WE,Towers with Radar,0,11,99,0,110,0,1,217,5,223,0,12,316,5,333,263,0,263,596
04/06/2017,CRQ,CA,AWP,WE,Towers with Radar,0,18,114,4,136,0,1,136,1,138,0,19,250,5,274,299,0,299,573
04/07/2017,CRQ,CA,AWP,WE,Towers with Radar,0,20,106,1,127,0,0,179,0,179,0,20,285,1,306,207,0,207,513
04/08/2017,CRQ,CA,AWP,WE,Towers with Radar,0,6,90,2,98,0,1,89,3,93,0,7,179,5,191,105,0,105,296
04/09/2017,CRQ,CA,AWP,WE,Towers with Radar,0,21,95,3,119,0,2,195,0,197,0,23,290,3,316,152,0,152,468
04/10/2017,CRQ,CA,AWP,WE,Towers with Radar,0,29,84,3,116,0,1,155,1,157,0,30,239,4,273,155,0,155,428
04/11/2017,CRQ,CA,AWP,WE,Towers with Radar,0,15,71,1,87,0,0,119,1,120,0,15,190,2,207,111,0,111,318
04/12/2017,CRQ,CA,AWP,WE,Towers with Radar,0,27,90,0,117,0,0,160,0,160,0,27,250,0,277,287,0,287,564
04/13/2017,CRQ,CA,AWP,WE,Towers with Radar,0,24,124,0,148,0,1,151,1,153,0,25,275,1,301,254,0,254,555
04/14/2017,CRQ,CA,AWP,WE,Towers with Radar,0,20,135,3,158,0,0,217,0,217,0,20,352,3,375,269,0,269,644
04/15/2017,CRQ,CA,AWP,WE,Towers with Radar,0,7,81,0,88,0,2,191,0,193,0,9,272,0,281,211,0,211,492
04/16/2017,CRQ,CA,AWP,WE,Towers with Radar,0,19,70,0,89,0,2,134,0,136,0,21,204,0,225,130,0,130,355
04/17/2017,CRQ,CA,AWP,WE,Towers with Radar,0,21,78,4,103,0,1,121,0,122,0,22,199,4,225,144,0,144,369
04/18/2017,CRQ,CA,AWP,WE,Towers with Radar,0,22,129,0,151,0,2,46,1,49,0,24,175,1,200,75,0,75,275
04/19/2017,CRQ,CA,AWP,WE,Towers with Radar,0,22,133,4,159,0,0,200,1,201,0,22,333,5,360,205,0,205,565
04/20/2017,CRQ,CA,AWP,WE,Towers with Radar,0,18,108,2,128,0,4,164,0,168,0,22,272,2,296,283,6,289,585
04/21/2017,CRQ,CA,AWP,WE,Towers with Radar,0,17,90,0,107,0,2,187,0,189,0,19,277,0,296,147,0,147,443
04/22/2017,CRQ,CA,AWP,WE,Towers with Radar,0,10,63,0,73,0,0,192,0,192,0,10,255,0,265,230,0,230,495
04/23/2017,CRQ,CA,AWP,WE,Towers with Radar,0,20,93,6,119,0,0,174,1,175,0,20,267,7,294,88,0,88,382
04/24/2017,CRQ,CA,AWP,WE,Towers with Radar,0,19,118,0,137,0,0,93,2,95,0,19,211,2,232,172,0,172,404
04/25/2017,CRQ,CA,AWP,WE,Towers with Radar,0,8,125,5,138,0,2,105,0,107,0,10,230,5,245,284,0,284,529
04/26/2017,CRQ,CA,AWP,WE,Towers with Radar,0,21,138,0,159,0,4,250,0,254,0,25,388,0,413,228,2,230,643
04/27/2017,CRQ,CA,AWP,WE,Towers with Radar,0,16,178,0,194,0,2,105,0,107,0,18,283,0,301,197,0,197,498
04/28/2017,CRQ,CA,AWP,WE,Towers with Radar,0,22,116,0,138,0,0,131,0,131,0,22,247,0,269,128,0,128,397
04/29/2017,CRQ,CA,AWP,WE,Towers with Radar,0,23,71,1,95,0,1,108,0,109,0,24,179,1,204,106,2,108,312
04/30/2017,CRQ,CA,AWP,WE,Towers with Radar,0,29,96,1,126,0,1,165,0,166,0,30,261,1,292,241,0,241,533
05/01/2017,CRQ,CA,AWP,WE,Towers with Radar,0,22,96,0,118,0,0,170,0,170,0,22,266,0,288,215,0,215,503
05/02/2017,CRQ,CA,AWP,WE,Towers with Radar,0,13,85,0,98,0,0,183,0,183,0,13,268,0,281,232,0,232,513
05/03/2017,CRQ,CA,AWP,WE,Towers with Radar,0,23,107,0,130,0,0,159,0,159,0,23,266,0,289,251,0,251,540
05/04/2017,CRQ,CA,AWP,WE,Towers with Radar,0,28,138,1,167,0,0,190,0,190,0,28,328,1,357,118,0,118,475
05/05/2017,CRQ,CA,AWP,WE,Towers with Radar,0,22,164,0,186,0,0,9,0,9,0,22,173,0,195,19,0,19,214
05/06/2017,CRQ,CA,AWP,WE,Towers with Radar,0,11,109,0,120,0,0,12,2,14,0,11,121,2,134,42,0,42,176
05/07/2017,CRQ,CA,AWP,WE,Towers with Radar,0,26,77,0,103,0,0,7,0,7,0,26,84,0,110,75,0,75,185
05/08/2017,CRQ,CA,AWP,WE,Towers with Radar,0,21,81,0,102,0,0,166,0,166,0,21,247,0,268,204,0,204,472
05/09/2017,CRQ,CA,AWP,WE,Towers with Radar,0,18,153,2,173,0,0,63,2,65,0,18,216,4,238,146,0,146,384
05/10/2017,CRQ,CA,AWP,WE,Towers with Radar,0,24,134,2,160,0,0,42,0,42,0,24,176,2,202,199,0,199,401
05/11/2017,CRQ,CA,AWP,WE,Towers with Radar,0,15,127,1,143,0,4,140,1,145,0,19,267,2,288,284,0,284,572
05/12/2017,CRQ,CA,AWP,WE,Towers with Radar,0,29,138,0,167,0,0,21,0,21,0,29,159,0,188,64,0,64,252
05/13/2017,CRQ,CA,AWP,WE,Towers with Radar,0,11,92,0,103,0,0,229,0,229,0,11,321,0,332,327,0,327,659
05/14/2017,CRQ,CA,AWP,WE,Towers with Radar,0,16,111,0,127,0,2,75,0,77,0,18,186,0,204,101,0,101,305
05/15/2017,CRQ,CA,AWP,WE,Towers with Radar,0,25,134,0,159,0,2,103,0,105,0,27,237,0,264,276,0,276,540
05/16/2017,CRQ,CA,AWP,WE,Towers with Radar,0,19,164,3,186,0,1,152,0,153,0,20,316,3,339,384,0,384,723
05/17/2017,CRQ,CA,AWP,WE,Towers with Radar,0,22,139,0,161,0,0,190,0,190,0,22,329,0,351,322,0,322,673
05/18/2017,CRQ,CA,AWP,WE,Towers with Radar,0,33,124,2,159,0,0,136,0,136,0,33,260,2,295,204,0,204,499
05/19/2017,CRQ,CA,AWP,WE,Towers with Radar,0,23,91,0,114,0,2,259,0,261,0,25,350,0,375,279,0,279,654
05/20/2017,CRQ,CA,AWP,WE,Towers with Radar,0,12,60,0,72,0,0,222,0,222,0,12,282,0,294,245,0,245,539
05/21/2017,CRQ,CA,AWP,WE,Towers with Radar,0,19,91,0,110,0,3,266,0,269,0,22,357,0,379,192,0,192,571
05/22/2017,CRQ,CA,AWP,WE,Towers with Radar,0,32,92,0,124,0,0,146,0,146,0,32,238,0,270,202,0,202,472
05/23/2017,CRQ,CA,AWP,WE,Towers with Radar,0,19,107,0,126,0,0,83,0,83,0,19,190,0,209,227,0,227,436
05/24/2017,CRQ,CA,AWP,WE,Towers with Radar,0,16,110,0,126,0,0,85,0,85,0,16,195,0,211,83,0,83,294
05/25/2017,CRQ,CA,AWP,WE,Towers with Radar,0,25,165,0,190,0,0,142,0,142,0,25,307,0,332,292,2,294,626
05/26/2017,CRQ,CA,AWP,WE,Towers with Radar,0,24,145,4,173,0,1,229,0,230,0,25,374,4,403,317,0,317,720
05/27/2017,CRQ,CA,AWP,WE,Towers with Radar,0,17,99,0,116,0,2,179,0,181,0,19,278,0,297,244,0,244,541
05/28/2017,CRQ,CA,AWP,WE,Towers with Radar,0,10,91,0,101,0,0,133,0,133,0,10,224,0,234,145,0,145,379
05/29/2017,CRQ,CA,AWP,WE,Towers with Radar,0,22,186,0,208,0,0,3,0,3,0,22,189,0,211,0,0,0,211
05/30/2017,CRQ,CA,AWP,WE,Towers with Radar,0,26,152,6,184,0,2,30,0,32,0,28,182,6,216,118,0,118,334
05/31/2017,CRQ,CA,AWP,WE,Towers with Radar,0,14,153,0,167,0,1,26,0,27,0,15,179,0,194,143,0,143,337
06/01/2017,CRQ,CA,AWP,WE,Towers with Radar,0,20,129,0,149,0,0,91,0,91,0,20,220,0,240,186,0,186,426
06/02/2017,CRQ,CA,AWP,WE,Towers with Radar,0,11,137,3,151,0,2,116,0,118,0,13,253,3,269,140,0,140,409
06/03/2017,CRQ,CA,AWP,WE,Towers with Radar,0,15,122,1,138,0,0,2,0,2,0,15,124,1,140,10,0,10,150
06/04/2017,CRQ,CA,AWP,WE,Towers with Radar,0,14,112,0,126,0,0,13,0,13,0,14,125,0,139,19,0,19,158
06/05/2017,CRQ,CA,AWP,WE,Towers with Radar,0,16,129,6,151,0,9,18,0,27,0,25,147,6,178,22,0,22,200
06/06/2017,CRQ,CA,AWP,WE,Towers with Radar,0,15,188,7,210,0,0,4,0,4,0,15,192,7,214,0,0,0,214
06/07/2017,CRQ,CA,AWP,WE,Towers with Radar,0,22,133,4,159,0,0,34,0,34,0,22,167,4,193,99,0,99,292
06/08/2017,CRQ,CA,AWP,WE,Towers with Radar,0,23,185,0,208,0,1,71,1,73,0,24,256,1,281,63,0,63,344
06/09/2017,CRQ,CA,AWP,WE,Towers with Radar,0,27,120,2,149,0,0,136,0,136,0,27,256,2,285,120,0,120,405
06/10/2017,CRQ,CA,AWP,WE,Towers with Radar,0,16,99,0,115,0,0,59,0,59,0,16,158,0,174,70,0,70,244
06/11/2017,CRQ,CA,AWP,WE,Towers with Radar,0,18,94,1,113,0,0,28,0,28,0,18,122,1,141,35,0,35,176
06/12/2017,CRQ,CA,AWP,WE,Towers with Radar,0,25,104,3,132,0,0,203,0,203,0,25,307,3,335,260,0,260,595
06/13/2017,CRQ,CA,AWP,WE,Towers with Radar,0,11,91,0,102,0,0,248,0,248,0,11,339,0,350,254,0,254,604
06/14/2017,CRQ,CA,AWP,WE,Towers with Radar,0,24,102,2,128,0,0,232,0,232,0,24,334,2,360,232,0,232,592
06/15/2017,CRQ,CA,AWP,WE,Towers with Radar,0,21,109,0,130,0,0,244,0,244,0,21,353,0,374,362,0,362,736
06/16/2017,CRQ,CA,AWP,WE,Towers with Radar,0,16,91,0,107,0,1,220,0,221,0,17,311,0,328,131,0,131,459
06/17/2017,CRQ,CA,AWP,WE,Towers with Radar,0,14,78,0,92,0,0,241,0,241,0,14,319,0,333,235,0,235,568
06/18/2017,CRQ,CA,AWP,WE,Towers with Radar,0,13,85,0,98,0,0,183,0,183,0,13,268,0,281,199,0,199,480
06/19/2017,CRQ,CA,AWP,WE,Towers with Radar,0,23,115,0,138,0,0,154,0,154,0,23,269,0,292,141,0,141,433
06/20/2017,CRQ,CA,AWP,WE,Towers with Radar,0,18,79,1,98,0,6,144,0,150,0,24,223,1,248,167,0,167,415
06/21/2017,CRQ,CA,AWP,WE,Towers with Radar,0,21,114,3,138,0,0,147,0,147,0,21,261,3,285,350,0,350,635
06/22/2017,CRQ,CA,AWP,WE,Towers with Radar,0,14,116,2,132,0,2,38,0,40,0,16,154,2,172,36,0,36,208
06/23/2017,CRQ,CA,AWP,WE,Towers with Radar,0,31,185,15,231,0,0,25,0,25,0,31,210,15,256,16,0,16,272
06/24/2017,CRQ,CA,AWP,WE,Towers with Radar,0,14,117,2,133,0,4,124,0,128,0,18,241,2,261,121,0,121,382
06/25/2017,CRQ,CA,AWP,WE,Towers with Radar,0,29,127,0,156,0,0,130,0,130,0,29,257,0,286,139,0,139,425
06/26/2017,CRQ,CA,AWP,WE,Towers with Radar,0,24,91,0,115,0,2,171,0,173,0,26,262,0,288,456,0,456,744
06/27/2017,CRQ,CA,AWP,WE,Towers with Radar,0,9,101,1,111,0,1,149,0,150,0,10,250,1,261,146,0,146,407
06/28/2017,CRQ,CA,AWP,WE,Towers with Radar,0,17,171,0,188,0,4,191,0,195,0,21,362,0,383,257,3,260,643
06/29/2017,CRQ,CA,AWP,WE,Towers with Radar,0,20,172,1,193,0,1,224,0,225,0,21,396,1,418,206,0,206,624
06/30/2017,CRQ,CA,AWP,WE,Towers with Radar,0,27,148,0,175,0,0,170,0,170,0,27,318,0,345,287,0,287,632
07/01/2017,CRQ,CA,AWP,WE,Towers with Radar,0,30,121,0,151,0,0,115,0,115,0,30,236,0,266,123,0,123,389
07/02/2017,CRQ,CA,AWP,WE,Towers with Radar,0,17,76,0,93,0,0,97,0,97,0,17,173,0,190,191,0,191,381
07/03/2017,CRQ,CA,AWP,WE,Towers with Radar,0,15,75,0,90,0,0,180,0,180,0,15,255,0,270,301,0,301,571
07/04/2017,CRQ,CA,AWP,WE,Towers with Radar,0,7,44,0,51,0,0,154,0,154,0,7,198,0,205,243,0,243,448
07/05/2017,CRQ,CA,AWP,WE,Towers with Radar,0,17,110,0,127,0,1,276,0,277,0,18,386,0,404,305,0,305,709
07/06/2017,CRQ,CA,AWP,WE,Towers with Radar,1,17,94,4,116,0,1,178,0,179,1,18,272,4,295,288,0,288,583
07/07/2017,CRQ,CA,AWP,WE,Towers with Radar,0,20,110,1,131,0,3,261,0,264,0,23,371,1,395,303,0,303,698
07/08/2017,CRQ,CA,AWP,WE,Towers with Radar,0,19,73,0,92,0,0,156,0,156,0,19,229,0,248,200,0,200,448
07/09/2017,CRQ,CA,AWP,WE,Towers with Radar,0,21,88,0,109,0,0,158,0,158,0,21,246,0,267,208,0,208,475
07/10/2017,CRQ,CA,AWP,WE,Towers with Radar,0,20,105,0,125,0,0,161,6,167,0,20,266,6,292,232,0,232,524
07/11/2017,CRQ,CA,AWP,WE,Towers with Radar,0,14,123,0,137,0,0,174,0,174,0,14,297,0,311,361,0,361,672
07/12/2017,CRQ,CA,AWP,WE,Towers with Radar,0,21,94,1,116,0,0,177,0,177,0,21,271,1,293,170,0,170,463
07/13/2017,CRQ,CA,AWP,WE,Towers with Radar,0,28,124,0,152,0,1,144,0,145,0,29,268,0,297,136,0,136,433
07/14/2017,CRQ,CA,AWP,WE,Towers with Radar,0,22,78,0,100,0,0,128,0,128,0,22,206,0,228,176,0,176,404
07/15/2017,CRQ,CA,AWP,WE,Towers with Radar,0,14,66,0,80,0,0,2,0,2,0,14,68,0,82,0,0,0,82
07/16/2017,CRQ,CA,AWP,WE,Towers with Radar,0,21,76,0,97,0,0,183,0,183,0,21,259,0,280,190,0,190,470
07/17/2017,CRQ,CA,AWP,WE,Towers with Radar,0,23,119,1,143,0,0,93,0,93,0,23,212,1,236,183,0,183,419
07/18/2017,CRQ,CA,AWP,WE,Towers with Radar,0,19,100,2,121,0,1,109,2,112,0,20,209,4,233,157,0,157,390
07/19/2017,CRQ,CA,AWP,WE,Towers with Radar,0,26,123,1,150,0,1,217,1,219,0,27,340,2,369,255,0,255,624
07/20/2017,CRQ,CA,AWP,WE,Towers with Radar,0,16,127,0,143,0,4,184,0,188,0,20,311,0,331,268,0,268,599
07/21/2017,CRQ,CA,AWP,WE,Towers with Radar,0,15,125,0,140,0,7,175,0,182,0,22,300,0,322,223,0,223,545
07/22/2017,CRQ,CA,AWP,WE,Towers with Radar,0,14,71,2,87,0,0,149,0,149,0,14,220,2,236,172,0,172,408
07/23/2017,CRQ,CA,AWP,WE,Towers with Radar,0,27,117,0,144,0,1,178,0,179,0,28,295,0,323,162,0,162,485
07/24/2017,CRQ,CA,AWP,WE,Towers with Radar,0,21,89,1,111,0,0,92,0,92,0,21,181,1,203,141,0,141,344
07/25/2017,CRQ,CA,AWP,WE,Towers with Radar,0,18,174,1,193,0,0,60,0,60,0,18,234,1,253,123,0,123,376
07/26/2017,CRQ,CA,AWP,WE,Towers with Radar,0,18,111,3,132,0,2,58,2,62,0,20,169,5,194,107,2,109,303
07/27/2017,CRQ,CA,AWP,WE,Towers with Radar,0,32,106,21,159,0,0,143,2,145,0,32,249,23,304,101,0,101,405
07/28/2017,CRQ,CA,AWP,WE,Towers with Radar,0,23,151,3,177,0,0,103,0,103,0,23,254,3,280,31,0,31,311
07/29/2017,CRQ,CA,AWP,WE,Towers with Radar,0,13,93,1,107,0,0,154,0,154,0,13,247,1,261,176,0,176,437
07/30/2017,CRQ,CA,AWP,WE,Towers with Radar,0,24,96,0,120,0,0,104,0,104,0,24,200,0,224,127,2,129,353
07/31/2017,CRQ,CA,AWP,WE,Towers with Radar,0,22,113,0,135,0,0,150,2,152,0,22,263,2,287,113,0,113,400
08/01/2017,CRQ,CA,AWP,WE,Towers with Radar,0,19,68,0,87,0,9,117,0,126,0,28,185,0,213,287,0,287,500
08/02/2017,CRQ,CA,AWP,WE,Towers with Radar,0,19,77,1,97,0,1,112,3,116,0,20,189,4,213,336,0,336,549
08/03/2017,CRQ,CA,AWP,WE,Towers with Radar,0,13,94,0,107,0,0,122,0,122,0,13,216,0,229,345,0,345,574
08/04/2017,CRQ,CA,AWP,WE,Towers with Radar,0,19,105,1,125,0,0,150,0,150,0,19,255,1,275,217,0,217,492
08/05/2017,CRQ,CA,AWP,WE,Towers with Radar,0,13,78,0,91,0,2,146,0,148,0,15,224,0,239,168,2,170,409
08/06/2017,CRQ,CA,AWP,WE,Towers with Radar,0,17,142,0,159,0,0,106,0,106,0,17,248,0,265,84,0,84,349
08/07/2017,CRQ,CA,AWP,WE,Towers with Radar,0,16,133,0,149,0,0,185,0,185,0,16,318,0,334,203,3,206,540
08/08/2017,CRQ,CA,AWP,WE,Towers with Radar,0,14,141,3,158,0,0,158,0,158,0,14,299,3,316,148,0,148,464
08/09/2017,CRQ,CA,AWP,WE,Towers with Radar,0,20,133,2,155,0,0,264,0,264,0,20,397,2,419,313,0,313,732
08/10/2017,CRQ,CA,AWP,WE,Towers with Radar,0,24,121,1,146,0,2,154,1,157,0,26,275,2,303,236,5,241,544
08/11/2017,CRQ,CA,AWP,WE,Towers with Radar,0,20,153,0,173,0,1,131,0,132,0,21,284,0,305,221,0,221,526
08/12/2017,CRQ,CA,AWP,WE,Towers with Radar,0,20,118,0,138,0,0,114,0,114,0,20,232,0,252,115,0,115,367
08/13/2017,CRQ,CA,AWP,WE,Towers with Radar,0,18,141,0,159,0,0,202,0,202,0,18,343,0,361,155,0,155,516
08/14/2017,CRQ,CA,AWP,WE,Towers with Radar,0,21,123,0,144,0,1,212,0,213,0,22,335,0,357,263,0,263,620
08/15/2017,CRQ,CA,AWP,WE,Towers with Radar,0,21,176,2,199,0,0,25,0,25,0,21,201,2,224,34,0,34,258
08/16/2017,CRQ,CA,AWP,WE,Towers with Radar,2,21,122,2,147,0,0,225,0,225,2,21,347,2,372,375,0,375,747
08/17/2017,CRQ,CA,AWP,WE,Towers with Radar,0,30,118,0,148,0,0,226,0,226,0,30,344,0,374,254,0,254,628
08/18/2017,CRQ,CA,AWP,WE,Towers with Radar,0,24,151,2,177,0,0,313,0,313,0,24,464,2,490,281,0,281,771
08/19/2017,CRQ,CA,AWP,WE,Towers with Radar,0,11,134,0,145,0,0,108,0,108,0,11,242,0,253,119,0,119,372
08/20/2017,CRQ,CA,AWP,WE,Towers with Radar,0,32,105,0,137,0,0,114,0,114,0,32,219,0,251,90,1,91,342
08/21/2017,CRQ,CA,AWP,WE,Towers with Radar,0,19,98,0,117,0,0,137,0,137,0,19,235,0,254,191,0,191,445
08/22/2017,CRQ,CA,AWP,WE,Towers with Radar,0,21,137,0,158,0,0,116,0,116,0,21,253,0,274,67,0,67,341
08/23/2017,CRQ,CA,AWP,WE,Towers with Radar,0,20,172,4,196,0,0,2,0,2,0,20,174,4,198,14,0,14,212
08/24/2017,CRQ,CA,AWP,WE,Towers with Radar,0,22,165,1,188,0,0,17,0,17,0,22,182,1,205,99,0,99,304
08/25/2017,CRQ,CA,AWP,WE,Towers with Radar,0,15,144,2,161,0,0,67,0,67,0,15,211,2,228,60,0,60,288
08/26/2017,CRQ,CA,AWP,WE,Towers with Radar,0,9,91,3,103,0,0,101,1,102,0,9,192,4,205,106,2,108,313
08/27/2017,CRQ,CA,AWP,WE,Towers with Radar,0,20,85,0,105,0,0,65,0,65,0,20,150,0,170,106,0,106,276
08/28/2017,CRQ,CA,AWP,WE,Towers with Radar,0,18,92,2,112,0,0,144,2,146,0,18,236,4,258,182,0,182,440
08/29/2017,CRQ,CA,AWP,WE,Towers with Radar,0,14,89,0,103,0,2,156,0,158,0,16,245,0,261,375,0,375,636
08/30/2017,CRQ,CA,AWP,WE,Towers with Radar,0,18,96,0,114,0,3,226,8,237,0,21,322,8,351,369,0,369,720
08/31/2017,CRQ,CA,AWP,WE,Towers with Radar,0,33,82,0,115,0,0,150,0,150,0,33,232,0,265,321,0,321,586
09/01/2017,CRQ,CA,AWP,WE,Towers with Radar,0,22,123,0,145,0,0,171,0,171,0,22,294,0,316,232,0,232,548
09/02/2017,CRQ,CA,AWP,WE,Towers with Radar,0,6,86,2,94,0,0,168,0,168,0,6,254,2,262,315,0,315,577
09/03/2017,CRQ,CA,AWP,WE,Towers with Radar,0,12,50,0,62,0,0,66,0,66,0,12,116,0,128,150,0,150,278
09/04/2017,CRQ,CA,AWP,WE,Towers with Radar,0,19,144,2,165,0,0,23,0,23,0,19,167,2,188,139,0,139,327
09/05/2017,CRQ,CA,AWP,WE,Towers with Radar,0,25,102,2,129,0,0,105,1,106,0,25,207,3,235,150,0,150,385
09/06/2017,CRQ,CA,AWP,WE,Towers with Radar,0,17,108,0,125,0,0,233,1,234,0,17,341,1,359,323,0,323,682
09/07/2017,CRQ,CA,AWP,WE,Towers with Radar,0,25,126,1,152,0,0,183,0,183,0,25,309,1,335,268,0,268,603
09/08/2017,CRQ,CA,AWP,WE,Towers with Radar,0,20,102,2,124,0,0,176,1,177,0,20,278,3,301,262,0,262,563
09/09/2017,CRQ,CA,AWP,WE,Towers with Radar,0,8,80,0,88,0,0,197,0,197,0,8,277,0,285,257,0,257,542
09/10/2017,CRQ,CA,AWP,WE,Towers with Radar,0,19,133,0,152,0,0,194,0,194,0,19,327,0,346,264,0,264,610
09/11/2017,CRQ,CA,AWP,WE,Towers with Radar,0,26,72,0,98,0,1,129,0,130,0,27,201,0,228,168,0,168,396
09/12/2017,CRQ,CA,AWP,WE,Towers with Radar,0,17,92,0,109,0,5,74,2,81,0,22,166,2,190,80,0,80,270
09/13/2017,CRQ,CA,AWP,WE,Towers with Radar,0,15,157,0,172,0,0,169,0,169,0,15,326,0,341,320,0,320,661
09/14/2017,CRQ,CA,AWP,WE,Towers with Radar,0,21,134,1,156,0,0,123,0,123,0,21,257,1,279,193,0,193,472
09/15/2017,CRQ,CA,AWP,WE,Towers with Radar,0,28,135,0,163,0,0,114,0,114,0,28,249,0,277,206,0,206,483
09/16/2017,CRQ,CA,AWP,WE,Towers with Radar,0,15,106,0,121,0,0,74,0,74,0,15,180,0,195,122,0,122,317
09/17/2017,CRQ,CA,AWP,WE,Towers with Radar,0,22,122,0,144,0,0,110,0,110,0,22,232,0,254,172,0,172,426
09/18/2017,CRQ,CA,AWP,WE,Towers with Radar,0,19,103,0,122,0,0,100,0,100,0,19,203,0,222,289,0,289,511
09/19/2017,CRQ,CA,AWP,WE,Towers with Radar,0,30,122,0,152,0,0,154,0,154,0,30,276,0,306,167,0,167,473
09/20/2017,CRQ,CA,AWP,WE,Towers with Radar,0,27,139,1,167,0,0,157,0,157,0,27,296,1,324,201,0,201,525
09/21/2017,CRQ,CA,AWP,WE,Towers with Radar,0,22,148,2,172,0,0,89,0,89,0,22,237,2,261,254,0,254,515
09/22/2017,CRQ,CA,AWP,WE,Towers with Radar,0,19,104,1,124,0,0,156,0,156,0,19,260,1,280,196,0,196,476
09/23/2017,CRQ,CA,AWP,WE,Towers with Radar,0,13,81,0,94,0,0,158,2,160,0,13,239,2,254,128,1,129,383
09/24/2017,CRQ,CA,AWP,WE,Towers with Radar,0,29,71,1,101,0,1,115,2,118,0,30,186,3,219,118,0,118,337
09/25/2017,CRQ,CA,AWP,WE,Towers with Radar,0,12,71,1,84,0,2,166,2,170,0,14,237,3,254,212,0,212,466
09/26/2017,CRQ,CA,AWP,WE,Towers with Radar,0,15,85,4,104,0,2,188,1,191,0,17,273,5,295,319,0,319,614
09/27/2017,CRQ,CA,AWP,WE,Towers with Radar,1,23,98,0,122,0,0,178,0,178,1,23,276,0,300,180,0,180,480
09/28/2017,CRQ,CA,AWP,WE,Towers with Radar,4,16,103,0,123,0,2,177,0,179,4,18,280,0,302,253,0,253,555
09/29/2017,CRQ,CA,AWP,WE,Towers with Radar,4,32,124,0,160,0,1,252,0,253,4,33,376,0,413,281,0,281,694
09/30/2017,CRQ,CA,AWP,WE,Towers with Radar,4,14,85,0,103,0,0,170,0,170,4,14,255,0,273,156,0,156,429
10/01/2017,CRQ,CA,AWP,WE,Towers with Radar,4,16,98,1,119,0,0,101,1,102,4,16,199,2,221,160,0,160,381
10/02/2017,CRQ,CA,AWP,WE,Towers with Radar,4,12,135,0,151,0,2,101,2,105,4,14,236,2,256,236,2,238,494
10/03/2017,CRQ,CA,AWP,WE,Towers with Radar,4,13,115,0,132,0,0,110,0,110,4,13,225,0,242,156,0,156,398
10/04/2017,CRQ,CA,AWP,WE,Towers with Radar,4,21,115,0,140,0,0,212,0,212,4,21,327,0,352,260,0,260,612
10/05/2017,CRQ,CA,AWP,WE,Towers with Radar,4,14,124,0,142,0,0,182,0,182,4,14,306,0,324,300,0,300,624
10/06/2017,CRQ,CA,AWP,WE,Towers with Radar,4,18,115,1,138,0,0,172,0,172,4,18,287,1,310,187,0,187,497
10/07/2017,CRQ,CA,AWP,WE,Towers with Radar,4,15,76,1,96,0,0,184,0,184,4,15,260,1,280,208,0,208,488
10/08/2017,CRQ,CA,AWP,WE,Towers with Radar,4,20,99,0,123,0,1,97,1,99,4,21,196,1,222,116,0,116,338
10/09/2017,CRQ,CA,AWP,WE,Towers with Radar,4,32,95,1,132,0,1,169,1,171,4,33,264,2,303,224,0,224,527
10/10/2017,CRQ,CA,AWP,WE,Towers with Radar,4,19,87,1,111,0,1,143,1,145,4,20,230,2,256,360,0,360,616
10/11/2017,CRQ,CA,AWP,WE,Towers with Radar,4,25,123,0,152,0,0,166,0,166,4,25,289,0,318,226,0,226,544
10/12/2017,CRQ,CA,AWP,WE,Towers with Radar,2,24,143,1,170,0,0,224,0,224,2,24,367,1,394,196,0,196,590
10/13/2017,CRQ,CA,AWP,WE,Towers with Radar,5,18,96,2,121,0,0,152,0,152,5,18,248,2,273,213,0,213,486
10/14/2017,CRQ,CA,AWP,WE,Towers with Radar,5,19,74,1,99,0,0,176,0,176,5,19,250,1,275,163,0,163,438
10/15/2017,CRQ,CA,AWP,WE,Towers with Radar,4,22,79,0,105,0,0,124,0,124,4,22,203,0,229,98,0,98,327
10/16/2017,CRQ,CA,AWP,WE,Towers with Radar,4,13,93,1,111,0,0,121,1,122,4,13,214,2,233,243,0,243,476
10/17/2017,CRQ,CA,AWP,WE,Towers with Radar,6,16,59,0,81,0,0,127,3,130,6,16,186,3,211,266,0,266,477
10/18/2017,CRQ,CA,AWP,WE,Towers with Radar,5,11,121,0,137,0,5,187,0,192,5,16,308,0,329,254,0,254,583
10/19/2017,CRQ,CA,AWP,WE,Towers with Radar,4,31,116,0,151,0,2,119,0,121,4,33,235,0,272,182,0,182,454
10/20/2017,CRQ,CA,AWP,WE,Towers with Radar,4,21,143,4,172,0,3,92,0,95,4,24,235,4,267,209,0,209,476
10/21/2017,CRQ,CA,AWP,WE,Towers with Radar,4,17,64,2,87,0,0,131,0,131,4,17,195,2,218,196,0,196,414
10/22/2017,CRQ,CA,AWP,WE,Towers with Radar,4,20,87,0,111,0,0,196,0,196,4,20,283,0,307,143,0,143,450
10/23/2017,CRQ,CA,AWP,WE,Towers with Radar,4,15,93,2,114,0,0,174,0,174,4,15,267,2,288,280,0,280,568
10/24/2017,CRQ,CA,AWP,WE,Towers with Radar,4,11,49,0,64,0,5,113,2,120,4,16,162,2,184,69,0,69,253
10/25/2017,CRQ,CA,AWP,WE,Towers with Radar,4,12,90,0,106,0,0,154,0,154,4,12,244,0,260,201,0,201,461
10/26/2017,CRQ,CA,AWP,WE,Towers with Radar,4,29,75,0,108,0,2,167,0,169,4,31,242,0,277,235,0,235,512
10/27/2017,CRQ,CA,AWP,WE,Towers with Radar,4,16,90,0,110,0,0,169,0,169,4,16,259,0,279,207,0,207,486
10/28/2017,CRQ,CA,AWP,WE,Towers with Radar,4,4,67,0,75,0,3,164,0,167,4,7,231,0,242,140,0,140,382
10/29/2017,CRQ,CA,AWP,WE,Towers with Radar,4,18,119,0,141,0,0,56,0,56,4,18,175,0,197,62,0,62,259
10/30/2017,CRQ,CA,AWP,WE,Towers with Radar,4,18,135,0,157,0,3,43,0,46,4,21,178,0,203,165,0,165,368
10/31/2017,CRQ,CA,AWP,WE,Towers with Radar,4,14,110,0,128,0,0,42,1,43,4,14,152,1,171,173,2,175,346
11/01/2017,CRQ,CA,AWP,WE,Towers with Radar,4,22,176,0,202,0,0,130,0,130,4,22,306,0,332,167,1,168,500
11/02/2017,CRQ,CA,AWP,WE,Towers with Radar,4,35,183,0,222,0,0,146,0,146,4,35,329,0,368,262,0,262,630
11/03/2017,CRQ,CA,AWP,WE,Towers with Radar,4,33,113,0,150,0,0,195,2,197,4,33,308,2,347,158,0,158,505
11/04/2017,CRQ,CA,AWP,WE,Towers with Radar,4,33,88,0,125,0,0,133,0,133,4,33,221,0,258,131,0,131,389
11/05/2017,CRQ,CA,AWP,WE,Towers with Radar,4,61,144,0,209,0,0,86,0,86,4,61,230,0,295,142,0,142,437
11/06/2017,CRQ,CA,AWP,WE,Towers with Radar,4,15,80,0,99,0,0,136,0,136,4,15,216,0,235,176,0,176,411
11/07/2017,CRQ,CA,AWP,WE,Towers with Radar,4,10,60,3,77,0,0,152,4,156,4,10,212,7,233,132,0,132,365
11/08/2017,CRQ,CA,AWP,WE,Towers with Radar,2,17,82,0,101,0,2,202,0,204,2,19,284,0,305,196,0,196,501
11/09/2017,CRQ,CA,AWP,WE,Towers with Radar,4,26,117,5,152,0,0,125,0,125,4,26,242,5,277,148,0,148,425
11/10/2017,CRQ,CA,AWP,WE,Towers with Radar,4,18,98,0,120,0,1,139,0,140,4,19,237,0,260,171,0,171,431
11/11/2017,CRQ,CA,AWP,WE,Towers with Radar,4,16,77,0,97,0,0,156,0,156,4,16,233,0,253,122,0,122,375
11/12/2017,CRQ,CA,AWP,WE,Towers with Radar,4,26,87,0,117,0,2,130,0,132,4,28,217,0,249,95,0,95,344
11/13/2017,CRQ,CA,AWP,WE,Towers with Radar,4,12,101,8,125,0,0,171,0,171,4,12,272,8,296,189,0,189,485
11/14/2017,CRQ,CA,AWP,WE,Towers with Radar,6,13,106,4,129,0,0,147,0,147,6,13,253,4,276,137,0,137,413
11/15/2017,CRQ,CA,AWP,WE,Towers with Radar,4,16,102,0,122,0,0,165,0,165,4,16,267,0,287,223,0,223,510
11/16/2017,CRQ,CA,AWP,WE,Towers with Radar,3,17,125,0,145,0,0,144,0,144,3,17,269,0,289,265,0,265,554
11/17/2017,CRQ,CA,AWP,WE,Towers with Radar,5,32,116,0,153,0,0,124,0,124,5,32,240,0,277,167,0,167,444
11/18/2017,CRQ,CA,AWP,WE,Towers with Radar,4,18,91,0,113,0,0,148,0,148,4,18,239,0,261,120,0,120,381
11/19/2017,CRQ,CA,AWP,WE,Towers with Radar,4,16,68,1,89,0,0,141,0,141,4,16,209,1,230,73,0,73,303
11/20/2017,CRQ,CA,AWP,WE,Towers with Radar,4,15,68,1,88,0,1,159,0,160,4,16,227,1,248,228,0,228,476
11/21/2017,CRQ,CA,AWP,WE,Towers with Radar,5,26,96,1,128,0,0,203,0,203,5,26,299,1,331,375,0,375,706
11/22/2017,CRQ,CA,AWP,WE,Towers with Radar,5,15,132,0,152,0,0,212,0,212,5,15,344,0,364,323,0,323,687
11/23/2017,CRQ,CA,AWP,WE,Towers with Radar,4,9,30,0,43,0,0,74,0,74,4,9,104,0,117,129,0,129,246
11/24/2017,CRQ,CA,AWP,WE,Towers with Radar,4,23,51,0,78,0,0,131,0,131,4,23,182,0,209,142,0,142,351
11/25/2017,CRQ,CA,AWP,WE,Towers with Radar,4,20,82,0,106,0,0,127,0,127,4,20,209,0,233,83,0,83,316
11/26/2017,CRQ,CA,AWP,WE,Towers with Radar,4,32,99,0,135,0,0,78,0,78,4,32,177,0,213,63,0,63,276
11/27/2017,CRQ,CA,AWP,WE,Towers with Radar,5,15,83,0,103,0,0,72,0,72,5,15,155,0,175,85,0,85,260
11/28/2017,CRQ,CA,AWP,WE,Towers with Radar,5,6,54,2,67,0,0,106,0,106,5,6,160,2,173,157,0,157,330
11/29/2017,CRQ,CA,AWP,WE,Towers with Radar,4,13,94,3,114,0,0,141,1,142,4,13,235,4,256,206,0,206,462
11/30/2017,CRQ,CA,AWP,WE,Towers with Radar,5,10,101,0,116,0,1,165,0,166,5,11,266,0,282,176,0,176,458
12/01/2017,CRQ,CA,AWP,WE,Towers with Radar,5,11,88,2,106,0,1,187,0,188,5,12,275,2,294,179,0,179,473
12/02/2017,CRQ,CA,AWP,WE,Towers with Radar,4,16,72,3,95,0,0,115,0,115,4,16,187,3,210,128,0,128,338
12/03/2017,CRQ,CA,AWP,WE,Towers with Radar,4,19,123,0,146,0,0,182,0,182,4,19,305,0,328,126,0,126,454
12/04/2017,CRQ,CA,AWP,WE,Towers with Radar,4,12,70,1,87,0,0,132,3,135,4,12,202,4,222,140,0,140,362
12/05/2017,CRQ,CA,AWP,WE,Towers with Radar,5,7,64,0,76,0,0,102,0,102,5,7,166,0,178,80,0,80,258
12/06/2017,CRQ,CA,AWP,WE,Towers with Radar,5,12,77,1,95,0,1,161,0,162,5,13,238,1,257,236,2,238,495
12/07/2017,CRQ,CA,AWP,WE,Towers with Radar,4,11,57,5,77,0,0,69,0,69,4,11,126,5,146,160,0,160,306
12/08/2017,CRQ,CA,AWP,WE,Towers with Radar,4,16,71,5,96,0,0,89,1,90,4,16,160,6,186,144,0,144,330
12/09/2017,CRQ,CA,AWP,WE,Towers with Radar,4,10,81,1,96,0,0,156,0,156,4,10,237,1,252,204,0,204,456
12/10/2017,CRQ,CA,AWP,WE,Towers with Radar,4,18,51,1,74,0,0,71,0,71,4,18,122,1,145,145,1,146,291
12/11/2017,CRQ,CA,AWP,WE,Towers with Radar,4,18,122,1,145,0,0,190,0,190,4,18,312,1,335,247,0,247,582
12/12/2017,CRQ,CA,AWP,WE,Towers with Radar,5,21,101,0,127,0,0,159,0,159,5,21,260,0,286,222,0,222,508
12/13/2017,CRQ,CA,AWP,WE,Towers with Radar,5,17,93,0,115,0,2,225,0,227,5,19,318,0,342,239,0,239,581
12/14/2017,CRQ,CA,AWP,WE,Towers with Radar,4,22,105,0,131,0,0,155,0,155,4,22,260,0,286,197,0,197,483
12/15/2017,CRQ,CA,AWP,WE,Towers with Radar,4,11,127,2,144,0,0,225,0,225,4,11,352,2,369,230,0,230,599
12/16/2017,CRQ,CA,AWP,WE,Towers with Radar,4,12,89,0,105,0,0,110,0,110,4,12,199,0,215,177,0,177,392
12/17/2017,CRQ,CA,AWP,WE,Towers with Radar,4,7,56,0,67,0,1,129,0,130,4,8,185,0,197,130,0,130,327
12/18/2017,CRQ,CA,AWP,WE,Towers with Radar,4,11,86,0,101,0,0,167,0,167,4,11,253,0,268,118,0,118,386
12/19/2017,CRQ,CA,AWP,WE,Towers with Radar,4,23,117,1,145,0,0,180,0,180,4,23,297,1,325,296,0,296,621
12/20/2017,CRQ,CA,AWP,WE,Towers with Radar,4,15,132,4,155,0,1,118,0,119,4,16,250,4,274,233,0,233,507
12/21/2017,CRQ,CA,AWP,WE,Towers with Radar,4,27,79,0,110,0,0,132,0,132,4,27,211,0,242,136,0,136,378
12/22/2017,CRQ,CA,AWP,WE,Towers with Radar,4,21,100,0,125,0,1,141,0,142,4,22,241,0,267,157,0,157,424
12/23/2017,CRQ,CA,AWP,WE,Towers with Radar,4,16,83,2,105,0,0,146,0,146,4,16,229,2,251,92,0,92,343
12/24/2017,CRQ,CA,AWP,WE,Towers with Radar,4,8,35,0,47,0,2,71,0,73,4,10,106,0,120,35,0,35,155
12/25/2017,CRQ,CA,AWP,WE,Towers with Radar,4,9,14,0,27,0,0,48,0,48,4,9,62,0,75,35,1,36,111
12/26/2017,CRQ,CA,AWP,WE,Towers with Radar,4,22,99,0,125,0,0,107,0,107,4,22,206,0,232,54,0,54,286
12/27/2017,CRQ,CA,AWP,WE,Towers with Radar,4,15,76,0,95,0,0,146,0,146,4,15,222,0,241,96,0,96,337
12/28/2017,CRQ,CA,AWP,WE,Towers with Radar,4,19,80,0,103,0,0,132,0,132,4,19,212,0,235,73,0,73,308
12/29/2017,CRQ,CA,AWP,WE,Towers with Radar,5,12,92,0,109,0,0,120,0,120,5,12,212,0,229,133,0,133,362
12/30/2017,CRQ,CA,AWP,WE,Towers with Radar,6,12,62,0,80,0,0,137,0,137,6,12,199,0,217,87,0,87,304
12/31/2017,CRQ,CA,AWP,WE,Towers with Radar,3,16,54,0,73,0,0,65,0,65,3,16,119,0,138,88,0,88,226
01/01/2018,CRQ,CA,AWP,WE,Towers with Radar,4,13,80,0,97,0,1,78,0,79,4,14,158,0,176,95,0,95,271
01/02/2018,CRQ,CA,AWP,WE,Towers with Radar,4,18,94,1,117,0,0,114,3,117,4,18,208,4,234,70,0,70,304
01/03/2018,CRQ,CA,AWP,WE,Towers with Radar,4,22,110,0,136,0,0,126,0,126,4,22,236,0,262,111,0,111,373
01/04/2018,CRQ,CA,AWP,WE,Towers with Radar,4,12,101,0,117,0,0,149,0,149,4,12,250,0,266,233,0,233,499
01/05/2018,CRQ,CA,AWP,WE,Towers with Radar,4,22,86,5,117,0,0,124,0,124,4,22,210,5,241,170,0,170,411
01/06/2018,CRQ,CA,AWP,WE,Towers with Radar,4,22,72,0,98,0,0,46,0,46,4,22,118,0,144,8,0,8,152
01/07/2018,CRQ,CA,AWP,WE,Towers with Radar,5,35,76,1,117,0,0,165,0,165,5,35,241,1,282,139,0,139,421
01/08/2018,CRQ,CA,AWP,WE,Towers with Radar,3,16,76,0,95,0,0,50,0,50,3,16,126,0,145,153,0,153,298
01/09/2018,CRQ,CA,AWP,WE,Towers with Radar,0,6,37,0,43,0,0,1,0,1,0,6,38,0,44,2,0,2,46
01/10/2018,CRQ,CA,AWP,WE,Towers with Radar,0,21,141,2,164,0,0,94,0,94,0,21,235,2,258,224,2,226,484
01/11/2018,CRQ,CA,AWP,WE,Towers with Radar,4,14,97,1,116,0,0,208,0,208,4,14,305,1,324,320,0,320,644
01/12/2018,CRQ,CA,AWP,WE,Towers with Radar,4,21,100,0,125,0,0,134,0,134,4,21,234,0,259,180,1,181,440
01/13/2018,CRQ,CA,AWP,WE,Towers with Radar,4,10,79,0,93,0,0,176,0,176,4,10,255,0,269,243,0,243,512
01/14/2018,CRQ,CA,AWP,WE,Towers with Radar,4,14,70,0,88,0,1,155,1,157,4,15,225,1,245,276,0,276,521
01/15/2018,CRQ,CA,AWP,WE,Towers with Radar,4,21,124,0,149,0,0,157,0,157,4,21,281,0,306,198,0,198,504
01/16/2018,CRQ,CA,AWP,WE,Towers with Radar,4,6,95,2,107,0,0,130,0,130,4,6,225,2,237,238,0,238,475
01/17/2018,CRQ,CA,AWP,WE,Towers with Radar,0,8,112,0,120,0,1,188,0,189,0,9,300,0,309,278,0,278,587
01/18/2018,CRQ,CA,AWP,WE,Towers with Radar,4,16,111,0,131,0,0,114,0,114,4,16,225,0,245,183,10,193,438
01/19/2018,CRQ,CA,AWP,WE,Towers with Radar,4,10,128,0,142,0,0,30,1,31,4,10,158,1,173,186,0,186,359
01/20/2018,CRQ,CA,AWP,WE,Towers with Radar,4,11,84,2,101,0,0,106,0,106,4,11,190,2,207,114,0,114,321
01/21/2018,CRQ,CA,AWP,WE,Towers with Radar,4,11,84,0,99,0,1,168,0,169,4,12,252,0,268,134,0,134,402
01/22/2018,CRQ,CA,AWP,WE,Towers with Radar,4,5,68,2,79,0,0,139,0,139,4,5,207,2,218,231,0,231,449
01/23/2018,CRQ,CA,AWP,WE,Towers with Radar,4,4,107,1,116,0,0,169,0,169,4,4,276,1,285,168,0,168,453
01/24/2018,CRQ,CA,AWP,WE,Towers with Radar,0,13,135,0,148,0,0,236,0,236,0,13,371,0,384,294,0,294,678
01/25/2018,CRQ,CA,AWP,WE,Towers with Radar,4,9,160,0,173,0,3,149,2,154,4,12,309,2,327,249,0,249,576
01/26/2018,CRQ,CA,AWP,WE,Towers with Radar,4,12,82,0,98,0,0,182,0,182,4,12,264,0,280,199,0,199,479
01/27/2018,CRQ,CA,AWP,WE,Towers with Radar,4,9,79,0,92,0,2,158,0,160,4,11,237,0,252,265,0,265,517
01/28/2018,CRQ,CA,AWP,WE,Towers with Radar,4,29,64,0,97,0,3,107,0,110,4,32,171,0,207,82,0,82,289
01/29/2018,CRQ,CA,AWP,WE,Towers with Radar,4,18,85,0,107,0,0,135,2,137,4,18,220,2,244,184,0,184,428
01/30/2018,CRQ,CA,AWP,WE,Towers with Radar,5,13,93,0,111,0,1,227,0,228,5,14,320,0,339,264,0,264,603
01/31/2018,CRQ,CA,AWP,WE,Towers with Radar,0,19,100,4,123,0,0,192,3,195,0,19,292,7,318,278,0,278,596
02/01/2018,CRQ,CA,AWP,WE,Towers with Radar,5,32,113,0,150,0,0,201,0,201,5,32,314,0,351,323,2,325,676
02/02/2018,CRQ,CA,AWP,WE,Towers with Radar,4,26,109,0,139,0,1,190,0,191,4,27,299,0,330,149,4,153,483
02/03/2018,CRQ,CA,AWP,WE,Towers with Radar,4,19,75,0,98,0,0,188,0,188,4,19,263,0,286,211,0,211,497
02/04/2018,CRQ,CA,AWP,WE,Towers with Radar,4,13,61,0,78,0,0,138,0,138,4,13,199,0,216,95,0,95,311
02/05/2018,CRQ,CA,AWP,WE,Towers with Radar,4,20,70,0,94,0,0,87,0,87,4,20,157,0,181,128,0,128,309
02/06/2018,CRQ,CA,AWP,WE,Towers with Radar,4,13,93,0,110,0,0,114,0,114,4,13,207,0,224,216,0,216,440
02/07/2018,CRQ,CA,AWP,WE,Towers with Radar,0,13,96,0,109,0,0,150,0,150,0,13,246,0,259,232,0,232,491
02/08/2018,CRQ,CA,AWP,WE,Towers with Radar,0,9,95,0,104,0,1,168,0,169,0,10,263,0,273,234,0,234,507
02/09/2018,CRQ,CA,AWP,WE,Towers with Radar,3,32,104,0,139,0,0,170,0,170,3,32,274,0,309,200,0,200,509
02/10/2018,CRQ,CA,AWP,WE,Towers with Radar,5,17,106,3,131,0,2,71,0,73,5,19,177,3,204,187,0,187,391
02/11/2018,CRQ,CA,AWP,WE,Towers with Radar,4,19,84,5,112,0,0,138,0,138,4,19,222,5,250,110,0,110,360
02/12/2018,CRQ,CA,AWP,WE,Towers with Radar,4,17,104,0,125,0,0,48,0,48,4,17,152,0,173,228,0,228,401
02/13/2018,CRQ,CA,AWP,WE,Towers with Radar,4,11,108,0,123,0,0,138,0,138,4,11,246,0,261,219,0,219,480
02/14/2018,CRQ,CA,AWP,WE,Towers with Radar,0,13,84,0,97,0,0,108,0,108,0,13,192,0,205,194,0,194,399
02/15/2018,CRQ,CA,AWP,WE,Towers with Radar,3,19,155,3,180,0,0,187,0,187,3,19,342,3,367,262,0,262,629
02/16/2018,CRQ,CA,AWP,WE,Towers with Radar,0,26,113,0,139,0,0,195,0,195,0,26,308,0,334,216,0,216,550
02/17/2018,CRQ,CA,AWP,WE,Towers with Radar,0,13,82,0,95,0,0,199,0,199,0,13,281,0,294,193,0,193,487
02/18/2018,CRQ,CA,AWP,WE,Towers with Radar,0,17,85,0,102,0,0,141,0,141,0,17,226,0,243,80,1,81,324
02/19/2018,CRQ,CA,AWP,WE,Towers with Radar,0,17,79,0,96,0,0,74,0,74,0,17,153,0,170,72,0,72,242
02/20/2018,CRQ,CA,AWP,WE,Towers with Radar,0,11,96,2,109,0,0,151,0,151,0,11,247,2,260,245,0,245,505
02/21/2018,CRQ,CA,AWP,WE,Towers with Radar,0,16,117,0,133,0,0,197,1,198,0,16,314,1,331,266,0,266,597
02/22/2018,CRQ,CA,AWP,WE,Towers with Radar,0,21,120,0,141,0,0,110,0,110,0,21,230,0,251,325,0,325,576
02/23/2018,CRQ,CA,AWP,WE,Towers with Radar,0,19,93,3,115,0,0,138,0,138,0,19,231,3,253,213,0,213,466
02/24/2018,CRQ,CA,AWP,WE,Towers with Radar,0,23,77,0,100,0,2,198,0,200,0,25,275,0,300,262,0,262,562
02/25/2018,CRQ,CA,AWP,WE,Towers with Radar,0,13,79,0,92,0,0,173,0,173,0,13,252,0,265,155,0,155,420
02/26/2018,CRQ,CA,AWP,WE,Towers with Radar,0,21,90,0,111,0,0,121,2,123,0,21,211,2,234,152,0,152,386
02/27/2018,CRQ,CA,AWP,WE,Towers with Radar,0,3,58,0,61,0,0,45,0,45,0,3,103,0,106,212,0,212,318
02/28/2018,CRQ,CA,AWP,WE,Towers with Radar,0,16,132,0,148,0,0,192,0,192,0,16,324,0,340,179,0,179,519
03/01/2018,CRQ,CA,AWP,WE,Towers with Radar,5,13,94,0,112,0,0,208,0,208,5,13,302,0,320,237,1,238,558
03/02/2018,CRQ,CA,AWP,WE,Towers with Radar,3,17,100,0,120,0,1,135,0,136,3,18,235,0,256,266,0,266,522
03/03/2018,CRQ,CA,AWP,WE,Towers with Radar,2,6,71,0,79,0,0,64,0,64,2,6,135,0,143,215,0,215,358
03/04/2018,CRQ,CA,AWP,WE,Towers with Radar,4,15,88,1,108,0,1,128,1,130,4,16,216,2,238,179,0,179,417
03/05/2018,CRQ,CA,AWP,WE,Towers with Radar,2,12,72,0,86,0,0,169,0,169,2,12,241,0,255,193,0,193,448
03/06/2018,CRQ,CA,AWP,WE,Towers with Radar,3,14,113,3,133,0,0,183,1,184,3,14,296,4,317,292,0,292,609
03/07/2018,CRQ,CA,AWP,WE,Towers with Radar,0,20,105,0,125,0,0,147,0,147,0,20,252,0,272,249,0,249,521
03/08/2018,CRQ,CA,AWP,WE,Towers with Radar,5,17,120,1,143,0,0,184,0,184,5,17,304,1,327,207,8,215,542
03/09/2018,CRQ,CA,AWP,WE,Towers with Radar,4,18,130,1,153,0,0,120,0,120,4,18,250,1,273,132,0,132,405
03/10/2018,CRQ,CA,AWP,WE,Towers with Radar,2,16,96,0,114,0,0,0,0,0,2,16,96,0,114,0,0,0,114
03/11/2018,CRQ,CA,AWP,WE,Towers with Radar,4,14,104,2,124,0,0,93,0,93,4,14,197,2,217,114,0,114,331
03/12/2018,CRQ,CA,AWP,WE,Towers with Radar,3,20,134,0,157,0,1,29,0,30,3,21,163,0,187,44,0,44,231
03/13/2018,CRQ,CA,AWP,WE,Towers with Radar,4,12,98,3,117,0,0,0,0,0,4,12,98,3,117,0,0,0,117
03/14/2018,CRQ,CA,AWP,WE,Towers with Radar,0,19,136,3,158,0,0,146,1,147,0,19,282,4,305,252,0,252,557
03/15/2018,CRQ,CA,AWP,WE,Towers with Radar,5,17,116,7,145,0,1,117,0,118,5,18,233,7,263,158,2,160,423
03/16/2018,CRQ,CA,AWP,WE,Towers with Radar,3,12,142,1,158,0,0,139,0,139,3,12,281,1,297,205,0,205,502
03/17/2018,CRQ,CA,AWP,WE,Towers with Radar,2,9,105,0,116,0,0,70,0,70,2,9,175,0,186,183,0,183,369
03/18/2018,CRQ,CA,AWP,WE,Towers with Radar,4,20,84,0,108,0,1,149,0,150,4,21,233,0,258,184,0,184,442
03/19/2018,CRQ,CA,AWP,WE,Towers with Radar,2,23,119,0,144,0,0,177,0,177,2,23,296,0,321,249,0,249,570
03/20/2018,CRQ,CA,AWP,WE,Towers with Radar,3,16,96,0,115,0,0,187,2,189,3,16,283,2,304,277,0,277,581
03/21/2018,CRQ,CA,AWP,WE,Towers with Radar,0,15,107,2,124,0,0,200,3,203,0,15,307,5,327,423,0,423,750
03/22/2018,CRQ,CA,AWP,WE,Towers with Radar,5,7,67,0,79,0,0,19,0,19,5,7,86,0,98,197,0,197,295
03/23/2018,CRQ,CA,AWP,WE,Towers with Radar,4,18,153,0,175,0,0,50,0,50,4,18,203,0,225,152,0,152,377
03/24/2018,CRQ,CA,AWP,WE,Towers with Radar,2,8,114,2,126,0,0,162,0,162,2,8,276,2,288,249,2,251,539
03/25/2018,CRQ,CA,AWP,WE,Towers with Radar,4,23,96,0,123,0,0,130,0,130,4,23,226,0,253,291,0,291,544
03/26/2018,CRQ,CA,AWP,WE,Towers with Radar,2,14,89,0,105,0,0,141,0,141,2,14,230,0,246,210,0,210,456
03/27/2018,CRQ,CA,AWP,WE,Towers with Radar,2,17,86,2,107,0,0,172,0,172,2,17,258,2,279,232,2,234,513
03/28/2018,CRQ,CA,AWP,WE,Towers with Radar,0,23,115,0,138,0,1,263,0,264,0,24,378,0,402,332,0,332,734
03/29/2018,CRQ,CA,AWP,WE,Towers with Radar,2,13,96,5,116,0,0,167,0,167,2,13,263,5,283,253,2,255,538
03/30/2018,CRQ,CA,AWP,WE,Towers with Radar,4,22,105,0,131,0,0,149,0,149,4,22,254,0,280,165,0,165,445
03/31/2018,CRQ,CA,AWP,WE,Towers with Radar,2,12,74,1,89,0,0,66,0,66,2,12,140,1,155,57,0,57,212
04/01/2018,CRQ,CA,AWP,WE,Towers with Radar,4,23,60,0,87,0,1,46,0,47,4,24,106,0,134,77,0,77,211
04/02/2018,CRQ,CA,AWP,WE,Towers with Radar,2,18,157,1,178,0,0,94,0,94,2,18,251,1,272,228,0,228,500
04/03/2018,CRQ,CA,AWP,WE,Towers with Radar,2,16,119,0,137,0,0,192,0,192,2,16,311,0,329,278,0,278,607
04/04/2018,CRQ,CA,AWP,WE,Towers with Radar,2,17,145,0,164,0,0,16,0,16,2,17,161,0,180,48,0,48,228
04/05/2018,CRQ,CA,AWP,WE,Towers with Radar,2,21,119,0,142,0,0,107,0,107,2,21,226,0,249,139,0,139,388
04/06/2018,CRQ,CA,AWP,WE,Towers with Radar,4,12,87,0,103,0,0,139,0,139,4,12,226,0,242,223,0,223,465
04/07/2018,CRQ,CA,AWP,WE,Towers with Radar,2,13,83,0,98,0,0,138,0,138,2,13,221,0,236,202,0,202,438
04/08/2018,CRQ,CA,AWP,WE,Towers with Radar,4,18,122,0,144,0,1,163,0,164,4,19,285,0,308,169,0,169,477
04/09/2018,CRQ,CA,AWP,WE,Towers with Radar,2,23,93,0,118,0,0,157,0,157,2,23,250,0,275,202,0,202,477
04/10/2018,CRQ,CA,AWP,WE,Towers with Radar,3,9,100,0,112,0,2,225,0,227,3,11,325,0,339,256,0,256,595
04/11/2018,CRQ,CA,AWP,WE,Towers with Radar,0,17,123,1,141,0,0,170,0,170,0,17,293,1,311,250,0,250,561
04/12/2018,CRQ,CA,AWP,WE,Towers with Radar,0,16,82,0,98,0,0,107,0,107,0,16,189,0,205,169,0,169,374
04/13/2018,CRQ,CA,AWP,WE,Towers with Radar,2,15,77,0,94,0,1,160,0,161,2,16,237,0,255,178,0,178,433
04/14/2018,CRQ,CA,AWP,WE,Towers with Radar,0,9,85,1,95,0,0,212,0,212,0,9,297,1,307,202,0,202,509
04/15/2018,CRQ,CA,AWP,WE,Towers with Radar,2,19,92,1,114,0,0,182,0,182,2,19,274,1,296,231,0,231,527
04/16/2018,CRQ,CA,AWP,WE,Towers with Radar,0,14,118,3,135,0,0,108,0,108,0,14,226,3,243,245,0,245,488
04/17/2018,CRQ,CA,AWP,WE,Towers with Radar,0,12,81,1,94,0,0,175,0,175,0,12,256,1,269,290,0,290,559
04/18/2018,CRQ,CA,AWP,WE,Towers with Radar,0,20,125,1,146,0,0,252,0,252,0,20,377,1,398,377,0,377,775
04/19/2018,CRQ,CA,AWP,WE,Towers with Radar,0,15,130,0,145,0,0,93,0,93,0,15,223,0,238,264,0,264,502
04/20/2018,CRQ,CA,AWP,WE,Towers with Radar,0,22,119,3,144,0,0,237,0,237,0,22,356,3,381,329,2,331,712
04/21/2018,CRQ,CA,AWP,WE,Towers with Radar,0,22,67,2,91,0,0,213,0,213,0,22,280,2,304,199,0,199,503
04/22/2018,CRQ,CA,AWP,WE,Towers with Radar,0,23,59,1,83,0,3,155,0,158,0,26,214,1,241,151,0,151,392
04/23/2018,CRQ,CA,AWP,WE,Towers with Radar,0,25,115,0,140,0,0,80,0,80,0,25,195,0,220,143,0,143,363
04/24/2018,CRQ,CA,AWP,WE,Towers with Radar,0,18,110,2,130,0,0,150,0,150,0,18,260,2,280,344,0,344,624
04/25/2018,CRQ,CA,AWP,WE,Towers with Radar,0,12,132,2,146,0,0,201,1,202,0,12,333,3,348,392,0,392,740
04/26/2018,CRQ,CA,AWP,WE,Towers with Radar,0,13,105,1,119,0,0,78,0,78,0,13,183,1,197,199,0,199,396
04/27/2018,CRQ,CA,AWP,WE,Towers with Radar,0,11,121,0,132,0,0,116,0,116,0,11,237,0,248,196,0,196,444
04/28/2018,CRQ,CA,AWP,WE,Towers with Radar,0,15,62,7,84,0,0,138,1,139,0,15,200,8,223,116,1,117,340
04/29/2018,CRQ,CA,AWP,WE,Towers with Radar,0,24,116,0,140,0,0,106,0,106,0,24,222,0,246,157,0,157,403
04/30/2018,CRQ,CA,AWP,WE,Towers with Radar,0,13,122,2,137,0,0,53,0,53,0,13,175,2,190,207,0,207,397
05/01/2018,CRQ,CA,AWP,WE,Towers with Radar,0,9,101,3,113,0,0,24,0,24,0,9,125,3,137,333,2,335,472
05/02/2018,CRQ,CA,AWP,WE,Towers with Radar,0,14,100,0,114,0,0,53,0,53,0,14,153,0,167,210,0,210,377
05/03/2018,CRQ,CA,AWP,WE,Towers with Radar,0,24,115,0,139,0,0,216,0,216,0,24,331,0,355,359,6,365,720
05/04/2018,CRQ,CA,AWP,WE,Towers with Radar,0,31,109,0,140,0,1,242,0,243,0,32,351,0,383,254,0,254,637
05/05/2018,CRQ,CA,AWP,WE,Towers with Radar,0,12,83,1,96,0,0,175,0,175,0,12,258,1,271,220,0,220,491
05/06/2018,CRQ,CA,AWP,WE,Towers with Radar,0,31,88,0,119,0,0,169,0,169,0,31,257,0,288,227,0,227,515
05/07/2018,CRQ,CA,AWP,WE,Towers with Radar,0,15,84,0,99,0,0,120,0,120,0,15,204,0,219,250,0,250,469
05/08/2018,CRQ,CA,AWP,WE,Towers with Radar,0,14,109,0,123,0,0,109,0,109,0,14,218,0,232,168,0,168,400
05/09/2018,CRQ,CA,AWP,WE,Towers with Radar,0,20,111,2,133,0,0,188,0,188,0,20,299,2,321,280,0,280,601
05/10/2018,CRQ,CA,AWP,WE,Towers with Radar,0,14,124,0,138,0,0,61,0,61,0,14,185,0,199,52,0,52,251
05/11/2018,CRQ,CA,AWP,WE,Towers with Radar,0,20,151,2,173,0,0,28,0,28,0,20,179,2,201,12,0,12,213
05/12/2018,CRQ,CA,AWP,WE,Towers with Radar,0,14,132,2,148,0,0,58,0,58,0,14,190,2,206,201,0,201,407
05/13/2018,CRQ,CA,AWP,WE,Towers with Radar,0,16,89,2,107,0,1,133,0,134,0,17,222,2,241,122,0,122,363
05/14/2018,CRQ,CA,AWP,WE,Towers with Radar,0,13,93,0,106,0,0,129,0,129,0,13,222,0,235,164,0,164,399
05/15/2018,CRQ,CA,AWP,WE,Towers with Radar,0,10,98,2,110,0,1,169,3,173,0,11,267,5,283,239,0,239,522
05/16/2018,CRQ,CA,AWP,WE,Towers with Radar,0,9,111,4,124,0,0,184,0,184,0,9,295,4,308,294,2,296,604
05/17/2018,CRQ,CA,AWP,WE,Towers with Radar,0,14,128,1,143,0,0,109,0,109,0,14,237,1,252,199,0,199,451
05/18/2018,CRQ,CA,AWP,WE,Towers with Radar,0,19,120,1,140,0,0,93,0,93,0,19,213,1,233,281,0,281,514
05/19/2018,CRQ,CA,AWP,WE,Towers with Radar,0,17,146,1,164,0,0,33,0,33,0,17,179,1,197,265,0,265,462
05/20/2018,CRQ,CA,AWP,WE,Towers with Radar,0,22,164,1,187,0,0,19,0,19,0,22,183,1,206,98,0,98,304
05/21/2018,CRQ,CA,AWP,WE,Towers with Radar,0,22,134,0,156,0,0,50,0,50,0,22,184,0,206,213,0,213,419
05/22/2018,CRQ,CA,AWP,WE,Towers with Radar,0,10,127,10,147,0,0,132,0,132,0,10,259,10,279,350,0,350,629
05/23/2018,CRQ,CA,AWP,WE,Towers with Radar,0,13,154,0,167,0,0,107,0,107,0,13,261,0,274,193,0,193,467
05/24/2018,CRQ,CA,AWP,WE,Towers with Radar,0,18,145,2,165,0,0,41,0,41,0,18,186,2,206,156,0,156,362
05/25/2018,CRQ,CA,AWP,WE,Towers with Radar,0,17,127,0,144,0,0,159,0,159,0,17,286,0,303,192,0,192,495
05/26/2018,CRQ,CA,AWP,WE,Towers with Radar,0,11,92,0,103,0,0,86,0,86,0,11,178,0,189,138,2,140,329
05/27/2018,CRQ,CA,AWP,WE,Towers with Radar,0,10,69,0,79,0,0,116,0,116,0,10,185,0,195,138,0,138,333
05/28/2018,CRQ,CA,AWP,WE,Towers with Radar,0,23,144,0,167,0,0,88,0,88,0,23,232,0,255,121,0,121,376
05/29/2018,CRQ,CA,AWP,WE,Towers with Radar,0,6,145,0,151,0,0,46,0,46,0,6,191,0,197,62,0,62,259
05/30/2018,CRQ,CA,AWP,WE,Towers with Radar,0,10,121,4,135,0,0,66,0,66,0,10,187,4,201,175,0,175,376
05/31/2018,CRQ,CA,AWP,WE,Towers with Radar,0,12,127,2,141,0,0,106,0,106,0,12,233,2,247,223,0,223,470
06/01/2018,CRQ,CA,AWP,WE,Towers with Radar,0,19,109,0,128,0,0,246,0,246,0,19,355,0,374,256,0,256,630
06/02/2018,CRQ,CA,AWP,WE,Towers with Radar,0,11,77,4,92,0,0,179,0,179,0,11,256,4,271,172,0,172,443
06/03/2018,CRQ,CA,AWP,WE,Towers with Radar,0,22,65,0,87,0,0,183,0,183,0,22,248,0,270,285,0,285,555
06/04/2018,CRQ,CA,AWP,WE,Towers with Radar,0,19,126,2,147,0,0,87,0,87,0,19,213,2,234,80,0,80,314
06/05/2018,CRQ,CA,AWP,WE,Towers with Radar,0,12,110,2,124,0,0,92,0,92,0,12,202,2,216,174,0,174,390
06/06/2018,CRQ,CA,AWP,WE,Towers with Radar,0,18,126,0,144,0,0,147,0,147,0,18,273,0,291,200,0,200,491
06/07/2018,CRQ,CA,AWP,WE,Towers with Radar,0,27,125,0,152,0,0,191,0,191,0,27,316,0,343,155,0,155,498
06/08/2018,CRQ,CA,AWP,WE,Towers with Radar,0,24,98,5,127,0,0,204,0,204,0,24,302,5,331,140,9,149,480
06/09/2018,CRQ,CA,AWP,WE,Towers with Radar,0,12,71,0,83,0,0,138,0,138,0,12,209,0,221,217,0,217,438
06/10/2018,CRQ,CA,AWP,WE,Towers with Radar,0,27,74,0,101,0,2,140,0,142,0,29,214,0,243,179,0,179,422
06/11/2018,CRQ,CA,AWP,WE,Towers with Radar,0,16,82,3,101,0,1,158,0,159,0,17,240,3,260,215,0,215,475
06/12/2018,CRQ,CA,AWP,WE,Towers with Radar,0,7,73,1,81,0,0,125,0,125,0,7,198,1,206,241,0,241,447
06/13/2018,CRQ,CA,AWP,WE,Towers with Radar,0,13,93,0,106,0,1,149,0,150,0,14,242,0,256,237,3,240,496
06/14/2018,CRQ,CA,AWP,WE,Towers with Radar,0,12,118,2,132,0,0,156,0,156,0,12,274,2,288,231,2,233,521
06/15/2018,CRQ,CA,AWP,WE,Towers with Radar,0,19,112,2,133,0,0,147,0,147,0,19,259,2,280,130,0,130,410
06/16/2018,CRQ,CA,AWP,WE,Towers with Radar,0,11,102,2,115,0,0,46,0,46,0,11,148,2,161,176,0,176,337
06/17/2018,CRQ,CA,AWP,WE,Towers with Radar,0,19,91,1,111,0,0,93,0,93,0,19,184,1,204,101,0,101,305
06/18/2018,CRQ,CA,AWP,WE,Towers with Radar,0,21,103,4,128,0,0,92,3,95,0,21,195,7,223,173,0,173,396
06/19/2018,CRQ,CA,AWP,WE,Towers with Radar,0,14,142,0,156,0,0,101,0,101,0,14,243,0,257,197,0,197,454
06/20/2018,CRQ,CA,AWP,WE,Towers with Radar,0,13,148,2,163,0,1,91,0,92,0,14,239,2,255,79,0,79,334
06/21/2018,CRQ,CA,AWP,WE,Towers with Radar,0,19,114,0,133,0,0,88,0,88,0,19,202,0,221,138,0,138,359
06/22/2018,CRQ,CA,AWP,WE,Towers with Radar,0,30,149,6,185,0,0,90,0,90,0,30,239,6,275,107,0,107,382
06/23/2018,CRQ,CA,AWP,WE,Towers with Radar,0,16,146,1,163,0,0,39,0,39,0,16,185,1,202,69,0,69,271
06/24/2018,CRQ,CA,AWP,WE,Towers with Radar,0,26,115,1,142,0,0,127,0,127,0,26,242,1,269,206,0,206,475
06/25/2018,CRQ,CA,AWP,WE,Towers with Radar,0,15,84,0,99,0,0,152,0,152,0,15,236,0,251,313,0,313,564
06/26/2018,CRQ,CA,AWP,WE,Towers with Radar,0,17,101,0,118,0,0,202,0,202,0,17,303,0,320,231,0,231,551
06/27/2018,CRQ,CA,AWP,WE,Towers with Radar,0,13,92,0,105,0,11,155,0,166,0,24,247,0,271,239,0,239,510
06/28/2018,CRQ,CA,AWP,WE,Towers with Radar,0,25,124,0,149,0,1,167,0,168,0,26,291,0,317,189,2,191,508
06/29/2018,CRQ,CA,AWP,WE,Towers with Radar,0,21,133,0,154,0,0,100,0,100,0,21,233,0,254,240,0,240,494
06/30/2018,CRQ,CA,AWP,WE,Towers with Radar,0,21,94,0,115,0,0,100,0,100,0,21,194,0,215,239,0,239,454
07/01/2018,CRQ,CA,AWP,WE,Towers with Radar,0,31,95,0,126,0,0,149,0,149,0,31,244,0,275,204,0,204,479
07/02/2018,CRQ,CA,AWP,WE,Towers with Radar,0,13,81,0,94,0,0,117,1,118,0,13,198,1,212,196,0,196,408
07/03/2018,CRQ,CA,AWP,WE,Towers with Radar,0,15,84,0,99,0,0,2,0,2,0,15,86,0,101,0,0,0,101
07/04/2018,CRQ,CA,AWP,WE,Towers with Radar,0,5,46,0,51,0,0,95,0,95,0,5,141,0,146,207,1,208,354
07/05/2018,CRQ,CA,AWP,WE,Towers with Radar,0,14,79,0,93,0,0,160,1,161,0,14,239,1,254,193,0,193,447
07/06/2018,CRQ,CA,AWP,WE,Towers with Radar,0,20,70,0,90,0,0,210,0,210,0,20,280,0,300,288,0,288,588
07/07/2018,CRQ,CA,AWP,WE,Towers with Radar,0,10,67,0,77,0,0,134,0,134,0,10,201,0,211,235,0,235,446
07/08/2018,CRQ,CA,AWP,WE,Towers with Radar,0,26,80,0,106,0,0,161,0,161,0,26,241,0,267,215,0,215,482
07/09/2018,CRQ,CA,AWP,WE,Towers with Radar,0,12,87,2,101,0,0,87,0,87,0,12,174,2,188,305,0,305,493
07/10/2018,CRQ,CA,AWP,WE,Towers with Radar,0,12,90,0,102,0,0,116,0,116,0,12,206,0,218,274,0,274,492
07/11/2018,CRQ,CA,AWP,WE,Towers with Radar,0,16,101,0,117,0,0,161,0,161,0,16,262,0,278,318,0,318,596
07/12/2018,CRQ,CA,AWP,WE,Towers with Radar,0,11,101,1,113,0,0,152,0,152,0,11,253,1,265,188,4,192,457
07/13/2018,CRQ,CA,AWP,WE,Towers with Radar,0,9,131,4,144,0,1,99,0,100,0,10,230,4,244,250,0,250,494
07/14/2018,CRQ,CA,AWP,WE,Towers with Radar,0,15,104,1,120,0,0,98,0,98,0,15,202,1,218,80,0,80,298
07/15/2018,CRQ,CA,AWP,WE,Towers with Radar,0,13,91,1,105,0,0,149,0,149,0,13,240,1,254,128,0,128,382
07/16/2018,CRQ,CA,AWP,WE,Towers with Radar,0,18,111,0,129,0,0,98,0,98,0,18,209,0,227,141,0,141,368
07/17/2018,CRQ,CA,AWP,WE,Towers with Radar,0,12,153,2,167,0,0,28,0,28,0,12,181,2,195,46,0,46,241
07/18/2018,CRQ,CA,AWP,WE,Towers with Radar,0,17,141,0,158,0,0,134,0,134,0,17,275,0,292,241,0,241,533
07/19/2018,CRQ,CA,AWP,WE,Towers with Radar,0,19,95,0,114,0,0,148,0,148,0,19,243,0,262,227,2,229,491
07/20/2018,CRQ,CA,AWP,WE,Towers with Radar,0,18,118,5,141,0,0,144,0,144,0,18,262,5,285,154,0,154,439
07/21/2018,CRQ,CA,AWP,WE,Towers with Radar,0,17,111,1,129,0,0,169,0,169,0,17,280,1,298,200,0,200,498
07/22/2018,CRQ,CA,AWP,WE,Towers with Radar,0,22,88,1,111,0,0,185,0,185,0,22,273,1,296,163,0,163,459
07/23/2018,CRQ,CA,AWP,WE,Towers with Radar,0,24,76,0,100,0,0,148,0,148,0,24,224,0,248,247,0,247,495
07/24/2018,CRQ,CA,AWP,WE,Towers with Radar,0,15,93,0,108,0,0,143,0,143,0,15,236,0,251,223,0,223,474
07/25/2018,CRQ,CA,AWP,WE,Towers with Radar,0,20,124,0,144,0,1,66,0,67,0,21,190,0,211,69,0,69,280
07/26/2018,CRQ,CA,AWP,WE,Towers with Radar,0,22,129,0,151,0,0,104,0,104,0,22,233,0,255,130,0,130,385
07/27/2018,CRQ,CA,AWP,WE,Towers with Radar,0,17,139,2,158,0,0,80,0,80,0,17,219,2,238,99,0,99,337
07/28/2018,CRQ,CA,AWP,WE,Towers with Radar,0,10,93,0,103,0,0,110,0,110,0,10,203,0,213,58,0,58,271
07/29/2018,CRQ,CA,AWP,WE,Towers with Radar,0,30,92,0,122,0,0,172,0,172,0,30,264,0,294,104,0,104,398
07/30/2018,CRQ,CA,AWP,WE,Towers with Radar,0,19,67,0,86,0,0,135,0,135,0,19,202,0,221,210,0,210,431
07/31/2018,CRQ,CA,AWP,WE,Towers with Radar,0,26,95,2,123,0,0,188,0,188,0,26,283,2,311,270,0,270,581
08/01/2018,CRQ,CA,AWP,WE,Towers with Radar,0,9,97,0,106,0,1,161,3,165,0,10,258,3,271,284,4,288,559
08/02/2018,CRQ,CA,AWP,WE,Towers with Radar,0,11,73,0,84,0,0,3,0,3,0,11,76,0,87,0,0,0,87
08/03/2018,CRQ,CA,AWP,WE,Towers with Radar,0,26,96,3,125,0,0,162,0,162,0,26,258,3,287,333,0,333,620
08/04/2018,CRQ,CA,AWP,WE,Towers with Radar,0,11,74,0,85,0,0,137,0,137,0,11,211,0,222,64,0,64,286
08/05/2018,CRQ,CA,AWP,WE,Towers with Radar,0,20,92,0,112,0,0,149,0,149,0,20,241,0,261,151,0,151,412
08/06/2018,CRQ,CA,AWP,WE,Towers with Radar,0,14,73,1,88,0,0,135,0,135,0,14,208,1,223,109,0,109,332
08/07/2018,CRQ,CA,AWP,WE,Towers with Radar,0,14,112,0,126,0,0,159,0,159,0,14,271,0,285,218,0,218,503
08/08/2018,CRQ,CA,AWP,WE,Towers with Radar,0,20,90,0,110,0,0,172,0,172,0,20,262,0,282,193,0,193,475
08/09/2018,CRQ,CA,AWP,WE,Towers with Radar,0,16,87,1,104,0,0,145,0,145,0,16,232,1,249,348,0,348,597
08/10/2018,CRQ,CA,AWP,WE,Towers with Radar,1,16,110,6,133,0,0,161,0,161,1,16,271,6,294,202,0,202,496
08/11/2018,CRQ,CA,AWP,WE,Towers with Radar,0,10,86,0,96,0,0,160,0,160,0,10,246,0,256,146,0,146,402
08/12/2018,CRQ,CA,AWP,WE,Towers with Radar,0,27,85,0,112,0,0,103,0,103,0,27,188,0,215,136,0,136,351
08/13/2018,CRQ,CA,AWP,WE,Towers with Radar,0,28,107,0,135,0,0,189,0,189,0,28,296,0,324,204,0,204,528
08/14/2018,CRQ,CA,AWP,WE,Towers with Radar,0,20,123,0,143,0,2,149,1,152,0,22,272,1,295,165,0,165,460
08/15/2018,CRQ,CA,AWP,WE,Towers with Radar,0,13,140,6,159,0,0,99,0,99,0,13,239,6,258,226,0,226,484
08/16/2018,CRQ,CA,AWP,WE,Towers with Radar,0,23,117,1,141,0,0,6,0,6,0,23,123,1,147,0,0,0,147
08/17/2018,CRQ,CA,AWP,WE,Towers with Radar,0,23,140,0,163,0,0,130,0,130,0,23,270,0,293,182,0,182,475
08/18/2018,CRQ,CA,AWP,WE,Towers with Radar,0,11,111,0,122,0,0,67,0,67,0,11,178,0,189,89,0,89,278
08/19/2018,CRQ,CA,AWP,WE,Towers with Radar,0,24,90,0,114,0,0,163,0,163,0,24,253,0,277,232,0,232,509
08/20/2018,CRQ,CA,AWP,WE,Towers with Radar,0,21,93,0,114,0,0,98,0,98,0,21,191,0,212,137,0,137,349
08/21/2018,CRQ,CA,AWP,WE,Towers with Radar,0,20,105,0,125,0,2,142,0,144,0,22,247,0,269,255,0,255,524
08/22/2018,CRQ,CA,AWP,WE,Towers with Radar,0,10,108,1,119,0,0,167,0,167,0,10,275,1,286,246,0,246,532
08/23/2018,CRQ,CA,AWP,WE,Towers with Radar,0,20,104,0,124,0,0,141,0,141,0,20,245,0,265,189,1,190,455
08/24/2018,CRQ,CA,AWP,WE,Towers with Radar,0,19,146,0,165,0,0,82,0,82,0,19,228,0,247,133,0,133,380
08/25/2018,CRQ,CA,AWP,WE,Towers with Radar,0,25,113,3,141,0,0,98,0,98,0,25,211,3,239,196,0,196,435
08/26/2018,CRQ,CA,AWP,WE,Towers with Radar,0,26,95,3,124,0,0,94,0,94,0,26,189,3,218,102,0,102,320
08/27/2018,CRQ,CA,AWP,WE,Towers with Radar,0,17,106,0,123,0,1,199,0,200,0,18,305,0,323,287,0,287,610
08/28/2018,CRQ,CA,AWP,WE,Towers with Radar,0,12,96,0,108,0,0,179,0,179,0,12,275,0,287,210,0,210,497
08/29/2018,CRQ,CA,AWP,WE,Towers with Radar,0,10,88,2,100,0,0,200,0,200,0,10,288,2,300,193,0,193,493
08/30/2018,CRQ,CA,AWP,WE,Towers with Radar,0,17,109,0,126,0,0,146,0,146,0,17,255,0,272,175,0,175,447
08/31/2018,CRQ,CA,AWP,WE,Towers with Radar,0,16,131,0,147,0,0,129,0,129,0,16,260,0,276,226,0,226,502
09/01/2018,CRQ,CA,AWP,WE,Towers with Radar,0,11,65,0,76,0,1,94,0,95,0,12,159,0,171,161,0,161,332
09/02/2018,CRQ,CA,AWP,WE,Towers with Radar,0,17,55,0,72,0,0,76,0,76,0,17,131,0,148,114,0,114,262
09/03/2018,CRQ,CA,AWP,WE,Towers with Radar,0,20,168,0,188,0,1,71,0,72,0,21,239,0,260,196,0,196,456
09/04/2018,CRQ,CA,AWP,WE,Towers with Radar,0,11,146,6,163,0,0,9,0,9,0,11,155,6,172,60,0,60,232
09/05/2018,CRQ,CA,AWP,WE,Towers with Radar,0,10,122,4,136,0,0,124,0,124,0,10,246,4,260,251,0,251,511
09/06/2018,CRQ,CA,AWP,WE,Towers with Radar,0,23,123,0,146,0,0,3,0,3,0,23,126,0,149,0,0,0,149
09/07/2018,CRQ,CA,AWP,WE,Towers with Radar,0,19,128,6,153,0,0,156,0,156,0,19,284,6,309,167,0,167,476
09/08/2018,CRQ,CA,AWP,WE,Towers with Radar,0,9,76,0,85,0,0,94,0,94,0,9,170,0,179,166,0,166,345
09/09/2018,CRQ,CA,AWP,WE,Towers with Radar,0,9,79,0,88,0,0,104,0,104,0,9,183,0,192,181,0,181,373
09/10/2018,CRQ,CA,AWP,WE,Towers with Radar,0,5,94,6,105,0,0,136,0,136,0,5,230,6,241,246,2,248,489
09/11/2018,CRQ,CA,AWP,WE,Towers with Radar,0,21,111,1,133,0,0,218,0,218,0,21,329,1,351,235,6,241,592
09/12/2018,CRQ,CA,AWP,WE,Towers with Radar,0,17,135,4,156,0,0,203,1,204,0,17,338,5,360,248,2,250,610
09/13/2018,CRQ,CA,AWP,WE,Towers with Radar,0,26,103,0,129,0,0,178,0,178,0,26,281,0,307,295,0,295,602
09/14/2018,CRQ,CA,AWP,WE,Towers with Radar,0,28,99,0,127,0,0,162,0,162,0,28,261,0,289,276,0,276,565
09/15/2018,CRQ,CA,AWP,WE,Towers with Radar,0,8,61,0,69,0,0,121,0,121,0,8,182,0,190,132,0,132,322
09/16/2018,CRQ,CA,AWP,WE,Towers with Radar,0,20,67,0,87,0,1,147,0,148,0,21,214,0,235,192,0,192,427
09/17/2018,CRQ,CA,AWP,WE,Towers with Radar,0,9,73,0,82,0,0,162,0,162,0,9,235,0,244,234,0,234,478
09/18/2018,CRQ,CA,AWP,WE,Towers with Radar,0,12,87,3,102,0,1,156,0,157,0,13,243,3,259,157,0,157,416
09/19/2018,CRQ,CA,AWP,WE,Towers with Radar,0,10,116,0,126,0,0,188,0,188,0,10,304,0,314,201,2,203,517
09/20/2018,CRQ,CA,AWP,WE,Towers with Radar,0,10,108,1,119,0,1,147,0,148,0,11,255,1,267,180,0,180,447
09/21/2018,CRQ,CA,AWP,WE,Towers with Radar,0,14,110,0,124,0,1,120,0,121,0,15,230,0,245,163,0,163,408
09/22/2018,CRQ,CA,AWP,WE,Towers with Radar,0,12,80,1,93,0,0,115,0,115,0,12,195,1,208,129,0,129,337
09/23/2018,CRQ,CA,AWP,WE,Towers with Radar,0,17,94,0,111,0,0,97,0,97,0,17,191,0,208,75,0,75,283
09/24/2018,CRQ,CA,AWP,WE,Towers with Radar,0,25,143,0,168,0,0,0,0,0,0,25,143,0,168,31,0,31,199
09/25/2018,CRQ,CA,AWP,WE,Towers with Radar,0,15,123,1,139,0,0,105,0,105,0,15,228,1,244,110,0,110,354
09/26/2018,CRQ,CA,AWP,WE,Towers with Radar,0,20,135,4,159,0,0,39,0,39,0,20,174,4,198,4,0,4,202
09/27/2018,CRQ,CA,AWP,WE,Towers with Radar,0,19,131,0,150,0,0,5,0,5,0,19,136,0,155,0,0,0,155
09/28/2018,CRQ,CA,AWP,WE,Towers with Radar,0,18,126,2,146,0,0,63,0,63,0,18,189,2,209,125,0,125,334
09/29/2018,CRQ,CA,AWP,WE,Towers with Radar,0,23,72,0,95,0,0,165,0,165,0,23,237,0,260,206,0,206,466
09/30/2018,CRQ,CA,AWP,WE,Towers with Radar,0,26,67,1,94,0,0,127,0,127,0,26,194,1,221,81,0,81,302
10/01/2018,CRQ,CA,AWP,WE,Towers with Radar,0,15,99,7,121,0,0,163,0,163,0,15,262,7,284,260,0,260,544
10/02/2018,CRQ,CA,AWP,WE,Towers with Radar,0,14,65,0,79,0,0,5,0,5,0,14,70,0,84,0,0,0,84
10/03/2018,CRQ,CA,AWP,WE,Towers with Radar,0,6,107,0,113,0,0,130,0,130,0,6,237,0,243,167,0,167,410
10/04/2018,CRQ,CA,AWP,WE,Towers with Radar,0,17,111,0,128,0,1,128,0,129,0,18,239,0,257,203,0,203,460
10/05/2018,CRQ,CA,AWP,WE,Towers with Radar,0,19,109,6,134,0,0,129,0,129,0,19,238,6,263,193,0,193,456
10/06/2018,CRQ,CA,AWP,WE,Towers with Radar,0,16,113,3,132,0,0,32,0,32,0,16,145,3,164,88,0,88,252
10/07/2018,CRQ,CA,AWP,WE,Towers with Radar,0,35,101,1,137,0,0,97,0,97,0,35,198,1,234,135,0,135,369
10/08/2018,CRQ,CA,AWP,WE,Towers with Radar,0,22,93,2,117,0,1,127,1,129,0,23,220,3,246,247,4,251,497
10/09/2018,CRQ,CA,AWP,WE,Towers with Radar,0,18,110,1,129,0,1,146,0,147,0,19,256,1,276,178,0,178,454
10/10/2018,CRQ,CA,AWP,WE,Towers with Radar,0,14,80,0,94,0,0,139,0,139,0,14,219,0,233,311,0,311,544
10/11/2018,CRQ,CA,AWP,WE,Towers with Radar,0,20,101,0,121,0,0,120,0,120,0,20,221,0,241,269,0,269,510
10/12/2018,CRQ,CA,AWP,WE,Towers with Radar,0,24,91,0,115,0,0,131,0,131,0,24,222,0,246,228,0,228,474
10/13/2018,CRQ,CA,AWP,WE,Towers with Radar,0,13,77,2,92,0,0,37,1,38,0,13,114,3,130,174,0,174,304
10/14/2018,CRQ,CA,AWP,WE,Towers with Radar,0,14,102,0,116,0,0,106,1,107,0,14,208,1,223,195,0,195,418
10/15/2018,CRQ,CA,AWP,WE,Towers with Radar,0,15,52,2,69,0,0,99,0,99,0,15,151,2,168,176,0,176,344
10/16/2018,CRQ,CA,AWP,WE,Towers with Radar,0,14,64,0,78,0,0,151,0,151,0,14,215,0,229,320,0,320,549
10/17/2018,CRQ,CA,AWP,WE,Towers with Radar,0,18,98,0,116,0,0,141,0,141,0,18,239,0,257,292,3,295,552
10/18/2018,CRQ,CA,AWP,WE,Towers with Radar,0,25,96,0,121,0,0,128,0,128,0,25,224,0,249,270,0,270,519
10/19/2018,CRQ,CA,AWP,WE,Towers with Radar,0,15,122,0,137,0,0,158,0,158,0,15,280,0,295,252,0,252,547
10/20/2018,CRQ,CA,AWP,WE,Towers with Radar,0,23,41,0,64,0,0,157,0,157,0,23,198,0,221,229,0,229,450
10/21/2018,CRQ,CA,AWP,WE,Towers with Radar,0,30,78,0,108,0,0,139,0,139,0,30,217,0,247,143,0,143,390
10/22/2018,CRQ,CA,AWP,WE,Towers with Radar,0,17,101,2,120,0,0,134,0,134,0,17,235,2,254,240,0,240,494
10/23/2018,CRQ,CA,AWP,WE,Towers with Radar,0,6,139,1,146,0,1,84,0,85,0,7,223,1,231,120,0,120,351
10/24/2018,CRQ,CA,AWP,WE,Towers with Radar,0,18,101,1,120,0,0,163,1,164,0,18,264,2,284,235,0,235,519
10/25/2018,CRQ,CA,AWP,WE,Towers with Radar,0,16,114,0,130,0,0,106,0,106,0,16,220,0,236,165,0,165,401
10/26/2018,CRQ,CA,AWP,WE,Towers with Radar,0,21,96,0,117,0,0,145,0,145,0,21,241,0,262,204,0,204,466
10/27/2018,CRQ,CA,AWP,WE,Towers with Radar,0,6,92,0,98,0,4,132,0,136,0,10,224,0,234,131,0,131,365
10/28/2018,CRQ,CA,AWP,WE,Towers with Radar,0,15,81,0,96,0,0,103,0,103,0,15,184,0,199,91,0,91,290
10/29/2018,CRQ,CA,AWP,WE,Towers with Radar,0,5,106,0,111,0,0,142,0,142,0,5,248,0,253,180,0,180,433
10/30/2018,CRQ,CA,AWP,WE,Towers with Radar,0,12,117,0,129,0,0,148,0,148,0,12,265,0,277,259,0,259,536
10/31/2018,CRQ,CA,AWP,WE,Towers with Radar,0,17,92,0,109,0,0,128,0,128,0,17,220,0,237,287,0,287,524
11/01/2018,CRQ,CA,AWP,WE,Towers with Radar,0,19,103,4,126,0,0,185,0,185,0,19,288,4,311,255,0,255,566
11/02/2018,CRQ,CA,AWP,WE,Towers with Radar,0,19,59,0,78,0,0,2,0,2,0,19,61,0,80,0,0,0,80
11/03/2018,CRQ,CA,AWP,WE,Towers with Radar,0,20,53,0,73,0,0,146,0,146,0,20,199,0,219,159,0,159,378
11/04/2018,CRQ,CA,AWP,WE,Towers with Radar,0,18,61,0,79,0,0,107,0,107,0,18,168,0,186,143,0,143,329
11/05/2018,CRQ,CA,AWP,WE,Towers with Radar,0,18,94,1,113,0,0,142,0,142,0,18,236,1,255,243,0,243,498
11/06/2018,CRQ,CA,AWP,WE,Towers with Radar,0,17,111,0,128,0,0,165,0,165,0,17,276,0,293,357,0,357,650
11/07/2018,CRQ,CA,AWP,WE,Towers with Radar,0,26,115,0,141,0,2,99,0,101,0,28,214,0,242,192,0,192,434
11/08/2018,CRQ,CA,AWP,WE,Towers with Radar,0,29,102,0,131,0,0,153,0,153,0,29,255,0,284,144,2,146,430
11/09/2018,CRQ,CA,AWP,WE,Towers with Radar,0,29,97,0,126,0,0,122,0,122,0,29,219,0,248,190,0,190,438
11/10/2018,CRQ,CA,AWP,WE,Towers with Radar,0,22,57,0,79,0,0,156,0,156,0,22,213,0,235,179,0,179,414
11/11/2018,CRQ,CA,AWP,WE,Towers with Radar,0,32,71,0,103,0,0,121,0,121,0,32,192,0,224,126,0,126,350
11/12/2018,CRQ,CA,AWP,WE,Towers with Radar,0,20,62,0,82,0,0,93,2,95,0,20,155,2,177,204,0,204,381
11/13/2018,CRQ,CA,AWP,WE,Towers with Radar,0,12,62,0,74,0,0,84,0,84,0,12,146,0,158,145,0,145,303
11/14/2018,CRQ,CA,AWP,WE,Towers with Radar,0,23,91,4,118,0,0,154,0,154,0,23,245,4,272,224,0,224,496
11/15/2018,CRQ,CA,AWP,WE,Towers with Radar,0,35,94,0,129,0,1,2,0,3,0,36,96,0,132,0,0,0,132
11/16/2018,CRQ,CA,AWP,WE,Towers with Radar,0,41,111,0,152,0,0,173,0,173,0,41,284,0,325,196,0,196,521
11/17/2018,CRQ,CA,AWP,WE,Towers with Radar,0,25,98,2,125,0,0,235,0,235,0,25,333,2,360,134,0,134,494
11/18/2018,CRQ,CA,AWP,WE,Towers with Radar,0,23,87,0,110,0,0,176,0,176,0,23,263,0,286,134,0,134,420
11/19/2018,CRQ,CA,AWP,WE,Towers with Radar,0,30,96,2,128,0,0,178,0,178,0,30,274,2,306,290,0,290,596
11/20/2018,CRQ,CA,AWP,WE,Towers with Radar,0,25,112,1,138,0,0,180,3,183,0,25,292,4,321,156,0,156,477
11/21/2018,CRQ,CA,AWP,WE,Towers with Radar,0,21,115,0,136,0,1,160,0,161,0,22,275,0,297,209,0,209,506
11/22/2018,CRQ,CA,AWP,WE,Towers with Radar,0,18,35,0,53,0,1,22,0,23,0,19,57,0,76,6,0,6,82
11/23/2018,CRQ,CA,AWP,WE,Towers with Radar,0,21,60,0,81,0,1,101,0,102,0,22,161,0,183,141,0,141,324
11/24/2018,CRQ,CA,AWP,WE,Towers with Radar,0,30,105,0,135,0,0,105,0,105,0,30,210,0,240,147,0,147,387
11/25/2018,CRQ,CA,AWP,WE,Towers with Radar,0,26,103,0,129,0,0,136,0,136,0,26,239,0,265,106,0,106,371
11/26/2018,CRQ,CA,AWP,WE,Towers with Radar,0,20,75,0,95,0,0,142,0,142,0,20,217,0,237,137,0,137,374
11/27/2018,CRQ,CA,AWP,WE,Towers with Radar,0,17,83,2,102,0,0,181,0,181,0,17,264,2,283,199,0,199,482
11/28/2018,CRQ,CA,AWP,WE,Towers with Radar,0,24,139,3,166,0,0,109,0,109,0,24,248,3,275,263,0,263,538
11/29/2018,CRQ,CA,AWP,WE,Towers with Radar,0,21,51,8,80,0,0,0,0,0,0,21,51,8,80,0,0,0,80
11/30/2018,CRQ,CA,AWP,WE,Towers with Radar,0,18,134,2,154,0,0,60,1,61,0,18,194,3,215,189,2,191,406
12/01/2018,CRQ,CA,AWP,WE,Towers with Radar,0,12,98,0,110,0,0,115,0,115,0,12,213,0,225,131,0,131,356
12/02/2018,CRQ,CA,AWP,WE,Towers with Radar,0,17,82,0,99,0,0,169,0,169,0,17,251,0,268,194,0,194,462
12/03/2018,CRQ,CA,AWP,WE,Towers with Radar,0,26,63,4,93,0,0,161,0,161,0,26,224,4,254,212,0,212,466
12/04/2018,CRQ,CA,AWP,WE,Towers with Radar,0,5,81,0,86,0,3,178,0,181,0,8,259,0,267,267,0,267,534
12/05/2018,CRQ,CA,AWP,WE,Towers with Radar,0,7,55,0,62,0,0,3,0,3,0,7,58,0,65,0,0,0,65
12/06/2018,CRQ,CA,AWP,WE,Towers with Radar,0,3,43,1,47,0,0,0,0,0,0,3,43,1,47,0,0,0,47
12/07/2018,CRQ,CA,AWP,WE,Towers with Radar,0,7,112,2,121,0,0,128,0,128,0,7,240,2,249,158,0,158,407
12/08/2018,CRQ,CA,AWP,WE,Towers with Radar,0,14,42,0,56,0,0,2,0,2,0,14,44,0,58,0,0,0,58
12/09/2018,CRQ,CA,AWP,WE,Towers with Radar,0,13,73,0,86,0,0,1,0,1,0,13,74,0,87,0,0,0,87
12/10/2018,CRQ,CA,AWP,WE,Towers with Radar,0,18,73,1,92,0,0,127,0,127,0,18,200,1,219,178,0,178,397
12/11/2018,CRQ,CA,AWP,WE,Towers with Radar,0,11,68,3,82,0,0,130,0,130,0,11,198,3,212,109,0,109,321
12/12/2018,CRQ,CA,AWP,WE,Towers with Radar,0,14,85,7,106,0,0,193,1,194,0,14,278,8,300,180,0,180,480
12/13/2018,CRQ,CA,AWP,WE,Towers with Radar,0,14,77,0,91,0,0,153,0,153,0,14,230,0,244,228,0,228,472
12/14/2018,CRQ,CA,AWP,WE,Towers with Radar,1,28,103,1,133,0,1,178,0,179,1,29,281,1,312,197,0,197,509
12/15/2018,CRQ,CA,AWP,WE,Towers with Radar,0,15,58,2,75,0,1,185,0,186,0,16,243,2,261,133,0,133,394
12/16/2018,CRQ,CA,AWP,WE,Towers with Radar,0,30,74,1,105,0,0,168,0,168,0,30,242,1,273,141,0,141,414
12/17/2018,CRQ,CA,AWP,WE,Towers with Radar,0,20,63,0,83,0,0,125,0,125,0,20,188,0,208,194,0,194,402
12/18/2018,CRQ,CA,AWP,WE,Towers with Radar,0,21,100,0,121,0,0,164,0,164,0,21,264,0,285,232,0,232,517
12/19/2018,CRQ,CA,AWP,WE,Towers with Radar,0,23,107,0,130,0,0,181,0,181,0,23,288,0,311,231,0,231,542
12/20/2018,CRQ,CA,AWP,WE,Towers with Radar,0,16,97,0,113,0,0,147,0,147,0,16,244,0,260,189,0,189,449
12/21/2018,CRQ,CA,AWP,WE,Towers with Radar,0,17,78,0,95,0,0,84,0,84,0,17,162,0,179,84,0,84,263
12/22/2018,CRQ,CA,AWP,WE,Towers with Radar,0,16,61,0,77,0,0,119,0,119,0,16,180,0,196,145,0,145,341
12/23/2018,CRQ,CA,AWP,WE,Towers with Radar,0,16,66,0,82,0,1,113,0,114,0,17,179,0,196,89,0,89,285
12/24/2018,CRQ,CA,AWP,WE,Towers with Radar,0,4,45,0,49,0,0,80,0,80,0,4,125,0,129,120,0,120,249
12/25/2018,CRQ,CA,AWP,WE,Towers with Radar,0,5,24,0,29,0,0,16,0,16,0,5,40,0,45,0,0,0,45
12/26/2018,CRQ,CA,AWP,WE,Towers with Radar,0,25,85,0,110,0,0,147,0,147,0,25,232,0,257,112,1,113,370
12/27/2018,CRQ,CA,AWP,WE,Towers with Radar,0,19,95,0,114,0,0,132,0,132,0,19,227,0,246,197,1,198,444
12/28/2018,CRQ,CA,AWP,WE,Towers with Radar,0,16,64,2,82,0,1,82,0,83,0,17,146,2,165,93,0,93,258
12/29/2018,CRQ,CA,AWP,WE,Towers with Radar,0,28,57,1,86,0,0,133,0,133,0,28,190,1,219,137,0,137,356
12/30/2018,CRQ,CA,AWP,WE,Towers with Radar,0,9,68,0,77,0,0,120,0,120,0,9,188,0,197,114,0,114,311
12/31/2018,CRQ,CA,AWP,WE,Towers with Radar,0,6,40,0,46,0,0,16,0,16,0,6,56,0,62,19,0,19,81
01/01/2019,CRQ,CA,AWP,WE,Towers with Radar,0,10,47,0,57,0,0,35,0,35,0,10,82,0,92,41,0,41,133
01/02/2019,CRQ,CA,AWP,WE,Towers with Radar,0,15,91,0,106,0,0,193,0,193,0,15,284,0,299,277,0,277,576
01/03/2019,CRQ,CA,AWP,WE,Towers with Radar,0,21,58,0,79,0,0,1,0,1,0,21,59,0,80,0,0,0,80
01/04/2019,CRQ,CA,AWP,WE,Towers with Radar,0,22,90,3,115,0,0,141,0,141,0,22,231,3,256,138,0,138,394
01/05/2019,CRQ,CA,AWP,WE,Towers with Radar,0,14,101,1,116,0,0,63,0,63,0,14,164,1,179,157,0,157,336
01/06/2019,CRQ,CA,AWP,WE,Towers with Radar,0,30,87,2,119,0,0,62,0,62,0,30,149,2,181,153,0,153,334
01/07/2019,CRQ,CA,AWP,WE,Towers with Radar,0,10,89,0,99,0,0,167,0,167,0,10,256,0,266,269,0,269,535
01/08/2019,CRQ,CA,AWP,WE,Towers with Radar,0,9,79,4,92,0,1,140,0,141,0,10,219,4,233,142,0,142,375
01/09/2019,CRQ,CA,AWP,WE,Towers with Radar,0,11,88,6,105,0,0,132,0,132,0,11,220,6,237,132,0,132,369
01/10/2019,CRQ,CA,AWP,WE,Towers with Radar,0,25,76,0,101,0,0,1,0,1,0,25,77,0,102,0,0,0,102
01/11/2019,CRQ,CA,AWP,WE,Towers with Radar,0,7,103,0,110,0,0,94,0,94,0,7,197,0,204,142,0,142,346
01/12/2019,CRQ,CA,AWP,WE,Towers with Radar,0,8,49,0,57,0,0,26,0,26,0,8,75,0,83,63,0,63,146
01/13/2019,CRQ,CA,AWP,WE,Towers with Radar,0,24,87,0,111,0,0,144,0,144,0,24,231,0,255,122,0,122,377
01/14/2019,CRQ,CA,AWP,WE,Towers with Radar,0,9,52,0,61,0,0,21,0,21,0,9,73,0,82,56,0,56,138
01/15/2019,CRQ,CA,AWP,WE,Towers with Radar,0,8,61,2,71,0,0,50,0,50,0,8,111,2,121,179,0,179,300
01/16/2019,CRQ,CA,AWP,WE,Towers with Radar,0,5,78,0,83,0,0,28,0,28,0,5,106,0,111,238,0,238,349
01/17/2019,CRQ,CA,AWP,WE,Towers with Radar,0,14,64,4,82,0,0,0,0,0,0,14,64,4,82,0,0,0,82
01/18/2019,CRQ,CA,AWP,WE,Towers with Radar,0,12,140,2,154,0,0,107,0,107,0,12,247,2,261,170,0,170,431
01/19/2019,CRQ,CA,AWP,WE,Towers with Radar,0,14,82,1,97,0,0,213,0,213,0,14,295,1,310,177,0,177,487
01/20/2019,CRQ,CA,AWP,WE,Towers with Radar,0,10,74,1,85,0,0,138,0,138,0,10,212,1,223,150,0,150,373
01/21/2019,CRQ,CA,AWP,WE,Towers with Radar,0,14,76,1,91,0,0,103,0,103,0,14,179,1,194,138,0,138,332
01/22/2019,CRQ,CA,AWP,WE,Towers with Radar,0,13,49,1,63,0,1,127,0,128,0,14,176,1,191,304,0,304,495
01/23/2019,CRQ,CA,AWP,WE,Towers with Radar,0,12,85,2,99,0,0,158,1,159,0,12,243,3,258,288,1,289,547
01/24/2019,CRQ,CA,AWP,WE,Towers with Radar,0,15,73,0,88,0,0,5,0,5,0,15,78,0,93,0,0,0,93
01/25/2019,CRQ,CA,AWP,WE,Towers with Radar,0,22,118,5,145,0,0,176,0,176,0,22,294,5,321,207,0,207,528
01/26/2019,CRQ,CA,AWP,WE,Towers with Radar,0,12,64,2,78,0,0,134,0,134,0,12,198,2,212,207,0,207,419
01/27/2019,CRQ,CA,AWP,WE,Towers with Radar,0,34,105,3,142,0,8,187,0,195,0,42,292,3,337,167,2,169,506
01/28/2019,CRQ,CA,AWP,WE,Towers with Radar,0,11,86,1,98,0,0,125,0,125,0,11,211,1,223,203,0,203,426
01/29/2019,CRQ,CA,AWP,WE,Towers with Radar,0,14,114,2,130,0,0,166,0,166,0,14,280,2,296,158,0,158,454
01/30/2019,CRQ,CA,AWP,WE,Towers with Radar,0,14,125,0,139,0,0,142,0,142,0,14,267,0,281,237,0,237,518
01/31/2019,CRQ,CA,AWP,WE,Towers with Radar,0,14,63,0,77,0,0,11,0,11,0,14,74,0,88,75,0,75,163
02/01/2019,CRQ,CA,AWP,WE,Towers with Radar,0,19,87,5,111,0,0,1,0,1,0,19,88,5,112,0,0,0,112
02/02/2019,CRQ,CA,AWP,WE,Towers with Radar,0,4,15,0,19,0,0,2,0,2,0,4,17,0,21,36,0,36,57
02/03/2019,CRQ,CA,AWP,WE,Towers with Radar,0,15,82,7,104,0,0,21,2,23,0,15,103,9,127,70,0,70,197
02/04/2019,CRQ,CA,AWP,WE,Towers with Radar,0,18,48,0,66,0,0,0,0,0,0,18,48,0,66,0,0,0,66
02/05/2019,CRQ,CA,AWP,WE,Towers with Radar,0,11,43,0,54,0,0,11,0,11,0,11,54,0,65,52,1,53,118
02/06/2019,CRQ,CA,AWP,WE,Towers with Radar,0,19,101,0,120,0,0,146,0,146,0,19,247,0,266,356,0,356,622
02/07/2019,CRQ,CA,AWP,WE,Towers with Radar,0,9,77,0,86,0,1,2,0,3,0,10,79,0,89,0,0,0,89
02/08/2019,CRQ,CA,AWP,WE,Towers with Radar,0,14,96,1,111,0,0,186,0,186,0,14,282,1,297,153,0,153,450
02/09/2019,CRQ,CA,AWP,WE,Towers with Radar,0,23,81,0,104,0,0,51,0,51,0,23,132,0,155,108,0,108,263
02/10/2019,CRQ,CA,AWP,WE,Towers with Radar,0,22,73,0,95,0,0,42,0,42,0,22,115,0,137,105,0,105,242
02/11/2019,CRQ,CA,AWP,WE,Towers with Radar,0,17,104,0,121,0,0,187,0,187,0,17,291,0,308,225,0,225,533
02/12/2019,CRQ,CA,AWP,WE,Towers with Radar,0,15,105,0,120,0,0,174,0,174,0,15,279,0,294,249,0,249,543
02/13/2019,CRQ,CA,AWP,WE,Towers with Radar,0,12,80,0,92,0,0,55,0,55,0,12,135,0,147,95,0,95,242
02/14/2019,CRQ,CA,AWP,WE,Towers with Radar,0,17,33,0,50,0,0,0,0,0,0,17,33,0,50,0,0,0,50
02/15/2019,CRQ,CA,AWP,WE,Towers with Radar,0,12,119,1,132,0,0,60,0,60,0,12,179,1,192,231,0,231,423
02/16/2019,CRQ,CA,AWP,WE,Towers with Radar,0,13,106,0,119,0,0,155,0,155,0,13,261,0,274,259,0,259,533
02/17/2019,CRQ,CA,AWP,WE,Towers with Radar,0,9,67,0,76,0,0,20,0,20,0,9,87,0,96,86,0,86,182
02/18/2019,CRQ,CA,AWP,WE,Towers with Radar,0,16,102,0,118,0,0,226,0,226,0,16,328,0,344,218,0,218,562
02/19/2019,CRQ,CA,AWP,WE,Towers with Radar,0,19,90,0,109,0,0,196,1,197,0,19,286,1,306,272,0,272,578
02/20/2019,CRQ,CA,AWP,WE,Towers with Radar,0,14,65,0,79,0,0,60,0,60,0,14,125,0,139,253,0,253,392
02/21/2019,CRQ,CA,AWP,WE,Towers with Radar,0,9,47,0,56,0,0,1,1,2,0,9,48,1,58,0,0,0,58
02/22/2019,CRQ,CA,AWP,WE,Towers with Radar,0,17,117,1,135,0,1,201,0,202,0,18,318,1,337,295,0,295,632
02/23/2019,CRQ,CA,AWP,WE,Towers with Radar,0,16,101,1,118,0,0,225,0,225,0,16,326,1,343,228,0,228,571
02/24/2019,CRQ,CA,AWP,WE,Towers with Radar,0,20,131,1,152,0,0,216,3,219,0,20,347,4,371,222,0,222,593
02/25/2019,CRQ,CA,AWP,WE,Towers with Radar,0,17,106,1,124,0,0,174,0,174,0,17,280,1,298,270,0,270,568
02/26/2019,CRQ,CA,AWP,WE,Towers with Radar,0,1,96,2,99,0,0,180,2,182,0,1,276,4,281,345,0,345,626
02/27/2019,CRQ,CA,AWP,WE,Towers with Radar,0,10,111,0,121,0,0,182,2,184,0,10,293,2,305,220,2,222,527
02/28/2019,CRQ,CA,AWP,WE,Towers with Radar,0,17,128,8,153,0,0,96,1,97,0,17,224,9,250,275,0,275,525
03/01/2019,CRQ,CA,AWP,WE,Towers with Radar,0,23,131,3,157,0,1,2,0,3,0,24,133,3,160,0,0,0,160
03/02/2019,CRQ,CA,AWP,WE,Towers with Radar,0,11,48,0,59,0,0,0,0,0,0,11,48,0,59,0,0,0,59
03/03/2019,CRQ,CA,AWP,WE,Towers with Radar,0,27,78,0,105,0,0,17,0,17,0,27,95,0,122,21,0,21,143
03/04/2019,CRQ,CA,AWP,WE,Towers with Radar,0,18,137,0,155,0,0,112,0,112,0,18,249,0,267,234,0,234,501
03/05/2019,CRQ,CA,AWP,WE,Towers with Radar,0,15,92,4,111,0,0,159,0,159,0,15,251,4,270,213,0,213,483
03/06/2019,CRQ,CA,AWP,WE,Towers with Radar,0,17,49,0,66,0,0,7,0,7,0,17,56,0,73,31,0,31,104
03/07/2019,CRQ,CA,AWP,WE,Towers with Radar,0,6,108,1,115,0,0,1,0,1,0,6,109,1,116,0,0,0,116
03/08/2019,CRQ,CA,AWP,WE,Towers with Radar,0,7,85,1,93,0,0,98,1,99,0,7,183,2,192,251,0,251,443
03/09/2019,CRQ,CA,AWP,WE,Towers with Radar,0,18,126,0,144,0,0,125,1,126,0,18,251,1,270,276,0,276,546
03/10/2019,CRQ,CA,AWP,WE,Towers with Radar,0,14,90,0,104,0,0,106,0,106,0,14,196,0,210,131,0,131,341
03/11/2019,CRQ,CA,AWP,WE,Towers with Radar,0,11,93,0,104,0,0,100,1,101,0,11,193,1,205,228,0,228,433
03/12/2019,CRQ,CA,AWP,WE,Towers with Radar,0,7,97,0,104,0,0,144,0,144,0,7,241,0,248,247,0,247,495
03/13/2019,CRQ,CA,AWP,WE,Towers with Radar,0,13,118,0,131,0,1,148,0,149,0,14,266,0,280,255,0,255,535
03/14/2019,CRQ,CA,AWP,WE,Towers with Radar,0,12,81,0,93,0,1,6,0,7,0,13,87,0,100,0,0,0,100
03/15/2019,CRQ,CA,AWP,WE,Towers with Radar,0,16,121,2,139,0,0,154,0,154,0,16,275,2,293,173,1,174,467
03/16/2019,CRQ,CA,AWP,WE,Towers with Radar,0,14,77,1,92,0,1,181,0,182,0,15,258,1,274,162,0,162,436
03/17/2019,CRQ,CA,AWP,WE,Towers with Radar,0,23,114,1,138,0,0,273,0,273,0,23,387,1,411,181,0,181,592
03/18/2019,CRQ,CA,AWP,WE,Towers with Radar,0,26,85,0,111,0,0,155,0,155,0,26,240,0,266,269,0,269,535
03/19/2019,CRQ,CA,AWP,WE,Towers with Radar,0,15,123,4,142,0,0,129,0,129,0,15,252,4,271,152,0,152,423
03/20/2019,CRQ,CA,AWP,WE,Towers with Radar,0,10,70,0,80,0,0,29,0,29,0,10,99,0,109,104,0,104,213
03/21/2019,CRQ,CA,AWP,WE,Towers with Radar,0,8,103,0,111,0,0,54,0,54,0,8,157,0,165,295,2,297,462
03/22/2019,CRQ,CA,AWP,WE,Towers with Radar,0,18,145,0,163,0,0,183,0,183,0,18,328,0,346,280,0,280,626
03/23/2019,CRQ,CA,AWP,WE,Towers with Radar,0,24,120,0,144,0,0,100,0,100,0,24,220,0,244,171,0,171,415
03/24/2019,CRQ,CA,AWP,WE,Towers with Radar,0,19,132,0,151,0,0,148,0,148,0,19,280,0,299,124,0,124,423
03/25/2019,CRQ,CA,AWP,WE,Towers with Radar,0,6,104,2,112,0,0,166,0,166,0,6,270,2,278,226,0,226,504
03/26/2019,CRQ,CA,AWP,WE,Towers with Radar,0,12,85,0,97,0,0,182,0,182,0,12,267,0,279,262,0,262,541
03/27/2019,CRQ,CA,AWP,WE,Towers with Radar,0,21,100,1,122,0,0,100,0,100,0,21,200,1,222,97,0,97,319
03/28/2019,CRQ,CA,AWP,WE,Towers with Radar,0,20,88,4,112,0,0,3,0,3,0,20,91,4,115,0,0,0,115
03/29/2019,CRQ,CA,AWP,WE,Towers with Radar,0,18,105,2,125,0,0,203,0,203,0,18,308,2,328,245,0,245,573
03/30/2019,CRQ,CA,AWP,WE,Towers with Radar,0,12,84,2,98,0,0,204,0,204,0,12,288,2,302,192,0,192,494
03/31/2019,CRQ,CA,AWP,WE,Towers with Radar,0,33,109,1,143,0,0,173,0,173,0,33,282,1,316,149,0,149,465
04/01/2019,CRQ,CA,AWP,WE,Towers with Radar,0,24,111,0,135,0,0,180,0,180,0,24,291,0,315,248,0,248,563
04/02/2019,CRQ,CA,AWP,WE,Towers with Radar,0,10,112,0,122,0,0,95,0,95,0,10,207,0,217,154,0,154,371
04/03/2019,CRQ,CA,AWP,WE,Towers with Radar,0,12,122,0,134,0,0,143,0,143,0,12,265,0,277,297,0,297,574
04/04/2019,CRQ,CA,AWP,WE,Towers with Radar,0,20,133,2,155,0,0,2,0,2,0,20,135,2,157,0,0,0,157
04/05/2019,CRQ,CA,AWP,WE,Towers with Radar,0,27,153,0,180,0,0,55,0,55,0,27,208,0,235,72,0,72,307
04/06/2019,CRQ,CA,AWP,WE,Towers with Radar,0,16,95,3,114,0,0,128,0,128,0,16,223,3,242,77,0,77,319
04/07/2019,CRQ,CA,AWP,WE,Towers with Radar,0,30,95,3,128,0,0,153,0,153,0,30,248,3,281,83,0,83,364
04/08/2019,CRQ,CA,AWP,WE,Towers with Radar,0,17,73,0,90,0,0,198,2,200,0,17,271,2,290,275,0,275,565
04/09/2019,CRQ,CA,AWP,WE,Towers with Radar,0,14,121,0,135,0,0,59,0,59,0,14,180,0,194,115,0,115,309
04/10/2019,CRQ,CA,AWP,WE,Towers with Radar,0,15,73,0,88,0,0,134,0,134,0,15,207,0,222,210,2,212,434
04/11/2019,CRQ,CA,AWP,WE,Towers with Radar,0,20,118,0,138,0,0,188,0,188,0,20,306,0,326,265,0,265,591
04/12/2019,CRQ,CA,AWP,WE,Towers with Radar,0,16,95,1,112,0,0,157,0,157,0,16,252,1,269,225,0,225,494
04/13/2019,CRQ,CA,AWP,WE,Towers with Radar,0,7,70,3,80,0,0,159,0,159,0,7,229,3,239,93,0,93,332
04/14/2019,CRQ,CA,AWP,WE,Towers with Radar,0,26,86,1,113,0,0,144,0,144,0,26,230,1,257,149,0,149,406
04/15/2019,CRQ,CA,AWP,WE,Towers with Radar,0,19,113,0,132,0,0,80,0,80,0,19,193,0,212,171,0,171,383
04/16/2019,CRQ,CA,AWP,WE,Towers with Radar,0,6,89,0,95,0,0,52,2,54,0,6,141,2,149,240,0,240,389
04/17/2019,CRQ,CA,AWP,WE,Towers with Radar,0,11,92,0,103,0,0,204,2,206,0,11,296,2,309,309,0,309,618
04/18/2019,CRQ,CA,AWP,WE,Towers with Radar,0,14,81,0,95,0,1,2,0,3,0,15,83,0,98,0,0,0,98
04/19/2019,CRQ,CA,AWP,WE,Towers with Radar,0,19,141,0,160,0,0,76,0,76,0,19,217,0,236,36,0,36,272
04/20/2019,CRQ,CA,AWP,WE,Towers with Radar,0,16,122,0,138,0,0,77,0,77,0,16,199,0,215,162,0,162,377
04/21/2019,CRQ,CA,AWP,WE,Towers with Radar,0,21,92,4,117,0,0,95,0,95,0,21,187,4,212,44,0,44,256
04/22/2019,CRQ,CA,AWP,WE,Towers with Radar,0,15,88,2,105,0,4,185,4,193,0,19,273,6,298,275,0,275,573
04/23/2019,CRQ,CA,AWP,WE,Towers with Radar,0,10,108,0,118,0,0,106,0,106,0,10,214,0,224,275,0,275,499
04/24/2019,CRQ,CA,AWP,WE,Towers with Radar,0,17,97,0,114,0,0,111,0,111,0,17,208,0,225,139,1,140,365
04/25/2019,CRQ,CA,AWP,WE,Towers with Radar,0,14,73,0,87,0,0,1,0,1,0,14,74,0,88,0,0,0,88
04/26/2019,CRQ,CA,AWP,WE,Towers with Radar,0,16,114,0,130,0,0,4,0,4,0,16,118,0,134,0,0,0,134
04/27/2019,CRQ,CA,AWP,WE,Towers with Radar,0,18,89,0,107,0,0,125,0,125,0,18,214,0,232,127,0,127,359
04/28/2019,CRQ,CA,AWP,WE,Towers with Radar,0,15,102,0,117,0,0,56,0,56,0,15,158,0,173,138,0,138,311
04/29/2019,CRQ,CA,AWP,WE,Towers with Radar,0,14,72,0,86,0,0,39,0,39,0,14,111,0,125,162,0,162,287
04/30/2019,CRQ,CA,AWP,WE,Towers with Radar,0,16,126,5,147,0,0,1,0,1,0,16,127,5,148,0,0,0,148
05/01/2019,CRQ,CA,AWP,WE,Towers with Radar,0,22,104,5,131,0,0,106,1,107,0,22,210,6,238,202,0,202,440
05/02/2019,CRQ,CA,AWP,WE,Towers with Radar,0,26,138,3,167,0,0,139,1,140,0,26,277,4,307,140,0,140,447
05/03/2019,CRQ,CA,AWP,WE,Towers with Radar,0,16,127,0,143,0,0,114,0,114,0,16,241,0,257,74,0,74,331
05/04/2019,CRQ,CA,AWP,WE,Towers with Radar,0,11,109,0,120,0,0,128,0,128,0,11,237,0,248,78,0,78,326
05/05/2019,CRQ,CA,AWP,WE,Towers with Radar,0,30,115,0,145,0,0,190,0,190,0,30,305,0,335,141,0,141,476
05/06/2019,CRQ,CA,AWP,WE,Towers with Radar,0,19,114,0,133,0,0,114,0,114,0,19,228,0,247,149,0,149,396
05/07/2019,CRQ,CA,AWP,WE,Towers with Radar,0,11,125,2,138,0,0,71,0,71,0,11,196,2,209,183,0,183,392
05/08/2019,CRQ,CA,AWP,WE,Towers with Radar,0,22,150,0,172,0,0,67,0,67,0,22,217,0,239,168,0,168,407
05/09/2019,CRQ,CA,AWP,WE,Towers with Radar,0,18,131,11,160,0,0,2,0,2,0,18,133,11,162,0,0,0,162
05/10/2019,CRQ,CA,AWP,WE,Towers with Radar,0,27,155,6,188,0,0,47,0,47,0,27,202,6,235,233,0,233,468
05/11/2019,CRQ,CA,AWP,WE,Towers with Radar,0,12,80,0,92,0,0,74,0,74,0,12,154,0,166,99,0,99,265
05/12/2019,CRQ,CA,AWP,WE,Towers with Radar,0,18,100,0,118,0,0,100,0,100,0,18,200,0,218,113,0,113,331
05/13/2019,CRQ,CA,AWP,WE,Towers with Radar,0,22,99,9,130,0,2,63,0,65,0,24,162,9,195,76,0,76,271
05/14/2019,CRQ,CA,AWP,WE,Towers with Radar,0,13,118,0,131,0,0,104,0,104,0,13,222,0,235,139,0,139,374
05/15/2019,CRQ,CA,AWP,WE,Towers with Radar,0,21,129,0,150,0,0,72,0,72,0,21,201,0,222,196,2,198,420
05/16/2019,CRQ,CA,AWP,WE,Towers with Radar,0,15,58,0,73,0,0,31,0,31,0,15,89,0,104,100,0,100,204
05/17/2019,CRQ,CA,AWP,WE,Towers with Radar,0,19,112,0,131,0,1,169,0,170,0,20,281,0,301,202,0,202,503
05/18/2019,CRQ,CA,AWP,WE,Towers with Radar,0,15,100,1,116,0,0,161,0,161,0,15,261,1,277,145,0,145,422
05/19/2019,CRQ,CA,AWP,WE,Towers with Radar,0,11,81,0,92,0,0,6,0,6,0,11,87,0,98,12,0,12,110
05/20/2019,CRQ,CA,AWP,WE,Towers with Radar,0,19,88,0,107,0,0,98,0,98,0,19,186,0,205,300,0,300,505
05/21/2019,CRQ,CA,AWP,WE,Towers with Radar,0,12,84,2,98,0,0,44,0,44,0,12,128,2,142,134,0,134,276
05/22/2019,CRQ,CA,AWP,WE,Towers with Radar,0,19,78,1,98,0,0,41,1,42,0,19,119,2,140,151,0,151,291
05/23/2019,CRQ,CA,AWP,WE,Towers with Radar,0,18,153,2,173,0,0,6,0,6,0,18,159,2,179,0,0,0,179
05/24/2019,CRQ,CA,AWP,WE,Towers with Radar,0,15,120,0,135,0,0,253,0,253,0,15,373,0,388,205,0,205,593
05/25/2019,CRQ,CA,AWP,WE,Towers with Radar,0,11,100,0,111,0,0,101,0,101,0,11,201,0,212,141,0,141,353
05/26/2019,CRQ,CA,AWP,WE,Towers with Radar,0,7,58,0,65,0,0,14,1,15,0,7,72,1,80,38,6,44,124
05/27/2019,CRQ,CA,AWP,WE,Towers with Radar,0,28,130,0,158,0,0,115,0,115,0,28,245,0,273,166,0,166,439
05/28/2019,CRQ,CA,AWP,WE,Towers with Radar,0,17,105,2,124,0,0,172,0,172,0,17,277,2,296,169,0,169,465
05/29/2019,CRQ,CA,AWP,WE,Towers with Radar,0,16,100,4,120,0,1,161,0,162,0,17,261,4,282,139,0,139,421
05/30/2019,CRQ,CA,AWP,WE,Towers with Radar,0,14,135,0,149,0,0,106,0,106,0,14,241,0,255,72,0,72,327
05/31/2019,CRQ,CA,AWP,WE,Towers with Radar,0,13,174,0,187,0,1,26,0,27,0,14,200,0,214,108,0,108,322
06/01/2019,CRQ,CA,AWP,WE,Towers with Radar,0,17,124,2,143,0,0,54,0,54,0,17,178,2,197,81,0,81,278
06/02/2019,CRQ,CA,AWP,WE,Towers with Radar,0,15,130,1,146,0,0,79,0,79,0,15,209,1,225,192,0,192,417
06/03/2019,CRQ,CA,AWP,WE,Towers with Radar,0,21,129,3,153,0,0,54,1,55,0,21,183,4,208,86,0,86,294
06/04/2019,CRQ,CA,AWP,WE,Towers with Radar,0,14,170,0,184,0,0,44,4,48,0,14,214,4,232,20,0,20,252
06/05/2019,CRQ,CA,AWP,WE,Towers with Radar,0,25,120,0,145,0,0,31,0,31,0,25,151,0,176,2,0,2,178
06/06/2019,CRQ,CA,AWP,WE,Towers with Radar,0,15,129,0,144,0,0,13,0,13,0,15,142,0,157,0,0,0,157
06/07/2019,CRQ,CA,AWP,WE,Towers with Radar,0,13,138,1,152,0,0,66,0,66,0,13,204,1,218,62,0,62,280
06/08/2019,CRQ,CA,AWP,WE,Towers with Radar,0,19,85,4,108,0,0,127,0,127,0,19,212,4,235,92,0,92,327
06/09/2019,CRQ,CA,AWP,WE,Towers with Radar,0,22,106,2,130,0,0,167,1,168,0,22,273,3,298,136,0,136,434
06/10/2019,CRQ,CA,AWP,WE,Towers with Radar,0,9,102,0,111,0,0,218,0,218,0,9,320,0,329,192,1,193,522
06/11/2019,CRQ,CA,AWP,WE,Towers with Radar,0,11,102,3,116,0,0,113,0,113,0,11,215,3,229,412,0,412,641
06/12/2019,CRQ,CA,AWP,WE,Towers with Radar,0,18,117,1,136,0,0,107,0,107,0,18,224,1,243,60,0,60,303
06/13/2019,CRQ,CA,AWP,WE,Towers with Radar,0,26,114,0,140,0,0,31,0,31,0,26,145,0,171,20,0,20,191
06/14/2019,CRQ,CA,AWP,WE,Towers with Radar,0,15,125,0,140,0,0,140,0,140,0,15,265,0,280,181,0,181,461
06/15/2019,CRQ,CA,AWP,WE,Towers with Radar,0,7,100,2,109,0,0,101,0,101,0,7,201,2,210,72,0,72,282
06/16/2019,CRQ,CA,AWP,WE,Towers with Radar,0,28,104,3,135,0,0,11,0,11,0,28,115,3,146,0,0,0,146
06/17/2019,CRQ,CA,AWP,WE,Towers with Radar,0,17,76,0,93,0,0,8,0,8,0,17,84,0,101,64,0,64,165
06/18/2019,CRQ,CA,AWP,WE,Towers with Radar,0,22,128,0,150,0,0,58,0,58,0,22,186,0,208,140,0,140,348
06/19/2019,CRQ,CA,AWP,WE,Towers with Radar,0,10,147,5,162,0,0,73,0,73,0,10,220,5,235,82,2,84,319
06/20/2019,CRQ,CA,AWP,WE,Towers with Radar,0,12,145,0,157,0,0,62,1,63,0,12,207,1,220,93,2,95,315
06/21/2019,CRQ,CA,AWP,WE,Towers with Radar,0,23,112,2,137,0,0,3,0,3,0,23,115,2,140,0,0,0,140
06/22/2019,CRQ,CA,AWP,WE,Towers with Radar,0,32,95,1,128,0,0,145,0,145,0,32,240,1,273,168,0,168,441
06/23/2019,CRQ,CA,AWP,WE,Towers with Radar,0,28,106,2,136,0,0,96,0,96,0,28,202,2,232,147,0,147,379
06/24/2019,CRQ,CA,AWP,WE,Towers with Radar,0,12,102,4,118,0,1,36,0,37,0,13,138,4,155,15,0,15,170
06/25/2019,CRQ,CA,AWP,WE,Towers with Radar,0,10,143,0,153,0,0,18,0,18,0,10,161,0,171,64,0,64,235
06/26/2019,CRQ,CA,AWP,WE,Towers with Radar,0,11,141,1,153,0,1,70,1,72,0,12,211,2,225,100,0,100,325
06/27/2019,CRQ,CA,AWP,WE,Towers with Radar,0,22,102,1,125,0,0,112,0,112,0,22,214,1,237,164,0,164,401
06/28/2019,CRQ,CA,AWP,WE,Towers with Radar,0,31,116,3,150,0,0,130,1,131,0,31,246,4,281,113,0,113,394
06/29/2019,CRQ,CA,AWP,WE,Towers with Radar,0,16,70,0,86,0,0,142,0,142,0,16,212,0,228,117,0,117,345
06/30/2019,CRQ,CA,AWP,WE,Towers with Radar,0,28,103,0,131,0,0,162,0,162,0,28,265,0,293,157,0,157,450
07/01/2019,CRQ,CA,AWP,WE,Towers with Radar,0,21,96,0,117,0,0,184,0,184,0,21,280,0,301,192,0,192,493
07/02/2019,CRQ,CA,AWP,WE,Towers with Radar,0,15,111,1,127,0,0,191,0,191,0,15,302,1,318,210,0,210,528
07/03/2019,CRQ,CA,AWP,WE,Towers with Radar,0,18,131,0,149,0,0,165,0,165,0,18,296,0,314,169,0,169,483
07/04/2019,CRQ,CA,AWP,WE,Towers with Radar,0,10,52,0,62,0,0,1,0,1,0,10,53,0,63,0,0,0,63
07/05/2019,CRQ,CA,AWP,WE,Towers with Radar,0,15,87,0,102,0,0,123,0,123,0,15,210,0,225,217,0,217,442
07/06/2019,CRQ,CA,AWP,WE,Towers with Radar,0,12,64,0,76,0,0,61,0,61,0,12,125,0,137,79,0,79,216
07/07/2019,CRQ,CA,AWP,WE,Towers with Radar,0,38,143,0,181,0,0,114,0,114,0,38,257,0,295,127,0,127,422
07/08/2019,CRQ,CA,AWP,WE,Towers with Radar,0,10,105,0,115,0,0,109,0,109,0,10,214,0,224,204,0,204,428
07/09/2019,CRQ,CA,AWP,WE,Towers with Radar,0,14,120,0,134,0,0,169,0,169,0,14,289,0,303,208,0,208,511
07/10/2019,CRQ,CA,AWP,WE,Towers with Radar,0,18,110,0,128,0,0,161,0,161,0,18,271,0,289,131,0,131,420
07/11/2019,CRQ,CA,AWP,WE,Towers with Radar,0,20,108,0,128,0,0,1,0,1,0,20,109,0,129,0,0,0,129
07/12/2019,CRQ,CA,AWP,WE,Towers with Radar,0,23,89,0,112,0,0,171,0,171,0,23,260,0,283,188,0,188,471
07/13/2019,CRQ,CA,AWP,WE,Towers with Radar,0,14,94,0,108,0,0,134,0,134,0,14,228,0,242,74,0,74,316
07/14/2019,CRQ,CA,AWP,WE,Towers with Radar,0,20,98,0,118,0,0,96,0,96,0,20,194,0,214,25,0,25,239
07/15/2019,CRQ,CA,AWP,WE,Towers with Radar,0,20,87,0,107,0,0,157,0,157,0,20,244,0,264,242,0,242,506
07/16/2019,CRQ,CA,AWP,WE,Towers with Radar,0,14,78,0,92,0,0,65,0,65,0,14,143,0,157,41,0,41,198
07/17/2019,CRQ,CA,AWP,WE,Towers with Radar,0,17,97,0,114,0,5,109,0,114,0,22,206,0,228,101,0,101,329
07/18/2019,CRQ,CA,AWP,WE,Towers with Radar,0,12,113,0,125,0,0,3,0,3,0,12,116,0,128,0,0,0,128
07/19/2019,CRQ,CA,AWP,WE,Towers with Radar,0,24,114,0,138,0,0,200,0,200,0,24,314,0,338,120,0,120,458
07/20/2019,CRQ,CA,AWP,WE,Towers with Radar,0,17,101,0,118,0,0,149,0,149,0,17,250,0,267,123,0,123,390
07/21/2019,CRQ,CA,AWP,WE,Towers with Radar,0,32,106,0,138,0,0,168,0,168,0,32,274,0,306,128,0,128,434
07/22/2019,CRQ,CA,AWP,WE,Towers with Radar,0,11,119,0,130,0,0,179,0,179,0,11,298,0,309,234,0,234,543
07/23/2019,CRQ,CA,AWP,WE,Towers with Radar,0,17,97,0,114,0,1,164,2,167,0,18,261,2,281,290,0,290,571
07/24/2019,CRQ,CA,AWP,WE,Towers with Radar,0,14,106,0,120,0,0,148,0,148,0,14,254,0,268,191,0,191,459
07/25/2019,CRQ,CA,AWP,WE,Towers with Radar,0,10,90,0,100,0,0,2,0,2,0,10,92,0,102,0,0,0,102
07/26/2019,CRQ,CA,AWP,WE,Towers with Radar,0,30,100,0,130,0,1,155,0,156,0,31,255,0,286,169,0,169,455
07/27/2019,CRQ,CA,AWP,WE,Towers with Radar,0,20,58,5,83,0,0,123,1,124,0,20,181,6,207,127,0,127,334
07/28/2019,CRQ,CA,AWP,WE,Towers with Radar,0,23,116,0,139,0,0,151,0,151,0,23,267,0,290,119,0,119,409
07/29/2019,CRQ,CA,AWP,WE,Towers with Radar,0,25,113,3,141,0,0,132,0,132,0,25,245,3,273,129,2,131,404
07/30/2019,CRQ,CA,AWP,WE,Towers with Radar,0,15,114,1,130,0,0,181,1,182,0,15,295,2,312,209,0,209,521
07/31/2019,CRQ,CA,AWP,WE,Towers with Radar,0,26,109,0,135,0,0,158,0,158,0,26,267,0,293,196,0,196,489
08/01/2019,CRQ,CA,AWP,WE,Towers with Radar,0,18,99,3,120,0,0,4,0,4,0,18,103,3,124,0,0,0,124
08/02/2019,CRQ,CA,AWP,WE,Towers with Radar,0,21,113,0,134,0,1,182,0,183,0,22,295,0,317,170,0,170,487
08/03/2019,CRQ,CA,AWP,WE,Towers with Radar,0,15,64,1,80,0,0,116,0,116,0,15,180,1,196,129,2,131,327
08/04/2019,CRQ,CA,AWP,WE,Towers with Radar,0,34,101,0,135,0,0,178,0,178,0,34,279,0,313,196,0,196,509
08/05/2019,CRQ,CA,AWP,WE,Towers with Radar,0,22,100,0,122,0,0,157,0,157,0,22,257,0,279,184,0,184,463
08/06/2019,CRQ,CA,AWP,WE,Towers with Radar,0,11,103,0,114,0,0,130,0,130,0,11,233,0,244,148,0,148,392
08/07/2019,CRQ,CA,AWP,WE,Towers with Radar,0,7,91,0,98,0,0,123,0,123,0,7,214,0,221,111,0,111,332
08/08/2019,CRQ,CA,AWP,WE,Towers with Radar,0,14,89,0,103,0,0,6,0,6,0,14,95,0,109,0,0,0,109
08/09/2019,CRQ,CA,AWP,WE,Towers with Radar,0,20,91,0,111,0,0,204,0,204,0,20,295,0,315,274,0,274,589
08/10/2019,CRQ,CA,AWP,WE,Towers with Radar,0,20,101,1,122,0,0,154,0,154,0,20,255,1,276,126,0,126,402
08/11/2019,CRQ,CA,AWP,WE,Towers with Radar,1,24,82,0,107,0,0,184,0,184,1,24,266,0,291,139,0,139,430
08/12/2019,CRQ,CA,AWP,WE,Towers with Radar,0,16,103,0,119,0,0,169,0,169,0,16,272,0,288,160,0,160,448
08/13/2019,CRQ,CA,AWP,WE,Towers with Radar,0,24,109,0,133,0,0,174,0,174,0,24,283,0,307,269,0,269,576
08/14/2019,CRQ,CA,AWP,WE,Towers with Radar,0,26,98,0,124,0,0,143,0,143,0,26,241,0,267,219,0,219,486
08/15/2019,CRQ,CA,AWP,WE,Towers with Radar,0,23,95,4,122,0,0,3,0,3,0,23,98,4,125,0,0,0,125
08/16/2019,CRQ,CA,AWP,WE,Towers with Radar,0,31,117,0,148,0,0,172,0,172,0,31,289,0,320,248,0,248,568
08/17/2019,CRQ,CA,AWP,WE,Towers with Radar,0,14,94,0,108,0,0,155,6,161,0,14,249,6,269,223,0,223,492
08/18/2019,CRQ,CA,AWP,WE,Towers with Radar,0,26,114,0,140,0,0,150,0,150,0,26,264,0,290,182,0,182,472
08/19/2019,CRQ,CA,AWP,WE,Towers with Radar,1,17,90,5,113,0,0,191,0,191,1,17,281,5,304,264,0,264,568
08/20/2019,CRQ,CA,AWP,WE,Towers with Radar,0,23,80,0,103,0,0,147,0,147,0,23,227,0,250,273,0,273,523
08/21/2019,CRQ,CA,AWP,WE,Towers with Radar,0,15,92,2,109,0,0,161,0,161,0,15,253,2,270,234,0,234,504
08/22/2019,CRQ,CA,AWP,WE,Towers with Radar,0,26,86,0,112,0,0,5,0,5,0,26,91,0,117,0,0,0,117
08/23/2019,CRQ,CA,AWP,WE,Towers with Radar,0,15,109,0,124,0,0,164,4,168,0,15,273,4,292,226,0,226,518
08/24/2019,CRQ,CA,AWP,WE,Towers with Radar,0,14,103,2,119,0,0,139,6,145,0,14,242,8,264,267,0,267,531
08/25/2019,CRQ,CA,AWP,WE,Towers with Radar,0,15,85,0,100,0,0,162,1,163,0,15,247,1,263,184,0,184,447
08/26/2019,CRQ,CA,AWP,WE,Towers with Radar,0,10,75,0,85,0,0,207,0,207,0,10,282,0,292,287,0,287,579
08/27/2019,CRQ,CA,AWP,WE,Towers with Radar,0,18,101,0,119,0,0,133,0,133,0,18,234,0,252,210,0,210,462
08/28/2019,CRQ,CA,AWP,WE,Towers with Radar,0,19,66,0,85,0,0,98,0,98,0,19,164,0,183,211,0,211,394
08/29/2019,CRQ,CA,AWP,WE,Towers with Radar,0,23,88,0,111,0,0,3,0,3,0,23,91,0,114,0,0,0,114
08/30/2019,CRQ,CA,AWP,WE,Towers with Radar,0,20,101,0,121,0,0,187,3,190,0,20,288,3,311,184,0,184,495
08/31/2019,CRQ,CA,AWP,WE,Towers with Radar,0,12,65,0,77,0,1,132,5,138,0,13,197,5,215,117,0,117,332
09/01/2019,CRQ,CA,AWP,WE,Towers with Radar,0,22,74,0,96,0,0,102,1,103,0,22,176,1,199,86,0,86,285
09/02/2019,CRQ,CA,AWP,WE,Towers with Radar,0,32,87,0,119,0,0,227,0,227,0,32,314,0,346,305,0,305,651
09/03/2019,CRQ,CA,AWP,WE,Towers with Radar,0,19,86,0,105,0,0,152,0,152,0,19,238,0,257,401,0,401,658
09/04/2019,CRQ,CA,AWP,WE,Towers with Radar,0,8,99,0,107,0,0,147,0,147,0,8,246,0,254,311,0,311,565
09/05/2019,CRQ,CA,AWP,WE,Towers with Radar,0,15,72,2,89,0,0,2,0,2,0,15,74,2,91,0,0,0,91
09/06/2019,CRQ,CA,AWP,WE,Towers with Radar,0,16,111,0,127,0,0,189,1,190,0,16,300,1,317,250,0,250,567
09/07/2019,CRQ,CA,AWP,WE,Towers with Radar,0,15,78,0,93,0,0,167,0,167,0,15,245,0,260,260,0,260,520
09/08/2019,CRQ,CA,AWP,WE,Towers with Radar,0,19,94,0,113,0,0,113,0,113,0,19,207,0,226,174,0,174,400
09/09/2019,CRQ,CA,AWP,WE,Towers with Radar,0,10,101,4,115,0,0,151,0,151,0,10,252,4,266,265,0,265,531
09/10/2019,CRQ,CA,AWP,WE,Towers with Radar,0,13,148,1,162,0,0,180,0,180,0,13,328,1,342,317,0,317,659
09/11/2019,CRQ,CA,AWP,WE,Towers with Radar,0,10,117,0,127,0,0,182,0,182,0,10,299,0,309,325,0,325,634
09/12/2019,CRQ,CA,AWP,WE,Towers with Radar,0,18,96,0,114,0,1,140,0,141,0,19,236,0,255,134,2,136,391
09/13/2019,CRQ,CA,AWP,WE,Towers with Radar,0,11,103,1,115,0,0,215,0,215,0,11,318,1,330,228,0,228,558
09/14/2019,CRQ,CA,AWP,WE,Towers with Radar,0,23,95,2,120,0,0,193,0,193,0,23,288,2,313,181,0,181,494
09/15/2019,CRQ,CA,AWP,WE,Towers with Radar,0,29,100,3,132,0,0,125,0,125,0,29,225,3,257,180,0,180,437
09/16/2019,CRQ,CA,AWP,WE,Towers with Radar,0,17,84,0,101,0,0,149,0,149,0,17,233,0,250,401,0,401,651
09/17/2019,CRQ,CA,AWP,WE,Towers with Radar,0,18,99,0,117,0,0,128,0,128,0,18,227,0,245,237,2,239,484
09/18/2019,CRQ,CA,AWP,WE,Towers with Radar,0,25,71,3,99,0,0,1,0,1,0,25,72,3,100,0,0,0,100
09/19/2019,CRQ,CA,AWP,WE,Towers with Radar,0,28,116,1,145,0,0,4,0,4,0,28,120,1,149,0,0,0,149
09/20/2019,CRQ,CA,AWP,WE,Towers with Radar,0,24,81,1,106,0,0,1,0,1,0,24,82,1,107,0,0,0,107
09/21/2019,CRQ,CA,AWP,WE,Towers with Radar,0,22,93,1,116,0,0,143,0,143,0,22,236,1,259,204,0,204,463
09/22/2019,CRQ,CA,AWP,WE,Towers with Radar,0,24,98,0,122,0,0,135,0,135,0,24,233,0,257,250,0,250,507
09/23/2019,CRQ,CA,AWP,WE,Towers with Radar,0,18,107,0,125,0,0,136,0,136,0,18,243,0,261,152,0,152,413
09/24/2019,CRQ,CA,AWP,WE,Towers with Radar,0,15,83,0,98,0,0,106,0,106,0,15,189,0,204,299,0,299,503
09/25/2019,CRQ,CA,AWP,WE,Towers with Radar,0,17,113,3,133,0,0,107,0,107,0,17,220,3,240,129,0,129,369
09/26/2019,CRQ,CA,AWP,WE,Towers with Radar,0,19,133,6,158,0,0,2,0,2,0,19,135,6,160,0,0,0,160
09/27/2019,CRQ,CA,AWP,WE,Towers with Radar,0,13,146,7,166,0,0,79,0,79,0,13,225,7,245,240,3,243,488
09/28/2019,CRQ,CA,AWP,WE,Towers with Radar,0,13,102,2,117,0,0,32,0,32,0,13,134,2,149,178,0,178,327
09/29/2019,CRQ,CA,AWP,WE,Towers with Radar,0,22,90,0,112,0,2,116,0,118,0,24,206,0,230,144,0,144,374
09/30/2019,CRQ,CA,AWP,WE,Towers with Radar,1,20,111,2,134,0,0,188,0,188,1,20,299,2,322,273,1,274,596
10/01/2019,CRQ,CA,AWP,WE,Towers with Radar,0,13,93,1,107,0,1,178,1,180,0,14,271,2,287,342,0,342,629
10/02/2019,CRQ,CA,AWP,WE,Towers with Radar,0,15,96,0,111,0,0,216,0,216,0,15,312,0,327,282,0,282,609
10/03/2019,CRQ,CA,AWP,WE,Towers with Radar,0,20,85,0,105,0,0,3,0,3,0,20,88,0,108,0,0,0,108
10/04/2019,CRQ,CA,AWP,WE,Towers with Radar,0,20,117,2,139,0,0,210,0,210,0,20,327,2,349,320,8,328,677
10/05/2019,CRQ,CA,AWP,WE,Towers with Radar,0,5,90,0,95,0,0,190,0,190,0,5,280,0,285,197,0,197,482
10/06/2019,CRQ,CA,AWP,WE,Towers with Radar,0,27,82,0,109,0,0,146,0,146,0,27,228,0,255,159,0,159,414
10/07/2019,CRQ,CA,AWP,WE,Towers with Radar,0,17,103,4,124,0,0,193,0,193,0,17,296,4,317,344,5,349,666
10/08/2019,CRQ,CA,AWP,WE,Towers with Radar,0,9,79,0,88,0,0,200,0,200,0,9,279,0,288,260,0,260,548
10/09/2019,CRQ,CA,AWP,WE,Towers with Radar,0,19,98,0,117,0,0,116,0,116,0,19,214,0,233,217,0,217,450
10/10/2019,CRQ,CA,AWP,WE,Towers with Radar,0,19,101,0,120,0,0,177,0,177,0,19,278,0,297,342,0,342,639
10/11/2019,CRQ,CA,AWP,WE,Towers with Radar,0,18,97,3,118,0,0,260,0,260,0,18,357,3,378,289,0,289,667
10/12/2019,CRQ,CA,AWP,WE,Towers with Radar,0,13,95,0,108,0,0,202,0,202,0,13,297,0,310,200,0,200,510
10/13/2019,CRQ,CA,AWP,WE,Towers with Radar,0,17,100,0,117,0,0,167,0,167,0,17,267,0,284,71,0,71,355
10/14/2019,CRQ,CA,AWP,WE,Towers with Radar,0,19,122,0,141,0,0,181,0,181,0,19,303,0,322,323,0,323,645
10/15/2019,CRQ,CA,AWP,WE,Towers with Radar,0,6,92,1,99,0,0,161,1,162,0,6,253,2,261,275,0,275,536
10/16/2019,CRQ,CA,AWP,WE,Towers with Radar,0,18,110,2,130,0,1,169,0,170,0,19,279,2,300,273,0,273,573
10/17/2019,CRQ,CA,AWP,WE,Towers with Radar,0,21,120,1,142,0,0,3,0,3,0,21,123,1,145,0,0,0,145
10/18/2019,CRQ,CA,AWP,WE,Towers with Radar,0,15,111,1,127,0,0,180,0,180,0,15,291,1,307,209,0,209,516
10/19/2019,CRQ,CA,AWP,WE,Towers with Radar,0,19,61,3,83,0,0,190,0,190,0,19,251,3,273,174,0,174,447
10/20/2019,CRQ,CA,AWP,WE,Towers with Radar,0,16,90,2,108,0,0,174,0,174,0,16,264,2,282,158,0,158,440
10/21/2019,CRQ,CA,AWP,WE,Towers with Radar,0,12,92,0,104,0,0,177,0,177,0,12,269,0,281,260,0,260,541
10/22/2019,CRQ,CA,AWP,WE,Towers with Radar,0,16,50,0,66,0,0,2,0,2,0,16,52,0,68,0,0,0,68
10/23/2019,CRQ,CA,AWP,WE,Towers with Radar,0,17,132,2,151,0,0,222,0,222,0,17,354,2,373,301,1,302,675
10/24/2019,CRQ,CA,AWP,WE,Towers with Radar,0,25,77,0,102,0,0,149,0,149,0,25,226,0,251,398,0,398,649
10/25/2019,CRQ,CA,AWP,WE,Towers with Radar,0,23,102,0,125,0,1,244,0,245,0,24,346,0,370,333,0,333,703
10/26/2019,CRQ,CA,AWP,WE,Towers with Radar,0,7,92,0,99,0,0,215,0,215,0,7,307,0,314,280,0,280,594
10/27/2019,CRQ,CA,AWP,WE,Towers with Radar,0,15,111,0,126,0,0,38,0,38,0,15,149,0,164,153,0,153,317
10/28/2019,CRQ,CA,AWP,WE,Towers with Radar,0,17,94,0,111,0,0,138,0,138,0,17,232,0,249,177,0,177,426
10/29/2019,CRQ,CA,AWP,WE,Towers with Radar,0,10,75,1,86,0,0,199,0,199,0,10,274,1,285,248,0,248,533
10/30/2019,CRQ,CA,AWP,WE,Towers with Radar,0,11,63,2,76,0,0,142,0,142,0,11,205,2,218,312,0,312,530
10/31/2019,CRQ,CA,AWP,WE,Towers with Radar,0,13,111,0,124,0,0,186,1,187,0,13,297,1,311,278,2,280,591
11/01/2019,CRQ,CA,AWP,WE,Towers with Radar,0,10,121,1,132,0,0,215,0,215,0,10,336,1,347,336,0,336,683
11/02/2019,CRQ,CA,AWP,WE,Towers with Radar,0,15,82,1,98,0,0,192,0,192,0,15,274,1,290,190,0,190,480
11/03/2019,CRQ,CA,AWP,WE,Towers with Radar,0,15,75,0,90,0,0,182,0,182,0,15,257,0,272,194,0,194,466
11/04/2019,CRQ,CA,AWP,WE,Towers with Radar,0,17,98,1,116,0,0,173,2,175,0,17,271,3,291,245,0,245,536
11/05/2019,CRQ,CA,AWP,WE,Towers with Radar,0,15,75,0,90,0,0,168,0,168,0,15,243,0,258,253,0,253,511
11/06/2019,CRQ,CA,AWP,WE,Towers with Radar,0,13,116,0,129,0,0,174,0,174,0,13,290,0,303,192,0,192,495
11/07/2019,CRQ,CA,AWP,WE,Towers with Radar,0,19,123,0,142,0,0,167,2,169,0,19,290,2,311,189,0,189,500
11/08/2019,CRQ,CA,AWP,WE,Towers with Radar,0,18,118,0,136,0,0,223,0,223,0,18,341,0,359,303,0,303,662
11/09/2019,CRQ,CA,AWP,WE,Towers with Radar,0,7,97,4,108,0,0,209,0,209,0,7,306,4,317,384,0,384,701
11/10/2019,CRQ,CA,AWP,WE,Towers with Radar,0,19,98,0,117,0,0,150,0,150,0,19,248,0,267,150,0,150,417
11/11/2019,CRQ,CA,AWP,WE,Towers with Radar,0,12,88,0,100,0,0,146,0,146,0,12,234,0,246,167,0,167,413
11/12/2019,CRQ,CA,AWP,WE,Towers with Radar,0,10,102,2,114,0,0,7,0,7,0,10,109,2,121,0,0,0,121
11/13/2019,CRQ,CA,AWP,WE,Towers with Radar,0,13,105,0,118,0,0,100,0,100,0,13,205,0,218,118,0,118,336
11/14/2019,CRQ,CA,AWP,WE,Towers with Radar,0,21,125,0,146,0,0,4,0,4,0,21,129,0,150,0,0,0,150
11/15/2019,CRQ,CA,AWP,WE,Towers with Radar,0,14,123,1,138,0,0,185,1,186,0,14,308,2,324,164,0,164,488
11/16/2019,CRQ,CA,AWP,WE,Towers with Radar,0,13,84,0,97,0,0,166,0,166,0,13,250,0,263,170,0,170,433
11/17/2019,CRQ,CA,AWP,WE,Towers with Radar,0,20,92,0,112,0,0,202,0,202,0,20,294,0,314,179,0,179,493
11/18/2019,CRQ,CA,AWP,WE,Towers with Radar,0,8,78,1,87,0,0,141,1,142,0,8,219,2,229,305,2,307,536
11/19/2019,CRQ,CA,AWP,WE,Towers with Radar,0,7,98,3,108,0,0,76,0,76,0,7,174,3,184,157,0,157,341
11/20/2019,CRQ,CA,AWP,WE,Towers with Radar,0,9,35,1,45,0,2,15,0,17,0,11,50,1,62,43,0,43,105
11/21/2019,CRQ,CA,AWP,WE,Towers with Radar,0,7,110,8,125,0,0,133,0,133,0,7,243,8,258,314,0,314,572
11/22/2019,CRQ,CA,AWP,WE,Towers with Radar,0,8,130,0,138,0,0,189,0,189,0,8,319,0,327,226,0,226,553
11/23/2019,CRQ,CA,AWP,WE,Towers with Radar,0,4,102,0,106,0,0,249,0,249,0,4,351,0,355,178,0,178,533
11/24/2019,CRQ,CA,AWP,WE,Towers with Radar,0,9,94,0,103,0,0,173,0,173,0,9,267,0,276,224,0,224,500
11/25/2019,CRQ,CA,AWP,WE,Towers with Radar,0,15,82,2,99,0,0,109,0,109,0,15,191,2,208,114,0,114,322
11/26/2019,CRQ,CA,AWP,WE,Towers with Radar,0,17,127,0,144,0,0,249,0,249,0,17,376,0,393,273,0,273,666
11/27/2019,CRQ,CA,AWP,WE,Towers with Radar,0,16,64,0,80,0,0,10,0,10,0,16,74,0,90,13,0,13,103
11/28/2019,CRQ,CA,AWP,WE,Towers with Radar,0,8,5,0,13,0,0,0,0,0,0,8,5,0,13,0,0,0,13
11/29/2019,CRQ,CA,AWP,WE,Towers with Radar,0,8,41,0,49,0,0,21,0,21,0,8,62,0,70,109,0,109,179
11/30/2019,CRQ,CA,AWP,WE,Towers with Radar,0,20,101,0,121,0,0,150,0,150,0,20,251,0,271,172,0,172,443
12/01/2019,CRQ,CA,AWP,WE,Towers with Radar,0,25,113,0,138,0,0,160,0,160,0,25,273,0,298,156,0,156,454
12/02/2019,CRQ,CA,AWP,WE,Towers with Radar,0,18,117,1,136,0,0,192,1,193,0,18,309,2,329,267,0,267,596
12/03/2019,CRQ,CA,AWP,WE,Towers with Radar,0,18,95,0,113,0,0,143,0,143,0,18,238,0,256,189,0,189,445
12/04/2019,CRQ,CA,AWP,WE,Towers with Radar,0,16,66,0,82,0,0,1,0,1,0,16,67,0,83,0,0,0,83
12/05/2019,CRQ,CA,AWP,WE,Towers with Radar,0,16,118,0,134,0,0,159,0,159,0,16,277,0,293,218,2,220,513
12/06/2019,CRQ,CA,AWP,WE,Towers with Radar,0,14,93,0,107,0,0,145,0,145,0,14,238,0,252,146,2,148,400
12/07/2019,CRQ,CA,AWP,WE,Towers with Radar,0,9,109,0,118,0,0,38,0,38,0,9,147,0,156,161,0,161,317
12/08/2019,CRQ,CA,AWP,WE,Towers with Radar,0,19,92,0,111,0,0,3,0,3,0,19,95,0,114,2,0,2,116
12/09/2019,CRQ,CA,AWP,WE,Towers with Radar,0,17,106,0,123,0,0,111,0,111,0,17,217,0,234,192,0,192,426
12/10/2019,CRQ,CA,AWP,WE,Towers with Radar,0,13,85,4,102,0,0,204,0,204,0,13,289,4,306,159,6,165,471
12/11/2019,CRQ,CA,AWP,WE,Towers with Radar,0,13,90,6,109,0,0,215,4,219,0,13,305,10,328,246,0,246,574
12/12/2019,CRQ,CA,AWP,WE,Towers with Radar,0,19,99,0,118,0,0,204,0,204,0,19,303,0,322,249,0,249,571
12/13/2019,CRQ,CA,AWP,WE,Towers with Radar,0,25,129,0,154,0,0,187,0,187,0,25,316,0,341,198,0,198,539
12/14/2019,CRQ,CA,AWP,WE,Towers with Radar,0,12,145,2,159,0,0,37,0,37,0,12,182,2,196,176,0,176,372
12/15/2019,CRQ,CA,AWP,WE,Towers with Radar,0,30,80,0,110,0,0,142,0,142,0,30,222,0,252,119,0,119,371
12/16/2019,CRQ,CA,AWP,WE,Towers with Radar,0,11,67,0,78,0,0,174,0,174,0,11,241,0,252,230,0,230,482
12/17/2019,CRQ,CA,AWP,WE,Towers with Radar,0,21,95,5,121,0,1,151,1,153,0,22,246,6,274,202,0,202,476
12/18/2019,CRQ,CA,AWP,WE,Towers with Radar,0,18,98,0,116,0,0,159,0,159,0,18,257,0,275,139,0,139,414
12/19/2019,CRQ,CA,AWP,WE,Towers with Radar,0,24,92,2,118,0,0,193,0,193,0,24,285,2,311,162,0,162,473
12/20/2019,CRQ,CA,AWP,WE,Towers with Radar,0,12,115,2,129,0,0,189,0,189,0,12,304,2,318,250,0,250,568
12/21/2019,CRQ,CA,AWP,WE,Towers with Radar,0,11,82,0,93,0,0,149,0,149,0,11,231,0,242,245,0,245,487
12/22/2019,CRQ,CA,AWP,WE,Towers with Radar,0,10,64,0,74,0,0,108,0,108,0,10,172,0,182,191,0,191,373
12/23/2019,CRQ,CA,AWP,WE,Towers with Radar,0,15,35,0,50,0,0,9,0,9,0,15,44,0,59,26,0,26,85
12/24/2019,CRQ,CA,AWP,WE,Towers with Radar,0,6,50,0,56,0,0,37,0,37,0,6,87,0,93,74,0,74,167
12/25/2019,CRQ,CA,AWP,WE,Towers with Radar,0,5,14,0,19,0,0,10,0,10,0,5,24,0,29,30,0,30,59
12/26/2019,CRQ,CA,AWP,WE,Towers with Radar,0,14,45,0,59,0,0,27,0,27,0,14,72,0,86,146,0,146,232
12/27/2019,CRQ,CA,AWP,WE,Towers with Radar,0,24,72,2,98,0,0,176,0,176,0,24,248,2,274,199,0,199,473
12/28/2019,CRQ,CA,AWP,WE,Towers with Radar,0,18,88,0,106,0,0,149,0,149,0,18,237,0,255,145,0,145,400
12/29/2019,CRQ,CA,AWP,WE,Towers with Radar,0,25,77,0,102,0,0,131,0,131,0,25,208,0,233,87,0,87,320
12/30/2019,CRQ,CA,AWP,WE,Towers with Radar,0,20,60,0,80,0,0,99,0,99,0,20,159,0,179,213,0,213,392
12/31/2019,CRQ,CA,AWP,WE,Towers with Radar,0,5,36,0,41,0,0,115,0,115,0,5,151,0,156,133,0,133,289
01/01/2020,CRQ,CA,AWP,WE,Towers with Radar,0,19,49,0,68,0,0,71,0,71,0,19,120,0,139,78,0,78,217
01/02/2020,CRQ,CA,AWP,WE,Towers with Radar,0,14,67,0,81,0,0,169,0,169,0,14,236,0,250,172,0,172,422
01/03/2020,CRQ,CA,AWP,WE,Towers with Radar,0,30,125,4,159,0,0,218,0,218,0,30,343,4,377,131,0,131,508
01/04/2020,CRQ,CA,AWP,WE,Towers with Radar,0,16,99,0,115,0,0,191,0,191,0,16,290,0,306,170,0,170,476
01/05/2020,CRQ,CA,AWP,WE,Towers with Radar,0,25,99,0,124,0,0,138,1,139,0,25,237,1,263,114,0,114,377
01/06/2020,CRQ,CA,AWP,WE,Towers with Radar,0,15,74,0,89,0,1,164,0,165,0,16,238,0,254,256,0,256,510
01/07/2020,CRQ,CA,AWP,WE,Towers with Radar,0,14,76,0,90,0,0,174,0,174,0,14,250,0,264,197,0,197,461
01/08/2020,CRQ,CA,AWP,WE,Towers with Radar,0,10,115,0,125,0,1,93,0,94,0,11,208,0,219,216,4,220,439
01/09/2020,CRQ,CA,AWP,WE,Towers with Radar,0,13,95,4,112,0,0,69,0,69,0,13,164,4,181,154,0,154,335
01/10/2020,CRQ,CA,AWP,WE,Towers with Radar,0,10,93,1,104,0,0,205,2,207,0,10,298,3,311,182,0,182,493
01/11/2020,CRQ,CA,AWP,WE,Towers with Radar,0,11,85,0,96,0,0,145,0,145,0,11,230,0,241,212,0,212,453
01/12/2020,CRQ,CA,AWP,WE,Towers with Radar,0,21,85,0,106,0,0,169,0,169,0,21,254,0,275,267,0,267,542
01/13/2020,CRQ,CA,AWP,WE,Towers with Radar,0,10,99,0,109,0,1,123,0,124,0,11,222,0,233,215,0,215,448
01/14/2020,CRQ,CA,AWP,WE,Towers with Radar,0,8,87,0,95,0,0,201,0,201,0,8,288,0,296,275,0,275,571
01/15/2020,CRQ,CA,AWP,WE,Towers with Radar,0,16,90,2,108,0,0,178,0,178,0,16,268,2,286,138,0,138,424
01/16/2020,CRQ,CA,AWP,WE,Towers with Radar,0,21,146,6,173,0,0,54,0,54,0,21,200,6,227,143,0,143,370
01/17/2020,CRQ,CA,AWP,WE,Towers with Radar,0,19,136,3,158,0,0,179,0,179,0,19,315,3,337,181,0,181,518
01/18/2020,CRQ,CA,AWP,WE,Towers with Radar,0,23,78,2,103,0,0,194,0,194,0,23,272,2,297,154,0,154,451
01/19/2020,CRQ,CA,AWP,WE,Towers with Radar,0,23,56,0,79,0,0,144,0,144,0,23,200,0,223,206,0,206,429
01/20/2020,CRQ,CA,AWP,WE,Towers with Radar,0,23,124,1,148,0,0,115,0,115,0,23,239,1,263,196,0,196,459
01/21/2020,CRQ,CA,AWP,WE,Towers with Radar,0,14,162,1,177,0,0,64,0,64,0,14,226,1,241,135,0,135,376
01/22/2020,CRQ,CA,AWP,WE,Towers with Radar,0,11,108,2,121,0,1,174,0,175,0,12,282,2,296,275,0,275,571
01/23/2020,CRQ,CA,AWP,WE,Towers with Radar,0,19,70,4,93,0,0,1,0,1,0,19,71,4,94,0,0,0,94
01/24/2020,CRQ,CA,AWP,WE,Towers with Radar,0,15,101,1,117,0,0,192,0,192,0,15,293,1,309,111,0,111,420
01/25/2020,CRQ,CA,AWP,WE,Towers with Radar,0,11,82,0,93,0,0,69,0,69,0,11,151,0,162,10,0,10,172
01/26/2020,CRQ,CA,AWP,WE,Towers with Radar,0,19,135,0,154,0,0,53,0,53,0,19,188,0,207,72,0,72,279
01/27/2020,CRQ,CA,AWP,WE,Towers with Radar,0,17,70,1,88,0,0,175,0,175,0,17,245,1,263,218,0,218,481
01/28/2020,CRQ,CA,AWP,WE,Towers with Radar,0,14,101,1,116,0,1,167,0,168,0,15,268,1,284,217,0,217,501
01/29/2020,CRQ,CA,AWP,WE,Towers with Radar,0,14,72,3,89,0,0,96,0,96,0,14,168,3,185,156,4,160,345
01/30/2020,CRQ,CA,AWP,WE,Towers with Radar,0,18,92,0,110,0,0,212,0,212,0,18,304,0,322,216,0,216,538
01/31/2020,CRQ,CA,AWP,WE,Towers with Radar,0,20,97,0,117,0,0,253,0,253,0,20,350,0,370,278,0,278,648
02/01/2020,CRQ,CA,AWP,WE,Towers with Radar,0,12,68,0,80,0,0,219,0,219,0,12,287,0,299,227,0,227,526
02/02/2020,CRQ,CA,AWP,WE,Towers with Radar,0,16,87,0,103,0,0,56,0,56,0,16,143,0,159,44,0,44,203
02/03/2020,CRQ,CA,AWP,WE,Towers with Radar,0,22,77,6,105,0,0,90,0,90,0,22,167,6,195,162,0,162,357
02/04/2020,CRQ,CA,AWP,WE,Towers with Radar,0,9,54,2,65,0,0,104,1,105,0,9,158,3,170,166,0,166,336
02/05/2020,CRQ,CA,AWP,WE,Towers with Radar,0,12,103,0,115,0,0,205,0,205,0,12,308,0,320,213,0,213,533
02/06/2020,CRQ,CA,AWP,WE,Towers with Radar,0,12,83,2,97,0,0,207,0,207,0,12,290,2,304,177,0,177,481
02/07/2020,CRQ,CA,AWP,WE,Towers with Radar,0,16,109,2,127,0,0,236,0,236,0,16,345,2,363,160,0,160,523
02/08/2020,CRQ,CA,AWP,WE,Towers with Radar,0,8,63,0,71,0,0,167,0,167,0,8,230,0,238,116,0,116,354
02/09/2020,CRQ,CA,AWP,WE,Towers with Radar,0,26,78,0,104,0,0,4,0,4,0,26,82,0,108,85,0,85,193
02/10/2020,CRQ,CA,AWP,WE,Towers with Radar,0,12,81,0,93,0,0,80,0,80,0,12,161,0,173,257,0,257,430
02/11/2020,CRQ,CA,AWP,WE,Towers with Radar,0,12,86,0,98,0,0,137,2,139,0,12,223,2,237,246,0,246,483
02/12/2020,CRQ,CA,AWP,WE,Towers with Radar,0,7,130,0,137,0,0,199,0,199,0,7,329,0,336,233,0,233,569
02/13/2020,CRQ,CA,AWP,WE,Towers with Radar,0,26,128,0,154,0,0,251,0,251,0,26,379,0,405,222,0,222,627
02/14/2020,CRQ,CA,AWP,WE,Towers with Radar,0,17,115,1,133,0,0,214,0,214,0,17,329,1,347,148,0,148,495
02/15/2020,CRQ,CA,AWP,WE,Towers with Radar,0,16,84,1,101,0,0,152,0,152,0,16,236,1,253,189,1,190,443
02/16/2020,CRQ,CA,AWP,WE,Towers with Radar,0,18,94,2,114,0,0,142,0,142,0,18,236,2,256,114,0,114,370
02/17/2020,CRQ,CA,AWP,WE,Towers with Radar,0,31,101,2,134,0,1,224,0,225,0,32,325,2,359,192,0,192,551
02/18/2020,CRQ,CA,AWP,WE,Towers with Radar,0,20,93,1,114,0,0,168,1,169,0,20,261,2,283,242,0,242,525
02/19/2020,CRQ,CA,AWP,WE,Towers with Radar,0,12,131,2,145,0,1,115,0,116,0,13,246,2,261,186,0,186,447
02/20/2020,CRQ,CA,AWP,WE,Towers with Radar,0,21,116,2,139,0,0,185,0,185,0,21,301,2,324,173,0,173,497
02/21/2020,CRQ,CA,AWP,WE,Towers with Radar,0,17,106,4,127,0,0,205,0,205,0,17,311,4,332,266,0,266,598
02/22/2020,CRQ,CA,AWP,WE,Towers with Radar,0,14,33,0,47,0,0,20,0,20,0,14,53,0,67,198,0,198,265
02/23/2020,CRQ,CA,AWP,WE,Towers with Radar,0,17,114,8,139,0,0,162,0,162,0,17,276,8,301,252,0,252,553
02/24/2020,CRQ,CA,AWP,WE,Towers with Radar,0,15,105,0,120,0,0,201,0,201,0,15,306,0,321,302,0,302,623
02/25/2020,CRQ,CA,AWP,WE,Towers with Radar,0,6,91,1,98,0,0,213,0,213,0,6,304,1,311,344,0,344,655
02/26/2020,CRQ,CA,AWP,WE,Towers with Radar,0,12,84,0,96,0,0,122,0,122,0,12,206,0,218,277,0,277,495
02/27/2020,CRQ,CA,AWP,WE,Towers with Radar,0,23,95,0,118,0,0,219,0,219,0,23,314,0,337,297,0,297,634
02/28/2020,CRQ,CA,AWP,WE,Towers with Radar,0,18,102,0,120,0,0,240,0,240,0,18,342,0,360,187,0,187,547
02/29/2020,CRQ,CA,AWP,WE,Towers with Radar,0,13,97,0,110,0,0,227,0,227,0,13,324,0,337,216,0,216,553
03/01/2020,CRQ,CA,AWP,WE,Towers with Radar,0,15,90,0,105,0,0,27,0,27,0,15,117,0,132,127,0,127,259
03/02/2020,CRQ,CA,AWP,WE,Towers with Radar,0,21,58,2,81,0,0,146,5,151,0,21,204,7,232,303,0,303,535
03/03/2020,CRQ,CA,AWP,WE,Towers with Radar,0,11,78,0,89,0,0,163,0,163,0,11,241,0,252,306,0,306,558
03/04/2020,CRQ,CA,AWP,WE,Towers with Radar,0,16,122,4,142,0,0,219,0,219,0,16,341,4,361,224,0,224,585
03/05/2020,CRQ,CA,AWP,WE,Towers with Radar,0,25,79,3,107,0,0,200,2,202,0,25,279,5,309,223,0,223,532
03/06/2020,CRQ,CA,AWP,WE,Towers with Radar,0,27,126,2,155,0,1,171,0,172,0,28,297,2,327,164,0,164,491
03/07/2020,CRQ,CA,AWP,WE,Towers with Radar,0,14,120,19,153,0,0,130,0,130,0,14,250,19,283,190,0,190,473
03/08/2020,CRQ,CA,AWP,WE,Towers with Radar,0,17,141,6,164,0,0,236,0,236,0,17,377,6,400,209,0,209,609
03/09/2020,CRQ,CA,AWP,WE,Towers with Radar,0,14,97,2,113,0,0,172,0,172,0,14,269,2,285,266,2,268,553
03/10/2020,CRQ,CA,AWP,WE,Towers with Radar,0,12,78,0,90,0,0,1,0,1,0,12,79,0,91,104,0,104,195
03/11/2020,CRQ,CA,AWP,WE,Towers with Radar,0,19,129,0,148,0,0,133,0,133,0,19,262,0,281,263,0,263,544
03/12/2020,CRQ,CA,AWP,WE,Towers with Radar,0,10,40,0,50,0,0,7,0,7,0,10,47,0,57,4,0,4,61
03/13/2020,CRQ,CA,AWP,WE,Towers with Radar,0,10,59,7,76,0,0,7,1,8,0,10,66,8,84,8,0,8,92
03/14/2020,CRQ,CA,AWP,WE,Towers with Radar,0,14,115,0,129,0,0,41,0,41,0,14,156,0,170,331,0,331,501
03/15/2020,CRQ,CA,AWP,WE,Towers with Radar,0,17,112,0,129,0,0,86,0,86,0,17,198,0,215,328,0,328,543
03/16/2020,CRQ,CA,AWP,WE,Towers with Radar,0,22,78,6,106,0,1,65,0,66,0,23,143,6,172,262,0,262,434
03/17/2020,CRQ,CA,AWP,WE,Towers with Radar,0,11,82,2,95,0,1,154,0,155,0,12,236,2,250,305,0,305,555
03/18/2020,CRQ,CA,AWP,WE,Towers with Radar,0,6,43,0,49,0,0,33,0,33,0,6,76,0,82,259,4,263,345
03/19/2020,CRQ,CA,AWP,WE,Towers with Radar,0,8,40,0,48,0,0,69,0,69,0,8,109,0,117,290,0,290,407
03/20/2020,CRQ,CA,AWP,WE,Towers with Radar,0,9,47,1,57,0,0,93,0,93,0,9,140,1,150,244,0,244,394
03/21/2020,CRQ,CA,AWP,WE,Towers with Radar,0,6,67,2,75,0,0,162,0,162,0,6,229,2,237,305,0,305,542
03/22/2020,CRQ,CA,AWP,WE,Towers with Radar,0,1,32,3,36,0,0,0,0,0,0,1,32,3,36,0,0,0,36
03/23/2020,CRQ,CA,AWP,WE,Towers with Radar,0,5,48,0,53,0,0,67,0,67,0,5,115,0,120,233,0,233,353
03/24/2020,CRQ,CA,AWP,WE,Towers with Radar,0,1,76,0,77,0,0,74,2,76,0,1,150,2,153,277,0,277,430
03/25/2020,CRQ,CA,AWP,WE,Towers with Radar,0,5,40,0,45,0,0,64,0,64,0,5,104,0,109,214,0,214,323
03/26/2020,CRQ,CA,AWP,WE,Towers with Radar,0,6,48,2,56,0,1,42,0,43,0,7,90,2,99,141,2,143,242
03/27/2020,CRQ,CA,AWP,WE,Towers with Radar,0,0,52,1,53,0,1,149,0,150,0,1,201,1,203,294,0,294,497
03/28/2020,CRQ,CA,AWP,WE,Towers with Radar,0,0,53,6,59,0,0,102,0,102,0,0,155,6,161,279,0,279,440
03/29/2020,CRQ,CA,AWP,WE,Towers with Radar,0,6,37,7,50,0,0,108,0,108,0,6,145,7,158,136,0,136,294
03/30/2020,CRQ,CA,AWP,WE,Towers with Radar,0,4,49,0,53,0,0,127,0,127,0,4,176,0,180,329,0,329,509
03/31/2020,CRQ,CA,AWP,WE,Towers with Radar,0,3,49,0,52,0,0,107,0,107,0,3,156,0,159,270,0,270,429
04/01/2020,CRQ,CA,AWP,WE,Towers with Radar,0,4,53,0,57,0,0,82,0,82,0,4,135,0,139,154,0,154,293
04/02/2020,CRQ,CA,AWP,WE,Towers with Radar,0,6,41,0,47,0,1,66,2,69,0,7,107,2,116,203,0,203,319
04/03/2020,CRQ,CA,AWP,WE,Towers with Radar,0,2,40,0,42,0,0,133,0,133,0,2,173,0,175,225,0,225,400
04/04/2020,CRQ,CA,AWP,WE,Towers with Radar,0,2,68,6,76,0,0,69,0,69,0,2,137,6,145,189,0,189,334
04/05/2020,CRQ,CA,AWP,WE,Towers with Radar,0,6,44,5,55,0,0,3,2,5,0,6,47,7,60,2,2,4,64
04/06/2020,CRQ,CA,AWP,WE,Towers with Radar,0,1,8,0,9,0,0,2,0,2,0,1,10,0,11,0,0,0,11
04/07/2020,CRQ,CA,AWP,WE,Towers with Radar,0,1,13,3,17,0,0,0,0,0,0,1,13,3,17,0,0,0,17
04/08/2020,CRQ,CA,AWP,WE,Towers with Radar,0,4,12,2,18,0,0,18,0,18,0,4,30,2,36,203,0,203,239
04/09/2020,CRQ,CA,AWP,WE,Towers with Radar,0,1,9,0,10,0,0,6,0,6,0,1,15,0,16,97,0,97,113
04/10/2020,CRQ,CA,AWP,WE,Towers with Radar,0,0,13,0,13,0,0,0,0,0,0,0,13,0,13,4,0,4,17
04/11/2020,CRQ,CA,AWP,WE,Towers with Radar,0,6,74,0,80,0,0,156,0,156,0,6,230,0,236,277,0,277,513
04/12/2020,CRQ,CA,AWP,WE,Towers with Radar,0,1,38,0,39,0,0,3,0,3,0,1,41,0,42,60,0,60,102
04/13/2020,CRQ,CA,AWP,WE,Towers with Radar,0,6,52,4,62,0,0,43,0,43,0,6,95,4,105,162,0,162,267
04/14/2020,CRQ,CA,AWP,WE,Towers with Radar,0,4,58,0,62,0,0,167,1,168,0,4,225,1,230,220,0,220,450
04/15/2020,CRQ,CA,AWP,WE,Towers with Radar,0,4,44,0,48,0,0,223,0,223,0,4,267,0,271,268,0,268,539
04/16/2020,CRQ,CA,AWP,WE,Towers with Radar,0,4,48,0,52,0,0,168,0,168,0,4,216,0,220,186,0,186,406
04/17/2020,CRQ,CA,AWP,WE,Towers with Radar,0,0,66,6,72,0,0,91,2,93,0,0,157,8,165,162,0,162,327
04/18/2020,CRQ,CA,AWP,WE,Towers with Radar,0,4,48,0,52,0,0,60,2,62,0,4,108,2,114,197,6,203,317
04/19/2020,CRQ,CA,AWP,WE,Towers with Radar,0,5,59,0,64,0,0,2,0,2,0,5,61,0,66,0,0,0,66
04/20/2020,CRQ,CA,AWP,WE,Towers with Radar,0,2,39,10,51,0,0,61,0,61,0,2,100,10,112,208,2,210,322
04/21/2020,CRQ,CA,AWP,WE,Towers with Radar,0,2,56,0,58,0,1,2,0,3,0,3,58,0,61,0,0,0,61
04/22/2020,CRQ,CA,AWP,WE,Towers with Radar,0,5,57,0,62,0,0,223,0,223,0,5,280,0,285,179,2,181,466
04/23/2020,CRQ,CA,AWP,WE,Towers with Radar,0,6,76,7,89,0,2,207,1,210,0,8,283,8,299,385,7,392,691
04/24/2020,CRQ,CA,AWP,WE,Towers with Radar,0,2,66,2,70,0,0,173,2,175,0,2,239,4,245,332,0,332,577
04/25/2020,CRQ,CA,AWP,WE,Towers with Radar,0,5,62,18,85,0,0,173,1,174,0,5,235,19,259,203,4,207,466
04/26/2020,CRQ,CA,AWP,WE,Towers with Radar,0,9,53,2,64,0,0,159,11,170,0,9,212,13,234,144,0,144,378
04/27/2020,CRQ,CA,AWP,WE,Towers with Radar,0,5,38,3,46,0,0,106,0,106,0,5,144,3,152,143,0,143,295
04/28/2020,CRQ,CA,AWP,WE,Towers with Radar,0,4,75,2,81,0,0,80,2,82,0,4,155,4,163,54,0,54,217
04/29/2020,CRQ,CA,AWP,WE,Towers with Radar,0,7,72,4,83,0,0,2,0,2,0,7,74,4,85,2,0,2,87
04/30/2020,CRQ,CA,AWP,WE,Towers with Radar,0,7,95,2,104,0,0,23,0,23,0,7,118,2,127,10,0,10,137
05/01/2020,CRQ,CA,AWP,WE,Towers with Radar,0,8,66,0,74,0,0,110,0,110,0,8,176,0,184,123,0,123,307
05/02/2020,CRQ,CA,AWP,WE,Towers with Radar,0,3,50,0,53,0,0,197,0,197,0,3,247,0,250,223,0,223,473
05/03/2020,CRQ,CA,AWP,WE,Towers with Radar,0,5,61,1,67,0,0,128,1,129,0,5,189,2,196,116,0,116,312
05/04/2020,CRQ,CA,AWP,WE,Towers with Radar,0,7,28,2,37,0,0,1,0,1,0,7,29,2,38,0,0,0,38
05/05/2020,CRQ,CA,AWP,WE,Towers with Radar,0,5,34,0,39,0,0,6,0,6,0,5,40,0,45,0,0,0,45
05/06/2020,CRQ,CA,AWP,WE,Towers with Radar,0,10,57,0,67,0,0,128,0,128,0,10,185,0,195,213,0,213,408
05/07/2020,CRQ,CA,AWP,WE,Towers with Radar,0,7,44,0,51,0,0,4,0,4,0,7,48,0,55,0,0,0,55
05/08/2020,CRQ,CA,AWP,WE,Towers with Radar,0,5,69,8,82,0,0,105,0,105,0,5,174,8,187,46,0,46,233
05/09/2020,CRQ,CA,AWP,WE,Towers with Radar,0,7,86,2,95,0,0,40,4,44,0,7,126,6,139,58,0,58,197
05/10/2020,CRQ,CA,AWP,WE,Towers with Radar,0,8,68,1,77,0,0,6,0,6,0,8,74,1,83,2,0,2,85
05/11/2020,CRQ,CA,AWP,WE,Towers with Radar,0,3,76,2,81,0,0,89,2,91,0,3,165,4,172,122,2,124,296
05/12/2020,CRQ,CA,AWP,WE,Towers with Radar,0,3,77,0,80,0,1,113,0,114,0,4,190,0,194,170,9,179,373
05/13/2020,CRQ,CA,AWP,WE,Towers with Radar,0,10,77,2,89,0,1,109,0,110,0,11,186,2,199,206,0,206,405
05/14/2020,CRQ,CA,AWP,WE,Towers with Radar,0,8,69,1,78,0,1,122,1,124,0,9,191,2,202,196,0,196,398
05/15/2020,CRQ,CA,AWP,WE,Towers with Radar,0,3,66,2,71,0,1,140,0,141,0,4,206,2,212,205,0,205,417
05/16/2020,CRQ,CA,AWP,WE,Towers with Radar,0,7,75,1,83,0,0,128,0,128,0,7,203,1,211,111,0,111,322
05/17/2020,CRQ,CA,AWP,WE,Towers with Radar,0,13,90,5,108,0,0,61,0,61,0,13,151,5,169,62,0,62,231
05/18/2020,CRQ,CA,AWP,WE,Towers with Radar,0,7,82,0,89,0,0,43,0,43,0,7,125,0,132,96,0,96,228
05/19/2020,CRQ,CA,AWP,WE,Towers with Radar,0,6,86,0,92,0,0,6,0,6,0,6,92,0,98,0,0,0,98
05/20/2020,CRQ,CA,AWP,WE,Towers with Radar,0,7,93,0,100,0,0,114,0,114,0,7,207,0,214,169,0,169,383
05/21/2020,CRQ,CA,AWP,WE,Towers with Radar,0,12,79,2,93,0,3,154,3,160,0,15,233,5,253,105,2,107,360
05/22/2020,CRQ,CA,AWP,WE,Towers with Radar,0,12,96,1,109,0,0,134,3,137,0,12,230,4,246,108,0,108,354
05/23/2020,CRQ,CA,AWP,WE,Towers with Radar,0,21,57,0,78,0,2,179,0,181,0,23,236,0,259,147,0,147,406
05/24/2020,CRQ,CA,AWP,WE,Towers with Radar,0,7,45,0,52,0,0,122,0,122,0,7,167,0,174,89,0,89,263
05/25/2020,CRQ,CA,AWP,WE,Towers with Radar,0,17,79,0,96,0,1,132,0,133,0,18,211,0,229,101,0,101,330
05/26/2020,CRQ,CA,AWP,WE,Towers with Radar,0,22,77,0,99,0,0,162,0,162,0,22,239,0,261,134,0,134,395
05/27/2020,CRQ,CA,AWP,WE,Towers with Radar,0,6,62,2,70,0,1,125,0,126,0,7,187,2,196,156,0,156,352
05/28/2020,CRQ,CA,AWP,WE,Towers with Radar,0,26,102,2,130,0,0,85,0,85,0,26,187,2,215,85,2,87,302
05/29/2020,CRQ,CA,AWP,WE,Towers with Radar,0,19,113,0,132,0,0,20,0,20,0,19,133,0,152,12,0,12,164
05/30/2020,CRQ,CA,AWP,WE,Towers with Radar,0,9,70,2,81,0,1,108,0,109,0,10,178,2,190,182,0,182,372
05/31/2020,CRQ,CA,AWP,WE,Towers with Radar,0,20,53,1,74,0,0,159,0,159,0,20,212,1,233,158,0,158,391
06/01/2020,CRQ,CA,AWP,WE,Towers with Radar,0,13,63,1,77,0,2,135,0,137,0,15,198,1,214,180,2,182,396
06/02/2020,CRQ,CA,AWP,WE,Towers with Radar,0,15,72,2,89,0,0,127,1,128,0,15,199,3,217,140,0,140,357
06/03/2020,CRQ,CA,AWP,WE,Towers with Radar,0,8,72,2,82,0,0,124,0,124,0,8,196,2,206,194,0,194,400
06/04/2020,CRQ,CA,AWP,WE,Towers with Radar,0,23,133,5,161,0,0,29,2,31,0,23,162,7,192,2,0,2,194
06/05/2020,CRQ,CA,AWP,WE,Towers with Radar,0,17,106,1,124,0,0,73,0,73,0,17,179,1,197,139,0,139,336
06/06/2020,CRQ,CA,AWP,WE,Towers with Radar,0,7,106,1,114,0,0,54,0,54,0,7,160,1,168,91,0,91,259
06/07/2020,CRQ,CA,AWP,WE,Towers with Radar,0,7,77,2,86,0,1,123,0,124,0,8,200,2,210,173,0,173,383
06/08/2020,CRQ,CA,AWP,WE,Towers with Radar,0,26,97,0,123,0,0,133,0,133,0,26,230,0,256,175,0,175,431
06/09/2020,CRQ,CA,AWP,WE,Towers with Radar,0,18,84,0,102,0,2,195,0,197,0,20,279,0,299,180,0,180,479
06/10/2020,CRQ,CA,AWP,WE,Towers with Radar,0,9,75,2,86,0,0,214,0,214,0,9,289,2,300,160,0,160,460
06/11/2020,CRQ,CA,AWP,WE,Towers with Radar,0,15,56,0,71,0,1,140,0,141,0,16,196,0,212,149,0,149,361
06/12/2020,CRQ,CA,AWP,WE,Towers with Radar,0,11,89,2,102,0,0,145,0,145,0,11,234,2,247,158,2,160,407
06/13/2020,CRQ,CA,AWP,WE,Towers with Radar,1,17,80,1,99,0,1,126,2,129,1,18,206,3,228,154,1,155,383
06/14/2020,CRQ,CA,AWP,WE,Towers with Radar,0,15,77,2,94,0,0,154,1,155,0,15,231,3,249,114,0,114,363
06/15/2020,CRQ,CA,AWP,WE,Towers with Radar,0,10,104,0,114,0,0,102,0,102,0,10,206,0,216,124,0,124,340
06/16/2020,CRQ,CA,AWP,WE,Towers with Radar,0,15,87,2,104,0,1,115,0,116,0,16,202,2,220,135,0,135,355
06/17/2020,CRQ,CA,AWP,WE,Towers with Radar,0,18,105,4,127,0,1,117,0,118,0,19,222,4,245,157,0,157,402
06/18/2020,CRQ,CA,AWP,WE,Towers with Radar,0,12,114,0,126,0,2,121,0,123,0,14,235,0,249,202,0,202,451
06/19/2020,CRQ,CA,AWP,WE,Towers with Radar,0,14,123,2,139,0,0,97,0,97,0,14,220,2,236,149,0,149,385
06/20/2020,CRQ,CA,AWP,WE,Towers with Radar,0,16,127,3,146,0,0,28,0,28,0,16,155,3,174,72,0,72,246
06/21/2020,CRQ,CA,AWP,WE,Towers with Radar,0,24,93,1,118,0,0,44,0,44,0,24,137,1,162,93,0,93,255
06/22/2020,CRQ,CA,AWP,WE,Towers with Radar,0,19,121,0,140,0,1,20,0,21,0,20,141,0,161,0,0,0,161
06/23/2020,CRQ,CA,AWP,WE,Towers with Radar,0,12,124,0,136,0,0,37,0,37,0,12,161,0,173,6,0,6,179
06/24/2020,CRQ,CA,AWP,WE,Towers with Radar,0,21,152,1,174,0,2,22,0,24,0,23,174,1,198,0,0,0,198
06/25/2020,CRQ,CA,AWP,WE,Towers with Radar,0,26,138,1,165,0,0,90,0,90,0,26,228,1,255,4,0,4,259
06/26/2020,CRQ,CA,AWP,WE,Towers with Radar,0,18,83,3,104,0,1,177,1,179,0,19,260,4,283,176,4,180,463
06/27/2020,CRQ,CA,AWP,WE,Towers with Radar,0,13,100,3,116,0,1,121,3,125,0,14,221,6,241,98,0,98,339
06/28/2020,CRQ,CA,AWP,WE,Towers with Radar,0,11,148,1,160,0,0,56,0,56,0,11,204,1,216,133,0,133,349
06/29/2020,CRQ,CA,AWP,WE,Towers with Radar,0,16,85,2,103,0,0,62,0,62,0,16,147,2,165,128,0,128,293
06/30/2020,CRQ,CA,AWP,WE,Towers with Radar,0,15,118,6,139,0,0,184,0,184,0,15,302,6,323,214,0,214,537
07/01/2020,CRQ,CA,AWP,WE,Towers with Radar,0,35,159,1,195,0,0,67,0,67,0,35,226,1,262,82,0,82,344
07/02/2020,CRQ,CA,AWP,WE,Towers with Radar,0,14,99,1,114,0,0,127,2,129,0,14,226,3,243,197,0,197,440
07/03/2020,CRQ,CA,AWP,WE,Towers with Radar,0,14,85,0,99,0,0,191,0,191,0,14,276,0,290,197,0,197,487
07/04/2020,CRQ,CA,AWP,WE,Towers with Radar,0,5,31,0,36,0,0,87,0,87,0,5,118,0,123,75,0,75,198
07/05/2020,CRQ,CA,AWP,WE,Towers with Radar,0,17,91,0,108,0,2,169,0,171,0,19,260,0,279,157,0,157,436
07/06/2020,CRQ,CA,AWP,WE,Towers with Radar,0,23,70,0,93,0,0,172,0,172,0,23,242,0,265,289,0,289,554
07/07/2020,CRQ,CA,AWP,WE,Towers with Radar,0,17,77,0,94,0,0,199,0,199,0,17,276,0,293,296,2,298,591
07/08/2020,CRQ,CA,AWP,WE,Towers with Radar,0,18,104,3,125,0,0,179,0,179,0,18,283,3,304,214,0,214,518
07/09/2020,CRQ,CA,AWP,WE,Towers with Radar,0,17,77,6,100,0,0,155,2,157,0,17,232,8,257,213,2,215,472
07/10/2020,CRQ,CA,AWP,WE,Towers with Radar,0,23,80,3,106,0,0,182,2,184,0,23,262,5,290,224,0,224,514
07/11/2020,CRQ,CA,AWP,WE,Towers with Radar,0,7,71,1,79,0,0,181,0,181,0,7,252,1,260,179,0,179,439
07/12/2020,CRQ,CA,AWP,WE,Towers with Radar,0,24,66,0,90,0,0,158,0,158,0,24,224,0,248,197,0,197,445
07/13/2020,CRQ,CA,AWP,WE,Towers with Radar,0,23,66,0,89,0,0,148,0,148,0,23,214,0,237,127,0,127,364
07/14/2020,CRQ,CA,AWP,WE,Towers with Radar,0,25,106,0,131,0,0,139,0,139,0,25,245,0,270,117,0,117,387
07/15/2020,CRQ,CA,AWP,WE,Towers with Radar,0,18,73,0,91,0,1,200,0,201,0,19,273,0,292,216,0,216,508
07/16/2020,CRQ,CA,AWP,WE,Towers with Radar,0,19,75,0,94,0,0,206,0,206,0,19,281,0,300,236,0,236,536
07/17/2020,CRQ,CA,AWP,WE,Towers with Radar,0,13,109,3,125,0,0,199,0,199,0,13,308,3,324,200,0,200,524
07/18/2020,CRQ,CA,AWP,WE,Towers with Radar,0,10,93,2,105,0,0,134,0,134,0,10,227,2,239,90,0,90,329
07/19/2020,CRQ,CA,AWP,WE,Towers with Radar,0,30,107,8,145,0,10,95,0,105,0,40,202,8,250,54,1,55,305
07/20/2020,CRQ,CA,AWP,WE,Towers with Radar,0,24,69,6,99,0,0,111,0,111,0,24,180,6,210,65,0,65,275
07/21/2020,CRQ,CA,AWP,WE,Towers with Radar,0,15,98,1,114,0,0,126,1,127,0,15,224,2,241,78,0,78,319
07/22/2020,CRQ,CA,AWP,WE,Towers with Radar,0,14,123,0,137,0,1,59,0,60,0,15,182,0,197,67,0,67,264
07/23/2020,CRQ,CA,AWP,WE,Towers with Radar,0,12,124,0,136,0,1,157,1,159,0,13,281,1,295,246,0,246,541
07/24/2020,CRQ,CA,AWP,WE,Towers with Radar,0,17,100,4,121,0,0,181,0,181,0,17,281,4,302,180,0,180,482
07/25/2020,CRQ,CA,AWP,WE,Towers with Radar,0,26,71,0,97,0,1,151,4,156,0,27,222,4,253,89,0,89,342
07/26/2020,CRQ,CA,AWP,WE,Towers with Radar,0,29,139,0,168,0,0,49,0,49,0,29,188,0,217,36,0,36,253
07/27/2020,CRQ,CA,AWP,WE,Towers with Radar,0,9,110,0,119,0,0,115,0,115,0,9,225,0,234,137,0,137,371
07/28/2020,CRQ,CA,AWP,WE,Towers with Radar,0,9,105,0,114,0,0,118,0,118,0,9,223,0,232,61,0,61,293
07/29/2020,CRQ,CA,AWP,WE,Towers with Radar,0,20,102,3,125,0,0,133,0,133,0,20,235,3,258,108,0,108,366
07/30/2020,CRQ,CA,AWP,WE,Towers with Radar,0,20,107,1,128,0,0,176,0,176,0,20,283,1,304,249,2,251,555
07/31/2020,CRQ,CA,AWP,WE,Towers with Radar,1,21,81,2,105,0,0,196,0,196,1,21,277,2,301,280,0,280,581
08/01/2020,CRQ,CA,AWP,WE,Towers with Radar,0,19,95,0,114,0,0,187,0,187,0,19,282,0,301,167,0,167,468
08/02/2020,CRQ,CA,AWP,WE,Towers with Radar,0,21,87,0,108,0,0,109,0,109,0,21,196,0,217,55,0,55,272
08/03/2020,CRQ,CA,AWP,WE,Towers with Radar,0,17,95,0,112,0,0,104,0,104,0,17,199,0,216,114,0,114,330
08/04/2020,CRQ,CA,AWP,WE,Towers with Radar,0,15,117,4,136,0,0,151,0,151,0,15,268,4,287,164,0,164,451
08/05/2020,CRQ,CA,AWP,WE,Towers with Radar,0,13,119,0,132,0,0,182,0,182,0,13,301,0,314,216,0,216,530
08/06/2020,CRQ,CA,AWP,WE,Towers with Radar,0,21,120,0,141,0,0,206,0,206,0,21,326,0,347,192,0,192,539
08/07/2020,CRQ,CA,AWP,WE,Towers with Radar,0,24,98,0,122,0,0,180,0,180,0,24,278,0,302,170,0,170,472
08/08/2020,CRQ,CA,AWP,WE,Towers with Radar,0,17,105,1,123,0,0,161,0,161,0,17,266,1,284,130,0,130,414
08/09/2020,CRQ,CA,AWP,WE,Towers with Radar,0,17,119,1,137,0,0,187,0,187,0,17,306,1,324,127,0,127,451
08/10/2020,CRQ,CA,AWP,WE,Towers with Radar,0,16,108,2,126,0,0,116,0,116,0,16,224,2,242,107,0,107,349
08/11/2020,CRQ,CA,AWP,WE,Towers with Radar,0,25,102,0,127,0,1,136,0,137,0,26,238,0,264,159,0,159,423
08/12/2020,CRQ,CA,AWP,WE,Towers with Radar,0,18,74,2,94,0,0,194,1,195,0,18,268,3,289,240,2,242,531
08/13/2020,CRQ,CA,AWP,WE,Towers with Radar,0,22,89,7,118,0,0,164,0,164,0,22,253,7,282,235,0,235,517
08/14/2020,CRQ,CA,AWP,WE,Towers with Radar,0,18,59,1,78,0,0,212,9,221,0,18,271,10,299,231,0,231,530
08/15/2020,CRQ,CA,AWP,WE,Towers with Radar,0,22,79,1,102,0,0,186,3,189,0,22,265,4,291,212,4,216,507
08/16/2020,CRQ,CA,AWP,WE,Towers with Radar,0,26,73,0,99,0,5,118,3,126,0,31,191,3,225,142,0,142,367
08/17/2020,CRQ,CA,AWP,WE,Towers with Radar,0,26,97,0,123,0,0,140,0,140,0,26,237,0,263,157,0,157,420
08/18/2020,CRQ,CA,AWP,WE,Towers with Radar,0,19,90,1,110,0,0,128,0,128,0,19,218,1,238,224,0,224,462
08/19/2020,CRQ,CA,AWP,WE,Towers with Radar,0,12,81,0,93,0,0,195,0,195,0,12,276,0,288,306,0,306,594
08/20/2020,CRQ,CA,AWP,WE,Towers with Radar,0,22,116,4,142,0,0,149,0,149,0,22,265,4,291,196,0,196,487
08/21/2020,CRQ,CA,AWP,WE,Towers with Radar,0,23,113,0,136,0,0,182,0,182,0,23,295,0,318,303,0,303,621
08/22/2020,CRQ,CA,AWP,WE,Towers with Radar,0,19,80,10,109,0,0,176,0,176,0,19,256,10,285,154,0,154,439
08/23/2020,CRQ,CA,AWP,WE,Towers with Radar,0,20,92,0,112,0,0,157,2,159,0,20,249,2,271,164,0,164,435
08/24/2020,CRQ,CA,AWP,WE,Towers with Radar,0,16,116,5,137,0,0,44,0,44,0,16,160,5,181,4,0,4,185
08/25/2020,CRQ,CA,AWP,WE,Towers with Radar,0,9,79,1,89,0,0,132,0,132,0,9,211,1,221,134,0,134,355
08/26/2020,CRQ,CA,AWP,WE,Towers with Radar,0,15,90,0,105,0,0,201,0,201,0,15,291,0,306,136,0,136,442
08/27/2020,CRQ,CA,AWP,WE,Towers with Radar,0,11,86,0,97,0,0,211,1,212,0,11,297,1,309,252,1,253,562
08/28/2020,CRQ,CA,AWP,WE,Towers with Radar,0,20,98,0,118,0,0,211,0,211,0,20,309,0,329,227,0,227,556
08/29/2020,CRQ,CA,AWP,WE,Towers with Radar,0,19,97,2,118,0,0,181,2,183,0,19,278,4,301,105,0,105,406
08/30/2020,CRQ,CA,AWP,WE,Towers with Radar,0,12,73,1,86,0,0,150,0,150,0,12,223,1,236,152,0,152,388
08/31/2020,CRQ,CA,AWP,WE,Towers with Radar,0,7,103,0,110,0,0,153,0,153,0,7,256,0,263,108,0,108,371
09/01/2020,CRQ,CA,AWP,WE,Towers with Radar,0,14,113,0,127,0,0,141,0,141,0,14,254,0,268,181,0,181,449
09/02/2020,CRQ,CA,AWP,WE,Towers with Radar,0,16,106,0,122,0,0,160,2,162,0,16,266,2,284,118,0,118,402
09/03/2020,CRQ,CA,AWP,WE,Towers with Radar,0,27,90,0,117,0,1,181,1,183,0,28,271,1,300,185,0,185,485
09/04/2020,CRQ,CA,AWP,WE,Towers with Radar,0,16,99,1,116,0,0,159,0,159,0,16,258,1,275,194,0,194,469
09/05/2020,CRQ,CA,AWP,WE,Towers with Radar,0,16,75,0,91,0,0,159,0,159,0,16,234,0,250,161,8,169,419
09/06/2020,CRQ,CA,AWP,WE,Towers with Radar,0,20,42,7,69,0,0,155,0,155,0,20,197,7,224,217,0,217,441
09/07/2020,CRQ,CA,AWP,WE,Towers with Radar,0,31,91,0,122,0,0,100,0,100,0,31,191,0,222,126,0,126,348
09/08/2020,CRQ,CA,AWP,WE,Towers with Radar,0,22,147,12,181,0,0,42,0,42,0,22,189,12,223,232,0,232,455
09/09/2020,CRQ,CA,AWP,WE,Towers with Radar,0,22,120,0,142,0,0,94,0,94,0,22,214,0,236,130,0,130,366
09/10/2020,CRQ,CA,AWP,WE,Towers with Radar,0,21,97,0,118,0,0,222,0,222,0,21,319,0,340,252,0,252,592
09/11/2020,CRQ,CA,AWP,WE,Towers with Radar,0,16,118,1,135,0,0,188,0,188,0,16,306,1,323,190,0,190,513
09/12/2020,CRQ,CA,AWP,WE,Towers with Radar,0,17,92,3,112,0,0,146,0,146,0,17,238,3,258,156,0,156,414
09/13/2020,CRQ,CA,AWP,WE,Towers with Radar,0,25,85,2,112,0,0,84,0,84,0,25,169,2,196,116,0,116,312
09/14/2020,CRQ,CA,AWP,WE,Towers with Radar,0,12,94,0,106,0,0,89,0,89,0,12,183,0,195,198,0,198,393
09/15/2020,CRQ,CA,AWP,WE,Towers with Radar,0,27,116,0,143,0,0,154,0,154,0,27,270,0,297,188,0,188,485
09/16/2020,CRQ,CA,AWP,WE,Towers with Radar,0,26,89,25,140,0,0,189,0,189,0,26,278,25,329,276,0,276,605
09/17/2020,CRQ,CA,AWP,WE,Towers with Radar,0,19,102,0,121,0,0,196,0,196,0,19,298,0,317,172,0,172,489
09/18/2020,CRQ,CA,AWP,WE,Towers with Radar,0,22,120,1,143,0,0,233,0,233,0,22,353,1,376,255,0,255,631
09/19/2020,CRQ,CA,AWP,WE,Towers with Radar,0,10,69,2,81,0,0,159,0,159,0,10,228,2,240,134,0,134,374
09/20/2020,CRQ,CA,AWP,WE,Towers with Radar,0,28,114,1,143,0,0,109,0,109,0,28,223,1,252,98,0,98,350
09/21/2020,CRQ,CA,AWP,WE,Towers with Radar,0,32,102,0,134,0,0,168,0,168,0,32,270,0,302,135,0,135,437
09/22/2020,CRQ,CA,AWP,WE,Towers with Radar,0,19,110,3,132,0,0,123,1,124,0,19,233,4,256,101,0,101,357
09/23/2020,CRQ,CA,AWP,WE,Towers with Radar,0,19,99,3,121,0,0,195,0,195,0,19,294,3,316,178,0,178,494
09/24/2020,CRQ,CA,AWP,WE,Towers with Radar,0,20,114,0,134,0,1,185,0,186,0,21,299,0,320,180,0,180,500
09/25/2020,CRQ,CA,AWP,WE,Towers with Radar,0,28,102,1,131,0,0,177,3,180,0,28,279,4,311,193,2,195,506
09/26/2020,CRQ,CA,AWP,WE,Towers with Radar,0,20,92,1,113,0,0,121,1,122,0,20,213,2,235,82,0,82,317
09/27/2020,CRQ,CA,AWP,WE,Towers with Radar,0,21,89,8,118,0,0,93,0,93,0,21,182,8,211,30,2,32,243
09/28/2020,CRQ,CA,AWP,WE,Towers with Radar,0,19,59,2,80,0,0,158,1,159,0,19,217,3,239,167,0,167,406
09/29/2020,CRQ,CA,AWP,WE,Towers with Radar,0,23,95,2,120,0,0,115,2,117,0,23,210,4,237,210,0,210,447
09/30/2020,CRQ,CA,AWP,WE,Towers with Radar,0,30,83,6,119,0,0,137,0,137,0,30,220,6,256,169,2,171,427
10/01/2020,CRQ,CA,AWP,WE,Towers with Radar,0,21,85,0,106,0,0,171,1,172,0,21,256,1,278,152,0,152,430
10/02/2020,CRQ,CA,AWP,WE,Towers with Radar,0,22,96,0,118,0,0,177,0,177,0,22,273,0,295,125,0,125,420
10/03/2020,CRQ,CA,AWP,WE,Towers with Radar,0,27,92,0,119,0,0,197,0,197,0,27,289,0,316,100,0,100,416
10/04/2020,CRQ,CA,AWP,WE,Towers with Radar,0,24,97,0,121,0,0,127,0,127,0,24,224,0,248,148,0,148,396
10/05/2020,CRQ,CA,AWP,WE,Towers with Radar,0,19,76,0,95,0,2,119,0,121,0,21,195,0,216,187,0,187,403
10/06/2020,CRQ,CA,AWP,WE,Towers with Radar,0,12,89,0,101,0,0,140,0,140,0,12,229,0,241,158,0,158,399
10/07/2020,CRQ,CA,AWP,WE,Towers with Radar,0,27,98,3,128,0,0,183,2,185,0,27,281,5,313,102,0,102,415
10/08/2020,CRQ,CA,AWP,WE,Towers with Radar,0,12,142,0,154,0,0,164,0,164,0,12,306,0,318,221,0,221,539
10/09/2020,CRQ,CA,AWP,WE,Towers with Radar,0,19,126,0,145,0,0,118,0,118,0,19,244,0,263,190,0,190,453
10/10/2020,CRQ,CA,AWP,WE,Towers with Radar,0,19,111,0,130,0,0,149,0,149,0,19,260,0,279,180,0,180,459
10/11/2020,CRQ,CA,AWP,WE,Towers with Radar,0,26,94,0,120,0,0,147,0,147,0,26,241,0,267,109,0,109,376
10/12/2020,CRQ,CA,AWP,WE,Towers with Radar,0,22,92,0,114,0,0,185,0,185,0,22,277,0,299,123,0,123,422
10/13/2020,CRQ,CA,AWP,WE,Towers with Radar,0,15,85,4,104,0,0,159,0,159,0,15,244,4,263,205,0,205,468
10/14/2020,CRQ,CA,AWP,WE,Towers with Radar,0,15,94,1,110,0,0,231,1,232,0,15,325,2,342,201,0,201,543
10/15/2020,CRQ,CA,AWP,WE,Towers with Radar,0,20,99,4,123,0,0,196,0,196,0,20,295,4,319,177,2,179,498
10/16/2020,CRQ,CA,AWP,WE,Towers with Radar,0,23,92,4,119,0,0,190,1,191,0,23,282,5,310,177,2,179,489
10/17/2020,CRQ,CA,AWP,WE,Towers with Radar,0,25,91,3,119,0,0,172,0,172,0,25,263,3,291,110,0,110,401
10/18/2020,CRQ,CA,AWP,WE,Towers with Radar,0,22,90,2,114,0,1,94,0,95,0,23,184,2,209,82,0,82,291
10/19/2020,CRQ,CA,AWP,WE,Towers with Radar,0,21,105,0,126,0,0,108,0,108,0,21,213,0,234,108,0,108,342
10/20/2020,CRQ,CA,AWP,WE,Towers with Radar,0,9,115,5,129,0,0,159,0,159,0,9,274,5,288,156,0,156,444
10/21/2020,CRQ,CA,AWP,WE,Towers with Radar,0,28,112,2,142,0,0,97,0,97,0,28,209,2,239,131,0,131,370
10/22/2020,CRQ,CA,AWP,WE,Towers with Radar,0,21,141,1,163,0,0,146,0,146,0,21,287,1,309,182,0,182,491
10/23/2020,CRQ,CA,AWP,WE,Towers with Radar,0,32,121,3,156,0,0,142,0,142,0,32,263,3,298,238,0,238,536
10/24/2020,CRQ,CA,AWP,WE,Towers with Radar,0,19,134,8,161,0,0,139,0,139,0,19,273,8,300,168,2,170,470
10/25/2020,CRQ,CA,AWP,WE,Towers with Radar,0,22,106,1,129,0,0,32,0,32,0,22,138,1,161,134,0,134,295
10/26/2020,CRQ,CA,AWP,WE,Towers with Radar,0,15,42,0,57,0,0,52,1,53,0,15,94,1,110,75,0,75,185
10/27/2020,CRQ,CA,AWP,WE,Towers with Radar,0,16,107,4,127,0,0,181,2,183,0,16,288,6,310,239,0,239,549
10/28/2020,CRQ,CA,AWP,WE,Towers with Radar,0,19,100,2,121,0,0,231,0,231,0,19,331,2,352,156,0,156,508
10/29/2020,CRQ,CA,AWP,WE,Towers with Radar,0,25,122,4,151,0,0,206,0,206,0,25,328,4,357,186,0,186,543
10/30/2020,CRQ,CA,AWP,WE,Towers with Radar,0,25,101,0,126,0,0,224,0,224,0,25,325,0,350,142,0,142,492
10/31/2020,CRQ,CA,AWP,WE,Towers with Radar,0,16,53,0,69,0,0,155,0,155,0,16,208,0,224,114,0,114,338
11/01/2020,CRQ,CA,AWP,WE,Towers with Radar,0,17,75,0,92,0,0,154,0,154,0,17,229,0,246,94,0,94,340
11/02/2020,CRQ,CA,AWP,WE,Towers with Radar,0,8,72,0,80,0,0,118,0,118,0,8,190,0,198,228,1,229,427
11/03/2020,CRQ,CA,AWP,WE,Towers with Radar,0,8,91,0,99,0,0,177,0,177,0,8,268,0,276,152,0,152,428
11/04/2020,CRQ,CA,AWP,WE,Towers with Radar,0,15,91,0,106,0,0,138,0,138,0,15,229,0,244,189,0,189,433
11/05/2020,CRQ,CA,AWP,WE,Towers with Radar,0,13,88,1,102,0,0,205,0,205,0,13,293,1,307,173,0,173,480
11/06/2020,CRQ,CA,AWP,WE,Towers with Radar,0,25,119,25,169,0,0,100,0,100,0,25,219,25,269,67,0,67,336
11/07/2020,CRQ,CA,AWP,WE,Towers with Radar,0,7,28,0,35,0,0,8,0,8,0,7,36,0,43,47,0,47,90
11/08/2020,CRQ,CA,AWP,WE,Towers with Radar,0,22,68,0,90,0,0,3,0,3,0,22,71,0,93,39,0,39,132
11/09/2020,CRQ,CA,AWP,WE,Towers with Radar,0,23,82,0,105,0,0,194,3,197,0,23,276,3,302,143,0,143,445
11/10/2020,CRQ,CA,AWP,WE,Towers with Radar,0,14,85,6,105,0,0,273,2,275,0,14,358,8,380,226,0,226,606
11/11/2020,CRQ,CA,AWP,WE,Towers with Radar,0,16,86,0,102,0,0,272,3,275,0,16,358,3,377,214,0,214,591
11/12/2020,CRQ,CA,AWP,WE,Towers with Radar,0,11,66,0,77,0,0,204,2,206,0,11,270,2,283,189,0,189,472
11/13/2020,CRQ,CA,AWP,WE,Towers with Radar,0,21,90,0,111,0,1,189,0,190,0,22,279,0,301,129,0,129,430
11/14/2020,CRQ,CA,AWP,WE,Towers with Radar,0,19,87,0,106,0,0,188,0,188,0,19,275,0,294,133,0,133,427
11/15/2020,CRQ,CA,AWP,WE,Towers with Radar,0,21,77,0,98,0,0,177,0,177,0,21,254,0,275,107,0,107,382
11/16/2020,CRQ,CA,AWP,WE,Towers with Radar,0,20,84,4,108,0,0,182,7,189,0,20,266,11,297,120,0,120,417
11/17/2020,CRQ,CA,AWP,WE,Towers with Radar,0,16,69,0,85,0,0,163,0,163,0,16,232,0,248,193,2,195,443
11/18/2020,CRQ,CA,AWP,WE,Towers with Radar,0,12,86,0,98,0,1,160,0,161,0,13,246,0,259,156,0,156,415
11/19/2020,CRQ,CA,AWP,WE,Towers with Radar,0,15,68,0,83,0,0,136,1,137,0,15,204,1,220,187,0,187,407
11/20/2020,CRQ,CA,AWP,WE,Towers with Radar,0,22,94,3,119,0,0,173,0,173,0,22,267,3,292,147,3,150,442
11/21/2020,CRQ,CA,AWP,WE,Towers with Radar,0,22,113,5,140,0,0,234,0,234,0,22,347,5,374,134,0,134,508
11/22/2020,CRQ,CA,AWP,WE,Towers with Radar,0,23,79,0,102,0,0,162,0,162,0,23,241,0,264,54,0,54,318
11/23/2020,CRQ,CA,AWP,WE,Towers with Radar,0,15,125,0,140,0,1,117,3,121,0,16,242,3,261,140,0,140,401
11/24/2020,CRQ,CA,AWP,WE,Towers with Radar,0,27,81,0,108,0,0,223,1,224,0,27,304,1,332,168,0,168,500
11/25/2020,CRQ,CA,AWP,WE,Towers with Radar,0,16,113,4,133,0,1,146,4,151,0,17,259,8,284,153,0,153,437
11/26/2020,CRQ,CA,AWP,WE,Towers with Radar,0,6,24,0,30,0,0,58,0,58,0,6,82,0,88,26,0,26,114
11/27/2020,CRQ,CA,AWP,WE,Towers with Radar,0,15,42,0,57,0,0,124,0,124,0,15,166,0,181,168,0,168,349
11/28/2020,CRQ,CA,AWP,WE,Towers with Radar,0,19,66,0,85,0,0,153,0,153,0,19,219,0,238,87,0,87,325
11/29/2020,CRQ,CA,AWP,WE,Towers with Radar,0,23,97,0,120,0,0,177,0,177,0,23,274,0,297,116,0,116,413
11/30/2020,CRQ,CA,AWP,WE,Towers with Radar,0,16,70,0,86,0,0,144,3,147,0,16,214,3,233,181,0,181,414
12/01/2020,CRQ,CA,AWP,WE,Towers with Radar,0,13,73,4,90,0,0,160,0,160,0,13,233,4,250,188,0,188,438
12/02/2020,CRQ,CA,AWP,WE,Towers with Radar,0,13,93,0,106,0,0,199,0,199,0,13,292,0,305,279,0,279,584
12/03/2020,CRQ,CA,AWP,WE,Towers with Radar,0,10,43,0,53,0,0,36,0,36,0,10,79,0,89,99,0,99,188
12/04/2020,CRQ,CA,AWP,WE,Towers with Radar,0,17,102,0,119,0,0,165,0,165,0,17,267,0,284,202,0,202,486
12/05/2020,CRQ,CA,AWP,WE,Towers with Radar,0,15,44,0,59,0,0,158,3,161,0,15,202,3,220,191,2,193,413
12/06/2020,CRQ,CA,AWP,WE,Towers with Radar,0,24,70,0,94,0,0,164,0,164,0,24,234,0,258,150,0,150,408
12/07/2020,CRQ,CA,AWP,WE,Towers with Radar,0,12,70,0,82,0,0,133,0,133,0,12,203,0,215,201,0,201,416
12/08/2020,CRQ,CA,AWP,WE,Towers with Radar,0,7,44,0,51,0,0,89,1,90,0,7,133,1,141,184,0,184,325
12/09/2020,CRQ,CA,AWP,WE,Towers with Radar,0,7,87,0,94,0,0,152,0,152,0,7,239,0,246,286,0,286,532
12/10/2020,CRQ,CA,AWP,WE,Towers with Radar,0,10,89,2,101,0,0,118,2,120,0,10,207,4,221,190,0,190,411
12/11/2020,CRQ,CA,AWP,WE,Towers with Radar,0,12,83,0,95,0,0,159,1,160,0,12,242,1,255,184,0,184,439
12/12/2020,CRQ,CA,AWP,WE,Towers with Radar,0,7,93,1,101,0,0,35,0,35,0,7,128,1,136,145,0,145,281
12/13/2020,CRQ,CA,AWP,WE,Towers with Radar,0,10,69,0,79,0,0,155,0,155,0,10,224,0,234,86,0,86,320
12/14/2020,CRQ,CA,AWP,WE,Towers with Radar,0,17,78,1,96,0,0,98,1,99,0,17,176,2,195,179,0,179,374
12/15/2020,CRQ,CA,AWP,WE,Towers with Radar,0,13,64,0,77,0,0,157,2,159,0,13,221,2,236,214,0,214,450
12/16/2020,CRQ,CA,AWP,WE,Towers with Radar,0,15,53,3,71,0,0,166,3,169,0,15,219,6,240,241,0,241,481
12/17/2020,CRQ,CA,AWP,WE,Towers with Radar,0,18,92,2,112,0,0,99,1,100,0,18,191,3,212,220,0,220,432
12/18/2020,CRQ,CA,AWP,WE,Towers with Radar,0,17,83,0,100,0,0,181,0,181,0,17,264,0,281,234,0,234,515
12/19/2020,CRQ,CA,AWP,WE,Towers with Radar,0,21,79,0,100,0,0,188,0,188,0,21,267,0,288,135,0,135,423
12/20/2020,CRQ,CA,AWP,WE,Towers with Radar,0,25,66,0,91,0,0,143,0,143,0,25,209,0,234,155,0,155,389
12/21/2020,CRQ,CA,AWP,WE,Towers with Radar,0,29,73,1,103,0,0,159,4,163,0,29,232,5,266,160,0,160,426
12/22/2020,CRQ,CA,AWP,WE,Towers with Radar,0,13,77,0,90,0,0,162,0,162,0,13,239,0,252,256,0,256,508
12/23/2020,CRQ,CA,AWP,WE,Towers with Radar,0,15,73,0,88,0,0,128,4,132,0,15,201,4,220,235,2,237,457
12/24/2020,CRQ,CA,AWP,WE,Towers with Radar,0,12,44,0,56,0,0,90,0,90,0,12,134,0,146,157,0,157,303
12/25/2020,CRQ,CA,AWP,WE,Towers with Radar,0,9,14,0,23,0,0,47,0,47,0,9,61,0,70,42,0,42,112
12/26/2020,CRQ,CA,AWP,WE,Towers with Radar,0,18,73,0,91,0,0,166,3,169,0,18,239,3,260,118,0,118,378
12/27/2020,CRQ,CA,AWP,WE,Towers with Radar,0,27,92,0,119,0,0,90,0,90,0,27,182,0,209,136,0,136,345
12/28/2020,CRQ,CA,AWP,WE,Towers with Radar,0,17,46,0,63,0,0,4,0,4,0,17,50,0,67,8,0,8,75
12/29/2020,CRQ,CA,AWP,WE,Towers with Radar,0,18,76,0,94,0,0,155,2,157,0,18,231,2,251,138,0,138,389
12/30/2020,CRQ,CA,AWP,WE,Towers with Radar,0,19,54,0,73,0,0,164,1,165,0,19,218,1,238,198,0,198,436
12/31/2020,CRQ,CA,AWP,WE,Towers with Radar,0,11,43,0,54,0,0,87,0,87,0,11,130,0,141,117,0,117,258
01/01/2021,CRQ,CA,AWP,WE,Towers with Radar,0,16,31,0,47,0,0,1,0,1,0,16,32,0,48,0,0,0,48
01/02/2021,CRQ,CA,AWP,WE,Towers with Radar,0,15,90,0,105,0,0,174,2,176,0,15,264,2,281,156,0,156,437
01/03/2021,CRQ,CA,AWP,WE,Towers with Radar,0,25,107,0,132,0,0,127,0,127,0,25,234,0,259,95,0,95,354
01/04/2021,CRQ,CA,AWP,WE,Towers with Radar,0,8,86,0,94,0,1,76,0,77,0,9,162,0,171,146,0,146,317
01/05/2021,CRQ,CA,AWP,WE,Towers with Radar,0,12,85,0,97,0,0,37,0,37,0,12,122,0,134,38,0,38,172
01/06/2021,CRQ,CA,AWP,WE,Towers with Radar,0,10,88,0,98,0,0,89,0,89,0,10,177,0,187,133,0,133,320
01/07/2021,CRQ,CA,AWP,WE,Towers with Radar,0,16,68,0,84,0,0,147,0,147,0,16,215,0,231,159,0,159,390
01/08/2021,CRQ,CA,AWP,WE,Towers with Radar,0,7,71,2,80,0,0,1,1,2,0,7,72,3,82,0,0,0,82
01/09/2021,CRQ,CA,AWP,WE,Towers with Radar,0,14,89,2,105,0,0,162,6,168,0,14,251,8,273,159,0,159,432
01/10/2021,CRQ,CA,AWP,WE,Towers with Radar,0,12,73,1,86,0,0,207,4,211,0,12,280,5,297,150,0,150,447
01/11/2021,CRQ,CA,AWP,WE,Towers with Radar,0,14,52,0,66,0,0,142,1,143,0,14,194,1,209,214,0,214,423
01/12/2021,CRQ,CA,AWP,WE,Towers with Radar,0,12,73,2,87,0,0,161,0,161,0,12,234,2,248,204,0,204,452
01/13/2021,CRQ,CA,AWP,WE,Towers with Radar,0,15,77,2,94,0,0,165,1,166,0,15,242,3,260,140,0,140,400
01/14/2021,CRQ,CA,AWP,WE,Towers with Radar,0,14,74,2,90,0,0,224,0,224,0,14,298,2,314,240,0,240,554
01/15/2021,CRQ,CA,AWP,WE,Towers with Radar,0,22,59,0,81,0,0,151,1,152,0,22,210,1,233,128,0,128,361
01/16/2021,CRQ,CA,AWP,WE,Towers with Radar,0,10,69,0,79,0,0,233,4,237,0,10,302,4,316,193,0,193,509
01/17/2021,CRQ,CA,AWP,WE,Towers with Radar,0,16,57,0,73,0,0,211,1,212,0,16,268,1,285,110,0,110,395
01/18/2021,CRQ,CA,AWP,WE,Towers with Radar,0,23,83,0,106,0,0,186,0,186,0,23,269,0,292,114,0,114,406
01/19/2021,CRQ,CA,AWP,WE,Towers with Radar,0,12,60,0,72,0,0,51,2,53,0,12,111,2,125,106,0,106,231
01/20/2021,CRQ,CA,AWP,WE,Towers with Radar,0,13,33,0,46,0,0,27,0,27,0,13,60,0,73,57,0,57,130
01/21/2021,CRQ,CA,AWP,WE,Towers with Radar,0,22,113,2,137,0,0,240,0,240,0,22,353,2,377,198,0,198,575
01/22/2021,CRQ,CA,AWP,WE,Towers with Radar,0,21,130,0,151,0,0,64,0,64,0,21,194,0,215,108,0,108,323
01/23/2021,CRQ,CA,AWP,WE,Towers with Radar,0,15,47,0,62,0,0,19,0,19,0,15,66,0,81,36,0,36,117
01/24/2021,CRQ,CA,AWP,WE,Towers with Radar,0,25,71,0,96,0,0,116,0,116,0,25,187,0,212,188,0,188,400
01/25/2021,CRQ,CA,AWP,WE,Towers with Radar,0,9,28,0,37,0,0,1,0,1,0,9,29,0,38,0,0,0,38
01/26/2021,CRQ,CA,AWP,WE,Towers with Radar,0,17,74,1,92,0,0,173,2,175,0,17,247,3,267,182,0,182,449
01/27/2021,CRQ,CA,AWP,WE,Towers with Radar,0,21,85,0,106,0,0,178,0,178,0,21,263,0,284,264,0,264,548
01/28/2021,CRQ,CA,AWP,WE,Towers with Radar,0,11,70,0,81,0,0,172,0,172,0,11,242,0,253,250,0,250,503
01/29/2021,CRQ,CA,AWP,WE,Towers with Radar,0,9,34,0,43,0,0,6,0,6,0,9,40,0,49,40,2,42,91
01/30/2021,CRQ,CA,AWP,WE,Towers with Radar,0,20,109,1,130,0,0,229,3,232,0,20,338,4,362,274,0,274,636
01/31/2021,CRQ,CA,AWP,WE,Towers with Radar,0,13,86,1,100,0,0,208,0,208,0,13,294,1,308,179,0,179,487
02/01/2021,CRQ,CA,AWP,WE,Towers with Radar,0,11,45,0,56,0,0,141,4,145,0,11,186,4,201,155,0,155,356
02/02/2021,CRQ,CA,AWP,WE,Towers with Radar,0,16,75,0,91,0,0,168,7,175,0,16,243,7,266,247,0,247,513
02/03/2021,CRQ,CA,AWP,WE,Towers with Radar,0,17,105,0,122,0,0,36,0,36,0,17,141,0,158,17,0,17,175
02/04/2021,CRQ,CA,AWP,WE,Towers with Radar,0,16,120,0,136,0,1,188,0,189,0,17,308,0,325,193,0,193,518
02/05/2021,CRQ,CA,AWP,WE,Towers with Radar,0,15,102,0,117,0,0,203,0,203,0,15,305,0,320,245,0,245,565
02/06/2021,CRQ,CA,AWP,WE,Towers with Radar,0,6,89,0,95,0,0,226,4,230,0,6,315,4,325,182,0,182,507
02/07/2021,CRQ,CA,AWP,WE,Towers with Radar,0,25,82,0,107,0,0,123,0,123,0,25,205,0,230,106,0,106,336
02/08/2021,CRQ,CA,AWP,WE,Towers with Radar,0,20,106,0,126,0,0,122,0,122,0,20,228,0,248,119,0,119,367
02/09/2021,CRQ,CA,AWP,WE,Towers with Radar,0,16,143,6,165,0,0,117,0,117,0,16,260,6,282,125,0,125,407
02/10/2021,CRQ,CA,AWP,WE,Towers with Radar,0,12,144,0,156,0,0,164,0,164,0,12,308,0,320,146,0,146,466
02/11/2021,CRQ,CA,AWP,WE,Towers with Radar,1,8,118,2,129,0,0,160,0,160,1,8,278,2,289,257,0,257,546
02/12/2021,CRQ,CA,AWP,WE,Towers with Radar,0,26,116,1,143,0,0,85,0,85,0,26,201,1,228,165,0,165,393
02/13/2021,CRQ,CA,AWP,WE,Towers with Radar,0,23,108,2,133,0,0,102,0,102,0,23,210,2,235,233,0,233,468
02/14/2021,CRQ,CA,AWP,WE,Towers with Radar,0,16,80,2,98,0,0,167,0,167,0,16,247,2,265,224,0,224,489
02/15/2021,CRQ,CA,AWP,WE,Towers with Radar,0,21,140,1,162,0,0,160,0,160,0,21,300,1,322,124,0,124,446
02/16/2021,CRQ,CA,AWP,WE,Towers with Radar,0,17,132,0,149,0,0,108,0,108,0,17,240,0,257,149,0,149,406
02/17/2021,CRQ,CA,AWP,WE,Towers with Radar,0,22,100,1,123,0,0,151,1,152,0,22,251,2,275,131,0,131,406
02/18/2021,CRQ,CA,AWP,WE,Towers with Radar,0,22,109,9,140,0,1,189,0,190,0,23,298,9,330,144,0,144,474
02/19/2021,CRQ,CA,AWP,WE,Towers with Radar,0,16,98,2,116,0,0,227,0,227,0,16,325,2,343,172,2,174,517
02/20/2021,CRQ,CA,AWP,WE,Towers with Radar,0,21,99,1,121,0,2,150,0,152,0,23,249,1,273,85,0,85,358
02/21/2021,CRQ,CA,AWP,WE,Towers with Radar,0,28,72,0,100,0,0,221,0,221,0,28,293,0,321,155,0,155,476
02/22/2021,CRQ,CA,AWP,WE,Towers with Radar,0,19,100,0,119,0,0,173,0,173,0,19,273,0,292,214,0,214,506
02/23/2021,CRQ,CA,AWP,WE,Towers with Radar,0,19,88,0,107,0,1,194,0,195,0,20,282,0,302,265,0,265,567
02/24/2021,CRQ,CA,AWP,WE,Towers with Radar,0,17,108,0,125,0,0,193,0,193,0,17,301,0,318,234,0,234,552
02/25/2021,CRQ,CA,AWP,WE,Towers with Radar,0,22,93,0,115,0,0,173,0,173,0,22,266,0,288,172,2,174,462
02/26/2021,CRQ,CA,AWP,WE,Towers with Radar,0,17,107,0,124,0,0,205,2,207,0,17,312,2,331,220,0,220,551
02/27/2021,CRQ,CA,AWP,WE,Towers with Radar,0,10,86,0,96,0,0,203,3,206,0,10,289,3,302,109,0,109,411
02/28/2021,CRQ,CA,AWP,WE,Towers with Radar,0,19,58,0,77,0,0,110,1,111,0,19,168,1,188,90,0,90,278
03/01/2021,CRQ,CA,AWP,WE,Towers with Radar,0,14,93,2,109,0,0,164,0,164,0,14,257,2,273,158,0,158,431
03/02/2021,CRQ,CA,AWP,WE,Towers with Radar,0,11,84,2,97,0,0,182,0,182,0,11,266,2,279,206,0,206,485
03/03/2021,CRQ,CA,AWP,WE,Towers with Radar,0,14,46,0,60,0,0,6,0,6,0,14,52,0,66,30,0,30,96
03/04/2021,CRQ,CA,AWP,WE,Towers with Radar,0,11,108,0,119,0,0,236,0,236,0,11,344,0,355,177,2,179,534
03/05/2021,CRQ,CA,AWP,WE,Towers with Radar,0,11,86,0,97,0,0,189,0,189,0,11,275,0,286,198,4,202,488
03/06/2021,CRQ,CA,AWP,WE,Towers with Radar,0,19,87,0,106,0,1,188,3,192,0,20,275,3,298,127,0,127,425
03/07/2021,CRQ,CA,AWP,WE,Towers with Radar,0,22,128,0,150,0,0,88,1,89,0,22,216,1,239,169,0,169,408
03/08/2021,CRQ,CA,AWP,WE,Towers with Radar,0,29,121,0,150,0,0,143,0,143,0,29,264,0,293,149,0,149,442
03/09/2021,CRQ,CA,AWP,WE,Towers with Radar,0,16,97,0,113,0,0,76,0,76,0,16,173,0,189,201,0,201,390
03/10/2021,CRQ,CA,AWP,WE,Towers with Radar,0,18,56,7,81,0,0,24,6,30,0,18,80,13,111,150,4,154,265
03/11/2021,CRQ,CA,AWP,WE,Towers with Radar,0,18,92,4,114,0,0,90,0,90,0,18,182,4,204,146,4,150,354
03/12/2021,CRQ,CA,AWP,WE,Towers with Radar,0,24,90,0,114,0,0,134,0,134,0,24,224,0,248,313,0,313,561
03/13/2021,CRQ,CA,AWP,WE,Towers with Radar,0,10,90,5,105,0,0,129,3,132,0,10,219,8,237,214,2,216,453
03/14/2021,CRQ,CA,AWP,WE,Towers with Radar,0,36,114,9,159,0,0,123,0,123,0,36,237,9,282,176,0,176,458
03/15/2021,CRQ,CA,AWP,WE,Towers with Radar,0,17,64,0,81,0,0,5,0,5,0,17,69,0,86,43,0,43,129
03/16/2021,CRQ,CA,AWP,WE,Towers with Radar,0,12,115,0,127,0,0,269,1,270,0,12,384,1,397,294,0,294,691
03/17/2021,CRQ,CA,AWP,WE,Towers with Radar,0,18,93,4,115,0,0,293,0,293,0,18,386,4,408,246,0,246,654
03/18/2021,CRQ,CA,AWP,WE,Towers with Radar,0,10,110,3,123,0,0,205,1,206,0,10,315,4,329,149,2,151,480
03/19/2021,CRQ,CA,AWP,WE,Towers with Radar,0,30,106,0,136,0,2,177,4,183,0,32,283,4,319,115,0,115,434
03/20/2021,CRQ,CA,AWP,WE,Towers with Radar,0,26,113,0,139,0,0,83,0,83,0,26,196,0,222,96,0,96,318
03/21/2021,CRQ,CA,AWP,WE,Towers with Radar,0,31,99,0,130,0,0,158,0,158,0,31,257,0,288,107,0,107,395
03/22/2021,CRQ,CA,AWP,WE,Towers with Radar,0,17,88,0,105,0,0,209,0,209,0,17,297,0,314,207,0,207,521
03/23/2021,CRQ,CA,AWP,WE,Towers with Radar,0,19,83,0,102,0,1,112,0,113,0,20,195,0,215,230,0,230,445
03/24/2021,CRQ,CA,AWP,WE,Towers with Radar,0,23,83,0,106,0,0,211,0,211,0,23,294,0,317,253,0,253,570
03/25/2021,CRQ,CA,AWP,WE,Towers with Radar,0,13,121,1,135,0,0,31,0,31,0,13,152,1,166,87,0,87,253
03/26/2021,CRQ,CA,AWP,WE,Towers with Radar,0,12,114,0,126,0,0,175,0,175,0,12,289,0,301,349,0,349,650
03/27/2021,CRQ,CA,AWP,WE,Towers with Radar,0,16,90,2,108,0,0,234,1,235,0,16,324,3,343,233,2,235,578
03/28/2021,CRQ,CA,AWP,WE,Towers with Radar,0,18,107,0,125,0,0,213,0,213,0,18,320,0,338,141,0,141,479
03/29/2021,CRQ,CA,AWP,WE,Towers with Radar,0,15,80,4,99,0,0,144,0,144,0,15,224,4,243,143,0,143,386
03/30/2021,CRQ,CA,AWP,WE,Towers with Radar,0,13,98,0,111,0,1,188,1,190,0,14,286,1,301,209,0,209,510
03/31/2021,CRQ,CA,AWP,WE,Towers with Radar,0,23,96,1,120,0,0,184,0,184,0,23,280,1,304,225,2,227,531
04/01/2021,CRQ,CA,AWP,WE,Towers with Radar,0,24,91,4,119,0,3,195,0,198,0,27,286,4,317,285,0,285,602
04/02/2021,CRQ,CA,AWP,WE,Towers with Radar,0,23,146,0,169,0,0,172,0,172,0,23,318,0,341,86,0,86,427
04/03/2021,CRQ,CA,AWP,WE,Towers with Radar,0,18,103,0,121,0,0,154,0,154,0,18,257,0,275,94,0,94,369
04/04/2021,CRQ,CA,AWP,WE,Towers with Radar,0,22,76,0,98,0,0,85,0,85,0,22,161,0,183,69,0,69,252
04/05/2021,CRQ,CA,AWP,WE,Towers with Radar,0,31,113,6,150,0,0,131,0,131,0,31,244,6,281,61,0,61,342
04/06/2021,CRQ,CA,AWP,WE,Towers with Radar,0,28,92,2,122,0,0,182,0,182,0,28,274,2,304,148,2,150,454
04/07/2021,CRQ,CA,AWP,WE,Towers with Radar,0,23,93,0,116,0,0,169,0,169,0,23,262,0,285,194,0,194,479
04/08/2021,CRQ,CA,AWP,WE,Towers with Radar,0,12,91,0,103,0,0,191,0,191,0,12,282,0,294,219,0,219,513
04/09/2021,CRQ,CA,AWP,WE,Towers with Radar,0,22,90,0,112,0,0,146,1,147,0,22,236,1,259,176,4,180,439
04/10/2021,CRQ,CA,AWP,WE,Towers with Radar,0,18,107,5,130,0,1,195,0,196,0,19,302,5,326,76,0,76,402
04/11/2021,CRQ,CA,AWP,WE,Towers with Radar,0,35,122,0,157,0,1,86,0,87,0,36,208,0,244,40,0,40,284
04/12/2021,CRQ,CA,AWP,WE,Towers with Radar,0,18,101,3,122,0,1,90,1,92,0,19,191,4,214,113,0,113,327
04/13/2021,CRQ,CA,AWP,WE,Towers with Radar,0,16,159,2,177,0,0,14,0,14,0,16,173,2,191,50,0,50,241
04/14/2021,CRQ,CA,AWP,WE,Towers with Radar,0,23,145,0,168,0,0,114,0,114,0,23,259,0,282,287,0,287,569
04/15/2021,CRQ,CA,AWP,WE,Towers with Radar,0,22,117,0,139,0,1,167,1,169,0,23,284,1,308,172,0,172,480
04/16/2021,CRQ,CA,AWP,WE,Towers with Radar,0,17,113,0,130,0,0,185,0,185,0,17,298,0,315,94,0,94,409
04/17/2021,CRQ,CA,AWP,WE,Towers with Radar,0,18,91,0,109,0,1,194,5,200,0,19,285,5,309,77,0,77,386
04/18/2021,CRQ,CA,AWP,WE,Towers with Radar,0,21,80,1,102,0,0,139,8,147,0,21,219,9,249,114,0,114,363
04/19/2021,CRQ,CA,AWP,WE,Towers with Radar,0,25,78,2,105,0,0,221,0,221,0,25,299,2,326,179,0,179,505
04/20/2021,CRQ,CA,AWP,WE,Towers with Radar,0,12,78,3,93,0,0,145,1,146,0,12,223,4,239,148,0,148,387
04/21/2021,CRQ,CA,AWP,WE,Towers with Radar,0,25,176,0,201,0,0,38,0,38,0,25,214,0,239,240,0,240,479
04/22/2021,CRQ,CA,AWP,WE,Towers with Radar,0,20,133,0,153,0,0,74,4,78,0,20,207,4,231,218,0,218,449
04/23/2021,CRQ,CA,AWP,WE,Towers with Radar,0,26,133,2,161,0,0,57,0,57,0,26,190,2,218,245,0,245,463
04/24/2021,CRQ,CA,AWP,WE,Towers with Radar,0,18,113,0,131,0,0,68,0,68,0,18,181,0,199,135,0,135,334
04/25/2021,CRQ,CA,AWP,WE,Towers with Radar,0,37,139,0,176,0,0,118,0,118,0,37,257,0,294,120,0,120,414
04/26/2021,CRQ,CA,AWP,WE,Towers with Radar,0,13,86,0,99,0,0,25,0,25,0,13,111,0,124,159,0,159,283
04/27/2021,CRQ,CA,AWP,WE,Towers with Radar,0,12,105,5,122,0,0,175,4,179,0,12,280,9,301,236,0,236,537
04/28/2021,CRQ,CA,AWP,WE,Towers with Radar,0,14,110,6,130,0,0,255,1,256,0,14,365,7,386,230,0,230,616
04/29/2021,CRQ,CA,AWP,WE,Towers with Radar,0,7,122,2,131,0,0,224,0,224,0,7,346,2,355,204,2,206,561
04/30/2021,CRQ,CA,AWP,WE,Towers with Radar,0,26,104,0,130,0,0,208,2,210,0,26,312,2,340,180,0,180,520
05/01/2021,CRQ,CA,AWP,WE,Towers with Radar,0,15,124,0,139,0,0,140,2,142,0,15,264,2,281,123,0,123,404
05/02/2021,CRQ,CA,AWP,WE,Towers with Radar,0,32,115,0,147,0,0,32,0,32,0,32,147,0,179,43,0,43,222
05/03/2021,CRQ,CA,AWP,WE,Towers with Radar,0,23,107,0,130,0,0,176,0,176,0,23,283,0,306,163,0,163,469
05/04/2021,CRQ,CA,AWP,WE,Towers with Radar,0,8,97,0,105,0,0,162,4,166,0,8,259,4,271,116,0,116,387
05/05/2021,CRQ,CA,AWP,WE,Towers with Radar,0,22,116,0,138,0,0,140,2,142,0,22,256,2,280,81,0,81,361
05/06/2021,CRQ,CA,AWP,WE,Towers with Radar,0,28,125,1,154,0,0,91,0,91,0,28,216,1,245,75,0,75,320
05/07/2021,CRQ,CA,AWP,WE,Towers with Radar,0,28,116,0,144,0,0,184,1,185,0,28,300,1,329,185,0,185,514
05/08/2021,CRQ,CA,AWP,WE,Towers with Radar,0,15,106,0,121,0,0,164,0,164,0,15,270,0,285,181,0,181,466
05/09/2021,CRQ,CA,AWP,WE,Towers with Radar,0,32,115,0,147,0,0,101,0,101,0,32,216,0,248,155,0,155,403
05/10/2021,CRQ,CA,AWP,WE,Towers with Radar,0,12,119,0,131,0,0,121,0,121,0,12,240,0,252,155,0,155,407
05/11/2021,CRQ,CA,AWP,WE,Towers with Radar,0,18,130,2,150,0,0,75,2,77,0,18,205,4,227,114,0,114,341
05/12/2021,CRQ,CA,AWP,WE,Towers with Radar,0,12,144,0,156,0,0,107,0,107,0,12,251,0,263,120,0,120,383
05/13/2021,CRQ,CA,AWP,WE,Towers with Radar,0,29,150,1,180,0,0,103,2,105,0,29,253,3,285,113,0,113,398
05/14/2021,CRQ,CA,AWP,WE,Towers with Radar,0,32,106,0,138,0,0,155,0,155,0,32,261,0,293,130,0,130,423
05/15/2021,CRQ,CA,AWP,WE,Towers with Radar,0,12,115,0,127,0,0,65,1,66,0,12,180,1,193,156,0,156,349
05/16/2021,CRQ,CA,AWP,WE,Towers with Radar,0,44,125,0,169,0,0,11,0,11,0,44,136,0,180,4,1,5,185
05/17/2021,CRQ,CA,AWP,WE,Towers with Radar,0,26,141,0,167,0,0,53,0,53,0,26,194,0,220,160,0,160,380
05/18/2021,CRQ,CA,AWP,WE,Towers with Radar,0,34,148,0,182,0,0,111,0,111,0,34,259,0,293,197,0,197,490
05/19/2021,CRQ,CA,AWP,WE,Towers with Radar,0,24,133,1,158,0,1,99,2,102,0,25,232,3,260,120,0,120,380
05/20/2021,CRQ,CA,AWP,WE,Towers with Radar,0,34,141,2,177,0,0,89,0,89,0,34,230,2,266,247,0,247,513
05/21/2021,CRQ,CA,AWP,WE,Towers with Radar,0,34,126,0,160,0,1,138,0,139,0,35,264,0,299,178,0,178,477
05/22/2021,CRQ,CA,AWP,WE,Towers with Radar,0,22,95,0,117,0,0,162,0,162,0,22,257,0,279,152,0,152,431
05/23/2021,CRQ,CA,AWP,WE,Towers with Radar,0,43,106,0,149,0,0,246,0,246,0,43,352,0,395,166,0,166,561
05/24/2021,CRQ,CA,AWP,WE,Towers with Radar,0,18,116,0,134,0,0,199,0,199,0,18,315,0,333,283,0,283,616
05/25/2021,CRQ,CA,AWP,WE,Towers with Radar,0,19,81,1,101,0,0,185,1,186,0,19,266,2,287,222,0,222,509
05/26/2021,CRQ,CA,AWP,WE,Towers with Radar,0,24,125,1,150,0,1,171,0,172,0,25,296,1,322,169,0,169,491
05/27/2021,CRQ,CA,AWP,WE,Towers with Radar,0,23,137,1,161,0,0,195,0,195,0,23,332,1,356,356,0,356,712
05/28/2021,CRQ,CA,AWP,WE,Towers with Radar,0,28,119,0,147,0,0,179,0,179,0,28,298,0,326,164,0,164,490
05/29/2021,CRQ,CA,AWP,WE,Towers with Radar,0,23,77,0,100,0,0,74,0,74,0,23,151,0,174,24,0,24,198
05/30/2021,CRQ,CA,AWP,WE,Towers with Radar,0,23,73,0,96,0,0,81,0,81,0,23,154,0,177,94,0,94,271
05/31/2021,CRQ,CA,AWP,WE,Towers with Radar,0,21,57,0,78,0,0,41,0,41,0,21,98,0,119,61,0,61,180
06/01/2021,CRQ,CA,AWP,WE,Towers with Radar,0,24,131,2,157,0,0,19,0,19,0,24,150,2,176,10,0,10,186
06/02/2021,CRQ,CA,AWP,WE,Towers with Radar,0,23,169,0,192,0,0,5,0,5,0,23,174,0,197,0,0,0,197
06/03/2021,CRQ,CA,AWP,WE,Towers with Radar,0,26,148,7,181,0,0,115,0,115,0,26,263,7,296,74,2,76,372
06/04/2021,CRQ,CA,AWP,WE,Towers with Radar,0,23,122,0,145,0,0,133,0,133,0,23,255,0,278,185,0,185,463
06/05/2021,CRQ,CA,AWP,WE,Towers with Radar,0,25,95,0,120,0,0,157,0,157,0,25,252,0,277,96,0,96,373
06/06/2021,CRQ,CA,AWP,WE,Towers with Radar,0,25,136,0,161,0,0,138,0,138,0,25,274,0,299,179,1,180,479
06/07/2021,CRQ,CA,AWP,WE,Towers with Radar,0,19,128,0,147,0,0,12,2,14,0,19,140,2,161,6,0,6,167
06/08/2021,CRQ,CA,AWP,WE,Towers with Radar,0,13,90,0,103,0,0,229,0,229,0,13,319,0,332,243,0,243,575
06/09/2021,CRQ,CA,AWP,WE,Towers with Radar,0,15,116,0,131,0,0,215,2,217,0,15,331,2,348,229,0,229,577
06/10/2021,CRQ,CA,AWP,WE,Towers with Radar,0,15,105,0,120,0,0,188,0,188,0,15,293,0,308,271,0,271,579
06/11/2021,CRQ,CA,AWP,WE,Towers with Radar,0,28,105,0,133,0,0,1,0,1,0,28,106,0,134,0,0,0,134
06/12/2021,CRQ,CA,AWP,WE,Towers with Radar,0,28,74,1,103,0,0,0,0,0,0,28,74,1,103,0,0,0,103
06/13/2021,CRQ,CA,AWP,WE,Towers with Radar,0,25,79,0,104,0,0,1,0,1,0,25,80,0,105,0,0,0,105
06/14/2021,CRQ,CA,AWP,WE,Towers with Radar,0,22,82,0,104,0,0,179,0,179,0,22,261,0,283,195,0,195,478
06/15/2021,CRQ,CA,AWP,WE,Towers with Radar,0,13,79,0,92,0,0,208,0,208,0,13,287,0,300,306,2,308,608
06/16/2021,CRQ,CA,AWP,WE,Towers with Radar,0,28,102,0,130,0,0,131,0,131,0,28,233,0,261,128,2,130,391
06/17/2021,CRQ,CA,AWP,WE,Towers with Radar,0,29,101,3,133,0,0,103,1,104,0,29,204,4,237,52,0,52,289
06/18/2021,CRQ,CA,AWP,WE,Towers with Radar,0,27,115,1,143,0,0,9,0,9,0,27,124,1,152,0,0,0,152
06/19/2021,CRQ,CA,AWP,WE,Towers with Radar,0,22,100,1,123,0,0,9,0,9,0,22,109,1,132,0,0,0,132
06/20/2021,CRQ,CA,AWP,WE,Towers with Radar,0,42,116,0,158,0,0,6,0,6,0,42,122,0,164,0,0,0,164
06/21/2021,CRQ,CA,AWP,WE,Towers with Radar,0,36,110,0,146,0,0,107,0,107,0,36,217,0,253,73,0,73,326
06/22/2021,CRQ,CA,AWP,WE,Towers with Radar,0,28,114,2,144,0,0,104,0,104,0,28,218,2,248,85,2,87,335
06/23/2021,CRQ,CA,AWP,WE,Towers with Radar,0,17,105,0,122,0,0,105,0,105,0,17,210,0,227,160,2,162,389
06/24/2021,CRQ,CA,AWP,WE,Towers with Radar,0,20,123,2,145,0,0,148,0,148,0,20,271,2,293,181,2,183,476
06/25/2021,CRQ,CA,AWP,WE,Towers with Radar,0,33,109,2,144,0,0,4,0,4,0,33,113,2,148,0,0,0,148
06/26/2021,CRQ,CA,AWP,WE,Towers with Radar,0,22,100,0,122,0,0,141,1,142,0,22,241,1,264,102,0,102,366
06/27/2021,CRQ,CA,AWP,WE,Towers with Radar,0,32,136,0,168,0,0,125,2,127,0,32,261,2,295,45,0,45,340
06/28/2021,CRQ,CA,AWP,WE,Towers with Radar,0,29,161,4,194,0,0,37,0,37,0,29,198,4,231,8,0,8,239
06/29/2021,CRQ,CA,AWP,WE,Towers with Radar,0,30,136,10,176,0,0,51,0,51,0,30,187,10,227,28,0,28,255
06/30/2021,CRQ,CA,AWP,WE,Towers with Radar,0,35,153,6,194,0,0,70,0,70,0,35,223,6,264,28,0,28,292
07/01/2021,CRQ,CA,AWP,WE,Towers with Radar,0,42,134,2,178,0,0,169,0,169,0,42,303,2,347,228,0,228,575
07/02/2021,CRQ,CA,AWP,WE,Towers with Radar,0,23,178,0,201,0,0,43,0,43,0,23,221,0,244,21,0,21,265
07/03/2021,CRQ,CA,AWP,WE,Towers with Radar,0,17,109,0,126,0,0,63,0,63,0,17,172,0,189,16,0,16,205
07/04/2021,CRQ,CA,AWP,WE,Towers with Radar,0,13,45,0,58,0,0,38,0,38,0,13,83,0,96,70,0,70,166
07/05/2021,CRQ,CA,AWP,WE,Towers with Radar,0,23,126,0,149,0,0,112,0,112,0,23,238,0,261,122,0,122,383
07/06/2021,CRQ,CA,AWP,WE,Towers with Radar,0,16,108,0,124,0,0,144,2,146,0,16,252,2,270,92,1,93,363
07/07/2021,CRQ,CA,AWP,WE,Towers with Radar,0,22,86,1,109,0,0,184,0,184,0,22,270,1,293,196,2,198,491
07/08/2021,CRQ,CA,AWP,WE,Towers with Radar,0,21,101,0,122,0,0,221,2,223,0,21,322,2,345,256,0,256,601
07/09/2021,CRQ,CA,AWP,WE,Towers with Radar,0,34,94,0,128,0,0,2,0,2,0,34,96,0,130,0,0,0,130
07/10/2021,CRQ,CA,AWP,WE,Towers with Radar,0,11,75,0,86,0,0,1,0,1,0,11,76,0,87,0,0,0,87
07/11/2021,CRQ,CA,AWP,WE,Towers with Radar,0,29,86,0,115,0,0,154,0,154,0,29,240,0,269,110,0,110,379
07/12/2021,CRQ,CA,AWP,WE,Towers with Radar,0,22,105,0,127,0,0,117,0,117,0,22,222,0,244,138,0,138,382
07/13/2021,CRQ,CA,AWP,WE,Towers with Radar,0,25,72,0,97,0,0,157,4,161,0,25,229,4,258,113,0,113,371
07/14/2021,CRQ,CA,AWP,WE,Towers with Radar,0,30,107,0,137,0,0,179,0,179,0,30,286,0,316,200,2,202,518
07/15/2021,CRQ,CA,AWP,WE,Towers with Radar,0,29,101,5,135,0,1,221,0,222,0,30,322,5,357,188,2,190,547
07/16/2021,CRQ,CA,AWP,WE,Towers with Radar,0,28,78,0,106,0,0,1,0,1,0,28,79,0,107,0,0,0,107
07/17/2021,CRQ,CA,AWP,WE,Towers with Radar,0,22,74,0,96,0,0,4,0,4,0,22,78,0,100,0,0,0,100
07/18/2021,CRQ,CA,AWP,WE,Towers with Radar,0,31,98,0,129,0,0,132,0,132,0,31,230,0,261,129,0,129,390
07/19/2021,CRQ,CA,AWP,WE,Towers with Radar,0,31,88,1,120,0,0,201,0,201,0,31,289,1,321,241,2,243,564
07/20/2021,CRQ,CA,AWP,WE,Towers with Radar,0,13,95,5,113,0,0,197,1,198,0,13,292,6,311,168,0,168,479
07/21/2021,CRQ,CA,AWP,WE,Towers with Radar,0,17,100,0,117,0,0,196,0,196,0,17,296,0,313,240,0,240,553
07/22/2021,CRQ,CA,AWP,WE,Towers with Radar,0,43,111,4,158,0,0,141,0,141,0,43,252,4,299,115,0,115,414
07/23/2021,CRQ,CA,AWP,WE,Towers with Radar,0,29,105,1,135,0,0,4,0,4,0,29,109,1,139,0,0,0,139
07/24/2021,CRQ,CA,AWP,WE,Towers with Radar,0,16,112,2,130,0,0,4,0,4,0,16,116,2,134,0,0,0,134
07/25/2021,CRQ,CA,AWP,WE,Towers with Radar,0,40,111,2,153,0,0,83,1,84,0,40,194,3,237,51,0,51,288
07/26/2021,CRQ,CA,AWP,WE,Towers with Radar,0,19,130,1,150,0,0,7,0,7,0,19,137,1,157,8,0,8,165
07/27/2021,CRQ,CA,AWP,WE,Towers with Radar,0,24,103,0,127,0,0,74,0,74,0,24,177,0,201,32,0,32,233
07/28/2021,CRQ,CA,AWP,WE,Towers with Radar,0,19,91,2,112,0,0,207,1,208,0,19,298,3,320,181,0,181,501
07/29/2021,CRQ,CA,AWP,WE,Towers with Radar,0,27,88,1,116,0,0,151,0,151,0,27,239,1,267,215,0,215,482
07/30/2021,CRQ,CA,AWP,WE,Towers with Radar,0,28,91,2,121,0,0,153,0,153,0,28,244,2,274,81,0,81,355
07/31/2021,CRQ,CA,AWP,WE,Towers with Radar,0,27,88,1,116,0,1,7,0,8,0,28,95,1,124,0,0,0,124
08/01/2021,CRQ,CA,AWP,WE,Towers with Radar,0,30,99,1,130,0,0,166,0,166,0,30,265,1,296,100,0,100,396
08/02/2021,CRQ,CA,AWP,WE,Towers with Radar,0,23,67,2,92,0,0,186,3,189,0,23,253,5,281,170,0,170,451
08/03/2021,CRQ,CA,AWP,WE,Towers with Radar,0,21,64,12,97,0,0,199,1,200,0,21,263,13,297,198,2,200,497
08/04/2021,CRQ,CA,AWP,WE,Towers with Radar,0,27,117,2,146,0,0,234,0,234,0,27,351,2,380,188,0,188,568
08/05/2021,CRQ,CA,AWP,WE,Towers with Radar,0,48,131,0,179,0,0,141,0,141,0,48,272,0,320,113,2,115,435
08/06/2021,CRQ,CA,AWP,WE,Towers with Radar,0,28,124,1,153,0,0,100,0,100,0,28,224,1,253,54,0,54,307
08/07/2021,CRQ,CA,AWP,WE,Towers with Radar,0,22,89,2,113,0,0,4,1,5,0,22,93,3,118,0,0,0,118
08/08/2021,CRQ,CA,AWP,WE,Towers with Radar,0,38,109,2,149,0,0,106,0,106,0,38,215,2,255,84,0,84,339
08/09/2021,CRQ,CA,AWP,WE,Towers with Radar,0,21,88,1,110,0,0,164,0,164,0,21,252,1,274,143,2,145,419
08/10/2021,CRQ,CA,AWP,WE,Towers with Radar,0,16,107,2,125,0,0,168,0,168,0,16,275,2,293,174,2,176,469
08/11/2021,CRQ,CA,AWP,WE,Towers with Radar,0,28,103,0,131,0,0,194,1,195,0,28,297,1,326,179,0,179,505
08/12/2021,CRQ,CA,AWP,WE,Towers with Radar,0,32,113,0,145,0,0,183,0,183,0,32,296,0,328,135,2,137,465
08/13/2021,CRQ,CA,AWP,WE,Towers with Radar,0,10,120,2,132,0,0,168,0,168,0,10,288,2,300,153,0,153,453
08/14/2021,CRQ,CA,AWP,WE,Towers with Radar,0,29,63,0,92,0,0,189,0,189,0,29,252,0,281,81,0,81,362
08/15/2021,CRQ,CA,AWP,WE,Towers with Radar,0,28,96,0,124,0,0,165,0,165,0,28,261,0,289,125,0,125,414
08/16/2021,CRQ,CA,AWP,WE,Towers with Radar,0,12,95,5,112,0,0,156,1,157,0,12,251,6,269,154,0,154,423
08/17/2021,CRQ,CA,AWP,WE,Towers with Radar,0,21,117,0,138,0,0,99,0,99,0,21,216,0,237,70,0,70,307
08/18/2021,CRQ,CA,AWP,WE,Towers with Radar,0,19,139,0,158,0,0,22,0,22,0,19,161,0,180,144,0,144,324
08/19/2021,CRQ,CA,AWP,WE,Towers with Radar,0,22,132,0,154,0,0,148,2,150,0,22,280,2,304,160,2,162,466
08/20/2021,CRQ,CA,AWP,WE,Towers with Radar,0,29,147,3,179,0,0,80,0,80,0,29,227,3,259,213,0,213,472
08/21/2021,CRQ,CA,AWP,WE,Towers with Radar,0,22,90,0,112,0,0,41,0,41,0,22,131,0,153,71,0,71,224
08/22/2021,CRQ,CA,AWP,WE,Towers with Radar,0,29,158,0,187,0,0,55,0,55,0,29,213,0,242,113,0,113,355
08/23/2021,CRQ,CA,AWP,WE,Towers with Radar,0,19,102,0,121,0,0,152,1,153,0,19,254,1,274,248,0,248,522
08/24/2021,CRQ,CA,AWP,WE,Towers with Radar,0,19,86,0,105,0,0,199,0,199,0,19,285,0,304,234,0,234,538
08/25/2021,CRQ,CA,AWP,WE,Towers with Radar,0,29,78,2,109,0,0,191,2,193,0,29,269,4,302,178,0,178,480
08/26/2021,CRQ,CA,AWP,WE,Towers with Radar,0,17,90,0,107,0,0,205,0,205,0,17,295,0,312,237,0,237,549
08/27/2021,CRQ,CA,AWP,WE,Towers with Radar,0,24,108,1,133,0,0,160,1,161,0,24,268,2,294,156,0,156,450
08/28/2021,CRQ,CA,AWP,WE,Towers with Radar,0,22,71,0,93,0,0,128,0,128,0,22,199,0,221,80,0,80,301
08/29/2021,CRQ,CA,AWP,WE,Towers with Radar,0,34,112,0,146,0,0,99,0,99,0,34,211,0,245,34,0,34,279
08/30/2021,CRQ,CA,AWP,WE,Towers with Radar,0,32,118,0,150,0,0,71,0,71,0,32,189,0,221,124,0,124,345
08/31/2021,CRQ,CA,AWP,WE,Towers with Radar,0,24,133,2,159,0,0,16,2,18,0,24,149,4,177,32,0,32,209
09/01/2021,CRQ,CA,AWP,WE,Towers with Radar,0,19,130,1,150,0,0,98,2,100,0,19,228,3,250,350,0,350,600
09/02/2021,CRQ,CA,AWP,WE,Towers with Radar,0,30,138,1,169,0,0,129,0,129,0,30,267,1,298,144,0,144,442
09/03/2021,CRQ,CA,AWP,WE,Towers with Radar,0,33,161,0,194,0,0,81,0,81,0,33,242,0,275,52,0,52,327
09/04/2021,CRQ,CA,AWP,WE,Towers with Radar,0,16,76,0,92,0,1,168,0,169,0,17,244,0,261,167,0,167,428
09/05/2021,CRQ,CA,AWP,WE,Towers with Radar,0,23,64,0,87,0,1,107,0,108,0,24,171,0,195,53,0,53,248
09/06/2021,CRQ,CA,AWP,WE,Towers with Radar,0,29,112,0,141,0,0,61,0,61,0,29,173,0,202,45,0,45,247
09/07/2021,CRQ,CA,AWP,WE,Towers with Radar,0,26,101,3,130,0,0,103,0,103,0,26,204,3,233,176,0,176,409
09/08/2021,CRQ,CA,AWP,WE,Towers with Radar,0,17,87,1,105,0,0,124,0,124,0,17,211,1,229,161,0,161,390
09/09/2021,CRQ,CA,AWP,WE,Towers with Radar,0,20,102,0,122,0,0,148,0,148,0,20,250,0,270,106,0,106,376
09/10/2021,CRQ,CA,AWP,WE,Towers with Radar,0,23,95,0,118,0,0,149,0,149,0,23,244,0,267,185,0,185,452
09/11/2021,CRQ,CA,AWP,WE,Towers with Radar,0,30,65,0,95,0,1,167,0,168,0,31,232,0,263,114,0,114,377
09/12/2021,CRQ,CA,AWP,WE,Towers with Radar,0,19,73,0,92,0,0,155,0,155,0,19,228,0,247,122,0,122,369
09/13/2021,CRQ,CA,AWP,WE,Towers with Radar,0,37,64,0,101,0,0,75,0,75,0,37,139,0,176,125,0,125,301
09/14/2021,CRQ,CA,AWP,WE,Towers with Radar,0,20,62,1,83,0,0,111,0,111,0,20,173,1,194,78,0,78,272
09/15/2021,CRQ,CA,AWP,WE,Towers with Radar,0,17,95,0,112,0,0,143,0,143,0,17,238,0,255,109,0,109,364
09/16/2021,CRQ,CA,AWP,WE,Towers with Radar,0,19,110,0,129,0,0,174,0,174,0,19,284,0,303,141,0,141,444
09/17/2021,CRQ,CA,AWP,WE,Towers with Radar,0,15,107,2,124,0,0,113,0,113,0,15,220,2,237,103,0,103,340
09/18/2021,CRQ,CA,AWP,WE,Towers with Radar,0,11,77,0,88,0,0,1,0,1,0,11,78,0,89,0,0,0,89
09/19/2021,CRQ,CA,AWP,WE,Towers with Radar,0,23,114,0,137,0,1,104,0,105,0,24,218,0,242,70,0,70,312
09/20/2021,CRQ,CA,AWP,WE,Towers with Radar,0,18,61,0,79,0,0,122,0,122,0,18,183,0,201,214,0,214,415
09/21/2021,CRQ,CA,AWP,WE,Towers with Radar,0,22,88,0,110,0,0,190,0,190,0,22,278,0,300,239,0,239,539
09/22/2021,CRQ,CA,AWP,WE,Towers with Radar,0,14,77,0,91,0,0,217,0,217,0,14,294,0,308,160,0,160,468
09/23/2021,CRQ,CA,AWP,WE,Towers with Radar,0,27,90,1,118,0,0,153,0,153,0,27,243,1,271,202,0,202,473
09/24/2021,CRQ,CA,AWP,WE,Towers with Radar,0,35,86,0,121,0,0,100,0,100,0,35,186,0,221,92,0,92,313
09/25/2021,CRQ,CA,AWP,WE,Towers with Radar,0,34,123,0,157,0,0,37,0,37,0,34,160,0,194,6,0,6,200
09/26/2021,CRQ,CA,AWP,WE,Towers with Radar,0,33,136,0,169,0,0,3,0,3,0,33,139,0,172,6,0,6,178
09/27/2021,CRQ,CA,AWP,WE,Towers with Radar,0,25,106,0,131,0,0,11,0,11,0,25,117,0,142,0,0,0,142
09/28/2021,CRQ,CA,AWP,WE,Towers with Radar,0,18,111,0,129,0,0,86,0,86,0,18,197,0,215,199,0,199,414
09/29/2021,CRQ,CA,AWP,WE,Towers with Radar,0,24,87,1,112,0,0,222,0,222,0,24,309,1,334,161,0,161,495
09/30/2021,CRQ,CA,AWP,WE,Towers with Radar,0,20,101,0,121,0,0,234,0,234,0,20,335,0,355,201,0,201,556
10/01/2021,CRQ,CA,AWP,WE,Towers with Radar,0,29,84,1,114,0,0,209,0,209,0,29,293,1,323,184,0,184,507
10/02/2021,CRQ,CA,AWP,WE,Towers with Radar,0,14,82,1,97,0,0,198,0,198,0,14,280,1,295,193,0,193,488
10/03/2021,CRQ,CA,AWP,WE,Towers with Radar,0,25,80,0,105,0,0,134,0,134,0,25,214,0,239,197,0,197,436
10/04/2021,CRQ,CA,AWP,WE,Towers with Radar,0,30,80,1,111,0,0,103,0,103,0,30,183,1,214,165,0,165,379
10/05/2021,CRQ,CA,AWP,WE,Towers with Radar,0,27,116,1,144,0,0,102,1,103,0,27,218,2,247,165,0,165,412
10/06/2021,CRQ,CA,AWP,WE,Towers with Radar,0,21,142,0,163,0,0,55,0,55,0,21,197,0,218,138,0,138,356
10/07/2021,CRQ,CA,AWP,WE,Towers with Radar,0,20,150,0,170,0,0,83,0,83,0,20,233,0,253,226,0,226,479
10/08/2021,CRQ,CA,AWP,WE,Towers with Radar,0,19,122,1,142,0,0,70,0,70,0,19,192,1,212,137,0,137,349
10/09/2021,CRQ,CA,AWP,WE,Towers with Radar,0,24,89,2,115,0,0,184,0,184,0,24,273,2,299,162,0,162,461
10/10/2021,CRQ,CA,AWP,WE,Towers with Radar,0,27,110,2,139,0,0,192,0,192,0,27,302,2,331,153,0,153,484
10/11/2021,CRQ,CA,AWP,WE,Towers with Radar,0,34,84,1,119,0,1,40,0,41,0,35,124,1,160,64,0,64,224
10/12/2021,CRQ,CA,AWP,WE,Towers with Radar,0,27,88,0,115,0,0,212,0,212,0,27,300,0,327,141,0,141,468
10/13/2021,CRQ,CA,AWP,WE,Towers with Radar,0,26,89,0,115,0,0,168,0,168,0,26,257,0,283,164,0,164,447
10/14/2021,CRQ,CA,AWP,WE,Towers with Radar,0,30,117,0,147,0,0,200,0,200,0,30,317,0,347,203,0,203,550
10/15/2021,CRQ,CA,AWP,WE,Towers with Radar,0,22,88,1,111,0,0,137,0,137,0,22,225,1,248,194,0,194,442
10/16/2021,CRQ,CA,AWP,WE,Towers with Radar,0,19,72,1,92,0,0,199,0,199,0,19,271,1,291,144,0,144,435
10/17/2021,CRQ,CA,AWP,WE,Towers with Radar,0,26,87,0,113,0,0,133,0,133,0,26,220,0,246,72,0,72,318
10/18/2021,CRQ,CA,AWP,WE,Towers with Radar,0,19,128,2,149,0,0,30,2,32,0,19,158,4,181,149,0,149,330
10/19/2021,CRQ,CA,AWP,WE,Towers with Radar,0,13,76,1,90,0,0,217,1,218,0,13,293,2,308,139,0,139,447
10/20/2021,CRQ,CA,AWP,WE,Towers with Radar,0,19,94,0,113,0,0,169,0,169,0,19,263,0,282,89,0,89,371
10/21/2021,CRQ,CA,AWP,WE,Towers with Radar,0,38,93,2,133,0,1,165,0,166,0,39,258,2,299,125,0,125,424
10/22/2021,CRQ,CA,AWP,WE,Towers with Radar,0,27,115,0,142,0,0,89,0,89,0,27,204,0,231,66,0,66,297
10/23/2021,CRQ,CA,AWP,WE,Towers with Radar,0,24,83,0,107,0,0,48,0,48,0,24,131,0,155,68,0,68,223
10/24/2021,CRQ,CA,AWP,WE,Towers with Radar,0,23,100,0,123,0,1,181,0,182,0,24,281,0,305,166,0,166,471
10/25/2021,CRQ,CA,AWP,WE,Towers with Radar,0,33,85,0,118,0,0,12,0,12,0,33,97,0,130,64,0,64,194
10/26/2021,CRQ,CA,AWP,WE,Towers with Radar,0,19,93,0,112,0,0,165,0,165,0,19,258,0,277,214,0,214,491
10/27/2021,CRQ,CA,AWP,WE,Towers with Radar,0,23,61,2,86,0,1,191,0,192,0,24,252,2,278,198,0,198,476
10/28/2021,CRQ,CA,AWP,WE,Towers with Radar,0,20,101,0,121,0,0,210,2,212,0,20,311,2,333,123,0,123,456
10/29/2021,CRQ,CA,AWP,WE,Towers with Radar,0,19,113,0,132,0,0,228,0,228,0,19,341,0,360,126,0,126,486
10/30/2021,CRQ,CA,AWP,WE,Towers with Radar,0,14,92,2,108,0,0,70,0,70,0,14,162,2,178,42,0,42,220
10/31/2021,CRQ,CA,AWP,WE,Towers with Radar,0,29,91,0,120,0,0,87,0,87,0,29,178,0,207,100,0,100,307
11/01/2021,CRQ,CA,AWP,WE,Towers with Radar,0,32,116,0,148,0,0,66,0,66,0,32,182,0,214,57,0,57,271
11/02/2021,CRQ,CA,AWP,WE,Towers with Radar,0,14,131,0,145,0,0,39,0,39,0,14,170,0,184,34,0,34,218
11/03/2021,CRQ,CA,AWP,WE,Towers with Radar,0,27,82,0,109,0,0,107,0,107,0,27,189,0,216,64,0,64,280
11/04/2021,CRQ,CA,AWP,WE,Towers with Radar,0,32,124,2,158,0,0,106,1,107,0,32,230,3,265,44,0,44,309
11/05/2021,CRQ,CA,AWP,WE,Towers with Radar,0,24,96,0,120,0,0,48,0,48,0,24,144,0,168,18,0,18,186
11/06/2021,CRQ,CA,AWP,WE,Towers with Radar,0,34,108,0,142,0,0,93,0,93,0,34,201,0,235,96,0,96,331
11/07/2021,CRQ,CA,AWP,WE,Towers with Radar,0,40,154,0,194,0,0,121,0,121,0,40,275,0,315,65,0,65,380
11/08/2021,CRQ,CA,AWP,WE,Towers with Radar,0,14,92,0,106,0,0,141,0,141,0,14,233,0,247,140,0,140,387
11/09/2021,CRQ,CA,AWP,WE,Towers with Radar,0,18,75,4,97,0,0,178,0,178,0,18,253,4,275,145,0,145,420
11/10/2021,CRQ,CA,AWP,WE,Towers with Radar,0,14,90,4,108,0,0,185,1,186,0,14,275,5,294,186,0,186,480
11/11/2021,CRQ,CA,AWP,WE,Towers with Radar,0,26,91,0,117,0,0,208,0,208,0,26,299,0,325,140,0,140,465
11/12/2021,CRQ,CA,AWP,WE,Towers with Radar,0,32,100,1,133,0,0,253,0,253,0,32,353,1,386,150,0,150,536
11/13/2021,CRQ,CA,AWP,WE,Towers with Radar,0,19,58,0,77,0,0,172,0,172,0,19,230,0,249,197,0,197,446
11/14/2021,CRQ,CA,AWP,WE,Towers with Radar,0,33,101,0,134,0,0,188,0,188,0,33,289,0,322,114,0,114,436
11/15/2021,CRQ,CA,AWP,WE,Towers with Radar,0,29,73,0,102,0,0,150,0,150,0,29,223,0,252,153,0,153,405
11/16/2021,CRQ,CA,AWP,WE,Towers with Radar,0,18,79,4,101,0,0,68,0,68,0,18,147,4,169,101,0,101,270
11/17/2021,CRQ,CA,AWP,WE,Towers with Radar,0,16,98,4,118,0,0,148,2,150,0,16,246,6,268,209,0,209,477
11/18/2021,CRQ,CA,AWP,WE,Towers with Radar,0,26,114,0,140,0,0,10,0,10,0,26,124,0,150,0,0,0,150
11/19/2021,CRQ,CA,AWP,WE,Towers with Radar,0,15,102,0,117,0,0,96,0,96,0,15,198,0,213,195,0,195,408
11/20/2021,CRQ,CA,AWP,WE,Towers with Radar,0,25,100,0,125,0,0,120,0,120,0,25,220,0,245,105,0,105,350
11/21/2021,CRQ,CA,AWP,WE,Towers with Radar,0,27,90,0,117,0,0,188,0,188,0,27,278,0,305,132,0,132,437
11/22/2021,CRQ,CA,AWP,WE,Towers with Radar,0,24,68,1,93,0,0,173,0,173,0,24,241,1,266,125,0,125,391
11/23/2021,CRQ,CA,AWP,WE,Towers with Radar,0,25,111,0,136,0,0,193,0,193,0,25,304,0,329,115,0,115,444
11/24/2021,CRQ,CA,AWP,WE,Towers with Radar,0,26,84,0,110,0,0,203,0,203,0,26,287,0,313,35,0,35,348
11/25/2021,CRQ,CA,AWP,WE,Towers with Radar,0,6,15,0,21,0,0,30,0,30,0,6,45,0,51,68,0,68,119
11/26/2021,CRQ,CA,AWP,WE,Towers with Radar,0,29,64,0,93,0,0,156,0,156,0,29,220,0,249,91,0,91,340
11/27/2021,CRQ,CA,AWP,WE,Towers with Radar,0,24,78,0,102,0,0,185,0,185,0,24,263,0,287,86,0,86,373
11/28/2021,CRQ,CA,AWP,WE,Towers with Radar,0,29,123,0,152,0,0,144,0,144,0,29,267,0,296,22,0,22,318
11/29/2021,CRQ,CA,AWP,WE,Towers with Radar,0,29,61,2,92,0,0,138,2,140,0,29,199,4,232,49,0,49,281
11/30/2021,CRQ,CA,AWP,WE,Towers with Radar,0,23,65,0,88,0,0,93,2,95,0,23,158,2,183,92,0,92,275
12/01/2021,CRQ,CA,AWP,WE,Towers with Radar,0,17,72,0,89,0,0,112,0,112,0,17,184,0,201,118,0,118,319
12/02/2021,CRQ,CA,AWP,WE,Towers with Radar,0,25,113,0,138,0,0,46,0,46,0,25,159,0,184,24,0,24,208
12/03/2021,CRQ,CA,AWP,WE,Towers with Radar,0,28,127,0,155,0,0,51,2,53,0,28,178,2,208,48,0,48,256
12/04/2021,CRQ,CA,AWP,WE,Towers with Radar,0,13,115,0,128,0,0,56,3,59,0,13,171,3,187,39,0,39,226
12/05/2021,CRQ,CA,AWP,WE,Towers with Radar,0,40,135,0,175,0,0,118,0,118,0,40,253,0,293,76,0,76,369
12/06/2021,CRQ,CA,AWP,WE,Towers with Radar,0,18,112,0,130,0,0,47,0,47,0,18,159,0,177,51,0,51,228
12/07/2021,CRQ,CA,AWP,WE,Towers with Radar,0,14,116,0,130,0,0,74,0,74,0,14,190,0,204,151,0,151,355
12/08/2021,CRQ,CA,AWP,WE,Towers with Radar,0,21,82,0,103,0,0,154,0,154,0,21,236,0,257,161,0,161,418
12/09/2021,CRQ,CA,AWP,WE,Towers with Radar,0,15,82,2,99,0,0,9,0,9,0,15,91,2,108,50,0,50,158
12/10/2021,CRQ,CA,AWP,WE,Towers with Radar,0,26,127,0,153,0,0,173,0,173,0,26,300,0,326,205,0,205,531
12/11/2021,CRQ,CA,AWP,WE,Towers with Radar,0,15,84,0,99,0,0,209,0,209,0,15,293,0,308,85,0,85,393
12/12/2021,CRQ,CA,AWP,WE,Towers with Radar,0,25,61,0,86,0,0,192,0,192,0,25,253,0,278,130,0,130,408
12/13/2021,CRQ,CA,AWP,WE,Towers with Radar,0,23,94,0,117,0,0,82,2,84,0,23,176,2,201,152,0,152,353
12/14/2021,CRQ,CA,AWP,WE,Towers with Radar,0,12,31,0,43,0,0,0,0,0,0,12,31,0,43,0,0,0,43
12/15/2021,CRQ,CA,AWP,WE,Towers with Radar,0,24,96,0,120,0,0,153,0,153,0,24,249,0,273,190,0,190,463
12/16/2021,CRQ,CA,AWP,WE,Towers with Radar,0,36,105,1,142,0,0,146,1,147,0,36,251,2,289,155,0,155,444
12/17/2021,CRQ,CA,AWP,WE,Towers with Radar,0,35,120,0,155,0,1,181,0,182,0,36,301,0,337,111,0,111,448
12/18/2021,CRQ,CA,AWP,WE,Towers with Radar,0,25,93,1,119,0,0,172,0,172,0,25,265,1,291,157,0,157,448
12/19/2021,CRQ,CA,AWP,WE,Towers with Radar,0,37,93,1,131,0,0,186,0,186,0,37,279,1,317,144,0,144,461
12/20/2021,CRQ,CA,AWP,WE,Towers with Radar,0,15,66,0,81,0,0,143,0,143,0,15,209,0,224,68,0,68,292
12/21/2021,CRQ,CA,AWP,WE,Towers with Radar,0,14,81,0,95,0,0,136,2,138,0,14,217,2,233,109,0,109,342
12/22/2021,CRQ,CA,AWP,WE,Towers with Radar,0,20,105,0,125,0,0,121,0,121,0,20,226,0,246,172,0,172,418
12/23/2021,CRQ,CA,AWP,WE,Towers with Radar,0,19,90,0,109,0,0,48,0,48,0,19,138,0,157,148,0,148,305
12/24/2021,CRQ,CA,AWP,WE,Towers with Radar,0,29,24,1,54,0,0,3,0,3,0,29,27,1,57,44,0,44,101
12/25/2021,CRQ,CA,AWP,WE,Towers with Radar,0,19,22,0,41,0,0,1,0,1,0,19,23,0,42,0,0,0,42
12/26/2021,CRQ,CA,AWP,WE,Towers with Radar,1,20,90,0,111,0,2,125,0,127,1,22,215,0,238,104,0,104,342
12/27/2021,CRQ,CA,AWP,WE,Towers with Radar,0,24,87,0,111,0,0,49,0,49,0,24,136,0,160,40,0,40,200
12/28/2021,CRQ,CA,AWP,WE,Towers with Radar,0,26,89,0,115,0,0,45,0,45,0,26,134,0,160,65,0,65,225
12/29/2021,CRQ,CA,AWP,WE,Towers with Radar,0,26,68,0,94,0,0,13,0,13,0,26,81,0,107,25,0,25,132
12/30/2021,CRQ,CA,AWP,WE,Towers with Radar,0,24,67,0,91,0,0,36,0,36,0,24,103,0,127,106,0,106,233
12/31/2021,CRQ,CA,AWP,WE,Towers with Radar,0,11,92,0,103,0,0,53,0,53,0,11,145,0,156,72,0,72,228
01/01/2022,CRQ,CA,AWP,WE,Towers with Radar,0,11,64,0,75,0,0,91,0,91,0,11,155,0,166,50,0,50,216
01/02/2022,CRQ,CA,AWP,WE,Towers with Radar,0,27,124,0,151,0,0,156,0,156,0,27,280,0,307,87,0,87,394
01/03/2022,CRQ,CA,AWP,WE,Towers with Radar,0,21,86,0,107,0,0,145,0,145,0,21,231,0,252,147,0,147,399
01/04/2022,CRQ,CA,AWP,WE,Towers with Radar,0,22,56,0,78,0,1,162,0,163,0,23,218,0,241,131,0,131,372
01/05/2022,CRQ,CA,AWP,WE,Towers with Radar,0,19,68,3,90,0,0,187,1,188,0,19,255,4,278,165,0,165,443
01/06/2022,CRQ,CA,AWP,WE,Towers with Radar,0,19,77,0,96,0,0,187,0,187,0,19,264,0,283,152,0,152,435
01/07/2022,CRQ,CA,AWP,WE,Towers with Radar,0,14,90,0,104,0,0,32,2,34,0,14,122,2,138,62,8,70,208
01/08/2022,CRQ,CA,AWP,WE,Towers with Radar,0,18,83,0,101,0,0,123,0,123,0,18,206,0,224,79,0,79,303
01/09/2022,CRQ,CA,AWP,WE,Towers with Radar,0,27,58,0,85,0,0,137,0,137,0,27,195,0,222,44,0,44,266
01/10/2022,CRQ,CA,AWP,WE,Towers with Radar,0,20,69,0,89,0,0,127,0,127,0,20,196,0,216,234,0,234,450
01/11/2022,CRQ,CA,AWP,WE,Towers with Radar,0,17,81,0,98,0,0,121,0,121,0,17,202,0,219,183,0,183,402
01/12/2022,CRQ,CA,AWP,WE,Towers with Radar,0,21,64,0,85,0,0,2,0,2,0,21,66,0,87,0,0,0,87
01/13/2022,CRQ,CA,AWP,WE,Towers with Radar,0,27,78,7,112,0,0,157,3,160,0,27,235,10,272,83,0,83,355
01/14/2022,CRQ,CA,AWP,WE,Towers with Radar,0,20,100,0,120,0,0,222,0,222,0,20,322,0,342,152,0,152,494
01/15/2022,CRQ,CA,AWP,WE,Towers with Radar,0,22,65,0,87,0,0,137,0,137,0,22,202,0,224,118,0,118,342
01/16/2022,CRQ,CA,AWP,WE,Towers with Radar,0,23,62,2,87,0,1,169,2,172,0,24,231,4,259,124,0,124,383
01/17/2022,CRQ,CA,AWP,WE,Towers with Radar,0,23,112,0,135,0,0,91,0,91,0,23,203,0,226,118,0,118,344
01/18/2022,CRQ,CA,AWP,WE,Towers with Radar,0,19,117,1,137,0,1,40,1,42,0,20,157,2,179,34,0,34,213
01/19/2022,CRQ,CA,AWP,WE,Towers with Radar,0,19,93,3,115,0,0,168,0,168,0,19,261,3,283,271,4,275,558
01/20/2022,CRQ,CA,AWP,WE,Towers with Radar,1,18,77,1,97,0,0,1,0,1,1,18,78,1,98,0,0,0,98
01/21/2022,CRQ,CA,AWP,WE,Towers with Radar,0,16,108,2,126,0,0,242,1,243,0,16,350,3,369,124,0,124,493
01/22/2022,CRQ,CA,AWP,WE,Towers with Radar,0,20,53,0,73,0,1,164,0,165,0,21,217,0,238,123,0,123,361
01/23/2022,CRQ,CA,AWP,WE,Towers with Radar,0,30,77,0,107,0,0,151,0,151,0,30,228,0,258,115,0,115,373
01/24/2022,CRQ,CA,AWP,WE,Towers with Radar,0,21,69,0,90,0,0,146,0,146,0,21,215,0,236,102,0,102,338
01/25/2022,CRQ,CA,AWP,WE,Towers with Radar,0,17,70,0,87,0,1,122,0,123,0,18,192,0,210,113,0,113,323
01/26/2022,CRQ,CA,AWP,WE,Towers with Radar,0,20,99,0,119,0,0,222,0,222,0,20,321,0,341,248,0,248,589
01/27/2022,CRQ,CA,AWP,WE,Towers with Radar,0,20,91,3,114,0,0,244,0,244,0,20,335,3,358,207,2,209,567
01/28/2022,CRQ,CA,AWP,WE,Towers with Radar,0,25,64,0,89,0,0,142,0,142,0,25,206,0,231,102,0,102,333
01/29/2022,CRQ,CA,AWP,WE,Towers with Radar,0,20,68,4,92,0,0,204,0,204,0,20,272,4,296,176,0,176,472
01/30/2022,CRQ,CA,AWP,WE,Towers with Radar,0,26,87,1,114,0,0,135,1,136,0,26,222,2,250,95,0,95,345
01/31/2022,CRQ,CA,AWP,WE,Towers with Radar,0,20,78,0,98,0,0,106,2,108,0,20,184,2,206,117,0,117,323
02/01/2022,CRQ,CA,AWP,WE,Towers with Radar,0,14,96,1,111,0,0,110,0,110,0,14,206,1,221,150,0,150,371
02/02/2022,CRQ,CA,AWP,WE,Towers with Radar,0,6,55,0,61,0,2,82,0,84,0,8,137,0,145,48,0,48,193
02/03/2022,CRQ,CA,AWP,WE,Towers with Radar,0,19,98,0,117,0,0,191,0,191,0,19,289,0,308,73,0,73,381
02/04/2022,CRQ,CA,AWP,WE,Towers with Radar,0,14,70,0,84,0,2,150,0,152,0,16,220,0,236,74,0,74,310
02/05/2022,CRQ,CA,AWP,WE,Towers with Radar,0,15,76,4,95,0,0,187,1,188,0,15,263,5,283,115,0,115,398
02/06/2022,CRQ,CA,AWP,WE,Towers with Radar,0,19,86,0,105,0,0,194,0,194,0,19,280,0,299,7,0,7,306
02/07/2022,CRQ,CA,AWP,WE,Towers with Radar,0,28,72,4,104,0,1,144,0,145,0,29,216,4,249,122,0,122,371
02/08/2022,CRQ,CA,AWP,WE,Towers with Radar,0,15,84,0,99,0,3,167,0,170,0,18,251,0,269,157,0,157,426
02/09/2022,CRQ,CA,AWP,WE,Towers with Radar,0,20,89,1,110,0,3,152,1,156,0,23,241,2,266,86,0,86,352
02/10/2022,CRQ,CA,AWP,WE,Towers with Radar,0,30,65,2,97,0,1,112,0,113,0,31,177,2,210,84,0,84,294
02/11/2022,CRQ,CA,AWP,WE,Towers with Radar,0,27,80,0,107,0,1,200,0,201,0,28,280,0,308,88,0,88,396
02/12/2022,CRQ,CA,AWP,WE,Towers with Radar,0,34,64,0,98,0,1,154,0,155,0,35,218,0,253,82,0,82,335
02/13/2022,CRQ,CA,AWP,WE,Towers with Radar,0,26,54,0,80,0,4,120,0,124,0,30,174,0,204,116,0,116,320
02/14/2022,CRQ,CA,AWP,WE,Towers with Radar,0,32,90,0,122,0,0,150,0,150,0,32,240,0,272,131,0,131,403
02/15/2022,CRQ,CA,AWP,WE,Towers with Radar,0,27,104,0,131,0,0,7,0,7,0,27,111,0,138,0,0,0,138
02/16/2022,CRQ,CA,AWP,WE,Towers with Radar,0,16,117,0,133,0,0,221,0,221,0,16,338,0,354,266,0,266,620
02/17/2022,CRQ,CA,AWP,WE,Towers with Radar,0,37,85,1,123,0,0,159,0,159,0,37,244,1,282,165,0,165,447
02/18/2022,CRQ,CA,AWP,WE,Towers with Radar,0,23,117,0,140,0,0,227,0,227,0,23,344,0,367,145,0,145,512
02/19/2022,CRQ,CA,AWP,WE,Towers with Radar,0,23,79,0,102,0,0,194,0,194,0,23,273,0,296,98,0,98,394
02/20/2022,CRQ,CA,AWP,WE,Towers with Radar,0,34,84,3,121,0,0,134,0,134,0,34,218,3,255,71,0,71,326
02/21/2022,CRQ,CA,AWP,WE,Towers with Radar,0,25,135,0,160,0,0,56,0,56,0,25,191,0,216,83,0,83,299
02/22/2022,CRQ,CA,AWP,WE,Towers with Radar,0,13,95,1,109,0,0,9,0,9,0,13,104,1,118,44,0,44,162
02/23/2022,CRQ,CA,AWP,WE,Towers with Radar,0,18,70,1,89,0,0,37,2,39,0,18,107,3,128,150,0,150,278
02/24/2022,CRQ,CA,AWP,WE,Towers with Radar,0,21,109,4,134,0,0,213,0,213,0,21,322,4,347,179,0,179,526
02/25/2022,CRQ,CA,AWP,WE,Towers with Radar,0,30,103,3,136,0,0,193,0,193,0,30,296,3,329,130,0,130,459
02/26/2022,CRQ,CA,AWP,WE,Towers with Radar,0,31,93,0,124,0,1,163,0,164,0,32,256,0,288,139,0,139,427
02/27/2022,CRQ,CA,AWP,WE,Towers with Radar,0,25,99,0,124,0,0,172,0,172,0,25,271,0,296,106,0,106,402
02/28/2022,CRQ,CA,AWP,WE,Towers with Radar,0,25,65,0,90,0,0,131,0,131,0,25,196,0,221,107,0,107,328
03/01/2022,CRQ,CA,AWP,WE,Towers with Radar,0,20,71,0,91,0,0,147,0,147,0,20,218,0,238,119,0,119,357
03/02/2022,CRQ,CA,AWP,WE,Towers with Radar,1,20,102,2,125,0,0,207,0,207,1,20,309,2,332,220,0,220,552
03/03/2022,CRQ,CA,AWP,WE,Towers with Radar,0,20,90,0,110,0,0,80,0,80,0,20,170,0,190,79,0,79,269
03/04/2022,CRQ,CA,AWP,WE,Towers with Radar,0,23,85,8,116,0,0,42,0,42,0,23,127,8,158,115,0,115,273
03/05/2022,CRQ,CA,AWP,WE,Towers with Radar,0,13,42,1,56,0,0,37,1,38,0,13,79,2,94,122,0,122,216
03/06/2022,CRQ,CA,AWP,WE,Towers with Radar,0,17,125,0,142,0,0,150,0,150,0,17,275,0,292,137,0,137,429
03/07/2022,CRQ,CA,AWP,WE,Towers with Radar,0,34,62,5,101,0,0,112,0,112,0,34,174,5,213,125,0,125,338
03/08/2022,CRQ,CA,AWP,WE,Towers with Radar,0,19,91,0,110,0,0,181,0,181,0,19,272,0,291,193,0,193,484
03/09/2022,CRQ,CA,AWP,WE,Towers with Radar,0,24,91,1,116,0,0,2,1,3,0,24,93,2,119,0,0,0,119
03/10/2022,CRQ,CA,AWP,WE,Towers with Radar,0,15,104,0,119,0,0,103,1,104,0,15,207,1,223,242,0,242,465
03/11/2022,CRQ,CA,AWP,WE,Towers with Radar,0,26,94,0,120,0,0,198,3,201,0,26,292,3,321,147,0,147,468
03/12/2022,CRQ,CA,AWP,WE,Towers with Radar,0,21,86,0,107,0,0,194,0,194,0,21,280,0,301,98,0,98,399
03/13/2022,CRQ,CA,AWP,WE,Towers with Radar,0,21,84,0,105,0,0,112,0,112,0,21,196,0,217,112,0,112,329
03/14/2022,CRQ,CA,AWP,WE,Towers with Radar,0,24,77,0,101,0,0,162,0,162,0,24,239,0,263,220,0,220,483
03/15/2022,CRQ,CA,AWP,WE,Towers with Radar,0,29,104,0,133,0,0,154,5,159,0,29,258,5,292,148,2,150,442
03/16/2022,CRQ,CA,AWP,WE,Towers with Radar,0,22,120,2,144,0,0,161,0,161,0,22,281,2,305,128,0,128,433
03/17/2022,CRQ,CA,AWP,WE,Towers with Radar,0,12,92,0,104,0,0,238,0,238,0,12,330,0,342,178,0,178,520
03/18/2022,CRQ,CA,AWP,WE,Towers with Radar,0,20,89,0,109,0,0,220,0,220,0,20,309,0,329,207,0,207,536
03/19/2022,CRQ,CA,AWP,WE,Towers with Radar,0,18,94,0,112,0,0,71,0,71,0,18,165,0,183,78,0,78,261
03/20/2022,CRQ,CA,AWP,WE,Towers with Radar,0,19,123,3,145,0,0,75,0,75,0,19,198,3,220,57,0,57,277
03/21/2022,CRQ,CA,AWP,WE,Towers with Radar,0,22,82,0,104,0,0,98,0,98,0,22,180,0,202,160,0,160,362
03/22/2022,CRQ,CA,AWP,WE,Towers with Radar,0,9,80,0,89,0,0,177,0,177,0,9,257,0,266,239,0,239,505
03/23/2022,CRQ,CA,AWP,WE,Towers with Radar,0,25,98,2,125,0,0,199,0,199,0,25,297,2,324,180,0,180,504
03/24/2022,CRQ,CA,AWP,WE,Towers with Radar,0,32,118,5,155,0,0,218,1,219,0,32,336,6,374,196,0,196,570
03/25/2022,CRQ,CA,AWP,WE,Towers with Radar,0,21,111,0,132,0,0,112,0,112,0,21,223,0,244,123,0,123,367
03/26/2022,CRQ,CA,AWP,WE,Towers with Radar,0,25,98,1,124,0,0,79,1,80,0,25,177,2,204,49,0,49,253
03/27/2022,CRQ,CA,AWP,WE,Towers with Radar,0,25,100,0,125,0,0,111,1,112,0,25,211,1,237,35,0,35,272
03/28/2022,CRQ,CA,AWP,WE,Towers with Radar,0,18,56,0,74,0,0,5,0,5,0,18,61,0,79,6,0,6,85
03/29/2022,CRQ,CA,AWP,WE,Towers with Radar,0,19,97,0,116,0,1,121,2,124,0,20,218,2,240,193,0,193,433
03/30/2022,CRQ,CA,AWP,WE,Towers with Radar,0,25,120,3,148,0,0,149,0,149,0,25,269,3,297,200,0,200,497
03/31/2022,CRQ,CA,AWP,WE,Towers with Radar,0,25,134,0,159,0,0,60,0,60,0,25,194,0,219,125,0,125,344
04/01/2022,CRQ,CA,AWP,WE,Towers with Radar,0,36,137,4,177,0,0,141,2,143,0,36,278,6,320,153,0,153,473
04/02/2022,CRQ,CA,AWP,WE,Towers with Radar,0,18,148,4,170,0,0,22,0,22,0,18,170,4,192,46,0,46,238
04/03/2022,CRQ,CA,AWP,WE,Towers with Radar,0,36,130,0,166,0,0,31,0,31,0,36,161,0,197,79,0,79,276
04/04/2022,CRQ,CA,AWP,WE,Towers with Radar,0,12,95,0,107,0,0,2,0,2,0,12,97,0,109,0,0,0,109
04/05/2022,CRQ,CA,AWP,WE,Towers with Radar,0,21,89,0,110,0,0,184,0,184,0,21,273,0,294,161,0,161,455
04/06/2022,CRQ,CA,AWP,WE,Towers with Radar,0,20,84,2,106,0,0,214,0,214,0,20,298,2,320,182,0,182,502
04/07/2022,CRQ,CA,AWP,WE,Towers with Radar,0,27,78,6,111,0,0,190,0,190,0,27,268,6,301,205,0,205,506
04/08/2022,CRQ,CA,AWP,WE,Towers with Radar,0,19,82,2,103,0,0,172,0,172,0,19,254,2,275,190,0,190,465
04/09/2022,CRQ,CA,AWP,WE,Towers with Radar,0,31,84,0,115,0,1,120,0,121,0,32,204,0,236,96,0,96,332
04/10/2022,CRQ,CA,AWP,WE,Towers with Radar,0,30,142,0,172,0,0,6,0,6,0,30,148,0,178,0,0,0,178
04/11/2022,CRQ,CA,AWP,WE,Towers with Radar,0,21,97,7,125,0,0,82,0,82,0,21,179,7,207,181,0,181,388
04/12/2022,CRQ,CA,AWP,WE,Towers with Radar,0,21,76,1,98,0,0,98,0,98,0,21,174,1,196,192,0,192,388
04/13/2022,CRQ,CA,AWP,WE,Towers with Radar,0,18,69,1,88,0,0,233,0,233,0,18,302,1,321,271,0,271,592
04/14/2022,CRQ,CA,AWP,WE,Towers with Radar,0,12,73,9,94,0,0,163,0,163,0,12,236,9,257,167,0,167,424
04/15/2022,CRQ,CA,AWP,WE,Towers with Radar,0,31,102,0,133,0,0,158,0,158,0,31,260,0,291,179,0,179,470
04/16/2022,CRQ,CA,AWP,WE,Towers with Radar,0,13,71,0,84,0,0,98,3,101,0,13,169,3,185,72,0,72,257
04/17/2022,CRQ,CA,AWP,WE,Towers with Radar,0,26,71,0,97,0,0,87,2,89,0,26,158,2,186,27,0,27,213
04/18/2022,CRQ,CA,AWP,WE,Towers with Radar,0,22,80,0,102,0,0,160,0,160,0,22,240,0,262,167,0,167,429
04/19/2022,CRQ,CA,AWP,WE,Towers with Radar,0,21,102,0,123,0,0,147,2,149,0,21,249,2,272,123,0,123,395
04/20/2022,CRQ,CA,AWP,WE,Towers with Radar,0,17,89,0,106,0,0,191,0,191,0,17,280,0,297,351,0,351,648
04/21/2022,CRQ,CA,AWP,WE,Towers with Radar,0,14,106,2,122,0,0,169,0,169,0,14,275,2,291,177,0,177,468
04/22/2022,CRQ,CA,AWP,WE,Towers with Radar,0,25,78,0,103,0,0,58,1,59,0,25,136,1,162,171,0,171,333
04/23/2022,CRQ,CA,AWP,WE,Towers with Radar,0,15,90,0,105,0,0,187,2,189,0,15,277,2,294,136,0,136,430
04/24/2022,CRQ,CA,AWP,WE,Towers with Radar,0,28,88,0,116,0,0,147,1,148,0,28,235,1,264,107,0,107,371
04/25/2022,CRQ,CA,AWP,WE,Towers with Radar,0,17,71,0,88,0,0,190,0,190,0,17,261,0,278,213,0,213,491
04/26/2022,CRQ,CA,AWP,WE,Towers with Radar,0,15,65,2,82,0,0,196,0,196,0,15,261,2,278,145,0,145,423
04/27/2022,CRQ,CA,AWP,WE,Towers with Radar,0,34,109,6,149,0,0,142,0,142,0,34,251,6,291,209,0,209,500
04/28/2022,CRQ,CA,AWP,WE,Towers with Radar,0,24,137,8,169,0,0,97,0,97,0,24,234,8,266,196,0,196,462
04/29/2022,CRQ,CA,AWP,WE,Towers with Radar,0,16,106,0,122,0,0,217,0,217,0,16,323,0,339,223,0,223,562
04/30/2022,CRQ,CA,AWP,WE,Towers with Radar,0,24,74,0,98,0,0,153,0,153,0,24,227,0,251,210,0,210,461
05/01/2022,CRQ,CA,AWP,WE,Towers with Radar,0,24,132,0,156,0,0,50,0,50,0,24,182,0,206,87,0,87,293
05/02/2022,CRQ,CA,AWP,WE,Towers with Radar,0,15,98,3,116,0,0,127,1,128,0,15,225,4,244,193,0,193,437
05/03/2022,CRQ,CA,AWP,WE,Towers with Radar,0,22,133,2,157,0,1,97,0,98,0,23,230,2,255,202,0,202,457
05/04/2022,CRQ,CA,AWP,WE,Towers with Radar,0,17,129,0,146,0,0,194,1,195,0,17,323,1,341,201,0,201,542
05/05/2022,CRQ,CA,AWP,WE,Towers with Radar,0,15,118,6,139,0,0,158,0,158,0,15,276,6,297,138,1,139,436
05/06/2022,CRQ,CA,AWP,WE,Towers with Radar,0,15,95,0,110,0,0,234,0,234,0,15,329,0,344,217,0,217,561
05/07/2022,CRQ,CA,AWP,WE,Towers with Radar,0,25,60,0,85,0,1,104,0,105,0,26,164,0,190,115,0,115,305
05/08/2022,CRQ,CA,AWP,WE,Towers with Radar,0,23,85,0,108,0,0,27,0,27,0,23,112,0,135,77,0,77,212
05/09/2022,CRQ,CA,AWP,WE,Towers with Radar,0,25,89,0,114,0,0,128,0,128,0,25,217,0,242,226,0,226,468
05/10/2022,CRQ,CA,AWP,WE,Towers with Radar,0,15,93,0,108,0,0,171,0,171,0,15,264,0,279,216,0,216,495
05/11/2022,CRQ,CA,AWP,WE,Towers with Radar,0,18,106,0,124,0,0,153,0,153,0,18,259,0,277,151,0,151,428
05/12/2022,CRQ,CA,AWP,WE,Towers with Radar,0,21,120,1,142,0,0,196,0,196,0,21,316,1,338,258,0,258,596
05/13/2022,CRQ,CA,AWP,WE,Towers with Radar,0,14,89,0,103,0,0,208,0,208,0,14,297,0,311,160,0,160,471
05/14/2022,CRQ,CA,AWP,WE,Towers with Radar,0,17,77,0,94,0,0,233,0,233,0,17,310,0,327,181,0,181,508
05/15/2022,CRQ,CA,AWP,WE,Towers with Radar,0,26,104,0,130,0,0,137,0,137,0,26,241,0,267,98,0,98,365
05/16/2022,CRQ,CA,AWP,WE,Towers with Radar,0,12,118,0,130,0,0,104,0,104,0,12,222,0,234,151,0,151,385
05/17/2022,CRQ,CA,AWP,WE,Towers with Radar,0,12,122,7,141,0,0,107,1,108,0,12,229,8,249,172,0,172,421
05/18/2022,CRQ,CA,AWP,WE,Towers with Radar,0,20,115,5,140,0,1,140,0,141,0,21,255,5,281,126,0,126,407
05/19/2022,CRQ,CA,AWP,WE,Towers with Radar,0,13,133,0,146,0,0,84,0,84,0,13,217,0,230,81,0,81,311
05/20/2022,CRQ,CA,AWP,WE,Towers with Radar,0,17,129,0,146,0,0,34,0,34,0,17,163,0,180,79,0,79,259
05/21/2022,CRQ,CA,AWP,WE,Towers with Radar,0,25,121,0,146,0,0,53,0,53,0,25,174,0,199,193,0,193,392
05/22/2022,CRQ,CA,AWP,WE,Towers with Radar,0,21,134,0,155,0,0,35,0,35,0,21,169,0,190,58,0,58,248
05/23/2022,CRQ,CA,AWP,WE,Towers with Radar,0,16,115,2,133,0,0,31,0,31,0,16,146,2,164,55,0,55,219
05/24/2022,CRQ,CA,AWP,WE,Towers with Radar,0,14,116,0,130,0,0,84,0,84,0,14,200,0,214,59,0,59,273
05/25/2022,CRQ,CA,AWP,WE,Towers with Radar,0,16,149,0,165,0,0,60,0,60,0,16,209,0,225,113,0,113,338
05/26/2022,CRQ,CA,AWP,WE,Towers with Radar,0,14,146,4,164,0,0,82,0,82,0,14,228,4,246,135,2,137,383
05/27/2022,CRQ,CA,AWP,WE,Towers with Radar,0,23,153,2,178,0,0,158,0,158,0,23,311,2,336,215,2,217,553
05/28/2022,CRQ,CA,AWP,WE,Towers with Radar,1,26,98,0,125,0,0,41,0,41,1,26,139,0,166,116,0,116,282
05/29/2022,CRQ,CA,AWP,WE,Towers with Radar,0,19,77,0,96,0,0,62,0,62,0,19,139,0,158,102,0,102,260
05/30/2022,CRQ,CA,AWP,WE,Towers with Radar,0,22,88,0,110,0,0,156,1,157,0,22,244,1,267,209,0,209,476
05/31/2022,CRQ,CA,AWP,WE,Towers with Radar,0,10,84,0,94,0,0,179,0,179,0,10,263,0,273,190,0,190,463
06/01/2022,CRQ,CA,AWP,WE,Towers with Radar,0,16,93,0,109,0,0,171,0,171,0,16,264,0,280,154,0,154,434
06/02/2022,CRQ,CA,AWP,WE,Towers with Radar,0,28,111,0,139,0,0,92,0,92,0,28,203,0,231,45,0,45,276
06/03/2022,CRQ,CA,AWP,WE,Towers with Radar,0,20,82,0,102,0,0,140,0,140,0,20,222,0,242,170,0,170,412
06/04/2022,CRQ,CA,AWP,WE,Towers with Radar,0,23,101,0,124,0,0,43,0,43,0,23,144,0,167,45,0,45,212
06/05/2022,CRQ,CA,AWP,WE,Towers with Radar,0,22,90,0,112,0,0,105,0,105,0,22,195,0,217,120,0,120,337
06/06/2022,CRQ,CA,AWP,WE,Towers with Radar,0,16,105,0,121,0,0,85,0,85,0,16,190,0,206,55,0,55,261
06/07/2022,CRQ,CA,AWP,WE,Towers with Radar,0,17,117,7,141,0,0,64,0,64,0,17,181,7,205,24,0,24,229
06/08/2022,CRQ,CA,AWP,WE,Towers with Radar,0,15,146,4,165,0,0,93,0,93,0,15,239,4,258,25,0,25,283
06/09/2022,CRQ,CA,AWP,WE,Towers with Radar,0,26,135,0,161,0,0,89,0,89,0,26,224,0,250,8,0,8,258
06/10/2022,CRQ,CA,AWP,WE,Towers with Radar,0,19,111,2,132,0,0,120,0,120,0,19,231,2,252,85,0,85,337
06/11/2022,CRQ,CA,AWP,WE,Towers with Radar,0,13,76,1,90,0,0,136,1,137,0,13,212,2,227,134,0,134,361
06/12/2022,CRQ,CA,AWP,WE,Towers with Radar,0,24,123,0,147,0,0,141,0,141,0,24,264,0,288,98,0,98,386
06/13/2022,CRQ,CA,AWP,WE,Towers with Radar,0,18,125,0,143,0,0,51,0,51,0,18,176,0,194,10,0,10,204
06/14/2022,CRQ,CA,AWP,WE,Towers with Radar,0,10,83,2,95,0,0,154,0,154,0,10,237,2,249,234,0,234,483
06/15/2022,CRQ,CA,AWP,WE,Towers with Radar,0,17,125,0,142,0,0,159,0,159,0,17,284,0,301,139,0,139,440
06/16/2022,CRQ,CA,AWP,WE,Towers with Radar,0,22,127,0,149,0,0,105,0,105,0,22,232,0,254,121,0,121,375
06/17/2022,CRQ,CA,AWP,WE,Towers with Radar,0,20,90,0,110,0,0,106,0,106,0,20,196,0,216,145,0,145,361
06/18/2022,CRQ,CA,AWP,WE,Towers with Radar,0,10,77,0,87,0,0,160,0,160,0,10,237,0,247,120,0,120,367
06/19/2022,CRQ,CA,AWP,WE,Towers with Radar,0,24,87,0,111,0,0,178,0,178,0,24,265,0,289,84,0,84,373
06/20/2022,CRQ,CA,AWP,WE,Towers with Radar,0,16,105,2,123,0,0,191,0,191,0,16,296,2,314,258,0,258,572
06/21/2022,CRQ,CA,AWP,WE,Towers with Radar,0,13,74,2,89,0,0,161,0,161,0,13,235,2,250,211,0,211,461
06/22/2022,CRQ,CA,AWP,WE,Towers with Radar,0,14,84,0,98,0,1,148,0,149,0,15,232,0,247,243,0,243,490
06/23/2022,CRQ,CA,AWP,WE,Towers with Radar,0,19,89,0,108,0,0,194,1,195,0,19,283,1,303,235,0,235,538
06/24/2022,CRQ,CA,AWP,WE,Towers with Radar,0,28,88,2,118,0,0,216,0,216,0,28,304,2,334,261,0,261,595
06/25/2022,CRQ,CA,AWP,WE,Towers with Radar,0,22,65,0,87,0,0,156,3,159,0,22,221,3,246,133,0,133,379
06/26/2022,CRQ,CA,AWP,WE,Towers with Radar,0,27,91,0,118,0,0,181,1,182,0,27,272,1,300,98,2,100,400
06/27/2022,CRQ,CA,AWP,WE,Towers with Radar,0,27,84,0,111,0,0,161,0,161,0,27,245,0,272,211,0,211,483
06/28/2022,CRQ,CA,AWP,WE,Towers with Radar,0,25,90,2,117,0,0,242,2,244,0,25,332,4,361,257,0,257,618
06/29/2022,CRQ,CA,AWP,WE,Towers with Radar,0,35,91,0,126,0,0,178,0,178,0,35,269,0,304,254,0,254,558
06/30/2022,CRQ,CA,AWP,WE,Towers with Radar,0,23,108,0,131,0,1,179,1,181,0,24,287,1,312,214,0,214,526
07/01/2022,CRQ,CA,AWP,WE,Towers with Radar,0,26,104,0,130,0,0,147,0,147,0,26,251,0,277,139,0,139,416
07/02/2022,CRQ,CA,AWP,WE,Towers with Radar,0,15,94,0,109,0,2,155,0,157,0,17,249,0,266,97,0,97,363
07/03/2022,CRQ,CA,AWP,WE,Towers with Radar,0,18,80,0,98,0,0,162,0,162,0,18,242,0,260,173,0,173,433
07/04/2022,CRQ,CA,AWP,WE,Towers with Radar,0,12,50,0,62,0,0,87,0,87,0,12,137,0,149,142,0,142,291
07/05/2022,CRQ,CA,AWP,WE,Towers with Radar,0,16,107,0,123,0,0,131,0,131,0,16,238,0,254,192,0,192,446
07/06/2022,CRQ,CA,AWP,WE,Towers with Radar,0,21,112,2,135,0,0,115,0,115,0,21,227,2,250,93,0,93,343
07/07/2022,CRQ,CA,AWP,WE,Towers with Radar,0,30,135,4,169,0,0,98,1,99,0,30,233,5,268,80,0,80,348
07/08/2022,CRQ,CA,AWP,WE,Towers with Radar,0,18,83,2,103,0,0,192,0,192,0,18,275,2,295,172,0,172,467
07/09/2022,CRQ,CA,AWP,WE,Towers with Radar,0,12,73,0,85,0,0,203,0,203,0,12,276,0,288,142,0,142,430
07/10/2022,CRQ,CA,AWP,WE,Towers with Radar,0,34,84,0,118,0,0,125,0,125,0,34,209,0,243,80,0,80,323
07/11/2022,CRQ,CA,AWP,WE,Towers with Radar,0,16,91,2,109,0,0,67,0,67,0,16,158,2,176,41,0,41,217
07/12/2022,CRQ,CA,AWP,WE,Towers with Radar,0,18,107,4,129,0,0,143,0,143,0,18,250,4,272,85,0,85,357
07/13/2022,CRQ,CA,AWP,WE,Towers with Radar,0,20,98,0,118,0,2,161,0,163,0,22,259,0,281,181,0,181,462
07/14/2022,CRQ,CA,AWP,WE,Towers with Radar,0,29,107,0,136,0,1,118,1,120,0,30,225,1,256,117,0,117,373
07/15/2022,CRQ,CA,AWP,WE,Towers with Radar,0,15,87,4,106,0,0,137,0,137,0,15,224,4,243,99,0,99,342
07/16/2022,CRQ,CA,AWP,WE,Towers with Radar,0,25,104,2,131,0,0,44,2,46,0,25,148,4,177,23,0,23,200
07/17/2022,CRQ,CA,AWP,WE,Towers with Radar,0,21,116,0,137,0,0,19,0,19,0,21,135,0,156,0,0,0,156
07/18/2022,CRQ,CA,AWP,WE,Towers with Radar,0,23,92,1,116,0,0,195,0,195,0,23,287,1,311,273,0,273,584
07/19/2022,CRQ,CA,AWP,WE,Towers with Radar,0,21,73,0,94,0,0,187,0,187,0,21,260,0,281,226,0,226,507
07/20/2022,CRQ,CA,AWP,WE,Towers with Radar,0,21,81,2,104,0,0,171,0,171,0,21,252,2,275,313,0,313,588
07/21/2022,CRQ,CA,AWP,WE,Towers with Radar,0,31,100,0,131,0,0,179,0,179,0,31,279,0,310,209,0,209,519
07/22/2022,CRQ,CA,AWP,WE,Towers with Radar,0,19,121,0,140,0,0,200,0,200,0,19,321,0,340,178,0,178,518
07/23/2022,CRQ,CA,AWP,WE,Towers with Radar,0,19,95,0,114,0,0,107,0,107,0,19,202,0,221,129,0,129,350
07/24/2022,CRQ,CA,AWP,WE,Towers with Radar,0,29,99,2,130,0,0,108,0,108,0,29,207,2,238,77,0,77,315
07/25/2022,CRQ,CA,AWP,WE,Towers with Radar,0,14,85,0,99,0,0,116,0,116,0,14,201,0,215,94,0,94,309
07/26/2022,CRQ,CA,AWP,WE,Towers with Radar,0,12,90,2,104,0,0,161,0,161,0,12,251,2,265,176,0,176,441
07/27/2022,CRQ,CA,AWP,WE,Towers with Radar,0,23,100,1,124,0,0,171,0,171,0,23,271,1,295,192,0,192,487
07/28/2022,CRQ,CA,AWP,WE,Towers with Radar,0,29,129,1,159,0,0,139,0,139,0,29,268,1,298,176,0,176,474
07/29/2022,CRQ,CA,AWP,WE,Towers with Radar,0,33,102,2,137,0,1,154,0,155,0,34,256,2,292,126,0,126,418
07/30/2022,CRQ,CA,AWP,WE,Towers with Radar,0,15,90,0,105,0,0,159,0,159,0,15,249,0,264,147,0,147,411
07/31/2022,CRQ,CA,AWP,WE,Towers with Radar,0,17,83,0,100,0,0,146,0,146,0,17,229,0,246,80,0,80,326
08/01/2022,CRQ,CA,AWP,WE,Towers with Radar,0,25,98,0,123,0,0,153,0,153,0,25,251,0,276,181,0,181,457
08/02/2022,CRQ,CA,AWP,WE,Towers with Radar,0,21,85,3,109,0,0,164,0,164,0,21,249,3,273,172,0,172,445
08/03/2022,CRQ,CA,AWP,WE,Towers with Radar,0,21,95,1,117,0,0,136,1,137,0,21,231,2,254,133,0,133,387
08/04/2022,CRQ,CA,AWP,WE,Towers with Radar,0,20,88,1,109,0,0,136,0,136,0,20,224,1,245,69,0,69,314
08/05/2022,CRQ,CA,AWP,WE,Towers with Radar,0,28,84,2,114,0,0,177,0,177,0,28,261,2,291,195,0,195,486
08/06/2022,CRQ,CA,AWP,WE,Towers with Radar,0,28,61,0,89,0,0,161,0,161,0,28,222,0,250,60,0,60,310
08/07/2022,CRQ,CA,AWP,WE,Towers with Radar,0,32,106,0,138,0,1,155,0,156,0,33,261,0,294,93,0,93,387
08/08/2022,CRQ,CA,AWP,WE,Towers with Radar,0,37,64,1,102,0,0,136,0,136,0,37,200,1,238,200,0,200,438
08/09/2022,CRQ,CA,AWP,WE,Towers with Radar,0,32,67,0,99,0,0,177,0,177,0,32,244,0,276,177,0,177,453
08/10/2022,CRQ,CA,AWP,WE,Towers with Radar,0,20,96,3,119,0,0,211,0,211,0,20,307,3,330,265,0,265,595
08/11/2022,CRQ,CA,AWP,WE,Towers with Radar,0,19,97,0,116,0,0,176,0,176,0,19,273,0,292,247,0,247,539
08/12/2022,CRQ,CA,AWP,WE,Towers with Radar,0,30,112,0,142,0,0,209,0,209,0,30,321,0,351,202,0,202,553
08/13/2022,CRQ,CA,AWP,WE,Towers with Radar,0,25,68,0,93,0,0,184,0,184,0,25,252,0,277,91,0,91,368
08/14/2022,CRQ,CA,AWP,WE,Towers with Radar,0,27,90,0,117,0,0,152,0,152,0,27,242,0,269,124,0,124,393
08/15/2022,CRQ,CA,AWP,WE,Towers with Radar,0,21,85,2,108,0,0,124,0,124,0,21,209,2,232,63,0,63,295
08/16/2022,CRQ,CA,AWP,WE,Towers with Radar,0,14,106,0,120,0,0,146,0,146,0,14,252,0,266,159,0,159,425
08/17/2022,CRQ,CA,AWP,WE,Towers with Radar,0,21,86,0,107,0,0,149,0,149,0,21,235,0,256,154,0,154,410
08/18/2022,CRQ,CA,AWP,WE,Towers with Radar,0,25,91,0,116,0,1,148,0,149,0,26,239,0,265,156,0,156,421
08/19/2022,CRQ,CA,AWP,WE,Towers with Radar,0,30,92,0,122,0,1,173,0,174,0,31,265,0,296,149,0,149,445
08/20/2022,CRQ,CA,AWP,WE,Towers with Radar,0,16,100,1,117,0,0,179,0,179,0,16,279,1,296,81,0,81,377
08/21/2022,CRQ,CA,AWP,WE,Towers with Radar,0,39,111,0,150,0,0,54,0,54,0,39,165,0,204,66,0,66,270
08/22/2022,CRQ,CA,AWP,WE,Towers with Radar,0,19,121,0,140,0,0,72,0,72,0,19,193,0,212,60,0,60,272
08/23/2022,CRQ,CA,AWP,WE,Towers with Radar,0,6,85,0,91,0,0,145,0,145,0,6,230,0,236,183,0,183,419
08/24/2022,CRQ,CA,AWP,WE,Towers with Radar,0,14,61,0,75,0,0,139,0,139,0,14,200,0,214,208,0,208,422
08/25/2022,CRQ,CA,AWP,WE,Towers with Radar,0,29,98,0,127,0,0,188,0,188,0,29,286,0,315,164,0,164,479
08/26/2022,CRQ,CA,AWP,WE,Towers with Radar,0,21,118,4,143,0,0,160,0,160,0,21,278,4,303,111,0,111,414
08/27/2022,CRQ,CA,AWP,WE,Towers with Radar,0,17,70,0,87,0,0,151,0,151,0,17,221,0,238,85,0,85,323
08/28/2022,CRQ,CA,AWP,WE,Towers with Radar,0,35,104,2,141,0,0,156,1,157,0,35,260,3,298,88,0,88,386
08/29/2022,CRQ,CA,AWP,WE,Towers with Radar,0,22,77,2,101,0,0,147,0,147,0,22,224,2,248,150,0,150,398
08/30/2022,CRQ,CA,AWP,WE,Towers with Radar,0,9,49,0,58,0,0,146,0,146,0,9,195,0,204,221,0,221,425
08/31/2022,CRQ,CA,AWP,WE,Towers with Radar,0,26,110,0,136,0,0,197,0,197,0,26,307,0,333,300,0,300,633
09/01/2022,CRQ,CA,AWP,WE,Towers with Radar,0,31,98,0,129,0,0,207,0,207,0,31,305,0,336,168,0,168,504
09/02/2022,CRQ,CA,AWP,WE,Towers with Radar,0,32,137,0,169,0,0,198,0,198,0,32,335,0,367,144,0,144,511
09/03/2022,CRQ,CA,AWP,WE,Towers with Radar,0,19,66,0,85,0,0,155,0,155,0,19,221,0,240,157,0,157,397
09/04/2022,CRQ,CA,AWP,WE,Towers with Radar,0,26,58,0,84,0,0,113,0,113,0,26,171,0,197,87,0,87,284
09/05/2022,CRQ,CA,AWP,WE,Towers with Radar,0,27,91,0,118,0,0,199,0,199,0,27,290,0,317,159,0,159,476
09/06/2022,CRQ,CA,AWP,WE,Towers with Radar,0,32,73,5,110,0,0,155,1,156,0,32,228,6,266,241,0,241,507
09/07/2022,CRQ,CA,AWP,WE,Towers with Radar,0,13,87,0,100,0,0,225,0,225,0,13,312,0,325,263,0,263,588
09/08/2022,CRQ,CA,AWP,WE,Towers with Radar,0,31,95,0,126,0,0,132,0,132,0,31,227,0,258,163,0,163,421
09/09/2022,CRQ,CA,AWP,WE,Towers with Radar,0,28,45,0,73,0,0,9,0,9,0,28,54,0,82,28,0,28,110
09/10/2022,CRQ,CA,AWP,WE,Towers with Radar,0,21,89,1,111,0,0,43,0,43,0,21,132,1,154,24,0,24,178
09/11/2022,CRQ,CA,AWP,WE,Towers with Radar,0,24,101,0,125,0,0,144,0,144,0,24,245,0,269,94,0,94,363
09/12/2022,CRQ,CA,AWP,WE,Towers with Radar,0,16,113,2,131,0,0,167,0,167,0,16,280,2,298,153,0,153,451
09/13/2022,CRQ,CA,AWP,WE,Towers with Radar,0,16,146,0,162,0,0,239,0,239,0,16,385,0,401,185,0,185,586
09/14/2022,CRQ,CA,AWP,WE,Towers with Radar,0,17,137,2,156,0,0,131,0,131,0,17,268,2,287,166,0,166,453
09/15/2022,CRQ,CA,AWP,WE,Towers with Radar,0,36,95,0,131,0,0,212,0,212,0,36,307,0,343,210,0,210,553
09/16/2022,CRQ,CA,AWP,WE,Towers with Radar,0,21,111,0,132,0,0,173,0,173,0,21,284,0,305,175,0,175,480
09/17/2022,CRQ,CA,AWP,WE,Towers with Radar,0,36,119,0,155,0,0,139,0,139,0,36,258,0,294,138,0,138,432
09/18/2022,CRQ,CA,AWP,WE,Towers with Radar,0,34,81,0,115,0,3,113,0,116,0,37,194,0,231,54,0,54,285
09/19/2022,CRQ,CA,AWP,WE,Towers with Radar,0,29,78,0,107,0,0,212,0,212,0,29,290,0,319,278,0,278,597
09/20/2022,CRQ,CA,AWP,WE,Towers with Radar,0,21,102,0,123,0,0,192,0,192,0,21,294,0,315,208,0,208,523
09/21/2022,CRQ,CA,AWP,WE,Towers with Radar,0,19,92,0,111,0,0,212,0,212,0,19,304,0,323,221,0,221,544
09/22/2022,CRQ,CA,AWP,WE,Towers with Radar,0,37,103,0,140,0,0,178,0,178,0,37,281,0,318,222,2,224,542
09/23/2022,CRQ,CA,AWP,WE,Towers with Radar,0,17,88,0,105,0,0,195,0,195,0,17,283,0,300,282,0,282,582
09/24/2022,CRQ,CA,AWP,WE,Towers with Radar,0,27,65,0,92,0,0,206,0,206,0,27,271,0,298,231,0,231,529
09/25/2022,CRQ,CA,AWP,WE,Towers with Radar,0,29,74,0,103,0,1,144,0,145,0,30,218,0,248,110,0,110,358
09/26/2022,CRQ,CA,AWP,WE,Towers with Radar,0,27,65,0,92,0,0,159,0,159,0,27,224,0,251,206,0,206,457
09/27/2022,CRQ,CA,AWP,WE,Towers with Radar,0,26,113,1,140,0,0,182,1,183,0,26,295,2,323,147,0,147,470
09/28/2022,CRQ,CA,AWP,WE,Towers with Radar,0,26,77,0,103,0,0,146,0,146,0,26,223,0,249,172,0,172,421
09/29/2022,CRQ,CA,AWP,WE,Towers with Radar,0,13,109,0,122,0,0,49,0,49,0,13,158,0,171,80,0,80,251
09/30/2022,CRQ,CA,AWP,WE,Towers with Radar,0,26,116,0,142,0,0,101,0,101,0,26,217,0,243,86,0,86,329
10/01/2022,CRQ,CA,AWP,WE,Towers with Radar,0,26,92,0,118,0,0,86,0,86,0,26,178,0,204,131,0,131,335
10/02/2022,CRQ,CA,AWP,WE,Towers with Radar,0,16,112,0,128,0,0,105,0,105,0,16,217,0,233,122,0,122,355
10/03/2022,CRQ,CA,AWP,WE,Towers with Radar,0,21,105,2,128,0,0,116,0,116,0,21,221,2,244,88,0,88,332
10/04/2022,CRQ,CA,AWP,WE,Towers with Radar,0,16,106,0,122,0,0,141,0,141,0,16,247,0,263,161,0,161,424
10/05/2022,CRQ,CA,AWP,WE,Towers with Radar,0,23,127,1,151,0,0,41,1,42,0,23,168,2,193,16,0,16,209
10/06/2022,CRQ,CA,AWP,WE,Towers with Radar,0,15,146,1,162,0,0,9,0,9,0,15,155,1,171,0,0,0,171
10/07/2022,CRQ,CA,AWP,WE,Towers with Radar,0,27,96,0,123,0,0,148,0,148,0,27,244,0,271,117,0,117,388
10/08/2022,CRQ,CA,AWP,WE,Towers with Radar,0,30,69,0,99,0,0,125,0,125,0,30,194,0,224,60,0,60,284
10/09/2022,CRQ,CA,AWP,WE,Towers with Radar,0,39,84,0,123,0,0,59,0,59,0,39,143,0,182,36,0,36,218
10/10/2022,CRQ,CA,AWP,WE,Towers with Radar,0,24,122,0,146,0,0,95,0,95,0,24,217,0,241,187,0,187,428
10/11/2022,CRQ,CA,AWP,WE,Towers with Radar,0,20,102,0,122,0,0,81,0,81,0,20,183,0,203,127,0,127,330
10/12/2022,CRQ,CA,AWP,WE,Towers with Radar,0,15,117,0,132,0,0,51,0,51,0,15,168,0,183,172,0,172,355
10/13/2022,CRQ,CA,AWP,WE,Towers with Radar,0,21,176,2,199,0,0,28,0,28,0,21,204,2,227,81,0,81,308
10/14/2022,CRQ,CA,AWP,WE,Towers with Radar,0,25,170,0,195,0,0,31,0,31,0,25,201,0,226,71,0,71,297
10/15/2022,CRQ,CA,AWP,WE,Towers with Radar,0,24,65,0,89,0,0,26,0,26,0,24,91,0,115,140,0,140,255
10/16/2022,CRQ,CA,AWP,WE,Towers with Radar,0,21,112,2,135,0,0,72,0,72,0,21,184,2,207,202,0,202,409
10/17/2022,CRQ,CA,AWP,WE,Towers with Radar,0,25,75,3,103,0,0,169,0,169,0,25,244,3,272,181,0,181,453
10/18/2022,CRQ,CA,AWP,WE,Towers with Radar,0,13,73,0,86,0,0,246,0,246,0,13,319,0,332,328,0,328,660
10/19/2022,CRQ,CA,AWP,WE,Towers with Radar,0,24,71,0,95,0,0,150,0,150,0,24,221,0,245,191,0,191,436
10/20/2022,CRQ,CA,AWP,WE,Towers with Radar,0,26,93,0,119,0,0,234,0,234,0,26,327,0,353,203,0,203,556
10/21/2022,CRQ,CA,AWP,WE,Towers with Radar,0,25,111,0,136,0,0,110,0,110,0,25,221,0,246,63,0,63,309
10/22/2022,CRQ,CA,AWP,WE,Towers with Radar,0,27,101,0,128,0,0,42,0,42,0,27,143,0,170,118,0,118,288
10/23/2022,CRQ,CA,AWP,WE,Towers with Radar,0,27,116,0,143,0,2,160,0,162,0,29,276,0,305,167,0,167,472
10/24/2022,CRQ,CA,AWP,WE,Towers with Radar,0,20,78,0,98,0,0,178,0,178,0,20,256,0,276,249,0,249,525
10/25/2022,CRQ,CA,AWP,WE,Towers with Radar,0,18,75,0,93,0,0,262,0,262,0,18,337,0,355,295,0,295,650
10/26/2022,CRQ,CA,AWP,WE,Towers with Radar,0,19,82,1,102,0,0,163,0,163,0,19,245,1,265,246,0,246,511
10/27/2022,CRQ,CA,AWP,WE,Towers with Radar,0,11,120,4,135,0,0,197,0,197,0,11,317,4,332,135,0,135,467
10/28/2022,CRQ,CA,AWP,WE,Towers with Radar,0,21,92,0,113,0,0,152,0,152,0,21,244,0,265,236,0,236,501
10/29/2022,CRQ,CA,AWP,WE,Towers with Radar,0,13,94,0,107,0,0,180,0,180,0,13,274,0,287,188,0,188,475
10/30/2022,CRQ,CA,AWP,WE,Towers with Radar,0,24,87,0,111,0,0,188,0,188,0,24,275,0,299,139,0,139,438
10/31/2022,CRQ,CA,AWP,WE,Towers with Radar,0,21,63,0,84,0,0,146,0,146,0,21,209,0,230,170,0,170,400
11/01/2022,CRQ,CA,AWP,WE,Towers with Radar,0,27,87,0,114,0,0,109,0,109,0,27,196,0,223,271,0,271,494
11/02/2022,CRQ,CA,AWP,WE,Towers with Radar,0,13,94,4,111,0,1,79,0,80,0,14,173,4,191,206,0,206,397
11/03/2022,CRQ,CA,AWP,WE,Towers with Radar,0,25,51,0,76,0,0,52,0,52,0,25,103,0,128,146,0,146,274
11/04/2022,CRQ,CA,AWP,WE,Towers with Radar,0,22,59,0,81,0,0,94,0,94,0,22,153,0,175,132,0,132,307
11/05/2022,CRQ,CA,AWP,WE,Towers with Radar,0,19,64,0,83,0,0,198,0,198,0,19,262,0,281,204,0,204,485
11/06/2022,CRQ,CA,AWP,WE,Towers with Radar,0,24,77,0,101,0,0,187,0,187,0,24,264,0,288,131,0,131,419
11/07/2022,CRQ,CA,AWP,WE,Towers with Radar,0,11,103,0,114,0,0,25,0,25,0,11,128,0,139,84,0,84,223
11/08/2022,CRQ,CA,AWP,WE,Towers with Radar,0,10,33,0,43,0,0,5,0,5,0,10,38,0,48,6,0,6,54
11/09/2022,CRQ,CA,AWP,WE,Towers with Radar,0,16,90,0,106,0,0,146,0,146,0,16,236,0,252,267,0,267,519
11/10/2022,CRQ,CA,AWP,WE,Towers with Radar,0,20,124,0,144,0,0,234,0,234,0,20,358,0,378,295,2,297,675
11/11/2022,CRQ,CA,AWP,WE,Towers with Radar,0,20,98,0,118,0,0,229,0,229,0,20,327,0,347,277,2,279,626
11/12/2022,CRQ,CA,AWP,WE,Towers with Radar,0,16,75,0,91,0,0,175,0,175,0,16,250,0,266,186,0,186,452
11/13/2022,CRQ,CA,AWP,WE,Towers with Radar,0,21,95,0,116,0,0,122,0,122,0,21,217,0,238,252,0,252,490
11/14/2022,CRQ,CA,AWP,WE,Towers with Radar,0,21,79,2,102,0,0,177,1,178,0,21,256,3,280,162,0,162,442
11/15/2022,CRQ,CA,AWP,WE,Towers with Radar,0,19,70,1,90,0,0,153,0,153,0,19,223,1,243,202,0,202,445
11/16/2022,CRQ,CA,AWP,WE,Towers with Radar,0,15,69,0,84,0,0,120,0,120,0,15,189,0,204,278,0,278,482
11/17/2022,CRQ,CA,AWP,WE,Towers with Radar,0,19,103,3,125,0,0,233,0,233,0,19,336,3,358,330,0,330,688
11/18/2022,CRQ,CA,AWP,WE,Towers with Radar,0,27,108,0,135,0,0,183,0,183,0,27,291,0,318,229,0,229,547
11/19/2022,CRQ,CA,AWP,WE,Towers with Radar,0,13,61,0,74,0,0,131,0,131,0,13,192,0,205,150,0,150,355
11/20/2022,CRQ,CA,AWP,WE,Towers with Radar,0,16,79,0,95,0,0,152,0,152,0,16,231,0,247,140,0,140,387
11/21/2022,CRQ,CA,AWP,WE,Towers with Radar,0,16,64,0,80,0,0,189,0,189,0,16,253,0,269,246,0,246,515
11/22/2022,CRQ,CA,AWP,WE,Towers with Radar,0,13,68,0,81,0,0,170,0,170,0,13,238,0,251,208,0,208,459
11/23/2022,CRQ,CA,AWP,WE,Towers with Radar,0,25,83,0,108,0,0,181,0,181,0,25,264,0,289,212,0,212,501
11/24/2022,CRQ,CA,AWP,WE,Towers with Radar,0,10,32,0,42,0,1,32,0,33,0,11,64,0,75,100,0,100,175
11/25/2022,CRQ,CA,AWP,WE,Towers with Radar,0,19,65,1,85,0,0,136,0,136,0,19,201,1,221,204,0,204,425
11/26/2022,CRQ,CA,AWP,WE,Towers with Radar,0,14,98,0,112,0,0,141,0,141,0,14,239,0,253,103,0,103,356
11/27/2022,CRQ,CA,AWP,WE,Towers with Radar,0,19,89,1,109,0,0,0,0,0,0,19,89,1,109,0,0,0,109
11/28/2022,CRQ,CA,AWP,WE,Towers with Radar,0,18,108,4,130,0,0,1,0,1,0,18,109,4,131,0,0,0,131
11/29/2022,CRQ,CA,AWP,WE,Towers with Radar,0,16,93,1,110,0,1,123,1,125,0,17,216,2,235,193,0,193,428
11/30/2022,CRQ,CA,AWP,WE,Towers with Radar,0,21,130,1,152,0,0,5,0,5,0,21,135,1,157,10,0,10,167
12/01/2022,CRQ,CA,AWP,WE,Towers with Radar,0,23,101,1,125,0,0,123,0,123,0,23,224,1,248,194,1,195,443
12/02/2022,CRQ,CA,AWP,WE,Towers with Radar,0,30,84,4,118,0,0,118,0,118,0,30,202,4,236,178,0,178,414
12/03/2022,CRQ,CA,AWP,WE,Towers with Radar,0,22,77,0,99,0,0,178,0,178,0,22,255,0,277,116,0,116,393
12/04/2022,CRQ,CA,AWP,WE,Towers with Radar,0,34,91,0,125,0,0,81,0,81,0,34,172,0,206,148,0,148,354
12/05/2022,CRQ,CA,AWP,WE,Towers with Radar,0,25,90,0,115,0,0,103,0,103,0,25,193,0,218,163,0,163,381
12/06/2022,CRQ,CA,AWP,WE,Towers with Radar,0,8,103,1,112,0,0,89,2,91,0,8,192,3,203,153,0,153,356
12/07/2022,CRQ,CA,AWP,WE,Towers with Radar,0,15,92,0,107,0,0,144,0,144,0,15,236,0,251,290,0,290,541
12/08/2022,CRQ,CA,AWP,WE,Towers with Radar,0,24,84,0,108,0,0,158,0,158,0,24,242,0,266,291,0,291,557
12/09/2022,CRQ,CA,AWP,WE,Towers with Radar,0,23,78,0,101,0,0,201,0,201,0,23,279,0,302,246,0,246,548
12/10/2022,CRQ,CA,AWP,WE,Towers with Radar,0,26,57,1,84,0,0,170,0,170,0,26,227,1,254,236,0,236,490
12/11/2022,CRQ,CA,AWP,WE,Towers with Radar,0,12,55,0,67,0,0,0,0,0,0,12,55,0,67,0,0,0,67
12/12/2022,CRQ,CA,AWP,WE,Towers with Radar,0,18,51,0,69,0,0,30,0,30,0,18,81,0,99,167,0,167,266
12/13/2022,CRQ,CA,AWP,WE,Towers with Radar,0,13,117,3,133,0,0,158,0,158,0,13,275,3,291,257,0,257,548
12/14/2022,CRQ,CA,AWP,WE,Towers with Radar,0,16,74,0,90,0,0,168,0,168,0,16,242,0,258,236,0,236,494
12/15/2022,CRQ,CA,AWP,WE,Towers with Radar,0,27,73,0,100,0,0,1,0,1,0,27,74,0,101,0,0,0,101
12/16/2022,CRQ,CA,AWP,WE,Towers with Radar,0,17,107,2,126,0,0,191,0,191,0,17,298,2,317,132,0,132,449
12/17/2022,CRQ,CA,AWP,WE,Towers with Radar,0,18,87,0,105,0,0,155,0,155,0,18,242,0,260,192,0,192,452
12/18/2022,CRQ,CA,AWP,WE,Towers with Radar,0,21,94,0,115,0,0,139,0,139,0,21,233,0,254,202,0,202,456
12/19/2022,CRQ,CA,AWP,WE,Towers with Radar,0,26,47,2,75,0,0,137,0,137,0,26,184,2,212,203,0,203,415
12/20/2022,CRQ,CA,AWP,WE,Towers with Radar,0,17,62,2,81,0,0,171,5,176,0,17,233,7,257,176,0,176,433
12/21/2022,CRQ,CA,AWP,WE,Towers with Radar,0,14,98,0,112,0,0,175,0,175,0,14,273,0,287,230,0,230,517
12/22/2022,CRQ,CA,AWP,WE,Towers with Radar,0,25,73,0,98,0,0,175,0,175,0,25,248,0,273,170,0,170,443
12/23/2022,CRQ,CA,AWP,WE,Towers with Radar,0,23,89,0,112,0,0,105,0,105,0,23,194,0,217,82,0,82,299
12/24/2022,CRQ,CA,AWP,WE,Towers with Radar,0,16,32,0,48,0,0,82,0,82,0,16,114,0,130,106,0,106,236
12/25/2022,CRQ,CA,AWP,WE,Towers with Radar,0,15,16,0,31,0,0,32,0,32,0,15,48,0,63,24,0,24,87
12/26/2022,CRQ,CA,AWP,WE,Towers with Radar,0,25,99,0,124,0,0,145,0,145,0,25,244,0,269,122,0,122,391
12/27/2022,CRQ,CA,AWP,WE,Towers with Radar,0,17,81,0,98,0,0,76,0,76,0,17,157,0,174,50,0,50,224
12/28/2022,CRQ,CA,AWP,WE,Towers with Radar,0,31,105,0,136,0,0,42,1,43,0,31,147,1,179,157,0,157,336
12/29/2022,CRQ,CA,AWP,WE,Towers with Radar,0,23,80,0,103,0,0,41,0,41,0,23,121,0,144,168,0,168,312
12/30/2022,CRQ,CA,AWP,WE,Towers with Radar,0,23,139,0,162,0,0,16,0,16,0,23,155,0,178,51,0,51,229
12/31/2022,CRQ,CA,AWP,WE,Towers with Radar,0,8,44,0,52,0,0,0,0,0,0,8,44,0,52,4,0,4,56
01/01/2023,CRQ,CA,AWP,WE,Towers with Radar,0,19,42,0,61,0,0,0,0,0,0,19,42,0,61,0,0,0,61
01/02/2023,CRQ,CA,AWP,WE,Towers with Radar,0,30,116,3,149,0,0,80,0,80,0,30,196,3,229,121,0,121,350
01/03/2023,CRQ,CA,AWP,WE,Towers with Radar,0,13,54,0,67,0,0,0,0,0,0,13,54,0,67,0,0,0,67
01/04/2023,CRQ,CA,AWP,WE,Towers with Radar,0,17,87,3,107,0,0,1,0,1,0,17,88,3,108,0,0,0,108
01/05/2023,CRQ,CA,AWP,WE,Towers with Radar,0,11,51,0,62,0,0,0,0,0,0,11,51,0,62,0,0,0,62
01/06/2023,CRQ,CA,AWP,WE,Towers with Radar,0,27,69,0,96,0,0,241,0,241,0,27,310,0,337,169,0,169,506
01/07/2023,CRQ,CA,AWP,WE,Towers with Radar,0,12,81,0,93,0,0,207,0,207,0,12,288,0,300,184,0,184,484
01/08/2023,CRQ,CA,AWP,WE,Towers with Radar,0,37,78,0,115,0,0,187,0,187,0,37,265,0,302,144,0,144,446
01/09/2023,CRQ,CA,AWP,WE,Towers with Radar,0,26,64,0,90,0,0,103,0,103,0,26,167,0,193,221,0,221,414
01/10/2023,CRQ,CA,AWP,WE,Towers with Radar,0,15,33,0,48,0,0,0,0,0,0,15,33,0,48,0,0,0,48
01/11/2023,CRQ,CA,AWP,WE,Towers with Radar,0,25,81,2,108,0,0,215,0,215,0,25,296,2,323,242,0,242,565
01/12/2023,CRQ,CA,AWP,WE,Towers with Radar,0,17,83,0,100,0,0,176,0,176,0,17,259,0,276,220,0,220,496
01/13/2023,CRQ,CA,AWP,WE,Towers with Radar,0,21,77,0,98,0,0,199,0,199,0,21,276,0,297,146,0,146,443
01/14/2023,CRQ,CA,AWP,WE,Towers with Radar,0,6,48,0,54,0,0,17,0,17,0,6,65,0,71,92,0,92,163
01/15/2023,CRQ,CA,AWP,WE,Towers with Radar,0,13,50,3,66,0,0,8,0,8,0,13,58,3,74,48,0,48,122
01/16/2023,CRQ,CA,AWP,WE,Towers with Radar,0,24,44,4,72,0,0,9,0,9,0,24,53,4,81,12,0,12,93
01/17/2023,CRQ,CA,AWP,WE,Towers with Radar,0,26,84,0,110,0,0,139,0,139,0,26,223,0,249,219,0,219,468
01/18/2023,CRQ,CA,AWP,WE,Towers with Radar,0,14,79,0,93,0,0,161,0,161,0,14,240,0,254,194,0,194,448
01/19/2023,CRQ,CA,AWP,WE,Towers with Radar,0,19,64,0,83,0,0,121,0,121,0,19,185,0,204,145,0,145,349
01/20/2023,CRQ,CA,AWP,WE,Towers with Radar,0,36,68,0,104,0,0,252,0,252,0,36,320,0,356,215,0,215,571
01/21/2023,CRQ,CA,AWP,WE,Towers with Radar,0,21,45,0,66,0,0,197,0,197,0,21,242,0,263,131,0,131,394
01/22/2023,CRQ,CA,AWP,WE,Towers with Radar,0,26,66,0,92,0,0,158,0,158,0,26,224,0,250,225,0,225,475
01/23/2023,CRQ,CA,AWP,WE,Towers with Radar,0,19,38,0,57,0,0,129,0,129,0,19,167,0,186,127,0,127,313
01/24/2023,CRQ,CA,AWP,WE,Towers with Radar,0,14,59,0,73,0,0,2,0,2,0,14,61,0,75,0,0,0,75
01/25/2023,CRQ,CA,AWP,WE,Towers with Radar,0,17,58,0,75,0,1,3,0,4,0,18,61,0,79,0,0,0,79
01/26/2023,CRQ,CA,AWP,WE,Towers with Radar,0,20,61,0,81,0,1,113,0,114,0,21,174,0,195,113,0,113,308
01/27/2023,CRQ,CA,AWP,WE,Towers with Radar,0,22,72,0,94,0,0,194,0,194,0,22,266,0,288,149,0,149,437
01/28/2023,CRQ,CA,AWP,WE,Towers with Radar,0,23,64,0,87,0,0,137,0,137,0,23,201,0,224,209,0,209,433
01/29/2023,CRQ,CA,AWP,WE,Towers with Radar,0,31,60,0,91,0,0,7,0,7,0,31,67,0,98,16,0,16,114
01/30/2023,CRQ,CA,AWP,WE,Towers with Radar,0,14,54,0,68,0,0,16,0,16,0,14,70,0,84,7,2,9,93
01/31/2023,CRQ,CA,AWP,WE,Towers with Radar,0,11,78,0,89,0,0,143,0,143,0,11,221,0,232,260,0,260,492
02/01/2023,CRQ,CA,AWP,WE,Towers with Radar,0,26,83,0,109,0,0,178,0,178,0,26,261,0,287,218,0,218,505
02/02/2023,CRQ,CA,AWP,WE,Towers with Radar,0,22,105,0,127,0,0,213,0,213,0,22,318,0,340,269,4,273,613
02/03/2023,CRQ,CA,AWP,WE,Towers with Radar,0,27,60,0,87,0,0,170,0,170,0,27,230,0,257,207,0,207,464
02/04/2023,CRQ,CA,AWP,WE,Towers with Radar,0,21,71,0,92,0,0,192,0,192,0,21,263,0,284,120,0,120,404
02/05/2023,CRQ,CA,AWP,WE,Towers with Radar,0,25,100,2,127,0,0,61,0,61,0,25,161,2,188,63,0,63,251
02/06/2023,CRQ,CA,AWP,WE,Towers with Radar,0,25,90,1,116,0,0,164,0,164,0,25,254,1,280,156,0,156,436
02/07/2023,CRQ,CA,AWP,WE,Towers with Radar,0,14,70,1,85,0,1,184,0,185,0,15,254,1,270,290,0,290,560
02/08/2023,CRQ,CA,AWP,WE,Towers with Radar,0,20,116,0,136,0,0,153,0,153,0,20,269,0,289,227,0,227,516
02/09/2023,CRQ,CA,AWP,WE,Towers with Radar,0,19,88,1,108,0,0,193,0,193,0,19,281,1,301,222,2,224,525
02/10/2023,CRQ,CA,AWP,WE,Towers with Radar,0,31,90,1,122,0,0,217,0,217,0,31,307,1,339,263,0,263,602
02/11/2023,CRQ,CA,AWP,WE,Towers with Radar,0,15,115,0,130,0,0,82,0,82,0,15,197,0,212,179,0,179,391
02/12/2023,CRQ,CA,AWP,WE,Towers with Radar,0,27,74,0,101,0,0,120,0,120,0,27,194,0,221,171,0,171,392
02/13/2023,CRQ,CA,AWP,WE,Towers with Radar,0,23,110,0,133,0,1,133,0,134,0,24,243,0,267,215,0,215,482
02/14/2023,CRQ,CA,AWP,WE,Towers with Radar,0,11,56,9,76,0,0,12,0,12,0,11,68,9,88,52,0,52,140
02/15/2023,CRQ,CA,AWP,WE,Towers with Radar,0,19,87,2,108,0,0,182,0,182,0,19,269,2,290,183,0,183,473
02/16/2023,CRQ,CA,AWP,WE,Towers with Radar,0,20,81,0,101,0,0,200,0,200,0,20,281,0,301,243,2,245,546
02/17/2023,CRQ,CA,AWP,WE,Towers with Radar,0,22,111,0,133,0,0,185,0,185,0,22,296,0,318,305,0,305,623
02/18/2023,CRQ,CA,AWP,WE,Towers with Radar,0,37,94,0,131,0,0,196,0,196,0,37,290,0,327,178,0,178,505
02/19/2023,CRQ,CA,AWP,WE,Towers with Radar,0,27,58,0,85,0,0,197,0,197,0,27,255,0,282,138,0,138,420
02/20/2023,CRQ,CA,AWP,WE,Towers with Radar,0,21,101,0,122,0,0,252,0,252,0,21,353,0,374,279,0,279,653
02/21/2023,CRQ,CA,AWP,WE,Towers with Radar,0,21,61,2,84,0,0,55,0,55,0,21,116,2,139,138,0,138,277
02/22/2023,CRQ,CA,AWP,WE,Towers with Radar,0,5,35,0,40,0,0,6,3,9,0,5,41,3,49,16,0,16,65
02/23/2023,CRQ,CA,AWP,WE,Towers with Radar,0,19,54,0,73,0,0,4,0,4,0,19,58,0,77,138,1,139,216
02/24/2023,CRQ,CA,AWP,WE,Towers with Radar,0,9,44,2,55,0,0,29,0,29,0,9,73,2,84,40,0,40,124
02/25/2023,CRQ,CA,AWP,WE,Towers with Radar,0,15,55,0,70,0,0,2,0,2,0,15,57,0,72,18,0,18,90
02/26/2023,CRQ,CA,AWP,WE,Towers with Radar,0,22,106,0,128,0,0,72,0,72,0,22,178,0,200,195,0,195,395
02/27/2023,CRQ,CA,AWP,WE,Towers with Radar,0,8,66,2,76,0,0,108,0,108,0,8,174,2,184,309,0,309,493
02/28/2023,CRQ,CA,AWP,WE,Towers with Radar,0,16,79,0,95,0,0,62,2,64,0,16,141,2,159,294,0,294,453
03/01/2023,CRQ,CA,AWP,WE,Towers with Radar,0,15,51,0,66,0,0,6,0,6,0,15,57,0,72,73,0,73,145
03/02/2023,CRQ,CA,AWP,WE,Towers with Radar,0,40,119,4,163,0,0,303,0,303,0,40,422,4,466,270,0,270,736
03/03/2023,CRQ,CA,AWP,WE,Towers with Radar,0,39,91,1,131,0,0,230,0,230,0,39,321,1,361,272,0,272,633
03/04/2023,CRQ,CA,AWP,WE,Towers with Radar,0,20,84,0,104,0,0,58,0,58,0,20,142,0,162,299,0,299,461
03/05/2023,CRQ,CA,AWP,WE,Towers with Radar,0,34,102,0,136,0,1,115,0,116,0,35,217,0,252,149,0,149,401
03/06/2023,CRQ,CA,AWP,WE,Towers with Radar,0,20,83,0,103,0,0,159,0,159,0,20,242,0,262,301,0,301,563
03/07/2023,CRQ,CA,AWP,WE,Towers with Radar,0,29,70,7,106,0,0,220,2,222,0,29,290,9,328,201,2,203,531
03/08/2023,CRQ,CA,AWP,WE,Towers with Radar,0,26,70,0,96,0,0,4,0,4,0,26,74,0,100,0,0,0,100
03/09/2023,CRQ,CA,AWP,WE,Towers with Radar,0,26,71,2,99,0,0,223,0,223,0,26,294,2,322,242,0,242,564
03/10/2023,CRQ,CA,AWP,WE,Towers with Radar,0,15,105,1,121,0,0,21,0,21,0,15,126,1,142,129,0,129,271
03/11/2023,CRQ,CA,AWP,WE,Towers with Radar,0,21,56,0,77,0,0,0,0,0,0,21,56,0,77,0,0,0,77
03/12/2023,CRQ,CA,AWP,WE,Towers with Radar,0,21,96,1,118,0,0,2,0,2,0,21,98,1,120,0,0,0,120
03/13/2023,CRQ,CA,AWP,WE,Towers with Radar,0,23,68,0,91,0,0,2,0,2,0,23,70,0,93,0,0,0,93
03/14/2023,CRQ,CA,AWP,WE,Towers with Radar,0,24,53,0,77,0,0,9,0,9,0,24,62,0,86,42,0,42,128
03/15/2023,CRQ,CA,AWP,WE,Towers with Radar,0,18,58,0,76,0,0,0,0,0,0,18,58,0,76,0,0,0,76
03/16/2023,CRQ,CA,AWP,WE,Towers with Radar,0,50,156,4,210,0,0,161,0,161,0,50,317,4,371,403,0,403,774
03/17/2023,CRQ,CA,AWP,WE,Towers with Radar,0,34,74,2,110,0,0,196,0,196,0,34,270,2,306,302,0,302,608
03/18/2023,CRQ,CA,AWP,WE,Towers with Radar,0,46,56,0,102,0,0,226,0,226,0,46,282,0,328,134,0,134,462
03/19/2023,CRQ,CA,AWP,WE,Towers with Radar,0,37,86,0,123,0,0,2,0,2,0,37,88,0,125,0,0,0,125
03/20/2023,CRQ,CA,AWP,WE,Towers with Radar,0,16,72,0,88,0,0,6,0,6,0,16,78,0,94,53,0,53,147
03/21/2023,CRQ,CA,AWP,WE,Towers with Radar,0,13,49,0,62,0,0,4,1,5,0,13,53,1,67,13,0,13,80
03/22/2023,CRQ,CA,AWP,WE,Towers with Radar,0,22,69,0,91,0,0,2,0,2,0,22,71,0,93,0,0,0,93
03/23/2023,CRQ,CA,AWP,WE,Towers with Radar,0,35,111,0,146,0,0,74,0,74,0,35,185,0,220,230,0,230,450
03/24/2023,CRQ,CA,AWP,WE,Towers with Radar,0,50,92,0,142,0,0,255,0,255,0,50,347,0,397,267,0,267,664
03/25/2023,CRQ,CA,AWP,WE,Towers with Radar,0,36,78,0,114,0,3,2,0,5,0,39,80,0,119,0,0,0,119
03/26/2023,CRQ,CA,AWP,WE,Towers with Radar,0,52,109,0,161,0,1,264,0,265,0,53,373,0,426,226,0,226,652
03/27/2023,CRQ,CA,AWP,WE,Towers with Radar,0,32,73,0,105,0,0,262,0,262,0,32,335,0,367,253,0,253,620
03/28/2023,CRQ,CA,AWP,WE,Towers with Radar,0,46,69,0,115,0,2,319,0,321,0,48,388,0,436,318,0,318,754
03/29/2023,CRQ,CA,AWP,WE,Towers with Radar,0,22,54,2,78,0,0,15,0,15,0,22,69,2,93,82,0,82,175
03/30/2023,CRQ,CA,AWP,WE,Towers with Radar,0,25,75,1,101,0,1,50,0,51,0,26,125,1,152,221,0,221,373
03/31/2023,CRQ,CA,AWP,WE,Towers with Radar,0,31,79,3,113,0,0,200,0,200,0,31,279,3,313,217,0,217,530
04/01/2023,CRQ,CA,AWP,WE,Towers with Radar,0,35,61,0,96,0,0,196,0,196,0,35,257,0,292,133,0,133,425
04/02/2023,CRQ,CA,AWP,WE,Towers with Radar,0,21,89,0,110,0,1,163,0,164,0,22,252,0,274,180,0,180,454
04/03/2023,CRQ,CA,AWP,WE,Towers with Radar,0,25,68,0,93,0,2,77,0,79,0,27,145,0,172,178,0,178,350
04/04/2023,CRQ,CA,AWP,WE,Towers with Radar,0,30,47,0,77,0,9,239,0,248,0,39,286,0,325,283,0,283,608
04/05/2023,CRQ,CA,AWP,WE,Towers with Radar,0,34,70,0,104,0,4,267,2,273,0,38,337,2,377,329,0,329,706
04/06/2023,CRQ,CA,AWP,WE,Towers with Radar,0,26,72,0,98,0,8,207,0,215,0,34,279,0,313,211,0,211,524
04/07/2023,CRQ,CA,AWP,WE,Towers with Radar,0,18,75,0,93,0,1,247,0,248,0,19,322,0,341,210,0,210,551
04/08/2023,CRQ,CA,AWP,WE,Towers with Radar,0,24,50,0,74,0,0,180,0,180,0,24,230,0,254,171,0,171,425
04/09/2023,CRQ,CA,AWP,WE,Towers with Radar,0,23,48,2,73,0,1,20,0,21,0,24,68,2,94,0,0,0,94
04/10/2023,CRQ,CA,AWP,WE,Towers with Radar,0,31,90,1,122,0,0,98,0,98,0,31,188,1,220,97,0,97,317
04/11/2023,CRQ,CA,AWP,WE,Towers with Radar,1,17,100,0,118,0,7,56,0,63,1,24,156,0,181,46,0,46,227
04/12/2023,CRQ,CA,AWP,WE,Towers with Radar,0,22,131,4,157,0,0,1,0,1,0,22,132,4,158,2,0,2,160
04/13/2023,CRQ,CA,AWP,WE,Towers with Radar,0,28,111,4,143,0,0,0,0,0,0,28,111,4,143,0,0,0,143
04/14/2023,CRQ,CA,AWP,WE,Towers with Radar,0,47,109,2,158,0,1,154,0,155,0,48,263,2,313,316,0,316,629
04/15/2023,CRQ,CA,AWP,WE,Towers with Radar,0,21,83,0,104,0,1,243,0,244,0,22,326,0,348,154,0,154,502
04/16/2023,CRQ,CA,AWP,WE,Towers with Radar,0,38,135,4,177,0,3,9,0,12,0,41,144,4,189,2,0,2,191
04/17/2023,CRQ,CA,AWP,WE,Towers with Radar,0,22,138,7,167,0,3,20,0,23,0,25,158,7,190,12,0,12,202
04/18/2023,CRQ,CA,AWP,WE,Towers with Radar,0,27,152,1,180,0,1,93,2,96,0,28,245,3,276,298,0,298,574
04/19/2023,CRQ,CA,AWP,WE,Towers with Radar,0,30,94,0,124,0,1,271,0,272,0,31,365,0,396,353,0,353,749
04/20/2023,CRQ,CA,AWP,WE,Towers with Radar,0,37,101,3,141,0,8,254,0,262,0,45,355,3,403,269,0,269,672
04/21/2023,CRQ,CA,AWP,WE,Towers with Radar,0,51,87,0,138,0,1,235,0,236,0,52,322,0,374,180,0,180,554
04/22/2023,CRQ,CA,AWP,WE,Towers with Radar,0,36,83,0,119,0,3,267,0,270,0,39,350,0,389,135,0,135,524
04/23/2023,CRQ,CA,AWP,WE,Towers with Radar,0,40,81,0,121,0,0,137,0,137,0,40,218,0,258,100,0,100,358
04/24/2023,CRQ,CA,AWP,WE,Towers with Radar,0,40,108,0,148,0,2,77,1,80,0,42,185,1,228,338,0,338,566
04/25/2023,CRQ,CA,AWP,WE,Towers with Radar,0,33,122,2,157,0,1,3,0,4,0,34,125,2,161,0,0,0,161
04/26/2023,CRQ,CA,AWP,WE,Towers with Radar,0,30,112,1,143,0,1,101,0,102,0,31,213,1,245,142,0,142,387
04/27/2023,CRQ,CA,AWP,WE,Towers with Radar,0,24,108,1,133,0,2,79,0,81,0,26,187,1,214,95,0,95,309
04/28/2023,CRQ,CA,AWP,WE,Towers with Radar,0,31,112,1,144,0,0,42,0,42,0,31,154,1,186,26,0,26,212
04/29/2023,CRQ,CA,AWP,WE,Towers with Radar,0,23,101,0,124,0,0,33,0,33,0,23,134,0,157,32,0,32,189
04/30/2023,CRQ,CA,AWP,WE,Towers with Radar,0,32,110,1,143,0,3,7,0,10,0,35,117,1,153,0,0,0,153
05/01/2023,CRQ,CA,AWP,WE,Towers with Radar,0,25,116,2,143,0,2,70,0,72,0,27,186,2,215,319,0,319,534
05/02/2023,CRQ,CA,AWP,WE,Towers with Radar,0,27,92,4,123,0,3,150,1,154,0,30,242,5,277,389,0,389,666
05/03/2023,CRQ,CA,AWP,WE,Towers with Radar,0,31,86,1,118,0,6,134,1,141,0,37,220,2,259,367,0,367,626
05/04/2023,CRQ,CA,AWP,WE,Towers with Radar,0,38,73,0,111,0,0,44,0,44,0,38,117,0,155,237,2,239,394
05/05/2023,CRQ,CA,AWP,WE,Towers with Radar,0,61,94,0,155,0,2,89,0,91,0,63,183,0,246,376,0,376,622
05/06/2023,CRQ,CA,AWP,WE,Towers with Radar,0,29,45,0,74,0,2,181,0,183,0,31,226,0,257,222,0,222,479
05/07/2023,CRQ,CA,AWP,WE,Towers with Radar,0,49,77,0,126,0,1,192,0,193,0,50,269,0,319,186,0,186,505
05/08/2023,CRQ,CA,AWP,WE,Towers with Radar,0,39,61,1,101,0,0,155,0,155,0,39,216,1,256,214,0,214,470
05/09/2023,CRQ,CA,AWP,WE,Towers with Radar,0,25,83,2,110,0,0,95,0,95,0,25,178,2,205,193,0,193,398
05/10/2023,CRQ,CA,AWP,WE,Towers with Radar,0,29,117,4,150,0,0,180,0,180,0,29,297,4,330,214,0,214,544
05/11/2023,CRQ,CA,AWP,WE,Towers with Radar,0,43,108,4,155,0,2,138,1,141,0,45,246,5,296,158,0,158,454
05/12/2023,CRQ,CA,AWP,WE,Towers with Radar,0,30,127,3,160,0,2,80,0,82,0,32,207,3,242,142,0,142,384
05/13/2023,CRQ,CA,AWP,WE,Towers with Radar,0,26,114,1,141,0,0,21,0,21,0,26,135,1,162,2,0,2,164
05/14/2023,CRQ,CA,AWP,WE,Towers with Radar,0,28,81,4,113,0,1,31,0,32,0,29,112,4,145,23,0,23,168
05/15/2023,CRQ,CA,AWP,WE,Towers with Radar,0,28,120,1,149,0,0,19,0,19,0,28,139,1,168,10,0,10,178
05/16/2023,CRQ,CA,AWP,WE,Towers with Radar,0,38,95,1,134,1,3,108,0,112,1,41,203,1,246,162,0,162,408
05/17/2023,CRQ,CA,AWP,WE,Towers with Radar,0,26,137,1,164,0,3,15,0,18,0,29,152,1,182,0,0,0,182
05/18/2023,CRQ,CA,AWP,WE,Towers with Radar,0,36,125,1,162,0,1,56,0,57,0,37,181,1,219,86,0,86,305
05/19/2023,CRQ,CA,AWP,WE,Towers with Radar,0,28,137,1,166,0,1,15,0,16,0,29,152,1,182,38,0,38,220
05/20/2023,CRQ,CA,AWP,WE,Towers with Radar,0,15,118,2,135,0,1,9,0,10,0,16,127,2,145,0,0,0,145
05/21/2023,CRQ,CA,AWP,WE,Towers with Radar,0,32,128,0,160,0,1,22,0,23,0,33,150,0,183,10,0,10,193
05/22/2023,CRQ,CA,AWP,WE,Towers with Radar,0,14,107,0,121,0,0,7,0,7,0,14,114,0,128,0,0,0,128
05/23/2023,CRQ,CA,AWP,WE,Towers with Radar,0,21,117,0,138,0,0,3,0,3,0,21,120,0,141,12,0,12,153
05/24/2023,CRQ,CA,AWP,WE,Towers with Radar,0,40,155,3,198,0,0,63,2,65,0,40,218,5,263,177,4,181,444
05/25/2023,CRQ,CA,AWP,WE,Towers with Radar,0,43,129,0,172,0,0,133,0,133,0,43,262,0,305,320,0,320,625
05/26/2023,CRQ,CA,AWP,WE,Towers with Radar,0,45,114,0,159,0,0,3,0,3,0,45,117,0,162,0,0,0,162
05/27/2023,CRQ,CA,AWP,WE,Towers with Radar,0,28,93,0,121,0,0,3,0,3,0,28,96,0,124,0,0,0,124
05/28/2023,CRQ,CA,AWP,WE,Towers with Radar,0,28,84,0,112,0,0,27,0,27,0,28,111,0,139,147,0,147,286
05/29/2023,CRQ,CA,AWP,WE,Towers with Radar,0,39,117,1,157,0,1,25,0,26,0,40,142,1,183,25,0,25,208
05/30/2023,CRQ,CA,AWP,WE,Towers with Radar,0,32,122,3,157,0,1,67,1,69,0,33,189,4,226,226,0,226,452
05/31/2023,CRQ,CA,AWP,WE,Towers with Radar,0,33,104,1,138,7,2,78,4,91,7,35,182,5,229,322,0,322,551
06/01/2023,CRQ,CA,AWP,WE,Towers with Radar,0,37,162,0,199,0,0,55,0,55,0,37,217,0,254,136,0,136,390
06/02/2023,CRQ,CA,AWP,WE,Towers with Radar,0,33,110,1,144,0,1,85,0,86,0,34,195,1,230,94,0,94,324
06/03/2023,CRQ,CA,AWP,WE,Towers with Radar,0,42,102,2,146,0,1,51,0,52,0,43,153,2,198,97,0,97,295
06/04/2023,CRQ,CA,AWP,WE,Towers with Radar,0,51,112,0,163,0,3,73,0,76,0,54,185,0,239,95,0,95,334
06/05/2023,CRQ,CA,AWP,WE,Towers with Radar,0,23,111,4,138,0,1,80,1,82,0,24,191,5,220,203,0,203,423
06/06/2023,CRQ,CA,AWP,WE,Towers with Radar,0,37,85,2,124,0,2,144,0,146,0,39,229,2,270,279,0,279,549
06/07/2023,CRQ,CA,AWP,WE,Towers with Radar,0,34,111,0,145,0,1,165,3,169,0,35,276,3,314,388,0,388,702
06/08/2023,CRQ,CA,AWP,WE,Towers with Radar,0,46,104,1,151,0,0,158,0,158,0,46,262,1,309,171,0,171,480
06/09/2023,CRQ,CA,AWP,WE,Towers with Radar,0,38,130,2,170,0,1,90,0,91,0,39,220,2,261,239,0,239,500
06/10/2023,CRQ,CA,AWP,WE,Towers with Radar,0,32,97,2,131,0,1,17,0,18,0,33,114,2,149,18,0,18,167
06/11/2023,CRQ,CA,AWP,WE,Towers with Radar,0,22,106,0,128,0,0,12,0,12,0,22,118,0,140,58,0,58,198
06/12/2023,CRQ,CA,AWP,WE,Towers with Radar,0,28,111,3,142,0,6,106,0,112,0,34,217,3,254,238,0,238,492
06/13/2023,CRQ,CA,AWP,WE,Towers with Radar,0,30,103,6,139,0,1,5,0,6,0,31,108,6,145,0,0,0,145
06/14/2023,CRQ,CA,AWP,WE,Towers with Radar,0,44,136,2,182,0,1,3,0,4,0,45,139,2,186,0,0,0,186
06/15/2023,CRQ,CA,AWP,WE,Towers with Radar,0,22,140,1,163,0,1,68,0,69,0,23,208,1,232,148,1,149,381
06/16/2023,CRQ,CA,AWP,WE,Towers with Radar,0,30,119,0,149,0,0,4,0,4,0,30,123,0,153,0,0,0,153
06/17/2023,CRQ,CA,AWP,WE,Towers with Radar,0,19,88,1,108,0,1,7,0,8,0,20,95,1,116,0,0,0,116
06/18/2023,CRQ,CA,AWP,WE,Towers with Radar,0,25,107,4,136,0,1,21,0,22,0,26,128,4,158,7,0,7,165
06/19/2023,CRQ,CA,AWP,WE,Towers with Radar,0,40,122,1,163,0,0,140,0,140,0,40,262,1,303,227,0,227,530
06/20/2023,CRQ,CA,AWP,WE,Towers with Radar,0,39,58,0,97,0,0,0,0,0,0,39,58,0,97,0,0,0,97
06/21/2023,CRQ,CA,AWP,WE,Towers with Radar,0,35,65,0,100,0,0,3,0,3,0,35,68,0,103,0,0,0,103
06/22/2023,CRQ,CA,AWP,WE,Towers with Radar,0,21,83,0,104,0,0,3,0,3,0,21,86,0,107,0,0,0,107
06/23/2023,CRQ,CA,AWP,WE,Towers with Radar,0,30,99,0,129,0,2,199,0,201,0,32,298,0,330,244,0,244,574
06/24/2023,CRQ,CA,AWP,WE,Towers with Radar,0,38,60,0,98,0,0,186,0,186,0,38,246,0,284,155,0,155,439
06/25/2023,CRQ,CA,AWP,WE,Towers with Radar,0,33,72,0,105,0,1,206,0,207,0,34,278,0,312,180,0,180,492
06/26/2023,CRQ,CA,AWP,WE,Towers with Radar,0,47,66,1,114,0,2,162,0,164,0,49,228,1,278,258,0,258,536
06/27/2023,CRQ,CA,AWP,WE,Towers with Radar,0,29,44,0,73,0,1,137,0,138,0,30,181,0,211,144,0,144,355
06/28/2023,CRQ,CA,AWP,WE,Towers with Radar,0,42,92,1,135,0,1,155,0,156,0,43,247,1,291,212,0,212,503
06/29/2023,CRQ,CA,AWP,WE,Towers with Radar,0,38,88,0,126,0,0,166,0,166,0,38,254,0,292,218,0,218,510
06/30/2023,CRQ,CA,AWP,WE,Towers with Radar,0,34,125,0,159,0,0,267,0,267,0,34,392,0,426,141,0,141,567
07/01/2023,CRQ,CA,AWP,WE,Towers with Radar,0,54,82,2,138,0,2,86,0,88,0,56,168,2,226,73,0,73,299
07/02/2023,CRQ,CA,AWP,WE,Towers with Radar,0,32,85,0,117,0,0,76,0,76,0,32,161,0,193,58,0,58,251
07/03/2023,CRQ,CA,AWP,WE,Towers with Radar,0,23,76,0,99,0,1,19,1,21,0,24,95,1,120,0,0,0,120
07/04/2023,CRQ,CA,AWP,WE,Towers with Radar,0,13,38,0,51,0,0,95,0,95,0,13,133,0,146,193,0,193,339
07/05/2023,CRQ,CA,AWP,WE,Towers with Radar,0,26,53,0,79,0,0,2,0,2,0,26,55,0,81,0,0,0,81
07/06/2023,CRQ,CA,AWP,WE,Towers with Radar,0,32,58,0,90,0,0,0,0,0,0,32,58,0,90,0,0,0,90
07/07/2023,CRQ,CA,AWP,WE,Towers with Radar,0,46,57,0,103,0,0,173,0,173,0,46,230,0,276,248,0,248,524
07/08/2023,CRQ,CA,AWP,WE,Towers with Radar,0,39,83,0,122,0,1,183,0,184,0,40,266,0,306,217,0,217,523
07/09/2023,CRQ,CA,AWP,WE,Towers with Radar,0,38,86,1,125,0,0,160,0,160,0,38,246,1,285,220,0,220,505
07/10/2023,CRQ,CA,AWP,WE,Towers with Radar,0,38,80,1,119,0,1,167,0,168,0,39,247,1,287,178,0,178,465
07/11/2023,CRQ,CA,AWP,WE,Towers with Radar,0,27,85,0,112,0,1,232,0,233,0,28,317,0,345,302,0,302,647
07/12/2023,CRQ,CA,AWP,WE,Towers with Radar,0,39,71,0,110,0,0,214,0,214,0,39,285,0,324,316,0,316,640
07/13/2023,CRQ,CA,AWP,WE,Towers with Radar,0,50,76,2,128,0,1,2,0,3,0,51,78,2,131,0,0,0,131
07/14/2023,CRQ,CA,AWP,WE,Towers with Radar,0,43,67,1,111,0,1,201,0,202,0,44,268,1,313,202,0,202,515
07/15/2023,CRQ,CA,AWP,WE,Towers with Radar,0,43,64,0,107,0,1,170,0,171,0,44,234,0,278,176,0,176,454
07/16/2023,CRQ,CA,AWP,WE,Towers with Radar,0,58,84,0,142,0,1,131,0,132,0,59,215,0,274,149,0,149,423
07/17/2023,CRQ,CA,AWP,WE,Towers with Radar,0,35,75,3,113,0,0,163,0,163,0,35,238,3,276,208,0,208,484
07/18/2023,CRQ,CA,AWP,WE,Towers with Radar,0,30,62,0,92,0,0,201,0,201,0,30,263,0,293,188,0,188,481
07/19/2023,CRQ,CA,AWP,WE,Towers with Radar,2,47,63,0,112,19,0,154,0,173,21,47,217,0,285,270,0,270,555
07/20/2023,CRQ,CA,AWP,WE,Towers with Radar,0,56,83,0,139,0,0,201,0,201,0,56,284,0,340,176,0,176,516
07/21/2023,CRQ,CA,AWP,WE,Towers with Radar,0,29,98,0,127,0,0,4,0,4,0,29,102,0,131,0,0,0,131
07/22/2023,CRQ,CA,AWP,WE,Towers with Radar,0,27,69,0,96,0,0,0,0,0,0,27,69,0,96,0,0,0,96
07/23/2023,CRQ,CA,AWP,WE,Towers with Radar,0,39,94,0,133,0,0,53,0,53,0,39,147,0,186,76,0,76,262
07/24/2023,CRQ,CA,AWP,WE,Towers with Radar,0,30,116,1,147,0,1,85,0,86,0,31,201,1,233,51,0,51,284
07/25/2023,CRQ,CA,AWP,WE,Towers with Radar,0,26,62,3,91,0,0,0,0,0,0,26,62,3,91,0,0,0,91
07/26/2023,CRQ,CA,AWP,WE,Towers with Radar,0,28,56,0,84,0,0,0,0,0,0,28,56,0,84,0,0,0,84
07/27/2023,CRQ,CA,AWP,WE,Towers with Radar,0,40,65,0,105,0,0,2,0,2,0,40,67,0,107,0,0,0,107
07/28/2023,CRQ,CA,AWP,WE,Towers with Radar,0,34,95,2,131,0,0,3,0,3,0,34,98,2,134,0,0,0,134
07/29/2023,CRQ,CA,AWP,WE,Towers with Radar,0,24,71,0,95,0,2,136,0,138,0,26,207,0,233,132,0,132,365
07/30/2023,CRQ,CA,AWP,WE,Towers with Radar,0,34,97,1,132,0,4,132,0,136,0,38,229,1,268,166,0,166,434
07/31/2023,CRQ,CA,AWP,WE,Towers with Radar,0,26,63,1,90,0,0,2,0,2,0,26,65,1,92,0,0,0,92
08/01/2023,CRQ,CA,AWP,WE,Towers with Radar,0,32,56,0,88,0,0,247,0,247,0,32,303,0,335,344,0,344,679
08/02/2023,CRQ,CA,AWP,WE,Towers with Radar,0,33,82,1,116,0,0,185,0,185,0,33,267,1,301,250,0,250,551
08/03/2023,CRQ,CA,AWP,WE,Towers with Radar,0,48,75,1,124,0,0,203,0,203,0,48,278,1,327,186,0,186,513
08/04/2023,CRQ,CA,AWP,WE,Towers with Radar,0,41,86,2,129,0,0,204,0,204,0,41,290,2,333,268,0,268,601
08/05/2023,CRQ,CA,AWP,WE,Towers with Radar,0,29,84,0,113,0,1,140,0,141,0,30,224,0,254,98,0,98,352
08/06/2023,CRQ,CA,AWP,WE,Towers with Radar,0,51,80,1,132,0,1,118,0,119,0,52,198,1,251,52,0,52,303
08/07/2023,CRQ,CA,AWP,WE,Towers with Radar,0,31,55,0,86,0,1,175,0,176,0,32,230,0,262,179,0,179,441
08/08/2023,CRQ,CA,AWP,WE,Towers with Radar,0,35,78,0,113,0,3,231,0,234,0,38,309,0,347,285,0,285,632
08/09/2023,CRQ,CA,AWP,WE,Towers with Radar,0,50,82,0,132,0,0,102,0,102,0,50,184,0,234,145,0,145,379
08/10/2023,CRQ,CA,AWP,WE,Towers with Radar,0,34,116,2,152,0,1,91,0,92,0,35,207,2,244,130,0,130,374
08/11/2023,CRQ,CA,AWP,WE,Towers with Radar,0,49,134,3,186,0,0,30,0,30,0,49,164,3,216,36,0,36,252
08/12/2023,CRQ,CA,AWP,WE,Towers with Radar,0,38,113,1,152,0,2,87,0,89,0,40,200,1,241,64,0,64,305
08/13/2023,CRQ,CA,AWP,WE,Towers with Radar,0,34,132,1,167,0,0,79,0,79,0,34,211,1,246,28,0,28,274
08/14/2023,CRQ,CA,AWP,WE,Towers with Radar,0,40,133,2,175,0,0,17,0,17,0,40,150,2,192,0,0,0,192
08/15/2023,CRQ,CA,AWP,WE,Towers with Radar,0,23,91,0,114,0,1,66,0,67,0,24,157,0,181,70,0,70,251
08/16/2023,CRQ,CA,AWP,WE,Towers with Radar,0,19,73,0,92,0,1,201,0,202,0,20,274,0,294,227,0,227,521
08/17/2023,CRQ,CA,AWP,WE,Towers with Radar,0,43,143,0,186,0,2,79,0,81,0,45,222,0,267,30,0,30,297
08/18/2023,CRQ,CA,AWP,WE,Towers with Radar,0,34,88,0,122,0,2,261,0,263,0,36,349,0,385,130,0,130,515
08/19/2023,CRQ,CA,AWP,WE,Towers with Radar,0,22,63,4,89,0,0,89,0,89,0,22,152,4,178,134,0,134,312
08/20/2023,CRQ,CA,AWP,WE,Towers with Radar,0,19,18,0,37,0,0,0,0,0,0,19,18,0,37,0,0,0,37
08/21/2023,CRQ,CA,AWP,WE,Towers with Radar,0,24,74,0,98,0,0,43,0,43,0,24,117,0,141,113,0,113,254
08/22/2023,CRQ,CA,AWP,WE,Towers with Radar,0,16,64,5,85,0,0,181,0,181,0,16,245,5,266,211,0,211,477
08/23/2023,CRQ,CA,AWP,WE,Towers with Radar,0,28,54,4,86,0,2,139,0,141,0,30,193,4,227,222,0,222,449
08/24/2023,CRQ,CA,AWP,WE,Towers with Radar,0,33,65,3,101,0,1,145,0,146,0,34,210,3,247,151,0,151,398
08/25/2023,CRQ,CA,AWP,WE,Towers with Radar,0,40,86,0,126,0,0,169,0,169,0,40,255,0,295,280,0,280,575
08/26/2023,CRQ,CA,AWP,WE,Towers with Radar,0,26,57,2,85,0,0,168,0,168,0,26,225,2,253,192,0,192,445
08/27/2023,CRQ,CA,AWP,WE,Towers with Radar,0,52,63,0,115,0,1,156,0,157,0,53,219,0,272,213,0,213,485
08/28/2023,CRQ,CA,AWP,WE,Towers with Radar,0,21,56,0,77,0,1,206,0,207,0,22,262,0,284,348,0,348,632
08/29/2023,CRQ,CA,AWP,WE,Towers with Radar,0,41,45,0,86,0,2,240,0,242,0,43,285,0,328,332,0,332,660
08/30/2023,CRQ,CA,AWP,WE,Towers with Radar,0,47,62,0,109,0,0,208,0,208,0,47,270,0,317,263,0,263,580
08/31/2023,CRQ,CA,AWP,WE,Towers with Radar,0,30,111,0,141,0,0,131,0,131,0,30,242,0,272,119,0,119,391
